timestamp,station_id,station_name,pm25,temperature,humidity,latitude,longitude
2026-09-12T00:01:17-05:00,PUR_IED_20deJulio_1101_91b1b9,PUR_IED_20deJulio_1101_91b1b9,,,,,
2026-09-12T00:01:17-05:00,PUR_IED_20deJulio_1102_1cfcf9,PUR_IED_20deJulio_1102_1cfcf9,,,,,
2026-09-12T00:01:17-05:00,PUR_IED_20deJulio_Ext_ab60bd,PUR_IED_20deJulio_Ext_ab60bd,,,,,
2026-09-12T00:01:17-05:00,PUR_IED_AgustinFer_Ext_7b9b77,PUR_IED_AgustinFer_Ext_7b9b77,,,,,
2026-09-12T00:01:17-05:00,PUR_IED_AgustinFer_Info2_27b3a7,PUR_IED_AgustinFer_Info2_27b3a7,,,,,
2026-09-12T00:01:17-05:00,PUR_IED_AgustinFer_Sena_54b4eb,PUR_IED_AgustinFer_Sena_54b4eb,,,,,
2026-09-12T00:01:17-05:00,PUR_IED_AlexanderF_1102_caf07b,PUR_IED_AlexanderF_1102_caf07b,,,,,
2026-09-12T00:01:17-05:00,PUR_IED_AlexanderF_1103_c79e71,PUR_IED_AlexanderF_1103_c79e71,,,,,
2026-09-12T00:01:17-05:00,PUR_IED_AlexanderF_Ext_c5b18b,PUR_IED_AlexanderF_Ext_c5b18b,,,,,
2026-09-12T00:01:17-05:00,PUR_IED_AlfonsoLopez_Ext_281d77,PUR_IED_AlfonsoLopez_Ext_281d77,,,,,
2026-09-12T00:01:17-05:00,PUR_IED_AlfonsoLopez_LabF_888ce0,PUR_IED_AlfonsoLopez_LabF_888ce0,,,,,
2026-09-12T00:01:17-05:00,PUR_IED_AlfonsoLopez_SMed_df6a7f,PUR_IED_AlfonsoLopez_SMed_df6a7f,,,,,
2026-09-12T00:01:17-05:00,PUR_IED_AltamiraSO_A2_209f92,PUR_IED_AltamiraSO_A2_209f92,,,,,
2026-09-12T00:01:17-05:00,PUR_IED_AltamiraSO_Ext_186d66,PUR_IED_AltamiraSO_Ext_186d66,,,,,
2026-09-12T00:01:17-05:00,PUR_IED_AltamiraSO_Sistem_27afe1,PUR_IED_AltamiraSO_Sistem_27afe1,,,,,
2026-09-12T00:01:17-05:00,PUR_IED_AlvaroGom_LabQuim_813179,PUR_IED_AlvaroGom_LabQuim_813179,,,,,
2026-09-12T00:01:17-05:00,PUR_IED_AlvaroGomez_Ext_47c7ca,PUR_IED_AlvaroGomez_Ext_47c7ca,,,,,
2026-09-12T00:01:17-05:00,PUR_IED_AlvaroGomez_LabQuim_813179,PUR_IED_AlvaroGomez_LabQuim_813179,,,,,
2026-09-12T00:01:17-05:00,PUR_IED_AlvaroGomez_S23_7ba89f,PUR_IED_AlvaroGomez_S23_7ba89f,,,,,
2026-09-12T00:01:17-05:00,PUR_IED_Amistad_306_dc8728,PUR_IED_Amistad_306_dc8728,,,,,
2026-09-12T00:01:17-05:00,PUR_IED_Amistad_Ext_8cd55e,PUR_IED_Amistad_Ext_8cd55e,,,,,
2026-09-12T00:01:17-05:00,PUR_IED_Amistad_S202_a41169,PUR_IED_Amistad_S202_a41169,,,,,
2026-09-12T00:01:17-05:00,PUR_IED_AndresBello_Bio_fd5f5e,PUR_IED_AndresBello_Bio_fd5f5e,,,,,
2026-09-12T00:01:17-05:00,PUR_IED_AndresBello_ext_dcad65,PUR_IED_AndresBello_ext_dcad65,,,,,
2026-09-12T00:01:17-05:00,PUR_IED_AndresBello_port_eed3ec,PUR_IED_AndresBello_port_eed3ec,,,,,
2026-09-12T00:01:17-05:00,PUR_IED_AngelaR_11b_d90a6b,PUR_IED_AngelaR_11b_d90a6b,,,,,
2026-09-12T00:01:17-05:00,PUR_IED_AngelaR_ext_7cad3e,PUR_IED_AngelaR_ext_7cad3e,4,19,60,4.5825,-74.164497
2026-09-12T00:01:17-05:00,PUR_IED_AntJoseSucre_10mo_df2575,PUR_IED_AntJoseSucre_10mo_df2575,,,,,
2026-09-12T00:01:17-05:00,PUR_IED_AntJoseSucre_Ext_215b36,PUR_IED_AntJoseSucre_Ext_215b36,,,,,
2026-09-12T00:01:17-05:00,PUR_IED_AntJoseSucre_Lab_3139de,PUR_IED_AntJoseSucre_Lab_3139de,,,,,
2026-09-12T00:01:17-05:00,PUR_IED_AntonioGarcia_301_d6b188,PUR_IED_AntonioGarcia_301_d6b188,,,,,
2026-09-12T00:01:17-05:00,PUR_IED_AntonioGarcia_302_88a82,PUR_IED_AntonioGarcia_302_88a82,,,,,
2026-09-12T00:01:17-05:00,PUR_IED_AntonioGarcia_Ext_20950c,PUR_IED_AntonioGarcia_Ext_20950c,,,,,
2026-09-12T00:01:17-05:00,PUR_IED_AntonioVan_Aula2_6dea02,PUR_IED_AntonioVan_Aula2_6dea02,,,,,
2026-09-12T00:01:17-05:00,PUR_IED_AntonioVan_Aula5_f1557e,PUR_IED_AntonioVan_Aula5_f1557e,,,,,
2026-09-12T00:01:17-05:00,PUR_IED_AntonioVan_Ext_406f2f,PUR_IED_AntonioVan_Ext_406f2f,,,,,
2026-09-12T00:01:17-05:00,PUR_IED_Atabanzha_Ext_cc5af9,PUR_IED_Atabanzha_Ext_cc5af9,,,,,
2026-09-12T00:01:17-05:00,PUR_IED_Atabanzha_SA101_56c37,PUR_IED_Atabanzha_SA101_56c37,,,,,
2026-09-12T00:01:17-05:00,PUR_IED_Atabanzha_SB302_27b374,PUR_IED_Atabanzha_SB302_27b374,,,,,
2026-09-12T00:01:17-05:00,PUR_IED_Atahualpa_Ext_fc1748,PUR_IED_Atahualpa_Ext_fc1748,,,,,
2026-09-12T00:01:17-05:00,PUR_IED_Atahualpa_Informa_dc9a95,PUR_IED_Atahualpa_Informa_dc9a95,,,,,
2026-09-12T00:01:17-05:00,PUR_IED_Atahualpa_S1101_f98056,PUR_IED_Atahualpa_S1101_f98056,,,,,
2026-09-12T00:01:17-05:00,PUR_IED_Bellavista_Ext_f5aa74,PUR_IED_Bellavista_Ext_f5aa74,,,,,
2026-09-12T00:01:17-05:00,PUR_IED_Bilbao_11A_916c41,PUR_IED_Bilbao_11A_916c41,,,,,
2026-09-12T00:01:17-05:00,PUR_IED_Bilbao_Ext_fb579a,PUR_IED_Bilbao_Ext_fb579a,,,,,
2026-09-12T00:01:17-05:00,PUR_IED_BrasiliaU_A125_304280,PUR_IED_BrasiliaU_A125_304280,,,,,
2026-09-12T00:01:17-05:00,PUR_IED_BrasiliaU_A203_7c8ca5,PUR_IED_BrasiliaU_A203_7c8ca5,,,,,
2026-09-12T00:01:17-05:00,PUR_IED_BrasiliaU_Ext_8d6e9f,PUR_IED_BrasiliaU_Ext_8d6e9f,5,17,61,4.5175,-74.116302
2026-09-12T00:01:17-05:00,PUR_IED_Brasilia_Ext_fe6593,PUR_IED_Brasilia_Ext_fe6593,,,,,
2026-09-12T00:01:17-05:00,PUR_IED_Brasilia_S24_7c130d,PUR_IED_Brasilia_S24_7c130d,,,,,
2026-09-12T00:01:17-05:00,PUR_IED_Brasilia_S501_186a54,PUR_IED_Brasilia_S501_186a54,,,,,
2026-09-12T00:01:17-05:00,PUR_IED_CHARRY_EXT_f1d5cd,PUR_IED_CHARRY_EXT_f1d5cd,,,,,
2026-09-12T00:01:17-05:00,PUR_IED_CHARRY_INTDANZAS_7a08e6,PUR_IED_CHARRY_INTDANZAS_7a08e6,,,,,
2026-09-12T00:01:17-05:00,PUR_IED_CHARRY_INT_AULA20_dc998d,PUR_IED_CHARRY_INT_AULA20_dc998d,,,,,
2026-09-12T00:01:17-05:00,PUR_IED_COLVIV_1101_S25_7f520a,PUR_IED_COLVIV_1101_S25_7f520a,,,,,
2026-09-12T00:01:17-05:00,PUR_IED_COLVIV_1102_S16_f570ba,PUR_IED_COLVIV_1102_S16_f570ba,,,,,
2026-09-12T00:01:17-05:00,PUR_IED_COLVIV_Ext_1a26fa,PUR_IED_COLVIV_Ext_1a26fa,,,,,
2026-09-12T00:01:17-05:00,PUR_IED_CULPOP_301A_f660f3,PUR_IED_CULPOP_301A_f660f3,,,,,
2026-09-12T00:01:17-05:00,PUR_IED_CULPOP_303_568afe,PUR_IED_CULPOP_303_568afe,,,,,
2026-09-12T00:01:17-05:00,PUR_IED_CULPOP_Ext_e02ccb,PUR_IED_CULPOP_Ext_e02ccb,,,,,
2026-09-12T00:01:17-05:00,PUR_IED_CVillavicen_Ext_26eb58,PUR_IED_CVillavicen_Ext_26eb58,4,15,75,4.487,-74.102798
2026-09-12T00:01:17-05:00,PUR_IED_CVillavicen_Intel_1ce5c2,PUR_IED_CVillavicen_Intel_1ce5c2,,,,,
2026-09-12T00:01:17-05:00,PUR_IED_CVillavicen_Poliv_e0766c,PUR_IED_CVillavicen_Poliv_e0766c,,,,,
2026-09-12T00:01:17-05:00,PUR_IED_CVillavicen_int_1ba140,PUR_IED_CVillavicen_int_1ba140,,,,,
2026-09-12T00:01:17-05:00,PUR_IED_CVillavicen_intel_1ba140,PUR_IED_CVillavicen_intel_1ba140,,,,,
2026-09-12T00:01:17-05:00,PUR_IED_CarlosPizarro_Ext_e307cc,PUR_IED_CarlosPizarro_Ext_e307cc,,,,,
2026-09-12T00:01:17-05:00,PUR_IED_CarlosPizarro_L36_7e5cdb,PUR_IED_CarlosPizarro_L36_7e5cdb,,,,,
2026-09-12T00:01:17-05:00,PUR_IED_CarlosPizarro_L37_c8566c,PUR_IED_CarlosPizarro_L37_c8566c,,,,,
2026-09-12T00:01:17-05:00,PUR_IED_Castilla_Ext_cf35f,PUR_IED_Castilla_Ext_cf35f,,,,,
2026-09-12T00:01:17-05:00,PUR_IED_Castilla_SFisik_360e38,PUR_IED_Castilla_SFisik_360e38,,,,,
2026-09-12T00:01:17-05:00,PUR_IED_Castilla_Sc304_496fbf,PUR_IED_Castilla_Sc304_496fbf,,,,,
2026-09-12T00:01:17-05:00,PUR_IED_CervantesSa_Ext_6b57b,PUR_IED_CervantesSa_Ext_6b57b,4,17,68,4.5128,-74.117203
2026-09-12T00:01:17-05:00,PUR_IED_CervantesSa_S107_225c2b,PUR_IED_CervantesSa_S107_225c2b,,,,,
2026-09-12T00:01:17-05:00,PUR_IED_CervantesSa_S108_940925,PUR_IED_CervantesSa_S108_940925,,,,,
2026-09-12T00:01:17-05:00,PUR_IED_Charry_A20_f53e7c,PUR_IED_Charry_A20_f53e7c,,,,,
2026-09-12T00:01:17-05:00,PUR_IED_Charry_Ext_f1d5cd,PUR_IED_Charry_Ext_f1d5cd,,,,,
2026-09-12T00:01:17-05:00,PUR_IED_Charry_IntAula20_dc998d,PUR_IED_Charry_IntAula20_dc998d,,,,,
2026-09-12T00:01:17-05:00,PUR_IED_Charry_IntDanzas_7a08e6,PUR_IED_Charry_IntDanzas_7a08e6,,,,,
2026-09-12T00:01:17-05:00,PUR_IED_ClememciaC_203_43e2fc,PUR_IED_ClememciaC_203_43e2fc,,,,,
2026-09-12T00:01:17-05:00,PUR_IED_ClememciaC_Ext_1b411a,PUR_IED_ClememciaC_Ext_1b411a,,,,,
2026-09-12T00:01:17-05:00,PUR_IED_ClememciaC_Quimic_44b5fc,PUR_IED_ClememciaC_Quimic_44b5fc,,,,,
2026-09-12T00:01:17-05:00,PUR_IED_ClemenciaC_203_43e2fc,PUR_IED_ClemenciaC_203_43e2fc,,,,,
2026-09-12T00:01:17-05:00,PUR_IED_ClemenciaC_Ext_1b411a,PUR_IED_ClemenciaC_Ext_1b411a,,,,,
2026-09-12T00:01:17-05:00,PUR_IED_ClemenciaC_Quimic_44b5fc,PUR_IED_ClemenciaC_Quimic_44b5fc,,,,,
2026-09-12T00:01:17-05:00,PUR_IED_ColViva_1101_S25_7f520a,PUR_IED_ColViva_1101_S25_7f520a,,,,,
2026-09-12T00:01:17-05:00,PUR_IED_ColViva_1102_S16_f570ba,PUR_IED_ColViva_1102_S16_f570ba,,,,,
2026-09-12T00:01:17-05:00,PUR_IED_ColViva_Ext_1a26fa,PUR_IED_ColViva_Ext_1a26fa,,,,,
2026-09-12T00:01:17-05:00,PUR_IED_ColegioBici_Asist_7c8798,PUR_IED_ColegioBici_Asist_7c8798,,,,,
2026-09-12T00:01:17-05:00,PUR_IED_ColegioBici_Ext_25cbf6,PUR_IED_ColegioBici_Ext_25cbf6,,,,,
2026-09-12T00:01:17-05:00,PUR_IED_ColegioBici_LabQ_7b57db,PUR_IED_ColegioBici_LabQ_7b57db,,,,,
2026-09-12T00:01:17-05:00,PUR_IED_CostaRica_Ext_5e640,PUR_IED_CostaRica_Ext_5e640,,,,,
2026-09-12T00:01:17-05:00,PUR_IED_CostaRica_Quim1_766d1c,PUR_IED_CostaRica_Quim1_766d1c,,,,,
2026-09-12T00:01:17-05:00,PUR_IED_CostaRica__Fisica_6f0873,PUR_IED_CostaRica__Fisica_6f0873,,,,,
2026-09-12T00:01:17-05:00,PUR_IED_CulPopu_301A_f660f3,PUR_IED_CulPopu_301A_f660f3,,,,,
2026-09-12T00:01:17-05:00,PUR_IED_CulPopu_303_568afe,PUR_IED_CulPopu_303_568afe,,,,,
2026-09-12T00:01:17-05:00,PUR_IED_CulPopu_Ext_e02ccb,PUR_IED_CulPopu_Ext_e02ccb,,,,,
2026-09-12T00:01:17-05:00,PUR_IED_Cundinamarca_Ext_f15985,PUR_IED_Cundinamarca_Ext_f15985,,,,,
2026-09-12T00:01:17-05:00,PUR_IED_Cundinamarca_Info_7aa5d7,PUR_IED_Cundinamarca_Info_7aa5d7,,,,,
2026-09-12T00:01:17-05:00,PUR_IED_Cundinamarca_Tec2_f449c7,PUR_IED_Cundinamarca_Tec2_f449c7,,,,,
2026-09-12T00:01:17-05:00,PUR_IED_DiegoM_Aula1_27b314,PUR_IED_DiegoM_Aula1_27b314,,,,,
2026-09-12T00:01:17-05:00,PUR_IED_DiegoM_Ext_d80ac8,PUR_IED_DiegoM_Ext_d80ac8,,,,,
2026-09-12T00:01:17-05:00,PUR_IED_DiegoM_S25_da928f,PUR_IED_DiegoM_S25_da928f,,,,,
2026-09-12T00:01:17-05:00,PUR_IED_ELRODEO_360881,PUR_IED_ELRODEO_360881,,,,,
2026-09-12T00:01:17-05:00,PUR_IED_ELRODEO_ext_360881,PUR_IED_ELRODEO_ext_360881,,,,,
2026-09-12T00:01:17-05:00,PUR_IED_EduardoU_Ext_1c1969,PUR_IED_EduardoU_Ext_1c1969,,,,,
2026-09-12T00:01:17-05:00,PUR_IED_EduardoU_SCiencia_4dfb94,PUR_IED_EduardoU_SCiencia_4dfb94,,,,,
2026-09-12T00:01:17-05:00,PUR_IED_EduardoU_SQuimica_5a46e7,PUR_IED_EduardoU_SQuimica_5a46e7,,,,,
2026-09-12T00:01:17-05:00,PUR_IED_ElRodeo_Aula14_676984,PUR_IED_ElRodeo_Aula14_676984,,,,,
2026-09-12T00:01:17-05:00,PUR_IED_ElRodeo_Aula16_2dd35b,PUR_IED_ElRodeo_Aula16_2dd35b,,,,,
2026-09-12T00:01:17-05:00,PUR_IED_ElRodeo_Ext_360881,PUR_IED_ElRodeo_Ext_360881,,,,,
2026-09-12T00:01:17-05:00,PUR_IED_ElRodeo_Exterior_8c6d28,PUR_IED_ElRodeo_Exterior_8c6d28,,,,,
2026-09-12T00:01:17-05:00,PUR_IED_ElRodeo_ext_360881,PUR_IED_ElRodeo_ext_360881,,,,,
2026-09-12T00:01:17-05:00,PUR_IED_EmmaReyes_Ext_987625,PUR_IED_EmmaReyes_Ext_987625,19,21,54,4.6367,-74.1511
2026-09-12T00:01:17-05:00,PUR_IED_Ensueño_Ext_7f0250,PUR_IED_Ensueño_Ext_7f0250,,,,,
2026-09-12T00:01:17-05:00,PUR_IED_EscNormal_Ext_5fef3b,PUR_IED_EscNormal_Ext_5fef3b,2,18,58,4.5852,-74.096901
2026-09-12T00:01:17-05:00,PUR_IED_EscNormal_S309_5b263,PUR_IED_EscNormal_S309_5b263,,,,,
2026-09-12T00:01:17-05:00,PUR_IED_EscNormal_S310_27b3b8,PUR_IED_EscNormal_S310_27b3b8,,,,,
2026-09-12T00:01:17-05:00,PUR_IED_Evangelista_Conta_f6cd4f,PUR_IED_Evangelista_Conta_f6cd4f,,,,,
2026-09-12T00:01:17-05:00,PUR_IED_Evangelista_Cri_5e16a,PUR_IED_Evangelista_Cri_5e16a,,,,,
2026-09-12T00:01:17-05:00,PUR_IED_Evangelista_Exter_754066,PUR_IED_Evangelista_Exter_754066,,,,,
2026-09-12T00:01:17-05:00,PUR_IED_FMiranda_S209_5cc2a3,PUR_IED_FMiranda_S209_5cc2a3,,,,,
2026-09-12T00:01:17-05:00,PUR_IED_FMiranda_S303_19e344,PUR_IED_FMiranda_S303_19e344,,,,,
2026-09-12T00:01:17-05:00,PUR_IED_FMiranda_ext_f53e7c,PUR_IED_FMiranda_ext_f53e7c,,,,,
2026-09-12T00:01:17-05:00,PUR_IED_FabioLozano_Bibli_1cee05,PUR_IED_FabioLozano_Bibli_1cee05,,,,,
2026-09-12T00:01:17-05:00,PUR_IED_FabioLozano_Ext_6ea285,PUR_IED_FabioLozano_Ext_6ea285,,,,,
2026-09-12T00:01:17-05:00,PUR_IED_FabioLozano_SLudi_f09e1e,PUR_IED_FabioLozano_SLudi_f09e1e,,,,,
2026-09-12T00:01:17-05:00,PUR_IED_FaustinoS_Aula07_27a731,PUR_IED_FaustinoS_Aula07_27a731,,,,,
2026-09-12T00:01:17-05:00,PUR_IED_FaustinoS_Ext_7b936f,PUR_IED_FaustinoS_Ext_7b936f,,,,,
2026-09-12T00:01:17-05:00,PUR_IED_FaustinoS_Fisica_da2c60,PUR_IED_FaustinoS_Fisica_da2c60,,,,,
2026-09-12T00:01:17-05:00,PUR_IED_FeGarciaLo_Ext_dc68ee,PUR_IED_FeGarciaLo_Ext_dc68ee,,,,,
2026-09-12T00:01:17-05:00,PUR_IED_FeGarciaLo_SDanza_f70a59,PUR_IED_FeGarciaLo_SDanza_f70a59,,,,,
2026-09-12T00:01:17-05:00,PUR_IED_FeGarciaLo_SMusic_125cdd,PUR_IED_FeGarciaLo_SMusic_125cdd,,,,,
2026-09-12T00:01:17-05:00,PUR_IED_FederalAlema_Exte_50c345,PUR_IED_FederalAlema_Exte_50c345,,,,,
2026-09-12T00:01:17-05:00,PUR_IED_FederalAlema_S31_f18371,PUR_IED_FederalAlema_S31_f18371,,,,,
2026-09-12T00:01:17-05:00,PUR_IED_FederalAlema_S901_a62cd,PUR_IED_FederalAlema_S901_a62cd,,,,,
2026-09-12T00:01:17-05:00,PUR_IED_FilarmonicaS_A5_f35eb1,PUR_IED_FilarmonicaS_A5_f35eb1,,,,,
2026-09-12T00:01:17-05:00,PUR_IED_FilarmonicaS_Ext_8a3bde,PUR_IED_FilarmonicaS_Ext_8a3bde,,,,,
2026-09-12T00:01:17-05:00,PUR_IED_FilarmonicaS_Spol_406114,PUR_IED_FilarmonicaS_Spol_406114,,,,,
2026-09-12T00:01:17-05:00,PUR_IED_FlorentinoG_A13_d1fa59,PUR_IED_FlorentinoG_A13_d1fa59,,,,,
2026-09-12T00:01:17-05:00,PUR_IED_FlorentinoG_Ext_1ce6ce,PUR_IED_FlorentinoG_Ext_1ce6ce,,,,,
2026-09-12T00:01:17-05:00,PUR_IED_FlorentinoG_Idiom_a66aac,PUR_IED_FlorentinoG_Idiom_a66aac,,,,,
2026-09-12T00:01:17-05:00,PUR_IED_FranciscoMati_Ext_e3869d,PUR_IED_FranciscoMati_Ext_e3869d,,,,,
2026-09-12T00:01:17-05:00,PUR_IED_FranciscoMati_S13_f31c67,PUR_IED_FranciscoMati_S13_f31c67,,,,,
2026-09-12T00:01:17-05:00,PUR_IED_FranciscoMati_S14_97dead,PUR_IED_FranciscoMati_S14_97dead,,,,,
2026-09-12T00:01:17-05:00,PUR_IED_FranciscoPS_Ext_7bfa9a,PUR_IED_FranciscoPS_Ext_7bfa9a,2,20,57,4.5899,-74.110397
2026-09-12T00:01:17-05:00,PUR_IED_FranciscoPS_Infor_fb8f4c,PUR_IED_FranciscoPS_Infor_fb8f4c,,,,,
2026-09-12T00:01:17-05:00,PUR_IED_FranciscoPS_Quimi_94d39c,PUR_IED_FranciscoPS_Quimi_94d39c,,,,,
2026-09-12T00:01:17-05:00,PUR_IED_FranciscoP_LabQ_d7e148,PUR_IED_FranciscoP_LabQ_d7e148,,,,,
2026-09-12T00:01:17-05:00,PUR_IED_FranciscoP_S28_cf9b30,PUR_IED_FranciscoP_S28_cf9b30,,,,,
2026-09-12T00:01:17-05:00,PUR_IED_FranciscoP_ext_e2313,PUR_IED_FranciscoP_ext_e2313,,,,,
2026-09-12T00:01:17-05:00,PUR_IED_FriederichN_Ext_8ac92a,PUR_IED_FriederichN_Ext_8ac92a,,,,,
2026-09-12T00:01:17-05:00,PUR_IED_FriederichN_S301_dd7e5a,PUR_IED_FriederichN_S301_dd7e5a,,,,,
2026-09-12T00:01:17-05:00,PUR_IED_FriederichN_S308_761f4f,PUR_IED_FriederichN_S308_761f4f,,,,,
2026-09-12T00:01:17-05:00,PUR_IED_GSantander_Aula10_533dd7,PUR_IED_GSantander_Aula10_533dd7,,,,,
2026-09-12T00:01:17-05:00,PUR_IED_GSantander_Aula12_fd4e4f,PUR_IED_GSantander_Aula12_fd4e4f,,,,,
2026-09-12T00:01:17-05:00,PUR_IED_GSantander_Aula310_533dd7,PUR_IED_GSantander_Aula310_533dd7,,,,,
2026-09-12T00:01:17-05:00,PUR_IED_GSantander_Aula312_fd4e4f,PUR_IED_GSantander_Aula312_fd4e4f,,,,,
2026-09-12T00:01:17-05:00,PUR_IED_GSantander_Ext_5f66b0,PUR_IED_GSantander_Ext_5f66b0,,,,,
2026-09-12T00:01:17-05:00,PUR_IED_GYomasa_Ext_f6bea5,PUR_IED_GYomasa_Ext_f6bea5,,,,,
2026-09-12T00:01:17-05:00,PUR_IED_GYomasa_LBiol_2c41aa,PUR_IED_GYomasa_LBiol_2c41aa,,,,,
2026-09-12T00:01:17-05:00,PUR_IED_GYomasa_LQuim_33c80,PUR_IED_GYomasa_LQuim_33c80,,,,,
2026-09-12T00:01:17-05:00,PUR_IED_GabBetMejia_Cienc_5a99c,PUR_IED_GabBetMejia_Cienc_5a99c,,,,,
2026-09-12T00:01:17-05:00,PUR_IED_GabBetMejia_Ext_9153d0,PUR_IED_GabBetMejia_Ext_9153d0,,,,,
2026-09-12T00:01:17-05:00,PUR_IED_GabBetMejia_Lab_f55347,PUR_IED_GabBetMejia_Lab_f55347,,,,,
2026-09-12T00:01:17-05:00,PUR_IED_GabBetanMejia_Ext_9153d0,PUR_IED_GabBetanMejia_Ext_9153d0,,,,,
2026-09-12T00:01:17-05:00,PUR_IED_Gaitana_Aula13_7aac11,PUR_IED_Gaitana_Aula13_7aac11,,,,,
2026-09-12T00:01:17-05:00,PUR_IED_Gaitana_Ext_5fcf4,PUR_IED_Gaitana_Ext_5fcf4,,,,,
2026-09-12T00:01:17-05:00,PUR_IED_Gaitana_LabFisica_644448,PUR_IED_Gaitana_LabFisica_644448,,,,,
2026-09-12T00:01:17-05:00,PUR_IED_GenSantander_Dise_8ac858,PUR_IED_GenSantander_Dise_8ac858,,,,,
2026-09-12T00:01:17-05:00,PUR_IED_GenSantander_Ext_8d5dfe,PUR_IED_GenSantander_Ext_8d5dfe,,,,,
2026-09-12T00:01:17-05:00,PUR_IED_GenSantander_Info_6c25b,PUR_IED_GenSantander_Info_6c25b,,,,,
2026-09-12T00:01:17-05:00,PUR_IED_GustavoMo_Exterio_75e63d,PUR_IED_GustavoMo_Exterio_75e63d,,,,,
2026-09-12T00:01:17-05:00,PUR_IED_GustavoMo_LabFisi_224d37,PUR_IED_GustavoMo_LabFisi_224d37,,,,,
2026-09-12T00:01:17-05:00,PUR_IED_GustavoMo_S208_3e6918,PUR_IED_GustavoMo_S208_3e6918,,,,,
2026-09-12T00:01:17-05:00,PUR_IED_GustavoR_A02_8cd4a8,PUR_IED_GustavoR_A02_8cd4a8,,,,,
2026-09-12T00:01:17-05:00,PUR_IED_GustavoR_B11_5b0ed,PUR_IED_GustavoR_B11_5b0ed,,,,,
2026-09-12T00:01:17-05:00,PUR_IED_GustavoR_Ext_7a0c90,PUR_IED_GustavoR_Ext_7a0c90,,,,,
2026-09-12T00:01:17-05:00,PUR_IED_HernandoDuran_Ext_8cd82b,PUR_IED_HernandoDuran_Ext_8cd82b,,,,,
2026-09-12T00:01:17-05:00,PUR_IED_HernandoDuran_S24_2772c6,PUR_IED_HernandoDuran_S24_2772c6,,,,,
2026-09-12T00:01:17-05:00,PUR_IED_HernandoDuran_S30_f2de41,PUR_IED_HernandoDuran_S30_f2de41,,,,,
2026-09-12T00:01:17-05:00,PUR_IED_HolguInUr_S1101_8cd732,PUR_IED_HolguInUr_S1101_8cd732,,,,,
2026-09-12T00:01:17-05:00,PUR_IED_HolguinUr_Exter_ddae6d,PUR_IED_HolguinUr_Exter_ddae6d,,,,,
2026-09-12T00:01:17-05:00,PUR_IED_HolguinUr_LabQuim_92b952,PUR_IED_HolguinUr_LabQuim_92b952,,,,,
2026-09-12T00:01:17-05:00,PUR_IED_Isabel-II_Ext_5245cc,PUR_IED_Isabel-II_Ext_5245cc,15,19,59,4.6336,-74.153
2026-09-12T00:01:17-05:00,PUR_IED_Isabel-II_S_idiom_1c29aa,PUR_IED_Isabel-II_S_idiom_1c29aa,,,,,
2026-09-12T00:01:17-05:00,PUR_IED_Isabel-II_S_infor_fd741,PUR_IED_Isabel-II_S_infor_fd741,,,,,
2026-09-12T00:01:17-05:00,PUR_IED_IsidroSur_Exterio_5b90ea,PUR_IED_IsidroSur_Exterio_5b90ea,,,,,
2026-09-12T00:01:17-05:00,PUR_IED_IsidroSur_LabTec_56697a,PUR_IED_IsidroSur_LabTec_56697a,,,,,
2026-09-12T00:01:17-05:00,PUR_IED_IsidroSur_Robotic_b7c38f,PUR_IED_IsidroSur_Robotic_b7c38f,,,,,
2026-09-12T00:01:17-05:00,PUR_IED_IsmaelPerd_Ext_7b6672,PUR_IED_IsmaelPerd_Ext_7b6672,,,,,
2026-09-12T00:01:17-05:00,PUR_IED_IsmaelPerd_Inform_306540,PUR_IED_IsmaelPerd_Inform_306540,,,,,
2026-09-12T00:01:17-05:00,PUR_IED_IsmaelPerd_S30_2e2c83,PUR_IED_IsmaelPerd_S30_2e2c83,,,,,
2026-09-12T00:01:17-05:00,PUR_IED_JLozano_Exter_432910,PUR_IED_JLozano_Exter_432910,,,,,
2026-09-12T00:01:17-05:00,PUR_IED_JLozano_salaMulti_df5125,PUR_IED_JLozano_salaMulti_df5125,,,,,
2026-09-12T00:01:17-05:00,PUR_IED_JMCordoba_206_86f80b,PUR_IED_JMCordoba_206_86f80b,,,,,
2026-09-12T00:01:17-05:00,PUR_IED_JMCordoba_Ext_27ad97,PUR_IED_JMCordoba_Ext_27ad97,,,,,
2026-09-12T00:01:17-05:00,PUR_IED_JMCordoba_S310_d59ab4,PUR_IED_JMCordoba_S310_d59ab4,,,,,
2026-09-12T00:01:17-05:00,PUR_IED_Japon_Ext_549100,PUR_IED_Japon_Ext_549100,,,,,
2026-09-12T00:01:17-05:00,PUR_IED_Japon_Laboratorio_bec51d,PUR_IED_Japon_Laboratorio_bec51d,,,,,
2026-09-12T00:01:17-05:00,PUR_IED_Japon_informatica_d99327,PUR_IED_Japon_informatica_d99327,,,,,
2026-09-12T00:01:17-05:00,PUR_IED_Jazmin_Ext_d27bda,PUR_IED_Jazmin_Ext_d27bda,,,,,
2026-09-12T00:01:17-05:00,PUR_IED_Jazmin_Fisica_8d14d7,PUR_IED_Jazmin_Fisica_8d14d7,,,,,
2026-09-12T00:01:17-05:00,PUR_IED_Jazmin_Quimica_801cb5,PUR_IED_Jazmin_Quimica_801cb5,,,,,
2026-09-12T00:01:17-05:00,PUR_IED_JorgeGaitan_Exter_f098d1,PUR_IED_JorgeGaitan_Exter_f098d1,,,,,
2026-09-12T00:01:17-05:00,PUR_IED_JorgeGaitan_STec1_dc9d1d,PUR_IED_JorgeGaitan_STec1_dc9d1d,,,,,
2026-09-12T00:01:17-05:00,PUR_IED_JorgeGaitan_STec2_281e69,PUR_IED_JorgeGaitan_STec2_281e69,,,,,
2026-09-12T00:01:17-05:00,PUR_IED_JorgeSoto_Exterio_d9d0a2,PUR_IED_JorgeSoto_Exterio_d9d0a2,,,,,
2026-09-12T00:01:17-05:00,PUR_IED_JorgeSoto_LabFisi_209c54,PUR_IED_JorgeSoto_LabFisi_209c54,,,,,
2026-09-12T00:01:17-05:00,PUR_IED_JorgeSoto_S103_27b51a,PUR_IED_JorgeSoto_S103_27b51a,,,,,
2026-09-12T00:01:17-05:00,PUR_IED_JoseAcevedo_A02_e965eb,PUR_IED_JoseAcevedo_A02_e965eb,,,,,
2026-09-12T00:01:17-05:00,PUR_IED_JoseAcevedo_A07_dd5b4,PUR_IED_JoseAcevedo_A07_dd5b4,,,,,
2026-09-12T00:01:17-05:00,PUR_IED_JoseAcevedo_Ext_b47484,PUR_IED_JoseAcevedo_Ext_b47484,,,,,
2026-09-12T00:01:17-05:00,PUR_IED_JoseMarti_Exte_5b9bf,PUR_IED_JoseMarti_Exte_5b9bf,,,,,
2026-09-12T00:01:17-05:00,PUR_IED_JoseMarti_LabQuim_1c6c2d,PUR_IED_JoseMarti_LabQuim_1c6c2d,,,,,
2026-09-12T00:01:17-05:00,PUR_IED_JoseMarti_S_info_f5f177,PUR_IED_JoseMarti_S_info_f5f177,,,,,
2026-09-12T00:01:17-05:00,PUR_IED_Josejoaquin_Ext_dfc5dc,PUR_IED_Josejoaquin_Ext_dfc5dc,,,,,
2026-09-12T00:01:17-05:00,PUR_IED_Josejoaquin_S05_5b2a96,PUR_IED_Josejoaquin_S05_5b2a96,,,,,
2026-09-12T00:01:17-05:00,PUR_IED_Josejoaquin_S06_1ce7d2,PUR_IED_Josejoaquin_S06_1ce7d2,,,,,
2026-09-12T00:01:17-05:00,PUR_IED_JulioFlorez_Danza_9b82dd,PUR_IED_JulioFlorez_Danza_9b82dd,,,,,
2026-09-12T00:01:17-05:00,PUR_IED_JulioFlorez_Exter_f9f314,PUR_IED_JulioFlorez_Exter_f9f314,,,,,
2026-09-12T00:01:17-05:00,PUR_IED_JulioFlorez_info2_6b6e08,PUR_IED_JulioFlorez_info2_6b6e08,,,,,
2026-09-12T00:01:17-05:00,PUR_IED_LaBelleza_Aula13_1d00d8,PUR_IED_LaBelleza_Aula13_1d00d8,,,,,
2026-09-12T00:01:17-05:00,PUR_IED_LaBelleza_Ext_7bc08c,PUR_IED_LaBelleza_Ext_7bc08c,,,,,
2026-09-12T00:01:17-05:00,PUR_IED_LaChucua_Ext_8cd6d2,PUR_IED_LaChucua_Ext_8cd6d2,,,,,
2026-09-12T00:01:17-05:00,PUR_IED_LaChucua_S15_f578ce,PUR_IED_LaChucua_S15_f578ce,,,,,
2026-09-12T00:01:17-05:00,PUR_IED_LaChucua_S16_eebcf9,PUR_IED_LaChucua_S16_eebcf9,,,,,
2026-09-12T00:01:17-05:00,PUR_IED_LaFelicidad_Ext_fb5109,PUR_IED_LaFelicidad_Ext_fb5109,,,,,
2026-09-12T00:01:17-05:00,PUR_IED_LaMerced_206_66ebd,PUR_IED_LaMerced_206_66ebd,,,,,
2026-09-12T00:01:17-05:00,PUR_IED_LaMerced_207_6ebd6,PUR_IED_LaMerced_207_6ebd6,,,,,
2026-09-12T00:01:17-05:00,PUR_IED_LaMerced_ext_304311,PUR_IED_LaMerced_ext_304311,,,,,
2026-09-12T00:01:17-05:00,PUR_IED_Laureano_CiencNat_281e5e,PUR_IED_Laureano_CiencNat_281e5e,,,,,
2026-09-12T00:01:17-05:00,PUR_IED_Laureano_Comedor_f65c0a,PUR_IED_Laureano_Comedor_f65c0a,,,,,
2026-09-12T00:01:17-05:00,PUR_IED_Laureano_Exterior_7ab011,PUR_IED_Laureano_Exterior_7ab011,,,,,
2026-09-12T00:01:17-05:00,PUR_IED_LeonGreiff_Exte_dfe560,PUR_IED_LeonGreiff_Exte_dfe560,,,,,
2026-09-12T00:01:17-05:00,PUR_IED_LeonGreiff_S210_f264ed,PUR_IED_LeonGreiff_S210_f264ed,,,,,
2026-09-12T00:01:17-05:00,PUR_IED_LeonGreiff_SQuimi_e8296f,PUR_IED_LeonGreiff_SQuimi_e8296f,,,,,
2026-09-12T00:01:17-05:00,PUR_IED_LlanoOrientalS208_7b9fcd,PUR_IED_LlanoOrientalS208_7b9fcd,,,,,
2026-09-12T00:01:17-05:00,PUR_IED_LlanoOriental_Ext_fb3766,PUR_IED_LlanoOriental_Ext_fb3766,,,,,
2026-09-12T00:01:17-05:00,PUR_IED_LlanoOriental_S208_7b9fcd,PUR_IED_LlanoOriental_S208_7b9fcd,,,,,
2026-09-12T00:01:17-05:00,PUR_IED_LlanoOriental_S9_27b378,PUR_IED_LlanoOriental_S9_27b378,,,,,
2026-09-12T00:01:17-05:00,PUR_IED_LosTejares_1101_477602,PUR_IED_LosTejares_1101_477602,,,,,
2026-09-12T00:01:17-05:00,PUR_IED_LosTejares_11_d2c595,PUR_IED_LosTejares_11_d2c595,,,,,
2026-09-12T00:01:17-05:00,PUR_IED_LosTejares_12_477602,PUR_IED_LosTejares_12_477602,,,,,
2026-09-12T00:01:17-05:00,PUR_IED_LosTejares_Ext_8e2115,PUR_IED_LosTejares_Ext_8e2115,,,,,
2026-09-12T00:01:17-05:00,PUR_IED_MagdalenaO_B202_5ddda3,PUR_IED_MagdalenaO_B202_5ddda3,,,,,
2026-09-12T00:01:17-05:00,PUR_IED_MagdalenaO_B205_fb76e8,PUR_IED_MagdalenaO_B205_fb76e8,,,,,
2026-09-12T00:01:17-05:00,PUR_IED_MagdalenaO_ext_dc69cd,PUR_IED_MagdalenaO_ext_dc69cd,,,,,
2026-09-12T00:01:17-05:00,PUR_IED_ManueCepeda_artes_eee956,PUR_IED_ManueCepeda_artes_eee956,,,,,
2026-09-12T00:01:17-05:00,PUR_IED_ManuelCepeda_Ext_58313,PUR_IED_ManuelCepeda_Ext_58313,,,,,
2026-09-12T00:01:17-05:00,PUR_IED_ManuelCepeda_tec_1c5731,PUR_IED_ManuelCepeda_tec_1c5731,,,,,
2026-09-12T00:01:17-05:00,PUR_IED_ManuelS_Exterior_5b269,PUR_IED_ManuelS_Exterior_5b269,,,,,
2026-09-12T00:01:17-05:00,PUR_IED_ManuelS_Inform_f369ce,PUR_IED_ManuelS_Inform_f369ce,,,,,
2026-09-12T00:01:17-05:00,PUR_IED_ManuelS_SArtes_7d15f1,PUR_IED_ManuelS_SArtes_7d15f1,,,,,
2026-09-12T00:01:17-05:00,PUR_IED_ManuelZapata_303_3ca6,PUR_IED_ManuelZapata_303_3ca6,,,,,
2026-09-12T00:01:17-05:00,PUR_IED_ManuelZapata_311_bfbabc,PUR_IED_ManuelZapata_311_bfbabc,,,,,
2026-09-12T00:01:17-05:00,PUR_IED_ManuelZapata_Ext_50824a,PUR_IED_ManuelZapata_Ext_50824a,,,,,
2026-09-12T00:01:17-05:00,PUR_IED_ManuelitaS_Exteri_656a92,PUR_IED_ManuelitaS_Exteri_656a92,,,,,
2026-09-12T00:01:17-05:00,PUR_IED_ManuelitaS_JuzgDe_f58ec3,PUR_IED_ManuelitaS_JuzgDe_f58ec3,,,,,
2026-09-12T00:01:17-05:00,PUR_IED_ManuelitaS_Recrea_d793db,PUR_IED_ManuelitaS_Recrea_d793db,,,,,
2026-09-12T00:01:17-05:00,PUR_IED_MarFidSuarez_Ext_c27b19,PUR_IED_MarFidSuarez_Ext_c27b19,,,,,
2026-09-12T00:01:17-05:00,PUR_IED_MarFidSuarez_Info_e384d7,PUR_IED_MarFidSuarez_Info_e384d7,,,,,
2026-09-12T00:01:17-05:00,PUR_IED_MarFidSuarez_S306_1d0032,PUR_IED_MarFidSuarez_S306_1d0032,,,,,
2026-09-12T00:01:17-05:00,PUR_IED_Menorah_301_2a25a3,PUR_IED_Menorah_301_2a25a3,,,,,
2026-09-12T00:01:17-05:00,PUR_IED_Menorah_306_37ed3,PUR_IED_Menorah_306_37ed3,,,,,
2026-09-12T00:01:17-05:00,PUR_IED_Menorah_Ext_3e155b,PUR_IED_Menorah_Ext_3e155b,,,,,
2026-09-12T00:01:17-05:00,PUR_IED_MinutoB.Aires_A11_1b1604,PUR_IED_MinutoB.Aires_A11_1b1604,,,,,
2026-09-12T00:01:17-05:00,PUR_IED_MinutoB.Aires_A12_fb5860,PUR_IED_MinutoB.Aires_A12_fb5860,,,,,
2026-09-12T00:01:17-05:00,PUR_IED_MinutoB.Aires_Ext_81293f,PUR_IED_MinutoB.Aires_Ext_81293f,,,,,
2026-09-12T00:01:17-05:00,PUR_IED_MinutoBAires_A11_1b1604,PUR_IED_MinutoBAires_A11_1b1604,,,,,
2026-09-12T00:01:17-05:00,PUR_IED_MinutoBAires_A12_fb5860,PUR_IED_MinutoBAires_A12_fb5860,,,,,
2026-09-12T00:01:17-05:00,PUR_IED_MinutoBAires_Ext_81293f,PUR_IED_MinutoBAires_Ext_81293f,,,,,
2026-09-12T00:01:17-05:00,PUR_IED_Montreal_Aula10_1e4959,PUR_IED_Montreal_Aula10_1e4959,,,,,
2026-09-12T00:01:17-05:00,PUR_IED_Montreal_Aula6_300367,PUR_IED_Montreal_Aula6_300367,,,,,
2026-09-12T00:01:17-05:00,PUR_IED_Montreal_Exterior_91a179,PUR_IED_Montreal_Exterior_91a179,,,,,
2026-09-12T00:01:17-05:00,PUR_IED_Mqgdalena_B202_5ddda3,PUR_IED_Mqgdalena_B202_5ddda3,,,,,
2026-09-12T00:01:17-05:00,PUR_IED_NACUND_Soc_dc8728,PUR_IED_NACUND_Soc_dc8728,,,,,
2026-09-12T00:01:17-05:00,PUR_IED_NACUND_ext_27ad97,PUR_IED_NACUND_ext_27ad97,,,,,
2026-09-12T00:01:17-05:00,PUR_IED_NEsperanza_Ext_d24b61,PUR_IED_NEsperanza_Ext_d24b61,,,,,
2026-09-12T00:01:17-05:00,PUR_IED_NEsperanza_SElect_7d1807,PUR_IED_NEsperanza_SElect_7d1807,,,,,
2026-09-12T00:01:17-05:00,PUR_IED_NEsperanza_SLabor_8b2d0a,PUR_IED_NEsperanza_SLabor_8b2d0a,,,,,
2026-09-12T00:01:17-05:00,PUR_IED_NacionesU_Ext_f661a9,PUR_IED_NacionesU_Ext_f661a9,,,,,
2026-09-12T00:01:17-05:00,PUR_IED_NacionesU_Quimica_66f0a,PUR_IED_NacionesU_Quimica_66f0a,,,,,
2026-09-12T00:01:17-05:00,PUR_IED_NacionesU_S306_1b4b3d,PUR_IED_NacionesU_S306_1b4b3d,,,,,
2026-09-12T00:01:17-05:00,PUR_IED_NestorFA_Ext_e4201c,PUR_IED_NestorFA_Ext_e4201c,,,,,
2026-09-12T00:01:17-05:00,PUR_IED_NestorFA_Laborato_f22fe0,PUR_IED_NestorFA_Laborato_f22fe0,,,,,
2026-09-12T00:01:17-05:00,PUR_IED_NestorFA_S204_dee996,PUR_IED_NestorFA_S204_dee996,,,,,
2026-09-12T00:01:17-05:00,PUR_IED_NidyaQT_Aula03_76999b,PUR_IED_NidyaQT_Aula03_76999b,,,,,
2026-09-12T00:01:17-05:00,PUR_IED_NidyaQT_Aula10_56325,PUR_IED_NidyaQT_Aula10_56325,,,,,
2026-09-12T00:01:17-05:00,PUR_IED_NidyaQT_Ext_46e32d,PUR_IED_NidyaQT_Ext_46e32d,,,,,
2026-09-12T00:01:17-05:00,PUR_IED_NuevaCol_Exterior_d9b859,PUR_IED_NuevaCol_Exterior_d9b859,,,,,
2026-09-12T00:01:17-05:00,PUR_IED_NuevaCol_S1101_76c43b,PUR_IED_NuevaCol_S1101_76c43b,,,,,
2026-09-12T00:01:17-05:00,PUR_IED_NuevaCol_S1102_1ce0b5,PUR_IED_NuevaCol_S1102_1ce0b5,,,,,
2026-09-12T00:01:17-05:00,PUR_IED_OEA_A202_f7e3f2,PUR_IED_OEA_A202_f7e3f2,,,,,
2026-09-12T00:01:17-05:00,PUR_IED_OEA_A203_7d1b8d,PUR_IED_OEA_A203_7d1b8d,,,,,
2026-09-12T00:01:17-05:00,PUR_IED_OEA_Ext_27b593,PUR_IED_OEA_Ext_27b593,,,,,
2026-09-12T00:01:17-05:00,PUR_IED_Ochoa_Ext_1c29da,PUR_IED_Ochoa_Ext_1c29da,,,,,
2026-09-12T00:01:17-05:00,PUR_IED_Ochoa_S205_8b1121,PUR_IED_Ochoa_S205_8b1121,,,,,
2026-09-12T00:01:17-05:00,PUR_IED_Ochoa_Sistemas_f33af6,PUR_IED_Ochoa_Sistemas_f33af6,,,,,
2026-09-12T00:01:17-05:00,PUR_IED_PQuebec_Ext_1c67c7,PUR_IED_PQuebec_Ext_1c67c7,,,,,
2026-09-12T00:01:17-05:00,PUR_IED_PQuebec_S15_23e8e2,PUR_IED_PQuebec_S15_23e8e2,,,,,
2026-09-12T00:01:17-05:00,PUR_IED_PQuebec_S16_8ec76b,PUR_IED_PQuebec_S16_8ec76b,,,,,
2026-09-12T00:01:17-05:00,PUR_IED_PabloN_Ext_49dc96,PUR_IED_PabloN_Ext_49dc96,,,,,
2026-09-12T00:01:17-05:00,PUR_IED_PabloN_S1102_4e3df5,PUR_IED_PabloN_S1102_4e3df5,,,,,
2026-09-12T00:01:17-05:00,PUR_IED_PabloN_S1103_50c94b,PUR_IED_PabloN_S1103_50c94b,,,,,
2026-09-12T00:01:17-05:00,PUR_IED_Palestina_S1101_db9198,PUR_IED_Palestina_S1101_db9198,,,,,
2026-09-12T00:01:17-05:00,PUR_IED_Palestina_S1102_dc54fa,PUR_IED_Palestina_S1102_dc54fa,,,,,
2026-09-12T00:01:17-05:00,PUR_IED_Palestina_ext_4ccce6,PUR_IED_Palestina_ext_4ccce6,,,,,
2026-09-12T00:01:17-05:00,PUR_IED_Panama_Fisica_4d0794,PUR_IED_Panama_Fisica_4d0794,,,,,
2026-09-12T00:01:17-05:00,PUR_IED_Panama_SIngles_a4077e,PUR_IED_Panama_SIngles_a4077e,,,,,
2026-09-12T00:01:17-05:00,PUR_IED_Panama_ext_4c54b4,PUR_IED_Panama_ext_4c54b4,,,,,
2026-09-12T00:01:17-05:00,PUR_IED_ParaisoM_Exterior_8cd7f0,PUR_IED_ParaisoM_Exterior_8cd7f0,,,,,
2026-09-12T00:01:17-05:00,PUR_IED_ParaisoM_Laborato_27af35,PUR_IED_ParaisoM_Laborato_27af35,,,,,
2026-09-12T00:01:17-05:00,PUR_IED_ParaisoM_S304_d1edca,PUR_IED_ParaisoM_S304_d1edca,,,,,
2026-09-12T00:01:17-05:00,PUR_IED_PorfirioBarba_Ext_301466,PUR_IED_PorfirioBarba_Ext_301466,,,,,
2026-09-12T00:01:17-05:00,PUR_IED_PorfirioBarba_S11_df6cd2,PUR_IED_PorfirioBarba_S11_df6cd2,,,,,
2026-09-12T00:01:17-05:00,PUR_IED_PorfirioBarba_S29_27a7d6,PUR_IED_PorfirioBarba_S29_27a7d6,,,,,
2026-09-12T00:01:17-05:00,PUR_IED_PradoV_Exter_8b27ad,PUR_IED_PradoV_Exter_8b27ad,,,,,
2026-09-12T00:01:17-05:00,PUR_IED_PradoV_S301_de65b5,PUR_IED_PradoV_S301_de65b5,,,,,
2026-09-12T00:01:17-05:00,PUR_IED_PradoV_S302_7d2593,PUR_IED_PradoV_S302_7d2593,,,,,
2026-09-12T00:01:17-05:00,PUR_IED_QuirogaAlz_Ext_1ddc82,PUR_IED_QuirogaAlz_Ext_1ddc82,,,,,
2026-09-12T00:01:17-05:00,PUR_IED_QuirogaAlz_S302_9926a3,PUR_IED_QuirogaAlz_S302_9926a3,,,,,
2026-09-12T00:01:17-05:00,PUR_IED_QuirogaAlz_S305_cdf1f1,PUR_IED_QuirogaAlz_S305_cdf1f1,,,,,
2026-09-12T00:01:17-05:00,PUR_IED_RGuatemala_Biling_dc53b7,PUR_IED_RGuatemala_Biling_dc53b7,,,,,
2026-09-12T00:01:17-05:00,PUR_IED_RGuatemala_Ext_1b89a3,PUR_IED_RGuatemala_Ext_1b89a3,,,,,
2026-09-12T00:01:17-05:00,PUR_IED_RGuatemala_Tecnol_281a34,PUR_IED_RGuatemala_Tecnol_281a34,,,,,
2026-09-12T00:01:17-05:00,PUR_IED_RafaNu_Ext_f7c302,PUR_IED_RafaNu_Ext_f7c302,,,,,
2026-09-12T00:01:17-05:00,PUR_IED_RafaNu_S1101_25fde,PUR_IED_RafaNu_S1101_25fde,,,,,
2026-09-12T00:01:17-05:00,PUR_IED_RafaNu_S1102_281517,PUR_IED_RafaNu_S1102_281517,,,,,
2026-09-12T00:01:17-05:00,PUR_IED_RafaelB_S305_ee2783,PUR_IED_RafaelB_S305_ee2783,,,,,
2026-09-12T00:01:17-05:00,PUR_IED_RafaelB_S306_75fe33,PUR_IED_RafaelB_S306_75fe33,,,,,
2026-09-12T00:01:17-05:00,PUR_IED_RafaelB_ext_283336,PUR_IED_RafaelB_ext_283336,3,18,57,4.6722,-74.0737
2026-09-12T00:01:17-05:00,PUR_IED_RafaelUU_Exterior_281a51,PUR_IED_RafaelUU_Exterior_281a51,,,,,
2026-09-12T00:01:17-05:00,PUR_IED_RafaelUU_Human_806b2,PUR_IED_RafaelUU_Human_806b2,,,,,
2026-09-12T00:01:17-05:00,PUR_IED_RafaelUU_Mate2_5680d4,PUR_IED_RafaelUU_Mate2_5680d4,,,,,
2026-09-12T00:01:17-05:00,PUR_IED_RamonSub_Ext_f9eeb9,PUR_IED_RamonSub_Ext_f9eeb9,,,,,
2026-09-12T00:01:17-05:00,PUR_IED_RamonSub_Media_d1f62f,PUR_IED_RamonSub_Media_d1f62f,,,,,
2026-09-12T00:01:17-05:00,PUR_IED_RamonSub_planta_51b82,PUR_IED_RamonSub_planta_51b82,,,,,
2026-09-12T00:01:17-05:00,PUR_IED_RepBoliVene_Exter_27af7c,PUR_IED_RepBoliVene_Exter_27af7c,,,,,
2026-09-12T00:01:17-05:00,PUR_IED_RepBoliVene_SCPT_5ae2ee,PUR_IED_RepBoliVene_SCPT_5ae2ee,,,,,
2026-09-12T00:01:17-05:00,PUR_IED_RepBoliVene_Socia_4b11d5,PUR_IED_RepBoliVene_Socia_4b11d5,,,,,
2026-09-12T00:01:17-05:00,PUR_IED_RepChina_Ext_76d9ee,PUR_IED_RepChina_Ext_76d9ee,,,,,
2026-09-12T00:01:17-05:00,PUR_IED_RepChina_S404_7c804c,PUR_IED_RepChina_S404_7c804c,,,,,
2026-09-12T00:01:17-05:00,PUR_IED_RepChina_S405_df2c33,PUR_IED_RepChina_S405_df2c33,,,,,
2026-09-12T00:01:17-05:00,PUR_IED_RepublicaC_Exteri_7d1ec9,PUR_IED_RepublicaC_Exteri_7d1ec9,,,,,
2026-09-12T00:01:17-05:00,PUR_IED_RepublicaC_S1101_f544b3,PUR_IED_RepublicaC_S1101_f544b3,,,,,
2026-09-12T00:01:17-05:00,PUR_IED_RepublicaC_S1102_7aafc7,PUR_IED_RepublicaC_S1102_7aafc7,,,,,
2026-09-12T00:01:17-05:00,PUR_IED_Ricaurte_Externo_a0ea1,PUR_IED_Ricaurte_Externo_a0ea1,,,,,
2026-09-12T00:01:17-05:00,PUR_IED_Ricaurte_S210_f546fd,PUR_IED_Ricaurte_S210_f546fd,,,,,
2026-09-12T00:01:17-05:00,PUR_IED_Ricaurte_S309_d4452,PUR_IED_Ricaurte_S309_d4452,,,,,
2026-09-12T00:01:17-05:00,PUR_IED_RogelioS_1102_531e69,PUR_IED_RogelioS_1102_531e69,,,,,
2026-09-12T00:01:17-05:00,PUR_IED_RogelioS_Ext_f25a18,PUR_IED_RogelioS_Ext_f25a18,,,,,
2026-09-12T00:01:17-05:00,PUR_IED_SBernardino_Ext_27aff8,PUR_IED_SBernardino_Ext_27aff8,,,,,
2026-09-12T00:01:17-05:00,PUR_IED_SBernardino_SArte_2ffd33,PUR_IED_SBernardino_SArte_2ffd33,,,,,
2026-09-12T00:01:17-05:00,PUR_IED_SBernardino_SIngl_7c7da5,PUR_IED_SBernardino_SIngl_7c7da5,,,,,
2026-09-12T00:01:17-05:00,PUR_IED_Sago_auditorio_dc9d1d,PUR_IED_Sago_auditorio_dc9d1d,,,,,
2026-09-12T00:01:17-05:00,PUR_IED_Saludcoop_Ext_95aac3,PUR_IED_Saludcoop_Ext_95aac3,,,,,
2026-09-12T00:01:17-05:00,PUR_IED_Saludcoop_InfI_90c854,PUR_IED_Saludcoop_InfI_90c854,,,,,
2026-09-12T00:01:17-05:00,PUR_IED_Saludcoop_SMedia_1b93be,PUR_IED_Saludcoop_SMedia_1b93be,,,,,
2026-09-12T00:01:17-05:00,PUR_IED_SanCarlos_1101_1a2360,PUR_IED_SanCarlos_1101_1a2360,,,,,
2026-09-12T00:01:17-05:00,PUR_IED_SanCarlos_1103_7bafb5,PUR_IED_SanCarlos_1103_7bafb5,,,,,
2026-09-12T00:01:17-05:00,PUR_IED_SanCarlos_Ext_b7cd1,PUR_IED_SanCarlos_Ext_b7cd1,,,,,
2026-09-12T00:01:17-05:00,PUR_IED_SanIgnacioBosa11a_50c26e,PUR_IED_SanIgnacioBosa11a_50c26e,,,,,
2026-09-12T00:01:17-05:00,PUR_IED_SanIgnacioBosa11b_371de8,PUR_IED_SanIgnacioBosa11b_371de8,,,,,
2026-09-12T00:01:17-05:00,PUR_IED_SanIgnacioBosaExt_ef0ffc,PUR_IED_SanIgnacioBosaExt_ef0ffc,,,,,
2026-09-12T00:01:17-05:00,PUR_IED_SanIgnacioBosa_11a_50c26e,PUR_IED_SanIgnacioBosa_11a_50c26e,,,,,
2026-09-12T00:01:17-05:00,PUR_IED_SanIgnacioBosa_Ext_ef0ffc,PUR_IED_SanIgnacioBosa_Ext_ef0ffc,,,,,
2026-09-12T00:01:17-05:00,PUR_IED_SanJoseN_intS1101_31c47f,PUR_IED_SanJoseN_intS1101_31c47f,,,,,
2026-09-12T00:01:17-05:00,PUR_IED_SanJoseUsm_Exter_f5d7e8,PUR_IED_SanJoseUsm_Exter_f5d7e8,,,,,
2026-09-12T00:01:17-05:00,PUR_IED_SanJoseUsm_Int11A_cfdef6,PUR_IED_SanJoseUsm_Int11A_cfdef6,,,,,
2026-09-12T00:01:17-05:00,PUR_IED_SilveriaR_IntB5_905349,PUR_IED_SilveriaR_IntB5_905349,,,,,
2026-09-12T00:01:17-05:00,PUR_IED_SilveriaR_IntSD14_981f93,PUR_IED_SilveriaR_IntSD14_981f93,,,,,
2026-09-12T00:01:17-05:00,PUR_IED_SilveriaR_ext_2b651d,PUR_IED_SilveriaR_ext_2b651d,,,,,
2026-09-12T00:01:17-05:00,PUR_IED_SimonB_Exterior_913975,PUR_IED_SimonB_Exterior_913975,,,,,
2026-09-12T00:01:17-05:00,PUR_IED_SimonB_LabQuimi_c56908,PUR_IED_SimonB_LabQuimi_c56908,,,,,
2026-09-12T00:01:17-05:00,PUR_IED_SimonB_informatic_a28c1,PUR_IED_SimonB_informatic_a28c1,,,,,
2026-09-12T00:01:17-05:00,PUR_IED_Sorrento_1102_315f50,PUR_IED_Sorrento_1102_315f50,,,,,
2026-09-12T00:01:17-05:00,PUR_IED_Sorrento_Minte_214eab,PUR_IED_Sorrento_Minte_214eab,,,,,
2026-09-12T00:01:17-05:00,PUR_IED_Sorrento_ext_7c3a0a,PUR_IED_Sorrento_ext_7c3a0a,,,,,
2026-09-12T00:01:17-05:00,PUR_IED_Tabora_Ext_f048ae,PUR_IED_Tabora_Ext_f048ae,,,,,
2026-09-12T00:01:17-05:00,PUR_IED_Tabora_S1102_b07752,PUR_IED_Tabora_S1102_b07752,,,,,
2026-09-12T00:01:17-05:00,PUR_IED_Tabora_S1103_d988f5,PUR_IED_Tabora_S1103_d988f5,,,,,
2026-09-12T00:01:17-05:00,PUR_IED_Tenerife_Ext_1ab188,PUR_IED_Tenerife_Ext_1ab188,,,,,
2026-09-12T00:01:17-05:00,PUR_IED_Tenerife_SDanzas_7bc02e,PUR_IED_Tenerife_SDanzas_7bc02e,,,,,
2026-09-12T00:01:17-05:00,PUR_IED_Tenerife_SIngles_7cc277,PUR_IED_Tenerife_SIngles_7cc277,,,,,
2026-09-12T00:01:17-05:00,PUR_IED_Tibabuyes_Exter_f2683d,PUR_IED_Tibabuyes_Exter_f2683d,,,,,
2026-09-12T00:01:17-05:00,PUR_IED_Tibabuyes_S10_dc87a8,PUR_IED_Tibabuyes_S10_dc87a8,,,,,
2026-09-12T00:01:17-05:00,PUR_IED_Tibabuyes_S15_dc0526,PUR_IED_Tibabuyes_S15_dc0526,,,,,
2026-09-12T00:01:17-05:00,PUR_IED_UnionE_S301_a1043,PUR_IED_UnionE_S301_a1043,,,,,
2026-09-12T00:01:17-05:00,PUR_IED_UnionE_S307_ff6c2f,PUR_IED_UnionE_S307_ff6c2f,,,,,
2026-09-12T00:01:17-05:00,PUR_IED_UnionE__Ext_5e2468,PUR_IED_UnionE__Ext_5e2468,,,,,
2026-09-12T00:01:17-05:00,PUR_IED_VillaRica_Ext_75be7c,PUR_IED_VillaRica_Ext_75be7c,,,,,
2026-09-12T00:01:17-05:00,PUR_IED_VillaRica_S4_cc5dcd,PUR_IED_VillaRica_S4_cc5dcd,,,,,
2026-09-12T00:01:17-05:00,PUR_IED_VillaRica_Sesp_99f5c,PUR_IED_VillaRica_Sesp_99f5c,,,,,
2026-09-12T00:06:04-05:00,PUR_IED_20deJulio_1101_91b1b9,PUR_IED_20deJulio_1101_91b1b9,,,,,
2026-09-12T00:06:04-05:00,PUR_IED_20deJulio_1102_1cfcf9,PUR_IED_20deJulio_1102_1cfcf9,,,,,
2026-09-12T00:06:04-05:00,PUR_IED_20deJulio_Ext_ab60bd,PUR_IED_20deJulio_Ext_ab60bd,,,,,
2026-09-12T00:06:04-05:00,PUR_IED_AgustinFer_Ext_7b9b77,PUR_IED_AgustinFer_Ext_7b9b77,,,,,
2026-09-12T00:06:04-05:00,PUR_IED_AgustinFer_Info2_27b3a7,PUR_IED_AgustinFer_Info2_27b3a7,,,,,
2026-09-12T00:06:04-05:00,PUR_IED_AgustinFer_Sena_54b4eb,PUR_IED_AgustinFer_Sena_54b4eb,,,,,
2026-09-12T00:06:04-05:00,PUR_IED_AlexanderF_1102_caf07b,PUR_IED_AlexanderF_1102_caf07b,,,,,
2026-09-12T00:06:04-05:00,PUR_IED_AlexanderF_1103_c79e71,PUR_IED_AlexanderF_1103_c79e71,,,,,
2026-09-12T00:06:04-05:00,PUR_IED_AlexanderF_Ext_c5b18b,PUR_IED_AlexanderF_Ext_c5b18b,,,,,
2026-09-12T00:06:04-05:00,PUR_IED_AlfonsoLopez_Ext_281d77,PUR_IED_AlfonsoLopez_Ext_281d77,,,,,
2026-09-12T00:06:04-05:00,PUR_IED_AlfonsoLopez_LabF_888ce0,PUR_IED_AlfonsoLopez_LabF_888ce0,,,,,
2026-09-12T00:06:04-05:00,PUR_IED_AlfonsoLopez_SMed_df6a7f,PUR_IED_AlfonsoLopez_SMed_df6a7f,,,,,
2026-09-12T00:06:04-05:00,PUR_IED_AltamiraSO_A2_209f92,PUR_IED_AltamiraSO_A2_209f92,,,,,
2026-09-12T00:06:04-05:00,PUR_IED_AltamiraSO_Ext_186d66,PUR_IED_AltamiraSO_Ext_186d66,,,,,
2026-09-12T00:06:04-05:00,PUR_IED_AltamiraSO_Sistem_27afe1,PUR_IED_AltamiraSO_Sistem_27afe1,,,,,
2026-09-12T00:06:04-05:00,PUR_IED_AlvaroGom_LabQuim_813179,PUR_IED_AlvaroGom_LabQuim_813179,,,,,
2026-09-12T00:06:04-05:00,PUR_IED_AlvaroGomez_Ext_47c7ca,PUR_IED_AlvaroGomez_Ext_47c7ca,,,,,
2026-09-12T00:06:04-05:00,PUR_IED_AlvaroGomez_LabQuim_813179,PUR_IED_AlvaroGomez_LabQuim_813179,,,,,
2026-09-12T00:06:04-05:00,PUR_IED_AlvaroGomez_S23_7ba89f,PUR_IED_AlvaroGomez_S23_7ba89f,,,,,
2026-09-12T00:06:04-05:00,PUR_IED_Amistad_306_dc8728,PUR_IED_Amistad_306_dc8728,,,,,
2026-09-12T00:06:04-05:00,PUR_IED_Amistad_Ext_8cd55e,PUR_IED_Amistad_Ext_8cd55e,,,,,
2026-09-12T00:06:04-05:00,PUR_IED_Amistad_S202_a41169,PUR_IED_Amistad_S202_a41169,,,,,
2026-09-12T00:06:04-05:00,PUR_IED_AndresBello_Bio_fd5f5e,PUR_IED_AndresBello_Bio_fd5f5e,,,,,
2026-09-12T00:06:04-05:00,PUR_IED_AndresBello_ext_dcad65,PUR_IED_AndresBello_ext_dcad65,,,,,
2026-09-12T00:06:04-05:00,PUR_IED_AndresBello_port_eed3ec,PUR_IED_AndresBello_port_eed3ec,,,,,
2026-09-12T00:06:04-05:00,PUR_IED_AngelaR_11b_d90a6b,PUR_IED_AngelaR_11b_d90a6b,,,,,
2026-09-12T00:06:04-05:00,PUR_IED_AngelaR_ext_7cad3e,PUR_IED_AngelaR_ext_7cad3e,4,19,60,4.5825,-74.164497
2026-09-12T00:06:04-05:00,PUR_IED_AntJoseSucre_10mo_df2575,PUR_IED_AntJoseSucre_10mo_df2575,,,,,
2026-09-12T00:06:04-05:00,PUR_IED_AntJoseSucre_Ext_215b36,PUR_IED_AntJoseSucre_Ext_215b36,,,,,
2026-09-12T00:06:04-05:00,PUR_IED_AntJoseSucre_Lab_3139de,PUR_IED_AntJoseSucre_Lab_3139de,,,,,
2026-09-12T00:06:04-05:00,PUR_IED_AntonioGarcia_301_d6b188,PUR_IED_AntonioGarcia_301_d6b188,,,,,
2026-09-12T00:06:04-05:00,PUR_IED_AntonioGarcia_302_88a82,PUR_IED_AntonioGarcia_302_88a82,,,,,
2026-09-12T00:06:04-05:00,PUR_IED_AntonioGarcia_Ext_20950c,PUR_IED_AntonioGarcia_Ext_20950c,,,,,
2026-09-12T00:06:04-05:00,PUR_IED_AntonioVan_Aula2_6dea02,PUR_IED_AntonioVan_Aula2_6dea02,,,,,
2026-09-12T00:06:04-05:00,PUR_IED_AntonioVan_Aula5_f1557e,PUR_IED_AntonioVan_Aula5_f1557e,,,,,
2026-09-12T00:06:04-05:00,PUR_IED_AntonioVan_Ext_406f2f,PUR_IED_AntonioVan_Ext_406f2f,,,,,
2026-09-12T00:06:04-05:00,PUR_IED_Atabanzha_Ext_cc5af9,PUR_IED_Atabanzha_Ext_cc5af9,,,,,
2026-09-12T00:06:04-05:00,PUR_IED_Atabanzha_SA101_56c37,PUR_IED_Atabanzha_SA101_56c37,,,,,
2026-09-12T00:06:04-05:00,PUR_IED_Atabanzha_SB302_27b374,PUR_IED_Atabanzha_SB302_27b374,,,,,
2026-09-12T00:06:04-05:00,PUR_IED_Atahualpa_Ext_fc1748,PUR_IED_Atahualpa_Ext_fc1748,,,,,
2026-09-12T00:06:04-05:00,PUR_IED_Atahualpa_Informa_dc9a95,PUR_IED_Atahualpa_Informa_dc9a95,,,,,
2026-09-12T00:06:04-05:00,PUR_IED_Atahualpa_S1101_f98056,PUR_IED_Atahualpa_S1101_f98056,,,,,
2026-09-12T00:06:04-05:00,PUR_IED_Bellavista_Ext_f5aa74,PUR_IED_Bellavista_Ext_f5aa74,,,,,
2026-09-12T00:06:04-05:00,PUR_IED_Bilbao_11A_916c41,PUR_IED_Bilbao_11A_916c41,,,,,
2026-09-12T00:06:04-05:00,PUR_IED_Bilbao_Ext_fb579a,PUR_IED_Bilbao_Ext_fb579a,,,,,
2026-09-12T00:06:04-05:00,PUR_IED_BrasiliaU_A125_304280,PUR_IED_BrasiliaU_A125_304280,,,,,
2026-09-12T00:06:04-05:00,PUR_IED_BrasiliaU_A203_7c8ca5,PUR_IED_BrasiliaU_A203_7c8ca5,,,,,
2026-09-12T00:06:04-05:00,PUR_IED_BrasiliaU_Ext_8d6e9f,PUR_IED_BrasiliaU_Ext_8d6e9f,5,17,61,4.5175,-74.116302
2026-09-12T00:06:04-05:00,PUR_IED_Brasilia_Ext_fe6593,PUR_IED_Brasilia_Ext_fe6593,,,,,
2026-09-12T00:06:04-05:00,PUR_IED_Brasilia_S24_7c130d,PUR_IED_Brasilia_S24_7c130d,,,,,
2026-09-12T00:06:04-05:00,PUR_IED_Brasilia_S501_186a54,PUR_IED_Brasilia_S501_186a54,,,,,
2026-09-12T00:06:04-05:00,PUR_IED_CHARRY_EXT_f1d5cd,PUR_IED_CHARRY_EXT_f1d5cd,,,,,
2026-09-12T00:06:04-05:00,PUR_IED_CHARRY_INTDANZAS_7a08e6,PUR_IED_CHARRY_INTDANZAS_7a08e6,,,,,
2026-09-12T00:06:04-05:00,PUR_IED_CHARRY_INT_AULA20_dc998d,PUR_IED_CHARRY_INT_AULA20_dc998d,,,,,
2026-09-12T00:06:04-05:00,PUR_IED_COLVIV_1101_S25_7f520a,PUR_IED_COLVIV_1101_S25_7f520a,,,,,
2026-09-12T00:06:04-05:00,PUR_IED_COLVIV_1102_S16_f570ba,PUR_IED_COLVIV_1102_S16_f570ba,,,,,
2026-09-12T00:06:04-05:00,PUR_IED_COLVIV_Ext_1a26fa,PUR_IED_COLVIV_Ext_1a26fa,,,,,
2026-09-12T00:06:04-05:00,PUR_IED_CULPOP_301A_f660f3,PUR_IED_CULPOP_301A_f660f3,,,,,
2026-09-12T00:06:04-05:00,PUR_IED_CULPOP_303_568afe,PUR_IED_CULPOP_303_568afe,,,,,
2026-09-12T00:06:04-05:00,PUR_IED_CULPOP_Ext_e02ccb,PUR_IED_CULPOP_Ext_e02ccb,,,,,
2026-09-12T00:06:04-05:00,PUR_IED_CVillavicen_Ext_26eb58,PUR_IED_CVillavicen_Ext_26eb58,4,15,76,4.487,-74.102798
2026-09-12T00:06:04-05:00,PUR_IED_CVillavicen_Intel_1ce5c2,PUR_IED_CVillavicen_Intel_1ce5c2,,,,,
2026-09-12T00:06:04-05:00,PUR_IED_CVillavicen_Poliv_e0766c,PUR_IED_CVillavicen_Poliv_e0766c,,,,,
2026-09-12T00:06:04-05:00,PUR_IED_CVillavicen_int_1ba140,PUR_IED_CVillavicen_int_1ba140,,,,,
2026-09-12T00:06:04-05:00,PUR_IED_CVillavicen_intel_1ba140,PUR_IED_CVillavicen_intel_1ba140,,,,,
2026-09-12T00:06:04-05:00,PUR_IED_CarlosPizarro_Ext_e307cc,PUR_IED_CarlosPizarro_Ext_e307cc,,,,,
2026-09-12T00:06:04-05:00,PUR_IED_CarlosPizarro_L36_7e5cdb,PUR_IED_CarlosPizarro_L36_7e5cdb,,,,,
2026-09-12T00:06:04-05:00,PUR_IED_CarlosPizarro_L37_c8566c,PUR_IED_CarlosPizarro_L37_c8566c,,,,,
2026-09-12T00:06:04-05:00,PUR_IED_Castilla_Ext_cf35f,PUR_IED_Castilla_Ext_cf35f,,,,,
2026-09-12T00:06:04-05:00,PUR_IED_Castilla_SFisik_360e38,PUR_IED_Castilla_SFisik_360e38,,,,,
2026-09-12T00:06:04-05:00,PUR_IED_Castilla_Sc304_496fbf,PUR_IED_Castilla_Sc304_496fbf,,,,,
2026-09-12T00:06:04-05:00,PUR_IED_CervantesSa_Ext_6b57b,PUR_IED_CervantesSa_Ext_6b57b,4,17,68,4.5128,-74.117203
2026-09-12T00:06:04-05:00,PUR_IED_CervantesSa_S107_225c2b,PUR_IED_CervantesSa_S107_225c2b,,,,,
2026-09-12T00:06:04-05:00,PUR_IED_CervantesSa_S108_940925,PUR_IED_CervantesSa_S108_940925,,,,,
2026-09-12T00:06:04-05:00,PUR_IED_Charry_A20_f53e7c,PUR_IED_Charry_A20_f53e7c,,,,,
2026-09-12T00:06:04-05:00,PUR_IED_Charry_Ext_f1d5cd,PUR_IED_Charry_Ext_f1d5cd,,,,,
2026-09-12T00:06:04-05:00,PUR_IED_Charry_IntAula20_dc998d,PUR_IED_Charry_IntAula20_dc998d,,,,,
2026-09-12T00:06:04-05:00,PUR_IED_Charry_IntDanzas_7a08e6,PUR_IED_Charry_IntDanzas_7a08e6,,,,,
2026-09-12T00:06:04-05:00,PUR_IED_ClememciaC_203_43e2fc,PUR_IED_ClememciaC_203_43e2fc,,,,,
2026-09-12T00:06:04-05:00,PUR_IED_ClememciaC_Ext_1b411a,PUR_IED_ClememciaC_Ext_1b411a,,,,,
2026-09-12T00:06:04-05:00,PUR_IED_ClememciaC_Quimic_44b5fc,PUR_IED_ClememciaC_Quimic_44b5fc,,,,,
2026-09-12T00:06:04-05:00,PUR_IED_ClemenciaC_203_43e2fc,PUR_IED_ClemenciaC_203_43e2fc,,,,,
2026-09-12T00:06:04-05:00,PUR_IED_ClemenciaC_Ext_1b411a,PUR_IED_ClemenciaC_Ext_1b411a,,,,,
2026-09-12T00:06:04-05:00,PUR_IED_ClemenciaC_Quimic_44b5fc,PUR_IED_ClemenciaC_Quimic_44b5fc,,,,,
2026-09-12T00:06:04-05:00,PUR_IED_ColViva_1101_S25_7f520a,PUR_IED_ColViva_1101_S25_7f520a,,,,,
2026-09-12T00:06:04-05:00,PUR_IED_ColViva_1102_S16_f570ba,PUR_IED_ColViva_1102_S16_f570ba,,,,,
2026-09-12T00:06:04-05:00,PUR_IED_ColViva_Ext_1a26fa,PUR_IED_ColViva_Ext_1a26fa,,,,,
2026-09-12T00:06:04-05:00,PUR_IED_ColegioBici_Asist_7c8798,PUR_IED_ColegioBici_Asist_7c8798,,,,,
2026-09-12T00:06:04-05:00,PUR_IED_ColegioBici_Ext_25cbf6,PUR_IED_ColegioBici_Ext_25cbf6,,,,,
2026-09-12T00:06:04-05:00,PUR_IED_ColegioBici_LabQ_7b57db,PUR_IED_ColegioBici_LabQ_7b57db,,,,,
2026-09-12T00:06:04-05:00,PUR_IED_CostaRica_Ext_5e640,PUR_IED_CostaRica_Ext_5e640,,,,,
2026-09-12T00:06:04-05:00,PUR_IED_CostaRica_Quim1_766d1c,PUR_IED_CostaRica_Quim1_766d1c,,,,,
2026-09-12T00:06:04-05:00,PUR_IED_CostaRica__Fisica_6f0873,PUR_IED_CostaRica__Fisica_6f0873,,,,,
2026-09-12T00:06:04-05:00,PUR_IED_CulPopu_301A_f660f3,PUR_IED_CulPopu_301A_f660f3,,,,,
2026-09-12T00:06:04-05:00,PUR_IED_CulPopu_303_568afe,PUR_IED_CulPopu_303_568afe,,,,,
2026-09-12T00:06:04-05:00,PUR_IED_CulPopu_Ext_e02ccb,PUR_IED_CulPopu_Ext_e02ccb,,,,,
2026-09-12T00:06:04-05:00,PUR_IED_Cundinamarca_Ext_f15985,PUR_IED_Cundinamarca_Ext_f15985,,,,,
2026-09-12T00:06:04-05:00,PUR_IED_Cundinamarca_Info_7aa5d7,PUR_IED_Cundinamarca_Info_7aa5d7,,,,,
2026-09-12T00:06:04-05:00,PUR_IED_Cundinamarca_Tec2_f449c7,PUR_IED_Cundinamarca_Tec2_f449c7,,,,,
2026-09-12T00:06:04-05:00,PUR_IED_DiegoM_Aula1_27b314,PUR_IED_DiegoM_Aula1_27b314,,,,,
2026-09-12T00:06:04-05:00,PUR_IED_DiegoM_Ext_d80ac8,PUR_IED_DiegoM_Ext_d80ac8,,,,,
2026-09-12T00:06:04-05:00,PUR_IED_DiegoM_S25_da928f,PUR_IED_DiegoM_S25_da928f,,,,,
2026-09-12T00:06:04-05:00,PUR_IED_ELRODEO_360881,PUR_IED_ELRODEO_360881,,,,,
2026-09-12T00:06:04-05:00,PUR_IED_ELRODEO_ext_360881,PUR_IED_ELRODEO_ext_360881,,,,,
2026-09-12T00:06:04-05:00,PUR_IED_EduardoU_Ext_1c1969,PUR_IED_EduardoU_Ext_1c1969,,,,,
2026-09-12T00:06:04-05:00,PUR_IED_EduardoU_SCiencia_4dfb94,PUR_IED_EduardoU_SCiencia_4dfb94,,,,,
2026-09-12T00:06:04-05:00,PUR_IED_EduardoU_SQuimica_5a46e7,PUR_IED_EduardoU_SQuimica_5a46e7,,,,,
2026-09-12T00:06:04-05:00,PUR_IED_ElRodeo_Aula14_676984,PUR_IED_ElRodeo_Aula14_676984,,,,,
2026-09-12T00:06:04-05:00,PUR_IED_ElRodeo_Aula16_2dd35b,PUR_IED_ElRodeo_Aula16_2dd35b,,,,,
2026-09-12T00:06:04-05:00,PUR_IED_ElRodeo_Ext_360881,PUR_IED_ElRodeo_Ext_360881,,,,,
2026-09-12T00:06:04-05:00,PUR_IED_ElRodeo_Exterior_8c6d28,PUR_IED_ElRodeo_Exterior_8c6d28,,,,,
2026-09-12T00:06:04-05:00,PUR_IED_ElRodeo_ext_360881,PUR_IED_ElRodeo_ext_360881,,,,,
2026-09-12T00:06:04-05:00,PUR_IED_EmmaReyes_Ext_987625,PUR_IED_EmmaReyes_Ext_987625,18,21,54,4.6367,-74.1511
2026-09-12T00:06:04-05:00,PUR_IED_Ensueño_Ext_7f0250,PUR_IED_Ensueño_Ext_7f0250,,,,,
2026-09-12T00:06:04-05:00,PUR_IED_EscNormal_Ext_5fef3b,PUR_IED_EscNormal_Ext_5fef3b,2,18,58,4.5852,-74.096901
2026-09-12T00:06:04-05:00,PUR_IED_EscNormal_S309_5b263,PUR_IED_EscNormal_S309_5b263,,,,,
2026-09-12T00:06:04-05:00,PUR_IED_EscNormal_S310_27b3b8,PUR_IED_EscNormal_S310_27b3b8,,,,,
2026-09-12T00:06:04-05:00,PUR_IED_Evangelista_Conta_f6cd4f,PUR_IED_Evangelista_Conta_f6cd4f,,,,,
2026-09-12T00:06:04-05:00,PUR_IED_Evangelista_Cri_5e16a,PUR_IED_Evangelista_Cri_5e16a,,,,,
2026-09-12T00:06:04-05:00,PUR_IED_Evangelista_Exter_754066,PUR_IED_Evangelista_Exter_754066,,,,,
2026-09-12T00:06:04-05:00,PUR_IED_FMiranda_S209_5cc2a3,PUR_IED_FMiranda_S209_5cc2a3,,,,,
2026-09-12T00:06:04-05:00,PUR_IED_FMiranda_S303_19e344,PUR_IED_FMiranda_S303_19e344,,,,,
2026-09-12T00:06:04-05:00,PUR_IED_FMiranda_ext_f53e7c,PUR_IED_FMiranda_ext_f53e7c,,,,,
2026-09-12T00:06:04-05:00,PUR_IED_FabioLozano_Bibli_1cee05,PUR_IED_FabioLozano_Bibli_1cee05,,,,,
2026-09-12T00:06:04-05:00,PUR_IED_FabioLozano_Ext_6ea285,PUR_IED_FabioLozano_Ext_6ea285,,,,,
2026-09-12T00:06:04-05:00,PUR_IED_FabioLozano_SLudi_f09e1e,PUR_IED_FabioLozano_SLudi_f09e1e,,,,,
2026-09-12T00:06:04-05:00,PUR_IED_FaustinoS_Aula07_27a731,PUR_IED_FaustinoS_Aula07_27a731,,,,,
2026-09-12T00:06:04-05:00,PUR_IED_FaustinoS_Ext_7b936f,PUR_IED_FaustinoS_Ext_7b936f,,,,,
2026-09-12T00:06:04-05:00,PUR_IED_FaustinoS_Fisica_da2c60,PUR_IED_FaustinoS_Fisica_da2c60,,,,,
2026-09-12T00:06:04-05:00,PUR_IED_FeGarciaLo_Ext_dc68ee,PUR_IED_FeGarciaLo_Ext_dc68ee,,,,,
2026-09-12T00:06:04-05:00,PUR_IED_FeGarciaLo_SDanza_f70a59,PUR_IED_FeGarciaLo_SDanza_f70a59,,,,,
2026-09-12T00:06:04-05:00,PUR_IED_FeGarciaLo_SMusic_125cdd,PUR_IED_FeGarciaLo_SMusic_125cdd,,,,,
2026-09-12T00:06:04-05:00,PUR_IED_FederalAlema_Exte_50c345,PUR_IED_FederalAlema_Exte_50c345,,,,,
2026-09-12T00:06:04-05:00,PUR_IED_FederalAlema_S31_f18371,PUR_IED_FederalAlema_S31_f18371,,,,,
2026-09-12T00:06:04-05:00,PUR_IED_FederalAlema_S901_a62cd,PUR_IED_FederalAlema_S901_a62cd,,,,,
2026-09-12T00:06:04-05:00,PUR_IED_FilarmonicaS_A5_f35eb1,PUR_IED_FilarmonicaS_A5_f35eb1,,,,,
2026-09-12T00:06:04-05:00,PUR_IED_FilarmonicaS_Ext_8a3bde,PUR_IED_FilarmonicaS_Ext_8a3bde,,,,,
2026-09-12T00:06:04-05:00,PUR_IED_FilarmonicaS_Spol_406114,PUR_IED_FilarmonicaS_Spol_406114,,,,,
2026-09-12T00:06:04-05:00,PUR_IED_FlorentinoG_A13_d1fa59,PUR_IED_FlorentinoG_A13_d1fa59,,,,,
2026-09-12T00:06:04-05:00,PUR_IED_FlorentinoG_Ext_1ce6ce,PUR_IED_FlorentinoG_Ext_1ce6ce,,,,,
2026-09-12T00:06:04-05:00,PUR_IED_FlorentinoG_Idiom_a66aac,PUR_IED_FlorentinoG_Idiom_a66aac,,,,,
2026-09-12T00:06:04-05:00,PUR_IED_FranciscoMati_Ext_e3869d,PUR_IED_FranciscoMati_Ext_e3869d,,,,,
2026-09-12T00:06:04-05:00,PUR_IED_FranciscoMati_S13_f31c67,PUR_IED_FranciscoMati_S13_f31c67,,,,,
2026-09-12T00:06:04-05:00,PUR_IED_FranciscoMati_S14_97dead,PUR_IED_FranciscoMati_S14_97dead,,,,,
2026-09-12T00:06:04-05:00,PUR_IED_FranciscoPS_Ext_7bfa9a,PUR_IED_FranciscoPS_Ext_7bfa9a,2,20,58,4.5899,-74.110397
2026-09-12T00:06:04-05:00,PUR_IED_FranciscoPS_Infor_fb8f4c,PUR_IED_FranciscoPS_Infor_fb8f4c,,,,,
2026-09-12T00:06:04-05:00,PUR_IED_FranciscoPS_Quimi_94d39c,PUR_IED_FranciscoPS_Quimi_94d39c,,,,,
2026-09-12T00:06:04-05:00,PUR_IED_FranciscoP_LabQ_d7e148,PUR_IED_FranciscoP_LabQ_d7e148,,,,,
2026-09-12T00:06:04-05:00,PUR_IED_FranciscoP_S28_cf9b30,PUR_IED_FranciscoP_S28_cf9b30,,,,,
2026-09-12T00:06:04-05:00,PUR_IED_FranciscoP_ext_e2313,PUR_IED_FranciscoP_ext_e2313,,,,,
2026-09-12T00:06:04-05:00,PUR_IED_FriederichN_Ext_8ac92a,PUR_IED_FriederichN_Ext_8ac92a,,,,,
2026-09-12T00:06:04-05:00,PUR_IED_FriederichN_S301_dd7e5a,PUR_IED_FriederichN_S301_dd7e5a,,,,,
2026-09-12T00:06:04-05:00,PUR_IED_FriederichN_S308_761f4f,PUR_IED_FriederichN_S308_761f4f,,,,,
2026-09-12T00:06:04-05:00,PUR_IED_GSantander_Aula10_533dd7,PUR_IED_GSantander_Aula10_533dd7,,,,,
2026-09-12T00:06:04-05:00,PUR_IED_GSantander_Aula12_fd4e4f,PUR_IED_GSantander_Aula12_fd4e4f,,,,,
2026-09-12T00:06:04-05:00,PUR_IED_GSantander_Aula310_533dd7,PUR_IED_GSantander_Aula310_533dd7,,,,,
2026-09-12T00:06:04-05:00,PUR_IED_GSantander_Aula312_fd4e4f,PUR_IED_GSantander_Aula312_fd4e4f,,,,,
2026-09-12T00:06:04-05:00,PUR_IED_GSantander_Ext_5f66b0,PUR_IED_GSantander_Ext_5f66b0,,,,,
2026-09-12T00:06:04-05:00,PUR_IED_GYomasa_Ext_f6bea5,PUR_IED_GYomasa_Ext_f6bea5,,,,,
2026-09-12T00:06:04-05:00,PUR_IED_GYomasa_LBiol_2c41aa,PUR_IED_GYomasa_LBiol_2c41aa,,,,,
2026-09-12T00:06:04-05:00,PUR_IED_GYomasa_LQuim_33c80,PUR_IED_GYomasa_LQuim_33c80,,,,,
2026-09-12T00:06:04-05:00,PUR_IED_GabBetMejia_Cienc_5a99c,PUR_IED_GabBetMejia_Cienc_5a99c,,,,,
2026-09-12T00:06:04-05:00,PUR_IED_GabBetMejia_Ext_9153d0,PUR_IED_GabBetMejia_Ext_9153d0,,,,,
2026-09-12T00:06:04-05:00,PUR_IED_GabBetMejia_Lab_f55347,PUR_IED_GabBetMejia_Lab_f55347,,,,,
2026-09-12T00:06:04-05:00,PUR_IED_GabBetanMejia_Ext_9153d0,PUR_IED_GabBetanMejia_Ext_9153d0,,,,,
2026-09-12T00:06:04-05:00,PUR_IED_Gaitana_Aula13_7aac11,PUR_IED_Gaitana_Aula13_7aac11,,,,,
2026-09-12T00:06:04-05:00,PUR_IED_Gaitana_Ext_5fcf4,PUR_IED_Gaitana_Ext_5fcf4,,,,,
2026-09-12T00:06:04-05:00,PUR_IED_Gaitana_LabFisica_644448,PUR_IED_Gaitana_LabFisica_644448,,,,,
2026-09-12T00:06:04-05:00,PUR_IED_GenSantander_Dise_8ac858,PUR_IED_GenSantander_Dise_8ac858,,,,,
2026-09-12T00:06:04-05:00,PUR_IED_GenSantander_Ext_8d5dfe,PUR_IED_GenSantander_Ext_8d5dfe,,,,,
2026-09-12T00:06:04-05:00,PUR_IED_GenSantander_Info_6c25b,PUR_IED_GenSantander_Info_6c25b,,,,,
2026-09-12T00:06:04-05:00,PUR_IED_GustavoMo_Exterio_75e63d,PUR_IED_GustavoMo_Exterio_75e63d,,,,,
2026-09-12T00:06:04-05:00,PUR_IED_GustavoMo_LabFisi_224d37,PUR_IED_GustavoMo_LabFisi_224d37,,,,,
2026-09-12T00:06:04-05:00,PUR_IED_GustavoMo_S208_3e6918,PUR_IED_GustavoMo_S208_3e6918,,,,,
2026-09-12T00:06:04-05:00,PUR_IED_GustavoR_A02_8cd4a8,PUR_IED_GustavoR_A02_8cd4a8,,,,,
2026-09-12T00:06:04-05:00,PUR_IED_GustavoR_B11_5b0ed,PUR_IED_GustavoR_B11_5b0ed,,,,,
2026-09-12T00:06:04-05:00,PUR_IED_GustavoR_Ext_7a0c90,PUR_IED_GustavoR_Ext_7a0c90,,,,,
2026-09-12T00:06:04-05:00,PUR_IED_HernandoDuran_Ext_8cd82b,PUR_IED_HernandoDuran_Ext_8cd82b,,,,,
2026-09-12T00:06:04-05:00,PUR_IED_HernandoDuran_S24_2772c6,PUR_IED_HernandoDuran_S24_2772c6,,,,,
2026-09-12T00:06:04-05:00,PUR_IED_HernandoDuran_S30_f2de41,PUR_IED_HernandoDuran_S30_f2de41,,,,,
2026-09-12T00:06:04-05:00,PUR_IED_HolguInUr_S1101_8cd732,PUR_IED_HolguInUr_S1101_8cd732,,,,,
2026-09-12T00:06:04-05:00,PUR_IED_HolguinUr_Exter_ddae6d,PUR_IED_HolguinUr_Exter_ddae6d,,,,,
2026-09-12T00:06:04-05:00,PUR_IED_HolguinUr_LabQuim_92b952,PUR_IED_HolguinUr_LabQuim_92b952,,,,,
2026-09-12T00:06:04-05:00,PUR_IED_Isabel-II_Ext_5245cc,PUR_IED_Isabel-II_Ext_5245cc,13,19,59,4.6336,-74.153
2026-09-12T00:06:04-05:00,PUR_IED_Isabel-II_S_idiom_1c29aa,PUR_IED_Isabel-II_S_idiom_1c29aa,,,,,
2026-09-12T00:06:04-05:00,PUR_IED_Isabel-II_S_infor_fd741,PUR_IED_Isabel-II_S_infor_fd741,,,,,
2026-09-12T00:06:04-05:00,PUR_IED_IsidroSur_Exterio_5b90ea,PUR_IED_IsidroSur_Exterio_5b90ea,,,,,
2026-09-12T00:06:04-05:00,PUR_IED_IsidroSur_LabTec_56697a,PUR_IED_IsidroSur_LabTec_56697a,,,,,
2026-09-12T00:06:04-05:00,PUR_IED_IsidroSur_Robotic_b7c38f,PUR_IED_IsidroSur_Robotic_b7c38f,,,,,
2026-09-12T00:06:04-05:00,PUR_IED_IsmaelPerd_Ext_7b6672,PUR_IED_IsmaelPerd_Ext_7b6672,,,,,
2026-09-12T00:06:04-05:00,PUR_IED_IsmaelPerd_Inform_306540,PUR_IED_IsmaelPerd_Inform_306540,,,,,
2026-09-12T00:06:04-05:00,PUR_IED_IsmaelPerd_S30_2e2c83,PUR_IED_IsmaelPerd_S30_2e2c83,,,,,
2026-09-12T00:06:04-05:00,PUR_IED_JLozano_Exter_432910,PUR_IED_JLozano_Exter_432910,,,,,
2026-09-12T00:06:04-05:00,PUR_IED_JLozano_salaMulti_df5125,PUR_IED_JLozano_salaMulti_df5125,,,,,
2026-09-12T00:06:04-05:00,PUR_IED_JMCordoba_206_86f80b,PUR_IED_JMCordoba_206_86f80b,,,,,
2026-09-12T00:06:04-05:00,PUR_IED_JMCordoba_Ext_27ad97,PUR_IED_JMCordoba_Ext_27ad97,,,,,
2026-09-12T00:06:04-05:00,PUR_IED_JMCordoba_S310_d59ab4,PUR_IED_JMCordoba_S310_d59ab4,,,,,
2026-09-12T00:06:04-05:00,PUR_IED_Japon_Ext_549100,PUR_IED_Japon_Ext_549100,,,,,
2026-09-12T00:06:04-05:00,PUR_IED_Japon_Laboratorio_bec51d,PUR_IED_Japon_Laboratorio_bec51d,,,,,
2026-09-12T00:06:04-05:00,PUR_IED_Japon_informatica_d99327,PUR_IED_Japon_informatica_d99327,,,,,
2026-09-12T00:06:04-05:00,PUR_IED_Jazmin_Ext_d27bda,PUR_IED_Jazmin_Ext_d27bda,,,,,
2026-09-12T00:06:04-05:00,PUR_IED_Jazmin_Fisica_8d14d7,PUR_IED_Jazmin_Fisica_8d14d7,,,,,
2026-09-12T00:06:04-05:00,PUR_IED_Jazmin_Quimica_801cb5,PUR_IED_Jazmin_Quimica_801cb5,,,,,
2026-09-12T00:06:04-05:00,PUR_IED_JorgeGaitan_Exter_f098d1,PUR_IED_JorgeGaitan_Exter_f098d1,,,,,
2026-09-12T00:06:04-05:00,PUR_IED_JorgeGaitan_STec1_dc9d1d,PUR_IED_JorgeGaitan_STec1_dc9d1d,,,,,
2026-09-12T00:06:04-05:00,PUR_IED_JorgeGaitan_STec2_281e69,PUR_IED_JorgeGaitan_STec2_281e69,,,,,
2026-09-12T00:06:04-05:00,PUR_IED_JorgeSoto_Exterio_d9d0a2,PUR_IED_JorgeSoto_Exterio_d9d0a2,,,,,
2026-09-12T00:06:04-05:00,PUR_IED_JorgeSoto_LabFisi_209c54,PUR_IED_JorgeSoto_LabFisi_209c54,,,,,
2026-09-12T00:06:04-05:00,PUR_IED_JorgeSoto_S103_27b51a,PUR_IED_JorgeSoto_S103_27b51a,,,,,
2026-09-12T00:06:04-05:00,PUR_IED_JoseAcevedo_A02_e965eb,PUR_IED_JoseAcevedo_A02_e965eb,,,,,
2026-09-12T00:06:04-05:00,PUR_IED_JoseAcevedo_A07_dd5b4,PUR_IED_JoseAcevedo_A07_dd5b4,,,,,
2026-09-12T00:06:04-05:00,PUR_IED_JoseAcevedo_Ext_b47484,PUR_IED_JoseAcevedo_Ext_b47484,,,,,
2026-09-12T00:06:04-05:00,PUR_IED_JoseMarti_Exte_5b9bf,PUR_IED_JoseMarti_Exte_5b9bf,,,,,
2026-09-12T00:06:04-05:00,PUR_IED_JoseMarti_LabQuim_1c6c2d,PUR_IED_JoseMarti_LabQuim_1c6c2d,,,,,
2026-09-12T00:06:04-05:00,PUR_IED_JoseMarti_S_info_f5f177,PUR_IED_JoseMarti_S_info_f5f177,,,,,
2026-09-12T00:06:04-05:00,PUR_IED_Josejoaquin_Ext_dfc5dc,PUR_IED_Josejoaquin_Ext_dfc5dc,,,,,
2026-09-12T00:06:04-05:00,PUR_IED_Josejoaquin_S05_5b2a96,PUR_IED_Josejoaquin_S05_5b2a96,,,,,
2026-09-12T00:06:04-05:00,PUR_IED_Josejoaquin_S06_1ce7d2,PUR_IED_Josejoaquin_S06_1ce7d2,,,,,
2026-09-12T00:06:04-05:00,PUR_IED_JulioFlorez_Danza_9b82dd,PUR_IED_JulioFlorez_Danza_9b82dd,,,,,
2026-09-12T00:06:04-05:00,PUR_IED_JulioFlorez_Exter_f9f314,PUR_IED_JulioFlorez_Exter_f9f314,,,,,
2026-09-12T00:06:04-05:00,PUR_IED_JulioFlorez_info2_6b6e08,PUR_IED_JulioFlorez_info2_6b6e08,,,,,
2026-09-12T00:06:04-05:00,PUR_IED_LaBelleza_Aula13_1d00d8,PUR_IED_LaBelleza_Aula13_1d00d8,,,,,
2026-09-12T00:06:04-05:00,PUR_IED_LaBelleza_Ext_7bc08c,PUR_IED_LaBelleza_Ext_7bc08c,,,,,
2026-09-12T00:06:04-05:00,PUR_IED_LaChucua_Ext_8cd6d2,PUR_IED_LaChucua_Ext_8cd6d2,,,,,
2026-09-12T00:06:04-05:00,PUR_IED_LaChucua_S15_f578ce,PUR_IED_LaChucua_S15_f578ce,,,,,
2026-09-12T00:06:04-05:00,PUR_IED_LaChucua_S16_eebcf9,PUR_IED_LaChucua_S16_eebcf9,,,,,
2026-09-12T00:06:04-05:00,PUR_IED_LaFelicidad_Ext_fb5109,PUR_IED_LaFelicidad_Ext_fb5109,,,,,
2026-09-12T00:06:04-05:00,PUR_IED_LaMerced_206_66ebd,PUR_IED_LaMerced_206_66ebd,,,,,
2026-09-12T00:06:04-05:00,PUR_IED_LaMerced_207_6ebd6,PUR_IED_LaMerced_207_6ebd6,,,,,
2026-09-12T00:06:04-05:00,PUR_IED_LaMerced_ext_304311,PUR_IED_LaMerced_ext_304311,,,,,
2026-09-12T00:06:04-05:00,PUR_IED_Laureano_CiencNat_281e5e,PUR_IED_Laureano_CiencNat_281e5e,,,,,
2026-09-12T00:06:04-05:00,PUR_IED_Laureano_Comedor_f65c0a,PUR_IED_Laureano_Comedor_f65c0a,,,,,
2026-09-12T00:06:04-05:00,PUR_IED_Laureano_Exterior_7ab011,PUR_IED_Laureano_Exterior_7ab011,,,,,
2026-09-12T00:06:04-05:00,PUR_IED_LeonGreiff_Exte_dfe560,PUR_IED_LeonGreiff_Exte_dfe560,,,,,
2026-09-12T00:06:04-05:00,PUR_IED_LeonGreiff_S210_f264ed,PUR_IED_LeonGreiff_S210_f264ed,,,,,
2026-09-12T00:06:04-05:00,PUR_IED_LeonGreiff_SQuimi_e8296f,PUR_IED_LeonGreiff_SQuimi_e8296f,,,,,
2026-09-12T00:06:04-05:00,PUR_IED_LlanoOrientalS208_7b9fcd,PUR_IED_LlanoOrientalS208_7b9fcd,,,,,
2026-09-12T00:06:04-05:00,PUR_IED_LlanoOriental_Ext_fb3766,PUR_IED_LlanoOriental_Ext_fb3766,,,,,
2026-09-12T00:06:04-05:00,PUR_IED_LlanoOriental_S208_7b9fcd,PUR_IED_LlanoOriental_S208_7b9fcd,,,,,
2026-09-12T00:06:04-05:00,PUR_IED_LlanoOriental_S9_27b378,PUR_IED_LlanoOriental_S9_27b378,,,,,
2026-09-12T00:06:04-05:00,PUR_IED_LosTejares_1101_477602,PUR_IED_LosTejares_1101_477602,,,,,
2026-09-12T00:06:04-05:00,PUR_IED_LosTejares_11_d2c595,PUR_IED_LosTejares_11_d2c595,,,,,
2026-09-12T00:06:04-05:00,PUR_IED_LosTejares_12_477602,PUR_IED_LosTejares_12_477602,,,,,
2026-09-12T00:06:04-05:00,PUR_IED_LosTejares_Ext_8e2115,PUR_IED_LosTejares_Ext_8e2115,,,,,
2026-09-12T00:06:04-05:00,PUR_IED_MagdalenaO_B202_5ddda3,PUR_IED_MagdalenaO_B202_5ddda3,,,,,
2026-09-12T00:06:04-05:00,PUR_IED_MagdalenaO_B205_fb76e8,PUR_IED_MagdalenaO_B205_fb76e8,,,,,
2026-09-12T00:06:04-05:00,PUR_IED_MagdalenaO_ext_dc69cd,PUR_IED_MagdalenaO_ext_dc69cd,,,,,
2026-09-12T00:06:04-05:00,PUR_IED_ManueCepeda_artes_eee956,PUR_IED_ManueCepeda_artes_eee956,,,,,
2026-09-12T00:06:04-05:00,PUR_IED_ManuelCepeda_Ext_58313,PUR_IED_ManuelCepeda_Ext_58313,,,,,
2026-09-12T00:06:04-05:00,PUR_IED_ManuelCepeda_tec_1c5731,PUR_IED_ManuelCepeda_tec_1c5731,,,,,
2026-09-12T00:06:04-05:00,PUR_IED_ManuelS_Exterior_5b269,PUR_IED_ManuelS_Exterior_5b269,,,,,
2026-09-12T00:06:04-05:00,PUR_IED_ManuelS_Inform_f369ce,PUR_IED_ManuelS_Inform_f369ce,,,,,
2026-09-12T00:06:04-05:00,PUR_IED_ManuelS_SArtes_7d15f1,PUR_IED_ManuelS_SArtes_7d15f1,,,,,
2026-09-12T00:06:04-05:00,PUR_IED_ManuelZapata_303_3ca6,PUR_IED_ManuelZapata_303_3ca6,,,,,
2026-09-12T00:06:04-05:00,PUR_IED_ManuelZapata_311_bfbabc,PUR_IED_ManuelZapata_311_bfbabc,,,,,
2026-09-12T00:06:04-05:00,PUR_IED_ManuelZapata_Ext_50824a,PUR_IED_ManuelZapata_Ext_50824a,,,,,
2026-09-12T00:06:04-05:00,PUR_IED_ManuelitaS_Exteri_656a92,PUR_IED_ManuelitaS_Exteri_656a92,,,,,
2026-09-12T00:06:04-05:00,PUR_IED_ManuelitaS_JuzgDe_f58ec3,PUR_IED_ManuelitaS_JuzgDe_f58ec3,,,,,
2026-09-12T00:06:04-05:00,PUR_IED_ManuelitaS_Recrea_d793db,PUR_IED_ManuelitaS_Recrea_d793db,,,,,
2026-09-12T00:06:04-05:00,PUR_IED_MarFidSuarez_Ext_c27b19,PUR_IED_MarFidSuarez_Ext_c27b19,,,,,
2026-09-12T00:06:04-05:00,PUR_IED_MarFidSuarez_Info_e384d7,PUR_IED_MarFidSuarez_Info_e384d7,,,,,
2026-09-12T00:06:04-05:00,PUR_IED_MarFidSuarez_S306_1d0032,PUR_IED_MarFidSuarez_S306_1d0032,,,,,
2026-09-12T00:06:04-05:00,PUR_IED_Menorah_301_2a25a3,PUR_IED_Menorah_301_2a25a3,,,,,
2026-09-12T00:06:04-05:00,PUR_IED_Menorah_306_37ed3,PUR_IED_Menorah_306_37ed3,,,,,
2026-09-12T00:06:04-05:00,PUR_IED_Menorah_Ext_3e155b,PUR_IED_Menorah_Ext_3e155b,,,,,
2026-09-12T00:06:04-05:00,PUR_IED_MinutoB.Aires_A11_1b1604,PUR_IED_MinutoB.Aires_A11_1b1604,,,,,
2026-09-12T00:06:04-05:00,PUR_IED_MinutoB.Aires_A12_fb5860,PUR_IED_MinutoB.Aires_A12_fb5860,,,,,
2026-09-12T00:06:04-05:00,PUR_IED_MinutoB.Aires_Ext_81293f,PUR_IED_MinutoB.Aires_Ext_81293f,,,,,
2026-09-12T00:06:04-05:00,PUR_IED_MinutoBAires_A11_1b1604,PUR_IED_MinutoBAires_A11_1b1604,,,,,
2026-09-12T00:06:04-05:00,PUR_IED_MinutoBAires_A12_fb5860,PUR_IED_MinutoBAires_A12_fb5860,,,,,
2026-09-12T00:06:04-05:00,PUR_IED_MinutoBAires_Ext_81293f,PUR_IED_MinutoBAires_Ext_81293f,,,,,
2026-09-12T00:06:04-05:00,PUR_IED_Montreal_Aula10_1e4959,PUR_IED_Montreal_Aula10_1e4959,,,,,
2026-09-12T00:06:04-05:00,PUR_IED_Montreal_Aula6_300367,PUR_IED_Montreal_Aula6_300367,,,,,
2026-09-12T00:06:04-05:00,PUR_IED_Montreal_Exterior_91a179,PUR_IED_Montreal_Exterior_91a179,,,,,
2026-09-12T00:06:04-05:00,PUR_IED_Mqgdalena_B202_5ddda3,PUR_IED_Mqgdalena_B202_5ddda3,,,,,
2026-09-12T00:06:04-05:00,PUR_IED_NACUND_Soc_dc8728,PUR_IED_NACUND_Soc_dc8728,,,,,
2026-09-12T00:06:04-05:00,PUR_IED_NACUND_ext_27ad97,PUR_IED_NACUND_ext_27ad97,,,,,
2026-09-12T00:06:04-05:00,PUR_IED_NEsperanza_Ext_d24b61,PUR_IED_NEsperanza_Ext_d24b61,,,,,
2026-09-12T00:06:04-05:00,PUR_IED_NEsperanza_SElect_7d1807,PUR_IED_NEsperanza_SElect_7d1807,,,,,
2026-09-12T00:06:04-05:00,PUR_IED_NEsperanza_SLabor_8b2d0a,PUR_IED_NEsperanza_SLabor_8b2d0a,,,,,
2026-09-12T00:06:04-05:00,PUR_IED_NacionesU_Ext_f661a9,PUR_IED_NacionesU_Ext_f661a9,,,,,
2026-09-12T00:06:04-05:00,PUR_IED_NacionesU_Quimica_66f0a,PUR_IED_NacionesU_Quimica_66f0a,,,,,
2026-09-12T00:06:04-05:00,PUR_IED_NacionesU_S306_1b4b3d,PUR_IED_NacionesU_S306_1b4b3d,,,,,
2026-09-12T00:06:04-05:00,PUR_IED_NestorFA_Ext_e4201c,PUR_IED_NestorFA_Ext_e4201c,,,,,
2026-09-12T00:06:04-05:00,PUR_IED_NestorFA_Laborato_f22fe0,PUR_IED_NestorFA_Laborato_f22fe0,,,,,
2026-09-12T00:06:04-05:00,PUR_IED_NestorFA_S204_dee996,PUR_IED_NestorFA_S204_dee996,,,,,
2026-09-12T00:06:04-05:00,PUR_IED_NidyaQT_Aula03_76999b,PUR_IED_NidyaQT_Aula03_76999b,,,,,
2026-09-12T00:06:04-05:00,PUR_IED_NidyaQT_Aula10_56325,PUR_IED_NidyaQT_Aula10_56325,,,,,
2026-09-12T00:06:04-05:00,PUR_IED_NidyaQT_Ext_46e32d,PUR_IED_NidyaQT_Ext_46e32d,,,,,
2026-09-12T00:06:04-05:00,PUR_IED_NuevaCol_Exterior_d9b859,PUR_IED_NuevaCol_Exterior_d9b859,,,,,
2026-09-12T00:06:04-05:00,PUR_IED_NuevaCol_S1101_76c43b,PUR_IED_NuevaCol_S1101_76c43b,,,,,
2026-09-12T00:06:04-05:00,PUR_IED_NuevaCol_S1102_1ce0b5,PUR_IED_NuevaCol_S1102_1ce0b5,,,,,
2026-09-12T00:06:04-05:00,PUR_IED_OEA_A202_f7e3f2,PUR_IED_OEA_A202_f7e3f2,,,,,
2026-09-12T00:06:04-05:00,PUR_IED_OEA_A203_7d1b8d,PUR_IED_OEA_A203_7d1b8d,,,,,
2026-09-12T00:06:04-05:00,PUR_IED_OEA_Ext_27b593,PUR_IED_OEA_Ext_27b593,,,,,
2026-09-12T00:06:04-05:00,PUR_IED_Ochoa_Ext_1c29da,PUR_IED_Ochoa_Ext_1c29da,,,,,
2026-09-12T00:06:04-05:00,PUR_IED_Ochoa_S205_8b1121,PUR_IED_Ochoa_S205_8b1121,,,,,
2026-09-12T00:06:04-05:00,PUR_IED_Ochoa_Sistemas_f33af6,PUR_IED_Ochoa_Sistemas_f33af6,,,,,
2026-09-12T00:06:04-05:00,PUR_IED_PQuebec_Ext_1c67c7,PUR_IED_PQuebec_Ext_1c67c7,,,,,
2026-09-12T00:06:04-05:00,PUR_IED_PQuebec_S15_23e8e2,PUR_IED_PQuebec_S15_23e8e2,,,,,
2026-09-12T00:06:04-05:00,PUR_IED_PQuebec_S16_8ec76b,PUR_IED_PQuebec_S16_8ec76b,,,,,
2026-09-12T00:06:04-05:00,PUR_IED_PabloN_Ext_49dc96,PUR_IED_PabloN_Ext_49dc96,,,,,
2026-09-12T00:06:04-05:00,PUR_IED_PabloN_S1102_4e3df5,PUR_IED_PabloN_S1102_4e3df5,,,,,
2026-09-12T00:06:04-05:00,PUR_IED_PabloN_S1103_50c94b,PUR_IED_PabloN_S1103_50c94b,,,,,
2026-09-12T00:06:04-05:00,PUR_IED_Palestina_S1101_db9198,PUR_IED_Palestina_S1101_db9198,,,,,
2026-09-12T00:06:04-05:00,PUR_IED_Palestina_S1102_dc54fa,PUR_IED_Palestina_S1102_dc54fa,,,,,
2026-09-12T00:06:04-05:00,PUR_IED_Palestina_ext_4ccce6,PUR_IED_Palestina_ext_4ccce6,,,,,
2026-09-12T00:06:04-05:00,PUR_IED_Panama_Fisica_4d0794,PUR_IED_Panama_Fisica_4d0794,,,,,
2026-09-12T00:06:04-05:00,PUR_IED_Panama_SIngles_a4077e,PUR_IED_Panama_SIngles_a4077e,,,,,
2026-09-12T00:06:04-05:00,PUR_IED_Panama_ext_4c54b4,PUR_IED_Panama_ext_4c54b4,,,,,
2026-09-12T00:06:04-05:00,PUR_IED_ParaisoM_Exterior_8cd7f0,PUR_IED_ParaisoM_Exterior_8cd7f0,,,,,
2026-09-12T00:06:04-05:00,PUR_IED_ParaisoM_Laborato_27af35,PUR_IED_ParaisoM_Laborato_27af35,,,,,
2026-09-12T00:06:04-05:00,PUR_IED_ParaisoM_S304_d1edca,PUR_IED_ParaisoM_S304_d1edca,,,,,
2026-09-12T00:06:04-05:00,PUR_IED_PorfirioBarba_Ext_301466,PUR_IED_PorfirioBarba_Ext_301466,,,,,
2026-09-12T00:06:04-05:00,PUR_IED_PorfirioBarba_S11_df6cd2,PUR_IED_PorfirioBarba_S11_df6cd2,,,,,
2026-09-12T00:06:04-05:00,PUR_IED_PorfirioBarba_S29_27a7d6,PUR_IED_PorfirioBarba_S29_27a7d6,,,,,
2026-09-12T00:06:04-05:00,PUR_IED_PradoV_Exter_8b27ad,PUR_IED_PradoV_Exter_8b27ad,,,,,
2026-09-12T00:06:04-05:00,PUR_IED_PradoV_S301_de65b5,PUR_IED_PradoV_S301_de65b5,,,,,
2026-09-12T00:06:04-05:00,PUR_IED_PradoV_S302_7d2593,PUR_IED_PradoV_S302_7d2593,,,,,
2026-09-12T00:06:04-05:00,PUR_IED_QuirogaAlz_Ext_1ddc82,PUR_IED_QuirogaAlz_Ext_1ddc82,,,,,
2026-09-12T00:06:04-05:00,PUR_IED_QuirogaAlz_S302_9926a3,PUR_IED_QuirogaAlz_S302_9926a3,,,,,
2026-09-12T00:06:04-05:00,PUR_IED_QuirogaAlz_S305_cdf1f1,PUR_IED_QuirogaAlz_S305_cdf1f1,,,,,
2026-09-12T00:06:04-05:00,PUR_IED_RGuatemala_Biling_dc53b7,PUR_IED_RGuatemala_Biling_dc53b7,,,,,
2026-09-12T00:06:04-05:00,PUR_IED_RGuatemala_Ext_1b89a3,PUR_IED_RGuatemala_Ext_1b89a3,,,,,
2026-09-12T00:06:04-05:00,PUR_IED_RGuatemala_Tecnol_281a34,PUR_IED_RGuatemala_Tecnol_281a34,,,,,
2026-09-12T00:06:04-05:00,PUR_IED_RafaNu_Ext_f7c302,PUR_IED_RafaNu_Ext_f7c302,,,,,
2026-09-12T00:06:04-05:00,PUR_IED_RafaNu_S1101_25fde,PUR_IED_RafaNu_S1101_25fde,,,,,
2026-09-12T00:06:04-05:00,PUR_IED_RafaNu_S1102_281517,PUR_IED_RafaNu_S1102_281517,,,,,
2026-09-12T00:06:04-05:00,PUR_IED_RafaelB_S305_ee2783,PUR_IED_RafaelB_S305_ee2783,,,,,
2026-09-12T00:06:04-05:00,PUR_IED_RafaelB_S306_75fe33,PUR_IED_RafaelB_S306_75fe33,,,,,
2026-09-12T00:06:04-05:00,PUR_IED_RafaelB_ext_283336,PUR_IED_RafaelB_ext_283336,2,18,57,4.6722,-74.0737
2026-09-12T00:06:04-05:00,PUR_IED_RafaelUU_Exterior_281a51,PUR_IED_RafaelUU_Exterior_281a51,,,,,
2026-09-12T00:06:04-05:00,PUR_IED_RafaelUU_Human_806b2,PUR_IED_RafaelUU_Human_806b2,,,,,
2026-09-12T00:06:04-05:00,PUR_IED_RafaelUU_Mate2_5680d4,PUR_IED_RafaelUU_Mate2_5680d4,,,,,
2026-09-12T00:06:04-05:00,PUR_IED_RamonSub_Ext_f9eeb9,PUR_IED_RamonSub_Ext_f9eeb9,,,,,
2026-09-12T00:06:04-05:00,PUR_IED_RamonSub_Media_d1f62f,PUR_IED_RamonSub_Media_d1f62f,,,,,
2026-09-12T00:06:04-05:00,PUR_IED_RamonSub_planta_51b82,PUR_IED_RamonSub_planta_51b82,,,,,
2026-09-12T00:06:04-05:00,PUR_IED_RepBoliVene_Exter_27af7c,PUR_IED_RepBoliVene_Exter_27af7c,,,,,
2026-09-12T00:06:04-05:00,PUR_IED_RepBoliVene_SCPT_5ae2ee,PUR_IED_RepBoliVene_SCPT_5ae2ee,,,,,
2026-09-12T00:06:04-05:00,PUR_IED_RepBoliVene_Socia_4b11d5,PUR_IED_RepBoliVene_Socia_4b11d5,,,,,
2026-09-12T00:06:04-05:00,PUR_IED_RepChina_Ext_76d9ee,PUR_IED_RepChina_Ext_76d9ee,,,,,
2026-09-12T00:06:04-05:00,PUR_IED_RepChina_S404_7c804c,PUR_IED_RepChina_S404_7c804c,,,,,
2026-09-12T00:06:04-05:00,PUR_IED_RepChina_S405_df2c33,PUR_IED_RepChina_S405_df2c33,,,,,
2026-09-12T00:06:04-05:00,PUR_IED_RepublicaC_Exteri_7d1ec9,PUR_IED_RepublicaC_Exteri_7d1ec9,,,,,
2026-09-12T00:06:04-05:00,PUR_IED_RepublicaC_S1101_f544b3,PUR_IED_RepublicaC_S1101_f544b3,,,,,
2026-09-12T00:06:04-05:00,PUR_IED_RepublicaC_S1102_7aafc7,PUR_IED_RepublicaC_S1102_7aafc7,,,,,
2026-09-12T00:06:04-05:00,PUR_IED_Ricaurte_Externo_a0ea1,PUR_IED_Ricaurte_Externo_a0ea1,,,,,
2026-09-12T00:06:04-05:00,PUR_IED_Ricaurte_S210_f546fd,PUR_IED_Ricaurte_S210_f546fd,,,,,
2026-09-12T00:06:04-05:00,PUR_IED_Ricaurte_S309_d4452,PUR_IED_Ricaurte_S309_d4452,,,,,
2026-09-12T00:06:04-05:00,PUR_IED_RogelioS_1102_531e69,PUR_IED_RogelioS_1102_531e69,,,,,
2026-09-12T00:06:04-05:00,PUR_IED_RogelioS_Ext_f25a18,PUR_IED_RogelioS_Ext_f25a18,,,,,
2026-09-12T00:06:04-05:00,PUR_IED_SBernardino_Ext_27aff8,PUR_IED_SBernardino_Ext_27aff8,,,,,
2026-09-12T00:06:04-05:00,PUR_IED_SBernardino_SArte_2ffd33,PUR_IED_SBernardino_SArte_2ffd33,,,,,
2026-09-12T00:06:04-05:00,PUR_IED_SBernardino_SIngl_7c7da5,PUR_IED_SBernardino_SIngl_7c7da5,,,,,
2026-09-12T00:06:04-05:00,PUR_IED_Sago_auditorio_dc9d1d,PUR_IED_Sago_auditorio_dc9d1d,,,,,
2026-09-12T00:06:04-05:00,PUR_IED_Saludcoop_Ext_95aac3,PUR_IED_Saludcoop_Ext_95aac3,,,,,
2026-09-12T00:06:04-05:00,PUR_IED_Saludcoop_InfI_90c854,PUR_IED_Saludcoop_InfI_90c854,,,,,
2026-09-12T00:06:04-05:00,PUR_IED_Saludcoop_SMedia_1b93be,PUR_IED_Saludcoop_SMedia_1b93be,,,,,
2026-09-12T00:06:04-05:00,PUR_IED_SanCarlos_1101_1a2360,PUR_IED_SanCarlos_1101_1a2360,,,,,
2026-09-12T00:06:04-05:00,PUR_IED_SanCarlos_1103_7bafb5,PUR_IED_SanCarlos_1103_7bafb5,,,,,
2026-09-12T00:06:04-05:00,PUR_IED_SanCarlos_Ext_b7cd1,PUR_IED_SanCarlos_Ext_b7cd1,,,,,
2026-09-12T00:06:04-05:00,PUR_IED_SanIgnacioBosa11a_50c26e,PUR_IED_SanIgnacioBosa11a_50c26e,,,,,
2026-09-12T00:06:04-05:00,PUR_IED_SanIgnacioBosa11b_371de8,PUR_IED_SanIgnacioBosa11b_371de8,,,,,
2026-09-12T00:06:04-05:00,PUR_IED_SanIgnacioBosaExt_ef0ffc,PUR_IED_SanIgnacioBosaExt_ef0ffc,,,,,
2026-09-12T00:06:04-05:00,PUR_IED_SanIgnacioBosa_11a_50c26e,PUR_IED_SanIgnacioBosa_11a_50c26e,,,,,
2026-09-12T00:06:04-05:00,PUR_IED_SanIgnacioBosa_Ext_ef0ffc,PUR_IED_SanIgnacioBosa_Ext_ef0ffc,,,,,
2026-09-12T00:06:04-05:00,PUR_IED_SanJoseN_intS1101_31c47f,PUR_IED_SanJoseN_intS1101_31c47f,,,,,
2026-09-12T00:06:04-05:00,PUR_IED_SanJoseUsm_Exter_f5d7e8,PUR_IED_SanJoseUsm_Exter_f5d7e8,,,,,
2026-09-12T00:06:04-05:00,PUR_IED_SanJoseUsm_Int11A_cfdef6,PUR_IED_SanJoseUsm_Int11A_cfdef6,,,,,
2026-09-12T00:06:04-05:00,PUR_IED_SilveriaR_IntB5_905349,PUR_IED_SilveriaR_IntB5_905349,,,,,
2026-09-12T00:06:04-05:00,PUR_IED_SilveriaR_IntSD14_981f93,PUR_IED_SilveriaR_IntSD14_981f93,,,,,
2026-09-12T00:06:04-05:00,PUR_IED_SilveriaR_ext_2b651d,PUR_IED_SilveriaR_ext_2b651d,,,,,
2026-09-12T00:06:04-05:00,PUR_IED_SimonB_Exterior_913975,PUR_IED_SimonB_Exterior_913975,,,,,
2026-09-12T00:06:04-05:00,PUR_IED_SimonB_LabQuimi_c56908,PUR_IED_SimonB_LabQuimi_c56908,,,,,
2026-09-12T00:06:04-05:00,PUR_IED_SimonB_informatic_a28c1,PUR_IED_SimonB_informatic_a28c1,,,,,
2026-09-12T00:06:04-05:00,PUR_IED_Sorrento_1102_315f50,PUR_IED_Sorrento_1102_315f50,,,,,
2026-09-12T00:06:04-05:00,PUR_IED_Sorrento_Minte_214eab,PUR_IED_Sorrento_Minte_214eab,,,,,
2026-09-12T00:06:04-05:00,PUR_IED_Sorrento_ext_7c3a0a,PUR_IED_Sorrento_ext_7c3a0a,,,,,
2026-09-12T00:06:04-05:00,PUR_IED_Tabora_Ext_f048ae,PUR_IED_Tabora_Ext_f048ae,,,,,
2026-09-12T00:06:04-05:00,PUR_IED_Tabora_S1102_b07752,PUR_IED_Tabora_S1102_b07752,,,,,
2026-09-12T00:06:04-05:00,PUR_IED_Tabora_S1103_d988f5,PUR_IED_Tabora_S1103_d988f5,,,,,
2026-09-12T00:06:04-05:00,PUR_IED_Tenerife_Ext_1ab188,PUR_IED_Tenerife_Ext_1ab188,,,,,
2026-09-12T00:06:04-05:00,PUR_IED_Tenerife_SDanzas_7bc02e,PUR_IED_Tenerife_SDanzas_7bc02e,,,,,
2026-09-12T00:06:04-05:00,PUR_IED_Tenerife_SIngles_7cc277,PUR_IED_Tenerife_SIngles_7cc277,,,,,
2026-09-12T00:06:04-05:00,PUR_IED_Tibabuyes_Exter_f2683d,PUR_IED_Tibabuyes_Exter_f2683d,,,,,
2026-09-12T00:06:04-05:00,PUR_IED_Tibabuyes_S10_dc87a8,PUR_IED_Tibabuyes_S10_dc87a8,,,,,
2026-09-12T00:06:04-05:00,PUR_IED_Tibabuyes_S15_dc0526,PUR_IED_Tibabuyes_S15_dc0526,,,,,
2026-09-12T00:06:04-05:00,PUR_IED_UnionE_S301_a1043,PUR_IED_UnionE_S301_a1043,,,,,
2026-09-12T00:06:04-05:00,PUR_IED_UnionE_S307_ff6c2f,PUR_IED_UnionE_S307_ff6c2f,,,,,
2026-09-12T00:06:04-05:00,PUR_IED_UnionE__Ext_5e2468,PUR_IED_UnionE__Ext_5e2468,,,,,
2026-09-12T00:06:04-05:00,PUR_IED_VillaRica_Ext_75be7c,PUR_IED_VillaRica_Ext_75be7c,,,,,
2026-09-12T00:06:04-05:00,PUR_IED_VillaRica_S4_cc5dcd,PUR_IED_VillaRica_S4_cc5dcd,,,,,
2026-09-12T00:06:04-05:00,PUR_IED_VillaRica_Sesp_99f5c,PUR_IED_VillaRica_Sesp_99f5c,,,,,
2026-09-12T00:11:06-05:00,PUR_IED_20deJulio_1101_91b1b9,PUR_IED_20deJulio_1101_91b1b9,,,,,
2026-09-12T00:11:06-05:00,PUR_IED_20deJulio_1102_1cfcf9,PUR_IED_20deJulio_1102_1cfcf9,,,,,
2026-09-12T00:11:06-05:00,PUR_IED_20deJulio_Ext_ab60bd,PUR_IED_20deJulio_Ext_ab60bd,,,,,
2026-09-12T00:11:06-05:00,PUR_IED_AgustinFer_Ext_7b9b77,PUR_IED_AgustinFer_Ext_7b9b77,,,,,
2026-09-12T00:11:06-05:00,PUR_IED_AgustinFer_Info2_27b3a7,PUR_IED_AgustinFer_Info2_27b3a7,,,,,
2026-09-12T00:11:06-05:00,PUR_IED_AgustinFer_Sena_54b4eb,PUR_IED_AgustinFer_Sena_54b4eb,,,,,
2026-09-12T00:11:06-05:00,PUR_IED_AlexanderF_1102_caf07b,PUR_IED_AlexanderF_1102_caf07b,,,,,
2026-09-12T00:11:06-05:00,PUR_IED_AlexanderF_1103_c79e71,PUR_IED_AlexanderF_1103_c79e71,,,,,
2026-09-12T00:11:06-05:00,PUR_IED_AlexanderF_Ext_c5b18b,PUR_IED_AlexanderF_Ext_c5b18b,,,,,
2026-09-12T00:11:06-05:00,PUR_IED_AlfonsoLopez_Ext_281d77,PUR_IED_AlfonsoLopez_Ext_281d77,,,,,
2026-09-12T00:11:06-05:00,PUR_IED_AlfonsoLopez_LabF_888ce0,PUR_IED_AlfonsoLopez_LabF_888ce0,,,,,
2026-09-12T00:11:06-05:00,PUR_IED_AlfonsoLopez_SMed_df6a7f,PUR_IED_AlfonsoLopez_SMed_df6a7f,,,,,
2026-09-12T00:11:06-05:00,PUR_IED_AltamiraSO_A2_209f92,PUR_IED_AltamiraSO_A2_209f92,,,,,
2026-09-12T00:11:06-05:00,PUR_IED_AltamiraSO_Ext_186d66,PUR_IED_AltamiraSO_Ext_186d66,,,,,
2026-09-12T00:11:06-05:00,PUR_IED_AltamiraSO_Sistem_27afe1,PUR_IED_AltamiraSO_Sistem_27afe1,,,,,
2026-09-12T00:11:06-05:00,PUR_IED_AlvaroGom_LabQuim_813179,PUR_IED_AlvaroGom_LabQuim_813179,,,,,
2026-09-12T00:11:06-05:00,PUR_IED_AlvaroGomez_Ext_47c7ca,PUR_IED_AlvaroGomez_Ext_47c7ca,,,,,
2026-09-12T00:11:06-05:00,PUR_IED_AlvaroGomez_LabQuim_813179,PUR_IED_AlvaroGomez_LabQuim_813179,,,,,
2026-09-12T00:11:06-05:00,PUR_IED_AlvaroGomez_S23_7ba89f,PUR_IED_AlvaroGomez_S23_7ba89f,,,,,
2026-09-12T00:11:06-05:00,PUR_IED_Amistad_306_dc8728,PUR_IED_Amistad_306_dc8728,,,,,
2026-09-12T00:11:06-05:00,PUR_IED_Amistad_Ext_8cd55e,PUR_IED_Amistad_Ext_8cd55e,,,,,
2026-09-12T00:11:06-05:00,PUR_IED_Amistad_S202_a41169,PUR_IED_Amistad_S202_a41169,,,,,
2026-09-12T00:11:06-05:00,PUR_IED_AndresBello_Bio_fd5f5e,PUR_IED_AndresBello_Bio_fd5f5e,,,,,
2026-09-12T00:11:06-05:00,PUR_IED_AndresBello_ext_dcad65,PUR_IED_AndresBello_ext_dcad65,,,,,
2026-09-12T00:11:06-05:00,PUR_IED_AndresBello_port_eed3ec,PUR_IED_AndresBello_port_eed3ec,,,,,
2026-09-12T00:11:06-05:00,PUR_IED_AngelaR_11b_d90a6b,PUR_IED_AngelaR_11b_d90a6b,,,,,
2026-09-12T00:11:06-05:00,PUR_IED_AngelaR_ext_7cad3e,PUR_IED_AngelaR_ext_7cad3e,4,19,60,4.5825,-74.164497
2026-09-12T00:11:06-05:00,PUR_IED_AntJoseSucre_10mo_df2575,PUR_IED_AntJoseSucre_10mo_df2575,,,,,
2026-09-12T00:11:06-05:00,PUR_IED_AntJoseSucre_Ext_215b36,PUR_IED_AntJoseSucre_Ext_215b36,,,,,
2026-09-12T00:11:06-05:00,PUR_IED_AntJoseSucre_Lab_3139de,PUR_IED_AntJoseSucre_Lab_3139de,,,,,
2026-09-12T00:11:06-05:00,PUR_IED_AntonioGarcia_301_d6b188,PUR_IED_AntonioGarcia_301_d6b188,,,,,
2026-09-12T00:11:06-05:00,PUR_IED_AntonioGarcia_302_88a82,PUR_IED_AntonioGarcia_302_88a82,,,,,
2026-09-12T00:11:06-05:00,PUR_IED_AntonioGarcia_Ext_20950c,PUR_IED_AntonioGarcia_Ext_20950c,,,,,
2026-09-12T00:11:06-05:00,PUR_IED_AntonioVan_Aula2_6dea02,PUR_IED_AntonioVan_Aula2_6dea02,,,,,
2026-09-12T00:11:06-05:00,PUR_IED_AntonioVan_Aula5_f1557e,PUR_IED_AntonioVan_Aula5_f1557e,,,,,
2026-09-12T00:11:06-05:00,PUR_IED_AntonioVan_Ext_406f2f,PUR_IED_AntonioVan_Ext_406f2f,,,,,
2026-09-12T00:11:06-05:00,PUR_IED_Atabanzha_Ext_cc5af9,PUR_IED_Atabanzha_Ext_cc5af9,,,,,
2026-09-12T00:11:06-05:00,PUR_IED_Atabanzha_SA101_56c37,PUR_IED_Atabanzha_SA101_56c37,,,,,
2026-09-12T00:11:06-05:00,PUR_IED_Atabanzha_SB302_27b374,PUR_IED_Atabanzha_SB302_27b374,,,,,
2026-09-12T00:11:06-05:00,PUR_IED_Atahualpa_Ext_fc1748,PUR_IED_Atahualpa_Ext_fc1748,,,,,
2026-09-12T00:11:06-05:00,PUR_IED_Atahualpa_Informa_dc9a95,PUR_IED_Atahualpa_Informa_dc9a95,,,,,
2026-09-12T00:11:06-05:00,PUR_IED_Atahualpa_S1101_f98056,PUR_IED_Atahualpa_S1101_f98056,,,,,
2026-09-12T00:11:06-05:00,PUR_IED_Bellavista_Ext_f5aa74,PUR_IED_Bellavista_Ext_f5aa74,,,,,
2026-09-12T00:11:06-05:00,PUR_IED_Bilbao_11A_916c41,PUR_IED_Bilbao_11A_916c41,,,,,
2026-09-12T00:11:06-05:00,PUR_IED_Bilbao_Ext_fb579a,PUR_IED_Bilbao_Ext_fb579a,,,,,
2026-09-12T00:11:06-05:00,PUR_IED_BrasiliaU_A125_304280,PUR_IED_BrasiliaU_A125_304280,,,,,
2026-09-12T00:11:06-05:00,PUR_IED_BrasiliaU_A203_7c8ca5,PUR_IED_BrasiliaU_A203_7c8ca5,,,,,
2026-09-12T00:11:06-05:00,PUR_IED_BrasiliaU_Ext_8d6e9f,PUR_IED_BrasiliaU_Ext_8d6e9f,5,17,62,4.5175,-74.116302
2026-09-12T00:11:06-05:00,PUR_IED_Brasilia_Ext_fe6593,PUR_IED_Brasilia_Ext_fe6593,,,,,
2026-09-12T00:11:06-05:00,PUR_IED_Brasilia_S24_7c130d,PUR_IED_Brasilia_S24_7c130d,,,,,
2026-09-12T00:11:06-05:00,PUR_IED_Brasilia_S501_186a54,PUR_IED_Brasilia_S501_186a54,,,,,
2026-09-12T00:11:06-05:00,PUR_IED_CHARRY_EXT_f1d5cd,PUR_IED_CHARRY_EXT_f1d5cd,,,,,
2026-09-12T00:11:06-05:00,PUR_IED_CHARRY_INTDANZAS_7a08e6,PUR_IED_CHARRY_INTDANZAS_7a08e6,,,,,
2026-09-12T00:11:06-05:00,PUR_IED_CHARRY_INT_AULA20_dc998d,PUR_IED_CHARRY_INT_AULA20_dc998d,,,,,
2026-09-12T00:11:06-05:00,PUR_IED_COLVIV_1101_S25_7f520a,PUR_IED_COLVIV_1101_S25_7f520a,,,,,
2026-09-12T00:11:06-05:00,PUR_IED_COLVIV_1102_S16_f570ba,PUR_IED_COLVIV_1102_S16_f570ba,,,,,
2026-09-12T00:11:06-05:00,PUR_IED_COLVIV_Ext_1a26fa,PUR_IED_COLVIV_Ext_1a26fa,,,,,
2026-09-12T00:11:06-05:00,PUR_IED_CULPOP_301A_f660f3,PUR_IED_CULPOP_301A_f660f3,,,,,
2026-09-12T00:11:06-05:00,PUR_IED_CULPOP_303_568afe,PUR_IED_CULPOP_303_568afe,,,,,
2026-09-12T00:11:06-05:00,PUR_IED_CULPOP_Ext_e02ccb,PUR_IED_CULPOP_Ext_e02ccb,,,,,
2026-09-12T00:11:06-05:00,PUR_IED_CVillavicen_Ext_26eb58,PUR_IED_CVillavicen_Ext_26eb58,6,15,77,4.487,-74.102798
2026-09-12T00:11:06-05:00,PUR_IED_CVillavicen_Intel_1ce5c2,PUR_IED_CVillavicen_Intel_1ce5c2,,,,,
2026-09-12T00:11:06-05:00,PUR_IED_CVillavicen_Poliv_e0766c,PUR_IED_CVillavicen_Poliv_e0766c,,,,,
2026-09-12T00:11:06-05:00,PUR_IED_CVillavicen_int_1ba140,PUR_IED_CVillavicen_int_1ba140,,,,,
2026-09-12T00:11:06-05:00,PUR_IED_CVillavicen_intel_1ba140,PUR_IED_CVillavicen_intel_1ba140,,,,,
2026-09-12T00:11:06-05:00,PUR_IED_CarlosPizarro_Ext_e307cc,PUR_IED_CarlosPizarro_Ext_e307cc,,,,,
2026-09-12T00:11:06-05:00,PUR_IED_CarlosPizarro_L36_7e5cdb,PUR_IED_CarlosPizarro_L36_7e5cdb,,,,,
2026-09-12T00:11:06-05:00,PUR_IED_CarlosPizarro_L37_c8566c,PUR_IED_CarlosPizarro_L37_c8566c,,,,,
2026-09-12T00:11:06-05:00,PUR_IED_Castilla_Ext_cf35f,PUR_IED_Castilla_Ext_cf35f,,,,,
2026-09-12T00:11:06-05:00,PUR_IED_Castilla_SFisik_360e38,PUR_IED_Castilla_SFisik_360e38,,,,,
2026-09-12T00:11:06-05:00,PUR_IED_Castilla_Sc304_496fbf,PUR_IED_Castilla_Sc304_496fbf,,,,,
2026-09-12T00:11:06-05:00,PUR_IED_CervantesSa_Ext_6b57b,PUR_IED_CervantesSa_Ext_6b57b,4,17,67,4.5128,-74.117203
2026-09-12T00:11:06-05:00,PUR_IED_CervantesSa_S107_225c2b,PUR_IED_CervantesSa_S107_225c2b,,,,,
2026-09-12T00:11:06-05:00,PUR_IED_CervantesSa_S108_940925,PUR_IED_CervantesSa_S108_940925,,,,,
2026-09-12T00:11:06-05:00,PUR_IED_Charry_A20_f53e7c,PUR_IED_Charry_A20_f53e7c,,,,,
2026-09-12T00:11:06-05:00,PUR_IED_Charry_Ext_f1d5cd,PUR_IED_Charry_Ext_f1d5cd,,,,,
2026-09-12T00:11:06-05:00,PUR_IED_Charry_IntAula20_dc998d,PUR_IED_Charry_IntAula20_dc998d,,,,,
2026-09-12T00:11:06-05:00,PUR_IED_Charry_IntDanzas_7a08e6,PUR_IED_Charry_IntDanzas_7a08e6,,,,,
2026-09-12T00:11:06-05:00,PUR_IED_ClememciaC_203_43e2fc,PUR_IED_ClememciaC_203_43e2fc,,,,,
2026-09-12T00:11:06-05:00,PUR_IED_ClememciaC_Ext_1b411a,PUR_IED_ClememciaC_Ext_1b411a,,,,,
2026-09-12T00:11:06-05:00,PUR_IED_ClememciaC_Quimic_44b5fc,PUR_IED_ClememciaC_Quimic_44b5fc,,,,,
2026-09-12T00:11:06-05:00,PUR_IED_ClemenciaC_203_43e2fc,PUR_IED_ClemenciaC_203_43e2fc,,,,,
2026-09-12T00:11:06-05:00,PUR_IED_ClemenciaC_Ext_1b411a,PUR_IED_ClemenciaC_Ext_1b411a,,,,,
2026-09-12T00:11:06-05:00,PUR_IED_ClemenciaC_Quimic_44b5fc,PUR_IED_ClemenciaC_Quimic_44b5fc,,,,,
2026-09-12T00:11:06-05:00,PUR_IED_ColViva_1101_S25_7f520a,PUR_IED_ColViva_1101_S25_7f520a,,,,,
2026-09-12T00:11:06-05:00,PUR_IED_ColViva_1102_S16_f570ba,PUR_IED_ColViva_1102_S16_f570ba,,,,,
2026-09-12T00:11:06-05:00,PUR_IED_ColViva_Ext_1a26fa,PUR_IED_ColViva_Ext_1a26fa,,,,,
2026-09-12T00:11:06-05:00,PUR_IED_ColegioBici_Asist_7c8798,PUR_IED_ColegioBici_Asist_7c8798,,,,,
2026-09-12T00:11:06-05:00,PUR_IED_ColegioBici_Ext_25cbf6,PUR_IED_ColegioBici_Ext_25cbf6,,,,,
2026-09-12T00:11:06-05:00,PUR_IED_ColegioBici_LabQ_7b57db,PUR_IED_ColegioBici_LabQ_7b57db,,,,,
2026-09-12T00:11:06-05:00,PUR_IED_CostaRica_Ext_5e640,PUR_IED_CostaRica_Ext_5e640,,,,,
2026-09-12T00:11:06-05:00,PUR_IED_CostaRica_Quim1_766d1c,PUR_IED_CostaRica_Quim1_766d1c,,,,,
2026-09-12T00:11:06-05:00,PUR_IED_CostaRica__Fisica_6f0873,PUR_IED_CostaRica__Fisica_6f0873,,,,,
2026-09-12T00:11:06-05:00,PUR_IED_CulPopu_301A_f660f3,PUR_IED_CulPopu_301A_f660f3,,,,,
2026-09-12T00:11:06-05:00,PUR_IED_CulPopu_303_568afe,PUR_IED_CulPopu_303_568afe,,,,,
2026-09-12T00:11:06-05:00,PUR_IED_CulPopu_Ext_e02ccb,PUR_IED_CulPopu_Ext_e02ccb,,,,,
2026-09-12T00:11:06-05:00,PUR_IED_Cundinamarca_Ext_f15985,PUR_IED_Cundinamarca_Ext_f15985,,,,,
2026-09-12T00:11:06-05:00,PUR_IED_Cundinamarca_Info_7aa5d7,PUR_IED_Cundinamarca_Info_7aa5d7,,,,,
2026-09-12T00:11:06-05:00,PUR_IED_Cundinamarca_Tec2_f449c7,PUR_IED_Cundinamarca_Tec2_f449c7,,,,,
2026-09-12T00:11:06-05:00,PUR_IED_DiegoM_Aula1_27b314,PUR_IED_DiegoM_Aula1_27b314,,,,,
2026-09-12T00:11:06-05:00,PUR_IED_DiegoM_Ext_d80ac8,PUR_IED_DiegoM_Ext_d80ac8,,,,,
2026-09-12T00:11:06-05:00,PUR_IED_DiegoM_S25_da928f,PUR_IED_DiegoM_S25_da928f,,,,,
2026-09-12T00:11:06-05:00,PUR_IED_ELRODEO_360881,PUR_IED_ELRODEO_360881,,,,,
2026-09-12T00:11:06-05:00,PUR_IED_ELRODEO_ext_360881,PUR_IED_ELRODEO_ext_360881,,,,,
2026-09-12T00:11:06-05:00,PUR_IED_EduardoU_Ext_1c1969,PUR_IED_EduardoU_Ext_1c1969,,,,,
2026-09-12T00:11:06-05:00,PUR_IED_EduardoU_SCiencia_4dfb94,PUR_IED_EduardoU_SCiencia_4dfb94,,,,,
2026-09-12T00:11:06-05:00,PUR_IED_EduardoU_SQuimica_5a46e7,PUR_IED_EduardoU_SQuimica_5a46e7,,,,,
2026-09-12T00:11:06-05:00,PUR_IED_ElRodeo_Aula14_676984,PUR_IED_ElRodeo_Aula14_676984,,,,,
2026-09-12T00:11:06-05:00,PUR_IED_ElRodeo_Aula16_2dd35b,PUR_IED_ElRodeo_Aula16_2dd35b,,,,,
2026-09-12T00:11:06-05:00,PUR_IED_ElRodeo_Ext_360881,PUR_IED_ElRodeo_Ext_360881,,,,,
2026-09-12T00:11:06-05:00,PUR_IED_ElRodeo_Exterior_8c6d28,PUR_IED_ElRodeo_Exterior_8c6d28,,,,,
2026-09-12T00:11:06-05:00,PUR_IED_ElRodeo_ext_360881,PUR_IED_ElRodeo_ext_360881,,,,,
2026-09-12T00:11:06-05:00,PUR_IED_EmmaReyes_Ext_987625,PUR_IED_EmmaReyes_Ext_987625,17,21,54,4.6367,-74.1511
2026-09-12T00:11:06-05:00,PUR_IED_Ensueño_Ext_7f0250,PUR_IED_Ensueño_Ext_7f0250,,,,,
2026-09-12T00:11:06-05:00,PUR_IED_EscNormal_Ext_5fef3b,PUR_IED_EscNormal_Ext_5fef3b,2,18,58,4.5852,-74.096901
2026-09-12T00:11:06-05:00,PUR_IED_EscNormal_S309_5b263,PUR_IED_EscNormal_S309_5b263,,,,,
2026-09-12T00:11:06-05:00,PUR_IED_EscNormal_S310_27b3b8,PUR_IED_EscNormal_S310_27b3b8,,,,,
2026-09-12T00:11:06-05:00,PUR_IED_Evangelista_Conta_f6cd4f,PUR_IED_Evangelista_Conta_f6cd4f,,,,,
2026-09-12T00:11:06-05:00,PUR_IED_Evangelista_Cri_5e16a,PUR_IED_Evangelista_Cri_5e16a,,,,,
2026-09-12T00:11:06-05:00,PUR_IED_Evangelista_Exter_754066,PUR_IED_Evangelista_Exter_754066,,,,,
2026-09-12T00:11:06-05:00,PUR_IED_FMiranda_S209_5cc2a3,PUR_IED_FMiranda_S209_5cc2a3,,,,,
2026-09-12T00:11:06-05:00,PUR_IED_FMiranda_S303_19e344,PUR_IED_FMiranda_S303_19e344,,,,,
2026-09-12T00:11:06-05:00,PUR_IED_FMiranda_ext_f53e7c,PUR_IED_FMiranda_ext_f53e7c,,,,,
2026-09-12T00:11:06-05:00,PUR_IED_FabioLozano_Bibli_1cee05,PUR_IED_FabioLozano_Bibli_1cee05,,,,,
2026-09-12T00:11:06-05:00,PUR_IED_FabioLozano_Ext_6ea285,PUR_IED_FabioLozano_Ext_6ea285,,,,,
2026-09-12T00:11:06-05:00,PUR_IED_FabioLozano_SLudi_f09e1e,PUR_IED_FabioLozano_SLudi_f09e1e,,,,,
2026-09-12T00:11:06-05:00,PUR_IED_FaustinoS_Aula07_27a731,PUR_IED_FaustinoS_Aula07_27a731,,,,,
2026-09-12T00:11:06-05:00,PUR_IED_FaustinoS_Ext_7b936f,PUR_IED_FaustinoS_Ext_7b936f,,,,,
2026-09-12T00:11:06-05:00,PUR_IED_FaustinoS_Fisica_da2c60,PUR_IED_FaustinoS_Fisica_da2c60,,,,,
2026-09-12T00:11:06-05:00,PUR_IED_FeGarciaLo_Ext_dc68ee,PUR_IED_FeGarciaLo_Ext_dc68ee,,,,,
2026-09-12T00:11:06-05:00,PUR_IED_FeGarciaLo_SDanza_f70a59,PUR_IED_FeGarciaLo_SDanza_f70a59,,,,,
2026-09-12T00:11:06-05:00,PUR_IED_FeGarciaLo_SMusic_125cdd,PUR_IED_FeGarciaLo_SMusic_125cdd,,,,,
2026-09-12T00:11:06-05:00,PUR_IED_FederalAlema_Exte_50c345,PUR_IED_FederalAlema_Exte_50c345,,,,,
2026-09-12T00:11:06-05:00,PUR_IED_FederalAlema_S31_f18371,PUR_IED_FederalAlema_S31_f18371,,,,,
2026-09-12T00:11:06-05:00,PUR_IED_FederalAlema_S901_a62cd,PUR_IED_FederalAlema_S901_a62cd,,,,,
2026-09-12T00:11:06-05:00,PUR_IED_FilarmonicaS_A5_f35eb1,PUR_IED_FilarmonicaS_A5_f35eb1,,,,,
2026-09-12T00:11:06-05:00,PUR_IED_FilarmonicaS_Ext_8a3bde,PUR_IED_FilarmonicaS_Ext_8a3bde,,,,,
2026-09-12T00:11:06-05:00,PUR_IED_FilarmonicaS_Spol_406114,PUR_IED_FilarmonicaS_Spol_406114,,,,,
2026-09-12T00:11:06-05:00,PUR_IED_FlorentinoG_A13_d1fa59,PUR_IED_FlorentinoG_A13_d1fa59,,,,,
2026-09-12T00:11:06-05:00,PUR_IED_FlorentinoG_Ext_1ce6ce,PUR_IED_FlorentinoG_Ext_1ce6ce,,,,,
2026-09-12T00:11:06-05:00,PUR_IED_FlorentinoG_Idiom_a66aac,PUR_IED_FlorentinoG_Idiom_a66aac,,,,,
2026-09-12T00:11:06-05:00,PUR_IED_FranciscoMati_Ext_e3869d,PUR_IED_FranciscoMati_Ext_e3869d,,,,,
2026-09-12T00:11:06-05:00,PUR_IED_FranciscoMati_S13_f31c67,PUR_IED_FranciscoMati_S13_f31c67,,,,,
2026-09-12T00:11:06-05:00,PUR_IED_FranciscoMati_S14_97dead,PUR_IED_FranciscoMati_S14_97dead,,,,,
2026-09-12T00:11:06-05:00,PUR_IED_FranciscoPS_Ext_7bfa9a,PUR_IED_FranciscoPS_Ext_7bfa9a,3,20,58,4.5899,-74.110397
2026-09-12T00:11:06-05:00,PUR_IED_FranciscoPS_Infor_fb8f4c,PUR_IED_FranciscoPS_Infor_fb8f4c,,,,,
2026-09-12T00:11:06-05:00,PUR_IED_FranciscoPS_Quimi_94d39c,PUR_IED_FranciscoPS_Quimi_94d39c,,,,,
2026-09-12T00:11:06-05:00,PUR_IED_FranciscoP_LabQ_d7e148,PUR_IED_FranciscoP_LabQ_d7e148,,,,,
2026-09-12T00:11:06-05:00,PUR_IED_FranciscoP_S28_cf9b30,PUR_IED_FranciscoP_S28_cf9b30,,,,,
2026-09-12T00:11:06-05:00,PUR_IED_FranciscoP_ext_e2313,PUR_IED_FranciscoP_ext_e2313,,,,,
2026-09-12T00:11:06-05:00,PUR_IED_FriederichN_Ext_8ac92a,PUR_IED_FriederichN_Ext_8ac92a,,,,,
2026-09-12T00:11:06-05:00,PUR_IED_FriederichN_S301_dd7e5a,PUR_IED_FriederichN_S301_dd7e5a,,,,,
2026-09-12T00:11:06-05:00,PUR_IED_FriederichN_S308_761f4f,PUR_IED_FriederichN_S308_761f4f,,,,,
2026-09-12T00:11:06-05:00,PUR_IED_GSantander_Aula10_533dd7,PUR_IED_GSantander_Aula10_533dd7,,,,,
2026-09-12T00:11:06-05:00,PUR_IED_GSantander_Aula12_fd4e4f,PUR_IED_GSantander_Aula12_fd4e4f,,,,,
2026-09-12T00:11:06-05:00,PUR_IED_GSantander_Aula310_533dd7,PUR_IED_GSantander_Aula310_533dd7,,,,,
2026-09-12T00:11:06-05:00,PUR_IED_GSantander_Aula312_fd4e4f,PUR_IED_GSantander_Aula312_fd4e4f,,,,,
2026-09-12T00:11:06-05:00,PUR_IED_GSantander_Ext_5f66b0,PUR_IED_GSantander_Ext_5f66b0,,,,,
2026-09-12T00:11:06-05:00,PUR_IED_GYomasa_Ext_f6bea5,PUR_IED_GYomasa_Ext_f6bea5,,,,,
2026-09-12T00:11:06-05:00,PUR_IED_GYomasa_LBiol_2c41aa,PUR_IED_GYomasa_LBiol_2c41aa,,,,,
2026-09-12T00:11:06-05:00,PUR_IED_GYomasa_LQuim_33c80,PUR_IED_GYomasa_LQuim_33c80,,,,,
2026-09-12T00:11:06-05:00,PUR_IED_GabBetMejia_Cienc_5a99c,PUR_IED_GabBetMejia_Cienc_5a99c,,,,,
2026-09-12T00:11:06-05:00,PUR_IED_GabBetMejia_Ext_9153d0,PUR_IED_GabBetMejia_Ext_9153d0,,,,,
2026-09-12T00:11:06-05:00,PUR_IED_GabBetMejia_Lab_f55347,PUR_IED_GabBetMejia_Lab_f55347,,,,,
2026-09-12T00:11:06-05:00,PUR_IED_GabBetanMejia_Ext_9153d0,PUR_IED_GabBetanMejia_Ext_9153d0,,,,,
2026-09-12T00:11:06-05:00,PUR_IED_Gaitana_Aula13_7aac11,PUR_IED_Gaitana_Aula13_7aac11,,,,,
2026-09-12T00:11:06-05:00,PUR_IED_Gaitana_Ext_5fcf4,PUR_IED_Gaitana_Ext_5fcf4,,,,,
2026-09-12T00:11:06-05:00,PUR_IED_Gaitana_LabFisica_644448,PUR_IED_Gaitana_LabFisica_644448,,,,,
2026-09-12T00:11:06-05:00,PUR_IED_GenSantander_Dise_8ac858,PUR_IED_GenSantander_Dise_8ac858,,,,,
2026-09-12T00:11:06-05:00,PUR_IED_GenSantander_Ext_8d5dfe,PUR_IED_GenSantander_Ext_8d5dfe,,,,,
2026-09-12T00:11:06-05:00,PUR_IED_GenSantander_Info_6c25b,PUR_IED_GenSantander_Info_6c25b,,,,,
2026-09-12T00:11:06-05:00,PUR_IED_GustavoMo_Exterio_75e63d,PUR_IED_GustavoMo_Exterio_75e63d,,,,,
2026-09-12T00:11:06-05:00,PUR_IED_GustavoMo_LabFisi_224d37,PUR_IED_GustavoMo_LabFisi_224d37,,,,,
2026-09-12T00:11:06-05:00,PUR_IED_GustavoMo_S208_3e6918,PUR_IED_GustavoMo_S208_3e6918,,,,,
2026-09-12T00:11:06-05:00,PUR_IED_GustavoR_A02_8cd4a8,PUR_IED_GustavoR_A02_8cd4a8,,,,,
2026-09-12T00:11:06-05:00,PUR_IED_GustavoR_B11_5b0ed,PUR_IED_GustavoR_B11_5b0ed,,,,,
2026-09-12T00:11:06-05:00,PUR_IED_GustavoR_Ext_7a0c90,PUR_IED_GustavoR_Ext_7a0c90,,,,,
2026-09-12T00:11:06-05:00,PUR_IED_HernandoDuran_Ext_8cd82b,PUR_IED_HernandoDuran_Ext_8cd82b,,,,,
2026-09-12T00:11:06-05:00,PUR_IED_HernandoDuran_S24_2772c6,PUR_IED_HernandoDuran_S24_2772c6,,,,,
2026-09-12T00:11:06-05:00,PUR_IED_HernandoDuran_S30_f2de41,PUR_IED_HernandoDuran_S30_f2de41,,,,,
2026-09-12T00:11:06-05:00,PUR_IED_HolguInUr_S1101_8cd732,PUR_IED_HolguInUr_S1101_8cd732,,,,,
2026-09-12T00:11:06-05:00,PUR_IED_HolguinUr_Exter_ddae6d,PUR_IED_HolguinUr_Exter_ddae6d,,,,,
2026-09-12T00:11:06-05:00,PUR_IED_HolguinUr_LabQuim_92b952,PUR_IED_HolguinUr_LabQuim_92b952,,,,,
2026-09-12T00:11:06-05:00,PUR_IED_Isabel-II_Ext_5245cc,PUR_IED_Isabel-II_Ext_5245cc,10,18,60,4.6336,-74.153
2026-09-12T00:11:06-05:00,PUR_IED_Isabel-II_S_idiom_1c29aa,PUR_IED_Isabel-II_S_idiom_1c29aa,,,,,
2026-09-12T00:11:06-05:00,PUR_IED_Isabel-II_S_infor_fd741,PUR_IED_Isabel-II_S_infor_fd741,,,,,
2026-09-12T00:11:06-05:00,PUR_IED_IsidroSur_Exterio_5b90ea,PUR_IED_IsidroSur_Exterio_5b90ea,,,,,
2026-09-12T00:11:06-05:00,PUR_IED_IsidroSur_LabTec_56697a,PUR_IED_IsidroSur_LabTec_56697a,,,,,
2026-09-12T00:11:06-05:00,PUR_IED_IsidroSur_Robotic_b7c38f,PUR_IED_IsidroSur_Robotic_b7c38f,,,,,
2026-09-12T00:11:06-05:00,PUR_IED_IsmaelPerd_Ext_7b6672,PUR_IED_IsmaelPerd_Ext_7b6672,,,,,
2026-09-12T00:11:06-05:00,PUR_IED_IsmaelPerd_Inform_306540,PUR_IED_IsmaelPerd_Inform_306540,,,,,
2026-09-12T00:11:06-05:00,PUR_IED_IsmaelPerd_S30_2e2c83,PUR_IED_IsmaelPerd_S30_2e2c83,,,,,
2026-09-12T00:11:06-05:00,PUR_IED_JLozano_Exter_432910,PUR_IED_JLozano_Exter_432910,,,,,
2026-09-12T00:11:06-05:00,PUR_IED_JLozano_salaMulti_df5125,PUR_IED_JLozano_salaMulti_df5125,,,,,
2026-09-12T00:11:06-05:00,PUR_IED_JMCordoba_206_86f80b,PUR_IED_JMCordoba_206_86f80b,,,,,
2026-09-12T00:11:06-05:00,PUR_IED_JMCordoba_Ext_27ad97,PUR_IED_JMCordoba_Ext_27ad97,,,,,
2026-09-12T00:11:06-05:00,PUR_IED_JMCordoba_S310_d59ab4,PUR_IED_JMCordoba_S310_d59ab4,,,,,
2026-09-12T00:11:06-05:00,PUR_IED_Japon_Ext_549100,PUR_IED_Japon_Ext_549100,,,,,
2026-09-12T00:11:06-05:00,PUR_IED_Japon_Laboratorio_bec51d,PUR_IED_Japon_Laboratorio_bec51d,,,,,
2026-09-12T00:11:06-05:00,PUR_IED_Japon_informatica_d99327,PUR_IED_Japon_informatica_d99327,,,,,
2026-09-12T00:11:06-05:00,PUR_IED_Jazmin_Ext_d27bda,PUR_IED_Jazmin_Ext_d27bda,,,,,
2026-09-12T00:11:06-05:00,PUR_IED_Jazmin_Fisica_8d14d7,PUR_IED_Jazmin_Fisica_8d14d7,,,,,
2026-09-12T00:11:06-05:00,PUR_IED_Jazmin_Quimica_801cb5,PUR_IED_Jazmin_Quimica_801cb5,,,,,
2026-09-12T00:11:06-05:00,PUR_IED_JorgeGaitan_Exter_f098d1,PUR_IED_JorgeGaitan_Exter_f098d1,,,,,
2026-09-12T00:11:06-05:00,PUR_IED_JorgeGaitan_STec1_dc9d1d,PUR_IED_JorgeGaitan_STec1_dc9d1d,,,,,
2026-09-12T00:11:06-05:00,PUR_IED_JorgeGaitan_STec2_281e69,PUR_IED_JorgeGaitan_STec2_281e69,,,,,
2026-09-12T00:11:06-05:00,PUR_IED_JorgeSoto_Exterio_d9d0a2,PUR_IED_JorgeSoto_Exterio_d9d0a2,,,,,
2026-09-12T00:11:06-05:00,PUR_IED_JorgeSoto_LabFisi_209c54,PUR_IED_JorgeSoto_LabFisi_209c54,,,,,
2026-09-12T00:11:06-05:00,PUR_IED_JorgeSoto_S103_27b51a,PUR_IED_JorgeSoto_S103_27b51a,,,,,
2026-09-12T00:11:06-05:00,PUR_IED_JoseAcevedo_A02_e965eb,PUR_IED_JoseAcevedo_A02_e965eb,,,,,
2026-09-12T00:11:06-05:00,PUR_IED_JoseAcevedo_A07_dd5b4,PUR_IED_JoseAcevedo_A07_dd5b4,,,,,
2026-09-12T00:11:06-05:00,PUR_IED_JoseAcevedo_Ext_b47484,PUR_IED_JoseAcevedo_Ext_b47484,,,,,
2026-09-12T00:11:06-05:00,PUR_IED_JoseMarti_Exte_5b9bf,PUR_IED_JoseMarti_Exte_5b9bf,,,,,
2026-09-12T00:11:06-05:00,PUR_IED_JoseMarti_LabQuim_1c6c2d,PUR_IED_JoseMarti_LabQuim_1c6c2d,,,,,
2026-09-12T00:11:06-05:00,PUR_IED_JoseMarti_S_info_f5f177,PUR_IED_JoseMarti_S_info_f5f177,,,,,
2026-09-12T00:11:06-05:00,PUR_IED_Josejoaquin_Ext_dfc5dc,PUR_IED_Josejoaquin_Ext_dfc5dc,,,,,
2026-09-12T00:11:06-05:00,PUR_IED_Josejoaquin_S05_5b2a96,PUR_IED_Josejoaquin_S05_5b2a96,,,,,
2026-09-12T00:11:06-05:00,PUR_IED_Josejoaquin_S06_1ce7d2,PUR_IED_Josejoaquin_S06_1ce7d2,,,,,
2026-09-12T00:11:06-05:00,PUR_IED_JulioFlorez_Danza_9b82dd,PUR_IED_JulioFlorez_Danza_9b82dd,,,,,
2026-09-12T00:11:06-05:00,PUR_IED_JulioFlorez_Exter_f9f314,PUR_IED_JulioFlorez_Exter_f9f314,,,,,
2026-09-12T00:11:06-05:00,PUR_IED_JulioFlorez_info2_6b6e08,PUR_IED_JulioFlorez_info2_6b6e08,,,,,
2026-09-12T00:11:06-05:00,PUR_IED_LaBelleza_Aula13_1d00d8,PUR_IED_LaBelleza_Aula13_1d00d8,,,,,
2026-09-12T00:11:06-05:00,PUR_IED_LaBelleza_Ext_7bc08c,PUR_IED_LaBelleza_Ext_7bc08c,,,,,
2026-09-12T00:11:06-05:00,PUR_IED_LaChucua_Ext_8cd6d2,PUR_IED_LaChucua_Ext_8cd6d2,,,,,
2026-09-12T00:11:06-05:00,PUR_IED_LaChucua_S15_f578ce,PUR_IED_LaChucua_S15_f578ce,,,,,
2026-09-12T00:11:06-05:00,PUR_IED_LaChucua_S16_eebcf9,PUR_IED_LaChucua_S16_eebcf9,,,,,
2026-09-12T00:11:06-05:00,PUR_IED_LaFelicidad_Ext_fb5109,PUR_IED_LaFelicidad_Ext_fb5109,,,,,
2026-09-12T00:11:06-05:00,PUR_IED_LaMerced_206_66ebd,PUR_IED_LaMerced_206_66ebd,,,,,
2026-09-12T00:11:06-05:00,PUR_IED_LaMerced_207_6ebd6,PUR_IED_LaMerced_207_6ebd6,,,,,
2026-09-12T00:11:06-05:00,PUR_IED_LaMerced_ext_304311,PUR_IED_LaMerced_ext_304311,,,,,
2026-09-12T00:11:06-05:00,PUR_IED_Laureano_CiencNat_281e5e,PUR_IED_Laureano_CiencNat_281e5e,,,,,
2026-09-12T00:11:06-05:00,PUR_IED_Laureano_Comedor_f65c0a,PUR_IED_Laureano_Comedor_f65c0a,,,,,
2026-09-12T00:11:06-05:00,PUR_IED_Laureano_Exterior_7ab011,PUR_IED_Laureano_Exterior_7ab011,,,,,
2026-09-12T00:11:06-05:00,PUR_IED_LeonGreiff_Exte_dfe560,PUR_IED_LeonGreiff_Exte_dfe560,,,,,
2026-09-12T00:11:06-05:00,PUR_IED_LeonGreiff_S210_f264ed,PUR_IED_LeonGreiff_S210_f264ed,,,,,
2026-09-12T00:11:06-05:00,PUR_IED_LeonGreiff_SQuimi_e8296f,PUR_IED_LeonGreiff_SQuimi_e8296f,,,,,
2026-09-12T00:11:06-05:00,PUR_IED_LlanoOrientalS208_7b9fcd,PUR_IED_LlanoOrientalS208_7b9fcd,,,,,
2026-09-12T00:11:06-05:00,PUR_IED_LlanoOriental_Ext_fb3766,PUR_IED_LlanoOriental_Ext_fb3766,,,,,
2026-09-12T00:11:06-05:00,PUR_IED_LlanoOriental_S208_7b9fcd,PUR_IED_LlanoOriental_S208_7b9fcd,,,,,
2026-09-12T00:11:06-05:00,PUR_IED_LlanoOriental_S9_27b378,PUR_IED_LlanoOriental_S9_27b378,,,,,
2026-09-12T00:11:06-05:00,PUR_IED_LosTejares_1101_477602,PUR_IED_LosTejares_1101_477602,,,,,
2026-09-12T00:11:06-05:00,PUR_IED_LosTejares_11_d2c595,PUR_IED_LosTejares_11_d2c595,,,,,
2026-09-12T00:11:06-05:00,PUR_IED_LosTejares_12_477602,PUR_IED_LosTejares_12_477602,,,,,
2026-09-12T00:11:06-05:00,PUR_IED_LosTejares_Ext_8e2115,PUR_IED_LosTejares_Ext_8e2115,,,,,
2026-09-12T00:11:06-05:00,PUR_IED_MagdalenaO_B202_5ddda3,PUR_IED_MagdalenaO_B202_5ddda3,,,,,
2026-09-12T00:11:06-05:00,PUR_IED_MagdalenaO_B205_fb76e8,PUR_IED_MagdalenaO_B205_fb76e8,,,,,
2026-09-12T00:11:06-05:00,PUR_IED_MagdalenaO_ext_dc69cd,PUR_IED_MagdalenaO_ext_dc69cd,,,,,
2026-09-12T00:11:06-05:00,PUR_IED_ManueCepeda_artes_eee956,PUR_IED_ManueCepeda_artes_eee956,,,,,
2026-09-12T00:11:06-05:00,PUR_IED_ManuelCepeda_Ext_58313,PUR_IED_ManuelCepeda_Ext_58313,,,,,
2026-09-12T00:11:06-05:00,PUR_IED_ManuelCepeda_tec_1c5731,PUR_IED_ManuelCepeda_tec_1c5731,,,,,
2026-09-12T00:11:06-05:00,PUR_IED_ManuelS_Exterior_5b269,PUR_IED_ManuelS_Exterior_5b269,,,,,
2026-09-12T00:11:06-05:00,PUR_IED_ManuelS_Inform_f369ce,PUR_IED_ManuelS_Inform_f369ce,,,,,
2026-09-12T00:11:06-05:00,PUR_IED_ManuelS_SArtes_7d15f1,PUR_IED_ManuelS_SArtes_7d15f1,,,,,
2026-09-12T00:11:06-05:00,PUR_IED_ManuelZapata_303_3ca6,PUR_IED_ManuelZapata_303_3ca6,,,,,
2026-09-12T00:11:06-05:00,PUR_IED_ManuelZapata_311_bfbabc,PUR_IED_ManuelZapata_311_bfbabc,,,,,
2026-09-12T00:11:06-05:00,PUR_IED_ManuelZapata_Ext_50824a,PUR_IED_ManuelZapata_Ext_50824a,,,,,
2026-09-12T00:11:06-05:00,PUR_IED_ManuelitaS_Exteri_656a92,PUR_IED_ManuelitaS_Exteri_656a92,,,,,
2026-09-12T00:11:06-05:00,PUR_IED_ManuelitaS_JuzgDe_f58ec3,PUR_IED_ManuelitaS_JuzgDe_f58ec3,,,,,
2026-09-12T00:11:06-05:00,PUR_IED_ManuelitaS_Recrea_d793db,PUR_IED_ManuelitaS_Recrea_d793db,,,,,
2026-09-12T00:11:06-05:00,PUR_IED_MarFidSuarez_Ext_c27b19,PUR_IED_MarFidSuarez_Ext_c27b19,,,,,
2026-09-12T00:11:06-05:00,PUR_IED_MarFidSuarez_Info_e384d7,PUR_IED_MarFidSuarez_Info_e384d7,,,,,
2026-09-12T00:11:06-05:00,PUR_IED_MarFidSuarez_S306_1d0032,PUR_IED_MarFidSuarez_S306_1d0032,,,,,
2026-09-12T00:11:06-05:00,PUR_IED_Menorah_301_2a25a3,PUR_IED_Menorah_301_2a25a3,,,,,
2026-09-12T00:11:06-05:00,PUR_IED_Menorah_306_37ed3,PUR_IED_Menorah_306_37ed3,,,,,
2026-09-12T00:11:06-05:00,PUR_IED_Menorah_Ext_3e155b,PUR_IED_Menorah_Ext_3e155b,,,,,
2026-09-12T00:11:06-05:00,PUR_IED_MinutoB.Aires_A11_1b1604,PUR_IED_MinutoB.Aires_A11_1b1604,,,,,
2026-09-12T00:11:06-05:00,PUR_IED_MinutoB.Aires_A12_fb5860,PUR_IED_MinutoB.Aires_A12_fb5860,,,,,
2026-09-12T00:11:06-05:00,PUR_IED_MinutoB.Aires_Ext_81293f,PUR_IED_MinutoB.Aires_Ext_81293f,,,,,
2026-09-12T00:11:06-05:00,PUR_IED_MinutoBAires_A11_1b1604,PUR_IED_MinutoBAires_A11_1b1604,,,,,
2026-09-12T00:11:06-05:00,PUR_IED_MinutoBAires_A12_fb5860,PUR_IED_MinutoBAires_A12_fb5860,,,,,
2026-09-12T00:11:06-05:00,PUR_IED_MinutoBAires_Ext_81293f,PUR_IED_MinutoBAires_Ext_81293f,,,,,
2026-09-12T00:11:06-05:00,PUR_IED_Montreal_Aula10_1e4959,PUR_IED_Montreal_Aula10_1e4959,,,,,
2026-09-12T00:11:06-05:00,PUR_IED_Montreal_Aula6_300367,PUR_IED_Montreal_Aula6_300367,,,,,
2026-09-12T00:11:06-05:00,PUR_IED_Montreal_Exterior_91a179,PUR_IED_Montreal_Exterior_91a179,,,,,
2026-09-12T00:11:06-05:00,PUR_IED_Mqgdalena_B202_5ddda3,PUR_IED_Mqgdalena_B202_5ddda3,,,,,
2026-09-12T00:11:06-05:00,PUR_IED_NACUND_Soc_dc8728,PUR_IED_NACUND_Soc_dc8728,,,,,
2026-09-12T00:11:06-05:00,PUR_IED_NACUND_ext_27ad97,PUR_IED_NACUND_ext_27ad97,,,,,
2026-09-12T00:11:06-05:00,PUR_IED_NEsperanza_Ext_d24b61,PUR_IED_NEsperanza_Ext_d24b61,,,,,
2026-09-12T00:11:06-05:00,PUR_IED_NEsperanza_SElect_7d1807,PUR_IED_NEsperanza_SElect_7d1807,,,,,
2026-09-12T00:11:06-05:00,PUR_IED_NEsperanza_SLabor_8b2d0a,PUR_IED_NEsperanza_SLabor_8b2d0a,,,,,
2026-09-12T00:11:06-05:00,PUR_IED_NacionesU_Ext_f661a9,PUR_IED_NacionesU_Ext_f661a9,,,,,
2026-09-12T00:11:06-05:00,PUR_IED_NacionesU_Quimica_66f0a,PUR_IED_NacionesU_Quimica_66f0a,,,,,
2026-09-12T00:11:06-05:00,PUR_IED_NacionesU_S306_1b4b3d,PUR_IED_NacionesU_S306_1b4b3d,,,,,
2026-09-12T00:11:06-05:00,PUR_IED_NestorFA_Ext_e4201c,PUR_IED_NestorFA_Ext_e4201c,,,,,
2026-09-12T00:11:06-05:00,PUR_IED_NestorFA_Laborato_f22fe0,PUR_IED_NestorFA_Laborato_f22fe0,,,,,
2026-09-12T00:11:06-05:00,PUR_IED_NestorFA_S204_dee996,PUR_IED_NestorFA_S204_dee996,,,,,
2026-09-12T00:11:06-05:00,PUR_IED_NidyaQT_Aula03_76999b,PUR_IED_NidyaQT_Aula03_76999b,,,,,
2026-09-12T00:11:06-05:00,PUR_IED_NidyaQT_Aula10_56325,PUR_IED_NidyaQT_Aula10_56325,,,,,
2026-09-12T00:11:06-05:00,PUR_IED_NidyaQT_Ext_46e32d,PUR_IED_NidyaQT_Ext_46e32d,,,,,
2026-09-12T00:11:06-05:00,PUR_IED_NuevaCol_Exterior_d9b859,PUR_IED_NuevaCol_Exterior_d9b859,,,,,
2026-09-12T00:11:06-05:00,PUR_IED_NuevaCol_S1101_76c43b,PUR_IED_NuevaCol_S1101_76c43b,,,,,
2026-09-12T00:11:06-05:00,PUR_IED_NuevaCol_S1102_1ce0b5,PUR_IED_NuevaCol_S1102_1ce0b5,,,,,
2026-09-12T00:11:06-05:00,PUR_IED_OEA_A202_f7e3f2,PUR_IED_OEA_A202_f7e3f2,,,,,
2026-09-12T00:11:06-05:00,PUR_IED_OEA_A203_7d1b8d,PUR_IED_OEA_A203_7d1b8d,,,,,
2026-09-12T00:11:06-05:00,PUR_IED_OEA_Ext_27b593,PUR_IED_OEA_Ext_27b593,,,,,
2026-09-12T00:11:06-05:00,PUR_IED_Ochoa_Ext_1c29da,PUR_IED_Ochoa_Ext_1c29da,,,,,
2026-09-12T00:11:06-05:00,PUR_IED_Ochoa_S205_8b1121,PUR_IED_Ochoa_S205_8b1121,,,,,
2026-09-12T00:11:06-05:00,PUR_IED_Ochoa_Sistemas_f33af6,PUR_IED_Ochoa_Sistemas_f33af6,,,,,
2026-09-12T00:11:06-05:00,PUR_IED_PQuebec_Ext_1c67c7,PUR_IED_PQuebec_Ext_1c67c7,,,,,
2026-09-12T00:11:06-05:00,PUR_IED_PQuebec_S15_23e8e2,PUR_IED_PQuebec_S15_23e8e2,,,,,
2026-09-12T00:11:06-05:00,PUR_IED_PQuebec_S16_8ec76b,PUR_IED_PQuebec_S16_8ec76b,,,,,
2026-09-12T00:11:06-05:00,PUR_IED_PabloN_Ext_49dc96,PUR_IED_PabloN_Ext_49dc96,,,,,
2026-09-12T00:11:06-05:00,PUR_IED_PabloN_S1102_4e3df5,PUR_IED_PabloN_S1102_4e3df5,,,,,
2026-09-12T00:11:06-05:00,PUR_IED_PabloN_S1103_50c94b,PUR_IED_PabloN_S1103_50c94b,,,,,
2026-09-12T00:11:06-05:00,PUR_IED_Palestina_S1101_db9198,PUR_IED_Palestina_S1101_db9198,,,,,
2026-09-12T00:11:06-05:00,PUR_IED_Palestina_S1102_dc54fa,PUR_IED_Palestina_S1102_dc54fa,,,,,
2026-09-12T00:11:06-05:00,PUR_IED_Palestina_ext_4ccce6,PUR_IED_Palestina_ext_4ccce6,,,,,
2026-09-12T00:11:06-05:00,PUR_IED_Panama_Fisica_4d0794,PUR_IED_Panama_Fisica_4d0794,,,,,
2026-09-12T00:11:06-05:00,PUR_IED_Panama_SIngles_a4077e,PUR_IED_Panama_SIngles_a4077e,,,,,
2026-09-12T00:11:06-05:00,PUR_IED_Panama_ext_4c54b4,PUR_IED_Panama_ext_4c54b4,,,,,
2026-09-12T00:11:06-05:00,PUR_IED_ParaisoM_Exterior_8cd7f0,PUR_IED_ParaisoM_Exterior_8cd7f0,,,,,
2026-09-12T00:11:06-05:00,PUR_IED_ParaisoM_Laborato_27af35,PUR_IED_ParaisoM_Laborato_27af35,,,,,
2026-09-12T00:11:06-05:00,PUR_IED_ParaisoM_S304_d1edca,PUR_IED_ParaisoM_S304_d1edca,,,,,
2026-09-12T00:11:06-05:00,PUR_IED_PorfirioBarba_Ext_301466,PUR_IED_PorfirioBarba_Ext_301466,,,,,
2026-09-12T00:11:06-05:00,PUR_IED_PorfirioBarba_S11_df6cd2,PUR_IED_PorfirioBarba_S11_df6cd2,,,,,
2026-09-12T00:11:06-05:00,PUR_IED_PorfirioBarba_S29_27a7d6,PUR_IED_PorfirioBarba_S29_27a7d6,,,,,
2026-09-12T00:11:06-05:00,PUR_IED_PradoV_Exter_8b27ad,PUR_IED_PradoV_Exter_8b27ad,,,,,
2026-09-12T00:11:06-05:00,PUR_IED_PradoV_S301_de65b5,PUR_IED_PradoV_S301_de65b5,,,,,
2026-09-12T00:11:06-05:00,PUR_IED_PradoV_S302_7d2593,PUR_IED_PradoV_S302_7d2593,,,,,
2026-09-12T00:11:06-05:00,PUR_IED_QuirogaAlz_Ext_1ddc82,PUR_IED_QuirogaAlz_Ext_1ddc82,,,,,
2026-09-12T00:11:06-05:00,PUR_IED_QuirogaAlz_S302_9926a3,PUR_IED_QuirogaAlz_S302_9926a3,,,,,
2026-09-12T00:11:06-05:00,PUR_IED_QuirogaAlz_S305_cdf1f1,PUR_IED_QuirogaAlz_S305_cdf1f1,,,,,
2026-09-12T00:11:06-05:00,PUR_IED_RGuatemala_Biling_dc53b7,PUR_IED_RGuatemala_Biling_dc53b7,,,,,
2026-09-12T00:11:06-05:00,PUR_IED_RGuatemala_Ext_1b89a3,PUR_IED_RGuatemala_Ext_1b89a3,,,,,
2026-09-12T00:11:06-05:00,PUR_IED_RGuatemala_Tecnol_281a34,PUR_IED_RGuatemala_Tecnol_281a34,,,,,
2026-09-12T00:11:06-05:00,PUR_IED_RafaNu_Ext_f7c302,PUR_IED_RafaNu_Ext_f7c302,,,,,
2026-09-12T00:11:06-05:00,PUR_IED_RafaNu_S1101_25fde,PUR_IED_RafaNu_S1101_25fde,,,,,
2026-09-12T00:11:06-05:00,PUR_IED_RafaNu_S1102_281517,PUR_IED_RafaNu_S1102_281517,,,,,
2026-09-12T00:11:06-05:00,PUR_IED_RafaelB_S305_ee2783,PUR_IED_RafaelB_S305_ee2783,,,,,
2026-09-12T00:11:06-05:00,PUR_IED_RafaelB_S306_75fe33,PUR_IED_RafaelB_S306_75fe33,,,,,
2026-09-12T00:11:06-05:00,PUR_IED_RafaelB_ext_283336,PUR_IED_RafaelB_ext_283336,2,18,58,4.6722,-74.0737
2026-09-12T00:11:06-05:00,PUR_IED_RafaelUU_Exterior_281a51,PUR_IED_RafaelUU_Exterior_281a51,,,,,
2026-09-12T00:11:06-05:00,PUR_IED_RafaelUU_Human_806b2,PUR_IED_RafaelUU_Human_806b2,,,,,
2026-09-12T00:11:06-05:00,PUR_IED_RafaelUU_Mate2_5680d4,PUR_IED_RafaelUU_Mate2_5680d4,,,,,
2026-09-12T00:11:06-05:00,PUR_IED_RamonSub_Ext_f9eeb9,PUR_IED_RamonSub_Ext_f9eeb9,,,,,
2026-09-12T00:11:06-05:00,PUR_IED_RamonSub_Media_d1f62f,PUR_IED_RamonSub_Media_d1f62f,,,,,
2026-09-12T00:11:06-05:00,PUR_IED_RamonSub_planta_51b82,PUR_IED_RamonSub_planta_51b82,,,,,
2026-09-12T00:11:06-05:00,PUR_IED_RepBoliVene_Exter_27af7c,PUR_IED_RepBoliVene_Exter_27af7c,,,,,
2026-09-12T00:11:06-05:00,PUR_IED_RepBoliVene_SCPT_5ae2ee,PUR_IED_RepBoliVene_SCPT_5ae2ee,,,,,
2026-09-12T00:11:06-05:00,PUR_IED_RepBoliVene_Socia_4b11d5,PUR_IED_RepBoliVene_Socia_4b11d5,,,,,
2026-09-12T00:11:06-05:00,PUR_IED_RepChina_Ext_76d9ee,PUR_IED_RepChina_Ext_76d9ee,,,,,
2026-09-12T00:11:06-05:00,PUR_IED_RepChina_S404_7c804c,PUR_IED_RepChina_S404_7c804c,,,,,
2026-09-12T00:11:06-05:00,PUR_IED_RepChina_S405_df2c33,PUR_IED_RepChina_S405_df2c33,,,,,
2026-09-12T00:11:06-05:00,PUR_IED_RepublicaC_Exteri_7d1ec9,PUR_IED_RepublicaC_Exteri_7d1ec9,,,,,
2026-09-12T00:11:06-05:00,PUR_IED_RepublicaC_S1101_f544b3,PUR_IED_RepublicaC_S1101_f544b3,,,,,
2026-09-12T00:11:06-05:00,PUR_IED_RepublicaC_S1102_7aafc7,PUR_IED_RepublicaC_S1102_7aafc7,,,,,
2026-09-12T00:11:06-05:00,PUR_IED_Ricaurte_Externo_a0ea1,PUR_IED_Ricaurte_Externo_a0ea1,,,,,
2026-09-12T00:11:06-05:00,PUR_IED_Ricaurte_S210_f546fd,PUR_IED_Ricaurte_S210_f546fd,,,,,
2026-09-12T00:11:06-05:00,PUR_IED_Ricaurte_S309_d4452,PUR_IED_Ricaurte_S309_d4452,,,,,
2026-09-12T00:11:06-05:00,PUR_IED_RogelioS_1102_531e69,PUR_IED_RogelioS_1102_531e69,,,,,
2026-09-12T00:11:06-05:00,PUR_IED_RogelioS_Ext_f25a18,PUR_IED_RogelioS_Ext_f25a18,,,,,
2026-09-12T00:11:06-05:00,PUR_IED_SBernardino_Ext_27aff8,PUR_IED_SBernardino_Ext_27aff8,,,,,
2026-09-12T00:11:06-05:00,PUR_IED_SBernardino_SArte_2ffd33,PUR_IED_SBernardino_SArte_2ffd33,,,,,
2026-09-12T00:11:06-05:00,PUR_IED_SBernardino_SIngl_7c7da5,PUR_IED_SBernardino_SIngl_7c7da5,,,,,
2026-09-12T00:11:06-05:00,PUR_IED_Sago_auditorio_dc9d1d,PUR_IED_Sago_auditorio_dc9d1d,,,,,
2026-09-12T00:11:06-05:00,PUR_IED_Saludcoop_Ext_95aac3,PUR_IED_Saludcoop_Ext_95aac3,,,,,
2026-09-12T00:11:06-05:00,PUR_IED_Saludcoop_InfI_90c854,PUR_IED_Saludcoop_InfI_90c854,,,,,
2026-09-12T00:11:06-05:00,PUR_IED_Saludcoop_SMedia_1b93be,PUR_IED_Saludcoop_SMedia_1b93be,,,,,
2026-09-12T00:11:06-05:00,PUR_IED_SanCarlos_1101_1a2360,PUR_IED_SanCarlos_1101_1a2360,,,,,
2026-09-12T00:11:06-05:00,PUR_IED_SanCarlos_1103_7bafb5,PUR_IED_SanCarlos_1103_7bafb5,,,,,
2026-09-12T00:11:06-05:00,PUR_IED_SanCarlos_Ext_b7cd1,PUR_IED_SanCarlos_Ext_b7cd1,,,,,
2026-09-12T00:11:06-05:00,PUR_IED_SanIgnacioBosa11a_50c26e,PUR_IED_SanIgnacioBosa11a_50c26e,,,,,
2026-09-12T00:11:06-05:00,PUR_IED_SanIgnacioBosa11b_371de8,PUR_IED_SanIgnacioBosa11b_371de8,,,,,
2026-09-12T00:11:06-05:00,PUR_IED_SanIgnacioBosaExt_ef0ffc,PUR_IED_SanIgnacioBosaExt_ef0ffc,,,,,
2026-09-12T00:11:06-05:00,PUR_IED_SanIgnacioBosa_11a_50c26e,PUR_IED_SanIgnacioBosa_11a_50c26e,,,,,
2026-09-12T00:11:06-05:00,PUR_IED_SanIgnacioBosa_Ext_ef0ffc,PUR_IED_SanIgnacioBosa_Ext_ef0ffc,,,,,
2026-09-12T00:11:06-05:00,PUR_IED_SanJoseN_intS1101_31c47f,PUR_IED_SanJoseN_intS1101_31c47f,,,,,
2026-09-12T00:11:06-05:00,PUR_IED_SanJoseUsm_Exter_f5d7e8,PUR_IED_SanJoseUsm_Exter_f5d7e8,,,,,
2026-09-12T00:11:06-05:00,PUR_IED_SanJoseUsm_Int11A_cfdef6,PUR_IED_SanJoseUsm_Int11A_cfdef6,,,,,
2026-09-12T00:11:06-05:00,PUR_IED_SilveriaR_IntB5_905349,PUR_IED_SilveriaR_IntB5_905349,,,,,
2026-09-12T00:11:06-05:00,PUR_IED_SilveriaR_IntSD14_981f93,PUR_IED_SilveriaR_IntSD14_981f93,,,,,
2026-09-12T00:11:06-05:00,PUR_IED_SilveriaR_ext_2b651d,PUR_IED_SilveriaR_ext_2b651d,,,,,
2026-09-12T00:11:06-05:00,PUR_IED_SimonB_Exterior_913975,PUR_IED_SimonB_Exterior_913975,,,,,
2026-09-12T00:11:06-05:00,PUR_IED_SimonB_LabQuimi_c56908,PUR_IED_SimonB_LabQuimi_c56908,,,,,
2026-09-12T00:11:06-05:00,PUR_IED_SimonB_informatic_a28c1,PUR_IED_SimonB_informatic_a28c1,,,,,
2026-09-12T00:11:06-05:00,PUR_IED_Sorrento_1102_315f50,PUR_IED_Sorrento_1102_315f50,,,,,
2026-09-12T00:11:06-05:00,PUR_IED_Sorrento_Minte_214eab,PUR_IED_Sorrento_Minte_214eab,,,,,
2026-09-12T00:11:06-05:00,PUR_IED_Sorrento_ext_7c3a0a,PUR_IED_Sorrento_ext_7c3a0a,,,,,
2026-09-12T00:11:06-05:00,PUR_IED_Tabora_Ext_f048ae,PUR_IED_Tabora_Ext_f048ae,,,,,
2026-09-12T00:11:06-05:00,PUR_IED_Tabora_S1102_b07752,PUR_IED_Tabora_S1102_b07752,,,,,
2026-09-12T00:11:06-05:00,PUR_IED_Tabora_S1103_d988f5,PUR_IED_Tabora_S1103_d988f5,,,,,
2026-09-12T00:11:06-05:00,PUR_IED_Tenerife_Ext_1ab188,PUR_IED_Tenerife_Ext_1ab188,,,,,
2026-09-12T00:11:06-05:00,PUR_IED_Tenerife_SDanzas_7bc02e,PUR_IED_Tenerife_SDanzas_7bc02e,,,,,
2026-09-12T00:11:06-05:00,PUR_IED_Tenerife_SIngles_7cc277,PUR_IED_Tenerife_SIngles_7cc277,,,,,
2026-09-12T00:11:06-05:00,PUR_IED_Tibabuyes_Exter_f2683d,PUR_IED_Tibabuyes_Exter_f2683d,,,,,
2026-09-12T00:11:06-05:00,PUR_IED_Tibabuyes_S10_dc87a8,PUR_IED_Tibabuyes_S10_dc87a8,,,,,
2026-09-12T00:11:06-05:00,PUR_IED_Tibabuyes_S15_dc0526,PUR_IED_Tibabuyes_S15_dc0526,,,,,
2026-09-12T00:11:06-05:00,PUR_IED_UnionE_S301_a1043,PUR_IED_UnionE_S301_a1043,,,,,
2026-09-12T00:11:06-05:00,PUR_IED_UnionE_S307_ff6c2f,PUR_IED_UnionE_S307_ff6c2f,,,,,
2026-09-12T00:11:06-05:00,PUR_IED_UnionE__Ext_5e2468,PUR_IED_UnionE__Ext_5e2468,,,,,
2026-09-12T00:11:06-05:00,PUR_IED_VillaRica_Ext_75be7c,PUR_IED_VillaRica_Ext_75be7c,,,,,
2026-09-12T00:11:06-05:00,PUR_IED_VillaRica_S4_cc5dcd,PUR_IED_VillaRica_S4_cc5dcd,,,,,
2026-09-12T00:11:06-05:00,PUR_IED_VillaRica_Sesp_99f5c,PUR_IED_VillaRica_Sesp_99f5c,,,,,
2026-09-12T00:16:05-05:00,PUR_IED_20deJulio_1101_91b1b9,PUR_IED_20deJulio_1101_91b1b9,,,,,
2026-09-12T00:16:05-05:00,PUR_IED_20deJulio_1102_1cfcf9,PUR_IED_20deJulio_1102_1cfcf9,,,,,
2026-09-12T00:16:05-05:00,PUR_IED_20deJulio_Ext_ab60bd,PUR_IED_20deJulio_Ext_ab60bd,,,,,
2026-09-12T00:16:05-05:00,PUR_IED_AgustinFer_Ext_7b9b77,PUR_IED_AgustinFer_Ext_7b9b77,,,,,
2026-09-12T00:16:05-05:00,PUR_IED_AgustinFer_Info2_27b3a7,PUR_IED_AgustinFer_Info2_27b3a7,,,,,
2026-09-12T00:16:05-05:00,PUR_IED_AgustinFer_Sena_54b4eb,PUR_IED_AgustinFer_Sena_54b4eb,,,,,
2026-09-12T00:16:05-05:00,PUR_IED_AlexanderF_1102_caf07b,PUR_IED_AlexanderF_1102_caf07b,,,,,
2026-09-12T00:16:05-05:00,PUR_IED_AlexanderF_1103_c79e71,PUR_IED_AlexanderF_1103_c79e71,,,,,
2026-09-12T00:16:05-05:00,PUR_IED_AlexanderF_Ext_c5b18b,PUR_IED_AlexanderF_Ext_c5b18b,,,,,
2026-09-12T00:16:05-05:00,PUR_IED_AlfonsoLopez_Ext_281d77,PUR_IED_AlfonsoLopez_Ext_281d77,,,,,
2026-09-12T00:16:05-05:00,PUR_IED_AlfonsoLopez_LabF_888ce0,PUR_IED_AlfonsoLopez_LabF_888ce0,,,,,
2026-09-12T00:16:05-05:00,PUR_IED_AlfonsoLopez_SMed_df6a7f,PUR_IED_AlfonsoLopez_SMed_df6a7f,,,,,
2026-09-12T00:16:05-05:00,PUR_IED_AltamiraSO_A2_209f92,PUR_IED_AltamiraSO_A2_209f92,,,,,
2026-09-12T00:16:05-05:00,PUR_IED_AltamiraSO_Ext_186d66,PUR_IED_AltamiraSO_Ext_186d66,,,,,
2026-09-12T00:16:05-05:00,PUR_IED_AltamiraSO_Sistem_27afe1,PUR_IED_AltamiraSO_Sistem_27afe1,,,,,
2026-09-12T00:16:05-05:00,PUR_IED_AlvaroGom_LabQuim_813179,PUR_IED_AlvaroGom_LabQuim_813179,,,,,
2026-09-12T00:16:05-05:00,PUR_IED_AlvaroGomez_Ext_47c7ca,PUR_IED_AlvaroGomez_Ext_47c7ca,,,,,
2026-09-12T00:16:05-05:00,PUR_IED_AlvaroGomez_LabQuim_813179,PUR_IED_AlvaroGomez_LabQuim_813179,,,,,
2026-09-12T00:16:05-05:00,PUR_IED_AlvaroGomez_S23_7ba89f,PUR_IED_AlvaroGomez_S23_7ba89f,,,,,
2026-09-12T00:16:05-05:00,PUR_IED_Amistad_306_dc8728,PUR_IED_Amistad_306_dc8728,,,,,
2026-09-12T00:16:05-05:00,PUR_IED_Amistad_Ext_8cd55e,PUR_IED_Amistad_Ext_8cd55e,,,,,
2026-09-12T00:16:05-05:00,PUR_IED_Amistad_S202_a41169,PUR_IED_Amistad_S202_a41169,,,,,
2026-09-12T00:16:05-05:00,PUR_IED_AndresBello_Bio_fd5f5e,PUR_IED_AndresBello_Bio_fd5f5e,,,,,
2026-09-12T00:16:05-05:00,PUR_IED_AndresBello_ext_dcad65,PUR_IED_AndresBello_ext_dcad65,,,,,
2026-09-12T00:16:05-05:00,PUR_IED_AndresBello_port_eed3ec,PUR_IED_AndresBello_port_eed3ec,,,,,
2026-09-12T00:16:05-05:00,PUR_IED_AngelaR_11b_d90a6b,PUR_IED_AngelaR_11b_d90a6b,,,,,
2026-09-12T00:16:05-05:00,PUR_IED_AngelaR_ext_7cad3e,PUR_IED_AngelaR_ext_7cad3e,4,19,60,4.5825,-74.164497
2026-09-12T00:16:05-05:00,PUR_IED_AntJoseSucre_10mo_df2575,PUR_IED_AntJoseSucre_10mo_df2575,,,,,
2026-09-12T00:16:05-05:00,PUR_IED_AntJoseSucre_Ext_215b36,PUR_IED_AntJoseSucre_Ext_215b36,,,,,
2026-09-12T00:16:05-05:00,PUR_IED_AntJoseSucre_Lab_3139de,PUR_IED_AntJoseSucre_Lab_3139de,,,,,
2026-09-12T00:16:05-05:00,PUR_IED_AntonioGarcia_301_d6b188,PUR_IED_AntonioGarcia_301_d6b188,,,,,
2026-09-12T00:16:05-05:00,PUR_IED_AntonioGarcia_302_88a82,PUR_IED_AntonioGarcia_302_88a82,,,,,
2026-09-12T00:16:05-05:00,PUR_IED_AntonioGarcia_Ext_20950c,PUR_IED_AntonioGarcia_Ext_20950c,,,,,
2026-09-12T00:16:05-05:00,PUR_IED_AntonioVan_Aula2_6dea02,PUR_IED_AntonioVan_Aula2_6dea02,,,,,
2026-09-12T00:16:05-05:00,PUR_IED_AntonioVan_Aula5_f1557e,PUR_IED_AntonioVan_Aula5_f1557e,,,,,
2026-09-12T00:16:05-05:00,PUR_IED_AntonioVan_Ext_406f2f,PUR_IED_AntonioVan_Ext_406f2f,,,,,
2026-09-12T00:16:05-05:00,PUR_IED_Atabanzha_Ext_cc5af9,PUR_IED_Atabanzha_Ext_cc5af9,,,,,
2026-09-12T00:16:05-05:00,PUR_IED_Atabanzha_SA101_56c37,PUR_IED_Atabanzha_SA101_56c37,,,,,
2026-09-12T00:16:05-05:00,PUR_IED_Atabanzha_SB302_27b374,PUR_IED_Atabanzha_SB302_27b374,,,,,
2026-09-12T00:16:05-05:00,PUR_IED_Atahualpa_Ext_fc1748,PUR_IED_Atahualpa_Ext_fc1748,,,,,
2026-09-12T00:16:05-05:00,PUR_IED_Atahualpa_Informa_dc9a95,PUR_IED_Atahualpa_Informa_dc9a95,,,,,
2026-09-12T00:16:05-05:00,PUR_IED_Atahualpa_S1101_f98056,PUR_IED_Atahualpa_S1101_f98056,,,,,
2026-09-12T00:16:05-05:00,PUR_IED_Bellavista_Ext_f5aa74,PUR_IED_Bellavista_Ext_f5aa74,,,,,
2026-09-12T00:16:05-05:00,PUR_IED_Bilbao_11A_916c41,PUR_IED_Bilbao_11A_916c41,,,,,
2026-09-12T00:16:05-05:00,PUR_IED_Bilbao_Ext_fb579a,PUR_IED_Bilbao_Ext_fb579a,,,,,
2026-09-12T00:16:05-05:00,PUR_IED_BrasiliaU_A125_304280,PUR_IED_BrasiliaU_A125_304280,,,,,
2026-09-12T00:16:05-05:00,PUR_IED_BrasiliaU_A203_7c8ca5,PUR_IED_BrasiliaU_A203_7c8ca5,,,,,
2026-09-12T00:16:05-05:00,PUR_IED_BrasiliaU_Ext_8d6e9f,PUR_IED_BrasiliaU_Ext_8d6e9f,5,17,62,4.5175,-74.116302
2026-09-12T00:16:05-05:00,PUR_IED_Brasilia_Ext_fe6593,PUR_IED_Brasilia_Ext_fe6593,,,,,
2026-09-12T00:16:05-05:00,PUR_IED_Brasilia_S24_7c130d,PUR_IED_Brasilia_S24_7c130d,,,,,
2026-09-12T00:16:05-05:00,PUR_IED_Brasilia_S501_186a54,PUR_IED_Brasilia_S501_186a54,,,,,
2026-09-12T00:16:05-05:00,PUR_IED_CHARRY_EXT_f1d5cd,PUR_IED_CHARRY_EXT_f1d5cd,,,,,
2026-09-12T00:16:05-05:00,PUR_IED_CHARRY_INTDANZAS_7a08e6,PUR_IED_CHARRY_INTDANZAS_7a08e6,,,,,
2026-09-12T00:16:05-05:00,PUR_IED_CHARRY_INT_AULA20_dc998d,PUR_IED_CHARRY_INT_AULA20_dc998d,,,,,
2026-09-12T00:16:05-05:00,PUR_IED_COLVIV_1101_S25_7f520a,PUR_IED_COLVIV_1101_S25_7f520a,,,,,
2026-09-12T00:16:05-05:00,PUR_IED_COLVIV_1102_S16_f570ba,PUR_IED_COLVIV_1102_S16_f570ba,,,,,
2026-09-12T00:16:05-05:00,PUR_IED_COLVIV_Ext_1a26fa,PUR_IED_COLVIV_Ext_1a26fa,,,,,
2026-09-12T00:16:05-05:00,PUR_IED_CULPOP_301A_f660f3,PUR_IED_CULPOP_301A_f660f3,,,,,
2026-09-12T00:16:05-05:00,PUR_IED_CULPOP_303_568afe,PUR_IED_CULPOP_303_568afe,,,,,
2026-09-12T00:16:05-05:00,PUR_IED_CULPOP_Ext_e02ccb,PUR_IED_CULPOP_Ext_e02ccb,,,,,
2026-09-12T00:16:05-05:00,PUR_IED_CVillavicen_Ext_26eb58,PUR_IED_CVillavicen_Ext_26eb58,5,15,77,4.487,-74.102798
2026-09-12T00:16:05-05:00,PUR_IED_CVillavicen_Intel_1ce5c2,PUR_IED_CVillavicen_Intel_1ce5c2,,,,,
2026-09-12T00:16:05-05:00,PUR_IED_CVillavicen_Poliv_e0766c,PUR_IED_CVillavicen_Poliv_e0766c,,,,,
2026-09-12T00:16:05-05:00,PUR_IED_CVillavicen_int_1ba140,PUR_IED_CVillavicen_int_1ba140,,,,,
2026-09-12T00:16:05-05:00,PUR_IED_CVillavicen_intel_1ba140,PUR_IED_CVillavicen_intel_1ba140,,,,,
2026-09-12T00:16:05-05:00,PUR_IED_CarlosPizarro_Ext_e307cc,PUR_IED_CarlosPizarro_Ext_e307cc,,,,,
2026-09-12T00:16:05-05:00,PUR_IED_CarlosPizarro_L36_7e5cdb,PUR_IED_CarlosPizarro_L36_7e5cdb,,,,,
2026-09-12T00:16:05-05:00,PUR_IED_CarlosPizarro_L37_c8566c,PUR_IED_CarlosPizarro_L37_c8566c,,,,,
2026-09-12T00:16:05-05:00,PUR_IED_Castilla_Ext_cf35f,PUR_IED_Castilla_Ext_cf35f,,,,,
2026-09-12T00:16:05-05:00,PUR_IED_Castilla_SFisik_360e38,PUR_IED_Castilla_SFisik_360e38,,,,,
2026-09-12T00:16:05-05:00,PUR_IED_Castilla_Sc304_496fbf,PUR_IED_Castilla_Sc304_496fbf,,,,,
2026-09-12T00:16:05-05:00,PUR_IED_CervantesSa_Ext_6b57b,PUR_IED_CervantesSa_Ext_6b57b,4,17,68,4.5128,-74.117203
2026-09-12T00:16:05-05:00,PUR_IED_CervantesSa_S107_225c2b,PUR_IED_CervantesSa_S107_225c2b,,,,,
2026-09-12T00:16:05-05:00,PUR_IED_CervantesSa_S108_940925,PUR_IED_CervantesSa_S108_940925,,,,,
2026-09-12T00:16:05-05:00,PUR_IED_Charry_A20_f53e7c,PUR_IED_Charry_A20_f53e7c,,,,,
2026-09-12T00:16:05-05:00,PUR_IED_Charry_Ext_f1d5cd,PUR_IED_Charry_Ext_f1d5cd,,,,,
2026-09-12T00:16:05-05:00,PUR_IED_Charry_IntAula20_dc998d,PUR_IED_Charry_IntAula20_dc998d,,,,,
2026-09-12T00:16:05-05:00,PUR_IED_Charry_IntDanzas_7a08e6,PUR_IED_Charry_IntDanzas_7a08e6,,,,,
2026-09-12T00:16:05-05:00,PUR_IED_ClememciaC_203_43e2fc,PUR_IED_ClememciaC_203_43e2fc,,,,,
2026-09-12T00:16:05-05:00,PUR_IED_ClememciaC_Ext_1b411a,PUR_IED_ClememciaC_Ext_1b411a,,,,,
2026-09-12T00:16:05-05:00,PUR_IED_ClememciaC_Quimic_44b5fc,PUR_IED_ClememciaC_Quimic_44b5fc,,,,,
2026-09-12T00:16:05-05:00,PUR_IED_ClemenciaC_203_43e2fc,PUR_IED_ClemenciaC_203_43e2fc,,,,,
2026-09-12T00:16:05-05:00,PUR_IED_ClemenciaC_Ext_1b411a,PUR_IED_ClemenciaC_Ext_1b411a,,,,,
2026-09-12T00:16:05-05:00,PUR_IED_ClemenciaC_Quimic_44b5fc,PUR_IED_ClemenciaC_Quimic_44b5fc,,,,,
2026-09-12T00:16:05-05:00,PUR_IED_ColViva_1101_S25_7f520a,PUR_IED_ColViva_1101_S25_7f520a,,,,,
2026-09-12T00:16:05-05:00,PUR_IED_ColViva_1102_S16_f570ba,PUR_IED_ColViva_1102_S16_f570ba,,,,,
2026-09-12T00:16:05-05:00,PUR_IED_ColViva_Ext_1a26fa,PUR_IED_ColViva_Ext_1a26fa,,,,,
2026-09-12T00:16:05-05:00,PUR_IED_ColegioBici_Asist_7c8798,PUR_IED_ColegioBici_Asist_7c8798,,,,,
2026-09-12T00:16:05-05:00,PUR_IED_ColegioBici_Ext_25cbf6,PUR_IED_ColegioBici_Ext_25cbf6,,,,,
2026-09-12T00:16:05-05:00,PUR_IED_ColegioBici_LabQ_7b57db,PUR_IED_ColegioBici_LabQ_7b57db,,,,,
2026-09-12T00:16:05-05:00,PUR_IED_CostaRica_Ext_5e640,PUR_IED_CostaRica_Ext_5e640,,,,,
2026-09-12T00:16:05-05:00,PUR_IED_CostaRica_Quim1_766d1c,PUR_IED_CostaRica_Quim1_766d1c,,,,,
2026-09-12T00:16:05-05:00,PUR_IED_CostaRica__Fisica_6f0873,PUR_IED_CostaRica__Fisica_6f0873,,,,,
2026-09-12T00:16:05-05:00,PUR_IED_CulPopu_301A_f660f3,PUR_IED_CulPopu_301A_f660f3,,,,,
2026-09-12T00:16:05-05:00,PUR_IED_CulPopu_303_568afe,PUR_IED_CulPopu_303_568afe,,,,,
2026-09-12T00:16:05-05:00,PUR_IED_CulPopu_Ext_e02ccb,PUR_IED_CulPopu_Ext_e02ccb,,,,,
2026-09-12T00:16:05-05:00,PUR_IED_Cundinamarca_Ext_f15985,PUR_IED_Cundinamarca_Ext_f15985,,,,,
2026-09-12T00:16:05-05:00,PUR_IED_Cundinamarca_Info_7aa5d7,PUR_IED_Cundinamarca_Info_7aa5d7,,,,,
2026-09-12T00:16:05-05:00,PUR_IED_Cundinamarca_Tec2_f449c7,PUR_IED_Cundinamarca_Tec2_f449c7,,,,,
2026-09-12T00:16:05-05:00,PUR_IED_DiegoM_Aula1_27b314,PUR_IED_DiegoM_Aula1_27b314,,,,,
2026-09-12T00:16:05-05:00,PUR_IED_DiegoM_Ext_d80ac8,PUR_IED_DiegoM_Ext_d80ac8,,,,,
2026-09-12T00:16:05-05:00,PUR_IED_DiegoM_S25_da928f,PUR_IED_DiegoM_S25_da928f,,,,,
2026-09-12T00:16:05-05:00,PUR_IED_ELRODEO_360881,PUR_IED_ELRODEO_360881,,,,,
2026-09-12T00:16:05-05:00,PUR_IED_ELRODEO_ext_360881,PUR_IED_ELRODEO_ext_360881,,,,,
2026-09-12T00:16:05-05:00,PUR_IED_EduardoU_Ext_1c1969,PUR_IED_EduardoU_Ext_1c1969,,,,,
2026-09-12T00:16:05-05:00,PUR_IED_EduardoU_SCiencia_4dfb94,PUR_IED_EduardoU_SCiencia_4dfb94,,,,,
2026-09-12T00:16:05-05:00,PUR_IED_EduardoU_SQuimica_5a46e7,PUR_IED_EduardoU_SQuimica_5a46e7,,,,,
2026-09-12T00:16:05-05:00,PUR_IED_ElRodeo_Aula14_676984,PUR_IED_ElRodeo_Aula14_676984,,,,,
2026-09-12T00:16:05-05:00,PUR_IED_ElRodeo_Aula16_2dd35b,PUR_IED_ElRodeo_Aula16_2dd35b,,,,,
2026-09-12T00:16:05-05:00,PUR_IED_ElRodeo_Ext_360881,PUR_IED_ElRodeo_Ext_360881,,,,,
2026-09-12T00:16:05-05:00,PUR_IED_ElRodeo_Exterior_8c6d28,PUR_IED_ElRodeo_Exterior_8c6d28,,,,,
2026-09-12T00:16:05-05:00,PUR_IED_ElRodeo_ext_360881,PUR_IED_ElRodeo_ext_360881,,,,,
2026-09-12T00:16:05-05:00,PUR_IED_EmmaReyes_Ext_987625,PUR_IED_EmmaReyes_Ext_987625,18,21,54,4.6367,-74.1511
2026-09-12T00:16:05-05:00,PUR_IED_Ensueño_Ext_7f0250,PUR_IED_Ensueño_Ext_7f0250,,,,,
2026-09-12T00:16:05-05:00,PUR_IED_EscNormal_Ext_5fef3b,PUR_IED_EscNormal_Ext_5fef3b,2,18,58,4.5852,-74.096901
2026-09-12T00:16:05-05:00,PUR_IED_EscNormal_S309_5b263,PUR_IED_EscNormal_S309_5b263,,,,,
2026-09-12T00:16:05-05:00,PUR_IED_EscNormal_S310_27b3b8,PUR_IED_EscNormal_S310_27b3b8,,,,,
2026-09-12T00:16:05-05:00,PUR_IED_Evangelista_Conta_f6cd4f,PUR_IED_Evangelista_Conta_f6cd4f,,,,,
2026-09-12T00:16:05-05:00,PUR_IED_Evangelista_Cri_5e16a,PUR_IED_Evangelista_Cri_5e16a,,,,,
2026-09-12T00:16:05-05:00,PUR_IED_Evangelista_Exter_754066,PUR_IED_Evangelista_Exter_754066,,,,,
2026-09-12T00:16:05-05:00,PUR_IED_FMiranda_S209_5cc2a3,PUR_IED_FMiranda_S209_5cc2a3,,,,,
2026-09-12T00:16:05-05:00,PUR_IED_FMiranda_S303_19e344,PUR_IED_FMiranda_S303_19e344,,,,,
2026-09-12T00:16:05-05:00,PUR_IED_FMiranda_ext_f53e7c,PUR_IED_FMiranda_ext_f53e7c,,,,,
2026-09-12T00:16:05-05:00,PUR_IED_FabioLozano_Bibli_1cee05,PUR_IED_FabioLozano_Bibli_1cee05,,,,,
2026-09-12T00:16:05-05:00,PUR_IED_FabioLozano_Ext_6ea285,PUR_IED_FabioLozano_Ext_6ea285,,,,,
2026-09-12T00:16:05-05:00,PUR_IED_FabioLozano_SLudi_f09e1e,PUR_IED_FabioLozano_SLudi_f09e1e,,,,,
2026-09-12T00:16:05-05:00,PUR_IED_FaustinoS_Aula07_27a731,PUR_IED_FaustinoS_Aula07_27a731,,,,,
2026-09-12T00:16:05-05:00,PUR_IED_FaustinoS_Ext_7b936f,PUR_IED_FaustinoS_Ext_7b936f,,,,,
2026-09-12T00:16:05-05:00,PUR_IED_FaustinoS_Fisica_da2c60,PUR_IED_FaustinoS_Fisica_da2c60,,,,,
2026-09-12T00:16:05-05:00,PUR_IED_FeGarciaLo_Ext_dc68ee,PUR_IED_FeGarciaLo_Ext_dc68ee,,,,,
2026-09-12T00:16:05-05:00,PUR_IED_FeGarciaLo_SDanza_f70a59,PUR_IED_FeGarciaLo_SDanza_f70a59,,,,,
2026-09-12T00:16:05-05:00,PUR_IED_FeGarciaLo_SMusic_125cdd,PUR_IED_FeGarciaLo_SMusic_125cdd,,,,,
2026-09-12T00:16:05-05:00,PUR_IED_FederalAlema_Exte_50c345,PUR_IED_FederalAlema_Exte_50c345,,,,,
2026-09-12T00:16:05-05:00,PUR_IED_FederalAlema_S31_f18371,PUR_IED_FederalAlema_S31_f18371,,,,,
2026-09-12T00:16:05-05:00,PUR_IED_FederalAlema_S901_a62cd,PUR_IED_FederalAlema_S901_a62cd,,,,,
2026-09-12T00:16:05-05:00,PUR_IED_FilarmonicaS_A5_f35eb1,PUR_IED_FilarmonicaS_A5_f35eb1,,,,,
2026-09-12T00:16:05-05:00,PUR_IED_FilarmonicaS_Ext_8a3bde,PUR_IED_FilarmonicaS_Ext_8a3bde,,,,,
2026-09-12T00:16:05-05:00,PUR_IED_FilarmonicaS_Spol_406114,PUR_IED_FilarmonicaS_Spol_406114,,,,,
2026-09-12T00:16:05-05:00,PUR_IED_FlorentinoG_A13_d1fa59,PUR_IED_FlorentinoG_A13_d1fa59,,,,,
2026-09-12T00:16:05-05:00,PUR_IED_FlorentinoG_Ext_1ce6ce,PUR_IED_FlorentinoG_Ext_1ce6ce,,,,,
2026-09-12T00:16:05-05:00,PUR_IED_FlorentinoG_Idiom_a66aac,PUR_IED_FlorentinoG_Idiom_a66aac,,,,,
2026-09-12T00:16:05-05:00,PUR_IED_FranciscoMati_Ext_e3869d,PUR_IED_FranciscoMati_Ext_e3869d,,,,,
2026-09-12T00:16:05-05:00,PUR_IED_FranciscoMati_S13_f31c67,PUR_IED_FranciscoMati_S13_f31c67,,,,,
2026-09-12T00:16:05-05:00,PUR_IED_FranciscoMati_S14_97dead,PUR_IED_FranciscoMati_S14_97dead,,,,,
2026-09-12T00:16:05-05:00,PUR_IED_FranciscoPS_Ext_7bfa9a,PUR_IED_FranciscoPS_Ext_7bfa9a,2,20,57,4.5899,-74.110397
2026-09-12T00:16:05-05:00,PUR_IED_FranciscoPS_Infor_fb8f4c,PUR_IED_FranciscoPS_Infor_fb8f4c,,,,,
2026-09-12T00:16:05-05:00,PUR_IED_FranciscoPS_Quimi_94d39c,PUR_IED_FranciscoPS_Quimi_94d39c,,,,,
2026-09-12T00:16:05-05:00,PUR_IED_FranciscoP_LabQ_d7e148,PUR_IED_FranciscoP_LabQ_d7e148,,,,,
2026-09-12T00:16:05-05:00,PUR_IED_FranciscoP_S28_cf9b30,PUR_IED_FranciscoP_S28_cf9b30,,,,,
2026-09-12T00:16:05-05:00,PUR_IED_FranciscoP_ext_e2313,PUR_IED_FranciscoP_ext_e2313,,,,,
2026-09-12T00:16:05-05:00,PUR_IED_FriederichN_Ext_8ac92a,PUR_IED_FriederichN_Ext_8ac92a,,,,,
2026-09-12T00:16:05-05:00,PUR_IED_FriederichN_S301_dd7e5a,PUR_IED_FriederichN_S301_dd7e5a,,,,,
2026-09-12T00:16:05-05:00,PUR_IED_FriederichN_S308_761f4f,PUR_IED_FriederichN_S308_761f4f,,,,,
2026-09-12T00:16:05-05:00,PUR_IED_GSantander_Aula10_533dd7,PUR_IED_GSantander_Aula10_533dd7,,,,,
2026-09-12T00:16:05-05:00,PUR_IED_GSantander_Aula12_fd4e4f,PUR_IED_GSantander_Aula12_fd4e4f,,,,,
2026-09-12T00:16:05-05:00,PUR_IED_GSantander_Aula310_533dd7,PUR_IED_GSantander_Aula310_533dd7,,,,,
2026-09-12T00:16:05-05:00,PUR_IED_GSantander_Aula312_fd4e4f,PUR_IED_GSantander_Aula312_fd4e4f,,,,,
2026-09-12T00:16:05-05:00,PUR_IED_GSantander_Ext_5f66b0,PUR_IED_GSantander_Ext_5f66b0,,,,,
2026-09-12T00:16:05-05:00,PUR_IED_GYomasa_Ext_f6bea5,PUR_IED_GYomasa_Ext_f6bea5,,,,,
2026-09-12T00:16:05-05:00,PUR_IED_GYomasa_LBiol_2c41aa,PUR_IED_GYomasa_LBiol_2c41aa,,,,,
2026-09-12T00:16:05-05:00,PUR_IED_GYomasa_LQuim_33c80,PUR_IED_GYomasa_LQuim_33c80,,,,,
2026-09-12T00:16:05-05:00,PUR_IED_GabBetMejia_Cienc_5a99c,PUR_IED_GabBetMejia_Cienc_5a99c,,,,,
2026-09-12T00:16:05-05:00,PUR_IED_GabBetMejia_Ext_9153d0,PUR_IED_GabBetMejia_Ext_9153d0,,,,,
2026-09-12T00:16:05-05:00,PUR_IED_GabBetMejia_Lab_f55347,PUR_IED_GabBetMejia_Lab_f55347,,,,,
2026-09-12T00:16:05-05:00,PUR_IED_GabBetanMejia_Ext_9153d0,PUR_IED_GabBetanMejia_Ext_9153d0,,,,,
2026-09-12T00:16:05-05:00,PUR_IED_Gaitana_Aula13_7aac11,PUR_IED_Gaitana_Aula13_7aac11,,,,,
2026-09-12T00:16:05-05:00,PUR_IED_Gaitana_Ext_5fcf4,PUR_IED_Gaitana_Ext_5fcf4,,,,,
2026-09-12T00:16:05-05:00,PUR_IED_Gaitana_LabFisica_644448,PUR_IED_Gaitana_LabFisica_644448,,,,,
2026-09-12T00:16:05-05:00,PUR_IED_GenSantander_Dise_8ac858,PUR_IED_GenSantander_Dise_8ac858,,,,,
2026-09-12T00:16:05-05:00,PUR_IED_GenSantander_Ext_8d5dfe,PUR_IED_GenSantander_Ext_8d5dfe,,,,,
2026-09-12T00:16:05-05:00,PUR_IED_GenSantander_Info_6c25b,PUR_IED_GenSantander_Info_6c25b,,,,,
2026-09-12T00:16:05-05:00,PUR_IED_GustavoMo_Exterio_75e63d,PUR_IED_GustavoMo_Exterio_75e63d,,,,,
2026-09-12T00:16:05-05:00,PUR_IED_GustavoMo_LabFisi_224d37,PUR_IED_GustavoMo_LabFisi_224d37,,,,,
2026-09-12T00:16:05-05:00,PUR_IED_GustavoMo_S208_3e6918,PUR_IED_GustavoMo_S208_3e6918,,,,,
2026-09-12T00:16:05-05:00,PUR_IED_GustavoR_A02_8cd4a8,PUR_IED_GustavoR_A02_8cd4a8,,,,,
2026-09-12T00:16:05-05:00,PUR_IED_GustavoR_B11_5b0ed,PUR_IED_GustavoR_B11_5b0ed,,,,,
2026-09-12T00:16:05-05:00,PUR_IED_GustavoR_Ext_7a0c90,PUR_IED_GustavoR_Ext_7a0c90,,,,,
2026-09-12T00:16:05-05:00,PUR_IED_HernandoDuran_Ext_8cd82b,PUR_IED_HernandoDuran_Ext_8cd82b,,,,,
2026-09-12T00:16:05-05:00,PUR_IED_HernandoDuran_S24_2772c6,PUR_IED_HernandoDuran_S24_2772c6,,,,,
2026-09-12T00:16:05-05:00,PUR_IED_HernandoDuran_S30_f2de41,PUR_IED_HernandoDuran_S30_f2de41,,,,,
2026-09-12T00:16:05-05:00,PUR_IED_HolguInUr_S1101_8cd732,PUR_IED_HolguInUr_S1101_8cd732,,,,,
2026-09-12T00:16:05-05:00,PUR_IED_HolguinUr_Exter_ddae6d,PUR_IED_HolguinUr_Exter_ddae6d,,,,,
2026-09-12T00:16:05-05:00,PUR_IED_HolguinUr_LabQuim_92b952,PUR_IED_HolguinUr_LabQuim_92b952,,,,,
2026-09-12T00:16:05-05:00,PUR_IED_Isabel-II_Ext_5245cc,PUR_IED_Isabel-II_Ext_5245cc,13,18,61,4.6336,-74.153
2026-09-12T00:16:05-05:00,PUR_IED_Isabel-II_S_idiom_1c29aa,PUR_IED_Isabel-II_S_idiom_1c29aa,,,,,
2026-09-12T00:16:05-05:00,PUR_IED_Isabel-II_S_infor_fd741,PUR_IED_Isabel-II_S_infor_fd741,,,,,
2026-09-12T00:16:05-05:00,PUR_IED_IsidroSur_Exterio_5b90ea,PUR_IED_IsidroSur_Exterio_5b90ea,,,,,
2026-09-12T00:16:05-05:00,PUR_IED_IsidroSur_LabTec_56697a,PUR_IED_IsidroSur_LabTec_56697a,,,,,
2026-09-12T00:16:05-05:00,PUR_IED_IsidroSur_Robotic_b7c38f,PUR_IED_IsidroSur_Robotic_b7c38f,,,,,
2026-09-12T00:16:05-05:00,PUR_IED_IsmaelPerd_Ext_7b6672,PUR_IED_IsmaelPerd_Ext_7b6672,,,,,
2026-09-12T00:16:05-05:00,PUR_IED_IsmaelPerd_Inform_306540,PUR_IED_IsmaelPerd_Inform_306540,,,,,
2026-09-12T00:16:05-05:00,PUR_IED_IsmaelPerd_S30_2e2c83,PUR_IED_IsmaelPerd_S30_2e2c83,,,,,
2026-09-12T00:16:05-05:00,PUR_IED_JLozano_Exter_432910,PUR_IED_JLozano_Exter_432910,,,,,
2026-09-12T00:16:05-05:00,PUR_IED_JLozano_salaMulti_df5125,PUR_IED_JLozano_salaMulti_df5125,,,,,
2026-09-12T00:16:05-05:00,PUR_IED_JMCordoba_206_86f80b,PUR_IED_JMCordoba_206_86f80b,,,,,
2026-09-12T00:16:05-05:00,PUR_IED_JMCordoba_Ext_27ad97,PUR_IED_JMCordoba_Ext_27ad97,,,,,
2026-09-12T00:16:05-05:00,PUR_IED_JMCordoba_S310_d59ab4,PUR_IED_JMCordoba_S310_d59ab4,,,,,
2026-09-12T00:16:05-05:00,PUR_IED_Japon_Ext_549100,PUR_IED_Japon_Ext_549100,,,,,
2026-09-12T00:16:05-05:00,PUR_IED_Japon_Laboratorio_bec51d,PUR_IED_Japon_Laboratorio_bec51d,,,,,
2026-09-12T00:16:05-05:00,PUR_IED_Japon_informatica_d99327,PUR_IED_Japon_informatica_d99327,,,,,
2026-09-12T00:16:05-05:00,PUR_IED_Jazmin_Ext_d27bda,PUR_IED_Jazmin_Ext_d27bda,,,,,
2026-09-12T00:16:05-05:00,PUR_IED_Jazmin_Fisica_8d14d7,PUR_IED_Jazmin_Fisica_8d14d7,,,,,
2026-09-12T00:16:05-05:00,PUR_IED_Jazmin_Quimica_801cb5,PUR_IED_Jazmin_Quimica_801cb5,,,,,
2026-09-12T00:16:05-05:00,PUR_IED_JorgeGaitan_Exter_f098d1,PUR_IED_JorgeGaitan_Exter_f098d1,,,,,
2026-09-12T00:16:05-05:00,PUR_IED_JorgeGaitan_STec1_dc9d1d,PUR_IED_JorgeGaitan_STec1_dc9d1d,,,,,
2026-09-12T00:16:05-05:00,PUR_IED_JorgeGaitan_STec2_281e69,PUR_IED_JorgeGaitan_STec2_281e69,,,,,
2026-09-12T00:16:05-05:00,PUR_IED_JorgeSoto_Exterio_d9d0a2,PUR_IED_JorgeSoto_Exterio_d9d0a2,,,,,
2026-09-12T00:16:05-05:00,PUR_IED_JorgeSoto_LabFisi_209c54,PUR_IED_JorgeSoto_LabFisi_209c54,,,,,
2026-09-12T00:16:05-05:00,PUR_IED_JorgeSoto_S103_27b51a,PUR_IED_JorgeSoto_S103_27b51a,,,,,
2026-09-12T00:16:05-05:00,PUR_IED_JoseAcevedo_A02_e965eb,PUR_IED_JoseAcevedo_A02_e965eb,,,,,
2026-09-12T00:16:05-05:00,PUR_IED_JoseAcevedo_A07_dd5b4,PUR_IED_JoseAcevedo_A07_dd5b4,,,,,
2026-09-12T00:16:05-05:00,PUR_IED_JoseAcevedo_Ext_b47484,PUR_IED_JoseAcevedo_Ext_b47484,,,,,
2026-09-12T00:16:05-05:00,PUR_IED_JoseMarti_Exte_5b9bf,PUR_IED_JoseMarti_Exte_5b9bf,,,,,
2026-09-12T00:16:05-05:00,PUR_IED_JoseMarti_LabQuim_1c6c2d,PUR_IED_JoseMarti_LabQuim_1c6c2d,,,,,
2026-09-12T00:16:05-05:00,PUR_IED_JoseMarti_S_info_f5f177,PUR_IED_JoseMarti_S_info_f5f177,,,,,
2026-09-12T00:16:05-05:00,PUR_IED_Josejoaquin_Ext_dfc5dc,PUR_IED_Josejoaquin_Ext_dfc5dc,,,,,
2026-09-12T00:16:05-05:00,PUR_IED_Josejoaquin_S05_5b2a96,PUR_IED_Josejoaquin_S05_5b2a96,,,,,
2026-09-12T00:16:05-05:00,PUR_IED_Josejoaquin_S06_1ce7d2,PUR_IED_Josejoaquin_S06_1ce7d2,,,,,
2026-09-12T00:16:05-05:00,PUR_IED_JulioFlorez_Danza_9b82dd,PUR_IED_JulioFlorez_Danza_9b82dd,,,,,
2026-09-12T00:16:05-05:00,PUR_IED_JulioFlorez_Exter_f9f314,PUR_IED_JulioFlorez_Exter_f9f314,,,,,
2026-09-12T00:16:05-05:00,PUR_IED_JulioFlorez_info2_6b6e08,PUR_IED_JulioFlorez_info2_6b6e08,,,,,
2026-09-12T00:16:05-05:00,PUR_IED_LaBelleza_Aula13_1d00d8,PUR_IED_LaBelleza_Aula13_1d00d8,,,,,
2026-09-12T00:16:05-05:00,PUR_IED_LaBelleza_Ext_7bc08c,PUR_IED_LaBelleza_Ext_7bc08c,,,,,
2026-09-12T00:16:05-05:00,PUR_IED_LaChucua_Ext_8cd6d2,PUR_IED_LaChucua_Ext_8cd6d2,,,,,
2026-09-12T00:16:05-05:00,PUR_IED_LaChucua_S15_f578ce,PUR_IED_LaChucua_S15_f578ce,,,,,
2026-09-12T00:16:05-05:00,PUR_IED_LaChucua_S16_eebcf9,PUR_IED_LaChucua_S16_eebcf9,,,,,
2026-09-12T00:16:05-05:00,PUR_IED_LaFelicidad_Ext_fb5109,PUR_IED_LaFelicidad_Ext_fb5109,,,,,
2026-09-12T00:16:05-05:00,PUR_IED_LaMerced_206_66ebd,PUR_IED_LaMerced_206_66ebd,,,,,
2026-09-12T00:16:05-05:00,PUR_IED_LaMerced_207_6ebd6,PUR_IED_LaMerced_207_6ebd6,,,,,
2026-09-12T00:16:05-05:00,PUR_IED_LaMerced_ext_304311,PUR_IED_LaMerced_ext_304311,,,,,
2026-09-12T00:16:05-05:00,PUR_IED_Laureano_CiencNat_281e5e,PUR_IED_Laureano_CiencNat_281e5e,,,,,
2026-09-12T00:16:05-05:00,PUR_IED_Laureano_Comedor_f65c0a,PUR_IED_Laureano_Comedor_f65c0a,,,,,
2026-09-12T00:16:05-05:00,PUR_IED_Laureano_Exterior_7ab011,PUR_IED_Laureano_Exterior_7ab011,,,,,
2026-09-12T00:16:05-05:00,PUR_IED_LeonGreiff_Exte_dfe560,PUR_IED_LeonGreiff_Exte_dfe560,,,,,
2026-09-12T00:16:05-05:00,PUR_IED_LeonGreiff_S210_f264ed,PUR_IED_LeonGreiff_S210_f264ed,,,,,
2026-09-12T00:16:05-05:00,PUR_IED_LeonGreiff_SQuimi_e8296f,PUR_IED_LeonGreiff_SQuimi_e8296f,,,,,
2026-09-12T00:16:05-05:00,PUR_IED_LlanoOrientalS208_7b9fcd,PUR_IED_LlanoOrientalS208_7b9fcd,,,,,
2026-09-12T00:16:05-05:00,PUR_IED_LlanoOriental_Ext_fb3766,PUR_IED_LlanoOriental_Ext_fb3766,,,,,
2026-09-12T00:16:05-05:00,PUR_IED_LlanoOriental_S208_7b9fcd,PUR_IED_LlanoOriental_S208_7b9fcd,,,,,
2026-09-12T00:16:05-05:00,PUR_IED_LlanoOriental_S9_27b378,PUR_IED_LlanoOriental_S9_27b378,,,,,
2026-09-12T00:16:05-05:00,PUR_IED_LosTejares_1101_477602,PUR_IED_LosTejares_1101_477602,,,,,
2026-09-12T00:16:05-05:00,PUR_IED_LosTejares_11_d2c595,PUR_IED_LosTejares_11_d2c595,,,,,
2026-09-12T00:16:05-05:00,PUR_IED_LosTejares_12_477602,PUR_IED_LosTejares_12_477602,,,,,
2026-09-12T00:16:05-05:00,PUR_IED_LosTejares_Ext_8e2115,PUR_IED_LosTejares_Ext_8e2115,,,,,
2026-09-12T00:16:05-05:00,PUR_IED_MagdalenaO_B202_5ddda3,PUR_IED_MagdalenaO_B202_5ddda3,,,,,
2026-09-12T00:16:05-05:00,PUR_IED_MagdalenaO_B205_fb76e8,PUR_IED_MagdalenaO_B205_fb76e8,,,,,
2026-09-12T00:16:05-05:00,PUR_IED_MagdalenaO_ext_dc69cd,PUR_IED_MagdalenaO_ext_dc69cd,,,,,
2026-09-12T00:16:05-05:00,PUR_IED_ManueCepeda_artes_eee956,PUR_IED_ManueCepeda_artes_eee956,,,,,
2026-09-12T00:16:05-05:00,PUR_IED_ManuelCepeda_Ext_58313,PUR_IED_ManuelCepeda_Ext_58313,,,,,
2026-09-12T00:16:05-05:00,PUR_IED_ManuelCepeda_tec_1c5731,PUR_IED_ManuelCepeda_tec_1c5731,,,,,
2026-09-12T00:16:05-05:00,PUR_IED_ManuelS_Exterior_5b269,PUR_IED_ManuelS_Exterior_5b269,,,,,
2026-09-12T00:16:05-05:00,PUR_IED_ManuelS_Inform_f369ce,PUR_IED_ManuelS_Inform_f369ce,,,,,
2026-09-12T00:16:05-05:00,PUR_IED_ManuelS_SArtes_7d15f1,PUR_IED_ManuelS_SArtes_7d15f1,,,,,
2026-09-12T00:16:05-05:00,PUR_IED_ManuelZapata_303_3ca6,PUR_IED_ManuelZapata_303_3ca6,,,,,
2026-09-12T00:16:05-05:00,PUR_IED_ManuelZapata_311_bfbabc,PUR_IED_ManuelZapata_311_bfbabc,,,,,
2026-09-12T00:16:05-05:00,PUR_IED_ManuelZapata_Ext_50824a,PUR_IED_ManuelZapata_Ext_50824a,,,,,
2026-09-12T00:16:05-05:00,PUR_IED_ManuelitaS_Exteri_656a92,PUR_IED_ManuelitaS_Exteri_656a92,,,,,
2026-09-12T00:16:05-05:00,PUR_IED_ManuelitaS_JuzgDe_f58ec3,PUR_IED_ManuelitaS_JuzgDe_f58ec3,,,,,
2026-09-12T00:16:05-05:00,PUR_IED_ManuelitaS_Recrea_d793db,PUR_IED_ManuelitaS_Recrea_d793db,,,,,
2026-09-12T00:16:05-05:00,PUR_IED_MarFidSuarez_Ext_c27b19,PUR_IED_MarFidSuarez_Ext_c27b19,,,,,
2026-09-12T00:16:05-05:00,PUR_IED_MarFidSuarez_Info_e384d7,PUR_IED_MarFidSuarez_Info_e384d7,,,,,
2026-09-12T00:16:05-05:00,PUR_IED_MarFidSuarez_S306_1d0032,PUR_IED_MarFidSuarez_S306_1d0032,,,,,
2026-09-12T00:16:05-05:00,PUR_IED_Menorah_301_2a25a3,PUR_IED_Menorah_301_2a25a3,,,,,
2026-09-12T00:16:05-05:00,PUR_IED_Menorah_306_37ed3,PUR_IED_Menorah_306_37ed3,,,,,
2026-09-12T00:16:05-05:00,PUR_IED_Menorah_Ext_3e155b,PUR_IED_Menorah_Ext_3e155b,,,,,
2026-09-12T00:16:05-05:00,PUR_IED_MinutoB.Aires_A11_1b1604,PUR_IED_MinutoB.Aires_A11_1b1604,,,,,
2026-09-12T00:16:05-05:00,PUR_IED_MinutoB.Aires_A12_fb5860,PUR_IED_MinutoB.Aires_A12_fb5860,,,,,
2026-09-12T00:16:05-05:00,PUR_IED_MinutoB.Aires_Ext_81293f,PUR_IED_MinutoB.Aires_Ext_81293f,,,,,
2026-09-12T00:16:05-05:00,PUR_IED_MinutoBAires_A11_1b1604,PUR_IED_MinutoBAires_A11_1b1604,,,,,
2026-09-12T00:16:05-05:00,PUR_IED_MinutoBAires_A12_fb5860,PUR_IED_MinutoBAires_A12_fb5860,,,,,
2026-09-12T00:16:05-05:00,PUR_IED_MinutoBAires_Ext_81293f,PUR_IED_MinutoBAires_Ext_81293f,,,,,
2026-09-12T00:16:05-05:00,PUR_IED_Montreal_Aula10_1e4959,PUR_IED_Montreal_Aula10_1e4959,,,,,
2026-09-12T00:16:05-05:00,PUR_IED_Montreal_Aula6_300367,PUR_IED_Montreal_Aula6_300367,,,,,
2026-09-12T00:16:05-05:00,PUR_IED_Montreal_Exterior_91a179,PUR_IED_Montreal_Exterior_91a179,,,,,
2026-09-12T00:16:05-05:00,PUR_IED_Mqgdalena_B202_5ddda3,PUR_IED_Mqgdalena_B202_5ddda3,,,,,
2026-09-12T00:16:05-05:00,PUR_IED_NACUND_Soc_dc8728,PUR_IED_NACUND_Soc_dc8728,,,,,
2026-09-12T00:16:05-05:00,PUR_IED_NACUND_ext_27ad97,PUR_IED_NACUND_ext_27ad97,,,,,
2026-09-12T00:16:05-05:00,PUR_IED_NEsperanza_Ext_d24b61,PUR_IED_NEsperanza_Ext_d24b61,,,,,
2026-09-12T00:16:05-05:00,PUR_IED_NEsperanza_SElect_7d1807,PUR_IED_NEsperanza_SElect_7d1807,,,,,
2026-09-12T00:16:05-05:00,PUR_IED_NEsperanza_SLabor_8b2d0a,PUR_IED_NEsperanza_SLabor_8b2d0a,,,,,
2026-09-12T00:16:05-05:00,PUR_IED_NacionesU_Ext_f661a9,PUR_IED_NacionesU_Ext_f661a9,,,,,
2026-09-12T00:16:05-05:00,PUR_IED_NacionesU_Quimica_66f0a,PUR_IED_NacionesU_Quimica_66f0a,,,,,
2026-09-12T00:16:05-05:00,PUR_IED_NacionesU_S306_1b4b3d,PUR_IED_NacionesU_S306_1b4b3d,,,,,
2026-09-12T00:16:05-05:00,PUR_IED_NestorFA_Ext_e4201c,PUR_IED_NestorFA_Ext_e4201c,,,,,
2026-09-12T00:16:05-05:00,PUR_IED_NestorFA_Laborato_f22fe0,PUR_IED_NestorFA_Laborato_f22fe0,,,,,
2026-09-12T00:16:05-05:00,PUR_IED_NestorFA_S204_dee996,PUR_IED_NestorFA_S204_dee996,,,,,
2026-09-12T00:16:05-05:00,PUR_IED_NidyaQT_Aula03_76999b,PUR_IED_NidyaQT_Aula03_76999b,,,,,
2026-09-12T00:16:05-05:00,PUR_IED_NidyaQT_Aula10_56325,PUR_IED_NidyaQT_Aula10_56325,,,,,
2026-09-12T00:16:05-05:00,PUR_IED_NidyaQT_Ext_46e32d,PUR_IED_NidyaQT_Ext_46e32d,,,,,
2026-09-12T00:16:05-05:00,PUR_IED_NuevaCol_Exterior_d9b859,PUR_IED_NuevaCol_Exterior_d9b859,,,,,
2026-09-12T00:16:05-05:00,PUR_IED_NuevaCol_S1101_76c43b,PUR_IED_NuevaCol_S1101_76c43b,,,,,
2026-09-12T00:16:05-05:00,PUR_IED_NuevaCol_S1102_1ce0b5,PUR_IED_NuevaCol_S1102_1ce0b5,,,,,
2026-09-12T00:16:05-05:00,PUR_IED_OEA_A202_f7e3f2,PUR_IED_OEA_A202_f7e3f2,,,,,
2026-09-12T00:16:05-05:00,PUR_IED_OEA_A203_7d1b8d,PUR_IED_OEA_A203_7d1b8d,,,,,
2026-09-12T00:16:05-05:00,PUR_IED_OEA_Ext_27b593,PUR_IED_OEA_Ext_27b593,,,,,
2026-09-12T00:16:05-05:00,PUR_IED_Ochoa_Ext_1c29da,PUR_IED_Ochoa_Ext_1c29da,,,,,
2026-09-12T00:16:05-05:00,PUR_IED_Ochoa_S205_8b1121,PUR_IED_Ochoa_S205_8b1121,,,,,
2026-09-12T00:16:05-05:00,PUR_IED_Ochoa_Sistemas_f33af6,PUR_IED_Ochoa_Sistemas_f33af6,,,,,
2026-09-12T00:16:05-05:00,PUR_IED_PQuebec_Ext_1c67c7,PUR_IED_PQuebec_Ext_1c67c7,,,,,
2026-09-12T00:16:05-05:00,PUR_IED_PQuebec_S15_23e8e2,PUR_IED_PQuebec_S15_23e8e2,,,,,
2026-09-12T00:16:05-05:00,PUR_IED_PQuebec_S16_8ec76b,PUR_IED_PQuebec_S16_8ec76b,,,,,
2026-09-12T00:16:05-05:00,PUR_IED_PabloN_Ext_49dc96,PUR_IED_PabloN_Ext_49dc96,,,,,
2026-09-12T00:16:05-05:00,PUR_IED_PabloN_S1102_4e3df5,PUR_IED_PabloN_S1102_4e3df5,,,,,
2026-09-12T00:16:05-05:00,PUR_IED_PabloN_S1103_50c94b,PUR_IED_PabloN_S1103_50c94b,,,,,
2026-09-12T00:16:05-05:00,PUR_IED_Palestina_S1101_db9198,PUR_IED_Palestina_S1101_db9198,,,,,
2026-09-12T00:16:05-05:00,PUR_IED_Palestina_S1102_dc54fa,PUR_IED_Palestina_S1102_dc54fa,,,,,
2026-09-12T00:16:05-05:00,PUR_IED_Palestina_ext_4ccce6,PUR_IED_Palestina_ext_4ccce6,,,,,
2026-09-12T00:16:05-05:00,PUR_IED_Panama_Fisica_4d0794,PUR_IED_Panama_Fisica_4d0794,,,,,
2026-09-12T00:16:05-05:00,PUR_IED_Panama_SIngles_a4077e,PUR_IED_Panama_SIngles_a4077e,,,,,
2026-09-12T00:16:05-05:00,PUR_IED_Panama_ext_4c54b4,PUR_IED_Panama_ext_4c54b4,,,,,
2026-09-12T00:16:05-05:00,PUR_IED_ParaisoM_Exterior_8cd7f0,PUR_IED_ParaisoM_Exterior_8cd7f0,,,,,
2026-09-12T00:16:05-05:00,PUR_IED_ParaisoM_Laborato_27af35,PUR_IED_ParaisoM_Laborato_27af35,,,,,
2026-09-12T00:16:05-05:00,PUR_IED_ParaisoM_S304_d1edca,PUR_IED_ParaisoM_S304_d1edca,,,,,
2026-09-12T00:16:05-05:00,PUR_IED_PorfirioBarba_Ext_301466,PUR_IED_PorfirioBarba_Ext_301466,,,,,
2026-09-12T00:16:05-05:00,PUR_IED_PorfirioBarba_S11_df6cd2,PUR_IED_PorfirioBarba_S11_df6cd2,,,,,
2026-09-12T00:16:05-05:00,PUR_IED_PorfirioBarba_S29_27a7d6,PUR_IED_PorfirioBarba_S29_27a7d6,,,,,
2026-09-12T00:16:05-05:00,PUR_IED_PradoV_Exter_8b27ad,PUR_IED_PradoV_Exter_8b27ad,,,,,
2026-09-12T00:16:05-05:00,PUR_IED_PradoV_S301_de65b5,PUR_IED_PradoV_S301_de65b5,,,,,
2026-09-12T00:16:05-05:00,PUR_IED_PradoV_S302_7d2593,PUR_IED_PradoV_S302_7d2593,,,,,
2026-09-12T00:16:05-05:00,PUR_IED_QuirogaAlz_Ext_1ddc82,PUR_IED_QuirogaAlz_Ext_1ddc82,,,,,
2026-09-12T00:16:05-05:00,PUR_IED_QuirogaAlz_S302_9926a3,PUR_IED_QuirogaAlz_S302_9926a3,,,,,
2026-09-12T00:16:05-05:00,PUR_IED_QuirogaAlz_S305_cdf1f1,PUR_IED_QuirogaAlz_S305_cdf1f1,,,,,
2026-09-12T00:16:05-05:00,PUR_IED_RGuatemala_Biling_dc53b7,PUR_IED_RGuatemala_Biling_dc53b7,,,,,
2026-09-12T00:16:05-05:00,PUR_IED_RGuatemala_Ext_1b89a3,PUR_IED_RGuatemala_Ext_1b89a3,,,,,
2026-09-12T00:16:05-05:00,PUR_IED_RGuatemala_Tecnol_281a34,PUR_IED_RGuatemala_Tecnol_281a34,,,,,
2026-09-12T00:16:05-05:00,PUR_IED_RafaNu_Ext_f7c302,PUR_IED_RafaNu_Ext_f7c302,,,,,
2026-09-12T00:16:05-05:00,PUR_IED_RafaNu_S1101_25fde,PUR_IED_RafaNu_S1101_25fde,,,,,
2026-09-12T00:16:05-05:00,PUR_IED_RafaNu_S1102_281517,PUR_IED_RafaNu_S1102_281517,,,,,
2026-09-12T00:16:05-05:00,PUR_IED_RafaelB_S305_ee2783,PUR_IED_RafaelB_S305_ee2783,,,,,
2026-09-12T00:16:05-05:00,PUR_IED_RafaelB_S306_75fe33,PUR_IED_RafaelB_S306_75fe33,,,,,
2026-09-12T00:16:05-05:00,PUR_IED_RafaelB_ext_283336,PUR_IED_RafaelB_ext_283336,3,18,58,4.6722,-74.0737
2026-09-12T00:16:05-05:00,PUR_IED_RafaelUU_Exterior_281a51,PUR_IED_RafaelUU_Exterior_281a51,,,,,
2026-09-12T00:16:05-05:00,PUR_IED_RafaelUU_Human_806b2,PUR_IED_RafaelUU_Human_806b2,,,,,
2026-09-12T00:16:05-05:00,PUR_IED_RafaelUU_Mate2_5680d4,PUR_IED_RafaelUU_Mate2_5680d4,,,,,
2026-09-12T00:16:05-05:00,PUR_IED_RamonSub_Ext_f9eeb9,PUR_IED_RamonSub_Ext_f9eeb9,,,,,
2026-09-12T00:16:05-05:00,PUR_IED_RamonSub_Media_d1f62f,PUR_IED_RamonSub_Media_d1f62f,,,,,
2026-09-12T00:16:05-05:00,PUR_IED_RamonSub_planta_51b82,PUR_IED_RamonSub_planta_51b82,,,,,
2026-09-12T00:16:05-05:00,PUR_IED_RepBoliVene_Exter_27af7c,PUR_IED_RepBoliVene_Exter_27af7c,,,,,
2026-09-12T00:16:05-05:00,PUR_IED_RepBoliVene_SCPT_5ae2ee,PUR_IED_RepBoliVene_SCPT_5ae2ee,,,,,
2026-09-12T00:16:05-05:00,PUR_IED_RepBoliVene_Socia_4b11d5,PUR_IED_RepBoliVene_Socia_4b11d5,,,,,
2026-09-12T00:16:05-05:00,PUR_IED_RepChina_Ext_76d9ee,PUR_IED_RepChina_Ext_76d9ee,,,,,
2026-09-12T00:16:05-05:00,PUR_IED_RepChina_S404_7c804c,PUR_IED_RepChina_S404_7c804c,,,,,
2026-09-12T00:16:05-05:00,PUR_IED_RepChina_S405_df2c33,PUR_IED_RepChina_S405_df2c33,,,,,
2026-09-12T00:16:05-05:00,PUR_IED_RepublicaC_Exteri_7d1ec9,PUR_IED_RepublicaC_Exteri_7d1ec9,,,,,
2026-09-12T00:16:05-05:00,PUR_IED_RepublicaC_S1101_f544b3,PUR_IED_RepublicaC_S1101_f544b3,,,,,
2026-09-12T00:16:05-05:00,PUR_IED_RepublicaC_S1102_7aafc7,PUR_IED_RepublicaC_S1102_7aafc7,,,,,
2026-09-12T00:16:05-05:00,PUR_IED_Ricaurte_Externo_a0ea1,PUR_IED_Ricaurte_Externo_a0ea1,,,,,
2026-09-12T00:16:05-05:00,PUR_IED_Ricaurte_S210_f546fd,PUR_IED_Ricaurte_S210_f546fd,,,,,
2026-09-12T00:16:05-05:00,PUR_IED_Ricaurte_S309_d4452,PUR_IED_Ricaurte_S309_d4452,,,,,
2026-09-12T00:16:05-05:00,PUR_IED_RogelioS_1102_531e69,PUR_IED_RogelioS_1102_531e69,,,,,
2026-09-12T00:16:05-05:00,PUR_IED_RogelioS_Ext_f25a18,PUR_IED_RogelioS_Ext_f25a18,,,,,
2026-09-12T00:16:05-05:00,PUR_IED_SBernardino_Ext_27aff8,PUR_IED_SBernardino_Ext_27aff8,,,,,
2026-09-12T00:16:05-05:00,PUR_IED_SBernardino_SArte_2ffd33,PUR_IED_SBernardino_SArte_2ffd33,,,,,
2026-09-12T00:16:05-05:00,PUR_IED_SBernardino_SIngl_7c7da5,PUR_IED_SBernardino_SIngl_7c7da5,,,,,
2026-09-12T00:16:05-05:00,PUR_IED_Sago_auditorio_dc9d1d,PUR_IED_Sago_auditorio_dc9d1d,,,,,
2026-09-12T00:16:05-05:00,PUR_IED_Saludcoop_Ext_95aac3,PUR_IED_Saludcoop_Ext_95aac3,,,,,
2026-09-12T00:16:05-05:00,PUR_IED_Saludcoop_InfI_90c854,PUR_IED_Saludcoop_InfI_90c854,,,,,
2026-09-12T00:16:05-05:00,PUR_IED_Saludcoop_SMedia_1b93be,PUR_IED_Saludcoop_SMedia_1b93be,,,,,
2026-09-12T00:16:05-05:00,PUR_IED_SanCarlos_1101_1a2360,PUR_IED_SanCarlos_1101_1a2360,,,,,
2026-09-12T00:16:05-05:00,PUR_IED_SanCarlos_1103_7bafb5,PUR_IED_SanCarlos_1103_7bafb5,,,,,
2026-09-12T00:16:05-05:00,PUR_IED_SanCarlos_Ext_b7cd1,PUR_IED_SanCarlos_Ext_b7cd1,,,,,
2026-09-12T00:16:05-05:00,PUR_IED_SanIgnacioBosa11a_50c26e,PUR_IED_SanIgnacioBosa11a_50c26e,,,,,
2026-09-12T00:16:05-05:00,PUR_IED_SanIgnacioBosa11b_371de8,PUR_IED_SanIgnacioBosa11b_371de8,,,,,
2026-09-12T00:16:05-05:00,PUR_IED_SanIgnacioBosaExt_ef0ffc,PUR_IED_SanIgnacioBosaExt_ef0ffc,,,,,
2026-09-12T00:16:05-05:00,PUR_IED_SanIgnacioBosa_11a_50c26e,PUR_IED_SanIgnacioBosa_11a_50c26e,,,,,
2026-09-12T00:16:05-05:00,PUR_IED_SanIgnacioBosa_Ext_ef0ffc,PUR_IED_SanIgnacioBosa_Ext_ef0ffc,,,,,
2026-09-12T00:16:05-05:00,PUR_IED_SanJoseN_intS1101_31c47f,PUR_IED_SanJoseN_intS1101_31c47f,,,,,
2026-09-12T00:16:05-05:00,PUR_IED_SanJoseUsm_Exter_f5d7e8,PUR_IED_SanJoseUsm_Exter_f5d7e8,,,,,
2026-09-12T00:16:05-05:00,PUR_IED_SanJoseUsm_Int11A_cfdef6,PUR_IED_SanJoseUsm_Int11A_cfdef6,,,,,
2026-09-12T00:16:05-05:00,PUR_IED_SilveriaR_IntB5_905349,PUR_IED_SilveriaR_IntB5_905349,,,,,
2026-09-12T00:16:05-05:00,PUR_IED_SilveriaR_IntSD14_981f93,PUR_IED_SilveriaR_IntSD14_981f93,,,,,
2026-09-12T00:16:05-05:00,PUR_IED_SilveriaR_ext_2b651d,PUR_IED_SilveriaR_ext_2b651d,,,,,
2026-09-12T00:16:05-05:00,PUR_IED_SimonB_Exterior_913975,PUR_IED_SimonB_Exterior_913975,,,,,
2026-09-12T00:16:05-05:00,PUR_IED_SimonB_LabQuimi_c56908,PUR_IED_SimonB_LabQuimi_c56908,,,,,
2026-09-12T00:16:05-05:00,PUR_IED_SimonB_informatic_a28c1,PUR_IED_SimonB_informatic_a28c1,,,,,
2026-09-12T00:16:05-05:00,PUR_IED_Sorrento_1102_315f50,PUR_IED_Sorrento_1102_315f50,,,,,
2026-09-12T00:16:05-05:00,PUR_IED_Sorrento_Minte_214eab,PUR_IED_Sorrento_Minte_214eab,,,,,
2026-09-12T00:16:05-05:00,PUR_IED_Sorrento_ext_7c3a0a,PUR_IED_Sorrento_ext_7c3a0a,,,,,
2026-09-12T00:16:05-05:00,PUR_IED_Tabora_Ext_f048ae,PUR_IED_Tabora_Ext_f048ae,,,,,
2026-09-12T00:16:05-05:00,PUR_IED_Tabora_S1102_b07752,PUR_IED_Tabora_S1102_b07752,,,,,
2026-09-12T00:16:05-05:00,PUR_IED_Tabora_S1103_d988f5,PUR_IED_Tabora_S1103_d988f5,,,,,
2026-09-12T00:16:05-05:00,PUR_IED_Tenerife_Ext_1ab188,PUR_IED_Tenerife_Ext_1ab188,,,,,
2026-09-12T00:16:05-05:00,PUR_IED_Tenerife_SDanzas_7bc02e,PUR_IED_Tenerife_SDanzas_7bc02e,,,,,
2026-09-12T00:16:05-05:00,PUR_IED_Tenerife_SIngles_7cc277,PUR_IED_Tenerife_SIngles_7cc277,,,,,
2026-09-12T00:16:05-05:00,PUR_IED_Tibabuyes_Exter_f2683d,PUR_IED_Tibabuyes_Exter_f2683d,,,,,
2026-09-12T00:16:05-05:00,PUR_IED_Tibabuyes_S10_dc87a8,PUR_IED_Tibabuyes_S10_dc87a8,,,,,
2026-09-12T00:16:05-05:00,PUR_IED_Tibabuyes_S15_dc0526,PUR_IED_Tibabuyes_S15_dc0526,,,,,
2026-09-12T00:16:05-05:00,PUR_IED_UnionE_S301_a1043,PUR_IED_UnionE_S301_a1043,,,,,
2026-09-12T00:16:05-05:00,PUR_IED_UnionE_S307_ff6c2f,PUR_IED_UnionE_S307_ff6c2f,,,,,
2026-09-12T00:16:05-05:00,PUR_IED_UnionE__Ext_5e2468,PUR_IED_UnionE__Ext_5e2468,,,,,
2026-09-12T00:16:05-05:00,PUR_IED_VillaRica_Ext_75be7c,PUR_IED_VillaRica_Ext_75be7c,,,,,
2026-09-12T00:16:05-05:00,PUR_IED_VillaRica_S4_cc5dcd,PUR_IED_VillaRica_S4_cc5dcd,,,,,
2026-09-12T00:16:05-05:00,PUR_IED_VillaRica_Sesp_99f5c,PUR_IED_VillaRica_Sesp_99f5c,,,,,
2026-09-12T00:21:10-05:00,PUR_IED_20deJulio_1101_91b1b9,PUR_IED_20deJulio_1101_91b1b9,,,,,
2026-09-12T00:21:10-05:00,PUR_IED_20deJulio_1102_1cfcf9,PUR_IED_20deJulio_1102_1cfcf9,,,,,
2026-09-12T00:21:10-05:00,PUR_IED_20deJulio_Ext_ab60bd,PUR_IED_20deJulio_Ext_ab60bd,,,,,
2026-09-12T00:21:10-05:00,PUR_IED_AgustinFer_Ext_7b9b77,PUR_IED_AgustinFer_Ext_7b9b77,,,,,
2026-09-12T00:21:10-05:00,PUR_IED_AgustinFer_Info2_27b3a7,PUR_IED_AgustinFer_Info2_27b3a7,,,,,
2026-09-12T00:21:10-05:00,PUR_IED_AgustinFer_Sena_54b4eb,PUR_IED_AgustinFer_Sena_54b4eb,,,,,
2026-09-12T00:21:10-05:00,PUR_IED_AlexanderF_1102_caf07b,PUR_IED_AlexanderF_1102_caf07b,,,,,
2026-09-12T00:21:10-05:00,PUR_IED_AlexanderF_1103_c79e71,PUR_IED_AlexanderF_1103_c79e71,,,,,
2026-09-12T00:21:10-05:00,PUR_IED_AlexanderF_Ext_c5b18b,PUR_IED_AlexanderF_Ext_c5b18b,,,,,
2026-09-12T00:21:10-05:00,PUR_IED_AlfonsoLopez_Ext_281d77,PUR_IED_AlfonsoLopez_Ext_281d77,,,,,
2026-09-12T00:21:10-05:00,PUR_IED_AlfonsoLopez_LabF_888ce0,PUR_IED_AlfonsoLopez_LabF_888ce0,,,,,
2026-09-12T00:21:10-05:00,PUR_IED_AlfonsoLopez_SMed_df6a7f,PUR_IED_AlfonsoLopez_SMed_df6a7f,,,,,
2026-09-12T00:21:10-05:00,PUR_IED_AltamiraSO_A2_209f92,PUR_IED_AltamiraSO_A2_209f92,,,,,
2026-09-12T00:21:10-05:00,PUR_IED_AltamiraSO_Ext_186d66,PUR_IED_AltamiraSO_Ext_186d66,,,,,
2026-09-12T00:21:10-05:00,PUR_IED_AltamiraSO_Sistem_27afe1,PUR_IED_AltamiraSO_Sistem_27afe1,,,,,
2026-09-12T00:21:10-05:00,PUR_IED_AlvaroGom_LabQuim_813179,PUR_IED_AlvaroGom_LabQuim_813179,,,,,
2026-09-12T00:21:10-05:00,PUR_IED_AlvaroGomez_Ext_47c7ca,PUR_IED_AlvaroGomez_Ext_47c7ca,,,,,
2026-09-12T00:21:10-05:00,PUR_IED_AlvaroGomez_LabQuim_813179,PUR_IED_AlvaroGomez_LabQuim_813179,,,,,
2026-09-12T00:21:10-05:00,PUR_IED_AlvaroGomez_S23_7ba89f,PUR_IED_AlvaroGomez_S23_7ba89f,,,,,
2026-09-12T00:21:10-05:00,PUR_IED_Amistad_306_dc8728,PUR_IED_Amistad_306_dc8728,,,,,
2026-09-12T00:21:10-05:00,PUR_IED_Amistad_Ext_8cd55e,PUR_IED_Amistad_Ext_8cd55e,,,,,
2026-09-12T00:21:10-05:00,PUR_IED_Amistad_S202_a41169,PUR_IED_Amistad_S202_a41169,,,,,
2026-09-12T00:21:10-05:00,PUR_IED_AndresBello_Bio_fd5f5e,PUR_IED_AndresBello_Bio_fd5f5e,,,,,
2026-09-12T00:21:10-05:00,PUR_IED_AndresBello_ext_dcad65,PUR_IED_AndresBello_ext_dcad65,,,,,
2026-09-12T00:21:10-05:00,PUR_IED_AndresBello_port_eed3ec,PUR_IED_AndresBello_port_eed3ec,,,,,
2026-09-12T00:21:10-05:00,PUR_IED_AngelaR_11b_d90a6b,PUR_IED_AngelaR_11b_d90a6b,,,,,
2026-09-12T00:21:10-05:00,PUR_IED_AngelaR_ext_7cad3e,PUR_IED_AngelaR_ext_7cad3e,4,20,60,4.5825,-74.164497
2026-09-12T00:21:10-05:00,PUR_IED_AntJoseSucre_10mo_df2575,PUR_IED_AntJoseSucre_10mo_df2575,,,,,
2026-09-12T00:21:10-05:00,PUR_IED_AntJoseSucre_Ext_215b36,PUR_IED_AntJoseSucre_Ext_215b36,,,,,
2026-09-12T00:21:10-05:00,PUR_IED_AntJoseSucre_Lab_3139de,PUR_IED_AntJoseSucre_Lab_3139de,,,,,
2026-09-12T00:21:10-05:00,PUR_IED_AntonioGarcia_301_d6b188,PUR_IED_AntonioGarcia_301_d6b188,,,,,
2026-09-12T00:21:10-05:00,PUR_IED_AntonioGarcia_302_88a82,PUR_IED_AntonioGarcia_302_88a82,,,,,
2026-09-12T00:21:10-05:00,PUR_IED_AntonioGarcia_Ext_20950c,PUR_IED_AntonioGarcia_Ext_20950c,,,,,
2026-09-12T00:21:10-05:00,PUR_IED_AntonioVan_Aula2_6dea02,PUR_IED_AntonioVan_Aula2_6dea02,,,,,
2026-09-12T00:21:10-05:00,PUR_IED_AntonioVan_Aula5_f1557e,PUR_IED_AntonioVan_Aula5_f1557e,,,,,
2026-09-12T00:21:10-05:00,PUR_IED_AntonioVan_Ext_406f2f,PUR_IED_AntonioVan_Ext_406f2f,,,,,
2026-09-12T00:21:10-05:00,PUR_IED_Atabanzha_Ext_cc5af9,PUR_IED_Atabanzha_Ext_cc5af9,,,,,
2026-09-12T00:21:10-05:00,PUR_IED_Atabanzha_SA101_56c37,PUR_IED_Atabanzha_SA101_56c37,,,,,
2026-09-12T00:21:10-05:00,PUR_IED_Atabanzha_SB302_27b374,PUR_IED_Atabanzha_SB302_27b374,,,,,
2026-09-12T00:21:10-05:00,PUR_IED_Atahualpa_Ext_fc1748,PUR_IED_Atahualpa_Ext_fc1748,,,,,
2026-09-12T00:21:10-05:00,PUR_IED_Atahualpa_Informa_dc9a95,PUR_IED_Atahualpa_Informa_dc9a95,,,,,
2026-09-12T00:21:10-05:00,PUR_IED_Atahualpa_S1101_f98056,PUR_IED_Atahualpa_S1101_f98056,,,,,
2026-09-12T00:21:10-05:00,PUR_IED_Bellavista_Ext_f5aa74,PUR_IED_Bellavista_Ext_f5aa74,,,,,
2026-09-12T00:21:10-05:00,PUR_IED_Bilbao_11A_916c41,PUR_IED_Bilbao_11A_916c41,,,,,
2026-09-12T00:21:10-05:00,PUR_IED_Bilbao_Ext_fb579a,PUR_IED_Bilbao_Ext_fb579a,,,,,
2026-09-12T00:21:10-05:00,PUR_IED_BrasiliaU_A125_304280,PUR_IED_BrasiliaU_A125_304280,,,,,
2026-09-12T00:21:10-05:00,PUR_IED_BrasiliaU_A203_7c8ca5,PUR_IED_BrasiliaU_A203_7c8ca5,,,,,
2026-09-12T00:21:10-05:00,PUR_IED_BrasiliaU_Ext_8d6e9f,PUR_IED_BrasiliaU_Ext_8d6e9f,5,17,62,4.5175,-74.116302
2026-09-12T00:21:10-05:00,PUR_IED_Brasilia_Ext_fe6593,PUR_IED_Brasilia_Ext_fe6593,,,,,
2026-09-12T00:21:10-05:00,PUR_IED_Brasilia_S24_7c130d,PUR_IED_Brasilia_S24_7c130d,,,,,
2026-09-12T00:21:10-05:00,PUR_IED_Brasilia_S501_186a54,PUR_IED_Brasilia_S501_186a54,,,,,
2026-09-12T00:21:10-05:00,PUR_IED_CHARRY_EXT_f1d5cd,PUR_IED_CHARRY_EXT_f1d5cd,,,,,
2026-09-12T00:21:10-05:00,PUR_IED_CHARRY_INTDANZAS_7a08e6,PUR_IED_CHARRY_INTDANZAS_7a08e6,,,,,
2026-09-12T00:21:10-05:00,PUR_IED_CHARRY_INT_AULA20_dc998d,PUR_IED_CHARRY_INT_AULA20_dc998d,,,,,
2026-09-12T00:21:10-05:00,PUR_IED_COLVIV_1101_S25_7f520a,PUR_IED_COLVIV_1101_S25_7f520a,,,,,
2026-09-12T00:21:10-05:00,PUR_IED_COLVIV_1102_S16_f570ba,PUR_IED_COLVIV_1102_S16_f570ba,,,,,
2026-09-12T00:21:10-05:00,PUR_IED_COLVIV_Ext_1a26fa,PUR_IED_COLVIV_Ext_1a26fa,,,,,
2026-09-12T00:21:10-05:00,PUR_IED_CULPOP_301A_f660f3,PUR_IED_CULPOP_301A_f660f3,,,,,
2026-09-12T00:21:10-05:00,PUR_IED_CULPOP_303_568afe,PUR_IED_CULPOP_303_568afe,,,,,
2026-09-12T00:21:10-05:00,PUR_IED_CULPOP_Ext_e02ccb,PUR_IED_CULPOP_Ext_e02ccb,,,,,
2026-09-12T00:21:10-05:00,PUR_IED_CVillavicen_Ext_26eb58,PUR_IED_CVillavicen_Ext_26eb58,4,15,78,4.487,-74.102798
2026-09-12T00:21:10-05:00,PUR_IED_CVillavicen_Intel_1ce5c2,PUR_IED_CVillavicen_Intel_1ce5c2,,,,,
2026-09-12T00:21:10-05:00,PUR_IED_CVillavicen_Poliv_e0766c,PUR_IED_CVillavicen_Poliv_e0766c,,,,,
2026-09-12T00:21:10-05:00,PUR_IED_CVillavicen_int_1ba140,PUR_IED_CVillavicen_int_1ba140,,,,,
2026-09-12T00:21:10-05:00,PUR_IED_CVillavicen_intel_1ba140,PUR_IED_CVillavicen_intel_1ba140,,,,,
2026-09-12T00:21:10-05:00,PUR_IED_CarlosPizarro_Ext_e307cc,PUR_IED_CarlosPizarro_Ext_e307cc,,,,,
2026-09-12T00:21:10-05:00,PUR_IED_CarlosPizarro_L36_7e5cdb,PUR_IED_CarlosPizarro_L36_7e5cdb,,,,,
2026-09-12T00:21:10-05:00,PUR_IED_CarlosPizarro_L37_c8566c,PUR_IED_CarlosPizarro_L37_c8566c,,,,,
2026-09-12T00:21:10-05:00,PUR_IED_Castilla_Ext_cf35f,PUR_IED_Castilla_Ext_cf35f,,,,,
2026-09-12T00:21:10-05:00,PUR_IED_Castilla_SFisik_360e38,PUR_IED_Castilla_SFisik_360e38,,,,,
2026-09-12T00:21:10-05:00,PUR_IED_Castilla_Sc304_496fbf,PUR_IED_Castilla_Sc304_496fbf,,,,,
2026-09-12T00:21:10-05:00,PUR_IED_CervantesSa_Ext_6b57b,PUR_IED_CervantesSa_Ext_6b57b,3,17,68,4.5128,-74.117203
2026-09-12T00:21:10-05:00,PUR_IED_CervantesSa_S107_225c2b,PUR_IED_CervantesSa_S107_225c2b,,,,,
2026-09-12T00:21:10-05:00,PUR_IED_CervantesSa_S108_940925,PUR_IED_CervantesSa_S108_940925,,,,,
2026-09-12T00:21:10-05:00,PUR_IED_Charry_A20_f53e7c,PUR_IED_Charry_A20_f53e7c,,,,,
2026-09-12T00:21:10-05:00,PUR_IED_Charry_Ext_f1d5cd,PUR_IED_Charry_Ext_f1d5cd,,,,,
2026-09-12T00:21:10-05:00,PUR_IED_Charry_IntAula20_dc998d,PUR_IED_Charry_IntAula20_dc998d,,,,,
2026-09-12T00:21:10-05:00,PUR_IED_Charry_IntDanzas_7a08e6,PUR_IED_Charry_IntDanzas_7a08e6,,,,,
2026-09-12T00:21:10-05:00,PUR_IED_ClememciaC_203_43e2fc,PUR_IED_ClememciaC_203_43e2fc,,,,,
2026-09-12T00:21:10-05:00,PUR_IED_ClememciaC_Ext_1b411a,PUR_IED_ClememciaC_Ext_1b411a,,,,,
2026-09-12T00:21:10-05:00,PUR_IED_ClememciaC_Quimic_44b5fc,PUR_IED_ClememciaC_Quimic_44b5fc,,,,,
2026-09-12T00:21:10-05:00,PUR_IED_ClemenciaC_203_43e2fc,PUR_IED_ClemenciaC_203_43e2fc,,,,,
2026-09-12T00:21:10-05:00,PUR_IED_ClemenciaC_Ext_1b411a,PUR_IED_ClemenciaC_Ext_1b411a,,,,,
2026-09-12T00:21:10-05:00,PUR_IED_ClemenciaC_Quimic_44b5fc,PUR_IED_ClemenciaC_Quimic_44b5fc,,,,,
2026-09-12T00:21:10-05:00,PUR_IED_ColViva_1101_S25_7f520a,PUR_IED_ColViva_1101_S25_7f520a,,,,,
2026-09-12T00:21:10-05:00,PUR_IED_ColViva_1102_S16_f570ba,PUR_IED_ColViva_1102_S16_f570ba,,,,,
2026-09-12T00:21:10-05:00,PUR_IED_ColViva_Ext_1a26fa,PUR_IED_ColViva_Ext_1a26fa,,,,,
2026-09-12T00:21:10-05:00,PUR_IED_ColegioBici_Asist_7c8798,PUR_IED_ColegioBici_Asist_7c8798,,,,,
2026-09-12T00:21:10-05:00,PUR_IED_ColegioBici_Ext_25cbf6,PUR_IED_ColegioBici_Ext_25cbf6,,,,,
2026-09-12T00:21:10-05:00,PUR_IED_ColegioBici_LabQ_7b57db,PUR_IED_ColegioBici_LabQ_7b57db,,,,,
2026-09-12T00:21:10-05:00,PUR_IED_CostaRica_Ext_5e640,PUR_IED_CostaRica_Ext_5e640,,,,,
2026-09-12T00:21:10-05:00,PUR_IED_CostaRica_Quim1_766d1c,PUR_IED_CostaRica_Quim1_766d1c,,,,,
2026-09-12T00:21:10-05:00,PUR_IED_CostaRica__Fisica_6f0873,PUR_IED_CostaRica__Fisica_6f0873,,,,,
2026-09-12T00:21:10-05:00,PUR_IED_CulPopu_301A_f660f3,PUR_IED_CulPopu_301A_f660f3,,,,,
2026-09-12T00:21:10-05:00,PUR_IED_CulPopu_303_568afe,PUR_IED_CulPopu_303_568afe,,,,,
2026-09-12T00:21:10-05:00,PUR_IED_CulPopu_Ext_e02ccb,PUR_IED_CulPopu_Ext_e02ccb,,,,,
2026-09-12T00:21:10-05:00,PUR_IED_Cundinamarca_Ext_f15985,PUR_IED_Cundinamarca_Ext_f15985,,,,,
2026-09-12T00:21:10-05:00,PUR_IED_Cundinamarca_Info_7aa5d7,PUR_IED_Cundinamarca_Info_7aa5d7,,,,,
2026-09-12T00:21:10-05:00,PUR_IED_Cundinamarca_Tec2_f449c7,PUR_IED_Cundinamarca_Tec2_f449c7,,,,,
2026-09-12T00:21:10-05:00,PUR_IED_DiegoM_Aula1_27b314,PUR_IED_DiegoM_Aula1_27b314,,,,,
2026-09-12T00:21:10-05:00,PUR_IED_DiegoM_Ext_d80ac8,PUR_IED_DiegoM_Ext_d80ac8,,,,,
2026-09-12T00:21:10-05:00,PUR_IED_DiegoM_S25_da928f,PUR_IED_DiegoM_S25_da928f,,,,,
2026-09-12T00:21:10-05:00,PUR_IED_ELRODEO_360881,PUR_IED_ELRODEO_360881,,,,,
2026-09-12T00:21:10-05:00,PUR_IED_ELRODEO_ext_360881,PUR_IED_ELRODEO_ext_360881,,,,,
2026-09-12T00:21:10-05:00,PUR_IED_EduardoU_Ext_1c1969,PUR_IED_EduardoU_Ext_1c1969,,,,,
2026-09-12T00:21:10-05:00,PUR_IED_EduardoU_SCiencia_4dfb94,PUR_IED_EduardoU_SCiencia_4dfb94,,,,,
2026-09-12T00:21:10-05:00,PUR_IED_EduardoU_SQuimica_5a46e7,PUR_IED_EduardoU_SQuimica_5a46e7,,,,,
2026-09-12T00:21:10-05:00,PUR_IED_ElRodeo_Aula14_676984,PUR_IED_ElRodeo_Aula14_676984,,,,,
2026-09-12T00:21:10-05:00,PUR_IED_ElRodeo_Aula16_2dd35b,PUR_IED_ElRodeo_Aula16_2dd35b,,,,,
2026-09-12T00:21:10-05:00,PUR_IED_ElRodeo_Ext_360881,PUR_IED_ElRodeo_Ext_360881,,,,,
2026-09-12T00:21:10-05:00,PUR_IED_ElRodeo_Exterior_8c6d28,PUR_IED_ElRodeo_Exterior_8c6d28,,,,,
2026-09-12T00:21:10-05:00,PUR_IED_ElRodeo_ext_360881,PUR_IED_ElRodeo_ext_360881,,,,,
2026-09-12T00:21:10-05:00,PUR_IED_EmmaReyes_Ext_987625,PUR_IED_EmmaReyes_Ext_987625,17,21,54,4.6367,-74.1511
2026-09-12T00:21:10-05:00,PUR_IED_Ensueño_Ext_7f0250,PUR_IED_Ensueño_Ext_7f0250,,,,,
2026-09-12T00:21:10-05:00,PUR_IED_EscNormal_Ext_5fef3b,PUR_IED_EscNormal_Ext_5fef3b,3,18,58,4.5852,-74.096901
2026-09-12T00:21:10-05:00,PUR_IED_EscNormal_S309_5b263,PUR_IED_EscNormal_S309_5b263,,,,,
2026-09-12T00:21:10-05:00,PUR_IED_EscNormal_S310_27b3b8,PUR_IED_EscNormal_S310_27b3b8,,,,,
2026-09-12T00:21:10-05:00,PUR_IED_Evangelista_Conta_f6cd4f,PUR_IED_Evangelista_Conta_f6cd4f,,,,,
2026-09-12T00:21:10-05:00,PUR_IED_Evangelista_Cri_5e16a,PUR_IED_Evangelista_Cri_5e16a,,,,,
2026-09-12T00:21:10-05:00,PUR_IED_Evangelista_Exter_754066,PUR_IED_Evangelista_Exter_754066,,,,,
2026-09-12T00:21:10-05:00,PUR_IED_FMiranda_S209_5cc2a3,PUR_IED_FMiranda_S209_5cc2a3,,,,,
2026-09-12T00:21:10-05:00,PUR_IED_FMiranda_S303_19e344,PUR_IED_FMiranda_S303_19e344,,,,,
2026-09-12T00:21:10-05:00,PUR_IED_FMiranda_ext_f53e7c,PUR_IED_FMiranda_ext_f53e7c,,,,,
2026-09-12T00:21:10-05:00,PUR_IED_FabioLozano_Bibli_1cee05,PUR_IED_FabioLozano_Bibli_1cee05,,,,,
2026-09-12T00:21:10-05:00,PUR_IED_FabioLozano_Ext_6ea285,PUR_IED_FabioLozano_Ext_6ea285,,,,,
2026-09-12T00:21:10-05:00,PUR_IED_FabioLozano_SLudi_f09e1e,PUR_IED_FabioLozano_SLudi_f09e1e,,,,,
2026-09-12T00:21:10-05:00,PUR_IED_FaustinoS_Aula07_27a731,PUR_IED_FaustinoS_Aula07_27a731,,,,,
2026-09-12T00:21:10-05:00,PUR_IED_FaustinoS_Ext_7b936f,PUR_IED_FaustinoS_Ext_7b936f,,,,,
2026-09-12T00:21:10-05:00,PUR_IED_FaustinoS_Fisica_da2c60,PUR_IED_FaustinoS_Fisica_da2c60,,,,,
2026-09-12T00:21:10-05:00,PUR_IED_FeGarciaLo_Ext_dc68ee,PUR_IED_FeGarciaLo_Ext_dc68ee,,,,,
2026-09-12T00:21:10-05:00,PUR_IED_FeGarciaLo_SDanza_f70a59,PUR_IED_FeGarciaLo_SDanza_f70a59,,,,,
2026-09-12T00:21:10-05:00,PUR_IED_FeGarciaLo_SMusic_125cdd,PUR_IED_FeGarciaLo_SMusic_125cdd,,,,,
2026-09-12T00:21:10-05:00,PUR_IED_FederalAlema_Exte_50c345,PUR_IED_FederalAlema_Exte_50c345,,,,,
2026-09-12T00:21:10-05:00,PUR_IED_FederalAlema_S31_f18371,PUR_IED_FederalAlema_S31_f18371,,,,,
2026-09-12T00:21:10-05:00,PUR_IED_FederalAlema_S901_a62cd,PUR_IED_FederalAlema_S901_a62cd,,,,,
2026-09-12T00:21:10-05:00,PUR_IED_FilarmonicaS_A5_f35eb1,PUR_IED_FilarmonicaS_A5_f35eb1,,,,,
2026-09-12T00:21:10-05:00,PUR_IED_FilarmonicaS_Ext_8a3bde,PUR_IED_FilarmonicaS_Ext_8a3bde,,,,,
2026-09-12T00:21:10-05:00,PUR_IED_FilarmonicaS_Spol_406114,PUR_IED_FilarmonicaS_Spol_406114,,,,,
2026-09-12T00:21:10-05:00,PUR_IED_FlorentinoG_A13_d1fa59,PUR_IED_FlorentinoG_A13_d1fa59,,,,,
2026-09-12T00:21:10-05:00,PUR_IED_FlorentinoG_Ext_1ce6ce,PUR_IED_FlorentinoG_Ext_1ce6ce,,,,,
2026-09-12T00:21:10-05:00,PUR_IED_FlorentinoG_Idiom_a66aac,PUR_IED_FlorentinoG_Idiom_a66aac,,,,,
2026-09-12T00:21:10-05:00,PUR_IED_FranciscoMati_Ext_e3869d,PUR_IED_FranciscoMati_Ext_e3869d,,,,,
2026-09-12T00:21:10-05:00,PUR_IED_FranciscoMati_S13_f31c67,PUR_IED_FranciscoMati_S13_f31c67,,,,,
2026-09-12T00:21:10-05:00,PUR_IED_FranciscoMati_S14_97dead,PUR_IED_FranciscoMati_S14_97dead,,,,,
2026-09-12T00:21:10-05:00,PUR_IED_FranciscoPS_Ext_7bfa9a,PUR_IED_FranciscoPS_Ext_7bfa9a,2,20,56,4.5899,-74.110397
2026-09-12T00:21:10-05:00,PUR_IED_FranciscoPS_Infor_fb8f4c,PUR_IED_FranciscoPS_Infor_fb8f4c,,,,,
2026-09-12T00:21:10-05:00,PUR_IED_FranciscoPS_Quimi_94d39c,PUR_IED_FranciscoPS_Quimi_94d39c,,,,,
2026-09-12T00:21:10-05:00,PUR_IED_FranciscoP_LabQ_d7e148,PUR_IED_FranciscoP_LabQ_d7e148,,,,,
2026-09-12T00:21:10-05:00,PUR_IED_FranciscoP_S28_cf9b30,PUR_IED_FranciscoP_S28_cf9b30,,,,,
2026-09-12T00:21:10-05:00,PUR_IED_FranciscoP_ext_e2313,PUR_IED_FranciscoP_ext_e2313,,,,,
2026-09-12T00:21:10-05:00,PUR_IED_FriederichN_Ext_8ac92a,PUR_IED_FriederichN_Ext_8ac92a,,,,,
2026-09-12T00:21:10-05:00,PUR_IED_FriederichN_S301_dd7e5a,PUR_IED_FriederichN_S301_dd7e5a,,,,,
2026-09-12T00:21:10-05:00,PUR_IED_FriederichN_S308_761f4f,PUR_IED_FriederichN_S308_761f4f,,,,,
2026-09-12T00:21:10-05:00,PUR_IED_GSantander_Aula10_533dd7,PUR_IED_GSantander_Aula10_533dd7,,,,,
2026-09-12T00:21:10-05:00,PUR_IED_GSantander_Aula12_fd4e4f,PUR_IED_GSantander_Aula12_fd4e4f,,,,,
2026-09-12T00:21:10-05:00,PUR_IED_GSantander_Aula310_533dd7,PUR_IED_GSantander_Aula310_533dd7,,,,,
2026-09-12T00:21:10-05:00,PUR_IED_GSantander_Aula312_fd4e4f,PUR_IED_GSantander_Aula312_fd4e4f,,,,,
2026-09-12T00:21:10-05:00,PUR_IED_GSantander_Ext_5f66b0,PUR_IED_GSantander_Ext_5f66b0,,,,,
2026-09-12T00:21:10-05:00,PUR_IED_GYomasa_Ext_f6bea5,PUR_IED_GYomasa_Ext_f6bea5,,,,,
2026-09-12T00:21:10-05:00,PUR_IED_GYomasa_LBiol_2c41aa,PUR_IED_GYomasa_LBiol_2c41aa,,,,,
2026-09-12T00:21:10-05:00,PUR_IED_GYomasa_LQuim_33c80,PUR_IED_GYomasa_LQuim_33c80,,,,,
2026-09-12T00:21:10-05:00,PUR_IED_GabBetMejia_Cienc_5a99c,PUR_IED_GabBetMejia_Cienc_5a99c,,,,,
2026-09-12T00:21:10-05:00,PUR_IED_GabBetMejia_Ext_9153d0,PUR_IED_GabBetMejia_Ext_9153d0,,,,,
2026-09-12T00:21:10-05:00,PUR_IED_GabBetMejia_Lab_f55347,PUR_IED_GabBetMejia_Lab_f55347,,,,,
2026-09-12T00:21:10-05:00,PUR_IED_GabBetanMejia_Ext_9153d0,PUR_IED_GabBetanMejia_Ext_9153d0,,,,,
2026-09-12T00:21:10-05:00,PUR_IED_Gaitana_Aula13_7aac11,PUR_IED_Gaitana_Aula13_7aac11,,,,,
2026-09-12T00:21:10-05:00,PUR_IED_Gaitana_Ext_5fcf4,PUR_IED_Gaitana_Ext_5fcf4,,,,,
2026-09-12T00:21:10-05:00,PUR_IED_Gaitana_LabFisica_644448,PUR_IED_Gaitana_LabFisica_644448,,,,,
2026-09-12T00:21:10-05:00,PUR_IED_GenSantander_Dise_8ac858,PUR_IED_GenSantander_Dise_8ac858,,,,,
2026-09-12T00:21:10-05:00,PUR_IED_GenSantander_Ext_8d5dfe,PUR_IED_GenSantander_Ext_8d5dfe,,,,,
2026-09-12T00:21:10-05:00,PUR_IED_GenSantander_Info_6c25b,PUR_IED_GenSantander_Info_6c25b,,,,,
2026-09-12T00:21:10-05:00,PUR_IED_GustavoMo_Exterio_75e63d,PUR_IED_GustavoMo_Exterio_75e63d,,,,,
2026-09-12T00:21:10-05:00,PUR_IED_GustavoMo_LabFisi_224d37,PUR_IED_GustavoMo_LabFisi_224d37,,,,,
2026-09-12T00:21:10-05:00,PUR_IED_GustavoMo_S208_3e6918,PUR_IED_GustavoMo_S208_3e6918,,,,,
2026-09-12T00:21:10-05:00,PUR_IED_GustavoR_A02_8cd4a8,PUR_IED_GustavoR_A02_8cd4a8,,,,,
2026-09-12T00:21:10-05:00,PUR_IED_GustavoR_B11_5b0ed,PUR_IED_GustavoR_B11_5b0ed,,,,,
2026-09-12T00:21:10-05:00,PUR_IED_GustavoR_Ext_7a0c90,PUR_IED_GustavoR_Ext_7a0c90,,,,,
2026-09-12T00:21:10-05:00,PUR_IED_HernandoDuran_Ext_8cd82b,PUR_IED_HernandoDuran_Ext_8cd82b,,,,,
2026-09-12T00:21:10-05:00,PUR_IED_HernandoDuran_S24_2772c6,PUR_IED_HernandoDuran_S24_2772c6,,,,,
2026-09-12T00:21:10-05:00,PUR_IED_HernandoDuran_S30_f2de41,PUR_IED_HernandoDuran_S30_f2de41,,,,,
2026-09-12T00:21:10-05:00,PUR_IED_HolguInUr_S1101_8cd732,PUR_IED_HolguInUr_S1101_8cd732,,,,,
2026-09-12T00:21:10-05:00,PUR_IED_HolguinUr_Exter_ddae6d,PUR_IED_HolguinUr_Exter_ddae6d,,,,,
2026-09-12T00:21:10-05:00,PUR_IED_HolguinUr_LabQuim_92b952,PUR_IED_HolguinUr_LabQuim_92b952,,,,,
2026-09-12T00:21:10-05:00,PUR_IED_Isabel-II_Ext_5245cc,PUR_IED_Isabel-II_Ext_5245cc,12,19,60,4.6336,-74.153
2026-09-12T00:21:10-05:00,PUR_IED_Isabel-II_S_idiom_1c29aa,PUR_IED_Isabel-II_S_idiom_1c29aa,,,,,
2026-09-12T00:21:10-05:00,PUR_IED_Isabel-II_S_infor_fd741,PUR_IED_Isabel-II_S_infor_fd741,,,,,
2026-09-12T00:21:10-05:00,PUR_IED_IsidroSur_Exterio_5b90ea,PUR_IED_IsidroSur_Exterio_5b90ea,,,,,
2026-09-12T00:21:10-05:00,PUR_IED_IsidroSur_LabTec_56697a,PUR_IED_IsidroSur_LabTec_56697a,,,,,
2026-09-12T00:21:10-05:00,PUR_IED_IsidroSur_Robotic_b7c38f,PUR_IED_IsidroSur_Robotic_b7c38f,,,,,
2026-09-12T00:21:10-05:00,PUR_IED_IsmaelPerd_Ext_7b6672,PUR_IED_IsmaelPerd_Ext_7b6672,,,,,
2026-09-12T00:21:10-05:00,PUR_IED_IsmaelPerd_Inform_306540,PUR_IED_IsmaelPerd_Inform_306540,,,,,
2026-09-12T00:21:10-05:00,PUR_IED_IsmaelPerd_S30_2e2c83,PUR_IED_IsmaelPerd_S30_2e2c83,,,,,
2026-09-12T00:21:10-05:00,PUR_IED_JLozano_Exter_432910,PUR_IED_JLozano_Exter_432910,,,,,
2026-09-12T00:21:10-05:00,PUR_IED_JLozano_salaMulti_df5125,PUR_IED_JLozano_salaMulti_df5125,,,,,
2026-09-12T00:21:10-05:00,PUR_IED_JMCordoba_206_86f80b,PUR_IED_JMCordoba_206_86f80b,,,,,
2026-09-12T00:21:10-05:00,PUR_IED_JMCordoba_Ext_27ad97,PUR_IED_JMCordoba_Ext_27ad97,,,,,
2026-09-12T00:21:10-05:00,PUR_IED_JMCordoba_S310_d59ab4,PUR_IED_JMCordoba_S310_d59ab4,,,,,
2026-09-12T00:21:10-05:00,PUR_IED_Japon_Ext_549100,PUR_IED_Japon_Ext_549100,,,,,
2026-09-12T00:21:10-05:00,PUR_IED_Japon_Laboratorio_bec51d,PUR_IED_Japon_Laboratorio_bec51d,,,,,
2026-09-12T00:21:10-05:00,PUR_IED_Japon_informatica_d99327,PUR_IED_Japon_informatica_d99327,,,,,
2026-09-12T00:21:10-05:00,PUR_IED_Jazmin_Ext_d27bda,PUR_IED_Jazmin_Ext_d27bda,,,,,
2026-09-12T00:21:10-05:00,PUR_IED_Jazmin_Fisica_8d14d7,PUR_IED_Jazmin_Fisica_8d14d7,,,,,
2026-09-12T00:21:10-05:00,PUR_IED_Jazmin_Quimica_801cb5,PUR_IED_Jazmin_Quimica_801cb5,,,,,
2026-09-12T00:21:10-05:00,PUR_IED_JorgeGaitan_Exter_f098d1,PUR_IED_JorgeGaitan_Exter_f098d1,,,,,
2026-09-12T00:21:10-05:00,PUR_IED_JorgeGaitan_STec1_dc9d1d,PUR_IED_JorgeGaitan_STec1_dc9d1d,,,,,
2026-09-12T00:21:10-05:00,PUR_IED_JorgeGaitan_STec2_281e69,PUR_IED_JorgeGaitan_STec2_281e69,,,,,
2026-09-12T00:21:10-05:00,PUR_IED_JorgeSoto_Exterio_d9d0a2,PUR_IED_JorgeSoto_Exterio_d9d0a2,,,,,
2026-09-12T00:21:10-05:00,PUR_IED_JorgeSoto_LabFisi_209c54,PUR_IED_JorgeSoto_LabFisi_209c54,,,,,
2026-09-12T00:21:10-05:00,PUR_IED_JorgeSoto_S103_27b51a,PUR_IED_JorgeSoto_S103_27b51a,,,,,
2026-09-12T00:21:10-05:00,PUR_IED_JoseAcevedo_A02_e965eb,PUR_IED_JoseAcevedo_A02_e965eb,,,,,
2026-09-12T00:21:10-05:00,PUR_IED_JoseAcevedo_A07_dd5b4,PUR_IED_JoseAcevedo_A07_dd5b4,,,,,
2026-09-12T00:21:10-05:00,PUR_IED_JoseAcevedo_Ext_b47484,PUR_IED_JoseAcevedo_Ext_b47484,,,,,
2026-09-12T00:21:10-05:00,PUR_IED_JoseMarti_Exte_5b9bf,PUR_IED_JoseMarti_Exte_5b9bf,,,,,
2026-09-12T00:21:10-05:00,PUR_IED_JoseMarti_LabQuim_1c6c2d,PUR_IED_JoseMarti_LabQuim_1c6c2d,,,,,
2026-09-12T00:21:10-05:00,PUR_IED_JoseMarti_S_info_f5f177,PUR_IED_JoseMarti_S_info_f5f177,,,,,
2026-09-12T00:21:10-05:00,PUR_IED_Josejoaquin_Ext_dfc5dc,PUR_IED_Josejoaquin_Ext_dfc5dc,,,,,
2026-09-12T00:21:10-05:00,PUR_IED_Josejoaquin_S05_5b2a96,PUR_IED_Josejoaquin_S05_5b2a96,,,,,
2026-09-12T00:21:10-05:00,PUR_IED_Josejoaquin_S06_1ce7d2,PUR_IED_Josejoaquin_S06_1ce7d2,,,,,
2026-09-12T00:21:10-05:00,PUR_IED_JulioFlorez_Danza_9b82dd,PUR_IED_JulioFlorez_Danza_9b82dd,,,,,
2026-09-12T00:21:10-05:00,PUR_IED_JulioFlorez_Exter_f9f314,PUR_IED_JulioFlorez_Exter_f9f314,,,,,
2026-09-12T00:21:10-05:00,PUR_IED_JulioFlorez_info2_6b6e08,PUR_IED_JulioFlorez_info2_6b6e08,,,,,
2026-09-12T00:21:10-05:00,PUR_IED_LaBelleza_Aula13_1d00d8,PUR_IED_LaBelleza_Aula13_1d00d8,,,,,
2026-09-12T00:21:10-05:00,PUR_IED_LaBelleza_Ext_7bc08c,PUR_IED_LaBelleza_Ext_7bc08c,,,,,
2026-09-12T00:21:10-05:00,PUR_IED_LaChucua_Ext_8cd6d2,PUR_IED_LaChucua_Ext_8cd6d2,,,,,
2026-09-12T00:21:10-05:00,PUR_IED_LaChucua_S15_f578ce,PUR_IED_LaChucua_S15_f578ce,,,,,
2026-09-12T00:21:10-05:00,PUR_IED_LaChucua_S16_eebcf9,PUR_IED_LaChucua_S16_eebcf9,,,,,
2026-09-12T00:21:10-05:00,PUR_IED_LaFelicidad_Ext_fb5109,PUR_IED_LaFelicidad_Ext_fb5109,,,,,
2026-09-12T00:21:10-05:00,PUR_IED_LaMerced_206_66ebd,PUR_IED_LaMerced_206_66ebd,,,,,
2026-09-12T00:21:10-05:00,PUR_IED_LaMerced_207_6ebd6,PUR_IED_LaMerced_207_6ebd6,,,,,
2026-09-12T00:21:10-05:00,PUR_IED_LaMerced_ext_304311,PUR_IED_LaMerced_ext_304311,,,,,
2026-09-12T00:21:10-05:00,PUR_IED_Laureano_CiencNat_281e5e,PUR_IED_Laureano_CiencNat_281e5e,,,,,
2026-09-12T00:21:10-05:00,PUR_IED_Laureano_Comedor_f65c0a,PUR_IED_Laureano_Comedor_f65c0a,,,,,
2026-09-12T00:21:10-05:00,PUR_IED_Laureano_Exterior_7ab011,PUR_IED_Laureano_Exterior_7ab011,,,,,
2026-09-12T00:21:10-05:00,PUR_IED_LeonGreiff_Exte_dfe560,PUR_IED_LeonGreiff_Exte_dfe560,,,,,
2026-09-12T00:21:10-05:00,PUR_IED_LeonGreiff_S210_f264ed,PUR_IED_LeonGreiff_S210_f264ed,,,,,
2026-09-12T00:21:10-05:00,PUR_IED_LeonGreiff_SQuimi_e8296f,PUR_IED_LeonGreiff_SQuimi_e8296f,,,,,
2026-09-12T00:21:10-05:00,PUR_IED_LlanoOrientalS208_7b9fcd,PUR_IED_LlanoOrientalS208_7b9fcd,,,,,
2026-09-12T00:21:10-05:00,PUR_IED_LlanoOriental_Ext_fb3766,PUR_IED_LlanoOriental_Ext_fb3766,,,,,
2026-09-12T00:21:10-05:00,PUR_IED_LlanoOriental_S208_7b9fcd,PUR_IED_LlanoOriental_S208_7b9fcd,,,,,
2026-09-12T00:21:10-05:00,PUR_IED_LlanoOriental_S9_27b378,PUR_IED_LlanoOriental_S9_27b378,,,,,
2026-09-12T00:21:10-05:00,PUR_IED_LosTejares_1101_477602,PUR_IED_LosTejares_1101_477602,,,,,
2026-09-12T00:21:10-05:00,PUR_IED_LosTejares_11_d2c595,PUR_IED_LosTejares_11_d2c595,,,,,
2026-09-12T00:21:10-05:00,PUR_IED_LosTejares_12_477602,PUR_IED_LosTejares_12_477602,,,,,
2026-09-12T00:21:10-05:00,PUR_IED_LosTejares_Ext_8e2115,PUR_IED_LosTejares_Ext_8e2115,,,,,
2026-09-12T00:21:10-05:00,PUR_IED_MagdalenaO_B202_5ddda3,PUR_IED_MagdalenaO_B202_5ddda3,,,,,
2026-09-12T00:21:10-05:00,PUR_IED_MagdalenaO_B205_fb76e8,PUR_IED_MagdalenaO_B205_fb76e8,,,,,
2026-09-12T00:21:10-05:00,PUR_IED_MagdalenaO_ext_dc69cd,PUR_IED_MagdalenaO_ext_dc69cd,,,,,
2026-09-12T00:21:10-05:00,PUR_IED_ManueCepeda_artes_eee956,PUR_IED_ManueCepeda_artes_eee956,,,,,
2026-09-12T00:21:10-05:00,PUR_IED_ManuelCepeda_Ext_58313,PUR_IED_ManuelCepeda_Ext_58313,,,,,
2026-09-12T00:21:10-05:00,PUR_IED_ManuelCepeda_tec_1c5731,PUR_IED_ManuelCepeda_tec_1c5731,,,,,
2026-09-12T00:21:10-05:00,PUR_IED_ManuelS_Exterior_5b269,PUR_IED_ManuelS_Exterior_5b269,,,,,
2026-09-12T00:21:10-05:00,PUR_IED_ManuelS_Inform_f369ce,PUR_IED_ManuelS_Inform_f369ce,,,,,
2026-09-12T00:21:10-05:00,PUR_IED_ManuelS_SArtes_7d15f1,PUR_IED_ManuelS_SArtes_7d15f1,,,,,
2026-09-12T00:21:10-05:00,PUR_IED_ManuelZapata_303_3ca6,PUR_IED_ManuelZapata_303_3ca6,,,,,
2026-09-12T00:21:10-05:00,PUR_IED_ManuelZapata_311_bfbabc,PUR_IED_ManuelZapata_311_bfbabc,,,,,
2026-09-12T00:21:10-05:00,PUR_IED_ManuelZapata_Ext_50824a,PUR_IED_ManuelZapata_Ext_50824a,,,,,
2026-09-12T00:21:10-05:00,PUR_IED_ManuelitaS_Exteri_656a92,PUR_IED_ManuelitaS_Exteri_656a92,,,,,
2026-09-12T00:21:10-05:00,PUR_IED_ManuelitaS_JuzgDe_f58ec3,PUR_IED_ManuelitaS_JuzgDe_f58ec3,,,,,
2026-09-12T00:21:10-05:00,PUR_IED_ManuelitaS_Recrea_d793db,PUR_IED_ManuelitaS_Recrea_d793db,,,,,
2026-09-12T00:21:10-05:00,PUR_IED_MarFidSuarez_Ext_c27b19,PUR_IED_MarFidSuarez_Ext_c27b19,,,,,
2026-09-12T00:21:10-05:00,PUR_IED_MarFidSuarez_Info_e384d7,PUR_IED_MarFidSuarez_Info_e384d7,,,,,
2026-09-12T00:21:10-05:00,PUR_IED_MarFidSuarez_S306_1d0032,PUR_IED_MarFidSuarez_S306_1d0032,,,,,
2026-09-12T00:21:10-05:00,PUR_IED_Menorah_301_2a25a3,PUR_IED_Menorah_301_2a25a3,,,,,
2026-09-12T00:21:10-05:00,PUR_IED_Menorah_306_37ed3,PUR_IED_Menorah_306_37ed3,,,,,
2026-09-12T00:21:10-05:00,PUR_IED_Menorah_Ext_3e155b,PUR_IED_Menorah_Ext_3e155b,,,,,
2026-09-12T00:21:10-05:00,PUR_IED_MinutoB.Aires_A11_1b1604,PUR_IED_MinutoB.Aires_A11_1b1604,,,,,
2026-09-12T00:21:10-05:00,PUR_IED_MinutoB.Aires_A12_fb5860,PUR_IED_MinutoB.Aires_A12_fb5860,,,,,
2026-09-12T00:21:10-05:00,PUR_IED_MinutoB.Aires_Ext_81293f,PUR_IED_MinutoB.Aires_Ext_81293f,,,,,
2026-09-12T00:21:10-05:00,PUR_IED_MinutoBAires_A11_1b1604,PUR_IED_MinutoBAires_A11_1b1604,,,,,
2026-09-12T00:21:10-05:00,PUR_IED_MinutoBAires_A12_fb5860,PUR_IED_MinutoBAires_A12_fb5860,,,,,
2026-09-12T00:21:10-05:00,PUR_IED_MinutoBAires_Ext_81293f,PUR_IED_MinutoBAires_Ext_81293f,,,,,
2026-09-12T00:21:10-05:00,PUR_IED_Montreal_Aula10_1e4959,PUR_IED_Montreal_Aula10_1e4959,,,,,
2026-09-12T00:21:10-05:00,PUR_IED_Montreal_Aula6_300367,PUR_IED_Montreal_Aula6_300367,,,,,
2026-09-12T00:21:10-05:00,PUR_IED_Montreal_Exterior_91a179,PUR_IED_Montreal_Exterior_91a179,,,,,
2026-09-12T00:21:10-05:00,PUR_IED_Mqgdalena_B202_5ddda3,PUR_IED_Mqgdalena_B202_5ddda3,,,,,
2026-09-12T00:21:10-05:00,PUR_IED_NACUND_Soc_dc8728,PUR_IED_NACUND_Soc_dc8728,,,,,
2026-09-12T00:21:10-05:00,PUR_IED_NACUND_ext_27ad97,PUR_IED_NACUND_ext_27ad97,,,,,
2026-09-12T00:21:10-05:00,PUR_IED_NEsperanza_Ext_d24b61,PUR_IED_NEsperanza_Ext_d24b61,,,,,
2026-09-12T00:21:10-05:00,PUR_IED_NEsperanza_SElect_7d1807,PUR_IED_NEsperanza_SElect_7d1807,,,,,
2026-09-12T00:21:10-05:00,PUR_IED_NEsperanza_SLabor_8b2d0a,PUR_IED_NEsperanza_SLabor_8b2d0a,,,,,
2026-09-12T00:21:10-05:00,PUR_IED_NacionesU_Ext_f661a9,PUR_IED_NacionesU_Ext_f661a9,,,,,
2026-09-12T00:21:10-05:00,PUR_IED_NacionesU_Quimica_66f0a,PUR_IED_NacionesU_Quimica_66f0a,,,,,
2026-09-12T00:21:10-05:00,PUR_IED_NacionesU_S306_1b4b3d,PUR_IED_NacionesU_S306_1b4b3d,,,,,
2026-09-12T00:21:10-05:00,PUR_IED_NestorFA_Ext_e4201c,PUR_IED_NestorFA_Ext_e4201c,,,,,
2026-09-12T00:21:10-05:00,PUR_IED_NestorFA_Laborato_f22fe0,PUR_IED_NestorFA_Laborato_f22fe0,,,,,
2026-09-12T00:21:10-05:00,PUR_IED_NestorFA_S204_dee996,PUR_IED_NestorFA_S204_dee996,,,,,
2026-09-12T00:21:10-05:00,PUR_IED_NidyaQT_Aula03_76999b,PUR_IED_NidyaQT_Aula03_76999b,,,,,
2026-09-12T00:21:10-05:00,PUR_IED_NidyaQT_Aula10_56325,PUR_IED_NidyaQT_Aula10_56325,,,,,
2026-09-12T00:21:10-05:00,PUR_IED_NidyaQT_Ext_46e32d,PUR_IED_NidyaQT_Ext_46e32d,,,,,
2026-09-12T00:21:10-05:00,PUR_IED_NuevaCol_Exterior_d9b859,PUR_IED_NuevaCol_Exterior_d9b859,,,,,
2026-09-12T00:21:10-05:00,PUR_IED_NuevaCol_S1101_76c43b,PUR_IED_NuevaCol_S1101_76c43b,,,,,
2026-09-12T00:21:10-05:00,PUR_IED_NuevaCol_S1102_1ce0b5,PUR_IED_NuevaCol_S1102_1ce0b5,,,,,
2026-09-12T00:21:10-05:00,PUR_IED_OEA_A202_f7e3f2,PUR_IED_OEA_A202_f7e3f2,,,,,
2026-09-12T00:21:10-05:00,PUR_IED_OEA_A203_7d1b8d,PUR_IED_OEA_A203_7d1b8d,,,,,
2026-09-12T00:21:10-05:00,PUR_IED_OEA_Ext_27b593,PUR_IED_OEA_Ext_27b593,,,,,
2026-09-12T00:21:10-05:00,PUR_IED_Ochoa_Ext_1c29da,PUR_IED_Ochoa_Ext_1c29da,,,,,
2026-09-12T00:21:10-05:00,PUR_IED_Ochoa_S205_8b1121,PUR_IED_Ochoa_S205_8b1121,,,,,
2026-09-12T00:21:10-05:00,PUR_IED_Ochoa_Sistemas_f33af6,PUR_IED_Ochoa_Sistemas_f33af6,,,,,
2026-09-12T00:21:10-05:00,PUR_IED_PQuebec_Ext_1c67c7,PUR_IED_PQuebec_Ext_1c67c7,,,,,
2026-09-12T00:21:10-05:00,PUR_IED_PQuebec_S15_23e8e2,PUR_IED_PQuebec_S15_23e8e2,,,,,
2026-09-12T00:21:10-05:00,PUR_IED_PQuebec_S16_8ec76b,PUR_IED_PQuebec_S16_8ec76b,,,,,
2026-09-12T00:21:10-05:00,PUR_IED_PabloN_Ext_49dc96,PUR_IED_PabloN_Ext_49dc96,,,,,
2026-09-12T00:21:10-05:00,PUR_IED_PabloN_S1102_4e3df5,PUR_IED_PabloN_S1102_4e3df5,,,,,
2026-09-12T00:21:10-05:00,PUR_IED_PabloN_S1103_50c94b,PUR_IED_PabloN_S1103_50c94b,,,,,
2026-09-12T00:21:10-05:00,PUR_IED_Palestina_S1101_db9198,PUR_IED_Palestina_S1101_db9198,,,,,
2026-09-12T00:21:10-05:00,PUR_IED_Palestina_S1102_dc54fa,PUR_IED_Palestina_S1102_dc54fa,,,,,
2026-09-12T00:21:10-05:00,PUR_IED_Palestina_ext_4ccce6,PUR_IED_Palestina_ext_4ccce6,,,,,
2026-09-12T00:21:10-05:00,PUR_IED_Panama_Fisica_4d0794,PUR_IED_Panama_Fisica_4d0794,,,,,
2026-09-12T00:21:10-05:00,PUR_IED_Panama_SIngles_a4077e,PUR_IED_Panama_SIngles_a4077e,,,,,
2026-09-12T00:21:10-05:00,PUR_IED_Panama_ext_4c54b4,PUR_IED_Panama_ext_4c54b4,,,,,
2026-09-12T00:21:10-05:00,PUR_IED_ParaisoM_Exterior_8cd7f0,PUR_IED_ParaisoM_Exterior_8cd7f0,,,,,
2026-09-12T00:21:10-05:00,PUR_IED_ParaisoM_Laborato_27af35,PUR_IED_ParaisoM_Laborato_27af35,,,,,
2026-09-12T00:21:10-05:00,PUR_IED_ParaisoM_S304_d1edca,PUR_IED_ParaisoM_S304_d1edca,,,,,
2026-09-12T00:21:10-05:00,PUR_IED_PorfirioBarba_Ext_301466,PUR_IED_PorfirioBarba_Ext_301466,,,,,
2026-09-12T00:21:10-05:00,PUR_IED_PorfirioBarba_S11_df6cd2,PUR_IED_PorfirioBarba_S11_df6cd2,,,,,
2026-09-12T00:21:10-05:00,PUR_IED_PorfirioBarba_S29_27a7d6,PUR_IED_PorfirioBarba_S29_27a7d6,,,,,
2026-09-12T00:21:10-05:00,PUR_IED_PradoV_Exter_8b27ad,PUR_IED_PradoV_Exter_8b27ad,,,,,
2026-09-12T00:21:10-05:00,PUR_IED_PradoV_S301_de65b5,PUR_IED_PradoV_S301_de65b5,,,,,
2026-09-12T00:21:10-05:00,PUR_IED_PradoV_S302_7d2593,PUR_IED_PradoV_S302_7d2593,,,,,
2026-09-12T00:21:10-05:00,PUR_IED_QuirogaAlz_Ext_1ddc82,PUR_IED_QuirogaAlz_Ext_1ddc82,,,,,
2026-09-12T00:21:10-05:00,PUR_IED_QuirogaAlz_S302_9926a3,PUR_IED_QuirogaAlz_S302_9926a3,,,,,
2026-09-12T00:21:10-05:00,PUR_IED_QuirogaAlz_S305_cdf1f1,PUR_IED_QuirogaAlz_S305_cdf1f1,,,,,
2026-09-12T00:21:10-05:00,PUR_IED_RGuatemala_Biling_dc53b7,PUR_IED_RGuatemala_Biling_dc53b7,,,,,
2026-09-12T00:21:10-05:00,PUR_IED_RGuatemala_Ext_1b89a3,PUR_IED_RGuatemala_Ext_1b89a3,,,,,
2026-09-12T00:21:10-05:00,PUR_IED_RGuatemala_Tecnol_281a34,PUR_IED_RGuatemala_Tecnol_281a34,,,,,
2026-09-12T00:21:10-05:00,PUR_IED_RafaNu_Ext_f7c302,PUR_IED_RafaNu_Ext_f7c302,,,,,
2026-09-12T00:21:10-05:00,PUR_IED_RafaNu_S1101_25fde,PUR_IED_RafaNu_S1101_25fde,,,,,
2026-09-12T00:21:10-05:00,PUR_IED_RafaNu_S1102_281517,PUR_IED_RafaNu_S1102_281517,,,,,
2026-09-12T00:21:10-05:00,PUR_IED_RafaelB_S305_ee2783,PUR_IED_RafaelB_S305_ee2783,,,,,
2026-09-12T00:21:10-05:00,PUR_IED_RafaelB_S306_75fe33,PUR_IED_RafaelB_S306_75fe33,,,,,
2026-09-12T00:21:10-05:00,PUR_IED_RafaelB_ext_283336,PUR_IED_RafaelB_ext_283336,3,18,58,4.6722,-74.0737
2026-09-12T00:21:10-05:00,PUR_IED_RafaelUU_Exterior_281a51,PUR_IED_RafaelUU_Exterior_281a51,,,,,
2026-09-12T00:21:10-05:00,PUR_IED_RafaelUU_Human_806b2,PUR_IED_RafaelUU_Human_806b2,,,,,
2026-09-12T00:21:10-05:00,PUR_IED_RafaelUU_Mate2_5680d4,PUR_IED_RafaelUU_Mate2_5680d4,,,,,
2026-09-12T00:21:10-05:00,PUR_IED_RamonSub_Ext_f9eeb9,PUR_IED_RamonSub_Ext_f9eeb9,,,,,
2026-09-12T00:21:10-05:00,PUR_IED_RamonSub_Media_d1f62f,PUR_IED_RamonSub_Media_d1f62f,,,,,
2026-09-12T00:21:10-05:00,PUR_IED_RamonSub_planta_51b82,PUR_IED_RamonSub_planta_51b82,,,,,
2026-09-12T00:21:10-05:00,PUR_IED_RepBoliVene_Exter_27af7c,PUR_IED_RepBoliVene_Exter_27af7c,,,,,
2026-09-12T00:21:10-05:00,PUR_IED_RepBoliVene_SCPT_5ae2ee,PUR_IED_RepBoliVene_SCPT_5ae2ee,,,,,
2026-09-12T00:21:10-05:00,PUR_IED_RepBoliVene_Socia_4b11d5,PUR_IED_RepBoliVene_Socia_4b11d5,,,,,
2026-09-12T00:21:10-05:00,PUR_IED_RepChina_Ext_76d9ee,PUR_IED_RepChina_Ext_76d9ee,,,,,
2026-09-12T00:21:10-05:00,PUR_IED_RepChina_S404_7c804c,PUR_IED_RepChina_S404_7c804c,,,,,
2026-09-12T00:21:10-05:00,PUR_IED_RepChina_S405_df2c33,PUR_IED_RepChina_S405_df2c33,,,,,
2026-09-12T00:21:10-05:00,PUR_IED_RepublicaC_Exteri_7d1ec9,PUR_IED_RepublicaC_Exteri_7d1ec9,,,,,
2026-09-12T00:21:10-05:00,PUR_IED_RepublicaC_S1101_f544b3,PUR_IED_RepublicaC_S1101_f544b3,,,,,
2026-09-12T00:21:10-05:00,PUR_IED_RepublicaC_S1102_7aafc7,PUR_IED_RepublicaC_S1102_7aafc7,,,,,
2026-09-12T00:21:10-05:00,PUR_IED_Ricaurte_Externo_a0ea1,PUR_IED_Ricaurte_Externo_a0ea1,,,,,
2026-09-12T00:21:10-05:00,PUR_IED_Ricaurte_S210_f546fd,PUR_IED_Ricaurte_S210_f546fd,,,,,
2026-09-12T00:21:10-05:00,PUR_IED_Ricaurte_S309_d4452,PUR_IED_Ricaurte_S309_d4452,,,,,
2026-09-12T00:21:10-05:00,PUR_IED_RogelioS_1102_531e69,PUR_IED_RogelioS_1102_531e69,,,,,
2026-09-12T00:21:10-05:00,PUR_IED_RogelioS_Ext_f25a18,PUR_IED_RogelioS_Ext_f25a18,,,,,
2026-09-12T00:21:10-05:00,PUR_IED_SBernardino_Ext_27aff8,PUR_IED_SBernardino_Ext_27aff8,,,,,
2026-09-12T00:21:10-05:00,PUR_IED_SBernardino_SArte_2ffd33,PUR_IED_SBernardino_SArte_2ffd33,,,,,
2026-09-12T00:21:10-05:00,PUR_IED_SBernardino_SIngl_7c7da5,PUR_IED_SBernardino_SIngl_7c7da5,,,,,
2026-09-12T00:21:10-05:00,PUR_IED_Sago_auditorio_dc9d1d,PUR_IED_Sago_auditorio_dc9d1d,,,,,
2026-09-12T00:21:10-05:00,PUR_IED_Saludcoop_Ext_95aac3,PUR_IED_Saludcoop_Ext_95aac3,,,,,
2026-09-12T00:21:10-05:00,PUR_IED_Saludcoop_InfI_90c854,PUR_IED_Saludcoop_InfI_90c854,,,,,
2026-09-12T00:21:10-05:00,PUR_IED_Saludcoop_SMedia_1b93be,PUR_IED_Saludcoop_SMedia_1b93be,,,,,
2026-09-12T00:21:10-05:00,PUR_IED_SanCarlos_1101_1a2360,PUR_IED_SanCarlos_1101_1a2360,,,,,
2026-09-12T00:21:10-05:00,PUR_IED_SanCarlos_1103_7bafb5,PUR_IED_SanCarlos_1103_7bafb5,,,,,
2026-09-12T00:21:10-05:00,PUR_IED_SanCarlos_Ext_b7cd1,PUR_IED_SanCarlos_Ext_b7cd1,,,,,
2026-09-12T00:21:10-05:00,PUR_IED_SanIgnacioBosa11a_50c26e,PUR_IED_SanIgnacioBosa11a_50c26e,,,,,
2026-09-12T00:21:10-05:00,PUR_IED_SanIgnacioBosa11b_371de8,PUR_IED_SanIgnacioBosa11b_371de8,,,,,
2026-09-12T00:21:10-05:00,PUR_IED_SanIgnacioBosaExt_ef0ffc,PUR_IED_SanIgnacioBosaExt_ef0ffc,,,,,
2026-09-12T00:21:10-05:00,PUR_IED_SanIgnacioBosa_11a_50c26e,PUR_IED_SanIgnacioBosa_11a_50c26e,,,,,
2026-09-12T00:21:10-05:00,PUR_IED_SanIgnacioBosa_Ext_ef0ffc,PUR_IED_SanIgnacioBosa_Ext_ef0ffc,,,,,
2026-09-12T00:21:10-05:00,PUR_IED_SanJoseN_intS1101_31c47f,PUR_IED_SanJoseN_intS1101_31c47f,,,,,
2026-09-12T00:21:10-05:00,PUR_IED_SanJoseUsm_Exter_f5d7e8,PUR_IED_SanJoseUsm_Exter_f5d7e8,,,,,
2026-09-12T00:21:10-05:00,PUR_IED_SanJoseUsm_Int11A_cfdef6,PUR_IED_SanJoseUsm_Int11A_cfdef6,,,,,
2026-09-12T00:21:10-05:00,PUR_IED_SilveriaR_IntB5_905349,PUR_IED_SilveriaR_IntB5_905349,,,,,
2026-09-12T00:21:10-05:00,PUR_IED_SilveriaR_IntSD14_981f93,PUR_IED_SilveriaR_IntSD14_981f93,,,,,
2026-09-12T00:21:10-05:00,PUR_IED_SilveriaR_ext_2b651d,PUR_IED_SilveriaR_ext_2b651d,,,,,
2026-09-12T00:21:10-05:00,PUR_IED_SimonB_Exterior_913975,PUR_IED_SimonB_Exterior_913975,,,,,
2026-09-12T00:21:10-05:00,PUR_IED_SimonB_LabQuimi_c56908,PUR_IED_SimonB_LabQuimi_c56908,,,,,
2026-09-12T00:21:10-05:00,PUR_IED_SimonB_informatic_a28c1,PUR_IED_SimonB_informatic_a28c1,,,,,
2026-09-12T00:21:10-05:00,PUR_IED_Sorrento_1102_315f50,PUR_IED_Sorrento_1102_315f50,,,,,
2026-09-12T00:21:10-05:00,PUR_IED_Sorrento_Minte_214eab,PUR_IED_Sorrento_Minte_214eab,,,,,
2026-09-12T00:21:10-05:00,PUR_IED_Sorrento_ext_7c3a0a,PUR_IED_Sorrento_ext_7c3a0a,,,,,
2026-09-12T00:21:10-05:00,PUR_IED_Tabora_Ext_f048ae,PUR_IED_Tabora_Ext_f048ae,,,,,
2026-09-12T00:21:10-05:00,PUR_IED_Tabora_S1102_b07752,PUR_IED_Tabora_S1102_b07752,,,,,
2026-09-12T00:21:10-05:00,PUR_IED_Tabora_S1103_d988f5,PUR_IED_Tabora_S1103_d988f5,,,,,
2026-09-12T00:21:10-05:00,PUR_IED_Tenerife_Ext_1ab188,PUR_IED_Tenerife_Ext_1ab188,,,,,
2026-09-12T00:21:10-05:00,PUR_IED_Tenerife_SDanzas_7bc02e,PUR_IED_Tenerife_SDanzas_7bc02e,,,,,
2026-09-12T00:21:10-05:00,PUR_IED_Tenerife_SIngles_7cc277,PUR_IED_Tenerife_SIngles_7cc277,,,,,
2026-09-12T00:21:10-05:00,PUR_IED_Tibabuyes_Exter_f2683d,PUR_IED_Tibabuyes_Exter_f2683d,,,,,
2026-09-12T00:21:10-05:00,PUR_IED_Tibabuyes_S10_dc87a8,PUR_IED_Tibabuyes_S10_dc87a8,,,,,
2026-09-12T00:21:10-05:00,PUR_IED_Tibabuyes_S15_dc0526,PUR_IED_Tibabuyes_S15_dc0526,,,,,
2026-09-12T00:21:10-05:00,PUR_IED_UnionE_S301_a1043,PUR_IED_UnionE_S301_a1043,,,,,
2026-09-12T00:21:10-05:00,PUR_IED_UnionE_S307_ff6c2f,PUR_IED_UnionE_S307_ff6c2f,,,,,
2026-09-12T00:21:10-05:00,PUR_IED_UnionE__Ext_5e2468,PUR_IED_UnionE__Ext_5e2468,,,,,
2026-09-12T00:21:10-05:00,PUR_IED_VillaRica_Ext_75be7c,PUR_IED_VillaRica_Ext_75be7c,,,,,
2026-09-12T00:21:10-05:00,PUR_IED_VillaRica_S4_cc5dcd,PUR_IED_VillaRica_S4_cc5dcd,,,,,
2026-09-12T00:21:10-05:00,PUR_IED_VillaRica_Sesp_99f5c,PUR_IED_VillaRica_Sesp_99f5c,,,,,
2026-09-12T00:26:07-05:00,PUR_IED_20deJulio_1101_91b1b9,PUR_IED_20deJulio_1101_91b1b9,,,,,
2026-09-12T00:26:07-05:00,PUR_IED_20deJulio_1102_1cfcf9,PUR_IED_20deJulio_1102_1cfcf9,,,,,
2026-09-12T00:26:07-05:00,PUR_IED_20deJulio_Ext_ab60bd,PUR_IED_20deJulio_Ext_ab60bd,,,,,
2026-09-12T00:26:07-05:00,PUR_IED_AgustinFer_Ext_7b9b77,PUR_IED_AgustinFer_Ext_7b9b77,,,,,
2026-09-12T00:26:07-05:00,PUR_IED_AgustinFer_Info2_27b3a7,PUR_IED_AgustinFer_Info2_27b3a7,,,,,
2026-09-12T00:26:07-05:00,PUR_IED_AgustinFer_Sena_54b4eb,PUR_IED_AgustinFer_Sena_54b4eb,,,,,
2026-09-12T00:26:07-05:00,PUR_IED_AlexanderF_1102_caf07b,PUR_IED_AlexanderF_1102_caf07b,,,,,
2026-09-12T00:26:07-05:00,PUR_IED_AlexanderF_1103_c79e71,PUR_IED_AlexanderF_1103_c79e71,,,,,
2026-09-12T00:26:07-05:00,PUR_IED_AlexanderF_Ext_c5b18b,PUR_IED_AlexanderF_Ext_c5b18b,,,,,
2026-09-12T00:26:07-05:00,PUR_IED_AlfonsoLopez_Ext_281d77,PUR_IED_AlfonsoLopez_Ext_281d77,,,,,
2026-09-12T00:26:07-05:00,PUR_IED_AlfonsoLopez_LabF_888ce0,PUR_IED_AlfonsoLopez_LabF_888ce0,,,,,
2026-09-12T00:26:07-05:00,PUR_IED_AlfonsoLopez_SMed_df6a7f,PUR_IED_AlfonsoLopez_SMed_df6a7f,,,,,
2026-09-12T00:26:07-05:00,PUR_IED_AltamiraSO_A2_209f92,PUR_IED_AltamiraSO_A2_209f92,,,,,
2026-09-12T00:26:07-05:00,PUR_IED_AltamiraSO_Ext_186d66,PUR_IED_AltamiraSO_Ext_186d66,,,,,
2026-09-12T00:26:07-05:00,PUR_IED_AltamiraSO_Sistem_27afe1,PUR_IED_AltamiraSO_Sistem_27afe1,,,,,
2026-09-12T00:26:07-05:00,PUR_IED_AlvaroGom_LabQuim_813179,PUR_IED_AlvaroGom_LabQuim_813179,,,,,
2026-09-12T00:26:07-05:00,PUR_IED_AlvaroGomez_Ext_47c7ca,PUR_IED_AlvaroGomez_Ext_47c7ca,,,,,
2026-09-12T00:26:07-05:00,PUR_IED_AlvaroGomez_LabQuim_813179,PUR_IED_AlvaroGomez_LabQuim_813179,,,,,
2026-09-12T00:26:07-05:00,PUR_IED_AlvaroGomez_S23_7ba89f,PUR_IED_AlvaroGomez_S23_7ba89f,,,,,
2026-09-12T00:26:07-05:00,PUR_IED_Amistad_306_dc8728,PUR_IED_Amistad_306_dc8728,,,,,
2026-09-12T00:26:07-05:00,PUR_IED_Amistad_Ext_8cd55e,PUR_IED_Amistad_Ext_8cd55e,,,,,
2026-09-12T00:26:07-05:00,PUR_IED_Amistad_S202_a41169,PUR_IED_Amistad_S202_a41169,,,,,
2026-09-12T00:26:07-05:00,PUR_IED_AndresBello_Bio_fd5f5e,PUR_IED_AndresBello_Bio_fd5f5e,,,,,
2026-09-12T00:26:07-05:00,PUR_IED_AndresBello_ext_dcad65,PUR_IED_AndresBello_ext_dcad65,,,,,
2026-09-12T00:26:07-05:00,PUR_IED_AndresBello_port_eed3ec,PUR_IED_AndresBello_port_eed3ec,,,,,
2026-09-12T00:26:07-05:00,PUR_IED_AngelaR_11b_d90a6b,PUR_IED_AngelaR_11b_d90a6b,,,,,
2026-09-12T00:26:07-05:00,PUR_IED_AngelaR_ext_7cad3e,PUR_IED_AngelaR_ext_7cad3e,6,20,59,4.5825,-74.164497
2026-09-12T00:26:07-05:00,PUR_IED_AntJoseSucre_10mo_df2575,PUR_IED_AntJoseSucre_10mo_df2575,,,,,
2026-09-12T00:26:07-05:00,PUR_IED_AntJoseSucre_Ext_215b36,PUR_IED_AntJoseSucre_Ext_215b36,,,,,
2026-09-12T00:26:07-05:00,PUR_IED_AntJoseSucre_Lab_3139de,PUR_IED_AntJoseSucre_Lab_3139de,,,,,
2026-09-12T00:26:07-05:00,PUR_IED_AntonioGarcia_301_d6b188,PUR_IED_AntonioGarcia_301_d6b188,,,,,
2026-09-12T00:26:07-05:00,PUR_IED_AntonioGarcia_302_88a82,PUR_IED_AntonioGarcia_302_88a82,,,,,
2026-09-12T00:26:07-05:00,PUR_IED_AntonioGarcia_Ext_20950c,PUR_IED_AntonioGarcia_Ext_20950c,,,,,
2026-09-12T00:26:07-05:00,PUR_IED_AntonioVan_Aula2_6dea02,PUR_IED_AntonioVan_Aula2_6dea02,,,,,
2026-09-12T00:26:07-05:00,PUR_IED_AntonioVan_Aula5_f1557e,PUR_IED_AntonioVan_Aula5_f1557e,,,,,
2026-09-12T00:26:07-05:00,PUR_IED_AntonioVan_Ext_406f2f,PUR_IED_AntonioVan_Ext_406f2f,,,,,
2026-09-12T00:26:07-05:00,PUR_IED_Atabanzha_Ext_cc5af9,PUR_IED_Atabanzha_Ext_cc5af9,,,,,
2026-09-12T00:26:07-05:00,PUR_IED_Atabanzha_SA101_56c37,PUR_IED_Atabanzha_SA101_56c37,,,,,
2026-09-12T00:26:07-05:00,PUR_IED_Atabanzha_SB302_27b374,PUR_IED_Atabanzha_SB302_27b374,,,,,
2026-09-12T00:26:07-05:00,PUR_IED_Atahualpa_Ext_fc1748,PUR_IED_Atahualpa_Ext_fc1748,,,,,
2026-09-12T00:26:07-05:00,PUR_IED_Atahualpa_Informa_dc9a95,PUR_IED_Atahualpa_Informa_dc9a95,,,,,
2026-09-12T00:26:07-05:00,PUR_IED_Atahualpa_S1101_f98056,PUR_IED_Atahualpa_S1101_f98056,,,,,
2026-09-12T00:26:07-05:00,PUR_IED_Bellavista_Ext_f5aa74,PUR_IED_Bellavista_Ext_f5aa74,,,,,
2026-09-12T00:26:07-05:00,PUR_IED_Bilbao_11A_916c41,PUR_IED_Bilbao_11A_916c41,,,,,
2026-09-12T00:26:07-05:00,PUR_IED_Bilbao_Ext_fb579a,PUR_IED_Bilbao_Ext_fb579a,,,,,
2026-09-12T00:26:07-05:00,PUR_IED_BrasiliaU_A125_304280,PUR_IED_BrasiliaU_A125_304280,,,,,
2026-09-12T00:26:07-05:00,PUR_IED_BrasiliaU_A203_7c8ca5,PUR_IED_BrasiliaU_A203_7c8ca5,,,,,
2026-09-12T00:26:07-05:00,PUR_IED_BrasiliaU_Ext_8d6e9f,PUR_IED_BrasiliaU_Ext_8d6e9f,4,17,62,4.5175,-74.116302
2026-09-12T00:26:07-05:00,PUR_IED_Brasilia_Ext_fe6593,PUR_IED_Brasilia_Ext_fe6593,,,,,
2026-09-12T00:26:07-05:00,PUR_IED_Brasilia_S24_7c130d,PUR_IED_Brasilia_S24_7c130d,,,,,
2026-09-12T00:26:07-05:00,PUR_IED_Brasilia_S501_186a54,PUR_IED_Brasilia_S501_186a54,,,,,
2026-09-12T00:26:07-05:00,PUR_IED_CHARRY_EXT_f1d5cd,PUR_IED_CHARRY_EXT_f1d5cd,,,,,
2026-09-12T00:26:07-05:00,PUR_IED_CHARRY_INTDANZAS_7a08e6,PUR_IED_CHARRY_INTDANZAS_7a08e6,,,,,
2026-09-12T00:26:07-05:00,PUR_IED_CHARRY_INT_AULA20_dc998d,PUR_IED_CHARRY_INT_AULA20_dc998d,,,,,
2026-09-12T00:26:07-05:00,PUR_IED_COLVIV_1101_S25_7f520a,PUR_IED_COLVIV_1101_S25_7f520a,,,,,
2026-09-12T00:26:07-05:00,PUR_IED_COLVIV_1102_S16_f570ba,PUR_IED_COLVIV_1102_S16_f570ba,,,,,
2026-09-12T00:26:07-05:00,PUR_IED_COLVIV_Ext_1a26fa,PUR_IED_COLVIV_Ext_1a26fa,,,,,
2026-09-12T00:26:07-05:00,PUR_IED_CULPOP_301A_f660f3,PUR_IED_CULPOP_301A_f660f3,,,,,
2026-09-12T00:26:07-05:00,PUR_IED_CULPOP_303_568afe,PUR_IED_CULPOP_303_568afe,,,,,
2026-09-12T00:26:07-05:00,PUR_IED_CULPOP_Ext_e02ccb,PUR_IED_CULPOP_Ext_e02ccb,,,,,
2026-09-12T00:26:07-05:00,PUR_IED_CVillavicen_Ext_26eb58,PUR_IED_CVillavicen_Ext_26eb58,4,15,77,4.487,-74.102798
2026-09-12T00:26:07-05:00,PUR_IED_CVillavicen_Intel_1ce5c2,PUR_IED_CVillavicen_Intel_1ce5c2,,,,,
2026-09-12T00:26:07-05:00,PUR_IED_CVillavicen_Poliv_e0766c,PUR_IED_CVillavicen_Poliv_e0766c,,,,,
2026-09-12T00:26:07-05:00,PUR_IED_CVillavicen_int_1ba140,PUR_IED_CVillavicen_int_1ba140,,,,,
2026-09-12T00:26:07-05:00,PUR_IED_CVillavicen_intel_1ba140,PUR_IED_CVillavicen_intel_1ba140,,,,,
2026-09-12T00:26:07-05:00,PUR_IED_CarlosPizarro_Ext_e307cc,PUR_IED_CarlosPizarro_Ext_e307cc,,,,,
2026-09-12T00:26:07-05:00,PUR_IED_CarlosPizarro_L36_7e5cdb,PUR_IED_CarlosPizarro_L36_7e5cdb,,,,,
2026-09-12T00:26:07-05:00,PUR_IED_CarlosPizarro_L37_c8566c,PUR_IED_CarlosPizarro_L37_c8566c,,,,,
2026-09-12T00:26:07-05:00,PUR_IED_Castilla_Ext_cf35f,PUR_IED_Castilla_Ext_cf35f,,,,,
2026-09-12T00:26:07-05:00,PUR_IED_Castilla_SFisik_360e38,PUR_IED_Castilla_SFisik_360e38,,,,,
2026-09-12T00:26:07-05:00,PUR_IED_Castilla_Sc304_496fbf,PUR_IED_Castilla_Sc304_496fbf,,,,,
2026-09-12T00:26:07-05:00,PUR_IED_CervantesSa_Ext_6b57b,PUR_IED_CervantesSa_Ext_6b57b,4,17,68,4.5128,-74.117203
2026-09-12T00:26:07-05:00,PUR_IED_CervantesSa_S107_225c2b,PUR_IED_CervantesSa_S107_225c2b,,,,,
2026-09-12T00:26:07-05:00,PUR_IED_CervantesSa_S108_940925,PUR_IED_CervantesSa_S108_940925,,,,,
2026-09-12T00:26:07-05:00,PUR_IED_Charry_A20_f53e7c,PUR_IED_Charry_A20_f53e7c,,,,,
2026-09-12T00:26:07-05:00,PUR_IED_Charry_Ext_f1d5cd,PUR_IED_Charry_Ext_f1d5cd,,,,,
2026-09-12T00:26:07-05:00,PUR_IED_Charry_IntAula20_dc998d,PUR_IED_Charry_IntAula20_dc998d,,,,,
2026-09-12T00:26:07-05:00,PUR_IED_Charry_IntDanzas_7a08e6,PUR_IED_Charry_IntDanzas_7a08e6,,,,,
2026-09-12T00:26:07-05:00,PUR_IED_ClememciaC_203_43e2fc,PUR_IED_ClememciaC_203_43e2fc,,,,,
2026-09-12T00:26:07-05:00,PUR_IED_ClememciaC_Ext_1b411a,PUR_IED_ClememciaC_Ext_1b411a,,,,,
2026-09-12T00:26:07-05:00,PUR_IED_ClememciaC_Quimic_44b5fc,PUR_IED_ClememciaC_Quimic_44b5fc,,,,,
2026-09-12T00:26:07-05:00,PUR_IED_ClemenciaC_203_43e2fc,PUR_IED_ClemenciaC_203_43e2fc,,,,,
2026-09-12T00:26:07-05:00,PUR_IED_ClemenciaC_Ext_1b411a,PUR_IED_ClemenciaC_Ext_1b411a,,,,,
2026-09-12T00:26:07-05:00,PUR_IED_ClemenciaC_Quimic_44b5fc,PUR_IED_ClemenciaC_Quimic_44b5fc,,,,,
2026-09-12T00:26:07-05:00,PUR_IED_ColViva_1101_S25_7f520a,PUR_IED_ColViva_1101_S25_7f520a,,,,,
2026-09-12T00:26:07-05:00,PUR_IED_ColViva_1102_S16_f570ba,PUR_IED_ColViva_1102_S16_f570ba,,,,,
2026-09-12T00:26:07-05:00,PUR_IED_ColViva_Ext_1a26fa,PUR_IED_ColViva_Ext_1a26fa,,,,,
2026-09-12T00:26:07-05:00,PUR_IED_ColegioBici_Asist_7c8798,PUR_IED_ColegioBici_Asist_7c8798,,,,,
2026-09-12T00:26:07-05:00,PUR_IED_ColegioBici_Ext_25cbf6,PUR_IED_ColegioBici_Ext_25cbf6,,,,,
2026-09-12T00:26:07-05:00,PUR_IED_ColegioBici_LabQ_7b57db,PUR_IED_ColegioBici_LabQ_7b57db,,,,,
2026-09-12T00:26:07-05:00,PUR_IED_CostaRica_Ext_5e640,PUR_IED_CostaRica_Ext_5e640,,,,,
2026-09-12T00:26:07-05:00,PUR_IED_CostaRica_Quim1_766d1c,PUR_IED_CostaRica_Quim1_766d1c,,,,,
2026-09-12T00:26:07-05:00,PUR_IED_CostaRica__Fisica_6f0873,PUR_IED_CostaRica__Fisica_6f0873,,,,,
2026-09-12T00:26:07-05:00,PUR_IED_CulPopu_301A_f660f3,PUR_IED_CulPopu_301A_f660f3,,,,,
2026-09-12T00:26:07-05:00,PUR_IED_CulPopu_303_568afe,PUR_IED_CulPopu_303_568afe,,,,,
2026-09-12T00:26:07-05:00,PUR_IED_CulPopu_Ext_e02ccb,PUR_IED_CulPopu_Ext_e02ccb,,,,,
2026-09-12T00:26:07-05:00,PUR_IED_Cundinamarca_Ext_f15985,PUR_IED_Cundinamarca_Ext_f15985,,,,,
2026-09-12T00:26:07-05:00,PUR_IED_Cundinamarca_Info_7aa5d7,PUR_IED_Cundinamarca_Info_7aa5d7,,,,,
2026-09-12T00:26:07-05:00,PUR_IED_Cundinamarca_Tec2_f449c7,PUR_IED_Cundinamarca_Tec2_f449c7,,,,,
2026-09-12T00:26:07-05:00,PUR_IED_DiegoM_Aula1_27b314,PUR_IED_DiegoM_Aula1_27b314,,,,,
2026-09-12T00:26:07-05:00,PUR_IED_DiegoM_Ext_d80ac8,PUR_IED_DiegoM_Ext_d80ac8,,,,,
2026-09-12T00:26:07-05:00,PUR_IED_DiegoM_S25_da928f,PUR_IED_DiegoM_S25_da928f,,,,,
2026-09-12T00:26:07-05:00,PUR_IED_ELRODEO_360881,PUR_IED_ELRODEO_360881,,,,,
2026-09-12T00:26:07-05:00,PUR_IED_ELRODEO_ext_360881,PUR_IED_ELRODEO_ext_360881,,,,,
2026-09-12T00:26:07-05:00,PUR_IED_EduardoU_Ext_1c1969,PUR_IED_EduardoU_Ext_1c1969,,,,,
2026-09-12T00:26:07-05:00,PUR_IED_EduardoU_SCiencia_4dfb94,PUR_IED_EduardoU_SCiencia_4dfb94,,,,,
2026-09-12T00:26:07-05:00,PUR_IED_EduardoU_SQuimica_5a46e7,PUR_IED_EduardoU_SQuimica_5a46e7,,,,,
2026-09-12T00:26:07-05:00,PUR_IED_ElRodeo_Aula14_676984,PUR_IED_ElRodeo_Aula14_676984,,,,,
2026-09-12T00:26:07-05:00,PUR_IED_ElRodeo_Aula16_2dd35b,PUR_IED_ElRodeo_Aula16_2dd35b,,,,,
2026-09-12T00:26:07-05:00,PUR_IED_ElRodeo_Ext_360881,PUR_IED_ElRodeo_Ext_360881,,,,,
2026-09-12T00:26:07-05:00,PUR_IED_ElRodeo_Exterior_8c6d28,PUR_IED_ElRodeo_Exterior_8c6d28,,,,,
2026-09-12T00:26:07-05:00,PUR_IED_ElRodeo_ext_360881,PUR_IED_ElRodeo_ext_360881,,,,,
2026-09-12T00:26:07-05:00,PUR_IED_EmmaReyes_Ext_987625,PUR_IED_EmmaReyes_Ext_987625,17,21,54,4.6367,-74.1511
2026-09-12T00:26:07-05:00,PUR_IED_Ensueño_Ext_7f0250,PUR_IED_Ensueño_Ext_7f0250,,,,,
2026-09-12T00:26:07-05:00,PUR_IED_EscNormal_Ext_5fef3b,PUR_IED_EscNormal_Ext_5fef3b,2,18,58,4.5852,-74.096901
2026-09-12T00:26:07-05:00,PUR_IED_EscNormal_S309_5b263,PUR_IED_EscNormal_S309_5b263,,,,,
2026-09-12T00:26:07-05:00,PUR_IED_EscNormal_S310_27b3b8,PUR_IED_EscNormal_S310_27b3b8,,,,,
2026-09-12T00:26:07-05:00,PUR_IED_Evangelista_Conta_f6cd4f,PUR_IED_Evangelista_Conta_f6cd4f,,,,,
2026-09-12T00:26:07-05:00,PUR_IED_Evangelista_Cri_5e16a,PUR_IED_Evangelista_Cri_5e16a,,,,,
2026-09-12T00:26:07-05:00,PUR_IED_Evangelista_Exter_754066,PUR_IED_Evangelista_Exter_754066,,,,,
2026-09-12T00:26:07-05:00,PUR_IED_FMiranda_S209_5cc2a3,PUR_IED_FMiranda_S209_5cc2a3,,,,,
2026-09-12T00:26:07-05:00,PUR_IED_FMiranda_S303_19e344,PUR_IED_FMiranda_S303_19e344,,,,,
2026-09-12T00:26:07-05:00,PUR_IED_FMiranda_ext_f53e7c,PUR_IED_FMiranda_ext_f53e7c,,,,,
2026-09-12T00:26:07-05:00,PUR_IED_FabioLozano_Bibli_1cee05,PUR_IED_FabioLozano_Bibli_1cee05,,,,,
2026-09-12T00:26:07-05:00,PUR_IED_FabioLozano_Ext_6ea285,PUR_IED_FabioLozano_Ext_6ea285,,,,,
2026-09-12T00:26:07-05:00,PUR_IED_FabioLozano_SLudi_f09e1e,PUR_IED_FabioLozano_SLudi_f09e1e,,,,,
2026-09-12T00:26:07-05:00,PUR_IED_FaustinoS_Aula07_27a731,PUR_IED_FaustinoS_Aula07_27a731,,,,,
2026-09-12T00:26:07-05:00,PUR_IED_FaustinoS_Ext_7b936f,PUR_IED_FaustinoS_Ext_7b936f,,,,,
2026-09-12T00:26:07-05:00,PUR_IED_FaustinoS_Fisica_da2c60,PUR_IED_FaustinoS_Fisica_da2c60,,,,,
2026-09-12T00:26:07-05:00,PUR_IED_FeGarciaLo_Ext_dc68ee,PUR_IED_FeGarciaLo_Ext_dc68ee,,,,,
2026-09-12T00:26:07-05:00,PUR_IED_FeGarciaLo_SDanza_f70a59,PUR_IED_FeGarciaLo_SDanza_f70a59,,,,,
2026-09-12T00:26:07-05:00,PUR_IED_FeGarciaLo_SMusic_125cdd,PUR_IED_FeGarciaLo_SMusic_125cdd,,,,,
2026-09-12T00:26:07-05:00,PUR_IED_FederalAlema_Exte_50c345,PUR_IED_FederalAlema_Exte_50c345,,,,,
2026-09-12T00:26:07-05:00,PUR_IED_FederalAlema_S31_f18371,PUR_IED_FederalAlema_S31_f18371,,,,,
2026-09-12T00:26:07-05:00,PUR_IED_FederalAlema_S901_a62cd,PUR_IED_FederalAlema_S901_a62cd,,,,,
2026-09-12T00:26:07-05:00,PUR_IED_FilarmonicaS_A5_f35eb1,PUR_IED_FilarmonicaS_A5_f35eb1,,,,,
2026-09-12T00:26:07-05:00,PUR_IED_FilarmonicaS_Ext_8a3bde,PUR_IED_FilarmonicaS_Ext_8a3bde,,,,,
2026-09-12T00:26:07-05:00,PUR_IED_FilarmonicaS_Spol_406114,PUR_IED_FilarmonicaS_Spol_406114,,,,,
2026-09-12T00:26:07-05:00,PUR_IED_FlorentinoG_A13_d1fa59,PUR_IED_FlorentinoG_A13_d1fa59,,,,,
2026-09-12T00:26:07-05:00,PUR_IED_FlorentinoG_Ext_1ce6ce,PUR_IED_FlorentinoG_Ext_1ce6ce,,,,,
2026-09-12T00:26:07-05:00,PUR_IED_FlorentinoG_Idiom_a66aac,PUR_IED_FlorentinoG_Idiom_a66aac,,,,,
2026-09-12T00:26:07-05:00,PUR_IED_FranciscoMati_Ext_e3869d,PUR_IED_FranciscoMati_Ext_e3869d,,,,,
2026-09-12T00:26:07-05:00,PUR_IED_FranciscoMati_S13_f31c67,PUR_IED_FranciscoMati_S13_f31c67,,,,,
2026-09-12T00:26:07-05:00,PUR_IED_FranciscoMati_S14_97dead,PUR_IED_FranciscoMati_S14_97dead,,,,,
2026-09-12T00:26:07-05:00,PUR_IED_FranciscoPS_Ext_7bfa9a,PUR_IED_FranciscoPS_Ext_7bfa9a,2,20,56,4.5899,-74.110397
2026-09-12T00:26:07-05:00,PUR_IED_FranciscoPS_Infor_fb8f4c,PUR_IED_FranciscoPS_Infor_fb8f4c,,,,,
2026-09-12T00:26:07-05:00,PUR_IED_FranciscoPS_Quimi_94d39c,PUR_IED_FranciscoPS_Quimi_94d39c,,,,,
2026-09-12T00:26:07-05:00,PUR_IED_FranciscoP_LabQ_d7e148,PUR_IED_FranciscoP_LabQ_d7e148,,,,,
2026-09-12T00:26:07-05:00,PUR_IED_FranciscoP_S28_cf9b30,PUR_IED_FranciscoP_S28_cf9b30,,,,,
2026-09-12T00:26:07-05:00,PUR_IED_FranciscoP_ext_e2313,PUR_IED_FranciscoP_ext_e2313,,,,,
2026-09-12T00:26:07-05:00,PUR_IED_FriederichN_Ext_8ac92a,PUR_IED_FriederichN_Ext_8ac92a,,,,,
2026-09-12T00:26:07-05:00,PUR_IED_FriederichN_S301_dd7e5a,PUR_IED_FriederichN_S301_dd7e5a,,,,,
2026-09-12T00:26:07-05:00,PUR_IED_FriederichN_S308_761f4f,PUR_IED_FriederichN_S308_761f4f,,,,,
2026-09-12T00:26:07-05:00,PUR_IED_GSantander_Aula10_533dd7,PUR_IED_GSantander_Aula10_533dd7,,,,,
2026-09-12T00:26:07-05:00,PUR_IED_GSantander_Aula12_fd4e4f,PUR_IED_GSantander_Aula12_fd4e4f,,,,,
2026-09-12T00:26:07-05:00,PUR_IED_GSantander_Aula310_533dd7,PUR_IED_GSantander_Aula310_533dd7,,,,,
2026-09-12T00:26:07-05:00,PUR_IED_GSantander_Aula312_fd4e4f,PUR_IED_GSantander_Aula312_fd4e4f,,,,,
2026-09-12T00:26:07-05:00,PUR_IED_GSantander_Ext_5f66b0,PUR_IED_GSantander_Ext_5f66b0,,,,,
2026-09-12T00:26:07-05:00,PUR_IED_GYomasa_Ext_f6bea5,PUR_IED_GYomasa_Ext_f6bea5,,,,,
2026-09-12T00:26:07-05:00,PUR_IED_GYomasa_LBiol_2c41aa,PUR_IED_GYomasa_LBiol_2c41aa,,,,,
2026-09-12T00:26:07-05:00,PUR_IED_GYomasa_LQuim_33c80,PUR_IED_GYomasa_LQuim_33c80,,,,,
2026-09-12T00:26:07-05:00,PUR_IED_GabBetMejia_Cienc_5a99c,PUR_IED_GabBetMejia_Cienc_5a99c,,,,,
2026-09-12T00:26:07-05:00,PUR_IED_GabBetMejia_Ext_9153d0,PUR_IED_GabBetMejia_Ext_9153d0,,,,,
2026-09-12T00:26:07-05:00,PUR_IED_GabBetMejia_Lab_f55347,PUR_IED_GabBetMejia_Lab_f55347,,,,,
2026-09-12T00:26:07-05:00,PUR_IED_GabBetanMejia_Ext_9153d0,PUR_IED_GabBetanMejia_Ext_9153d0,,,,,
2026-09-12T00:26:07-05:00,PUR_IED_Gaitana_Aula13_7aac11,PUR_IED_Gaitana_Aula13_7aac11,,,,,
2026-09-12T00:26:07-05:00,PUR_IED_Gaitana_Ext_5fcf4,PUR_IED_Gaitana_Ext_5fcf4,,,,,
2026-09-12T00:26:07-05:00,PUR_IED_Gaitana_LabFisica_644448,PUR_IED_Gaitana_LabFisica_644448,,,,,
2026-09-12T00:26:07-05:00,PUR_IED_GenSantander_Dise_8ac858,PUR_IED_GenSantander_Dise_8ac858,,,,,
2026-09-12T00:26:07-05:00,PUR_IED_GenSantander_Ext_8d5dfe,PUR_IED_GenSantander_Ext_8d5dfe,,,,,
2026-09-12T00:26:07-05:00,PUR_IED_GenSantander_Info_6c25b,PUR_IED_GenSantander_Info_6c25b,,,,,
2026-09-12T00:26:07-05:00,PUR_IED_GustavoMo_Exterio_75e63d,PUR_IED_GustavoMo_Exterio_75e63d,,,,,
2026-09-12T00:26:07-05:00,PUR_IED_GustavoMo_LabFisi_224d37,PUR_IED_GustavoMo_LabFisi_224d37,,,,,
2026-09-12T00:26:07-05:00,PUR_IED_GustavoMo_S208_3e6918,PUR_IED_GustavoMo_S208_3e6918,,,,,
2026-09-12T00:26:07-05:00,PUR_IED_GustavoR_A02_8cd4a8,PUR_IED_GustavoR_A02_8cd4a8,,,,,
2026-09-12T00:26:07-05:00,PUR_IED_GustavoR_B11_5b0ed,PUR_IED_GustavoR_B11_5b0ed,,,,,
2026-09-12T00:26:07-05:00,PUR_IED_GustavoR_Ext_7a0c90,PUR_IED_GustavoR_Ext_7a0c90,,,,,
2026-09-12T00:26:07-05:00,PUR_IED_HernandoDuran_Ext_8cd82b,PUR_IED_HernandoDuran_Ext_8cd82b,,,,,
2026-09-12T00:26:07-05:00,PUR_IED_HernandoDuran_S24_2772c6,PUR_IED_HernandoDuran_S24_2772c6,,,,,
2026-09-12T00:26:07-05:00,PUR_IED_HernandoDuran_S30_f2de41,PUR_IED_HernandoDuran_S30_f2de41,,,,,
2026-09-12T00:26:07-05:00,PUR_IED_HolguInUr_S1101_8cd732,PUR_IED_HolguInUr_S1101_8cd732,,,,,
2026-09-12T00:26:07-05:00,PUR_IED_HolguinUr_Exter_ddae6d,PUR_IED_HolguinUr_Exter_ddae6d,,,,,
2026-09-12T00:26:07-05:00,PUR_IED_HolguinUr_LabQuim_92b952,PUR_IED_HolguinUr_LabQuim_92b952,,,,,
2026-09-12T00:26:07-05:00,PUR_IED_Isabel-II_Ext_5245cc,PUR_IED_Isabel-II_Ext_5245cc,15,19,60,4.6336,-74.153
2026-09-12T00:26:07-05:00,PUR_IED_Isabel-II_S_idiom_1c29aa,PUR_IED_Isabel-II_S_idiom_1c29aa,,,,,
2026-09-12T00:26:07-05:00,PUR_IED_Isabel-II_S_infor_fd741,PUR_IED_Isabel-II_S_infor_fd741,,,,,
2026-09-12T00:26:07-05:00,PUR_IED_IsidroSur_Exterio_5b90ea,PUR_IED_IsidroSur_Exterio_5b90ea,,,,,
2026-09-12T00:26:07-05:00,PUR_IED_IsidroSur_LabTec_56697a,PUR_IED_IsidroSur_LabTec_56697a,,,,,
2026-09-12T00:26:07-05:00,PUR_IED_IsidroSur_Robotic_b7c38f,PUR_IED_IsidroSur_Robotic_b7c38f,,,,,
2026-09-12T00:26:07-05:00,PUR_IED_IsmaelPerd_Ext_7b6672,PUR_IED_IsmaelPerd_Ext_7b6672,,,,,
2026-09-12T00:26:07-05:00,PUR_IED_IsmaelPerd_Inform_306540,PUR_IED_IsmaelPerd_Inform_306540,,,,,
2026-09-12T00:26:07-05:00,PUR_IED_IsmaelPerd_S30_2e2c83,PUR_IED_IsmaelPerd_S30_2e2c83,,,,,
2026-09-12T00:26:07-05:00,PUR_IED_JLozano_Exter_432910,PUR_IED_JLozano_Exter_432910,,,,,
2026-09-12T00:26:07-05:00,PUR_IED_JLozano_salaMulti_df5125,PUR_IED_JLozano_salaMulti_df5125,,,,,
2026-09-12T00:26:07-05:00,PUR_IED_JMCordoba_206_86f80b,PUR_IED_JMCordoba_206_86f80b,,,,,
2026-09-12T00:26:07-05:00,PUR_IED_JMCordoba_Ext_27ad97,PUR_IED_JMCordoba_Ext_27ad97,,,,,
2026-09-12T00:26:07-05:00,PUR_IED_JMCordoba_S310_d59ab4,PUR_IED_JMCordoba_S310_d59ab4,,,,,
2026-09-12T00:26:07-05:00,PUR_IED_Japon_Ext_549100,PUR_IED_Japon_Ext_549100,,,,,
2026-09-12T00:26:07-05:00,PUR_IED_Japon_Laboratorio_bec51d,PUR_IED_Japon_Laboratorio_bec51d,,,,,
2026-09-12T00:26:07-05:00,PUR_IED_Japon_informatica_d99327,PUR_IED_Japon_informatica_d99327,,,,,
2026-09-12T00:26:07-05:00,PUR_IED_Jazmin_Ext_d27bda,PUR_IED_Jazmin_Ext_d27bda,,,,,
2026-09-12T00:26:07-05:00,PUR_IED_Jazmin_Fisica_8d14d7,PUR_IED_Jazmin_Fisica_8d14d7,,,,,
2026-09-12T00:26:07-05:00,PUR_IED_Jazmin_Quimica_801cb5,PUR_IED_Jazmin_Quimica_801cb5,,,,,
2026-09-12T00:26:07-05:00,PUR_IED_JorgeGaitan_Exter_f098d1,PUR_IED_JorgeGaitan_Exter_f098d1,,,,,
2026-09-12T00:26:07-05:00,PUR_IED_JorgeGaitan_STec1_dc9d1d,PUR_IED_JorgeGaitan_STec1_dc9d1d,,,,,
2026-09-12T00:26:07-05:00,PUR_IED_JorgeGaitan_STec2_281e69,PUR_IED_JorgeGaitan_STec2_281e69,,,,,
2026-09-12T00:26:07-05:00,PUR_IED_JorgeSoto_Exterio_d9d0a2,PUR_IED_JorgeSoto_Exterio_d9d0a2,,,,,
2026-09-12T00:26:07-05:00,PUR_IED_JorgeSoto_LabFisi_209c54,PUR_IED_JorgeSoto_LabFisi_209c54,,,,,
2026-09-12T00:26:07-05:00,PUR_IED_JorgeSoto_S103_27b51a,PUR_IED_JorgeSoto_S103_27b51a,,,,,
2026-09-12T00:26:07-05:00,PUR_IED_JoseAcevedo_A02_e965eb,PUR_IED_JoseAcevedo_A02_e965eb,,,,,
2026-09-12T00:26:07-05:00,PUR_IED_JoseAcevedo_A07_dd5b4,PUR_IED_JoseAcevedo_A07_dd5b4,,,,,
2026-09-12T00:26:07-05:00,PUR_IED_JoseAcevedo_Ext_b47484,PUR_IED_JoseAcevedo_Ext_b47484,,,,,
2026-09-12T00:26:07-05:00,PUR_IED_JoseMarti_Exte_5b9bf,PUR_IED_JoseMarti_Exte_5b9bf,,,,,
2026-09-12T00:26:07-05:00,PUR_IED_JoseMarti_LabQuim_1c6c2d,PUR_IED_JoseMarti_LabQuim_1c6c2d,,,,,
2026-09-12T00:26:07-05:00,PUR_IED_JoseMarti_S_info_f5f177,PUR_IED_JoseMarti_S_info_f5f177,,,,,
2026-09-12T00:26:07-05:00,PUR_IED_Josejoaquin_Ext_dfc5dc,PUR_IED_Josejoaquin_Ext_dfc5dc,,,,,
2026-09-12T00:26:07-05:00,PUR_IED_Josejoaquin_S05_5b2a96,PUR_IED_Josejoaquin_S05_5b2a96,,,,,
2026-09-12T00:26:07-05:00,PUR_IED_Josejoaquin_S06_1ce7d2,PUR_IED_Josejoaquin_S06_1ce7d2,,,,,
2026-09-12T00:26:07-05:00,PUR_IED_JulioFlorez_Danza_9b82dd,PUR_IED_JulioFlorez_Danza_9b82dd,,,,,
2026-09-12T00:26:07-05:00,PUR_IED_JulioFlorez_Exter_f9f314,PUR_IED_JulioFlorez_Exter_f9f314,,,,,
2026-09-12T00:26:07-05:00,PUR_IED_JulioFlorez_info2_6b6e08,PUR_IED_JulioFlorez_info2_6b6e08,,,,,
2026-09-12T00:26:07-05:00,PUR_IED_LaBelleza_Aula13_1d00d8,PUR_IED_LaBelleza_Aula13_1d00d8,,,,,
2026-09-12T00:26:07-05:00,PUR_IED_LaBelleza_Ext_7bc08c,PUR_IED_LaBelleza_Ext_7bc08c,,,,,
2026-09-12T00:26:07-05:00,PUR_IED_LaChucua_Ext_8cd6d2,PUR_IED_LaChucua_Ext_8cd6d2,,,,,
2026-09-12T00:26:07-05:00,PUR_IED_LaChucua_S15_f578ce,PUR_IED_LaChucua_S15_f578ce,,,,,
2026-09-12T00:26:07-05:00,PUR_IED_LaChucua_S16_eebcf9,PUR_IED_LaChucua_S16_eebcf9,,,,,
2026-09-12T00:26:07-05:00,PUR_IED_LaFelicidad_Ext_fb5109,PUR_IED_LaFelicidad_Ext_fb5109,,,,,
2026-09-12T00:26:07-05:00,PUR_IED_LaMerced_206_66ebd,PUR_IED_LaMerced_206_66ebd,,,,,
2026-09-12T00:26:07-05:00,PUR_IED_LaMerced_207_6ebd6,PUR_IED_LaMerced_207_6ebd6,,,,,
2026-09-12T00:26:07-05:00,PUR_IED_LaMerced_ext_304311,PUR_IED_LaMerced_ext_304311,,,,,
2026-09-12T00:26:07-05:00,PUR_IED_Laureano_CiencNat_281e5e,PUR_IED_Laureano_CiencNat_281e5e,,,,,
2026-09-12T00:26:07-05:00,PUR_IED_Laureano_Comedor_f65c0a,PUR_IED_Laureano_Comedor_f65c0a,,,,,
2026-09-12T00:26:07-05:00,PUR_IED_Laureano_Exterior_7ab011,PUR_IED_Laureano_Exterior_7ab011,,,,,
2026-09-12T00:26:07-05:00,PUR_IED_LeonGreiff_Exte_dfe560,PUR_IED_LeonGreiff_Exte_dfe560,,,,,
2026-09-12T00:26:07-05:00,PUR_IED_LeonGreiff_S210_f264ed,PUR_IED_LeonGreiff_S210_f264ed,,,,,
2026-09-12T00:26:07-05:00,PUR_IED_LeonGreiff_SQuimi_e8296f,PUR_IED_LeonGreiff_SQuimi_e8296f,,,,,
2026-09-12T00:26:07-05:00,PUR_IED_LlanoOrientalS208_7b9fcd,PUR_IED_LlanoOrientalS208_7b9fcd,,,,,
2026-09-12T00:26:07-05:00,PUR_IED_LlanoOriental_Ext_fb3766,PUR_IED_LlanoOriental_Ext_fb3766,,,,,
2026-09-12T00:26:07-05:00,PUR_IED_LlanoOriental_S208_7b9fcd,PUR_IED_LlanoOriental_S208_7b9fcd,,,,,
2026-09-12T00:26:07-05:00,PUR_IED_LlanoOriental_S9_27b378,PUR_IED_LlanoOriental_S9_27b378,,,,,
2026-09-12T00:26:07-05:00,PUR_IED_LosTejares_1101_477602,PUR_IED_LosTejares_1101_477602,,,,,
2026-09-12T00:26:07-05:00,PUR_IED_LosTejares_11_d2c595,PUR_IED_LosTejares_11_d2c595,,,,,
2026-09-12T00:26:07-05:00,PUR_IED_LosTejares_12_477602,PUR_IED_LosTejares_12_477602,,,,,
2026-09-12T00:26:07-05:00,PUR_IED_LosTejares_Ext_8e2115,PUR_IED_LosTejares_Ext_8e2115,,,,,
2026-09-12T00:26:07-05:00,PUR_IED_MagdalenaO_B202_5ddda3,PUR_IED_MagdalenaO_B202_5ddda3,,,,,
2026-09-12T00:26:07-05:00,PUR_IED_MagdalenaO_B205_fb76e8,PUR_IED_MagdalenaO_B205_fb76e8,,,,,
2026-09-12T00:26:07-05:00,PUR_IED_MagdalenaO_ext_dc69cd,PUR_IED_MagdalenaO_ext_dc69cd,,,,,
2026-09-12T00:26:07-05:00,PUR_IED_ManueCepeda_artes_eee956,PUR_IED_ManueCepeda_artes_eee956,,,,,
2026-09-12T00:26:07-05:00,PUR_IED_ManuelCepeda_Ext_58313,PUR_IED_ManuelCepeda_Ext_58313,,,,,
2026-09-12T00:26:07-05:00,PUR_IED_ManuelCepeda_tec_1c5731,PUR_IED_ManuelCepeda_tec_1c5731,,,,,
2026-09-12T00:26:07-05:00,PUR_IED_ManuelS_Exterior_5b269,PUR_IED_ManuelS_Exterior_5b269,,,,,
2026-09-12T00:26:07-05:00,PUR_IED_ManuelS_Inform_f369ce,PUR_IED_ManuelS_Inform_f369ce,,,,,
2026-09-12T00:26:07-05:00,PUR_IED_ManuelS_SArtes_7d15f1,PUR_IED_ManuelS_SArtes_7d15f1,,,,,
2026-09-12T00:26:07-05:00,PUR_IED_ManuelZapata_303_3ca6,PUR_IED_ManuelZapata_303_3ca6,,,,,
2026-09-12T00:26:07-05:00,PUR_IED_ManuelZapata_311_bfbabc,PUR_IED_ManuelZapata_311_bfbabc,,,,,
2026-09-12T00:26:07-05:00,PUR_IED_ManuelZapata_Ext_50824a,PUR_IED_ManuelZapata_Ext_50824a,,,,,
2026-09-12T00:26:07-05:00,PUR_IED_ManuelitaS_Exteri_656a92,PUR_IED_ManuelitaS_Exteri_656a92,,,,,
2026-09-12T00:26:07-05:00,PUR_IED_ManuelitaS_JuzgDe_f58ec3,PUR_IED_ManuelitaS_JuzgDe_f58ec3,,,,,
2026-09-12T00:26:07-05:00,PUR_IED_ManuelitaS_Recrea_d793db,PUR_IED_ManuelitaS_Recrea_d793db,,,,,
2026-09-12T00:26:07-05:00,PUR_IED_MarFidSuarez_Ext_c27b19,PUR_IED_MarFidSuarez_Ext_c27b19,,,,,
2026-09-12T00:26:07-05:00,PUR_IED_MarFidSuarez_Info_e384d7,PUR_IED_MarFidSuarez_Info_e384d7,,,,,
2026-09-12T00:26:07-05:00,PUR_IED_MarFidSuarez_S306_1d0032,PUR_IED_MarFidSuarez_S306_1d0032,,,,,
2026-09-12T00:26:07-05:00,PUR_IED_Menorah_301_2a25a3,PUR_IED_Menorah_301_2a25a3,,,,,
2026-09-12T00:26:07-05:00,PUR_IED_Menorah_306_37ed3,PUR_IED_Menorah_306_37ed3,,,,,
2026-09-12T00:26:07-05:00,PUR_IED_Menorah_Ext_3e155b,PUR_IED_Menorah_Ext_3e155b,,,,,
2026-09-12T00:26:07-05:00,PUR_IED_MinutoB.Aires_A11_1b1604,PUR_IED_MinutoB.Aires_A11_1b1604,,,,,
2026-09-12T00:26:07-05:00,PUR_IED_MinutoB.Aires_A12_fb5860,PUR_IED_MinutoB.Aires_A12_fb5860,,,,,
2026-09-12T00:26:07-05:00,PUR_IED_MinutoB.Aires_Ext_81293f,PUR_IED_MinutoB.Aires_Ext_81293f,,,,,
2026-09-12T00:26:07-05:00,PUR_IED_MinutoBAires_A11_1b1604,PUR_IED_MinutoBAires_A11_1b1604,,,,,
2026-09-12T00:26:07-05:00,PUR_IED_MinutoBAires_A12_fb5860,PUR_IED_MinutoBAires_A12_fb5860,,,,,
2026-09-12T00:26:07-05:00,PUR_IED_MinutoBAires_Ext_81293f,PUR_IED_MinutoBAires_Ext_81293f,,,,,
2026-09-12T00:26:07-05:00,PUR_IED_Montreal_Aula10_1e4959,PUR_IED_Montreal_Aula10_1e4959,,,,,
2026-09-12T00:26:07-05:00,PUR_IED_Montreal_Aula6_300367,PUR_IED_Montreal_Aula6_300367,,,,,
2026-09-12T00:26:07-05:00,PUR_IED_Montreal_Exterior_91a179,PUR_IED_Montreal_Exterior_91a179,,,,,
2026-09-12T00:26:07-05:00,PUR_IED_Mqgdalena_B202_5ddda3,PUR_IED_Mqgdalena_B202_5ddda3,,,,,
2026-09-12T00:26:07-05:00,PUR_IED_NACUND_Soc_dc8728,PUR_IED_NACUND_Soc_dc8728,,,,,
2026-09-12T00:26:07-05:00,PUR_IED_NACUND_ext_27ad97,PUR_IED_NACUND_ext_27ad97,,,,,
2026-09-12T00:26:07-05:00,PUR_IED_NEsperanza_Ext_d24b61,PUR_IED_NEsperanza_Ext_d24b61,,,,,
2026-09-12T00:26:07-05:00,PUR_IED_NEsperanza_SElect_7d1807,PUR_IED_NEsperanza_SElect_7d1807,,,,,
2026-09-12T00:26:07-05:00,PUR_IED_NEsperanza_SLabor_8b2d0a,PUR_IED_NEsperanza_SLabor_8b2d0a,,,,,
2026-09-12T00:26:07-05:00,PUR_IED_NacionesU_Ext_f661a9,PUR_IED_NacionesU_Ext_f661a9,,,,,
2026-09-12T00:26:07-05:00,PUR_IED_NacionesU_Quimica_66f0a,PUR_IED_NacionesU_Quimica_66f0a,,,,,
2026-09-12T00:26:07-05:00,PUR_IED_NacionesU_S306_1b4b3d,PUR_IED_NacionesU_S306_1b4b3d,,,,,
2026-09-12T00:26:07-05:00,PUR_IED_NestorFA_Ext_e4201c,PUR_IED_NestorFA_Ext_e4201c,,,,,
2026-09-12T00:26:07-05:00,PUR_IED_NestorFA_Laborato_f22fe0,PUR_IED_NestorFA_Laborato_f22fe0,,,,,
2026-09-12T00:26:07-05:00,PUR_IED_NestorFA_S204_dee996,PUR_IED_NestorFA_S204_dee996,,,,,
2026-09-12T00:26:07-05:00,PUR_IED_NidyaQT_Aula03_76999b,PUR_IED_NidyaQT_Aula03_76999b,,,,,
2026-09-12T00:26:07-05:00,PUR_IED_NidyaQT_Aula10_56325,PUR_IED_NidyaQT_Aula10_56325,,,,,
2026-09-12T00:26:07-05:00,PUR_IED_NidyaQT_Ext_46e32d,PUR_IED_NidyaQT_Ext_46e32d,,,,,
2026-09-12T00:26:07-05:00,PUR_IED_NuevaCol_Exterior_d9b859,PUR_IED_NuevaCol_Exterior_d9b859,,,,,
2026-09-12T00:26:07-05:00,PUR_IED_NuevaCol_S1101_76c43b,PUR_IED_NuevaCol_S1101_76c43b,,,,,
2026-09-12T00:26:07-05:00,PUR_IED_NuevaCol_S1102_1ce0b5,PUR_IED_NuevaCol_S1102_1ce0b5,,,,,
2026-09-12T00:26:07-05:00,PUR_IED_OEA_A202_f7e3f2,PUR_IED_OEA_A202_f7e3f2,,,,,
2026-09-12T00:26:07-05:00,PUR_IED_OEA_A203_7d1b8d,PUR_IED_OEA_A203_7d1b8d,,,,,
2026-09-12T00:26:07-05:00,PUR_IED_OEA_Ext_27b593,PUR_IED_OEA_Ext_27b593,,,,,
2026-09-12T00:26:07-05:00,PUR_IED_Ochoa_Ext_1c29da,PUR_IED_Ochoa_Ext_1c29da,,,,,
2026-09-12T00:26:07-05:00,PUR_IED_Ochoa_S205_8b1121,PUR_IED_Ochoa_S205_8b1121,,,,,
2026-09-12T00:26:07-05:00,PUR_IED_Ochoa_Sistemas_f33af6,PUR_IED_Ochoa_Sistemas_f33af6,,,,,
2026-09-12T00:26:07-05:00,PUR_IED_PQuebec_Ext_1c67c7,PUR_IED_PQuebec_Ext_1c67c7,,,,,
2026-09-12T00:26:07-05:00,PUR_IED_PQuebec_S15_23e8e2,PUR_IED_PQuebec_S15_23e8e2,,,,,
2026-09-12T00:26:07-05:00,PUR_IED_PQuebec_S16_8ec76b,PUR_IED_PQuebec_S16_8ec76b,,,,,
2026-09-12T00:26:07-05:00,PUR_IED_PabloN_Ext_49dc96,PUR_IED_PabloN_Ext_49dc96,,,,,
2026-09-12T00:26:07-05:00,PUR_IED_PabloN_S1102_4e3df5,PUR_IED_PabloN_S1102_4e3df5,,,,,
2026-09-12T00:26:07-05:00,PUR_IED_PabloN_S1103_50c94b,PUR_IED_PabloN_S1103_50c94b,,,,,
2026-09-12T00:26:07-05:00,PUR_IED_Palestina_S1101_db9198,PUR_IED_Palestina_S1101_db9198,,,,,
2026-09-12T00:26:07-05:00,PUR_IED_Palestina_S1102_dc54fa,PUR_IED_Palestina_S1102_dc54fa,,,,,
2026-09-12T00:26:07-05:00,PUR_IED_Palestina_ext_4ccce6,PUR_IED_Palestina_ext_4ccce6,,,,,
2026-09-12T00:26:07-05:00,PUR_IED_Panama_Fisica_4d0794,PUR_IED_Panama_Fisica_4d0794,,,,,
2026-09-12T00:26:07-05:00,PUR_IED_Panama_SIngles_a4077e,PUR_IED_Panama_SIngles_a4077e,,,,,
2026-09-12T00:26:07-05:00,PUR_IED_Panama_ext_4c54b4,PUR_IED_Panama_ext_4c54b4,,,,,
2026-09-12T00:26:07-05:00,PUR_IED_ParaisoM_Exterior_8cd7f0,PUR_IED_ParaisoM_Exterior_8cd7f0,,,,,
2026-09-12T00:26:07-05:00,PUR_IED_ParaisoM_Laborato_27af35,PUR_IED_ParaisoM_Laborato_27af35,,,,,
2026-09-12T00:26:07-05:00,PUR_IED_ParaisoM_S304_d1edca,PUR_IED_ParaisoM_S304_d1edca,,,,,
2026-09-12T00:26:07-05:00,PUR_IED_PorfirioBarba_Ext_301466,PUR_IED_PorfirioBarba_Ext_301466,,,,,
2026-09-12T00:26:07-05:00,PUR_IED_PorfirioBarba_S11_df6cd2,PUR_IED_PorfirioBarba_S11_df6cd2,,,,,
2026-09-12T00:26:07-05:00,PUR_IED_PorfirioBarba_S29_27a7d6,PUR_IED_PorfirioBarba_S29_27a7d6,,,,,
2026-09-12T00:26:07-05:00,PUR_IED_PradoV_Exter_8b27ad,PUR_IED_PradoV_Exter_8b27ad,,,,,
2026-09-12T00:26:07-05:00,PUR_IED_PradoV_S301_de65b5,PUR_IED_PradoV_S301_de65b5,,,,,
2026-09-12T00:26:07-05:00,PUR_IED_PradoV_S302_7d2593,PUR_IED_PradoV_S302_7d2593,,,,,
2026-09-12T00:26:07-05:00,PUR_IED_QuirogaAlz_Ext_1ddc82,PUR_IED_QuirogaAlz_Ext_1ddc82,,,,,
2026-09-12T00:26:07-05:00,PUR_IED_QuirogaAlz_S302_9926a3,PUR_IED_QuirogaAlz_S302_9926a3,,,,,
2026-09-12T00:26:07-05:00,PUR_IED_QuirogaAlz_S305_cdf1f1,PUR_IED_QuirogaAlz_S305_cdf1f1,,,,,
2026-09-12T00:26:07-05:00,PUR_IED_RGuatemala_Biling_dc53b7,PUR_IED_RGuatemala_Biling_dc53b7,,,,,
2026-09-12T00:26:07-05:00,PUR_IED_RGuatemala_Ext_1b89a3,PUR_IED_RGuatemala_Ext_1b89a3,,,,,
2026-09-12T00:26:07-05:00,PUR_IED_RGuatemala_Tecnol_281a34,PUR_IED_RGuatemala_Tecnol_281a34,,,,,
2026-09-12T00:26:07-05:00,PUR_IED_RafaNu_Ext_f7c302,PUR_IED_RafaNu_Ext_f7c302,,,,,
2026-09-12T00:26:07-05:00,PUR_IED_RafaNu_S1101_25fde,PUR_IED_RafaNu_S1101_25fde,,,,,
2026-09-12T00:26:07-05:00,PUR_IED_RafaNu_S1102_281517,PUR_IED_RafaNu_S1102_281517,,,,,
2026-09-12T00:26:07-05:00,PUR_IED_RafaelB_S305_ee2783,PUR_IED_RafaelB_S305_ee2783,,,,,
2026-09-12T00:26:07-05:00,PUR_IED_RafaelB_S306_75fe33,PUR_IED_RafaelB_S306_75fe33,,,,,
2026-09-12T00:26:07-05:00,PUR_IED_RafaelB_ext_283336,PUR_IED_RafaelB_ext_283336,3,18,58,4.6722,-74.0737
2026-09-12T00:26:07-05:00,PUR_IED_RafaelUU_Exterior_281a51,PUR_IED_RafaelUU_Exterior_281a51,,,,,
2026-09-12T00:26:07-05:00,PUR_IED_RafaelUU_Human_806b2,PUR_IED_RafaelUU_Human_806b2,,,,,
2026-09-12T00:26:07-05:00,PUR_IED_RafaelUU_Mate2_5680d4,PUR_IED_RafaelUU_Mate2_5680d4,,,,,
2026-09-12T00:26:07-05:00,PUR_IED_RamonSub_Ext_f9eeb9,PUR_IED_RamonSub_Ext_f9eeb9,,,,,
2026-09-12T00:26:07-05:00,PUR_IED_RamonSub_Media_d1f62f,PUR_IED_RamonSub_Media_d1f62f,,,,,
2026-09-12T00:26:07-05:00,PUR_IED_RamonSub_planta_51b82,PUR_IED_RamonSub_planta_51b82,,,,,
2026-09-12T00:26:07-05:00,PUR_IED_RepBoliVene_Exter_27af7c,PUR_IED_RepBoliVene_Exter_27af7c,,,,,
2026-09-12T00:26:07-05:00,PUR_IED_RepBoliVene_SCPT_5ae2ee,PUR_IED_RepBoliVene_SCPT_5ae2ee,,,,,
2026-09-12T00:26:07-05:00,PUR_IED_RepBoliVene_Socia_4b11d5,PUR_IED_RepBoliVene_Socia_4b11d5,,,,,
2026-09-12T00:26:07-05:00,PUR_IED_RepChina_Ext_76d9ee,PUR_IED_RepChina_Ext_76d9ee,,,,,
2026-09-12T00:26:07-05:00,PUR_IED_RepChina_S404_7c804c,PUR_IED_RepChina_S404_7c804c,,,,,
2026-09-12T00:26:07-05:00,PUR_IED_RepChina_S405_df2c33,PUR_IED_RepChina_S405_df2c33,,,,,
2026-09-12T00:26:07-05:00,PUR_IED_RepublicaC_Exteri_7d1ec9,PUR_IED_RepublicaC_Exteri_7d1ec9,,,,,
2026-09-12T00:26:07-05:00,PUR_IED_RepublicaC_S1101_f544b3,PUR_IED_RepublicaC_S1101_f544b3,,,,,
2026-09-12T00:26:07-05:00,PUR_IED_RepublicaC_S1102_7aafc7,PUR_IED_RepublicaC_S1102_7aafc7,,,,,
2026-09-12T00:26:07-05:00,PUR_IED_Ricaurte_Externo_a0ea1,PUR_IED_Ricaurte_Externo_a0ea1,,,,,
2026-09-12T00:26:07-05:00,PUR_IED_Ricaurte_S210_f546fd,PUR_IED_Ricaurte_S210_f546fd,,,,,
2026-09-12T00:26:07-05:00,PUR_IED_Ricaurte_S309_d4452,PUR_IED_Ricaurte_S309_d4452,,,,,
2026-09-12T00:26:07-05:00,PUR_IED_RogelioS_1102_531e69,PUR_IED_RogelioS_1102_531e69,,,,,
2026-09-12T00:26:07-05:00,PUR_IED_RogelioS_Ext_f25a18,PUR_IED_RogelioS_Ext_f25a18,,,,,
2026-09-12T00:26:07-05:00,PUR_IED_SBernardino_Ext_27aff8,PUR_IED_SBernardino_Ext_27aff8,,,,,
2026-09-12T00:26:07-05:00,PUR_IED_SBernardino_SArte_2ffd33,PUR_IED_SBernardino_SArte_2ffd33,,,,,
2026-09-12T00:26:07-05:00,PUR_IED_SBernardino_SIngl_7c7da5,PUR_IED_SBernardino_SIngl_7c7da5,,,,,
2026-09-12T00:26:07-05:00,PUR_IED_Sago_auditorio_dc9d1d,PUR_IED_Sago_auditorio_dc9d1d,,,,,
2026-09-12T00:26:07-05:00,PUR_IED_Saludcoop_Ext_95aac3,PUR_IED_Saludcoop_Ext_95aac3,,,,,
2026-09-12T00:26:07-05:00,PUR_IED_Saludcoop_InfI_90c854,PUR_IED_Saludcoop_InfI_90c854,,,,,
2026-09-12T00:26:07-05:00,PUR_IED_Saludcoop_SMedia_1b93be,PUR_IED_Saludcoop_SMedia_1b93be,,,,,
2026-09-12T00:26:07-05:00,PUR_IED_SanCarlos_1101_1a2360,PUR_IED_SanCarlos_1101_1a2360,,,,,
2026-09-12T00:26:07-05:00,PUR_IED_SanCarlos_1103_7bafb5,PUR_IED_SanCarlos_1103_7bafb5,,,,,
2026-09-12T00:26:07-05:00,PUR_IED_SanCarlos_Ext_b7cd1,PUR_IED_SanCarlos_Ext_b7cd1,,,,,
2026-09-12T00:26:07-05:00,PUR_IED_SanIgnacioBosa11a_50c26e,PUR_IED_SanIgnacioBosa11a_50c26e,,,,,
2026-09-12T00:26:07-05:00,PUR_IED_SanIgnacioBosa11b_371de8,PUR_IED_SanIgnacioBosa11b_371de8,,,,,
2026-09-12T00:26:07-05:00,PUR_IED_SanIgnacioBosaExt_ef0ffc,PUR_IED_SanIgnacioBosaExt_ef0ffc,,,,,
2026-09-12T00:26:07-05:00,PUR_IED_SanIgnacioBosa_11a_50c26e,PUR_IED_SanIgnacioBosa_11a_50c26e,,,,,
2026-09-12T00:26:07-05:00,PUR_IED_SanIgnacioBosa_Ext_ef0ffc,PUR_IED_SanIgnacioBosa_Ext_ef0ffc,,,,,
2026-09-12T00:26:07-05:00,PUR_IED_SanJoseN_intS1101_31c47f,PUR_IED_SanJoseN_intS1101_31c47f,,,,,
2026-09-12T00:26:07-05:00,PUR_IED_SanJoseUsm_Exter_f5d7e8,PUR_IED_SanJoseUsm_Exter_f5d7e8,,,,,
2026-09-12T00:26:07-05:00,PUR_IED_SanJoseUsm_Int11A_cfdef6,PUR_IED_SanJoseUsm_Int11A_cfdef6,,,,,
2026-09-12T00:26:07-05:00,PUR_IED_SilveriaR_IntB5_905349,PUR_IED_SilveriaR_IntB5_905349,,,,,
2026-09-12T00:26:07-05:00,PUR_IED_SilveriaR_IntSD14_981f93,PUR_IED_SilveriaR_IntSD14_981f93,,,,,
2026-09-12T00:26:07-05:00,PUR_IED_SilveriaR_ext_2b651d,PUR_IED_SilveriaR_ext_2b651d,,,,,
2026-09-12T00:26:07-05:00,PUR_IED_SimonB_Exterior_913975,PUR_IED_SimonB_Exterior_913975,,,,,
2026-09-12T00:26:07-05:00,PUR_IED_SimonB_LabQuimi_c56908,PUR_IED_SimonB_LabQuimi_c56908,,,,,
2026-09-12T00:26:07-05:00,PUR_IED_SimonB_informatic_a28c1,PUR_IED_SimonB_informatic_a28c1,,,,,
2026-09-12T00:26:07-05:00,PUR_IED_Sorrento_1102_315f50,PUR_IED_Sorrento_1102_315f50,,,,,
2026-09-12T00:26:07-05:00,PUR_IED_Sorrento_Minte_214eab,PUR_IED_Sorrento_Minte_214eab,,,,,
2026-09-12T00:26:07-05:00,PUR_IED_Sorrento_ext_7c3a0a,PUR_IED_Sorrento_ext_7c3a0a,,,,,
2026-09-12T00:26:07-05:00,PUR_IED_Tabora_Ext_f048ae,PUR_IED_Tabora_Ext_f048ae,,,,,
2026-09-12T00:26:07-05:00,PUR_IED_Tabora_S1102_b07752,PUR_IED_Tabora_S1102_b07752,,,,,
2026-09-12T00:26:07-05:00,PUR_IED_Tabora_S1103_d988f5,PUR_IED_Tabora_S1103_d988f5,,,,,
2026-09-12T00:26:07-05:00,PUR_IED_Tenerife_Ext_1ab188,PUR_IED_Tenerife_Ext_1ab188,,,,,
2026-09-12T00:26:07-05:00,PUR_IED_Tenerife_SDanzas_7bc02e,PUR_IED_Tenerife_SDanzas_7bc02e,,,,,
2026-09-12T00:26:07-05:00,PUR_IED_Tenerife_SIngles_7cc277,PUR_IED_Tenerife_SIngles_7cc277,,,,,
2026-09-12T00:26:07-05:00,PUR_IED_Tibabuyes_Exter_f2683d,PUR_IED_Tibabuyes_Exter_f2683d,,,,,
2026-09-12T00:26:07-05:00,PUR_IED_Tibabuyes_S10_dc87a8,PUR_IED_Tibabuyes_S10_dc87a8,,,,,
2026-09-12T00:26:07-05:00,PUR_IED_Tibabuyes_S15_dc0526,PUR_IED_Tibabuyes_S15_dc0526,,,,,
2026-09-12T00:26:07-05:00,PUR_IED_UnionE_S301_a1043,PUR_IED_UnionE_S301_a1043,,,,,
2026-09-12T00:26:07-05:00,PUR_IED_UnionE_S307_ff6c2f,PUR_IED_UnionE_S307_ff6c2f,,,,,
2026-09-12T00:26:07-05:00,PUR_IED_UnionE__Ext_5e2468,PUR_IED_UnionE__Ext_5e2468,,,,,
2026-09-12T00:26:07-05:00,PUR_IED_VillaRica_Ext_75be7c,PUR_IED_VillaRica_Ext_75be7c,,,,,
2026-09-12T00:26:07-05:00,PUR_IED_VillaRica_S4_cc5dcd,PUR_IED_VillaRica_S4_cc5dcd,,,,,
2026-09-12T00:26:07-05:00,PUR_IED_VillaRica_Sesp_99f5c,PUR_IED_VillaRica_Sesp_99f5c,,,,,
2026-09-12T00:31:05-05:00,PUR_IED_20deJulio_1101_91b1b9,PUR_IED_20deJulio_1101_91b1b9,,,,,
2026-09-12T00:31:05-05:00,PUR_IED_20deJulio_1102_1cfcf9,PUR_IED_20deJulio_1102_1cfcf9,,,,,
2026-09-12T00:31:05-05:00,PUR_IED_20deJulio_Ext_ab60bd,PUR_IED_20deJulio_Ext_ab60bd,,,,,
2026-09-12T00:31:05-05:00,PUR_IED_AgustinFer_Ext_7b9b77,PUR_IED_AgustinFer_Ext_7b9b77,,,,,
2026-09-12T00:31:05-05:00,PUR_IED_AgustinFer_Info2_27b3a7,PUR_IED_AgustinFer_Info2_27b3a7,,,,,
2026-09-12T00:31:05-05:00,PUR_IED_AgustinFer_Sena_54b4eb,PUR_IED_AgustinFer_Sena_54b4eb,,,,,
2026-09-12T00:31:05-05:00,PUR_IED_AlexanderF_1102_caf07b,PUR_IED_AlexanderF_1102_caf07b,,,,,
2026-09-12T00:31:05-05:00,PUR_IED_AlexanderF_1103_c79e71,PUR_IED_AlexanderF_1103_c79e71,,,,,
2026-09-12T00:31:05-05:00,PUR_IED_AlexanderF_Ext_c5b18b,PUR_IED_AlexanderF_Ext_c5b18b,,,,,
2026-09-12T00:31:05-05:00,PUR_IED_AlfonsoLopez_Ext_281d77,PUR_IED_AlfonsoLopez_Ext_281d77,,,,,
2026-09-12T00:31:05-05:00,PUR_IED_AlfonsoLopez_LabF_888ce0,PUR_IED_AlfonsoLopez_LabF_888ce0,,,,,
2026-09-12T00:31:05-05:00,PUR_IED_AlfonsoLopez_SMed_df6a7f,PUR_IED_AlfonsoLopez_SMed_df6a7f,,,,,
2026-09-12T00:31:05-05:00,PUR_IED_AltamiraSO_A2_209f92,PUR_IED_AltamiraSO_A2_209f92,,,,,
2026-09-12T00:31:05-05:00,PUR_IED_AltamiraSO_Ext_186d66,PUR_IED_AltamiraSO_Ext_186d66,,,,,
2026-09-12T00:31:05-05:00,PUR_IED_AltamiraSO_Sistem_27afe1,PUR_IED_AltamiraSO_Sistem_27afe1,,,,,
2026-09-12T00:31:05-05:00,PUR_IED_AlvaroGom_LabQuim_813179,PUR_IED_AlvaroGom_LabQuim_813179,,,,,
2026-09-12T00:31:05-05:00,PUR_IED_AlvaroGomez_Ext_47c7ca,PUR_IED_AlvaroGomez_Ext_47c7ca,,,,,
2026-09-12T00:31:05-05:00,PUR_IED_AlvaroGomez_LabQuim_813179,PUR_IED_AlvaroGomez_LabQuim_813179,,,,,
2026-09-12T00:31:05-05:00,PUR_IED_AlvaroGomez_S23_7ba89f,PUR_IED_AlvaroGomez_S23_7ba89f,,,,,
2026-09-12T00:31:05-05:00,PUR_IED_Amistad_306_dc8728,PUR_IED_Amistad_306_dc8728,,,,,
2026-09-12T00:31:05-05:00,PUR_IED_Amistad_Ext_8cd55e,PUR_IED_Amistad_Ext_8cd55e,,,,,
2026-09-12T00:31:05-05:00,PUR_IED_Amistad_S202_a41169,PUR_IED_Amistad_S202_a41169,,,,,
2026-09-12T00:31:05-05:00,PUR_IED_AndresBello_Bio_fd5f5e,PUR_IED_AndresBello_Bio_fd5f5e,,,,,
2026-09-12T00:31:05-05:00,PUR_IED_AndresBello_ext_dcad65,PUR_IED_AndresBello_ext_dcad65,,,,,
2026-09-12T00:31:05-05:00,PUR_IED_AndresBello_port_eed3ec,PUR_IED_AndresBello_port_eed3ec,,,,,
2026-09-12T00:31:05-05:00,PUR_IED_AngelaR_11b_d90a6b,PUR_IED_AngelaR_11b_d90a6b,,,,,
2026-09-12T00:31:05-05:00,PUR_IED_AngelaR_ext_7cad3e,PUR_IED_AngelaR_ext_7cad3e,8,20,60,4.5825,-74.164497
2026-09-12T00:31:05-05:00,PUR_IED_AntJoseSucre_10mo_df2575,PUR_IED_AntJoseSucre_10mo_df2575,,,,,
2026-09-12T00:31:05-05:00,PUR_IED_AntJoseSucre_Ext_215b36,PUR_IED_AntJoseSucre_Ext_215b36,,,,,
2026-09-12T00:31:05-05:00,PUR_IED_AntJoseSucre_Lab_3139de,PUR_IED_AntJoseSucre_Lab_3139de,,,,,
2026-09-12T00:31:05-05:00,PUR_IED_AntonioGarcia_301_d6b188,PUR_IED_AntonioGarcia_301_d6b188,,,,,
2026-09-12T00:31:05-05:00,PUR_IED_AntonioGarcia_302_88a82,PUR_IED_AntonioGarcia_302_88a82,,,,,
2026-09-12T00:31:05-05:00,PUR_IED_AntonioGarcia_Ext_20950c,PUR_IED_AntonioGarcia_Ext_20950c,,,,,
2026-09-12T00:31:05-05:00,PUR_IED_AntonioVan_Aula2_6dea02,PUR_IED_AntonioVan_Aula2_6dea02,,,,,
2026-09-12T00:31:05-05:00,PUR_IED_AntonioVan_Aula5_f1557e,PUR_IED_AntonioVan_Aula5_f1557e,,,,,
2026-09-12T00:31:05-05:00,PUR_IED_AntonioVan_Ext_406f2f,PUR_IED_AntonioVan_Ext_406f2f,,,,,
2026-09-12T00:31:05-05:00,PUR_IED_Atabanzha_Ext_cc5af9,PUR_IED_Atabanzha_Ext_cc5af9,,,,,
2026-09-12T00:31:05-05:00,PUR_IED_Atabanzha_SA101_56c37,PUR_IED_Atabanzha_SA101_56c37,,,,,
2026-09-12T00:31:05-05:00,PUR_IED_Atabanzha_SB302_27b374,PUR_IED_Atabanzha_SB302_27b374,,,,,
2026-09-12T00:31:05-05:00,PUR_IED_Atahualpa_Ext_fc1748,PUR_IED_Atahualpa_Ext_fc1748,,,,,
2026-09-12T00:31:05-05:00,PUR_IED_Atahualpa_Informa_dc9a95,PUR_IED_Atahualpa_Informa_dc9a95,,,,,
2026-09-12T00:31:05-05:00,PUR_IED_Atahualpa_S1101_f98056,PUR_IED_Atahualpa_S1101_f98056,,,,,
2026-09-12T00:31:05-05:00,PUR_IED_Bellavista_Ext_f5aa74,PUR_IED_Bellavista_Ext_f5aa74,,,,,
2026-09-12T00:31:05-05:00,PUR_IED_Bilbao_11A_916c41,PUR_IED_Bilbao_11A_916c41,,,,,
2026-09-12T00:31:05-05:00,PUR_IED_Bilbao_Ext_fb579a,PUR_IED_Bilbao_Ext_fb579a,,,,,
2026-09-12T00:31:05-05:00,PUR_IED_BrasiliaU_A125_304280,PUR_IED_BrasiliaU_A125_304280,,,,,
2026-09-12T00:31:05-05:00,PUR_IED_BrasiliaU_A203_7c8ca5,PUR_IED_BrasiliaU_A203_7c8ca5,,,,,
2026-09-12T00:31:05-05:00,PUR_IED_BrasiliaU_Ext_8d6e9f,PUR_IED_BrasiliaU_Ext_8d6e9f,4,17,63,4.5175,-74.116302
2026-09-12T00:31:05-05:00,PUR_IED_Brasilia_Ext_fe6593,PUR_IED_Brasilia_Ext_fe6593,,,,,
2026-09-12T00:31:05-05:00,PUR_IED_Brasilia_S24_7c130d,PUR_IED_Brasilia_S24_7c130d,,,,,
2026-09-12T00:31:05-05:00,PUR_IED_Brasilia_S501_186a54,PUR_IED_Brasilia_S501_186a54,,,,,
2026-09-12T00:31:05-05:00,PUR_IED_CHARRY_EXT_f1d5cd,PUR_IED_CHARRY_EXT_f1d5cd,,,,,
2026-09-12T00:31:05-05:00,PUR_IED_CHARRY_INTDANZAS_7a08e6,PUR_IED_CHARRY_INTDANZAS_7a08e6,,,,,
2026-09-12T00:31:05-05:00,PUR_IED_CHARRY_INT_AULA20_dc998d,PUR_IED_CHARRY_INT_AULA20_dc998d,,,,,
2026-09-12T00:31:05-05:00,PUR_IED_COLVIV_1101_S25_7f520a,PUR_IED_COLVIV_1101_S25_7f520a,,,,,
2026-09-12T00:31:05-05:00,PUR_IED_COLVIV_1102_S16_f570ba,PUR_IED_COLVIV_1102_S16_f570ba,,,,,
2026-09-12T00:31:05-05:00,PUR_IED_COLVIV_Ext_1a26fa,PUR_IED_COLVIV_Ext_1a26fa,,,,,
2026-09-12T00:31:05-05:00,PUR_IED_CULPOP_301A_f660f3,PUR_IED_CULPOP_301A_f660f3,,,,,
2026-09-12T00:31:05-05:00,PUR_IED_CULPOP_303_568afe,PUR_IED_CULPOP_303_568afe,,,,,
2026-09-12T00:31:05-05:00,PUR_IED_CULPOP_Ext_e02ccb,PUR_IED_CULPOP_Ext_e02ccb,,,,,
2026-09-12T00:31:05-05:00,PUR_IED_CVillavicen_Ext_26eb58,PUR_IED_CVillavicen_Ext_26eb58,4,15,77,4.487,-74.102798
2026-09-12T00:31:05-05:00,PUR_IED_CVillavicen_Intel_1ce5c2,PUR_IED_CVillavicen_Intel_1ce5c2,,,,,
2026-09-12T00:31:05-05:00,PUR_IED_CVillavicen_Poliv_e0766c,PUR_IED_CVillavicen_Poliv_e0766c,,,,,
2026-09-12T00:31:05-05:00,PUR_IED_CVillavicen_int_1ba140,PUR_IED_CVillavicen_int_1ba140,,,,,
2026-09-12T00:31:05-05:00,PUR_IED_CVillavicen_intel_1ba140,PUR_IED_CVillavicen_intel_1ba140,,,,,
2026-09-12T00:31:05-05:00,PUR_IED_CarlosPizarro_Ext_e307cc,PUR_IED_CarlosPizarro_Ext_e307cc,,,,,
2026-09-12T00:31:05-05:00,PUR_IED_CarlosPizarro_L36_7e5cdb,PUR_IED_CarlosPizarro_L36_7e5cdb,,,,,
2026-09-12T00:31:05-05:00,PUR_IED_CarlosPizarro_L37_c8566c,PUR_IED_CarlosPizarro_L37_c8566c,,,,,
2026-09-12T00:31:05-05:00,PUR_IED_Castilla_Ext_cf35f,PUR_IED_Castilla_Ext_cf35f,,,,,
2026-09-12T00:31:05-05:00,PUR_IED_Castilla_SFisik_360e38,PUR_IED_Castilla_SFisik_360e38,,,,,
2026-09-12T00:31:05-05:00,PUR_IED_Castilla_Sc304_496fbf,PUR_IED_Castilla_Sc304_496fbf,,,,,
2026-09-12T00:31:05-05:00,PUR_IED_CervantesSa_Ext_6b57b,PUR_IED_CervantesSa_Ext_6b57b,5,17,68,4.5128,-74.117203
2026-09-12T00:31:05-05:00,PUR_IED_CervantesSa_S107_225c2b,PUR_IED_CervantesSa_S107_225c2b,,,,,
2026-09-12T00:31:05-05:00,PUR_IED_CervantesSa_S108_940925,PUR_IED_CervantesSa_S108_940925,,,,,
2026-09-12T00:31:05-05:00,PUR_IED_Charry_A20_f53e7c,PUR_IED_Charry_A20_f53e7c,,,,,
2026-09-12T00:31:05-05:00,PUR_IED_Charry_Ext_f1d5cd,PUR_IED_Charry_Ext_f1d5cd,,,,,
2026-09-12T00:31:05-05:00,PUR_IED_Charry_IntAula20_dc998d,PUR_IED_Charry_IntAula20_dc998d,,,,,
2026-09-12T00:31:05-05:00,PUR_IED_Charry_IntDanzas_7a08e6,PUR_IED_Charry_IntDanzas_7a08e6,,,,,
2026-09-12T00:31:05-05:00,PUR_IED_ClememciaC_203_43e2fc,PUR_IED_ClememciaC_203_43e2fc,,,,,
2026-09-12T00:31:05-05:00,PUR_IED_ClememciaC_Ext_1b411a,PUR_IED_ClememciaC_Ext_1b411a,,,,,
2026-09-12T00:31:05-05:00,PUR_IED_ClememciaC_Quimic_44b5fc,PUR_IED_ClememciaC_Quimic_44b5fc,,,,,
2026-09-12T00:31:05-05:00,PUR_IED_ClemenciaC_203_43e2fc,PUR_IED_ClemenciaC_203_43e2fc,,,,,
2026-09-12T00:31:05-05:00,PUR_IED_ClemenciaC_Ext_1b411a,PUR_IED_ClemenciaC_Ext_1b411a,,,,,
2026-09-12T00:31:05-05:00,PUR_IED_ClemenciaC_Quimic_44b5fc,PUR_IED_ClemenciaC_Quimic_44b5fc,,,,,
2026-09-12T00:31:05-05:00,PUR_IED_ColViva_1101_S25_7f520a,PUR_IED_ColViva_1101_S25_7f520a,,,,,
2026-09-12T00:31:05-05:00,PUR_IED_ColViva_1102_S16_f570ba,PUR_IED_ColViva_1102_S16_f570ba,,,,,
2026-09-12T00:31:05-05:00,PUR_IED_ColViva_Ext_1a26fa,PUR_IED_ColViva_Ext_1a26fa,,,,,
2026-09-12T00:31:05-05:00,PUR_IED_ColegioBici_Asist_7c8798,PUR_IED_ColegioBici_Asist_7c8798,,,,,
2026-09-12T00:31:05-05:00,PUR_IED_ColegioBici_Ext_25cbf6,PUR_IED_ColegioBici_Ext_25cbf6,,,,,
2026-09-12T00:31:05-05:00,PUR_IED_ColegioBici_LabQ_7b57db,PUR_IED_ColegioBici_LabQ_7b57db,,,,,
2026-09-12T00:31:05-05:00,PUR_IED_CostaRica_Ext_5e640,PUR_IED_CostaRica_Ext_5e640,,,,,
2026-09-12T00:31:05-05:00,PUR_IED_CostaRica_Quim1_766d1c,PUR_IED_CostaRica_Quim1_766d1c,,,,,
2026-09-12T00:31:05-05:00,PUR_IED_CostaRica__Fisica_6f0873,PUR_IED_CostaRica__Fisica_6f0873,,,,,
2026-09-12T00:31:05-05:00,PUR_IED_CulPopu_301A_f660f3,PUR_IED_CulPopu_301A_f660f3,,,,,
2026-09-12T00:31:05-05:00,PUR_IED_CulPopu_303_568afe,PUR_IED_CulPopu_303_568afe,,,,,
2026-09-12T00:31:05-05:00,PUR_IED_CulPopu_Ext_e02ccb,PUR_IED_CulPopu_Ext_e02ccb,,,,,
2026-09-12T00:31:05-05:00,PUR_IED_Cundinamarca_Ext_f15985,PUR_IED_Cundinamarca_Ext_f15985,,,,,
2026-09-12T00:31:05-05:00,PUR_IED_Cundinamarca_Info_7aa5d7,PUR_IED_Cundinamarca_Info_7aa5d7,,,,,
2026-09-12T00:31:05-05:00,PUR_IED_Cundinamarca_Tec2_f449c7,PUR_IED_Cundinamarca_Tec2_f449c7,,,,,
2026-09-12T00:31:05-05:00,PUR_IED_DiegoM_Aula1_27b314,PUR_IED_DiegoM_Aula1_27b314,,,,,
2026-09-12T00:31:05-05:00,PUR_IED_DiegoM_Ext_d80ac8,PUR_IED_DiegoM_Ext_d80ac8,,,,,
2026-09-12T00:31:05-05:00,PUR_IED_DiegoM_S25_da928f,PUR_IED_DiegoM_S25_da928f,,,,,
2026-09-12T00:31:05-05:00,PUR_IED_ELRODEO_360881,PUR_IED_ELRODEO_360881,,,,,
2026-09-12T00:31:05-05:00,PUR_IED_ELRODEO_ext_360881,PUR_IED_ELRODEO_ext_360881,,,,,
2026-09-12T00:31:05-05:00,PUR_IED_EduardoU_Ext_1c1969,PUR_IED_EduardoU_Ext_1c1969,,,,,
2026-09-12T00:31:05-05:00,PUR_IED_EduardoU_SCiencia_4dfb94,PUR_IED_EduardoU_SCiencia_4dfb94,,,,,
2026-09-12T00:31:05-05:00,PUR_IED_EduardoU_SQuimica_5a46e7,PUR_IED_EduardoU_SQuimica_5a46e7,,,,,
2026-09-12T00:31:05-05:00,PUR_IED_ElRodeo_Aula14_676984,PUR_IED_ElRodeo_Aula14_676984,,,,,
2026-09-12T00:31:05-05:00,PUR_IED_ElRodeo_Aula16_2dd35b,PUR_IED_ElRodeo_Aula16_2dd35b,,,,,
2026-09-12T00:31:05-05:00,PUR_IED_ElRodeo_Ext_360881,PUR_IED_ElRodeo_Ext_360881,,,,,
2026-09-12T00:31:05-05:00,PUR_IED_ElRodeo_Exterior_8c6d28,PUR_IED_ElRodeo_Exterior_8c6d28,,,,,
2026-09-12T00:31:05-05:00,PUR_IED_ElRodeo_ext_360881,PUR_IED_ElRodeo_ext_360881,,,,,
2026-09-12T00:31:05-05:00,PUR_IED_EmmaReyes_Ext_987625,PUR_IED_EmmaReyes_Ext_987625,17,21,54,4.6367,-74.1511
2026-09-12T00:31:05-05:00,PUR_IED_Ensueño_Ext_7f0250,PUR_IED_Ensueño_Ext_7f0250,,,,,
2026-09-12T00:31:05-05:00,PUR_IED_EscNormal_Ext_5fef3b,PUR_IED_EscNormal_Ext_5fef3b,2,18,59,4.5852,-74.096901
2026-09-12T00:31:05-05:00,PUR_IED_EscNormal_S309_5b263,PUR_IED_EscNormal_S309_5b263,,,,,
2026-09-12T00:31:05-05:00,PUR_IED_EscNormal_S310_27b3b8,PUR_IED_EscNormal_S310_27b3b8,,,,,
2026-09-12T00:31:05-05:00,PUR_IED_Evangelista_Conta_f6cd4f,PUR_IED_Evangelista_Conta_f6cd4f,,,,,
2026-09-12T00:31:05-05:00,PUR_IED_Evangelista_Cri_5e16a,PUR_IED_Evangelista_Cri_5e16a,,,,,
2026-09-12T00:31:05-05:00,PUR_IED_Evangelista_Exter_754066,PUR_IED_Evangelista_Exter_754066,,,,,
2026-09-12T00:31:05-05:00,PUR_IED_FMiranda_S209_5cc2a3,PUR_IED_FMiranda_S209_5cc2a3,,,,,
2026-09-12T00:31:05-05:00,PUR_IED_FMiranda_S303_19e344,PUR_IED_FMiranda_S303_19e344,,,,,
2026-09-12T00:31:05-05:00,PUR_IED_FMiranda_ext_f53e7c,PUR_IED_FMiranda_ext_f53e7c,,,,,
2026-09-12T00:31:05-05:00,PUR_IED_FabioLozano_Bibli_1cee05,PUR_IED_FabioLozano_Bibli_1cee05,,,,,
2026-09-12T00:31:05-05:00,PUR_IED_FabioLozano_Ext_6ea285,PUR_IED_FabioLozano_Ext_6ea285,,,,,
2026-09-12T00:31:05-05:00,PUR_IED_FabioLozano_SLudi_f09e1e,PUR_IED_FabioLozano_SLudi_f09e1e,,,,,
2026-09-12T00:31:05-05:00,PUR_IED_FaustinoS_Aula07_27a731,PUR_IED_FaustinoS_Aula07_27a731,,,,,
2026-09-12T00:31:05-05:00,PUR_IED_FaustinoS_Ext_7b936f,PUR_IED_FaustinoS_Ext_7b936f,,,,,
2026-09-12T00:31:05-05:00,PUR_IED_FaustinoS_Fisica_da2c60,PUR_IED_FaustinoS_Fisica_da2c60,,,,,
2026-09-12T00:31:05-05:00,PUR_IED_FeGarciaLo_Ext_dc68ee,PUR_IED_FeGarciaLo_Ext_dc68ee,,,,,
2026-09-12T00:31:05-05:00,PUR_IED_FeGarciaLo_SDanza_f70a59,PUR_IED_FeGarciaLo_SDanza_f70a59,,,,,
2026-09-12T00:31:05-05:00,PUR_IED_FeGarciaLo_SMusic_125cdd,PUR_IED_FeGarciaLo_SMusic_125cdd,,,,,
2026-09-12T00:31:05-05:00,PUR_IED_FederalAlema_Exte_50c345,PUR_IED_FederalAlema_Exte_50c345,,,,,
2026-09-12T00:31:05-05:00,PUR_IED_FederalAlema_S31_f18371,PUR_IED_FederalAlema_S31_f18371,,,,,
2026-09-12T00:31:05-05:00,PUR_IED_FederalAlema_S901_a62cd,PUR_IED_FederalAlema_S901_a62cd,,,,,
2026-09-12T00:31:05-05:00,PUR_IED_FilarmonicaS_A5_f35eb1,PUR_IED_FilarmonicaS_A5_f35eb1,,,,,
2026-09-12T00:31:05-05:00,PUR_IED_FilarmonicaS_Ext_8a3bde,PUR_IED_FilarmonicaS_Ext_8a3bde,,,,,
2026-09-12T00:31:05-05:00,PUR_IED_FilarmonicaS_Spol_406114,PUR_IED_FilarmonicaS_Spol_406114,,,,,
2026-09-12T00:31:05-05:00,PUR_IED_FlorentinoG_A13_d1fa59,PUR_IED_FlorentinoG_A13_d1fa59,,,,,
2026-09-12T00:31:05-05:00,PUR_IED_FlorentinoG_Ext_1ce6ce,PUR_IED_FlorentinoG_Ext_1ce6ce,,,,,
2026-09-12T00:31:05-05:00,PUR_IED_FlorentinoG_Idiom_a66aac,PUR_IED_FlorentinoG_Idiom_a66aac,,,,,
2026-09-12T00:31:05-05:00,PUR_IED_FranciscoMati_Ext_e3869d,PUR_IED_FranciscoMati_Ext_e3869d,,,,,
2026-09-12T00:31:05-05:00,PUR_IED_FranciscoMati_S13_f31c67,PUR_IED_FranciscoMati_S13_f31c67,,,,,
2026-09-12T00:31:05-05:00,PUR_IED_FranciscoMati_S14_97dead,PUR_IED_FranciscoMati_S14_97dead,,,,,
2026-09-12T00:31:05-05:00,PUR_IED_FranciscoPS_Ext_7bfa9a,PUR_IED_FranciscoPS_Ext_7bfa9a,3,20,57,4.5899,-74.110397
2026-09-12T00:31:05-05:00,PUR_IED_FranciscoPS_Infor_fb8f4c,PUR_IED_FranciscoPS_Infor_fb8f4c,,,,,
2026-09-12T00:31:05-05:00,PUR_IED_FranciscoPS_Quimi_94d39c,PUR_IED_FranciscoPS_Quimi_94d39c,,,,,
2026-09-12T00:31:05-05:00,PUR_IED_FranciscoP_LabQ_d7e148,PUR_IED_FranciscoP_LabQ_d7e148,,,,,
2026-09-12T00:31:05-05:00,PUR_IED_FranciscoP_S28_cf9b30,PUR_IED_FranciscoP_S28_cf9b30,,,,,
2026-09-12T00:31:05-05:00,PUR_IED_FranciscoP_ext_e2313,PUR_IED_FranciscoP_ext_e2313,,,,,
2026-09-12T00:31:05-05:00,PUR_IED_FriederichN_Ext_8ac92a,PUR_IED_FriederichN_Ext_8ac92a,,,,,
2026-09-12T00:31:05-05:00,PUR_IED_FriederichN_S301_dd7e5a,PUR_IED_FriederichN_S301_dd7e5a,,,,,
2026-09-12T00:31:05-05:00,PUR_IED_FriederichN_S308_761f4f,PUR_IED_FriederichN_S308_761f4f,,,,,
2026-09-12T00:31:05-05:00,PUR_IED_GSantander_Aula10_533dd7,PUR_IED_GSantander_Aula10_533dd7,,,,,
2026-09-12T00:31:05-05:00,PUR_IED_GSantander_Aula12_fd4e4f,PUR_IED_GSantander_Aula12_fd4e4f,,,,,
2026-09-12T00:31:05-05:00,PUR_IED_GSantander_Aula310_533dd7,PUR_IED_GSantander_Aula310_533dd7,,,,,
2026-09-12T00:31:05-05:00,PUR_IED_GSantander_Aula312_fd4e4f,PUR_IED_GSantander_Aula312_fd4e4f,,,,,
2026-09-12T00:31:05-05:00,PUR_IED_GSantander_Ext_5f66b0,PUR_IED_GSantander_Ext_5f66b0,,,,,
2026-09-12T00:31:05-05:00,PUR_IED_GYomasa_Ext_f6bea5,PUR_IED_GYomasa_Ext_f6bea5,,,,,
2026-09-12T00:31:05-05:00,PUR_IED_GYomasa_LBiol_2c41aa,PUR_IED_GYomasa_LBiol_2c41aa,,,,,
2026-09-12T00:31:05-05:00,PUR_IED_GYomasa_LQuim_33c80,PUR_IED_GYomasa_LQuim_33c80,,,,,
2026-09-12T00:31:05-05:00,PUR_IED_GabBetMejia_Cienc_5a99c,PUR_IED_GabBetMejia_Cienc_5a99c,,,,,
2026-09-12T00:31:05-05:00,PUR_IED_GabBetMejia_Ext_9153d0,PUR_IED_GabBetMejia_Ext_9153d0,,,,,
2026-09-12T00:31:05-05:00,PUR_IED_GabBetMejia_Lab_f55347,PUR_IED_GabBetMejia_Lab_f55347,,,,,
2026-09-12T00:31:05-05:00,PUR_IED_GabBetanMejia_Ext_9153d0,PUR_IED_GabBetanMejia_Ext_9153d0,,,,,
2026-09-12T00:31:05-05:00,PUR_IED_Gaitana_Aula13_7aac11,PUR_IED_Gaitana_Aula13_7aac11,,,,,
2026-09-12T00:31:05-05:00,PUR_IED_Gaitana_Ext_5fcf4,PUR_IED_Gaitana_Ext_5fcf4,,,,,
2026-09-12T00:31:05-05:00,PUR_IED_Gaitana_LabFisica_644448,PUR_IED_Gaitana_LabFisica_644448,,,,,
2026-09-12T00:31:05-05:00,PUR_IED_GenSantander_Dise_8ac858,PUR_IED_GenSantander_Dise_8ac858,,,,,
2026-09-12T00:31:05-05:00,PUR_IED_GenSantander_Ext_8d5dfe,PUR_IED_GenSantander_Ext_8d5dfe,,,,,
2026-09-12T00:31:05-05:00,PUR_IED_GenSantander_Info_6c25b,PUR_IED_GenSantander_Info_6c25b,,,,,
2026-09-12T00:31:05-05:00,PUR_IED_GustavoMo_Exterio_75e63d,PUR_IED_GustavoMo_Exterio_75e63d,,,,,
2026-09-12T00:31:05-05:00,PUR_IED_GustavoMo_LabFisi_224d37,PUR_IED_GustavoMo_LabFisi_224d37,,,,,
2026-09-12T00:31:05-05:00,PUR_IED_GustavoMo_S208_3e6918,PUR_IED_GustavoMo_S208_3e6918,,,,,
2026-09-12T00:31:05-05:00,PUR_IED_GustavoR_A02_8cd4a8,PUR_IED_GustavoR_A02_8cd4a8,,,,,
2026-09-12T00:31:05-05:00,PUR_IED_GustavoR_B11_5b0ed,PUR_IED_GustavoR_B11_5b0ed,,,,,
2026-09-12T00:31:05-05:00,PUR_IED_GustavoR_Ext_7a0c90,PUR_IED_GustavoR_Ext_7a0c90,,,,,
2026-09-12T00:31:05-05:00,PUR_IED_HernandoDuran_Ext_8cd82b,PUR_IED_HernandoDuran_Ext_8cd82b,,,,,
2026-09-12T00:31:05-05:00,PUR_IED_HernandoDuran_S24_2772c6,PUR_IED_HernandoDuran_S24_2772c6,,,,,
2026-09-12T00:31:05-05:00,PUR_IED_HernandoDuran_S30_f2de41,PUR_IED_HernandoDuran_S30_f2de41,,,,,
2026-09-12T00:31:05-05:00,PUR_IED_HolguInUr_S1101_8cd732,PUR_IED_HolguInUr_S1101_8cd732,,,,,
2026-09-12T00:31:05-05:00,PUR_IED_HolguinUr_Exter_ddae6d,PUR_IED_HolguinUr_Exter_ddae6d,,,,,
2026-09-12T00:31:05-05:00,PUR_IED_HolguinUr_LabQuim_92b952,PUR_IED_HolguinUr_LabQuim_92b952,,,,,
2026-09-12T00:31:05-05:00,PUR_IED_Isabel-II_Ext_5245cc,PUR_IED_Isabel-II_Ext_5245cc,15,19,60,4.6336,-74.153
2026-09-12T00:31:05-05:00,PUR_IED_Isabel-II_S_idiom_1c29aa,PUR_IED_Isabel-II_S_idiom_1c29aa,,,,,
2026-09-12T00:31:05-05:00,PUR_IED_Isabel-II_S_infor_fd741,PUR_IED_Isabel-II_S_infor_fd741,,,,,
2026-09-12T00:31:05-05:00,PUR_IED_IsidroSur_Exterio_5b90ea,PUR_IED_IsidroSur_Exterio_5b90ea,,,,,
2026-09-12T00:31:05-05:00,PUR_IED_IsidroSur_LabTec_56697a,PUR_IED_IsidroSur_LabTec_56697a,,,,,
2026-09-12T00:31:05-05:00,PUR_IED_IsidroSur_Robotic_b7c38f,PUR_IED_IsidroSur_Robotic_b7c38f,,,,,
2026-09-12T00:31:05-05:00,PUR_IED_IsmaelPerd_Ext_7b6672,PUR_IED_IsmaelPerd_Ext_7b6672,,,,,
2026-09-12T00:31:05-05:00,PUR_IED_IsmaelPerd_Inform_306540,PUR_IED_IsmaelPerd_Inform_306540,,,,,
2026-09-12T00:31:05-05:00,PUR_IED_IsmaelPerd_S30_2e2c83,PUR_IED_IsmaelPerd_S30_2e2c83,,,,,
2026-09-12T00:31:05-05:00,PUR_IED_JLozano_Exter_432910,PUR_IED_JLozano_Exter_432910,,,,,
2026-09-12T00:31:05-05:00,PUR_IED_JLozano_salaMulti_df5125,PUR_IED_JLozano_salaMulti_df5125,,,,,
2026-09-12T00:31:05-05:00,PUR_IED_JMCordoba_206_86f80b,PUR_IED_JMCordoba_206_86f80b,,,,,
2026-09-12T00:31:05-05:00,PUR_IED_JMCordoba_Ext_27ad97,PUR_IED_JMCordoba_Ext_27ad97,,,,,
2026-09-12T00:31:05-05:00,PUR_IED_JMCordoba_S310_d59ab4,PUR_IED_JMCordoba_S310_d59ab4,,,,,
2026-09-12T00:31:05-05:00,PUR_IED_Japon_Ext_549100,PUR_IED_Japon_Ext_549100,,,,,
2026-09-12T00:31:05-05:00,PUR_IED_Japon_Laboratorio_bec51d,PUR_IED_Japon_Laboratorio_bec51d,,,,,
2026-09-12T00:31:05-05:00,PUR_IED_Japon_informatica_d99327,PUR_IED_Japon_informatica_d99327,,,,,
2026-09-12T00:31:05-05:00,PUR_IED_Jazmin_Ext_d27bda,PUR_IED_Jazmin_Ext_d27bda,,,,,
2026-09-12T00:31:05-05:00,PUR_IED_Jazmin_Fisica_8d14d7,PUR_IED_Jazmin_Fisica_8d14d7,,,,,
2026-09-12T00:31:05-05:00,PUR_IED_Jazmin_Quimica_801cb5,PUR_IED_Jazmin_Quimica_801cb5,,,,,
2026-09-12T00:31:05-05:00,PUR_IED_JorgeGaitan_Exter_f098d1,PUR_IED_JorgeGaitan_Exter_f098d1,,,,,
2026-09-12T00:31:05-05:00,PUR_IED_JorgeGaitan_STec1_dc9d1d,PUR_IED_JorgeGaitan_STec1_dc9d1d,,,,,
2026-09-12T00:31:05-05:00,PUR_IED_JorgeGaitan_STec2_281e69,PUR_IED_JorgeGaitan_STec2_281e69,,,,,
2026-09-12T00:31:05-05:00,PUR_IED_JorgeSoto_Exterio_d9d0a2,PUR_IED_JorgeSoto_Exterio_d9d0a2,,,,,
2026-09-12T00:31:05-05:00,PUR_IED_JorgeSoto_LabFisi_209c54,PUR_IED_JorgeSoto_LabFisi_209c54,,,,,
2026-09-12T00:31:05-05:00,PUR_IED_JorgeSoto_S103_27b51a,PUR_IED_JorgeSoto_S103_27b51a,,,,,
2026-09-12T00:31:05-05:00,PUR_IED_JoseAcevedo_A02_e965eb,PUR_IED_JoseAcevedo_A02_e965eb,,,,,
2026-09-12T00:31:05-05:00,PUR_IED_JoseAcevedo_A07_dd5b4,PUR_IED_JoseAcevedo_A07_dd5b4,,,,,
2026-09-12T00:31:05-05:00,PUR_IED_JoseAcevedo_Ext_b47484,PUR_IED_JoseAcevedo_Ext_b47484,,,,,
2026-09-12T00:31:05-05:00,PUR_IED_JoseMarti_Exte_5b9bf,PUR_IED_JoseMarti_Exte_5b9bf,,,,,
2026-09-12T00:31:05-05:00,PUR_IED_JoseMarti_LabQuim_1c6c2d,PUR_IED_JoseMarti_LabQuim_1c6c2d,,,,,
2026-09-12T00:31:05-05:00,PUR_IED_JoseMarti_S_info_f5f177,PUR_IED_JoseMarti_S_info_f5f177,,,,,
2026-09-12T00:31:05-05:00,PUR_IED_Josejoaquin_Ext_dfc5dc,PUR_IED_Josejoaquin_Ext_dfc5dc,,,,,
2026-09-12T00:31:05-05:00,PUR_IED_Josejoaquin_S05_5b2a96,PUR_IED_Josejoaquin_S05_5b2a96,,,,,
2026-09-12T00:31:05-05:00,PUR_IED_Josejoaquin_S06_1ce7d2,PUR_IED_Josejoaquin_S06_1ce7d2,,,,,
2026-09-12T00:31:05-05:00,PUR_IED_JulioFlorez_Danza_9b82dd,PUR_IED_JulioFlorez_Danza_9b82dd,,,,,
2026-09-12T00:31:05-05:00,PUR_IED_JulioFlorez_Exter_f9f314,PUR_IED_JulioFlorez_Exter_f9f314,,,,,
2026-09-12T00:31:05-05:00,PUR_IED_JulioFlorez_info2_6b6e08,PUR_IED_JulioFlorez_info2_6b6e08,,,,,
2026-09-12T00:31:05-05:00,PUR_IED_LaBelleza_Aula13_1d00d8,PUR_IED_LaBelleza_Aula13_1d00d8,,,,,
2026-09-12T00:31:05-05:00,PUR_IED_LaBelleza_Ext_7bc08c,PUR_IED_LaBelleza_Ext_7bc08c,,,,,
2026-09-12T00:31:05-05:00,PUR_IED_LaChucua_Ext_8cd6d2,PUR_IED_LaChucua_Ext_8cd6d2,,,,,
2026-09-12T00:31:05-05:00,PUR_IED_LaChucua_S15_f578ce,PUR_IED_LaChucua_S15_f578ce,,,,,
2026-09-12T00:31:05-05:00,PUR_IED_LaChucua_S16_eebcf9,PUR_IED_LaChucua_S16_eebcf9,,,,,
2026-09-12T00:31:05-05:00,PUR_IED_LaFelicidad_Ext_fb5109,PUR_IED_LaFelicidad_Ext_fb5109,,,,,
2026-09-12T00:31:05-05:00,PUR_IED_LaMerced_206_66ebd,PUR_IED_LaMerced_206_66ebd,,,,,
2026-09-12T00:31:05-05:00,PUR_IED_LaMerced_207_6ebd6,PUR_IED_LaMerced_207_6ebd6,,,,,
2026-09-12T00:31:05-05:00,PUR_IED_LaMerced_ext_304311,PUR_IED_LaMerced_ext_304311,,,,,
2026-09-12T00:31:05-05:00,PUR_IED_Laureano_CiencNat_281e5e,PUR_IED_Laureano_CiencNat_281e5e,,,,,
2026-09-12T00:31:05-05:00,PUR_IED_Laureano_Comedor_f65c0a,PUR_IED_Laureano_Comedor_f65c0a,,,,,
2026-09-12T00:31:05-05:00,PUR_IED_Laureano_Exterior_7ab011,PUR_IED_Laureano_Exterior_7ab011,,,,,
2026-09-12T00:31:05-05:00,PUR_IED_LeonGreiff_Exte_dfe560,PUR_IED_LeonGreiff_Exte_dfe560,,,,,
2026-09-12T00:31:05-05:00,PUR_IED_LeonGreiff_S210_f264ed,PUR_IED_LeonGreiff_S210_f264ed,,,,,
2026-09-12T00:31:05-05:00,PUR_IED_LeonGreiff_SQuimi_e8296f,PUR_IED_LeonGreiff_SQuimi_e8296f,,,,,
2026-09-12T00:31:05-05:00,PUR_IED_LlanoOrientalS208_7b9fcd,PUR_IED_LlanoOrientalS208_7b9fcd,,,,,
2026-09-12T00:31:05-05:00,PUR_IED_LlanoOriental_Ext_fb3766,PUR_IED_LlanoOriental_Ext_fb3766,,,,,
2026-09-12T00:31:05-05:00,PUR_IED_LlanoOriental_S208_7b9fcd,PUR_IED_LlanoOriental_S208_7b9fcd,,,,,
2026-09-12T00:31:05-05:00,PUR_IED_LlanoOriental_S9_27b378,PUR_IED_LlanoOriental_S9_27b378,,,,,
2026-09-12T00:31:05-05:00,PUR_IED_LosTejares_1101_477602,PUR_IED_LosTejares_1101_477602,,,,,
2026-09-12T00:31:05-05:00,PUR_IED_LosTejares_11_d2c595,PUR_IED_LosTejares_11_d2c595,,,,,
2026-09-12T00:31:05-05:00,PUR_IED_LosTejares_12_477602,PUR_IED_LosTejares_12_477602,,,,,
2026-09-12T00:31:05-05:00,PUR_IED_LosTejares_Ext_8e2115,PUR_IED_LosTejares_Ext_8e2115,,,,,
2026-09-12T00:31:05-05:00,PUR_IED_MagdalenaO_B202_5ddda3,PUR_IED_MagdalenaO_B202_5ddda3,,,,,
2026-09-12T00:31:05-05:00,PUR_IED_MagdalenaO_B205_fb76e8,PUR_IED_MagdalenaO_B205_fb76e8,,,,,
2026-09-12T00:31:05-05:00,PUR_IED_MagdalenaO_ext_dc69cd,PUR_IED_MagdalenaO_ext_dc69cd,,,,,
2026-09-12T00:31:05-05:00,PUR_IED_ManueCepeda_artes_eee956,PUR_IED_ManueCepeda_artes_eee956,,,,,
2026-09-12T00:31:05-05:00,PUR_IED_ManuelCepeda_Ext_58313,PUR_IED_ManuelCepeda_Ext_58313,,,,,
2026-09-12T00:31:05-05:00,PUR_IED_ManuelCepeda_tec_1c5731,PUR_IED_ManuelCepeda_tec_1c5731,,,,,
2026-09-12T00:31:05-05:00,PUR_IED_ManuelS_Exterior_5b269,PUR_IED_ManuelS_Exterior_5b269,,,,,
2026-09-12T00:31:05-05:00,PUR_IED_ManuelS_Inform_f369ce,PUR_IED_ManuelS_Inform_f369ce,,,,,
2026-09-12T00:31:05-05:00,PUR_IED_ManuelS_SArtes_7d15f1,PUR_IED_ManuelS_SArtes_7d15f1,,,,,
2026-09-12T00:31:05-05:00,PUR_IED_ManuelZapata_303_3ca6,PUR_IED_ManuelZapata_303_3ca6,,,,,
2026-09-12T00:31:05-05:00,PUR_IED_ManuelZapata_311_bfbabc,PUR_IED_ManuelZapata_311_bfbabc,,,,,
2026-09-12T00:31:05-05:00,PUR_IED_ManuelZapata_Ext_50824a,PUR_IED_ManuelZapata_Ext_50824a,,,,,
2026-09-12T00:31:05-05:00,PUR_IED_ManuelitaS_Exteri_656a92,PUR_IED_ManuelitaS_Exteri_656a92,,,,,
2026-09-12T00:31:05-05:00,PUR_IED_ManuelitaS_JuzgDe_f58ec3,PUR_IED_ManuelitaS_JuzgDe_f58ec3,,,,,
2026-09-12T00:31:05-05:00,PUR_IED_ManuelitaS_Recrea_d793db,PUR_IED_ManuelitaS_Recrea_d793db,,,,,
2026-09-12T00:31:05-05:00,PUR_IED_MarFidSuarez_Ext_c27b19,PUR_IED_MarFidSuarez_Ext_c27b19,,,,,
2026-09-12T00:31:05-05:00,PUR_IED_MarFidSuarez_Info_e384d7,PUR_IED_MarFidSuarez_Info_e384d7,,,,,
2026-09-12T00:31:05-05:00,PUR_IED_MarFidSuarez_S306_1d0032,PUR_IED_MarFidSuarez_S306_1d0032,,,,,
2026-09-12T00:31:05-05:00,PUR_IED_Menorah_301_2a25a3,PUR_IED_Menorah_301_2a25a3,,,,,
2026-09-12T00:31:05-05:00,PUR_IED_Menorah_306_37ed3,PUR_IED_Menorah_306_37ed3,,,,,
2026-09-12T00:31:05-05:00,PUR_IED_Menorah_Ext_3e155b,PUR_IED_Menorah_Ext_3e155b,,,,,
2026-09-12T00:31:05-05:00,PUR_IED_MinutoB.Aires_A11_1b1604,PUR_IED_MinutoB.Aires_A11_1b1604,,,,,
2026-09-12T00:31:05-05:00,PUR_IED_MinutoB.Aires_A12_fb5860,PUR_IED_MinutoB.Aires_A12_fb5860,,,,,
2026-09-12T00:31:05-05:00,PUR_IED_MinutoB.Aires_Ext_81293f,PUR_IED_MinutoB.Aires_Ext_81293f,,,,,
2026-09-12T00:31:05-05:00,PUR_IED_MinutoBAires_A11_1b1604,PUR_IED_MinutoBAires_A11_1b1604,,,,,
2026-09-12T00:31:05-05:00,PUR_IED_MinutoBAires_A12_fb5860,PUR_IED_MinutoBAires_A12_fb5860,,,,,
2026-09-12T00:31:05-05:00,PUR_IED_MinutoBAires_Ext_81293f,PUR_IED_MinutoBAires_Ext_81293f,,,,,
2026-09-12T00:31:05-05:00,PUR_IED_Montreal_Aula10_1e4959,PUR_IED_Montreal_Aula10_1e4959,,,,,
2026-09-12T00:31:05-05:00,PUR_IED_Montreal_Aula6_300367,PUR_IED_Montreal_Aula6_300367,,,,,
2026-09-12T00:31:05-05:00,PUR_IED_Montreal_Exterior_91a179,PUR_IED_Montreal_Exterior_91a179,,,,,
2026-09-12T00:31:05-05:00,PUR_IED_Mqgdalena_B202_5ddda3,PUR_IED_Mqgdalena_B202_5ddda3,,,,,
2026-09-12T00:31:05-05:00,PUR_IED_NACUND_Soc_dc8728,PUR_IED_NACUND_Soc_dc8728,,,,,
2026-09-12T00:31:05-05:00,PUR_IED_NACUND_ext_27ad97,PUR_IED_NACUND_ext_27ad97,,,,,
2026-09-12T00:31:05-05:00,PUR_IED_NEsperanza_Ext_d24b61,PUR_IED_NEsperanza_Ext_d24b61,,,,,
2026-09-12T00:31:05-05:00,PUR_IED_NEsperanza_SElect_7d1807,PUR_IED_NEsperanza_SElect_7d1807,,,,,
2026-09-12T00:31:05-05:00,PUR_IED_NEsperanza_SLabor_8b2d0a,PUR_IED_NEsperanza_SLabor_8b2d0a,,,,,
2026-09-12T00:31:05-05:00,PUR_IED_NacionesU_Ext_f661a9,PUR_IED_NacionesU_Ext_f661a9,,,,,
2026-09-12T00:31:05-05:00,PUR_IED_NacionesU_Quimica_66f0a,PUR_IED_NacionesU_Quimica_66f0a,,,,,
2026-09-12T00:31:05-05:00,PUR_IED_NacionesU_S306_1b4b3d,PUR_IED_NacionesU_S306_1b4b3d,,,,,
2026-09-12T00:31:05-05:00,PUR_IED_NestorFA_Ext_e4201c,PUR_IED_NestorFA_Ext_e4201c,,,,,
2026-09-12T00:31:05-05:00,PUR_IED_NestorFA_Laborato_f22fe0,PUR_IED_NestorFA_Laborato_f22fe0,,,,,
2026-09-12T00:31:05-05:00,PUR_IED_NestorFA_S204_dee996,PUR_IED_NestorFA_S204_dee996,,,,,
2026-09-12T00:31:05-05:00,PUR_IED_NidyaQT_Aula03_76999b,PUR_IED_NidyaQT_Aula03_76999b,,,,,
2026-09-12T00:31:05-05:00,PUR_IED_NidyaQT_Aula10_56325,PUR_IED_NidyaQT_Aula10_56325,,,,,
2026-09-12T00:31:05-05:00,PUR_IED_NidyaQT_Ext_46e32d,PUR_IED_NidyaQT_Ext_46e32d,,,,,
2026-09-12T00:31:05-05:00,PUR_IED_NuevaCol_Exterior_d9b859,PUR_IED_NuevaCol_Exterior_d9b859,,,,,
2026-09-12T00:31:05-05:00,PUR_IED_NuevaCol_S1101_76c43b,PUR_IED_NuevaCol_S1101_76c43b,,,,,
2026-09-12T00:31:05-05:00,PUR_IED_NuevaCol_S1102_1ce0b5,PUR_IED_NuevaCol_S1102_1ce0b5,,,,,
2026-09-12T00:31:05-05:00,PUR_IED_OEA_A202_f7e3f2,PUR_IED_OEA_A202_f7e3f2,,,,,
2026-09-12T00:31:05-05:00,PUR_IED_OEA_A203_7d1b8d,PUR_IED_OEA_A203_7d1b8d,,,,,
2026-09-12T00:31:05-05:00,PUR_IED_OEA_Ext_27b593,PUR_IED_OEA_Ext_27b593,,,,,
2026-09-12T00:31:05-05:00,PUR_IED_Ochoa_Ext_1c29da,PUR_IED_Ochoa_Ext_1c29da,,,,,
2026-09-12T00:31:05-05:00,PUR_IED_Ochoa_S205_8b1121,PUR_IED_Ochoa_S205_8b1121,,,,,
2026-09-12T00:31:05-05:00,PUR_IED_Ochoa_Sistemas_f33af6,PUR_IED_Ochoa_Sistemas_f33af6,,,,,
2026-09-12T00:31:05-05:00,PUR_IED_PQuebec_Ext_1c67c7,PUR_IED_PQuebec_Ext_1c67c7,,,,,
2026-09-12T00:31:05-05:00,PUR_IED_PQuebec_S15_23e8e2,PUR_IED_PQuebec_S15_23e8e2,,,,,
2026-09-12T00:31:05-05:00,PUR_IED_PQuebec_S16_8ec76b,PUR_IED_PQuebec_S16_8ec76b,,,,,
2026-09-12T00:31:05-05:00,PUR_IED_PabloN_Ext_49dc96,PUR_IED_PabloN_Ext_49dc96,,,,,
2026-09-12T00:31:05-05:00,PUR_IED_PabloN_S1102_4e3df5,PUR_IED_PabloN_S1102_4e3df5,,,,,
2026-09-12T00:31:05-05:00,PUR_IED_PabloN_S1103_50c94b,PUR_IED_PabloN_S1103_50c94b,,,,,
2026-09-12T00:31:05-05:00,PUR_IED_Palestina_S1101_db9198,PUR_IED_Palestina_S1101_db9198,,,,,
2026-09-12T00:31:05-05:00,PUR_IED_Palestina_S1102_dc54fa,PUR_IED_Palestina_S1102_dc54fa,,,,,
2026-09-12T00:31:05-05:00,PUR_IED_Palestina_ext_4ccce6,PUR_IED_Palestina_ext_4ccce6,,,,,
2026-09-12T00:31:05-05:00,PUR_IED_Panama_Fisica_4d0794,PUR_IED_Panama_Fisica_4d0794,,,,,
2026-09-12T00:31:05-05:00,PUR_IED_Panama_SIngles_a4077e,PUR_IED_Panama_SIngles_a4077e,,,,,
2026-09-12T00:31:05-05:00,PUR_IED_Panama_ext_4c54b4,PUR_IED_Panama_ext_4c54b4,,,,,
2026-09-12T00:31:05-05:00,PUR_IED_ParaisoM_Exterior_8cd7f0,PUR_IED_ParaisoM_Exterior_8cd7f0,,,,,
2026-09-12T00:31:05-05:00,PUR_IED_ParaisoM_Laborato_27af35,PUR_IED_ParaisoM_Laborato_27af35,,,,,
2026-09-12T00:31:05-05:00,PUR_IED_ParaisoM_S304_d1edca,PUR_IED_ParaisoM_S304_d1edca,,,,,
2026-09-12T00:31:05-05:00,PUR_IED_PorfirioBarba_Ext_301466,PUR_IED_PorfirioBarba_Ext_301466,,,,,
2026-09-12T00:31:05-05:00,PUR_IED_PorfirioBarba_S11_df6cd2,PUR_IED_PorfirioBarba_S11_df6cd2,,,,,
2026-09-12T00:31:05-05:00,PUR_IED_PorfirioBarba_S29_27a7d6,PUR_IED_PorfirioBarba_S29_27a7d6,,,,,
2026-09-12T00:31:05-05:00,PUR_IED_PradoV_Exter_8b27ad,PUR_IED_PradoV_Exter_8b27ad,,,,,
2026-09-12T00:31:05-05:00,PUR_IED_PradoV_S301_de65b5,PUR_IED_PradoV_S301_de65b5,,,,,
2026-09-12T00:31:05-05:00,PUR_IED_PradoV_S302_7d2593,PUR_IED_PradoV_S302_7d2593,,,,,
2026-09-12T00:31:05-05:00,PUR_IED_QuirogaAlz_Ext_1ddc82,PUR_IED_QuirogaAlz_Ext_1ddc82,,,,,
2026-09-12T00:31:05-05:00,PUR_IED_QuirogaAlz_S302_9926a3,PUR_IED_QuirogaAlz_S302_9926a3,,,,,
2026-09-12T00:31:05-05:00,PUR_IED_QuirogaAlz_S305_cdf1f1,PUR_IED_QuirogaAlz_S305_cdf1f1,,,,,
2026-09-12T00:31:05-05:00,PUR_IED_RGuatemala_Biling_dc53b7,PUR_IED_RGuatemala_Biling_dc53b7,,,,,
2026-09-12T00:31:05-05:00,PUR_IED_RGuatemala_Ext_1b89a3,PUR_IED_RGuatemala_Ext_1b89a3,,,,,
2026-09-12T00:31:05-05:00,PUR_IED_RGuatemala_Tecnol_281a34,PUR_IED_RGuatemala_Tecnol_281a34,,,,,
2026-09-12T00:31:05-05:00,PUR_IED_RafaNu_Ext_f7c302,PUR_IED_RafaNu_Ext_f7c302,,,,,
2026-09-12T00:31:05-05:00,PUR_IED_RafaNu_S1101_25fde,PUR_IED_RafaNu_S1101_25fde,,,,,
2026-09-12T00:31:05-05:00,PUR_IED_RafaNu_S1102_281517,PUR_IED_RafaNu_S1102_281517,,,,,
2026-09-12T00:31:05-05:00,PUR_IED_RafaelB_S305_ee2783,PUR_IED_RafaelB_S305_ee2783,,,,,
2026-09-12T00:31:05-05:00,PUR_IED_RafaelB_S306_75fe33,PUR_IED_RafaelB_S306_75fe33,,,,,
2026-09-12T00:31:05-05:00,PUR_IED_RafaelB_ext_283336,PUR_IED_RafaelB_ext_283336,3,18,58,4.6722,-74.0737
2026-09-12T00:31:05-05:00,PUR_IED_RafaelUU_Exterior_281a51,PUR_IED_RafaelUU_Exterior_281a51,,,,,
2026-09-12T00:31:05-05:00,PUR_IED_RafaelUU_Human_806b2,PUR_IED_RafaelUU_Human_806b2,,,,,
2026-09-12T00:31:05-05:00,PUR_IED_RafaelUU_Mate2_5680d4,PUR_IED_RafaelUU_Mate2_5680d4,,,,,
2026-09-12T00:31:05-05:00,PUR_IED_RamonSub_Ext_f9eeb9,PUR_IED_RamonSub_Ext_f9eeb9,,,,,
2026-09-12T00:31:05-05:00,PUR_IED_RamonSub_Media_d1f62f,PUR_IED_RamonSub_Media_d1f62f,,,,,
2026-09-12T00:31:05-05:00,PUR_IED_RamonSub_planta_51b82,PUR_IED_RamonSub_planta_51b82,,,,,
2026-09-12T00:31:05-05:00,PUR_IED_RepBoliVene_Exter_27af7c,PUR_IED_RepBoliVene_Exter_27af7c,,,,,
2026-09-12T00:31:05-05:00,PUR_IED_RepBoliVene_SCPT_5ae2ee,PUR_IED_RepBoliVene_SCPT_5ae2ee,,,,,
2026-09-12T00:31:05-05:00,PUR_IED_RepBoliVene_Socia_4b11d5,PUR_IED_RepBoliVene_Socia_4b11d5,,,,,
2026-09-12T00:31:05-05:00,PUR_IED_RepChina_Ext_76d9ee,PUR_IED_RepChina_Ext_76d9ee,,,,,
2026-09-12T00:31:05-05:00,PUR_IED_RepChina_S404_7c804c,PUR_IED_RepChina_S404_7c804c,,,,,
2026-09-12T00:31:05-05:00,PUR_IED_RepChina_S405_df2c33,PUR_IED_RepChina_S405_df2c33,,,,,
2026-09-12T00:31:05-05:00,PUR_IED_RepublicaC_Exteri_7d1ec9,PUR_IED_RepublicaC_Exteri_7d1ec9,,,,,
2026-09-12T00:31:05-05:00,PUR_IED_RepublicaC_S1101_f544b3,PUR_IED_RepublicaC_S1101_f544b3,,,,,
2026-09-12T00:31:05-05:00,PUR_IED_RepublicaC_S1102_7aafc7,PUR_IED_RepublicaC_S1102_7aafc7,,,,,
2026-09-12T00:31:05-05:00,PUR_IED_Ricaurte_Externo_a0ea1,PUR_IED_Ricaurte_Externo_a0ea1,,,,,
2026-09-12T00:31:05-05:00,PUR_IED_Ricaurte_S210_f546fd,PUR_IED_Ricaurte_S210_f546fd,,,,,
2026-09-12T00:31:05-05:00,PUR_IED_Ricaurte_S309_d4452,PUR_IED_Ricaurte_S309_d4452,,,,,
2026-09-12T00:31:05-05:00,PUR_IED_RogelioS_1102_531e69,PUR_IED_RogelioS_1102_531e69,,,,,
2026-09-12T00:31:05-05:00,PUR_IED_RogelioS_Ext_f25a18,PUR_IED_RogelioS_Ext_f25a18,,,,,
2026-09-12T00:31:05-05:00,PUR_IED_SBernardino_Ext_27aff8,PUR_IED_SBernardino_Ext_27aff8,,,,,
2026-09-12T00:31:05-05:00,PUR_IED_SBernardino_SArte_2ffd33,PUR_IED_SBernardino_SArte_2ffd33,,,,,
2026-09-12T00:31:05-05:00,PUR_IED_SBernardino_SIngl_7c7da5,PUR_IED_SBernardino_SIngl_7c7da5,,,,,
2026-09-12T00:31:05-05:00,PUR_IED_Sago_auditorio_dc9d1d,PUR_IED_Sago_auditorio_dc9d1d,,,,,
2026-09-12T00:31:05-05:00,PUR_IED_Saludcoop_Ext_95aac3,PUR_IED_Saludcoop_Ext_95aac3,,,,,
2026-09-12T00:31:05-05:00,PUR_IED_Saludcoop_InfI_90c854,PUR_IED_Saludcoop_InfI_90c854,,,,,
2026-09-12T00:31:05-05:00,PUR_IED_Saludcoop_SMedia_1b93be,PUR_IED_Saludcoop_SMedia_1b93be,,,,,
2026-09-12T00:31:05-05:00,PUR_IED_SanCarlos_1101_1a2360,PUR_IED_SanCarlos_1101_1a2360,,,,,
2026-09-12T00:31:05-05:00,PUR_IED_SanCarlos_1103_7bafb5,PUR_IED_SanCarlos_1103_7bafb5,,,,,
2026-09-12T00:31:05-05:00,PUR_IED_SanCarlos_Ext_b7cd1,PUR_IED_SanCarlos_Ext_b7cd1,,,,,
2026-09-12T00:31:05-05:00,PUR_IED_SanIgnacioBosa11a_50c26e,PUR_IED_SanIgnacioBosa11a_50c26e,,,,,
2026-09-12T00:31:05-05:00,PUR_IED_SanIgnacioBosa11b_371de8,PUR_IED_SanIgnacioBosa11b_371de8,,,,,
2026-09-12T00:31:05-05:00,PUR_IED_SanIgnacioBosaExt_ef0ffc,PUR_IED_SanIgnacioBosaExt_ef0ffc,,,,,
2026-09-12T00:31:05-05:00,PUR_IED_SanIgnacioBosa_11a_50c26e,PUR_IED_SanIgnacioBosa_11a_50c26e,,,,,
2026-09-12T00:31:05-05:00,PUR_IED_SanIgnacioBosa_Ext_ef0ffc,PUR_IED_SanIgnacioBosa_Ext_ef0ffc,,,,,
2026-09-12T00:31:05-05:00,PUR_IED_SanJoseN_intS1101_31c47f,PUR_IED_SanJoseN_intS1101_31c47f,,,,,
2026-09-12T00:31:05-05:00,PUR_IED_SanJoseUsm_Exter_f5d7e8,PUR_IED_SanJoseUsm_Exter_f5d7e8,,,,,
2026-09-12T00:31:05-05:00,PUR_IED_SanJoseUsm_Int11A_cfdef6,PUR_IED_SanJoseUsm_Int11A_cfdef6,,,,,
2026-09-12T00:31:05-05:00,PUR_IED_SilveriaR_IntB5_905349,PUR_IED_SilveriaR_IntB5_905349,,,,,
2026-09-12T00:31:05-05:00,PUR_IED_SilveriaR_IntSD14_981f93,PUR_IED_SilveriaR_IntSD14_981f93,,,,,
2026-09-12T00:31:05-05:00,PUR_IED_SilveriaR_ext_2b651d,PUR_IED_SilveriaR_ext_2b651d,,,,,
2026-09-12T00:31:05-05:00,PUR_IED_SimonB_Exterior_913975,PUR_IED_SimonB_Exterior_913975,,,,,
2026-09-12T00:31:05-05:00,PUR_IED_SimonB_LabQuimi_c56908,PUR_IED_SimonB_LabQuimi_c56908,,,,,
2026-09-12T00:31:05-05:00,PUR_IED_SimonB_informatic_a28c1,PUR_IED_SimonB_informatic_a28c1,,,,,
2026-09-12T00:31:05-05:00,PUR_IED_Sorrento_1102_315f50,PUR_IED_Sorrento_1102_315f50,,,,,
2026-09-12T00:31:05-05:00,PUR_IED_Sorrento_Minte_214eab,PUR_IED_Sorrento_Minte_214eab,,,,,
2026-09-12T00:31:05-05:00,PUR_IED_Sorrento_ext_7c3a0a,PUR_IED_Sorrento_ext_7c3a0a,,,,,
2026-09-12T00:31:05-05:00,PUR_IED_Tabora_Ext_f048ae,PUR_IED_Tabora_Ext_f048ae,,,,,
2026-09-12T00:31:05-05:00,PUR_IED_Tabora_S1102_b07752,PUR_IED_Tabora_S1102_b07752,,,,,
2026-09-12T00:31:05-05:00,PUR_IED_Tabora_S1103_d988f5,PUR_IED_Tabora_S1103_d988f5,,,,,
2026-09-12T00:31:05-05:00,PUR_IED_Tenerife_Ext_1ab188,PUR_IED_Tenerife_Ext_1ab188,,,,,
2026-09-12T00:31:05-05:00,PUR_IED_Tenerife_SDanzas_7bc02e,PUR_IED_Tenerife_SDanzas_7bc02e,,,,,
2026-09-12T00:31:05-05:00,PUR_IED_Tenerife_SIngles_7cc277,PUR_IED_Tenerife_SIngles_7cc277,,,,,
2026-09-12T00:31:05-05:00,PUR_IED_Tibabuyes_Exter_f2683d,PUR_IED_Tibabuyes_Exter_f2683d,,,,,
2026-09-12T00:31:05-05:00,PUR_IED_Tibabuyes_S10_dc87a8,PUR_IED_Tibabuyes_S10_dc87a8,,,,,
2026-09-12T00:31:05-05:00,PUR_IED_Tibabuyes_S15_dc0526,PUR_IED_Tibabuyes_S15_dc0526,,,,,
2026-09-12T00:31:05-05:00,PUR_IED_UnionE_S301_a1043,PUR_IED_UnionE_S301_a1043,,,,,
2026-09-12T00:31:05-05:00,PUR_IED_UnionE_S307_ff6c2f,PUR_IED_UnionE_S307_ff6c2f,,,,,
2026-09-12T00:31:05-05:00,PUR_IED_UnionE__Ext_5e2468,PUR_IED_UnionE__Ext_5e2468,,,,,
2026-09-12T00:31:05-05:00,PUR_IED_VillaRica_Ext_75be7c,PUR_IED_VillaRica_Ext_75be7c,,,,,
2026-09-12T00:31:05-05:00,PUR_IED_VillaRica_S4_cc5dcd,PUR_IED_VillaRica_S4_cc5dcd,,,,,
2026-09-12T00:31:05-05:00,PUR_IED_VillaRica_Sesp_99f5c,PUR_IED_VillaRica_Sesp_99f5c,,,,,
2026-09-12T00:36:06-05:00,PUR_IED_20deJulio_1101_91b1b9,PUR_IED_20deJulio_1101_91b1b9,,,,,
2026-09-12T00:36:06-05:00,PUR_IED_20deJulio_1102_1cfcf9,PUR_IED_20deJulio_1102_1cfcf9,,,,,
2026-09-12T00:36:06-05:00,PUR_IED_20deJulio_Ext_ab60bd,PUR_IED_20deJulio_Ext_ab60bd,,,,,
2026-09-12T00:36:06-05:00,PUR_IED_AgustinFer_Ext_7b9b77,PUR_IED_AgustinFer_Ext_7b9b77,,,,,
2026-09-12T00:36:06-05:00,PUR_IED_AgustinFer_Info2_27b3a7,PUR_IED_AgustinFer_Info2_27b3a7,,,,,
2026-09-12T00:36:06-05:00,PUR_IED_AgustinFer_Sena_54b4eb,PUR_IED_AgustinFer_Sena_54b4eb,,,,,
2026-09-12T00:36:06-05:00,PUR_IED_AlexanderF_1102_caf07b,PUR_IED_AlexanderF_1102_caf07b,,,,,
2026-09-12T00:36:06-05:00,PUR_IED_AlexanderF_1103_c79e71,PUR_IED_AlexanderF_1103_c79e71,,,,,
2026-09-12T00:36:06-05:00,PUR_IED_AlexanderF_Ext_c5b18b,PUR_IED_AlexanderF_Ext_c5b18b,,,,,
2026-09-12T00:36:06-05:00,PUR_IED_AlfonsoLopez_Ext_281d77,PUR_IED_AlfonsoLopez_Ext_281d77,,,,,
2026-09-12T00:36:06-05:00,PUR_IED_AlfonsoLopez_LabF_888ce0,PUR_IED_AlfonsoLopez_LabF_888ce0,,,,,
2026-09-12T00:36:06-05:00,PUR_IED_AlfonsoLopez_SMed_df6a7f,PUR_IED_AlfonsoLopez_SMed_df6a7f,,,,,
2026-09-12T00:36:06-05:00,PUR_IED_AltamiraSO_A2_209f92,PUR_IED_AltamiraSO_A2_209f92,,,,,
2026-09-12T00:36:06-05:00,PUR_IED_AltamiraSO_Ext_186d66,PUR_IED_AltamiraSO_Ext_186d66,,,,,
2026-09-12T00:36:06-05:00,PUR_IED_AltamiraSO_Sistem_27afe1,PUR_IED_AltamiraSO_Sistem_27afe1,,,,,
2026-09-12T00:36:06-05:00,PUR_IED_AlvaroGom_LabQuim_813179,PUR_IED_AlvaroGom_LabQuim_813179,,,,,
2026-09-12T00:36:06-05:00,PUR_IED_AlvaroGomez_Ext_47c7ca,PUR_IED_AlvaroGomez_Ext_47c7ca,,,,,
2026-09-12T00:36:06-05:00,PUR_IED_AlvaroGomez_LabQuim_813179,PUR_IED_AlvaroGomez_LabQuim_813179,,,,,
2026-09-12T00:36:06-05:00,PUR_IED_AlvaroGomez_S23_7ba89f,PUR_IED_AlvaroGomez_S23_7ba89f,,,,,
2026-09-12T00:36:06-05:00,PUR_IED_Amistad_306_dc8728,PUR_IED_Amistad_306_dc8728,,,,,
2026-09-12T00:36:06-05:00,PUR_IED_Amistad_Ext_8cd55e,PUR_IED_Amistad_Ext_8cd55e,,,,,
2026-09-12T00:36:06-05:00,PUR_IED_Amistad_S202_a41169,PUR_IED_Amistad_S202_a41169,,,,,
2026-09-12T00:36:06-05:00,PUR_IED_AndresBello_Bio_fd5f5e,PUR_IED_AndresBello_Bio_fd5f5e,,,,,
2026-09-12T00:36:06-05:00,PUR_IED_AndresBello_ext_dcad65,PUR_IED_AndresBello_ext_dcad65,,,,,
2026-09-12T00:36:06-05:00,PUR_IED_AndresBello_port_eed3ec,PUR_IED_AndresBello_port_eed3ec,,,,,
2026-09-12T00:36:06-05:00,PUR_IED_AngelaR_11b_d90a6b,PUR_IED_AngelaR_11b_d90a6b,,,,,
2026-09-12T00:36:06-05:00,PUR_IED_AngelaR_ext_7cad3e,PUR_IED_AngelaR_ext_7cad3e,8,20,59,4.5825,-74.164497
2026-09-12T00:36:06-05:00,PUR_IED_AntJoseSucre_10mo_df2575,PUR_IED_AntJoseSucre_10mo_df2575,,,,,
2026-09-12T00:36:06-05:00,PUR_IED_AntJoseSucre_Ext_215b36,PUR_IED_AntJoseSucre_Ext_215b36,,,,,
2026-09-12T00:36:06-05:00,PUR_IED_AntJoseSucre_Lab_3139de,PUR_IED_AntJoseSucre_Lab_3139de,,,,,
2026-09-12T00:36:06-05:00,PUR_IED_AntonioGarcia_301_d6b188,PUR_IED_AntonioGarcia_301_d6b188,,,,,
2026-09-12T00:36:06-05:00,PUR_IED_AntonioGarcia_302_88a82,PUR_IED_AntonioGarcia_302_88a82,,,,,
2026-09-12T00:36:06-05:00,PUR_IED_AntonioGarcia_Ext_20950c,PUR_IED_AntonioGarcia_Ext_20950c,,,,,
2026-09-12T00:36:06-05:00,PUR_IED_AntonioVan_Aula2_6dea02,PUR_IED_AntonioVan_Aula2_6dea02,,,,,
2026-09-12T00:36:06-05:00,PUR_IED_AntonioVan_Aula5_f1557e,PUR_IED_AntonioVan_Aula5_f1557e,,,,,
2026-09-12T00:36:06-05:00,PUR_IED_AntonioVan_Ext_406f2f,PUR_IED_AntonioVan_Ext_406f2f,,,,,
2026-09-12T00:36:06-05:00,PUR_IED_Atabanzha_Ext_cc5af9,PUR_IED_Atabanzha_Ext_cc5af9,,,,,
2026-09-12T00:36:06-05:00,PUR_IED_Atabanzha_SA101_56c37,PUR_IED_Atabanzha_SA101_56c37,,,,,
2026-09-12T00:36:06-05:00,PUR_IED_Atabanzha_SB302_27b374,PUR_IED_Atabanzha_SB302_27b374,,,,,
2026-09-12T00:36:06-05:00,PUR_IED_Atahualpa_Ext_fc1748,PUR_IED_Atahualpa_Ext_fc1748,,,,,
2026-09-12T00:36:06-05:00,PUR_IED_Atahualpa_Informa_dc9a95,PUR_IED_Atahualpa_Informa_dc9a95,,,,,
2026-09-12T00:36:06-05:00,PUR_IED_Atahualpa_S1101_f98056,PUR_IED_Atahualpa_S1101_f98056,,,,,
2026-09-12T00:36:06-05:00,PUR_IED_Bellavista_Ext_f5aa74,PUR_IED_Bellavista_Ext_f5aa74,,,,,
2026-09-12T00:36:06-05:00,PUR_IED_Bilbao_11A_916c41,PUR_IED_Bilbao_11A_916c41,,,,,
2026-09-12T00:36:06-05:00,PUR_IED_Bilbao_Ext_fb579a,PUR_IED_Bilbao_Ext_fb579a,,,,,
2026-09-12T00:36:06-05:00,PUR_IED_BrasiliaU_A125_304280,PUR_IED_BrasiliaU_A125_304280,,,,,
2026-09-12T00:36:06-05:00,PUR_IED_BrasiliaU_A203_7c8ca5,PUR_IED_BrasiliaU_A203_7c8ca5,,,,,
2026-09-12T00:36:06-05:00,PUR_IED_BrasiliaU_Ext_8d6e9f,PUR_IED_BrasiliaU_Ext_8d6e9f,4,17,63,4.5175,-74.116302
2026-09-12T00:36:06-05:00,PUR_IED_Brasilia_Ext_fe6593,PUR_IED_Brasilia_Ext_fe6593,,,,,
2026-09-12T00:36:06-05:00,PUR_IED_Brasilia_S24_7c130d,PUR_IED_Brasilia_S24_7c130d,,,,,
2026-09-12T00:36:06-05:00,PUR_IED_Brasilia_S501_186a54,PUR_IED_Brasilia_S501_186a54,,,,,
2026-09-12T00:36:06-05:00,PUR_IED_CHARRY_EXT_f1d5cd,PUR_IED_CHARRY_EXT_f1d5cd,,,,,
2026-09-12T00:36:06-05:00,PUR_IED_CHARRY_INTDANZAS_7a08e6,PUR_IED_CHARRY_INTDANZAS_7a08e6,,,,,
2026-09-12T00:36:06-05:00,PUR_IED_CHARRY_INT_AULA20_dc998d,PUR_IED_CHARRY_INT_AULA20_dc998d,,,,,
2026-09-12T00:36:06-05:00,PUR_IED_COLVIV_1101_S25_7f520a,PUR_IED_COLVIV_1101_S25_7f520a,,,,,
2026-09-12T00:36:06-05:00,PUR_IED_COLVIV_1102_S16_f570ba,PUR_IED_COLVIV_1102_S16_f570ba,,,,,
2026-09-12T00:36:06-05:00,PUR_IED_COLVIV_Ext_1a26fa,PUR_IED_COLVIV_Ext_1a26fa,,,,,
2026-09-12T00:36:06-05:00,PUR_IED_CULPOP_301A_f660f3,PUR_IED_CULPOP_301A_f660f3,,,,,
2026-09-12T00:36:06-05:00,PUR_IED_CULPOP_303_568afe,PUR_IED_CULPOP_303_568afe,,,,,
2026-09-12T00:36:06-05:00,PUR_IED_CULPOP_Ext_e02ccb,PUR_IED_CULPOP_Ext_e02ccb,,,,,
2026-09-12T00:36:06-05:00,PUR_IED_CVillavicen_Ext_26eb58,PUR_IED_CVillavicen_Ext_26eb58,4,15,77,4.487,-74.102798
2026-09-12T00:36:06-05:00,PUR_IED_CVillavicen_Intel_1ce5c2,PUR_IED_CVillavicen_Intel_1ce5c2,,,,,
2026-09-12T00:36:06-05:00,PUR_IED_CVillavicen_Poliv_e0766c,PUR_IED_CVillavicen_Poliv_e0766c,,,,,
2026-09-12T00:36:06-05:00,PUR_IED_CVillavicen_int_1ba140,PUR_IED_CVillavicen_int_1ba140,,,,,
2026-09-12T00:36:06-05:00,PUR_IED_CVillavicen_intel_1ba140,PUR_IED_CVillavicen_intel_1ba140,,,,,
2026-09-12T00:36:06-05:00,PUR_IED_CarlosPizarro_Ext_e307cc,PUR_IED_CarlosPizarro_Ext_e307cc,,,,,
2026-09-12T00:36:06-05:00,PUR_IED_CarlosPizarro_L36_7e5cdb,PUR_IED_CarlosPizarro_L36_7e5cdb,,,,,
2026-09-12T00:36:06-05:00,PUR_IED_CarlosPizarro_L37_c8566c,PUR_IED_CarlosPizarro_L37_c8566c,,,,,
2026-09-12T00:36:06-05:00,PUR_IED_Castilla_Ext_cf35f,PUR_IED_Castilla_Ext_cf35f,,,,,
2026-09-12T00:36:06-05:00,PUR_IED_Castilla_SFisik_360e38,PUR_IED_Castilla_SFisik_360e38,,,,,
2026-09-12T00:36:06-05:00,PUR_IED_Castilla_Sc304_496fbf,PUR_IED_Castilla_Sc304_496fbf,,,,,
2026-09-12T00:36:06-05:00,PUR_IED_CervantesSa_Ext_6b57b,PUR_IED_CervantesSa_Ext_6b57b,5,17,69,4.5128,-74.117203
2026-09-12T00:36:06-05:00,PUR_IED_CervantesSa_S107_225c2b,PUR_IED_CervantesSa_S107_225c2b,,,,,
2026-09-12T00:36:06-05:00,PUR_IED_CervantesSa_S108_940925,PUR_IED_CervantesSa_S108_940925,,,,,
2026-09-12T00:36:06-05:00,PUR_IED_Charry_A20_f53e7c,PUR_IED_Charry_A20_f53e7c,,,,,
2026-09-12T00:36:06-05:00,PUR_IED_Charry_Ext_f1d5cd,PUR_IED_Charry_Ext_f1d5cd,,,,,
2026-09-12T00:36:06-05:00,PUR_IED_Charry_IntAula20_dc998d,PUR_IED_Charry_IntAula20_dc998d,,,,,
2026-09-12T00:36:06-05:00,PUR_IED_Charry_IntDanzas_7a08e6,PUR_IED_Charry_IntDanzas_7a08e6,,,,,
2026-09-12T00:36:06-05:00,PUR_IED_ClememciaC_203_43e2fc,PUR_IED_ClememciaC_203_43e2fc,,,,,
2026-09-12T00:36:06-05:00,PUR_IED_ClememciaC_Ext_1b411a,PUR_IED_ClememciaC_Ext_1b411a,,,,,
2026-09-12T00:36:06-05:00,PUR_IED_ClememciaC_Quimic_44b5fc,PUR_IED_ClememciaC_Quimic_44b5fc,,,,,
2026-09-12T00:36:06-05:00,PUR_IED_ClemenciaC_203_43e2fc,PUR_IED_ClemenciaC_203_43e2fc,,,,,
2026-09-12T00:36:06-05:00,PUR_IED_ClemenciaC_Ext_1b411a,PUR_IED_ClemenciaC_Ext_1b411a,,,,,
2026-09-12T00:36:06-05:00,PUR_IED_ClemenciaC_Quimic_44b5fc,PUR_IED_ClemenciaC_Quimic_44b5fc,,,,,
2026-09-12T00:36:06-05:00,PUR_IED_ColViva_1101_S25_7f520a,PUR_IED_ColViva_1101_S25_7f520a,,,,,
2026-09-12T00:36:06-05:00,PUR_IED_ColViva_1102_S16_f570ba,PUR_IED_ColViva_1102_S16_f570ba,,,,,
2026-09-12T00:36:06-05:00,PUR_IED_ColViva_Ext_1a26fa,PUR_IED_ColViva_Ext_1a26fa,,,,,
2026-09-12T00:36:06-05:00,PUR_IED_ColegioBici_Asist_7c8798,PUR_IED_ColegioBici_Asist_7c8798,,,,,
2026-09-12T00:36:06-05:00,PUR_IED_ColegioBici_Ext_25cbf6,PUR_IED_ColegioBici_Ext_25cbf6,,,,,
2026-09-12T00:36:06-05:00,PUR_IED_ColegioBici_LabQ_7b57db,PUR_IED_ColegioBici_LabQ_7b57db,,,,,
2026-09-12T00:36:06-05:00,PUR_IED_CostaRica_Ext_5e640,PUR_IED_CostaRica_Ext_5e640,,,,,
2026-09-12T00:36:06-05:00,PUR_IED_CostaRica_Quim1_766d1c,PUR_IED_CostaRica_Quim1_766d1c,,,,,
2026-09-12T00:36:06-05:00,PUR_IED_CostaRica__Fisica_6f0873,PUR_IED_CostaRica__Fisica_6f0873,,,,,
2026-09-12T00:36:06-05:00,PUR_IED_CulPopu_301A_f660f3,PUR_IED_CulPopu_301A_f660f3,,,,,
2026-09-12T00:36:06-05:00,PUR_IED_CulPopu_303_568afe,PUR_IED_CulPopu_303_568afe,,,,,
2026-09-12T00:36:06-05:00,PUR_IED_CulPopu_Ext_e02ccb,PUR_IED_CulPopu_Ext_e02ccb,,,,,
2026-09-12T00:36:06-05:00,PUR_IED_Cundinamarca_Ext_f15985,PUR_IED_Cundinamarca_Ext_f15985,,,,,
2026-09-12T00:36:06-05:00,PUR_IED_Cundinamarca_Info_7aa5d7,PUR_IED_Cundinamarca_Info_7aa5d7,,,,,
2026-09-12T00:36:06-05:00,PUR_IED_Cundinamarca_Tec2_f449c7,PUR_IED_Cundinamarca_Tec2_f449c7,,,,,
2026-09-12T00:36:06-05:00,PUR_IED_DiegoM_Aula1_27b314,PUR_IED_DiegoM_Aula1_27b314,,,,,
2026-09-12T00:36:06-05:00,PUR_IED_DiegoM_Ext_d80ac8,PUR_IED_DiegoM_Ext_d80ac8,,,,,
2026-09-12T00:36:06-05:00,PUR_IED_DiegoM_S25_da928f,PUR_IED_DiegoM_S25_da928f,,,,,
2026-09-12T00:36:06-05:00,PUR_IED_ELRODEO_360881,PUR_IED_ELRODEO_360881,,,,,
2026-09-12T00:36:06-05:00,PUR_IED_ELRODEO_ext_360881,PUR_IED_ELRODEO_ext_360881,,,,,
2026-09-12T00:36:06-05:00,PUR_IED_EduardoU_Ext_1c1969,PUR_IED_EduardoU_Ext_1c1969,,,,,
2026-09-12T00:36:06-05:00,PUR_IED_EduardoU_SCiencia_4dfb94,PUR_IED_EduardoU_SCiencia_4dfb94,,,,,
2026-09-12T00:36:06-05:00,PUR_IED_EduardoU_SQuimica_5a46e7,PUR_IED_EduardoU_SQuimica_5a46e7,,,,,
2026-09-12T00:36:06-05:00,PUR_IED_ElRodeo_Aula14_676984,PUR_IED_ElRodeo_Aula14_676984,,,,,
2026-09-12T00:36:06-05:00,PUR_IED_ElRodeo_Aula16_2dd35b,PUR_IED_ElRodeo_Aula16_2dd35b,,,,,
2026-09-12T00:36:06-05:00,PUR_IED_ElRodeo_Ext_360881,PUR_IED_ElRodeo_Ext_360881,,,,,
2026-09-12T00:36:06-05:00,PUR_IED_ElRodeo_Exterior_8c6d28,PUR_IED_ElRodeo_Exterior_8c6d28,,,,,
2026-09-12T00:36:06-05:00,PUR_IED_ElRodeo_ext_360881,PUR_IED_ElRodeo_ext_360881,,,,,
2026-09-12T00:36:06-05:00,PUR_IED_EmmaReyes_Ext_987625,PUR_IED_EmmaReyes_Ext_987625,17,21,54,4.6367,-74.1511
2026-09-12T00:36:06-05:00,PUR_IED_Ensueño_Ext_7f0250,PUR_IED_Ensueño_Ext_7f0250,,,,,
2026-09-12T00:36:06-05:00,PUR_IED_EscNormal_Ext_5fef3b,PUR_IED_EscNormal_Ext_5fef3b,2,18,58,4.5852,-74.096901
2026-09-12T00:36:06-05:00,PUR_IED_EscNormal_S309_5b263,PUR_IED_EscNormal_S309_5b263,,,,,
2026-09-12T00:36:06-05:00,PUR_IED_EscNormal_S310_27b3b8,PUR_IED_EscNormal_S310_27b3b8,,,,,
2026-09-12T00:36:06-05:00,PUR_IED_Evangelista_Conta_f6cd4f,PUR_IED_Evangelista_Conta_f6cd4f,,,,,
2026-09-12T00:36:06-05:00,PUR_IED_Evangelista_Cri_5e16a,PUR_IED_Evangelista_Cri_5e16a,,,,,
2026-09-12T00:36:06-05:00,PUR_IED_Evangelista_Exter_754066,PUR_IED_Evangelista_Exter_754066,,,,,
2026-09-12T00:36:06-05:00,PUR_IED_FMiranda_S209_5cc2a3,PUR_IED_FMiranda_S209_5cc2a3,,,,,
2026-09-12T00:36:06-05:00,PUR_IED_FMiranda_S303_19e344,PUR_IED_FMiranda_S303_19e344,,,,,
2026-09-12T00:36:06-05:00,PUR_IED_FMiranda_ext_f53e7c,PUR_IED_FMiranda_ext_f53e7c,,,,,
2026-09-12T00:36:06-05:00,PUR_IED_FabioLozano_Bibli_1cee05,PUR_IED_FabioLozano_Bibli_1cee05,,,,,
2026-09-12T00:36:06-05:00,PUR_IED_FabioLozano_Ext_6ea285,PUR_IED_FabioLozano_Ext_6ea285,,,,,
2026-09-12T00:36:06-05:00,PUR_IED_FabioLozano_SLudi_f09e1e,PUR_IED_FabioLozano_SLudi_f09e1e,,,,,
2026-09-12T00:36:06-05:00,PUR_IED_FaustinoS_Aula07_27a731,PUR_IED_FaustinoS_Aula07_27a731,,,,,
2026-09-12T00:36:06-05:00,PUR_IED_FaustinoS_Ext_7b936f,PUR_IED_FaustinoS_Ext_7b936f,,,,,
2026-09-12T00:36:06-05:00,PUR_IED_FaustinoS_Fisica_da2c60,PUR_IED_FaustinoS_Fisica_da2c60,,,,,
2026-09-12T00:36:06-05:00,PUR_IED_FeGarciaLo_Ext_dc68ee,PUR_IED_FeGarciaLo_Ext_dc68ee,,,,,
2026-09-12T00:36:06-05:00,PUR_IED_FeGarciaLo_SDanza_f70a59,PUR_IED_FeGarciaLo_SDanza_f70a59,,,,,
2026-09-12T00:36:06-05:00,PUR_IED_FeGarciaLo_SMusic_125cdd,PUR_IED_FeGarciaLo_SMusic_125cdd,,,,,
2026-09-12T00:36:06-05:00,PUR_IED_FederalAlema_Exte_50c345,PUR_IED_FederalAlema_Exte_50c345,,,,,
2026-09-12T00:36:06-05:00,PUR_IED_FederalAlema_S31_f18371,PUR_IED_FederalAlema_S31_f18371,,,,,
2026-09-12T00:36:06-05:00,PUR_IED_FederalAlema_S901_a62cd,PUR_IED_FederalAlema_S901_a62cd,,,,,
2026-09-12T00:36:06-05:00,PUR_IED_FilarmonicaS_A5_f35eb1,PUR_IED_FilarmonicaS_A5_f35eb1,,,,,
2026-09-12T00:36:06-05:00,PUR_IED_FilarmonicaS_Ext_8a3bde,PUR_IED_FilarmonicaS_Ext_8a3bde,,,,,
2026-09-12T00:36:06-05:00,PUR_IED_FilarmonicaS_Spol_406114,PUR_IED_FilarmonicaS_Spol_406114,,,,,
2026-09-12T00:36:06-05:00,PUR_IED_FlorentinoG_A13_d1fa59,PUR_IED_FlorentinoG_A13_d1fa59,,,,,
2026-09-12T00:36:06-05:00,PUR_IED_FlorentinoG_Ext_1ce6ce,PUR_IED_FlorentinoG_Ext_1ce6ce,,,,,
2026-09-12T00:36:06-05:00,PUR_IED_FlorentinoG_Idiom_a66aac,PUR_IED_FlorentinoG_Idiom_a66aac,,,,,
2026-09-12T00:36:06-05:00,PUR_IED_FranciscoMati_Ext_e3869d,PUR_IED_FranciscoMati_Ext_e3869d,,,,,
2026-09-12T00:36:06-05:00,PUR_IED_FranciscoMati_S13_f31c67,PUR_IED_FranciscoMati_S13_f31c67,,,,,
2026-09-12T00:36:06-05:00,PUR_IED_FranciscoMati_S14_97dead,PUR_IED_FranciscoMati_S14_97dead,,,,,
2026-09-12T00:36:06-05:00,PUR_IED_FranciscoPS_Ext_7bfa9a,PUR_IED_FranciscoPS_Ext_7bfa9a,6,20,58,4.5899,-74.110397
2026-09-12T00:36:06-05:00,PUR_IED_FranciscoPS_Infor_fb8f4c,PUR_IED_FranciscoPS_Infor_fb8f4c,,,,,
2026-09-12T00:36:06-05:00,PUR_IED_FranciscoPS_Quimi_94d39c,PUR_IED_FranciscoPS_Quimi_94d39c,,,,,
2026-09-12T00:36:06-05:00,PUR_IED_FranciscoP_LabQ_d7e148,PUR_IED_FranciscoP_LabQ_d7e148,,,,,
2026-09-12T00:36:06-05:00,PUR_IED_FranciscoP_S28_cf9b30,PUR_IED_FranciscoP_S28_cf9b30,,,,,
2026-09-12T00:36:06-05:00,PUR_IED_FranciscoP_ext_e2313,PUR_IED_FranciscoP_ext_e2313,,,,,
2026-09-12T00:36:06-05:00,PUR_IED_FriederichN_Ext_8ac92a,PUR_IED_FriederichN_Ext_8ac92a,,,,,
2026-09-12T00:36:06-05:00,PUR_IED_FriederichN_S301_dd7e5a,PUR_IED_FriederichN_S301_dd7e5a,,,,,
2026-09-12T00:36:06-05:00,PUR_IED_FriederichN_S308_761f4f,PUR_IED_FriederichN_S308_761f4f,,,,,
2026-09-12T00:36:06-05:00,PUR_IED_GSantander_Aula10_533dd7,PUR_IED_GSantander_Aula10_533dd7,,,,,
2026-09-12T00:36:06-05:00,PUR_IED_GSantander_Aula12_fd4e4f,PUR_IED_GSantander_Aula12_fd4e4f,,,,,
2026-09-12T00:36:06-05:00,PUR_IED_GSantander_Aula310_533dd7,PUR_IED_GSantander_Aula310_533dd7,,,,,
2026-09-12T00:36:06-05:00,PUR_IED_GSantander_Aula312_fd4e4f,PUR_IED_GSantander_Aula312_fd4e4f,,,,,
2026-09-12T00:36:06-05:00,PUR_IED_GSantander_Ext_5f66b0,PUR_IED_GSantander_Ext_5f66b0,,,,,
2026-09-12T00:36:06-05:00,PUR_IED_GYomasa_Ext_f6bea5,PUR_IED_GYomasa_Ext_f6bea5,,,,,
2026-09-12T00:36:06-05:00,PUR_IED_GYomasa_LBiol_2c41aa,PUR_IED_GYomasa_LBiol_2c41aa,,,,,
2026-09-12T00:36:06-05:00,PUR_IED_GYomasa_LQuim_33c80,PUR_IED_GYomasa_LQuim_33c80,,,,,
2026-09-12T00:36:06-05:00,PUR_IED_GabBetMejia_Cienc_5a99c,PUR_IED_GabBetMejia_Cienc_5a99c,,,,,
2026-09-12T00:36:06-05:00,PUR_IED_GabBetMejia_Ext_9153d0,PUR_IED_GabBetMejia_Ext_9153d0,,,,,
2026-09-12T00:36:06-05:00,PUR_IED_GabBetMejia_Lab_f55347,PUR_IED_GabBetMejia_Lab_f55347,,,,,
2026-09-12T00:36:06-05:00,PUR_IED_GabBetanMejia_Ext_9153d0,PUR_IED_GabBetanMejia_Ext_9153d0,,,,,
2026-09-12T00:36:06-05:00,PUR_IED_Gaitana_Aula13_7aac11,PUR_IED_Gaitana_Aula13_7aac11,,,,,
2026-09-12T00:36:06-05:00,PUR_IED_Gaitana_Ext_5fcf4,PUR_IED_Gaitana_Ext_5fcf4,,,,,
2026-09-12T00:36:06-05:00,PUR_IED_Gaitana_LabFisica_644448,PUR_IED_Gaitana_LabFisica_644448,,,,,
2026-09-12T00:36:06-05:00,PUR_IED_GenSantander_Dise_8ac858,PUR_IED_GenSantander_Dise_8ac858,,,,,
2026-09-12T00:36:06-05:00,PUR_IED_GenSantander_Ext_8d5dfe,PUR_IED_GenSantander_Ext_8d5dfe,,,,,
2026-09-12T00:36:06-05:00,PUR_IED_GenSantander_Info_6c25b,PUR_IED_GenSantander_Info_6c25b,,,,,
2026-09-12T00:36:06-05:00,PUR_IED_GustavoMo_Exterio_75e63d,PUR_IED_GustavoMo_Exterio_75e63d,,,,,
2026-09-12T00:36:06-05:00,PUR_IED_GustavoMo_LabFisi_224d37,PUR_IED_GustavoMo_LabFisi_224d37,,,,,
2026-09-12T00:36:06-05:00,PUR_IED_GustavoMo_S208_3e6918,PUR_IED_GustavoMo_S208_3e6918,,,,,
2026-09-12T00:36:06-05:00,PUR_IED_GustavoR_A02_8cd4a8,PUR_IED_GustavoR_A02_8cd4a8,,,,,
2026-09-12T00:36:06-05:00,PUR_IED_GustavoR_B11_5b0ed,PUR_IED_GustavoR_B11_5b0ed,,,,,
2026-09-12T00:36:06-05:00,PUR_IED_GustavoR_Ext_7a0c90,PUR_IED_GustavoR_Ext_7a0c90,,,,,
2026-09-12T00:36:06-05:00,PUR_IED_HernandoDuran_Ext_8cd82b,PUR_IED_HernandoDuran_Ext_8cd82b,,,,,
2026-09-12T00:36:06-05:00,PUR_IED_HernandoDuran_S24_2772c6,PUR_IED_HernandoDuran_S24_2772c6,,,,,
2026-09-12T00:36:06-05:00,PUR_IED_HernandoDuran_S30_f2de41,PUR_IED_HernandoDuran_S30_f2de41,,,,,
2026-09-12T00:36:06-05:00,PUR_IED_HolguInUr_S1101_8cd732,PUR_IED_HolguInUr_S1101_8cd732,,,,,
2026-09-12T00:36:06-05:00,PUR_IED_HolguinUr_Exter_ddae6d,PUR_IED_HolguinUr_Exter_ddae6d,,,,,
2026-09-12T00:36:06-05:00,PUR_IED_HolguinUr_LabQuim_92b952,PUR_IED_HolguinUr_LabQuim_92b952,,,,,
2026-09-12T00:36:06-05:00,PUR_IED_Isabel-II_Ext_5245cc,PUR_IED_Isabel-II_Ext_5245cc,12,18,61,4.6336,-74.153
2026-09-12T00:36:06-05:00,PUR_IED_Isabel-II_S_idiom_1c29aa,PUR_IED_Isabel-II_S_idiom_1c29aa,,,,,
2026-09-12T00:36:06-05:00,PUR_IED_Isabel-II_S_infor_fd741,PUR_IED_Isabel-II_S_infor_fd741,,,,,
2026-09-12T00:36:06-05:00,PUR_IED_IsidroSur_Exterio_5b90ea,PUR_IED_IsidroSur_Exterio_5b90ea,,,,,
2026-09-12T00:36:06-05:00,PUR_IED_IsidroSur_LabTec_56697a,PUR_IED_IsidroSur_LabTec_56697a,,,,,
2026-09-12T00:36:06-05:00,PUR_IED_IsidroSur_Robotic_b7c38f,PUR_IED_IsidroSur_Robotic_b7c38f,,,,,
2026-09-12T00:36:06-05:00,PUR_IED_IsmaelPerd_Ext_7b6672,PUR_IED_IsmaelPerd_Ext_7b6672,,,,,
2026-09-12T00:36:06-05:00,PUR_IED_IsmaelPerd_Inform_306540,PUR_IED_IsmaelPerd_Inform_306540,,,,,
2026-09-12T00:36:06-05:00,PUR_IED_IsmaelPerd_S30_2e2c83,PUR_IED_IsmaelPerd_S30_2e2c83,,,,,
2026-09-12T00:36:06-05:00,PUR_IED_JLozano_Exter_432910,PUR_IED_JLozano_Exter_432910,,,,,
2026-09-12T00:36:06-05:00,PUR_IED_JLozano_salaMulti_df5125,PUR_IED_JLozano_salaMulti_df5125,,,,,
2026-09-12T00:36:06-05:00,PUR_IED_JMCordoba_206_86f80b,PUR_IED_JMCordoba_206_86f80b,,,,,
2026-09-12T00:36:06-05:00,PUR_IED_JMCordoba_Ext_27ad97,PUR_IED_JMCordoba_Ext_27ad97,,,,,
2026-09-12T00:36:06-05:00,PUR_IED_JMCordoba_S310_d59ab4,PUR_IED_JMCordoba_S310_d59ab4,,,,,
2026-09-12T00:36:06-05:00,PUR_IED_Japon_Ext_549100,PUR_IED_Japon_Ext_549100,,,,,
2026-09-12T00:36:06-05:00,PUR_IED_Japon_Laboratorio_bec51d,PUR_IED_Japon_Laboratorio_bec51d,,,,,
2026-09-12T00:36:06-05:00,PUR_IED_Japon_informatica_d99327,PUR_IED_Japon_informatica_d99327,,,,,
2026-09-12T00:36:06-05:00,PUR_IED_Jazmin_Ext_d27bda,PUR_IED_Jazmin_Ext_d27bda,,,,,
2026-09-12T00:36:06-05:00,PUR_IED_Jazmin_Fisica_8d14d7,PUR_IED_Jazmin_Fisica_8d14d7,,,,,
2026-09-12T00:36:06-05:00,PUR_IED_Jazmin_Quimica_801cb5,PUR_IED_Jazmin_Quimica_801cb5,,,,,
2026-09-12T00:36:06-05:00,PUR_IED_JorgeGaitan_Exter_f098d1,PUR_IED_JorgeGaitan_Exter_f098d1,,,,,
2026-09-12T00:36:06-05:00,PUR_IED_JorgeGaitan_STec1_dc9d1d,PUR_IED_JorgeGaitan_STec1_dc9d1d,,,,,
2026-09-12T00:36:06-05:00,PUR_IED_JorgeGaitan_STec2_281e69,PUR_IED_JorgeGaitan_STec2_281e69,,,,,
2026-09-12T00:36:06-05:00,PUR_IED_JorgeSoto_Exterio_d9d0a2,PUR_IED_JorgeSoto_Exterio_d9d0a2,,,,,
2026-09-12T00:36:06-05:00,PUR_IED_JorgeSoto_LabFisi_209c54,PUR_IED_JorgeSoto_LabFisi_209c54,,,,,
2026-09-12T00:36:06-05:00,PUR_IED_JorgeSoto_S103_27b51a,PUR_IED_JorgeSoto_S103_27b51a,,,,,
2026-09-12T00:36:06-05:00,PUR_IED_JoseAcevedo_A02_e965eb,PUR_IED_JoseAcevedo_A02_e965eb,,,,,
2026-09-12T00:36:06-05:00,PUR_IED_JoseAcevedo_A07_dd5b4,PUR_IED_JoseAcevedo_A07_dd5b4,,,,,
2026-09-12T00:36:06-05:00,PUR_IED_JoseAcevedo_Ext_b47484,PUR_IED_JoseAcevedo_Ext_b47484,,,,,
2026-09-12T00:36:06-05:00,PUR_IED_JoseMarti_Exte_5b9bf,PUR_IED_JoseMarti_Exte_5b9bf,,,,,
2026-09-12T00:36:06-05:00,PUR_IED_JoseMarti_LabQuim_1c6c2d,PUR_IED_JoseMarti_LabQuim_1c6c2d,,,,,
2026-09-12T00:36:06-05:00,PUR_IED_JoseMarti_S_info_f5f177,PUR_IED_JoseMarti_S_info_f5f177,,,,,
2026-09-12T00:36:06-05:00,PUR_IED_Josejoaquin_Ext_dfc5dc,PUR_IED_Josejoaquin_Ext_dfc5dc,,,,,
2026-09-12T00:36:06-05:00,PUR_IED_Josejoaquin_S05_5b2a96,PUR_IED_Josejoaquin_S05_5b2a96,,,,,
2026-09-12T00:36:06-05:00,PUR_IED_Josejoaquin_S06_1ce7d2,PUR_IED_Josejoaquin_S06_1ce7d2,,,,,
2026-09-12T00:36:06-05:00,PUR_IED_JulioFlorez_Danza_9b82dd,PUR_IED_JulioFlorez_Danza_9b82dd,,,,,
2026-09-12T00:36:06-05:00,PUR_IED_JulioFlorez_Exter_f9f314,PUR_IED_JulioFlorez_Exter_f9f314,,,,,
2026-09-12T00:36:06-05:00,PUR_IED_JulioFlorez_info2_6b6e08,PUR_IED_JulioFlorez_info2_6b6e08,,,,,
2026-09-12T00:36:06-05:00,PUR_IED_LaBelleza_Aula13_1d00d8,PUR_IED_LaBelleza_Aula13_1d00d8,,,,,
2026-09-12T00:36:06-05:00,PUR_IED_LaBelleza_Ext_7bc08c,PUR_IED_LaBelleza_Ext_7bc08c,,,,,
2026-09-12T00:36:06-05:00,PUR_IED_LaChucua_Ext_8cd6d2,PUR_IED_LaChucua_Ext_8cd6d2,,,,,
2026-09-12T00:36:06-05:00,PUR_IED_LaChucua_S15_f578ce,PUR_IED_LaChucua_S15_f578ce,,,,,
2026-09-12T00:36:06-05:00,PUR_IED_LaChucua_S16_eebcf9,PUR_IED_LaChucua_S16_eebcf9,,,,,
2026-09-12T00:36:06-05:00,PUR_IED_LaFelicidad_Ext_fb5109,PUR_IED_LaFelicidad_Ext_fb5109,,,,,
2026-09-12T00:36:06-05:00,PUR_IED_LaMerced_206_66ebd,PUR_IED_LaMerced_206_66ebd,,,,,
2026-09-12T00:36:06-05:00,PUR_IED_LaMerced_207_6ebd6,PUR_IED_LaMerced_207_6ebd6,,,,,
2026-09-12T00:36:06-05:00,PUR_IED_LaMerced_ext_304311,PUR_IED_LaMerced_ext_304311,,,,,
2026-09-12T00:36:06-05:00,PUR_IED_Laureano_CiencNat_281e5e,PUR_IED_Laureano_CiencNat_281e5e,,,,,
2026-09-12T00:36:06-05:00,PUR_IED_Laureano_Comedor_f65c0a,PUR_IED_Laureano_Comedor_f65c0a,,,,,
2026-09-12T00:36:06-05:00,PUR_IED_Laureano_Exterior_7ab011,PUR_IED_Laureano_Exterior_7ab011,,,,,
2026-09-12T00:36:06-05:00,PUR_IED_LeonGreiff_Exte_dfe560,PUR_IED_LeonGreiff_Exte_dfe560,,,,,
2026-09-12T00:36:06-05:00,PUR_IED_LeonGreiff_S210_f264ed,PUR_IED_LeonGreiff_S210_f264ed,,,,,
2026-09-12T00:36:06-05:00,PUR_IED_LeonGreiff_SQuimi_e8296f,PUR_IED_LeonGreiff_SQuimi_e8296f,,,,,
2026-09-12T00:36:06-05:00,PUR_IED_LlanoOrientalS208_7b9fcd,PUR_IED_LlanoOrientalS208_7b9fcd,,,,,
2026-09-12T00:36:06-05:00,PUR_IED_LlanoOriental_Ext_fb3766,PUR_IED_LlanoOriental_Ext_fb3766,,,,,
2026-09-12T00:36:06-05:00,PUR_IED_LlanoOriental_S208_7b9fcd,PUR_IED_LlanoOriental_S208_7b9fcd,,,,,
2026-09-12T00:36:06-05:00,PUR_IED_LlanoOriental_S9_27b378,PUR_IED_LlanoOriental_S9_27b378,,,,,
2026-09-12T00:36:06-05:00,PUR_IED_LosTejares_1101_477602,PUR_IED_LosTejares_1101_477602,,,,,
2026-09-12T00:36:06-05:00,PUR_IED_LosTejares_11_d2c595,PUR_IED_LosTejares_11_d2c595,,,,,
2026-09-12T00:36:06-05:00,PUR_IED_LosTejares_12_477602,PUR_IED_LosTejares_12_477602,,,,,
2026-09-12T00:36:06-05:00,PUR_IED_LosTejares_Ext_8e2115,PUR_IED_LosTejares_Ext_8e2115,,,,,
2026-09-12T00:36:06-05:00,PUR_IED_MagdalenaO_B202_5ddda3,PUR_IED_MagdalenaO_B202_5ddda3,,,,,
2026-09-12T00:36:06-05:00,PUR_IED_MagdalenaO_B205_fb76e8,PUR_IED_MagdalenaO_B205_fb76e8,,,,,
2026-09-12T00:36:06-05:00,PUR_IED_MagdalenaO_ext_dc69cd,PUR_IED_MagdalenaO_ext_dc69cd,,,,,
2026-09-12T00:36:06-05:00,PUR_IED_ManueCepeda_artes_eee956,PUR_IED_ManueCepeda_artes_eee956,,,,,
2026-09-12T00:36:06-05:00,PUR_IED_ManuelCepeda_Ext_58313,PUR_IED_ManuelCepeda_Ext_58313,,,,,
2026-09-12T00:36:06-05:00,PUR_IED_ManuelCepeda_tec_1c5731,PUR_IED_ManuelCepeda_tec_1c5731,,,,,
2026-09-12T00:36:06-05:00,PUR_IED_ManuelS_Exterior_5b269,PUR_IED_ManuelS_Exterior_5b269,,,,,
2026-09-12T00:36:06-05:00,PUR_IED_ManuelS_Inform_f369ce,PUR_IED_ManuelS_Inform_f369ce,,,,,
2026-09-12T00:36:06-05:00,PUR_IED_ManuelS_SArtes_7d15f1,PUR_IED_ManuelS_SArtes_7d15f1,,,,,
2026-09-12T00:36:06-05:00,PUR_IED_ManuelZapata_303_3ca6,PUR_IED_ManuelZapata_303_3ca6,,,,,
2026-09-12T00:36:06-05:00,PUR_IED_ManuelZapata_311_bfbabc,PUR_IED_ManuelZapata_311_bfbabc,,,,,
2026-09-12T00:36:06-05:00,PUR_IED_ManuelZapata_Ext_50824a,PUR_IED_ManuelZapata_Ext_50824a,,,,,
2026-09-12T00:36:06-05:00,PUR_IED_ManuelitaS_Exteri_656a92,PUR_IED_ManuelitaS_Exteri_656a92,,,,,
2026-09-12T00:36:06-05:00,PUR_IED_ManuelitaS_JuzgDe_f58ec3,PUR_IED_ManuelitaS_JuzgDe_f58ec3,,,,,
2026-09-12T00:36:06-05:00,PUR_IED_ManuelitaS_Recrea_d793db,PUR_IED_ManuelitaS_Recrea_d793db,,,,,
2026-09-12T00:36:06-05:00,PUR_IED_MarFidSuarez_Ext_c27b19,PUR_IED_MarFidSuarez_Ext_c27b19,,,,,
2026-09-12T00:36:06-05:00,PUR_IED_MarFidSuarez_Info_e384d7,PUR_IED_MarFidSuarez_Info_e384d7,,,,,
2026-09-12T00:36:06-05:00,PUR_IED_MarFidSuarez_S306_1d0032,PUR_IED_MarFidSuarez_S306_1d0032,,,,,
2026-09-12T00:36:06-05:00,PUR_IED_Menorah_301_2a25a3,PUR_IED_Menorah_301_2a25a3,,,,,
2026-09-12T00:36:06-05:00,PUR_IED_Menorah_306_37ed3,PUR_IED_Menorah_306_37ed3,,,,,
2026-09-12T00:36:06-05:00,PUR_IED_Menorah_Ext_3e155b,PUR_IED_Menorah_Ext_3e155b,,,,,
2026-09-12T00:36:06-05:00,PUR_IED_MinutoB.Aires_A11_1b1604,PUR_IED_MinutoB.Aires_A11_1b1604,,,,,
2026-09-12T00:36:06-05:00,PUR_IED_MinutoB.Aires_A12_fb5860,PUR_IED_MinutoB.Aires_A12_fb5860,,,,,
2026-09-12T00:36:06-05:00,PUR_IED_MinutoB.Aires_Ext_81293f,PUR_IED_MinutoB.Aires_Ext_81293f,,,,,
2026-09-12T00:36:06-05:00,PUR_IED_MinutoBAires_A11_1b1604,PUR_IED_MinutoBAires_A11_1b1604,,,,,
2026-09-12T00:36:06-05:00,PUR_IED_MinutoBAires_A12_fb5860,PUR_IED_MinutoBAires_A12_fb5860,,,,,
2026-09-12T00:36:06-05:00,PUR_IED_MinutoBAires_Ext_81293f,PUR_IED_MinutoBAires_Ext_81293f,,,,,
2026-09-12T00:36:06-05:00,PUR_IED_Montreal_Aula10_1e4959,PUR_IED_Montreal_Aula10_1e4959,,,,,
2026-09-12T00:36:06-05:00,PUR_IED_Montreal_Aula6_300367,PUR_IED_Montreal_Aula6_300367,,,,,
2026-09-12T00:36:06-05:00,PUR_IED_Montreal_Exterior_91a179,PUR_IED_Montreal_Exterior_91a179,,,,,
2026-09-12T00:36:06-05:00,PUR_IED_Mqgdalena_B202_5ddda3,PUR_IED_Mqgdalena_B202_5ddda3,,,,,
2026-09-12T00:36:06-05:00,PUR_IED_NACUND_Soc_dc8728,PUR_IED_NACUND_Soc_dc8728,,,,,
2026-09-12T00:36:06-05:00,PUR_IED_NACUND_ext_27ad97,PUR_IED_NACUND_ext_27ad97,,,,,
2026-09-12T00:36:06-05:00,PUR_IED_NEsperanza_Ext_d24b61,PUR_IED_NEsperanza_Ext_d24b61,,,,,
2026-09-12T00:36:06-05:00,PUR_IED_NEsperanza_SElect_7d1807,PUR_IED_NEsperanza_SElect_7d1807,,,,,
2026-09-12T00:36:06-05:00,PUR_IED_NEsperanza_SLabor_8b2d0a,PUR_IED_NEsperanza_SLabor_8b2d0a,,,,,
2026-09-12T00:36:06-05:00,PUR_IED_NacionesU_Ext_f661a9,PUR_IED_NacionesU_Ext_f661a9,,,,,
2026-09-12T00:36:06-05:00,PUR_IED_NacionesU_Quimica_66f0a,PUR_IED_NacionesU_Quimica_66f0a,,,,,
2026-09-12T00:36:06-05:00,PUR_IED_NacionesU_S306_1b4b3d,PUR_IED_NacionesU_S306_1b4b3d,,,,,
2026-09-12T00:36:06-05:00,PUR_IED_NestorFA_Ext_e4201c,PUR_IED_NestorFA_Ext_e4201c,,,,,
2026-09-12T00:36:06-05:00,PUR_IED_NestorFA_Laborato_f22fe0,PUR_IED_NestorFA_Laborato_f22fe0,,,,,
2026-09-12T00:36:06-05:00,PUR_IED_NestorFA_S204_dee996,PUR_IED_NestorFA_S204_dee996,,,,,
2026-09-12T00:36:06-05:00,PUR_IED_NidyaQT_Aula03_76999b,PUR_IED_NidyaQT_Aula03_76999b,,,,,
2026-09-12T00:36:06-05:00,PUR_IED_NidyaQT_Aula10_56325,PUR_IED_NidyaQT_Aula10_56325,,,,,
2026-09-12T00:36:06-05:00,PUR_IED_NidyaQT_Ext_46e32d,PUR_IED_NidyaQT_Ext_46e32d,,,,,
2026-09-12T00:36:06-05:00,PUR_IED_NuevaCol_Exterior_d9b859,PUR_IED_NuevaCol_Exterior_d9b859,,,,,
2026-09-12T00:36:06-05:00,PUR_IED_NuevaCol_S1101_76c43b,PUR_IED_NuevaCol_S1101_76c43b,,,,,
2026-09-12T00:36:06-05:00,PUR_IED_NuevaCol_S1102_1ce0b5,PUR_IED_NuevaCol_S1102_1ce0b5,,,,,
2026-09-12T00:36:06-05:00,PUR_IED_OEA_A202_f7e3f2,PUR_IED_OEA_A202_f7e3f2,,,,,
2026-09-12T00:36:06-05:00,PUR_IED_OEA_A203_7d1b8d,PUR_IED_OEA_A203_7d1b8d,,,,,
2026-09-12T00:36:06-05:00,PUR_IED_OEA_Ext_27b593,PUR_IED_OEA_Ext_27b593,,,,,
2026-09-12T00:36:06-05:00,PUR_IED_Ochoa_Ext_1c29da,PUR_IED_Ochoa_Ext_1c29da,,,,,
2026-09-12T00:36:06-05:00,PUR_IED_Ochoa_S205_8b1121,PUR_IED_Ochoa_S205_8b1121,,,,,
2026-09-12T00:36:06-05:00,PUR_IED_Ochoa_Sistemas_f33af6,PUR_IED_Ochoa_Sistemas_f33af6,,,,,
2026-09-12T00:36:06-05:00,PUR_IED_PQuebec_Ext_1c67c7,PUR_IED_PQuebec_Ext_1c67c7,,,,,
2026-09-12T00:36:06-05:00,PUR_IED_PQuebec_S15_23e8e2,PUR_IED_PQuebec_S15_23e8e2,,,,,
2026-09-12T00:36:06-05:00,PUR_IED_PQuebec_S16_8ec76b,PUR_IED_PQuebec_S16_8ec76b,,,,,
2026-09-12T00:36:06-05:00,PUR_IED_PabloN_Ext_49dc96,PUR_IED_PabloN_Ext_49dc96,,,,,
2026-09-12T00:36:06-05:00,PUR_IED_PabloN_S1102_4e3df5,PUR_IED_PabloN_S1102_4e3df5,,,,,
2026-09-12T00:36:06-05:00,PUR_IED_PabloN_S1103_50c94b,PUR_IED_PabloN_S1103_50c94b,,,,,
2026-09-12T00:36:06-05:00,PUR_IED_Palestina_S1101_db9198,PUR_IED_Palestina_S1101_db9198,,,,,
2026-09-12T00:36:06-05:00,PUR_IED_Palestina_S1102_dc54fa,PUR_IED_Palestina_S1102_dc54fa,,,,,
2026-09-12T00:36:06-05:00,PUR_IED_Palestina_ext_4ccce6,PUR_IED_Palestina_ext_4ccce6,,,,,
2026-09-12T00:36:06-05:00,PUR_IED_Panama_Fisica_4d0794,PUR_IED_Panama_Fisica_4d0794,,,,,
2026-09-12T00:36:06-05:00,PUR_IED_Panama_SIngles_a4077e,PUR_IED_Panama_SIngles_a4077e,,,,,
2026-09-12T00:36:06-05:00,PUR_IED_Panama_ext_4c54b4,PUR_IED_Panama_ext_4c54b4,,,,,
2026-09-12T00:36:06-05:00,PUR_IED_ParaisoM_Exterior_8cd7f0,PUR_IED_ParaisoM_Exterior_8cd7f0,,,,,
2026-09-12T00:36:06-05:00,PUR_IED_ParaisoM_Laborato_27af35,PUR_IED_ParaisoM_Laborato_27af35,,,,,
2026-09-12T00:36:06-05:00,PUR_IED_ParaisoM_S304_d1edca,PUR_IED_ParaisoM_S304_d1edca,,,,,
2026-09-12T00:36:06-05:00,PUR_IED_PorfirioBarba_Ext_301466,PUR_IED_PorfirioBarba_Ext_301466,,,,,
2026-09-12T00:36:06-05:00,PUR_IED_PorfirioBarba_S11_df6cd2,PUR_IED_PorfirioBarba_S11_df6cd2,,,,,
2026-09-12T00:36:06-05:00,PUR_IED_PorfirioBarba_S29_27a7d6,PUR_IED_PorfirioBarba_S29_27a7d6,,,,,
2026-09-12T00:36:06-05:00,PUR_IED_PradoV_Exter_8b27ad,PUR_IED_PradoV_Exter_8b27ad,,,,,
2026-09-12T00:36:06-05:00,PUR_IED_PradoV_S301_de65b5,PUR_IED_PradoV_S301_de65b5,,,,,
2026-09-12T00:36:06-05:00,PUR_IED_PradoV_S302_7d2593,PUR_IED_PradoV_S302_7d2593,,,,,
2026-09-12T00:36:06-05:00,PUR_IED_QuirogaAlz_Ext_1ddc82,PUR_IED_QuirogaAlz_Ext_1ddc82,,,,,
2026-09-12T00:36:06-05:00,PUR_IED_QuirogaAlz_S302_9926a3,PUR_IED_QuirogaAlz_S302_9926a3,,,,,
2026-09-12T00:36:06-05:00,PUR_IED_QuirogaAlz_S305_cdf1f1,PUR_IED_QuirogaAlz_S305_cdf1f1,,,,,
2026-09-12T00:36:06-05:00,PUR_IED_RGuatemala_Biling_dc53b7,PUR_IED_RGuatemala_Biling_dc53b7,,,,,
2026-09-12T00:36:06-05:00,PUR_IED_RGuatemala_Ext_1b89a3,PUR_IED_RGuatemala_Ext_1b89a3,,,,,
2026-09-12T00:36:06-05:00,PUR_IED_RGuatemala_Tecnol_281a34,PUR_IED_RGuatemala_Tecnol_281a34,,,,,
2026-09-12T00:36:06-05:00,PUR_IED_RafaNu_Ext_f7c302,PUR_IED_RafaNu_Ext_f7c302,,,,,
2026-09-12T00:36:06-05:00,PUR_IED_RafaNu_S1101_25fde,PUR_IED_RafaNu_S1101_25fde,,,,,
2026-09-12T00:36:06-05:00,PUR_IED_RafaNu_S1102_281517,PUR_IED_RafaNu_S1102_281517,,,,,
2026-09-12T00:36:06-05:00,PUR_IED_RafaelB_S305_ee2783,PUR_IED_RafaelB_S305_ee2783,,,,,
2026-09-12T00:36:06-05:00,PUR_IED_RafaelB_S306_75fe33,PUR_IED_RafaelB_S306_75fe33,,,,,
2026-09-12T00:36:06-05:00,PUR_IED_RafaelB_ext_283336,PUR_IED_RafaelB_ext_283336,3,18,59,4.6722,-74.0737
2026-09-12T00:36:06-05:00,PUR_IED_RafaelUU_Exterior_281a51,PUR_IED_RafaelUU_Exterior_281a51,,,,,
2026-09-12T00:36:06-05:00,PUR_IED_RafaelUU_Human_806b2,PUR_IED_RafaelUU_Human_806b2,,,,,
2026-09-12T00:36:06-05:00,PUR_IED_RafaelUU_Mate2_5680d4,PUR_IED_RafaelUU_Mate2_5680d4,,,,,
2026-09-12T00:36:06-05:00,PUR_IED_RamonSub_Ext_f9eeb9,PUR_IED_RamonSub_Ext_f9eeb9,,,,,
2026-09-12T00:36:06-05:00,PUR_IED_RamonSub_Media_d1f62f,PUR_IED_RamonSub_Media_d1f62f,,,,,
2026-09-12T00:36:06-05:00,PUR_IED_RamonSub_planta_51b82,PUR_IED_RamonSub_planta_51b82,,,,,
2026-09-12T00:36:06-05:00,PUR_IED_RepBoliVene_Exter_27af7c,PUR_IED_RepBoliVene_Exter_27af7c,,,,,
2026-09-12T00:36:06-05:00,PUR_IED_RepBoliVene_SCPT_5ae2ee,PUR_IED_RepBoliVene_SCPT_5ae2ee,,,,,
2026-09-12T00:36:06-05:00,PUR_IED_RepBoliVene_Socia_4b11d5,PUR_IED_RepBoliVene_Socia_4b11d5,,,,,
2026-09-12T00:36:06-05:00,PUR_IED_RepChina_Ext_76d9ee,PUR_IED_RepChina_Ext_76d9ee,,,,,
2026-09-12T00:36:06-05:00,PUR_IED_RepChina_S404_7c804c,PUR_IED_RepChina_S404_7c804c,,,,,
2026-09-12T00:36:06-05:00,PUR_IED_RepChina_S405_df2c33,PUR_IED_RepChina_S405_df2c33,,,,,
2026-09-12T00:36:06-05:00,PUR_IED_RepublicaC_Exteri_7d1ec9,PUR_IED_RepublicaC_Exteri_7d1ec9,,,,,
2026-09-12T00:36:06-05:00,PUR_IED_RepublicaC_S1101_f544b3,PUR_IED_RepublicaC_S1101_f544b3,,,,,
2026-09-12T00:36:06-05:00,PUR_IED_RepublicaC_S1102_7aafc7,PUR_IED_RepublicaC_S1102_7aafc7,,,,,
2026-09-12T00:36:06-05:00,PUR_IED_Ricaurte_Externo_a0ea1,PUR_IED_Ricaurte_Externo_a0ea1,,,,,
2026-09-12T00:36:06-05:00,PUR_IED_Ricaurte_S210_f546fd,PUR_IED_Ricaurte_S210_f546fd,,,,,
2026-09-12T00:36:06-05:00,PUR_IED_Ricaurte_S309_d4452,PUR_IED_Ricaurte_S309_d4452,,,,,
2026-09-12T00:36:06-05:00,PUR_IED_RogelioS_1102_531e69,PUR_IED_RogelioS_1102_531e69,,,,,
2026-09-12T00:36:06-05:00,PUR_IED_RogelioS_Ext_f25a18,PUR_IED_RogelioS_Ext_f25a18,,,,,
2026-09-12T00:36:06-05:00,PUR_IED_SBernardino_Ext_27aff8,PUR_IED_SBernardino_Ext_27aff8,,,,,
2026-09-12T00:36:06-05:00,PUR_IED_SBernardino_SArte_2ffd33,PUR_IED_SBernardino_SArte_2ffd33,,,,,
2026-09-12T00:36:06-05:00,PUR_IED_SBernardino_SIngl_7c7da5,PUR_IED_SBernardino_SIngl_7c7da5,,,,,
2026-09-12T00:36:06-05:00,PUR_IED_Sago_auditorio_dc9d1d,PUR_IED_Sago_auditorio_dc9d1d,,,,,
2026-09-12T00:36:06-05:00,PUR_IED_Saludcoop_Ext_95aac3,PUR_IED_Saludcoop_Ext_95aac3,,,,,
2026-09-12T00:36:06-05:00,PUR_IED_Saludcoop_InfI_90c854,PUR_IED_Saludcoop_InfI_90c854,,,,,
2026-09-12T00:36:06-05:00,PUR_IED_Saludcoop_SMedia_1b93be,PUR_IED_Saludcoop_SMedia_1b93be,,,,,
2026-09-12T00:36:06-05:00,PUR_IED_SanCarlos_1101_1a2360,PUR_IED_SanCarlos_1101_1a2360,,,,,
2026-09-12T00:36:06-05:00,PUR_IED_SanCarlos_1103_7bafb5,PUR_IED_SanCarlos_1103_7bafb5,,,,,
2026-09-12T00:36:06-05:00,PUR_IED_SanCarlos_Ext_b7cd1,PUR_IED_SanCarlos_Ext_b7cd1,,,,,
2026-09-12T00:36:06-05:00,PUR_IED_SanIgnacioBosa11a_50c26e,PUR_IED_SanIgnacioBosa11a_50c26e,,,,,
2026-09-12T00:36:06-05:00,PUR_IED_SanIgnacioBosa11b_371de8,PUR_IED_SanIgnacioBosa11b_371de8,,,,,
2026-09-12T00:36:06-05:00,PUR_IED_SanIgnacioBosaExt_ef0ffc,PUR_IED_SanIgnacioBosaExt_ef0ffc,,,,,
2026-09-12T00:36:06-05:00,PUR_IED_SanIgnacioBosa_11a_50c26e,PUR_IED_SanIgnacioBosa_11a_50c26e,,,,,
2026-09-12T00:36:06-05:00,PUR_IED_SanIgnacioBosa_Ext_ef0ffc,PUR_IED_SanIgnacioBosa_Ext_ef0ffc,,,,,
2026-09-12T00:36:06-05:00,PUR_IED_SanJoseN_intS1101_31c47f,PUR_IED_SanJoseN_intS1101_31c47f,,,,,
2026-09-12T00:36:06-05:00,PUR_IED_SanJoseUsm_Exter_f5d7e8,PUR_IED_SanJoseUsm_Exter_f5d7e8,,,,,
2026-09-12T00:36:06-05:00,PUR_IED_SanJoseUsm_Int11A_cfdef6,PUR_IED_SanJoseUsm_Int11A_cfdef6,,,,,
2026-09-12T00:36:06-05:00,PUR_IED_SilveriaR_IntB5_905349,PUR_IED_SilveriaR_IntB5_905349,,,,,
2026-09-12T00:36:06-05:00,PUR_IED_SilveriaR_IntSD14_981f93,PUR_IED_SilveriaR_IntSD14_981f93,,,,,
2026-09-12T00:36:06-05:00,PUR_IED_SilveriaR_ext_2b651d,PUR_IED_SilveriaR_ext_2b651d,,,,,
2026-09-12T00:36:06-05:00,PUR_IED_SimonB_Exterior_913975,PUR_IED_SimonB_Exterior_913975,,,,,
2026-09-12T00:36:06-05:00,PUR_IED_SimonB_LabQuimi_c56908,PUR_IED_SimonB_LabQuimi_c56908,,,,,
2026-09-12T00:36:06-05:00,PUR_IED_SimonB_informatic_a28c1,PUR_IED_SimonB_informatic_a28c1,,,,,
2026-09-12T00:36:06-05:00,PUR_IED_Sorrento_1102_315f50,PUR_IED_Sorrento_1102_315f50,,,,,
2026-09-12T00:36:06-05:00,PUR_IED_Sorrento_Minte_214eab,PUR_IED_Sorrento_Minte_214eab,,,,,
2026-09-12T00:36:06-05:00,PUR_IED_Sorrento_ext_7c3a0a,PUR_IED_Sorrento_ext_7c3a0a,,,,,
2026-09-12T00:36:06-05:00,PUR_IED_Tabora_Ext_f048ae,PUR_IED_Tabora_Ext_f048ae,,,,,
2026-09-12T00:36:06-05:00,PUR_IED_Tabora_S1102_b07752,PUR_IED_Tabora_S1102_b07752,,,,,
2026-09-12T00:36:06-05:00,PUR_IED_Tabora_S1103_d988f5,PUR_IED_Tabora_S1103_d988f5,,,,,
2026-09-12T00:36:06-05:00,PUR_IED_Tenerife_Ext_1ab188,PUR_IED_Tenerife_Ext_1ab188,,,,,
2026-09-12T00:36:06-05:00,PUR_IED_Tenerife_SDanzas_7bc02e,PUR_IED_Tenerife_SDanzas_7bc02e,,,,,
2026-09-12T00:36:06-05:00,PUR_IED_Tenerife_SIngles_7cc277,PUR_IED_Tenerife_SIngles_7cc277,,,,,
2026-09-12T00:36:06-05:00,PUR_IED_Tibabuyes_Exter_f2683d,PUR_IED_Tibabuyes_Exter_f2683d,,,,,
2026-09-12T00:36:06-05:00,PUR_IED_Tibabuyes_S10_dc87a8,PUR_IED_Tibabuyes_S10_dc87a8,,,,,
2026-09-12T00:36:06-05:00,PUR_IED_Tibabuyes_S15_dc0526,PUR_IED_Tibabuyes_S15_dc0526,,,,,
2026-09-12T00:36:06-05:00,PUR_IED_UnionE_S301_a1043,PUR_IED_UnionE_S301_a1043,,,,,
2026-09-12T00:36:06-05:00,PUR_IED_UnionE_S307_ff6c2f,PUR_IED_UnionE_S307_ff6c2f,,,,,
2026-09-12T00:36:06-05:00,PUR_IED_UnionE__Ext_5e2468,PUR_IED_UnionE__Ext_5e2468,,,,,
2026-09-12T00:36:06-05:00,PUR_IED_VillaRica_Ext_75be7c,PUR_IED_VillaRica_Ext_75be7c,,,,,
2026-09-12T00:36:06-05:00,PUR_IED_VillaRica_S4_cc5dcd,PUR_IED_VillaRica_S4_cc5dcd,,,,,
2026-09-12T00:36:06-05:00,PUR_IED_VillaRica_Sesp_99f5c,PUR_IED_VillaRica_Sesp_99f5c,,,,,
2026-09-12T00:41:09-05:00,PUR_IED_20deJulio_1101_91b1b9,PUR_IED_20deJulio_1101_91b1b9,,,,,
2026-09-12T00:41:09-05:00,PUR_IED_20deJulio_1102_1cfcf9,PUR_IED_20deJulio_1102_1cfcf9,,,,,
2026-09-12T00:41:09-05:00,PUR_IED_20deJulio_Ext_ab60bd,PUR_IED_20deJulio_Ext_ab60bd,,,,,
2026-09-12T00:41:09-05:00,PUR_IED_AgustinFer_Ext_7b9b77,PUR_IED_AgustinFer_Ext_7b9b77,,,,,
2026-09-12T00:41:09-05:00,PUR_IED_AgustinFer_Info2_27b3a7,PUR_IED_AgustinFer_Info2_27b3a7,,,,,
2026-09-12T00:41:09-05:00,PUR_IED_AgustinFer_Sena_54b4eb,PUR_IED_AgustinFer_Sena_54b4eb,,,,,
2026-09-12T00:41:09-05:00,PUR_IED_AlexanderF_1102_caf07b,PUR_IED_AlexanderF_1102_caf07b,,,,,
2026-09-12T00:41:09-05:00,PUR_IED_AlexanderF_1103_c79e71,PUR_IED_AlexanderF_1103_c79e71,,,,,
2026-09-12T00:41:09-05:00,PUR_IED_AlexanderF_Ext_c5b18b,PUR_IED_AlexanderF_Ext_c5b18b,,,,,
2026-09-12T00:41:09-05:00,PUR_IED_AlfonsoLopez_Ext_281d77,PUR_IED_AlfonsoLopez_Ext_281d77,,,,,
2026-09-12T00:41:09-05:00,PUR_IED_AlfonsoLopez_LabF_888ce0,PUR_IED_AlfonsoLopez_LabF_888ce0,,,,,
2026-09-12T00:41:09-05:00,PUR_IED_AlfonsoLopez_SMed_df6a7f,PUR_IED_AlfonsoLopez_SMed_df6a7f,,,,,
2026-09-12T00:41:09-05:00,PUR_IED_AltamiraSO_A2_209f92,PUR_IED_AltamiraSO_A2_209f92,,,,,
2026-09-12T00:41:09-05:00,PUR_IED_AltamiraSO_Ext_186d66,PUR_IED_AltamiraSO_Ext_186d66,,,,,
2026-09-12T00:41:09-05:00,PUR_IED_AltamiraSO_Sistem_27afe1,PUR_IED_AltamiraSO_Sistem_27afe1,,,,,
2026-09-12T00:41:09-05:00,PUR_IED_AlvaroGom_LabQuim_813179,PUR_IED_AlvaroGom_LabQuim_813179,,,,,
2026-09-12T00:41:09-05:00,PUR_IED_AlvaroGomez_Ext_47c7ca,PUR_IED_AlvaroGomez_Ext_47c7ca,,,,,
2026-09-12T00:41:09-05:00,PUR_IED_AlvaroGomez_LabQuim_813179,PUR_IED_AlvaroGomez_LabQuim_813179,,,,,
2026-09-12T00:41:09-05:00,PUR_IED_AlvaroGomez_S23_7ba89f,PUR_IED_AlvaroGomez_S23_7ba89f,,,,,
2026-09-12T00:41:09-05:00,PUR_IED_Amistad_306_dc8728,PUR_IED_Amistad_306_dc8728,,,,,
2026-09-12T00:41:09-05:00,PUR_IED_Amistad_Ext_8cd55e,PUR_IED_Amistad_Ext_8cd55e,,,,,
2026-09-12T00:41:09-05:00,PUR_IED_Amistad_S202_a41169,PUR_IED_Amistad_S202_a41169,,,,,
2026-09-12T00:41:09-05:00,PUR_IED_AndresBello_Bio_fd5f5e,PUR_IED_AndresBello_Bio_fd5f5e,,,,,
2026-09-12T00:41:09-05:00,PUR_IED_AndresBello_ext_dcad65,PUR_IED_AndresBello_ext_dcad65,,,,,
2026-09-12T00:41:09-05:00,PUR_IED_AndresBello_port_eed3ec,PUR_IED_AndresBello_port_eed3ec,,,,,
2026-09-12T00:41:09-05:00,PUR_IED_AngelaR_11b_d90a6b,PUR_IED_AngelaR_11b_d90a6b,,,,,
2026-09-12T00:41:09-05:00,PUR_IED_AngelaR_ext_7cad3e,PUR_IED_AngelaR_ext_7cad3e,7,20,59,4.5825,-74.164497
2026-09-12T00:41:09-05:00,PUR_IED_AntJoseSucre_10mo_df2575,PUR_IED_AntJoseSucre_10mo_df2575,,,,,
2026-09-12T00:41:09-05:00,PUR_IED_AntJoseSucre_Ext_215b36,PUR_IED_AntJoseSucre_Ext_215b36,,,,,
2026-09-12T00:41:09-05:00,PUR_IED_AntJoseSucre_Lab_3139de,PUR_IED_AntJoseSucre_Lab_3139de,,,,,
2026-09-12T00:41:09-05:00,PUR_IED_AntonioGarcia_301_d6b188,PUR_IED_AntonioGarcia_301_d6b188,,,,,
2026-09-12T00:41:09-05:00,PUR_IED_AntonioGarcia_302_88a82,PUR_IED_AntonioGarcia_302_88a82,,,,,
2026-09-12T00:41:09-05:00,PUR_IED_AntonioGarcia_Ext_20950c,PUR_IED_AntonioGarcia_Ext_20950c,,,,,
2026-09-12T00:41:09-05:00,PUR_IED_AntonioVan_Aula2_6dea02,PUR_IED_AntonioVan_Aula2_6dea02,,,,,
2026-09-12T00:41:09-05:00,PUR_IED_AntonioVan_Aula5_f1557e,PUR_IED_AntonioVan_Aula5_f1557e,,,,,
2026-09-12T00:41:09-05:00,PUR_IED_AntonioVan_Ext_406f2f,PUR_IED_AntonioVan_Ext_406f2f,,,,,
2026-09-12T00:41:09-05:00,PUR_IED_Atabanzha_Ext_cc5af9,PUR_IED_Atabanzha_Ext_cc5af9,,,,,
2026-09-12T00:41:09-05:00,PUR_IED_Atabanzha_SA101_56c37,PUR_IED_Atabanzha_SA101_56c37,,,,,
2026-09-12T00:41:09-05:00,PUR_IED_Atabanzha_SB302_27b374,PUR_IED_Atabanzha_SB302_27b374,,,,,
2026-09-12T00:41:09-05:00,PUR_IED_Atahualpa_Ext_fc1748,PUR_IED_Atahualpa_Ext_fc1748,,,,,
2026-09-12T00:41:09-05:00,PUR_IED_Atahualpa_Informa_dc9a95,PUR_IED_Atahualpa_Informa_dc9a95,,,,,
2026-09-12T00:41:09-05:00,PUR_IED_Atahualpa_S1101_f98056,PUR_IED_Atahualpa_S1101_f98056,,,,,
2026-09-12T00:41:09-05:00,PUR_IED_Bellavista_Ext_f5aa74,PUR_IED_Bellavista_Ext_f5aa74,,,,,
2026-09-12T00:41:09-05:00,PUR_IED_Bilbao_11A_916c41,PUR_IED_Bilbao_11A_916c41,,,,,
2026-09-12T00:41:09-05:00,PUR_IED_Bilbao_Ext_fb579a,PUR_IED_Bilbao_Ext_fb579a,,,,,
2026-09-12T00:41:09-05:00,PUR_IED_BrasiliaU_A125_304280,PUR_IED_BrasiliaU_A125_304280,,,,,
2026-09-12T00:41:09-05:00,PUR_IED_BrasiliaU_A203_7c8ca5,PUR_IED_BrasiliaU_A203_7c8ca5,,,,,
2026-09-12T00:41:09-05:00,PUR_IED_BrasiliaU_Ext_8d6e9f,PUR_IED_BrasiliaU_Ext_8d6e9f,4,17,63,4.5175,-74.116302
2026-09-12T00:41:09-05:00,PUR_IED_Brasilia_Ext_fe6593,PUR_IED_Brasilia_Ext_fe6593,,,,,
2026-09-12T00:41:09-05:00,PUR_IED_Brasilia_S24_7c130d,PUR_IED_Brasilia_S24_7c130d,,,,,
2026-09-12T00:41:09-05:00,PUR_IED_Brasilia_S501_186a54,PUR_IED_Brasilia_S501_186a54,,,,,
2026-09-12T00:41:09-05:00,PUR_IED_CHARRY_EXT_f1d5cd,PUR_IED_CHARRY_EXT_f1d5cd,,,,,
2026-09-12T00:41:09-05:00,PUR_IED_CHARRY_INTDANZAS_7a08e6,PUR_IED_CHARRY_INTDANZAS_7a08e6,,,,,
2026-09-12T00:41:09-05:00,PUR_IED_CHARRY_INT_AULA20_dc998d,PUR_IED_CHARRY_INT_AULA20_dc998d,,,,,
2026-09-12T00:41:09-05:00,PUR_IED_COLVIV_1101_S25_7f520a,PUR_IED_COLVIV_1101_S25_7f520a,,,,,
2026-09-12T00:41:09-05:00,PUR_IED_COLVIV_1102_S16_f570ba,PUR_IED_COLVIV_1102_S16_f570ba,,,,,
2026-09-12T00:41:09-05:00,PUR_IED_COLVIV_Ext_1a26fa,PUR_IED_COLVIV_Ext_1a26fa,,,,,
2026-09-12T00:41:09-05:00,PUR_IED_CULPOP_301A_f660f3,PUR_IED_CULPOP_301A_f660f3,,,,,
2026-09-12T00:41:09-05:00,PUR_IED_CULPOP_303_568afe,PUR_IED_CULPOP_303_568afe,,,,,
2026-09-12T00:41:09-05:00,PUR_IED_CULPOP_Ext_e02ccb,PUR_IED_CULPOP_Ext_e02ccb,,,,,
2026-09-12T00:41:09-05:00,PUR_IED_CVillavicen_Ext_26eb58,PUR_IED_CVillavicen_Ext_26eb58,3,15,76,4.487,-74.102798
2026-09-12T00:41:09-05:00,PUR_IED_CVillavicen_Intel_1ce5c2,PUR_IED_CVillavicen_Intel_1ce5c2,,,,,
2026-09-12T00:41:09-05:00,PUR_IED_CVillavicen_Poliv_e0766c,PUR_IED_CVillavicen_Poliv_e0766c,,,,,
2026-09-12T00:41:09-05:00,PUR_IED_CVillavicen_int_1ba140,PUR_IED_CVillavicen_int_1ba140,,,,,
2026-09-12T00:41:09-05:00,PUR_IED_CVillavicen_intel_1ba140,PUR_IED_CVillavicen_intel_1ba140,,,,,
2026-09-12T00:41:09-05:00,PUR_IED_CarlosPizarro_Ext_e307cc,PUR_IED_CarlosPizarro_Ext_e307cc,,,,,
2026-09-12T00:41:09-05:00,PUR_IED_CarlosPizarro_L36_7e5cdb,PUR_IED_CarlosPizarro_L36_7e5cdb,,,,,
2026-09-12T00:41:09-05:00,PUR_IED_CarlosPizarro_L37_c8566c,PUR_IED_CarlosPizarro_L37_c8566c,,,,,
2026-09-12T00:41:09-05:00,PUR_IED_Castilla_Ext_cf35f,PUR_IED_Castilla_Ext_cf35f,,,,,
2026-09-12T00:41:09-05:00,PUR_IED_Castilla_SFisik_360e38,PUR_IED_Castilla_SFisik_360e38,,,,,
2026-09-12T00:41:09-05:00,PUR_IED_Castilla_Sc304_496fbf,PUR_IED_Castilla_Sc304_496fbf,,,,,
2026-09-12T00:41:09-05:00,PUR_IED_CervantesSa_Ext_6b57b,PUR_IED_CervantesSa_Ext_6b57b,4,17,69,4.5128,-74.117203
2026-09-12T00:41:09-05:00,PUR_IED_CervantesSa_S107_225c2b,PUR_IED_CervantesSa_S107_225c2b,,,,,
2026-09-12T00:41:09-05:00,PUR_IED_CervantesSa_S108_940925,PUR_IED_CervantesSa_S108_940925,,,,,
2026-09-12T00:41:09-05:00,PUR_IED_Charry_A20_f53e7c,PUR_IED_Charry_A20_f53e7c,,,,,
2026-09-12T00:41:09-05:00,PUR_IED_Charry_Ext_f1d5cd,PUR_IED_Charry_Ext_f1d5cd,,,,,
2026-09-12T00:41:09-05:00,PUR_IED_Charry_IntAula20_dc998d,PUR_IED_Charry_IntAula20_dc998d,,,,,
2026-09-12T00:41:09-05:00,PUR_IED_Charry_IntDanzas_7a08e6,PUR_IED_Charry_IntDanzas_7a08e6,,,,,
2026-09-12T00:41:09-05:00,PUR_IED_ClememciaC_203_43e2fc,PUR_IED_ClememciaC_203_43e2fc,,,,,
2026-09-12T00:41:09-05:00,PUR_IED_ClememciaC_Ext_1b411a,PUR_IED_ClememciaC_Ext_1b411a,,,,,
2026-09-12T00:41:09-05:00,PUR_IED_ClememciaC_Quimic_44b5fc,PUR_IED_ClememciaC_Quimic_44b5fc,,,,,
2026-09-12T00:41:09-05:00,PUR_IED_ClemenciaC_203_43e2fc,PUR_IED_ClemenciaC_203_43e2fc,,,,,
2026-09-12T00:41:09-05:00,PUR_IED_ClemenciaC_Ext_1b411a,PUR_IED_ClemenciaC_Ext_1b411a,,,,,
2026-09-12T00:41:09-05:00,PUR_IED_ClemenciaC_Quimic_44b5fc,PUR_IED_ClemenciaC_Quimic_44b5fc,,,,,
2026-09-12T00:41:09-05:00,PUR_IED_ColViva_1101_S25_7f520a,PUR_IED_ColViva_1101_S25_7f520a,,,,,
2026-09-12T00:41:09-05:00,PUR_IED_ColViva_1102_S16_f570ba,PUR_IED_ColViva_1102_S16_f570ba,,,,,
2026-09-12T00:41:09-05:00,PUR_IED_ColViva_Ext_1a26fa,PUR_IED_ColViva_Ext_1a26fa,,,,,
2026-09-12T00:41:09-05:00,PUR_IED_ColegioBici_Asist_7c8798,PUR_IED_ColegioBici_Asist_7c8798,,,,,
2026-09-12T00:41:09-05:00,PUR_IED_ColegioBici_Ext_25cbf6,PUR_IED_ColegioBici_Ext_25cbf6,,,,,
2026-09-12T00:41:09-05:00,PUR_IED_ColegioBici_LabQ_7b57db,PUR_IED_ColegioBici_LabQ_7b57db,,,,,
2026-09-12T00:41:09-05:00,PUR_IED_CostaRica_Ext_5e640,PUR_IED_CostaRica_Ext_5e640,,,,,
2026-09-12T00:41:09-05:00,PUR_IED_CostaRica_Quim1_766d1c,PUR_IED_CostaRica_Quim1_766d1c,,,,,
2026-09-12T00:41:09-05:00,PUR_IED_CostaRica__Fisica_6f0873,PUR_IED_CostaRica__Fisica_6f0873,,,,,
2026-09-12T00:41:09-05:00,PUR_IED_CulPopu_301A_f660f3,PUR_IED_CulPopu_301A_f660f3,,,,,
2026-09-12T00:41:09-05:00,PUR_IED_CulPopu_303_568afe,PUR_IED_CulPopu_303_568afe,,,,,
2026-09-12T00:41:09-05:00,PUR_IED_CulPopu_Ext_e02ccb,PUR_IED_CulPopu_Ext_e02ccb,,,,,
2026-09-12T00:41:09-05:00,PUR_IED_Cundinamarca_Ext_f15985,PUR_IED_Cundinamarca_Ext_f15985,,,,,
2026-09-12T00:41:09-05:00,PUR_IED_Cundinamarca_Info_7aa5d7,PUR_IED_Cundinamarca_Info_7aa5d7,,,,,
2026-09-12T00:41:09-05:00,PUR_IED_Cundinamarca_Tec2_f449c7,PUR_IED_Cundinamarca_Tec2_f449c7,,,,,
2026-09-12T00:41:09-05:00,PUR_IED_DiegoM_Aula1_27b314,PUR_IED_DiegoM_Aula1_27b314,,,,,
2026-09-12T00:41:09-05:00,PUR_IED_DiegoM_Ext_d80ac8,PUR_IED_DiegoM_Ext_d80ac8,,,,,
2026-09-12T00:41:09-05:00,PUR_IED_DiegoM_S25_da928f,PUR_IED_DiegoM_S25_da928f,,,,,
2026-09-12T00:41:09-05:00,PUR_IED_ELRODEO_360881,PUR_IED_ELRODEO_360881,,,,,
2026-09-12T00:41:09-05:00,PUR_IED_ELRODEO_ext_360881,PUR_IED_ELRODEO_ext_360881,,,,,
2026-09-12T00:41:09-05:00,PUR_IED_EduardoU_Ext_1c1969,PUR_IED_EduardoU_Ext_1c1969,,,,,
2026-09-12T00:41:09-05:00,PUR_IED_EduardoU_SCiencia_4dfb94,PUR_IED_EduardoU_SCiencia_4dfb94,,,,,
2026-09-12T00:41:09-05:00,PUR_IED_EduardoU_SQuimica_5a46e7,PUR_IED_EduardoU_SQuimica_5a46e7,,,,,
2026-09-12T00:41:09-05:00,PUR_IED_ElRodeo_Aula14_676984,PUR_IED_ElRodeo_Aula14_676984,,,,,
2026-09-12T00:41:09-05:00,PUR_IED_ElRodeo_Aula16_2dd35b,PUR_IED_ElRodeo_Aula16_2dd35b,,,,,
2026-09-12T00:41:09-05:00,PUR_IED_ElRodeo_Ext_360881,PUR_IED_ElRodeo_Ext_360881,,,,,
2026-09-12T00:41:09-05:00,PUR_IED_ElRodeo_Exterior_8c6d28,PUR_IED_ElRodeo_Exterior_8c6d28,,,,,
2026-09-12T00:41:09-05:00,PUR_IED_ElRodeo_ext_360881,PUR_IED_ElRodeo_ext_360881,,,,,
2026-09-12T00:41:09-05:00,PUR_IED_EmmaReyes_Ext_987625,PUR_IED_EmmaReyes_Ext_987625,16,21,54,4.6367,-74.1511
2026-09-12T00:41:09-05:00,PUR_IED_Ensueño_Ext_7f0250,PUR_IED_Ensueño_Ext_7f0250,,,,,
2026-09-12T00:41:09-05:00,PUR_IED_EscNormal_Ext_5fef3b,PUR_IED_EscNormal_Ext_5fef3b,2,18,58,4.5852,-74.096901
2026-09-12T00:41:09-05:00,PUR_IED_EscNormal_S309_5b263,PUR_IED_EscNormal_S309_5b263,,,,,
2026-09-12T00:41:09-05:00,PUR_IED_EscNormal_S310_27b3b8,PUR_IED_EscNormal_S310_27b3b8,,,,,
2026-09-12T00:41:09-05:00,PUR_IED_Evangelista_Conta_f6cd4f,PUR_IED_Evangelista_Conta_f6cd4f,,,,,
2026-09-12T00:41:09-05:00,PUR_IED_Evangelista_Cri_5e16a,PUR_IED_Evangelista_Cri_5e16a,,,,,
2026-09-12T00:41:09-05:00,PUR_IED_Evangelista_Exter_754066,PUR_IED_Evangelista_Exter_754066,,,,,
2026-09-12T00:41:09-05:00,PUR_IED_FMiranda_S209_5cc2a3,PUR_IED_FMiranda_S209_5cc2a3,,,,,
2026-09-12T00:41:09-05:00,PUR_IED_FMiranda_S303_19e344,PUR_IED_FMiranda_S303_19e344,,,,,
2026-09-12T00:41:09-05:00,PUR_IED_FMiranda_ext_f53e7c,PUR_IED_FMiranda_ext_f53e7c,,,,,
2026-09-12T00:41:09-05:00,PUR_IED_FabioLozano_Bibli_1cee05,PUR_IED_FabioLozano_Bibli_1cee05,,,,,
2026-09-12T00:41:09-05:00,PUR_IED_FabioLozano_Ext_6ea285,PUR_IED_FabioLozano_Ext_6ea285,,,,,
2026-09-12T00:41:09-05:00,PUR_IED_FabioLozano_SLudi_f09e1e,PUR_IED_FabioLozano_SLudi_f09e1e,,,,,
2026-09-12T00:41:09-05:00,PUR_IED_FaustinoS_Aula07_27a731,PUR_IED_FaustinoS_Aula07_27a731,,,,,
2026-09-12T00:41:09-05:00,PUR_IED_FaustinoS_Ext_7b936f,PUR_IED_FaustinoS_Ext_7b936f,,,,,
2026-09-12T00:41:09-05:00,PUR_IED_FaustinoS_Fisica_da2c60,PUR_IED_FaustinoS_Fisica_da2c60,,,,,
2026-09-12T00:41:09-05:00,PUR_IED_FeGarciaLo_Ext_dc68ee,PUR_IED_FeGarciaLo_Ext_dc68ee,,,,,
2026-09-12T00:41:09-05:00,PUR_IED_FeGarciaLo_SDanza_f70a59,PUR_IED_FeGarciaLo_SDanza_f70a59,,,,,
2026-09-12T00:41:09-05:00,PUR_IED_FeGarciaLo_SMusic_125cdd,PUR_IED_FeGarciaLo_SMusic_125cdd,,,,,
2026-09-12T00:41:09-05:00,PUR_IED_FederalAlema_Exte_50c345,PUR_IED_FederalAlema_Exte_50c345,,,,,
2026-09-12T00:41:09-05:00,PUR_IED_FederalAlema_S31_f18371,PUR_IED_FederalAlema_S31_f18371,,,,,
2026-09-12T00:41:09-05:00,PUR_IED_FederalAlema_S901_a62cd,PUR_IED_FederalAlema_S901_a62cd,,,,,
2026-09-12T00:41:09-05:00,PUR_IED_FilarmonicaS_A5_f35eb1,PUR_IED_FilarmonicaS_A5_f35eb1,,,,,
2026-09-12T00:41:09-05:00,PUR_IED_FilarmonicaS_Ext_8a3bde,PUR_IED_FilarmonicaS_Ext_8a3bde,,,,,
2026-09-12T00:41:09-05:00,PUR_IED_FilarmonicaS_Spol_406114,PUR_IED_FilarmonicaS_Spol_406114,,,,,
2026-09-12T00:41:09-05:00,PUR_IED_FlorentinoG_A13_d1fa59,PUR_IED_FlorentinoG_A13_d1fa59,,,,,
2026-09-12T00:41:09-05:00,PUR_IED_FlorentinoG_Ext_1ce6ce,PUR_IED_FlorentinoG_Ext_1ce6ce,,,,,
2026-09-12T00:41:09-05:00,PUR_IED_FlorentinoG_Idiom_a66aac,PUR_IED_FlorentinoG_Idiom_a66aac,,,,,
2026-09-12T00:41:09-05:00,PUR_IED_FranciscoMati_Ext_e3869d,PUR_IED_FranciscoMati_Ext_e3869d,,,,,
2026-09-12T00:41:09-05:00,PUR_IED_FranciscoMati_S13_f31c67,PUR_IED_FranciscoMati_S13_f31c67,,,,,
2026-09-12T00:41:09-05:00,PUR_IED_FranciscoMati_S14_97dead,PUR_IED_FranciscoMati_S14_97dead,,,,,
2026-09-12T00:41:09-05:00,PUR_IED_FranciscoPS_Ext_7bfa9a,PUR_IED_FranciscoPS_Ext_7bfa9a,2,20,57,4.5899,-74.110397
2026-09-12T00:41:09-05:00,PUR_IED_FranciscoPS_Infor_fb8f4c,PUR_IED_FranciscoPS_Infor_fb8f4c,,,,,
2026-09-12T00:41:09-05:00,PUR_IED_FranciscoPS_Quimi_94d39c,PUR_IED_FranciscoPS_Quimi_94d39c,,,,,
2026-09-12T00:41:09-05:00,PUR_IED_FranciscoP_LabQ_d7e148,PUR_IED_FranciscoP_LabQ_d7e148,,,,,
2026-09-12T00:41:09-05:00,PUR_IED_FranciscoP_S28_cf9b30,PUR_IED_FranciscoP_S28_cf9b30,,,,,
2026-09-12T00:41:09-05:00,PUR_IED_FranciscoP_ext_e2313,PUR_IED_FranciscoP_ext_e2313,,,,,
2026-09-12T00:41:09-05:00,PUR_IED_FriederichN_Ext_8ac92a,PUR_IED_FriederichN_Ext_8ac92a,,,,,
2026-09-12T00:41:09-05:00,PUR_IED_FriederichN_S301_dd7e5a,PUR_IED_FriederichN_S301_dd7e5a,,,,,
2026-09-12T00:41:09-05:00,PUR_IED_FriederichN_S308_761f4f,PUR_IED_FriederichN_S308_761f4f,,,,,
2026-09-12T00:41:09-05:00,PUR_IED_GSantander_Aula10_533dd7,PUR_IED_GSantander_Aula10_533dd7,,,,,
2026-09-12T00:41:09-05:00,PUR_IED_GSantander_Aula12_fd4e4f,PUR_IED_GSantander_Aula12_fd4e4f,,,,,
2026-09-12T00:41:09-05:00,PUR_IED_GSantander_Aula310_533dd7,PUR_IED_GSantander_Aula310_533dd7,,,,,
2026-09-12T00:41:09-05:00,PUR_IED_GSantander_Aula312_fd4e4f,PUR_IED_GSantander_Aula312_fd4e4f,,,,,
2026-09-12T00:41:09-05:00,PUR_IED_GSantander_Ext_5f66b0,PUR_IED_GSantander_Ext_5f66b0,,,,,
2026-09-12T00:41:09-05:00,PUR_IED_GYomasa_Ext_f6bea5,PUR_IED_GYomasa_Ext_f6bea5,,,,,
2026-09-12T00:41:09-05:00,PUR_IED_GYomasa_LBiol_2c41aa,PUR_IED_GYomasa_LBiol_2c41aa,,,,,
2026-09-12T00:41:09-05:00,PUR_IED_GYomasa_LQuim_33c80,PUR_IED_GYomasa_LQuim_33c80,,,,,
2026-09-12T00:41:09-05:00,PUR_IED_GabBetMejia_Cienc_5a99c,PUR_IED_GabBetMejia_Cienc_5a99c,,,,,
2026-09-12T00:41:09-05:00,PUR_IED_GabBetMejia_Ext_9153d0,PUR_IED_GabBetMejia_Ext_9153d0,,,,,
2026-09-12T00:41:09-05:00,PUR_IED_GabBetMejia_Lab_f55347,PUR_IED_GabBetMejia_Lab_f55347,,,,,
2026-09-12T00:41:09-05:00,PUR_IED_GabBetanMejia_Ext_9153d0,PUR_IED_GabBetanMejia_Ext_9153d0,,,,,
2026-09-12T00:41:09-05:00,PUR_IED_Gaitana_Aula13_7aac11,PUR_IED_Gaitana_Aula13_7aac11,,,,,
2026-09-12T00:41:09-05:00,PUR_IED_Gaitana_Ext_5fcf4,PUR_IED_Gaitana_Ext_5fcf4,,,,,
2026-09-12T00:41:09-05:00,PUR_IED_Gaitana_LabFisica_644448,PUR_IED_Gaitana_LabFisica_644448,,,,,
2026-09-12T00:41:09-05:00,PUR_IED_GenSantander_Dise_8ac858,PUR_IED_GenSantander_Dise_8ac858,,,,,
2026-09-12T00:41:09-05:00,PUR_IED_GenSantander_Ext_8d5dfe,PUR_IED_GenSantander_Ext_8d5dfe,,,,,
2026-09-12T00:41:09-05:00,PUR_IED_GenSantander_Info_6c25b,PUR_IED_GenSantander_Info_6c25b,,,,,
2026-09-12T00:41:09-05:00,PUR_IED_GustavoMo_Exterio_75e63d,PUR_IED_GustavoMo_Exterio_75e63d,,,,,
2026-09-12T00:41:09-05:00,PUR_IED_GustavoMo_LabFisi_224d37,PUR_IED_GustavoMo_LabFisi_224d37,,,,,
2026-09-12T00:41:09-05:00,PUR_IED_GustavoMo_S208_3e6918,PUR_IED_GustavoMo_S208_3e6918,,,,,
2026-09-12T00:41:09-05:00,PUR_IED_GustavoR_A02_8cd4a8,PUR_IED_GustavoR_A02_8cd4a8,,,,,
2026-09-12T00:41:09-05:00,PUR_IED_GustavoR_B11_5b0ed,PUR_IED_GustavoR_B11_5b0ed,,,,,
2026-09-12T00:41:09-05:00,PUR_IED_GustavoR_Ext_7a0c90,PUR_IED_GustavoR_Ext_7a0c90,,,,,
2026-09-12T00:41:09-05:00,PUR_IED_HernandoDuran_Ext_8cd82b,PUR_IED_HernandoDuran_Ext_8cd82b,,,,,
2026-09-12T00:41:09-05:00,PUR_IED_HernandoDuran_S24_2772c6,PUR_IED_HernandoDuran_S24_2772c6,,,,,
2026-09-12T00:41:09-05:00,PUR_IED_HernandoDuran_S30_f2de41,PUR_IED_HernandoDuran_S30_f2de41,,,,,
2026-09-12T00:41:09-05:00,PUR_IED_HolguInUr_S1101_8cd732,PUR_IED_HolguInUr_S1101_8cd732,,,,,
2026-09-12T00:41:09-05:00,PUR_IED_HolguinUr_Exter_ddae6d,PUR_IED_HolguinUr_Exter_ddae6d,,,,,
2026-09-12T00:41:09-05:00,PUR_IED_HolguinUr_LabQuim_92b952,PUR_IED_HolguinUr_LabQuim_92b952,,,,,
2026-09-12T00:41:09-05:00,PUR_IED_Isabel-II_Ext_5245cc,PUR_IED_Isabel-II_Ext_5245cc,14,18,59,4.6336,-74.153
2026-09-12T00:41:09-05:00,PUR_IED_Isabel-II_S_idiom_1c29aa,PUR_IED_Isabel-II_S_idiom_1c29aa,,,,,
2026-09-12T00:41:09-05:00,PUR_IED_Isabel-II_S_infor_fd741,PUR_IED_Isabel-II_S_infor_fd741,,,,,
2026-09-12T00:41:09-05:00,PUR_IED_IsidroSur_Exterio_5b90ea,PUR_IED_IsidroSur_Exterio_5b90ea,,,,,
2026-09-12T00:41:09-05:00,PUR_IED_IsidroSur_LabTec_56697a,PUR_IED_IsidroSur_LabTec_56697a,,,,,
2026-09-12T00:41:09-05:00,PUR_IED_IsidroSur_Robotic_b7c38f,PUR_IED_IsidroSur_Robotic_b7c38f,,,,,
2026-09-12T00:41:09-05:00,PUR_IED_IsmaelPerd_Ext_7b6672,PUR_IED_IsmaelPerd_Ext_7b6672,,,,,
2026-09-12T00:41:09-05:00,PUR_IED_IsmaelPerd_Inform_306540,PUR_IED_IsmaelPerd_Inform_306540,,,,,
2026-09-12T00:41:09-05:00,PUR_IED_IsmaelPerd_S30_2e2c83,PUR_IED_IsmaelPerd_S30_2e2c83,,,,,
2026-09-12T00:41:09-05:00,PUR_IED_JLozano_Exter_432910,PUR_IED_JLozano_Exter_432910,,,,,
2026-09-12T00:41:09-05:00,PUR_IED_JLozano_salaMulti_df5125,PUR_IED_JLozano_salaMulti_df5125,,,,,
2026-09-12T00:41:09-05:00,PUR_IED_JMCordoba_206_86f80b,PUR_IED_JMCordoba_206_86f80b,,,,,
2026-09-12T00:41:09-05:00,PUR_IED_JMCordoba_Ext_27ad97,PUR_IED_JMCordoba_Ext_27ad97,,,,,
2026-09-12T00:41:09-05:00,PUR_IED_JMCordoba_S310_d59ab4,PUR_IED_JMCordoba_S310_d59ab4,,,,,
2026-09-12T00:41:09-05:00,PUR_IED_Japon_Ext_549100,PUR_IED_Japon_Ext_549100,,,,,
2026-09-12T00:41:09-05:00,PUR_IED_Japon_Laboratorio_bec51d,PUR_IED_Japon_Laboratorio_bec51d,,,,,
2026-09-12T00:41:09-05:00,PUR_IED_Japon_informatica_d99327,PUR_IED_Japon_informatica_d99327,,,,,
2026-09-12T00:41:09-05:00,PUR_IED_Jazmin_Ext_d27bda,PUR_IED_Jazmin_Ext_d27bda,,,,,
2026-09-12T00:41:09-05:00,PUR_IED_Jazmin_Fisica_8d14d7,PUR_IED_Jazmin_Fisica_8d14d7,,,,,
2026-09-12T00:41:09-05:00,PUR_IED_Jazmin_Quimica_801cb5,PUR_IED_Jazmin_Quimica_801cb5,,,,,
2026-09-12T00:41:09-05:00,PUR_IED_JorgeGaitan_Exter_f098d1,PUR_IED_JorgeGaitan_Exter_f098d1,,,,,
2026-09-12T00:41:09-05:00,PUR_IED_JorgeGaitan_STec1_dc9d1d,PUR_IED_JorgeGaitan_STec1_dc9d1d,,,,,
2026-09-12T00:41:09-05:00,PUR_IED_JorgeGaitan_STec2_281e69,PUR_IED_JorgeGaitan_STec2_281e69,,,,,
2026-09-12T00:41:09-05:00,PUR_IED_JorgeSoto_Exterio_d9d0a2,PUR_IED_JorgeSoto_Exterio_d9d0a2,,,,,
2026-09-12T00:41:09-05:00,PUR_IED_JorgeSoto_LabFisi_209c54,PUR_IED_JorgeSoto_LabFisi_209c54,,,,,
2026-09-12T00:41:09-05:00,PUR_IED_JorgeSoto_S103_27b51a,PUR_IED_JorgeSoto_S103_27b51a,,,,,
2026-09-12T00:41:09-05:00,PUR_IED_JoseAcevedo_A02_e965eb,PUR_IED_JoseAcevedo_A02_e965eb,,,,,
2026-09-12T00:41:09-05:00,PUR_IED_JoseAcevedo_A07_dd5b4,PUR_IED_JoseAcevedo_A07_dd5b4,,,,,
2026-09-12T00:41:09-05:00,PUR_IED_JoseAcevedo_Ext_b47484,PUR_IED_JoseAcevedo_Ext_b47484,,,,,
2026-09-12T00:41:09-05:00,PUR_IED_JoseMarti_Exte_5b9bf,PUR_IED_JoseMarti_Exte_5b9bf,,,,,
2026-09-12T00:41:09-05:00,PUR_IED_JoseMarti_LabQuim_1c6c2d,PUR_IED_JoseMarti_LabQuim_1c6c2d,,,,,
2026-09-12T00:41:09-05:00,PUR_IED_JoseMarti_S_info_f5f177,PUR_IED_JoseMarti_S_info_f5f177,,,,,
2026-09-12T00:41:09-05:00,PUR_IED_Josejoaquin_Ext_dfc5dc,PUR_IED_Josejoaquin_Ext_dfc5dc,,,,,
2026-09-12T00:41:09-05:00,PUR_IED_Josejoaquin_S05_5b2a96,PUR_IED_Josejoaquin_S05_5b2a96,,,,,
2026-09-12T00:41:09-05:00,PUR_IED_Josejoaquin_S06_1ce7d2,PUR_IED_Josejoaquin_S06_1ce7d2,,,,,
2026-09-12T00:41:09-05:00,PUR_IED_JulioFlorez_Danza_9b82dd,PUR_IED_JulioFlorez_Danza_9b82dd,,,,,
2026-09-12T00:41:09-05:00,PUR_IED_JulioFlorez_Exter_f9f314,PUR_IED_JulioFlorez_Exter_f9f314,,,,,
2026-09-12T00:41:09-05:00,PUR_IED_JulioFlorez_info2_6b6e08,PUR_IED_JulioFlorez_info2_6b6e08,,,,,
2026-09-12T00:41:09-05:00,PUR_IED_LaBelleza_Aula13_1d00d8,PUR_IED_LaBelleza_Aula13_1d00d8,,,,,
2026-09-12T00:41:09-05:00,PUR_IED_LaBelleza_Ext_7bc08c,PUR_IED_LaBelleza_Ext_7bc08c,,,,,
2026-09-12T00:41:09-05:00,PUR_IED_LaChucua_Ext_8cd6d2,PUR_IED_LaChucua_Ext_8cd6d2,,,,,
2026-09-12T00:41:09-05:00,PUR_IED_LaChucua_S15_f578ce,PUR_IED_LaChucua_S15_f578ce,,,,,
2026-09-12T00:41:09-05:00,PUR_IED_LaChucua_S16_eebcf9,PUR_IED_LaChucua_S16_eebcf9,,,,,
2026-09-12T00:41:09-05:00,PUR_IED_LaFelicidad_Ext_fb5109,PUR_IED_LaFelicidad_Ext_fb5109,,,,,
2026-09-12T00:41:09-05:00,PUR_IED_LaMerced_206_66ebd,PUR_IED_LaMerced_206_66ebd,,,,,
2026-09-12T00:41:09-05:00,PUR_IED_LaMerced_207_6ebd6,PUR_IED_LaMerced_207_6ebd6,,,,,
2026-09-12T00:41:09-05:00,PUR_IED_LaMerced_ext_304311,PUR_IED_LaMerced_ext_304311,,,,,
2026-09-12T00:41:09-05:00,PUR_IED_Laureano_CiencNat_281e5e,PUR_IED_Laureano_CiencNat_281e5e,,,,,
2026-09-12T00:41:09-05:00,PUR_IED_Laureano_Comedor_f65c0a,PUR_IED_Laureano_Comedor_f65c0a,,,,,
2026-09-12T00:41:09-05:00,PUR_IED_Laureano_Exterior_7ab011,PUR_IED_Laureano_Exterior_7ab011,,,,,
2026-09-12T00:41:09-05:00,PUR_IED_LeonGreiff_Exte_dfe560,PUR_IED_LeonGreiff_Exte_dfe560,,,,,
2026-09-12T00:41:09-05:00,PUR_IED_LeonGreiff_S210_f264ed,PUR_IED_LeonGreiff_S210_f264ed,,,,,
2026-09-12T00:41:09-05:00,PUR_IED_LeonGreiff_SQuimi_e8296f,PUR_IED_LeonGreiff_SQuimi_e8296f,,,,,
2026-09-12T00:41:09-05:00,PUR_IED_LlanoOrientalS208_7b9fcd,PUR_IED_LlanoOrientalS208_7b9fcd,,,,,
2026-09-12T00:41:09-05:00,PUR_IED_LlanoOriental_Ext_fb3766,PUR_IED_LlanoOriental_Ext_fb3766,,,,,
2026-09-12T00:41:09-05:00,PUR_IED_LlanoOriental_S208_7b9fcd,PUR_IED_LlanoOriental_S208_7b9fcd,,,,,
2026-09-12T00:41:09-05:00,PUR_IED_LlanoOriental_S9_27b378,PUR_IED_LlanoOriental_S9_27b378,,,,,
2026-09-12T00:41:09-05:00,PUR_IED_LosTejares_1101_477602,PUR_IED_LosTejares_1101_477602,,,,,
2026-09-12T00:41:09-05:00,PUR_IED_LosTejares_11_d2c595,PUR_IED_LosTejares_11_d2c595,,,,,
2026-09-12T00:41:09-05:00,PUR_IED_LosTejares_12_477602,PUR_IED_LosTejares_12_477602,,,,,
2026-09-12T00:41:09-05:00,PUR_IED_LosTejares_Ext_8e2115,PUR_IED_LosTejares_Ext_8e2115,,,,,
2026-09-12T00:41:09-05:00,PUR_IED_MagdalenaO_B202_5ddda3,PUR_IED_MagdalenaO_B202_5ddda3,,,,,
2026-09-12T00:41:09-05:00,PUR_IED_MagdalenaO_B205_fb76e8,PUR_IED_MagdalenaO_B205_fb76e8,,,,,
2026-09-12T00:41:09-05:00,PUR_IED_MagdalenaO_ext_dc69cd,PUR_IED_MagdalenaO_ext_dc69cd,,,,,
2026-09-12T00:41:09-05:00,PUR_IED_ManueCepeda_artes_eee956,PUR_IED_ManueCepeda_artes_eee956,,,,,
2026-09-12T00:41:09-05:00,PUR_IED_ManuelCepeda_Ext_58313,PUR_IED_ManuelCepeda_Ext_58313,,,,,
2026-09-12T00:41:09-05:00,PUR_IED_ManuelCepeda_tec_1c5731,PUR_IED_ManuelCepeda_tec_1c5731,,,,,
2026-09-12T00:41:09-05:00,PUR_IED_ManuelS_Exterior_5b269,PUR_IED_ManuelS_Exterior_5b269,,,,,
2026-09-12T00:41:09-05:00,PUR_IED_ManuelS_Inform_f369ce,PUR_IED_ManuelS_Inform_f369ce,,,,,
2026-09-12T00:41:09-05:00,PUR_IED_ManuelS_SArtes_7d15f1,PUR_IED_ManuelS_SArtes_7d15f1,,,,,
2026-09-12T00:41:09-05:00,PUR_IED_ManuelZapata_303_3ca6,PUR_IED_ManuelZapata_303_3ca6,,,,,
2026-09-12T00:41:09-05:00,PUR_IED_ManuelZapata_311_bfbabc,PUR_IED_ManuelZapata_311_bfbabc,,,,,
2026-09-12T00:41:09-05:00,PUR_IED_ManuelZapata_Ext_50824a,PUR_IED_ManuelZapata_Ext_50824a,,,,,
2026-09-12T00:41:09-05:00,PUR_IED_ManuelitaS_Exteri_656a92,PUR_IED_ManuelitaS_Exteri_656a92,,,,,
2026-09-12T00:41:09-05:00,PUR_IED_ManuelitaS_JuzgDe_f58ec3,PUR_IED_ManuelitaS_JuzgDe_f58ec3,,,,,
2026-09-12T00:41:09-05:00,PUR_IED_ManuelitaS_Recrea_d793db,PUR_IED_ManuelitaS_Recrea_d793db,,,,,
2026-09-12T00:41:09-05:00,PUR_IED_MarFidSuarez_Ext_c27b19,PUR_IED_MarFidSuarez_Ext_c27b19,,,,,
2026-09-12T00:41:09-05:00,PUR_IED_MarFidSuarez_Info_e384d7,PUR_IED_MarFidSuarez_Info_e384d7,,,,,
2026-09-12T00:41:09-05:00,PUR_IED_MarFidSuarez_S306_1d0032,PUR_IED_MarFidSuarez_S306_1d0032,,,,,
2026-09-12T00:41:09-05:00,PUR_IED_Menorah_301_2a25a3,PUR_IED_Menorah_301_2a25a3,,,,,
2026-09-12T00:41:09-05:00,PUR_IED_Menorah_306_37ed3,PUR_IED_Menorah_306_37ed3,,,,,
2026-09-12T00:41:09-05:00,PUR_IED_Menorah_Ext_3e155b,PUR_IED_Menorah_Ext_3e155b,,,,,
2026-09-12T00:41:09-05:00,PUR_IED_MinutoB.Aires_A11_1b1604,PUR_IED_MinutoB.Aires_A11_1b1604,,,,,
2026-09-12T00:41:09-05:00,PUR_IED_MinutoB.Aires_A12_fb5860,PUR_IED_MinutoB.Aires_A12_fb5860,,,,,
2026-09-12T00:41:09-05:00,PUR_IED_MinutoB.Aires_Ext_81293f,PUR_IED_MinutoB.Aires_Ext_81293f,,,,,
2026-09-12T00:41:09-05:00,PUR_IED_MinutoBAires_A11_1b1604,PUR_IED_MinutoBAires_A11_1b1604,,,,,
2026-09-12T00:41:09-05:00,PUR_IED_MinutoBAires_A12_fb5860,PUR_IED_MinutoBAires_A12_fb5860,,,,,
2026-09-12T00:41:09-05:00,PUR_IED_MinutoBAires_Ext_81293f,PUR_IED_MinutoBAires_Ext_81293f,,,,,
2026-09-12T00:41:09-05:00,PUR_IED_Montreal_Aula10_1e4959,PUR_IED_Montreal_Aula10_1e4959,,,,,
2026-09-12T00:41:09-05:00,PUR_IED_Montreal_Aula6_300367,PUR_IED_Montreal_Aula6_300367,,,,,
2026-09-12T00:41:09-05:00,PUR_IED_Montreal_Exterior_91a179,PUR_IED_Montreal_Exterior_91a179,,,,,
2026-09-12T00:41:09-05:00,PUR_IED_Mqgdalena_B202_5ddda3,PUR_IED_Mqgdalena_B202_5ddda3,,,,,
2026-09-12T00:41:09-05:00,PUR_IED_NACUND_Soc_dc8728,PUR_IED_NACUND_Soc_dc8728,,,,,
2026-09-12T00:41:09-05:00,PUR_IED_NACUND_ext_27ad97,PUR_IED_NACUND_ext_27ad97,,,,,
2026-09-12T00:41:09-05:00,PUR_IED_NEsperanza_Ext_d24b61,PUR_IED_NEsperanza_Ext_d24b61,,,,,
2026-09-12T00:41:09-05:00,PUR_IED_NEsperanza_SElect_7d1807,PUR_IED_NEsperanza_SElect_7d1807,,,,,
2026-09-12T00:41:09-05:00,PUR_IED_NEsperanza_SLabor_8b2d0a,PUR_IED_NEsperanza_SLabor_8b2d0a,,,,,
2026-09-12T00:41:09-05:00,PUR_IED_NacionesU_Ext_f661a9,PUR_IED_NacionesU_Ext_f661a9,,,,,
2026-09-12T00:41:09-05:00,PUR_IED_NacionesU_Quimica_66f0a,PUR_IED_NacionesU_Quimica_66f0a,,,,,
2026-09-12T00:41:09-05:00,PUR_IED_NacionesU_S306_1b4b3d,PUR_IED_NacionesU_S306_1b4b3d,,,,,
2026-09-12T00:41:09-05:00,PUR_IED_NestorFA_Ext_e4201c,PUR_IED_NestorFA_Ext_e4201c,,,,,
2026-09-12T00:41:09-05:00,PUR_IED_NestorFA_Laborato_f22fe0,PUR_IED_NestorFA_Laborato_f22fe0,,,,,
2026-09-12T00:41:09-05:00,PUR_IED_NestorFA_S204_dee996,PUR_IED_NestorFA_S204_dee996,,,,,
2026-09-12T00:41:09-05:00,PUR_IED_NidyaQT_Aula03_76999b,PUR_IED_NidyaQT_Aula03_76999b,,,,,
2026-09-12T00:41:09-05:00,PUR_IED_NidyaQT_Aula10_56325,PUR_IED_NidyaQT_Aula10_56325,,,,,
2026-09-12T00:41:09-05:00,PUR_IED_NidyaQT_Ext_46e32d,PUR_IED_NidyaQT_Ext_46e32d,,,,,
2026-09-12T00:41:09-05:00,PUR_IED_NuevaCol_Exterior_d9b859,PUR_IED_NuevaCol_Exterior_d9b859,,,,,
2026-09-12T00:41:09-05:00,PUR_IED_NuevaCol_S1101_76c43b,PUR_IED_NuevaCol_S1101_76c43b,,,,,
2026-09-12T00:41:09-05:00,PUR_IED_NuevaCol_S1102_1ce0b5,PUR_IED_NuevaCol_S1102_1ce0b5,,,,,
2026-09-12T00:41:09-05:00,PUR_IED_OEA_A202_f7e3f2,PUR_IED_OEA_A202_f7e3f2,,,,,
2026-09-12T00:41:09-05:00,PUR_IED_OEA_A203_7d1b8d,PUR_IED_OEA_A203_7d1b8d,,,,,
2026-09-12T00:41:09-05:00,PUR_IED_OEA_Ext_27b593,PUR_IED_OEA_Ext_27b593,,,,,
2026-09-12T00:41:09-05:00,PUR_IED_Ochoa_Ext_1c29da,PUR_IED_Ochoa_Ext_1c29da,,,,,
2026-09-12T00:41:09-05:00,PUR_IED_Ochoa_S205_8b1121,PUR_IED_Ochoa_S205_8b1121,,,,,
2026-09-12T00:41:09-05:00,PUR_IED_Ochoa_Sistemas_f33af6,PUR_IED_Ochoa_Sistemas_f33af6,,,,,
2026-09-12T00:41:09-05:00,PUR_IED_PQuebec_Ext_1c67c7,PUR_IED_PQuebec_Ext_1c67c7,,,,,
2026-09-12T00:41:09-05:00,PUR_IED_PQuebec_S15_23e8e2,PUR_IED_PQuebec_S15_23e8e2,,,,,
2026-09-12T00:41:09-05:00,PUR_IED_PQuebec_S16_8ec76b,PUR_IED_PQuebec_S16_8ec76b,,,,,
2026-09-12T00:41:09-05:00,PUR_IED_PabloN_Ext_49dc96,PUR_IED_PabloN_Ext_49dc96,,,,,
2026-09-12T00:41:09-05:00,PUR_IED_PabloN_S1102_4e3df5,PUR_IED_PabloN_S1102_4e3df5,,,,,
2026-09-12T00:41:09-05:00,PUR_IED_PabloN_S1103_50c94b,PUR_IED_PabloN_S1103_50c94b,,,,,
2026-09-12T00:41:09-05:00,PUR_IED_Palestina_S1101_db9198,PUR_IED_Palestina_S1101_db9198,,,,,
2026-09-12T00:41:09-05:00,PUR_IED_Palestina_S1102_dc54fa,PUR_IED_Palestina_S1102_dc54fa,,,,,
2026-09-12T00:41:09-05:00,PUR_IED_Palestina_ext_4ccce6,PUR_IED_Palestina_ext_4ccce6,,,,,
2026-09-12T00:41:09-05:00,PUR_IED_Panama_Fisica_4d0794,PUR_IED_Panama_Fisica_4d0794,,,,,
2026-09-12T00:41:09-05:00,PUR_IED_Panama_SIngles_a4077e,PUR_IED_Panama_SIngles_a4077e,,,,,
2026-09-12T00:41:09-05:00,PUR_IED_Panama_ext_4c54b4,PUR_IED_Panama_ext_4c54b4,,,,,
2026-09-12T00:41:09-05:00,PUR_IED_ParaisoM_Exterior_8cd7f0,PUR_IED_ParaisoM_Exterior_8cd7f0,,,,,
2026-09-12T00:41:09-05:00,PUR_IED_ParaisoM_Laborato_27af35,PUR_IED_ParaisoM_Laborato_27af35,,,,,
2026-09-12T00:41:09-05:00,PUR_IED_ParaisoM_S304_d1edca,PUR_IED_ParaisoM_S304_d1edca,,,,,
2026-09-12T00:41:09-05:00,PUR_IED_PorfirioBarba_Ext_301466,PUR_IED_PorfirioBarba_Ext_301466,,,,,
2026-09-12T00:41:09-05:00,PUR_IED_PorfirioBarba_S11_df6cd2,PUR_IED_PorfirioBarba_S11_df6cd2,,,,,
2026-09-12T00:41:09-05:00,PUR_IED_PorfirioBarba_S29_27a7d6,PUR_IED_PorfirioBarba_S29_27a7d6,,,,,
2026-09-12T00:41:09-05:00,PUR_IED_PradoV_Exter_8b27ad,PUR_IED_PradoV_Exter_8b27ad,,,,,
2026-09-12T00:41:09-05:00,PUR_IED_PradoV_S301_de65b5,PUR_IED_PradoV_S301_de65b5,,,,,
2026-09-12T00:41:09-05:00,PUR_IED_PradoV_S302_7d2593,PUR_IED_PradoV_S302_7d2593,,,,,
2026-09-12T00:41:09-05:00,PUR_IED_QuirogaAlz_Ext_1ddc82,PUR_IED_QuirogaAlz_Ext_1ddc82,,,,,
2026-09-12T00:41:09-05:00,PUR_IED_QuirogaAlz_S302_9926a3,PUR_IED_QuirogaAlz_S302_9926a3,,,,,
2026-09-12T00:41:09-05:00,PUR_IED_QuirogaAlz_S305_cdf1f1,PUR_IED_QuirogaAlz_S305_cdf1f1,,,,,
2026-09-12T00:41:09-05:00,PUR_IED_RGuatemala_Biling_dc53b7,PUR_IED_RGuatemala_Biling_dc53b7,,,,,
2026-09-12T00:41:09-05:00,PUR_IED_RGuatemala_Ext_1b89a3,PUR_IED_RGuatemala_Ext_1b89a3,,,,,
2026-09-12T00:41:09-05:00,PUR_IED_RGuatemala_Tecnol_281a34,PUR_IED_RGuatemala_Tecnol_281a34,,,,,
2026-09-12T00:41:09-05:00,PUR_IED_RafaNu_Ext_f7c302,PUR_IED_RafaNu_Ext_f7c302,,,,,
2026-09-12T00:41:09-05:00,PUR_IED_RafaNu_S1101_25fde,PUR_IED_RafaNu_S1101_25fde,,,,,
2026-09-12T00:41:09-05:00,PUR_IED_RafaNu_S1102_281517,PUR_IED_RafaNu_S1102_281517,,,,,
2026-09-12T00:41:09-05:00,PUR_IED_RafaelB_S305_ee2783,PUR_IED_RafaelB_S305_ee2783,,,,,
2026-09-12T00:41:09-05:00,PUR_IED_RafaelB_S306_75fe33,PUR_IED_RafaelB_S306_75fe33,,,,,
2026-09-12T00:41:09-05:00,PUR_IED_RafaelB_ext_283336,PUR_IED_RafaelB_ext_283336,3,18,59,4.6722,-74.0737
2026-09-12T00:41:09-05:00,PUR_IED_RafaelUU_Exterior_281a51,PUR_IED_RafaelUU_Exterior_281a51,,,,,
2026-09-12T00:41:09-05:00,PUR_IED_RafaelUU_Human_806b2,PUR_IED_RafaelUU_Human_806b2,,,,,
2026-09-12T00:41:09-05:00,PUR_IED_RafaelUU_Mate2_5680d4,PUR_IED_RafaelUU_Mate2_5680d4,,,,,
2026-09-12T00:41:09-05:00,PUR_IED_RamonSub_Ext_f9eeb9,PUR_IED_RamonSub_Ext_f9eeb9,,,,,
2026-09-12T00:41:09-05:00,PUR_IED_RamonSub_Media_d1f62f,PUR_IED_RamonSub_Media_d1f62f,,,,,
2026-09-12T00:41:09-05:00,PUR_IED_RamonSub_planta_51b82,PUR_IED_RamonSub_planta_51b82,,,,,
2026-09-12T00:41:09-05:00,PUR_IED_RepBoliVene_Exter_27af7c,PUR_IED_RepBoliVene_Exter_27af7c,,,,,
2026-09-12T00:41:09-05:00,PUR_IED_RepBoliVene_SCPT_5ae2ee,PUR_IED_RepBoliVene_SCPT_5ae2ee,,,,,
2026-09-12T00:41:09-05:00,PUR_IED_RepBoliVene_Socia_4b11d5,PUR_IED_RepBoliVene_Socia_4b11d5,,,,,
2026-09-12T00:41:09-05:00,PUR_IED_RepChina_Ext_76d9ee,PUR_IED_RepChina_Ext_76d9ee,,,,,
2026-09-12T00:41:09-05:00,PUR_IED_RepChina_S404_7c804c,PUR_IED_RepChina_S404_7c804c,,,,,
2026-09-12T00:41:09-05:00,PUR_IED_RepChina_S405_df2c33,PUR_IED_RepChina_S405_df2c33,,,,,
2026-09-12T00:41:09-05:00,PUR_IED_RepublicaC_Exteri_7d1ec9,PUR_IED_RepublicaC_Exteri_7d1ec9,,,,,
2026-09-12T00:41:09-05:00,PUR_IED_RepublicaC_S1101_f544b3,PUR_IED_RepublicaC_S1101_f544b3,,,,,
2026-09-12T00:41:09-05:00,PUR_IED_RepublicaC_S1102_7aafc7,PUR_IED_RepublicaC_S1102_7aafc7,,,,,
2026-09-12T00:41:09-05:00,PUR_IED_Ricaurte_Externo_a0ea1,PUR_IED_Ricaurte_Externo_a0ea1,,,,,
2026-09-12T00:41:09-05:00,PUR_IED_Ricaurte_S210_f546fd,PUR_IED_Ricaurte_S210_f546fd,,,,,
2026-09-12T00:41:09-05:00,PUR_IED_Ricaurte_S309_d4452,PUR_IED_Ricaurte_S309_d4452,,,,,
2026-09-12T00:41:09-05:00,PUR_IED_RogelioS_1102_531e69,PUR_IED_RogelioS_1102_531e69,,,,,
2026-09-12T00:41:09-05:00,PUR_IED_RogelioS_Ext_f25a18,PUR_IED_RogelioS_Ext_f25a18,,,,,
2026-09-12T00:41:09-05:00,PUR_IED_SBernardino_Ext_27aff8,PUR_IED_SBernardino_Ext_27aff8,,,,,
2026-09-12T00:41:09-05:00,PUR_IED_SBernardino_SArte_2ffd33,PUR_IED_SBernardino_SArte_2ffd33,,,,,
2026-09-12T00:41:09-05:00,PUR_IED_SBernardino_SIngl_7c7da5,PUR_IED_SBernardino_SIngl_7c7da5,,,,,
2026-09-12T00:41:09-05:00,PUR_IED_Sago_auditorio_dc9d1d,PUR_IED_Sago_auditorio_dc9d1d,,,,,
2026-09-12T00:41:09-05:00,PUR_IED_Saludcoop_Ext_95aac3,PUR_IED_Saludcoop_Ext_95aac3,,,,,
2026-09-12T00:41:09-05:00,PUR_IED_Saludcoop_InfI_90c854,PUR_IED_Saludcoop_InfI_90c854,,,,,
2026-09-12T00:41:09-05:00,PUR_IED_Saludcoop_SMedia_1b93be,PUR_IED_Saludcoop_SMedia_1b93be,,,,,
2026-09-12T00:41:09-05:00,PUR_IED_SanCarlos_1101_1a2360,PUR_IED_SanCarlos_1101_1a2360,,,,,
2026-09-12T00:41:09-05:00,PUR_IED_SanCarlos_1103_7bafb5,PUR_IED_SanCarlos_1103_7bafb5,,,,,
2026-09-12T00:41:09-05:00,PUR_IED_SanCarlos_Ext_b7cd1,PUR_IED_SanCarlos_Ext_b7cd1,,,,,
2026-09-12T00:41:09-05:00,PUR_IED_SanIgnacioBosa11a_50c26e,PUR_IED_SanIgnacioBosa11a_50c26e,,,,,
2026-09-12T00:41:09-05:00,PUR_IED_SanIgnacioBosa11b_371de8,PUR_IED_SanIgnacioBosa11b_371de8,,,,,
2026-09-12T00:41:09-05:00,PUR_IED_SanIgnacioBosaExt_ef0ffc,PUR_IED_SanIgnacioBosaExt_ef0ffc,,,,,
2026-09-12T00:41:09-05:00,PUR_IED_SanIgnacioBosa_11a_50c26e,PUR_IED_SanIgnacioBosa_11a_50c26e,,,,,
2026-09-12T00:41:09-05:00,PUR_IED_SanIgnacioBosa_Ext_ef0ffc,PUR_IED_SanIgnacioBosa_Ext_ef0ffc,,,,,
2026-09-12T00:41:09-05:00,PUR_IED_SanJoseN_intS1101_31c47f,PUR_IED_SanJoseN_intS1101_31c47f,,,,,
2026-09-12T00:41:09-05:00,PUR_IED_SanJoseUsm_Exter_f5d7e8,PUR_IED_SanJoseUsm_Exter_f5d7e8,,,,,
2026-09-12T00:41:09-05:00,PUR_IED_SanJoseUsm_Int11A_cfdef6,PUR_IED_SanJoseUsm_Int11A_cfdef6,,,,,
2026-09-12T00:41:09-05:00,PUR_IED_SilveriaR_IntB5_905349,PUR_IED_SilveriaR_IntB5_905349,,,,,
2026-09-12T00:41:09-05:00,PUR_IED_SilveriaR_IntSD14_981f93,PUR_IED_SilveriaR_IntSD14_981f93,,,,,
2026-09-12T00:41:09-05:00,PUR_IED_SilveriaR_ext_2b651d,PUR_IED_SilveriaR_ext_2b651d,,,,,
2026-09-12T00:41:09-05:00,PUR_IED_SimonB_Exterior_913975,PUR_IED_SimonB_Exterior_913975,,,,,
2026-09-12T00:41:09-05:00,PUR_IED_SimonB_LabQuimi_c56908,PUR_IED_SimonB_LabQuimi_c56908,,,,,
2026-09-12T00:41:09-05:00,PUR_IED_SimonB_informatic_a28c1,PUR_IED_SimonB_informatic_a28c1,,,,,
2026-09-12T00:41:09-05:00,PUR_IED_Sorrento_1102_315f50,PUR_IED_Sorrento_1102_315f50,,,,,
2026-09-12T00:41:09-05:00,PUR_IED_Sorrento_Minte_214eab,PUR_IED_Sorrento_Minte_214eab,,,,,
2026-09-12T00:41:09-05:00,PUR_IED_Sorrento_ext_7c3a0a,PUR_IED_Sorrento_ext_7c3a0a,,,,,
2026-09-12T00:41:09-05:00,PUR_IED_Tabora_Ext_f048ae,PUR_IED_Tabora_Ext_f048ae,,,,,
2026-09-12T00:41:09-05:00,PUR_IED_Tabora_S1102_b07752,PUR_IED_Tabora_S1102_b07752,,,,,
2026-09-12T00:41:09-05:00,PUR_IED_Tabora_S1103_d988f5,PUR_IED_Tabora_S1103_d988f5,,,,,
2026-09-12T00:41:09-05:00,PUR_IED_Tenerife_Ext_1ab188,PUR_IED_Tenerife_Ext_1ab188,,,,,
2026-09-12T00:41:09-05:00,PUR_IED_Tenerife_SDanzas_7bc02e,PUR_IED_Tenerife_SDanzas_7bc02e,,,,,
2026-09-12T00:41:09-05:00,PUR_IED_Tenerife_SIngles_7cc277,PUR_IED_Tenerife_SIngles_7cc277,,,,,
2026-09-12T00:41:09-05:00,PUR_IED_Tibabuyes_Exter_f2683d,PUR_IED_Tibabuyes_Exter_f2683d,,,,,
2026-09-12T00:41:09-05:00,PUR_IED_Tibabuyes_S10_dc87a8,PUR_IED_Tibabuyes_S10_dc87a8,,,,,
2026-09-12T00:41:09-05:00,PUR_IED_Tibabuyes_S15_dc0526,PUR_IED_Tibabuyes_S15_dc0526,,,,,
2026-09-12T00:41:09-05:00,PUR_IED_UnionE_S301_a1043,PUR_IED_UnionE_S301_a1043,,,,,
2026-09-12T00:41:09-05:00,PUR_IED_UnionE_S307_ff6c2f,PUR_IED_UnionE_S307_ff6c2f,,,,,
2026-09-12T00:41:09-05:00,PUR_IED_UnionE__Ext_5e2468,PUR_IED_UnionE__Ext_5e2468,,,,,
2026-09-12T00:41:09-05:00,PUR_IED_VillaRica_Ext_75be7c,PUR_IED_VillaRica_Ext_75be7c,,,,,
2026-09-12T00:41:09-05:00,PUR_IED_VillaRica_S4_cc5dcd,PUR_IED_VillaRica_S4_cc5dcd,,,,,
2026-09-12T00:41:09-05:00,PUR_IED_VillaRica_Sesp_99f5c,PUR_IED_VillaRica_Sesp_99f5c,,,,,
2026-09-12T00:46:06-05:00,PUR_IED_20deJulio_1101_91b1b9,PUR_IED_20deJulio_1101_91b1b9,,,,,
2026-09-12T00:46:06-05:00,PUR_IED_20deJulio_1102_1cfcf9,PUR_IED_20deJulio_1102_1cfcf9,,,,,
2026-09-12T00:46:06-05:00,PUR_IED_20deJulio_Ext_ab60bd,PUR_IED_20deJulio_Ext_ab60bd,,,,,
2026-09-12T00:46:06-05:00,PUR_IED_AgustinFer_Ext_7b9b77,PUR_IED_AgustinFer_Ext_7b9b77,,,,,
2026-09-12T00:46:06-05:00,PUR_IED_AgustinFer_Info2_27b3a7,PUR_IED_AgustinFer_Info2_27b3a7,,,,,
2026-09-12T00:46:06-05:00,PUR_IED_AgustinFer_Sena_54b4eb,PUR_IED_AgustinFer_Sena_54b4eb,,,,,
2026-09-12T00:46:06-05:00,PUR_IED_AlexanderF_1102_caf07b,PUR_IED_AlexanderF_1102_caf07b,,,,,
2026-09-12T00:46:06-05:00,PUR_IED_AlexanderF_1103_c79e71,PUR_IED_AlexanderF_1103_c79e71,,,,,
2026-09-12T00:46:06-05:00,PUR_IED_AlexanderF_Ext_c5b18b,PUR_IED_AlexanderF_Ext_c5b18b,,,,,
2026-09-12T00:46:06-05:00,PUR_IED_AlfonsoLopez_Ext_281d77,PUR_IED_AlfonsoLopez_Ext_281d77,,,,,
2026-09-12T00:46:06-05:00,PUR_IED_AlfonsoLopez_LabF_888ce0,PUR_IED_AlfonsoLopez_LabF_888ce0,,,,,
2026-09-12T00:46:06-05:00,PUR_IED_AlfonsoLopez_SMed_df6a7f,PUR_IED_AlfonsoLopez_SMed_df6a7f,,,,,
2026-09-12T00:46:06-05:00,PUR_IED_AltamiraSO_A2_209f92,PUR_IED_AltamiraSO_A2_209f92,,,,,
2026-09-12T00:46:06-05:00,PUR_IED_AltamiraSO_Ext_186d66,PUR_IED_AltamiraSO_Ext_186d66,,,,,
2026-09-12T00:46:06-05:00,PUR_IED_AltamiraSO_Sistem_27afe1,PUR_IED_AltamiraSO_Sistem_27afe1,,,,,
2026-09-12T00:46:06-05:00,PUR_IED_AlvaroGom_LabQuim_813179,PUR_IED_AlvaroGom_LabQuim_813179,,,,,
2026-09-12T00:46:06-05:00,PUR_IED_AlvaroGomez_Ext_47c7ca,PUR_IED_AlvaroGomez_Ext_47c7ca,,,,,
2026-09-12T00:46:06-05:00,PUR_IED_AlvaroGomez_LabQuim_813179,PUR_IED_AlvaroGomez_LabQuim_813179,,,,,
2026-09-12T00:46:06-05:00,PUR_IED_AlvaroGomez_S23_7ba89f,PUR_IED_AlvaroGomez_S23_7ba89f,,,,,
2026-09-12T00:46:06-05:00,PUR_IED_Amistad_306_dc8728,PUR_IED_Amistad_306_dc8728,,,,,
2026-09-12T00:46:06-05:00,PUR_IED_Amistad_Ext_8cd55e,PUR_IED_Amistad_Ext_8cd55e,,,,,
2026-09-12T00:46:06-05:00,PUR_IED_Amistad_S202_a41169,PUR_IED_Amistad_S202_a41169,,,,,
2026-09-12T00:46:06-05:00,PUR_IED_AndresBello_Bio_fd5f5e,PUR_IED_AndresBello_Bio_fd5f5e,,,,,
2026-09-12T00:46:06-05:00,PUR_IED_AndresBello_ext_dcad65,PUR_IED_AndresBello_ext_dcad65,,,,,
2026-09-12T00:46:06-05:00,PUR_IED_AndresBello_port_eed3ec,PUR_IED_AndresBello_port_eed3ec,,,,,
2026-09-12T00:46:06-05:00,PUR_IED_AngelaR_11b_d90a6b,PUR_IED_AngelaR_11b_d90a6b,,,,,
2026-09-12T00:46:06-05:00,PUR_IED_AngelaR_ext_7cad3e,PUR_IED_AngelaR_ext_7cad3e,7,20,59,4.5825,-74.164497
2026-09-12T00:46:06-05:00,PUR_IED_AntJoseSucre_10mo_df2575,PUR_IED_AntJoseSucre_10mo_df2575,,,,,
2026-09-12T00:46:06-05:00,PUR_IED_AntJoseSucre_Ext_215b36,PUR_IED_AntJoseSucre_Ext_215b36,,,,,
2026-09-12T00:46:06-05:00,PUR_IED_AntJoseSucre_Lab_3139de,PUR_IED_AntJoseSucre_Lab_3139de,,,,,
2026-09-12T00:46:06-05:00,PUR_IED_AntonioGarcia_301_d6b188,PUR_IED_AntonioGarcia_301_d6b188,,,,,
2026-09-12T00:46:06-05:00,PUR_IED_AntonioGarcia_302_88a82,PUR_IED_AntonioGarcia_302_88a82,,,,,
2026-09-12T00:46:06-05:00,PUR_IED_AntonioGarcia_Ext_20950c,PUR_IED_AntonioGarcia_Ext_20950c,,,,,
2026-09-12T00:46:06-05:00,PUR_IED_AntonioVan_Aula2_6dea02,PUR_IED_AntonioVan_Aula2_6dea02,,,,,
2026-09-12T00:46:06-05:00,PUR_IED_AntonioVan_Aula5_f1557e,PUR_IED_AntonioVan_Aula5_f1557e,,,,,
2026-09-12T00:46:06-05:00,PUR_IED_AntonioVan_Ext_406f2f,PUR_IED_AntonioVan_Ext_406f2f,,,,,
2026-09-12T00:46:06-05:00,PUR_IED_Atabanzha_Ext_cc5af9,PUR_IED_Atabanzha_Ext_cc5af9,,,,,
2026-09-12T00:46:06-05:00,PUR_IED_Atabanzha_SA101_56c37,PUR_IED_Atabanzha_SA101_56c37,,,,,
2026-09-12T00:46:06-05:00,PUR_IED_Atabanzha_SB302_27b374,PUR_IED_Atabanzha_SB302_27b374,,,,,
2026-09-12T00:46:06-05:00,PUR_IED_Atahualpa_Ext_fc1748,PUR_IED_Atahualpa_Ext_fc1748,,,,,
2026-09-12T00:46:06-05:00,PUR_IED_Atahualpa_Informa_dc9a95,PUR_IED_Atahualpa_Informa_dc9a95,,,,,
2026-09-12T00:46:06-05:00,PUR_IED_Atahualpa_S1101_f98056,PUR_IED_Atahualpa_S1101_f98056,,,,,
2026-09-12T00:46:06-05:00,PUR_IED_Bellavista_Ext_f5aa74,PUR_IED_Bellavista_Ext_f5aa74,,,,,
2026-09-12T00:46:06-05:00,PUR_IED_Bilbao_11A_916c41,PUR_IED_Bilbao_11A_916c41,,,,,
2026-09-12T00:46:06-05:00,PUR_IED_Bilbao_Ext_fb579a,PUR_IED_Bilbao_Ext_fb579a,,,,,
2026-09-12T00:46:06-05:00,PUR_IED_BrasiliaU_A125_304280,PUR_IED_BrasiliaU_A125_304280,,,,,
2026-09-12T00:46:06-05:00,PUR_IED_BrasiliaU_A203_7c8ca5,PUR_IED_BrasiliaU_A203_7c8ca5,,,,,
2026-09-12T00:46:06-05:00,PUR_IED_BrasiliaU_Ext_8d6e9f,PUR_IED_BrasiliaU_Ext_8d6e9f,4,17,63,4.5175,-74.116302
2026-09-12T00:46:06-05:00,PUR_IED_Brasilia_Ext_fe6593,PUR_IED_Brasilia_Ext_fe6593,,,,,
2026-09-12T00:46:06-05:00,PUR_IED_Brasilia_S24_7c130d,PUR_IED_Brasilia_S24_7c130d,,,,,
2026-09-12T00:46:06-05:00,PUR_IED_Brasilia_S501_186a54,PUR_IED_Brasilia_S501_186a54,,,,,
2026-09-12T00:46:06-05:00,PUR_IED_CHARRY_EXT_f1d5cd,PUR_IED_CHARRY_EXT_f1d5cd,,,,,
2026-09-12T00:46:06-05:00,PUR_IED_CHARRY_INTDANZAS_7a08e6,PUR_IED_CHARRY_INTDANZAS_7a08e6,,,,,
2026-09-12T00:46:06-05:00,PUR_IED_CHARRY_INT_AULA20_dc998d,PUR_IED_CHARRY_INT_AULA20_dc998d,,,,,
2026-09-12T00:46:06-05:00,PUR_IED_COLVIV_1101_S25_7f520a,PUR_IED_COLVIV_1101_S25_7f520a,,,,,
2026-09-12T00:46:06-05:00,PUR_IED_COLVIV_1102_S16_f570ba,PUR_IED_COLVIV_1102_S16_f570ba,,,,,
2026-09-12T00:46:06-05:00,PUR_IED_COLVIV_Ext_1a26fa,PUR_IED_COLVIV_Ext_1a26fa,,,,,
2026-09-12T00:46:06-05:00,PUR_IED_CULPOP_301A_f660f3,PUR_IED_CULPOP_301A_f660f3,,,,,
2026-09-12T00:46:06-05:00,PUR_IED_CULPOP_303_568afe,PUR_IED_CULPOP_303_568afe,,,,,
2026-09-12T00:46:06-05:00,PUR_IED_CULPOP_Ext_e02ccb,PUR_IED_CULPOP_Ext_e02ccb,,,,,
2026-09-12T00:46:06-05:00,PUR_IED_CVillavicen_Ext_26eb58,PUR_IED_CVillavicen_Ext_26eb58,4,15,77,4.487,-74.102798
2026-09-12T00:46:06-05:00,PUR_IED_CVillavicen_Intel_1ce5c2,PUR_IED_CVillavicen_Intel_1ce5c2,,,,,
2026-09-12T00:46:06-05:00,PUR_IED_CVillavicen_Poliv_e0766c,PUR_IED_CVillavicen_Poliv_e0766c,,,,,
2026-09-12T00:46:06-05:00,PUR_IED_CVillavicen_int_1ba140,PUR_IED_CVillavicen_int_1ba140,,,,,
2026-09-12T00:46:06-05:00,PUR_IED_CVillavicen_intel_1ba140,PUR_IED_CVillavicen_intel_1ba140,,,,,
2026-09-12T00:46:06-05:00,PUR_IED_CarlosPizarro_Ext_e307cc,PUR_IED_CarlosPizarro_Ext_e307cc,,,,,
2026-09-12T00:46:06-05:00,PUR_IED_CarlosPizarro_L36_7e5cdb,PUR_IED_CarlosPizarro_L36_7e5cdb,,,,,
2026-09-12T00:46:06-05:00,PUR_IED_CarlosPizarro_L37_c8566c,PUR_IED_CarlosPizarro_L37_c8566c,,,,,
2026-09-12T00:46:06-05:00,PUR_IED_Castilla_Ext_cf35f,PUR_IED_Castilla_Ext_cf35f,,,,,
2026-09-12T00:46:06-05:00,PUR_IED_Castilla_SFisik_360e38,PUR_IED_Castilla_SFisik_360e38,,,,,
2026-09-12T00:46:06-05:00,PUR_IED_Castilla_Sc304_496fbf,PUR_IED_Castilla_Sc304_496fbf,,,,,
2026-09-12T00:46:06-05:00,PUR_IED_CervantesSa_Ext_6b57b,PUR_IED_CervantesSa_Ext_6b57b,4,17,69,4.5128,-74.117203
2026-09-12T00:46:06-05:00,PUR_IED_CervantesSa_S107_225c2b,PUR_IED_CervantesSa_S107_225c2b,,,,,
2026-09-12T00:46:06-05:00,PUR_IED_CervantesSa_S108_940925,PUR_IED_CervantesSa_S108_940925,,,,,
2026-09-12T00:46:06-05:00,PUR_IED_Charry_A20_f53e7c,PUR_IED_Charry_A20_f53e7c,,,,,
2026-09-12T00:46:06-05:00,PUR_IED_Charry_Ext_f1d5cd,PUR_IED_Charry_Ext_f1d5cd,,,,,
2026-09-12T00:46:06-05:00,PUR_IED_Charry_IntAula20_dc998d,PUR_IED_Charry_IntAula20_dc998d,,,,,
2026-09-12T00:46:06-05:00,PUR_IED_Charry_IntDanzas_7a08e6,PUR_IED_Charry_IntDanzas_7a08e6,,,,,
2026-09-12T00:46:06-05:00,PUR_IED_ClememciaC_203_43e2fc,PUR_IED_ClememciaC_203_43e2fc,,,,,
2026-09-12T00:46:06-05:00,PUR_IED_ClememciaC_Ext_1b411a,PUR_IED_ClememciaC_Ext_1b411a,,,,,
2026-09-12T00:46:06-05:00,PUR_IED_ClememciaC_Quimic_44b5fc,PUR_IED_ClememciaC_Quimic_44b5fc,,,,,
2026-09-12T00:46:06-05:00,PUR_IED_ClemenciaC_203_43e2fc,PUR_IED_ClemenciaC_203_43e2fc,,,,,
2026-09-12T00:46:06-05:00,PUR_IED_ClemenciaC_Ext_1b411a,PUR_IED_ClemenciaC_Ext_1b411a,,,,,
2026-09-12T00:46:06-05:00,PUR_IED_ClemenciaC_Quimic_44b5fc,PUR_IED_ClemenciaC_Quimic_44b5fc,,,,,
2026-09-12T00:46:06-05:00,PUR_IED_ColViva_1101_S25_7f520a,PUR_IED_ColViva_1101_S25_7f520a,,,,,
2026-09-12T00:46:06-05:00,PUR_IED_ColViva_1102_S16_f570ba,PUR_IED_ColViva_1102_S16_f570ba,,,,,
2026-09-12T00:46:06-05:00,PUR_IED_ColViva_Ext_1a26fa,PUR_IED_ColViva_Ext_1a26fa,,,,,
2026-09-12T00:46:06-05:00,PUR_IED_ColegioBici_Asist_7c8798,PUR_IED_ColegioBici_Asist_7c8798,,,,,
2026-09-12T00:46:06-05:00,PUR_IED_ColegioBici_Ext_25cbf6,PUR_IED_ColegioBici_Ext_25cbf6,,,,,
2026-09-12T00:46:06-05:00,PUR_IED_ColegioBici_LabQ_7b57db,PUR_IED_ColegioBici_LabQ_7b57db,,,,,
2026-09-12T00:46:06-05:00,PUR_IED_CostaRica_Ext_5e640,PUR_IED_CostaRica_Ext_5e640,,,,,
2026-09-12T00:46:06-05:00,PUR_IED_CostaRica_Quim1_766d1c,PUR_IED_CostaRica_Quim1_766d1c,,,,,
2026-09-12T00:46:06-05:00,PUR_IED_CostaRica__Fisica_6f0873,PUR_IED_CostaRica__Fisica_6f0873,,,,,
2026-09-12T00:46:06-05:00,PUR_IED_CulPopu_301A_f660f3,PUR_IED_CulPopu_301A_f660f3,,,,,
2026-09-12T00:46:06-05:00,PUR_IED_CulPopu_303_568afe,PUR_IED_CulPopu_303_568afe,,,,,
2026-09-12T00:46:06-05:00,PUR_IED_CulPopu_Ext_e02ccb,PUR_IED_CulPopu_Ext_e02ccb,,,,,
2026-09-12T00:46:06-05:00,PUR_IED_Cundinamarca_Ext_f15985,PUR_IED_Cundinamarca_Ext_f15985,,,,,
2026-09-12T00:46:06-05:00,PUR_IED_Cundinamarca_Info_7aa5d7,PUR_IED_Cundinamarca_Info_7aa5d7,,,,,
2026-09-12T00:46:06-05:00,PUR_IED_Cundinamarca_Tec2_f449c7,PUR_IED_Cundinamarca_Tec2_f449c7,,,,,
2026-09-12T00:46:06-05:00,PUR_IED_DiegoM_Aula1_27b314,PUR_IED_DiegoM_Aula1_27b314,,,,,
2026-09-12T00:46:06-05:00,PUR_IED_DiegoM_Ext_d80ac8,PUR_IED_DiegoM_Ext_d80ac8,,,,,
2026-09-12T00:46:06-05:00,PUR_IED_DiegoM_S25_da928f,PUR_IED_DiegoM_S25_da928f,,,,,
2026-09-12T00:46:06-05:00,PUR_IED_ELRODEO_360881,PUR_IED_ELRODEO_360881,,,,,
2026-09-12T00:46:06-05:00,PUR_IED_ELRODEO_ext_360881,PUR_IED_ELRODEO_ext_360881,,,,,
2026-09-12T00:46:06-05:00,PUR_IED_EduardoU_Ext_1c1969,PUR_IED_EduardoU_Ext_1c1969,,,,,
2026-09-12T00:46:06-05:00,PUR_IED_EduardoU_SCiencia_4dfb94,PUR_IED_EduardoU_SCiencia_4dfb94,,,,,
2026-09-12T00:46:06-05:00,PUR_IED_EduardoU_SQuimica_5a46e7,PUR_IED_EduardoU_SQuimica_5a46e7,,,,,
2026-09-12T00:46:06-05:00,PUR_IED_ElRodeo_Aula14_676984,PUR_IED_ElRodeo_Aula14_676984,,,,,
2026-09-12T00:46:06-05:00,PUR_IED_ElRodeo_Aula16_2dd35b,PUR_IED_ElRodeo_Aula16_2dd35b,,,,,
2026-09-12T00:46:06-05:00,PUR_IED_ElRodeo_Ext_360881,PUR_IED_ElRodeo_Ext_360881,,,,,
2026-09-12T00:46:06-05:00,PUR_IED_ElRodeo_Exterior_8c6d28,PUR_IED_ElRodeo_Exterior_8c6d28,,,,,
2026-09-12T00:46:06-05:00,PUR_IED_ElRodeo_ext_360881,PUR_IED_ElRodeo_ext_360881,,,,,
2026-09-12T00:46:06-05:00,PUR_IED_EmmaReyes_Ext_987625,PUR_IED_EmmaReyes_Ext_987625,15,21,54,4.6367,-74.1511
2026-09-12T00:46:06-05:00,PUR_IED_Ensueño_Ext_7f0250,PUR_IED_Ensueño_Ext_7f0250,,,,,
2026-09-12T00:46:06-05:00,PUR_IED_EscNormal_Ext_5fef3b,PUR_IED_EscNormal_Ext_5fef3b,3,18,58,4.5852,-74.096901
2026-09-12T00:46:06-05:00,PUR_IED_EscNormal_S309_5b263,PUR_IED_EscNormal_S309_5b263,,,,,
2026-09-12T00:46:06-05:00,PUR_IED_EscNormal_S310_27b3b8,PUR_IED_EscNormal_S310_27b3b8,,,,,
2026-09-12T00:46:06-05:00,PUR_IED_Evangelista_Conta_f6cd4f,PUR_IED_Evangelista_Conta_f6cd4f,,,,,
2026-09-12T00:46:06-05:00,PUR_IED_Evangelista_Cri_5e16a,PUR_IED_Evangelista_Cri_5e16a,,,,,
2026-09-12T00:46:06-05:00,PUR_IED_Evangelista_Exter_754066,PUR_IED_Evangelista_Exter_754066,,,,,
2026-09-12T00:46:06-05:00,PUR_IED_FMiranda_S209_5cc2a3,PUR_IED_FMiranda_S209_5cc2a3,,,,,
2026-09-12T00:46:06-05:00,PUR_IED_FMiranda_S303_19e344,PUR_IED_FMiranda_S303_19e344,,,,,
2026-09-12T00:46:06-05:00,PUR_IED_FMiranda_ext_f53e7c,PUR_IED_FMiranda_ext_f53e7c,,,,,
2026-09-12T00:46:06-05:00,PUR_IED_FabioLozano_Bibli_1cee05,PUR_IED_FabioLozano_Bibli_1cee05,,,,,
2026-09-12T00:46:06-05:00,PUR_IED_FabioLozano_Ext_6ea285,PUR_IED_FabioLozano_Ext_6ea285,,,,,
2026-09-12T00:46:06-05:00,PUR_IED_FabioLozano_SLudi_f09e1e,PUR_IED_FabioLozano_SLudi_f09e1e,,,,,
2026-09-12T00:46:06-05:00,PUR_IED_FaustinoS_Aula07_27a731,PUR_IED_FaustinoS_Aula07_27a731,,,,,
2026-09-12T00:46:06-05:00,PUR_IED_FaustinoS_Ext_7b936f,PUR_IED_FaustinoS_Ext_7b936f,,,,,
2026-09-12T00:46:06-05:00,PUR_IED_FaustinoS_Fisica_da2c60,PUR_IED_FaustinoS_Fisica_da2c60,,,,,
2026-09-12T00:46:06-05:00,PUR_IED_FeGarciaLo_Ext_dc68ee,PUR_IED_FeGarciaLo_Ext_dc68ee,,,,,
2026-09-12T00:46:06-05:00,PUR_IED_FeGarciaLo_SDanza_f70a59,PUR_IED_FeGarciaLo_SDanza_f70a59,,,,,
2026-09-12T00:46:06-05:00,PUR_IED_FeGarciaLo_SMusic_125cdd,PUR_IED_FeGarciaLo_SMusic_125cdd,,,,,
2026-09-12T00:46:06-05:00,PUR_IED_FederalAlema_Exte_50c345,PUR_IED_FederalAlema_Exte_50c345,,,,,
2026-09-12T00:46:06-05:00,PUR_IED_FederalAlema_S31_f18371,PUR_IED_FederalAlema_S31_f18371,,,,,
2026-09-12T00:46:06-05:00,PUR_IED_FederalAlema_S901_a62cd,PUR_IED_FederalAlema_S901_a62cd,,,,,
2026-09-12T00:46:06-05:00,PUR_IED_FilarmonicaS_A5_f35eb1,PUR_IED_FilarmonicaS_A5_f35eb1,,,,,
2026-09-12T00:46:06-05:00,PUR_IED_FilarmonicaS_Ext_8a3bde,PUR_IED_FilarmonicaS_Ext_8a3bde,,,,,
2026-09-12T00:46:06-05:00,PUR_IED_FilarmonicaS_Spol_406114,PUR_IED_FilarmonicaS_Spol_406114,,,,,
2026-09-12T00:46:06-05:00,PUR_IED_FlorentinoG_A13_d1fa59,PUR_IED_FlorentinoG_A13_d1fa59,,,,,
2026-09-12T00:46:06-05:00,PUR_IED_FlorentinoG_Ext_1ce6ce,PUR_IED_FlorentinoG_Ext_1ce6ce,,,,,
2026-09-12T00:46:06-05:00,PUR_IED_FlorentinoG_Idiom_a66aac,PUR_IED_FlorentinoG_Idiom_a66aac,,,,,
2026-09-12T00:46:06-05:00,PUR_IED_FranciscoMati_Ext_e3869d,PUR_IED_FranciscoMati_Ext_e3869d,,,,,
2026-09-12T00:46:06-05:00,PUR_IED_FranciscoMati_S13_f31c67,PUR_IED_FranciscoMati_S13_f31c67,,,,,
2026-09-12T00:46:06-05:00,PUR_IED_FranciscoMati_S14_97dead,PUR_IED_FranciscoMati_S14_97dead,,,,,
2026-09-12T00:46:06-05:00,PUR_IED_FranciscoPS_Ext_7bfa9a,PUR_IED_FranciscoPS_Ext_7bfa9a,3,20,58,4.5899,-74.110397
2026-09-12T00:46:06-05:00,PUR_IED_FranciscoPS_Infor_fb8f4c,PUR_IED_FranciscoPS_Infor_fb8f4c,,,,,
2026-09-12T00:46:06-05:00,PUR_IED_FranciscoPS_Quimi_94d39c,PUR_IED_FranciscoPS_Quimi_94d39c,,,,,
2026-09-12T00:46:06-05:00,PUR_IED_FranciscoP_LabQ_d7e148,PUR_IED_FranciscoP_LabQ_d7e148,,,,,
2026-09-12T00:46:06-05:00,PUR_IED_FranciscoP_S28_cf9b30,PUR_IED_FranciscoP_S28_cf9b30,,,,,
2026-09-12T00:46:06-05:00,PUR_IED_FranciscoP_ext_e2313,PUR_IED_FranciscoP_ext_e2313,,,,,
2026-09-12T00:46:06-05:00,PUR_IED_FriederichN_Ext_8ac92a,PUR_IED_FriederichN_Ext_8ac92a,,,,,
2026-09-12T00:46:06-05:00,PUR_IED_FriederichN_S301_dd7e5a,PUR_IED_FriederichN_S301_dd7e5a,,,,,
2026-09-12T00:46:06-05:00,PUR_IED_FriederichN_S308_761f4f,PUR_IED_FriederichN_S308_761f4f,,,,,
2026-09-12T00:46:06-05:00,PUR_IED_GSantander_Aula10_533dd7,PUR_IED_GSantander_Aula10_533dd7,,,,,
2026-09-12T00:46:06-05:00,PUR_IED_GSantander_Aula12_fd4e4f,PUR_IED_GSantander_Aula12_fd4e4f,,,,,
2026-09-12T00:46:06-05:00,PUR_IED_GSantander_Aula310_533dd7,PUR_IED_GSantander_Aula310_533dd7,,,,,
2026-09-12T00:46:06-05:00,PUR_IED_GSantander_Aula312_fd4e4f,PUR_IED_GSantander_Aula312_fd4e4f,,,,,
2026-09-12T00:46:06-05:00,PUR_IED_GSantander_Ext_5f66b0,PUR_IED_GSantander_Ext_5f66b0,,,,,
2026-09-12T00:46:06-05:00,PUR_IED_GYomasa_Ext_f6bea5,PUR_IED_GYomasa_Ext_f6bea5,,,,,
2026-09-12T00:46:06-05:00,PUR_IED_GYomasa_LBiol_2c41aa,PUR_IED_GYomasa_LBiol_2c41aa,,,,,
2026-09-12T00:46:06-05:00,PUR_IED_GYomasa_LQuim_33c80,PUR_IED_GYomasa_LQuim_33c80,,,,,
2026-09-12T00:46:06-05:00,PUR_IED_GabBetMejia_Cienc_5a99c,PUR_IED_GabBetMejia_Cienc_5a99c,,,,,
2026-09-12T00:46:06-05:00,PUR_IED_GabBetMejia_Ext_9153d0,PUR_IED_GabBetMejia_Ext_9153d0,,,,,
2026-09-12T00:46:06-05:00,PUR_IED_GabBetMejia_Lab_f55347,PUR_IED_GabBetMejia_Lab_f55347,,,,,
2026-09-12T00:46:06-05:00,PUR_IED_GabBetanMejia_Ext_9153d0,PUR_IED_GabBetanMejia_Ext_9153d0,,,,,
2026-09-12T00:46:06-05:00,PUR_IED_Gaitana_Aula13_7aac11,PUR_IED_Gaitana_Aula13_7aac11,,,,,
2026-09-12T00:46:06-05:00,PUR_IED_Gaitana_Ext_5fcf4,PUR_IED_Gaitana_Ext_5fcf4,,,,,
2026-09-12T00:46:06-05:00,PUR_IED_Gaitana_LabFisica_644448,PUR_IED_Gaitana_LabFisica_644448,,,,,
2026-09-12T00:46:06-05:00,PUR_IED_GenSantander_Dise_8ac858,PUR_IED_GenSantander_Dise_8ac858,,,,,
2026-09-12T00:46:06-05:00,PUR_IED_GenSantander_Ext_8d5dfe,PUR_IED_GenSantander_Ext_8d5dfe,,,,,
2026-09-12T00:46:06-05:00,PUR_IED_GenSantander_Info_6c25b,PUR_IED_GenSantander_Info_6c25b,,,,,
2026-09-12T00:46:06-05:00,PUR_IED_GustavoMo_Exterio_75e63d,PUR_IED_GustavoMo_Exterio_75e63d,,,,,
2026-09-12T00:46:06-05:00,PUR_IED_GustavoMo_LabFisi_224d37,PUR_IED_GustavoMo_LabFisi_224d37,,,,,
2026-09-12T00:46:06-05:00,PUR_IED_GustavoMo_S208_3e6918,PUR_IED_GustavoMo_S208_3e6918,,,,,
2026-09-12T00:46:06-05:00,PUR_IED_GustavoR_A02_8cd4a8,PUR_IED_GustavoR_A02_8cd4a8,,,,,
2026-09-12T00:46:06-05:00,PUR_IED_GustavoR_B11_5b0ed,PUR_IED_GustavoR_B11_5b0ed,,,,,
2026-09-12T00:46:06-05:00,PUR_IED_GustavoR_Ext_7a0c90,PUR_IED_GustavoR_Ext_7a0c90,,,,,
2026-09-12T00:46:06-05:00,PUR_IED_HernandoDuran_Ext_8cd82b,PUR_IED_HernandoDuran_Ext_8cd82b,,,,,
2026-09-12T00:46:06-05:00,PUR_IED_HernandoDuran_S24_2772c6,PUR_IED_HernandoDuran_S24_2772c6,,,,,
2026-09-12T00:46:06-05:00,PUR_IED_HernandoDuran_S30_f2de41,PUR_IED_HernandoDuran_S30_f2de41,,,,,
2026-09-12T00:46:06-05:00,PUR_IED_HolguInUr_S1101_8cd732,PUR_IED_HolguInUr_S1101_8cd732,,,,,
2026-09-12T00:46:06-05:00,PUR_IED_HolguinUr_Exter_ddae6d,PUR_IED_HolguinUr_Exter_ddae6d,,,,,
2026-09-12T00:46:06-05:00,PUR_IED_HolguinUr_LabQuim_92b952,PUR_IED_HolguinUr_LabQuim_92b952,,,,,
2026-09-12T00:46:06-05:00,PUR_IED_Isabel-II_Ext_5245cc,PUR_IED_Isabel-II_Ext_5245cc,12,19,59,4.6336,-74.153
2026-09-12T00:46:06-05:00,PUR_IED_Isabel-II_S_idiom_1c29aa,PUR_IED_Isabel-II_S_idiom_1c29aa,,,,,
2026-09-12T00:46:06-05:00,PUR_IED_Isabel-II_S_infor_fd741,PUR_IED_Isabel-II_S_infor_fd741,,,,,
2026-09-12T00:46:06-05:00,PUR_IED_IsidroSur_Exterio_5b90ea,PUR_IED_IsidroSur_Exterio_5b90ea,,,,,
2026-09-12T00:46:06-05:00,PUR_IED_IsidroSur_LabTec_56697a,PUR_IED_IsidroSur_LabTec_56697a,,,,,
2026-09-12T00:46:06-05:00,PUR_IED_IsidroSur_Robotic_b7c38f,PUR_IED_IsidroSur_Robotic_b7c38f,,,,,
2026-09-12T00:46:06-05:00,PUR_IED_IsmaelPerd_Ext_7b6672,PUR_IED_IsmaelPerd_Ext_7b6672,,,,,
2026-09-12T00:46:06-05:00,PUR_IED_IsmaelPerd_Inform_306540,PUR_IED_IsmaelPerd_Inform_306540,,,,,
2026-09-12T00:46:06-05:00,PUR_IED_IsmaelPerd_S30_2e2c83,PUR_IED_IsmaelPerd_S30_2e2c83,,,,,
2026-09-12T00:46:06-05:00,PUR_IED_JLozano_Exter_432910,PUR_IED_JLozano_Exter_432910,,,,,
2026-09-12T00:46:06-05:00,PUR_IED_JLozano_salaMulti_df5125,PUR_IED_JLozano_salaMulti_df5125,,,,,
2026-09-12T00:46:06-05:00,PUR_IED_JMCordoba_206_86f80b,PUR_IED_JMCordoba_206_86f80b,,,,,
2026-09-12T00:46:06-05:00,PUR_IED_JMCordoba_Ext_27ad97,PUR_IED_JMCordoba_Ext_27ad97,,,,,
2026-09-12T00:46:06-05:00,PUR_IED_JMCordoba_S310_d59ab4,PUR_IED_JMCordoba_S310_d59ab4,,,,,
2026-09-12T00:46:06-05:00,PUR_IED_Japon_Ext_549100,PUR_IED_Japon_Ext_549100,,,,,
2026-09-12T00:46:06-05:00,PUR_IED_Japon_Laboratorio_bec51d,PUR_IED_Japon_Laboratorio_bec51d,,,,,
2026-09-12T00:46:06-05:00,PUR_IED_Japon_informatica_d99327,PUR_IED_Japon_informatica_d99327,,,,,
2026-09-12T00:46:06-05:00,PUR_IED_Jazmin_Ext_d27bda,PUR_IED_Jazmin_Ext_d27bda,,,,,
2026-09-12T00:46:06-05:00,PUR_IED_Jazmin_Fisica_8d14d7,PUR_IED_Jazmin_Fisica_8d14d7,,,,,
2026-09-12T00:46:06-05:00,PUR_IED_Jazmin_Quimica_801cb5,PUR_IED_Jazmin_Quimica_801cb5,,,,,
2026-09-12T00:46:06-05:00,PUR_IED_JorgeGaitan_Exter_f098d1,PUR_IED_JorgeGaitan_Exter_f098d1,,,,,
2026-09-12T00:46:06-05:00,PUR_IED_JorgeGaitan_STec1_dc9d1d,PUR_IED_JorgeGaitan_STec1_dc9d1d,,,,,
2026-09-12T00:46:06-05:00,PUR_IED_JorgeGaitan_STec2_281e69,PUR_IED_JorgeGaitan_STec2_281e69,,,,,
2026-09-12T00:46:06-05:00,PUR_IED_JorgeSoto_Exterio_d9d0a2,PUR_IED_JorgeSoto_Exterio_d9d0a2,,,,,
2026-09-12T00:46:06-05:00,PUR_IED_JorgeSoto_LabFisi_209c54,PUR_IED_JorgeSoto_LabFisi_209c54,,,,,
2026-09-12T00:46:06-05:00,PUR_IED_JorgeSoto_S103_27b51a,PUR_IED_JorgeSoto_S103_27b51a,,,,,
2026-09-12T00:46:06-05:00,PUR_IED_JoseAcevedo_A02_e965eb,PUR_IED_JoseAcevedo_A02_e965eb,,,,,
2026-09-12T00:46:06-05:00,PUR_IED_JoseAcevedo_A07_dd5b4,PUR_IED_JoseAcevedo_A07_dd5b4,,,,,
2026-09-12T00:46:06-05:00,PUR_IED_JoseAcevedo_Ext_b47484,PUR_IED_JoseAcevedo_Ext_b47484,,,,,
2026-09-12T00:46:06-05:00,PUR_IED_JoseMarti_Exte_5b9bf,PUR_IED_JoseMarti_Exte_5b9bf,,,,,
2026-09-12T00:46:06-05:00,PUR_IED_JoseMarti_LabQuim_1c6c2d,PUR_IED_JoseMarti_LabQuim_1c6c2d,,,,,
2026-09-12T00:46:06-05:00,PUR_IED_JoseMarti_S_info_f5f177,PUR_IED_JoseMarti_S_info_f5f177,,,,,
2026-09-12T00:46:06-05:00,PUR_IED_Josejoaquin_Ext_dfc5dc,PUR_IED_Josejoaquin_Ext_dfc5dc,,,,,
2026-09-12T00:46:06-05:00,PUR_IED_Josejoaquin_S05_5b2a96,PUR_IED_Josejoaquin_S05_5b2a96,,,,,
2026-09-12T00:46:06-05:00,PUR_IED_Josejoaquin_S06_1ce7d2,PUR_IED_Josejoaquin_S06_1ce7d2,,,,,
2026-09-12T00:46:06-05:00,PUR_IED_JulioFlorez_Danza_9b82dd,PUR_IED_JulioFlorez_Danza_9b82dd,,,,,
2026-09-12T00:46:06-05:00,PUR_IED_JulioFlorez_Exter_f9f314,PUR_IED_JulioFlorez_Exter_f9f314,,,,,
2026-09-12T00:46:06-05:00,PUR_IED_JulioFlorez_info2_6b6e08,PUR_IED_JulioFlorez_info2_6b6e08,,,,,
2026-09-12T00:46:06-05:00,PUR_IED_LaBelleza_Aula13_1d00d8,PUR_IED_LaBelleza_Aula13_1d00d8,,,,,
2026-09-12T00:46:06-05:00,PUR_IED_LaBelleza_Ext_7bc08c,PUR_IED_LaBelleza_Ext_7bc08c,,,,,
2026-09-12T00:46:06-05:00,PUR_IED_LaChucua_Ext_8cd6d2,PUR_IED_LaChucua_Ext_8cd6d2,,,,,
2026-09-12T00:46:06-05:00,PUR_IED_LaChucua_S15_f578ce,PUR_IED_LaChucua_S15_f578ce,,,,,
2026-09-12T00:46:06-05:00,PUR_IED_LaChucua_S16_eebcf9,PUR_IED_LaChucua_S16_eebcf9,,,,,
2026-09-12T00:46:06-05:00,PUR_IED_LaFelicidad_Ext_fb5109,PUR_IED_LaFelicidad_Ext_fb5109,,,,,
2026-09-12T00:46:06-05:00,PUR_IED_LaMerced_206_66ebd,PUR_IED_LaMerced_206_66ebd,,,,,
2026-09-12T00:46:06-05:00,PUR_IED_LaMerced_207_6ebd6,PUR_IED_LaMerced_207_6ebd6,,,,,
2026-09-12T00:46:06-05:00,PUR_IED_LaMerced_ext_304311,PUR_IED_LaMerced_ext_304311,,,,,
2026-09-12T00:46:06-05:00,PUR_IED_Laureano_CiencNat_281e5e,PUR_IED_Laureano_CiencNat_281e5e,,,,,
2026-09-12T00:46:06-05:00,PUR_IED_Laureano_Comedor_f65c0a,PUR_IED_Laureano_Comedor_f65c0a,,,,,
2026-09-12T00:46:06-05:00,PUR_IED_Laureano_Exterior_7ab011,PUR_IED_Laureano_Exterior_7ab011,,,,,
2026-09-12T00:46:06-05:00,PUR_IED_LeonGreiff_Exte_dfe560,PUR_IED_LeonGreiff_Exte_dfe560,,,,,
2026-09-12T00:46:06-05:00,PUR_IED_LeonGreiff_S210_f264ed,PUR_IED_LeonGreiff_S210_f264ed,,,,,
2026-09-12T00:46:06-05:00,PUR_IED_LeonGreiff_SQuimi_e8296f,PUR_IED_LeonGreiff_SQuimi_e8296f,,,,,
2026-09-12T00:46:06-05:00,PUR_IED_LlanoOrientalS208_7b9fcd,PUR_IED_LlanoOrientalS208_7b9fcd,,,,,
2026-09-12T00:46:06-05:00,PUR_IED_LlanoOriental_Ext_fb3766,PUR_IED_LlanoOriental_Ext_fb3766,,,,,
2026-09-12T00:46:06-05:00,PUR_IED_LlanoOriental_S208_7b9fcd,PUR_IED_LlanoOriental_S208_7b9fcd,,,,,
2026-09-12T00:46:06-05:00,PUR_IED_LlanoOriental_S9_27b378,PUR_IED_LlanoOriental_S9_27b378,,,,,
2026-09-12T00:46:06-05:00,PUR_IED_LosTejares_1101_477602,PUR_IED_LosTejares_1101_477602,,,,,
2026-09-12T00:46:06-05:00,PUR_IED_LosTejares_11_d2c595,PUR_IED_LosTejares_11_d2c595,,,,,
2026-09-12T00:46:06-05:00,PUR_IED_LosTejares_12_477602,PUR_IED_LosTejares_12_477602,,,,,
2026-09-12T00:46:06-05:00,PUR_IED_LosTejares_Ext_8e2115,PUR_IED_LosTejares_Ext_8e2115,,,,,
2026-09-12T00:46:06-05:00,PUR_IED_MagdalenaO_B202_5ddda3,PUR_IED_MagdalenaO_B202_5ddda3,,,,,
2026-09-12T00:46:06-05:00,PUR_IED_MagdalenaO_B205_fb76e8,PUR_IED_MagdalenaO_B205_fb76e8,,,,,
2026-09-12T00:46:06-05:00,PUR_IED_MagdalenaO_ext_dc69cd,PUR_IED_MagdalenaO_ext_dc69cd,,,,,
2026-09-12T00:46:06-05:00,PUR_IED_ManueCepeda_artes_eee956,PUR_IED_ManueCepeda_artes_eee956,,,,,
2026-09-12T00:46:06-05:00,PUR_IED_ManuelCepeda_Ext_58313,PUR_IED_ManuelCepeda_Ext_58313,,,,,
2026-09-12T00:46:06-05:00,PUR_IED_ManuelCepeda_tec_1c5731,PUR_IED_ManuelCepeda_tec_1c5731,,,,,
2026-09-12T00:46:06-05:00,PUR_IED_ManuelS_Exterior_5b269,PUR_IED_ManuelS_Exterior_5b269,,,,,
2026-09-12T00:46:06-05:00,PUR_IED_ManuelS_Inform_f369ce,PUR_IED_ManuelS_Inform_f369ce,,,,,
2026-09-12T00:46:06-05:00,PUR_IED_ManuelS_SArtes_7d15f1,PUR_IED_ManuelS_SArtes_7d15f1,,,,,
2026-09-12T00:46:06-05:00,PUR_IED_ManuelZapata_303_3ca6,PUR_IED_ManuelZapata_303_3ca6,,,,,
2026-09-12T00:46:06-05:00,PUR_IED_ManuelZapata_311_bfbabc,PUR_IED_ManuelZapata_311_bfbabc,,,,,
2026-09-12T00:46:06-05:00,PUR_IED_ManuelZapata_Ext_50824a,PUR_IED_ManuelZapata_Ext_50824a,,,,,
2026-09-12T00:46:06-05:00,PUR_IED_ManuelitaS_Exteri_656a92,PUR_IED_ManuelitaS_Exteri_656a92,,,,,
2026-09-12T00:46:06-05:00,PUR_IED_ManuelitaS_JuzgDe_f58ec3,PUR_IED_ManuelitaS_JuzgDe_f58ec3,,,,,
2026-09-12T00:46:06-05:00,PUR_IED_ManuelitaS_Recrea_d793db,PUR_IED_ManuelitaS_Recrea_d793db,,,,,
2026-09-12T00:46:06-05:00,PUR_IED_MarFidSuarez_Ext_c27b19,PUR_IED_MarFidSuarez_Ext_c27b19,,,,,
2026-09-12T00:46:06-05:00,PUR_IED_MarFidSuarez_Info_e384d7,PUR_IED_MarFidSuarez_Info_e384d7,,,,,
2026-09-12T00:46:06-05:00,PUR_IED_MarFidSuarez_S306_1d0032,PUR_IED_MarFidSuarez_S306_1d0032,,,,,
2026-09-12T00:46:06-05:00,PUR_IED_Menorah_301_2a25a3,PUR_IED_Menorah_301_2a25a3,,,,,
2026-09-12T00:46:06-05:00,PUR_IED_Menorah_306_37ed3,PUR_IED_Menorah_306_37ed3,,,,,
2026-09-12T00:46:06-05:00,PUR_IED_Menorah_Ext_3e155b,PUR_IED_Menorah_Ext_3e155b,,,,,
2026-09-12T00:46:06-05:00,PUR_IED_MinutoB.Aires_A11_1b1604,PUR_IED_MinutoB.Aires_A11_1b1604,,,,,
2026-09-12T00:46:06-05:00,PUR_IED_MinutoB.Aires_A12_fb5860,PUR_IED_MinutoB.Aires_A12_fb5860,,,,,
2026-09-12T00:46:06-05:00,PUR_IED_MinutoB.Aires_Ext_81293f,PUR_IED_MinutoB.Aires_Ext_81293f,,,,,
2026-09-12T00:46:06-05:00,PUR_IED_MinutoBAires_A11_1b1604,PUR_IED_MinutoBAires_A11_1b1604,,,,,
2026-09-12T00:46:06-05:00,PUR_IED_MinutoBAires_A12_fb5860,PUR_IED_MinutoBAires_A12_fb5860,,,,,
2026-09-12T00:46:06-05:00,PUR_IED_MinutoBAires_Ext_81293f,PUR_IED_MinutoBAires_Ext_81293f,,,,,
2026-09-12T00:46:06-05:00,PUR_IED_Montreal_Aula10_1e4959,PUR_IED_Montreal_Aula10_1e4959,,,,,
2026-09-12T00:46:06-05:00,PUR_IED_Montreal_Aula6_300367,PUR_IED_Montreal_Aula6_300367,,,,,
2026-09-12T00:46:06-05:00,PUR_IED_Montreal_Exterior_91a179,PUR_IED_Montreal_Exterior_91a179,,,,,
2026-09-12T00:46:06-05:00,PUR_IED_Mqgdalena_B202_5ddda3,PUR_IED_Mqgdalena_B202_5ddda3,,,,,
2026-09-12T00:46:06-05:00,PUR_IED_NACUND_Soc_dc8728,PUR_IED_NACUND_Soc_dc8728,,,,,
2026-09-12T00:46:06-05:00,PUR_IED_NACUND_ext_27ad97,PUR_IED_NACUND_ext_27ad97,,,,,
2026-09-12T00:46:06-05:00,PUR_IED_NEsperanza_Ext_d24b61,PUR_IED_NEsperanza_Ext_d24b61,,,,,
2026-09-12T00:46:06-05:00,PUR_IED_NEsperanza_SElect_7d1807,PUR_IED_NEsperanza_SElect_7d1807,,,,,
2026-09-12T00:46:06-05:00,PUR_IED_NEsperanza_SLabor_8b2d0a,PUR_IED_NEsperanza_SLabor_8b2d0a,,,,,
2026-09-12T00:46:06-05:00,PUR_IED_NacionesU_Ext_f661a9,PUR_IED_NacionesU_Ext_f661a9,,,,,
2026-09-12T00:46:06-05:00,PUR_IED_NacionesU_Quimica_66f0a,PUR_IED_NacionesU_Quimica_66f0a,,,,,
2026-09-12T00:46:06-05:00,PUR_IED_NacionesU_S306_1b4b3d,PUR_IED_NacionesU_S306_1b4b3d,,,,,
2026-09-12T00:46:06-05:00,PUR_IED_NestorFA_Ext_e4201c,PUR_IED_NestorFA_Ext_e4201c,,,,,
2026-09-12T00:46:06-05:00,PUR_IED_NestorFA_Laborato_f22fe0,PUR_IED_NestorFA_Laborato_f22fe0,,,,,
2026-09-12T00:46:06-05:00,PUR_IED_NestorFA_S204_dee996,PUR_IED_NestorFA_S204_dee996,,,,,
2026-09-12T00:46:06-05:00,PUR_IED_NidyaQT_Aula03_76999b,PUR_IED_NidyaQT_Aula03_76999b,,,,,
2026-09-12T00:46:06-05:00,PUR_IED_NidyaQT_Aula10_56325,PUR_IED_NidyaQT_Aula10_56325,,,,,
2026-09-12T00:46:06-05:00,PUR_IED_NidyaQT_Ext_46e32d,PUR_IED_NidyaQT_Ext_46e32d,,,,,
2026-09-12T00:46:06-05:00,PUR_IED_NuevaCol_Exterior_d9b859,PUR_IED_NuevaCol_Exterior_d9b859,,,,,
2026-09-12T00:46:06-05:00,PUR_IED_NuevaCol_S1101_76c43b,PUR_IED_NuevaCol_S1101_76c43b,,,,,
2026-09-12T00:46:06-05:00,PUR_IED_NuevaCol_S1102_1ce0b5,PUR_IED_NuevaCol_S1102_1ce0b5,,,,,
2026-09-12T00:46:06-05:00,PUR_IED_OEA_A202_f7e3f2,PUR_IED_OEA_A202_f7e3f2,,,,,
2026-09-12T00:46:06-05:00,PUR_IED_OEA_A203_7d1b8d,PUR_IED_OEA_A203_7d1b8d,,,,,
2026-09-12T00:46:06-05:00,PUR_IED_OEA_Ext_27b593,PUR_IED_OEA_Ext_27b593,,,,,
2026-09-12T00:46:06-05:00,PUR_IED_Ochoa_Ext_1c29da,PUR_IED_Ochoa_Ext_1c29da,,,,,
2026-09-12T00:46:06-05:00,PUR_IED_Ochoa_S205_8b1121,PUR_IED_Ochoa_S205_8b1121,,,,,
2026-09-12T00:46:06-05:00,PUR_IED_Ochoa_Sistemas_f33af6,PUR_IED_Ochoa_Sistemas_f33af6,,,,,
2026-09-12T00:46:06-05:00,PUR_IED_PQuebec_Ext_1c67c7,PUR_IED_PQuebec_Ext_1c67c7,,,,,
2026-09-12T00:46:06-05:00,PUR_IED_PQuebec_S15_23e8e2,PUR_IED_PQuebec_S15_23e8e2,,,,,
2026-09-12T00:46:06-05:00,PUR_IED_PQuebec_S16_8ec76b,PUR_IED_PQuebec_S16_8ec76b,,,,,
2026-09-12T00:46:06-05:00,PUR_IED_PabloN_Ext_49dc96,PUR_IED_PabloN_Ext_49dc96,,,,,
2026-09-12T00:46:06-05:00,PUR_IED_PabloN_S1102_4e3df5,PUR_IED_PabloN_S1102_4e3df5,,,,,
2026-09-12T00:46:06-05:00,PUR_IED_PabloN_S1103_50c94b,PUR_IED_PabloN_S1103_50c94b,,,,,
2026-09-12T00:46:06-05:00,PUR_IED_Palestina_S1101_db9198,PUR_IED_Palestina_S1101_db9198,,,,,
2026-09-12T00:46:06-05:00,PUR_IED_Palestina_S1102_dc54fa,PUR_IED_Palestina_S1102_dc54fa,,,,,
2026-09-12T00:46:06-05:00,PUR_IED_Palestina_ext_4ccce6,PUR_IED_Palestina_ext_4ccce6,,,,,
2026-09-12T00:46:06-05:00,PUR_IED_Panama_Fisica_4d0794,PUR_IED_Panama_Fisica_4d0794,,,,,
2026-09-12T00:46:06-05:00,PUR_IED_Panama_SIngles_a4077e,PUR_IED_Panama_SIngles_a4077e,,,,,
2026-09-12T00:46:06-05:00,PUR_IED_Panama_ext_4c54b4,PUR_IED_Panama_ext_4c54b4,,,,,
2026-09-12T00:46:06-05:00,PUR_IED_ParaisoM_Exterior_8cd7f0,PUR_IED_ParaisoM_Exterior_8cd7f0,,,,,
2026-09-12T00:46:06-05:00,PUR_IED_ParaisoM_Laborato_27af35,PUR_IED_ParaisoM_Laborato_27af35,,,,,
2026-09-12T00:46:06-05:00,PUR_IED_ParaisoM_S304_d1edca,PUR_IED_ParaisoM_S304_d1edca,,,,,
2026-09-12T00:46:06-05:00,PUR_IED_PorfirioBarba_Ext_301466,PUR_IED_PorfirioBarba_Ext_301466,,,,,
2026-09-12T00:46:06-05:00,PUR_IED_PorfirioBarba_S11_df6cd2,PUR_IED_PorfirioBarba_S11_df6cd2,,,,,
2026-09-12T00:46:06-05:00,PUR_IED_PorfirioBarba_S29_27a7d6,PUR_IED_PorfirioBarba_S29_27a7d6,,,,,
2026-09-12T00:46:06-05:00,PUR_IED_PradoV_Exter_8b27ad,PUR_IED_PradoV_Exter_8b27ad,,,,,
2026-09-12T00:46:06-05:00,PUR_IED_PradoV_S301_de65b5,PUR_IED_PradoV_S301_de65b5,,,,,
2026-09-12T00:46:06-05:00,PUR_IED_PradoV_S302_7d2593,PUR_IED_PradoV_S302_7d2593,,,,,
2026-09-12T00:46:06-05:00,PUR_IED_QuirogaAlz_Ext_1ddc82,PUR_IED_QuirogaAlz_Ext_1ddc82,,,,,
2026-09-12T00:46:06-05:00,PUR_IED_QuirogaAlz_S302_9926a3,PUR_IED_QuirogaAlz_S302_9926a3,,,,,
2026-09-12T00:46:06-05:00,PUR_IED_QuirogaAlz_S305_cdf1f1,PUR_IED_QuirogaAlz_S305_cdf1f1,,,,,
2026-09-12T00:46:06-05:00,PUR_IED_RGuatemala_Biling_dc53b7,PUR_IED_RGuatemala_Biling_dc53b7,,,,,
2026-09-12T00:46:06-05:00,PUR_IED_RGuatemala_Ext_1b89a3,PUR_IED_RGuatemala_Ext_1b89a3,,,,,
2026-09-12T00:46:06-05:00,PUR_IED_RGuatemala_Tecnol_281a34,PUR_IED_RGuatemala_Tecnol_281a34,,,,,
2026-09-12T00:46:06-05:00,PUR_IED_RafaNu_Ext_f7c302,PUR_IED_RafaNu_Ext_f7c302,,,,,
2026-09-12T00:46:06-05:00,PUR_IED_RafaNu_S1101_25fde,PUR_IED_RafaNu_S1101_25fde,,,,,
2026-09-12T00:46:06-05:00,PUR_IED_RafaNu_S1102_281517,PUR_IED_RafaNu_S1102_281517,,,,,
2026-09-12T00:46:06-05:00,PUR_IED_RafaelB_S305_ee2783,PUR_IED_RafaelB_S305_ee2783,,,,,
2026-09-12T00:46:06-05:00,PUR_IED_RafaelB_S306_75fe33,PUR_IED_RafaelB_S306_75fe33,,,,,
2026-09-12T00:46:06-05:00,PUR_IED_RafaelB_ext_283336,PUR_IED_RafaelB_ext_283336,4,18,58,4.6722,-74.0737
2026-09-12T00:46:06-05:00,PUR_IED_RafaelUU_Exterior_281a51,PUR_IED_RafaelUU_Exterior_281a51,,,,,
2026-09-12T00:46:06-05:00,PUR_IED_RafaelUU_Human_806b2,PUR_IED_RafaelUU_Human_806b2,,,,,
2026-09-12T00:46:06-05:00,PUR_IED_RafaelUU_Mate2_5680d4,PUR_IED_RafaelUU_Mate2_5680d4,,,,,
2026-09-12T00:46:06-05:00,PUR_IED_RamonSub_Ext_f9eeb9,PUR_IED_RamonSub_Ext_f9eeb9,,,,,
2026-09-12T00:46:06-05:00,PUR_IED_RamonSub_Media_d1f62f,PUR_IED_RamonSub_Media_d1f62f,,,,,
2026-09-12T00:46:06-05:00,PUR_IED_RamonSub_planta_51b82,PUR_IED_RamonSub_planta_51b82,,,,,
2026-09-12T00:46:06-05:00,PUR_IED_RepBoliVene_Exter_27af7c,PUR_IED_RepBoliVene_Exter_27af7c,,,,,
2026-09-12T00:46:06-05:00,PUR_IED_RepBoliVene_SCPT_5ae2ee,PUR_IED_RepBoliVene_SCPT_5ae2ee,,,,,
2026-09-12T00:46:06-05:00,PUR_IED_RepBoliVene_Socia_4b11d5,PUR_IED_RepBoliVene_Socia_4b11d5,,,,,
2026-09-12T00:46:06-05:00,PUR_IED_RepChina_Ext_76d9ee,PUR_IED_RepChina_Ext_76d9ee,,,,,
2026-09-12T00:46:06-05:00,PUR_IED_RepChina_S404_7c804c,PUR_IED_RepChina_S404_7c804c,,,,,
2026-09-12T00:46:06-05:00,PUR_IED_RepChina_S405_df2c33,PUR_IED_RepChina_S405_df2c33,,,,,
2026-09-12T00:46:06-05:00,PUR_IED_RepublicaC_Exteri_7d1ec9,PUR_IED_RepublicaC_Exteri_7d1ec9,,,,,
2026-09-12T00:46:06-05:00,PUR_IED_RepublicaC_S1101_f544b3,PUR_IED_RepublicaC_S1101_f544b3,,,,,
2026-09-12T00:46:06-05:00,PUR_IED_RepublicaC_S1102_7aafc7,PUR_IED_RepublicaC_S1102_7aafc7,,,,,
2026-09-12T00:46:06-05:00,PUR_IED_Ricaurte_Externo_a0ea1,PUR_IED_Ricaurte_Externo_a0ea1,,,,,
2026-09-12T00:46:06-05:00,PUR_IED_Ricaurte_S210_f546fd,PUR_IED_Ricaurte_S210_f546fd,,,,,
2026-09-12T00:46:06-05:00,PUR_IED_Ricaurte_S309_d4452,PUR_IED_Ricaurte_S309_d4452,,,,,
2026-09-12T00:46:06-05:00,PUR_IED_RogelioS_1102_531e69,PUR_IED_RogelioS_1102_531e69,,,,,
2026-09-12T00:46:06-05:00,PUR_IED_RogelioS_Ext_f25a18,PUR_IED_RogelioS_Ext_f25a18,,,,,
2026-09-12T00:46:06-05:00,PUR_IED_SBernardino_Ext_27aff8,PUR_IED_SBernardino_Ext_27aff8,,,,,
2026-09-12T00:46:06-05:00,PUR_IED_SBernardino_SArte_2ffd33,PUR_IED_SBernardino_SArte_2ffd33,,,,,
2026-09-12T00:46:06-05:00,PUR_IED_SBernardino_SIngl_7c7da5,PUR_IED_SBernardino_SIngl_7c7da5,,,,,
2026-09-12T00:46:06-05:00,PUR_IED_Sago_auditorio_dc9d1d,PUR_IED_Sago_auditorio_dc9d1d,,,,,
2026-09-12T00:46:06-05:00,PUR_IED_Saludcoop_Ext_95aac3,PUR_IED_Saludcoop_Ext_95aac3,,,,,
2026-09-12T00:46:06-05:00,PUR_IED_Saludcoop_InfI_90c854,PUR_IED_Saludcoop_InfI_90c854,,,,,
2026-09-12T00:46:06-05:00,PUR_IED_Saludcoop_SMedia_1b93be,PUR_IED_Saludcoop_SMedia_1b93be,,,,,
2026-09-12T00:46:06-05:00,PUR_IED_SanCarlos_1101_1a2360,PUR_IED_SanCarlos_1101_1a2360,,,,,
2026-09-12T00:46:06-05:00,PUR_IED_SanCarlos_1103_7bafb5,PUR_IED_SanCarlos_1103_7bafb5,,,,,
2026-09-12T00:46:06-05:00,PUR_IED_SanCarlos_Ext_b7cd1,PUR_IED_SanCarlos_Ext_b7cd1,,,,,
2026-09-12T00:46:06-05:00,PUR_IED_SanIgnacioBosa11a_50c26e,PUR_IED_SanIgnacioBosa11a_50c26e,,,,,
2026-09-12T00:46:06-05:00,PUR_IED_SanIgnacioBosa11b_371de8,PUR_IED_SanIgnacioBosa11b_371de8,,,,,
2026-09-12T00:46:06-05:00,PUR_IED_SanIgnacioBosaExt_ef0ffc,PUR_IED_SanIgnacioBosaExt_ef0ffc,,,,,
2026-09-12T00:46:06-05:00,PUR_IED_SanIgnacioBosa_11a_50c26e,PUR_IED_SanIgnacioBosa_11a_50c26e,,,,,
2026-09-12T00:46:06-05:00,PUR_IED_SanIgnacioBosa_Ext_ef0ffc,PUR_IED_SanIgnacioBosa_Ext_ef0ffc,,,,,
2026-09-12T00:46:06-05:00,PUR_IED_SanJoseN_intS1101_31c47f,PUR_IED_SanJoseN_intS1101_31c47f,,,,,
2026-09-12T00:46:06-05:00,PUR_IED_SanJoseUsm_Exter_f5d7e8,PUR_IED_SanJoseUsm_Exter_f5d7e8,,,,,
2026-09-12T00:46:06-05:00,PUR_IED_SanJoseUsm_Int11A_cfdef6,PUR_IED_SanJoseUsm_Int11A_cfdef6,,,,,
2026-09-12T00:46:06-05:00,PUR_IED_SilveriaR_IntB5_905349,PUR_IED_SilveriaR_IntB5_905349,,,,,
2026-09-12T00:46:06-05:00,PUR_IED_SilveriaR_IntSD14_981f93,PUR_IED_SilveriaR_IntSD14_981f93,,,,,
2026-09-12T00:46:06-05:00,PUR_IED_SilveriaR_ext_2b651d,PUR_IED_SilveriaR_ext_2b651d,,,,,
2026-09-12T00:46:06-05:00,PUR_IED_SimonB_Exterior_913975,PUR_IED_SimonB_Exterior_913975,,,,,
2026-09-12T00:46:06-05:00,PUR_IED_SimonB_LabQuimi_c56908,PUR_IED_SimonB_LabQuimi_c56908,,,,,
2026-09-12T00:46:06-05:00,PUR_IED_SimonB_informatic_a28c1,PUR_IED_SimonB_informatic_a28c1,,,,,
2026-09-12T00:46:06-05:00,PUR_IED_Sorrento_1102_315f50,PUR_IED_Sorrento_1102_315f50,,,,,
2026-09-12T00:46:06-05:00,PUR_IED_Sorrento_Minte_214eab,PUR_IED_Sorrento_Minte_214eab,,,,,
2026-09-12T00:46:06-05:00,PUR_IED_Sorrento_ext_7c3a0a,PUR_IED_Sorrento_ext_7c3a0a,,,,,
2026-09-12T00:46:06-05:00,PUR_IED_Tabora_Ext_f048ae,PUR_IED_Tabora_Ext_f048ae,,,,,
2026-09-12T00:46:06-05:00,PUR_IED_Tabora_S1102_b07752,PUR_IED_Tabora_S1102_b07752,,,,,
2026-09-12T00:46:06-05:00,PUR_IED_Tabora_S1103_d988f5,PUR_IED_Tabora_S1103_d988f5,,,,,
2026-09-12T00:46:06-05:00,PUR_IED_Tenerife_Ext_1ab188,PUR_IED_Tenerife_Ext_1ab188,,,,,
2026-09-12T00:46:06-05:00,PUR_IED_Tenerife_SDanzas_7bc02e,PUR_IED_Tenerife_SDanzas_7bc02e,,,,,
2026-09-12T00:46:06-05:00,PUR_IED_Tenerife_SIngles_7cc277,PUR_IED_Tenerife_SIngles_7cc277,,,,,
2026-09-12T00:46:06-05:00,PUR_IED_Tibabuyes_Exter_f2683d,PUR_IED_Tibabuyes_Exter_f2683d,,,,,
2026-09-12T00:46:06-05:00,PUR_IED_Tibabuyes_S10_dc87a8,PUR_IED_Tibabuyes_S10_dc87a8,,,,,
2026-09-12T00:46:06-05:00,PUR_IED_Tibabuyes_S15_dc0526,PUR_IED_Tibabuyes_S15_dc0526,,,,,
2026-09-12T00:46:06-05:00,PUR_IED_UnionE_S301_a1043,PUR_IED_UnionE_S301_a1043,,,,,
2026-09-12T00:46:06-05:00,PUR_IED_UnionE_S307_ff6c2f,PUR_IED_UnionE_S307_ff6c2f,,,,,
2026-09-12T00:46:06-05:00,PUR_IED_UnionE__Ext_5e2468,PUR_IED_UnionE__Ext_5e2468,,,,,
2026-09-12T00:46:06-05:00,PUR_IED_VillaRica_Ext_75be7c,PUR_IED_VillaRica_Ext_75be7c,,,,,
2026-09-12T00:46:06-05:00,PUR_IED_VillaRica_S4_cc5dcd,PUR_IED_VillaRica_S4_cc5dcd,,,,,
2026-09-12T00:46:06-05:00,PUR_IED_VillaRica_Sesp_99f5c,PUR_IED_VillaRica_Sesp_99f5c,,,,,
2026-09-12T00:51:04-05:00,PUR_IED_20deJulio_1101_91b1b9,PUR_IED_20deJulio_1101_91b1b9,,,,,
2026-09-12T00:51:04-05:00,PUR_IED_20deJulio_1102_1cfcf9,PUR_IED_20deJulio_1102_1cfcf9,,,,,
2026-09-12T00:51:04-05:00,PUR_IED_20deJulio_Ext_ab60bd,PUR_IED_20deJulio_Ext_ab60bd,,,,,
2026-09-12T00:51:04-05:00,PUR_IED_AgustinFer_Ext_7b9b77,PUR_IED_AgustinFer_Ext_7b9b77,,,,,
2026-09-12T00:51:04-05:00,PUR_IED_AgustinFer_Info2_27b3a7,PUR_IED_AgustinFer_Info2_27b3a7,,,,,
2026-09-12T00:51:04-05:00,PUR_IED_AgustinFer_Sena_54b4eb,PUR_IED_AgustinFer_Sena_54b4eb,,,,,
2026-09-12T00:51:04-05:00,PUR_IED_AlexanderF_1102_caf07b,PUR_IED_AlexanderF_1102_caf07b,,,,,
2026-09-12T00:51:04-05:00,PUR_IED_AlexanderF_1103_c79e71,PUR_IED_AlexanderF_1103_c79e71,,,,,
2026-09-12T00:51:04-05:00,PUR_IED_AlexanderF_Ext_c5b18b,PUR_IED_AlexanderF_Ext_c5b18b,,,,,
2026-09-12T00:51:04-05:00,PUR_IED_AlfonsoLopez_Ext_281d77,PUR_IED_AlfonsoLopez_Ext_281d77,,,,,
2026-09-12T00:51:04-05:00,PUR_IED_AlfonsoLopez_LabF_888ce0,PUR_IED_AlfonsoLopez_LabF_888ce0,,,,,
2026-09-12T00:51:04-05:00,PUR_IED_AlfonsoLopez_SMed_df6a7f,PUR_IED_AlfonsoLopez_SMed_df6a7f,,,,,
2026-09-12T00:51:04-05:00,PUR_IED_AltamiraSO_A2_209f92,PUR_IED_AltamiraSO_A2_209f92,,,,,
2026-09-12T00:51:04-05:00,PUR_IED_AltamiraSO_Ext_186d66,PUR_IED_AltamiraSO_Ext_186d66,,,,,
2026-09-12T00:51:04-05:00,PUR_IED_AltamiraSO_Sistem_27afe1,PUR_IED_AltamiraSO_Sistem_27afe1,,,,,
2026-09-12T00:51:04-05:00,PUR_IED_AlvaroGom_LabQuim_813179,PUR_IED_AlvaroGom_LabQuim_813179,,,,,
2026-09-12T00:51:04-05:00,PUR_IED_AlvaroGomez_Ext_47c7ca,PUR_IED_AlvaroGomez_Ext_47c7ca,,,,,
2026-09-12T00:51:04-05:00,PUR_IED_AlvaroGomez_LabQuim_813179,PUR_IED_AlvaroGomez_LabQuim_813179,,,,,
2026-09-12T00:51:04-05:00,PUR_IED_AlvaroGomez_S23_7ba89f,PUR_IED_AlvaroGomez_S23_7ba89f,,,,,
2026-09-12T00:51:04-05:00,PUR_IED_Amistad_306_dc8728,PUR_IED_Amistad_306_dc8728,,,,,
2026-09-12T00:51:04-05:00,PUR_IED_Amistad_Ext_8cd55e,PUR_IED_Amistad_Ext_8cd55e,,,,,
2026-09-12T00:51:04-05:00,PUR_IED_Amistad_S202_a41169,PUR_IED_Amistad_S202_a41169,,,,,
2026-09-12T00:51:04-05:00,PUR_IED_AndresBello_Bio_fd5f5e,PUR_IED_AndresBello_Bio_fd5f5e,,,,,
2026-09-12T00:51:04-05:00,PUR_IED_AndresBello_ext_dcad65,PUR_IED_AndresBello_ext_dcad65,,,,,
2026-09-12T00:51:04-05:00,PUR_IED_AndresBello_port_eed3ec,PUR_IED_AndresBello_port_eed3ec,,,,,
2026-09-12T00:51:04-05:00,PUR_IED_AngelaR_11b_d90a6b,PUR_IED_AngelaR_11b_d90a6b,,,,,
2026-09-12T00:51:04-05:00,PUR_IED_AngelaR_ext_7cad3e,PUR_IED_AngelaR_ext_7cad3e,,,,,
2026-09-12T00:51:04-05:00,PUR_IED_AntJoseSucre_10mo_df2575,PUR_IED_AntJoseSucre_10mo_df2575,,,,,
2026-09-12T00:51:04-05:00,PUR_IED_AntJoseSucre_Ext_215b36,PUR_IED_AntJoseSucre_Ext_215b36,,,,,
2026-09-12T00:51:04-05:00,PUR_IED_AntJoseSucre_Lab_3139de,PUR_IED_AntJoseSucre_Lab_3139de,,,,,
2026-09-12T00:51:04-05:00,PUR_IED_AntonioGarcia_301_d6b188,PUR_IED_AntonioGarcia_301_d6b188,,,,,
2026-09-12T00:51:04-05:00,PUR_IED_AntonioGarcia_302_88a82,PUR_IED_AntonioGarcia_302_88a82,,,,,
2026-09-12T00:51:04-05:00,PUR_IED_AntonioGarcia_Ext_20950c,PUR_IED_AntonioGarcia_Ext_20950c,,,,,
2026-09-12T00:51:04-05:00,PUR_IED_AntonioVan_Aula2_6dea02,PUR_IED_AntonioVan_Aula2_6dea02,,,,,
2026-09-12T00:51:04-05:00,PUR_IED_AntonioVan_Aula5_f1557e,PUR_IED_AntonioVan_Aula5_f1557e,,,,,
2026-09-12T00:51:04-05:00,PUR_IED_AntonioVan_Ext_406f2f,PUR_IED_AntonioVan_Ext_406f2f,,,,,
2026-09-12T00:51:04-05:00,PUR_IED_Atabanzha_Ext_cc5af9,PUR_IED_Atabanzha_Ext_cc5af9,,,,,
2026-09-12T00:51:04-05:00,PUR_IED_Atabanzha_SA101_56c37,PUR_IED_Atabanzha_SA101_56c37,,,,,
2026-09-12T00:51:04-05:00,PUR_IED_Atabanzha_SB302_27b374,PUR_IED_Atabanzha_SB302_27b374,,,,,
2026-09-12T00:51:04-05:00,PUR_IED_Atahualpa_Ext_fc1748,PUR_IED_Atahualpa_Ext_fc1748,,,,,
2026-09-12T00:51:04-05:00,PUR_IED_Atahualpa_Informa_dc9a95,PUR_IED_Atahualpa_Informa_dc9a95,,,,,
2026-09-12T00:51:04-05:00,PUR_IED_Atahualpa_S1101_f98056,PUR_IED_Atahualpa_S1101_f98056,,,,,
2026-09-12T00:51:04-05:00,PUR_IED_Bellavista_Ext_f5aa74,PUR_IED_Bellavista_Ext_f5aa74,,,,,
2026-09-12T00:51:04-05:00,PUR_IED_Bilbao_11A_916c41,PUR_IED_Bilbao_11A_916c41,,,,,
2026-09-12T00:51:04-05:00,PUR_IED_Bilbao_Ext_fb579a,PUR_IED_Bilbao_Ext_fb579a,,,,,
2026-09-12T00:51:04-05:00,PUR_IED_BrasiliaU_A125_304280,PUR_IED_BrasiliaU_A125_304280,,,,,
2026-09-12T00:51:04-05:00,PUR_IED_BrasiliaU_A203_7c8ca5,PUR_IED_BrasiliaU_A203_7c8ca5,,,,,
2026-09-12T00:51:04-05:00,PUR_IED_BrasiliaU_Ext_8d6e9f,PUR_IED_BrasiliaU_Ext_8d6e9f,4,17,62,4.5175,-74.116302
2026-09-12T00:51:04-05:00,PUR_IED_Brasilia_Ext_fe6593,PUR_IED_Brasilia_Ext_fe6593,,,,,
2026-09-12T00:51:04-05:00,PUR_IED_Brasilia_S24_7c130d,PUR_IED_Brasilia_S24_7c130d,,,,,
2026-09-12T00:51:04-05:00,PUR_IED_Brasilia_S501_186a54,PUR_IED_Brasilia_S501_186a54,,,,,
2026-09-12T00:51:04-05:00,PUR_IED_CHARRY_EXT_f1d5cd,PUR_IED_CHARRY_EXT_f1d5cd,,,,,
2026-09-12T00:51:04-05:00,PUR_IED_CHARRY_INTDANZAS_7a08e6,PUR_IED_CHARRY_INTDANZAS_7a08e6,,,,,
2026-09-12T00:51:04-05:00,PUR_IED_CHARRY_INT_AULA20_dc998d,PUR_IED_CHARRY_INT_AULA20_dc998d,,,,,
2026-09-12T00:51:04-05:00,PUR_IED_COLVIV_1101_S25_7f520a,PUR_IED_COLVIV_1101_S25_7f520a,,,,,
2026-09-12T00:51:04-05:00,PUR_IED_COLVIV_1102_S16_f570ba,PUR_IED_COLVIV_1102_S16_f570ba,,,,,
2026-09-12T00:51:04-05:00,PUR_IED_COLVIV_Ext_1a26fa,PUR_IED_COLVIV_Ext_1a26fa,,,,,
2026-09-12T00:51:04-05:00,PUR_IED_CULPOP_301A_f660f3,PUR_IED_CULPOP_301A_f660f3,,,,,
2026-09-12T00:51:04-05:00,PUR_IED_CULPOP_303_568afe,PUR_IED_CULPOP_303_568afe,,,,,
2026-09-12T00:51:04-05:00,PUR_IED_CULPOP_Ext_e02ccb,PUR_IED_CULPOP_Ext_e02ccb,,,,,
2026-09-12T00:51:04-05:00,PUR_IED_CVillavicen_Ext_26eb58,PUR_IED_CVillavicen_Ext_26eb58,4,15,77,4.487,-74.102798
2026-09-12T00:51:04-05:00,PUR_IED_CVillavicen_Intel_1ce5c2,PUR_IED_CVillavicen_Intel_1ce5c2,,,,,
2026-09-12T00:51:04-05:00,PUR_IED_CVillavicen_Poliv_e0766c,PUR_IED_CVillavicen_Poliv_e0766c,,,,,
2026-09-12T00:51:04-05:00,PUR_IED_CVillavicen_int_1ba140,PUR_IED_CVillavicen_int_1ba140,,,,,
2026-09-12T00:51:04-05:00,PUR_IED_CVillavicen_intel_1ba140,PUR_IED_CVillavicen_intel_1ba140,,,,,
2026-09-12T00:51:04-05:00,PUR_IED_CarlosPizarro_Ext_e307cc,PUR_IED_CarlosPizarro_Ext_e307cc,,,,,
2026-09-12T00:51:04-05:00,PUR_IED_CarlosPizarro_L36_7e5cdb,PUR_IED_CarlosPizarro_L36_7e5cdb,,,,,
2026-09-12T00:51:04-05:00,PUR_IED_CarlosPizarro_L37_c8566c,PUR_IED_CarlosPizarro_L37_c8566c,,,,,
2026-09-12T00:51:04-05:00,PUR_IED_Castilla_Ext_cf35f,PUR_IED_Castilla_Ext_cf35f,,,,,
2026-09-12T00:51:04-05:00,PUR_IED_Castilla_SFisik_360e38,PUR_IED_Castilla_SFisik_360e38,,,,,
2026-09-12T00:51:04-05:00,PUR_IED_Castilla_Sc304_496fbf,PUR_IED_Castilla_Sc304_496fbf,,,,,
2026-09-12T00:51:04-05:00,PUR_IED_CervantesSa_Ext_6b57b,PUR_IED_CervantesSa_Ext_6b57b,4,17,69,4.5128,-74.117203
2026-09-12T00:51:04-05:00,PUR_IED_CervantesSa_S107_225c2b,PUR_IED_CervantesSa_S107_225c2b,,,,,
2026-09-12T00:51:04-05:00,PUR_IED_CervantesSa_S108_940925,PUR_IED_CervantesSa_S108_940925,,,,,
2026-09-12T00:51:04-05:00,PUR_IED_Charry_A20_f53e7c,PUR_IED_Charry_A20_f53e7c,,,,,
2026-09-12T00:51:04-05:00,PUR_IED_Charry_Ext_f1d5cd,PUR_IED_Charry_Ext_f1d5cd,,,,,
2026-09-12T00:51:04-05:00,PUR_IED_Charry_IntAula20_dc998d,PUR_IED_Charry_IntAula20_dc998d,,,,,
2026-09-12T00:51:04-05:00,PUR_IED_Charry_IntDanzas_7a08e6,PUR_IED_Charry_IntDanzas_7a08e6,,,,,
2026-09-12T00:51:04-05:00,PUR_IED_ClememciaC_203_43e2fc,PUR_IED_ClememciaC_203_43e2fc,,,,,
2026-09-12T00:51:04-05:00,PUR_IED_ClememciaC_Ext_1b411a,PUR_IED_ClememciaC_Ext_1b411a,,,,,
2026-09-12T00:51:04-05:00,PUR_IED_ClememciaC_Quimic_44b5fc,PUR_IED_ClememciaC_Quimic_44b5fc,,,,,
2026-09-12T00:51:04-05:00,PUR_IED_ClemenciaC_203_43e2fc,PUR_IED_ClemenciaC_203_43e2fc,,,,,
2026-09-12T00:51:04-05:00,PUR_IED_ClemenciaC_Ext_1b411a,PUR_IED_ClemenciaC_Ext_1b411a,,,,,
2026-09-12T00:51:04-05:00,PUR_IED_ClemenciaC_Quimic_44b5fc,PUR_IED_ClemenciaC_Quimic_44b5fc,,,,,
2026-09-12T00:51:04-05:00,PUR_IED_ColViva_1101_S25_7f520a,PUR_IED_ColViva_1101_S25_7f520a,,,,,
2026-09-12T00:51:04-05:00,PUR_IED_ColViva_1102_S16_f570ba,PUR_IED_ColViva_1102_S16_f570ba,,,,,
2026-09-12T00:51:04-05:00,PUR_IED_ColViva_Ext_1a26fa,PUR_IED_ColViva_Ext_1a26fa,,,,,
2026-09-12T00:51:04-05:00,PUR_IED_ColegioBici_Asist_7c8798,PUR_IED_ColegioBici_Asist_7c8798,,,,,
2026-09-12T00:51:04-05:00,PUR_IED_ColegioBici_Ext_25cbf6,PUR_IED_ColegioBici_Ext_25cbf6,,,,,
2026-09-12T00:51:04-05:00,PUR_IED_ColegioBici_LabQ_7b57db,PUR_IED_ColegioBici_LabQ_7b57db,,,,,
2026-09-12T00:51:04-05:00,PUR_IED_CostaRica_Ext_5e640,PUR_IED_CostaRica_Ext_5e640,,,,,
2026-09-12T00:51:04-05:00,PUR_IED_CostaRica_Quim1_766d1c,PUR_IED_CostaRica_Quim1_766d1c,,,,,
2026-09-12T00:51:04-05:00,PUR_IED_CostaRica__Fisica_6f0873,PUR_IED_CostaRica__Fisica_6f0873,,,,,
2026-09-12T00:51:04-05:00,PUR_IED_CulPopu_301A_f660f3,PUR_IED_CulPopu_301A_f660f3,,,,,
2026-09-12T00:51:04-05:00,PUR_IED_CulPopu_303_568afe,PUR_IED_CulPopu_303_568afe,,,,,
2026-09-12T00:51:04-05:00,PUR_IED_CulPopu_Ext_e02ccb,PUR_IED_CulPopu_Ext_e02ccb,,,,,
2026-09-12T00:51:04-05:00,PUR_IED_Cundinamarca_Ext_f15985,PUR_IED_Cundinamarca_Ext_f15985,,,,,
2026-09-12T00:51:04-05:00,PUR_IED_Cundinamarca_Info_7aa5d7,PUR_IED_Cundinamarca_Info_7aa5d7,,,,,
2026-09-12T00:51:04-05:00,PUR_IED_Cundinamarca_Tec2_f449c7,PUR_IED_Cundinamarca_Tec2_f449c7,,,,,
2026-09-12T00:51:04-05:00,PUR_IED_DiegoM_Aula1_27b314,PUR_IED_DiegoM_Aula1_27b314,,,,,
2026-09-12T00:51:04-05:00,PUR_IED_DiegoM_Ext_d80ac8,PUR_IED_DiegoM_Ext_d80ac8,,,,,
2026-09-12T00:51:04-05:00,PUR_IED_DiegoM_S25_da928f,PUR_IED_DiegoM_S25_da928f,,,,,
2026-09-12T00:51:04-05:00,PUR_IED_ELRODEO_360881,PUR_IED_ELRODEO_360881,,,,,
2026-09-12T00:51:04-05:00,PUR_IED_ELRODEO_ext_360881,PUR_IED_ELRODEO_ext_360881,,,,,
2026-09-12T00:51:04-05:00,PUR_IED_EduardoU_Ext_1c1969,PUR_IED_EduardoU_Ext_1c1969,,,,,
2026-09-12T00:51:04-05:00,PUR_IED_EduardoU_SCiencia_4dfb94,PUR_IED_EduardoU_SCiencia_4dfb94,,,,,
2026-09-12T00:51:04-05:00,PUR_IED_EduardoU_SQuimica_5a46e7,PUR_IED_EduardoU_SQuimica_5a46e7,,,,,
2026-09-12T00:51:04-05:00,PUR_IED_ElRodeo_Aula14_676984,PUR_IED_ElRodeo_Aula14_676984,,,,,
2026-09-12T00:51:04-05:00,PUR_IED_ElRodeo_Aula16_2dd35b,PUR_IED_ElRodeo_Aula16_2dd35b,,,,,
2026-09-12T00:51:04-05:00,PUR_IED_ElRodeo_Ext_360881,PUR_IED_ElRodeo_Ext_360881,,,,,
2026-09-12T00:51:04-05:00,PUR_IED_ElRodeo_Exterior_8c6d28,PUR_IED_ElRodeo_Exterior_8c6d28,,,,,
2026-09-12T00:51:04-05:00,PUR_IED_ElRodeo_ext_360881,PUR_IED_ElRodeo_ext_360881,,,,,
2026-09-12T00:51:04-05:00,PUR_IED_EmmaReyes_Ext_987625,PUR_IED_EmmaReyes_Ext_987625,15,21,54,4.6367,-74.1511
2026-09-12T00:51:04-05:00,PUR_IED_Ensueño_Ext_7f0250,PUR_IED_Ensueño_Ext_7f0250,,,,,
2026-09-12T00:51:04-05:00,PUR_IED_EscNormal_Ext_5fef3b,PUR_IED_EscNormal_Ext_5fef3b,2,18,59,4.5852,-74.096901
2026-09-12T00:51:04-05:00,PUR_IED_EscNormal_S309_5b263,PUR_IED_EscNormal_S309_5b263,,,,,
2026-09-12T00:51:04-05:00,PUR_IED_EscNormal_S310_27b3b8,PUR_IED_EscNormal_S310_27b3b8,,,,,
2026-09-12T00:51:04-05:00,PUR_IED_Evangelista_Conta_f6cd4f,PUR_IED_Evangelista_Conta_f6cd4f,,,,,
2026-09-12T00:51:04-05:00,PUR_IED_Evangelista_Cri_5e16a,PUR_IED_Evangelista_Cri_5e16a,,,,,
2026-09-12T00:51:04-05:00,PUR_IED_Evangelista_Exter_754066,PUR_IED_Evangelista_Exter_754066,,,,,
2026-09-12T00:51:04-05:00,PUR_IED_FMiranda_S209_5cc2a3,PUR_IED_FMiranda_S209_5cc2a3,,,,,
2026-09-12T00:51:04-05:00,PUR_IED_FMiranda_S303_19e344,PUR_IED_FMiranda_S303_19e344,,,,,
2026-09-12T00:51:04-05:00,PUR_IED_FMiranda_ext_f53e7c,PUR_IED_FMiranda_ext_f53e7c,,,,,
2026-09-12T00:51:04-05:00,PUR_IED_FabioLozano_Bibli_1cee05,PUR_IED_FabioLozano_Bibli_1cee05,,,,,
2026-09-12T00:51:04-05:00,PUR_IED_FabioLozano_Ext_6ea285,PUR_IED_FabioLozano_Ext_6ea285,,,,,
2026-09-12T00:51:04-05:00,PUR_IED_FabioLozano_SLudi_f09e1e,PUR_IED_FabioLozano_SLudi_f09e1e,,,,,
2026-09-12T00:51:04-05:00,PUR_IED_FaustinoS_Aula07_27a731,PUR_IED_FaustinoS_Aula07_27a731,,,,,
2026-09-12T00:51:04-05:00,PUR_IED_FaustinoS_Ext_7b936f,PUR_IED_FaustinoS_Ext_7b936f,,,,,
2026-09-12T00:51:04-05:00,PUR_IED_FaustinoS_Fisica_da2c60,PUR_IED_FaustinoS_Fisica_da2c60,,,,,
2026-09-12T00:51:04-05:00,PUR_IED_FeGarciaLo_Ext_dc68ee,PUR_IED_FeGarciaLo_Ext_dc68ee,,,,,
2026-09-12T00:51:04-05:00,PUR_IED_FeGarciaLo_SDanza_f70a59,PUR_IED_FeGarciaLo_SDanza_f70a59,,,,,
2026-09-12T00:51:04-05:00,PUR_IED_FeGarciaLo_SMusic_125cdd,PUR_IED_FeGarciaLo_SMusic_125cdd,,,,,
2026-09-12T00:51:04-05:00,PUR_IED_FederalAlema_Exte_50c345,PUR_IED_FederalAlema_Exte_50c345,,,,,
2026-09-12T00:51:04-05:00,PUR_IED_FederalAlema_S31_f18371,PUR_IED_FederalAlema_S31_f18371,,,,,
2026-09-12T00:51:04-05:00,PUR_IED_FederalAlema_S901_a62cd,PUR_IED_FederalAlema_S901_a62cd,,,,,
2026-09-12T00:51:04-05:00,PUR_IED_FilarmonicaS_A5_f35eb1,PUR_IED_FilarmonicaS_A5_f35eb1,,,,,
2026-09-12T00:51:04-05:00,PUR_IED_FilarmonicaS_Ext_8a3bde,PUR_IED_FilarmonicaS_Ext_8a3bde,,,,,
2026-09-12T00:51:04-05:00,PUR_IED_FilarmonicaS_Spol_406114,PUR_IED_FilarmonicaS_Spol_406114,,,,,
2026-09-12T00:51:04-05:00,PUR_IED_FlorentinoG_A13_d1fa59,PUR_IED_FlorentinoG_A13_d1fa59,,,,,
2026-09-12T00:51:04-05:00,PUR_IED_FlorentinoG_Ext_1ce6ce,PUR_IED_FlorentinoG_Ext_1ce6ce,,,,,
2026-09-12T00:51:04-05:00,PUR_IED_FlorentinoG_Idiom_a66aac,PUR_IED_FlorentinoG_Idiom_a66aac,,,,,
2026-09-12T00:51:04-05:00,PUR_IED_FranciscoMati_Ext_e3869d,PUR_IED_FranciscoMati_Ext_e3869d,,,,,
2026-09-12T00:51:04-05:00,PUR_IED_FranciscoMati_S13_f31c67,PUR_IED_FranciscoMati_S13_f31c67,,,,,
2026-09-12T00:51:04-05:00,PUR_IED_FranciscoMati_S14_97dead,PUR_IED_FranciscoMati_S14_97dead,,,,,
2026-09-12T00:51:04-05:00,PUR_IED_FranciscoPS_Ext_7bfa9a,PUR_IED_FranciscoPS_Ext_7bfa9a,2,19,59,4.5899,-74.110397
2026-09-12T00:51:04-05:00,PUR_IED_FranciscoPS_Infor_fb8f4c,PUR_IED_FranciscoPS_Infor_fb8f4c,,,,,
2026-09-12T00:51:04-05:00,PUR_IED_FranciscoPS_Quimi_94d39c,PUR_IED_FranciscoPS_Quimi_94d39c,,,,,
2026-09-12T00:51:04-05:00,PUR_IED_FranciscoP_LabQ_d7e148,PUR_IED_FranciscoP_LabQ_d7e148,,,,,
2026-09-12T00:51:04-05:00,PUR_IED_FranciscoP_S28_cf9b30,PUR_IED_FranciscoP_S28_cf9b30,,,,,
2026-09-12T00:51:04-05:00,PUR_IED_FranciscoP_ext_e2313,PUR_IED_FranciscoP_ext_e2313,,,,,
2026-09-12T00:51:04-05:00,PUR_IED_FriederichN_Ext_8ac92a,PUR_IED_FriederichN_Ext_8ac92a,,,,,
2026-09-12T00:51:04-05:00,PUR_IED_FriederichN_S301_dd7e5a,PUR_IED_FriederichN_S301_dd7e5a,,,,,
2026-09-12T00:51:04-05:00,PUR_IED_FriederichN_S308_761f4f,PUR_IED_FriederichN_S308_761f4f,,,,,
2026-09-12T00:51:04-05:00,PUR_IED_GSantander_Aula10_533dd7,PUR_IED_GSantander_Aula10_533dd7,,,,,
2026-09-12T00:51:04-05:00,PUR_IED_GSantander_Aula12_fd4e4f,PUR_IED_GSantander_Aula12_fd4e4f,,,,,
2026-09-12T00:51:04-05:00,PUR_IED_GSantander_Aula310_533dd7,PUR_IED_GSantander_Aula310_533dd7,,,,,
2026-09-12T00:51:04-05:00,PUR_IED_GSantander_Aula312_fd4e4f,PUR_IED_GSantander_Aula312_fd4e4f,,,,,
2026-09-12T00:51:04-05:00,PUR_IED_GSantander_Ext_5f66b0,PUR_IED_GSantander_Ext_5f66b0,,,,,
2026-09-12T00:51:04-05:00,PUR_IED_GYomasa_Ext_f6bea5,PUR_IED_GYomasa_Ext_f6bea5,,,,,
2026-09-12T00:51:04-05:00,PUR_IED_GYomasa_LBiol_2c41aa,PUR_IED_GYomasa_LBiol_2c41aa,,,,,
2026-09-12T00:51:04-05:00,PUR_IED_GYomasa_LQuim_33c80,PUR_IED_GYomasa_LQuim_33c80,,,,,
2026-09-12T00:51:04-05:00,PUR_IED_GabBetMejia_Cienc_5a99c,PUR_IED_GabBetMejia_Cienc_5a99c,,,,,
2026-09-12T00:51:04-05:00,PUR_IED_GabBetMejia_Ext_9153d0,PUR_IED_GabBetMejia_Ext_9153d0,,,,,
2026-09-12T00:51:04-05:00,PUR_IED_GabBetMejia_Lab_f55347,PUR_IED_GabBetMejia_Lab_f55347,,,,,
2026-09-12T00:51:04-05:00,PUR_IED_GabBetanMejia_Ext_9153d0,PUR_IED_GabBetanMejia_Ext_9153d0,,,,,
2026-09-12T00:51:04-05:00,PUR_IED_Gaitana_Aula13_7aac11,PUR_IED_Gaitana_Aula13_7aac11,,,,,
2026-09-12T00:51:04-05:00,PUR_IED_Gaitana_Ext_5fcf4,PUR_IED_Gaitana_Ext_5fcf4,,,,,
2026-09-12T00:51:04-05:00,PUR_IED_Gaitana_LabFisica_644448,PUR_IED_Gaitana_LabFisica_644448,,,,,
2026-09-12T00:51:04-05:00,PUR_IED_GenSantander_Dise_8ac858,PUR_IED_GenSantander_Dise_8ac858,,,,,
2026-09-12T00:51:04-05:00,PUR_IED_GenSantander_Ext_8d5dfe,PUR_IED_GenSantander_Ext_8d5dfe,,,,,
2026-09-12T00:51:04-05:00,PUR_IED_GenSantander_Info_6c25b,PUR_IED_GenSantander_Info_6c25b,,,,,
2026-09-12T00:51:04-05:00,PUR_IED_GustavoMo_Exterio_75e63d,PUR_IED_GustavoMo_Exterio_75e63d,,,,,
2026-09-12T00:51:04-05:00,PUR_IED_GustavoMo_LabFisi_224d37,PUR_IED_GustavoMo_LabFisi_224d37,,,,,
2026-09-12T00:51:04-05:00,PUR_IED_GustavoMo_S208_3e6918,PUR_IED_GustavoMo_S208_3e6918,,,,,
2026-09-12T00:51:04-05:00,PUR_IED_GustavoR_A02_8cd4a8,PUR_IED_GustavoR_A02_8cd4a8,,,,,
2026-09-12T00:51:04-05:00,PUR_IED_GustavoR_B11_5b0ed,PUR_IED_GustavoR_B11_5b0ed,,,,,
2026-09-12T00:51:04-05:00,PUR_IED_GustavoR_Ext_7a0c90,PUR_IED_GustavoR_Ext_7a0c90,,,,,
2026-09-12T00:51:04-05:00,PUR_IED_HernandoDuran_Ext_8cd82b,PUR_IED_HernandoDuran_Ext_8cd82b,,,,,
2026-09-12T00:51:04-05:00,PUR_IED_HernandoDuran_S24_2772c6,PUR_IED_HernandoDuran_S24_2772c6,,,,,
2026-09-12T00:51:04-05:00,PUR_IED_HernandoDuran_S30_f2de41,PUR_IED_HernandoDuran_S30_f2de41,,,,,
2026-09-12T00:51:04-05:00,PUR_IED_HolguInUr_S1101_8cd732,PUR_IED_HolguInUr_S1101_8cd732,,,,,
2026-09-12T00:51:04-05:00,PUR_IED_HolguinUr_Exter_ddae6d,PUR_IED_HolguinUr_Exter_ddae6d,,,,,
2026-09-12T00:51:04-05:00,PUR_IED_HolguinUr_LabQuim_92b952,PUR_IED_HolguinUr_LabQuim_92b952,,,,,
2026-09-12T00:51:04-05:00,PUR_IED_Isabel-II_Ext_5245cc,PUR_IED_Isabel-II_Ext_5245cc,13,19,59,4.6336,-74.153
2026-09-12T00:51:04-05:00,PUR_IED_Isabel-II_S_idiom_1c29aa,PUR_IED_Isabel-II_S_idiom_1c29aa,,,,,
2026-09-12T00:51:04-05:00,PUR_IED_Isabel-II_S_infor_fd741,PUR_IED_Isabel-II_S_infor_fd741,,,,,
2026-09-12T00:51:04-05:00,PUR_IED_IsidroSur_Exterio_5b90ea,PUR_IED_IsidroSur_Exterio_5b90ea,,,,,
2026-09-12T00:51:04-05:00,PUR_IED_IsidroSur_LabTec_56697a,PUR_IED_IsidroSur_LabTec_56697a,,,,,
2026-09-12T00:51:04-05:00,PUR_IED_IsidroSur_Robotic_b7c38f,PUR_IED_IsidroSur_Robotic_b7c38f,,,,,
2026-09-12T00:51:04-05:00,PUR_IED_IsmaelPerd_Ext_7b6672,PUR_IED_IsmaelPerd_Ext_7b6672,,,,,
2026-09-12T00:51:04-05:00,PUR_IED_IsmaelPerd_Inform_306540,PUR_IED_IsmaelPerd_Inform_306540,,,,,
2026-09-12T00:51:04-05:00,PUR_IED_IsmaelPerd_S30_2e2c83,PUR_IED_IsmaelPerd_S30_2e2c83,,,,,
2026-09-12T00:51:04-05:00,PUR_IED_JLozano_Exter_432910,PUR_IED_JLozano_Exter_432910,,,,,
2026-09-12T00:51:04-05:00,PUR_IED_JLozano_salaMulti_df5125,PUR_IED_JLozano_salaMulti_df5125,,,,,
2026-09-12T00:51:04-05:00,PUR_IED_JMCordoba_206_86f80b,PUR_IED_JMCordoba_206_86f80b,,,,,
2026-09-12T00:51:04-05:00,PUR_IED_JMCordoba_Ext_27ad97,PUR_IED_JMCordoba_Ext_27ad97,,,,,
2026-09-12T00:51:04-05:00,PUR_IED_JMCordoba_S310_d59ab4,PUR_IED_JMCordoba_S310_d59ab4,,,,,
2026-09-12T00:51:04-05:00,PUR_IED_Japon_Ext_549100,PUR_IED_Japon_Ext_549100,,,,,
2026-09-12T00:51:04-05:00,PUR_IED_Japon_Laboratorio_bec51d,PUR_IED_Japon_Laboratorio_bec51d,,,,,
2026-09-12T00:51:04-05:00,PUR_IED_Japon_informatica_d99327,PUR_IED_Japon_informatica_d99327,,,,,
2026-09-12T00:51:04-05:00,PUR_IED_Jazmin_Ext_d27bda,PUR_IED_Jazmin_Ext_d27bda,,,,,
2026-09-12T00:51:04-05:00,PUR_IED_Jazmin_Fisica_8d14d7,PUR_IED_Jazmin_Fisica_8d14d7,,,,,
2026-09-12T00:51:04-05:00,PUR_IED_Jazmin_Quimica_801cb5,PUR_IED_Jazmin_Quimica_801cb5,,,,,
2026-09-12T00:51:04-05:00,PUR_IED_JorgeGaitan_Exter_f098d1,PUR_IED_JorgeGaitan_Exter_f098d1,,,,,
2026-09-12T00:51:04-05:00,PUR_IED_JorgeGaitan_STec1_dc9d1d,PUR_IED_JorgeGaitan_STec1_dc9d1d,,,,,
2026-09-12T00:51:04-05:00,PUR_IED_JorgeGaitan_STec2_281e69,PUR_IED_JorgeGaitan_STec2_281e69,,,,,
2026-09-12T00:51:04-05:00,PUR_IED_JorgeSoto_Exterio_d9d0a2,PUR_IED_JorgeSoto_Exterio_d9d0a2,,,,,
2026-09-12T00:51:04-05:00,PUR_IED_JorgeSoto_LabFisi_209c54,PUR_IED_JorgeSoto_LabFisi_209c54,,,,,
2026-09-12T00:51:04-05:00,PUR_IED_JorgeSoto_S103_27b51a,PUR_IED_JorgeSoto_S103_27b51a,,,,,
2026-09-12T00:51:04-05:00,PUR_IED_JoseAcevedo_A02_e965eb,PUR_IED_JoseAcevedo_A02_e965eb,,,,,
2026-09-12T00:51:04-05:00,PUR_IED_JoseAcevedo_A07_dd5b4,PUR_IED_JoseAcevedo_A07_dd5b4,,,,,
2026-09-12T00:51:04-05:00,PUR_IED_JoseAcevedo_Ext_b47484,PUR_IED_JoseAcevedo_Ext_b47484,,,,,
2026-09-12T00:51:04-05:00,PUR_IED_JoseMarti_Exte_5b9bf,PUR_IED_JoseMarti_Exte_5b9bf,,,,,
2026-09-12T00:51:04-05:00,PUR_IED_JoseMarti_LabQuim_1c6c2d,PUR_IED_JoseMarti_LabQuim_1c6c2d,,,,,
2026-09-12T00:51:04-05:00,PUR_IED_JoseMarti_S_info_f5f177,PUR_IED_JoseMarti_S_info_f5f177,,,,,
2026-09-12T00:51:04-05:00,PUR_IED_Josejoaquin_Ext_dfc5dc,PUR_IED_Josejoaquin_Ext_dfc5dc,,,,,
2026-09-12T00:51:04-05:00,PUR_IED_Josejoaquin_S05_5b2a96,PUR_IED_Josejoaquin_S05_5b2a96,,,,,
2026-09-12T00:51:04-05:00,PUR_IED_Josejoaquin_S06_1ce7d2,PUR_IED_Josejoaquin_S06_1ce7d2,,,,,
2026-09-12T00:51:04-05:00,PUR_IED_JulioFlorez_Danza_9b82dd,PUR_IED_JulioFlorez_Danza_9b82dd,,,,,
2026-09-12T00:51:04-05:00,PUR_IED_JulioFlorez_Exter_f9f314,PUR_IED_JulioFlorez_Exter_f9f314,,,,,
2026-09-12T00:51:04-05:00,PUR_IED_JulioFlorez_info2_6b6e08,PUR_IED_JulioFlorez_info2_6b6e08,,,,,
2026-09-12T00:51:04-05:00,PUR_IED_LaBelleza_Aula13_1d00d8,PUR_IED_LaBelleza_Aula13_1d00d8,,,,,
2026-09-12T00:51:04-05:00,PUR_IED_LaBelleza_Ext_7bc08c,PUR_IED_LaBelleza_Ext_7bc08c,,,,,
2026-09-12T00:51:04-05:00,PUR_IED_LaChucua_Ext_8cd6d2,PUR_IED_LaChucua_Ext_8cd6d2,,,,,
2026-09-12T00:51:04-05:00,PUR_IED_LaChucua_S15_f578ce,PUR_IED_LaChucua_S15_f578ce,,,,,
2026-09-12T00:51:04-05:00,PUR_IED_LaChucua_S16_eebcf9,PUR_IED_LaChucua_S16_eebcf9,,,,,
2026-09-12T00:51:04-05:00,PUR_IED_LaFelicidad_Ext_fb5109,PUR_IED_LaFelicidad_Ext_fb5109,,,,,
2026-09-12T00:51:04-05:00,PUR_IED_LaMerced_206_66ebd,PUR_IED_LaMerced_206_66ebd,,,,,
2026-09-12T00:51:04-05:00,PUR_IED_LaMerced_207_6ebd6,PUR_IED_LaMerced_207_6ebd6,,,,,
2026-09-12T00:51:04-05:00,PUR_IED_LaMerced_ext_304311,PUR_IED_LaMerced_ext_304311,,,,,
2026-09-12T00:51:04-05:00,PUR_IED_Laureano_CiencNat_281e5e,PUR_IED_Laureano_CiencNat_281e5e,,,,,
2026-09-12T00:51:04-05:00,PUR_IED_Laureano_Comedor_f65c0a,PUR_IED_Laureano_Comedor_f65c0a,,,,,
2026-09-12T00:51:04-05:00,PUR_IED_Laureano_Exterior_7ab011,PUR_IED_Laureano_Exterior_7ab011,,,,,
2026-09-12T00:51:04-05:00,PUR_IED_LeonGreiff_Exte_dfe560,PUR_IED_LeonGreiff_Exte_dfe560,,,,,
2026-09-12T00:51:04-05:00,PUR_IED_LeonGreiff_S210_f264ed,PUR_IED_LeonGreiff_S210_f264ed,,,,,
2026-09-12T00:51:04-05:00,PUR_IED_LeonGreiff_SQuimi_e8296f,PUR_IED_LeonGreiff_SQuimi_e8296f,,,,,
2026-09-12T00:51:04-05:00,PUR_IED_LlanoOrientalS208_7b9fcd,PUR_IED_LlanoOrientalS208_7b9fcd,,,,,
2026-09-12T00:51:04-05:00,PUR_IED_LlanoOriental_Ext_fb3766,PUR_IED_LlanoOriental_Ext_fb3766,,,,,
2026-09-12T00:51:04-05:00,PUR_IED_LlanoOriental_S208_7b9fcd,PUR_IED_LlanoOriental_S208_7b9fcd,,,,,
2026-09-12T00:51:04-05:00,PUR_IED_LlanoOriental_S9_27b378,PUR_IED_LlanoOriental_S9_27b378,,,,,
2026-09-12T00:51:04-05:00,PUR_IED_LosTejares_1101_477602,PUR_IED_LosTejares_1101_477602,,,,,
2026-09-12T00:51:04-05:00,PUR_IED_LosTejares_11_d2c595,PUR_IED_LosTejares_11_d2c595,,,,,
2026-09-12T00:51:04-05:00,PUR_IED_LosTejares_12_477602,PUR_IED_LosTejares_12_477602,,,,,
2026-09-12T00:51:04-05:00,PUR_IED_LosTejares_Ext_8e2115,PUR_IED_LosTejares_Ext_8e2115,,,,,
2026-09-12T00:51:04-05:00,PUR_IED_MagdalenaO_B202_5ddda3,PUR_IED_MagdalenaO_B202_5ddda3,,,,,
2026-09-12T00:51:04-05:00,PUR_IED_MagdalenaO_B205_fb76e8,PUR_IED_MagdalenaO_B205_fb76e8,,,,,
2026-09-12T00:51:04-05:00,PUR_IED_MagdalenaO_ext_dc69cd,PUR_IED_MagdalenaO_ext_dc69cd,,,,,
2026-09-12T00:51:04-05:00,PUR_IED_ManueCepeda_artes_eee956,PUR_IED_ManueCepeda_artes_eee956,,,,,
2026-09-12T00:51:04-05:00,PUR_IED_ManuelCepeda_Ext_58313,PUR_IED_ManuelCepeda_Ext_58313,,,,,
2026-09-12T00:51:04-05:00,PUR_IED_ManuelCepeda_tec_1c5731,PUR_IED_ManuelCepeda_tec_1c5731,,,,,
2026-09-12T00:51:04-05:00,PUR_IED_ManuelS_Exterior_5b269,PUR_IED_ManuelS_Exterior_5b269,,,,,
2026-09-12T00:51:04-05:00,PUR_IED_ManuelS_Inform_f369ce,PUR_IED_ManuelS_Inform_f369ce,,,,,
2026-09-12T00:51:04-05:00,PUR_IED_ManuelS_SArtes_7d15f1,PUR_IED_ManuelS_SArtes_7d15f1,,,,,
2026-09-12T00:51:04-05:00,PUR_IED_ManuelZapata_303_3ca6,PUR_IED_ManuelZapata_303_3ca6,,,,,
2026-09-12T00:51:04-05:00,PUR_IED_ManuelZapata_311_bfbabc,PUR_IED_ManuelZapata_311_bfbabc,,,,,
2026-09-12T00:51:04-05:00,PUR_IED_ManuelZapata_Ext_50824a,PUR_IED_ManuelZapata_Ext_50824a,,,,,
2026-09-12T00:51:04-05:00,PUR_IED_ManuelitaS_Exteri_656a92,PUR_IED_ManuelitaS_Exteri_656a92,,,,,
2026-09-12T00:51:04-05:00,PUR_IED_ManuelitaS_JuzgDe_f58ec3,PUR_IED_ManuelitaS_JuzgDe_f58ec3,,,,,
2026-09-12T00:51:04-05:00,PUR_IED_ManuelitaS_Recrea_d793db,PUR_IED_ManuelitaS_Recrea_d793db,,,,,
2026-09-12T00:51:04-05:00,PUR_IED_MarFidSuarez_Ext_c27b19,PUR_IED_MarFidSuarez_Ext_c27b19,,,,,
2026-09-12T00:51:04-05:00,PUR_IED_MarFidSuarez_Info_e384d7,PUR_IED_MarFidSuarez_Info_e384d7,,,,,
2026-09-12T00:51:04-05:00,PUR_IED_MarFidSuarez_S306_1d0032,PUR_IED_MarFidSuarez_S306_1d0032,,,,,
2026-09-12T00:51:04-05:00,PUR_IED_Menorah_301_2a25a3,PUR_IED_Menorah_301_2a25a3,,,,,
2026-09-12T00:51:04-05:00,PUR_IED_Menorah_306_37ed3,PUR_IED_Menorah_306_37ed3,,,,,
2026-09-12T00:51:04-05:00,PUR_IED_Menorah_Ext_3e155b,PUR_IED_Menorah_Ext_3e155b,,,,,
2026-09-12T00:51:04-05:00,PUR_IED_MinutoB.Aires_A11_1b1604,PUR_IED_MinutoB.Aires_A11_1b1604,,,,,
2026-09-12T00:51:04-05:00,PUR_IED_MinutoB.Aires_A12_fb5860,PUR_IED_MinutoB.Aires_A12_fb5860,,,,,
2026-09-12T00:51:04-05:00,PUR_IED_MinutoB.Aires_Ext_81293f,PUR_IED_MinutoB.Aires_Ext_81293f,,,,,
2026-09-12T00:51:04-05:00,PUR_IED_MinutoBAires_A11_1b1604,PUR_IED_MinutoBAires_A11_1b1604,,,,,
2026-09-12T00:51:04-05:00,PUR_IED_MinutoBAires_A12_fb5860,PUR_IED_MinutoBAires_A12_fb5860,,,,,
2026-09-12T00:51:04-05:00,PUR_IED_MinutoBAires_Ext_81293f,PUR_IED_MinutoBAires_Ext_81293f,,,,,
2026-09-12T00:51:04-05:00,PUR_IED_Montreal_Aula10_1e4959,PUR_IED_Montreal_Aula10_1e4959,,,,,
2026-09-12T00:51:04-05:00,PUR_IED_Montreal_Aula6_300367,PUR_IED_Montreal_Aula6_300367,,,,,
2026-09-12T00:51:04-05:00,PUR_IED_Montreal_Exterior_91a179,PUR_IED_Montreal_Exterior_91a179,,,,,
2026-09-12T00:51:04-05:00,PUR_IED_Mqgdalena_B202_5ddda3,PUR_IED_Mqgdalena_B202_5ddda3,,,,,
2026-09-12T00:51:04-05:00,PUR_IED_NACUND_Soc_dc8728,PUR_IED_NACUND_Soc_dc8728,,,,,
2026-09-12T00:51:04-05:00,PUR_IED_NACUND_ext_27ad97,PUR_IED_NACUND_ext_27ad97,,,,,
2026-09-12T00:51:04-05:00,PUR_IED_NEsperanza_Ext_d24b61,PUR_IED_NEsperanza_Ext_d24b61,,,,,
2026-09-12T00:51:04-05:00,PUR_IED_NEsperanza_SElect_7d1807,PUR_IED_NEsperanza_SElect_7d1807,,,,,
2026-09-12T00:51:04-05:00,PUR_IED_NEsperanza_SLabor_8b2d0a,PUR_IED_NEsperanza_SLabor_8b2d0a,,,,,
2026-09-12T00:51:04-05:00,PUR_IED_NacionesU_Ext_f661a9,PUR_IED_NacionesU_Ext_f661a9,,,,,
2026-09-12T00:51:04-05:00,PUR_IED_NacionesU_Quimica_66f0a,PUR_IED_NacionesU_Quimica_66f0a,,,,,
2026-09-12T00:51:04-05:00,PUR_IED_NacionesU_S306_1b4b3d,PUR_IED_NacionesU_S306_1b4b3d,,,,,
2026-09-12T00:51:04-05:00,PUR_IED_NestorFA_Ext_e4201c,PUR_IED_NestorFA_Ext_e4201c,,,,,
2026-09-12T00:51:04-05:00,PUR_IED_NestorFA_Laborato_f22fe0,PUR_IED_NestorFA_Laborato_f22fe0,,,,,
2026-09-12T00:51:04-05:00,PUR_IED_NestorFA_S204_dee996,PUR_IED_NestorFA_S204_dee996,,,,,
2026-09-12T00:51:04-05:00,PUR_IED_NidyaQT_Aula03_76999b,PUR_IED_NidyaQT_Aula03_76999b,,,,,
2026-09-12T00:51:04-05:00,PUR_IED_NidyaQT_Aula10_56325,PUR_IED_NidyaQT_Aula10_56325,,,,,
2026-09-12T00:51:04-05:00,PUR_IED_NidyaQT_Ext_46e32d,PUR_IED_NidyaQT_Ext_46e32d,,,,,
2026-09-12T00:51:04-05:00,PUR_IED_NuevaCol_Exterior_d9b859,PUR_IED_NuevaCol_Exterior_d9b859,,,,,
2026-09-12T00:51:04-05:00,PUR_IED_NuevaCol_S1101_76c43b,PUR_IED_NuevaCol_S1101_76c43b,,,,,
2026-09-12T00:51:04-05:00,PUR_IED_NuevaCol_S1102_1ce0b5,PUR_IED_NuevaCol_S1102_1ce0b5,,,,,
2026-09-12T00:51:04-05:00,PUR_IED_OEA_A202_f7e3f2,PUR_IED_OEA_A202_f7e3f2,,,,,
2026-09-12T00:51:04-05:00,PUR_IED_OEA_A203_7d1b8d,PUR_IED_OEA_A203_7d1b8d,,,,,
2026-09-12T00:51:04-05:00,PUR_IED_OEA_Ext_27b593,PUR_IED_OEA_Ext_27b593,,,,,
2026-09-12T00:51:04-05:00,PUR_IED_Ochoa_Ext_1c29da,PUR_IED_Ochoa_Ext_1c29da,,,,,
2026-09-12T00:51:04-05:00,PUR_IED_Ochoa_S205_8b1121,PUR_IED_Ochoa_S205_8b1121,,,,,
2026-09-12T00:51:04-05:00,PUR_IED_Ochoa_Sistemas_f33af6,PUR_IED_Ochoa_Sistemas_f33af6,,,,,
2026-09-12T00:51:04-05:00,PUR_IED_PQuebec_Ext_1c67c7,PUR_IED_PQuebec_Ext_1c67c7,,,,,
2026-09-12T00:51:04-05:00,PUR_IED_PQuebec_S15_23e8e2,PUR_IED_PQuebec_S15_23e8e2,,,,,
2026-09-12T00:51:04-05:00,PUR_IED_PQuebec_S16_8ec76b,PUR_IED_PQuebec_S16_8ec76b,,,,,
2026-09-12T00:51:04-05:00,PUR_IED_PabloN_Ext_49dc96,PUR_IED_PabloN_Ext_49dc96,,,,,
2026-09-12T00:51:04-05:00,PUR_IED_PabloN_S1102_4e3df5,PUR_IED_PabloN_S1102_4e3df5,,,,,
2026-09-12T00:51:04-05:00,PUR_IED_PabloN_S1103_50c94b,PUR_IED_PabloN_S1103_50c94b,,,,,
2026-09-12T00:51:04-05:00,PUR_IED_Palestina_S1101_db9198,PUR_IED_Palestina_S1101_db9198,,,,,
2026-09-12T00:51:04-05:00,PUR_IED_Palestina_S1102_dc54fa,PUR_IED_Palestina_S1102_dc54fa,,,,,
2026-09-12T00:51:04-05:00,PUR_IED_Palestina_ext_4ccce6,PUR_IED_Palestina_ext_4ccce6,,,,,
2026-09-12T00:51:04-05:00,PUR_IED_Panama_Fisica_4d0794,PUR_IED_Panama_Fisica_4d0794,,,,,
2026-09-12T00:51:04-05:00,PUR_IED_Panama_SIngles_a4077e,PUR_IED_Panama_SIngles_a4077e,,,,,
2026-09-12T00:51:04-05:00,PUR_IED_Panama_ext_4c54b4,PUR_IED_Panama_ext_4c54b4,,,,,
2026-09-12T00:51:04-05:00,PUR_IED_ParaisoM_Exterior_8cd7f0,PUR_IED_ParaisoM_Exterior_8cd7f0,,,,,
2026-09-12T00:51:04-05:00,PUR_IED_ParaisoM_Laborato_27af35,PUR_IED_ParaisoM_Laborato_27af35,,,,,
2026-09-12T00:51:04-05:00,PUR_IED_ParaisoM_S304_d1edca,PUR_IED_ParaisoM_S304_d1edca,,,,,
2026-09-12T00:51:04-05:00,PUR_IED_PorfirioBarba_Ext_301466,PUR_IED_PorfirioBarba_Ext_301466,,,,,
2026-09-12T00:51:04-05:00,PUR_IED_PorfirioBarba_S11_df6cd2,PUR_IED_PorfirioBarba_S11_df6cd2,,,,,
2026-09-12T00:51:04-05:00,PUR_IED_PorfirioBarba_S29_27a7d6,PUR_IED_PorfirioBarba_S29_27a7d6,,,,,
2026-09-12T00:51:04-05:00,PUR_IED_PradoV_Exter_8b27ad,PUR_IED_PradoV_Exter_8b27ad,,,,,
2026-09-12T00:51:04-05:00,PUR_IED_PradoV_S301_de65b5,PUR_IED_PradoV_S301_de65b5,,,,,
2026-09-12T00:51:04-05:00,PUR_IED_PradoV_S302_7d2593,PUR_IED_PradoV_S302_7d2593,,,,,
2026-09-12T00:51:04-05:00,PUR_IED_QuirogaAlz_Ext_1ddc82,PUR_IED_QuirogaAlz_Ext_1ddc82,,,,,
2026-09-12T00:51:04-05:00,PUR_IED_QuirogaAlz_S302_9926a3,PUR_IED_QuirogaAlz_S302_9926a3,,,,,
2026-09-12T00:51:04-05:00,PUR_IED_QuirogaAlz_S305_cdf1f1,PUR_IED_QuirogaAlz_S305_cdf1f1,,,,,
2026-09-12T00:51:04-05:00,PUR_IED_RGuatemala_Biling_dc53b7,PUR_IED_RGuatemala_Biling_dc53b7,,,,,
2026-09-12T00:51:04-05:00,PUR_IED_RGuatemala_Ext_1b89a3,PUR_IED_RGuatemala_Ext_1b89a3,,,,,
2026-09-12T00:51:04-05:00,PUR_IED_RGuatemala_Tecnol_281a34,PUR_IED_RGuatemala_Tecnol_281a34,,,,,
2026-09-12T00:51:04-05:00,PUR_IED_RafaNu_Ext_f7c302,PUR_IED_RafaNu_Ext_f7c302,,,,,
2026-09-12T00:51:04-05:00,PUR_IED_RafaNu_S1101_25fde,PUR_IED_RafaNu_S1101_25fde,,,,,
2026-09-12T00:51:04-05:00,PUR_IED_RafaNu_S1102_281517,PUR_IED_RafaNu_S1102_281517,,,,,
2026-09-12T00:51:04-05:00,PUR_IED_RafaelB_S305_ee2783,PUR_IED_RafaelB_S305_ee2783,,,,,
2026-09-12T00:51:04-05:00,PUR_IED_RafaelB_S306_75fe33,PUR_IED_RafaelB_S306_75fe33,,,,,
2026-09-12T00:51:04-05:00,PUR_IED_RafaelB_ext_283336,PUR_IED_RafaelB_ext_283336,4,18,59,4.6722,-74.0737
2026-09-12T00:51:04-05:00,PUR_IED_RafaelUU_Exterior_281a51,PUR_IED_RafaelUU_Exterior_281a51,,,,,
2026-09-12T00:51:04-05:00,PUR_IED_RafaelUU_Human_806b2,PUR_IED_RafaelUU_Human_806b2,,,,,
2026-09-12T00:51:04-05:00,PUR_IED_RafaelUU_Mate2_5680d4,PUR_IED_RafaelUU_Mate2_5680d4,,,,,
2026-09-12T00:51:04-05:00,PUR_IED_RamonSub_Ext_f9eeb9,PUR_IED_RamonSub_Ext_f9eeb9,,,,,
2026-09-12T00:51:04-05:00,PUR_IED_RamonSub_Media_d1f62f,PUR_IED_RamonSub_Media_d1f62f,,,,,
2026-09-12T00:51:04-05:00,PUR_IED_RamonSub_planta_51b82,PUR_IED_RamonSub_planta_51b82,,,,,
2026-09-12T00:51:04-05:00,PUR_IED_RepBoliVene_Exter_27af7c,PUR_IED_RepBoliVene_Exter_27af7c,,,,,
2026-09-12T00:51:04-05:00,PUR_IED_RepBoliVene_SCPT_5ae2ee,PUR_IED_RepBoliVene_SCPT_5ae2ee,,,,,
2026-09-12T00:51:04-05:00,PUR_IED_RepBoliVene_Socia_4b11d5,PUR_IED_RepBoliVene_Socia_4b11d5,,,,,
2026-09-12T00:51:04-05:00,PUR_IED_RepChina_Ext_76d9ee,PUR_IED_RepChina_Ext_76d9ee,,,,,
2026-09-12T00:51:04-05:00,PUR_IED_RepChina_S404_7c804c,PUR_IED_RepChina_S404_7c804c,,,,,
2026-09-12T00:51:04-05:00,PUR_IED_RepChina_S405_df2c33,PUR_IED_RepChina_S405_df2c33,,,,,
2026-09-12T00:51:04-05:00,PUR_IED_RepublicaC_Exteri_7d1ec9,PUR_IED_RepublicaC_Exteri_7d1ec9,,,,,
2026-09-12T00:51:04-05:00,PUR_IED_RepublicaC_S1101_f544b3,PUR_IED_RepublicaC_S1101_f544b3,,,,,
2026-09-12T00:51:04-05:00,PUR_IED_RepublicaC_S1102_7aafc7,PUR_IED_RepublicaC_S1102_7aafc7,,,,,
2026-09-12T00:51:04-05:00,PUR_IED_Ricaurte_Externo_a0ea1,PUR_IED_Ricaurte_Externo_a0ea1,,,,,
2026-09-12T00:51:04-05:00,PUR_IED_Ricaurte_S210_f546fd,PUR_IED_Ricaurte_S210_f546fd,,,,,
2026-09-12T00:51:04-05:00,PUR_IED_Ricaurte_S309_d4452,PUR_IED_Ricaurte_S309_d4452,,,,,
2026-09-12T00:51:04-05:00,PUR_IED_RogelioS_1102_531e69,PUR_IED_RogelioS_1102_531e69,,,,,
2026-09-12T00:51:04-05:00,PUR_IED_RogelioS_Ext_f25a18,PUR_IED_RogelioS_Ext_f25a18,,,,,
2026-09-12T00:51:04-05:00,PUR_IED_SBernardino_Ext_27aff8,PUR_IED_SBernardino_Ext_27aff8,,,,,
2026-09-12T00:51:04-05:00,PUR_IED_SBernardino_SArte_2ffd33,PUR_IED_SBernardino_SArte_2ffd33,,,,,
2026-09-12T00:51:04-05:00,PUR_IED_SBernardino_SIngl_7c7da5,PUR_IED_SBernardino_SIngl_7c7da5,,,,,
2026-09-12T00:51:04-05:00,PUR_IED_Sago_auditorio_dc9d1d,PUR_IED_Sago_auditorio_dc9d1d,,,,,
2026-09-12T00:51:04-05:00,PUR_IED_Saludcoop_Ext_95aac3,PUR_IED_Saludcoop_Ext_95aac3,,,,,
2026-09-12T00:51:04-05:00,PUR_IED_Saludcoop_InfI_90c854,PUR_IED_Saludcoop_InfI_90c854,,,,,
2026-09-12T00:51:04-05:00,PUR_IED_Saludcoop_SMedia_1b93be,PUR_IED_Saludcoop_SMedia_1b93be,,,,,
2026-09-12T00:51:04-05:00,PUR_IED_SanCarlos_1101_1a2360,PUR_IED_SanCarlos_1101_1a2360,,,,,
2026-09-12T00:51:04-05:00,PUR_IED_SanCarlos_1103_7bafb5,PUR_IED_SanCarlos_1103_7bafb5,,,,,
2026-09-12T00:51:04-05:00,PUR_IED_SanCarlos_Ext_b7cd1,PUR_IED_SanCarlos_Ext_b7cd1,,,,,
2026-09-12T00:51:04-05:00,PUR_IED_SanIgnacioBosa11a_50c26e,PUR_IED_SanIgnacioBosa11a_50c26e,,,,,
2026-09-12T00:51:04-05:00,PUR_IED_SanIgnacioBosa11b_371de8,PUR_IED_SanIgnacioBosa11b_371de8,,,,,
2026-09-12T00:51:04-05:00,PUR_IED_SanIgnacioBosaExt_ef0ffc,PUR_IED_SanIgnacioBosaExt_ef0ffc,,,,,
2026-09-12T00:51:04-05:00,PUR_IED_SanIgnacioBosa_11a_50c26e,PUR_IED_SanIgnacioBosa_11a_50c26e,,,,,
2026-09-12T00:51:04-05:00,PUR_IED_SanIgnacioBosa_Ext_ef0ffc,PUR_IED_SanIgnacioBosa_Ext_ef0ffc,,,,,
2026-09-12T00:51:04-05:00,PUR_IED_SanJoseN_intS1101_31c47f,PUR_IED_SanJoseN_intS1101_31c47f,,,,,
2026-09-12T00:51:04-05:00,PUR_IED_SanJoseUsm_Exter_f5d7e8,PUR_IED_SanJoseUsm_Exter_f5d7e8,,,,,
2026-09-12T00:51:04-05:00,PUR_IED_SanJoseUsm_Int11A_cfdef6,PUR_IED_SanJoseUsm_Int11A_cfdef6,,,,,
2026-09-12T00:51:04-05:00,PUR_IED_SilveriaR_IntB5_905349,PUR_IED_SilveriaR_IntB5_905349,,,,,
2026-09-12T00:51:04-05:00,PUR_IED_SilveriaR_IntSD14_981f93,PUR_IED_SilveriaR_IntSD14_981f93,,,,,
2026-09-12T00:51:04-05:00,PUR_IED_SilveriaR_ext_2b651d,PUR_IED_SilveriaR_ext_2b651d,,,,,
2026-09-12T00:51:04-05:00,PUR_IED_SimonB_Exterior_913975,PUR_IED_SimonB_Exterior_913975,,,,,
2026-09-12T00:51:04-05:00,PUR_IED_SimonB_LabQuimi_c56908,PUR_IED_SimonB_LabQuimi_c56908,,,,,
2026-09-12T00:51:04-05:00,PUR_IED_SimonB_informatic_a28c1,PUR_IED_SimonB_informatic_a28c1,,,,,
2026-09-12T00:51:04-05:00,PUR_IED_Sorrento_1102_315f50,PUR_IED_Sorrento_1102_315f50,,,,,
2026-09-12T00:51:04-05:00,PUR_IED_Sorrento_Minte_214eab,PUR_IED_Sorrento_Minte_214eab,,,,,
2026-09-12T00:51:04-05:00,PUR_IED_Sorrento_ext_7c3a0a,PUR_IED_Sorrento_ext_7c3a0a,,,,,
2026-09-12T00:51:04-05:00,PUR_IED_Tabora_Ext_f048ae,PUR_IED_Tabora_Ext_f048ae,,,,,
2026-09-12T00:51:04-05:00,PUR_IED_Tabora_S1102_b07752,PUR_IED_Tabora_S1102_b07752,,,,,
2026-09-12T00:51:04-05:00,PUR_IED_Tabora_S1103_d988f5,PUR_IED_Tabora_S1103_d988f5,,,,,
2026-09-12T00:51:04-05:00,PUR_IED_Tenerife_Ext_1ab188,PUR_IED_Tenerife_Ext_1ab188,,,,,
2026-09-12T00:51:04-05:00,PUR_IED_Tenerife_SDanzas_7bc02e,PUR_IED_Tenerife_SDanzas_7bc02e,,,,,
2026-09-12T00:51:04-05:00,PUR_IED_Tenerife_SIngles_7cc277,PUR_IED_Tenerife_SIngles_7cc277,,,,,
2026-09-12T00:51:04-05:00,PUR_IED_Tibabuyes_Exter_f2683d,PUR_IED_Tibabuyes_Exter_f2683d,,,,,
2026-09-12T00:51:04-05:00,PUR_IED_Tibabuyes_S10_dc87a8,PUR_IED_Tibabuyes_S10_dc87a8,,,,,
2026-09-12T00:51:04-05:00,PUR_IED_Tibabuyes_S15_dc0526,PUR_IED_Tibabuyes_S15_dc0526,,,,,
2026-09-12T00:51:04-05:00,PUR_IED_UnionE_S301_a1043,PUR_IED_UnionE_S301_a1043,,,,,
2026-09-12T00:51:04-05:00,PUR_IED_UnionE_S307_ff6c2f,PUR_IED_UnionE_S307_ff6c2f,,,,,
2026-09-12T00:51:04-05:00,PUR_IED_UnionE__Ext_5e2468,PUR_IED_UnionE__Ext_5e2468,,,,,
2026-09-12T00:51:04-05:00,PUR_IED_VillaRica_Ext_75be7c,PUR_IED_VillaRica_Ext_75be7c,,,,,
2026-09-12T00:51:04-05:00,PUR_IED_VillaRica_S4_cc5dcd,PUR_IED_VillaRica_S4_cc5dcd,,,,,
2026-09-12T00:51:04-05:00,PUR_IED_VillaRica_Sesp_99f5c,PUR_IED_VillaRica_Sesp_99f5c,,,,,
2026-09-12T00:56:08-05:00,PUR_IED_20deJulio_1101_91b1b9,PUR_IED_20deJulio_1101_91b1b9,,,,,
2026-09-12T00:56:08-05:00,PUR_IED_20deJulio_1102_1cfcf9,PUR_IED_20deJulio_1102_1cfcf9,,,,,
2026-09-12T00:56:08-05:00,PUR_IED_20deJulio_Ext_ab60bd,PUR_IED_20deJulio_Ext_ab60bd,,,,,
2026-09-12T00:56:08-05:00,PUR_IED_AgustinFer_Ext_7b9b77,PUR_IED_AgustinFer_Ext_7b9b77,,,,,
2026-09-12T00:56:08-05:00,PUR_IED_AgustinFer_Info2_27b3a7,PUR_IED_AgustinFer_Info2_27b3a7,,,,,
2026-09-12T00:56:08-05:00,PUR_IED_AgustinFer_Sena_54b4eb,PUR_IED_AgustinFer_Sena_54b4eb,,,,,
2026-09-12T00:56:08-05:00,PUR_IED_AlexanderF_1102_caf07b,PUR_IED_AlexanderF_1102_caf07b,,,,,
2026-09-12T00:56:08-05:00,PUR_IED_AlexanderF_1103_c79e71,PUR_IED_AlexanderF_1103_c79e71,,,,,
2026-09-12T00:56:08-05:00,PUR_IED_AlexanderF_Ext_c5b18b,PUR_IED_AlexanderF_Ext_c5b18b,,,,,
2026-09-12T00:56:08-05:00,PUR_IED_AlfonsoLopez_Ext_281d77,PUR_IED_AlfonsoLopez_Ext_281d77,,,,,
2026-09-12T00:56:08-05:00,PUR_IED_AlfonsoLopez_LabF_888ce0,PUR_IED_AlfonsoLopez_LabF_888ce0,,,,,
2026-09-12T00:56:08-05:00,PUR_IED_AlfonsoLopez_SMed_df6a7f,PUR_IED_AlfonsoLopez_SMed_df6a7f,,,,,
2026-09-12T00:56:08-05:00,PUR_IED_AltamiraSO_A2_209f92,PUR_IED_AltamiraSO_A2_209f92,,,,,
2026-09-12T00:56:08-05:00,PUR_IED_AltamiraSO_Ext_186d66,PUR_IED_AltamiraSO_Ext_186d66,,,,,
2026-09-12T00:56:08-05:00,PUR_IED_AltamiraSO_Sistem_27afe1,PUR_IED_AltamiraSO_Sistem_27afe1,,,,,
2026-09-12T00:56:08-05:00,PUR_IED_AlvaroGom_LabQuim_813179,PUR_IED_AlvaroGom_LabQuim_813179,,,,,
2026-09-12T00:56:08-05:00,PUR_IED_AlvaroGomez_Ext_47c7ca,PUR_IED_AlvaroGomez_Ext_47c7ca,,,,,
2026-09-12T00:56:08-05:00,PUR_IED_AlvaroGomez_LabQuim_813179,PUR_IED_AlvaroGomez_LabQuim_813179,,,,,
2026-09-12T00:56:08-05:00,PUR_IED_AlvaroGomez_S23_7ba89f,PUR_IED_AlvaroGomez_S23_7ba89f,,,,,
2026-09-12T00:56:08-05:00,PUR_IED_Amistad_306_dc8728,PUR_IED_Amistad_306_dc8728,,,,,
2026-09-12T00:56:08-05:00,PUR_IED_Amistad_Ext_8cd55e,PUR_IED_Amistad_Ext_8cd55e,,,,,
2026-09-12T00:56:08-05:00,PUR_IED_Amistad_S202_a41169,PUR_IED_Amistad_S202_a41169,,,,,
2026-09-12T00:56:08-05:00,PUR_IED_AndresBello_Bio_fd5f5e,PUR_IED_AndresBello_Bio_fd5f5e,,,,,
2026-09-12T00:56:08-05:00,PUR_IED_AndresBello_ext_dcad65,PUR_IED_AndresBello_ext_dcad65,,,,,
2026-09-12T00:56:08-05:00,PUR_IED_AndresBello_port_eed3ec,PUR_IED_AndresBello_port_eed3ec,,,,,
2026-09-12T00:56:08-05:00,PUR_IED_AngelaR_11b_d90a6b,PUR_IED_AngelaR_11b_d90a6b,,,,,
2026-09-12T00:56:08-05:00,PUR_IED_AngelaR_ext_7cad3e,PUR_IED_AngelaR_ext_7cad3e,,,,,
2026-09-12T00:56:08-05:00,PUR_IED_AntJoseSucre_10mo_df2575,PUR_IED_AntJoseSucre_10mo_df2575,,,,,
2026-09-12T00:56:08-05:00,PUR_IED_AntJoseSucre_Ext_215b36,PUR_IED_AntJoseSucre_Ext_215b36,,,,,
2026-09-12T00:56:08-05:00,PUR_IED_AntJoseSucre_Lab_3139de,PUR_IED_AntJoseSucre_Lab_3139de,,,,,
2026-09-12T00:56:08-05:00,PUR_IED_AntonioGarcia_301_d6b188,PUR_IED_AntonioGarcia_301_d6b188,,,,,
2026-09-12T00:56:08-05:00,PUR_IED_AntonioGarcia_302_88a82,PUR_IED_AntonioGarcia_302_88a82,,,,,
2026-09-12T00:56:08-05:00,PUR_IED_AntonioGarcia_Ext_20950c,PUR_IED_AntonioGarcia_Ext_20950c,,,,,
2026-09-12T00:56:08-05:00,PUR_IED_AntonioVan_Aula2_6dea02,PUR_IED_AntonioVan_Aula2_6dea02,,,,,
2026-09-12T00:56:08-05:00,PUR_IED_AntonioVan_Aula5_f1557e,PUR_IED_AntonioVan_Aula5_f1557e,,,,,
2026-09-12T00:56:08-05:00,PUR_IED_AntonioVan_Ext_406f2f,PUR_IED_AntonioVan_Ext_406f2f,,,,,
2026-09-12T00:56:08-05:00,PUR_IED_Atabanzha_Ext_cc5af9,PUR_IED_Atabanzha_Ext_cc5af9,,,,,
2026-09-12T00:56:08-05:00,PUR_IED_Atabanzha_SA101_56c37,PUR_IED_Atabanzha_SA101_56c37,,,,,
2026-09-12T00:56:08-05:00,PUR_IED_Atabanzha_SB302_27b374,PUR_IED_Atabanzha_SB302_27b374,,,,,
2026-09-12T00:56:08-05:00,PUR_IED_Atahualpa_Ext_fc1748,PUR_IED_Atahualpa_Ext_fc1748,,,,,
2026-09-12T00:56:08-05:00,PUR_IED_Atahualpa_Informa_dc9a95,PUR_IED_Atahualpa_Informa_dc9a95,,,,,
2026-09-12T00:56:08-05:00,PUR_IED_Atahualpa_S1101_f98056,PUR_IED_Atahualpa_S1101_f98056,,,,,
2026-09-12T00:56:08-05:00,PUR_IED_Bellavista_Ext_f5aa74,PUR_IED_Bellavista_Ext_f5aa74,,,,,
2026-09-12T00:56:08-05:00,PUR_IED_Bilbao_11A_916c41,PUR_IED_Bilbao_11A_916c41,,,,,
2026-09-12T00:56:08-05:00,PUR_IED_Bilbao_Ext_fb579a,PUR_IED_Bilbao_Ext_fb579a,,,,,
2026-09-12T00:56:08-05:00,PUR_IED_BrasiliaU_A125_304280,PUR_IED_BrasiliaU_A125_304280,,,,,
2026-09-12T00:56:08-05:00,PUR_IED_BrasiliaU_A203_7c8ca5,PUR_IED_BrasiliaU_A203_7c8ca5,,,,,
2026-09-12T00:56:08-05:00,PUR_IED_BrasiliaU_Ext_8d6e9f,PUR_IED_BrasiliaU_Ext_8d6e9f,4,17,62,4.5175,-74.116302
2026-09-12T00:56:08-05:00,PUR_IED_Brasilia_Ext_fe6593,PUR_IED_Brasilia_Ext_fe6593,,,,,
2026-09-12T00:56:08-05:00,PUR_IED_Brasilia_S24_7c130d,PUR_IED_Brasilia_S24_7c130d,,,,,
2026-09-12T00:56:08-05:00,PUR_IED_Brasilia_S501_186a54,PUR_IED_Brasilia_S501_186a54,,,,,
2026-09-12T00:56:08-05:00,PUR_IED_CHARRY_EXT_f1d5cd,PUR_IED_CHARRY_EXT_f1d5cd,,,,,
2026-09-12T00:56:08-05:00,PUR_IED_CHARRY_INTDANZAS_7a08e6,PUR_IED_CHARRY_INTDANZAS_7a08e6,,,,,
2026-09-12T00:56:08-05:00,PUR_IED_CHARRY_INT_AULA20_dc998d,PUR_IED_CHARRY_INT_AULA20_dc998d,,,,,
2026-09-12T00:56:08-05:00,PUR_IED_COLVIV_1101_S25_7f520a,PUR_IED_COLVIV_1101_S25_7f520a,,,,,
2026-09-12T00:56:08-05:00,PUR_IED_COLVIV_1102_S16_f570ba,PUR_IED_COLVIV_1102_S16_f570ba,,,,,
2026-09-12T00:56:08-05:00,PUR_IED_COLVIV_Ext_1a26fa,PUR_IED_COLVIV_Ext_1a26fa,,,,,
2026-09-12T00:56:08-05:00,PUR_IED_CULPOP_301A_f660f3,PUR_IED_CULPOP_301A_f660f3,,,,,
2026-09-12T00:56:08-05:00,PUR_IED_CULPOP_303_568afe,PUR_IED_CULPOP_303_568afe,,,,,
2026-09-12T00:56:08-05:00,PUR_IED_CULPOP_Ext_e02ccb,PUR_IED_CULPOP_Ext_e02ccb,,,,,
2026-09-12T00:56:08-05:00,PUR_IED_CVillavicen_Ext_26eb58,PUR_IED_CVillavicen_Ext_26eb58,5,15,77,4.487,-74.102798
2026-09-12T00:56:08-05:00,PUR_IED_CVillavicen_Intel_1ce5c2,PUR_IED_CVillavicen_Intel_1ce5c2,,,,,
2026-09-12T00:56:08-05:00,PUR_IED_CVillavicen_Poliv_e0766c,PUR_IED_CVillavicen_Poliv_e0766c,,,,,
2026-09-12T00:56:08-05:00,PUR_IED_CVillavicen_int_1ba140,PUR_IED_CVillavicen_int_1ba140,,,,,
2026-09-12T00:56:08-05:00,PUR_IED_CVillavicen_intel_1ba140,PUR_IED_CVillavicen_intel_1ba140,,,,,
2026-09-12T00:56:08-05:00,PUR_IED_CarlosPizarro_Ext_e307cc,PUR_IED_CarlosPizarro_Ext_e307cc,,,,,
2026-09-12T00:56:08-05:00,PUR_IED_CarlosPizarro_L36_7e5cdb,PUR_IED_CarlosPizarro_L36_7e5cdb,,,,,
2026-09-12T00:56:08-05:00,PUR_IED_CarlosPizarro_L37_c8566c,PUR_IED_CarlosPizarro_L37_c8566c,,,,,
2026-09-12T00:56:08-05:00,PUR_IED_Castilla_Ext_cf35f,PUR_IED_Castilla_Ext_cf35f,,,,,
2026-09-12T00:56:08-05:00,PUR_IED_Castilla_SFisik_360e38,PUR_IED_Castilla_SFisik_360e38,,,,,
2026-09-12T00:56:08-05:00,PUR_IED_Castilla_Sc304_496fbf,PUR_IED_Castilla_Sc304_496fbf,,,,,
2026-09-12T00:56:08-05:00,PUR_IED_CervantesSa_Ext_6b57b,PUR_IED_CervantesSa_Ext_6b57b,4,17,69,4.5128,-74.117203
2026-09-12T00:56:08-05:00,PUR_IED_CervantesSa_S107_225c2b,PUR_IED_CervantesSa_S107_225c2b,,,,,
2026-09-12T00:56:08-05:00,PUR_IED_CervantesSa_S108_940925,PUR_IED_CervantesSa_S108_940925,,,,,
2026-09-12T00:56:08-05:00,PUR_IED_Charry_A20_f53e7c,PUR_IED_Charry_A20_f53e7c,,,,,
2026-09-12T00:56:08-05:00,PUR_IED_Charry_Ext_f1d5cd,PUR_IED_Charry_Ext_f1d5cd,,,,,
2026-09-12T00:56:08-05:00,PUR_IED_Charry_IntAula20_dc998d,PUR_IED_Charry_IntAula20_dc998d,,,,,
2026-09-12T00:56:08-05:00,PUR_IED_Charry_IntDanzas_7a08e6,PUR_IED_Charry_IntDanzas_7a08e6,,,,,
2026-09-12T00:56:08-05:00,PUR_IED_ClememciaC_203_43e2fc,PUR_IED_ClememciaC_203_43e2fc,,,,,
2026-09-12T00:56:08-05:00,PUR_IED_ClememciaC_Ext_1b411a,PUR_IED_ClememciaC_Ext_1b411a,,,,,
2026-09-12T00:56:08-05:00,PUR_IED_ClememciaC_Quimic_44b5fc,PUR_IED_ClememciaC_Quimic_44b5fc,,,,,
2026-09-12T00:56:08-05:00,PUR_IED_ClemenciaC_203_43e2fc,PUR_IED_ClemenciaC_203_43e2fc,,,,,
2026-09-12T00:56:08-05:00,PUR_IED_ClemenciaC_Ext_1b411a,PUR_IED_ClemenciaC_Ext_1b411a,,,,,
2026-09-12T00:56:08-05:00,PUR_IED_ClemenciaC_Quimic_44b5fc,PUR_IED_ClemenciaC_Quimic_44b5fc,,,,,
2026-09-12T00:56:08-05:00,PUR_IED_ColViva_1101_S25_7f520a,PUR_IED_ColViva_1101_S25_7f520a,,,,,
2026-09-12T00:56:08-05:00,PUR_IED_ColViva_1102_S16_f570ba,PUR_IED_ColViva_1102_S16_f570ba,,,,,
2026-09-12T00:56:08-05:00,PUR_IED_ColViva_Ext_1a26fa,PUR_IED_ColViva_Ext_1a26fa,,,,,
2026-09-12T00:56:08-05:00,PUR_IED_ColegioBici_Asist_7c8798,PUR_IED_ColegioBici_Asist_7c8798,,,,,
2026-09-12T00:56:08-05:00,PUR_IED_ColegioBici_Ext_25cbf6,PUR_IED_ColegioBici_Ext_25cbf6,,,,,
2026-09-12T00:56:08-05:00,PUR_IED_ColegioBici_LabQ_7b57db,PUR_IED_ColegioBici_LabQ_7b57db,,,,,
2026-09-12T00:56:08-05:00,PUR_IED_CostaRica_Ext_5e640,PUR_IED_CostaRica_Ext_5e640,,,,,
2026-09-12T00:56:08-05:00,PUR_IED_CostaRica_Quim1_766d1c,PUR_IED_CostaRica_Quim1_766d1c,,,,,
2026-09-12T00:56:08-05:00,PUR_IED_CostaRica__Fisica_6f0873,PUR_IED_CostaRica__Fisica_6f0873,,,,,
2026-09-12T00:56:08-05:00,PUR_IED_CulPopu_301A_f660f3,PUR_IED_CulPopu_301A_f660f3,,,,,
2026-09-12T00:56:08-05:00,PUR_IED_CulPopu_303_568afe,PUR_IED_CulPopu_303_568afe,,,,,
2026-09-12T00:56:08-05:00,PUR_IED_CulPopu_Ext_e02ccb,PUR_IED_CulPopu_Ext_e02ccb,,,,,
2026-09-12T00:56:08-05:00,PUR_IED_Cundinamarca_Ext_f15985,PUR_IED_Cundinamarca_Ext_f15985,,,,,
2026-09-12T00:56:08-05:00,PUR_IED_Cundinamarca_Info_7aa5d7,PUR_IED_Cundinamarca_Info_7aa5d7,,,,,
2026-09-12T00:56:08-05:00,PUR_IED_Cundinamarca_Tec2_f449c7,PUR_IED_Cundinamarca_Tec2_f449c7,,,,,
2026-09-12T00:56:08-05:00,PUR_IED_DiegoM_Aula1_27b314,PUR_IED_DiegoM_Aula1_27b314,,,,,
2026-09-12T00:56:08-05:00,PUR_IED_DiegoM_Ext_d80ac8,PUR_IED_DiegoM_Ext_d80ac8,,,,,
2026-09-12T00:56:08-05:00,PUR_IED_DiegoM_S25_da928f,PUR_IED_DiegoM_S25_da928f,,,,,
2026-09-12T00:56:08-05:00,PUR_IED_ELRODEO_360881,PUR_IED_ELRODEO_360881,,,,,
2026-09-12T00:56:08-05:00,PUR_IED_ELRODEO_ext_360881,PUR_IED_ELRODEO_ext_360881,,,,,
2026-09-12T00:56:08-05:00,PUR_IED_EduardoU_Ext_1c1969,PUR_IED_EduardoU_Ext_1c1969,,,,,
2026-09-12T00:56:08-05:00,PUR_IED_EduardoU_SCiencia_4dfb94,PUR_IED_EduardoU_SCiencia_4dfb94,,,,,
2026-09-12T00:56:08-05:00,PUR_IED_EduardoU_SQuimica_5a46e7,PUR_IED_EduardoU_SQuimica_5a46e7,,,,,
2026-09-12T00:56:08-05:00,PUR_IED_ElRodeo_Aula14_676984,PUR_IED_ElRodeo_Aula14_676984,,,,,
2026-09-12T00:56:08-05:00,PUR_IED_ElRodeo_Aula16_2dd35b,PUR_IED_ElRodeo_Aula16_2dd35b,,,,,
2026-09-12T00:56:08-05:00,PUR_IED_ElRodeo_Ext_360881,PUR_IED_ElRodeo_Ext_360881,,,,,
2026-09-12T00:56:08-05:00,PUR_IED_ElRodeo_Exterior_8c6d28,PUR_IED_ElRodeo_Exterior_8c6d28,,,,,
2026-09-12T00:56:08-05:00,PUR_IED_ElRodeo_ext_360881,PUR_IED_ElRodeo_ext_360881,,,,,
2026-09-12T00:56:08-05:00,PUR_IED_EmmaReyes_Ext_987625,PUR_IED_EmmaReyes_Ext_987625,16,21,54,4.6367,-74.1511
2026-09-12T00:56:08-05:00,PUR_IED_Ensueño_Ext_7f0250,PUR_IED_Ensueño_Ext_7f0250,,,,,
2026-09-12T00:56:08-05:00,PUR_IED_EscNormal_Ext_5fef3b,PUR_IED_EscNormal_Ext_5fef3b,2,18,59,4.5852,-74.096901
2026-09-12T00:56:08-05:00,PUR_IED_EscNormal_S309_5b263,PUR_IED_EscNormal_S309_5b263,,,,,
2026-09-12T00:56:08-05:00,PUR_IED_EscNormal_S310_27b3b8,PUR_IED_EscNormal_S310_27b3b8,,,,,
2026-09-12T00:56:08-05:00,PUR_IED_Evangelista_Conta_f6cd4f,PUR_IED_Evangelista_Conta_f6cd4f,,,,,
2026-09-12T00:56:08-05:00,PUR_IED_Evangelista_Cri_5e16a,PUR_IED_Evangelista_Cri_5e16a,,,,,
2026-09-12T00:56:08-05:00,PUR_IED_Evangelista_Exter_754066,PUR_IED_Evangelista_Exter_754066,,,,,
2026-09-12T00:56:08-05:00,PUR_IED_FMiranda_S209_5cc2a3,PUR_IED_FMiranda_S209_5cc2a3,,,,,
2026-09-12T00:56:08-05:00,PUR_IED_FMiranda_S303_19e344,PUR_IED_FMiranda_S303_19e344,,,,,
2026-09-12T00:56:08-05:00,PUR_IED_FMiranda_ext_f53e7c,PUR_IED_FMiranda_ext_f53e7c,,,,,
2026-09-12T00:56:08-05:00,PUR_IED_FabioLozano_Bibli_1cee05,PUR_IED_FabioLozano_Bibli_1cee05,,,,,
2026-09-12T00:56:08-05:00,PUR_IED_FabioLozano_Ext_6ea285,PUR_IED_FabioLozano_Ext_6ea285,,,,,
2026-09-12T00:56:08-05:00,PUR_IED_FabioLozano_SLudi_f09e1e,PUR_IED_FabioLozano_SLudi_f09e1e,,,,,
2026-09-12T00:56:08-05:00,PUR_IED_FaustinoS_Aula07_27a731,PUR_IED_FaustinoS_Aula07_27a731,,,,,
2026-09-12T00:56:08-05:00,PUR_IED_FaustinoS_Ext_7b936f,PUR_IED_FaustinoS_Ext_7b936f,,,,,
2026-09-12T00:56:08-05:00,PUR_IED_FaustinoS_Fisica_da2c60,PUR_IED_FaustinoS_Fisica_da2c60,,,,,
2026-09-12T00:56:08-05:00,PUR_IED_FeGarciaLo_Ext_dc68ee,PUR_IED_FeGarciaLo_Ext_dc68ee,,,,,
2026-09-12T00:56:08-05:00,PUR_IED_FeGarciaLo_SDanza_f70a59,PUR_IED_FeGarciaLo_SDanza_f70a59,,,,,
2026-09-12T00:56:08-05:00,PUR_IED_FeGarciaLo_SMusic_125cdd,PUR_IED_FeGarciaLo_SMusic_125cdd,,,,,
2026-09-12T00:56:08-05:00,PUR_IED_FederalAlema_Exte_50c345,PUR_IED_FederalAlema_Exte_50c345,,,,,
2026-09-12T00:56:08-05:00,PUR_IED_FederalAlema_S31_f18371,PUR_IED_FederalAlema_S31_f18371,,,,,
2026-09-12T00:56:08-05:00,PUR_IED_FederalAlema_S901_a62cd,PUR_IED_FederalAlema_S901_a62cd,,,,,
2026-09-12T00:56:08-05:00,PUR_IED_FilarmonicaS_A5_f35eb1,PUR_IED_FilarmonicaS_A5_f35eb1,,,,,
2026-09-12T00:56:08-05:00,PUR_IED_FilarmonicaS_Ext_8a3bde,PUR_IED_FilarmonicaS_Ext_8a3bde,,,,,
2026-09-12T00:56:08-05:00,PUR_IED_FilarmonicaS_Spol_406114,PUR_IED_FilarmonicaS_Spol_406114,,,,,
2026-09-12T00:56:08-05:00,PUR_IED_FlorentinoG_A13_d1fa59,PUR_IED_FlorentinoG_A13_d1fa59,,,,,
2026-09-12T00:56:08-05:00,PUR_IED_FlorentinoG_Ext_1ce6ce,PUR_IED_FlorentinoG_Ext_1ce6ce,,,,,
2026-09-12T00:56:08-05:00,PUR_IED_FlorentinoG_Idiom_a66aac,PUR_IED_FlorentinoG_Idiom_a66aac,,,,,
2026-09-12T00:56:08-05:00,PUR_IED_FranciscoMati_Ext_e3869d,PUR_IED_FranciscoMati_Ext_e3869d,,,,,
2026-09-12T00:56:08-05:00,PUR_IED_FranciscoMati_S13_f31c67,PUR_IED_FranciscoMati_S13_f31c67,,,,,
2026-09-12T00:56:08-05:00,PUR_IED_FranciscoMati_S14_97dead,PUR_IED_FranciscoMati_S14_97dead,,,,,
2026-09-12T00:56:08-05:00,PUR_IED_FranciscoPS_Ext_7bfa9a,PUR_IED_FranciscoPS_Ext_7bfa9a,3,19,60,4.5899,-74.110397
2026-09-12T00:56:08-05:00,PUR_IED_FranciscoPS_Infor_fb8f4c,PUR_IED_FranciscoPS_Infor_fb8f4c,,,,,
2026-09-12T00:56:08-05:00,PUR_IED_FranciscoPS_Quimi_94d39c,PUR_IED_FranciscoPS_Quimi_94d39c,,,,,
2026-09-12T00:56:08-05:00,PUR_IED_FranciscoP_LabQ_d7e148,PUR_IED_FranciscoP_LabQ_d7e148,,,,,
2026-09-12T00:56:08-05:00,PUR_IED_FranciscoP_S28_cf9b30,PUR_IED_FranciscoP_S28_cf9b30,,,,,
2026-09-12T00:56:08-05:00,PUR_IED_FranciscoP_ext_e2313,PUR_IED_FranciscoP_ext_e2313,,,,,
2026-09-12T00:56:08-05:00,PUR_IED_FriederichN_Ext_8ac92a,PUR_IED_FriederichN_Ext_8ac92a,,,,,
2026-09-12T00:56:08-05:00,PUR_IED_FriederichN_S301_dd7e5a,PUR_IED_FriederichN_S301_dd7e5a,,,,,
2026-09-12T00:56:08-05:00,PUR_IED_FriederichN_S308_761f4f,PUR_IED_FriederichN_S308_761f4f,,,,,
2026-09-12T00:56:08-05:00,PUR_IED_GSantander_Aula10_533dd7,PUR_IED_GSantander_Aula10_533dd7,,,,,
2026-09-12T00:56:08-05:00,PUR_IED_GSantander_Aula12_fd4e4f,PUR_IED_GSantander_Aula12_fd4e4f,,,,,
2026-09-12T00:56:08-05:00,PUR_IED_GSantander_Aula310_533dd7,PUR_IED_GSantander_Aula310_533dd7,,,,,
2026-09-12T00:56:08-05:00,PUR_IED_GSantander_Aula312_fd4e4f,PUR_IED_GSantander_Aula312_fd4e4f,,,,,
2026-09-12T00:56:08-05:00,PUR_IED_GSantander_Ext_5f66b0,PUR_IED_GSantander_Ext_5f66b0,,,,,
2026-09-12T00:56:08-05:00,PUR_IED_GYomasa_Ext_f6bea5,PUR_IED_GYomasa_Ext_f6bea5,,,,,
2026-09-12T00:56:08-05:00,PUR_IED_GYomasa_LBiol_2c41aa,PUR_IED_GYomasa_LBiol_2c41aa,,,,,
2026-09-12T00:56:08-05:00,PUR_IED_GYomasa_LQuim_33c80,PUR_IED_GYomasa_LQuim_33c80,,,,,
2026-09-12T00:56:08-05:00,PUR_IED_GabBetMejia_Cienc_5a99c,PUR_IED_GabBetMejia_Cienc_5a99c,,,,,
2026-09-12T00:56:08-05:00,PUR_IED_GabBetMejia_Ext_9153d0,PUR_IED_GabBetMejia_Ext_9153d0,,,,,
2026-09-12T00:56:08-05:00,PUR_IED_GabBetMejia_Lab_f55347,PUR_IED_GabBetMejia_Lab_f55347,,,,,
2026-09-12T00:56:08-05:00,PUR_IED_GabBetanMejia_Ext_9153d0,PUR_IED_GabBetanMejia_Ext_9153d0,,,,,
2026-09-12T00:56:08-05:00,PUR_IED_Gaitana_Aula13_7aac11,PUR_IED_Gaitana_Aula13_7aac11,,,,,
2026-09-12T00:56:08-05:00,PUR_IED_Gaitana_Ext_5fcf4,PUR_IED_Gaitana_Ext_5fcf4,,,,,
2026-09-12T00:56:08-05:00,PUR_IED_Gaitana_LabFisica_644448,PUR_IED_Gaitana_LabFisica_644448,,,,,
2026-09-12T00:56:08-05:00,PUR_IED_GenSantander_Dise_8ac858,PUR_IED_GenSantander_Dise_8ac858,,,,,
2026-09-12T00:56:08-05:00,PUR_IED_GenSantander_Ext_8d5dfe,PUR_IED_GenSantander_Ext_8d5dfe,,,,,
2026-09-12T00:56:08-05:00,PUR_IED_GenSantander_Info_6c25b,PUR_IED_GenSantander_Info_6c25b,,,,,
2026-09-12T00:56:08-05:00,PUR_IED_GustavoMo_Exterio_75e63d,PUR_IED_GustavoMo_Exterio_75e63d,,,,,
2026-09-12T00:56:08-05:00,PUR_IED_GustavoMo_LabFisi_224d37,PUR_IED_GustavoMo_LabFisi_224d37,,,,,
2026-09-12T00:56:08-05:00,PUR_IED_GustavoMo_S208_3e6918,PUR_IED_GustavoMo_S208_3e6918,,,,,
2026-09-12T00:56:08-05:00,PUR_IED_GustavoR_A02_8cd4a8,PUR_IED_GustavoR_A02_8cd4a8,,,,,
2026-09-12T00:56:08-05:00,PUR_IED_GustavoR_B11_5b0ed,PUR_IED_GustavoR_B11_5b0ed,,,,,
2026-09-12T00:56:08-05:00,PUR_IED_GustavoR_Ext_7a0c90,PUR_IED_GustavoR_Ext_7a0c90,,,,,
2026-09-12T00:56:08-05:00,PUR_IED_HernandoDuran_Ext_8cd82b,PUR_IED_HernandoDuran_Ext_8cd82b,,,,,
2026-09-12T00:56:08-05:00,PUR_IED_HernandoDuran_S24_2772c6,PUR_IED_HernandoDuran_S24_2772c6,,,,,
2026-09-12T00:56:08-05:00,PUR_IED_HernandoDuran_S30_f2de41,PUR_IED_HernandoDuran_S30_f2de41,,,,,
2026-09-12T00:56:08-05:00,PUR_IED_HolguInUr_S1101_8cd732,PUR_IED_HolguInUr_S1101_8cd732,,,,,
2026-09-12T00:56:08-05:00,PUR_IED_HolguinUr_Exter_ddae6d,PUR_IED_HolguinUr_Exter_ddae6d,,,,,
2026-09-12T00:56:08-05:00,PUR_IED_HolguinUr_LabQuim_92b952,PUR_IED_HolguinUr_LabQuim_92b952,,,,,
2026-09-12T00:56:08-05:00,PUR_IED_Isabel-II_Ext_5245cc,PUR_IED_Isabel-II_Ext_5245cc,12,19,59,4.6336,-74.153
2026-09-12T00:56:08-05:00,PUR_IED_Isabel-II_S_idiom_1c29aa,PUR_IED_Isabel-II_S_idiom_1c29aa,,,,,
2026-09-12T00:56:08-05:00,PUR_IED_Isabel-II_S_infor_fd741,PUR_IED_Isabel-II_S_infor_fd741,,,,,
2026-09-12T00:56:08-05:00,PUR_IED_IsidroSur_Exterio_5b90ea,PUR_IED_IsidroSur_Exterio_5b90ea,,,,,
2026-09-12T00:56:08-05:00,PUR_IED_IsidroSur_LabTec_56697a,PUR_IED_IsidroSur_LabTec_56697a,,,,,
2026-09-12T00:56:08-05:00,PUR_IED_IsidroSur_Robotic_b7c38f,PUR_IED_IsidroSur_Robotic_b7c38f,,,,,
2026-09-12T00:56:08-05:00,PUR_IED_IsmaelPerd_Ext_7b6672,PUR_IED_IsmaelPerd_Ext_7b6672,,,,,
2026-09-12T00:56:08-05:00,PUR_IED_IsmaelPerd_Inform_306540,PUR_IED_IsmaelPerd_Inform_306540,,,,,
2026-09-12T00:56:08-05:00,PUR_IED_IsmaelPerd_S30_2e2c83,PUR_IED_IsmaelPerd_S30_2e2c83,,,,,
2026-09-12T00:56:08-05:00,PUR_IED_JLozano_Exter_432910,PUR_IED_JLozano_Exter_432910,,,,,
2026-09-12T00:56:08-05:00,PUR_IED_JLozano_salaMulti_df5125,PUR_IED_JLozano_salaMulti_df5125,,,,,
2026-09-12T00:56:08-05:00,PUR_IED_JMCordoba_206_86f80b,PUR_IED_JMCordoba_206_86f80b,,,,,
2026-09-12T00:56:08-05:00,PUR_IED_JMCordoba_Ext_27ad97,PUR_IED_JMCordoba_Ext_27ad97,,,,,
2026-09-12T00:56:08-05:00,PUR_IED_JMCordoba_S310_d59ab4,PUR_IED_JMCordoba_S310_d59ab4,,,,,
2026-09-12T00:56:08-05:00,PUR_IED_Japon_Ext_549100,PUR_IED_Japon_Ext_549100,,,,,
2026-09-12T00:56:08-05:00,PUR_IED_Japon_Laboratorio_bec51d,PUR_IED_Japon_Laboratorio_bec51d,,,,,
2026-09-12T00:56:08-05:00,PUR_IED_Japon_informatica_d99327,PUR_IED_Japon_informatica_d99327,,,,,
2026-09-12T00:56:08-05:00,PUR_IED_Jazmin_Ext_d27bda,PUR_IED_Jazmin_Ext_d27bda,,,,,
2026-09-12T00:56:08-05:00,PUR_IED_Jazmin_Fisica_8d14d7,PUR_IED_Jazmin_Fisica_8d14d7,,,,,
2026-09-12T00:56:08-05:00,PUR_IED_Jazmin_Quimica_801cb5,PUR_IED_Jazmin_Quimica_801cb5,,,,,
2026-09-12T00:56:08-05:00,PUR_IED_JorgeGaitan_Exter_f098d1,PUR_IED_JorgeGaitan_Exter_f098d1,,,,,
2026-09-12T00:56:08-05:00,PUR_IED_JorgeGaitan_STec1_dc9d1d,PUR_IED_JorgeGaitan_STec1_dc9d1d,,,,,
2026-09-12T00:56:08-05:00,PUR_IED_JorgeGaitan_STec2_281e69,PUR_IED_JorgeGaitan_STec2_281e69,,,,,
2026-09-12T00:56:08-05:00,PUR_IED_JorgeSoto_Exterio_d9d0a2,PUR_IED_JorgeSoto_Exterio_d9d0a2,,,,,
2026-09-12T00:56:08-05:00,PUR_IED_JorgeSoto_LabFisi_209c54,PUR_IED_JorgeSoto_LabFisi_209c54,,,,,
2026-09-12T00:56:08-05:00,PUR_IED_JorgeSoto_S103_27b51a,PUR_IED_JorgeSoto_S103_27b51a,,,,,
2026-09-12T00:56:08-05:00,PUR_IED_JoseAcevedo_A02_e965eb,PUR_IED_JoseAcevedo_A02_e965eb,,,,,
2026-09-12T00:56:08-05:00,PUR_IED_JoseAcevedo_A07_dd5b4,PUR_IED_JoseAcevedo_A07_dd5b4,,,,,
2026-09-12T00:56:08-05:00,PUR_IED_JoseAcevedo_Ext_b47484,PUR_IED_JoseAcevedo_Ext_b47484,,,,,
2026-09-12T00:56:08-05:00,PUR_IED_JoseMarti_Exte_5b9bf,PUR_IED_JoseMarti_Exte_5b9bf,,,,,
2026-09-12T00:56:08-05:00,PUR_IED_JoseMarti_LabQuim_1c6c2d,PUR_IED_JoseMarti_LabQuim_1c6c2d,,,,,
2026-09-12T00:56:08-05:00,PUR_IED_JoseMarti_S_info_f5f177,PUR_IED_JoseMarti_S_info_f5f177,,,,,
2026-09-12T00:56:08-05:00,PUR_IED_Josejoaquin_Ext_dfc5dc,PUR_IED_Josejoaquin_Ext_dfc5dc,,,,,
2026-09-12T00:56:08-05:00,PUR_IED_Josejoaquin_S05_5b2a96,PUR_IED_Josejoaquin_S05_5b2a96,,,,,
2026-09-12T00:56:08-05:00,PUR_IED_Josejoaquin_S06_1ce7d2,PUR_IED_Josejoaquin_S06_1ce7d2,,,,,
2026-09-12T00:56:08-05:00,PUR_IED_JulioFlorez_Danza_9b82dd,PUR_IED_JulioFlorez_Danza_9b82dd,,,,,
2026-09-12T00:56:08-05:00,PUR_IED_JulioFlorez_Exter_f9f314,PUR_IED_JulioFlorez_Exter_f9f314,,,,,
2026-09-12T00:56:08-05:00,PUR_IED_JulioFlorez_info2_6b6e08,PUR_IED_JulioFlorez_info2_6b6e08,,,,,
2026-09-12T00:56:08-05:00,PUR_IED_LaBelleza_Aula13_1d00d8,PUR_IED_LaBelleza_Aula13_1d00d8,,,,,
2026-09-12T00:56:08-05:00,PUR_IED_LaBelleza_Ext_7bc08c,PUR_IED_LaBelleza_Ext_7bc08c,,,,,
2026-09-12T00:56:08-05:00,PUR_IED_LaChucua_Ext_8cd6d2,PUR_IED_LaChucua_Ext_8cd6d2,,,,,
2026-09-12T00:56:08-05:00,PUR_IED_LaChucua_S15_f578ce,PUR_IED_LaChucua_S15_f578ce,,,,,
2026-09-12T00:56:08-05:00,PUR_IED_LaChucua_S16_eebcf9,PUR_IED_LaChucua_S16_eebcf9,,,,,
2026-09-12T00:56:08-05:00,PUR_IED_LaFelicidad_Ext_fb5109,PUR_IED_LaFelicidad_Ext_fb5109,,,,,
2026-09-12T00:56:08-05:00,PUR_IED_LaMerced_206_66ebd,PUR_IED_LaMerced_206_66ebd,,,,,
2026-09-12T00:56:08-05:00,PUR_IED_LaMerced_207_6ebd6,PUR_IED_LaMerced_207_6ebd6,,,,,
2026-09-12T00:56:08-05:00,PUR_IED_LaMerced_ext_304311,PUR_IED_LaMerced_ext_304311,,,,,
2026-09-12T00:56:08-05:00,PUR_IED_Laureano_CiencNat_281e5e,PUR_IED_Laureano_CiencNat_281e5e,,,,,
2026-09-12T00:56:08-05:00,PUR_IED_Laureano_Comedor_f65c0a,PUR_IED_Laureano_Comedor_f65c0a,,,,,
2026-09-12T00:56:08-05:00,PUR_IED_Laureano_Exterior_7ab011,PUR_IED_Laureano_Exterior_7ab011,,,,,
2026-09-12T00:56:08-05:00,PUR_IED_LeonGreiff_Exte_dfe560,PUR_IED_LeonGreiff_Exte_dfe560,,,,,
2026-09-12T00:56:08-05:00,PUR_IED_LeonGreiff_S210_f264ed,PUR_IED_LeonGreiff_S210_f264ed,,,,,
2026-09-12T00:56:08-05:00,PUR_IED_LeonGreiff_SQuimi_e8296f,PUR_IED_LeonGreiff_SQuimi_e8296f,,,,,
2026-09-12T00:56:08-05:00,PUR_IED_LlanoOrientalS208_7b9fcd,PUR_IED_LlanoOrientalS208_7b9fcd,,,,,
2026-09-12T00:56:08-05:00,PUR_IED_LlanoOriental_Ext_fb3766,PUR_IED_LlanoOriental_Ext_fb3766,,,,,
2026-09-12T00:56:08-05:00,PUR_IED_LlanoOriental_S208_7b9fcd,PUR_IED_LlanoOriental_S208_7b9fcd,,,,,
2026-09-12T00:56:08-05:00,PUR_IED_LlanoOriental_S9_27b378,PUR_IED_LlanoOriental_S9_27b378,,,,,
2026-09-12T00:56:08-05:00,PUR_IED_LosTejares_1101_477602,PUR_IED_LosTejares_1101_477602,,,,,
2026-09-12T00:56:08-05:00,PUR_IED_LosTejares_11_d2c595,PUR_IED_LosTejares_11_d2c595,,,,,
2026-09-12T00:56:08-05:00,PUR_IED_LosTejares_12_477602,PUR_IED_LosTejares_12_477602,,,,,
2026-09-12T00:56:08-05:00,PUR_IED_LosTejares_Ext_8e2115,PUR_IED_LosTejares_Ext_8e2115,,,,,
2026-09-12T00:56:08-05:00,PUR_IED_MagdalenaO_B202_5ddda3,PUR_IED_MagdalenaO_B202_5ddda3,,,,,
2026-09-12T00:56:08-05:00,PUR_IED_MagdalenaO_B205_fb76e8,PUR_IED_MagdalenaO_B205_fb76e8,,,,,
2026-09-12T00:56:08-05:00,PUR_IED_MagdalenaO_ext_dc69cd,PUR_IED_MagdalenaO_ext_dc69cd,,,,,
2026-09-12T00:56:08-05:00,PUR_IED_ManueCepeda_artes_eee956,PUR_IED_ManueCepeda_artes_eee956,,,,,
2026-09-12T00:56:08-05:00,PUR_IED_ManuelCepeda_Ext_58313,PUR_IED_ManuelCepeda_Ext_58313,,,,,
2026-09-12T00:56:08-05:00,PUR_IED_ManuelCepeda_tec_1c5731,PUR_IED_ManuelCepeda_tec_1c5731,,,,,
2026-09-12T00:56:08-05:00,PUR_IED_ManuelS_Exterior_5b269,PUR_IED_ManuelS_Exterior_5b269,,,,,
2026-09-12T00:56:08-05:00,PUR_IED_ManuelS_Inform_f369ce,PUR_IED_ManuelS_Inform_f369ce,,,,,
2026-09-12T00:56:08-05:00,PUR_IED_ManuelS_SArtes_7d15f1,PUR_IED_ManuelS_SArtes_7d15f1,,,,,
2026-09-12T00:56:08-05:00,PUR_IED_ManuelZapata_303_3ca6,PUR_IED_ManuelZapata_303_3ca6,,,,,
2026-09-12T00:56:08-05:00,PUR_IED_ManuelZapata_311_bfbabc,PUR_IED_ManuelZapata_311_bfbabc,,,,,
2026-09-12T00:56:08-05:00,PUR_IED_ManuelZapata_Ext_50824a,PUR_IED_ManuelZapata_Ext_50824a,,,,,
2026-09-12T00:56:08-05:00,PUR_IED_ManuelitaS_Exteri_656a92,PUR_IED_ManuelitaS_Exteri_656a92,,,,,
2026-09-12T00:56:08-05:00,PUR_IED_ManuelitaS_JuzgDe_f58ec3,PUR_IED_ManuelitaS_JuzgDe_f58ec3,,,,,
2026-09-12T00:56:08-05:00,PUR_IED_ManuelitaS_Recrea_d793db,PUR_IED_ManuelitaS_Recrea_d793db,,,,,
2026-09-12T00:56:08-05:00,PUR_IED_MarFidSuarez_Ext_c27b19,PUR_IED_MarFidSuarez_Ext_c27b19,,,,,
2026-09-12T00:56:08-05:00,PUR_IED_MarFidSuarez_Info_e384d7,PUR_IED_MarFidSuarez_Info_e384d7,,,,,
2026-09-12T00:56:08-05:00,PUR_IED_MarFidSuarez_S306_1d0032,PUR_IED_MarFidSuarez_S306_1d0032,,,,,
2026-09-12T00:56:08-05:00,PUR_IED_Menorah_301_2a25a3,PUR_IED_Menorah_301_2a25a3,,,,,
2026-09-12T00:56:08-05:00,PUR_IED_Menorah_306_37ed3,PUR_IED_Menorah_306_37ed3,,,,,
2026-09-12T00:56:08-05:00,PUR_IED_Menorah_Ext_3e155b,PUR_IED_Menorah_Ext_3e155b,,,,,
2026-09-12T00:56:08-05:00,PUR_IED_MinutoB.Aires_A11_1b1604,PUR_IED_MinutoB.Aires_A11_1b1604,,,,,
2026-09-12T00:56:08-05:00,PUR_IED_MinutoB.Aires_A12_fb5860,PUR_IED_MinutoB.Aires_A12_fb5860,,,,,
2026-09-12T00:56:08-05:00,PUR_IED_MinutoB.Aires_Ext_81293f,PUR_IED_MinutoB.Aires_Ext_81293f,,,,,
2026-09-12T00:56:08-05:00,PUR_IED_MinutoBAires_A11_1b1604,PUR_IED_MinutoBAires_A11_1b1604,,,,,
2026-09-12T00:56:08-05:00,PUR_IED_MinutoBAires_A12_fb5860,PUR_IED_MinutoBAires_A12_fb5860,,,,,
2026-09-12T00:56:08-05:00,PUR_IED_MinutoBAires_Ext_81293f,PUR_IED_MinutoBAires_Ext_81293f,,,,,
2026-09-12T00:56:08-05:00,PUR_IED_Montreal_Aula10_1e4959,PUR_IED_Montreal_Aula10_1e4959,,,,,
2026-09-12T00:56:08-05:00,PUR_IED_Montreal_Aula6_300367,PUR_IED_Montreal_Aula6_300367,,,,,
2026-09-12T00:56:08-05:00,PUR_IED_Montreal_Exterior_91a179,PUR_IED_Montreal_Exterior_91a179,,,,,
2026-09-12T00:56:08-05:00,PUR_IED_Mqgdalena_B202_5ddda3,PUR_IED_Mqgdalena_B202_5ddda3,,,,,
2026-09-12T00:56:08-05:00,PUR_IED_NACUND_Soc_dc8728,PUR_IED_NACUND_Soc_dc8728,,,,,
2026-09-12T00:56:08-05:00,PUR_IED_NACUND_ext_27ad97,PUR_IED_NACUND_ext_27ad97,,,,,
2026-09-12T00:56:08-05:00,PUR_IED_NEsperanza_Ext_d24b61,PUR_IED_NEsperanza_Ext_d24b61,,,,,
2026-09-12T00:56:08-05:00,PUR_IED_NEsperanza_SElect_7d1807,PUR_IED_NEsperanza_SElect_7d1807,,,,,
2026-09-12T00:56:08-05:00,PUR_IED_NEsperanza_SLabor_8b2d0a,PUR_IED_NEsperanza_SLabor_8b2d0a,,,,,
2026-09-12T00:56:08-05:00,PUR_IED_NacionesU_Ext_f661a9,PUR_IED_NacionesU_Ext_f661a9,,,,,
2026-09-12T00:56:08-05:00,PUR_IED_NacionesU_Quimica_66f0a,PUR_IED_NacionesU_Quimica_66f0a,,,,,
2026-09-12T00:56:08-05:00,PUR_IED_NacionesU_S306_1b4b3d,PUR_IED_NacionesU_S306_1b4b3d,,,,,
2026-09-12T00:56:08-05:00,PUR_IED_NestorFA_Ext_e4201c,PUR_IED_NestorFA_Ext_e4201c,,,,,
2026-09-12T00:56:08-05:00,PUR_IED_NestorFA_Laborato_f22fe0,PUR_IED_NestorFA_Laborato_f22fe0,,,,,
2026-09-12T00:56:08-05:00,PUR_IED_NestorFA_S204_dee996,PUR_IED_NestorFA_S204_dee996,,,,,
2026-09-12T00:56:08-05:00,PUR_IED_NidyaQT_Aula03_76999b,PUR_IED_NidyaQT_Aula03_76999b,,,,,
2026-09-12T00:56:08-05:00,PUR_IED_NidyaQT_Aula10_56325,PUR_IED_NidyaQT_Aula10_56325,,,,,
2026-09-12T00:56:08-05:00,PUR_IED_NidyaQT_Ext_46e32d,PUR_IED_NidyaQT_Ext_46e32d,,,,,
2026-09-12T00:56:08-05:00,PUR_IED_NuevaCol_Exterior_d9b859,PUR_IED_NuevaCol_Exterior_d9b859,,,,,
2026-09-12T00:56:08-05:00,PUR_IED_NuevaCol_S1101_76c43b,PUR_IED_NuevaCol_S1101_76c43b,,,,,
2026-09-12T00:56:08-05:00,PUR_IED_NuevaCol_S1102_1ce0b5,PUR_IED_NuevaCol_S1102_1ce0b5,,,,,
2026-09-12T00:56:08-05:00,PUR_IED_OEA_A202_f7e3f2,PUR_IED_OEA_A202_f7e3f2,,,,,
2026-09-12T00:56:08-05:00,PUR_IED_OEA_A203_7d1b8d,PUR_IED_OEA_A203_7d1b8d,,,,,
2026-09-12T00:56:08-05:00,PUR_IED_OEA_Ext_27b593,PUR_IED_OEA_Ext_27b593,,,,,
2026-09-12T00:56:08-05:00,PUR_IED_Ochoa_Ext_1c29da,PUR_IED_Ochoa_Ext_1c29da,,,,,
2026-09-12T00:56:08-05:00,PUR_IED_Ochoa_S205_8b1121,PUR_IED_Ochoa_S205_8b1121,,,,,
2026-09-12T00:56:08-05:00,PUR_IED_Ochoa_Sistemas_f33af6,PUR_IED_Ochoa_Sistemas_f33af6,,,,,
2026-09-12T00:56:08-05:00,PUR_IED_PQuebec_Ext_1c67c7,PUR_IED_PQuebec_Ext_1c67c7,,,,,
2026-09-12T00:56:08-05:00,PUR_IED_PQuebec_S15_23e8e2,PUR_IED_PQuebec_S15_23e8e2,,,,,
2026-09-12T00:56:08-05:00,PUR_IED_PQuebec_S16_8ec76b,PUR_IED_PQuebec_S16_8ec76b,,,,,
2026-09-12T00:56:08-05:00,PUR_IED_PabloN_Ext_49dc96,PUR_IED_PabloN_Ext_49dc96,,,,,
2026-09-12T00:56:08-05:00,PUR_IED_PabloN_S1102_4e3df5,PUR_IED_PabloN_S1102_4e3df5,,,,,
2026-09-12T00:56:08-05:00,PUR_IED_PabloN_S1103_50c94b,PUR_IED_PabloN_S1103_50c94b,,,,,
2026-09-12T00:56:08-05:00,PUR_IED_Palestina_S1101_db9198,PUR_IED_Palestina_S1101_db9198,,,,,
2026-09-12T00:56:08-05:00,PUR_IED_Palestina_S1102_dc54fa,PUR_IED_Palestina_S1102_dc54fa,,,,,
2026-09-12T00:56:08-05:00,PUR_IED_Palestina_ext_4ccce6,PUR_IED_Palestina_ext_4ccce6,,,,,
2026-09-12T00:56:08-05:00,PUR_IED_Panama_Fisica_4d0794,PUR_IED_Panama_Fisica_4d0794,,,,,
2026-09-12T00:56:08-05:00,PUR_IED_Panama_SIngles_a4077e,PUR_IED_Panama_SIngles_a4077e,,,,,
2026-09-12T00:56:08-05:00,PUR_IED_Panama_ext_4c54b4,PUR_IED_Panama_ext_4c54b4,,,,,
2026-09-12T00:56:08-05:00,PUR_IED_ParaisoM_Exterior_8cd7f0,PUR_IED_ParaisoM_Exterior_8cd7f0,,,,,
2026-09-12T00:56:08-05:00,PUR_IED_ParaisoM_Laborato_27af35,PUR_IED_ParaisoM_Laborato_27af35,,,,,
2026-09-12T00:56:08-05:00,PUR_IED_ParaisoM_S304_d1edca,PUR_IED_ParaisoM_S304_d1edca,,,,,
2026-09-12T00:56:08-05:00,PUR_IED_PorfirioBarba_Ext_301466,PUR_IED_PorfirioBarba_Ext_301466,,,,,
2026-09-12T00:56:08-05:00,PUR_IED_PorfirioBarba_S11_df6cd2,PUR_IED_PorfirioBarba_S11_df6cd2,,,,,
2026-09-12T00:56:08-05:00,PUR_IED_PorfirioBarba_S29_27a7d6,PUR_IED_PorfirioBarba_S29_27a7d6,,,,,
2026-09-12T00:56:08-05:00,PUR_IED_PradoV_Exter_8b27ad,PUR_IED_PradoV_Exter_8b27ad,,,,,
2026-09-12T00:56:08-05:00,PUR_IED_PradoV_S301_de65b5,PUR_IED_PradoV_S301_de65b5,,,,,
2026-09-12T00:56:08-05:00,PUR_IED_PradoV_S302_7d2593,PUR_IED_PradoV_S302_7d2593,,,,,
2026-09-12T00:56:08-05:00,PUR_IED_QuirogaAlz_Ext_1ddc82,PUR_IED_QuirogaAlz_Ext_1ddc82,,,,,
2026-09-12T00:56:08-05:00,PUR_IED_QuirogaAlz_S302_9926a3,PUR_IED_QuirogaAlz_S302_9926a3,,,,,
2026-09-12T00:56:08-05:00,PUR_IED_QuirogaAlz_S305_cdf1f1,PUR_IED_QuirogaAlz_S305_cdf1f1,,,,,
2026-09-12T00:56:08-05:00,PUR_IED_RGuatemala_Biling_dc53b7,PUR_IED_RGuatemala_Biling_dc53b7,,,,,
2026-09-12T00:56:08-05:00,PUR_IED_RGuatemala_Ext_1b89a3,PUR_IED_RGuatemala_Ext_1b89a3,,,,,
2026-09-12T00:56:08-05:00,PUR_IED_RGuatemala_Tecnol_281a34,PUR_IED_RGuatemala_Tecnol_281a34,,,,,
2026-09-12T00:56:08-05:00,PUR_IED_RafaNu_Ext_f7c302,PUR_IED_RafaNu_Ext_f7c302,,,,,
2026-09-12T00:56:08-05:00,PUR_IED_RafaNu_S1101_25fde,PUR_IED_RafaNu_S1101_25fde,,,,,
2026-09-12T00:56:08-05:00,PUR_IED_RafaNu_S1102_281517,PUR_IED_RafaNu_S1102_281517,,,,,
2026-09-12T00:56:08-05:00,PUR_IED_RafaelB_S305_ee2783,PUR_IED_RafaelB_S305_ee2783,,,,,
2026-09-12T00:56:08-05:00,PUR_IED_RafaelB_S306_75fe33,PUR_IED_RafaelB_S306_75fe33,,,,,
2026-09-12T00:56:08-05:00,PUR_IED_RafaelB_ext_283336,PUR_IED_RafaelB_ext_283336,3,18,59,4.6722,-74.0737
2026-09-12T00:56:08-05:00,PUR_IED_RafaelUU_Exterior_281a51,PUR_IED_RafaelUU_Exterior_281a51,,,,,
2026-09-12T00:56:08-05:00,PUR_IED_RafaelUU_Human_806b2,PUR_IED_RafaelUU_Human_806b2,,,,,
2026-09-12T00:56:08-05:00,PUR_IED_RafaelUU_Mate2_5680d4,PUR_IED_RafaelUU_Mate2_5680d4,,,,,
2026-09-12T00:56:08-05:00,PUR_IED_RamonSub_Ext_f9eeb9,PUR_IED_RamonSub_Ext_f9eeb9,,,,,
2026-09-12T00:56:08-05:00,PUR_IED_RamonSub_Media_d1f62f,PUR_IED_RamonSub_Media_d1f62f,,,,,
2026-09-12T00:56:08-05:00,PUR_IED_RamonSub_planta_51b82,PUR_IED_RamonSub_planta_51b82,,,,,
2026-09-12T00:56:08-05:00,PUR_IED_RepBoliVene_Exter_27af7c,PUR_IED_RepBoliVene_Exter_27af7c,,,,,
2026-09-12T00:56:08-05:00,PUR_IED_RepBoliVene_SCPT_5ae2ee,PUR_IED_RepBoliVene_SCPT_5ae2ee,,,,,
2026-09-12T00:56:08-05:00,PUR_IED_RepBoliVene_Socia_4b11d5,PUR_IED_RepBoliVene_Socia_4b11d5,,,,,
2026-09-12T00:56:08-05:00,PUR_IED_RepChina_Ext_76d9ee,PUR_IED_RepChina_Ext_76d9ee,,,,,
2026-09-12T00:56:08-05:00,PUR_IED_RepChina_S404_7c804c,PUR_IED_RepChina_S404_7c804c,,,,,
2026-09-12T00:56:08-05:00,PUR_IED_RepChina_S405_df2c33,PUR_IED_RepChina_S405_df2c33,,,,,
2026-09-12T00:56:08-05:00,PUR_IED_RepublicaC_Exteri_7d1ec9,PUR_IED_RepublicaC_Exteri_7d1ec9,,,,,
2026-09-12T00:56:08-05:00,PUR_IED_RepublicaC_S1101_f544b3,PUR_IED_RepublicaC_S1101_f544b3,,,,,
2026-09-12T00:56:08-05:00,PUR_IED_RepublicaC_S1102_7aafc7,PUR_IED_RepublicaC_S1102_7aafc7,,,,,
2026-09-12T00:56:08-05:00,PUR_IED_Ricaurte_Externo_a0ea1,PUR_IED_Ricaurte_Externo_a0ea1,,,,,
2026-09-12T00:56:08-05:00,PUR_IED_Ricaurte_S210_f546fd,PUR_IED_Ricaurte_S210_f546fd,,,,,
2026-09-12T00:56:08-05:00,PUR_IED_Ricaurte_S309_d4452,PUR_IED_Ricaurte_S309_d4452,,,,,
2026-09-12T00:56:08-05:00,PUR_IED_RogelioS_1102_531e69,PUR_IED_RogelioS_1102_531e69,,,,,
2026-09-12T00:56:08-05:00,PUR_IED_RogelioS_Ext_f25a18,PUR_IED_RogelioS_Ext_f25a18,,,,,
2026-09-12T00:56:08-05:00,PUR_IED_SBernardino_Ext_27aff8,PUR_IED_SBernardino_Ext_27aff8,,,,,
2026-09-12T00:56:08-05:00,PUR_IED_SBernardino_SArte_2ffd33,PUR_IED_SBernardino_SArte_2ffd33,,,,,
2026-09-12T00:56:08-05:00,PUR_IED_SBernardino_SIngl_7c7da5,PUR_IED_SBernardino_SIngl_7c7da5,,,,,
2026-09-12T00:56:08-05:00,PUR_IED_Sago_auditorio_dc9d1d,PUR_IED_Sago_auditorio_dc9d1d,,,,,
2026-09-12T00:56:08-05:00,PUR_IED_Saludcoop_Ext_95aac3,PUR_IED_Saludcoop_Ext_95aac3,,,,,
2026-09-12T00:56:08-05:00,PUR_IED_Saludcoop_InfI_90c854,PUR_IED_Saludcoop_InfI_90c854,,,,,
2026-09-12T00:56:08-05:00,PUR_IED_Saludcoop_SMedia_1b93be,PUR_IED_Saludcoop_SMedia_1b93be,,,,,
2026-09-12T00:56:08-05:00,PUR_IED_SanCarlos_1101_1a2360,PUR_IED_SanCarlos_1101_1a2360,,,,,
2026-09-12T00:56:08-05:00,PUR_IED_SanCarlos_1103_7bafb5,PUR_IED_SanCarlos_1103_7bafb5,,,,,
2026-09-12T00:56:08-05:00,PUR_IED_SanCarlos_Ext_b7cd1,PUR_IED_SanCarlos_Ext_b7cd1,,,,,
2026-09-12T00:56:08-05:00,PUR_IED_SanIgnacioBosa11a_50c26e,PUR_IED_SanIgnacioBosa11a_50c26e,,,,,
2026-09-12T00:56:08-05:00,PUR_IED_SanIgnacioBosa11b_371de8,PUR_IED_SanIgnacioBosa11b_371de8,,,,,
2026-09-12T00:56:08-05:00,PUR_IED_SanIgnacioBosaExt_ef0ffc,PUR_IED_SanIgnacioBosaExt_ef0ffc,,,,,
2026-09-12T00:56:08-05:00,PUR_IED_SanIgnacioBosa_11a_50c26e,PUR_IED_SanIgnacioBosa_11a_50c26e,,,,,
2026-09-12T00:56:08-05:00,PUR_IED_SanIgnacioBosa_Ext_ef0ffc,PUR_IED_SanIgnacioBosa_Ext_ef0ffc,,,,,
2026-09-12T00:56:08-05:00,PUR_IED_SanJoseN_intS1101_31c47f,PUR_IED_SanJoseN_intS1101_31c47f,,,,,
2026-09-12T00:56:08-05:00,PUR_IED_SanJoseUsm_Exter_f5d7e8,PUR_IED_SanJoseUsm_Exter_f5d7e8,,,,,
2026-09-12T00:56:08-05:00,PUR_IED_SanJoseUsm_Int11A_cfdef6,PUR_IED_SanJoseUsm_Int11A_cfdef6,,,,,
2026-09-12T00:56:08-05:00,PUR_IED_SilveriaR_IntB5_905349,PUR_IED_SilveriaR_IntB5_905349,,,,,
2026-09-12T00:56:08-05:00,PUR_IED_SilveriaR_IntSD14_981f93,PUR_IED_SilveriaR_IntSD14_981f93,,,,,
2026-09-12T00:56:08-05:00,PUR_IED_SilveriaR_ext_2b651d,PUR_IED_SilveriaR_ext_2b651d,,,,,
2026-09-12T00:56:08-05:00,PUR_IED_SimonB_Exterior_913975,PUR_IED_SimonB_Exterior_913975,,,,,
2026-09-12T00:56:08-05:00,PUR_IED_SimonB_LabQuimi_c56908,PUR_IED_SimonB_LabQuimi_c56908,,,,,
2026-09-12T00:56:08-05:00,PUR_IED_SimonB_informatic_a28c1,PUR_IED_SimonB_informatic_a28c1,,,,,
2026-09-12T00:56:08-05:00,PUR_IED_Sorrento_1102_315f50,PUR_IED_Sorrento_1102_315f50,,,,,
2026-09-12T00:56:08-05:00,PUR_IED_Sorrento_Minte_214eab,PUR_IED_Sorrento_Minte_214eab,,,,,
2026-09-12T00:56:08-05:00,PUR_IED_Sorrento_ext_7c3a0a,PUR_IED_Sorrento_ext_7c3a0a,,,,,
2026-09-12T00:56:08-05:00,PUR_IED_Tabora_Ext_f048ae,PUR_IED_Tabora_Ext_f048ae,,,,,
2026-09-12T00:56:08-05:00,PUR_IED_Tabora_S1102_b07752,PUR_IED_Tabora_S1102_b07752,,,,,
2026-09-12T00:56:08-05:00,PUR_IED_Tabora_S1103_d988f5,PUR_IED_Tabora_S1103_d988f5,,,,,
2026-09-12T00:56:08-05:00,PUR_IED_Tenerife_Ext_1ab188,PUR_IED_Tenerife_Ext_1ab188,,,,,
2026-09-12T00:56:08-05:00,PUR_IED_Tenerife_SDanzas_7bc02e,PUR_IED_Tenerife_SDanzas_7bc02e,,,,,
2026-09-12T00:56:08-05:00,PUR_IED_Tenerife_SIngles_7cc277,PUR_IED_Tenerife_SIngles_7cc277,,,,,
2026-09-12T00:56:08-05:00,PUR_IED_Tibabuyes_Exter_f2683d,PUR_IED_Tibabuyes_Exter_f2683d,,,,,
2026-09-12T00:56:08-05:00,PUR_IED_Tibabuyes_S10_dc87a8,PUR_IED_Tibabuyes_S10_dc87a8,,,,,
2026-09-12T00:56:08-05:00,PUR_IED_Tibabuyes_S15_dc0526,PUR_IED_Tibabuyes_S15_dc0526,,,,,
2026-09-12T00:56:08-05:00,PUR_IED_UnionE_S301_a1043,PUR_IED_UnionE_S301_a1043,,,,,
2026-09-12T00:56:08-05:00,PUR_IED_UnionE_S307_ff6c2f,PUR_IED_UnionE_S307_ff6c2f,,,,,
2026-09-12T00:56:08-05:00,PUR_IED_UnionE__Ext_5e2468,PUR_IED_UnionE__Ext_5e2468,,,,,
2026-09-12T00:56:08-05:00,PUR_IED_VillaRica_Ext_75be7c,PUR_IED_VillaRica_Ext_75be7c,,,,,
2026-09-12T00:56:08-05:00,PUR_IED_VillaRica_S4_cc5dcd,PUR_IED_VillaRica_S4_cc5dcd,,,,,
2026-09-12T00:56:08-05:00,PUR_IED_VillaRica_Sesp_99f5c,PUR_IED_VillaRica_Sesp_99f5c,,,,,
2026-09-12T01:01:18-05:00,PUR_IED_20deJulio_1101_91b1b9,PUR_IED_20deJulio_1101_91b1b9,,,,,
2026-09-12T01:01:18-05:00,PUR_IED_20deJulio_1102_1cfcf9,PUR_IED_20deJulio_1102_1cfcf9,,,,,
2026-09-12T01:01:18-05:00,PUR_IED_20deJulio_Ext_ab60bd,PUR_IED_20deJulio_Ext_ab60bd,,,,,
2026-09-12T01:01:18-05:00,PUR_IED_AgustinFer_Ext_7b9b77,PUR_IED_AgustinFer_Ext_7b9b77,,,,,
2026-09-12T01:01:18-05:00,PUR_IED_AgustinFer_Info2_27b3a7,PUR_IED_AgustinFer_Info2_27b3a7,,,,,
2026-09-12T01:01:18-05:00,PUR_IED_AgustinFer_Sena_54b4eb,PUR_IED_AgustinFer_Sena_54b4eb,,,,,
2026-09-12T01:01:18-05:00,PUR_IED_AlexanderF_1102_caf07b,PUR_IED_AlexanderF_1102_caf07b,,,,,
2026-09-12T01:01:18-05:00,PUR_IED_AlexanderF_1103_c79e71,PUR_IED_AlexanderF_1103_c79e71,,,,,
2026-09-12T01:01:18-05:00,PUR_IED_AlexanderF_Ext_c5b18b,PUR_IED_AlexanderF_Ext_c5b18b,,,,,
2026-09-12T01:01:18-05:00,PUR_IED_AlfonsoLopez_Ext_281d77,PUR_IED_AlfonsoLopez_Ext_281d77,,,,,
2026-09-12T01:01:18-05:00,PUR_IED_AlfonsoLopez_LabF_888ce0,PUR_IED_AlfonsoLopez_LabF_888ce0,,,,,
2026-09-12T01:01:18-05:00,PUR_IED_AlfonsoLopez_SMed_df6a7f,PUR_IED_AlfonsoLopez_SMed_df6a7f,,,,,
2026-09-12T01:01:18-05:00,PUR_IED_AltamiraSO_A2_209f92,PUR_IED_AltamiraSO_A2_209f92,,,,,
2026-09-12T01:01:18-05:00,PUR_IED_AltamiraSO_Ext_186d66,PUR_IED_AltamiraSO_Ext_186d66,,,,,
2026-09-12T01:01:18-05:00,PUR_IED_AltamiraSO_Sistem_27afe1,PUR_IED_AltamiraSO_Sistem_27afe1,,,,,
2026-09-12T01:01:18-05:00,PUR_IED_AlvaroGom_LabQuim_813179,PUR_IED_AlvaroGom_LabQuim_813179,,,,,
2026-09-12T01:01:18-05:00,PUR_IED_AlvaroGomez_Ext_47c7ca,PUR_IED_AlvaroGomez_Ext_47c7ca,,,,,
2026-09-12T01:01:18-05:00,PUR_IED_AlvaroGomez_LabQuim_813179,PUR_IED_AlvaroGomez_LabQuim_813179,,,,,
2026-09-12T01:01:18-05:00,PUR_IED_AlvaroGomez_S23_7ba89f,PUR_IED_AlvaroGomez_S23_7ba89f,,,,,
2026-09-12T01:01:18-05:00,PUR_IED_Amistad_306_dc8728,PUR_IED_Amistad_306_dc8728,,,,,
2026-09-12T01:01:18-05:00,PUR_IED_Amistad_Ext_8cd55e,PUR_IED_Amistad_Ext_8cd55e,,,,,
2026-09-12T01:01:18-05:00,PUR_IED_Amistad_S202_a41169,PUR_IED_Amistad_S202_a41169,,,,,
2026-09-12T01:01:18-05:00,PUR_IED_AndresBello_Bio_fd5f5e,PUR_IED_AndresBello_Bio_fd5f5e,,,,,
2026-09-12T01:01:18-05:00,PUR_IED_AndresBello_ext_dcad65,PUR_IED_AndresBello_ext_dcad65,,,,,
2026-09-12T01:01:18-05:00,PUR_IED_AndresBello_port_eed3ec,PUR_IED_AndresBello_port_eed3ec,,,,,
2026-09-12T01:01:18-05:00,PUR_IED_AngelaR_11b_d90a6b,PUR_IED_AngelaR_11b_d90a6b,,,,,
2026-09-12T01:01:18-05:00,PUR_IED_AngelaR_ext_7cad3e,PUR_IED_AngelaR_ext_7cad3e,6,20,59,4.5825,-74.164497
2026-09-12T01:01:18-05:00,PUR_IED_AntJoseSucre_10mo_df2575,PUR_IED_AntJoseSucre_10mo_df2575,,,,,
2026-09-12T01:01:18-05:00,PUR_IED_AntJoseSucre_Ext_215b36,PUR_IED_AntJoseSucre_Ext_215b36,,,,,
2026-09-12T01:01:18-05:00,PUR_IED_AntJoseSucre_Lab_3139de,PUR_IED_AntJoseSucre_Lab_3139de,,,,,
2026-09-12T01:01:18-05:00,PUR_IED_AntonioGarcia_301_d6b188,PUR_IED_AntonioGarcia_301_d6b188,,,,,
2026-09-12T01:01:18-05:00,PUR_IED_AntonioGarcia_302_88a82,PUR_IED_AntonioGarcia_302_88a82,,,,,
2026-09-12T01:01:18-05:00,PUR_IED_AntonioGarcia_Ext_20950c,PUR_IED_AntonioGarcia_Ext_20950c,,,,,
2026-09-12T01:01:18-05:00,PUR_IED_AntonioVan_Aula2_6dea02,PUR_IED_AntonioVan_Aula2_6dea02,,,,,
2026-09-12T01:01:18-05:00,PUR_IED_AntonioVan_Aula5_f1557e,PUR_IED_AntonioVan_Aula5_f1557e,,,,,
2026-09-12T01:01:18-05:00,PUR_IED_AntonioVan_Ext_406f2f,PUR_IED_AntonioVan_Ext_406f2f,,,,,
2026-09-12T01:01:18-05:00,PUR_IED_Atabanzha_Ext_cc5af9,PUR_IED_Atabanzha_Ext_cc5af9,,,,,
2026-09-12T01:01:18-05:00,PUR_IED_Atabanzha_SA101_56c37,PUR_IED_Atabanzha_SA101_56c37,,,,,
2026-09-12T01:01:18-05:00,PUR_IED_Atabanzha_SB302_27b374,PUR_IED_Atabanzha_SB302_27b374,,,,,
2026-09-12T01:01:18-05:00,PUR_IED_Atahualpa_Ext_fc1748,PUR_IED_Atahualpa_Ext_fc1748,,,,,
2026-09-12T01:01:18-05:00,PUR_IED_Atahualpa_Informa_dc9a95,PUR_IED_Atahualpa_Informa_dc9a95,,,,,
2026-09-12T01:01:18-05:00,PUR_IED_Atahualpa_S1101_f98056,PUR_IED_Atahualpa_S1101_f98056,,,,,
2026-09-12T01:01:18-05:00,PUR_IED_Bellavista_Ext_f5aa74,PUR_IED_Bellavista_Ext_f5aa74,,,,,
2026-09-12T01:01:18-05:00,PUR_IED_Bilbao_11A_916c41,PUR_IED_Bilbao_11A_916c41,,,,,
2026-09-12T01:01:18-05:00,PUR_IED_Bilbao_Ext_fb579a,PUR_IED_Bilbao_Ext_fb579a,,,,,
2026-09-12T01:01:18-05:00,PUR_IED_BrasiliaU_A125_304280,PUR_IED_BrasiliaU_A125_304280,,,,,
2026-09-12T01:01:18-05:00,PUR_IED_BrasiliaU_A203_7c8ca5,PUR_IED_BrasiliaU_A203_7c8ca5,,,,,
2026-09-12T01:01:18-05:00,PUR_IED_BrasiliaU_Ext_8d6e9f,PUR_IED_BrasiliaU_Ext_8d6e9f,4,17,62,4.5175,-74.116302
2026-09-12T01:01:18-05:00,PUR_IED_Brasilia_Ext_fe6593,PUR_IED_Brasilia_Ext_fe6593,,,,,
2026-09-12T01:01:18-05:00,PUR_IED_Brasilia_S24_7c130d,PUR_IED_Brasilia_S24_7c130d,,,,,
2026-09-12T01:01:18-05:00,PUR_IED_Brasilia_S501_186a54,PUR_IED_Brasilia_S501_186a54,,,,,
2026-09-12T01:01:18-05:00,PUR_IED_CHARRY_EXT_f1d5cd,PUR_IED_CHARRY_EXT_f1d5cd,,,,,
2026-09-12T01:01:18-05:00,PUR_IED_CHARRY_INTDANZAS_7a08e6,PUR_IED_CHARRY_INTDANZAS_7a08e6,,,,,
2026-09-12T01:01:18-05:00,PUR_IED_CHARRY_INT_AULA20_dc998d,PUR_IED_CHARRY_INT_AULA20_dc998d,,,,,
2026-09-12T01:01:18-05:00,PUR_IED_COLVIV_1101_S25_7f520a,PUR_IED_COLVIV_1101_S25_7f520a,,,,,
2026-09-12T01:01:18-05:00,PUR_IED_COLVIV_1102_S16_f570ba,PUR_IED_COLVIV_1102_S16_f570ba,,,,,
2026-09-12T01:01:18-05:00,PUR_IED_COLVIV_Ext_1a26fa,PUR_IED_COLVIV_Ext_1a26fa,,,,,
2026-09-12T01:01:18-05:00,PUR_IED_CULPOP_301A_f660f3,PUR_IED_CULPOP_301A_f660f3,,,,,
2026-09-12T01:01:18-05:00,PUR_IED_CULPOP_303_568afe,PUR_IED_CULPOP_303_568afe,,,,,
2026-09-12T01:01:18-05:00,PUR_IED_CULPOP_Ext_e02ccb,PUR_IED_CULPOP_Ext_e02ccb,,,,,
2026-09-12T01:01:18-05:00,PUR_IED_CVillavicen_Ext_26eb58,PUR_IED_CVillavicen_Ext_26eb58,5,15,77,4.487,-74.102798
2026-09-12T01:01:18-05:00,PUR_IED_CVillavicen_Intel_1ce5c2,PUR_IED_CVillavicen_Intel_1ce5c2,,,,,
2026-09-12T01:01:18-05:00,PUR_IED_CVillavicen_Poliv_e0766c,PUR_IED_CVillavicen_Poliv_e0766c,,,,,
2026-09-12T01:01:18-05:00,PUR_IED_CVillavicen_int_1ba140,PUR_IED_CVillavicen_int_1ba140,,,,,
2026-09-12T01:01:18-05:00,PUR_IED_CVillavicen_intel_1ba140,PUR_IED_CVillavicen_intel_1ba140,,,,,
2026-09-12T01:01:18-05:00,PUR_IED_CarlosPizarro_Ext_e307cc,PUR_IED_CarlosPizarro_Ext_e307cc,,,,,
2026-09-12T01:01:18-05:00,PUR_IED_CarlosPizarro_L36_7e5cdb,PUR_IED_CarlosPizarro_L36_7e5cdb,,,,,
2026-09-12T01:01:18-05:00,PUR_IED_CarlosPizarro_L37_c8566c,PUR_IED_CarlosPizarro_L37_c8566c,,,,,
2026-09-12T01:01:18-05:00,PUR_IED_Castilla_Ext_cf35f,PUR_IED_Castilla_Ext_cf35f,,,,,
2026-09-12T01:01:18-05:00,PUR_IED_Castilla_SFisik_360e38,PUR_IED_Castilla_SFisik_360e38,,,,,
2026-09-12T01:01:18-05:00,PUR_IED_Castilla_Sc304_496fbf,PUR_IED_Castilla_Sc304_496fbf,,,,,
2026-09-12T01:01:18-05:00,PUR_IED_CervantesSa_Ext_6b57b,PUR_IED_CervantesSa_Ext_6b57b,3,17,69,4.5128,-74.117203
2026-09-12T01:01:18-05:00,PUR_IED_CervantesSa_S107_225c2b,PUR_IED_CervantesSa_S107_225c2b,,,,,
2026-09-12T01:01:18-05:00,PUR_IED_CervantesSa_S108_940925,PUR_IED_CervantesSa_S108_940925,,,,,
2026-09-12T01:01:18-05:00,PUR_IED_Charry_A20_f53e7c,PUR_IED_Charry_A20_f53e7c,,,,,
2026-09-12T01:01:18-05:00,PUR_IED_Charry_Ext_f1d5cd,PUR_IED_Charry_Ext_f1d5cd,,,,,
2026-09-12T01:01:18-05:00,PUR_IED_Charry_IntAula20_dc998d,PUR_IED_Charry_IntAula20_dc998d,,,,,
2026-09-12T01:01:18-05:00,PUR_IED_Charry_IntDanzas_7a08e6,PUR_IED_Charry_IntDanzas_7a08e6,,,,,
2026-09-12T01:01:18-05:00,PUR_IED_ClememciaC_203_43e2fc,PUR_IED_ClememciaC_203_43e2fc,,,,,
2026-09-12T01:01:18-05:00,PUR_IED_ClememciaC_Ext_1b411a,PUR_IED_ClememciaC_Ext_1b411a,,,,,
2026-09-12T01:01:18-05:00,PUR_IED_ClememciaC_Quimic_44b5fc,PUR_IED_ClememciaC_Quimic_44b5fc,,,,,
2026-09-12T01:01:18-05:00,PUR_IED_ClemenciaC_203_43e2fc,PUR_IED_ClemenciaC_203_43e2fc,,,,,
2026-09-12T01:01:18-05:00,PUR_IED_ClemenciaC_Ext_1b411a,PUR_IED_ClemenciaC_Ext_1b411a,,,,,
2026-09-12T01:01:18-05:00,PUR_IED_ClemenciaC_Quimic_44b5fc,PUR_IED_ClemenciaC_Quimic_44b5fc,,,,,
2026-09-12T01:01:18-05:00,PUR_IED_ColViva_1101_S25_7f520a,PUR_IED_ColViva_1101_S25_7f520a,,,,,
2026-09-12T01:01:18-05:00,PUR_IED_ColViva_1102_S16_f570ba,PUR_IED_ColViva_1102_S16_f570ba,,,,,
2026-09-12T01:01:18-05:00,PUR_IED_ColViva_Ext_1a26fa,PUR_IED_ColViva_Ext_1a26fa,,,,,
2026-09-12T01:01:18-05:00,PUR_IED_ColegioBici_Asist_7c8798,PUR_IED_ColegioBici_Asist_7c8798,,,,,
2026-09-12T01:01:18-05:00,PUR_IED_ColegioBici_Ext_25cbf6,PUR_IED_ColegioBici_Ext_25cbf6,,,,,
2026-09-12T01:01:18-05:00,PUR_IED_ColegioBici_LabQ_7b57db,PUR_IED_ColegioBici_LabQ_7b57db,,,,,
2026-09-12T01:01:18-05:00,PUR_IED_CostaRica_Ext_5e640,PUR_IED_CostaRica_Ext_5e640,,,,,
2026-09-12T01:01:18-05:00,PUR_IED_CostaRica_Quim1_766d1c,PUR_IED_CostaRica_Quim1_766d1c,,,,,
2026-09-12T01:01:18-05:00,PUR_IED_CostaRica__Fisica_6f0873,PUR_IED_CostaRica__Fisica_6f0873,,,,,
2026-09-12T01:01:18-05:00,PUR_IED_CulPopu_301A_f660f3,PUR_IED_CulPopu_301A_f660f3,,,,,
2026-09-12T01:01:18-05:00,PUR_IED_CulPopu_303_568afe,PUR_IED_CulPopu_303_568afe,,,,,
2026-09-12T01:01:18-05:00,PUR_IED_CulPopu_Ext_e02ccb,PUR_IED_CulPopu_Ext_e02ccb,,,,,
2026-09-12T01:01:18-05:00,PUR_IED_Cundinamarca_Ext_f15985,PUR_IED_Cundinamarca_Ext_f15985,,,,,
2026-09-12T01:01:18-05:00,PUR_IED_Cundinamarca_Info_7aa5d7,PUR_IED_Cundinamarca_Info_7aa5d7,,,,,
2026-09-12T01:01:18-05:00,PUR_IED_Cundinamarca_Tec2_f449c7,PUR_IED_Cundinamarca_Tec2_f449c7,,,,,
2026-09-12T01:01:18-05:00,PUR_IED_DiegoM_Aula1_27b314,PUR_IED_DiegoM_Aula1_27b314,,,,,
2026-09-12T01:01:18-05:00,PUR_IED_DiegoM_Ext_d80ac8,PUR_IED_DiegoM_Ext_d80ac8,,,,,
2026-09-12T01:01:18-05:00,PUR_IED_DiegoM_S25_da928f,PUR_IED_DiegoM_S25_da928f,,,,,
2026-09-12T01:01:18-05:00,PUR_IED_ELRODEO_360881,PUR_IED_ELRODEO_360881,,,,,
2026-09-12T01:01:18-05:00,PUR_IED_ELRODEO_ext_360881,PUR_IED_ELRODEO_ext_360881,,,,,
2026-09-12T01:01:18-05:00,PUR_IED_EduardoU_Ext_1c1969,PUR_IED_EduardoU_Ext_1c1969,,,,,
2026-09-12T01:01:18-05:00,PUR_IED_EduardoU_SCiencia_4dfb94,PUR_IED_EduardoU_SCiencia_4dfb94,,,,,
2026-09-12T01:01:18-05:00,PUR_IED_EduardoU_SQuimica_5a46e7,PUR_IED_EduardoU_SQuimica_5a46e7,,,,,
2026-09-12T01:01:18-05:00,PUR_IED_ElRodeo_Aula14_676984,PUR_IED_ElRodeo_Aula14_676984,,,,,
2026-09-12T01:01:18-05:00,PUR_IED_ElRodeo_Aula16_2dd35b,PUR_IED_ElRodeo_Aula16_2dd35b,,,,,
2026-09-12T01:01:18-05:00,PUR_IED_ElRodeo_Ext_360881,PUR_IED_ElRodeo_Ext_360881,,,,,
2026-09-12T01:01:18-05:00,PUR_IED_ElRodeo_Exterior_8c6d28,PUR_IED_ElRodeo_Exterior_8c6d28,,,,,
2026-09-12T01:01:18-05:00,PUR_IED_ElRodeo_ext_360881,PUR_IED_ElRodeo_ext_360881,,,,,
2026-09-12T01:01:18-05:00,PUR_IED_EmmaReyes_Ext_987625,PUR_IED_EmmaReyes_Ext_987625,16,21,53,4.6367,-74.1511
2026-09-12T01:01:18-05:00,PUR_IED_Ensueño_Ext_7f0250,PUR_IED_Ensueño_Ext_7f0250,,,,,
2026-09-12T01:01:18-05:00,PUR_IED_EscNormal_Ext_5fef3b,PUR_IED_EscNormal_Ext_5fef3b,3,18,59,4.5852,-74.096901
2026-09-12T01:01:18-05:00,PUR_IED_EscNormal_S309_5b263,PUR_IED_EscNormal_S309_5b263,,,,,
2026-09-12T01:01:18-05:00,PUR_IED_EscNormal_S310_27b3b8,PUR_IED_EscNormal_S310_27b3b8,,,,,
2026-09-12T01:01:18-05:00,PUR_IED_Evangelista_Conta_f6cd4f,PUR_IED_Evangelista_Conta_f6cd4f,,,,,
2026-09-12T01:01:18-05:00,PUR_IED_Evangelista_Cri_5e16a,PUR_IED_Evangelista_Cri_5e16a,,,,,
2026-09-12T01:01:18-05:00,PUR_IED_Evangelista_Exter_754066,PUR_IED_Evangelista_Exter_754066,,,,,
2026-09-12T01:01:18-05:00,PUR_IED_FMiranda_S209_5cc2a3,PUR_IED_FMiranda_S209_5cc2a3,,,,,
2026-09-12T01:01:18-05:00,PUR_IED_FMiranda_S303_19e344,PUR_IED_FMiranda_S303_19e344,,,,,
2026-09-12T01:01:18-05:00,PUR_IED_FMiranda_ext_f53e7c,PUR_IED_FMiranda_ext_f53e7c,,,,,
2026-09-12T01:01:18-05:00,PUR_IED_FabioLozano_Bibli_1cee05,PUR_IED_FabioLozano_Bibli_1cee05,,,,,
2026-09-12T01:01:18-05:00,PUR_IED_FabioLozano_Ext_6ea285,PUR_IED_FabioLozano_Ext_6ea285,,,,,
2026-09-12T01:01:18-05:00,PUR_IED_FabioLozano_SLudi_f09e1e,PUR_IED_FabioLozano_SLudi_f09e1e,,,,,
2026-09-12T01:01:18-05:00,PUR_IED_FaustinoS_Aula07_27a731,PUR_IED_FaustinoS_Aula07_27a731,,,,,
2026-09-12T01:01:18-05:00,PUR_IED_FaustinoS_Ext_7b936f,PUR_IED_FaustinoS_Ext_7b936f,,,,,
2026-09-12T01:01:18-05:00,PUR_IED_FaustinoS_Fisica_da2c60,PUR_IED_FaustinoS_Fisica_da2c60,,,,,
2026-09-12T01:01:18-05:00,PUR_IED_FeGarciaLo_Ext_dc68ee,PUR_IED_FeGarciaLo_Ext_dc68ee,,,,,
2026-09-12T01:01:18-05:00,PUR_IED_FeGarciaLo_SDanza_f70a59,PUR_IED_FeGarciaLo_SDanza_f70a59,,,,,
2026-09-12T01:01:18-05:00,PUR_IED_FeGarciaLo_SMusic_125cdd,PUR_IED_FeGarciaLo_SMusic_125cdd,,,,,
2026-09-12T01:01:18-05:00,PUR_IED_FederalAlema_Exte_50c345,PUR_IED_FederalAlema_Exte_50c345,,,,,
2026-09-12T01:01:18-05:00,PUR_IED_FederalAlema_S31_f18371,PUR_IED_FederalAlema_S31_f18371,,,,,
2026-09-12T01:01:18-05:00,PUR_IED_FederalAlema_S901_a62cd,PUR_IED_FederalAlema_S901_a62cd,,,,,
2026-09-12T01:01:18-05:00,PUR_IED_FilarmonicaS_A5_f35eb1,PUR_IED_FilarmonicaS_A5_f35eb1,,,,,
2026-09-12T01:01:18-05:00,PUR_IED_FilarmonicaS_Ext_8a3bde,PUR_IED_FilarmonicaS_Ext_8a3bde,,,,,
2026-09-12T01:01:18-05:00,PUR_IED_FilarmonicaS_Spol_406114,PUR_IED_FilarmonicaS_Spol_406114,,,,,
2026-09-12T01:01:18-05:00,PUR_IED_FlorentinoG_A13_d1fa59,PUR_IED_FlorentinoG_A13_d1fa59,,,,,
2026-09-12T01:01:18-05:00,PUR_IED_FlorentinoG_Ext_1ce6ce,PUR_IED_FlorentinoG_Ext_1ce6ce,,,,,
2026-09-12T01:01:18-05:00,PUR_IED_FlorentinoG_Idiom_a66aac,PUR_IED_FlorentinoG_Idiom_a66aac,,,,,
2026-09-12T01:01:18-05:00,PUR_IED_FranciscoMati_Ext_e3869d,PUR_IED_FranciscoMati_Ext_e3869d,,,,,
2026-09-12T01:01:18-05:00,PUR_IED_FranciscoMati_S13_f31c67,PUR_IED_FranciscoMati_S13_f31c67,,,,,
2026-09-12T01:01:18-05:00,PUR_IED_FranciscoMati_S14_97dead,PUR_IED_FranciscoMati_S14_97dead,,,,,
2026-09-12T01:01:18-05:00,PUR_IED_FranciscoPS_Ext_7bfa9a,PUR_IED_FranciscoPS_Ext_7bfa9a,2,19,59,4.5899,-74.110397
2026-09-12T01:01:18-05:00,PUR_IED_FranciscoPS_Infor_fb8f4c,PUR_IED_FranciscoPS_Infor_fb8f4c,,,,,
2026-09-12T01:01:18-05:00,PUR_IED_FranciscoPS_Quimi_94d39c,PUR_IED_FranciscoPS_Quimi_94d39c,,,,,
2026-09-12T01:01:18-05:00,PUR_IED_FranciscoP_LabQ_d7e148,PUR_IED_FranciscoP_LabQ_d7e148,,,,,
2026-09-12T01:01:18-05:00,PUR_IED_FranciscoP_S28_cf9b30,PUR_IED_FranciscoP_S28_cf9b30,,,,,
2026-09-12T01:01:18-05:00,PUR_IED_FranciscoP_ext_e2313,PUR_IED_FranciscoP_ext_e2313,,,,,
2026-09-12T01:01:18-05:00,PUR_IED_FriederichN_Ext_8ac92a,PUR_IED_FriederichN_Ext_8ac92a,,,,,
2026-09-12T01:01:18-05:00,PUR_IED_FriederichN_S301_dd7e5a,PUR_IED_FriederichN_S301_dd7e5a,,,,,
2026-09-12T01:01:18-05:00,PUR_IED_FriederichN_S308_761f4f,PUR_IED_FriederichN_S308_761f4f,,,,,
2026-09-12T01:01:18-05:00,PUR_IED_GSantander_Aula10_533dd7,PUR_IED_GSantander_Aula10_533dd7,,,,,
2026-09-12T01:01:18-05:00,PUR_IED_GSantander_Aula12_fd4e4f,PUR_IED_GSantander_Aula12_fd4e4f,,,,,
2026-09-12T01:01:18-05:00,PUR_IED_GSantander_Aula310_533dd7,PUR_IED_GSantander_Aula310_533dd7,,,,,
2026-09-12T01:01:18-05:00,PUR_IED_GSantander_Aula312_fd4e4f,PUR_IED_GSantander_Aula312_fd4e4f,,,,,
2026-09-12T01:01:18-05:00,PUR_IED_GSantander_Ext_5f66b0,PUR_IED_GSantander_Ext_5f66b0,,,,,
2026-09-12T01:01:18-05:00,PUR_IED_GYomasa_Ext_f6bea5,PUR_IED_GYomasa_Ext_f6bea5,,,,,
2026-09-12T01:01:18-05:00,PUR_IED_GYomasa_LBiol_2c41aa,PUR_IED_GYomasa_LBiol_2c41aa,,,,,
2026-09-12T01:01:18-05:00,PUR_IED_GYomasa_LQuim_33c80,PUR_IED_GYomasa_LQuim_33c80,,,,,
2026-09-12T01:01:18-05:00,PUR_IED_GabBetMejia_Cienc_5a99c,PUR_IED_GabBetMejia_Cienc_5a99c,,,,,
2026-09-12T01:01:18-05:00,PUR_IED_GabBetMejia_Ext_9153d0,PUR_IED_GabBetMejia_Ext_9153d0,,,,,
2026-09-12T01:01:18-05:00,PUR_IED_GabBetMejia_Lab_f55347,PUR_IED_GabBetMejia_Lab_f55347,,,,,
2026-09-12T01:01:18-05:00,PUR_IED_GabBetanMejia_Ext_9153d0,PUR_IED_GabBetanMejia_Ext_9153d0,,,,,
2026-09-12T01:01:18-05:00,PUR_IED_Gaitana_Aula13_7aac11,PUR_IED_Gaitana_Aula13_7aac11,,,,,
2026-09-12T01:01:18-05:00,PUR_IED_Gaitana_Ext_5fcf4,PUR_IED_Gaitana_Ext_5fcf4,,,,,
2026-09-12T01:01:18-05:00,PUR_IED_Gaitana_LabFisica_644448,PUR_IED_Gaitana_LabFisica_644448,,,,,
2026-09-12T01:01:18-05:00,PUR_IED_GenSantander_Dise_8ac858,PUR_IED_GenSantander_Dise_8ac858,,,,,
2026-09-12T01:01:18-05:00,PUR_IED_GenSantander_Ext_8d5dfe,PUR_IED_GenSantander_Ext_8d5dfe,,,,,
2026-09-12T01:01:18-05:00,PUR_IED_GenSantander_Info_6c25b,PUR_IED_GenSantander_Info_6c25b,,,,,
2026-09-12T01:01:18-05:00,PUR_IED_GustavoMo_Exterio_75e63d,PUR_IED_GustavoMo_Exterio_75e63d,,,,,
2026-09-12T01:01:18-05:00,PUR_IED_GustavoMo_LabFisi_224d37,PUR_IED_GustavoMo_LabFisi_224d37,,,,,
2026-09-12T01:01:18-05:00,PUR_IED_GustavoMo_S208_3e6918,PUR_IED_GustavoMo_S208_3e6918,,,,,
2026-09-12T01:01:18-05:00,PUR_IED_GustavoR_A02_8cd4a8,PUR_IED_GustavoR_A02_8cd4a8,,,,,
2026-09-12T01:01:18-05:00,PUR_IED_GustavoR_B11_5b0ed,PUR_IED_GustavoR_B11_5b0ed,,,,,
2026-09-12T01:01:18-05:00,PUR_IED_GustavoR_Ext_7a0c90,PUR_IED_GustavoR_Ext_7a0c90,,,,,
2026-09-12T01:01:18-05:00,PUR_IED_HernandoDuran_Ext_8cd82b,PUR_IED_HernandoDuran_Ext_8cd82b,,,,,
2026-09-12T01:01:18-05:00,PUR_IED_HernandoDuran_S24_2772c6,PUR_IED_HernandoDuran_S24_2772c6,,,,,
2026-09-12T01:01:18-05:00,PUR_IED_HernandoDuran_S30_f2de41,PUR_IED_HernandoDuran_S30_f2de41,,,,,
2026-09-12T01:01:18-05:00,PUR_IED_HolguInUr_S1101_8cd732,PUR_IED_HolguInUr_S1101_8cd732,,,,,
2026-09-12T01:01:18-05:00,PUR_IED_HolguinUr_Exter_ddae6d,PUR_IED_HolguinUr_Exter_ddae6d,,,,,
2026-09-12T01:01:18-05:00,PUR_IED_HolguinUr_LabQuim_92b952,PUR_IED_HolguinUr_LabQuim_92b952,,,,,
2026-09-12T01:01:18-05:00,PUR_IED_Isabel-II_Ext_5245cc,PUR_IED_Isabel-II_Ext_5245cc,13,19,59,4.6336,-74.153
2026-09-12T01:01:18-05:00,PUR_IED_Isabel-II_S_idiom_1c29aa,PUR_IED_Isabel-II_S_idiom_1c29aa,,,,,
2026-09-12T01:01:18-05:00,PUR_IED_Isabel-II_S_infor_fd741,PUR_IED_Isabel-II_S_infor_fd741,,,,,
2026-09-12T01:01:18-05:00,PUR_IED_IsidroSur_Exterio_5b90ea,PUR_IED_IsidroSur_Exterio_5b90ea,,,,,
2026-09-12T01:01:18-05:00,PUR_IED_IsidroSur_LabTec_56697a,PUR_IED_IsidroSur_LabTec_56697a,,,,,
2026-09-12T01:01:18-05:00,PUR_IED_IsidroSur_Robotic_b7c38f,PUR_IED_IsidroSur_Robotic_b7c38f,,,,,
2026-09-12T01:01:18-05:00,PUR_IED_IsmaelPerd_Ext_7b6672,PUR_IED_IsmaelPerd_Ext_7b6672,,,,,
2026-09-12T01:01:18-05:00,PUR_IED_IsmaelPerd_Inform_306540,PUR_IED_IsmaelPerd_Inform_306540,,,,,
2026-09-12T01:01:18-05:00,PUR_IED_IsmaelPerd_S30_2e2c83,PUR_IED_IsmaelPerd_S30_2e2c83,,,,,
2026-09-12T01:01:18-05:00,PUR_IED_JLozano_Exter_432910,PUR_IED_JLozano_Exter_432910,,,,,
2026-09-12T01:01:18-05:00,PUR_IED_JLozano_salaMulti_df5125,PUR_IED_JLozano_salaMulti_df5125,,,,,
2026-09-12T01:01:18-05:00,PUR_IED_JMCordoba_206_86f80b,PUR_IED_JMCordoba_206_86f80b,,,,,
2026-09-12T01:01:18-05:00,PUR_IED_JMCordoba_Ext_27ad97,PUR_IED_JMCordoba_Ext_27ad97,,,,,
2026-09-12T01:01:18-05:00,PUR_IED_JMCordoba_S310_d59ab4,PUR_IED_JMCordoba_S310_d59ab4,,,,,
2026-09-12T01:01:18-05:00,PUR_IED_Japon_Ext_549100,PUR_IED_Japon_Ext_549100,,,,,
2026-09-12T01:01:18-05:00,PUR_IED_Japon_Laboratorio_bec51d,PUR_IED_Japon_Laboratorio_bec51d,,,,,
2026-09-12T01:01:18-05:00,PUR_IED_Japon_informatica_d99327,PUR_IED_Japon_informatica_d99327,,,,,
2026-09-12T01:01:18-05:00,PUR_IED_Jazmin_Ext_d27bda,PUR_IED_Jazmin_Ext_d27bda,,,,,
2026-09-12T01:01:18-05:00,PUR_IED_Jazmin_Fisica_8d14d7,PUR_IED_Jazmin_Fisica_8d14d7,,,,,
2026-09-12T01:01:18-05:00,PUR_IED_Jazmin_Quimica_801cb5,PUR_IED_Jazmin_Quimica_801cb5,,,,,
2026-09-12T01:01:18-05:00,PUR_IED_JorgeGaitan_Exter_f098d1,PUR_IED_JorgeGaitan_Exter_f098d1,,,,,
2026-09-12T01:01:18-05:00,PUR_IED_JorgeGaitan_STec1_dc9d1d,PUR_IED_JorgeGaitan_STec1_dc9d1d,,,,,
2026-09-12T01:01:18-05:00,PUR_IED_JorgeGaitan_STec2_281e69,PUR_IED_JorgeGaitan_STec2_281e69,,,,,
2026-09-12T01:01:18-05:00,PUR_IED_JorgeSoto_Exterio_d9d0a2,PUR_IED_JorgeSoto_Exterio_d9d0a2,,,,,
2026-09-12T01:01:18-05:00,PUR_IED_JorgeSoto_LabFisi_209c54,PUR_IED_JorgeSoto_LabFisi_209c54,,,,,
2026-09-12T01:01:18-05:00,PUR_IED_JorgeSoto_S103_27b51a,PUR_IED_JorgeSoto_S103_27b51a,,,,,
2026-09-12T01:01:18-05:00,PUR_IED_JoseAcevedo_A02_e965eb,PUR_IED_JoseAcevedo_A02_e965eb,,,,,
2026-09-12T01:01:18-05:00,PUR_IED_JoseAcevedo_A07_dd5b4,PUR_IED_JoseAcevedo_A07_dd5b4,,,,,
2026-09-12T01:01:18-05:00,PUR_IED_JoseAcevedo_Ext_b47484,PUR_IED_JoseAcevedo_Ext_b47484,,,,,
2026-09-12T01:01:18-05:00,PUR_IED_JoseMarti_Exte_5b9bf,PUR_IED_JoseMarti_Exte_5b9bf,,,,,
2026-09-12T01:01:18-05:00,PUR_IED_JoseMarti_LabQuim_1c6c2d,PUR_IED_JoseMarti_LabQuim_1c6c2d,,,,,
2026-09-12T01:01:18-05:00,PUR_IED_JoseMarti_S_info_f5f177,PUR_IED_JoseMarti_S_info_f5f177,,,,,
2026-09-12T01:01:18-05:00,PUR_IED_Josejoaquin_Ext_dfc5dc,PUR_IED_Josejoaquin_Ext_dfc5dc,,,,,
2026-09-12T01:01:18-05:00,PUR_IED_Josejoaquin_S05_5b2a96,PUR_IED_Josejoaquin_S05_5b2a96,,,,,
2026-09-12T01:01:18-05:00,PUR_IED_Josejoaquin_S06_1ce7d2,PUR_IED_Josejoaquin_S06_1ce7d2,,,,,
2026-09-12T01:01:18-05:00,PUR_IED_JulioFlorez_Danza_9b82dd,PUR_IED_JulioFlorez_Danza_9b82dd,,,,,
2026-09-12T01:01:18-05:00,PUR_IED_JulioFlorez_Exter_f9f314,PUR_IED_JulioFlorez_Exter_f9f314,,,,,
2026-09-12T01:01:18-05:00,PUR_IED_JulioFlorez_info2_6b6e08,PUR_IED_JulioFlorez_info2_6b6e08,,,,,
2026-09-12T01:01:18-05:00,PUR_IED_LaBelleza_Aula13_1d00d8,PUR_IED_LaBelleza_Aula13_1d00d8,,,,,
2026-09-12T01:01:18-05:00,PUR_IED_LaBelleza_Ext_7bc08c,PUR_IED_LaBelleza_Ext_7bc08c,,,,,
2026-09-12T01:01:18-05:00,PUR_IED_LaChucua_Ext_8cd6d2,PUR_IED_LaChucua_Ext_8cd6d2,,,,,
2026-09-12T01:01:18-05:00,PUR_IED_LaChucua_S15_f578ce,PUR_IED_LaChucua_S15_f578ce,,,,,
2026-09-12T01:01:18-05:00,PUR_IED_LaChucua_S16_eebcf9,PUR_IED_LaChucua_S16_eebcf9,,,,,
2026-09-12T01:01:18-05:00,PUR_IED_LaFelicidad_Ext_fb5109,PUR_IED_LaFelicidad_Ext_fb5109,,,,,
2026-09-12T01:01:18-05:00,PUR_IED_LaMerced_206_66ebd,PUR_IED_LaMerced_206_66ebd,,,,,
2026-09-12T01:01:18-05:00,PUR_IED_LaMerced_207_6ebd6,PUR_IED_LaMerced_207_6ebd6,,,,,
2026-09-12T01:01:18-05:00,PUR_IED_LaMerced_ext_304311,PUR_IED_LaMerced_ext_304311,,,,,
2026-09-12T01:01:18-05:00,PUR_IED_Laureano_CiencNat_281e5e,PUR_IED_Laureano_CiencNat_281e5e,,,,,
2026-09-12T01:01:18-05:00,PUR_IED_Laureano_Comedor_f65c0a,PUR_IED_Laureano_Comedor_f65c0a,,,,,
2026-09-12T01:01:18-05:00,PUR_IED_Laureano_Exterior_7ab011,PUR_IED_Laureano_Exterior_7ab011,,,,,
2026-09-12T01:01:18-05:00,PUR_IED_LeonGreiff_Exte_dfe560,PUR_IED_LeonGreiff_Exte_dfe560,,,,,
2026-09-12T01:01:18-05:00,PUR_IED_LeonGreiff_S210_f264ed,PUR_IED_LeonGreiff_S210_f264ed,,,,,
2026-09-12T01:01:18-05:00,PUR_IED_LeonGreiff_SQuimi_e8296f,PUR_IED_LeonGreiff_SQuimi_e8296f,,,,,
2026-09-12T01:01:18-05:00,PUR_IED_LlanoOrientalS208_7b9fcd,PUR_IED_LlanoOrientalS208_7b9fcd,,,,,
2026-09-12T01:01:18-05:00,PUR_IED_LlanoOriental_Ext_fb3766,PUR_IED_LlanoOriental_Ext_fb3766,,,,,
2026-09-12T01:01:18-05:00,PUR_IED_LlanoOriental_S208_7b9fcd,PUR_IED_LlanoOriental_S208_7b9fcd,,,,,
2026-09-12T01:01:18-05:00,PUR_IED_LlanoOriental_S9_27b378,PUR_IED_LlanoOriental_S9_27b378,,,,,
2026-09-12T01:01:18-05:00,PUR_IED_LosTejares_1101_477602,PUR_IED_LosTejares_1101_477602,,,,,
2026-09-12T01:01:18-05:00,PUR_IED_LosTejares_11_d2c595,PUR_IED_LosTejares_11_d2c595,,,,,
2026-09-12T01:01:18-05:00,PUR_IED_LosTejares_12_477602,PUR_IED_LosTejares_12_477602,,,,,
2026-09-12T01:01:18-05:00,PUR_IED_LosTejares_Ext_8e2115,PUR_IED_LosTejares_Ext_8e2115,,,,,
2026-09-12T01:01:18-05:00,PUR_IED_MagdalenaO_B202_5ddda3,PUR_IED_MagdalenaO_B202_5ddda3,,,,,
2026-09-12T01:01:18-05:00,PUR_IED_MagdalenaO_B205_fb76e8,PUR_IED_MagdalenaO_B205_fb76e8,,,,,
2026-09-12T01:01:18-05:00,PUR_IED_MagdalenaO_ext_dc69cd,PUR_IED_MagdalenaO_ext_dc69cd,,,,,
2026-09-12T01:01:18-05:00,PUR_IED_ManueCepeda_artes_eee956,PUR_IED_ManueCepeda_artes_eee956,,,,,
2026-09-12T01:01:18-05:00,PUR_IED_ManuelCepeda_Ext_58313,PUR_IED_ManuelCepeda_Ext_58313,,,,,
2026-09-12T01:01:18-05:00,PUR_IED_ManuelCepeda_tec_1c5731,PUR_IED_ManuelCepeda_tec_1c5731,,,,,
2026-09-12T01:01:18-05:00,PUR_IED_ManuelS_Exterior_5b269,PUR_IED_ManuelS_Exterior_5b269,,,,,
2026-09-12T01:01:18-05:00,PUR_IED_ManuelS_Inform_f369ce,PUR_IED_ManuelS_Inform_f369ce,,,,,
2026-09-12T01:01:18-05:00,PUR_IED_ManuelS_SArtes_7d15f1,PUR_IED_ManuelS_SArtes_7d15f1,,,,,
2026-09-12T01:01:18-05:00,PUR_IED_ManuelZapata_303_3ca6,PUR_IED_ManuelZapata_303_3ca6,,,,,
2026-09-12T01:01:18-05:00,PUR_IED_ManuelZapata_311_bfbabc,PUR_IED_ManuelZapata_311_bfbabc,,,,,
2026-09-12T01:01:18-05:00,PUR_IED_ManuelZapata_Ext_50824a,PUR_IED_ManuelZapata_Ext_50824a,,,,,
2026-09-12T01:01:18-05:00,PUR_IED_ManuelitaS_Exteri_656a92,PUR_IED_ManuelitaS_Exteri_656a92,,,,,
2026-09-12T01:01:18-05:00,PUR_IED_ManuelitaS_JuzgDe_f58ec3,PUR_IED_ManuelitaS_JuzgDe_f58ec3,,,,,
2026-09-12T01:01:18-05:00,PUR_IED_ManuelitaS_Recrea_d793db,PUR_IED_ManuelitaS_Recrea_d793db,,,,,
2026-09-12T01:01:18-05:00,PUR_IED_MarFidSuarez_Ext_c27b19,PUR_IED_MarFidSuarez_Ext_c27b19,,,,,
2026-09-12T01:01:18-05:00,PUR_IED_MarFidSuarez_Info_e384d7,PUR_IED_MarFidSuarez_Info_e384d7,,,,,
2026-09-12T01:01:18-05:00,PUR_IED_MarFidSuarez_S306_1d0032,PUR_IED_MarFidSuarez_S306_1d0032,,,,,
2026-09-12T01:01:18-05:00,PUR_IED_Menorah_301_2a25a3,PUR_IED_Menorah_301_2a25a3,,,,,
2026-09-12T01:01:18-05:00,PUR_IED_Menorah_306_37ed3,PUR_IED_Menorah_306_37ed3,,,,,
2026-09-12T01:01:18-05:00,PUR_IED_Menorah_Ext_3e155b,PUR_IED_Menorah_Ext_3e155b,,,,,
2026-09-12T01:01:18-05:00,PUR_IED_MinutoB.Aires_A11_1b1604,PUR_IED_MinutoB.Aires_A11_1b1604,,,,,
2026-09-12T01:01:18-05:00,PUR_IED_MinutoB.Aires_A12_fb5860,PUR_IED_MinutoB.Aires_A12_fb5860,,,,,
2026-09-12T01:01:18-05:00,PUR_IED_MinutoB.Aires_Ext_81293f,PUR_IED_MinutoB.Aires_Ext_81293f,,,,,
2026-09-12T01:01:18-05:00,PUR_IED_MinutoBAires_A11_1b1604,PUR_IED_MinutoBAires_A11_1b1604,,,,,
2026-09-12T01:01:18-05:00,PUR_IED_MinutoBAires_A12_fb5860,PUR_IED_MinutoBAires_A12_fb5860,,,,,
2026-09-12T01:01:18-05:00,PUR_IED_MinutoBAires_Ext_81293f,PUR_IED_MinutoBAires_Ext_81293f,,,,,
2026-09-12T01:01:18-05:00,PUR_IED_Montreal_Aula10_1e4959,PUR_IED_Montreal_Aula10_1e4959,,,,,
2026-09-12T01:01:18-05:00,PUR_IED_Montreal_Aula6_300367,PUR_IED_Montreal_Aula6_300367,,,,,
2026-09-12T01:01:18-05:00,PUR_IED_Montreal_Exterior_91a179,PUR_IED_Montreal_Exterior_91a179,,,,,
2026-09-12T01:01:18-05:00,PUR_IED_Mqgdalena_B202_5ddda3,PUR_IED_Mqgdalena_B202_5ddda3,,,,,
2026-09-12T01:01:18-05:00,PUR_IED_NACUND_Soc_dc8728,PUR_IED_NACUND_Soc_dc8728,,,,,
2026-09-12T01:01:18-05:00,PUR_IED_NACUND_ext_27ad97,PUR_IED_NACUND_ext_27ad97,,,,,
2026-09-12T01:01:18-05:00,PUR_IED_NEsperanza_Ext_d24b61,PUR_IED_NEsperanza_Ext_d24b61,,,,,
2026-09-12T01:01:18-05:00,PUR_IED_NEsperanza_SElect_7d1807,PUR_IED_NEsperanza_SElect_7d1807,,,,,
2026-09-12T01:01:18-05:00,PUR_IED_NEsperanza_SLabor_8b2d0a,PUR_IED_NEsperanza_SLabor_8b2d0a,,,,,
2026-09-12T01:01:18-05:00,PUR_IED_NacionesU_Ext_f661a9,PUR_IED_NacionesU_Ext_f661a9,,,,,
2026-09-12T01:01:18-05:00,PUR_IED_NacionesU_Quimica_66f0a,PUR_IED_NacionesU_Quimica_66f0a,,,,,
2026-09-12T01:01:18-05:00,PUR_IED_NacionesU_S306_1b4b3d,PUR_IED_NacionesU_S306_1b4b3d,,,,,
2026-09-12T01:01:18-05:00,PUR_IED_NestorFA_Ext_e4201c,PUR_IED_NestorFA_Ext_e4201c,,,,,
2026-09-12T01:01:18-05:00,PUR_IED_NestorFA_Laborato_f22fe0,PUR_IED_NestorFA_Laborato_f22fe0,,,,,
2026-09-12T01:01:18-05:00,PUR_IED_NestorFA_S204_dee996,PUR_IED_NestorFA_S204_dee996,,,,,
2026-09-12T01:01:18-05:00,PUR_IED_NidyaQT_Aula03_76999b,PUR_IED_NidyaQT_Aula03_76999b,,,,,
2026-09-12T01:01:18-05:00,PUR_IED_NidyaQT_Aula10_56325,PUR_IED_NidyaQT_Aula10_56325,,,,,
2026-09-12T01:01:18-05:00,PUR_IED_NidyaQT_Ext_46e32d,PUR_IED_NidyaQT_Ext_46e32d,,,,,
2026-09-12T01:01:18-05:00,PUR_IED_NuevaCol_Exterior_d9b859,PUR_IED_NuevaCol_Exterior_d9b859,,,,,
2026-09-12T01:01:18-05:00,PUR_IED_NuevaCol_S1101_76c43b,PUR_IED_NuevaCol_S1101_76c43b,,,,,
2026-09-12T01:01:18-05:00,PUR_IED_NuevaCol_S1102_1ce0b5,PUR_IED_NuevaCol_S1102_1ce0b5,,,,,
2026-09-12T01:01:18-05:00,PUR_IED_OEA_A202_f7e3f2,PUR_IED_OEA_A202_f7e3f2,,,,,
2026-09-12T01:01:18-05:00,PUR_IED_OEA_A203_7d1b8d,PUR_IED_OEA_A203_7d1b8d,,,,,
2026-09-12T01:01:18-05:00,PUR_IED_OEA_Ext_27b593,PUR_IED_OEA_Ext_27b593,,,,,
2026-09-12T01:01:18-05:00,PUR_IED_Ochoa_Ext_1c29da,PUR_IED_Ochoa_Ext_1c29da,,,,,
2026-09-12T01:01:18-05:00,PUR_IED_Ochoa_S205_8b1121,PUR_IED_Ochoa_S205_8b1121,,,,,
2026-09-12T01:01:18-05:00,PUR_IED_Ochoa_Sistemas_f33af6,PUR_IED_Ochoa_Sistemas_f33af6,,,,,
2026-09-12T01:01:18-05:00,PUR_IED_PQuebec_Ext_1c67c7,PUR_IED_PQuebec_Ext_1c67c7,,,,,
2026-09-12T01:01:18-05:00,PUR_IED_PQuebec_S15_23e8e2,PUR_IED_PQuebec_S15_23e8e2,,,,,
2026-09-12T01:01:18-05:00,PUR_IED_PQuebec_S16_8ec76b,PUR_IED_PQuebec_S16_8ec76b,,,,,
2026-09-12T01:01:18-05:00,PUR_IED_PabloN_Ext_49dc96,PUR_IED_PabloN_Ext_49dc96,,,,,
2026-09-12T01:01:18-05:00,PUR_IED_PabloN_S1102_4e3df5,PUR_IED_PabloN_S1102_4e3df5,,,,,
2026-09-12T01:01:18-05:00,PUR_IED_PabloN_S1103_50c94b,PUR_IED_PabloN_S1103_50c94b,,,,,
2026-09-12T01:01:18-05:00,PUR_IED_Palestina_S1101_db9198,PUR_IED_Palestina_S1101_db9198,,,,,
2026-09-12T01:01:18-05:00,PUR_IED_Palestina_S1102_dc54fa,PUR_IED_Palestina_S1102_dc54fa,,,,,
2026-09-12T01:01:18-05:00,PUR_IED_Palestina_ext_4ccce6,PUR_IED_Palestina_ext_4ccce6,,,,,
2026-09-12T01:01:18-05:00,PUR_IED_Panama_Fisica_4d0794,PUR_IED_Panama_Fisica_4d0794,,,,,
2026-09-12T01:01:18-05:00,PUR_IED_Panama_SIngles_a4077e,PUR_IED_Panama_SIngles_a4077e,,,,,
2026-09-12T01:01:18-05:00,PUR_IED_Panama_ext_4c54b4,PUR_IED_Panama_ext_4c54b4,,,,,
2026-09-12T01:01:18-05:00,PUR_IED_ParaisoM_Exterior_8cd7f0,PUR_IED_ParaisoM_Exterior_8cd7f0,,,,,
2026-09-12T01:01:18-05:00,PUR_IED_ParaisoM_Laborato_27af35,PUR_IED_ParaisoM_Laborato_27af35,,,,,
2026-09-12T01:01:18-05:00,PUR_IED_ParaisoM_S304_d1edca,PUR_IED_ParaisoM_S304_d1edca,,,,,
2026-09-12T01:01:18-05:00,PUR_IED_PorfirioBarba_Ext_301466,PUR_IED_PorfirioBarba_Ext_301466,,,,,
2026-09-12T01:01:18-05:00,PUR_IED_PorfirioBarba_S11_df6cd2,PUR_IED_PorfirioBarba_S11_df6cd2,,,,,
2026-09-12T01:01:18-05:00,PUR_IED_PorfirioBarba_S29_27a7d6,PUR_IED_PorfirioBarba_S29_27a7d6,,,,,
2026-09-12T01:01:18-05:00,PUR_IED_PradoV_Exter_8b27ad,PUR_IED_PradoV_Exter_8b27ad,,,,,
2026-09-12T01:01:18-05:00,PUR_IED_PradoV_S301_de65b5,PUR_IED_PradoV_S301_de65b5,,,,,
2026-09-12T01:01:18-05:00,PUR_IED_PradoV_S302_7d2593,PUR_IED_PradoV_S302_7d2593,,,,,
2026-09-12T01:01:18-05:00,PUR_IED_QuirogaAlz_Ext_1ddc82,PUR_IED_QuirogaAlz_Ext_1ddc82,,,,,
2026-09-12T01:01:18-05:00,PUR_IED_QuirogaAlz_S302_9926a3,PUR_IED_QuirogaAlz_S302_9926a3,,,,,
2026-09-12T01:01:18-05:00,PUR_IED_QuirogaAlz_S305_cdf1f1,PUR_IED_QuirogaAlz_S305_cdf1f1,,,,,
2026-09-12T01:01:18-05:00,PUR_IED_RGuatemala_Biling_dc53b7,PUR_IED_RGuatemala_Biling_dc53b7,,,,,
2026-09-12T01:01:18-05:00,PUR_IED_RGuatemala_Ext_1b89a3,PUR_IED_RGuatemala_Ext_1b89a3,,,,,
2026-09-12T01:01:18-05:00,PUR_IED_RGuatemala_Tecnol_281a34,PUR_IED_RGuatemala_Tecnol_281a34,,,,,
2026-09-12T01:01:18-05:00,PUR_IED_RafaNu_Ext_f7c302,PUR_IED_RafaNu_Ext_f7c302,,,,,
2026-09-12T01:01:18-05:00,PUR_IED_RafaNu_S1101_25fde,PUR_IED_RafaNu_S1101_25fde,,,,,
2026-09-12T01:01:18-05:00,PUR_IED_RafaNu_S1102_281517,PUR_IED_RafaNu_S1102_281517,,,,,
2026-09-12T01:01:18-05:00,PUR_IED_RafaelB_S305_ee2783,PUR_IED_RafaelB_S305_ee2783,,,,,
2026-09-12T01:01:18-05:00,PUR_IED_RafaelB_S306_75fe33,PUR_IED_RafaelB_S306_75fe33,,,,,
2026-09-12T01:01:18-05:00,PUR_IED_RafaelB_ext_283336,PUR_IED_RafaelB_ext_283336,3,18,59,4.6722,-74.0737
2026-09-12T01:01:18-05:00,PUR_IED_RafaelUU_Exterior_281a51,PUR_IED_RafaelUU_Exterior_281a51,,,,,
2026-09-12T01:01:18-05:00,PUR_IED_RafaelUU_Human_806b2,PUR_IED_RafaelUU_Human_806b2,,,,,
2026-09-12T01:01:18-05:00,PUR_IED_RafaelUU_Mate2_5680d4,PUR_IED_RafaelUU_Mate2_5680d4,,,,,
2026-09-12T01:01:18-05:00,PUR_IED_RamonSub_Ext_f9eeb9,PUR_IED_RamonSub_Ext_f9eeb9,,,,,
2026-09-12T01:01:18-05:00,PUR_IED_RamonSub_Media_d1f62f,PUR_IED_RamonSub_Media_d1f62f,,,,,
2026-09-12T01:01:18-05:00,PUR_IED_RamonSub_planta_51b82,PUR_IED_RamonSub_planta_51b82,,,,,
2026-09-12T01:01:18-05:00,PUR_IED_RepBoliVene_Exter_27af7c,PUR_IED_RepBoliVene_Exter_27af7c,,,,,
2026-09-12T01:01:18-05:00,PUR_IED_RepBoliVene_SCPT_5ae2ee,PUR_IED_RepBoliVene_SCPT_5ae2ee,,,,,
2026-09-12T01:01:18-05:00,PUR_IED_RepBoliVene_Socia_4b11d5,PUR_IED_RepBoliVene_Socia_4b11d5,,,,,
2026-09-12T01:01:18-05:00,PUR_IED_RepChina_Ext_76d9ee,PUR_IED_RepChina_Ext_76d9ee,,,,,
2026-09-12T01:01:18-05:00,PUR_IED_RepChina_S404_7c804c,PUR_IED_RepChina_S404_7c804c,,,,,
2026-09-12T01:01:18-05:00,PUR_IED_RepChina_S405_df2c33,PUR_IED_RepChina_S405_df2c33,,,,,
2026-09-12T01:01:18-05:00,PUR_IED_RepublicaC_Exteri_7d1ec9,PUR_IED_RepublicaC_Exteri_7d1ec9,,,,,
2026-09-12T01:01:18-05:00,PUR_IED_RepublicaC_S1101_f544b3,PUR_IED_RepublicaC_S1101_f544b3,,,,,
2026-09-12T01:01:18-05:00,PUR_IED_RepublicaC_S1102_7aafc7,PUR_IED_RepublicaC_S1102_7aafc7,,,,,
2026-09-12T01:01:18-05:00,PUR_IED_Ricaurte_Externo_a0ea1,PUR_IED_Ricaurte_Externo_a0ea1,,,,,
2026-09-12T01:01:18-05:00,PUR_IED_Ricaurte_S210_f546fd,PUR_IED_Ricaurte_S210_f546fd,,,,,
2026-09-12T01:01:18-05:00,PUR_IED_Ricaurte_S309_d4452,PUR_IED_Ricaurte_S309_d4452,,,,,
2026-09-12T01:01:18-05:00,PUR_IED_RogelioS_1102_531e69,PUR_IED_RogelioS_1102_531e69,,,,,
2026-09-12T01:01:18-05:00,PUR_IED_RogelioS_Ext_f25a18,PUR_IED_RogelioS_Ext_f25a18,,,,,
2026-09-12T01:01:18-05:00,PUR_IED_SBernardino_Ext_27aff8,PUR_IED_SBernardino_Ext_27aff8,,,,,
2026-09-12T01:01:18-05:00,PUR_IED_SBernardino_SArte_2ffd33,PUR_IED_SBernardino_SArte_2ffd33,,,,,
2026-09-12T01:01:18-05:00,PUR_IED_SBernardino_SIngl_7c7da5,PUR_IED_SBernardino_SIngl_7c7da5,,,,,
2026-09-12T01:01:18-05:00,PUR_IED_Sago_auditorio_dc9d1d,PUR_IED_Sago_auditorio_dc9d1d,,,,,
2026-09-12T01:01:18-05:00,PUR_IED_Saludcoop_Ext_95aac3,PUR_IED_Saludcoop_Ext_95aac3,,,,,
2026-09-12T01:01:18-05:00,PUR_IED_Saludcoop_InfI_90c854,PUR_IED_Saludcoop_InfI_90c854,,,,,
2026-09-12T01:01:18-05:00,PUR_IED_Saludcoop_SMedia_1b93be,PUR_IED_Saludcoop_SMedia_1b93be,,,,,
2026-09-12T01:01:18-05:00,PUR_IED_SanCarlos_1101_1a2360,PUR_IED_SanCarlos_1101_1a2360,,,,,
2026-09-12T01:01:18-05:00,PUR_IED_SanCarlos_1103_7bafb5,PUR_IED_SanCarlos_1103_7bafb5,,,,,
2026-09-12T01:01:18-05:00,PUR_IED_SanCarlos_Ext_b7cd1,PUR_IED_SanCarlos_Ext_b7cd1,,,,,
2026-09-12T01:01:18-05:00,PUR_IED_SanIgnacioBosa11a_50c26e,PUR_IED_SanIgnacioBosa11a_50c26e,,,,,
2026-09-12T01:01:18-05:00,PUR_IED_SanIgnacioBosa11b_371de8,PUR_IED_SanIgnacioBosa11b_371de8,,,,,
2026-09-12T01:01:18-05:00,PUR_IED_SanIgnacioBosaExt_ef0ffc,PUR_IED_SanIgnacioBosaExt_ef0ffc,,,,,
2026-09-12T01:01:18-05:00,PUR_IED_SanIgnacioBosa_11a_50c26e,PUR_IED_SanIgnacioBosa_11a_50c26e,,,,,
2026-09-12T01:01:18-05:00,PUR_IED_SanIgnacioBosa_Ext_ef0ffc,PUR_IED_SanIgnacioBosa_Ext_ef0ffc,,,,,
2026-09-12T01:01:18-05:00,PUR_IED_SanJoseN_intS1101_31c47f,PUR_IED_SanJoseN_intS1101_31c47f,,,,,
2026-09-12T01:01:18-05:00,PUR_IED_SanJoseUsm_Exter_f5d7e8,PUR_IED_SanJoseUsm_Exter_f5d7e8,,,,,
2026-09-12T01:01:18-05:00,PUR_IED_SanJoseUsm_Int11A_cfdef6,PUR_IED_SanJoseUsm_Int11A_cfdef6,,,,,
2026-09-12T01:01:18-05:00,PUR_IED_SilveriaR_IntB5_905349,PUR_IED_SilveriaR_IntB5_905349,,,,,
2026-09-12T01:01:18-05:00,PUR_IED_SilveriaR_IntSD14_981f93,PUR_IED_SilveriaR_IntSD14_981f93,,,,,
2026-09-12T01:01:18-05:00,PUR_IED_SilveriaR_ext_2b651d,PUR_IED_SilveriaR_ext_2b651d,,,,,
2026-09-12T01:01:18-05:00,PUR_IED_SimonB_Exterior_913975,PUR_IED_SimonB_Exterior_913975,,,,,
2026-09-12T01:01:18-05:00,PUR_IED_SimonB_LabQuimi_c56908,PUR_IED_SimonB_LabQuimi_c56908,,,,,
2026-09-12T01:01:18-05:00,PUR_IED_SimonB_informatic_a28c1,PUR_IED_SimonB_informatic_a28c1,,,,,
2026-09-12T01:01:18-05:00,PUR_IED_Sorrento_1102_315f50,PUR_IED_Sorrento_1102_315f50,,,,,
2026-09-12T01:01:18-05:00,PUR_IED_Sorrento_Minte_214eab,PUR_IED_Sorrento_Minte_214eab,,,,,
2026-09-12T01:01:18-05:00,PUR_IED_Sorrento_ext_7c3a0a,PUR_IED_Sorrento_ext_7c3a0a,,,,,
2026-09-12T01:01:18-05:00,PUR_IED_Tabora_Ext_f048ae,PUR_IED_Tabora_Ext_f048ae,,,,,
2026-09-12T01:01:18-05:00,PUR_IED_Tabora_S1102_b07752,PUR_IED_Tabora_S1102_b07752,,,,,
2026-09-12T01:01:18-05:00,PUR_IED_Tabora_S1103_d988f5,PUR_IED_Tabora_S1103_d988f5,,,,,
2026-09-12T01:01:18-05:00,PUR_IED_Tenerife_Ext_1ab188,PUR_IED_Tenerife_Ext_1ab188,,,,,
2026-09-12T01:01:18-05:00,PUR_IED_Tenerife_SDanzas_7bc02e,PUR_IED_Tenerife_SDanzas_7bc02e,,,,,
2026-09-12T01:01:18-05:00,PUR_IED_Tenerife_SIngles_7cc277,PUR_IED_Tenerife_SIngles_7cc277,,,,,
2026-09-12T01:01:18-05:00,PUR_IED_Tibabuyes_Exter_f2683d,PUR_IED_Tibabuyes_Exter_f2683d,,,,,
2026-09-12T01:01:18-05:00,PUR_IED_Tibabuyes_S10_dc87a8,PUR_IED_Tibabuyes_S10_dc87a8,,,,,
2026-09-12T01:01:18-05:00,PUR_IED_Tibabuyes_S15_dc0526,PUR_IED_Tibabuyes_S15_dc0526,,,,,
2026-09-12T01:01:18-05:00,PUR_IED_UnionE_S301_a1043,PUR_IED_UnionE_S301_a1043,,,,,
2026-09-12T01:01:18-05:00,PUR_IED_UnionE_S307_ff6c2f,PUR_IED_UnionE_S307_ff6c2f,,,,,
2026-09-12T01:01:18-05:00,PUR_IED_UnionE__Ext_5e2468,PUR_IED_UnionE__Ext_5e2468,,,,,
2026-09-12T01:01:18-05:00,PUR_IED_VillaRica_Ext_75be7c,PUR_IED_VillaRica_Ext_75be7c,,,,,
2026-09-12T01:01:18-05:00,PUR_IED_VillaRica_S4_cc5dcd,PUR_IED_VillaRica_S4_cc5dcd,,,,,
2026-09-12T01:01:18-05:00,PUR_IED_VillaRica_Sesp_99f5c,PUR_IED_VillaRica_Sesp_99f5c,,,,,
2026-09-12T01:06:07-05:00,PUR_IED_20deJulio_1101_91b1b9,PUR_IED_20deJulio_1101_91b1b9,,,,,
2026-09-12T01:06:07-05:00,PUR_IED_20deJulio_1102_1cfcf9,PUR_IED_20deJulio_1102_1cfcf9,,,,,
2026-09-12T01:06:07-05:00,PUR_IED_20deJulio_Ext_ab60bd,PUR_IED_20deJulio_Ext_ab60bd,,,,,
2026-09-12T01:06:07-05:00,PUR_IED_AgustinFer_Ext_7b9b77,PUR_IED_AgustinFer_Ext_7b9b77,,,,,
2026-09-12T01:06:07-05:00,PUR_IED_AgustinFer_Info2_27b3a7,PUR_IED_AgustinFer_Info2_27b3a7,,,,,
2026-09-12T01:06:07-05:00,PUR_IED_AgustinFer_Sena_54b4eb,PUR_IED_AgustinFer_Sena_54b4eb,,,,,
2026-09-12T01:06:07-05:00,PUR_IED_AlexanderF_1102_caf07b,PUR_IED_AlexanderF_1102_caf07b,,,,,
2026-09-12T01:06:07-05:00,PUR_IED_AlexanderF_1103_c79e71,PUR_IED_AlexanderF_1103_c79e71,,,,,
2026-09-12T01:06:07-05:00,PUR_IED_AlexanderF_Ext_c5b18b,PUR_IED_AlexanderF_Ext_c5b18b,,,,,
2026-09-12T01:06:07-05:00,PUR_IED_AlfonsoLopez_Ext_281d77,PUR_IED_AlfonsoLopez_Ext_281d77,,,,,
2026-09-12T01:06:07-05:00,PUR_IED_AlfonsoLopez_LabF_888ce0,PUR_IED_AlfonsoLopez_LabF_888ce0,,,,,
2026-09-12T01:06:07-05:00,PUR_IED_AlfonsoLopez_SMed_df6a7f,PUR_IED_AlfonsoLopez_SMed_df6a7f,,,,,
2026-09-12T01:06:07-05:00,PUR_IED_AltamiraSO_A2_209f92,PUR_IED_AltamiraSO_A2_209f92,,,,,
2026-09-12T01:06:07-05:00,PUR_IED_AltamiraSO_Ext_186d66,PUR_IED_AltamiraSO_Ext_186d66,,,,,
2026-09-12T01:06:07-05:00,PUR_IED_AltamiraSO_Sistem_27afe1,PUR_IED_AltamiraSO_Sistem_27afe1,,,,,
2026-09-12T01:06:07-05:00,PUR_IED_AlvaroGom_LabQuim_813179,PUR_IED_AlvaroGom_LabQuim_813179,,,,,
2026-09-12T01:06:07-05:00,PUR_IED_AlvaroGomez_Ext_47c7ca,PUR_IED_AlvaroGomez_Ext_47c7ca,,,,,
2026-09-12T01:06:07-05:00,PUR_IED_AlvaroGomez_LabQuim_813179,PUR_IED_AlvaroGomez_LabQuim_813179,,,,,
2026-09-12T01:06:07-05:00,PUR_IED_AlvaroGomez_S23_7ba89f,PUR_IED_AlvaroGomez_S23_7ba89f,,,,,
2026-09-12T01:06:07-05:00,PUR_IED_Amistad_306_dc8728,PUR_IED_Amistad_306_dc8728,,,,,
2026-09-12T01:06:07-05:00,PUR_IED_Amistad_Ext_8cd55e,PUR_IED_Amistad_Ext_8cd55e,,,,,
2026-09-12T01:06:07-05:00,PUR_IED_Amistad_S202_a41169,PUR_IED_Amistad_S202_a41169,,,,,
2026-09-12T01:06:07-05:00,PUR_IED_AndresBello_Bio_fd5f5e,PUR_IED_AndresBello_Bio_fd5f5e,,,,,
2026-09-12T01:06:07-05:00,PUR_IED_AndresBello_ext_dcad65,PUR_IED_AndresBello_ext_dcad65,,,,,
2026-09-12T01:06:07-05:00,PUR_IED_AndresBello_port_eed3ec,PUR_IED_AndresBello_port_eed3ec,,,,,
2026-09-12T01:06:07-05:00,PUR_IED_AngelaR_11b_d90a6b,PUR_IED_AngelaR_11b_d90a6b,,,,,
2026-09-12T01:06:07-05:00,PUR_IED_AngelaR_ext_7cad3e,PUR_IED_AngelaR_ext_7cad3e,9,20,60,4.5825,-74.164497
2026-09-12T01:06:07-05:00,PUR_IED_AntJoseSucre_10mo_df2575,PUR_IED_AntJoseSucre_10mo_df2575,,,,,
2026-09-12T01:06:07-05:00,PUR_IED_AntJoseSucre_Ext_215b36,PUR_IED_AntJoseSucre_Ext_215b36,,,,,
2026-09-12T01:06:07-05:00,PUR_IED_AntJoseSucre_Lab_3139de,PUR_IED_AntJoseSucre_Lab_3139de,,,,,
2026-09-12T01:06:07-05:00,PUR_IED_AntonioGarcia_301_d6b188,PUR_IED_AntonioGarcia_301_d6b188,,,,,
2026-09-12T01:06:07-05:00,PUR_IED_AntonioGarcia_302_88a82,PUR_IED_AntonioGarcia_302_88a82,,,,,
2026-09-12T01:06:07-05:00,PUR_IED_AntonioGarcia_Ext_20950c,PUR_IED_AntonioGarcia_Ext_20950c,,,,,
2026-09-12T01:06:07-05:00,PUR_IED_AntonioVan_Aula2_6dea02,PUR_IED_AntonioVan_Aula2_6dea02,,,,,
2026-09-12T01:06:07-05:00,PUR_IED_AntonioVan_Aula5_f1557e,PUR_IED_AntonioVan_Aula5_f1557e,,,,,
2026-09-12T01:06:07-05:00,PUR_IED_AntonioVan_Ext_406f2f,PUR_IED_AntonioVan_Ext_406f2f,,,,,
2026-09-12T01:06:07-05:00,PUR_IED_Atabanzha_Ext_cc5af9,PUR_IED_Atabanzha_Ext_cc5af9,,,,,
2026-09-12T01:06:07-05:00,PUR_IED_Atabanzha_SA101_56c37,PUR_IED_Atabanzha_SA101_56c37,,,,,
2026-09-12T01:06:07-05:00,PUR_IED_Atabanzha_SB302_27b374,PUR_IED_Atabanzha_SB302_27b374,,,,,
2026-09-12T01:06:07-05:00,PUR_IED_Atahualpa_Ext_fc1748,PUR_IED_Atahualpa_Ext_fc1748,,,,,
2026-09-12T01:06:07-05:00,PUR_IED_Atahualpa_Informa_dc9a95,PUR_IED_Atahualpa_Informa_dc9a95,,,,,
2026-09-12T01:06:07-05:00,PUR_IED_Atahualpa_S1101_f98056,PUR_IED_Atahualpa_S1101_f98056,,,,,
2026-09-12T01:06:07-05:00,PUR_IED_Bellavista_Ext_f5aa74,PUR_IED_Bellavista_Ext_f5aa74,,,,,
2026-09-12T01:06:07-05:00,PUR_IED_Bilbao_11A_916c41,PUR_IED_Bilbao_11A_916c41,,,,,
2026-09-12T01:06:07-05:00,PUR_IED_Bilbao_Ext_fb579a,PUR_IED_Bilbao_Ext_fb579a,,,,,
2026-09-12T01:06:07-05:00,PUR_IED_BrasiliaU_A125_304280,PUR_IED_BrasiliaU_A125_304280,,,,,
2026-09-12T01:06:07-05:00,PUR_IED_BrasiliaU_A203_7c8ca5,PUR_IED_BrasiliaU_A203_7c8ca5,,,,,
2026-09-12T01:06:07-05:00,PUR_IED_BrasiliaU_Ext_8d6e9f,PUR_IED_BrasiliaU_Ext_8d6e9f,4,17,62,4.5175,-74.116302
2026-09-12T01:06:07-05:00,PUR_IED_Brasilia_Ext_fe6593,PUR_IED_Brasilia_Ext_fe6593,,,,,
2026-09-12T01:06:07-05:00,PUR_IED_Brasilia_S24_7c130d,PUR_IED_Brasilia_S24_7c130d,,,,,
2026-09-12T01:06:07-05:00,PUR_IED_Brasilia_S501_186a54,PUR_IED_Brasilia_S501_186a54,,,,,
2026-09-12T01:06:07-05:00,PUR_IED_CHARRY_EXT_f1d5cd,PUR_IED_CHARRY_EXT_f1d5cd,,,,,
2026-09-12T01:06:07-05:00,PUR_IED_CHARRY_INTDANZAS_7a08e6,PUR_IED_CHARRY_INTDANZAS_7a08e6,,,,,
2026-09-12T01:06:07-05:00,PUR_IED_CHARRY_INT_AULA20_dc998d,PUR_IED_CHARRY_INT_AULA20_dc998d,,,,,
2026-09-12T01:06:07-05:00,PUR_IED_COLVIV_1101_S25_7f520a,PUR_IED_COLVIV_1101_S25_7f520a,,,,,
2026-09-12T01:06:07-05:00,PUR_IED_COLVIV_1102_S16_f570ba,PUR_IED_COLVIV_1102_S16_f570ba,,,,,
2026-09-12T01:06:07-05:00,PUR_IED_COLVIV_Ext_1a26fa,PUR_IED_COLVIV_Ext_1a26fa,,,,,
2026-09-12T01:06:07-05:00,PUR_IED_CULPOP_301A_f660f3,PUR_IED_CULPOP_301A_f660f3,,,,,
2026-09-12T01:06:07-05:00,PUR_IED_CULPOP_303_568afe,PUR_IED_CULPOP_303_568afe,,,,,
2026-09-12T01:06:07-05:00,PUR_IED_CULPOP_Ext_e02ccb,PUR_IED_CULPOP_Ext_e02ccb,,,,,
2026-09-12T01:06:07-05:00,PUR_IED_CVillavicen_Ext_26eb58,PUR_IED_CVillavicen_Ext_26eb58,5,15,77,4.487,-74.102798
2026-09-12T01:06:07-05:00,PUR_IED_CVillavicen_Intel_1ce5c2,PUR_IED_CVillavicen_Intel_1ce5c2,,,,,
2026-09-12T01:06:07-05:00,PUR_IED_CVillavicen_Poliv_e0766c,PUR_IED_CVillavicen_Poliv_e0766c,,,,,
2026-09-12T01:06:07-05:00,PUR_IED_CVillavicen_int_1ba140,PUR_IED_CVillavicen_int_1ba140,,,,,
2026-09-12T01:06:07-05:00,PUR_IED_CVillavicen_intel_1ba140,PUR_IED_CVillavicen_intel_1ba140,,,,,
2026-09-12T01:06:07-05:00,PUR_IED_CarlosPizarro_Ext_e307cc,PUR_IED_CarlosPizarro_Ext_e307cc,,,,,
2026-09-12T01:06:07-05:00,PUR_IED_CarlosPizarro_L36_7e5cdb,PUR_IED_CarlosPizarro_L36_7e5cdb,,,,,
2026-09-12T01:06:07-05:00,PUR_IED_CarlosPizarro_L37_c8566c,PUR_IED_CarlosPizarro_L37_c8566c,,,,,
2026-09-12T01:06:07-05:00,PUR_IED_Castilla_Ext_cf35f,PUR_IED_Castilla_Ext_cf35f,,,,,
2026-09-12T01:06:07-05:00,PUR_IED_Castilla_SFisik_360e38,PUR_IED_Castilla_SFisik_360e38,,,,,
2026-09-12T01:06:07-05:00,PUR_IED_Castilla_Sc304_496fbf,PUR_IED_Castilla_Sc304_496fbf,,,,,
2026-09-12T01:06:07-05:00,PUR_IED_CervantesSa_Ext_6b57b,PUR_IED_CervantesSa_Ext_6b57b,3,17,69,4.5128,-74.117203
2026-09-12T01:06:07-05:00,PUR_IED_CervantesSa_S107_225c2b,PUR_IED_CervantesSa_S107_225c2b,,,,,
2026-09-12T01:06:07-05:00,PUR_IED_CervantesSa_S108_940925,PUR_IED_CervantesSa_S108_940925,,,,,
2026-09-12T01:06:07-05:00,PUR_IED_Charry_A20_f53e7c,PUR_IED_Charry_A20_f53e7c,,,,,
2026-09-12T01:06:07-05:00,PUR_IED_Charry_Ext_f1d5cd,PUR_IED_Charry_Ext_f1d5cd,,,,,
2026-09-12T01:06:07-05:00,PUR_IED_Charry_IntAula20_dc998d,PUR_IED_Charry_IntAula20_dc998d,,,,,
2026-09-12T01:06:07-05:00,PUR_IED_Charry_IntDanzas_7a08e6,PUR_IED_Charry_IntDanzas_7a08e6,,,,,
2026-09-12T01:06:07-05:00,PUR_IED_ClememciaC_203_43e2fc,PUR_IED_ClememciaC_203_43e2fc,,,,,
2026-09-12T01:06:07-05:00,PUR_IED_ClememciaC_Ext_1b411a,PUR_IED_ClememciaC_Ext_1b411a,,,,,
2026-09-12T01:06:07-05:00,PUR_IED_ClememciaC_Quimic_44b5fc,PUR_IED_ClememciaC_Quimic_44b5fc,,,,,
2026-09-12T01:06:07-05:00,PUR_IED_ClemenciaC_203_43e2fc,PUR_IED_ClemenciaC_203_43e2fc,,,,,
2026-09-12T01:06:07-05:00,PUR_IED_ClemenciaC_Ext_1b411a,PUR_IED_ClemenciaC_Ext_1b411a,,,,,
2026-09-12T01:06:07-05:00,PUR_IED_ClemenciaC_Quimic_44b5fc,PUR_IED_ClemenciaC_Quimic_44b5fc,,,,,
2026-09-12T01:06:07-05:00,PUR_IED_ColViva_1101_S25_7f520a,PUR_IED_ColViva_1101_S25_7f520a,,,,,
2026-09-12T01:06:07-05:00,PUR_IED_ColViva_1102_S16_f570ba,PUR_IED_ColViva_1102_S16_f570ba,,,,,
2026-09-12T01:06:07-05:00,PUR_IED_ColViva_Ext_1a26fa,PUR_IED_ColViva_Ext_1a26fa,,,,,
2026-09-12T01:06:07-05:00,PUR_IED_ColegioBici_Asist_7c8798,PUR_IED_ColegioBici_Asist_7c8798,,,,,
2026-09-12T01:06:07-05:00,PUR_IED_ColegioBici_Ext_25cbf6,PUR_IED_ColegioBici_Ext_25cbf6,,,,,
2026-09-12T01:06:07-05:00,PUR_IED_ColegioBici_LabQ_7b57db,PUR_IED_ColegioBici_LabQ_7b57db,,,,,
2026-09-12T01:06:07-05:00,PUR_IED_CostaRica_Ext_5e640,PUR_IED_CostaRica_Ext_5e640,,,,,
2026-09-12T01:06:07-05:00,PUR_IED_CostaRica_Quim1_766d1c,PUR_IED_CostaRica_Quim1_766d1c,,,,,
2026-09-12T01:06:07-05:00,PUR_IED_CostaRica__Fisica_6f0873,PUR_IED_CostaRica__Fisica_6f0873,,,,,
2026-09-12T01:06:07-05:00,PUR_IED_CulPopu_301A_f660f3,PUR_IED_CulPopu_301A_f660f3,,,,,
2026-09-12T01:06:07-05:00,PUR_IED_CulPopu_303_568afe,PUR_IED_CulPopu_303_568afe,,,,,
2026-09-12T01:06:07-05:00,PUR_IED_CulPopu_Ext_e02ccb,PUR_IED_CulPopu_Ext_e02ccb,,,,,
2026-09-12T01:06:07-05:00,PUR_IED_Cundinamarca_Ext_f15985,PUR_IED_Cundinamarca_Ext_f15985,,,,,
2026-09-12T01:06:07-05:00,PUR_IED_Cundinamarca_Info_7aa5d7,PUR_IED_Cundinamarca_Info_7aa5d7,,,,,
2026-09-12T01:06:07-05:00,PUR_IED_Cundinamarca_Tec2_f449c7,PUR_IED_Cundinamarca_Tec2_f449c7,,,,,
2026-09-12T01:06:07-05:00,PUR_IED_DiegoM_Aula1_27b314,PUR_IED_DiegoM_Aula1_27b314,,,,,
2026-09-12T01:06:07-05:00,PUR_IED_DiegoM_Ext_d80ac8,PUR_IED_DiegoM_Ext_d80ac8,,,,,
2026-09-12T01:06:07-05:00,PUR_IED_DiegoM_S25_da928f,PUR_IED_DiegoM_S25_da928f,,,,,
2026-09-12T01:06:07-05:00,PUR_IED_ELRODEO_360881,PUR_IED_ELRODEO_360881,,,,,
2026-09-12T01:06:07-05:00,PUR_IED_ELRODEO_ext_360881,PUR_IED_ELRODEO_ext_360881,,,,,
2026-09-12T01:06:07-05:00,PUR_IED_EduardoU_Ext_1c1969,PUR_IED_EduardoU_Ext_1c1969,,,,,
2026-09-12T01:06:07-05:00,PUR_IED_EduardoU_SCiencia_4dfb94,PUR_IED_EduardoU_SCiencia_4dfb94,,,,,
2026-09-12T01:06:07-05:00,PUR_IED_EduardoU_SQuimica_5a46e7,PUR_IED_EduardoU_SQuimica_5a46e7,,,,,
2026-09-12T01:06:07-05:00,PUR_IED_ElRodeo_Aula14_676984,PUR_IED_ElRodeo_Aula14_676984,,,,,
2026-09-12T01:06:07-05:00,PUR_IED_ElRodeo_Aula16_2dd35b,PUR_IED_ElRodeo_Aula16_2dd35b,,,,,
2026-09-12T01:06:07-05:00,PUR_IED_ElRodeo_Ext_360881,PUR_IED_ElRodeo_Ext_360881,,,,,
2026-09-12T01:06:07-05:00,PUR_IED_ElRodeo_Exterior_8c6d28,PUR_IED_ElRodeo_Exterior_8c6d28,,,,,
2026-09-12T01:06:07-05:00,PUR_IED_ElRodeo_ext_360881,PUR_IED_ElRodeo_ext_360881,,,,,
2026-09-12T01:06:07-05:00,PUR_IED_EmmaReyes_Ext_987625,PUR_IED_EmmaReyes_Ext_987625,15,21,53,4.6367,-74.1511
2026-09-12T01:06:07-05:00,PUR_IED_Ensueño_Ext_7f0250,PUR_IED_Ensueño_Ext_7f0250,,,,,
2026-09-12T01:06:07-05:00,PUR_IED_EscNormal_Ext_5fef3b,PUR_IED_EscNormal_Ext_5fef3b,2,18,60,4.5852,-74.096901
2026-09-12T01:06:07-05:00,PUR_IED_EscNormal_S309_5b263,PUR_IED_EscNormal_S309_5b263,,,,,
2026-09-12T01:06:07-05:00,PUR_IED_EscNormal_S310_27b3b8,PUR_IED_EscNormal_S310_27b3b8,,,,,
2026-09-12T01:06:07-05:00,PUR_IED_Evangelista_Conta_f6cd4f,PUR_IED_Evangelista_Conta_f6cd4f,,,,,
2026-09-12T01:06:07-05:00,PUR_IED_Evangelista_Cri_5e16a,PUR_IED_Evangelista_Cri_5e16a,,,,,
2026-09-12T01:06:07-05:00,PUR_IED_Evangelista_Exter_754066,PUR_IED_Evangelista_Exter_754066,,,,,
2026-09-12T01:06:07-05:00,PUR_IED_FMiranda_S209_5cc2a3,PUR_IED_FMiranda_S209_5cc2a3,,,,,
2026-09-12T01:06:07-05:00,PUR_IED_FMiranda_S303_19e344,PUR_IED_FMiranda_S303_19e344,,,,,
2026-09-12T01:06:07-05:00,PUR_IED_FMiranda_ext_f53e7c,PUR_IED_FMiranda_ext_f53e7c,,,,,
2026-09-12T01:06:07-05:00,PUR_IED_FabioLozano_Bibli_1cee05,PUR_IED_FabioLozano_Bibli_1cee05,,,,,
2026-09-12T01:06:07-05:00,PUR_IED_FabioLozano_Ext_6ea285,PUR_IED_FabioLozano_Ext_6ea285,,,,,
2026-09-12T01:06:07-05:00,PUR_IED_FabioLozano_SLudi_f09e1e,PUR_IED_FabioLozano_SLudi_f09e1e,,,,,
2026-09-12T01:06:07-05:00,PUR_IED_FaustinoS_Aula07_27a731,PUR_IED_FaustinoS_Aula07_27a731,,,,,
2026-09-12T01:06:07-05:00,PUR_IED_FaustinoS_Ext_7b936f,PUR_IED_FaustinoS_Ext_7b936f,,,,,
2026-09-12T01:06:07-05:00,PUR_IED_FaustinoS_Fisica_da2c60,PUR_IED_FaustinoS_Fisica_da2c60,,,,,
2026-09-12T01:06:07-05:00,PUR_IED_FeGarciaLo_Ext_dc68ee,PUR_IED_FeGarciaLo_Ext_dc68ee,,,,,
2026-09-12T01:06:07-05:00,PUR_IED_FeGarciaLo_SDanza_f70a59,PUR_IED_FeGarciaLo_SDanza_f70a59,,,,,
2026-09-12T01:06:07-05:00,PUR_IED_FeGarciaLo_SMusic_125cdd,PUR_IED_FeGarciaLo_SMusic_125cdd,,,,,
2026-09-12T01:06:07-05:00,PUR_IED_FederalAlema_Exte_50c345,PUR_IED_FederalAlema_Exte_50c345,,,,,
2026-09-12T01:06:07-05:00,PUR_IED_FederalAlema_S31_f18371,PUR_IED_FederalAlema_S31_f18371,,,,,
2026-09-12T01:06:07-05:00,PUR_IED_FederalAlema_S901_a62cd,PUR_IED_FederalAlema_S901_a62cd,,,,,
2026-09-12T01:06:07-05:00,PUR_IED_FilarmonicaS_A5_f35eb1,PUR_IED_FilarmonicaS_A5_f35eb1,,,,,
2026-09-12T01:06:07-05:00,PUR_IED_FilarmonicaS_Ext_8a3bde,PUR_IED_FilarmonicaS_Ext_8a3bde,,,,,
2026-09-12T01:06:07-05:00,PUR_IED_FilarmonicaS_Spol_406114,PUR_IED_FilarmonicaS_Spol_406114,,,,,
2026-09-12T01:06:07-05:00,PUR_IED_FlorentinoG_A13_d1fa59,PUR_IED_FlorentinoG_A13_d1fa59,,,,,
2026-09-12T01:06:07-05:00,PUR_IED_FlorentinoG_Ext_1ce6ce,PUR_IED_FlorentinoG_Ext_1ce6ce,,,,,
2026-09-12T01:06:07-05:00,PUR_IED_FlorentinoG_Idiom_a66aac,PUR_IED_FlorentinoG_Idiom_a66aac,,,,,
2026-09-12T01:06:07-05:00,PUR_IED_FranciscoMati_Ext_e3869d,PUR_IED_FranciscoMati_Ext_e3869d,,,,,
2026-09-12T01:06:07-05:00,PUR_IED_FranciscoMati_S13_f31c67,PUR_IED_FranciscoMati_S13_f31c67,,,,,
2026-09-12T01:06:07-05:00,PUR_IED_FranciscoMati_S14_97dead,PUR_IED_FranciscoMati_S14_97dead,,,,,
2026-09-12T01:06:07-05:00,PUR_IED_FranciscoPS_Ext_7bfa9a,PUR_IED_FranciscoPS_Ext_7bfa9a,2,20,59,4.5899,-74.110397
2026-09-12T01:06:07-05:00,PUR_IED_FranciscoPS_Infor_fb8f4c,PUR_IED_FranciscoPS_Infor_fb8f4c,,,,,
2026-09-12T01:06:07-05:00,PUR_IED_FranciscoPS_Quimi_94d39c,PUR_IED_FranciscoPS_Quimi_94d39c,,,,,
2026-09-12T01:06:07-05:00,PUR_IED_FranciscoP_LabQ_d7e148,PUR_IED_FranciscoP_LabQ_d7e148,,,,,
2026-09-12T01:06:07-05:00,PUR_IED_FranciscoP_S28_cf9b30,PUR_IED_FranciscoP_S28_cf9b30,,,,,
2026-09-12T01:06:07-05:00,PUR_IED_FranciscoP_ext_e2313,PUR_IED_FranciscoP_ext_e2313,,,,,
2026-09-12T01:06:07-05:00,PUR_IED_FriederichN_Ext_8ac92a,PUR_IED_FriederichN_Ext_8ac92a,,,,,
2026-09-12T01:06:07-05:00,PUR_IED_FriederichN_S301_dd7e5a,PUR_IED_FriederichN_S301_dd7e5a,,,,,
2026-09-12T01:06:07-05:00,PUR_IED_FriederichN_S308_761f4f,PUR_IED_FriederichN_S308_761f4f,,,,,
2026-09-12T01:06:07-05:00,PUR_IED_GSantander_Aula10_533dd7,PUR_IED_GSantander_Aula10_533dd7,,,,,
2026-09-12T01:06:07-05:00,PUR_IED_GSantander_Aula12_fd4e4f,PUR_IED_GSantander_Aula12_fd4e4f,,,,,
2026-09-12T01:06:07-05:00,PUR_IED_GSantander_Aula310_533dd7,PUR_IED_GSantander_Aula310_533dd7,,,,,
2026-09-12T01:06:07-05:00,PUR_IED_GSantander_Aula312_fd4e4f,PUR_IED_GSantander_Aula312_fd4e4f,,,,,
2026-09-12T01:06:07-05:00,PUR_IED_GSantander_Ext_5f66b0,PUR_IED_GSantander_Ext_5f66b0,,,,,
2026-09-12T01:06:07-05:00,PUR_IED_GYomasa_Ext_f6bea5,PUR_IED_GYomasa_Ext_f6bea5,,,,,
2026-09-12T01:06:07-05:00,PUR_IED_GYomasa_LBiol_2c41aa,PUR_IED_GYomasa_LBiol_2c41aa,,,,,
2026-09-12T01:06:07-05:00,PUR_IED_GYomasa_LQuim_33c80,PUR_IED_GYomasa_LQuim_33c80,,,,,
2026-09-12T01:06:07-05:00,PUR_IED_GabBetMejia_Cienc_5a99c,PUR_IED_GabBetMejia_Cienc_5a99c,,,,,
2026-09-12T01:06:07-05:00,PUR_IED_GabBetMejia_Ext_9153d0,PUR_IED_GabBetMejia_Ext_9153d0,,,,,
2026-09-12T01:06:07-05:00,PUR_IED_GabBetMejia_Lab_f55347,PUR_IED_GabBetMejia_Lab_f55347,,,,,
2026-09-12T01:06:07-05:00,PUR_IED_GabBetanMejia_Ext_9153d0,PUR_IED_GabBetanMejia_Ext_9153d0,,,,,
2026-09-12T01:06:07-05:00,PUR_IED_Gaitana_Aula13_7aac11,PUR_IED_Gaitana_Aula13_7aac11,,,,,
2026-09-12T01:06:07-05:00,PUR_IED_Gaitana_Ext_5fcf4,PUR_IED_Gaitana_Ext_5fcf4,,,,,
2026-09-12T01:06:07-05:00,PUR_IED_Gaitana_LabFisica_644448,PUR_IED_Gaitana_LabFisica_644448,,,,,
2026-09-12T01:06:07-05:00,PUR_IED_GenSantander_Dise_8ac858,PUR_IED_GenSantander_Dise_8ac858,,,,,
2026-09-12T01:06:07-05:00,PUR_IED_GenSantander_Ext_8d5dfe,PUR_IED_GenSantander_Ext_8d5dfe,,,,,
2026-09-12T01:06:07-05:00,PUR_IED_GenSantander_Info_6c25b,PUR_IED_GenSantander_Info_6c25b,,,,,
2026-09-12T01:06:07-05:00,PUR_IED_GustavoMo_Exterio_75e63d,PUR_IED_GustavoMo_Exterio_75e63d,,,,,
2026-09-12T01:06:07-05:00,PUR_IED_GustavoMo_LabFisi_224d37,PUR_IED_GustavoMo_LabFisi_224d37,,,,,
2026-09-12T01:06:07-05:00,PUR_IED_GustavoMo_S208_3e6918,PUR_IED_GustavoMo_S208_3e6918,,,,,
2026-09-12T01:06:07-05:00,PUR_IED_GustavoR_A02_8cd4a8,PUR_IED_GustavoR_A02_8cd4a8,,,,,
2026-09-12T01:06:07-05:00,PUR_IED_GustavoR_B11_5b0ed,PUR_IED_GustavoR_B11_5b0ed,,,,,
2026-09-12T01:06:07-05:00,PUR_IED_GustavoR_Ext_7a0c90,PUR_IED_GustavoR_Ext_7a0c90,,,,,
2026-09-12T01:06:07-05:00,PUR_IED_HernandoDuran_Ext_8cd82b,PUR_IED_HernandoDuran_Ext_8cd82b,,,,,
2026-09-12T01:06:07-05:00,PUR_IED_HernandoDuran_S24_2772c6,PUR_IED_HernandoDuran_S24_2772c6,,,,,
2026-09-12T01:06:07-05:00,PUR_IED_HernandoDuran_S30_f2de41,PUR_IED_HernandoDuran_S30_f2de41,,,,,
2026-09-12T01:06:07-05:00,PUR_IED_HolguInUr_S1101_8cd732,PUR_IED_HolguInUr_S1101_8cd732,,,,,
2026-09-12T01:06:07-05:00,PUR_IED_HolguinUr_Exter_ddae6d,PUR_IED_HolguinUr_Exter_ddae6d,,,,,
2026-09-12T01:06:07-05:00,PUR_IED_HolguinUr_LabQuim_92b952,PUR_IED_HolguinUr_LabQuim_92b952,,,,,
2026-09-12T01:06:07-05:00,PUR_IED_Isabel-II_Ext_5245cc,PUR_IED_Isabel-II_Ext_5245cc,12,18,59,4.6336,-74.153
2026-09-12T01:06:07-05:00,PUR_IED_Isabel-II_S_idiom_1c29aa,PUR_IED_Isabel-II_S_idiom_1c29aa,,,,,
2026-09-12T01:06:07-05:00,PUR_IED_Isabel-II_S_infor_fd741,PUR_IED_Isabel-II_S_infor_fd741,,,,,
2026-09-12T01:06:07-05:00,PUR_IED_IsidroSur_Exterio_5b90ea,PUR_IED_IsidroSur_Exterio_5b90ea,,,,,
2026-09-12T01:06:07-05:00,PUR_IED_IsidroSur_LabTec_56697a,PUR_IED_IsidroSur_LabTec_56697a,,,,,
2026-09-12T01:06:07-05:00,PUR_IED_IsidroSur_Robotic_b7c38f,PUR_IED_IsidroSur_Robotic_b7c38f,,,,,
2026-09-12T01:06:07-05:00,PUR_IED_IsmaelPerd_Ext_7b6672,PUR_IED_IsmaelPerd_Ext_7b6672,,,,,
2026-09-12T01:06:07-05:00,PUR_IED_IsmaelPerd_Inform_306540,PUR_IED_IsmaelPerd_Inform_306540,,,,,
2026-09-12T01:06:07-05:00,PUR_IED_IsmaelPerd_S30_2e2c83,PUR_IED_IsmaelPerd_S30_2e2c83,,,,,
2026-09-12T01:06:07-05:00,PUR_IED_JLozano_Exter_432910,PUR_IED_JLozano_Exter_432910,,,,,
2026-09-12T01:06:07-05:00,PUR_IED_JLozano_salaMulti_df5125,PUR_IED_JLozano_salaMulti_df5125,,,,,
2026-09-12T01:06:07-05:00,PUR_IED_JMCordoba_206_86f80b,PUR_IED_JMCordoba_206_86f80b,,,,,
2026-09-12T01:06:07-05:00,PUR_IED_JMCordoba_Ext_27ad97,PUR_IED_JMCordoba_Ext_27ad97,,,,,
2026-09-12T01:06:07-05:00,PUR_IED_JMCordoba_S310_d59ab4,PUR_IED_JMCordoba_S310_d59ab4,,,,,
2026-09-12T01:06:07-05:00,PUR_IED_Japon_Ext_549100,PUR_IED_Japon_Ext_549100,,,,,
2026-09-12T01:06:07-05:00,PUR_IED_Japon_Laboratorio_bec51d,PUR_IED_Japon_Laboratorio_bec51d,,,,,
2026-09-12T01:06:07-05:00,PUR_IED_Japon_informatica_d99327,PUR_IED_Japon_informatica_d99327,,,,,
2026-09-12T01:06:07-05:00,PUR_IED_Jazmin_Ext_d27bda,PUR_IED_Jazmin_Ext_d27bda,,,,,
2026-09-12T01:06:07-05:00,PUR_IED_Jazmin_Fisica_8d14d7,PUR_IED_Jazmin_Fisica_8d14d7,,,,,
2026-09-12T01:06:07-05:00,PUR_IED_Jazmin_Quimica_801cb5,PUR_IED_Jazmin_Quimica_801cb5,,,,,
2026-09-12T01:06:07-05:00,PUR_IED_JorgeGaitan_Exter_f098d1,PUR_IED_JorgeGaitan_Exter_f098d1,,,,,
2026-09-12T01:06:07-05:00,PUR_IED_JorgeGaitan_STec1_dc9d1d,PUR_IED_JorgeGaitan_STec1_dc9d1d,,,,,
2026-09-12T01:06:07-05:00,PUR_IED_JorgeGaitan_STec2_281e69,PUR_IED_JorgeGaitan_STec2_281e69,,,,,
2026-09-12T01:06:07-05:00,PUR_IED_JorgeSoto_Exterio_d9d0a2,PUR_IED_JorgeSoto_Exterio_d9d0a2,,,,,
2026-09-12T01:06:07-05:00,PUR_IED_JorgeSoto_LabFisi_209c54,PUR_IED_JorgeSoto_LabFisi_209c54,,,,,
2026-09-12T01:06:07-05:00,PUR_IED_JorgeSoto_S103_27b51a,PUR_IED_JorgeSoto_S103_27b51a,,,,,
2026-09-12T01:06:07-05:00,PUR_IED_JoseAcevedo_A02_e965eb,PUR_IED_JoseAcevedo_A02_e965eb,,,,,
2026-09-12T01:06:07-05:00,PUR_IED_JoseAcevedo_A07_dd5b4,PUR_IED_JoseAcevedo_A07_dd5b4,,,,,
2026-09-12T01:06:07-05:00,PUR_IED_JoseAcevedo_Ext_b47484,PUR_IED_JoseAcevedo_Ext_b47484,,,,,
2026-09-12T01:06:07-05:00,PUR_IED_JoseMarti_Exte_5b9bf,PUR_IED_JoseMarti_Exte_5b9bf,,,,,
2026-09-12T01:06:07-05:00,PUR_IED_JoseMarti_LabQuim_1c6c2d,PUR_IED_JoseMarti_LabQuim_1c6c2d,,,,,
2026-09-12T01:06:07-05:00,PUR_IED_JoseMarti_S_info_f5f177,PUR_IED_JoseMarti_S_info_f5f177,,,,,
2026-09-12T01:06:07-05:00,PUR_IED_Josejoaquin_Ext_dfc5dc,PUR_IED_Josejoaquin_Ext_dfc5dc,,,,,
2026-09-12T01:06:07-05:00,PUR_IED_Josejoaquin_S05_5b2a96,PUR_IED_Josejoaquin_S05_5b2a96,,,,,
2026-09-12T01:06:07-05:00,PUR_IED_Josejoaquin_S06_1ce7d2,PUR_IED_Josejoaquin_S06_1ce7d2,,,,,
2026-09-12T01:06:07-05:00,PUR_IED_JulioFlorez_Danza_9b82dd,PUR_IED_JulioFlorez_Danza_9b82dd,,,,,
2026-09-12T01:06:07-05:00,PUR_IED_JulioFlorez_Exter_f9f314,PUR_IED_JulioFlorez_Exter_f9f314,,,,,
2026-09-12T01:06:07-05:00,PUR_IED_JulioFlorez_info2_6b6e08,PUR_IED_JulioFlorez_info2_6b6e08,,,,,
2026-09-12T01:06:07-05:00,PUR_IED_LaBelleza_Aula13_1d00d8,PUR_IED_LaBelleza_Aula13_1d00d8,,,,,
2026-09-12T01:06:07-05:00,PUR_IED_LaBelleza_Ext_7bc08c,PUR_IED_LaBelleza_Ext_7bc08c,,,,,
2026-09-12T01:06:07-05:00,PUR_IED_LaChucua_Ext_8cd6d2,PUR_IED_LaChucua_Ext_8cd6d2,,,,,
2026-09-12T01:06:07-05:00,PUR_IED_LaChucua_S15_f578ce,PUR_IED_LaChucua_S15_f578ce,,,,,
2026-09-12T01:06:07-05:00,PUR_IED_LaChucua_S16_eebcf9,PUR_IED_LaChucua_S16_eebcf9,,,,,
2026-09-12T01:06:07-05:00,PUR_IED_LaFelicidad_Ext_fb5109,PUR_IED_LaFelicidad_Ext_fb5109,,,,,
2026-09-12T01:06:07-05:00,PUR_IED_LaMerced_206_66ebd,PUR_IED_LaMerced_206_66ebd,,,,,
2026-09-12T01:06:07-05:00,PUR_IED_LaMerced_207_6ebd6,PUR_IED_LaMerced_207_6ebd6,,,,,
2026-09-12T01:06:07-05:00,PUR_IED_LaMerced_ext_304311,PUR_IED_LaMerced_ext_304311,,,,,
2026-09-12T01:06:07-05:00,PUR_IED_Laureano_CiencNat_281e5e,PUR_IED_Laureano_CiencNat_281e5e,,,,,
2026-09-12T01:06:07-05:00,PUR_IED_Laureano_Comedor_f65c0a,PUR_IED_Laureano_Comedor_f65c0a,,,,,
2026-09-12T01:06:07-05:00,PUR_IED_Laureano_Exterior_7ab011,PUR_IED_Laureano_Exterior_7ab011,,,,,
2026-09-12T01:06:07-05:00,PUR_IED_LeonGreiff_Exte_dfe560,PUR_IED_LeonGreiff_Exte_dfe560,,,,,
2026-09-12T01:06:07-05:00,PUR_IED_LeonGreiff_S210_f264ed,PUR_IED_LeonGreiff_S210_f264ed,,,,,
2026-09-12T01:06:07-05:00,PUR_IED_LeonGreiff_SQuimi_e8296f,PUR_IED_LeonGreiff_SQuimi_e8296f,,,,,
2026-09-12T01:06:07-05:00,PUR_IED_LlanoOrientalS208_7b9fcd,PUR_IED_LlanoOrientalS208_7b9fcd,,,,,
2026-09-12T01:06:07-05:00,PUR_IED_LlanoOriental_Ext_fb3766,PUR_IED_LlanoOriental_Ext_fb3766,,,,,
2026-09-12T01:06:07-05:00,PUR_IED_LlanoOriental_S208_7b9fcd,PUR_IED_LlanoOriental_S208_7b9fcd,,,,,
2026-09-12T01:06:07-05:00,PUR_IED_LlanoOriental_S9_27b378,PUR_IED_LlanoOriental_S9_27b378,,,,,
2026-09-12T01:06:07-05:00,PUR_IED_LosTejares_1101_477602,PUR_IED_LosTejares_1101_477602,,,,,
2026-09-12T01:06:07-05:00,PUR_IED_LosTejares_11_d2c595,PUR_IED_LosTejares_11_d2c595,,,,,
2026-09-12T01:06:07-05:00,PUR_IED_LosTejares_12_477602,PUR_IED_LosTejares_12_477602,,,,,
2026-09-12T01:06:07-05:00,PUR_IED_LosTejares_Ext_8e2115,PUR_IED_LosTejares_Ext_8e2115,,,,,
2026-09-12T01:06:07-05:00,PUR_IED_MagdalenaO_B202_5ddda3,PUR_IED_MagdalenaO_B202_5ddda3,,,,,
2026-09-12T01:06:07-05:00,PUR_IED_MagdalenaO_B205_fb76e8,PUR_IED_MagdalenaO_B205_fb76e8,,,,,
2026-09-12T01:06:07-05:00,PUR_IED_MagdalenaO_ext_dc69cd,PUR_IED_MagdalenaO_ext_dc69cd,,,,,
2026-09-12T01:06:07-05:00,PUR_IED_ManueCepeda_artes_eee956,PUR_IED_ManueCepeda_artes_eee956,,,,,
2026-09-12T01:06:07-05:00,PUR_IED_ManuelCepeda_Ext_58313,PUR_IED_ManuelCepeda_Ext_58313,,,,,
2026-09-12T01:06:07-05:00,PUR_IED_ManuelCepeda_tec_1c5731,PUR_IED_ManuelCepeda_tec_1c5731,,,,,
2026-09-12T01:06:07-05:00,PUR_IED_ManuelS_Exterior_5b269,PUR_IED_ManuelS_Exterior_5b269,,,,,
2026-09-12T01:06:07-05:00,PUR_IED_ManuelS_Inform_f369ce,PUR_IED_ManuelS_Inform_f369ce,,,,,
2026-09-12T01:06:07-05:00,PUR_IED_ManuelS_SArtes_7d15f1,PUR_IED_ManuelS_SArtes_7d15f1,,,,,
2026-09-12T01:06:07-05:00,PUR_IED_ManuelZapata_303_3ca6,PUR_IED_ManuelZapata_303_3ca6,,,,,
2026-09-12T01:06:07-05:00,PUR_IED_ManuelZapata_311_bfbabc,PUR_IED_ManuelZapata_311_bfbabc,,,,,
2026-09-12T01:06:07-05:00,PUR_IED_ManuelZapata_Ext_50824a,PUR_IED_ManuelZapata_Ext_50824a,,,,,
2026-09-12T01:06:07-05:00,PUR_IED_ManuelitaS_Exteri_656a92,PUR_IED_ManuelitaS_Exteri_656a92,,,,,
2026-09-12T01:06:07-05:00,PUR_IED_ManuelitaS_JuzgDe_f58ec3,PUR_IED_ManuelitaS_JuzgDe_f58ec3,,,,,
2026-09-12T01:06:07-05:00,PUR_IED_ManuelitaS_Recrea_d793db,PUR_IED_ManuelitaS_Recrea_d793db,,,,,
2026-09-12T01:06:07-05:00,PUR_IED_MarFidSuarez_Ext_c27b19,PUR_IED_MarFidSuarez_Ext_c27b19,,,,,
2026-09-12T01:06:07-05:00,PUR_IED_MarFidSuarez_Info_e384d7,PUR_IED_MarFidSuarez_Info_e384d7,,,,,
2026-09-12T01:06:07-05:00,PUR_IED_MarFidSuarez_S306_1d0032,PUR_IED_MarFidSuarez_S306_1d0032,,,,,
2026-09-12T01:06:07-05:00,PUR_IED_Menorah_301_2a25a3,PUR_IED_Menorah_301_2a25a3,,,,,
2026-09-12T01:06:07-05:00,PUR_IED_Menorah_306_37ed3,PUR_IED_Menorah_306_37ed3,,,,,
2026-09-12T01:06:07-05:00,PUR_IED_Menorah_Ext_3e155b,PUR_IED_Menorah_Ext_3e155b,,,,,
2026-09-12T01:06:07-05:00,PUR_IED_MinutoB.Aires_A11_1b1604,PUR_IED_MinutoB.Aires_A11_1b1604,,,,,
2026-09-12T01:06:07-05:00,PUR_IED_MinutoB.Aires_A12_fb5860,PUR_IED_MinutoB.Aires_A12_fb5860,,,,,
2026-09-12T01:06:07-05:00,PUR_IED_MinutoB.Aires_Ext_81293f,PUR_IED_MinutoB.Aires_Ext_81293f,,,,,
2026-09-12T01:06:07-05:00,PUR_IED_MinutoBAires_A11_1b1604,PUR_IED_MinutoBAires_A11_1b1604,,,,,
2026-09-12T01:06:07-05:00,PUR_IED_MinutoBAires_A12_fb5860,PUR_IED_MinutoBAires_A12_fb5860,,,,,
2026-09-12T01:06:07-05:00,PUR_IED_MinutoBAires_Ext_81293f,PUR_IED_MinutoBAires_Ext_81293f,,,,,
2026-09-12T01:06:07-05:00,PUR_IED_Montreal_Aula10_1e4959,PUR_IED_Montreal_Aula10_1e4959,,,,,
2026-09-12T01:06:07-05:00,PUR_IED_Montreal_Aula6_300367,PUR_IED_Montreal_Aula6_300367,,,,,
2026-09-12T01:06:07-05:00,PUR_IED_Montreal_Exterior_91a179,PUR_IED_Montreal_Exterior_91a179,,,,,
2026-09-12T01:06:07-05:00,PUR_IED_Mqgdalena_B202_5ddda3,PUR_IED_Mqgdalena_B202_5ddda3,,,,,
2026-09-12T01:06:07-05:00,PUR_IED_NACUND_Soc_dc8728,PUR_IED_NACUND_Soc_dc8728,,,,,
2026-09-12T01:06:07-05:00,PUR_IED_NACUND_ext_27ad97,PUR_IED_NACUND_ext_27ad97,,,,,
2026-09-12T01:06:07-05:00,PUR_IED_NEsperanza_Ext_d24b61,PUR_IED_NEsperanza_Ext_d24b61,,,,,
2026-09-12T01:06:07-05:00,PUR_IED_NEsperanza_SElect_7d1807,PUR_IED_NEsperanza_SElect_7d1807,,,,,
2026-09-12T01:06:07-05:00,PUR_IED_NEsperanza_SLabor_8b2d0a,PUR_IED_NEsperanza_SLabor_8b2d0a,,,,,
2026-09-12T01:06:07-05:00,PUR_IED_NacionesU_Ext_f661a9,PUR_IED_NacionesU_Ext_f661a9,,,,,
2026-09-12T01:06:07-05:00,PUR_IED_NacionesU_Quimica_66f0a,PUR_IED_NacionesU_Quimica_66f0a,,,,,
2026-09-12T01:06:07-05:00,PUR_IED_NacionesU_S306_1b4b3d,PUR_IED_NacionesU_S306_1b4b3d,,,,,
2026-09-12T01:06:07-05:00,PUR_IED_NestorFA_Ext_e4201c,PUR_IED_NestorFA_Ext_e4201c,,,,,
2026-09-12T01:06:07-05:00,PUR_IED_NestorFA_Laborato_f22fe0,PUR_IED_NestorFA_Laborato_f22fe0,,,,,
2026-09-12T01:06:07-05:00,PUR_IED_NestorFA_S204_dee996,PUR_IED_NestorFA_S204_dee996,,,,,
2026-09-12T01:06:07-05:00,PUR_IED_NidyaQT_Aula03_76999b,PUR_IED_NidyaQT_Aula03_76999b,,,,,
2026-09-12T01:06:07-05:00,PUR_IED_NidyaQT_Aula10_56325,PUR_IED_NidyaQT_Aula10_56325,,,,,
2026-09-12T01:06:07-05:00,PUR_IED_NidyaQT_Ext_46e32d,PUR_IED_NidyaQT_Ext_46e32d,,,,,
2026-09-12T01:06:07-05:00,PUR_IED_NuevaCol_Exterior_d9b859,PUR_IED_NuevaCol_Exterior_d9b859,,,,,
2026-09-12T01:06:07-05:00,PUR_IED_NuevaCol_S1101_76c43b,PUR_IED_NuevaCol_S1101_76c43b,,,,,
2026-09-12T01:06:07-05:00,PUR_IED_NuevaCol_S1102_1ce0b5,PUR_IED_NuevaCol_S1102_1ce0b5,,,,,
2026-09-12T01:06:07-05:00,PUR_IED_OEA_A202_f7e3f2,PUR_IED_OEA_A202_f7e3f2,,,,,
2026-09-12T01:06:07-05:00,PUR_IED_OEA_A203_7d1b8d,PUR_IED_OEA_A203_7d1b8d,,,,,
2026-09-12T01:06:07-05:00,PUR_IED_OEA_Ext_27b593,PUR_IED_OEA_Ext_27b593,,,,,
2026-09-12T01:06:07-05:00,PUR_IED_Ochoa_Ext_1c29da,PUR_IED_Ochoa_Ext_1c29da,,,,,
2026-09-12T01:06:07-05:00,PUR_IED_Ochoa_S205_8b1121,PUR_IED_Ochoa_S205_8b1121,,,,,
2026-09-12T01:06:07-05:00,PUR_IED_Ochoa_Sistemas_f33af6,PUR_IED_Ochoa_Sistemas_f33af6,,,,,
2026-09-12T01:06:07-05:00,PUR_IED_PQuebec_Ext_1c67c7,PUR_IED_PQuebec_Ext_1c67c7,,,,,
2026-09-12T01:06:07-05:00,PUR_IED_PQuebec_S15_23e8e2,PUR_IED_PQuebec_S15_23e8e2,,,,,
2026-09-12T01:06:07-05:00,PUR_IED_PQuebec_S16_8ec76b,PUR_IED_PQuebec_S16_8ec76b,,,,,
2026-09-12T01:06:07-05:00,PUR_IED_PabloN_Ext_49dc96,PUR_IED_PabloN_Ext_49dc96,,,,,
2026-09-12T01:06:07-05:00,PUR_IED_PabloN_S1102_4e3df5,PUR_IED_PabloN_S1102_4e3df5,,,,,
2026-09-12T01:06:07-05:00,PUR_IED_PabloN_S1103_50c94b,PUR_IED_PabloN_S1103_50c94b,,,,,
2026-09-12T01:06:07-05:00,PUR_IED_Palestina_S1101_db9198,PUR_IED_Palestina_S1101_db9198,,,,,
2026-09-12T01:06:07-05:00,PUR_IED_Palestina_S1102_dc54fa,PUR_IED_Palestina_S1102_dc54fa,,,,,
2026-09-12T01:06:07-05:00,PUR_IED_Palestina_ext_4ccce6,PUR_IED_Palestina_ext_4ccce6,,,,,
2026-09-12T01:06:07-05:00,PUR_IED_Panama_Fisica_4d0794,PUR_IED_Panama_Fisica_4d0794,,,,,
2026-09-12T01:06:07-05:00,PUR_IED_Panama_SIngles_a4077e,PUR_IED_Panama_SIngles_a4077e,,,,,
2026-09-12T01:06:07-05:00,PUR_IED_Panama_ext_4c54b4,PUR_IED_Panama_ext_4c54b4,,,,,
2026-09-12T01:06:07-05:00,PUR_IED_ParaisoM_Exterior_8cd7f0,PUR_IED_ParaisoM_Exterior_8cd7f0,,,,,
2026-09-12T01:06:07-05:00,PUR_IED_ParaisoM_Laborato_27af35,PUR_IED_ParaisoM_Laborato_27af35,,,,,
2026-09-12T01:06:07-05:00,PUR_IED_ParaisoM_S304_d1edca,PUR_IED_ParaisoM_S304_d1edca,,,,,
2026-09-12T01:06:07-05:00,PUR_IED_PorfirioBarba_Ext_301466,PUR_IED_PorfirioBarba_Ext_301466,,,,,
2026-09-12T01:06:07-05:00,PUR_IED_PorfirioBarba_S11_df6cd2,PUR_IED_PorfirioBarba_S11_df6cd2,,,,,
2026-09-12T01:06:07-05:00,PUR_IED_PorfirioBarba_S29_27a7d6,PUR_IED_PorfirioBarba_S29_27a7d6,,,,,
2026-09-12T01:06:07-05:00,PUR_IED_PradoV_Exter_8b27ad,PUR_IED_PradoV_Exter_8b27ad,,,,,
2026-09-12T01:06:07-05:00,PUR_IED_PradoV_S301_de65b5,PUR_IED_PradoV_S301_de65b5,,,,,
2026-09-12T01:06:07-05:00,PUR_IED_PradoV_S302_7d2593,PUR_IED_PradoV_S302_7d2593,,,,,
2026-09-12T01:06:07-05:00,PUR_IED_QuirogaAlz_Ext_1ddc82,PUR_IED_QuirogaAlz_Ext_1ddc82,,,,,
2026-09-12T01:06:07-05:00,PUR_IED_QuirogaAlz_S302_9926a3,PUR_IED_QuirogaAlz_S302_9926a3,,,,,
2026-09-12T01:06:07-05:00,PUR_IED_QuirogaAlz_S305_cdf1f1,PUR_IED_QuirogaAlz_S305_cdf1f1,,,,,
2026-09-12T01:06:07-05:00,PUR_IED_RGuatemala_Biling_dc53b7,PUR_IED_RGuatemala_Biling_dc53b7,,,,,
2026-09-12T01:06:07-05:00,PUR_IED_RGuatemala_Ext_1b89a3,PUR_IED_RGuatemala_Ext_1b89a3,,,,,
2026-09-12T01:06:07-05:00,PUR_IED_RGuatemala_Tecnol_281a34,PUR_IED_RGuatemala_Tecnol_281a34,,,,,
2026-09-12T01:06:07-05:00,PUR_IED_RafaNu_Ext_f7c302,PUR_IED_RafaNu_Ext_f7c302,,,,,
2026-09-12T01:06:07-05:00,PUR_IED_RafaNu_S1101_25fde,PUR_IED_RafaNu_S1101_25fde,,,,,
2026-09-12T01:06:07-05:00,PUR_IED_RafaNu_S1102_281517,PUR_IED_RafaNu_S1102_281517,,,,,
2026-09-12T01:06:07-05:00,PUR_IED_RafaelB_S305_ee2783,PUR_IED_RafaelB_S305_ee2783,,,,,
2026-09-12T01:06:07-05:00,PUR_IED_RafaelB_S306_75fe33,PUR_IED_RafaelB_S306_75fe33,,,,,
2026-09-12T01:06:07-05:00,PUR_IED_RafaelB_ext_283336,PUR_IED_RafaelB_ext_283336,3,18,60,4.6722,-74.0737
2026-09-12T01:06:07-05:00,PUR_IED_RafaelUU_Exterior_281a51,PUR_IED_RafaelUU_Exterior_281a51,,,,,
2026-09-12T01:06:07-05:00,PUR_IED_RafaelUU_Human_806b2,PUR_IED_RafaelUU_Human_806b2,,,,,
2026-09-12T01:06:07-05:00,PUR_IED_RafaelUU_Mate2_5680d4,PUR_IED_RafaelUU_Mate2_5680d4,,,,,
2026-09-12T01:06:07-05:00,PUR_IED_RamonSub_Ext_f9eeb9,PUR_IED_RamonSub_Ext_f9eeb9,,,,,
2026-09-12T01:06:07-05:00,PUR_IED_RamonSub_Media_d1f62f,PUR_IED_RamonSub_Media_d1f62f,,,,,
2026-09-12T01:06:07-05:00,PUR_IED_RamonSub_planta_51b82,PUR_IED_RamonSub_planta_51b82,,,,,
2026-09-12T01:06:07-05:00,PUR_IED_RepBoliVene_Exter_27af7c,PUR_IED_RepBoliVene_Exter_27af7c,,,,,
2026-09-12T01:06:07-05:00,PUR_IED_RepBoliVene_SCPT_5ae2ee,PUR_IED_RepBoliVene_SCPT_5ae2ee,,,,,
2026-09-12T01:06:07-05:00,PUR_IED_RepBoliVene_Socia_4b11d5,PUR_IED_RepBoliVene_Socia_4b11d5,,,,,
2026-09-12T01:06:07-05:00,PUR_IED_RepChina_Ext_76d9ee,PUR_IED_RepChina_Ext_76d9ee,,,,,
2026-09-12T01:06:07-05:00,PUR_IED_RepChina_S404_7c804c,PUR_IED_RepChina_S404_7c804c,,,,,
2026-09-12T01:06:07-05:00,PUR_IED_RepChina_S405_df2c33,PUR_IED_RepChina_S405_df2c33,,,,,
2026-09-12T01:06:07-05:00,PUR_IED_RepublicaC_Exteri_7d1ec9,PUR_IED_RepublicaC_Exteri_7d1ec9,,,,,
2026-09-12T01:06:07-05:00,PUR_IED_RepublicaC_S1101_f544b3,PUR_IED_RepublicaC_S1101_f544b3,,,,,
2026-09-12T01:06:07-05:00,PUR_IED_RepublicaC_S1102_7aafc7,PUR_IED_RepublicaC_S1102_7aafc7,,,,,
2026-09-12T01:06:07-05:00,PUR_IED_Ricaurte_Externo_a0ea1,PUR_IED_Ricaurte_Externo_a0ea1,,,,,
2026-09-12T01:06:07-05:00,PUR_IED_Ricaurte_S210_f546fd,PUR_IED_Ricaurte_S210_f546fd,,,,,
2026-09-12T01:06:07-05:00,PUR_IED_Ricaurte_S309_d4452,PUR_IED_Ricaurte_S309_d4452,,,,,
2026-09-12T01:06:07-05:00,PUR_IED_RogelioS_1102_531e69,PUR_IED_RogelioS_1102_531e69,,,,,
2026-09-12T01:06:07-05:00,PUR_IED_RogelioS_Ext_f25a18,PUR_IED_RogelioS_Ext_f25a18,,,,,
2026-09-12T01:06:07-05:00,PUR_IED_SBernardino_Ext_27aff8,PUR_IED_SBernardino_Ext_27aff8,,,,,
2026-09-12T01:06:07-05:00,PUR_IED_SBernardino_SArte_2ffd33,PUR_IED_SBernardino_SArte_2ffd33,,,,,
2026-09-12T01:06:07-05:00,PUR_IED_SBernardino_SIngl_7c7da5,PUR_IED_SBernardino_SIngl_7c7da5,,,,,
2026-09-12T01:06:07-05:00,PUR_IED_Sago_auditorio_dc9d1d,PUR_IED_Sago_auditorio_dc9d1d,,,,,
2026-09-12T01:06:07-05:00,PUR_IED_Saludcoop_Ext_95aac3,PUR_IED_Saludcoop_Ext_95aac3,,,,,
2026-09-12T01:06:07-05:00,PUR_IED_Saludcoop_InfI_90c854,PUR_IED_Saludcoop_InfI_90c854,,,,,
2026-09-12T01:06:07-05:00,PUR_IED_Saludcoop_SMedia_1b93be,PUR_IED_Saludcoop_SMedia_1b93be,,,,,
2026-09-12T01:06:07-05:00,PUR_IED_SanCarlos_1101_1a2360,PUR_IED_SanCarlos_1101_1a2360,,,,,
2026-09-12T01:06:07-05:00,PUR_IED_SanCarlos_1103_7bafb5,PUR_IED_SanCarlos_1103_7bafb5,,,,,
2026-09-12T01:06:07-05:00,PUR_IED_SanCarlos_Ext_b7cd1,PUR_IED_SanCarlos_Ext_b7cd1,,,,,
2026-09-12T01:06:07-05:00,PUR_IED_SanIgnacioBosa11a_50c26e,PUR_IED_SanIgnacioBosa11a_50c26e,,,,,
2026-09-12T01:06:07-05:00,PUR_IED_SanIgnacioBosa11b_371de8,PUR_IED_SanIgnacioBosa11b_371de8,,,,,
2026-09-12T01:06:07-05:00,PUR_IED_SanIgnacioBosaExt_ef0ffc,PUR_IED_SanIgnacioBosaExt_ef0ffc,,,,,
2026-09-12T01:06:07-05:00,PUR_IED_SanIgnacioBosa_11a_50c26e,PUR_IED_SanIgnacioBosa_11a_50c26e,,,,,
2026-09-12T01:06:07-05:00,PUR_IED_SanIgnacioBosa_Ext_ef0ffc,PUR_IED_SanIgnacioBosa_Ext_ef0ffc,,,,,
2026-09-12T01:06:07-05:00,PUR_IED_SanJoseN_intS1101_31c47f,PUR_IED_SanJoseN_intS1101_31c47f,,,,,
2026-09-12T01:06:07-05:00,PUR_IED_SanJoseUsm_Exter_f5d7e8,PUR_IED_SanJoseUsm_Exter_f5d7e8,,,,,
2026-09-12T01:06:07-05:00,PUR_IED_SanJoseUsm_Int11A_cfdef6,PUR_IED_SanJoseUsm_Int11A_cfdef6,,,,,
2026-09-12T01:06:07-05:00,PUR_IED_SilveriaR_IntB5_905349,PUR_IED_SilveriaR_IntB5_905349,,,,,
2026-09-12T01:06:07-05:00,PUR_IED_SilveriaR_IntSD14_981f93,PUR_IED_SilveriaR_IntSD14_981f93,,,,,
2026-09-12T01:06:07-05:00,PUR_IED_SilveriaR_ext_2b651d,PUR_IED_SilveriaR_ext_2b651d,,,,,
2026-09-12T01:06:07-05:00,PUR_IED_SimonB_Exterior_913975,PUR_IED_SimonB_Exterior_913975,,,,,
2026-09-12T01:06:07-05:00,PUR_IED_SimonB_LabQuimi_c56908,PUR_IED_SimonB_LabQuimi_c56908,,,,,
2026-09-12T01:06:07-05:00,PUR_IED_SimonB_informatic_a28c1,PUR_IED_SimonB_informatic_a28c1,,,,,
2026-09-12T01:06:07-05:00,PUR_IED_Sorrento_1102_315f50,PUR_IED_Sorrento_1102_315f50,,,,,
2026-09-12T01:06:07-05:00,PUR_IED_Sorrento_Minte_214eab,PUR_IED_Sorrento_Minte_214eab,,,,,
2026-09-12T01:06:07-05:00,PUR_IED_Sorrento_ext_7c3a0a,PUR_IED_Sorrento_ext_7c3a0a,,,,,
2026-09-12T01:06:07-05:00,PUR_IED_Tabora_Ext_f048ae,PUR_IED_Tabora_Ext_f048ae,,,,,
2026-09-12T01:06:07-05:00,PUR_IED_Tabora_S1102_b07752,PUR_IED_Tabora_S1102_b07752,,,,,
2026-09-12T01:06:07-05:00,PUR_IED_Tabora_S1103_d988f5,PUR_IED_Tabora_S1103_d988f5,,,,,
2026-09-12T01:06:07-05:00,PUR_IED_Tenerife_Ext_1ab188,PUR_IED_Tenerife_Ext_1ab188,,,,,
2026-09-12T01:06:07-05:00,PUR_IED_Tenerife_SDanzas_7bc02e,PUR_IED_Tenerife_SDanzas_7bc02e,,,,,
2026-09-12T01:06:07-05:00,PUR_IED_Tenerife_SIngles_7cc277,PUR_IED_Tenerife_SIngles_7cc277,,,,,
2026-09-12T01:06:07-05:00,PUR_IED_Tibabuyes_Exter_f2683d,PUR_IED_Tibabuyes_Exter_f2683d,,,,,
2026-09-12T01:06:07-05:00,PUR_IED_Tibabuyes_S10_dc87a8,PUR_IED_Tibabuyes_S10_dc87a8,,,,,
2026-09-12T01:06:07-05:00,PUR_IED_Tibabuyes_S15_dc0526,PUR_IED_Tibabuyes_S15_dc0526,,,,,
2026-09-12T01:06:07-05:00,PUR_IED_UnionE_S301_a1043,PUR_IED_UnionE_S301_a1043,,,,,
2026-09-12T01:06:07-05:00,PUR_IED_UnionE_S307_ff6c2f,PUR_IED_UnionE_S307_ff6c2f,,,,,
2026-09-12T01:06:07-05:00,PUR_IED_UnionE__Ext_5e2468,PUR_IED_UnionE__Ext_5e2468,,,,,
2026-09-12T01:06:07-05:00,PUR_IED_VillaRica_Ext_75be7c,PUR_IED_VillaRica_Ext_75be7c,,,,,
2026-09-12T01:06:07-05:00,PUR_IED_VillaRica_S4_cc5dcd,PUR_IED_VillaRica_S4_cc5dcd,,,,,
2026-09-12T01:06:07-05:00,PUR_IED_VillaRica_Sesp_99f5c,PUR_IED_VillaRica_Sesp_99f5c,,,,,
2026-09-12T01:11:10-05:00,PUR_IED_20deJulio_1101_91b1b9,PUR_IED_20deJulio_1101_91b1b9,,,,,
2026-09-12T01:11:10-05:00,PUR_IED_20deJulio_1102_1cfcf9,PUR_IED_20deJulio_1102_1cfcf9,,,,,
2026-09-12T01:11:10-05:00,PUR_IED_20deJulio_Ext_ab60bd,PUR_IED_20deJulio_Ext_ab60bd,,,,,
2026-09-12T01:11:10-05:00,PUR_IED_AgustinFer_Ext_7b9b77,PUR_IED_AgustinFer_Ext_7b9b77,,,,,
2026-09-12T01:11:10-05:00,PUR_IED_AgustinFer_Info2_27b3a7,PUR_IED_AgustinFer_Info2_27b3a7,,,,,
2026-09-12T01:11:10-05:00,PUR_IED_AgustinFer_Sena_54b4eb,PUR_IED_AgustinFer_Sena_54b4eb,,,,,
2026-09-12T01:11:10-05:00,PUR_IED_AlexanderF_1102_caf07b,PUR_IED_AlexanderF_1102_caf07b,,,,,
2026-09-12T01:11:10-05:00,PUR_IED_AlexanderF_1103_c79e71,PUR_IED_AlexanderF_1103_c79e71,,,,,
2026-09-12T01:11:10-05:00,PUR_IED_AlexanderF_Ext_c5b18b,PUR_IED_AlexanderF_Ext_c5b18b,,,,,
2026-09-12T01:11:10-05:00,PUR_IED_AlfonsoLopez_Ext_281d77,PUR_IED_AlfonsoLopez_Ext_281d77,,,,,
2026-09-12T01:11:10-05:00,PUR_IED_AlfonsoLopez_LabF_888ce0,PUR_IED_AlfonsoLopez_LabF_888ce0,,,,,
2026-09-12T01:11:10-05:00,PUR_IED_AlfonsoLopez_SMed_df6a7f,PUR_IED_AlfonsoLopez_SMed_df6a7f,,,,,
2026-09-12T01:11:10-05:00,PUR_IED_AltamiraSO_A2_209f92,PUR_IED_AltamiraSO_A2_209f92,,,,,
2026-09-12T01:11:10-05:00,PUR_IED_AltamiraSO_Ext_186d66,PUR_IED_AltamiraSO_Ext_186d66,,,,,
2026-09-12T01:11:10-05:00,PUR_IED_AltamiraSO_Sistem_27afe1,PUR_IED_AltamiraSO_Sistem_27afe1,,,,,
2026-09-12T01:11:10-05:00,PUR_IED_AlvaroGom_LabQuim_813179,PUR_IED_AlvaroGom_LabQuim_813179,,,,,
2026-09-12T01:11:10-05:00,PUR_IED_AlvaroGomez_Ext_47c7ca,PUR_IED_AlvaroGomez_Ext_47c7ca,,,,,
2026-09-12T01:11:10-05:00,PUR_IED_AlvaroGomez_LabQuim_813179,PUR_IED_AlvaroGomez_LabQuim_813179,,,,,
2026-09-12T01:11:10-05:00,PUR_IED_AlvaroGomez_S23_7ba89f,PUR_IED_AlvaroGomez_S23_7ba89f,,,,,
2026-09-12T01:11:10-05:00,PUR_IED_Amistad_306_dc8728,PUR_IED_Amistad_306_dc8728,,,,,
2026-09-12T01:11:10-05:00,PUR_IED_Amistad_Ext_8cd55e,PUR_IED_Amistad_Ext_8cd55e,,,,,
2026-09-12T01:11:10-05:00,PUR_IED_Amistad_S202_a41169,PUR_IED_Amistad_S202_a41169,,,,,
2026-09-12T01:11:10-05:00,PUR_IED_AndresBello_Bio_fd5f5e,PUR_IED_AndresBello_Bio_fd5f5e,,,,,
2026-09-12T01:11:10-05:00,PUR_IED_AndresBello_ext_dcad65,PUR_IED_AndresBello_ext_dcad65,,,,,
2026-09-12T01:11:10-05:00,PUR_IED_AndresBello_port_eed3ec,PUR_IED_AndresBello_port_eed3ec,,,,,
2026-09-12T01:11:10-05:00,PUR_IED_AngelaR_11b_d90a6b,PUR_IED_AngelaR_11b_d90a6b,,,,,
2026-09-12T01:11:10-05:00,PUR_IED_AngelaR_ext_7cad3e,PUR_IED_AngelaR_ext_7cad3e,10,20,60,4.5825,-74.164497
2026-09-12T01:11:10-05:00,PUR_IED_AntJoseSucre_10mo_df2575,PUR_IED_AntJoseSucre_10mo_df2575,,,,,
2026-09-12T01:11:10-05:00,PUR_IED_AntJoseSucre_Ext_215b36,PUR_IED_AntJoseSucre_Ext_215b36,,,,,
2026-09-12T01:11:10-05:00,PUR_IED_AntJoseSucre_Lab_3139de,PUR_IED_AntJoseSucre_Lab_3139de,,,,,
2026-09-12T01:11:10-05:00,PUR_IED_AntonioGarcia_301_d6b188,PUR_IED_AntonioGarcia_301_d6b188,,,,,
2026-09-12T01:11:10-05:00,PUR_IED_AntonioGarcia_302_88a82,PUR_IED_AntonioGarcia_302_88a82,,,,,
2026-09-12T01:11:10-05:00,PUR_IED_AntonioGarcia_Ext_20950c,PUR_IED_AntonioGarcia_Ext_20950c,,,,,
2026-09-12T01:11:10-05:00,PUR_IED_AntonioVan_Aula2_6dea02,PUR_IED_AntonioVan_Aula2_6dea02,,,,,
2026-09-12T01:11:10-05:00,PUR_IED_AntonioVan_Aula5_f1557e,PUR_IED_AntonioVan_Aula5_f1557e,,,,,
2026-09-12T01:11:10-05:00,PUR_IED_AntonioVan_Ext_406f2f,PUR_IED_AntonioVan_Ext_406f2f,,,,,
2026-09-12T01:11:10-05:00,PUR_IED_Atabanzha_Ext_cc5af9,PUR_IED_Atabanzha_Ext_cc5af9,,,,,
2026-09-12T01:11:10-05:00,PUR_IED_Atabanzha_SA101_56c37,PUR_IED_Atabanzha_SA101_56c37,,,,,
2026-09-12T01:11:10-05:00,PUR_IED_Atabanzha_SB302_27b374,PUR_IED_Atabanzha_SB302_27b374,,,,,
2026-09-12T01:11:10-05:00,PUR_IED_Atahualpa_Ext_fc1748,PUR_IED_Atahualpa_Ext_fc1748,,,,,
2026-09-12T01:11:10-05:00,PUR_IED_Atahualpa_Informa_dc9a95,PUR_IED_Atahualpa_Informa_dc9a95,,,,,
2026-09-12T01:11:10-05:00,PUR_IED_Atahualpa_S1101_f98056,PUR_IED_Atahualpa_S1101_f98056,,,,,
2026-09-12T01:11:10-05:00,PUR_IED_Bellavista_Ext_f5aa74,PUR_IED_Bellavista_Ext_f5aa74,,,,,
2026-09-12T01:11:10-05:00,PUR_IED_Bilbao_11A_916c41,PUR_IED_Bilbao_11A_916c41,,,,,
2026-09-12T01:11:10-05:00,PUR_IED_Bilbao_Ext_fb579a,PUR_IED_Bilbao_Ext_fb579a,,,,,
2026-09-12T01:11:10-05:00,PUR_IED_BrasiliaU_A125_304280,PUR_IED_BrasiliaU_A125_304280,,,,,
2026-09-12T01:11:10-05:00,PUR_IED_BrasiliaU_A203_7c8ca5,PUR_IED_BrasiliaU_A203_7c8ca5,,,,,
2026-09-12T01:11:10-05:00,PUR_IED_BrasiliaU_Ext_8d6e9f,PUR_IED_BrasiliaU_Ext_8d6e9f,4,17,63,4.5175,-74.116302
2026-09-12T01:11:10-05:00,PUR_IED_Brasilia_Ext_fe6593,PUR_IED_Brasilia_Ext_fe6593,,,,,
2026-09-12T01:11:10-05:00,PUR_IED_Brasilia_S24_7c130d,PUR_IED_Brasilia_S24_7c130d,,,,,
2026-09-12T01:11:10-05:00,PUR_IED_Brasilia_S501_186a54,PUR_IED_Brasilia_S501_186a54,,,,,
2026-09-12T01:11:10-05:00,PUR_IED_CHARRY_EXT_f1d5cd,PUR_IED_CHARRY_EXT_f1d5cd,,,,,
2026-09-12T01:11:10-05:00,PUR_IED_CHARRY_INTDANZAS_7a08e6,PUR_IED_CHARRY_INTDANZAS_7a08e6,,,,,
2026-09-12T01:11:10-05:00,PUR_IED_CHARRY_INT_AULA20_dc998d,PUR_IED_CHARRY_INT_AULA20_dc998d,,,,,
2026-09-12T01:11:10-05:00,PUR_IED_COLVIV_1101_S25_7f520a,PUR_IED_COLVIV_1101_S25_7f520a,,,,,
2026-09-12T01:11:10-05:00,PUR_IED_COLVIV_1102_S16_f570ba,PUR_IED_COLVIV_1102_S16_f570ba,,,,,
2026-09-12T01:11:10-05:00,PUR_IED_COLVIV_Ext_1a26fa,PUR_IED_COLVIV_Ext_1a26fa,,,,,
2026-09-12T01:11:10-05:00,PUR_IED_CULPOP_301A_f660f3,PUR_IED_CULPOP_301A_f660f3,,,,,
2026-09-12T01:11:10-05:00,PUR_IED_CULPOP_303_568afe,PUR_IED_CULPOP_303_568afe,,,,,
2026-09-12T01:11:10-05:00,PUR_IED_CULPOP_Ext_e02ccb,PUR_IED_CULPOP_Ext_e02ccb,,,,,
2026-09-12T01:11:10-05:00,PUR_IED_CVillavicen_Ext_26eb58,PUR_IED_CVillavicen_Ext_26eb58,5,15,78,4.487,-74.102798
2026-09-12T01:11:10-05:00,PUR_IED_CVillavicen_Intel_1ce5c2,PUR_IED_CVillavicen_Intel_1ce5c2,,,,,
2026-09-12T01:11:10-05:00,PUR_IED_CVillavicen_Poliv_e0766c,PUR_IED_CVillavicen_Poliv_e0766c,,,,,
2026-09-12T01:11:10-05:00,PUR_IED_CVillavicen_int_1ba140,PUR_IED_CVillavicen_int_1ba140,,,,,
2026-09-12T01:11:10-05:00,PUR_IED_CVillavicen_intel_1ba140,PUR_IED_CVillavicen_intel_1ba140,,,,,
2026-09-12T01:11:10-05:00,PUR_IED_CarlosPizarro_Ext_e307cc,PUR_IED_CarlosPizarro_Ext_e307cc,,,,,
2026-09-12T01:11:10-05:00,PUR_IED_CarlosPizarro_L36_7e5cdb,PUR_IED_CarlosPizarro_L36_7e5cdb,,,,,
2026-09-12T01:11:10-05:00,PUR_IED_CarlosPizarro_L37_c8566c,PUR_IED_CarlosPizarro_L37_c8566c,,,,,
2026-09-12T01:11:10-05:00,PUR_IED_Castilla_Ext_cf35f,PUR_IED_Castilla_Ext_cf35f,,,,,
2026-09-12T01:11:10-05:00,PUR_IED_Castilla_SFisik_360e38,PUR_IED_Castilla_SFisik_360e38,,,,,
2026-09-12T01:11:10-05:00,PUR_IED_Castilla_Sc304_496fbf,PUR_IED_Castilla_Sc304_496fbf,,,,,
2026-09-12T01:11:10-05:00,PUR_IED_CervantesSa_Ext_6b57b,PUR_IED_CervantesSa_Ext_6b57b,3,17,69,4.5128,-74.117203
2026-09-12T01:11:10-05:00,PUR_IED_CervantesSa_S107_225c2b,PUR_IED_CervantesSa_S107_225c2b,,,,,
2026-09-12T01:11:10-05:00,PUR_IED_CervantesSa_S108_940925,PUR_IED_CervantesSa_S108_940925,,,,,
2026-09-12T01:11:10-05:00,PUR_IED_Charry_A20_f53e7c,PUR_IED_Charry_A20_f53e7c,,,,,
2026-09-12T01:11:10-05:00,PUR_IED_Charry_Ext_f1d5cd,PUR_IED_Charry_Ext_f1d5cd,,,,,
2026-09-12T01:11:10-05:00,PUR_IED_Charry_IntAula20_dc998d,PUR_IED_Charry_IntAula20_dc998d,,,,,
2026-09-12T01:11:10-05:00,PUR_IED_Charry_IntDanzas_7a08e6,PUR_IED_Charry_IntDanzas_7a08e6,,,,,
2026-09-12T01:11:10-05:00,PUR_IED_ClememciaC_203_43e2fc,PUR_IED_ClememciaC_203_43e2fc,,,,,
2026-09-12T01:11:10-05:00,PUR_IED_ClememciaC_Ext_1b411a,PUR_IED_ClememciaC_Ext_1b411a,,,,,
2026-09-12T01:11:10-05:00,PUR_IED_ClememciaC_Quimic_44b5fc,PUR_IED_ClememciaC_Quimic_44b5fc,,,,,
2026-09-12T01:11:10-05:00,PUR_IED_ClemenciaC_203_43e2fc,PUR_IED_ClemenciaC_203_43e2fc,,,,,
2026-09-12T01:11:10-05:00,PUR_IED_ClemenciaC_Ext_1b411a,PUR_IED_ClemenciaC_Ext_1b411a,,,,,
2026-09-12T01:11:10-05:00,PUR_IED_ClemenciaC_Quimic_44b5fc,PUR_IED_ClemenciaC_Quimic_44b5fc,,,,,
2026-09-12T01:11:10-05:00,PUR_IED_ColViva_1101_S25_7f520a,PUR_IED_ColViva_1101_S25_7f520a,,,,,
2026-09-12T01:11:10-05:00,PUR_IED_ColViva_1102_S16_f570ba,PUR_IED_ColViva_1102_S16_f570ba,,,,,
2026-09-12T01:11:10-05:00,PUR_IED_ColViva_Ext_1a26fa,PUR_IED_ColViva_Ext_1a26fa,,,,,
2026-09-12T01:11:10-05:00,PUR_IED_ColegioBici_Asist_7c8798,PUR_IED_ColegioBici_Asist_7c8798,,,,,
2026-09-12T01:11:10-05:00,PUR_IED_ColegioBici_Ext_25cbf6,PUR_IED_ColegioBici_Ext_25cbf6,,,,,
2026-09-12T01:11:10-05:00,PUR_IED_ColegioBici_LabQ_7b57db,PUR_IED_ColegioBici_LabQ_7b57db,,,,,
2026-09-12T01:11:10-05:00,PUR_IED_CostaRica_Ext_5e640,PUR_IED_CostaRica_Ext_5e640,,,,,
2026-09-12T01:11:10-05:00,PUR_IED_CostaRica_Quim1_766d1c,PUR_IED_CostaRica_Quim1_766d1c,,,,,
2026-09-12T01:11:10-05:00,PUR_IED_CostaRica__Fisica_6f0873,PUR_IED_CostaRica__Fisica_6f0873,,,,,
2026-09-12T01:11:10-05:00,PUR_IED_CulPopu_301A_f660f3,PUR_IED_CulPopu_301A_f660f3,,,,,
2026-09-12T01:11:10-05:00,PUR_IED_CulPopu_303_568afe,PUR_IED_CulPopu_303_568afe,,,,,
2026-09-12T01:11:10-05:00,PUR_IED_CulPopu_Ext_e02ccb,PUR_IED_CulPopu_Ext_e02ccb,,,,,
2026-09-12T01:11:10-05:00,PUR_IED_Cundinamarca_Ext_f15985,PUR_IED_Cundinamarca_Ext_f15985,,,,,
2026-09-12T01:11:10-05:00,PUR_IED_Cundinamarca_Info_7aa5d7,PUR_IED_Cundinamarca_Info_7aa5d7,,,,,
2026-09-12T01:11:10-05:00,PUR_IED_Cundinamarca_Tec2_f449c7,PUR_IED_Cundinamarca_Tec2_f449c7,,,,,
2026-09-12T01:11:10-05:00,PUR_IED_DiegoM_Aula1_27b314,PUR_IED_DiegoM_Aula1_27b314,,,,,
2026-09-12T01:11:10-05:00,PUR_IED_DiegoM_Ext_d80ac8,PUR_IED_DiegoM_Ext_d80ac8,,,,,
2026-09-12T01:11:10-05:00,PUR_IED_DiegoM_S25_da928f,PUR_IED_DiegoM_S25_da928f,,,,,
2026-09-12T01:11:10-05:00,PUR_IED_ELRODEO_360881,PUR_IED_ELRODEO_360881,,,,,
2026-09-12T01:11:10-05:00,PUR_IED_ELRODEO_ext_360881,PUR_IED_ELRODEO_ext_360881,,,,,
2026-09-12T01:11:10-05:00,PUR_IED_EduardoU_Ext_1c1969,PUR_IED_EduardoU_Ext_1c1969,,,,,
2026-09-12T01:11:10-05:00,PUR_IED_EduardoU_SCiencia_4dfb94,PUR_IED_EduardoU_SCiencia_4dfb94,,,,,
2026-09-12T01:11:10-05:00,PUR_IED_EduardoU_SQuimica_5a46e7,PUR_IED_EduardoU_SQuimica_5a46e7,,,,,
2026-09-12T01:11:10-05:00,PUR_IED_ElRodeo_Aula14_676984,PUR_IED_ElRodeo_Aula14_676984,,,,,
2026-09-12T01:11:10-05:00,PUR_IED_ElRodeo_Aula16_2dd35b,PUR_IED_ElRodeo_Aula16_2dd35b,,,,,
2026-09-12T01:11:10-05:00,PUR_IED_ElRodeo_Ext_360881,PUR_IED_ElRodeo_Ext_360881,,,,,
2026-09-12T01:11:10-05:00,PUR_IED_ElRodeo_Exterior_8c6d28,PUR_IED_ElRodeo_Exterior_8c6d28,,,,,
2026-09-12T01:11:10-05:00,PUR_IED_ElRodeo_ext_360881,PUR_IED_ElRodeo_ext_360881,,,,,
2026-09-12T01:11:10-05:00,PUR_IED_EmmaReyes_Ext_987625,PUR_IED_EmmaReyes_Ext_987625,16,21,53,4.6367,-74.1511
2026-09-12T01:11:10-05:00,PUR_IED_Ensueño_Ext_7f0250,PUR_IED_Ensueño_Ext_7f0250,,,,,
2026-09-12T01:11:10-05:00,PUR_IED_EscNormal_Ext_5fef3b,PUR_IED_EscNormal_Ext_5fef3b,2,18,60,4.5852,-74.096901
2026-09-12T01:11:10-05:00,PUR_IED_EscNormal_S309_5b263,PUR_IED_EscNormal_S309_5b263,,,,,
2026-09-12T01:11:10-05:00,PUR_IED_EscNormal_S310_27b3b8,PUR_IED_EscNormal_S310_27b3b8,,,,,
2026-09-12T01:11:10-05:00,PUR_IED_Evangelista_Conta_f6cd4f,PUR_IED_Evangelista_Conta_f6cd4f,,,,,
2026-09-12T01:11:10-05:00,PUR_IED_Evangelista_Cri_5e16a,PUR_IED_Evangelista_Cri_5e16a,,,,,
2026-09-12T01:11:10-05:00,PUR_IED_Evangelista_Exter_754066,PUR_IED_Evangelista_Exter_754066,,,,,
2026-09-12T01:11:10-05:00,PUR_IED_FMiranda_S209_5cc2a3,PUR_IED_FMiranda_S209_5cc2a3,,,,,
2026-09-12T01:11:10-05:00,PUR_IED_FMiranda_S303_19e344,PUR_IED_FMiranda_S303_19e344,,,,,
2026-09-12T01:11:10-05:00,PUR_IED_FMiranda_ext_f53e7c,PUR_IED_FMiranda_ext_f53e7c,,,,,
2026-09-12T01:11:10-05:00,PUR_IED_FabioLozano_Bibli_1cee05,PUR_IED_FabioLozano_Bibli_1cee05,,,,,
2026-09-12T01:11:10-05:00,PUR_IED_FabioLozano_Ext_6ea285,PUR_IED_FabioLozano_Ext_6ea285,,,,,
2026-09-12T01:11:10-05:00,PUR_IED_FabioLozano_SLudi_f09e1e,PUR_IED_FabioLozano_SLudi_f09e1e,,,,,
2026-09-12T01:11:10-05:00,PUR_IED_FaustinoS_Aula07_27a731,PUR_IED_FaustinoS_Aula07_27a731,,,,,
2026-09-12T01:11:10-05:00,PUR_IED_FaustinoS_Ext_7b936f,PUR_IED_FaustinoS_Ext_7b936f,,,,,
2026-09-12T01:11:10-05:00,PUR_IED_FaustinoS_Fisica_da2c60,PUR_IED_FaustinoS_Fisica_da2c60,,,,,
2026-09-12T01:11:10-05:00,PUR_IED_FeGarciaLo_Ext_dc68ee,PUR_IED_FeGarciaLo_Ext_dc68ee,,,,,
2026-09-12T01:11:10-05:00,PUR_IED_FeGarciaLo_SDanza_f70a59,PUR_IED_FeGarciaLo_SDanza_f70a59,,,,,
2026-09-12T01:11:10-05:00,PUR_IED_FeGarciaLo_SMusic_125cdd,PUR_IED_FeGarciaLo_SMusic_125cdd,,,,,
2026-09-12T01:11:10-05:00,PUR_IED_FederalAlema_Exte_50c345,PUR_IED_FederalAlema_Exte_50c345,,,,,
2026-09-12T01:11:10-05:00,PUR_IED_FederalAlema_S31_f18371,PUR_IED_FederalAlema_S31_f18371,,,,,
2026-09-12T01:11:10-05:00,PUR_IED_FederalAlema_S901_a62cd,PUR_IED_FederalAlema_S901_a62cd,,,,,
2026-09-12T01:11:10-05:00,PUR_IED_FilarmonicaS_A5_f35eb1,PUR_IED_FilarmonicaS_A5_f35eb1,,,,,
2026-09-12T01:11:10-05:00,PUR_IED_FilarmonicaS_Ext_8a3bde,PUR_IED_FilarmonicaS_Ext_8a3bde,,,,,
2026-09-12T01:11:10-05:00,PUR_IED_FilarmonicaS_Spol_406114,PUR_IED_FilarmonicaS_Spol_406114,,,,,
2026-09-12T01:11:10-05:00,PUR_IED_FlorentinoG_A13_d1fa59,PUR_IED_FlorentinoG_A13_d1fa59,,,,,
2026-09-12T01:11:10-05:00,PUR_IED_FlorentinoG_Ext_1ce6ce,PUR_IED_FlorentinoG_Ext_1ce6ce,,,,,
2026-09-12T01:11:10-05:00,PUR_IED_FlorentinoG_Idiom_a66aac,PUR_IED_FlorentinoG_Idiom_a66aac,,,,,
2026-09-12T01:11:10-05:00,PUR_IED_FranciscoMati_Ext_e3869d,PUR_IED_FranciscoMati_Ext_e3869d,,,,,
2026-09-12T01:11:10-05:00,PUR_IED_FranciscoMati_S13_f31c67,PUR_IED_FranciscoMati_S13_f31c67,,,,,
2026-09-12T01:11:10-05:00,PUR_IED_FranciscoMati_S14_97dead,PUR_IED_FranciscoMati_S14_97dead,,,,,
2026-09-12T01:11:10-05:00,PUR_IED_FranciscoPS_Ext_7bfa9a,PUR_IED_FranciscoPS_Ext_7bfa9a,2,20,59,4.5899,-74.110397
2026-09-12T01:11:10-05:00,PUR_IED_FranciscoPS_Infor_fb8f4c,PUR_IED_FranciscoPS_Infor_fb8f4c,,,,,
2026-09-12T01:11:10-05:00,PUR_IED_FranciscoPS_Quimi_94d39c,PUR_IED_FranciscoPS_Quimi_94d39c,,,,,
2026-09-12T01:11:10-05:00,PUR_IED_FranciscoP_LabQ_d7e148,PUR_IED_FranciscoP_LabQ_d7e148,,,,,
2026-09-12T01:11:10-05:00,PUR_IED_FranciscoP_S28_cf9b30,PUR_IED_FranciscoP_S28_cf9b30,,,,,
2026-09-12T01:11:10-05:00,PUR_IED_FranciscoP_ext_e2313,PUR_IED_FranciscoP_ext_e2313,,,,,
2026-09-12T01:11:10-05:00,PUR_IED_FriederichN_Ext_8ac92a,PUR_IED_FriederichN_Ext_8ac92a,,,,,
2026-09-12T01:11:10-05:00,PUR_IED_FriederichN_S301_dd7e5a,PUR_IED_FriederichN_S301_dd7e5a,,,,,
2026-09-12T01:11:10-05:00,PUR_IED_FriederichN_S308_761f4f,PUR_IED_FriederichN_S308_761f4f,,,,,
2026-09-12T01:11:10-05:00,PUR_IED_GSantander_Aula10_533dd7,PUR_IED_GSantander_Aula10_533dd7,,,,,
2026-09-12T01:11:10-05:00,PUR_IED_GSantander_Aula12_fd4e4f,PUR_IED_GSantander_Aula12_fd4e4f,,,,,
2026-09-12T01:11:10-05:00,PUR_IED_GSantander_Aula310_533dd7,PUR_IED_GSantander_Aula310_533dd7,,,,,
2026-09-12T01:11:10-05:00,PUR_IED_GSantander_Aula312_fd4e4f,PUR_IED_GSantander_Aula312_fd4e4f,,,,,
2026-09-12T01:11:10-05:00,PUR_IED_GSantander_Ext_5f66b0,PUR_IED_GSantander_Ext_5f66b0,,,,,
2026-09-12T01:11:10-05:00,PUR_IED_GYomasa_Ext_f6bea5,PUR_IED_GYomasa_Ext_f6bea5,,,,,
2026-09-12T01:11:10-05:00,PUR_IED_GYomasa_LBiol_2c41aa,PUR_IED_GYomasa_LBiol_2c41aa,,,,,
2026-09-12T01:11:10-05:00,PUR_IED_GYomasa_LQuim_33c80,PUR_IED_GYomasa_LQuim_33c80,,,,,
2026-09-12T01:11:10-05:00,PUR_IED_GabBetMejia_Cienc_5a99c,PUR_IED_GabBetMejia_Cienc_5a99c,,,,,
2026-09-12T01:11:10-05:00,PUR_IED_GabBetMejia_Ext_9153d0,PUR_IED_GabBetMejia_Ext_9153d0,,,,,
2026-09-12T01:11:10-05:00,PUR_IED_GabBetMejia_Lab_f55347,PUR_IED_GabBetMejia_Lab_f55347,,,,,
2026-09-12T01:11:10-05:00,PUR_IED_GabBetanMejia_Ext_9153d0,PUR_IED_GabBetanMejia_Ext_9153d0,,,,,
2026-09-12T01:11:10-05:00,PUR_IED_Gaitana_Aula13_7aac11,PUR_IED_Gaitana_Aula13_7aac11,,,,,
2026-09-12T01:11:10-05:00,PUR_IED_Gaitana_Ext_5fcf4,PUR_IED_Gaitana_Ext_5fcf4,,,,,
2026-09-12T01:11:10-05:00,PUR_IED_Gaitana_LabFisica_644448,PUR_IED_Gaitana_LabFisica_644448,,,,,
2026-09-12T01:11:10-05:00,PUR_IED_GenSantander_Dise_8ac858,PUR_IED_GenSantander_Dise_8ac858,,,,,
2026-09-12T01:11:10-05:00,PUR_IED_GenSantander_Ext_8d5dfe,PUR_IED_GenSantander_Ext_8d5dfe,,,,,
2026-09-12T01:11:10-05:00,PUR_IED_GenSantander_Info_6c25b,PUR_IED_GenSantander_Info_6c25b,,,,,
2026-09-12T01:11:10-05:00,PUR_IED_GustavoMo_Exterio_75e63d,PUR_IED_GustavoMo_Exterio_75e63d,,,,,
2026-09-12T01:11:10-05:00,PUR_IED_GustavoMo_LabFisi_224d37,PUR_IED_GustavoMo_LabFisi_224d37,,,,,
2026-09-12T01:11:10-05:00,PUR_IED_GustavoMo_S208_3e6918,PUR_IED_GustavoMo_S208_3e6918,,,,,
2026-09-12T01:11:10-05:00,PUR_IED_GustavoR_A02_8cd4a8,PUR_IED_GustavoR_A02_8cd4a8,,,,,
2026-09-12T01:11:10-05:00,PUR_IED_GustavoR_B11_5b0ed,PUR_IED_GustavoR_B11_5b0ed,,,,,
2026-09-12T01:11:10-05:00,PUR_IED_GustavoR_Ext_7a0c90,PUR_IED_GustavoR_Ext_7a0c90,,,,,
2026-09-12T01:11:10-05:00,PUR_IED_HernandoDuran_Ext_8cd82b,PUR_IED_HernandoDuran_Ext_8cd82b,,,,,
2026-09-12T01:11:10-05:00,PUR_IED_HernandoDuran_S24_2772c6,PUR_IED_HernandoDuran_S24_2772c6,,,,,
2026-09-12T01:11:10-05:00,PUR_IED_HernandoDuran_S30_f2de41,PUR_IED_HernandoDuran_S30_f2de41,,,,,
2026-09-12T01:11:10-05:00,PUR_IED_HolguInUr_S1101_8cd732,PUR_IED_HolguInUr_S1101_8cd732,,,,,
2026-09-12T01:11:10-05:00,PUR_IED_HolguinUr_Exter_ddae6d,PUR_IED_HolguinUr_Exter_ddae6d,,,,,
2026-09-12T01:11:10-05:00,PUR_IED_HolguinUr_LabQuim_92b952,PUR_IED_HolguinUr_LabQuim_92b952,,,,,
2026-09-12T01:11:10-05:00,PUR_IED_Isabel-II_Ext_5245cc,PUR_IED_Isabel-II_Ext_5245cc,12,18,60,4.6336,-74.153
2026-09-12T01:11:10-05:00,PUR_IED_Isabel-II_S_idiom_1c29aa,PUR_IED_Isabel-II_S_idiom_1c29aa,,,,,
2026-09-12T01:11:10-05:00,PUR_IED_Isabel-II_S_infor_fd741,PUR_IED_Isabel-II_S_infor_fd741,,,,,
2026-09-12T01:11:10-05:00,PUR_IED_IsidroSur_Exterio_5b90ea,PUR_IED_IsidroSur_Exterio_5b90ea,,,,,
2026-09-12T01:11:10-05:00,PUR_IED_IsidroSur_LabTec_56697a,PUR_IED_IsidroSur_LabTec_56697a,,,,,
2026-09-12T01:11:10-05:00,PUR_IED_IsidroSur_Robotic_b7c38f,PUR_IED_IsidroSur_Robotic_b7c38f,,,,,
2026-09-12T01:11:10-05:00,PUR_IED_IsmaelPerd_Ext_7b6672,PUR_IED_IsmaelPerd_Ext_7b6672,,,,,
2026-09-12T01:11:10-05:00,PUR_IED_IsmaelPerd_Inform_306540,PUR_IED_IsmaelPerd_Inform_306540,,,,,
2026-09-12T01:11:10-05:00,PUR_IED_IsmaelPerd_S30_2e2c83,PUR_IED_IsmaelPerd_S30_2e2c83,,,,,
2026-09-12T01:11:10-05:00,PUR_IED_JLozano_Exter_432910,PUR_IED_JLozano_Exter_432910,,,,,
2026-09-12T01:11:10-05:00,PUR_IED_JLozano_salaMulti_df5125,PUR_IED_JLozano_salaMulti_df5125,,,,,
2026-09-12T01:11:10-05:00,PUR_IED_JMCordoba_206_86f80b,PUR_IED_JMCordoba_206_86f80b,,,,,
2026-09-12T01:11:10-05:00,PUR_IED_JMCordoba_Ext_27ad97,PUR_IED_JMCordoba_Ext_27ad97,,,,,
2026-09-12T01:11:10-05:00,PUR_IED_JMCordoba_S310_d59ab4,PUR_IED_JMCordoba_S310_d59ab4,,,,,
2026-09-12T01:11:10-05:00,PUR_IED_Japon_Ext_549100,PUR_IED_Japon_Ext_549100,,,,,
2026-09-12T01:11:10-05:00,PUR_IED_Japon_Laboratorio_bec51d,PUR_IED_Japon_Laboratorio_bec51d,,,,,
2026-09-12T01:11:10-05:00,PUR_IED_Japon_informatica_d99327,PUR_IED_Japon_informatica_d99327,,,,,
2026-09-12T01:11:10-05:00,PUR_IED_Jazmin_Ext_d27bda,PUR_IED_Jazmin_Ext_d27bda,,,,,
2026-09-12T01:11:10-05:00,PUR_IED_Jazmin_Fisica_8d14d7,PUR_IED_Jazmin_Fisica_8d14d7,,,,,
2026-09-12T01:11:10-05:00,PUR_IED_Jazmin_Quimica_801cb5,PUR_IED_Jazmin_Quimica_801cb5,,,,,
2026-09-12T01:11:10-05:00,PUR_IED_JorgeGaitan_Exter_f098d1,PUR_IED_JorgeGaitan_Exter_f098d1,,,,,
2026-09-12T01:11:10-05:00,PUR_IED_JorgeGaitan_STec1_dc9d1d,PUR_IED_JorgeGaitan_STec1_dc9d1d,,,,,
2026-09-12T01:11:10-05:00,PUR_IED_JorgeGaitan_STec2_281e69,PUR_IED_JorgeGaitan_STec2_281e69,,,,,
2026-09-12T01:11:10-05:00,PUR_IED_JorgeSoto_Exterio_d9d0a2,PUR_IED_JorgeSoto_Exterio_d9d0a2,,,,,
2026-09-12T01:11:10-05:00,PUR_IED_JorgeSoto_LabFisi_209c54,PUR_IED_JorgeSoto_LabFisi_209c54,,,,,
2026-09-12T01:11:10-05:00,PUR_IED_JorgeSoto_S103_27b51a,PUR_IED_JorgeSoto_S103_27b51a,,,,,
2026-09-12T01:11:10-05:00,PUR_IED_JoseAcevedo_A02_e965eb,PUR_IED_JoseAcevedo_A02_e965eb,,,,,
2026-09-12T01:11:10-05:00,PUR_IED_JoseAcevedo_A07_dd5b4,PUR_IED_JoseAcevedo_A07_dd5b4,,,,,
2026-09-12T01:11:10-05:00,PUR_IED_JoseAcevedo_Ext_b47484,PUR_IED_JoseAcevedo_Ext_b47484,,,,,
2026-09-12T01:11:10-05:00,PUR_IED_JoseMarti_Exte_5b9bf,PUR_IED_JoseMarti_Exte_5b9bf,,,,,
2026-09-12T01:11:10-05:00,PUR_IED_JoseMarti_LabQuim_1c6c2d,PUR_IED_JoseMarti_LabQuim_1c6c2d,,,,,
2026-09-12T01:11:10-05:00,PUR_IED_JoseMarti_S_info_f5f177,PUR_IED_JoseMarti_S_info_f5f177,,,,,
2026-09-12T01:11:10-05:00,PUR_IED_Josejoaquin_Ext_dfc5dc,PUR_IED_Josejoaquin_Ext_dfc5dc,,,,,
2026-09-12T01:11:10-05:00,PUR_IED_Josejoaquin_S05_5b2a96,PUR_IED_Josejoaquin_S05_5b2a96,,,,,
2026-09-12T01:11:10-05:00,PUR_IED_Josejoaquin_S06_1ce7d2,PUR_IED_Josejoaquin_S06_1ce7d2,,,,,
2026-09-12T01:11:10-05:00,PUR_IED_JulioFlorez_Danza_9b82dd,PUR_IED_JulioFlorez_Danza_9b82dd,,,,,
2026-09-12T01:11:10-05:00,PUR_IED_JulioFlorez_Exter_f9f314,PUR_IED_JulioFlorez_Exter_f9f314,,,,,
2026-09-12T01:11:10-05:00,PUR_IED_JulioFlorez_info2_6b6e08,PUR_IED_JulioFlorez_info2_6b6e08,,,,,
2026-09-12T01:11:10-05:00,PUR_IED_LaBelleza_Aula13_1d00d8,PUR_IED_LaBelleza_Aula13_1d00d8,,,,,
2026-09-12T01:11:10-05:00,PUR_IED_LaBelleza_Ext_7bc08c,PUR_IED_LaBelleza_Ext_7bc08c,,,,,
2026-09-12T01:11:10-05:00,PUR_IED_LaChucua_Ext_8cd6d2,PUR_IED_LaChucua_Ext_8cd6d2,,,,,
2026-09-12T01:11:10-05:00,PUR_IED_LaChucua_S15_f578ce,PUR_IED_LaChucua_S15_f578ce,,,,,
2026-09-12T01:11:10-05:00,PUR_IED_LaChucua_S16_eebcf9,PUR_IED_LaChucua_S16_eebcf9,,,,,
2026-09-12T01:11:10-05:00,PUR_IED_LaFelicidad_Ext_fb5109,PUR_IED_LaFelicidad_Ext_fb5109,,,,,
2026-09-12T01:11:10-05:00,PUR_IED_LaMerced_206_66ebd,PUR_IED_LaMerced_206_66ebd,,,,,
2026-09-12T01:11:10-05:00,PUR_IED_LaMerced_207_6ebd6,PUR_IED_LaMerced_207_6ebd6,,,,,
2026-09-12T01:11:10-05:00,PUR_IED_LaMerced_ext_304311,PUR_IED_LaMerced_ext_304311,,,,,
2026-09-12T01:11:10-05:00,PUR_IED_Laureano_CiencNat_281e5e,PUR_IED_Laureano_CiencNat_281e5e,,,,,
2026-09-12T01:11:10-05:00,PUR_IED_Laureano_Comedor_f65c0a,PUR_IED_Laureano_Comedor_f65c0a,,,,,
2026-09-12T01:11:10-05:00,PUR_IED_Laureano_Exterior_7ab011,PUR_IED_Laureano_Exterior_7ab011,,,,,
2026-09-12T01:11:10-05:00,PUR_IED_LeonGreiff_Exte_dfe560,PUR_IED_LeonGreiff_Exte_dfe560,,,,,
2026-09-12T01:11:10-05:00,PUR_IED_LeonGreiff_S210_f264ed,PUR_IED_LeonGreiff_S210_f264ed,,,,,
2026-09-12T01:11:10-05:00,PUR_IED_LeonGreiff_SQuimi_e8296f,PUR_IED_LeonGreiff_SQuimi_e8296f,,,,,
2026-09-12T01:11:10-05:00,PUR_IED_LlanoOrientalS208_7b9fcd,PUR_IED_LlanoOrientalS208_7b9fcd,,,,,
2026-09-12T01:11:10-05:00,PUR_IED_LlanoOriental_Ext_fb3766,PUR_IED_LlanoOriental_Ext_fb3766,,,,,
2026-09-12T01:11:10-05:00,PUR_IED_LlanoOriental_S208_7b9fcd,PUR_IED_LlanoOriental_S208_7b9fcd,,,,,
2026-09-12T01:11:10-05:00,PUR_IED_LlanoOriental_S9_27b378,PUR_IED_LlanoOriental_S9_27b378,,,,,
2026-09-12T01:11:10-05:00,PUR_IED_LosTejares_1101_477602,PUR_IED_LosTejares_1101_477602,,,,,
2026-09-12T01:11:10-05:00,PUR_IED_LosTejares_11_d2c595,PUR_IED_LosTejares_11_d2c595,,,,,
2026-09-12T01:11:10-05:00,PUR_IED_LosTejares_12_477602,PUR_IED_LosTejares_12_477602,,,,,
2026-09-12T01:11:10-05:00,PUR_IED_LosTejares_Ext_8e2115,PUR_IED_LosTejares_Ext_8e2115,,,,,
2026-09-12T01:11:10-05:00,PUR_IED_MagdalenaO_B202_5ddda3,PUR_IED_MagdalenaO_B202_5ddda3,,,,,
2026-09-12T01:11:10-05:00,PUR_IED_MagdalenaO_B205_fb76e8,PUR_IED_MagdalenaO_B205_fb76e8,,,,,
2026-09-12T01:11:10-05:00,PUR_IED_MagdalenaO_ext_dc69cd,PUR_IED_MagdalenaO_ext_dc69cd,,,,,
2026-09-12T01:11:10-05:00,PUR_IED_ManueCepeda_artes_eee956,PUR_IED_ManueCepeda_artes_eee956,,,,,
2026-09-12T01:11:10-05:00,PUR_IED_ManuelCepeda_Ext_58313,PUR_IED_ManuelCepeda_Ext_58313,,,,,
2026-09-12T01:11:10-05:00,PUR_IED_ManuelCepeda_tec_1c5731,PUR_IED_ManuelCepeda_tec_1c5731,,,,,
2026-09-12T01:11:10-05:00,PUR_IED_ManuelS_Exterior_5b269,PUR_IED_ManuelS_Exterior_5b269,,,,,
2026-09-12T01:11:10-05:00,PUR_IED_ManuelS_Inform_f369ce,PUR_IED_ManuelS_Inform_f369ce,,,,,
2026-09-12T01:11:10-05:00,PUR_IED_ManuelS_SArtes_7d15f1,PUR_IED_ManuelS_SArtes_7d15f1,,,,,
2026-09-12T01:11:10-05:00,PUR_IED_ManuelZapata_303_3ca6,PUR_IED_ManuelZapata_303_3ca6,,,,,
2026-09-12T01:11:10-05:00,PUR_IED_ManuelZapata_311_bfbabc,PUR_IED_ManuelZapata_311_bfbabc,,,,,
2026-09-12T01:11:10-05:00,PUR_IED_ManuelZapata_Ext_50824a,PUR_IED_ManuelZapata_Ext_50824a,,,,,
2026-09-12T01:11:10-05:00,PUR_IED_ManuelitaS_Exteri_656a92,PUR_IED_ManuelitaS_Exteri_656a92,,,,,
2026-09-12T01:11:10-05:00,PUR_IED_ManuelitaS_JuzgDe_f58ec3,PUR_IED_ManuelitaS_JuzgDe_f58ec3,,,,,
2026-09-12T01:11:10-05:00,PUR_IED_ManuelitaS_Recrea_d793db,PUR_IED_ManuelitaS_Recrea_d793db,,,,,
2026-09-12T01:11:10-05:00,PUR_IED_MarFidSuarez_Ext_c27b19,PUR_IED_MarFidSuarez_Ext_c27b19,,,,,
2026-09-12T01:11:10-05:00,PUR_IED_MarFidSuarez_Info_e384d7,PUR_IED_MarFidSuarez_Info_e384d7,,,,,
2026-09-12T01:11:10-05:00,PUR_IED_MarFidSuarez_S306_1d0032,PUR_IED_MarFidSuarez_S306_1d0032,,,,,
2026-09-12T01:11:10-05:00,PUR_IED_Menorah_301_2a25a3,PUR_IED_Menorah_301_2a25a3,,,,,
2026-09-12T01:11:10-05:00,PUR_IED_Menorah_306_37ed3,PUR_IED_Menorah_306_37ed3,,,,,
2026-09-12T01:11:10-05:00,PUR_IED_Menorah_Ext_3e155b,PUR_IED_Menorah_Ext_3e155b,,,,,
2026-09-12T01:11:10-05:00,PUR_IED_MinutoB.Aires_A11_1b1604,PUR_IED_MinutoB.Aires_A11_1b1604,,,,,
2026-09-12T01:11:10-05:00,PUR_IED_MinutoB.Aires_A12_fb5860,PUR_IED_MinutoB.Aires_A12_fb5860,,,,,
2026-09-12T01:11:10-05:00,PUR_IED_MinutoB.Aires_Ext_81293f,PUR_IED_MinutoB.Aires_Ext_81293f,,,,,
2026-09-12T01:11:10-05:00,PUR_IED_MinutoBAires_A11_1b1604,PUR_IED_MinutoBAires_A11_1b1604,,,,,
2026-09-12T01:11:10-05:00,PUR_IED_MinutoBAires_A12_fb5860,PUR_IED_MinutoBAires_A12_fb5860,,,,,
2026-09-12T01:11:10-05:00,PUR_IED_MinutoBAires_Ext_81293f,PUR_IED_MinutoBAires_Ext_81293f,,,,,
2026-09-12T01:11:10-05:00,PUR_IED_Montreal_Aula10_1e4959,PUR_IED_Montreal_Aula10_1e4959,,,,,
2026-09-12T01:11:10-05:00,PUR_IED_Montreal_Aula6_300367,PUR_IED_Montreal_Aula6_300367,,,,,
2026-09-12T01:11:10-05:00,PUR_IED_Montreal_Exterior_91a179,PUR_IED_Montreal_Exterior_91a179,,,,,
2026-09-12T01:11:10-05:00,PUR_IED_Mqgdalena_B202_5ddda3,PUR_IED_Mqgdalena_B202_5ddda3,,,,,
2026-09-12T01:11:10-05:00,PUR_IED_NACUND_Soc_dc8728,PUR_IED_NACUND_Soc_dc8728,,,,,
2026-09-12T01:11:10-05:00,PUR_IED_NACUND_ext_27ad97,PUR_IED_NACUND_ext_27ad97,,,,,
2026-09-12T01:11:10-05:00,PUR_IED_NEsperanza_Ext_d24b61,PUR_IED_NEsperanza_Ext_d24b61,,,,,
2026-09-12T01:11:10-05:00,PUR_IED_NEsperanza_SElect_7d1807,PUR_IED_NEsperanza_SElect_7d1807,,,,,
2026-09-12T01:11:10-05:00,PUR_IED_NEsperanza_SLabor_8b2d0a,PUR_IED_NEsperanza_SLabor_8b2d0a,,,,,
2026-09-12T01:11:10-05:00,PUR_IED_NacionesU_Ext_f661a9,PUR_IED_NacionesU_Ext_f661a9,,,,,
2026-09-12T01:11:10-05:00,PUR_IED_NacionesU_Quimica_66f0a,PUR_IED_NacionesU_Quimica_66f0a,,,,,
2026-09-12T01:11:10-05:00,PUR_IED_NacionesU_S306_1b4b3d,PUR_IED_NacionesU_S306_1b4b3d,,,,,
2026-09-12T01:11:10-05:00,PUR_IED_NestorFA_Ext_e4201c,PUR_IED_NestorFA_Ext_e4201c,,,,,
2026-09-12T01:11:10-05:00,PUR_IED_NestorFA_Laborato_f22fe0,PUR_IED_NestorFA_Laborato_f22fe0,,,,,
2026-09-12T01:11:10-05:00,PUR_IED_NestorFA_S204_dee996,PUR_IED_NestorFA_S204_dee996,,,,,
2026-09-12T01:11:10-05:00,PUR_IED_NidyaQT_Aula03_76999b,PUR_IED_NidyaQT_Aula03_76999b,,,,,
2026-09-12T01:11:10-05:00,PUR_IED_NidyaQT_Aula10_56325,PUR_IED_NidyaQT_Aula10_56325,,,,,
2026-09-12T01:11:10-05:00,PUR_IED_NidyaQT_Ext_46e32d,PUR_IED_NidyaQT_Ext_46e32d,,,,,
2026-09-12T01:11:10-05:00,PUR_IED_NuevaCol_Exterior_d9b859,PUR_IED_NuevaCol_Exterior_d9b859,,,,,
2026-09-12T01:11:10-05:00,PUR_IED_NuevaCol_S1101_76c43b,PUR_IED_NuevaCol_S1101_76c43b,,,,,
2026-09-12T01:11:10-05:00,PUR_IED_NuevaCol_S1102_1ce0b5,PUR_IED_NuevaCol_S1102_1ce0b5,,,,,
2026-09-12T01:11:10-05:00,PUR_IED_OEA_A202_f7e3f2,PUR_IED_OEA_A202_f7e3f2,,,,,
2026-09-12T01:11:10-05:00,PUR_IED_OEA_A203_7d1b8d,PUR_IED_OEA_A203_7d1b8d,,,,,
2026-09-12T01:11:10-05:00,PUR_IED_OEA_Ext_27b593,PUR_IED_OEA_Ext_27b593,,,,,
2026-09-12T01:11:10-05:00,PUR_IED_Ochoa_Ext_1c29da,PUR_IED_Ochoa_Ext_1c29da,,,,,
2026-09-12T01:11:10-05:00,PUR_IED_Ochoa_S205_8b1121,PUR_IED_Ochoa_S205_8b1121,,,,,
2026-09-12T01:11:10-05:00,PUR_IED_Ochoa_Sistemas_f33af6,PUR_IED_Ochoa_Sistemas_f33af6,,,,,
2026-09-12T01:11:10-05:00,PUR_IED_PQuebec_Ext_1c67c7,PUR_IED_PQuebec_Ext_1c67c7,,,,,
2026-09-12T01:11:10-05:00,PUR_IED_PQuebec_S15_23e8e2,PUR_IED_PQuebec_S15_23e8e2,,,,,
2026-09-12T01:11:10-05:00,PUR_IED_PQuebec_S16_8ec76b,PUR_IED_PQuebec_S16_8ec76b,,,,,
2026-09-12T01:11:10-05:00,PUR_IED_PabloN_Ext_49dc96,PUR_IED_PabloN_Ext_49dc96,,,,,
2026-09-12T01:11:10-05:00,PUR_IED_PabloN_S1102_4e3df5,PUR_IED_PabloN_S1102_4e3df5,,,,,
2026-09-12T01:11:10-05:00,PUR_IED_PabloN_S1103_50c94b,PUR_IED_PabloN_S1103_50c94b,,,,,
2026-09-12T01:11:10-05:00,PUR_IED_Palestina_S1101_db9198,PUR_IED_Palestina_S1101_db9198,,,,,
2026-09-12T01:11:10-05:00,PUR_IED_Palestina_S1102_dc54fa,PUR_IED_Palestina_S1102_dc54fa,,,,,
2026-09-12T01:11:10-05:00,PUR_IED_Palestina_ext_4ccce6,PUR_IED_Palestina_ext_4ccce6,,,,,
2026-09-12T01:11:10-05:00,PUR_IED_Panama_Fisica_4d0794,PUR_IED_Panama_Fisica_4d0794,,,,,
2026-09-12T01:11:10-05:00,PUR_IED_Panama_SIngles_a4077e,PUR_IED_Panama_SIngles_a4077e,,,,,
2026-09-12T01:11:10-05:00,PUR_IED_Panama_ext_4c54b4,PUR_IED_Panama_ext_4c54b4,,,,,
2026-09-12T01:11:10-05:00,PUR_IED_ParaisoM_Exterior_8cd7f0,PUR_IED_ParaisoM_Exterior_8cd7f0,,,,,
2026-09-12T01:11:10-05:00,PUR_IED_ParaisoM_Laborato_27af35,PUR_IED_ParaisoM_Laborato_27af35,,,,,
2026-09-12T01:11:10-05:00,PUR_IED_ParaisoM_S304_d1edca,PUR_IED_ParaisoM_S304_d1edca,,,,,
2026-09-12T01:11:10-05:00,PUR_IED_PorfirioBarba_Ext_301466,PUR_IED_PorfirioBarba_Ext_301466,,,,,
2026-09-12T01:11:10-05:00,PUR_IED_PorfirioBarba_S11_df6cd2,PUR_IED_PorfirioBarba_S11_df6cd2,,,,,
2026-09-12T01:11:10-05:00,PUR_IED_PorfirioBarba_S29_27a7d6,PUR_IED_PorfirioBarba_S29_27a7d6,,,,,
2026-09-12T01:11:10-05:00,PUR_IED_PradoV_Exter_8b27ad,PUR_IED_PradoV_Exter_8b27ad,,,,,
2026-09-12T01:11:10-05:00,PUR_IED_PradoV_S301_de65b5,PUR_IED_PradoV_S301_de65b5,,,,,
2026-09-12T01:11:10-05:00,PUR_IED_PradoV_S302_7d2593,PUR_IED_PradoV_S302_7d2593,,,,,
2026-09-12T01:11:10-05:00,PUR_IED_QuirogaAlz_Ext_1ddc82,PUR_IED_QuirogaAlz_Ext_1ddc82,,,,,
2026-09-12T01:11:10-05:00,PUR_IED_QuirogaAlz_S302_9926a3,PUR_IED_QuirogaAlz_S302_9926a3,,,,,
2026-09-12T01:11:10-05:00,PUR_IED_QuirogaAlz_S305_cdf1f1,PUR_IED_QuirogaAlz_S305_cdf1f1,,,,,
2026-09-12T01:11:10-05:00,PUR_IED_RGuatemala_Biling_dc53b7,PUR_IED_RGuatemala_Biling_dc53b7,,,,,
2026-09-12T01:11:10-05:00,PUR_IED_RGuatemala_Ext_1b89a3,PUR_IED_RGuatemala_Ext_1b89a3,,,,,
2026-09-12T01:11:10-05:00,PUR_IED_RGuatemala_Tecnol_281a34,PUR_IED_RGuatemala_Tecnol_281a34,,,,,
2026-09-12T01:11:10-05:00,PUR_IED_RafaNu_Ext_f7c302,PUR_IED_RafaNu_Ext_f7c302,,,,,
2026-09-12T01:11:10-05:00,PUR_IED_RafaNu_S1101_25fde,PUR_IED_RafaNu_S1101_25fde,,,,,
2026-09-12T01:11:10-05:00,PUR_IED_RafaNu_S1102_281517,PUR_IED_RafaNu_S1102_281517,,,,,
2026-09-12T01:11:10-05:00,PUR_IED_RafaelB_S305_ee2783,PUR_IED_RafaelB_S305_ee2783,,,,,
2026-09-12T01:11:10-05:00,PUR_IED_RafaelB_S306_75fe33,PUR_IED_RafaelB_S306_75fe33,,,,,
2026-09-12T01:11:10-05:00,PUR_IED_RafaelB_ext_283336,PUR_IED_RafaelB_ext_283336,3,18,59,4.6722,-74.0737
2026-09-12T01:11:10-05:00,PUR_IED_RafaelUU_Exterior_281a51,PUR_IED_RafaelUU_Exterior_281a51,,,,,
2026-09-12T01:11:10-05:00,PUR_IED_RafaelUU_Human_806b2,PUR_IED_RafaelUU_Human_806b2,,,,,
2026-09-12T01:11:10-05:00,PUR_IED_RafaelUU_Mate2_5680d4,PUR_IED_RafaelUU_Mate2_5680d4,,,,,
2026-09-12T01:11:10-05:00,PUR_IED_RamonSub_Ext_f9eeb9,PUR_IED_RamonSub_Ext_f9eeb9,,,,,
2026-09-12T01:11:10-05:00,PUR_IED_RamonSub_Media_d1f62f,PUR_IED_RamonSub_Media_d1f62f,,,,,
2026-09-12T01:11:10-05:00,PUR_IED_RamonSub_planta_51b82,PUR_IED_RamonSub_planta_51b82,,,,,
2026-09-12T01:11:10-05:00,PUR_IED_RepBoliVene_Exter_27af7c,PUR_IED_RepBoliVene_Exter_27af7c,,,,,
2026-09-12T01:11:10-05:00,PUR_IED_RepBoliVene_SCPT_5ae2ee,PUR_IED_RepBoliVene_SCPT_5ae2ee,,,,,
2026-09-12T01:11:10-05:00,PUR_IED_RepBoliVene_Socia_4b11d5,PUR_IED_RepBoliVene_Socia_4b11d5,,,,,
2026-09-12T01:11:10-05:00,PUR_IED_RepChina_Ext_76d9ee,PUR_IED_RepChina_Ext_76d9ee,,,,,
2026-09-12T01:11:10-05:00,PUR_IED_RepChina_S404_7c804c,PUR_IED_RepChina_S404_7c804c,,,,,
2026-09-12T01:11:10-05:00,PUR_IED_RepChina_S405_df2c33,PUR_IED_RepChina_S405_df2c33,,,,,
2026-09-12T01:11:10-05:00,PUR_IED_RepublicaC_Exteri_7d1ec9,PUR_IED_RepublicaC_Exteri_7d1ec9,,,,,
2026-09-12T01:11:10-05:00,PUR_IED_RepublicaC_S1101_f544b3,PUR_IED_RepublicaC_S1101_f544b3,,,,,
2026-09-12T01:11:10-05:00,PUR_IED_RepublicaC_S1102_7aafc7,PUR_IED_RepublicaC_S1102_7aafc7,,,,,
2026-09-12T01:11:10-05:00,PUR_IED_Ricaurte_Externo_a0ea1,PUR_IED_Ricaurte_Externo_a0ea1,,,,,
2026-09-12T01:11:10-05:00,PUR_IED_Ricaurte_S210_f546fd,PUR_IED_Ricaurte_S210_f546fd,,,,,
2026-09-12T01:11:10-05:00,PUR_IED_Ricaurte_S309_d4452,PUR_IED_Ricaurte_S309_d4452,,,,,
2026-09-12T01:11:10-05:00,PUR_IED_RogelioS_1102_531e69,PUR_IED_RogelioS_1102_531e69,,,,,
2026-09-12T01:11:10-05:00,PUR_IED_RogelioS_Ext_f25a18,PUR_IED_RogelioS_Ext_f25a18,,,,,
2026-09-12T01:11:10-05:00,PUR_IED_SBernardino_Ext_27aff8,PUR_IED_SBernardino_Ext_27aff8,,,,,
2026-09-12T01:11:10-05:00,PUR_IED_SBernardino_SArte_2ffd33,PUR_IED_SBernardino_SArte_2ffd33,,,,,
2026-09-12T01:11:10-05:00,PUR_IED_SBernardino_SIngl_7c7da5,PUR_IED_SBernardino_SIngl_7c7da5,,,,,
2026-09-12T01:11:10-05:00,PUR_IED_Sago_auditorio_dc9d1d,PUR_IED_Sago_auditorio_dc9d1d,,,,,
2026-09-12T01:11:10-05:00,PUR_IED_Saludcoop_Ext_95aac3,PUR_IED_Saludcoop_Ext_95aac3,,,,,
2026-09-12T01:11:10-05:00,PUR_IED_Saludcoop_InfI_90c854,PUR_IED_Saludcoop_InfI_90c854,,,,,
2026-09-12T01:11:10-05:00,PUR_IED_Saludcoop_SMedia_1b93be,PUR_IED_Saludcoop_SMedia_1b93be,,,,,
2026-09-12T01:11:10-05:00,PUR_IED_SanCarlos_1101_1a2360,PUR_IED_SanCarlos_1101_1a2360,,,,,
2026-09-12T01:11:10-05:00,PUR_IED_SanCarlos_1103_7bafb5,PUR_IED_SanCarlos_1103_7bafb5,,,,,
2026-09-12T01:11:10-05:00,PUR_IED_SanCarlos_Ext_b7cd1,PUR_IED_SanCarlos_Ext_b7cd1,,,,,
2026-09-12T01:11:10-05:00,PUR_IED_SanIgnacioBosa11a_50c26e,PUR_IED_SanIgnacioBosa11a_50c26e,,,,,
2026-09-12T01:11:10-05:00,PUR_IED_SanIgnacioBosa11b_371de8,PUR_IED_SanIgnacioBosa11b_371de8,,,,,
2026-09-12T01:11:10-05:00,PUR_IED_SanIgnacioBosaExt_ef0ffc,PUR_IED_SanIgnacioBosaExt_ef0ffc,,,,,
2026-09-12T01:11:10-05:00,PUR_IED_SanIgnacioBosa_11a_50c26e,PUR_IED_SanIgnacioBosa_11a_50c26e,,,,,
2026-09-12T01:11:10-05:00,PUR_IED_SanIgnacioBosa_Ext_ef0ffc,PUR_IED_SanIgnacioBosa_Ext_ef0ffc,,,,,
2026-09-12T01:11:10-05:00,PUR_IED_SanJoseN_intS1101_31c47f,PUR_IED_SanJoseN_intS1101_31c47f,,,,,
2026-09-12T01:11:10-05:00,PUR_IED_SanJoseUsm_Exter_f5d7e8,PUR_IED_SanJoseUsm_Exter_f5d7e8,,,,,
2026-09-12T01:11:10-05:00,PUR_IED_SanJoseUsm_Int11A_cfdef6,PUR_IED_SanJoseUsm_Int11A_cfdef6,,,,,
2026-09-12T01:11:10-05:00,PUR_IED_SilveriaR_IntB5_905349,PUR_IED_SilveriaR_IntB5_905349,,,,,
2026-09-12T01:11:10-05:00,PUR_IED_SilveriaR_IntSD14_981f93,PUR_IED_SilveriaR_IntSD14_981f93,,,,,
2026-09-12T01:11:10-05:00,PUR_IED_SilveriaR_ext_2b651d,PUR_IED_SilveriaR_ext_2b651d,,,,,
2026-09-12T01:11:10-05:00,PUR_IED_SimonB_Exterior_913975,PUR_IED_SimonB_Exterior_913975,,,,,
2026-09-12T01:11:10-05:00,PUR_IED_SimonB_LabQuimi_c56908,PUR_IED_SimonB_LabQuimi_c56908,,,,,
2026-09-12T01:11:10-05:00,PUR_IED_SimonB_informatic_a28c1,PUR_IED_SimonB_informatic_a28c1,,,,,
2026-09-12T01:11:10-05:00,PUR_IED_Sorrento_1102_315f50,PUR_IED_Sorrento_1102_315f50,,,,,
2026-09-12T01:11:10-05:00,PUR_IED_Sorrento_Minte_214eab,PUR_IED_Sorrento_Minte_214eab,,,,,
2026-09-12T01:11:10-05:00,PUR_IED_Sorrento_ext_7c3a0a,PUR_IED_Sorrento_ext_7c3a0a,,,,,
2026-09-12T01:11:10-05:00,PUR_IED_Tabora_Ext_f048ae,PUR_IED_Tabora_Ext_f048ae,,,,,
2026-09-12T01:11:10-05:00,PUR_IED_Tabora_S1102_b07752,PUR_IED_Tabora_S1102_b07752,,,,,
2026-09-12T01:11:10-05:00,PUR_IED_Tabora_S1103_d988f5,PUR_IED_Tabora_S1103_d988f5,,,,,
2026-09-12T01:11:10-05:00,PUR_IED_Tenerife_Ext_1ab188,PUR_IED_Tenerife_Ext_1ab188,,,,,
2026-09-12T01:11:10-05:00,PUR_IED_Tenerife_SDanzas_7bc02e,PUR_IED_Tenerife_SDanzas_7bc02e,,,,,
2026-09-12T01:11:10-05:00,PUR_IED_Tenerife_SIngles_7cc277,PUR_IED_Tenerife_SIngles_7cc277,,,,,
2026-09-12T01:11:10-05:00,PUR_IED_Tibabuyes_Exter_f2683d,PUR_IED_Tibabuyes_Exter_f2683d,,,,,
2026-09-12T01:11:10-05:00,PUR_IED_Tibabuyes_S10_dc87a8,PUR_IED_Tibabuyes_S10_dc87a8,,,,,
2026-09-12T01:11:10-05:00,PUR_IED_Tibabuyes_S15_dc0526,PUR_IED_Tibabuyes_S15_dc0526,,,,,
2026-09-12T01:11:10-05:00,PUR_IED_UnionE_S301_a1043,PUR_IED_UnionE_S301_a1043,,,,,
2026-09-12T01:11:10-05:00,PUR_IED_UnionE_S307_ff6c2f,PUR_IED_UnionE_S307_ff6c2f,,,,,
2026-09-12T01:11:10-05:00,PUR_IED_UnionE__Ext_5e2468,PUR_IED_UnionE__Ext_5e2468,,,,,
2026-09-12T01:11:10-05:00,PUR_IED_VillaRica_Ext_75be7c,PUR_IED_VillaRica_Ext_75be7c,,,,,
2026-09-12T01:11:10-05:00,PUR_IED_VillaRica_S4_cc5dcd,PUR_IED_VillaRica_S4_cc5dcd,,,,,
2026-09-12T01:11:10-05:00,PUR_IED_VillaRica_Sesp_99f5c,PUR_IED_VillaRica_Sesp_99f5c,,,,,
2026-09-12T01:16:06-05:00,PUR_IED_20deJulio_1101_91b1b9,PUR_IED_20deJulio_1101_91b1b9,,,,,
2026-09-12T01:16:06-05:00,PUR_IED_20deJulio_1102_1cfcf9,PUR_IED_20deJulio_1102_1cfcf9,,,,,
2026-09-12T01:16:06-05:00,PUR_IED_20deJulio_Ext_ab60bd,PUR_IED_20deJulio_Ext_ab60bd,,,,,
2026-09-12T01:16:06-05:00,PUR_IED_AgustinFer_Ext_7b9b77,PUR_IED_AgustinFer_Ext_7b9b77,,,,,
2026-09-12T01:16:06-05:00,PUR_IED_AgustinFer_Info2_27b3a7,PUR_IED_AgustinFer_Info2_27b3a7,,,,,
2026-09-12T01:16:06-05:00,PUR_IED_AgustinFer_Sena_54b4eb,PUR_IED_AgustinFer_Sena_54b4eb,,,,,
2026-09-12T01:16:06-05:00,PUR_IED_AlexanderF_1102_caf07b,PUR_IED_AlexanderF_1102_caf07b,,,,,
2026-09-12T01:16:06-05:00,PUR_IED_AlexanderF_1103_c79e71,PUR_IED_AlexanderF_1103_c79e71,,,,,
2026-09-12T01:16:06-05:00,PUR_IED_AlexanderF_Ext_c5b18b,PUR_IED_AlexanderF_Ext_c5b18b,,,,,
2026-09-12T01:16:06-05:00,PUR_IED_AlfonsoLopez_Ext_281d77,PUR_IED_AlfonsoLopez_Ext_281d77,,,,,
2026-09-12T01:16:06-05:00,PUR_IED_AlfonsoLopez_LabF_888ce0,PUR_IED_AlfonsoLopez_LabF_888ce0,,,,,
2026-09-12T01:16:06-05:00,PUR_IED_AlfonsoLopez_SMed_df6a7f,PUR_IED_AlfonsoLopez_SMed_df6a7f,,,,,
2026-09-12T01:16:06-05:00,PUR_IED_AltamiraSO_A2_209f92,PUR_IED_AltamiraSO_A2_209f92,,,,,
2026-09-12T01:16:06-05:00,PUR_IED_AltamiraSO_Ext_186d66,PUR_IED_AltamiraSO_Ext_186d66,,,,,
2026-09-12T01:16:06-05:00,PUR_IED_AltamiraSO_Sistem_27afe1,PUR_IED_AltamiraSO_Sistem_27afe1,,,,,
2026-09-12T01:16:06-05:00,PUR_IED_AlvaroGom_LabQuim_813179,PUR_IED_AlvaroGom_LabQuim_813179,,,,,
2026-09-12T01:16:06-05:00,PUR_IED_AlvaroGomez_Ext_47c7ca,PUR_IED_AlvaroGomez_Ext_47c7ca,,,,,
2026-09-12T01:16:06-05:00,PUR_IED_AlvaroGomez_LabQuim_813179,PUR_IED_AlvaroGomez_LabQuim_813179,,,,,
2026-09-12T01:16:06-05:00,PUR_IED_AlvaroGomez_S23_7ba89f,PUR_IED_AlvaroGomez_S23_7ba89f,,,,,
2026-09-12T01:16:06-05:00,PUR_IED_Amistad_306_dc8728,PUR_IED_Amistad_306_dc8728,,,,,
2026-09-12T01:16:06-05:00,PUR_IED_Amistad_Ext_8cd55e,PUR_IED_Amistad_Ext_8cd55e,,,,,
2026-09-12T01:16:06-05:00,PUR_IED_Amistad_S202_a41169,PUR_IED_Amistad_S202_a41169,,,,,
2026-09-12T01:16:06-05:00,PUR_IED_AndresBello_Bio_fd5f5e,PUR_IED_AndresBello_Bio_fd5f5e,,,,,
2026-09-12T01:16:06-05:00,PUR_IED_AndresBello_ext_dcad65,PUR_IED_AndresBello_ext_dcad65,,,,,
2026-09-12T01:16:06-05:00,PUR_IED_AndresBello_port_eed3ec,PUR_IED_AndresBello_port_eed3ec,,,,,
2026-09-12T01:16:06-05:00,PUR_IED_AngelaR_11b_d90a6b,PUR_IED_AngelaR_11b_d90a6b,,,,,
2026-09-12T01:16:06-05:00,PUR_IED_AngelaR_ext_7cad3e,PUR_IED_AngelaR_ext_7cad3e,11,20,60,4.5825,-74.164497
2026-09-12T01:16:06-05:00,PUR_IED_AntJoseSucre_10mo_df2575,PUR_IED_AntJoseSucre_10mo_df2575,,,,,
2026-09-12T01:16:06-05:00,PUR_IED_AntJoseSucre_Ext_215b36,PUR_IED_AntJoseSucre_Ext_215b36,,,,,
2026-09-12T01:16:06-05:00,PUR_IED_AntJoseSucre_Lab_3139de,PUR_IED_AntJoseSucre_Lab_3139de,,,,,
2026-09-12T01:16:06-05:00,PUR_IED_AntonioGarcia_301_d6b188,PUR_IED_AntonioGarcia_301_d6b188,,,,,
2026-09-12T01:16:06-05:00,PUR_IED_AntonioGarcia_302_88a82,PUR_IED_AntonioGarcia_302_88a82,,,,,
2026-09-12T01:16:06-05:00,PUR_IED_AntonioGarcia_Ext_20950c,PUR_IED_AntonioGarcia_Ext_20950c,,,,,
2026-09-12T01:16:06-05:00,PUR_IED_AntonioVan_Aula2_6dea02,PUR_IED_AntonioVan_Aula2_6dea02,,,,,
2026-09-12T01:16:06-05:00,PUR_IED_AntonioVan_Aula5_f1557e,PUR_IED_AntonioVan_Aula5_f1557e,,,,,
2026-09-12T01:16:06-05:00,PUR_IED_AntonioVan_Ext_406f2f,PUR_IED_AntonioVan_Ext_406f2f,,,,,
2026-09-12T01:16:06-05:00,PUR_IED_Atabanzha_Ext_cc5af9,PUR_IED_Atabanzha_Ext_cc5af9,,,,,
2026-09-12T01:16:06-05:00,PUR_IED_Atabanzha_SA101_56c37,PUR_IED_Atabanzha_SA101_56c37,,,,,
2026-09-12T01:16:06-05:00,PUR_IED_Atabanzha_SB302_27b374,PUR_IED_Atabanzha_SB302_27b374,,,,,
2026-09-12T01:16:06-05:00,PUR_IED_Atahualpa_Ext_fc1748,PUR_IED_Atahualpa_Ext_fc1748,,,,,
2026-09-12T01:16:06-05:00,PUR_IED_Atahualpa_Informa_dc9a95,PUR_IED_Atahualpa_Informa_dc9a95,,,,,
2026-09-12T01:16:06-05:00,PUR_IED_Atahualpa_S1101_f98056,PUR_IED_Atahualpa_S1101_f98056,,,,,
2026-09-12T01:16:06-05:00,PUR_IED_Bellavista_Ext_f5aa74,PUR_IED_Bellavista_Ext_f5aa74,,,,,
2026-09-12T01:16:06-05:00,PUR_IED_Bilbao_11A_916c41,PUR_IED_Bilbao_11A_916c41,,,,,
2026-09-12T01:16:06-05:00,PUR_IED_Bilbao_Ext_fb579a,PUR_IED_Bilbao_Ext_fb579a,,,,,
2026-09-12T01:16:06-05:00,PUR_IED_BrasiliaU_A125_304280,PUR_IED_BrasiliaU_A125_304280,,,,,
2026-09-12T01:16:06-05:00,PUR_IED_BrasiliaU_A203_7c8ca5,PUR_IED_BrasiliaU_A203_7c8ca5,,,,,
2026-09-12T01:16:06-05:00,PUR_IED_BrasiliaU_Ext_8d6e9f,PUR_IED_BrasiliaU_Ext_8d6e9f,4,17,63,4.5175,-74.116302
2026-09-12T01:16:06-05:00,PUR_IED_Brasilia_Ext_fe6593,PUR_IED_Brasilia_Ext_fe6593,,,,,
2026-09-12T01:16:06-05:00,PUR_IED_Brasilia_S24_7c130d,PUR_IED_Brasilia_S24_7c130d,,,,,
2026-09-12T01:16:06-05:00,PUR_IED_Brasilia_S501_186a54,PUR_IED_Brasilia_S501_186a54,,,,,
2026-09-12T01:16:06-05:00,PUR_IED_CHARRY_EXT_f1d5cd,PUR_IED_CHARRY_EXT_f1d5cd,,,,,
2026-09-12T01:16:06-05:00,PUR_IED_CHARRY_INTDANZAS_7a08e6,PUR_IED_CHARRY_INTDANZAS_7a08e6,,,,,
2026-09-12T01:16:06-05:00,PUR_IED_CHARRY_INT_AULA20_dc998d,PUR_IED_CHARRY_INT_AULA20_dc998d,,,,,
2026-09-12T01:16:06-05:00,PUR_IED_COLVIV_1101_S25_7f520a,PUR_IED_COLVIV_1101_S25_7f520a,,,,,
2026-09-12T01:16:06-05:00,PUR_IED_COLVIV_1102_S16_f570ba,PUR_IED_COLVIV_1102_S16_f570ba,,,,,
2026-09-12T01:16:06-05:00,PUR_IED_COLVIV_Ext_1a26fa,PUR_IED_COLVIV_Ext_1a26fa,,,,,
2026-09-12T01:16:06-05:00,PUR_IED_CULPOP_301A_f660f3,PUR_IED_CULPOP_301A_f660f3,,,,,
2026-09-12T01:16:06-05:00,PUR_IED_CULPOP_303_568afe,PUR_IED_CULPOP_303_568afe,,,,,
2026-09-12T01:16:06-05:00,PUR_IED_CULPOP_Ext_e02ccb,PUR_IED_CULPOP_Ext_e02ccb,,,,,
2026-09-12T01:16:06-05:00,PUR_IED_CVillavicen_Ext_26eb58,PUR_IED_CVillavicen_Ext_26eb58,5,15,78,4.487,-74.102798
2026-09-12T01:16:06-05:00,PUR_IED_CVillavicen_Intel_1ce5c2,PUR_IED_CVillavicen_Intel_1ce5c2,,,,,
2026-09-12T01:16:06-05:00,PUR_IED_CVillavicen_Poliv_e0766c,PUR_IED_CVillavicen_Poliv_e0766c,,,,,
2026-09-12T01:16:06-05:00,PUR_IED_CVillavicen_int_1ba140,PUR_IED_CVillavicen_int_1ba140,,,,,
2026-09-12T01:16:06-05:00,PUR_IED_CVillavicen_intel_1ba140,PUR_IED_CVillavicen_intel_1ba140,,,,,
2026-09-12T01:16:06-05:00,PUR_IED_CarlosPizarro_Ext_e307cc,PUR_IED_CarlosPizarro_Ext_e307cc,,,,,
2026-09-12T01:16:06-05:00,PUR_IED_CarlosPizarro_L36_7e5cdb,PUR_IED_CarlosPizarro_L36_7e5cdb,,,,,
2026-09-12T01:16:06-05:00,PUR_IED_CarlosPizarro_L37_c8566c,PUR_IED_CarlosPizarro_L37_c8566c,,,,,
2026-09-12T01:16:06-05:00,PUR_IED_Castilla_Ext_cf35f,PUR_IED_Castilla_Ext_cf35f,,,,,
2026-09-12T01:16:06-05:00,PUR_IED_Castilla_SFisik_360e38,PUR_IED_Castilla_SFisik_360e38,,,,,
2026-09-12T01:16:06-05:00,PUR_IED_Castilla_Sc304_496fbf,PUR_IED_Castilla_Sc304_496fbf,,,,,
2026-09-12T01:16:06-05:00,PUR_IED_CervantesSa_Ext_6b57b,PUR_IED_CervantesSa_Ext_6b57b,3,17,69,4.5128,-74.117203
2026-09-12T01:16:06-05:00,PUR_IED_CervantesSa_S107_225c2b,PUR_IED_CervantesSa_S107_225c2b,,,,,
2026-09-12T01:16:06-05:00,PUR_IED_CervantesSa_S108_940925,PUR_IED_CervantesSa_S108_940925,,,,,
2026-09-12T01:16:06-05:00,PUR_IED_Charry_A20_f53e7c,PUR_IED_Charry_A20_f53e7c,,,,,
2026-09-12T01:16:06-05:00,PUR_IED_Charry_Ext_f1d5cd,PUR_IED_Charry_Ext_f1d5cd,,,,,
2026-09-12T01:16:06-05:00,PUR_IED_Charry_IntAula20_dc998d,PUR_IED_Charry_IntAula20_dc998d,,,,,
2026-09-12T01:16:06-05:00,PUR_IED_Charry_IntDanzas_7a08e6,PUR_IED_Charry_IntDanzas_7a08e6,,,,,
2026-09-12T01:16:06-05:00,PUR_IED_ClememciaC_203_43e2fc,PUR_IED_ClememciaC_203_43e2fc,,,,,
2026-09-12T01:16:06-05:00,PUR_IED_ClememciaC_Ext_1b411a,PUR_IED_ClememciaC_Ext_1b411a,,,,,
2026-09-12T01:16:06-05:00,PUR_IED_ClememciaC_Quimic_44b5fc,PUR_IED_ClememciaC_Quimic_44b5fc,,,,,
2026-09-12T01:16:06-05:00,PUR_IED_ClemenciaC_203_43e2fc,PUR_IED_ClemenciaC_203_43e2fc,,,,,
2026-09-12T01:16:06-05:00,PUR_IED_ClemenciaC_Ext_1b411a,PUR_IED_ClemenciaC_Ext_1b411a,,,,,
2026-09-12T01:16:06-05:00,PUR_IED_ClemenciaC_Quimic_44b5fc,PUR_IED_ClemenciaC_Quimic_44b5fc,,,,,
2026-09-12T01:16:06-05:00,PUR_IED_ColViva_1101_S25_7f520a,PUR_IED_ColViva_1101_S25_7f520a,,,,,
2026-09-12T01:16:06-05:00,PUR_IED_ColViva_1102_S16_f570ba,PUR_IED_ColViva_1102_S16_f570ba,,,,,
2026-09-12T01:16:06-05:00,PUR_IED_ColViva_Ext_1a26fa,PUR_IED_ColViva_Ext_1a26fa,,,,,
2026-09-12T01:16:06-05:00,PUR_IED_ColegioBici_Asist_7c8798,PUR_IED_ColegioBici_Asist_7c8798,,,,,
2026-09-12T01:16:06-05:00,PUR_IED_ColegioBici_Ext_25cbf6,PUR_IED_ColegioBici_Ext_25cbf6,,,,,
2026-09-12T01:16:06-05:00,PUR_IED_ColegioBici_LabQ_7b57db,PUR_IED_ColegioBici_LabQ_7b57db,,,,,
2026-09-12T01:16:06-05:00,PUR_IED_CostaRica_Ext_5e640,PUR_IED_CostaRica_Ext_5e640,,,,,
2026-09-12T01:16:06-05:00,PUR_IED_CostaRica_Quim1_766d1c,PUR_IED_CostaRica_Quim1_766d1c,,,,,
2026-09-12T01:16:06-05:00,PUR_IED_CostaRica__Fisica_6f0873,PUR_IED_CostaRica__Fisica_6f0873,,,,,
2026-09-12T01:16:06-05:00,PUR_IED_CulPopu_301A_f660f3,PUR_IED_CulPopu_301A_f660f3,,,,,
2026-09-12T01:16:06-05:00,PUR_IED_CulPopu_303_568afe,PUR_IED_CulPopu_303_568afe,,,,,
2026-09-12T01:16:06-05:00,PUR_IED_CulPopu_Ext_e02ccb,PUR_IED_CulPopu_Ext_e02ccb,,,,,
2026-09-12T01:16:06-05:00,PUR_IED_Cundinamarca_Ext_f15985,PUR_IED_Cundinamarca_Ext_f15985,,,,,
2026-09-12T01:16:06-05:00,PUR_IED_Cundinamarca_Info_7aa5d7,PUR_IED_Cundinamarca_Info_7aa5d7,,,,,
2026-09-12T01:16:06-05:00,PUR_IED_Cundinamarca_Tec2_f449c7,PUR_IED_Cundinamarca_Tec2_f449c7,,,,,
2026-09-12T01:16:06-05:00,PUR_IED_DiegoM_Aula1_27b314,PUR_IED_DiegoM_Aula1_27b314,,,,,
2026-09-12T01:16:06-05:00,PUR_IED_DiegoM_Ext_d80ac8,PUR_IED_DiegoM_Ext_d80ac8,,,,,
2026-09-12T01:16:06-05:00,PUR_IED_DiegoM_S25_da928f,PUR_IED_DiegoM_S25_da928f,,,,,
2026-09-12T01:16:06-05:00,PUR_IED_ELRODEO_360881,PUR_IED_ELRODEO_360881,,,,,
2026-09-12T01:16:06-05:00,PUR_IED_ELRODEO_ext_360881,PUR_IED_ELRODEO_ext_360881,,,,,
2026-09-12T01:16:06-05:00,PUR_IED_EduardoU_Ext_1c1969,PUR_IED_EduardoU_Ext_1c1969,,,,,
2026-09-12T01:16:06-05:00,PUR_IED_EduardoU_SCiencia_4dfb94,PUR_IED_EduardoU_SCiencia_4dfb94,,,,,
2026-09-12T01:16:06-05:00,PUR_IED_EduardoU_SQuimica_5a46e7,PUR_IED_EduardoU_SQuimica_5a46e7,,,,,
2026-09-12T01:16:06-05:00,PUR_IED_ElRodeo_Aula14_676984,PUR_IED_ElRodeo_Aula14_676984,,,,,
2026-09-12T01:16:06-05:00,PUR_IED_ElRodeo_Aula16_2dd35b,PUR_IED_ElRodeo_Aula16_2dd35b,,,,,
2026-09-12T01:16:06-05:00,PUR_IED_ElRodeo_Ext_360881,PUR_IED_ElRodeo_Ext_360881,,,,,
2026-09-12T01:16:06-05:00,PUR_IED_ElRodeo_Exterior_8c6d28,PUR_IED_ElRodeo_Exterior_8c6d28,,,,,
2026-09-12T01:16:06-05:00,PUR_IED_ElRodeo_ext_360881,PUR_IED_ElRodeo_ext_360881,,,,,
2026-09-12T01:16:06-05:00,PUR_IED_EmmaReyes_Ext_987625,PUR_IED_EmmaReyes_Ext_987625,15,21,53,4.6367,-74.1511
2026-09-12T01:16:06-05:00,PUR_IED_Ensueño_Ext_7f0250,PUR_IED_Ensueño_Ext_7f0250,,,,,
2026-09-12T01:16:06-05:00,PUR_IED_EscNormal_Ext_5fef3b,PUR_IED_EscNormal_Ext_5fef3b,2,18,60,4.5852,-74.096901
2026-09-12T01:16:06-05:00,PUR_IED_EscNormal_S309_5b263,PUR_IED_EscNormal_S309_5b263,,,,,
2026-09-12T01:16:06-05:00,PUR_IED_EscNormal_S310_27b3b8,PUR_IED_EscNormal_S310_27b3b8,,,,,
2026-09-12T01:16:06-05:00,PUR_IED_Evangelista_Conta_f6cd4f,PUR_IED_Evangelista_Conta_f6cd4f,,,,,
2026-09-12T01:16:06-05:00,PUR_IED_Evangelista_Cri_5e16a,PUR_IED_Evangelista_Cri_5e16a,,,,,
2026-09-12T01:16:06-05:00,PUR_IED_Evangelista_Exter_754066,PUR_IED_Evangelista_Exter_754066,,,,,
2026-09-12T01:16:06-05:00,PUR_IED_FMiranda_S209_5cc2a3,PUR_IED_FMiranda_S209_5cc2a3,,,,,
2026-09-12T01:16:06-05:00,PUR_IED_FMiranda_S303_19e344,PUR_IED_FMiranda_S303_19e344,,,,,
2026-09-12T01:16:06-05:00,PUR_IED_FMiranda_ext_f53e7c,PUR_IED_FMiranda_ext_f53e7c,,,,,
2026-09-12T01:16:06-05:00,PUR_IED_FabioLozano_Bibli_1cee05,PUR_IED_FabioLozano_Bibli_1cee05,,,,,
2026-09-12T01:16:06-05:00,PUR_IED_FabioLozano_Ext_6ea285,PUR_IED_FabioLozano_Ext_6ea285,,,,,
2026-09-12T01:16:06-05:00,PUR_IED_FabioLozano_SLudi_f09e1e,PUR_IED_FabioLozano_SLudi_f09e1e,,,,,
2026-09-12T01:16:06-05:00,PUR_IED_FaustinoS_Aula07_27a731,PUR_IED_FaustinoS_Aula07_27a731,,,,,
2026-09-12T01:16:06-05:00,PUR_IED_FaustinoS_Ext_7b936f,PUR_IED_FaustinoS_Ext_7b936f,,,,,
2026-09-12T01:16:06-05:00,PUR_IED_FaustinoS_Fisica_da2c60,PUR_IED_FaustinoS_Fisica_da2c60,,,,,
2026-09-12T01:16:06-05:00,PUR_IED_FeGarciaLo_Ext_dc68ee,PUR_IED_FeGarciaLo_Ext_dc68ee,,,,,
2026-09-12T01:16:06-05:00,PUR_IED_FeGarciaLo_SDanza_f70a59,PUR_IED_FeGarciaLo_SDanza_f70a59,,,,,
2026-09-12T01:16:06-05:00,PUR_IED_FeGarciaLo_SMusic_125cdd,PUR_IED_FeGarciaLo_SMusic_125cdd,,,,,
2026-09-12T01:16:06-05:00,PUR_IED_FederalAlema_Exte_50c345,PUR_IED_FederalAlema_Exte_50c345,,,,,
2026-09-12T01:16:06-05:00,PUR_IED_FederalAlema_S31_f18371,PUR_IED_FederalAlema_S31_f18371,,,,,
2026-09-12T01:16:06-05:00,PUR_IED_FederalAlema_S901_a62cd,PUR_IED_FederalAlema_S901_a62cd,,,,,
2026-09-12T01:16:06-05:00,PUR_IED_FilarmonicaS_A5_f35eb1,PUR_IED_FilarmonicaS_A5_f35eb1,,,,,
2026-09-12T01:16:06-05:00,PUR_IED_FilarmonicaS_Ext_8a3bde,PUR_IED_FilarmonicaS_Ext_8a3bde,,,,,
2026-09-12T01:16:06-05:00,PUR_IED_FilarmonicaS_Spol_406114,PUR_IED_FilarmonicaS_Spol_406114,,,,,
2026-09-12T01:16:06-05:00,PUR_IED_FlorentinoG_A13_d1fa59,PUR_IED_FlorentinoG_A13_d1fa59,,,,,
2026-09-12T01:16:06-05:00,PUR_IED_FlorentinoG_Ext_1ce6ce,PUR_IED_FlorentinoG_Ext_1ce6ce,,,,,
2026-09-12T01:16:06-05:00,PUR_IED_FlorentinoG_Idiom_a66aac,PUR_IED_FlorentinoG_Idiom_a66aac,,,,,
2026-09-12T01:16:06-05:00,PUR_IED_FranciscoMati_Ext_e3869d,PUR_IED_FranciscoMati_Ext_e3869d,,,,,
2026-09-12T01:16:06-05:00,PUR_IED_FranciscoMati_S13_f31c67,PUR_IED_FranciscoMati_S13_f31c67,,,,,
2026-09-12T01:16:06-05:00,PUR_IED_FranciscoMati_S14_97dead,PUR_IED_FranciscoMati_S14_97dead,,,,,
2026-09-12T01:16:06-05:00,PUR_IED_FranciscoPS_Ext_7bfa9a,PUR_IED_FranciscoPS_Ext_7bfa9a,2,20,59,4.5899,-74.110397
2026-09-12T01:16:06-05:00,PUR_IED_FranciscoPS_Infor_fb8f4c,PUR_IED_FranciscoPS_Infor_fb8f4c,,,,,
2026-09-12T01:16:06-05:00,PUR_IED_FranciscoPS_Quimi_94d39c,PUR_IED_FranciscoPS_Quimi_94d39c,,,,,
2026-09-12T01:16:06-05:00,PUR_IED_FranciscoP_LabQ_d7e148,PUR_IED_FranciscoP_LabQ_d7e148,,,,,
2026-09-12T01:16:06-05:00,PUR_IED_FranciscoP_S28_cf9b30,PUR_IED_FranciscoP_S28_cf9b30,,,,,
2026-09-12T01:16:06-05:00,PUR_IED_FranciscoP_ext_e2313,PUR_IED_FranciscoP_ext_e2313,,,,,
2026-09-12T01:16:06-05:00,PUR_IED_FriederichN_Ext_8ac92a,PUR_IED_FriederichN_Ext_8ac92a,,,,,
2026-09-12T01:16:06-05:00,PUR_IED_FriederichN_S301_dd7e5a,PUR_IED_FriederichN_S301_dd7e5a,,,,,
2026-09-12T01:16:06-05:00,PUR_IED_FriederichN_S308_761f4f,PUR_IED_FriederichN_S308_761f4f,,,,,
2026-09-12T01:16:06-05:00,PUR_IED_GSantander_Aula10_533dd7,PUR_IED_GSantander_Aula10_533dd7,,,,,
2026-09-12T01:16:06-05:00,PUR_IED_GSantander_Aula12_fd4e4f,PUR_IED_GSantander_Aula12_fd4e4f,,,,,
2026-09-12T01:16:06-05:00,PUR_IED_GSantander_Aula310_533dd7,PUR_IED_GSantander_Aula310_533dd7,,,,,
2026-09-12T01:16:06-05:00,PUR_IED_GSantander_Aula312_fd4e4f,PUR_IED_GSantander_Aula312_fd4e4f,,,,,
2026-09-12T01:16:06-05:00,PUR_IED_GSantander_Ext_5f66b0,PUR_IED_GSantander_Ext_5f66b0,,,,,
2026-09-12T01:16:06-05:00,PUR_IED_GYomasa_Ext_f6bea5,PUR_IED_GYomasa_Ext_f6bea5,,,,,
2026-09-12T01:16:06-05:00,PUR_IED_GYomasa_LBiol_2c41aa,PUR_IED_GYomasa_LBiol_2c41aa,,,,,
2026-09-12T01:16:06-05:00,PUR_IED_GYomasa_LQuim_33c80,PUR_IED_GYomasa_LQuim_33c80,,,,,
2026-09-12T01:16:06-05:00,PUR_IED_GabBetMejia_Cienc_5a99c,PUR_IED_GabBetMejia_Cienc_5a99c,,,,,
2026-09-12T01:16:06-05:00,PUR_IED_GabBetMejia_Ext_9153d0,PUR_IED_GabBetMejia_Ext_9153d0,,,,,
2026-09-12T01:16:06-05:00,PUR_IED_GabBetMejia_Lab_f55347,PUR_IED_GabBetMejia_Lab_f55347,,,,,
2026-09-12T01:16:06-05:00,PUR_IED_GabBetanMejia_Ext_9153d0,PUR_IED_GabBetanMejia_Ext_9153d0,,,,,
2026-09-12T01:16:06-05:00,PUR_IED_Gaitana_Aula13_7aac11,PUR_IED_Gaitana_Aula13_7aac11,,,,,
2026-09-12T01:16:06-05:00,PUR_IED_Gaitana_Ext_5fcf4,PUR_IED_Gaitana_Ext_5fcf4,,,,,
2026-09-12T01:16:06-05:00,PUR_IED_Gaitana_LabFisica_644448,PUR_IED_Gaitana_LabFisica_644448,,,,,
2026-09-12T01:16:06-05:00,PUR_IED_GenSantander_Dise_8ac858,PUR_IED_GenSantander_Dise_8ac858,,,,,
2026-09-12T01:16:06-05:00,PUR_IED_GenSantander_Ext_8d5dfe,PUR_IED_GenSantander_Ext_8d5dfe,,,,,
2026-09-12T01:16:06-05:00,PUR_IED_GenSantander_Info_6c25b,PUR_IED_GenSantander_Info_6c25b,,,,,
2026-09-12T01:16:06-05:00,PUR_IED_GustavoMo_Exterio_75e63d,PUR_IED_GustavoMo_Exterio_75e63d,,,,,
2026-09-12T01:16:06-05:00,PUR_IED_GustavoMo_LabFisi_224d37,PUR_IED_GustavoMo_LabFisi_224d37,,,,,
2026-09-12T01:16:06-05:00,PUR_IED_GustavoMo_S208_3e6918,PUR_IED_GustavoMo_S208_3e6918,,,,,
2026-09-12T01:16:06-05:00,PUR_IED_GustavoR_A02_8cd4a8,PUR_IED_GustavoR_A02_8cd4a8,,,,,
2026-09-12T01:16:06-05:00,PUR_IED_GustavoR_B11_5b0ed,PUR_IED_GustavoR_B11_5b0ed,,,,,
2026-09-12T01:16:06-05:00,PUR_IED_GustavoR_Ext_7a0c90,PUR_IED_GustavoR_Ext_7a0c90,,,,,
2026-09-12T01:16:06-05:00,PUR_IED_HernandoDuran_Ext_8cd82b,PUR_IED_HernandoDuran_Ext_8cd82b,,,,,
2026-09-12T01:16:06-05:00,PUR_IED_HernandoDuran_S24_2772c6,PUR_IED_HernandoDuran_S24_2772c6,,,,,
2026-09-12T01:16:06-05:00,PUR_IED_HernandoDuran_S30_f2de41,PUR_IED_HernandoDuran_S30_f2de41,,,,,
2026-09-12T01:16:06-05:00,PUR_IED_HolguInUr_S1101_8cd732,PUR_IED_HolguInUr_S1101_8cd732,,,,,
2026-09-12T01:16:06-05:00,PUR_IED_HolguinUr_Exter_ddae6d,PUR_IED_HolguinUr_Exter_ddae6d,,,,,
2026-09-12T01:16:06-05:00,PUR_IED_HolguinUr_LabQuim_92b952,PUR_IED_HolguinUr_LabQuim_92b952,,,,,
2026-09-12T01:16:06-05:00,PUR_IED_Isabel-II_Ext_5245cc,PUR_IED_Isabel-II_Ext_5245cc,15,18,60,4.6336,-74.153
2026-09-12T01:16:06-05:00,PUR_IED_Isabel-II_S_idiom_1c29aa,PUR_IED_Isabel-II_S_idiom_1c29aa,,,,,
2026-09-12T01:16:06-05:00,PUR_IED_Isabel-II_S_infor_fd741,PUR_IED_Isabel-II_S_infor_fd741,,,,,
2026-09-12T01:16:06-05:00,PUR_IED_IsidroSur_Exterio_5b90ea,PUR_IED_IsidroSur_Exterio_5b90ea,,,,,
2026-09-12T01:16:06-05:00,PUR_IED_IsidroSur_LabTec_56697a,PUR_IED_IsidroSur_LabTec_56697a,,,,,
2026-09-12T01:16:06-05:00,PUR_IED_IsidroSur_Robotic_b7c38f,PUR_IED_IsidroSur_Robotic_b7c38f,,,,,
2026-09-12T01:16:06-05:00,PUR_IED_IsmaelPerd_Ext_7b6672,PUR_IED_IsmaelPerd_Ext_7b6672,,,,,
2026-09-12T01:16:06-05:00,PUR_IED_IsmaelPerd_Inform_306540,PUR_IED_IsmaelPerd_Inform_306540,,,,,
2026-09-12T01:16:06-05:00,PUR_IED_IsmaelPerd_S30_2e2c83,PUR_IED_IsmaelPerd_S30_2e2c83,,,,,
2026-09-12T01:16:06-05:00,PUR_IED_JLozano_Exter_432910,PUR_IED_JLozano_Exter_432910,,,,,
2026-09-12T01:16:06-05:00,PUR_IED_JLozano_salaMulti_df5125,PUR_IED_JLozano_salaMulti_df5125,,,,,
2026-09-12T01:16:06-05:00,PUR_IED_JMCordoba_206_86f80b,PUR_IED_JMCordoba_206_86f80b,,,,,
2026-09-12T01:16:06-05:00,PUR_IED_JMCordoba_Ext_27ad97,PUR_IED_JMCordoba_Ext_27ad97,,,,,
2026-09-12T01:16:06-05:00,PUR_IED_JMCordoba_S310_d59ab4,PUR_IED_JMCordoba_S310_d59ab4,,,,,
2026-09-12T01:16:06-05:00,PUR_IED_Japon_Ext_549100,PUR_IED_Japon_Ext_549100,,,,,
2026-09-12T01:16:06-05:00,PUR_IED_Japon_Laboratorio_bec51d,PUR_IED_Japon_Laboratorio_bec51d,,,,,
2026-09-12T01:16:06-05:00,PUR_IED_Japon_informatica_d99327,PUR_IED_Japon_informatica_d99327,,,,,
2026-09-12T01:16:06-05:00,PUR_IED_Jazmin_Ext_d27bda,PUR_IED_Jazmin_Ext_d27bda,,,,,
2026-09-12T01:16:06-05:00,PUR_IED_Jazmin_Fisica_8d14d7,PUR_IED_Jazmin_Fisica_8d14d7,,,,,
2026-09-12T01:16:06-05:00,PUR_IED_Jazmin_Quimica_801cb5,PUR_IED_Jazmin_Quimica_801cb5,,,,,
2026-09-12T01:16:06-05:00,PUR_IED_JorgeGaitan_Exter_f098d1,PUR_IED_JorgeGaitan_Exter_f098d1,,,,,
2026-09-12T01:16:06-05:00,PUR_IED_JorgeGaitan_STec1_dc9d1d,PUR_IED_JorgeGaitan_STec1_dc9d1d,,,,,
2026-09-12T01:16:06-05:00,PUR_IED_JorgeGaitan_STec2_281e69,PUR_IED_JorgeGaitan_STec2_281e69,,,,,
2026-09-12T01:16:06-05:00,PUR_IED_JorgeSoto_Exterio_d9d0a2,PUR_IED_JorgeSoto_Exterio_d9d0a2,,,,,
2026-09-12T01:16:06-05:00,PUR_IED_JorgeSoto_LabFisi_209c54,PUR_IED_JorgeSoto_LabFisi_209c54,,,,,
2026-09-12T01:16:06-05:00,PUR_IED_JorgeSoto_S103_27b51a,PUR_IED_JorgeSoto_S103_27b51a,,,,,
2026-09-12T01:16:06-05:00,PUR_IED_JoseAcevedo_A02_e965eb,PUR_IED_JoseAcevedo_A02_e965eb,,,,,
2026-09-12T01:16:06-05:00,PUR_IED_JoseAcevedo_A07_dd5b4,PUR_IED_JoseAcevedo_A07_dd5b4,,,,,
2026-09-12T01:16:06-05:00,PUR_IED_JoseAcevedo_Ext_b47484,PUR_IED_JoseAcevedo_Ext_b47484,,,,,
2026-09-12T01:16:06-05:00,PUR_IED_JoseMarti_Exte_5b9bf,PUR_IED_JoseMarti_Exte_5b9bf,,,,,
2026-09-12T01:16:06-05:00,PUR_IED_JoseMarti_LabQuim_1c6c2d,PUR_IED_JoseMarti_LabQuim_1c6c2d,,,,,
2026-09-12T01:16:06-05:00,PUR_IED_JoseMarti_S_info_f5f177,PUR_IED_JoseMarti_S_info_f5f177,,,,,
2026-09-12T01:16:06-05:00,PUR_IED_Josejoaquin_Ext_dfc5dc,PUR_IED_Josejoaquin_Ext_dfc5dc,,,,,
2026-09-12T01:16:06-05:00,PUR_IED_Josejoaquin_S05_5b2a96,PUR_IED_Josejoaquin_S05_5b2a96,,,,,
2026-09-12T01:16:06-05:00,PUR_IED_Josejoaquin_S06_1ce7d2,PUR_IED_Josejoaquin_S06_1ce7d2,,,,,
2026-09-12T01:16:06-05:00,PUR_IED_JulioFlorez_Danza_9b82dd,PUR_IED_JulioFlorez_Danza_9b82dd,,,,,
2026-09-12T01:16:06-05:00,PUR_IED_JulioFlorez_Exter_f9f314,PUR_IED_JulioFlorez_Exter_f9f314,,,,,
2026-09-12T01:16:06-05:00,PUR_IED_JulioFlorez_info2_6b6e08,PUR_IED_JulioFlorez_info2_6b6e08,,,,,
2026-09-12T01:16:06-05:00,PUR_IED_LaBelleza_Aula13_1d00d8,PUR_IED_LaBelleza_Aula13_1d00d8,,,,,
2026-09-12T01:16:06-05:00,PUR_IED_LaBelleza_Ext_7bc08c,PUR_IED_LaBelleza_Ext_7bc08c,,,,,
2026-09-12T01:16:06-05:00,PUR_IED_LaChucua_Ext_8cd6d2,PUR_IED_LaChucua_Ext_8cd6d2,,,,,
2026-09-12T01:16:06-05:00,PUR_IED_LaChucua_S15_f578ce,PUR_IED_LaChucua_S15_f578ce,,,,,
2026-09-12T01:16:06-05:00,PUR_IED_LaChucua_S16_eebcf9,PUR_IED_LaChucua_S16_eebcf9,,,,,
2026-09-12T01:16:06-05:00,PUR_IED_LaFelicidad_Ext_fb5109,PUR_IED_LaFelicidad_Ext_fb5109,,,,,
2026-09-12T01:16:06-05:00,PUR_IED_LaMerced_206_66ebd,PUR_IED_LaMerced_206_66ebd,,,,,
2026-09-12T01:16:06-05:00,PUR_IED_LaMerced_207_6ebd6,PUR_IED_LaMerced_207_6ebd6,,,,,
2026-09-12T01:16:06-05:00,PUR_IED_LaMerced_ext_304311,PUR_IED_LaMerced_ext_304311,,,,,
2026-09-12T01:16:06-05:00,PUR_IED_Laureano_CiencNat_281e5e,PUR_IED_Laureano_CiencNat_281e5e,,,,,
2026-09-12T01:16:06-05:00,PUR_IED_Laureano_Comedor_f65c0a,PUR_IED_Laureano_Comedor_f65c0a,,,,,
2026-09-12T01:16:06-05:00,PUR_IED_Laureano_Exterior_7ab011,PUR_IED_Laureano_Exterior_7ab011,,,,,
2026-09-12T01:16:06-05:00,PUR_IED_LeonGreiff_Exte_dfe560,PUR_IED_LeonGreiff_Exte_dfe560,,,,,
2026-09-12T01:16:06-05:00,PUR_IED_LeonGreiff_S210_f264ed,PUR_IED_LeonGreiff_S210_f264ed,,,,,
2026-09-12T01:16:06-05:00,PUR_IED_LeonGreiff_SQuimi_e8296f,PUR_IED_LeonGreiff_SQuimi_e8296f,,,,,
2026-09-12T01:16:06-05:00,PUR_IED_LlanoOrientalS208_7b9fcd,PUR_IED_LlanoOrientalS208_7b9fcd,,,,,
2026-09-12T01:16:06-05:00,PUR_IED_LlanoOriental_Ext_fb3766,PUR_IED_LlanoOriental_Ext_fb3766,,,,,
2026-09-12T01:16:06-05:00,PUR_IED_LlanoOriental_S208_7b9fcd,PUR_IED_LlanoOriental_S208_7b9fcd,,,,,
2026-09-12T01:16:06-05:00,PUR_IED_LlanoOriental_S9_27b378,PUR_IED_LlanoOriental_S9_27b378,,,,,
2026-09-12T01:16:06-05:00,PUR_IED_LosTejares_1101_477602,PUR_IED_LosTejares_1101_477602,,,,,
2026-09-12T01:16:06-05:00,PUR_IED_LosTejares_11_d2c595,PUR_IED_LosTejares_11_d2c595,,,,,
2026-09-12T01:16:06-05:00,PUR_IED_LosTejares_12_477602,PUR_IED_LosTejares_12_477602,,,,,
2026-09-12T01:16:06-05:00,PUR_IED_LosTejares_Ext_8e2115,PUR_IED_LosTejares_Ext_8e2115,,,,,
2026-09-12T01:16:06-05:00,PUR_IED_MagdalenaO_B202_5ddda3,PUR_IED_MagdalenaO_B202_5ddda3,,,,,
2026-09-12T01:16:06-05:00,PUR_IED_MagdalenaO_B205_fb76e8,PUR_IED_MagdalenaO_B205_fb76e8,,,,,
2026-09-12T01:16:06-05:00,PUR_IED_MagdalenaO_ext_dc69cd,PUR_IED_MagdalenaO_ext_dc69cd,,,,,
2026-09-12T01:16:06-05:00,PUR_IED_ManueCepeda_artes_eee956,PUR_IED_ManueCepeda_artes_eee956,,,,,
2026-09-12T01:16:06-05:00,PUR_IED_ManuelCepeda_Ext_58313,PUR_IED_ManuelCepeda_Ext_58313,,,,,
2026-09-12T01:16:06-05:00,PUR_IED_ManuelCepeda_tec_1c5731,PUR_IED_ManuelCepeda_tec_1c5731,,,,,
2026-09-12T01:16:06-05:00,PUR_IED_ManuelS_Exterior_5b269,PUR_IED_ManuelS_Exterior_5b269,,,,,
2026-09-12T01:16:06-05:00,PUR_IED_ManuelS_Inform_f369ce,PUR_IED_ManuelS_Inform_f369ce,,,,,
2026-09-12T01:16:06-05:00,PUR_IED_ManuelS_SArtes_7d15f1,PUR_IED_ManuelS_SArtes_7d15f1,,,,,
2026-09-12T01:16:06-05:00,PUR_IED_ManuelZapata_303_3ca6,PUR_IED_ManuelZapata_303_3ca6,,,,,
2026-09-12T01:16:06-05:00,PUR_IED_ManuelZapata_311_bfbabc,PUR_IED_ManuelZapata_311_bfbabc,,,,,
2026-09-12T01:16:06-05:00,PUR_IED_ManuelZapata_Ext_50824a,PUR_IED_ManuelZapata_Ext_50824a,,,,,
2026-09-12T01:16:06-05:00,PUR_IED_ManuelitaS_Exteri_656a92,PUR_IED_ManuelitaS_Exteri_656a92,,,,,
2026-09-12T01:16:06-05:00,PUR_IED_ManuelitaS_JuzgDe_f58ec3,PUR_IED_ManuelitaS_JuzgDe_f58ec3,,,,,
2026-09-12T01:16:06-05:00,PUR_IED_ManuelitaS_Recrea_d793db,PUR_IED_ManuelitaS_Recrea_d793db,,,,,
2026-09-12T01:16:06-05:00,PUR_IED_MarFidSuarez_Ext_c27b19,PUR_IED_MarFidSuarez_Ext_c27b19,,,,,
2026-09-12T01:16:06-05:00,PUR_IED_MarFidSuarez_Info_e384d7,PUR_IED_MarFidSuarez_Info_e384d7,,,,,
2026-09-12T01:16:06-05:00,PUR_IED_MarFidSuarez_S306_1d0032,PUR_IED_MarFidSuarez_S306_1d0032,,,,,
2026-09-12T01:16:06-05:00,PUR_IED_Menorah_301_2a25a3,PUR_IED_Menorah_301_2a25a3,,,,,
2026-09-12T01:16:06-05:00,PUR_IED_Menorah_306_37ed3,PUR_IED_Menorah_306_37ed3,,,,,
2026-09-12T01:16:06-05:00,PUR_IED_Menorah_Ext_3e155b,PUR_IED_Menorah_Ext_3e155b,,,,,
2026-09-12T01:16:06-05:00,PUR_IED_MinutoB.Aires_A11_1b1604,PUR_IED_MinutoB.Aires_A11_1b1604,,,,,
2026-09-12T01:16:06-05:00,PUR_IED_MinutoB.Aires_A12_fb5860,PUR_IED_MinutoB.Aires_A12_fb5860,,,,,
2026-09-12T01:16:06-05:00,PUR_IED_MinutoB.Aires_Ext_81293f,PUR_IED_MinutoB.Aires_Ext_81293f,,,,,
2026-09-12T01:16:06-05:00,PUR_IED_MinutoBAires_A11_1b1604,PUR_IED_MinutoBAires_A11_1b1604,,,,,
2026-09-12T01:16:06-05:00,PUR_IED_MinutoBAires_A12_fb5860,PUR_IED_MinutoBAires_A12_fb5860,,,,,
2026-09-12T01:16:06-05:00,PUR_IED_MinutoBAires_Ext_81293f,PUR_IED_MinutoBAires_Ext_81293f,,,,,
2026-09-12T01:16:06-05:00,PUR_IED_Montreal_Aula10_1e4959,PUR_IED_Montreal_Aula10_1e4959,,,,,
2026-09-12T01:16:06-05:00,PUR_IED_Montreal_Aula6_300367,PUR_IED_Montreal_Aula6_300367,,,,,
2026-09-12T01:16:06-05:00,PUR_IED_Montreal_Exterior_91a179,PUR_IED_Montreal_Exterior_91a179,,,,,
2026-09-12T01:16:06-05:00,PUR_IED_Mqgdalena_B202_5ddda3,PUR_IED_Mqgdalena_B202_5ddda3,,,,,
2026-09-12T01:16:06-05:00,PUR_IED_NACUND_Soc_dc8728,PUR_IED_NACUND_Soc_dc8728,,,,,
2026-09-12T01:16:06-05:00,PUR_IED_NACUND_ext_27ad97,PUR_IED_NACUND_ext_27ad97,,,,,
2026-09-12T01:16:06-05:00,PUR_IED_NEsperanza_Ext_d24b61,PUR_IED_NEsperanza_Ext_d24b61,,,,,
2026-09-12T01:16:06-05:00,PUR_IED_NEsperanza_SElect_7d1807,PUR_IED_NEsperanza_SElect_7d1807,,,,,
2026-09-12T01:16:06-05:00,PUR_IED_NEsperanza_SLabor_8b2d0a,PUR_IED_NEsperanza_SLabor_8b2d0a,,,,,
2026-09-12T01:16:06-05:00,PUR_IED_NacionesU_Ext_f661a9,PUR_IED_NacionesU_Ext_f661a9,,,,,
2026-09-12T01:16:06-05:00,PUR_IED_NacionesU_Quimica_66f0a,PUR_IED_NacionesU_Quimica_66f0a,,,,,
2026-09-12T01:16:06-05:00,PUR_IED_NacionesU_S306_1b4b3d,PUR_IED_NacionesU_S306_1b4b3d,,,,,
2026-09-12T01:16:06-05:00,PUR_IED_NestorFA_Ext_e4201c,PUR_IED_NestorFA_Ext_e4201c,,,,,
2026-09-12T01:16:06-05:00,PUR_IED_NestorFA_Laborato_f22fe0,PUR_IED_NestorFA_Laborato_f22fe0,,,,,
2026-09-12T01:16:06-05:00,PUR_IED_NestorFA_S204_dee996,PUR_IED_NestorFA_S204_dee996,,,,,
2026-09-12T01:16:06-05:00,PUR_IED_NidyaQT_Aula03_76999b,PUR_IED_NidyaQT_Aula03_76999b,,,,,
2026-09-12T01:16:06-05:00,PUR_IED_NidyaQT_Aula10_56325,PUR_IED_NidyaQT_Aula10_56325,,,,,
2026-09-12T01:16:06-05:00,PUR_IED_NidyaQT_Ext_46e32d,PUR_IED_NidyaQT_Ext_46e32d,,,,,
2026-09-12T01:16:06-05:00,PUR_IED_NuevaCol_Exterior_d9b859,PUR_IED_NuevaCol_Exterior_d9b859,,,,,
2026-09-12T01:16:06-05:00,PUR_IED_NuevaCol_S1101_76c43b,PUR_IED_NuevaCol_S1101_76c43b,,,,,
2026-09-12T01:16:06-05:00,PUR_IED_NuevaCol_S1102_1ce0b5,PUR_IED_NuevaCol_S1102_1ce0b5,,,,,
2026-09-12T01:16:06-05:00,PUR_IED_OEA_A202_f7e3f2,PUR_IED_OEA_A202_f7e3f2,,,,,
2026-09-12T01:16:06-05:00,PUR_IED_OEA_A203_7d1b8d,PUR_IED_OEA_A203_7d1b8d,,,,,
2026-09-12T01:16:06-05:00,PUR_IED_OEA_Ext_27b593,PUR_IED_OEA_Ext_27b593,,,,,
2026-09-12T01:16:06-05:00,PUR_IED_Ochoa_Ext_1c29da,PUR_IED_Ochoa_Ext_1c29da,,,,,
2026-09-12T01:16:06-05:00,PUR_IED_Ochoa_S205_8b1121,PUR_IED_Ochoa_S205_8b1121,,,,,
2026-09-12T01:16:06-05:00,PUR_IED_Ochoa_Sistemas_f33af6,PUR_IED_Ochoa_Sistemas_f33af6,,,,,
2026-09-12T01:16:06-05:00,PUR_IED_PQuebec_Ext_1c67c7,PUR_IED_PQuebec_Ext_1c67c7,,,,,
2026-09-12T01:16:06-05:00,PUR_IED_PQuebec_S15_23e8e2,PUR_IED_PQuebec_S15_23e8e2,,,,,
2026-09-12T01:16:06-05:00,PUR_IED_PQuebec_S16_8ec76b,PUR_IED_PQuebec_S16_8ec76b,,,,,
2026-09-12T01:16:06-05:00,PUR_IED_PabloN_Ext_49dc96,PUR_IED_PabloN_Ext_49dc96,,,,,
2026-09-12T01:16:06-05:00,PUR_IED_PabloN_S1102_4e3df5,PUR_IED_PabloN_S1102_4e3df5,,,,,
2026-09-12T01:16:06-05:00,PUR_IED_PabloN_S1103_50c94b,PUR_IED_PabloN_S1103_50c94b,,,,,
2026-09-12T01:16:06-05:00,PUR_IED_Palestina_S1101_db9198,PUR_IED_Palestina_S1101_db9198,,,,,
2026-09-12T01:16:06-05:00,PUR_IED_Palestina_S1102_dc54fa,PUR_IED_Palestina_S1102_dc54fa,,,,,
2026-09-12T01:16:06-05:00,PUR_IED_Palestina_ext_4ccce6,PUR_IED_Palestina_ext_4ccce6,,,,,
2026-09-12T01:16:06-05:00,PUR_IED_Panama_Fisica_4d0794,PUR_IED_Panama_Fisica_4d0794,,,,,
2026-09-12T01:16:06-05:00,PUR_IED_Panama_SIngles_a4077e,PUR_IED_Panama_SIngles_a4077e,,,,,
2026-09-12T01:16:06-05:00,PUR_IED_Panama_ext_4c54b4,PUR_IED_Panama_ext_4c54b4,,,,,
2026-09-12T01:16:06-05:00,PUR_IED_ParaisoM_Exterior_8cd7f0,PUR_IED_ParaisoM_Exterior_8cd7f0,,,,,
2026-09-12T01:16:06-05:00,PUR_IED_ParaisoM_Laborato_27af35,PUR_IED_ParaisoM_Laborato_27af35,,,,,
2026-09-12T01:16:06-05:00,PUR_IED_ParaisoM_S304_d1edca,PUR_IED_ParaisoM_S304_d1edca,,,,,
2026-09-12T01:16:06-05:00,PUR_IED_PorfirioBarba_Ext_301466,PUR_IED_PorfirioBarba_Ext_301466,,,,,
2026-09-12T01:16:06-05:00,PUR_IED_PorfirioBarba_S11_df6cd2,PUR_IED_PorfirioBarba_S11_df6cd2,,,,,
2026-09-12T01:16:06-05:00,PUR_IED_PorfirioBarba_S29_27a7d6,PUR_IED_PorfirioBarba_S29_27a7d6,,,,,
2026-09-12T01:16:06-05:00,PUR_IED_PradoV_Exter_8b27ad,PUR_IED_PradoV_Exter_8b27ad,,,,,
2026-09-12T01:16:06-05:00,PUR_IED_PradoV_S301_de65b5,PUR_IED_PradoV_S301_de65b5,,,,,
2026-09-12T01:16:06-05:00,PUR_IED_PradoV_S302_7d2593,PUR_IED_PradoV_S302_7d2593,,,,,
2026-09-12T01:16:06-05:00,PUR_IED_QuirogaAlz_Ext_1ddc82,PUR_IED_QuirogaAlz_Ext_1ddc82,,,,,
2026-09-12T01:16:06-05:00,PUR_IED_QuirogaAlz_S302_9926a3,PUR_IED_QuirogaAlz_S302_9926a3,,,,,
2026-09-12T01:16:06-05:00,PUR_IED_QuirogaAlz_S305_cdf1f1,PUR_IED_QuirogaAlz_S305_cdf1f1,,,,,
2026-09-12T01:16:06-05:00,PUR_IED_RGuatemala_Biling_dc53b7,PUR_IED_RGuatemala_Biling_dc53b7,,,,,
2026-09-12T01:16:06-05:00,PUR_IED_RGuatemala_Ext_1b89a3,PUR_IED_RGuatemala_Ext_1b89a3,,,,,
2026-09-12T01:16:06-05:00,PUR_IED_RGuatemala_Tecnol_281a34,PUR_IED_RGuatemala_Tecnol_281a34,,,,,
2026-09-12T01:16:06-05:00,PUR_IED_RafaNu_Ext_f7c302,PUR_IED_RafaNu_Ext_f7c302,,,,,
2026-09-12T01:16:06-05:00,PUR_IED_RafaNu_S1101_25fde,PUR_IED_RafaNu_S1101_25fde,,,,,
2026-09-12T01:16:06-05:00,PUR_IED_RafaNu_S1102_281517,PUR_IED_RafaNu_S1102_281517,,,,,
2026-09-12T01:16:06-05:00,PUR_IED_RafaelB_S305_ee2783,PUR_IED_RafaelB_S305_ee2783,,,,,
2026-09-12T01:16:06-05:00,PUR_IED_RafaelB_S306_75fe33,PUR_IED_RafaelB_S306_75fe33,,,,,
2026-09-12T01:16:06-05:00,PUR_IED_RafaelB_ext_283336,PUR_IED_RafaelB_ext_283336,3,18,59,4.6722,-74.0737
2026-09-12T01:16:06-05:00,PUR_IED_RafaelUU_Exterior_281a51,PUR_IED_RafaelUU_Exterior_281a51,,,,,
2026-09-12T01:16:06-05:00,PUR_IED_RafaelUU_Human_806b2,PUR_IED_RafaelUU_Human_806b2,,,,,
2026-09-12T01:16:06-05:00,PUR_IED_RafaelUU_Mate2_5680d4,PUR_IED_RafaelUU_Mate2_5680d4,,,,,
2026-09-12T01:16:06-05:00,PUR_IED_RamonSub_Ext_f9eeb9,PUR_IED_RamonSub_Ext_f9eeb9,,,,,
2026-09-12T01:16:06-05:00,PUR_IED_RamonSub_Media_d1f62f,PUR_IED_RamonSub_Media_d1f62f,,,,,
2026-09-12T01:16:06-05:00,PUR_IED_RamonSub_planta_51b82,PUR_IED_RamonSub_planta_51b82,,,,,
2026-09-12T01:16:06-05:00,PUR_IED_RepBoliVene_Exter_27af7c,PUR_IED_RepBoliVene_Exter_27af7c,,,,,
2026-09-12T01:16:06-05:00,PUR_IED_RepBoliVene_SCPT_5ae2ee,PUR_IED_RepBoliVene_SCPT_5ae2ee,,,,,
2026-09-12T01:16:06-05:00,PUR_IED_RepBoliVene_Socia_4b11d5,PUR_IED_RepBoliVene_Socia_4b11d5,,,,,
2026-09-12T01:16:06-05:00,PUR_IED_RepChina_Ext_76d9ee,PUR_IED_RepChina_Ext_76d9ee,,,,,
2026-09-12T01:16:06-05:00,PUR_IED_RepChina_S404_7c804c,PUR_IED_RepChina_S404_7c804c,,,,,
2026-09-12T01:16:06-05:00,PUR_IED_RepChina_S405_df2c33,PUR_IED_RepChina_S405_df2c33,,,,,
2026-09-12T01:16:06-05:00,PUR_IED_RepublicaC_Exteri_7d1ec9,PUR_IED_RepublicaC_Exteri_7d1ec9,,,,,
2026-09-12T01:16:06-05:00,PUR_IED_RepublicaC_S1101_f544b3,PUR_IED_RepublicaC_S1101_f544b3,,,,,
2026-09-12T01:16:06-05:00,PUR_IED_RepublicaC_S1102_7aafc7,PUR_IED_RepublicaC_S1102_7aafc7,,,,,
2026-09-12T01:16:06-05:00,PUR_IED_Ricaurte_Externo_a0ea1,PUR_IED_Ricaurte_Externo_a0ea1,,,,,
2026-09-12T01:16:06-05:00,PUR_IED_Ricaurte_S210_f546fd,PUR_IED_Ricaurte_S210_f546fd,,,,,
2026-09-12T01:16:06-05:00,PUR_IED_Ricaurte_S309_d4452,PUR_IED_Ricaurte_S309_d4452,,,,,
2026-09-12T01:16:06-05:00,PUR_IED_RogelioS_1102_531e69,PUR_IED_RogelioS_1102_531e69,,,,,
2026-09-12T01:16:06-05:00,PUR_IED_RogelioS_Ext_f25a18,PUR_IED_RogelioS_Ext_f25a18,,,,,
2026-09-12T01:16:06-05:00,PUR_IED_SBernardino_Ext_27aff8,PUR_IED_SBernardino_Ext_27aff8,,,,,
2026-09-12T01:16:06-05:00,PUR_IED_SBernardino_SArte_2ffd33,PUR_IED_SBernardino_SArte_2ffd33,,,,,
2026-09-12T01:16:06-05:00,PUR_IED_SBernardino_SIngl_7c7da5,PUR_IED_SBernardino_SIngl_7c7da5,,,,,
2026-09-12T01:16:06-05:00,PUR_IED_Sago_auditorio_dc9d1d,PUR_IED_Sago_auditorio_dc9d1d,,,,,
2026-09-12T01:16:06-05:00,PUR_IED_Saludcoop_Ext_95aac3,PUR_IED_Saludcoop_Ext_95aac3,,,,,
2026-09-12T01:16:06-05:00,PUR_IED_Saludcoop_InfI_90c854,PUR_IED_Saludcoop_InfI_90c854,,,,,
2026-09-12T01:16:06-05:00,PUR_IED_Saludcoop_SMedia_1b93be,PUR_IED_Saludcoop_SMedia_1b93be,,,,,
2026-09-12T01:16:06-05:00,PUR_IED_SanCarlos_1101_1a2360,PUR_IED_SanCarlos_1101_1a2360,,,,,
2026-09-12T01:16:06-05:00,PUR_IED_SanCarlos_1103_7bafb5,PUR_IED_SanCarlos_1103_7bafb5,,,,,
2026-09-12T01:16:06-05:00,PUR_IED_SanCarlos_Ext_b7cd1,PUR_IED_SanCarlos_Ext_b7cd1,,,,,
2026-09-12T01:16:06-05:00,PUR_IED_SanIgnacioBosa11a_50c26e,PUR_IED_SanIgnacioBosa11a_50c26e,,,,,
2026-09-12T01:16:06-05:00,PUR_IED_SanIgnacioBosa11b_371de8,PUR_IED_SanIgnacioBosa11b_371de8,,,,,
2026-09-12T01:16:06-05:00,PUR_IED_SanIgnacioBosaExt_ef0ffc,PUR_IED_SanIgnacioBosaExt_ef0ffc,,,,,
2026-09-12T01:16:06-05:00,PUR_IED_SanIgnacioBosa_11a_50c26e,PUR_IED_SanIgnacioBosa_11a_50c26e,,,,,
2026-09-12T01:16:06-05:00,PUR_IED_SanIgnacioBosa_Ext_ef0ffc,PUR_IED_SanIgnacioBosa_Ext_ef0ffc,,,,,
2026-09-12T01:16:06-05:00,PUR_IED_SanJoseN_intS1101_31c47f,PUR_IED_SanJoseN_intS1101_31c47f,,,,,
2026-09-12T01:16:06-05:00,PUR_IED_SanJoseUsm_Exter_f5d7e8,PUR_IED_SanJoseUsm_Exter_f5d7e8,,,,,
2026-09-12T01:16:06-05:00,PUR_IED_SanJoseUsm_Int11A_cfdef6,PUR_IED_SanJoseUsm_Int11A_cfdef6,,,,,
2026-09-12T01:16:06-05:00,PUR_IED_SilveriaR_IntB5_905349,PUR_IED_SilveriaR_IntB5_905349,,,,,
2026-09-12T01:16:06-05:00,PUR_IED_SilveriaR_IntSD14_981f93,PUR_IED_SilveriaR_IntSD14_981f93,,,,,
2026-09-12T01:16:06-05:00,PUR_IED_SilveriaR_ext_2b651d,PUR_IED_SilveriaR_ext_2b651d,,,,,
2026-09-12T01:16:06-05:00,PUR_IED_SimonB_Exterior_913975,PUR_IED_SimonB_Exterior_913975,,,,,
2026-09-12T01:16:06-05:00,PUR_IED_SimonB_LabQuimi_c56908,PUR_IED_SimonB_LabQuimi_c56908,,,,,
2026-09-12T01:16:06-05:00,PUR_IED_SimonB_informatic_a28c1,PUR_IED_SimonB_informatic_a28c1,,,,,
2026-09-12T01:16:06-05:00,PUR_IED_Sorrento_1102_315f50,PUR_IED_Sorrento_1102_315f50,,,,,
2026-09-12T01:16:06-05:00,PUR_IED_Sorrento_Minte_214eab,PUR_IED_Sorrento_Minte_214eab,,,,,
2026-09-12T01:16:06-05:00,PUR_IED_Sorrento_ext_7c3a0a,PUR_IED_Sorrento_ext_7c3a0a,,,,,
2026-09-12T01:16:06-05:00,PUR_IED_Tabora_Ext_f048ae,PUR_IED_Tabora_Ext_f048ae,,,,,
2026-09-12T01:16:06-05:00,PUR_IED_Tabora_S1102_b07752,PUR_IED_Tabora_S1102_b07752,,,,,
2026-09-12T01:16:06-05:00,PUR_IED_Tabora_S1103_d988f5,PUR_IED_Tabora_S1103_d988f5,,,,,
2026-09-12T01:16:06-05:00,PUR_IED_Tenerife_Ext_1ab188,PUR_IED_Tenerife_Ext_1ab188,,,,,
2026-09-12T01:16:06-05:00,PUR_IED_Tenerife_SDanzas_7bc02e,PUR_IED_Tenerife_SDanzas_7bc02e,,,,,
2026-09-12T01:16:06-05:00,PUR_IED_Tenerife_SIngles_7cc277,PUR_IED_Tenerife_SIngles_7cc277,,,,,
2026-09-12T01:16:06-05:00,PUR_IED_Tibabuyes_Exter_f2683d,PUR_IED_Tibabuyes_Exter_f2683d,,,,,
2026-09-12T01:16:06-05:00,PUR_IED_Tibabuyes_S10_dc87a8,PUR_IED_Tibabuyes_S10_dc87a8,,,,,
2026-09-12T01:16:06-05:00,PUR_IED_Tibabuyes_S15_dc0526,PUR_IED_Tibabuyes_S15_dc0526,,,,,
2026-09-12T01:16:06-05:00,PUR_IED_UnionE_S301_a1043,PUR_IED_UnionE_S301_a1043,,,,,
2026-09-12T01:16:06-05:00,PUR_IED_UnionE_S307_ff6c2f,PUR_IED_UnionE_S307_ff6c2f,,,,,
2026-09-12T01:16:06-05:00,PUR_IED_UnionE__Ext_5e2468,PUR_IED_UnionE__Ext_5e2468,,,,,
2026-09-12T01:16:06-05:00,PUR_IED_VillaRica_Ext_75be7c,PUR_IED_VillaRica_Ext_75be7c,,,,,
2026-09-12T01:16:06-05:00,PUR_IED_VillaRica_S4_cc5dcd,PUR_IED_VillaRica_S4_cc5dcd,,,,,
2026-09-12T01:16:06-05:00,PUR_IED_VillaRica_Sesp_99f5c,PUR_IED_VillaRica_Sesp_99f5c,,,,,
2026-09-12T01:21:05-05:00,PUR_IED_20deJulio_1101_91b1b9,PUR_IED_20deJulio_1101_91b1b9,,,,,
2026-09-12T01:21:05-05:00,PUR_IED_20deJulio_1102_1cfcf9,PUR_IED_20deJulio_1102_1cfcf9,,,,,
2026-09-12T01:21:05-05:00,PUR_IED_20deJulio_Ext_ab60bd,PUR_IED_20deJulio_Ext_ab60bd,,,,,
2026-09-12T01:21:05-05:00,PUR_IED_AgustinFer_Ext_7b9b77,PUR_IED_AgustinFer_Ext_7b9b77,,,,,
2026-09-12T01:21:05-05:00,PUR_IED_AgustinFer_Info2_27b3a7,PUR_IED_AgustinFer_Info2_27b3a7,,,,,
2026-09-12T01:21:05-05:00,PUR_IED_AgustinFer_Sena_54b4eb,PUR_IED_AgustinFer_Sena_54b4eb,,,,,
2026-09-12T01:21:05-05:00,PUR_IED_AlexanderF_1102_caf07b,PUR_IED_AlexanderF_1102_caf07b,,,,,
2026-09-12T01:21:05-05:00,PUR_IED_AlexanderF_1103_c79e71,PUR_IED_AlexanderF_1103_c79e71,,,,,
2026-09-12T01:21:05-05:00,PUR_IED_AlexanderF_Ext_c5b18b,PUR_IED_AlexanderF_Ext_c5b18b,,,,,
2026-09-12T01:21:05-05:00,PUR_IED_AlfonsoLopez_Ext_281d77,PUR_IED_AlfonsoLopez_Ext_281d77,,,,,
2026-09-12T01:21:05-05:00,PUR_IED_AlfonsoLopez_LabF_888ce0,PUR_IED_AlfonsoLopez_LabF_888ce0,,,,,
2026-09-12T01:21:05-05:00,PUR_IED_AlfonsoLopez_SMed_df6a7f,PUR_IED_AlfonsoLopez_SMed_df6a7f,,,,,
2026-09-12T01:21:05-05:00,PUR_IED_AltamiraSO_A2_209f92,PUR_IED_AltamiraSO_A2_209f92,,,,,
2026-09-12T01:21:05-05:00,PUR_IED_AltamiraSO_Ext_186d66,PUR_IED_AltamiraSO_Ext_186d66,,,,,
2026-09-12T01:21:05-05:00,PUR_IED_AltamiraSO_Sistem_27afe1,PUR_IED_AltamiraSO_Sistem_27afe1,,,,,
2026-09-12T01:21:05-05:00,PUR_IED_AlvaroGom_LabQuim_813179,PUR_IED_AlvaroGom_LabQuim_813179,,,,,
2026-09-12T01:21:05-05:00,PUR_IED_AlvaroGomez_Ext_47c7ca,PUR_IED_AlvaroGomez_Ext_47c7ca,,,,,
2026-09-12T01:21:05-05:00,PUR_IED_AlvaroGomez_LabQuim_813179,PUR_IED_AlvaroGomez_LabQuim_813179,,,,,
2026-09-12T01:21:05-05:00,PUR_IED_AlvaroGomez_S23_7ba89f,PUR_IED_AlvaroGomez_S23_7ba89f,,,,,
2026-09-12T01:21:05-05:00,PUR_IED_Amistad_306_dc8728,PUR_IED_Amistad_306_dc8728,,,,,
2026-09-12T01:21:05-05:00,PUR_IED_Amistad_Ext_8cd55e,PUR_IED_Amistad_Ext_8cd55e,,,,,
2026-09-12T01:21:05-05:00,PUR_IED_Amistad_S202_a41169,PUR_IED_Amistad_S202_a41169,,,,,
2026-09-12T01:21:05-05:00,PUR_IED_AndresBello_Bio_fd5f5e,PUR_IED_AndresBello_Bio_fd5f5e,,,,,
2026-09-12T01:21:05-05:00,PUR_IED_AndresBello_ext_dcad65,PUR_IED_AndresBello_ext_dcad65,,,,,
2026-09-12T01:21:05-05:00,PUR_IED_AndresBello_port_eed3ec,PUR_IED_AndresBello_port_eed3ec,,,,,
2026-09-12T01:21:05-05:00,PUR_IED_AngelaR_11b_d90a6b,PUR_IED_AngelaR_11b_d90a6b,,,,,
2026-09-12T01:21:05-05:00,PUR_IED_AngelaR_ext_7cad3e,PUR_IED_AngelaR_ext_7cad3e,11,20,60,4.5825,-74.164497
2026-09-12T01:21:05-05:00,PUR_IED_AntJoseSucre_10mo_df2575,PUR_IED_AntJoseSucre_10mo_df2575,,,,,
2026-09-12T01:21:05-05:00,PUR_IED_AntJoseSucre_Ext_215b36,PUR_IED_AntJoseSucre_Ext_215b36,,,,,
2026-09-12T01:21:05-05:00,PUR_IED_AntJoseSucre_Lab_3139de,PUR_IED_AntJoseSucre_Lab_3139de,,,,,
2026-09-12T01:21:05-05:00,PUR_IED_AntonioGarcia_301_d6b188,PUR_IED_AntonioGarcia_301_d6b188,,,,,
2026-09-12T01:21:05-05:00,PUR_IED_AntonioGarcia_302_88a82,PUR_IED_AntonioGarcia_302_88a82,,,,,
2026-09-12T01:21:05-05:00,PUR_IED_AntonioGarcia_Ext_20950c,PUR_IED_AntonioGarcia_Ext_20950c,,,,,
2026-09-12T01:21:05-05:00,PUR_IED_AntonioVan_Aula2_6dea02,PUR_IED_AntonioVan_Aula2_6dea02,,,,,
2026-09-12T01:21:05-05:00,PUR_IED_AntonioVan_Aula5_f1557e,PUR_IED_AntonioVan_Aula5_f1557e,,,,,
2026-09-12T01:21:05-05:00,PUR_IED_AntonioVan_Ext_406f2f,PUR_IED_AntonioVan_Ext_406f2f,,,,,
2026-09-12T01:21:05-05:00,PUR_IED_Atabanzha_Ext_cc5af9,PUR_IED_Atabanzha_Ext_cc5af9,,,,,
2026-09-12T01:21:05-05:00,PUR_IED_Atabanzha_SA101_56c37,PUR_IED_Atabanzha_SA101_56c37,,,,,
2026-09-12T01:21:05-05:00,PUR_IED_Atabanzha_SB302_27b374,PUR_IED_Atabanzha_SB302_27b374,,,,,
2026-09-12T01:21:05-05:00,PUR_IED_Atahualpa_Ext_fc1748,PUR_IED_Atahualpa_Ext_fc1748,,,,,
2026-09-12T01:21:05-05:00,PUR_IED_Atahualpa_Informa_dc9a95,PUR_IED_Atahualpa_Informa_dc9a95,,,,,
2026-09-12T01:21:05-05:00,PUR_IED_Atahualpa_S1101_f98056,PUR_IED_Atahualpa_S1101_f98056,,,,,
2026-09-12T01:21:05-05:00,PUR_IED_Bellavista_Ext_f5aa74,PUR_IED_Bellavista_Ext_f5aa74,,,,,
2026-09-12T01:21:05-05:00,PUR_IED_Bilbao_11A_916c41,PUR_IED_Bilbao_11A_916c41,,,,,
2026-09-12T01:21:05-05:00,PUR_IED_Bilbao_Ext_fb579a,PUR_IED_Bilbao_Ext_fb579a,,,,,
2026-09-12T01:21:05-05:00,PUR_IED_BrasiliaU_A125_304280,PUR_IED_BrasiliaU_A125_304280,,,,,
2026-09-12T01:21:05-05:00,PUR_IED_BrasiliaU_A203_7c8ca5,PUR_IED_BrasiliaU_A203_7c8ca5,,,,,
2026-09-12T01:21:05-05:00,PUR_IED_BrasiliaU_Ext_8d6e9f,PUR_IED_BrasiliaU_Ext_8d6e9f,4,17,63,4.5175,-74.116302
2026-09-12T01:21:05-05:00,PUR_IED_Brasilia_Ext_fe6593,PUR_IED_Brasilia_Ext_fe6593,,,,,
2026-09-12T01:21:05-05:00,PUR_IED_Brasilia_S24_7c130d,PUR_IED_Brasilia_S24_7c130d,,,,,
2026-09-12T01:21:05-05:00,PUR_IED_Brasilia_S501_186a54,PUR_IED_Brasilia_S501_186a54,,,,,
2026-09-12T01:21:05-05:00,PUR_IED_CHARRY_EXT_f1d5cd,PUR_IED_CHARRY_EXT_f1d5cd,,,,,
2026-09-12T01:21:05-05:00,PUR_IED_CHARRY_INTDANZAS_7a08e6,PUR_IED_CHARRY_INTDANZAS_7a08e6,,,,,
2026-09-12T01:21:05-05:00,PUR_IED_CHARRY_INT_AULA20_dc998d,PUR_IED_CHARRY_INT_AULA20_dc998d,,,,,
2026-09-12T01:21:05-05:00,PUR_IED_COLVIV_1101_S25_7f520a,PUR_IED_COLVIV_1101_S25_7f520a,,,,,
2026-09-12T01:21:05-05:00,PUR_IED_COLVIV_1102_S16_f570ba,PUR_IED_COLVIV_1102_S16_f570ba,,,,,
2026-09-12T01:21:05-05:00,PUR_IED_COLVIV_Ext_1a26fa,PUR_IED_COLVIV_Ext_1a26fa,,,,,
2026-09-12T01:21:05-05:00,PUR_IED_CULPOP_301A_f660f3,PUR_IED_CULPOP_301A_f660f3,,,,,
2026-09-12T01:21:05-05:00,PUR_IED_CULPOP_303_568afe,PUR_IED_CULPOP_303_568afe,,,,,
2026-09-12T01:21:05-05:00,PUR_IED_CULPOP_Ext_e02ccb,PUR_IED_CULPOP_Ext_e02ccb,,,,,
2026-09-12T01:21:05-05:00,PUR_IED_CVillavicen_Ext_26eb58,PUR_IED_CVillavicen_Ext_26eb58,5,15,78,4.487,-74.102798
2026-09-12T01:21:05-05:00,PUR_IED_CVillavicen_Intel_1ce5c2,PUR_IED_CVillavicen_Intel_1ce5c2,,,,,
2026-09-12T01:21:05-05:00,PUR_IED_CVillavicen_Poliv_e0766c,PUR_IED_CVillavicen_Poliv_e0766c,,,,,
2026-09-12T01:21:05-05:00,PUR_IED_CVillavicen_int_1ba140,PUR_IED_CVillavicen_int_1ba140,,,,,
2026-09-12T01:21:05-05:00,PUR_IED_CVillavicen_intel_1ba140,PUR_IED_CVillavicen_intel_1ba140,,,,,
2026-09-12T01:21:05-05:00,PUR_IED_CarlosPizarro_Ext_e307cc,PUR_IED_CarlosPizarro_Ext_e307cc,,,,,
2026-09-12T01:21:05-05:00,PUR_IED_CarlosPizarro_L36_7e5cdb,PUR_IED_CarlosPizarro_L36_7e5cdb,,,,,
2026-09-12T01:21:05-05:00,PUR_IED_CarlosPizarro_L37_c8566c,PUR_IED_CarlosPizarro_L37_c8566c,,,,,
2026-09-12T01:21:05-05:00,PUR_IED_Castilla_Ext_cf35f,PUR_IED_Castilla_Ext_cf35f,,,,,
2026-09-12T01:21:05-05:00,PUR_IED_Castilla_SFisik_360e38,PUR_IED_Castilla_SFisik_360e38,,,,,
2026-09-12T01:21:05-05:00,PUR_IED_Castilla_Sc304_496fbf,PUR_IED_Castilla_Sc304_496fbf,,,,,
2026-09-12T01:21:05-05:00,PUR_IED_CervantesSa_Ext_6b57b,PUR_IED_CervantesSa_Ext_6b57b,3,17,69,4.5128,-74.117203
2026-09-12T01:21:05-05:00,PUR_IED_CervantesSa_S107_225c2b,PUR_IED_CervantesSa_S107_225c2b,,,,,
2026-09-12T01:21:05-05:00,PUR_IED_CervantesSa_S108_940925,PUR_IED_CervantesSa_S108_940925,,,,,
2026-09-12T01:21:05-05:00,PUR_IED_Charry_A20_f53e7c,PUR_IED_Charry_A20_f53e7c,,,,,
2026-09-12T01:21:05-05:00,PUR_IED_Charry_Ext_f1d5cd,PUR_IED_Charry_Ext_f1d5cd,,,,,
2026-09-12T01:21:05-05:00,PUR_IED_Charry_IntAula20_dc998d,PUR_IED_Charry_IntAula20_dc998d,,,,,
2026-09-12T01:21:05-05:00,PUR_IED_Charry_IntDanzas_7a08e6,PUR_IED_Charry_IntDanzas_7a08e6,,,,,
2026-09-12T01:21:05-05:00,PUR_IED_ClememciaC_203_43e2fc,PUR_IED_ClememciaC_203_43e2fc,,,,,
2026-09-12T01:21:05-05:00,PUR_IED_ClememciaC_Ext_1b411a,PUR_IED_ClememciaC_Ext_1b411a,,,,,
2026-09-12T01:21:05-05:00,PUR_IED_ClememciaC_Quimic_44b5fc,PUR_IED_ClememciaC_Quimic_44b5fc,,,,,
2026-09-12T01:21:05-05:00,PUR_IED_ClemenciaC_203_43e2fc,PUR_IED_ClemenciaC_203_43e2fc,,,,,
2026-09-12T01:21:05-05:00,PUR_IED_ClemenciaC_Ext_1b411a,PUR_IED_ClemenciaC_Ext_1b411a,,,,,
2026-09-12T01:21:05-05:00,PUR_IED_ClemenciaC_Quimic_44b5fc,PUR_IED_ClemenciaC_Quimic_44b5fc,,,,,
2026-09-12T01:21:05-05:00,PUR_IED_ColViva_1101_S25_7f520a,PUR_IED_ColViva_1101_S25_7f520a,,,,,
2026-09-12T01:21:05-05:00,PUR_IED_ColViva_1102_S16_f570ba,PUR_IED_ColViva_1102_S16_f570ba,,,,,
2026-09-12T01:21:05-05:00,PUR_IED_ColViva_Ext_1a26fa,PUR_IED_ColViva_Ext_1a26fa,,,,,
2026-09-12T01:21:05-05:00,PUR_IED_ColegioBici_Asist_7c8798,PUR_IED_ColegioBici_Asist_7c8798,,,,,
2026-09-12T01:21:05-05:00,PUR_IED_ColegioBici_Ext_25cbf6,PUR_IED_ColegioBici_Ext_25cbf6,,,,,
2026-09-12T01:21:05-05:00,PUR_IED_ColegioBici_LabQ_7b57db,PUR_IED_ColegioBici_LabQ_7b57db,,,,,
2026-09-12T01:21:05-05:00,PUR_IED_CostaRica_Ext_5e640,PUR_IED_CostaRica_Ext_5e640,,,,,
2026-09-12T01:21:05-05:00,PUR_IED_CostaRica_Quim1_766d1c,PUR_IED_CostaRica_Quim1_766d1c,,,,,
2026-09-12T01:21:05-05:00,PUR_IED_CostaRica__Fisica_6f0873,PUR_IED_CostaRica__Fisica_6f0873,,,,,
2026-09-12T01:21:05-05:00,PUR_IED_CulPopu_301A_f660f3,PUR_IED_CulPopu_301A_f660f3,,,,,
2026-09-12T01:21:05-05:00,PUR_IED_CulPopu_303_568afe,PUR_IED_CulPopu_303_568afe,,,,,
2026-09-12T01:21:05-05:00,PUR_IED_CulPopu_Ext_e02ccb,PUR_IED_CulPopu_Ext_e02ccb,,,,,
2026-09-12T01:21:05-05:00,PUR_IED_Cundinamarca_Ext_f15985,PUR_IED_Cundinamarca_Ext_f15985,,,,,
2026-09-12T01:21:05-05:00,PUR_IED_Cundinamarca_Info_7aa5d7,PUR_IED_Cundinamarca_Info_7aa5d7,,,,,
2026-09-12T01:21:05-05:00,PUR_IED_Cundinamarca_Tec2_f449c7,PUR_IED_Cundinamarca_Tec2_f449c7,,,,,
2026-09-12T01:21:05-05:00,PUR_IED_DiegoM_Aula1_27b314,PUR_IED_DiegoM_Aula1_27b314,,,,,
2026-09-12T01:21:05-05:00,PUR_IED_DiegoM_Ext_d80ac8,PUR_IED_DiegoM_Ext_d80ac8,,,,,
2026-09-12T01:21:05-05:00,PUR_IED_DiegoM_S25_da928f,PUR_IED_DiegoM_S25_da928f,,,,,
2026-09-12T01:21:05-05:00,PUR_IED_ELRODEO_360881,PUR_IED_ELRODEO_360881,,,,,
2026-09-12T01:21:05-05:00,PUR_IED_ELRODEO_ext_360881,PUR_IED_ELRODEO_ext_360881,,,,,
2026-09-12T01:21:05-05:00,PUR_IED_EduardoU_Ext_1c1969,PUR_IED_EduardoU_Ext_1c1969,,,,,
2026-09-12T01:21:05-05:00,PUR_IED_EduardoU_SCiencia_4dfb94,PUR_IED_EduardoU_SCiencia_4dfb94,,,,,
2026-09-12T01:21:05-05:00,PUR_IED_EduardoU_SQuimica_5a46e7,PUR_IED_EduardoU_SQuimica_5a46e7,,,,,
2026-09-12T01:21:05-05:00,PUR_IED_ElRodeo_Aula14_676984,PUR_IED_ElRodeo_Aula14_676984,,,,,
2026-09-12T01:21:05-05:00,PUR_IED_ElRodeo_Aula16_2dd35b,PUR_IED_ElRodeo_Aula16_2dd35b,,,,,
2026-09-12T01:21:05-05:00,PUR_IED_ElRodeo_Ext_360881,PUR_IED_ElRodeo_Ext_360881,,,,,
2026-09-12T01:21:05-05:00,PUR_IED_ElRodeo_Exterior_8c6d28,PUR_IED_ElRodeo_Exterior_8c6d28,,,,,
2026-09-12T01:21:05-05:00,PUR_IED_ElRodeo_ext_360881,PUR_IED_ElRodeo_ext_360881,,,,,
2026-09-12T01:21:05-05:00,PUR_IED_EmmaReyes_Ext_987625,PUR_IED_EmmaReyes_Ext_987625,14,21,53,4.6367,-74.1511
2026-09-12T01:21:05-05:00,PUR_IED_Ensueño_Ext_7f0250,PUR_IED_Ensueño_Ext_7f0250,,,,,
2026-09-12T01:21:05-05:00,PUR_IED_EscNormal_Ext_5fef3b,PUR_IED_EscNormal_Ext_5fef3b,2,18,60,4.5852,-74.096901
2026-09-12T01:21:05-05:00,PUR_IED_EscNormal_S309_5b263,PUR_IED_EscNormal_S309_5b263,,,,,
2026-09-12T01:21:05-05:00,PUR_IED_EscNormal_S310_27b3b8,PUR_IED_EscNormal_S310_27b3b8,,,,,
2026-09-12T01:21:05-05:00,PUR_IED_Evangelista_Conta_f6cd4f,PUR_IED_Evangelista_Conta_f6cd4f,,,,,
2026-09-12T01:21:05-05:00,PUR_IED_Evangelista_Cri_5e16a,PUR_IED_Evangelista_Cri_5e16a,,,,,
2026-09-12T01:21:05-05:00,PUR_IED_Evangelista_Exter_754066,PUR_IED_Evangelista_Exter_754066,,,,,
2026-09-12T01:21:05-05:00,PUR_IED_FMiranda_S209_5cc2a3,PUR_IED_FMiranda_S209_5cc2a3,,,,,
2026-09-12T01:21:05-05:00,PUR_IED_FMiranda_S303_19e344,PUR_IED_FMiranda_S303_19e344,,,,,
2026-09-12T01:21:05-05:00,PUR_IED_FMiranda_ext_f53e7c,PUR_IED_FMiranda_ext_f53e7c,,,,,
2026-09-12T01:21:05-05:00,PUR_IED_FabioLozano_Bibli_1cee05,PUR_IED_FabioLozano_Bibli_1cee05,,,,,
2026-09-12T01:21:05-05:00,PUR_IED_FabioLozano_Ext_6ea285,PUR_IED_FabioLozano_Ext_6ea285,,,,,
2026-09-12T01:21:05-05:00,PUR_IED_FabioLozano_SLudi_f09e1e,PUR_IED_FabioLozano_SLudi_f09e1e,,,,,
2026-09-12T01:21:05-05:00,PUR_IED_FaustinoS_Aula07_27a731,PUR_IED_FaustinoS_Aula07_27a731,,,,,
2026-09-12T01:21:05-05:00,PUR_IED_FaustinoS_Ext_7b936f,PUR_IED_FaustinoS_Ext_7b936f,,,,,
2026-09-12T01:21:05-05:00,PUR_IED_FaustinoS_Fisica_da2c60,PUR_IED_FaustinoS_Fisica_da2c60,,,,,
2026-09-12T01:21:05-05:00,PUR_IED_FeGarciaLo_Ext_dc68ee,PUR_IED_FeGarciaLo_Ext_dc68ee,,,,,
2026-09-12T01:21:05-05:00,PUR_IED_FeGarciaLo_SDanza_f70a59,PUR_IED_FeGarciaLo_SDanza_f70a59,,,,,
2026-09-12T01:21:05-05:00,PUR_IED_FeGarciaLo_SMusic_125cdd,PUR_IED_FeGarciaLo_SMusic_125cdd,,,,,
2026-09-12T01:21:05-05:00,PUR_IED_FederalAlema_Exte_50c345,PUR_IED_FederalAlema_Exte_50c345,,,,,
2026-09-12T01:21:05-05:00,PUR_IED_FederalAlema_S31_f18371,PUR_IED_FederalAlema_S31_f18371,,,,,
2026-09-12T01:21:05-05:00,PUR_IED_FederalAlema_S901_a62cd,PUR_IED_FederalAlema_S901_a62cd,,,,,
2026-09-12T01:21:05-05:00,PUR_IED_FilarmonicaS_A5_f35eb1,PUR_IED_FilarmonicaS_A5_f35eb1,,,,,
2026-09-12T01:21:05-05:00,PUR_IED_FilarmonicaS_Ext_8a3bde,PUR_IED_FilarmonicaS_Ext_8a3bde,,,,,
2026-09-12T01:21:05-05:00,PUR_IED_FilarmonicaS_Spol_406114,PUR_IED_FilarmonicaS_Spol_406114,,,,,
2026-09-12T01:21:05-05:00,PUR_IED_FlorentinoG_A13_d1fa59,PUR_IED_FlorentinoG_A13_d1fa59,,,,,
2026-09-12T01:21:05-05:00,PUR_IED_FlorentinoG_Ext_1ce6ce,PUR_IED_FlorentinoG_Ext_1ce6ce,,,,,
2026-09-12T01:21:05-05:00,PUR_IED_FlorentinoG_Idiom_a66aac,PUR_IED_FlorentinoG_Idiom_a66aac,,,,,
2026-09-12T01:21:05-05:00,PUR_IED_FranciscoMati_Ext_e3869d,PUR_IED_FranciscoMati_Ext_e3869d,,,,,
2026-09-12T01:21:05-05:00,PUR_IED_FranciscoMati_S13_f31c67,PUR_IED_FranciscoMati_S13_f31c67,,,,,
2026-09-12T01:21:05-05:00,PUR_IED_FranciscoMati_S14_97dead,PUR_IED_FranciscoMati_S14_97dead,,,,,
2026-09-12T01:21:05-05:00,PUR_IED_FranciscoPS_Ext_7bfa9a,PUR_IED_FranciscoPS_Ext_7bfa9a,2,20,58,4.5899,-74.110397
2026-09-12T01:21:05-05:00,PUR_IED_FranciscoPS_Infor_fb8f4c,PUR_IED_FranciscoPS_Infor_fb8f4c,,,,,
2026-09-12T01:21:05-05:00,PUR_IED_FranciscoPS_Quimi_94d39c,PUR_IED_FranciscoPS_Quimi_94d39c,,,,,
2026-09-12T01:21:05-05:00,PUR_IED_FranciscoP_LabQ_d7e148,PUR_IED_FranciscoP_LabQ_d7e148,,,,,
2026-09-12T01:21:05-05:00,PUR_IED_FranciscoP_S28_cf9b30,PUR_IED_FranciscoP_S28_cf9b30,,,,,
2026-09-12T01:21:05-05:00,PUR_IED_FranciscoP_ext_e2313,PUR_IED_FranciscoP_ext_e2313,,,,,
2026-09-12T01:21:05-05:00,PUR_IED_FriederichN_Ext_8ac92a,PUR_IED_FriederichN_Ext_8ac92a,,,,,
2026-09-12T01:21:05-05:00,PUR_IED_FriederichN_S301_dd7e5a,PUR_IED_FriederichN_S301_dd7e5a,,,,,
2026-09-12T01:21:05-05:00,PUR_IED_FriederichN_S308_761f4f,PUR_IED_FriederichN_S308_761f4f,,,,,
2026-09-12T01:21:05-05:00,PUR_IED_GSantander_Aula10_533dd7,PUR_IED_GSantander_Aula10_533dd7,,,,,
2026-09-12T01:21:05-05:00,PUR_IED_GSantander_Aula12_fd4e4f,PUR_IED_GSantander_Aula12_fd4e4f,,,,,
2026-09-12T01:21:05-05:00,PUR_IED_GSantander_Aula310_533dd7,PUR_IED_GSantander_Aula310_533dd7,,,,,
2026-09-12T01:21:05-05:00,PUR_IED_GSantander_Aula312_fd4e4f,PUR_IED_GSantander_Aula312_fd4e4f,,,,,
2026-09-12T01:21:05-05:00,PUR_IED_GSantander_Ext_5f66b0,PUR_IED_GSantander_Ext_5f66b0,,,,,
2026-09-12T01:21:05-05:00,PUR_IED_GYomasa_Ext_f6bea5,PUR_IED_GYomasa_Ext_f6bea5,,,,,
2026-09-12T01:21:05-05:00,PUR_IED_GYomasa_LBiol_2c41aa,PUR_IED_GYomasa_LBiol_2c41aa,,,,,
2026-09-12T01:21:05-05:00,PUR_IED_GYomasa_LQuim_33c80,PUR_IED_GYomasa_LQuim_33c80,,,,,
2026-09-12T01:21:05-05:00,PUR_IED_GabBetMejia_Cienc_5a99c,PUR_IED_GabBetMejia_Cienc_5a99c,,,,,
2026-09-12T01:21:05-05:00,PUR_IED_GabBetMejia_Ext_9153d0,PUR_IED_GabBetMejia_Ext_9153d0,,,,,
2026-09-12T01:21:05-05:00,PUR_IED_GabBetMejia_Lab_f55347,PUR_IED_GabBetMejia_Lab_f55347,,,,,
2026-09-12T01:21:05-05:00,PUR_IED_GabBetanMejia_Ext_9153d0,PUR_IED_GabBetanMejia_Ext_9153d0,,,,,
2026-09-12T01:21:05-05:00,PUR_IED_Gaitana_Aula13_7aac11,PUR_IED_Gaitana_Aula13_7aac11,,,,,
2026-09-12T01:21:05-05:00,PUR_IED_Gaitana_Ext_5fcf4,PUR_IED_Gaitana_Ext_5fcf4,,,,,
2026-09-12T01:21:05-05:00,PUR_IED_Gaitana_LabFisica_644448,PUR_IED_Gaitana_LabFisica_644448,,,,,
2026-09-12T01:21:05-05:00,PUR_IED_GenSantander_Dise_8ac858,PUR_IED_GenSantander_Dise_8ac858,,,,,
2026-09-12T01:21:05-05:00,PUR_IED_GenSantander_Ext_8d5dfe,PUR_IED_GenSantander_Ext_8d5dfe,,,,,
2026-09-12T01:21:05-05:00,PUR_IED_GenSantander_Info_6c25b,PUR_IED_GenSantander_Info_6c25b,,,,,
2026-09-12T01:21:05-05:00,PUR_IED_GustavoMo_Exterio_75e63d,PUR_IED_GustavoMo_Exterio_75e63d,,,,,
2026-09-12T01:21:05-05:00,PUR_IED_GustavoMo_LabFisi_224d37,PUR_IED_GustavoMo_LabFisi_224d37,,,,,
2026-09-12T01:21:05-05:00,PUR_IED_GustavoMo_S208_3e6918,PUR_IED_GustavoMo_S208_3e6918,,,,,
2026-09-12T01:21:05-05:00,PUR_IED_GustavoR_A02_8cd4a8,PUR_IED_GustavoR_A02_8cd4a8,,,,,
2026-09-12T01:21:05-05:00,PUR_IED_GustavoR_B11_5b0ed,PUR_IED_GustavoR_B11_5b0ed,,,,,
2026-09-12T01:21:05-05:00,PUR_IED_GustavoR_Ext_7a0c90,PUR_IED_GustavoR_Ext_7a0c90,,,,,
2026-09-12T01:21:05-05:00,PUR_IED_HernandoDuran_Ext_8cd82b,PUR_IED_HernandoDuran_Ext_8cd82b,,,,,
2026-09-12T01:21:05-05:00,PUR_IED_HernandoDuran_S24_2772c6,PUR_IED_HernandoDuran_S24_2772c6,,,,,
2026-09-12T01:21:05-05:00,PUR_IED_HernandoDuran_S30_f2de41,PUR_IED_HernandoDuran_S30_f2de41,,,,,
2026-09-12T01:21:05-05:00,PUR_IED_HolguInUr_S1101_8cd732,PUR_IED_HolguInUr_S1101_8cd732,,,,,
2026-09-12T01:21:05-05:00,PUR_IED_HolguinUr_Exter_ddae6d,PUR_IED_HolguinUr_Exter_ddae6d,,,,,
2026-09-12T01:21:05-05:00,PUR_IED_HolguinUr_LabQuim_92b952,PUR_IED_HolguinUr_LabQuim_92b952,,,,,
2026-09-12T01:21:05-05:00,PUR_IED_Isabel-II_Ext_5245cc,PUR_IED_Isabel-II_Ext_5245cc,14,18,60,4.6336,-74.153
2026-09-12T01:21:05-05:00,PUR_IED_Isabel-II_S_idiom_1c29aa,PUR_IED_Isabel-II_S_idiom_1c29aa,,,,,
2026-09-12T01:21:05-05:00,PUR_IED_Isabel-II_S_infor_fd741,PUR_IED_Isabel-II_S_infor_fd741,,,,,
2026-09-12T01:21:05-05:00,PUR_IED_IsidroSur_Exterio_5b90ea,PUR_IED_IsidroSur_Exterio_5b90ea,,,,,
2026-09-12T01:21:05-05:00,PUR_IED_IsidroSur_LabTec_56697a,PUR_IED_IsidroSur_LabTec_56697a,,,,,
2026-09-12T01:21:05-05:00,PUR_IED_IsidroSur_Robotic_b7c38f,PUR_IED_IsidroSur_Robotic_b7c38f,,,,,
2026-09-12T01:21:05-05:00,PUR_IED_IsmaelPerd_Ext_7b6672,PUR_IED_IsmaelPerd_Ext_7b6672,,,,,
2026-09-12T01:21:05-05:00,PUR_IED_IsmaelPerd_Inform_306540,PUR_IED_IsmaelPerd_Inform_306540,,,,,
2026-09-12T01:21:05-05:00,PUR_IED_IsmaelPerd_S30_2e2c83,PUR_IED_IsmaelPerd_S30_2e2c83,,,,,
2026-09-12T01:21:05-05:00,PUR_IED_JLozano_Exter_432910,PUR_IED_JLozano_Exter_432910,,,,,
2026-09-12T01:21:05-05:00,PUR_IED_JLozano_salaMulti_df5125,PUR_IED_JLozano_salaMulti_df5125,,,,,
2026-09-12T01:21:05-05:00,PUR_IED_JMCordoba_206_86f80b,PUR_IED_JMCordoba_206_86f80b,,,,,
2026-09-12T01:21:05-05:00,PUR_IED_JMCordoba_Ext_27ad97,PUR_IED_JMCordoba_Ext_27ad97,,,,,
2026-09-12T01:21:05-05:00,PUR_IED_JMCordoba_S310_d59ab4,PUR_IED_JMCordoba_S310_d59ab4,,,,,
2026-09-12T01:21:05-05:00,PUR_IED_Japon_Ext_549100,PUR_IED_Japon_Ext_549100,,,,,
2026-09-12T01:21:05-05:00,PUR_IED_Japon_Laboratorio_bec51d,PUR_IED_Japon_Laboratorio_bec51d,,,,,
2026-09-12T01:21:05-05:00,PUR_IED_Japon_informatica_d99327,PUR_IED_Japon_informatica_d99327,,,,,
2026-09-12T01:21:05-05:00,PUR_IED_Jazmin_Ext_d27bda,PUR_IED_Jazmin_Ext_d27bda,,,,,
2026-09-12T01:21:05-05:00,PUR_IED_Jazmin_Fisica_8d14d7,PUR_IED_Jazmin_Fisica_8d14d7,,,,,
2026-09-12T01:21:05-05:00,PUR_IED_Jazmin_Quimica_801cb5,PUR_IED_Jazmin_Quimica_801cb5,,,,,
2026-09-12T01:21:05-05:00,PUR_IED_JorgeGaitan_Exter_f098d1,PUR_IED_JorgeGaitan_Exter_f098d1,,,,,
2026-09-12T01:21:05-05:00,PUR_IED_JorgeGaitan_STec1_dc9d1d,PUR_IED_JorgeGaitan_STec1_dc9d1d,,,,,
2026-09-12T01:21:05-05:00,PUR_IED_JorgeGaitan_STec2_281e69,PUR_IED_JorgeGaitan_STec2_281e69,,,,,
2026-09-12T01:21:05-05:00,PUR_IED_JorgeSoto_Exterio_d9d0a2,PUR_IED_JorgeSoto_Exterio_d9d0a2,,,,,
2026-09-12T01:21:05-05:00,PUR_IED_JorgeSoto_LabFisi_209c54,PUR_IED_JorgeSoto_LabFisi_209c54,,,,,
2026-09-12T01:21:05-05:00,PUR_IED_JorgeSoto_S103_27b51a,PUR_IED_JorgeSoto_S103_27b51a,,,,,
2026-09-12T01:21:05-05:00,PUR_IED_JoseAcevedo_A02_e965eb,PUR_IED_JoseAcevedo_A02_e965eb,,,,,
2026-09-12T01:21:05-05:00,PUR_IED_JoseAcevedo_A07_dd5b4,PUR_IED_JoseAcevedo_A07_dd5b4,,,,,
2026-09-12T01:21:05-05:00,PUR_IED_JoseAcevedo_Ext_b47484,PUR_IED_JoseAcevedo_Ext_b47484,,,,,
2026-09-12T01:21:05-05:00,PUR_IED_JoseMarti_Exte_5b9bf,PUR_IED_JoseMarti_Exte_5b9bf,,,,,
2026-09-12T01:21:05-05:00,PUR_IED_JoseMarti_LabQuim_1c6c2d,PUR_IED_JoseMarti_LabQuim_1c6c2d,,,,,
2026-09-12T01:21:05-05:00,PUR_IED_JoseMarti_S_info_f5f177,PUR_IED_JoseMarti_S_info_f5f177,,,,,
2026-09-12T01:21:05-05:00,PUR_IED_Josejoaquin_Ext_dfc5dc,PUR_IED_Josejoaquin_Ext_dfc5dc,,,,,
2026-09-12T01:21:05-05:00,PUR_IED_Josejoaquin_S05_5b2a96,PUR_IED_Josejoaquin_S05_5b2a96,,,,,
2026-09-12T01:21:05-05:00,PUR_IED_Josejoaquin_S06_1ce7d2,PUR_IED_Josejoaquin_S06_1ce7d2,,,,,
2026-09-12T01:21:05-05:00,PUR_IED_JulioFlorez_Danza_9b82dd,PUR_IED_JulioFlorez_Danza_9b82dd,,,,,
2026-09-12T01:21:05-05:00,PUR_IED_JulioFlorez_Exter_f9f314,PUR_IED_JulioFlorez_Exter_f9f314,,,,,
2026-09-12T01:21:05-05:00,PUR_IED_JulioFlorez_info2_6b6e08,PUR_IED_JulioFlorez_info2_6b6e08,,,,,
2026-09-12T01:21:05-05:00,PUR_IED_LaBelleza_Aula13_1d00d8,PUR_IED_LaBelleza_Aula13_1d00d8,,,,,
2026-09-12T01:21:05-05:00,PUR_IED_LaBelleza_Ext_7bc08c,PUR_IED_LaBelleza_Ext_7bc08c,,,,,
2026-09-12T01:21:05-05:00,PUR_IED_LaChucua_Ext_8cd6d2,PUR_IED_LaChucua_Ext_8cd6d2,,,,,
2026-09-12T01:21:05-05:00,PUR_IED_LaChucua_S15_f578ce,PUR_IED_LaChucua_S15_f578ce,,,,,
2026-09-12T01:21:05-05:00,PUR_IED_LaChucua_S16_eebcf9,PUR_IED_LaChucua_S16_eebcf9,,,,,
2026-09-12T01:21:05-05:00,PUR_IED_LaFelicidad_Ext_fb5109,PUR_IED_LaFelicidad_Ext_fb5109,,,,,
2026-09-12T01:21:05-05:00,PUR_IED_LaMerced_206_66ebd,PUR_IED_LaMerced_206_66ebd,,,,,
2026-09-12T01:21:05-05:00,PUR_IED_LaMerced_207_6ebd6,PUR_IED_LaMerced_207_6ebd6,,,,,
2026-09-12T01:21:05-05:00,PUR_IED_LaMerced_ext_304311,PUR_IED_LaMerced_ext_304311,,,,,
2026-09-12T01:21:05-05:00,PUR_IED_Laureano_CiencNat_281e5e,PUR_IED_Laureano_CiencNat_281e5e,,,,,
2026-09-12T01:21:05-05:00,PUR_IED_Laureano_Comedor_f65c0a,PUR_IED_Laureano_Comedor_f65c0a,,,,,
2026-09-12T01:21:05-05:00,PUR_IED_Laureano_Exterior_7ab011,PUR_IED_Laureano_Exterior_7ab011,,,,,
2026-09-12T01:21:05-05:00,PUR_IED_LeonGreiff_Exte_dfe560,PUR_IED_LeonGreiff_Exte_dfe560,,,,,
2026-09-12T01:21:05-05:00,PUR_IED_LeonGreiff_S210_f264ed,PUR_IED_LeonGreiff_S210_f264ed,,,,,
2026-09-12T01:21:05-05:00,PUR_IED_LeonGreiff_SQuimi_e8296f,PUR_IED_LeonGreiff_SQuimi_e8296f,,,,,
2026-09-12T01:21:05-05:00,PUR_IED_LlanoOrientalS208_7b9fcd,PUR_IED_LlanoOrientalS208_7b9fcd,,,,,
2026-09-12T01:21:05-05:00,PUR_IED_LlanoOriental_Ext_fb3766,PUR_IED_LlanoOriental_Ext_fb3766,,,,,
2026-09-12T01:21:05-05:00,PUR_IED_LlanoOriental_S208_7b9fcd,PUR_IED_LlanoOriental_S208_7b9fcd,,,,,
2026-09-12T01:21:05-05:00,PUR_IED_LlanoOriental_S9_27b378,PUR_IED_LlanoOriental_S9_27b378,,,,,
2026-09-12T01:21:05-05:00,PUR_IED_LosTejares_1101_477602,PUR_IED_LosTejares_1101_477602,,,,,
2026-09-12T01:21:05-05:00,PUR_IED_LosTejares_11_d2c595,PUR_IED_LosTejares_11_d2c595,,,,,
2026-09-12T01:21:05-05:00,PUR_IED_LosTejares_12_477602,PUR_IED_LosTejares_12_477602,,,,,
2026-09-12T01:21:05-05:00,PUR_IED_LosTejares_Ext_8e2115,PUR_IED_LosTejares_Ext_8e2115,,,,,
2026-09-12T01:21:05-05:00,PUR_IED_MagdalenaO_B202_5ddda3,PUR_IED_MagdalenaO_B202_5ddda3,,,,,
2026-09-12T01:21:05-05:00,PUR_IED_MagdalenaO_B205_fb76e8,PUR_IED_MagdalenaO_B205_fb76e8,,,,,
2026-09-12T01:21:05-05:00,PUR_IED_MagdalenaO_ext_dc69cd,PUR_IED_MagdalenaO_ext_dc69cd,,,,,
2026-09-12T01:21:05-05:00,PUR_IED_ManueCepeda_artes_eee956,PUR_IED_ManueCepeda_artes_eee956,,,,,
2026-09-12T01:21:05-05:00,PUR_IED_ManuelCepeda_Ext_58313,PUR_IED_ManuelCepeda_Ext_58313,,,,,
2026-09-12T01:21:05-05:00,PUR_IED_ManuelCepeda_tec_1c5731,PUR_IED_ManuelCepeda_tec_1c5731,,,,,
2026-09-12T01:21:05-05:00,PUR_IED_ManuelS_Exterior_5b269,PUR_IED_ManuelS_Exterior_5b269,,,,,
2026-09-12T01:21:05-05:00,PUR_IED_ManuelS_Inform_f369ce,PUR_IED_ManuelS_Inform_f369ce,,,,,
2026-09-12T01:21:05-05:00,PUR_IED_ManuelS_SArtes_7d15f1,PUR_IED_ManuelS_SArtes_7d15f1,,,,,
2026-09-12T01:21:05-05:00,PUR_IED_ManuelZapata_303_3ca6,PUR_IED_ManuelZapata_303_3ca6,,,,,
2026-09-12T01:21:05-05:00,PUR_IED_ManuelZapata_311_bfbabc,PUR_IED_ManuelZapata_311_bfbabc,,,,,
2026-09-12T01:21:05-05:00,PUR_IED_ManuelZapata_Ext_50824a,PUR_IED_ManuelZapata_Ext_50824a,,,,,
2026-09-12T01:21:05-05:00,PUR_IED_ManuelitaS_Exteri_656a92,PUR_IED_ManuelitaS_Exteri_656a92,,,,,
2026-09-12T01:21:05-05:00,PUR_IED_ManuelitaS_JuzgDe_f58ec3,PUR_IED_ManuelitaS_JuzgDe_f58ec3,,,,,
2026-09-12T01:21:05-05:00,PUR_IED_ManuelitaS_Recrea_d793db,PUR_IED_ManuelitaS_Recrea_d793db,,,,,
2026-09-12T01:21:05-05:00,PUR_IED_MarFidSuarez_Ext_c27b19,PUR_IED_MarFidSuarez_Ext_c27b19,,,,,
2026-09-12T01:21:05-05:00,PUR_IED_MarFidSuarez_Info_e384d7,PUR_IED_MarFidSuarez_Info_e384d7,,,,,
2026-09-12T01:21:05-05:00,PUR_IED_MarFidSuarez_S306_1d0032,PUR_IED_MarFidSuarez_S306_1d0032,,,,,
2026-09-12T01:21:05-05:00,PUR_IED_Menorah_301_2a25a3,PUR_IED_Menorah_301_2a25a3,,,,,
2026-09-12T01:21:05-05:00,PUR_IED_Menorah_306_37ed3,PUR_IED_Menorah_306_37ed3,,,,,
2026-09-12T01:21:05-05:00,PUR_IED_Menorah_Ext_3e155b,PUR_IED_Menorah_Ext_3e155b,,,,,
2026-09-12T01:21:05-05:00,PUR_IED_MinutoB.Aires_A11_1b1604,PUR_IED_MinutoB.Aires_A11_1b1604,,,,,
2026-09-12T01:21:05-05:00,PUR_IED_MinutoB.Aires_A12_fb5860,PUR_IED_MinutoB.Aires_A12_fb5860,,,,,
2026-09-12T01:21:05-05:00,PUR_IED_MinutoB.Aires_Ext_81293f,PUR_IED_MinutoB.Aires_Ext_81293f,,,,,
2026-09-12T01:21:05-05:00,PUR_IED_MinutoBAires_A11_1b1604,PUR_IED_MinutoBAires_A11_1b1604,,,,,
2026-09-12T01:21:05-05:00,PUR_IED_MinutoBAires_A12_fb5860,PUR_IED_MinutoBAires_A12_fb5860,,,,,
2026-09-12T01:21:05-05:00,PUR_IED_MinutoBAires_Ext_81293f,PUR_IED_MinutoBAires_Ext_81293f,,,,,
2026-09-12T01:21:05-05:00,PUR_IED_Montreal_Aula10_1e4959,PUR_IED_Montreal_Aula10_1e4959,,,,,
2026-09-12T01:21:05-05:00,PUR_IED_Montreal_Aula6_300367,PUR_IED_Montreal_Aula6_300367,,,,,
2026-09-12T01:21:05-05:00,PUR_IED_Montreal_Exterior_91a179,PUR_IED_Montreal_Exterior_91a179,,,,,
2026-09-12T01:21:05-05:00,PUR_IED_Mqgdalena_B202_5ddda3,PUR_IED_Mqgdalena_B202_5ddda3,,,,,
2026-09-12T01:21:05-05:00,PUR_IED_NACUND_Soc_dc8728,PUR_IED_NACUND_Soc_dc8728,,,,,
2026-09-12T01:21:05-05:00,PUR_IED_NACUND_ext_27ad97,PUR_IED_NACUND_ext_27ad97,,,,,
2026-09-12T01:21:05-05:00,PUR_IED_NEsperanza_Ext_d24b61,PUR_IED_NEsperanza_Ext_d24b61,,,,,
2026-09-12T01:21:05-05:00,PUR_IED_NEsperanza_SElect_7d1807,PUR_IED_NEsperanza_SElect_7d1807,,,,,
2026-09-12T01:21:05-05:00,PUR_IED_NEsperanza_SLabor_8b2d0a,PUR_IED_NEsperanza_SLabor_8b2d0a,,,,,
2026-09-12T01:21:05-05:00,PUR_IED_NacionesU_Ext_f661a9,PUR_IED_NacionesU_Ext_f661a9,,,,,
2026-09-12T01:21:05-05:00,PUR_IED_NacionesU_Quimica_66f0a,PUR_IED_NacionesU_Quimica_66f0a,,,,,
2026-09-12T01:21:05-05:00,PUR_IED_NacionesU_S306_1b4b3d,PUR_IED_NacionesU_S306_1b4b3d,,,,,
2026-09-12T01:21:05-05:00,PUR_IED_NestorFA_Ext_e4201c,PUR_IED_NestorFA_Ext_e4201c,,,,,
2026-09-12T01:21:05-05:00,PUR_IED_NestorFA_Laborato_f22fe0,PUR_IED_NestorFA_Laborato_f22fe0,,,,,
2026-09-12T01:21:05-05:00,PUR_IED_NestorFA_S204_dee996,PUR_IED_NestorFA_S204_dee996,,,,,
2026-09-12T01:21:05-05:00,PUR_IED_NidyaQT_Aula03_76999b,PUR_IED_NidyaQT_Aula03_76999b,,,,,
2026-09-12T01:21:05-05:00,PUR_IED_NidyaQT_Aula10_56325,PUR_IED_NidyaQT_Aula10_56325,,,,,
2026-09-12T01:21:05-05:00,PUR_IED_NidyaQT_Ext_46e32d,PUR_IED_NidyaQT_Ext_46e32d,,,,,
2026-09-12T01:21:05-05:00,PUR_IED_NuevaCol_Exterior_d9b859,PUR_IED_NuevaCol_Exterior_d9b859,,,,,
2026-09-12T01:21:05-05:00,PUR_IED_NuevaCol_S1101_76c43b,PUR_IED_NuevaCol_S1101_76c43b,,,,,
2026-09-12T01:21:05-05:00,PUR_IED_NuevaCol_S1102_1ce0b5,PUR_IED_NuevaCol_S1102_1ce0b5,,,,,
2026-09-12T01:21:05-05:00,PUR_IED_OEA_A202_f7e3f2,PUR_IED_OEA_A202_f7e3f2,,,,,
2026-09-12T01:21:05-05:00,PUR_IED_OEA_A203_7d1b8d,PUR_IED_OEA_A203_7d1b8d,,,,,
2026-09-12T01:21:05-05:00,PUR_IED_OEA_Ext_27b593,PUR_IED_OEA_Ext_27b593,,,,,
2026-09-12T01:21:05-05:00,PUR_IED_Ochoa_Ext_1c29da,PUR_IED_Ochoa_Ext_1c29da,,,,,
2026-09-12T01:21:05-05:00,PUR_IED_Ochoa_S205_8b1121,PUR_IED_Ochoa_S205_8b1121,,,,,
2026-09-12T01:21:05-05:00,PUR_IED_Ochoa_Sistemas_f33af6,PUR_IED_Ochoa_Sistemas_f33af6,,,,,
2026-09-12T01:21:05-05:00,PUR_IED_PQuebec_Ext_1c67c7,PUR_IED_PQuebec_Ext_1c67c7,,,,,
2026-09-12T01:21:05-05:00,PUR_IED_PQuebec_S15_23e8e2,PUR_IED_PQuebec_S15_23e8e2,,,,,
2026-09-12T01:21:05-05:00,PUR_IED_PQuebec_S16_8ec76b,PUR_IED_PQuebec_S16_8ec76b,,,,,
2026-09-12T01:21:05-05:00,PUR_IED_PabloN_Ext_49dc96,PUR_IED_PabloN_Ext_49dc96,,,,,
2026-09-12T01:21:05-05:00,PUR_IED_PabloN_S1102_4e3df5,PUR_IED_PabloN_S1102_4e3df5,,,,,
2026-09-12T01:21:05-05:00,PUR_IED_PabloN_S1103_50c94b,PUR_IED_PabloN_S1103_50c94b,,,,,
2026-09-12T01:21:05-05:00,PUR_IED_Palestina_S1101_db9198,PUR_IED_Palestina_S1101_db9198,,,,,
2026-09-12T01:21:05-05:00,PUR_IED_Palestina_S1102_dc54fa,PUR_IED_Palestina_S1102_dc54fa,,,,,
2026-09-12T01:21:05-05:00,PUR_IED_Palestina_ext_4ccce6,PUR_IED_Palestina_ext_4ccce6,,,,,
2026-09-12T01:21:05-05:00,PUR_IED_Panama_Fisica_4d0794,PUR_IED_Panama_Fisica_4d0794,,,,,
2026-09-12T01:21:05-05:00,PUR_IED_Panama_SIngles_a4077e,PUR_IED_Panama_SIngles_a4077e,,,,,
2026-09-12T01:21:05-05:00,PUR_IED_Panama_ext_4c54b4,PUR_IED_Panama_ext_4c54b4,,,,,
2026-09-12T01:21:05-05:00,PUR_IED_ParaisoM_Exterior_8cd7f0,PUR_IED_ParaisoM_Exterior_8cd7f0,,,,,
2026-09-12T01:21:05-05:00,PUR_IED_ParaisoM_Laborato_27af35,PUR_IED_ParaisoM_Laborato_27af35,,,,,
2026-09-12T01:21:05-05:00,PUR_IED_ParaisoM_S304_d1edca,PUR_IED_ParaisoM_S304_d1edca,,,,,
2026-09-12T01:21:05-05:00,PUR_IED_PorfirioBarba_Ext_301466,PUR_IED_PorfirioBarba_Ext_301466,,,,,
2026-09-12T01:21:05-05:00,PUR_IED_PorfirioBarba_S11_df6cd2,PUR_IED_PorfirioBarba_S11_df6cd2,,,,,
2026-09-12T01:21:05-05:00,PUR_IED_PorfirioBarba_S29_27a7d6,PUR_IED_PorfirioBarba_S29_27a7d6,,,,,
2026-09-12T01:21:05-05:00,PUR_IED_PradoV_Exter_8b27ad,PUR_IED_PradoV_Exter_8b27ad,,,,,
2026-09-12T01:21:05-05:00,PUR_IED_PradoV_S301_de65b5,PUR_IED_PradoV_S301_de65b5,,,,,
2026-09-12T01:21:05-05:00,PUR_IED_PradoV_S302_7d2593,PUR_IED_PradoV_S302_7d2593,,,,,
2026-09-12T01:21:05-05:00,PUR_IED_QuirogaAlz_Ext_1ddc82,PUR_IED_QuirogaAlz_Ext_1ddc82,,,,,
2026-09-12T01:21:05-05:00,PUR_IED_QuirogaAlz_S302_9926a3,PUR_IED_QuirogaAlz_S302_9926a3,,,,,
2026-09-12T01:21:05-05:00,PUR_IED_QuirogaAlz_S305_cdf1f1,PUR_IED_QuirogaAlz_S305_cdf1f1,,,,,
2026-09-12T01:21:05-05:00,PUR_IED_RGuatemala_Biling_dc53b7,PUR_IED_RGuatemala_Biling_dc53b7,,,,,
2026-09-12T01:21:05-05:00,PUR_IED_RGuatemala_Ext_1b89a3,PUR_IED_RGuatemala_Ext_1b89a3,,,,,
2026-09-12T01:21:05-05:00,PUR_IED_RGuatemala_Tecnol_281a34,PUR_IED_RGuatemala_Tecnol_281a34,,,,,
2026-09-12T01:21:05-05:00,PUR_IED_RafaNu_Ext_f7c302,PUR_IED_RafaNu_Ext_f7c302,,,,,
2026-09-12T01:21:05-05:00,PUR_IED_RafaNu_S1101_25fde,PUR_IED_RafaNu_S1101_25fde,,,,,
2026-09-12T01:21:05-05:00,PUR_IED_RafaNu_S1102_281517,PUR_IED_RafaNu_S1102_281517,,,,,
2026-09-12T01:21:05-05:00,PUR_IED_RafaelB_S305_ee2783,PUR_IED_RafaelB_S305_ee2783,,,,,
2026-09-12T01:21:05-05:00,PUR_IED_RafaelB_S306_75fe33,PUR_IED_RafaelB_S306_75fe33,,,,,
2026-09-12T01:21:05-05:00,PUR_IED_RafaelB_ext_283336,PUR_IED_RafaelB_ext_283336,3,18,60,4.6722,-74.0737
2026-09-12T01:21:05-05:00,PUR_IED_RafaelUU_Exterior_281a51,PUR_IED_RafaelUU_Exterior_281a51,,,,,
2026-09-12T01:21:05-05:00,PUR_IED_RafaelUU_Human_806b2,PUR_IED_RafaelUU_Human_806b2,,,,,
2026-09-12T01:21:05-05:00,PUR_IED_RafaelUU_Mate2_5680d4,PUR_IED_RafaelUU_Mate2_5680d4,,,,,
2026-09-12T01:21:05-05:00,PUR_IED_RamonSub_Ext_f9eeb9,PUR_IED_RamonSub_Ext_f9eeb9,,,,,
2026-09-12T01:21:05-05:00,PUR_IED_RamonSub_Media_d1f62f,PUR_IED_RamonSub_Media_d1f62f,,,,,
2026-09-12T01:21:05-05:00,PUR_IED_RamonSub_planta_51b82,PUR_IED_RamonSub_planta_51b82,,,,,
2026-09-12T01:21:05-05:00,PUR_IED_RepBoliVene_Exter_27af7c,PUR_IED_RepBoliVene_Exter_27af7c,,,,,
2026-09-12T01:21:05-05:00,PUR_IED_RepBoliVene_SCPT_5ae2ee,PUR_IED_RepBoliVene_SCPT_5ae2ee,,,,,
2026-09-12T01:21:05-05:00,PUR_IED_RepBoliVene_Socia_4b11d5,PUR_IED_RepBoliVene_Socia_4b11d5,,,,,
2026-09-12T01:21:05-05:00,PUR_IED_RepChina_Ext_76d9ee,PUR_IED_RepChina_Ext_76d9ee,,,,,
2026-09-12T01:21:05-05:00,PUR_IED_RepChina_S404_7c804c,PUR_IED_RepChina_S404_7c804c,,,,,
2026-09-12T01:21:05-05:00,PUR_IED_RepChina_S405_df2c33,PUR_IED_RepChina_S405_df2c33,,,,,
2026-09-12T01:21:05-05:00,PUR_IED_RepublicaC_Exteri_7d1ec9,PUR_IED_RepublicaC_Exteri_7d1ec9,,,,,
2026-09-12T01:21:05-05:00,PUR_IED_RepublicaC_S1101_f544b3,PUR_IED_RepublicaC_S1101_f544b3,,,,,
2026-09-12T01:21:05-05:00,PUR_IED_RepublicaC_S1102_7aafc7,PUR_IED_RepublicaC_S1102_7aafc7,,,,,
2026-09-12T01:21:05-05:00,PUR_IED_Ricaurte_Externo_a0ea1,PUR_IED_Ricaurte_Externo_a0ea1,,,,,
2026-09-12T01:21:05-05:00,PUR_IED_Ricaurte_S210_f546fd,PUR_IED_Ricaurte_S210_f546fd,,,,,
2026-09-12T01:21:05-05:00,PUR_IED_Ricaurte_S309_d4452,PUR_IED_Ricaurte_S309_d4452,,,,,
2026-09-12T01:21:05-05:00,PUR_IED_RogelioS_1102_531e69,PUR_IED_RogelioS_1102_531e69,,,,,
2026-09-12T01:21:05-05:00,PUR_IED_RogelioS_Ext_f25a18,PUR_IED_RogelioS_Ext_f25a18,,,,,
2026-09-12T01:21:05-05:00,PUR_IED_SBernardino_Ext_27aff8,PUR_IED_SBernardino_Ext_27aff8,,,,,
2026-09-12T01:21:05-05:00,PUR_IED_SBernardino_SArte_2ffd33,PUR_IED_SBernardino_SArte_2ffd33,,,,,
2026-09-12T01:21:05-05:00,PUR_IED_SBernardino_SIngl_7c7da5,PUR_IED_SBernardino_SIngl_7c7da5,,,,,
2026-09-12T01:21:05-05:00,PUR_IED_Sago_auditorio_dc9d1d,PUR_IED_Sago_auditorio_dc9d1d,,,,,
2026-09-12T01:21:05-05:00,PUR_IED_Saludcoop_Ext_95aac3,PUR_IED_Saludcoop_Ext_95aac3,,,,,
2026-09-12T01:21:05-05:00,PUR_IED_Saludcoop_InfI_90c854,PUR_IED_Saludcoop_InfI_90c854,,,,,
2026-09-12T01:21:05-05:00,PUR_IED_Saludcoop_SMedia_1b93be,PUR_IED_Saludcoop_SMedia_1b93be,,,,,
2026-09-12T01:21:05-05:00,PUR_IED_SanCarlos_1101_1a2360,PUR_IED_SanCarlos_1101_1a2360,,,,,
2026-09-12T01:21:05-05:00,PUR_IED_SanCarlos_1103_7bafb5,PUR_IED_SanCarlos_1103_7bafb5,,,,,
2026-09-12T01:21:05-05:00,PUR_IED_SanCarlos_Ext_b7cd1,PUR_IED_SanCarlos_Ext_b7cd1,,,,,
2026-09-12T01:21:05-05:00,PUR_IED_SanIgnacioBosa11a_50c26e,PUR_IED_SanIgnacioBosa11a_50c26e,,,,,
2026-09-12T01:21:05-05:00,PUR_IED_SanIgnacioBosa11b_371de8,PUR_IED_SanIgnacioBosa11b_371de8,,,,,
2026-09-12T01:21:05-05:00,PUR_IED_SanIgnacioBosaExt_ef0ffc,PUR_IED_SanIgnacioBosaExt_ef0ffc,,,,,
2026-09-12T01:21:05-05:00,PUR_IED_SanIgnacioBosa_11a_50c26e,PUR_IED_SanIgnacioBosa_11a_50c26e,,,,,
2026-09-12T01:21:05-05:00,PUR_IED_SanIgnacioBosa_Ext_ef0ffc,PUR_IED_SanIgnacioBosa_Ext_ef0ffc,,,,,
2026-09-12T01:21:05-05:00,PUR_IED_SanJoseN_intS1101_31c47f,PUR_IED_SanJoseN_intS1101_31c47f,,,,,
2026-09-12T01:21:05-05:00,PUR_IED_SanJoseUsm_Exter_f5d7e8,PUR_IED_SanJoseUsm_Exter_f5d7e8,,,,,
2026-09-12T01:21:05-05:00,PUR_IED_SanJoseUsm_Int11A_cfdef6,PUR_IED_SanJoseUsm_Int11A_cfdef6,,,,,
2026-09-12T01:21:05-05:00,PUR_IED_SilveriaR_IntB5_905349,PUR_IED_SilveriaR_IntB5_905349,,,,,
2026-09-12T01:21:05-05:00,PUR_IED_SilveriaR_IntSD14_981f93,PUR_IED_SilveriaR_IntSD14_981f93,,,,,
2026-09-12T01:21:05-05:00,PUR_IED_SilveriaR_ext_2b651d,PUR_IED_SilveriaR_ext_2b651d,,,,,
2026-09-12T01:21:05-05:00,PUR_IED_SimonB_Exterior_913975,PUR_IED_SimonB_Exterior_913975,,,,,
2026-09-12T01:21:05-05:00,PUR_IED_SimonB_LabQuimi_c56908,PUR_IED_SimonB_LabQuimi_c56908,,,,,
2026-09-12T01:21:05-05:00,PUR_IED_SimonB_informatic_a28c1,PUR_IED_SimonB_informatic_a28c1,,,,,
2026-09-12T01:21:05-05:00,PUR_IED_Sorrento_1102_315f50,PUR_IED_Sorrento_1102_315f50,,,,,
2026-09-12T01:21:05-05:00,PUR_IED_Sorrento_Minte_214eab,PUR_IED_Sorrento_Minte_214eab,,,,,
2026-09-12T01:21:05-05:00,PUR_IED_Sorrento_ext_7c3a0a,PUR_IED_Sorrento_ext_7c3a0a,,,,,
2026-09-12T01:21:05-05:00,PUR_IED_Tabora_Ext_f048ae,PUR_IED_Tabora_Ext_f048ae,,,,,
2026-09-12T01:21:05-05:00,PUR_IED_Tabora_S1102_b07752,PUR_IED_Tabora_S1102_b07752,,,,,
2026-09-12T01:21:05-05:00,PUR_IED_Tabora_S1103_d988f5,PUR_IED_Tabora_S1103_d988f5,,,,,
2026-09-12T01:21:05-05:00,PUR_IED_Tenerife_Ext_1ab188,PUR_IED_Tenerife_Ext_1ab188,,,,,
2026-09-12T01:21:05-05:00,PUR_IED_Tenerife_SDanzas_7bc02e,PUR_IED_Tenerife_SDanzas_7bc02e,,,,,
2026-09-12T01:21:05-05:00,PUR_IED_Tenerife_SIngles_7cc277,PUR_IED_Tenerife_SIngles_7cc277,,,,,
2026-09-12T01:21:05-05:00,PUR_IED_Tibabuyes_Exter_f2683d,PUR_IED_Tibabuyes_Exter_f2683d,,,,,
2026-09-12T01:21:05-05:00,PUR_IED_Tibabuyes_S10_dc87a8,PUR_IED_Tibabuyes_S10_dc87a8,,,,,
2026-09-12T01:21:05-05:00,PUR_IED_Tibabuyes_S15_dc0526,PUR_IED_Tibabuyes_S15_dc0526,,,,,
2026-09-12T01:21:05-05:00,PUR_IED_UnionE_S301_a1043,PUR_IED_UnionE_S301_a1043,,,,,
2026-09-12T01:21:05-05:00,PUR_IED_UnionE_S307_ff6c2f,PUR_IED_UnionE_S307_ff6c2f,,,,,
2026-09-12T01:21:05-05:00,PUR_IED_UnionE__Ext_5e2468,PUR_IED_UnionE__Ext_5e2468,,,,,
2026-09-12T01:21:05-05:00,PUR_IED_VillaRica_Ext_75be7c,PUR_IED_VillaRica_Ext_75be7c,,,,,
2026-09-12T01:21:05-05:00,PUR_IED_VillaRica_S4_cc5dcd,PUR_IED_VillaRica_S4_cc5dcd,,,,,
2026-09-12T01:21:05-05:00,PUR_IED_VillaRica_Sesp_99f5c,PUR_IED_VillaRica_Sesp_99f5c,,,,,
2026-09-12T01:26:08-05:00,PUR_IED_20deJulio_1101_91b1b9,PUR_IED_20deJulio_1101_91b1b9,,,,,
2026-09-12T01:26:08-05:00,PUR_IED_20deJulio_1102_1cfcf9,PUR_IED_20deJulio_1102_1cfcf9,,,,,
2026-09-12T01:26:08-05:00,PUR_IED_20deJulio_Ext_ab60bd,PUR_IED_20deJulio_Ext_ab60bd,,,,,
2026-09-12T01:26:08-05:00,PUR_IED_AgustinFer_Ext_7b9b77,PUR_IED_AgustinFer_Ext_7b9b77,,,,,
2026-09-12T01:26:08-05:00,PUR_IED_AgustinFer_Info2_27b3a7,PUR_IED_AgustinFer_Info2_27b3a7,,,,,
2026-09-12T01:26:08-05:00,PUR_IED_AgustinFer_Sena_54b4eb,PUR_IED_AgustinFer_Sena_54b4eb,,,,,
2026-09-12T01:26:08-05:00,PUR_IED_AlexanderF_1102_caf07b,PUR_IED_AlexanderF_1102_caf07b,,,,,
2026-09-12T01:26:08-05:00,PUR_IED_AlexanderF_1103_c79e71,PUR_IED_AlexanderF_1103_c79e71,,,,,
2026-09-12T01:26:08-05:00,PUR_IED_AlexanderF_Ext_c5b18b,PUR_IED_AlexanderF_Ext_c5b18b,,,,,
2026-09-12T01:26:08-05:00,PUR_IED_AlfonsoLopez_Ext_281d77,PUR_IED_AlfonsoLopez_Ext_281d77,,,,,
2026-09-12T01:26:08-05:00,PUR_IED_AlfonsoLopez_LabF_888ce0,PUR_IED_AlfonsoLopez_LabF_888ce0,,,,,
2026-09-12T01:26:08-05:00,PUR_IED_AlfonsoLopez_SMed_df6a7f,PUR_IED_AlfonsoLopez_SMed_df6a7f,,,,,
2026-09-12T01:26:08-05:00,PUR_IED_AltamiraSO_A2_209f92,PUR_IED_AltamiraSO_A2_209f92,,,,,
2026-09-12T01:26:08-05:00,PUR_IED_AltamiraSO_Ext_186d66,PUR_IED_AltamiraSO_Ext_186d66,,,,,
2026-09-12T01:26:08-05:00,PUR_IED_AltamiraSO_Sistem_27afe1,PUR_IED_AltamiraSO_Sistem_27afe1,,,,,
2026-09-12T01:26:08-05:00,PUR_IED_AlvaroGom_LabQuim_813179,PUR_IED_AlvaroGom_LabQuim_813179,,,,,
2026-09-12T01:26:08-05:00,PUR_IED_AlvaroGomez_Ext_47c7ca,PUR_IED_AlvaroGomez_Ext_47c7ca,,,,,
2026-09-12T01:26:08-05:00,PUR_IED_AlvaroGomez_LabQuim_813179,PUR_IED_AlvaroGomez_LabQuim_813179,,,,,
2026-09-12T01:26:08-05:00,PUR_IED_AlvaroGomez_S23_7ba89f,PUR_IED_AlvaroGomez_S23_7ba89f,,,,,
2026-09-12T01:26:08-05:00,PUR_IED_Amistad_306_dc8728,PUR_IED_Amistad_306_dc8728,,,,,
2026-09-12T01:26:08-05:00,PUR_IED_Amistad_Ext_8cd55e,PUR_IED_Amistad_Ext_8cd55e,,,,,
2026-09-12T01:26:08-05:00,PUR_IED_Amistad_S202_a41169,PUR_IED_Amistad_S202_a41169,,,,,
2026-09-12T01:26:08-05:00,PUR_IED_AndresBello_Bio_fd5f5e,PUR_IED_AndresBello_Bio_fd5f5e,,,,,
2026-09-12T01:26:08-05:00,PUR_IED_AndresBello_ext_dcad65,PUR_IED_AndresBello_ext_dcad65,,,,,
2026-09-12T01:26:08-05:00,PUR_IED_AndresBello_port_eed3ec,PUR_IED_AndresBello_port_eed3ec,,,,,
2026-09-12T01:26:08-05:00,PUR_IED_AngelaR_11b_d90a6b,PUR_IED_AngelaR_11b_d90a6b,,,,,
2026-09-12T01:26:08-05:00,PUR_IED_AngelaR_ext_7cad3e,PUR_IED_AngelaR_ext_7cad3e,11,20,60,4.5825,-74.164497
2026-09-12T01:26:08-05:00,PUR_IED_AntJoseSucre_10mo_df2575,PUR_IED_AntJoseSucre_10mo_df2575,,,,,
2026-09-12T01:26:08-05:00,PUR_IED_AntJoseSucre_Ext_215b36,PUR_IED_AntJoseSucre_Ext_215b36,,,,,
2026-09-12T01:26:08-05:00,PUR_IED_AntJoseSucre_Lab_3139de,PUR_IED_AntJoseSucre_Lab_3139de,,,,,
2026-09-12T01:26:08-05:00,PUR_IED_AntonioGarcia_301_d6b188,PUR_IED_AntonioGarcia_301_d6b188,,,,,
2026-09-12T01:26:08-05:00,PUR_IED_AntonioGarcia_302_88a82,PUR_IED_AntonioGarcia_302_88a82,,,,,
2026-09-12T01:26:08-05:00,PUR_IED_AntonioGarcia_Ext_20950c,PUR_IED_AntonioGarcia_Ext_20950c,,,,,
2026-09-12T01:26:08-05:00,PUR_IED_AntonioVan_Aula2_6dea02,PUR_IED_AntonioVan_Aula2_6dea02,,,,,
2026-09-12T01:26:08-05:00,PUR_IED_AntonioVan_Aula5_f1557e,PUR_IED_AntonioVan_Aula5_f1557e,,,,,
2026-09-12T01:26:08-05:00,PUR_IED_AntonioVan_Ext_406f2f,PUR_IED_AntonioVan_Ext_406f2f,,,,,
2026-09-12T01:26:08-05:00,PUR_IED_Atabanzha_Ext_cc5af9,PUR_IED_Atabanzha_Ext_cc5af9,,,,,
2026-09-12T01:26:08-05:00,PUR_IED_Atabanzha_SA101_56c37,PUR_IED_Atabanzha_SA101_56c37,,,,,
2026-09-12T01:26:08-05:00,PUR_IED_Atabanzha_SB302_27b374,PUR_IED_Atabanzha_SB302_27b374,,,,,
2026-09-12T01:26:08-05:00,PUR_IED_Atahualpa_Ext_fc1748,PUR_IED_Atahualpa_Ext_fc1748,,,,,
2026-09-12T01:26:08-05:00,PUR_IED_Atahualpa_Informa_dc9a95,PUR_IED_Atahualpa_Informa_dc9a95,,,,,
2026-09-12T01:26:08-05:00,PUR_IED_Atahualpa_S1101_f98056,PUR_IED_Atahualpa_S1101_f98056,,,,,
2026-09-12T01:26:08-05:00,PUR_IED_Bellavista_Ext_f5aa74,PUR_IED_Bellavista_Ext_f5aa74,,,,,
2026-09-12T01:26:08-05:00,PUR_IED_Bilbao_11A_916c41,PUR_IED_Bilbao_11A_916c41,,,,,
2026-09-12T01:26:08-05:00,PUR_IED_Bilbao_Ext_fb579a,PUR_IED_Bilbao_Ext_fb579a,,,,,
2026-09-12T01:26:08-05:00,PUR_IED_BrasiliaU_A125_304280,PUR_IED_BrasiliaU_A125_304280,,,,,
2026-09-12T01:26:08-05:00,PUR_IED_BrasiliaU_A203_7c8ca5,PUR_IED_BrasiliaU_A203_7c8ca5,,,,,
2026-09-12T01:26:08-05:00,PUR_IED_BrasiliaU_Ext_8d6e9f,PUR_IED_BrasiliaU_Ext_8d6e9f,3,17,63,4.5175,-74.116302
2026-09-12T01:26:08-05:00,PUR_IED_Brasilia_Ext_fe6593,PUR_IED_Brasilia_Ext_fe6593,,,,,
2026-09-12T01:26:08-05:00,PUR_IED_Brasilia_S24_7c130d,PUR_IED_Brasilia_S24_7c130d,,,,,
2026-09-12T01:26:08-05:00,PUR_IED_Brasilia_S501_186a54,PUR_IED_Brasilia_S501_186a54,,,,,
2026-09-12T01:26:08-05:00,PUR_IED_CHARRY_EXT_f1d5cd,PUR_IED_CHARRY_EXT_f1d5cd,,,,,
2026-09-12T01:26:08-05:00,PUR_IED_CHARRY_INTDANZAS_7a08e6,PUR_IED_CHARRY_INTDANZAS_7a08e6,,,,,
2026-09-12T01:26:08-05:00,PUR_IED_CHARRY_INT_AULA20_dc998d,PUR_IED_CHARRY_INT_AULA20_dc998d,,,,,
2026-09-12T01:26:08-05:00,PUR_IED_COLVIV_1101_S25_7f520a,PUR_IED_COLVIV_1101_S25_7f520a,,,,,
2026-09-12T01:26:08-05:00,PUR_IED_COLVIV_1102_S16_f570ba,PUR_IED_COLVIV_1102_S16_f570ba,,,,,
2026-09-12T01:26:08-05:00,PUR_IED_COLVIV_Ext_1a26fa,PUR_IED_COLVIV_Ext_1a26fa,,,,,
2026-09-12T01:26:08-05:00,PUR_IED_CULPOP_301A_f660f3,PUR_IED_CULPOP_301A_f660f3,,,,,
2026-09-12T01:26:08-05:00,PUR_IED_CULPOP_303_568afe,PUR_IED_CULPOP_303_568afe,,,,,
2026-09-12T01:26:08-05:00,PUR_IED_CULPOP_Ext_e02ccb,PUR_IED_CULPOP_Ext_e02ccb,,,,,
2026-09-12T01:26:08-05:00,PUR_IED_CVillavicen_Ext_26eb58,PUR_IED_CVillavicen_Ext_26eb58,4,15,77,4.487,-74.102798
2026-09-12T01:26:08-05:00,PUR_IED_CVillavicen_Intel_1ce5c2,PUR_IED_CVillavicen_Intel_1ce5c2,,,,,
2026-09-12T01:26:08-05:00,PUR_IED_CVillavicen_Poliv_e0766c,PUR_IED_CVillavicen_Poliv_e0766c,,,,,
2026-09-12T01:26:08-05:00,PUR_IED_CVillavicen_int_1ba140,PUR_IED_CVillavicen_int_1ba140,,,,,
2026-09-12T01:26:08-05:00,PUR_IED_CVillavicen_intel_1ba140,PUR_IED_CVillavicen_intel_1ba140,,,,,
2026-09-12T01:26:08-05:00,PUR_IED_CarlosPizarro_Ext_e307cc,PUR_IED_CarlosPizarro_Ext_e307cc,,,,,
2026-09-12T01:26:08-05:00,PUR_IED_CarlosPizarro_L36_7e5cdb,PUR_IED_CarlosPizarro_L36_7e5cdb,,,,,
2026-09-12T01:26:08-05:00,PUR_IED_CarlosPizarro_L37_c8566c,PUR_IED_CarlosPizarro_L37_c8566c,,,,,
2026-09-12T01:26:08-05:00,PUR_IED_Castilla_Ext_cf35f,PUR_IED_Castilla_Ext_cf35f,,,,,
2026-09-12T01:26:08-05:00,PUR_IED_Castilla_SFisik_360e38,PUR_IED_Castilla_SFisik_360e38,,,,,
2026-09-12T01:26:08-05:00,PUR_IED_Castilla_Sc304_496fbf,PUR_IED_Castilla_Sc304_496fbf,,,,,
2026-09-12T01:26:08-05:00,PUR_IED_CervantesSa_Ext_6b57b,PUR_IED_CervantesSa_Ext_6b57b,3,17,69,4.5128,-74.117203
2026-09-12T01:26:08-05:00,PUR_IED_CervantesSa_S107_225c2b,PUR_IED_CervantesSa_S107_225c2b,,,,,
2026-09-12T01:26:08-05:00,PUR_IED_CervantesSa_S108_940925,PUR_IED_CervantesSa_S108_940925,,,,,
2026-09-12T01:26:08-05:00,PUR_IED_Charry_A20_f53e7c,PUR_IED_Charry_A20_f53e7c,,,,,
2026-09-12T01:26:08-05:00,PUR_IED_Charry_Ext_f1d5cd,PUR_IED_Charry_Ext_f1d5cd,,,,,
2026-09-12T01:26:08-05:00,PUR_IED_Charry_IntAula20_dc998d,PUR_IED_Charry_IntAula20_dc998d,,,,,
2026-09-12T01:26:08-05:00,PUR_IED_Charry_IntDanzas_7a08e6,PUR_IED_Charry_IntDanzas_7a08e6,,,,,
2026-09-12T01:26:08-05:00,PUR_IED_ClememciaC_203_43e2fc,PUR_IED_ClememciaC_203_43e2fc,,,,,
2026-09-12T01:26:08-05:00,PUR_IED_ClememciaC_Ext_1b411a,PUR_IED_ClememciaC_Ext_1b411a,,,,,
2026-09-12T01:26:08-05:00,PUR_IED_ClememciaC_Quimic_44b5fc,PUR_IED_ClememciaC_Quimic_44b5fc,,,,,
2026-09-12T01:26:08-05:00,PUR_IED_ClemenciaC_203_43e2fc,PUR_IED_ClemenciaC_203_43e2fc,,,,,
2026-09-12T01:26:08-05:00,PUR_IED_ClemenciaC_Ext_1b411a,PUR_IED_ClemenciaC_Ext_1b411a,,,,,
2026-09-12T01:26:08-05:00,PUR_IED_ClemenciaC_Quimic_44b5fc,PUR_IED_ClemenciaC_Quimic_44b5fc,,,,,
2026-09-12T01:26:08-05:00,PUR_IED_ColViva_1101_S25_7f520a,PUR_IED_ColViva_1101_S25_7f520a,,,,,
2026-09-12T01:26:08-05:00,PUR_IED_ColViva_1102_S16_f570ba,PUR_IED_ColViva_1102_S16_f570ba,,,,,
2026-09-12T01:26:08-05:00,PUR_IED_ColViva_Ext_1a26fa,PUR_IED_ColViva_Ext_1a26fa,,,,,
2026-09-12T01:26:08-05:00,PUR_IED_ColegioBici_Asist_7c8798,PUR_IED_ColegioBici_Asist_7c8798,,,,,
2026-09-12T01:26:08-05:00,PUR_IED_ColegioBici_Ext_25cbf6,PUR_IED_ColegioBici_Ext_25cbf6,,,,,
2026-09-12T01:26:08-05:00,PUR_IED_ColegioBici_LabQ_7b57db,PUR_IED_ColegioBici_LabQ_7b57db,,,,,
2026-09-12T01:26:08-05:00,PUR_IED_CostaRica_Ext_5e640,PUR_IED_CostaRica_Ext_5e640,,,,,
2026-09-12T01:26:08-05:00,PUR_IED_CostaRica_Quim1_766d1c,PUR_IED_CostaRica_Quim1_766d1c,,,,,
2026-09-12T01:26:08-05:00,PUR_IED_CostaRica__Fisica_6f0873,PUR_IED_CostaRica__Fisica_6f0873,,,,,
2026-09-12T01:26:08-05:00,PUR_IED_CulPopu_301A_f660f3,PUR_IED_CulPopu_301A_f660f3,,,,,
2026-09-12T01:26:08-05:00,PUR_IED_CulPopu_303_568afe,PUR_IED_CulPopu_303_568afe,,,,,
2026-09-12T01:26:08-05:00,PUR_IED_CulPopu_Ext_e02ccb,PUR_IED_CulPopu_Ext_e02ccb,,,,,
2026-09-12T01:26:08-05:00,PUR_IED_Cundinamarca_Ext_f15985,PUR_IED_Cundinamarca_Ext_f15985,,,,,
2026-09-12T01:26:08-05:00,PUR_IED_Cundinamarca_Info_7aa5d7,PUR_IED_Cundinamarca_Info_7aa5d7,,,,,
2026-09-12T01:26:08-05:00,PUR_IED_Cundinamarca_Tec2_f449c7,PUR_IED_Cundinamarca_Tec2_f449c7,,,,,
2026-09-12T01:26:08-05:00,PUR_IED_DiegoM_Aula1_27b314,PUR_IED_DiegoM_Aula1_27b314,,,,,
2026-09-12T01:26:08-05:00,PUR_IED_DiegoM_Ext_d80ac8,PUR_IED_DiegoM_Ext_d80ac8,,,,,
2026-09-12T01:26:08-05:00,PUR_IED_DiegoM_S25_da928f,PUR_IED_DiegoM_S25_da928f,,,,,
2026-09-12T01:26:08-05:00,PUR_IED_ELRODEO_360881,PUR_IED_ELRODEO_360881,,,,,
2026-09-12T01:26:08-05:00,PUR_IED_ELRODEO_ext_360881,PUR_IED_ELRODEO_ext_360881,,,,,
2026-09-12T01:26:08-05:00,PUR_IED_EduardoU_Ext_1c1969,PUR_IED_EduardoU_Ext_1c1969,,,,,
2026-09-12T01:26:08-05:00,PUR_IED_EduardoU_SCiencia_4dfb94,PUR_IED_EduardoU_SCiencia_4dfb94,,,,,
2026-09-12T01:26:08-05:00,PUR_IED_EduardoU_SQuimica_5a46e7,PUR_IED_EduardoU_SQuimica_5a46e7,,,,,
2026-09-12T01:26:08-05:00,PUR_IED_ElRodeo_Aula14_676984,PUR_IED_ElRodeo_Aula14_676984,,,,,
2026-09-12T01:26:08-05:00,PUR_IED_ElRodeo_Aula16_2dd35b,PUR_IED_ElRodeo_Aula16_2dd35b,,,,,
2026-09-12T01:26:08-05:00,PUR_IED_ElRodeo_Ext_360881,PUR_IED_ElRodeo_Ext_360881,,,,,
2026-09-12T01:26:08-05:00,PUR_IED_ElRodeo_Exterior_8c6d28,PUR_IED_ElRodeo_Exterior_8c6d28,,,,,
2026-09-12T01:26:08-05:00,PUR_IED_ElRodeo_ext_360881,PUR_IED_ElRodeo_ext_360881,,,,,
2026-09-12T01:26:08-05:00,PUR_IED_EmmaReyes_Ext_987625,PUR_IED_EmmaReyes_Ext_987625,14,21,53,4.6367,-74.1511
2026-09-12T01:26:08-05:00,PUR_IED_Ensueño_Ext_7f0250,PUR_IED_Ensueño_Ext_7f0250,,,,,
2026-09-12T01:26:08-05:00,PUR_IED_EscNormal_Ext_5fef3b,PUR_IED_EscNormal_Ext_5fef3b,2,18,60,4.5852,-74.096901
2026-09-12T01:26:08-05:00,PUR_IED_EscNormal_S309_5b263,PUR_IED_EscNormal_S309_5b263,,,,,
2026-09-12T01:26:08-05:00,PUR_IED_EscNormal_S310_27b3b8,PUR_IED_EscNormal_S310_27b3b8,,,,,
2026-09-12T01:26:08-05:00,PUR_IED_Evangelista_Conta_f6cd4f,PUR_IED_Evangelista_Conta_f6cd4f,,,,,
2026-09-12T01:26:08-05:00,PUR_IED_Evangelista_Cri_5e16a,PUR_IED_Evangelista_Cri_5e16a,,,,,
2026-09-12T01:26:08-05:00,PUR_IED_Evangelista_Exter_754066,PUR_IED_Evangelista_Exter_754066,,,,,
2026-09-12T01:26:08-05:00,PUR_IED_FMiranda_S209_5cc2a3,PUR_IED_FMiranda_S209_5cc2a3,,,,,
2026-09-12T01:26:08-05:00,PUR_IED_FMiranda_S303_19e344,PUR_IED_FMiranda_S303_19e344,,,,,
2026-09-12T01:26:08-05:00,PUR_IED_FMiranda_ext_f53e7c,PUR_IED_FMiranda_ext_f53e7c,,,,,
2026-09-12T01:26:08-05:00,PUR_IED_FabioLozano_Bibli_1cee05,PUR_IED_FabioLozano_Bibli_1cee05,,,,,
2026-09-12T01:26:08-05:00,PUR_IED_FabioLozano_Ext_6ea285,PUR_IED_FabioLozano_Ext_6ea285,,,,,
2026-09-12T01:26:08-05:00,PUR_IED_FabioLozano_SLudi_f09e1e,PUR_IED_FabioLozano_SLudi_f09e1e,,,,,
2026-09-12T01:26:08-05:00,PUR_IED_FaustinoS_Aula07_27a731,PUR_IED_FaustinoS_Aula07_27a731,,,,,
2026-09-12T01:26:08-05:00,PUR_IED_FaustinoS_Ext_7b936f,PUR_IED_FaustinoS_Ext_7b936f,,,,,
2026-09-12T01:26:08-05:00,PUR_IED_FaustinoS_Fisica_da2c60,PUR_IED_FaustinoS_Fisica_da2c60,,,,,
2026-09-12T01:26:08-05:00,PUR_IED_FeGarciaLo_Ext_dc68ee,PUR_IED_FeGarciaLo_Ext_dc68ee,,,,,
2026-09-12T01:26:08-05:00,PUR_IED_FeGarciaLo_SDanza_f70a59,PUR_IED_FeGarciaLo_SDanza_f70a59,,,,,
2026-09-12T01:26:08-05:00,PUR_IED_FeGarciaLo_SMusic_125cdd,PUR_IED_FeGarciaLo_SMusic_125cdd,,,,,
2026-09-12T01:26:08-05:00,PUR_IED_FederalAlema_Exte_50c345,PUR_IED_FederalAlema_Exte_50c345,,,,,
2026-09-12T01:26:08-05:00,PUR_IED_FederalAlema_S31_f18371,PUR_IED_FederalAlema_S31_f18371,,,,,
2026-09-12T01:26:08-05:00,PUR_IED_FederalAlema_S901_a62cd,PUR_IED_FederalAlema_S901_a62cd,,,,,
2026-09-12T01:26:08-05:00,PUR_IED_FilarmonicaS_A5_f35eb1,PUR_IED_FilarmonicaS_A5_f35eb1,,,,,
2026-09-12T01:26:08-05:00,PUR_IED_FilarmonicaS_Ext_8a3bde,PUR_IED_FilarmonicaS_Ext_8a3bde,,,,,
2026-09-12T01:26:08-05:00,PUR_IED_FilarmonicaS_Spol_406114,PUR_IED_FilarmonicaS_Spol_406114,,,,,
2026-09-12T01:26:08-05:00,PUR_IED_FlorentinoG_A13_d1fa59,PUR_IED_FlorentinoG_A13_d1fa59,,,,,
2026-09-12T01:26:08-05:00,PUR_IED_FlorentinoG_Ext_1ce6ce,PUR_IED_FlorentinoG_Ext_1ce6ce,,,,,
2026-09-12T01:26:08-05:00,PUR_IED_FlorentinoG_Idiom_a66aac,PUR_IED_FlorentinoG_Idiom_a66aac,,,,,
2026-09-12T01:26:08-05:00,PUR_IED_FranciscoMati_Ext_e3869d,PUR_IED_FranciscoMati_Ext_e3869d,,,,,
2026-09-12T01:26:08-05:00,PUR_IED_FranciscoMati_S13_f31c67,PUR_IED_FranciscoMati_S13_f31c67,,,,,
2026-09-12T01:26:08-05:00,PUR_IED_FranciscoMati_S14_97dead,PUR_IED_FranciscoMati_S14_97dead,,,,,
2026-09-12T01:26:08-05:00,PUR_IED_FranciscoPS_Ext_7bfa9a,PUR_IED_FranciscoPS_Ext_7bfa9a,2,20,58,4.5899,-74.110397
2026-09-12T01:26:08-05:00,PUR_IED_FranciscoPS_Infor_fb8f4c,PUR_IED_FranciscoPS_Infor_fb8f4c,,,,,
2026-09-12T01:26:08-05:00,PUR_IED_FranciscoPS_Quimi_94d39c,PUR_IED_FranciscoPS_Quimi_94d39c,,,,,
2026-09-12T01:26:08-05:00,PUR_IED_FranciscoP_LabQ_d7e148,PUR_IED_FranciscoP_LabQ_d7e148,,,,,
2026-09-12T01:26:08-05:00,PUR_IED_FranciscoP_S28_cf9b30,PUR_IED_FranciscoP_S28_cf9b30,,,,,
2026-09-12T01:26:08-05:00,PUR_IED_FranciscoP_ext_e2313,PUR_IED_FranciscoP_ext_e2313,,,,,
2026-09-12T01:26:08-05:00,PUR_IED_FriederichN_Ext_8ac92a,PUR_IED_FriederichN_Ext_8ac92a,,,,,
2026-09-12T01:26:08-05:00,PUR_IED_FriederichN_S301_dd7e5a,PUR_IED_FriederichN_S301_dd7e5a,,,,,
2026-09-12T01:26:08-05:00,PUR_IED_FriederichN_S308_761f4f,PUR_IED_FriederichN_S308_761f4f,,,,,
2026-09-12T01:26:08-05:00,PUR_IED_GSantander_Aula10_533dd7,PUR_IED_GSantander_Aula10_533dd7,,,,,
2026-09-12T01:26:08-05:00,PUR_IED_GSantander_Aula12_fd4e4f,PUR_IED_GSantander_Aula12_fd4e4f,,,,,
2026-09-12T01:26:08-05:00,PUR_IED_GSantander_Aula310_533dd7,PUR_IED_GSantander_Aula310_533dd7,,,,,
2026-09-12T01:26:08-05:00,PUR_IED_GSantander_Aula312_fd4e4f,PUR_IED_GSantander_Aula312_fd4e4f,,,,,
2026-09-12T01:26:08-05:00,PUR_IED_GSantander_Ext_5f66b0,PUR_IED_GSantander_Ext_5f66b0,,,,,
2026-09-12T01:26:08-05:00,PUR_IED_GYomasa_Ext_f6bea5,PUR_IED_GYomasa_Ext_f6bea5,,,,,
2026-09-12T01:26:08-05:00,PUR_IED_GYomasa_LBiol_2c41aa,PUR_IED_GYomasa_LBiol_2c41aa,,,,,
2026-09-12T01:26:08-05:00,PUR_IED_GYomasa_LQuim_33c80,PUR_IED_GYomasa_LQuim_33c80,,,,,
2026-09-12T01:26:08-05:00,PUR_IED_GabBetMejia_Cienc_5a99c,PUR_IED_GabBetMejia_Cienc_5a99c,,,,,
2026-09-12T01:26:08-05:00,PUR_IED_GabBetMejia_Ext_9153d0,PUR_IED_GabBetMejia_Ext_9153d0,,,,,
2026-09-12T01:26:08-05:00,PUR_IED_GabBetMejia_Lab_f55347,PUR_IED_GabBetMejia_Lab_f55347,,,,,
2026-09-12T01:26:08-05:00,PUR_IED_GabBetanMejia_Ext_9153d0,PUR_IED_GabBetanMejia_Ext_9153d0,,,,,
2026-09-12T01:26:08-05:00,PUR_IED_Gaitana_Aula13_7aac11,PUR_IED_Gaitana_Aula13_7aac11,,,,,
2026-09-12T01:26:08-05:00,PUR_IED_Gaitana_Ext_5fcf4,PUR_IED_Gaitana_Ext_5fcf4,,,,,
2026-09-12T01:26:08-05:00,PUR_IED_Gaitana_LabFisica_644448,PUR_IED_Gaitana_LabFisica_644448,,,,,
2026-09-12T01:26:08-05:00,PUR_IED_GenSantander_Dise_8ac858,PUR_IED_GenSantander_Dise_8ac858,,,,,
2026-09-12T01:26:08-05:00,PUR_IED_GenSantander_Ext_8d5dfe,PUR_IED_GenSantander_Ext_8d5dfe,,,,,
2026-09-12T01:26:08-05:00,PUR_IED_GenSantander_Info_6c25b,PUR_IED_GenSantander_Info_6c25b,,,,,
2026-09-12T01:26:08-05:00,PUR_IED_GustavoMo_Exterio_75e63d,PUR_IED_GustavoMo_Exterio_75e63d,,,,,
2026-09-12T01:26:08-05:00,PUR_IED_GustavoMo_LabFisi_224d37,PUR_IED_GustavoMo_LabFisi_224d37,,,,,
2026-09-12T01:26:08-05:00,PUR_IED_GustavoMo_S208_3e6918,PUR_IED_GustavoMo_S208_3e6918,,,,,
2026-09-12T01:26:08-05:00,PUR_IED_GustavoR_A02_8cd4a8,PUR_IED_GustavoR_A02_8cd4a8,,,,,
2026-09-12T01:26:08-05:00,PUR_IED_GustavoR_B11_5b0ed,PUR_IED_GustavoR_B11_5b0ed,,,,,
2026-09-12T01:26:08-05:00,PUR_IED_GustavoR_Ext_7a0c90,PUR_IED_GustavoR_Ext_7a0c90,,,,,
2026-09-12T01:26:08-05:00,PUR_IED_HernandoDuran_Ext_8cd82b,PUR_IED_HernandoDuran_Ext_8cd82b,,,,,
2026-09-12T01:26:08-05:00,PUR_IED_HernandoDuran_S24_2772c6,PUR_IED_HernandoDuran_S24_2772c6,,,,,
2026-09-12T01:26:08-05:00,PUR_IED_HernandoDuran_S30_f2de41,PUR_IED_HernandoDuran_S30_f2de41,,,,,
2026-09-12T01:26:08-05:00,PUR_IED_HolguInUr_S1101_8cd732,PUR_IED_HolguInUr_S1101_8cd732,,,,,
2026-09-12T01:26:08-05:00,PUR_IED_HolguinUr_Exter_ddae6d,PUR_IED_HolguinUr_Exter_ddae6d,,,,,
2026-09-12T01:26:08-05:00,PUR_IED_HolguinUr_LabQuim_92b952,PUR_IED_HolguinUr_LabQuim_92b952,,,,,
2026-09-12T01:26:08-05:00,PUR_IED_Isabel-II_Ext_5245cc,PUR_IED_Isabel-II_Ext_5245cc,15,18,60,4.6336,-74.153
2026-09-12T01:26:08-05:00,PUR_IED_Isabel-II_S_idiom_1c29aa,PUR_IED_Isabel-II_S_idiom_1c29aa,,,,,
2026-09-12T01:26:08-05:00,PUR_IED_Isabel-II_S_infor_fd741,PUR_IED_Isabel-II_S_infor_fd741,,,,,
2026-09-12T01:26:08-05:00,PUR_IED_IsidroSur_Exterio_5b90ea,PUR_IED_IsidroSur_Exterio_5b90ea,,,,,
2026-09-12T01:26:08-05:00,PUR_IED_IsidroSur_LabTec_56697a,PUR_IED_IsidroSur_LabTec_56697a,,,,,
2026-09-12T01:26:08-05:00,PUR_IED_IsidroSur_Robotic_b7c38f,PUR_IED_IsidroSur_Robotic_b7c38f,,,,,
2026-09-12T01:26:08-05:00,PUR_IED_IsmaelPerd_Ext_7b6672,PUR_IED_IsmaelPerd_Ext_7b6672,,,,,
2026-09-12T01:26:08-05:00,PUR_IED_IsmaelPerd_Inform_306540,PUR_IED_IsmaelPerd_Inform_306540,,,,,
2026-09-12T01:26:08-05:00,PUR_IED_IsmaelPerd_S30_2e2c83,PUR_IED_IsmaelPerd_S30_2e2c83,,,,,
2026-09-12T01:26:08-05:00,PUR_IED_JLozano_Exter_432910,PUR_IED_JLozano_Exter_432910,,,,,
2026-09-12T01:26:08-05:00,PUR_IED_JLozano_salaMulti_df5125,PUR_IED_JLozano_salaMulti_df5125,,,,,
2026-09-12T01:26:08-05:00,PUR_IED_JMCordoba_206_86f80b,PUR_IED_JMCordoba_206_86f80b,,,,,
2026-09-12T01:26:08-05:00,PUR_IED_JMCordoba_Ext_27ad97,PUR_IED_JMCordoba_Ext_27ad97,,,,,
2026-09-12T01:26:08-05:00,PUR_IED_JMCordoba_S310_d59ab4,PUR_IED_JMCordoba_S310_d59ab4,,,,,
2026-09-12T01:26:08-05:00,PUR_IED_Japon_Ext_549100,PUR_IED_Japon_Ext_549100,,,,,
2026-09-12T01:26:08-05:00,PUR_IED_Japon_Laboratorio_bec51d,PUR_IED_Japon_Laboratorio_bec51d,,,,,
2026-09-12T01:26:08-05:00,PUR_IED_Japon_informatica_d99327,PUR_IED_Japon_informatica_d99327,,,,,
2026-09-12T01:26:08-05:00,PUR_IED_Jazmin_Ext_d27bda,PUR_IED_Jazmin_Ext_d27bda,,,,,
2026-09-12T01:26:08-05:00,PUR_IED_Jazmin_Fisica_8d14d7,PUR_IED_Jazmin_Fisica_8d14d7,,,,,
2026-09-12T01:26:08-05:00,PUR_IED_Jazmin_Quimica_801cb5,PUR_IED_Jazmin_Quimica_801cb5,,,,,
2026-09-12T01:26:08-05:00,PUR_IED_JorgeGaitan_Exter_f098d1,PUR_IED_JorgeGaitan_Exter_f098d1,,,,,
2026-09-12T01:26:08-05:00,PUR_IED_JorgeGaitan_STec1_dc9d1d,PUR_IED_JorgeGaitan_STec1_dc9d1d,,,,,
2026-09-12T01:26:08-05:00,PUR_IED_JorgeGaitan_STec2_281e69,PUR_IED_JorgeGaitan_STec2_281e69,,,,,
2026-09-12T01:26:08-05:00,PUR_IED_JorgeSoto_Exterio_d9d0a2,PUR_IED_JorgeSoto_Exterio_d9d0a2,,,,,
2026-09-12T01:26:08-05:00,PUR_IED_JorgeSoto_LabFisi_209c54,PUR_IED_JorgeSoto_LabFisi_209c54,,,,,
2026-09-12T01:26:08-05:00,PUR_IED_JorgeSoto_S103_27b51a,PUR_IED_JorgeSoto_S103_27b51a,,,,,
2026-09-12T01:26:08-05:00,PUR_IED_JoseAcevedo_A02_e965eb,PUR_IED_JoseAcevedo_A02_e965eb,,,,,
2026-09-12T01:26:08-05:00,PUR_IED_JoseAcevedo_A07_dd5b4,PUR_IED_JoseAcevedo_A07_dd5b4,,,,,
2026-09-12T01:26:08-05:00,PUR_IED_JoseAcevedo_Ext_b47484,PUR_IED_JoseAcevedo_Ext_b47484,,,,,
2026-09-12T01:26:08-05:00,PUR_IED_JoseMarti_Exte_5b9bf,PUR_IED_JoseMarti_Exte_5b9bf,,,,,
2026-09-12T01:26:08-05:00,PUR_IED_JoseMarti_LabQuim_1c6c2d,PUR_IED_JoseMarti_LabQuim_1c6c2d,,,,,
2026-09-12T01:26:08-05:00,PUR_IED_JoseMarti_S_info_f5f177,PUR_IED_JoseMarti_S_info_f5f177,,,,,
2026-09-12T01:26:08-05:00,PUR_IED_Josejoaquin_Ext_dfc5dc,PUR_IED_Josejoaquin_Ext_dfc5dc,,,,,
2026-09-12T01:26:08-05:00,PUR_IED_Josejoaquin_S05_5b2a96,PUR_IED_Josejoaquin_S05_5b2a96,,,,,
2026-09-12T01:26:08-05:00,PUR_IED_Josejoaquin_S06_1ce7d2,PUR_IED_Josejoaquin_S06_1ce7d2,,,,,
2026-09-12T01:26:08-05:00,PUR_IED_JulioFlorez_Danza_9b82dd,PUR_IED_JulioFlorez_Danza_9b82dd,,,,,
2026-09-12T01:26:08-05:00,PUR_IED_JulioFlorez_Exter_f9f314,PUR_IED_JulioFlorez_Exter_f9f314,,,,,
2026-09-12T01:26:08-05:00,PUR_IED_JulioFlorez_info2_6b6e08,PUR_IED_JulioFlorez_info2_6b6e08,,,,,
2026-09-12T01:26:08-05:00,PUR_IED_LaBelleza_Aula13_1d00d8,PUR_IED_LaBelleza_Aula13_1d00d8,,,,,
2026-09-12T01:26:08-05:00,PUR_IED_LaBelleza_Ext_7bc08c,PUR_IED_LaBelleza_Ext_7bc08c,,,,,
2026-09-12T01:26:08-05:00,PUR_IED_LaChucua_Ext_8cd6d2,PUR_IED_LaChucua_Ext_8cd6d2,,,,,
2026-09-12T01:26:08-05:00,PUR_IED_LaChucua_S15_f578ce,PUR_IED_LaChucua_S15_f578ce,,,,,
2026-09-12T01:26:08-05:00,PUR_IED_LaChucua_S16_eebcf9,PUR_IED_LaChucua_S16_eebcf9,,,,,
2026-09-12T01:26:08-05:00,PUR_IED_LaFelicidad_Ext_fb5109,PUR_IED_LaFelicidad_Ext_fb5109,,,,,
2026-09-12T01:26:08-05:00,PUR_IED_LaMerced_206_66ebd,PUR_IED_LaMerced_206_66ebd,,,,,
2026-09-12T01:26:08-05:00,PUR_IED_LaMerced_207_6ebd6,PUR_IED_LaMerced_207_6ebd6,,,,,
2026-09-12T01:26:08-05:00,PUR_IED_LaMerced_ext_304311,PUR_IED_LaMerced_ext_304311,,,,,
2026-09-12T01:26:08-05:00,PUR_IED_Laureano_CiencNat_281e5e,PUR_IED_Laureano_CiencNat_281e5e,,,,,
2026-09-12T01:26:08-05:00,PUR_IED_Laureano_Comedor_f65c0a,PUR_IED_Laureano_Comedor_f65c0a,,,,,
2026-09-12T01:26:08-05:00,PUR_IED_Laureano_Exterior_7ab011,PUR_IED_Laureano_Exterior_7ab011,,,,,
2026-09-12T01:26:08-05:00,PUR_IED_LeonGreiff_Exte_dfe560,PUR_IED_LeonGreiff_Exte_dfe560,,,,,
2026-09-12T01:26:08-05:00,PUR_IED_LeonGreiff_S210_f264ed,PUR_IED_LeonGreiff_S210_f264ed,,,,,
2026-09-12T01:26:08-05:00,PUR_IED_LeonGreiff_SQuimi_e8296f,PUR_IED_LeonGreiff_SQuimi_e8296f,,,,,
2026-09-12T01:26:08-05:00,PUR_IED_LlanoOrientalS208_7b9fcd,PUR_IED_LlanoOrientalS208_7b9fcd,,,,,
2026-09-12T01:26:08-05:00,PUR_IED_LlanoOriental_Ext_fb3766,PUR_IED_LlanoOriental_Ext_fb3766,,,,,
2026-09-12T01:26:08-05:00,PUR_IED_LlanoOriental_S208_7b9fcd,PUR_IED_LlanoOriental_S208_7b9fcd,,,,,
2026-09-12T01:26:08-05:00,PUR_IED_LlanoOriental_S9_27b378,PUR_IED_LlanoOriental_S9_27b378,,,,,
2026-09-12T01:26:08-05:00,PUR_IED_LosTejares_1101_477602,PUR_IED_LosTejares_1101_477602,,,,,
2026-09-12T01:26:08-05:00,PUR_IED_LosTejares_11_d2c595,PUR_IED_LosTejares_11_d2c595,,,,,
2026-09-12T01:26:08-05:00,PUR_IED_LosTejares_12_477602,PUR_IED_LosTejares_12_477602,,,,,
2026-09-12T01:26:08-05:00,PUR_IED_LosTejares_Ext_8e2115,PUR_IED_LosTejares_Ext_8e2115,,,,,
2026-09-12T01:26:08-05:00,PUR_IED_MagdalenaO_B202_5ddda3,PUR_IED_MagdalenaO_B202_5ddda3,,,,,
2026-09-12T01:26:08-05:00,PUR_IED_MagdalenaO_B205_fb76e8,PUR_IED_MagdalenaO_B205_fb76e8,,,,,
2026-09-12T01:26:08-05:00,PUR_IED_MagdalenaO_ext_dc69cd,PUR_IED_MagdalenaO_ext_dc69cd,,,,,
2026-09-12T01:26:08-05:00,PUR_IED_ManueCepeda_artes_eee956,PUR_IED_ManueCepeda_artes_eee956,,,,,
2026-09-12T01:26:08-05:00,PUR_IED_ManuelCepeda_Ext_58313,PUR_IED_ManuelCepeda_Ext_58313,,,,,
2026-09-12T01:26:08-05:00,PUR_IED_ManuelCepeda_tec_1c5731,PUR_IED_ManuelCepeda_tec_1c5731,,,,,
2026-09-12T01:26:08-05:00,PUR_IED_ManuelS_Exterior_5b269,PUR_IED_ManuelS_Exterior_5b269,,,,,
2026-09-12T01:26:08-05:00,PUR_IED_ManuelS_Inform_f369ce,PUR_IED_ManuelS_Inform_f369ce,,,,,
2026-09-12T01:26:08-05:00,PUR_IED_ManuelS_SArtes_7d15f1,PUR_IED_ManuelS_SArtes_7d15f1,,,,,
2026-09-12T01:26:08-05:00,PUR_IED_ManuelZapata_303_3ca6,PUR_IED_ManuelZapata_303_3ca6,,,,,
2026-09-12T01:26:08-05:00,PUR_IED_ManuelZapata_311_bfbabc,PUR_IED_ManuelZapata_311_bfbabc,,,,,
2026-09-12T01:26:08-05:00,PUR_IED_ManuelZapata_Ext_50824a,PUR_IED_ManuelZapata_Ext_50824a,,,,,
2026-09-12T01:26:08-05:00,PUR_IED_ManuelitaS_Exteri_656a92,PUR_IED_ManuelitaS_Exteri_656a92,,,,,
2026-09-12T01:26:08-05:00,PUR_IED_ManuelitaS_JuzgDe_f58ec3,PUR_IED_ManuelitaS_JuzgDe_f58ec3,,,,,
2026-09-12T01:26:08-05:00,PUR_IED_ManuelitaS_Recrea_d793db,PUR_IED_ManuelitaS_Recrea_d793db,,,,,
2026-09-12T01:26:08-05:00,PUR_IED_MarFidSuarez_Ext_c27b19,PUR_IED_MarFidSuarez_Ext_c27b19,,,,,
2026-09-12T01:26:08-05:00,PUR_IED_MarFidSuarez_Info_e384d7,PUR_IED_MarFidSuarez_Info_e384d7,,,,,
2026-09-12T01:26:08-05:00,PUR_IED_MarFidSuarez_S306_1d0032,PUR_IED_MarFidSuarez_S306_1d0032,,,,,
2026-09-12T01:26:08-05:00,PUR_IED_Menorah_301_2a25a3,PUR_IED_Menorah_301_2a25a3,,,,,
2026-09-12T01:26:08-05:00,PUR_IED_Menorah_306_37ed3,PUR_IED_Menorah_306_37ed3,,,,,
2026-09-12T01:26:08-05:00,PUR_IED_Menorah_Ext_3e155b,PUR_IED_Menorah_Ext_3e155b,,,,,
2026-09-12T01:26:08-05:00,PUR_IED_MinutoB.Aires_A11_1b1604,PUR_IED_MinutoB.Aires_A11_1b1604,,,,,
2026-09-12T01:26:08-05:00,PUR_IED_MinutoB.Aires_A12_fb5860,PUR_IED_MinutoB.Aires_A12_fb5860,,,,,
2026-09-12T01:26:08-05:00,PUR_IED_MinutoB.Aires_Ext_81293f,PUR_IED_MinutoB.Aires_Ext_81293f,,,,,
2026-09-12T01:26:08-05:00,PUR_IED_MinutoBAires_A11_1b1604,PUR_IED_MinutoBAires_A11_1b1604,,,,,
2026-09-12T01:26:08-05:00,PUR_IED_MinutoBAires_A12_fb5860,PUR_IED_MinutoBAires_A12_fb5860,,,,,
2026-09-12T01:26:08-05:00,PUR_IED_MinutoBAires_Ext_81293f,PUR_IED_MinutoBAires_Ext_81293f,,,,,
2026-09-12T01:26:08-05:00,PUR_IED_Montreal_Aula10_1e4959,PUR_IED_Montreal_Aula10_1e4959,,,,,
2026-09-12T01:26:08-05:00,PUR_IED_Montreal_Aula6_300367,PUR_IED_Montreal_Aula6_300367,,,,,
2026-09-12T01:26:08-05:00,PUR_IED_Montreal_Exterior_91a179,PUR_IED_Montreal_Exterior_91a179,,,,,
2026-09-12T01:26:08-05:00,PUR_IED_Mqgdalena_B202_5ddda3,PUR_IED_Mqgdalena_B202_5ddda3,,,,,
2026-09-12T01:26:08-05:00,PUR_IED_NACUND_Soc_dc8728,PUR_IED_NACUND_Soc_dc8728,,,,,
2026-09-12T01:26:08-05:00,PUR_IED_NACUND_ext_27ad97,PUR_IED_NACUND_ext_27ad97,,,,,
2026-09-12T01:26:08-05:00,PUR_IED_NEsperanza_Ext_d24b61,PUR_IED_NEsperanza_Ext_d24b61,,,,,
2026-09-12T01:26:08-05:00,PUR_IED_NEsperanza_SElect_7d1807,PUR_IED_NEsperanza_SElect_7d1807,,,,,
2026-09-12T01:26:08-05:00,PUR_IED_NEsperanza_SLabor_8b2d0a,PUR_IED_NEsperanza_SLabor_8b2d0a,,,,,
2026-09-12T01:26:08-05:00,PUR_IED_NacionesU_Ext_f661a9,PUR_IED_NacionesU_Ext_f661a9,,,,,
2026-09-12T01:26:08-05:00,PUR_IED_NacionesU_Quimica_66f0a,PUR_IED_NacionesU_Quimica_66f0a,,,,,
2026-09-12T01:26:08-05:00,PUR_IED_NacionesU_S306_1b4b3d,PUR_IED_NacionesU_S306_1b4b3d,,,,,
2026-09-12T01:26:08-05:00,PUR_IED_NestorFA_Ext_e4201c,PUR_IED_NestorFA_Ext_e4201c,,,,,
2026-09-12T01:26:08-05:00,PUR_IED_NestorFA_Laborato_f22fe0,PUR_IED_NestorFA_Laborato_f22fe0,,,,,
2026-09-12T01:26:08-05:00,PUR_IED_NestorFA_S204_dee996,PUR_IED_NestorFA_S204_dee996,,,,,
2026-09-12T01:26:08-05:00,PUR_IED_NidyaQT_Aula03_76999b,PUR_IED_NidyaQT_Aula03_76999b,,,,,
2026-09-12T01:26:08-05:00,PUR_IED_NidyaQT_Aula10_56325,PUR_IED_NidyaQT_Aula10_56325,,,,,
2026-09-12T01:26:08-05:00,PUR_IED_NidyaQT_Ext_46e32d,PUR_IED_NidyaQT_Ext_46e32d,,,,,
2026-09-12T01:26:08-05:00,PUR_IED_NuevaCol_Exterior_d9b859,PUR_IED_NuevaCol_Exterior_d9b859,,,,,
2026-09-12T01:26:08-05:00,PUR_IED_NuevaCol_S1101_76c43b,PUR_IED_NuevaCol_S1101_76c43b,,,,,
2026-09-12T01:26:08-05:00,PUR_IED_NuevaCol_S1102_1ce0b5,PUR_IED_NuevaCol_S1102_1ce0b5,,,,,
2026-09-12T01:26:08-05:00,PUR_IED_OEA_A202_f7e3f2,PUR_IED_OEA_A202_f7e3f2,,,,,
2026-09-12T01:26:08-05:00,PUR_IED_OEA_A203_7d1b8d,PUR_IED_OEA_A203_7d1b8d,,,,,
2026-09-12T01:26:08-05:00,PUR_IED_OEA_Ext_27b593,PUR_IED_OEA_Ext_27b593,,,,,
2026-09-12T01:26:08-05:00,PUR_IED_Ochoa_Ext_1c29da,PUR_IED_Ochoa_Ext_1c29da,,,,,
2026-09-12T01:26:08-05:00,PUR_IED_Ochoa_S205_8b1121,PUR_IED_Ochoa_S205_8b1121,,,,,
2026-09-12T01:26:08-05:00,PUR_IED_Ochoa_Sistemas_f33af6,PUR_IED_Ochoa_Sistemas_f33af6,,,,,
2026-09-12T01:26:08-05:00,PUR_IED_PQuebec_Ext_1c67c7,PUR_IED_PQuebec_Ext_1c67c7,,,,,
2026-09-12T01:26:08-05:00,PUR_IED_PQuebec_S15_23e8e2,PUR_IED_PQuebec_S15_23e8e2,,,,,
2026-09-12T01:26:08-05:00,PUR_IED_PQuebec_S16_8ec76b,PUR_IED_PQuebec_S16_8ec76b,,,,,
2026-09-12T01:26:08-05:00,PUR_IED_PabloN_Ext_49dc96,PUR_IED_PabloN_Ext_49dc96,,,,,
2026-09-12T01:26:08-05:00,PUR_IED_PabloN_S1102_4e3df5,PUR_IED_PabloN_S1102_4e3df5,,,,,
2026-09-12T01:26:08-05:00,PUR_IED_PabloN_S1103_50c94b,PUR_IED_PabloN_S1103_50c94b,,,,,
2026-09-12T01:26:08-05:00,PUR_IED_Palestina_S1101_db9198,PUR_IED_Palestina_S1101_db9198,,,,,
2026-09-12T01:26:08-05:00,PUR_IED_Palestina_S1102_dc54fa,PUR_IED_Palestina_S1102_dc54fa,,,,,
2026-09-12T01:26:08-05:00,PUR_IED_Palestina_ext_4ccce6,PUR_IED_Palestina_ext_4ccce6,,,,,
2026-09-12T01:26:08-05:00,PUR_IED_Panama_Fisica_4d0794,PUR_IED_Panama_Fisica_4d0794,,,,,
2026-09-12T01:26:08-05:00,PUR_IED_Panama_SIngles_a4077e,PUR_IED_Panama_SIngles_a4077e,,,,,
2026-09-12T01:26:08-05:00,PUR_IED_Panama_ext_4c54b4,PUR_IED_Panama_ext_4c54b4,,,,,
2026-09-12T01:26:08-05:00,PUR_IED_ParaisoM_Exterior_8cd7f0,PUR_IED_ParaisoM_Exterior_8cd7f0,,,,,
2026-09-12T01:26:08-05:00,PUR_IED_ParaisoM_Laborato_27af35,PUR_IED_ParaisoM_Laborato_27af35,,,,,
2026-09-12T01:26:08-05:00,PUR_IED_ParaisoM_S304_d1edca,PUR_IED_ParaisoM_S304_d1edca,,,,,
2026-09-12T01:26:08-05:00,PUR_IED_PorfirioBarba_Ext_301466,PUR_IED_PorfirioBarba_Ext_301466,,,,,
2026-09-12T01:26:08-05:00,PUR_IED_PorfirioBarba_S11_df6cd2,PUR_IED_PorfirioBarba_S11_df6cd2,,,,,
2026-09-12T01:26:08-05:00,PUR_IED_PorfirioBarba_S29_27a7d6,PUR_IED_PorfirioBarba_S29_27a7d6,,,,,
2026-09-12T01:26:08-05:00,PUR_IED_PradoV_Exter_8b27ad,PUR_IED_PradoV_Exter_8b27ad,,,,,
2026-09-12T01:26:08-05:00,PUR_IED_PradoV_S301_de65b5,PUR_IED_PradoV_S301_de65b5,,,,,
2026-09-12T01:26:08-05:00,PUR_IED_PradoV_S302_7d2593,PUR_IED_PradoV_S302_7d2593,,,,,
2026-09-12T01:26:08-05:00,PUR_IED_QuirogaAlz_Ext_1ddc82,PUR_IED_QuirogaAlz_Ext_1ddc82,,,,,
2026-09-12T01:26:08-05:00,PUR_IED_QuirogaAlz_S302_9926a3,PUR_IED_QuirogaAlz_S302_9926a3,,,,,
2026-09-12T01:26:08-05:00,PUR_IED_QuirogaAlz_S305_cdf1f1,PUR_IED_QuirogaAlz_S305_cdf1f1,,,,,
2026-09-12T01:26:08-05:00,PUR_IED_RGuatemala_Biling_dc53b7,PUR_IED_RGuatemala_Biling_dc53b7,,,,,
2026-09-12T01:26:08-05:00,PUR_IED_RGuatemala_Ext_1b89a3,PUR_IED_RGuatemala_Ext_1b89a3,,,,,
2026-09-12T01:26:08-05:00,PUR_IED_RGuatemala_Tecnol_281a34,PUR_IED_RGuatemala_Tecnol_281a34,,,,,
2026-09-12T01:26:08-05:00,PUR_IED_RafaNu_Ext_f7c302,PUR_IED_RafaNu_Ext_f7c302,,,,,
2026-09-12T01:26:08-05:00,PUR_IED_RafaNu_S1101_25fde,PUR_IED_RafaNu_S1101_25fde,,,,,
2026-09-12T01:26:08-05:00,PUR_IED_RafaNu_S1102_281517,PUR_IED_RafaNu_S1102_281517,,,,,
2026-09-12T01:26:08-05:00,PUR_IED_RafaelB_S305_ee2783,PUR_IED_RafaelB_S305_ee2783,,,,,
2026-09-12T01:26:08-05:00,PUR_IED_RafaelB_S306_75fe33,PUR_IED_RafaelB_S306_75fe33,,,,,
2026-09-12T01:26:08-05:00,PUR_IED_RafaelB_ext_283336,PUR_IED_RafaelB_ext_283336,3,18,60,4.6722,-74.0737
2026-09-12T01:26:08-05:00,PUR_IED_RafaelUU_Exterior_281a51,PUR_IED_RafaelUU_Exterior_281a51,,,,,
2026-09-12T01:26:08-05:00,PUR_IED_RafaelUU_Human_806b2,PUR_IED_RafaelUU_Human_806b2,,,,,
2026-09-12T01:26:08-05:00,PUR_IED_RafaelUU_Mate2_5680d4,PUR_IED_RafaelUU_Mate2_5680d4,,,,,
2026-09-12T01:26:08-05:00,PUR_IED_RamonSub_Ext_f9eeb9,PUR_IED_RamonSub_Ext_f9eeb9,,,,,
2026-09-12T01:26:08-05:00,PUR_IED_RamonSub_Media_d1f62f,PUR_IED_RamonSub_Media_d1f62f,,,,,
2026-09-12T01:26:08-05:00,PUR_IED_RamonSub_planta_51b82,PUR_IED_RamonSub_planta_51b82,,,,,
2026-09-12T01:26:08-05:00,PUR_IED_RepBoliVene_Exter_27af7c,PUR_IED_RepBoliVene_Exter_27af7c,,,,,
2026-09-12T01:26:08-05:00,PUR_IED_RepBoliVene_SCPT_5ae2ee,PUR_IED_RepBoliVene_SCPT_5ae2ee,,,,,
2026-09-12T01:26:08-05:00,PUR_IED_RepBoliVene_Socia_4b11d5,PUR_IED_RepBoliVene_Socia_4b11d5,,,,,
2026-09-12T01:26:08-05:00,PUR_IED_RepChina_Ext_76d9ee,PUR_IED_RepChina_Ext_76d9ee,,,,,
2026-09-12T01:26:08-05:00,PUR_IED_RepChina_S404_7c804c,PUR_IED_RepChina_S404_7c804c,,,,,
2026-09-12T01:26:08-05:00,PUR_IED_RepChina_S405_df2c33,PUR_IED_RepChina_S405_df2c33,,,,,
2026-09-12T01:26:08-05:00,PUR_IED_RepublicaC_Exteri_7d1ec9,PUR_IED_RepublicaC_Exteri_7d1ec9,,,,,
2026-09-12T01:26:08-05:00,PUR_IED_RepublicaC_S1101_f544b3,PUR_IED_RepublicaC_S1101_f544b3,,,,,
2026-09-12T01:26:08-05:00,PUR_IED_RepublicaC_S1102_7aafc7,PUR_IED_RepublicaC_S1102_7aafc7,,,,,
2026-09-12T01:26:08-05:00,PUR_IED_Ricaurte_Externo_a0ea1,PUR_IED_Ricaurte_Externo_a0ea1,,,,,
2026-09-12T01:26:08-05:00,PUR_IED_Ricaurte_S210_f546fd,PUR_IED_Ricaurte_S210_f546fd,,,,,
2026-09-12T01:26:08-05:00,PUR_IED_Ricaurte_S309_d4452,PUR_IED_Ricaurte_S309_d4452,,,,,
2026-09-12T01:26:08-05:00,PUR_IED_RogelioS_1102_531e69,PUR_IED_RogelioS_1102_531e69,,,,,
2026-09-12T01:26:08-05:00,PUR_IED_RogelioS_Ext_f25a18,PUR_IED_RogelioS_Ext_f25a18,,,,,
2026-09-12T01:26:08-05:00,PUR_IED_SBernardino_Ext_27aff8,PUR_IED_SBernardino_Ext_27aff8,,,,,
2026-09-12T01:26:08-05:00,PUR_IED_SBernardino_SArte_2ffd33,PUR_IED_SBernardino_SArte_2ffd33,,,,,
2026-09-12T01:26:08-05:00,PUR_IED_SBernardino_SIngl_7c7da5,PUR_IED_SBernardino_SIngl_7c7da5,,,,,
2026-09-12T01:26:08-05:00,PUR_IED_Sago_auditorio_dc9d1d,PUR_IED_Sago_auditorio_dc9d1d,,,,,
2026-09-12T01:26:08-05:00,PUR_IED_Saludcoop_Ext_95aac3,PUR_IED_Saludcoop_Ext_95aac3,,,,,
2026-09-12T01:26:08-05:00,PUR_IED_Saludcoop_InfI_90c854,PUR_IED_Saludcoop_InfI_90c854,,,,,
2026-09-12T01:26:08-05:00,PUR_IED_Saludcoop_SMedia_1b93be,PUR_IED_Saludcoop_SMedia_1b93be,,,,,
2026-09-12T01:26:08-05:00,PUR_IED_SanCarlos_1101_1a2360,PUR_IED_SanCarlos_1101_1a2360,,,,,
2026-09-12T01:26:08-05:00,PUR_IED_SanCarlos_1103_7bafb5,PUR_IED_SanCarlos_1103_7bafb5,,,,,
2026-09-12T01:26:08-05:00,PUR_IED_SanCarlos_Ext_b7cd1,PUR_IED_SanCarlos_Ext_b7cd1,,,,,
2026-09-12T01:26:08-05:00,PUR_IED_SanIgnacioBosa11a_50c26e,PUR_IED_SanIgnacioBosa11a_50c26e,,,,,
2026-09-12T01:26:08-05:00,PUR_IED_SanIgnacioBosa11b_371de8,PUR_IED_SanIgnacioBosa11b_371de8,,,,,
2026-09-12T01:26:08-05:00,PUR_IED_SanIgnacioBosaExt_ef0ffc,PUR_IED_SanIgnacioBosaExt_ef0ffc,,,,,
2026-09-12T01:26:08-05:00,PUR_IED_SanIgnacioBosa_11a_50c26e,PUR_IED_SanIgnacioBosa_11a_50c26e,,,,,
2026-09-12T01:26:08-05:00,PUR_IED_SanIgnacioBosa_Ext_ef0ffc,PUR_IED_SanIgnacioBosa_Ext_ef0ffc,,,,,
2026-09-12T01:26:08-05:00,PUR_IED_SanJoseN_intS1101_31c47f,PUR_IED_SanJoseN_intS1101_31c47f,,,,,
2026-09-12T01:26:08-05:00,PUR_IED_SanJoseUsm_Exter_f5d7e8,PUR_IED_SanJoseUsm_Exter_f5d7e8,,,,,
2026-09-12T01:26:08-05:00,PUR_IED_SanJoseUsm_Int11A_cfdef6,PUR_IED_SanJoseUsm_Int11A_cfdef6,,,,,
2026-09-12T01:26:08-05:00,PUR_IED_SilveriaR_IntB5_905349,PUR_IED_SilveriaR_IntB5_905349,,,,,
2026-09-12T01:26:08-05:00,PUR_IED_SilveriaR_IntSD14_981f93,PUR_IED_SilveriaR_IntSD14_981f93,,,,,
2026-09-12T01:26:08-05:00,PUR_IED_SilveriaR_ext_2b651d,PUR_IED_SilveriaR_ext_2b651d,,,,,
2026-09-12T01:26:08-05:00,PUR_IED_SimonB_Exterior_913975,PUR_IED_SimonB_Exterior_913975,,,,,
2026-09-12T01:26:08-05:00,PUR_IED_SimonB_LabQuimi_c56908,PUR_IED_SimonB_LabQuimi_c56908,,,,,
2026-09-12T01:26:08-05:00,PUR_IED_SimonB_informatic_a28c1,PUR_IED_SimonB_informatic_a28c1,,,,,
2026-09-12T01:26:08-05:00,PUR_IED_Sorrento_1102_315f50,PUR_IED_Sorrento_1102_315f50,,,,,
2026-09-12T01:26:08-05:00,PUR_IED_Sorrento_Minte_214eab,PUR_IED_Sorrento_Minte_214eab,,,,,
2026-09-12T01:26:08-05:00,PUR_IED_Sorrento_ext_7c3a0a,PUR_IED_Sorrento_ext_7c3a0a,,,,,
2026-09-12T01:26:08-05:00,PUR_IED_Tabora_Ext_f048ae,PUR_IED_Tabora_Ext_f048ae,,,,,
2026-09-12T01:26:08-05:00,PUR_IED_Tabora_S1102_b07752,PUR_IED_Tabora_S1102_b07752,,,,,
2026-09-12T01:26:08-05:00,PUR_IED_Tabora_S1103_d988f5,PUR_IED_Tabora_S1103_d988f5,,,,,
2026-09-12T01:26:08-05:00,PUR_IED_Tenerife_Ext_1ab188,PUR_IED_Tenerife_Ext_1ab188,,,,,
2026-09-12T01:26:08-05:00,PUR_IED_Tenerife_SDanzas_7bc02e,PUR_IED_Tenerife_SDanzas_7bc02e,,,,,
2026-09-12T01:26:08-05:00,PUR_IED_Tenerife_SIngles_7cc277,PUR_IED_Tenerife_SIngles_7cc277,,,,,
2026-09-12T01:26:08-05:00,PUR_IED_Tibabuyes_Exter_f2683d,PUR_IED_Tibabuyes_Exter_f2683d,,,,,
2026-09-12T01:26:08-05:00,PUR_IED_Tibabuyes_S10_dc87a8,PUR_IED_Tibabuyes_S10_dc87a8,,,,,
2026-09-12T01:26:08-05:00,PUR_IED_Tibabuyes_S15_dc0526,PUR_IED_Tibabuyes_S15_dc0526,,,,,
2026-09-12T01:26:08-05:00,PUR_IED_UnionE_S301_a1043,PUR_IED_UnionE_S301_a1043,,,,,
2026-09-12T01:26:08-05:00,PUR_IED_UnionE_S307_ff6c2f,PUR_IED_UnionE_S307_ff6c2f,,,,,
2026-09-12T01:26:08-05:00,PUR_IED_UnionE__Ext_5e2468,PUR_IED_UnionE__Ext_5e2468,,,,,
2026-09-12T01:26:08-05:00,PUR_IED_VillaRica_Ext_75be7c,PUR_IED_VillaRica_Ext_75be7c,,,,,
2026-09-12T01:26:08-05:00,PUR_IED_VillaRica_S4_cc5dcd,PUR_IED_VillaRica_S4_cc5dcd,,,,,
2026-09-12T01:26:08-05:00,PUR_IED_VillaRica_Sesp_99f5c,PUR_IED_VillaRica_Sesp_99f5c,,,,,
2026-09-12T01:31:13-05:00,PUR_IED_20deJulio_1101_91b1b9,PUR_IED_20deJulio_1101_91b1b9,,,,,
2026-09-12T01:31:13-05:00,PUR_IED_20deJulio_1102_1cfcf9,PUR_IED_20deJulio_1102_1cfcf9,,,,,
2026-09-12T01:31:13-05:00,PUR_IED_20deJulio_Ext_ab60bd,PUR_IED_20deJulio_Ext_ab60bd,,,,,
2026-09-12T01:31:13-05:00,PUR_IED_AgustinFer_Ext_7b9b77,PUR_IED_AgustinFer_Ext_7b9b77,,,,,
2026-09-12T01:31:13-05:00,PUR_IED_AgustinFer_Info2_27b3a7,PUR_IED_AgustinFer_Info2_27b3a7,,,,,
2026-09-12T01:31:13-05:00,PUR_IED_AgustinFer_Sena_54b4eb,PUR_IED_AgustinFer_Sena_54b4eb,,,,,
2026-09-12T01:31:13-05:00,PUR_IED_AlexanderF_1102_caf07b,PUR_IED_AlexanderF_1102_caf07b,,,,,
2026-09-12T01:31:13-05:00,PUR_IED_AlexanderF_1103_c79e71,PUR_IED_AlexanderF_1103_c79e71,,,,,
2026-09-12T01:31:13-05:00,PUR_IED_AlexanderF_Ext_c5b18b,PUR_IED_AlexanderF_Ext_c5b18b,,,,,
2026-09-12T01:31:13-05:00,PUR_IED_AlfonsoLopez_Ext_281d77,PUR_IED_AlfonsoLopez_Ext_281d77,,,,,
2026-09-12T01:31:13-05:00,PUR_IED_AlfonsoLopez_LabF_888ce0,PUR_IED_AlfonsoLopez_LabF_888ce0,,,,,
2026-09-12T01:31:13-05:00,PUR_IED_AlfonsoLopez_SMed_df6a7f,PUR_IED_AlfonsoLopez_SMed_df6a7f,,,,,
2026-09-12T01:31:13-05:00,PUR_IED_AltamiraSO_A2_209f92,PUR_IED_AltamiraSO_A2_209f92,,,,,
2026-09-12T01:31:13-05:00,PUR_IED_AltamiraSO_Ext_186d66,PUR_IED_AltamiraSO_Ext_186d66,,,,,
2026-09-12T01:31:13-05:00,PUR_IED_AltamiraSO_Sistem_27afe1,PUR_IED_AltamiraSO_Sistem_27afe1,,,,,
2026-09-12T01:31:13-05:00,PUR_IED_AlvaroGom_LabQuim_813179,PUR_IED_AlvaroGom_LabQuim_813179,,,,,
2026-09-12T01:31:13-05:00,PUR_IED_AlvaroGomez_Ext_47c7ca,PUR_IED_AlvaroGomez_Ext_47c7ca,,,,,
2026-09-12T01:31:13-05:00,PUR_IED_AlvaroGomez_LabQuim_813179,PUR_IED_AlvaroGomez_LabQuim_813179,,,,,
2026-09-12T01:31:13-05:00,PUR_IED_AlvaroGomez_S23_7ba89f,PUR_IED_AlvaroGomez_S23_7ba89f,,,,,
2026-09-12T01:31:13-05:00,PUR_IED_Amistad_306_dc8728,PUR_IED_Amistad_306_dc8728,,,,,
2026-09-12T01:31:13-05:00,PUR_IED_Amistad_Ext_8cd55e,PUR_IED_Amistad_Ext_8cd55e,,,,,
2026-09-12T01:31:13-05:00,PUR_IED_Amistad_S202_a41169,PUR_IED_Amistad_S202_a41169,,,,,
2026-09-12T01:31:13-05:00,PUR_IED_AndresBello_Bio_fd5f5e,PUR_IED_AndresBello_Bio_fd5f5e,,,,,
2026-09-12T01:31:13-05:00,PUR_IED_AndresBello_ext_dcad65,PUR_IED_AndresBello_ext_dcad65,,,,,
2026-09-12T01:31:13-05:00,PUR_IED_AndresBello_port_eed3ec,PUR_IED_AndresBello_port_eed3ec,,,,,
2026-09-12T01:31:13-05:00,PUR_IED_AngelaR_11b_d90a6b,PUR_IED_AngelaR_11b_d90a6b,,,,,
2026-09-12T01:31:13-05:00,PUR_IED_AngelaR_ext_7cad3e,PUR_IED_AngelaR_ext_7cad3e,11,20,60,4.5825,-74.164497
2026-09-12T01:31:13-05:00,PUR_IED_AntJoseSucre_10mo_df2575,PUR_IED_AntJoseSucre_10mo_df2575,,,,,
2026-09-12T01:31:13-05:00,PUR_IED_AntJoseSucre_Ext_215b36,PUR_IED_AntJoseSucre_Ext_215b36,,,,,
2026-09-12T01:31:13-05:00,PUR_IED_AntJoseSucre_Lab_3139de,PUR_IED_AntJoseSucre_Lab_3139de,,,,,
2026-09-12T01:31:13-05:00,PUR_IED_AntonioGarcia_301_d6b188,PUR_IED_AntonioGarcia_301_d6b188,,,,,
2026-09-12T01:31:13-05:00,PUR_IED_AntonioGarcia_302_88a82,PUR_IED_AntonioGarcia_302_88a82,,,,,
2026-09-12T01:31:13-05:00,PUR_IED_AntonioGarcia_Ext_20950c,PUR_IED_AntonioGarcia_Ext_20950c,,,,,
2026-09-12T01:31:13-05:00,PUR_IED_AntonioVan_Aula2_6dea02,PUR_IED_AntonioVan_Aula2_6dea02,,,,,
2026-09-12T01:31:13-05:00,PUR_IED_AntonioVan_Aula5_f1557e,PUR_IED_AntonioVan_Aula5_f1557e,,,,,
2026-09-12T01:31:13-05:00,PUR_IED_AntonioVan_Ext_406f2f,PUR_IED_AntonioVan_Ext_406f2f,,,,,
2026-09-12T01:31:13-05:00,PUR_IED_Atabanzha_Ext_cc5af9,PUR_IED_Atabanzha_Ext_cc5af9,,,,,
2026-09-12T01:31:13-05:00,PUR_IED_Atabanzha_SA101_56c37,PUR_IED_Atabanzha_SA101_56c37,,,,,
2026-09-12T01:31:13-05:00,PUR_IED_Atabanzha_SB302_27b374,PUR_IED_Atabanzha_SB302_27b374,,,,,
2026-09-12T01:31:13-05:00,PUR_IED_Atahualpa_Ext_fc1748,PUR_IED_Atahualpa_Ext_fc1748,,,,,
2026-09-12T01:31:13-05:00,PUR_IED_Atahualpa_Informa_dc9a95,PUR_IED_Atahualpa_Informa_dc9a95,,,,,
2026-09-12T01:31:13-05:00,PUR_IED_Atahualpa_S1101_f98056,PUR_IED_Atahualpa_S1101_f98056,,,,,
2026-09-12T01:31:13-05:00,PUR_IED_Bellavista_Ext_f5aa74,PUR_IED_Bellavista_Ext_f5aa74,,,,,
2026-09-12T01:31:13-05:00,PUR_IED_Bilbao_11A_916c41,PUR_IED_Bilbao_11A_916c41,,,,,
2026-09-12T01:31:13-05:00,PUR_IED_Bilbao_Ext_fb579a,PUR_IED_Bilbao_Ext_fb579a,,,,,
2026-09-12T01:31:13-05:00,PUR_IED_BrasiliaU_A125_304280,PUR_IED_BrasiliaU_A125_304280,,,,,
2026-09-12T01:31:13-05:00,PUR_IED_BrasiliaU_A203_7c8ca5,PUR_IED_BrasiliaU_A203_7c8ca5,,,,,
2026-09-12T01:31:13-05:00,PUR_IED_BrasiliaU_Ext_8d6e9f,PUR_IED_BrasiliaU_Ext_8d6e9f,4,17,63,4.5175,-74.116302
2026-09-12T01:31:13-05:00,PUR_IED_Brasilia_Ext_fe6593,PUR_IED_Brasilia_Ext_fe6593,,,,,
2026-09-12T01:31:13-05:00,PUR_IED_Brasilia_S24_7c130d,PUR_IED_Brasilia_S24_7c130d,,,,,
2026-09-12T01:31:13-05:00,PUR_IED_Brasilia_S501_186a54,PUR_IED_Brasilia_S501_186a54,,,,,
2026-09-12T01:31:13-05:00,PUR_IED_CHARRY_EXT_f1d5cd,PUR_IED_CHARRY_EXT_f1d5cd,,,,,
2026-09-12T01:31:13-05:00,PUR_IED_CHARRY_INTDANZAS_7a08e6,PUR_IED_CHARRY_INTDANZAS_7a08e6,,,,,
2026-09-12T01:31:13-05:00,PUR_IED_CHARRY_INT_AULA20_dc998d,PUR_IED_CHARRY_INT_AULA20_dc998d,,,,,
2026-09-12T01:31:13-05:00,PUR_IED_COLVIV_1101_S25_7f520a,PUR_IED_COLVIV_1101_S25_7f520a,,,,,
2026-09-12T01:31:13-05:00,PUR_IED_COLVIV_1102_S16_f570ba,PUR_IED_COLVIV_1102_S16_f570ba,,,,,
2026-09-12T01:31:13-05:00,PUR_IED_COLVIV_Ext_1a26fa,PUR_IED_COLVIV_Ext_1a26fa,,,,,
2026-09-12T01:31:13-05:00,PUR_IED_CULPOP_301A_f660f3,PUR_IED_CULPOP_301A_f660f3,,,,,
2026-09-12T01:31:13-05:00,PUR_IED_CULPOP_303_568afe,PUR_IED_CULPOP_303_568afe,,,,,
2026-09-12T01:31:13-05:00,PUR_IED_CULPOP_Ext_e02ccb,PUR_IED_CULPOP_Ext_e02ccb,,,,,
2026-09-12T01:31:13-05:00,PUR_IED_CVillavicen_Ext_26eb58,PUR_IED_CVillavicen_Ext_26eb58,4,15,77,4.487,-74.102798
2026-09-12T01:31:13-05:00,PUR_IED_CVillavicen_Intel_1ce5c2,PUR_IED_CVillavicen_Intel_1ce5c2,,,,,
2026-09-12T01:31:13-05:00,PUR_IED_CVillavicen_Poliv_e0766c,PUR_IED_CVillavicen_Poliv_e0766c,,,,,
2026-09-12T01:31:13-05:00,PUR_IED_CVillavicen_int_1ba140,PUR_IED_CVillavicen_int_1ba140,,,,,
2026-09-12T01:31:13-05:00,PUR_IED_CVillavicen_intel_1ba140,PUR_IED_CVillavicen_intel_1ba140,,,,,
2026-09-12T01:31:13-05:00,PUR_IED_CarlosPizarro_Ext_e307cc,PUR_IED_CarlosPizarro_Ext_e307cc,,,,,
2026-09-12T01:31:13-05:00,PUR_IED_CarlosPizarro_L36_7e5cdb,PUR_IED_CarlosPizarro_L36_7e5cdb,,,,,
2026-09-12T01:31:13-05:00,PUR_IED_CarlosPizarro_L37_c8566c,PUR_IED_CarlosPizarro_L37_c8566c,,,,,
2026-09-12T01:31:13-05:00,PUR_IED_Castilla_Ext_cf35f,PUR_IED_Castilla_Ext_cf35f,,,,,
2026-09-12T01:31:13-05:00,PUR_IED_Castilla_SFisik_360e38,PUR_IED_Castilla_SFisik_360e38,,,,,
2026-09-12T01:31:13-05:00,PUR_IED_Castilla_Sc304_496fbf,PUR_IED_Castilla_Sc304_496fbf,,,,,
2026-09-12T01:31:13-05:00,PUR_IED_CervantesSa_Ext_6b57b,PUR_IED_CervantesSa_Ext_6b57b,2,17,68,4.5128,-74.117203
2026-09-12T01:31:13-05:00,PUR_IED_CervantesSa_S107_225c2b,PUR_IED_CervantesSa_S107_225c2b,,,,,
2026-09-12T01:31:13-05:00,PUR_IED_CervantesSa_S108_940925,PUR_IED_CervantesSa_S108_940925,,,,,
2026-09-12T01:31:13-05:00,PUR_IED_Charry_A20_f53e7c,PUR_IED_Charry_A20_f53e7c,,,,,
2026-09-12T01:31:13-05:00,PUR_IED_Charry_Ext_f1d5cd,PUR_IED_Charry_Ext_f1d5cd,,,,,
2026-09-12T01:31:13-05:00,PUR_IED_Charry_IntAula20_dc998d,PUR_IED_Charry_IntAula20_dc998d,,,,,
2026-09-12T01:31:13-05:00,PUR_IED_Charry_IntDanzas_7a08e6,PUR_IED_Charry_IntDanzas_7a08e6,,,,,
2026-09-12T01:31:13-05:00,PUR_IED_ClememciaC_203_43e2fc,PUR_IED_ClememciaC_203_43e2fc,,,,,
2026-09-12T01:31:13-05:00,PUR_IED_ClememciaC_Ext_1b411a,PUR_IED_ClememciaC_Ext_1b411a,,,,,
2026-09-12T01:31:13-05:00,PUR_IED_ClememciaC_Quimic_44b5fc,PUR_IED_ClememciaC_Quimic_44b5fc,,,,,
2026-09-12T01:31:13-05:00,PUR_IED_ClemenciaC_203_43e2fc,PUR_IED_ClemenciaC_203_43e2fc,,,,,
2026-09-12T01:31:13-05:00,PUR_IED_ClemenciaC_Ext_1b411a,PUR_IED_ClemenciaC_Ext_1b411a,,,,,
2026-09-12T01:31:13-05:00,PUR_IED_ClemenciaC_Quimic_44b5fc,PUR_IED_ClemenciaC_Quimic_44b5fc,,,,,
2026-09-12T01:31:13-05:00,PUR_IED_ColViva_1101_S25_7f520a,PUR_IED_ColViva_1101_S25_7f520a,,,,,
2026-09-12T01:31:13-05:00,PUR_IED_ColViva_1102_S16_f570ba,PUR_IED_ColViva_1102_S16_f570ba,,,,,
2026-09-12T01:31:13-05:00,PUR_IED_ColViva_Ext_1a26fa,PUR_IED_ColViva_Ext_1a26fa,,,,,
2026-09-12T01:31:13-05:00,PUR_IED_ColegioBici_Asist_7c8798,PUR_IED_ColegioBici_Asist_7c8798,,,,,
2026-09-12T01:31:13-05:00,PUR_IED_ColegioBici_Ext_25cbf6,PUR_IED_ColegioBici_Ext_25cbf6,,,,,
2026-09-12T01:31:13-05:00,PUR_IED_ColegioBici_LabQ_7b57db,PUR_IED_ColegioBici_LabQ_7b57db,,,,,
2026-09-12T01:31:13-05:00,PUR_IED_CostaRica_Ext_5e640,PUR_IED_CostaRica_Ext_5e640,,,,,
2026-09-12T01:31:13-05:00,PUR_IED_CostaRica_Quim1_766d1c,PUR_IED_CostaRica_Quim1_766d1c,,,,,
2026-09-12T01:31:13-05:00,PUR_IED_CostaRica__Fisica_6f0873,PUR_IED_CostaRica__Fisica_6f0873,,,,,
2026-09-12T01:31:13-05:00,PUR_IED_CulPopu_301A_f660f3,PUR_IED_CulPopu_301A_f660f3,,,,,
2026-09-12T01:31:13-05:00,PUR_IED_CulPopu_303_568afe,PUR_IED_CulPopu_303_568afe,,,,,
2026-09-12T01:31:13-05:00,PUR_IED_CulPopu_Ext_e02ccb,PUR_IED_CulPopu_Ext_e02ccb,,,,,
2026-09-12T01:31:13-05:00,PUR_IED_Cundinamarca_Ext_f15985,PUR_IED_Cundinamarca_Ext_f15985,,,,,
2026-09-12T01:31:13-05:00,PUR_IED_Cundinamarca_Info_7aa5d7,PUR_IED_Cundinamarca_Info_7aa5d7,,,,,
2026-09-12T01:31:13-05:00,PUR_IED_Cundinamarca_Tec2_f449c7,PUR_IED_Cundinamarca_Tec2_f449c7,,,,,
2026-09-12T01:31:13-05:00,PUR_IED_DiegoM_Aula1_27b314,PUR_IED_DiegoM_Aula1_27b314,,,,,
2026-09-12T01:31:13-05:00,PUR_IED_DiegoM_Ext_d80ac8,PUR_IED_DiegoM_Ext_d80ac8,,,,,
2026-09-12T01:31:13-05:00,PUR_IED_DiegoM_S25_da928f,PUR_IED_DiegoM_S25_da928f,,,,,
2026-09-12T01:31:13-05:00,PUR_IED_ELRODEO_360881,PUR_IED_ELRODEO_360881,,,,,
2026-09-12T01:31:13-05:00,PUR_IED_ELRODEO_ext_360881,PUR_IED_ELRODEO_ext_360881,,,,,
2026-09-12T01:31:13-05:00,PUR_IED_EduardoU_Ext_1c1969,PUR_IED_EduardoU_Ext_1c1969,,,,,
2026-09-12T01:31:13-05:00,PUR_IED_EduardoU_SCiencia_4dfb94,PUR_IED_EduardoU_SCiencia_4dfb94,,,,,
2026-09-12T01:31:13-05:00,PUR_IED_EduardoU_SQuimica_5a46e7,PUR_IED_EduardoU_SQuimica_5a46e7,,,,,
2026-09-12T01:31:13-05:00,PUR_IED_ElRodeo_Aula14_676984,PUR_IED_ElRodeo_Aula14_676984,,,,,
2026-09-12T01:31:13-05:00,PUR_IED_ElRodeo_Aula16_2dd35b,PUR_IED_ElRodeo_Aula16_2dd35b,,,,,
2026-09-12T01:31:13-05:00,PUR_IED_ElRodeo_Ext_360881,PUR_IED_ElRodeo_Ext_360881,,,,,
2026-09-12T01:31:13-05:00,PUR_IED_ElRodeo_Exterior_8c6d28,PUR_IED_ElRodeo_Exterior_8c6d28,,,,,
2026-09-12T01:31:13-05:00,PUR_IED_ElRodeo_ext_360881,PUR_IED_ElRodeo_ext_360881,,,,,
2026-09-12T01:31:13-05:00,PUR_IED_EmmaReyes_Ext_987625,PUR_IED_EmmaReyes_Ext_987625,16,21,53,4.6367,-74.1511
2026-09-12T01:31:13-05:00,PUR_IED_Ensueño_Ext_7f0250,PUR_IED_Ensueño_Ext_7f0250,,,,,
2026-09-12T01:31:13-05:00,PUR_IED_EscNormal_Ext_5fef3b,PUR_IED_EscNormal_Ext_5fef3b,2,18,61,4.5852,-74.096901
2026-09-12T01:31:13-05:00,PUR_IED_EscNormal_S309_5b263,PUR_IED_EscNormal_S309_5b263,,,,,
2026-09-12T01:31:13-05:00,PUR_IED_EscNormal_S310_27b3b8,PUR_IED_EscNormal_S310_27b3b8,,,,,
2026-09-12T01:31:13-05:00,PUR_IED_Evangelista_Conta_f6cd4f,PUR_IED_Evangelista_Conta_f6cd4f,,,,,
2026-09-12T01:31:13-05:00,PUR_IED_Evangelista_Cri_5e16a,PUR_IED_Evangelista_Cri_5e16a,,,,,
2026-09-12T01:31:13-05:00,PUR_IED_Evangelista_Exter_754066,PUR_IED_Evangelista_Exter_754066,,,,,
2026-09-12T01:31:13-05:00,PUR_IED_FMiranda_S209_5cc2a3,PUR_IED_FMiranda_S209_5cc2a3,,,,,
2026-09-12T01:31:13-05:00,PUR_IED_FMiranda_S303_19e344,PUR_IED_FMiranda_S303_19e344,,,,,
2026-09-12T01:31:13-05:00,PUR_IED_FMiranda_ext_f53e7c,PUR_IED_FMiranda_ext_f53e7c,,,,,
2026-09-12T01:31:13-05:00,PUR_IED_FabioLozano_Bibli_1cee05,PUR_IED_FabioLozano_Bibli_1cee05,,,,,
2026-09-12T01:31:13-05:00,PUR_IED_FabioLozano_Ext_6ea285,PUR_IED_FabioLozano_Ext_6ea285,,,,,
2026-09-12T01:31:13-05:00,PUR_IED_FabioLozano_SLudi_f09e1e,PUR_IED_FabioLozano_SLudi_f09e1e,,,,,
2026-09-12T01:31:13-05:00,PUR_IED_FaustinoS_Aula07_27a731,PUR_IED_FaustinoS_Aula07_27a731,,,,,
2026-09-12T01:31:13-05:00,PUR_IED_FaustinoS_Ext_7b936f,PUR_IED_FaustinoS_Ext_7b936f,,,,,
2026-09-12T01:31:13-05:00,PUR_IED_FaustinoS_Fisica_da2c60,PUR_IED_FaustinoS_Fisica_da2c60,,,,,
2026-09-12T01:31:13-05:00,PUR_IED_FeGarciaLo_Ext_dc68ee,PUR_IED_FeGarciaLo_Ext_dc68ee,,,,,
2026-09-12T01:31:13-05:00,PUR_IED_FeGarciaLo_SDanza_f70a59,PUR_IED_FeGarciaLo_SDanza_f70a59,,,,,
2026-09-12T01:31:13-05:00,PUR_IED_FeGarciaLo_SMusic_125cdd,PUR_IED_FeGarciaLo_SMusic_125cdd,,,,,
2026-09-12T01:31:13-05:00,PUR_IED_FederalAlema_Exte_50c345,PUR_IED_FederalAlema_Exte_50c345,,,,,
2026-09-12T01:31:13-05:00,PUR_IED_FederalAlema_S31_f18371,PUR_IED_FederalAlema_S31_f18371,,,,,
2026-09-12T01:31:13-05:00,PUR_IED_FederalAlema_S901_a62cd,PUR_IED_FederalAlema_S901_a62cd,,,,,
2026-09-12T01:31:13-05:00,PUR_IED_FilarmonicaS_A5_f35eb1,PUR_IED_FilarmonicaS_A5_f35eb1,,,,,
2026-09-12T01:31:13-05:00,PUR_IED_FilarmonicaS_Ext_8a3bde,PUR_IED_FilarmonicaS_Ext_8a3bde,,,,,
2026-09-12T01:31:13-05:00,PUR_IED_FilarmonicaS_Spol_406114,PUR_IED_FilarmonicaS_Spol_406114,,,,,
2026-09-12T01:31:13-05:00,PUR_IED_FlorentinoG_A13_d1fa59,PUR_IED_FlorentinoG_A13_d1fa59,,,,,
2026-09-12T01:31:13-05:00,PUR_IED_FlorentinoG_Ext_1ce6ce,PUR_IED_FlorentinoG_Ext_1ce6ce,,,,,
2026-09-12T01:31:13-05:00,PUR_IED_FlorentinoG_Idiom_a66aac,PUR_IED_FlorentinoG_Idiom_a66aac,,,,,
2026-09-12T01:31:13-05:00,PUR_IED_FranciscoMati_Ext_e3869d,PUR_IED_FranciscoMati_Ext_e3869d,,,,,
2026-09-12T01:31:13-05:00,PUR_IED_FranciscoMati_S13_f31c67,PUR_IED_FranciscoMati_S13_f31c67,,,,,
2026-09-12T01:31:13-05:00,PUR_IED_FranciscoMati_S14_97dead,PUR_IED_FranciscoMati_S14_97dead,,,,,
2026-09-12T01:31:13-05:00,PUR_IED_FranciscoPS_Ext_7bfa9a,PUR_IED_FranciscoPS_Ext_7bfa9a,2,20,58,4.5899,-74.110397
2026-09-12T01:31:13-05:00,PUR_IED_FranciscoPS_Infor_fb8f4c,PUR_IED_FranciscoPS_Infor_fb8f4c,,,,,
2026-09-12T01:31:13-05:00,PUR_IED_FranciscoPS_Quimi_94d39c,PUR_IED_FranciscoPS_Quimi_94d39c,,,,,
2026-09-12T01:31:13-05:00,PUR_IED_FranciscoP_LabQ_d7e148,PUR_IED_FranciscoP_LabQ_d7e148,,,,,
2026-09-12T01:31:13-05:00,PUR_IED_FranciscoP_S28_cf9b30,PUR_IED_FranciscoP_S28_cf9b30,,,,,
2026-09-12T01:31:13-05:00,PUR_IED_FranciscoP_ext_e2313,PUR_IED_FranciscoP_ext_e2313,,,,,
2026-09-12T01:31:13-05:00,PUR_IED_FriederichN_Ext_8ac92a,PUR_IED_FriederichN_Ext_8ac92a,,,,,
2026-09-12T01:31:13-05:00,PUR_IED_FriederichN_S301_dd7e5a,PUR_IED_FriederichN_S301_dd7e5a,,,,,
2026-09-12T01:31:13-05:00,PUR_IED_FriederichN_S308_761f4f,PUR_IED_FriederichN_S308_761f4f,,,,,
2026-09-12T01:31:13-05:00,PUR_IED_GSantander_Aula10_533dd7,PUR_IED_GSantander_Aula10_533dd7,,,,,
2026-09-12T01:31:13-05:00,PUR_IED_GSantander_Aula12_fd4e4f,PUR_IED_GSantander_Aula12_fd4e4f,,,,,
2026-09-12T01:31:13-05:00,PUR_IED_GSantander_Aula310_533dd7,PUR_IED_GSantander_Aula310_533dd7,,,,,
2026-09-12T01:31:13-05:00,PUR_IED_GSantander_Aula312_fd4e4f,PUR_IED_GSantander_Aula312_fd4e4f,,,,,
2026-09-12T01:31:13-05:00,PUR_IED_GSantander_Ext_5f66b0,PUR_IED_GSantander_Ext_5f66b0,,,,,
2026-09-12T01:31:13-05:00,PUR_IED_GYomasa_Ext_f6bea5,PUR_IED_GYomasa_Ext_f6bea5,,,,,
2026-09-12T01:31:13-05:00,PUR_IED_GYomasa_LBiol_2c41aa,PUR_IED_GYomasa_LBiol_2c41aa,,,,,
2026-09-12T01:31:13-05:00,PUR_IED_GYomasa_LQuim_33c80,PUR_IED_GYomasa_LQuim_33c80,,,,,
2026-09-12T01:31:13-05:00,PUR_IED_GabBetMejia_Cienc_5a99c,PUR_IED_GabBetMejia_Cienc_5a99c,,,,,
2026-09-12T01:31:13-05:00,PUR_IED_GabBetMejia_Ext_9153d0,PUR_IED_GabBetMejia_Ext_9153d0,,,,,
2026-09-12T01:31:13-05:00,PUR_IED_GabBetMejia_Lab_f55347,PUR_IED_GabBetMejia_Lab_f55347,,,,,
2026-09-12T01:31:13-05:00,PUR_IED_GabBetanMejia_Ext_9153d0,PUR_IED_GabBetanMejia_Ext_9153d0,,,,,
2026-09-12T01:31:13-05:00,PUR_IED_Gaitana_Aula13_7aac11,PUR_IED_Gaitana_Aula13_7aac11,,,,,
2026-09-12T01:31:13-05:00,PUR_IED_Gaitana_Ext_5fcf4,PUR_IED_Gaitana_Ext_5fcf4,,,,,
2026-09-12T01:31:13-05:00,PUR_IED_Gaitana_LabFisica_644448,PUR_IED_Gaitana_LabFisica_644448,,,,,
2026-09-12T01:31:13-05:00,PUR_IED_GenSantander_Dise_8ac858,PUR_IED_GenSantander_Dise_8ac858,,,,,
2026-09-12T01:31:13-05:00,PUR_IED_GenSantander_Ext_8d5dfe,PUR_IED_GenSantander_Ext_8d5dfe,,,,,
2026-09-12T01:31:13-05:00,PUR_IED_GenSantander_Info_6c25b,PUR_IED_GenSantander_Info_6c25b,,,,,
2026-09-12T01:31:13-05:00,PUR_IED_GustavoMo_Exterio_75e63d,PUR_IED_GustavoMo_Exterio_75e63d,,,,,
2026-09-12T01:31:13-05:00,PUR_IED_GustavoMo_LabFisi_224d37,PUR_IED_GustavoMo_LabFisi_224d37,,,,,
2026-09-12T01:31:13-05:00,PUR_IED_GustavoMo_S208_3e6918,PUR_IED_GustavoMo_S208_3e6918,,,,,
2026-09-12T01:31:13-05:00,PUR_IED_GustavoR_A02_8cd4a8,PUR_IED_GustavoR_A02_8cd4a8,,,,,
2026-09-12T01:31:13-05:00,PUR_IED_GustavoR_B11_5b0ed,PUR_IED_GustavoR_B11_5b0ed,,,,,
2026-09-12T01:31:13-05:00,PUR_IED_GustavoR_Ext_7a0c90,PUR_IED_GustavoR_Ext_7a0c90,,,,,
2026-09-12T01:31:13-05:00,PUR_IED_HernandoDuran_Ext_8cd82b,PUR_IED_HernandoDuran_Ext_8cd82b,,,,,
2026-09-12T01:31:13-05:00,PUR_IED_HernandoDuran_S24_2772c6,PUR_IED_HernandoDuran_S24_2772c6,,,,,
2026-09-12T01:31:13-05:00,PUR_IED_HernandoDuran_S30_f2de41,PUR_IED_HernandoDuran_S30_f2de41,,,,,
2026-09-12T01:31:13-05:00,PUR_IED_HolguInUr_S1101_8cd732,PUR_IED_HolguInUr_S1101_8cd732,,,,,
2026-09-12T01:31:13-05:00,PUR_IED_HolguinUr_Exter_ddae6d,PUR_IED_HolguinUr_Exter_ddae6d,,,,,
2026-09-12T01:31:13-05:00,PUR_IED_HolguinUr_LabQuim_92b952,PUR_IED_HolguinUr_LabQuim_92b952,,,,,
2026-09-12T01:31:13-05:00,PUR_IED_Isabel-II_Ext_5245cc,PUR_IED_Isabel-II_Ext_5245cc,14,18,61,4.6336,-74.153
2026-09-12T01:31:13-05:00,PUR_IED_Isabel-II_S_idiom_1c29aa,PUR_IED_Isabel-II_S_idiom_1c29aa,,,,,
2026-09-12T01:31:13-05:00,PUR_IED_Isabel-II_S_infor_fd741,PUR_IED_Isabel-II_S_infor_fd741,,,,,
2026-09-12T01:31:13-05:00,PUR_IED_IsidroSur_Exterio_5b90ea,PUR_IED_IsidroSur_Exterio_5b90ea,,,,,
2026-09-12T01:31:13-05:00,PUR_IED_IsidroSur_LabTec_56697a,PUR_IED_IsidroSur_LabTec_56697a,,,,,
2026-09-12T01:31:13-05:00,PUR_IED_IsidroSur_Robotic_b7c38f,PUR_IED_IsidroSur_Robotic_b7c38f,,,,,
2026-09-12T01:31:13-05:00,PUR_IED_IsmaelPerd_Ext_7b6672,PUR_IED_IsmaelPerd_Ext_7b6672,,,,,
2026-09-12T01:31:13-05:00,PUR_IED_IsmaelPerd_Inform_306540,PUR_IED_IsmaelPerd_Inform_306540,,,,,
2026-09-12T01:31:13-05:00,PUR_IED_IsmaelPerd_S30_2e2c83,PUR_IED_IsmaelPerd_S30_2e2c83,,,,,
2026-09-12T01:31:13-05:00,PUR_IED_JLozano_Exter_432910,PUR_IED_JLozano_Exter_432910,,,,,
2026-09-12T01:31:13-05:00,PUR_IED_JLozano_salaMulti_df5125,PUR_IED_JLozano_salaMulti_df5125,,,,,
2026-09-12T01:31:13-05:00,PUR_IED_JMCordoba_206_86f80b,PUR_IED_JMCordoba_206_86f80b,,,,,
2026-09-12T01:31:13-05:00,PUR_IED_JMCordoba_Ext_27ad97,PUR_IED_JMCordoba_Ext_27ad97,,,,,
2026-09-12T01:31:13-05:00,PUR_IED_JMCordoba_S310_d59ab4,PUR_IED_JMCordoba_S310_d59ab4,,,,,
2026-09-12T01:31:13-05:00,PUR_IED_Japon_Ext_549100,PUR_IED_Japon_Ext_549100,,,,,
2026-09-12T01:31:13-05:00,PUR_IED_Japon_Laboratorio_bec51d,PUR_IED_Japon_Laboratorio_bec51d,,,,,
2026-09-12T01:31:13-05:00,PUR_IED_Japon_informatica_d99327,PUR_IED_Japon_informatica_d99327,,,,,
2026-09-12T01:31:13-05:00,PUR_IED_Jazmin_Ext_d27bda,PUR_IED_Jazmin_Ext_d27bda,,,,,
2026-09-12T01:31:13-05:00,PUR_IED_Jazmin_Fisica_8d14d7,PUR_IED_Jazmin_Fisica_8d14d7,,,,,
2026-09-12T01:31:13-05:00,PUR_IED_Jazmin_Quimica_801cb5,PUR_IED_Jazmin_Quimica_801cb5,,,,,
2026-09-12T01:31:13-05:00,PUR_IED_JorgeGaitan_Exter_f098d1,PUR_IED_JorgeGaitan_Exter_f098d1,,,,,
2026-09-12T01:31:13-05:00,PUR_IED_JorgeGaitan_STec1_dc9d1d,PUR_IED_JorgeGaitan_STec1_dc9d1d,,,,,
2026-09-12T01:31:13-05:00,PUR_IED_JorgeGaitan_STec2_281e69,PUR_IED_JorgeGaitan_STec2_281e69,,,,,
2026-09-12T01:31:13-05:00,PUR_IED_JorgeSoto_Exterio_d9d0a2,PUR_IED_JorgeSoto_Exterio_d9d0a2,,,,,
2026-09-12T01:31:13-05:00,PUR_IED_JorgeSoto_LabFisi_209c54,PUR_IED_JorgeSoto_LabFisi_209c54,,,,,
2026-09-12T01:31:13-05:00,PUR_IED_JorgeSoto_S103_27b51a,PUR_IED_JorgeSoto_S103_27b51a,,,,,
2026-09-12T01:31:13-05:00,PUR_IED_JoseAcevedo_A02_e965eb,PUR_IED_JoseAcevedo_A02_e965eb,,,,,
2026-09-12T01:31:13-05:00,PUR_IED_JoseAcevedo_A07_dd5b4,PUR_IED_JoseAcevedo_A07_dd5b4,,,,,
2026-09-12T01:31:13-05:00,PUR_IED_JoseAcevedo_Ext_b47484,PUR_IED_JoseAcevedo_Ext_b47484,,,,,
2026-09-12T01:31:13-05:00,PUR_IED_JoseMarti_Exte_5b9bf,PUR_IED_JoseMarti_Exte_5b9bf,,,,,
2026-09-12T01:31:13-05:00,PUR_IED_JoseMarti_LabQuim_1c6c2d,PUR_IED_JoseMarti_LabQuim_1c6c2d,,,,,
2026-09-12T01:31:13-05:00,PUR_IED_JoseMarti_S_info_f5f177,PUR_IED_JoseMarti_S_info_f5f177,,,,,
2026-09-12T01:31:13-05:00,PUR_IED_Josejoaquin_Ext_dfc5dc,PUR_IED_Josejoaquin_Ext_dfc5dc,,,,,
2026-09-12T01:31:13-05:00,PUR_IED_Josejoaquin_S05_5b2a96,PUR_IED_Josejoaquin_S05_5b2a96,,,,,
2026-09-12T01:31:13-05:00,PUR_IED_Josejoaquin_S06_1ce7d2,PUR_IED_Josejoaquin_S06_1ce7d2,,,,,
2026-09-12T01:31:13-05:00,PUR_IED_JulioFlorez_Danza_9b82dd,PUR_IED_JulioFlorez_Danza_9b82dd,,,,,
2026-09-12T01:31:13-05:00,PUR_IED_JulioFlorez_Exter_f9f314,PUR_IED_JulioFlorez_Exter_f9f314,,,,,
2026-09-12T01:31:13-05:00,PUR_IED_JulioFlorez_info2_6b6e08,PUR_IED_JulioFlorez_info2_6b6e08,,,,,
2026-09-12T01:31:13-05:00,PUR_IED_LaBelleza_Aula13_1d00d8,PUR_IED_LaBelleza_Aula13_1d00d8,,,,,
2026-09-12T01:31:13-05:00,PUR_IED_LaBelleza_Ext_7bc08c,PUR_IED_LaBelleza_Ext_7bc08c,,,,,
2026-09-12T01:31:13-05:00,PUR_IED_LaChucua_Ext_8cd6d2,PUR_IED_LaChucua_Ext_8cd6d2,,,,,
2026-09-12T01:31:13-05:00,PUR_IED_LaChucua_S15_f578ce,PUR_IED_LaChucua_S15_f578ce,,,,,
2026-09-12T01:31:13-05:00,PUR_IED_LaChucua_S16_eebcf9,PUR_IED_LaChucua_S16_eebcf9,,,,,
2026-09-12T01:31:13-05:00,PUR_IED_LaFelicidad_Ext_fb5109,PUR_IED_LaFelicidad_Ext_fb5109,,,,,
2026-09-12T01:31:13-05:00,PUR_IED_LaMerced_206_66ebd,PUR_IED_LaMerced_206_66ebd,,,,,
2026-09-12T01:31:13-05:00,PUR_IED_LaMerced_207_6ebd6,PUR_IED_LaMerced_207_6ebd6,,,,,
2026-09-12T01:31:13-05:00,PUR_IED_LaMerced_ext_304311,PUR_IED_LaMerced_ext_304311,,,,,
2026-09-12T01:31:13-05:00,PUR_IED_Laureano_CiencNat_281e5e,PUR_IED_Laureano_CiencNat_281e5e,,,,,
2026-09-12T01:31:13-05:00,PUR_IED_Laureano_Comedor_f65c0a,PUR_IED_Laureano_Comedor_f65c0a,,,,,
2026-09-12T01:31:13-05:00,PUR_IED_Laureano_Exterior_7ab011,PUR_IED_Laureano_Exterior_7ab011,,,,,
2026-09-12T01:31:13-05:00,PUR_IED_LeonGreiff_Exte_dfe560,PUR_IED_LeonGreiff_Exte_dfe560,,,,,
2026-09-12T01:31:13-05:00,PUR_IED_LeonGreiff_S210_f264ed,PUR_IED_LeonGreiff_S210_f264ed,,,,,
2026-09-12T01:31:13-05:00,PUR_IED_LeonGreiff_SQuimi_e8296f,PUR_IED_LeonGreiff_SQuimi_e8296f,,,,,
2026-09-12T01:31:13-05:00,PUR_IED_LlanoOrientalS208_7b9fcd,PUR_IED_LlanoOrientalS208_7b9fcd,,,,,
2026-09-12T01:31:13-05:00,PUR_IED_LlanoOriental_Ext_fb3766,PUR_IED_LlanoOriental_Ext_fb3766,,,,,
2026-09-12T01:31:13-05:00,PUR_IED_LlanoOriental_S208_7b9fcd,PUR_IED_LlanoOriental_S208_7b9fcd,,,,,
2026-09-12T01:31:13-05:00,PUR_IED_LlanoOriental_S9_27b378,PUR_IED_LlanoOriental_S9_27b378,,,,,
2026-09-12T01:31:13-05:00,PUR_IED_LosTejares_1101_477602,PUR_IED_LosTejares_1101_477602,,,,,
2026-09-12T01:31:13-05:00,PUR_IED_LosTejares_11_d2c595,PUR_IED_LosTejares_11_d2c595,,,,,
2026-09-12T01:31:13-05:00,PUR_IED_LosTejares_12_477602,PUR_IED_LosTejares_12_477602,,,,,
2026-09-12T01:31:13-05:00,PUR_IED_LosTejares_Ext_8e2115,PUR_IED_LosTejares_Ext_8e2115,,,,,
2026-09-12T01:31:13-05:00,PUR_IED_MagdalenaO_B202_5ddda3,PUR_IED_MagdalenaO_B202_5ddda3,,,,,
2026-09-12T01:31:13-05:00,PUR_IED_MagdalenaO_B205_fb76e8,PUR_IED_MagdalenaO_B205_fb76e8,,,,,
2026-09-12T01:31:13-05:00,PUR_IED_MagdalenaO_ext_dc69cd,PUR_IED_MagdalenaO_ext_dc69cd,,,,,
2026-09-12T01:31:13-05:00,PUR_IED_ManueCepeda_artes_eee956,PUR_IED_ManueCepeda_artes_eee956,,,,,
2026-09-12T01:31:13-05:00,PUR_IED_ManuelCepeda_Ext_58313,PUR_IED_ManuelCepeda_Ext_58313,,,,,
2026-09-12T01:31:13-05:00,PUR_IED_ManuelCepeda_tec_1c5731,PUR_IED_ManuelCepeda_tec_1c5731,,,,,
2026-09-12T01:31:13-05:00,PUR_IED_ManuelS_Exterior_5b269,PUR_IED_ManuelS_Exterior_5b269,,,,,
2026-09-12T01:31:13-05:00,PUR_IED_ManuelS_Inform_f369ce,PUR_IED_ManuelS_Inform_f369ce,,,,,
2026-09-12T01:31:13-05:00,PUR_IED_ManuelS_SArtes_7d15f1,PUR_IED_ManuelS_SArtes_7d15f1,,,,,
2026-09-12T01:31:13-05:00,PUR_IED_ManuelZapata_303_3ca6,PUR_IED_ManuelZapata_303_3ca6,,,,,
2026-09-12T01:31:13-05:00,PUR_IED_ManuelZapata_311_bfbabc,PUR_IED_ManuelZapata_311_bfbabc,,,,,
2026-09-12T01:31:13-05:00,PUR_IED_ManuelZapata_Ext_50824a,PUR_IED_ManuelZapata_Ext_50824a,,,,,
2026-09-12T01:31:13-05:00,PUR_IED_ManuelitaS_Exteri_656a92,PUR_IED_ManuelitaS_Exteri_656a92,,,,,
2026-09-12T01:31:13-05:00,PUR_IED_ManuelitaS_JuzgDe_f58ec3,PUR_IED_ManuelitaS_JuzgDe_f58ec3,,,,,
2026-09-12T01:31:13-05:00,PUR_IED_ManuelitaS_Recrea_d793db,PUR_IED_ManuelitaS_Recrea_d793db,,,,,
2026-09-12T01:31:13-05:00,PUR_IED_MarFidSuarez_Ext_c27b19,PUR_IED_MarFidSuarez_Ext_c27b19,,,,,
2026-09-12T01:31:13-05:00,PUR_IED_MarFidSuarez_Info_e384d7,PUR_IED_MarFidSuarez_Info_e384d7,,,,,
2026-09-12T01:31:13-05:00,PUR_IED_MarFidSuarez_S306_1d0032,PUR_IED_MarFidSuarez_S306_1d0032,,,,,
2026-09-12T01:31:13-05:00,PUR_IED_Menorah_301_2a25a3,PUR_IED_Menorah_301_2a25a3,,,,,
2026-09-12T01:31:13-05:00,PUR_IED_Menorah_306_37ed3,PUR_IED_Menorah_306_37ed3,,,,,
2026-09-12T01:31:13-05:00,PUR_IED_Menorah_Ext_3e155b,PUR_IED_Menorah_Ext_3e155b,,,,,
2026-09-12T01:31:13-05:00,PUR_IED_MinutoB.Aires_A11_1b1604,PUR_IED_MinutoB.Aires_A11_1b1604,,,,,
2026-09-12T01:31:13-05:00,PUR_IED_MinutoB.Aires_A12_fb5860,PUR_IED_MinutoB.Aires_A12_fb5860,,,,,
2026-09-12T01:31:13-05:00,PUR_IED_MinutoB.Aires_Ext_81293f,PUR_IED_MinutoB.Aires_Ext_81293f,,,,,
2026-09-12T01:31:13-05:00,PUR_IED_MinutoBAires_A11_1b1604,PUR_IED_MinutoBAires_A11_1b1604,,,,,
2026-09-12T01:31:13-05:00,PUR_IED_MinutoBAires_A12_fb5860,PUR_IED_MinutoBAires_A12_fb5860,,,,,
2026-09-12T01:31:13-05:00,PUR_IED_MinutoBAires_Ext_81293f,PUR_IED_MinutoBAires_Ext_81293f,,,,,
2026-09-12T01:31:13-05:00,PUR_IED_Montreal_Aula10_1e4959,PUR_IED_Montreal_Aula10_1e4959,,,,,
2026-09-12T01:31:13-05:00,PUR_IED_Montreal_Aula6_300367,PUR_IED_Montreal_Aula6_300367,,,,,
2026-09-12T01:31:13-05:00,PUR_IED_Montreal_Exterior_91a179,PUR_IED_Montreal_Exterior_91a179,,,,,
2026-09-12T01:31:13-05:00,PUR_IED_Mqgdalena_B202_5ddda3,PUR_IED_Mqgdalena_B202_5ddda3,,,,,
2026-09-12T01:31:13-05:00,PUR_IED_NACUND_Soc_dc8728,PUR_IED_NACUND_Soc_dc8728,,,,,
2026-09-12T01:31:13-05:00,PUR_IED_NACUND_ext_27ad97,PUR_IED_NACUND_ext_27ad97,,,,,
2026-09-12T01:31:13-05:00,PUR_IED_NEsperanza_Ext_d24b61,PUR_IED_NEsperanza_Ext_d24b61,,,,,
2026-09-12T01:31:13-05:00,PUR_IED_NEsperanza_SElect_7d1807,PUR_IED_NEsperanza_SElect_7d1807,,,,,
2026-09-12T01:31:13-05:00,PUR_IED_NEsperanza_SLabor_8b2d0a,PUR_IED_NEsperanza_SLabor_8b2d0a,,,,,
2026-09-12T01:31:13-05:00,PUR_IED_NacionesU_Ext_f661a9,PUR_IED_NacionesU_Ext_f661a9,,,,,
2026-09-12T01:31:13-05:00,PUR_IED_NacionesU_Quimica_66f0a,PUR_IED_NacionesU_Quimica_66f0a,,,,,
2026-09-12T01:31:13-05:00,PUR_IED_NacionesU_S306_1b4b3d,PUR_IED_NacionesU_S306_1b4b3d,,,,,
2026-09-12T01:31:13-05:00,PUR_IED_NestorFA_Ext_e4201c,PUR_IED_NestorFA_Ext_e4201c,,,,,
2026-09-12T01:31:13-05:00,PUR_IED_NestorFA_Laborato_f22fe0,PUR_IED_NestorFA_Laborato_f22fe0,,,,,
2026-09-12T01:31:13-05:00,PUR_IED_NestorFA_S204_dee996,PUR_IED_NestorFA_S204_dee996,,,,,
2026-09-12T01:31:13-05:00,PUR_IED_NidyaQT_Aula03_76999b,PUR_IED_NidyaQT_Aula03_76999b,,,,,
2026-09-12T01:31:13-05:00,PUR_IED_NidyaQT_Aula10_56325,PUR_IED_NidyaQT_Aula10_56325,,,,,
2026-09-12T01:31:13-05:00,PUR_IED_NidyaQT_Ext_46e32d,PUR_IED_NidyaQT_Ext_46e32d,,,,,
2026-09-12T01:31:13-05:00,PUR_IED_NuevaCol_Exterior_d9b859,PUR_IED_NuevaCol_Exterior_d9b859,,,,,
2026-09-12T01:31:13-05:00,PUR_IED_NuevaCol_S1101_76c43b,PUR_IED_NuevaCol_S1101_76c43b,,,,,
2026-09-12T01:31:13-05:00,PUR_IED_NuevaCol_S1102_1ce0b5,PUR_IED_NuevaCol_S1102_1ce0b5,,,,,
2026-09-12T01:31:13-05:00,PUR_IED_OEA_A202_f7e3f2,PUR_IED_OEA_A202_f7e3f2,,,,,
2026-09-12T01:31:13-05:00,PUR_IED_OEA_A203_7d1b8d,PUR_IED_OEA_A203_7d1b8d,,,,,
2026-09-12T01:31:13-05:00,PUR_IED_OEA_Ext_27b593,PUR_IED_OEA_Ext_27b593,,,,,
2026-09-12T01:31:13-05:00,PUR_IED_Ochoa_Ext_1c29da,PUR_IED_Ochoa_Ext_1c29da,,,,,
2026-09-12T01:31:13-05:00,PUR_IED_Ochoa_S205_8b1121,PUR_IED_Ochoa_S205_8b1121,,,,,
2026-09-12T01:31:13-05:00,PUR_IED_Ochoa_Sistemas_f33af6,PUR_IED_Ochoa_Sistemas_f33af6,,,,,
2026-09-12T01:31:13-05:00,PUR_IED_PQuebec_Ext_1c67c7,PUR_IED_PQuebec_Ext_1c67c7,,,,,
2026-09-12T01:31:13-05:00,PUR_IED_PQuebec_S15_23e8e2,PUR_IED_PQuebec_S15_23e8e2,,,,,
2026-09-12T01:31:13-05:00,PUR_IED_PQuebec_S16_8ec76b,PUR_IED_PQuebec_S16_8ec76b,,,,,
2026-09-12T01:31:13-05:00,PUR_IED_PabloN_Ext_49dc96,PUR_IED_PabloN_Ext_49dc96,,,,,
2026-09-12T01:31:13-05:00,PUR_IED_PabloN_S1102_4e3df5,PUR_IED_PabloN_S1102_4e3df5,,,,,
2026-09-12T01:31:13-05:00,PUR_IED_PabloN_S1103_50c94b,PUR_IED_PabloN_S1103_50c94b,,,,,
2026-09-12T01:31:13-05:00,PUR_IED_Palestina_S1101_db9198,PUR_IED_Palestina_S1101_db9198,,,,,
2026-09-12T01:31:13-05:00,PUR_IED_Palestina_S1102_dc54fa,PUR_IED_Palestina_S1102_dc54fa,,,,,
2026-09-12T01:31:13-05:00,PUR_IED_Palestina_ext_4ccce6,PUR_IED_Palestina_ext_4ccce6,,,,,
2026-09-12T01:31:13-05:00,PUR_IED_Panama_Fisica_4d0794,PUR_IED_Panama_Fisica_4d0794,,,,,
2026-09-12T01:31:13-05:00,PUR_IED_Panama_SIngles_a4077e,PUR_IED_Panama_SIngles_a4077e,,,,,
2026-09-12T01:31:13-05:00,PUR_IED_Panama_ext_4c54b4,PUR_IED_Panama_ext_4c54b4,,,,,
2026-09-12T01:31:13-05:00,PUR_IED_ParaisoM_Exterior_8cd7f0,PUR_IED_ParaisoM_Exterior_8cd7f0,,,,,
2026-09-12T01:31:13-05:00,PUR_IED_ParaisoM_Laborato_27af35,PUR_IED_ParaisoM_Laborato_27af35,,,,,
2026-09-12T01:31:13-05:00,PUR_IED_ParaisoM_S304_d1edca,PUR_IED_ParaisoM_S304_d1edca,,,,,
2026-09-12T01:31:13-05:00,PUR_IED_PorfirioBarba_Ext_301466,PUR_IED_PorfirioBarba_Ext_301466,,,,,
2026-09-12T01:31:13-05:00,PUR_IED_PorfirioBarba_S11_df6cd2,PUR_IED_PorfirioBarba_S11_df6cd2,,,,,
2026-09-12T01:31:13-05:00,PUR_IED_PorfirioBarba_S29_27a7d6,PUR_IED_PorfirioBarba_S29_27a7d6,,,,,
2026-09-12T01:31:13-05:00,PUR_IED_PradoV_Exter_8b27ad,PUR_IED_PradoV_Exter_8b27ad,,,,,
2026-09-12T01:31:13-05:00,PUR_IED_PradoV_S301_de65b5,PUR_IED_PradoV_S301_de65b5,,,,,
2026-09-12T01:31:13-05:00,PUR_IED_PradoV_S302_7d2593,PUR_IED_PradoV_S302_7d2593,,,,,
2026-09-12T01:31:13-05:00,PUR_IED_QuirogaAlz_Ext_1ddc82,PUR_IED_QuirogaAlz_Ext_1ddc82,,,,,
2026-09-12T01:31:13-05:00,PUR_IED_QuirogaAlz_S302_9926a3,PUR_IED_QuirogaAlz_S302_9926a3,,,,,
2026-09-12T01:31:13-05:00,PUR_IED_QuirogaAlz_S305_cdf1f1,PUR_IED_QuirogaAlz_S305_cdf1f1,,,,,
2026-09-12T01:31:13-05:00,PUR_IED_RGuatemala_Biling_dc53b7,PUR_IED_RGuatemala_Biling_dc53b7,,,,,
2026-09-12T01:31:13-05:00,PUR_IED_RGuatemala_Ext_1b89a3,PUR_IED_RGuatemala_Ext_1b89a3,,,,,
2026-09-12T01:31:13-05:00,PUR_IED_RGuatemala_Tecnol_281a34,PUR_IED_RGuatemala_Tecnol_281a34,,,,,
2026-09-12T01:31:13-05:00,PUR_IED_RafaNu_Ext_f7c302,PUR_IED_RafaNu_Ext_f7c302,,,,,
2026-09-12T01:31:13-05:00,PUR_IED_RafaNu_S1101_25fde,PUR_IED_RafaNu_S1101_25fde,,,,,
2026-09-12T01:31:13-05:00,PUR_IED_RafaNu_S1102_281517,PUR_IED_RafaNu_S1102_281517,,,,,
2026-09-12T01:31:13-05:00,PUR_IED_RafaelB_S305_ee2783,PUR_IED_RafaelB_S305_ee2783,,,,,
2026-09-12T01:31:13-05:00,PUR_IED_RafaelB_S306_75fe33,PUR_IED_RafaelB_S306_75fe33,,,,,
2026-09-12T01:31:13-05:00,PUR_IED_RafaelB_ext_283336,PUR_IED_RafaelB_ext_283336,3,18,60,4.6722,-74.0737
2026-09-12T01:31:13-05:00,PUR_IED_RafaelUU_Exterior_281a51,PUR_IED_RafaelUU_Exterior_281a51,,,,,
2026-09-12T01:31:13-05:00,PUR_IED_RafaelUU_Human_806b2,PUR_IED_RafaelUU_Human_806b2,,,,,
2026-09-12T01:31:13-05:00,PUR_IED_RafaelUU_Mate2_5680d4,PUR_IED_RafaelUU_Mate2_5680d4,,,,,
2026-09-12T01:31:13-05:00,PUR_IED_RamonSub_Ext_f9eeb9,PUR_IED_RamonSub_Ext_f9eeb9,,,,,
2026-09-12T01:31:13-05:00,PUR_IED_RamonSub_Media_d1f62f,PUR_IED_RamonSub_Media_d1f62f,,,,,
2026-09-12T01:31:13-05:00,PUR_IED_RamonSub_planta_51b82,PUR_IED_RamonSub_planta_51b82,,,,,
2026-09-12T01:31:13-05:00,PUR_IED_RepBoliVene_Exter_27af7c,PUR_IED_RepBoliVene_Exter_27af7c,,,,,
2026-09-12T01:31:13-05:00,PUR_IED_RepBoliVene_SCPT_5ae2ee,PUR_IED_RepBoliVene_SCPT_5ae2ee,,,,,
2026-09-12T01:31:13-05:00,PUR_IED_RepBoliVene_Socia_4b11d5,PUR_IED_RepBoliVene_Socia_4b11d5,,,,,
2026-09-12T01:31:13-05:00,PUR_IED_RepChina_Ext_76d9ee,PUR_IED_RepChina_Ext_76d9ee,,,,,
2026-09-12T01:31:13-05:00,PUR_IED_RepChina_S404_7c804c,PUR_IED_RepChina_S404_7c804c,,,,,
2026-09-12T01:31:13-05:00,PUR_IED_RepChina_S405_df2c33,PUR_IED_RepChina_S405_df2c33,,,,,
2026-09-12T01:31:13-05:00,PUR_IED_RepublicaC_Exteri_7d1ec9,PUR_IED_RepublicaC_Exteri_7d1ec9,,,,,
2026-09-12T01:31:13-05:00,PUR_IED_RepublicaC_S1101_f544b3,PUR_IED_RepublicaC_S1101_f544b3,,,,,
2026-09-12T01:31:13-05:00,PUR_IED_RepublicaC_S1102_7aafc7,PUR_IED_RepublicaC_S1102_7aafc7,,,,,
2026-09-12T01:31:13-05:00,PUR_IED_Ricaurte_Externo_a0ea1,PUR_IED_Ricaurte_Externo_a0ea1,,,,,
2026-09-12T01:31:13-05:00,PUR_IED_Ricaurte_S210_f546fd,PUR_IED_Ricaurte_S210_f546fd,,,,,
2026-09-12T01:31:13-05:00,PUR_IED_Ricaurte_S309_d4452,PUR_IED_Ricaurte_S309_d4452,,,,,
2026-09-12T01:31:13-05:00,PUR_IED_RogelioS_1102_531e69,PUR_IED_RogelioS_1102_531e69,,,,,
2026-09-12T01:31:13-05:00,PUR_IED_RogelioS_Ext_f25a18,PUR_IED_RogelioS_Ext_f25a18,,,,,
2026-09-12T01:31:13-05:00,PUR_IED_SBernardino_Ext_27aff8,PUR_IED_SBernardino_Ext_27aff8,,,,,
2026-09-12T01:31:13-05:00,PUR_IED_SBernardino_SArte_2ffd33,PUR_IED_SBernardino_SArte_2ffd33,,,,,
2026-09-12T01:31:13-05:00,PUR_IED_SBernardino_SIngl_7c7da5,PUR_IED_SBernardino_SIngl_7c7da5,,,,,
2026-09-12T01:31:13-05:00,PUR_IED_Sago_auditorio_dc9d1d,PUR_IED_Sago_auditorio_dc9d1d,,,,,
2026-09-12T01:31:13-05:00,PUR_IED_Saludcoop_Ext_95aac3,PUR_IED_Saludcoop_Ext_95aac3,,,,,
2026-09-12T01:31:13-05:00,PUR_IED_Saludcoop_InfI_90c854,PUR_IED_Saludcoop_InfI_90c854,,,,,
2026-09-12T01:31:13-05:00,PUR_IED_Saludcoop_SMedia_1b93be,PUR_IED_Saludcoop_SMedia_1b93be,,,,,
2026-09-12T01:31:13-05:00,PUR_IED_SanCarlos_1101_1a2360,PUR_IED_SanCarlos_1101_1a2360,,,,,
2026-09-12T01:31:13-05:00,PUR_IED_SanCarlos_1103_7bafb5,PUR_IED_SanCarlos_1103_7bafb5,,,,,
2026-09-12T01:31:13-05:00,PUR_IED_SanCarlos_Ext_b7cd1,PUR_IED_SanCarlos_Ext_b7cd1,,,,,
2026-09-12T01:31:13-05:00,PUR_IED_SanIgnacioBosa11a_50c26e,PUR_IED_SanIgnacioBosa11a_50c26e,,,,,
2026-09-12T01:31:13-05:00,PUR_IED_SanIgnacioBosa11b_371de8,PUR_IED_SanIgnacioBosa11b_371de8,,,,,
2026-09-12T01:31:13-05:00,PUR_IED_SanIgnacioBosaExt_ef0ffc,PUR_IED_SanIgnacioBosaExt_ef0ffc,,,,,
2026-09-12T01:31:13-05:00,PUR_IED_SanIgnacioBosa_11a_50c26e,PUR_IED_SanIgnacioBosa_11a_50c26e,,,,,
2026-09-12T01:31:13-05:00,PUR_IED_SanIgnacioBosa_Ext_ef0ffc,PUR_IED_SanIgnacioBosa_Ext_ef0ffc,,,,,
2026-09-12T01:31:13-05:00,PUR_IED_SanJoseN_intS1101_31c47f,PUR_IED_SanJoseN_intS1101_31c47f,,,,,
2026-09-12T01:31:13-05:00,PUR_IED_SanJoseUsm_Exter_f5d7e8,PUR_IED_SanJoseUsm_Exter_f5d7e8,,,,,
2026-09-12T01:31:13-05:00,PUR_IED_SanJoseUsm_Int11A_cfdef6,PUR_IED_SanJoseUsm_Int11A_cfdef6,,,,,
2026-09-12T01:31:13-05:00,PUR_IED_SilveriaR_IntB5_905349,PUR_IED_SilveriaR_IntB5_905349,,,,,
2026-09-12T01:31:13-05:00,PUR_IED_SilveriaR_IntSD14_981f93,PUR_IED_SilveriaR_IntSD14_981f93,,,,,
2026-09-12T01:31:13-05:00,PUR_IED_SilveriaR_ext_2b651d,PUR_IED_SilveriaR_ext_2b651d,,,,,
2026-09-12T01:31:13-05:00,PUR_IED_SimonB_Exterior_913975,PUR_IED_SimonB_Exterior_913975,,,,,
2026-09-12T01:31:13-05:00,PUR_IED_SimonB_LabQuimi_c56908,PUR_IED_SimonB_LabQuimi_c56908,,,,,
2026-09-12T01:31:13-05:00,PUR_IED_SimonB_informatic_a28c1,PUR_IED_SimonB_informatic_a28c1,,,,,
2026-09-12T01:31:13-05:00,PUR_IED_Sorrento_1102_315f50,PUR_IED_Sorrento_1102_315f50,,,,,
2026-09-12T01:31:13-05:00,PUR_IED_Sorrento_Minte_214eab,PUR_IED_Sorrento_Minte_214eab,,,,,
2026-09-12T01:31:13-05:00,PUR_IED_Sorrento_ext_7c3a0a,PUR_IED_Sorrento_ext_7c3a0a,,,,,
2026-09-12T01:31:13-05:00,PUR_IED_Tabora_Ext_f048ae,PUR_IED_Tabora_Ext_f048ae,,,,,
2026-09-12T01:31:13-05:00,PUR_IED_Tabora_S1102_b07752,PUR_IED_Tabora_S1102_b07752,,,,,
2026-09-12T01:31:13-05:00,PUR_IED_Tabora_S1103_d988f5,PUR_IED_Tabora_S1103_d988f5,,,,,
2026-09-12T01:31:13-05:00,PUR_IED_Tenerife_Ext_1ab188,PUR_IED_Tenerife_Ext_1ab188,,,,,
2026-09-12T01:31:13-05:00,PUR_IED_Tenerife_SDanzas_7bc02e,PUR_IED_Tenerife_SDanzas_7bc02e,,,,,
2026-09-12T01:31:13-05:00,PUR_IED_Tenerife_SIngles_7cc277,PUR_IED_Tenerife_SIngles_7cc277,,,,,
2026-09-12T01:31:13-05:00,PUR_IED_Tibabuyes_Exter_f2683d,PUR_IED_Tibabuyes_Exter_f2683d,,,,,
2026-09-12T01:31:13-05:00,PUR_IED_Tibabuyes_S10_dc87a8,PUR_IED_Tibabuyes_S10_dc87a8,,,,,
2026-09-12T01:31:13-05:00,PUR_IED_Tibabuyes_S15_dc0526,PUR_IED_Tibabuyes_S15_dc0526,,,,,
2026-09-12T01:31:13-05:00,PUR_IED_UnionE_S301_a1043,PUR_IED_UnionE_S301_a1043,,,,,
2026-09-12T01:31:13-05:00,PUR_IED_UnionE_S307_ff6c2f,PUR_IED_UnionE_S307_ff6c2f,,,,,
2026-09-12T01:31:13-05:00,PUR_IED_UnionE__Ext_5e2468,PUR_IED_UnionE__Ext_5e2468,,,,,
2026-09-12T01:31:13-05:00,PUR_IED_VillaRica_Ext_75be7c,PUR_IED_VillaRica_Ext_75be7c,,,,,
2026-09-12T01:31:13-05:00,PUR_IED_VillaRica_S4_cc5dcd,PUR_IED_VillaRica_S4_cc5dcd,,,,,
2026-09-12T01:31:13-05:00,PUR_IED_VillaRica_Sesp_99f5c,PUR_IED_VillaRica_Sesp_99f5c,,,,,
2026-09-12T01:36:05-05:00,PUR_IED_20deJulio_1101_91b1b9,PUR_IED_20deJulio_1101_91b1b9,,,,,
2026-09-12T01:36:05-05:00,PUR_IED_20deJulio_1102_1cfcf9,PUR_IED_20deJulio_1102_1cfcf9,,,,,
2026-09-12T01:36:05-05:00,PUR_IED_20deJulio_Ext_ab60bd,PUR_IED_20deJulio_Ext_ab60bd,,,,,
2026-09-12T01:36:05-05:00,PUR_IED_AgustinFer_Ext_7b9b77,PUR_IED_AgustinFer_Ext_7b9b77,,,,,
2026-09-12T01:36:05-05:00,PUR_IED_AgustinFer_Info2_27b3a7,PUR_IED_AgustinFer_Info2_27b3a7,,,,,
2026-09-12T01:36:05-05:00,PUR_IED_AgustinFer_Sena_54b4eb,PUR_IED_AgustinFer_Sena_54b4eb,,,,,
2026-09-12T01:36:05-05:00,PUR_IED_AlexanderF_1102_caf07b,PUR_IED_AlexanderF_1102_caf07b,,,,,
2026-09-12T01:36:05-05:00,PUR_IED_AlexanderF_1103_c79e71,PUR_IED_AlexanderF_1103_c79e71,,,,,
2026-09-12T01:36:05-05:00,PUR_IED_AlexanderF_Ext_c5b18b,PUR_IED_AlexanderF_Ext_c5b18b,,,,,
2026-09-12T01:36:05-05:00,PUR_IED_AlfonsoLopez_Ext_281d77,PUR_IED_AlfonsoLopez_Ext_281d77,,,,,
2026-09-12T01:36:05-05:00,PUR_IED_AlfonsoLopez_LabF_888ce0,PUR_IED_AlfonsoLopez_LabF_888ce0,,,,,
2026-09-12T01:36:05-05:00,PUR_IED_AlfonsoLopez_SMed_df6a7f,PUR_IED_AlfonsoLopez_SMed_df6a7f,,,,,
2026-09-12T01:36:05-05:00,PUR_IED_AltamiraSO_A2_209f92,PUR_IED_AltamiraSO_A2_209f92,,,,,
2026-09-12T01:36:05-05:00,PUR_IED_AltamiraSO_Ext_186d66,PUR_IED_AltamiraSO_Ext_186d66,,,,,
2026-09-12T01:36:05-05:00,PUR_IED_AltamiraSO_Sistem_27afe1,PUR_IED_AltamiraSO_Sistem_27afe1,,,,,
2026-09-12T01:36:05-05:00,PUR_IED_AlvaroGom_LabQuim_813179,PUR_IED_AlvaroGom_LabQuim_813179,,,,,
2026-09-12T01:36:05-05:00,PUR_IED_AlvaroGomez_Ext_47c7ca,PUR_IED_AlvaroGomez_Ext_47c7ca,,,,,
2026-09-12T01:36:05-05:00,PUR_IED_AlvaroGomez_LabQuim_813179,PUR_IED_AlvaroGomez_LabQuim_813179,,,,,
2026-09-12T01:36:05-05:00,PUR_IED_AlvaroGomez_S23_7ba89f,PUR_IED_AlvaroGomez_S23_7ba89f,,,,,
2026-09-12T01:36:05-05:00,PUR_IED_Amistad_306_dc8728,PUR_IED_Amistad_306_dc8728,,,,,
2026-09-12T01:36:05-05:00,PUR_IED_Amistad_Ext_8cd55e,PUR_IED_Amistad_Ext_8cd55e,,,,,
2026-09-12T01:36:05-05:00,PUR_IED_Amistad_S202_a41169,PUR_IED_Amistad_S202_a41169,,,,,
2026-09-12T01:36:05-05:00,PUR_IED_AndresBello_Bio_fd5f5e,PUR_IED_AndresBello_Bio_fd5f5e,,,,,
2026-09-12T01:36:05-05:00,PUR_IED_AndresBello_ext_dcad65,PUR_IED_AndresBello_ext_dcad65,,,,,
2026-09-12T01:36:05-05:00,PUR_IED_AndresBello_port_eed3ec,PUR_IED_AndresBello_port_eed3ec,,,,,
2026-09-12T01:36:05-05:00,PUR_IED_AngelaR_11b_d90a6b,PUR_IED_AngelaR_11b_d90a6b,,,,,
2026-09-12T01:36:05-05:00,PUR_IED_AngelaR_ext_7cad3e,PUR_IED_AngelaR_ext_7cad3e,11,20,60,4.5825,-74.164497
2026-09-12T01:36:05-05:00,PUR_IED_AntJoseSucre_10mo_df2575,PUR_IED_AntJoseSucre_10mo_df2575,,,,,
2026-09-12T01:36:05-05:00,PUR_IED_AntJoseSucre_Ext_215b36,PUR_IED_AntJoseSucre_Ext_215b36,,,,,
2026-09-12T01:36:05-05:00,PUR_IED_AntJoseSucre_Lab_3139de,PUR_IED_AntJoseSucre_Lab_3139de,,,,,
2026-09-12T01:36:05-05:00,PUR_IED_AntonioGarcia_301_d6b188,PUR_IED_AntonioGarcia_301_d6b188,,,,,
2026-09-12T01:36:05-05:00,PUR_IED_AntonioGarcia_302_88a82,PUR_IED_AntonioGarcia_302_88a82,,,,,
2026-09-12T01:36:05-05:00,PUR_IED_AntonioGarcia_Ext_20950c,PUR_IED_AntonioGarcia_Ext_20950c,,,,,
2026-09-12T01:36:05-05:00,PUR_IED_AntonioVan_Aula2_6dea02,PUR_IED_AntonioVan_Aula2_6dea02,,,,,
2026-09-12T01:36:05-05:00,PUR_IED_AntonioVan_Aula5_f1557e,PUR_IED_AntonioVan_Aula5_f1557e,,,,,
2026-09-12T01:36:05-05:00,PUR_IED_AntonioVan_Ext_406f2f,PUR_IED_AntonioVan_Ext_406f2f,,,,,
2026-09-12T01:36:05-05:00,PUR_IED_Atabanzha_Ext_cc5af9,PUR_IED_Atabanzha_Ext_cc5af9,,,,,
2026-09-12T01:36:05-05:00,PUR_IED_Atabanzha_SA101_56c37,PUR_IED_Atabanzha_SA101_56c37,,,,,
2026-09-12T01:36:05-05:00,PUR_IED_Atabanzha_SB302_27b374,PUR_IED_Atabanzha_SB302_27b374,,,,,
2026-09-12T01:36:05-05:00,PUR_IED_Atahualpa_Ext_fc1748,PUR_IED_Atahualpa_Ext_fc1748,,,,,
2026-09-12T01:36:05-05:00,PUR_IED_Atahualpa_Informa_dc9a95,PUR_IED_Atahualpa_Informa_dc9a95,,,,,
2026-09-12T01:36:05-05:00,PUR_IED_Atahualpa_S1101_f98056,PUR_IED_Atahualpa_S1101_f98056,,,,,
2026-09-12T01:36:05-05:00,PUR_IED_Bellavista_Ext_f5aa74,PUR_IED_Bellavista_Ext_f5aa74,,,,,
2026-09-12T01:36:05-05:00,PUR_IED_Bilbao_11A_916c41,PUR_IED_Bilbao_11A_916c41,,,,,
2026-09-12T01:36:05-05:00,PUR_IED_Bilbao_Ext_fb579a,PUR_IED_Bilbao_Ext_fb579a,,,,,
2026-09-12T01:36:05-05:00,PUR_IED_BrasiliaU_A125_304280,PUR_IED_BrasiliaU_A125_304280,,,,,
2026-09-12T01:36:05-05:00,PUR_IED_BrasiliaU_A203_7c8ca5,PUR_IED_BrasiliaU_A203_7c8ca5,,,,,
2026-09-12T01:36:05-05:00,PUR_IED_BrasiliaU_Ext_8d6e9f,PUR_IED_BrasiliaU_Ext_8d6e9f,4,17,62,4.5175,-74.116302
2026-09-12T01:36:05-05:00,PUR_IED_Brasilia_Ext_fe6593,PUR_IED_Brasilia_Ext_fe6593,,,,,
2026-09-12T01:36:05-05:00,PUR_IED_Brasilia_S24_7c130d,PUR_IED_Brasilia_S24_7c130d,,,,,
2026-09-12T01:36:05-05:00,PUR_IED_Brasilia_S501_186a54,PUR_IED_Brasilia_S501_186a54,,,,,
2026-09-12T01:36:05-05:00,PUR_IED_CHARRY_EXT_f1d5cd,PUR_IED_CHARRY_EXT_f1d5cd,,,,,
2026-09-12T01:36:05-05:00,PUR_IED_CHARRY_INTDANZAS_7a08e6,PUR_IED_CHARRY_INTDANZAS_7a08e6,,,,,
2026-09-12T01:36:05-05:00,PUR_IED_CHARRY_INT_AULA20_dc998d,PUR_IED_CHARRY_INT_AULA20_dc998d,,,,,
2026-09-12T01:36:05-05:00,PUR_IED_COLVIV_1101_S25_7f520a,PUR_IED_COLVIV_1101_S25_7f520a,,,,,
2026-09-12T01:36:05-05:00,PUR_IED_COLVIV_1102_S16_f570ba,PUR_IED_COLVIV_1102_S16_f570ba,,,,,
2026-09-12T01:36:05-05:00,PUR_IED_COLVIV_Ext_1a26fa,PUR_IED_COLVIV_Ext_1a26fa,,,,,
2026-09-12T01:36:05-05:00,PUR_IED_CULPOP_301A_f660f3,PUR_IED_CULPOP_301A_f660f3,,,,,
2026-09-12T01:36:05-05:00,PUR_IED_CULPOP_303_568afe,PUR_IED_CULPOP_303_568afe,,,,,
2026-09-12T01:36:05-05:00,PUR_IED_CULPOP_Ext_e02ccb,PUR_IED_CULPOP_Ext_e02ccb,,,,,
2026-09-12T01:36:05-05:00,PUR_IED_CVillavicen_Ext_26eb58,PUR_IED_CVillavicen_Ext_26eb58,4,15,77,4.487,-74.102798
2026-09-12T01:36:05-05:00,PUR_IED_CVillavicen_Intel_1ce5c2,PUR_IED_CVillavicen_Intel_1ce5c2,,,,,
2026-09-12T01:36:05-05:00,PUR_IED_CVillavicen_Poliv_e0766c,PUR_IED_CVillavicen_Poliv_e0766c,,,,,
2026-09-12T01:36:05-05:00,PUR_IED_CVillavicen_int_1ba140,PUR_IED_CVillavicen_int_1ba140,,,,,
2026-09-12T01:36:05-05:00,PUR_IED_CVillavicen_intel_1ba140,PUR_IED_CVillavicen_intel_1ba140,,,,,
2026-09-12T01:36:05-05:00,PUR_IED_CarlosPizarro_Ext_e307cc,PUR_IED_CarlosPizarro_Ext_e307cc,,,,,
2026-09-12T01:36:05-05:00,PUR_IED_CarlosPizarro_L36_7e5cdb,PUR_IED_CarlosPizarro_L36_7e5cdb,,,,,
2026-09-12T01:36:05-05:00,PUR_IED_CarlosPizarro_L37_c8566c,PUR_IED_CarlosPizarro_L37_c8566c,,,,,
2026-09-12T01:36:05-05:00,PUR_IED_Castilla_Ext_cf35f,PUR_IED_Castilla_Ext_cf35f,,,,,
2026-09-12T01:36:05-05:00,PUR_IED_Castilla_SFisik_360e38,PUR_IED_Castilla_SFisik_360e38,,,,,
2026-09-12T01:36:05-05:00,PUR_IED_Castilla_Sc304_496fbf,PUR_IED_Castilla_Sc304_496fbf,,,,,
2026-09-12T01:36:05-05:00,PUR_IED_CervantesSa_Ext_6b57b,PUR_IED_CervantesSa_Ext_6b57b,3,17,68,4.5128,-74.117203
2026-09-12T01:36:05-05:00,PUR_IED_CervantesSa_S107_225c2b,PUR_IED_CervantesSa_S107_225c2b,,,,,
2026-09-12T01:36:05-05:00,PUR_IED_CervantesSa_S108_940925,PUR_IED_CervantesSa_S108_940925,,,,,
2026-09-12T01:36:05-05:00,PUR_IED_Charry_A20_f53e7c,PUR_IED_Charry_A20_f53e7c,,,,,
2026-09-12T01:36:05-05:00,PUR_IED_Charry_Ext_f1d5cd,PUR_IED_Charry_Ext_f1d5cd,,,,,
2026-09-12T01:36:05-05:00,PUR_IED_Charry_IntAula20_dc998d,PUR_IED_Charry_IntAula20_dc998d,,,,,
2026-09-12T01:36:05-05:00,PUR_IED_Charry_IntDanzas_7a08e6,PUR_IED_Charry_IntDanzas_7a08e6,,,,,
2026-09-12T01:36:05-05:00,PUR_IED_ClememciaC_203_43e2fc,PUR_IED_ClememciaC_203_43e2fc,,,,,
2026-09-12T01:36:05-05:00,PUR_IED_ClememciaC_Ext_1b411a,PUR_IED_ClememciaC_Ext_1b411a,,,,,
2026-09-12T01:36:05-05:00,PUR_IED_ClememciaC_Quimic_44b5fc,PUR_IED_ClememciaC_Quimic_44b5fc,,,,,
2026-09-12T01:36:05-05:00,PUR_IED_ClemenciaC_203_43e2fc,PUR_IED_ClemenciaC_203_43e2fc,,,,,
2026-09-12T01:36:05-05:00,PUR_IED_ClemenciaC_Ext_1b411a,PUR_IED_ClemenciaC_Ext_1b411a,,,,,
2026-09-12T01:36:05-05:00,PUR_IED_ClemenciaC_Quimic_44b5fc,PUR_IED_ClemenciaC_Quimic_44b5fc,,,,,
2026-09-12T01:36:05-05:00,PUR_IED_ColViva_1101_S25_7f520a,PUR_IED_ColViva_1101_S25_7f520a,,,,,
2026-09-12T01:36:05-05:00,PUR_IED_ColViva_1102_S16_f570ba,PUR_IED_ColViva_1102_S16_f570ba,,,,,
2026-09-12T01:36:05-05:00,PUR_IED_ColViva_Ext_1a26fa,PUR_IED_ColViva_Ext_1a26fa,,,,,
2026-09-12T01:36:05-05:00,PUR_IED_ColegioBici_Asist_7c8798,PUR_IED_ColegioBici_Asist_7c8798,,,,,
2026-09-12T01:36:05-05:00,PUR_IED_ColegioBici_Ext_25cbf6,PUR_IED_ColegioBici_Ext_25cbf6,,,,,
2026-09-12T01:36:05-05:00,PUR_IED_ColegioBici_LabQ_7b57db,PUR_IED_ColegioBici_LabQ_7b57db,,,,,
2026-09-12T01:36:05-05:00,PUR_IED_CostaRica_Ext_5e640,PUR_IED_CostaRica_Ext_5e640,,,,,
2026-09-12T01:36:05-05:00,PUR_IED_CostaRica_Quim1_766d1c,PUR_IED_CostaRica_Quim1_766d1c,,,,,
2026-09-12T01:36:05-05:00,PUR_IED_CostaRica__Fisica_6f0873,PUR_IED_CostaRica__Fisica_6f0873,,,,,
2026-09-12T01:36:05-05:00,PUR_IED_CulPopu_301A_f660f3,PUR_IED_CulPopu_301A_f660f3,,,,,
2026-09-12T01:36:05-05:00,PUR_IED_CulPopu_303_568afe,PUR_IED_CulPopu_303_568afe,,,,,
2026-09-12T01:36:05-05:00,PUR_IED_CulPopu_Ext_e02ccb,PUR_IED_CulPopu_Ext_e02ccb,,,,,
2026-09-12T01:36:05-05:00,PUR_IED_Cundinamarca_Ext_f15985,PUR_IED_Cundinamarca_Ext_f15985,,,,,
2026-09-12T01:36:05-05:00,PUR_IED_Cundinamarca_Info_7aa5d7,PUR_IED_Cundinamarca_Info_7aa5d7,,,,,
2026-09-12T01:36:05-05:00,PUR_IED_Cundinamarca_Tec2_f449c7,PUR_IED_Cundinamarca_Tec2_f449c7,,,,,
2026-09-12T01:36:05-05:00,PUR_IED_DiegoM_Aula1_27b314,PUR_IED_DiegoM_Aula1_27b314,,,,,
2026-09-12T01:36:05-05:00,PUR_IED_DiegoM_Ext_d80ac8,PUR_IED_DiegoM_Ext_d80ac8,,,,,
2026-09-12T01:36:05-05:00,PUR_IED_DiegoM_S25_da928f,PUR_IED_DiegoM_S25_da928f,,,,,
2026-09-12T01:36:05-05:00,PUR_IED_ELRODEO_360881,PUR_IED_ELRODEO_360881,,,,,
2026-09-12T01:36:05-05:00,PUR_IED_ELRODEO_ext_360881,PUR_IED_ELRODEO_ext_360881,,,,,
2026-09-12T01:36:05-05:00,PUR_IED_EduardoU_Ext_1c1969,PUR_IED_EduardoU_Ext_1c1969,,,,,
2026-09-12T01:36:05-05:00,PUR_IED_EduardoU_SCiencia_4dfb94,PUR_IED_EduardoU_SCiencia_4dfb94,,,,,
2026-09-12T01:36:05-05:00,PUR_IED_EduardoU_SQuimica_5a46e7,PUR_IED_EduardoU_SQuimica_5a46e7,,,,,
2026-09-12T01:36:05-05:00,PUR_IED_ElRodeo_Aula14_676984,PUR_IED_ElRodeo_Aula14_676984,,,,,
2026-09-12T01:36:05-05:00,PUR_IED_ElRodeo_Aula16_2dd35b,PUR_IED_ElRodeo_Aula16_2dd35b,,,,,
2026-09-12T01:36:05-05:00,PUR_IED_ElRodeo_Ext_360881,PUR_IED_ElRodeo_Ext_360881,,,,,
2026-09-12T01:36:05-05:00,PUR_IED_ElRodeo_Exterior_8c6d28,PUR_IED_ElRodeo_Exterior_8c6d28,,,,,
2026-09-12T01:36:05-05:00,PUR_IED_ElRodeo_ext_360881,PUR_IED_ElRodeo_ext_360881,,,,,
2026-09-12T01:36:05-05:00,PUR_IED_EmmaReyes_Ext_987625,PUR_IED_EmmaReyes_Ext_987625,15,21,53,4.6367,-74.1511
2026-09-12T01:36:05-05:00,PUR_IED_Ensueño_Ext_7f0250,PUR_IED_Ensueño_Ext_7f0250,,,,,
2026-09-12T01:36:05-05:00,PUR_IED_EscNormal_Ext_5fef3b,PUR_IED_EscNormal_Ext_5fef3b,2,18,60,4.5852,-74.096901
2026-09-12T01:36:05-05:00,PUR_IED_EscNormal_S309_5b263,PUR_IED_EscNormal_S309_5b263,,,,,
2026-09-12T01:36:05-05:00,PUR_IED_EscNormal_S310_27b3b8,PUR_IED_EscNormal_S310_27b3b8,,,,,
2026-09-12T01:36:05-05:00,PUR_IED_Evangelista_Conta_f6cd4f,PUR_IED_Evangelista_Conta_f6cd4f,,,,,
2026-09-12T01:36:05-05:00,PUR_IED_Evangelista_Cri_5e16a,PUR_IED_Evangelista_Cri_5e16a,,,,,
2026-09-12T01:36:05-05:00,PUR_IED_Evangelista_Exter_754066,PUR_IED_Evangelista_Exter_754066,,,,,
2026-09-12T01:36:05-05:00,PUR_IED_FMiranda_S209_5cc2a3,PUR_IED_FMiranda_S209_5cc2a3,,,,,
2026-09-12T01:36:05-05:00,PUR_IED_FMiranda_S303_19e344,PUR_IED_FMiranda_S303_19e344,,,,,
2026-09-12T01:36:05-05:00,PUR_IED_FMiranda_ext_f53e7c,PUR_IED_FMiranda_ext_f53e7c,,,,,
2026-09-12T01:36:05-05:00,PUR_IED_FabioLozano_Bibli_1cee05,PUR_IED_FabioLozano_Bibli_1cee05,,,,,
2026-09-12T01:36:05-05:00,PUR_IED_FabioLozano_Ext_6ea285,PUR_IED_FabioLozano_Ext_6ea285,,,,,
2026-09-12T01:36:05-05:00,PUR_IED_FabioLozano_SLudi_f09e1e,PUR_IED_FabioLozano_SLudi_f09e1e,,,,,
2026-09-12T01:36:05-05:00,PUR_IED_FaustinoS_Aula07_27a731,PUR_IED_FaustinoS_Aula07_27a731,,,,,
2026-09-12T01:36:05-05:00,PUR_IED_FaustinoS_Ext_7b936f,PUR_IED_FaustinoS_Ext_7b936f,,,,,
2026-09-12T01:36:05-05:00,PUR_IED_FaustinoS_Fisica_da2c60,PUR_IED_FaustinoS_Fisica_da2c60,,,,,
2026-09-12T01:36:05-05:00,PUR_IED_FeGarciaLo_Ext_dc68ee,PUR_IED_FeGarciaLo_Ext_dc68ee,,,,,
2026-09-12T01:36:05-05:00,PUR_IED_FeGarciaLo_SDanza_f70a59,PUR_IED_FeGarciaLo_SDanza_f70a59,,,,,
2026-09-12T01:36:05-05:00,PUR_IED_FeGarciaLo_SMusic_125cdd,PUR_IED_FeGarciaLo_SMusic_125cdd,,,,,
2026-09-12T01:36:05-05:00,PUR_IED_FederalAlema_Exte_50c345,PUR_IED_FederalAlema_Exte_50c345,,,,,
2026-09-12T01:36:05-05:00,PUR_IED_FederalAlema_S31_f18371,PUR_IED_FederalAlema_S31_f18371,,,,,
2026-09-12T01:36:05-05:00,PUR_IED_FederalAlema_S901_a62cd,PUR_IED_FederalAlema_S901_a62cd,,,,,
2026-09-12T01:36:05-05:00,PUR_IED_FilarmonicaS_A5_f35eb1,PUR_IED_FilarmonicaS_A5_f35eb1,,,,,
2026-09-12T01:36:05-05:00,PUR_IED_FilarmonicaS_Ext_8a3bde,PUR_IED_FilarmonicaS_Ext_8a3bde,,,,,
2026-09-12T01:36:05-05:00,PUR_IED_FilarmonicaS_Spol_406114,PUR_IED_FilarmonicaS_Spol_406114,,,,,
2026-09-12T01:36:05-05:00,PUR_IED_FlorentinoG_A13_d1fa59,PUR_IED_FlorentinoG_A13_d1fa59,,,,,
2026-09-12T01:36:05-05:00,PUR_IED_FlorentinoG_Ext_1ce6ce,PUR_IED_FlorentinoG_Ext_1ce6ce,,,,,
2026-09-12T01:36:05-05:00,PUR_IED_FlorentinoG_Idiom_a66aac,PUR_IED_FlorentinoG_Idiom_a66aac,,,,,
2026-09-12T01:36:05-05:00,PUR_IED_FranciscoMati_Ext_e3869d,PUR_IED_FranciscoMati_Ext_e3869d,,,,,
2026-09-12T01:36:05-05:00,PUR_IED_FranciscoMati_S13_f31c67,PUR_IED_FranciscoMati_S13_f31c67,,,,,
2026-09-12T01:36:05-05:00,PUR_IED_FranciscoMati_S14_97dead,PUR_IED_FranciscoMati_S14_97dead,,,,,
2026-09-12T01:36:05-05:00,PUR_IED_FranciscoPS_Ext_7bfa9a,PUR_IED_FranciscoPS_Ext_7bfa9a,2,20,58,4.5899,-74.110397
2026-09-12T01:36:05-05:00,PUR_IED_FranciscoPS_Infor_fb8f4c,PUR_IED_FranciscoPS_Infor_fb8f4c,,,,,
2026-09-12T01:36:05-05:00,PUR_IED_FranciscoPS_Quimi_94d39c,PUR_IED_FranciscoPS_Quimi_94d39c,,,,,
2026-09-12T01:36:05-05:00,PUR_IED_FranciscoP_LabQ_d7e148,PUR_IED_FranciscoP_LabQ_d7e148,,,,,
2026-09-12T01:36:05-05:00,PUR_IED_FranciscoP_S28_cf9b30,PUR_IED_FranciscoP_S28_cf9b30,,,,,
2026-09-12T01:36:05-05:00,PUR_IED_FranciscoP_ext_e2313,PUR_IED_FranciscoP_ext_e2313,,,,,
2026-09-12T01:36:05-05:00,PUR_IED_FriederichN_Ext_8ac92a,PUR_IED_FriederichN_Ext_8ac92a,,,,,
2026-09-12T01:36:05-05:00,PUR_IED_FriederichN_S301_dd7e5a,PUR_IED_FriederichN_S301_dd7e5a,,,,,
2026-09-12T01:36:05-05:00,PUR_IED_FriederichN_S308_761f4f,PUR_IED_FriederichN_S308_761f4f,,,,,
2026-09-12T01:36:05-05:00,PUR_IED_GSantander_Aula10_533dd7,PUR_IED_GSantander_Aula10_533dd7,,,,,
2026-09-12T01:36:05-05:00,PUR_IED_GSantander_Aula12_fd4e4f,PUR_IED_GSantander_Aula12_fd4e4f,,,,,
2026-09-12T01:36:05-05:00,PUR_IED_GSantander_Aula310_533dd7,PUR_IED_GSantander_Aula310_533dd7,,,,,
2026-09-12T01:36:05-05:00,PUR_IED_GSantander_Aula312_fd4e4f,PUR_IED_GSantander_Aula312_fd4e4f,,,,,
2026-09-12T01:36:05-05:00,PUR_IED_GSantander_Ext_5f66b0,PUR_IED_GSantander_Ext_5f66b0,,,,,
2026-09-12T01:36:05-05:00,PUR_IED_GYomasa_Ext_f6bea5,PUR_IED_GYomasa_Ext_f6bea5,,,,,
2026-09-12T01:36:05-05:00,PUR_IED_GYomasa_LBiol_2c41aa,PUR_IED_GYomasa_LBiol_2c41aa,,,,,
2026-09-12T01:36:05-05:00,PUR_IED_GYomasa_LQuim_33c80,PUR_IED_GYomasa_LQuim_33c80,,,,,
2026-09-12T01:36:05-05:00,PUR_IED_GabBetMejia_Cienc_5a99c,PUR_IED_GabBetMejia_Cienc_5a99c,,,,,
2026-09-12T01:36:05-05:00,PUR_IED_GabBetMejia_Ext_9153d0,PUR_IED_GabBetMejia_Ext_9153d0,,,,,
2026-09-12T01:36:05-05:00,PUR_IED_GabBetMejia_Lab_f55347,PUR_IED_GabBetMejia_Lab_f55347,,,,,
2026-09-12T01:36:05-05:00,PUR_IED_GabBetanMejia_Ext_9153d0,PUR_IED_GabBetanMejia_Ext_9153d0,,,,,
2026-09-12T01:36:05-05:00,PUR_IED_Gaitana_Aula13_7aac11,PUR_IED_Gaitana_Aula13_7aac11,,,,,
2026-09-12T01:36:05-05:00,PUR_IED_Gaitana_Ext_5fcf4,PUR_IED_Gaitana_Ext_5fcf4,,,,,
2026-09-12T01:36:05-05:00,PUR_IED_Gaitana_LabFisica_644448,PUR_IED_Gaitana_LabFisica_644448,,,,,
2026-09-12T01:36:05-05:00,PUR_IED_GenSantander_Dise_8ac858,PUR_IED_GenSantander_Dise_8ac858,,,,,
2026-09-12T01:36:05-05:00,PUR_IED_GenSantander_Ext_8d5dfe,PUR_IED_GenSantander_Ext_8d5dfe,,,,,
2026-09-12T01:36:05-05:00,PUR_IED_GenSantander_Info_6c25b,PUR_IED_GenSantander_Info_6c25b,,,,,
2026-09-12T01:36:05-05:00,PUR_IED_GustavoMo_Exterio_75e63d,PUR_IED_GustavoMo_Exterio_75e63d,,,,,
2026-09-12T01:36:05-05:00,PUR_IED_GustavoMo_LabFisi_224d37,PUR_IED_GustavoMo_LabFisi_224d37,,,,,
2026-09-12T01:36:05-05:00,PUR_IED_GustavoMo_S208_3e6918,PUR_IED_GustavoMo_S208_3e6918,,,,,
2026-09-12T01:36:05-05:00,PUR_IED_GustavoR_A02_8cd4a8,PUR_IED_GustavoR_A02_8cd4a8,,,,,
2026-09-12T01:36:05-05:00,PUR_IED_GustavoR_B11_5b0ed,PUR_IED_GustavoR_B11_5b0ed,,,,,
2026-09-12T01:36:05-05:00,PUR_IED_GustavoR_Ext_7a0c90,PUR_IED_GustavoR_Ext_7a0c90,,,,,
2026-09-12T01:36:05-05:00,PUR_IED_HernandoDuran_Ext_8cd82b,PUR_IED_HernandoDuran_Ext_8cd82b,,,,,
2026-09-12T01:36:05-05:00,PUR_IED_HernandoDuran_S24_2772c6,PUR_IED_HernandoDuran_S24_2772c6,,,,,
2026-09-12T01:36:05-05:00,PUR_IED_HernandoDuran_S30_f2de41,PUR_IED_HernandoDuran_S30_f2de41,,,,,
2026-09-12T01:36:05-05:00,PUR_IED_HolguInUr_S1101_8cd732,PUR_IED_HolguInUr_S1101_8cd732,,,,,
2026-09-12T01:36:05-05:00,PUR_IED_HolguinUr_Exter_ddae6d,PUR_IED_HolguinUr_Exter_ddae6d,,,,,
2026-09-12T01:36:05-05:00,PUR_IED_HolguinUr_LabQuim_92b952,PUR_IED_HolguinUr_LabQuim_92b952,,,,,
2026-09-12T01:36:05-05:00,PUR_IED_Isabel-II_Ext_5245cc,PUR_IED_Isabel-II_Ext_5245cc,13,18,60,4.6336,-74.153
2026-09-12T01:36:05-05:00,PUR_IED_Isabel-II_S_idiom_1c29aa,PUR_IED_Isabel-II_S_idiom_1c29aa,,,,,
2026-09-12T01:36:05-05:00,PUR_IED_Isabel-II_S_infor_fd741,PUR_IED_Isabel-II_S_infor_fd741,,,,,
2026-09-12T01:36:05-05:00,PUR_IED_IsidroSur_Exterio_5b90ea,PUR_IED_IsidroSur_Exterio_5b90ea,,,,,
2026-09-12T01:36:05-05:00,PUR_IED_IsidroSur_LabTec_56697a,PUR_IED_IsidroSur_LabTec_56697a,,,,,
2026-09-12T01:36:05-05:00,PUR_IED_IsidroSur_Robotic_b7c38f,PUR_IED_IsidroSur_Robotic_b7c38f,,,,,
2026-09-12T01:36:05-05:00,PUR_IED_IsmaelPerd_Ext_7b6672,PUR_IED_IsmaelPerd_Ext_7b6672,,,,,
2026-09-12T01:36:05-05:00,PUR_IED_IsmaelPerd_Inform_306540,PUR_IED_IsmaelPerd_Inform_306540,,,,,
2026-09-12T01:36:05-05:00,PUR_IED_IsmaelPerd_S30_2e2c83,PUR_IED_IsmaelPerd_S30_2e2c83,,,,,
2026-09-12T01:36:05-05:00,PUR_IED_JLozano_Exter_432910,PUR_IED_JLozano_Exter_432910,,,,,
2026-09-12T01:36:05-05:00,PUR_IED_JLozano_salaMulti_df5125,PUR_IED_JLozano_salaMulti_df5125,,,,,
2026-09-12T01:36:05-05:00,PUR_IED_JMCordoba_206_86f80b,PUR_IED_JMCordoba_206_86f80b,,,,,
2026-09-12T01:36:05-05:00,PUR_IED_JMCordoba_Ext_27ad97,PUR_IED_JMCordoba_Ext_27ad97,,,,,
2026-09-12T01:36:05-05:00,PUR_IED_JMCordoba_S310_d59ab4,PUR_IED_JMCordoba_S310_d59ab4,,,,,
2026-09-12T01:36:05-05:00,PUR_IED_Japon_Ext_549100,PUR_IED_Japon_Ext_549100,,,,,
2026-09-12T01:36:05-05:00,PUR_IED_Japon_Laboratorio_bec51d,PUR_IED_Japon_Laboratorio_bec51d,,,,,
2026-09-12T01:36:05-05:00,PUR_IED_Japon_informatica_d99327,PUR_IED_Japon_informatica_d99327,,,,,
2026-09-12T01:36:05-05:00,PUR_IED_Jazmin_Ext_d27bda,PUR_IED_Jazmin_Ext_d27bda,,,,,
2026-09-12T01:36:05-05:00,PUR_IED_Jazmin_Fisica_8d14d7,PUR_IED_Jazmin_Fisica_8d14d7,,,,,
2026-09-12T01:36:05-05:00,PUR_IED_Jazmin_Quimica_801cb5,PUR_IED_Jazmin_Quimica_801cb5,,,,,
2026-09-12T01:36:05-05:00,PUR_IED_JorgeGaitan_Exter_f098d1,PUR_IED_JorgeGaitan_Exter_f098d1,,,,,
2026-09-12T01:36:05-05:00,PUR_IED_JorgeGaitan_STec1_dc9d1d,PUR_IED_JorgeGaitan_STec1_dc9d1d,,,,,
2026-09-12T01:36:05-05:00,PUR_IED_JorgeGaitan_STec2_281e69,PUR_IED_JorgeGaitan_STec2_281e69,,,,,
2026-09-12T01:36:05-05:00,PUR_IED_JorgeSoto_Exterio_d9d0a2,PUR_IED_JorgeSoto_Exterio_d9d0a2,,,,,
2026-09-12T01:36:05-05:00,PUR_IED_JorgeSoto_LabFisi_209c54,PUR_IED_JorgeSoto_LabFisi_209c54,,,,,
2026-09-12T01:36:05-05:00,PUR_IED_JorgeSoto_S103_27b51a,PUR_IED_JorgeSoto_S103_27b51a,,,,,
2026-09-12T01:36:05-05:00,PUR_IED_JoseAcevedo_A02_e965eb,PUR_IED_JoseAcevedo_A02_e965eb,,,,,
2026-09-12T01:36:05-05:00,PUR_IED_JoseAcevedo_A07_dd5b4,PUR_IED_JoseAcevedo_A07_dd5b4,,,,,
2026-09-12T01:36:05-05:00,PUR_IED_JoseAcevedo_Ext_b47484,PUR_IED_JoseAcevedo_Ext_b47484,,,,,
2026-09-12T01:36:05-05:00,PUR_IED_JoseMarti_Exte_5b9bf,PUR_IED_JoseMarti_Exte_5b9bf,,,,,
2026-09-12T01:36:05-05:00,PUR_IED_JoseMarti_LabQuim_1c6c2d,PUR_IED_JoseMarti_LabQuim_1c6c2d,,,,,
2026-09-12T01:36:05-05:00,PUR_IED_JoseMarti_S_info_f5f177,PUR_IED_JoseMarti_S_info_f5f177,,,,,
2026-09-12T01:36:05-05:00,PUR_IED_Josejoaquin_Ext_dfc5dc,PUR_IED_Josejoaquin_Ext_dfc5dc,,,,,
2026-09-12T01:36:05-05:00,PUR_IED_Josejoaquin_S05_5b2a96,PUR_IED_Josejoaquin_S05_5b2a96,,,,,
2026-09-12T01:36:05-05:00,PUR_IED_Josejoaquin_S06_1ce7d2,PUR_IED_Josejoaquin_S06_1ce7d2,,,,,
2026-09-12T01:36:05-05:00,PUR_IED_JulioFlorez_Danza_9b82dd,PUR_IED_JulioFlorez_Danza_9b82dd,,,,,
2026-09-12T01:36:05-05:00,PUR_IED_JulioFlorez_Exter_f9f314,PUR_IED_JulioFlorez_Exter_f9f314,,,,,
2026-09-12T01:36:05-05:00,PUR_IED_JulioFlorez_info2_6b6e08,PUR_IED_JulioFlorez_info2_6b6e08,,,,,
2026-09-12T01:36:05-05:00,PUR_IED_LaBelleza_Aula13_1d00d8,PUR_IED_LaBelleza_Aula13_1d00d8,,,,,
2026-09-12T01:36:05-05:00,PUR_IED_LaBelleza_Ext_7bc08c,PUR_IED_LaBelleza_Ext_7bc08c,,,,,
2026-09-12T01:36:05-05:00,PUR_IED_LaChucua_Ext_8cd6d2,PUR_IED_LaChucua_Ext_8cd6d2,,,,,
2026-09-12T01:36:05-05:00,PUR_IED_LaChucua_S15_f578ce,PUR_IED_LaChucua_S15_f578ce,,,,,
2026-09-12T01:36:05-05:00,PUR_IED_LaChucua_S16_eebcf9,PUR_IED_LaChucua_S16_eebcf9,,,,,
2026-09-12T01:36:05-05:00,PUR_IED_LaFelicidad_Ext_fb5109,PUR_IED_LaFelicidad_Ext_fb5109,,,,,
2026-09-12T01:36:05-05:00,PUR_IED_LaMerced_206_66ebd,PUR_IED_LaMerced_206_66ebd,,,,,
2026-09-12T01:36:05-05:00,PUR_IED_LaMerced_207_6ebd6,PUR_IED_LaMerced_207_6ebd6,,,,,
2026-09-12T01:36:05-05:00,PUR_IED_LaMerced_ext_304311,PUR_IED_LaMerced_ext_304311,,,,,
2026-09-12T01:36:05-05:00,PUR_IED_Laureano_CiencNat_281e5e,PUR_IED_Laureano_CiencNat_281e5e,,,,,
2026-09-12T01:36:05-05:00,PUR_IED_Laureano_Comedor_f65c0a,PUR_IED_Laureano_Comedor_f65c0a,,,,,
2026-09-12T01:36:05-05:00,PUR_IED_Laureano_Exterior_7ab011,PUR_IED_Laureano_Exterior_7ab011,,,,,
2026-09-12T01:36:05-05:00,PUR_IED_LeonGreiff_Exte_dfe560,PUR_IED_LeonGreiff_Exte_dfe560,,,,,
2026-09-12T01:36:05-05:00,PUR_IED_LeonGreiff_S210_f264ed,PUR_IED_LeonGreiff_S210_f264ed,,,,,
2026-09-12T01:36:05-05:00,PUR_IED_LeonGreiff_SQuimi_e8296f,PUR_IED_LeonGreiff_SQuimi_e8296f,,,,,
2026-09-12T01:36:05-05:00,PUR_IED_LlanoOrientalS208_7b9fcd,PUR_IED_LlanoOrientalS208_7b9fcd,,,,,
2026-09-12T01:36:05-05:00,PUR_IED_LlanoOriental_Ext_fb3766,PUR_IED_LlanoOriental_Ext_fb3766,,,,,
2026-09-12T01:36:05-05:00,PUR_IED_LlanoOriental_S208_7b9fcd,PUR_IED_LlanoOriental_S208_7b9fcd,,,,,
2026-09-12T01:36:05-05:00,PUR_IED_LlanoOriental_S9_27b378,PUR_IED_LlanoOriental_S9_27b378,,,,,
2026-09-12T01:36:05-05:00,PUR_IED_LosTejares_1101_477602,PUR_IED_LosTejares_1101_477602,,,,,
2026-09-12T01:36:05-05:00,PUR_IED_LosTejares_11_d2c595,PUR_IED_LosTejares_11_d2c595,,,,,
2026-09-12T01:36:05-05:00,PUR_IED_LosTejares_12_477602,PUR_IED_LosTejares_12_477602,,,,,
2026-09-12T01:36:05-05:00,PUR_IED_LosTejares_Ext_8e2115,PUR_IED_LosTejares_Ext_8e2115,,,,,
2026-09-12T01:36:05-05:00,PUR_IED_MagdalenaO_B202_5ddda3,PUR_IED_MagdalenaO_B202_5ddda3,,,,,
2026-09-12T01:36:05-05:00,PUR_IED_MagdalenaO_B205_fb76e8,PUR_IED_MagdalenaO_B205_fb76e8,,,,,
2026-09-12T01:36:05-05:00,PUR_IED_MagdalenaO_ext_dc69cd,PUR_IED_MagdalenaO_ext_dc69cd,,,,,
2026-09-12T01:36:05-05:00,PUR_IED_ManueCepeda_artes_eee956,PUR_IED_ManueCepeda_artes_eee956,,,,,
2026-09-12T01:36:05-05:00,PUR_IED_ManuelCepeda_Ext_58313,PUR_IED_ManuelCepeda_Ext_58313,,,,,
2026-09-12T01:36:05-05:00,PUR_IED_ManuelCepeda_tec_1c5731,PUR_IED_ManuelCepeda_tec_1c5731,,,,,
2026-09-12T01:36:05-05:00,PUR_IED_ManuelS_Exterior_5b269,PUR_IED_ManuelS_Exterior_5b269,,,,,
2026-09-12T01:36:05-05:00,PUR_IED_ManuelS_Inform_f369ce,PUR_IED_ManuelS_Inform_f369ce,,,,,
2026-09-12T01:36:05-05:00,PUR_IED_ManuelS_SArtes_7d15f1,PUR_IED_ManuelS_SArtes_7d15f1,,,,,
2026-09-12T01:36:05-05:00,PUR_IED_ManuelZapata_303_3ca6,PUR_IED_ManuelZapata_303_3ca6,,,,,
2026-09-12T01:36:05-05:00,PUR_IED_ManuelZapata_311_bfbabc,PUR_IED_ManuelZapata_311_bfbabc,,,,,
2026-09-12T01:36:05-05:00,PUR_IED_ManuelZapata_Ext_50824a,PUR_IED_ManuelZapata_Ext_50824a,,,,,
2026-09-12T01:36:05-05:00,PUR_IED_ManuelitaS_Exteri_656a92,PUR_IED_ManuelitaS_Exteri_656a92,,,,,
2026-09-12T01:36:05-05:00,PUR_IED_ManuelitaS_JuzgDe_f58ec3,PUR_IED_ManuelitaS_JuzgDe_f58ec3,,,,,
2026-09-12T01:36:05-05:00,PUR_IED_ManuelitaS_Recrea_d793db,PUR_IED_ManuelitaS_Recrea_d793db,,,,,
2026-09-12T01:36:05-05:00,PUR_IED_MarFidSuarez_Ext_c27b19,PUR_IED_MarFidSuarez_Ext_c27b19,,,,,
2026-09-12T01:36:05-05:00,PUR_IED_MarFidSuarez_Info_e384d7,PUR_IED_MarFidSuarez_Info_e384d7,,,,,
2026-09-12T01:36:05-05:00,PUR_IED_MarFidSuarez_S306_1d0032,PUR_IED_MarFidSuarez_S306_1d0032,,,,,
2026-09-12T01:36:05-05:00,PUR_IED_Menorah_301_2a25a3,PUR_IED_Menorah_301_2a25a3,,,,,
2026-09-12T01:36:05-05:00,PUR_IED_Menorah_306_37ed3,PUR_IED_Menorah_306_37ed3,,,,,
2026-09-12T01:36:05-05:00,PUR_IED_Menorah_Ext_3e155b,PUR_IED_Menorah_Ext_3e155b,,,,,
2026-09-12T01:36:05-05:00,PUR_IED_MinutoB.Aires_A11_1b1604,PUR_IED_MinutoB.Aires_A11_1b1604,,,,,
2026-09-12T01:36:05-05:00,PUR_IED_MinutoB.Aires_A12_fb5860,PUR_IED_MinutoB.Aires_A12_fb5860,,,,,
2026-09-12T01:36:05-05:00,PUR_IED_MinutoB.Aires_Ext_81293f,PUR_IED_MinutoB.Aires_Ext_81293f,,,,,
2026-09-12T01:36:05-05:00,PUR_IED_MinutoBAires_A11_1b1604,PUR_IED_MinutoBAires_A11_1b1604,,,,,
2026-09-12T01:36:05-05:00,PUR_IED_MinutoBAires_A12_fb5860,PUR_IED_MinutoBAires_A12_fb5860,,,,,
2026-09-12T01:36:05-05:00,PUR_IED_MinutoBAires_Ext_81293f,PUR_IED_MinutoBAires_Ext_81293f,,,,,
2026-09-12T01:36:05-05:00,PUR_IED_Montreal_Aula10_1e4959,PUR_IED_Montreal_Aula10_1e4959,,,,,
2026-09-12T01:36:05-05:00,PUR_IED_Montreal_Aula6_300367,PUR_IED_Montreal_Aula6_300367,,,,,
2026-09-12T01:36:05-05:00,PUR_IED_Montreal_Exterior_91a179,PUR_IED_Montreal_Exterior_91a179,,,,,
2026-09-12T01:36:05-05:00,PUR_IED_Mqgdalena_B202_5ddda3,PUR_IED_Mqgdalena_B202_5ddda3,,,,,
2026-09-12T01:36:05-05:00,PUR_IED_NACUND_Soc_dc8728,PUR_IED_NACUND_Soc_dc8728,,,,,
2026-09-12T01:36:05-05:00,PUR_IED_NACUND_ext_27ad97,PUR_IED_NACUND_ext_27ad97,,,,,
2026-09-12T01:36:05-05:00,PUR_IED_NEsperanza_Ext_d24b61,PUR_IED_NEsperanza_Ext_d24b61,,,,,
2026-09-12T01:36:05-05:00,PUR_IED_NEsperanza_SElect_7d1807,PUR_IED_NEsperanza_SElect_7d1807,,,,,
2026-09-12T01:36:05-05:00,PUR_IED_NEsperanza_SLabor_8b2d0a,PUR_IED_NEsperanza_SLabor_8b2d0a,,,,,
2026-09-12T01:36:05-05:00,PUR_IED_NacionesU_Ext_f661a9,PUR_IED_NacionesU_Ext_f661a9,,,,,
2026-09-12T01:36:05-05:00,PUR_IED_NacionesU_Quimica_66f0a,PUR_IED_NacionesU_Quimica_66f0a,,,,,
2026-09-12T01:36:05-05:00,PUR_IED_NacionesU_S306_1b4b3d,PUR_IED_NacionesU_S306_1b4b3d,,,,,
2026-09-12T01:36:05-05:00,PUR_IED_NestorFA_Ext_e4201c,PUR_IED_NestorFA_Ext_e4201c,,,,,
2026-09-12T01:36:05-05:00,PUR_IED_NestorFA_Laborato_f22fe0,PUR_IED_NestorFA_Laborato_f22fe0,,,,,
2026-09-12T01:36:05-05:00,PUR_IED_NestorFA_S204_dee996,PUR_IED_NestorFA_S204_dee996,,,,,
2026-09-12T01:36:05-05:00,PUR_IED_NidyaQT_Aula03_76999b,PUR_IED_NidyaQT_Aula03_76999b,,,,,
2026-09-12T01:36:05-05:00,PUR_IED_NidyaQT_Aula10_56325,PUR_IED_NidyaQT_Aula10_56325,,,,,
2026-09-12T01:36:05-05:00,PUR_IED_NidyaQT_Ext_46e32d,PUR_IED_NidyaQT_Ext_46e32d,,,,,
2026-09-12T01:36:05-05:00,PUR_IED_NuevaCol_Exterior_d9b859,PUR_IED_NuevaCol_Exterior_d9b859,,,,,
2026-09-12T01:36:05-05:00,PUR_IED_NuevaCol_S1101_76c43b,PUR_IED_NuevaCol_S1101_76c43b,,,,,
2026-09-12T01:36:05-05:00,PUR_IED_NuevaCol_S1102_1ce0b5,PUR_IED_NuevaCol_S1102_1ce0b5,,,,,
2026-09-12T01:36:05-05:00,PUR_IED_OEA_A202_f7e3f2,PUR_IED_OEA_A202_f7e3f2,,,,,
2026-09-12T01:36:05-05:00,PUR_IED_OEA_A203_7d1b8d,PUR_IED_OEA_A203_7d1b8d,,,,,
2026-09-12T01:36:05-05:00,PUR_IED_OEA_Ext_27b593,PUR_IED_OEA_Ext_27b593,,,,,
2026-09-12T01:36:05-05:00,PUR_IED_Ochoa_Ext_1c29da,PUR_IED_Ochoa_Ext_1c29da,,,,,
2026-09-12T01:36:05-05:00,PUR_IED_Ochoa_S205_8b1121,PUR_IED_Ochoa_S205_8b1121,,,,,
2026-09-12T01:36:05-05:00,PUR_IED_Ochoa_Sistemas_f33af6,PUR_IED_Ochoa_Sistemas_f33af6,,,,,
2026-09-12T01:36:05-05:00,PUR_IED_PQuebec_Ext_1c67c7,PUR_IED_PQuebec_Ext_1c67c7,,,,,
2026-09-12T01:36:05-05:00,PUR_IED_PQuebec_S15_23e8e2,PUR_IED_PQuebec_S15_23e8e2,,,,,
2026-09-12T01:36:05-05:00,PUR_IED_PQuebec_S16_8ec76b,PUR_IED_PQuebec_S16_8ec76b,,,,,
2026-09-12T01:36:05-05:00,PUR_IED_PabloN_Ext_49dc96,PUR_IED_PabloN_Ext_49dc96,,,,,
2026-09-12T01:36:05-05:00,PUR_IED_PabloN_S1102_4e3df5,PUR_IED_PabloN_S1102_4e3df5,,,,,
2026-09-12T01:36:05-05:00,PUR_IED_PabloN_S1103_50c94b,PUR_IED_PabloN_S1103_50c94b,,,,,
2026-09-12T01:36:05-05:00,PUR_IED_Palestina_S1101_db9198,PUR_IED_Palestina_S1101_db9198,,,,,
2026-09-12T01:36:05-05:00,PUR_IED_Palestina_S1102_dc54fa,PUR_IED_Palestina_S1102_dc54fa,,,,,
2026-09-12T01:36:05-05:00,PUR_IED_Palestina_ext_4ccce6,PUR_IED_Palestina_ext_4ccce6,,,,,
2026-09-12T01:36:05-05:00,PUR_IED_Panama_Fisica_4d0794,PUR_IED_Panama_Fisica_4d0794,,,,,
2026-09-12T01:36:05-05:00,PUR_IED_Panama_SIngles_a4077e,PUR_IED_Panama_SIngles_a4077e,,,,,
2026-09-12T01:36:05-05:00,PUR_IED_Panama_ext_4c54b4,PUR_IED_Panama_ext_4c54b4,,,,,
2026-09-12T01:36:05-05:00,PUR_IED_ParaisoM_Exterior_8cd7f0,PUR_IED_ParaisoM_Exterior_8cd7f0,,,,,
2026-09-12T01:36:05-05:00,PUR_IED_ParaisoM_Laborato_27af35,PUR_IED_ParaisoM_Laborato_27af35,,,,,
2026-09-12T01:36:05-05:00,PUR_IED_ParaisoM_S304_d1edca,PUR_IED_ParaisoM_S304_d1edca,,,,,
2026-09-12T01:36:05-05:00,PUR_IED_PorfirioBarba_Ext_301466,PUR_IED_PorfirioBarba_Ext_301466,,,,,
2026-09-12T01:36:05-05:00,PUR_IED_PorfirioBarba_S11_df6cd2,PUR_IED_PorfirioBarba_S11_df6cd2,,,,,
2026-09-12T01:36:05-05:00,PUR_IED_PorfirioBarba_S29_27a7d6,PUR_IED_PorfirioBarba_S29_27a7d6,,,,,
2026-09-12T01:36:05-05:00,PUR_IED_PradoV_Exter_8b27ad,PUR_IED_PradoV_Exter_8b27ad,,,,,
2026-09-12T01:36:05-05:00,PUR_IED_PradoV_S301_de65b5,PUR_IED_PradoV_S301_de65b5,,,,,
2026-09-12T01:36:05-05:00,PUR_IED_PradoV_S302_7d2593,PUR_IED_PradoV_S302_7d2593,,,,,
2026-09-12T01:36:05-05:00,PUR_IED_QuirogaAlz_Ext_1ddc82,PUR_IED_QuirogaAlz_Ext_1ddc82,,,,,
2026-09-12T01:36:05-05:00,PUR_IED_QuirogaAlz_S302_9926a3,PUR_IED_QuirogaAlz_S302_9926a3,,,,,
2026-09-12T01:36:05-05:00,PUR_IED_QuirogaAlz_S305_cdf1f1,PUR_IED_QuirogaAlz_S305_cdf1f1,,,,,
2026-09-12T01:36:05-05:00,PUR_IED_RGuatemala_Biling_dc53b7,PUR_IED_RGuatemala_Biling_dc53b7,,,,,
2026-09-12T01:36:05-05:00,PUR_IED_RGuatemala_Ext_1b89a3,PUR_IED_RGuatemala_Ext_1b89a3,,,,,
2026-09-12T01:36:05-05:00,PUR_IED_RGuatemala_Tecnol_281a34,PUR_IED_RGuatemala_Tecnol_281a34,,,,,
2026-09-12T01:36:05-05:00,PUR_IED_RafaNu_Ext_f7c302,PUR_IED_RafaNu_Ext_f7c302,,,,,
2026-09-12T01:36:05-05:00,PUR_IED_RafaNu_S1101_25fde,PUR_IED_RafaNu_S1101_25fde,,,,,
2026-09-12T01:36:05-05:00,PUR_IED_RafaNu_S1102_281517,PUR_IED_RafaNu_S1102_281517,,,,,
2026-09-12T01:36:05-05:00,PUR_IED_RafaelB_S305_ee2783,PUR_IED_RafaelB_S305_ee2783,,,,,
2026-09-12T01:36:05-05:00,PUR_IED_RafaelB_S306_75fe33,PUR_IED_RafaelB_S306_75fe33,,,,,
2026-09-12T01:36:05-05:00,PUR_IED_RafaelB_ext_283336,PUR_IED_RafaelB_ext_283336,3,18,61,4.6722,-74.0737
2026-09-12T01:36:05-05:00,PUR_IED_RafaelUU_Exterior_281a51,PUR_IED_RafaelUU_Exterior_281a51,,,,,
2026-09-12T01:36:05-05:00,PUR_IED_RafaelUU_Human_806b2,PUR_IED_RafaelUU_Human_806b2,,,,,
2026-09-12T01:36:05-05:00,PUR_IED_RafaelUU_Mate2_5680d4,PUR_IED_RafaelUU_Mate2_5680d4,,,,,
2026-09-12T01:36:05-05:00,PUR_IED_RamonSub_Ext_f9eeb9,PUR_IED_RamonSub_Ext_f9eeb9,,,,,
2026-09-12T01:36:05-05:00,PUR_IED_RamonSub_Media_d1f62f,PUR_IED_RamonSub_Media_d1f62f,,,,,
2026-09-12T01:36:05-05:00,PUR_IED_RamonSub_planta_51b82,PUR_IED_RamonSub_planta_51b82,,,,,
2026-09-12T01:36:05-05:00,PUR_IED_RepBoliVene_Exter_27af7c,PUR_IED_RepBoliVene_Exter_27af7c,,,,,
2026-09-12T01:36:05-05:00,PUR_IED_RepBoliVene_SCPT_5ae2ee,PUR_IED_RepBoliVene_SCPT_5ae2ee,,,,,
2026-09-12T01:36:05-05:00,PUR_IED_RepBoliVene_Socia_4b11d5,PUR_IED_RepBoliVene_Socia_4b11d5,,,,,
2026-09-12T01:36:05-05:00,PUR_IED_RepChina_Ext_76d9ee,PUR_IED_RepChina_Ext_76d9ee,,,,,
2026-09-12T01:36:05-05:00,PUR_IED_RepChina_S404_7c804c,PUR_IED_RepChina_S404_7c804c,,,,,
2026-09-12T01:36:05-05:00,PUR_IED_RepChina_S405_df2c33,PUR_IED_RepChina_S405_df2c33,,,,,
2026-09-12T01:36:05-05:00,PUR_IED_RepublicaC_Exteri_7d1ec9,PUR_IED_RepublicaC_Exteri_7d1ec9,,,,,
2026-09-12T01:36:05-05:00,PUR_IED_RepublicaC_S1101_f544b3,PUR_IED_RepublicaC_S1101_f544b3,,,,,
2026-09-12T01:36:05-05:00,PUR_IED_RepublicaC_S1102_7aafc7,PUR_IED_RepublicaC_S1102_7aafc7,,,,,
2026-09-12T01:36:05-05:00,PUR_IED_Ricaurte_Externo_a0ea1,PUR_IED_Ricaurte_Externo_a0ea1,,,,,
2026-09-12T01:36:05-05:00,PUR_IED_Ricaurte_S210_f546fd,PUR_IED_Ricaurte_S210_f546fd,,,,,
2026-09-12T01:36:05-05:00,PUR_IED_Ricaurte_S309_d4452,PUR_IED_Ricaurte_S309_d4452,,,,,
2026-09-12T01:36:05-05:00,PUR_IED_RogelioS_1102_531e69,PUR_IED_RogelioS_1102_531e69,,,,,
2026-09-12T01:36:05-05:00,PUR_IED_RogelioS_Ext_f25a18,PUR_IED_RogelioS_Ext_f25a18,,,,,
2026-09-12T01:36:05-05:00,PUR_IED_SBernardino_Ext_27aff8,PUR_IED_SBernardino_Ext_27aff8,,,,,
2026-09-12T01:36:05-05:00,PUR_IED_SBernardino_SArte_2ffd33,PUR_IED_SBernardino_SArte_2ffd33,,,,,
2026-09-12T01:36:05-05:00,PUR_IED_SBernardino_SIngl_7c7da5,PUR_IED_SBernardino_SIngl_7c7da5,,,,,
2026-09-12T01:36:05-05:00,PUR_IED_Sago_auditorio_dc9d1d,PUR_IED_Sago_auditorio_dc9d1d,,,,,
2026-09-12T01:36:05-05:00,PUR_IED_Saludcoop_Ext_95aac3,PUR_IED_Saludcoop_Ext_95aac3,,,,,
2026-09-12T01:36:05-05:00,PUR_IED_Saludcoop_InfI_90c854,PUR_IED_Saludcoop_InfI_90c854,,,,,
2026-09-12T01:36:05-05:00,PUR_IED_Saludcoop_SMedia_1b93be,PUR_IED_Saludcoop_SMedia_1b93be,,,,,
2026-09-12T01:36:05-05:00,PUR_IED_SanCarlos_1101_1a2360,PUR_IED_SanCarlos_1101_1a2360,,,,,
2026-09-12T01:36:05-05:00,PUR_IED_SanCarlos_1103_7bafb5,PUR_IED_SanCarlos_1103_7bafb5,,,,,
2026-09-12T01:36:05-05:00,PUR_IED_SanCarlos_Ext_b7cd1,PUR_IED_SanCarlos_Ext_b7cd1,,,,,
2026-09-12T01:36:05-05:00,PUR_IED_SanIgnacioBosa11a_50c26e,PUR_IED_SanIgnacioBosa11a_50c26e,,,,,
2026-09-12T01:36:05-05:00,PUR_IED_SanIgnacioBosa11b_371de8,PUR_IED_SanIgnacioBosa11b_371de8,,,,,
2026-09-12T01:36:05-05:00,PUR_IED_SanIgnacioBosaExt_ef0ffc,PUR_IED_SanIgnacioBosaExt_ef0ffc,,,,,
2026-09-12T01:36:05-05:00,PUR_IED_SanIgnacioBosa_11a_50c26e,PUR_IED_SanIgnacioBosa_11a_50c26e,,,,,
2026-09-12T01:36:05-05:00,PUR_IED_SanIgnacioBosa_Ext_ef0ffc,PUR_IED_SanIgnacioBosa_Ext_ef0ffc,,,,,
2026-09-12T01:36:05-05:00,PUR_IED_SanJoseN_intS1101_31c47f,PUR_IED_SanJoseN_intS1101_31c47f,,,,,
2026-09-12T01:36:05-05:00,PUR_IED_SanJoseUsm_Exter_f5d7e8,PUR_IED_SanJoseUsm_Exter_f5d7e8,,,,,
2026-09-12T01:36:05-05:00,PUR_IED_SanJoseUsm_Int11A_cfdef6,PUR_IED_SanJoseUsm_Int11A_cfdef6,,,,,
2026-09-12T01:36:05-05:00,PUR_IED_SilveriaR_IntB5_905349,PUR_IED_SilveriaR_IntB5_905349,,,,,
2026-09-12T01:36:05-05:00,PUR_IED_SilveriaR_IntSD14_981f93,PUR_IED_SilveriaR_IntSD14_981f93,,,,,
2026-09-12T01:36:05-05:00,PUR_IED_SilveriaR_ext_2b651d,PUR_IED_SilveriaR_ext_2b651d,,,,,
2026-09-12T01:36:05-05:00,PUR_IED_SimonB_Exterior_913975,PUR_IED_SimonB_Exterior_913975,,,,,
2026-09-12T01:36:05-05:00,PUR_IED_SimonB_LabQuimi_c56908,PUR_IED_SimonB_LabQuimi_c56908,,,,,
2026-09-12T01:36:05-05:00,PUR_IED_SimonB_informatic_a28c1,PUR_IED_SimonB_informatic_a28c1,,,,,
2026-09-12T01:36:05-05:00,PUR_IED_Sorrento_1102_315f50,PUR_IED_Sorrento_1102_315f50,,,,,
2026-09-12T01:36:05-05:00,PUR_IED_Sorrento_Minte_214eab,PUR_IED_Sorrento_Minte_214eab,,,,,
2026-09-12T01:36:05-05:00,PUR_IED_Sorrento_ext_7c3a0a,PUR_IED_Sorrento_ext_7c3a0a,,,,,
2026-09-12T01:36:05-05:00,PUR_IED_Tabora_Ext_f048ae,PUR_IED_Tabora_Ext_f048ae,,,,,
2026-09-12T01:36:05-05:00,PUR_IED_Tabora_S1102_b07752,PUR_IED_Tabora_S1102_b07752,,,,,
2026-09-12T01:36:05-05:00,PUR_IED_Tabora_S1103_d988f5,PUR_IED_Tabora_S1103_d988f5,,,,,
2026-09-12T01:36:05-05:00,PUR_IED_Tenerife_Ext_1ab188,PUR_IED_Tenerife_Ext_1ab188,,,,,
2026-09-12T01:36:05-05:00,PUR_IED_Tenerife_SDanzas_7bc02e,PUR_IED_Tenerife_SDanzas_7bc02e,,,,,
2026-09-12T01:36:05-05:00,PUR_IED_Tenerife_SIngles_7cc277,PUR_IED_Tenerife_SIngles_7cc277,,,,,
2026-09-12T01:36:05-05:00,PUR_IED_Tibabuyes_Exter_f2683d,PUR_IED_Tibabuyes_Exter_f2683d,,,,,
2026-09-12T01:36:05-05:00,PUR_IED_Tibabuyes_S10_dc87a8,PUR_IED_Tibabuyes_S10_dc87a8,,,,,
2026-09-12T01:36:05-05:00,PUR_IED_Tibabuyes_S15_dc0526,PUR_IED_Tibabuyes_S15_dc0526,,,,,
2026-09-12T01:36:05-05:00,PUR_IED_UnionE_S301_a1043,PUR_IED_UnionE_S301_a1043,,,,,
2026-09-12T01:36:05-05:00,PUR_IED_UnionE_S307_ff6c2f,PUR_IED_UnionE_S307_ff6c2f,,,,,
2026-09-12T01:36:05-05:00,PUR_IED_UnionE__Ext_5e2468,PUR_IED_UnionE__Ext_5e2468,,,,,
2026-09-12T01:36:05-05:00,PUR_IED_VillaRica_Ext_75be7c,PUR_IED_VillaRica_Ext_75be7c,,,,,
2026-09-12T01:36:05-05:00,PUR_IED_VillaRica_S4_cc5dcd,PUR_IED_VillaRica_S4_cc5dcd,,,,,
2026-09-12T01:36:05-05:00,PUR_IED_VillaRica_Sesp_99f5c,PUR_IED_VillaRica_Sesp_99f5c,,,,,
2026-09-12T01:41:09-05:00,PUR_IED_20deJulio_1101_91b1b9,PUR_IED_20deJulio_1101_91b1b9,,,,,
2026-09-12T01:41:09-05:00,PUR_IED_20deJulio_1102_1cfcf9,PUR_IED_20deJulio_1102_1cfcf9,,,,,
2026-09-12T01:41:09-05:00,PUR_IED_20deJulio_Ext_ab60bd,PUR_IED_20deJulio_Ext_ab60bd,,,,,
2026-09-12T01:41:09-05:00,PUR_IED_AgustinFer_Ext_7b9b77,PUR_IED_AgustinFer_Ext_7b9b77,,,,,
2026-09-12T01:41:09-05:00,PUR_IED_AgustinFer_Info2_27b3a7,PUR_IED_AgustinFer_Info2_27b3a7,,,,,
2026-09-12T01:41:09-05:00,PUR_IED_AgustinFer_Sena_54b4eb,PUR_IED_AgustinFer_Sena_54b4eb,,,,,
2026-09-12T01:41:09-05:00,PUR_IED_AlexanderF_1102_caf07b,PUR_IED_AlexanderF_1102_caf07b,,,,,
2026-09-12T01:41:09-05:00,PUR_IED_AlexanderF_1103_c79e71,PUR_IED_AlexanderF_1103_c79e71,,,,,
2026-09-12T01:41:09-05:00,PUR_IED_AlexanderF_Ext_c5b18b,PUR_IED_AlexanderF_Ext_c5b18b,,,,,
2026-09-12T01:41:09-05:00,PUR_IED_AlfonsoLopez_Ext_281d77,PUR_IED_AlfonsoLopez_Ext_281d77,,,,,
2026-09-12T01:41:09-05:00,PUR_IED_AlfonsoLopez_LabF_888ce0,PUR_IED_AlfonsoLopez_LabF_888ce0,,,,,
2026-09-12T01:41:09-05:00,PUR_IED_AlfonsoLopez_SMed_df6a7f,PUR_IED_AlfonsoLopez_SMed_df6a7f,,,,,
2026-09-12T01:41:09-05:00,PUR_IED_AltamiraSO_A2_209f92,PUR_IED_AltamiraSO_A2_209f92,,,,,
2026-09-12T01:41:09-05:00,PUR_IED_AltamiraSO_Ext_186d66,PUR_IED_AltamiraSO_Ext_186d66,,,,,
2026-09-12T01:41:09-05:00,PUR_IED_AltamiraSO_Sistem_27afe1,PUR_IED_AltamiraSO_Sistem_27afe1,,,,,
2026-09-12T01:41:09-05:00,PUR_IED_AlvaroGom_LabQuim_813179,PUR_IED_AlvaroGom_LabQuim_813179,,,,,
2026-09-12T01:41:09-05:00,PUR_IED_AlvaroGomez_Ext_47c7ca,PUR_IED_AlvaroGomez_Ext_47c7ca,,,,,
2026-09-12T01:41:09-05:00,PUR_IED_AlvaroGomez_LabQuim_813179,PUR_IED_AlvaroGomez_LabQuim_813179,,,,,
2026-09-12T01:41:09-05:00,PUR_IED_AlvaroGomez_S23_7ba89f,PUR_IED_AlvaroGomez_S23_7ba89f,,,,,
2026-09-12T01:41:09-05:00,PUR_IED_Amistad_306_dc8728,PUR_IED_Amistad_306_dc8728,,,,,
2026-09-12T01:41:09-05:00,PUR_IED_Amistad_Ext_8cd55e,PUR_IED_Amistad_Ext_8cd55e,,,,,
2026-09-12T01:41:09-05:00,PUR_IED_Amistad_S202_a41169,PUR_IED_Amistad_S202_a41169,,,,,
2026-09-12T01:41:09-05:00,PUR_IED_AndresBello_Bio_fd5f5e,PUR_IED_AndresBello_Bio_fd5f5e,,,,,
2026-09-12T01:41:09-05:00,PUR_IED_AndresBello_ext_dcad65,PUR_IED_AndresBello_ext_dcad65,,,,,
2026-09-12T01:41:09-05:00,PUR_IED_AndresBello_port_eed3ec,PUR_IED_AndresBello_port_eed3ec,,,,,
2026-09-12T01:41:09-05:00,PUR_IED_AngelaR_11b_d90a6b,PUR_IED_AngelaR_11b_d90a6b,,,,,
2026-09-12T01:41:09-05:00,PUR_IED_AngelaR_ext_7cad3e,PUR_IED_AngelaR_ext_7cad3e,11,20,60,4.5825,-74.164497
2026-09-12T01:41:09-05:00,PUR_IED_AntJoseSucre_10mo_df2575,PUR_IED_AntJoseSucre_10mo_df2575,,,,,
2026-09-12T01:41:09-05:00,PUR_IED_AntJoseSucre_Ext_215b36,PUR_IED_AntJoseSucre_Ext_215b36,,,,,
2026-09-12T01:41:09-05:00,PUR_IED_AntJoseSucre_Lab_3139de,PUR_IED_AntJoseSucre_Lab_3139de,,,,,
2026-09-12T01:41:09-05:00,PUR_IED_AntonioGarcia_301_d6b188,PUR_IED_AntonioGarcia_301_d6b188,,,,,
2026-09-12T01:41:09-05:00,PUR_IED_AntonioGarcia_302_88a82,PUR_IED_AntonioGarcia_302_88a82,,,,,
2026-09-12T01:41:09-05:00,PUR_IED_AntonioGarcia_Ext_20950c,PUR_IED_AntonioGarcia_Ext_20950c,,,,,
2026-09-12T01:41:09-05:00,PUR_IED_AntonioVan_Aula2_6dea02,PUR_IED_AntonioVan_Aula2_6dea02,,,,,
2026-09-12T01:41:09-05:00,PUR_IED_AntonioVan_Aula5_f1557e,PUR_IED_AntonioVan_Aula5_f1557e,,,,,
2026-09-12T01:41:09-05:00,PUR_IED_AntonioVan_Ext_406f2f,PUR_IED_AntonioVan_Ext_406f2f,,,,,
2026-09-12T01:41:09-05:00,PUR_IED_Atabanzha_Ext_cc5af9,PUR_IED_Atabanzha_Ext_cc5af9,,,,,
2026-09-12T01:41:09-05:00,PUR_IED_Atabanzha_SA101_56c37,PUR_IED_Atabanzha_SA101_56c37,,,,,
2026-09-12T01:41:09-05:00,PUR_IED_Atabanzha_SB302_27b374,PUR_IED_Atabanzha_SB302_27b374,,,,,
2026-09-12T01:41:09-05:00,PUR_IED_Atahualpa_Ext_fc1748,PUR_IED_Atahualpa_Ext_fc1748,,,,,
2026-09-12T01:41:09-05:00,PUR_IED_Atahualpa_Informa_dc9a95,PUR_IED_Atahualpa_Informa_dc9a95,,,,,
2026-09-12T01:41:09-05:00,PUR_IED_Atahualpa_S1101_f98056,PUR_IED_Atahualpa_S1101_f98056,,,,,
2026-09-12T01:41:09-05:00,PUR_IED_Bellavista_Ext_f5aa74,PUR_IED_Bellavista_Ext_f5aa74,,,,,
2026-09-12T01:41:09-05:00,PUR_IED_Bilbao_11A_916c41,PUR_IED_Bilbao_11A_916c41,,,,,
2026-09-12T01:41:09-05:00,PUR_IED_Bilbao_Ext_fb579a,PUR_IED_Bilbao_Ext_fb579a,,,,,
2026-09-12T01:41:09-05:00,PUR_IED_BrasiliaU_A125_304280,PUR_IED_BrasiliaU_A125_304280,,,,,
2026-09-12T01:41:09-05:00,PUR_IED_BrasiliaU_A203_7c8ca5,PUR_IED_BrasiliaU_A203_7c8ca5,,,,,
2026-09-12T01:41:09-05:00,PUR_IED_BrasiliaU_Ext_8d6e9f,PUR_IED_BrasiliaU_Ext_8d6e9f,3,17,62,4.5175,-74.116302
2026-09-12T01:41:09-05:00,PUR_IED_Brasilia_Ext_fe6593,PUR_IED_Brasilia_Ext_fe6593,,,,,
2026-09-12T01:41:09-05:00,PUR_IED_Brasilia_S24_7c130d,PUR_IED_Brasilia_S24_7c130d,,,,,
2026-09-12T01:41:09-05:00,PUR_IED_Brasilia_S501_186a54,PUR_IED_Brasilia_S501_186a54,,,,,
2026-09-12T01:41:09-05:00,PUR_IED_CHARRY_EXT_f1d5cd,PUR_IED_CHARRY_EXT_f1d5cd,,,,,
2026-09-12T01:41:09-05:00,PUR_IED_CHARRY_INTDANZAS_7a08e6,PUR_IED_CHARRY_INTDANZAS_7a08e6,,,,,
2026-09-12T01:41:09-05:00,PUR_IED_CHARRY_INT_AULA20_dc998d,PUR_IED_CHARRY_INT_AULA20_dc998d,,,,,
2026-09-12T01:41:09-05:00,PUR_IED_COLVIV_1101_S25_7f520a,PUR_IED_COLVIV_1101_S25_7f520a,,,,,
2026-09-12T01:41:09-05:00,PUR_IED_COLVIV_1102_S16_f570ba,PUR_IED_COLVIV_1102_S16_f570ba,,,,,
2026-09-12T01:41:09-05:00,PUR_IED_COLVIV_Ext_1a26fa,PUR_IED_COLVIV_Ext_1a26fa,,,,,
2026-09-12T01:41:09-05:00,PUR_IED_CULPOP_301A_f660f3,PUR_IED_CULPOP_301A_f660f3,,,,,
2026-09-12T01:41:09-05:00,PUR_IED_CULPOP_303_568afe,PUR_IED_CULPOP_303_568afe,,,,,
2026-09-12T01:41:09-05:00,PUR_IED_CULPOP_Ext_e02ccb,PUR_IED_CULPOP_Ext_e02ccb,,,,,
2026-09-12T01:41:09-05:00,PUR_IED_CVillavicen_Ext_26eb58,PUR_IED_CVillavicen_Ext_26eb58,5,15,77,4.487,-74.102798
2026-09-12T01:41:09-05:00,PUR_IED_CVillavicen_Intel_1ce5c2,PUR_IED_CVillavicen_Intel_1ce5c2,,,,,
2026-09-12T01:41:09-05:00,PUR_IED_CVillavicen_Poliv_e0766c,PUR_IED_CVillavicen_Poliv_e0766c,,,,,
2026-09-12T01:41:09-05:00,PUR_IED_CVillavicen_int_1ba140,PUR_IED_CVillavicen_int_1ba140,,,,,
2026-09-12T01:41:09-05:00,PUR_IED_CVillavicen_intel_1ba140,PUR_IED_CVillavicen_intel_1ba140,,,,,
2026-09-12T01:41:09-05:00,PUR_IED_CarlosPizarro_Ext_e307cc,PUR_IED_CarlosPizarro_Ext_e307cc,,,,,
2026-09-12T01:41:09-05:00,PUR_IED_CarlosPizarro_L36_7e5cdb,PUR_IED_CarlosPizarro_L36_7e5cdb,,,,,
2026-09-12T01:41:09-05:00,PUR_IED_CarlosPizarro_L37_c8566c,PUR_IED_CarlosPizarro_L37_c8566c,,,,,
2026-09-12T01:41:09-05:00,PUR_IED_Castilla_Ext_cf35f,PUR_IED_Castilla_Ext_cf35f,,,,,
2026-09-12T01:41:09-05:00,PUR_IED_Castilla_SFisik_360e38,PUR_IED_Castilla_SFisik_360e38,,,,,
2026-09-12T01:41:09-05:00,PUR_IED_Castilla_Sc304_496fbf,PUR_IED_Castilla_Sc304_496fbf,,,,,
2026-09-12T01:41:09-05:00,PUR_IED_CervantesSa_Ext_6b57b,PUR_IED_CervantesSa_Ext_6b57b,3,17,68,4.5128,-74.117203
2026-09-12T01:41:09-05:00,PUR_IED_CervantesSa_S107_225c2b,PUR_IED_CervantesSa_S107_225c2b,,,,,
2026-09-12T01:41:09-05:00,PUR_IED_CervantesSa_S108_940925,PUR_IED_CervantesSa_S108_940925,,,,,
2026-09-12T01:41:09-05:00,PUR_IED_Charry_A20_f53e7c,PUR_IED_Charry_A20_f53e7c,,,,,
2026-09-12T01:41:09-05:00,PUR_IED_Charry_Ext_f1d5cd,PUR_IED_Charry_Ext_f1d5cd,,,,,
2026-09-12T01:41:09-05:00,PUR_IED_Charry_IntAula20_dc998d,PUR_IED_Charry_IntAula20_dc998d,,,,,
2026-09-12T01:41:09-05:00,PUR_IED_Charry_IntDanzas_7a08e6,PUR_IED_Charry_IntDanzas_7a08e6,,,,,
2026-09-12T01:41:09-05:00,PUR_IED_ClememciaC_203_43e2fc,PUR_IED_ClememciaC_203_43e2fc,,,,,
2026-09-12T01:41:09-05:00,PUR_IED_ClememciaC_Ext_1b411a,PUR_IED_ClememciaC_Ext_1b411a,,,,,
2026-09-12T01:41:09-05:00,PUR_IED_ClememciaC_Quimic_44b5fc,PUR_IED_ClememciaC_Quimic_44b5fc,,,,,
2026-09-12T01:41:09-05:00,PUR_IED_ClemenciaC_203_43e2fc,PUR_IED_ClemenciaC_203_43e2fc,,,,,
2026-09-12T01:41:09-05:00,PUR_IED_ClemenciaC_Ext_1b411a,PUR_IED_ClemenciaC_Ext_1b411a,,,,,
2026-09-12T01:41:09-05:00,PUR_IED_ClemenciaC_Quimic_44b5fc,PUR_IED_ClemenciaC_Quimic_44b5fc,,,,,
2026-09-12T01:41:09-05:00,PUR_IED_ColViva_1101_S25_7f520a,PUR_IED_ColViva_1101_S25_7f520a,,,,,
2026-09-12T01:41:09-05:00,PUR_IED_ColViva_1102_S16_f570ba,PUR_IED_ColViva_1102_S16_f570ba,,,,,
2026-09-12T01:41:09-05:00,PUR_IED_ColViva_Ext_1a26fa,PUR_IED_ColViva_Ext_1a26fa,,,,,
2026-09-12T01:41:09-05:00,PUR_IED_ColegioBici_Asist_7c8798,PUR_IED_ColegioBici_Asist_7c8798,,,,,
2026-09-12T01:41:09-05:00,PUR_IED_ColegioBici_Ext_25cbf6,PUR_IED_ColegioBici_Ext_25cbf6,,,,,
2026-09-12T01:41:09-05:00,PUR_IED_ColegioBici_LabQ_7b57db,PUR_IED_ColegioBici_LabQ_7b57db,,,,,
2026-09-12T01:41:09-05:00,PUR_IED_CostaRica_Ext_5e640,PUR_IED_CostaRica_Ext_5e640,,,,,
2026-09-12T01:41:09-05:00,PUR_IED_CostaRica_Quim1_766d1c,PUR_IED_CostaRica_Quim1_766d1c,,,,,
2026-09-12T01:41:09-05:00,PUR_IED_CostaRica__Fisica_6f0873,PUR_IED_CostaRica__Fisica_6f0873,,,,,
2026-09-12T01:41:09-05:00,PUR_IED_CulPopu_301A_f660f3,PUR_IED_CulPopu_301A_f660f3,,,,,
2026-09-12T01:41:09-05:00,PUR_IED_CulPopu_303_568afe,PUR_IED_CulPopu_303_568afe,,,,,
2026-09-12T01:41:09-05:00,PUR_IED_CulPopu_Ext_e02ccb,PUR_IED_CulPopu_Ext_e02ccb,,,,,
2026-09-12T01:41:09-05:00,PUR_IED_Cundinamarca_Ext_f15985,PUR_IED_Cundinamarca_Ext_f15985,,,,,
2026-09-12T01:41:09-05:00,PUR_IED_Cundinamarca_Info_7aa5d7,PUR_IED_Cundinamarca_Info_7aa5d7,,,,,
2026-09-12T01:41:09-05:00,PUR_IED_Cundinamarca_Tec2_f449c7,PUR_IED_Cundinamarca_Tec2_f449c7,,,,,
2026-09-12T01:41:09-05:00,PUR_IED_DiegoM_Aula1_27b314,PUR_IED_DiegoM_Aula1_27b314,,,,,
2026-09-12T01:41:09-05:00,PUR_IED_DiegoM_Ext_d80ac8,PUR_IED_DiegoM_Ext_d80ac8,,,,,
2026-09-12T01:41:09-05:00,PUR_IED_DiegoM_S25_da928f,PUR_IED_DiegoM_S25_da928f,,,,,
2026-09-12T01:41:09-05:00,PUR_IED_ELRODEO_360881,PUR_IED_ELRODEO_360881,,,,,
2026-09-12T01:41:09-05:00,PUR_IED_ELRODEO_ext_360881,PUR_IED_ELRODEO_ext_360881,,,,,
2026-09-12T01:41:09-05:00,PUR_IED_EduardoU_Ext_1c1969,PUR_IED_EduardoU_Ext_1c1969,,,,,
2026-09-12T01:41:09-05:00,PUR_IED_EduardoU_SCiencia_4dfb94,PUR_IED_EduardoU_SCiencia_4dfb94,,,,,
2026-09-12T01:41:09-05:00,PUR_IED_EduardoU_SQuimica_5a46e7,PUR_IED_EduardoU_SQuimica_5a46e7,,,,,
2026-09-12T01:41:09-05:00,PUR_IED_ElRodeo_Aula14_676984,PUR_IED_ElRodeo_Aula14_676984,,,,,
2026-09-12T01:41:09-05:00,PUR_IED_ElRodeo_Aula16_2dd35b,PUR_IED_ElRodeo_Aula16_2dd35b,,,,,
2026-09-12T01:41:09-05:00,PUR_IED_ElRodeo_Ext_360881,PUR_IED_ElRodeo_Ext_360881,,,,,
2026-09-12T01:41:09-05:00,PUR_IED_ElRodeo_Exterior_8c6d28,PUR_IED_ElRodeo_Exterior_8c6d28,,,,,
2026-09-12T01:41:09-05:00,PUR_IED_ElRodeo_ext_360881,PUR_IED_ElRodeo_ext_360881,,,,,
2026-09-12T01:41:09-05:00,PUR_IED_EmmaReyes_Ext_987625,PUR_IED_EmmaReyes_Ext_987625,14,21,53,4.6367,-74.1511
2026-09-12T01:41:09-05:00,PUR_IED_Ensueño_Ext_7f0250,PUR_IED_Ensueño_Ext_7f0250,,,,,
2026-09-12T01:41:09-05:00,PUR_IED_EscNormal_Ext_5fef3b,PUR_IED_EscNormal_Ext_5fef3b,2,18,60,4.5852,-74.096901
2026-09-12T01:41:09-05:00,PUR_IED_EscNormal_S309_5b263,PUR_IED_EscNormal_S309_5b263,,,,,
2026-09-12T01:41:09-05:00,PUR_IED_EscNormal_S310_27b3b8,PUR_IED_EscNormal_S310_27b3b8,,,,,
2026-09-12T01:41:09-05:00,PUR_IED_Evangelista_Conta_f6cd4f,PUR_IED_Evangelista_Conta_f6cd4f,,,,,
2026-09-12T01:41:09-05:00,PUR_IED_Evangelista_Cri_5e16a,PUR_IED_Evangelista_Cri_5e16a,,,,,
2026-09-12T01:41:09-05:00,PUR_IED_Evangelista_Exter_754066,PUR_IED_Evangelista_Exter_754066,,,,,
2026-09-12T01:41:09-05:00,PUR_IED_FMiranda_S209_5cc2a3,PUR_IED_FMiranda_S209_5cc2a3,,,,,
2026-09-12T01:41:09-05:00,PUR_IED_FMiranda_S303_19e344,PUR_IED_FMiranda_S303_19e344,,,,,
2026-09-12T01:41:09-05:00,PUR_IED_FMiranda_ext_f53e7c,PUR_IED_FMiranda_ext_f53e7c,,,,,
2026-09-12T01:41:09-05:00,PUR_IED_FabioLozano_Bibli_1cee05,PUR_IED_FabioLozano_Bibli_1cee05,,,,,
2026-09-12T01:41:09-05:00,PUR_IED_FabioLozano_Ext_6ea285,PUR_IED_FabioLozano_Ext_6ea285,,,,,
2026-09-12T01:41:09-05:00,PUR_IED_FabioLozano_SLudi_f09e1e,PUR_IED_FabioLozano_SLudi_f09e1e,,,,,
2026-09-12T01:41:09-05:00,PUR_IED_FaustinoS_Aula07_27a731,PUR_IED_FaustinoS_Aula07_27a731,,,,,
2026-09-12T01:41:09-05:00,PUR_IED_FaustinoS_Ext_7b936f,PUR_IED_FaustinoS_Ext_7b936f,,,,,
2026-09-12T01:41:09-05:00,PUR_IED_FaustinoS_Fisica_da2c60,PUR_IED_FaustinoS_Fisica_da2c60,,,,,
2026-09-12T01:41:09-05:00,PUR_IED_FeGarciaLo_Ext_dc68ee,PUR_IED_FeGarciaLo_Ext_dc68ee,,,,,
2026-09-12T01:41:09-05:00,PUR_IED_FeGarciaLo_SDanza_f70a59,PUR_IED_FeGarciaLo_SDanza_f70a59,,,,,
2026-09-12T01:41:09-05:00,PUR_IED_FeGarciaLo_SMusic_125cdd,PUR_IED_FeGarciaLo_SMusic_125cdd,,,,,
2026-09-12T01:41:09-05:00,PUR_IED_FederalAlema_Exte_50c345,PUR_IED_FederalAlema_Exte_50c345,,,,,
2026-09-12T01:41:09-05:00,PUR_IED_FederalAlema_S31_f18371,PUR_IED_FederalAlema_S31_f18371,,,,,
2026-09-12T01:41:09-05:00,PUR_IED_FederalAlema_S901_a62cd,PUR_IED_FederalAlema_S901_a62cd,,,,,
2026-09-12T01:41:09-05:00,PUR_IED_FilarmonicaS_A5_f35eb1,PUR_IED_FilarmonicaS_A5_f35eb1,,,,,
2026-09-12T01:41:09-05:00,PUR_IED_FilarmonicaS_Ext_8a3bde,PUR_IED_FilarmonicaS_Ext_8a3bde,,,,,
2026-09-12T01:41:09-05:00,PUR_IED_FilarmonicaS_Spol_406114,PUR_IED_FilarmonicaS_Spol_406114,,,,,
2026-09-12T01:41:09-05:00,PUR_IED_FlorentinoG_A13_d1fa59,PUR_IED_FlorentinoG_A13_d1fa59,,,,,
2026-09-12T01:41:09-05:00,PUR_IED_FlorentinoG_Ext_1ce6ce,PUR_IED_FlorentinoG_Ext_1ce6ce,,,,,
2026-09-12T01:41:09-05:00,PUR_IED_FlorentinoG_Idiom_a66aac,PUR_IED_FlorentinoG_Idiom_a66aac,,,,,
2026-09-12T01:41:09-05:00,PUR_IED_FranciscoMati_Ext_e3869d,PUR_IED_FranciscoMati_Ext_e3869d,,,,,
2026-09-12T01:41:09-05:00,PUR_IED_FranciscoMati_S13_f31c67,PUR_IED_FranciscoMati_S13_f31c67,,,,,
2026-09-12T01:41:09-05:00,PUR_IED_FranciscoMati_S14_97dead,PUR_IED_FranciscoMati_S14_97dead,,,,,
2026-09-12T01:41:09-05:00,PUR_IED_FranciscoPS_Ext_7bfa9a,PUR_IED_FranciscoPS_Ext_7bfa9a,3,20,57,4.5899,-74.110397
2026-09-12T01:41:09-05:00,PUR_IED_FranciscoPS_Infor_fb8f4c,PUR_IED_FranciscoPS_Infor_fb8f4c,,,,,
2026-09-12T01:41:09-05:00,PUR_IED_FranciscoPS_Quimi_94d39c,PUR_IED_FranciscoPS_Quimi_94d39c,,,,,
2026-09-12T01:41:09-05:00,PUR_IED_FranciscoP_LabQ_d7e148,PUR_IED_FranciscoP_LabQ_d7e148,,,,,
2026-09-12T01:41:09-05:00,PUR_IED_FranciscoP_S28_cf9b30,PUR_IED_FranciscoP_S28_cf9b30,,,,,
2026-09-12T01:41:09-05:00,PUR_IED_FranciscoP_ext_e2313,PUR_IED_FranciscoP_ext_e2313,,,,,
2026-09-12T01:41:09-05:00,PUR_IED_FriederichN_Ext_8ac92a,PUR_IED_FriederichN_Ext_8ac92a,,,,,
2026-09-12T01:41:09-05:00,PUR_IED_FriederichN_S301_dd7e5a,PUR_IED_FriederichN_S301_dd7e5a,,,,,
2026-09-12T01:41:09-05:00,PUR_IED_FriederichN_S308_761f4f,PUR_IED_FriederichN_S308_761f4f,,,,,
2026-09-12T01:41:09-05:00,PUR_IED_GSantander_Aula10_533dd7,PUR_IED_GSantander_Aula10_533dd7,,,,,
2026-09-12T01:41:09-05:00,PUR_IED_GSantander_Aula12_fd4e4f,PUR_IED_GSantander_Aula12_fd4e4f,,,,,
2026-09-12T01:41:09-05:00,PUR_IED_GSantander_Aula310_533dd7,PUR_IED_GSantander_Aula310_533dd7,,,,,
2026-09-12T01:41:09-05:00,PUR_IED_GSantander_Aula312_fd4e4f,PUR_IED_GSantander_Aula312_fd4e4f,,,,,
2026-09-12T01:41:09-05:00,PUR_IED_GSantander_Ext_5f66b0,PUR_IED_GSantander_Ext_5f66b0,,,,,
2026-09-12T01:41:09-05:00,PUR_IED_GYomasa_Ext_f6bea5,PUR_IED_GYomasa_Ext_f6bea5,,,,,
2026-09-12T01:41:09-05:00,PUR_IED_GYomasa_LBiol_2c41aa,PUR_IED_GYomasa_LBiol_2c41aa,,,,,
2026-09-12T01:41:09-05:00,PUR_IED_GYomasa_LQuim_33c80,PUR_IED_GYomasa_LQuim_33c80,,,,,
2026-09-12T01:41:09-05:00,PUR_IED_GabBetMejia_Cienc_5a99c,PUR_IED_GabBetMejia_Cienc_5a99c,,,,,
2026-09-12T01:41:09-05:00,PUR_IED_GabBetMejia_Ext_9153d0,PUR_IED_GabBetMejia_Ext_9153d0,,,,,
2026-09-12T01:41:09-05:00,PUR_IED_GabBetMejia_Lab_f55347,PUR_IED_GabBetMejia_Lab_f55347,,,,,
2026-09-12T01:41:09-05:00,PUR_IED_GabBetanMejia_Ext_9153d0,PUR_IED_GabBetanMejia_Ext_9153d0,,,,,
2026-09-12T01:41:09-05:00,PUR_IED_Gaitana_Aula13_7aac11,PUR_IED_Gaitana_Aula13_7aac11,,,,,
2026-09-12T01:41:09-05:00,PUR_IED_Gaitana_Ext_5fcf4,PUR_IED_Gaitana_Ext_5fcf4,,,,,
2026-09-12T01:41:09-05:00,PUR_IED_Gaitana_LabFisica_644448,PUR_IED_Gaitana_LabFisica_644448,,,,,
2026-09-12T01:41:09-05:00,PUR_IED_GenSantander_Dise_8ac858,PUR_IED_GenSantander_Dise_8ac858,,,,,
2026-09-12T01:41:09-05:00,PUR_IED_GenSantander_Ext_8d5dfe,PUR_IED_GenSantander_Ext_8d5dfe,,,,,
2026-09-12T01:41:09-05:00,PUR_IED_GenSantander_Info_6c25b,PUR_IED_GenSantander_Info_6c25b,,,,,
2026-09-12T01:41:09-05:00,PUR_IED_GustavoMo_Exterio_75e63d,PUR_IED_GustavoMo_Exterio_75e63d,,,,,
2026-09-12T01:41:09-05:00,PUR_IED_GustavoMo_LabFisi_224d37,PUR_IED_GustavoMo_LabFisi_224d37,,,,,
2026-09-12T01:41:09-05:00,PUR_IED_GustavoMo_S208_3e6918,PUR_IED_GustavoMo_S208_3e6918,,,,,
2026-09-12T01:41:09-05:00,PUR_IED_GustavoR_A02_8cd4a8,PUR_IED_GustavoR_A02_8cd4a8,,,,,
2026-09-12T01:41:09-05:00,PUR_IED_GustavoR_B11_5b0ed,PUR_IED_GustavoR_B11_5b0ed,,,,,
2026-09-12T01:41:09-05:00,PUR_IED_GustavoR_Ext_7a0c90,PUR_IED_GustavoR_Ext_7a0c90,,,,,
2026-09-12T01:41:09-05:00,PUR_IED_HernandoDuran_Ext_8cd82b,PUR_IED_HernandoDuran_Ext_8cd82b,,,,,
2026-09-12T01:41:09-05:00,PUR_IED_HernandoDuran_S24_2772c6,PUR_IED_HernandoDuran_S24_2772c6,,,,,
2026-09-12T01:41:09-05:00,PUR_IED_HernandoDuran_S30_f2de41,PUR_IED_HernandoDuran_S30_f2de41,,,,,
2026-09-12T01:41:09-05:00,PUR_IED_HolguInUr_S1101_8cd732,PUR_IED_HolguInUr_S1101_8cd732,,,,,
2026-09-12T01:41:09-05:00,PUR_IED_HolguinUr_Exter_ddae6d,PUR_IED_HolguinUr_Exter_ddae6d,,,,,
2026-09-12T01:41:09-05:00,PUR_IED_HolguinUr_LabQuim_92b952,PUR_IED_HolguinUr_LabQuim_92b952,,,,,
2026-09-12T01:41:09-05:00,PUR_IED_Isabel-II_Ext_5245cc,PUR_IED_Isabel-II_Ext_5245cc,13,18,60,4.6336,-74.153
2026-09-12T01:41:09-05:00,PUR_IED_Isabel-II_S_idiom_1c29aa,PUR_IED_Isabel-II_S_idiom_1c29aa,,,,,
2026-09-12T01:41:09-05:00,PUR_IED_Isabel-II_S_infor_fd741,PUR_IED_Isabel-II_S_infor_fd741,,,,,
2026-09-12T01:41:09-05:00,PUR_IED_IsidroSur_Exterio_5b90ea,PUR_IED_IsidroSur_Exterio_5b90ea,,,,,
2026-09-12T01:41:09-05:00,PUR_IED_IsidroSur_LabTec_56697a,PUR_IED_IsidroSur_LabTec_56697a,,,,,
2026-09-12T01:41:09-05:00,PUR_IED_IsidroSur_Robotic_b7c38f,PUR_IED_IsidroSur_Robotic_b7c38f,,,,,
2026-09-12T01:41:09-05:00,PUR_IED_IsmaelPerd_Ext_7b6672,PUR_IED_IsmaelPerd_Ext_7b6672,,,,,
2026-09-12T01:41:09-05:00,PUR_IED_IsmaelPerd_Inform_306540,PUR_IED_IsmaelPerd_Inform_306540,,,,,
2026-09-12T01:41:09-05:00,PUR_IED_IsmaelPerd_S30_2e2c83,PUR_IED_IsmaelPerd_S30_2e2c83,,,,,
2026-09-12T01:41:09-05:00,PUR_IED_JLozano_Exter_432910,PUR_IED_JLozano_Exter_432910,,,,,
2026-09-12T01:41:09-05:00,PUR_IED_JLozano_salaMulti_df5125,PUR_IED_JLozano_salaMulti_df5125,,,,,
2026-09-12T01:41:09-05:00,PUR_IED_JMCordoba_206_86f80b,PUR_IED_JMCordoba_206_86f80b,,,,,
2026-09-12T01:41:09-05:00,PUR_IED_JMCordoba_Ext_27ad97,PUR_IED_JMCordoba_Ext_27ad97,,,,,
2026-09-12T01:41:09-05:00,PUR_IED_JMCordoba_S310_d59ab4,PUR_IED_JMCordoba_S310_d59ab4,,,,,
2026-09-12T01:41:09-05:00,PUR_IED_Japon_Ext_549100,PUR_IED_Japon_Ext_549100,,,,,
2026-09-12T01:41:09-05:00,PUR_IED_Japon_Laboratorio_bec51d,PUR_IED_Japon_Laboratorio_bec51d,,,,,
2026-09-12T01:41:09-05:00,PUR_IED_Japon_informatica_d99327,PUR_IED_Japon_informatica_d99327,,,,,
2026-09-12T01:41:09-05:00,PUR_IED_Jazmin_Ext_d27bda,PUR_IED_Jazmin_Ext_d27bda,,,,,
2026-09-12T01:41:09-05:00,PUR_IED_Jazmin_Fisica_8d14d7,PUR_IED_Jazmin_Fisica_8d14d7,,,,,
2026-09-12T01:41:09-05:00,PUR_IED_Jazmin_Quimica_801cb5,PUR_IED_Jazmin_Quimica_801cb5,,,,,
2026-09-12T01:41:09-05:00,PUR_IED_JorgeGaitan_Exter_f098d1,PUR_IED_JorgeGaitan_Exter_f098d1,,,,,
2026-09-12T01:41:09-05:00,PUR_IED_JorgeGaitan_STec1_dc9d1d,PUR_IED_JorgeGaitan_STec1_dc9d1d,,,,,
2026-09-12T01:41:09-05:00,PUR_IED_JorgeGaitan_STec2_281e69,PUR_IED_JorgeGaitan_STec2_281e69,,,,,
2026-09-12T01:41:09-05:00,PUR_IED_JorgeSoto_Exterio_d9d0a2,PUR_IED_JorgeSoto_Exterio_d9d0a2,,,,,
2026-09-12T01:41:09-05:00,PUR_IED_JorgeSoto_LabFisi_209c54,PUR_IED_JorgeSoto_LabFisi_209c54,,,,,
2026-09-12T01:41:09-05:00,PUR_IED_JorgeSoto_S103_27b51a,PUR_IED_JorgeSoto_S103_27b51a,,,,,
2026-09-12T01:41:09-05:00,PUR_IED_JoseAcevedo_A02_e965eb,PUR_IED_JoseAcevedo_A02_e965eb,,,,,
2026-09-12T01:41:09-05:00,PUR_IED_JoseAcevedo_A07_dd5b4,PUR_IED_JoseAcevedo_A07_dd5b4,,,,,
2026-09-12T01:41:09-05:00,PUR_IED_JoseAcevedo_Ext_b47484,PUR_IED_JoseAcevedo_Ext_b47484,,,,,
2026-09-12T01:41:09-05:00,PUR_IED_JoseMarti_Exte_5b9bf,PUR_IED_JoseMarti_Exte_5b9bf,,,,,
2026-09-12T01:41:09-05:00,PUR_IED_JoseMarti_LabQuim_1c6c2d,PUR_IED_JoseMarti_LabQuim_1c6c2d,,,,,
2026-09-12T01:41:09-05:00,PUR_IED_JoseMarti_S_info_f5f177,PUR_IED_JoseMarti_S_info_f5f177,,,,,
2026-09-12T01:41:09-05:00,PUR_IED_Josejoaquin_Ext_dfc5dc,PUR_IED_Josejoaquin_Ext_dfc5dc,,,,,
2026-09-12T01:41:09-05:00,PUR_IED_Josejoaquin_S05_5b2a96,PUR_IED_Josejoaquin_S05_5b2a96,,,,,
2026-09-12T01:41:09-05:00,PUR_IED_Josejoaquin_S06_1ce7d2,PUR_IED_Josejoaquin_S06_1ce7d2,,,,,
2026-09-12T01:41:09-05:00,PUR_IED_JulioFlorez_Danza_9b82dd,PUR_IED_JulioFlorez_Danza_9b82dd,,,,,
2026-09-12T01:41:09-05:00,PUR_IED_JulioFlorez_Exter_f9f314,PUR_IED_JulioFlorez_Exter_f9f314,,,,,
2026-09-12T01:41:09-05:00,PUR_IED_JulioFlorez_info2_6b6e08,PUR_IED_JulioFlorez_info2_6b6e08,,,,,
2026-09-12T01:41:09-05:00,PUR_IED_LaBelleza_Aula13_1d00d8,PUR_IED_LaBelleza_Aula13_1d00d8,,,,,
2026-09-12T01:41:09-05:00,PUR_IED_LaBelleza_Ext_7bc08c,PUR_IED_LaBelleza_Ext_7bc08c,,,,,
2026-09-12T01:41:09-05:00,PUR_IED_LaChucua_Ext_8cd6d2,PUR_IED_LaChucua_Ext_8cd6d2,,,,,
2026-09-12T01:41:09-05:00,PUR_IED_LaChucua_S15_f578ce,PUR_IED_LaChucua_S15_f578ce,,,,,
2026-09-12T01:41:09-05:00,PUR_IED_LaChucua_S16_eebcf9,PUR_IED_LaChucua_S16_eebcf9,,,,,
2026-09-12T01:41:09-05:00,PUR_IED_LaFelicidad_Ext_fb5109,PUR_IED_LaFelicidad_Ext_fb5109,,,,,
2026-09-12T01:41:09-05:00,PUR_IED_LaMerced_206_66ebd,PUR_IED_LaMerced_206_66ebd,,,,,
2026-09-12T01:41:09-05:00,PUR_IED_LaMerced_207_6ebd6,PUR_IED_LaMerced_207_6ebd6,,,,,
2026-09-12T01:41:09-05:00,PUR_IED_LaMerced_ext_304311,PUR_IED_LaMerced_ext_304311,,,,,
2026-09-12T01:41:09-05:00,PUR_IED_Laureano_CiencNat_281e5e,PUR_IED_Laureano_CiencNat_281e5e,,,,,
2026-09-12T01:41:09-05:00,PUR_IED_Laureano_Comedor_f65c0a,PUR_IED_Laureano_Comedor_f65c0a,,,,,
2026-09-12T01:41:09-05:00,PUR_IED_Laureano_Exterior_7ab011,PUR_IED_Laureano_Exterior_7ab011,,,,,
2026-09-12T01:41:09-05:00,PUR_IED_LeonGreiff_Exte_dfe560,PUR_IED_LeonGreiff_Exte_dfe560,,,,,
2026-09-12T01:41:09-05:00,PUR_IED_LeonGreiff_S210_f264ed,PUR_IED_LeonGreiff_S210_f264ed,,,,,
2026-09-12T01:41:09-05:00,PUR_IED_LeonGreiff_SQuimi_e8296f,PUR_IED_LeonGreiff_SQuimi_e8296f,,,,,
2026-09-12T01:41:09-05:00,PUR_IED_LlanoOrientalS208_7b9fcd,PUR_IED_LlanoOrientalS208_7b9fcd,,,,,
2026-09-12T01:41:09-05:00,PUR_IED_LlanoOriental_Ext_fb3766,PUR_IED_LlanoOriental_Ext_fb3766,,,,,
2026-09-12T01:41:09-05:00,PUR_IED_LlanoOriental_S208_7b9fcd,PUR_IED_LlanoOriental_S208_7b9fcd,,,,,
2026-09-12T01:41:09-05:00,PUR_IED_LlanoOriental_S9_27b378,PUR_IED_LlanoOriental_S9_27b378,,,,,
2026-09-12T01:41:09-05:00,PUR_IED_LosTejares_1101_477602,PUR_IED_LosTejares_1101_477602,,,,,
2026-09-12T01:41:09-05:00,PUR_IED_LosTejares_11_d2c595,PUR_IED_LosTejares_11_d2c595,,,,,
2026-09-12T01:41:09-05:00,PUR_IED_LosTejares_12_477602,PUR_IED_LosTejares_12_477602,,,,,
2026-09-12T01:41:09-05:00,PUR_IED_LosTejares_Ext_8e2115,PUR_IED_LosTejares_Ext_8e2115,,,,,
2026-09-12T01:41:09-05:00,PUR_IED_MagdalenaO_B202_5ddda3,PUR_IED_MagdalenaO_B202_5ddda3,,,,,
2026-09-12T01:41:09-05:00,PUR_IED_MagdalenaO_B205_fb76e8,PUR_IED_MagdalenaO_B205_fb76e8,,,,,
2026-09-12T01:41:09-05:00,PUR_IED_MagdalenaO_ext_dc69cd,PUR_IED_MagdalenaO_ext_dc69cd,,,,,
2026-09-12T01:41:09-05:00,PUR_IED_ManueCepeda_artes_eee956,PUR_IED_ManueCepeda_artes_eee956,,,,,
2026-09-12T01:41:09-05:00,PUR_IED_ManuelCepeda_Ext_58313,PUR_IED_ManuelCepeda_Ext_58313,,,,,
2026-09-12T01:41:09-05:00,PUR_IED_ManuelCepeda_tec_1c5731,PUR_IED_ManuelCepeda_tec_1c5731,,,,,
2026-09-12T01:41:09-05:00,PUR_IED_ManuelS_Exterior_5b269,PUR_IED_ManuelS_Exterior_5b269,,,,,
2026-09-12T01:41:09-05:00,PUR_IED_ManuelS_Inform_f369ce,PUR_IED_ManuelS_Inform_f369ce,,,,,
2026-09-12T01:41:09-05:00,PUR_IED_ManuelS_SArtes_7d15f1,PUR_IED_ManuelS_SArtes_7d15f1,,,,,
2026-09-12T01:41:09-05:00,PUR_IED_ManuelZapata_303_3ca6,PUR_IED_ManuelZapata_303_3ca6,,,,,
2026-09-12T01:41:09-05:00,PUR_IED_ManuelZapata_311_bfbabc,PUR_IED_ManuelZapata_311_bfbabc,,,,,
2026-09-12T01:41:09-05:00,PUR_IED_ManuelZapata_Ext_50824a,PUR_IED_ManuelZapata_Ext_50824a,,,,,
2026-09-12T01:41:09-05:00,PUR_IED_ManuelitaS_Exteri_656a92,PUR_IED_ManuelitaS_Exteri_656a92,,,,,
2026-09-12T01:41:09-05:00,PUR_IED_ManuelitaS_JuzgDe_f58ec3,PUR_IED_ManuelitaS_JuzgDe_f58ec3,,,,,
2026-09-12T01:41:09-05:00,PUR_IED_ManuelitaS_Recrea_d793db,PUR_IED_ManuelitaS_Recrea_d793db,,,,,
2026-09-12T01:41:09-05:00,PUR_IED_MarFidSuarez_Ext_c27b19,PUR_IED_MarFidSuarez_Ext_c27b19,,,,,
2026-09-12T01:41:09-05:00,PUR_IED_MarFidSuarez_Info_e384d7,PUR_IED_MarFidSuarez_Info_e384d7,,,,,
2026-09-12T01:41:09-05:00,PUR_IED_MarFidSuarez_S306_1d0032,PUR_IED_MarFidSuarez_S306_1d0032,,,,,
2026-09-12T01:41:09-05:00,PUR_IED_Menorah_301_2a25a3,PUR_IED_Menorah_301_2a25a3,,,,,
2026-09-12T01:41:09-05:00,PUR_IED_Menorah_306_37ed3,PUR_IED_Menorah_306_37ed3,,,,,
2026-09-12T01:41:09-05:00,PUR_IED_Menorah_Ext_3e155b,PUR_IED_Menorah_Ext_3e155b,,,,,
2026-09-12T01:41:09-05:00,PUR_IED_MinutoB.Aires_A11_1b1604,PUR_IED_MinutoB.Aires_A11_1b1604,,,,,
2026-09-12T01:41:09-05:00,PUR_IED_MinutoB.Aires_A12_fb5860,PUR_IED_MinutoB.Aires_A12_fb5860,,,,,
2026-09-12T01:41:09-05:00,PUR_IED_MinutoB.Aires_Ext_81293f,PUR_IED_MinutoB.Aires_Ext_81293f,,,,,
2026-09-12T01:41:09-05:00,PUR_IED_MinutoBAires_A11_1b1604,PUR_IED_MinutoBAires_A11_1b1604,,,,,
2026-09-12T01:41:09-05:00,PUR_IED_MinutoBAires_A12_fb5860,PUR_IED_MinutoBAires_A12_fb5860,,,,,
2026-09-12T01:41:09-05:00,PUR_IED_MinutoBAires_Ext_81293f,PUR_IED_MinutoBAires_Ext_81293f,,,,,
2026-09-12T01:41:09-05:00,PUR_IED_Montreal_Aula10_1e4959,PUR_IED_Montreal_Aula10_1e4959,,,,,
2026-09-12T01:41:09-05:00,PUR_IED_Montreal_Aula6_300367,PUR_IED_Montreal_Aula6_300367,,,,,
2026-09-12T01:41:09-05:00,PUR_IED_Montreal_Exterior_91a179,PUR_IED_Montreal_Exterior_91a179,,,,,
2026-09-12T01:41:09-05:00,PUR_IED_Mqgdalena_B202_5ddda3,PUR_IED_Mqgdalena_B202_5ddda3,,,,,
2026-09-12T01:41:09-05:00,PUR_IED_NACUND_Soc_dc8728,PUR_IED_NACUND_Soc_dc8728,,,,,
2026-09-12T01:41:09-05:00,PUR_IED_NACUND_ext_27ad97,PUR_IED_NACUND_ext_27ad97,,,,,
2026-09-12T01:41:09-05:00,PUR_IED_NEsperanza_Ext_d24b61,PUR_IED_NEsperanza_Ext_d24b61,,,,,
2026-09-12T01:41:09-05:00,PUR_IED_NEsperanza_SElect_7d1807,PUR_IED_NEsperanza_SElect_7d1807,,,,,
2026-09-12T01:41:09-05:00,PUR_IED_NEsperanza_SLabor_8b2d0a,PUR_IED_NEsperanza_SLabor_8b2d0a,,,,,
2026-09-12T01:41:09-05:00,PUR_IED_NacionesU_Ext_f661a9,PUR_IED_NacionesU_Ext_f661a9,,,,,
2026-09-12T01:41:09-05:00,PUR_IED_NacionesU_Quimica_66f0a,PUR_IED_NacionesU_Quimica_66f0a,,,,,
2026-09-12T01:41:09-05:00,PUR_IED_NacionesU_S306_1b4b3d,PUR_IED_NacionesU_S306_1b4b3d,,,,,
2026-09-12T01:41:09-05:00,PUR_IED_NestorFA_Ext_e4201c,PUR_IED_NestorFA_Ext_e4201c,,,,,
2026-09-12T01:41:09-05:00,PUR_IED_NestorFA_Laborato_f22fe0,PUR_IED_NestorFA_Laborato_f22fe0,,,,,
2026-09-12T01:41:09-05:00,PUR_IED_NestorFA_S204_dee996,PUR_IED_NestorFA_S204_dee996,,,,,
2026-09-12T01:41:09-05:00,PUR_IED_NidyaQT_Aula03_76999b,PUR_IED_NidyaQT_Aula03_76999b,,,,,
2026-09-12T01:41:09-05:00,PUR_IED_NidyaQT_Aula10_56325,PUR_IED_NidyaQT_Aula10_56325,,,,,
2026-09-12T01:41:09-05:00,PUR_IED_NidyaQT_Ext_46e32d,PUR_IED_NidyaQT_Ext_46e32d,,,,,
2026-09-12T01:41:09-05:00,PUR_IED_NuevaCol_Exterior_d9b859,PUR_IED_NuevaCol_Exterior_d9b859,,,,,
2026-09-12T01:41:09-05:00,PUR_IED_NuevaCol_S1101_76c43b,PUR_IED_NuevaCol_S1101_76c43b,,,,,
2026-09-12T01:41:09-05:00,PUR_IED_NuevaCol_S1102_1ce0b5,PUR_IED_NuevaCol_S1102_1ce0b5,,,,,
2026-09-12T01:41:09-05:00,PUR_IED_OEA_A202_f7e3f2,PUR_IED_OEA_A202_f7e3f2,,,,,
2026-09-12T01:41:09-05:00,PUR_IED_OEA_A203_7d1b8d,PUR_IED_OEA_A203_7d1b8d,,,,,
2026-09-12T01:41:09-05:00,PUR_IED_OEA_Ext_27b593,PUR_IED_OEA_Ext_27b593,,,,,
2026-09-12T01:41:09-05:00,PUR_IED_Ochoa_Ext_1c29da,PUR_IED_Ochoa_Ext_1c29da,,,,,
2026-09-12T01:41:09-05:00,PUR_IED_Ochoa_S205_8b1121,PUR_IED_Ochoa_S205_8b1121,,,,,
2026-09-12T01:41:09-05:00,PUR_IED_Ochoa_Sistemas_f33af6,PUR_IED_Ochoa_Sistemas_f33af6,,,,,
2026-09-12T01:41:09-05:00,PUR_IED_PQuebec_Ext_1c67c7,PUR_IED_PQuebec_Ext_1c67c7,,,,,
2026-09-12T01:41:09-05:00,PUR_IED_PQuebec_S15_23e8e2,PUR_IED_PQuebec_S15_23e8e2,,,,,
2026-09-12T01:41:09-05:00,PUR_IED_PQuebec_S16_8ec76b,PUR_IED_PQuebec_S16_8ec76b,,,,,
2026-09-12T01:41:09-05:00,PUR_IED_PabloN_Ext_49dc96,PUR_IED_PabloN_Ext_49dc96,,,,,
2026-09-12T01:41:09-05:00,PUR_IED_PabloN_S1102_4e3df5,PUR_IED_PabloN_S1102_4e3df5,,,,,
2026-09-12T01:41:09-05:00,PUR_IED_PabloN_S1103_50c94b,PUR_IED_PabloN_S1103_50c94b,,,,,
2026-09-12T01:41:09-05:00,PUR_IED_Palestina_S1101_db9198,PUR_IED_Palestina_S1101_db9198,,,,,
2026-09-12T01:41:09-05:00,PUR_IED_Palestina_S1102_dc54fa,PUR_IED_Palestina_S1102_dc54fa,,,,,
2026-09-12T01:41:09-05:00,PUR_IED_Palestina_ext_4ccce6,PUR_IED_Palestina_ext_4ccce6,,,,,
2026-09-12T01:41:09-05:00,PUR_IED_Panama_Fisica_4d0794,PUR_IED_Panama_Fisica_4d0794,,,,,
2026-09-12T01:41:09-05:00,PUR_IED_Panama_SIngles_a4077e,PUR_IED_Panama_SIngles_a4077e,,,,,
2026-09-12T01:41:09-05:00,PUR_IED_Panama_ext_4c54b4,PUR_IED_Panama_ext_4c54b4,,,,,
2026-09-12T01:41:09-05:00,PUR_IED_ParaisoM_Exterior_8cd7f0,PUR_IED_ParaisoM_Exterior_8cd7f0,,,,,
2026-09-12T01:41:09-05:00,PUR_IED_ParaisoM_Laborato_27af35,PUR_IED_ParaisoM_Laborato_27af35,,,,,
2026-09-12T01:41:09-05:00,PUR_IED_ParaisoM_S304_d1edca,PUR_IED_ParaisoM_S304_d1edca,,,,,
2026-09-12T01:41:09-05:00,PUR_IED_PorfirioBarba_Ext_301466,PUR_IED_PorfirioBarba_Ext_301466,,,,,
2026-09-12T01:41:09-05:00,PUR_IED_PorfirioBarba_S11_df6cd2,PUR_IED_PorfirioBarba_S11_df6cd2,,,,,
2026-09-12T01:41:09-05:00,PUR_IED_PorfirioBarba_S29_27a7d6,PUR_IED_PorfirioBarba_S29_27a7d6,,,,,
2026-09-12T01:41:09-05:00,PUR_IED_PradoV_Exter_8b27ad,PUR_IED_PradoV_Exter_8b27ad,,,,,
2026-09-12T01:41:09-05:00,PUR_IED_PradoV_S301_de65b5,PUR_IED_PradoV_S301_de65b5,,,,,
2026-09-12T01:41:09-05:00,PUR_IED_PradoV_S302_7d2593,PUR_IED_PradoV_S302_7d2593,,,,,
2026-09-12T01:41:09-05:00,PUR_IED_QuirogaAlz_Ext_1ddc82,PUR_IED_QuirogaAlz_Ext_1ddc82,,,,,
2026-09-12T01:41:09-05:00,PUR_IED_QuirogaAlz_S302_9926a3,PUR_IED_QuirogaAlz_S302_9926a3,,,,,
2026-09-12T01:41:09-05:00,PUR_IED_QuirogaAlz_S305_cdf1f1,PUR_IED_QuirogaAlz_S305_cdf1f1,,,,,
2026-09-12T01:41:09-05:00,PUR_IED_RGuatemala_Biling_dc53b7,PUR_IED_RGuatemala_Biling_dc53b7,,,,,
2026-09-12T01:41:09-05:00,PUR_IED_RGuatemala_Ext_1b89a3,PUR_IED_RGuatemala_Ext_1b89a3,,,,,
2026-09-12T01:41:09-05:00,PUR_IED_RGuatemala_Tecnol_281a34,PUR_IED_RGuatemala_Tecnol_281a34,,,,,
2026-09-12T01:41:09-05:00,PUR_IED_RafaNu_Ext_f7c302,PUR_IED_RafaNu_Ext_f7c302,,,,,
2026-09-12T01:41:09-05:00,PUR_IED_RafaNu_S1101_25fde,PUR_IED_RafaNu_S1101_25fde,,,,,
2026-09-12T01:41:09-05:00,PUR_IED_RafaNu_S1102_281517,PUR_IED_RafaNu_S1102_281517,,,,,
2026-09-12T01:41:09-05:00,PUR_IED_RafaelB_S305_ee2783,PUR_IED_RafaelB_S305_ee2783,,,,,
2026-09-12T01:41:09-05:00,PUR_IED_RafaelB_S306_75fe33,PUR_IED_RafaelB_S306_75fe33,,,,,
2026-09-12T01:41:09-05:00,PUR_IED_RafaelB_ext_283336,PUR_IED_RafaelB_ext_283336,3,18,61,4.6722,-74.0737
2026-09-12T01:41:09-05:00,PUR_IED_RafaelUU_Exterior_281a51,PUR_IED_RafaelUU_Exterior_281a51,,,,,
2026-09-12T01:41:09-05:00,PUR_IED_RafaelUU_Human_806b2,PUR_IED_RafaelUU_Human_806b2,,,,,
2026-09-12T01:41:09-05:00,PUR_IED_RafaelUU_Mate2_5680d4,PUR_IED_RafaelUU_Mate2_5680d4,,,,,
2026-09-12T01:41:09-05:00,PUR_IED_RamonSub_Ext_f9eeb9,PUR_IED_RamonSub_Ext_f9eeb9,,,,,
2026-09-12T01:41:09-05:00,PUR_IED_RamonSub_Media_d1f62f,PUR_IED_RamonSub_Media_d1f62f,,,,,
2026-09-12T01:41:09-05:00,PUR_IED_RamonSub_planta_51b82,PUR_IED_RamonSub_planta_51b82,,,,,
2026-09-12T01:41:09-05:00,PUR_IED_RepBoliVene_Exter_27af7c,PUR_IED_RepBoliVene_Exter_27af7c,,,,,
2026-09-12T01:41:09-05:00,PUR_IED_RepBoliVene_SCPT_5ae2ee,PUR_IED_RepBoliVene_SCPT_5ae2ee,,,,,
2026-09-12T01:41:09-05:00,PUR_IED_RepBoliVene_Socia_4b11d5,PUR_IED_RepBoliVene_Socia_4b11d5,,,,,
2026-09-12T01:41:09-05:00,PUR_IED_RepChina_Ext_76d9ee,PUR_IED_RepChina_Ext_76d9ee,,,,,
2026-09-12T01:41:09-05:00,PUR_IED_RepChina_S404_7c804c,PUR_IED_RepChina_S404_7c804c,,,,,
2026-09-12T01:41:09-05:00,PUR_IED_RepChina_S405_df2c33,PUR_IED_RepChina_S405_df2c33,,,,,
2026-09-12T01:41:09-05:00,PUR_IED_RepublicaC_Exteri_7d1ec9,PUR_IED_RepublicaC_Exteri_7d1ec9,,,,,
2026-09-12T01:41:09-05:00,PUR_IED_RepublicaC_S1101_f544b3,PUR_IED_RepublicaC_S1101_f544b3,,,,,
2026-09-12T01:41:09-05:00,PUR_IED_RepublicaC_S1102_7aafc7,PUR_IED_RepublicaC_S1102_7aafc7,,,,,
2026-09-12T01:41:09-05:00,PUR_IED_Ricaurte_Externo_a0ea1,PUR_IED_Ricaurte_Externo_a0ea1,,,,,
2026-09-12T01:41:09-05:00,PUR_IED_Ricaurte_S210_f546fd,PUR_IED_Ricaurte_S210_f546fd,,,,,
2026-09-12T01:41:09-05:00,PUR_IED_Ricaurte_S309_d4452,PUR_IED_Ricaurte_S309_d4452,,,,,
2026-09-12T01:41:09-05:00,PUR_IED_RogelioS_1102_531e69,PUR_IED_RogelioS_1102_531e69,,,,,
2026-09-12T01:41:09-05:00,PUR_IED_RogelioS_Ext_f25a18,PUR_IED_RogelioS_Ext_f25a18,,,,,
2026-09-12T01:41:09-05:00,PUR_IED_SBernardino_Ext_27aff8,PUR_IED_SBernardino_Ext_27aff8,,,,,
2026-09-12T01:41:09-05:00,PUR_IED_SBernardino_SArte_2ffd33,PUR_IED_SBernardino_SArte_2ffd33,,,,,
2026-09-12T01:41:09-05:00,PUR_IED_SBernardino_SIngl_7c7da5,PUR_IED_SBernardino_SIngl_7c7da5,,,,,
2026-09-12T01:41:09-05:00,PUR_IED_Sago_auditorio_dc9d1d,PUR_IED_Sago_auditorio_dc9d1d,,,,,
2026-09-12T01:41:09-05:00,PUR_IED_Saludcoop_Ext_95aac3,PUR_IED_Saludcoop_Ext_95aac3,,,,,
2026-09-12T01:41:09-05:00,PUR_IED_Saludcoop_InfI_90c854,PUR_IED_Saludcoop_InfI_90c854,,,,,
2026-09-12T01:41:09-05:00,PUR_IED_Saludcoop_SMedia_1b93be,PUR_IED_Saludcoop_SMedia_1b93be,,,,,
2026-09-12T01:41:09-05:00,PUR_IED_SanCarlos_1101_1a2360,PUR_IED_SanCarlos_1101_1a2360,,,,,
2026-09-12T01:41:09-05:00,PUR_IED_SanCarlos_1103_7bafb5,PUR_IED_SanCarlos_1103_7bafb5,,,,,
2026-09-12T01:41:09-05:00,PUR_IED_SanCarlos_Ext_b7cd1,PUR_IED_SanCarlos_Ext_b7cd1,,,,,
2026-09-12T01:41:09-05:00,PUR_IED_SanIgnacioBosa11a_50c26e,PUR_IED_SanIgnacioBosa11a_50c26e,,,,,
2026-09-12T01:41:09-05:00,PUR_IED_SanIgnacioBosa11b_371de8,PUR_IED_SanIgnacioBosa11b_371de8,,,,,
2026-09-12T01:41:09-05:00,PUR_IED_SanIgnacioBosaExt_ef0ffc,PUR_IED_SanIgnacioBosaExt_ef0ffc,,,,,
2026-09-12T01:41:09-05:00,PUR_IED_SanIgnacioBosa_11a_50c26e,PUR_IED_SanIgnacioBosa_11a_50c26e,,,,,
2026-09-12T01:41:09-05:00,PUR_IED_SanIgnacioBosa_Ext_ef0ffc,PUR_IED_SanIgnacioBosa_Ext_ef0ffc,,,,,
2026-09-12T01:41:09-05:00,PUR_IED_SanJoseN_intS1101_31c47f,PUR_IED_SanJoseN_intS1101_31c47f,,,,,
2026-09-12T01:41:09-05:00,PUR_IED_SanJoseUsm_Exter_f5d7e8,PUR_IED_SanJoseUsm_Exter_f5d7e8,,,,,
2026-09-12T01:41:09-05:00,PUR_IED_SanJoseUsm_Int11A_cfdef6,PUR_IED_SanJoseUsm_Int11A_cfdef6,,,,,
2026-09-12T01:41:09-05:00,PUR_IED_SilveriaR_IntB5_905349,PUR_IED_SilveriaR_IntB5_905349,,,,,
2026-09-12T01:41:09-05:00,PUR_IED_SilveriaR_IntSD14_981f93,PUR_IED_SilveriaR_IntSD14_981f93,,,,,
2026-09-12T01:41:09-05:00,PUR_IED_SilveriaR_ext_2b651d,PUR_IED_SilveriaR_ext_2b651d,,,,,
2026-09-12T01:41:09-05:00,PUR_IED_SimonB_Exterior_913975,PUR_IED_SimonB_Exterior_913975,,,,,
2026-09-12T01:41:09-05:00,PUR_IED_SimonB_LabQuimi_c56908,PUR_IED_SimonB_LabQuimi_c56908,,,,,
2026-09-12T01:41:09-05:00,PUR_IED_SimonB_informatic_a28c1,PUR_IED_SimonB_informatic_a28c1,,,,,
2026-09-12T01:41:09-05:00,PUR_IED_Sorrento_1102_315f50,PUR_IED_Sorrento_1102_315f50,,,,,
2026-09-12T01:41:09-05:00,PUR_IED_Sorrento_Minte_214eab,PUR_IED_Sorrento_Minte_214eab,,,,,
2026-09-12T01:41:09-05:00,PUR_IED_Sorrento_ext_7c3a0a,PUR_IED_Sorrento_ext_7c3a0a,,,,,
2026-09-12T01:41:09-05:00,PUR_IED_Tabora_Ext_f048ae,PUR_IED_Tabora_Ext_f048ae,,,,,
2026-09-12T01:41:09-05:00,PUR_IED_Tabora_S1102_b07752,PUR_IED_Tabora_S1102_b07752,,,,,
2026-09-12T01:41:09-05:00,PUR_IED_Tabora_S1103_d988f5,PUR_IED_Tabora_S1103_d988f5,,,,,
2026-09-12T01:41:09-05:00,PUR_IED_Tenerife_Ext_1ab188,PUR_IED_Tenerife_Ext_1ab188,,,,,
2026-09-12T01:41:09-05:00,PUR_IED_Tenerife_SDanzas_7bc02e,PUR_IED_Tenerife_SDanzas_7bc02e,,,,,
2026-09-12T01:41:09-05:00,PUR_IED_Tenerife_SIngles_7cc277,PUR_IED_Tenerife_SIngles_7cc277,,,,,
2026-09-12T01:41:09-05:00,PUR_IED_Tibabuyes_Exter_f2683d,PUR_IED_Tibabuyes_Exter_f2683d,,,,,
2026-09-12T01:41:09-05:00,PUR_IED_Tibabuyes_S10_dc87a8,PUR_IED_Tibabuyes_S10_dc87a8,,,,,
2026-09-12T01:41:09-05:00,PUR_IED_Tibabuyes_S15_dc0526,PUR_IED_Tibabuyes_S15_dc0526,,,,,
2026-09-12T01:41:09-05:00,PUR_IED_UnionE_S301_a1043,PUR_IED_UnionE_S301_a1043,,,,,
2026-09-12T01:41:09-05:00,PUR_IED_UnionE_S307_ff6c2f,PUR_IED_UnionE_S307_ff6c2f,,,,,
2026-09-12T01:41:09-05:00,PUR_IED_UnionE__Ext_5e2468,PUR_IED_UnionE__Ext_5e2468,,,,,
2026-09-12T01:41:09-05:00,PUR_IED_VillaRica_Ext_75be7c,PUR_IED_VillaRica_Ext_75be7c,,,,,
2026-09-12T01:41:09-05:00,PUR_IED_VillaRica_S4_cc5dcd,PUR_IED_VillaRica_S4_cc5dcd,,,,,
2026-09-12T01:41:09-05:00,PUR_IED_VillaRica_Sesp_99f5c,PUR_IED_VillaRica_Sesp_99f5c,,,,,
2026-09-12T01:46:11-05:00,PUR_IED_20deJulio_1101_91b1b9,PUR_IED_20deJulio_1101_91b1b9,,,,,
2026-09-12T01:46:11-05:00,PUR_IED_20deJulio_1102_1cfcf9,PUR_IED_20deJulio_1102_1cfcf9,,,,,
2026-09-12T01:46:11-05:00,PUR_IED_20deJulio_Ext_ab60bd,PUR_IED_20deJulio_Ext_ab60bd,,,,,
2026-09-12T01:46:11-05:00,PUR_IED_AgustinFer_Ext_7b9b77,PUR_IED_AgustinFer_Ext_7b9b77,,,,,
2026-09-12T01:46:11-05:00,PUR_IED_AgustinFer_Info2_27b3a7,PUR_IED_AgustinFer_Info2_27b3a7,,,,,
2026-09-12T01:46:11-05:00,PUR_IED_AgustinFer_Sena_54b4eb,PUR_IED_AgustinFer_Sena_54b4eb,,,,,
2026-09-12T01:46:11-05:00,PUR_IED_AlexanderF_1102_caf07b,PUR_IED_AlexanderF_1102_caf07b,,,,,
2026-09-12T01:46:11-05:00,PUR_IED_AlexanderF_1103_c79e71,PUR_IED_AlexanderF_1103_c79e71,,,,,
2026-09-12T01:46:11-05:00,PUR_IED_AlexanderF_Ext_c5b18b,PUR_IED_AlexanderF_Ext_c5b18b,,,,,
2026-09-12T01:46:11-05:00,PUR_IED_AlfonsoLopez_Ext_281d77,PUR_IED_AlfonsoLopez_Ext_281d77,,,,,
2026-09-12T01:46:11-05:00,PUR_IED_AlfonsoLopez_LabF_888ce0,PUR_IED_AlfonsoLopez_LabF_888ce0,,,,,
2026-09-12T01:46:11-05:00,PUR_IED_AlfonsoLopez_SMed_df6a7f,PUR_IED_AlfonsoLopez_SMed_df6a7f,,,,,
2026-09-12T01:46:11-05:00,PUR_IED_AltamiraSO_A2_209f92,PUR_IED_AltamiraSO_A2_209f92,,,,,
2026-09-12T01:46:11-05:00,PUR_IED_AltamiraSO_Ext_186d66,PUR_IED_AltamiraSO_Ext_186d66,,,,,
2026-09-12T01:46:11-05:00,PUR_IED_AltamiraSO_Sistem_27afe1,PUR_IED_AltamiraSO_Sistem_27afe1,,,,,
2026-09-12T01:46:11-05:00,PUR_IED_AlvaroGom_LabQuim_813179,PUR_IED_AlvaroGom_LabQuim_813179,,,,,
2026-09-12T01:46:11-05:00,PUR_IED_AlvaroGomez_Ext_47c7ca,PUR_IED_AlvaroGomez_Ext_47c7ca,,,,,
2026-09-12T01:46:11-05:00,PUR_IED_AlvaroGomez_LabQuim_813179,PUR_IED_AlvaroGomez_LabQuim_813179,,,,,
2026-09-12T01:46:11-05:00,PUR_IED_AlvaroGomez_S23_7ba89f,PUR_IED_AlvaroGomez_S23_7ba89f,,,,,
2026-09-12T01:46:11-05:00,PUR_IED_Amistad_306_dc8728,PUR_IED_Amistad_306_dc8728,,,,,
2026-09-12T01:46:11-05:00,PUR_IED_Amistad_Ext_8cd55e,PUR_IED_Amistad_Ext_8cd55e,,,,,
2026-09-12T01:46:11-05:00,PUR_IED_Amistad_S202_a41169,PUR_IED_Amistad_S202_a41169,,,,,
2026-09-12T01:46:11-05:00,PUR_IED_AndresBello_Bio_fd5f5e,PUR_IED_AndresBello_Bio_fd5f5e,,,,,
2026-09-12T01:46:11-05:00,PUR_IED_AndresBello_ext_dcad65,PUR_IED_AndresBello_ext_dcad65,,,,,
2026-09-12T01:46:11-05:00,PUR_IED_AndresBello_port_eed3ec,PUR_IED_AndresBello_port_eed3ec,,,,,
2026-09-12T01:46:11-05:00,PUR_IED_AngelaR_11b_d90a6b,PUR_IED_AngelaR_11b_d90a6b,,,,,
2026-09-12T01:46:11-05:00,PUR_IED_AngelaR_ext_7cad3e,PUR_IED_AngelaR_ext_7cad3e,12,20,61,4.5825,-74.164497
2026-09-12T01:46:11-05:00,PUR_IED_AntJoseSucre_10mo_df2575,PUR_IED_AntJoseSucre_10mo_df2575,,,,,
2026-09-12T01:46:11-05:00,PUR_IED_AntJoseSucre_Ext_215b36,PUR_IED_AntJoseSucre_Ext_215b36,,,,,
2026-09-12T01:46:11-05:00,PUR_IED_AntJoseSucre_Lab_3139de,PUR_IED_AntJoseSucre_Lab_3139de,,,,,
2026-09-12T01:46:11-05:00,PUR_IED_AntonioGarcia_301_d6b188,PUR_IED_AntonioGarcia_301_d6b188,,,,,
2026-09-12T01:46:11-05:00,PUR_IED_AntonioGarcia_302_88a82,PUR_IED_AntonioGarcia_302_88a82,,,,,
2026-09-12T01:46:11-05:00,PUR_IED_AntonioGarcia_Ext_20950c,PUR_IED_AntonioGarcia_Ext_20950c,,,,,
2026-09-12T01:46:11-05:00,PUR_IED_AntonioVan_Aula2_6dea02,PUR_IED_AntonioVan_Aula2_6dea02,,,,,
2026-09-12T01:46:11-05:00,PUR_IED_AntonioVan_Aula5_f1557e,PUR_IED_AntonioVan_Aula5_f1557e,,,,,
2026-09-12T01:46:11-05:00,PUR_IED_AntonioVan_Ext_406f2f,PUR_IED_AntonioVan_Ext_406f2f,,,,,
2026-09-12T01:46:11-05:00,PUR_IED_Atabanzha_Ext_cc5af9,PUR_IED_Atabanzha_Ext_cc5af9,,,,,
2026-09-12T01:46:11-05:00,PUR_IED_Atabanzha_SA101_56c37,PUR_IED_Atabanzha_SA101_56c37,,,,,
2026-09-12T01:46:11-05:00,PUR_IED_Atabanzha_SB302_27b374,PUR_IED_Atabanzha_SB302_27b374,,,,,
2026-09-12T01:46:11-05:00,PUR_IED_Atahualpa_Ext_fc1748,PUR_IED_Atahualpa_Ext_fc1748,,,,,
2026-09-12T01:46:11-05:00,PUR_IED_Atahualpa_Informa_dc9a95,PUR_IED_Atahualpa_Informa_dc9a95,,,,,
2026-09-12T01:46:11-05:00,PUR_IED_Atahualpa_S1101_f98056,PUR_IED_Atahualpa_S1101_f98056,,,,,
2026-09-12T01:46:11-05:00,PUR_IED_Bellavista_Ext_f5aa74,PUR_IED_Bellavista_Ext_f5aa74,,,,,
2026-09-12T01:46:11-05:00,PUR_IED_Bilbao_11A_916c41,PUR_IED_Bilbao_11A_916c41,,,,,
2026-09-12T01:46:11-05:00,PUR_IED_Bilbao_Ext_fb579a,PUR_IED_Bilbao_Ext_fb579a,,,,,
2026-09-12T01:46:11-05:00,PUR_IED_BrasiliaU_A125_304280,PUR_IED_BrasiliaU_A125_304280,,,,,
2026-09-12T01:46:11-05:00,PUR_IED_BrasiliaU_A203_7c8ca5,PUR_IED_BrasiliaU_A203_7c8ca5,,,,,
2026-09-12T01:46:11-05:00,PUR_IED_BrasiliaU_Ext_8d6e9f,PUR_IED_BrasiliaU_Ext_8d6e9f,3,17,62,4.5175,-74.116302
2026-09-12T01:46:11-05:00,PUR_IED_Brasilia_Ext_fe6593,PUR_IED_Brasilia_Ext_fe6593,,,,,
2026-09-12T01:46:11-05:00,PUR_IED_Brasilia_S24_7c130d,PUR_IED_Brasilia_S24_7c130d,,,,,
2026-09-12T01:46:11-05:00,PUR_IED_Brasilia_S501_186a54,PUR_IED_Brasilia_S501_186a54,,,,,
2026-09-12T01:46:11-05:00,PUR_IED_CHARRY_EXT_f1d5cd,PUR_IED_CHARRY_EXT_f1d5cd,,,,,
2026-09-12T01:46:11-05:00,PUR_IED_CHARRY_INTDANZAS_7a08e6,PUR_IED_CHARRY_INTDANZAS_7a08e6,,,,,
2026-09-12T01:46:11-05:00,PUR_IED_CHARRY_INT_AULA20_dc998d,PUR_IED_CHARRY_INT_AULA20_dc998d,,,,,
2026-09-12T01:46:11-05:00,PUR_IED_COLVIV_1101_S25_7f520a,PUR_IED_COLVIV_1101_S25_7f520a,,,,,
2026-09-12T01:46:11-05:00,PUR_IED_COLVIV_1102_S16_f570ba,PUR_IED_COLVIV_1102_S16_f570ba,,,,,
2026-09-12T01:46:11-05:00,PUR_IED_COLVIV_Ext_1a26fa,PUR_IED_COLVIV_Ext_1a26fa,,,,,
2026-09-12T01:46:11-05:00,PUR_IED_CULPOP_301A_f660f3,PUR_IED_CULPOP_301A_f660f3,,,,,
2026-09-12T01:46:11-05:00,PUR_IED_CULPOP_303_568afe,PUR_IED_CULPOP_303_568afe,,,,,
2026-09-12T01:46:11-05:00,PUR_IED_CULPOP_Ext_e02ccb,PUR_IED_CULPOP_Ext_e02ccb,,,,,
2026-09-12T01:46:11-05:00,PUR_IED_CVillavicen_Ext_26eb58,PUR_IED_CVillavicen_Ext_26eb58,6,15,77,4.487,-74.102798
2026-09-12T01:46:11-05:00,PUR_IED_CVillavicen_Intel_1ce5c2,PUR_IED_CVillavicen_Intel_1ce5c2,,,,,
2026-09-12T01:46:11-05:00,PUR_IED_CVillavicen_Poliv_e0766c,PUR_IED_CVillavicen_Poliv_e0766c,,,,,
2026-09-12T01:46:11-05:00,PUR_IED_CVillavicen_int_1ba140,PUR_IED_CVillavicen_int_1ba140,,,,,
2026-09-12T01:46:11-05:00,PUR_IED_CVillavicen_intel_1ba140,PUR_IED_CVillavicen_intel_1ba140,,,,,
2026-09-12T01:46:11-05:00,PUR_IED_CarlosPizarro_Ext_e307cc,PUR_IED_CarlosPizarro_Ext_e307cc,,,,,
2026-09-12T01:46:11-05:00,PUR_IED_CarlosPizarro_L36_7e5cdb,PUR_IED_CarlosPizarro_L36_7e5cdb,,,,,
2026-09-12T01:46:11-05:00,PUR_IED_CarlosPizarro_L37_c8566c,PUR_IED_CarlosPizarro_L37_c8566c,,,,,
2026-09-12T01:46:11-05:00,PUR_IED_Castilla_Ext_cf35f,PUR_IED_Castilla_Ext_cf35f,,,,,
2026-09-12T01:46:11-05:00,PUR_IED_Castilla_SFisik_360e38,PUR_IED_Castilla_SFisik_360e38,,,,,
2026-09-12T01:46:11-05:00,PUR_IED_Castilla_Sc304_496fbf,PUR_IED_Castilla_Sc304_496fbf,,,,,
2026-09-12T01:46:11-05:00,PUR_IED_CervantesSa_Ext_6b57b,PUR_IED_CervantesSa_Ext_6b57b,3,17,68,4.5128,-74.117203
2026-09-12T01:46:11-05:00,PUR_IED_CervantesSa_S107_225c2b,PUR_IED_CervantesSa_S107_225c2b,,,,,
2026-09-12T01:46:11-05:00,PUR_IED_CervantesSa_S108_940925,PUR_IED_CervantesSa_S108_940925,,,,,
2026-09-12T01:46:11-05:00,PUR_IED_Charry_A20_f53e7c,PUR_IED_Charry_A20_f53e7c,,,,,
2026-09-12T01:46:11-05:00,PUR_IED_Charry_Ext_f1d5cd,PUR_IED_Charry_Ext_f1d5cd,,,,,
2026-09-12T01:46:11-05:00,PUR_IED_Charry_IntAula20_dc998d,PUR_IED_Charry_IntAula20_dc998d,,,,,
2026-09-12T01:46:11-05:00,PUR_IED_Charry_IntDanzas_7a08e6,PUR_IED_Charry_IntDanzas_7a08e6,,,,,
2026-09-12T01:46:11-05:00,PUR_IED_ClememciaC_203_43e2fc,PUR_IED_ClememciaC_203_43e2fc,,,,,
2026-09-12T01:46:11-05:00,PUR_IED_ClememciaC_Ext_1b411a,PUR_IED_ClememciaC_Ext_1b411a,,,,,
2026-09-12T01:46:11-05:00,PUR_IED_ClememciaC_Quimic_44b5fc,PUR_IED_ClememciaC_Quimic_44b5fc,,,,,
2026-09-12T01:46:11-05:00,PUR_IED_ClemenciaC_203_43e2fc,PUR_IED_ClemenciaC_203_43e2fc,,,,,
2026-09-12T01:46:11-05:00,PUR_IED_ClemenciaC_Ext_1b411a,PUR_IED_ClemenciaC_Ext_1b411a,,,,,
2026-09-12T01:46:11-05:00,PUR_IED_ClemenciaC_Quimic_44b5fc,PUR_IED_ClemenciaC_Quimic_44b5fc,,,,,
2026-09-12T01:46:11-05:00,PUR_IED_ColViva_1101_S25_7f520a,PUR_IED_ColViva_1101_S25_7f520a,,,,,
2026-09-12T01:46:11-05:00,PUR_IED_ColViva_1102_S16_f570ba,PUR_IED_ColViva_1102_S16_f570ba,,,,,
2026-09-12T01:46:11-05:00,PUR_IED_ColViva_Ext_1a26fa,PUR_IED_ColViva_Ext_1a26fa,,,,,
2026-09-12T01:46:11-05:00,PUR_IED_ColegioBici_Asist_7c8798,PUR_IED_ColegioBici_Asist_7c8798,,,,,
2026-09-12T01:46:11-05:00,PUR_IED_ColegioBici_Ext_25cbf6,PUR_IED_ColegioBici_Ext_25cbf6,,,,,
2026-09-12T01:46:11-05:00,PUR_IED_ColegioBici_LabQ_7b57db,PUR_IED_ColegioBici_LabQ_7b57db,,,,,
2026-09-12T01:46:11-05:00,PUR_IED_CostaRica_Ext_5e640,PUR_IED_CostaRica_Ext_5e640,,,,,
2026-09-12T01:46:11-05:00,PUR_IED_CostaRica_Quim1_766d1c,PUR_IED_CostaRica_Quim1_766d1c,,,,,
2026-09-12T01:46:11-05:00,PUR_IED_CostaRica__Fisica_6f0873,PUR_IED_CostaRica__Fisica_6f0873,,,,,
2026-09-12T01:46:11-05:00,PUR_IED_CulPopu_301A_f660f3,PUR_IED_CulPopu_301A_f660f3,,,,,
2026-09-12T01:46:11-05:00,PUR_IED_CulPopu_303_568afe,PUR_IED_CulPopu_303_568afe,,,,,
2026-09-12T01:46:11-05:00,PUR_IED_CulPopu_Ext_e02ccb,PUR_IED_CulPopu_Ext_e02ccb,,,,,
2026-09-12T01:46:11-05:00,PUR_IED_Cundinamarca_Ext_f15985,PUR_IED_Cundinamarca_Ext_f15985,,,,,
2026-09-12T01:46:11-05:00,PUR_IED_Cundinamarca_Info_7aa5d7,PUR_IED_Cundinamarca_Info_7aa5d7,,,,,
2026-09-12T01:46:11-05:00,PUR_IED_Cundinamarca_Tec2_f449c7,PUR_IED_Cundinamarca_Tec2_f449c7,,,,,
2026-09-12T01:46:11-05:00,PUR_IED_DiegoM_Aula1_27b314,PUR_IED_DiegoM_Aula1_27b314,,,,,
2026-09-12T01:46:11-05:00,PUR_IED_DiegoM_Ext_d80ac8,PUR_IED_DiegoM_Ext_d80ac8,,,,,
2026-09-12T01:46:11-05:00,PUR_IED_DiegoM_S25_da928f,PUR_IED_DiegoM_S25_da928f,,,,,
2026-09-12T01:46:11-05:00,PUR_IED_ELRODEO_360881,PUR_IED_ELRODEO_360881,,,,,
2026-09-12T01:46:11-05:00,PUR_IED_ELRODEO_ext_360881,PUR_IED_ELRODEO_ext_360881,,,,,
2026-09-12T01:46:11-05:00,PUR_IED_EduardoU_Ext_1c1969,PUR_IED_EduardoU_Ext_1c1969,,,,,
2026-09-12T01:46:11-05:00,PUR_IED_EduardoU_SCiencia_4dfb94,PUR_IED_EduardoU_SCiencia_4dfb94,,,,,
2026-09-12T01:46:11-05:00,PUR_IED_EduardoU_SQuimica_5a46e7,PUR_IED_EduardoU_SQuimica_5a46e7,,,,,
2026-09-12T01:46:11-05:00,PUR_IED_ElRodeo_Aula14_676984,PUR_IED_ElRodeo_Aula14_676984,,,,,
2026-09-12T01:46:11-05:00,PUR_IED_ElRodeo_Aula16_2dd35b,PUR_IED_ElRodeo_Aula16_2dd35b,,,,,
2026-09-12T01:46:11-05:00,PUR_IED_ElRodeo_Ext_360881,PUR_IED_ElRodeo_Ext_360881,,,,,
2026-09-12T01:46:11-05:00,PUR_IED_ElRodeo_Exterior_8c6d28,PUR_IED_ElRodeo_Exterior_8c6d28,,,,,
2026-09-12T01:46:11-05:00,PUR_IED_ElRodeo_ext_360881,PUR_IED_ElRodeo_ext_360881,,,,,
2026-09-12T01:46:11-05:00,PUR_IED_EmmaReyes_Ext_987625,PUR_IED_EmmaReyes_Ext_987625,15,21,53,4.6367,-74.1511
2026-09-12T01:46:11-05:00,PUR_IED_Ensueño_Ext_7f0250,PUR_IED_Ensueño_Ext_7f0250,,,,,
2026-09-12T01:46:11-05:00,PUR_IED_EscNormal_Ext_5fef3b,PUR_IED_EscNormal_Ext_5fef3b,2,18,61,4.5852,-74.096901
2026-09-12T01:46:11-05:00,PUR_IED_EscNormal_S309_5b263,PUR_IED_EscNormal_S309_5b263,,,,,
2026-09-12T01:46:11-05:00,PUR_IED_EscNormal_S310_27b3b8,PUR_IED_EscNormal_S310_27b3b8,,,,,
2026-09-12T01:46:11-05:00,PUR_IED_Evangelista_Conta_f6cd4f,PUR_IED_Evangelista_Conta_f6cd4f,,,,,
2026-09-12T01:46:11-05:00,PUR_IED_Evangelista_Cri_5e16a,PUR_IED_Evangelista_Cri_5e16a,,,,,
2026-09-12T01:46:11-05:00,PUR_IED_Evangelista_Exter_754066,PUR_IED_Evangelista_Exter_754066,,,,,
2026-09-12T01:46:11-05:00,PUR_IED_FMiranda_S209_5cc2a3,PUR_IED_FMiranda_S209_5cc2a3,,,,,
2026-09-12T01:46:11-05:00,PUR_IED_FMiranda_S303_19e344,PUR_IED_FMiranda_S303_19e344,,,,,
2026-09-12T01:46:11-05:00,PUR_IED_FMiranda_ext_f53e7c,PUR_IED_FMiranda_ext_f53e7c,,,,,
2026-09-12T01:46:11-05:00,PUR_IED_FabioLozano_Bibli_1cee05,PUR_IED_FabioLozano_Bibli_1cee05,,,,,
2026-09-12T01:46:11-05:00,PUR_IED_FabioLozano_Ext_6ea285,PUR_IED_FabioLozano_Ext_6ea285,,,,,
2026-09-12T01:46:11-05:00,PUR_IED_FabioLozano_SLudi_f09e1e,PUR_IED_FabioLozano_SLudi_f09e1e,,,,,
2026-09-12T01:46:11-05:00,PUR_IED_FaustinoS_Aula07_27a731,PUR_IED_FaustinoS_Aula07_27a731,,,,,
2026-09-12T01:46:11-05:00,PUR_IED_FaustinoS_Ext_7b936f,PUR_IED_FaustinoS_Ext_7b936f,,,,,
2026-09-12T01:46:11-05:00,PUR_IED_FaustinoS_Fisica_da2c60,PUR_IED_FaustinoS_Fisica_da2c60,,,,,
2026-09-12T01:46:11-05:00,PUR_IED_FeGarciaLo_Ext_dc68ee,PUR_IED_FeGarciaLo_Ext_dc68ee,,,,,
2026-09-12T01:46:11-05:00,PUR_IED_FeGarciaLo_SDanza_f70a59,PUR_IED_FeGarciaLo_SDanza_f70a59,,,,,
2026-09-12T01:46:11-05:00,PUR_IED_FeGarciaLo_SMusic_125cdd,PUR_IED_FeGarciaLo_SMusic_125cdd,,,,,
2026-09-12T01:46:11-05:00,PUR_IED_FederalAlema_Exte_50c345,PUR_IED_FederalAlema_Exte_50c345,,,,,
2026-09-12T01:46:11-05:00,PUR_IED_FederalAlema_S31_f18371,PUR_IED_FederalAlema_S31_f18371,,,,,
2026-09-12T01:46:11-05:00,PUR_IED_FederalAlema_S901_a62cd,PUR_IED_FederalAlema_S901_a62cd,,,,,
2026-09-12T01:46:11-05:00,PUR_IED_FilarmonicaS_A5_f35eb1,PUR_IED_FilarmonicaS_A5_f35eb1,,,,,
2026-09-12T01:46:11-05:00,PUR_IED_FilarmonicaS_Ext_8a3bde,PUR_IED_FilarmonicaS_Ext_8a3bde,,,,,
2026-09-12T01:46:11-05:00,PUR_IED_FilarmonicaS_Spol_406114,PUR_IED_FilarmonicaS_Spol_406114,,,,,
2026-09-12T01:46:11-05:00,PUR_IED_FlorentinoG_A13_d1fa59,PUR_IED_FlorentinoG_A13_d1fa59,,,,,
2026-09-12T01:46:11-05:00,PUR_IED_FlorentinoG_Ext_1ce6ce,PUR_IED_FlorentinoG_Ext_1ce6ce,,,,,
2026-09-12T01:46:11-05:00,PUR_IED_FlorentinoG_Idiom_a66aac,PUR_IED_FlorentinoG_Idiom_a66aac,,,,,
2026-09-12T01:46:11-05:00,PUR_IED_FranciscoMati_Ext_e3869d,PUR_IED_FranciscoMati_Ext_e3869d,,,,,
2026-09-12T01:46:11-05:00,PUR_IED_FranciscoMati_S13_f31c67,PUR_IED_FranciscoMati_S13_f31c67,,,,,
2026-09-12T01:46:11-05:00,PUR_IED_FranciscoMati_S14_97dead,PUR_IED_FranciscoMati_S14_97dead,,,,,
2026-09-12T01:46:11-05:00,PUR_IED_FranciscoPS_Ext_7bfa9a,PUR_IED_FranciscoPS_Ext_7bfa9a,3,20,57,4.5899,-74.110397
2026-09-12T01:46:11-05:00,PUR_IED_FranciscoPS_Infor_fb8f4c,PUR_IED_FranciscoPS_Infor_fb8f4c,,,,,
2026-09-12T01:46:11-05:00,PUR_IED_FranciscoPS_Quimi_94d39c,PUR_IED_FranciscoPS_Quimi_94d39c,,,,,
2026-09-12T01:46:11-05:00,PUR_IED_FranciscoP_LabQ_d7e148,PUR_IED_FranciscoP_LabQ_d7e148,,,,,
2026-09-12T01:46:11-05:00,PUR_IED_FranciscoP_S28_cf9b30,PUR_IED_FranciscoP_S28_cf9b30,,,,,
2026-09-12T01:46:11-05:00,PUR_IED_FranciscoP_ext_e2313,PUR_IED_FranciscoP_ext_e2313,,,,,
2026-09-12T01:46:11-05:00,PUR_IED_FriederichN_Ext_8ac92a,PUR_IED_FriederichN_Ext_8ac92a,,,,,
2026-09-12T01:46:11-05:00,PUR_IED_FriederichN_S301_dd7e5a,PUR_IED_FriederichN_S301_dd7e5a,,,,,
2026-09-12T01:46:11-05:00,PUR_IED_FriederichN_S308_761f4f,PUR_IED_FriederichN_S308_761f4f,,,,,
2026-09-12T01:46:11-05:00,PUR_IED_GSantander_Aula10_533dd7,PUR_IED_GSantander_Aula10_533dd7,,,,,
2026-09-12T01:46:11-05:00,PUR_IED_GSantander_Aula12_fd4e4f,PUR_IED_GSantander_Aula12_fd4e4f,,,,,
2026-09-12T01:46:11-05:00,PUR_IED_GSantander_Aula310_533dd7,PUR_IED_GSantander_Aula310_533dd7,,,,,
2026-09-12T01:46:11-05:00,PUR_IED_GSantander_Aula312_fd4e4f,PUR_IED_GSantander_Aula312_fd4e4f,,,,,
2026-09-12T01:46:11-05:00,PUR_IED_GSantander_Ext_5f66b0,PUR_IED_GSantander_Ext_5f66b0,,,,,
2026-09-12T01:46:11-05:00,PUR_IED_GYomasa_Ext_f6bea5,PUR_IED_GYomasa_Ext_f6bea5,,,,,
2026-09-12T01:46:11-05:00,PUR_IED_GYomasa_LBiol_2c41aa,PUR_IED_GYomasa_LBiol_2c41aa,,,,,
2026-09-12T01:46:11-05:00,PUR_IED_GYomasa_LQuim_33c80,PUR_IED_GYomasa_LQuim_33c80,,,,,
2026-09-12T01:46:11-05:00,PUR_IED_GabBetMejia_Cienc_5a99c,PUR_IED_GabBetMejia_Cienc_5a99c,,,,,
2026-09-12T01:46:11-05:00,PUR_IED_GabBetMejia_Ext_9153d0,PUR_IED_GabBetMejia_Ext_9153d0,,,,,
2026-09-12T01:46:11-05:00,PUR_IED_GabBetMejia_Lab_f55347,PUR_IED_GabBetMejia_Lab_f55347,,,,,
2026-09-12T01:46:11-05:00,PUR_IED_GabBetanMejia_Ext_9153d0,PUR_IED_GabBetanMejia_Ext_9153d0,,,,,
2026-09-12T01:46:11-05:00,PUR_IED_Gaitana_Aula13_7aac11,PUR_IED_Gaitana_Aula13_7aac11,,,,,
2026-09-12T01:46:11-05:00,PUR_IED_Gaitana_Ext_5fcf4,PUR_IED_Gaitana_Ext_5fcf4,,,,,
2026-09-12T01:46:11-05:00,PUR_IED_Gaitana_LabFisica_644448,PUR_IED_Gaitana_LabFisica_644448,,,,,
2026-09-12T01:46:11-05:00,PUR_IED_GenSantander_Dise_8ac858,PUR_IED_GenSantander_Dise_8ac858,,,,,
2026-09-12T01:46:11-05:00,PUR_IED_GenSantander_Ext_8d5dfe,PUR_IED_GenSantander_Ext_8d5dfe,,,,,
2026-09-12T01:46:11-05:00,PUR_IED_GenSantander_Info_6c25b,PUR_IED_GenSantander_Info_6c25b,,,,,
2026-09-12T01:46:11-05:00,PUR_IED_GustavoMo_Exterio_75e63d,PUR_IED_GustavoMo_Exterio_75e63d,,,,,
2026-09-12T01:46:11-05:00,PUR_IED_GustavoMo_LabFisi_224d37,PUR_IED_GustavoMo_LabFisi_224d37,,,,,
2026-09-12T01:46:11-05:00,PUR_IED_GustavoMo_S208_3e6918,PUR_IED_GustavoMo_S208_3e6918,,,,,
2026-09-12T01:46:11-05:00,PUR_IED_GustavoR_A02_8cd4a8,PUR_IED_GustavoR_A02_8cd4a8,,,,,
2026-09-12T01:46:11-05:00,PUR_IED_GustavoR_B11_5b0ed,PUR_IED_GustavoR_B11_5b0ed,,,,,
2026-09-12T01:46:11-05:00,PUR_IED_GustavoR_Ext_7a0c90,PUR_IED_GustavoR_Ext_7a0c90,,,,,
2026-09-12T01:46:11-05:00,PUR_IED_HernandoDuran_Ext_8cd82b,PUR_IED_HernandoDuran_Ext_8cd82b,,,,,
2026-09-12T01:46:11-05:00,PUR_IED_HernandoDuran_S24_2772c6,PUR_IED_HernandoDuran_S24_2772c6,,,,,
2026-09-12T01:46:11-05:00,PUR_IED_HernandoDuran_S30_f2de41,PUR_IED_HernandoDuran_S30_f2de41,,,,,
2026-09-12T01:46:11-05:00,PUR_IED_HolguInUr_S1101_8cd732,PUR_IED_HolguInUr_S1101_8cd732,,,,,
2026-09-12T01:46:11-05:00,PUR_IED_HolguinUr_Exter_ddae6d,PUR_IED_HolguinUr_Exter_ddae6d,,,,,
2026-09-12T01:46:11-05:00,PUR_IED_HolguinUr_LabQuim_92b952,PUR_IED_HolguinUr_LabQuim_92b952,,,,,
2026-09-12T01:46:11-05:00,PUR_IED_Isabel-II_Ext_5245cc,PUR_IED_Isabel-II_Ext_5245cc,13,18,60,4.6336,-74.153
2026-09-12T01:46:11-05:00,PUR_IED_Isabel-II_S_idiom_1c29aa,PUR_IED_Isabel-II_S_idiom_1c29aa,,,,,
2026-09-12T01:46:11-05:00,PUR_IED_Isabel-II_S_infor_fd741,PUR_IED_Isabel-II_S_infor_fd741,,,,,
2026-09-12T01:46:11-05:00,PUR_IED_IsidroSur_Exterio_5b90ea,PUR_IED_IsidroSur_Exterio_5b90ea,,,,,
2026-09-12T01:46:11-05:00,PUR_IED_IsidroSur_LabTec_56697a,PUR_IED_IsidroSur_LabTec_56697a,,,,,
2026-09-12T01:46:11-05:00,PUR_IED_IsidroSur_Robotic_b7c38f,PUR_IED_IsidroSur_Robotic_b7c38f,,,,,
2026-09-12T01:46:11-05:00,PUR_IED_IsmaelPerd_Ext_7b6672,PUR_IED_IsmaelPerd_Ext_7b6672,,,,,
2026-09-12T01:46:11-05:00,PUR_IED_IsmaelPerd_Inform_306540,PUR_IED_IsmaelPerd_Inform_306540,,,,,
2026-09-12T01:46:11-05:00,PUR_IED_IsmaelPerd_S30_2e2c83,PUR_IED_IsmaelPerd_S30_2e2c83,,,,,
2026-09-12T01:46:11-05:00,PUR_IED_JLozano_Exter_432910,PUR_IED_JLozano_Exter_432910,,,,,
2026-09-12T01:46:11-05:00,PUR_IED_JLozano_salaMulti_df5125,PUR_IED_JLozano_salaMulti_df5125,,,,,
2026-09-12T01:46:11-05:00,PUR_IED_JMCordoba_206_86f80b,PUR_IED_JMCordoba_206_86f80b,,,,,
2026-09-12T01:46:11-05:00,PUR_IED_JMCordoba_Ext_27ad97,PUR_IED_JMCordoba_Ext_27ad97,,,,,
2026-09-12T01:46:11-05:00,PUR_IED_JMCordoba_S310_d59ab4,PUR_IED_JMCordoba_S310_d59ab4,,,,,
2026-09-12T01:46:11-05:00,PUR_IED_Japon_Ext_549100,PUR_IED_Japon_Ext_549100,,,,,
2026-09-12T01:46:11-05:00,PUR_IED_Japon_Laboratorio_bec51d,PUR_IED_Japon_Laboratorio_bec51d,,,,,
2026-09-12T01:46:11-05:00,PUR_IED_Japon_informatica_d99327,PUR_IED_Japon_informatica_d99327,,,,,
2026-09-12T01:46:11-05:00,PUR_IED_Jazmin_Ext_d27bda,PUR_IED_Jazmin_Ext_d27bda,,,,,
2026-09-12T01:46:11-05:00,PUR_IED_Jazmin_Fisica_8d14d7,PUR_IED_Jazmin_Fisica_8d14d7,,,,,
2026-09-12T01:46:11-05:00,PUR_IED_Jazmin_Quimica_801cb5,PUR_IED_Jazmin_Quimica_801cb5,,,,,
2026-09-12T01:46:11-05:00,PUR_IED_JorgeGaitan_Exter_f098d1,PUR_IED_JorgeGaitan_Exter_f098d1,,,,,
2026-09-12T01:46:11-05:00,PUR_IED_JorgeGaitan_STec1_dc9d1d,PUR_IED_JorgeGaitan_STec1_dc9d1d,,,,,
2026-09-12T01:46:11-05:00,PUR_IED_JorgeGaitan_STec2_281e69,PUR_IED_JorgeGaitan_STec2_281e69,,,,,
2026-09-12T01:46:11-05:00,PUR_IED_JorgeSoto_Exterio_d9d0a2,PUR_IED_JorgeSoto_Exterio_d9d0a2,,,,,
2026-09-12T01:46:11-05:00,PUR_IED_JorgeSoto_LabFisi_209c54,PUR_IED_JorgeSoto_LabFisi_209c54,,,,,
2026-09-12T01:46:11-05:00,PUR_IED_JorgeSoto_S103_27b51a,PUR_IED_JorgeSoto_S103_27b51a,,,,,
2026-09-12T01:46:11-05:00,PUR_IED_JoseAcevedo_A02_e965eb,PUR_IED_JoseAcevedo_A02_e965eb,,,,,
2026-09-12T01:46:11-05:00,PUR_IED_JoseAcevedo_A07_dd5b4,PUR_IED_JoseAcevedo_A07_dd5b4,,,,,
2026-09-12T01:46:11-05:00,PUR_IED_JoseAcevedo_Ext_b47484,PUR_IED_JoseAcevedo_Ext_b47484,,,,,
2026-09-12T01:46:11-05:00,PUR_IED_JoseMarti_Exte_5b9bf,PUR_IED_JoseMarti_Exte_5b9bf,,,,,
2026-09-12T01:46:11-05:00,PUR_IED_JoseMarti_LabQuim_1c6c2d,PUR_IED_JoseMarti_LabQuim_1c6c2d,,,,,
2026-09-12T01:46:11-05:00,PUR_IED_JoseMarti_S_info_f5f177,PUR_IED_JoseMarti_S_info_f5f177,,,,,
2026-09-12T01:46:11-05:00,PUR_IED_Josejoaquin_Ext_dfc5dc,PUR_IED_Josejoaquin_Ext_dfc5dc,,,,,
2026-09-12T01:46:11-05:00,PUR_IED_Josejoaquin_S05_5b2a96,PUR_IED_Josejoaquin_S05_5b2a96,,,,,
2026-09-12T01:46:11-05:00,PUR_IED_Josejoaquin_S06_1ce7d2,PUR_IED_Josejoaquin_S06_1ce7d2,,,,,
2026-09-12T01:46:11-05:00,PUR_IED_JulioFlorez_Danza_9b82dd,PUR_IED_JulioFlorez_Danza_9b82dd,,,,,
2026-09-12T01:46:11-05:00,PUR_IED_JulioFlorez_Exter_f9f314,PUR_IED_JulioFlorez_Exter_f9f314,,,,,
2026-09-12T01:46:11-05:00,PUR_IED_JulioFlorez_info2_6b6e08,PUR_IED_JulioFlorez_info2_6b6e08,,,,,
2026-09-12T01:46:11-05:00,PUR_IED_LaBelleza_Aula13_1d00d8,PUR_IED_LaBelleza_Aula13_1d00d8,,,,,
2026-09-12T01:46:11-05:00,PUR_IED_LaBelleza_Ext_7bc08c,PUR_IED_LaBelleza_Ext_7bc08c,,,,,
2026-09-12T01:46:11-05:00,PUR_IED_LaChucua_Ext_8cd6d2,PUR_IED_LaChucua_Ext_8cd6d2,,,,,
2026-09-12T01:46:11-05:00,PUR_IED_LaChucua_S15_f578ce,PUR_IED_LaChucua_S15_f578ce,,,,,
2026-09-12T01:46:11-05:00,PUR_IED_LaChucua_S16_eebcf9,PUR_IED_LaChucua_S16_eebcf9,,,,,
2026-09-12T01:46:11-05:00,PUR_IED_LaFelicidad_Ext_fb5109,PUR_IED_LaFelicidad_Ext_fb5109,,,,,
2026-09-12T01:46:11-05:00,PUR_IED_LaMerced_206_66ebd,PUR_IED_LaMerced_206_66ebd,,,,,
2026-09-12T01:46:11-05:00,PUR_IED_LaMerced_207_6ebd6,PUR_IED_LaMerced_207_6ebd6,,,,,
2026-09-12T01:46:11-05:00,PUR_IED_LaMerced_ext_304311,PUR_IED_LaMerced_ext_304311,,,,,
2026-09-12T01:46:11-05:00,PUR_IED_Laureano_CiencNat_281e5e,PUR_IED_Laureano_CiencNat_281e5e,,,,,
2026-09-12T01:46:11-05:00,PUR_IED_Laureano_Comedor_f65c0a,PUR_IED_Laureano_Comedor_f65c0a,,,,,
2026-09-12T01:46:11-05:00,PUR_IED_Laureano_Exterior_7ab011,PUR_IED_Laureano_Exterior_7ab011,,,,,
2026-09-12T01:46:11-05:00,PUR_IED_LeonGreiff_Exte_dfe560,PUR_IED_LeonGreiff_Exte_dfe560,,,,,
2026-09-12T01:46:11-05:00,PUR_IED_LeonGreiff_S210_f264ed,PUR_IED_LeonGreiff_S210_f264ed,,,,,
2026-09-12T01:46:11-05:00,PUR_IED_LeonGreiff_SQuimi_e8296f,PUR_IED_LeonGreiff_SQuimi_e8296f,,,,,
2026-09-12T01:46:11-05:00,PUR_IED_LlanoOrientalS208_7b9fcd,PUR_IED_LlanoOrientalS208_7b9fcd,,,,,
2026-09-12T01:46:11-05:00,PUR_IED_LlanoOriental_Ext_fb3766,PUR_IED_LlanoOriental_Ext_fb3766,,,,,
2026-09-12T01:46:11-05:00,PUR_IED_LlanoOriental_S208_7b9fcd,PUR_IED_LlanoOriental_S208_7b9fcd,,,,,
2026-09-12T01:46:11-05:00,PUR_IED_LlanoOriental_S9_27b378,PUR_IED_LlanoOriental_S9_27b378,,,,,
2026-09-12T01:46:11-05:00,PUR_IED_LosTejares_1101_477602,PUR_IED_LosTejares_1101_477602,,,,,
2026-09-12T01:46:11-05:00,PUR_IED_LosTejares_11_d2c595,PUR_IED_LosTejares_11_d2c595,,,,,
2026-09-12T01:46:11-05:00,PUR_IED_LosTejares_12_477602,PUR_IED_LosTejares_12_477602,,,,,
2026-09-12T01:46:11-05:00,PUR_IED_LosTejares_Ext_8e2115,PUR_IED_LosTejares_Ext_8e2115,,,,,
2026-09-12T01:46:11-05:00,PUR_IED_MagdalenaO_B202_5ddda3,PUR_IED_MagdalenaO_B202_5ddda3,,,,,
2026-09-12T01:46:11-05:00,PUR_IED_MagdalenaO_B205_fb76e8,PUR_IED_MagdalenaO_B205_fb76e8,,,,,
2026-09-12T01:46:11-05:00,PUR_IED_MagdalenaO_ext_dc69cd,PUR_IED_MagdalenaO_ext_dc69cd,,,,,
2026-09-12T01:46:11-05:00,PUR_IED_ManueCepeda_artes_eee956,PUR_IED_ManueCepeda_artes_eee956,,,,,
2026-09-12T01:46:11-05:00,PUR_IED_ManuelCepeda_Ext_58313,PUR_IED_ManuelCepeda_Ext_58313,,,,,
2026-09-12T01:46:11-05:00,PUR_IED_ManuelCepeda_tec_1c5731,PUR_IED_ManuelCepeda_tec_1c5731,,,,,
2026-09-12T01:46:11-05:00,PUR_IED_ManuelS_Exterior_5b269,PUR_IED_ManuelS_Exterior_5b269,,,,,
2026-09-12T01:46:11-05:00,PUR_IED_ManuelS_Inform_f369ce,PUR_IED_ManuelS_Inform_f369ce,,,,,
2026-09-12T01:46:11-05:00,PUR_IED_ManuelS_SArtes_7d15f1,PUR_IED_ManuelS_SArtes_7d15f1,,,,,
2026-09-12T01:46:11-05:00,PUR_IED_ManuelZapata_303_3ca6,PUR_IED_ManuelZapata_303_3ca6,,,,,
2026-09-12T01:46:11-05:00,PUR_IED_ManuelZapata_311_bfbabc,PUR_IED_ManuelZapata_311_bfbabc,,,,,
2026-09-12T01:46:11-05:00,PUR_IED_ManuelZapata_Ext_50824a,PUR_IED_ManuelZapata_Ext_50824a,,,,,
2026-09-12T01:46:11-05:00,PUR_IED_ManuelitaS_Exteri_656a92,PUR_IED_ManuelitaS_Exteri_656a92,,,,,
2026-09-12T01:46:11-05:00,PUR_IED_ManuelitaS_JuzgDe_f58ec3,PUR_IED_ManuelitaS_JuzgDe_f58ec3,,,,,
2026-09-12T01:46:11-05:00,PUR_IED_ManuelitaS_Recrea_d793db,PUR_IED_ManuelitaS_Recrea_d793db,,,,,
2026-09-12T01:46:11-05:00,PUR_IED_MarFidSuarez_Ext_c27b19,PUR_IED_MarFidSuarez_Ext_c27b19,,,,,
2026-09-12T01:46:11-05:00,PUR_IED_MarFidSuarez_Info_e384d7,PUR_IED_MarFidSuarez_Info_e384d7,,,,,
2026-09-12T01:46:11-05:00,PUR_IED_MarFidSuarez_S306_1d0032,PUR_IED_MarFidSuarez_S306_1d0032,,,,,
2026-09-12T01:46:11-05:00,PUR_IED_Menorah_301_2a25a3,PUR_IED_Menorah_301_2a25a3,,,,,
2026-09-12T01:46:11-05:00,PUR_IED_Menorah_306_37ed3,PUR_IED_Menorah_306_37ed3,,,,,
2026-09-12T01:46:11-05:00,PUR_IED_Menorah_Ext_3e155b,PUR_IED_Menorah_Ext_3e155b,,,,,
2026-09-12T01:46:11-05:00,PUR_IED_MinutoB.Aires_A11_1b1604,PUR_IED_MinutoB.Aires_A11_1b1604,,,,,
2026-09-12T01:46:11-05:00,PUR_IED_MinutoB.Aires_A12_fb5860,PUR_IED_MinutoB.Aires_A12_fb5860,,,,,
2026-09-12T01:46:11-05:00,PUR_IED_MinutoB.Aires_Ext_81293f,PUR_IED_MinutoB.Aires_Ext_81293f,,,,,
2026-09-12T01:46:11-05:00,PUR_IED_MinutoBAires_A11_1b1604,PUR_IED_MinutoBAires_A11_1b1604,,,,,
2026-09-12T01:46:11-05:00,PUR_IED_MinutoBAires_A12_fb5860,PUR_IED_MinutoBAires_A12_fb5860,,,,,
2026-09-12T01:46:11-05:00,PUR_IED_MinutoBAires_Ext_81293f,PUR_IED_MinutoBAires_Ext_81293f,,,,,
2026-09-12T01:46:11-05:00,PUR_IED_Montreal_Aula10_1e4959,PUR_IED_Montreal_Aula10_1e4959,,,,,
2026-09-12T01:46:11-05:00,PUR_IED_Montreal_Aula6_300367,PUR_IED_Montreal_Aula6_300367,,,,,
2026-09-12T01:46:11-05:00,PUR_IED_Montreal_Exterior_91a179,PUR_IED_Montreal_Exterior_91a179,,,,,
2026-09-12T01:46:11-05:00,PUR_IED_Mqgdalena_B202_5ddda3,PUR_IED_Mqgdalena_B202_5ddda3,,,,,
2026-09-12T01:46:11-05:00,PUR_IED_NACUND_Soc_dc8728,PUR_IED_NACUND_Soc_dc8728,,,,,
2026-09-12T01:46:11-05:00,PUR_IED_NACUND_ext_27ad97,PUR_IED_NACUND_ext_27ad97,,,,,
2026-09-12T01:46:11-05:00,PUR_IED_NEsperanza_Ext_d24b61,PUR_IED_NEsperanza_Ext_d24b61,,,,,
2026-09-12T01:46:11-05:00,PUR_IED_NEsperanza_SElect_7d1807,PUR_IED_NEsperanza_SElect_7d1807,,,,,
2026-09-12T01:46:11-05:00,PUR_IED_NEsperanza_SLabor_8b2d0a,PUR_IED_NEsperanza_SLabor_8b2d0a,,,,,
2026-09-12T01:46:11-05:00,PUR_IED_NacionesU_Ext_f661a9,PUR_IED_NacionesU_Ext_f661a9,,,,,
2026-09-12T01:46:11-05:00,PUR_IED_NacionesU_Quimica_66f0a,PUR_IED_NacionesU_Quimica_66f0a,,,,,
2026-09-12T01:46:11-05:00,PUR_IED_NacionesU_S306_1b4b3d,PUR_IED_NacionesU_S306_1b4b3d,,,,,
2026-09-12T01:46:11-05:00,PUR_IED_NestorFA_Ext_e4201c,PUR_IED_NestorFA_Ext_e4201c,,,,,
2026-09-12T01:46:11-05:00,PUR_IED_NestorFA_Laborato_f22fe0,PUR_IED_NestorFA_Laborato_f22fe0,,,,,
2026-09-12T01:46:11-05:00,PUR_IED_NestorFA_S204_dee996,PUR_IED_NestorFA_S204_dee996,,,,,
2026-09-12T01:46:11-05:00,PUR_IED_NidyaQT_Aula03_76999b,PUR_IED_NidyaQT_Aula03_76999b,,,,,
2026-09-12T01:46:11-05:00,PUR_IED_NidyaQT_Aula10_56325,PUR_IED_NidyaQT_Aula10_56325,,,,,
2026-09-12T01:46:11-05:00,PUR_IED_NidyaQT_Ext_46e32d,PUR_IED_NidyaQT_Ext_46e32d,,,,,
2026-09-12T01:46:11-05:00,PUR_IED_NuevaCol_Exterior_d9b859,PUR_IED_NuevaCol_Exterior_d9b859,,,,,
2026-09-12T01:46:11-05:00,PUR_IED_NuevaCol_S1101_76c43b,PUR_IED_NuevaCol_S1101_76c43b,,,,,
2026-09-12T01:46:11-05:00,PUR_IED_NuevaCol_S1102_1ce0b5,PUR_IED_NuevaCol_S1102_1ce0b5,,,,,
2026-09-12T01:46:11-05:00,PUR_IED_OEA_A202_f7e3f2,PUR_IED_OEA_A202_f7e3f2,,,,,
2026-09-12T01:46:11-05:00,PUR_IED_OEA_A203_7d1b8d,PUR_IED_OEA_A203_7d1b8d,,,,,
2026-09-12T01:46:11-05:00,PUR_IED_OEA_Ext_27b593,PUR_IED_OEA_Ext_27b593,,,,,
2026-09-12T01:46:11-05:00,PUR_IED_Ochoa_Ext_1c29da,PUR_IED_Ochoa_Ext_1c29da,3,15,93,4.503,-74.107201
2026-09-12T01:46:11-05:00,PUR_IED_Ochoa_S205_8b1121,PUR_IED_Ochoa_S205_8b1121,,,,,
2026-09-12T01:46:11-05:00,PUR_IED_Ochoa_Sistemas_f33af6,PUR_IED_Ochoa_Sistemas_f33af6,,,,,
2026-09-12T01:46:11-05:00,PUR_IED_PQuebec_Ext_1c67c7,PUR_IED_PQuebec_Ext_1c67c7,,,,,
2026-09-12T01:46:11-05:00,PUR_IED_PQuebec_S15_23e8e2,PUR_IED_PQuebec_S15_23e8e2,,,,,
2026-09-12T01:46:11-05:00,PUR_IED_PQuebec_S16_8ec76b,PUR_IED_PQuebec_S16_8ec76b,,,,,
2026-09-12T01:46:11-05:00,PUR_IED_PabloN_Ext_49dc96,PUR_IED_PabloN_Ext_49dc96,,,,,
2026-09-12T01:46:11-05:00,PUR_IED_PabloN_S1102_4e3df5,PUR_IED_PabloN_S1102_4e3df5,,,,,
2026-09-12T01:46:11-05:00,PUR_IED_PabloN_S1103_50c94b,PUR_IED_PabloN_S1103_50c94b,,,,,
2026-09-12T01:46:11-05:00,PUR_IED_Palestina_S1101_db9198,PUR_IED_Palestina_S1101_db9198,,,,,
2026-09-12T01:46:11-05:00,PUR_IED_Palestina_S1102_dc54fa,PUR_IED_Palestina_S1102_dc54fa,,,,,
2026-09-12T01:46:11-05:00,PUR_IED_Palestina_ext_4ccce6,PUR_IED_Palestina_ext_4ccce6,,,,,
2026-09-12T01:46:11-05:00,PUR_IED_Panama_Fisica_4d0794,PUR_IED_Panama_Fisica_4d0794,,,,,
2026-09-12T01:46:11-05:00,PUR_IED_Panama_SIngles_a4077e,PUR_IED_Panama_SIngles_a4077e,,,,,
2026-09-12T01:46:11-05:00,PUR_IED_Panama_ext_4c54b4,PUR_IED_Panama_ext_4c54b4,,,,,
2026-09-12T01:46:11-05:00,PUR_IED_ParaisoM_Exterior_8cd7f0,PUR_IED_ParaisoM_Exterior_8cd7f0,,,,,
2026-09-12T01:46:11-05:00,PUR_IED_ParaisoM_Laborato_27af35,PUR_IED_ParaisoM_Laborato_27af35,,,,,
2026-09-12T01:46:11-05:00,PUR_IED_ParaisoM_S304_d1edca,PUR_IED_ParaisoM_S304_d1edca,,,,,
2026-09-12T01:46:11-05:00,PUR_IED_PorfirioBarba_Ext_301466,PUR_IED_PorfirioBarba_Ext_301466,,,,,
2026-09-12T01:46:11-05:00,PUR_IED_PorfirioBarba_S11_df6cd2,PUR_IED_PorfirioBarba_S11_df6cd2,,,,,
2026-09-12T01:46:11-05:00,PUR_IED_PorfirioBarba_S29_27a7d6,PUR_IED_PorfirioBarba_S29_27a7d6,,,,,
2026-09-12T01:46:11-05:00,PUR_IED_PradoV_Exter_8b27ad,PUR_IED_PradoV_Exter_8b27ad,,,,,
2026-09-12T01:46:11-05:00,PUR_IED_PradoV_S301_de65b5,PUR_IED_PradoV_S301_de65b5,,,,,
2026-09-12T01:46:11-05:00,PUR_IED_PradoV_S302_7d2593,PUR_IED_PradoV_S302_7d2593,,,,,
2026-09-12T01:46:11-05:00,PUR_IED_QuirogaAlz_Ext_1ddc82,PUR_IED_QuirogaAlz_Ext_1ddc82,,,,,
2026-09-12T01:46:11-05:00,PUR_IED_QuirogaAlz_S302_9926a3,PUR_IED_QuirogaAlz_S302_9926a3,,,,,
2026-09-12T01:46:11-05:00,PUR_IED_QuirogaAlz_S305_cdf1f1,PUR_IED_QuirogaAlz_S305_cdf1f1,,,,,
2026-09-12T01:46:11-05:00,PUR_IED_RGuatemala_Biling_dc53b7,PUR_IED_RGuatemala_Biling_dc53b7,,,,,
2026-09-12T01:46:11-05:00,PUR_IED_RGuatemala_Ext_1b89a3,PUR_IED_RGuatemala_Ext_1b89a3,,,,,
2026-09-12T01:46:11-05:00,PUR_IED_RGuatemala_Tecnol_281a34,PUR_IED_RGuatemala_Tecnol_281a34,,,,,
2026-09-12T01:46:11-05:00,PUR_IED_RafaNu_Ext_f7c302,PUR_IED_RafaNu_Ext_f7c302,,,,,
2026-09-12T01:46:11-05:00,PUR_IED_RafaNu_S1101_25fde,PUR_IED_RafaNu_S1101_25fde,,,,,
2026-09-12T01:46:11-05:00,PUR_IED_RafaNu_S1102_281517,PUR_IED_RafaNu_S1102_281517,,,,,
2026-09-12T01:46:11-05:00,PUR_IED_RafaelB_S305_ee2783,PUR_IED_RafaelB_S305_ee2783,,,,,
2026-09-12T01:46:11-05:00,PUR_IED_RafaelB_S306_75fe33,PUR_IED_RafaelB_S306_75fe33,,,,,
2026-09-12T01:46:11-05:00,PUR_IED_RafaelB_ext_283336,PUR_IED_RafaelB_ext_283336,3,18,61,4.6722,-74.0737
2026-09-12T01:46:11-05:00,PUR_IED_RafaelUU_Exterior_281a51,PUR_IED_RafaelUU_Exterior_281a51,,,,,
2026-09-12T01:46:11-05:00,PUR_IED_RafaelUU_Human_806b2,PUR_IED_RafaelUU_Human_806b2,,,,,
2026-09-12T01:46:11-05:00,PUR_IED_RafaelUU_Mate2_5680d4,PUR_IED_RafaelUU_Mate2_5680d4,,,,,
2026-09-12T01:46:11-05:00,PUR_IED_RamonSub_Ext_f9eeb9,PUR_IED_RamonSub_Ext_f9eeb9,,,,,
2026-09-12T01:46:11-05:00,PUR_IED_RamonSub_Media_d1f62f,PUR_IED_RamonSub_Media_d1f62f,,,,,
2026-09-12T01:46:11-05:00,PUR_IED_RamonSub_planta_51b82,PUR_IED_RamonSub_planta_51b82,,,,,
2026-09-12T01:46:11-05:00,PUR_IED_RepBoliVene_Exter_27af7c,PUR_IED_RepBoliVene_Exter_27af7c,,,,,
2026-09-12T01:46:11-05:00,PUR_IED_RepBoliVene_SCPT_5ae2ee,PUR_IED_RepBoliVene_SCPT_5ae2ee,,,,,
2026-09-12T01:46:11-05:00,PUR_IED_RepBoliVene_Socia_4b11d5,PUR_IED_RepBoliVene_Socia_4b11d5,,,,,
2026-09-12T01:46:11-05:00,PUR_IED_RepChina_Ext_76d9ee,PUR_IED_RepChina_Ext_76d9ee,,,,,
2026-09-12T01:46:11-05:00,PUR_IED_RepChina_S404_7c804c,PUR_IED_RepChina_S404_7c804c,,,,,
2026-09-12T01:46:11-05:00,PUR_IED_RepChina_S405_df2c33,PUR_IED_RepChina_S405_df2c33,,,,,
2026-09-12T01:46:11-05:00,PUR_IED_RepublicaC_Exteri_7d1ec9,PUR_IED_RepublicaC_Exteri_7d1ec9,,,,,
2026-09-12T01:46:11-05:00,PUR_IED_RepublicaC_S1101_f544b3,PUR_IED_RepublicaC_S1101_f544b3,,,,,
2026-09-12T01:46:11-05:00,PUR_IED_RepublicaC_S1102_7aafc7,PUR_IED_RepublicaC_S1102_7aafc7,,,,,
2026-09-12T01:46:11-05:00,PUR_IED_Ricaurte_Externo_a0ea1,PUR_IED_Ricaurte_Externo_a0ea1,,,,,
2026-09-12T01:46:11-05:00,PUR_IED_Ricaurte_S210_f546fd,PUR_IED_Ricaurte_S210_f546fd,,,,,
2026-09-12T01:46:11-05:00,PUR_IED_Ricaurte_S309_d4452,PUR_IED_Ricaurte_S309_d4452,,,,,
2026-09-12T01:46:11-05:00,PUR_IED_RogelioS_1102_531e69,PUR_IED_RogelioS_1102_531e69,,,,,
2026-09-12T01:46:11-05:00,PUR_IED_RogelioS_Ext_f25a18,PUR_IED_RogelioS_Ext_f25a18,,,,,
2026-09-12T01:46:11-05:00,PUR_IED_SBernardino_Ext_27aff8,PUR_IED_SBernardino_Ext_27aff8,,,,,
2026-09-12T01:46:11-05:00,PUR_IED_SBernardino_SArte_2ffd33,PUR_IED_SBernardino_SArte_2ffd33,,,,,
2026-09-12T01:46:11-05:00,PUR_IED_SBernardino_SIngl_7c7da5,PUR_IED_SBernardino_SIngl_7c7da5,,,,,
2026-09-12T01:46:11-05:00,PUR_IED_Sago_auditorio_dc9d1d,PUR_IED_Sago_auditorio_dc9d1d,,,,,
2026-09-12T01:46:11-05:00,PUR_IED_Saludcoop_Ext_95aac3,PUR_IED_Saludcoop_Ext_95aac3,,,,,
2026-09-12T01:46:11-05:00,PUR_IED_Saludcoop_InfI_90c854,PUR_IED_Saludcoop_InfI_90c854,,,,,
2026-09-12T01:46:11-05:00,PUR_IED_Saludcoop_SMedia_1b93be,PUR_IED_Saludcoop_SMedia_1b93be,,,,,
2026-09-12T01:46:11-05:00,PUR_IED_SanCarlos_1101_1a2360,PUR_IED_SanCarlos_1101_1a2360,,,,,
2026-09-12T01:46:11-05:00,PUR_IED_SanCarlos_1103_7bafb5,PUR_IED_SanCarlos_1103_7bafb5,,,,,
2026-09-12T01:46:11-05:00,PUR_IED_SanCarlos_Ext_b7cd1,PUR_IED_SanCarlos_Ext_b7cd1,,,,,
2026-09-12T01:46:11-05:00,PUR_IED_SanIgnacioBosa11a_50c26e,PUR_IED_SanIgnacioBosa11a_50c26e,,,,,
2026-09-12T01:46:11-05:00,PUR_IED_SanIgnacioBosa11b_371de8,PUR_IED_SanIgnacioBosa11b_371de8,,,,,
2026-09-12T01:46:11-05:00,PUR_IED_SanIgnacioBosaExt_ef0ffc,PUR_IED_SanIgnacioBosaExt_ef0ffc,,,,,
2026-09-12T01:46:11-05:00,PUR_IED_SanIgnacioBosa_11a_50c26e,PUR_IED_SanIgnacioBosa_11a_50c26e,,,,,
2026-09-12T01:46:11-05:00,PUR_IED_SanIgnacioBosa_Ext_ef0ffc,PUR_IED_SanIgnacioBosa_Ext_ef0ffc,,,,,
2026-09-12T01:46:11-05:00,PUR_IED_SanJoseN_intS1101_31c47f,PUR_IED_SanJoseN_intS1101_31c47f,,,,,
2026-09-12T01:46:11-05:00,PUR_IED_SanJoseUsm_Exter_f5d7e8,PUR_IED_SanJoseUsm_Exter_f5d7e8,,,,,
2026-09-12T01:46:11-05:00,PUR_IED_SanJoseUsm_Int11A_cfdef6,PUR_IED_SanJoseUsm_Int11A_cfdef6,,,,,
2026-09-12T01:46:11-05:00,PUR_IED_SilveriaR_IntB5_905349,PUR_IED_SilveriaR_IntB5_905349,,,,,
2026-09-12T01:46:11-05:00,PUR_IED_SilveriaR_IntSD14_981f93,PUR_IED_SilveriaR_IntSD14_981f93,,,,,
2026-09-12T01:46:11-05:00,PUR_IED_SilveriaR_ext_2b651d,PUR_IED_SilveriaR_ext_2b651d,,,,,
2026-09-12T01:46:11-05:00,PUR_IED_SimonB_Exterior_913975,PUR_IED_SimonB_Exterior_913975,,,,,
2026-09-12T01:46:11-05:00,PUR_IED_SimonB_LabQuimi_c56908,PUR_IED_SimonB_LabQuimi_c56908,,,,,
2026-09-12T01:46:11-05:00,PUR_IED_SimonB_informatic_a28c1,PUR_IED_SimonB_informatic_a28c1,,,,,
2026-09-12T01:46:11-05:00,PUR_IED_Sorrento_1102_315f50,PUR_IED_Sorrento_1102_315f50,,,,,
2026-09-12T01:46:11-05:00,PUR_IED_Sorrento_Minte_214eab,PUR_IED_Sorrento_Minte_214eab,,,,,
2026-09-12T01:46:11-05:00,PUR_IED_Sorrento_ext_7c3a0a,PUR_IED_Sorrento_ext_7c3a0a,,,,,
2026-09-12T01:46:11-05:00,PUR_IED_Tabora_Ext_f048ae,PUR_IED_Tabora_Ext_f048ae,,,,,
2026-09-12T01:46:11-05:00,PUR_IED_Tabora_S1102_b07752,PUR_IED_Tabora_S1102_b07752,,,,,
2026-09-12T01:46:11-05:00,PUR_IED_Tabora_S1103_d988f5,PUR_IED_Tabora_S1103_d988f5,,,,,
2026-09-12T01:46:11-05:00,PUR_IED_Tenerife_Ext_1ab188,PUR_IED_Tenerife_Ext_1ab188,,,,,
2026-09-12T01:46:11-05:00,PUR_IED_Tenerife_SDanzas_7bc02e,PUR_IED_Tenerife_SDanzas_7bc02e,,,,,
2026-09-12T01:46:11-05:00,PUR_IED_Tenerife_SIngles_7cc277,PUR_IED_Tenerife_SIngles_7cc277,,,,,
2026-09-12T01:46:11-05:00,PUR_IED_Tibabuyes_Exter_f2683d,PUR_IED_Tibabuyes_Exter_f2683d,,,,,
2026-09-12T01:46:11-05:00,PUR_IED_Tibabuyes_S10_dc87a8,PUR_IED_Tibabuyes_S10_dc87a8,,,,,
2026-09-12T01:46:11-05:00,PUR_IED_Tibabuyes_S15_dc0526,PUR_IED_Tibabuyes_S15_dc0526,,,,,
2026-09-12T01:46:11-05:00,PUR_IED_UnionE_S301_a1043,PUR_IED_UnionE_S301_a1043,,,,,
2026-09-12T01:46:11-05:00,PUR_IED_UnionE_S307_ff6c2f,PUR_IED_UnionE_S307_ff6c2f,,,,,
2026-09-12T01:46:11-05:00,PUR_IED_UnionE__Ext_5e2468,PUR_IED_UnionE__Ext_5e2468,,,,,
2026-09-12T01:46:11-05:00,PUR_IED_VillaRica_Ext_75be7c,PUR_IED_VillaRica_Ext_75be7c,,,,,
2026-09-12T01:46:11-05:00,PUR_IED_VillaRica_S4_cc5dcd,PUR_IED_VillaRica_S4_cc5dcd,,,,,
2026-09-12T01:46:11-05:00,PUR_IED_VillaRica_Sesp_99f5c,PUR_IED_VillaRica_Sesp_99f5c,,,,,
2026-09-12T01:51:10-05:00,PUR_IED_20deJulio_1101_91b1b9,PUR_IED_20deJulio_1101_91b1b9,,,,,
2026-09-12T01:51:10-05:00,PUR_IED_20deJulio_1102_1cfcf9,PUR_IED_20deJulio_1102_1cfcf9,,,,,
2026-09-12T01:51:10-05:00,PUR_IED_20deJulio_Ext_ab60bd,PUR_IED_20deJulio_Ext_ab60bd,,,,,
2026-09-12T01:51:10-05:00,PUR_IED_AgustinFer_Ext_7b9b77,PUR_IED_AgustinFer_Ext_7b9b77,,,,,
2026-09-12T01:51:10-05:00,PUR_IED_AgustinFer_Info2_27b3a7,PUR_IED_AgustinFer_Info2_27b3a7,,,,,
2026-09-12T01:51:10-05:00,PUR_IED_AgustinFer_Sena_54b4eb,PUR_IED_AgustinFer_Sena_54b4eb,,,,,
2026-09-12T01:51:10-05:00,PUR_IED_AlexanderF_1102_caf07b,PUR_IED_AlexanderF_1102_caf07b,,,,,
2026-09-12T01:51:10-05:00,PUR_IED_AlexanderF_1103_c79e71,PUR_IED_AlexanderF_1103_c79e71,,,,,
2026-09-12T01:51:10-05:00,PUR_IED_AlexanderF_Ext_c5b18b,PUR_IED_AlexanderF_Ext_c5b18b,,,,,
2026-09-12T01:51:10-05:00,PUR_IED_AlfonsoLopez_Ext_281d77,PUR_IED_AlfonsoLopez_Ext_281d77,,,,,
2026-09-12T01:51:10-05:00,PUR_IED_AlfonsoLopez_LabF_888ce0,PUR_IED_AlfonsoLopez_LabF_888ce0,,,,,
2026-09-12T01:51:10-05:00,PUR_IED_AlfonsoLopez_SMed_df6a7f,PUR_IED_AlfonsoLopez_SMed_df6a7f,,,,,
2026-09-12T01:51:10-05:00,PUR_IED_AltamiraSO_A2_209f92,PUR_IED_AltamiraSO_A2_209f92,,,,,
2026-09-12T01:51:10-05:00,PUR_IED_AltamiraSO_Ext_186d66,PUR_IED_AltamiraSO_Ext_186d66,,,,,
2026-09-12T01:51:10-05:00,PUR_IED_AltamiraSO_Sistem_27afe1,PUR_IED_AltamiraSO_Sistem_27afe1,,,,,
2026-09-12T01:51:10-05:00,PUR_IED_AlvaroGom_LabQuim_813179,PUR_IED_AlvaroGom_LabQuim_813179,,,,,
2026-09-12T01:51:10-05:00,PUR_IED_AlvaroGomez_Ext_47c7ca,PUR_IED_AlvaroGomez_Ext_47c7ca,,,,,
2026-09-12T01:51:10-05:00,PUR_IED_AlvaroGomez_LabQuim_813179,PUR_IED_AlvaroGomez_LabQuim_813179,,,,,
2026-09-12T01:51:10-05:00,PUR_IED_AlvaroGomez_S23_7ba89f,PUR_IED_AlvaroGomez_S23_7ba89f,,,,,
2026-09-12T01:51:10-05:00,PUR_IED_Amistad_306_dc8728,PUR_IED_Amistad_306_dc8728,,,,,
2026-09-12T01:51:10-05:00,PUR_IED_Amistad_Ext_8cd55e,PUR_IED_Amistad_Ext_8cd55e,,,,,
2026-09-12T01:51:10-05:00,PUR_IED_Amistad_S202_a41169,PUR_IED_Amistad_S202_a41169,,,,,
2026-09-12T01:51:10-05:00,PUR_IED_AndresBello_Bio_fd5f5e,PUR_IED_AndresBello_Bio_fd5f5e,,,,,
2026-09-12T01:51:10-05:00,PUR_IED_AndresBello_ext_dcad65,PUR_IED_AndresBello_ext_dcad65,,,,,
2026-09-12T01:51:10-05:00,PUR_IED_AndresBello_port_eed3ec,PUR_IED_AndresBello_port_eed3ec,,,,,
2026-09-12T01:51:10-05:00,PUR_IED_AngelaR_11b_d90a6b,PUR_IED_AngelaR_11b_d90a6b,,,,,
2026-09-12T01:51:10-05:00,PUR_IED_AngelaR_ext_7cad3e,PUR_IED_AngelaR_ext_7cad3e,12,20,60,4.5825,-74.164497
2026-09-12T01:51:10-05:00,PUR_IED_AntJoseSucre_10mo_df2575,PUR_IED_AntJoseSucre_10mo_df2575,,,,,
2026-09-12T01:51:10-05:00,PUR_IED_AntJoseSucre_Ext_215b36,PUR_IED_AntJoseSucre_Ext_215b36,,,,,
2026-09-12T01:51:10-05:00,PUR_IED_AntJoseSucre_Lab_3139de,PUR_IED_AntJoseSucre_Lab_3139de,,,,,
2026-09-12T01:51:10-05:00,PUR_IED_AntonioGarcia_301_d6b188,PUR_IED_AntonioGarcia_301_d6b188,,,,,
2026-09-12T01:51:10-05:00,PUR_IED_AntonioGarcia_302_88a82,PUR_IED_AntonioGarcia_302_88a82,,,,,
2026-09-12T01:51:10-05:00,PUR_IED_AntonioGarcia_Ext_20950c,PUR_IED_AntonioGarcia_Ext_20950c,,,,,
2026-09-12T01:51:10-05:00,PUR_IED_AntonioVan_Aula2_6dea02,PUR_IED_AntonioVan_Aula2_6dea02,,,,,
2026-09-12T01:51:10-05:00,PUR_IED_AntonioVan_Aula5_f1557e,PUR_IED_AntonioVan_Aula5_f1557e,,,,,
2026-09-12T01:51:10-05:00,PUR_IED_AntonioVan_Ext_406f2f,PUR_IED_AntonioVan_Ext_406f2f,,,,,
2026-09-12T01:51:10-05:00,PUR_IED_Atabanzha_Ext_cc5af9,PUR_IED_Atabanzha_Ext_cc5af9,,,,,
2026-09-12T01:51:10-05:00,PUR_IED_Atabanzha_SA101_56c37,PUR_IED_Atabanzha_SA101_56c37,,,,,
2026-09-12T01:51:10-05:00,PUR_IED_Atabanzha_SB302_27b374,PUR_IED_Atabanzha_SB302_27b374,,,,,
2026-09-12T01:51:10-05:00,PUR_IED_Atahualpa_Ext_fc1748,PUR_IED_Atahualpa_Ext_fc1748,,,,,
2026-09-12T01:51:10-05:00,PUR_IED_Atahualpa_Informa_dc9a95,PUR_IED_Atahualpa_Informa_dc9a95,,,,,
2026-09-12T01:51:10-05:00,PUR_IED_Atahualpa_S1101_f98056,PUR_IED_Atahualpa_S1101_f98056,,,,,
2026-09-12T01:51:10-05:00,PUR_IED_Bellavista_Ext_f5aa74,PUR_IED_Bellavista_Ext_f5aa74,,,,,
2026-09-12T01:51:10-05:00,PUR_IED_Bilbao_11A_916c41,PUR_IED_Bilbao_11A_916c41,,,,,
2026-09-12T01:51:10-05:00,PUR_IED_Bilbao_Ext_fb579a,PUR_IED_Bilbao_Ext_fb579a,,,,,
2026-09-12T01:51:10-05:00,PUR_IED_BrasiliaU_A125_304280,PUR_IED_BrasiliaU_A125_304280,,,,,
2026-09-12T01:51:10-05:00,PUR_IED_BrasiliaU_A203_7c8ca5,PUR_IED_BrasiliaU_A203_7c8ca5,,,,,
2026-09-12T01:51:10-05:00,PUR_IED_BrasiliaU_Ext_8d6e9f,PUR_IED_BrasiliaU_Ext_8d6e9f,3,17,62,4.5175,-74.116302
2026-09-12T01:51:10-05:00,PUR_IED_Brasilia_Ext_fe6593,PUR_IED_Brasilia_Ext_fe6593,,,,,
2026-09-12T01:51:10-05:00,PUR_IED_Brasilia_S24_7c130d,PUR_IED_Brasilia_S24_7c130d,,,,,
2026-09-12T01:51:10-05:00,PUR_IED_Brasilia_S501_186a54,PUR_IED_Brasilia_S501_186a54,,,,,
2026-09-12T01:51:10-05:00,PUR_IED_CHARRY_EXT_f1d5cd,PUR_IED_CHARRY_EXT_f1d5cd,,,,,
2026-09-12T01:51:10-05:00,PUR_IED_CHARRY_INTDANZAS_7a08e6,PUR_IED_CHARRY_INTDANZAS_7a08e6,,,,,
2026-09-12T01:51:10-05:00,PUR_IED_CHARRY_INT_AULA20_dc998d,PUR_IED_CHARRY_INT_AULA20_dc998d,,,,,
2026-09-12T01:51:10-05:00,PUR_IED_COLVIV_1101_S25_7f520a,PUR_IED_COLVIV_1101_S25_7f520a,,,,,
2026-09-12T01:51:10-05:00,PUR_IED_COLVIV_1102_S16_f570ba,PUR_IED_COLVIV_1102_S16_f570ba,,,,,
2026-09-12T01:51:10-05:00,PUR_IED_COLVIV_Ext_1a26fa,PUR_IED_COLVIV_Ext_1a26fa,,,,,
2026-09-12T01:51:10-05:00,PUR_IED_CULPOP_301A_f660f3,PUR_IED_CULPOP_301A_f660f3,,,,,
2026-09-12T01:51:10-05:00,PUR_IED_CULPOP_303_568afe,PUR_IED_CULPOP_303_568afe,,,,,
2026-09-12T01:51:10-05:00,PUR_IED_CULPOP_Ext_e02ccb,PUR_IED_CULPOP_Ext_e02ccb,,,,,
2026-09-12T01:51:10-05:00,PUR_IED_CVillavicen_Ext_26eb58,PUR_IED_CVillavicen_Ext_26eb58,4,15,76,4.487,-74.102798
2026-09-12T01:51:10-05:00,PUR_IED_CVillavicen_Intel_1ce5c2,PUR_IED_CVillavicen_Intel_1ce5c2,,,,,
2026-09-12T01:51:10-05:00,PUR_IED_CVillavicen_Poliv_e0766c,PUR_IED_CVillavicen_Poliv_e0766c,,,,,
2026-09-12T01:51:10-05:00,PUR_IED_CVillavicen_int_1ba140,PUR_IED_CVillavicen_int_1ba140,,,,,
2026-09-12T01:51:10-05:00,PUR_IED_CVillavicen_intel_1ba140,PUR_IED_CVillavicen_intel_1ba140,,,,,
2026-09-12T01:51:10-05:00,PUR_IED_CarlosPizarro_Ext_e307cc,PUR_IED_CarlosPizarro_Ext_e307cc,,,,,
2026-09-12T01:51:10-05:00,PUR_IED_CarlosPizarro_L36_7e5cdb,PUR_IED_CarlosPizarro_L36_7e5cdb,,,,,
2026-09-12T01:51:10-05:00,PUR_IED_CarlosPizarro_L37_c8566c,PUR_IED_CarlosPizarro_L37_c8566c,,,,,
2026-09-12T01:51:10-05:00,PUR_IED_Castilla_Ext_cf35f,PUR_IED_Castilla_Ext_cf35f,,,,,
2026-09-12T01:51:10-05:00,PUR_IED_Castilla_SFisik_360e38,PUR_IED_Castilla_SFisik_360e38,,,,,
2026-09-12T01:51:10-05:00,PUR_IED_Castilla_Sc304_496fbf,PUR_IED_Castilla_Sc304_496fbf,,,,,
2026-09-12T01:51:10-05:00,PUR_IED_CervantesSa_Ext_6b57b,PUR_IED_CervantesSa_Ext_6b57b,2,17,67,4.5128,-74.117203
2026-09-12T01:51:10-05:00,PUR_IED_CervantesSa_S107_225c2b,PUR_IED_CervantesSa_S107_225c2b,,,,,
2026-09-12T01:51:10-05:00,PUR_IED_CervantesSa_S108_940925,PUR_IED_CervantesSa_S108_940925,,,,,
2026-09-12T01:51:10-05:00,PUR_IED_Charry_A20_f53e7c,PUR_IED_Charry_A20_f53e7c,,,,,
2026-09-12T01:51:10-05:00,PUR_IED_Charry_Ext_f1d5cd,PUR_IED_Charry_Ext_f1d5cd,,,,,
2026-09-12T01:51:10-05:00,PUR_IED_Charry_IntAula20_dc998d,PUR_IED_Charry_IntAula20_dc998d,,,,,
2026-09-12T01:51:10-05:00,PUR_IED_Charry_IntDanzas_7a08e6,PUR_IED_Charry_IntDanzas_7a08e6,,,,,
2026-09-12T01:51:10-05:00,PUR_IED_ClememciaC_203_43e2fc,PUR_IED_ClememciaC_203_43e2fc,,,,,
2026-09-12T01:51:10-05:00,PUR_IED_ClememciaC_Ext_1b411a,PUR_IED_ClememciaC_Ext_1b411a,,,,,
2026-09-12T01:51:10-05:00,PUR_IED_ClememciaC_Quimic_44b5fc,PUR_IED_ClememciaC_Quimic_44b5fc,,,,,
2026-09-12T01:51:10-05:00,PUR_IED_ClemenciaC_203_43e2fc,PUR_IED_ClemenciaC_203_43e2fc,,,,,
2026-09-12T01:51:10-05:00,PUR_IED_ClemenciaC_Ext_1b411a,PUR_IED_ClemenciaC_Ext_1b411a,,,,,
2026-09-12T01:51:10-05:00,PUR_IED_ClemenciaC_Quimic_44b5fc,PUR_IED_ClemenciaC_Quimic_44b5fc,,,,,
2026-09-12T01:51:10-05:00,PUR_IED_ColViva_1101_S25_7f520a,PUR_IED_ColViva_1101_S25_7f520a,,,,,
2026-09-12T01:51:10-05:00,PUR_IED_ColViva_1102_S16_f570ba,PUR_IED_ColViva_1102_S16_f570ba,,,,,
2026-09-12T01:51:10-05:00,PUR_IED_ColViva_Ext_1a26fa,PUR_IED_ColViva_Ext_1a26fa,,,,,
2026-09-12T01:51:10-05:00,PUR_IED_ColegioBici_Asist_7c8798,PUR_IED_ColegioBici_Asist_7c8798,,,,,
2026-09-12T01:51:10-05:00,PUR_IED_ColegioBici_Ext_25cbf6,PUR_IED_ColegioBici_Ext_25cbf6,,,,,
2026-09-12T01:51:10-05:00,PUR_IED_ColegioBici_LabQ_7b57db,PUR_IED_ColegioBici_LabQ_7b57db,,,,,
2026-09-12T01:51:10-05:00,PUR_IED_CostaRica_Ext_5e640,PUR_IED_CostaRica_Ext_5e640,,,,,
2026-09-12T01:51:10-05:00,PUR_IED_CostaRica_Quim1_766d1c,PUR_IED_CostaRica_Quim1_766d1c,,,,,
2026-09-12T01:51:10-05:00,PUR_IED_CostaRica__Fisica_6f0873,PUR_IED_CostaRica__Fisica_6f0873,,,,,
2026-09-12T01:51:10-05:00,PUR_IED_CulPopu_301A_f660f3,PUR_IED_CulPopu_301A_f660f3,,,,,
2026-09-12T01:51:10-05:00,PUR_IED_CulPopu_303_568afe,PUR_IED_CulPopu_303_568afe,,,,,
2026-09-12T01:51:10-05:00,PUR_IED_CulPopu_Ext_e02ccb,PUR_IED_CulPopu_Ext_e02ccb,,,,,
2026-09-12T01:51:10-05:00,PUR_IED_Cundinamarca_Ext_f15985,PUR_IED_Cundinamarca_Ext_f15985,,,,,
2026-09-12T01:51:10-05:00,PUR_IED_Cundinamarca_Info_7aa5d7,PUR_IED_Cundinamarca_Info_7aa5d7,,,,,
2026-09-12T01:51:10-05:00,PUR_IED_Cundinamarca_Tec2_f449c7,PUR_IED_Cundinamarca_Tec2_f449c7,,,,,
2026-09-12T01:51:10-05:00,PUR_IED_DiegoM_Aula1_27b314,PUR_IED_DiegoM_Aula1_27b314,,,,,
2026-09-12T01:51:10-05:00,PUR_IED_DiegoM_Ext_d80ac8,PUR_IED_DiegoM_Ext_d80ac8,,,,,
2026-09-12T01:51:10-05:00,PUR_IED_DiegoM_S25_da928f,PUR_IED_DiegoM_S25_da928f,,,,,
2026-09-12T01:51:10-05:00,PUR_IED_ELRODEO_360881,PUR_IED_ELRODEO_360881,,,,,
2026-09-12T01:51:10-05:00,PUR_IED_ELRODEO_ext_360881,PUR_IED_ELRODEO_ext_360881,,,,,
2026-09-12T01:51:10-05:00,PUR_IED_EduardoU_Ext_1c1969,PUR_IED_EduardoU_Ext_1c1969,,,,,
2026-09-12T01:51:10-05:00,PUR_IED_EduardoU_SCiencia_4dfb94,PUR_IED_EduardoU_SCiencia_4dfb94,,,,,
2026-09-12T01:51:10-05:00,PUR_IED_EduardoU_SQuimica_5a46e7,PUR_IED_EduardoU_SQuimica_5a46e7,,,,,
2026-09-12T01:51:10-05:00,PUR_IED_ElRodeo_Aula14_676984,PUR_IED_ElRodeo_Aula14_676984,,,,,
2026-09-12T01:51:10-05:00,PUR_IED_ElRodeo_Aula16_2dd35b,PUR_IED_ElRodeo_Aula16_2dd35b,,,,,
2026-09-12T01:51:10-05:00,PUR_IED_ElRodeo_Ext_360881,PUR_IED_ElRodeo_Ext_360881,,,,,
2026-09-12T01:51:10-05:00,PUR_IED_ElRodeo_Exterior_8c6d28,PUR_IED_ElRodeo_Exterior_8c6d28,,,,,
2026-09-12T01:51:10-05:00,PUR_IED_ElRodeo_ext_360881,PUR_IED_ElRodeo_ext_360881,,,,,
2026-09-12T01:51:10-05:00,PUR_IED_EmmaReyes_Ext_987625,PUR_IED_EmmaReyes_Ext_987625,14,21,53,4.6367,-74.1511
2026-09-12T01:51:10-05:00,PUR_IED_Ensueño_Ext_7f0250,PUR_IED_Ensueño_Ext_7f0250,,,,,
2026-09-12T01:51:10-05:00,PUR_IED_EscNormal_Ext_5fef3b,PUR_IED_EscNormal_Ext_5fef3b,3,18,61,4.5852,-74.096901
2026-09-12T01:51:10-05:00,PUR_IED_EscNormal_S309_5b263,PUR_IED_EscNormal_S309_5b263,,,,,
2026-09-12T01:51:10-05:00,PUR_IED_EscNormal_S310_27b3b8,PUR_IED_EscNormal_S310_27b3b8,,,,,
2026-09-12T01:51:10-05:00,PUR_IED_Evangelista_Conta_f6cd4f,PUR_IED_Evangelista_Conta_f6cd4f,,,,,
2026-09-12T01:51:10-05:00,PUR_IED_Evangelista_Cri_5e16a,PUR_IED_Evangelista_Cri_5e16a,,,,,
2026-09-12T01:51:10-05:00,PUR_IED_Evangelista_Exter_754066,PUR_IED_Evangelista_Exter_754066,,,,,
2026-09-12T01:51:10-05:00,PUR_IED_FMiranda_S209_5cc2a3,PUR_IED_FMiranda_S209_5cc2a3,,,,,
2026-09-12T01:51:10-05:00,PUR_IED_FMiranda_S303_19e344,PUR_IED_FMiranda_S303_19e344,,,,,
2026-09-12T01:51:10-05:00,PUR_IED_FMiranda_ext_f53e7c,PUR_IED_FMiranda_ext_f53e7c,,,,,
2026-09-12T01:51:10-05:00,PUR_IED_FabioLozano_Bibli_1cee05,PUR_IED_FabioLozano_Bibli_1cee05,,,,,
2026-09-12T01:51:10-05:00,PUR_IED_FabioLozano_Ext_6ea285,PUR_IED_FabioLozano_Ext_6ea285,,,,,
2026-09-12T01:51:10-05:00,PUR_IED_FabioLozano_SLudi_f09e1e,PUR_IED_FabioLozano_SLudi_f09e1e,,,,,
2026-09-12T01:51:10-05:00,PUR_IED_FaustinoS_Aula07_27a731,PUR_IED_FaustinoS_Aula07_27a731,,,,,
2026-09-12T01:51:10-05:00,PUR_IED_FaustinoS_Ext_7b936f,PUR_IED_FaustinoS_Ext_7b936f,,,,,
2026-09-12T01:51:10-05:00,PUR_IED_FaustinoS_Fisica_da2c60,PUR_IED_FaustinoS_Fisica_da2c60,,,,,
2026-09-12T01:51:10-05:00,PUR_IED_FeGarciaLo_Ext_dc68ee,PUR_IED_FeGarciaLo_Ext_dc68ee,,,,,
2026-09-12T01:51:10-05:00,PUR_IED_FeGarciaLo_SDanza_f70a59,PUR_IED_FeGarciaLo_SDanza_f70a59,,,,,
2026-09-12T01:51:10-05:00,PUR_IED_FeGarciaLo_SMusic_125cdd,PUR_IED_FeGarciaLo_SMusic_125cdd,,,,,
2026-09-12T01:51:10-05:00,PUR_IED_FederalAlema_Exte_50c345,PUR_IED_FederalAlema_Exte_50c345,,,,,
2026-09-12T01:51:10-05:00,PUR_IED_FederalAlema_S31_f18371,PUR_IED_FederalAlema_S31_f18371,,,,,
2026-09-12T01:51:10-05:00,PUR_IED_FederalAlema_S901_a62cd,PUR_IED_FederalAlema_S901_a62cd,,,,,
2026-09-12T01:51:10-05:00,PUR_IED_FilarmonicaS_A5_f35eb1,PUR_IED_FilarmonicaS_A5_f35eb1,,,,,
2026-09-12T01:51:10-05:00,PUR_IED_FilarmonicaS_Ext_8a3bde,PUR_IED_FilarmonicaS_Ext_8a3bde,,,,,
2026-09-12T01:51:10-05:00,PUR_IED_FilarmonicaS_Spol_406114,PUR_IED_FilarmonicaS_Spol_406114,,,,,
2026-09-12T01:51:10-05:00,PUR_IED_FlorentinoG_A13_d1fa59,PUR_IED_FlorentinoG_A13_d1fa59,,,,,
2026-09-12T01:51:10-05:00,PUR_IED_FlorentinoG_Ext_1ce6ce,PUR_IED_FlorentinoG_Ext_1ce6ce,,,,,
2026-09-12T01:51:10-05:00,PUR_IED_FlorentinoG_Idiom_a66aac,PUR_IED_FlorentinoG_Idiom_a66aac,,,,,
2026-09-12T01:51:10-05:00,PUR_IED_FranciscoMati_Ext_e3869d,PUR_IED_FranciscoMati_Ext_e3869d,,,,,
2026-09-12T01:51:10-05:00,PUR_IED_FranciscoMati_S13_f31c67,PUR_IED_FranciscoMati_S13_f31c67,,,,,
2026-09-12T01:51:10-05:00,PUR_IED_FranciscoMati_S14_97dead,PUR_IED_FranciscoMati_S14_97dead,,,,,
2026-09-12T01:51:10-05:00,PUR_IED_FranciscoPS_Ext_7bfa9a,PUR_IED_FranciscoPS_Ext_7bfa9a,3,20,57,4.5899,-74.110397
2026-09-12T01:51:10-05:00,PUR_IED_FranciscoPS_Infor_fb8f4c,PUR_IED_FranciscoPS_Infor_fb8f4c,,,,,
2026-09-12T01:51:10-05:00,PUR_IED_FranciscoPS_Quimi_94d39c,PUR_IED_FranciscoPS_Quimi_94d39c,,,,,
2026-09-12T01:51:10-05:00,PUR_IED_FranciscoP_LabQ_d7e148,PUR_IED_FranciscoP_LabQ_d7e148,,,,,
2026-09-12T01:51:10-05:00,PUR_IED_FranciscoP_S28_cf9b30,PUR_IED_FranciscoP_S28_cf9b30,,,,,
2026-09-12T01:51:10-05:00,PUR_IED_FranciscoP_ext_e2313,PUR_IED_FranciscoP_ext_e2313,,,,,
2026-09-12T01:51:10-05:00,PUR_IED_FriederichN_Ext_8ac92a,PUR_IED_FriederichN_Ext_8ac92a,,,,,
2026-09-12T01:51:10-05:00,PUR_IED_FriederichN_S301_dd7e5a,PUR_IED_FriederichN_S301_dd7e5a,,,,,
2026-09-12T01:51:10-05:00,PUR_IED_FriederichN_S308_761f4f,PUR_IED_FriederichN_S308_761f4f,,,,,
2026-09-12T01:51:10-05:00,PUR_IED_GSantander_Aula10_533dd7,PUR_IED_GSantander_Aula10_533dd7,,,,,
2026-09-12T01:51:10-05:00,PUR_IED_GSantander_Aula12_fd4e4f,PUR_IED_GSantander_Aula12_fd4e4f,,,,,
2026-09-12T01:51:10-05:00,PUR_IED_GSantander_Aula310_533dd7,PUR_IED_GSantander_Aula310_533dd7,,,,,
2026-09-12T01:51:10-05:00,PUR_IED_GSantander_Aula312_fd4e4f,PUR_IED_GSantander_Aula312_fd4e4f,,,,,
2026-09-12T01:51:10-05:00,PUR_IED_GSantander_Ext_5f66b0,PUR_IED_GSantander_Ext_5f66b0,,,,,
2026-09-12T01:51:10-05:00,PUR_IED_GYomasa_Ext_f6bea5,PUR_IED_GYomasa_Ext_f6bea5,,,,,
2026-09-12T01:51:10-05:00,PUR_IED_GYomasa_LBiol_2c41aa,PUR_IED_GYomasa_LBiol_2c41aa,,,,,
2026-09-12T01:51:10-05:00,PUR_IED_GYomasa_LQuim_33c80,PUR_IED_GYomasa_LQuim_33c80,,,,,
2026-09-12T01:51:10-05:00,PUR_IED_GabBetMejia_Cienc_5a99c,PUR_IED_GabBetMejia_Cienc_5a99c,,,,,
2026-09-12T01:51:10-05:00,PUR_IED_GabBetMejia_Ext_9153d0,PUR_IED_GabBetMejia_Ext_9153d0,,,,,
2026-09-12T01:51:10-05:00,PUR_IED_GabBetMejia_Lab_f55347,PUR_IED_GabBetMejia_Lab_f55347,,,,,
2026-09-12T01:51:10-05:00,PUR_IED_GabBetanMejia_Ext_9153d0,PUR_IED_GabBetanMejia_Ext_9153d0,,,,,
2026-09-12T01:51:10-05:00,PUR_IED_Gaitana_Aula13_7aac11,PUR_IED_Gaitana_Aula13_7aac11,,,,,
2026-09-12T01:51:10-05:00,PUR_IED_Gaitana_Ext_5fcf4,PUR_IED_Gaitana_Ext_5fcf4,,,,,
2026-09-12T01:51:10-05:00,PUR_IED_Gaitana_LabFisica_644448,PUR_IED_Gaitana_LabFisica_644448,,,,,
2026-09-12T01:51:10-05:00,PUR_IED_GenSantander_Dise_8ac858,PUR_IED_GenSantander_Dise_8ac858,,,,,
2026-09-12T01:51:10-05:00,PUR_IED_GenSantander_Ext_8d5dfe,PUR_IED_GenSantander_Ext_8d5dfe,,,,,
2026-09-12T01:51:10-05:00,PUR_IED_GenSantander_Info_6c25b,PUR_IED_GenSantander_Info_6c25b,,,,,
2026-09-12T01:51:10-05:00,PUR_IED_GustavoMo_Exterio_75e63d,PUR_IED_GustavoMo_Exterio_75e63d,,,,,
2026-09-12T01:51:10-05:00,PUR_IED_GustavoMo_LabFisi_224d37,PUR_IED_GustavoMo_LabFisi_224d37,,,,,
2026-09-12T01:51:10-05:00,PUR_IED_GustavoMo_S208_3e6918,PUR_IED_GustavoMo_S208_3e6918,,,,,
2026-09-12T01:51:10-05:00,PUR_IED_GustavoR_A02_8cd4a8,PUR_IED_GustavoR_A02_8cd4a8,,,,,
2026-09-12T01:51:10-05:00,PUR_IED_GustavoR_B11_5b0ed,PUR_IED_GustavoR_B11_5b0ed,,,,,
2026-09-12T01:51:10-05:00,PUR_IED_GustavoR_Ext_7a0c90,PUR_IED_GustavoR_Ext_7a0c90,,,,,
2026-09-12T01:51:10-05:00,PUR_IED_HernandoDuran_Ext_8cd82b,PUR_IED_HernandoDuran_Ext_8cd82b,,,,,
2026-09-12T01:51:10-05:00,PUR_IED_HernandoDuran_S24_2772c6,PUR_IED_HernandoDuran_S24_2772c6,,,,,
2026-09-12T01:51:10-05:00,PUR_IED_HernandoDuran_S30_f2de41,PUR_IED_HernandoDuran_S30_f2de41,,,,,
2026-09-12T01:51:10-05:00,PUR_IED_HolguInUr_S1101_8cd732,PUR_IED_HolguInUr_S1101_8cd732,,,,,
2026-09-12T01:51:10-05:00,PUR_IED_HolguinUr_Exter_ddae6d,PUR_IED_HolguinUr_Exter_ddae6d,,,,,
2026-09-12T01:51:10-05:00,PUR_IED_HolguinUr_LabQuim_92b952,PUR_IED_HolguinUr_LabQuim_92b952,,,,,
2026-09-12T01:51:10-05:00,PUR_IED_Isabel-II_Ext_5245cc,PUR_IED_Isabel-II_Ext_5245cc,12,18,60,4.6336,-74.153
2026-09-12T01:51:10-05:00,PUR_IED_Isabel-II_S_idiom_1c29aa,PUR_IED_Isabel-II_S_idiom_1c29aa,,,,,
2026-09-12T01:51:10-05:00,PUR_IED_Isabel-II_S_infor_fd741,PUR_IED_Isabel-II_S_infor_fd741,,,,,
2026-09-12T01:51:10-05:00,PUR_IED_IsidroSur_Exterio_5b90ea,PUR_IED_IsidroSur_Exterio_5b90ea,,,,,
2026-09-12T01:51:10-05:00,PUR_IED_IsidroSur_LabTec_56697a,PUR_IED_IsidroSur_LabTec_56697a,,,,,
2026-09-12T01:51:10-05:00,PUR_IED_IsidroSur_Robotic_b7c38f,PUR_IED_IsidroSur_Robotic_b7c38f,,,,,
2026-09-12T01:51:10-05:00,PUR_IED_IsmaelPerd_Ext_7b6672,PUR_IED_IsmaelPerd_Ext_7b6672,,,,,
2026-09-12T01:51:10-05:00,PUR_IED_IsmaelPerd_Inform_306540,PUR_IED_IsmaelPerd_Inform_306540,,,,,
2026-09-12T01:51:10-05:00,PUR_IED_IsmaelPerd_S30_2e2c83,PUR_IED_IsmaelPerd_S30_2e2c83,,,,,
2026-09-12T01:51:10-05:00,PUR_IED_JLozano_Exter_432910,PUR_IED_JLozano_Exter_432910,,,,,
2026-09-12T01:51:10-05:00,PUR_IED_JLozano_salaMulti_df5125,PUR_IED_JLozano_salaMulti_df5125,,,,,
2026-09-12T01:51:10-05:00,PUR_IED_JMCordoba_206_86f80b,PUR_IED_JMCordoba_206_86f80b,,,,,
2026-09-12T01:51:10-05:00,PUR_IED_JMCordoba_Ext_27ad97,PUR_IED_JMCordoba_Ext_27ad97,,,,,
2026-09-12T01:51:10-05:00,PUR_IED_JMCordoba_S310_d59ab4,PUR_IED_JMCordoba_S310_d59ab4,,,,,
2026-09-12T01:51:10-05:00,PUR_IED_Japon_Ext_549100,PUR_IED_Japon_Ext_549100,,,,,
2026-09-12T01:51:10-05:00,PUR_IED_Japon_Laboratorio_bec51d,PUR_IED_Japon_Laboratorio_bec51d,,,,,
2026-09-12T01:51:10-05:00,PUR_IED_Japon_informatica_d99327,PUR_IED_Japon_informatica_d99327,,,,,
2026-09-12T01:51:10-05:00,PUR_IED_Jazmin_Ext_d27bda,PUR_IED_Jazmin_Ext_d27bda,,,,,
2026-09-12T01:51:10-05:00,PUR_IED_Jazmin_Fisica_8d14d7,PUR_IED_Jazmin_Fisica_8d14d7,,,,,
2026-09-12T01:51:10-05:00,PUR_IED_Jazmin_Quimica_801cb5,PUR_IED_Jazmin_Quimica_801cb5,,,,,
2026-09-12T01:51:10-05:00,PUR_IED_JorgeGaitan_Exter_f098d1,PUR_IED_JorgeGaitan_Exter_f098d1,,,,,
2026-09-12T01:51:10-05:00,PUR_IED_JorgeGaitan_STec1_dc9d1d,PUR_IED_JorgeGaitan_STec1_dc9d1d,,,,,
2026-09-12T01:51:10-05:00,PUR_IED_JorgeGaitan_STec2_281e69,PUR_IED_JorgeGaitan_STec2_281e69,,,,,
2026-09-12T01:51:10-05:00,PUR_IED_JorgeSoto_Exterio_d9d0a2,PUR_IED_JorgeSoto_Exterio_d9d0a2,,,,,
2026-09-12T01:51:10-05:00,PUR_IED_JorgeSoto_LabFisi_209c54,PUR_IED_JorgeSoto_LabFisi_209c54,,,,,
2026-09-12T01:51:10-05:00,PUR_IED_JorgeSoto_S103_27b51a,PUR_IED_JorgeSoto_S103_27b51a,,,,,
2026-09-12T01:51:10-05:00,PUR_IED_JoseAcevedo_A02_e965eb,PUR_IED_JoseAcevedo_A02_e965eb,,,,,
2026-09-12T01:51:10-05:00,PUR_IED_JoseAcevedo_A07_dd5b4,PUR_IED_JoseAcevedo_A07_dd5b4,,,,,
2026-09-12T01:51:10-05:00,PUR_IED_JoseAcevedo_Ext_b47484,PUR_IED_JoseAcevedo_Ext_b47484,,,,,
2026-09-12T01:51:10-05:00,PUR_IED_JoseMarti_Exte_5b9bf,PUR_IED_JoseMarti_Exte_5b9bf,,,,,
2026-09-12T01:51:10-05:00,PUR_IED_JoseMarti_LabQuim_1c6c2d,PUR_IED_JoseMarti_LabQuim_1c6c2d,,,,,
2026-09-12T01:51:10-05:00,PUR_IED_JoseMarti_S_info_f5f177,PUR_IED_JoseMarti_S_info_f5f177,,,,,
2026-09-12T01:51:10-05:00,PUR_IED_Josejoaquin_Ext_dfc5dc,PUR_IED_Josejoaquin_Ext_dfc5dc,,,,,
2026-09-12T01:51:10-05:00,PUR_IED_Josejoaquin_S05_5b2a96,PUR_IED_Josejoaquin_S05_5b2a96,,,,,
2026-09-12T01:51:10-05:00,PUR_IED_Josejoaquin_S06_1ce7d2,PUR_IED_Josejoaquin_S06_1ce7d2,,,,,
2026-09-12T01:51:10-05:00,PUR_IED_JulioFlorez_Danza_9b82dd,PUR_IED_JulioFlorez_Danza_9b82dd,,,,,
2026-09-12T01:51:10-05:00,PUR_IED_JulioFlorez_Exter_f9f314,PUR_IED_JulioFlorez_Exter_f9f314,,,,,
2026-09-12T01:51:10-05:00,PUR_IED_JulioFlorez_info2_6b6e08,PUR_IED_JulioFlorez_info2_6b6e08,,,,,
2026-09-12T01:51:10-05:00,PUR_IED_LaBelleza_Aula13_1d00d8,PUR_IED_LaBelleza_Aula13_1d00d8,,,,,
2026-09-12T01:51:10-05:00,PUR_IED_LaBelleza_Ext_7bc08c,PUR_IED_LaBelleza_Ext_7bc08c,,,,,
2026-09-12T01:51:10-05:00,PUR_IED_LaChucua_Ext_8cd6d2,PUR_IED_LaChucua_Ext_8cd6d2,,,,,
2026-09-12T01:51:10-05:00,PUR_IED_LaChucua_S15_f578ce,PUR_IED_LaChucua_S15_f578ce,,,,,
2026-09-12T01:51:10-05:00,PUR_IED_LaChucua_S16_eebcf9,PUR_IED_LaChucua_S16_eebcf9,,,,,
2026-09-12T01:51:10-05:00,PUR_IED_LaFelicidad_Ext_fb5109,PUR_IED_LaFelicidad_Ext_fb5109,,,,,
2026-09-12T01:51:10-05:00,PUR_IED_LaMerced_206_66ebd,PUR_IED_LaMerced_206_66ebd,,,,,
2026-09-12T01:51:10-05:00,PUR_IED_LaMerced_207_6ebd6,PUR_IED_LaMerced_207_6ebd6,,,,,
2026-09-12T01:51:10-05:00,PUR_IED_LaMerced_ext_304311,PUR_IED_LaMerced_ext_304311,,,,,
2026-09-12T01:51:10-05:00,PUR_IED_Laureano_CiencNat_281e5e,PUR_IED_Laureano_CiencNat_281e5e,,,,,
2026-09-12T01:51:10-05:00,PUR_IED_Laureano_Comedor_f65c0a,PUR_IED_Laureano_Comedor_f65c0a,,,,,
2026-09-12T01:51:10-05:00,PUR_IED_Laureano_Exterior_7ab011,PUR_IED_Laureano_Exterior_7ab011,,,,,
2026-09-12T01:51:10-05:00,PUR_IED_LeonGreiff_Exte_dfe560,PUR_IED_LeonGreiff_Exte_dfe560,,,,,
2026-09-12T01:51:10-05:00,PUR_IED_LeonGreiff_S210_f264ed,PUR_IED_LeonGreiff_S210_f264ed,,,,,
2026-09-12T01:51:10-05:00,PUR_IED_LeonGreiff_SQuimi_e8296f,PUR_IED_LeonGreiff_SQuimi_e8296f,,,,,
2026-09-12T01:51:10-05:00,PUR_IED_LlanoOrientalS208_7b9fcd,PUR_IED_LlanoOrientalS208_7b9fcd,,,,,
2026-09-12T01:51:10-05:00,PUR_IED_LlanoOriental_Ext_fb3766,PUR_IED_LlanoOriental_Ext_fb3766,,,,,
2026-09-12T01:51:10-05:00,PUR_IED_LlanoOriental_S208_7b9fcd,PUR_IED_LlanoOriental_S208_7b9fcd,,,,,
2026-09-12T01:51:10-05:00,PUR_IED_LlanoOriental_S9_27b378,PUR_IED_LlanoOriental_S9_27b378,,,,,
2026-09-12T01:51:10-05:00,PUR_IED_LosTejares_1101_477602,PUR_IED_LosTejares_1101_477602,,,,,
2026-09-12T01:51:10-05:00,PUR_IED_LosTejares_11_d2c595,PUR_IED_LosTejares_11_d2c595,,,,,
2026-09-12T01:51:10-05:00,PUR_IED_LosTejares_12_477602,PUR_IED_LosTejares_12_477602,,,,,
2026-09-12T01:51:10-05:00,PUR_IED_LosTejares_Ext_8e2115,PUR_IED_LosTejares_Ext_8e2115,,,,,
2026-09-12T01:51:10-05:00,PUR_IED_MagdalenaO_B202_5ddda3,PUR_IED_MagdalenaO_B202_5ddda3,,,,,
2026-09-12T01:51:10-05:00,PUR_IED_MagdalenaO_B205_fb76e8,PUR_IED_MagdalenaO_B205_fb76e8,,,,,
2026-09-12T01:51:10-05:00,PUR_IED_MagdalenaO_ext_dc69cd,PUR_IED_MagdalenaO_ext_dc69cd,,,,,
2026-09-12T01:51:10-05:00,PUR_IED_ManueCepeda_artes_eee956,PUR_IED_ManueCepeda_artes_eee956,,,,,
2026-09-12T01:51:10-05:00,PUR_IED_ManuelCepeda_Ext_58313,PUR_IED_ManuelCepeda_Ext_58313,,,,,
2026-09-12T01:51:10-05:00,PUR_IED_ManuelCepeda_tec_1c5731,PUR_IED_ManuelCepeda_tec_1c5731,,,,,
2026-09-12T01:51:10-05:00,PUR_IED_ManuelS_Exterior_5b269,PUR_IED_ManuelS_Exterior_5b269,,,,,
2026-09-12T01:51:10-05:00,PUR_IED_ManuelS_Inform_f369ce,PUR_IED_ManuelS_Inform_f369ce,,,,,
2026-09-12T01:51:10-05:00,PUR_IED_ManuelS_SArtes_7d15f1,PUR_IED_ManuelS_SArtes_7d15f1,,,,,
2026-09-12T01:51:10-05:00,PUR_IED_ManuelZapata_303_3ca6,PUR_IED_ManuelZapata_303_3ca6,,,,,
2026-09-12T01:51:10-05:00,PUR_IED_ManuelZapata_311_bfbabc,PUR_IED_ManuelZapata_311_bfbabc,,,,,
2026-09-12T01:51:10-05:00,PUR_IED_ManuelZapata_Ext_50824a,PUR_IED_ManuelZapata_Ext_50824a,,,,,
2026-09-12T01:51:10-05:00,PUR_IED_ManuelitaS_Exteri_656a92,PUR_IED_ManuelitaS_Exteri_656a92,,,,,
2026-09-12T01:51:10-05:00,PUR_IED_ManuelitaS_JuzgDe_f58ec3,PUR_IED_ManuelitaS_JuzgDe_f58ec3,,,,,
2026-09-12T01:51:10-05:00,PUR_IED_ManuelitaS_Recrea_d793db,PUR_IED_ManuelitaS_Recrea_d793db,,,,,
2026-09-12T01:51:10-05:00,PUR_IED_MarFidSuarez_Ext_c27b19,PUR_IED_MarFidSuarez_Ext_c27b19,,,,,
2026-09-12T01:51:10-05:00,PUR_IED_MarFidSuarez_Info_e384d7,PUR_IED_MarFidSuarez_Info_e384d7,,,,,
2026-09-12T01:51:10-05:00,PUR_IED_MarFidSuarez_S306_1d0032,PUR_IED_MarFidSuarez_S306_1d0032,,,,,
2026-09-12T01:51:10-05:00,PUR_IED_Menorah_301_2a25a3,PUR_IED_Menorah_301_2a25a3,,,,,
2026-09-12T01:51:10-05:00,PUR_IED_Menorah_306_37ed3,PUR_IED_Menorah_306_37ed3,,,,,
2026-09-12T01:51:10-05:00,PUR_IED_Menorah_Ext_3e155b,PUR_IED_Menorah_Ext_3e155b,,,,,
2026-09-12T01:51:10-05:00,PUR_IED_MinutoB.Aires_A11_1b1604,PUR_IED_MinutoB.Aires_A11_1b1604,,,,,
2026-09-12T01:51:10-05:00,PUR_IED_MinutoB.Aires_A12_fb5860,PUR_IED_MinutoB.Aires_A12_fb5860,,,,,
2026-09-12T01:51:10-05:00,PUR_IED_MinutoB.Aires_Ext_81293f,PUR_IED_MinutoB.Aires_Ext_81293f,,,,,
2026-09-12T01:51:10-05:00,PUR_IED_MinutoBAires_A11_1b1604,PUR_IED_MinutoBAires_A11_1b1604,,,,,
2026-09-12T01:51:10-05:00,PUR_IED_MinutoBAires_A12_fb5860,PUR_IED_MinutoBAires_A12_fb5860,,,,,
2026-09-12T01:51:10-05:00,PUR_IED_MinutoBAires_Ext_81293f,PUR_IED_MinutoBAires_Ext_81293f,,,,,
2026-09-12T01:51:10-05:00,PUR_IED_Montreal_Aula10_1e4959,PUR_IED_Montreal_Aula10_1e4959,,,,,
2026-09-12T01:51:10-05:00,PUR_IED_Montreal_Aula6_300367,PUR_IED_Montreal_Aula6_300367,,,,,
2026-09-12T01:51:10-05:00,PUR_IED_Montreal_Exterior_91a179,PUR_IED_Montreal_Exterior_91a179,,,,,
2026-09-12T01:51:10-05:00,PUR_IED_Mqgdalena_B202_5ddda3,PUR_IED_Mqgdalena_B202_5ddda3,,,,,
2026-09-12T01:51:10-05:00,PUR_IED_NACUND_Soc_dc8728,PUR_IED_NACUND_Soc_dc8728,,,,,
2026-09-12T01:51:10-05:00,PUR_IED_NACUND_ext_27ad97,PUR_IED_NACUND_ext_27ad97,,,,,
2026-09-12T01:51:10-05:00,PUR_IED_NEsperanza_Ext_d24b61,PUR_IED_NEsperanza_Ext_d24b61,,,,,
2026-09-12T01:51:10-05:00,PUR_IED_NEsperanza_SElect_7d1807,PUR_IED_NEsperanza_SElect_7d1807,,,,,
2026-09-12T01:51:10-05:00,PUR_IED_NEsperanza_SLabor_8b2d0a,PUR_IED_NEsperanza_SLabor_8b2d0a,,,,,
2026-09-12T01:51:10-05:00,PUR_IED_NacionesU_Ext_f661a9,PUR_IED_NacionesU_Ext_f661a9,,,,,
2026-09-12T01:51:10-05:00,PUR_IED_NacionesU_Quimica_66f0a,PUR_IED_NacionesU_Quimica_66f0a,,,,,
2026-09-12T01:51:10-05:00,PUR_IED_NacionesU_S306_1b4b3d,PUR_IED_NacionesU_S306_1b4b3d,,,,,
2026-09-12T01:51:10-05:00,PUR_IED_NestorFA_Ext_e4201c,PUR_IED_NestorFA_Ext_e4201c,,,,,
2026-09-12T01:51:10-05:00,PUR_IED_NestorFA_Laborato_f22fe0,PUR_IED_NestorFA_Laborato_f22fe0,,,,,
2026-09-12T01:51:10-05:00,PUR_IED_NestorFA_S204_dee996,PUR_IED_NestorFA_S204_dee996,,,,,
2026-09-12T01:51:10-05:00,PUR_IED_NidyaQT_Aula03_76999b,PUR_IED_NidyaQT_Aula03_76999b,,,,,
2026-09-12T01:51:10-05:00,PUR_IED_NidyaQT_Aula10_56325,PUR_IED_NidyaQT_Aula10_56325,,,,,
2026-09-12T01:51:10-05:00,PUR_IED_NidyaQT_Ext_46e32d,PUR_IED_NidyaQT_Ext_46e32d,,,,,
2026-09-12T01:51:10-05:00,PUR_IED_NuevaCol_Exterior_d9b859,PUR_IED_NuevaCol_Exterior_d9b859,,,,,
2026-09-12T01:51:10-05:00,PUR_IED_NuevaCol_S1101_76c43b,PUR_IED_NuevaCol_S1101_76c43b,,,,,
2026-09-12T01:51:10-05:00,PUR_IED_NuevaCol_S1102_1ce0b5,PUR_IED_NuevaCol_S1102_1ce0b5,,,,,
2026-09-12T01:51:10-05:00,PUR_IED_OEA_A202_f7e3f2,PUR_IED_OEA_A202_f7e3f2,,,,,
2026-09-12T01:51:10-05:00,PUR_IED_OEA_A203_7d1b8d,PUR_IED_OEA_A203_7d1b8d,,,,,
2026-09-12T01:51:10-05:00,PUR_IED_OEA_Ext_27b593,PUR_IED_OEA_Ext_27b593,,,,,
2026-09-12T01:51:10-05:00,PUR_IED_Ochoa_Ext_1c29da,PUR_IED_Ochoa_Ext_1c29da,,,,,
2026-09-12T01:51:10-05:00,PUR_IED_Ochoa_S205_8b1121,PUR_IED_Ochoa_S205_8b1121,,,,,
2026-09-12T01:51:10-05:00,PUR_IED_Ochoa_Sistemas_f33af6,PUR_IED_Ochoa_Sistemas_f33af6,,,,,
2026-09-12T01:51:10-05:00,PUR_IED_PQuebec_Ext_1c67c7,PUR_IED_PQuebec_Ext_1c67c7,,,,,
2026-09-12T01:51:10-05:00,PUR_IED_PQuebec_S15_23e8e2,PUR_IED_PQuebec_S15_23e8e2,,,,,
2026-09-12T01:51:10-05:00,PUR_IED_PQuebec_S16_8ec76b,PUR_IED_PQuebec_S16_8ec76b,,,,,
2026-09-12T01:51:10-05:00,PUR_IED_PabloN_Ext_49dc96,PUR_IED_PabloN_Ext_49dc96,,,,,
2026-09-12T01:51:10-05:00,PUR_IED_PabloN_S1102_4e3df5,PUR_IED_PabloN_S1102_4e3df5,,,,,
2026-09-12T01:51:10-05:00,PUR_IED_PabloN_S1103_50c94b,PUR_IED_PabloN_S1103_50c94b,,,,,
2026-09-12T01:51:10-05:00,PUR_IED_Palestina_S1101_db9198,PUR_IED_Palestina_S1101_db9198,,,,,
2026-09-12T01:51:10-05:00,PUR_IED_Palestina_S1102_dc54fa,PUR_IED_Palestina_S1102_dc54fa,,,,,
2026-09-12T01:51:10-05:00,PUR_IED_Palestina_ext_4ccce6,PUR_IED_Palestina_ext_4ccce6,,,,,
2026-09-12T01:51:10-05:00,PUR_IED_Panama_Fisica_4d0794,PUR_IED_Panama_Fisica_4d0794,,,,,
2026-09-12T01:51:10-05:00,PUR_IED_Panama_SIngles_a4077e,PUR_IED_Panama_SIngles_a4077e,,,,,
2026-09-12T01:51:10-05:00,PUR_IED_Panama_ext_4c54b4,PUR_IED_Panama_ext_4c54b4,,,,,
2026-09-12T01:51:10-05:00,PUR_IED_ParaisoM_Exterior_8cd7f0,PUR_IED_ParaisoM_Exterior_8cd7f0,,,,,
2026-09-12T01:51:10-05:00,PUR_IED_ParaisoM_Laborato_27af35,PUR_IED_ParaisoM_Laborato_27af35,,,,,
2026-09-12T01:51:10-05:00,PUR_IED_ParaisoM_S304_d1edca,PUR_IED_ParaisoM_S304_d1edca,,,,,
2026-09-12T01:51:10-05:00,PUR_IED_PorfirioBarba_Ext_301466,PUR_IED_PorfirioBarba_Ext_301466,,,,,
2026-09-12T01:51:10-05:00,PUR_IED_PorfirioBarba_S11_df6cd2,PUR_IED_PorfirioBarba_S11_df6cd2,,,,,
2026-09-12T01:51:10-05:00,PUR_IED_PorfirioBarba_S29_27a7d6,PUR_IED_PorfirioBarba_S29_27a7d6,,,,,
2026-09-12T01:51:10-05:00,PUR_IED_PradoV_Exter_8b27ad,PUR_IED_PradoV_Exter_8b27ad,,,,,
2026-09-12T01:51:10-05:00,PUR_IED_PradoV_S301_de65b5,PUR_IED_PradoV_S301_de65b5,,,,,
2026-09-12T01:51:10-05:00,PUR_IED_PradoV_S302_7d2593,PUR_IED_PradoV_S302_7d2593,,,,,
2026-09-12T01:51:10-05:00,PUR_IED_QuirogaAlz_Ext_1ddc82,PUR_IED_QuirogaAlz_Ext_1ddc82,,,,,
2026-09-12T01:51:10-05:00,PUR_IED_QuirogaAlz_S302_9926a3,PUR_IED_QuirogaAlz_S302_9926a3,,,,,
2026-09-12T01:51:10-05:00,PUR_IED_QuirogaAlz_S305_cdf1f1,PUR_IED_QuirogaAlz_S305_cdf1f1,,,,,
2026-09-12T01:51:10-05:00,PUR_IED_RGuatemala_Biling_dc53b7,PUR_IED_RGuatemala_Biling_dc53b7,,,,,
2026-09-12T01:51:10-05:00,PUR_IED_RGuatemala_Ext_1b89a3,PUR_IED_RGuatemala_Ext_1b89a3,,,,,
2026-09-12T01:51:10-05:00,PUR_IED_RGuatemala_Tecnol_281a34,PUR_IED_RGuatemala_Tecnol_281a34,,,,,
2026-09-12T01:51:10-05:00,PUR_IED_RafaNu_Ext_f7c302,PUR_IED_RafaNu_Ext_f7c302,,,,,
2026-09-12T01:51:10-05:00,PUR_IED_RafaNu_S1101_25fde,PUR_IED_RafaNu_S1101_25fde,,,,,
2026-09-12T01:51:10-05:00,PUR_IED_RafaNu_S1102_281517,PUR_IED_RafaNu_S1102_281517,,,,,
2026-09-12T01:51:10-05:00,PUR_IED_RafaelB_S305_ee2783,PUR_IED_RafaelB_S305_ee2783,,,,,
2026-09-12T01:51:10-05:00,PUR_IED_RafaelB_S306_75fe33,PUR_IED_RafaelB_S306_75fe33,,,,,
2026-09-12T01:51:10-05:00,PUR_IED_RafaelB_ext_283336,PUR_IED_RafaelB_ext_283336,4,18,61,4.6722,-74.0737
2026-09-12T01:51:10-05:00,PUR_IED_RafaelUU_Exterior_281a51,PUR_IED_RafaelUU_Exterior_281a51,,,,,
2026-09-12T01:51:10-05:00,PUR_IED_RafaelUU_Human_806b2,PUR_IED_RafaelUU_Human_806b2,,,,,
2026-09-12T01:51:10-05:00,PUR_IED_RafaelUU_Mate2_5680d4,PUR_IED_RafaelUU_Mate2_5680d4,,,,,
2026-09-12T01:51:10-05:00,PUR_IED_RamonSub_Ext_f9eeb9,PUR_IED_RamonSub_Ext_f9eeb9,,,,,
2026-09-12T01:51:10-05:00,PUR_IED_RamonSub_Media_d1f62f,PUR_IED_RamonSub_Media_d1f62f,,,,,
2026-09-12T01:51:10-05:00,PUR_IED_RamonSub_planta_51b82,PUR_IED_RamonSub_planta_51b82,,,,,
2026-09-12T01:51:10-05:00,PUR_IED_RepBoliVene_Exter_27af7c,PUR_IED_RepBoliVene_Exter_27af7c,,,,,
2026-09-12T01:51:10-05:00,PUR_IED_RepBoliVene_SCPT_5ae2ee,PUR_IED_RepBoliVene_SCPT_5ae2ee,,,,,
2026-09-12T01:51:10-05:00,PUR_IED_RepBoliVene_Socia_4b11d5,PUR_IED_RepBoliVene_Socia_4b11d5,,,,,
2026-09-12T01:51:10-05:00,PUR_IED_RepChina_Ext_76d9ee,PUR_IED_RepChina_Ext_76d9ee,,,,,
2026-09-12T01:51:10-05:00,PUR_IED_RepChina_S404_7c804c,PUR_IED_RepChina_S404_7c804c,,,,,
2026-09-12T01:51:10-05:00,PUR_IED_RepChina_S405_df2c33,PUR_IED_RepChina_S405_df2c33,,,,,
2026-09-12T01:51:10-05:00,PUR_IED_RepublicaC_Exteri_7d1ec9,PUR_IED_RepublicaC_Exteri_7d1ec9,,,,,
2026-09-12T01:51:10-05:00,PUR_IED_RepublicaC_S1101_f544b3,PUR_IED_RepublicaC_S1101_f544b3,,,,,
2026-09-12T01:51:10-05:00,PUR_IED_RepublicaC_S1102_7aafc7,PUR_IED_RepublicaC_S1102_7aafc7,,,,,
2026-09-12T01:51:10-05:00,PUR_IED_Ricaurte_Externo_a0ea1,PUR_IED_Ricaurte_Externo_a0ea1,,,,,
2026-09-12T01:51:10-05:00,PUR_IED_Ricaurte_S210_f546fd,PUR_IED_Ricaurte_S210_f546fd,,,,,
2026-09-12T01:51:10-05:00,PUR_IED_Ricaurte_S309_d4452,PUR_IED_Ricaurte_S309_d4452,,,,,
2026-09-12T01:51:10-05:00,PUR_IED_RogelioS_1102_531e69,PUR_IED_RogelioS_1102_531e69,,,,,
2026-09-12T01:51:10-05:00,PUR_IED_RogelioS_Ext_f25a18,PUR_IED_RogelioS_Ext_f25a18,,,,,
2026-09-12T01:51:10-05:00,PUR_IED_SBernardino_Ext_27aff8,PUR_IED_SBernardino_Ext_27aff8,,,,,
2026-09-12T01:51:10-05:00,PUR_IED_SBernardino_SArte_2ffd33,PUR_IED_SBernardino_SArte_2ffd33,,,,,
2026-09-12T01:51:10-05:00,PUR_IED_SBernardino_SIngl_7c7da5,PUR_IED_SBernardino_SIngl_7c7da5,,,,,
2026-09-12T01:51:10-05:00,PUR_IED_Sago_auditorio_dc9d1d,PUR_IED_Sago_auditorio_dc9d1d,,,,,
2026-09-12T01:51:10-05:00,PUR_IED_Saludcoop_Ext_95aac3,PUR_IED_Saludcoop_Ext_95aac3,,,,,
2026-09-12T01:51:10-05:00,PUR_IED_Saludcoop_InfI_90c854,PUR_IED_Saludcoop_InfI_90c854,,,,,
2026-09-12T01:51:10-05:00,PUR_IED_Saludcoop_SMedia_1b93be,PUR_IED_Saludcoop_SMedia_1b93be,,,,,
2026-09-12T01:51:10-05:00,PUR_IED_SanCarlos_1101_1a2360,PUR_IED_SanCarlos_1101_1a2360,,,,,
2026-09-12T01:51:10-05:00,PUR_IED_SanCarlos_1103_7bafb5,PUR_IED_SanCarlos_1103_7bafb5,,,,,
2026-09-12T01:51:10-05:00,PUR_IED_SanCarlos_Ext_b7cd1,PUR_IED_SanCarlos_Ext_b7cd1,,,,,
2026-09-12T01:51:10-05:00,PUR_IED_SanIgnacioBosa11a_50c26e,PUR_IED_SanIgnacioBosa11a_50c26e,,,,,
2026-09-12T01:51:10-05:00,PUR_IED_SanIgnacioBosa11b_371de8,PUR_IED_SanIgnacioBosa11b_371de8,,,,,
2026-09-12T01:51:10-05:00,PUR_IED_SanIgnacioBosaExt_ef0ffc,PUR_IED_SanIgnacioBosaExt_ef0ffc,,,,,
2026-09-12T01:51:10-05:00,PUR_IED_SanIgnacioBosa_11a_50c26e,PUR_IED_SanIgnacioBosa_11a_50c26e,,,,,
2026-09-12T01:51:10-05:00,PUR_IED_SanIgnacioBosa_Ext_ef0ffc,PUR_IED_SanIgnacioBosa_Ext_ef0ffc,,,,,
2026-09-12T01:51:10-05:00,PUR_IED_SanJoseN_intS1101_31c47f,PUR_IED_SanJoseN_intS1101_31c47f,,,,,
2026-09-12T01:51:10-05:00,PUR_IED_SanJoseUsm_Exter_f5d7e8,PUR_IED_SanJoseUsm_Exter_f5d7e8,,,,,
2026-09-12T01:51:10-05:00,PUR_IED_SanJoseUsm_Int11A_cfdef6,PUR_IED_SanJoseUsm_Int11A_cfdef6,,,,,
2026-09-12T01:51:10-05:00,PUR_IED_SilveriaR_IntB5_905349,PUR_IED_SilveriaR_IntB5_905349,,,,,
2026-09-12T01:51:10-05:00,PUR_IED_SilveriaR_IntSD14_981f93,PUR_IED_SilveriaR_IntSD14_981f93,,,,,
2026-09-12T01:51:10-05:00,PUR_IED_SilveriaR_ext_2b651d,PUR_IED_SilveriaR_ext_2b651d,,,,,
2026-09-12T01:51:10-05:00,PUR_IED_SimonB_Exterior_913975,PUR_IED_SimonB_Exterior_913975,,,,,
2026-09-12T01:51:10-05:00,PUR_IED_SimonB_LabQuimi_c56908,PUR_IED_SimonB_LabQuimi_c56908,,,,,
2026-09-12T01:51:10-05:00,PUR_IED_SimonB_informatic_a28c1,PUR_IED_SimonB_informatic_a28c1,,,,,
2026-09-12T01:51:10-05:00,PUR_IED_Sorrento_1102_315f50,PUR_IED_Sorrento_1102_315f50,,,,,
2026-09-12T01:51:10-05:00,PUR_IED_Sorrento_Minte_214eab,PUR_IED_Sorrento_Minte_214eab,,,,,
2026-09-12T01:51:10-05:00,PUR_IED_Sorrento_ext_7c3a0a,PUR_IED_Sorrento_ext_7c3a0a,,,,,
2026-09-12T01:51:10-05:00,PUR_IED_Tabora_Ext_f048ae,PUR_IED_Tabora_Ext_f048ae,,,,,
2026-09-12T01:51:10-05:00,PUR_IED_Tabora_S1102_b07752,PUR_IED_Tabora_S1102_b07752,,,,,
2026-09-12T01:51:10-05:00,PUR_IED_Tabora_S1103_d988f5,PUR_IED_Tabora_S1103_d988f5,,,,,
2026-09-12T01:51:10-05:00,PUR_IED_Tenerife_Ext_1ab188,PUR_IED_Tenerife_Ext_1ab188,,,,,
2026-09-12T01:51:10-05:00,PUR_IED_Tenerife_SDanzas_7bc02e,PUR_IED_Tenerife_SDanzas_7bc02e,,,,,
2026-09-12T01:51:10-05:00,PUR_IED_Tenerife_SIngles_7cc277,PUR_IED_Tenerife_SIngles_7cc277,,,,,
2026-09-12T01:51:10-05:00,PUR_IED_Tibabuyes_Exter_f2683d,PUR_IED_Tibabuyes_Exter_f2683d,,,,,
2026-09-12T01:51:10-05:00,PUR_IED_Tibabuyes_S10_dc87a8,PUR_IED_Tibabuyes_S10_dc87a8,,,,,
2026-09-12T01:51:10-05:00,PUR_IED_Tibabuyes_S15_dc0526,PUR_IED_Tibabuyes_S15_dc0526,,,,,
2026-09-12T01:51:10-05:00,PUR_IED_UnionE_S301_a1043,PUR_IED_UnionE_S301_a1043,,,,,
2026-09-12T01:51:10-05:00,PUR_IED_UnionE_S307_ff6c2f,PUR_IED_UnionE_S307_ff6c2f,,,,,
2026-09-12T01:51:10-05:00,PUR_IED_UnionE__Ext_5e2468,PUR_IED_UnionE__Ext_5e2468,,,,,
2026-09-12T01:51:10-05:00,PUR_IED_VillaRica_Ext_75be7c,PUR_IED_VillaRica_Ext_75be7c,,,,,
2026-09-12T01:51:10-05:00,PUR_IED_VillaRica_S4_cc5dcd,PUR_IED_VillaRica_S4_cc5dcd,,,,,
2026-09-12T01:51:10-05:00,PUR_IED_VillaRica_Sesp_99f5c,PUR_IED_VillaRica_Sesp_99f5c,,,,,
2026-09-12T01:56:08-05:00,PUR_IED_20deJulio_1101_91b1b9,PUR_IED_20deJulio_1101_91b1b9,,,,,
2026-09-12T01:56:08-05:00,PUR_IED_20deJulio_1102_1cfcf9,PUR_IED_20deJulio_1102_1cfcf9,,,,,
2026-09-12T01:56:08-05:00,PUR_IED_20deJulio_Ext_ab60bd,PUR_IED_20deJulio_Ext_ab60bd,,,,,
2026-09-12T01:56:08-05:00,PUR_IED_AgustinFer_Ext_7b9b77,PUR_IED_AgustinFer_Ext_7b9b77,,,,,
2026-09-12T01:56:08-05:00,PUR_IED_AgustinFer_Info2_27b3a7,PUR_IED_AgustinFer_Info2_27b3a7,,,,,
2026-09-12T01:56:08-05:00,PUR_IED_AgustinFer_Sena_54b4eb,PUR_IED_AgustinFer_Sena_54b4eb,,,,,
2026-09-12T01:56:08-05:00,PUR_IED_AlexanderF_1102_caf07b,PUR_IED_AlexanderF_1102_caf07b,,,,,
2026-09-12T01:56:08-05:00,PUR_IED_AlexanderF_1103_c79e71,PUR_IED_AlexanderF_1103_c79e71,,,,,
2026-09-12T01:56:08-05:00,PUR_IED_AlexanderF_Ext_c5b18b,PUR_IED_AlexanderF_Ext_c5b18b,,,,,
2026-09-12T01:56:08-05:00,PUR_IED_AlfonsoLopez_Ext_281d77,PUR_IED_AlfonsoLopez_Ext_281d77,,,,,
2026-09-12T01:56:08-05:00,PUR_IED_AlfonsoLopez_LabF_888ce0,PUR_IED_AlfonsoLopez_LabF_888ce0,,,,,
2026-09-12T01:56:08-05:00,PUR_IED_AlfonsoLopez_SMed_df6a7f,PUR_IED_AlfonsoLopez_SMed_df6a7f,,,,,
2026-09-12T01:56:08-05:00,PUR_IED_AltamiraSO_A2_209f92,PUR_IED_AltamiraSO_A2_209f92,,,,,
2026-09-12T01:56:08-05:00,PUR_IED_AltamiraSO_Ext_186d66,PUR_IED_AltamiraSO_Ext_186d66,,,,,
2026-09-12T01:56:08-05:00,PUR_IED_AltamiraSO_Sistem_27afe1,PUR_IED_AltamiraSO_Sistem_27afe1,,,,,
2026-09-12T01:56:08-05:00,PUR_IED_AlvaroGom_LabQuim_813179,PUR_IED_AlvaroGom_LabQuim_813179,,,,,
2026-09-12T01:56:08-05:00,PUR_IED_AlvaroGomez_Ext_47c7ca,PUR_IED_AlvaroGomez_Ext_47c7ca,,,,,
2026-09-12T01:56:08-05:00,PUR_IED_AlvaroGomez_LabQuim_813179,PUR_IED_AlvaroGomez_LabQuim_813179,,,,,
2026-09-12T01:56:08-05:00,PUR_IED_AlvaroGomez_S23_7ba89f,PUR_IED_AlvaroGomez_S23_7ba89f,,,,,
2026-09-12T01:56:08-05:00,PUR_IED_Amistad_306_dc8728,PUR_IED_Amistad_306_dc8728,,,,,
2026-09-12T01:56:08-05:00,PUR_IED_Amistad_Ext_8cd55e,PUR_IED_Amistad_Ext_8cd55e,,,,,
2026-09-12T01:56:08-05:00,PUR_IED_Amistad_S202_a41169,PUR_IED_Amistad_S202_a41169,,,,,
2026-09-12T01:56:08-05:00,PUR_IED_AndresBello_Bio_fd5f5e,PUR_IED_AndresBello_Bio_fd5f5e,,,,,
2026-09-12T01:56:08-05:00,PUR_IED_AndresBello_ext_dcad65,PUR_IED_AndresBello_ext_dcad65,,,,,
2026-09-12T01:56:08-05:00,PUR_IED_AndresBello_port_eed3ec,PUR_IED_AndresBello_port_eed3ec,,,,,
2026-09-12T01:56:08-05:00,PUR_IED_AngelaR_11b_d90a6b,PUR_IED_AngelaR_11b_d90a6b,,,,,
2026-09-12T01:56:08-05:00,PUR_IED_AngelaR_ext_7cad3e,PUR_IED_AngelaR_ext_7cad3e,13,20,61,4.5825,-74.164497
2026-09-12T01:56:08-05:00,PUR_IED_AntJoseSucre_10mo_df2575,PUR_IED_AntJoseSucre_10mo_df2575,,,,,
2026-09-12T01:56:08-05:00,PUR_IED_AntJoseSucre_Ext_215b36,PUR_IED_AntJoseSucre_Ext_215b36,,,,,
2026-09-12T01:56:08-05:00,PUR_IED_AntJoseSucre_Lab_3139de,PUR_IED_AntJoseSucre_Lab_3139de,,,,,
2026-09-12T01:56:08-05:00,PUR_IED_AntonioGarcia_301_d6b188,PUR_IED_AntonioGarcia_301_d6b188,,,,,
2026-09-12T01:56:08-05:00,PUR_IED_AntonioGarcia_302_88a82,PUR_IED_AntonioGarcia_302_88a82,,,,,
2026-09-12T01:56:08-05:00,PUR_IED_AntonioGarcia_Ext_20950c,PUR_IED_AntonioGarcia_Ext_20950c,,,,,
2026-09-12T01:56:08-05:00,PUR_IED_AntonioVan_Aula2_6dea02,PUR_IED_AntonioVan_Aula2_6dea02,,,,,
2026-09-12T01:56:08-05:00,PUR_IED_AntonioVan_Aula5_f1557e,PUR_IED_AntonioVan_Aula5_f1557e,,,,,
2026-09-12T01:56:08-05:00,PUR_IED_AntonioVan_Ext_406f2f,PUR_IED_AntonioVan_Ext_406f2f,,,,,
2026-09-12T01:56:08-05:00,PUR_IED_Atabanzha_Ext_cc5af9,PUR_IED_Atabanzha_Ext_cc5af9,,,,,
2026-09-12T01:56:08-05:00,PUR_IED_Atabanzha_SA101_56c37,PUR_IED_Atabanzha_SA101_56c37,,,,,
2026-09-12T01:56:08-05:00,PUR_IED_Atabanzha_SB302_27b374,PUR_IED_Atabanzha_SB302_27b374,,,,,
2026-09-12T01:56:08-05:00,PUR_IED_Atahualpa_Ext_fc1748,PUR_IED_Atahualpa_Ext_fc1748,,,,,
2026-09-12T01:56:08-05:00,PUR_IED_Atahualpa_Informa_dc9a95,PUR_IED_Atahualpa_Informa_dc9a95,,,,,
2026-09-12T01:56:08-05:00,PUR_IED_Atahualpa_S1101_f98056,PUR_IED_Atahualpa_S1101_f98056,,,,,
2026-09-12T01:56:08-05:00,PUR_IED_Bellavista_Ext_f5aa74,PUR_IED_Bellavista_Ext_f5aa74,,,,,
2026-09-12T01:56:08-05:00,PUR_IED_Bilbao_11A_916c41,PUR_IED_Bilbao_11A_916c41,,,,,
2026-09-12T01:56:08-05:00,PUR_IED_Bilbao_Ext_fb579a,PUR_IED_Bilbao_Ext_fb579a,,,,,
2026-09-12T01:56:08-05:00,PUR_IED_BrasiliaU_A125_304280,PUR_IED_BrasiliaU_A125_304280,,,,,
2026-09-12T01:56:08-05:00,PUR_IED_BrasiliaU_A203_7c8ca5,PUR_IED_BrasiliaU_A203_7c8ca5,,,,,
2026-09-12T01:56:08-05:00,PUR_IED_BrasiliaU_Ext_8d6e9f,PUR_IED_BrasiliaU_Ext_8d6e9f,3,17,61,4.5175,-74.116302
2026-09-12T01:56:08-05:00,PUR_IED_Brasilia_Ext_fe6593,PUR_IED_Brasilia_Ext_fe6593,,,,,
2026-09-12T01:56:08-05:00,PUR_IED_Brasilia_S24_7c130d,PUR_IED_Brasilia_S24_7c130d,,,,,
2026-09-12T01:56:08-05:00,PUR_IED_Brasilia_S501_186a54,PUR_IED_Brasilia_S501_186a54,,,,,
2026-09-12T01:56:08-05:00,PUR_IED_CHARRY_EXT_f1d5cd,PUR_IED_CHARRY_EXT_f1d5cd,,,,,
2026-09-12T01:56:08-05:00,PUR_IED_CHARRY_INTDANZAS_7a08e6,PUR_IED_CHARRY_INTDANZAS_7a08e6,,,,,
2026-09-12T01:56:08-05:00,PUR_IED_CHARRY_INT_AULA20_dc998d,PUR_IED_CHARRY_INT_AULA20_dc998d,,,,,
2026-09-12T01:56:08-05:00,PUR_IED_COLVIV_1101_S25_7f520a,PUR_IED_COLVIV_1101_S25_7f520a,,,,,
2026-09-12T01:56:08-05:00,PUR_IED_COLVIV_1102_S16_f570ba,PUR_IED_COLVIV_1102_S16_f570ba,,,,,
2026-09-12T01:56:08-05:00,PUR_IED_COLVIV_Ext_1a26fa,PUR_IED_COLVIV_Ext_1a26fa,,,,,
2026-09-12T01:56:08-05:00,PUR_IED_CULPOP_301A_f660f3,PUR_IED_CULPOP_301A_f660f3,,,,,
2026-09-12T01:56:08-05:00,PUR_IED_CULPOP_303_568afe,PUR_IED_CULPOP_303_568afe,,,,,
2026-09-12T01:56:08-05:00,PUR_IED_CULPOP_Ext_e02ccb,PUR_IED_CULPOP_Ext_e02ccb,,,,,
2026-09-12T01:56:08-05:00,PUR_IED_CVillavicen_Ext_26eb58,PUR_IED_CVillavicen_Ext_26eb58,4,15,77,4.487,-74.102798
2026-09-12T01:56:08-05:00,PUR_IED_CVillavicen_Intel_1ce5c2,PUR_IED_CVillavicen_Intel_1ce5c2,,,,,
2026-09-12T01:56:08-05:00,PUR_IED_CVillavicen_Poliv_e0766c,PUR_IED_CVillavicen_Poliv_e0766c,,,,,
2026-09-12T01:56:08-05:00,PUR_IED_CVillavicen_int_1ba140,PUR_IED_CVillavicen_int_1ba140,,,,,
2026-09-12T01:56:08-05:00,PUR_IED_CVillavicen_intel_1ba140,PUR_IED_CVillavicen_intel_1ba140,,,,,
2026-09-12T01:56:08-05:00,PUR_IED_CarlosPizarro_Ext_e307cc,PUR_IED_CarlosPizarro_Ext_e307cc,,,,,
2026-09-12T01:56:08-05:00,PUR_IED_CarlosPizarro_L36_7e5cdb,PUR_IED_CarlosPizarro_L36_7e5cdb,,,,,
2026-09-12T01:56:08-05:00,PUR_IED_CarlosPizarro_L37_c8566c,PUR_IED_CarlosPizarro_L37_c8566c,,,,,
2026-09-12T01:56:08-05:00,PUR_IED_Castilla_Ext_cf35f,PUR_IED_Castilla_Ext_cf35f,,,,,
2026-09-12T01:56:08-05:00,PUR_IED_Castilla_SFisik_360e38,PUR_IED_Castilla_SFisik_360e38,,,,,
2026-09-12T01:56:08-05:00,PUR_IED_Castilla_Sc304_496fbf,PUR_IED_Castilla_Sc304_496fbf,,,,,
2026-09-12T01:56:08-05:00,PUR_IED_CervantesSa_Ext_6b57b,PUR_IED_CervantesSa_Ext_6b57b,2,17,67,4.5128,-74.117203
2026-09-12T01:56:08-05:00,PUR_IED_CervantesSa_S107_225c2b,PUR_IED_CervantesSa_S107_225c2b,,,,,
2026-09-12T01:56:08-05:00,PUR_IED_CervantesSa_S108_940925,PUR_IED_CervantesSa_S108_940925,,,,,
2026-09-12T01:56:08-05:00,PUR_IED_Charry_A20_f53e7c,PUR_IED_Charry_A20_f53e7c,,,,,
2026-09-12T01:56:08-05:00,PUR_IED_Charry_Ext_f1d5cd,PUR_IED_Charry_Ext_f1d5cd,,,,,
2026-09-12T01:56:08-05:00,PUR_IED_Charry_IntAula20_dc998d,PUR_IED_Charry_IntAula20_dc998d,,,,,
2026-09-12T01:56:08-05:00,PUR_IED_Charry_IntDanzas_7a08e6,PUR_IED_Charry_IntDanzas_7a08e6,,,,,
2026-09-12T01:56:08-05:00,PUR_IED_ClememciaC_203_43e2fc,PUR_IED_ClememciaC_203_43e2fc,,,,,
2026-09-12T01:56:08-05:00,PUR_IED_ClememciaC_Ext_1b411a,PUR_IED_ClememciaC_Ext_1b411a,,,,,
2026-09-12T01:56:08-05:00,PUR_IED_ClememciaC_Quimic_44b5fc,PUR_IED_ClememciaC_Quimic_44b5fc,,,,,
2026-09-12T01:56:08-05:00,PUR_IED_ClemenciaC_203_43e2fc,PUR_IED_ClemenciaC_203_43e2fc,,,,,
2026-09-12T01:56:08-05:00,PUR_IED_ClemenciaC_Ext_1b411a,PUR_IED_ClemenciaC_Ext_1b411a,,,,,
2026-09-12T01:56:08-05:00,PUR_IED_ClemenciaC_Quimic_44b5fc,PUR_IED_ClemenciaC_Quimic_44b5fc,,,,,
2026-09-12T01:56:08-05:00,PUR_IED_ColViva_1101_S25_7f520a,PUR_IED_ColViva_1101_S25_7f520a,,,,,
2026-09-12T01:56:08-05:00,PUR_IED_ColViva_1102_S16_f570ba,PUR_IED_ColViva_1102_S16_f570ba,,,,,
2026-09-12T01:56:08-05:00,PUR_IED_ColViva_Ext_1a26fa,PUR_IED_ColViva_Ext_1a26fa,,,,,
2026-09-12T01:56:08-05:00,PUR_IED_ColegioBici_Asist_7c8798,PUR_IED_ColegioBici_Asist_7c8798,,,,,
2026-09-12T01:56:08-05:00,PUR_IED_ColegioBici_Ext_25cbf6,PUR_IED_ColegioBici_Ext_25cbf6,,,,,
2026-09-12T01:56:08-05:00,PUR_IED_ColegioBici_LabQ_7b57db,PUR_IED_ColegioBici_LabQ_7b57db,,,,,
2026-09-12T01:56:08-05:00,PUR_IED_CostaRica_Ext_5e640,PUR_IED_CostaRica_Ext_5e640,,,,,
2026-09-12T01:56:08-05:00,PUR_IED_CostaRica_Quim1_766d1c,PUR_IED_CostaRica_Quim1_766d1c,,,,,
2026-09-12T01:56:08-05:00,PUR_IED_CostaRica__Fisica_6f0873,PUR_IED_CostaRica__Fisica_6f0873,,,,,
2026-09-12T01:56:08-05:00,PUR_IED_CulPopu_301A_f660f3,PUR_IED_CulPopu_301A_f660f3,,,,,
2026-09-12T01:56:08-05:00,PUR_IED_CulPopu_303_568afe,PUR_IED_CulPopu_303_568afe,,,,,
2026-09-12T01:56:08-05:00,PUR_IED_CulPopu_Ext_e02ccb,PUR_IED_CulPopu_Ext_e02ccb,,,,,
2026-09-12T01:56:08-05:00,PUR_IED_Cundinamarca_Ext_f15985,PUR_IED_Cundinamarca_Ext_f15985,,,,,
2026-09-12T01:56:08-05:00,PUR_IED_Cundinamarca_Info_7aa5d7,PUR_IED_Cundinamarca_Info_7aa5d7,,,,,
2026-09-12T01:56:08-05:00,PUR_IED_Cundinamarca_Tec2_f449c7,PUR_IED_Cundinamarca_Tec2_f449c7,,,,,
2026-09-12T01:56:08-05:00,PUR_IED_DiegoM_Aula1_27b314,PUR_IED_DiegoM_Aula1_27b314,,,,,
2026-09-12T01:56:08-05:00,PUR_IED_DiegoM_Ext_d80ac8,PUR_IED_DiegoM_Ext_d80ac8,,,,,
2026-09-12T01:56:08-05:00,PUR_IED_DiegoM_S25_da928f,PUR_IED_DiegoM_S25_da928f,,,,,
2026-09-12T01:56:08-05:00,PUR_IED_ELRODEO_360881,PUR_IED_ELRODEO_360881,,,,,
2026-09-12T01:56:08-05:00,PUR_IED_ELRODEO_ext_360881,PUR_IED_ELRODEO_ext_360881,,,,,
2026-09-12T01:56:08-05:00,PUR_IED_EduardoU_Ext_1c1969,PUR_IED_EduardoU_Ext_1c1969,,,,,
2026-09-12T01:56:08-05:00,PUR_IED_EduardoU_SCiencia_4dfb94,PUR_IED_EduardoU_SCiencia_4dfb94,,,,,
2026-09-12T01:56:08-05:00,PUR_IED_EduardoU_SQuimica_5a46e7,PUR_IED_EduardoU_SQuimica_5a46e7,,,,,
2026-09-12T01:56:08-05:00,PUR_IED_ElRodeo_Aula14_676984,PUR_IED_ElRodeo_Aula14_676984,,,,,
2026-09-12T01:56:08-05:00,PUR_IED_ElRodeo_Aula16_2dd35b,PUR_IED_ElRodeo_Aula16_2dd35b,,,,,
2026-09-12T01:56:08-05:00,PUR_IED_ElRodeo_Ext_360881,PUR_IED_ElRodeo_Ext_360881,,,,,
2026-09-12T01:56:08-05:00,PUR_IED_ElRodeo_Exterior_8c6d28,PUR_IED_ElRodeo_Exterior_8c6d28,,,,,
2026-09-12T01:56:08-05:00,PUR_IED_ElRodeo_ext_360881,PUR_IED_ElRodeo_ext_360881,,,,,
2026-09-12T01:56:08-05:00,PUR_IED_EmmaReyes_Ext_987625,PUR_IED_EmmaReyes_Ext_987625,15,21,53,4.6367,-74.1511
2026-09-12T01:56:08-05:00,PUR_IED_Ensueño_Ext_7f0250,PUR_IED_Ensueño_Ext_7f0250,,,,,
2026-09-12T01:56:08-05:00,PUR_IED_EscNormal_Ext_5fef3b,PUR_IED_EscNormal_Ext_5fef3b,2,18,60,4.5852,-74.096901
2026-09-12T01:56:08-05:00,PUR_IED_EscNormal_S309_5b263,PUR_IED_EscNormal_S309_5b263,,,,,
2026-09-12T01:56:08-05:00,PUR_IED_EscNormal_S310_27b3b8,PUR_IED_EscNormal_S310_27b3b8,,,,,
2026-09-12T01:56:08-05:00,PUR_IED_Evangelista_Conta_f6cd4f,PUR_IED_Evangelista_Conta_f6cd4f,,,,,
2026-09-12T01:56:08-05:00,PUR_IED_Evangelista_Cri_5e16a,PUR_IED_Evangelista_Cri_5e16a,,,,,
2026-09-12T01:56:08-05:00,PUR_IED_Evangelista_Exter_754066,PUR_IED_Evangelista_Exter_754066,,,,,
2026-09-12T01:56:08-05:00,PUR_IED_FMiranda_S209_5cc2a3,PUR_IED_FMiranda_S209_5cc2a3,,,,,
2026-09-12T01:56:08-05:00,PUR_IED_FMiranda_S303_19e344,PUR_IED_FMiranda_S303_19e344,,,,,
2026-09-12T01:56:08-05:00,PUR_IED_FMiranda_ext_f53e7c,PUR_IED_FMiranda_ext_f53e7c,,,,,
2026-09-12T01:56:08-05:00,PUR_IED_FabioLozano_Bibli_1cee05,PUR_IED_FabioLozano_Bibli_1cee05,,,,,
2026-09-12T01:56:08-05:00,PUR_IED_FabioLozano_Ext_6ea285,PUR_IED_FabioLozano_Ext_6ea285,,,,,
2026-09-12T01:56:08-05:00,PUR_IED_FabioLozano_SLudi_f09e1e,PUR_IED_FabioLozano_SLudi_f09e1e,,,,,
2026-09-12T01:56:08-05:00,PUR_IED_FaustinoS_Aula07_27a731,PUR_IED_FaustinoS_Aula07_27a731,,,,,
2026-09-12T01:56:08-05:00,PUR_IED_FaustinoS_Ext_7b936f,PUR_IED_FaustinoS_Ext_7b936f,,,,,
2026-09-12T01:56:08-05:00,PUR_IED_FaustinoS_Fisica_da2c60,PUR_IED_FaustinoS_Fisica_da2c60,,,,,
2026-09-12T01:56:08-05:00,PUR_IED_FeGarciaLo_Ext_dc68ee,PUR_IED_FeGarciaLo_Ext_dc68ee,,,,,
2026-09-12T01:56:08-05:00,PUR_IED_FeGarciaLo_SDanza_f70a59,PUR_IED_FeGarciaLo_SDanza_f70a59,,,,,
2026-09-12T01:56:08-05:00,PUR_IED_FeGarciaLo_SMusic_125cdd,PUR_IED_FeGarciaLo_SMusic_125cdd,,,,,
2026-09-12T01:56:08-05:00,PUR_IED_FederalAlema_Exte_50c345,PUR_IED_FederalAlema_Exte_50c345,,,,,
2026-09-12T01:56:08-05:00,PUR_IED_FederalAlema_S31_f18371,PUR_IED_FederalAlema_S31_f18371,,,,,
2026-09-12T01:56:08-05:00,PUR_IED_FederalAlema_S901_a62cd,PUR_IED_FederalAlema_S901_a62cd,,,,,
2026-09-12T01:56:08-05:00,PUR_IED_FilarmonicaS_A5_f35eb1,PUR_IED_FilarmonicaS_A5_f35eb1,,,,,
2026-09-12T01:56:08-05:00,PUR_IED_FilarmonicaS_Ext_8a3bde,PUR_IED_FilarmonicaS_Ext_8a3bde,,,,,
2026-09-12T01:56:08-05:00,PUR_IED_FilarmonicaS_Spol_406114,PUR_IED_FilarmonicaS_Spol_406114,,,,,
2026-09-12T01:56:08-05:00,PUR_IED_FlorentinoG_A13_d1fa59,PUR_IED_FlorentinoG_A13_d1fa59,,,,,
2026-09-12T01:56:08-05:00,PUR_IED_FlorentinoG_Ext_1ce6ce,PUR_IED_FlorentinoG_Ext_1ce6ce,,,,,
2026-09-12T01:56:08-05:00,PUR_IED_FlorentinoG_Idiom_a66aac,PUR_IED_FlorentinoG_Idiom_a66aac,,,,,
2026-09-12T01:56:08-05:00,PUR_IED_FranciscoMati_Ext_e3869d,PUR_IED_FranciscoMati_Ext_e3869d,,,,,
2026-09-12T01:56:08-05:00,PUR_IED_FranciscoMati_S13_f31c67,PUR_IED_FranciscoMati_S13_f31c67,,,,,
2026-09-12T01:56:08-05:00,PUR_IED_FranciscoMati_S14_97dead,PUR_IED_FranciscoMati_S14_97dead,,,,,
2026-09-12T01:56:08-05:00,PUR_IED_FranciscoPS_Ext_7bfa9a,PUR_IED_FranciscoPS_Ext_7bfa9a,3,20,57,4.5899,-74.110397
2026-09-12T01:56:08-05:00,PUR_IED_FranciscoPS_Infor_fb8f4c,PUR_IED_FranciscoPS_Infor_fb8f4c,,,,,
2026-09-12T01:56:08-05:00,PUR_IED_FranciscoPS_Quimi_94d39c,PUR_IED_FranciscoPS_Quimi_94d39c,,,,,
2026-09-12T01:56:08-05:00,PUR_IED_FranciscoP_LabQ_d7e148,PUR_IED_FranciscoP_LabQ_d7e148,,,,,
2026-09-12T01:56:08-05:00,PUR_IED_FranciscoP_S28_cf9b30,PUR_IED_FranciscoP_S28_cf9b30,,,,,
2026-09-12T01:56:08-05:00,PUR_IED_FranciscoP_ext_e2313,PUR_IED_FranciscoP_ext_e2313,,,,,
2026-09-12T01:56:08-05:00,PUR_IED_FriederichN_Ext_8ac92a,PUR_IED_FriederichN_Ext_8ac92a,,,,,
2026-09-12T01:56:08-05:00,PUR_IED_FriederichN_S301_dd7e5a,PUR_IED_FriederichN_S301_dd7e5a,,,,,
2026-09-12T01:56:08-05:00,PUR_IED_FriederichN_S308_761f4f,PUR_IED_FriederichN_S308_761f4f,,,,,
2026-09-12T01:56:08-05:00,PUR_IED_GSantander_Aula10_533dd7,PUR_IED_GSantander_Aula10_533dd7,,,,,
2026-09-12T01:56:08-05:00,PUR_IED_GSantander_Aula12_fd4e4f,PUR_IED_GSantander_Aula12_fd4e4f,,,,,
2026-09-12T01:56:08-05:00,PUR_IED_GSantander_Aula310_533dd7,PUR_IED_GSantander_Aula310_533dd7,,,,,
2026-09-12T01:56:08-05:00,PUR_IED_GSantander_Aula312_fd4e4f,PUR_IED_GSantander_Aula312_fd4e4f,,,,,
2026-09-12T01:56:08-05:00,PUR_IED_GSantander_Ext_5f66b0,PUR_IED_GSantander_Ext_5f66b0,,,,,
2026-09-12T01:56:08-05:00,PUR_IED_GYomasa_Ext_f6bea5,PUR_IED_GYomasa_Ext_f6bea5,,,,,
2026-09-12T01:56:08-05:00,PUR_IED_GYomasa_LBiol_2c41aa,PUR_IED_GYomasa_LBiol_2c41aa,,,,,
2026-09-12T01:56:08-05:00,PUR_IED_GYomasa_LQuim_33c80,PUR_IED_GYomasa_LQuim_33c80,,,,,
2026-09-12T01:56:08-05:00,PUR_IED_GabBetMejia_Cienc_5a99c,PUR_IED_GabBetMejia_Cienc_5a99c,,,,,
2026-09-12T01:56:08-05:00,PUR_IED_GabBetMejia_Ext_9153d0,PUR_IED_GabBetMejia_Ext_9153d0,,,,,
2026-09-12T01:56:08-05:00,PUR_IED_GabBetMejia_Lab_f55347,PUR_IED_GabBetMejia_Lab_f55347,,,,,
2026-09-12T01:56:08-05:00,PUR_IED_GabBetanMejia_Ext_9153d0,PUR_IED_GabBetanMejia_Ext_9153d0,,,,,
2026-09-12T01:56:08-05:00,PUR_IED_Gaitana_Aula13_7aac11,PUR_IED_Gaitana_Aula13_7aac11,,,,,
2026-09-12T01:56:08-05:00,PUR_IED_Gaitana_Ext_5fcf4,PUR_IED_Gaitana_Ext_5fcf4,,,,,
2026-09-12T01:56:08-05:00,PUR_IED_Gaitana_LabFisica_644448,PUR_IED_Gaitana_LabFisica_644448,,,,,
2026-09-12T01:56:08-05:00,PUR_IED_GenSantander_Dise_8ac858,PUR_IED_GenSantander_Dise_8ac858,,,,,
2026-09-12T01:56:08-05:00,PUR_IED_GenSantander_Ext_8d5dfe,PUR_IED_GenSantander_Ext_8d5dfe,,,,,
2026-09-12T01:56:08-05:00,PUR_IED_GenSantander_Info_6c25b,PUR_IED_GenSantander_Info_6c25b,,,,,
2026-09-12T01:56:08-05:00,PUR_IED_GustavoMo_Exterio_75e63d,PUR_IED_GustavoMo_Exterio_75e63d,,,,,
2026-09-12T01:56:08-05:00,PUR_IED_GustavoMo_LabFisi_224d37,PUR_IED_GustavoMo_LabFisi_224d37,,,,,
2026-09-12T01:56:08-05:00,PUR_IED_GustavoMo_S208_3e6918,PUR_IED_GustavoMo_S208_3e6918,,,,,
2026-09-12T01:56:08-05:00,PUR_IED_GustavoR_A02_8cd4a8,PUR_IED_GustavoR_A02_8cd4a8,,,,,
2026-09-12T01:56:08-05:00,PUR_IED_GustavoR_B11_5b0ed,PUR_IED_GustavoR_B11_5b0ed,,,,,
2026-09-12T01:56:08-05:00,PUR_IED_GustavoR_Ext_7a0c90,PUR_IED_GustavoR_Ext_7a0c90,,,,,
2026-09-12T01:56:08-05:00,PUR_IED_HernandoDuran_Ext_8cd82b,PUR_IED_HernandoDuran_Ext_8cd82b,,,,,
2026-09-12T01:56:08-05:00,PUR_IED_HernandoDuran_S24_2772c6,PUR_IED_HernandoDuran_S24_2772c6,,,,,
2026-09-12T01:56:08-05:00,PUR_IED_HernandoDuran_S30_f2de41,PUR_IED_HernandoDuran_S30_f2de41,,,,,
2026-09-12T01:56:08-05:00,PUR_IED_HolguInUr_S1101_8cd732,PUR_IED_HolguInUr_S1101_8cd732,,,,,
2026-09-12T01:56:08-05:00,PUR_IED_HolguinUr_Exter_ddae6d,PUR_IED_HolguinUr_Exter_ddae6d,,,,,
2026-09-12T01:56:08-05:00,PUR_IED_HolguinUr_LabQuim_92b952,PUR_IED_HolguinUr_LabQuim_92b952,,,,,
2026-09-12T01:56:08-05:00,PUR_IED_Isabel-II_Ext_5245cc,PUR_IED_Isabel-II_Ext_5245cc,16,18,60,4.6336,-74.153
2026-09-12T01:56:08-05:00,PUR_IED_Isabel-II_S_idiom_1c29aa,PUR_IED_Isabel-II_S_idiom_1c29aa,,,,,
2026-09-12T01:56:08-05:00,PUR_IED_Isabel-II_S_infor_fd741,PUR_IED_Isabel-II_S_infor_fd741,,,,,
2026-09-12T01:56:08-05:00,PUR_IED_IsidroSur_Exterio_5b90ea,PUR_IED_IsidroSur_Exterio_5b90ea,,,,,
2026-09-12T01:56:08-05:00,PUR_IED_IsidroSur_LabTec_56697a,PUR_IED_IsidroSur_LabTec_56697a,,,,,
2026-09-12T01:56:08-05:00,PUR_IED_IsidroSur_Robotic_b7c38f,PUR_IED_IsidroSur_Robotic_b7c38f,,,,,
2026-09-12T01:56:08-05:00,PUR_IED_IsmaelPerd_Ext_7b6672,PUR_IED_IsmaelPerd_Ext_7b6672,,,,,
2026-09-12T01:56:08-05:00,PUR_IED_IsmaelPerd_Inform_306540,PUR_IED_IsmaelPerd_Inform_306540,,,,,
2026-09-12T01:56:08-05:00,PUR_IED_IsmaelPerd_S30_2e2c83,PUR_IED_IsmaelPerd_S30_2e2c83,,,,,
2026-09-12T01:56:08-05:00,PUR_IED_JLozano_Exter_432910,PUR_IED_JLozano_Exter_432910,,,,,
2026-09-12T01:56:08-05:00,PUR_IED_JLozano_salaMulti_df5125,PUR_IED_JLozano_salaMulti_df5125,,,,,
2026-09-12T01:56:08-05:00,PUR_IED_JMCordoba_206_86f80b,PUR_IED_JMCordoba_206_86f80b,,,,,
2026-09-12T01:56:08-05:00,PUR_IED_JMCordoba_Ext_27ad97,PUR_IED_JMCordoba_Ext_27ad97,,,,,
2026-09-12T01:56:08-05:00,PUR_IED_JMCordoba_S310_d59ab4,PUR_IED_JMCordoba_S310_d59ab4,,,,,
2026-09-12T01:56:08-05:00,PUR_IED_Japon_Ext_549100,PUR_IED_Japon_Ext_549100,,,,,
2026-09-12T01:56:08-05:00,PUR_IED_Japon_Laboratorio_bec51d,PUR_IED_Japon_Laboratorio_bec51d,,,,,
2026-09-12T01:56:08-05:00,PUR_IED_Japon_informatica_d99327,PUR_IED_Japon_informatica_d99327,,,,,
2026-09-12T01:56:08-05:00,PUR_IED_Jazmin_Ext_d27bda,PUR_IED_Jazmin_Ext_d27bda,,,,,
2026-09-12T01:56:08-05:00,PUR_IED_Jazmin_Fisica_8d14d7,PUR_IED_Jazmin_Fisica_8d14d7,,,,,
2026-09-12T01:56:08-05:00,PUR_IED_Jazmin_Quimica_801cb5,PUR_IED_Jazmin_Quimica_801cb5,,,,,
2026-09-12T01:56:08-05:00,PUR_IED_JorgeGaitan_Exter_f098d1,PUR_IED_JorgeGaitan_Exter_f098d1,,,,,
2026-09-12T01:56:08-05:00,PUR_IED_JorgeGaitan_STec1_dc9d1d,PUR_IED_JorgeGaitan_STec1_dc9d1d,,,,,
2026-09-12T01:56:08-05:00,PUR_IED_JorgeGaitan_STec2_281e69,PUR_IED_JorgeGaitan_STec2_281e69,,,,,
2026-09-12T01:56:08-05:00,PUR_IED_JorgeSoto_Exterio_d9d0a2,PUR_IED_JorgeSoto_Exterio_d9d0a2,,,,,
2026-09-12T01:56:08-05:00,PUR_IED_JorgeSoto_LabFisi_209c54,PUR_IED_JorgeSoto_LabFisi_209c54,,,,,
2026-09-12T01:56:08-05:00,PUR_IED_JorgeSoto_S103_27b51a,PUR_IED_JorgeSoto_S103_27b51a,,,,,
2026-09-12T01:56:08-05:00,PUR_IED_JoseAcevedo_A02_e965eb,PUR_IED_JoseAcevedo_A02_e965eb,,,,,
2026-09-12T01:56:08-05:00,PUR_IED_JoseAcevedo_A07_dd5b4,PUR_IED_JoseAcevedo_A07_dd5b4,,,,,
2026-09-12T01:56:08-05:00,PUR_IED_JoseAcevedo_Ext_b47484,PUR_IED_JoseAcevedo_Ext_b47484,,,,,
2026-09-12T01:56:08-05:00,PUR_IED_JoseMarti_Exte_5b9bf,PUR_IED_JoseMarti_Exte_5b9bf,,,,,
2026-09-12T01:56:08-05:00,PUR_IED_JoseMarti_LabQuim_1c6c2d,PUR_IED_JoseMarti_LabQuim_1c6c2d,,,,,
2026-09-12T01:56:08-05:00,PUR_IED_JoseMarti_S_info_f5f177,PUR_IED_JoseMarti_S_info_f5f177,,,,,
2026-09-12T01:56:08-05:00,PUR_IED_Josejoaquin_Ext_dfc5dc,PUR_IED_Josejoaquin_Ext_dfc5dc,,,,,
2026-09-12T01:56:08-05:00,PUR_IED_Josejoaquin_S05_5b2a96,PUR_IED_Josejoaquin_S05_5b2a96,,,,,
2026-09-12T01:56:08-05:00,PUR_IED_Josejoaquin_S06_1ce7d2,PUR_IED_Josejoaquin_S06_1ce7d2,,,,,
2026-09-12T01:56:08-05:00,PUR_IED_JulioFlorez_Danza_9b82dd,PUR_IED_JulioFlorez_Danza_9b82dd,,,,,
2026-09-12T01:56:08-05:00,PUR_IED_JulioFlorez_Exter_f9f314,PUR_IED_JulioFlorez_Exter_f9f314,,,,,
2026-09-12T01:56:08-05:00,PUR_IED_JulioFlorez_info2_6b6e08,PUR_IED_JulioFlorez_info2_6b6e08,,,,,
2026-09-12T01:56:08-05:00,PUR_IED_LaBelleza_Aula13_1d00d8,PUR_IED_LaBelleza_Aula13_1d00d8,,,,,
2026-09-12T01:56:08-05:00,PUR_IED_LaBelleza_Ext_7bc08c,PUR_IED_LaBelleza_Ext_7bc08c,,,,,
2026-09-12T01:56:08-05:00,PUR_IED_LaChucua_Ext_8cd6d2,PUR_IED_LaChucua_Ext_8cd6d2,,,,,
2026-09-12T01:56:08-05:00,PUR_IED_LaChucua_S15_f578ce,PUR_IED_LaChucua_S15_f578ce,,,,,
2026-09-12T01:56:08-05:00,PUR_IED_LaChucua_S16_eebcf9,PUR_IED_LaChucua_S16_eebcf9,,,,,
2026-09-12T01:56:08-05:00,PUR_IED_LaFelicidad_Ext_fb5109,PUR_IED_LaFelicidad_Ext_fb5109,,,,,
2026-09-12T01:56:08-05:00,PUR_IED_LaMerced_206_66ebd,PUR_IED_LaMerced_206_66ebd,,,,,
2026-09-12T01:56:08-05:00,PUR_IED_LaMerced_207_6ebd6,PUR_IED_LaMerced_207_6ebd6,,,,,
2026-09-12T01:56:08-05:00,PUR_IED_LaMerced_ext_304311,PUR_IED_LaMerced_ext_304311,,,,,
2026-09-12T01:56:08-05:00,PUR_IED_Laureano_CiencNat_281e5e,PUR_IED_Laureano_CiencNat_281e5e,,,,,
2026-09-12T01:56:08-05:00,PUR_IED_Laureano_Comedor_f65c0a,PUR_IED_Laureano_Comedor_f65c0a,,,,,
2026-09-12T01:56:08-05:00,PUR_IED_Laureano_Exterior_7ab011,PUR_IED_Laureano_Exterior_7ab011,,,,,
2026-09-12T01:56:08-05:00,PUR_IED_LeonGreiff_Exte_dfe560,PUR_IED_LeonGreiff_Exte_dfe560,,,,,
2026-09-12T01:56:08-05:00,PUR_IED_LeonGreiff_S210_f264ed,PUR_IED_LeonGreiff_S210_f264ed,,,,,
2026-09-12T01:56:08-05:00,PUR_IED_LeonGreiff_SQuimi_e8296f,PUR_IED_LeonGreiff_SQuimi_e8296f,,,,,
2026-09-12T01:56:08-05:00,PUR_IED_LlanoOrientalS208_7b9fcd,PUR_IED_LlanoOrientalS208_7b9fcd,,,,,
2026-09-12T01:56:08-05:00,PUR_IED_LlanoOriental_Ext_fb3766,PUR_IED_LlanoOriental_Ext_fb3766,,,,,
2026-09-12T01:56:08-05:00,PUR_IED_LlanoOriental_S208_7b9fcd,PUR_IED_LlanoOriental_S208_7b9fcd,,,,,
2026-09-12T01:56:08-05:00,PUR_IED_LlanoOriental_S9_27b378,PUR_IED_LlanoOriental_S9_27b378,,,,,
2026-09-12T01:56:08-05:00,PUR_IED_LosTejares_1101_477602,PUR_IED_LosTejares_1101_477602,,,,,
2026-09-12T01:56:08-05:00,PUR_IED_LosTejares_11_d2c595,PUR_IED_LosTejares_11_d2c595,,,,,
2026-09-12T01:56:08-05:00,PUR_IED_LosTejares_12_477602,PUR_IED_LosTejares_12_477602,,,,,
2026-09-12T01:56:08-05:00,PUR_IED_LosTejares_Ext_8e2115,PUR_IED_LosTejares_Ext_8e2115,,,,,
2026-09-12T01:56:08-05:00,PUR_IED_MagdalenaO_B202_5ddda3,PUR_IED_MagdalenaO_B202_5ddda3,,,,,
2026-09-12T01:56:08-05:00,PUR_IED_MagdalenaO_B205_fb76e8,PUR_IED_MagdalenaO_B205_fb76e8,,,,,
2026-09-12T01:56:08-05:00,PUR_IED_MagdalenaO_ext_dc69cd,PUR_IED_MagdalenaO_ext_dc69cd,,,,,
2026-09-12T01:56:08-05:00,PUR_IED_ManueCepeda_artes_eee956,PUR_IED_ManueCepeda_artes_eee956,,,,,
2026-09-12T01:56:08-05:00,PUR_IED_ManuelCepeda_Ext_58313,PUR_IED_ManuelCepeda_Ext_58313,,,,,
2026-09-12T01:56:08-05:00,PUR_IED_ManuelCepeda_tec_1c5731,PUR_IED_ManuelCepeda_tec_1c5731,,,,,
2026-09-12T01:56:08-05:00,PUR_IED_ManuelS_Exterior_5b269,PUR_IED_ManuelS_Exterior_5b269,,,,,
2026-09-12T01:56:08-05:00,PUR_IED_ManuelS_Inform_f369ce,PUR_IED_ManuelS_Inform_f369ce,,,,,
2026-09-12T01:56:08-05:00,PUR_IED_ManuelS_SArtes_7d15f1,PUR_IED_ManuelS_SArtes_7d15f1,,,,,
2026-09-12T01:56:08-05:00,PUR_IED_ManuelZapata_303_3ca6,PUR_IED_ManuelZapata_303_3ca6,,,,,
2026-09-12T01:56:08-05:00,PUR_IED_ManuelZapata_311_bfbabc,PUR_IED_ManuelZapata_311_bfbabc,,,,,
2026-09-12T01:56:08-05:00,PUR_IED_ManuelZapata_Ext_50824a,PUR_IED_ManuelZapata_Ext_50824a,,,,,
2026-09-12T01:56:08-05:00,PUR_IED_ManuelitaS_Exteri_656a92,PUR_IED_ManuelitaS_Exteri_656a92,,,,,
2026-09-12T01:56:08-05:00,PUR_IED_ManuelitaS_JuzgDe_f58ec3,PUR_IED_ManuelitaS_JuzgDe_f58ec3,,,,,
2026-09-12T01:56:08-05:00,PUR_IED_ManuelitaS_Recrea_d793db,PUR_IED_ManuelitaS_Recrea_d793db,,,,,
2026-09-12T01:56:08-05:00,PUR_IED_MarFidSuarez_Ext_c27b19,PUR_IED_MarFidSuarez_Ext_c27b19,,,,,
2026-09-12T01:56:08-05:00,PUR_IED_MarFidSuarez_Info_e384d7,PUR_IED_MarFidSuarez_Info_e384d7,,,,,
2026-09-12T01:56:08-05:00,PUR_IED_MarFidSuarez_S306_1d0032,PUR_IED_MarFidSuarez_S306_1d0032,,,,,
2026-09-12T01:56:08-05:00,PUR_IED_Menorah_301_2a25a3,PUR_IED_Menorah_301_2a25a3,,,,,
2026-09-12T01:56:08-05:00,PUR_IED_Menorah_306_37ed3,PUR_IED_Menorah_306_37ed3,,,,,
2026-09-12T01:56:08-05:00,PUR_IED_Menorah_Ext_3e155b,PUR_IED_Menorah_Ext_3e155b,,,,,
2026-09-12T01:56:08-05:00,PUR_IED_MinutoB.Aires_A11_1b1604,PUR_IED_MinutoB.Aires_A11_1b1604,,,,,
2026-09-12T01:56:08-05:00,PUR_IED_MinutoB.Aires_A12_fb5860,PUR_IED_MinutoB.Aires_A12_fb5860,,,,,
2026-09-12T01:56:08-05:00,PUR_IED_MinutoB.Aires_Ext_81293f,PUR_IED_MinutoB.Aires_Ext_81293f,,,,,
2026-09-12T01:56:08-05:00,PUR_IED_MinutoBAires_A11_1b1604,PUR_IED_MinutoBAires_A11_1b1604,,,,,
2026-09-12T01:56:08-05:00,PUR_IED_MinutoBAires_A12_fb5860,PUR_IED_MinutoBAires_A12_fb5860,,,,,
2026-09-12T01:56:08-05:00,PUR_IED_MinutoBAires_Ext_81293f,PUR_IED_MinutoBAires_Ext_81293f,,,,,
2026-09-12T01:56:08-05:00,PUR_IED_Montreal_Aula10_1e4959,PUR_IED_Montreal_Aula10_1e4959,,,,,
2026-09-12T01:56:08-05:00,PUR_IED_Montreal_Aula6_300367,PUR_IED_Montreal_Aula6_300367,,,,,
2026-09-12T01:56:08-05:00,PUR_IED_Montreal_Exterior_91a179,PUR_IED_Montreal_Exterior_91a179,,,,,
2026-09-12T01:56:08-05:00,PUR_IED_Mqgdalena_B202_5ddda3,PUR_IED_Mqgdalena_B202_5ddda3,,,,,
2026-09-12T01:56:08-05:00,PUR_IED_NACUND_Soc_dc8728,PUR_IED_NACUND_Soc_dc8728,,,,,
2026-09-12T01:56:08-05:00,PUR_IED_NACUND_ext_27ad97,PUR_IED_NACUND_ext_27ad97,,,,,
2026-09-12T01:56:08-05:00,PUR_IED_NEsperanza_Ext_d24b61,PUR_IED_NEsperanza_Ext_d24b61,,,,,
2026-09-12T01:56:08-05:00,PUR_IED_NEsperanza_SElect_7d1807,PUR_IED_NEsperanza_SElect_7d1807,,,,,
2026-09-12T01:56:08-05:00,PUR_IED_NEsperanza_SLabor_8b2d0a,PUR_IED_NEsperanza_SLabor_8b2d0a,,,,,
2026-09-12T01:56:08-05:00,PUR_IED_NacionesU_Ext_f661a9,PUR_IED_NacionesU_Ext_f661a9,,,,,
2026-09-12T01:56:08-05:00,PUR_IED_NacionesU_Quimica_66f0a,PUR_IED_NacionesU_Quimica_66f0a,,,,,
2026-09-12T01:56:08-05:00,PUR_IED_NacionesU_S306_1b4b3d,PUR_IED_NacionesU_S306_1b4b3d,,,,,
2026-09-12T01:56:08-05:00,PUR_IED_NestorFA_Ext_e4201c,PUR_IED_NestorFA_Ext_e4201c,,,,,
2026-09-12T01:56:08-05:00,PUR_IED_NestorFA_Laborato_f22fe0,PUR_IED_NestorFA_Laborato_f22fe0,,,,,
2026-09-12T01:56:08-05:00,PUR_IED_NestorFA_S204_dee996,PUR_IED_NestorFA_S204_dee996,,,,,
2026-09-12T01:56:08-05:00,PUR_IED_NidyaQT_Aula03_76999b,PUR_IED_NidyaQT_Aula03_76999b,,,,,
2026-09-12T01:56:08-05:00,PUR_IED_NidyaQT_Aula10_56325,PUR_IED_NidyaQT_Aula10_56325,,,,,
2026-09-12T01:56:08-05:00,PUR_IED_NidyaQT_Ext_46e32d,PUR_IED_NidyaQT_Ext_46e32d,,,,,
2026-09-12T01:56:08-05:00,PUR_IED_NuevaCol_Exterior_d9b859,PUR_IED_NuevaCol_Exterior_d9b859,,,,,
2026-09-12T01:56:08-05:00,PUR_IED_NuevaCol_S1101_76c43b,PUR_IED_NuevaCol_S1101_76c43b,,,,,
2026-09-12T01:56:08-05:00,PUR_IED_NuevaCol_S1102_1ce0b5,PUR_IED_NuevaCol_S1102_1ce0b5,,,,,
2026-09-12T01:56:08-05:00,PUR_IED_OEA_A202_f7e3f2,PUR_IED_OEA_A202_f7e3f2,,,,,
2026-09-12T01:56:08-05:00,PUR_IED_OEA_A203_7d1b8d,PUR_IED_OEA_A203_7d1b8d,,,,,
2026-09-12T01:56:08-05:00,PUR_IED_OEA_Ext_27b593,PUR_IED_OEA_Ext_27b593,,,,,
2026-09-12T01:56:08-05:00,PUR_IED_Ochoa_Ext_1c29da,PUR_IED_Ochoa_Ext_1c29da,,,,,
2026-09-12T01:56:08-05:00,PUR_IED_Ochoa_S205_8b1121,PUR_IED_Ochoa_S205_8b1121,,,,,
2026-09-12T01:56:08-05:00,PUR_IED_Ochoa_Sistemas_f33af6,PUR_IED_Ochoa_Sistemas_f33af6,,,,,
2026-09-12T01:56:08-05:00,PUR_IED_PQuebec_Ext_1c67c7,PUR_IED_PQuebec_Ext_1c67c7,,,,,
2026-09-12T01:56:08-05:00,PUR_IED_PQuebec_S15_23e8e2,PUR_IED_PQuebec_S15_23e8e2,,,,,
2026-09-12T01:56:08-05:00,PUR_IED_PQuebec_S16_8ec76b,PUR_IED_PQuebec_S16_8ec76b,,,,,
2026-09-12T01:56:08-05:00,PUR_IED_PabloN_Ext_49dc96,PUR_IED_PabloN_Ext_49dc96,,,,,
2026-09-12T01:56:08-05:00,PUR_IED_PabloN_S1102_4e3df5,PUR_IED_PabloN_S1102_4e3df5,,,,,
2026-09-12T01:56:08-05:00,PUR_IED_PabloN_S1103_50c94b,PUR_IED_PabloN_S1103_50c94b,,,,,
2026-09-12T01:56:08-05:00,PUR_IED_Palestina_S1101_db9198,PUR_IED_Palestina_S1101_db9198,,,,,
2026-09-12T01:56:08-05:00,PUR_IED_Palestina_S1102_dc54fa,PUR_IED_Palestina_S1102_dc54fa,,,,,
2026-09-12T01:56:08-05:00,PUR_IED_Palestina_ext_4ccce6,PUR_IED_Palestina_ext_4ccce6,,,,,
2026-09-12T01:56:08-05:00,PUR_IED_Panama_Fisica_4d0794,PUR_IED_Panama_Fisica_4d0794,,,,,
2026-09-12T01:56:08-05:00,PUR_IED_Panama_SIngles_a4077e,PUR_IED_Panama_SIngles_a4077e,,,,,
2026-09-12T01:56:08-05:00,PUR_IED_Panama_ext_4c54b4,PUR_IED_Panama_ext_4c54b4,,,,,
2026-09-12T01:56:08-05:00,PUR_IED_ParaisoM_Exterior_8cd7f0,PUR_IED_ParaisoM_Exterior_8cd7f0,,,,,
2026-09-12T01:56:08-05:00,PUR_IED_ParaisoM_Laborato_27af35,PUR_IED_ParaisoM_Laborato_27af35,,,,,
2026-09-12T01:56:08-05:00,PUR_IED_ParaisoM_S304_d1edca,PUR_IED_ParaisoM_S304_d1edca,,,,,
2026-09-12T01:56:08-05:00,PUR_IED_PorfirioBarba_Ext_301466,PUR_IED_PorfirioBarba_Ext_301466,,,,,
2026-09-12T01:56:08-05:00,PUR_IED_PorfirioBarba_S11_df6cd2,PUR_IED_PorfirioBarba_S11_df6cd2,,,,,
2026-09-12T01:56:08-05:00,PUR_IED_PorfirioBarba_S29_27a7d6,PUR_IED_PorfirioBarba_S29_27a7d6,,,,,
2026-09-12T01:56:08-05:00,PUR_IED_PradoV_Exter_8b27ad,PUR_IED_PradoV_Exter_8b27ad,,,,,
2026-09-12T01:56:08-05:00,PUR_IED_PradoV_S301_de65b5,PUR_IED_PradoV_S301_de65b5,,,,,
2026-09-12T01:56:08-05:00,PUR_IED_PradoV_S302_7d2593,PUR_IED_PradoV_S302_7d2593,,,,,
2026-09-12T01:56:08-05:00,PUR_IED_QuirogaAlz_Ext_1ddc82,PUR_IED_QuirogaAlz_Ext_1ddc82,,,,,
2026-09-12T01:56:08-05:00,PUR_IED_QuirogaAlz_S302_9926a3,PUR_IED_QuirogaAlz_S302_9926a3,,,,,
2026-09-12T01:56:08-05:00,PUR_IED_QuirogaAlz_S305_cdf1f1,PUR_IED_QuirogaAlz_S305_cdf1f1,,,,,
2026-09-12T01:56:08-05:00,PUR_IED_RGuatemala_Biling_dc53b7,PUR_IED_RGuatemala_Biling_dc53b7,,,,,
2026-09-12T01:56:08-05:00,PUR_IED_RGuatemala_Ext_1b89a3,PUR_IED_RGuatemala_Ext_1b89a3,,,,,
2026-09-12T01:56:08-05:00,PUR_IED_RGuatemala_Tecnol_281a34,PUR_IED_RGuatemala_Tecnol_281a34,,,,,
2026-09-12T01:56:08-05:00,PUR_IED_RafaNu_Ext_f7c302,PUR_IED_RafaNu_Ext_f7c302,,,,,
2026-09-12T01:56:08-05:00,PUR_IED_RafaNu_S1101_25fde,PUR_IED_RafaNu_S1101_25fde,,,,,
2026-09-12T01:56:08-05:00,PUR_IED_RafaNu_S1102_281517,PUR_IED_RafaNu_S1102_281517,,,,,
2026-09-12T01:56:08-05:00,PUR_IED_RafaelB_S305_ee2783,PUR_IED_RafaelB_S305_ee2783,,,,,
2026-09-12T01:56:08-05:00,PUR_IED_RafaelB_S306_75fe33,PUR_IED_RafaelB_S306_75fe33,,,,,
2026-09-12T01:56:08-05:00,PUR_IED_RafaelB_ext_283336,PUR_IED_RafaelB_ext_283336,3,18,61,4.6722,-74.0737
2026-09-12T01:56:08-05:00,PUR_IED_RafaelUU_Exterior_281a51,PUR_IED_RafaelUU_Exterior_281a51,,,,,
2026-09-12T01:56:08-05:00,PUR_IED_RafaelUU_Human_806b2,PUR_IED_RafaelUU_Human_806b2,,,,,
2026-09-12T01:56:08-05:00,PUR_IED_RafaelUU_Mate2_5680d4,PUR_IED_RafaelUU_Mate2_5680d4,,,,,
2026-09-12T01:56:08-05:00,PUR_IED_RamonSub_Ext_f9eeb9,PUR_IED_RamonSub_Ext_f9eeb9,,,,,
2026-09-12T01:56:08-05:00,PUR_IED_RamonSub_Media_d1f62f,PUR_IED_RamonSub_Media_d1f62f,,,,,
2026-09-12T01:56:08-05:00,PUR_IED_RamonSub_planta_51b82,PUR_IED_RamonSub_planta_51b82,,,,,
2026-09-12T01:56:08-05:00,PUR_IED_RepBoliVene_Exter_27af7c,PUR_IED_RepBoliVene_Exter_27af7c,,,,,
2026-09-12T01:56:08-05:00,PUR_IED_RepBoliVene_SCPT_5ae2ee,PUR_IED_RepBoliVene_SCPT_5ae2ee,,,,,
2026-09-12T01:56:08-05:00,PUR_IED_RepBoliVene_Socia_4b11d5,PUR_IED_RepBoliVene_Socia_4b11d5,,,,,
2026-09-12T01:56:08-05:00,PUR_IED_RepChina_Ext_76d9ee,PUR_IED_RepChina_Ext_76d9ee,,,,,
2026-09-12T01:56:08-05:00,PUR_IED_RepChina_S404_7c804c,PUR_IED_RepChina_S404_7c804c,,,,,
2026-09-12T01:56:08-05:00,PUR_IED_RepChina_S405_df2c33,PUR_IED_RepChina_S405_df2c33,,,,,
2026-09-12T01:56:08-05:00,PUR_IED_RepublicaC_Exteri_7d1ec9,PUR_IED_RepublicaC_Exteri_7d1ec9,,,,,
2026-09-12T01:56:08-05:00,PUR_IED_RepublicaC_S1101_f544b3,PUR_IED_RepublicaC_S1101_f544b3,,,,,
2026-09-12T01:56:08-05:00,PUR_IED_RepublicaC_S1102_7aafc7,PUR_IED_RepublicaC_S1102_7aafc7,,,,,
2026-09-12T01:56:08-05:00,PUR_IED_Ricaurte_Externo_a0ea1,PUR_IED_Ricaurte_Externo_a0ea1,,,,,
2026-09-12T01:56:08-05:00,PUR_IED_Ricaurte_S210_f546fd,PUR_IED_Ricaurte_S210_f546fd,,,,,
2026-09-12T01:56:08-05:00,PUR_IED_Ricaurte_S309_d4452,PUR_IED_Ricaurte_S309_d4452,,,,,
2026-09-12T01:56:08-05:00,PUR_IED_RogelioS_1102_531e69,PUR_IED_RogelioS_1102_531e69,,,,,
2026-09-12T01:56:08-05:00,PUR_IED_RogelioS_Ext_f25a18,PUR_IED_RogelioS_Ext_f25a18,,,,,
2026-09-12T01:56:08-05:00,PUR_IED_SBernardino_Ext_27aff8,PUR_IED_SBernardino_Ext_27aff8,,,,,
2026-09-12T01:56:08-05:00,PUR_IED_SBernardino_SArte_2ffd33,PUR_IED_SBernardino_SArte_2ffd33,,,,,
2026-09-12T01:56:08-05:00,PUR_IED_SBernardino_SIngl_7c7da5,PUR_IED_SBernardino_SIngl_7c7da5,,,,,
2026-09-12T01:56:08-05:00,PUR_IED_Sago_auditorio_dc9d1d,PUR_IED_Sago_auditorio_dc9d1d,,,,,
2026-09-12T01:56:08-05:00,PUR_IED_Saludcoop_Ext_95aac3,PUR_IED_Saludcoop_Ext_95aac3,,,,,
2026-09-12T01:56:08-05:00,PUR_IED_Saludcoop_InfI_90c854,PUR_IED_Saludcoop_InfI_90c854,,,,,
2026-09-12T01:56:08-05:00,PUR_IED_Saludcoop_SMedia_1b93be,PUR_IED_Saludcoop_SMedia_1b93be,,,,,
2026-09-12T01:56:08-05:00,PUR_IED_SanCarlos_1101_1a2360,PUR_IED_SanCarlos_1101_1a2360,,,,,
2026-09-12T01:56:08-05:00,PUR_IED_SanCarlos_1103_7bafb5,PUR_IED_SanCarlos_1103_7bafb5,,,,,
2026-09-12T01:56:08-05:00,PUR_IED_SanCarlos_Ext_b7cd1,PUR_IED_SanCarlos_Ext_b7cd1,,,,,
2026-09-12T01:56:08-05:00,PUR_IED_SanIgnacioBosa11a_50c26e,PUR_IED_SanIgnacioBosa11a_50c26e,,,,,
2026-09-12T01:56:08-05:00,PUR_IED_SanIgnacioBosa11b_371de8,PUR_IED_SanIgnacioBosa11b_371de8,,,,,
2026-09-12T01:56:08-05:00,PUR_IED_SanIgnacioBosaExt_ef0ffc,PUR_IED_SanIgnacioBosaExt_ef0ffc,,,,,
2026-09-12T01:56:08-05:00,PUR_IED_SanIgnacioBosa_11a_50c26e,PUR_IED_SanIgnacioBosa_11a_50c26e,,,,,
2026-09-12T01:56:08-05:00,PUR_IED_SanIgnacioBosa_Ext_ef0ffc,PUR_IED_SanIgnacioBosa_Ext_ef0ffc,,,,,
2026-09-12T01:56:08-05:00,PUR_IED_SanJoseN_intS1101_31c47f,PUR_IED_SanJoseN_intS1101_31c47f,,,,,
2026-09-12T01:56:08-05:00,PUR_IED_SanJoseUsm_Exter_f5d7e8,PUR_IED_SanJoseUsm_Exter_f5d7e8,,,,,
2026-09-12T01:56:08-05:00,PUR_IED_SanJoseUsm_Int11A_cfdef6,PUR_IED_SanJoseUsm_Int11A_cfdef6,,,,,
2026-09-12T01:56:08-05:00,PUR_IED_SilveriaR_IntB5_905349,PUR_IED_SilveriaR_IntB5_905349,,,,,
2026-09-12T01:56:08-05:00,PUR_IED_SilveriaR_IntSD14_981f93,PUR_IED_SilveriaR_IntSD14_981f93,,,,,
2026-09-12T01:56:08-05:00,PUR_IED_SilveriaR_ext_2b651d,PUR_IED_SilveriaR_ext_2b651d,,,,,
2026-09-12T01:56:08-05:00,PUR_IED_SimonB_Exterior_913975,PUR_IED_SimonB_Exterior_913975,,,,,
2026-09-12T01:56:08-05:00,PUR_IED_SimonB_LabQuimi_c56908,PUR_IED_SimonB_LabQuimi_c56908,,,,,
2026-09-12T01:56:08-05:00,PUR_IED_SimonB_informatic_a28c1,PUR_IED_SimonB_informatic_a28c1,,,,,
2026-09-12T01:56:08-05:00,PUR_IED_Sorrento_1102_315f50,PUR_IED_Sorrento_1102_315f50,,,,,
2026-09-12T01:56:08-05:00,PUR_IED_Sorrento_Minte_214eab,PUR_IED_Sorrento_Minte_214eab,,,,,
2026-09-12T01:56:08-05:00,PUR_IED_Sorrento_ext_7c3a0a,PUR_IED_Sorrento_ext_7c3a0a,,,,,
2026-09-12T01:56:08-05:00,PUR_IED_Tabora_Ext_f048ae,PUR_IED_Tabora_Ext_f048ae,,,,,
2026-09-12T01:56:08-05:00,PUR_IED_Tabora_S1102_b07752,PUR_IED_Tabora_S1102_b07752,,,,,
2026-09-12T01:56:08-05:00,PUR_IED_Tabora_S1103_d988f5,PUR_IED_Tabora_S1103_d988f5,,,,,
2026-09-12T01:56:08-05:00,PUR_IED_Tenerife_Ext_1ab188,PUR_IED_Tenerife_Ext_1ab188,,,,,
2026-09-12T01:56:08-05:00,PUR_IED_Tenerife_SDanzas_7bc02e,PUR_IED_Tenerife_SDanzas_7bc02e,,,,,
2026-09-12T01:56:08-05:00,PUR_IED_Tenerife_SIngles_7cc277,PUR_IED_Tenerife_SIngles_7cc277,,,,,
2026-09-12T01:56:08-05:00,PUR_IED_Tibabuyes_Exter_f2683d,PUR_IED_Tibabuyes_Exter_f2683d,,,,,
2026-09-12T01:56:08-05:00,PUR_IED_Tibabuyes_S10_dc87a8,PUR_IED_Tibabuyes_S10_dc87a8,,,,,
2026-09-12T01:56:08-05:00,PUR_IED_Tibabuyes_S15_dc0526,PUR_IED_Tibabuyes_S15_dc0526,,,,,
2026-09-12T01:56:08-05:00,PUR_IED_UnionE_S301_a1043,PUR_IED_UnionE_S301_a1043,,,,,
2026-09-12T01:56:08-05:00,PUR_IED_UnionE_S307_ff6c2f,PUR_IED_UnionE_S307_ff6c2f,,,,,
2026-09-12T01:56:08-05:00,PUR_IED_UnionE__Ext_5e2468,PUR_IED_UnionE__Ext_5e2468,,,,,
2026-09-12T01:56:08-05:00,PUR_IED_VillaRica_Ext_75be7c,PUR_IED_VillaRica_Ext_75be7c,,,,,
2026-09-12T01:56:08-05:00,PUR_IED_VillaRica_S4_cc5dcd,PUR_IED_VillaRica_S4_cc5dcd,,,,,
2026-09-12T01:56:08-05:00,PUR_IED_VillaRica_Sesp_99f5c,PUR_IED_VillaRica_Sesp_99f5c,,,,,
2026-09-12T02:01:12-05:00,PUR_IED_20deJulio_1101_91b1b9,PUR_IED_20deJulio_1101_91b1b9,,,,,
2026-09-12T02:01:12-05:00,PUR_IED_20deJulio_1102_1cfcf9,PUR_IED_20deJulio_1102_1cfcf9,,,,,
2026-09-12T02:01:12-05:00,PUR_IED_20deJulio_Ext_ab60bd,PUR_IED_20deJulio_Ext_ab60bd,,,,,
2026-09-12T02:01:12-05:00,PUR_IED_AgustinFer_Ext_7b9b77,PUR_IED_AgustinFer_Ext_7b9b77,,,,,
2026-09-12T02:01:12-05:00,PUR_IED_AgustinFer_Info2_27b3a7,PUR_IED_AgustinFer_Info2_27b3a7,,,,,
2026-09-12T02:01:12-05:00,PUR_IED_AgustinFer_Sena_54b4eb,PUR_IED_AgustinFer_Sena_54b4eb,,,,,
2026-09-12T02:01:12-05:00,PUR_IED_AlexanderF_1102_caf07b,PUR_IED_AlexanderF_1102_caf07b,,,,,
2026-09-12T02:01:12-05:00,PUR_IED_AlexanderF_1103_c79e71,PUR_IED_AlexanderF_1103_c79e71,,,,,
2026-09-12T02:01:12-05:00,PUR_IED_AlexanderF_Ext_c5b18b,PUR_IED_AlexanderF_Ext_c5b18b,,,,,
2026-09-12T02:01:12-05:00,PUR_IED_AlfonsoLopez_Ext_281d77,PUR_IED_AlfonsoLopez_Ext_281d77,,,,,
2026-09-12T02:01:12-05:00,PUR_IED_AlfonsoLopez_LabF_888ce0,PUR_IED_AlfonsoLopez_LabF_888ce0,,,,,
2026-09-12T02:01:12-05:00,PUR_IED_AlfonsoLopez_SMed_df6a7f,PUR_IED_AlfonsoLopez_SMed_df6a7f,,,,,
2026-09-12T02:01:12-05:00,PUR_IED_AltamiraSO_A2_209f92,PUR_IED_AltamiraSO_A2_209f92,,,,,
2026-09-12T02:01:12-05:00,PUR_IED_AltamiraSO_Ext_186d66,PUR_IED_AltamiraSO_Ext_186d66,,,,,
2026-09-12T02:01:12-05:00,PUR_IED_AltamiraSO_Sistem_27afe1,PUR_IED_AltamiraSO_Sistem_27afe1,,,,,
2026-09-12T02:01:12-05:00,PUR_IED_AlvaroGom_LabQuim_813179,PUR_IED_AlvaroGom_LabQuim_813179,,,,,
2026-09-12T02:01:12-05:00,PUR_IED_AlvaroGomez_Ext_47c7ca,PUR_IED_AlvaroGomez_Ext_47c7ca,,,,,
2026-09-12T02:01:12-05:00,PUR_IED_AlvaroGomez_LabQuim_813179,PUR_IED_AlvaroGomez_LabQuim_813179,,,,,
2026-09-12T02:01:12-05:00,PUR_IED_AlvaroGomez_S23_7ba89f,PUR_IED_AlvaroGomez_S23_7ba89f,,,,,
2026-09-12T02:01:12-05:00,PUR_IED_Amistad_306_dc8728,PUR_IED_Amistad_306_dc8728,,,,,
2026-09-12T02:01:12-05:00,PUR_IED_Amistad_Ext_8cd55e,PUR_IED_Amistad_Ext_8cd55e,,,,,
2026-09-12T02:01:12-05:00,PUR_IED_Amistad_S202_a41169,PUR_IED_Amistad_S202_a41169,,,,,
2026-09-12T02:01:12-05:00,PUR_IED_AndresBello_Bio_fd5f5e,PUR_IED_AndresBello_Bio_fd5f5e,,,,,
2026-09-12T02:01:12-05:00,PUR_IED_AndresBello_ext_dcad65,PUR_IED_AndresBello_ext_dcad65,,,,,
2026-09-12T02:01:12-05:00,PUR_IED_AndresBello_port_eed3ec,PUR_IED_AndresBello_port_eed3ec,,,,,
2026-09-12T02:01:12-05:00,PUR_IED_AngelaR_11b_d90a6b,PUR_IED_AngelaR_11b_d90a6b,,,,,
2026-09-12T02:01:12-05:00,PUR_IED_AngelaR_ext_7cad3e,PUR_IED_AngelaR_ext_7cad3e,13,20,61,4.5825,-74.164497
2026-09-12T02:01:12-05:00,PUR_IED_AntJoseSucre_10mo_df2575,PUR_IED_AntJoseSucre_10mo_df2575,,,,,
2026-09-12T02:01:12-05:00,PUR_IED_AntJoseSucre_Ext_215b36,PUR_IED_AntJoseSucre_Ext_215b36,,,,,
2026-09-12T02:01:12-05:00,PUR_IED_AntJoseSucre_Lab_3139de,PUR_IED_AntJoseSucre_Lab_3139de,,,,,
2026-09-12T02:01:12-05:00,PUR_IED_AntonioGarcia_301_d6b188,PUR_IED_AntonioGarcia_301_d6b188,,,,,
2026-09-12T02:01:12-05:00,PUR_IED_AntonioGarcia_302_88a82,PUR_IED_AntonioGarcia_302_88a82,,,,,
2026-09-12T02:01:12-05:00,PUR_IED_AntonioGarcia_Ext_20950c,PUR_IED_AntonioGarcia_Ext_20950c,,,,,
2026-09-12T02:01:12-05:00,PUR_IED_AntonioVan_Aula2_6dea02,PUR_IED_AntonioVan_Aula2_6dea02,,,,,
2026-09-12T02:01:12-05:00,PUR_IED_AntonioVan_Aula5_f1557e,PUR_IED_AntonioVan_Aula5_f1557e,,,,,
2026-09-12T02:01:12-05:00,PUR_IED_AntonioVan_Ext_406f2f,PUR_IED_AntonioVan_Ext_406f2f,,,,,
2026-09-12T02:01:12-05:00,PUR_IED_Atabanzha_Ext_cc5af9,PUR_IED_Atabanzha_Ext_cc5af9,,,,,
2026-09-12T02:01:12-05:00,PUR_IED_Atabanzha_SA101_56c37,PUR_IED_Atabanzha_SA101_56c37,,,,,
2026-09-12T02:01:12-05:00,PUR_IED_Atabanzha_SB302_27b374,PUR_IED_Atabanzha_SB302_27b374,,,,,
2026-09-12T02:01:12-05:00,PUR_IED_Atahualpa_Ext_fc1748,PUR_IED_Atahualpa_Ext_fc1748,,,,,
2026-09-12T02:01:12-05:00,PUR_IED_Atahualpa_Informa_dc9a95,PUR_IED_Atahualpa_Informa_dc9a95,,,,,
2026-09-12T02:01:12-05:00,PUR_IED_Atahualpa_S1101_f98056,PUR_IED_Atahualpa_S1101_f98056,,,,,
2026-09-12T02:01:12-05:00,PUR_IED_Bellavista_Ext_f5aa74,PUR_IED_Bellavista_Ext_f5aa74,,,,,
2026-09-12T02:01:12-05:00,PUR_IED_Bilbao_11A_916c41,PUR_IED_Bilbao_11A_916c41,,,,,
2026-09-12T02:01:12-05:00,PUR_IED_Bilbao_Ext_fb579a,PUR_IED_Bilbao_Ext_fb579a,,,,,
2026-09-12T02:01:12-05:00,PUR_IED_BrasiliaU_A125_304280,PUR_IED_BrasiliaU_A125_304280,,,,,
2026-09-12T02:01:12-05:00,PUR_IED_BrasiliaU_A203_7c8ca5,PUR_IED_BrasiliaU_A203_7c8ca5,,,,,
2026-09-12T02:01:12-05:00,PUR_IED_BrasiliaU_Ext_8d6e9f,PUR_IED_BrasiliaU_Ext_8d6e9f,3,17,61,4.5175,-74.116302
2026-09-12T02:01:12-05:00,PUR_IED_Brasilia_Ext_fe6593,PUR_IED_Brasilia_Ext_fe6593,,,,,
2026-09-12T02:01:12-05:00,PUR_IED_Brasilia_S24_7c130d,PUR_IED_Brasilia_S24_7c130d,,,,,
2026-09-12T02:01:12-05:00,PUR_IED_Brasilia_S501_186a54,PUR_IED_Brasilia_S501_186a54,,,,,
2026-09-12T02:01:12-05:00,PUR_IED_CHARRY_EXT_f1d5cd,PUR_IED_CHARRY_EXT_f1d5cd,,,,,
2026-09-12T02:01:12-05:00,PUR_IED_CHARRY_INTDANZAS_7a08e6,PUR_IED_CHARRY_INTDANZAS_7a08e6,,,,,
2026-09-12T02:01:12-05:00,PUR_IED_CHARRY_INT_AULA20_dc998d,PUR_IED_CHARRY_INT_AULA20_dc998d,,,,,
2026-09-12T02:01:12-05:00,PUR_IED_COLVIV_1101_S25_7f520a,PUR_IED_COLVIV_1101_S25_7f520a,,,,,
2026-09-12T02:01:12-05:00,PUR_IED_COLVIV_1102_S16_f570ba,PUR_IED_COLVIV_1102_S16_f570ba,,,,,
2026-09-12T02:01:12-05:00,PUR_IED_COLVIV_Ext_1a26fa,PUR_IED_COLVIV_Ext_1a26fa,,,,,
2026-09-12T02:01:12-05:00,PUR_IED_CULPOP_301A_f660f3,PUR_IED_CULPOP_301A_f660f3,,,,,
2026-09-12T02:01:12-05:00,PUR_IED_CULPOP_303_568afe,PUR_IED_CULPOP_303_568afe,,,,,
2026-09-12T02:01:12-05:00,PUR_IED_CULPOP_Ext_e02ccb,PUR_IED_CULPOP_Ext_e02ccb,,,,,
2026-09-12T02:01:12-05:00,PUR_IED_CVillavicen_Ext_26eb58,PUR_IED_CVillavicen_Ext_26eb58,4,15,76,4.487,-74.102798
2026-09-12T02:01:12-05:00,PUR_IED_CVillavicen_Intel_1ce5c2,PUR_IED_CVillavicen_Intel_1ce5c2,,,,,
2026-09-12T02:01:12-05:00,PUR_IED_CVillavicen_Poliv_e0766c,PUR_IED_CVillavicen_Poliv_e0766c,,,,,
2026-09-12T02:01:12-05:00,PUR_IED_CVillavicen_int_1ba140,PUR_IED_CVillavicen_int_1ba140,,,,,
2026-09-12T02:01:12-05:00,PUR_IED_CVillavicen_intel_1ba140,PUR_IED_CVillavicen_intel_1ba140,,,,,
2026-09-12T02:01:12-05:00,PUR_IED_CarlosPizarro_Ext_e307cc,PUR_IED_CarlosPizarro_Ext_e307cc,,,,,
2026-09-12T02:01:12-05:00,PUR_IED_CarlosPizarro_L36_7e5cdb,PUR_IED_CarlosPizarro_L36_7e5cdb,,,,,
2026-09-12T02:01:12-05:00,PUR_IED_CarlosPizarro_L37_c8566c,PUR_IED_CarlosPizarro_L37_c8566c,,,,,
2026-09-12T02:01:12-05:00,PUR_IED_Castilla_Ext_cf35f,PUR_IED_Castilla_Ext_cf35f,,,,,
2026-09-12T02:01:12-05:00,PUR_IED_Castilla_SFisik_360e38,PUR_IED_Castilla_SFisik_360e38,,,,,
2026-09-12T02:01:12-05:00,PUR_IED_Castilla_Sc304_496fbf,PUR_IED_Castilla_Sc304_496fbf,,,,,
2026-09-12T02:01:12-05:00,PUR_IED_CervantesSa_Ext_6b57b,PUR_IED_CervantesSa_Ext_6b57b,3,17,67,4.5128,-74.117203
2026-09-12T02:01:12-05:00,PUR_IED_CervantesSa_S107_225c2b,PUR_IED_CervantesSa_S107_225c2b,,,,,
2026-09-12T02:01:12-05:00,PUR_IED_CervantesSa_S108_940925,PUR_IED_CervantesSa_S108_940925,,,,,
2026-09-12T02:01:12-05:00,PUR_IED_Charry_A20_f53e7c,PUR_IED_Charry_A20_f53e7c,,,,,
2026-09-12T02:01:12-05:00,PUR_IED_Charry_Ext_f1d5cd,PUR_IED_Charry_Ext_f1d5cd,,,,,
2026-09-12T02:01:12-05:00,PUR_IED_Charry_IntAula20_dc998d,PUR_IED_Charry_IntAula20_dc998d,,,,,
2026-09-12T02:01:12-05:00,PUR_IED_Charry_IntDanzas_7a08e6,PUR_IED_Charry_IntDanzas_7a08e6,,,,,
2026-09-12T02:01:12-05:00,PUR_IED_ClememciaC_203_43e2fc,PUR_IED_ClememciaC_203_43e2fc,,,,,
2026-09-12T02:01:12-05:00,PUR_IED_ClememciaC_Ext_1b411a,PUR_IED_ClememciaC_Ext_1b411a,,,,,
2026-09-12T02:01:12-05:00,PUR_IED_ClememciaC_Quimic_44b5fc,PUR_IED_ClememciaC_Quimic_44b5fc,,,,,
2026-09-12T02:01:12-05:00,PUR_IED_ClemenciaC_203_43e2fc,PUR_IED_ClemenciaC_203_43e2fc,,,,,
2026-09-12T02:01:12-05:00,PUR_IED_ClemenciaC_Ext_1b411a,PUR_IED_ClemenciaC_Ext_1b411a,,,,,
2026-09-12T02:01:12-05:00,PUR_IED_ClemenciaC_Quimic_44b5fc,PUR_IED_ClemenciaC_Quimic_44b5fc,,,,,
2026-09-12T02:01:12-05:00,PUR_IED_ColViva_1101_S25_7f520a,PUR_IED_ColViva_1101_S25_7f520a,,,,,
2026-09-12T02:01:12-05:00,PUR_IED_ColViva_1102_S16_f570ba,PUR_IED_ColViva_1102_S16_f570ba,,,,,
2026-09-12T02:01:12-05:00,PUR_IED_ColViva_Ext_1a26fa,PUR_IED_ColViva_Ext_1a26fa,,,,,
2026-09-12T02:01:12-05:00,PUR_IED_ColegioBici_Asist_7c8798,PUR_IED_ColegioBici_Asist_7c8798,,,,,
2026-09-12T02:01:12-05:00,PUR_IED_ColegioBici_Ext_25cbf6,PUR_IED_ColegioBici_Ext_25cbf6,,,,,
2026-09-12T02:01:12-05:00,PUR_IED_ColegioBici_LabQ_7b57db,PUR_IED_ColegioBici_LabQ_7b57db,,,,,
2026-09-12T02:01:12-05:00,PUR_IED_CostaRica_Ext_5e640,PUR_IED_CostaRica_Ext_5e640,,,,,
2026-09-12T02:01:12-05:00,PUR_IED_CostaRica_Quim1_766d1c,PUR_IED_CostaRica_Quim1_766d1c,,,,,
2026-09-12T02:01:12-05:00,PUR_IED_CostaRica__Fisica_6f0873,PUR_IED_CostaRica__Fisica_6f0873,,,,,
2026-09-12T02:01:12-05:00,PUR_IED_CulPopu_301A_f660f3,PUR_IED_CulPopu_301A_f660f3,,,,,
2026-09-12T02:01:12-05:00,PUR_IED_CulPopu_303_568afe,PUR_IED_CulPopu_303_568afe,,,,,
2026-09-12T02:01:12-05:00,PUR_IED_CulPopu_Ext_e02ccb,PUR_IED_CulPopu_Ext_e02ccb,,,,,
2026-09-12T02:01:12-05:00,PUR_IED_Cundinamarca_Ext_f15985,PUR_IED_Cundinamarca_Ext_f15985,,,,,
2026-09-12T02:01:12-05:00,PUR_IED_Cundinamarca_Info_7aa5d7,PUR_IED_Cundinamarca_Info_7aa5d7,,,,,
2026-09-12T02:01:12-05:00,PUR_IED_Cundinamarca_Tec2_f449c7,PUR_IED_Cundinamarca_Tec2_f449c7,,,,,
2026-09-12T02:01:12-05:00,PUR_IED_DiegoM_Aula1_27b314,PUR_IED_DiegoM_Aula1_27b314,,,,,
2026-09-12T02:01:12-05:00,PUR_IED_DiegoM_Ext_d80ac8,PUR_IED_DiegoM_Ext_d80ac8,,,,,
2026-09-12T02:01:12-05:00,PUR_IED_DiegoM_S25_da928f,PUR_IED_DiegoM_S25_da928f,,,,,
2026-09-12T02:01:12-05:00,PUR_IED_ELRODEO_360881,PUR_IED_ELRODEO_360881,,,,,
2026-09-12T02:01:12-05:00,PUR_IED_ELRODEO_ext_360881,PUR_IED_ELRODEO_ext_360881,,,,,
2026-09-12T02:01:12-05:00,PUR_IED_EduardoU_Ext_1c1969,PUR_IED_EduardoU_Ext_1c1969,,,,,
2026-09-12T02:01:12-05:00,PUR_IED_EduardoU_SCiencia_4dfb94,PUR_IED_EduardoU_SCiencia_4dfb94,,,,,
2026-09-12T02:01:12-05:00,PUR_IED_EduardoU_SQuimica_5a46e7,PUR_IED_EduardoU_SQuimica_5a46e7,,,,,
2026-09-12T02:01:12-05:00,PUR_IED_ElRodeo_Aula14_676984,PUR_IED_ElRodeo_Aula14_676984,,,,,
2026-09-12T02:01:12-05:00,PUR_IED_ElRodeo_Aula16_2dd35b,PUR_IED_ElRodeo_Aula16_2dd35b,,,,,
2026-09-12T02:01:12-05:00,PUR_IED_ElRodeo_Ext_360881,PUR_IED_ElRodeo_Ext_360881,,,,,
2026-09-12T02:01:12-05:00,PUR_IED_ElRodeo_Exterior_8c6d28,PUR_IED_ElRodeo_Exterior_8c6d28,,,,,
2026-09-12T02:01:12-05:00,PUR_IED_ElRodeo_ext_360881,PUR_IED_ElRodeo_ext_360881,,,,,
2026-09-12T02:01:12-05:00,PUR_IED_EmmaReyes_Ext_987625,PUR_IED_EmmaReyes_Ext_987625,14,21,53,4.6367,-74.1511
2026-09-12T02:01:12-05:00,PUR_IED_Ensueño_Ext_7f0250,PUR_IED_Ensueño_Ext_7f0250,,,,,
2026-09-12T02:01:12-05:00,PUR_IED_EscNormal_Ext_5fef3b,PUR_IED_EscNormal_Ext_5fef3b,3,18,60,4.5852,-74.096901
2026-09-12T02:01:12-05:00,PUR_IED_EscNormal_S309_5b263,PUR_IED_EscNormal_S309_5b263,,,,,
2026-09-12T02:01:12-05:00,PUR_IED_EscNormal_S310_27b3b8,PUR_IED_EscNormal_S310_27b3b8,,,,,
2026-09-12T02:01:12-05:00,PUR_IED_Evangelista_Conta_f6cd4f,PUR_IED_Evangelista_Conta_f6cd4f,,,,,
2026-09-12T02:01:12-05:00,PUR_IED_Evangelista_Cri_5e16a,PUR_IED_Evangelista_Cri_5e16a,,,,,
2026-09-12T02:01:12-05:00,PUR_IED_Evangelista_Exter_754066,PUR_IED_Evangelista_Exter_754066,,,,,
2026-09-12T02:01:12-05:00,PUR_IED_FMiranda_S209_5cc2a3,PUR_IED_FMiranda_S209_5cc2a3,,,,,
2026-09-12T02:01:12-05:00,PUR_IED_FMiranda_S303_19e344,PUR_IED_FMiranda_S303_19e344,,,,,
2026-09-12T02:01:12-05:00,PUR_IED_FMiranda_ext_f53e7c,PUR_IED_FMiranda_ext_f53e7c,,,,,
2026-09-12T02:01:12-05:00,PUR_IED_FabioLozano_Bibli_1cee05,PUR_IED_FabioLozano_Bibli_1cee05,,,,,
2026-09-12T02:01:12-05:00,PUR_IED_FabioLozano_Ext_6ea285,PUR_IED_FabioLozano_Ext_6ea285,,,,,
2026-09-12T02:01:12-05:00,PUR_IED_FabioLozano_SLudi_f09e1e,PUR_IED_FabioLozano_SLudi_f09e1e,,,,,
2026-09-12T02:01:12-05:00,PUR_IED_FaustinoS_Aula07_27a731,PUR_IED_FaustinoS_Aula07_27a731,,,,,
2026-09-12T02:01:12-05:00,PUR_IED_FaustinoS_Ext_7b936f,PUR_IED_FaustinoS_Ext_7b936f,,,,,
2026-09-12T02:01:12-05:00,PUR_IED_FaustinoS_Fisica_da2c60,PUR_IED_FaustinoS_Fisica_da2c60,,,,,
2026-09-12T02:01:12-05:00,PUR_IED_FeGarciaLo_Ext_dc68ee,PUR_IED_FeGarciaLo_Ext_dc68ee,,,,,
2026-09-12T02:01:12-05:00,PUR_IED_FeGarciaLo_SDanza_f70a59,PUR_IED_FeGarciaLo_SDanza_f70a59,,,,,
2026-09-12T02:01:12-05:00,PUR_IED_FeGarciaLo_SMusic_125cdd,PUR_IED_FeGarciaLo_SMusic_125cdd,,,,,
2026-09-12T02:01:12-05:00,PUR_IED_FederalAlema_Exte_50c345,PUR_IED_FederalAlema_Exte_50c345,,,,,
2026-09-12T02:01:12-05:00,PUR_IED_FederalAlema_S31_f18371,PUR_IED_FederalAlema_S31_f18371,,,,,
2026-09-12T02:01:12-05:00,PUR_IED_FederalAlema_S901_a62cd,PUR_IED_FederalAlema_S901_a62cd,,,,,
2026-09-12T02:01:12-05:00,PUR_IED_FilarmonicaS_A5_f35eb1,PUR_IED_FilarmonicaS_A5_f35eb1,,,,,
2026-09-12T02:01:12-05:00,PUR_IED_FilarmonicaS_Ext_8a3bde,PUR_IED_FilarmonicaS_Ext_8a3bde,,,,,
2026-09-12T02:01:12-05:00,PUR_IED_FilarmonicaS_Spol_406114,PUR_IED_FilarmonicaS_Spol_406114,,,,,
2026-09-12T02:01:12-05:00,PUR_IED_FlorentinoG_A13_d1fa59,PUR_IED_FlorentinoG_A13_d1fa59,,,,,
2026-09-12T02:01:12-05:00,PUR_IED_FlorentinoG_Ext_1ce6ce,PUR_IED_FlorentinoG_Ext_1ce6ce,,,,,
2026-09-12T02:01:12-05:00,PUR_IED_FlorentinoG_Idiom_a66aac,PUR_IED_FlorentinoG_Idiom_a66aac,,,,,
2026-09-12T02:01:12-05:00,PUR_IED_FranciscoMati_Ext_e3869d,PUR_IED_FranciscoMati_Ext_e3869d,,,,,
2026-09-12T02:01:12-05:00,PUR_IED_FranciscoMati_S13_f31c67,PUR_IED_FranciscoMati_S13_f31c67,,,,,
2026-09-12T02:01:12-05:00,PUR_IED_FranciscoMati_S14_97dead,PUR_IED_FranciscoMati_S14_97dead,,,,,
2026-09-12T02:01:12-05:00,PUR_IED_FranciscoPS_Ext_7bfa9a,PUR_IED_FranciscoPS_Ext_7bfa9a,2,20,58,4.5899,-74.110397
2026-09-12T02:01:12-05:00,PUR_IED_FranciscoPS_Infor_fb8f4c,PUR_IED_FranciscoPS_Infor_fb8f4c,,,,,
2026-09-12T02:01:12-05:00,PUR_IED_FranciscoPS_Quimi_94d39c,PUR_IED_FranciscoPS_Quimi_94d39c,,,,,
2026-09-12T02:01:12-05:00,PUR_IED_FranciscoP_LabQ_d7e148,PUR_IED_FranciscoP_LabQ_d7e148,,,,,
2026-09-12T02:01:12-05:00,PUR_IED_FranciscoP_S28_cf9b30,PUR_IED_FranciscoP_S28_cf9b30,,,,,
2026-09-12T02:01:12-05:00,PUR_IED_FranciscoP_ext_e2313,PUR_IED_FranciscoP_ext_e2313,,,,,
2026-09-12T02:01:12-05:00,PUR_IED_FriederichN_Ext_8ac92a,PUR_IED_FriederichN_Ext_8ac92a,,,,,
2026-09-12T02:01:12-05:00,PUR_IED_FriederichN_S301_dd7e5a,PUR_IED_FriederichN_S301_dd7e5a,,,,,
2026-09-12T02:01:12-05:00,PUR_IED_FriederichN_S308_761f4f,PUR_IED_FriederichN_S308_761f4f,,,,,
2026-09-12T02:01:12-05:00,PUR_IED_GSantander_Aula10_533dd7,PUR_IED_GSantander_Aula10_533dd7,,,,,
2026-09-12T02:01:12-05:00,PUR_IED_GSantander_Aula12_fd4e4f,PUR_IED_GSantander_Aula12_fd4e4f,,,,,
2026-09-12T02:01:12-05:00,PUR_IED_GSantander_Aula310_533dd7,PUR_IED_GSantander_Aula310_533dd7,,,,,
2026-09-12T02:01:12-05:00,PUR_IED_GSantander_Aula312_fd4e4f,PUR_IED_GSantander_Aula312_fd4e4f,,,,,
2026-09-12T02:01:12-05:00,PUR_IED_GSantander_Ext_5f66b0,PUR_IED_GSantander_Ext_5f66b0,,,,,
2026-09-12T02:01:12-05:00,PUR_IED_GYomasa_Ext_f6bea5,PUR_IED_GYomasa_Ext_f6bea5,,,,,
2026-09-12T02:01:12-05:00,PUR_IED_GYomasa_LBiol_2c41aa,PUR_IED_GYomasa_LBiol_2c41aa,,,,,
2026-09-12T02:01:12-05:00,PUR_IED_GYomasa_LQuim_33c80,PUR_IED_GYomasa_LQuim_33c80,,,,,
2026-09-12T02:01:12-05:00,PUR_IED_GabBetMejia_Cienc_5a99c,PUR_IED_GabBetMejia_Cienc_5a99c,,,,,
2026-09-12T02:01:12-05:00,PUR_IED_GabBetMejia_Ext_9153d0,PUR_IED_GabBetMejia_Ext_9153d0,,,,,
2026-09-12T02:01:12-05:00,PUR_IED_GabBetMejia_Lab_f55347,PUR_IED_GabBetMejia_Lab_f55347,,,,,
2026-09-12T02:01:12-05:00,PUR_IED_GabBetanMejia_Ext_9153d0,PUR_IED_GabBetanMejia_Ext_9153d0,,,,,
2026-09-12T02:01:12-05:00,PUR_IED_Gaitana_Aula13_7aac11,PUR_IED_Gaitana_Aula13_7aac11,,,,,
2026-09-12T02:01:12-05:00,PUR_IED_Gaitana_Ext_5fcf4,PUR_IED_Gaitana_Ext_5fcf4,,,,,
2026-09-12T02:01:12-05:00,PUR_IED_Gaitana_LabFisica_644448,PUR_IED_Gaitana_LabFisica_644448,,,,,
2026-09-12T02:01:12-05:00,PUR_IED_GenSantander_Dise_8ac858,PUR_IED_GenSantander_Dise_8ac858,,,,,
2026-09-12T02:01:12-05:00,PUR_IED_GenSantander_Ext_8d5dfe,PUR_IED_GenSantander_Ext_8d5dfe,,,,,
2026-09-12T02:01:12-05:00,PUR_IED_GenSantander_Info_6c25b,PUR_IED_GenSantander_Info_6c25b,,,,,
2026-09-12T02:01:12-05:00,PUR_IED_GustavoMo_Exterio_75e63d,PUR_IED_GustavoMo_Exterio_75e63d,,,,,
2026-09-12T02:01:12-05:00,PUR_IED_GustavoMo_LabFisi_224d37,PUR_IED_GustavoMo_LabFisi_224d37,,,,,
2026-09-12T02:01:12-05:00,PUR_IED_GustavoMo_S208_3e6918,PUR_IED_GustavoMo_S208_3e6918,,,,,
2026-09-12T02:01:12-05:00,PUR_IED_GustavoR_A02_8cd4a8,PUR_IED_GustavoR_A02_8cd4a8,,,,,
2026-09-12T02:01:12-05:00,PUR_IED_GustavoR_B11_5b0ed,PUR_IED_GustavoR_B11_5b0ed,,,,,
2026-09-12T02:01:12-05:00,PUR_IED_GustavoR_Ext_7a0c90,PUR_IED_GustavoR_Ext_7a0c90,,,,,
2026-09-12T02:01:12-05:00,PUR_IED_HernandoDuran_Ext_8cd82b,PUR_IED_HernandoDuran_Ext_8cd82b,,,,,
2026-09-12T02:01:12-05:00,PUR_IED_HernandoDuran_S24_2772c6,PUR_IED_HernandoDuran_S24_2772c6,,,,,
2026-09-12T02:01:12-05:00,PUR_IED_HernandoDuran_S30_f2de41,PUR_IED_HernandoDuran_S30_f2de41,,,,,
2026-09-12T02:01:12-05:00,PUR_IED_HolguInUr_S1101_8cd732,PUR_IED_HolguInUr_S1101_8cd732,,,,,
2026-09-12T02:01:12-05:00,PUR_IED_HolguinUr_Exter_ddae6d,PUR_IED_HolguinUr_Exter_ddae6d,,,,,
2026-09-12T02:01:12-05:00,PUR_IED_HolguinUr_LabQuim_92b952,PUR_IED_HolguinUr_LabQuim_92b952,,,,,
2026-09-12T02:01:12-05:00,PUR_IED_Isabel-II_Ext_5245cc,PUR_IED_Isabel-II_Ext_5245cc,15,18,60,4.6336,-74.153
2026-09-12T02:01:12-05:00,PUR_IED_Isabel-II_S_idiom_1c29aa,PUR_IED_Isabel-II_S_idiom_1c29aa,,,,,
2026-09-12T02:01:12-05:00,PUR_IED_Isabel-II_S_infor_fd741,PUR_IED_Isabel-II_S_infor_fd741,,,,,
2026-09-12T02:01:12-05:00,PUR_IED_IsidroSur_Exterio_5b90ea,PUR_IED_IsidroSur_Exterio_5b90ea,,,,,
2026-09-12T02:01:12-05:00,PUR_IED_IsidroSur_LabTec_56697a,PUR_IED_IsidroSur_LabTec_56697a,,,,,
2026-09-12T02:01:12-05:00,PUR_IED_IsidroSur_Robotic_b7c38f,PUR_IED_IsidroSur_Robotic_b7c38f,,,,,
2026-09-12T02:01:12-05:00,PUR_IED_IsmaelPerd_Ext_7b6672,PUR_IED_IsmaelPerd_Ext_7b6672,,,,,
2026-09-12T02:01:12-05:00,PUR_IED_IsmaelPerd_Inform_306540,PUR_IED_IsmaelPerd_Inform_306540,,,,,
2026-09-12T02:01:12-05:00,PUR_IED_IsmaelPerd_S30_2e2c83,PUR_IED_IsmaelPerd_S30_2e2c83,,,,,
2026-09-12T02:01:12-05:00,PUR_IED_JLozano_Exter_432910,PUR_IED_JLozano_Exter_432910,,,,,
2026-09-12T02:01:12-05:00,PUR_IED_JLozano_salaMulti_df5125,PUR_IED_JLozano_salaMulti_df5125,,,,,
2026-09-12T02:01:12-05:00,PUR_IED_JMCordoba_206_86f80b,PUR_IED_JMCordoba_206_86f80b,,,,,
2026-09-12T02:01:12-05:00,PUR_IED_JMCordoba_Ext_27ad97,PUR_IED_JMCordoba_Ext_27ad97,,,,,
2026-09-12T02:01:12-05:00,PUR_IED_JMCordoba_S310_d59ab4,PUR_IED_JMCordoba_S310_d59ab4,,,,,
2026-09-12T02:01:12-05:00,PUR_IED_Japon_Ext_549100,PUR_IED_Japon_Ext_549100,,,,,
2026-09-12T02:01:12-05:00,PUR_IED_Japon_Laboratorio_bec51d,PUR_IED_Japon_Laboratorio_bec51d,,,,,
2026-09-12T02:01:12-05:00,PUR_IED_Japon_informatica_d99327,PUR_IED_Japon_informatica_d99327,,,,,
2026-09-12T02:01:12-05:00,PUR_IED_Jazmin_Ext_d27bda,PUR_IED_Jazmin_Ext_d27bda,,,,,
2026-09-12T02:01:12-05:00,PUR_IED_Jazmin_Fisica_8d14d7,PUR_IED_Jazmin_Fisica_8d14d7,,,,,
2026-09-12T02:01:12-05:00,PUR_IED_Jazmin_Quimica_801cb5,PUR_IED_Jazmin_Quimica_801cb5,,,,,
2026-09-12T02:01:12-05:00,PUR_IED_JorgeGaitan_Exter_f098d1,PUR_IED_JorgeGaitan_Exter_f098d1,,,,,
2026-09-12T02:01:12-05:00,PUR_IED_JorgeGaitan_STec1_dc9d1d,PUR_IED_JorgeGaitan_STec1_dc9d1d,,,,,
2026-09-12T02:01:12-05:00,PUR_IED_JorgeGaitan_STec2_281e69,PUR_IED_JorgeGaitan_STec2_281e69,,,,,
2026-09-12T02:01:12-05:00,PUR_IED_JorgeSoto_Exterio_d9d0a2,PUR_IED_JorgeSoto_Exterio_d9d0a2,,,,,
2026-09-12T02:01:12-05:00,PUR_IED_JorgeSoto_LabFisi_209c54,PUR_IED_JorgeSoto_LabFisi_209c54,,,,,
2026-09-12T02:01:12-05:00,PUR_IED_JorgeSoto_S103_27b51a,PUR_IED_JorgeSoto_S103_27b51a,,,,,
2026-09-12T02:01:12-05:00,PUR_IED_JoseAcevedo_A02_e965eb,PUR_IED_JoseAcevedo_A02_e965eb,,,,,
2026-09-12T02:01:12-05:00,PUR_IED_JoseAcevedo_A07_dd5b4,PUR_IED_JoseAcevedo_A07_dd5b4,,,,,
2026-09-12T02:01:12-05:00,PUR_IED_JoseAcevedo_Ext_b47484,PUR_IED_JoseAcevedo_Ext_b47484,,,,,
2026-09-12T02:01:12-05:00,PUR_IED_JoseMarti_Exte_5b9bf,PUR_IED_JoseMarti_Exte_5b9bf,,,,,
2026-09-12T02:01:12-05:00,PUR_IED_JoseMarti_LabQuim_1c6c2d,PUR_IED_JoseMarti_LabQuim_1c6c2d,,,,,
2026-09-12T02:01:12-05:00,PUR_IED_JoseMarti_S_info_f5f177,PUR_IED_JoseMarti_S_info_f5f177,,,,,
2026-09-12T02:01:12-05:00,PUR_IED_Josejoaquin_Ext_dfc5dc,PUR_IED_Josejoaquin_Ext_dfc5dc,,,,,
2026-09-12T02:01:12-05:00,PUR_IED_Josejoaquin_S05_5b2a96,PUR_IED_Josejoaquin_S05_5b2a96,,,,,
2026-09-12T02:01:12-05:00,PUR_IED_Josejoaquin_S06_1ce7d2,PUR_IED_Josejoaquin_S06_1ce7d2,,,,,
2026-09-12T02:01:12-05:00,PUR_IED_JulioFlorez_Danza_9b82dd,PUR_IED_JulioFlorez_Danza_9b82dd,,,,,
2026-09-12T02:01:12-05:00,PUR_IED_JulioFlorez_Exter_f9f314,PUR_IED_JulioFlorez_Exter_f9f314,,,,,
2026-09-12T02:01:12-05:00,PUR_IED_JulioFlorez_info2_6b6e08,PUR_IED_JulioFlorez_info2_6b6e08,,,,,
2026-09-12T02:01:12-05:00,PUR_IED_LaBelleza_Aula13_1d00d8,PUR_IED_LaBelleza_Aula13_1d00d8,,,,,
2026-09-12T02:01:12-05:00,PUR_IED_LaBelleza_Ext_7bc08c,PUR_IED_LaBelleza_Ext_7bc08c,,,,,
2026-09-12T02:01:12-05:00,PUR_IED_LaChucua_Ext_8cd6d2,PUR_IED_LaChucua_Ext_8cd6d2,,,,,
2026-09-12T02:01:12-05:00,PUR_IED_LaChucua_S15_f578ce,PUR_IED_LaChucua_S15_f578ce,,,,,
2026-09-12T02:01:12-05:00,PUR_IED_LaChucua_S16_eebcf9,PUR_IED_LaChucua_S16_eebcf9,,,,,
2026-09-12T02:01:12-05:00,PUR_IED_LaFelicidad_Ext_fb5109,PUR_IED_LaFelicidad_Ext_fb5109,,,,,
2026-09-12T02:01:12-05:00,PUR_IED_LaMerced_206_66ebd,PUR_IED_LaMerced_206_66ebd,,,,,
2026-09-12T02:01:12-05:00,PUR_IED_LaMerced_207_6ebd6,PUR_IED_LaMerced_207_6ebd6,,,,,
2026-09-12T02:01:12-05:00,PUR_IED_LaMerced_ext_304311,PUR_IED_LaMerced_ext_304311,,,,,
2026-09-12T02:01:12-05:00,PUR_IED_Laureano_CiencNat_281e5e,PUR_IED_Laureano_CiencNat_281e5e,,,,,
2026-09-12T02:01:12-05:00,PUR_IED_Laureano_Comedor_f65c0a,PUR_IED_Laureano_Comedor_f65c0a,,,,,
2026-09-12T02:01:12-05:00,PUR_IED_Laureano_Exterior_7ab011,PUR_IED_Laureano_Exterior_7ab011,,,,,
2026-09-12T02:01:12-05:00,PUR_IED_LeonGreiff_Exte_dfe560,PUR_IED_LeonGreiff_Exte_dfe560,,,,,
2026-09-12T02:01:12-05:00,PUR_IED_LeonGreiff_S210_f264ed,PUR_IED_LeonGreiff_S210_f264ed,,,,,
2026-09-12T02:01:12-05:00,PUR_IED_LeonGreiff_SQuimi_e8296f,PUR_IED_LeonGreiff_SQuimi_e8296f,,,,,
2026-09-12T02:01:12-05:00,PUR_IED_LlanoOrientalS208_7b9fcd,PUR_IED_LlanoOrientalS208_7b9fcd,,,,,
2026-09-12T02:01:12-05:00,PUR_IED_LlanoOriental_Ext_fb3766,PUR_IED_LlanoOriental_Ext_fb3766,,,,,
2026-09-12T02:01:12-05:00,PUR_IED_LlanoOriental_S208_7b9fcd,PUR_IED_LlanoOriental_S208_7b9fcd,,,,,
2026-09-12T02:01:12-05:00,PUR_IED_LlanoOriental_S9_27b378,PUR_IED_LlanoOriental_S9_27b378,,,,,
2026-09-12T02:01:12-05:00,PUR_IED_LosTejares_1101_477602,PUR_IED_LosTejares_1101_477602,,,,,
2026-09-12T02:01:12-05:00,PUR_IED_LosTejares_11_d2c595,PUR_IED_LosTejares_11_d2c595,,,,,
2026-09-12T02:01:12-05:00,PUR_IED_LosTejares_12_477602,PUR_IED_LosTejares_12_477602,,,,,
2026-09-12T02:01:12-05:00,PUR_IED_LosTejares_Ext_8e2115,PUR_IED_LosTejares_Ext_8e2115,,,,,
2026-09-12T02:01:12-05:00,PUR_IED_MagdalenaO_B202_5ddda3,PUR_IED_MagdalenaO_B202_5ddda3,,,,,
2026-09-12T02:01:12-05:00,PUR_IED_MagdalenaO_B205_fb76e8,PUR_IED_MagdalenaO_B205_fb76e8,,,,,
2026-09-12T02:01:12-05:00,PUR_IED_MagdalenaO_ext_dc69cd,PUR_IED_MagdalenaO_ext_dc69cd,,,,,
2026-09-12T02:01:12-05:00,PUR_IED_ManueCepeda_artes_eee956,PUR_IED_ManueCepeda_artes_eee956,,,,,
2026-09-12T02:01:12-05:00,PUR_IED_ManuelCepeda_Ext_58313,PUR_IED_ManuelCepeda_Ext_58313,,,,,
2026-09-12T02:01:12-05:00,PUR_IED_ManuelCepeda_tec_1c5731,PUR_IED_ManuelCepeda_tec_1c5731,,,,,
2026-09-12T02:01:12-05:00,PUR_IED_ManuelS_Exterior_5b269,PUR_IED_ManuelS_Exterior_5b269,,,,,
2026-09-12T02:01:12-05:00,PUR_IED_ManuelS_Inform_f369ce,PUR_IED_ManuelS_Inform_f369ce,,,,,
2026-09-12T02:01:12-05:00,PUR_IED_ManuelS_SArtes_7d15f1,PUR_IED_ManuelS_SArtes_7d15f1,,,,,
2026-09-12T02:01:12-05:00,PUR_IED_ManuelZapata_303_3ca6,PUR_IED_ManuelZapata_303_3ca6,,,,,
2026-09-12T02:01:12-05:00,PUR_IED_ManuelZapata_311_bfbabc,PUR_IED_ManuelZapata_311_bfbabc,,,,,
2026-09-12T02:01:12-05:00,PUR_IED_ManuelZapata_Ext_50824a,PUR_IED_ManuelZapata_Ext_50824a,,,,,
2026-09-12T02:01:12-05:00,PUR_IED_ManuelitaS_Exteri_656a92,PUR_IED_ManuelitaS_Exteri_656a92,,,,,
2026-09-12T02:01:12-05:00,PUR_IED_ManuelitaS_JuzgDe_f58ec3,PUR_IED_ManuelitaS_JuzgDe_f58ec3,,,,,
2026-09-12T02:01:12-05:00,PUR_IED_ManuelitaS_Recrea_d793db,PUR_IED_ManuelitaS_Recrea_d793db,,,,,
2026-09-12T02:01:12-05:00,PUR_IED_MarFidSuarez_Ext_c27b19,PUR_IED_MarFidSuarez_Ext_c27b19,,,,,
2026-09-12T02:01:12-05:00,PUR_IED_MarFidSuarez_Info_e384d7,PUR_IED_MarFidSuarez_Info_e384d7,,,,,
2026-09-12T02:01:12-05:00,PUR_IED_MarFidSuarez_S306_1d0032,PUR_IED_MarFidSuarez_S306_1d0032,,,,,
2026-09-12T02:01:12-05:00,PUR_IED_Menorah_301_2a25a3,PUR_IED_Menorah_301_2a25a3,,,,,
2026-09-12T02:01:12-05:00,PUR_IED_Menorah_306_37ed3,PUR_IED_Menorah_306_37ed3,,,,,
2026-09-12T02:01:12-05:00,PUR_IED_Menorah_Ext_3e155b,PUR_IED_Menorah_Ext_3e155b,,,,,
2026-09-12T02:01:12-05:00,PUR_IED_MinutoB.Aires_A11_1b1604,PUR_IED_MinutoB.Aires_A11_1b1604,,,,,
2026-09-12T02:01:12-05:00,PUR_IED_MinutoB.Aires_A12_fb5860,PUR_IED_MinutoB.Aires_A12_fb5860,,,,,
2026-09-12T02:01:12-05:00,PUR_IED_MinutoB.Aires_Ext_81293f,PUR_IED_MinutoB.Aires_Ext_81293f,,,,,
2026-09-12T02:01:12-05:00,PUR_IED_MinutoBAires_A11_1b1604,PUR_IED_MinutoBAires_A11_1b1604,,,,,
2026-09-12T02:01:12-05:00,PUR_IED_MinutoBAires_A12_fb5860,PUR_IED_MinutoBAires_A12_fb5860,,,,,
2026-09-12T02:01:12-05:00,PUR_IED_MinutoBAires_Ext_81293f,PUR_IED_MinutoBAires_Ext_81293f,,,,,
2026-09-12T02:01:12-05:00,PUR_IED_Montreal_Aula10_1e4959,PUR_IED_Montreal_Aula10_1e4959,,,,,
2026-09-12T02:01:12-05:00,PUR_IED_Montreal_Aula6_300367,PUR_IED_Montreal_Aula6_300367,,,,,
2026-09-12T02:01:12-05:00,PUR_IED_Montreal_Exterior_91a179,PUR_IED_Montreal_Exterior_91a179,,,,,
2026-09-12T02:01:12-05:00,PUR_IED_Mqgdalena_B202_5ddda3,PUR_IED_Mqgdalena_B202_5ddda3,,,,,
2026-09-12T02:01:12-05:00,PUR_IED_NACUND_Soc_dc8728,PUR_IED_NACUND_Soc_dc8728,,,,,
2026-09-12T02:01:12-05:00,PUR_IED_NACUND_ext_27ad97,PUR_IED_NACUND_ext_27ad97,,,,,
2026-09-12T02:01:12-05:00,PUR_IED_NEsperanza_Ext_d24b61,PUR_IED_NEsperanza_Ext_d24b61,,,,,
2026-09-12T02:01:12-05:00,PUR_IED_NEsperanza_SElect_7d1807,PUR_IED_NEsperanza_SElect_7d1807,,,,,
2026-09-12T02:01:12-05:00,PUR_IED_NEsperanza_SLabor_8b2d0a,PUR_IED_NEsperanza_SLabor_8b2d0a,,,,,
2026-09-12T02:01:12-05:00,PUR_IED_NacionesU_Ext_f661a9,PUR_IED_NacionesU_Ext_f661a9,,,,,
2026-09-12T02:01:12-05:00,PUR_IED_NacionesU_Quimica_66f0a,PUR_IED_NacionesU_Quimica_66f0a,,,,,
2026-09-12T02:01:12-05:00,PUR_IED_NacionesU_S306_1b4b3d,PUR_IED_NacionesU_S306_1b4b3d,,,,,
2026-09-12T02:01:12-05:00,PUR_IED_NestorFA_Ext_e4201c,PUR_IED_NestorFA_Ext_e4201c,,,,,
2026-09-12T02:01:12-05:00,PUR_IED_NestorFA_Laborato_f22fe0,PUR_IED_NestorFA_Laborato_f22fe0,,,,,
2026-09-12T02:01:12-05:00,PUR_IED_NestorFA_S204_dee996,PUR_IED_NestorFA_S204_dee996,,,,,
2026-09-12T02:01:12-05:00,PUR_IED_NidyaQT_Aula03_76999b,PUR_IED_NidyaQT_Aula03_76999b,,,,,
2026-09-12T02:01:12-05:00,PUR_IED_NidyaQT_Aula10_56325,PUR_IED_NidyaQT_Aula10_56325,,,,,
2026-09-12T02:01:12-05:00,PUR_IED_NidyaQT_Ext_46e32d,PUR_IED_NidyaQT_Ext_46e32d,,,,,
2026-09-12T02:01:12-05:00,PUR_IED_NuevaCol_Exterior_d9b859,PUR_IED_NuevaCol_Exterior_d9b859,,,,,
2026-09-12T02:01:12-05:00,PUR_IED_NuevaCol_S1101_76c43b,PUR_IED_NuevaCol_S1101_76c43b,,,,,
2026-09-12T02:01:12-05:00,PUR_IED_NuevaCol_S1102_1ce0b5,PUR_IED_NuevaCol_S1102_1ce0b5,,,,,
2026-09-12T02:01:12-05:00,PUR_IED_OEA_A202_f7e3f2,PUR_IED_OEA_A202_f7e3f2,,,,,
2026-09-12T02:01:12-05:00,PUR_IED_OEA_A203_7d1b8d,PUR_IED_OEA_A203_7d1b8d,,,,,
2026-09-12T02:01:12-05:00,PUR_IED_OEA_Ext_27b593,PUR_IED_OEA_Ext_27b593,,,,,
2026-09-12T02:01:12-05:00,PUR_IED_Ochoa_Ext_1c29da,PUR_IED_Ochoa_Ext_1c29da,,,,,
2026-09-12T02:01:12-05:00,PUR_IED_Ochoa_S205_8b1121,PUR_IED_Ochoa_S205_8b1121,,,,,
2026-09-12T02:01:12-05:00,PUR_IED_Ochoa_Sistemas_f33af6,PUR_IED_Ochoa_Sistemas_f33af6,,,,,
2026-09-12T02:01:12-05:00,PUR_IED_PQuebec_Ext_1c67c7,PUR_IED_PQuebec_Ext_1c67c7,,,,,
2026-09-12T02:01:12-05:00,PUR_IED_PQuebec_S15_23e8e2,PUR_IED_PQuebec_S15_23e8e2,,,,,
2026-09-12T02:01:12-05:00,PUR_IED_PQuebec_S16_8ec76b,PUR_IED_PQuebec_S16_8ec76b,,,,,
2026-09-12T02:01:12-05:00,PUR_IED_PabloN_Ext_49dc96,PUR_IED_PabloN_Ext_49dc96,,,,,
2026-09-12T02:01:12-05:00,PUR_IED_PabloN_S1102_4e3df5,PUR_IED_PabloN_S1102_4e3df5,,,,,
2026-09-12T02:01:12-05:00,PUR_IED_PabloN_S1103_50c94b,PUR_IED_PabloN_S1103_50c94b,,,,,
2026-09-12T02:01:12-05:00,PUR_IED_Palestina_S1101_db9198,PUR_IED_Palestina_S1101_db9198,,,,,
2026-09-12T02:01:12-05:00,PUR_IED_Palestina_S1102_dc54fa,PUR_IED_Palestina_S1102_dc54fa,,,,,
2026-09-12T02:01:12-05:00,PUR_IED_Palestina_ext_4ccce6,PUR_IED_Palestina_ext_4ccce6,,,,,
2026-09-12T02:01:12-05:00,PUR_IED_Panama_Fisica_4d0794,PUR_IED_Panama_Fisica_4d0794,,,,,
2026-09-12T02:01:12-05:00,PUR_IED_Panama_SIngles_a4077e,PUR_IED_Panama_SIngles_a4077e,,,,,
2026-09-12T02:01:12-05:00,PUR_IED_Panama_ext_4c54b4,PUR_IED_Panama_ext_4c54b4,,,,,
2026-09-12T02:01:12-05:00,PUR_IED_ParaisoM_Exterior_8cd7f0,PUR_IED_ParaisoM_Exterior_8cd7f0,,,,,
2026-09-12T02:01:12-05:00,PUR_IED_ParaisoM_Laborato_27af35,PUR_IED_ParaisoM_Laborato_27af35,,,,,
2026-09-12T02:01:12-05:00,PUR_IED_ParaisoM_S304_d1edca,PUR_IED_ParaisoM_S304_d1edca,,,,,
2026-09-12T02:01:12-05:00,PUR_IED_PorfirioBarba_Ext_301466,PUR_IED_PorfirioBarba_Ext_301466,,,,,
2026-09-12T02:01:12-05:00,PUR_IED_PorfirioBarba_S11_df6cd2,PUR_IED_PorfirioBarba_S11_df6cd2,,,,,
2026-09-12T02:01:12-05:00,PUR_IED_PorfirioBarba_S29_27a7d6,PUR_IED_PorfirioBarba_S29_27a7d6,,,,,
2026-09-12T02:01:12-05:00,PUR_IED_PradoV_Exter_8b27ad,PUR_IED_PradoV_Exter_8b27ad,,,,,
2026-09-12T02:01:12-05:00,PUR_IED_PradoV_S301_de65b5,PUR_IED_PradoV_S301_de65b5,,,,,
2026-09-12T02:01:12-05:00,PUR_IED_PradoV_S302_7d2593,PUR_IED_PradoV_S302_7d2593,,,,,
2026-09-12T02:01:12-05:00,PUR_IED_QuirogaAlz_Ext_1ddc82,PUR_IED_QuirogaAlz_Ext_1ddc82,,,,,
2026-09-12T02:01:12-05:00,PUR_IED_QuirogaAlz_S302_9926a3,PUR_IED_QuirogaAlz_S302_9926a3,,,,,
2026-09-12T02:01:12-05:00,PUR_IED_QuirogaAlz_S305_cdf1f1,PUR_IED_QuirogaAlz_S305_cdf1f1,,,,,
2026-09-12T02:01:12-05:00,PUR_IED_RGuatemala_Biling_dc53b7,PUR_IED_RGuatemala_Biling_dc53b7,,,,,
2026-09-12T02:01:12-05:00,PUR_IED_RGuatemala_Ext_1b89a3,PUR_IED_RGuatemala_Ext_1b89a3,,,,,
2026-09-12T02:01:12-05:00,PUR_IED_RGuatemala_Tecnol_281a34,PUR_IED_RGuatemala_Tecnol_281a34,,,,,
2026-09-12T02:01:12-05:00,PUR_IED_RafaNu_Ext_f7c302,PUR_IED_RafaNu_Ext_f7c302,,,,,
2026-09-12T02:01:12-05:00,PUR_IED_RafaNu_S1101_25fde,PUR_IED_RafaNu_S1101_25fde,,,,,
2026-09-12T02:01:12-05:00,PUR_IED_RafaNu_S1102_281517,PUR_IED_RafaNu_S1102_281517,,,,,
2026-09-12T02:01:12-05:00,PUR_IED_RafaelB_S305_ee2783,PUR_IED_RafaelB_S305_ee2783,,,,,
2026-09-12T02:01:12-05:00,PUR_IED_RafaelB_S306_75fe33,PUR_IED_RafaelB_S306_75fe33,,,,,
2026-09-12T02:01:12-05:00,PUR_IED_RafaelB_ext_283336,PUR_IED_RafaelB_ext_283336,3,18,61,4.6722,-74.0737
2026-09-12T02:01:12-05:00,PUR_IED_RafaelUU_Exterior_281a51,PUR_IED_RafaelUU_Exterior_281a51,,,,,
2026-09-12T02:01:12-05:00,PUR_IED_RafaelUU_Human_806b2,PUR_IED_RafaelUU_Human_806b2,,,,,
2026-09-12T02:01:12-05:00,PUR_IED_RafaelUU_Mate2_5680d4,PUR_IED_RafaelUU_Mate2_5680d4,,,,,
2026-09-12T02:01:12-05:00,PUR_IED_RamonSub_Ext_f9eeb9,PUR_IED_RamonSub_Ext_f9eeb9,,,,,
2026-09-12T02:01:12-05:00,PUR_IED_RamonSub_Media_d1f62f,PUR_IED_RamonSub_Media_d1f62f,,,,,
2026-09-12T02:01:12-05:00,PUR_IED_RamonSub_planta_51b82,PUR_IED_RamonSub_planta_51b82,,,,,
2026-09-12T02:01:12-05:00,PUR_IED_RepBoliVene_Exter_27af7c,PUR_IED_RepBoliVene_Exter_27af7c,,,,,
2026-09-12T02:01:12-05:00,PUR_IED_RepBoliVene_SCPT_5ae2ee,PUR_IED_RepBoliVene_SCPT_5ae2ee,,,,,
2026-09-12T02:01:12-05:00,PUR_IED_RepBoliVene_Socia_4b11d5,PUR_IED_RepBoliVene_Socia_4b11d5,,,,,
2026-09-12T02:01:12-05:00,PUR_IED_RepChina_Ext_76d9ee,PUR_IED_RepChina_Ext_76d9ee,,,,,
2026-09-12T02:01:12-05:00,PUR_IED_RepChina_S404_7c804c,PUR_IED_RepChina_S404_7c804c,,,,,
2026-09-12T02:01:12-05:00,PUR_IED_RepChina_S405_df2c33,PUR_IED_RepChina_S405_df2c33,,,,,
2026-09-12T02:01:12-05:00,PUR_IED_RepublicaC_Exteri_7d1ec9,PUR_IED_RepublicaC_Exteri_7d1ec9,,,,,
2026-09-12T02:01:12-05:00,PUR_IED_RepublicaC_S1101_f544b3,PUR_IED_RepublicaC_S1101_f544b3,,,,,
2026-09-12T02:01:12-05:00,PUR_IED_RepublicaC_S1102_7aafc7,PUR_IED_RepublicaC_S1102_7aafc7,,,,,
2026-09-12T02:01:12-05:00,PUR_IED_Ricaurte_Externo_a0ea1,PUR_IED_Ricaurte_Externo_a0ea1,,,,,
2026-09-12T02:01:12-05:00,PUR_IED_Ricaurte_S210_f546fd,PUR_IED_Ricaurte_S210_f546fd,,,,,
2026-09-12T02:01:12-05:00,PUR_IED_Ricaurte_S309_d4452,PUR_IED_Ricaurte_S309_d4452,,,,,
2026-09-12T02:01:12-05:00,PUR_IED_RogelioS_1102_531e69,PUR_IED_RogelioS_1102_531e69,,,,,
2026-09-12T02:01:12-05:00,PUR_IED_RogelioS_Ext_f25a18,PUR_IED_RogelioS_Ext_f25a18,,,,,
2026-09-12T02:01:12-05:00,PUR_IED_SBernardino_Ext_27aff8,PUR_IED_SBernardino_Ext_27aff8,,,,,
2026-09-12T02:01:12-05:00,PUR_IED_SBernardino_SArte_2ffd33,PUR_IED_SBernardino_SArte_2ffd33,,,,,
2026-09-12T02:01:12-05:00,PUR_IED_SBernardino_SIngl_7c7da5,PUR_IED_SBernardino_SIngl_7c7da5,,,,,
2026-09-12T02:01:12-05:00,PUR_IED_Sago_auditorio_dc9d1d,PUR_IED_Sago_auditorio_dc9d1d,,,,,
2026-09-12T02:01:12-05:00,PUR_IED_Saludcoop_Ext_95aac3,PUR_IED_Saludcoop_Ext_95aac3,,,,,
2026-09-12T02:01:12-05:00,PUR_IED_Saludcoop_InfI_90c854,PUR_IED_Saludcoop_InfI_90c854,,,,,
2026-09-12T02:01:12-05:00,PUR_IED_Saludcoop_SMedia_1b93be,PUR_IED_Saludcoop_SMedia_1b93be,,,,,
2026-09-12T02:01:12-05:00,PUR_IED_SanCarlos_1101_1a2360,PUR_IED_SanCarlos_1101_1a2360,,,,,
2026-09-12T02:01:12-05:00,PUR_IED_SanCarlos_1103_7bafb5,PUR_IED_SanCarlos_1103_7bafb5,,,,,
2026-09-12T02:01:12-05:00,PUR_IED_SanCarlos_Ext_b7cd1,PUR_IED_SanCarlos_Ext_b7cd1,,,,,
2026-09-12T02:01:12-05:00,PUR_IED_SanIgnacioBosa11a_50c26e,PUR_IED_SanIgnacioBosa11a_50c26e,,,,,
2026-09-12T02:01:12-05:00,PUR_IED_SanIgnacioBosa11b_371de8,PUR_IED_SanIgnacioBosa11b_371de8,,,,,
2026-09-12T02:01:12-05:00,PUR_IED_SanIgnacioBosaExt_ef0ffc,PUR_IED_SanIgnacioBosaExt_ef0ffc,,,,,
2026-09-12T02:01:12-05:00,PUR_IED_SanIgnacioBosa_11a_50c26e,PUR_IED_SanIgnacioBosa_11a_50c26e,,,,,
2026-09-12T02:01:12-05:00,PUR_IED_SanIgnacioBosa_Ext_ef0ffc,PUR_IED_SanIgnacioBosa_Ext_ef0ffc,,,,,
2026-09-12T02:01:12-05:00,PUR_IED_SanJoseN_intS1101_31c47f,PUR_IED_SanJoseN_intS1101_31c47f,,,,,
2026-09-12T02:01:12-05:00,PUR_IED_SanJoseUsm_Exter_f5d7e8,PUR_IED_SanJoseUsm_Exter_f5d7e8,,,,,
2026-09-12T02:01:12-05:00,PUR_IED_SanJoseUsm_Int11A_cfdef6,PUR_IED_SanJoseUsm_Int11A_cfdef6,,,,,
2026-09-12T02:01:12-05:00,PUR_IED_SilveriaR_IntB5_905349,PUR_IED_SilveriaR_IntB5_905349,,,,,
2026-09-12T02:01:12-05:00,PUR_IED_SilveriaR_IntSD14_981f93,PUR_IED_SilveriaR_IntSD14_981f93,,,,,
2026-09-12T02:01:12-05:00,PUR_IED_SilveriaR_ext_2b651d,PUR_IED_SilveriaR_ext_2b651d,,,,,
2026-09-12T02:01:12-05:00,PUR_IED_SimonB_Exterior_913975,PUR_IED_SimonB_Exterior_913975,,,,,
2026-09-12T02:01:12-05:00,PUR_IED_SimonB_LabQuimi_c56908,PUR_IED_SimonB_LabQuimi_c56908,,,,,
2026-09-12T02:01:12-05:00,PUR_IED_SimonB_informatic_a28c1,PUR_IED_SimonB_informatic_a28c1,,,,,
2026-09-12T02:01:12-05:00,PUR_IED_Sorrento_1102_315f50,PUR_IED_Sorrento_1102_315f50,,,,,
2026-09-12T02:01:12-05:00,PUR_IED_Sorrento_Minte_214eab,PUR_IED_Sorrento_Minte_214eab,,,,,
2026-09-12T02:01:12-05:00,PUR_IED_Sorrento_ext_7c3a0a,PUR_IED_Sorrento_ext_7c3a0a,,,,,
2026-09-12T02:01:12-05:00,PUR_IED_Tabora_Ext_f048ae,PUR_IED_Tabora_Ext_f048ae,,,,,
2026-09-12T02:01:12-05:00,PUR_IED_Tabora_S1102_b07752,PUR_IED_Tabora_S1102_b07752,,,,,
2026-09-12T02:01:12-05:00,PUR_IED_Tabora_S1103_d988f5,PUR_IED_Tabora_S1103_d988f5,,,,,
2026-09-12T02:01:12-05:00,PUR_IED_Tenerife_Ext_1ab188,PUR_IED_Tenerife_Ext_1ab188,,,,,
2026-09-12T02:01:12-05:00,PUR_IED_Tenerife_SDanzas_7bc02e,PUR_IED_Tenerife_SDanzas_7bc02e,,,,,
2026-09-12T02:01:12-05:00,PUR_IED_Tenerife_SIngles_7cc277,PUR_IED_Tenerife_SIngles_7cc277,,,,,
2026-09-12T02:01:12-05:00,PUR_IED_Tibabuyes_Exter_f2683d,PUR_IED_Tibabuyes_Exter_f2683d,,,,,
2026-09-12T02:01:12-05:00,PUR_IED_Tibabuyes_S10_dc87a8,PUR_IED_Tibabuyes_S10_dc87a8,,,,,
2026-09-12T02:01:12-05:00,PUR_IED_Tibabuyes_S15_dc0526,PUR_IED_Tibabuyes_S15_dc0526,,,,,
2026-09-12T02:01:12-05:00,PUR_IED_UnionE_S301_a1043,PUR_IED_UnionE_S301_a1043,,,,,
2026-09-12T02:01:12-05:00,PUR_IED_UnionE_S307_ff6c2f,PUR_IED_UnionE_S307_ff6c2f,,,,,
2026-09-12T02:01:12-05:00,PUR_IED_UnionE__Ext_5e2468,PUR_IED_UnionE__Ext_5e2468,,,,,
2026-09-12T02:01:12-05:00,PUR_IED_VillaRica_Ext_75be7c,PUR_IED_VillaRica_Ext_75be7c,,,,,
2026-09-12T02:01:12-05:00,PUR_IED_VillaRica_S4_cc5dcd,PUR_IED_VillaRica_S4_cc5dcd,,,,,
2026-09-12T02:01:12-05:00,PUR_IED_VillaRica_Sesp_99f5c,PUR_IED_VillaRica_Sesp_99f5c,,,,,
2026-09-12T02:06:07-05:00,PUR_IED_20deJulio_1101_91b1b9,PUR_IED_20deJulio_1101_91b1b9,,,,,
2026-09-12T02:06:07-05:00,PUR_IED_20deJulio_1102_1cfcf9,PUR_IED_20deJulio_1102_1cfcf9,,,,,
2026-09-12T02:06:07-05:00,PUR_IED_20deJulio_Ext_ab60bd,PUR_IED_20deJulio_Ext_ab60bd,,,,,
2026-09-12T02:06:07-05:00,PUR_IED_AgustinFer_Ext_7b9b77,PUR_IED_AgustinFer_Ext_7b9b77,,,,,
2026-09-12T02:06:07-05:00,PUR_IED_AgustinFer_Info2_27b3a7,PUR_IED_AgustinFer_Info2_27b3a7,,,,,
2026-09-12T02:06:07-05:00,PUR_IED_AgustinFer_Sena_54b4eb,PUR_IED_AgustinFer_Sena_54b4eb,,,,,
2026-09-12T02:06:07-05:00,PUR_IED_AlexanderF_1102_caf07b,PUR_IED_AlexanderF_1102_caf07b,,,,,
2026-09-12T02:06:07-05:00,PUR_IED_AlexanderF_1103_c79e71,PUR_IED_AlexanderF_1103_c79e71,,,,,
2026-09-12T02:06:07-05:00,PUR_IED_AlexanderF_Ext_c5b18b,PUR_IED_AlexanderF_Ext_c5b18b,,,,,
2026-09-12T02:06:07-05:00,PUR_IED_AlfonsoLopez_Ext_281d77,PUR_IED_AlfonsoLopez_Ext_281d77,,,,,
2026-09-12T02:06:07-05:00,PUR_IED_AlfonsoLopez_LabF_888ce0,PUR_IED_AlfonsoLopez_LabF_888ce0,,,,,
2026-09-12T02:06:07-05:00,PUR_IED_AlfonsoLopez_SMed_df6a7f,PUR_IED_AlfonsoLopez_SMed_df6a7f,,,,,
2026-09-12T02:06:07-05:00,PUR_IED_AltamiraSO_A2_209f92,PUR_IED_AltamiraSO_A2_209f92,,,,,
2026-09-12T02:06:07-05:00,PUR_IED_AltamiraSO_Ext_186d66,PUR_IED_AltamiraSO_Ext_186d66,,,,,
2026-09-12T02:06:07-05:00,PUR_IED_AltamiraSO_Sistem_27afe1,PUR_IED_AltamiraSO_Sistem_27afe1,,,,,
2026-09-12T02:06:07-05:00,PUR_IED_AlvaroGom_LabQuim_813179,PUR_IED_AlvaroGom_LabQuim_813179,,,,,
2026-09-12T02:06:07-05:00,PUR_IED_AlvaroGomez_Ext_47c7ca,PUR_IED_AlvaroGomez_Ext_47c7ca,,,,,
2026-09-12T02:06:07-05:00,PUR_IED_AlvaroGomez_LabQuim_813179,PUR_IED_AlvaroGomez_LabQuim_813179,,,,,
2026-09-12T02:06:07-05:00,PUR_IED_AlvaroGomez_S23_7ba89f,PUR_IED_AlvaroGomez_S23_7ba89f,,,,,
2026-09-12T02:06:07-05:00,PUR_IED_Amistad_306_dc8728,PUR_IED_Amistad_306_dc8728,,,,,
2026-09-12T02:06:07-05:00,PUR_IED_Amistad_Ext_8cd55e,PUR_IED_Amistad_Ext_8cd55e,,,,,
2026-09-12T02:06:07-05:00,PUR_IED_Amistad_S202_a41169,PUR_IED_Amistad_S202_a41169,,,,,
2026-09-12T02:06:07-05:00,PUR_IED_AndresBello_Bio_fd5f5e,PUR_IED_AndresBello_Bio_fd5f5e,,,,,
2026-09-12T02:06:07-05:00,PUR_IED_AndresBello_ext_dcad65,PUR_IED_AndresBello_ext_dcad65,,,,,
2026-09-12T02:06:07-05:00,PUR_IED_AndresBello_port_eed3ec,PUR_IED_AndresBello_port_eed3ec,,,,,
2026-09-12T02:06:07-05:00,PUR_IED_AngelaR_11b_d90a6b,PUR_IED_AngelaR_11b_d90a6b,,,,,
2026-09-12T02:06:07-05:00,PUR_IED_AngelaR_ext_7cad3e,PUR_IED_AngelaR_ext_7cad3e,12,20,60,4.5825,-74.164497
2026-09-12T02:06:07-05:00,PUR_IED_AntJoseSucre_10mo_df2575,PUR_IED_AntJoseSucre_10mo_df2575,,,,,
2026-09-12T02:06:07-05:00,PUR_IED_AntJoseSucre_Ext_215b36,PUR_IED_AntJoseSucre_Ext_215b36,,,,,
2026-09-12T02:06:07-05:00,PUR_IED_AntJoseSucre_Lab_3139de,PUR_IED_AntJoseSucre_Lab_3139de,,,,,
2026-09-12T02:06:07-05:00,PUR_IED_AntonioGarcia_301_d6b188,PUR_IED_AntonioGarcia_301_d6b188,,,,,
2026-09-12T02:06:07-05:00,PUR_IED_AntonioGarcia_302_88a82,PUR_IED_AntonioGarcia_302_88a82,,,,,
2026-09-12T02:06:07-05:00,PUR_IED_AntonioGarcia_Ext_20950c,PUR_IED_AntonioGarcia_Ext_20950c,,,,,
2026-09-12T02:06:07-05:00,PUR_IED_AntonioVan_Aula2_6dea02,PUR_IED_AntonioVan_Aula2_6dea02,,,,,
2026-09-12T02:06:07-05:00,PUR_IED_AntonioVan_Aula5_f1557e,PUR_IED_AntonioVan_Aula5_f1557e,,,,,
2026-09-12T02:06:07-05:00,PUR_IED_AntonioVan_Ext_406f2f,PUR_IED_AntonioVan_Ext_406f2f,,,,,
2026-09-12T02:06:07-05:00,PUR_IED_Atabanzha_Ext_cc5af9,PUR_IED_Atabanzha_Ext_cc5af9,,,,,
2026-09-12T02:06:07-05:00,PUR_IED_Atabanzha_SA101_56c37,PUR_IED_Atabanzha_SA101_56c37,,,,,
2026-09-12T02:06:07-05:00,PUR_IED_Atabanzha_SB302_27b374,PUR_IED_Atabanzha_SB302_27b374,,,,,
2026-09-12T02:06:07-05:00,PUR_IED_Atahualpa_Ext_fc1748,PUR_IED_Atahualpa_Ext_fc1748,,,,,
2026-09-12T02:06:07-05:00,PUR_IED_Atahualpa_Informa_dc9a95,PUR_IED_Atahualpa_Informa_dc9a95,,,,,
2026-09-12T02:06:07-05:00,PUR_IED_Atahualpa_S1101_f98056,PUR_IED_Atahualpa_S1101_f98056,,,,,
2026-09-12T02:06:07-05:00,PUR_IED_Bellavista_Ext_f5aa74,PUR_IED_Bellavista_Ext_f5aa74,,,,,
2026-09-12T02:06:07-05:00,PUR_IED_Bilbao_11A_916c41,PUR_IED_Bilbao_11A_916c41,,,,,
2026-09-12T02:06:07-05:00,PUR_IED_Bilbao_Ext_fb579a,PUR_IED_Bilbao_Ext_fb579a,,,,,
2026-09-12T02:06:07-05:00,PUR_IED_BrasiliaU_A125_304280,PUR_IED_BrasiliaU_A125_304280,,,,,
2026-09-12T02:06:07-05:00,PUR_IED_BrasiliaU_A203_7c8ca5,PUR_IED_BrasiliaU_A203_7c8ca5,,,,,
2026-09-12T02:06:07-05:00,PUR_IED_BrasiliaU_Ext_8d6e9f,PUR_IED_BrasiliaU_Ext_8d6e9f,3,17,61,4.5175,-74.116302
2026-09-12T02:06:07-05:00,PUR_IED_Brasilia_Ext_fe6593,PUR_IED_Brasilia_Ext_fe6593,,,,,
2026-09-12T02:06:07-05:00,PUR_IED_Brasilia_S24_7c130d,PUR_IED_Brasilia_S24_7c130d,,,,,
2026-09-12T02:06:07-05:00,PUR_IED_Brasilia_S501_186a54,PUR_IED_Brasilia_S501_186a54,,,,,
2026-09-12T02:06:07-05:00,PUR_IED_CHARRY_EXT_f1d5cd,PUR_IED_CHARRY_EXT_f1d5cd,,,,,
2026-09-12T02:06:07-05:00,PUR_IED_CHARRY_INTDANZAS_7a08e6,PUR_IED_CHARRY_INTDANZAS_7a08e6,,,,,
2026-09-12T02:06:07-05:00,PUR_IED_CHARRY_INT_AULA20_dc998d,PUR_IED_CHARRY_INT_AULA20_dc998d,,,,,
2026-09-12T02:06:07-05:00,PUR_IED_COLVIV_1101_S25_7f520a,PUR_IED_COLVIV_1101_S25_7f520a,,,,,
2026-09-12T02:06:07-05:00,PUR_IED_COLVIV_1102_S16_f570ba,PUR_IED_COLVIV_1102_S16_f570ba,,,,,
2026-09-12T02:06:07-05:00,PUR_IED_COLVIV_Ext_1a26fa,PUR_IED_COLVIV_Ext_1a26fa,,,,,
2026-09-12T02:06:07-05:00,PUR_IED_CULPOP_301A_f660f3,PUR_IED_CULPOP_301A_f660f3,,,,,
2026-09-12T02:06:07-05:00,PUR_IED_CULPOP_303_568afe,PUR_IED_CULPOP_303_568afe,,,,,
2026-09-12T02:06:07-05:00,PUR_IED_CULPOP_Ext_e02ccb,PUR_IED_CULPOP_Ext_e02ccb,,,,,
2026-09-12T02:06:07-05:00,PUR_IED_CVillavicen_Ext_26eb58,PUR_IED_CVillavicen_Ext_26eb58,4,15,76,4.487,-74.102798
2026-09-12T02:06:07-05:00,PUR_IED_CVillavicen_Intel_1ce5c2,PUR_IED_CVillavicen_Intel_1ce5c2,,,,,
2026-09-12T02:06:07-05:00,PUR_IED_CVillavicen_Poliv_e0766c,PUR_IED_CVillavicen_Poliv_e0766c,,,,,
2026-09-12T02:06:07-05:00,PUR_IED_CVillavicen_int_1ba140,PUR_IED_CVillavicen_int_1ba140,,,,,
2026-09-12T02:06:07-05:00,PUR_IED_CVillavicen_intel_1ba140,PUR_IED_CVillavicen_intel_1ba140,,,,,
2026-09-12T02:06:07-05:00,PUR_IED_CarlosPizarro_Ext_e307cc,PUR_IED_CarlosPizarro_Ext_e307cc,,,,,
2026-09-12T02:06:07-05:00,PUR_IED_CarlosPizarro_L36_7e5cdb,PUR_IED_CarlosPizarro_L36_7e5cdb,,,,,
2026-09-12T02:06:07-05:00,PUR_IED_CarlosPizarro_L37_c8566c,PUR_IED_CarlosPizarro_L37_c8566c,,,,,
2026-09-12T02:06:07-05:00,PUR_IED_Castilla_Ext_cf35f,PUR_IED_Castilla_Ext_cf35f,,,,,
2026-09-12T02:06:07-05:00,PUR_IED_Castilla_SFisik_360e38,PUR_IED_Castilla_SFisik_360e38,,,,,
2026-09-12T02:06:07-05:00,PUR_IED_Castilla_Sc304_496fbf,PUR_IED_Castilla_Sc304_496fbf,,,,,
2026-09-12T02:06:07-05:00,PUR_IED_CervantesSa_Ext_6b57b,PUR_IED_CervantesSa_Ext_6b57b,3,17,67,4.5128,-74.117203
2026-09-12T02:06:07-05:00,PUR_IED_CervantesSa_S107_225c2b,PUR_IED_CervantesSa_S107_225c2b,,,,,
2026-09-12T02:06:07-05:00,PUR_IED_CervantesSa_S108_940925,PUR_IED_CervantesSa_S108_940925,,,,,
2026-09-12T02:06:07-05:00,PUR_IED_Charry_A20_f53e7c,PUR_IED_Charry_A20_f53e7c,,,,,
2026-09-12T02:06:07-05:00,PUR_IED_Charry_Ext_f1d5cd,PUR_IED_Charry_Ext_f1d5cd,,,,,
2026-09-12T02:06:07-05:00,PUR_IED_Charry_IntAula20_dc998d,PUR_IED_Charry_IntAula20_dc998d,,,,,
2026-09-12T02:06:07-05:00,PUR_IED_Charry_IntDanzas_7a08e6,PUR_IED_Charry_IntDanzas_7a08e6,,,,,
2026-09-12T02:06:07-05:00,PUR_IED_ClememciaC_203_43e2fc,PUR_IED_ClememciaC_203_43e2fc,,,,,
2026-09-12T02:06:07-05:00,PUR_IED_ClememciaC_Ext_1b411a,PUR_IED_ClememciaC_Ext_1b411a,,,,,
2026-09-12T02:06:07-05:00,PUR_IED_ClememciaC_Quimic_44b5fc,PUR_IED_ClememciaC_Quimic_44b5fc,,,,,
2026-09-12T02:06:07-05:00,PUR_IED_ClemenciaC_203_43e2fc,PUR_IED_ClemenciaC_203_43e2fc,,,,,
2026-09-12T02:06:07-05:00,PUR_IED_ClemenciaC_Ext_1b411a,PUR_IED_ClemenciaC_Ext_1b411a,,,,,
2026-09-12T02:06:07-05:00,PUR_IED_ClemenciaC_Quimic_44b5fc,PUR_IED_ClemenciaC_Quimic_44b5fc,,,,,
2026-09-12T02:06:07-05:00,PUR_IED_ColViva_1101_S25_7f520a,PUR_IED_ColViva_1101_S25_7f520a,,,,,
2026-09-12T02:06:07-05:00,PUR_IED_ColViva_1102_S16_f570ba,PUR_IED_ColViva_1102_S16_f570ba,,,,,
2026-09-12T02:06:07-05:00,PUR_IED_ColViva_Ext_1a26fa,PUR_IED_ColViva_Ext_1a26fa,,,,,
2026-09-12T02:06:07-05:00,PUR_IED_ColegioBici_Asist_7c8798,PUR_IED_ColegioBici_Asist_7c8798,,,,,
2026-09-12T02:06:07-05:00,PUR_IED_ColegioBici_Ext_25cbf6,PUR_IED_ColegioBici_Ext_25cbf6,,,,,
2026-09-12T02:06:07-05:00,PUR_IED_ColegioBici_LabQ_7b57db,PUR_IED_ColegioBici_LabQ_7b57db,,,,,
2026-09-12T02:06:07-05:00,PUR_IED_CostaRica_Ext_5e640,PUR_IED_CostaRica_Ext_5e640,,,,,
2026-09-12T02:06:07-05:00,PUR_IED_CostaRica_Quim1_766d1c,PUR_IED_CostaRica_Quim1_766d1c,,,,,
2026-09-12T02:06:07-05:00,PUR_IED_CostaRica__Fisica_6f0873,PUR_IED_CostaRica__Fisica_6f0873,,,,,
2026-09-12T02:06:07-05:00,PUR_IED_CulPopu_301A_f660f3,PUR_IED_CulPopu_301A_f660f3,,,,,
2026-09-12T02:06:07-05:00,PUR_IED_CulPopu_303_568afe,PUR_IED_CulPopu_303_568afe,,,,,
2026-09-12T02:06:07-05:00,PUR_IED_CulPopu_Ext_e02ccb,PUR_IED_CulPopu_Ext_e02ccb,,,,,
2026-09-12T02:06:07-05:00,PUR_IED_Cundinamarca_Ext_f15985,PUR_IED_Cundinamarca_Ext_f15985,,,,,
2026-09-12T02:06:07-05:00,PUR_IED_Cundinamarca_Info_7aa5d7,PUR_IED_Cundinamarca_Info_7aa5d7,,,,,
2026-09-12T02:06:07-05:00,PUR_IED_Cundinamarca_Tec2_f449c7,PUR_IED_Cundinamarca_Tec2_f449c7,,,,,
2026-09-12T02:06:07-05:00,PUR_IED_DiegoM_Aula1_27b314,PUR_IED_DiegoM_Aula1_27b314,,,,,
2026-09-12T02:06:07-05:00,PUR_IED_DiegoM_Ext_d80ac8,PUR_IED_DiegoM_Ext_d80ac8,,,,,
2026-09-12T02:06:07-05:00,PUR_IED_DiegoM_S25_da928f,PUR_IED_DiegoM_S25_da928f,,,,,
2026-09-12T02:06:07-05:00,PUR_IED_ELRODEO_360881,PUR_IED_ELRODEO_360881,,,,,
2026-09-12T02:06:07-05:00,PUR_IED_ELRODEO_ext_360881,PUR_IED_ELRODEO_ext_360881,,,,,
2026-09-12T02:06:07-05:00,PUR_IED_EduardoU_Ext_1c1969,PUR_IED_EduardoU_Ext_1c1969,,,,,
2026-09-12T02:06:07-05:00,PUR_IED_EduardoU_SCiencia_4dfb94,PUR_IED_EduardoU_SCiencia_4dfb94,,,,,
2026-09-12T02:06:07-05:00,PUR_IED_EduardoU_SQuimica_5a46e7,PUR_IED_EduardoU_SQuimica_5a46e7,,,,,
2026-09-12T02:06:07-05:00,PUR_IED_ElRodeo_Aula14_676984,PUR_IED_ElRodeo_Aula14_676984,,,,,
2026-09-12T02:06:07-05:00,PUR_IED_ElRodeo_Aula16_2dd35b,PUR_IED_ElRodeo_Aula16_2dd35b,,,,,
2026-09-12T02:06:07-05:00,PUR_IED_ElRodeo_Ext_360881,PUR_IED_ElRodeo_Ext_360881,,,,,
2026-09-12T02:06:07-05:00,PUR_IED_ElRodeo_Exterior_8c6d28,PUR_IED_ElRodeo_Exterior_8c6d28,,,,,
2026-09-12T02:06:07-05:00,PUR_IED_ElRodeo_ext_360881,PUR_IED_ElRodeo_ext_360881,,,,,
2026-09-12T02:06:07-05:00,PUR_IED_EmmaReyes_Ext_987625,PUR_IED_EmmaReyes_Ext_987625,15,21,53,4.6367,-74.1511
2026-09-12T02:06:07-05:00,PUR_IED_Ensueño_Ext_7f0250,PUR_IED_Ensueño_Ext_7f0250,,,,,
2026-09-12T02:06:07-05:00,PUR_IED_EscNormal_Ext_5fef3b,PUR_IED_EscNormal_Ext_5fef3b,3,18,61,4.5852,-74.096901
2026-09-12T02:06:07-05:00,PUR_IED_EscNormal_S309_5b263,PUR_IED_EscNormal_S309_5b263,,,,,
2026-09-12T02:06:07-05:00,PUR_IED_EscNormal_S310_27b3b8,PUR_IED_EscNormal_S310_27b3b8,,,,,
2026-09-12T02:06:07-05:00,PUR_IED_Evangelista_Conta_f6cd4f,PUR_IED_Evangelista_Conta_f6cd4f,,,,,
2026-09-12T02:06:07-05:00,PUR_IED_Evangelista_Cri_5e16a,PUR_IED_Evangelista_Cri_5e16a,,,,,
2026-09-12T02:06:07-05:00,PUR_IED_Evangelista_Exter_754066,PUR_IED_Evangelista_Exter_754066,,,,,
2026-09-12T02:06:07-05:00,PUR_IED_FMiranda_S209_5cc2a3,PUR_IED_FMiranda_S209_5cc2a3,,,,,
2026-09-12T02:06:07-05:00,PUR_IED_FMiranda_S303_19e344,PUR_IED_FMiranda_S303_19e344,,,,,
2026-09-12T02:06:07-05:00,PUR_IED_FMiranda_ext_f53e7c,PUR_IED_FMiranda_ext_f53e7c,,,,,
2026-09-12T02:06:07-05:00,PUR_IED_FabioLozano_Bibli_1cee05,PUR_IED_FabioLozano_Bibli_1cee05,,,,,
2026-09-12T02:06:07-05:00,PUR_IED_FabioLozano_Ext_6ea285,PUR_IED_FabioLozano_Ext_6ea285,,,,,
2026-09-12T02:06:07-05:00,PUR_IED_FabioLozano_SLudi_f09e1e,PUR_IED_FabioLozano_SLudi_f09e1e,,,,,
2026-09-12T02:06:07-05:00,PUR_IED_FaustinoS_Aula07_27a731,PUR_IED_FaustinoS_Aula07_27a731,,,,,
2026-09-12T02:06:07-05:00,PUR_IED_FaustinoS_Ext_7b936f,PUR_IED_FaustinoS_Ext_7b936f,,,,,
2026-09-12T02:06:07-05:00,PUR_IED_FaustinoS_Fisica_da2c60,PUR_IED_FaustinoS_Fisica_da2c60,,,,,
2026-09-12T02:06:07-05:00,PUR_IED_FeGarciaLo_Ext_dc68ee,PUR_IED_FeGarciaLo_Ext_dc68ee,,,,,
2026-09-12T02:06:07-05:00,PUR_IED_FeGarciaLo_SDanza_f70a59,PUR_IED_FeGarciaLo_SDanza_f70a59,,,,,
2026-09-12T02:06:07-05:00,PUR_IED_FeGarciaLo_SMusic_125cdd,PUR_IED_FeGarciaLo_SMusic_125cdd,,,,,
2026-09-12T02:06:07-05:00,PUR_IED_FederalAlema_Exte_50c345,PUR_IED_FederalAlema_Exte_50c345,,,,,
2026-09-12T02:06:07-05:00,PUR_IED_FederalAlema_S31_f18371,PUR_IED_FederalAlema_S31_f18371,,,,,
2026-09-12T02:06:07-05:00,PUR_IED_FederalAlema_S901_a62cd,PUR_IED_FederalAlema_S901_a62cd,,,,,
2026-09-12T02:06:07-05:00,PUR_IED_FilarmonicaS_A5_f35eb1,PUR_IED_FilarmonicaS_A5_f35eb1,,,,,
2026-09-12T02:06:07-05:00,PUR_IED_FilarmonicaS_Ext_8a3bde,PUR_IED_FilarmonicaS_Ext_8a3bde,,,,,
2026-09-12T02:06:07-05:00,PUR_IED_FilarmonicaS_Spol_406114,PUR_IED_FilarmonicaS_Spol_406114,,,,,
2026-09-12T02:06:07-05:00,PUR_IED_FlorentinoG_A13_d1fa59,PUR_IED_FlorentinoG_A13_d1fa59,,,,,
2026-09-12T02:06:07-05:00,PUR_IED_FlorentinoG_Ext_1ce6ce,PUR_IED_FlorentinoG_Ext_1ce6ce,,,,,
2026-09-12T02:06:07-05:00,PUR_IED_FlorentinoG_Idiom_a66aac,PUR_IED_FlorentinoG_Idiom_a66aac,,,,,
2026-09-12T02:06:07-05:00,PUR_IED_FranciscoMati_Ext_e3869d,PUR_IED_FranciscoMati_Ext_e3869d,,,,,
2026-09-12T02:06:07-05:00,PUR_IED_FranciscoMati_S13_f31c67,PUR_IED_FranciscoMati_S13_f31c67,,,,,
2026-09-12T02:06:07-05:00,PUR_IED_FranciscoMati_S14_97dead,PUR_IED_FranciscoMati_S14_97dead,,,,,
2026-09-12T02:06:07-05:00,PUR_IED_FranciscoPS_Ext_7bfa9a,PUR_IED_FranciscoPS_Ext_7bfa9a,2,20,58,4.5899,-74.110397
2026-09-12T02:06:07-05:00,PUR_IED_FranciscoPS_Infor_fb8f4c,PUR_IED_FranciscoPS_Infor_fb8f4c,,,,,
2026-09-12T02:06:07-05:00,PUR_IED_FranciscoPS_Quimi_94d39c,PUR_IED_FranciscoPS_Quimi_94d39c,,,,,
2026-09-12T02:06:07-05:00,PUR_IED_FranciscoP_LabQ_d7e148,PUR_IED_FranciscoP_LabQ_d7e148,,,,,
2026-09-12T02:06:07-05:00,PUR_IED_FranciscoP_S28_cf9b30,PUR_IED_FranciscoP_S28_cf9b30,,,,,
2026-09-12T02:06:07-05:00,PUR_IED_FranciscoP_ext_e2313,PUR_IED_FranciscoP_ext_e2313,,,,,
2026-09-12T02:06:07-05:00,PUR_IED_FriederichN_Ext_8ac92a,PUR_IED_FriederichN_Ext_8ac92a,,,,,
2026-09-12T02:06:07-05:00,PUR_IED_FriederichN_S301_dd7e5a,PUR_IED_FriederichN_S301_dd7e5a,,,,,
2026-09-12T02:06:07-05:00,PUR_IED_FriederichN_S308_761f4f,PUR_IED_FriederichN_S308_761f4f,,,,,
2026-09-12T02:06:07-05:00,PUR_IED_GSantander_Aula10_533dd7,PUR_IED_GSantander_Aula10_533dd7,,,,,
2026-09-12T02:06:07-05:00,PUR_IED_GSantander_Aula12_fd4e4f,PUR_IED_GSantander_Aula12_fd4e4f,,,,,
2026-09-12T02:06:07-05:00,PUR_IED_GSantander_Aula310_533dd7,PUR_IED_GSantander_Aula310_533dd7,,,,,
2026-09-12T02:06:07-05:00,PUR_IED_GSantander_Aula312_fd4e4f,PUR_IED_GSantander_Aula312_fd4e4f,,,,,
2026-09-12T02:06:07-05:00,PUR_IED_GSantander_Ext_5f66b0,PUR_IED_GSantander_Ext_5f66b0,,,,,
2026-09-12T02:06:07-05:00,PUR_IED_GYomasa_Ext_f6bea5,PUR_IED_GYomasa_Ext_f6bea5,,,,,
2026-09-12T02:06:07-05:00,PUR_IED_GYomasa_LBiol_2c41aa,PUR_IED_GYomasa_LBiol_2c41aa,,,,,
2026-09-12T02:06:07-05:00,PUR_IED_GYomasa_LQuim_33c80,PUR_IED_GYomasa_LQuim_33c80,,,,,
2026-09-12T02:06:07-05:00,PUR_IED_GabBetMejia_Cienc_5a99c,PUR_IED_GabBetMejia_Cienc_5a99c,,,,,
2026-09-12T02:06:07-05:00,PUR_IED_GabBetMejia_Ext_9153d0,PUR_IED_GabBetMejia_Ext_9153d0,,,,,
2026-09-12T02:06:07-05:00,PUR_IED_GabBetMejia_Lab_f55347,PUR_IED_GabBetMejia_Lab_f55347,,,,,
2026-09-12T02:06:07-05:00,PUR_IED_GabBetanMejia_Ext_9153d0,PUR_IED_GabBetanMejia_Ext_9153d0,,,,,
2026-09-12T02:06:07-05:00,PUR_IED_Gaitana_Aula13_7aac11,PUR_IED_Gaitana_Aula13_7aac11,,,,,
2026-09-12T02:06:07-05:00,PUR_IED_Gaitana_Ext_5fcf4,PUR_IED_Gaitana_Ext_5fcf4,,,,,
2026-09-12T02:06:07-05:00,PUR_IED_Gaitana_LabFisica_644448,PUR_IED_Gaitana_LabFisica_644448,,,,,
2026-09-12T02:06:07-05:00,PUR_IED_GenSantander_Dise_8ac858,PUR_IED_GenSantander_Dise_8ac858,,,,,
2026-09-12T02:06:07-05:00,PUR_IED_GenSantander_Ext_8d5dfe,PUR_IED_GenSantander_Ext_8d5dfe,,,,,
2026-09-12T02:06:07-05:00,PUR_IED_GenSantander_Info_6c25b,PUR_IED_GenSantander_Info_6c25b,,,,,
2026-09-12T02:06:07-05:00,PUR_IED_GustavoMo_Exterio_75e63d,PUR_IED_GustavoMo_Exterio_75e63d,,,,,
2026-09-12T02:06:07-05:00,PUR_IED_GustavoMo_LabFisi_224d37,PUR_IED_GustavoMo_LabFisi_224d37,,,,,
2026-09-12T02:06:07-05:00,PUR_IED_GustavoMo_S208_3e6918,PUR_IED_GustavoMo_S208_3e6918,,,,,
2026-09-12T02:06:07-05:00,PUR_IED_GustavoR_A02_8cd4a8,PUR_IED_GustavoR_A02_8cd4a8,,,,,
2026-09-12T02:06:07-05:00,PUR_IED_GustavoR_B11_5b0ed,PUR_IED_GustavoR_B11_5b0ed,,,,,
2026-09-12T02:06:07-05:00,PUR_IED_GustavoR_Ext_7a0c90,PUR_IED_GustavoR_Ext_7a0c90,,,,,
2026-09-12T02:06:07-05:00,PUR_IED_HernandoDuran_Ext_8cd82b,PUR_IED_HernandoDuran_Ext_8cd82b,,,,,
2026-09-12T02:06:07-05:00,PUR_IED_HernandoDuran_S24_2772c6,PUR_IED_HernandoDuran_S24_2772c6,,,,,
2026-09-12T02:06:07-05:00,PUR_IED_HernandoDuran_S30_f2de41,PUR_IED_HernandoDuran_S30_f2de41,,,,,
2026-09-12T02:06:07-05:00,PUR_IED_HolguInUr_S1101_8cd732,PUR_IED_HolguInUr_S1101_8cd732,,,,,
2026-09-12T02:06:07-05:00,PUR_IED_HolguinUr_Exter_ddae6d,PUR_IED_HolguinUr_Exter_ddae6d,,,,,
2026-09-12T02:06:07-05:00,PUR_IED_HolguinUr_LabQuim_92b952,PUR_IED_HolguinUr_LabQuim_92b952,,,,,
2026-09-12T02:06:07-05:00,PUR_IED_Isabel-II_Ext_5245cc,PUR_IED_Isabel-II_Ext_5245cc,13,18,60,4.6336,-74.153
2026-09-12T02:06:07-05:00,PUR_IED_Isabel-II_S_idiom_1c29aa,PUR_IED_Isabel-II_S_idiom_1c29aa,,,,,
2026-09-12T02:06:07-05:00,PUR_IED_Isabel-II_S_infor_fd741,PUR_IED_Isabel-II_S_infor_fd741,,,,,
2026-09-12T02:06:07-05:00,PUR_IED_IsidroSur_Exterio_5b90ea,PUR_IED_IsidroSur_Exterio_5b90ea,,,,,
2026-09-12T02:06:07-05:00,PUR_IED_IsidroSur_LabTec_56697a,PUR_IED_IsidroSur_LabTec_56697a,,,,,
2026-09-12T02:06:07-05:00,PUR_IED_IsidroSur_Robotic_b7c38f,PUR_IED_IsidroSur_Robotic_b7c38f,,,,,
2026-09-12T02:06:07-05:00,PUR_IED_IsmaelPerd_Ext_7b6672,PUR_IED_IsmaelPerd_Ext_7b6672,,,,,
2026-09-12T02:06:07-05:00,PUR_IED_IsmaelPerd_Inform_306540,PUR_IED_IsmaelPerd_Inform_306540,,,,,
2026-09-12T02:06:07-05:00,PUR_IED_IsmaelPerd_S30_2e2c83,PUR_IED_IsmaelPerd_S30_2e2c83,,,,,
2026-09-12T02:06:07-05:00,PUR_IED_JLozano_Exter_432910,PUR_IED_JLozano_Exter_432910,,,,,
2026-09-12T02:06:07-05:00,PUR_IED_JLozano_salaMulti_df5125,PUR_IED_JLozano_salaMulti_df5125,,,,,
2026-09-12T02:06:07-05:00,PUR_IED_JMCordoba_206_86f80b,PUR_IED_JMCordoba_206_86f80b,,,,,
2026-09-12T02:06:07-05:00,PUR_IED_JMCordoba_Ext_27ad97,PUR_IED_JMCordoba_Ext_27ad97,,,,,
2026-09-12T02:06:07-05:00,PUR_IED_JMCordoba_S310_d59ab4,PUR_IED_JMCordoba_S310_d59ab4,,,,,
2026-09-12T02:06:07-05:00,PUR_IED_Japon_Ext_549100,PUR_IED_Japon_Ext_549100,,,,,
2026-09-12T02:06:07-05:00,PUR_IED_Japon_Laboratorio_bec51d,PUR_IED_Japon_Laboratorio_bec51d,,,,,
2026-09-12T02:06:07-05:00,PUR_IED_Japon_informatica_d99327,PUR_IED_Japon_informatica_d99327,,,,,
2026-09-12T02:06:07-05:00,PUR_IED_Jazmin_Ext_d27bda,PUR_IED_Jazmin_Ext_d27bda,,,,,
2026-09-12T02:06:07-05:00,PUR_IED_Jazmin_Fisica_8d14d7,PUR_IED_Jazmin_Fisica_8d14d7,,,,,
2026-09-12T02:06:07-05:00,PUR_IED_Jazmin_Quimica_801cb5,PUR_IED_Jazmin_Quimica_801cb5,,,,,
2026-09-12T02:06:07-05:00,PUR_IED_JorgeGaitan_Exter_f098d1,PUR_IED_JorgeGaitan_Exter_f098d1,,,,,
2026-09-12T02:06:07-05:00,PUR_IED_JorgeGaitan_STec1_dc9d1d,PUR_IED_JorgeGaitan_STec1_dc9d1d,,,,,
2026-09-12T02:06:07-05:00,PUR_IED_JorgeGaitan_STec2_281e69,PUR_IED_JorgeGaitan_STec2_281e69,,,,,
2026-09-12T02:06:07-05:00,PUR_IED_JorgeSoto_Exterio_d9d0a2,PUR_IED_JorgeSoto_Exterio_d9d0a2,,,,,
2026-09-12T02:06:07-05:00,PUR_IED_JorgeSoto_LabFisi_209c54,PUR_IED_JorgeSoto_LabFisi_209c54,,,,,
2026-09-12T02:06:07-05:00,PUR_IED_JorgeSoto_S103_27b51a,PUR_IED_JorgeSoto_S103_27b51a,,,,,
2026-09-12T02:06:07-05:00,PUR_IED_JoseAcevedo_A02_e965eb,PUR_IED_JoseAcevedo_A02_e965eb,,,,,
2026-09-12T02:06:07-05:00,PUR_IED_JoseAcevedo_A07_dd5b4,PUR_IED_JoseAcevedo_A07_dd5b4,,,,,
2026-09-12T02:06:07-05:00,PUR_IED_JoseAcevedo_Ext_b47484,PUR_IED_JoseAcevedo_Ext_b47484,,,,,
2026-09-12T02:06:07-05:00,PUR_IED_JoseMarti_Exte_5b9bf,PUR_IED_JoseMarti_Exte_5b9bf,,,,,
2026-09-12T02:06:07-05:00,PUR_IED_JoseMarti_LabQuim_1c6c2d,PUR_IED_JoseMarti_LabQuim_1c6c2d,,,,,
2026-09-12T02:06:07-05:00,PUR_IED_JoseMarti_S_info_f5f177,PUR_IED_JoseMarti_S_info_f5f177,,,,,
2026-09-12T02:06:07-05:00,PUR_IED_Josejoaquin_Ext_dfc5dc,PUR_IED_Josejoaquin_Ext_dfc5dc,,,,,
2026-09-12T02:06:07-05:00,PUR_IED_Josejoaquin_S05_5b2a96,PUR_IED_Josejoaquin_S05_5b2a96,,,,,
2026-09-12T02:06:07-05:00,PUR_IED_Josejoaquin_S06_1ce7d2,PUR_IED_Josejoaquin_S06_1ce7d2,,,,,
2026-09-12T02:06:07-05:00,PUR_IED_JulioFlorez_Danza_9b82dd,PUR_IED_JulioFlorez_Danza_9b82dd,,,,,
2026-09-12T02:06:07-05:00,PUR_IED_JulioFlorez_Exter_f9f314,PUR_IED_JulioFlorez_Exter_f9f314,,,,,
2026-09-12T02:06:07-05:00,PUR_IED_JulioFlorez_info2_6b6e08,PUR_IED_JulioFlorez_info2_6b6e08,,,,,
2026-09-12T02:06:07-05:00,PUR_IED_LaBelleza_Aula13_1d00d8,PUR_IED_LaBelleza_Aula13_1d00d8,,,,,
2026-09-12T02:06:07-05:00,PUR_IED_LaBelleza_Ext_7bc08c,PUR_IED_LaBelleza_Ext_7bc08c,,,,,
2026-09-12T02:06:07-05:00,PUR_IED_LaChucua_Ext_8cd6d2,PUR_IED_LaChucua_Ext_8cd6d2,,,,,
2026-09-12T02:06:07-05:00,PUR_IED_LaChucua_S15_f578ce,PUR_IED_LaChucua_S15_f578ce,,,,,
2026-09-12T02:06:07-05:00,PUR_IED_LaChucua_S16_eebcf9,PUR_IED_LaChucua_S16_eebcf9,,,,,
2026-09-12T02:06:07-05:00,PUR_IED_LaFelicidad_Ext_fb5109,PUR_IED_LaFelicidad_Ext_fb5109,,,,,
2026-09-12T02:06:07-05:00,PUR_IED_LaMerced_206_66ebd,PUR_IED_LaMerced_206_66ebd,,,,,
2026-09-12T02:06:07-05:00,PUR_IED_LaMerced_207_6ebd6,PUR_IED_LaMerced_207_6ebd6,,,,,
2026-09-12T02:06:07-05:00,PUR_IED_LaMerced_ext_304311,PUR_IED_LaMerced_ext_304311,,,,,
2026-09-12T02:06:07-05:00,PUR_IED_Laureano_CiencNat_281e5e,PUR_IED_Laureano_CiencNat_281e5e,,,,,
2026-09-12T02:06:07-05:00,PUR_IED_Laureano_Comedor_f65c0a,PUR_IED_Laureano_Comedor_f65c0a,,,,,
2026-09-12T02:06:07-05:00,PUR_IED_Laureano_Exterior_7ab011,PUR_IED_Laureano_Exterior_7ab011,,,,,
2026-09-12T02:06:07-05:00,PUR_IED_LeonGreiff_Exte_dfe560,PUR_IED_LeonGreiff_Exte_dfe560,,,,,
2026-09-12T02:06:07-05:00,PUR_IED_LeonGreiff_S210_f264ed,PUR_IED_LeonGreiff_S210_f264ed,,,,,
2026-09-12T02:06:07-05:00,PUR_IED_LeonGreiff_SQuimi_e8296f,PUR_IED_LeonGreiff_SQuimi_e8296f,,,,,
2026-09-12T02:06:07-05:00,PUR_IED_LlanoOrientalS208_7b9fcd,PUR_IED_LlanoOrientalS208_7b9fcd,,,,,
2026-09-12T02:06:07-05:00,PUR_IED_LlanoOriental_Ext_fb3766,PUR_IED_LlanoOriental_Ext_fb3766,,,,,
2026-09-12T02:06:07-05:00,PUR_IED_LlanoOriental_S208_7b9fcd,PUR_IED_LlanoOriental_S208_7b9fcd,,,,,
2026-09-12T02:06:07-05:00,PUR_IED_LlanoOriental_S9_27b378,PUR_IED_LlanoOriental_S9_27b378,,,,,
2026-09-12T02:06:07-05:00,PUR_IED_LosTejares_1101_477602,PUR_IED_LosTejares_1101_477602,,,,,
2026-09-12T02:06:07-05:00,PUR_IED_LosTejares_11_d2c595,PUR_IED_LosTejares_11_d2c595,,,,,
2026-09-12T02:06:07-05:00,PUR_IED_LosTejares_12_477602,PUR_IED_LosTejares_12_477602,,,,,
2026-09-12T02:06:07-05:00,PUR_IED_LosTejares_Ext_8e2115,PUR_IED_LosTejares_Ext_8e2115,,,,,
2026-09-12T02:06:07-05:00,PUR_IED_MagdalenaO_B202_5ddda3,PUR_IED_MagdalenaO_B202_5ddda3,,,,,
2026-09-12T02:06:07-05:00,PUR_IED_MagdalenaO_B205_fb76e8,PUR_IED_MagdalenaO_B205_fb76e8,,,,,
2026-09-12T02:06:07-05:00,PUR_IED_MagdalenaO_ext_dc69cd,PUR_IED_MagdalenaO_ext_dc69cd,,,,,
2026-09-12T02:06:07-05:00,PUR_IED_ManueCepeda_artes_eee956,PUR_IED_ManueCepeda_artes_eee956,,,,,
2026-09-12T02:06:07-05:00,PUR_IED_ManuelCepeda_Ext_58313,PUR_IED_ManuelCepeda_Ext_58313,,,,,
2026-09-12T02:06:07-05:00,PUR_IED_ManuelCepeda_tec_1c5731,PUR_IED_ManuelCepeda_tec_1c5731,,,,,
2026-09-12T02:06:07-05:00,PUR_IED_ManuelS_Exterior_5b269,PUR_IED_ManuelS_Exterior_5b269,,,,,
2026-09-12T02:06:07-05:00,PUR_IED_ManuelS_Inform_f369ce,PUR_IED_ManuelS_Inform_f369ce,,,,,
2026-09-12T02:06:07-05:00,PUR_IED_ManuelS_SArtes_7d15f1,PUR_IED_ManuelS_SArtes_7d15f1,,,,,
2026-09-12T02:06:07-05:00,PUR_IED_ManuelZapata_303_3ca6,PUR_IED_ManuelZapata_303_3ca6,,,,,
2026-09-12T02:06:07-05:00,PUR_IED_ManuelZapata_311_bfbabc,PUR_IED_ManuelZapata_311_bfbabc,,,,,
2026-09-12T02:06:07-05:00,PUR_IED_ManuelZapata_Ext_50824a,PUR_IED_ManuelZapata_Ext_50824a,,,,,
2026-09-12T02:06:07-05:00,PUR_IED_ManuelitaS_Exteri_656a92,PUR_IED_ManuelitaS_Exteri_656a92,,,,,
2026-09-12T02:06:07-05:00,PUR_IED_ManuelitaS_JuzgDe_f58ec3,PUR_IED_ManuelitaS_JuzgDe_f58ec3,,,,,
2026-09-12T02:06:07-05:00,PUR_IED_ManuelitaS_Recrea_d793db,PUR_IED_ManuelitaS_Recrea_d793db,,,,,
2026-09-12T02:06:07-05:00,PUR_IED_MarFidSuarez_Ext_c27b19,PUR_IED_MarFidSuarez_Ext_c27b19,,,,,
2026-09-12T02:06:07-05:00,PUR_IED_MarFidSuarez_Info_e384d7,PUR_IED_MarFidSuarez_Info_e384d7,,,,,
2026-09-12T02:06:07-05:00,PUR_IED_MarFidSuarez_S306_1d0032,PUR_IED_MarFidSuarez_S306_1d0032,,,,,
2026-09-12T02:06:07-05:00,PUR_IED_Menorah_301_2a25a3,PUR_IED_Menorah_301_2a25a3,,,,,
2026-09-12T02:06:07-05:00,PUR_IED_Menorah_306_37ed3,PUR_IED_Menorah_306_37ed3,,,,,
2026-09-12T02:06:07-05:00,PUR_IED_Menorah_Ext_3e155b,PUR_IED_Menorah_Ext_3e155b,,,,,
2026-09-12T02:06:07-05:00,PUR_IED_MinutoB.Aires_A11_1b1604,PUR_IED_MinutoB.Aires_A11_1b1604,,,,,
2026-09-12T02:06:07-05:00,PUR_IED_MinutoB.Aires_A12_fb5860,PUR_IED_MinutoB.Aires_A12_fb5860,,,,,
2026-09-12T02:06:07-05:00,PUR_IED_MinutoB.Aires_Ext_81293f,PUR_IED_MinutoB.Aires_Ext_81293f,,,,,
2026-09-12T02:06:07-05:00,PUR_IED_MinutoBAires_A11_1b1604,PUR_IED_MinutoBAires_A11_1b1604,,,,,
2026-09-12T02:06:07-05:00,PUR_IED_MinutoBAires_A12_fb5860,PUR_IED_MinutoBAires_A12_fb5860,,,,,
2026-09-12T02:06:07-05:00,PUR_IED_MinutoBAires_Ext_81293f,PUR_IED_MinutoBAires_Ext_81293f,,,,,
2026-09-12T02:06:07-05:00,PUR_IED_Montreal_Aula10_1e4959,PUR_IED_Montreal_Aula10_1e4959,,,,,
2026-09-12T02:06:07-05:00,PUR_IED_Montreal_Aula6_300367,PUR_IED_Montreal_Aula6_300367,,,,,
2026-09-12T02:06:07-05:00,PUR_IED_Montreal_Exterior_91a179,PUR_IED_Montreal_Exterior_91a179,,,,,
2026-09-12T02:06:07-05:00,PUR_IED_Mqgdalena_B202_5ddda3,PUR_IED_Mqgdalena_B202_5ddda3,,,,,
2026-09-12T02:06:07-05:00,PUR_IED_NACUND_Soc_dc8728,PUR_IED_NACUND_Soc_dc8728,,,,,
2026-09-12T02:06:07-05:00,PUR_IED_NACUND_ext_27ad97,PUR_IED_NACUND_ext_27ad97,,,,,
2026-09-12T02:06:07-05:00,PUR_IED_NEsperanza_Ext_d24b61,PUR_IED_NEsperanza_Ext_d24b61,,,,,
2026-09-12T02:06:07-05:00,PUR_IED_NEsperanza_SElect_7d1807,PUR_IED_NEsperanza_SElect_7d1807,,,,,
2026-09-12T02:06:07-05:00,PUR_IED_NEsperanza_SLabor_8b2d0a,PUR_IED_NEsperanza_SLabor_8b2d0a,,,,,
2026-09-12T02:06:07-05:00,PUR_IED_NacionesU_Ext_f661a9,PUR_IED_NacionesU_Ext_f661a9,,,,,
2026-09-12T02:06:07-05:00,PUR_IED_NacionesU_Quimica_66f0a,PUR_IED_NacionesU_Quimica_66f0a,,,,,
2026-09-12T02:06:07-05:00,PUR_IED_NacionesU_S306_1b4b3d,PUR_IED_NacionesU_S306_1b4b3d,,,,,
2026-09-12T02:06:07-05:00,PUR_IED_NestorFA_Ext_e4201c,PUR_IED_NestorFA_Ext_e4201c,,,,,
2026-09-12T02:06:07-05:00,PUR_IED_NestorFA_Laborato_f22fe0,PUR_IED_NestorFA_Laborato_f22fe0,,,,,
2026-09-12T02:06:07-05:00,PUR_IED_NestorFA_S204_dee996,PUR_IED_NestorFA_S204_dee996,,,,,
2026-09-12T02:06:07-05:00,PUR_IED_NidyaQT_Aula03_76999b,PUR_IED_NidyaQT_Aula03_76999b,,,,,
2026-09-12T02:06:07-05:00,PUR_IED_NidyaQT_Aula10_56325,PUR_IED_NidyaQT_Aula10_56325,,,,,
2026-09-12T02:06:07-05:00,PUR_IED_NidyaQT_Ext_46e32d,PUR_IED_NidyaQT_Ext_46e32d,,,,,
2026-09-12T02:06:07-05:00,PUR_IED_NuevaCol_Exterior_d9b859,PUR_IED_NuevaCol_Exterior_d9b859,,,,,
2026-09-12T02:06:07-05:00,PUR_IED_NuevaCol_S1101_76c43b,PUR_IED_NuevaCol_S1101_76c43b,,,,,
2026-09-12T02:06:07-05:00,PUR_IED_NuevaCol_S1102_1ce0b5,PUR_IED_NuevaCol_S1102_1ce0b5,,,,,
2026-09-12T02:06:07-05:00,PUR_IED_OEA_A202_f7e3f2,PUR_IED_OEA_A202_f7e3f2,,,,,
2026-09-12T02:06:07-05:00,PUR_IED_OEA_A203_7d1b8d,PUR_IED_OEA_A203_7d1b8d,,,,,
2026-09-12T02:06:07-05:00,PUR_IED_OEA_Ext_27b593,PUR_IED_OEA_Ext_27b593,,,,,
2026-09-12T02:06:07-05:00,PUR_IED_Ochoa_Ext_1c29da,PUR_IED_Ochoa_Ext_1c29da,,,,,
2026-09-12T02:06:07-05:00,PUR_IED_Ochoa_S205_8b1121,PUR_IED_Ochoa_S205_8b1121,,,,,
2026-09-12T02:06:07-05:00,PUR_IED_Ochoa_Sistemas_f33af6,PUR_IED_Ochoa_Sistemas_f33af6,,,,,
2026-09-12T02:06:07-05:00,PUR_IED_PQuebec_Ext_1c67c7,PUR_IED_PQuebec_Ext_1c67c7,,,,,
2026-09-12T02:06:07-05:00,PUR_IED_PQuebec_S15_23e8e2,PUR_IED_PQuebec_S15_23e8e2,,,,,
2026-09-12T02:06:07-05:00,PUR_IED_PQuebec_S16_8ec76b,PUR_IED_PQuebec_S16_8ec76b,,,,,
2026-09-12T02:06:07-05:00,PUR_IED_PabloN_Ext_49dc96,PUR_IED_PabloN_Ext_49dc96,,,,,
2026-09-12T02:06:07-05:00,PUR_IED_PabloN_S1102_4e3df5,PUR_IED_PabloN_S1102_4e3df5,,,,,
2026-09-12T02:06:07-05:00,PUR_IED_PabloN_S1103_50c94b,PUR_IED_PabloN_S1103_50c94b,,,,,
2026-09-12T02:06:07-05:00,PUR_IED_Palestina_S1101_db9198,PUR_IED_Palestina_S1101_db9198,,,,,
2026-09-12T02:06:07-05:00,PUR_IED_Palestina_S1102_dc54fa,PUR_IED_Palestina_S1102_dc54fa,,,,,
2026-09-12T02:06:07-05:00,PUR_IED_Palestina_ext_4ccce6,PUR_IED_Palestina_ext_4ccce6,,,,,
2026-09-12T02:06:07-05:00,PUR_IED_Panama_Fisica_4d0794,PUR_IED_Panama_Fisica_4d0794,,,,,
2026-09-12T02:06:07-05:00,PUR_IED_Panama_SIngles_a4077e,PUR_IED_Panama_SIngles_a4077e,,,,,
2026-09-12T02:06:07-05:00,PUR_IED_Panama_ext_4c54b4,PUR_IED_Panama_ext_4c54b4,,,,,
2026-09-12T02:06:07-05:00,PUR_IED_ParaisoM_Exterior_8cd7f0,PUR_IED_ParaisoM_Exterior_8cd7f0,,,,,
2026-09-12T02:06:07-05:00,PUR_IED_ParaisoM_Laborato_27af35,PUR_IED_ParaisoM_Laborato_27af35,,,,,
2026-09-12T02:06:07-05:00,PUR_IED_ParaisoM_S304_d1edca,PUR_IED_ParaisoM_S304_d1edca,,,,,
2026-09-12T02:06:07-05:00,PUR_IED_PorfirioBarba_Ext_301466,PUR_IED_PorfirioBarba_Ext_301466,,,,,
2026-09-12T02:06:07-05:00,PUR_IED_PorfirioBarba_S11_df6cd2,PUR_IED_PorfirioBarba_S11_df6cd2,,,,,
2026-09-12T02:06:07-05:00,PUR_IED_PorfirioBarba_S29_27a7d6,PUR_IED_PorfirioBarba_S29_27a7d6,,,,,
2026-09-12T02:06:07-05:00,PUR_IED_PradoV_Exter_8b27ad,PUR_IED_PradoV_Exter_8b27ad,,,,,
2026-09-12T02:06:07-05:00,PUR_IED_PradoV_S301_de65b5,PUR_IED_PradoV_S301_de65b5,,,,,
2026-09-12T02:06:07-05:00,PUR_IED_PradoV_S302_7d2593,PUR_IED_PradoV_S302_7d2593,,,,,
2026-09-12T02:06:07-05:00,PUR_IED_QuirogaAlz_Ext_1ddc82,PUR_IED_QuirogaAlz_Ext_1ddc82,,,,,
2026-09-12T02:06:07-05:00,PUR_IED_QuirogaAlz_S302_9926a3,PUR_IED_QuirogaAlz_S302_9926a3,,,,,
2026-09-12T02:06:07-05:00,PUR_IED_QuirogaAlz_S305_cdf1f1,PUR_IED_QuirogaAlz_S305_cdf1f1,,,,,
2026-09-12T02:06:07-05:00,PUR_IED_RGuatemala_Biling_dc53b7,PUR_IED_RGuatemala_Biling_dc53b7,,,,,
2026-09-12T02:06:07-05:00,PUR_IED_RGuatemala_Ext_1b89a3,PUR_IED_RGuatemala_Ext_1b89a3,,,,,
2026-09-12T02:06:07-05:00,PUR_IED_RGuatemala_Tecnol_281a34,PUR_IED_RGuatemala_Tecnol_281a34,,,,,
2026-09-12T02:06:07-05:00,PUR_IED_RafaNu_Ext_f7c302,PUR_IED_RafaNu_Ext_f7c302,,,,,
2026-09-12T02:06:07-05:00,PUR_IED_RafaNu_S1101_25fde,PUR_IED_RafaNu_S1101_25fde,,,,,
2026-09-12T02:06:07-05:00,PUR_IED_RafaNu_S1102_281517,PUR_IED_RafaNu_S1102_281517,,,,,
2026-09-12T02:06:07-05:00,PUR_IED_RafaelB_S305_ee2783,PUR_IED_RafaelB_S305_ee2783,,,,,
2026-09-12T02:06:07-05:00,PUR_IED_RafaelB_S306_75fe33,PUR_IED_RafaelB_S306_75fe33,,,,,
2026-09-12T02:06:07-05:00,PUR_IED_RafaelB_ext_283336,PUR_IED_RafaelB_ext_283336,4,18,60,4.6722,-74.0737
2026-09-12T02:06:07-05:00,PUR_IED_RafaelUU_Exterior_281a51,PUR_IED_RafaelUU_Exterior_281a51,,,,,
2026-09-12T02:06:07-05:00,PUR_IED_RafaelUU_Human_806b2,PUR_IED_RafaelUU_Human_806b2,,,,,
2026-09-12T02:06:07-05:00,PUR_IED_RafaelUU_Mate2_5680d4,PUR_IED_RafaelUU_Mate2_5680d4,,,,,
2026-09-12T02:06:07-05:00,PUR_IED_RamonSub_Ext_f9eeb9,PUR_IED_RamonSub_Ext_f9eeb9,,,,,
2026-09-12T02:06:07-05:00,PUR_IED_RamonSub_Media_d1f62f,PUR_IED_RamonSub_Media_d1f62f,,,,,
2026-09-12T02:06:07-05:00,PUR_IED_RamonSub_planta_51b82,PUR_IED_RamonSub_planta_51b82,,,,,
2026-09-12T02:06:07-05:00,PUR_IED_RepBoliVene_Exter_27af7c,PUR_IED_RepBoliVene_Exter_27af7c,,,,,
2026-09-12T02:06:07-05:00,PUR_IED_RepBoliVene_SCPT_5ae2ee,PUR_IED_RepBoliVene_SCPT_5ae2ee,,,,,
2026-09-12T02:06:07-05:00,PUR_IED_RepBoliVene_Socia_4b11d5,PUR_IED_RepBoliVene_Socia_4b11d5,,,,,
2026-09-12T02:06:07-05:00,PUR_IED_RepChina_Ext_76d9ee,PUR_IED_RepChina_Ext_76d9ee,,,,,
2026-09-12T02:06:07-05:00,PUR_IED_RepChina_S404_7c804c,PUR_IED_RepChina_S404_7c804c,,,,,
2026-09-12T02:06:07-05:00,PUR_IED_RepChina_S405_df2c33,PUR_IED_RepChina_S405_df2c33,,,,,
2026-09-12T02:06:07-05:00,PUR_IED_RepublicaC_Exteri_7d1ec9,PUR_IED_RepublicaC_Exteri_7d1ec9,,,,,
2026-09-12T02:06:07-05:00,PUR_IED_RepublicaC_S1101_f544b3,PUR_IED_RepublicaC_S1101_f544b3,,,,,
2026-09-12T02:06:07-05:00,PUR_IED_RepublicaC_S1102_7aafc7,PUR_IED_RepublicaC_S1102_7aafc7,,,,,
2026-09-12T02:06:07-05:00,PUR_IED_Ricaurte_Externo_a0ea1,PUR_IED_Ricaurte_Externo_a0ea1,,,,,
2026-09-12T02:06:07-05:00,PUR_IED_Ricaurte_S210_f546fd,PUR_IED_Ricaurte_S210_f546fd,,,,,
2026-09-12T02:06:07-05:00,PUR_IED_Ricaurte_S309_d4452,PUR_IED_Ricaurte_S309_d4452,,,,,
2026-09-12T02:06:07-05:00,PUR_IED_RogelioS_1102_531e69,PUR_IED_RogelioS_1102_531e69,,,,,
2026-09-12T02:06:07-05:00,PUR_IED_RogelioS_Ext_f25a18,PUR_IED_RogelioS_Ext_f25a18,,,,,
2026-09-12T02:06:07-05:00,PUR_IED_SBernardino_Ext_27aff8,PUR_IED_SBernardino_Ext_27aff8,,,,,
2026-09-12T02:06:07-05:00,PUR_IED_SBernardino_SArte_2ffd33,PUR_IED_SBernardino_SArte_2ffd33,,,,,
2026-09-12T02:06:07-05:00,PUR_IED_SBernardino_SIngl_7c7da5,PUR_IED_SBernardino_SIngl_7c7da5,,,,,
2026-09-12T02:06:07-05:00,PUR_IED_Sago_auditorio_dc9d1d,PUR_IED_Sago_auditorio_dc9d1d,,,,,
2026-09-12T02:06:07-05:00,PUR_IED_Saludcoop_Ext_95aac3,PUR_IED_Saludcoop_Ext_95aac3,,,,,
2026-09-12T02:06:07-05:00,PUR_IED_Saludcoop_InfI_90c854,PUR_IED_Saludcoop_InfI_90c854,,,,,
2026-09-12T02:06:07-05:00,PUR_IED_Saludcoop_SMedia_1b93be,PUR_IED_Saludcoop_SMedia_1b93be,,,,,
2026-09-12T02:06:07-05:00,PUR_IED_SanCarlos_1101_1a2360,PUR_IED_SanCarlos_1101_1a2360,,,,,
2026-09-12T02:06:07-05:00,PUR_IED_SanCarlos_1103_7bafb5,PUR_IED_SanCarlos_1103_7bafb5,,,,,
2026-09-12T02:06:07-05:00,PUR_IED_SanCarlos_Ext_b7cd1,PUR_IED_SanCarlos_Ext_b7cd1,,,,,
2026-09-12T02:06:07-05:00,PUR_IED_SanIgnacioBosa11a_50c26e,PUR_IED_SanIgnacioBosa11a_50c26e,,,,,
2026-09-12T02:06:07-05:00,PUR_IED_SanIgnacioBosa11b_371de8,PUR_IED_SanIgnacioBosa11b_371de8,,,,,
2026-09-12T02:06:07-05:00,PUR_IED_SanIgnacioBosaExt_ef0ffc,PUR_IED_SanIgnacioBosaExt_ef0ffc,,,,,
2026-09-12T02:06:07-05:00,PUR_IED_SanIgnacioBosa_11a_50c26e,PUR_IED_SanIgnacioBosa_11a_50c26e,,,,,
2026-09-12T02:06:07-05:00,PUR_IED_SanIgnacioBosa_Ext_ef0ffc,PUR_IED_SanIgnacioBosa_Ext_ef0ffc,,,,,
2026-09-12T02:06:07-05:00,PUR_IED_SanJoseN_intS1101_31c47f,PUR_IED_SanJoseN_intS1101_31c47f,,,,,
2026-09-12T02:06:07-05:00,PUR_IED_SanJoseUsm_Exter_f5d7e8,PUR_IED_SanJoseUsm_Exter_f5d7e8,,,,,
2026-09-12T02:06:07-05:00,PUR_IED_SanJoseUsm_Int11A_cfdef6,PUR_IED_SanJoseUsm_Int11A_cfdef6,,,,,
2026-09-12T02:06:07-05:00,PUR_IED_SilveriaR_IntB5_905349,PUR_IED_SilveriaR_IntB5_905349,,,,,
2026-09-12T02:06:07-05:00,PUR_IED_SilveriaR_IntSD14_981f93,PUR_IED_SilveriaR_IntSD14_981f93,,,,,
2026-09-12T02:06:07-05:00,PUR_IED_SilveriaR_ext_2b651d,PUR_IED_SilveriaR_ext_2b651d,,,,,
2026-09-12T02:06:07-05:00,PUR_IED_SimonB_Exterior_913975,PUR_IED_SimonB_Exterior_913975,,,,,
2026-09-12T02:06:07-05:00,PUR_IED_SimonB_LabQuimi_c56908,PUR_IED_SimonB_LabQuimi_c56908,,,,,
2026-09-12T02:06:07-05:00,PUR_IED_SimonB_informatic_a28c1,PUR_IED_SimonB_informatic_a28c1,,,,,
2026-09-12T02:06:07-05:00,PUR_IED_Sorrento_1102_315f50,PUR_IED_Sorrento_1102_315f50,,,,,
2026-09-12T02:06:07-05:00,PUR_IED_Sorrento_Minte_214eab,PUR_IED_Sorrento_Minte_214eab,,,,,
2026-09-12T02:06:07-05:00,PUR_IED_Sorrento_ext_7c3a0a,PUR_IED_Sorrento_ext_7c3a0a,,,,,
2026-09-12T02:06:07-05:00,PUR_IED_Tabora_Ext_f048ae,PUR_IED_Tabora_Ext_f048ae,,,,,
2026-09-12T02:06:07-05:00,PUR_IED_Tabora_S1102_b07752,PUR_IED_Tabora_S1102_b07752,,,,,
2026-09-12T02:06:07-05:00,PUR_IED_Tabora_S1103_d988f5,PUR_IED_Tabora_S1103_d988f5,,,,,
2026-09-12T02:06:07-05:00,PUR_IED_Tenerife_Ext_1ab188,PUR_IED_Tenerife_Ext_1ab188,,,,,
2026-09-12T02:06:07-05:00,PUR_IED_Tenerife_SDanzas_7bc02e,PUR_IED_Tenerife_SDanzas_7bc02e,,,,,
2026-09-12T02:06:07-05:00,PUR_IED_Tenerife_SIngles_7cc277,PUR_IED_Tenerife_SIngles_7cc277,,,,,
2026-09-12T02:06:07-05:00,PUR_IED_Tibabuyes_Exter_f2683d,PUR_IED_Tibabuyes_Exter_f2683d,,,,,
2026-09-12T02:06:07-05:00,PUR_IED_Tibabuyes_S10_dc87a8,PUR_IED_Tibabuyes_S10_dc87a8,,,,,
2026-09-12T02:06:07-05:00,PUR_IED_Tibabuyes_S15_dc0526,PUR_IED_Tibabuyes_S15_dc0526,,,,,
2026-09-12T02:06:07-05:00,PUR_IED_UnionE_S301_a1043,PUR_IED_UnionE_S301_a1043,,,,,
2026-09-12T02:06:07-05:00,PUR_IED_UnionE_S307_ff6c2f,PUR_IED_UnionE_S307_ff6c2f,,,,,
2026-09-12T02:06:07-05:00,PUR_IED_UnionE__Ext_5e2468,PUR_IED_UnionE__Ext_5e2468,,,,,
2026-09-12T02:06:07-05:00,PUR_IED_VillaRica_Ext_75be7c,PUR_IED_VillaRica_Ext_75be7c,,,,,
2026-09-12T02:06:07-05:00,PUR_IED_VillaRica_S4_cc5dcd,PUR_IED_VillaRica_S4_cc5dcd,,,,,
2026-09-12T02:06:07-05:00,PUR_IED_VillaRica_Sesp_99f5c,PUR_IED_VillaRica_Sesp_99f5c,,,,,
2026-09-12T02:11:10-05:00,PUR_IED_20deJulio_1101_91b1b9,PUR_IED_20deJulio_1101_91b1b9,,,,,
2026-09-12T02:11:10-05:00,PUR_IED_20deJulio_1102_1cfcf9,PUR_IED_20deJulio_1102_1cfcf9,,,,,
2026-09-12T02:11:10-05:00,PUR_IED_20deJulio_Ext_ab60bd,PUR_IED_20deJulio_Ext_ab60bd,,,,,
2026-09-12T02:11:10-05:00,PUR_IED_AgustinFer_Ext_7b9b77,PUR_IED_AgustinFer_Ext_7b9b77,,,,,
2026-09-12T02:11:10-05:00,PUR_IED_AgustinFer_Info2_27b3a7,PUR_IED_AgustinFer_Info2_27b3a7,,,,,
2026-09-12T02:11:10-05:00,PUR_IED_AgustinFer_Sena_54b4eb,PUR_IED_AgustinFer_Sena_54b4eb,,,,,
2026-09-12T02:11:10-05:00,PUR_IED_AlexanderF_1102_caf07b,PUR_IED_AlexanderF_1102_caf07b,,,,,
2026-09-12T02:11:10-05:00,PUR_IED_AlexanderF_1103_c79e71,PUR_IED_AlexanderF_1103_c79e71,,,,,
2026-09-12T02:11:10-05:00,PUR_IED_AlexanderF_Ext_c5b18b,PUR_IED_AlexanderF_Ext_c5b18b,,,,,
2026-09-12T02:11:10-05:00,PUR_IED_AlfonsoLopez_Ext_281d77,PUR_IED_AlfonsoLopez_Ext_281d77,,,,,
2026-09-12T02:11:10-05:00,PUR_IED_AlfonsoLopez_LabF_888ce0,PUR_IED_AlfonsoLopez_LabF_888ce0,,,,,
2026-09-12T02:11:10-05:00,PUR_IED_AlfonsoLopez_SMed_df6a7f,PUR_IED_AlfonsoLopez_SMed_df6a7f,,,,,
2026-09-12T02:11:10-05:00,PUR_IED_AltamiraSO_A2_209f92,PUR_IED_AltamiraSO_A2_209f92,,,,,
2026-09-12T02:11:10-05:00,PUR_IED_AltamiraSO_Ext_186d66,PUR_IED_AltamiraSO_Ext_186d66,,,,,
2026-09-12T02:11:10-05:00,PUR_IED_AltamiraSO_Sistem_27afe1,PUR_IED_AltamiraSO_Sistem_27afe1,,,,,
2026-09-12T02:11:10-05:00,PUR_IED_AlvaroGom_LabQuim_813179,PUR_IED_AlvaroGom_LabQuim_813179,,,,,
2026-09-12T02:11:10-05:00,PUR_IED_AlvaroGomez_Ext_47c7ca,PUR_IED_AlvaroGomez_Ext_47c7ca,,,,,
2026-09-12T02:11:10-05:00,PUR_IED_AlvaroGomez_LabQuim_813179,PUR_IED_AlvaroGomez_LabQuim_813179,,,,,
2026-09-12T02:11:10-05:00,PUR_IED_AlvaroGomez_S23_7ba89f,PUR_IED_AlvaroGomez_S23_7ba89f,,,,,
2026-09-12T02:11:10-05:00,PUR_IED_Amistad_306_dc8728,PUR_IED_Amistad_306_dc8728,,,,,
2026-09-12T02:11:10-05:00,PUR_IED_Amistad_Ext_8cd55e,PUR_IED_Amistad_Ext_8cd55e,,,,,
2026-09-12T02:11:10-05:00,PUR_IED_Amistad_S202_a41169,PUR_IED_Amistad_S202_a41169,,,,,
2026-09-12T02:11:10-05:00,PUR_IED_AndresBello_Bio_fd5f5e,PUR_IED_AndresBello_Bio_fd5f5e,,,,,
2026-09-12T02:11:10-05:00,PUR_IED_AndresBello_ext_dcad65,PUR_IED_AndresBello_ext_dcad65,,,,,
2026-09-12T02:11:10-05:00,PUR_IED_AndresBello_port_eed3ec,PUR_IED_AndresBello_port_eed3ec,,,,,
2026-09-12T02:11:10-05:00,PUR_IED_AngelaR_11b_d90a6b,PUR_IED_AngelaR_11b_d90a6b,,,,,
2026-09-12T02:11:10-05:00,PUR_IED_AngelaR_ext_7cad3e,PUR_IED_AngelaR_ext_7cad3e,13,20,60,4.5825,-74.164497
2026-09-12T02:11:10-05:00,PUR_IED_AntJoseSucre_10mo_df2575,PUR_IED_AntJoseSucre_10mo_df2575,,,,,
2026-09-12T02:11:10-05:00,PUR_IED_AntJoseSucre_Ext_215b36,PUR_IED_AntJoseSucre_Ext_215b36,,,,,
2026-09-12T02:11:10-05:00,PUR_IED_AntJoseSucre_Lab_3139de,PUR_IED_AntJoseSucre_Lab_3139de,,,,,
2026-09-12T02:11:10-05:00,PUR_IED_AntonioGarcia_301_d6b188,PUR_IED_AntonioGarcia_301_d6b188,,,,,
2026-09-12T02:11:10-05:00,PUR_IED_AntonioGarcia_302_88a82,PUR_IED_AntonioGarcia_302_88a82,,,,,
2026-09-12T02:11:10-05:00,PUR_IED_AntonioGarcia_Ext_20950c,PUR_IED_AntonioGarcia_Ext_20950c,,,,,
2026-09-12T02:11:10-05:00,PUR_IED_AntonioVan_Aula2_6dea02,PUR_IED_AntonioVan_Aula2_6dea02,,,,,
2026-09-12T02:11:10-05:00,PUR_IED_AntonioVan_Aula5_f1557e,PUR_IED_AntonioVan_Aula5_f1557e,,,,,
2026-09-12T02:11:10-05:00,PUR_IED_AntonioVan_Ext_406f2f,PUR_IED_AntonioVan_Ext_406f2f,,,,,
2026-09-12T02:11:10-05:00,PUR_IED_Atabanzha_Ext_cc5af9,PUR_IED_Atabanzha_Ext_cc5af9,,,,,
2026-09-12T02:11:10-05:00,PUR_IED_Atabanzha_SA101_56c37,PUR_IED_Atabanzha_SA101_56c37,,,,,
2026-09-12T02:11:10-05:00,PUR_IED_Atabanzha_SB302_27b374,PUR_IED_Atabanzha_SB302_27b374,,,,,
2026-09-12T02:11:10-05:00,PUR_IED_Atahualpa_Ext_fc1748,PUR_IED_Atahualpa_Ext_fc1748,,,,,
2026-09-12T02:11:10-05:00,PUR_IED_Atahualpa_Informa_dc9a95,PUR_IED_Atahualpa_Informa_dc9a95,,,,,
2026-09-12T02:11:10-05:00,PUR_IED_Atahualpa_S1101_f98056,PUR_IED_Atahualpa_S1101_f98056,,,,,
2026-09-12T02:11:10-05:00,PUR_IED_Bellavista_Ext_f5aa74,PUR_IED_Bellavista_Ext_f5aa74,,,,,
2026-09-12T02:11:10-05:00,PUR_IED_Bilbao_11A_916c41,PUR_IED_Bilbao_11A_916c41,,,,,
2026-09-12T02:11:10-05:00,PUR_IED_Bilbao_Ext_fb579a,PUR_IED_Bilbao_Ext_fb579a,,,,,
2026-09-12T02:11:10-05:00,PUR_IED_BrasiliaU_A125_304280,PUR_IED_BrasiliaU_A125_304280,,,,,
2026-09-12T02:11:10-05:00,PUR_IED_BrasiliaU_A203_7c8ca5,PUR_IED_BrasiliaU_A203_7c8ca5,,,,,
2026-09-12T02:11:10-05:00,PUR_IED_BrasiliaU_Ext_8d6e9f,PUR_IED_BrasiliaU_Ext_8d6e9f,3,17,61,4.5175,-74.116302
2026-09-12T02:11:10-05:00,PUR_IED_Brasilia_Ext_fe6593,PUR_IED_Brasilia_Ext_fe6593,,,,,
2026-09-12T02:11:10-05:00,PUR_IED_Brasilia_S24_7c130d,PUR_IED_Brasilia_S24_7c130d,,,,,
2026-09-12T02:11:10-05:00,PUR_IED_Brasilia_S501_186a54,PUR_IED_Brasilia_S501_186a54,,,,,
2026-09-12T02:11:10-05:00,PUR_IED_CHARRY_EXT_f1d5cd,PUR_IED_CHARRY_EXT_f1d5cd,,,,,
2026-09-12T02:11:10-05:00,PUR_IED_CHARRY_INTDANZAS_7a08e6,PUR_IED_CHARRY_INTDANZAS_7a08e6,,,,,
2026-09-12T02:11:10-05:00,PUR_IED_CHARRY_INT_AULA20_dc998d,PUR_IED_CHARRY_INT_AULA20_dc998d,,,,,
2026-09-12T02:11:10-05:00,PUR_IED_COLVIV_1101_S25_7f520a,PUR_IED_COLVIV_1101_S25_7f520a,,,,,
2026-09-12T02:11:10-05:00,PUR_IED_COLVIV_1102_S16_f570ba,PUR_IED_COLVIV_1102_S16_f570ba,,,,,
2026-09-12T02:11:10-05:00,PUR_IED_COLVIV_Ext_1a26fa,PUR_IED_COLVIV_Ext_1a26fa,,,,,
2026-09-12T02:11:10-05:00,PUR_IED_CULPOP_301A_f660f3,PUR_IED_CULPOP_301A_f660f3,,,,,
2026-09-12T02:11:10-05:00,PUR_IED_CULPOP_303_568afe,PUR_IED_CULPOP_303_568afe,,,,,
2026-09-12T02:11:10-05:00,PUR_IED_CULPOP_Ext_e02ccb,PUR_IED_CULPOP_Ext_e02ccb,,,,,
2026-09-12T02:11:10-05:00,PUR_IED_CVillavicen_Ext_26eb58,PUR_IED_CVillavicen_Ext_26eb58,3,15,75,4.487,-74.102798
2026-09-12T02:11:10-05:00,PUR_IED_CVillavicen_Intel_1ce5c2,PUR_IED_CVillavicen_Intel_1ce5c2,,,,,
2026-09-12T02:11:10-05:00,PUR_IED_CVillavicen_Poliv_e0766c,PUR_IED_CVillavicen_Poliv_e0766c,,,,,
2026-09-12T02:11:10-05:00,PUR_IED_CVillavicen_int_1ba140,PUR_IED_CVillavicen_int_1ba140,,,,,
2026-09-12T02:11:10-05:00,PUR_IED_CVillavicen_intel_1ba140,PUR_IED_CVillavicen_intel_1ba140,,,,,
2026-09-12T02:11:10-05:00,PUR_IED_CarlosPizarro_Ext_e307cc,PUR_IED_CarlosPizarro_Ext_e307cc,,,,,
2026-09-12T02:11:10-05:00,PUR_IED_CarlosPizarro_L36_7e5cdb,PUR_IED_CarlosPizarro_L36_7e5cdb,,,,,
2026-09-12T02:11:10-05:00,PUR_IED_CarlosPizarro_L37_c8566c,PUR_IED_CarlosPizarro_L37_c8566c,,,,,
2026-09-12T02:11:10-05:00,PUR_IED_Castilla_Ext_cf35f,PUR_IED_Castilla_Ext_cf35f,,,,,
2026-09-12T02:11:10-05:00,PUR_IED_Castilla_SFisik_360e38,PUR_IED_Castilla_SFisik_360e38,,,,,
2026-09-12T02:11:10-05:00,PUR_IED_Castilla_Sc304_496fbf,PUR_IED_Castilla_Sc304_496fbf,,,,,
2026-09-12T02:11:10-05:00,PUR_IED_CervantesSa_Ext_6b57b,PUR_IED_CervantesSa_Ext_6b57b,3,17,67,4.5128,-74.117203
2026-09-12T02:11:10-05:00,PUR_IED_CervantesSa_S107_225c2b,PUR_IED_CervantesSa_S107_225c2b,,,,,
2026-09-12T02:11:10-05:00,PUR_IED_CervantesSa_S108_940925,PUR_IED_CervantesSa_S108_940925,,,,,
2026-09-12T02:11:10-05:00,PUR_IED_Charry_A20_f53e7c,PUR_IED_Charry_A20_f53e7c,,,,,
2026-09-12T02:11:10-05:00,PUR_IED_Charry_Ext_f1d5cd,PUR_IED_Charry_Ext_f1d5cd,,,,,
2026-09-12T02:11:10-05:00,PUR_IED_Charry_IntAula20_dc998d,PUR_IED_Charry_IntAula20_dc998d,,,,,
2026-09-12T02:11:10-05:00,PUR_IED_Charry_IntDanzas_7a08e6,PUR_IED_Charry_IntDanzas_7a08e6,,,,,
2026-09-12T02:11:10-05:00,PUR_IED_ClememciaC_203_43e2fc,PUR_IED_ClememciaC_203_43e2fc,,,,,
2026-09-12T02:11:10-05:00,PUR_IED_ClememciaC_Ext_1b411a,PUR_IED_ClememciaC_Ext_1b411a,,,,,
2026-09-12T02:11:10-05:00,PUR_IED_ClememciaC_Quimic_44b5fc,PUR_IED_ClememciaC_Quimic_44b5fc,,,,,
2026-09-12T02:11:10-05:00,PUR_IED_ClemenciaC_203_43e2fc,PUR_IED_ClemenciaC_203_43e2fc,,,,,
2026-09-12T02:11:10-05:00,PUR_IED_ClemenciaC_Ext_1b411a,PUR_IED_ClemenciaC_Ext_1b411a,,,,,
2026-09-12T02:11:10-05:00,PUR_IED_ClemenciaC_Quimic_44b5fc,PUR_IED_ClemenciaC_Quimic_44b5fc,,,,,
2026-09-12T02:11:10-05:00,PUR_IED_ColViva_1101_S25_7f520a,PUR_IED_ColViva_1101_S25_7f520a,,,,,
2026-09-12T02:11:10-05:00,PUR_IED_ColViva_1102_S16_f570ba,PUR_IED_ColViva_1102_S16_f570ba,,,,,
2026-09-12T02:11:10-05:00,PUR_IED_ColViva_Ext_1a26fa,PUR_IED_ColViva_Ext_1a26fa,,,,,
2026-09-12T02:11:10-05:00,PUR_IED_ColegioBici_Asist_7c8798,PUR_IED_ColegioBici_Asist_7c8798,,,,,
2026-09-12T02:11:10-05:00,PUR_IED_ColegioBici_Ext_25cbf6,PUR_IED_ColegioBici_Ext_25cbf6,,,,,
2026-09-12T02:11:10-05:00,PUR_IED_ColegioBici_LabQ_7b57db,PUR_IED_ColegioBici_LabQ_7b57db,,,,,
2026-09-12T02:11:10-05:00,PUR_IED_CostaRica_Ext_5e640,PUR_IED_CostaRica_Ext_5e640,,,,,
2026-09-12T02:11:10-05:00,PUR_IED_CostaRica_Quim1_766d1c,PUR_IED_CostaRica_Quim1_766d1c,,,,,
2026-09-12T02:11:10-05:00,PUR_IED_CostaRica__Fisica_6f0873,PUR_IED_CostaRica__Fisica_6f0873,,,,,
2026-09-12T02:11:10-05:00,PUR_IED_CulPopu_301A_f660f3,PUR_IED_CulPopu_301A_f660f3,,,,,
2026-09-12T02:11:10-05:00,PUR_IED_CulPopu_303_568afe,PUR_IED_CulPopu_303_568afe,,,,,
2026-09-12T02:11:10-05:00,PUR_IED_CulPopu_Ext_e02ccb,PUR_IED_CulPopu_Ext_e02ccb,,,,,
2026-09-12T02:11:10-05:00,PUR_IED_Cundinamarca_Ext_f15985,PUR_IED_Cundinamarca_Ext_f15985,,,,,
2026-09-12T02:11:10-05:00,PUR_IED_Cundinamarca_Info_7aa5d7,PUR_IED_Cundinamarca_Info_7aa5d7,,,,,
2026-09-12T02:11:10-05:00,PUR_IED_Cundinamarca_Tec2_f449c7,PUR_IED_Cundinamarca_Tec2_f449c7,,,,,
2026-09-12T02:11:10-05:00,PUR_IED_DiegoM_Aula1_27b314,PUR_IED_DiegoM_Aula1_27b314,,,,,
2026-09-12T02:11:10-05:00,PUR_IED_DiegoM_Ext_d80ac8,PUR_IED_DiegoM_Ext_d80ac8,,,,,
2026-09-12T02:11:10-05:00,PUR_IED_DiegoM_S25_da928f,PUR_IED_DiegoM_S25_da928f,,,,,
2026-09-12T02:11:10-05:00,PUR_IED_ELRODEO_360881,PUR_IED_ELRODEO_360881,,,,,
2026-09-12T02:11:10-05:00,PUR_IED_ELRODEO_ext_360881,PUR_IED_ELRODEO_ext_360881,,,,,
2026-09-12T02:11:10-05:00,PUR_IED_EduardoU_Ext_1c1969,PUR_IED_EduardoU_Ext_1c1969,,,,,
2026-09-12T02:11:10-05:00,PUR_IED_EduardoU_SCiencia_4dfb94,PUR_IED_EduardoU_SCiencia_4dfb94,,,,,
2026-09-12T02:11:10-05:00,PUR_IED_EduardoU_SQuimica_5a46e7,PUR_IED_EduardoU_SQuimica_5a46e7,,,,,
2026-09-12T02:11:10-05:00,PUR_IED_ElRodeo_Aula14_676984,PUR_IED_ElRodeo_Aula14_676984,,,,,
2026-09-12T02:11:10-05:00,PUR_IED_ElRodeo_Aula16_2dd35b,PUR_IED_ElRodeo_Aula16_2dd35b,,,,,
2026-09-12T02:11:10-05:00,PUR_IED_ElRodeo_Ext_360881,PUR_IED_ElRodeo_Ext_360881,,,,,
2026-09-12T02:11:10-05:00,PUR_IED_ElRodeo_Exterior_8c6d28,PUR_IED_ElRodeo_Exterior_8c6d28,,,,,
2026-09-12T02:11:10-05:00,PUR_IED_ElRodeo_ext_360881,PUR_IED_ElRodeo_ext_360881,,,,,
2026-09-12T02:11:10-05:00,PUR_IED_EmmaReyes_Ext_987625,PUR_IED_EmmaReyes_Ext_987625,13,21,53,4.6367,-74.1511
2026-09-12T02:11:10-05:00,PUR_IED_Ensueño_Ext_7f0250,PUR_IED_Ensueño_Ext_7f0250,,,,,
2026-09-12T02:11:10-05:00,PUR_IED_EscNormal_Ext_5fef3b,PUR_IED_EscNormal_Ext_5fef3b,3,18,61,4.5852,-74.096901
2026-09-12T02:11:10-05:00,PUR_IED_EscNormal_S309_5b263,PUR_IED_EscNormal_S309_5b263,,,,,
2026-09-12T02:11:10-05:00,PUR_IED_EscNormal_S310_27b3b8,PUR_IED_EscNormal_S310_27b3b8,,,,,
2026-09-12T02:11:10-05:00,PUR_IED_Evangelista_Conta_f6cd4f,PUR_IED_Evangelista_Conta_f6cd4f,,,,,
2026-09-12T02:11:10-05:00,PUR_IED_Evangelista_Cri_5e16a,PUR_IED_Evangelista_Cri_5e16a,,,,,
2026-09-12T02:11:10-05:00,PUR_IED_Evangelista_Exter_754066,PUR_IED_Evangelista_Exter_754066,,,,,
2026-09-12T02:11:10-05:00,PUR_IED_FMiranda_S209_5cc2a3,PUR_IED_FMiranda_S209_5cc2a3,,,,,
2026-09-12T02:11:10-05:00,PUR_IED_FMiranda_S303_19e344,PUR_IED_FMiranda_S303_19e344,,,,,
2026-09-12T02:11:10-05:00,PUR_IED_FMiranda_ext_f53e7c,PUR_IED_FMiranda_ext_f53e7c,,,,,
2026-09-12T02:11:10-05:00,PUR_IED_FabioLozano_Bibli_1cee05,PUR_IED_FabioLozano_Bibli_1cee05,,,,,
2026-09-12T02:11:10-05:00,PUR_IED_FabioLozano_Ext_6ea285,PUR_IED_FabioLozano_Ext_6ea285,,,,,
2026-09-12T02:11:10-05:00,PUR_IED_FabioLozano_SLudi_f09e1e,PUR_IED_FabioLozano_SLudi_f09e1e,,,,,
2026-09-12T02:11:10-05:00,PUR_IED_FaustinoS_Aula07_27a731,PUR_IED_FaustinoS_Aula07_27a731,,,,,
2026-09-12T02:11:10-05:00,PUR_IED_FaustinoS_Ext_7b936f,PUR_IED_FaustinoS_Ext_7b936f,,,,,
2026-09-12T02:11:10-05:00,PUR_IED_FaustinoS_Fisica_da2c60,PUR_IED_FaustinoS_Fisica_da2c60,,,,,
2026-09-12T02:11:10-05:00,PUR_IED_FeGarciaLo_Ext_dc68ee,PUR_IED_FeGarciaLo_Ext_dc68ee,,,,,
2026-09-12T02:11:10-05:00,PUR_IED_FeGarciaLo_SDanza_f70a59,PUR_IED_FeGarciaLo_SDanza_f70a59,,,,,
2026-09-12T02:11:10-05:00,PUR_IED_FeGarciaLo_SMusic_125cdd,PUR_IED_FeGarciaLo_SMusic_125cdd,,,,,
2026-09-12T02:11:10-05:00,PUR_IED_FederalAlema_Exte_50c345,PUR_IED_FederalAlema_Exte_50c345,,,,,
2026-09-12T02:11:10-05:00,PUR_IED_FederalAlema_S31_f18371,PUR_IED_FederalAlema_S31_f18371,,,,,
2026-09-12T02:11:10-05:00,PUR_IED_FederalAlema_S901_a62cd,PUR_IED_FederalAlema_S901_a62cd,,,,,
2026-09-12T02:11:10-05:00,PUR_IED_FilarmonicaS_A5_f35eb1,PUR_IED_FilarmonicaS_A5_f35eb1,,,,,
2026-09-12T02:11:10-05:00,PUR_IED_FilarmonicaS_Ext_8a3bde,PUR_IED_FilarmonicaS_Ext_8a3bde,,,,,
2026-09-12T02:11:10-05:00,PUR_IED_FilarmonicaS_Spol_406114,PUR_IED_FilarmonicaS_Spol_406114,,,,,
2026-09-12T02:11:10-05:00,PUR_IED_FlorentinoG_A13_d1fa59,PUR_IED_FlorentinoG_A13_d1fa59,,,,,
2026-09-12T02:11:10-05:00,PUR_IED_FlorentinoG_Ext_1ce6ce,PUR_IED_FlorentinoG_Ext_1ce6ce,,,,,
2026-09-12T02:11:10-05:00,PUR_IED_FlorentinoG_Idiom_a66aac,PUR_IED_FlorentinoG_Idiom_a66aac,,,,,
2026-09-12T02:11:10-05:00,PUR_IED_FranciscoMati_Ext_e3869d,PUR_IED_FranciscoMati_Ext_e3869d,,,,,
2026-09-12T02:11:10-05:00,PUR_IED_FranciscoMati_S13_f31c67,PUR_IED_FranciscoMati_S13_f31c67,,,,,
2026-09-12T02:11:10-05:00,PUR_IED_FranciscoMati_S14_97dead,PUR_IED_FranciscoMati_S14_97dead,,,,,
2026-09-12T02:11:10-05:00,PUR_IED_FranciscoPS_Ext_7bfa9a,PUR_IED_FranciscoPS_Ext_7bfa9a,2,20,58,4.5899,-74.110397
2026-09-12T02:11:10-05:00,PUR_IED_FranciscoPS_Infor_fb8f4c,PUR_IED_FranciscoPS_Infor_fb8f4c,,,,,
2026-09-12T02:11:10-05:00,PUR_IED_FranciscoPS_Quimi_94d39c,PUR_IED_FranciscoPS_Quimi_94d39c,,,,,
2026-09-12T02:11:10-05:00,PUR_IED_FranciscoP_LabQ_d7e148,PUR_IED_FranciscoP_LabQ_d7e148,,,,,
2026-09-12T02:11:10-05:00,PUR_IED_FranciscoP_S28_cf9b30,PUR_IED_FranciscoP_S28_cf9b30,,,,,
2026-09-12T02:11:10-05:00,PUR_IED_FranciscoP_ext_e2313,PUR_IED_FranciscoP_ext_e2313,,,,,
2026-09-12T02:11:10-05:00,PUR_IED_FriederichN_Ext_8ac92a,PUR_IED_FriederichN_Ext_8ac92a,,,,,
2026-09-12T02:11:10-05:00,PUR_IED_FriederichN_S301_dd7e5a,PUR_IED_FriederichN_S301_dd7e5a,,,,,
2026-09-12T02:11:10-05:00,PUR_IED_FriederichN_S308_761f4f,PUR_IED_FriederichN_S308_761f4f,,,,,
2026-09-12T02:11:10-05:00,PUR_IED_GSantander_Aula10_533dd7,PUR_IED_GSantander_Aula10_533dd7,,,,,
2026-09-12T02:11:10-05:00,PUR_IED_GSantander_Aula12_fd4e4f,PUR_IED_GSantander_Aula12_fd4e4f,,,,,
2026-09-12T02:11:10-05:00,PUR_IED_GSantander_Aula310_533dd7,PUR_IED_GSantander_Aula310_533dd7,,,,,
2026-09-12T02:11:10-05:00,PUR_IED_GSantander_Aula312_fd4e4f,PUR_IED_GSantander_Aula312_fd4e4f,,,,,
2026-09-12T02:11:10-05:00,PUR_IED_GSantander_Ext_5f66b0,PUR_IED_GSantander_Ext_5f66b0,,,,,
2026-09-12T02:11:10-05:00,PUR_IED_GYomasa_Ext_f6bea5,PUR_IED_GYomasa_Ext_f6bea5,,,,,
2026-09-12T02:11:10-05:00,PUR_IED_GYomasa_LBiol_2c41aa,PUR_IED_GYomasa_LBiol_2c41aa,,,,,
2026-09-12T02:11:10-05:00,PUR_IED_GYomasa_LQuim_33c80,PUR_IED_GYomasa_LQuim_33c80,,,,,
2026-09-12T02:11:10-05:00,PUR_IED_GabBetMejia_Cienc_5a99c,PUR_IED_GabBetMejia_Cienc_5a99c,,,,,
2026-09-12T02:11:10-05:00,PUR_IED_GabBetMejia_Ext_9153d0,PUR_IED_GabBetMejia_Ext_9153d0,,,,,
2026-09-12T02:11:10-05:00,PUR_IED_GabBetMejia_Lab_f55347,PUR_IED_GabBetMejia_Lab_f55347,,,,,
2026-09-12T02:11:10-05:00,PUR_IED_GabBetanMejia_Ext_9153d0,PUR_IED_GabBetanMejia_Ext_9153d0,,,,,
2026-09-12T02:11:10-05:00,PUR_IED_Gaitana_Aula13_7aac11,PUR_IED_Gaitana_Aula13_7aac11,,,,,
2026-09-12T02:11:10-05:00,PUR_IED_Gaitana_Ext_5fcf4,PUR_IED_Gaitana_Ext_5fcf4,,,,,
2026-09-12T02:11:10-05:00,PUR_IED_Gaitana_LabFisica_644448,PUR_IED_Gaitana_LabFisica_644448,,,,,
2026-09-12T02:11:10-05:00,PUR_IED_GenSantander_Dise_8ac858,PUR_IED_GenSantander_Dise_8ac858,,,,,
2026-09-12T02:11:10-05:00,PUR_IED_GenSantander_Ext_8d5dfe,PUR_IED_GenSantander_Ext_8d5dfe,,,,,
2026-09-12T02:11:10-05:00,PUR_IED_GenSantander_Info_6c25b,PUR_IED_GenSantander_Info_6c25b,,,,,
2026-09-12T02:11:10-05:00,PUR_IED_GustavoMo_Exterio_75e63d,PUR_IED_GustavoMo_Exterio_75e63d,,,,,
2026-09-12T02:11:10-05:00,PUR_IED_GustavoMo_LabFisi_224d37,PUR_IED_GustavoMo_LabFisi_224d37,,,,,
2026-09-12T02:11:10-05:00,PUR_IED_GustavoMo_S208_3e6918,PUR_IED_GustavoMo_S208_3e6918,,,,,
2026-09-12T02:11:10-05:00,PUR_IED_GustavoR_A02_8cd4a8,PUR_IED_GustavoR_A02_8cd4a8,,,,,
2026-09-12T02:11:10-05:00,PUR_IED_GustavoR_B11_5b0ed,PUR_IED_GustavoR_B11_5b0ed,,,,,
2026-09-12T02:11:10-05:00,PUR_IED_GustavoR_Ext_7a0c90,PUR_IED_GustavoR_Ext_7a0c90,,,,,
2026-09-12T02:11:10-05:00,PUR_IED_HernandoDuran_Ext_8cd82b,PUR_IED_HernandoDuran_Ext_8cd82b,,,,,
2026-09-12T02:11:10-05:00,PUR_IED_HernandoDuran_S24_2772c6,PUR_IED_HernandoDuran_S24_2772c6,,,,,
2026-09-12T02:11:10-05:00,PUR_IED_HernandoDuran_S30_f2de41,PUR_IED_HernandoDuran_S30_f2de41,,,,,
2026-09-12T02:11:10-05:00,PUR_IED_HolguInUr_S1101_8cd732,PUR_IED_HolguInUr_S1101_8cd732,,,,,
2026-09-12T02:11:10-05:00,PUR_IED_HolguinUr_Exter_ddae6d,PUR_IED_HolguinUr_Exter_ddae6d,,,,,
2026-09-12T02:11:10-05:00,PUR_IED_HolguinUr_LabQuim_92b952,PUR_IED_HolguinUr_LabQuim_92b952,,,,,
2026-09-12T02:11:10-05:00,PUR_IED_Isabel-II_Ext_5245cc,PUR_IED_Isabel-II_Ext_5245cc,13,19,59,4.6336,-74.153
2026-09-12T02:11:10-05:00,PUR_IED_Isabel-II_S_idiom_1c29aa,PUR_IED_Isabel-II_S_idiom_1c29aa,,,,,
2026-09-12T02:11:10-05:00,PUR_IED_Isabel-II_S_infor_fd741,PUR_IED_Isabel-II_S_infor_fd741,,,,,
2026-09-12T02:11:10-05:00,PUR_IED_IsidroSur_Exterio_5b90ea,PUR_IED_IsidroSur_Exterio_5b90ea,,,,,
2026-09-12T02:11:10-05:00,PUR_IED_IsidroSur_LabTec_56697a,PUR_IED_IsidroSur_LabTec_56697a,,,,,
2026-09-12T02:11:10-05:00,PUR_IED_IsidroSur_Robotic_b7c38f,PUR_IED_IsidroSur_Robotic_b7c38f,,,,,
2026-09-12T02:11:10-05:00,PUR_IED_IsmaelPerd_Ext_7b6672,PUR_IED_IsmaelPerd_Ext_7b6672,,,,,
2026-09-12T02:11:10-05:00,PUR_IED_IsmaelPerd_Inform_306540,PUR_IED_IsmaelPerd_Inform_306540,,,,,
2026-09-12T02:11:10-05:00,PUR_IED_IsmaelPerd_S30_2e2c83,PUR_IED_IsmaelPerd_S30_2e2c83,,,,,
2026-09-12T02:11:10-05:00,PUR_IED_JLozano_Exter_432910,PUR_IED_JLozano_Exter_432910,,,,,
2026-09-12T02:11:10-05:00,PUR_IED_JLozano_salaMulti_df5125,PUR_IED_JLozano_salaMulti_df5125,,,,,
2026-09-12T02:11:10-05:00,PUR_IED_JMCordoba_206_86f80b,PUR_IED_JMCordoba_206_86f80b,,,,,
2026-09-12T02:11:10-05:00,PUR_IED_JMCordoba_Ext_27ad97,PUR_IED_JMCordoba_Ext_27ad97,,,,,
2026-09-12T02:11:10-05:00,PUR_IED_JMCordoba_S310_d59ab4,PUR_IED_JMCordoba_S310_d59ab4,,,,,
2026-09-12T02:11:10-05:00,PUR_IED_Japon_Ext_549100,PUR_IED_Japon_Ext_549100,,,,,
2026-09-12T02:11:10-05:00,PUR_IED_Japon_Laboratorio_bec51d,PUR_IED_Japon_Laboratorio_bec51d,,,,,
2026-09-12T02:11:10-05:00,PUR_IED_Japon_informatica_d99327,PUR_IED_Japon_informatica_d99327,,,,,
2026-09-12T02:11:10-05:00,PUR_IED_Jazmin_Ext_d27bda,PUR_IED_Jazmin_Ext_d27bda,,,,,
2026-09-12T02:11:10-05:00,PUR_IED_Jazmin_Fisica_8d14d7,PUR_IED_Jazmin_Fisica_8d14d7,,,,,
2026-09-12T02:11:10-05:00,PUR_IED_Jazmin_Quimica_801cb5,PUR_IED_Jazmin_Quimica_801cb5,,,,,
2026-09-12T02:11:10-05:00,PUR_IED_JorgeGaitan_Exter_f098d1,PUR_IED_JorgeGaitan_Exter_f098d1,,,,,
2026-09-12T02:11:10-05:00,PUR_IED_JorgeGaitan_STec1_dc9d1d,PUR_IED_JorgeGaitan_STec1_dc9d1d,,,,,
2026-09-12T02:11:10-05:00,PUR_IED_JorgeGaitan_STec2_281e69,PUR_IED_JorgeGaitan_STec2_281e69,,,,,
2026-09-12T02:11:10-05:00,PUR_IED_JorgeSoto_Exterio_d9d0a2,PUR_IED_JorgeSoto_Exterio_d9d0a2,,,,,
2026-09-12T02:11:10-05:00,PUR_IED_JorgeSoto_LabFisi_209c54,PUR_IED_JorgeSoto_LabFisi_209c54,,,,,
2026-09-12T02:11:10-05:00,PUR_IED_JorgeSoto_S103_27b51a,PUR_IED_JorgeSoto_S103_27b51a,,,,,
2026-09-12T02:11:10-05:00,PUR_IED_JoseAcevedo_A02_e965eb,PUR_IED_JoseAcevedo_A02_e965eb,,,,,
2026-09-12T02:11:10-05:00,PUR_IED_JoseAcevedo_A07_dd5b4,PUR_IED_JoseAcevedo_A07_dd5b4,,,,,
2026-09-12T02:11:10-05:00,PUR_IED_JoseAcevedo_Ext_b47484,PUR_IED_JoseAcevedo_Ext_b47484,,,,,
2026-09-12T02:11:10-05:00,PUR_IED_JoseMarti_Exte_5b9bf,PUR_IED_JoseMarti_Exte_5b9bf,,,,,
2026-09-12T02:11:10-05:00,PUR_IED_JoseMarti_LabQuim_1c6c2d,PUR_IED_JoseMarti_LabQuim_1c6c2d,,,,,
2026-09-12T02:11:10-05:00,PUR_IED_JoseMarti_S_info_f5f177,PUR_IED_JoseMarti_S_info_f5f177,,,,,
2026-09-12T02:11:10-05:00,PUR_IED_Josejoaquin_Ext_dfc5dc,PUR_IED_Josejoaquin_Ext_dfc5dc,,,,,
2026-09-12T02:11:10-05:00,PUR_IED_Josejoaquin_S05_5b2a96,PUR_IED_Josejoaquin_S05_5b2a96,,,,,
2026-09-12T02:11:10-05:00,PUR_IED_Josejoaquin_S06_1ce7d2,PUR_IED_Josejoaquin_S06_1ce7d2,,,,,
2026-09-12T02:11:10-05:00,PUR_IED_JulioFlorez_Danza_9b82dd,PUR_IED_JulioFlorez_Danza_9b82dd,,,,,
2026-09-12T02:11:10-05:00,PUR_IED_JulioFlorez_Exter_f9f314,PUR_IED_JulioFlorez_Exter_f9f314,,,,,
2026-09-12T02:11:10-05:00,PUR_IED_JulioFlorez_info2_6b6e08,PUR_IED_JulioFlorez_info2_6b6e08,,,,,
2026-09-12T02:11:10-05:00,PUR_IED_LaBelleza_Aula13_1d00d8,PUR_IED_LaBelleza_Aula13_1d00d8,,,,,
2026-09-12T02:11:10-05:00,PUR_IED_LaBelleza_Ext_7bc08c,PUR_IED_LaBelleza_Ext_7bc08c,,,,,
2026-09-12T02:11:10-05:00,PUR_IED_LaChucua_Ext_8cd6d2,PUR_IED_LaChucua_Ext_8cd6d2,,,,,
2026-09-12T02:11:10-05:00,PUR_IED_LaChucua_S15_f578ce,PUR_IED_LaChucua_S15_f578ce,,,,,
2026-09-12T02:11:10-05:00,PUR_IED_LaChucua_S16_eebcf9,PUR_IED_LaChucua_S16_eebcf9,,,,,
2026-09-12T02:11:10-05:00,PUR_IED_LaFelicidad_Ext_fb5109,PUR_IED_LaFelicidad_Ext_fb5109,,,,,
2026-09-12T02:11:10-05:00,PUR_IED_LaMerced_206_66ebd,PUR_IED_LaMerced_206_66ebd,,,,,
2026-09-12T02:11:10-05:00,PUR_IED_LaMerced_207_6ebd6,PUR_IED_LaMerced_207_6ebd6,,,,,
2026-09-12T02:11:10-05:00,PUR_IED_LaMerced_ext_304311,PUR_IED_LaMerced_ext_304311,,,,,
2026-09-12T02:11:10-05:00,PUR_IED_Laureano_CiencNat_281e5e,PUR_IED_Laureano_CiencNat_281e5e,,,,,
2026-09-12T02:11:10-05:00,PUR_IED_Laureano_Comedor_f65c0a,PUR_IED_Laureano_Comedor_f65c0a,,,,,
2026-09-12T02:11:10-05:00,PUR_IED_Laureano_Exterior_7ab011,PUR_IED_Laureano_Exterior_7ab011,,,,,
2026-09-12T02:11:10-05:00,PUR_IED_LeonGreiff_Exte_dfe560,PUR_IED_LeonGreiff_Exte_dfe560,,,,,
2026-09-12T02:11:10-05:00,PUR_IED_LeonGreiff_S210_f264ed,PUR_IED_LeonGreiff_S210_f264ed,,,,,
2026-09-12T02:11:10-05:00,PUR_IED_LeonGreiff_SQuimi_e8296f,PUR_IED_LeonGreiff_SQuimi_e8296f,,,,,
2026-09-12T02:11:10-05:00,PUR_IED_LlanoOrientalS208_7b9fcd,PUR_IED_LlanoOrientalS208_7b9fcd,,,,,
2026-09-12T02:11:10-05:00,PUR_IED_LlanoOriental_Ext_fb3766,PUR_IED_LlanoOriental_Ext_fb3766,,,,,
2026-09-12T02:11:10-05:00,PUR_IED_LlanoOriental_S208_7b9fcd,PUR_IED_LlanoOriental_S208_7b9fcd,,,,,
2026-09-12T02:11:10-05:00,PUR_IED_LlanoOriental_S9_27b378,PUR_IED_LlanoOriental_S9_27b378,,,,,
2026-09-12T02:11:10-05:00,PUR_IED_LosTejares_1101_477602,PUR_IED_LosTejares_1101_477602,,,,,
2026-09-12T02:11:10-05:00,PUR_IED_LosTejares_11_d2c595,PUR_IED_LosTejares_11_d2c595,,,,,
2026-09-12T02:11:10-05:00,PUR_IED_LosTejares_12_477602,PUR_IED_LosTejares_12_477602,,,,,
2026-09-12T02:11:10-05:00,PUR_IED_LosTejares_Ext_8e2115,PUR_IED_LosTejares_Ext_8e2115,,,,,
2026-09-12T02:11:10-05:00,PUR_IED_MagdalenaO_B202_5ddda3,PUR_IED_MagdalenaO_B202_5ddda3,,,,,
2026-09-12T02:11:10-05:00,PUR_IED_MagdalenaO_B205_fb76e8,PUR_IED_MagdalenaO_B205_fb76e8,,,,,
2026-09-12T02:11:10-05:00,PUR_IED_MagdalenaO_ext_dc69cd,PUR_IED_MagdalenaO_ext_dc69cd,,,,,
2026-09-12T02:11:10-05:00,PUR_IED_ManueCepeda_artes_eee956,PUR_IED_ManueCepeda_artes_eee956,,,,,
2026-09-12T02:11:10-05:00,PUR_IED_ManuelCepeda_Ext_58313,PUR_IED_ManuelCepeda_Ext_58313,,,,,
2026-09-12T02:11:10-05:00,PUR_IED_ManuelCepeda_tec_1c5731,PUR_IED_ManuelCepeda_tec_1c5731,,,,,
2026-09-12T02:11:10-05:00,PUR_IED_ManuelS_Exterior_5b269,PUR_IED_ManuelS_Exterior_5b269,,,,,
2026-09-12T02:11:10-05:00,PUR_IED_ManuelS_Inform_f369ce,PUR_IED_ManuelS_Inform_f369ce,,,,,
2026-09-12T02:11:10-05:00,PUR_IED_ManuelS_SArtes_7d15f1,PUR_IED_ManuelS_SArtes_7d15f1,,,,,
2026-09-12T02:11:10-05:00,PUR_IED_ManuelZapata_303_3ca6,PUR_IED_ManuelZapata_303_3ca6,,,,,
2026-09-12T02:11:10-05:00,PUR_IED_ManuelZapata_311_bfbabc,PUR_IED_ManuelZapata_311_bfbabc,,,,,
2026-09-12T02:11:10-05:00,PUR_IED_ManuelZapata_Ext_50824a,PUR_IED_ManuelZapata_Ext_50824a,,,,,
2026-09-12T02:11:10-05:00,PUR_IED_ManuelitaS_Exteri_656a92,PUR_IED_ManuelitaS_Exteri_656a92,,,,,
2026-09-12T02:11:10-05:00,PUR_IED_ManuelitaS_JuzgDe_f58ec3,PUR_IED_ManuelitaS_JuzgDe_f58ec3,,,,,
2026-09-12T02:11:10-05:00,PUR_IED_ManuelitaS_Recrea_d793db,PUR_IED_ManuelitaS_Recrea_d793db,,,,,
2026-09-12T02:11:10-05:00,PUR_IED_MarFidSuarez_Ext_c27b19,PUR_IED_MarFidSuarez_Ext_c27b19,,,,,
2026-09-12T02:11:10-05:00,PUR_IED_MarFidSuarez_Info_e384d7,PUR_IED_MarFidSuarez_Info_e384d7,,,,,
2026-09-12T02:11:10-05:00,PUR_IED_MarFidSuarez_S306_1d0032,PUR_IED_MarFidSuarez_S306_1d0032,,,,,
2026-09-12T02:11:10-05:00,PUR_IED_Menorah_301_2a25a3,PUR_IED_Menorah_301_2a25a3,,,,,
2026-09-12T02:11:10-05:00,PUR_IED_Menorah_306_37ed3,PUR_IED_Menorah_306_37ed3,,,,,
2026-09-12T02:11:10-05:00,PUR_IED_Menorah_Ext_3e155b,PUR_IED_Menorah_Ext_3e155b,,,,,
2026-09-12T02:11:10-05:00,PUR_IED_MinutoB.Aires_A11_1b1604,PUR_IED_MinutoB.Aires_A11_1b1604,,,,,
2026-09-12T02:11:10-05:00,PUR_IED_MinutoB.Aires_A12_fb5860,PUR_IED_MinutoB.Aires_A12_fb5860,,,,,
2026-09-12T02:11:10-05:00,PUR_IED_MinutoB.Aires_Ext_81293f,PUR_IED_MinutoB.Aires_Ext_81293f,,,,,
2026-09-12T02:11:10-05:00,PUR_IED_MinutoBAires_A11_1b1604,PUR_IED_MinutoBAires_A11_1b1604,,,,,
2026-09-12T02:11:10-05:00,PUR_IED_MinutoBAires_A12_fb5860,PUR_IED_MinutoBAires_A12_fb5860,,,,,
2026-09-12T02:11:10-05:00,PUR_IED_MinutoBAires_Ext_81293f,PUR_IED_MinutoBAires_Ext_81293f,,,,,
2026-09-12T02:11:10-05:00,PUR_IED_Montreal_Aula10_1e4959,PUR_IED_Montreal_Aula10_1e4959,,,,,
2026-09-12T02:11:10-05:00,PUR_IED_Montreal_Aula6_300367,PUR_IED_Montreal_Aula6_300367,,,,,
2026-09-12T02:11:10-05:00,PUR_IED_Montreal_Exterior_91a179,PUR_IED_Montreal_Exterior_91a179,,,,,
2026-09-12T02:11:10-05:00,PUR_IED_Mqgdalena_B202_5ddda3,PUR_IED_Mqgdalena_B202_5ddda3,,,,,
2026-09-12T02:11:10-05:00,PUR_IED_NACUND_Soc_dc8728,PUR_IED_NACUND_Soc_dc8728,,,,,
2026-09-12T02:11:10-05:00,PUR_IED_NACUND_ext_27ad97,PUR_IED_NACUND_ext_27ad97,,,,,
2026-09-12T02:11:10-05:00,PUR_IED_NEsperanza_Ext_d24b61,PUR_IED_NEsperanza_Ext_d24b61,,,,,
2026-09-12T02:11:10-05:00,PUR_IED_NEsperanza_SElect_7d1807,PUR_IED_NEsperanza_SElect_7d1807,,,,,
2026-09-12T02:11:10-05:00,PUR_IED_NEsperanza_SLabor_8b2d0a,PUR_IED_NEsperanza_SLabor_8b2d0a,,,,,
2026-09-12T02:11:10-05:00,PUR_IED_NacionesU_Ext_f661a9,PUR_IED_NacionesU_Ext_f661a9,,,,,
2026-09-12T02:11:10-05:00,PUR_IED_NacionesU_Quimica_66f0a,PUR_IED_NacionesU_Quimica_66f0a,,,,,
2026-09-12T02:11:10-05:00,PUR_IED_NacionesU_S306_1b4b3d,PUR_IED_NacionesU_S306_1b4b3d,,,,,
2026-09-12T02:11:10-05:00,PUR_IED_NestorFA_Ext_e4201c,PUR_IED_NestorFA_Ext_e4201c,,,,,
2026-09-12T02:11:10-05:00,PUR_IED_NestorFA_Laborato_f22fe0,PUR_IED_NestorFA_Laborato_f22fe0,,,,,
2026-09-12T02:11:10-05:00,PUR_IED_NestorFA_S204_dee996,PUR_IED_NestorFA_S204_dee996,,,,,
2026-09-12T02:11:10-05:00,PUR_IED_NidyaQT_Aula03_76999b,PUR_IED_NidyaQT_Aula03_76999b,,,,,
2026-09-12T02:11:10-05:00,PUR_IED_NidyaQT_Aula10_56325,PUR_IED_NidyaQT_Aula10_56325,,,,,
2026-09-12T02:11:10-05:00,PUR_IED_NidyaQT_Ext_46e32d,PUR_IED_NidyaQT_Ext_46e32d,,,,,
2026-09-12T02:11:10-05:00,PUR_IED_NuevaCol_Exterior_d9b859,PUR_IED_NuevaCol_Exterior_d9b859,,,,,
2026-09-12T02:11:10-05:00,PUR_IED_NuevaCol_S1101_76c43b,PUR_IED_NuevaCol_S1101_76c43b,,,,,
2026-09-12T02:11:10-05:00,PUR_IED_NuevaCol_S1102_1ce0b5,PUR_IED_NuevaCol_S1102_1ce0b5,,,,,
2026-09-12T02:11:10-05:00,PUR_IED_OEA_A202_f7e3f2,PUR_IED_OEA_A202_f7e3f2,,,,,
2026-09-12T02:11:10-05:00,PUR_IED_OEA_A203_7d1b8d,PUR_IED_OEA_A203_7d1b8d,,,,,
2026-09-12T02:11:10-05:00,PUR_IED_OEA_Ext_27b593,PUR_IED_OEA_Ext_27b593,,,,,
2026-09-12T02:11:10-05:00,PUR_IED_Ochoa_Ext_1c29da,PUR_IED_Ochoa_Ext_1c29da,,,,,
2026-09-12T02:11:10-05:00,PUR_IED_Ochoa_S205_8b1121,PUR_IED_Ochoa_S205_8b1121,,,,,
2026-09-12T02:11:10-05:00,PUR_IED_Ochoa_Sistemas_f33af6,PUR_IED_Ochoa_Sistemas_f33af6,,,,,
2026-09-12T02:11:10-05:00,PUR_IED_PQuebec_Ext_1c67c7,PUR_IED_PQuebec_Ext_1c67c7,,,,,
2026-09-12T02:11:10-05:00,PUR_IED_PQuebec_S15_23e8e2,PUR_IED_PQuebec_S15_23e8e2,,,,,
2026-09-12T02:11:10-05:00,PUR_IED_PQuebec_S16_8ec76b,PUR_IED_PQuebec_S16_8ec76b,,,,,
2026-09-12T02:11:10-05:00,PUR_IED_PabloN_Ext_49dc96,PUR_IED_PabloN_Ext_49dc96,,,,,
2026-09-12T02:11:10-05:00,PUR_IED_PabloN_S1102_4e3df5,PUR_IED_PabloN_S1102_4e3df5,,,,,
2026-09-12T02:11:10-05:00,PUR_IED_PabloN_S1103_50c94b,PUR_IED_PabloN_S1103_50c94b,,,,,
2026-09-12T02:11:10-05:00,PUR_IED_Palestina_S1101_db9198,PUR_IED_Palestina_S1101_db9198,,,,,
2026-09-12T02:11:10-05:00,PUR_IED_Palestina_S1102_dc54fa,PUR_IED_Palestina_S1102_dc54fa,,,,,
2026-09-12T02:11:10-05:00,PUR_IED_Palestina_ext_4ccce6,PUR_IED_Palestina_ext_4ccce6,,,,,
2026-09-12T02:11:10-05:00,PUR_IED_Panama_Fisica_4d0794,PUR_IED_Panama_Fisica_4d0794,,,,,
2026-09-12T02:11:10-05:00,PUR_IED_Panama_SIngles_a4077e,PUR_IED_Panama_SIngles_a4077e,,,,,
2026-09-12T02:11:10-05:00,PUR_IED_Panama_ext_4c54b4,PUR_IED_Panama_ext_4c54b4,,,,,
2026-09-12T02:11:10-05:00,PUR_IED_ParaisoM_Exterior_8cd7f0,PUR_IED_ParaisoM_Exterior_8cd7f0,,,,,
2026-09-12T02:11:10-05:00,PUR_IED_ParaisoM_Laborato_27af35,PUR_IED_ParaisoM_Laborato_27af35,,,,,
2026-09-12T02:11:10-05:00,PUR_IED_ParaisoM_S304_d1edca,PUR_IED_ParaisoM_S304_d1edca,,,,,
2026-09-12T02:11:10-05:00,PUR_IED_PorfirioBarba_Ext_301466,PUR_IED_PorfirioBarba_Ext_301466,,,,,
2026-09-12T02:11:10-05:00,PUR_IED_PorfirioBarba_S11_df6cd2,PUR_IED_PorfirioBarba_S11_df6cd2,,,,,
2026-09-12T02:11:10-05:00,PUR_IED_PorfirioBarba_S29_27a7d6,PUR_IED_PorfirioBarba_S29_27a7d6,,,,,
2026-09-12T02:11:10-05:00,PUR_IED_PradoV_Exter_8b27ad,PUR_IED_PradoV_Exter_8b27ad,,,,,
2026-09-12T02:11:10-05:00,PUR_IED_PradoV_S301_de65b5,PUR_IED_PradoV_S301_de65b5,,,,,
2026-09-12T02:11:10-05:00,PUR_IED_PradoV_S302_7d2593,PUR_IED_PradoV_S302_7d2593,,,,,
2026-09-12T02:11:10-05:00,PUR_IED_QuirogaAlz_Ext_1ddc82,PUR_IED_QuirogaAlz_Ext_1ddc82,,,,,
2026-09-12T02:11:10-05:00,PUR_IED_QuirogaAlz_S302_9926a3,PUR_IED_QuirogaAlz_S302_9926a3,,,,,
2026-09-12T02:11:10-05:00,PUR_IED_QuirogaAlz_S305_cdf1f1,PUR_IED_QuirogaAlz_S305_cdf1f1,,,,,
2026-09-12T02:11:10-05:00,PUR_IED_RGuatemala_Biling_dc53b7,PUR_IED_RGuatemala_Biling_dc53b7,,,,,
2026-09-12T02:11:10-05:00,PUR_IED_RGuatemala_Ext_1b89a3,PUR_IED_RGuatemala_Ext_1b89a3,,,,,
2026-09-12T02:11:10-05:00,PUR_IED_RGuatemala_Tecnol_281a34,PUR_IED_RGuatemala_Tecnol_281a34,,,,,
2026-09-12T02:11:10-05:00,PUR_IED_RafaNu_Ext_f7c302,PUR_IED_RafaNu_Ext_f7c302,,,,,
2026-09-12T02:11:10-05:00,PUR_IED_RafaNu_S1101_25fde,PUR_IED_RafaNu_S1101_25fde,,,,,
2026-09-12T02:11:10-05:00,PUR_IED_RafaNu_S1102_281517,PUR_IED_RafaNu_S1102_281517,,,,,
2026-09-12T02:11:10-05:00,PUR_IED_RafaelB_S305_ee2783,PUR_IED_RafaelB_S305_ee2783,,,,,
2026-09-12T02:11:10-05:00,PUR_IED_RafaelB_S306_75fe33,PUR_IED_RafaelB_S306_75fe33,,,,,
2026-09-12T02:11:10-05:00,PUR_IED_RafaelB_ext_283336,PUR_IED_RafaelB_ext_283336,3,18,60,4.6722,-74.0737
2026-09-12T02:11:10-05:00,PUR_IED_RafaelUU_Exterior_281a51,PUR_IED_RafaelUU_Exterior_281a51,,,,,
2026-09-12T02:11:10-05:00,PUR_IED_RafaelUU_Human_806b2,PUR_IED_RafaelUU_Human_806b2,,,,,
2026-09-12T02:11:10-05:00,PUR_IED_RafaelUU_Mate2_5680d4,PUR_IED_RafaelUU_Mate2_5680d4,,,,,
2026-09-12T02:11:10-05:00,PUR_IED_RamonSub_Ext_f9eeb9,PUR_IED_RamonSub_Ext_f9eeb9,,,,,
2026-09-12T02:11:10-05:00,PUR_IED_RamonSub_Media_d1f62f,PUR_IED_RamonSub_Media_d1f62f,,,,,
2026-09-12T02:11:10-05:00,PUR_IED_RamonSub_planta_51b82,PUR_IED_RamonSub_planta_51b82,,,,,
2026-09-12T02:11:10-05:00,PUR_IED_RepBoliVene_Exter_27af7c,PUR_IED_RepBoliVene_Exter_27af7c,,,,,
2026-09-12T02:11:10-05:00,PUR_IED_RepBoliVene_SCPT_5ae2ee,PUR_IED_RepBoliVene_SCPT_5ae2ee,,,,,
2026-09-12T02:11:10-05:00,PUR_IED_RepBoliVene_Socia_4b11d5,PUR_IED_RepBoliVene_Socia_4b11d5,,,,,
2026-09-12T02:11:10-05:00,PUR_IED_RepChina_Ext_76d9ee,PUR_IED_RepChina_Ext_76d9ee,,,,,
2026-09-12T02:11:10-05:00,PUR_IED_RepChina_S404_7c804c,PUR_IED_RepChina_S404_7c804c,,,,,
2026-09-12T02:11:10-05:00,PUR_IED_RepChina_S405_df2c33,PUR_IED_RepChina_S405_df2c33,,,,,
2026-09-12T02:11:10-05:00,PUR_IED_RepublicaC_Exteri_7d1ec9,PUR_IED_RepublicaC_Exteri_7d1ec9,,,,,
2026-09-12T02:11:10-05:00,PUR_IED_RepublicaC_S1101_f544b3,PUR_IED_RepublicaC_S1101_f544b3,,,,,
2026-09-12T02:11:10-05:00,PUR_IED_RepublicaC_S1102_7aafc7,PUR_IED_RepublicaC_S1102_7aafc7,,,,,
2026-09-12T02:11:10-05:00,PUR_IED_Ricaurte_Externo_a0ea1,PUR_IED_Ricaurte_Externo_a0ea1,,,,,
2026-09-12T02:11:10-05:00,PUR_IED_Ricaurte_S210_f546fd,PUR_IED_Ricaurte_S210_f546fd,,,,,
2026-09-12T02:11:10-05:00,PUR_IED_Ricaurte_S309_d4452,PUR_IED_Ricaurte_S309_d4452,,,,,
2026-09-12T02:11:10-05:00,PUR_IED_RogelioS_1102_531e69,PUR_IED_RogelioS_1102_531e69,,,,,
2026-09-12T02:11:10-05:00,PUR_IED_RogelioS_Ext_f25a18,PUR_IED_RogelioS_Ext_f25a18,,,,,
2026-09-12T02:11:10-05:00,PUR_IED_SBernardino_Ext_27aff8,PUR_IED_SBernardino_Ext_27aff8,,,,,
2026-09-12T02:11:10-05:00,PUR_IED_SBernardino_SArte_2ffd33,PUR_IED_SBernardino_SArte_2ffd33,,,,,
2026-09-12T02:11:10-05:00,PUR_IED_SBernardino_SIngl_7c7da5,PUR_IED_SBernardino_SIngl_7c7da5,,,,,
2026-09-12T02:11:10-05:00,PUR_IED_Sago_auditorio_dc9d1d,PUR_IED_Sago_auditorio_dc9d1d,,,,,
2026-09-12T02:11:10-05:00,PUR_IED_Saludcoop_Ext_95aac3,PUR_IED_Saludcoop_Ext_95aac3,,,,,
2026-09-12T02:11:10-05:00,PUR_IED_Saludcoop_InfI_90c854,PUR_IED_Saludcoop_InfI_90c854,,,,,
2026-09-12T02:11:10-05:00,PUR_IED_Saludcoop_SMedia_1b93be,PUR_IED_Saludcoop_SMedia_1b93be,,,,,
2026-09-12T02:11:10-05:00,PUR_IED_SanCarlos_1101_1a2360,PUR_IED_SanCarlos_1101_1a2360,,,,,
2026-09-12T02:11:10-05:00,PUR_IED_SanCarlos_1103_7bafb5,PUR_IED_SanCarlos_1103_7bafb5,,,,,
2026-09-12T02:11:10-05:00,PUR_IED_SanCarlos_Ext_b7cd1,PUR_IED_SanCarlos_Ext_b7cd1,,,,,
2026-09-12T02:11:10-05:00,PUR_IED_SanIgnacioBosa11a_50c26e,PUR_IED_SanIgnacioBosa11a_50c26e,,,,,
2026-09-12T02:11:10-05:00,PUR_IED_SanIgnacioBosa11b_371de8,PUR_IED_SanIgnacioBosa11b_371de8,,,,,
2026-09-12T02:11:10-05:00,PUR_IED_SanIgnacioBosaExt_ef0ffc,PUR_IED_SanIgnacioBosaExt_ef0ffc,,,,,
2026-09-12T02:11:10-05:00,PUR_IED_SanIgnacioBosa_11a_50c26e,PUR_IED_SanIgnacioBosa_11a_50c26e,,,,,
2026-09-12T02:11:10-05:00,PUR_IED_SanIgnacioBosa_Ext_ef0ffc,PUR_IED_SanIgnacioBosa_Ext_ef0ffc,,,,,
2026-09-12T02:11:10-05:00,PUR_IED_SanJoseN_intS1101_31c47f,PUR_IED_SanJoseN_intS1101_31c47f,,,,,
2026-09-12T02:11:10-05:00,PUR_IED_SanJoseUsm_Exter_f5d7e8,PUR_IED_SanJoseUsm_Exter_f5d7e8,,,,,
2026-09-12T02:11:10-05:00,PUR_IED_SanJoseUsm_Int11A_cfdef6,PUR_IED_SanJoseUsm_Int11A_cfdef6,,,,,
2026-09-12T02:11:10-05:00,PUR_IED_SilveriaR_IntB5_905349,PUR_IED_SilveriaR_IntB5_905349,,,,,
2026-09-12T02:11:10-05:00,PUR_IED_SilveriaR_IntSD14_981f93,PUR_IED_SilveriaR_IntSD14_981f93,,,,,
2026-09-12T02:11:10-05:00,PUR_IED_SilveriaR_ext_2b651d,PUR_IED_SilveriaR_ext_2b651d,,,,,
2026-09-12T02:11:10-05:00,PUR_IED_SimonB_Exterior_913975,PUR_IED_SimonB_Exterior_913975,,,,,
2026-09-12T02:11:10-05:00,PUR_IED_SimonB_LabQuimi_c56908,PUR_IED_SimonB_LabQuimi_c56908,,,,,
2026-09-12T02:11:10-05:00,PUR_IED_SimonB_informatic_a28c1,PUR_IED_SimonB_informatic_a28c1,,,,,
2026-09-12T02:11:10-05:00,PUR_IED_Sorrento_1102_315f50,PUR_IED_Sorrento_1102_315f50,,,,,
2026-09-12T02:11:10-05:00,PUR_IED_Sorrento_Minte_214eab,PUR_IED_Sorrento_Minte_214eab,,,,,
2026-09-12T02:11:10-05:00,PUR_IED_Sorrento_ext_7c3a0a,PUR_IED_Sorrento_ext_7c3a0a,,,,,
2026-09-12T02:11:10-05:00,PUR_IED_Tabora_Ext_f048ae,PUR_IED_Tabora_Ext_f048ae,,,,,
2026-09-12T02:11:10-05:00,PUR_IED_Tabora_S1102_b07752,PUR_IED_Tabora_S1102_b07752,,,,,
2026-09-12T02:11:10-05:00,PUR_IED_Tabora_S1103_d988f5,PUR_IED_Tabora_S1103_d988f5,,,,,
2026-09-12T02:11:10-05:00,PUR_IED_Tenerife_Ext_1ab188,PUR_IED_Tenerife_Ext_1ab188,,,,,
2026-09-12T02:11:10-05:00,PUR_IED_Tenerife_SDanzas_7bc02e,PUR_IED_Tenerife_SDanzas_7bc02e,,,,,
2026-09-12T02:11:10-05:00,PUR_IED_Tenerife_SIngles_7cc277,PUR_IED_Tenerife_SIngles_7cc277,,,,,
2026-09-12T02:11:10-05:00,PUR_IED_Tibabuyes_Exter_f2683d,PUR_IED_Tibabuyes_Exter_f2683d,,,,,
2026-09-12T02:11:10-05:00,PUR_IED_Tibabuyes_S10_dc87a8,PUR_IED_Tibabuyes_S10_dc87a8,,,,,
2026-09-12T02:11:10-05:00,PUR_IED_Tibabuyes_S15_dc0526,PUR_IED_Tibabuyes_S15_dc0526,,,,,
2026-09-12T02:11:10-05:00,PUR_IED_UnionE_S301_a1043,PUR_IED_UnionE_S301_a1043,,,,,
2026-09-12T02:11:10-05:00,PUR_IED_UnionE_S307_ff6c2f,PUR_IED_UnionE_S307_ff6c2f,,,,,
2026-09-12T02:11:10-05:00,PUR_IED_UnionE__Ext_5e2468,PUR_IED_UnionE__Ext_5e2468,,,,,
2026-09-12T02:11:10-05:00,PUR_IED_VillaRica_Ext_75be7c,PUR_IED_VillaRica_Ext_75be7c,,,,,
2026-09-12T02:11:10-05:00,PUR_IED_VillaRica_S4_cc5dcd,PUR_IED_VillaRica_S4_cc5dcd,,,,,
2026-09-12T02:11:10-05:00,PUR_IED_VillaRica_Sesp_99f5c,PUR_IED_VillaRica_Sesp_99f5c,,,,,
2026-09-12T02:16:07-05:00,PUR_IED_20deJulio_1101_91b1b9,PUR_IED_20deJulio_1101_91b1b9,,,,,
2026-09-12T02:16:07-05:00,PUR_IED_20deJulio_1102_1cfcf9,PUR_IED_20deJulio_1102_1cfcf9,,,,,
2026-09-12T02:16:07-05:00,PUR_IED_20deJulio_Ext_ab60bd,PUR_IED_20deJulio_Ext_ab60bd,,,,,
2026-09-12T02:16:07-05:00,PUR_IED_AgustinFer_Ext_7b9b77,PUR_IED_AgustinFer_Ext_7b9b77,,,,,
2026-09-12T02:16:07-05:00,PUR_IED_AgustinFer_Info2_27b3a7,PUR_IED_AgustinFer_Info2_27b3a7,,,,,
2026-09-12T02:16:07-05:00,PUR_IED_AgustinFer_Sena_54b4eb,PUR_IED_AgustinFer_Sena_54b4eb,,,,,
2026-09-12T02:16:07-05:00,PUR_IED_AlexanderF_1102_caf07b,PUR_IED_AlexanderF_1102_caf07b,,,,,
2026-09-12T02:16:07-05:00,PUR_IED_AlexanderF_1103_c79e71,PUR_IED_AlexanderF_1103_c79e71,,,,,
2026-09-12T02:16:07-05:00,PUR_IED_AlexanderF_Ext_c5b18b,PUR_IED_AlexanderF_Ext_c5b18b,,,,,
2026-09-12T02:16:07-05:00,PUR_IED_AlfonsoLopez_Ext_281d77,PUR_IED_AlfonsoLopez_Ext_281d77,,,,,
2026-09-12T02:16:07-05:00,PUR_IED_AlfonsoLopez_LabF_888ce0,PUR_IED_AlfonsoLopez_LabF_888ce0,,,,,
2026-09-12T02:16:07-05:00,PUR_IED_AlfonsoLopez_SMed_df6a7f,PUR_IED_AlfonsoLopez_SMed_df6a7f,,,,,
2026-09-12T02:16:07-05:00,PUR_IED_AltamiraSO_A2_209f92,PUR_IED_AltamiraSO_A2_209f92,,,,,
2026-09-12T02:16:07-05:00,PUR_IED_AltamiraSO_Ext_186d66,PUR_IED_AltamiraSO_Ext_186d66,,,,,
2026-09-12T02:16:07-05:00,PUR_IED_AltamiraSO_Sistem_27afe1,PUR_IED_AltamiraSO_Sistem_27afe1,,,,,
2026-09-12T02:16:07-05:00,PUR_IED_AlvaroGom_LabQuim_813179,PUR_IED_AlvaroGom_LabQuim_813179,,,,,
2026-09-12T02:16:07-05:00,PUR_IED_AlvaroGomez_Ext_47c7ca,PUR_IED_AlvaroGomez_Ext_47c7ca,,,,,
2026-09-12T02:16:07-05:00,PUR_IED_AlvaroGomez_LabQuim_813179,PUR_IED_AlvaroGomez_LabQuim_813179,,,,,
2026-09-12T02:16:07-05:00,PUR_IED_AlvaroGomez_S23_7ba89f,PUR_IED_AlvaroGomez_S23_7ba89f,,,,,
2026-09-12T02:16:07-05:00,PUR_IED_Amistad_306_dc8728,PUR_IED_Amistad_306_dc8728,,,,,
2026-09-12T02:16:07-05:00,PUR_IED_Amistad_Ext_8cd55e,PUR_IED_Amistad_Ext_8cd55e,,,,,
2026-09-12T02:16:07-05:00,PUR_IED_Amistad_S202_a41169,PUR_IED_Amistad_S202_a41169,,,,,
2026-09-12T02:16:07-05:00,PUR_IED_AndresBello_Bio_fd5f5e,PUR_IED_AndresBello_Bio_fd5f5e,,,,,
2026-09-12T02:16:07-05:00,PUR_IED_AndresBello_ext_dcad65,PUR_IED_AndresBello_ext_dcad65,,,,,
2026-09-12T02:16:07-05:00,PUR_IED_AndresBello_port_eed3ec,PUR_IED_AndresBello_port_eed3ec,,,,,
2026-09-12T02:16:07-05:00,PUR_IED_AngelaR_11b_d90a6b,PUR_IED_AngelaR_11b_d90a6b,,,,,
2026-09-12T02:16:07-05:00,PUR_IED_AngelaR_ext_7cad3e,PUR_IED_AngelaR_ext_7cad3e,13,20,61,4.5825,-74.164497
2026-09-12T02:16:07-05:00,PUR_IED_AntJoseSucre_10mo_df2575,PUR_IED_AntJoseSucre_10mo_df2575,,,,,
2026-09-12T02:16:07-05:00,PUR_IED_AntJoseSucre_Ext_215b36,PUR_IED_AntJoseSucre_Ext_215b36,,,,,
2026-09-12T02:16:07-05:00,PUR_IED_AntJoseSucre_Lab_3139de,PUR_IED_AntJoseSucre_Lab_3139de,,,,,
2026-09-12T02:16:07-05:00,PUR_IED_AntonioGarcia_301_d6b188,PUR_IED_AntonioGarcia_301_d6b188,,,,,
2026-09-12T02:16:07-05:00,PUR_IED_AntonioGarcia_302_88a82,PUR_IED_AntonioGarcia_302_88a82,,,,,
2026-09-12T02:16:07-05:00,PUR_IED_AntonioGarcia_Ext_20950c,PUR_IED_AntonioGarcia_Ext_20950c,,,,,
2026-09-12T02:16:07-05:00,PUR_IED_AntonioVan_Aula2_6dea02,PUR_IED_AntonioVan_Aula2_6dea02,,,,,
2026-09-12T02:16:07-05:00,PUR_IED_AntonioVan_Aula5_f1557e,PUR_IED_AntonioVan_Aula5_f1557e,,,,,
2026-09-12T02:16:07-05:00,PUR_IED_AntonioVan_Ext_406f2f,PUR_IED_AntonioVan_Ext_406f2f,,,,,
2026-09-12T02:16:07-05:00,PUR_IED_Atabanzha_Ext_cc5af9,PUR_IED_Atabanzha_Ext_cc5af9,,,,,
2026-09-12T02:16:07-05:00,PUR_IED_Atabanzha_SA101_56c37,PUR_IED_Atabanzha_SA101_56c37,,,,,
2026-09-12T02:16:07-05:00,PUR_IED_Atabanzha_SB302_27b374,PUR_IED_Atabanzha_SB302_27b374,,,,,
2026-09-12T02:16:07-05:00,PUR_IED_Atahualpa_Ext_fc1748,PUR_IED_Atahualpa_Ext_fc1748,,,,,
2026-09-12T02:16:07-05:00,PUR_IED_Atahualpa_Informa_dc9a95,PUR_IED_Atahualpa_Informa_dc9a95,,,,,
2026-09-12T02:16:07-05:00,PUR_IED_Atahualpa_S1101_f98056,PUR_IED_Atahualpa_S1101_f98056,,,,,
2026-09-12T02:16:07-05:00,PUR_IED_Bellavista_Ext_f5aa74,PUR_IED_Bellavista_Ext_f5aa74,,,,,
2026-09-12T02:16:07-05:00,PUR_IED_Bilbao_11A_916c41,PUR_IED_Bilbao_11A_916c41,,,,,
2026-09-12T02:16:07-05:00,PUR_IED_Bilbao_Ext_fb579a,PUR_IED_Bilbao_Ext_fb579a,,,,,
2026-09-12T02:16:07-05:00,PUR_IED_BrasiliaU_A125_304280,PUR_IED_BrasiliaU_A125_304280,,,,,
2026-09-12T02:16:07-05:00,PUR_IED_BrasiliaU_A203_7c8ca5,PUR_IED_BrasiliaU_A203_7c8ca5,,,,,
2026-09-12T02:16:07-05:00,PUR_IED_BrasiliaU_Ext_8d6e9f,PUR_IED_BrasiliaU_Ext_8d6e9f,4,17,61,4.5175,-74.116302
2026-09-12T02:16:07-05:00,PUR_IED_Brasilia_Ext_fe6593,PUR_IED_Brasilia_Ext_fe6593,,,,,
2026-09-12T02:16:07-05:00,PUR_IED_Brasilia_S24_7c130d,PUR_IED_Brasilia_S24_7c130d,,,,,
2026-09-12T02:16:07-05:00,PUR_IED_Brasilia_S501_186a54,PUR_IED_Brasilia_S501_186a54,,,,,
2026-09-12T02:16:07-05:00,PUR_IED_CHARRY_EXT_f1d5cd,PUR_IED_CHARRY_EXT_f1d5cd,,,,,
2026-09-12T02:16:07-05:00,PUR_IED_CHARRY_INTDANZAS_7a08e6,PUR_IED_CHARRY_INTDANZAS_7a08e6,,,,,
2026-09-12T02:16:07-05:00,PUR_IED_CHARRY_INT_AULA20_dc998d,PUR_IED_CHARRY_INT_AULA20_dc998d,,,,,
2026-09-12T02:16:07-05:00,PUR_IED_COLVIV_1101_S25_7f520a,PUR_IED_COLVIV_1101_S25_7f520a,,,,,
2026-09-12T02:16:07-05:00,PUR_IED_COLVIV_1102_S16_f570ba,PUR_IED_COLVIV_1102_S16_f570ba,,,,,
2026-09-12T02:16:07-05:00,PUR_IED_COLVIV_Ext_1a26fa,PUR_IED_COLVIV_Ext_1a26fa,,,,,
2026-09-12T02:16:07-05:00,PUR_IED_CULPOP_301A_f660f3,PUR_IED_CULPOP_301A_f660f3,,,,,
2026-09-12T02:16:07-05:00,PUR_IED_CULPOP_303_568afe,PUR_IED_CULPOP_303_568afe,,,,,
2026-09-12T02:16:07-05:00,PUR_IED_CULPOP_Ext_e02ccb,PUR_IED_CULPOP_Ext_e02ccb,,,,,
2026-09-12T02:16:07-05:00,PUR_IED_CVillavicen_Ext_26eb58,PUR_IED_CVillavicen_Ext_26eb58,3,15,75,4.487,-74.102798
2026-09-12T02:16:07-05:00,PUR_IED_CVillavicen_Intel_1ce5c2,PUR_IED_CVillavicen_Intel_1ce5c2,,,,,
2026-09-12T02:16:07-05:00,PUR_IED_CVillavicen_Poliv_e0766c,PUR_IED_CVillavicen_Poliv_e0766c,,,,,
2026-09-12T02:16:07-05:00,PUR_IED_CVillavicen_int_1ba140,PUR_IED_CVillavicen_int_1ba140,,,,,
2026-09-12T02:16:07-05:00,PUR_IED_CVillavicen_intel_1ba140,PUR_IED_CVillavicen_intel_1ba140,,,,,
2026-09-12T02:16:07-05:00,PUR_IED_CarlosPizarro_Ext_e307cc,PUR_IED_CarlosPizarro_Ext_e307cc,,,,,
2026-09-12T02:16:07-05:00,PUR_IED_CarlosPizarro_L36_7e5cdb,PUR_IED_CarlosPizarro_L36_7e5cdb,,,,,
2026-09-12T02:16:07-05:00,PUR_IED_CarlosPizarro_L37_c8566c,PUR_IED_CarlosPizarro_L37_c8566c,,,,,
2026-09-12T02:16:07-05:00,PUR_IED_Castilla_Ext_cf35f,PUR_IED_Castilla_Ext_cf35f,,,,,
2026-09-12T02:16:07-05:00,PUR_IED_Castilla_SFisik_360e38,PUR_IED_Castilla_SFisik_360e38,,,,,
2026-09-12T02:16:07-05:00,PUR_IED_Castilla_Sc304_496fbf,PUR_IED_Castilla_Sc304_496fbf,,,,,
2026-09-12T02:16:07-05:00,PUR_IED_CervantesSa_Ext_6b57b,PUR_IED_CervantesSa_Ext_6b57b,3,17,66,4.5128,-74.117203
2026-09-12T02:16:07-05:00,PUR_IED_CervantesSa_S107_225c2b,PUR_IED_CervantesSa_S107_225c2b,,,,,
2026-09-12T02:16:07-05:00,PUR_IED_CervantesSa_S108_940925,PUR_IED_CervantesSa_S108_940925,,,,,
2026-09-12T02:16:07-05:00,PUR_IED_Charry_A20_f53e7c,PUR_IED_Charry_A20_f53e7c,,,,,
2026-09-12T02:16:07-05:00,PUR_IED_Charry_Ext_f1d5cd,PUR_IED_Charry_Ext_f1d5cd,,,,,
2026-09-12T02:16:07-05:00,PUR_IED_Charry_IntAula20_dc998d,PUR_IED_Charry_IntAula20_dc998d,,,,,
2026-09-12T02:16:07-05:00,PUR_IED_Charry_IntDanzas_7a08e6,PUR_IED_Charry_IntDanzas_7a08e6,,,,,
2026-09-12T02:16:07-05:00,PUR_IED_ClememciaC_203_43e2fc,PUR_IED_ClememciaC_203_43e2fc,,,,,
2026-09-12T02:16:07-05:00,PUR_IED_ClememciaC_Ext_1b411a,PUR_IED_ClememciaC_Ext_1b411a,,,,,
2026-09-12T02:16:07-05:00,PUR_IED_ClememciaC_Quimic_44b5fc,PUR_IED_ClememciaC_Quimic_44b5fc,,,,,
2026-09-12T02:16:07-05:00,PUR_IED_ClemenciaC_203_43e2fc,PUR_IED_ClemenciaC_203_43e2fc,,,,,
2026-09-12T02:16:07-05:00,PUR_IED_ClemenciaC_Ext_1b411a,PUR_IED_ClemenciaC_Ext_1b411a,,,,,
2026-09-12T02:16:07-05:00,PUR_IED_ClemenciaC_Quimic_44b5fc,PUR_IED_ClemenciaC_Quimic_44b5fc,,,,,
2026-09-12T02:16:07-05:00,PUR_IED_ColViva_1101_S25_7f520a,PUR_IED_ColViva_1101_S25_7f520a,,,,,
2026-09-12T02:16:07-05:00,PUR_IED_ColViva_1102_S16_f570ba,PUR_IED_ColViva_1102_S16_f570ba,,,,,
2026-09-12T02:16:07-05:00,PUR_IED_ColViva_Ext_1a26fa,PUR_IED_ColViva_Ext_1a26fa,,,,,
2026-09-12T02:16:07-05:00,PUR_IED_ColegioBici_Asist_7c8798,PUR_IED_ColegioBici_Asist_7c8798,,,,,
2026-09-12T02:16:07-05:00,PUR_IED_ColegioBici_Ext_25cbf6,PUR_IED_ColegioBici_Ext_25cbf6,,,,,
2026-09-12T02:16:07-05:00,PUR_IED_ColegioBici_LabQ_7b57db,PUR_IED_ColegioBici_LabQ_7b57db,,,,,
2026-09-12T02:16:07-05:00,PUR_IED_CostaRica_Ext_5e640,PUR_IED_CostaRica_Ext_5e640,,,,,
2026-09-12T02:16:07-05:00,PUR_IED_CostaRica_Quim1_766d1c,PUR_IED_CostaRica_Quim1_766d1c,,,,,
2026-09-12T02:16:07-05:00,PUR_IED_CostaRica__Fisica_6f0873,PUR_IED_CostaRica__Fisica_6f0873,,,,,
2026-09-12T02:16:07-05:00,PUR_IED_CulPopu_301A_f660f3,PUR_IED_CulPopu_301A_f660f3,,,,,
2026-09-12T02:16:07-05:00,PUR_IED_CulPopu_303_568afe,PUR_IED_CulPopu_303_568afe,,,,,
2026-09-12T02:16:07-05:00,PUR_IED_CulPopu_Ext_e02ccb,PUR_IED_CulPopu_Ext_e02ccb,,,,,
2026-09-12T02:16:07-05:00,PUR_IED_Cundinamarca_Ext_f15985,PUR_IED_Cundinamarca_Ext_f15985,,,,,
2026-09-12T02:16:07-05:00,PUR_IED_Cundinamarca_Info_7aa5d7,PUR_IED_Cundinamarca_Info_7aa5d7,,,,,
2026-09-12T02:16:07-05:00,PUR_IED_Cundinamarca_Tec2_f449c7,PUR_IED_Cundinamarca_Tec2_f449c7,,,,,
2026-09-12T02:16:07-05:00,PUR_IED_DiegoM_Aula1_27b314,PUR_IED_DiegoM_Aula1_27b314,,,,,
2026-09-12T02:16:07-05:00,PUR_IED_DiegoM_Ext_d80ac8,PUR_IED_DiegoM_Ext_d80ac8,,,,,
2026-09-12T02:16:07-05:00,PUR_IED_DiegoM_S25_da928f,PUR_IED_DiegoM_S25_da928f,,,,,
2026-09-12T02:16:07-05:00,PUR_IED_ELRODEO_360881,PUR_IED_ELRODEO_360881,,,,,
2026-09-12T02:16:07-05:00,PUR_IED_ELRODEO_ext_360881,PUR_IED_ELRODEO_ext_360881,,,,,
2026-09-12T02:16:07-05:00,PUR_IED_EduardoU_Ext_1c1969,PUR_IED_EduardoU_Ext_1c1969,,,,,
2026-09-12T02:16:07-05:00,PUR_IED_EduardoU_SCiencia_4dfb94,PUR_IED_EduardoU_SCiencia_4dfb94,,,,,
2026-09-12T02:16:07-05:00,PUR_IED_EduardoU_SQuimica_5a46e7,PUR_IED_EduardoU_SQuimica_5a46e7,,,,,
2026-09-12T02:16:07-05:00,PUR_IED_ElRodeo_Aula14_676984,PUR_IED_ElRodeo_Aula14_676984,,,,,
2026-09-12T02:16:07-05:00,PUR_IED_ElRodeo_Aula16_2dd35b,PUR_IED_ElRodeo_Aula16_2dd35b,,,,,
2026-09-12T02:16:07-05:00,PUR_IED_ElRodeo_Ext_360881,PUR_IED_ElRodeo_Ext_360881,,,,,
2026-09-12T02:16:07-05:00,PUR_IED_ElRodeo_Exterior_8c6d28,PUR_IED_ElRodeo_Exterior_8c6d28,,,,,
2026-09-12T02:16:07-05:00,PUR_IED_ElRodeo_ext_360881,PUR_IED_ElRodeo_ext_360881,,,,,
2026-09-12T02:16:07-05:00,PUR_IED_EmmaReyes_Ext_987625,PUR_IED_EmmaReyes_Ext_987625,14,21,53,4.6367,-74.1511
2026-09-12T02:16:07-05:00,PUR_IED_Ensueño_Ext_7f0250,PUR_IED_Ensueño_Ext_7f0250,,,,,
2026-09-12T02:16:07-05:00,PUR_IED_EscNormal_Ext_5fef3b,PUR_IED_EscNormal_Ext_5fef3b,3,18,61,4.5852,-74.096901
2026-09-12T02:16:07-05:00,PUR_IED_EscNormal_S309_5b263,PUR_IED_EscNormal_S309_5b263,,,,,
2026-09-12T02:16:07-05:00,PUR_IED_EscNormal_S310_27b3b8,PUR_IED_EscNormal_S310_27b3b8,,,,,
2026-09-12T02:16:07-05:00,PUR_IED_Evangelista_Conta_f6cd4f,PUR_IED_Evangelista_Conta_f6cd4f,,,,,
2026-09-12T02:16:07-05:00,PUR_IED_Evangelista_Cri_5e16a,PUR_IED_Evangelista_Cri_5e16a,,,,,
2026-09-12T02:16:07-05:00,PUR_IED_Evangelista_Exter_754066,PUR_IED_Evangelista_Exter_754066,,,,,
2026-09-12T02:16:07-05:00,PUR_IED_FMiranda_S209_5cc2a3,PUR_IED_FMiranda_S209_5cc2a3,,,,,
2026-09-12T02:16:07-05:00,PUR_IED_FMiranda_S303_19e344,PUR_IED_FMiranda_S303_19e344,,,,,
2026-09-12T02:16:07-05:00,PUR_IED_FMiranda_ext_f53e7c,PUR_IED_FMiranda_ext_f53e7c,,,,,
2026-09-12T02:16:07-05:00,PUR_IED_FabioLozano_Bibli_1cee05,PUR_IED_FabioLozano_Bibli_1cee05,,,,,
2026-09-12T02:16:07-05:00,PUR_IED_FabioLozano_Ext_6ea285,PUR_IED_FabioLozano_Ext_6ea285,,,,,
2026-09-12T02:16:07-05:00,PUR_IED_FabioLozano_SLudi_f09e1e,PUR_IED_FabioLozano_SLudi_f09e1e,,,,,
2026-09-12T02:16:07-05:00,PUR_IED_FaustinoS_Aula07_27a731,PUR_IED_FaustinoS_Aula07_27a731,,,,,
2026-09-12T02:16:07-05:00,PUR_IED_FaustinoS_Ext_7b936f,PUR_IED_FaustinoS_Ext_7b936f,,,,,
2026-09-12T02:16:07-05:00,PUR_IED_FaustinoS_Fisica_da2c60,PUR_IED_FaustinoS_Fisica_da2c60,,,,,
2026-09-12T02:16:07-05:00,PUR_IED_FeGarciaLo_Ext_dc68ee,PUR_IED_FeGarciaLo_Ext_dc68ee,,,,,
2026-09-12T02:16:07-05:00,PUR_IED_FeGarciaLo_SDanza_f70a59,PUR_IED_FeGarciaLo_SDanza_f70a59,,,,,
2026-09-12T02:16:07-05:00,PUR_IED_FeGarciaLo_SMusic_125cdd,PUR_IED_FeGarciaLo_SMusic_125cdd,,,,,
2026-09-12T02:16:07-05:00,PUR_IED_FederalAlema_Exte_50c345,PUR_IED_FederalAlema_Exte_50c345,,,,,
2026-09-12T02:16:07-05:00,PUR_IED_FederalAlema_S31_f18371,PUR_IED_FederalAlema_S31_f18371,,,,,
2026-09-12T02:16:07-05:00,PUR_IED_FederalAlema_S901_a62cd,PUR_IED_FederalAlema_S901_a62cd,,,,,
2026-09-12T02:16:07-05:00,PUR_IED_FilarmonicaS_A5_f35eb1,PUR_IED_FilarmonicaS_A5_f35eb1,,,,,
2026-09-12T02:16:07-05:00,PUR_IED_FilarmonicaS_Ext_8a3bde,PUR_IED_FilarmonicaS_Ext_8a3bde,,,,,
2026-09-12T02:16:07-05:00,PUR_IED_FilarmonicaS_Spol_406114,PUR_IED_FilarmonicaS_Spol_406114,,,,,
2026-09-12T02:16:07-05:00,PUR_IED_FlorentinoG_A13_d1fa59,PUR_IED_FlorentinoG_A13_d1fa59,,,,,
2026-09-12T02:16:07-05:00,PUR_IED_FlorentinoG_Ext_1ce6ce,PUR_IED_FlorentinoG_Ext_1ce6ce,,,,,
2026-09-12T02:16:07-05:00,PUR_IED_FlorentinoG_Idiom_a66aac,PUR_IED_FlorentinoG_Idiom_a66aac,,,,,
2026-09-12T02:16:07-05:00,PUR_IED_FranciscoMati_Ext_e3869d,PUR_IED_FranciscoMati_Ext_e3869d,,,,,
2026-09-12T02:16:07-05:00,PUR_IED_FranciscoMati_S13_f31c67,PUR_IED_FranciscoMati_S13_f31c67,,,,,
2026-09-12T02:16:07-05:00,PUR_IED_FranciscoMati_S14_97dead,PUR_IED_FranciscoMati_S14_97dead,,,,,
2026-09-12T02:16:07-05:00,PUR_IED_FranciscoPS_Ext_7bfa9a,PUR_IED_FranciscoPS_Ext_7bfa9a,2,20,58,4.5899,-74.110397
2026-09-12T02:16:07-05:00,PUR_IED_FranciscoPS_Infor_fb8f4c,PUR_IED_FranciscoPS_Infor_fb8f4c,,,,,
2026-09-12T02:16:07-05:00,PUR_IED_FranciscoPS_Quimi_94d39c,PUR_IED_FranciscoPS_Quimi_94d39c,,,,,
2026-09-12T02:16:07-05:00,PUR_IED_FranciscoP_LabQ_d7e148,PUR_IED_FranciscoP_LabQ_d7e148,,,,,
2026-09-12T02:16:07-05:00,PUR_IED_FranciscoP_S28_cf9b30,PUR_IED_FranciscoP_S28_cf9b30,,,,,
2026-09-12T02:16:07-05:00,PUR_IED_FranciscoP_ext_e2313,PUR_IED_FranciscoP_ext_e2313,,,,,
2026-09-12T02:16:07-05:00,PUR_IED_FriederichN_Ext_8ac92a,PUR_IED_FriederichN_Ext_8ac92a,,,,,
2026-09-12T02:16:07-05:00,PUR_IED_FriederichN_S301_dd7e5a,PUR_IED_FriederichN_S301_dd7e5a,,,,,
2026-09-12T02:16:07-05:00,PUR_IED_FriederichN_S308_761f4f,PUR_IED_FriederichN_S308_761f4f,,,,,
2026-09-12T02:16:07-05:00,PUR_IED_GSantander_Aula10_533dd7,PUR_IED_GSantander_Aula10_533dd7,,,,,
2026-09-12T02:16:07-05:00,PUR_IED_GSantander_Aula12_fd4e4f,PUR_IED_GSantander_Aula12_fd4e4f,,,,,
2026-09-12T02:16:07-05:00,PUR_IED_GSantander_Aula310_533dd7,PUR_IED_GSantander_Aula310_533dd7,,,,,
2026-09-12T02:16:07-05:00,PUR_IED_GSantander_Aula312_fd4e4f,PUR_IED_GSantander_Aula312_fd4e4f,,,,,
2026-09-12T02:16:07-05:00,PUR_IED_GSantander_Ext_5f66b0,PUR_IED_GSantander_Ext_5f66b0,,,,,
2026-09-12T02:16:07-05:00,PUR_IED_GYomasa_Ext_f6bea5,PUR_IED_GYomasa_Ext_f6bea5,,,,,
2026-09-12T02:16:07-05:00,PUR_IED_GYomasa_LBiol_2c41aa,PUR_IED_GYomasa_LBiol_2c41aa,,,,,
2026-09-12T02:16:07-05:00,PUR_IED_GYomasa_LQuim_33c80,PUR_IED_GYomasa_LQuim_33c80,,,,,
2026-09-12T02:16:07-05:00,PUR_IED_GabBetMejia_Cienc_5a99c,PUR_IED_GabBetMejia_Cienc_5a99c,,,,,
2026-09-12T02:16:07-05:00,PUR_IED_GabBetMejia_Ext_9153d0,PUR_IED_GabBetMejia_Ext_9153d0,,,,,
2026-09-12T02:16:07-05:00,PUR_IED_GabBetMejia_Lab_f55347,PUR_IED_GabBetMejia_Lab_f55347,,,,,
2026-09-12T02:16:07-05:00,PUR_IED_GabBetanMejia_Ext_9153d0,PUR_IED_GabBetanMejia_Ext_9153d0,,,,,
2026-09-12T02:16:07-05:00,PUR_IED_Gaitana_Aula13_7aac11,PUR_IED_Gaitana_Aula13_7aac11,,,,,
2026-09-12T02:16:07-05:00,PUR_IED_Gaitana_Ext_5fcf4,PUR_IED_Gaitana_Ext_5fcf4,,,,,
2026-09-12T02:16:07-05:00,PUR_IED_Gaitana_LabFisica_644448,PUR_IED_Gaitana_LabFisica_644448,,,,,
2026-09-12T02:16:07-05:00,PUR_IED_GenSantander_Dise_8ac858,PUR_IED_GenSantander_Dise_8ac858,,,,,
2026-09-12T02:16:07-05:00,PUR_IED_GenSantander_Ext_8d5dfe,PUR_IED_GenSantander_Ext_8d5dfe,,,,,
2026-09-12T02:16:07-05:00,PUR_IED_GenSantander_Info_6c25b,PUR_IED_GenSantander_Info_6c25b,,,,,
2026-09-12T02:16:07-05:00,PUR_IED_GustavoMo_Exterio_75e63d,PUR_IED_GustavoMo_Exterio_75e63d,,,,,
2026-09-12T02:16:07-05:00,PUR_IED_GustavoMo_LabFisi_224d37,PUR_IED_GustavoMo_LabFisi_224d37,,,,,
2026-09-12T02:16:07-05:00,PUR_IED_GustavoMo_S208_3e6918,PUR_IED_GustavoMo_S208_3e6918,,,,,
2026-09-12T02:16:07-05:00,PUR_IED_GustavoR_A02_8cd4a8,PUR_IED_GustavoR_A02_8cd4a8,,,,,
2026-09-12T02:16:07-05:00,PUR_IED_GustavoR_B11_5b0ed,PUR_IED_GustavoR_B11_5b0ed,,,,,
2026-09-12T02:16:07-05:00,PUR_IED_GustavoR_Ext_7a0c90,PUR_IED_GustavoR_Ext_7a0c90,,,,,
2026-09-12T02:16:07-05:00,PUR_IED_HernandoDuran_Ext_8cd82b,PUR_IED_HernandoDuran_Ext_8cd82b,,,,,
2026-09-12T02:16:07-05:00,PUR_IED_HernandoDuran_S24_2772c6,PUR_IED_HernandoDuran_S24_2772c6,,,,,
2026-09-12T02:16:07-05:00,PUR_IED_HernandoDuran_S30_f2de41,PUR_IED_HernandoDuran_S30_f2de41,,,,,
2026-09-12T02:16:07-05:00,PUR_IED_HolguInUr_S1101_8cd732,PUR_IED_HolguInUr_S1101_8cd732,,,,,
2026-09-12T02:16:07-05:00,PUR_IED_HolguinUr_Exter_ddae6d,PUR_IED_HolguinUr_Exter_ddae6d,,,,,
2026-09-12T02:16:07-05:00,PUR_IED_HolguinUr_LabQuim_92b952,PUR_IED_HolguinUr_LabQuim_92b952,,,,,
2026-09-12T02:16:07-05:00,PUR_IED_Isabel-II_Ext_5245cc,PUR_IED_Isabel-II_Ext_5245cc,13,19,59,4.6336,-74.153
2026-09-12T02:16:07-05:00,PUR_IED_Isabel-II_S_idiom_1c29aa,PUR_IED_Isabel-II_S_idiom_1c29aa,,,,,
2026-09-12T02:16:07-05:00,PUR_IED_Isabel-II_S_infor_fd741,PUR_IED_Isabel-II_S_infor_fd741,,,,,
2026-09-12T02:16:07-05:00,PUR_IED_IsidroSur_Exterio_5b90ea,PUR_IED_IsidroSur_Exterio_5b90ea,,,,,
2026-09-12T02:16:07-05:00,PUR_IED_IsidroSur_LabTec_56697a,PUR_IED_IsidroSur_LabTec_56697a,,,,,
2026-09-12T02:16:07-05:00,PUR_IED_IsidroSur_Robotic_b7c38f,PUR_IED_IsidroSur_Robotic_b7c38f,,,,,
2026-09-12T02:16:07-05:00,PUR_IED_IsmaelPerd_Ext_7b6672,PUR_IED_IsmaelPerd_Ext_7b6672,,,,,
2026-09-12T02:16:07-05:00,PUR_IED_IsmaelPerd_Inform_306540,PUR_IED_IsmaelPerd_Inform_306540,,,,,
2026-09-12T02:16:07-05:00,PUR_IED_IsmaelPerd_S30_2e2c83,PUR_IED_IsmaelPerd_S30_2e2c83,,,,,
2026-09-12T02:16:07-05:00,PUR_IED_JLozano_Exter_432910,PUR_IED_JLozano_Exter_432910,,,,,
2026-09-12T02:16:07-05:00,PUR_IED_JLozano_salaMulti_df5125,PUR_IED_JLozano_salaMulti_df5125,,,,,
2026-09-12T02:16:07-05:00,PUR_IED_JMCordoba_206_86f80b,PUR_IED_JMCordoba_206_86f80b,,,,,
2026-09-12T02:16:07-05:00,PUR_IED_JMCordoba_Ext_27ad97,PUR_IED_JMCordoba_Ext_27ad97,,,,,
2026-09-12T02:16:07-05:00,PUR_IED_JMCordoba_S310_d59ab4,PUR_IED_JMCordoba_S310_d59ab4,,,,,
2026-09-12T02:16:07-05:00,PUR_IED_Japon_Ext_549100,PUR_IED_Japon_Ext_549100,,,,,
2026-09-12T02:16:07-05:00,PUR_IED_Japon_Laboratorio_bec51d,PUR_IED_Japon_Laboratorio_bec51d,,,,,
2026-09-12T02:16:07-05:00,PUR_IED_Japon_informatica_d99327,PUR_IED_Japon_informatica_d99327,,,,,
2026-09-12T02:16:07-05:00,PUR_IED_Jazmin_Ext_d27bda,PUR_IED_Jazmin_Ext_d27bda,,,,,
2026-09-12T02:16:07-05:00,PUR_IED_Jazmin_Fisica_8d14d7,PUR_IED_Jazmin_Fisica_8d14d7,,,,,
2026-09-12T02:16:07-05:00,PUR_IED_Jazmin_Quimica_801cb5,PUR_IED_Jazmin_Quimica_801cb5,,,,,
2026-09-12T02:16:07-05:00,PUR_IED_JorgeGaitan_Exter_f098d1,PUR_IED_JorgeGaitan_Exter_f098d1,,,,,
2026-09-12T02:16:07-05:00,PUR_IED_JorgeGaitan_STec1_dc9d1d,PUR_IED_JorgeGaitan_STec1_dc9d1d,,,,,
2026-09-12T02:16:07-05:00,PUR_IED_JorgeGaitan_STec2_281e69,PUR_IED_JorgeGaitan_STec2_281e69,,,,,
2026-09-12T02:16:07-05:00,PUR_IED_JorgeSoto_Exterio_d9d0a2,PUR_IED_JorgeSoto_Exterio_d9d0a2,,,,,
2026-09-12T02:16:07-05:00,PUR_IED_JorgeSoto_LabFisi_209c54,PUR_IED_JorgeSoto_LabFisi_209c54,,,,,
2026-09-12T02:16:07-05:00,PUR_IED_JorgeSoto_S103_27b51a,PUR_IED_JorgeSoto_S103_27b51a,,,,,
2026-09-12T02:16:07-05:00,PUR_IED_JoseAcevedo_A02_e965eb,PUR_IED_JoseAcevedo_A02_e965eb,,,,,
2026-09-12T02:16:07-05:00,PUR_IED_JoseAcevedo_A07_dd5b4,PUR_IED_JoseAcevedo_A07_dd5b4,,,,,
2026-09-12T02:16:07-05:00,PUR_IED_JoseAcevedo_Ext_b47484,PUR_IED_JoseAcevedo_Ext_b47484,,,,,
2026-09-12T02:16:07-05:00,PUR_IED_JoseMarti_Exte_5b9bf,PUR_IED_JoseMarti_Exte_5b9bf,,,,,
2026-09-12T02:16:07-05:00,PUR_IED_JoseMarti_LabQuim_1c6c2d,PUR_IED_JoseMarti_LabQuim_1c6c2d,,,,,
2026-09-12T02:16:07-05:00,PUR_IED_JoseMarti_S_info_f5f177,PUR_IED_JoseMarti_S_info_f5f177,,,,,
2026-09-12T02:16:07-05:00,PUR_IED_Josejoaquin_Ext_dfc5dc,PUR_IED_Josejoaquin_Ext_dfc5dc,,,,,
2026-09-12T02:16:07-05:00,PUR_IED_Josejoaquin_S05_5b2a96,PUR_IED_Josejoaquin_S05_5b2a96,,,,,
2026-09-12T02:16:07-05:00,PUR_IED_Josejoaquin_S06_1ce7d2,PUR_IED_Josejoaquin_S06_1ce7d2,,,,,
2026-09-12T02:16:07-05:00,PUR_IED_JulioFlorez_Danza_9b82dd,PUR_IED_JulioFlorez_Danza_9b82dd,,,,,
2026-09-12T02:16:07-05:00,PUR_IED_JulioFlorez_Exter_f9f314,PUR_IED_JulioFlorez_Exter_f9f314,,,,,
2026-09-12T02:16:07-05:00,PUR_IED_JulioFlorez_info2_6b6e08,PUR_IED_JulioFlorez_info2_6b6e08,,,,,
2026-09-12T02:16:07-05:00,PUR_IED_LaBelleza_Aula13_1d00d8,PUR_IED_LaBelleza_Aula13_1d00d8,,,,,
2026-09-12T02:16:07-05:00,PUR_IED_LaBelleza_Ext_7bc08c,PUR_IED_LaBelleza_Ext_7bc08c,,,,,
2026-09-12T02:16:07-05:00,PUR_IED_LaChucua_Ext_8cd6d2,PUR_IED_LaChucua_Ext_8cd6d2,,,,,
2026-09-12T02:16:07-05:00,PUR_IED_LaChucua_S15_f578ce,PUR_IED_LaChucua_S15_f578ce,,,,,
2026-09-12T02:16:07-05:00,PUR_IED_LaChucua_S16_eebcf9,PUR_IED_LaChucua_S16_eebcf9,,,,,
2026-09-12T02:16:07-05:00,PUR_IED_LaFelicidad_Ext_fb5109,PUR_IED_LaFelicidad_Ext_fb5109,,,,,
2026-09-12T02:16:07-05:00,PUR_IED_LaMerced_206_66ebd,PUR_IED_LaMerced_206_66ebd,,,,,
2026-09-12T02:16:07-05:00,PUR_IED_LaMerced_207_6ebd6,PUR_IED_LaMerced_207_6ebd6,,,,,
2026-09-12T02:16:07-05:00,PUR_IED_LaMerced_ext_304311,PUR_IED_LaMerced_ext_304311,,,,,
2026-09-12T02:16:07-05:00,PUR_IED_Laureano_CiencNat_281e5e,PUR_IED_Laureano_CiencNat_281e5e,,,,,
2026-09-12T02:16:07-05:00,PUR_IED_Laureano_Comedor_f65c0a,PUR_IED_Laureano_Comedor_f65c0a,,,,,
2026-09-12T02:16:07-05:00,PUR_IED_Laureano_Exterior_7ab011,PUR_IED_Laureano_Exterior_7ab011,,,,,
2026-09-12T02:16:07-05:00,PUR_IED_LeonGreiff_Exte_dfe560,PUR_IED_LeonGreiff_Exte_dfe560,,,,,
2026-09-12T02:16:07-05:00,PUR_IED_LeonGreiff_S210_f264ed,PUR_IED_LeonGreiff_S210_f264ed,,,,,
2026-09-12T02:16:07-05:00,PUR_IED_LeonGreiff_SQuimi_e8296f,PUR_IED_LeonGreiff_SQuimi_e8296f,,,,,
2026-09-12T02:16:07-05:00,PUR_IED_LlanoOrientalS208_7b9fcd,PUR_IED_LlanoOrientalS208_7b9fcd,,,,,
2026-09-12T02:16:07-05:00,PUR_IED_LlanoOriental_Ext_fb3766,PUR_IED_LlanoOriental_Ext_fb3766,,,,,
2026-09-12T02:16:07-05:00,PUR_IED_LlanoOriental_S208_7b9fcd,PUR_IED_LlanoOriental_S208_7b9fcd,,,,,
2026-09-12T02:16:07-05:00,PUR_IED_LlanoOriental_S9_27b378,PUR_IED_LlanoOriental_S9_27b378,,,,,
2026-09-12T02:16:07-05:00,PUR_IED_LosTejares_1101_477602,PUR_IED_LosTejares_1101_477602,,,,,
2026-09-12T02:16:07-05:00,PUR_IED_LosTejares_11_d2c595,PUR_IED_LosTejares_11_d2c595,,,,,
2026-09-12T02:16:07-05:00,PUR_IED_LosTejares_12_477602,PUR_IED_LosTejares_12_477602,,,,,
2026-09-12T02:16:07-05:00,PUR_IED_LosTejares_Ext_8e2115,PUR_IED_LosTejares_Ext_8e2115,,,,,
2026-09-12T02:16:07-05:00,PUR_IED_MagdalenaO_B202_5ddda3,PUR_IED_MagdalenaO_B202_5ddda3,,,,,
2026-09-12T02:16:07-05:00,PUR_IED_MagdalenaO_B205_fb76e8,PUR_IED_MagdalenaO_B205_fb76e8,,,,,
2026-09-12T02:16:07-05:00,PUR_IED_MagdalenaO_ext_dc69cd,PUR_IED_MagdalenaO_ext_dc69cd,,,,,
2026-09-12T02:16:07-05:00,PUR_IED_ManueCepeda_artes_eee956,PUR_IED_ManueCepeda_artes_eee956,,,,,
2026-09-12T02:16:07-05:00,PUR_IED_ManuelCepeda_Ext_58313,PUR_IED_ManuelCepeda_Ext_58313,,,,,
2026-09-12T02:16:07-05:00,PUR_IED_ManuelCepeda_tec_1c5731,PUR_IED_ManuelCepeda_tec_1c5731,,,,,
2026-09-12T02:16:07-05:00,PUR_IED_ManuelS_Exterior_5b269,PUR_IED_ManuelS_Exterior_5b269,,,,,
2026-09-12T02:16:07-05:00,PUR_IED_ManuelS_Inform_f369ce,PUR_IED_ManuelS_Inform_f369ce,,,,,
2026-09-12T02:16:07-05:00,PUR_IED_ManuelS_SArtes_7d15f1,PUR_IED_ManuelS_SArtes_7d15f1,,,,,
2026-09-12T02:16:07-05:00,PUR_IED_ManuelZapata_303_3ca6,PUR_IED_ManuelZapata_303_3ca6,,,,,
2026-09-12T02:16:07-05:00,PUR_IED_ManuelZapata_311_bfbabc,PUR_IED_ManuelZapata_311_bfbabc,,,,,
2026-09-12T02:16:07-05:00,PUR_IED_ManuelZapata_Ext_50824a,PUR_IED_ManuelZapata_Ext_50824a,,,,,
2026-09-12T02:16:07-05:00,PUR_IED_ManuelitaS_Exteri_656a92,PUR_IED_ManuelitaS_Exteri_656a92,,,,,
2026-09-12T02:16:07-05:00,PUR_IED_ManuelitaS_JuzgDe_f58ec3,PUR_IED_ManuelitaS_JuzgDe_f58ec3,,,,,
2026-09-12T02:16:07-05:00,PUR_IED_ManuelitaS_Recrea_d793db,PUR_IED_ManuelitaS_Recrea_d793db,,,,,
2026-09-12T02:16:07-05:00,PUR_IED_MarFidSuarez_Ext_c27b19,PUR_IED_MarFidSuarez_Ext_c27b19,,,,,
2026-09-12T02:16:07-05:00,PUR_IED_MarFidSuarez_Info_e384d7,PUR_IED_MarFidSuarez_Info_e384d7,,,,,
2026-09-12T02:16:07-05:00,PUR_IED_MarFidSuarez_S306_1d0032,PUR_IED_MarFidSuarez_S306_1d0032,,,,,
2026-09-12T02:16:07-05:00,PUR_IED_Menorah_301_2a25a3,PUR_IED_Menorah_301_2a25a3,,,,,
2026-09-12T02:16:07-05:00,PUR_IED_Menorah_306_37ed3,PUR_IED_Menorah_306_37ed3,,,,,
2026-09-12T02:16:07-05:00,PUR_IED_Menorah_Ext_3e155b,PUR_IED_Menorah_Ext_3e155b,,,,,
2026-09-12T02:16:07-05:00,PUR_IED_MinutoB.Aires_A11_1b1604,PUR_IED_MinutoB.Aires_A11_1b1604,,,,,
2026-09-12T02:16:07-05:00,PUR_IED_MinutoB.Aires_A12_fb5860,PUR_IED_MinutoB.Aires_A12_fb5860,,,,,
2026-09-12T02:16:07-05:00,PUR_IED_MinutoB.Aires_Ext_81293f,PUR_IED_MinutoB.Aires_Ext_81293f,,,,,
2026-09-12T02:16:07-05:00,PUR_IED_MinutoBAires_A11_1b1604,PUR_IED_MinutoBAires_A11_1b1604,,,,,
2026-09-12T02:16:07-05:00,PUR_IED_MinutoBAires_A12_fb5860,PUR_IED_MinutoBAires_A12_fb5860,,,,,
2026-09-12T02:16:07-05:00,PUR_IED_MinutoBAires_Ext_81293f,PUR_IED_MinutoBAires_Ext_81293f,,,,,
2026-09-12T02:16:07-05:00,PUR_IED_Montreal_Aula10_1e4959,PUR_IED_Montreal_Aula10_1e4959,,,,,
2026-09-12T02:16:07-05:00,PUR_IED_Montreal_Aula6_300367,PUR_IED_Montreal_Aula6_300367,,,,,
2026-09-12T02:16:07-05:00,PUR_IED_Montreal_Exterior_91a179,PUR_IED_Montreal_Exterior_91a179,,,,,
2026-09-12T02:16:07-05:00,PUR_IED_Mqgdalena_B202_5ddda3,PUR_IED_Mqgdalena_B202_5ddda3,,,,,
2026-09-12T02:16:07-05:00,PUR_IED_NACUND_Soc_dc8728,PUR_IED_NACUND_Soc_dc8728,,,,,
2026-09-12T02:16:07-05:00,PUR_IED_NACUND_ext_27ad97,PUR_IED_NACUND_ext_27ad97,,,,,
2026-09-12T02:16:07-05:00,PUR_IED_NEsperanza_Ext_d24b61,PUR_IED_NEsperanza_Ext_d24b61,,,,,
2026-09-12T02:16:07-05:00,PUR_IED_NEsperanza_SElect_7d1807,PUR_IED_NEsperanza_SElect_7d1807,,,,,
2026-09-12T02:16:07-05:00,PUR_IED_NEsperanza_SLabor_8b2d0a,PUR_IED_NEsperanza_SLabor_8b2d0a,,,,,
2026-09-12T02:16:07-05:00,PUR_IED_NacionesU_Ext_f661a9,PUR_IED_NacionesU_Ext_f661a9,,,,,
2026-09-12T02:16:07-05:00,PUR_IED_NacionesU_Quimica_66f0a,PUR_IED_NacionesU_Quimica_66f0a,,,,,
2026-09-12T02:16:07-05:00,PUR_IED_NacionesU_S306_1b4b3d,PUR_IED_NacionesU_S306_1b4b3d,,,,,
2026-09-12T02:16:07-05:00,PUR_IED_NestorFA_Ext_e4201c,PUR_IED_NestorFA_Ext_e4201c,,,,,
2026-09-12T02:16:07-05:00,PUR_IED_NestorFA_Laborato_f22fe0,PUR_IED_NestorFA_Laborato_f22fe0,,,,,
2026-09-12T02:16:07-05:00,PUR_IED_NestorFA_S204_dee996,PUR_IED_NestorFA_S204_dee996,,,,,
2026-09-12T02:16:07-05:00,PUR_IED_NidyaQT_Aula03_76999b,PUR_IED_NidyaQT_Aula03_76999b,,,,,
2026-09-12T02:16:07-05:00,PUR_IED_NidyaQT_Aula10_56325,PUR_IED_NidyaQT_Aula10_56325,,,,,
2026-09-12T02:16:07-05:00,PUR_IED_NidyaQT_Ext_46e32d,PUR_IED_NidyaQT_Ext_46e32d,,,,,
2026-09-12T02:16:07-05:00,PUR_IED_NuevaCol_Exterior_d9b859,PUR_IED_NuevaCol_Exterior_d9b859,,,,,
2026-09-12T02:16:07-05:00,PUR_IED_NuevaCol_S1101_76c43b,PUR_IED_NuevaCol_S1101_76c43b,,,,,
2026-09-12T02:16:07-05:00,PUR_IED_NuevaCol_S1102_1ce0b5,PUR_IED_NuevaCol_S1102_1ce0b5,,,,,
2026-09-12T02:16:07-05:00,PUR_IED_OEA_A202_f7e3f2,PUR_IED_OEA_A202_f7e3f2,,,,,
2026-09-12T02:16:07-05:00,PUR_IED_OEA_A203_7d1b8d,PUR_IED_OEA_A203_7d1b8d,,,,,
2026-09-12T02:16:07-05:00,PUR_IED_OEA_Ext_27b593,PUR_IED_OEA_Ext_27b593,,,,,
2026-09-12T02:16:07-05:00,PUR_IED_Ochoa_Ext_1c29da,PUR_IED_Ochoa_Ext_1c29da,,,,,
2026-09-12T02:16:07-05:00,PUR_IED_Ochoa_S205_8b1121,PUR_IED_Ochoa_S205_8b1121,,,,,
2026-09-12T02:16:07-05:00,PUR_IED_Ochoa_Sistemas_f33af6,PUR_IED_Ochoa_Sistemas_f33af6,,,,,
2026-09-12T02:16:07-05:00,PUR_IED_PQuebec_Ext_1c67c7,PUR_IED_PQuebec_Ext_1c67c7,,,,,
2026-09-12T02:16:07-05:00,PUR_IED_PQuebec_S15_23e8e2,PUR_IED_PQuebec_S15_23e8e2,,,,,
2026-09-12T02:16:07-05:00,PUR_IED_PQuebec_S16_8ec76b,PUR_IED_PQuebec_S16_8ec76b,,,,,
2026-09-12T02:16:07-05:00,PUR_IED_PabloN_Ext_49dc96,PUR_IED_PabloN_Ext_49dc96,,,,,
2026-09-12T02:16:07-05:00,PUR_IED_PabloN_S1102_4e3df5,PUR_IED_PabloN_S1102_4e3df5,,,,,
2026-09-12T02:16:07-05:00,PUR_IED_PabloN_S1103_50c94b,PUR_IED_PabloN_S1103_50c94b,,,,,
2026-09-12T02:16:07-05:00,PUR_IED_Palestina_S1101_db9198,PUR_IED_Palestina_S1101_db9198,,,,,
2026-09-12T02:16:07-05:00,PUR_IED_Palestina_S1102_dc54fa,PUR_IED_Palestina_S1102_dc54fa,,,,,
2026-09-12T02:16:07-05:00,PUR_IED_Palestina_ext_4ccce6,PUR_IED_Palestina_ext_4ccce6,,,,,
2026-09-12T02:16:07-05:00,PUR_IED_Panama_Fisica_4d0794,PUR_IED_Panama_Fisica_4d0794,,,,,
2026-09-12T02:16:07-05:00,PUR_IED_Panama_SIngles_a4077e,PUR_IED_Panama_SIngles_a4077e,,,,,
2026-09-12T02:16:07-05:00,PUR_IED_Panama_ext_4c54b4,PUR_IED_Panama_ext_4c54b4,,,,,
2026-09-12T02:16:07-05:00,PUR_IED_ParaisoM_Exterior_8cd7f0,PUR_IED_ParaisoM_Exterior_8cd7f0,,,,,
2026-09-12T02:16:07-05:00,PUR_IED_ParaisoM_Laborato_27af35,PUR_IED_ParaisoM_Laborato_27af35,,,,,
2026-09-12T02:16:07-05:00,PUR_IED_ParaisoM_S304_d1edca,PUR_IED_ParaisoM_S304_d1edca,,,,,
2026-09-12T02:16:07-05:00,PUR_IED_PorfirioBarba_Ext_301466,PUR_IED_PorfirioBarba_Ext_301466,,,,,
2026-09-12T02:16:07-05:00,PUR_IED_PorfirioBarba_S11_df6cd2,PUR_IED_PorfirioBarba_S11_df6cd2,,,,,
2026-09-12T02:16:07-05:00,PUR_IED_PorfirioBarba_S29_27a7d6,PUR_IED_PorfirioBarba_S29_27a7d6,,,,,
2026-09-12T02:16:07-05:00,PUR_IED_PradoV_Exter_8b27ad,PUR_IED_PradoV_Exter_8b27ad,,,,,
2026-09-12T02:16:07-05:00,PUR_IED_PradoV_S301_de65b5,PUR_IED_PradoV_S301_de65b5,,,,,
2026-09-12T02:16:07-05:00,PUR_IED_PradoV_S302_7d2593,PUR_IED_PradoV_S302_7d2593,,,,,
2026-09-12T02:16:07-05:00,PUR_IED_QuirogaAlz_Ext_1ddc82,PUR_IED_QuirogaAlz_Ext_1ddc82,,,,,
2026-09-12T02:16:07-05:00,PUR_IED_QuirogaAlz_S302_9926a3,PUR_IED_QuirogaAlz_S302_9926a3,,,,,
2026-09-12T02:16:07-05:00,PUR_IED_QuirogaAlz_S305_cdf1f1,PUR_IED_QuirogaAlz_S305_cdf1f1,,,,,
2026-09-12T02:16:07-05:00,PUR_IED_RGuatemala_Biling_dc53b7,PUR_IED_RGuatemala_Biling_dc53b7,,,,,
2026-09-12T02:16:07-05:00,PUR_IED_RGuatemala_Ext_1b89a3,PUR_IED_RGuatemala_Ext_1b89a3,,,,,
2026-09-12T02:16:07-05:00,PUR_IED_RGuatemala_Tecnol_281a34,PUR_IED_RGuatemala_Tecnol_281a34,,,,,
2026-09-12T02:16:07-05:00,PUR_IED_RafaNu_Ext_f7c302,PUR_IED_RafaNu_Ext_f7c302,,,,,
2026-09-12T02:16:07-05:00,PUR_IED_RafaNu_S1101_25fde,PUR_IED_RafaNu_S1101_25fde,,,,,
2026-09-12T02:16:07-05:00,PUR_IED_RafaNu_S1102_281517,PUR_IED_RafaNu_S1102_281517,,,,,
2026-09-12T02:16:07-05:00,PUR_IED_RafaelB_S305_ee2783,PUR_IED_RafaelB_S305_ee2783,,,,,
2026-09-12T02:16:07-05:00,PUR_IED_RafaelB_S306_75fe33,PUR_IED_RafaelB_S306_75fe33,,,,,
2026-09-12T02:16:07-05:00,PUR_IED_RafaelB_ext_283336,PUR_IED_RafaelB_ext_283336,3,18,60,4.6722,-74.0737
2026-09-12T02:16:07-05:00,PUR_IED_RafaelUU_Exterior_281a51,PUR_IED_RafaelUU_Exterior_281a51,,,,,
2026-09-12T02:16:07-05:00,PUR_IED_RafaelUU_Human_806b2,PUR_IED_RafaelUU_Human_806b2,,,,,
2026-09-12T02:16:07-05:00,PUR_IED_RafaelUU_Mate2_5680d4,PUR_IED_RafaelUU_Mate2_5680d4,,,,,
2026-09-12T02:16:07-05:00,PUR_IED_RamonSub_Ext_f9eeb9,PUR_IED_RamonSub_Ext_f9eeb9,,,,,
2026-09-12T02:16:07-05:00,PUR_IED_RamonSub_Media_d1f62f,PUR_IED_RamonSub_Media_d1f62f,,,,,
2026-09-12T02:16:07-05:00,PUR_IED_RamonSub_planta_51b82,PUR_IED_RamonSub_planta_51b82,,,,,
2026-09-12T02:16:07-05:00,PUR_IED_RepBoliVene_Exter_27af7c,PUR_IED_RepBoliVene_Exter_27af7c,,,,,
2026-09-12T02:16:07-05:00,PUR_IED_RepBoliVene_SCPT_5ae2ee,PUR_IED_RepBoliVene_SCPT_5ae2ee,,,,,
2026-09-12T02:16:07-05:00,PUR_IED_RepBoliVene_Socia_4b11d5,PUR_IED_RepBoliVene_Socia_4b11d5,,,,,
2026-09-12T02:16:07-05:00,PUR_IED_RepChina_Ext_76d9ee,PUR_IED_RepChina_Ext_76d9ee,,,,,
2026-09-12T02:16:07-05:00,PUR_IED_RepChina_S404_7c804c,PUR_IED_RepChina_S404_7c804c,,,,,
2026-09-12T02:16:07-05:00,PUR_IED_RepChina_S405_df2c33,PUR_IED_RepChina_S405_df2c33,,,,,
2026-09-12T02:16:07-05:00,PUR_IED_RepublicaC_Exteri_7d1ec9,PUR_IED_RepublicaC_Exteri_7d1ec9,,,,,
2026-09-12T02:16:07-05:00,PUR_IED_RepublicaC_S1101_f544b3,PUR_IED_RepublicaC_S1101_f544b3,,,,,
2026-09-12T02:16:07-05:00,PUR_IED_RepublicaC_S1102_7aafc7,PUR_IED_RepublicaC_S1102_7aafc7,,,,,
2026-09-12T02:16:07-05:00,PUR_IED_Ricaurte_Externo_a0ea1,PUR_IED_Ricaurte_Externo_a0ea1,,,,,
2026-09-12T02:16:07-05:00,PUR_IED_Ricaurte_S210_f546fd,PUR_IED_Ricaurte_S210_f546fd,,,,,
2026-09-12T02:16:07-05:00,PUR_IED_Ricaurte_S309_d4452,PUR_IED_Ricaurte_S309_d4452,,,,,
2026-09-12T02:16:07-05:00,PUR_IED_RogelioS_1102_531e69,PUR_IED_RogelioS_1102_531e69,,,,,
2026-09-12T02:16:07-05:00,PUR_IED_RogelioS_Ext_f25a18,PUR_IED_RogelioS_Ext_f25a18,,,,,
2026-09-12T02:16:07-05:00,PUR_IED_SBernardino_Ext_27aff8,PUR_IED_SBernardino_Ext_27aff8,,,,,
2026-09-12T02:16:07-05:00,PUR_IED_SBernardino_SArte_2ffd33,PUR_IED_SBernardino_SArte_2ffd33,,,,,
2026-09-12T02:16:07-05:00,PUR_IED_SBernardino_SIngl_7c7da5,PUR_IED_SBernardino_SIngl_7c7da5,,,,,
2026-09-12T02:16:07-05:00,PUR_IED_Sago_auditorio_dc9d1d,PUR_IED_Sago_auditorio_dc9d1d,,,,,
2026-09-12T02:16:07-05:00,PUR_IED_Saludcoop_Ext_95aac3,PUR_IED_Saludcoop_Ext_95aac3,,,,,
2026-09-12T02:16:07-05:00,PUR_IED_Saludcoop_InfI_90c854,PUR_IED_Saludcoop_InfI_90c854,,,,,
2026-09-12T02:16:07-05:00,PUR_IED_Saludcoop_SMedia_1b93be,PUR_IED_Saludcoop_SMedia_1b93be,,,,,
2026-09-12T02:16:07-05:00,PUR_IED_SanCarlos_1101_1a2360,PUR_IED_SanCarlos_1101_1a2360,,,,,
2026-09-12T02:16:07-05:00,PUR_IED_SanCarlos_1103_7bafb5,PUR_IED_SanCarlos_1103_7bafb5,,,,,
2026-09-12T02:16:07-05:00,PUR_IED_SanCarlos_Ext_b7cd1,PUR_IED_SanCarlos_Ext_b7cd1,,,,,
2026-09-12T02:16:07-05:00,PUR_IED_SanIgnacioBosa11a_50c26e,PUR_IED_SanIgnacioBosa11a_50c26e,,,,,
2026-09-12T02:16:07-05:00,PUR_IED_SanIgnacioBosa11b_371de8,PUR_IED_SanIgnacioBosa11b_371de8,,,,,
2026-09-12T02:16:07-05:00,PUR_IED_SanIgnacioBosaExt_ef0ffc,PUR_IED_SanIgnacioBosaExt_ef0ffc,,,,,
2026-09-12T02:16:07-05:00,PUR_IED_SanIgnacioBosa_11a_50c26e,PUR_IED_SanIgnacioBosa_11a_50c26e,,,,,
2026-09-12T02:16:07-05:00,PUR_IED_SanIgnacioBosa_Ext_ef0ffc,PUR_IED_SanIgnacioBosa_Ext_ef0ffc,,,,,
2026-09-12T02:16:07-05:00,PUR_IED_SanJoseN_intS1101_31c47f,PUR_IED_SanJoseN_intS1101_31c47f,,,,,
2026-09-12T02:16:07-05:00,PUR_IED_SanJoseUsm_Exter_f5d7e8,PUR_IED_SanJoseUsm_Exter_f5d7e8,,,,,
2026-09-12T02:16:07-05:00,PUR_IED_SanJoseUsm_Int11A_cfdef6,PUR_IED_SanJoseUsm_Int11A_cfdef6,,,,,
2026-09-12T02:16:07-05:00,PUR_IED_SilveriaR_IntB5_905349,PUR_IED_SilveriaR_IntB5_905349,,,,,
2026-09-12T02:16:07-05:00,PUR_IED_SilveriaR_IntSD14_981f93,PUR_IED_SilveriaR_IntSD14_981f93,,,,,
2026-09-12T02:16:07-05:00,PUR_IED_SilveriaR_ext_2b651d,PUR_IED_SilveriaR_ext_2b651d,,,,,
2026-09-12T02:16:07-05:00,PUR_IED_SimonB_Exterior_913975,PUR_IED_SimonB_Exterior_913975,,,,,
2026-09-12T02:16:07-05:00,PUR_IED_SimonB_LabQuimi_c56908,PUR_IED_SimonB_LabQuimi_c56908,,,,,
2026-09-12T02:16:07-05:00,PUR_IED_SimonB_informatic_a28c1,PUR_IED_SimonB_informatic_a28c1,,,,,
2026-09-12T02:16:07-05:00,PUR_IED_Sorrento_1102_315f50,PUR_IED_Sorrento_1102_315f50,,,,,
2026-09-12T02:16:07-05:00,PUR_IED_Sorrento_Minte_214eab,PUR_IED_Sorrento_Minte_214eab,,,,,
2026-09-12T02:16:07-05:00,PUR_IED_Sorrento_ext_7c3a0a,PUR_IED_Sorrento_ext_7c3a0a,,,,,
2026-09-12T02:16:07-05:00,PUR_IED_Tabora_Ext_f048ae,PUR_IED_Tabora_Ext_f048ae,,,,,
2026-09-12T02:16:07-05:00,PUR_IED_Tabora_S1102_b07752,PUR_IED_Tabora_S1102_b07752,,,,,
2026-09-12T02:16:07-05:00,PUR_IED_Tabora_S1103_d988f5,PUR_IED_Tabora_S1103_d988f5,,,,,
2026-09-12T02:16:07-05:00,PUR_IED_Tenerife_Ext_1ab188,PUR_IED_Tenerife_Ext_1ab188,,,,,
2026-09-12T02:16:07-05:00,PUR_IED_Tenerife_SDanzas_7bc02e,PUR_IED_Tenerife_SDanzas_7bc02e,,,,,
2026-09-12T02:16:07-05:00,PUR_IED_Tenerife_SIngles_7cc277,PUR_IED_Tenerife_SIngles_7cc277,,,,,
2026-09-12T02:16:07-05:00,PUR_IED_Tibabuyes_Exter_f2683d,PUR_IED_Tibabuyes_Exter_f2683d,,,,,
2026-09-12T02:16:07-05:00,PUR_IED_Tibabuyes_S10_dc87a8,PUR_IED_Tibabuyes_S10_dc87a8,,,,,
2026-09-12T02:16:07-05:00,PUR_IED_Tibabuyes_S15_dc0526,PUR_IED_Tibabuyes_S15_dc0526,,,,,
2026-09-12T02:16:07-05:00,PUR_IED_UnionE_S301_a1043,PUR_IED_UnionE_S301_a1043,,,,,
2026-09-12T02:16:07-05:00,PUR_IED_UnionE_S307_ff6c2f,PUR_IED_UnionE_S307_ff6c2f,,,,,
2026-09-12T02:16:07-05:00,PUR_IED_UnionE__Ext_5e2468,PUR_IED_UnionE__Ext_5e2468,,,,,
2026-09-12T02:16:07-05:00,PUR_IED_VillaRica_Ext_75be7c,PUR_IED_VillaRica_Ext_75be7c,,,,,
2026-09-12T02:16:07-05:00,PUR_IED_VillaRica_S4_cc5dcd,PUR_IED_VillaRica_S4_cc5dcd,,,,,
2026-09-12T02:16:07-05:00,PUR_IED_VillaRica_Sesp_99f5c,PUR_IED_VillaRica_Sesp_99f5c,,,,,
2026-09-12T02:21:06-05:00,PUR_IED_20deJulio_1101_91b1b9,PUR_IED_20deJulio_1101_91b1b9,,,,,
2026-09-12T02:21:06-05:00,PUR_IED_20deJulio_1102_1cfcf9,PUR_IED_20deJulio_1102_1cfcf9,,,,,
2026-09-12T02:21:06-05:00,PUR_IED_20deJulio_Ext_ab60bd,PUR_IED_20deJulio_Ext_ab60bd,,,,,
2026-09-12T02:21:06-05:00,PUR_IED_AgustinFer_Ext_7b9b77,PUR_IED_AgustinFer_Ext_7b9b77,,,,,
2026-09-12T02:21:06-05:00,PUR_IED_AgustinFer_Info2_27b3a7,PUR_IED_AgustinFer_Info2_27b3a7,,,,,
2026-09-12T02:21:06-05:00,PUR_IED_AgustinFer_Sena_54b4eb,PUR_IED_AgustinFer_Sena_54b4eb,,,,,
2026-09-12T02:21:06-05:00,PUR_IED_AlexanderF_1102_caf07b,PUR_IED_AlexanderF_1102_caf07b,,,,,
2026-09-12T02:21:06-05:00,PUR_IED_AlexanderF_1103_c79e71,PUR_IED_AlexanderF_1103_c79e71,,,,,
2026-09-12T02:21:06-05:00,PUR_IED_AlexanderF_Ext_c5b18b,PUR_IED_AlexanderF_Ext_c5b18b,,,,,
2026-09-12T02:21:06-05:00,PUR_IED_AlfonsoLopez_Ext_281d77,PUR_IED_AlfonsoLopez_Ext_281d77,,,,,
2026-09-12T02:21:06-05:00,PUR_IED_AlfonsoLopez_LabF_888ce0,PUR_IED_AlfonsoLopez_LabF_888ce0,,,,,
2026-09-12T02:21:06-05:00,PUR_IED_AlfonsoLopez_SMed_df6a7f,PUR_IED_AlfonsoLopez_SMed_df6a7f,,,,,
2026-09-12T02:21:06-05:00,PUR_IED_AltamiraSO_A2_209f92,PUR_IED_AltamiraSO_A2_209f92,,,,,
2026-09-12T02:21:06-05:00,PUR_IED_AltamiraSO_Ext_186d66,PUR_IED_AltamiraSO_Ext_186d66,,,,,
2026-09-12T02:21:06-05:00,PUR_IED_AltamiraSO_Sistem_27afe1,PUR_IED_AltamiraSO_Sistem_27afe1,,,,,
2026-09-12T02:21:06-05:00,PUR_IED_AlvaroGom_LabQuim_813179,PUR_IED_AlvaroGom_LabQuim_813179,,,,,
2026-09-12T02:21:06-05:00,PUR_IED_AlvaroGomez_Ext_47c7ca,PUR_IED_AlvaroGomez_Ext_47c7ca,,,,,
2026-09-12T02:21:06-05:00,PUR_IED_AlvaroGomez_LabQuim_813179,PUR_IED_AlvaroGomez_LabQuim_813179,,,,,
2026-09-12T02:21:06-05:00,PUR_IED_AlvaroGomez_S23_7ba89f,PUR_IED_AlvaroGomez_S23_7ba89f,,,,,
2026-09-12T02:21:06-05:00,PUR_IED_Amistad_306_dc8728,PUR_IED_Amistad_306_dc8728,,,,,
2026-09-12T02:21:06-05:00,PUR_IED_Amistad_Ext_8cd55e,PUR_IED_Amistad_Ext_8cd55e,,,,,
2026-09-12T02:21:06-05:00,PUR_IED_Amistad_S202_a41169,PUR_IED_Amistad_S202_a41169,,,,,
2026-09-12T02:21:06-05:00,PUR_IED_AndresBello_Bio_fd5f5e,PUR_IED_AndresBello_Bio_fd5f5e,,,,,
2026-09-12T02:21:06-05:00,PUR_IED_AndresBello_ext_dcad65,PUR_IED_AndresBello_ext_dcad65,,,,,
2026-09-12T02:21:06-05:00,PUR_IED_AndresBello_port_eed3ec,PUR_IED_AndresBello_port_eed3ec,,,,,
2026-09-12T02:21:06-05:00,PUR_IED_AngelaR_11b_d90a6b,PUR_IED_AngelaR_11b_d90a6b,,,,,
2026-09-12T02:21:06-05:00,PUR_IED_AngelaR_ext_7cad3e,PUR_IED_AngelaR_ext_7cad3e,,,,,
2026-09-12T02:21:06-05:00,PUR_IED_AntJoseSucre_10mo_df2575,PUR_IED_AntJoseSucre_10mo_df2575,,,,,
2026-09-12T02:21:06-05:00,PUR_IED_AntJoseSucre_Ext_215b36,PUR_IED_AntJoseSucre_Ext_215b36,,,,,
2026-09-12T02:21:06-05:00,PUR_IED_AntJoseSucre_Lab_3139de,PUR_IED_AntJoseSucre_Lab_3139de,,,,,
2026-09-12T02:21:06-05:00,PUR_IED_AntonioGarcia_301_d6b188,PUR_IED_AntonioGarcia_301_d6b188,,,,,
2026-09-12T02:21:06-05:00,PUR_IED_AntonioGarcia_302_88a82,PUR_IED_AntonioGarcia_302_88a82,,,,,
2026-09-12T02:21:06-05:00,PUR_IED_AntonioGarcia_Ext_20950c,PUR_IED_AntonioGarcia_Ext_20950c,,,,,
2026-09-12T02:21:06-05:00,PUR_IED_AntonioVan_Aula2_6dea02,PUR_IED_AntonioVan_Aula2_6dea02,,,,,
2026-09-12T02:21:06-05:00,PUR_IED_AntonioVan_Aula5_f1557e,PUR_IED_AntonioVan_Aula5_f1557e,,,,,
2026-09-12T02:21:06-05:00,PUR_IED_AntonioVan_Ext_406f2f,PUR_IED_AntonioVan_Ext_406f2f,,,,,
2026-09-12T02:21:06-05:00,PUR_IED_Atabanzha_Ext_cc5af9,PUR_IED_Atabanzha_Ext_cc5af9,,,,,
2026-09-12T02:21:06-05:00,PUR_IED_Atabanzha_SA101_56c37,PUR_IED_Atabanzha_SA101_56c37,,,,,
2026-09-12T02:21:06-05:00,PUR_IED_Atabanzha_SB302_27b374,PUR_IED_Atabanzha_SB302_27b374,,,,,
2026-09-12T02:21:06-05:00,PUR_IED_Atahualpa_Ext_fc1748,PUR_IED_Atahualpa_Ext_fc1748,,,,,
2026-09-12T02:21:06-05:00,PUR_IED_Atahualpa_Informa_dc9a95,PUR_IED_Atahualpa_Informa_dc9a95,,,,,
2026-09-12T02:21:06-05:00,PUR_IED_Atahualpa_S1101_f98056,PUR_IED_Atahualpa_S1101_f98056,,,,,
2026-09-12T02:21:06-05:00,PUR_IED_Bellavista_Ext_f5aa74,PUR_IED_Bellavista_Ext_f5aa74,,,,,
2026-09-12T02:21:06-05:00,PUR_IED_Bilbao_11A_916c41,PUR_IED_Bilbao_11A_916c41,,,,,
2026-09-12T02:21:06-05:00,PUR_IED_Bilbao_Ext_fb579a,PUR_IED_Bilbao_Ext_fb579a,,,,,
2026-09-12T02:21:06-05:00,PUR_IED_BrasiliaU_A125_304280,PUR_IED_BrasiliaU_A125_304280,,,,,
2026-09-12T02:21:06-05:00,PUR_IED_BrasiliaU_A203_7c8ca5,PUR_IED_BrasiliaU_A203_7c8ca5,,,,,
2026-09-12T02:21:06-05:00,PUR_IED_BrasiliaU_Ext_8d6e9f,PUR_IED_BrasiliaU_Ext_8d6e9f,3,17,62,4.5175,-74.116302
2026-09-12T02:21:06-05:00,PUR_IED_Brasilia_Ext_fe6593,PUR_IED_Brasilia_Ext_fe6593,,,,,
2026-09-12T02:21:06-05:00,PUR_IED_Brasilia_S24_7c130d,PUR_IED_Brasilia_S24_7c130d,,,,,
2026-09-12T02:21:06-05:00,PUR_IED_Brasilia_S501_186a54,PUR_IED_Brasilia_S501_186a54,,,,,
2026-09-12T02:21:06-05:00,PUR_IED_CHARRY_EXT_f1d5cd,PUR_IED_CHARRY_EXT_f1d5cd,,,,,
2026-09-12T02:21:06-05:00,PUR_IED_CHARRY_INTDANZAS_7a08e6,PUR_IED_CHARRY_INTDANZAS_7a08e6,,,,,
2026-09-12T02:21:06-05:00,PUR_IED_CHARRY_INT_AULA20_dc998d,PUR_IED_CHARRY_INT_AULA20_dc998d,,,,,
2026-09-12T02:21:06-05:00,PUR_IED_COLVIV_1101_S25_7f520a,PUR_IED_COLVIV_1101_S25_7f520a,,,,,
2026-09-12T02:21:06-05:00,PUR_IED_COLVIV_1102_S16_f570ba,PUR_IED_COLVIV_1102_S16_f570ba,,,,,
2026-09-12T02:21:06-05:00,PUR_IED_COLVIV_Ext_1a26fa,PUR_IED_COLVIV_Ext_1a26fa,,,,,
2026-09-12T02:21:06-05:00,PUR_IED_CULPOP_301A_f660f3,PUR_IED_CULPOP_301A_f660f3,,,,,
2026-09-12T02:21:06-05:00,PUR_IED_CULPOP_303_568afe,PUR_IED_CULPOP_303_568afe,,,,,
2026-09-12T02:21:06-05:00,PUR_IED_CULPOP_Ext_e02ccb,PUR_IED_CULPOP_Ext_e02ccb,,,,,
2026-09-12T02:21:06-05:00,PUR_IED_CVillavicen_Ext_26eb58,PUR_IED_CVillavicen_Ext_26eb58,5,15,74,4.487,-74.102798
2026-09-12T02:21:06-05:00,PUR_IED_CVillavicen_Intel_1ce5c2,PUR_IED_CVillavicen_Intel_1ce5c2,,,,,
2026-09-12T02:21:06-05:00,PUR_IED_CVillavicen_Poliv_e0766c,PUR_IED_CVillavicen_Poliv_e0766c,,,,,
2026-09-12T02:21:06-05:00,PUR_IED_CVillavicen_int_1ba140,PUR_IED_CVillavicen_int_1ba140,,,,,
2026-09-12T02:21:06-05:00,PUR_IED_CVillavicen_intel_1ba140,PUR_IED_CVillavicen_intel_1ba140,,,,,
2026-09-12T02:21:06-05:00,PUR_IED_CarlosPizarro_Ext_e307cc,PUR_IED_CarlosPizarro_Ext_e307cc,,,,,
2026-09-12T02:21:06-05:00,PUR_IED_CarlosPizarro_L36_7e5cdb,PUR_IED_CarlosPizarro_L36_7e5cdb,,,,,
2026-09-12T02:21:06-05:00,PUR_IED_CarlosPizarro_L37_c8566c,PUR_IED_CarlosPizarro_L37_c8566c,,,,,
2026-09-12T02:21:06-05:00,PUR_IED_Castilla_Ext_cf35f,PUR_IED_Castilla_Ext_cf35f,,,,,
2026-09-12T02:21:06-05:00,PUR_IED_Castilla_SFisik_360e38,PUR_IED_Castilla_SFisik_360e38,,,,,
2026-09-12T02:21:06-05:00,PUR_IED_Castilla_Sc304_496fbf,PUR_IED_Castilla_Sc304_496fbf,,,,,
2026-09-12T02:21:06-05:00,PUR_IED_CervantesSa_Ext_6b57b,PUR_IED_CervantesSa_Ext_6b57b,3,17,67,4.5128,-74.117203
2026-09-12T02:21:06-05:00,PUR_IED_CervantesSa_S107_225c2b,PUR_IED_CervantesSa_S107_225c2b,,,,,
2026-09-12T02:21:06-05:00,PUR_IED_CervantesSa_S108_940925,PUR_IED_CervantesSa_S108_940925,,,,,
2026-09-12T02:21:06-05:00,PUR_IED_Charry_A20_f53e7c,PUR_IED_Charry_A20_f53e7c,,,,,
2026-09-12T02:21:06-05:00,PUR_IED_Charry_Ext_f1d5cd,PUR_IED_Charry_Ext_f1d5cd,,,,,
2026-09-12T02:21:06-05:00,PUR_IED_Charry_IntAula20_dc998d,PUR_IED_Charry_IntAula20_dc998d,,,,,
2026-09-12T02:21:06-05:00,PUR_IED_Charry_IntDanzas_7a08e6,PUR_IED_Charry_IntDanzas_7a08e6,,,,,
2026-09-12T02:21:06-05:00,PUR_IED_ClememciaC_203_43e2fc,PUR_IED_ClememciaC_203_43e2fc,,,,,
2026-09-12T02:21:06-05:00,PUR_IED_ClememciaC_Ext_1b411a,PUR_IED_ClememciaC_Ext_1b411a,,,,,
2026-09-12T02:21:06-05:00,PUR_IED_ClememciaC_Quimic_44b5fc,PUR_IED_ClememciaC_Quimic_44b5fc,,,,,
2026-09-12T02:21:06-05:00,PUR_IED_ClemenciaC_203_43e2fc,PUR_IED_ClemenciaC_203_43e2fc,,,,,
2026-09-12T02:21:06-05:00,PUR_IED_ClemenciaC_Ext_1b411a,PUR_IED_ClemenciaC_Ext_1b411a,,,,,
2026-09-12T02:21:06-05:00,PUR_IED_ClemenciaC_Quimic_44b5fc,PUR_IED_ClemenciaC_Quimic_44b5fc,,,,,
2026-09-12T02:21:06-05:00,PUR_IED_ColViva_1101_S25_7f520a,PUR_IED_ColViva_1101_S25_7f520a,,,,,
2026-09-12T02:21:06-05:00,PUR_IED_ColViva_1102_S16_f570ba,PUR_IED_ColViva_1102_S16_f570ba,,,,,
2026-09-12T02:21:06-05:00,PUR_IED_ColViva_Ext_1a26fa,PUR_IED_ColViva_Ext_1a26fa,,,,,
2026-09-12T02:21:06-05:00,PUR_IED_ColegioBici_Asist_7c8798,PUR_IED_ColegioBici_Asist_7c8798,,,,,
2026-09-12T02:21:06-05:00,PUR_IED_ColegioBici_Ext_25cbf6,PUR_IED_ColegioBici_Ext_25cbf6,,,,,
2026-09-12T02:21:06-05:00,PUR_IED_ColegioBici_LabQ_7b57db,PUR_IED_ColegioBici_LabQ_7b57db,,,,,
2026-09-12T02:21:06-05:00,PUR_IED_CostaRica_Ext_5e640,PUR_IED_CostaRica_Ext_5e640,,,,,
2026-09-12T02:21:06-05:00,PUR_IED_CostaRica_Quim1_766d1c,PUR_IED_CostaRica_Quim1_766d1c,,,,,
2026-09-12T02:21:06-05:00,PUR_IED_CostaRica__Fisica_6f0873,PUR_IED_CostaRica__Fisica_6f0873,,,,,
2026-09-12T02:21:06-05:00,PUR_IED_CulPopu_301A_f660f3,PUR_IED_CulPopu_301A_f660f3,,,,,
2026-09-12T02:21:06-05:00,PUR_IED_CulPopu_303_568afe,PUR_IED_CulPopu_303_568afe,,,,,
2026-09-12T02:21:06-05:00,PUR_IED_CulPopu_Ext_e02ccb,PUR_IED_CulPopu_Ext_e02ccb,,,,,
2026-09-12T02:21:06-05:00,PUR_IED_Cundinamarca_Ext_f15985,PUR_IED_Cundinamarca_Ext_f15985,,,,,
2026-09-12T02:21:06-05:00,PUR_IED_Cundinamarca_Info_7aa5d7,PUR_IED_Cundinamarca_Info_7aa5d7,,,,,
2026-09-12T02:21:06-05:00,PUR_IED_Cundinamarca_Tec2_f449c7,PUR_IED_Cundinamarca_Tec2_f449c7,,,,,
2026-09-12T02:21:06-05:00,PUR_IED_DiegoM_Aula1_27b314,PUR_IED_DiegoM_Aula1_27b314,,,,,
2026-09-12T02:21:06-05:00,PUR_IED_DiegoM_Ext_d80ac8,PUR_IED_DiegoM_Ext_d80ac8,,,,,
2026-09-12T02:21:06-05:00,PUR_IED_DiegoM_S25_da928f,PUR_IED_DiegoM_S25_da928f,,,,,
2026-09-12T02:21:06-05:00,PUR_IED_ELRODEO_360881,PUR_IED_ELRODEO_360881,,,,,
2026-09-12T02:21:06-05:00,PUR_IED_ELRODEO_ext_360881,PUR_IED_ELRODEO_ext_360881,,,,,
2026-09-12T02:21:06-05:00,PUR_IED_EduardoU_Ext_1c1969,PUR_IED_EduardoU_Ext_1c1969,,,,,
2026-09-12T02:21:06-05:00,PUR_IED_EduardoU_SCiencia_4dfb94,PUR_IED_EduardoU_SCiencia_4dfb94,,,,,
2026-09-12T02:21:06-05:00,PUR_IED_EduardoU_SQuimica_5a46e7,PUR_IED_EduardoU_SQuimica_5a46e7,,,,,
2026-09-12T02:21:06-05:00,PUR_IED_ElRodeo_Aula14_676984,PUR_IED_ElRodeo_Aula14_676984,,,,,
2026-09-12T02:21:06-05:00,PUR_IED_ElRodeo_Aula16_2dd35b,PUR_IED_ElRodeo_Aula16_2dd35b,,,,,
2026-09-12T02:21:06-05:00,PUR_IED_ElRodeo_Ext_360881,PUR_IED_ElRodeo_Ext_360881,,,,,
2026-09-12T02:21:06-05:00,PUR_IED_ElRodeo_Exterior_8c6d28,PUR_IED_ElRodeo_Exterior_8c6d28,,,,,
2026-09-12T02:21:06-05:00,PUR_IED_ElRodeo_ext_360881,PUR_IED_ElRodeo_ext_360881,,,,,
2026-09-12T02:21:06-05:00,PUR_IED_EmmaReyes_Ext_987625,PUR_IED_EmmaReyes_Ext_987625,14,21,53,4.6367,-74.1511
2026-09-12T02:21:06-05:00,PUR_IED_Ensueño_Ext_7f0250,PUR_IED_Ensueño_Ext_7f0250,,,,,
2026-09-12T02:21:06-05:00,PUR_IED_EscNormal_Ext_5fef3b,PUR_IED_EscNormal_Ext_5fef3b,3,18,61,4.5852,-74.096901
2026-09-12T02:21:06-05:00,PUR_IED_EscNormal_S309_5b263,PUR_IED_EscNormal_S309_5b263,,,,,
2026-09-12T02:21:06-05:00,PUR_IED_EscNormal_S310_27b3b8,PUR_IED_EscNormal_S310_27b3b8,,,,,
2026-09-12T02:21:06-05:00,PUR_IED_Evangelista_Conta_f6cd4f,PUR_IED_Evangelista_Conta_f6cd4f,,,,,
2026-09-12T02:21:06-05:00,PUR_IED_Evangelista_Cri_5e16a,PUR_IED_Evangelista_Cri_5e16a,,,,,
2026-09-12T02:21:06-05:00,PUR_IED_Evangelista_Exter_754066,PUR_IED_Evangelista_Exter_754066,,,,,
2026-09-12T02:21:06-05:00,PUR_IED_FMiranda_S209_5cc2a3,PUR_IED_FMiranda_S209_5cc2a3,,,,,
2026-09-12T02:21:06-05:00,PUR_IED_FMiranda_S303_19e344,PUR_IED_FMiranda_S303_19e344,,,,,
2026-09-12T02:21:06-05:00,PUR_IED_FMiranda_ext_f53e7c,PUR_IED_FMiranda_ext_f53e7c,,,,,
2026-09-12T02:21:06-05:00,PUR_IED_FabioLozano_Bibli_1cee05,PUR_IED_FabioLozano_Bibli_1cee05,,,,,
2026-09-12T02:21:06-05:00,PUR_IED_FabioLozano_Ext_6ea285,PUR_IED_FabioLozano_Ext_6ea285,,,,,
2026-09-12T02:21:06-05:00,PUR_IED_FabioLozano_SLudi_f09e1e,PUR_IED_FabioLozano_SLudi_f09e1e,,,,,
2026-09-12T02:21:06-05:00,PUR_IED_FaustinoS_Aula07_27a731,PUR_IED_FaustinoS_Aula07_27a731,,,,,
2026-09-12T02:21:06-05:00,PUR_IED_FaustinoS_Ext_7b936f,PUR_IED_FaustinoS_Ext_7b936f,,,,,
2026-09-12T02:21:06-05:00,PUR_IED_FaustinoS_Fisica_da2c60,PUR_IED_FaustinoS_Fisica_da2c60,,,,,
2026-09-12T02:21:06-05:00,PUR_IED_FeGarciaLo_Ext_dc68ee,PUR_IED_FeGarciaLo_Ext_dc68ee,,,,,
2026-09-12T02:21:06-05:00,PUR_IED_FeGarciaLo_SDanza_f70a59,PUR_IED_FeGarciaLo_SDanza_f70a59,,,,,
2026-09-12T02:21:06-05:00,PUR_IED_FeGarciaLo_SMusic_125cdd,PUR_IED_FeGarciaLo_SMusic_125cdd,,,,,
2026-09-12T02:21:06-05:00,PUR_IED_FederalAlema_Exte_50c345,PUR_IED_FederalAlema_Exte_50c345,,,,,
2026-09-12T02:21:06-05:00,PUR_IED_FederalAlema_S31_f18371,PUR_IED_FederalAlema_S31_f18371,,,,,
2026-09-12T02:21:06-05:00,PUR_IED_FederalAlema_S901_a62cd,PUR_IED_FederalAlema_S901_a62cd,,,,,
2026-09-12T02:21:06-05:00,PUR_IED_FilarmonicaS_A5_f35eb1,PUR_IED_FilarmonicaS_A5_f35eb1,,,,,
2026-09-12T02:21:06-05:00,PUR_IED_FilarmonicaS_Ext_8a3bde,PUR_IED_FilarmonicaS_Ext_8a3bde,,,,,
2026-09-12T02:21:06-05:00,PUR_IED_FilarmonicaS_Spol_406114,PUR_IED_FilarmonicaS_Spol_406114,,,,,
2026-09-12T02:21:06-05:00,PUR_IED_FlorentinoG_A13_d1fa59,PUR_IED_FlorentinoG_A13_d1fa59,,,,,
2026-09-12T02:21:06-05:00,PUR_IED_FlorentinoG_Ext_1ce6ce,PUR_IED_FlorentinoG_Ext_1ce6ce,,,,,
2026-09-12T02:21:06-05:00,PUR_IED_FlorentinoG_Idiom_a66aac,PUR_IED_FlorentinoG_Idiom_a66aac,,,,,
2026-09-12T02:21:06-05:00,PUR_IED_FranciscoMati_Ext_e3869d,PUR_IED_FranciscoMati_Ext_e3869d,,,,,
2026-09-12T02:21:06-05:00,PUR_IED_FranciscoMati_S13_f31c67,PUR_IED_FranciscoMati_S13_f31c67,,,,,
2026-09-12T02:21:06-05:00,PUR_IED_FranciscoMati_S14_97dead,PUR_IED_FranciscoMati_S14_97dead,,,,,
2026-09-12T02:21:06-05:00,PUR_IED_FranciscoPS_Ext_7bfa9a,PUR_IED_FranciscoPS_Ext_7bfa9a,2,20,58,4.5899,-74.110397
2026-09-12T02:21:06-05:00,PUR_IED_FranciscoPS_Infor_fb8f4c,PUR_IED_FranciscoPS_Infor_fb8f4c,,,,,
2026-09-12T02:21:06-05:00,PUR_IED_FranciscoPS_Quimi_94d39c,PUR_IED_FranciscoPS_Quimi_94d39c,,,,,
2026-09-12T02:21:06-05:00,PUR_IED_FranciscoP_LabQ_d7e148,PUR_IED_FranciscoP_LabQ_d7e148,,,,,
2026-09-12T02:21:06-05:00,PUR_IED_FranciscoP_S28_cf9b30,PUR_IED_FranciscoP_S28_cf9b30,,,,,
2026-09-12T02:21:06-05:00,PUR_IED_FranciscoP_ext_e2313,PUR_IED_FranciscoP_ext_e2313,,,,,
2026-09-12T02:21:06-05:00,PUR_IED_FriederichN_Ext_8ac92a,PUR_IED_FriederichN_Ext_8ac92a,,,,,
2026-09-12T02:21:06-05:00,PUR_IED_FriederichN_S301_dd7e5a,PUR_IED_FriederichN_S301_dd7e5a,,,,,
2026-09-12T02:21:06-05:00,PUR_IED_FriederichN_S308_761f4f,PUR_IED_FriederichN_S308_761f4f,,,,,
2026-09-12T02:21:06-05:00,PUR_IED_GSantander_Aula10_533dd7,PUR_IED_GSantander_Aula10_533dd7,,,,,
2026-09-12T02:21:06-05:00,PUR_IED_GSantander_Aula12_fd4e4f,PUR_IED_GSantander_Aula12_fd4e4f,,,,,
2026-09-12T02:21:06-05:00,PUR_IED_GSantander_Aula310_533dd7,PUR_IED_GSantander_Aula310_533dd7,,,,,
2026-09-12T02:21:06-05:00,PUR_IED_GSantander_Aula312_fd4e4f,PUR_IED_GSantander_Aula312_fd4e4f,,,,,
2026-09-12T02:21:06-05:00,PUR_IED_GSantander_Ext_5f66b0,PUR_IED_GSantander_Ext_5f66b0,,,,,
2026-09-12T02:21:06-05:00,PUR_IED_GYomasa_Ext_f6bea5,PUR_IED_GYomasa_Ext_f6bea5,,,,,
2026-09-12T02:21:06-05:00,PUR_IED_GYomasa_LBiol_2c41aa,PUR_IED_GYomasa_LBiol_2c41aa,,,,,
2026-09-12T02:21:06-05:00,PUR_IED_GYomasa_LQuim_33c80,PUR_IED_GYomasa_LQuim_33c80,,,,,
2026-09-12T02:21:06-05:00,PUR_IED_GabBetMejia_Cienc_5a99c,PUR_IED_GabBetMejia_Cienc_5a99c,,,,,
2026-09-12T02:21:06-05:00,PUR_IED_GabBetMejia_Ext_9153d0,PUR_IED_GabBetMejia_Ext_9153d0,,,,,
2026-09-12T02:21:06-05:00,PUR_IED_GabBetMejia_Lab_f55347,PUR_IED_GabBetMejia_Lab_f55347,,,,,
2026-09-12T02:21:06-05:00,PUR_IED_GabBetanMejia_Ext_9153d0,PUR_IED_GabBetanMejia_Ext_9153d0,,,,,
2026-09-12T02:21:06-05:00,PUR_IED_Gaitana_Aula13_7aac11,PUR_IED_Gaitana_Aula13_7aac11,,,,,
2026-09-12T02:21:06-05:00,PUR_IED_Gaitana_Ext_5fcf4,PUR_IED_Gaitana_Ext_5fcf4,,,,,
2026-09-12T02:21:06-05:00,PUR_IED_Gaitana_LabFisica_644448,PUR_IED_Gaitana_LabFisica_644448,,,,,
2026-09-12T02:21:06-05:00,PUR_IED_GenSantander_Dise_8ac858,PUR_IED_GenSantander_Dise_8ac858,,,,,
2026-09-12T02:21:06-05:00,PUR_IED_GenSantander_Ext_8d5dfe,PUR_IED_GenSantander_Ext_8d5dfe,,,,,
2026-09-12T02:21:06-05:00,PUR_IED_GenSantander_Info_6c25b,PUR_IED_GenSantander_Info_6c25b,,,,,
2026-09-12T02:21:06-05:00,PUR_IED_GustavoMo_Exterio_75e63d,PUR_IED_GustavoMo_Exterio_75e63d,,,,,
2026-09-12T02:21:06-05:00,PUR_IED_GustavoMo_LabFisi_224d37,PUR_IED_GustavoMo_LabFisi_224d37,,,,,
2026-09-12T02:21:06-05:00,PUR_IED_GustavoMo_S208_3e6918,PUR_IED_GustavoMo_S208_3e6918,,,,,
2026-09-12T02:21:06-05:00,PUR_IED_GustavoR_A02_8cd4a8,PUR_IED_GustavoR_A02_8cd4a8,,,,,
2026-09-12T02:21:06-05:00,PUR_IED_GustavoR_B11_5b0ed,PUR_IED_GustavoR_B11_5b0ed,,,,,
2026-09-12T02:21:06-05:00,PUR_IED_GustavoR_Ext_7a0c90,PUR_IED_GustavoR_Ext_7a0c90,,,,,
2026-09-12T02:21:06-05:00,PUR_IED_HernandoDuran_Ext_8cd82b,PUR_IED_HernandoDuran_Ext_8cd82b,,,,,
2026-09-12T02:21:06-05:00,PUR_IED_HernandoDuran_S24_2772c6,PUR_IED_HernandoDuran_S24_2772c6,,,,,
2026-09-12T02:21:06-05:00,PUR_IED_HernandoDuran_S30_f2de41,PUR_IED_HernandoDuran_S30_f2de41,,,,,
2026-09-12T02:21:06-05:00,PUR_IED_HolguInUr_S1101_8cd732,PUR_IED_HolguInUr_S1101_8cd732,,,,,
2026-09-12T02:21:06-05:00,PUR_IED_HolguinUr_Exter_ddae6d,PUR_IED_HolguinUr_Exter_ddae6d,,,,,
2026-09-12T02:21:06-05:00,PUR_IED_HolguinUr_LabQuim_92b952,PUR_IED_HolguinUr_LabQuim_92b952,,,,,
2026-09-12T02:21:06-05:00,PUR_IED_Isabel-II_Ext_5245cc,PUR_IED_Isabel-II_Ext_5245cc,13,19,59,4.6336,-74.153
2026-09-12T02:21:06-05:00,PUR_IED_Isabel-II_S_idiom_1c29aa,PUR_IED_Isabel-II_S_idiom_1c29aa,,,,,
2026-09-12T02:21:06-05:00,PUR_IED_Isabel-II_S_infor_fd741,PUR_IED_Isabel-II_S_infor_fd741,,,,,
2026-09-12T02:21:06-05:00,PUR_IED_IsidroSur_Exterio_5b90ea,PUR_IED_IsidroSur_Exterio_5b90ea,,,,,
2026-09-12T02:21:06-05:00,PUR_IED_IsidroSur_LabTec_56697a,PUR_IED_IsidroSur_LabTec_56697a,,,,,
2026-09-12T02:21:06-05:00,PUR_IED_IsidroSur_Robotic_b7c38f,PUR_IED_IsidroSur_Robotic_b7c38f,,,,,
2026-09-12T02:21:06-05:00,PUR_IED_IsmaelPerd_Ext_7b6672,PUR_IED_IsmaelPerd_Ext_7b6672,,,,,
2026-09-12T02:21:06-05:00,PUR_IED_IsmaelPerd_Inform_306540,PUR_IED_IsmaelPerd_Inform_306540,,,,,
2026-09-12T02:21:06-05:00,PUR_IED_IsmaelPerd_S30_2e2c83,PUR_IED_IsmaelPerd_S30_2e2c83,,,,,
2026-09-12T02:21:06-05:00,PUR_IED_JLozano_Exter_432910,PUR_IED_JLozano_Exter_432910,,,,,
2026-09-12T02:21:06-05:00,PUR_IED_JLozano_salaMulti_df5125,PUR_IED_JLozano_salaMulti_df5125,,,,,
2026-09-12T02:21:06-05:00,PUR_IED_JMCordoba_206_86f80b,PUR_IED_JMCordoba_206_86f80b,,,,,
2026-09-12T02:21:06-05:00,PUR_IED_JMCordoba_Ext_27ad97,PUR_IED_JMCordoba_Ext_27ad97,,,,,
2026-09-12T02:21:06-05:00,PUR_IED_JMCordoba_S310_d59ab4,PUR_IED_JMCordoba_S310_d59ab4,,,,,
2026-09-12T02:21:06-05:00,PUR_IED_Japon_Ext_549100,PUR_IED_Japon_Ext_549100,,,,,
2026-09-12T02:21:06-05:00,PUR_IED_Japon_Laboratorio_bec51d,PUR_IED_Japon_Laboratorio_bec51d,,,,,
2026-09-12T02:21:06-05:00,PUR_IED_Japon_informatica_d99327,PUR_IED_Japon_informatica_d99327,,,,,
2026-09-12T02:21:06-05:00,PUR_IED_Jazmin_Ext_d27bda,PUR_IED_Jazmin_Ext_d27bda,,,,,
2026-09-12T02:21:06-05:00,PUR_IED_Jazmin_Fisica_8d14d7,PUR_IED_Jazmin_Fisica_8d14d7,,,,,
2026-09-12T02:21:06-05:00,PUR_IED_Jazmin_Quimica_801cb5,PUR_IED_Jazmin_Quimica_801cb5,,,,,
2026-09-12T02:21:06-05:00,PUR_IED_JorgeGaitan_Exter_f098d1,PUR_IED_JorgeGaitan_Exter_f098d1,,,,,
2026-09-12T02:21:06-05:00,PUR_IED_JorgeGaitan_STec1_dc9d1d,PUR_IED_JorgeGaitan_STec1_dc9d1d,,,,,
2026-09-12T02:21:06-05:00,PUR_IED_JorgeGaitan_STec2_281e69,PUR_IED_JorgeGaitan_STec2_281e69,,,,,
2026-09-12T02:21:06-05:00,PUR_IED_JorgeSoto_Exterio_d9d0a2,PUR_IED_JorgeSoto_Exterio_d9d0a2,,,,,
2026-09-12T02:21:06-05:00,PUR_IED_JorgeSoto_LabFisi_209c54,PUR_IED_JorgeSoto_LabFisi_209c54,,,,,
2026-09-12T02:21:06-05:00,PUR_IED_JorgeSoto_S103_27b51a,PUR_IED_JorgeSoto_S103_27b51a,,,,,
2026-09-12T02:21:06-05:00,PUR_IED_JoseAcevedo_A02_e965eb,PUR_IED_JoseAcevedo_A02_e965eb,,,,,
2026-09-12T02:21:06-05:00,PUR_IED_JoseAcevedo_A07_dd5b4,PUR_IED_JoseAcevedo_A07_dd5b4,,,,,
2026-09-12T02:21:06-05:00,PUR_IED_JoseAcevedo_Ext_b47484,PUR_IED_JoseAcevedo_Ext_b47484,,,,,
2026-09-12T02:21:06-05:00,PUR_IED_JoseMarti_Exte_5b9bf,PUR_IED_JoseMarti_Exte_5b9bf,,,,,
2026-09-12T02:21:06-05:00,PUR_IED_JoseMarti_LabQuim_1c6c2d,PUR_IED_JoseMarti_LabQuim_1c6c2d,,,,,
2026-09-12T02:21:06-05:00,PUR_IED_JoseMarti_S_info_f5f177,PUR_IED_JoseMarti_S_info_f5f177,,,,,
2026-09-12T02:21:06-05:00,PUR_IED_Josejoaquin_Ext_dfc5dc,PUR_IED_Josejoaquin_Ext_dfc5dc,,,,,
2026-09-12T02:21:06-05:00,PUR_IED_Josejoaquin_S05_5b2a96,PUR_IED_Josejoaquin_S05_5b2a96,,,,,
2026-09-12T02:21:06-05:00,PUR_IED_Josejoaquin_S06_1ce7d2,PUR_IED_Josejoaquin_S06_1ce7d2,,,,,
2026-09-12T02:21:06-05:00,PUR_IED_JulioFlorez_Danza_9b82dd,PUR_IED_JulioFlorez_Danza_9b82dd,,,,,
2026-09-12T02:21:06-05:00,PUR_IED_JulioFlorez_Exter_f9f314,PUR_IED_JulioFlorez_Exter_f9f314,,,,,
2026-09-12T02:21:06-05:00,PUR_IED_JulioFlorez_info2_6b6e08,PUR_IED_JulioFlorez_info2_6b6e08,,,,,
2026-09-12T02:21:06-05:00,PUR_IED_LaBelleza_Aula13_1d00d8,PUR_IED_LaBelleza_Aula13_1d00d8,,,,,
2026-09-12T02:21:06-05:00,PUR_IED_LaBelleza_Ext_7bc08c,PUR_IED_LaBelleza_Ext_7bc08c,,,,,
2026-09-12T02:21:06-05:00,PUR_IED_LaChucua_Ext_8cd6d2,PUR_IED_LaChucua_Ext_8cd6d2,,,,,
2026-09-12T02:21:06-05:00,PUR_IED_LaChucua_S15_f578ce,PUR_IED_LaChucua_S15_f578ce,,,,,
2026-09-12T02:21:06-05:00,PUR_IED_LaChucua_S16_eebcf9,PUR_IED_LaChucua_S16_eebcf9,,,,,
2026-09-12T02:21:06-05:00,PUR_IED_LaFelicidad_Ext_fb5109,PUR_IED_LaFelicidad_Ext_fb5109,,,,,
2026-09-12T02:21:06-05:00,PUR_IED_LaMerced_206_66ebd,PUR_IED_LaMerced_206_66ebd,,,,,
2026-09-12T02:21:06-05:00,PUR_IED_LaMerced_207_6ebd6,PUR_IED_LaMerced_207_6ebd6,,,,,
2026-09-12T02:21:06-05:00,PUR_IED_LaMerced_ext_304311,PUR_IED_LaMerced_ext_304311,,,,,
2026-09-12T02:21:06-05:00,PUR_IED_Laureano_CiencNat_281e5e,PUR_IED_Laureano_CiencNat_281e5e,,,,,
2026-09-12T02:21:06-05:00,PUR_IED_Laureano_Comedor_f65c0a,PUR_IED_Laureano_Comedor_f65c0a,,,,,
2026-09-12T02:21:06-05:00,PUR_IED_Laureano_Exterior_7ab011,PUR_IED_Laureano_Exterior_7ab011,,,,,
2026-09-12T02:21:06-05:00,PUR_IED_LeonGreiff_Exte_dfe560,PUR_IED_LeonGreiff_Exte_dfe560,,,,,
2026-09-12T02:21:06-05:00,PUR_IED_LeonGreiff_S210_f264ed,PUR_IED_LeonGreiff_S210_f264ed,,,,,
2026-09-12T02:21:06-05:00,PUR_IED_LeonGreiff_SQuimi_e8296f,PUR_IED_LeonGreiff_SQuimi_e8296f,,,,,
2026-09-12T02:21:06-05:00,PUR_IED_LlanoOrientalS208_7b9fcd,PUR_IED_LlanoOrientalS208_7b9fcd,,,,,
2026-09-12T02:21:06-05:00,PUR_IED_LlanoOriental_Ext_fb3766,PUR_IED_LlanoOriental_Ext_fb3766,,,,,
2026-09-12T02:21:06-05:00,PUR_IED_LlanoOriental_S208_7b9fcd,PUR_IED_LlanoOriental_S208_7b9fcd,,,,,
2026-09-12T02:21:06-05:00,PUR_IED_LlanoOriental_S9_27b378,PUR_IED_LlanoOriental_S9_27b378,,,,,
2026-09-12T02:21:06-05:00,PUR_IED_LosTejares_1101_477602,PUR_IED_LosTejares_1101_477602,,,,,
2026-09-12T02:21:06-05:00,PUR_IED_LosTejares_11_d2c595,PUR_IED_LosTejares_11_d2c595,,,,,
2026-09-12T02:21:06-05:00,PUR_IED_LosTejares_12_477602,PUR_IED_LosTejares_12_477602,,,,,
2026-09-12T02:21:06-05:00,PUR_IED_LosTejares_Ext_8e2115,PUR_IED_LosTejares_Ext_8e2115,,,,,
2026-09-12T02:21:06-05:00,PUR_IED_MagdalenaO_B202_5ddda3,PUR_IED_MagdalenaO_B202_5ddda3,,,,,
2026-09-12T02:21:06-05:00,PUR_IED_MagdalenaO_B205_fb76e8,PUR_IED_MagdalenaO_B205_fb76e8,,,,,
2026-09-12T02:21:06-05:00,PUR_IED_MagdalenaO_ext_dc69cd,PUR_IED_MagdalenaO_ext_dc69cd,,,,,
2026-09-12T02:21:06-05:00,PUR_IED_ManueCepeda_artes_eee956,PUR_IED_ManueCepeda_artes_eee956,,,,,
2026-09-12T02:21:06-05:00,PUR_IED_ManuelCepeda_Ext_58313,PUR_IED_ManuelCepeda_Ext_58313,,,,,
2026-09-12T02:21:06-05:00,PUR_IED_ManuelCepeda_tec_1c5731,PUR_IED_ManuelCepeda_tec_1c5731,,,,,
2026-09-12T02:21:06-05:00,PUR_IED_ManuelS_Exterior_5b269,PUR_IED_ManuelS_Exterior_5b269,,,,,
2026-09-12T02:21:06-05:00,PUR_IED_ManuelS_Inform_f369ce,PUR_IED_ManuelS_Inform_f369ce,,,,,
2026-09-12T02:21:06-05:00,PUR_IED_ManuelS_SArtes_7d15f1,PUR_IED_ManuelS_SArtes_7d15f1,,,,,
2026-09-12T02:21:06-05:00,PUR_IED_ManuelZapata_303_3ca6,PUR_IED_ManuelZapata_303_3ca6,,,,,
2026-09-12T02:21:06-05:00,PUR_IED_ManuelZapata_311_bfbabc,PUR_IED_ManuelZapata_311_bfbabc,,,,,
2026-09-12T02:21:06-05:00,PUR_IED_ManuelZapata_Ext_50824a,PUR_IED_ManuelZapata_Ext_50824a,,,,,
2026-09-12T02:21:06-05:00,PUR_IED_ManuelitaS_Exteri_656a92,PUR_IED_ManuelitaS_Exteri_656a92,,,,,
2026-09-12T02:21:06-05:00,PUR_IED_ManuelitaS_JuzgDe_f58ec3,PUR_IED_ManuelitaS_JuzgDe_f58ec3,,,,,
2026-09-12T02:21:06-05:00,PUR_IED_ManuelitaS_Recrea_d793db,PUR_IED_ManuelitaS_Recrea_d793db,,,,,
2026-09-12T02:21:06-05:00,PUR_IED_MarFidSuarez_Ext_c27b19,PUR_IED_MarFidSuarez_Ext_c27b19,,,,,
2026-09-12T02:21:06-05:00,PUR_IED_MarFidSuarez_Info_e384d7,PUR_IED_MarFidSuarez_Info_e384d7,,,,,
2026-09-12T02:21:06-05:00,PUR_IED_MarFidSuarez_S306_1d0032,PUR_IED_MarFidSuarez_S306_1d0032,,,,,
2026-09-12T02:21:06-05:00,PUR_IED_Menorah_301_2a25a3,PUR_IED_Menorah_301_2a25a3,,,,,
2026-09-12T02:21:06-05:00,PUR_IED_Menorah_306_37ed3,PUR_IED_Menorah_306_37ed3,,,,,
2026-09-12T02:21:06-05:00,PUR_IED_Menorah_Ext_3e155b,PUR_IED_Menorah_Ext_3e155b,,,,,
2026-09-12T02:21:06-05:00,PUR_IED_MinutoB.Aires_A11_1b1604,PUR_IED_MinutoB.Aires_A11_1b1604,,,,,
2026-09-12T02:21:06-05:00,PUR_IED_MinutoB.Aires_A12_fb5860,PUR_IED_MinutoB.Aires_A12_fb5860,,,,,
2026-09-12T02:21:06-05:00,PUR_IED_MinutoB.Aires_Ext_81293f,PUR_IED_MinutoB.Aires_Ext_81293f,,,,,
2026-09-12T02:21:06-05:00,PUR_IED_MinutoBAires_A11_1b1604,PUR_IED_MinutoBAires_A11_1b1604,,,,,
2026-09-12T02:21:06-05:00,PUR_IED_MinutoBAires_A12_fb5860,PUR_IED_MinutoBAires_A12_fb5860,,,,,
2026-09-12T02:21:06-05:00,PUR_IED_MinutoBAires_Ext_81293f,PUR_IED_MinutoBAires_Ext_81293f,,,,,
2026-09-12T02:21:06-05:00,PUR_IED_Montreal_Aula10_1e4959,PUR_IED_Montreal_Aula10_1e4959,,,,,
2026-09-12T02:21:06-05:00,PUR_IED_Montreal_Aula6_300367,PUR_IED_Montreal_Aula6_300367,,,,,
2026-09-12T02:21:06-05:00,PUR_IED_Montreal_Exterior_91a179,PUR_IED_Montreal_Exterior_91a179,,,,,
2026-09-12T02:21:06-05:00,PUR_IED_Mqgdalena_B202_5ddda3,PUR_IED_Mqgdalena_B202_5ddda3,,,,,
2026-09-12T02:21:06-05:00,PUR_IED_NACUND_Soc_dc8728,PUR_IED_NACUND_Soc_dc8728,,,,,
2026-09-12T02:21:06-05:00,PUR_IED_NACUND_ext_27ad97,PUR_IED_NACUND_ext_27ad97,,,,,
2026-09-12T02:21:06-05:00,PUR_IED_NEsperanza_Ext_d24b61,PUR_IED_NEsperanza_Ext_d24b61,,,,,
2026-09-12T02:21:06-05:00,PUR_IED_NEsperanza_SElect_7d1807,PUR_IED_NEsperanza_SElect_7d1807,,,,,
2026-09-12T02:21:06-05:00,PUR_IED_NEsperanza_SLabor_8b2d0a,PUR_IED_NEsperanza_SLabor_8b2d0a,,,,,
2026-09-12T02:21:06-05:00,PUR_IED_NacionesU_Ext_f661a9,PUR_IED_NacionesU_Ext_f661a9,,,,,
2026-09-12T02:21:06-05:00,PUR_IED_NacionesU_Quimica_66f0a,PUR_IED_NacionesU_Quimica_66f0a,,,,,
2026-09-12T02:21:06-05:00,PUR_IED_NacionesU_S306_1b4b3d,PUR_IED_NacionesU_S306_1b4b3d,,,,,
2026-09-12T02:21:06-05:00,PUR_IED_NestorFA_Ext_e4201c,PUR_IED_NestorFA_Ext_e4201c,,,,,
2026-09-12T02:21:06-05:00,PUR_IED_NestorFA_Laborato_f22fe0,PUR_IED_NestorFA_Laborato_f22fe0,,,,,
2026-09-12T02:21:06-05:00,PUR_IED_NestorFA_S204_dee996,PUR_IED_NestorFA_S204_dee996,,,,,
2026-09-12T02:21:06-05:00,PUR_IED_NidyaQT_Aula03_76999b,PUR_IED_NidyaQT_Aula03_76999b,,,,,
2026-09-12T02:21:06-05:00,PUR_IED_NidyaQT_Aula10_56325,PUR_IED_NidyaQT_Aula10_56325,,,,,
2026-09-12T02:21:06-05:00,PUR_IED_NidyaQT_Ext_46e32d,PUR_IED_NidyaQT_Ext_46e32d,,,,,
2026-09-12T02:21:06-05:00,PUR_IED_NuevaCol_Exterior_d9b859,PUR_IED_NuevaCol_Exterior_d9b859,,,,,
2026-09-12T02:21:06-05:00,PUR_IED_NuevaCol_S1101_76c43b,PUR_IED_NuevaCol_S1101_76c43b,,,,,
2026-09-12T02:21:06-05:00,PUR_IED_NuevaCol_S1102_1ce0b5,PUR_IED_NuevaCol_S1102_1ce0b5,,,,,
2026-09-12T02:21:06-05:00,PUR_IED_OEA_A202_f7e3f2,PUR_IED_OEA_A202_f7e3f2,,,,,
2026-09-12T02:21:06-05:00,PUR_IED_OEA_A203_7d1b8d,PUR_IED_OEA_A203_7d1b8d,,,,,
2026-09-12T02:21:06-05:00,PUR_IED_OEA_Ext_27b593,PUR_IED_OEA_Ext_27b593,,,,,
2026-09-12T02:21:06-05:00,PUR_IED_Ochoa_Ext_1c29da,PUR_IED_Ochoa_Ext_1c29da,,,,,
2026-09-12T02:21:06-05:00,PUR_IED_Ochoa_S205_8b1121,PUR_IED_Ochoa_S205_8b1121,,,,,
2026-09-12T02:21:06-05:00,PUR_IED_Ochoa_Sistemas_f33af6,PUR_IED_Ochoa_Sistemas_f33af6,,,,,
2026-09-12T02:21:06-05:00,PUR_IED_PQuebec_Ext_1c67c7,PUR_IED_PQuebec_Ext_1c67c7,,,,,
2026-09-12T02:21:06-05:00,PUR_IED_PQuebec_S15_23e8e2,PUR_IED_PQuebec_S15_23e8e2,,,,,
2026-09-12T02:21:06-05:00,PUR_IED_PQuebec_S16_8ec76b,PUR_IED_PQuebec_S16_8ec76b,,,,,
2026-09-12T02:21:06-05:00,PUR_IED_PabloN_Ext_49dc96,PUR_IED_PabloN_Ext_49dc96,,,,,
2026-09-12T02:21:06-05:00,PUR_IED_PabloN_S1102_4e3df5,PUR_IED_PabloN_S1102_4e3df5,,,,,
2026-09-12T02:21:06-05:00,PUR_IED_PabloN_S1103_50c94b,PUR_IED_PabloN_S1103_50c94b,,,,,
2026-09-12T02:21:06-05:00,PUR_IED_Palestina_S1101_db9198,PUR_IED_Palestina_S1101_db9198,,,,,
2026-09-12T02:21:06-05:00,PUR_IED_Palestina_S1102_dc54fa,PUR_IED_Palestina_S1102_dc54fa,,,,,
2026-09-12T02:21:06-05:00,PUR_IED_Palestina_ext_4ccce6,PUR_IED_Palestina_ext_4ccce6,,,,,
2026-09-12T02:21:06-05:00,PUR_IED_Panama_Fisica_4d0794,PUR_IED_Panama_Fisica_4d0794,,,,,
2026-09-12T02:21:06-05:00,PUR_IED_Panama_SIngles_a4077e,PUR_IED_Panama_SIngles_a4077e,,,,,
2026-09-12T02:21:06-05:00,PUR_IED_Panama_ext_4c54b4,PUR_IED_Panama_ext_4c54b4,,,,,
2026-09-12T02:21:06-05:00,PUR_IED_ParaisoM_Exterior_8cd7f0,PUR_IED_ParaisoM_Exterior_8cd7f0,,,,,
2026-09-12T02:21:06-05:00,PUR_IED_ParaisoM_Laborato_27af35,PUR_IED_ParaisoM_Laborato_27af35,,,,,
2026-09-12T02:21:06-05:00,PUR_IED_ParaisoM_S304_d1edca,PUR_IED_ParaisoM_S304_d1edca,,,,,
2026-09-12T02:21:06-05:00,PUR_IED_PorfirioBarba_Ext_301466,PUR_IED_PorfirioBarba_Ext_301466,,,,,
2026-09-12T02:21:06-05:00,PUR_IED_PorfirioBarba_S11_df6cd2,PUR_IED_PorfirioBarba_S11_df6cd2,,,,,
2026-09-12T02:21:06-05:00,PUR_IED_PorfirioBarba_S29_27a7d6,PUR_IED_PorfirioBarba_S29_27a7d6,,,,,
2026-09-12T02:21:06-05:00,PUR_IED_PradoV_Exter_8b27ad,PUR_IED_PradoV_Exter_8b27ad,,,,,
2026-09-12T02:21:06-05:00,PUR_IED_PradoV_S301_de65b5,PUR_IED_PradoV_S301_de65b5,,,,,
2026-09-12T02:21:06-05:00,PUR_IED_PradoV_S302_7d2593,PUR_IED_PradoV_S302_7d2593,,,,,
2026-09-12T02:21:06-05:00,PUR_IED_QuirogaAlz_Ext_1ddc82,PUR_IED_QuirogaAlz_Ext_1ddc82,,,,,
2026-09-12T02:21:06-05:00,PUR_IED_QuirogaAlz_S302_9926a3,PUR_IED_QuirogaAlz_S302_9926a3,,,,,
2026-09-12T02:21:06-05:00,PUR_IED_QuirogaAlz_S305_cdf1f1,PUR_IED_QuirogaAlz_S305_cdf1f1,,,,,
2026-09-12T02:21:06-05:00,PUR_IED_RGuatemala_Biling_dc53b7,PUR_IED_RGuatemala_Biling_dc53b7,,,,,
2026-09-12T02:21:06-05:00,PUR_IED_RGuatemala_Ext_1b89a3,PUR_IED_RGuatemala_Ext_1b89a3,,,,,
2026-09-12T02:21:06-05:00,PUR_IED_RGuatemala_Tecnol_281a34,PUR_IED_RGuatemala_Tecnol_281a34,,,,,
2026-09-12T02:21:06-05:00,PUR_IED_RafaNu_Ext_f7c302,PUR_IED_RafaNu_Ext_f7c302,,,,,
2026-09-12T02:21:06-05:00,PUR_IED_RafaNu_S1101_25fde,PUR_IED_RafaNu_S1101_25fde,,,,,
2026-09-12T02:21:06-05:00,PUR_IED_RafaNu_S1102_281517,PUR_IED_RafaNu_S1102_281517,,,,,
2026-09-12T02:21:06-05:00,PUR_IED_RafaelB_S305_ee2783,PUR_IED_RafaelB_S305_ee2783,,,,,
2026-09-12T02:21:06-05:00,PUR_IED_RafaelB_S306_75fe33,PUR_IED_RafaelB_S306_75fe33,,,,,
2026-09-12T02:21:06-05:00,PUR_IED_RafaelB_ext_283336,PUR_IED_RafaelB_ext_283336,3,18,61,4.6722,-74.0737
2026-09-12T02:21:06-05:00,PUR_IED_RafaelUU_Exterior_281a51,PUR_IED_RafaelUU_Exterior_281a51,,,,,
2026-09-12T02:21:06-05:00,PUR_IED_RafaelUU_Human_806b2,PUR_IED_RafaelUU_Human_806b2,,,,,
2026-09-12T02:21:06-05:00,PUR_IED_RafaelUU_Mate2_5680d4,PUR_IED_RafaelUU_Mate2_5680d4,,,,,
2026-09-12T02:21:06-05:00,PUR_IED_RamonSub_Ext_f9eeb9,PUR_IED_RamonSub_Ext_f9eeb9,,,,,
2026-09-12T02:21:06-05:00,PUR_IED_RamonSub_Media_d1f62f,PUR_IED_RamonSub_Media_d1f62f,,,,,
2026-09-12T02:21:06-05:00,PUR_IED_RamonSub_planta_51b82,PUR_IED_RamonSub_planta_51b82,,,,,
2026-09-12T02:21:06-05:00,PUR_IED_RepBoliVene_Exter_27af7c,PUR_IED_RepBoliVene_Exter_27af7c,,,,,
2026-09-12T02:21:06-05:00,PUR_IED_RepBoliVene_SCPT_5ae2ee,PUR_IED_RepBoliVene_SCPT_5ae2ee,,,,,
2026-09-12T02:21:06-05:00,PUR_IED_RepBoliVene_Socia_4b11d5,PUR_IED_RepBoliVene_Socia_4b11d5,,,,,
2026-09-12T02:21:06-05:00,PUR_IED_RepChina_Ext_76d9ee,PUR_IED_RepChina_Ext_76d9ee,,,,,
2026-09-12T02:21:06-05:00,PUR_IED_RepChina_S404_7c804c,PUR_IED_RepChina_S404_7c804c,,,,,
2026-09-12T02:21:06-05:00,PUR_IED_RepChina_S405_df2c33,PUR_IED_RepChina_S405_df2c33,,,,,
2026-09-12T02:21:06-05:00,PUR_IED_RepublicaC_Exteri_7d1ec9,PUR_IED_RepublicaC_Exteri_7d1ec9,,,,,
2026-09-12T02:21:06-05:00,PUR_IED_RepublicaC_S1101_f544b3,PUR_IED_RepublicaC_S1101_f544b3,,,,,
2026-09-12T02:21:06-05:00,PUR_IED_RepublicaC_S1102_7aafc7,PUR_IED_RepublicaC_S1102_7aafc7,,,,,
2026-09-12T02:21:06-05:00,PUR_IED_Ricaurte_Externo_a0ea1,PUR_IED_Ricaurte_Externo_a0ea1,,,,,
2026-09-12T02:21:06-05:00,PUR_IED_Ricaurte_S210_f546fd,PUR_IED_Ricaurte_S210_f546fd,,,,,
2026-09-12T02:21:06-05:00,PUR_IED_Ricaurte_S309_d4452,PUR_IED_Ricaurte_S309_d4452,,,,,
2026-09-12T02:21:06-05:00,PUR_IED_RogelioS_1102_531e69,PUR_IED_RogelioS_1102_531e69,,,,,
2026-09-12T02:21:06-05:00,PUR_IED_RogelioS_Ext_f25a18,PUR_IED_RogelioS_Ext_f25a18,,,,,
2026-09-12T02:21:06-05:00,PUR_IED_SBernardino_Ext_27aff8,PUR_IED_SBernardino_Ext_27aff8,,,,,
2026-09-12T02:21:06-05:00,PUR_IED_SBernardino_SArte_2ffd33,PUR_IED_SBernardino_SArte_2ffd33,,,,,
2026-09-12T02:21:06-05:00,PUR_IED_SBernardino_SIngl_7c7da5,PUR_IED_SBernardino_SIngl_7c7da5,,,,,
2026-09-12T02:21:06-05:00,PUR_IED_Sago_auditorio_dc9d1d,PUR_IED_Sago_auditorio_dc9d1d,,,,,
2026-09-12T02:21:06-05:00,PUR_IED_Saludcoop_Ext_95aac3,PUR_IED_Saludcoop_Ext_95aac3,,,,,
2026-09-12T02:21:06-05:00,PUR_IED_Saludcoop_InfI_90c854,PUR_IED_Saludcoop_InfI_90c854,,,,,
2026-09-12T02:21:06-05:00,PUR_IED_Saludcoop_SMedia_1b93be,PUR_IED_Saludcoop_SMedia_1b93be,,,,,
2026-09-12T02:21:06-05:00,PUR_IED_SanCarlos_1101_1a2360,PUR_IED_SanCarlos_1101_1a2360,,,,,
2026-09-12T02:21:06-05:00,PUR_IED_SanCarlos_1103_7bafb5,PUR_IED_SanCarlos_1103_7bafb5,,,,,
2026-09-12T02:21:06-05:00,PUR_IED_SanCarlos_Ext_b7cd1,PUR_IED_SanCarlos_Ext_b7cd1,,,,,
2026-09-12T02:21:06-05:00,PUR_IED_SanIgnacioBosa11a_50c26e,PUR_IED_SanIgnacioBosa11a_50c26e,,,,,
2026-09-12T02:21:06-05:00,PUR_IED_SanIgnacioBosa11b_371de8,PUR_IED_SanIgnacioBosa11b_371de8,,,,,
2026-09-12T02:21:06-05:00,PUR_IED_SanIgnacioBosaExt_ef0ffc,PUR_IED_SanIgnacioBosaExt_ef0ffc,,,,,
2026-09-12T02:21:06-05:00,PUR_IED_SanIgnacioBosa_11a_50c26e,PUR_IED_SanIgnacioBosa_11a_50c26e,,,,,
2026-09-12T02:21:06-05:00,PUR_IED_SanIgnacioBosa_Ext_ef0ffc,PUR_IED_SanIgnacioBosa_Ext_ef0ffc,,,,,
2026-09-12T02:21:06-05:00,PUR_IED_SanJoseN_intS1101_31c47f,PUR_IED_SanJoseN_intS1101_31c47f,,,,,
2026-09-12T02:21:06-05:00,PUR_IED_SanJoseUsm_Exter_f5d7e8,PUR_IED_SanJoseUsm_Exter_f5d7e8,,,,,
2026-09-12T02:21:06-05:00,PUR_IED_SanJoseUsm_Int11A_cfdef6,PUR_IED_SanJoseUsm_Int11A_cfdef6,,,,,
2026-09-12T02:21:06-05:00,PUR_IED_SilveriaR_IntB5_905349,PUR_IED_SilveriaR_IntB5_905349,,,,,
2026-09-12T02:21:06-05:00,PUR_IED_SilveriaR_IntSD14_981f93,PUR_IED_SilveriaR_IntSD14_981f93,,,,,
2026-09-12T02:21:06-05:00,PUR_IED_SilveriaR_ext_2b651d,PUR_IED_SilveriaR_ext_2b651d,,,,,
2026-09-12T02:21:06-05:00,PUR_IED_SimonB_Exterior_913975,PUR_IED_SimonB_Exterior_913975,,,,,
2026-09-12T02:21:06-05:00,PUR_IED_SimonB_LabQuimi_c56908,PUR_IED_SimonB_LabQuimi_c56908,,,,,
2026-09-12T02:21:06-05:00,PUR_IED_SimonB_informatic_a28c1,PUR_IED_SimonB_informatic_a28c1,,,,,
2026-09-12T02:21:06-05:00,PUR_IED_Sorrento_1102_315f50,PUR_IED_Sorrento_1102_315f50,,,,,
2026-09-12T02:21:06-05:00,PUR_IED_Sorrento_Minte_214eab,PUR_IED_Sorrento_Minte_214eab,,,,,
2026-09-12T02:21:06-05:00,PUR_IED_Sorrento_ext_7c3a0a,PUR_IED_Sorrento_ext_7c3a0a,,,,,
2026-09-12T02:21:06-05:00,PUR_IED_Tabora_Ext_f048ae,PUR_IED_Tabora_Ext_f048ae,,,,,
2026-09-12T02:21:06-05:00,PUR_IED_Tabora_S1102_b07752,PUR_IED_Tabora_S1102_b07752,,,,,
2026-09-12T02:21:06-05:00,PUR_IED_Tabora_S1103_d988f5,PUR_IED_Tabora_S1103_d988f5,,,,,
2026-09-12T02:21:06-05:00,PUR_IED_Tenerife_Ext_1ab188,PUR_IED_Tenerife_Ext_1ab188,,,,,
2026-09-12T02:21:06-05:00,PUR_IED_Tenerife_SDanzas_7bc02e,PUR_IED_Tenerife_SDanzas_7bc02e,,,,,
2026-09-12T02:21:06-05:00,PUR_IED_Tenerife_SIngles_7cc277,PUR_IED_Tenerife_SIngles_7cc277,,,,,
2026-09-12T02:21:06-05:00,PUR_IED_Tibabuyes_Exter_f2683d,PUR_IED_Tibabuyes_Exter_f2683d,,,,,
2026-09-12T02:21:06-05:00,PUR_IED_Tibabuyes_S10_dc87a8,PUR_IED_Tibabuyes_S10_dc87a8,,,,,
2026-09-12T02:21:06-05:00,PUR_IED_Tibabuyes_S15_dc0526,PUR_IED_Tibabuyes_S15_dc0526,,,,,
2026-09-12T02:21:06-05:00,PUR_IED_UnionE_S301_a1043,PUR_IED_UnionE_S301_a1043,,,,,
2026-09-12T02:21:06-05:00,PUR_IED_UnionE_S307_ff6c2f,PUR_IED_UnionE_S307_ff6c2f,,,,,
2026-09-12T02:21:06-05:00,PUR_IED_UnionE__Ext_5e2468,PUR_IED_UnionE__Ext_5e2468,,,,,
2026-09-12T02:21:06-05:00,PUR_IED_VillaRica_Ext_75be7c,PUR_IED_VillaRica_Ext_75be7c,,,,,
2026-09-12T02:21:06-05:00,PUR_IED_VillaRica_S4_cc5dcd,PUR_IED_VillaRica_S4_cc5dcd,,,,,
2026-09-12T02:21:06-05:00,PUR_IED_VillaRica_Sesp_99f5c,PUR_IED_VillaRica_Sesp_99f5c,,,,,
2026-09-12T02:26:03-05:00,PUR_IED_20deJulio_1101_91b1b9,PUR_IED_20deJulio_1101_91b1b9,,,,,
2026-09-12T02:26:03-05:00,PUR_IED_20deJulio_1102_1cfcf9,PUR_IED_20deJulio_1102_1cfcf9,,,,,
2026-09-12T02:26:03-05:00,PUR_IED_20deJulio_Ext_ab60bd,PUR_IED_20deJulio_Ext_ab60bd,,,,,
2026-09-12T02:26:03-05:00,PUR_IED_AgustinFer_Ext_7b9b77,PUR_IED_AgustinFer_Ext_7b9b77,,,,,
2026-09-12T02:26:03-05:00,PUR_IED_AgustinFer_Info2_27b3a7,PUR_IED_AgustinFer_Info2_27b3a7,,,,,
2026-09-12T02:26:03-05:00,PUR_IED_AgustinFer_Sena_54b4eb,PUR_IED_AgustinFer_Sena_54b4eb,,,,,
2026-09-12T02:26:03-05:00,PUR_IED_AlexanderF_1102_caf07b,PUR_IED_AlexanderF_1102_caf07b,,,,,
2026-09-12T02:26:03-05:00,PUR_IED_AlexanderF_1103_c79e71,PUR_IED_AlexanderF_1103_c79e71,,,,,
2026-09-12T02:26:03-05:00,PUR_IED_AlexanderF_Ext_c5b18b,PUR_IED_AlexanderF_Ext_c5b18b,,,,,
2026-09-12T02:26:03-05:00,PUR_IED_AlfonsoLopez_Ext_281d77,PUR_IED_AlfonsoLopez_Ext_281d77,,,,,
2026-09-12T02:26:03-05:00,PUR_IED_AlfonsoLopez_LabF_888ce0,PUR_IED_AlfonsoLopez_LabF_888ce0,,,,,
2026-09-12T02:26:03-05:00,PUR_IED_AlfonsoLopez_SMed_df6a7f,PUR_IED_AlfonsoLopez_SMed_df6a7f,,,,,
2026-09-12T02:26:03-05:00,PUR_IED_AltamiraSO_A2_209f92,PUR_IED_AltamiraSO_A2_209f92,,,,,
2026-09-12T02:26:03-05:00,PUR_IED_AltamiraSO_Ext_186d66,PUR_IED_AltamiraSO_Ext_186d66,,,,,
2026-09-12T02:26:03-05:00,PUR_IED_AltamiraSO_Sistem_27afe1,PUR_IED_AltamiraSO_Sistem_27afe1,,,,,
2026-09-12T02:26:03-05:00,PUR_IED_AlvaroGom_LabQuim_813179,PUR_IED_AlvaroGom_LabQuim_813179,,,,,
2026-09-12T02:26:03-05:00,PUR_IED_AlvaroGomez_Ext_47c7ca,PUR_IED_AlvaroGomez_Ext_47c7ca,,,,,
2026-09-12T02:26:03-05:00,PUR_IED_AlvaroGomez_LabQuim_813179,PUR_IED_AlvaroGomez_LabQuim_813179,,,,,
2026-09-12T02:26:03-05:00,PUR_IED_AlvaroGomez_S23_7ba89f,PUR_IED_AlvaroGomez_S23_7ba89f,,,,,
2026-09-12T02:26:03-05:00,PUR_IED_Amistad_306_dc8728,PUR_IED_Amistad_306_dc8728,,,,,
2026-09-12T02:26:03-05:00,PUR_IED_Amistad_Ext_8cd55e,PUR_IED_Amistad_Ext_8cd55e,,,,,
2026-09-12T02:26:03-05:00,PUR_IED_Amistad_S202_a41169,PUR_IED_Amistad_S202_a41169,,,,,
2026-09-12T02:26:03-05:00,PUR_IED_AndresBello_Bio_fd5f5e,PUR_IED_AndresBello_Bio_fd5f5e,,,,,
2026-09-12T02:26:03-05:00,PUR_IED_AndresBello_ext_dcad65,PUR_IED_AndresBello_ext_dcad65,,,,,
2026-09-12T02:26:03-05:00,PUR_IED_AndresBello_port_eed3ec,PUR_IED_AndresBello_port_eed3ec,,,,,
2026-09-12T02:26:03-05:00,PUR_IED_AngelaR_11b_d90a6b,PUR_IED_AngelaR_11b_d90a6b,,,,,
2026-09-12T02:26:03-05:00,PUR_IED_AngelaR_ext_7cad3e,PUR_IED_AngelaR_ext_7cad3e,,,,,
2026-09-12T02:26:03-05:00,PUR_IED_AntJoseSucre_10mo_df2575,PUR_IED_AntJoseSucre_10mo_df2575,,,,,
2026-09-12T02:26:03-05:00,PUR_IED_AntJoseSucre_Ext_215b36,PUR_IED_AntJoseSucre_Ext_215b36,,,,,
2026-09-12T02:26:03-05:00,PUR_IED_AntJoseSucre_Lab_3139de,PUR_IED_AntJoseSucre_Lab_3139de,,,,,
2026-09-12T02:26:03-05:00,PUR_IED_AntonioGarcia_301_d6b188,PUR_IED_AntonioGarcia_301_d6b188,,,,,
2026-09-12T02:26:03-05:00,PUR_IED_AntonioGarcia_302_88a82,PUR_IED_AntonioGarcia_302_88a82,,,,,
2026-09-12T02:26:03-05:00,PUR_IED_AntonioGarcia_Ext_20950c,PUR_IED_AntonioGarcia_Ext_20950c,,,,,
2026-09-12T02:26:03-05:00,PUR_IED_AntonioVan_Aula2_6dea02,PUR_IED_AntonioVan_Aula2_6dea02,,,,,
2026-09-12T02:26:03-05:00,PUR_IED_AntonioVan_Aula5_f1557e,PUR_IED_AntonioVan_Aula5_f1557e,,,,,
2026-09-12T02:26:03-05:00,PUR_IED_AntonioVan_Ext_406f2f,PUR_IED_AntonioVan_Ext_406f2f,,,,,
2026-09-12T02:26:03-05:00,PUR_IED_Atabanzha_Ext_cc5af9,PUR_IED_Atabanzha_Ext_cc5af9,,,,,
2026-09-12T02:26:03-05:00,PUR_IED_Atabanzha_SA101_56c37,PUR_IED_Atabanzha_SA101_56c37,,,,,
2026-09-12T02:26:03-05:00,PUR_IED_Atabanzha_SB302_27b374,PUR_IED_Atabanzha_SB302_27b374,,,,,
2026-09-12T02:26:03-05:00,PUR_IED_Atahualpa_Ext_fc1748,PUR_IED_Atahualpa_Ext_fc1748,,,,,
2026-09-12T02:26:03-05:00,PUR_IED_Atahualpa_Informa_dc9a95,PUR_IED_Atahualpa_Informa_dc9a95,,,,,
2026-09-12T02:26:03-05:00,PUR_IED_Atahualpa_S1101_f98056,PUR_IED_Atahualpa_S1101_f98056,,,,,
2026-09-12T02:26:03-05:00,PUR_IED_Bellavista_Ext_f5aa74,PUR_IED_Bellavista_Ext_f5aa74,,,,,
2026-09-12T02:26:03-05:00,PUR_IED_Bilbao_11A_916c41,PUR_IED_Bilbao_11A_916c41,,,,,
2026-09-12T02:26:03-05:00,PUR_IED_Bilbao_Ext_fb579a,PUR_IED_Bilbao_Ext_fb579a,,,,,
2026-09-12T02:26:03-05:00,PUR_IED_BrasiliaU_A125_304280,PUR_IED_BrasiliaU_A125_304280,,,,,
2026-09-12T02:26:03-05:00,PUR_IED_BrasiliaU_A203_7c8ca5,PUR_IED_BrasiliaU_A203_7c8ca5,,,,,
2026-09-12T02:26:03-05:00,PUR_IED_BrasiliaU_Ext_8d6e9f,PUR_IED_BrasiliaU_Ext_8d6e9f,4,17,62,4.5175,-74.116302
2026-09-12T02:26:03-05:00,PUR_IED_Brasilia_Ext_fe6593,PUR_IED_Brasilia_Ext_fe6593,,,,,
2026-09-12T02:26:03-05:00,PUR_IED_Brasilia_S24_7c130d,PUR_IED_Brasilia_S24_7c130d,,,,,
2026-09-12T02:26:03-05:00,PUR_IED_Brasilia_S501_186a54,PUR_IED_Brasilia_S501_186a54,,,,,
2026-09-12T02:26:03-05:00,PUR_IED_CHARRY_EXT_f1d5cd,PUR_IED_CHARRY_EXT_f1d5cd,,,,,
2026-09-12T02:26:03-05:00,PUR_IED_CHARRY_INTDANZAS_7a08e6,PUR_IED_CHARRY_INTDANZAS_7a08e6,,,,,
2026-09-12T02:26:03-05:00,PUR_IED_CHARRY_INT_AULA20_dc998d,PUR_IED_CHARRY_INT_AULA20_dc998d,,,,,
2026-09-12T02:26:03-05:00,PUR_IED_COLVIV_1101_S25_7f520a,PUR_IED_COLVIV_1101_S25_7f520a,,,,,
2026-09-12T02:26:03-05:00,PUR_IED_COLVIV_1102_S16_f570ba,PUR_IED_COLVIV_1102_S16_f570ba,,,,,
2026-09-12T02:26:03-05:00,PUR_IED_COLVIV_Ext_1a26fa,PUR_IED_COLVIV_Ext_1a26fa,,,,,
2026-09-12T02:26:03-05:00,PUR_IED_CULPOP_301A_f660f3,PUR_IED_CULPOP_301A_f660f3,,,,,
2026-09-12T02:26:03-05:00,PUR_IED_CULPOP_303_568afe,PUR_IED_CULPOP_303_568afe,,,,,
2026-09-12T02:26:03-05:00,PUR_IED_CULPOP_Ext_e02ccb,PUR_IED_CULPOP_Ext_e02ccb,,,,,
2026-09-12T02:26:03-05:00,PUR_IED_CVillavicen_Ext_26eb58,PUR_IED_CVillavicen_Ext_26eb58,4,15,74,4.487,-74.102798
2026-09-12T02:26:03-05:00,PUR_IED_CVillavicen_Intel_1ce5c2,PUR_IED_CVillavicen_Intel_1ce5c2,,,,,
2026-09-12T02:26:03-05:00,PUR_IED_CVillavicen_Poliv_e0766c,PUR_IED_CVillavicen_Poliv_e0766c,,,,,
2026-09-12T02:26:03-05:00,PUR_IED_CVillavicen_int_1ba140,PUR_IED_CVillavicen_int_1ba140,,,,,
2026-09-12T02:26:03-05:00,PUR_IED_CVillavicen_intel_1ba140,PUR_IED_CVillavicen_intel_1ba140,,,,,
2026-09-12T02:26:03-05:00,PUR_IED_CarlosPizarro_Ext_e307cc,PUR_IED_CarlosPizarro_Ext_e307cc,,,,,
2026-09-12T02:26:03-05:00,PUR_IED_CarlosPizarro_L36_7e5cdb,PUR_IED_CarlosPizarro_L36_7e5cdb,,,,,
2026-09-12T02:26:03-05:00,PUR_IED_CarlosPizarro_L37_c8566c,PUR_IED_CarlosPizarro_L37_c8566c,,,,,
2026-09-12T02:26:03-05:00,PUR_IED_Castilla_Ext_cf35f,PUR_IED_Castilla_Ext_cf35f,,,,,
2026-09-12T02:26:03-05:00,PUR_IED_Castilla_SFisik_360e38,PUR_IED_Castilla_SFisik_360e38,,,,,
2026-09-12T02:26:03-05:00,PUR_IED_Castilla_Sc304_496fbf,PUR_IED_Castilla_Sc304_496fbf,,,,,
2026-09-12T02:26:03-05:00,PUR_IED_CervantesSa_Ext_6b57b,PUR_IED_CervantesSa_Ext_6b57b,4,17,67,4.5128,-74.117203
2026-09-12T02:26:03-05:00,PUR_IED_CervantesSa_S107_225c2b,PUR_IED_CervantesSa_S107_225c2b,,,,,
2026-09-12T02:26:03-05:00,PUR_IED_CervantesSa_S108_940925,PUR_IED_CervantesSa_S108_940925,,,,,
2026-09-12T02:26:03-05:00,PUR_IED_Charry_A20_f53e7c,PUR_IED_Charry_A20_f53e7c,,,,,
2026-09-12T02:26:03-05:00,PUR_IED_Charry_Ext_f1d5cd,PUR_IED_Charry_Ext_f1d5cd,,,,,
2026-09-12T02:26:03-05:00,PUR_IED_Charry_IntAula20_dc998d,PUR_IED_Charry_IntAula20_dc998d,,,,,
2026-09-12T02:26:03-05:00,PUR_IED_Charry_IntDanzas_7a08e6,PUR_IED_Charry_IntDanzas_7a08e6,,,,,
2026-09-12T02:26:03-05:00,PUR_IED_ClememciaC_203_43e2fc,PUR_IED_ClememciaC_203_43e2fc,,,,,
2026-09-12T02:26:03-05:00,PUR_IED_ClememciaC_Ext_1b411a,PUR_IED_ClememciaC_Ext_1b411a,,,,,
2026-09-12T02:26:03-05:00,PUR_IED_ClememciaC_Quimic_44b5fc,PUR_IED_ClememciaC_Quimic_44b5fc,,,,,
2026-09-12T02:26:03-05:00,PUR_IED_ClemenciaC_203_43e2fc,PUR_IED_ClemenciaC_203_43e2fc,,,,,
2026-09-12T02:26:03-05:00,PUR_IED_ClemenciaC_Ext_1b411a,PUR_IED_ClemenciaC_Ext_1b411a,,,,,
2026-09-12T02:26:03-05:00,PUR_IED_ClemenciaC_Quimic_44b5fc,PUR_IED_ClemenciaC_Quimic_44b5fc,,,,,
2026-09-12T02:26:03-05:00,PUR_IED_ColViva_1101_S25_7f520a,PUR_IED_ColViva_1101_S25_7f520a,,,,,
2026-09-12T02:26:03-05:00,PUR_IED_ColViva_1102_S16_f570ba,PUR_IED_ColViva_1102_S16_f570ba,,,,,
2026-09-12T02:26:03-05:00,PUR_IED_ColViva_Ext_1a26fa,PUR_IED_ColViva_Ext_1a26fa,,,,,
2026-09-12T02:26:03-05:00,PUR_IED_ColegioBici_Asist_7c8798,PUR_IED_ColegioBici_Asist_7c8798,,,,,
2026-09-12T02:26:03-05:00,PUR_IED_ColegioBici_Ext_25cbf6,PUR_IED_ColegioBici_Ext_25cbf6,,,,,
2026-09-12T02:26:03-05:00,PUR_IED_ColegioBici_LabQ_7b57db,PUR_IED_ColegioBici_LabQ_7b57db,,,,,
2026-09-12T02:26:03-05:00,PUR_IED_CostaRica_Ext_5e640,PUR_IED_CostaRica_Ext_5e640,,,,,
2026-09-12T02:26:03-05:00,PUR_IED_CostaRica_Quim1_766d1c,PUR_IED_CostaRica_Quim1_766d1c,,,,,
2026-09-12T02:26:03-05:00,PUR_IED_CostaRica__Fisica_6f0873,PUR_IED_CostaRica__Fisica_6f0873,,,,,
2026-09-12T02:26:03-05:00,PUR_IED_CulPopu_301A_f660f3,PUR_IED_CulPopu_301A_f660f3,,,,,
2026-09-12T02:26:03-05:00,PUR_IED_CulPopu_303_568afe,PUR_IED_CulPopu_303_568afe,,,,,
2026-09-12T02:26:03-05:00,PUR_IED_CulPopu_Ext_e02ccb,PUR_IED_CulPopu_Ext_e02ccb,,,,,
2026-09-12T02:26:03-05:00,PUR_IED_Cundinamarca_Ext_f15985,PUR_IED_Cundinamarca_Ext_f15985,,,,,
2026-09-12T02:26:03-05:00,PUR_IED_Cundinamarca_Info_7aa5d7,PUR_IED_Cundinamarca_Info_7aa5d7,,,,,
2026-09-12T02:26:03-05:00,PUR_IED_Cundinamarca_Tec2_f449c7,PUR_IED_Cundinamarca_Tec2_f449c7,,,,,
2026-09-12T02:26:03-05:00,PUR_IED_DiegoM_Aula1_27b314,PUR_IED_DiegoM_Aula1_27b314,,,,,
2026-09-12T02:26:03-05:00,PUR_IED_DiegoM_Ext_d80ac8,PUR_IED_DiegoM_Ext_d80ac8,,,,,
2026-09-12T02:26:03-05:00,PUR_IED_DiegoM_S25_da928f,PUR_IED_DiegoM_S25_da928f,,,,,
2026-09-12T02:26:03-05:00,PUR_IED_ELRODEO_360881,PUR_IED_ELRODEO_360881,,,,,
2026-09-12T02:26:03-05:00,PUR_IED_ELRODEO_ext_360881,PUR_IED_ELRODEO_ext_360881,,,,,
2026-09-12T02:26:03-05:00,PUR_IED_EduardoU_Ext_1c1969,PUR_IED_EduardoU_Ext_1c1969,,,,,
2026-09-12T02:26:03-05:00,PUR_IED_EduardoU_SCiencia_4dfb94,PUR_IED_EduardoU_SCiencia_4dfb94,,,,,
2026-09-12T02:26:03-05:00,PUR_IED_EduardoU_SQuimica_5a46e7,PUR_IED_EduardoU_SQuimica_5a46e7,,,,,
2026-09-12T02:26:03-05:00,PUR_IED_ElRodeo_Aula14_676984,PUR_IED_ElRodeo_Aula14_676984,,,,,
2026-09-12T02:26:03-05:00,PUR_IED_ElRodeo_Aula16_2dd35b,PUR_IED_ElRodeo_Aula16_2dd35b,,,,,
2026-09-12T02:26:03-05:00,PUR_IED_ElRodeo_Ext_360881,PUR_IED_ElRodeo_Ext_360881,,,,,
2026-09-12T02:26:03-05:00,PUR_IED_ElRodeo_Exterior_8c6d28,PUR_IED_ElRodeo_Exterior_8c6d28,,,,,
2026-09-12T02:26:03-05:00,PUR_IED_ElRodeo_ext_360881,PUR_IED_ElRodeo_ext_360881,,,,,
2026-09-12T02:26:03-05:00,PUR_IED_EmmaReyes_Ext_987625,PUR_IED_EmmaReyes_Ext_987625,13,21,53,4.6367,-74.1511
2026-09-12T02:26:03-05:00,PUR_IED_Ensueño_Ext_7f0250,PUR_IED_Ensueño_Ext_7f0250,,,,,
2026-09-12T02:26:03-05:00,PUR_IED_EscNormal_Ext_5fef3b,PUR_IED_EscNormal_Ext_5fef3b,3,18,62,4.5852,-74.096901
2026-09-12T02:26:03-05:00,PUR_IED_EscNormal_S309_5b263,PUR_IED_EscNormal_S309_5b263,,,,,
2026-09-12T02:26:03-05:00,PUR_IED_EscNormal_S310_27b3b8,PUR_IED_EscNormal_S310_27b3b8,,,,,
2026-09-12T02:26:03-05:00,PUR_IED_Evangelista_Conta_f6cd4f,PUR_IED_Evangelista_Conta_f6cd4f,,,,,
2026-09-12T02:26:03-05:00,PUR_IED_Evangelista_Cri_5e16a,PUR_IED_Evangelista_Cri_5e16a,,,,,
2026-09-12T02:26:03-05:00,PUR_IED_Evangelista_Exter_754066,PUR_IED_Evangelista_Exter_754066,,,,,
2026-09-12T02:26:03-05:00,PUR_IED_FMiranda_S209_5cc2a3,PUR_IED_FMiranda_S209_5cc2a3,,,,,
2026-09-12T02:26:03-05:00,PUR_IED_FMiranda_S303_19e344,PUR_IED_FMiranda_S303_19e344,,,,,
2026-09-12T02:26:03-05:00,PUR_IED_FMiranda_ext_f53e7c,PUR_IED_FMiranda_ext_f53e7c,,,,,
2026-09-12T02:26:03-05:00,PUR_IED_FabioLozano_Bibli_1cee05,PUR_IED_FabioLozano_Bibli_1cee05,,,,,
2026-09-12T02:26:03-05:00,PUR_IED_FabioLozano_Ext_6ea285,PUR_IED_FabioLozano_Ext_6ea285,,,,,
2026-09-12T02:26:03-05:00,PUR_IED_FabioLozano_SLudi_f09e1e,PUR_IED_FabioLozano_SLudi_f09e1e,,,,,
2026-09-12T02:26:03-05:00,PUR_IED_FaustinoS_Aula07_27a731,PUR_IED_FaustinoS_Aula07_27a731,,,,,
2026-09-12T02:26:03-05:00,PUR_IED_FaustinoS_Ext_7b936f,PUR_IED_FaustinoS_Ext_7b936f,,,,,
2026-09-12T02:26:03-05:00,PUR_IED_FaustinoS_Fisica_da2c60,PUR_IED_FaustinoS_Fisica_da2c60,,,,,
2026-09-12T02:26:03-05:00,PUR_IED_FeGarciaLo_Ext_dc68ee,PUR_IED_FeGarciaLo_Ext_dc68ee,,,,,
2026-09-12T02:26:03-05:00,PUR_IED_FeGarciaLo_SDanza_f70a59,PUR_IED_FeGarciaLo_SDanza_f70a59,,,,,
2026-09-12T02:26:03-05:00,PUR_IED_FeGarciaLo_SMusic_125cdd,PUR_IED_FeGarciaLo_SMusic_125cdd,,,,,
2026-09-12T02:26:03-05:00,PUR_IED_FederalAlema_Exte_50c345,PUR_IED_FederalAlema_Exte_50c345,,,,,
2026-09-12T02:26:03-05:00,PUR_IED_FederalAlema_S31_f18371,PUR_IED_FederalAlema_S31_f18371,,,,,
2026-09-12T02:26:03-05:00,PUR_IED_FederalAlema_S901_a62cd,PUR_IED_FederalAlema_S901_a62cd,,,,,
2026-09-12T02:26:03-05:00,PUR_IED_FilarmonicaS_A5_f35eb1,PUR_IED_FilarmonicaS_A5_f35eb1,,,,,
2026-09-12T02:26:03-05:00,PUR_IED_FilarmonicaS_Ext_8a3bde,PUR_IED_FilarmonicaS_Ext_8a3bde,,,,,
2026-09-12T02:26:03-05:00,PUR_IED_FilarmonicaS_Spol_406114,PUR_IED_FilarmonicaS_Spol_406114,,,,,
2026-09-12T02:26:03-05:00,PUR_IED_FlorentinoG_A13_d1fa59,PUR_IED_FlorentinoG_A13_d1fa59,,,,,
2026-09-12T02:26:03-05:00,PUR_IED_FlorentinoG_Ext_1ce6ce,PUR_IED_FlorentinoG_Ext_1ce6ce,,,,,
2026-09-12T02:26:03-05:00,PUR_IED_FlorentinoG_Idiom_a66aac,PUR_IED_FlorentinoG_Idiom_a66aac,,,,,
2026-09-12T02:26:03-05:00,PUR_IED_FranciscoMati_Ext_e3869d,PUR_IED_FranciscoMati_Ext_e3869d,,,,,
2026-09-12T02:26:03-05:00,PUR_IED_FranciscoMati_S13_f31c67,PUR_IED_FranciscoMati_S13_f31c67,,,,,
2026-09-12T02:26:03-05:00,PUR_IED_FranciscoMati_S14_97dead,PUR_IED_FranciscoMati_S14_97dead,,,,,
2026-09-12T02:26:03-05:00,PUR_IED_FranciscoPS_Ext_7bfa9a,PUR_IED_FranciscoPS_Ext_7bfa9a,2,20,58,4.5899,-74.110397
2026-09-12T02:26:03-05:00,PUR_IED_FranciscoPS_Infor_fb8f4c,PUR_IED_FranciscoPS_Infor_fb8f4c,,,,,
2026-09-12T02:26:03-05:00,PUR_IED_FranciscoPS_Quimi_94d39c,PUR_IED_FranciscoPS_Quimi_94d39c,,,,,
2026-09-12T02:26:03-05:00,PUR_IED_FranciscoP_LabQ_d7e148,PUR_IED_FranciscoP_LabQ_d7e148,,,,,
2026-09-12T02:26:03-05:00,PUR_IED_FranciscoP_S28_cf9b30,PUR_IED_FranciscoP_S28_cf9b30,,,,,
2026-09-12T02:26:03-05:00,PUR_IED_FranciscoP_ext_e2313,PUR_IED_FranciscoP_ext_e2313,,,,,
2026-09-12T02:26:03-05:00,PUR_IED_FriederichN_Ext_8ac92a,PUR_IED_FriederichN_Ext_8ac92a,,,,,
2026-09-12T02:26:03-05:00,PUR_IED_FriederichN_S301_dd7e5a,PUR_IED_FriederichN_S301_dd7e5a,,,,,
2026-09-12T02:26:03-05:00,PUR_IED_FriederichN_S308_761f4f,PUR_IED_FriederichN_S308_761f4f,,,,,
2026-09-12T02:26:03-05:00,PUR_IED_GSantander_Aula10_533dd7,PUR_IED_GSantander_Aula10_533dd7,,,,,
2026-09-12T02:26:03-05:00,PUR_IED_GSantander_Aula12_fd4e4f,PUR_IED_GSantander_Aula12_fd4e4f,,,,,
2026-09-12T02:26:03-05:00,PUR_IED_GSantander_Aula310_533dd7,PUR_IED_GSantander_Aula310_533dd7,,,,,
2026-09-12T02:26:03-05:00,PUR_IED_GSantander_Aula312_fd4e4f,PUR_IED_GSantander_Aula312_fd4e4f,,,,,
2026-09-12T02:26:03-05:00,PUR_IED_GSantander_Ext_5f66b0,PUR_IED_GSantander_Ext_5f66b0,,,,,
2026-09-12T02:26:03-05:00,PUR_IED_GYomasa_Ext_f6bea5,PUR_IED_GYomasa_Ext_f6bea5,,,,,
2026-09-12T02:26:03-05:00,PUR_IED_GYomasa_LBiol_2c41aa,PUR_IED_GYomasa_LBiol_2c41aa,,,,,
2026-09-12T02:26:03-05:00,PUR_IED_GYomasa_LQuim_33c80,PUR_IED_GYomasa_LQuim_33c80,,,,,
2026-09-12T02:26:03-05:00,PUR_IED_GabBetMejia_Cienc_5a99c,PUR_IED_GabBetMejia_Cienc_5a99c,,,,,
2026-09-12T02:26:03-05:00,PUR_IED_GabBetMejia_Ext_9153d0,PUR_IED_GabBetMejia_Ext_9153d0,,,,,
2026-09-12T02:26:03-05:00,PUR_IED_GabBetMejia_Lab_f55347,PUR_IED_GabBetMejia_Lab_f55347,,,,,
2026-09-12T02:26:03-05:00,PUR_IED_GabBetanMejia_Ext_9153d0,PUR_IED_GabBetanMejia_Ext_9153d0,,,,,
2026-09-12T02:26:03-05:00,PUR_IED_Gaitana_Aula13_7aac11,PUR_IED_Gaitana_Aula13_7aac11,,,,,
2026-09-12T02:26:03-05:00,PUR_IED_Gaitana_Ext_5fcf4,PUR_IED_Gaitana_Ext_5fcf4,,,,,
2026-09-12T02:26:03-05:00,PUR_IED_Gaitana_LabFisica_644448,PUR_IED_Gaitana_LabFisica_644448,,,,,
2026-09-12T02:26:03-05:00,PUR_IED_GenSantander_Dise_8ac858,PUR_IED_GenSantander_Dise_8ac858,,,,,
2026-09-12T02:26:03-05:00,PUR_IED_GenSantander_Ext_8d5dfe,PUR_IED_GenSantander_Ext_8d5dfe,,,,,
2026-09-12T02:26:03-05:00,PUR_IED_GenSantander_Info_6c25b,PUR_IED_GenSantander_Info_6c25b,,,,,
2026-09-12T02:26:03-05:00,PUR_IED_GustavoMo_Exterio_75e63d,PUR_IED_GustavoMo_Exterio_75e63d,,,,,
2026-09-12T02:26:03-05:00,PUR_IED_GustavoMo_LabFisi_224d37,PUR_IED_GustavoMo_LabFisi_224d37,,,,,
2026-09-12T02:26:03-05:00,PUR_IED_GustavoMo_S208_3e6918,PUR_IED_GustavoMo_S208_3e6918,,,,,
2026-09-12T02:26:03-05:00,PUR_IED_GustavoR_A02_8cd4a8,PUR_IED_GustavoR_A02_8cd4a8,,,,,
2026-09-12T02:26:03-05:00,PUR_IED_GustavoR_B11_5b0ed,PUR_IED_GustavoR_B11_5b0ed,,,,,
2026-09-12T02:26:03-05:00,PUR_IED_GustavoR_Ext_7a0c90,PUR_IED_GustavoR_Ext_7a0c90,,,,,
2026-09-12T02:26:03-05:00,PUR_IED_HernandoDuran_Ext_8cd82b,PUR_IED_HernandoDuran_Ext_8cd82b,,,,,
2026-09-12T02:26:03-05:00,PUR_IED_HernandoDuran_S24_2772c6,PUR_IED_HernandoDuran_S24_2772c6,,,,,
2026-09-12T02:26:03-05:00,PUR_IED_HernandoDuran_S30_f2de41,PUR_IED_HernandoDuran_S30_f2de41,,,,,
2026-09-12T02:26:03-05:00,PUR_IED_HolguInUr_S1101_8cd732,PUR_IED_HolguInUr_S1101_8cd732,,,,,
2026-09-12T02:26:03-05:00,PUR_IED_HolguinUr_Exter_ddae6d,PUR_IED_HolguinUr_Exter_ddae6d,,,,,
2026-09-12T02:26:03-05:00,PUR_IED_HolguinUr_LabQuim_92b952,PUR_IED_HolguinUr_LabQuim_92b952,,,,,
2026-09-12T02:26:03-05:00,PUR_IED_Isabel-II_Ext_5245cc,PUR_IED_Isabel-II_Ext_5245cc,12,18,60,4.6336,-74.153
2026-09-12T02:26:03-05:00,PUR_IED_Isabel-II_S_idiom_1c29aa,PUR_IED_Isabel-II_S_idiom_1c29aa,,,,,
2026-09-12T02:26:03-05:00,PUR_IED_Isabel-II_S_infor_fd741,PUR_IED_Isabel-II_S_infor_fd741,,,,,
2026-09-12T02:26:03-05:00,PUR_IED_IsidroSur_Exterio_5b90ea,PUR_IED_IsidroSur_Exterio_5b90ea,,,,,
2026-09-12T02:26:03-05:00,PUR_IED_IsidroSur_LabTec_56697a,PUR_IED_IsidroSur_LabTec_56697a,,,,,
2026-09-12T02:26:03-05:00,PUR_IED_IsidroSur_Robotic_b7c38f,PUR_IED_IsidroSur_Robotic_b7c38f,,,,,
2026-09-12T02:26:03-05:00,PUR_IED_IsmaelPerd_Ext_7b6672,PUR_IED_IsmaelPerd_Ext_7b6672,,,,,
2026-09-12T02:26:03-05:00,PUR_IED_IsmaelPerd_Inform_306540,PUR_IED_IsmaelPerd_Inform_306540,,,,,
2026-09-12T02:26:03-05:00,PUR_IED_IsmaelPerd_S30_2e2c83,PUR_IED_IsmaelPerd_S30_2e2c83,,,,,
2026-09-12T02:26:03-05:00,PUR_IED_JLozano_Exter_432910,PUR_IED_JLozano_Exter_432910,,,,,
2026-09-12T02:26:03-05:00,PUR_IED_JLozano_salaMulti_df5125,PUR_IED_JLozano_salaMulti_df5125,,,,,
2026-09-12T02:26:03-05:00,PUR_IED_JMCordoba_206_86f80b,PUR_IED_JMCordoba_206_86f80b,,,,,
2026-09-12T02:26:03-05:00,PUR_IED_JMCordoba_Ext_27ad97,PUR_IED_JMCordoba_Ext_27ad97,,,,,
2026-09-12T02:26:03-05:00,PUR_IED_JMCordoba_S310_d59ab4,PUR_IED_JMCordoba_S310_d59ab4,,,,,
2026-09-12T02:26:03-05:00,PUR_IED_Japon_Ext_549100,PUR_IED_Japon_Ext_549100,,,,,
2026-09-12T02:26:03-05:00,PUR_IED_Japon_Laboratorio_bec51d,PUR_IED_Japon_Laboratorio_bec51d,,,,,
2026-09-12T02:26:03-05:00,PUR_IED_Japon_informatica_d99327,PUR_IED_Japon_informatica_d99327,,,,,
2026-09-12T02:26:03-05:00,PUR_IED_Jazmin_Ext_d27bda,PUR_IED_Jazmin_Ext_d27bda,,,,,
2026-09-12T02:26:03-05:00,PUR_IED_Jazmin_Fisica_8d14d7,PUR_IED_Jazmin_Fisica_8d14d7,,,,,
2026-09-12T02:26:03-05:00,PUR_IED_Jazmin_Quimica_801cb5,PUR_IED_Jazmin_Quimica_801cb5,,,,,
2026-09-12T02:26:03-05:00,PUR_IED_JorgeGaitan_Exter_f098d1,PUR_IED_JorgeGaitan_Exter_f098d1,,,,,
2026-09-12T02:26:03-05:00,PUR_IED_JorgeGaitan_STec1_dc9d1d,PUR_IED_JorgeGaitan_STec1_dc9d1d,,,,,
2026-09-12T02:26:03-05:00,PUR_IED_JorgeGaitan_STec2_281e69,PUR_IED_JorgeGaitan_STec2_281e69,,,,,
2026-09-12T02:26:03-05:00,PUR_IED_JorgeSoto_Exterio_d9d0a2,PUR_IED_JorgeSoto_Exterio_d9d0a2,,,,,
2026-09-12T02:26:03-05:00,PUR_IED_JorgeSoto_LabFisi_209c54,PUR_IED_JorgeSoto_LabFisi_209c54,,,,,
2026-09-12T02:26:03-05:00,PUR_IED_JorgeSoto_S103_27b51a,PUR_IED_JorgeSoto_S103_27b51a,,,,,
2026-09-12T02:26:03-05:00,PUR_IED_JoseAcevedo_A02_e965eb,PUR_IED_JoseAcevedo_A02_e965eb,,,,,
2026-09-12T02:26:03-05:00,PUR_IED_JoseAcevedo_A07_dd5b4,PUR_IED_JoseAcevedo_A07_dd5b4,,,,,
2026-09-12T02:26:03-05:00,PUR_IED_JoseAcevedo_Ext_b47484,PUR_IED_JoseAcevedo_Ext_b47484,,,,,
2026-09-12T02:26:03-05:00,PUR_IED_JoseMarti_Exte_5b9bf,PUR_IED_JoseMarti_Exte_5b9bf,,,,,
2026-09-12T02:26:03-05:00,PUR_IED_JoseMarti_LabQuim_1c6c2d,PUR_IED_JoseMarti_LabQuim_1c6c2d,,,,,
2026-09-12T02:26:03-05:00,PUR_IED_JoseMarti_S_info_f5f177,PUR_IED_JoseMarti_S_info_f5f177,,,,,
2026-09-12T02:26:03-05:00,PUR_IED_Josejoaquin_Ext_dfc5dc,PUR_IED_Josejoaquin_Ext_dfc5dc,,,,,
2026-09-12T02:26:03-05:00,PUR_IED_Josejoaquin_S05_5b2a96,PUR_IED_Josejoaquin_S05_5b2a96,,,,,
2026-09-12T02:26:03-05:00,PUR_IED_Josejoaquin_S06_1ce7d2,PUR_IED_Josejoaquin_S06_1ce7d2,,,,,
2026-09-12T02:26:03-05:00,PUR_IED_JulioFlorez_Danza_9b82dd,PUR_IED_JulioFlorez_Danza_9b82dd,,,,,
2026-09-12T02:26:03-05:00,PUR_IED_JulioFlorez_Exter_f9f314,PUR_IED_JulioFlorez_Exter_f9f314,,,,,
2026-09-12T02:26:03-05:00,PUR_IED_JulioFlorez_info2_6b6e08,PUR_IED_JulioFlorez_info2_6b6e08,,,,,
2026-09-12T02:26:03-05:00,PUR_IED_LaBelleza_Aula13_1d00d8,PUR_IED_LaBelleza_Aula13_1d00d8,,,,,
2026-09-12T02:26:03-05:00,PUR_IED_LaBelleza_Ext_7bc08c,PUR_IED_LaBelleza_Ext_7bc08c,,,,,
2026-09-12T02:26:03-05:00,PUR_IED_LaChucua_Ext_8cd6d2,PUR_IED_LaChucua_Ext_8cd6d2,,,,,
2026-09-12T02:26:03-05:00,PUR_IED_LaChucua_S15_f578ce,PUR_IED_LaChucua_S15_f578ce,,,,,
2026-09-12T02:26:03-05:00,PUR_IED_LaChucua_S16_eebcf9,PUR_IED_LaChucua_S16_eebcf9,,,,,
2026-09-12T02:26:03-05:00,PUR_IED_LaFelicidad_Ext_fb5109,PUR_IED_LaFelicidad_Ext_fb5109,,,,,
2026-09-12T02:26:03-05:00,PUR_IED_LaMerced_206_66ebd,PUR_IED_LaMerced_206_66ebd,,,,,
2026-09-12T02:26:03-05:00,PUR_IED_LaMerced_207_6ebd6,PUR_IED_LaMerced_207_6ebd6,,,,,
2026-09-12T02:26:03-05:00,PUR_IED_LaMerced_ext_304311,PUR_IED_LaMerced_ext_304311,,,,,
2026-09-12T02:26:03-05:00,PUR_IED_Laureano_CiencNat_281e5e,PUR_IED_Laureano_CiencNat_281e5e,,,,,
2026-09-12T02:26:03-05:00,PUR_IED_Laureano_Comedor_f65c0a,PUR_IED_Laureano_Comedor_f65c0a,,,,,
2026-09-12T02:26:03-05:00,PUR_IED_Laureano_Exterior_7ab011,PUR_IED_Laureano_Exterior_7ab011,,,,,
2026-09-12T02:26:03-05:00,PUR_IED_LeonGreiff_Exte_dfe560,PUR_IED_LeonGreiff_Exte_dfe560,,,,,
2026-09-12T02:26:03-05:00,PUR_IED_LeonGreiff_S210_f264ed,PUR_IED_LeonGreiff_S210_f264ed,,,,,
2026-09-12T02:26:03-05:00,PUR_IED_LeonGreiff_SQuimi_e8296f,PUR_IED_LeonGreiff_SQuimi_e8296f,,,,,
2026-09-12T02:26:03-05:00,PUR_IED_LlanoOrientalS208_7b9fcd,PUR_IED_LlanoOrientalS208_7b9fcd,,,,,
2026-09-12T02:26:03-05:00,PUR_IED_LlanoOriental_Ext_fb3766,PUR_IED_LlanoOriental_Ext_fb3766,,,,,
2026-09-12T02:26:03-05:00,PUR_IED_LlanoOriental_S208_7b9fcd,PUR_IED_LlanoOriental_S208_7b9fcd,,,,,
2026-09-12T02:26:03-05:00,PUR_IED_LlanoOriental_S9_27b378,PUR_IED_LlanoOriental_S9_27b378,,,,,
2026-09-12T02:26:03-05:00,PUR_IED_LosTejares_1101_477602,PUR_IED_LosTejares_1101_477602,,,,,
2026-09-12T02:26:03-05:00,PUR_IED_LosTejares_11_d2c595,PUR_IED_LosTejares_11_d2c595,,,,,
2026-09-12T02:26:03-05:00,PUR_IED_LosTejares_12_477602,PUR_IED_LosTejares_12_477602,,,,,
2026-09-12T02:26:03-05:00,PUR_IED_LosTejares_Ext_8e2115,PUR_IED_LosTejares_Ext_8e2115,,,,,
2026-09-12T02:26:03-05:00,PUR_IED_MagdalenaO_B202_5ddda3,PUR_IED_MagdalenaO_B202_5ddda3,,,,,
2026-09-12T02:26:03-05:00,PUR_IED_MagdalenaO_B205_fb76e8,PUR_IED_MagdalenaO_B205_fb76e8,,,,,
2026-09-12T02:26:03-05:00,PUR_IED_MagdalenaO_ext_dc69cd,PUR_IED_MagdalenaO_ext_dc69cd,,,,,
2026-09-12T02:26:03-05:00,PUR_IED_ManueCepeda_artes_eee956,PUR_IED_ManueCepeda_artes_eee956,,,,,
2026-09-12T02:26:03-05:00,PUR_IED_ManuelCepeda_Ext_58313,PUR_IED_ManuelCepeda_Ext_58313,,,,,
2026-09-12T02:26:03-05:00,PUR_IED_ManuelCepeda_tec_1c5731,PUR_IED_ManuelCepeda_tec_1c5731,,,,,
2026-09-12T02:26:03-05:00,PUR_IED_ManuelS_Exterior_5b269,PUR_IED_ManuelS_Exterior_5b269,,,,,
2026-09-12T02:26:03-05:00,PUR_IED_ManuelS_Inform_f369ce,PUR_IED_ManuelS_Inform_f369ce,,,,,
2026-09-12T02:26:03-05:00,PUR_IED_ManuelS_SArtes_7d15f1,PUR_IED_ManuelS_SArtes_7d15f1,,,,,
2026-09-12T02:26:03-05:00,PUR_IED_ManuelZapata_303_3ca6,PUR_IED_ManuelZapata_303_3ca6,,,,,
2026-09-12T02:26:03-05:00,PUR_IED_ManuelZapata_311_bfbabc,PUR_IED_ManuelZapata_311_bfbabc,,,,,
2026-09-12T02:26:03-05:00,PUR_IED_ManuelZapata_Ext_50824a,PUR_IED_ManuelZapata_Ext_50824a,,,,,
2026-09-12T02:26:03-05:00,PUR_IED_ManuelitaS_Exteri_656a92,PUR_IED_ManuelitaS_Exteri_656a92,,,,,
2026-09-12T02:26:03-05:00,PUR_IED_ManuelitaS_JuzgDe_f58ec3,PUR_IED_ManuelitaS_JuzgDe_f58ec3,,,,,
2026-09-12T02:26:03-05:00,PUR_IED_ManuelitaS_Recrea_d793db,PUR_IED_ManuelitaS_Recrea_d793db,,,,,
2026-09-12T02:26:03-05:00,PUR_IED_MarFidSuarez_Ext_c27b19,PUR_IED_MarFidSuarez_Ext_c27b19,,,,,
2026-09-12T02:26:03-05:00,PUR_IED_MarFidSuarez_Info_e384d7,PUR_IED_MarFidSuarez_Info_e384d7,,,,,
2026-09-12T02:26:03-05:00,PUR_IED_MarFidSuarez_S306_1d0032,PUR_IED_MarFidSuarez_S306_1d0032,,,,,
2026-09-12T02:26:03-05:00,PUR_IED_Menorah_301_2a25a3,PUR_IED_Menorah_301_2a25a3,,,,,
2026-09-12T02:26:03-05:00,PUR_IED_Menorah_306_37ed3,PUR_IED_Menorah_306_37ed3,,,,,
2026-09-12T02:26:03-05:00,PUR_IED_Menorah_Ext_3e155b,PUR_IED_Menorah_Ext_3e155b,,,,,
2026-09-12T02:26:03-05:00,PUR_IED_MinutoB.Aires_A11_1b1604,PUR_IED_MinutoB.Aires_A11_1b1604,,,,,
2026-09-12T02:26:03-05:00,PUR_IED_MinutoB.Aires_A12_fb5860,PUR_IED_MinutoB.Aires_A12_fb5860,,,,,
2026-09-12T02:26:03-05:00,PUR_IED_MinutoB.Aires_Ext_81293f,PUR_IED_MinutoB.Aires_Ext_81293f,,,,,
2026-09-12T02:26:03-05:00,PUR_IED_MinutoBAires_A11_1b1604,PUR_IED_MinutoBAires_A11_1b1604,,,,,
2026-09-12T02:26:03-05:00,PUR_IED_MinutoBAires_A12_fb5860,PUR_IED_MinutoBAires_A12_fb5860,,,,,
2026-09-12T02:26:03-05:00,PUR_IED_MinutoBAires_Ext_81293f,PUR_IED_MinutoBAires_Ext_81293f,,,,,
2026-09-12T02:26:03-05:00,PUR_IED_Montreal_Aula10_1e4959,PUR_IED_Montreal_Aula10_1e4959,,,,,
2026-09-12T02:26:03-05:00,PUR_IED_Montreal_Aula6_300367,PUR_IED_Montreal_Aula6_300367,,,,,
2026-09-12T02:26:03-05:00,PUR_IED_Montreal_Exterior_91a179,PUR_IED_Montreal_Exterior_91a179,,,,,
2026-09-12T02:26:03-05:00,PUR_IED_Mqgdalena_B202_5ddda3,PUR_IED_Mqgdalena_B202_5ddda3,,,,,
2026-09-12T02:26:03-05:00,PUR_IED_NACUND_Soc_dc8728,PUR_IED_NACUND_Soc_dc8728,,,,,
2026-09-12T02:26:03-05:00,PUR_IED_NACUND_ext_27ad97,PUR_IED_NACUND_ext_27ad97,,,,,
2026-09-12T02:26:03-05:00,PUR_IED_NEsperanza_Ext_d24b61,PUR_IED_NEsperanza_Ext_d24b61,,,,,
2026-09-12T02:26:03-05:00,PUR_IED_NEsperanza_SElect_7d1807,PUR_IED_NEsperanza_SElect_7d1807,,,,,
2026-09-12T02:26:03-05:00,PUR_IED_NEsperanza_SLabor_8b2d0a,PUR_IED_NEsperanza_SLabor_8b2d0a,,,,,
2026-09-12T02:26:03-05:00,PUR_IED_NacionesU_Ext_f661a9,PUR_IED_NacionesU_Ext_f661a9,,,,,
2026-09-12T02:26:03-05:00,PUR_IED_NacionesU_Quimica_66f0a,PUR_IED_NacionesU_Quimica_66f0a,,,,,
2026-09-12T02:26:03-05:00,PUR_IED_NacionesU_S306_1b4b3d,PUR_IED_NacionesU_S306_1b4b3d,,,,,
2026-09-12T02:26:03-05:00,PUR_IED_NestorFA_Ext_e4201c,PUR_IED_NestorFA_Ext_e4201c,,,,,
2026-09-12T02:26:03-05:00,PUR_IED_NestorFA_Laborato_f22fe0,PUR_IED_NestorFA_Laborato_f22fe0,,,,,
2026-09-12T02:26:03-05:00,PUR_IED_NestorFA_S204_dee996,PUR_IED_NestorFA_S204_dee996,,,,,
2026-09-12T02:26:03-05:00,PUR_IED_NidyaQT_Aula03_76999b,PUR_IED_NidyaQT_Aula03_76999b,,,,,
2026-09-12T02:26:03-05:00,PUR_IED_NidyaQT_Aula10_56325,PUR_IED_NidyaQT_Aula10_56325,,,,,
2026-09-12T02:26:03-05:00,PUR_IED_NidyaQT_Ext_46e32d,PUR_IED_NidyaQT_Ext_46e32d,,,,,
2026-09-12T02:26:03-05:00,PUR_IED_NuevaCol_Exterior_d9b859,PUR_IED_NuevaCol_Exterior_d9b859,,,,,
2026-09-12T02:26:03-05:00,PUR_IED_NuevaCol_S1101_76c43b,PUR_IED_NuevaCol_S1101_76c43b,,,,,
2026-09-12T02:26:03-05:00,PUR_IED_NuevaCol_S1102_1ce0b5,PUR_IED_NuevaCol_S1102_1ce0b5,,,,,
2026-09-12T02:26:03-05:00,PUR_IED_OEA_A202_f7e3f2,PUR_IED_OEA_A202_f7e3f2,,,,,
2026-09-12T02:26:03-05:00,PUR_IED_OEA_A203_7d1b8d,PUR_IED_OEA_A203_7d1b8d,,,,,
2026-09-12T02:26:03-05:00,PUR_IED_OEA_Ext_27b593,PUR_IED_OEA_Ext_27b593,,,,,
2026-09-12T02:26:03-05:00,PUR_IED_Ochoa_Ext_1c29da,PUR_IED_Ochoa_Ext_1c29da,,,,,
2026-09-12T02:26:03-05:00,PUR_IED_Ochoa_S205_8b1121,PUR_IED_Ochoa_S205_8b1121,,,,,
2026-09-12T02:26:03-05:00,PUR_IED_Ochoa_Sistemas_f33af6,PUR_IED_Ochoa_Sistemas_f33af6,,,,,
2026-09-12T02:26:03-05:00,PUR_IED_PQuebec_Ext_1c67c7,PUR_IED_PQuebec_Ext_1c67c7,,,,,
2026-09-12T02:26:03-05:00,PUR_IED_PQuebec_S15_23e8e2,PUR_IED_PQuebec_S15_23e8e2,,,,,
2026-09-12T02:26:03-05:00,PUR_IED_PQuebec_S16_8ec76b,PUR_IED_PQuebec_S16_8ec76b,,,,,
2026-09-12T02:26:03-05:00,PUR_IED_PabloN_Ext_49dc96,PUR_IED_PabloN_Ext_49dc96,,,,,
2026-09-12T02:26:03-05:00,PUR_IED_PabloN_S1102_4e3df5,PUR_IED_PabloN_S1102_4e3df5,,,,,
2026-09-12T02:26:03-05:00,PUR_IED_PabloN_S1103_50c94b,PUR_IED_PabloN_S1103_50c94b,,,,,
2026-09-12T02:26:03-05:00,PUR_IED_Palestina_S1101_db9198,PUR_IED_Palestina_S1101_db9198,,,,,
2026-09-12T02:26:03-05:00,PUR_IED_Palestina_S1102_dc54fa,PUR_IED_Palestina_S1102_dc54fa,,,,,
2026-09-12T02:26:03-05:00,PUR_IED_Palestina_ext_4ccce6,PUR_IED_Palestina_ext_4ccce6,,,,,
2026-09-12T02:26:03-05:00,PUR_IED_Panama_Fisica_4d0794,PUR_IED_Panama_Fisica_4d0794,,,,,
2026-09-12T02:26:03-05:00,PUR_IED_Panama_SIngles_a4077e,PUR_IED_Panama_SIngles_a4077e,,,,,
2026-09-12T02:26:03-05:00,PUR_IED_Panama_ext_4c54b4,PUR_IED_Panama_ext_4c54b4,,,,,
2026-09-12T02:26:03-05:00,PUR_IED_ParaisoM_Exterior_8cd7f0,PUR_IED_ParaisoM_Exterior_8cd7f0,,,,,
2026-09-12T02:26:03-05:00,PUR_IED_ParaisoM_Laborato_27af35,PUR_IED_ParaisoM_Laborato_27af35,,,,,
2026-09-12T02:26:03-05:00,PUR_IED_ParaisoM_S304_d1edca,PUR_IED_ParaisoM_S304_d1edca,,,,,
2026-09-12T02:26:03-05:00,PUR_IED_PorfirioBarba_Ext_301466,PUR_IED_PorfirioBarba_Ext_301466,,,,,
2026-09-12T02:26:03-05:00,PUR_IED_PorfirioBarba_S11_df6cd2,PUR_IED_PorfirioBarba_S11_df6cd2,,,,,
2026-09-12T02:26:03-05:00,PUR_IED_PorfirioBarba_S29_27a7d6,PUR_IED_PorfirioBarba_S29_27a7d6,,,,,
2026-09-12T02:26:03-05:00,PUR_IED_PradoV_Exter_8b27ad,PUR_IED_PradoV_Exter_8b27ad,,,,,
2026-09-12T02:26:03-05:00,PUR_IED_PradoV_S301_de65b5,PUR_IED_PradoV_S301_de65b5,,,,,
2026-09-12T02:26:03-05:00,PUR_IED_PradoV_S302_7d2593,PUR_IED_PradoV_S302_7d2593,,,,,
2026-09-12T02:26:03-05:00,PUR_IED_QuirogaAlz_Ext_1ddc82,PUR_IED_QuirogaAlz_Ext_1ddc82,,,,,
2026-09-12T02:26:03-05:00,PUR_IED_QuirogaAlz_S302_9926a3,PUR_IED_QuirogaAlz_S302_9926a3,,,,,
2026-09-12T02:26:03-05:00,PUR_IED_QuirogaAlz_S305_cdf1f1,PUR_IED_QuirogaAlz_S305_cdf1f1,,,,,
2026-09-12T02:26:03-05:00,PUR_IED_RGuatemala_Biling_dc53b7,PUR_IED_RGuatemala_Biling_dc53b7,,,,,
2026-09-12T02:26:03-05:00,PUR_IED_RGuatemala_Ext_1b89a3,PUR_IED_RGuatemala_Ext_1b89a3,,,,,
2026-09-12T02:26:03-05:00,PUR_IED_RGuatemala_Tecnol_281a34,PUR_IED_RGuatemala_Tecnol_281a34,,,,,
2026-09-12T02:26:03-05:00,PUR_IED_RafaNu_Ext_f7c302,PUR_IED_RafaNu_Ext_f7c302,,,,,
2026-09-12T02:26:03-05:00,PUR_IED_RafaNu_S1101_25fde,PUR_IED_RafaNu_S1101_25fde,,,,,
2026-09-12T02:26:03-05:00,PUR_IED_RafaNu_S1102_281517,PUR_IED_RafaNu_S1102_281517,,,,,
2026-09-12T02:26:03-05:00,PUR_IED_RafaelB_S305_ee2783,PUR_IED_RafaelB_S305_ee2783,,,,,
2026-09-12T02:26:03-05:00,PUR_IED_RafaelB_S306_75fe33,PUR_IED_RafaelB_S306_75fe33,,,,,
2026-09-12T02:26:03-05:00,PUR_IED_RafaelB_ext_283336,PUR_IED_RafaelB_ext_283336,3,18,61,4.6722,-74.0737
2026-09-12T02:26:03-05:00,PUR_IED_RafaelUU_Exterior_281a51,PUR_IED_RafaelUU_Exterior_281a51,,,,,
2026-09-12T02:26:03-05:00,PUR_IED_RafaelUU_Human_806b2,PUR_IED_RafaelUU_Human_806b2,,,,,
2026-09-12T02:26:03-05:00,PUR_IED_RafaelUU_Mate2_5680d4,PUR_IED_RafaelUU_Mate2_5680d4,,,,,
2026-09-12T02:26:03-05:00,PUR_IED_RamonSub_Ext_f9eeb9,PUR_IED_RamonSub_Ext_f9eeb9,,,,,
2026-09-12T02:26:03-05:00,PUR_IED_RamonSub_Media_d1f62f,PUR_IED_RamonSub_Media_d1f62f,,,,,
2026-09-12T02:26:03-05:00,PUR_IED_RamonSub_planta_51b82,PUR_IED_RamonSub_planta_51b82,,,,,
2026-09-12T02:26:03-05:00,PUR_IED_RepBoliVene_Exter_27af7c,PUR_IED_RepBoliVene_Exter_27af7c,,,,,
2026-09-12T02:26:03-05:00,PUR_IED_RepBoliVene_SCPT_5ae2ee,PUR_IED_RepBoliVene_SCPT_5ae2ee,,,,,
2026-09-12T02:26:03-05:00,PUR_IED_RepBoliVene_Socia_4b11d5,PUR_IED_RepBoliVene_Socia_4b11d5,,,,,
2026-09-12T02:26:03-05:00,PUR_IED_RepChina_Ext_76d9ee,PUR_IED_RepChina_Ext_76d9ee,,,,,
2026-09-12T02:26:03-05:00,PUR_IED_RepChina_S404_7c804c,PUR_IED_RepChina_S404_7c804c,,,,,
2026-09-12T02:26:03-05:00,PUR_IED_RepChina_S405_df2c33,PUR_IED_RepChina_S405_df2c33,,,,,
2026-09-12T02:26:03-05:00,PUR_IED_RepublicaC_Exteri_7d1ec9,PUR_IED_RepublicaC_Exteri_7d1ec9,,,,,
2026-09-12T02:26:03-05:00,PUR_IED_RepublicaC_S1101_f544b3,PUR_IED_RepublicaC_S1101_f544b3,,,,,
2026-09-12T02:26:03-05:00,PUR_IED_RepublicaC_S1102_7aafc7,PUR_IED_RepublicaC_S1102_7aafc7,,,,,
2026-09-12T02:26:03-05:00,PUR_IED_Ricaurte_Externo_a0ea1,PUR_IED_Ricaurte_Externo_a0ea1,,,,,
2026-09-12T02:26:03-05:00,PUR_IED_Ricaurte_S210_f546fd,PUR_IED_Ricaurte_S210_f546fd,,,,,
2026-09-12T02:26:03-05:00,PUR_IED_Ricaurte_S309_d4452,PUR_IED_Ricaurte_S309_d4452,,,,,
2026-09-12T02:26:03-05:00,PUR_IED_RogelioS_1102_531e69,PUR_IED_RogelioS_1102_531e69,,,,,
2026-09-12T02:26:03-05:00,PUR_IED_RogelioS_Ext_f25a18,PUR_IED_RogelioS_Ext_f25a18,,,,,
2026-09-12T02:26:03-05:00,PUR_IED_SBernardino_Ext_27aff8,PUR_IED_SBernardino_Ext_27aff8,,,,,
2026-09-12T02:26:03-05:00,PUR_IED_SBernardino_SArte_2ffd33,PUR_IED_SBernardino_SArte_2ffd33,,,,,
2026-09-12T02:26:03-05:00,PUR_IED_SBernardino_SIngl_7c7da5,PUR_IED_SBernardino_SIngl_7c7da5,,,,,
2026-09-12T02:26:03-05:00,PUR_IED_Sago_auditorio_dc9d1d,PUR_IED_Sago_auditorio_dc9d1d,,,,,
2026-09-12T02:26:03-05:00,PUR_IED_Saludcoop_Ext_95aac3,PUR_IED_Saludcoop_Ext_95aac3,,,,,
2026-09-12T02:26:03-05:00,PUR_IED_Saludcoop_InfI_90c854,PUR_IED_Saludcoop_InfI_90c854,,,,,
2026-09-12T02:26:03-05:00,PUR_IED_Saludcoop_SMedia_1b93be,PUR_IED_Saludcoop_SMedia_1b93be,,,,,
2026-09-12T02:26:03-05:00,PUR_IED_SanCarlos_1101_1a2360,PUR_IED_SanCarlos_1101_1a2360,,,,,
2026-09-12T02:26:03-05:00,PUR_IED_SanCarlos_1103_7bafb5,PUR_IED_SanCarlos_1103_7bafb5,,,,,
2026-09-12T02:26:03-05:00,PUR_IED_SanCarlos_Ext_b7cd1,PUR_IED_SanCarlos_Ext_b7cd1,,,,,
2026-09-12T02:26:03-05:00,PUR_IED_SanIgnacioBosa11a_50c26e,PUR_IED_SanIgnacioBosa11a_50c26e,,,,,
2026-09-12T02:26:03-05:00,PUR_IED_SanIgnacioBosa11b_371de8,PUR_IED_SanIgnacioBosa11b_371de8,,,,,
2026-09-12T02:26:03-05:00,PUR_IED_SanIgnacioBosaExt_ef0ffc,PUR_IED_SanIgnacioBosaExt_ef0ffc,,,,,
2026-09-12T02:26:03-05:00,PUR_IED_SanIgnacioBosa_11a_50c26e,PUR_IED_SanIgnacioBosa_11a_50c26e,,,,,
2026-09-12T02:26:03-05:00,PUR_IED_SanIgnacioBosa_Ext_ef0ffc,PUR_IED_SanIgnacioBosa_Ext_ef0ffc,,,,,
2026-09-12T02:26:03-05:00,PUR_IED_SanJoseN_intS1101_31c47f,PUR_IED_SanJoseN_intS1101_31c47f,,,,,
2026-09-12T02:26:03-05:00,PUR_IED_SanJoseUsm_Exter_f5d7e8,PUR_IED_SanJoseUsm_Exter_f5d7e8,,,,,
2026-09-12T02:26:03-05:00,PUR_IED_SanJoseUsm_Int11A_cfdef6,PUR_IED_SanJoseUsm_Int11A_cfdef6,,,,,
2026-09-12T02:26:03-05:00,PUR_IED_SilveriaR_IntB5_905349,PUR_IED_SilveriaR_IntB5_905349,,,,,
2026-09-12T02:26:03-05:00,PUR_IED_SilveriaR_IntSD14_981f93,PUR_IED_SilveriaR_IntSD14_981f93,,,,,
2026-09-12T02:26:03-05:00,PUR_IED_SilveriaR_ext_2b651d,PUR_IED_SilveriaR_ext_2b651d,,,,,
2026-09-12T02:26:03-05:00,PUR_IED_SimonB_Exterior_913975,PUR_IED_SimonB_Exterior_913975,,,,,
2026-09-12T02:26:03-05:00,PUR_IED_SimonB_LabQuimi_c56908,PUR_IED_SimonB_LabQuimi_c56908,,,,,
2026-09-12T02:26:03-05:00,PUR_IED_SimonB_informatic_a28c1,PUR_IED_SimonB_informatic_a28c1,,,,,
2026-09-12T02:26:03-05:00,PUR_IED_Sorrento_1102_315f50,PUR_IED_Sorrento_1102_315f50,,,,,
2026-09-12T02:26:03-05:00,PUR_IED_Sorrento_Minte_214eab,PUR_IED_Sorrento_Minte_214eab,,,,,
2026-09-12T02:26:03-05:00,PUR_IED_Sorrento_ext_7c3a0a,PUR_IED_Sorrento_ext_7c3a0a,,,,,
2026-09-12T02:26:03-05:00,PUR_IED_Tabora_Ext_f048ae,PUR_IED_Tabora_Ext_f048ae,,,,,
2026-09-12T02:26:03-05:00,PUR_IED_Tabora_S1102_b07752,PUR_IED_Tabora_S1102_b07752,,,,,
2026-09-12T02:26:03-05:00,PUR_IED_Tabora_S1103_d988f5,PUR_IED_Tabora_S1103_d988f5,,,,,
2026-09-12T02:26:03-05:00,PUR_IED_Tenerife_Ext_1ab188,PUR_IED_Tenerife_Ext_1ab188,,,,,
2026-09-12T02:26:03-05:00,PUR_IED_Tenerife_SDanzas_7bc02e,PUR_IED_Tenerife_SDanzas_7bc02e,,,,,
2026-09-12T02:26:03-05:00,PUR_IED_Tenerife_SIngles_7cc277,PUR_IED_Tenerife_SIngles_7cc277,,,,,
2026-09-12T02:26:03-05:00,PUR_IED_Tibabuyes_Exter_f2683d,PUR_IED_Tibabuyes_Exter_f2683d,,,,,
2026-09-12T02:26:03-05:00,PUR_IED_Tibabuyes_S10_dc87a8,PUR_IED_Tibabuyes_S10_dc87a8,,,,,
2026-09-12T02:26:03-05:00,PUR_IED_Tibabuyes_S15_dc0526,PUR_IED_Tibabuyes_S15_dc0526,,,,,
2026-09-12T02:26:03-05:00,PUR_IED_UnionE_S301_a1043,PUR_IED_UnionE_S301_a1043,,,,,
2026-09-12T02:26:03-05:00,PUR_IED_UnionE_S307_ff6c2f,PUR_IED_UnionE_S307_ff6c2f,,,,,
2026-09-12T02:26:03-05:00,PUR_IED_UnionE__Ext_5e2468,PUR_IED_UnionE__Ext_5e2468,,,,,
2026-09-12T02:26:03-05:00,PUR_IED_VillaRica_Ext_75be7c,PUR_IED_VillaRica_Ext_75be7c,,,,,
2026-09-12T02:26:03-05:00,PUR_IED_VillaRica_S4_cc5dcd,PUR_IED_VillaRica_S4_cc5dcd,,,,,
2026-09-12T02:26:03-05:00,PUR_IED_VillaRica_Sesp_99f5c,PUR_IED_VillaRica_Sesp_99f5c,,,,,
2026-09-12T02:31:14-05:00,PUR_IED_20deJulio_1101_91b1b9,PUR_IED_20deJulio_1101_91b1b9,,,,,
2026-09-12T02:31:14-05:00,PUR_IED_20deJulio_1102_1cfcf9,PUR_IED_20deJulio_1102_1cfcf9,,,,,
2026-09-12T02:31:14-05:00,PUR_IED_20deJulio_Ext_ab60bd,PUR_IED_20deJulio_Ext_ab60bd,,,,,
2026-09-12T02:31:14-05:00,PUR_IED_AgustinFer_Ext_7b9b77,PUR_IED_AgustinFer_Ext_7b9b77,,,,,
2026-09-12T02:31:14-05:00,PUR_IED_AgustinFer_Info2_27b3a7,PUR_IED_AgustinFer_Info2_27b3a7,,,,,
2026-09-12T02:31:14-05:00,PUR_IED_AgustinFer_Sena_54b4eb,PUR_IED_AgustinFer_Sena_54b4eb,,,,,
2026-09-12T02:31:14-05:00,PUR_IED_AlexanderF_1102_caf07b,PUR_IED_AlexanderF_1102_caf07b,,,,,
2026-09-12T02:31:14-05:00,PUR_IED_AlexanderF_1103_c79e71,PUR_IED_AlexanderF_1103_c79e71,,,,,
2026-09-12T02:31:14-05:00,PUR_IED_AlexanderF_Ext_c5b18b,PUR_IED_AlexanderF_Ext_c5b18b,,,,,
2026-09-12T02:31:14-05:00,PUR_IED_AlfonsoLopez_Ext_281d77,PUR_IED_AlfonsoLopez_Ext_281d77,,,,,
2026-09-12T02:31:14-05:00,PUR_IED_AlfonsoLopez_LabF_888ce0,PUR_IED_AlfonsoLopez_LabF_888ce0,,,,,
2026-09-12T02:31:14-05:00,PUR_IED_AlfonsoLopez_SMed_df6a7f,PUR_IED_AlfonsoLopez_SMed_df6a7f,,,,,
2026-09-12T02:31:14-05:00,PUR_IED_AltamiraSO_A2_209f92,PUR_IED_AltamiraSO_A2_209f92,,,,,
2026-09-12T02:31:14-05:00,PUR_IED_AltamiraSO_Ext_186d66,PUR_IED_AltamiraSO_Ext_186d66,,,,,
2026-09-12T02:31:14-05:00,PUR_IED_AltamiraSO_Sistem_27afe1,PUR_IED_AltamiraSO_Sistem_27afe1,,,,,
2026-09-12T02:31:14-05:00,PUR_IED_AlvaroGom_LabQuim_813179,PUR_IED_AlvaroGom_LabQuim_813179,,,,,
2026-09-12T02:31:14-05:00,PUR_IED_AlvaroGomez_Ext_47c7ca,PUR_IED_AlvaroGomez_Ext_47c7ca,,,,,
2026-09-12T02:31:14-05:00,PUR_IED_AlvaroGomez_LabQuim_813179,PUR_IED_AlvaroGomez_LabQuim_813179,,,,,
2026-09-12T02:31:14-05:00,PUR_IED_AlvaroGomez_S23_7ba89f,PUR_IED_AlvaroGomez_S23_7ba89f,,,,,
2026-09-12T02:31:14-05:00,PUR_IED_Amistad_306_dc8728,PUR_IED_Amistad_306_dc8728,,,,,
2026-09-12T02:31:14-05:00,PUR_IED_Amistad_Ext_8cd55e,PUR_IED_Amistad_Ext_8cd55e,,,,,
2026-09-12T02:31:14-05:00,PUR_IED_Amistad_S202_a41169,PUR_IED_Amistad_S202_a41169,,,,,
2026-09-12T02:31:14-05:00,PUR_IED_AndresBello_Bio_fd5f5e,PUR_IED_AndresBello_Bio_fd5f5e,,,,,
2026-09-12T02:31:14-05:00,PUR_IED_AndresBello_ext_dcad65,PUR_IED_AndresBello_ext_dcad65,,,,,
2026-09-12T02:31:14-05:00,PUR_IED_AndresBello_port_eed3ec,PUR_IED_AndresBello_port_eed3ec,,,,,
2026-09-12T02:31:14-05:00,PUR_IED_AngelaR_11b_d90a6b,PUR_IED_AngelaR_11b_d90a6b,,,,,
2026-09-12T02:31:14-05:00,PUR_IED_AngelaR_ext_7cad3e,PUR_IED_AngelaR_ext_7cad3e,,,,,
2026-09-12T02:31:14-05:00,PUR_IED_AntJoseSucre_10mo_df2575,PUR_IED_AntJoseSucre_10mo_df2575,,,,,
2026-09-12T02:31:14-05:00,PUR_IED_AntJoseSucre_Ext_215b36,PUR_IED_AntJoseSucre_Ext_215b36,,,,,
2026-09-12T02:31:14-05:00,PUR_IED_AntJoseSucre_Lab_3139de,PUR_IED_AntJoseSucre_Lab_3139de,,,,,
2026-09-12T02:31:14-05:00,PUR_IED_AntonioGarcia_301_d6b188,PUR_IED_AntonioGarcia_301_d6b188,,,,,
2026-09-12T02:31:14-05:00,PUR_IED_AntonioGarcia_302_88a82,PUR_IED_AntonioGarcia_302_88a82,,,,,
2026-09-12T02:31:14-05:00,PUR_IED_AntonioGarcia_Ext_20950c,PUR_IED_AntonioGarcia_Ext_20950c,,,,,
2026-09-12T02:31:14-05:00,PUR_IED_AntonioVan_Aula2_6dea02,PUR_IED_AntonioVan_Aula2_6dea02,,,,,
2026-09-12T02:31:14-05:00,PUR_IED_AntonioVan_Aula5_f1557e,PUR_IED_AntonioVan_Aula5_f1557e,,,,,
2026-09-12T02:31:14-05:00,PUR_IED_AntonioVan_Ext_406f2f,PUR_IED_AntonioVan_Ext_406f2f,,,,,
2026-09-12T02:31:14-05:00,PUR_IED_Atabanzha_Ext_cc5af9,PUR_IED_Atabanzha_Ext_cc5af9,,,,,
2026-09-12T02:31:14-05:00,PUR_IED_Atabanzha_SA101_56c37,PUR_IED_Atabanzha_SA101_56c37,,,,,
2026-09-12T02:31:14-05:00,PUR_IED_Atabanzha_SB302_27b374,PUR_IED_Atabanzha_SB302_27b374,,,,,
2026-09-12T02:31:14-05:00,PUR_IED_Atahualpa_Ext_fc1748,PUR_IED_Atahualpa_Ext_fc1748,,,,,
2026-09-12T02:31:14-05:00,PUR_IED_Atahualpa_Informa_dc9a95,PUR_IED_Atahualpa_Informa_dc9a95,,,,,
2026-09-12T02:31:14-05:00,PUR_IED_Atahualpa_S1101_f98056,PUR_IED_Atahualpa_S1101_f98056,,,,,
2026-09-12T02:31:14-05:00,PUR_IED_Bellavista_Ext_f5aa74,PUR_IED_Bellavista_Ext_f5aa74,,,,,
2026-09-12T02:31:14-05:00,PUR_IED_Bilbao_11A_916c41,PUR_IED_Bilbao_11A_916c41,,,,,
2026-09-12T02:31:14-05:00,PUR_IED_Bilbao_Ext_fb579a,PUR_IED_Bilbao_Ext_fb579a,,,,,
2026-09-12T02:31:14-05:00,PUR_IED_BrasiliaU_A125_304280,PUR_IED_BrasiliaU_A125_304280,,,,,
2026-09-12T02:31:14-05:00,PUR_IED_BrasiliaU_A203_7c8ca5,PUR_IED_BrasiliaU_A203_7c8ca5,,,,,
2026-09-12T02:31:14-05:00,PUR_IED_BrasiliaU_Ext_8d6e9f,PUR_IED_BrasiliaU_Ext_8d6e9f,4,17,62,4.5175,-74.116302
2026-09-12T02:31:14-05:00,PUR_IED_Brasilia_Ext_fe6593,PUR_IED_Brasilia_Ext_fe6593,,,,,
2026-09-12T02:31:14-05:00,PUR_IED_Brasilia_S24_7c130d,PUR_IED_Brasilia_S24_7c130d,,,,,
2026-09-12T02:31:14-05:00,PUR_IED_Brasilia_S501_186a54,PUR_IED_Brasilia_S501_186a54,,,,,
2026-09-12T02:31:14-05:00,PUR_IED_CHARRY_EXT_f1d5cd,PUR_IED_CHARRY_EXT_f1d5cd,,,,,
2026-09-12T02:31:14-05:00,PUR_IED_CHARRY_INTDANZAS_7a08e6,PUR_IED_CHARRY_INTDANZAS_7a08e6,,,,,
2026-09-12T02:31:14-05:00,PUR_IED_CHARRY_INT_AULA20_dc998d,PUR_IED_CHARRY_INT_AULA20_dc998d,,,,,
2026-09-12T02:31:14-05:00,PUR_IED_COLVIV_1101_S25_7f520a,PUR_IED_COLVIV_1101_S25_7f520a,,,,,
2026-09-12T02:31:14-05:00,PUR_IED_COLVIV_1102_S16_f570ba,PUR_IED_COLVIV_1102_S16_f570ba,,,,,
2026-09-12T02:31:14-05:00,PUR_IED_COLVIV_Ext_1a26fa,PUR_IED_COLVIV_Ext_1a26fa,,,,,
2026-09-12T02:31:14-05:00,PUR_IED_CULPOP_301A_f660f3,PUR_IED_CULPOP_301A_f660f3,,,,,
2026-09-12T02:31:14-05:00,PUR_IED_CULPOP_303_568afe,PUR_IED_CULPOP_303_568afe,,,,,
2026-09-12T02:31:14-05:00,PUR_IED_CULPOP_Ext_e02ccb,PUR_IED_CULPOP_Ext_e02ccb,,,,,
2026-09-12T02:31:14-05:00,PUR_IED_CVillavicen_Ext_26eb58,PUR_IED_CVillavicen_Ext_26eb58,4,15,76,4.487,-74.102798
2026-09-12T02:31:14-05:00,PUR_IED_CVillavicen_Intel_1ce5c2,PUR_IED_CVillavicen_Intel_1ce5c2,,,,,
2026-09-12T02:31:14-05:00,PUR_IED_CVillavicen_Poliv_e0766c,PUR_IED_CVillavicen_Poliv_e0766c,,,,,
2026-09-12T02:31:14-05:00,PUR_IED_CVillavicen_int_1ba140,PUR_IED_CVillavicen_int_1ba140,,,,,
2026-09-12T02:31:14-05:00,PUR_IED_CVillavicen_intel_1ba140,PUR_IED_CVillavicen_intel_1ba140,,,,,
2026-09-12T02:31:14-05:00,PUR_IED_CarlosPizarro_Ext_e307cc,PUR_IED_CarlosPizarro_Ext_e307cc,,,,,
2026-09-12T02:31:14-05:00,PUR_IED_CarlosPizarro_L36_7e5cdb,PUR_IED_CarlosPizarro_L36_7e5cdb,,,,,
2026-09-12T02:31:14-05:00,PUR_IED_CarlosPizarro_L37_c8566c,PUR_IED_CarlosPizarro_L37_c8566c,,,,,
2026-09-12T02:31:14-05:00,PUR_IED_Castilla_Ext_cf35f,PUR_IED_Castilla_Ext_cf35f,,,,,
2026-09-12T02:31:14-05:00,PUR_IED_Castilla_SFisik_360e38,PUR_IED_Castilla_SFisik_360e38,,,,,
2026-09-12T02:31:14-05:00,PUR_IED_Castilla_Sc304_496fbf,PUR_IED_Castilla_Sc304_496fbf,,,,,
2026-09-12T02:31:14-05:00,PUR_IED_CervantesSa_Ext_6b57b,PUR_IED_CervantesSa_Ext_6b57b,3,17,66,4.5128,-74.117203
2026-09-12T02:31:14-05:00,PUR_IED_CervantesSa_S107_225c2b,PUR_IED_CervantesSa_S107_225c2b,,,,,
2026-09-12T02:31:14-05:00,PUR_IED_CervantesSa_S108_940925,PUR_IED_CervantesSa_S108_940925,,,,,
2026-09-12T02:31:14-05:00,PUR_IED_Charry_A20_f53e7c,PUR_IED_Charry_A20_f53e7c,,,,,
2026-09-12T02:31:14-05:00,PUR_IED_Charry_Ext_f1d5cd,PUR_IED_Charry_Ext_f1d5cd,,,,,
2026-09-12T02:31:14-05:00,PUR_IED_Charry_IntAula20_dc998d,PUR_IED_Charry_IntAula20_dc998d,,,,,
2026-09-12T02:31:14-05:00,PUR_IED_Charry_IntDanzas_7a08e6,PUR_IED_Charry_IntDanzas_7a08e6,,,,,
2026-09-12T02:31:14-05:00,PUR_IED_ClememciaC_203_43e2fc,PUR_IED_ClememciaC_203_43e2fc,,,,,
2026-09-12T02:31:14-05:00,PUR_IED_ClememciaC_Ext_1b411a,PUR_IED_ClememciaC_Ext_1b411a,,,,,
2026-09-12T02:31:14-05:00,PUR_IED_ClememciaC_Quimic_44b5fc,PUR_IED_ClememciaC_Quimic_44b5fc,,,,,
2026-09-12T02:31:14-05:00,PUR_IED_ClemenciaC_203_43e2fc,PUR_IED_ClemenciaC_203_43e2fc,,,,,
2026-09-12T02:31:14-05:00,PUR_IED_ClemenciaC_Ext_1b411a,PUR_IED_ClemenciaC_Ext_1b411a,,,,,
2026-09-12T02:31:14-05:00,PUR_IED_ClemenciaC_Quimic_44b5fc,PUR_IED_ClemenciaC_Quimic_44b5fc,,,,,
2026-09-12T02:31:14-05:00,PUR_IED_ColViva_1101_S25_7f520a,PUR_IED_ColViva_1101_S25_7f520a,,,,,
2026-09-12T02:31:14-05:00,PUR_IED_ColViva_1102_S16_f570ba,PUR_IED_ColViva_1102_S16_f570ba,,,,,
2026-09-12T02:31:14-05:00,PUR_IED_ColViva_Ext_1a26fa,PUR_IED_ColViva_Ext_1a26fa,,,,,
2026-09-12T02:31:14-05:00,PUR_IED_ColegioBici_Asist_7c8798,PUR_IED_ColegioBici_Asist_7c8798,,,,,
2026-09-12T02:31:14-05:00,PUR_IED_ColegioBici_Ext_25cbf6,PUR_IED_ColegioBici_Ext_25cbf6,,,,,
2026-09-12T02:31:14-05:00,PUR_IED_ColegioBici_LabQ_7b57db,PUR_IED_ColegioBici_LabQ_7b57db,,,,,
2026-09-12T02:31:14-05:00,PUR_IED_CostaRica_Ext_5e640,PUR_IED_CostaRica_Ext_5e640,,,,,
2026-09-12T02:31:14-05:00,PUR_IED_CostaRica_Quim1_766d1c,PUR_IED_CostaRica_Quim1_766d1c,,,,,
2026-09-12T02:31:14-05:00,PUR_IED_CostaRica__Fisica_6f0873,PUR_IED_CostaRica__Fisica_6f0873,,,,,
2026-09-12T02:31:14-05:00,PUR_IED_CulPopu_301A_f660f3,PUR_IED_CulPopu_301A_f660f3,,,,,
2026-09-12T02:31:14-05:00,PUR_IED_CulPopu_303_568afe,PUR_IED_CulPopu_303_568afe,,,,,
2026-09-12T02:31:14-05:00,PUR_IED_CulPopu_Ext_e02ccb,PUR_IED_CulPopu_Ext_e02ccb,,,,,
2026-09-12T02:31:14-05:00,PUR_IED_Cundinamarca_Ext_f15985,PUR_IED_Cundinamarca_Ext_f15985,,,,,
2026-09-12T02:31:14-05:00,PUR_IED_Cundinamarca_Info_7aa5d7,PUR_IED_Cundinamarca_Info_7aa5d7,,,,,
2026-09-12T02:31:14-05:00,PUR_IED_Cundinamarca_Tec2_f449c7,PUR_IED_Cundinamarca_Tec2_f449c7,,,,,
2026-09-12T02:31:14-05:00,PUR_IED_DiegoM_Aula1_27b314,PUR_IED_DiegoM_Aula1_27b314,,,,,
2026-09-12T02:31:14-05:00,PUR_IED_DiegoM_Ext_d80ac8,PUR_IED_DiegoM_Ext_d80ac8,,,,,
2026-09-12T02:31:14-05:00,PUR_IED_DiegoM_S25_da928f,PUR_IED_DiegoM_S25_da928f,,,,,
2026-09-12T02:31:14-05:00,PUR_IED_ELRODEO_360881,PUR_IED_ELRODEO_360881,,,,,
2026-09-12T02:31:14-05:00,PUR_IED_ELRODEO_ext_360881,PUR_IED_ELRODEO_ext_360881,,,,,
2026-09-12T02:31:14-05:00,PUR_IED_EduardoU_Ext_1c1969,PUR_IED_EduardoU_Ext_1c1969,,,,,
2026-09-12T02:31:14-05:00,PUR_IED_EduardoU_SCiencia_4dfb94,PUR_IED_EduardoU_SCiencia_4dfb94,,,,,
2026-09-12T02:31:14-05:00,PUR_IED_EduardoU_SQuimica_5a46e7,PUR_IED_EduardoU_SQuimica_5a46e7,,,,,
2026-09-12T02:31:14-05:00,PUR_IED_ElRodeo_Aula14_676984,PUR_IED_ElRodeo_Aula14_676984,,,,,
2026-09-12T02:31:14-05:00,PUR_IED_ElRodeo_Aula16_2dd35b,PUR_IED_ElRodeo_Aula16_2dd35b,,,,,
2026-09-12T02:31:14-05:00,PUR_IED_ElRodeo_Ext_360881,PUR_IED_ElRodeo_Ext_360881,,,,,
2026-09-12T02:31:14-05:00,PUR_IED_ElRodeo_Exterior_8c6d28,PUR_IED_ElRodeo_Exterior_8c6d28,,,,,
2026-09-12T02:31:14-05:00,PUR_IED_ElRodeo_ext_360881,PUR_IED_ElRodeo_ext_360881,,,,,
2026-09-12T02:31:14-05:00,PUR_IED_EmmaReyes_Ext_987625,PUR_IED_EmmaReyes_Ext_987625,13,21,53,4.6367,-74.1511
2026-09-12T02:31:14-05:00,PUR_IED_Ensueño_Ext_7f0250,PUR_IED_Ensueño_Ext_7f0250,,,,,
2026-09-12T02:31:14-05:00,PUR_IED_EscNormal_Ext_5fef3b,PUR_IED_EscNormal_Ext_5fef3b,3,18,61,4.5852,-74.096901
2026-09-12T02:31:14-05:00,PUR_IED_EscNormal_S309_5b263,PUR_IED_EscNormal_S309_5b263,,,,,
2026-09-12T02:31:14-05:00,PUR_IED_EscNormal_S310_27b3b8,PUR_IED_EscNormal_S310_27b3b8,,,,,
2026-09-12T02:31:14-05:00,PUR_IED_Evangelista_Conta_f6cd4f,PUR_IED_Evangelista_Conta_f6cd4f,,,,,
2026-09-12T02:31:14-05:00,PUR_IED_Evangelista_Cri_5e16a,PUR_IED_Evangelista_Cri_5e16a,,,,,
2026-09-12T02:31:14-05:00,PUR_IED_Evangelista_Exter_754066,PUR_IED_Evangelista_Exter_754066,,,,,
2026-09-12T02:31:14-05:00,PUR_IED_FMiranda_S209_5cc2a3,PUR_IED_FMiranda_S209_5cc2a3,,,,,
2026-09-12T02:31:14-05:00,PUR_IED_FMiranda_S303_19e344,PUR_IED_FMiranda_S303_19e344,,,,,
2026-09-12T02:31:14-05:00,PUR_IED_FMiranda_ext_f53e7c,PUR_IED_FMiranda_ext_f53e7c,,,,,
2026-09-12T02:31:14-05:00,PUR_IED_FabioLozano_Bibli_1cee05,PUR_IED_FabioLozano_Bibli_1cee05,,,,,
2026-09-12T02:31:14-05:00,PUR_IED_FabioLozano_Ext_6ea285,PUR_IED_FabioLozano_Ext_6ea285,,,,,
2026-09-12T02:31:14-05:00,PUR_IED_FabioLozano_SLudi_f09e1e,PUR_IED_FabioLozano_SLudi_f09e1e,,,,,
2026-09-12T02:31:14-05:00,PUR_IED_FaustinoS_Aula07_27a731,PUR_IED_FaustinoS_Aula07_27a731,,,,,
2026-09-12T02:31:14-05:00,PUR_IED_FaustinoS_Ext_7b936f,PUR_IED_FaustinoS_Ext_7b936f,,,,,
2026-09-12T02:31:14-05:00,PUR_IED_FaustinoS_Fisica_da2c60,PUR_IED_FaustinoS_Fisica_da2c60,,,,,
2026-09-12T02:31:14-05:00,PUR_IED_FeGarciaLo_Ext_dc68ee,PUR_IED_FeGarciaLo_Ext_dc68ee,,,,,
2026-09-12T02:31:14-05:00,PUR_IED_FeGarciaLo_SDanza_f70a59,PUR_IED_FeGarciaLo_SDanza_f70a59,,,,,
2026-09-12T02:31:14-05:00,PUR_IED_FeGarciaLo_SMusic_125cdd,PUR_IED_FeGarciaLo_SMusic_125cdd,,,,,
2026-09-12T02:31:14-05:00,PUR_IED_FederalAlema_Exte_50c345,PUR_IED_FederalAlema_Exte_50c345,,,,,
2026-09-12T02:31:14-05:00,PUR_IED_FederalAlema_S31_f18371,PUR_IED_FederalAlema_S31_f18371,,,,,
2026-09-12T02:31:14-05:00,PUR_IED_FederalAlema_S901_a62cd,PUR_IED_FederalAlema_S901_a62cd,,,,,
2026-09-12T02:31:14-05:00,PUR_IED_FilarmonicaS_A5_f35eb1,PUR_IED_FilarmonicaS_A5_f35eb1,,,,,
2026-09-12T02:31:14-05:00,PUR_IED_FilarmonicaS_Ext_8a3bde,PUR_IED_FilarmonicaS_Ext_8a3bde,,,,,
2026-09-12T02:31:14-05:00,PUR_IED_FilarmonicaS_Spol_406114,PUR_IED_FilarmonicaS_Spol_406114,,,,,
2026-09-12T02:31:14-05:00,PUR_IED_FlorentinoG_A13_d1fa59,PUR_IED_FlorentinoG_A13_d1fa59,,,,,
2026-09-12T02:31:14-05:00,PUR_IED_FlorentinoG_Ext_1ce6ce,PUR_IED_FlorentinoG_Ext_1ce6ce,,,,,
2026-09-12T02:31:14-05:00,PUR_IED_FlorentinoG_Idiom_a66aac,PUR_IED_FlorentinoG_Idiom_a66aac,,,,,
2026-09-12T02:31:14-05:00,PUR_IED_FranciscoMati_Ext_e3869d,PUR_IED_FranciscoMati_Ext_e3869d,,,,,
2026-09-12T02:31:14-05:00,PUR_IED_FranciscoMati_S13_f31c67,PUR_IED_FranciscoMati_S13_f31c67,,,,,
2026-09-12T02:31:14-05:00,PUR_IED_FranciscoMati_S14_97dead,PUR_IED_FranciscoMati_S14_97dead,,,,,
2026-09-12T02:31:14-05:00,PUR_IED_FranciscoPS_Ext_7bfa9a,PUR_IED_FranciscoPS_Ext_7bfa9a,2,20,58,4.5899,-74.110397
2026-09-12T02:31:14-05:00,PUR_IED_FranciscoPS_Infor_fb8f4c,PUR_IED_FranciscoPS_Infor_fb8f4c,,,,,
2026-09-12T02:31:14-05:00,PUR_IED_FranciscoPS_Quimi_94d39c,PUR_IED_FranciscoPS_Quimi_94d39c,,,,,
2026-09-12T02:31:14-05:00,PUR_IED_FranciscoP_LabQ_d7e148,PUR_IED_FranciscoP_LabQ_d7e148,,,,,
2026-09-12T02:31:14-05:00,PUR_IED_FranciscoP_S28_cf9b30,PUR_IED_FranciscoP_S28_cf9b30,,,,,
2026-09-12T02:31:14-05:00,PUR_IED_FranciscoP_ext_e2313,PUR_IED_FranciscoP_ext_e2313,,,,,
2026-09-12T02:31:14-05:00,PUR_IED_FriederichN_Ext_8ac92a,PUR_IED_FriederichN_Ext_8ac92a,,,,,
2026-09-12T02:31:14-05:00,PUR_IED_FriederichN_S301_dd7e5a,PUR_IED_FriederichN_S301_dd7e5a,,,,,
2026-09-12T02:31:14-05:00,PUR_IED_FriederichN_S308_761f4f,PUR_IED_FriederichN_S308_761f4f,,,,,
2026-09-12T02:31:14-05:00,PUR_IED_GSantander_Aula10_533dd7,PUR_IED_GSantander_Aula10_533dd7,,,,,
2026-09-12T02:31:14-05:00,PUR_IED_GSantander_Aula12_fd4e4f,PUR_IED_GSantander_Aula12_fd4e4f,,,,,
2026-09-12T02:31:14-05:00,PUR_IED_GSantander_Aula310_533dd7,PUR_IED_GSantander_Aula310_533dd7,,,,,
2026-09-12T02:31:14-05:00,PUR_IED_GSantander_Aula312_fd4e4f,PUR_IED_GSantander_Aula312_fd4e4f,,,,,
2026-09-12T02:31:14-05:00,PUR_IED_GSantander_Ext_5f66b0,PUR_IED_GSantander_Ext_5f66b0,,,,,
2026-09-12T02:31:14-05:00,PUR_IED_GYomasa_Ext_f6bea5,PUR_IED_GYomasa_Ext_f6bea5,,,,,
2026-09-12T02:31:14-05:00,PUR_IED_GYomasa_LBiol_2c41aa,PUR_IED_GYomasa_LBiol_2c41aa,,,,,
2026-09-12T02:31:14-05:00,PUR_IED_GYomasa_LQuim_33c80,PUR_IED_GYomasa_LQuim_33c80,,,,,
2026-09-12T02:31:14-05:00,PUR_IED_GabBetMejia_Cienc_5a99c,PUR_IED_GabBetMejia_Cienc_5a99c,,,,,
2026-09-12T02:31:14-05:00,PUR_IED_GabBetMejia_Ext_9153d0,PUR_IED_GabBetMejia_Ext_9153d0,,,,,
2026-09-12T02:31:14-05:00,PUR_IED_GabBetMejia_Lab_f55347,PUR_IED_GabBetMejia_Lab_f55347,,,,,
2026-09-12T02:31:14-05:00,PUR_IED_GabBetanMejia_Ext_9153d0,PUR_IED_GabBetanMejia_Ext_9153d0,,,,,
2026-09-12T02:31:14-05:00,PUR_IED_Gaitana_Aula13_7aac11,PUR_IED_Gaitana_Aula13_7aac11,,,,,
2026-09-12T02:31:14-05:00,PUR_IED_Gaitana_Ext_5fcf4,PUR_IED_Gaitana_Ext_5fcf4,,,,,
2026-09-12T02:31:14-05:00,PUR_IED_Gaitana_LabFisica_644448,PUR_IED_Gaitana_LabFisica_644448,,,,,
2026-09-12T02:31:14-05:00,PUR_IED_GenSantander_Dise_8ac858,PUR_IED_GenSantander_Dise_8ac858,,,,,
2026-09-12T02:31:14-05:00,PUR_IED_GenSantander_Ext_8d5dfe,PUR_IED_GenSantander_Ext_8d5dfe,,,,,
2026-09-12T02:31:14-05:00,PUR_IED_GenSantander_Info_6c25b,PUR_IED_GenSantander_Info_6c25b,,,,,
2026-09-12T02:31:14-05:00,PUR_IED_GustavoMo_Exterio_75e63d,PUR_IED_GustavoMo_Exterio_75e63d,,,,,
2026-09-12T02:31:14-05:00,PUR_IED_GustavoMo_LabFisi_224d37,PUR_IED_GustavoMo_LabFisi_224d37,,,,,
2026-09-12T02:31:14-05:00,PUR_IED_GustavoMo_S208_3e6918,PUR_IED_GustavoMo_S208_3e6918,,,,,
2026-09-12T02:31:14-05:00,PUR_IED_GustavoR_A02_8cd4a8,PUR_IED_GustavoR_A02_8cd4a8,,,,,
2026-09-12T02:31:14-05:00,PUR_IED_GustavoR_B11_5b0ed,PUR_IED_GustavoR_B11_5b0ed,,,,,
2026-09-12T02:31:14-05:00,PUR_IED_GustavoR_Ext_7a0c90,PUR_IED_GustavoR_Ext_7a0c90,,,,,
2026-09-12T02:31:14-05:00,PUR_IED_HernandoDuran_Ext_8cd82b,PUR_IED_HernandoDuran_Ext_8cd82b,,,,,
2026-09-12T02:31:14-05:00,PUR_IED_HernandoDuran_S24_2772c6,PUR_IED_HernandoDuran_S24_2772c6,,,,,
2026-09-12T02:31:14-05:00,PUR_IED_HernandoDuran_S30_f2de41,PUR_IED_HernandoDuran_S30_f2de41,,,,,
2026-09-12T02:31:14-05:00,PUR_IED_HolguInUr_S1101_8cd732,PUR_IED_HolguInUr_S1101_8cd732,,,,,
2026-09-12T02:31:14-05:00,PUR_IED_HolguinUr_Exter_ddae6d,PUR_IED_HolguinUr_Exter_ddae6d,,,,,
2026-09-12T02:31:14-05:00,PUR_IED_HolguinUr_LabQuim_92b952,PUR_IED_HolguinUr_LabQuim_92b952,,,,,
2026-09-12T02:31:14-05:00,PUR_IED_Isabel-II_Ext_5245cc,PUR_IED_Isabel-II_Ext_5245cc,10,18,61,4.6336,-74.153
2026-09-12T02:31:14-05:00,PUR_IED_Isabel-II_S_idiom_1c29aa,PUR_IED_Isabel-II_S_idiom_1c29aa,,,,,
2026-09-12T02:31:14-05:00,PUR_IED_Isabel-II_S_infor_fd741,PUR_IED_Isabel-II_S_infor_fd741,,,,,
2026-09-12T02:31:14-05:00,PUR_IED_IsidroSur_Exterio_5b90ea,PUR_IED_IsidroSur_Exterio_5b90ea,,,,,
2026-09-12T02:31:14-05:00,PUR_IED_IsidroSur_LabTec_56697a,PUR_IED_IsidroSur_LabTec_56697a,,,,,
2026-09-12T02:31:14-05:00,PUR_IED_IsidroSur_Robotic_b7c38f,PUR_IED_IsidroSur_Robotic_b7c38f,,,,,
2026-09-12T02:31:14-05:00,PUR_IED_IsmaelPerd_Ext_7b6672,PUR_IED_IsmaelPerd_Ext_7b6672,,,,,
2026-09-12T02:31:14-05:00,PUR_IED_IsmaelPerd_Inform_306540,PUR_IED_IsmaelPerd_Inform_306540,,,,,
2026-09-12T02:31:14-05:00,PUR_IED_IsmaelPerd_S30_2e2c83,PUR_IED_IsmaelPerd_S30_2e2c83,,,,,
2026-09-12T02:31:14-05:00,PUR_IED_JLozano_Exter_432910,PUR_IED_JLozano_Exter_432910,,,,,
2026-09-12T02:31:14-05:00,PUR_IED_JLozano_salaMulti_df5125,PUR_IED_JLozano_salaMulti_df5125,,,,,
2026-09-12T02:31:14-05:00,PUR_IED_JMCordoba_206_86f80b,PUR_IED_JMCordoba_206_86f80b,,,,,
2026-09-12T02:31:14-05:00,PUR_IED_JMCordoba_Ext_27ad97,PUR_IED_JMCordoba_Ext_27ad97,,,,,
2026-09-12T02:31:14-05:00,PUR_IED_JMCordoba_S310_d59ab4,PUR_IED_JMCordoba_S310_d59ab4,,,,,
2026-09-12T02:31:14-05:00,PUR_IED_Japon_Ext_549100,PUR_IED_Japon_Ext_549100,,,,,
2026-09-12T02:31:14-05:00,PUR_IED_Japon_Laboratorio_bec51d,PUR_IED_Japon_Laboratorio_bec51d,,,,,
2026-09-12T02:31:14-05:00,PUR_IED_Japon_informatica_d99327,PUR_IED_Japon_informatica_d99327,,,,,
2026-09-12T02:31:14-05:00,PUR_IED_Jazmin_Ext_d27bda,PUR_IED_Jazmin_Ext_d27bda,,,,,
2026-09-12T02:31:14-05:00,PUR_IED_Jazmin_Fisica_8d14d7,PUR_IED_Jazmin_Fisica_8d14d7,,,,,
2026-09-12T02:31:14-05:00,PUR_IED_Jazmin_Quimica_801cb5,PUR_IED_Jazmin_Quimica_801cb5,,,,,
2026-09-12T02:31:14-05:00,PUR_IED_JorgeGaitan_Exter_f098d1,PUR_IED_JorgeGaitan_Exter_f098d1,,,,,
2026-09-12T02:31:14-05:00,PUR_IED_JorgeGaitan_STec1_dc9d1d,PUR_IED_JorgeGaitan_STec1_dc9d1d,,,,,
2026-09-12T02:31:14-05:00,PUR_IED_JorgeGaitan_STec2_281e69,PUR_IED_JorgeGaitan_STec2_281e69,,,,,
2026-09-12T02:31:14-05:00,PUR_IED_JorgeSoto_Exterio_d9d0a2,PUR_IED_JorgeSoto_Exterio_d9d0a2,,,,,
2026-09-12T02:31:14-05:00,PUR_IED_JorgeSoto_LabFisi_209c54,PUR_IED_JorgeSoto_LabFisi_209c54,,,,,
2026-09-12T02:31:14-05:00,PUR_IED_JorgeSoto_S103_27b51a,PUR_IED_JorgeSoto_S103_27b51a,,,,,
2026-09-12T02:31:14-05:00,PUR_IED_JoseAcevedo_A02_e965eb,PUR_IED_JoseAcevedo_A02_e965eb,,,,,
2026-09-12T02:31:14-05:00,PUR_IED_JoseAcevedo_A07_dd5b4,PUR_IED_JoseAcevedo_A07_dd5b4,,,,,
2026-09-12T02:31:14-05:00,PUR_IED_JoseAcevedo_Ext_b47484,PUR_IED_JoseAcevedo_Ext_b47484,,,,,
2026-09-12T02:31:14-05:00,PUR_IED_JoseMarti_Exte_5b9bf,PUR_IED_JoseMarti_Exte_5b9bf,,,,,
2026-09-12T02:31:14-05:00,PUR_IED_JoseMarti_LabQuim_1c6c2d,PUR_IED_JoseMarti_LabQuim_1c6c2d,,,,,
2026-09-12T02:31:14-05:00,PUR_IED_JoseMarti_S_info_f5f177,PUR_IED_JoseMarti_S_info_f5f177,,,,,
2026-09-12T02:31:14-05:00,PUR_IED_Josejoaquin_Ext_dfc5dc,PUR_IED_Josejoaquin_Ext_dfc5dc,,,,,
2026-09-12T02:31:14-05:00,PUR_IED_Josejoaquin_S05_5b2a96,PUR_IED_Josejoaquin_S05_5b2a96,,,,,
2026-09-12T02:31:14-05:00,PUR_IED_Josejoaquin_S06_1ce7d2,PUR_IED_Josejoaquin_S06_1ce7d2,,,,,
2026-09-12T02:31:14-05:00,PUR_IED_JulioFlorez_Danza_9b82dd,PUR_IED_JulioFlorez_Danza_9b82dd,,,,,
2026-09-12T02:31:14-05:00,PUR_IED_JulioFlorez_Exter_f9f314,PUR_IED_JulioFlorez_Exter_f9f314,,,,,
2026-09-12T02:31:14-05:00,PUR_IED_JulioFlorez_info2_6b6e08,PUR_IED_JulioFlorez_info2_6b6e08,,,,,
2026-09-12T02:31:14-05:00,PUR_IED_LaBelleza_Aula13_1d00d8,PUR_IED_LaBelleza_Aula13_1d00d8,,,,,
2026-09-12T02:31:14-05:00,PUR_IED_LaBelleza_Ext_7bc08c,PUR_IED_LaBelleza_Ext_7bc08c,,,,,
2026-09-12T02:31:14-05:00,PUR_IED_LaChucua_Ext_8cd6d2,PUR_IED_LaChucua_Ext_8cd6d2,,,,,
2026-09-12T02:31:14-05:00,PUR_IED_LaChucua_S15_f578ce,PUR_IED_LaChucua_S15_f578ce,,,,,
2026-09-12T02:31:14-05:00,PUR_IED_LaChucua_S16_eebcf9,PUR_IED_LaChucua_S16_eebcf9,,,,,
2026-09-12T02:31:14-05:00,PUR_IED_LaFelicidad_Ext_fb5109,PUR_IED_LaFelicidad_Ext_fb5109,,,,,
2026-09-12T02:31:14-05:00,PUR_IED_LaMerced_206_66ebd,PUR_IED_LaMerced_206_66ebd,,,,,
2026-09-12T02:31:14-05:00,PUR_IED_LaMerced_207_6ebd6,PUR_IED_LaMerced_207_6ebd6,,,,,
2026-09-12T02:31:14-05:00,PUR_IED_LaMerced_ext_304311,PUR_IED_LaMerced_ext_304311,,,,,
2026-09-12T02:31:14-05:00,PUR_IED_Laureano_CiencNat_281e5e,PUR_IED_Laureano_CiencNat_281e5e,,,,,
2026-09-12T02:31:14-05:00,PUR_IED_Laureano_Comedor_f65c0a,PUR_IED_Laureano_Comedor_f65c0a,,,,,
2026-09-12T02:31:14-05:00,PUR_IED_Laureano_Exterior_7ab011,PUR_IED_Laureano_Exterior_7ab011,,,,,
2026-09-12T02:31:14-05:00,PUR_IED_LeonGreiff_Exte_dfe560,PUR_IED_LeonGreiff_Exte_dfe560,,,,,
2026-09-12T02:31:14-05:00,PUR_IED_LeonGreiff_S210_f264ed,PUR_IED_LeonGreiff_S210_f264ed,,,,,
2026-09-12T02:31:14-05:00,PUR_IED_LeonGreiff_SQuimi_e8296f,PUR_IED_LeonGreiff_SQuimi_e8296f,,,,,
2026-09-12T02:31:14-05:00,PUR_IED_LlanoOrientalS208_7b9fcd,PUR_IED_LlanoOrientalS208_7b9fcd,,,,,
2026-09-12T02:31:14-05:00,PUR_IED_LlanoOriental_Ext_fb3766,PUR_IED_LlanoOriental_Ext_fb3766,,,,,
2026-09-12T02:31:14-05:00,PUR_IED_LlanoOriental_S208_7b9fcd,PUR_IED_LlanoOriental_S208_7b9fcd,,,,,
2026-09-12T02:31:14-05:00,PUR_IED_LlanoOriental_S9_27b378,PUR_IED_LlanoOriental_S9_27b378,,,,,
2026-09-12T02:31:14-05:00,PUR_IED_LosTejares_1101_477602,PUR_IED_LosTejares_1101_477602,,,,,
2026-09-12T02:31:14-05:00,PUR_IED_LosTejares_11_d2c595,PUR_IED_LosTejares_11_d2c595,,,,,
2026-09-12T02:31:14-05:00,PUR_IED_LosTejares_12_477602,PUR_IED_LosTejares_12_477602,,,,,
2026-09-12T02:31:14-05:00,PUR_IED_LosTejares_Ext_8e2115,PUR_IED_LosTejares_Ext_8e2115,,,,,
2026-09-12T02:31:14-05:00,PUR_IED_MagdalenaO_B202_5ddda3,PUR_IED_MagdalenaO_B202_5ddda3,,,,,
2026-09-12T02:31:14-05:00,PUR_IED_MagdalenaO_B205_fb76e8,PUR_IED_MagdalenaO_B205_fb76e8,,,,,
2026-09-12T02:31:14-05:00,PUR_IED_MagdalenaO_ext_dc69cd,PUR_IED_MagdalenaO_ext_dc69cd,,,,,
2026-09-12T02:31:14-05:00,PUR_IED_ManueCepeda_artes_eee956,PUR_IED_ManueCepeda_artes_eee956,,,,,
2026-09-12T02:31:14-05:00,PUR_IED_ManuelCepeda_Ext_58313,PUR_IED_ManuelCepeda_Ext_58313,,,,,
2026-09-12T02:31:14-05:00,PUR_IED_ManuelCepeda_tec_1c5731,PUR_IED_ManuelCepeda_tec_1c5731,,,,,
2026-09-12T02:31:14-05:00,PUR_IED_ManuelS_Exterior_5b269,PUR_IED_ManuelS_Exterior_5b269,,,,,
2026-09-12T02:31:14-05:00,PUR_IED_ManuelS_Inform_f369ce,PUR_IED_ManuelS_Inform_f369ce,,,,,
2026-09-12T02:31:14-05:00,PUR_IED_ManuelS_SArtes_7d15f1,PUR_IED_ManuelS_SArtes_7d15f1,,,,,
2026-09-12T02:31:14-05:00,PUR_IED_ManuelZapata_303_3ca6,PUR_IED_ManuelZapata_303_3ca6,,,,,
2026-09-12T02:31:14-05:00,PUR_IED_ManuelZapata_311_bfbabc,PUR_IED_ManuelZapata_311_bfbabc,,,,,
2026-09-12T02:31:14-05:00,PUR_IED_ManuelZapata_Ext_50824a,PUR_IED_ManuelZapata_Ext_50824a,,,,,
2026-09-12T02:31:14-05:00,PUR_IED_ManuelitaS_Exteri_656a92,PUR_IED_ManuelitaS_Exteri_656a92,,,,,
2026-09-12T02:31:14-05:00,PUR_IED_ManuelitaS_JuzgDe_f58ec3,PUR_IED_ManuelitaS_JuzgDe_f58ec3,,,,,
2026-09-12T02:31:14-05:00,PUR_IED_ManuelitaS_Recrea_d793db,PUR_IED_ManuelitaS_Recrea_d793db,,,,,
2026-09-12T02:31:14-05:00,PUR_IED_MarFidSuarez_Ext_c27b19,PUR_IED_MarFidSuarez_Ext_c27b19,,,,,
2026-09-12T02:31:14-05:00,PUR_IED_MarFidSuarez_Info_e384d7,PUR_IED_MarFidSuarez_Info_e384d7,,,,,
2026-09-12T02:31:14-05:00,PUR_IED_MarFidSuarez_S306_1d0032,PUR_IED_MarFidSuarez_S306_1d0032,,,,,
2026-09-12T02:31:14-05:00,PUR_IED_Menorah_301_2a25a3,PUR_IED_Menorah_301_2a25a3,,,,,
2026-09-12T02:31:14-05:00,PUR_IED_Menorah_306_37ed3,PUR_IED_Menorah_306_37ed3,,,,,
2026-09-12T02:31:14-05:00,PUR_IED_Menorah_Ext_3e155b,PUR_IED_Menorah_Ext_3e155b,,,,,
2026-09-12T02:31:14-05:00,PUR_IED_MinutoB.Aires_A11_1b1604,PUR_IED_MinutoB.Aires_A11_1b1604,,,,,
2026-09-12T02:31:14-05:00,PUR_IED_MinutoB.Aires_A12_fb5860,PUR_IED_MinutoB.Aires_A12_fb5860,,,,,
2026-09-12T02:31:14-05:00,PUR_IED_MinutoB.Aires_Ext_81293f,PUR_IED_MinutoB.Aires_Ext_81293f,,,,,
2026-09-12T02:31:14-05:00,PUR_IED_MinutoBAires_A11_1b1604,PUR_IED_MinutoBAires_A11_1b1604,,,,,
2026-09-12T02:31:14-05:00,PUR_IED_MinutoBAires_A12_fb5860,PUR_IED_MinutoBAires_A12_fb5860,,,,,
2026-09-12T02:31:14-05:00,PUR_IED_MinutoBAires_Ext_81293f,PUR_IED_MinutoBAires_Ext_81293f,,,,,
2026-09-12T02:31:14-05:00,PUR_IED_Montreal_Aula10_1e4959,PUR_IED_Montreal_Aula10_1e4959,,,,,
2026-09-12T02:31:14-05:00,PUR_IED_Montreal_Aula6_300367,PUR_IED_Montreal_Aula6_300367,,,,,
2026-09-12T02:31:14-05:00,PUR_IED_Montreal_Exterior_91a179,PUR_IED_Montreal_Exterior_91a179,,,,,
2026-09-12T02:31:14-05:00,PUR_IED_Mqgdalena_B202_5ddda3,PUR_IED_Mqgdalena_B202_5ddda3,,,,,
2026-09-12T02:31:14-05:00,PUR_IED_NACUND_Soc_dc8728,PUR_IED_NACUND_Soc_dc8728,,,,,
2026-09-12T02:31:14-05:00,PUR_IED_NACUND_ext_27ad97,PUR_IED_NACUND_ext_27ad97,,,,,
2026-09-12T02:31:14-05:00,PUR_IED_NEsperanza_Ext_d24b61,PUR_IED_NEsperanza_Ext_d24b61,,,,,
2026-09-12T02:31:14-05:00,PUR_IED_NEsperanza_SElect_7d1807,PUR_IED_NEsperanza_SElect_7d1807,,,,,
2026-09-12T02:31:14-05:00,PUR_IED_NEsperanza_SLabor_8b2d0a,PUR_IED_NEsperanza_SLabor_8b2d0a,,,,,
2026-09-12T02:31:14-05:00,PUR_IED_NacionesU_Ext_f661a9,PUR_IED_NacionesU_Ext_f661a9,,,,,
2026-09-12T02:31:14-05:00,PUR_IED_NacionesU_Quimica_66f0a,PUR_IED_NacionesU_Quimica_66f0a,,,,,
2026-09-12T02:31:14-05:00,PUR_IED_NacionesU_S306_1b4b3d,PUR_IED_NacionesU_S306_1b4b3d,,,,,
2026-09-12T02:31:14-05:00,PUR_IED_NestorFA_Ext_e4201c,PUR_IED_NestorFA_Ext_e4201c,,,,,
2026-09-12T02:31:14-05:00,PUR_IED_NestorFA_Laborato_f22fe0,PUR_IED_NestorFA_Laborato_f22fe0,,,,,
2026-09-12T02:31:14-05:00,PUR_IED_NestorFA_S204_dee996,PUR_IED_NestorFA_S204_dee996,,,,,
2026-09-12T02:31:14-05:00,PUR_IED_NidyaQT_Aula03_76999b,PUR_IED_NidyaQT_Aula03_76999b,,,,,
2026-09-12T02:31:14-05:00,PUR_IED_NidyaQT_Aula10_56325,PUR_IED_NidyaQT_Aula10_56325,,,,,
2026-09-12T02:31:14-05:00,PUR_IED_NidyaQT_Ext_46e32d,PUR_IED_NidyaQT_Ext_46e32d,,,,,
2026-09-12T02:31:14-05:00,PUR_IED_NuevaCol_Exterior_d9b859,PUR_IED_NuevaCol_Exterior_d9b859,,,,,
2026-09-12T02:31:14-05:00,PUR_IED_NuevaCol_S1101_76c43b,PUR_IED_NuevaCol_S1101_76c43b,,,,,
2026-09-12T02:31:14-05:00,PUR_IED_NuevaCol_S1102_1ce0b5,PUR_IED_NuevaCol_S1102_1ce0b5,,,,,
2026-09-12T02:31:14-05:00,PUR_IED_OEA_A202_f7e3f2,PUR_IED_OEA_A202_f7e3f2,,,,,
2026-09-12T02:31:14-05:00,PUR_IED_OEA_A203_7d1b8d,PUR_IED_OEA_A203_7d1b8d,,,,,
2026-09-12T02:31:14-05:00,PUR_IED_OEA_Ext_27b593,PUR_IED_OEA_Ext_27b593,,,,,
2026-09-12T02:31:14-05:00,PUR_IED_Ochoa_Ext_1c29da,PUR_IED_Ochoa_Ext_1c29da,,,,,
2026-09-12T02:31:14-05:00,PUR_IED_Ochoa_S205_8b1121,PUR_IED_Ochoa_S205_8b1121,,,,,
2026-09-12T02:31:14-05:00,PUR_IED_Ochoa_Sistemas_f33af6,PUR_IED_Ochoa_Sistemas_f33af6,,,,,
2026-09-12T02:31:14-05:00,PUR_IED_PQuebec_Ext_1c67c7,PUR_IED_PQuebec_Ext_1c67c7,,,,,
2026-09-12T02:31:14-05:00,PUR_IED_PQuebec_S15_23e8e2,PUR_IED_PQuebec_S15_23e8e2,,,,,
2026-09-12T02:31:14-05:00,PUR_IED_PQuebec_S16_8ec76b,PUR_IED_PQuebec_S16_8ec76b,,,,,
2026-09-12T02:31:14-05:00,PUR_IED_PabloN_Ext_49dc96,PUR_IED_PabloN_Ext_49dc96,,,,,
2026-09-12T02:31:14-05:00,PUR_IED_PabloN_S1102_4e3df5,PUR_IED_PabloN_S1102_4e3df5,,,,,
2026-09-12T02:31:14-05:00,PUR_IED_PabloN_S1103_50c94b,PUR_IED_PabloN_S1103_50c94b,,,,,
2026-09-12T02:31:14-05:00,PUR_IED_Palestina_S1101_db9198,PUR_IED_Palestina_S1101_db9198,,,,,
2026-09-12T02:31:14-05:00,PUR_IED_Palestina_S1102_dc54fa,PUR_IED_Palestina_S1102_dc54fa,,,,,
2026-09-12T02:31:14-05:00,PUR_IED_Palestina_ext_4ccce6,PUR_IED_Palestina_ext_4ccce6,,,,,
2026-09-12T02:31:14-05:00,PUR_IED_Panama_Fisica_4d0794,PUR_IED_Panama_Fisica_4d0794,,,,,
2026-09-12T02:31:14-05:00,PUR_IED_Panama_SIngles_a4077e,PUR_IED_Panama_SIngles_a4077e,,,,,
2026-09-12T02:31:14-05:00,PUR_IED_Panama_ext_4c54b4,PUR_IED_Panama_ext_4c54b4,,,,,
2026-09-12T02:31:14-05:00,PUR_IED_ParaisoM_Exterior_8cd7f0,PUR_IED_ParaisoM_Exterior_8cd7f0,,,,,
2026-09-12T02:31:14-05:00,PUR_IED_ParaisoM_Laborato_27af35,PUR_IED_ParaisoM_Laborato_27af35,,,,,
2026-09-12T02:31:14-05:00,PUR_IED_ParaisoM_S304_d1edca,PUR_IED_ParaisoM_S304_d1edca,,,,,
2026-09-12T02:31:14-05:00,PUR_IED_PorfirioBarba_Ext_301466,PUR_IED_PorfirioBarba_Ext_301466,,,,,
2026-09-12T02:31:14-05:00,PUR_IED_PorfirioBarba_S11_df6cd2,PUR_IED_PorfirioBarba_S11_df6cd2,,,,,
2026-09-12T02:31:14-05:00,PUR_IED_PorfirioBarba_S29_27a7d6,PUR_IED_PorfirioBarba_S29_27a7d6,,,,,
2026-09-12T02:31:14-05:00,PUR_IED_PradoV_Exter_8b27ad,PUR_IED_PradoV_Exter_8b27ad,,,,,
2026-09-12T02:31:14-05:00,PUR_IED_PradoV_S301_de65b5,PUR_IED_PradoV_S301_de65b5,,,,,
2026-09-12T02:31:14-05:00,PUR_IED_PradoV_S302_7d2593,PUR_IED_PradoV_S302_7d2593,,,,,
2026-09-12T02:31:14-05:00,PUR_IED_QuirogaAlz_Ext_1ddc82,PUR_IED_QuirogaAlz_Ext_1ddc82,,,,,
2026-09-12T02:31:14-05:00,PUR_IED_QuirogaAlz_S302_9926a3,PUR_IED_QuirogaAlz_S302_9926a3,,,,,
2026-09-12T02:31:14-05:00,PUR_IED_QuirogaAlz_S305_cdf1f1,PUR_IED_QuirogaAlz_S305_cdf1f1,,,,,
2026-09-12T02:31:14-05:00,PUR_IED_RGuatemala_Biling_dc53b7,PUR_IED_RGuatemala_Biling_dc53b7,,,,,
2026-09-12T02:31:14-05:00,PUR_IED_RGuatemala_Ext_1b89a3,PUR_IED_RGuatemala_Ext_1b89a3,,,,,
2026-09-12T02:31:14-05:00,PUR_IED_RGuatemala_Tecnol_281a34,PUR_IED_RGuatemala_Tecnol_281a34,,,,,
2026-09-12T02:31:14-05:00,PUR_IED_RafaNu_Ext_f7c302,PUR_IED_RafaNu_Ext_f7c302,,,,,
2026-09-12T02:31:14-05:00,PUR_IED_RafaNu_S1101_25fde,PUR_IED_RafaNu_S1101_25fde,,,,,
2026-09-12T02:31:14-05:00,PUR_IED_RafaNu_S1102_281517,PUR_IED_RafaNu_S1102_281517,,,,,
2026-09-12T02:31:14-05:00,PUR_IED_RafaelB_S305_ee2783,PUR_IED_RafaelB_S305_ee2783,,,,,
2026-09-12T02:31:14-05:00,PUR_IED_RafaelB_S306_75fe33,PUR_IED_RafaelB_S306_75fe33,,,,,
2026-09-12T02:31:14-05:00,PUR_IED_RafaelB_ext_283336,PUR_IED_RafaelB_ext_283336,3,18,61,4.6722,-74.0737
2026-09-12T02:31:14-05:00,PUR_IED_RafaelUU_Exterior_281a51,PUR_IED_RafaelUU_Exterior_281a51,,,,,
2026-09-12T02:31:14-05:00,PUR_IED_RafaelUU_Human_806b2,PUR_IED_RafaelUU_Human_806b2,,,,,
2026-09-12T02:31:14-05:00,PUR_IED_RafaelUU_Mate2_5680d4,PUR_IED_RafaelUU_Mate2_5680d4,,,,,
2026-09-12T02:31:14-05:00,PUR_IED_RamonSub_Ext_f9eeb9,PUR_IED_RamonSub_Ext_f9eeb9,,,,,
2026-09-12T02:31:14-05:00,PUR_IED_RamonSub_Media_d1f62f,PUR_IED_RamonSub_Media_d1f62f,,,,,
2026-09-12T02:31:14-05:00,PUR_IED_RamonSub_planta_51b82,PUR_IED_RamonSub_planta_51b82,,,,,
2026-09-12T02:31:14-05:00,PUR_IED_RepBoliVene_Exter_27af7c,PUR_IED_RepBoliVene_Exter_27af7c,,,,,
2026-09-12T02:31:14-05:00,PUR_IED_RepBoliVene_SCPT_5ae2ee,PUR_IED_RepBoliVene_SCPT_5ae2ee,,,,,
2026-09-12T02:31:14-05:00,PUR_IED_RepBoliVene_Socia_4b11d5,PUR_IED_RepBoliVene_Socia_4b11d5,,,,,
2026-09-12T02:31:14-05:00,PUR_IED_RepChina_Ext_76d9ee,PUR_IED_RepChina_Ext_76d9ee,,,,,
2026-09-12T02:31:14-05:00,PUR_IED_RepChina_S404_7c804c,PUR_IED_RepChina_S404_7c804c,,,,,
2026-09-12T02:31:14-05:00,PUR_IED_RepChina_S405_df2c33,PUR_IED_RepChina_S405_df2c33,,,,,
2026-09-12T02:31:14-05:00,PUR_IED_RepublicaC_Exteri_7d1ec9,PUR_IED_RepublicaC_Exteri_7d1ec9,,,,,
2026-09-12T02:31:14-05:00,PUR_IED_RepublicaC_S1101_f544b3,PUR_IED_RepublicaC_S1101_f544b3,,,,,
2026-09-12T02:31:14-05:00,PUR_IED_RepublicaC_S1102_7aafc7,PUR_IED_RepublicaC_S1102_7aafc7,,,,,
2026-09-12T02:31:14-05:00,PUR_IED_Ricaurte_Externo_a0ea1,PUR_IED_Ricaurte_Externo_a0ea1,,,,,
2026-09-12T02:31:14-05:00,PUR_IED_Ricaurte_S210_f546fd,PUR_IED_Ricaurte_S210_f546fd,,,,,
2026-09-12T02:31:14-05:00,PUR_IED_Ricaurte_S309_d4452,PUR_IED_Ricaurte_S309_d4452,,,,,
2026-09-12T02:31:14-05:00,PUR_IED_RogelioS_1102_531e69,PUR_IED_RogelioS_1102_531e69,,,,,
2026-09-12T02:31:14-05:00,PUR_IED_RogelioS_Ext_f25a18,PUR_IED_RogelioS_Ext_f25a18,,,,,
2026-09-12T02:31:14-05:00,PUR_IED_SBernardino_Ext_27aff8,PUR_IED_SBernardino_Ext_27aff8,,,,,
2026-09-12T02:31:14-05:00,PUR_IED_SBernardino_SArte_2ffd33,PUR_IED_SBernardino_SArte_2ffd33,,,,,
2026-09-12T02:31:14-05:00,PUR_IED_SBernardino_SIngl_7c7da5,PUR_IED_SBernardino_SIngl_7c7da5,,,,,
2026-09-12T02:31:14-05:00,PUR_IED_Sago_auditorio_dc9d1d,PUR_IED_Sago_auditorio_dc9d1d,,,,,
2026-09-12T02:31:14-05:00,PUR_IED_Saludcoop_Ext_95aac3,PUR_IED_Saludcoop_Ext_95aac3,,,,,
2026-09-12T02:31:14-05:00,PUR_IED_Saludcoop_InfI_90c854,PUR_IED_Saludcoop_InfI_90c854,,,,,
2026-09-12T02:31:14-05:00,PUR_IED_Saludcoop_SMedia_1b93be,PUR_IED_Saludcoop_SMedia_1b93be,,,,,
2026-09-12T02:31:14-05:00,PUR_IED_SanCarlos_1101_1a2360,PUR_IED_SanCarlos_1101_1a2360,,,,,
2026-09-12T02:31:14-05:00,PUR_IED_SanCarlos_1103_7bafb5,PUR_IED_SanCarlos_1103_7bafb5,,,,,
2026-09-12T02:31:14-05:00,PUR_IED_SanCarlos_Ext_b7cd1,PUR_IED_SanCarlos_Ext_b7cd1,,,,,
2026-09-12T02:31:14-05:00,PUR_IED_SanIgnacioBosa11a_50c26e,PUR_IED_SanIgnacioBosa11a_50c26e,,,,,
2026-09-12T02:31:14-05:00,PUR_IED_SanIgnacioBosa11b_371de8,PUR_IED_SanIgnacioBosa11b_371de8,,,,,
2026-09-12T02:31:14-05:00,PUR_IED_SanIgnacioBosaExt_ef0ffc,PUR_IED_SanIgnacioBosaExt_ef0ffc,,,,,
2026-09-12T02:31:14-05:00,PUR_IED_SanIgnacioBosa_11a_50c26e,PUR_IED_SanIgnacioBosa_11a_50c26e,,,,,
2026-09-12T02:31:14-05:00,PUR_IED_SanIgnacioBosa_Ext_ef0ffc,PUR_IED_SanIgnacioBosa_Ext_ef0ffc,,,,,
2026-09-12T02:31:14-05:00,PUR_IED_SanJoseN_intS1101_31c47f,PUR_IED_SanJoseN_intS1101_31c47f,,,,,
2026-09-12T02:31:14-05:00,PUR_IED_SanJoseUsm_Exter_f5d7e8,PUR_IED_SanJoseUsm_Exter_f5d7e8,,,,,
2026-09-12T02:31:14-05:00,PUR_IED_SanJoseUsm_Int11A_cfdef6,PUR_IED_SanJoseUsm_Int11A_cfdef6,,,,,
2026-09-12T02:31:14-05:00,PUR_IED_SilveriaR_IntB5_905349,PUR_IED_SilveriaR_IntB5_905349,,,,,
2026-09-12T02:31:14-05:00,PUR_IED_SilveriaR_IntSD14_981f93,PUR_IED_SilveriaR_IntSD14_981f93,,,,,
2026-09-12T02:31:14-05:00,PUR_IED_SilveriaR_ext_2b651d,PUR_IED_SilveriaR_ext_2b651d,,,,,
2026-09-12T02:31:14-05:00,PUR_IED_SimonB_Exterior_913975,PUR_IED_SimonB_Exterior_913975,,,,,
2026-09-12T02:31:14-05:00,PUR_IED_SimonB_LabQuimi_c56908,PUR_IED_SimonB_LabQuimi_c56908,,,,,
2026-09-12T02:31:14-05:00,PUR_IED_SimonB_informatic_a28c1,PUR_IED_SimonB_informatic_a28c1,,,,,
2026-09-12T02:31:14-05:00,PUR_IED_Sorrento_1102_315f50,PUR_IED_Sorrento_1102_315f50,,,,,
2026-09-12T02:31:14-05:00,PUR_IED_Sorrento_Minte_214eab,PUR_IED_Sorrento_Minte_214eab,,,,,
2026-09-12T02:31:14-05:00,PUR_IED_Sorrento_ext_7c3a0a,PUR_IED_Sorrento_ext_7c3a0a,,,,,
2026-09-12T02:31:14-05:00,PUR_IED_Tabora_Ext_f048ae,PUR_IED_Tabora_Ext_f048ae,,,,,
2026-09-12T02:31:14-05:00,PUR_IED_Tabora_S1102_b07752,PUR_IED_Tabora_S1102_b07752,,,,,
2026-09-12T02:31:14-05:00,PUR_IED_Tabora_S1103_d988f5,PUR_IED_Tabora_S1103_d988f5,,,,,
2026-09-12T02:31:14-05:00,PUR_IED_Tenerife_Ext_1ab188,PUR_IED_Tenerife_Ext_1ab188,,,,,
2026-09-12T02:31:14-05:00,PUR_IED_Tenerife_SDanzas_7bc02e,PUR_IED_Tenerife_SDanzas_7bc02e,,,,,
2026-09-12T02:31:14-05:00,PUR_IED_Tenerife_SIngles_7cc277,PUR_IED_Tenerife_SIngles_7cc277,,,,,
2026-09-12T02:31:14-05:00,PUR_IED_Tibabuyes_Exter_f2683d,PUR_IED_Tibabuyes_Exter_f2683d,,,,,
2026-09-12T02:31:14-05:00,PUR_IED_Tibabuyes_S10_dc87a8,PUR_IED_Tibabuyes_S10_dc87a8,,,,,
2026-09-12T02:31:14-05:00,PUR_IED_Tibabuyes_S15_dc0526,PUR_IED_Tibabuyes_S15_dc0526,,,,,
2026-09-12T02:31:14-05:00,PUR_IED_UnionE_S301_a1043,PUR_IED_UnionE_S301_a1043,,,,,
2026-09-12T02:31:14-05:00,PUR_IED_UnionE_S307_ff6c2f,PUR_IED_UnionE_S307_ff6c2f,,,,,
2026-09-12T02:31:14-05:00,PUR_IED_UnionE__Ext_5e2468,PUR_IED_UnionE__Ext_5e2468,,,,,
2026-09-12T02:31:14-05:00,PUR_IED_VillaRica_Ext_75be7c,PUR_IED_VillaRica_Ext_75be7c,,,,,
2026-09-12T02:31:14-05:00,PUR_IED_VillaRica_S4_cc5dcd,PUR_IED_VillaRica_S4_cc5dcd,,,,,
2026-09-12T02:31:14-05:00,PUR_IED_VillaRica_Sesp_99f5c,PUR_IED_VillaRica_Sesp_99f5c,,,,,
2026-09-12T02:36:06-05:00,PUR_IED_20deJulio_1101_91b1b9,PUR_IED_20deJulio_1101_91b1b9,,,,,
2026-09-12T02:36:06-05:00,PUR_IED_20deJulio_1102_1cfcf9,PUR_IED_20deJulio_1102_1cfcf9,,,,,
2026-09-12T02:36:06-05:00,PUR_IED_20deJulio_Ext_ab60bd,PUR_IED_20deJulio_Ext_ab60bd,,,,,
2026-09-12T02:36:06-05:00,PUR_IED_AgustinFer_Ext_7b9b77,PUR_IED_AgustinFer_Ext_7b9b77,,,,,
2026-09-12T02:36:06-05:00,PUR_IED_AgustinFer_Info2_27b3a7,PUR_IED_AgustinFer_Info2_27b3a7,,,,,
2026-09-12T02:36:06-05:00,PUR_IED_AgustinFer_Sena_54b4eb,PUR_IED_AgustinFer_Sena_54b4eb,,,,,
2026-09-12T02:36:06-05:00,PUR_IED_AlexanderF_1102_caf07b,PUR_IED_AlexanderF_1102_caf07b,,,,,
2026-09-12T02:36:06-05:00,PUR_IED_AlexanderF_1103_c79e71,PUR_IED_AlexanderF_1103_c79e71,,,,,
2026-09-12T02:36:06-05:00,PUR_IED_AlexanderF_Ext_c5b18b,PUR_IED_AlexanderF_Ext_c5b18b,,,,,
2026-09-12T02:36:06-05:00,PUR_IED_AlfonsoLopez_Ext_281d77,PUR_IED_AlfonsoLopez_Ext_281d77,,,,,
2026-09-12T02:36:06-05:00,PUR_IED_AlfonsoLopez_LabF_888ce0,PUR_IED_AlfonsoLopez_LabF_888ce0,,,,,
2026-09-12T02:36:06-05:00,PUR_IED_AlfonsoLopez_SMed_df6a7f,PUR_IED_AlfonsoLopez_SMed_df6a7f,,,,,
2026-09-12T02:36:06-05:00,PUR_IED_AltamiraSO_A2_209f92,PUR_IED_AltamiraSO_A2_209f92,,,,,
2026-09-12T02:36:06-05:00,PUR_IED_AltamiraSO_Ext_186d66,PUR_IED_AltamiraSO_Ext_186d66,,,,,
2026-09-12T02:36:06-05:00,PUR_IED_AltamiraSO_Sistem_27afe1,PUR_IED_AltamiraSO_Sistem_27afe1,,,,,
2026-09-12T02:36:06-05:00,PUR_IED_AlvaroGom_LabQuim_813179,PUR_IED_AlvaroGom_LabQuim_813179,,,,,
2026-09-12T02:36:06-05:00,PUR_IED_AlvaroGomez_Ext_47c7ca,PUR_IED_AlvaroGomez_Ext_47c7ca,,,,,
2026-09-12T02:36:06-05:00,PUR_IED_AlvaroGomez_LabQuim_813179,PUR_IED_AlvaroGomez_LabQuim_813179,,,,,
2026-09-12T02:36:06-05:00,PUR_IED_AlvaroGomez_S23_7ba89f,PUR_IED_AlvaroGomez_S23_7ba89f,,,,,
2026-09-12T02:36:06-05:00,PUR_IED_Amistad_306_dc8728,PUR_IED_Amistad_306_dc8728,,,,,
2026-09-12T02:36:06-05:00,PUR_IED_Amistad_Ext_8cd55e,PUR_IED_Amistad_Ext_8cd55e,,,,,
2026-09-12T02:36:06-05:00,PUR_IED_Amistad_S202_a41169,PUR_IED_Amistad_S202_a41169,,,,,
2026-09-12T02:36:06-05:00,PUR_IED_AndresBello_Bio_fd5f5e,PUR_IED_AndresBello_Bio_fd5f5e,,,,,
2026-09-12T02:36:06-05:00,PUR_IED_AndresBello_ext_dcad65,PUR_IED_AndresBello_ext_dcad65,,,,,
2026-09-12T02:36:06-05:00,PUR_IED_AndresBello_port_eed3ec,PUR_IED_AndresBello_port_eed3ec,,,,,
2026-09-12T02:36:06-05:00,PUR_IED_AngelaR_11b_d90a6b,PUR_IED_AngelaR_11b_d90a6b,,,,,
2026-09-12T02:36:06-05:00,PUR_IED_AngelaR_ext_7cad3e,PUR_IED_AngelaR_ext_7cad3e,11,20,61,4.5825,-74.164497
2026-09-12T02:36:06-05:00,PUR_IED_AntJoseSucre_10mo_df2575,PUR_IED_AntJoseSucre_10mo_df2575,,,,,
2026-09-12T02:36:06-05:00,PUR_IED_AntJoseSucre_Ext_215b36,PUR_IED_AntJoseSucre_Ext_215b36,,,,,
2026-09-12T02:36:06-05:00,PUR_IED_AntJoseSucre_Lab_3139de,PUR_IED_AntJoseSucre_Lab_3139de,,,,,
2026-09-12T02:36:06-05:00,PUR_IED_AntonioGarcia_301_d6b188,PUR_IED_AntonioGarcia_301_d6b188,,,,,
2026-09-12T02:36:06-05:00,PUR_IED_AntonioGarcia_302_88a82,PUR_IED_AntonioGarcia_302_88a82,,,,,
2026-09-12T02:36:06-05:00,PUR_IED_AntonioGarcia_Ext_20950c,PUR_IED_AntonioGarcia_Ext_20950c,,,,,
2026-09-12T02:36:06-05:00,PUR_IED_AntonioVan_Aula2_6dea02,PUR_IED_AntonioVan_Aula2_6dea02,,,,,
2026-09-12T02:36:06-05:00,PUR_IED_AntonioVan_Aula5_f1557e,PUR_IED_AntonioVan_Aula5_f1557e,,,,,
2026-09-12T02:36:06-05:00,PUR_IED_AntonioVan_Ext_406f2f,PUR_IED_AntonioVan_Ext_406f2f,,,,,
2026-09-12T02:36:06-05:00,PUR_IED_Atabanzha_Ext_cc5af9,PUR_IED_Atabanzha_Ext_cc5af9,,,,,
2026-09-12T02:36:06-05:00,PUR_IED_Atabanzha_SA101_56c37,PUR_IED_Atabanzha_SA101_56c37,,,,,
2026-09-12T02:36:06-05:00,PUR_IED_Atabanzha_SB302_27b374,PUR_IED_Atabanzha_SB302_27b374,,,,,
2026-09-12T02:36:06-05:00,PUR_IED_Atahualpa_Ext_fc1748,PUR_IED_Atahualpa_Ext_fc1748,,,,,
2026-09-12T02:36:06-05:00,PUR_IED_Atahualpa_Informa_dc9a95,PUR_IED_Atahualpa_Informa_dc9a95,,,,,
2026-09-12T02:36:06-05:00,PUR_IED_Atahualpa_S1101_f98056,PUR_IED_Atahualpa_S1101_f98056,,,,,
2026-09-12T02:36:06-05:00,PUR_IED_Bellavista_Ext_f5aa74,PUR_IED_Bellavista_Ext_f5aa74,,,,,
2026-09-12T02:36:06-05:00,PUR_IED_Bilbao_11A_916c41,PUR_IED_Bilbao_11A_916c41,,,,,
2026-09-12T02:36:06-05:00,PUR_IED_Bilbao_Ext_fb579a,PUR_IED_Bilbao_Ext_fb579a,,,,,
2026-09-12T02:36:06-05:00,PUR_IED_BrasiliaU_A125_304280,PUR_IED_BrasiliaU_A125_304280,,,,,
2026-09-12T02:36:06-05:00,PUR_IED_BrasiliaU_A203_7c8ca5,PUR_IED_BrasiliaU_A203_7c8ca5,,,,,
2026-09-12T02:36:06-05:00,PUR_IED_BrasiliaU_Ext_8d6e9f,PUR_IED_BrasiliaU_Ext_8d6e9f,4,17,61,4.5175,-74.116302
2026-09-12T02:36:06-05:00,PUR_IED_Brasilia_Ext_fe6593,PUR_IED_Brasilia_Ext_fe6593,,,,,
2026-09-12T02:36:06-05:00,PUR_IED_Brasilia_S24_7c130d,PUR_IED_Brasilia_S24_7c130d,,,,,
2026-09-12T02:36:06-05:00,PUR_IED_Brasilia_S501_186a54,PUR_IED_Brasilia_S501_186a54,,,,,
2026-09-12T02:36:06-05:00,PUR_IED_CHARRY_EXT_f1d5cd,PUR_IED_CHARRY_EXT_f1d5cd,,,,,
2026-09-12T02:36:06-05:00,PUR_IED_CHARRY_INTDANZAS_7a08e6,PUR_IED_CHARRY_INTDANZAS_7a08e6,,,,,
2026-09-12T02:36:06-05:00,PUR_IED_CHARRY_INT_AULA20_dc998d,PUR_IED_CHARRY_INT_AULA20_dc998d,,,,,
2026-09-12T02:36:06-05:00,PUR_IED_COLVIV_1101_S25_7f520a,PUR_IED_COLVIV_1101_S25_7f520a,,,,,
2026-09-12T02:36:06-05:00,PUR_IED_COLVIV_1102_S16_f570ba,PUR_IED_COLVIV_1102_S16_f570ba,,,,,
2026-09-12T02:36:06-05:00,PUR_IED_COLVIV_Ext_1a26fa,PUR_IED_COLVIV_Ext_1a26fa,,,,,
2026-09-12T02:36:06-05:00,PUR_IED_CULPOP_301A_f660f3,PUR_IED_CULPOP_301A_f660f3,,,,,
2026-09-12T02:36:06-05:00,PUR_IED_CULPOP_303_568afe,PUR_IED_CULPOP_303_568afe,,,,,
2026-09-12T02:36:06-05:00,PUR_IED_CULPOP_Ext_e02ccb,PUR_IED_CULPOP_Ext_e02ccb,,,,,
2026-09-12T02:36:06-05:00,PUR_IED_CVillavicen_Ext_26eb58,PUR_IED_CVillavicen_Ext_26eb58,4,15,78,4.487,-74.102798
2026-09-12T02:36:06-05:00,PUR_IED_CVillavicen_Intel_1ce5c2,PUR_IED_CVillavicen_Intel_1ce5c2,,,,,
2026-09-12T02:36:06-05:00,PUR_IED_CVillavicen_Poliv_e0766c,PUR_IED_CVillavicen_Poliv_e0766c,,,,,
2026-09-12T02:36:06-05:00,PUR_IED_CVillavicen_int_1ba140,PUR_IED_CVillavicen_int_1ba140,,,,,
2026-09-12T02:36:06-05:00,PUR_IED_CVillavicen_intel_1ba140,PUR_IED_CVillavicen_intel_1ba140,,,,,
2026-09-12T02:36:06-05:00,PUR_IED_CarlosPizarro_Ext_e307cc,PUR_IED_CarlosPizarro_Ext_e307cc,,,,,
2026-09-12T02:36:06-05:00,PUR_IED_CarlosPizarro_L36_7e5cdb,PUR_IED_CarlosPizarro_L36_7e5cdb,,,,,
2026-09-12T02:36:06-05:00,PUR_IED_CarlosPizarro_L37_c8566c,PUR_IED_CarlosPizarro_L37_c8566c,,,,,
2026-09-12T02:36:06-05:00,PUR_IED_Castilla_Ext_cf35f,PUR_IED_Castilla_Ext_cf35f,,,,,
2026-09-12T02:36:06-05:00,PUR_IED_Castilla_SFisik_360e38,PUR_IED_Castilla_SFisik_360e38,,,,,
2026-09-12T02:36:06-05:00,PUR_IED_Castilla_Sc304_496fbf,PUR_IED_Castilla_Sc304_496fbf,,,,,
2026-09-12T02:36:06-05:00,PUR_IED_CervantesSa_Ext_6b57b,PUR_IED_CervantesSa_Ext_6b57b,3,17,67,4.5128,-74.117203
2026-09-12T02:36:06-05:00,PUR_IED_CervantesSa_S107_225c2b,PUR_IED_CervantesSa_S107_225c2b,,,,,
2026-09-12T02:36:06-05:00,PUR_IED_CervantesSa_S108_940925,PUR_IED_CervantesSa_S108_940925,,,,,
2026-09-12T02:36:06-05:00,PUR_IED_Charry_A20_f53e7c,PUR_IED_Charry_A20_f53e7c,,,,,
2026-09-12T02:36:06-05:00,PUR_IED_Charry_Ext_f1d5cd,PUR_IED_Charry_Ext_f1d5cd,,,,,
2026-09-12T02:36:06-05:00,PUR_IED_Charry_IntAula20_dc998d,PUR_IED_Charry_IntAula20_dc998d,,,,,
2026-09-12T02:36:06-05:00,PUR_IED_Charry_IntDanzas_7a08e6,PUR_IED_Charry_IntDanzas_7a08e6,,,,,
2026-09-12T02:36:06-05:00,PUR_IED_ClememciaC_203_43e2fc,PUR_IED_ClememciaC_203_43e2fc,,,,,
2026-09-12T02:36:06-05:00,PUR_IED_ClememciaC_Ext_1b411a,PUR_IED_ClememciaC_Ext_1b411a,,,,,
2026-09-12T02:36:06-05:00,PUR_IED_ClememciaC_Quimic_44b5fc,PUR_IED_ClememciaC_Quimic_44b5fc,,,,,
2026-09-12T02:36:06-05:00,PUR_IED_ClemenciaC_203_43e2fc,PUR_IED_ClemenciaC_203_43e2fc,,,,,
2026-09-12T02:36:06-05:00,PUR_IED_ClemenciaC_Ext_1b411a,PUR_IED_ClemenciaC_Ext_1b411a,,,,,
2026-09-12T02:36:06-05:00,PUR_IED_ClemenciaC_Quimic_44b5fc,PUR_IED_ClemenciaC_Quimic_44b5fc,,,,,
2026-09-12T02:36:06-05:00,PUR_IED_ColViva_1101_S25_7f520a,PUR_IED_ColViva_1101_S25_7f520a,,,,,
2026-09-12T02:36:06-05:00,PUR_IED_ColViva_1102_S16_f570ba,PUR_IED_ColViva_1102_S16_f570ba,,,,,
2026-09-12T02:36:06-05:00,PUR_IED_ColViva_Ext_1a26fa,PUR_IED_ColViva_Ext_1a26fa,,,,,
2026-09-12T02:36:06-05:00,PUR_IED_ColegioBici_Asist_7c8798,PUR_IED_ColegioBici_Asist_7c8798,,,,,
2026-09-12T02:36:06-05:00,PUR_IED_ColegioBici_Ext_25cbf6,PUR_IED_ColegioBici_Ext_25cbf6,,,,,
2026-09-12T02:36:06-05:00,PUR_IED_ColegioBici_LabQ_7b57db,PUR_IED_ColegioBici_LabQ_7b57db,,,,,
2026-09-12T02:36:06-05:00,PUR_IED_CostaRica_Ext_5e640,PUR_IED_CostaRica_Ext_5e640,,,,,
2026-09-12T02:36:06-05:00,PUR_IED_CostaRica_Quim1_766d1c,PUR_IED_CostaRica_Quim1_766d1c,,,,,
2026-09-12T02:36:06-05:00,PUR_IED_CostaRica__Fisica_6f0873,PUR_IED_CostaRica__Fisica_6f0873,,,,,
2026-09-12T02:36:06-05:00,PUR_IED_CulPopu_301A_f660f3,PUR_IED_CulPopu_301A_f660f3,,,,,
2026-09-12T02:36:06-05:00,PUR_IED_CulPopu_303_568afe,PUR_IED_CulPopu_303_568afe,,,,,
2026-09-12T02:36:06-05:00,PUR_IED_CulPopu_Ext_e02ccb,PUR_IED_CulPopu_Ext_e02ccb,,,,,
2026-09-12T02:36:06-05:00,PUR_IED_Cundinamarca_Ext_f15985,PUR_IED_Cundinamarca_Ext_f15985,,,,,
2026-09-12T02:36:06-05:00,PUR_IED_Cundinamarca_Info_7aa5d7,PUR_IED_Cundinamarca_Info_7aa5d7,,,,,
2026-09-12T02:36:06-05:00,PUR_IED_Cundinamarca_Tec2_f449c7,PUR_IED_Cundinamarca_Tec2_f449c7,,,,,
2026-09-12T02:36:06-05:00,PUR_IED_DiegoM_Aula1_27b314,PUR_IED_DiegoM_Aula1_27b314,,,,,
2026-09-12T02:36:06-05:00,PUR_IED_DiegoM_Ext_d80ac8,PUR_IED_DiegoM_Ext_d80ac8,,,,,
2026-09-12T02:36:06-05:00,PUR_IED_DiegoM_S25_da928f,PUR_IED_DiegoM_S25_da928f,,,,,
2026-09-12T02:36:06-05:00,PUR_IED_ELRODEO_360881,PUR_IED_ELRODEO_360881,,,,,
2026-09-12T02:36:06-05:00,PUR_IED_ELRODEO_ext_360881,PUR_IED_ELRODEO_ext_360881,,,,,
2026-09-12T02:36:06-05:00,PUR_IED_EduardoU_Ext_1c1969,PUR_IED_EduardoU_Ext_1c1969,,,,,
2026-09-12T02:36:06-05:00,PUR_IED_EduardoU_SCiencia_4dfb94,PUR_IED_EduardoU_SCiencia_4dfb94,,,,,
2026-09-12T02:36:06-05:00,PUR_IED_EduardoU_SQuimica_5a46e7,PUR_IED_EduardoU_SQuimica_5a46e7,,,,,
2026-09-12T02:36:06-05:00,PUR_IED_ElRodeo_Aula14_676984,PUR_IED_ElRodeo_Aula14_676984,,,,,
2026-09-12T02:36:06-05:00,PUR_IED_ElRodeo_Aula16_2dd35b,PUR_IED_ElRodeo_Aula16_2dd35b,,,,,
2026-09-12T02:36:06-05:00,PUR_IED_ElRodeo_Ext_360881,PUR_IED_ElRodeo_Ext_360881,,,,,
2026-09-12T02:36:06-05:00,PUR_IED_ElRodeo_Exterior_8c6d28,PUR_IED_ElRodeo_Exterior_8c6d28,,,,,
2026-09-12T02:36:06-05:00,PUR_IED_ElRodeo_ext_360881,PUR_IED_ElRodeo_ext_360881,,,,,
2026-09-12T02:36:06-05:00,PUR_IED_EmmaReyes_Ext_987625,PUR_IED_EmmaReyes_Ext_987625,13,21,53,4.6367,-74.1511
2026-09-12T02:36:06-05:00,PUR_IED_Ensueño_Ext_7f0250,PUR_IED_Ensueño_Ext_7f0250,,,,,
2026-09-12T02:36:06-05:00,PUR_IED_EscNormal_Ext_5fef3b,PUR_IED_EscNormal_Ext_5fef3b,2,18,62,4.5852,-74.096901
2026-09-12T02:36:06-05:00,PUR_IED_EscNormal_S309_5b263,PUR_IED_EscNormal_S309_5b263,,,,,
2026-09-12T02:36:06-05:00,PUR_IED_EscNormal_S310_27b3b8,PUR_IED_EscNormal_S310_27b3b8,,,,,
2026-09-12T02:36:06-05:00,PUR_IED_Evangelista_Conta_f6cd4f,PUR_IED_Evangelista_Conta_f6cd4f,,,,,
2026-09-12T02:36:06-05:00,PUR_IED_Evangelista_Cri_5e16a,PUR_IED_Evangelista_Cri_5e16a,,,,,
2026-09-12T02:36:06-05:00,PUR_IED_Evangelista_Exter_754066,PUR_IED_Evangelista_Exter_754066,,,,,
2026-09-12T02:36:06-05:00,PUR_IED_FMiranda_S209_5cc2a3,PUR_IED_FMiranda_S209_5cc2a3,,,,,
2026-09-12T02:36:06-05:00,PUR_IED_FMiranda_S303_19e344,PUR_IED_FMiranda_S303_19e344,,,,,
2026-09-12T02:36:06-05:00,PUR_IED_FMiranda_ext_f53e7c,PUR_IED_FMiranda_ext_f53e7c,,,,,
2026-09-12T02:36:06-05:00,PUR_IED_FabioLozano_Bibli_1cee05,PUR_IED_FabioLozano_Bibli_1cee05,,,,,
2026-09-12T02:36:06-05:00,PUR_IED_FabioLozano_Ext_6ea285,PUR_IED_FabioLozano_Ext_6ea285,,,,,
2026-09-12T02:36:06-05:00,PUR_IED_FabioLozano_SLudi_f09e1e,PUR_IED_FabioLozano_SLudi_f09e1e,,,,,
2026-09-12T02:36:06-05:00,PUR_IED_FaustinoS_Aula07_27a731,PUR_IED_FaustinoS_Aula07_27a731,,,,,
2026-09-12T02:36:06-05:00,PUR_IED_FaustinoS_Ext_7b936f,PUR_IED_FaustinoS_Ext_7b936f,,,,,
2026-09-12T02:36:06-05:00,PUR_IED_FaustinoS_Fisica_da2c60,PUR_IED_FaustinoS_Fisica_da2c60,,,,,
2026-09-12T02:36:06-05:00,PUR_IED_FeGarciaLo_Ext_dc68ee,PUR_IED_FeGarciaLo_Ext_dc68ee,,,,,
2026-09-12T02:36:06-05:00,PUR_IED_FeGarciaLo_SDanza_f70a59,PUR_IED_FeGarciaLo_SDanza_f70a59,,,,,
2026-09-12T02:36:06-05:00,PUR_IED_FeGarciaLo_SMusic_125cdd,PUR_IED_FeGarciaLo_SMusic_125cdd,,,,,
2026-09-12T02:36:06-05:00,PUR_IED_FederalAlema_Exte_50c345,PUR_IED_FederalAlema_Exte_50c345,,,,,
2026-09-12T02:36:06-05:00,PUR_IED_FederalAlema_S31_f18371,PUR_IED_FederalAlema_S31_f18371,,,,,
2026-09-12T02:36:06-05:00,PUR_IED_FederalAlema_S901_a62cd,PUR_IED_FederalAlema_S901_a62cd,,,,,
2026-09-12T02:36:06-05:00,PUR_IED_FilarmonicaS_A5_f35eb1,PUR_IED_FilarmonicaS_A5_f35eb1,,,,,
2026-09-12T02:36:06-05:00,PUR_IED_FilarmonicaS_Ext_8a3bde,PUR_IED_FilarmonicaS_Ext_8a3bde,,,,,
2026-09-12T02:36:06-05:00,PUR_IED_FilarmonicaS_Spol_406114,PUR_IED_FilarmonicaS_Spol_406114,,,,,
2026-09-12T02:36:06-05:00,PUR_IED_FlorentinoG_A13_d1fa59,PUR_IED_FlorentinoG_A13_d1fa59,,,,,
2026-09-12T02:36:06-05:00,PUR_IED_FlorentinoG_Ext_1ce6ce,PUR_IED_FlorentinoG_Ext_1ce6ce,,,,,
2026-09-12T02:36:06-05:00,PUR_IED_FlorentinoG_Idiom_a66aac,PUR_IED_FlorentinoG_Idiom_a66aac,,,,,
2026-09-12T02:36:06-05:00,PUR_IED_FranciscoMati_Ext_e3869d,PUR_IED_FranciscoMati_Ext_e3869d,,,,,
2026-09-12T02:36:06-05:00,PUR_IED_FranciscoMati_S13_f31c67,PUR_IED_FranciscoMati_S13_f31c67,,,,,
2026-09-12T02:36:06-05:00,PUR_IED_FranciscoMati_S14_97dead,PUR_IED_FranciscoMati_S14_97dead,,,,,
2026-09-12T02:36:06-05:00,PUR_IED_FranciscoPS_Ext_7bfa9a,PUR_IED_FranciscoPS_Ext_7bfa9a,3,20,58,4.5899,-74.110397
2026-09-12T02:36:06-05:00,PUR_IED_FranciscoPS_Infor_fb8f4c,PUR_IED_FranciscoPS_Infor_fb8f4c,,,,,
2026-09-12T02:36:06-05:00,PUR_IED_FranciscoPS_Quimi_94d39c,PUR_IED_FranciscoPS_Quimi_94d39c,,,,,
2026-09-12T02:36:06-05:00,PUR_IED_FranciscoP_LabQ_d7e148,PUR_IED_FranciscoP_LabQ_d7e148,,,,,
2026-09-12T02:36:06-05:00,PUR_IED_FranciscoP_S28_cf9b30,PUR_IED_FranciscoP_S28_cf9b30,,,,,
2026-09-12T02:36:06-05:00,PUR_IED_FranciscoP_ext_e2313,PUR_IED_FranciscoP_ext_e2313,,,,,
2026-09-12T02:36:06-05:00,PUR_IED_FriederichN_Ext_8ac92a,PUR_IED_FriederichN_Ext_8ac92a,,,,,
2026-09-12T02:36:06-05:00,PUR_IED_FriederichN_S301_dd7e5a,PUR_IED_FriederichN_S301_dd7e5a,,,,,
2026-09-12T02:36:06-05:00,PUR_IED_FriederichN_S308_761f4f,PUR_IED_FriederichN_S308_761f4f,,,,,
2026-09-12T02:36:06-05:00,PUR_IED_GSantander_Aula10_533dd7,PUR_IED_GSantander_Aula10_533dd7,,,,,
2026-09-12T02:36:06-05:00,PUR_IED_GSantander_Aula12_fd4e4f,PUR_IED_GSantander_Aula12_fd4e4f,,,,,
2026-09-12T02:36:06-05:00,PUR_IED_GSantander_Aula310_533dd7,PUR_IED_GSantander_Aula310_533dd7,,,,,
2026-09-12T02:36:06-05:00,PUR_IED_GSantander_Aula312_fd4e4f,PUR_IED_GSantander_Aula312_fd4e4f,,,,,
2026-09-12T02:36:06-05:00,PUR_IED_GSantander_Ext_5f66b0,PUR_IED_GSantander_Ext_5f66b0,,,,,
2026-09-12T02:36:06-05:00,PUR_IED_GYomasa_Ext_f6bea5,PUR_IED_GYomasa_Ext_f6bea5,,,,,
2026-09-12T02:36:06-05:00,PUR_IED_GYomasa_LBiol_2c41aa,PUR_IED_GYomasa_LBiol_2c41aa,,,,,
2026-09-12T02:36:06-05:00,PUR_IED_GYomasa_LQuim_33c80,PUR_IED_GYomasa_LQuim_33c80,,,,,
2026-09-12T02:36:06-05:00,PUR_IED_GabBetMejia_Cienc_5a99c,PUR_IED_GabBetMejia_Cienc_5a99c,,,,,
2026-09-12T02:36:06-05:00,PUR_IED_GabBetMejia_Ext_9153d0,PUR_IED_GabBetMejia_Ext_9153d0,,,,,
2026-09-12T02:36:06-05:00,PUR_IED_GabBetMejia_Lab_f55347,PUR_IED_GabBetMejia_Lab_f55347,,,,,
2026-09-12T02:36:06-05:00,PUR_IED_GabBetanMejia_Ext_9153d0,PUR_IED_GabBetanMejia_Ext_9153d0,,,,,
2026-09-12T02:36:06-05:00,PUR_IED_Gaitana_Aula13_7aac11,PUR_IED_Gaitana_Aula13_7aac11,,,,,
2026-09-12T02:36:06-05:00,PUR_IED_Gaitana_Ext_5fcf4,PUR_IED_Gaitana_Ext_5fcf4,,,,,
2026-09-12T02:36:06-05:00,PUR_IED_Gaitana_LabFisica_644448,PUR_IED_Gaitana_LabFisica_644448,,,,,
2026-09-12T02:36:06-05:00,PUR_IED_GenSantander_Dise_8ac858,PUR_IED_GenSantander_Dise_8ac858,,,,,
2026-09-12T02:36:06-05:00,PUR_IED_GenSantander_Ext_8d5dfe,PUR_IED_GenSantander_Ext_8d5dfe,,,,,
2026-09-12T02:36:06-05:00,PUR_IED_GenSantander_Info_6c25b,PUR_IED_GenSantander_Info_6c25b,,,,,
2026-09-12T02:36:06-05:00,PUR_IED_GustavoMo_Exterio_75e63d,PUR_IED_GustavoMo_Exterio_75e63d,,,,,
2026-09-12T02:36:06-05:00,PUR_IED_GustavoMo_LabFisi_224d37,PUR_IED_GustavoMo_LabFisi_224d37,,,,,
2026-09-12T02:36:06-05:00,PUR_IED_GustavoMo_S208_3e6918,PUR_IED_GustavoMo_S208_3e6918,,,,,
2026-09-12T02:36:06-05:00,PUR_IED_GustavoR_A02_8cd4a8,PUR_IED_GustavoR_A02_8cd4a8,,,,,
2026-09-12T02:36:06-05:00,PUR_IED_GustavoR_B11_5b0ed,PUR_IED_GustavoR_B11_5b0ed,,,,,
2026-09-12T02:36:06-05:00,PUR_IED_GustavoR_Ext_7a0c90,PUR_IED_GustavoR_Ext_7a0c90,,,,,
2026-09-12T02:36:06-05:00,PUR_IED_HernandoDuran_Ext_8cd82b,PUR_IED_HernandoDuran_Ext_8cd82b,,,,,
2026-09-12T02:36:06-05:00,PUR_IED_HernandoDuran_S24_2772c6,PUR_IED_HernandoDuran_S24_2772c6,,,,,
2026-09-12T02:36:06-05:00,PUR_IED_HernandoDuran_S30_f2de41,PUR_IED_HernandoDuran_S30_f2de41,,,,,
2026-09-12T02:36:06-05:00,PUR_IED_HolguInUr_S1101_8cd732,PUR_IED_HolguInUr_S1101_8cd732,,,,,
2026-09-12T02:36:06-05:00,PUR_IED_HolguinUr_Exter_ddae6d,PUR_IED_HolguinUr_Exter_ddae6d,,,,,
2026-09-12T02:36:06-05:00,PUR_IED_HolguinUr_LabQuim_92b952,PUR_IED_HolguinUr_LabQuim_92b952,,,,,
2026-09-12T02:36:06-05:00,PUR_IED_Isabel-II_Ext_5245cc,PUR_IED_Isabel-II_Ext_5245cc,11,18,62,4.6336,-74.153
2026-09-12T02:36:06-05:00,PUR_IED_Isabel-II_S_idiom_1c29aa,PUR_IED_Isabel-II_S_idiom_1c29aa,,,,,
2026-09-12T02:36:06-05:00,PUR_IED_Isabel-II_S_infor_fd741,PUR_IED_Isabel-II_S_infor_fd741,,,,,
2026-09-12T02:36:06-05:00,PUR_IED_IsidroSur_Exterio_5b90ea,PUR_IED_IsidroSur_Exterio_5b90ea,,,,,
2026-09-12T02:36:06-05:00,PUR_IED_IsidroSur_LabTec_56697a,PUR_IED_IsidroSur_LabTec_56697a,,,,,
2026-09-12T02:36:06-05:00,PUR_IED_IsidroSur_Robotic_b7c38f,PUR_IED_IsidroSur_Robotic_b7c38f,,,,,
2026-09-12T02:36:06-05:00,PUR_IED_IsmaelPerd_Ext_7b6672,PUR_IED_IsmaelPerd_Ext_7b6672,,,,,
2026-09-12T02:36:06-05:00,PUR_IED_IsmaelPerd_Inform_306540,PUR_IED_IsmaelPerd_Inform_306540,,,,,
2026-09-12T02:36:06-05:00,PUR_IED_IsmaelPerd_S30_2e2c83,PUR_IED_IsmaelPerd_S30_2e2c83,,,,,
2026-09-12T02:36:06-05:00,PUR_IED_JLozano_Exter_432910,PUR_IED_JLozano_Exter_432910,,,,,
2026-09-12T02:36:06-05:00,PUR_IED_JLozano_salaMulti_df5125,PUR_IED_JLozano_salaMulti_df5125,,,,,
2026-09-12T02:36:06-05:00,PUR_IED_JMCordoba_206_86f80b,PUR_IED_JMCordoba_206_86f80b,,,,,
2026-09-12T02:36:06-05:00,PUR_IED_JMCordoba_Ext_27ad97,PUR_IED_JMCordoba_Ext_27ad97,,,,,
2026-09-12T02:36:06-05:00,PUR_IED_JMCordoba_S310_d59ab4,PUR_IED_JMCordoba_S310_d59ab4,,,,,
2026-09-12T02:36:06-05:00,PUR_IED_Japon_Ext_549100,PUR_IED_Japon_Ext_549100,,,,,
2026-09-12T02:36:06-05:00,PUR_IED_Japon_Laboratorio_bec51d,PUR_IED_Japon_Laboratorio_bec51d,,,,,
2026-09-12T02:36:06-05:00,PUR_IED_Japon_informatica_d99327,PUR_IED_Japon_informatica_d99327,,,,,
2026-09-12T02:36:06-05:00,PUR_IED_Jazmin_Ext_d27bda,PUR_IED_Jazmin_Ext_d27bda,,,,,
2026-09-12T02:36:06-05:00,PUR_IED_Jazmin_Fisica_8d14d7,PUR_IED_Jazmin_Fisica_8d14d7,,,,,
2026-09-12T02:36:06-05:00,PUR_IED_Jazmin_Quimica_801cb5,PUR_IED_Jazmin_Quimica_801cb5,,,,,
2026-09-12T02:36:06-05:00,PUR_IED_JorgeGaitan_Exter_f098d1,PUR_IED_JorgeGaitan_Exter_f098d1,,,,,
2026-09-12T02:36:06-05:00,PUR_IED_JorgeGaitan_STec1_dc9d1d,PUR_IED_JorgeGaitan_STec1_dc9d1d,,,,,
2026-09-12T02:36:06-05:00,PUR_IED_JorgeGaitan_STec2_281e69,PUR_IED_JorgeGaitan_STec2_281e69,,,,,
2026-09-12T02:36:06-05:00,PUR_IED_JorgeSoto_Exterio_d9d0a2,PUR_IED_JorgeSoto_Exterio_d9d0a2,,,,,
2026-09-12T02:36:06-05:00,PUR_IED_JorgeSoto_LabFisi_209c54,PUR_IED_JorgeSoto_LabFisi_209c54,,,,,
2026-09-12T02:36:06-05:00,PUR_IED_JorgeSoto_S103_27b51a,PUR_IED_JorgeSoto_S103_27b51a,,,,,
2026-09-12T02:36:06-05:00,PUR_IED_JoseAcevedo_A02_e965eb,PUR_IED_JoseAcevedo_A02_e965eb,,,,,
2026-09-12T02:36:06-05:00,PUR_IED_JoseAcevedo_A07_dd5b4,PUR_IED_JoseAcevedo_A07_dd5b4,,,,,
2026-09-12T02:36:06-05:00,PUR_IED_JoseAcevedo_Ext_b47484,PUR_IED_JoseAcevedo_Ext_b47484,,,,,
2026-09-12T02:36:06-05:00,PUR_IED_JoseMarti_Exte_5b9bf,PUR_IED_JoseMarti_Exte_5b9bf,,,,,
2026-09-12T02:36:06-05:00,PUR_IED_JoseMarti_LabQuim_1c6c2d,PUR_IED_JoseMarti_LabQuim_1c6c2d,,,,,
2026-09-12T02:36:06-05:00,PUR_IED_JoseMarti_S_info_f5f177,PUR_IED_JoseMarti_S_info_f5f177,,,,,
2026-09-12T02:36:06-05:00,PUR_IED_Josejoaquin_Ext_dfc5dc,PUR_IED_Josejoaquin_Ext_dfc5dc,,,,,
2026-09-12T02:36:06-05:00,PUR_IED_Josejoaquin_S05_5b2a96,PUR_IED_Josejoaquin_S05_5b2a96,,,,,
2026-09-12T02:36:06-05:00,PUR_IED_Josejoaquin_S06_1ce7d2,PUR_IED_Josejoaquin_S06_1ce7d2,,,,,
2026-09-12T02:36:06-05:00,PUR_IED_JulioFlorez_Danza_9b82dd,PUR_IED_JulioFlorez_Danza_9b82dd,,,,,
2026-09-12T02:36:06-05:00,PUR_IED_JulioFlorez_Exter_f9f314,PUR_IED_JulioFlorez_Exter_f9f314,,,,,
2026-09-12T02:36:06-05:00,PUR_IED_JulioFlorez_info2_6b6e08,PUR_IED_JulioFlorez_info2_6b6e08,,,,,
2026-09-12T02:36:06-05:00,PUR_IED_LaBelleza_Aula13_1d00d8,PUR_IED_LaBelleza_Aula13_1d00d8,,,,,
2026-09-12T02:36:06-05:00,PUR_IED_LaBelleza_Ext_7bc08c,PUR_IED_LaBelleza_Ext_7bc08c,,,,,
2026-09-12T02:36:06-05:00,PUR_IED_LaChucua_Ext_8cd6d2,PUR_IED_LaChucua_Ext_8cd6d2,,,,,
2026-09-12T02:36:06-05:00,PUR_IED_LaChucua_S15_f578ce,PUR_IED_LaChucua_S15_f578ce,,,,,
2026-09-12T02:36:06-05:00,PUR_IED_LaChucua_S16_eebcf9,PUR_IED_LaChucua_S16_eebcf9,,,,,
2026-09-12T02:36:06-05:00,PUR_IED_LaFelicidad_Ext_fb5109,PUR_IED_LaFelicidad_Ext_fb5109,,,,,
2026-09-12T02:36:06-05:00,PUR_IED_LaMerced_206_66ebd,PUR_IED_LaMerced_206_66ebd,,,,,
2026-09-12T02:36:06-05:00,PUR_IED_LaMerced_207_6ebd6,PUR_IED_LaMerced_207_6ebd6,,,,,
2026-09-12T02:36:06-05:00,PUR_IED_LaMerced_ext_304311,PUR_IED_LaMerced_ext_304311,,,,,
2026-09-12T02:36:06-05:00,PUR_IED_Laureano_CiencNat_281e5e,PUR_IED_Laureano_CiencNat_281e5e,,,,,
2026-09-12T02:36:06-05:00,PUR_IED_Laureano_Comedor_f65c0a,PUR_IED_Laureano_Comedor_f65c0a,,,,,
2026-09-12T02:36:06-05:00,PUR_IED_Laureano_Exterior_7ab011,PUR_IED_Laureano_Exterior_7ab011,,,,,
2026-09-12T02:36:06-05:00,PUR_IED_LeonGreiff_Exte_dfe560,PUR_IED_LeonGreiff_Exte_dfe560,,,,,
2026-09-12T02:36:06-05:00,PUR_IED_LeonGreiff_S210_f264ed,PUR_IED_LeonGreiff_S210_f264ed,,,,,
2026-09-12T02:36:06-05:00,PUR_IED_LeonGreiff_SQuimi_e8296f,PUR_IED_LeonGreiff_SQuimi_e8296f,,,,,
2026-09-12T02:36:06-05:00,PUR_IED_LlanoOrientalS208_7b9fcd,PUR_IED_LlanoOrientalS208_7b9fcd,,,,,
2026-09-12T02:36:06-05:00,PUR_IED_LlanoOriental_Ext_fb3766,PUR_IED_LlanoOriental_Ext_fb3766,,,,,
2026-09-12T02:36:06-05:00,PUR_IED_LlanoOriental_S208_7b9fcd,PUR_IED_LlanoOriental_S208_7b9fcd,,,,,
2026-09-12T02:36:06-05:00,PUR_IED_LlanoOriental_S9_27b378,PUR_IED_LlanoOriental_S9_27b378,,,,,
2026-09-12T02:36:06-05:00,PUR_IED_LosTejares_1101_477602,PUR_IED_LosTejares_1101_477602,,,,,
2026-09-12T02:36:06-05:00,PUR_IED_LosTejares_11_d2c595,PUR_IED_LosTejares_11_d2c595,,,,,
2026-09-12T02:36:06-05:00,PUR_IED_LosTejares_12_477602,PUR_IED_LosTejares_12_477602,,,,,
2026-09-12T02:36:06-05:00,PUR_IED_LosTejares_Ext_8e2115,PUR_IED_LosTejares_Ext_8e2115,,,,,
2026-09-12T02:36:06-05:00,PUR_IED_MagdalenaO_B202_5ddda3,PUR_IED_MagdalenaO_B202_5ddda3,,,,,
2026-09-12T02:36:06-05:00,PUR_IED_MagdalenaO_B205_fb76e8,PUR_IED_MagdalenaO_B205_fb76e8,,,,,
2026-09-12T02:36:06-05:00,PUR_IED_MagdalenaO_ext_dc69cd,PUR_IED_MagdalenaO_ext_dc69cd,,,,,
2026-09-12T02:36:06-05:00,PUR_IED_ManueCepeda_artes_eee956,PUR_IED_ManueCepeda_artes_eee956,,,,,
2026-09-12T02:36:06-05:00,PUR_IED_ManuelCepeda_Ext_58313,PUR_IED_ManuelCepeda_Ext_58313,,,,,
2026-09-12T02:36:06-05:00,PUR_IED_ManuelCepeda_tec_1c5731,PUR_IED_ManuelCepeda_tec_1c5731,,,,,
2026-09-12T02:36:06-05:00,PUR_IED_ManuelS_Exterior_5b269,PUR_IED_ManuelS_Exterior_5b269,,,,,
2026-09-12T02:36:06-05:00,PUR_IED_ManuelS_Inform_f369ce,PUR_IED_ManuelS_Inform_f369ce,,,,,
2026-09-12T02:36:06-05:00,PUR_IED_ManuelS_SArtes_7d15f1,PUR_IED_ManuelS_SArtes_7d15f1,,,,,
2026-09-12T02:36:06-05:00,PUR_IED_ManuelZapata_303_3ca6,PUR_IED_ManuelZapata_303_3ca6,,,,,
2026-09-12T02:36:06-05:00,PUR_IED_ManuelZapata_311_bfbabc,PUR_IED_ManuelZapata_311_bfbabc,,,,,
2026-09-12T02:36:06-05:00,PUR_IED_ManuelZapata_Ext_50824a,PUR_IED_ManuelZapata_Ext_50824a,,,,,
2026-09-12T02:36:06-05:00,PUR_IED_ManuelitaS_Exteri_656a92,PUR_IED_ManuelitaS_Exteri_656a92,,,,,
2026-09-12T02:36:06-05:00,PUR_IED_ManuelitaS_JuzgDe_f58ec3,PUR_IED_ManuelitaS_JuzgDe_f58ec3,,,,,
2026-09-12T02:36:06-05:00,PUR_IED_ManuelitaS_Recrea_d793db,PUR_IED_ManuelitaS_Recrea_d793db,,,,,
2026-09-12T02:36:06-05:00,PUR_IED_MarFidSuarez_Ext_c27b19,PUR_IED_MarFidSuarez_Ext_c27b19,,,,,
2026-09-12T02:36:06-05:00,PUR_IED_MarFidSuarez_Info_e384d7,PUR_IED_MarFidSuarez_Info_e384d7,,,,,
2026-09-12T02:36:06-05:00,PUR_IED_MarFidSuarez_S306_1d0032,PUR_IED_MarFidSuarez_S306_1d0032,,,,,
2026-09-12T02:36:06-05:00,PUR_IED_Menorah_301_2a25a3,PUR_IED_Menorah_301_2a25a3,,,,,
2026-09-12T02:36:06-05:00,PUR_IED_Menorah_306_37ed3,PUR_IED_Menorah_306_37ed3,,,,,
2026-09-12T02:36:06-05:00,PUR_IED_Menorah_Ext_3e155b,PUR_IED_Menorah_Ext_3e155b,,,,,
2026-09-12T02:36:06-05:00,PUR_IED_MinutoB.Aires_A11_1b1604,PUR_IED_MinutoB.Aires_A11_1b1604,,,,,
2026-09-12T02:36:06-05:00,PUR_IED_MinutoB.Aires_A12_fb5860,PUR_IED_MinutoB.Aires_A12_fb5860,,,,,
2026-09-12T02:36:06-05:00,PUR_IED_MinutoB.Aires_Ext_81293f,PUR_IED_MinutoB.Aires_Ext_81293f,,,,,
2026-09-12T02:36:06-05:00,PUR_IED_MinutoBAires_A11_1b1604,PUR_IED_MinutoBAires_A11_1b1604,,,,,
2026-09-12T02:36:06-05:00,PUR_IED_MinutoBAires_A12_fb5860,PUR_IED_MinutoBAires_A12_fb5860,,,,,
2026-09-12T02:36:06-05:00,PUR_IED_MinutoBAires_Ext_81293f,PUR_IED_MinutoBAires_Ext_81293f,,,,,
2026-09-12T02:36:06-05:00,PUR_IED_Montreal_Aula10_1e4959,PUR_IED_Montreal_Aula10_1e4959,,,,,
2026-09-12T02:36:06-05:00,PUR_IED_Montreal_Aula6_300367,PUR_IED_Montreal_Aula6_300367,,,,,
2026-09-12T02:36:06-05:00,PUR_IED_Montreal_Exterior_91a179,PUR_IED_Montreal_Exterior_91a179,,,,,
2026-09-12T02:36:06-05:00,PUR_IED_Mqgdalena_B202_5ddda3,PUR_IED_Mqgdalena_B202_5ddda3,,,,,
2026-09-12T02:36:06-05:00,PUR_IED_NACUND_Soc_dc8728,PUR_IED_NACUND_Soc_dc8728,,,,,
2026-09-12T02:36:06-05:00,PUR_IED_NACUND_ext_27ad97,PUR_IED_NACUND_ext_27ad97,,,,,
2026-09-12T02:36:06-05:00,PUR_IED_NEsperanza_Ext_d24b61,PUR_IED_NEsperanza_Ext_d24b61,,,,,
2026-09-12T02:36:06-05:00,PUR_IED_NEsperanza_SElect_7d1807,PUR_IED_NEsperanza_SElect_7d1807,,,,,
2026-09-12T02:36:06-05:00,PUR_IED_NEsperanza_SLabor_8b2d0a,PUR_IED_NEsperanza_SLabor_8b2d0a,,,,,
2026-09-12T02:36:06-05:00,PUR_IED_NacionesU_Ext_f661a9,PUR_IED_NacionesU_Ext_f661a9,,,,,
2026-09-12T02:36:06-05:00,PUR_IED_NacionesU_Quimica_66f0a,PUR_IED_NacionesU_Quimica_66f0a,,,,,
2026-09-12T02:36:06-05:00,PUR_IED_NacionesU_S306_1b4b3d,PUR_IED_NacionesU_S306_1b4b3d,,,,,
2026-09-12T02:36:06-05:00,PUR_IED_NestorFA_Ext_e4201c,PUR_IED_NestorFA_Ext_e4201c,,,,,
2026-09-12T02:36:06-05:00,PUR_IED_NestorFA_Laborato_f22fe0,PUR_IED_NestorFA_Laborato_f22fe0,,,,,
2026-09-12T02:36:06-05:00,PUR_IED_NestorFA_S204_dee996,PUR_IED_NestorFA_S204_dee996,,,,,
2026-09-12T02:36:06-05:00,PUR_IED_NidyaQT_Aula03_76999b,PUR_IED_NidyaQT_Aula03_76999b,,,,,
2026-09-12T02:36:06-05:00,PUR_IED_NidyaQT_Aula10_56325,PUR_IED_NidyaQT_Aula10_56325,,,,,
2026-09-12T02:36:06-05:00,PUR_IED_NidyaQT_Ext_46e32d,PUR_IED_NidyaQT_Ext_46e32d,,,,,
2026-09-12T02:36:06-05:00,PUR_IED_NuevaCol_Exterior_d9b859,PUR_IED_NuevaCol_Exterior_d9b859,,,,,
2026-09-12T02:36:06-05:00,PUR_IED_NuevaCol_S1101_76c43b,PUR_IED_NuevaCol_S1101_76c43b,,,,,
2026-09-12T02:36:06-05:00,PUR_IED_NuevaCol_S1102_1ce0b5,PUR_IED_NuevaCol_S1102_1ce0b5,,,,,
2026-09-12T02:36:06-05:00,PUR_IED_OEA_A202_f7e3f2,PUR_IED_OEA_A202_f7e3f2,,,,,
2026-09-12T02:36:06-05:00,PUR_IED_OEA_A203_7d1b8d,PUR_IED_OEA_A203_7d1b8d,,,,,
2026-09-12T02:36:06-05:00,PUR_IED_OEA_Ext_27b593,PUR_IED_OEA_Ext_27b593,,,,,
2026-09-12T02:36:06-05:00,PUR_IED_Ochoa_Ext_1c29da,PUR_IED_Ochoa_Ext_1c29da,,,,,
2026-09-12T02:36:06-05:00,PUR_IED_Ochoa_S205_8b1121,PUR_IED_Ochoa_S205_8b1121,,,,,
2026-09-12T02:36:06-05:00,PUR_IED_Ochoa_Sistemas_f33af6,PUR_IED_Ochoa_Sistemas_f33af6,,,,,
2026-09-12T02:36:06-05:00,PUR_IED_PQuebec_Ext_1c67c7,PUR_IED_PQuebec_Ext_1c67c7,,,,,
2026-09-12T02:36:06-05:00,PUR_IED_PQuebec_S15_23e8e2,PUR_IED_PQuebec_S15_23e8e2,,,,,
2026-09-12T02:36:06-05:00,PUR_IED_PQuebec_S16_8ec76b,PUR_IED_PQuebec_S16_8ec76b,,,,,
2026-09-12T02:36:06-05:00,PUR_IED_PabloN_Ext_49dc96,PUR_IED_PabloN_Ext_49dc96,,,,,
2026-09-12T02:36:06-05:00,PUR_IED_PabloN_S1102_4e3df5,PUR_IED_PabloN_S1102_4e3df5,,,,,
2026-09-12T02:36:06-05:00,PUR_IED_PabloN_S1103_50c94b,PUR_IED_PabloN_S1103_50c94b,,,,,
2026-09-12T02:36:06-05:00,PUR_IED_Palestina_S1101_db9198,PUR_IED_Palestina_S1101_db9198,,,,,
2026-09-12T02:36:06-05:00,PUR_IED_Palestina_S1102_dc54fa,PUR_IED_Palestina_S1102_dc54fa,,,,,
2026-09-12T02:36:06-05:00,PUR_IED_Palestina_ext_4ccce6,PUR_IED_Palestina_ext_4ccce6,,,,,
2026-09-12T02:36:06-05:00,PUR_IED_Panama_Fisica_4d0794,PUR_IED_Panama_Fisica_4d0794,,,,,
2026-09-12T02:36:06-05:00,PUR_IED_Panama_SIngles_a4077e,PUR_IED_Panama_SIngles_a4077e,,,,,
2026-09-12T02:36:06-05:00,PUR_IED_Panama_ext_4c54b4,PUR_IED_Panama_ext_4c54b4,,,,,
2026-09-12T02:36:06-05:00,PUR_IED_ParaisoM_Exterior_8cd7f0,PUR_IED_ParaisoM_Exterior_8cd7f0,,,,,
2026-09-12T02:36:06-05:00,PUR_IED_ParaisoM_Laborato_27af35,PUR_IED_ParaisoM_Laborato_27af35,,,,,
2026-09-12T02:36:06-05:00,PUR_IED_ParaisoM_S304_d1edca,PUR_IED_ParaisoM_S304_d1edca,,,,,
2026-09-12T02:36:06-05:00,PUR_IED_PorfirioBarba_Ext_301466,PUR_IED_PorfirioBarba_Ext_301466,,,,,
2026-09-12T02:36:06-05:00,PUR_IED_PorfirioBarba_S11_df6cd2,PUR_IED_PorfirioBarba_S11_df6cd2,,,,,
2026-09-12T02:36:06-05:00,PUR_IED_PorfirioBarba_S29_27a7d6,PUR_IED_PorfirioBarba_S29_27a7d6,,,,,
2026-09-12T02:36:06-05:00,PUR_IED_PradoV_Exter_8b27ad,PUR_IED_PradoV_Exter_8b27ad,,,,,
2026-09-12T02:36:06-05:00,PUR_IED_PradoV_S301_de65b5,PUR_IED_PradoV_S301_de65b5,,,,,
2026-09-12T02:36:06-05:00,PUR_IED_PradoV_S302_7d2593,PUR_IED_PradoV_S302_7d2593,,,,,
2026-09-12T02:36:06-05:00,PUR_IED_QuirogaAlz_Ext_1ddc82,PUR_IED_QuirogaAlz_Ext_1ddc82,,,,,
2026-09-12T02:36:06-05:00,PUR_IED_QuirogaAlz_S302_9926a3,PUR_IED_QuirogaAlz_S302_9926a3,,,,,
2026-09-12T02:36:06-05:00,PUR_IED_QuirogaAlz_S305_cdf1f1,PUR_IED_QuirogaAlz_S305_cdf1f1,,,,,
2026-09-12T02:36:06-05:00,PUR_IED_RGuatemala_Biling_dc53b7,PUR_IED_RGuatemala_Biling_dc53b7,,,,,
2026-09-12T02:36:06-05:00,PUR_IED_RGuatemala_Ext_1b89a3,PUR_IED_RGuatemala_Ext_1b89a3,,,,,
2026-09-12T02:36:06-05:00,PUR_IED_RGuatemala_Tecnol_281a34,PUR_IED_RGuatemala_Tecnol_281a34,,,,,
2026-09-12T02:36:06-05:00,PUR_IED_RafaNu_Ext_f7c302,PUR_IED_RafaNu_Ext_f7c302,,,,,
2026-09-12T02:36:06-05:00,PUR_IED_RafaNu_S1101_25fde,PUR_IED_RafaNu_S1101_25fde,,,,,
2026-09-12T02:36:06-05:00,PUR_IED_RafaNu_S1102_281517,PUR_IED_RafaNu_S1102_281517,,,,,
2026-09-12T02:36:06-05:00,PUR_IED_RafaelB_S305_ee2783,PUR_IED_RafaelB_S305_ee2783,,,,,
2026-09-12T02:36:06-05:00,PUR_IED_RafaelB_S306_75fe33,PUR_IED_RafaelB_S306_75fe33,,,,,
2026-09-12T02:36:06-05:00,PUR_IED_RafaelB_ext_283336,PUR_IED_RafaelB_ext_283336,3,18,61,4.6722,-74.0737
2026-09-12T02:36:06-05:00,PUR_IED_RafaelUU_Exterior_281a51,PUR_IED_RafaelUU_Exterior_281a51,,,,,
2026-09-12T02:36:06-05:00,PUR_IED_RafaelUU_Human_806b2,PUR_IED_RafaelUU_Human_806b2,,,,,
2026-09-12T02:36:06-05:00,PUR_IED_RafaelUU_Mate2_5680d4,PUR_IED_RafaelUU_Mate2_5680d4,,,,,
2026-09-12T02:36:06-05:00,PUR_IED_RamonSub_Ext_f9eeb9,PUR_IED_RamonSub_Ext_f9eeb9,,,,,
2026-09-12T02:36:06-05:00,PUR_IED_RamonSub_Media_d1f62f,PUR_IED_RamonSub_Media_d1f62f,,,,,
2026-09-12T02:36:06-05:00,PUR_IED_RamonSub_planta_51b82,PUR_IED_RamonSub_planta_51b82,,,,,
2026-09-12T02:36:06-05:00,PUR_IED_RepBoliVene_Exter_27af7c,PUR_IED_RepBoliVene_Exter_27af7c,,,,,
2026-09-12T02:36:06-05:00,PUR_IED_RepBoliVene_SCPT_5ae2ee,PUR_IED_RepBoliVene_SCPT_5ae2ee,,,,,
2026-09-12T02:36:06-05:00,PUR_IED_RepBoliVene_Socia_4b11d5,PUR_IED_RepBoliVene_Socia_4b11d5,,,,,
2026-09-12T02:36:06-05:00,PUR_IED_RepChina_Ext_76d9ee,PUR_IED_RepChina_Ext_76d9ee,,,,,
2026-09-12T02:36:06-05:00,PUR_IED_RepChina_S404_7c804c,PUR_IED_RepChina_S404_7c804c,,,,,
2026-09-12T02:36:06-05:00,PUR_IED_RepChina_S405_df2c33,PUR_IED_RepChina_S405_df2c33,,,,,
2026-09-12T02:36:06-05:00,PUR_IED_RepublicaC_Exteri_7d1ec9,PUR_IED_RepublicaC_Exteri_7d1ec9,,,,,
2026-09-12T02:36:06-05:00,PUR_IED_RepublicaC_S1101_f544b3,PUR_IED_RepublicaC_S1101_f544b3,,,,,
2026-09-12T02:36:06-05:00,PUR_IED_RepublicaC_S1102_7aafc7,PUR_IED_RepublicaC_S1102_7aafc7,,,,,
2026-09-12T02:36:06-05:00,PUR_IED_Ricaurte_Externo_a0ea1,PUR_IED_Ricaurte_Externo_a0ea1,,,,,
2026-09-12T02:36:06-05:00,PUR_IED_Ricaurte_S210_f546fd,PUR_IED_Ricaurte_S210_f546fd,,,,,
2026-09-12T02:36:06-05:00,PUR_IED_Ricaurte_S309_d4452,PUR_IED_Ricaurte_S309_d4452,,,,,
2026-09-12T02:36:06-05:00,PUR_IED_RogelioS_1102_531e69,PUR_IED_RogelioS_1102_531e69,,,,,
2026-09-12T02:36:06-05:00,PUR_IED_RogelioS_Ext_f25a18,PUR_IED_RogelioS_Ext_f25a18,,,,,
2026-09-12T02:36:06-05:00,PUR_IED_SBernardino_Ext_27aff8,PUR_IED_SBernardino_Ext_27aff8,,,,,
2026-09-12T02:36:06-05:00,PUR_IED_SBernardino_SArte_2ffd33,PUR_IED_SBernardino_SArte_2ffd33,,,,,
2026-09-12T02:36:06-05:00,PUR_IED_SBernardino_SIngl_7c7da5,PUR_IED_SBernardino_SIngl_7c7da5,,,,,
2026-09-12T02:36:06-05:00,PUR_IED_Sago_auditorio_dc9d1d,PUR_IED_Sago_auditorio_dc9d1d,,,,,
2026-09-12T02:36:06-05:00,PUR_IED_Saludcoop_Ext_95aac3,PUR_IED_Saludcoop_Ext_95aac3,,,,,
2026-09-12T02:36:06-05:00,PUR_IED_Saludcoop_InfI_90c854,PUR_IED_Saludcoop_InfI_90c854,,,,,
2026-09-12T02:36:06-05:00,PUR_IED_Saludcoop_SMedia_1b93be,PUR_IED_Saludcoop_SMedia_1b93be,,,,,
2026-09-12T02:36:06-05:00,PUR_IED_SanCarlos_1101_1a2360,PUR_IED_SanCarlos_1101_1a2360,,,,,
2026-09-12T02:36:06-05:00,PUR_IED_SanCarlos_1103_7bafb5,PUR_IED_SanCarlos_1103_7bafb5,,,,,
2026-09-12T02:36:06-05:00,PUR_IED_SanCarlos_Ext_b7cd1,PUR_IED_SanCarlos_Ext_b7cd1,,,,,
2026-09-12T02:36:06-05:00,PUR_IED_SanIgnacioBosa11a_50c26e,PUR_IED_SanIgnacioBosa11a_50c26e,,,,,
2026-09-12T02:36:06-05:00,PUR_IED_SanIgnacioBosa11b_371de8,PUR_IED_SanIgnacioBosa11b_371de8,,,,,
2026-09-12T02:36:06-05:00,PUR_IED_SanIgnacioBosaExt_ef0ffc,PUR_IED_SanIgnacioBosaExt_ef0ffc,,,,,
2026-09-12T02:36:06-05:00,PUR_IED_SanIgnacioBosa_11a_50c26e,PUR_IED_SanIgnacioBosa_11a_50c26e,,,,,
2026-09-12T02:36:06-05:00,PUR_IED_SanIgnacioBosa_Ext_ef0ffc,PUR_IED_SanIgnacioBosa_Ext_ef0ffc,,,,,
2026-09-12T02:36:06-05:00,PUR_IED_SanJoseN_intS1101_31c47f,PUR_IED_SanJoseN_intS1101_31c47f,,,,,
2026-09-12T02:36:06-05:00,PUR_IED_SanJoseUsm_Exter_f5d7e8,PUR_IED_SanJoseUsm_Exter_f5d7e8,,,,,
2026-09-12T02:36:06-05:00,PUR_IED_SanJoseUsm_Int11A_cfdef6,PUR_IED_SanJoseUsm_Int11A_cfdef6,,,,,
2026-09-12T02:36:06-05:00,PUR_IED_SilveriaR_IntB5_905349,PUR_IED_SilveriaR_IntB5_905349,,,,,
2026-09-12T02:36:06-05:00,PUR_IED_SilveriaR_IntSD14_981f93,PUR_IED_SilveriaR_IntSD14_981f93,,,,,
2026-09-12T02:36:06-05:00,PUR_IED_SilveriaR_ext_2b651d,PUR_IED_SilveriaR_ext_2b651d,,,,,
2026-09-12T02:36:06-05:00,PUR_IED_SimonB_Exterior_913975,PUR_IED_SimonB_Exterior_913975,,,,,
2026-09-12T02:36:06-05:00,PUR_IED_SimonB_LabQuimi_c56908,PUR_IED_SimonB_LabQuimi_c56908,,,,,
2026-09-12T02:36:06-05:00,PUR_IED_SimonB_informatic_a28c1,PUR_IED_SimonB_informatic_a28c1,,,,,
2026-09-12T02:36:06-05:00,PUR_IED_Sorrento_1102_315f50,PUR_IED_Sorrento_1102_315f50,,,,,
2026-09-12T02:36:06-05:00,PUR_IED_Sorrento_Minte_214eab,PUR_IED_Sorrento_Minte_214eab,,,,,
2026-09-12T02:36:06-05:00,PUR_IED_Sorrento_ext_7c3a0a,PUR_IED_Sorrento_ext_7c3a0a,,,,,
2026-09-12T02:36:06-05:00,PUR_IED_Tabora_Ext_f048ae,PUR_IED_Tabora_Ext_f048ae,,,,,
2026-09-12T02:36:06-05:00,PUR_IED_Tabora_S1102_b07752,PUR_IED_Tabora_S1102_b07752,,,,,
2026-09-12T02:36:06-05:00,PUR_IED_Tabora_S1103_d988f5,PUR_IED_Tabora_S1103_d988f5,,,,,
2026-09-12T02:36:06-05:00,PUR_IED_Tenerife_Ext_1ab188,PUR_IED_Tenerife_Ext_1ab188,,,,,
2026-09-12T02:36:06-05:00,PUR_IED_Tenerife_SDanzas_7bc02e,PUR_IED_Tenerife_SDanzas_7bc02e,,,,,
2026-09-12T02:36:06-05:00,PUR_IED_Tenerife_SIngles_7cc277,PUR_IED_Tenerife_SIngles_7cc277,,,,,
2026-09-12T02:36:06-05:00,PUR_IED_Tibabuyes_Exter_f2683d,PUR_IED_Tibabuyes_Exter_f2683d,,,,,
2026-09-12T02:36:06-05:00,PUR_IED_Tibabuyes_S10_dc87a8,PUR_IED_Tibabuyes_S10_dc87a8,,,,,
2026-09-12T02:36:06-05:00,PUR_IED_Tibabuyes_S15_dc0526,PUR_IED_Tibabuyes_S15_dc0526,,,,,
2026-09-12T02:36:06-05:00,PUR_IED_UnionE_S301_a1043,PUR_IED_UnionE_S301_a1043,,,,,
2026-09-12T02:36:06-05:00,PUR_IED_UnionE_S307_ff6c2f,PUR_IED_UnionE_S307_ff6c2f,,,,,
2026-09-12T02:36:06-05:00,PUR_IED_UnionE__Ext_5e2468,PUR_IED_UnionE__Ext_5e2468,,,,,
2026-09-12T02:36:06-05:00,PUR_IED_VillaRica_Ext_75be7c,PUR_IED_VillaRica_Ext_75be7c,,,,,
2026-09-12T02:36:06-05:00,PUR_IED_VillaRica_S4_cc5dcd,PUR_IED_VillaRica_S4_cc5dcd,,,,,
2026-09-12T02:36:06-05:00,PUR_IED_VillaRica_Sesp_99f5c,PUR_IED_VillaRica_Sesp_99f5c,,,,,
2026-09-12T02:41:10-05:00,PUR_IED_20deJulio_1101_91b1b9,PUR_IED_20deJulio_1101_91b1b9,,,,,
2026-09-12T02:41:10-05:00,PUR_IED_20deJulio_1102_1cfcf9,PUR_IED_20deJulio_1102_1cfcf9,,,,,
2026-09-12T02:41:10-05:00,PUR_IED_20deJulio_Ext_ab60bd,PUR_IED_20deJulio_Ext_ab60bd,,,,,
2026-09-12T02:41:10-05:00,PUR_IED_AgustinFer_Ext_7b9b77,PUR_IED_AgustinFer_Ext_7b9b77,,,,,
2026-09-12T02:41:10-05:00,PUR_IED_AgustinFer_Info2_27b3a7,PUR_IED_AgustinFer_Info2_27b3a7,,,,,
2026-09-12T02:41:10-05:00,PUR_IED_AgustinFer_Sena_54b4eb,PUR_IED_AgustinFer_Sena_54b4eb,,,,,
2026-09-12T02:41:10-05:00,PUR_IED_AlexanderF_1102_caf07b,PUR_IED_AlexanderF_1102_caf07b,,,,,
2026-09-12T02:41:10-05:00,PUR_IED_AlexanderF_1103_c79e71,PUR_IED_AlexanderF_1103_c79e71,,,,,
2026-09-12T02:41:10-05:00,PUR_IED_AlexanderF_Ext_c5b18b,PUR_IED_AlexanderF_Ext_c5b18b,,,,,
2026-09-12T02:41:10-05:00,PUR_IED_AlfonsoLopez_Ext_281d77,PUR_IED_AlfonsoLopez_Ext_281d77,,,,,
2026-09-12T02:41:10-05:00,PUR_IED_AlfonsoLopez_LabF_888ce0,PUR_IED_AlfonsoLopez_LabF_888ce0,,,,,
2026-09-12T02:41:10-05:00,PUR_IED_AlfonsoLopez_SMed_df6a7f,PUR_IED_AlfonsoLopez_SMed_df6a7f,,,,,
2026-09-12T02:41:10-05:00,PUR_IED_AltamiraSO_A2_209f92,PUR_IED_AltamiraSO_A2_209f92,,,,,
2026-09-12T02:41:10-05:00,PUR_IED_AltamiraSO_Ext_186d66,PUR_IED_AltamiraSO_Ext_186d66,,,,,
2026-09-12T02:41:10-05:00,PUR_IED_AltamiraSO_Sistem_27afe1,PUR_IED_AltamiraSO_Sistem_27afe1,,,,,
2026-09-12T02:41:10-05:00,PUR_IED_AlvaroGom_LabQuim_813179,PUR_IED_AlvaroGom_LabQuim_813179,,,,,
2026-09-12T02:41:10-05:00,PUR_IED_AlvaroGomez_Ext_47c7ca,PUR_IED_AlvaroGomez_Ext_47c7ca,,,,,
2026-09-12T02:41:10-05:00,PUR_IED_AlvaroGomez_LabQuim_813179,PUR_IED_AlvaroGomez_LabQuim_813179,,,,,
2026-09-12T02:41:10-05:00,PUR_IED_AlvaroGomez_S23_7ba89f,PUR_IED_AlvaroGomez_S23_7ba89f,,,,,
2026-09-12T02:41:10-05:00,PUR_IED_Amistad_306_dc8728,PUR_IED_Amistad_306_dc8728,,,,,
2026-09-12T02:41:10-05:00,PUR_IED_Amistad_Ext_8cd55e,PUR_IED_Amistad_Ext_8cd55e,,,,,
2026-09-12T02:41:10-05:00,PUR_IED_Amistad_S202_a41169,PUR_IED_Amistad_S202_a41169,,,,,
2026-09-12T02:41:10-05:00,PUR_IED_AndresBello_Bio_fd5f5e,PUR_IED_AndresBello_Bio_fd5f5e,,,,,
2026-09-12T02:41:10-05:00,PUR_IED_AndresBello_ext_dcad65,PUR_IED_AndresBello_ext_dcad65,,,,,
2026-09-12T02:41:10-05:00,PUR_IED_AndresBello_port_eed3ec,PUR_IED_AndresBello_port_eed3ec,,,,,
2026-09-12T02:41:10-05:00,PUR_IED_AngelaR_11b_d90a6b,PUR_IED_AngelaR_11b_d90a6b,,,,,
2026-09-12T02:41:10-05:00,PUR_IED_AngelaR_ext_7cad3e,PUR_IED_AngelaR_ext_7cad3e,13,20,61,4.5825,-74.164497
2026-09-12T02:41:10-05:00,PUR_IED_AntJoseSucre_10mo_df2575,PUR_IED_AntJoseSucre_10mo_df2575,,,,,
2026-09-12T02:41:10-05:00,PUR_IED_AntJoseSucre_Ext_215b36,PUR_IED_AntJoseSucre_Ext_215b36,,,,,
2026-09-12T02:41:10-05:00,PUR_IED_AntJoseSucre_Lab_3139de,PUR_IED_AntJoseSucre_Lab_3139de,,,,,
2026-09-12T02:41:10-05:00,PUR_IED_AntonioGarcia_301_d6b188,PUR_IED_AntonioGarcia_301_d6b188,,,,,
2026-09-12T02:41:10-05:00,PUR_IED_AntonioGarcia_302_88a82,PUR_IED_AntonioGarcia_302_88a82,,,,,
2026-09-12T02:41:10-05:00,PUR_IED_AntonioGarcia_Ext_20950c,PUR_IED_AntonioGarcia_Ext_20950c,,,,,
2026-09-12T02:41:10-05:00,PUR_IED_AntonioVan_Aula2_6dea02,PUR_IED_AntonioVan_Aula2_6dea02,,,,,
2026-09-12T02:41:10-05:00,PUR_IED_AntonioVan_Aula5_f1557e,PUR_IED_AntonioVan_Aula5_f1557e,,,,,
2026-09-12T02:41:10-05:00,PUR_IED_AntonioVan_Ext_406f2f,PUR_IED_AntonioVan_Ext_406f2f,,,,,
2026-09-12T02:41:10-05:00,PUR_IED_Atabanzha_Ext_cc5af9,PUR_IED_Atabanzha_Ext_cc5af9,,,,,
2026-09-12T02:41:10-05:00,PUR_IED_Atabanzha_SA101_56c37,PUR_IED_Atabanzha_SA101_56c37,,,,,
2026-09-12T02:41:10-05:00,PUR_IED_Atabanzha_SB302_27b374,PUR_IED_Atabanzha_SB302_27b374,,,,,
2026-09-12T02:41:10-05:00,PUR_IED_Atahualpa_Ext_fc1748,PUR_IED_Atahualpa_Ext_fc1748,,,,,
2026-09-12T02:41:10-05:00,PUR_IED_Atahualpa_Informa_dc9a95,PUR_IED_Atahualpa_Informa_dc9a95,,,,,
2026-09-12T02:41:10-05:00,PUR_IED_Atahualpa_S1101_f98056,PUR_IED_Atahualpa_S1101_f98056,,,,,
2026-09-12T02:41:10-05:00,PUR_IED_Bellavista_Ext_f5aa74,PUR_IED_Bellavista_Ext_f5aa74,,,,,
2026-09-12T02:41:10-05:00,PUR_IED_Bilbao_11A_916c41,PUR_IED_Bilbao_11A_916c41,,,,,
2026-09-12T02:41:10-05:00,PUR_IED_Bilbao_Ext_fb579a,PUR_IED_Bilbao_Ext_fb579a,,,,,
2026-09-12T02:41:10-05:00,PUR_IED_BrasiliaU_A125_304280,PUR_IED_BrasiliaU_A125_304280,,,,,
2026-09-12T02:41:10-05:00,PUR_IED_BrasiliaU_A203_7c8ca5,PUR_IED_BrasiliaU_A203_7c8ca5,,,,,
2026-09-12T02:41:10-05:00,PUR_IED_BrasiliaU_Ext_8d6e9f,PUR_IED_BrasiliaU_Ext_8d6e9f,3,17,61,4.5175,-74.116302
2026-09-12T02:41:10-05:00,PUR_IED_Brasilia_Ext_fe6593,PUR_IED_Brasilia_Ext_fe6593,,,,,
2026-09-12T02:41:10-05:00,PUR_IED_Brasilia_S24_7c130d,PUR_IED_Brasilia_S24_7c130d,,,,,
2026-09-12T02:41:10-05:00,PUR_IED_Brasilia_S501_186a54,PUR_IED_Brasilia_S501_186a54,,,,,
2026-09-12T02:41:10-05:00,PUR_IED_CHARRY_EXT_f1d5cd,PUR_IED_CHARRY_EXT_f1d5cd,,,,,
2026-09-12T02:41:10-05:00,PUR_IED_CHARRY_INTDANZAS_7a08e6,PUR_IED_CHARRY_INTDANZAS_7a08e6,,,,,
2026-09-12T02:41:10-05:00,PUR_IED_CHARRY_INT_AULA20_dc998d,PUR_IED_CHARRY_INT_AULA20_dc998d,,,,,
2026-09-12T02:41:10-05:00,PUR_IED_COLVIV_1101_S25_7f520a,PUR_IED_COLVIV_1101_S25_7f520a,,,,,
2026-09-12T02:41:10-05:00,PUR_IED_COLVIV_1102_S16_f570ba,PUR_IED_COLVIV_1102_S16_f570ba,,,,,
2026-09-12T02:41:10-05:00,PUR_IED_COLVIV_Ext_1a26fa,PUR_IED_COLVIV_Ext_1a26fa,,,,,
2026-09-12T02:41:10-05:00,PUR_IED_CULPOP_301A_f660f3,PUR_IED_CULPOP_301A_f660f3,,,,,
2026-09-12T02:41:10-05:00,PUR_IED_CULPOP_303_568afe,PUR_IED_CULPOP_303_568afe,,,,,
2026-09-12T02:41:10-05:00,PUR_IED_CULPOP_Ext_e02ccb,PUR_IED_CULPOP_Ext_e02ccb,,,,,
2026-09-12T02:41:10-05:00,PUR_IED_CVillavicen_Ext_26eb58,PUR_IED_CVillavicen_Ext_26eb58,6,15,80,4.487,-74.102798
2026-09-12T02:41:10-05:00,PUR_IED_CVillavicen_Intel_1ce5c2,PUR_IED_CVillavicen_Intel_1ce5c2,,,,,
2026-09-12T02:41:10-05:00,PUR_IED_CVillavicen_Poliv_e0766c,PUR_IED_CVillavicen_Poliv_e0766c,,,,,
2026-09-12T02:41:10-05:00,PUR_IED_CVillavicen_int_1ba140,PUR_IED_CVillavicen_int_1ba140,,,,,
2026-09-12T02:41:10-05:00,PUR_IED_CVillavicen_intel_1ba140,PUR_IED_CVillavicen_intel_1ba140,,,,,
2026-09-12T02:41:10-05:00,PUR_IED_CarlosPizarro_Ext_e307cc,PUR_IED_CarlosPizarro_Ext_e307cc,,,,,
2026-09-12T02:41:10-05:00,PUR_IED_CarlosPizarro_L36_7e5cdb,PUR_IED_CarlosPizarro_L36_7e5cdb,,,,,
2026-09-12T02:41:10-05:00,PUR_IED_CarlosPizarro_L37_c8566c,PUR_IED_CarlosPizarro_L37_c8566c,,,,,
2026-09-12T02:41:10-05:00,PUR_IED_Castilla_Ext_cf35f,PUR_IED_Castilla_Ext_cf35f,,,,,
2026-09-12T02:41:10-05:00,PUR_IED_Castilla_SFisik_360e38,PUR_IED_Castilla_SFisik_360e38,,,,,
2026-09-12T02:41:10-05:00,PUR_IED_Castilla_Sc304_496fbf,PUR_IED_Castilla_Sc304_496fbf,,,,,
2026-09-12T02:41:10-05:00,PUR_IED_CervantesSa_Ext_6b57b,PUR_IED_CervantesSa_Ext_6b57b,3,17,66,4.5128,-74.117203
2026-09-12T02:41:10-05:00,PUR_IED_CervantesSa_S107_225c2b,PUR_IED_CervantesSa_S107_225c2b,,,,,
2026-09-12T02:41:10-05:00,PUR_IED_CervantesSa_S108_940925,PUR_IED_CervantesSa_S108_940925,,,,,
2026-09-12T02:41:10-05:00,PUR_IED_Charry_A20_f53e7c,PUR_IED_Charry_A20_f53e7c,,,,,
2026-09-12T02:41:10-05:00,PUR_IED_Charry_Ext_f1d5cd,PUR_IED_Charry_Ext_f1d5cd,,,,,
2026-09-12T02:41:10-05:00,PUR_IED_Charry_IntAula20_dc998d,PUR_IED_Charry_IntAula20_dc998d,,,,,
2026-09-12T02:41:10-05:00,PUR_IED_Charry_IntDanzas_7a08e6,PUR_IED_Charry_IntDanzas_7a08e6,,,,,
2026-09-12T02:41:10-05:00,PUR_IED_ClememciaC_203_43e2fc,PUR_IED_ClememciaC_203_43e2fc,,,,,
2026-09-12T02:41:10-05:00,PUR_IED_ClememciaC_Ext_1b411a,PUR_IED_ClememciaC_Ext_1b411a,,,,,
2026-09-12T02:41:10-05:00,PUR_IED_ClememciaC_Quimic_44b5fc,PUR_IED_ClememciaC_Quimic_44b5fc,,,,,
2026-09-12T02:41:10-05:00,PUR_IED_ClemenciaC_203_43e2fc,PUR_IED_ClemenciaC_203_43e2fc,,,,,
2026-09-12T02:41:10-05:00,PUR_IED_ClemenciaC_Ext_1b411a,PUR_IED_ClemenciaC_Ext_1b411a,,,,,
2026-09-12T02:41:10-05:00,PUR_IED_ClemenciaC_Quimic_44b5fc,PUR_IED_ClemenciaC_Quimic_44b5fc,,,,,
2026-09-12T02:41:10-05:00,PUR_IED_ColViva_1101_S25_7f520a,PUR_IED_ColViva_1101_S25_7f520a,,,,,
2026-09-12T02:41:10-05:00,PUR_IED_ColViva_1102_S16_f570ba,PUR_IED_ColViva_1102_S16_f570ba,,,,,
2026-09-12T02:41:10-05:00,PUR_IED_ColViva_Ext_1a26fa,PUR_IED_ColViva_Ext_1a26fa,,,,,
2026-09-12T02:41:10-05:00,PUR_IED_ColegioBici_Asist_7c8798,PUR_IED_ColegioBici_Asist_7c8798,,,,,
2026-09-12T02:41:10-05:00,PUR_IED_ColegioBici_Ext_25cbf6,PUR_IED_ColegioBici_Ext_25cbf6,,,,,
2026-09-12T02:41:10-05:00,PUR_IED_ColegioBici_LabQ_7b57db,PUR_IED_ColegioBici_LabQ_7b57db,,,,,
2026-09-12T02:41:10-05:00,PUR_IED_CostaRica_Ext_5e640,PUR_IED_CostaRica_Ext_5e640,,,,,
2026-09-12T02:41:10-05:00,PUR_IED_CostaRica_Quim1_766d1c,PUR_IED_CostaRica_Quim1_766d1c,,,,,
2026-09-12T02:41:10-05:00,PUR_IED_CostaRica__Fisica_6f0873,PUR_IED_CostaRica__Fisica_6f0873,,,,,
2026-09-12T02:41:10-05:00,PUR_IED_CulPopu_301A_f660f3,PUR_IED_CulPopu_301A_f660f3,,,,,
2026-09-12T02:41:10-05:00,PUR_IED_CulPopu_303_568afe,PUR_IED_CulPopu_303_568afe,,,,,
2026-09-12T02:41:10-05:00,PUR_IED_CulPopu_Ext_e02ccb,PUR_IED_CulPopu_Ext_e02ccb,,,,,
2026-09-12T02:41:10-05:00,PUR_IED_Cundinamarca_Ext_f15985,PUR_IED_Cundinamarca_Ext_f15985,,,,,
2026-09-12T02:41:10-05:00,PUR_IED_Cundinamarca_Info_7aa5d7,PUR_IED_Cundinamarca_Info_7aa5d7,,,,,
2026-09-12T02:41:10-05:00,PUR_IED_Cundinamarca_Tec2_f449c7,PUR_IED_Cundinamarca_Tec2_f449c7,,,,,
2026-09-12T02:41:10-05:00,PUR_IED_DiegoM_Aula1_27b314,PUR_IED_DiegoM_Aula1_27b314,,,,,
2026-09-12T02:41:10-05:00,PUR_IED_DiegoM_Ext_d80ac8,PUR_IED_DiegoM_Ext_d80ac8,,,,,
2026-09-12T02:41:10-05:00,PUR_IED_DiegoM_S25_da928f,PUR_IED_DiegoM_S25_da928f,,,,,
2026-09-12T02:41:10-05:00,PUR_IED_ELRODEO_360881,PUR_IED_ELRODEO_360881,,,,,
2026-09-12T02:41:10-05:00,PUR_IED_ELRODEO_ext_360881,PUR_IED_ELRODEO_ext_360881,,,,,
2026-09-12T02:41:10-05:00,PUR_IED_EduardoU_Ext_1c1969,PUR_IED_EduardoU_Ext_1c1969,,,,,
2026-09-12T02:41:10-05:00,PUR_IED_EduardoU_SCiencia_4dfb94,PUR_IED_EduardoU_SCiencia_4dfb94,,,,,
2026-09-12T02:41:10-05:00,PUR_IED_EduardoU_SQuimica_5a46e7,PUR_IED_EduardoU_SQuimica_5a46e7,,,,,
2026-09-12T02:41:10-05:00,PUR_IED_ElRodeo_Aula14_676984,PUR_IED_ElRodeo_Aula14_676984,,,,,
2026-09-12T02:41:10-05:00,PUR_IED_ElRodeo_Aula16_2dd35b,PUR_IED_ElRodeo_Aula16_2dd35b,,,,,
2026-09-12T02:41:10-05:00,PUR_IED_ElRodeo_Ext_360881,PUR_IED_ElRodeo_Ext_360881,,,,,
2026-09-12T02:41:10-05:00,PUR_IED_ElRodeo_Exterior_8c6d28,PUR_IED_ElRodeo_Exterior_8c6d28,,,,,
2026-09-12T02:41:10-05:00,PUR_IED_ElRodeo_ext_360881,PUR_IED_ElRodeo_ext_360881,,,,,
2026-09-12T02:41:10-05:00,PUR_IED_EmmaReyes_Ext_987625,PUR_IED_EmmaReyes_Ext_987625,13,21,53,4.6367,-74.1511
2026-09-12T02:41:10-05:00,PUR_IED_Ensueño_Ext_7f0250,PUR_IED_Ensueño_Ext_7f0250,,,,,
2026-09-12T02:41:10-05:00,PUR_IED_EscNormal_Ext_5fef3b,PUR_IED_EscNormal_Ext_5fef3b,2,18,61,4.5852,-74.096901
2026-09-12T02:41:10-05:00,PUR_IED_EscNormal_S309_5b263,PUR_IED_EscNormal_S309_5b263,,,,,
2026-09-12T02:41:10-05:00,PUR_IED_EscNormal_S310_27b3b8,PUR_IED_EscNormal_S310_27b3b8,,,,,
2026-09-12T02:41:10-05:00,PUR_IED_Evangelista_Conta_f6cd4f,PUR_IED_Evangelista_Conta_f6cd4f,,,,,
2026-09-12T02:41:10-05:00,PUR_IED_Evangelista_Cri_5e16a,PUR_IED_Evangelista_Cri_5e16a,,,,,
2026-09-12T02:41:10-05:00,PUR_IED_Evangelista_Exter_754066,PUR_IED_Evangelista_Exter_754066,,,,,
2026-09-12T02:41:10-05:00,PUR_IED_FMiranda_S209_5cc2a3,PUR_IED_FMiranda_S209_5cc2a3,,,,,
2026-09-12T02:41:10-05:00,PUR_IED_FMiranda_S303_19e344,PUR_IED_FMiranda_S303_19e344,,,,,
2026-09-12T02:41:10-05:00,PUR_IED_FMiranda_ext_f53e7c,PUR_IED_FMiranda_ext_f53e7c,,,,,
2026-09-12T02:41:10-05:00,PUR_IED_FabioLozano_Bibli_1cee05,PUR_IED_FabioLozano_Bibli_1cee05,,,,,
2026-09-12T02:41:10-05:00,PUR_IED_FabioLozano_Ext_6ea285,PUR_IED_FabioLozano_Ext_6ea285,,,,,
2026-09-12T02:41:10-05:00,PUR_IED_FabioLozano_SLudi_f09e1e,PUR_IED_FabioLozano_SLudi_f09e1e,,,,,
2026-09-12T02:41:10-05:00,PUR_IED_FaustinoS_Aula07_27a731,PUR_IED_FaustinoS_Aula07_27a731,,,,,
2026-09-12T02:41:10-05:00,PUR_IED_FaustinoS_Ext_7b936f,PUR_IED_FaustinoS_Ext_7b936f,,,,,
2026-09-12T02:41:10-05:00,PUR_IED_FaustinoS_Fisica_da2c60,PUR_IED_FaustinoS_Fisica_da2c60,,,,,
2026-09-12T02:41:10-05:00,PUR_IED_FeGarciaLo_Ext_dc68ee,PUR_IED_FeGarciaLo_Ext_dc68ee,,,,,
2026-09-12T02:41:10-05:00,PUR_IED_FeGarciaLo_SDanza_f70a59,PUR_IED_FeGarciaLo_SDanza_f70a59,,,,,
2026-09-12T02:41:10-05:00,PUR_IED_FeGarciaLo_SMusic_125cdd,PUR_IED_FeGarciaLo_SMusic_125cdd,,,,,
2026-09-12T02:41:10-05:00,PUR_IED_FederalAlema_Exte_50c345,PUR_IED_FederalAlema_Exte_50c345,,,,,
2026-09-12T02:41:10-05:00,PUR_IED_FederalAlema_S31_f18371,PUR_IED_FederalAlema_S31_f18371,,,,,
2026-09-12T02:41:10-05:00,PUR_IED_FederalAlema_S901_a62cd,PUR_IED_FederalAlema_S901_a62cd,,,,,
2026-09-12T02:41:10-05:00,PUR_IED_FilarmonicaS_A5_f35eb1,PUR_IED_FilarmonicaS_A5_f35eb1,,,,,
2026-09-12T02:41:10-05:00,PUR_IED_FilarmonicaS_Ext_8a3bde,PUR_IED_FilarmonicaS_Ext_8a3bde,,,,,
2026-09-12T02:41:10-05:00,PUR_IED_FilarmonicaS_Spol_406114,PUR_IED_FilarmonicaS_Spol_406114,,,,,
2026-09-12T02:41:10-05:00,PUR_IED_FlorentinoG_A13_d1fa59,PUR_IED_FlorentinoG_A13_d1fa59,,,,,
2026-09-12T02:41:10-05:00,PUR_IED_FlorentinoG_Ext_1ce6ce,PUR_IED_FlorentinoG_Ext_1ce6ce,,,,,
2026-09-12T02:41:10-05:00,PUR_IED_FlorentinoG_Idiom_a66aac,PUR_IED_FlorentinoG_Idiom_a66aac,,,,,
2026-09-12T02:41:10-05:00,PUR_IED_FranciscoMati_Ext_e3869d,PUR_IED_FranciscoMati_Ext_e3869d,,,,,
2026-09-12T02:41:10-05:00,PUR_IED_FranciscoMati_S13_f31c67,PUR_IED_FranciscoMati_S13_f31c67,,,,,
2026-09-12T02:41:10-05:00,PUR_IED_FranciscoMati_S14_97dead,PUR_IED_FranciscoMati_S14_97dead,,,,,
2026-09-12T02:41:10-05:00,PUR_IED_FranciscoPS_Ext_7bfa9a,PUR_IED_FranciscoPS_Ext_7bfa9a,3,20,58,4.5899,-74.110397
2026-09-12T02:41:10-05:00,PUR_IED_FranciscoPS_Infor_fb8f4c,PUR_IED_FranciscoPS_Infor_fb8f4c,,,,,
2026-09-12T02:41:10-05:00,PUR_IED_FranciscoPS_Quimi_94d39c,PUR_IED_FranciscoPS_Quimi_94d39c,,,,,
2026-09-12T02:41:10-05:00,PUR_IED_FranciscoP_LabQ_d7e148,PUR_IED_FranciscoP_LabQ_d7e148,,,,,
2026-09-12T02:41:10-05:00,PUR_IED_FranciscoP_S28_cf9b30,PUR_IED_FranciscoP_S28_cf9b30,,,,,
2026-09-12T02:41:10-05:00,PUR_IED_FranciscoP_ext_e2313,PUR_IED_FranciscoP_ext_e2313,,,,,
2026-09-12T02:41:10-05:00,PUR_IED_FriederichN_Ext_8ac92a,PUR_IED_FriederichN_Ext_8ac92a,,,,,
2026-09-12T02:41:10-05:00,PUR_IED_FriederichN_S301_dd7e5a,PUR_IED_FriederichN_S301_dd7e5a,,,,,
2026-09-12T02:41:10-05:00,PUR_IED_FriederichN_S308_761f4f,PUR_IED_FriederichN_S308_761f4f,,,,,
2026-09-12T02:41:10-05:00,PUR_IED_GSantander_Aula10_533dd7,PUR_IED_GSantander_Aula10_533dd7,,,,,
2026-09-12T02:41:10-05:00,PUR_IED_GSantander_Aula12_fd4e4f,PUR_IED_GSantander_Aula12_fd4e4f,,,,,
2026-09-12T02:41:10-05:00,PUR_IED_GSantander_Aula310_533dd7,PUR_IED_GSantander_Aula310_533dd7,,,,,
2026-09-12T02:41:10-05:00,PUR_IED_GSantander_Aula312_fd4e4f,PUR_IED_GSantander_Aula312_fd4e4f,,,,,
2026-09-12T02:41:10-05:00,PUR_IED_GSantander_Ext_5f66b0,PUR_IED_GSantander_Ext_5f66b0,,,,,
2026-09-12T02:41:10-05:00,PUR_IED_GYomasa_Ext_f6bea5,PUR_IED_GYomasa_Ext_f6bea5,,,,,
2026-09-12T02:41:10-05:00,PUR_IED_GYomasa_LBiol_2c41aa,PUR_IED_GYomasa_LBiol_2c41aa,,,,,
2026-09-12T02:41:10-05:00,PUR_IED_GYomasa_LQuim_33c80,PUR_IED_GYomasa_LQuim_33c80,,,,,
2026-09-12T02:41:10-05:00,PUR_IED_GabBetMejia_Cienc_5a99c,PUR_IED_GabBetMejia_Cienc_5a99c,,,,,
2026-09-12T02:41:10-05:00,PUR_IED_GabBetMejia_Ext_9153d0,PUR_IED_GabBetMejia_Ext_9153d0,,,,,
2026-09-12T02:41:10-05:00,PUR_IED_GabBetMejia_Lab_f55347,PUR_IED_GabBetMejia_Lab_f55347,,,,,
2026-09-12T02:41:10-05:00,PUR_IED_GabBetanMejia_Ext_9153d0,PUR_IED_GabBetanMejia_Ext_9153d0,,,,,
2026-09-12T02:41:10-05:00,PUR_IED_Gaitana_Aula13_7aac11,PUR_IED_Gaitana_Aula13_7aac11,,,,,
2026-09-12T02:41:10-05:00,PUR_IED_Gaitana_Ext_5fcf4,PUR_IED_Gaitana_Ext_5fcf4,,,,,
2026-09-12T02:41:10-05:00,PUR_IED_Gaitana_LabFisica_644448,PUR_IED_Gaitana_LabFisica_644448,,,,,
2026-09-12T02:41:10-05:00,PUR_IED_GenSantander_Dise_8ac858,PUR_IED_GenSantander_Dise_8ac858,,,,,
2026-09-12T02:41:10-05:00,PUR_IED_GenSantander_Ext_8d5dfe,PUR_IED_GenSantander_Ext_8d5dfe,,,,,
2026-09-12T02:41:10-05:00,PUR_IED_GenSantander_Info_6c25b,PUR_IED_GenSantander_Info_6c25b,,,,,
2026-09-12T02:41:10-05:00,PUR_IED_GustavoMo_Exterio_75e63d,PUR_IED_GustavoMo_Exterio_75e63d,,,,,
2026-09-12T02:41:10-05:00,PUR_IED_GustavoMo_LabFisi_224d37,PUR_IED_GustavoMo_LabFisi_224d37,,,,,
2026-09-12T02:41:10-05:00,PUR_IED_GustavoMo_S208_3e6918,PUR_IED_GustavoMo_S208_3e6918,,,,,
2026-09-12T02:41:10-05:00,PUR_IED_GustavoR_A02_8cd4a8,PUR_IED_GustavoR_A02_8cd4a8,,,,,
2026-09-12T02:41:10-05:00,PUR_IED_GustavoR_B11_5b0ed,PUR_IED_GustavoR_B11_5b0ed,,,,,
2026-09-12T02:41:10-05:00,PUR_IED_GustavoR_Ext_7a0c90,PUR_IED_GustavoR_Ext_7a0c90,,,,,
2026-09-12T02:41:10-05:00,PUR_IED_HernandoDuran_Ext_8cd82b,PUR_IED_HernandoDuran_Ext_8cd82b,,,,,
2026-09-12T02:41:10-05:00,PUR_IED_HernandoDuran_S24_2772c6,PUR_IED_HernandoDuran_S24_2772c6,,,,,
2026-09-12T02:41:10-05:00,PUR_IED_HernandoDuran_S30_f2de41,PUR_IED_HernandoDuran_S30_f2de41,,,,,
2026-09-12T02:41:10-05:00,PUR_IED_HolguInUr_S1101_8cd732,PUR_IED_HolguInUr_S1101_8cd732,,,,,
2026-09-12T02:41:10-05:00,PUR_IED_HolguinUr_Exter_ddae6d,PUR_IED_HolguinUr_Exter_ddae6d,,,,,
2026-09-12T02:41:10-05:00,PUR_IED_HolguinUr_LabQuim_92b952,PUR_IED_HolguinUr_LabQuim_92b952,,,,,
2026-09-12T02:41:10-05:00,PUR_IED_Isabel-II_Ext_5245cc,PUR_IED_Isabel-II_Ext_5245cc,10,18,61,4.6336,-74.153
2026-09-12T02:41:10-05:00,PUR_IED_Isabel-II_S_idiom_1c29aa,PUR_IED_Isabel-II_S_idiom_1c29aa,,,,,
2026-09-12T02:41:10-05:00,PUR_IED_Isabel-II_S_infor_fd741,PUR_IED_Isabel-II_S_infor_fd741,,,,,
2026-09-12T02:41:10-05:00,PUR_IED_IsidroSur_Exterio_5b90ea,PUR_IED_IsidroSur_Exterio_5b90ea,,,,,
2026-09-12T02:41:10-05:00,PUR_IED_IsidroSur_LabTec_56697a,PUR_IED_IsidroSur_LabTec_56697a,,,,,
2026-09-12T02:41:10-05:00,PUR_IED_IsidroSur_Robotic_b7c38f,PUR_IED_IsidroSur_Robotic_b7c38f,,,,,
2026-09-12T02:41:10-05:00,PUR_IED_IsmaelPerd_Ext_7b6672,PUR_IED_IsmaelPerd_Ext_7b6672,,,,,
2026-09-12T02:41:10-05:00,PUR_IED_IsmaelPerd_Inform_306540,PUR_IED_IsmaelPerd_Inform_306540,,,,,
2026-09-12T02:41:10-05:00,PUR_IED_IsmaelPerd_S30_2e2c83,PUR_IED_IsmaelPerd_S30_2e2c83,,,,,
2026-09-12T02:41:10-05:00,PUR_IED_JLozano_Exter_432910,PUR_IED_JLozano_Exter_432910,,,,,
2026-09-12T02:41:10-05:00,PUR_IED_JLozano_salaMulti_df5125,PUR_IED_JLozano_salaMulti_df5125,,,,,
2026-09-12T02:41:10-05:00,PUR_IED_JMCordoba_206_86f80b,PUR_IED_JMCordoba_206_86f80b,,,,,
2026-09-12T02:41:10-05:00,PUR_IED_JMCordoba_Ext_27ad97,PUR_IED_JMCordoba_Ext_27ad97,,,,,
2026-09-12T02:41:10-05:00,PUR_IED_JMCordoba_S310_d59ab4,PUR_IED_JMCordoba_S310_d59ab4,,,,,
2026-09-12T02:41:10-05:00,PUR_IED_Japon_Ext_549100,PUR_IED_Japon_Ext_549100,,,,,
2026-09-12T02:41:10-05:00,PUR_IED_Japon_Laboratorio_bec51d,PUR_IED_Japon_Laboratorio_bec51d,,,,,
2026-09-12T02:41:10-05:00,PUR_IED_Japon_informatica_d99327,PUR_IED_Japon_informatica_d99327,,,,,
2026-09-12T02:41:10-05:00,PUR_IED_Jazmin_Ext_d27bda,PUR_IED_Jazmin_Ext_d27bda,,,,,
2026-09-12T02:41:10-05:00,PUR_IED_Jazmin_Fisica_8d14d7,PUR_IED_Jazmin_Fisica_8d14d7,,,,,
2026-09-12T02:41:10-05:00,PUR_IED_Jazmin_Quimica_801cb5,PUR_IED_Jazmin_Quimica_801cb5,,,,,
2026-09-12T02:41:10-05:00,PUR_IED_JorgeGaitan_Exter_f098d1,PUR_IED_JorgeGaitan_Exter_f098d1,,,,,
2026-09-12T02:41:10-05:00,PUR_IED_JorgeGaitan_STec1_dc9d1d,PUR_IED_JorgeGaitan_STec1_dc9d1d,,,,,
2026-09-12T02:41:10-05:00,PUR_IED_JorgeGaitan_STec2_281e69,PUR_IED_JorgeGaitan_STec2_281e69,,,,,
2026-09-12T02:41:10-05:00,PUR_IED_JorgeSoto_Exterio_d9d0a2,PUR_IED_JorgeSoto_Exterio_d9d0a2,,,,,
2026-09-12T02:41:10-05:00,PUR_IED_JorgeSoto_LabFisi_209c54,PUR_IED_JorgeSoto_LabFisi_209c54,,,,,
2026-09-12T02:41:10-05:00,PUR_IED_JorgeSoto_S103_27b51a,PUR_IED_JorgeSoto_S103_27b51a,,,,,
2026-09-12T02:41:10-05:00,PUR_IED_JoseAcevedo_A02_e965eb,PUR_IED_JoseAcevedo_A02_e965eb,,,,,
2026-09-12T02:41:10-05:00,PUR_IED_JoseAcevedo_A07_dd5b4,PUR_IED_JoseAcevedo_A07_dd5b4,,,,,
2026-09-12T02:41:10-05:00,PUR_IED_JoseAcevedo_Ext_b47484,PUR_IED_JoseAcevedo_Ext_b47484,,,,,
2026-09-12T02:41:10-05:00,PUR_IED_JoseMarti_Exte_5b9bf,PUR_IED_JoseMarti_Exte_5b9bf,,,,,
2026-09-12T02:41:10-05:00,PUR_IED_JoseMarti_LabQuim_1c6c2d,PUR_IED_JoseMarti_LabQuim_1c6c2d,,,,,
2026-09-12T02:41:10-05:00,PUR_IED_JoseMarti_S_info_f5f177,PUR_IED_JoseMarti_S_info_f5f177,,,,,
2026-09-12T02:41:10-05:00,PUR_IED_Josejoaquin_Ext_dfc5dc,PUR_IED_Josejoaquin_Ext_dfc5dc,,,,,
2026-09-12T02:41:10-05:00,PUR_IED_Josejoaquin_S05_5b2a96,PUR_IED_Josejoaquin_S05_5b2a96,,,,,
2026-09-12T02:41:10-05:00,PUR_IED_Josejoaquin_S06_1ce7d2,PUR_IED_Josejoaquin_S06_1ce7d2,,,,,
2026-09-12T02:41:10-05:00,PUR_IED_JulioFlorez_Danza_9b82dd,PUR_IED_JulioFlorez_Danza_9b82dd,,,,,
2026-09-12T02:41:10-05:00,PUR_IED_JulioFlorez_Exter_f9f314,PUR_IED_JulioFlorez_Exter_f9f314,,,,,
2026-09-12T02:41:10-05:00,PUR_IED_JulioFlorez_info2_6b6e08,PUR_IED_JulioFlorez_info2_6b6e08,,,,,
2026-09-12T02:41:10-05:00,PUR_IED_LaBelleza_Aula13_1d00d8,PUR_IED_LaBelleza_Aula13_1d00d8,,,,,
2026-09-12T02:41:10-05:00,PUR_IED_LaBelleza_Ext_7bc08c,PUR_IED_LaBelleza_Ext_7bc08c,,,,,
2026-09-12T02:41:10-05:00,PUR_IED_LaChucua_Ext_8cd6d2,PUR_IED_LaChucua_Ext_8cd6d2,,,,,
2026-09-12T02:41:10-05:00,PUR_IED_LaChucua_S15_f578ce,PUR_IED_LaChucua_S15_f578ce,,,,,
2026-09-12T02:41:10-05:00,PUR_IED_LaChucua_S16_eebcf9,PUR_IED_LaChucua_S16_eebcf9,,,,,
2026-09-12T02:41:10-05:00,PUR_IED_LaFelicidad_Ext_fb5109,PUR_IED_LaFelicidad_Ext_fb5109,,,,,
2026-09-12T02:41:10-05:00,PUR_IED_LaMerced_206_66ebd,PUR_IED_LaMerced_206_66ebd,,,,,
2026-09-12T02:41:10-05:00,PUR_IED_LaMerced_207_6ebd6,PUR_IED_LaMerced_207_6ebd6,,,,,
2026-09-12T02:41:10-05:00,PUR_IED_LaMerced_ext_304311,PUR_IED_LaMerced_ext_304311,,,,,
2026-09-12T02:41:10-05:00,PUR_IED_Laureano_CiencNat_281e5e,PUR_IED_Laureano_CiencNat_281e5e,,,,,
2026-09-12T02:41:10-05:00,PUR_IED_Laureano_Comedor_f65c0a,PUR_IED_Laureano_Comedor_f65c0a,,,,,
2026-09-12T02:41:10-05:00,PUR_IED_Laureano_Exterior_7ab011,PUR_IED_Laureano_Exterior_7ab011,,,,,
2026-09-12T02:41:10-05:00,PUR_IED_LeonGreiff_Exte_dfe560,PUR_IED_LeonGreiff_Exte_dfe560,,,,,
2026-09-12T02:41:10-05:00,PUR_IED_LeonGreiff_S210_f264ed,PUR_IED_LeonGreiff_S210_f264ed,,,,,
2026-09-12T02:41:10-05:00,PUR_IED_LeonGreiff_SQuimi_e8296f,PUR_IED_LeonGreiff_SQuimi_e8296f,,,,,
2026-09-12T02:41:10-05:00,PUR_IED_LlanoOrientalS208_7b9fcd,PUR_IED_LlanoOrientalS208_7b9fcd,,,,,
2026-09-12T02:41:10-05:00,PUR_IED_LlanoOriental_Ext_fb3766,PUR_IED_LlanoOriental_Ext_fb3766,,,,,
2026-09-12T02:41:10-05:00,PUR_IED_LlanoOriental_S208_7b9fcd,PUR_IED_LlanoOriental_S208_7b9fcd,,,,,
2026-09-12T02:41:10-05:00,PUR_IED_LlanoOriental_S9_27b378,PUR_IED_LlanoOriental_S9_27b378,,,,,
2026-09-12T02:41:10-05:00,PUR_IED_LosTejares_1101_477602,PUR_IED_LosTejares_1101_477602,,,,,
2026-09-12T02:41:10-05:00,PUR_IED_LosTejares_11_d2c595,PUR_IED_LosTejares_11_d2c595,,,,,
2026-09-12T02:41:10-05:00,PUR_IED_LosTejares_12_477602,PUR_IED_LosTejares_12_477602,,,,,
2026-09-12T02:41:10-05:00,PUR_IED_LosTejares_Ext_8e2115,PUR_IED_LosTejares_Ext_8e2115,,,,,
2026-09-12T02:41:10-05:00,PUR_IED_MagdalenaO_B202_5ddda3,PUR_IED_MagdalenaO_B202_5ddda3,,,,,
2026-09-12T02:41:10-05:00,PUR_IED_MagdalenaO_B205_fb76e8,PUR_IED_MagdalenaO_B205_fb76e8,,,,,
2026-09-12T02:41:10-05:00,PUR_IED_MagdalenaO_ext_dc69cd,PUR_IED_MagdalenaO_ext_dc69cd,,,,,
2026-09-12T02:41:10-05:00,PUR_IED_ManueCepeda_artes_eee956,PUR_IED_ManueCepeda_artes_eee956,,,,,
2026-09-12T02:41:10-05:00,PUR_IED_ManuelCepeda_Ext_58313,PUR_IED_ManuelCepeda_Ext_58313,,,,,
2026-09-12T02:41:10-05:00,PUR_IED_ManuelCepeda_tec_1c5731,PUR_IED_ManuelCepeda_tec_1c5731,,,,,
2026-09-12T02:41:10-05:00,PUR_IED_ManuelS_Exterior_5b269,PUR_IED_ManuelS_Exterior_5b269,,,,,
2026-09-12T02:41:10-05:00,PUR_IED_ManuelS_Inform_f369ce,PUR_IED_ManuelS_Inform_f369ce,,,,,
2026-09-12T02:41:10-05:00,PUR_IED_ManuelS_SArtes_7d15f1,PUR_IED_ManuelS_SArtes_7d15f1,,,,,
2026-09-12T02:41:10-05:00,PUR_IED_ManuelZapata_303_3ca6,PUR_IED_ManuelZapata_303_3ca6,,,,,
2026-09-12T02:41:10-05:00,PUR_IED_ManuelZapata_311_bfbabc,PUR_IED_ManuelZapata_311_bfbabc,,,,,
2026-09-12T02:41:10-05:00,PUR_IED_ManuelZapata_Ext_50824a,PUR_IED_ManuelZapata_Ext_50824a,,,,,
2026-09-12T02:41:10-05:00,PUR_IED_ManuelitaS_Exteri_656a92,PUR_IED_ManuelitaS_Exteri_656a92,,,,,
2026-09-12T02:41:10-05:00,PUR_IED_ManuelitaS_JuzgDe_f58ec3,PUR_IED_ManuelitaS_JuzgDe_f58ec3,,,,,
2026-09-12T02:41:10-05:00,PUR_IED_ManuelitaS_Recrea_d793db,PUR_IED_ManuelitaS_Recrea_d793db,,,,,
2026-09-12T02:41:10-05:00,PUR_IED_MarFidSuarez_Ext_c27b19,PUR_IED_MarFidSuarez_Ext_c27b19,,,,,
2026-09-12T02:41:10-05:00,PUR_IED_MarFidSuarez_Info_e384d7,PUR_IED_MarFidSuarez_Info_e384d7,,,,,
2026-09-12T02:41:10-05:00,PUR_IED_MarFidSuarez_S306_1d0032,PUR_IED_MarFidSuarez_S306_1d0032,,,,,
2026-09-12T02:41:10-05:00,PUR_IED_Menorah_301_2a25a3,PUR_IED_Menorah_301_2a25a3,,,,,
2026-09-12T02:41:10-05:00,PUR_IED_Menorah_306_37ed3,PUR_IED_Menorah_306_37ed3,,,,,
2026-09-12T02:41:10-05:00,PUR_IED_Menorah_Ext_3e155b,PUR_IED_Menorah_Ext_3e155b,,,,,
2026-09-12T02:41:10-05:00,PUR_IED_MinutoB.Aires_A11_1b1604,PUR_IED_MinutoB.Aires_A11_1b1604,,,,,
2026-09-12T02:41:10-05:00,PUR_IED_MinutoB.Aires_A12_fb5860,PUR_IED_MinutoB.Aires_A12_fb5860,,,,,
2026-09-12T02:41:10-05:00,PUR_IED_MinutoB.Aires_Ext_81293f,PUR_IED_MinutoB.Aires_Ext_81293f,,,,,
2026-09-12T02:41:10-05:00,PUR_IED_MinutoBAires_A11_1b1604,PUR_IED_MinutoBAires_A11_1b1604,,,,,
2026-09-12T02:41:10-05:00,PUR_IED_MinutoBAires_A12_fb5860,PUR_IED_MinutoBAires_A12_fb5860,,,,,
2026-09-12T02:41:10-05:00,PUR_IED_MinutoBAires_Ext_81293f,PUR_IED_MinutoBAires_Ext_81293f,,,,,
2026-09-12T02:41:10-05:00,PUR_IED_Montreal_Aula10_1e4959,PUR_IED_Montreal_Aula10_1e4959,,,,,
2026-09-12T02:41:10-05:00,PUR_IED_Montreal_Aula6_300367,PUR_IED_Montreal_Aula6_300367,,,,,
2026-09-12T02:41:10-05:00,PUR_IED_Montreal_Exterior_91a179,PUR_IED_Montreal_Exterior_91a179,,,,,
2026-09-12T02:41:10-05:00,PUR_IED_Mqgdalena_B202_5ddda3,PUR_IED_Mqgdalena_B202_5ddda3,,,,,
2026-09-12T02:41:10-05:00,PUR_IED_NACUND_Soc_dc8728,PUR_IED_NACUND_Soc_dc8728,,,,,
2026-09-12T02:41:10-05:00,PUR_IED_NACUND_ext_27ad97,PUR_IED_NACUND_ext_27ad97,,,,,
2026-09-12T02:41:10-05:00,PUR_IED_NEsperanza_Ext_d24b61,PUR_IED_NEsperanza_Ext_d24b61,,,,,
2026-09-12T02:41:10-05:00,PUR_IED_NEsperanza_SElect_7d1807,PUR_IED_NEsperanza_SElect_7d1807,,,,,
2026-09-12T02:41:10-05:00,PUR_IED_NEsperanza_SLabor_8b2d0a,PUR_IED_NEsperanza_SLabor_8b2d0a,,,,,
2026-09-12T02:41:10-05:00,PUR_IED_NacionesU_Ext_f661a9,PUR_IED_NacionesU_Ext_f661a9,,,,,
2026-09-12T02:41:10-05:00,PUR_IED_NacionesU_Quimica_66f0a,PUR_IED_NacionesU_Quimica_66f0a,,,,,
2026-09-12T02:41:10-05:00,PUR_IED_NacionesU_S306_1b4b3d,PUR_IED_NacionesU_S306_1b4b3d,,,,,
2026-09-12T02:41:10-05:00,PUR_IED_NestorFA_Ext_e4201c,PUR_IED_NestorFA_Ext_e4201c,,,,,
2026-09-12T02:41:10-05:00,PUR_IED_NestorFA_Laborato_f22fe0,PUR_IED_NestorFA_Laborato_f22fe0,,,,,
2026-09-12T02:41:10-05:00,PUR_IED_NestorFA_S204_dee996,PUR_IED_NestorFA_S204_dee996,,,,,
2026-09-12T02:41:10-05:00,PUR_IED_NidyaQT_Aula03_76999b,PUR_IED_NidyaQT_Aula03_76999b,,,,,
2026-09-12T02:41:10-05:00,PUR_IED_NidyaQT_Aula10_56325,PUR_IED_NidyaQT_Aula10_56325,,,,,
2026-09-12T02:41:10-05:00,PUR_IED_NidyaQT_Ext_46e32d,PUR_IED_NidyaQT_Ext_46e32d,,,,,
2026-09-12T02:41:10-05:00,PUR_IED_NuevaCol_Exterior_d9b859,PUR_IED_NuevaCol_Exterior_d9b859,,,,,
2026-09-12T02:41:10-05:00,PUR_IED_NuevaCol_S1101_76c43b,PUR_IED_NuevaCol_S1101_76c43b,,,,,
2026-09-12T02:41:10-05:00,PUR_IED_NuevaCol_S1102_1ce0b5,PUR_IED_NuevaCol_S1102_1ce0b5,,,,,
2026-09-12T02:41:10-05:00,PUR_IED_OEA_A202_f7e3f2,PUR_IED_OEA_A202_f7e3f2,,,,,
2026-09-12T02:41:10-05:00,PUR_IED_OEA_A203_7d1b8d,PUR_IED_OEA_A203_7d1b8d,,,,,
2026-09-12T02:41:10-05:00,PUR_IED_OEA_Ext_27b593,PUR_IED_OEA_Ext_27b593,,,,,
2026-09-12T02:41:10-05:00,PUR_IED_Ochoa_Ext_1c29da,PUR_IED_Ochoa_Ext_1c29da,,,,,
2026-09-12T02:41:10-05:00,PUR_IED_Ochoa_S205_8b1121,PUR_IED_Ochoa_S205_8b1121,,,,,
2026-09-12T02:41:10-05:00,PUR_IED_Ochoa_Sistemas_f33af6,PUR_IED_Ochoa_Sistemas_f33af6,,,,,
2026-09-12T02:41:10-05:00,PUR_IED_PQuebec_Ext_1c67c7,PUR_IED_PQuebec_Ext_1c67c7,,,,,
2026-09-12T02:41:10-05:00,PUR_IED_PQuebec_S15_23e8e2,PUR_IED_PQuebec_S15_23e8e2,,,,,
2026-09-12T02:41:10-05:00,PUR_IED_PQuebec_S16_8ec76b,PUR_IED_PQuebec_S16_8ec76b,,,,,
2026-09-12T02:41:10-05:00,PUR_IED_PabloN_Ext_49dc96,PUR_IED_PabloN_Ext_49dc96,,,,,
2026-09-12T02:41:10-05:00,PUR_IED_PabloN_S1102_4e3df5,PUR_IED_PabloN_S1102_4e3df5,,,,,
2026-09-12T02:41:10-05:00,PUR_IED_PabloN_S1103_50c94b,PUR_IED_PabloN_S1103_50c94b,,,,,
2026-09-12T02:41:10-05:00,PUR_IED_Palestina_S1101_db9198,PUR_IED_Palestina_S1101_db9198,,,,,
2026-09-12T02:41:10-05:00,PUR_IED_Palestina_S1102_dc54fa,PUR_IED_Palestina_S1102_dc54fa,,,,,
2026-09-12T02:41:10-05:00,PUR_IED_Palestina_ext_4ccce6,PUR_IED_Palestina_ext_4ccce6,,,,,
2026-09-12T02:41:10-05:00,PUR_IED_Panama_Fisica_4d0794,PUR_IED_Panama_Fisica_4d0794,,,,,
2026-09-12T02:41:10-05:00,PUR_IED_Panama_SIngles_a4077e,PUR_IED_Panama_SIngles_a4077e,,,,,
2026-09-12T02:41:10-05:00,PUR_IED_Panama_ext_4c54b4,PUR_IED_Panama_ext_4c54b4,,,,,
2026-09-12T02:41:10-05:00,PUR_IED_ParaisoM_Exterior_8cd7f0,PUR_IED_ParaisoM_Exterior_8cd7f0,,,,,
2026-09-12T02:41:10-05:00,PUR_IED_ParaisoM_Laborato_27af35,PUR_IED_ParaisoM_Laborato_27af35,,,,,
2026-09-12T02:41:10-05:00,PUR_IED_ParaisoM_S304_d1edca,PUR_IED_ParaisoM_S304_d1edca,,,,,
2026-09-12T02:41:10-05:00,PUR_IED_PorfirioBarba_Ext_301466,PUR_IED_PorfirioBarba_Ext_301466,,,,,
2026-09-12T02:41:10-05:00,PUR_IED_PorfirioBarba_S11_df6cd2,PUR_IED_PorfirioBarba_S11_df6cd2,,,,,
2026-09-12T02:41:10-05:00,PUR_IED_PorfirioBarba_S29_27a7d6,PUR_IED_PorfirioBarba_S29_27a7d6,,,,,
2026-09-12T02:41:10-05:00,PUR_IED_PradoV_Exter_8b27ad,PUR_IED_PradoV_Exter_8b27ad,,,,,
2026-09-12T02:41:10-05:00,PUR_IED_PradoV_S301_de65b5,PUR_IED_PradoV_S301_de65b5,,,,,
2026-09-12T02:41:10-05:00,PUR_IED_PradoV_S302_7d2593,PUR_IED_PradoV_S302_7d2593,,,,,
2026-09-12T02:41:10-05:00,PUR_IED_QuirogaAlz_Ext_1ddc82,PUR_IED_QuirogaAlz_Ext_1ddc82,,,,,
2026-09-12T02:41:10-05:00,PUR_IED_QuirogaAlz_S302_9926a3,PUR_IED_QuirogaAlz_S302_9926a3,,,,,
2026-09-12T02:41:10-05:00,PUR_IED_QuirogaAlz_S305_cdf1f1,PUR_IED_QuirogaAlz_S305_cdf1f1,,,,,
2026-09-12T02:41:10-05:00,PUR_IED_RGuatemala_Biling_dc53b7,PUR_IED_RGuatemala_Biling_dc53b7,,,,,
2026-09-12T02:41:10-05:00,PUR_IED_RGuatemala_Ext_1b89a3,PUR_IED_RGuatemala_Ext_1b89a3,,,,,
2026-09-12T02:41:10-05:00,PUR_IED_RGuatemala_Tecnol_281a34,PUR_IED_RGuatemala_Tecnol_281a34,,,,,
2026-09-12T02:41:10-05:00,PUR_IED_RafaNu_Ext_f7c302,PUR_IED_RafaNu_Ext_f7c302,,,,,
2026-09-12T02:41:10-05:00,PUR_IED_RafaNu_S1101_25fde,PUR_IED_RafaNu_S1101_25fde,,,,,
2026-09-12T02:41:10-05:00,PUR_IED_RafaNu_S1102_281517,PUR_IED_RafaNu_S1102_281517,,,,,
2026-09-12T02:41:10-05:00,PUR_IED_RafaelB_S305_ee2783,PUR_IED_RafaelB_S305_ee2783,,,,,
2026-09-12T02:41:10-05:00,PUR_IED_RafaelB_S306_75fe33,PUR_IED_RafaelB_S306_75fe33,,,,,
2026-09-12T02:41:10-05:00,PUR_IED_RafaelB_ext_283336,PUR_IED_RafaelB_ext_283336,3,18,60,4.6722,-74.0737
2026-09-12T02:41:10-05:00,PUR_IED_RafaelUU_Exterior_281a51,PUR_IED_RafaelUU_Exterior_281a51,,,,,
2026-09-12T02:41:10-05:00,PUR_IED_RafaelUU_Human_806b2,PUR_IED_RafaelUU_Human_806b2,,,,,
2026-09-12T02:41:10-05:00,PUR_IED_RafaelUU_Mate2_5680d4,PUR_IED_RafaelUU_Mate2_5680d4,,,,,
2026-09-12T02:41:10-05:00,PUR_IED_RamonSub_Ext_f9eeb9,PUR_IED_RamonSub_Ext_f9eeb9,,,,,
2026-09-12T02:41:10-05:00,PUR_IED_RamonSub_Media_d1f62f,PUR_IED_RamonSub_Media_d1f62f,,,,,
2026-09-12T02:41:10-05:00,PUR_IED_RamonSub_planta_51b82,PUR_IED_RamonSub_planta_51b82,,,,,
2026-09-12T02:41:10-05:00,PUR_IED_RepBoliVene_Exter_27af7c,PUR_IED_RepBoliVene_Exter_27af7c,,,,,
2026-09-12T02:41:10-05:00,PUR_IED_RepBoliVene_SCPT_5ae2ee,PUR_IED_RepBoliVene_SCPT_5ae2ee,,,,,
2026-09-12T02:41:10-05:00,PUR_IED_RepBoliVene_Socia_4b11d5,PUR_IED_RepBoliVene_Socia_4b11d5,,,,,
2026-09-12T02:41:10-05:00,PUR_IED_RepChina_Ext_76d9ee,PUR_IED_RepChina_Ext_76d9ee,,,,,
2026-09-12T02:41:10-05:00,PUR_IED_RepChina_S404_7c804c,PUR_IED_RepChina_S404_7c804c,,,,,
2026-09-12T02:41:10-05:00,PUR_IED_RepChina_S405_df2c33,PUR_IED_RepChina_S405_df2c33,,,,,
2026-09-12T02:41:10-05:00,PUR_IED_RepublicaC_Exteri_7d1ec9,PUR_IED_RepublicaC_Exteri_7d1ec9,,,,,
2026-09-12T02:41:10-05:00,PUR_IED_RepublicaC_S1101_f544b3,PUR_IED_RepublicaC_S1101_f544b3,,,,,
2026-09-12T02:41:10-05:00,PUR_IED_RepublicaC_S1102_7aafc7,PUR_IED_RepublicaC_S1102_7aafc7,,,,,
2026-09-12T02:41:10-05:00,PUR_IED_Ricaurte_Externo_a0ea1,PUR_IED_Ricaurte_Externo_a0ea1,,,,,
2026-09-12T02:41:10-05:00,PUR_IED_Ricaurte_S210_f546fd,PUR_IED_Ricaurte_S210_f546fd,,,,,
2026-09-12T02:41:10-05:00,PUR_IED_Ricaurte_S309_d4452,PUR_IED_Ricaurte_S309_d4452,,,,,
2026-09-12T02:41:10-05:00,PUR_IED_RogelioS_1102_531e69,PUR_IED_RogelioS_1102_531e69,,,,,
2026-09-12T02:41:10-05:00,PUR_IED_RogelioS_Ext_f25a18,PUR_IED_RogelioS_Ext_f25a18,,,,,
2026-09-12T02:41:10-05:00,PUR_IED_SBernardino_Ext_27aff8,PUR_IED_SBernardino_Ext_27aff8,,,,,
2026-09-12T02:41:10-05:00,PUR_IED_SBernardino_SArte_2ffd33,PUR_IED_SBernardino_SArte_2ffd33,,,,,
2026-09-12T02:41:10-05:00,PUR_IED_SBernardino_SIngl_7c7da5,PUR_IED_SBernardino_SIngl_7c7da5,,,,,
2026-09-12T02:41:10-05:00,PUR_IED_Sago_auditorio_dc9d1d,PUR_IED_Sago_auditorio_dc9d1d,,,,,
2026-09-12T02:41:10-05:00,PUR_IED_Saludcoop_Ext_95aac3,PUR_IED_Saludcoop_Ext_95aac3,,,,,
2026-09-12T02:41:10-05:00,PUR_IED_Saludcoop_InfI_90c854,PUR_IED_Saludcoop_InfI_90c854,,,,,
2026-09-12T02:41:10-05:00,PUR_IED_Saludcoop_SMedia_1b93be,PUR_IED_Saludcoop_SMedia_1b93be,,,,,
2026-09-12T02:41:10-05:00,PUR_IED_SanCarlos_1101_1a2360,PUR_IED_SanCarlos_1101_1a2360,,,,,
2026-09-12T02:41:10-05:00,PUR_IED_SanCarlos_1103_7bafb5,PUR_IED_SanCarlos_1103_7bafb5,,,,,
2026-09-12T02:41:10-05:00,PUR_IED_SanCarlos_Ext_b7cd1,PUR_IED_SanCarlos_Ext_b7cd1,,,,,
2026-09-12T02:41:10-05:00,PUR_IED_SanIgnacioBosa11a_50c26e,PUR_IED_SanIgnacioBosa11a_50c26e,,,,,
2026-09-12T02:41:10-05:00,PUR_IED_SanIgnacioBosa11b_371de8,PUR_IED_SanIgnacioBosa11b_371de8,,,,,
2026-09-12T02:41:10-05:00,PUR_IED_SanIgnacioBosaExt_ef0ffc,PUR_IED_SanIgnacioBosaExt_ef0ffc,,,,,
2026-09-12T02:41:10-05:00,PUR_IED_SanIgnacioBosa_11a_50c26e,PUR_IED_SanIgnacioBosa_11a_50c26e,,,,,
2026-09-12T02:41:10-05:00,PUR_IED_SanIgnacioBosa_Ext_ef0ffc,PUR_IED_SanIgnacioBosa_Ext_ef0ffc,,,,,
2026-09-12T02:41:10-05:00,PUR_IED_SanJoseN_intS1101_31c47f,PUR_IED_SanJoseN_intS1101_31c47f,,,,,
2026-09-12T02:41:10-05:00,PUR_IED_SanJoseUsm_Exter_f5d7e8,PUR_IED_SanJoseUsm_Exter_f5d7e8,,,,,
2026-09-12T02:41:10-05:00,PUR_IED_SanJoseUsm_Int11A_cfdef6,PUR_IED_SanJoseUsm_Int11A_cfdef6,,,,,
2026-09-12T02:41:10-05:00,PUR_IED_SilveriaR_IntB5_905349,PUR_IED_SilveriaR_IntB5_905349,,,,,
2026-09-12T02:41:10-05:00,PUR_IED_SilveriaR_IntSD14_981f93,PUR_IED_SilveriaR_IntSD14_981f93,,,,,
2026-09-12T02:41:10-05:00,PUR_IED_SilveriaR_ext_2b651d,PUR_IED_SilveriaR_ext_2b651d,,,,,
2026-09-12T02:41:10-05:00,PUR_IED_SimonB_Exterior_913975,PUR_IED_SimonB_Exterior_913975,,,,,
2026-09-12T02:41:10-05:00,PUR_IED_SimonB_LabQuimi_c56908,PUR_IED_SimonB_LabQuimi_c56908,,,,,
2026-09-12T02:41:10-05:00,PUR_IED_SimonB_informatic_a28c1,PUR_IED_SimonB_informatic_a28c1,,,,,
2026-09-12T02:41:10-05:00,PUR_IED_Sorrento_1102_315f50,PUR_IED_Sorrento_1102_315f50,,,,,
2026-09-12T02:41:10-05:00,PUR_IED_Sorrento_Minte_214eab,PUR_IED_Sorrento_Minte_214eab,,,,,
2026-09-12T02:41:10-05:00,PUR_IED_Sorrento_ext_7c3a0a,PUR_IED_Sorrento_ext_7c3a0a,,,,,
2026-09-12T02:41:10-05:00,PUR_IED_Tabora_Ext_f048ae,PUR_IED_Tabora_Ext_f048ae,,,,,
2026-09-12T02:41:10-05:00,PUR_IED_Tabora_S1102_b07752,PUR_IED_Tabora_S1102_b07752,,,,,
2026-09-12T02:41:10-05:00,PUR_IED_Tabora_S1103_d988f5,PUR_IED_Tabora_S1103_d988f5,,,,,
2026-09-12T02:41:10-05:00,PUR_IED_Tenerife_Ext_1ab188,PUR_IED_Tenerife_Ext_1ab188,,,,,
2026-09-12T02:41:10-05:00,PUR_IED_Tenerife_SDanzas_7bc02e,PUR_IED_Tenerife_SDanzas_7bc02e,,,,,
2026-09-12T02:41:10-05:00,PUR_IED_Tenerife_SIngles_7cc277,PUR_IED_Tenerife_SIngles_7cc277,,,,,
2026-09-12T02:41:10-05:00,PUR_IED_Tibabuyes_Exter_f2683d,PUR_IED_Tibabuyes_Exter_f2683d,,,,,
2026-09-12T02:41:10-05:00,PUR_IED_Tibabuyes_S10_dc87a8,PUR_IED_Tibabuyes_S10_dc87a8,,,,,
2026-09-12T02:41:10-05:00,PUR_IED_Tibabuyes_S15_dc0526,PUR_IED_Tibabuyes_S15_dc0526,,,,,
2026-09-12T02:41:10-05:00,PUR_IED_UnionE_S301_a1043,PUR_IED_UnionE_S301_a1043,,,,,
2026-09-12T02:41:10-05:00,PUR_IED_UnionE_S307_ff6c2f,PUR_IED_UnionE_S307_ff6c2f,,,,,
2026-09-12T02:41:10-05:00,PUR_IED_UnionE__Ext_5e2468,PUR_IED_UnionE__Ext_5e2468,,,,,
2026-09-12T02:41:10-05:00,PUR_IED_VillaRica_Ext_75be7c,PUR_IED_VillaRica_Ext_75be7c,,,,,
2026-09-12T02:41:10-05:00,PUR_IED_VillaRica_S4_cc5dcd,PUR_IED_VillaRica_S4_cc5dcd,,,,,
2026-09-12T02:41:10-05:00,PUR_IED_VillaRica_Sesp_99f5c,PUR_IED_VillaRica_Sesp_99f5c,,,,,
2026-09-12T02:46:04-05:00,PUR_IED_20deJulio_1101_91b1b9,PUR_IED_20deJulio_1101_91b1b9,,,,,
2026-09-12T02:46:04-05:00,PUR_IED_20deJulio_1102_1cfcf9,PUR_IED_20deJulio_1102_1cfcf9,,,,,
2026-09-12T02:46:04-05:00,PUR_IED_20deJulio_Ext_ab60bd,PUR_IED_20deJulio_Ext_ab60bd,,,,,
2026-09-12T02:46:04-05:00,PUR_IED_AgustinFer_Ext_7b9b77,PUR_IED_AgustinFer_Ext_7b9b77,,,,,
2026-09-12T02:46:04-05:00,PUR_IED_AgustinFer_Info2_27b3a7,PUR_IED_AgustinFer_Info2_27b3a7,,,,,
2026-09-12T02:46:04-05:00,PUR_IED_AgustinFer_Sena_54b4eb,PUR_IED_AgustinFer_Sena_54b4eb,,,,,
2026-09-12T02:46:04-05:00,PUR_IED_AlexanderF_1102_caf07b,PUR_IED_AlexanderF_1102_caf07b,,,,,
2026-09-12T02:46:04-05:00,PUR_IED_AlexanderF_1103_c79e71,PUR_IED_AlexanderF_1103_c79e71,,,,,
2026-09-12T02:46:04-05:00,PUR_IED_AlexanderF_Ext_c5b18b,PUR_IED_AlexanderF_Ext_c5b18b,,,,,
2026-09-12T02:46:04-05:00,PUR_IED_AlfonsoLopez_Ext_281d77,PUR_IED_AlfonsoLopez_Ext_281d77,,,,,
2026-09-12T02:46:04-05:00,PUR_IED_AlfonsoLopez_LabF_888ce0,PUR_IED_AlfonsoLopez_LabF_888ce0,,,,,
2026-09-12T02:46:04-05:00,PUR_IED_AlfonsoLopez_SMed_df6a7f,PUR_IED_AlfonsoLopez_SMed_df6a7f,,,,,
2026-09-12T02:46:04-05:00,PUR_IED_AltamiraSO_A2_209f92,PUR_IED_AltamiraSO_A2_209f92,,,,,
2026-09-12T02:46:04-05:00,PUR_IED_AltamiraSO_Ext_186d66,PUR_IED_AltamiraSO_Ext_186d66,,,,,
2026-09-12T02:46:04-05:00,PUR_IED_AltamiraSO_Sistem_27afe1,PUR_IED_AltamiraSO_Sistem_27afe1,,,,,
2026-09-12T02:46:04-05:00,PUR_IED_AlvaroGom_LabQuim_813179,PUR_IED_AlvaroGom_LabQuim_813179,,,,,
2026-09-12T02:46:04-05:00,PUR_IED_AlvaroGomez_Ext_47c7ca,PUR_IED_AlvaroGomez_Ext_47c7ca,,,,,
2026-09-12T02:46:04-05:00,PUR_IED_AlvaroGomez_LabQuim_813179,PUR_IED_AlvaroGomez_LabQuim_813179,,,,,
2026-09-12T02:46:04-05:00,PUR_IED_AlvaroGomez_S23_7ba89f,PUR_IED_AlvaroGomez_S23_7ba89f,,,,,
2026-09-12T02:46:04-05:00,PUR_IED_Amistad_306_dc8728,PUR_IED_Amistad_306_dc8728,,,,,
2026-09-12T02:46:04-05:00,PUR_IED_Amistad_Ext_8cd55e,PUR_IED_Amistad_Ext_8cd55e,,,,,
2026-09-12T02:46:04-05:00,PUR_IED_Amistad_S202_a41169,PUR_IED_Amistad_S202_a41169,,,,,
2026-09-12T02:46:04-05:00,PUR_IED_AndresBello_Bio_fd5f5e,PUR_IED_AndresBello_Bio_fd5f5e,,,,,
2026-09-12T02:46:04-05:00,PUR_IED_AndresBello_ext_dcad65,PUR_IED_AndresBello_ext_dcad65,,,,,
2026-09-12T02:46:04-05:00,PUR_IED_AndresBello_port_eed3ec,PUR_IED_AndresBello_port_eed3ec,,,,,
2026-09-12T02:46:04-05:00,PUR_IED_AngelaR_11b_d90a6b,PUR_IED_AngelaR_11b_d90a6b,,,,,
2026-09-12T02:46:04-05:00,PUR_IED_AngelaR_ext_7cad3e,PUR_IED_AngelaR_ext_7cad3e,11,20,61,4.5825,-74.164497
2026-09-12T02:46:04-05:00,PUR_IED_AntJoseSucre_10mo_df2575,PUR_IED_AntJoseSucre_10mo_df2575,,,,,
2026-09-12T02:46:04-05:00,PUR_IED_AntJoseSucre_Ext_215b36,PUR_IED_AntJoseSucre_Ext_215b36,,,,,
2026-09-12T02:46:04-05:00,PUR_IED_AntJoseSucre_Lab_3139de,PUR_IED_AntJoseSucre_Lab_3139de,,,,,
2026-09-12T02:46:04-05:00,PUR_IED_AntonioGarcia_301_d6b188,PUR_IED_AntonioGarcia_301_d6b188,,,,,
2026-09-12T02:46:04-05:00,PUR_IED_AntonioGarcia_302_88a82,PUR_IED_AntonioGarcia_302_88a82,,,,,
2026-09-12T02:46:04-05:00,PUR_IED_AntonioGarcia_Ext_20950c,PUR_IED_AntonioGarcia_Ext_20950c,,,,,
2026-09-12T02:46:04-05:00,PUR_IED_AntonioVan_Aula2_6dea02,PUR_IED_AntonioVan_Aula2_6dea02,,,,,
2026-09-12T02:46:04-05:00,PUR_IED_AntonioVan_Aula5_f1557e,PUR_IED_AntonioVan_Aula5_f1557e,,,,,
2026-09-12T02:46:04-05:00,PUR_IED_AntonioVan_Ext_406f2f,PUR_IED_AntonioVan_Ext_406f2f,,,,,
2026-09-12T02:46:04-05:00,PUR_IED_Atabanzha_Ext_cc5af9,PUR_IED_Atabanzha_Ext_cc5af9,,,,,
2026-09-12T02:46:04-05:00,PUR_IED_Atabanzha_SA101_56c37,PUR_IED_Atabanzha_SA101_56c37,,,,,
2026-09-12T02:46:04-05:00,PUR_IED_Atabanzha_SB302_27b374,PUR_IED_Atabanzha_SB302_27b374,,,,,
2026-09-12T02:46:04-05:00,PUR_IED_Atahualpa_Ext_fc1748,PUR_IED_Atahualpa_Ext_fc1748,,,,,
2026-09-12T02:46:04-05:00,PUR_IED_Atahualpa_Informa_dc9a95,PUR_IED_Atahualpa_Informa_dc9a95,,,,,
2026-09-12T02:46:04-05:00,PUR_IED_Atahualpa_S1101_f98056,PUR_IED_Atahualpa_S1101_f98056,,,,,
2026-09-12T02:46:04-05:00,PUR_IED_Bellavista_Ext_f5aa74,PUR_IED_Bellavista_Ext_f5aa74,,,,,
2026-09-12T02:46:04-05:00,PUR_IED_Bilbao_11A_916c41,PUR_IED_Bilbao_11A_916c41,,,,,
2026-09-12T02:46:04-05:00,PUR_IED_Bilbao_Ext_fb579a,PUR_IED_Bilbao_Ext_fb579a,,,,,
2026-09-12T02:46:04-05:00,PUR_IED_BrasiliaU_A125_304280,PUR_IED_BrasiliaU_A125_304280,,,,,
2026-09-12T02:46:04-05:00,PUR_IED_BrasiliaU_A203_7c8ca5,PUR_IED_BrasiliaU_A203_7c8ca5,,,,,
2026-09-12T02:46:04-05:00,PUR_IED_BrasiliaU_Ext_8d6e9f,PUR_IED_BrasiliaU_Ext_8d6e9f,3,17,61,4.5175,-74.116302
2026-09-12T02:46:04-05:00,PUR_IED_Brasilia_Ext_fe6593,PUR_IED_Brasilia_Ext_fe6593,,,,,
2026-09-12T02:46:04-05:00,PUR_IED_Brasilia_S24_7c130d,PUR_IED_Brasilia_S24_7c130d,,,,,
2026-09-12T02:46:04-05:00,PUR_IED_Brasilia_S501_186a54,PUR_IED_Brasilia_S501_186a54,,,,,
2026-09-12T02:46:04-05:00,PUR_IED_CHARRY_EXT_f1d5cd,PUR_IED_CHARRY_EXT_f1d5cd,,,,,
2026-09-12T02:46:04-05:00,PUR_IED_CHARRY_INTDANZAS_7a08e6,PUR_IED_CHARRY_INTDANZAS_7a08e6,,,,,
2026-09-12T02:46:04-05:00,PUR_IED_CHARRY_INT_AULA20_dc998d,PUR_IED_CHARRY_INT_AULA20_dc998d,,,,,
2026-09-12T02:46:04-05:00,PUR_IED_COLVIV_1101_S25_7f520a,PUR_IED_COLVIV_1101_S25_7f520a,,,,,
2026-09-12T02:46:04-05:00,PUR_IED_COLVIV_1102_S16_f570ba,PUR_IED_COLVIV_1102_S16_f570ba,,,,,
2026-09-12T02:46:04-05:00,PUR_IED_COLVIV_Ext_1a26fa,PUR_IED_COLVIV_Ext_1a26fa,,,,,
2026-09-12T02:46:04-05:00,PUR_IED_CULPOP_301A_f660f3,PUR_IED_CULPOP_301A_f660f3,,,,,
2026-09-12T02:46:04-05:00,PUR_IED_CULPOP_303_568afe,PUR_IED_CULPOP_303_568afe,,,,,
2026-09-12T02:46:04-05:00,PUR_IED_CULPOP_Ext_e02ccb,PUR_IED_CULPOP_Ext_e02ccb,,,,,
2026-09-12T02:46:04-05:00,PUR_IED_CVillavicen_Ext_26eb58,PUR_IED_CVillavicen_Ext_26eb58,5,14,80,4.487,-74.102798
2026-09-12T02:46:04-05:00,PUR_IED_CVillavicen_Intel_1ce5c2,PUR_IED_CVillavicen_Intel_1ce5c2,,,,,
2026-09-12T02:46:04-05:00,PUR_IED_CVillavicen_Poliv_e0766c,PUR_IED_CVillavicen_Poliv_e0766c,,,,,
2026-09-12T02:46:04-05:00,PUR_IED_CVillavicen_int_1ba140,PUR_IED_CVillavicen_int_1ba140,,,,,
2026-09-12T02:46:04-05:00,PUR_IED_CVillavicen_intel_1ba140,PUR_IED_CVillavicen_intel_1ba140,,,,,
2026-09-12T02:46:04-05:00,PUR_IED_CarlosPizarro_Ext_e307cc,PUR_IED_CarlosPizarro_Ext_e307cc,,,,,
2026-09-12T02:46:04-05:00,PUR_IED_CarlosPizarro_L36_7e5cdb,PUR_IED_CarlosPizarro_L36_7e5cdb,,,,,
2026-09-12T02:46:04-05:00,PUR_IED_CarlosPizarro_L37_c8566c,PUR_IED_CarlosPizarro_L37_c8566c,,,,,
2026-09-12T02:46:04-05:00,PUR_IED_Castilla_Ext_cf35f,PUR_IED_Castilla_Ext_cf35f,,,,,
2026-09-12T02:46:04-05:00,PUR_IED_Castilla_SFisik_360e38,PUR_IED_Castilla_SFisik_360e38,,,,,
2026-09-12T02:46:04-05:00,PUR_IED_Castilla_Sc304_496fbf,PUR_IED_Castilla_Sc304_496fbf,,,,,
2026-09-12T02:46:04-05:00,PUR_IED_CervantesSa_Ext_6b57b,PUR_IED_CervantesSa_Ext_6b57b,2,17,66,4.5128,-74.117203
2026-09-12T02:46:04-05:00,PUR_IED_CervantesSa_S107_225c2b,PUR_IED_CervantesSa_S107_225c2b,,,,,
2026-09-12T02:46:04-05:00,PUR_IED_CervantesSa_S108_940925,PUR_IED_CervantesSa_S108_940925,,,,,
2026-09-12T02:46:04-05:00,PUR_IED_Charry_A20_f53e7c,PUR_IED_Charry_A20_f53e7c,,,,,
2026-09-12T02:46:04-05:00,PUR_IED_Charry_Ext_f1d5cd,PUR_IED_Charry_Ext_f1d5cd,,,,,
2026-09-12T02:46:04-05:00,PUR_IED_Charry_IntAula20_dc998d,PUR_IED_Charry_IntAula20_dc998d,,,,,
2026-09-12T02:46:04-05:00,PUR_IED_Charry_IntDanzas_7a08e6,PUR_IED_Charry_IntDanzas_7a08e6,,,,,
2026-09-12T02:46:04-05:00,PUR_IED_ClememciaC_203_43e2fc,PUR_IED_ClememciaC_203_43e2fc,,,,,
2026-09-12T02:46:04-05:00,PUR_IED_ClememciaC_Ext_1b411a,PUR_IED_ClememciaC_Ext_1b411a,,,,,
2026-09-12T02:46:04-05:00,PUR_IED_ClememciaC_Quimic_44b5fc,PUR_IED_ClememciaC_Quimic_44b5fc,,,,,
2026-09-12T02:46:04-05:00,PUR_IED_ClemenciaC_203_43e2fc,PUR_IED_ClemenciaC_203_43e2fc,,,,,
2026-09-12T02:46:04-05:00,PUR_IED_ClemenciaC_Ext_1b411a,PUR_IED_ClemenciaC_Ext_1b411a,,,,,
2026-09-12T02:46:04-05:00,PUR_IED_ClemenciaC_Quimic_44b5fc,PUR_IED_ClemenciaC_Quimic_44b5fc,,,,,
2026-09-12T02:46:04-05:00,PUR_IED_ColViva_1101_S25_7f520a,PUR_IED_ColViva_1101_S25_7f520a,,,,,
2026-09-12T02:46:04-05:00,PUR_IED_ColViva_1102_S16_f570ba,PUR_IED_ColViva_1102_S16_f570ba,,,,,
2026-09-12T02:46:04-05:00,PUR_IED_ColViva_Ext_1a26fa,PUR_IED_ColViva_Ext_1a26fa,,,,,
2026-09-12T02:46:04-05:00,PUR_IED_ColegioBici_Asist_7c8798,PUR_IED_ColegioBici_Asist_7c8798,,,,,
2026-09-12T02:46:04-05:00,PUR_IED_ColegioBici_Ext_25cbf6,PUR_IED_ColegioBici_Ext_25cbf6,,,,,
2026-09-12T02:46:04-05:00,PUR_IED_ColegioBici_LabQ_7b57db,PUR_IED_ColegioBici_LabQ_7b57db,,,,,
2026-09-12T02:46:04-05:00,PUR_IED_CostaRica_Ext_5e640,PUR_IED_CostaRica_Ext_5e640,,,,,
2026-09-12T02:46:04-05:00,PUR_IED_CostaRica_Quim1_766d1c,PUR_IED_CostaRica_Quim1_766d1c,,,,,
2026-09-12T02:46:04-05:00,PUR_IED_CostaRica__Fisica_6f0873,PUR_IED_CostaRica__Fisica_6f0873,,,,,
2026-09-12T02:46:04-05:00,PUR_IED_CulPopu_301A_f660f3,PUR_IED_CulPopu_301A_f660f3,,,,,
2026-09-12T02:46:04-05:00,PUR_IED_CulPopu_303_568afe,PUR_IED_CulPopu_303_568afe,,,,,
2026-09-12T02:46:04-05:00,PUR_IED_CulPopu_Ext_e02ccb,PUR_IED_CulPopu_Ext_e02ccb,,,,,
2026-09-12T02:46:04-05:00,PUR_IED_Cundinamarca_Ext_f15985,PUR_IED_Cundinamarca_Ext_f15985,,,,,
2026-09-12T02:46:04-05:00,PUR_IED_Cundinamarca_Info_7aa5d7,PUR_IED_Cundinamarca_Info_7aa5d7,,,,,
2026-09-12T02:46:04-05:00,PUR_IED_Cundinamarca_Tec2_f449c7,PUR_IED_Cundinamarca_Tec2_f449c7,,,,,
2026-09-12T02:46:04-05:00,PUR_IED_DiegoM_Aula1_27b314,PUR_IED_DiegoM_Aula1_27b314,,,,,
2026-09-12T02:46:04-05:00,PUR_IED_DiegoM_Ext_d80ac8,PUR_IED_DiegoM_Ext_d80ac8,,,,,
2026-09-12T02:46:04-05:00,PUR_IED_DiegoM_S25_da928f,PUR_IED_DiegoM_S25_da928f,,,,,
2026-09-12T02:46:04-05:00,PUR_IED_ELRODEO_360881,PUR_IED_ELRODEO_360881,,,,,
2026-09-12T02:46:04-05:00,PUR_IED_ELRODEO_ext_360881,PUR_IED_ELRODEO_ext_360881,,,,,
2026-09-12T02:46:04-05:00,PUR_IED_EduardoU_Ext_1c1969,PUR_IED_EduardoU_Ext_1c1969,,,,,
2026-09-12T02:46:04-05:00,PUR_IED_EduardoU_SCiencia_4dfb94,PUR_IED_EduardoU_SCiencia_4dfb94,,,,,
2026-09-12T02:46:04-05:00,PUR_IED_EduardoU_SQuimica_5a46e7,PUR_IED_EduardoU_SQuimica_5a46e7,,,,,
2026-09-12T02:46:04-05:00,PUR_IED_ElRodeo_Aula14_676984,PUR_IED_ElRodeo_Aula14_676984,,,,,
2026-09-12T02:46:04-05:00,PUR_IED_ElRodeo_Aula16_2dd35b,PUR_IED_ElRodeo_Aula16_2dd35b,,,,,
2026-09-12T02:46:04-05:00,PUR_IED_ElRodeo_Ext_360881,PUR_IED_ElRodeo_Ext_360881,,,,,
2026-09-12T02:46:04-05:00,PUR_IED_ElRodeo_Exterior_8c6d28,PUR_IED_ElRodeo_Exterior_8c6d28,,,,,
2026-09-12T02:46:04-05:00,PUR_IED_ElRodeo_ext_360881,PUR_IED_ElRodeo_ext_360881,,,,,
2026-09-12T02:46:04-05:00,PUR_IED_EmmaReyes_Ext_987625,PUR_IED_EmmaReyes_Ext_987625,13,21,53,4.6367,-74.1511
2026-09-12T02:46:04-05:00,PUR_IED_Ensueño_Ext_7f0250,PUR_IED_Ensueño_Ext_7f0250,,,,,
2026-09-12T02:46:04-05:00,PUR_IED_EscNormal_Ext_5fef3b,PUR_IED_EscNormal_Ext_5fef3b,2,18,61,4.5852,-74.096901
2026-09-12T02:46:04-05:00,PUR_IED_EscNormal_S309_5b263,PUR_IED_EscNormal_S309_5b263,,,,,
2026-09-12T02:46:04-05:00,PUR_IED_EscNormal_S310_27b3b8,PUR_IED_EscNormal_S310_27b3b8,,,,,
2026-09-12T02:46:04-05:00,PUR_IED_Evangelista_Conta_f6cd4f,PUR_IED_Evangelista_Conta_f6cd4f,,,,,
2026-09-12T02:46:04-05:00,PUR_IED_Evangelista_Cri_5e16a,PUR_IED_Evangelista_Cri_5e16a,,,,,
2026-09-12T02:46:04-05:00,PUR_IED_Evangelista_Exter_754066,PUR_IED_Evangelista_Exter_754066,,,,,
2026-09-12T02:46:04-05:00,PUR_IED_FMiranda_S209_5cc2a3,PUR_IED_FMiranda_S209_5cc2a3,,,,,
2026-09-12T02:46:04-05:00,PUR_IED_FMiranda_S303_19e344,PUR_IED_FMiranda_S303_19e344,,,,,
2026-09-12T02:46:04-05:00,PUR_IED_FMiranda_ext_f53e7c,PUR_IED_FMiranda_ext_f53e7c,,,,,
2026-09-12T02:46:04-05:00,PUR_IED_FabioLozano_Bibli_1cee05,PUR_IED_FabioLozano_Bibli_1cee05,,,,,
2026-09-12T02:46:04-05:00,PUR_IED_FabioLozano_Ext_6ea285,PUR_IED_FabioLozano_Ext_6ea285,,,,,
2026-09-12T02:46:04-05:00,PUR_IED_FabioLozano_SLudi_f09e1e,PUR_IED_FabioLozano_SLudi_f09e1e,,,,,
2026-09-12T02:46:04-05:00,PUR_IED_FaustinoS_Aula07_27a731,PUR_IED_FaustinoS_Aula07_27a731,,,,,
2026-09-12T02:46:04-05:00,PUR_IED_FaustinoS_Ext_7b936f,PUR_IED_FaustinoS_Ext_7b936f,,,,,
2026-09-12T02:46:04-05:00,PUR_IED_FaustinoS_Fisica_da2c60,PUR_IED_FaustinoS_Fisica_da2c60,,,,,
2026-09-12T02:46:04-05:00,PUR_IED_FeGarciaLo_Ext_dc68ee,PUR_IED_FeGarciaLo_Ext_dc68ee,,,,,
2026-09-12T02:46:04-05:00,PUR_IED_FeGarciaLo_SDanza_f70a59,PUR_IED_FeGarciaLo_SDanza_f70a59,,,,,
2026-09-12T02:46:04-05:00,PUR_IED_FeGarciaLo_SMusic_125cdd,PUR_IED_FeGarciaLo_SMusic_125cdd,,,,,
2026-09-12T02:46:04-05:00,PUR_IED_FederalAlema_Exte_50c345,PUR_IED_FederalAlema_Exte_50c345,,,,,
2026-09-12T02:46:04-05:00,PUR_IED_FederalAlema_S31_f18371,PUR_IED_FederalAlema_S31_f18371,,,,,
2026-09-12T02:46:04-05:00,PUR_IED_FederalAlema_S901_a62cd,PUR_IED_FederalAlema_S901_a62cd,,,,,
2026-09-12T02:46:04-05:00,PUR_IED_FilarmonicaS_A5_f35eb1,PUR_IED_FilarmonicaS_A5_f35eb1,,,,,
2026-09-12T02:46:04-05:00,PUR_IED_FilarmonicaS_Ext_8a3bde,PUR_IED_FilarmonicaS_Ext_8a3bde,,,,,
2026-09-12T02:46:04-05:00,PUR_IED_FilarmonicaS_Spol_406114,PUR_IED_FilarmonicaS_Spol_406114,,,,,
2026-09-12T02:46:04-05:00,PUR_IED_FlorentinoG_A13_d1fa59,PUR_IED_FlorentinoG_A13_d1fa59,,,,,
2026-09-12T02:46:04-05:00,PUR_IED_FlorentinoG_Ext_1ce6ce,PUR_IED_FlorentinoG_Ext_1ce6ce,,,,,
2026-09-12T02:46:04-05:00,PUR_IED_FlorentinoG_Idiom_a66aac,PUR_IED_FlorentinoG_Idiom_a66aac,,,,,
2026-09-12T02:46:04-05:00,PUR_IED_FranciscoMati_Ext_e3869d,PUR_IED_FranciscoMati_Ext_e3869d,,,,,
2026-09-12T02:46:04-05:00,PUR_IED_FranciscoMati_S13_f31c67,PUR_IED_FranciscoMati_S13_f31c67,,,,,
2026-09-12T02:46:04-05:00,PUR_IED_FranciscoMati_S14_97dead,PUR_IED_FranciscoMati_S14_97dead,,,,,
2026-09-12T02:46:04-05:00,PUR_IED_FranciscoPS_Ext_7bfa9a,PUR_IED_FranciscoPS_Ext_7bfa9a,3,20,58,4.5899,-74.110397
2026-09-12T02:46:04-05:00,PUR_IED_FranciscoPS_Infor_fb8f4c,PUR_IED_FranciscoPS_Infor_fb8f4c,,,,,
2026-09-12T02:46:04-05:00,PUR_IED_FranciscoPS_Quimi_94d39c,PUR_IED_FranciscoPS_Quimi_94d39c,,,,,
2026-09-12T02:46:04-05:00,PUR_IED_FranciscoP_LabQ_d7e148,PUR_IED_FranciscoP_LabQ_d7e148,,,,,
2026-09-12T02:46:04-05:00,PUR_IED_FranciscoP_S28_cf9b30,PUR_IED_FranciscoP_S28_cf9b30,,,,,
2026-09-12T02:46:04-05:00,PUR_IED_FranciscoP_ext_e2313,PUR_IED_FranciscoP_ext_e2313,,,,,
2026-09-12T02:46:04-05:00,PUR_IED_FriederichN_Ext_8ac92a,PUR_IED_FriederichN_Ext_8ac92a,,,,,
2026-09-12T02:46:04-05:00,PUR_IED_FriederichN_S301_dd7e5a,PUR_IED_FriederichN_S301_dd7e5a,,,,,
2026-09-12T02:46:04-05:00,PUR_IED_FriederichN_S308_761f4f,PUR_IED_FriederichN_S308_761f4f,,,,,
2026-09-12T02:46:04-05:00,PUR_IED_GSantander_Aula10_533dd7,PUR_IED_GSantander_Aula10_533dd7,,,,,
2026-09-12T02:46:04-05:00,PUR_IED_GSantander_Aula12_fd4e4f,PUR_IED_GSantander_Aula12_fd4e4f,,,,,
2026-09-12T02:46:04-05:00,PUR_IED_GSantander_Aula310_533dd7,PUR_IED_GSantander_Aula310_533dd7,,,,,
2026-09-12T02:46:04-05:00,PUR_IED_GSantander_Aula312_fd4e4f,PUR_IED_GSantander_Aula312_fd4e4f,,,,,
2026-09-12T02:46:04-05:00,PUR_IED_GSantander_Ext_5f66b0,PUR_IED_GSantander_Ext_5f66b0,,,,,
2026-09-12T02:46:04-05:00,PUR_IED_GYomasa_Ext_f6bea5,PUR_IED_GYomasa_Ext_f6bea5,,,,,
2026-09-12T02:46:04-05:00,PUR_IED_GYomasa_LBiol_2c41aa,PUR_IED_GYomasa_LBiol_2c41aa,,,,,
2026-09-12T02:46:04-05:00,PUR_IED_GYomasa_LQuim_33c80,PUR_IED_GYomasa_LQuim_33c80,,,,,
2026-09-12T02:46:04-05:00,PUR_IED_GabBetMejia_Cienc_5a99c,PUR_IED_GabBetMejia_Cienc_5a99c,,,,,
2026-09-12T02:46:04-05:00,PUR_IED_GabBetMejia_Ext_9153d0,PUR_IED_GabBetMejia_Ext_9153d0,,,,,
2026-09-12T02:46:04-05:00,PUR_IED_GabBetMejia_Lab_f55347,PUR_IED_GabBetMejia_Lab_f55347,,,,,
2026-09-12T02:46:04-05:00,PUR_IED_GabBetanMejia_Ext_9153d0,PUR_IED_GabBetanMejia_Ext_9153d0,,,,,
2026-09-12T02:46:04-05:00,PUR_IED_Gaitana_Aula13_7aac11,PUR_IED_Gaitana_Aula13_7aac11,,,,,
2026-09-12T02:46:04-05:00,PUR_IED_Gaitana_Ext_5fcf4,PUR_IED_Gaitana_Ext_5fcf4,,,,,
2026-09-12T02:46:04-05:00,PUR_IED_Gaitana_LabFisica_644448,PUR_IED_Gaitana_LabFisica_644448,,,,,
2026-09-12T02:46:04-05:00,PUR_IED_GenSantander_Dise_8ac858,PUR_IED_GenSantander_Dise_8ac858,,,,,
2026-09-12T02:46:04-05:00,PUR_IED_GenSantander_Ext_8d5dfe,PUR_IED_GenSantander_Ext_8d5dfe,,,,,
2026-09-12T02:46:04-05:00,PUR_IED_GenSantander_Info_6c25b,PUR_IED_GenSantander_Info_6c25b,,,,,
2026-09-12T02:46:04-05:00,PUR_IED_GustavoMo_Exterio_75e63d,PUR_IED_GustavoMo_Exterio_75e63d,,,,,
2026-09-12T02:46:04-05:00,PUR_IED_GustavoMo_LabFisi_224d37,PUR_IED_GustavoMo_LabFisi_224d37,,,,,
2026-09-12T02:46:04-05:00,PUR_IED_GustavoMo_S208_3e6918,PUR_IED_GustavoMo_S208_3e6918,,,,,
2026-09-12T02:46:04-05:00,PUR_IED_GustavoR_A02_8cd4a8,PUR_IED_GustavoR_A02_8cd4a8,,,,,
2026-09-12T02:46:04-05:00,PUR_IED_GustavoR_B11_5b0ed,PUR_IED_GustavoR_B11_5b0ed,,,,,
2026-09-12T02:46:04-05:00,PUR_IED_GustavoR_Ext_7a0c90,PUR_IED_GustavoR_Ext_7a0c90,,,,,
2026-09-12T02:46:04-05:00,PUR_IED_HernandoDuran_Ext_8cd82b,PUR_IED_HernandoDuran_Ext_8cd82b,,,,,
2026-09-12T02:46:04-05:00,PUR_IED_HernandoDuran_S24_2772c6,PUR_IED_HernandoDuran_S24_2772c6,,,,,
2026-09-12T02:46:04-05:00,PUR_IED_HernandoDuran_S30_f2de41,PUR_IED_HernandoDuran_S30_f2de41,,,,,
2026-09-12T02:46:04-05:00,PUR_IED_HolguInUr_S1101_8cd732,PUR_IED_HolguInUr_S1101_8cd732,,,,,
2026-09-12T02:46:04-05:00,PUR_IED_HolguinUr_Exter_ddae6d,PUR_IED_HolguinUr_Exter_ddae6d,,,,,
2026-09-12T02:46:04-05:00,PUR_IED_HolguinUr_LabQuim_92b952,PUR_IED_HolguinUr_LabQuim_92b952,,,,,
2026-09-12T02:46:04-05:00,PUR_IED_Isabel-II_Ext_5245cc,PUR_IED_Isabel-II_Ext_5245cc,10,18,60,4.6336,-74.153
2026-09-12T02:46:04-05:00,PUR_IED_Isabel-II_S_idiom_1c29aa,PUR_IED_Isabel-II_S_idiom_1c29aa,,,,,
2026-09-12T02:46:04-05:00,PUR_IED_Isabel-II_S_infor_fd741,PUR_IED_Isabel-II_S_infor_fd741,,,,,
2026-09-12T02:46:04-05:00,PUR_IED_IsidroSur_Exterio_5b90ea,PUR_IED_IsidroSur_Exterio_5b90ea,,,,,
2026-09-12T02:46:04-05:00,PUR_IED_IsidroSur_LabTec_56697a,PUR_IED_IsidroSur_LabTec_56697a,,,,,
2026-09-12T02:46:04-05:00,PUR_IED_IsidroSur_Robotic_b7c38f,PUR_IED_IsidroSur_Robotic_b7c38f,,,,,
2026-09-12T02:46:04-05:00,PUR_IED_IsmaelPerd_Ext_7b6672,PUR_IED_IsmaelPerd_Ext_7b6672,,,,,
2026-09-12T02:46:04-05:00,PUR_IED_IsmaelPerd_Inform_306540,PUR_IED_IsmaelPerd_Inform_306540,,,,,
2026-09-12T02:46:04-05:00,PUR_IED_IsmaelPerd_S30_2e2c83,PUR_IED_IsmaelPerd_S30_2e2c83,,,,,
2026-09-12T02:46:04-05:00,PUR_IED_JLozano_Exter_432910,PUR_IED_JLozano_Exter_432910,,,,,
2026-09-12T02:46:04-05:00,PUR_IED_JLozano_salaMulti_df5125,PUR_IED_JLozano_salaMulti_df5125,,,,,
2026-09-12T02:46:04-05:00,PUR_IED_JMCordoba_206_86f80b,PUR_IED_JMCordoba_206_86f80b,,,,,
2026-09-12T02:46:04-05:00,PUR_IED_JMCordoba_Ext_27ad97,PUR_IED_JMCordoba_Ext_27ad97,,,,,
2026-09-12T02:46:04-05:00,PUR_IED_JMCordoba_S310_d59ab4,PUR_IED_JMCordoba_S310_d59ab4,,,,,
2026-09-12T02:46:04-05:00,PUR_IED_Japon_Ext_549100,PUR_IED_Japon_Ext_549100,,,,,
2026-09-12T02:46:04-05:00,PUR_IED_Japon_Laboratorio_bec51d,PUR_IED_Japon_Laboratorio_bec51d,,,,,
2026-09-12T02:46:04-05:00,PUR_IED_Japon_informatica_d99327,PUR_IED_Japon_informatica_d99327,,,,,
2026-09-12T02:46:04-05:00,PUR_IED_Jazmin_Ext_d27bda,PUR_IED_Jazmin_Ext_d27bda,,,,,
2026-09-12T02:46:04-05:00,PUR_IED_Jazmin_Fisica_8d14d7,PUR_IED_Jazmin_Fisica_8d14d7,,,,,
2026-09-12T02:46:04-05:00,PUR_IED_Jazmin_Quimica_801cb5,PUR_IED_Jazmin_Quimica_801cb5,,,,,
2026-09-12T02:46:04-05:00,PUR_IED_JorgeGaitan_Exter_f098d1,PUR_IED_JorgeGaitan_Exter_f098d1,,,,,
2026-09-12T02:46:04-05:00,PUR_IED_JorgeGaitan_STec1_dc9d1d,PUR_IED_JorgeGaitan_STec1_dc9d1d,,,,,
2026-09-12T02:46:04-05:00,PUR_IED_JorgeGaitan_STec2_281e69,PUR_IED_JorgeGaitan_STec2_281e69,,,,,
2026-09-12T02:46:04-05:00,PUR_IED_JorgeSoto_Exterio_d9d0a2,PUR_IED_JorgeSoto_Exterio_d9d0a2,,,,,
2026-09-12T02:46:04-05:00,PUR_IED_JorgeSoto_LabFisi_209c54,PUR_IED_JorgeSoto_LabFisi_209c54,,,,,
2026-09-12T02:46:04-05:00,PUR_IED_JorgeSoto_S103_27b51a,PUR_IED_JorgeSoto_S103_27b51a,,,,,
2026-09-12T02:46:04-05:00,PUR_IED_JoseAcevedo_A02_e965eb,PUR_IED_JoseAcevedo_A02_e965eb,,,,,
2026-09-12T02:46:04-05:00,PUR_IED_JoseAcevedo_A07_dd5b4,PUR_IED_JoseAcevedo_A07_dd5b4,,,,,
2026-09-12T02:46:04-05:00,PUR_IED_JoseAcevedo_Ext_b47484,PUR_IED_JoseAcevedo_Ext_b47484,,,,,
2026-09-12T02:46:04-05:00,PUR_IED_JoseMarti_Exte_5b9bf,PUR_IED_JoseMarti_Exte_5b9bf,,,,,
2026-09-12T02:46:04-05:00,PUR_IED_JoseMarti_LabQuim_1c6c2d,PUR_IED_JoseMarti_LabQuim_1c6c2d,,,,,
2026-09-12T02:46:04-05:00,PUR_IED_JoseMarti_S_info_f5f177,PUR_IED_JoseMarti_S_info_f5f177,,,,,
2026-09-12T02:46:04-05:00,PUR_IED_Josejoaquin_Ext_dfc5dc,PUR_IED_Josejoaquin_Ext_dfc5dc,,,,,
2026-09-12T02:46:04-05:00,PUR_IED_Josejoaquin_S05_5b2a96,PUR_IED_Josejoaquin_S05_5b2a96,,,,,
2026-09-12T02:46:04-05:00,PUR_IED_Josejoaquin_S06_1ce7d2,PUR_IED_Josejoaquin_S06_1ce7d2,,,,,
2026-09-12T02:46:04-05:00,PUR_IED_JulioFlorez_Danza_9b82dd,PUR_IED_JulioFlorez_Danza_9b82dd,,,,,
2026-09-12T02:46:04-05:00,PUR_IED_JulioFlorez_Exter_f9f314,PUR_IED_JulioFlorez_Exter_f9f314,,,,,
2026-09-12T02:46:04-05:00,PUR_IED_JulioFlorez_info2_6b6e08,PUR_IED_JulioFlorez_info2_6b6e08,,,,,
2026-09-12T02:46:04-05:00,PUR_IED_LaBelleza_Aula13_1d00d8,PUR_IED_LaBelleza_Aula13_1d00d8,,,,,
2026-09-12T02:46:04-05:00,PUR_IED_LaBelleza_Ext_7bc08c,PUR_IED_LaBelleza_Ext_7bc08c,,,,,
2026-09-12T02:46:04-05:00,PUR_IED_LaChucua_Ext_8cd6d2,PUR_IED_LaChucua_Ext_8cd6d2,,,,,
2026-09-12T02:46:04-05:00,PUR_IED_LaChucua_S15_f578ce,PUR_IED_LaChucua_S15_f578ce,,,,,
2026-09-12T02:46:04-05:00,PUR_IED_LaChucua_S16_eebcf9,PUR_IED_LaChucua_S16_eebcf9,,,,,
2026-09-12T02:46:04-05:00,PUR_IED_LaFelicidad_Ext_fb5109,PUR_IED_LaFelicidad_Ext_fb5109,,,,,
2026-09-12T02:46:04-05:00,PUR_IED_LaMerced_206_66ebd,PUR_IED_LaMerced_206_66ebd,,,,,
2026-09-12T02:46:04-05:00,PUR_IED_LaMerced_207_6ebd6,PUR_IED_LaMerced_207_6ebd6,,,,,
2026-09-12T02:46:04-05:00,PUR_IED_LaMerced_ext_304311,PUR_IED_LaMerced_ext_304311,,,,,
2026-09-12T02:46:04-05:00,PUR_IED_Laureano_CiencNat_281e5e,PUR_IED_Laureano_CiencNat_281e5e,,,,,
2026-09-12T02:46:04-05:00,PUR_IED_Laureano_Comedor_f65c0a,PUR_IED_Laureano_Comedor_f65c0a,,,,,
2026-09-12T02:46:04-05:00,PUR_IED_Laureano_Exterior_7ab011,PUR_IED_Laureano_Exterior_7ab011,,,,,
2026-09-12T02:46:04-05:00,PUR_IED_LeonGreiff_Exte_dfe560,PUR_IED_LeonGreiff_Exte_dfe560,,,,,
2026-09-12T02:46:04-05:00,PUR_IED_LeonGreiff_S210_f264ed,PUR_IED_LeonGreiff_S210_f264ed,,,,,
2026-09-12T02:46:04-05:00,PUR_IED_LeonGreiff_SQuimi_e8296f,PUR_IED_LeonGreiff_SQuimi_e8296f,,,,,
2026-09-12T02:46:04-05:00,PUR_IED_LlanoOrientalS208_7b9fcd,PUR_IED_LlanoOrientalS208_7b9fcd,,,,,
2026-09-12T02:46:04-05:00,PUR_IED_LlanoOriental_Ext_fb3766,PUR_IED_LlanoOriental_Ext_fb3766,,,,,
2026-09-12T02:46:04-05:00,PUR_IED_LlanoOriental_S208_7b9fcd,PUR_IED_LlanoOriental_S208_7b9fcd,,,,,
2026-09-12T02:46:04-05:00,PUR_IED_LlanoOriental_S9_27b378,PUR_IED_LlanoOriental_S9_27b378,,,,,
2026-09-12T02:46:04-05:00,PUR_IED_LosTejares_1101_477602,PUR_IED_LosTejares_1101_477602,,,,,
2026-09-12T02:46:04-05:00,PUR_IED_LosTejares_11_d2c595,PUR_IED_LosTejares_11_d2c595,,,,,
2026-09-12T02:46:04-05:00,PUR_IED_LosTejares_12_477602,PUR_IED_LosTejares_12_477602,,,,,
2026-09-12T02:46:04-05:00,PUR_IED_LosTejares_Ext_8e2115,PUR_IED_LosTejares_Ext_8e2115,,,,,
2026-09-12T02:46:04-05:00,PUR_IED_MagdalenaO_B202_5ddda3,PUR_IED_MagdalenaO_B202_5ddda3,,,,,
2026-09-12T02:46:04-05:00,PUR_IED_MagdalenaO_B205_fb76e8,PUR_IED_MagdalenaO_B205_fb76e8,,,,,
2026-09-12T02:46:04-05:00,PUR_IED_MagdalenaO_ext_dc69cd,PUR_IED_MagdalenaO_ext_dc69cd,,,,,
2026-09-12T02:46:04-05:00,PUR_IED_ManueCepeda_artes_eee956,PUR_IED_ManueCepeda_artes_eee956,,,,,
2026-09-12T02:46:04-05:00,PUR_IED_ManuelCepeda_Ext_58313,PUR_IED_ManuelCepeda_Ext_58313,,,,,
2026-09-12T02:46:04-05:00,PUR_IED_ManuelCepeda_tec_1c5731,PUR_IED_ManuelCepeda_tec_1c5731,,,,,
2026-09-12T02:46:04-05:00,PUR_IED_ManuelS_Exterior_5b269,PUR_IED_ManuelS_Exterior_5b269,,,,,
2026-09-12T02:46:04-05:00,PUR_IED_ManuelS_Inform_f369ce,PUR_IED_ManuelS_Inform_f369ce,,,,,
2026-09-12T02:46:04-05:00,PUR_IED_ManuelS_SArtes_7d15f1,PUR_IED_ManuelS_SArtes_7d15f1,,,,,
2026-09-12T02:46:04-05:00,PUR_IED_ManuelZapata_303_3ca6,PUR_IED_ManuelZapata_303_3ca6,,,,,
2026-09-12T02:46:04-05:00,PUR_IED_ManuelZapata_311_bfbabc,PUR_IED_ManuelZapata_311_bfbabc,,,,,
2026-09-12T02:46:04-05:00,PUR_IED_ManuelZapata_Ext_50824a,PUR_IED_ManuelZapata_Ext_50824a,,,,,
2026-09-12T02:46:04-05:00,PUR_IED_ManuelitaS_Exteri_656a92,PUR_IED_ManuelitaS_Exteri_656a92,,,,,
2026-09-12T02:46:04-05:00,PUR_IED_ManuelitaS_JuzgDe_f58ec3,PUR_IED_ManuelitaS_JuzgDe_f58ec3,,,,,
2026-09-12T02:46:04-05:00,PUR_IED_ManuelitaS_Recrea_d793db,PUR_IED_ManuelitaS_Recrea_d793db,,,,,
2026-09-12T02:46:04-05:00,PUR_IED_MarFidSuarez_Ext_c27b19,PUR_IED_MarFidSuarez_Ext_c27b19,,,,,
2026-09-12T02:46:04-05:00,PUR_IED_MarFidSuarez_Info_e384d7,PUR_IED_MarFidSuarez_Info_e384d7,,,,,
2026-09-12T02:46:04-05:00,PUR_IED_MarFidSuarez_S306_1d0032,PUR_IED_MarFidSuarez_S306_1d0032,,,,,
2026-09-12T02:46:04-05:00,PUR_IED_Menorah_301_2a25a3,PUR_IED_Menorah_301_2a25a3,,,,,
2026-09-12T02:46:04-05:00,PUR_IED_Menorah_306_37ed3,PUR_IED_Menorah_306_37ed3,,,,,
2026-09-12T02:46:04-05:00,PUR_IED_Menorah_Ext_3e155b,PUR_IED_Menorah_Ext_3e155b,,,,,
2026-09-12T02:46:04-05:00,PUR_IED_MinutoB.Aires_A11_1b1604,PUR_IED_MinutoB.Aires_A11_1b1604,,,,,
2026-09-12T02:46:04-05:00,PUR_IED_MinutoB.Aires_A12_fb5860,PUR_IED_MinutoB.Aires_A12_fb5860,,,,,
2026-09-12T02:46:04-05:00,PUR_IED_MinutoB.Aires_Ext_81293f,PUR_IED_MinutoB.Aires_Ext_81293f,,,,,
2026-09-12T02:46:04-05:00,PUR_IED_MinutoBAires_A11_1b1604,PUR_IED_MinutoBAires_A11_1b1604,,,,,
2026-09-12T02:46:04-05:00,PUR_IED_MinutoBAires_A12_fb5860,PUR_IED_MinutoBAires_A12_fb5860,,,,,
2026-09-12T02:46:04-05:00,PUR_IED_MinutoBAires_Ext_81293f,PUR_IED_MinutoBAires_Ext_81293f,,,,,
2026-09-12T02:46:04-05:00,PUR_IED_Montreal_Aula10_1e4959,PUR_IED_Montreal_Aula10_1e4959,,,,,
2026-09-12T02:46:04-05:00,PUR_IED_Montreal_Aula6_300367,PUR_IED_Montreal_Aula6_300367,,,,,
2026-09-12T02:46:04-05:00,PUR_IED_Montreal_Exterior_91a179,PUR_IED_Montreal_Exterior_91a179,,,,,
2026-09-12T02:46:04-05:00,PUR_IED_Mqgdalena_B202_5ddda3,PUR_IED_Mqgdalena_B202_5ddda3,,,,,
2026-09-12T02:46:04-05:00,PUR_IED_NACUND_Soc_dc8728,PUR_IED_NACUND_Soc_dc8728,,,,,
2026-09-12T02:46:04-05:00,PUR_IED_NACUND_ext_27ad97,PUR_IED_NACUND_ext_27ad97,,,,,
2026-09-12T02:46:04-05:00,PUR_IED_NEsperanza_Ext_d24b61,PUR_IED_NEsperanza_Ext_d24b61,,,,,
2026-09-12T02:46:04-05:00,PUR_IED_NEsperanza_SElect_7d1807,PUR_IED_NEsperanza_SElect_7d1807,,,,,
2026-09-12T02:46:04-05:00,PUR_IED_NEsperanza_SLabor_8b2d0a,PUR_IED_NEsperanza_SLabor_8b2d0a,,,,,
2026-09-12T02:46:04-05:00,PUR_IED_NacionesU_Ext_f661a9,PUR_IED_NacionesU_Ext_f661a9,,,,,
2026-09-12T02:46:04-05:00,PUR_IED_NacionesU_Quimica_66f0a,PUR_IED_NacionesU_Quimica_66f0a,,,,,
2026-09-12T02:46:04-05:00,PUR_IED_NacionesU_S306_1b4b3d,PUR_IED_NacionesU_S306_1b4b3d,,,,,
2026-09-12T02:46:04-05:00,PUR_IED_NestorFA_Ext_e4201c,PUR_IED_NestorFA_Ext_e4201c,,,,,
2026-09-12T02:46:04-05:00,PUR_IED_NestorFA_Laborato_f22fe0,PUR_IED_NestorFA_Laborato_f22fe0,,,,,
2026-09-12T02:46:04-05:00,PUR_IED_NestorFA_S204_dee996,PUR_IED_NestorFA_S204_dee996,,,,,
2026-09-12T02:46:04-05:00,PUR_IED_NidyaQT_Aula03_76999b,PUR_IED_NidyaQT_Aula03_76999b,,,,,
2026-09-12T02:46:04-05:00,PUR_IED_NidyaQT_Aula10_56325,PUR_IED_NidyaQT_Aula10_56325,,,,,
2026-09-12T02:46:04-05:00,PUR_IED_NidyaQT_Ext_46e32d,PUR_IED_NidyaQT_Ext_46e32d,,,,,
2026-09-12T02:46:04-05:00,PUR_IED_NuevaCol_Exterior_d9b859,PUR_IED_NuevaCol_Exterior_d9b859,,,,,
2026-09-12T02:46:04-05:00,PUR_IED_NuevaCol_S1101_76c43b,PUR_IED_NuevaCol_S1101_76c43b,,,,,
2026-09-12T02:46:04-05:00,PUR_IED_NuevaCol_S1102_1ce0b5,PUR_IED_NuevaCol_S1102_1ce0b5,,,,,
2026-09-12T02:46:04-05:00,PUR_IED_OEA_A202_f7e3f2,PUR_IED_OEA_A202_f7e3f2,,,,,
2026-09-12T02:46:04-05:00,PUR_IED_OEA_A203_7d1b8d,PUR_IED_OEA_A203_7d1b8d,,,,,
2026-09-12T02:46:04-05:00,PUR_IED_OEA_Ext_27b593,PUR_IED_OEA_Ext_27b593,,,,,
2026-09-12T02:46:04-05:00,PUR_IED_Ochoa_Ext_1c29da,PUR_IED_Ochoa_Ext_1c29da,,,,,
2026-09-12T02:46:04-05:00,PUR_IED_Ochoa_S205_8b1121,PUR_IED_Ochoa_S205_8b1121,,,,,
2026-09-12T02:46:04-05:00,PUR_IED_Ochoa_Sistemas_f33af6,PUR_IED_Ochoa_Sistemas_f33af6,,,,,
2026-09-12T02:46:04-05:00,PUR_IED_PQuebec_Ext_1c67c7,PUR_IED_PQuebec_Ext_1c67c7,,,,,
2026-09-12T02:46:04-05:00,PUR_IED_PQuebec_S15_23e8e2,PUR_IED_PQuebec_S15_23e8e2,,,,,
2026-09-12T02:46:04-05:00,PUR_IED_PQuebec_S16_8ec76b,PUR_IED_PQuebec_S16_8ec76b,,,,,
2026-09-12T02:46:04-05:00,PUR_IED_PabloN_Ext_49dc96,PUR_IED_PabloN_Ext_49dc96,,,,,
2026-09-12T02:46:04-05:00,PUR_IED_PabloN_S1102_4e3df5,PUR_IED_PabloN_S1102_4e3df5,,,,,
2026-09-12T02:46:04-05:00,PUR_IED_PabloN_S1103_50c94b,PUR_IED_PabloN_S1103_50c94b,,,,,
2026-09-12T02:46:04-05:00,PUR_IED_Palestina_S1101_db9198,PUR_IED_Palestina_S1101_db9198,,,,,
2026-09-12T02:46:04-05:00,PUR_IED_Palestina_S1102_dc54fa,PUR_IED_Palestina_S1102_dc54fa,,,,,
2026-09-12T02:46:04-05:00,PUR_IED_Palestina_ext_4ccce6,PUR_IED_Palestina_ext_4ccce6,,,,,
2026-09-12T02:46:04-05:00,PUR_IED_Panama_Fisica_4d0794,PUR_IED_Panama_Fisica_4d0794,,,,,
2026-09-12T02:46:04-05:00,PUR_IED_Panama_SIngles_a4077e,PUR_IED_Panama_SIngles_a4077e,,,,,
2026-09-12T02:46:04-05:00,PUR_IED_Panama_ext_4c54b4,PUR_IED_Panama_ext_4c54b4,,,,,
2026-09-12T02:46:04-05:00,PUR_IED_ParaisoM_Exterior_8cd7f0,PUR_IED_ParaisoM_Exterior_8cd7f0,,,,,
2026-09-12T02:46:04-05:00,PUR_IED_ParaisoM_Laborato_27af35,PUR_IED_ParaisoM_Laborato_27af35,,,,,
2026-09-12T02:46:04-05:00,PUR_IED_ParaisoM_S304_d1edca,PUR_IED_ParaisoM_S304_d1edca,,,,,
2026-09-12T02:46:04-05:00,PUR_IED_PorfirioBarba_Ext_301466,PUR_IED_PorfirioBarba_Ext_301466,,,,,
2026-09-12T02:46:04-05:00,PUR_IED_PorfirioBarba_S11_df6cd2,PUR_IED_PorfirioBarba_S11_df6cd2,,,,,
2026-09-12T02:46:04-05:00,PUR_IED_PorfirioBarba_S29_27a7d6,PUR_IED_PorfirioBarba_S29_27a7d6,,,,,
2026-09-12T02:46:04-05:00,PUR_IED_PradoV_Exter_8b27ad,PUR_IED_PradoV_Exter_8b27ad,,,,,
2026-09-12T02:46:04-05:00,PUR_IED_PradoV_S301_de65b5,PUR_IED_PradoV_S301_de65b5,,,,,
2026-09-12T02:46:04-05:00,PUR_IED_PradoV_S302_7d2593,PUR_IED_PradoV_S302_7d2593,,,,,
2026-09-12T02:46:04-05:00,PUR_IED_QuirogaAlz_Ext_1ddc82,PUR_IED_QuirogaAlz_Ext_1ddc82,,,,,
2026-09-12T02:46:04-05:00,PUR_IED_QuirogaAlz_S302_9926a3,PUR_IED_QuirogaAlz_S302_9926a3,,,,,
2026-09-12T02:46:04-05:00,PUR_IED_QuirogaAlz_S305_cdf1f1,PUR_IED_QuirogaAlz_S305_cdf1f1,,,,,
2026-09-12T02:46:04-05:00,PUR_IED_RGuatemala_Biling_dc53b7,PUR_IED_RGuatemala_Biling_dc53b7,,,,,
2026-09-12T02:46:04-05:00,PUR_IED_RGuatemala_Ext_1b89a3,PUR_IED_RGuatemala_Ext_1b89a3,,,,,
2026-09-12T02:46:04-05:00,PUR_IED_RGuatemala_Tecnol_281a34,PUR_IED_RGuatemala_Tecnol_281a34,,,,,
2026-09-12T02:46:04-05:00,PUR_IED_RafaNu_Ext_f7c302,PUR_IED_RafaNu_Ext_f7c302,,,,,
2026-09-12T02:46:04-05:00,PUR_IED_RafaNu_S1101_25fde,PUR_IED_RafaNu_S1101_25fde,,,,,
2026-09-12T02:46:04-05:00,PUR_IED_RafaNu_S1102_281517,PUR_IED_RafaNu_S1102_281517,,,,,
2026-09-12T02:46:04-05:00,PUR_IED_RafaelB_S305_ee2783,PUR_IED_RafaelB_S305_ee2783,,,,,
2026-09-12T02:46:04-05:00,PUR_IED_RafaelB_S306_75fe33,PUR_IED_RafaelB_S306_75fe33,,,,,
2026-09-12T02:46:04-05:00,PUR_IED_RafaelB_ext_283336,PUR_IED_RafaelB_ext_283336,3,18,60,4.6722,-74.0737
2026-09-12T02:46:04-05:00,PUR_IED_RafaelUU_Exterior_281a51,PUR_IED_RafaelUU_Exterior_281a51,,,,,
2026-09-12T02:46:04-05:00,PUR_IED_RafaelUU_Human_806b2,PUR_IED_RafaelUU_Human_806b2,,,,,
2026-09-12T02:46:04-05:00,PUR_IED_RafaelUU_Mate2_5680d4,PUR_IED_RafaelUU_Mate2_5680d4,,,,,
2026-09-12T02:46:04-05:00,PUR_IED_RamonSub_Ext_f9eeb9,PUR_IED_RamonSub_Ext_f9eeb9,,,,,
2026-09-12T02:46:04-05:00,PUR_IED_RamonSub_Media_d1f62f,PUR_IED_RamonSub_Media_d1f62f,,,,,
2026-09-12T02:46:04-05:00,PUR_IED_RamonSub_planta_51b82,PUR_IED_RamonSub_planta_51b82,,,,,
2026-09-12T02:46:04-05:00,PUR_IED_RepBoliVene_Exter_27af7c,PUR_IED_RepBoliVene_Exter_27af7c,,,,,
2026-09-12T02:46:04-05:00,PUR_IED_RepBoliVene_SCPT_5ae2ee,PUR_IED_RepBoliVene_SCPT_5ae2ee,,,,,
2026-09-12T02:46:04-05:00,PUR_IED_RepBoliVene_Socia_4b11d5,PUR_IED_RepBoliVene_Socia_4b11d5,,,,,
2026-09-12T02:46:04-05:00,PUR_IED_RepChina_Ext_76d9ee,PUR_IED_RepChina_Ext_76d9ee,,,,,
2026-09-12T02:46:04-05:00,PUR_IED_RepChina_S404_7c804c,PUR_IED_RepChina_S404_7c804c,,,,,
2026-09-12T02:46:04-05:00,PUR_IED_RepChina_S405_df2c33,PUR_IED_RepChina_S405_df2c33,,,,,
2026-09-12T02:46:04-05:00,PUR_IED_RepublicaC_Exteri_7d1ec9,PUR_IED_RepublicaC_Exteri_7d1ec9,,,,,
2026-09-12T02:46:04-05:00,PUR_IED_RepublicaC_S1101_f544b3,PUR_IED_RepublicaC_S1101_f544b3,,,,,
2026-09-12T02:46:04-05:00,PUR_IED_RepublicaC_S1102_7aafc7,PUR_IED_RepublicaC_S1102_7aafc7,,,,,
2026-09-12T02:46:04-05:00,PUR_IED_Ricaurte_Externo_a0ea1,PUR_IED_Ricaurte_Externo_a0ea1,,,,,
2026-09-12T02:46:04-05:00,PUR_IED_Ricaurte_S210_f546fd,PUR_IED_Ricaurte_S210_f546fd,,,,,
2026-09-12T02:46:04-05:00,PUR_IED_Ricaurte_S309_d4452,PUR_IED_Ricaurte_S309_d4452,,,,,
2026-09-12T02:46:04-05:00,PUR_IED_RogelioS_1102_531e69,PUR_IED_RogelioS_1102_531e69,,,,,
2026-09-12T02:46:04-05:00,PUR_IED_RogelioS_Ext_f25a18,PUR_IED_RogelioS_Ext_f25a18,,,,,
2026-09-12T02:46:04-05:00,PUR_IED_SBernardino_Ext_27aff8,PUR_IED_SBernardino_Ext_27aff8,,,,,
2026-09-12T02:46:04-05:00,PUR_IED_SBernardino_SArte_2ffd33,PUR_IED_SBernardino_SArte_2ffd33,,,,,
2026-09-12T02:46:04-05:00,PUR_IED_SBernardino_SIngl_7c7da5,PUR_IED_SBernardino_SIngl_7c7da5,,,,,
2026-09-12T02:46:04-05:00,PUR_IED_Sago_auditorio_dc9d1d,PUR_IED_Sago_auditorio_dc9d1d,,,,,
2026-09-12T02:46:04-05:00,PUR_IED_Saludcoop_Ext_95aac3,PUR_IED_Saludcoop_Ext_95aac3,,,,,
2026-09-12T02:46:04-05:00,PUR_IED_Saludcoop_InfI_90c854,PUR_IED_Saludcoop_InfI_90c854,,,,,
2026-09-12T02:46:04-05:00,PUR_IED_Saludcoop_SMedia_1b93be,PUR_IED_Saludcoop_SMedia_1b93be,,,,,
2026-09-12T02:46:04-05:00,PUR_IED_SanCarlos_1101_1a2360,PUR_IED_SanCarlos_1101_1a2360,,,,,
2026-09-12T02:46:04-05:00,PUR_IED_SanCarlos_1103_7bafb5,PUR_IED_SanCarlos_1103_7bafb5,,,,,
2026-09-12T02:46:04-05:00,PUR_IED_SanCarlos_Ext_b7cd1,PUR_IED_SanCarlos_Ext_b7cd1,,,,,
2026-09-12T02:46:04-05:00,PUR_IED_SanIgnacioBosa11a_50c26e,PUR_IED_SanIgnacioBosa11a_50c26e,,,,,
2026-09-12T02:46:04-05:00,PUR_IED_SanIgnacioBosa11b_371de8,PUR_IED_SanIgnacioBosa11b_371de8,,,,,
2026-09-12T02:46:04-05:00,PUR_IED_SanIgnacioBosaExt_ef0ffc,PUR_IED_SanIgnacioBosaExt_ef0ffc,,,,,
2026-09-12T02:46:04-05:00,PUR_IED_SanIgnacioBosa_11a_50c26e,PUR_IED_SanIgnacioBosa_11a_50c26e,,,,,
2026-09-12T02:46:04-05:00,PUR_IED_SanIgnacioBosa_Ext_ef0ffc,PUR_IED_SanIgnacioBosa_Ext_ef0ffc,,,,,
2026-09-12T02:46:04-05:00,PUR_IED_SanJoseN_intS1101_31c47f,PUR_IED_SanJoseN_intS1101_31c47f,,,,,
2026-09-12T02:46:04-05:00,PUR_IED_SanJoseUsm_Exter_f5d7e8,PUR_IED_SanJoseUsm_Exter_f5d7e8,,,,,
2026-09-12T02:46:04-05:00,PUR_IED_SanJoseUsm_Int11A_cfdef6,PUR_IED_SanJoseUsm_Int11A_cfdef6,,,,,
2026-09-12T02:46:04-05:00,PUR_IED_SilveriaR_IntB5_905349,PUR_IED_SilveriaR_IntB5_905349,,,,,
2026-09-12T02:46:04-05:00,PUR_IED_SilveriaR_IntSD14_981f93,PUR_IED_SilveriaR_IntSD14_981f93,,,,,
2026-09-12T02:46:04-05:00,PUR_IED_SilveriaR_ext_2b651d,PUR_IED_SilveriaR_ext_2b651d,,,,,
2026-09-12T02:46:04-05:00,PUR_IED_SimonB_Exterior_913975,PUR_IED_SimonB_Exterior_913975,,,,,
2026-09-12T02:46:04-05:00,PUR_IED_SimonB_LabQuimi_c56908,PUR_IED_SimonB_LabQuimi_c56908,,,,,
2026-09-12T02:46:04-05:00,PUR_IED_SimonB_informatic_a28c1,PUR_IED_SimonB_informatic_a28c1,,,,,
2026-09-12T02:46:04-05:00,PUR_IED_Sorrento_1102_315f50,PUR_IED_Sorrento_1102_315f50,,,,,
2026-09-12T02:46:04-05:00,PUR_IED_Sorrento_Minte_214eab,PUR_IED_Sorrento_Minte_214eab,,,,,
2026-09-12T02:46:04-05:00,PUR_IED_Sorrento_ext_7c3a0a,PUR_IED_Sorrento_ext_7c3a0a,,,,,
2026-09-12T02:46:04-05:00,PUR_IED_Tabora_Ext_f048ae,PUR_IED_Tabora_Ext_f048ae,,,,,
2026-09-12T02:46:04-05:00,PUR_IED_Tabora_S1102_b07752,PUR_IED_Tabora_S1102_b07752,,,,,
2026-09-12T02:46:04-05:00,PUR_IED_Tabora_S1103_d988f5,PUR_IED_Tabora_S1103_d988f5,,,,,
2026-09-12T02:46:04-05:00,PUR_IED_Tenerife_Ext_1ab188,PUR_IED_Tenerife_Ext_1ab188,,,,,
2026-09-12T02:46:04-05:00,PUR_IED_Tenerife_SDanzas_7bc02e,PUR_IED_Tenerife_SDanzas_7bc02e,,,,,
2026-09-12T02:46:04-05:00,PUR_IED_Tenerife_SIngles_7cc277,PUR_IED_Tenerife_SIngles_7cc277,,,,,
2026-09-12T02:46:04-05:00,PUR_IED_Tibabuyes_Exter_f2683d,PUR_IED_Tibabuyes_Exter_f2683d,,,,,
2026-09-12T02:46:04-05:00,PUR_IED_Tibabuyes_S10_dc87a8,PUR_IED_Tibabuyes_S10_dc87a8,,,,,
2026-09-12T02:46:04-05:00,PUR_IED_Tibabuyes_S15_dc0526,PUR_IED_Tibabuyes_S15_dc0526,,,,,
2026-09-12T02:46:04-05:00,PUR_IED_UnionE_S301_a1043,PUR_IED_UnionE_S301_a1043,,,,,
2026-09-12T02:46:04-05:00,PUR_IED_UnionE_S307_ff6c2f,PUR_IED_UnionE_S307_ff6c2f,,,,,
2026-09-12T02:46:04-05:00,PUR_IED_UnionE__Ext_5e2468,PUR_IED_UnionE__Ext_5e2468,,,,,
2026-09-12T02:46:04-05:00,PUR_IED_VillaRica_Ext_75be7c,PUR_IED_VillaRica_Ext_75be7c,,,,,
2026-09-12T02:46:04-05:00,PUR_IED_VillaRica_S4_cc5dcd,PUR_IED_VillaRica_S4_cc5dcd,,,,,
2026-09-12T02:46:04-05:00,PUR_IED_VillaRica_Sesp_99f5c,PUR_IED_VillaRica_Sesp_99f5c,,,,,
2026-09-12T02:51:05-05:00,PUR_IED_20deJulio_1101_91b1b9,PUR_IED_20deJulio_1101_91b1b9,,,,,
2026-09-12T02:51:05-05:00,PUR_IED_20deJulio_1102_1cfcf9,PUR_IED_20deJulio_1102_1cfcf9,,,,,
2026-09-12T02:51:05-05:00,PUR_IED_20deJulio_Ext_ab60bd,PUR_IED_20deJulio_Ext_ab60bd,,,,,
2026-09-12T02:51:05-05:00,PUR_IED_AgustinFer_Ext_7b9b77,PUR_IED_AgustinFer_Ext_7b9b77,,,,,
2026-09-12T02:51:05-05:00,PUR_IED_AgustinFer_Info2_27b3a7,PUR_IED_AgustinFer_Info2_27b3a7,,,,,
2026-09-12T02:51:05-05:00,PUR_IED_AgustinFer_Sena_54b4eb,PUR_IED_AgustinFer_Sena_54b4eb,,,,,
2026-09-12T02:51:05-05:00,PUR_IED_AlexanderF_1102_caf07b,PUR_IED_AlexanderF_1102_caf07b,,,,,
2026-09-12T02:51:05-05:00,PUR_IED_AlexanderF_1103_c79e71,PUR_IED_AlexanderF_1103_c79e71,,,,,
2026-09-12T02:51:05-05:00,PUR_IED_AlexanderF_Ext_c5b18b,PUR_IED_AlexanderF_Ext_c5b18b,,,,,
2026-09-12T02:51:05-05:00,PUR_IED_AlfonsoLopez_Ext_281d77,PUR_IED_AlfonsoLopez_Ext_281d77,,,,,
2026-09-12T02:51:05-05:00,PUR_IED_AlfonsoLopez_LabF_888ce0,PUR_IED_AlfonsoLopez_LabF_888ce0,,,,,
2026-09-12T02:51:05-05:00,PUR_IED_AlfonsoLopez_SMed_df6a7f,PUR_IED_AlfonsoLopez_SMed_df6a7f,,,,,
2026-09-12T02:51:05-05:00,PUR_IED_AltamiraSO_A2_209f92,PUR_IED_AltamiraSO_A2_209f92,,,,,
2026-09-12T02:51:05-05:00,PUR_IED_AltamiraSO_Ext_186d66,PUR_IED_AltamiraSO_Ext_186d66,,,,,
2026-09-12T02:51:05-05:00,PUR_IED_AltamiraSO_Sistem_27afe1,PUR_IED_AltamiraSO_Sistem_27afe1,,,,,
2026-09-12T02:51:05-05:00,PUR_IED_AlvaroGom_LabQuim_813179,PUR_IED_AlvaroGom_LabQuim_813179,,,,,
2026-09-12T02:51:05-05:00,PUR_IED_AlvaroGomez_Ext_47c7ca,PUR_IED_AlvaroGomez_Ext_47c7ca,,,,,
2026-09-12T02:51:05-05:00,PUR_IED_AlvaroGomez_LabQuim_813179,PUR_IED_AlvaroGomez_LabQuim_813179,,,,,
2026-09-12T02:51:05-05:00,PUR_IED_AlvaroGomez_S23_7ba89f,PUR_IED_AlvaroGomez_S23_7ba89f,,,,,
2026-09-12T02:51:05-05:00,PUR_IED_Amistad_306_dc8728,PUR_IED_Amistad_306_dc8728,,,,,
2026-09-12T02:51:05-05:00,PUR_IED_Amistad_Ext_8cd55e,PUR_IED_Amistad_Ext_8cd55e,,,,,
2026-09-12T02:51:05-05:00,PUR_IED_Amistad_S202_a41169,PUR_IED_Amistad_S202_a41169,,,,,
2026-09-12T02:51:05-05:00,PUR_IED_AndresBello_Bio_fd5f5e,PUR_IED_AndresBello_Bio_fd5f5e,,,,,
2026-09-12T02:51:05-05:00,PUR_IED_AndresBello_ext_dcad65,PUR_IED_AndresBello_ext_dcad65,,,,,
2026-09-12T02:51:05-05:00,PUR_IED_AndresBello_port_eed3ec,PUR_IED_AndresBello_port_eed3ec,,,,,
2026-09-12T02:51:05-05:00,PUR_IED_AngelaR_11b_d90a6b,PUR_IED_AngelaR_11b_d90a6b,,,,,
2026-09-12T02:51:05-05:00,PUR_IED_AngelaR_ext_7cad3e,PUR_IED_AngelaR_ext_7cad3e,13,20,61,4.5825,-74.164497
2026-09-12T02:51:05-05:00,PUR_IED_AntJoseSucre_10mo_df2575,PUR_IED_AntJoseSucre_10mo_df2575,,,,,
2026-09-12T02:51:05-05:00,PUR_IED_AntJoseSucre_Ext_215b36,PUR_IED_AntJoseSucre_Ext_215b36,,,,,
2026-09-12T02:51:05-05:00,PUR_IED_AntJoseSucre_Lab_3139de,PUR_IED_AntJoseSucre_Lab_3139de,,,,,
2026-09-12T02:51:05-05:00,PUR_IED_AntonioGarcia_301_d6b188,PUR_IED_AntonioGarcia_301_d6b188,,,,,
2026-09-12T02:51:05-05:00,PUR_IED_AntonioGarcia_302_88a82,PUR_IED_AntonioGarcia_302_88a82,,,,,
2026-09-12T02:51:05-05:00,PUR_IED_AntonioGarcia_Ext_20950c,PUR_IED_AntonioGarcia_Ext_20950c,,,,,
2026-09-12T02:51:05-05:00,PUR_IED_AntonioVan_Aula2_6dea02,PUR_IED_AntonioVan_Aula2_6dea02,,,,,
2026-09-12T02:51:05-05:00,PUR_IED_AntonioVan_Aula5_f1557e,PUR_IED_AntonioVan_Aula5_f1557e,,,,,
2026-09-12T02:51:05-05:00,PUR_IED_AntonioVan_Ext_406f2f,PUR_IED_AntonioVan_Ext_406f2f,,,,,
2026-09-12T02:51:05-05:00,PUR_IED_Atabanzha_Ext_cc5af9,PUR_IED_Atabanzha_Ext_cc5af9,,,,,
2026-09-12T02:51:05-05:00,PUR_IED_Atabanzha_SA101_56c37,PUR_IED_Atabanzha_SA101_56c37,,,,,
2026-09-12T02:51:05-05:00,PUR_IED_Atabanzha_SB302_27b374,PUR_IED_Atabanzha_SB302_27b374,,,,,
2026-09-12T02:51:05-05:00,PUR_IED_Atahualpa_Ext_fc1748,PUR_IED_Atahualpa_Ext_fc1748,,,,,
2026-09-12T02:51:05-05:00,PUR_IED_Atahualpa_Informa_dc9a95,PUR_IED_Atahualpa_Informa_dc9a95,,,,,
2026-09-12T02:51:05-05:00,PUR_IED_Atahualpa_S1101_f98056,PUR_IED_Atahualpa_S1101_f98056,,,,,
2026-09-12T02:51:05-05:00,PUR_IED_Bellavista_Ext_f5aa74,PUR_IED_Bellavista_Ext_f5aa74,,,,,
2026-09-12T02:51:05-05:00,PUR_IED_Bilbao_11A_916c41,PUR_IED_Bilbao_11A_916c41,,,,,
2026-09-12T02:51:05-05:00,PUR_IED_Bilbao_Ext_fb579a,PUR_IED_Bilbao_Ext_fb579a,,,,,
2026-09-12T02:51:05-05:00,PUR_IED_BrasiliaU_A125_304280,PUR_IED_BrasiliaU_A125_304280,,,,,
2026-09-12T02:51:05-05:00,PUR_IED_BrasiliaU_A203_7c8ca5,PUR_IED_BrasiliaU_A203_7c8ca5,,,,,
2026-09-12T02:51:05-05:00,PUR_IED_BrasiliaU_Ext_8d6e9f,PUR_IED_BrasiliaU_Ext_8d6e9f,3,17,61,4.5175,-74.116302
2026-09-12T02:51:05-05:00,PUR_IED_Brasilia_Ext_fe6593,PUR_IED_Brasilia_Ext_fe6593,,,,,
2026-09-12T02:51:05-05:00,PUR_IED_Brasilia_S24_7c130d,PUR_IED_Brasilia_S24_7c130d,,,,,
2026-09-12T02:51:05-05:00,PUR_IED_Brasilia_S501_186a54,PUR_IED_Brasilia_S501_186a54,,,,,
2026-09-12T02:51:05-05:00,PUR_IED_CHARRY_EXT_f1d5cd,PUR_IED_CHARRY_EXT_f1d5cd,,,,,
2026-09-12T02:51:05-05:00,PUR_IED_CHARRY_INTDANZAS_7a08e6,PUR_IED_CHARRY_INTDANZAS_7a08e6,,,,,
2026-09-12T02:51:05-05:00,PUR_IED_CHARRY_INT_AULA20_dc998d,PUR_IED_CHARRY_INT_AULA20_dc998d,,,,,
2026-09-12T02:51:05-05:00,PUR_IED_COLVIV_1101_S25_7f520a,PUR_IED_COLVIV_1101_S25_7f520a,,,,,
2026-09-12T02:51:05-05:00,PUR_IED_COLVIV_1102_S16_f570ba,PUR_IED_COLVIV_1102_S16_f570ba,,,,,
2026-09-12T02:51:05-05:00,PUR_IED_COLVIV_Ext_1a26fa,PUR_IED_COLVIV_Ext_1a26fa,,,,,
2026-09-12T02:51:05-05:00,PUR_IED_CULPOP_301A_f660f3,PUR_IED_CULPOP_301A_f660f3,,,,,
2026-09-12T02:51:05-05:00,PUR_IED_CULPOP_303_568afe,PUR_IED_CULPOP_303_568afe,,,,,
2026-09-12T02:51:05-05:00,PUR_IED_CULPOP_Ext_e02ccb,PUR_IED_CULPOP_Ext_e02ccb,,,,,
2026-09-12T02:51:05-05:00,PUR_IED_CVillavicen_Ext_26eb58,PUR_IED_CVillavicen_Ext_26eb58,4,14,81,4.487,-74.102798
2026-09-12T02:51:05-05:00,PUR_IED_CVillavicen_Intel_1ce5c2,PUR_IED_CVillavicen_Intel_1ce5c2,,,,,
2026-09-12T02:51:05-05:00,PUR_IED_CVillavicen_Poliv_e0766c,PUR_IED_CVillavicen_Poliv_e0766c,,,,,
2026-09-12T02:51:05-05:00,PUR_IED_CVillavicen_int_1ba140,PUR_IED_CVillavicen_int_1ba140,,,,,
2026-09-12T02:51:05-05:00,PUR_IED_CVillavicen_intel_1ba140,PUR_IED_CVillavicen_intel_1ba140,,,,,
2026-09-12T02:51:05-05:00,PUR_IED_CarlosPizarro_Ext_e307cc,PUR_IED_CarlosPizarro_Ext_e307cc,,,,,
2026-09-12T02:51:05-05:00,PUR_IED_CarlosPizarro_L36_7e5cdb,PUR_IED_CarlosPizarro_L36_7e5cdb,,,,,
2026-09-12T02:51:05-05:00,PUR_IED_CarlosPizarro_L37_c8566c,PUR_IED_CarlosPizarro_L37_c8566c,,,,,
2026-09-12T02:51:05-05:00,PUR_IED_Castilla_Ext_cf35f,PUR_IED_Castilla_Ext_cf35f,,,,,
2026-09-12T02:51:05-05:00,PUR_IED_Castilla_SFisik_360e38,PUR_IED_Castilla_SFisik_360e38,,,,,
2026-09-12T02:51:05-05:00,PUR_IED_Castilla_Sc304_496fbf,PUR_IED_Castilla_Sc304_496fbf,,,,,
2026-09-12T02:51:05-05:00,PUR_IED_CervantesSa_Ext_6b57b,PUR_IED_CervantesSa_Ext_6b57b,3,17,67,4.5128,-74.117203
2026-09-12T02:51:05-05:00,PUR_IED_CervantesSa_S107_225c2b,PUR_IED_CervantesSa_S107_225c2b,,,,,
2026-09-12T02:51:05-05:00,PUR_IED_CervantesSa_S108_940925,PUR_IED_CervantesSa_S108_940925,,,,,
2026-09-12T02:51:05-05:00,PUR_IED_Charry_A20_f53e7c,PUR_IED_Charry_A20_f53e7c,,,,,
2026-09-12T02:51:05-05:00,PUR_IED_Charry_Ext_f1d5cd,PUR_IED_Charry_Ext_f1d5cd,,,,,
2026-09-12T02:51:05-05:00,PUR_IED_Charry_IntAula20_dc998d,PUR_IED_Charry_IntAula20_dc998d,,,,,
2026-09-12T02:51:05-05:00,PUR_IED_Charry_IntDanzas_7a08e6,PUR_IED_Charry_IntDanzas_7a08e6,,,,,
2026-09-12T02:51:05-05:00,PUR_IED_ClememciaC_203_43e2fc,PUR_IED_ClememciaC_203_43e2fc,,,,,
2026-09-12T02:51:05-05:00,PUR_IED_ClememciaC_Ext_1b411a,PUR_IED_ClememciaC_Ext_1b411a,,,,,
2026-09-12T02:51:05-05:00,PUR_IED_ClememciaC_Quimic_44b5fc,PUR_IED_ClememciaC_Quimic_44b5fc,,,,,
2026-09-12T02:51:05-05:00,PUR_IED_ClemenciaC_203_43e2fc,PUR_IED_ClemenciaC_203_43e2fc,,,,,
2026-09-12T02:51:05-05:00,PUR_IED_ClemenciaC_Ext_1b411a,PUR_IED_ClemenciaC_Ext_1b411a,,,,,
2026-09-12T02:51:05-05:00,PUR_IED_ClemenciaC_Quimic_44b5fc,PUR_IED_ClemenciaC_Quimic_44b5fc,,,,,
2026-09-12T02:51:05-05:00,PUR_IED_ColViva_1101_S25_7f520a,PUR_IED_ColViva_1101_S25_7f520a,,,,,
2026-09-12T02:51:05-05:00,PUR_IED_ColViva_1102_S16_f570ba,PUR_IED_ColViva_1102_S16_f570ba,,,,,
2026-09-12T02:51:05-05:00,PUR_IED_ColViva_Ext_1a26fa,PUR_IED_ColViva_Ext_1a26fa,,,,,
2026-09-12T02:51:05-05:00,PUR_IED_ColegioBici_Asist_7c8798,PUR_IED_ColegioBici_Asist_7c8798,,,,,
2026-09-12T02:51:05-05:00,PUR_IED_ColegioBici_Ext_25cbf6,PUR_IED_ColegioBici_Ext_25cbf6,,,,,
2026-09-12T02:51:05-05:00,PUR_IED_ColegioBici_LabQ_7b57db,PUR_IED_ColegioBici_LabQ_7b57db,,,,,
2026-09-12T02:51:05-05:00,PUR_IED_CostaRica_Ext_5e640,PUR_IED_CostaRica_Ext_5e640,,,,,
2026-09-12T02:51:05-05:00,PUR_IED_CostaRica_Quim1_766d1c,PUR_IED_CostaRica_Quim1_766d1c,,,,,
2026-09-12T02:51:05-05:00,PUR_IED_CostaRica__Fisica_6f0873,PUR_IED_CostaRica__Fisica_6f0873,,,,,
2026-09-12T02:51:05-05:00,PUR_IED_CulPopu_301A_f660f3,PUR_IED_CulPopu_301A_f660f3,,,,,
2026-09-12T02:51:05-05:00,PUR_IED_CulPopu_303_568afe,PUR_IED_CulPopu_303_568afe,,,,,
2026-09-12T02:51:05-05:00,PUR_IED_CulPopu_Ext_e02ccb,PUR_IED_CulPopu_Ext_e02ccb,,,,,
2026-09-12T02:51:05-05:00,PUR_IED_Cundinamarca_Ext_f15985,PUR_IED_Cundinamarca_Ext_f15985,,,,,
2026-09-12T02:51:05-05:00,PUR_IED_Cundinamarca_Info_7aa5d7,PUR_IED_Cundinamarca_Info_7aa5d7,,,,,
2026-09-12T02:51:05-05:00,PUR_IED_Cundinamarca_Tec2_f449c7,PUR_IED_Cundinamarca_Tec2_f449c7,,,,,
2026-09-12T02:51:05-05:00,PUR_IED_DiegoM_Aula1_27b314,PUR_IED_DiegoM_Aula1_27b314,,,,,
2026-09-12T02:51:05-05:00,PUR_IED_DiegoM_Ext_d80ac8,PUR_IED_DiegoM_Ext_d80ac8,,,,,
2026-09-12T02:51:05-05:00,PUR_IED_DiegoM_S25_da928f,PUR_IED_DiegoM_S25_da928f,,,,,
2026-09-12T02:51:05-05:00,PUR_IED_ELRODEO_360881,PUR_IED_ELRODEO_360881,,,,,
2026-09-12T02:51:05-05:00,PUR_IED_ELRODEO_ext_360881,PUR_IED_ELRODEO_ext_360881,,,,,
2026-09-12T02:51:05-05:00,PUR_IED_EduardoU_Ext_1c1969,PUR_IED_EduardoU_Ext_1c1969,,,,,
2026-09-12T02:51:05-05:00,PUR_IED_EduardoU_SCiencia_4dfb94,PUR_IED_EduardoU_SCiencia_4dfb94,,,,,
2026-09-12T02:51:05-05:00,PUR_IED_EduardoU_SQuimica_5a46e7,PUR_IED_EduardoU_SQuimica_5a46e7,,,,,
2026-09-12T02:51:05-05:00,PUR_IED_ElRodeo_Aula14_676984,PUR_IED_ElRodeo_Aula14_676984,,,,,
2026-09-12T02:51:05-05:00,PUR_IED_ElRodeo_Aula16_2dd35b,PUR_IED_ElRodeo_Aula16_2dd35b,,,,,
2026-09-12T02:51:05-05:00,PUR_IED_ElRodeo_Ext_360881,PUR_IED_ElRodeo_Ext_360881,,,,,
2026-09-12T02:51:05-05:00,PUR_IED_ElRodeo_Exterior_8c6d28,PUR_IED_ElRodeo_Exterior_8c6d28,,,,,
2026-09-12T02:51:05-05:00,PUR_IED_ElRodeo_ext_360881,PUR_IED_ElRodeo_ext_360881,,,,,
2026-09-12T02:51:05-05:00,PUR_IED_EmmaReyes_Ext_987625,PUR_IED_EmmaReyes_Ext_987625,11,21,53,4.6367,-74.1511
2026-09-12T02:51:05-05:00,PUR_IED_Ensueño_Ext_7f0250,PUR_IED_Ensueño_Ext_7f0250,,,,,
2026-09-12T02:51:05-05:00,PUR_IED_EscNormal_Ext_5fef3b,PUR_IED_EscNormal_Ext_5fef3b,2,18,61,4.5852,-74.096901
2026-09-12T02:51:05-05:00,PUR_IED_EscNormal_S309_5b263,PUR_IED_EscNormal_S309_5b263,,,,,
2026-09-12T02:51:05-05:00,PUR_IED_EscNormal_S310_27b3b8,PUR_IED_EscNormal_S310_27b3b8,,,,,
2026-09-12T02:51:05-05:00,PUR_IED_Evangelista_Conta_f6cd4f,PUR_IED_Evangelista_Conta_f6cd4f,,,,,
2026-09-12T02:51:05-05:00,PUR_IED_Evangelista_Cri_5e16a,PUR_IED_Evangelista_Cri_5e16a,,,,,
2026-09-12T02:51:05-05:00,PUR_IED_Evangelista_Exter_754066,PUR_IED_Evangelista_Exter_754066,,,,,
2026-09-12T02:51:05-05:00,PUR_IED_FMiranda_S209_5cc2a3,PUR_IED_FMiranda_S209_5cc2a3,,,,,
2026-09-12T02:51:05-05:00,PUR_IED_FMiranda_S303_19e344,PUR_IED_FMiranda_S303_19e344,,,,,
2026-09-12T02:51:05-05:00,PUR_IED_FMiranda_ext_f53e7c,PUR_IED_FMiranda_ext_f53e7c,,,,,
2026-09-12T02:51:05-05:00,PUR_IED_FabioLozano_Bibli_1cee05,PUR_IED_FabioLozano_Bibli_1cee05,,,,,
2026-09-12T02:51:05-05:00,PUR_IED_FabioLozano_Ext_6ea285,PUR_IED_FabioLozano_Ext_6ea285,,,,,
2026-09-12T02:51:05-05:00,PUR_IED_FabioLozano_SLudi_f09e1e,PUR_IED_FabioLozano_SLudi_f09e1e,,,,,
2026-09-12T02:51:05-05:00,PUR_IED_FaustinoS_Aula07_27a731,PUR_IED_FaustinoS_Aula07_27a731,,,,,
2026-09-12T02:51:05-05:00,PUR_IED_FaustinoS_Ext_7b936f,PUR_IED_FaustinoS_Ext_7b936f,,,,,
2026-09-12T02:51:05-05:00,PUR_IED_FaustinoS_Fisica_da2c60,PUR_IED_FaustinoS_Fisica_da2c60,,,,,
2026-09-12T02:51:05-05:00,PUR_IED_FeGarciaLo_Ext_dc68ee,PUR_IED_FeGarciaLo_Ext_dc68ee,,,,,
2026-09-12T02:51:05-05:00,PUR_IED_FeGarciaLo_SDanza_f70a59,PUR_IED_FeGarciaLo_SDanza_f70a59,,,,,
2026-09-12T02:51:05-05:00,PUR_IED_FeGarciaLo_SMusic_125cdd,PUR_IED_FeGarciaLo_SMusic_125cdd,,,,,
2026-09-12T02:51:05-05:00,PUR_IED_FederalAlema_Exte_50c345,PUR_IED_FederalAlema_Exte_50c345,,,,,
2026-09-12T02:51:05-05:00,PUR_IED_FederalAlema_S31_f18371,PUR_IED_FederalAlema_S31_f18371,,,,,
2026-09-12T02:51:05-05:00,PUR_IED_FederalAlema_S901_a62cd,PUR_IED_FederalAlema_S901_a62cd,,,,,
2026-09-12T02:51:05-05:00,PUR_IED_FilarmonicaS_A5_f35eb1,PUR_IED_FilarmonicaS_A5_f35eb1,,,,,
2026-09-12T02:51:05-05:00,PUR_IED_FilarmonicaS_Ext_8a3bde,PUR_IED_FilarmonicaS_Ext_8a3bde,,,,,
2026-09-12T02:51:05-05:00,PUR_IED_FilarmonicaS_Spol_406114,PUR_IED_FilarmonicaS_Spol_406114,,,,,
2026-09-12T02:51:05-05:00,PUR_IED_FlorentinoG_A13_d1fa59,PUR_IED_FlorentinoG_A13_d1fa59,,,,,
2026-09-12T02:51:05-05:00,PUR_IED_FlorentinoG_Ext_1ce6ce,PUR_IED_FlorentinoG_Ext_1ce6ce,,,,,
2026-09-12T02:51:05-05:00,PUR_IED_FlorentinoG_Idiom_a66aac,PUR_IED_FlorentinoG_Idiom_a66aac,,,,,
2026-09-12T02:51:05-05:00,PUR_IED_FranciscoMati_Ext_e3869d,PUR_IED_FranciscoMati_Ext_e3869d,,,,,
2026-09-12T02:51:05-05:00,PUR_IED_FranciscoMati_S13_f31c67,PUR_IED_FranciscoMati_S13_f31c67,,,,,
2026-09-12T02:51:05-05:00,PUR_IED_FranciscoMati_S14_97dead,PUR_IED_FranciscoMati_S14_97dead,,,,,
2026-09-12T02:51:05-05:00,PUR_IED_FranciscoPS_Ext_7bfa9a,PUR_IED_FranciscoPS_Ext_7bfa9a,5,20,58,4.5899,-74.110397
2026-09-12T02:51:05-05:00,PUR_IED_FranciscoPS_Infor_fb8f4c,PUR_IED_FranciscoPS_Infor_fb8f4c,,,,,
2026-09-12T02:51:05-05:00,PUR_IED_FranciscoPS_Quimi_94d39c,PUR_IED_FranciscoPS_Quimi_94d39c,,,,,
2026-09-12T02:51:05-05:00,PUR_IED_FranciscoP_LabQ_d7e148,PUR_IED_FranciscoP_LabQ_d7e148,,,,,
2026-09-12T02:51:05-05:00,PUR_IED_FranciscoP_S28_cf9b30,PUR_IED_FranciscoP_S28_cf9b30,,,,,
2026-09-12T02:51:05-05:00,PUR_IED_FranciscoP_ext_e2313,PUR_IED_FranciscoP_ext_e2313,,,,,
2026-09-12T02:51:05-05:00,PUR_IED_FriederichN_Ext_8ac92a,PUR_IED_FriederichN_Ext_8ac92a,,,,,
2026-09-12T02:51:05-05:00,PUR_IED_FriederichN_S301_dd7e5a,PUR_IED_FriederichN_S301_dd7e5a,,,,,
2026-09-12T02:51:05-05:00,PUR_IED_FriederichN_S308_761f4f,PUR_IED_FriederichN_S308_761f4f,,,,,
2026-09-12T02:51:05-05:00,PUR_IED_GSantander_Aula10_533dd7,PUR_IED_GSantander_Aula10_533dd7,,,,,
2026-09-12T02:51:05-05:00,PUR_IED_GSantander_Aula12_fd4e4f,PUR_IED_GSantander_Aula12_fd4e4f,,,,,
2026-09-12T02:51:05-05:00,PUR_IED_GSantander_Aula310_533dd7,PUR_IED_GSantander_Aula310_533dd7,,,,,
2026-09-12T02:51:05-05:00,PUR_IED_GSantander_Aula312_fd4e4f,PUR_IED_GSantander_Aula312_fd4e4f,,,,,
2026-09-12T02:51:05-05:00,PUR_IED_GSantander_Ext_5f66b0,PUR_IED_GSantander_Ext_5f66b0,,,,,
2026-09-12T02:51:05-05:00,PUR_IED_GYomasa_Ext_f6bea5,PUR_IED_GYomasa_Ext_f6bea5,,,,,
2026-09-12T02:51:05-05:00,PUR_IED_GYomasa_LBiol_2c41aa,PUR_IED_GYomasa_LBiol_2c41aa,,,,,
2026-09-12T02:51:05-05:00,PUR_IED_GYomasa_LQuim_33c80,PUR_IED_GYomasa_LQuim_33c80,,,,,
2026-09-12T02:51:05-05:00,PUR_IED_GabBetMejia_Cienc_5a99c,PUR_IED_GabBetMejia_Cienc_5a99c,,,,,
2026-09-12T02:51:05-05:00,PUR_IED_GabBetMejia_Ext_9153d0,PUR_IED_GabBetMejia_Ext_9153d0,,,,,
2026-09-12T02:51:05-05:00,PUR_IED_GabBetMejia_Lab_f55347,PUR_IED_GabBetMejia_Lab_f55347,,,,,
2026-09-12T02:51:05-05:00,PUR_IED_GabBetanMejia_Ext_9153d0,PUR_IED_GabBetanMejia_Ext_9153d0,,,,,
2026-09-12T02:51:05-05:00,PUR_IED_Gaitana_Aula13_7aac11,PUR_IED_Gaitana_Aula13_7aac11,,,,,
2026-09-12T02:51:05-05:00,PUR_IED_Gaitana_Ext_5fcf4,PUR_IED_Gaitana_Ext_5fcf4,,,,,
2026-09-12T02:51:05-05:00,PUR_IED_Gaitana_LabFisica_644448,PUR_IED_Gaitana_LabFisica_644448,,,,,
2026-09-12T02:51:05-05:00,PUR_IED_GenSantander_Dise_8ac858,PUR_IED_GenSantander_Dise_8ac858,,,,,
2026-09-12T02:51:05-05:00,PUR_IED_GenSantander_Ext_8d5dfe,PUR_IED_GenSantander_Ext_8d5dfe,,,,,
2026-09-12T02:51:05-05:00,PUR_IED_GenSantander_Info_6c25b,PUR_IED_GenSantander_Info_6c25b,,,,,
2026-09-12T02:51:05-05:00,PUR_IED_GustavoMo_Exterio_75e63d,PUR_IED_GustavoMo_Exterio_75e63d,,,,,
2026-09-12T02:51:05-05:00,PUR_IED_GustavoMo_LabFisi_224d37,PUR_IED_GustavoMo_LabFisi_224d37,,,,,
2026-09-12T02:51:05-05:00,PUR_IED_GustavoMo_S208_3e6918,PUR_IED_GustavoMo_S208_3e6918,,,,,
2026-09-12T02:51:05-05:00,PUR_IED_GustavoR_A02_8cd4a8,PUR_IED_GustavoR_A02_8cd4a8,,,,,
2026-09-12T02:51:05-05:00,PUR_IED_GustavoR_B11_5b0ed,PUR_IED_GustavoR_B11_5b0ed,,,,,
2026-09-12T02:51:05-05:00,PUR_IED_GustavoR_Ext_7a0c90,PUR_IED_GustavoR_Ext_7a0c90,,,,,
2026-09-12T02:51:05-05:00,PUR_IED_HernandoDuran_Ext_8cd82b,PUR_IED_HernandoDuran_Ext_8cd82b,,,,,
2026-09-12T02:51:05-05:00,PUR_IED_HernandoDuran_S24_2772c6,PUR_IED_HernandoDuran_S24_2772c6,,,,,
2026-09-12T02:51:05-05:00,PUR_IED_HernandoDuran_S30_f2de41,PUR_IED_HernandoDuran_S30_f2de41,,,,,
2026-09-12T02:51:05-05:00,PUR_IED_HolguInUr_S1101_8cd732,PUR_IED_HolguInUr_S1101_8cd732,,,,,
2026-09-12T02:51:05-05:00,PUR_IED_HolguinUr_Exter_ddae6d,PUR_IED_HolguinUr_Exter_ddae6d,,,,,
2026-09-12T02:51:05-05:00,PUR_IED_HolguinUr_LabQuim_92b952,PUR_IED_HolguinUr_LabQuim_92b952,,,,,
2026-09-12T02:51:05-05:00,PUR_IED_Isabel-II_Ext_5245cc,PUR_IED_Isabel-II_Ext_5245cc,9,18,60,4.6336,-74.153
2026-09-12T02:51:05-05:00,PUR_IED_Isabel-II_S_idiom_1c29aa,PUR_IED_Isabel-II_S_idiom_1c29aa,,,,,
2026-09-12T02:51:05-05:00,PUR_IED_Isabel-II_S_infor_fd741,PUR_IED_Isabel-II_S_infor_fd741,,,,,
2026-09-12T02:51:05-05:00,PUR_IED_IsidroSur_Exterio_5b90ea,PUR_IED_IsidroSur_Exterio_5b90ea,,,,,
2026-09-12T02:51:05-05:00,PUR_IED_IsidroSur_LabTec_56697a,PUR_IED_IsidroSur_LabTec_56697a,,,,,
2026-09-12T02:51:05-05:00,PUR_IED_IsidroSur_Robotic_b7c38f,PUR_IED_IsidroSur_Robotic_b7c38f,,,,,
2026-09-12T02:51:05-05:00,PUR_IED_IsmaelPerd_Ext_7b6672,PUR_IED_IsmaelPerd_Ext_7b6672,,,,,
2026-09-12T02:51:05-05:00,PUR_IED_IsmaelPerd_Inform_306540,PUR_IED_IsmaelPerd_Inform_306540,,,,,
2026-09-12T02:51:05-05:00,PUR_IED_IsmaelPerd_S30_2e2c83,PUR_IED_IsmaelPerd_S30_2e2c83,,,,,
2026-09-12T02:51:05-05:00,PUR_IED_JLozano_Exter_432910,PUR_IED_JLozano_Exter_432910,,,,,
2026-09-12T02:51:05-05:00,PUR_IED_JLozano_salaMulti_df5125,PUR_IED_JLozano_salaMulti_df5125,,,,,
2026-09-12T02:51:05-05:00,PUR_IED_JMCordoba_206_86f80b,PUR_IED_JMCordoba_206_86f80b,,,,,
2026-09-12T02:51:05-05:00,PUR_IED_JMCordoba_Ext_27ad97,PUR_IED_JMCordoba_Ext_27ad97,,,,,
2026-09-12T02:51:05-05:00,PUR_IED_JMCordoba_S310_d59ab4,PUR_IED_JMCordoba_S310_d59ab4,,,,,
2026-09-12T02:51:05-05:00,PUR_IED_Japon_Ext_549100,PUR_IED_Japon_Ext_549100,,,,,
2026-09-12T02:51:05-05:00,PUR_IED_Japon_Laboratorio_bec51d,PUR_IED_Japon_Laboratorio_bec51d,,,,,
2026-09-12T02:51:05-05:00,PUR_IED_Japon_informatica_d99327,PUR_IED_Japon_informatica_d99327,,,,,
2026-09-12T02:51:05-05:00,PUR_IED_Jazmin_Ext_d27bda,PUR_IED_Jazmin_Ext_d27bda,,,,,
2026-09-12T02:51:05-05:00,PUR_IED_Jazmin_Fisica_8d14d7,PUR_IED_Jazmin_Fisica_8d14d7,,,,,
2026-09-12T02:51:05-05:00,PUR_IED_Jazmin_Quimica_801cb5,PUR_IED_Jazmin_Quimica_801cb5,,,,,
2026-09-12T02:51:05-05:00,PUR_IED_JorgeGaitan_Exter_f098d1,PUR_IED_JorgeGaitan_Exter_f098d1,,,,,
2026-09-12T02:51:05-05:00,PUR_IED_JorgeGaitan_STec1_dc9d1d,PUR_IED_JorgeGaitan_STec1_dc9d1d,,,,,
2026-09-12T02:51:05-05:00,PUR_IED_JorgeGaitan_STec2_281e69,PUR_IED_JorgeGaitan_STec2_281e69,,,,,
2026-09-12T02:51:05-05:00,PUR_IED_JorgeSoto_Exterio_d9d0a2,PUR_IED_JorgeSoto_Exterio_d9d0a2,,,,,
2026-09-12T02:51:05-05:00,PUR_IED_JorgeSoto_LabFisi_209c54,PUR_IED_JorgeSoto_LabFisi_209c54,,,,,
2026-09-12T02:51:05-05:00,PUR_IED_JorgeSoto_S103_27b51a,PUR_IED_JorgeSoto_S103_27b51a,,,,,
2026-09-12T02:51:05-05:00,PUR_IED_JoseAcevedo_A02_e965eb,PUR_IED_JoseAcevedo_A02_e965eb,,,,,
2026-09-12T02:51:05-05:00,PUR_IED_JoseAcevedo_A07_dd5b4,PUR_IED_JoseAcevedo_A07_dd5b4,,,,,
2026-09-12T02:51:05-05:00,PUR_IED_JoseAcevedo_Ext_b47484,PUR_IED_JoseAcevedo_Ext_b47484,,,,,
2026-09-12T02:51:05-05:00,PUR_IED_JoseMarti_Exte_5b9bf,PUR_IED_JoseMarti_Exte_5b9bf,,,,,
2026-09-12T02:51:05-05:00,PUR_IED_JoseMarti_LabQuim_1c6c2d,PUR_IED_JoseMarti_LabQuim_1c6c2d,,,,,
2026-09-12T02:51:05-05:00,PUR_IED_JoseMarti_S_info_f5f177,PUR_IED_JoseMarti_S_info_f5f177,,,,,
2026-09-12T02:51:05-05:00,PUR_IED_Josejoaquin_Ext_dfc5dc,PUR_IED_Josejoaquin_Ext_dfc5dc,,,,,
2026-09-12T02:51:05-05:00,PUR_IED_Josejoaquin_S05_5b2a96,PUR_IED_Josejoaquin_S05_5b2a96,,,,,
2026-09-12T02:51:05-05:00,PUR_IED_Josejoaquin_S06_1ce7d2,PUR_IED_Josejoaquin_S06_1ce7d2,,,,,
2026-09-12T02:51:05-05:00,PUR_IED_JulioFlorez_Danza_9b82dd,PUR_IED_JulioFlorez_Danza_9b82dd,,,,,
2026-09-12T02:51:05-05:00,PUR_IED_JulioFlorez_Exter_f9f314,PUR_IED_JulioFlorez_Exter_f9f314,,,,,
2026-09-12T02:51:05-05:00,PUR_IED_JulioFlorez_info2_6b6e08,PUR_IED_JulioFlorez_info2_6b6e08,,,,,
2026-09-12T02:51:05-05:00,PUR_IED_LaBelleza_Aula13_1d00d8,PUR_IED_LaBelleza_Aula13_1d00d8,,,,,
2026-09-12T02:51:05-05:00,PUR_IED_LaBelleza_Ext_7bc08c,PUR_IED_LaBelleza_Ext_7bc08c,,,,,
2026-09-12T02:51:05-05:00,PUR_IED_LaChucua_Ext_8cd6d2,PUR_IED_LaChucua_Ext_8cd6d2,,,,,
2026-09-12T02:51:05-05:00,PUR_IED_LaChucua_S15_f578ce,PUR_IED_LaChucua_S15_f578ce,,,,,
2026-09-12T02:51:05-05:00,PUR_IED_LaChucua_S16_eebcf9,PUR_IED_LaChucua_S16_eebcf9,,,,,
2026-09-12T02:51:05-05:00,PUR_IED_LaFelicidad_Ext_fb5109,PUR_IED_LaFelicidad_Ext_fb5109,,,,,
2026-09-12T02:51:05-05:00,PUR_IED_LaMerced_206_66ebd,PUR_IED_LaMerced_206_66ebd,,,,,
2026-09-12T02:51:05-05:00,PUR_IED_LaMerced_207_6ebd6,PUR_IED_LaMerced_207_6ebd6,,,,,
2026-09-12T02:51:05-05:00,PUR_IED_LaMerced_ext_304311,PUR_IED_LaMerced_ext_304311,,,,,
2026-09-12T02:51:05-05:00,PUR_IED_Laureano_CiencNat_281e5e,PUR_IED_Laureano_CiencNat_281e5e,,,,,
2026-09-12T02:51:05-05:00,PUR_IED_Laureano_Comedor_f65c0a,PUR_IED_Laureano_Comedor_f65c0a,,,,,
2026-09-12T02:51:05-05:00,PUR_IED_Laureano_Exterior_7ab011,PUR_IED_Laureano_Exterior_7ab011,,,,,
2026-09-12T02:51:05-05:00,PUR_IED_LeonGreiff_Exte_dfe560,PUR_IED_LeonGreiff_Exte_dfe560,,,,,
2026-09-12T02:51:05-05:00,PUR_IED_LeonGreiff_S210_f264ed,PUR_IED_LeonGreiff_S210_f264ed,,,,,
2026-09-12T02:51:05-05:00,PUR_IED_LeonGreiff_SQuimi_e8296f,PUR_IED_LeonGreiff_SQuimi_e8296f,,,,,
2026-09-12T02:51:05-05:00,PUR_IED_LlanoOrientalS208_7b9fcd,PUR_IED_LlanoOrientalS208_7b9fcd,,,,,
2026-09-12T02:51:05-05:00,PUR_IED_LlanoOriental_Ext_fb3766,PUR_IED_LlanoOriental_Ext_fb3766,,,,,
2026-09-12T02:51:05-05:00,PUR_IED_LlanoOriental_S208_7b9fcd,PUR_IED_LlanoOriental_S208_7b9fcd,,,,,
2026-09-12T02:51:05-05:00,PUR_IED_LlanoOriental_S9_27b378,PUR_IED_LlanoOriental_S9_27b378,,,,,
2026-09-12T02:51:05-05:00,PUR_IED_LosTejares_1101_477602,PUR_IED_LosTejares_1101_477602,,,,,
2026-09-12T02:51:05-05:00,PUR_IED_LosTejares_11_d2c595,PUR_IED_LosTejares_11_d2c595,,,,,
2026-09-12T02:51:05-05:00,PUR_IED_LosTejares_12_477602,PUR_IED_LosTejares_12_477602,,,,,
2026-09-12T02:51:05-05:00,PUR_IED_LosTejares_Ext_8e2115,PUR_IED_LosTejares_Ext_8e2115,,,,,
2026-09-12T02:51:05-05:00,PUR_IED_MagdalenaO_B202_5ddda3,PUR_IED_MagdalenaO_B202_5ddda3,,,,,
2026-09-12T02:51:05-05:00,PUR_IED_MagdalenaO_B205_fb76e8,PUR_IED_MagdalenaO_B205_fb76e8,,,,,
2026-09-12T02:51:05-05:00,PUR_IED_MagdalenaO_ext_dc69cd,PUR_IED_MagdalenaO_ext_dc69cd,,,,,
2026-09-12T02:51:05-05:00,PUR_IED_ManueCepeda_artes_eee956,PUR_IED_ManueCepeda_artes_eee956,,,,,
2026-09-12T02:51:05-05:00,PUR_IED_ManuelCepeda_Ext_58313,PUR_IED_ManuelCepeda_Ext_58313,,,,,
2026-09-12T02:51:05-05:00,PUR_IED_ManuelCepeda_tec_1c5731,PUR_IED_ManuelCepeda_tec_1c5731,,,,,
2026-09-12T02:51:05-05:00,PUR_IED_ManuelS_Exterior_5b269,PUR_IED_ManuelS_Exterior_5b269,,,,,
2026-09-12T02:51:05-05:00,PUR_IED_ManuelS_Inform_f369ce,PUR_IED_ManuelS_Inform_f369ce,,,,,
2026-09-12T02:51:05-05:00,PUR_IED_ManuelS_SArtes_7d15f1,PUR_IED_ManuelS_SArtes_7d15f1,,,,,
2026-09-12T02:51:05-05:00,PUR_IED_ManuelZapata_303_3ca6,PUR_IED_ManuelZapata_303_3ca6,,,,,
2026-09-12T02:51:05-05:00,PUR_IED_ManuelZapata_311_bfbabc,PUR_IED_ManuelZapata_311_bfbabc,,,,,
2026-09-12T02:51:05-05:00,PUR_IED_ManuelZapata_Ext_50824a,PUR_IED_ManuelZapata_Ext_50824a,,,,,
2026-09-12T02:51:05-05:00,PUR_IED_ManuelitaS_Exteri_656a92,PUR_IED_ManuelitaS_Exteri_656a92,,,,,
2026-09-12T02:51:05-05:00,PUR_IED_ManuelitaS_JuzgDe_f58ec3,PUR_IED_ManuelitaS_JuzgDe_f58ec3,,,,,
2026-09-12T02:51:05-05:00,PUR_IED_ManuelitaS_Recrea_d793db,PUR_IED_ManuelitaS_Recrea_d793db,,,,,
2026-09-12T02:51:05-05:00,PUR_IED_MarFidSuarez_Ext_c27b19,PUR_IED_MarFidSuarez_Ext_c27b19,,,,,
2026-09-12T02:51:05-05:00,PUR_IED_MarFidSuarez_Info_e384d7,PUR_IED_MarFidSuarez_Info_e384d7,,,,,
2026-09-12T02:51:05-05:00,PUR_IED_MarFidSuarez_S306_1d0032,PUR_IED_MarFidSuarez_S306_1d0032,,,,,
2026-09-12T02:51:05-05:00,PUR_IED_Menorah_301_2a25a3,PUR_IED_Menorah_301_2a25a3,,,,,
2026-09-12T02:51:05-05:00,PUR_IED_Menorah_306_37ed3,PUR_IED_Menorah_306_37ed3,,,,,
2026-09-12T02:51:05-05:00,PUR_IED_Menorah_Ext_3e155b,PUR_IED_Menorah_Ext_3e155b,,,,,
2026-09-12T02:51:05-05:00,PUR_IED_MinutoB.Aires_A11_1b1604,PUR_IED_MinutoB.Aires_A11_1b1604,,,,,
2026-09-12T02:51:05-05:00,PUR_IED_MinutoB.Aires_A12_fb5860,PUR_IED_MinutoB.Aires_A12_fb5860,,,,,
2026-09-12T02:51:05-05:00,PUR_IED_MinutoB.Aires_Ext_81293f,PUR_IED_MinutoB.Aires_Ext_81293f,,,,,
2026-09-12T02:51:05-05:00,PUR_IED_MinutoBAires_A11_1b1604,PUR_IED_MinutoBAires_A11_1b1604,,,,,
2026-09-12T02:51:05-05:00,PUR_IED_MinutoBAires_A12_fb5860,PUR_IED_MinutoBAires_A12_fb5860,,,,,
2026-09-12T02:51:05-05:00,PUR_IED_MinutoBAires_Ext_81293f,PUR_IED_MinutoBAires_Ext_81293f,,,,,
2026-09-12T02:51:05-05:00,PUR_IED_Montreal_Aula10_1e4959,PUR_IED_Montreal_Aula10_1e4959,,,,,
2026-09-12T02:51:05-05:00,PUR_IED_Montreal_Aula6_300367,PUR_IED_Montreal_Aula6_300367,,,,,
2026-09-12T02:51:05-05:00,PUR_IED_Montreal_Exterior_91a179,PUR_IED_Montreal_Exterior_91a179,,,,,
2026-09-12T02:51:05-05:00,PUR_IED_Mqgdalena_B202_5ddda3,PUR_IED_Mqgdalena_B202_5ddda3,,,,,
2026-09-12T02:51:05-05:00,PUR_IED_NACUND_Soc_dc8728,PUR_IED_NACUND_Soc_dc8728,,,,,
2026-09-12T02:51:05-05:00,PUR_IED_NACUND_ext_27ad97,PUR_IED_NACUND_ext_27ad97,,,,,
2026-09-12T02:51:05-05:00,PUR_IED_NEsperanza_Ext_d24b61,PUR_IED_NEsperanza_Ext_d24b61,,,,,
2026-09-12T02:51:05-05:00,PUR_IED_NEsperanza_SElect_7d1807,PUR_IED_NEsperanza_SElect_7d1807,,,,,
2026-09-12T02:51:05-05:00,PUR_IED_NEsperanza_SLabor_8b2d0a,PUR_IED_NEsperanza_SLabor_8b2d0a,,,,,
2026-09-12T02:51:05-05:00,PUR_IED_NacionesU_Ext_f661a9,PUR_IED_NacionesU_Ext_f661a9,,,,,
2026-09-12T02:51:05-05:00,PUR_IED_NacionesU_Quimica_66f0a,PUR_IED_NacionesU_Quimica_66f0a,,,,,
2026-09-12T02:51:05-05:00,PUR_IED_NacionesU_S306_1b4b3d,PUR_IED_NacionesU_S306_1b4b3d,,,,,
2026-09-12T02:51:05-05:00,PUR_IED_NestorFA_Ext_e4201c,PUR_IED_NestorFA_Ext_e4201c,,,,,
2026-09-12T02:51:05-05:00,PUR_IED_NestorFA_Laborato_f22fe0,PUR_IED_NestorFA_Laborato_f22fe0,,,,,
2026-09-12T02:51:05-05:00,PUR_IED_NestorFA_S204_dee996,PUR_IED_NestorFA_S204_dee996,,,,,
2026-09-12T02:51:05-05:00,PUR_IED_NidyaQT_Aula03_76999b,PUR_IED_NidyaQT_Aula03_76999b,,,,,
2026-09-12T02:51:05-05:00,PUR_IED_NidyaQT_Aula10_56325,PUR_IED_NidyaQT_Aula10_56325,,,,,
2026-09-12T02:51:05-05:00,PUR_IED_NidyaQT_Ext_46e32d,PUR_IED_NidyaQT_Ext_46e32d,,,,,
2026-09-12T02:51:05-05:00,PUR_IED_NuevaCol_Exterior_d9b859,PUR_IED_NuevaCol_Exterior_d9b859,,,,,
2026-09-12T02:51:05-05:00,PUR_IED_NuevaCol_S1101_76c43b,PUR_IED_NuevaCol_S1101_76c43b,,,,,
2026-09-12T02:51:05-05:00,PUR_IED_NuevaCol_S1102_1ce0b5,PUR_IED_NuevaCol_S1102_1ce0b5,,,,,
2026-09-12T02:51:05-05:00,PUR_IED_OEA_A202_f7e3f2,PUR_IED_OEA_A202_f7e3f2,,,,,
2026-09-12T02:51:05-05:00,PUR_IED_OEA_A203_7d1b8d,PUR_IED_OEA_A203_7d1b8d,,,,,
2026-09-12T02:51:05-05:00,PUR_IED_OEA_Ext_27b593,PUR_IED_OEA_Ext_27b593,,,,,
2026-09-12T02:51:05-05:00,PUR_IED_Ochoa_Ext_1c29da,PUR_IED_Ochoa_Ext_1c29da,,,,,
2026-09-12T02:51:05-05:00,PUR_IED_Ochoa_S205_8b1121,PUR_IED_Ochoa_S205_8b1121,,,,,
2026-09-12T02:51:05-05:00,PUR_IED_Ochoa_Sistemas_f33af6,PUR_IED_Ochoa_Sistemas_f33af6,,,,,
2026-09-12T02:51:05-05:00,PUR_IED_PQuebec_Ext_1c67c7,PUR_IED_PQuebec_Ext_1c67c7,,,,,
2026-09-12T02:51:05-05:00,PUR_IED_PQuebec_S15_23e8e2,PUR_IED_PQuebec_S15_23e8e2,,,,,
2026-09-12T02:51:05-05:00,PUR_IED_PQuebec_S16_8ec76b,PUR_IED_PQuebec_S16_8ec76b,,,,,
2026-09-12T02:51:05-05:00,PUR_IED_PabloN_Ext_49dc96,PUR_IED_PabloN_Ext_49dc96,,,,,
2026-09-12T02:51:05-05:00,PUR_IED_PabloN_S1102_4e3df5,PUR_IED_PabloN_S1102_4e3df5,,,,,
2026-09-12T02:51:05-05:00,PUR_IED_PabloN_S1103_50c94b,PUR_IED_PabloN_S1103_50c94b,,,,,
2026-09-12T02:51:05-05:00,PUR_IED_Palestina_S1101_db9198,PUR_IED_Palestina_S1101_db9198,,,,,
2026-09-12T02:51:05-05:00,PUR_IED_Palestina_S1102_dc54fa,PUR_IED_Palestina_S1102_dc54fa,,,,,
2026-09-12T02:51:05-05:00,PUR_IED_Palestina_ext_4ccce6,PUR_IED_Palestina_ext_4ccce6,,,,,
2026-09-12T02:51:05-05:00,PUR_IED_Panama_Fisica_4d0794,PUR_IED_Panama_Fisica_4d0794,,,,,
2026-09-12T02:51:05-05:00,PUR_IED_Panama_SIngles_a4077e,PUR_IED_Panama_SIngles_a4077e,,,,,
2026-09-12T02:51:05-05:00,PUR_IED_Panama_ext_4c54b4,PUR_IED_Panama_ext_4c54b4,,,,,
2026-09-12T02:51:05-05:00,PUR_IED_ParaisoM_Exterior_8cd7f0,PUR_IED_ParaisoM_Exterior_8cd7f0,,,,,
2026-09-12T02:51:05-05:00,PUR_IED_ParaisoM_Laborato_27af35,PUR_IED_ParaisoM_Laborato_27af35,,,,,
2026-09-12T02:51:05-05:00,PUR_IED_ParaisoM_S304_d1edca,PUR_IED_ParaisoM_S304_d1edca,,,,,
2026-09-12T02:51:05-05:00,PUR_IED_PorfirioBarba_Ext_301466,PUR_IED_PorfirioBarba_Ext_301466,,,,,
2026-09-12T02:51:05-05:00,PUR_IED_PorfirioBarba_S11_df6cd2,PUR_IED_PorfirioBarba_S11_df6cd2,,,,,
2026-09-12T02:51:05-05:00,PUR_IED_PorfirioBarba_S29_27a7d6,PUR_IED_PorfirioBarba_S29_27a7d6,,,,,
2026-09-12T02:51:05-05:00,PUR_IED_PradoV_Exter_8b27ad,PUR_IED_PradoV_Exter_8b27ad,,,,,
2026-09-12T02:51:05-05:00,PUR_IED_PradoV_S301_de65b5,PUR_IED_PradoV_S301_de65b5,,,,,
2026-09-12T02:51:05-05:00,PUR_IED_PradoV_S302_7d2593,PUR_IED_PradoV_S302_7d2593,,,,,
2026-09-12T02:51:05-05:00,PUR_IED_QuirogaAlz_Ext_1ddc82,PUR_IED_QuirogaAlz_Ext_1ddc82,,,,,
2026-09-12T02:51:05-05:00,PUR_IED_QuirogaAlz_S302_9926a3,PUR_IED_QuirogaAlz_S302_9926a3,,,,,
2026-09-12T02:51:05-05:00,PUR_IED_QuirogaAlz_S305_cdf1f1,PUR_IED_QuirogaAlz_S305_cdf1f1,,,,,
2026-09-12T02:51:05-05:00,PUR_IED_RGuatemala_Biling_dc53b7,PUR_IED_RGuatemala_Biling_dc53b7,,,,,
2026-09-12T02:51:05-05:00,PUR_IED_RGuatemala_Ext_1b89a3,PUR_IED_RGuatemala_Ext_1b89a3,,,,,
2026-09-12T02:51:05-05:00,PUR_IED_RGuatemala_Tecnol_281a34,PUR_IED_RGuatemala_Tecnol_281a34,,,,,
2026-09-12T02:51:05-05:00,PUR_IED_RafaNu_Ext_f7c302,PUR_IED_RafaNu_Ext_f7c302,,,,,
2026-09-12T02:51:05-05:00,PUR_IED_RafaNu_S1101_25fde,PUR_IED_RafaNu_S1101_25fde,,,,,
2026-09-12T02:51:05-05:00,PUR_IED_RafaNu_S1102_281517,PUR_IED_RafaNu_S1102_281517,,,,,
2026-09-12T02:51:05-05:00,PUR_IED_RafaelB_S305_ee2783,PUR_IED_RafaelB_S305_ee2783,,,,,
2026-09-12T02:51:05-05:00,PUR_IED_RafaelB_S306_75fe33,PUR_IED_RafaelB_S306_75fe33,,,,,
2026-09-12T02:51:05-05:00,PUR_IED_RafaelB_ext_283336,PUR_IED_RafaelB_ext_283336,3,18,60,4.6722,-74.0737
2026-09-12T02:51:05-05:00,PUR_IED_RafaelUU_Exterior_281a51,PUR_IED_RafaelUU_Exterior_281a51,,,,,
2026-09-12T02:51:05-05:00,PUR_IED_RafaelUU_Human_806b2,PUR_IED_RafaelUU_Human_806b2,,,,,
2026-09-12T02:51:05-05:00,PUR_IED_RafaelUU_Mate2_5680d4,PUR_IED_RafaelUU_Mate2_5680d4,,,,,
2026-09-12T02:51:05-05:00,PUR_IED_RamonSub_Ext_f9eeb9,PUR_IED_RamonSub_Ext_f9eeb9,,,,,
2026-09-12T02:51:05-05:00,PUR_IED_RamonSub_Media_d1f62f,PUR_IED_RamonSub_Media_d1f62f,,,,,
2026-09-12T02:51:05-05:00,PUR_IED_RamonSub_planta_51b82,PUR_IED_RamonSub_planta_51b82,,,,,
2026-09-12T02:51:05-05:00,PUR_IED_RepBoliVene_Exter_27af7c,PUR_IED_RepBoliVene_Exter_27af7c,,,,,
2026-09-12T02:51:05-05:00,PUR_IED_RepBoliVene_SCPT_5ae2ee,PUR_IED_RepBoliVene_SCPT_5ae2ee,,,,,
2026-09-12T02:51:05-05:00,PUR_IED_RepBoliVene_Socia_4b11d5,PUR_IED_RepBoliVene_Socia_4b11d5,,,,,
2026-09-12T02:51:05-05:00,PUR_IED_RepChina_Ext_76d9ee,PUR_IED_RepChina_Ext_76d9ee,,,,,
2026-09-12T02:51:05-05:00,PUR_IED_RepChina_S404_7c804c,PUR_IED_RepChina_S404_7c804c,,,,,
2026-09-12T02:51:05-05:00,PUR_IED_RepChina_S405_df2c33,PUR_IED_RepChina_S405_df2c33,,,,,
2026-09-12T02:51:05-05:00,PUR_IED_RepublicaC_Exteri_7d1ec9,PUR_IED_RepublicaC_Exteri_7d1ec9,,,,,
2026-09-12T02:51:05-05:00,PUR_IED_RepublicaC_S1101_f544b3,PUR_IED_RepublicaC_S1101_f544b3,,,,,
2026-09-12T02:51:05-05:00,PUR_IED_RepublicaC_S1102_7aafc7,PUR_IED_RepublicaC_S1102_7aafc7,,,,,
2026-09-12T02:51:05-05:00,PUR_IED_Ricaurte_Externo_a0ea1,PUR_IED_Ricaurte_Externo_a0ea1,,,,,
2026-09-12T02:51:05-05:00,PUR_IED_Ricaurte_S210_f546fd,PUR_IED_Ricaurte_S210_f546fd,,,,,
2026-09-12T02:51:05-05:00,PUR_IED_Ricaurte_S309_d4452,PUR_IED_Ricaurte_S309_d4452,,,,,
2026-09-12T02:51:05-05:00,PUR_IED_RogelioS_1102_531e69,PUR_IED_RogelioS_1102_531e69,,,,,
2026-09-12T02:51:05-05:00,PUR_IED_RogelioS_Ext_f25a18,PUR_IED_RogelioS_Ext_f25a18,,,,,
2026-09-12T02:51:05-05:00,PUR_IED_SBernardino_Ext_27aff8,PUR_IED_SBernardino_Ext_27aff8,,,,,
2026-09-12T02:51:05-05:00,PUR_IED_SBernardino_SArte_2ffd33,PUR_IED_SBernardino_SArte_2ffd33,,,,,
2026-09-12T02:51:05-05:00,PUR_IED_SBernardino_SIngl_7c7da5,PUR_IED_SBernardino_SIngl_7c7da5,,,,,
2026-09-12T02:51:05-05:00,PUR_IED_Sago_auditorio_dc9d1d,PUR_IED_Sago_auditorio_dc9d1d,,,,,
2026-09-12T02:51:05-05:00,PUR_IED_Saludcoop_Ext_95aac3,PUR_IED_Saludcoop_Ext_95aac3,,,,,
2026-09-12T02:51:05-05:00,PUR_IED_Saludcoop_InfI_90c854,PUR_IED_Saludcoop_InfI_90c854,,,,,
2026-09-12T02:51:05-05:00,PUR_IED_Saludcoop_SMedia_1b93be,PUR_IED_Saludcoop_SMedia_1b93be,,,,,
2026-09-12T02:51:05-05:00,PUR_IED_SanCarlos_1101_1a2360,PUR_IED_SanCarlos_1101_1a2360,,,,,
2026-09-12T02:51:05-05:00,PUR_IED_SanCarlos_1103_7bafb5,PUR_IED_SanCarlos_1103_7bafb5,,,,,
2026-09-12T02:51:05-05:00,PUR_IED_SanCarlos_Ext_b7cd1,PUR_IED_SanCarlos_Ext_b7cd1,,,,,
2026-09-12T02:51:05-05:00,PUR_IED_SanIgnacioBosa11a_50c26e,PUR_IED_SanIgnacioBosa11a_50c26e,,,,,
2026-09-12T02:51:05-05:00,PUR_IED_SanIgnacioBosa11b_371de8,PUR_IED_SanIgnacioBosa11b_371de8,,,,,
2026-09-12T02:51:05-05:00,PUR_IED_SanIgnacioBosaExt_ef0ffc,PUR_IED_SanIgnacioBosaExt_ef0ffc,,,,,
2026-09-12T02:51:05-05:00,PUR_IED_SanIgnacioBosa_11a_50c26e,PUR_IED_SanIgnacioBosa_11a_50c26e,,,,,
2026-09-12T02:51:05-05:00,PUR_IED_SanIgnacioBosa_Ext_ef0ffc,PUR_IED_SanIgnacioBosa_Ext_ef0ffc,,,,,
2026-09-12T02:51:05-05:00,PUR_IED_SanJoseN_intS1101_31c47f,PUR_IED_SanJoseN_intS1101_31c47f,,,,,
2026-09-12T02:51:05-05:00,PUR_IED_SanJoseUsm_Exter_f5d7e8,PUR_IED_SanJoseUsm_Exter_f5d7e8,,,,,
2026-09-12T02:51:05-05:00,PUR_IED_SanJoseUsm_Int11A_cfdef6,PUR_IED_SanJoseUsm_Int11A_cfdef6,,,,,
2026-09-12T02:51:05-05:00,PUR_IED_SilveriaR_IntB5_905349,PUR_IED_SilveriaR_IntB5_905349,,,,,
2026-09-12T02:51:05-05:00,PUR_IED_SilveriaR_IntSD14_981f93,PUR_IED_SilveriaR_IntSD14_981f93,,,,,
2026-09-12T02:51:05-05:00,PUR_IED_SilveriaR_ext_2b651d,PUR_IED_SilveriaR_ext_2b651d,,,,,
2026-09-12T02:51:05-05:00,PUR_IED_SimonB_Exterior_913975,PUR_IED_SimonB_Exterior_913975,,,,,
2026-09-12T02:51:05-05:00,PUR_IED_SimonB_LabQuimi_c56908,PUR_IED_SimonB_LabQuimi_c56908,,,,,
2026-09-12T02:51:05-05:00,PUR_IED_SimonB_informatic_a28c1,PUR_IED_SimonB_informatic_a28c1,,,,,
2026-09-12T02:51:05-05:00,PUR_IED_Sorrento_1102_315f50,PUR_IED_Sorrento_1102_315f50,,,,,
2026-09-12T02:51:05-05:00,PUR_IED_Sorrento_Minte_214eab,PUR_IED_Sorrento_Minte_214eab,,,,,
2026-09-12T02:51:05-05:00,PUR_IED_Sorrento_ext_7c3a0a,PUR_IED_Sorrento_ext_7c3a0a,,,,,
2026-09-12T02:51:05-05:00,PUR_IED_Tabora_Ext_f048ae,PUR_IED_Tabora_Ext_f048ae,,,,,
2026-09-12T02:51:05-05:00,PUR_IED_Tabora_S1102_b07752,PUR_IED_Tabora_S1102_b07752,,,,,
2026-09-12T02:51:05-05:00,PUR_IED_Tabora_S1103_d988f5,PUR_IED_Tabora_S1103_d988f5,,,,,
2026-09-12T02:51:05-05:00,PUR_IED_Tenerife_Ext_1ab188,PUR_IED_Tenerife_Ext_1ab188,,,,,
2026-09-12T02:51:05-05:00,PUR_IED_Tenerife_SDanzas_7bc02e,PUR_IED_Tenerife_SDanzas_7bc02e,,,,,
2026-09-12T02:51:05-05:00,PUR_IED_Tenerife_SIngles_7cc277,PUR_IED_Tenerife_SIngles_7cc277,,,,,
2026-09-12T02:51:05-05:00,PUR_IED_Tibabuyes_Exter_f2683d,PUR_IED_Tibabuyes_Exter_f2683d,,,,,
2026-09-12T02:51:05-05:00,PUR_IED_Tibabuyes_S10_dc87a8,PUR_IED_Tibabuyes_S10_dc87a8,,,,,
2026-09-12T02:51:05-05:00,PUR_IED_Tibabuyes_S15_dc0526,PUR_IED_Tibabuyes_S15_dc0526,,,,,
2026-09-12T02:51:05-05:00,PUR_IED_UnionE_S301_a1043,PUR_IED_UnionE_S301_a1043,,,,,
2026-09-12T02:51:05-05:00,PUR_IED_UnionE_S307_ff6c2f,PUR_IED_UnionE_S307_ff6c2f,,,,,
2026-09-12T02:51:05-05:00,PUR_IED_UnionE__Ext_5e2468,PUR_IED_UnionE__Ext_5e2468,,,,,
2026-09-12T02:51:05-05:00,PUR_IED_VillaRica_Ext_75be7c,PUR_IED_VillaRica_Ext_75be7c,,,,,
2026-09-12T02:51:05-05:00,PUR_IED_VillaRica_S4_cc5dcd,PUR_IED_VillaRica_S4_cc5dcd,,,,,
2026-09-12T02:51:05-05:00,PUR_IED_VillaRica_Sesp_99f5c,PUR_IED_VillaRica_Sesp_99f5c,,,,,
2026-09-12T02:56:04-05:00,PUR_IED_20deJulio_1101_91b1b9,PUR_IED_20deJulio_1101_91b1b9,,,,,
2026-09-12T02:56:04-05:00,PUR_IED_20deJulio_1102_1cfcf9,PUR_IED_20deJulio_1102_1cfcf9,,,,,
2026-09-12T02:56:04-05:00,PUR_IED_20deJulio_Ext_ab60bd,PUR_IED_20deJulio_Ext_ab60bd,,,,,
2026-09-12T02:56:04-05:00,PUR_IED_AgustinFer_Ext_7b9b77,PUR_IED_AgustinFer_Ext_7b9b77,,,,,
2026-09-12T02:56:04-05:00,PUR_IED_AgustinFer_Info2_27b3a7,PUR_IED_AgustinFer_Info2_27b3a7,,,,,
2026-09-12T02:56:04-05:00,PUR_IED_AgustinFer_Sena_54b4eb,PUR_IED_AgustinFer_Sena_54b4eb,,,,,
2026-09-12T02:56:04-05:00,PUR_IED_AlexanderF_1102_caf07b,PUR_IED_AlexanderF_1102_caf07b,,,,,
2026-09-12T02:56:04-05:00,PUR_IED_AlexanderF_1103_c79e71,PUR_IED_AlexanderF_1103_c79e71,,,,,
2026-09-12T02:56:04-05:00,PUR_IED_AlexanderF_Ext_c5b18b,PUR_IED_AlexanderF_Ext_c5b18b,,,,,
2026-09-12T02:56:04-05:00,PUR_IED_AlfonsoLopez_Ext_281d77,PUR_IED_AlfonsoLopez_Ext_281d77,,,,,
2026-09-12T02:56:04-05:00,PUR_IED_AlfonsoLopez_LabF_888ce0,PUR_IED_AlfonsoLopez_LabF_888ce0,,,,,
2026-09-12T02:56:04-05:00,PUR_IED_AlfonsoLopez_SMed_df6a7f,PUR_IED_AlfonsoLopez_SMed_df6a7f,,,,,
2026-09-12T02:56:04-05:00,PUR_IED_AltamiraSO_A2_209f92,PUR_IED_AltamiraSO_A2_209f92,,,,,
2026-09-12T02:56:04-05:00,PUR_IED_AltamiraSO_Ext_186d66,PUR_IED_AltamiraSO_Ext_186d66,,,,,
2026-09-12T02:56:04-05:00,PUR_IED_AltamiraSO_Sistem_27afe1,PUR_IED_AltamiraSO_Sistem_27afe1,,,,,
2026-09-12T02:56:04-05:00,PUR_IED_AlvaroGom_LabQuim_813179,PUR_IED_AlvaroGom_LabQuim_813179,,,,,
2026-09-12T02:56:04-05:00,PUR_IED_AlvaroGomez_Ext_47c7ca,PUR_IED_AlvaroGomez_Ext_47c7ca,,,,,
2026-09-12T02:56:04-05:00,PUR_IED_AlvaroGomez_LabQuim_813179,PUR_IED_AlvaroGomez_LabQuim_813179,,,,,
2026-09-12T02:56:04-05:00,PUR_IED_AlvaroGomez_S23_7ba89f,PUR_IED_AlvaroGomez_S23_7ba89f,,,,,
2026-09-12T02:56:04-05:00,PUR_IED_Amistad_306_dc8728,PUR_IED_Amistad_306_dc8728,,,,,
2026-09-12T02:56:04-05:00,PUR_IED_Amistad_Ext_8cd55e,PUR_IED_Amistad_Ext_8cd55e,,,,,
2026-09-12T02:56:04-05:00,PUR_IED_Amistad_S202_a41169,PUR_IED_Amistad_S202_a41169,,,,,
2026-09-12T02:56:04-05:00,PUR_IED_AndresBello_Bio_fd5f5e,PUR_IED_AndresBello_Bio_fd5f5e,,,,,
2026-09-12T02:56:04-05:00,PUR_IED_AndresBello_ext_dcad65,PUR_IED_AndresBello_ext_dcad65,,,,,
2026-09-12T02:56:04-05:00,PUR_IED_AndresBello_port_eed3ec,PUR_IED_AndresBello_port_eed3ec,,,,,
2026-09-12T02:56:04-05:00,PUR_IED_AngelaR_11b_d90a6b,PUR_IED_AngelaR_11b_d90a6b,,,,,
2026-09-12T02:56:04-05:00,PUR_IED_AngelaR_ext_7cad3e,PUR_IED_AngelaR_ext_7cad3e,12,20,61,4.5825,-74.164497
2026-09-12T02:56:04-05:00,PUR_IED_AntJoseSucre_10mo_df2575,PUR_IED_AntJoseSucre_10mo_df2575,,,,,
2026-09-12T02:56:04-05:00,PUR_IED_AntJoseSucre_Ext_215b36,PUR_IED_AntJoseSucre_Ext_215b36,,,,,
2026-09-12T02:56:04-05:00,PUR_IED_AntJoseSucre_Lab_3139de,PUR_IED_AntJoseSucre_Lab_3139de,,,,,
2026-09-12T02:56:04-05:00,PUR_IED_AntonioGarcia_301_d6b188,PUR_IED_AntonioGarcia_301_d6b188,,,,,
2026-09-12T02:56:04-05:00,PUR_IED_AntonioGarcia_302_88a82,PUR_IED_AntonioGarcia_302_88a82,,,,,
2026-09-12T02:56:04-05:00,PUR_IED_AntonioGarcia_Ext_20950c,PUR_IED_AntonioGarcia_Ext_20950c,,,,,
2026-09-12T02:56:04-05:00,PUR_IED_AntonioVan_Aula2_6dea02,PUR_IED_AntonioVan_Aula2_6dea02,,,,,
2026-09-12T02:56:04-05:00,PUR_IED_AntonioVan_Aula5_f1557e,PUR_IED_AntonioVan_Aula5_f1557e,,,,,
2026-09-12T02:56:04-05:00,PUR_IED_AntonioVan_Ext_406f2f,PUR_IED_AntonioVan_Ext_406f2f,,,,,
2026-09-12T02:56:04-05:00,PUR_IED_Atabanzha_Ext_cc5af9,PUR_IED_Atabanzha_Ext_cc5af9,,,,,
2026-09-12T02:56:04-05:00,PUR_IED_Atabanzha_SA101_56c37,PUR_IED_Atabanzha_SA101_56c37,,,,,
2026-09-12T02:56:04-05:00,PUR_IED_Atabanzha_SB302_27b374,PUR_IED_Atabanzha_SB302_27b374,,,,,
2026-09-12T02:56:04-05:00,PUR_IED_Atahualpa_Ext_fc1748,PUR_IED_Atahualpa_Ext_fc1748,,,,,
2026-09-12T02:56:04-05:00,PUR_IED_Atahualpa_Informa_dc9a95,PUR_IED_Atahualpa_Informa_dc9a95,,,,,
2026-09-12T02:56:04-05:00,PUR_IED_Atahualpa_S1101_f98056,PUR_IED_Atahualpa_S1101_f98056,,,,,
2026-09-12T02:56:04-05:00,PUR_IED_Bellavista_Ext_f5aa74,PUR_IED_Bellavista_Ext_f5aa74,,,,,
2026-09-12T02:56:04-05:00,PUR_IED_Bilbao_11A_916c41,PUR_IED_Bilbao_11A_916c41,,,,,
2026-09-12T02:56:04-05:00,PUR_IED_Bilbao_Ext_fb579a,PUR_IED_Bilbao_Ext_fb579a,,,,,
2026-09-12T02:56:04-05:00,PUR_IED_BrasiliaU_A125_304280,PUR_IED_BrasiliaU_A125_304280,,,,,
2026-09-12T02:56:04-05:00,PUR_IED_BrasiliaU_A203_7c8ca5,PUR_IED_BrasiliaU_A203_7c8ca5,,,,,
2026-09-12T02:56:04-05:00,PUR_IED_BrasiliaU_Ext_8d6e9f,PUR_IED_BrasiliaU_Ext_8d6e9f,3,17,61,4.5175,-74.116302
2026-09-12T02:56:04-05:00,PUR_IED_Brasilia_Ext_fe6593,PUR_IED_Brasilia_Ext_fe6593,,,,,
2026-09-12T02:56:04-05:00,PUR_IED_Brasilia_S24_7c130d,PUR_IED_Brasilia_S24_7c130d,,,,,
2026-09-12T02:56:04-05:00,PUR_IED_Brasilia_S501_186a54,PUR_IED_Brasilia_S501_186a54,,,,,
2026-09-12T02:56:04-05:00,PUR_IED_CHARRY_EXT_f1d5cd,PUR_IED_CHARRY_EXT_f1d5cd,,,,,
2026-09-12T02:56:04-05:00,PUR_IED_CHARRY_INTDANZAS_7a08e6,PUR_IED_CHARRY_INTDANZAS_7a08e6,,,,,
2026-09-12T02:56:04-05:00,PUR_IED_CHARRY_INT_AULA20_dc998d,PUR_IED_CHARRY_INT_AULA20_dc998d,,,,,
2026-09-12T02:56:04-05:00,PUR_IED_COLVIV_1101_S25_7f520a,PUR_IED_COLVIV_1101_S25_7f520a,,,,,
2026-09-12T02:56:04-05:00,PUR_IED_COLVIV_1102_S16_f570ba,PUR_IED_COLVIV_1102_S16_f570ba,,,,,
2026-09-12T02:56:04-05:00,PUR_IED_COLVIV_Ext_1a26fa,PUR_IED_COLVIV_Ext_1a26fa,,,,,
2026-09-12T02:56:04-05:00,PUR_IED_CULPOP_301A_f660f3,PUR_IED_CULPOP_301A_f660f3,,,,,
2026-09-12T02:56:04-05:00,PUR_IED_CULPOP_303_568afe,PUR_IED_CULPOP_303_568afe,,,,,
2026-09-12T02:56:04-05:00,PUR_IED_CULPOP_Ext_e02ccb,PUR_IED_CULPOP_Ext_e02ccb,,,,,
2026-09-12T02:56:04-05:00,PUR_IED_CVillavicen_Ext_26eb58,PUR_IED_CVillavicen_Ext_26eb58,5,14,81,4.487,-74.102798
2026-09-12T02:56:04-05:00,PUR_IED_CVillavicen_Intel_1ce5c2,PUR_IED_CVillavicen_Intel_1ce5c2,,,,,
2026-09-12T02:56:04-05:00,PUR_IED_CVillavicen_Poliv_e0766c,PUR_IED_CVillavicen_Poliv_e0766c,,,,,
2026-09-12T02:56:04-05:00,PUR_IED_CVillavicen_int_1ba140,PUR_IED_CVillavicen_int_1ba140,,,,,
2026-09-12T02:56:04-05:00,PUR_IED_CVillavicen_intel_1ba140,PUR_IED_CVillavicen_intel_1ba140,,,,,
2026-09-12T02:56:04-05:00,PUR_IED_CarlosPizarro_Ext_e307cc,PUR_IED_CarlosPizarro_Ext_e307cc,,,,,
2026-09-12T02:56:04-05:00,PUR_IED_CarlosPizarro_L36_7e5cdb,PUR_IED_CarlosPizarro_L36_7e5cdb,,,,,
2026-09-12T02:56:04-05:00,PUR_IED_CarlosPizarro_L37_c8566c,PUR_IED_CarlosPizarro_L37_c8566c,,,,,
2026-09-12T02:56:04-05:00,PUR_IED_Castilla_Ext_cf35f,PUR_IED_Castilla_Ext_cf35f,,,,,
2026-09-12T02:56:04-05:00,PUR_IED_Castilla_SFisik_360e38,PUR_IED_Castilla_SFisik_360e38,,,,,
2026-09-12T02:56:04-05:00,PUR_IED_Castilla_Sc304_496fbf,PUR_IED_Castilla_Sc304_496fbf,,,,,
2026-09-12T02:56:04-05:00,PUR_IED_CervantesSa_Ext_6b57b,PUR_IED_CervantesSa_Ext_6b57b,3,17,67,4.5128,-74.117203
2026-09-12T02:56:04-05:00,PUR_IED_CervantesSa_S107_225c2b,PUR_IED_CervantesSa_S107_225c2b,,,,,
2026-09-12T02:56:04-05:00,PUR_IED_CervantesSa_S108_940925,PUR_IED_CervantesSa_S108_940925,,,,,
2026-09-12T02:56:04-05:00,PUR_IED_Charry_A20_f53e7c,PUR_IED_Charry_A20_f53e7c,,,,,
2026-09-12T02:56:04-05:00,PUR_IED_Charry_Ext_f1d5cd,PUR_IED_Charry_Ext_f1d5cd,,,,,
2026-09-12T02:56:04-05:00,PUR_IED_Charry_IntAula20_dc998d,PUR_IED_Charry_IntAula20_dc998d,,,,,
2026-09-12T02:56:04-05:00,PUR_IED_Charry_IntDanzas_7a08e6,PUR_IED_Charry_IntDanzas_7a08e6,,,,,
2026-09-12T02:56:04-05:00,PUR_IED_ClememciaC_203_43e2fc,PUR_IED_ClememciaC_203_43e2fc,,,,,
2026-09-12T02:56:04-05:00,PUR_IED_ClememciaC_Ext_1b411a,PUR_IED_ClememciaC_Ext_1b411a,,,,,
2026-09-12T02:56:04-05:00,PUR_IED_ClememciaC_Quimic_44b5fc,PUR_IED_ClememciaC_Quimic_44b5fc,,,,,
2026-09-12T02:56:04-05:00,PUR_IED_ClemenciaC_203_43e2fc,PUR_IED_ClemenciaC_203_43e2fc,,,,,
2026-09-12T02:56:04-05:00,PUR_IED_ClemenciaC_Ext_1b411a,PUR_IED_ClemenciaC_Ext_1b411a,,,,,
2026-09-12T02:56:04-05:00,PUR_IED_ClemenciaC_Quimic_44b5fc,PUR_IED_ClemenciaC_Quimic_44b5fc,,,,,
2026-09-12T02:56:04-05:00,PUR_IED_ColViva_1101_S25_7f520a,PUR_IED_ColViva_1101_S25_7f520a,,,,,
2026-09-12T02:56:04-05:00,PUR_IED_ColViva_1102_S16_f570ba,PUR_IED_ColViva_1102_S16_f570ba,,,,,
2026-09-12T02:56:04-05:00,PUR_IED_ColViva_Ext_1a26fa,PUR_IED_ColViva_Ext_1a26fa,,,,,
2026-09-12T02:56:04-05:00,PUR_IED_ColegioBici_Asist_7c8798,PUR_IED_ColegioBici_Asist_7c8798,,,,,
2026-09-12T02:56:04-05:00,PUR_IED_ColegioBici_Ext_25cbf6,PUR_IED_ColegioBici_Ext_25cbf6,,,,,
2026-09-12T02:56:04-05:00,PUR_IED_ColegioBici_LabQ_7b57db,PUR_IED_ColegioBici_LabQ_7b57db,,,,,
2026-09-12T02:56:04-05:00,PUR_IED_CostaRica_Ext_5e640,PUR_IED_CostaRica_Ext_5e640,,,,,
2026-09-12T02:56:04-05:00,PUR_IED_CostaRica_Quim1_766d1c,PUR_IED_CostaRica_Quim1_766d1c,,,,,
2026-09-12T02:56:04-05:00,PUR_IED_CostaRica__Fisica_6f0873,PUR_IED_CostaRica__Fisica_6f0873,,,,,
2026-09-12T02:56:04-05:00,PUR_IED_CulPopu_301A_f660f3,PUR_IED_CulPopu_301A_f660f3,,,,,
2026-09-12T02:56:04-05:00,PUR_IED_CulPopu_303_568afe,PUR_IED_CulPopu_303_568afe,,,,,
2026-09-12T02:56:04-05:00,PUR_IED_CulPopu_Ext_e02ccb,PUR_IED_CulPopu_Ext_e02ccb,,,,,
2026-09-12T02:56:04-05:00,PUR_IED_Cundinamarca_Ext_f15985,PUR_IED_Cundinamarca_Ext_f15985,,,,,
2026-09-12T02:56:04-05:00,PUR_IED_Cundinamarca_Info_7aa5d7,PUR_IED_Cundinamarca_Info_7aa5d7,,,,,
2026-09-12T02:56:04-05:00,PUR_IED_Cundinamarca_Tec2_f449c7,PUR_IED_Cundinamarca_Tec2_f449c7,,,,,
2026-09-12T02:56:04-05:00,PUR_IED_DiegoM_Aula1_27b314,PUR_IED_DiegoM_Aula1_27b314,,,,,
2026-09-12T02:56:04-05:00,PUR_IED_DiegoM_Ext_d80ac8,PUR_IED_DiegoM_Ext_d80ac8,,,,,
2026-09-12T02:56:04-05:00,PUR_IED_DiegoM_S25_da928f,PUR_IED_DiegoM_S25_da928f,,,,,
2026-09-12T02:56:04-05:00,PUR_IED_ELRODEO_360881,PUR_IED_ELRODEO_360881,,,,,
2026-09-12T02:56:04-05:00,PUR_IED_ELRODEO_ext_360881,PUR_IED_ELRODEO_ext_360881,,,,,
2026-09-12T02:56:04-05:00,PUR_IED_EduardoU_Ext_1c1969,PUR_IED_EduardoU_Ext_1c1969,,,,,
2026-09-12T02:56:04-05:00,PUR_IED_EduardoU_SCiencia_4dfb94,PUR_IED_EduardoU_SCiencia_4dfb94,,,,,
2026-09-12T02:56:04-05:00,PUR_IED_EduardoU_SQuimica_5a46e7,PUR_IED_EduardoU_SQuimica_5a46e7,,,,,
2026-09-12T02:56:04-05:00,PUR_IED_ElRodeo_Aula14_676984,PUR_IED_ElRodeo_Aula14_676984,,,,,
2026-09-12T02:56:04-05:00,PUR_IED_ElRodeo_Aula16_2dd35b,PUR_IED_ElRodeo_Aula16_2dd35b,,,,,
2026-09-12T02:56:04-05:00,PUR_IED_ElRodeo_Ext_360881,PUR_IED_ElRodeo_Ext_360881,,,,,
2026-09-12T02:56:04-05:00,PUR_IED_ElRodeo_Exterior_8c6d28,PUR_IED_ElRodeo_Exterior_8c6d28,,,,,
2026-09-12T02:56:04-05:00,PUR_IED_ElRodeo_ext_360881,PUR_IED_ElRodeo_ext_360881,,,,,
2026-09-12T02:56:04-05:00,PUR_IED_EmmaReyes_Ext_987625,PUR_IED_EmmaReyes_Ext_987625,12,21,53,4.6367,-74.1511
2026-09-12T02:56:04-05:00,PUR_IED_Ensueño_Ext_7f0250,PUR_IED_Ensueño_Ext_7f0250,,,,,
2026-09-12T02:56:04-05:00,PUR_IED_EscNormal_Ext_5fef3b,PUR_IED_EscNormal_Ext_5fef3b,3,18,61,4.5852,-74.096901
2026-09-12T02:56:04-05:00,PUR_IED_EscNormal_S309_5b263,PUR_IED_EscNormal_S309_5b263,,,,,
2026-09-12T02:56:04-05:00,PUR_IED_EscNormal_S310_27b3b8,PUR_IED_EscNormal_S310_27b3b8,,,,,
2026-09-12T02:56:04-05:00,PUR_IED_Evangelista_Conta_f6cd4f,PUR_IED_Evangelista_Conta_f6cd4f,,,,,
2026-09-12T02:56:04-05:00,PUR_IED_Evangelista_Cri_5e16a,PUR_IED_Evangelista_Cri_5e16a,,,,,
2026-09-12T02:56:04-05:00,PUR_IED_Evangelista_Exter_754066,PUR_IED_Evangelista_Exter_754066,,,,,
2026-09-12T02:56:04-05:00,PUR_IED_FMiranda_S209_5cc2a3,PUR_IED_FMiranda_S209_5cc2a3,,,,,
2026-09-12T02:56:04-05:00,PUR_IED_FMiranda_S303_19e344,PUR_IED_FMiranda_S303_19e344,,,,,
2026-09-12T02:56:04-05:00,PUR_IED_FMiranda_ext_f53e7c,PUR_IED_FMiranda_ext_f53e7c,,,,,
2026-09-12T02:56:04-05:00,PUR_IED_FabioLozano_Bibli_1cee05,PUR_IED_FabioLozano_Bibli_1cee05,,,,,
2026-09-12T02:56:04-05:00,PUR_IED_FabioLozano_Ext_6ea285,PUR_IED_FabioLozano_Ext_6ea285,,,,,
2026-09-12T02:56:04-05:00,PUR_IED_FabioLozano_SLudi_f09e1e,PUR_IED_FabioLozano_SLudi_f09e1e,,,,,
2026-09-12T02:56:04-05:00,PUR_IED_FaustinoS_Aula07_27a731,PUR_IED_FaustinoS_Aula07_27a731,,,,,
2026-09-12T02:56:04-05:00,PUR_IED_FaustinoS_Ext_7b936f,PUR_IED_FaustinoS_Ext_7b936f,,,,,
2026-09-12T02:56:04-05:00,PUR_IED_FaustinoS_Fisica_da2c60,PUR_IED_FaustinoS_Fisica_da2c60,,,,,
2026-09-12T02:56:04-05:00,PUR_IED_FeGarciaLo_Ext_dc68ee,PUR_IED_FeGarciaLo_Ext_dc68ee,,,,,
2026-09-12T02:56:04-05:00,PUR_IED_FeGarciaLo_SDanza_f70a59,PUR_IED_FeGarciaLo_SDanza_f70a59,,,,,
2026-09-12T02:56:04-05:00,PUR_IED_FeGarciaLo_SMusic_125cdd,PUR_IED_FeGarciaLo_SMusic_125cdd,,,,,
2026-09-12T02:56:04-05:00,PUR_IED_FederalAlema_Exte_50c345,PUR_IED_FederalAlema_Exte_50c345,,,,,
2026-09-12T02:56:04-05:00,PUR_IED_FederalAlema_S31_f18371,PUR_IED_FederalAlema_S31_f18371,,,,,
2026-09-12T02:56:04-05:00,PUR_IED_FederalAlema_S901_a62cd,PUR_IED_FederalAlema_S901_a62cd,,,,,
2026-09-12T02:56:04-05:00,PUR_IED_FilarmonicaS_A5_f35eb1,PUR_IED_FilarmonicaS_A5_f35eb1,,,,,
2026-09-12T02:56:04-05:00,PUR_IED_FilarmonicaS_Ext_8a3bde,PUR_IED_FilarmonicaS_Ext_8a3bde,,,,,
2026-09-12T02:56:04-05:00,PUR_IED_FilarmonicaS_Spol_406114,PUR_IED_FilarmonicaS_Spol_406114,,,,,
2026-09-12T02:56:04-05:00,PUR_IED_FlorentinoG_A13_d1fa59,PUR_IED_FlorentinoG_A13_d1fa59,,,,,
2026-09-12T02:56:04-05:00,PUR_IED_FlorentinoG_Ext_1ce6ce,PUR_IED_FlorentinoG_Ext_1ce6ce,,,,,
2026-09-12T02:56:04-05:00,PUR_IED_FlorentinoG_Idiom_a66aac,PUR_IED_FlorentinoG_Idiom_a66aac,,,,,
2026-09-12T02:56:04-05:00,PUR_IED_FranciscoMati_Ext_e3869d,PUR_IED_FranciscoMati_Ext_e3869d,,,,,
2026-09-12T02:56:04-05:00,PUR_IED_FranciscoMati_S13_f31c67,PUR_IED_FranciscoMati_S13_f31c67,,,,,
2026-09-12T02:56:04-05:00,PUR_IED_FranciscoMati_S14_97dead,PUR_IED_FranciscoMati_S14_97dead,,,,,
2026-09-12T02:56:04-05:00,PUR_IED_FranciscoPS_Ext_7bfa9a,PUR_IED_FranciscoPS_Ext_7bfa9a,4,20,58,4.5899,-74.110397
2026-09-12T02:56:04-05:00,PUR_IED_FranciscoPS_Infor_fb8f4c,PUR_IED_FranciscoPS_Infor_fb8f4c,,,,,
2026-09-12T02:56:04-05:00,PUR_IED_FranciscoPS_Quimi_94d39c,PUR_IED_FranciscoPS_Quimi_94d39c,,,,,
2026-09-12T02:56:04-05:00,PUR_IED_FranciscoP_LabQ_d7e148,PUR_IED_FranciscoP_LabQ_d7e148,,,,,
2026-09-12T02:56:04-05:00,PUR_IED_FranciscoP_S28_cf9b30,PUR_IED_FranciscoP_S28_cf9b30,,,,,
2026-09-12T02:56:04-05:00,PUR_IED_FranciscoP_ext_e2313,PUR_IED_FranciscoP_ext_e2313,,,,,
2026-09-12T02:56:04-05:00,PUR_IED_FriederichN_Ext_8ac92a,PUR_IED_FriederichN_Ext_8ac92a,,,,,
2026-09-12T02:56:04-05:00,PUR_IED_FriederichN_S301_dd7e5a,PUR_IED_FriederichN_S301_dd7e5a,,,,,
2026-09-12T02:56:04-05:00,PUR_IED_FriederichN_S308_761f4f,PUR_IED_FriederichN_S308_761f4f,,,,,
2026-09-12T02:56:04-05:00,PUR_IED_GSantander_Aula10_533dd7,PUR_IED_GSantander_Aula10_533dd7,,,,,
2026-09-12T02:56:04-05:00,PUR_IED_GSantander_Aula12_fd4e4f,PUR_IED_GSantander_Aula12_fd4e4f,,,,,
2026-09-12T02:56:04-05:00,PUR_IED_GSantander_Aula310_533dd7,PUR_IED_GSantander_Aula310_533dd7,,,,,
2026-09-12T02:56:04-05:00,PUR_IED_GSantander_Aula312_fd4e4f,PUR_IED_GSantander_Aula312_fd4e4f,,,,,
2026-09-12T02:56:04-05:00,PUR_IED_GSantander_Ext_5f66b0,PUR_IED_GSantander_Ext_5f66b0,,,,,
2026-09-12T02:56:04-05:00,PUR_IED_GYomasa_Ext_f6bea5,PUR_IED_GYomasa_Ext_f6bea5,,,,,
2026-09-12T02:56:04-05:00,PUR_IED_GYomasa_LBiol_2c41aa,PUR_IED_GYomasa_LBiol_2c41aa,,,,,
2026-09-12T02:56:04-05:00,PUR_IED_GYomasa_LQuim_33c80,PUR_IED_GYomasa_LQuim_33c80,,,,,
2026-09-12T02:56:04-05:00,PUR_IED_GabBetMejia_Cienc_5a99c,PUR_IED_GabBetMejia_Cienc_5a99c,,,,,
2026-09-12T02:56:04-05:00,PUR_IED_GabBetMejia_Ext_9153d0,PUR_IED_GabBetMejia_Ext_9153d0,,,,,
2026-09-12T02:56:04-05:00,PUR_IED_GabBetMejia_Lab_f55347,PUR_IED_GabBetMejia_Lab_f55347,,,,,
2026-09-12T02:56:04-05:00,PUR_IED_GabBetanMejia_Ext_9153d0,PUR_IED_GabBetanMejia_Ext_9153d0,,,,,
2026-09-12T02:56:04-05:00,PUR_IED_Gaitana_Aula13_7aac11,PUR_IED_Gaitana_Aula13_7aac11,,,,,
2026-09-12T02:56:04-05:00,PUR_IED_Gaitana_Ext_5fcf4,PUR_IED_Gaitana_Ext_5fcf4,,,,,
2026-09-12T02:56:04-05:00,PUR_IED_Gaitana_LabFisica_644448,PUR_IED_Gaitana_LabFisica_644448,,,,,
2026-09-12T02:56:04-05:00,PUR_IED_GenSantander_Dise_8ac858,PUR_IED_GenSantander_Dise_8ac858,,,,,
2026-09-12T02:56:04-05:00,PUR_IED_GenSantander_Ext_8d5dfe,PUR_IED_GenSantander_Ext_8d5dfe,,,,,
2026-09-12T02:56:04-05:00,PUR_IED_GenSantander_Info_6c25b,PUR_IED_GenSantander_Info_6c25b,,,,,
2026-09-12T02:56:04-05:00,PUR_IED_GustavoMo_Exterio_75e63d,PUR_IED_GustavoMo_Exterio_75e63d,,,,,
2026-09-12T02:56:04-05:00,PUR_IED_GustavoMo_LabFisi_224d37,PUR_IED_GustavoMo_LabFisi_224d37,,,,,
2026-09-12T02:56:04-05:00,PUR_IED_GustavoMo_S208_3e6918,PUR_IED_GustavoMo_S208_3e6918,,,,,
2026-09-12T02:56:04-05:00,PUR_IED_GustavoR_A02_8cd4a8,PUR_IED_GustavoR_A02_8cd4a8,,,,,
2026-09-12T02:56:04-05:00,PUR_IED_GustavoR_B11_5b0ed,PUR_IED_GustavoR_B11_5b0ed,,,,,
2026-09-12T02:56:04-05:00,PUR_IED_GustavoR_Ext_7a0c90,PUR_IED_GustavoR_Ext_7a0c90,,,,,
2026-09-12T02:56:04-05:00,PUR_IED_HernandoDuran_Ext_8cd82b,PUR_IED_HernandoDuran_Ext_8cd82b,,,,,
2026-09-12T02:56:04-05:00,PUR_IED_HernandoDuran_S24_2772c6,PUR_IED_HernandoDuran_S24_2772c6,,,,,
2026-09-12T02:56:04-05:00,PUR_IED_HernandoDuran_S30_f2de41,PUR_IED_HernandoDuran_S30_f2de41,,,,,
2026-09-12T02:56:04-05:00,PUR_IED_HolguInUr_S1101_8cd732,PUR_IED_HolguInUr_S1101_8cd732,,,,,
2026-09-12T02:56:04-05:00,PUR_IED_HolguinUr_Exter_ddae6d,PUR_IED_HolguinUr_Exter_ddae6d,,,,,
2026-09-12T02:56:04-05:00,PUR_IED_HolguinUr_LabQuim_92b952,PUR_IED_HolguinUr_LabQuim_92b952,,,,,
2026-09-12T02:56:04-05:00,PUR_IED_Isabel-II_Ext_5245cc,PUR_IED_Isabel-II_Ext_5245cc,10,19,59,4.6336,-74.153
2026-09-12T02:56:04-05:00,PUR_IED_Isabel-II_S_idiom_1c29aa,PUR_IED_Isabel-II_S_idiom_1c29aa,,,,,
2026-09-12T02:56:04-05:00,PUR_IED_Isabel-II_S_infor_fd741,PUR_IED_Isabel-II_S_infor_fd741,,,,,
2026-09-12T02:56:04-05:00,PUR_IED_IsidroSur_Exterio_5b90ea,PUR_IED_IsidroSur_Exterio_5b90ea,,,,,
2026-09-12T02:56:04-05:00,PUR_IED_IsidroSur_LabTec_56697a,PUR_IED_IsidroSur_LabTec_56697a,,,,,
2026-09-12T02:56:04-05:00,PUR_IED_IsidroSur_Robotic_b7c38f,PUR_IED_IsidroSur_Robotic_b7c38f,,,,,
2026-09-12T02:56:04-05:00,PUR_IED_IsmaelPerd_Ext_7b6672,PUR_IED_IsmaelPerd_Ext_7b6672,,,,,
2026-09-12T02:56:04-05:00,PUR_IED_IsmaelPerd_Inform_306540,PUR_IED_IsmaelPerd_Inform_306540,,,,,
2026-09-12T02:56:04-05:00,PUR_IED_IsmaelPerd_S30_2e2c83,PUR_IED_IsmaelPerd_S30_2e2c83,,,,,
2026-09-12T02:56:04-05:00,PUR_IED_JLozano_Exter_432910,PUR_IED_JLozano_Exter_432910,,,,,
2026-09-12T02:56:04-05:00,PUR_IED_JLozano_salaMulti_df5125,PUR_IED_JLozano_salaMulti_df5125,,,,,
2026-09-12T02:56:04-05:00,PUR_IED_JMCordoba_206_86f80b,PUR_IED_JMCordoba_206_86f80b,,,,,
2026-09-12T02:56:04-05:00,PUR_IED_JMCordoba_Ext_27ad97,PUR_IED_JMCordoba_Ext_27ad97,,,,,
2026-09-12T02:56:04-05:00,PUR_IED_JMCordoba_S310_d59ab4,PUR_IED_JMCordoba_S310_d59ab4,,,,,
2026-09-12T02:56:04-05:00,PUR_IED_Japon_Ext_549100,PUR_IED_Japon_Ext_549100,,,,,
2026-09-12T02:56:04-05:00,PUR_IED_Japon_Laboratorio_bec51d,PUR_IED_Japon_Laboratorio_bec51d,,,,,
2026-09-12T02:56:04-05:00,PUR_IED_Japon_informatica_d99327,PUR_IED_Japon_informatica_d99327,,,,,
2026-09-12T02:56:04-05:00,PUR_IED_Jazmin_Ext_d27bda,PUR_IED_Jazmin_Ext_d27bda,,,,,
2026-09-12T02:56:04-05:00,PUR_IED_Jazmin_Fisica_8d14d7,PUR_IED_Jazmin_Fisica_8d14d7,,,,,
2026-09-12T02:56:04-05:00,PUR_IED_Jazmin_Quimica_801cb5,PUR_IED_Jazmin_Quimica_801cb5,,,,,
2026-09-12T02:56:04-05:00,PUR_IED_JorgeGaitan_Exter_f098d1,PUR_IED_JorgeGaitan_Exter_f098d1,,,,,
2026-09-12T02:56:04-05:00,PUR_IED_JorgeGaitan_STec1_dc9d1d,PUR_IED_JorgeGaitan_STec1_dc9d1d,,,,,
2026-09-12T02:56:04-05:00,PUR_IED_JorgeGaitan_STec2_281e69,PUR_IED_JorgeGaitan_STec2_281e69,,,,,
2026-09-12T02:56:04-05:00,PUR_IED_JorgeSoto_Exterio_d9d0a2,PUR_IED_JorgeSoto_Exterio_d9d0a2,,,,,
2026-09-12T02:56:04-05:00,PUR_IED_JorgeSoto_LabFisi_209c54,PUR_IED_JorgeSoto_LabFisi_209c54,,,,,
2026-09-12T02:56:04-05:00,PUR_IED_JorgeSoto_S103_27b51a,PUR_IED_JorgeSoto_S103_27b51a,,,,,
2026-09-12T02:56:04-05:00,PUR_IED_JoseAcevedo_A02_e965eb,PUR_IED_JoseAcevedo_A02_e965eb,,,,,
2026-09-12T02:56:04-05:00,PUR_IED_JoseAcevedo_A07_dd5b4,PUR_IED_JoseAcevedo_A07_dd5b4,,,,,
2026-09-12T02:56:04-05:00,PUR_IED_JoseAcevedo_Ext_b47484,PUR_IED_JoseAcevedo_Ext_b47484,,,,,
2026-09-12T02:56:04-05:00,PUR_IED_JoseMarti_Exte_5b9bf,PUR_IED_JoseMarti_Exte_5b9bf,,,,,
2026-09-12T02:56:04-05:00,PUR_IED_JoseMarti_LabQuim_1c6c2d,PUR_IED_JoseMarti_LabQuim_1c6c2d,,,,,
2026-09-12T02:56:04-05:00,PUR_IED_JoseMarti_S_info_f5f177,PUR_IED_JoseMarti_S_info_f5f177,,,,,
2026-09-12T02:56:04-05:00,PUR_IED_Josejoaquin_Ext_dfc5dc,PUR_IED_Josejoaquin_Ext_dfc5dc,,,,,
2026-09-12T02:56:04-05:00,PUR_IED_Josejoaquin_S05_5b2a96,PUR_IED_Josejoaquin_S05_5b2a96,,,,,
2026-09-12T02:56:04-05:00,PUR_IED_Josejoaquin_S06_1ce7d2,PUR_IED_Josejoaquin_S06_1ce7d2,,,,,
2026-09-12T02:56:04-05:00,PUR_IED_JulioFlorez_Danza_9b82dd,PUR_IED_JulioFlorez_Danza_9b82dd,,,,,
2026-09-12T02:56:04-05:00,PUR_IED_JulioFlorez_Exter_f9f314,PUR_IED_JulioFlorez_Exter_f9f314,,,,,
2026-09-12T02:56:04-05:00,PUR_IED_JulioFlorez_info2_6b6e08,PUR_IED_JulioFlorez_info2_6b6e08,,,,,
2026-09-12T02:56:04-05:00,PUR_IED_LaBelleza_Aula13_1d00d8,PUR_IED_LaBelleza_Aula13_1d00d8,,,,,
2026-09-12T02:56:04-05:00,PUR_IED_LaBelleza_Ext_7bc08c,PUR_IED_LaBelleza_Ext_7bc08c,,,,,
2026-09-12T02:56:04-05:00,PUR_IED_LaChucua_Ext_8cd6d2,PUR_IED_LaChucua_Ext_8cd6d2,,,,,
2026-09-12T02:56:04-05:00,PUR_IED_LaChucua_S15_f578ce,PUR_IED_LaChucua_S15_f578ce,,,,,
2026-09-12T02:56:04-05:00,PUR_IED_LaChucua_S16_eebcf9,PUR_IED_LaChucua_S16_eebcf9,,,,,
2026-09-12T02:56:04-05:00,PUR_IED_LaFelicidad_Ext_fb5109,PUR_IED_LaFelicidad_Ext_fb5109,,,,,
2026-09-12T02:56:04-05:00,PUR_IED_LaMerced_206_66ebd,PUR_IED_LaMerced_206_66ebd,,,,,
2026-09-12T02:56:04-05:00,PUR_IED_LaMerced_207_6ebd6,PUR_IED_LaMerced_207_6ebd6,,,,,
2026-09-12T02:56:04-05:00,PUR_IED_LaMerced_ext_304311,PUR_IED_LaMerced_ext_304311,,,,,
2026-09-12T02:56:04-05:00,PUR_IED_Laureano_CiencNat_281e5e,PUR_IED_Laureano_CiencNat_281e5e,,,,,
2026-09-12T02:56:04-05:00,PUR_IED_Laureano_Comedor_f65c0a,PUR_IED_Laureano_Comedor_f65c0a,,,,,
2026-09-12T02:56:04-05:00,PUR_IED_Laureano_Exterior_7ab011,PUR_IED_Laureano_Exterior_7ab011,,,,,
2026-09-12T02:56:04-05:00,PUR_IED_LeonGreiff_Exte_dfe560,PUR_IED_LeonGreiff_Exte_dfe560,,,,,
2026-09-12T02:56:04-05:00,PUR_IED_LeonGreiff_S210_f264ed,PUR_IED_LeonGreiff_S210_f264ed,,,,,
2026-09-12T02:56:04-05:00,PUR_IED_LeonGreiff_SQuimi_e8296f,PUR_IED_LeonGreiff_SQuimi_e8296f,,,,,
2026-09-12T02:56:04-05:00,PUR_IED_LlanoOrientalS208_7b9fcd,PUR_IED_LlanoOrientalS208_7b9fcd,,,,,
2026-09-12T02:56:04-05:00,PUR_IED_LlanoOriental_Ext_fb3766,PUR_IED_LlanoOriental_Ext_fb3766,,,,,
2026-09-12T02:56:04-05:00,PUR_IED_LlanoOriental_S208_7b9fcd,PUR_IED_LlanoOriental_S208_7b9fcd,,,,,
2026-09-12T02:56:04-05:00,PUR_IED_LlanoOriental_S9_27b378,PUR_IED_LlanoOriental_S9_27b378,,,,,
2026-09-12T02:56:04-05:00,PUR_IED_LosTejares_1101_477602,PUR_IED_LosTejares_1101_477602,,,,,
2026-09-12T02:56:04-05:00,PUR_IED_LosTejares_11_d2c595,PUR_IED_LosTejares_11_d2c595,,,,,
2026-09-12T02:56:04-05:00,PUR_IED_LosTejares_12_477602,PUR_IED_LosTejares_12_477602,,,,,
2026-09-12T02:56:04-05:00,PUR_IED_LosTejares_Ext_8e2115,PUR_IED_LosTejares_Ext_8e2115,,,,,
2026-09-12T02:56:04-05:00,PUR_IED_MagdalenaO_B202_5ddda3,PUR_IED_MagdalenaO_B202_5ddda3,,,,,
2026-09-12T02:56:04-05:00,PUR_IED_MagdalenaO_B205_fb76e8,PUR_IED_MagdalenaO_B205_fb76e8,,,,,
2026-09-12T02:56:04-05:00,PUR_IED_MagdalenaO_ext_dc69cd,PUR_IED_MagdalenaO_ext_dc69cd,,,,,
2026-09-12T02:56:04-05:00,PUR_IED_ManueCepeda_artes_eee956,PUR_IED_ManueCepeda_artes_eee956,,,,,
2026-09-12T02:56:04-05:00,PUR_IED_ManuelCepeda_Ext_58313,PUR_IED_ManuelCepeda_Ext_58313,,,,,
2026-09-12T02:56:04-05:00,PUR_IED_ManuelCepeda_tec_1c5731,PUR_IED_ManuelCepeda_tec_1c5731,,,,,
2026-09-12T02:56:04-05:00,PUR_IED_ManuelS_Exterior_5b269,PUR_IED_ManuelS_Exterior_5b269,,,,,
2026-09-12T02:56:04-05:00,PUR_IED_ManuelS_Inform_f369ce,PUR_IED_ManuelS_Inform_f369ce,,,,,
2026-09-12T02:56:04-05:00,PUR_IED_ManuelS_SArtes_7d15f1,PUR_IED_ManuelS_SArtes_7d15f1,,,,,
2026-09-12T02:56:04-05:00,PUR_IED_ManuelZapata_303_3ca6,PUR_IED_ManuelZapata_303_3ca6,,,,,
2026-09-12T02:56:04-05:00,PUR_IED_ManuelZapata_311_bfbabc,PUR_IED_ManuelZapata_311_bfbabc,,,,,
2026-09-12T02:56:04-05:00,PUR_IED_ManuelZapata_Ext_50824a,PUR_IED_ManuelZapata_Ext_50824a,,,,,
2026-09-12T02:56:04-05:00,PUR_IED_ManuelitaS_Exteri_656a92,PUR_IED_ManuelitaS_Exteri_656a92,,,,,
2026-09-12T02:56:04-05:00,PUR_IED_ManuelitaS_JuzgDe_f58ec3,PUR_IED_ManuelitaS_JuzgDe_f58ec3,,,,,
2026-09-12T02:56:04-05:00,PUR_IED_ManuelitaS_Recrea_d793db,PUR_IED_ManuelitaS_Recrea_d793db,,,,,
2026-09-12T02:56:04-05:00,PUR_IED_MarFidSuarez_Ext_c27b19,PUR_IED_MarFidSuarez_Ext_c27b19,,,,,
2026-09-12T02:56:04-05:00,PUR_IED_MarFidSuarez_Info_e384d7,PUR_IED_MarFidSuarez_Info_e384d7,,,,,
2026-09-12T02:56:04-05:00,PUR_IED_MarFidSuarez_S306_1d0032,PUR_IED_MarFidSuarez_S306_1d0032,,,,,
2026-09-12T02:56:04-05:00,PUR_IED_Menorah_301_2a25a3,PUR_IED_Menorah_301_2a25a3,,,,,
2026-09-12T02:56:04-05:00,PUR_IED_Menorah_306_37ed3,PUR_IED_Menorah_306_37ed3,,,,,
2026-09-12T02:56:04-05:00,PUR_IED_Menorah_Ext_3e155b,PUR_IED_Menorah_Ext_3e155b,,,,,
2026-09-12T02:56:04-05:00,PUR_IED_MinutoB.Aires_A11_1b1604,PUR_IED_MinutoB.Aires_A11_1b1604,,,,,
2026-09-12T02:56:04-05:00,PUR_IED_MinutoB.Aires_A12_fb5860,PUR_IED_MinutoB.Aires_A12_fb5860,,,,,
2026-09-12T02:56:04-05:00,PUR_IED_MinutoB.Aires_Ext_81293f,PUR_IED_MinutoB.Aires_Ext_81293f,,,,,
2026-09-12T02:56:04-05:00,PUR_IED_MinutoBAires_A11_1b1604,PUR_IED_MinutoBAires_A11_1b1604,,,,,
2026-09-12T02:56:04-05:00,PUR_IED_MinutoBAires_A12_fb5860,PUR_IED_MinutoBAires_A12_fb5860,,,,,
2026-09-12T02:56:04-05:00,PUR_IED_MinutoBAires_Ext_81293f,PUR_IED_MinutoBAires_Ext_81293f,,,,,
2026-09-12T02:56:04-05:00,PUR_IED_Montreal_Aula10_1e4959,PUR_IED_Montreal_Aula10_1e4959,,,,,
2026-09-12T02:56:04-05:00,PUR_IED_Montreal_Aula6_300367,PUR_IED_Montreal_Aula6_300367,,,,,
2026-09-12T02:56:04-05:00,PUR_IED_Montreal_Exterior_91a179,PUR_IED_Montreal_Exterior_91a179,,,,,
2026-09-12T02:56:04-05:00,PUR_IED_Mqgdalena_B202_5ddda3,PUR_IED_Mqgdalena_B202_5ddda3,,,,,
2026-09-12T02:56:04-05:00,PUR_IED_NACUND_Soc_dc8728,PUR_IED_NACUND_Soc_dc8728,,,,,
2026-09-12T02:56:04-05:00,PUR_IED_NACUND_ext_27ad97,PUR_IED_NACUND_ext_27ad97,,,,,
2026-09-12T02:56:04-05:00,PUR_IED_NEsperanza_Ext_d24b61,PUR_IED_NEsperanza_Ext_d24b61,,,,,
2026-09-12T02:56:04-05:00,PUR_IED_NEsperanza_SElect_7d1807,PUR_IED_NEsperanza_SElect_7d1807,,,,,
2026-09-12T02:56:04-05:00,PUR_IED_NEsperanza_SLabor_8b2d0a,PUR_IED_NEsperanza_SLabor_8b2d0a,,,,,
2026-09-12T02:56:04-05:00,PUR_IED_NacionesU_Ext_f661a9,PUR_IED_NacionesU_Ext_f661a9,,,,,
2026-09-12T02:56:04-05:00,PUR_IED_NacionesU_Quimica_66f0a,PUR_IED_NacionesU_Quimica_66f0a,,,,,
2026-09-12T02:56:04-05:00,PUR_IED_NacionesU_S306_1b4b3d,PUR_IED_NacionesU_S306_1b4b3d,,,,,
2026-09-12T02:56:04-05:00,PUR_IED_NestorFA_Ext_e4201c,PUR_IED_NestorFA_Ext_e4201c,,,,,
2026-09-12T02:56:04-05:00,PUR_IED_NestorFA_Laborato_f22fe0,PUR_IED_NestorFA_Laborato_f22fe0,,,,,
2026-09-12T02:56:04-05:00,PUR_IED_NestorFA_S204_dee996,PUR_IED_NestorFA_S204_dee996,,,,,
2026-09-12T02:56:04-05:00,PUR_IED_NidyaQT_Aula03_76999b,PUR_IED_NidyaQT_Aula03_76999b,,,,,
2026-09-12T02:56:04-05:00,PUR_IED_NidyaQT_Aula10_56325,PUR_IED_NidyaQT_Aula10_56325,,,,,
2026-09-12T02:56:04-05:00,PUR_IED_NidyaQT_Ext_46e32d,PUR_IED_NidyaQT_Ext_46e32d,,,,,
2026-09-12T02:56:04-05:00,PUR_IED_NuevaCol_Exterior_d9b859,PUR_IED_NuevaCol_Exterior_d9b859,,,,,
2026-09-12T02:56:04-05:00,PUR_IED_NuevaCol_S1101_76c43b,PUR_IED_NuevaCol_S1101_76c43b,,,,,
2026-09-12T02:56:04-05:00,PUR_IED_NuevaCol_S1102_1ce0b5,PUR_IED_NuevaCol_S1102_1ce0b5,,,,,
2026-09-12T02:56:04-05:00,PUR_IED_OEA_A202_f7e3f2,PUR_IED_OEA_A202_f7e3f2,,,,,
2026-09-12T02:56:04-05:00,PUR_IED_OEA_A203_7d1b8d,PUR_IED_OEA_A203_7d1b8d,,,,,
2026-09-12T02:56:04-05:00,PUR_IED_OEA_Ext_27b593,PUR_IED_OEA_Ext_27b593,,,,,
2026-09-12T02:56:04-05:00,PUR_IED_Ochoa_Ext_1c29da,PUR_IED_Ochoa_Ext_1c29da,,,,,
2026-09-12T02:56:04-05:00,PUR_IED_Ochoa_S205_8b1121,PUR_IED_Ochoa_S205_8b1121,,,,,
2026-09-12T02:56:04-05:00,PUR_IED_Ochoa_Sistemas_f33af6,PUR_IED_Ochoa_Sistemas_f33af6,,,,,
2026-09-12T02:56:04-05:00,PUR_IED_PQuebec_Ext_1c67c7,PUR_IED_PQuebec_Ext_1c67c7,,,,,
2026-09-12T02:56:04-05:00,PUR_IED_PQuebec_S15_23e8e2,PUR_IED_PQuebec_S15_23e8e2,,,,,
2026-09-12T02:56:04-05:00,PUR_IED_PQuebec_S16_8ec76b,PUR_IED_PQuebec_S16_8ec76b,,,,,
2026-09-12T02:56:04-05:00,PUR_IED_PabloN_Ext_49dc96,PUR_IED_PabloN_Ext_49dc96,,,,,
2026-09-12T02:56:04-05:00,PUR_IED_PabloN_S1102_4e3df5,PUR_IED_PabloN_S1102_4e3df5,,,,,
2026-09-12T02:56:04-05:00,PUR_IED_PabloN_S1103_50c94b,PUR_IED_PabloN_S1103_50c94b,,,,,
2026-09-12T02:56:04-05:00,PUR_IED_Palestina_S1101_db9198,PUR_IED_Palestina_S1101_db9198,,,,,
2026-09-12T02:56:04-05:00,PUR_IED_Palestina_S1102_dc54fa,PUR_IED_Palestina_S1102_dc54fa,,,,,
2026-09-12T02:56:04-05:00,PUR_IED_Palestina_ext_4ccce6,PUR_IED_Palestina_ext_4ccce6,,,,,
2026-09-12T02:56:04-05:00,PUR_IED_Panama_Fisica_4d0794,PUR_IED_Panama_Fisica_4d0794,,,,,
2026-09-12T02:56:04-05:00,PUR_IED_Panama_SIngles_a4077e,PUR_IED_Panama_SIngles_a4077e,,,,,
2026-09-12T02:56:04-05:00,PUR_IED_Panama_ext_4c54b4,PUR_IED_Panama_ext_4c54b4,,,,,
2026-09-12T02:56:04-05:00,PUR_IED_ParaisoM_Exterior_8cd7f0,PUR_IED_ParaisoM_Exterior_8cd7f0,,,,,
2026-09-12T02:56:04-05:00,PUR_IED_ParaisoM_Laborato_27af35,PUR_IED_ParaisoM_Laborato_27af35,,,,,
2026-09-12T02:56:04-05:00,PUR_IED_ParaisoM_S304_d1edca,PUR_IED_ParaisoM_S304_d1edca,,,,,
2026-09-12T02:56:04-05:00,PUR_IED_PorfirioBarba_Ext_301466,PUR_IED_PorfirioBarba_Ext_301466,,,,,
2026-09-12T02:56:04-05:00,PUR_IED_PorfirioBarba_S11_df6cd2,PUR_IED_PorfirioBarba_S11_df6cd2,,,,,
2026-09-12T02:56:04-05:00,PUR_IED_PorfirioBarba_S29_27a7d6,PUR_IED_PorfirioBarba_S29_27a7d6,,,,,
2026-09-12T02:56:04-05:00,PUR_IED_PradoV_Exter_8b27ad,PUR_IED_PradoV_Exter_8b27ad,,,,,
2026-09-12T02:56:04-05:00,PUR_IED_PradoV_S301_de65b5,PUR_IED_PradoV_S301_de65b5,,,,,
2026-09-12T02:56:04-05:00,PUR_IED_PradoV_S302_7d2593,PUR_IED_PradoV_S302_7d2593,,,,,
2026-09-12T02:56:04-05:00,PUR_IED_QuirogaAlz_Ext_1ddc82,PUR_IED_QuirogaAlz_Ext_1ddc82,,,,,
2026-09-12T02:56:04-05:00,PUR_IED_QuirogaAlz_S302_9926a3,PUR_IED_QuirogaAlz_S302_9926a3,,,,,
2026-09-12T02:56:04-05:00,PUR_IED_QuirogaAlz_S305_cdf1f1,PUR_IED_QuirogaAlz_S305_cdf1f1,,,,,
2026-09-12T02:56:04-05:00,PUR_IED_RGuatemala_Biling_dc53b7,PUR_IED_RGuatemala_Biling_dc53b7,,,,,
2026-09-12T02:56:04-05:00,PUR_IED_RGuatemala_Ext_1b89a3,PUR_IED_RGuatemala_Ext_1b89a3,,,,,
2026-09-12T02:56:04-05:00,PUR_IED_RGuatemala_Tecnol_281a34,PUR_IED_RGuatemala_Tecnol_281a34,,,,,
2026-09-12T02:56:04-05:00,PUR_IED_RafaNu_Ext_f7c302,PUR_IED_RafaNu_Ext_f7c302,,,,,
2026-09-12T02:56:04-05:00,PUR_IED_RafaNu_S1101_25fde,PUR_IED_RafaNu_S1101_25fde,,,,,
2026-09-12T02:56:04-05:00,PUR_IED_RafaNu_S1102_281517,PUR_IED_RafaNu_S1102_281517,,,,,
2026-09-12T02:56:04-05:00,PUR_IED_RafaelB_S305_ee2783,PUR_IED_RafaelB_S305_ee2783,,,,,
2026-09-12T02:56:04-05:00,PUR_IED_RafaelB_S306_75fe33,PUR_IED_RafaelB_S306_75fe33,,,,,
2026-09-12T02:56:04-05:00,PUR_IED_RafaelB_ext_283336,PUR_IED_RafaelB_ext_283336,3,18,59,4.6722,-74.0737
2026-09-12T02:56:04-05:00,PUR_IED_RafaelUU_Exterior_281a51,PUR_IED_RafaelUU_Exterior_281a51,,,,,
2026-09-12T02:56:04-05:00,PUR_IED_RafaelUU_Human_806b2,PUR_IED_RafaelUU_Human_806b2,,,,,
2026-09-12T02:56:04-05:00,PUR_IED_RafaelUU_Mate2_5680d4,PUR_IED_RafaelUU_Mate2_5680d4,,,,,
2026-09-12T02:56:04-05:00,PUR_IED_RamonSub_Ext_f9eeb9,PUR_IED_RamonSub_Ext_f9eeb9,,,,,
2026-09-12T02:56:04-05:00,PUR_IED_RamonSub_Media_d1f62f,PUR_IED_RamonSub_Media_d1f62f,,,,,
2026-09-12T02:56:04-05:00,PUR_IED_RamonSub_planta_51b82,PUR_IED_RamonSub_planta_51b82,,,,,
2026-09-12T02:56:04-05:00,PUR_IED_RepBoliVene_Exter_27af7c,PUR_IED_RepBoliVene_Exter_27af7c,,,,,
2026-09-12T02:56:04-05:00,PUR_IED_RepBoliVene_SCPT_5ae2ee,PUR_IED_RepBoliVene_SCPT_5ae2ee,,,,,
2026-09-12T02:56:04-05:00,PUR_IED_RepBoliVene_Socia_4b11d5,PUR_IED_RepBoliVene_Socia_4b11d5,,,,,
2026-09-12T02:56:04-05:00,PUR_IED_RepChina_Ext_76d9ee,PUR_IED_RepChina_Ext_76d9ee,,,,,
2026-09-12T02:56:04-05:00,PUR_IED_RepChina_S404_7c804c,PUR_IED_RepChina_S404_7c804c,,,,,
2026-09-12T02:56:04-05:00,PUR_IED_RepChina_S405_df2c33,PUR_IED_RepChina_S405_df2c33,,,,,
2026-09-12T02:56:04-05:00,PUR_IED_RepublicaC_Exteri_7d1ec9,PUR_IED_RepublicaC_Exteri_7d1ec9,,,,,
2026-09-12T02:56:04-05:00,PUR_IED_RepublicaC_S1101_f544b3,PUR_IED_RepublicaC_S1101_f544b3,,,,,
2026-09-12T02:56:04-05:00,PUR_IED_RepublicaC_S1102_7aafc7,PUR_IED_RepublicaC_S1102_7aafc7,,,,,
2026-09-12T02:56:04-05:00,PUR_IED_Ricaurte_Externo_a0ea1,PUR_IED_Ricaurte_Externo_a0ea1,,,,,
2026-09-12T02:56:04-05:00,PUR_IED_Ricaurte_S210_f546fd,PUR_IED_Ricaurte_S210_f546fd,,,,,
2026-09-12T02:56:04-05:00,PUR_IED_Ricaurte_S309_d4452,PUR_IED_Ricaurte_S309_d4452,,,,,
2026-09-12T02:56:04-05:00,PUR_IED_RogelioS_1102_531e69,PUR_IED_RogelioS_1102_531e69,,,,,
2026-09-12T02:56:04-05:00,PUR_IED_RogelioS_Ext_f25a18,PUR_IED_RogelioS_Ext_f25a18,,,,,
2026-09-12T02:56:04-05:00,PUR_IED_SBernardino_Ext_27aff8,PUR_IED_SBernardino_Ext_27aff8,,,,,
2026-09-12T02:56:04-05:00,PUR_IED_SBernardino_SArte_2ffd33,PUR_IED_SBernardino_SArte_2ffd33,,,,,
2026-09-12T02:56:04-05:00,PUR_IED_SBernardino_SIngl_7c7da5,PUR_IED_SBernardino_SIngl_7c7da5,,,,,
2026-09-12T02:56:04-05:00,PUR_IED_Sago_auditorio_dc9d1d,PUR_IED_Sago_auditorio_dc9d1d,,,,,
2026-09-12T02:56:04-05:00,PUR_IED_Saludcoop_Ext_95aac3,PUR_IED_Saludcoop_Ext_95aac3,,,,,
2026-09-12T02:56:04-05:00,PUR_IED_Saludcoop_InfI_90c854,PUR_IED_Saludcoop_InfI_90c854,,,,,
2026-09-12T02:56:04-05:00,PUR_IED_Saludcoop_SMedia_1b93be,PUR_IED_Saludcoop_SMedia_1b93be,,,,,
2026-09-12T02:56:04-05:00,PUR_IED_SanCarlos_1101_1a2360,PUR_IED_SanCarlos_1101_1a2360,,,,,
2026-09-12T02:56:04-05:00,PUR_IED_SanCarlos_1103_7bafb5,PUR_IED_SanCarlos_1103_7bafb5,,,,,
2026-09-12T02:56:04-05:00,PUR_IED_SanCarlos_Ext_b7cd1,PUR_IED_SanCarlos_Ext_b7cd1,,,,,
2026-09-12T02:56:04-05:00,PUR_IED_SanIgnacioBosa11a_50c26e,PUR_IED_SanIgnacioBosa11a_50c26e,,,,,
2026-09-12T02:56:04-05:00,PUR_IED_SanIgnacioBosa11b_371de8,PUR_IED_SanIgnacioBosa11b_371de8,,,,,
2026-09-12T02:56:04-05:00,PUR_IED_SanIgnacioBosaExt_ef0ffc,PUR_IED_SanIgnacioBosaExt_ef0ffc,,,,,
2026-09-12T02:56:04-05:00,PUR_IED_SanIgnacioBosa_11a_50c26e,PUR_IED_SanIgnacioBosa_11a_50c26e,,,,,
2026-09-12T02:56:04-05:00,PUR_IED_SanIgnacioBosa_Ext_ef0ffc,PUR_IED_SanIgnacioBosa_Ext_ef0ffc,,,,,
2026-09-12T02:56:04-05:00,PUR_IED_SanJoseN_intS1101_31c47f,PUR_IED_SanJoseN_intS1101_31c47f,,,,,
2026-09-12T02:56:04-05:00,PUR_IED_SanJoseUsm_Exter_f5d7e8,PUR_IED_SanJoseUsm_Exter_f5d7e8,,,,,
2026-09-12T02:56:04-05:00,PUR_IED_SanJoseUsm_Int11A_cfdef6,PUR_IED_SanJoseUsm_Int11A_cfdef6,,,,,
2026-09-12T02:56:04-05:00,PUR_IED_SilveriaR_IntB5_905349,PUR_IED_SilveriaR_IntB5_905349,,,,,
2026-09-12T02:56:04-05:00,PUR_IED_SilveriaR_IntSD14_981f93,PUR_IED_SilveriaR_IntSD14_981f93,,,,,
2026-09-12T02:56:04-05:00,PUR_IED_SilveriaR_ext_2b651d,PUR_IED_SilveriaR_ext_2b651d,,,,,
2026-09-12T02:56:04-05:00,PUR_IED_SimonB_Exterior_913975,PUR_IED_SimonB_Exterior_913975,,,,,
2026-09-12T02:56:04-05:00,PUR_IED_SimonB_LabQuimi_c56908,PUR_IED_SimonB_LabQuimi_c56908,,,,,
2026-09-12T02:56:04-05:00,PUR_IED_SimonB_informatic_a28c1,PUR_IED_SimonB_informatic_a28c1,,,,,
2026-09-12T02:56:04-05:00,PUR_IED_Sorrento_1102_315f50,PUR_IED_Sorrento_1102_315f50,,,,,
2026-09-12T02:56:04-05:00,PUR_IED_Sorrento_Minte_214eab,PUR_IED_Sorrento_Minte_214eab,,,,,
2026-09-12T02:56:04-05:00,PUR_IED_Sorrento_ext_7c3a0a,PUR_IED_Sorrento_ext_7c3a0a,,,,,
2026-09-12T02:56:04-05:00,PUR_IED_Tabora_Ext_f048ae,PUR_IED_Tabora_Ext_f048ae,,,,,
2026-09-12T02:56:04-05:00,PUR_IED_Tabora_S1102_b07752,PUR_IED_Tabora_S1102_b07752,,,,,
2026-09-12T02:56:04-05:00,PUR_IED_Tabora_S1103_d988f5,PUR_IED_Tabora_S1103_d988f5,,,,,
2026-09-12T02:56:04-05:00,PUR_IED_Tenerife_Ext_1ab188,PUR_IED_Tenerife_Ext_1ab188,,,,,
2026-09-12T02:56:04-05:00,PUR_IED_Tenerife_SDanzas_7bc02e,PUR_IED_Tenerife_SDanzas_7bc02e,,,,,
2026-09-12T02:56:04-05:00,PUR_IED_Tenerife_SIngles_7cc277,PUR_IED_Tenerife_SIngles_7cc277,,,,,
2026-09-12T02:56:04-05:00,PUR_IED_Tibabuyes_Exter_f2683d,PUR_IED_Tibabuyes_Exter_f2683d,,,,,
2026-09-12T02:56:04-05:00,PUR_IED_Tibabuyes_S10_dc87a8,PUR_IED_Tibabuyes_S10_dc87a8,,,,,
2026-09-12T02:56:04-05:00,PUR_IED_Tibabuyes_S15_dc0526,PUR_IED_Tibabuyes_S15_dc0526,,,,,
2026-09-12T02:56:04-05:00,PUR_IED_UnionE_S301_a1043,PUR_IED_UnionE_S301_a1043,,,,,
2026-09-12T02:56:04-05:00,PUR_IED_UnionE_S307_ff6c2f,PUR_IED_UnionE_S307_ff6c2f,,,,,
2026-09-12T02:56:04-05:00,PUR_IED_UnionE__Ext_5e2468,PUR_IED_UnionE__Ext_5e2468,,,,,
2026-09-12T02:56:04-05:00,PUR_IED_VillaRica_Ext_75be7c,PUR_IED_VillaRica_Ext_75be7c,,,,,
2026-09-12T02:56:04-05:00,PUR_IED_VillaRica_S4_cc5dcd,PUR_IED_VillaRica_S4_cc5dcd,,,,,
2026-09-12T02:56:04-05:00,PUR_IED_VillaRica_Sesp_99f5c,PUR_IED_VillaRica_Sesp_99f5c,,,,,
2026-09-12T03:01:10-05:00,PUR_IED_20deJulio_1101_91b1b9,PUR_IED_20deJulio_1101_91b1b9,,,,,
2026-09-12T03:01:10-05:00,PUR_IED_20deJulio_1102_1cfcf9,PUR_IED_20deJulio_1102_1cfcf9,,,,,
2026-09-12T03:01:10-05:00,PUR_IED_20deJulio_Ext_ab60bd,PUR_IED_20deJulio_Ext_ab60bd,,,,,
2026-09-12T03:01:10-05:00,PUR_IED_AgustinFer_Ext_7b9b77,PUR_IED_AgustinFer_Ext_7b9b77,,,,,
2026-09-12T03:01:10-05:00,PUR_IED_AgustinFer_Info2_27b3a7,PUR_IED_AgustinFer_Info2_27b3a7,,,,,
2026-09-12T03:01:10-05:00,PUR_IED_AgustinFer_Sena_54b4eb,PUR_IED_AgustinFer_Sena_54b4eb,,,,,
2026-09-12T03:01:10-05:00,PUR_IED_AlexanderF_1102_caf07b,PUR_IED_AlexanderF_1102_caf07b,,,,,
2026-09-12T03:01:10-05:00,PUR_IED_AlexanderF_1103_c79e71,PUR_IED_AlexanderF_1103_c79e71,,,,,
2026-09-12T03:01:10-05:00,PUR_IED_AlexanderF_Ext_c5b18b,PUR_IED_AlexanderF_Ext_c5b18b,,,,,
2026-09-12T03:01:10-05:00,PUR_IED_AlfonsoLopez_Ext_281d77,PUR_IED_AlfonsoLopez_Ext_281d77,,,,,
2026-09-12T03:01:10-05:00,PUR_IED_AlfonsoLopez_LabF_888ce0,PUR_IED_AlfonsoLopez_LabF_888ce0,,,,,
2026-09-12T03:01:10-05:00,PUR_IED_AlfonsoLopez_SMed_df6a7f,PUR_IED_AlfonsoLopez_SMed_df6a7f,,,,,
2026-09-12T03:01:10-05:00,PUR_IED_AltamiraSO_A2_209f92,PUR_IED_AltamiraSO_A2_209f92,,,,,
2026-09-12T03:01:10-05:00,PUR_IED_AltamiraSO_Ext_186d66,PUR_IED_AltamiraSO_Ext_186d66,,,,,
2026-09-12T03:01:10-05:00,PUR_IED_AltamiraSO_Sistem_27afe1,PUR_IED_AltamiraSO_Sistem_27afe1,,,,,
2026-09-12T03:01:10-05:00,PUR_IED_AlvaroGom_LabQuim_813179,PUR_IED_AlvaroGom_LabQuim_813179,,,,,
2026-09-12T03:01:10-05:00,PUR_IED_AlvaroGomez_Ext_47c7ca,PUR_IED_AlvaroGomez_Ext_47c7ca,,,,,
2026-09-12T03:01:10-05:00,PUR_IED_AlvaroGomez_LabQuim_813179,PUR_IED_AlvaroGomez_LabQuim_813179,,,,,
2026-09-12T03:01:10-05:00,PUR_IED_AlvaroGomez_S23_7ba89f,PUR_IED_AlvaroGomez_S23_7ba89f,,,,,
2026-09-12T03:01:10-05:00,PUR_IED_Amistad_306_dc8728,PUR_IED_Amistad_306_dc8728,,,,,
2026-09-12T03:01:10-05:00,PUR_IED_Amistad_Ext_8cd55e,PUR_IED_Amistad_Ext_8cd55e,,,,,
2026-09-12T03:01:10-05:00,PUR_IED_Amistad_S202_a41169,PUR_IED_Amistad_S202_a41169,,,,,
2026-09-12T03:01:10-05:00,PUR_IED_AndresBello_Bio_fd5f5e,PUR_IED_AndresBello_Bio_fd5f5e,,,,,
2026-09-12T03:01:10-05:00,PUR_IED_AndresBello_ext_dcad65,PUR_IED_AndresBello_ext_dcad65,,,,,
2026-09-12T03:01:10-05:00,PUR_IED_AndresBello_port_eed3ec,PUR_IED_AndresBello_port_eed3ec,,,,,
2026-09-12T03:01:10-05:00,PUR_IED_AngelaR_11b_d90a6b,PUR_IED_AngelaR_11b_d90a6b,,,,,
2026-09-12T03:01:10-05:00,PUR_IED_AngelaR_ext_7cad3e,PUR_IED_AngelaR_ext_7cad3e,12,20,61,4.5825,-74.164497
2026-09-12T03:01:10-05:00,PUR_IED_AntJoseSucre_10mo_df2575,PUR_IED_AntJoseSucre_10mo_df2575,,,,,
2026-09-12T03:01:10-05:00,PUR_IED_AntJoseSucre_Ext_215b36,PUR_IED_AntJoseSucre_Ext_215b36,,,,,
2026-09-12T03:01:10-05:00,PUR_IED_AntJoseSucre_Lab_3139de,PUR_IED_AntJoseSucre_Lab_3139de,,,,,
2026-09-12T03:01:10-05:00,PUR_IED_AntonioGarcia_301_d6b188,PUR_IED_AntonioGarcia_301_d6b188,,,,,
2026-09-12T03:01:10-05:00,PUR_IED_AntonioGarcia_302_88a82,PUR_IED_AntonioGarcia_302_88a82,,,,,
2026-09-12T03:01:10-05:00,PUR_IED_AntonioGarcia_Ext_20950c,PUR_IED_AntonioGarcia_Ext_20950c,,,,,
2026-09-12T03:01:10-05:00,PUR_IED_AntonioVan_Aula2_6dea02,PUR_IED_AntonioVan_Aula2_6dea02,,,,,
2026-09-12T03:01:10-05:00,PUR_IED_AntonioVan_Aula5_f1557e,PUR_IED_AntonioVan_Aula5_f1557e,,,,,
2026-09-12T03:01:10-05:00,PUR_IED_AntonioVan_Ext_406f2f,PUR_IED_AntonioVan_Ext_406f2f,,,,,
2026-09-12T03:01:10-05:00,PUR_IED_Atabanzha_Ext_cc5af9,PUR_IED_Atabanzha_Ext_cc5af9,,,,,
2026-09-12T03:01:10-05:00,PUR_IED_Atabanzha_SA101_56c37,PUR_IED_Atabanzha_SA101_56c37,,,,,
2026-09-12T03:01:10-05:00,PUR_IED_Atabanzha_SB302_27b374,PUR_IED_Atabanzha_SB302_27b374,,,,,
2026-09-12T03:01:10-05:00,PUR_IED_Atahualpa_Ext_fc1748,PUR_IED_Atahualpa_Ext_fc1748,,,,,
2026-09-12T03:01:10-05:00,PUR_IED_Atahualpa_Informa_dc9a95,PUR_IED_Atahualpa_Informa_dc9a95,,,,,
2026-09-12T03:01:10-05:00,PUR_IED_Atahualpa_S1101_f98056,PUR_IED_Atahualpa_S1101_f98056,,,,,
2026-09-12T03:01:10-05:00,PUR_IED_Bellavista_Ext_f5aa74,PUR_IED_Bellavista_Ext_f5aa74,,,,,
2026-09-12T03:01:10-05:00,PUR_IED_Bilbao_11A_916c41,PUR_IED_Bilbao_11A_916c41,,,,,
2026-09-12T03:01:10-05:00,PUR_IED_Bilbao_Ext_fb579a,PUR_IED_Bilbao_Ext_fb579a,,,,,
2026-09-12T03:01:10-05:00,PUR_IED_BrasiliaU_A125_304280,PUR_IED_BrasiliaU_A125_304280,,,,,
2026-09-12T03:01:10-05:00,PUR_IED_BrasiliaU_A203_7c8ca5,PUR_IED_BrasiliaU_A203_7c8ca5,,,,,
2026-09-12T03:01:10-05:00,PUR_IED_BrasiliaU_Ext_8d6e9f,PUR_IED_BrasiliaU_Ext_8d6e9f,4,17,62,4.5175,-74.116302
2026-09-12T03:01:10-05:00,PUR_IED_Brasilia_Ext_fe6593,PUR_IED_Brasilia_Ext_fe6593,,,,,
2026-09-12T03:01:10-05:00,PUR_IED_Brasilia_S24_7c130d,PUR_IED_Brasilia_S24_7c130d,,,,,
2026-09-12T03:01:10-05:00,PUR_IED_Brasilia_S501_186a54,PUR_IED_Brasilia_S501_186a54,,,,,
2026-09-12T03:01:10-05:00,PUR_IED_CHARRY_EXT_f1d5cd,PUR_IED_CHARRY_EXT_f1d5cd,,,,,
2026-09-12T03:01:10-05:00,PUR_IED_CHARRY_INTDANZAS_7a08e6,PUR_IED_CHARRY_INTDANZAS_7a08e6,,,,,
2026-09-12T03:01:10-05:00,PUR_IED_CHARRY_INT_AULA20_dc998d,PUR_IED_CHARRY_INT_AULA20_dc998d,,,,,
2026-09-12T03:01:10-05:00,PUR_IED_COLVIV_1101_S25_7f520a,PUR_IED_COLVIV_1101_S25_7f520a,,,,,
2026-09-12T03:01:10-05:00,PUR_IED_COLVIV_1102_S16_f570ba,PUR_IED_COLVIV_1102_S16_f570ba,,,,,
2026-09-12T03:01:10-05:00,PUR_IED_COLVIV_Ext_1a26fa,PUR_IED_COLVIV_Ext_1a26fa,,,,,
2026-09-12T03:01:10-05:00,PUR_IED_CULPOP_301A_f660f3,PUR_IED_CULPOP_301A_f660f3,,,,,
2026-09-12T03:01:10-05:00,PUR_IED_CULPOP_303_568afe,PUR_IED_CULPOP_303_568afe,,,,,
2026-09-12T03:01:10-05:00,PUR_IED_CULPOP_Ext_e02ccb,PUR_IED_CULPOP_Ext_e02ccb,,,,,
2026-09-12T03:01:10-05:00,PUR_IED_CVillavicen_Ext_26eb58,PUR_IED_CVillavicen_Ext_26eb58,4,14,81,4.487,-74.102798
2026-09-12T03:01:10-05:00,PUR_IED_CVillavicen_Intel_1ce5c2,PUR_IED_CVillavicen_Intel_1ce5c2,,,,,
2026-09-12T03:01:10-05:00,PUR_IED_CVillavicen_Poliv_e0766c,PUR_IED_CVillavicen_Poliv_e0766c,,,,,
2026-09-12T03:01:10-05:00,PUR_IED_CVillavicen_int_1ba140,PUR_IED_CVillavicen_int_1ba140,,,,,
2026-09-12T03:01:10-05:00,PUR_IED_CVillavicen_intel_1ba140,PUR_IED_CVillavicen_intel_1ba140,,,,,
2026-09-12T03:01:10-05:00,PUR_IED_CarlosPizarro_Ext_e307cc,PUR_IED_CarlosPizarro_Ext_e307cc,,,,,
2026-09-12T03:01:10-05:00,PUR_IED_CarlosPizarro_L36_7e5cdb,PUR_IED_CarlosPizarro_L36_7e5cdb,,,,,
2026-09-12T03:01:10-05:00,PUR_IED_CarlosPizarro_L37_c8566c,PUR_IED_CarlosPizarro_L37_c8566c,,,,,
2026-09-12T03:01:10-05:00,PUR_IED_Castilla_Ext_cf35f,PUR_IED_Castilla_Ext_cf35f,,,,,
2026-09-12T03:01:10-05:00,PUR_IED_Castilla_SFisik_360e38,PUR_IED_Castilla_SFisik_360e38,,,,,
2026-09-12T03:01:10-05:00,PUR_IED_Castilla_Sc304_496fbf,PUR_IED_Castilla_Sc304_496fbf,,,,,
2026-09-12T03:01:10-05:00,PUR_IED_CervantesSa_Ext_6b57b,PUR_IED_CervantesSa_Ext_6b57b,2,17,67,4.5128,-74.117203
2026-09-12T03:01:10-05:00,PUR_IED_CervantesSa_S107_225c2b,PUR_IED_CervantesSa_S107_225c2b,,,,,
2026-09-12T03:01:10-05:00,PUR_IED_CervantesSa_S108_940925,PUR_IED_CervantesSa_S108_940925,,,,,
2026-09-12T03:01:10-05:00,PUR_IED_Charry_A20_f53e7c,PUR_IED_Charry_A20_f53e7c,,,,,
2026-09-12T03:01:10-05:00,PUR_IED_Charry_Ext_f1d5cd,PUR_IED_Charry_Ext_f1d5cd,,,,,
2026-09-12T03:01:10-05:00,PUR_IED_Charry_IntAula20_dc998d,PUR_IED_Charry_IntAula20_dc998d,,,,,
2026-09-12T03:01:10-05:00,PUR_IED_Charry_IntDanzas_7a08e6,PUR_IED_Charry_IntDanzas_7a08e6,,,,,
2026-09-12T03:01:10-05:00,PUR_IED_ClememciaC_203_43e2fc,PUR_IED_ClememciaC_203_43e2fc,,,,,
2026-09-12T03:01:10-05:00,PUR_IED_ClememciaC_Ext_1b411a,PUR_IED_ClememciaC_Ext_1b411a,,,,,
2026-09-12T03:01:10-05:00,PUR_IED_ClememciaC_Quimic_44b5fc,PUR_IED_ClememciaC_Quimic_44b5fc,,,,,
2026-09-12T03:01:10-05:00,PUR_IED_ClemenciaC_203_43e2fc,PUR_IED_ClemenciaC_203_43e2fc,,,,,
2026-09-12T03:01:10-05:00,PUR_IED_ClemenciaC_Ext_1b411a,PUR_IED_ClemenciaC_Ext_1b411a,,,,,
2026-09-12T03:01:10-05:00,PUR_IED_ClemenciaC_Quimic_44b5fc,PUR_IED_ClemenciaC_Quimic_44b5fc,,,,,
2026-09-12T03:01:10-05:00,PUR_IED_ColViva_1101_S25_7f520a,PUR_IED_ColViva_1101_S25_7f520a,,,,,
2026-09-12T03:01:10-05:00,PUR_IED_ColViva_1102_S16_f570ba,PUR_IED_ColViva_1102_S16_f570ba,,,,,
2026-09-12T03:01:10-05:00,PUR_IED_ColViva_Ext_1a26fa,PUR_IED_ColViva_Ext_1a26fa,,,,,
2026-09-12T03:01:10-05:00,PUR_IED_ColegioBici_Asist_7c8798,PUR_IED_ColegioBici_Asist_7c8798,,,,,
2026-09-12T03:01:10-05:00,PUR_IED_ColegioBici_Ext_25cbf6,PUR_IED_ColegioBici_Ext_25cbf6,,,,,
2026-09-12T03:01:10-05:00,PUR_IED_ColegioBici_LabQ_7b57db,PUR_IED_ColegioBici_LabQ_7b57db,,,,,
2026-09-12T03:01:10-05:00,PUR_IED_CostaRica_Ext_5e640,PUR_IED_CostaRica_Ext_5e640,,,,,
2026-09-12T03:01:10-05:00,PUR_IED_CostaRica_Quim1_766d1c,PUR_IED_CostaRica_Quim1_766d1c,,,,,
2026-09-12T03:01:10-05:00,PUR_IED_CostaRica__Fisica_6f0873,PUR_IED_CostaRica__Fisica_6f0873,,,,,
2026-09-12T03:01:10-05:00,PUR_IED_CulPopu_301A_f660f3,PUR_IED_CulPopu_301A_f660f3,,,,,
2026-09-12T03:01:10-05:00,PUR_IED_CulPopu_303_568afe,PUR_IED_CulPopu_303_568afe,,,,,
2026-09-12T03:01:10-05:00,PUR_IED_CulPopu_Ext_e02ccb,PUR_IED_CulPopu_Ext_e02ccb,,,,,
2026-09-12T03:01:10-05:00,PUR_IED_Cundinamarca_Ext_f15985,PUR_IED_Cundinamarca_Ext_f15985,,,,,
2026-09-12T03:01:10-05:00,PUR_IED_Cundinamarca_Info_7aa5d7,PUR_IED_Cundinamarca_Info_7aa5d7,,,,,
2026-09-12T03:01:10-05:00,PUR_IED_Cundinamarca_Tec2_f449c7,PUR_IED_Cundinamarca_Tec2_f449c7,,,,,
2026-09-12T03:01:10-05:00,PUR_IED_DiegoM_Aula1_27b314,PUR_IED_DiegoM_Aula1_27b314,,,,,
2026-09-12T03:01:10-05:00,PUR_IED_DiegoM_Ext_d80ac8,PUR_IED_DiegoM_Ext_d80ac8,,,,,
2026-09-12T03:01:10-05:00,PUR_IED_DiegoM_S25_da928f,PUR_IED_DiegoM_S25_da928f,,,,,
2026-09-12T03:01:10-05:00,PUR_IED_ELRODEO_360881,PUR_IED_ELRODEO_360881,,,,,
2026-09-12T03:01:10-05:00,PUR_IED_ELRODEO_ext_360881,PUR_IED_ELRODEO_ext_360881,,,,,
2026-09-12T03:01:10-05:00,PUR_IED_EduardoU_Ext_1c1969,PUR_IED_EduardoU_Ext_1c1969,,,,,
2026-09-12T03:01:10-05:00,PUR_IED_EduardoU_SCiencia_4dfb94,PUR_IED_EduardoU_SCiencia_4dfb94,,,,,
2026-09-12T03:01:10-05:00,PUR_IED_EduardoU_SQuimica_5a46e7,PUR_IED_EduardoU_SQuimica_5a46e7,,,,,
2026-09-12T03:01:10-05:00,PUR_IED_ElRodeo_Aula14_676984,PUR_IED_ElRodeo_Aula14_676984,,,,,
2026-09-12T03:01:10-05:00,PUR_IED_ElRodeo_Aula16_2dd35b,PUR_IED_ElRodeo_Aula16_2dd35b,,,,,
2026-09-12T03:01:10-05:00,PUR_IED_ElRodeo_Ext_360881,PUR_IED_ElRodeo_Ext_360881,,,,,
2026-09-12T03:01:10-05:00,PUR_IED_ElRodeo_Exterior_8c6d28,PUR_IED_ElRodeo_Exterior_8c6d28,,,,,
2026-09-12T03:01:10-05:00,PUR_IED_ElRodeo_ext_360881,PUR_IED_ElRodeo_ext_360881,,,,,
2026-09-12T03:01:10-05:00,PUR_IED_EmmaReyes_Ext_987625,PUR_IED_EmmaReyes_Ext_987625,13,21,53,4.6367,-74.1511
2026-09-12T03:01:10-05:00,PUR_IED_Ensueño_Ext_7f0250,PUR_IED_Ensueño_Ext_7f0250,,,,,
2026-09-12T03:01:10-05:00,PUR_IED_EscNormal_Ext_5fef3b,PUR_IED_EscNormal_Ext_5fef3b,2,18,61,4.5852,-74.096901
2026-09-12T03:01:10-05:00,PUR_IED_EscNormal_S309_5b263,PUR_IED_EscNormal_S309_5b263,,,,,
2026-09-12T03:01:10-05:00,PUR_IED_EscNormal_S310_27b3b8,PUR_IED_EscNormal_S310_27b3b8,,,,,
2026-09-12T03:01:10-05:00,PUR_IED_Evangelista_Conta_f6cd4f,PUR_IED_Evangelista_Conta_f6cd4f,,,,,
2026-09-12T03:01:10-05:00,PUR_IED_Evangelista_Cri_5e16a,PUR_IED_Evangelista_Cri_5e16a,,,,,
2026-09-12T03:01:10-05:00,PUR_IED_Evangelista_Exter_754066,PUR_IED_Evangelista_Exter_754066,,,,,
2026-09-12T03:01:10-05:00,PUR_IED_FMiranda_S209_5cc2a3,PUR_IED_FMiranda_S209_5cc2a3,,,,,
2026-09-12T03:01:10-05:00,PUR_IED_FMiranda_S303_19e344,PUR_IED_FMiranda_S303_19e344,,,,,
2026-09-12T03:01:10-05:00,PUR_IED_FMiranda_ext_f53e7c,PUR_IED_FMiranda_ext_f53e7c,,,,,
2026-09-12T03:01:10-05:00,PUR_IED_FabioLozano_Bibli_1cee05,PUR_IED_FabioLozano_Bibli_1cee05,,,,,
2026-09-12T03:01:10-05:00,PUR_IED_FabioLozano_Ext_6ea285,PUR_IED_FabioLozano_Ext_6ea285,,,,,
2026-09-12T03:01:10-05:00,PUR_IED_FabioLozano_SLudi_f09e1e,PUR_IED_FabioLozano_SLudi_f09e1e,,,,,
2026-09-12T03:01:10-05:00,PUR_IED_FaustinoS_Aula07_27a731,PUR_IED_FaustinoS_Aula07_27a731,,,,,
2026-09-12T03:01:10-05:00,PUR_IED_FaustinoS_Ext_7b936f,PUR_IED_FaustinoS_Ext_7b936f,,,,,
2026-09-12T03:01:10-05:00,PUR_IED_FaustinoS_Fisica_da2c60,PUR_IED_FaustinoS_Fisica_da2c60,,,,,
2026-09-12T03:01:10-05:00,PUR_IED_FeGarciaLo_Ext_dc68ee,PUR_IED_FeGarciaLo_Ext_dc68ee,,,,,
2026-09-12T03:01:10-05:00,PUR_IED_FeGarciaLo_SDanza_f70a59,PUR_IED_FeGarciaLo_SDanza_f70a59,,,,,
2026-09-12T03:01:10-05:00,PUR_IED_FeGarciaLo_SMusic_125cdd,PUR_IED_FeGarciaLo_SMusic_125cdd,,,,,
2026-09-12T03:01:10-05:00,PUR_IED_FederalAlema_Exte_50c345,PUR_IED_FederalAlema_Exte_50c345,,,,,
2026-09-12T03:01:10-05:00,PUR_IED_FederalAlema_S31_f18371,PUR_IED_FederalAlema_S31_f18371,,,,,
2026-09-12T03:01:10-05:00,PUR_IED_FederalAlema_S901_a62cd,PUR_IED_FederalAlema_S901_a62cd,,,,,
2026-09-12T03:01:10-05:00,PUR_IED_FilarmonicaS_A5_f35eb1,PUR_IED_FilarmonicaS_A5_f35eb1,,,,,
2026-09-12T03:01:10-05:00,PUR_IED_FilarmonicaS_Ext_8a3bde,PUR_IED_FilarmonicaS_Ext_8a3bde,,,,,
2026-09-12T03:01:10-05:00,PUR_IED_FilarmonicaS_Spol_406114,PUR_IED_FilarmonicaS_Spol_406114,,,,,
2026-09-12T03:01:10-05:00,PUR_IED_FlorentinoG_A13_d1fa59,PUR_IED_FlorentinoG_A13_d1fa59,,,,,
2026-09-12T03:01:10-05:00,PUR_IED_FlorentinoG_Ext_1ce6ce,PUR_IED_FlorentinoG_Ext_1ce6ce,,,,,
2026-09-12T03:01:10-05:00,PUR_IED_FlorentinoG_Idiom_a66aac,PUR_IED_FlorentinoG_Idiom_a66aac,,,,,
2026-09-12T03:01:10-05:00,PUR_IED_FranciscoMati_Ext_e3869d,PUR_IED_FranciscoMati_Ext_e3869d,,,,,
2026-09-12T03:01:10-05:00,PUR_IED_FranciscoMati_S13_f31c67,PUR_IED_FranciscoMati_S13_f31c67,,,,,
2026-09-12T03:01:10-05:00,PUR_IED_FranciscoMati_S14_97dead,PUR_IED_FranciscoMati_S14_97dead,,,,,
2026-09-12T03:01:10-05:00,PUR_IED_FranciscoPS_Ext_7bfa9a,PUR_IED_FranciscoPS_Ext_7bfa9a,5,20,58,4.5899,-74.110397
2026-09-12T03:01:10-05:00,PUR_IED_FranciscoPS_Infor_fb8f4c,PUR_IED_FranciscoPS_Infor_fb8f4c,,,,,
2026-09-12T03:01:10-05:00,PUR_IED_FranciscoPS_Quimi_94d39c,PUR_IED_FranciscoPS_Quimi_94d39c,,,,,
2026-09-12T03:01:10-05:00,PUR_IED_FranciscoP_LabQ_d7e148,PUR_IED_FranciscoP_LabQ_d7e148,,,,,
2026-09-12T03:01:10-05:00,PUR_IED_FranciscoP_S28_cf9b30,PUR_IED_FranciscoP_S28_cf9b30,,,,,
2026-09-12T03:01:10-05:00,PUR_IED_FranciscoP_ext_e2313,PUR_IED_FranciscoP_ext_e2313,,,,,
2026-09-12T03:01:10-05:00,PUR_IED_FriederichN_Ext_8ac92a,PUR_IED_FriederichN_Ext_8ac92a,,,,,
2026-09-12T03:01:10-05:00,PUR_IED_FriederichN_S301_dd7e5a,PUR_IED_FriederichN_S301_dd7e5a,,,,,
2026-09-12T03:01:10-05:00,PUR_IED_FriederichN_S308_761f4f,PUR_IED_FriederichN_S308_761f4f,,,,,
2026-09-12T03:01:10-05:00,PUR_IED_GSantander_Aula10_533dd7,PUR_IED_GSantander_Aula10_533dd7,,,,,
2026-09-12T03:01:10-05:00,PUR_IED_GSantander_Aula12_fd4e4f,PUR_IED_GSantander_Aula12_fd4e4f,,,,,
2026-09-12T03:01:10-05:00,PUR_IED_GSantander_Aula310_533dd7,PUR_IED_GSantander_Aula310_533dd7,,,,,
2026-09-12T03:01:10-05:00,PUR_IED_GSantander_Aula312_fd4e4f,PUR_IED_GSantander_Aula312_fd4e4f,,,,,
2026-09-12T03:01:10-05:00,PUR_IED_GSantander_Ext_5f66b0,PUR_IED_GSantander_Ext_5f66b0,,,,,
2026-09-12T03:01:10-05:00,PUR_IED_GYomasa_Ext_f6bea5,PUR_IED_GYomasa_Ext_f6bea5,,,,,
2026-09-12T03:01:10-05:00,PUR_IED_GYomasa_LBiol_2c41aa,PUR_IED_GYomasa_LBiol_2c41aa,,,,,
2026-09-12T03:01:10-05:00,PUR_IED_GYomasa_LQuim_33c80,PUR_IED_GYomasa_LQuim_33c80,,,,,
2026-09-12T03:01:10-05:00,PUR_IED_GabBetMejia_Cienc_5a99c,PUR_IED_GabBetMejia_Cienc_5a99c,,,,,
2026-09-12T03:01:10-05:00,PUR_IED_GabBetMejia_Ext_9153d0,PUR_IED_GabBetMejia_Ext_9153d0,,,,,
2026-09-12T03:01:10-05:00,PUR_IED_GabBetMejia_Lab_f55347,PUR_IED_GabBetMejia_Lab_f55347,,,,,
2026-09-12T03:01:10-05:00,PUR_IED_GabBetanMejia_Ext_9153d0,PUR_IED_GabBetanMejia_Ext_9153d0,,,,,
2026-09-12T03:01:10-05:00,PUR_IED_Gaitana_Aula13_7aac11,PUR_IED_Gaitana_Aula13_7aac11,,,,,
2026-09-12T03:01:10-05:00,PUR_IED_Gaitana_Ext_5fcf4,PUR_IED_Gaitana_Ext_5fcf4,,,,,
2026-09-12T03:01:10-05:00,PUR_IED_Gaitana_LabFisica_644448,PUR_IED_Gaitana_LabFisica_644448,,,,,
2026-09-12T03:01:10-05:00,PUR_IED_GenSantander_Dise_8ac858,PUR_IED_GenSantander_Dise_8ac858,,,,,
2026-09-12T03:01:10-05:00,PUR_IED_GenSantander_Ext_8d5dfe,PUR_IED_GenSantander_Ext_8d5dfe,,,,,
2026-09-12T03:01:10-05:00,PUR_IED_GenSantander_Info_6c25b,PUR_IED_GenSantander_Info_6c25b,,,,,
2026-09-12T03:01:10-05:00,PUR_IED_GustavoMo_Exterio_75e63d,PUR_IED_GustavoMo_Exterio_75e63d,,,,,
2026-09-12T03:01:10-05:00,PUR_IED_GustavoMo_LabFisi_224d37,PUR_IED_GustavoMo_LabFisi_224d37,,,,,
2026-09-12T03:01:10-05:00,PUR_IED_GustavoMo_S208_3e6918,PUR_IED_GustavoMo_S208_3e6918,,,,,
2026-09-12T03:01:10-05:00,PUR_IED_GustavoR_A02_8cd4a8,PUR_IED_GustavoR_A02_8cd4a8,,,,,
2026-09-12T03:01:10-05:00,PUR_IED_GustavoR_B11_5b0ed,PUR_IED_GustavoR_B11_5b0ed,,,,,
2026-09-12T03:01:10-05:00,PUR_IED_GustavoR_Ext_7a0c90,PUR_IED_GustavoR_Ext_7a0c90,,,,,
2026-09-12T03:01:10-05:00,PUR_IED_HernandoDuran_Ext_8cd82b,PUR_IED_HernandoDuran_Ext_8cd82b,,,,,
2026-09-12T03:01:10-05:00,PUR_IED_HernandoDuran_S24_2772c6,PUR_IED_HernandoDuran_S24_2772c6,,,,,
2026-09-12T03:01:10-05:00,PUR_IED_HernandoDuran_S30_f2de41,PUR_IED_HernandoDuran_S30_f2de41,,,,,
2026-09-12T03:01:10-05:00,PUR_IED_HolguInUr_S1101_8cd732,PUR_IED_HolguInUr_S1101_8cd732,,,,,
2026-09-12T03:01:10-05:00,PUR_IED_HolguinUr_Exter_ddae6d,PUR_IED_HolguinUr_Exter_ddae6d,,,,,
2026-09-12T03:01:10-05:00,PUR_IED_HolguinUr_LabQuim_92b952,PUR_IED_HolguinUr_LabQuim_92b952,,,,,
2026-09-12T03:01:10-05:00,PUR_IED_Isabel-II_Ext_5245cc,PUR_IED_Isabel-II_Ext_5245cc,9,19,59,4.6336,-74.153
2026-09-12T03:01:10-05:00,PUR_IED_Isabel-II_S_idiom_1c29aa,PUR_IED_Isabel-II_S_idiom_1c29aa,,,,,
2026-09-12T03:01:10-05:00,PUR_IED_Isabel-II_S_infor_fd741,PUR_IED_Isabel-II_S_infor_fd741,,,,,
2026-09-12T03:01:10-05:00,PUR_IED_IsidroSur_Exterio_5b90ea,PUR_IED_IsidroSur_Exterio_5b90ea,,,,,
2026-09-12T03:01:10-05:00,PUR_IED_IsidroSur_LabTec_56697a,PUR_IED_IsidroSur_LabTec_56697a,,,,,
2026-09-12T03:01:10-05:00,PUR_IED_IsidroSur_Robotic_b7c38f,PUR_IED_IsidroSur_Robotic_b7c38f,,,,,
2026-09-12T03:01:10-05:00,PUR_IED_IsmaelPerd_Ext_7b6672,PUR_IED_IsmaelPerd_Ext_7b6672,,,,,
2026-09-12T03:01:10-05:00,PUR_IED_IsmaelPerd_Inform_306540,PUR_IED_IsmaelPerd_Inform_306540,,,,,
2026-09-12T03:01:10-05:00,PUR_IED_IsmaelPerd_S30_2e2c83,PUR_IED_IsmaelPerd_S30_2e2c83,,,,,
2026-09-12T03:01:10-05:00,PUR_IED_JLozano_Exter_432910,PUR_IED_JLozano_Exter_432910,,,,,
2026-09-12T03:01:10-05:00,PUR_IED_JLozano_salaMulti_df5125,PUR_IED_JLozano_salaMulti_df5125,,,,,
2026-09-12T03:01:10-05:00,PUR_IED_JMCordoba_206_86f80b,PUR_IED_JMCordoba_206_86f80b,,,,,
2026-09-12T03:01:10-05:00,PUR_IED_JMCordoba_Ext_27ad97,PUR_IED_JMCordoba_Ext_27ad97,,,,,
2026-09-12T03:01:10-05:00,PUR_IED_JMCordoba_S310_d59ab4,PUR_IED_JMCordoba_S310_d59ab4,,,,,
2026-09-12T03:01:10-05:00,PUR_IED_Japon_Ext_549100,PUR_IED_Japon_Ext_549100,,,,,
2026-09-12T03:01:10-05:00,PUR_IED_Japon_Laboratorio_bec51d,PUR_IED_Japon_Laboratorio_bec51d,,,,,
2026-09-12T03:01:10-05:00,PUR_IED_Japon_informatica_d99327,PUR_IED_Japon_informatica_d99327,,,,,
2026-09-12T03:01:10-05:00,PUR_IED_Jazmin_Ext_d27bda,PUR_IED_Jazmin_Ext_d27bda,,,,,
2026-09-12T03:01:10-05:00,PUR_IED_Jazmin_Fisica_8d14d7,PUR_IED_Jazmin_Fisica_8d14d7,,,,,
2026-09-12T03:01:10-05:00,PUR_IED_Jazmin_Quimica_801cb5,PUR_IED_Jazmin_Quimica_801cb5,,,,,
2026-09-12T03:01:10-05:00,PUR_IED_JorgeGaitan_Exter_f098d1,PUR_IED_JorgeGaitan_Exter_f098d1,,,,,
2026-09-12T03:01:10-05:00,PUR_IED_JorgeGaitan_STec1_dc9d1d,PUR_IED_JorgeGaitan_STec1_dc9d1d,,,,,
2026-09-12T03:01:10-05:00,PUR_IED_JorgeGaitan_STec2_281e69,PUR_IED_JorgeGaitan_STec2_281e69,,,,,
2026-09-12T03:01:10-05:00,PUR_IED_JorgeSoto_Exterio_d9d0a2,PUR_IED_JorgeSoto_Exterio_d9d0a2,,,,,
2026-09-12T03:01:10-05:00,PUR_IED_JorgeSoto_LabFisi_209c54,PUR_IED_JorgeSoto_LabFisi_209c54,,,,,
2026-09-12T03:01:10-05:00,PUR_IED_JorgeSoto_S103_27b51a,PUR_IED_JorgeSoto_S103_27b51a,,,,,
2026-09-12T03:01:10-05:00,PUR_IED_JoseAcevedo_A02_e965eb,PUR_IED_JoseAcevedo_A02_e965eb,,,,,
2026-09-12T03:01:10-05:00,PUR_IED_JoseAcevedo_A07_dd5b4,PUR_IED_JoseAcevedo_A07_dd5b4,,,,,
2026-09-12T03:01:10-05:00,PUR_IED_JoseAcevedo_Ext_b47484,PUR_IED_JoseAcevedo_Ext_b47484,,,,,
2026-09-12T03:01:10-05:00,PUR_IED_JoseMarti_Exte_5b9bf,PUR_IED_JoseMarti_Exte_5b9bf,,,,,
2026-09-12T03:01:10-05:00,PUR_IED_JoseMarti_LabQuim_1c6c2d,PUR_IED_JoseMarti_LabQuim_1c6c2d,,,,,
2026-09-12T03:01:10-05:00,PUR_IED_JoseMarti_S_info_f5f177,PUR_IED_JoseMarti_S_info_f5f177,,,,,
2026-09-12T03:01:10-05:00,PUR_IED_Josejoaquin_Ext_dfc5dc,PUR_IED_Josejoaquin_Ext_dfc5dc,,,,,
2026-09-12T03:01:10-05:00,PUR_IED_Josejoaquin_S05_5b2a96,PUR_IED_Josejoaquin_S05_5b2a96,,,,,
2026-09-12T03:01:10-05:00,PUR_IED_Josejoaquin_S06_1ce7d2,PUR_IED_Josejoaquin_S06_1ce7d2,,,,,
2026-09-12T03:01:10-05:00,PUR_IED_JulioFlorez_Danza_9b82dd,PUR_IED_JulioFlorez_Danza_9b82dd,,,,,
2026-09-12T03:01:10-05:00,PUR_IED_JulioFlorez_Exter_f9f314,PUR_IED_JulioFlorez_Exter_f9f314,,,,,
2026-09-12T03:01:10-05:00,PUR_IED_JulioFlorez_info2_6b6e08,PUR_IED_JulioFlorez_info2_6b6e08,,,,,
2026-09-12T03:01:10-05:00,PUR_IED_LaBelleza_Aula13_1d00d8,PUR_IED_LaBelleza_Aula13_1d00d8,,,,,
2026-09-12T03:01:10-05:00,PUR_IED_LaBelleza_Ext_7bc08c,PUR_IED_LaBelleza_Ext_7bc08c,,,,,
2026-09-12T03:01:10-05:00,PUR_IED_LaChucua_Ext_8cd6d2,PUR_IED_LaChucua_Ext_8cd6d2,,,,,
2026-09-12T03:01:10-05:00,PUR_IED_LaChucua_S15_f578ce,PUR_IED_LaChucua_S15_f578ce,,,,,
2026-09-12T03:01:10-05:00,PUR_IED_LaChucua_S16_eebcf9,PUR_IED_LaChucua_S16_eebcf9,,,,,
2026-09-12T03:01:10-05:00,PUR_IED_LaFelicidad_Ext_fb5109,PUR_IED_LaFelicidad_Ext_fb5109,,,,,
2026-09-12T03:01:10-05:00,PUR_IED_LaMerced_206_66ebd,PUR_IED_LaMerced_206_66ebd,,,,,
2026-09-12T03:01:10-05:00,PUR_IED_LaMerced_207_6ebd6,PUR_IED_LaMerced_207_6ebd6,,,,,
2026-09-12T03:01:10-05:00,PUR_IED_LaMerced_ext_304311,PUR_IED_LaMerced_ext_304311,,,,,
2026-09-12T03:01:10-05:00,PUR_IED_Laureano_CiencNat_281e5e,PUR_IED_Laureano_CiencNat_281e5e,,,,,
2026-09-12T03:01:10-05:00,PUR_IED_Laureano_Comedor_f65c0a,PUR_IED_Laureano_Comedor_f65c0a,,,,,
2026-09-12T03:01:10-05:00,PUR_IED_Laureano_Exterior_7ab011,PUR_IED_Laureano_Exterior_7ab011,,,,,
2026-09-12T03:01:10-05:00,PUR_IED_LeonGreiff_Exte_dfe560,PUR_IED_LeonGreiff_Exte_dfe560,,,,,
2026-09-12T03:01:10-05:00,PUR_IED_LeonGreiff_S210_f264ed,PUR_IED_LeonGreiff_S210_f264ed,,,,,
2026-09-12T03:01:10-05:00,PUR_IED_LeonGreiff_SQuimi_e8296f,PUR_IED_LeonGreiff_SQuimi_e8296f,,,,,
2026-09-12T03:01:10-05:00,PUR_IED_LlanoOrientalS208_7b9fcd,PUR_IED_LlanoOrientalS208_7b9fcd,,,,,
2026-09-12T03:01:10-05:00,PUR_IED_LlanoOriental_Ext_fb3766,PUR_IED_LlanoOriental_Ext_fb3766,,,,,
2026-09-12T03:01:10-05:00,PUR_IED_LlanoOriental_S208_7b9fcd,PUR_IED_LlanoOriental_S208_7b9fcd,,,,,
2026-09-12T03:01:10-05:00,PUR_IED_LlanoOriental_S9_27b378,PUR_IED_LlanoOriental_S9_27b378,,,,,
2026-09-12T03:01:10-05:00,PUR_IED_LosTejares_1101_477602,PUR_IED_LosTejares_1101_477602,,,,,
2026-09-12T03:01:10-05:00,PUR_IED_LosTejares_11_d2c595,PUR_IED_LosTejares_11_d2c595,,,,,
2026-09-12T03:01:10-05:00,PUR_IED_LosTejares_12_477602,PUR_IED_LosTejares_12_477602,,,,,
2026-09-12T03:01:10-05:00,PUR_IED_LosTejares_Ext_8e2115,PUR_IED_LosTejares_Ext_8e2115,,,,,
2026-09-12T03:01:10-05:00,PUR_IED_MagdalenaO_B202_5ddda3,PUR_IED_MagdalenaO_B202_5ddda3,,,,,
2026-09-12T03:01:10-05:00,PUR_IED_MagdalenaO_B205_fb76e8,PUR_IED_MagdalenaO_B205_fb76e8,,,,,
2026-09-12T03:01:10-05:00,PUR_IED_MagdalenaO_ext_dc69cd,PUR_IED_MagdalenaO_ext_dc69cd,,,,,
2026-09-12T03:01:10-05:00,PUR_IED_ManueCepeda_artes_eee956,PUR_IED_ManueCepeda_artes_eee956,,,,,
2026-09-12T03:01:10-05:00,PUR_IED_ManuelCepeda_Ext_58313,PUR_IED_ManuelCepeda_Ext_58313,,,,,
2026-09-12T03:01:10-05:00,PUR_IED_ManuelCepeda_tec_1c5731,PUR_IED_ManuelCepeda_tec_1c5731,,,,,
2026-09-12T03:01:10-05:00,PUR_IED_ManuelS_Exterior_5b269,PUR_IED_ManuelS_Exterior_5b269,,,,,
2026-09-12T03:01:10-05:00,PUR_IED_ManuelS_Inform_f369ce,PUR_IED_ManuelS_Inform_f369ce,,,,,
2026-09-12T03:01:10-05:00,PUR_IED_ManuelS_SArtes_7d15f1,PUR_IED_ManuelS_SArtes_7d15f1,,,,,
2026-09-12T03:01:10-05:00,PUR_IED_ManuelZapata_303_3ca6,PUR_IED_ManuelZapata_303_3ca6,,,,,
2026-09-12T03:01:10-05:00,PUR_IED_ManuelZapata_311_bfbabc,PUR_IED_ManuelZapata_311_bfbabc,,,,,
2026-09-12T03:01:10-05:00,PUR_IED_ManuelZapata_Ext_50824a,PUR_IED_ManuelZapata_Ext_50824a,,,,,
2026-09-12T03:01:10-05:00,PUR_IED_ManuelitaS_Exteri_656a92,PUR_IED_ManuelitaS_Exteri_656a92,,,,,
2026-09-12T03:01:10-05:00,PUR_IED_ManuelitaS_JuzgDe_f58ec3,PUR_IED_ManuelitaS_JuzgDe_f58ec3,,,,,
2026-09-12T03:01:10-05:00,PUR_IED_ManuelitaS_Recrea_d793db,PUR_IED_ManuelitaS_Recrea_d793db,,,,,
2026-09-12T03:01:10-05:00,PUR_IED_MarFidSuarez_Ext_c27b19,PUR_IED_MarFidSuarez_Ext_c27b19,,,,,
2026-09-12T03:01:10-05:00,PUR_IED_MarFidSuarez_Info_e384d7,PUR_IED_MarFidSuarez_Info_e384d7,,,,,
2026-09-12T03:01:10-05:00,PUR_IED_MarFidSuarez_S306_1d0032,PUR_IED_MarFidSuarez_S306_1d0032,,,,,
2026-09-12T03:01:10-05:00,PUR_IED_Menorah_301_2a25a3,PUR_IED_Menorah_301_2a25a3,,,,,
2026-09-12T03:01:10-05:00,PUR_IED_Menorah_306_37ed3,PUR_IED_Menorah_306_37ed3,,,,,
2026-09-12T03:01:10-05:00,PUR_IED_Menorah_Ext_3e155b,PUR_IED_Menorah_Ext_3e155b,,,,,
2026-09-12T03:01:10-05:00,PUR_IED_MinutoB.Aires_A11_1b1604,PUR_IED_MinutoB.Aires_A11_1b1604,,,,,
2026-09-12T03:01:10-05:00,PUR_IED_MinutoB.Aires_A12_fb5860,PUR_IED_MinutoB.Aires_A12_fb5860,,,,,
2026-09-12T03:01:10-05:00,PUR_IED_MinutoB.Aires_Ext_81293f,PUR_IED_MinutoB.Aires_Ext_81293f,,,,,
2026-09-12T03:01:10-05:00,PUR_IED_MinutoBAires_A11_1b1604,PUR_IED_MinutoBAires_A11_1b1604,,,,,
2026-09-12T03:01:10-05:00,PUR_IED_MinutoBAires_A12_fb5860,PUR_IED_MinutoBAires_A12_fb5860,,,,,
2026-09-12T03:01:10-05:00,PUR_IED_MinutoBAires_Ext_81293f,PUR_IED_MinutoBAires_Ext_81293f,,,,,
2026-09-12T03:01:10-05:00,PUR_IED_Montreal_Aula10_1e4959,PUR_IED_Montreal_Aula10_1e4959,,,,,
2026-09-12T03:01:10-05:00,PUR_IED_Montreal_Aula6_300367,PUR_IED_Montreal_Aula6_300367,,,,,
2026-09-12T03:01:10-05:00,PUR_IED_Montreal_Exterior_91a179,PUR_IED_Montreal_Exterior_91a179,,,,,
2026-09-12T03:01:10-05:00,PUR_IED_Mqgdalena_B202_5ddda3,PUR_IED_Mqgdalena_B202_5ddda3,,,,,
2026-09-12T03:01:10-05:00,PUR_IED_NACUND_Soc_dc8728,PUR_IED_NACUND_Soc_dc8728,,,,,
2026-09-12T03:01:10-05:00,PUR_IED_NACUND_ext_27ad97,PUR_IED_NACUND_ext_27ad97,,,,,
2026-09-12T03:01:10-05:00,PUR_IED_NEsperanza_Ext_d24b61,PUR_IED_NEsperanza_Ext_d24b61,,,,,
2026-09-12T03:01:10-05:00,PUR_IED_NEsperanza_SElect_7d1807,PUR_IED_NEsperanza_SElect_7d1807,,,,,
2026-09-12T03:01:10-05:00,PUR_IED_NEsperanza_SLabor_8b2d0a,PUR_IED_NEsperanza_SLabor_8b2d0a,,,,,
2026-09-12T03:01:10-05:00,PUR_IED_NacionesU_Ext_f661a9,PUR_IED_NacionesU_Ext_f661a9,,,,,
2026-09-12T03:01:10-05:00,PUR_IED_NacionesU_Quimica_66f0a,PUR_IED_NacionesU_Quimica_66f0a,,,,,
2026-09-12T03:01:10-05:00,PUR_IED_NacionesU_S306_1b4b3d,PUR_IED_NacionesU_S306_1b4b3d,,,,,
2026-09-12T03:01:10-05:00,PUR_IED_NestorFA_Ext_e4201c,PUR_IED_NestorFA_Ext_e4201c,,,,,
2026-09-12T03:01:10-05:00,PUR_IED_NestorFA_Laborato_f22fe0,PUR_IED_NestorFA_Laborato_f22fe0,,,,,
2026-09-12T03:01:10-05:00,PUR_IED_NestorFA_S204_dee996,PUR_IED_NestorFA_S204_dee996,,,,,
2026-09-12T03:01:10-05:00,PUR_IED_NidyaQT_Aula03_76999b,PUR_IED_NidyaQT_Aula03_76999b,,,,,
2026-09-12T03:01:10-05:00,PUR_IED_NidyaQT_Aula10_56325,PUR_IED_NidyaQT_Aula10_56325,,,,,
2026-09-12T03:01:10-05:00,PUR_IED_NidyaQT_Ext_46e32d,PUR_IED_NidyaQT_Ext_46e32d,,,,,
2026-09-12T03:01:10-05:00,PUR_IED_NuevaCol_Exterior_d9b859,PUR_IED_NuevaCol_Exterior_d9b859,,,,,
2026-09-12T03:01:10-05:00,PUR_IED_NuevaCol_S1101_76c43b,PUR_IED_NuevaCol_S1101_76c43b,,,,,
2026-09-12T03:01:10-05:00,PUR_IED_NuevaCol_S1102_1ce0b5,PUR_IED_NuevaCol_S1102_1ce0b5,,,,,
2026-09-12T03:01:10-05:00,PUR_IED_OEA_A202_f7e3f2,PUR_IED_OEA_A202_f7e3f2,,,,,
2026-09-12T03:01:10-05:00,PUR_IED_OEA_A203_7d1b8d,PUR_IED_OEA_A203_7d1b8d,,,,,
2026-09-12T03:01:10-05:00,PUR_IED_OEA_Ext_27b593,PUR_IED_OEA_Ext_27b593,,,,,
2026-09-12T03:01:10-05:00,PUR_IED_Ochoa_Ext_1c29da,PUR_IED_Ochoa_Ext_1c29da,4,15,95,4.503,-74.107201
2026-09-12T03:01:10-05:00,PUR_IED_Ochoa_S205_8b1121,PUR_IED_Ochoa_S205_8b1121,,,,,
2026-09-12T03:01:10-05:00,PUR_IED_Ochoa_Sistemas_f33af6,PUR_IED_Ochoa_Sistemas_f33af6,,,,,
2026-09-12T03:01:10-05:00,PUR_IED_PQuebec_Ext_1c67c7,PUR_IED_PQuebec_Ext_1c67c7,,,,,
2026-09-12T03:01:10-05:00,PUR_IED_PQuebec_S15_23e8e2,PUR_IED_PQuebec_S15_23e8e2,,,,,
2026-09-12T03:01:10-05:00,PUR_IED_PQuebec_S16_8ec76b,PUR_IED_PQuebec_S16_8ec76b,,,,,
2026-09-12T03:01:10-05:00,PUR_IED_PabloN_Ext_49dc96,PUR_IED_PabloN_Ext_49dc96,,,,,
2026-09-12T03:01:10-05:00,PUR_IED_PabloN_S1102_4e3df5,PUR_IED_PabloN_S1102_4e3df5,,,,,
2026-09-12T03:01:10-05:00,PUR_IED_PabloN_S1103_50c94b,PUR_IED_PabloN_S1103_50c94b,,,,,
2026-09-12T03:01:10-05:00,PUR_IED_Palestina_S1101_db9198,PUR_IED_Palestina_S1101_db9198,,,,,
2026-09-12T03:01:10-05:00,PUR_IED_Palestina_S1102_dc54fa,PUR_IED_Palestina_S1102_dc54fa,,,,,
2026-09-12T03:01:10-05:00,PUR_IED_Palestina_ext_4ccce6,PUR_IED_Palestina_ext_4ccce6,,,,,
2026-09-12T03:01:10-05:00,PUR_IED_Panama_Fisica_4d0794,PUR_IED_Panama_Fisica_4d0794,,,,,
2026-09-12T03:01:10-05:00,PUR_IED_Panama_SIngles_a4077e,PUR_IED_Panama_SIngles_a4077e,,,,,
2026-09-12T03:01:10-05:00,PUR_IED_Panama_ext_4c54b4,PUR_IED_Panama_ext_4c54b4,,,,,
2026-09-12T03:01:10-05:00,PUR_IED_ParaisoM_Exterior_8cd7f0,PUR_IED_ParaisoM_Exterior_8cd7f0,,,,,
2026-09-12T03:01:10-05:00,PUR_IED_ParaisoM_Laborato_27af35,PUR_IED_ParaisoM_Laborato_27af35,,,,,
2026-09-12T03:01:10-05:00,PUR_IED_ParaisoM_S304_d1edca,PUR_IED_ParaisoM_S304_d1edca,,,,,
2026-09-12T03:01:10-05:00,PUR_IED_PorfirioBarba_Ext_301466,PUR_IED_PorfirioBarba_Ext_301466,,,,,
2026-09-12T03:01:10-05:00,PUR_IED_PorfirioBarba_S11_df6cd2,PUR_IED_PorfirioBarba_S11_df6cd2,,,,,
2026-09-12T03:01:10-05:00,PUR_IED_PorfirioBarba_S29_27a7d6,PUR_IED_PorfirioBarba_S29_27a7d6,,,,,
2026-09-12T03:01:10-05:00,PUR_IED_PradoV_Exter_8b27ad,PUR_IED_PradoV_Exter_8b27ad,,,,,
2026-09-12T03:01:10-05:00,PUR_IED_PradoV_S301_de65b5,PUR_IED_PradoV_S301_de65b5,,,,,
2026-09-12T03:01:10-05:00,PUR_IED_PradoV_S302_7d2593,PUR_IED_PradoV_S302_7d2593,,,,,
2026-09-12T03:01:10-05:00,PUR_IED_QuirogaAlz_Ext_1ddc82,PUR_IED_QuirogaAlz_Ext_1ddc82,,,,,
2026-09-12T03:01:10-05:00,PUR_IED_QuirogaAlz_S302_9926a3,PUR_IED_QuirogaAlz_S302_9926a3,,,,,
2026-09-12T03:01:10-05:00,PUR_IED_QuirogaAlz_S305_cdf1f1,PUR_IED_QuirogaAlz_S305_cdf1f1,,,,,
2026-09-12T03:01:10-05:00,PUR_IED_RGuatemala_Biling_dc53b7,PUR_IED_RGuatemala_Biling_dc53b7,,,,,
2026-09-12T03:01:10-05:00,PUR_IED_RGuatemala_Ext_1b89a3,PUR_IED_RGuatemala_Ext_1b89a3,,,,,
2026-09-12T03:01:10-05:00,PUR_IED_RGuatemala_Tecnol_281a34,PUR_IED_RGuatemala_Tecnol_281a34,,,,,
2026-09-12T03:01:10-05:00,PUR_IED_RafaNu_Ext_f7c302,PUR_IED_RafaNu_Ext_f7c302,,,,,
2026-09-12T03:01:10-05:00,PUR_IED_RafaNu_S1101_25fde,PUR_IED_RafaNu_S1101_25fde,,,,,
2026-09-12T03:01:10-05:00,PUR_IED_RafaNu_S1102_281517,PUR_IED_RafaNu_S1102_281517,,,,,
2026-09-12T03:01:10-05:00,PUR_IED_RafaelB_S305_ee2783,PUR_IED_RafaelB_S305_ee2783,,,,,
2026-09-12T03:01:10-05:00,PUR_IED_RafaelB_S306_75fe33,PUR_IED_RafaelB_S306_75fe33,,,,,
2026-09-12T03:01:10-05:00,PUR_IED_RafaelB_ext_283336,PUR_IED_RafaelB_ext_283336,3,18,59,4.6722,-74.0737
2026-09-12T03:01:10-05:00,PUR_IED_RafaelUU_Exterior_281a51,PUR_IED_RafaelUU_Exterior_281a51,,,,,
2026-09-12T03:01:10-05:00,PUR_IED_RafaelUU_Human_806b2,PUR_IED_RafaelUU_Human_806b2,,,,,
2026-09-12T03:01:10-05:00,PUR_IED_RafaelUU_Mate2_5680d4,PUR_IED_RafaelUU_Mate2_5680d4,,,,,
2026-09-12T03:01:10-05:00,PUR_IED_RamonSub_Ext_f9eeb9,PUR_IED_RamonSub_Ext_f9eeb9,,,,,
2026-09-12T03:01:10-05:00,PUR_IED_RamonSub_Media_d1f62f,PUR_IED_RamonSub_Media_d1f62f,,,,,
2026-09-12T03:01:10-05:00,PUR_IED_RamonSub_planta_51b82,PUR_IED_RamonSub_planta_51b82,,,,,
2026-09-12T03:01:10-05:00,PUR_IED_RepBoliVene_Exter_27af7c,PUR_IED_RepBoliVene_Exter_27af7c,,,,,
2026-09-12T03:01:10-05:00,PUR_IED_RepBoliVene_SCPT_5ae2ee,PUR_IED_RepBoliVene_SCPT_5ae2ee,,,,,
2026-09-12T03:01:10-05:00,PUR_IED_RepBoliVene_Socia_4b11d5,PUR_IED_RepBoliVene_Socia_4b11d5,,,,,
2026-09-12T03:01:10-05:00,PUR_IED_RepChina_Ext_76d9ee,PUR_IED_RepChina_Ext_76d9ee,,,,,
2026-09-12T03:01:10-05:00,PUR_IED_RepChina_S404_7c804c,PUR_IED_RepChina_S404_7c804c,,,,,
2026-09-12T03:01:10-05:00,PUR_IED_RepChina_S405_df2c33,PUR_IED_RepChina_S405_df2c33,,,,,
2026-09-12T03:01:10-05:00,PUR_IED_RepublicaC_Exteri_7d1ec9,PUR_IED_RepublicaC_Exteri_7d1ec9,,,,,
2026-09-12T03:01:10-05:00,PUR_IED_RepublicaC_S1101_f544b3,PUR_IED_RepublicaC_S1101_f544b3,,,,,
2026-09-12T03:01:10-05:00,PUR_IED_RepublicaC_S1102_7aafc7,PUR_IED_RepublicaC_S1102_7aafc7,,,,,
2026-09-12T03:01:10-05:00,PUR_IED_Ricaurte_Externo_a0ea1,PUR_IED_Ricaurte_Externo_a0ea1,,,,,
2026-09-12T03:01:10-05:00,PUR_IED_Ricaurte_S210_f546fd,PUR_IED_Ricaurte_S210_f546fd,,,,,
2026-09-12T03:01:10-05:00,PUR_IED_Ricaurte_S309_d4452,PUR_IED_Ricaurte_S309_d4452,,,,,
2026-09-12T03:01:10-05:00,PUR_IED_RogelioS_1102_531e69,PUR_IED_RogelioS_1102_531e69,,,,,
2026-09-12T03:01:10-05:00,PUR_IED_RogelioS_Ext_f25a18,PUR_IED_RogelioS_Ext_f25a18,,,,,
2026-09-12T03:01:10-05:00,PUR_IED_SBernardino_Ext_27aff8,PUR_IED_SBernardino_Ext_27aff8,,,,,
2026-09-12T03:01:10-05:00,PUR_IED_SBernardino_SArte_2ffd33,PUR_IED_SBernardino_SArte_2ffd33,,,,,
2026-09-12T03:01:10-05:00,PUR_IED_SBernardino_SIngl_7c7da5,PUR_IED_SBernardino_SIngl_7c7da5,,,,,
2026-09-12T03:01:10-05:00,PUR_IED_Sago_auditorio_dc9d1d,PUR_IED_Sago_auditorio_dc9d1d,,,,,
2026-09-12T03:01:10-05:00,PUR_IED_Saludcoop_Ext_95aac3,PUR_IED_Saludcoop_Ext_95aac3,,,,,
2026-09-12T03:01:10-05:00,PUR_IED_Saludcoop_InfI_90c854,PUR_IED_Saludcoop_InfI_90c854,,,,,
2026-09-12T03:01:10-05:00,PUR_IED_Saludcoop_SMedia_1b93be,PUR_IED_Saludcoop_SMedia_1b93be,,,,,
2026-09-12T03:01:10-05:00,PUR_IED_SanCarlos_1101_1a2360,PUR_IED_SanCarlos_1101_1a2360,,,,,
2026-09-12T03:01:10-05:00,PUR_IED_SanCarlos_1103_7bafb5,PUR_IED_SanCarlos_1103_7bafb5,,,,,
2026-09-12T03:01:10-05:00,PUR_IED_SanCarlos_Ext_b7cd1,PUR_IED_SanCarlos_Ext_b7cd1,,,,,
2026-09-12T03:01:10-05:00,PUR_IED_SanIgnacioBosa11a_50c26e,PUR_IED_SanIgnacioBosa11a_50c26e,,,,,
2026-09-12T03:01:10-05:00,PUR_IED_SanIgnacioBosa11b_371de8,PUR_IED_SanIgnacioBosa11b_371de8,,,,,
2026-09-12T03:01:10-05:00,PUR_IED_SanIgnacioBosaExt_ef0ffc,PUR_IED_SanIgnacioBosaExt_ef0ffc,,,,,
2026-09-12T03:01:10-05:00,PUR_IED_SanIgnacioBosa_11a_50c26e,PUR_IED_SanIgnacioBosa_11a_50c26e,,,,,
2026-09-12T03:01:10-05:00,PUR_IED_SanIgnacioBosa_Ext_ef0ffc,PUR_IED_SanIgnacioBosa_Ext_ef0ffc,,,,,
2026-09-12T03:01:10-05:00,PUR_IED_SanJoseN_intS1101_31c47f,PUR_IED_SanJoseN_intS1101_31c47f,,,,,
2026-09-12T03:01:10-05:00,PUR_IED_SanJoseUsm_Exter_f5d7e8,PUR_IED_SanJoseUsm_Exter_f5d7e8,,,,,
2026-09-12T03:01:10-05:00,PUR_IED_SanJoseUsm_Int11A_cfdef6,PUR_IED_SanJoseUsm_Int11A_cfdef6,,,,,
2026-09-12T03:01:10-05:00,PUR_IED_SilveriaR_IntB5_905349,PUR_IED_SilveriaR_IntB5_905349,,,,,
2026-09-12T03:01:10-05:00,PUR_IED_SilveriaR_IntSD14_981f93,PUR_IED_SilveriaR_IntSD14_981f93,,,,,
2026-09-12T03:01:10-05:00,PUR_IED_SilveriaR_ext_2b651d,PUR_IED_SilveriaR_ext_2b651d,,,,,
2026-09-12T03:01:10-05:00,PUR_IED_SimonB_Exterior_913975,PUR_IED_SimonB_Exterior_913975,,,,,
2026-09-12T03:01:10-05:00,PUR_IED_SimonB_LabQuimi_c56908,PUR_IED_SimonB_LabQuimi_c56908,,,,,
2026-09-12T03:01:10-05:00,PUR_IED_SimonB_informatic_a28c1,PUR_IED_SimonB_informatic_a28c1,,,,,
2026-09-12T03:01:10-05:00,PUR_IED_Sorrento_1102_315f50,PUR_IED_Sorrento_1102_315f50,,,,,
2026-09-12T03:01:10-05:00,PUR_IED_Sorrento_Minte_214eab,PUR_IED_Sorrento_Minte_214eab,,,,,
2026-09-12T03:01:10-05:00,PUR_IED_Sorrento_ext_7c3a0a,PUR_IED_Sorrento_ext_7c3a0a,,,,,
2026-09-12T03:01:10-05:00,PUR_IED_Tabora_Ext_f048ae,PUR_IED_Tabora_Ext_f048ae,,,,,
2026-09-12T03:01:10-05:00,PUR_IED_Tabora_S1102_b07752,PUR_IED_Tabora_S1102_b07752,,,,,
2026-09-12T03:01:10-05:00,PUR_IED_Tabora_S1103_d988f5,PUR_IED_Tabora_S1103_d988f5,,,,,
2026-09-12T03:01:10-05:00,PUR_IED_Tenerife_Ext_1ab188,PUR_IED_Tenerife_Ext_1ab188,,,,,
2026-09-12T03:01:10-05:00,PUR_IED_Tenerife_SDanzas_7bc02e,PUR_IED_Tenerife_SDanzas_7bc02e,,,,,
2026-09-12T03:01:10-05:00,PUR_IED_Tenerife_SIngles_7cc277,PUR_IED_Tenerife_SIngles_7cc277,,,,,
2026-09-12T03:01:10-05:00,PUR_IED_Tibabuyes_Exter_f2683d,PUR_IED_Tibabuyes_Exter_f2683d,,,,,
2026-09-12T03:01:10-05:00,PUR_IED_Tibabuyes_S10_dc87a8,PUR_IED_Tibabuyes_S10_dc87a8,,,,,
2026-09-12T03:01:10-05:00,PUR_IED_Tibabuyes_S15_dc0526,PUR_IED_Tibabuyes_S15_dc0526,,,,,
2026-09-12T03:01:10-05:00,PUR_IED_UnionE_S301_a1043,PUR_IED_UnionE_S301_a1043,,,,,
2026-09-12T03:01:10-05:00,PUR_IED_UnionE_S307_ff6c2f,PUR_IED_UnionE_S307_ff6c2f,,,,,
2026-09-12T03:01:10-05:00,PUR_IED_UnionE__Ext_5e2468,PUR_IED_UnionE__Ext_5e2468,,,,,
2026-09-12T03:01:10-05:00,PUR_IED_VillaRica_Ext_75be7c,PUR_IED_VillaRica_Ext_75be7c,,,,,
2026-09-12T03:01:10-05:00,PUR_IED_VillaRica_S4_cc5dcd,PUR_IED_VillaRica_S4_cc5dcd,,,,,
2026-09-12T03:01:10-05:00,PUR_IED_VillaRica_Sesp_99f5c,PUR_IED_VillaRica_Sesp_99f5c,,,,,
2026-09-12T03:06:02-05:00,PUR_IED_20deJulio_1101_91b1b9,PUR_IED_20deJulio_1101_91b1b9,,,,,
2026-09-12T03:06:02-05:00,PUR_IED_20deJulio_1102_1cfcf9,PUR_IED_20deJulio_1102_1cfcf9,,,,,
2026-09-12T03:06:02-05:00,PUR_IED_20deJulio_Ext_ab60bd,PUR_IED_20deJulio_Ext_ab60bd,,,,,
2026-09-12T03:06:02-05:00,PUR_IED_AgustinFer_Ext_7b9b77,PUR_IED_AgustinFer_Ext_7b9b77,,,,,
2026-09-12T03:06:02-05:00,PUR_IED_AgustinFer_Info2_27b3a7,PUR_IED_AgustinFer_Info2_27b3a7,,,,,
2026-09-12T03:06:02-05:00,PUR_IED_AgustinFer_Sena_54b4eb,PUR_IED_AgustinFer_Sena_54b4eb,,,,,
2026-09-12T03:06:02-05:00,PUR_IED_AlexanderF_1102_caf07b,PUR_IED_AlexanderF_1102_caf07b,,,,,
2026-09-12T03:06:02-05:00,PUR_IED_AlexanderF_1103_c79e71,PUR_IED_AlexanderF_1103_c79e71,,,,,
2026-09-12T03:06:02-05:00,PUR_IED_AlexanderF_Ext_c5b18b,PUR_IED_AlexanderF_Ext_c5b18b,,,,,
2026-09-12T03:06:02-05:00,PUR_IED_AlfonsoLopez_Ext_281d77,PUR_IED_AlfonsoLopez_Ext_281d77,,,,,
2026-09-12T03:06:02-05:00,PUR_IED_AlfonsoLopez_LabF_888ce0,PUR_IED_AlfonsoLopez_LabF_888ce0,,,,,
2026-09-12T03:06:02-05:00,PUR_IED_AlfonsoLopez_SMed_df6a7f,PUR_IED_AlfonsoLopez_SMed_df6a7f,,,,,
2026-09-12T03:06:02-05:00,PUR_IED_AltamiraSO_A2_209f92,PUR_IED_AltamiraSO_A2_209f92,,,,,
2026-09-12T03:06:02-05:00,PUR_IED_AltamiraSO_Ext_186d66,PUR_IED_AltamiraSO_Ext_186d66,,,,,
2026-09-12T03:06:02-05:00,PUR_IED_AltamiraSO_Sistem_27afe1,PUR_IED_AltamiraSO_Sistem_27afe1,,,,,
2026-09-12T03:06:02-05:00,PUR_IED_AlvaroGom_LabQuim_813179,PUR_IED_AlvaroGom_LabQuim_813179,,,,,
2026-09-12T03:06:02-05:00,PUR_IED_AlvaroGomez_Ext_47c7ca,PUR_IED_AlvaroGomez_Ext_47c7ca,,,,,
2026-09-12T03:06:02-05:00,PUR_IED_AlvaroGomez_LabQuim_813179,PUR_IED_AlvaroGomez_LabQuim_813179,,,,,
2026-09-12T03:06:02-05:00,PUR_IED_AlvaroGomez_S23_7ba89f,PUR_IED_AlvaroGomez_S23_7ba89f,,,,,
2026-09-12T03:06:02-05:00,PUR_IED_Amistad_306_dc8728,PUR_IED_Amistad_306_dc8728,,,,,
2026-09-12T03:06:02-05:00,PUR_IED_Amistad_Ext_8cd55e,PUR_IED_Amistad_Ext_8cd55e,,,,,
2026-09-12T03:06:02-05:00,PUR_IED_Amistad_S202_a41169,PUR_IED_Amistad_S202_a41169,,,,,
2026-09-12T03:06:02-05:00,PUR_IED_AndresBello_Bio_fd5f5e,PUR_IED_AndresBello_Bio_fd5f5e,,,,,
2026-09-12T03:06:02-05:00,PUR_IED_AndresBello_ext_dcad65,PUR_IED_AndresBello_ext_dcad65,,,,,
2026-09-12T03:06:02-05:00,PUR_IED_AndresBello_port_eed3ec,PUR_IED_AndresBello_port_eed3ec,,,,,
2026-09-12T03:06:02-05:00,PUR_IED_AngelaR_11b_d90a6b,PUR_IED_AngelaR_11b_d90a6b,,,,,
2026-09-12T03:06:02-05:00,PUR_IED_AngelaR_ext_7cad3e,PUR_IED_AngelaR_ext_7cad3e,13,20,61,4.5825,-74.164497
2026-09-12T03:06:02-05:00,PUR_IED_AntJoseSucre_10mo_df2575,PUR_IED_AntJoseSucre_10mo_df2575,,,,,
2026-09-12T03:06:02-05:00,PUR_IED_AntJoseSucre_Ext_215b36,PUR_IED_AntJoseSucre_Ext_215b36,,,,,
2026-09-12T03:06:02-05:00,PUR_IED_AntJoseSucre_Lab_3139de,PUR_IED_AntJoseSucre_Lab_3139de,,,,,
2026-09-12T03:06:02-05:00,PUR_IED_AntonioGarcia_301_d6b188,PUR_IED_AntonioGarcia_301_d6b188,,,,,
2026-09-12T03:06:02-05:00,PUR_IED_AntonioGarcia_302_88a82,PUR_IED_AntonioGarcia_302_88a82,,,,,
2026-09-12T03:06:02-05:00,PUR_IED_AntonioGarcia_Ext_20950c,PUR_IED_AntonioGarcia_Ext_20950c,,,,,
2026-09-12T03:06:02-05:00,PUR_IED_AntonioVan_Aula2_6dea02,PUR_IED_AntonioVan_Aula2_6dea02,,,,,
2026-09-12T03:06:02-05:00,PUR_IED_AntonioVan_Aula5_f1557e,PUR_IED_AntonioVan_Aula5_f1557e,,,,,
2026-09-12T03:06:02-05:00,PUR_IED_AntonioVan_Ext_406f2f,PUR_IED_AntonioVan_Ext_406f2f,,,,,
2026-09-12T03:06:02-05:00,PUR_IED_Atabanzha_Ext_cc5af9,PUR_IED_Atabanzha_Ext_cc5af9,,,,,
2026-09-12T03:06:02-05:00,PUR_IED_Atabanzha_SA101_56c37,PUR_IED_Atabanzha_SA101_56c37,,,,,
2026-09-12T03:06:02-05:00,PUR_IED_Atabanzha_SB302_27b374,PUR_IED_Atabanzha_SB302_27b374,,,,,
2026-09-12T03:06:02-05:00,PUR_IED_Atahualpa_Ext_fc1748,PUR_IED_Atahualpa_Ext_fc1748,,,,,
2026-09-12T03:06:02-05:00,PUR_IED_Atahualpa_Informa_dc9a95,PUR_IED_Atahualpa_Informa_dc9a95,,,,,
2026-09-12T03:06:02-05:00,PUR_IED_Atahualpa_S1101_f98056,PUR_IED_Atahualpa_S1101_f98056,,,,,
2026-09-12T03:06:02-05:00,PUR_IED_Bellavista_Ext_f5aa74,PUR_IED_Bellavista_Ext_f5aa74,,,,,
2026-09-12T03:06:02-05:00,PUR_IED_Bilbao_11A_916c41,PUR_IED_Bilbao_11A_916c41,,,,,
2026-09-12T03:06:02-05:00,PUR_IED_Bilbao_Ext_fb579a,PUR_IED_Bilbao_Ext_fb579a,,,,,
2026-09-12T03:06:02-05:00,PUR_IED_BrasiliaU_A125_304280,PUR_IED_BrasiliaU_A125_304280,,,,,
2026-09-12T03:06:02-05:00,PUR_IED_BrasiliaU_A203_7c8ca5,PUR_IED_BrasiliaU_A203_7c8ca5,,,,,
2026-09-12T03:06:02-05:00,PUR_IED_BrasiliaU_Ext_8d6e9f,PUR_IED_BrasiliaU_Ext_8d6e9f,3,17,62,4.5175,-74.116302
2026-09-12T03:06:02-05:00,PUR_IED_Brasilia_Ext_fe6593,PUR_IED_Brasilia_Ext_fe6593,,,,,
2026-09-12T03:06:02-05:00,PUR_IED_Brasilia_S24_7c130d,PUR_IED_Brasilia_S24_7c130d,,,,,
2026-09-12T03:06:02-05:00,PUR_IED_Brasilia_S501_186a54,PUR_IED_Brasilia_S501_186a54,,,,,
2026-09-12T03:06:02-05:00,PUR_IED_CHARRY_EXT_f1d5cd,PUR_IED_CHARRY_EXT_f1d5cd,,,,,
2026-09-12T03:06:02-05:00,PUR_IED_CHARRY_INTDANZAS_7a08e6,PUR_IED_CHARRY_INTDANZAS_7a08e6,,,,,
2026-09-12T03:06:02-05:00,PUR_IED_CHARRY_INT_AULA20_dc998d,PUR_IED_CHARRY_INT_AULA20_dc998d,,,,,
2026-09-12T03:06:02-05:00,PUR_IED_COLVIV_1101_S25_7f520a,PUR_IED_COLVIV_1101_S25_7f520a,,,,,
2026-09-12T03:06:02-05:00,PUR_IED_COLVIV_1102_S16_f570ba,PUR_IED_COLVIV_1102_S16_f570ba,,,,,
2026-09-12T03:06:02-05:00,PUR_IED_COLVIV_Ext_1a26fa,PUR_IED_COLVIV_Ext_1a26fa,,,,,
2026-09-12T03:06:02-05:00,PUR_IED_CULPOP_301A_f660f3,PUR_IED_CULPOP_301A_f660f3,,,,,
2026-09-12T03:06:02-05:00,PUR_IED_CULPOP_303_568afe,PUR_IED_CULPOP_303_568afe,,,,,
2026-09-12T03:06:02-05:00,PUR_IED_CULPOP_Ext_e02ccb,PUR_IED_CULPOP_Ext_e02ccb,,,,,
2026-09-12T03:06:02-05:00,PUR_IED_CVillavicen_Ext_26eb58,PUR_IED_CVillavicen_Ext_26eb58,5,14,81,4.487,-74.102798
2026-09-12T03:06:02-05:00,PUR_IED_CVillavicen_Intel_1ce5c2,PUR_IED_CVillavicen_Intel_1ce5c2,,,,,
2026-09-12T03:06:02-05:00,PUR_IED_CVillavicen_Poliv_e0766c,PUR_IED_CVillavicen_Poliv_e0766c,,,,,
2026-09-12T03:06:02-05:00,PUR_IED_CVillavicen_int_1ba140,PUR_IED_CVillavicen_int_1ba140,,,,,
2026-09-12T03:06:02-05:00,PUR_IED_CVillavicen_intel_1ba140,PUR_IED_CVillavicen_intel_1ba140,,,,,
2026-09-12T03:06:02-05:00,PUR_IED_CarlosPizarro_Ext_e307cc,PUR_IED_CarlosPizarro_Ext_e307cc,,,,,
2026-09-12T03:06:02-05:00,PUR_IED_CarlosPizarro_L36_7e5cdb,PUR_IED_CarlosPizarro_L36_7e5cdb,,,,,
2026-09-12T03:06:02-05:00,PUR_IED_CarlosPizarro_L37_c8566c,PUR_IED_CarlosPizarro_L37_c8566c,,,,,
2026-09-12T03:06:02-05:00,PUR_IED_Castilla_Ext_cf35f,PUR_IED_Castilla_Ext_cf35f,,,,,
2026-09-12T03:06:02-05:00,PUR_IED_Castilla_SFisik_360e38,PUR_IED_Castilla_SFisik_360e38,,,,,
2026-09-12T03:06:02-05:00,PUR_IED_Castilla_Sc304_496fbf,PUR_IED_Castilla_Sc304_496fbf,,,,,
2026-09-12T03:06:02-05:00,PUR_IED_CervantesSa_Ext_6b57b,PUR_IED_CervantesSa_Ext_6b57b,2,17,68,4.5128,-74.117203
2026-09-12T03:06:02-05:00,PUR_IED_CervantesSa_S107_225c2b,PUR_IED_CervantesSa_S107_225c2b,,,,,
2026-09-12T03:06:02-05:00,PUR_IED_CervantesSa_S108_940925,PUR_IED_CervantesSa_S108_940925,,,,,
2026-09-12T03:06:02-05:00,PUR_IED_Charry_A20_f53e7c,PUR_IED_Charry_A20_f53e7c,,,,,
2026-09-12T03:06:02-05:00,PUR_IED_Charry_Ext_f1d5cd,PUR_IED_Charry_Ext_f1d5cd,,,,,
2026-09-12T03:06:02-05:00,PUR_IED_Charry_IntAula20_dc998d,PUR_IED_Charry_IntAula20_dc998d,,,,,
2026-09-12T03:06:02-05:00,PUR_IED_Charry_IntDanzas_7a08e6,PUR_IED_Charry_IntDanzas_7a08e6,,,,,
2026-09-12T03:06:02-05:00,PUR_IED_ClememciaC_203_43e2fc,PUR_IED_ClememciaC_203_43e2fc,,,,,
2026-09-12T03:06:02-05:00,PUR_IED_ClememciaC_Ext_1b411a,PUR_IED_ClememciaC_Ext_1b411a,,,,,
2026-09-12T03:06:02-05:00,PUR_IED_ClememciaC_Quimic_44b5fc,PUR_IED_ClememciaC_Quimic_44b5fc,,,,,
2026-09-12T03:06:02-05:00,PUR_IED_ClemenciaC_203_43e2fc,PUR_IED_ClemenciaC_203_43e2fc,,,,,
2026-09-12T03:06:02-05:00,PUR_IED_ClemenciaC_Ext_1b411a,PUR_IED_ClemenciaC_Ext_1b411a,,,,,
2026-09-12T03:06:02-05:00,PUR_IED_ClemenciaC_Quimic_44b5fc,PUR_IED_ClemenciaC_Quimic_44b5fc,,,,,
2026-09-12T03:06:02-05:00,PUR_IED_ColViva_1101_S25_7f520a,PUR_IED_ColViva_1101_S25_7f520a,,,,,
2026-09-12T03:06:02-05:00,PUR_IED_ColViva_1102_S16_f570ba,PUR_IED_ColViva_1102_S16_f570ba,,,,,
2026-09-12T03:06:02-05:00,PUR_IED_ColViva_Ext_1a26fa,PUR_IED_ColViva_Ext_1a26fa,,,,,
2026-09-12T03:06:02-05:00,PUR_IED_ColegioBici_Asist_7c8798,PUR_IED_ColegioBici_Asist_7c8798,,,,,
2026-09-12T03:06:02-05:00,PUR_IED_ColegioBici_Ext_25cbf6,PUR_IED_ColegioBici_Ext_25cbf6,,,,,
2026-09-12T03:06:02-05:00,PUR_IED_ColegioBici_LabQ_7b57db,PUR_IED_ColegioBici_LabQ_7b57db,,,,,
2026-09-12T03:06:02-05:00,PUR_IED_CostaRica_Ext_5e640,PUR_IED_CostaRica_Ext_5e640,,,,,
2026-09-12T03:06:02-05:00,PUR_IED_CostaRica_Quim1_766d1c,PUR_IED_CostaRica_Quim1_766d1c,,,,,
2026-09-12T03:06:02-05:00,PUR_IED_CostaRica__Fisica_6f0873,PUR_IED_CostaRica__Fisica_6f0873,,,,,
2026-09-12T03:06:02-05:00,PUR_IED_CulPopu_301A_f660f3,PUR_IED_CulPopu_301A_f660f3,,,,,
2026-09-12T03:06:02-05:00,PUR_IED_CulPopu_303_568afe,PUR_IED_CulPopu_303_568afe,,,,,
2026-09-12T03:06:02-05:00,PUR_IED_CulPopu_Ext_e02ccb,PUR_IED_CulPopu_Ext_e02ccb,,,,,
2026-09-12T03:06:02-05:00,PUR_IED_Cundinamarca_Ext_f15985,PUR_IED_Cundinamarca_Ext_f15985,,,,,
2026-09-12T03:06:02-05:00,PUR_IED_Cundinamarca_Info_7aa5d7,PUR_IED_Cundinamarca_Info_7aa5d7,,,,,
2026-09-12T03:06:02-05:00,PUR_IED_Cundinamarca_Tec2_f449c7,PUR_IED_Cundinamarca_Tec2_f449c7,,,,,
2026-09-12T03:06:02-05:00,PUR_IED_DiegoM_Aula1_27b314,PUR_IED_DiegoM_Aula1_27b314,,,,,
2026-09-12T03:06:02-05:00,PUR_IED_DiegoM_Ext_d80ac8,PUR_IED_DiegoM_Ext_d80ac8,,,,,
2026-09-12T03:06:02-05:00,PUR_IED_DiegoM_S25_da928f,PUR_IED_DiegoM_S25_da928f,,,,,
2026-09-12T03:06:02-05:00,PUR_IED_ELRODEO_360881,PUR_IED_ELRODEO_360881,,,,,
2026-09-12T03:06:02-05:00,PUR_IED_ELRODEO_ext_360881,PUR_IED_ELRODEO_ext_360881,,,,,
2026-09-12T03:06:02-05:00,PUR_IED_EduardoU_Ext_1c1969,PUR_IED_EduardoU_Ext_1c1969,,,,,
2026-09-12T03:06:02-05:00,PUR_IED_EduardoU_SCiencia_4dfb94,PUR_IED_EduardoU_SCiencia_4dfb94,,,,,
2026-09-12T03:06:02-05:00,PUR_IED_EduardoU_SQuimica_5a46e7,PUR_IED_EduardoU_SQuimica_5a46e7,,,,,
2026-09-12T03:06:02-05:00,PUR_IED_ElRodeo_Aula14_676984,PUR_IED_ElRodeo_Aula14_676984,,,,,
2026-09-12T03:06:02-05:00,PUR_IED_ElRodeo_Aula16_2dd35b,PUR_IED_ElRodeo_Aula16_2dd35b,,,,,
2026-09-12T03:06:02-05:00,PUR_IED_ElRodeo_Ext_360881,PUR_IED_ElRodeo_Ext_360881,,,,,
2026-09-12T03:06:02-05:00,PUR_IED_ElRodeo_Exterior_8c6d28,PUR_IED_ElRodeo_Exterior_8c6d28,,,,,
2026-09-12T03:06:02-05:00,PUR_IED_ElRodeo_ext_360881,PUR_IED_ElRodeo_ext_360881,,,,,
2026-09-12T03:06:02-05:00,PUR_IED_EmmaReyes_Ext_987625,PUR_IED_EmmaReyes_Ext_987625,11,21,53,4.6367,-74.1511
2026-09-12T03:06:02-05:00,PUR_IED_Ensueño_Ext_7f0250,PUR_IED_Ensueño_Ext_7f0250,,,,,
2026-09-12T03:06:02-05:00,PUR_IED_EscNormal_Ext_5fef3b,PUR_IED_EscNormal_Ext_5fef3b,2,18,61,4.5852,-74.096901
2026-09-12T03:06:02-05:00,PUR_IED_EscNormal_S309_5b263,PUR_IED_EscNormal_S309_5b263,,,,,
2026-09-12T03:06:02-05:00,PUR_IED_EscNormal_S310_27b3b8,PUR_IED_EscNormal_S310_27b3b8,,,,,
2026-09-12T03:06:02-05:00,PUR_IED_Evangelista_Conta_f6cd4f,PUR_IED_Evangelista_Conta_f6cd4f,,,,,
2026-09-12T03:06:02-05:00,PUR_IED_Evangelista_Cri_5e16a,PUR_IED_Evangelista_Cri_5e16a,,,,,
2026-09-12T03:06:02-05:00,PUR_IED_Evangelista_Exter_754066,PUR_IED_Evangelista_Exter_754066,,,,,
2026-09-12T03:06:02-05:00,PUR_IED_FMiranda_S209_5cc2a3,PUR_IED_FMiranda_S209_5cc2a3,,,,,
2026-09-12T03:06:02-05:00,PUR_IED_FMiranda_S303_19e344,PUR_IED_FMiranda_S303_19e344,,,,,
2026-09-12T03:06:02-05:00,PUR_IED_FMiranda_ext_f53e7c,PUR_IED_FMiranda_ext_f53e7c,,,,,
2026-09-12T03:06:02-05:00,PUR_IED_FabioLozano_Bibli_1cee05,PUR_IED_FabioLozano_Bibli_1cee05,,,,,
2026-09-12T03:06:02-05:00,PUR_IED_FabioLozano_Ext_6ea285,PUR_IED_FabioLozano_Ext_6ea285,,,,,
2026-09-12T03:06:02-05:00,PUR_IED_FabioLozano_SLudi_f09e1e,PUR_IED_FabioLozano_SLudi_f09e1e,,,,,
2026-09-12T03:06:02-05:00,PUR_IED_FaustinoS_Aula07_27a731,PUR_IED_FaustinoS_Aula07_27a731,,,,,
2026-09-12T03:06:02-05:00,PUR_IED_FaustinoS_Ext_7b936f,PUR_IED_FaustinoS_Ext_7b936f,,,,,
2026-09-12T03:06:02-05:00,PUR_IED_FaustinoS_Fisica_da2c60,PUR_IED_FaustinoS_Fisica_da2c60,,,,,
2026-09-12T03:06:02-05:00,PUR_IED_FeGarciaLo_Ext_dc68ee,PUR_IED_FeGarciaLo_Ext_dc68ee,,,,,
2026-09-12T03:06:02-05:00,PUR_IED_FeGarciaLo_SDanza_f70a59,PUR_IED_FeGarciaLo_SDanza_f70a59,,,,,
2026-09-12T03:06:02-05:00,PUR_IED_FeGarciaLo_SMusic_125cdd,PUR_IED_FeGarciaLo_SMusic_125cdd,,,,,
2026-09-12T03:06:02-05:00,PUR_IED_FederalAlema_Exte_50c345,PUR_IED_FederalAlema_Exte_50c345,,,,,
2026-09-12T03:06:02-05:00,PUR_IED_FederalAlema_S31_f18371,PUR_IED_FederalAlema_S31_f18371,,,,,
2026-09-12T03:06:02-05:00,PUR_IED_FederalAlema_S901_a62cd,PUR_IED_FederalAlema_S901_a62cd,,,,,
2026-09-12T03:06:02-05:00,PUR_IED_FilarmonicaS_A5_f35eb1,PUR_IED_FilarmonicaS_A5_f35eb1,,,,,
2026-09-12T03:06:02-05:00,PUR_IED_FilarmonicaS_Ext_8a3bde,PUR_IED_FilarmonicaS_Ext_8a3bde,,,,,
2026-09-12T03:06:02-05:00,PUR_IED_FilarmonicaS_Spol_406114,PUR_IED_FilarmonicaS_Spol_406114,,,,,
2026-09-12T03:06:02-05:00,PUR_IED_FlorentinoG_A13_d1fa59,PUR_IED_FlorentinoG_A13_d1fa59,,,,,
2026-09-12T03:06:02-05:00,PUR_IED_FlorentinoG_Ext_1ce6ce,PUR_IED_FlorentinoG_Ext_1ce6ce,,,,,
2026-09-12T03:06:02-05:00,PUR_IED_FlorentinoG_Idiom_a66aac,PUR_IED_FlorentinoG_Idiom_a66aac,,,,,
2026-09-12T03:06:02-05:00,PUR_IED_FranciscoMati_Ext_e3869d,PUR_IED_FranciscoMati_Ext_e3869d,,,,,
2026-09-12T03:06:02-05:00,PUR_IED_FranciscoMati_S13_f31c67,PUR_IED_FranciscoMati_S13_f31c67,,,,,
2026-09-12T03:06:02-05:00,PUR_IED_FranciscoMati_S14_97dead,PUR_IED_FranciscoMati_S14_97dead,,,,,
2026-09-12T03:06:02-05:00,PUR_IED_FranciscoPS_Ext_7bfa9a,PUR_IED_FranciscoPS_Ext_7bfa9a,5,20,59,4.5899,-74.110397
2026-09-12T03:06:02-05:00,PUR_IED_FranciscoPS_Infor_fb8f4c,PUR_IED_FranciscoPS_Infor_fb8f4c,,,,,
2026-09-12T03:06:02-05:00,PUR_IED_FranciscoPS_Quimi_94d39c,PUR_IED_FranciscoPS_Quimi_94d39c,,,,,
2026-09-12T03:06:02-05:00,PUR_IED_FranciscoP_LabQ_d7e148,PUR_IED_FranciscoP_LabQ_d7e148,,,,,
2026-09-12T03:06:02-05:00,PUR_IED_FranciscoP_S28_cf9b30,PUR_IED_FranciscoP_S28_cf9b30,,,,,
2026-09-12T03:06:02-05:00,PUR_IED_FranciscoP_ext_e2313,PUR_IED_FranciscoP_ext_e2313,,,,,
2026-09-12T03:06:02-05:00,PUR_IED_FriederichN_Ext_8ac92a,PUR_IED_FriederichN_Ext_8ac92a,,,,,
2026-09-12T03:06:02-05:00,PUR_IED_FriederichN_S301_dd7e5a,PUR_IED_FriederichN_S301_dd7e5a,,,,,
2026-09-12T03:06:02-05:00,PUR_IED_FriederichN_S308_761f4f,PUR_IED_FriederichN_S308_761f4f,,,,,
2026-09-12T03:06:02-05:00,PUR_IED_GSantander_Aula10_533dd7,PUR_IED_GSantander_Aula10_533dd7,,,,,
2026-09-12T03:06:02-05:00,PUR_IED_GSantander_Aula12_fd4e4f,PUR_IED_GSantander_Aula12_fd4e4f,,,,,
2026-09-12T03:06:02-05:00,PUR_IED_GSantander_Aula310_533dd7,PUR_IED_GSantander_Aula310_533dd7,,,,,
2026-09-12T03:06:02-05:00,PUR_IED_GSantander_Aula312_fd4e4f,PUR_IED_GSantander_Aula312_fd4e4f,,,,,
2026-09-12T03:06:02-05:00,PUR_IED_GSantander_Ext_5f66b0,PUR_IED_GSantander_Ext_5f66b0,,,,,
2026-09-12T03:06:02-05:00,PUR_IED_GYomasa_Ext_f6bea5,PUR_IED_GYomasa_Ext_f6bea5,,,,,
2026-09-12T03:06:02-05:00,PUR_IED_GYomasa_LBiol_2c41aa,PUR_IED_GYomasa_LBiol_2c41aa,,,,,
2026-09-12T03:06:02-05:00,PUR_IED_GYomasa_LQuim_33c80,PUR_IED_GYomasa_LQuim_33c80,,,,,
2026-09-12T03:06:02-05:00,PUR_IED_GabBetMejia_Cienc_5a99c,PUR_IED_GabBetMejia_Cienc_5a99c,,,,,
2026-09-12T03:06:02-05:00,PUR_IED_GabBetMejia_Ext_9153d0,PUR_IED_GabBetMejia_Ext_9153d0,,,,,
2026-09-12T03:06:02-05:00,PUR_IED_GabBetMejia_Lab_f55347,PUR_IED_GabBetMejia_Lab_f55347,,,,,
2026-09-12T03:06:02-05:00,PUR_IED_GabBetanMejia_Ext_9153d0,PUR_IED_GabBetanMejia_Ext_9153d0,,,,,
2026-09-12T03:06:02-05:00,PUR_IED_Gaitana_Aula13_7aac11,PUR_IED_Gaitana_Aula13_7aac11,,,,,
2026-09-12T03:06:02-05:00,PUR_IED_Gaitana_Ext_5fcf4,PUR_IED_Gaitana_Ext_5fcf4,,,,,
2026-09-12T03:06:02-05:00,PUR_IED_Gaitana_LabFisica_644448,PUR_IED_Gaitana_LabFisica_644448,,,,,
2026-09-12T03:06:02-05:00,PUR_IED_GenSantander_Dise_8ac858,PUR_IED_GenSantander_Dise_8ac858,,,,,
2026-09-12T03:06:02-05:00,PUR_IED_GenSantander_Ext_8d5dfe,PUR_IED_GenSantander_Ext_8d5dfe,,,,,
2026-09-12T03:06:02-05:00,PUR_IED_GenSantander_Info_6c25b,PUR_IED_GenSantander_Info_6c25b,,,,,
2026-09-12T03:06:02-05:00,PUR_IED_GustavoMo_Exterio_75e63d,PUR_IED_GustavoMo_Exterio_75e63d,,,,,
2026-09-12T03:06:02-05:00,PUR_IED_GustavoMo_LabFisi_224d37,PUR_IED_GustavoMo_LabFisi_224d37,,,,,
2026-09-12T03:06:02-05:00,PUR_IED_GustavoMo_S208_3e6918,PUR_IED_GustavoMo_S208_3e6918,,,,,
2026-09-12T03:06:02-05:00,PUR_IED_GustavoR_A02_8cd4a8,PUR_IED_GustavoR_A02_8cd4a8,,,,,
2026-09-12T03:06:02-05:00,PUR_IED_GustavoR_B11_5b0ed,PUR_IED_GustavoR_B11_5b0ed,,,,,
2026-09-12T03:06:02-05:00,PUR_IED_GustavoR_Ext_7a0c90,PUR_IED_GustavoR_Ext_7a0c90,,,,,
2026-09-12T03:06:02-05:00,PUR_IED_HernandoDuran_Ext_8cd82b,PUR_IED_HernandoDuran_Ext_8cd82b,,,,,
2026-09-12T03:06:02-05:00,PUR_IED_HernandoDuran_S24_2772c6,PUR_IED_HernandoDuran_S24_2772c6,,,,,
2026-09-12T03:06:02-05:00,PUR_IED_HernandoDuran_S30_f2de41,PUR_IED_HernandoDuran_S30_f2de41,,,,,
2026-09-12T03:06:02-05:00,PUR_IED_HolguInUr_S1101_8cd732,PUR_IED_HolguInUr_S1101_8cd732,,,,,
2026-09-12T03:06:02-05:00,PUR_IED_HolguinUr_Exter_ddae6d,PUR_IED_HolguinUr_Exter_ddae6d,,,,,
2026-09-12T03:06:02-05:00,PUR_IED_HolguinUr_LabQuim_92b952,PUR_IED_HolguinUr_LabQuim_92b952,,,,,
2026-09-12T03:06:02-05:00,PUR_IED_Isabel-II_Ext_5245cc,PUR_IED_Isabel-II_Ext_5245cc,9,19,59,4.6336,-74.153
2026-09-12T03:06:02-05:00,PUR_IED_Isabel-II_S_idiom_1c29aa,PUR_IED_Isabel-II_S_idiom_1c29aa,,,,,
2026-09-12T03:06:02-05:00,PUR_IED_Isabel-II_S_infor_fd741,PUR_IED_Isabel-II_S_infor_fd741,,,,,
2026-09-12T03:06:02-05:00,PUR_IED_IsidroSur_Exterio_5b90ea,PUR_IED_IsidroSur_Exterio_5b90ea,,,,,
2026-09-12T03:06:02-05:00,PUR_IED_IsidroSur_LabTec_56697a,PUR_IED_IsidroSur_LabTec_56697a,,,,,
2026-09-12T03:06:02-05:00,PUR_IED_IsidroSur_Robotic_b7c38f,PUR_IED_IsidroSur_Robotic_b7c38f,,,,,
2026-09-12T03:06:02-05:00,PUR_IED_IsmaelPerd_Ext_7b6672,PUR_IED_IsmaelPerd_Ext_7b6672,,,,,
2026-09-12T03:06:02-05:00,PUR_IED_IsmaelPerd_Inform_306540,PUR_IED_IsmaelPerd_Inform_306540,,,,,
2026-09-12T03:06:02-05:00,PUR_IED_IsmaelPerd_S30_2e2c83,PUR_IED_IsmaelPerd_S30_2e2c83,,,,,
2026-09-12T03:06:02-05:00,PUR_IED_JLozano_Exter_432910,PUR_IED_JLozano_Exter_432910,,,,,
2026-09-12T03:06:02-05:00,PUR_IED_JLozano_salaMulti_df5125,PUR_IED_JLozano_salaMulti_df5125,,,,,
2026-09-12T03:06:02-05:00,PUR_IED_JMCordoba_206_86f80b,PUR_IED_JMCordoba_206_86f80b,,,,,
2026-09-12T03:06:02-05:00,PUR_IED_JMCordoba_Ext_27ad97,PUR_IED_JMCordoba_Ext_27ad97,,,,,
2026-09-12T03:06:02-05:00,PUR_IED_JMCordoba_S310_d59ab4,PUR_IED_JMCordoba_S310_d59ab4,,,,,
2026-09-12T03:06:02-05:00,PUR_IED_Japon_Ext_549100,PUR_IED_Japon_Ext_549100,,,,,
2026-09-12T03:06:02-05:00,PUR_IED_Japon_Laboratorio_bec51d,PUR_IED_Japon_Laboratorio_bec51d,,,,,
2026-09-12T03:06:02-05:00,PUR_IED_Japon_informatica_d99327,PUR_IED_Japon_informatica_d99327,,,,,
2026-09-12T03:06:02-05:00,PUR_IED_Jazmin_Ext_d27bda,PUR_IED_Jazmin_Ext_d27bda,,,,,
2026-09-12T03:06:02-05:00,PUR_IED_Jazmin_Fisica_8d14d7,PUR_IED_Jazmin_Fisica_8d14d7,,,,,
2026-09-12T03:06:02-05:00,PUR_IED_Jazmin_Quimica_801cb5,PUR_IED_Jazmin_Quimica_801cb5,,,,,
2026-09-12T03:06:02-05:00,PUR_IED_JorgeGaitan_Exter_f098d1,PUR_IED_JorgeGaitan_Exter_f098d1,,,,,
2026-09-12T03:06:02-05:00,PUR_IED_JorgeGaitan_STec1_dc9d1d,PUR_IED_JorgeGaitan_STec1_dc9d1d,,,,,
2026-09-12T03:06:02-05:00,PUR_IED_JorgeGaitan_STec2_281e69,PUR_IED_JorgeGaitan_STec2_281e69,,,,,
2026-09-12T03:06:02-05:00,PUR_IED_JorgeSoto_Exterio_d9d0a2,PUR_IED_JorgeSoto_Exterio_d9d0a2,,,,,
2026-09-12T03:06:02-05:00,PUR_IED_JorgeSoto_LabFisi_209c54,PUR_IED_JorgeSoto_LabFisi_209c54,,,,,
2026-09-12T03:06:02-05:00,PUR_IED_JorgeSoto_S103_27b51a,PUR_IED_JorgeSoto_S103_27b51a,,,,,
2026-09-12T03:06:02-05:00,PUR_IED_JoseAcevedo_A02_e965eb,PUR_IED_JoseAcevedo_A02_e965eb,,,,,
2026-09-12T03:06:02-05:00,PUR_IED_JoseAcevedo_A07_dd5b4,PUR_IED_JoseAcevedo_A07_dd5b4,,,,,
2026-09-12T03:06:02-05:00,PUR_IED_JoseAcevedo_Ext_b47484,PUR_IED_JoseAcevedo_Ext_b47484,,,,,
2026-09-12T03:06:02-05:00,PUR_IED_JoseMarti_Exte_5b9bf,PUR_IED_JoseMarti_Exte_5b9bf,,,,,
2026-09-12T03:06:02-05:00,PUR_IED_JoseMarti_LabQuim_1c6c2d,PUR_IED_JoseMarti_LabQuim_1c6c2d,,,,,
2026-09-12T03:06:02-05:00,PUR_IED_JoseMarti_S_info_f5f177,PUR_IED_JoseMarti_S_info_f5f177,,,,,
2026-09-12T03:06:02-05:00,PUR_IED_Josejoaquin_Ext_dfc5dc,PUR_IED_Josejoaquin_Ext_dfc5dc,,,,,
2026-09-12T03:06:02-05:00,PUR_IED_Josejoaquin_S05_5b2a96,PUR_IED_Josejoaquin_S05_5b2a96,,,,,
2026-09-12T03:06:02-05:00,PUR_IED_Josejoaquin_S06_1ce7d2,PUR_IED_Josejoaquin_S06_1ce7d2,,,,,
2026-09-12T03:06:02-05:00,PUR_IED_JulioFlorez_Danza_9b82dd,PUR_IED_JulioFlorez_Danza_9b82dd,,,,,
2026-09-12T03:06:02-05:00,PUR_IED_JulioFlorez_Exter_f9f314,PUR_IED_JulioFlorez_Exter_f9f314,,,,,
2026-09-12T03:06:02-05:00,PUR_IED_JulioFlorez_info2_6b6e08,PUR_IED_JulioFlorez_info2_6b6e08,,,,,
2026-09-12T03:06:02-05:00,PUR_IED_LaBelleza_Aula13_1d00d8,PUR_IED_LaBelleza_Aula13_1d00d8,,,,,
2026-09-12T03:06:02-05:00,PUR_IED_LaBelleza_Ext_7bc08c,PUR_IED_LaBelleza_Ext_7bc08c,,,,,
2026-09-12T03:06:02-05:00,PUR_IED_LaChucua_Ext_8cd6d2,PUR_IED_LaChucua_Ext_8cd6d2,,,,,
2026-09-12T03:06:02-05:00,PUR_IED_LaChucua_S15_f578ce,PUR_IED_LaChucua_S15_f578ce,,,,,
2026-09-12T03:06:02-05:00,PUR_IED_LaChucua_S16_eebcf9,PUR_IED_LaChucua_S16_eebcf9,,,,,
2026-09-12T03:06:02-05:00,PUR_IED_LaFelicidad_Ext_fb5109,PUR_IED_LaFelicidad_Ext_fb5109,,,,,
2026-09-12T03:06:02-05:00,PUR_IED_LaMerced_206_66ebd,PUR_IED_LaMerced_206_66ebd,,,,,
2026-09-12T03:06:02-05:00,PUR_IED_LaMerced_207_6ebd6,PUR_IED_LaMerced_207_6ebd6,,,,,
2026-09-12T03:06:02-05:00,PUR_IED_LaMerced_ext_304311,PUR_IED_LaMerced_ext_304311,,,,,
2026-09-12T03:06:02-05:00,PUR_IED_Laureano_CiencNat_281e5e,PUR_IED_Laureano_CiencNat_281e5e,,,,,
2026-09-12T03:06:02-05:00,PUR_IED_Laureano_Comedor_f65c0a,PUR_IED_Laureano_Comedor_f65c0a,,,,,
2026-09-12T03:06:02-05:00,PUR_IED_Laureano_Exterior_7ab011,PUR_IED_Laureano_Exterior_7ab011,,,,,
2026-09-12T03:06:02-05:00,PUR_IED_LeonGreiff_Exte_dfe560,PUR_IED_LeonGreiff_Exte_dfe560,,,,,
2026-09-12T03:06:02-05:00,PUR_IED_LeonGreiff_S210_f264ed,PUR_IED_LeonGreiff_S210_f264ed,,,,,
2026-09-12T03:06:02-05:00,PUR_IED_LeonGreiff_SQuimi_e8296f,PUR_IED_LeonGreiff_SQuimi_e8296f,,,,,
2026-09-12T03:06:02-05:00,PUR_IED_LlanoOrientalS208_7b9fcd,PUR_IED_LlanoOrientalS208_7b9fcd,,,,,
2026-09-12T03:06:02-05:00,PUR_IED_LlanoOriental_Ext_fb3766,PUR_IED_LlanoOriental_Ext_fb3766,,,,,
2026-09-12T03:06:02-05:00,PUR_IED_LlanoOriental_S208_7b9fcd,PUR_IED_LlanoOriental_S208_7b9fcd,,,,,
2026-09-12T03:06:02-05:00,PUR_IED_LlanoOriental_S9_27b378,PUR_IED_LlanoOriental_S9_27b378,,,,,
2026-09-12T03:06:02-05:00,PUR_IED_LosTejares_1101_477602,PUR_IED_LosTejares_1101_477602,,,,,
2026-09-12T03:06:02-05:00,PUR_IED_LosTejares_11_d2c595,PUR_IED_LosTejares_11_d2c595,,,,,
2026-09-12T03:06:02-05:00,PUR_IED_LosTejares_12_477602,PUR_IED_LosTejares_12_477602,,,,,
2026-09-12T03:06:02-05:00,PUR_IED_LosTejares_Ext_8e2115,PUR_IED_LosTejares_Ext_8e2115,,,,,
2026-09-12T03:06:02-05:00,PUR_IED_MagdalenaO_B202_5ddda3,PUR_IED_MagdalenaO_B202_5ddda3,,,,,
2026-09-12T03:06:02-05:00,PUR_IED_MagdalenaO_B205_fb76e8,PUR_IED_MagdalenaO_B205_fb76e8,,,,,
2026-09-12T03:06:02-05:00,PUR_IED_MagdalenaO_ext_dc69cd,PUR_IED_MagdalenaO_ext_dc69cd,,,,,
2026-09-12T03:06:02-05:00,PUR_IED_ManueCepeda_artes_eee956,PUR_IED_ManueCepeda_artes_eee956,,,,,
2026-09-12T03:06:02-05:00,PUR_IED_ManuelCepeda_Ext_58313,PUR_IED_ManuelCepeda_Ext_58313,,,,,
2026-09-12T03:06:02-05:00,PUR_IED_ManuelCepeda_tec_1c5731,PUR_IED_ManuelCepeda_tec_1c5731,,,,,
2026-09-12T03:06:02-05:00,PUR_IED_ManuelS_Exterior_5b269,PUR_IED_ManuelS_Exterior_5b269,,,,,
2026-09-12T03:06:02-05:00,PUR_IED_ManuelS_Inform_f369ce,PUR_IED_ManuelS_Inform_f369ce,,,,,
2026-09-12T03:06:02-05:00,PUR_IED_ManuelS_SArtes_7d15f1,PUR_IED_ManuelS_SArtes_7d15f1,,,,,
2026-09-12T03:06:02-05:00,PUR_IED_ManuelZapata_303_3ca6,PUR_IED_ManuelZapata_303_3ca6,,,,,
2026-09-12T03:06:02-05:00,PUR_IED_ManuelZapata_311_bfbabc,PUR_IED_ManuelZapata_311_bfbabc,,,,,
2026-09-12T03:06:02-05:00,PUR_IED_ManuelZapata_Ext_50824a,PUR_IED_ManuelZapata_Ext_50824a,,,,,
2026-09-12T03:06:02-05:00,PUR_IED_ManuelitaS_Exteri_656a92,PUR_IED_ManuelitaS_Exteri_656a92,,,,,
2026-09-12T03:06:02-05:00,PUR_IED_ManuelitaS_JuzgDe_f58ec3,PUR_IED_ManuelitaS_JuzgDe_f58ec3,,,,,
2026-09-12T03:06:02-05:00,PUR_IED_ManuelitaS_Recrea_d793db,PUR_IED_ManuelitaS_Recrea_d793db,,,,,
2026-09-12T03:06:02-05:00,PUR_IED_MarFidSuarez_Ext_c27b19,PUR_IED_MarFidSuarez_Ext_c27b19,,,,,
2026-09-12T03:06:02-05:00,PUR_IED_MarFidSuarez_Info_e384d7,PUR_IED_MarFidSuarez_Info_e384d7,,,,,
2026-09-12T03:06:02-05:00,PUR_IED_MarFidSuarez_S306_1d0032,PUR_IED_MarFidSuarez_S306_1d0032,,,,,
2026-09-12T03:06:02-05:00,PUR_IED_Menorah_301_2a25a3,PUR_IED_Menorah_301_2a25a3,,,,,
2026-09-12T03:06:02-05:00,PUR_IED_Menorah_306_37ed3,PUR_IED_Menorah_306_37ed3,,,,,
2026-09-12T03:06:02-05:00,PUR_IED_Menorah_Ext_3e155b,PUR_IED_Menorah_Ext_3e155b,,,,,
2026-09-12T03:06:02-05:00,PUR_IED_MinutoB.Aires_A11_1b1604,PUR_IED_MinutoB.Aires_A11_1b1604,,,,,
2026-09-12T03:06:02-05:00,PUR_IED_MinutoB.Aires_A12_fb5860,PUR_IED_MinutoB.Aires_A12_fb5860,,,,,
2026-09-12T03:06:02-05:00,PUR_IED_MinutoB.Aires_Ext_81293f,PUR_IED_MinutoB.Aires_Ext_81293f,,,,,
2026-09-12T03:06:02-05:00,PUR_IED_MinutoBAires_A11_1b1604,PUR_IED_MinutoBAires_A11_1b1604,,,,,
2026-09-12T03:06:02-05:00,PUR_IED_MinutoBAires_A12_fb5860,PUR_IED_MinutoBAires_A12_fb5860,,,,,
2026-09-12T03:06:02-05:00,PUR_IED_MinutoBAires_Ext_81293f,PUR_IED_MinutoBAires_Ext_81293f,,,,,
2026-09-12T03:06:02-05:00,PUR_IED_Montreal_Aula10_1e4959,PUR_IED_Montreal_Aula10_1e4959,,,,,
2026-09-12T03:06:02-05:00,PUR_IED_Montreal_Aula6_300367,PUR_IED_Montreal_Aula6_300367,,,,,
2026-09-12T03:06:02-05:00,PUR_IED_Montreal_Exterior_91a179,PUR_IED_Montreal_Exterior_91a179,,,,,
2026-09-12T03:06:02-05:00,PUR_IED_Mqgdalena_B202_5ddda3,PUR_IED_Mqgdalena_B202_5ddda3,,,,,
2026-09-12T03:06:02-05:00,PUR_IED_NACUND_Soc_dc8728,PUR_IED_NACUND_Soc_dc8728,,,,,
2026-09-12T03:06:02-05:00,PUR_IED_NACUND_ext_27ad97,PUR_IED_NACUND_ext_27ad97,,,,,
2026-09-12T03:06:02-05:00,PUR_IED_NEsperanza_Ext_d24b61,PUR_IED_NEsperanza_Ext_d24b61,,,,,
2026-09-12T03:06:02-05:00,PUR_IED_NEsperanza_SElect_7d1807,PUR_IED_NEsperanza_SElect_7d1807,,,,,
2026-09-12T03:06:02-05:00,PUR_IED_NEsperanza_SLabor_8b2d0a,PUR_IED_NEsperanza_SLabor_8b2d0a,,,,,
2026-09-12T03:06:02-05:00,PUR_IED_NacionesU_Ext_f661a9,PUR_IED_NacionesU_Ext_f661a9,,,,,
2026-09-12T03:06:02-05:00,PUR_IED_NacionesU_Quimica_66f0a,PUR_IED_NacionesU_Quimica_66f0a,,,,,
2026-09-12T03:06:02-05:00,PUR_IED_NacionesU_S306_1b4b3d,PUR_IED_NacionesU_S306_1b4b3d,,,,,
2026-09-12T03:06:02-05:00,PUR_IED_NestorFA_Ext_e4201c,PUR_IED_NestorFA_Ext_e4201c,,,,,
2026-09-12T03:06:02-05:00,PUR_IED_NestorFA_Laborato_f22fe0,PUR_IED_NestorFA_Laborato_f22fe0,,,,,
2026-09-12T03:06:02-05:00,PUR_IED_NestorFA_S204_dee996,PUR_IED_NestorFA_S204_dee996,,,,,
2026-09-12T03:06:02-05:00,PUR_IED_NidyaQT_Aula03_76999b,PUR_IED_NidyaQT_Aula03_76999b,,,,,
2026-09-12T03:06:02-05:00,PUR_IED_NidyaQT_Aula10_56325,PUR_IED_NidyaQT_Aula10_56325,,,,,
2026-09-12T03:06:02-05:00,PUR_IED_NidyaQT_Ext_46e32d,PUR_IED_NidyaQT_Ext_46e32d,,,,,
2026-09-12T03:06:02-05:00,PUR_IED_NuevaCol_Exterior_d9b859,PUR_IED_NuevaCol_Exterior_d9b859,,,,,
2026-09-12T03:06:02-05:00,PUR_IED_NuevaCol_S1101_76c43b,PUR_IED_NuevaCol_S1101_76c43b,,,,,
2026-09-12T03:06:02-05:00,PUR_IED_NuevaCol_S1102_1ce0b5,PUR_IED_NuevaCol_S1102_1ce0b5,,,,,
2026-09-12T03:06:02-05:00,PUR_IED_OEA_A202_f7e3f2,PUR_IED_OEA_A202_f7e3f2,,,,,
2026-09-12T03:06:02-05:00,PUR_IED_OEA_A203_7d1b8d,PUR_IED_OEA_A203_7d1b8d,,,,,
2026-09-12T03:06:02-05:00,PUR_IED_OEA_Ext_27b593,PUR_IED_OEA_Ext_27b593,,,,,
2026-09-12T03:06:02-05:00,PUR_IED_Ochoa_Ext_1c29da,PUR_IED_Ochoa_Ext_1c29da,,,,,
2026-09-12T03:06:02-05:00,PUR_IED_Ochoa_S205_8b1121,PUR_IED_Ochoa_S205_8b1121,,,,,
2026-09-12T03:06:02-05:00,PUR_IED_Ochoa_Sistemas_f33af6,PUR_IED_Ochoa_Sistemas_f33af6,,,,,
2026-09-12T03:06:02-05:00,PUR_IED_PQuebec_Ext_1c67c7,PUR_IED_PQuebec_Ext_1c67c7,,,,,
2026-09-12T03:06:02-05:00,PUR_IED_PQuebec_S15_23e8e2,PUR_IED_PQuebec_S15_23e8e2,,,,,
2026-09-12T03:06:02-05:00,PUR_IED_PQuebec_S16_8ec76b,PUR_IED_PQuebec_S16_8ec76b,,,,,
2026-09-12T03:06:02-05:00,PUR_IED_PabloN_Ext_49dc96,PUR_IED_PabloN_Ext_49dc96,,,,,
2026-09-12T03:06:02-05:00,PUR_IED_PabloN_S1102_4e3df5,PUR_IED_PabloN_S1102_4e3df5,,,,,
2026-09-12T03:06:02-05:00,PUR_IED_PabloN_S1103_50c94b,PUR_IED_PabloN_S1103_50c94b,,,,,
2026-09-12T03:06:02-05:00,PUR_IED_Palestina_S1101_db9198,PUR_IED_Palestina_S1101_db9198,,,,,
2026-09-12T03:06:02-05:00,PUR_IED_Palestina_S1102_dc54fa,PUR_IED_Palestina_S1102_dc54fa,,,,,
2026-09-12T03:06:02-05:00,PUR_IED_Palestina_ext_4ccce6,PUR_IED_Palestina_ext_4ccce6,,,,,
2026-09-12T03:06:02-05:00,PUR_IED_Panama_Fisica_4d0794,PUR_IED_Panama_Fisica_4d0794,,,,,
2026-09-12T03:06:02-05:00,PUR_IED_Panama_SIngles_a4077e,PUR_IED_Panama_SIngles_a4077e,,,,,
2026-09-12T03:06:02-05:00,PUR_IED_Panama_ext_4c54b4,PUR_IED_Panama_ext_4c54b4,,,,,
2026-09-12T03:06:02-05:00,PUR_IED_ParaisoM_Exterior_8cd7f0,PUR_IED_ParaisoM_Exterior_8cd7f0,,,,,
2026-09-12T03:06:02-05:00,PUR_IED_ParaisoM_Laborato_27af35,PUR_IED_ParaisoM_Laborato_27af35,,,,,
2026-09-12T03:06:02-05:00,PUR_IED_ParaisoM_S304_d1edca,PUR_IED_ParaisoM_S304_d1edca,,,,,
2026-09-12T03:06:02-05:00,PUR_IED_PorfirioBarba_Ext_301466,PUR_IED_PorfirioBarba_Ext_301466,,,,,
2026-09-12T03:06:02-05:00,PUR_IED_PorfirioBarba_S11_df6cd2,PUR_IED_PorfirioBarba_S11_df6cd2,,,,,
2026-09-12T03:06:02-05:00,PUR_IED_PorfirioBarba_S29_27a7d6,PUR_IED_PorfirioBarba_S29_27a7d6,,,,,
2026-09-12T03:06:02-05:00,PUR_IED_PradoV_Exter_8b27ad,PUR_IED_PradoV_Exter_8b27ad,,,,,
2026-09-12T03:06:02-05:00,PUR_IED_PradoV_S301_de65b5,PUR_IED_PradoV_S301_de65b5,,,,,
2026-09-12T03:06:02-05:00,PUR_IED_PradoV_S302_7d2593,PUR_IED_PradoV_S302_7d2593,,,,,
2026-09-12T03:06:02-05:00,PUR_IED_QuirogaAlz_Ext_1ddc82,PUR_IED_QuirogaAlz_Ext_1ddc82,,,,,
2026-09-12T03:06:02-05:00,PUR_IED_QuirogaAlz_S302_9926a3,PUR_IED_QuirogaAlz_S302_9926a3,,,,,
2026-09-12T03:06:02-05:00,PUR_IED_QuirogaAlz_S305_cdf1f1,PUR_IED_QuirogaAlz_S305_cdf1f1,,,,,
2026-09-12T03:06:02-05:00,PUR_IED_RGuatemala_Biling_dc53b7,PUR_IED_RGuatemala_Biling_dc53b7,,,,,
2026-09-12T03:06:02-05:00,PUR_IED_RGuatemala_Ext_1b89a3,PUR_IED_RGuatemala_Ext_1b89a3,,,,,
2026-09-12T03:06:02-05:00,PUR_IED_RGuatemala_Tecnol_281a34,PUR_IED_RGuatemala_Tecnol_281a34,,,,,
2026-09-12T03:06:02-05:00,PUR_IED_RafaNu_Ext_f7c302,PUR_IED_RafaNu_Ext_f7c302,,,,,
2026-09-12T03:06:02-05:00,PUR_IED_RafaNu_S1101_25fde,PUR_IED_RafaNu_S1101_25fde,,,,,
2026-09-12T03:06:02-05:00,PUR_IED_RafaNu_S1102_281517,PUR_IED_RafaNu_S1102_281517,,,,,
2026-09-12T03:06:02-05:00,PUR_IED_RafaelB_S305_ee2783,PUR_IED_RafaelB_S305_ee2783,,,,,
2026-09-12T03:06:02-05:00,PUR_IED_RafaelB_S306_75fe33,PUR_IED_RafaelB_S306_75fe33,,,,,
2026-09-12T03:06:02-05:00,PUR_IED_RafaelB_ext_283336,PUR_IED_RafaelB_ext_283336,3,18,59,4.6722,-74.0737
2026-09-12T03:06:02-05:00,PUR_IED_RafaelUU_Exterior_281a51,PUR_IED_RafaelUU_Exterior_281a51,,,,,
2026-09-12T03:06:02-05:00,PUR_IED_RafaelUU_Human_806b2,PUR_IED_RafaelUU_Human_806b2,,,,,
2026-09-12T03:06:02-05:00,PUR_IED_RafaelUU_Mate2_5680d4,PUR_IED_RafaelUU_Mate2_5680d4,,,,,
2026-09-12T03:06:02-05:00,PUR_IED_RamonSub_Ext_f9eeb9,PUR_IED_RamonSub_Ext_f9eeb9,,,,,
2026-09-12T03:06:02-05:00,PUR_IED_RamonSub_Media_d1f62f,PUR_IED_RamonSub_Media_d1f62f,,,,,
2026-09-12T03:06:02-05:00,PUR_IED_RamonSub_planta_51b82,PUR_IED_RamonSub_planta_51b82,,,,,
2026-09-12T03:06:02-05:00,PUR_IED_RepBoliVene_Exter_27af7c,PUR_IED_RepBoliVene_Exter_27af7c,,,,,
2026-09-12T03:06:02-05:00,PUR_IED_RepBoliVene_SCPT_5ae2ee,PUR_IED_RepBoliVene_SCPT_5ae2ee,,,,,
2026-09-12T03:06:02-05:00,PUR_IED_RepBoliVene_Socia_4b11d5,PUR_IED_RepBoliVene_Socia_4b11d5,,,,,
2026-09-12T03:06:02-05:00,PUR_IED_RepChina_Ext_76d9ee,PUR_IED_RepChina_Ext_76d9ee,,,,,
2026-09-12T03:06:02-05:00,PUR_IED_RepChina_S404_7c804c,PUR_IED_RepChina_S404_7c804c,,,,,
2026-09-12T03:06:02-05:00,PUR_IED_RepChina_S405_df2c33,PUR_IED_RepChina_S405_df2c33,,,,,
2026-09-12T03:06:02-05:00,PUR_IED_RepublicaC_Exteri_7d1ec9,PUR_IED_RepublicaC_Exteri_7d1ec9,,,,,
2026-09-12T03:06:02-05:00,PUR_IED_RepublicaC_S1101_f544b3,PUR_IED_RepublicaC_S1101_f544b3,,,,,
2026-09-12T03:06:02-05:00,PUR_IED_RepublicaC_S1102_7aafc7,PUR_IED_RepublicaC_S1102_7aafc7,,,,,
2026-09-12T03:06:02-05:00,PUR_IED_Ricaurte_Externo_a0ea1,PUR_IED_Ricaurte_Externo_a0ea1,,,,,
2026-09-12T03:06:02-05:00,PUR_IED_Ricaurte_S210_f546fd,PUR_IED_Ricaurte_S210_f546fd,,,,,
2026-09-12T03:06:02-05:00,PUR_IED_Ricaurte_S309_d4452,PUR_IED_Ricaurte_S309_d4452,,,,,
2026-09-12T03:06:02-05:00,PUR_IED_RogelioS_1102_531e69,PUR_IED_RogelioS_1102_531e69,,,,,
2026-09-12T03:06:02-05:00,PUR_IED_RogelioS_Ext_f25a18,PUR_IED_RogelioS_Ext_f25a18,,,,,
2026-09-12T03:06:02-05:00,PUR_IED_SBernardino_Ext_27aff8,PUR_IED_SBernardino_Ext_27aff8,,,,,
2026-09-12T03:06:02-05:00,PUR_IED_SBernardino_SArte_2ffd33,PUR_IED_SBernardino_SArte_2ffd33,,,,,
2026-09-12T03:06:02-05:00,PUR_IED_SBernardino_SIngl_7c7da5,PUR_IED_SBernardino_SIngl_7c7da5,,,,,
2026-09-12T03:06:02-05:00,PUR_IED_Sago_auditorio_dc9d1d,PUR_IED_Sago_auditorio_dc9d1d,,,,,
2026-09-12T03:06:02-05:00,PUR_IED_Saludcoop_Ext_95aac3,PUR_IED_Saludcoop_Ext_95aac3,,,,,
2026-09-12T03:06:02-05:00,PUR_IED_Saludcoop_InfI_90c854,PUR_IED_Saludcoop_InfI_90c854,,,,,
2026-09-12T03:06:02-05:00,PUR_IED_Saludcoop_SMedia_1b93be,PUR_IED_Saludcoop_SMedia_1b93be,,,,,
2026-09-12T03:06:02-05:00,PUR_IED_SanCarlos_1101_1a2360,PUR_IED_SanCarlos_1101_1a2360,,,,,
2026-09-12T03:06:02-05:00,PUR_IED_SanCarlos_1103_7bafb5,PUR_IED_SanCarlos_1103_7bafb5,,,,,
2026-09-12T03:06:02-05:00,PUR_IED_SanCarlos_Ext_b7cd1,PUR_IED_SanCarlos_Ext_b7cd1,,,,,
2026-09-12T03:06:02-05:00,PUR_IED_SanIgnacioBosa11a_50c26e,PUR_IED_SanIgnacioBosa11a_50c26e,,,,,
2026-09-12T03:06:02-05:00,PUR_IED_SanIgnacioBosa11b_371de8,PUR_IED_SanIgnacioBosa11b_371de8,,,,,
2026-09-12T03:06:02-05:00,PUR_IED_SanIgnacioBosaExt_ef0ffc,PUR_IED_SanIgnacioBosaExt_ef0ffc,,,,,
2026-09-12T03:06:02-05:00,PUR_IED_SanIgnacioBosa_11a_50c26e,PUR_IED_SanIgnacioBosa_11a_50c26e,,,,,
2026-09-12T03:06:02-05:00,PUR_IED_SanIgnacioBosa_Ext_ef0ffc,PUR_IED_SanIgnacioBosa_Ext_ef0ffc,,,,,
2026-09-12T03:06:02-05:00,PUR_IED_SanJoseN_intS1101_31c47f,PUR_IED_SanJoseN_intS1101_31c47f,,,,,
2026-09-12T03:06:02-05:00,PUR_IED_SanJoseUsm_Exter_f5d7e8,PUR_IED_SanJoseUsm_Exter_f5d7e8,,,,,
2026-09-12T03:06:02-05:00,PUR_IED_SanJoseUsm_Int11A_cfdef6,PUR_IED_SanJoseUsm_Int11A_cfdef6,,,,,
2026-09-12T03:06:02-05:00,PUR_IED_SilveriaR_IntB5_905349,PUR_IED_SilveriaR_IntB5_905349,,,,,
2026-09-12T03:06:02-05:00,PUR_IED_SilveriaR_IntSD14_981f93,PUR_IED_SilveriaR_IntSD14_981f93,,,,,
2026-09-12T03:06:02-05:00,PUR_IED_SilveriaR_ext_2b651d,PUR_IED_SilveriaR_ext_2b651d,,,,,
2026-09-12T03:06:02-05:00,PUR_IED_SimonB_Exterior_913975,PUR_IED_SimonB_Exterior_913975,,,,,
2026-09-12T03:06:02-05:00,PUR_IED_SimonB_LabQuimi_c56908,PUR_IED_SimonB_LabQuimi_c56908,,,,,
2026-09-12T03:06:02-05:00,PUR_IED_SimonB_informatic_a28c1,PUR_IED_SimonB_informatic_a28c1,,,,,
2026-09-12T03:06:02-05:00,PUR_IED_Sorrento_1102_315f50,PUR_IED_Sorrento_1102_315f50,,,,,
2026-09-12T03:06:02-05:00,PUR_IED_Sorrento_Minte_214eab,PUR_IED_Sorrento_Minte_214eab,,,,,
2026-09-12T03:06:02-05:00,PUR_IED_Sorrento_ext_7c3a0a,PUR_IED_Sorrento_ext_7c3a0a,,,,,
2026-09-12T03:06:02-05:00,PUR_IED_Tabora_Ext_f048ae,PUR_IED_Tabora_Ext_f048ae,,,,,
2026-09-12T03:06:02-05:00,PUR_IED_Tabora_S1102_b07752,PUR_IED_Tabora_S1102_b07752,,,,,
2026-09-12T03:06:02-05:00,PUR_IED_Tabora_S1103_d988f5,PUR_IED_Tabora_S1103_d988f5,,,,,
2026-09-12T03:06:02-05:00,PUR_IED_Tenerife_Ext_1ab188,PUR_IED_Tenerife_Ext_1ab188,,,,,
2026-09-12T03:06:02-05:00,PUR_IED_Tenerife_SDanzas_7bc02e,PUR_IED_Tenerife_SDanzas_7bc02e,,,,,
2026-09-12T03:06:02-05:00,PUR_IED_Tenerife_SIngles_7cc277,PUR_IED_Tenerife_SIngles_7cc277,,,,,
2026-09-12T03:06:02-05:00,PUR_IED_Tibabuyes_Exter_f2683d,PUR_IED_Tibabuyes_Exter_f2683d,,,,,
2026-09-12T03:06:02-05:00,PUR_IED_Tibabuyes_S10_dc87a8,PUR_IED_Tibabuyes_S10_dc87a8,,,,,
2026-09-12T03:06:02-05:00,PUR_IED_Tibabuyes_S15_dc0526,PUR_IED_Tibabuyes_S15_dc0526,,,,,
2026-09-12T03:06:02-05:00,PUR_IED_UnionE_S301_a1043,PUR_IED_UnionE_S301_a1043,,,,,
2026-09-12T03:06:02-05:00,PUR_IED_UnionE_S307_ff6c2f,PUR_IED_UnionE_S307_ff6c2f,,,,,
2026-09-12T03:06:02-05:00,PUR_IED_UnionE__Ext_5e2468,PUR_IED_UnionE__Ext_5e2468,,,,,
2026-09-12T03:06:02-05:00,PUR_IED_VillaRica_Ext_75be7c,PUR_IED_VillaRica_Ext_75be7c,,,,,
2026-09-12T03:06:02-05:00,PUR_IED_VillaRica_S4_cc5dcd,PUR_IED_VillaRica_S4_cc5dcd,,,,,
2026-09-12T03:06:02-05:00,PUR_IED_VillaRica_Sesp_99f5c,PUR_IED_VillaRica_Sesp_99f5c,,,,,
2026-09-12T03:11:08-05:00,PUR_IED_20deJulio_1101_91b1b9,PUR_IED_20deJulio_1101_91b1b9,,,,,
2026-09-12T03:11:08-05:00,PUR_IED_20deJulio_1102_1cfcf9,PUR_IED_20deJulio_1102_1cfcf9,,,,,
2026-09-12T03:11:08-05:00,PUR_IED_20deJulio_Ext_ab60bd,PUR_IED_20deJulio_Ext_ab60bd,,,,,
2026-09-12T03:11:08-05:00,PUR_IED_AgustinFer_Ext_7b9b77,PUR_IED_AgustinFer_Ext_7b9b77,,,,,
2026-09-12T03:11:08-05:00,PUR_IED_AgustinFer_Info2_27b3a7,PUR_IED_AgustinFer_Info2_27b3a7,,,,,
2026-09-12T03:11:08-05:00,PUR_IED_AgustinFer_Sena_54b4eb,PUR_IED_AgustinFer_Sena_54b4eb,,,,,
2026-09-12T03:11:08-05:00,PUR_IED_AlexanderF_1102_caf07b,PUR_IED_AlexanderF_1102_caf07b,,,,,
2026-09-12T03:11:08-05:00,PUR_IED_AlexanderF_1103_c79e71,PUR_IED_AlexanderF_1103_c79e71,,,,,
2026-09-12T03:11:08-05:00,PUR_IED_AlexanderF_Ext_c5b18b,PUR_IED_AlexanderF_Ext_c5b18b,,,,,
2026-09-12T03:11:08-05:00,PUR_IED_AlfonsoLopez_Ext_281d77,PUR_IED_AlfonsoLopez_Ext_281d77,,,,,
2026-09-12T03:11:08-05:00,PUR_IED_AlfonsoLopez_LabF_888ce0,PUR_IED_AlfonsoLopez_LabF_888ce0,,,,,
2026-09-12T03:11:08-05:00,PUR_IED_AlfonsoLopez_SMed_df6a7f,PUR_IED_AlfonsoLopez_SMed_df6a7f,,,,,
2026-09-12T03:11:08-05:00,PUR_IED_AltamiraSO_A2_209f92,PUR_IED_AltamiraSO_A2_209f92,,,,,
2026-09-12T03:11:08-05:00,PUR_IED_AltamiraSO_Ext_186d66,PUR_IED_AltamiraSO_Ext_186d66,,,,,
2026-09-12T03:11:08-05:00,PUR_IED_AltamiraSO_Sistem_27afe1,PUR_IED_AltamiraSO_Sistem_27afe1,,,,,
2026-09-12T03:11:08-05:00,PUR_IED_AlvaroGom_LabQuim_813179,PUR_IED_AlvaroGom_LabQuim_813179,,,,,
2026-09-12T03:11:08-05:00,PUR_IED_AlvaroGomez_Ext_47c7ca,PUR_IED_AlvaroGomez_Ext_47c7ca,,,,,
2026-09-12T03:11:08-05:00,PUR_IED_AlvaroGomez_LabQuim_813179,PUR_IED_AlvaroGomez_LabQuim_813179,,,,,
2026-09-12T03:11:08-05:00,PUR_IED_AlvaroGomez_S23_7ba89f,PUR_IED_AlvaroGomez_S23_7ba89f,,,,,
2026-09-12T03:11:08-05:00,PUR_IED_Amistad_306_dc8728,PUR_IED_Amistad_306_dc8728,,,,,
2026-09-12T03:11:08-05:00,PUR_IED_Amistad_Ext_8cd55e,PUR_IED_Amistad_Ext_8cd55e,,,,,
2026-09-12T03:11:08-05:00,PUR_IED_Amistad_S202_a41169,PUR_IED_Amistad_S202_a41169,,,,,
2026-09-12T03:11:08-05:00,PUR_IED_AndresBello_Bio_fd5f5e,PUR_IED_AndresBello_Bio_fd5f5e,,,,,
2026-09-12T03:11:08-05:00,PUR_IED_AndresBello_ext_dcad65,PUR_IED_AndresBello_ext_dcad65,,,,,
2026-09-12T03:11:08-05:00,PUR_IED_AndresBello_port_eed3ec,PUR_IED_AndresBello_port_eed3ec,,,,,
2026-09-12T03:11:08-05:00,PUR_IED_AngelaR_11b_d90a6b,PUR_IED_AngelaR_11b_d90a6b,,,,,
2026-09-12T03:11:08-05:00,PUR_IED_AngelaR_ext_7cad3e,PUR_IED_AngelaR_ext_7cad3e,13,20,61,4.5825,-74.164497
2026-09-12T03:11:08-05:00,PUR_IED_AntJoseSucre_10mo_df2575,PUR_IED_AntJoseSucre_10mo_df2575,,,,,
2026-09-12T03:11:08-05:00,PUR_IED_AntJoseSucre_Ext_215b36,PUR_IED_AntJoseSucre_Ext_215b36,,,,,
2026-09-12T03:11:08-05:00,PUR_IED_AntJoseSucre_Lab_3139de,PUR_IED_AntJoseSucre_Lab_3139de,,,,,
2026-09-12T03:11:08-05:00,PUR_IED_AntonioGarcia_301_d6b188,PUR_IED_AntonioGarcia_301_d6b188,,,,,
2026-09-12T03:11:08-05:00,PUR_IED_AntonioGarcia_302_88a82,PUR_IED_AntonioGarcia_302_88a82,,,,,
2026-09-12T03:11:08-05:00,PUR_IED_AntonioGarcia_Ext_20950c,PUR_IED_AntonioGarcia_Ext_20950c,,,,,
2026-09-12T03:11:08-05:00,PUR_IED_AntonioVan_Aula2_6dea02,PUR_IED_AntonioVan_Aula2_6dea02,,,,,
2026-09-12T03:11:08-05:00,PUR_IED_AntonioVan_Aula5_f1557e,PUR_IED_AntonioVan_Aula5_f1557e,,,,,
2026-09-12T03:11:08-05:00,PUR_IED_AntonioVan_Ext_406f2f,PUR_IED_AntonioVan_Ext_406f2f,,,,,
2026-09-12T03:11:08-05:00,PUR_IED_Atabanzha_Ext_cc5af9,PUR_IED_Atabanzha_Ext_cc5af9,,,,,
2026-09-12T03:11:08-05:00,PUR_IED_Atabanzha_SA101_56c37,PUR_IED_Atabanzha_SA101_56c37,,,,,
2026-09-12T03:11:08-05:00,PUR_IED_Atabanzha_SB302_27b374,PUR_IED_Atabanzha_SB302_27b374,,,,,
2026-09-12T03:11:08-05:00,PUR_IED_Atahualpa_Ext_fc1748,PUR_IED_Atahualpa_Ext_fc1748,,,,,
2026-09-12T03:11:08-05:00,PUR_IED_Atahualpa_Informa_dc9a95,PUR_IED_Atahualpa_Informa_dc9a95,,,,,
2026-09-12T03:11:08-05:00,PUR_IED_Atahualpa_S1101_f98056,PUR_IED_Atahualpa_S1101_f98056,,,,,
2026-09-12T03:11:08-05:00,PUR_IED_Bellavista_Ext_f5aa74,PUR_IED_Bellavista_Ext_f5aa74,,,,,
2026-09-12T03:11:08-05:00,PUR_IED_Bilbao_11A_916c41,PUR_IED_Bilbao_11A_916c41,,,,,
2026-09-12T03:11:08-05:00,PUR_IED_Bilbao_Ext_fb579a,PUR_IED_Bilbao_Ext_fb579a,,,,,
2026-09-12T03:11:08-05:00,PUR_IED_BrasiliaU_A125_304280,PUR_IED_BrasiliaU_A125_304280,,,,,
2026-09-12T03:11:08-05:00,PUR_IED_BrasiliaU_A203_7c8ca5,PUR_IED_BrasiliaU_A203_7c8ca5,,,,,
2026-09-12T03:11:08-05:00,PUR_IED_BrasiliaU_Ext_8d6e9f,PUR_IED_BrasiliaU_Ext_8d6e9f,3,17,63,4.5175,-74.116302
2026-09-12T03:11:08-05:00,PUR_IED_Brasilia_Ext_fe6593,PUR_IED_Brasilia_Ext_fe6593,,,,,
2026-09-12T03:11:08-05:00,PUR_IED_Brasilia_S24_7c130d,PUR_IED_Brasilia_S24_7c130d,,,,,
2026-09-12T03:11:08-05:00,PUR_IED_Brasilia_S501_186a54,PUR_IED_Brasilia_S501_186a54,,,,,
2026-09-12T03:11:08-05:00,PUR_IED_CHARRY_EXT_f1d5cd,PUR_IED_CHARRY_EXT_f1d5cd,,,,,
2026-09-12T03:11:08-05:00,PUR_IED_CHARRY_INTDANZAS_7a08e6,PUR_IED_CHARRY_INTDANZAS_7a08e6,,,,,
2026-09-12T03:11:08-05:00,PUR_IED_CHARRY_INT_AULA20_dc998d,PUR_IED_CHARRY_INT_AULA20_dc998d,,,,,
2026-09-12T03:11:08-05:00,PUR_IED_COLVIV_1101_S25_7f520a,PUR_IED_COLVIV_1101_S25_7f520a,,,,,
2026-09-12T03:11:08-05:00,PUR_IED_COLVIV_1102_S16_f570ba,PUR_IED_COLVIV_1102_S16_f570ba,,,,,
2026-09-12T03:11:08-05:00,PUR_IED_COLVIV_Ext_1a26fa,PUR_IED_COLVIV_Ext_1a26fa,,,,,
2026-09-12T03:11:08-05:00,PUR_IED_CULPOP_301A_f660f3,PUR_IED_CULPOP_301A_f660f3,,,,,
2026-09-12T03:11:08-05:00,PUR_IED_CULPOP_303_568afe,PUR_IED_CULPOP_303_568afe,,,,,
2026-09-12T03:11:08-05:00,PUR_IED_CULPOP_Ext_e02ccb,PUR_IED_CULPOP_Ext_e02ccb,,,,,
2026-09-12T03:11:08-05:00,PUR_IED_CVillavicen_Ext_26eb58,PUR_IED_CVillavicen_Ext_26eb58,5,14,82,4.487,-74.102798
2026-09-12T03:11:08-05:00,PUR_IED_CVillavicen_Intel_1ce5c2,PUR_IED_CVillavicen_Intel_1ce5c2,,,,,
2026-09-12T03:11:08-05:00,PUR_IED_CVillavicen_Poliv_e0766c,PUR_IED_CVillavicen_Poliv_e0766c,,,,,
2026-09-12T03:11:08-05:00,PUR_IED_CVillavicen_int_1ba140,PUR_IED_CVillavicen_int_1ba140,,,,,
2026-09-12T03:11:08-05:00,PUR_IED_CVillavicen_intel_1ba140,PUR_IED_CVillavicen_intel_1ba140,,,,,
2026-09-12T03:11:08-05:00,PUR_IED_CarlosPizarro_Ext_e307cc,PUR_IED_CarlosPizarro_Ext_e307cc,,,,,
2026-09-12T03:11:08-05:00,PUR_IED_CarlosPizarro_L36_7e5cdb,PUR_IED_CarlosPizarro_L36_7e5cdb,,,,,
2026-09-12T03:11:08-05:00,PUR_IED_CarlosPizarro_L37_c8566c,PUR_IED_CarlosPizarro_L37_c8566c,,,,,
2026-09-12T03:11:08-05:00,PUR_IED_Castilla_Ext_cf35f,PUR_IED_Castilla_Ext_cf35f,,,,,
2026-09-12T03:11:08-05:00,PUR_IED_Castilla_SFisik_360e38,PUR_IED_Castilla_SFisik_360e38,,,,,
2026-09-12T03:11:08-05:00,PUR_IED_Castilla_Sc304_496fbf,PUR_IED_Castilla_Sc304_496fbf,,,,,
2026-09-12T03:11:08-05:00,PUR_IED_CervantesSa_Ext_6b57b,PUR_IED_CervantesSa_Ext_6b57b,2,17,68,4.5128,-74.117203
2026-09-12T03:11:08-05:00,PUR_IED_CervantesSa_S107_225c2b,PUR_IED_CervantesSa_S107_225c2b,,,,,
2026-09-12T03:11:08-05:00,PUR_IED_CervantesSa_S108_940925,PUR_IED_CervantesSa_S108_940925,,,,,
2026-09-12T03:11:08-05:00,PUR_IED_Charry_A20_f53e7c,PUR_IED_Charry_A20_f53e7c,,,,,
2026-09-12T03:11:08-05:00,PUR_IED_Charry_Ext_f1d5cd,PUR_IED_Charry_Ext_f1d5cd,,,,,
2026-09-12T03:11:08-05:00,PUR_IED_Charry_IntAula20_dc998d,PUR_IED_Charry_IntAula20_dc998d,,,,,
2026-09-12T03:11:08-05:00,PUR_IED_Charry_IntDanzas_7a08e6,PUR_IED_Charry_IntDanzas_7a08e6,,,,,
2026-09-12T03:11:08-05:00,PUR_IED_ClememciaC_203_43e2fc,PUR_IED_ClememciaC_203_43e2fc,,,,,
2026-09-12T03:11:08-05:00,PUR_IED_ClememciaC_Ext_1b411a,PUR_IED_ClememciaC_Ext_1b411a,,,,,
2026-09-12T03:11:08-05:00,PUR_IED_ClememciaC_Quimic_44b5fc,PUR_IED_ClememciaC_Quimic_44b5fc,,,,,
2026-09-12T03:11:08-05:00,PUR_IED_ClemenciaC_203_43e2fc,PUR_IED_ClemenciaC_203_43e2fc,,,,,
2026-09-12T03:11:08-05:00,PUR_IED_ClemenciaC_Ext_1b411a,PUR_IED_ClemenciaC_Ext_1b411a,,,,,
2026-09-12T03:11:08-05:00,PUR_IED_ClemenciaC_Quimic_44b5fc,PUR_IED_ClemenciaC_Quimic_44b5fc,,,,,
2026-09-12T03:11:08-05:00,PUR_IED_ColViva_1101_S25_7f520a,PUR_IED_ColViva_1101_S25_7f520a,,,,,
2026-09-12T03:11:08-05:00,PUR_IED_ColViva_1102_S16_f570ba,PUR_IED_ColViva_1102_S16_f570ba,,,,,
2026-09-12T03:11:08-05:00,PUR_IED_ColViva_Ext_1a26fa,PUR_IED_ColViva_Ext_1a26fa,,,,,
2026-09-12T03:11:08-05:00,PUR_IED_ColegioBici_Asist_7c8798,PUR_IED_ColegioBici_Asist_7c8798,,,,,
2026-09-12T03:11:08-05:00,PUR_IED_ColegioBici_Ext_25cbf6,PUR_IED_ColegioBici_Ext_25cbf6,,,,,
2026-09-12T03:11:08-05:00,PUR_IED_ColegioBici_LabQ_7b57db,PUR_IED_ColegioBici_LabQ_7b57db,,,,,
2026-09-12T03:11:08-05:00,PUR_IED_CostaRica_Ext_5e640,PUR_IED_CostaRica_Ext_5e640,,,,,
2026-09-12T03:11:08-05:00,PUR_IED_CostaRica_Quim1_766d1c,PUR_IED_CostaRica_Quim1_766d1c,,,,,
2026-09-12T03:11:08-05:00,PUR_IED_CostaRica__Fisica_6f0873,PUR_IED_CostaRica__Fisica_6f0873,,,,,
2026-09-12T03:11:08-05:00,PUR_IED_CulPopu_301A_f660f3,PUR_IED_CulPopu_301A_f660f3,,,,,
2026-09-12T03:11:08-05:00,PUR_IED_CulPopu_303_568afe,PUR_IED_CulPopu_303_568afe,,,,,
2026-09-12T03:11:08-05:00,PUR_IED_CulPopu_Ext_e02ccb,PUR_IED_CulPopu_Ext_e02ccb,,,,,
2026-09-12T03:11:08-05:00,PUR_IED_Cundinamarca_Ext_f15985,PUR_IED_Cundinamarca_Ext_f15985,,,,,
2026-09-12T03:11:08-05:00,PUR_IED_Cundinamarca_Info_7aa5d7,PUR_IED_Cundinamarca_Info_7aa5d7,,,,,
2026-09-12T03:11:08-05:00,PUR_IED_Cundinamarca_Tec2_f449c7,PUR_IED_Cundinamarca_Tec2_f449c7,,,,,
2026-09-12T03:11:08-05:00,PUR_IED_DiegoM_Aula1_27b314,PUR_IED_DiegoM_Aula1_27b314,,,,,
2026-09-12T03:11:08-05:00,PUR_IED_DiegoM_Ext_d80ac8,PUR_IED_DiegoM_Ext_d80ac8,,,,,
2026-09-12T03:11:08-05:00,PUR_IED_DiegoM_S25_da928f,PUR_IED_DiegoM_S25_da928f,,,,,
2026-09-12T03:11:08-05:00,PUR_IED_ELRODEO_360881,PUR_IED_ELRODEO_360881,,,,,
2026-09-12T03:11:08-05:00,PUR_IED_ELRODEO_ext_360881,PUR_IED_ELRODEO_ext_360881,,,,,
2026-09-12T03:11:08-05:00,PUR_IED_EduardoU_Ext_1c1969,PUR_IED_EduardoU_Ext_1c1969,,,,,
2026-09-12T03:11:08-05:00,PUR_IED_EduardoU_SCiencia_4dfb94,PUR_IED_EduardoU_SCiencia_4dfb94,,,,,
2026-09-12T03:11:08-05:00,PUR_IED_EduardoU_SQuimica_5a46e7,PUR_IED_EduardoU_SQuimica_5a46e7,,,,,
2026-09-12T03:11:08-05:00,PUR_IED_ElRodeo_Aula14_676984,PUR_IED_ElRodeo_Aula14_676984,,,,,
2026-09-12T03:11:08-05:00,PUR_IED_ElRodeo_Aula16_2dd35b,PUR_IED_ElRodeo_Aula16_2dd35b,,,,,
2026-09-12T03:11:08-05:00,PUR_IED_ElRodeo_Ext_360881,PUR_IED_ElRodeo_Ext_360881,,,,,
2026-09-12T03:11:08-05:00,PUR_IED_ElRodeo_Exterior_8c6d28,PUR_IED_ElRodeo_Exterior_8c6d28,,,,,
2026-09-12T03:11:08-05:00,PUR_IED_ElRodeo_ext_360881,PUR_IED_ElRodeo_ext_360881,,,,,
2026-09-12T03:11:08-05:00,PUR_IED_EmmaReyes_Ext_987625,PUR_IED_EmmaReyes_Ext_987625,11,21,53,4.6367,-74.1511
2026-09-12T03:11:08-05:00,PUR_IED_Ensueño_Ext_7f0250,PUR_IED_Ensueño_Ext_7f0250,,,,,
2026-09-12T03:11:08-05:00,PUR_IED_EscNormal_Ext_5fef3b,PUR_IED_EscNormal_Ext_5fef3b,2,18,61,4.5852,-74.096901
2026-09-12T03:11:08-05:00,PUR_IED_EscNormal_S309_5b263,PUR_IED_EscNormal_S309_5b263,,,,,
2026-09-12T03:11:08-05:00,PUR_IED_EscNormal_S310_27b3b8,PUR_IED_EscNormal_S310_27b3b8,,,,,
2026-09-12T03:11:08-05:00,PUR_IED_Evangelista_Conta_f6cd4f,PUR_IED_Evangelista_Conta_f6cd4f,,,,,
2026-09-12T03:11:08-05:00,PUR_IED_Evangelista_Cri_5e16a,PUR_IED_Evangelista_Cri_5e16a,,,,,
2026-09-12T03:11:08-05:00,PUR_IED_Evangelista_Exter_754066,PUR_IED_Evangelista_Exter_754066,,,,,
2026-09-12T03:11:08-05:00,PUR_IED_FMiranda_S209_5cc2a3,PUR_IED_FMiranda_S209_5cc2a3,,,,,
2026-09-12T03:11:08-05:00,PUR_IED_FMiranda_S303_19e344,PUR_IED_FMiranda_S303_19e344,,,,,
2026-09-12T03:11:08-05:00,PUR_IED_FMiranda_ext_f53e7c,PUR_IED_FMiranda_ext_f53e7c,,,,,
2026-09-12T03:11:08-05:00,PUR_IED_FabioLozano_Bibli_1cee05,PUR_IED_FabioLozano_Bibli_1cee05,,,,,
2026-09-12T03:11:08-05:00,PUR_IED_FabioLozano_Ext_6ea285,PUR_IED_FabioLozano_Ext_6ea285,,,,,
2026-09-12T03:11:08-05:00,PUR_IED_FabioLozano_SLudi_f09e1e,PUR_IED_FabioLozano_SLudi_f09e1e,,,,,
2026-09-12T03:11:08-05:00,PUR_IED_FaustinoS_Aula07_27a731,PUR_IED_FaustinoS_Aula07_27a731,,,,,
2026-09-12T03:11:08-05:00,PUR_IED_FaustinoS_Ext_7b936f,PUR_IED_FaustinoS_Ext_7b936f,,,,,
2026-09-12T03:11:08-05:00,PUR_IED_FaustinoS_Fisica_da2c60,PUR_IED_FaustinoS_Fisica_da2c60,,,,,
2026-09-12T03:11:08-05:00,PUR_IED_FeGarciaLo_Ext_dc68ee,PUR_IED_FeGarciaLo_Ext_dc68ee,,,,,
2026-09-12T03:11:08-05:00,PUR_IED_FeGarciaLo_SDanza_f70a59,PUR_IED_FeGarciaLo_SDanza_f70a59,,,,,
2026-09-12T03:11:08-05:00,PUR_IED_FeGarciaLo_SMusic_125cdd,PUR_IED_FeGarciaLo_SMusic_125cdd,,,,,
2026-09-12T03:11:08-05:00,PUR_IED_FederalAlema_Exte_50c345,PUR_IED_FederalAlema_Exte_50c345,,,,,
2026-09-12T03:11:08-05:00,PUR_IED_FederalAlema_S31_f18371,PUR_IED_FederalAlema_S31_f18371,,,,,
2026-09-12T03:11:08-05:00,PUR_IED_FederalAlema_S901_a62cd,PUR_IED_FederalAlema_S901_a62cd,,,,,
2026-09-12T03:11:08-05:00,PUR_IED_FilarmonicaS_A5_f35eb1,PUR_IED_FilarmonicaS_A5_f35eb1,,,,,
2026-09-12T03:11:08-05:00,PUR_IED_FilarmonicaS_Ext_8a3bde,PUR_IED_FilarmonicaS_Ext_8a3bde,,,,,
2026-09-12T03:11:08-05:00,PUR_IED_FilarmonicaS_Spol_406114,PUR_IED_FilarmonicaS_Spol_406114,,,,,
2026-09-12T03:11:08-05:00,PUR_IED_FlorentinoG_A13_d1fa59,PUR_IED_FlorentinoG_A13_d1fa59,,,,,
2026-09-12T03:11:08-05:00,PUR_IED_FlorentinoG_Ext_1ce6ce,PUR_IED_FlorentinoG_Ext_1ce6ce,,,,,
2026-09-12T03:11:08-05:00,PUR_IED_FlorentinoG_Idiom_a66aac,PUR_IED_FlorentinoG_Idiom_a66aac,,,,,
2026-09-12T03:11:08-05:00,PUR_IED_FranciscoMati_Ext_e3869d,PUR_IED_FranciscoMati_Ext_e3869d,,,,,
2026-09-12T03:11:08-05:00,PUR_IED_FranciscoMati_S13_f31c67,PUR_IED_FranciscoMati_S13_f31c67,,,,,
2026-09-12T03:11:08-05:00,PUR_IED_FranciscoMati_S14_97dead,PUR_IED_FranciscoMati_S14_97dead,,,,,
2026-09-12T03:11:08-05:00,PUR_IED_FranciscoPS_Ext_7bfa9a,PUR_IED_FranciscoPS_Ext_7bfa9a,5,19,59,4.5899,-74.110397
2026-09-12T03:11:08-05:00,PUR_IED_FranciscoPS_Infor_fb8f4c,PUR_IED_FranciscoPS_Infor_fb8f4c,,,,,
2026-09-12T03:11:08-05:00,PUR_IED_FranciscoPS_Quimi_94d39c,PUR_IED_FranciscoPS_Quimi_94d39c,,,,,
2026-09-12T03:11:08-05:00,PUR_IED_FranciscoP_LabQ_d7e148,PUR_IED_FranciscoP_LabQ_d7e148,,,,,
2026-09-12T03:11:08-05:00,PUR_IED_FranciscoP_S28_cf9b30,PUR_IED_FranciscoP_S28_cf9b30,,,,,
2026-09-12T03:11:08-05:00,PUR_IED_FranciscoP_ext_e2313,PUR_IED_FranciscoP_ext_e2313,,,,,
2026-09-12T03:11:08-05:00,PUR_IED_FriederichN_Ext_8ac92a,PUR_IED_FriederichN_Ext_8ac92a,,,,,
2026-09-12T03:11:08-05:00,PUR_IED_FriederichN_S301_dd7e5a,PUR_IED_FriederichN_S301_dd7e5a,,,,,
2026-09-12T03:11:08-05:00,PUR_IED_FriederichN_S308_761f4f,PUR_IED_FriederichN_S308_761f4f,,,,,
2026-09-12T03:11:08-05:00,PUR_IED_GSantander_Aula10_533dd7,PUR_IED_GSantander_Aula10_533dd7,,,,,
2026-09-12T03:11:08-05:00,PUR_IED_GSantander_Aula12_fd4e4f,PUR_IED_GSantander_Aula12_fd4e4f,,,,,
2026-09-12T03:11:08-05:00,PUR_IED_GSantander_Aula310_533dd7,PUR_IED_GSantander_Aula310_533dd7,,,,,
2026-09-12T03:11:08-05:00,PUR_IED_GSantander_Aula312_fd4e4f,PUR_IED_GSantander_Aula312_fd4e4f,,,,,
2026-09-12T03:11:08-05:00,PUR_IED_GSantander_Ext_5f66b0,PUR_IED_GSantander_Ext_5f66b0,,,,,
2026-09-12T03:11:08-05:00,PUR_IED_GYomasa_Ext_f6bea5,PUR_IED_GYomasa_Ext_f6bea5,,,,,
2026-09-12T03:11:08-05:00,PUR_IED_GYomasa_LBiol_2c41aa,PUR_IED_GYomasa_LBiol_2c41aa,,,,,
2026-09-12T03:11:08-05:00,PUR_IED_GYomasa_LQuim_33c80,PUR_IED_GYomasa_LQuim_33c80,,,,,
2026-09-12T03:11:08-05:00,PUR_IED_GabBetMejia_Cienc_5a99c,PUR_IED_GabBetMejia_Cienc_5a99c,,,,,
2026-09-12T03:11:08-05:00,PUR_IED_GabBetMejia_Ext_9153d0,PUR_IED_GabBetMejia_Ext_9153d0,,,,,
2026-09-12T03:11:08-05:00,PUR_IED_GabBetMejia_Lab_f55347,PUR_IED_GabBetMejia_Lab_f55347,,,,,
2026-09-12T03:11:08-05:00,PUR_IED_GabBetanMejia_Ext_9153d0,PUR_IED_GabBetanMejia_Ext_9153d0,,,,,
2026-09-12T03:11:08-05:00,PUR_IED_Gaitana_Aula13_7aac11,PUR_IED_Gaitana_Aula13_7aac11,,,,,
2026-09-12T03:11:08-05:00,PUR_IED_Gaitana_Ext_5fcf4,PUR_IED_Gaitana_Ext_5fcf4,,,,,
2026-09-12T03:11:08-05:00,PUR_IED_Gaitana_LabFisica_644448,PUR_IED_Gaitana_LabFisica_644448,,,,,
2026-09-12T03:11:08-05:00,PUR_IED_GenSantander_Dise_8ac858,PUR_IED_GenSantander_Dise_8ac858,,,,,
2026-09-12T03:11:08-05:00,PUR_IED_GenSantander_Ext_8d5dfe,PUR_IED_GenSantander_Ext_8d5dfe,,,,,
2026-09-12T03:11:08-05:00,PUR_IED_GenSantander_Info_6c25b,PUR_IED_GenSantander_Info_6c25b,,,,,
2026-09-12T03:11:08-05:00,PUR_IED_GustavoMo_Exterio_75e63d,PUR_IED_GustavoMo_Exterio_75e63d,,,,,
2026-09-12T03:11:08-05:00,PUR_IED_GustavoMo_LabFisi_224d37,PUR_IED_GustavoMo_LabFisi_224d37,,,,,
2026-09-12T03:11:08-05:00,PUR_IED_GustavoMo_S208_3e6918,PUR_IED_GustavoMo_S208_3e6918,,,,,
2026-09-12T03:11:08-05:00,PUR_IED_GustavoR_A02_8cd4a8,PUR_IED_GustavoR_A02_8cd4a8,,,,,
2026-09-12T03:11:08-05:00,PUR_IED_GustavoR_B11_5b0ed,PUR_IED_GustavoR_B11_5b0ed,,,,,
2026-09-12T03:11:08-05:00,PUR_IED_GustavoR_Ext_7a0c90,PUR_IED_GustavoR_Ext_7a0c90,,,,,
2026-09-12T03:11:08-05:00,PUR_IED_HernandoDuran_Ext_8cd82b,PUR_IED_HernandoDuran_Ext_8cd82b,,,,,
2026-09-12T03:11:08-05:00,PUR_IED_HernandoDuran_S24_2772c6,PUR_IED_HernandoDuran_S24_2772c6,,,,,
2026-09-12T03:11:08-05:00,PUR_IED_HernandoDuran_S30_f2de41,PUR_IED_HernandoDuran_S30_f2de41,,,,,
2026-09-12T03:11:08-05:00,PUR_IED_HolguInUr_S1101_8cd732,PUR_IED_HolguInUr_S1101_8cd732,,,,,
2026-09-12T03:11:08-05:00,PUR_IED_HolguinUr_Exter_ddae6d,PUR_IED_HolguinUr_Exter_ddae6d,,,,,
2026-09-12T03:11:08-05:00,PUR_IED_HolguinUr_LabQuim_92b952,PUR_IED_HolguinUr_LabQuim_92b952,,,,,
2026-09-12T03:11:08-05:00,PUR_IED_Isabel-II_Ext_5245cc,PUR_IED_Isabel-II_Ext_5245cc,9,19,59,4.6336,-74.153
2026-09-12T03:11:08-05:00,PUR_IED_Isabel-II_S_idiom_1c29aa,PUR_IED_Isabel-II_S_idiom_1c29aa,,,,,
2026-09-12T03:11:08-05:00,PUR_IED_Isabel-II_S_infor_fd741,PUR_IED_Isabel-II_S_infor_fd741,,,,,
2026-09-12T03:11:08-05:00,PUR_IED_IsidroSur_Exterio_5b90ea,PUR_IED_IsidroSur_Exterio_5b90ea,,,,,
2026-09-12T03:11:08-05:00,PUR_IED_IsidroSur_LabTec_56697a,PUR_IED_IsidroSur_LabTec_56697a,,,,,
2026-09-12T03:11:08-05:00,PUR_IED_IsidroSur_Robotic_b7c38f,PUR_IED_IsidroSur_Robotic_b7c38f,,,,,
2026-09-12T03:11:08-05:00,PUR_IED_IsmaelPerd_Ext_7b6672,PUR_IED_IsmaelPerd_Ext_7b6672,,,,,
2026-09-12T03:11:08-05:00,PUR_IED_IsmaelPerd_Inform_306540,PUR_IED_IsmaelPerd_Inform_306540,,,,,
2026-09-12T03:11:08-05:00,PUR_IED_IsmaelPerd_S30_2e2c83,PUR_IED_IsmaelPerd_S30_2e2c83,,,,,
2026-09-12T03:11:08-05:00,PUR_IED_JLozano_Exter_432910,PUR_IED_JLozano_Exter_432910,,,,,
2026-09-12T03:11:08-05:00,PUR_IED_JLozano_salaMulti_df5125,PUR_IED_JLozano_salaMulti_df5125,,,,,
2026-09-12T03:11:08-05:00,PUR_IED_JMCordoba_206_86f80b,PUR_IED_JMCordoba_206_86f80b,,,,,
2026-09-12T03:11:08-05:00,PUR_IED_JMCordoba_Ext_27ad97,PUR_IED_JMCordoba_Ext_27ad97,,,,,
2026-09-12T03:11:08-05:00,PUR_IED_JMCordoba_S310_d59ab4,PUR_IED_JMCordoba_S310_d59ab4,,,,,
2026-09-12T03:11:08-05:00,PUR_IED_Japon_Ext_549100,PUR_IED_Japon_Ext_549100,,,,,
2026-09-12T03:11:08-05:00,PUR_IED_Japon_Laboratorio_bec51d,PUR_IED_Japon_Laboratorio_bec51d,,,,,
2026-09-12T03:11:08-05:00,PUR_IED_Japon_informatica_d99327,PUR_IED_Japon_informatica_d99327,,,,,
2026-09-12T03:11:08-05:00,PUR_IED_Jazmin_Ext_d27bda,PUR_IED_Jazmin_Ext_d27bda,,,,,
2026-09-12T03:11:08-05:00,PUR_IED_Jazmin_Fisica_8d14d7,PUR_IED_Jazmin_Fisica_8d14d7,,,,,
2026-09-12T03:11:08-05:00,PUR_IED_Jazmin_Quimica_801cb5,PUR_IED_Jazmin_Quimica_801cb5,,,,,
2026-09-12T03:11:08-05:00,PUR_IED_JorgeGaitan_Exter_f098d1,PUR_IED_JorgeGaitan_Exter_f098d1,,,,,
2026-09-12T03:11:08-05:00,PUR_IED_JorgeGaitan_STec1_dc9d1d,PUR_IED_JorgeGaitan_STec1_dc9d1d,,,,,
2026-09-12T03:11:08-05:00,PUR_IED_JorgeGaitan_STec2_281e69,PUR_IED_JorgeGaitan_STec2_281e69,,,,,
2026-09-12T03:11:08-05:00,PUR_IED_JorgeSoto_Exterio_d9d0a2,PUR_IED_JorgeSoto_Exterio_d9d0a2,,,,,
2026-09-12T03:11:08-05:00,PUR_IED_JorgeSoto_LabFisi_209c54,PUR_IED_JorgeSoto_LabFisi_209c54,,,,,
2026-09-12T03:11:08-05:00,PUR_IED_JorgeSoto_S103_27b51a,PUR_IED_JorgeSoto_S103_27b51a,,,,,
2026-09-12T03:11:08-05:00,PUR_IED_JoseAcevedo_A02_e965eb,PUR_IED_JoseAcevedo_A02_e965eb,,,,,
2026-09-12T03:11:08-05:00,PUR_IED_JoseAcevedo_A07_dd5b4,PUR_IED_JoseAcevedo_A07_dd5b4,,,,,
2026-09-12T03:11:08-05:00,PUR_IED_JoseAcevedo_Ext_b47484,PUR_IED_JoseAcevedo_Ext_b47484,,,,,
2026-09-12T03:11:08-05:00,PUR_IED_JoseMarti_Exte_5b9bf,PUR_IED_JoseMarti_Exte_5b9bf,,,,,
2026-09-12T03:11:08-05:00,PUR_IED_JoseMarti_LabQuim_1c6c2d,PUR_IED_JoseMarti_LabQuim_1c6c2d,,,,,
2026-09-12T03:11:08-05:00,PUR_IED_JoseMarti_S_info_f5f177,PUR_IED_JoseMarti_S_info_f5f177,,,,,
2026-09-12T03:11:08-05:00,PUR_IED_Josejoaquin_Ext_dfc5dc,PUR_IED_Josejoaquin_Ext_dfc5dc,,,,,
2026-09-12T03:11:08-05:00,PUR_IED_Josejoaquin_S05_5b2a96,PUR_IED_Josejoaquin_S05_5b2a96,,,,,
2026-09-12T03:11:08-05:00,PUR_IED_Josejoaquin_S06_1ce7d2,PUR_IED_Josejoaquin_S06_1ce7d2,,,,,
2026-09-12T03:11:08-05:00,PUR_IED_JulioFlorez_Danza_9b82dd,PUR_IED_JulioFlorez_Danza_9b82dd,,,,,
2026-09-12T03:11:08-05:00,PUR_IED_JulioFlorez_Exter_f9f314,PUR_IED_JulioFlorez_Exter_f9f314,,,,,
2026-09-12T03:11:08-05:00,PUR_IED_JulioFlorez_info2_6b6e08,PUR_IED_JulioFlorez_info2_6b6e08,,,,,
2026-09-12T03:11:08-05:00,PUR_IED_LaBelleza_Aula13_1d00d8,PUR_IED_LaBelleza_Aula13_1d00d8,,,,,
2026-09-12T03:11:08-05:00,PUR_IED_LaBelleza_Ext_7bc08c,PUR_IED_LaBelleza_Ext_7bc08c,,,,,
2026-09-12T03:11:08-05:00,PUR_IED_LaChucua_Ext_8cd6d2,PUR_IED_LaChucua_Ext_8cd6d2,,,,,
2026-09-12T03:11:08-05:00,PUR_IED_LaChucua_S15_f578ce,PUR_IED_LaChucua_S15_f578ce,,,,,
2026-09-12T03:11:08-05:00,PUR_IED_LaChucua_S16_eebcf9,PUR_IED_LaChucua_S16_eebcf9,,,,,
2026-09-12T03:11:08-05:00,PUR_IED_LaFelicidad_Ext_fb5109,PUR_IED_LaFelicidad_Ext_fb5109,,,,,
2026-09-12T03:11:08-05:00,PUR_IED_LaMerced_206_66ebd,PUR_IED_LaMerced_206_66ebd,,,,,
2026-09-12T03:11:08-05:00,PUR_IED_LaMerced_207_6ebd6,PUR_IED_LaMerced_207_6ebd6,,,,,
2026-09-12T03:11:08-05:00,PUR_IED_LaMerced_ext_304311,PUR_IED_LaMerced_ext_304311,,,,,
2026-09-12T03:11:08-05:00,PUR_IED_Laureano_CiencNat_281e5e,PUR_IED_Laureano_CiencNat_281e5e,,,,,
2026-09-12T03:11:08-05:00,PUR_IED_Laureano_Comedor_f65c0a,PUR_IED_Laureano_Comedor_f65c0a,,,,,
2026-09-12T03:11:08-05:00,PUR_IED_Laureano_Exterior_7ab011,PUR_IED_Laureano_Exterior_7ab011,,,,,
2026-09-12T03:11:08-05:00,PUR_IED_LeonGreiff_Exte_dfe560,PUR_IED_LeonGreiff_Exte_dfe560,,,,,
2026-09-12T03:11:08-05:00,PUR_IED_LeonGreiff_S210_f264ed,PUR_IED_LeonGreiff_S210_f264ed,,,,,
2026-09-12T03:11:08-05:00,PUR_IED_LeonGreiff_SQuimi_e8296f,PUR_IED_LeonGreiff_SQuimi_e8296f,,,,,
2026-09-12T03:11:08-05:00,PUR_IED_LlanoOrientalS208_7b9fcd,PUR_IED_LlanoOrientalS208_7b9fcd,,,,,
2026-09-12T03:11:08-05:00,PUR_IED_LlanoOriental_Ext_fb3766,PUR_IED_LlanoOriental_Ext_fb3766,,,,,
2026-09-12T03:11:08-05:00,PUR_IED_LlanoOriental_S208_7b9fcd,PUR_IED_LlanoOriental_S208_7b9fcd,,,,,
2026-09-12T03:11:08-05:00,PUR_IED_LlanoOriental_S9_27b378,PUR_IED_LlanoOriental_S9_27b378,,,,,
2026-09-12T03:11:08-05:00,PUR_IED_LosTejares_1101_477602,PUR_IED_LosTejares_1101_477602,,,,,
2026-09-12T03:11:08-05:00,PUR_IED_LosTejares_11_d2c595,PUR_IED_LosTejares_11_d2c595,,,,,
2026-09-12T03:11:08-05:00,PUR_IED_LosTejares_12_477602,PUR_IED_LosTejares_12_477602,,,,,
2026-09-12T03:11:08-05:00,PUR_IED_LosTejares_Ext_8e2115,PUR_IED_LosTejares_Ext_8e2115,,,,,
2026-09-12T03:11:08-05:00,PUR_IED_MagdalenaO_B202_5ddda3,PUR_IED_MagdalenaO_B202_5ddda3,,,,,
2026-09-12T03:11:08-05:00,PUR_IED_MagdalenaO_B205_fb76e8,PUR_IED_MagdalenaO_B205_fb76e8,,,,,
2026-09-12T03:11:08-05:00,PUR_IED_MagdalenaO_ext_dc69cd,PUR_IED_MagdalenaO_ext_dc69cd,,,,,
2026-09-12T03:11:08-05:00,PUR_IED_ManueCepeda_artes_eee956,PUR_IED_ManueCepeda_artes_eee956,,,,,
2026-09-12T03:11:08-05:00,PUR_IED_ManuelCepeda_Ext_58313,PUR_IED_ManuelCepeda_Ext_58313,,,,,
2026-09-12T03:11:08-05:00,PUR_IED_ManuelCepeda_tec_1c5731,PUR_IED_ManuelCepeda_tec_1c5731,,,,,
2026-09-12T03:11:08-05:00,PUR_IED_ManuelS_Exterior_5b269,PUR_IED_ManuelS_Exterior_5b269,,,,,
2026-09-12T03:11:08-05:00,PUR_IED_ManuelS_Inform_f369ce,PUR_IED_ManuelS_Inform_f369ce,,,,,
2026-09-12T03:11:08-05:00,PUR_IED_ManuelS_SArtes_7d15f1,PUR_IED_ManuelS_SArtes_7d15f1,,,,,
2026-09-12T03:11:08-05:00,PUR_IED_ManuelZapata_303_3ca6,PUR_IED_ManuelZapata_303_3ca6,,,,,
2026-09-12T03:11:08-05:00,PUR_IED_ManuelZapata_311_bfbabc,PUR_IED_ManuelZapata_311_bfbabc,,,,,
2026-09-12T03:11:08-05:00,PUR_IED_ManuelZapata_Ext_50824a,PUR_IED_ManuelZapata_Ext_50824a,,,,,
2026-09-12T03:11:08-05:00,PUR_IED_ManuelitaS_Exteri_656a92,PUR_IED_ManuelitaS_Exteri_656a92,,,,,
2026-09-12T03:11:08-05:00,PUR_IED_ManuelitaS_JuzgDe_f58ec3,PUR_IED_ManuelitaS_JuzgDe_f58ec3,,,,,
2026-09-12T03:11:08-05:00,PUR_IED_ManuelitaS_Recrea_d793db,PUR_IED_ManuelitaS_Recrea_d793db,,,,,
2026-09-12T03:11:08-05:00,PUR_IED_MarFidSuarez_Ext_c27b19,PUR_IED_MarFidSuarez_Ext_c27b19,,,,,
2026-09-12T03:11:08-05:00,PUR_IED_MarFidSuarez_Info_e384d7,PUR_IED_MarFidSuarez_Info_e384d7,,,,,
2026-09-12T03:11:08-05:00,PUR_IED_MarFidSuarez_S306_1d0032,PUR_IED_MarFidSuarez_S306_1d0032,,,,,
2026-09-12T03:11:08-05:00,PUR_IED_Menorah_301_2a25a3,PUR_IED_Menorah_301_2a25a3,,,,,
2026-09-12T03:11:08-05:00,PUR_IED_Menorah_306_37ed3,PUR_IED_Menorah_306_37ed3,,,,,
2026-09-12T03:11:08-05:00,PUR_IED_Menorah_Ext_3e155b,PUR_IED_Menorah_Ext_3e155b,,,,,
2026-09-12T03:11:08-05:00,PUR_IED_MinutoB.Aires_A11_1b1604,PUR_IED_MinutoB.Aires_A11_1b1604,,,,,
2026-09-12T03:11:08-05:00,PUR_IED_MinutoB.Aires_A12_fb5860,PUR_IED_MinutoB.Aires_A12_fb5860,,,,,
2026-09-12T03:11:08-05:00,PUR_IED_MinutoB.Aires_Ext_81293f,PUR_IED_MinutoB.Aires_Ext_81293f,,,,,
2026-09-12T03:11:08-05:00,PUR_IED_MinutoBAires_A11_1b1604,PUR_IED_MinutoBAires_A11_1b1604,,,,,
2026-09-12T03:11:08-05:00,PUR_IED_MinutoBAires_A12_fb5860,PUR_IED_MinutoBAires_A12_fb5860,,,,,
2026-09-12T03:11:08-05:00,PUR_IED_MinutoBAires_Ext_81293f,PUR_IED_MinutoBAires_Ext_81293f,,,,,
2026-09-12T03:11:08-05:00,PUR_IED_Montreal_Aula10_1e4959,PUR_IED_Montreal_Aula10_1e4959,,,,,
2026-09-12T03:11:08-05:00,PUR_IED_Montreal_Aula6_300367,PUR_IED_Montreal_Aula6_300367,,,,,
2026-09-12T03:11:08-05:00,PUR_IED_Montreal_Exterior_91a179,PUR_IED_Montreal_Exterior_91a179,,,,,
2026-09-12T03:11:08-05:00,PUR_IED_Mqgdalena_B202_5ddda3,PUR_IED_Mqgdalena_B202_5ddda3,,,,,
2026-09-12T03:11:08-05:00,PUR_IED_NACUND_Soc_dc8728,PUR_IED_NACUND_Soc_dc8728,,,,,
2026-09-12T03:11:08-05:00,PUR_IED_NACUND_ext_27ad97,PUR_IED_NACUND_ext_27ad97,,,,,
2026-09-12T03:11:08-05:00,PUR_IED_NEsperanza_Ext_d24b61,PUR_IED_NEsperanza_Ext_d24b61,,,,,
2026-09-12T03:11:08-05:00,PUR_IED_NEsperanza_SElect_7d1807,PUR_IED_NEsperanza_SElect_7d1807,,,,,
2026-09-12T03:11:08-05:00,PUR_IED_NEsperanza_SLabor_8b2d0a,PUR_IED_NEsperanza_SLabor_8b2d0a,,,,,
2026-09-12T03:11:08-05:00,PUR_IED_NacionesU_Ext_f661a9,PUR_IED_NacionesU_Ext_f661a9,,,,,
2026-09-12T03:11:08-05:00,PUR_IED_NacionesU_Quimica_66f0a,PUR_IED_NacionesU_Quimica_66f0a,,,,,
2026-09-12T03:11:08-05:00,PUR_IED_NacionesU_S306_1b4b3d,PUR_IED_NacionesU_S306_1b4b3d,,,,,
2026-09-12T03:11:08-05:00,PUR_IED_NestorFA_Ext_e4201c,PUR_IED_NestorFA_Ext_e4201c,,,,,
2026-09-12T03:11:08-05:00,PUR_IED_NestorFA_Laborato_f22fe0,PUR_IED_NestorFA_Laborato_f22fe0,,,,,
2026-09-12T03:11:08-05:00,PUR_IED_NestorFA_S204_dee996,PUR_IED_NestorFA_S204_dee996,,,,,
2026-09-12T03:11:08-05:00,PUR_IED_NidyaQT_Aula03_76999b,PUR_IED_NidyaQT_Aula03_76999b,,,,,
2026-09-12T03:11:08-05:00,PUR_IED_NidyaQT_Aula10_56325,PUR_IED_NidyaQT_Aula10_56325,,,,,
2026-09-12T03:11:08-05:00,PUR_IED_NidyaQT_Ext_46e32d,PUR_IED_NidyaQT_Ext_46e32d,,,,,
2026-09-12T03:11:08-05:00,PUR_IED_NuevaCol_Exterior_d9b859,PUR_IED_NuevaCol_Exterior_d9b859,,,,,
2026-09-12T03:11:08-05:00,PUR_IED_NuevaCol_S1101_76c43b,PUR_IED_NuevaCol_S1101_76c43b,,,,,
2026-09-12T03:11:08-05:00,PUR_IED_NuevaCol_S1102_1ce0b5,PUR_IED_NuevaCol_S1102_1ce0b5,,,,,
2026-09-12T03:11:08-05:00,PUR_IED_OEA_A202_f7e3f2,PUR_IED_OEA_A202_f7e3f2,,,,,
2026-09-12T03:11:08-05:00,PUR_IED_OEA_A203_7d1b8d,PUR_IED_OEA_A203_7d1b8d,,,,,
2026-09-12T03:11:08-05:00,PUR_IED_OEA_Ext_27b593,PUR_IED_OEA_Ext_27b593,,,,,
2026-09-12T03:11:08-05:00,PUR_IED_Ochoa_Ext_1c29da,PUR_IED_Ochoa_Ext_1c29da,,,,,
2026-09-12T03:11:08-05:00,PUR_IED_Ochoa_S205_8b1121,PUR_IED_Ochoa_S205_8b1121,,,,,
2026-09-12T03:11:08-05:00,PUR_IED_Ochoa_Sistemas_f33af6,PUR_IED_Ochoa_Sistemas_f33af6,,,,,
2026-09-12T03:11:08-05:00,PUR_IED_PQuebec_Ext_1c67c7,PUR_IED_PQuebec_Ext_1c67c7,,,,,
2026-09-12T03:11:08-05:00,PUR_IED_PQuebec_S15_23e8e2,PUR_IED_PQuebec_S15_23e8e2,,,,,
2026-09-12T03:11:08-05:00,PUR_IED_PQuebec_S16_8ec76b,PUR_IED_PQuebec_S16_8ec76b,,,,,
2026-09-12T03:11:08-05:00,PUR_IED_PabloN_Ext_49dc96,PUR_IED_PabloN_Ext_49dc96,,,,,
2026-09-12T03:11:08-05:00,PUR_IED_PabloN_S1102_4e3df5,PUR_IED_PabloN_S1102_4e3df5,,,,,
2026-09-12T03:11:08-05:00,PUR_IED_PabloN_S1103_50c94b,PUR_IED_PabloN_S1103_50c94b,,,,,
2026-09-12T03:11:08-05:00,PUR_IED_Palestina_S1101_db9198,PUR_IED_Palestina_S1101_db9198,,,,,
2026-09-12T03:11:08-05:00,PUR_IED_Palestina_S1102_dc54fa,PUR_IED_Palestina_S1102_dc54fa,,,,,
2026-09-12T03:11:08-05:00,PUR_IED_Palestina_ext_4ccce6,PUR_IED_Palestina_ext_4ccce6,,,,,
2026-09-12T03:11:08-05:00,PUR_IED_Panama_Fisica_4d0794,PUR_IED_Panama_Fisica_4d0794,,,,,
2026-09-12T03:11:08-05:00,PUR_IED_Panama_SIngles_a4077e,PUR_IED_Panama_SIngles_a4077e,,,,,
2026-09-12T03:11:08-05:00,PUR_IED_Panama_ext_4c54b4,PUR_IED_Panama_ext_4c54b4,,,,,
2026-09-12T03:11:08-05:00,PUR_IED_ParaisoM_Exterior_8cd7f0,PUR_IED_ParaisoM_Exterior_8cd7f0,,,,,
2026-09-12T03:11:08-05:00,PUR_IED_ParaisoM_Laborato_27af35,PUR_IED_ParaisoM_Laborato_27af35,,,,,
2026-09-12T03:11:08-05:00,PUR_IED_ParaisoM_S304_d1edca,PUR_IED_ParaisoM_S304_d1edca,,,,,
2026-09-12T03:11:08-05:00,PUR_IED_PorfirioBarba_Ext_301466,PUR_IED_PorfirioBarba_Ext_301466,,,,,
2026-09-12T03:11:08-05:00,PUR_IED_PorfirioBarba_S11_df6cd2,PUR_IED_PorfirioBarba_S11_df6cd2,,,,,
2026-09-12T03:11:08-05:00,PUR_IED_PorfirioBarba_S29_27a7d6,PUR_IED_PorfirioBarba_S29_27a7d6,,,,,
2026-09-12T03:11:08-05:00,PUR_IED_PradoV_Exter_8b27ad,PUR_IED_PradoV_Exter_8b27ad,,,,,
2026-09-12T03:11:08-05:00,PUR_IED_PradoV_S301_de65b5,PUR_IED_PradoV_S301_de65b5,,,,,
2026-09-12T03:11:08-05:00,PUR_IED_PradoV_S302_7d2593,PUR_IED_PradoV_S302_7d2593,,,,,
2026-09-12T03:11:08-05:00,PUR_IED_QuirogaAlz_Ext_1ddc82,PUR_IED_QuirogaAlz_Ext_1ddc82,,,,,
2026-09-12T03:11:08-05:00,PUR_IED_QuirogaAlz_S302_9926a3,PUR_IED_QuirogaAlz_S302_9926a3,,,,,
2026-09-12T03:11:08-05:00,PUR_IED_QuirogaAlz_S305_cdf1f1,PUR_IED_QuirogaAlz_S305_cdf1f1,,,,,
2026-09-12T03:11:08-05:00,PUR_IED_RGuatemala_Biling_dc53b7,PUR_IED_RGuatemala_Biling_dc53b7,,,,,
2026-09-12T03:11:08-05:00,PUR_IED_RGuatemala_Ext_1b89a3,PUR_IED_RGuatemala_Ext_1b89a3,,,,,
2026-09-12T03:11:08-05:00,PUR_IED_RGuatemala_Tecnol_281a34,PUR_IED_RGuatemala_Tecnol_281a34,,,,,
2026-09-12T03:11:08-05:00,PUR_IED_RafaNu_Ext_f7c302,PUR_IED_RafaNu_Ext_f7c302,,,,,
2026-09-12T03:11:08-05:00,PUR_IED_RafaNu_S1101_25fde,PUR_IED_RafaNu_S1101_25fde,,,,,
2026-09-12T03:11:08-05:00,PUR_IED_RafaNu_S1102_281517,PUR_IED_RafaNu_S1102_281517,,,,,
2026-09-12T03:11:08-05:00,PUR_IED_RafaelB_S305_ee2783,PUR_IED_RafaelB_S305_ee2783,,,,,
2026-09-12T03:11:08-05:00,PUR_IED_RafaelB_S306_75fe33,PUR_IED_RafaelB_S306_75fe33,,,,,
2026-09-12T03:11:08-05:00,PUR_IED_RafaelB_ext_283336,PUR_IED_RafaelB_ext_283336,3,18,59,4.6722,-74.0737
2026-09-12T03:11:08-05:00,PUR_IED_RafaelUU_Exterior_281a51,PUR_IED_RafaelUU_Exterior_281a51,,,,,
2026-09-12T03:11:08-05:00,PUR_IED_RafaelUU_Human_806b2,PUR_IED_RafaelUU_Human_806b2,,,,,
2026-09-12T03:11:08-05:00,PUR_IED_RafaelUU_Mate2_5680d4,PUR_IED_RafaelUU_Mate2_5680d4,,,,,
2026-09-12T03:11:08-05:00,PUR_IED_RamonSub_Ext_f9eeb9,PUR_IED_RamonSub_Ext_f9eeb9,,,,,
2026-09-12T03:11:08-05:00,PUR_IED_RamonSub_Media_d1f62f,PUR_IED_RamonSub_Media_d1f62f,,,,,
2026-09-12T03:11:08-05:00,PUR_IED_RamonSub_planta_51b82,PUR_IED_RamonSub_planta_51b82,,,,,
2026-09-12T03:11:08-05:00,PUR_IED_RepBoliVene_Exter_27af7c,PUR_IED_RepBoliVene_Exter_27af7c,,,,,
2026-09-12T03:11:08-05:00,PUR_IED_RepBoliVene_SCPT_5ae2ee,PUR_IED_RepBoliVene_SCPT_5ae2ee,,,,,
2026-09-12T03:11:08-05:00,PUR_IED_RepBoliVene_Socia_4b11d5,PUR_IED_RepBoliVene_Socia_4b11d5,,,,,
2026-09-12T03:11:08-05:00,PUR_IED_RepChina_Ext_76d9ee,PUR_IED_RepChina_Ext_76d9ee,,,,,
2026-09-12T03:11:08-05:00,PUR_IED_RepChina_S404_7c804c,PUR_IED_RepChina_S404_7c804c,,,,,
2026-09-12T03:11:08-05:00,PUR_IED_RepChina_S405_df2c33,PUR_IED_RepChina_S405_df2c33,,,,,
2026-09-12T03:11:08-05:00,PUR_IED_RepublicaC_Exteri_7d1ec9,PUR_IED_RepublicaC_Exteri_7d1ec9,,,,,
2026-09-12T03:11:08-05:00,PUR_IED_RepublicaC_S1101_f544b3,PUR_IED_RepublicaC_S1101_f544b3,,,,,
2026-09-12T03:11:08-05:00,PUR_IED_RepublicaC_S1102_7aafc7,PUR_IED_RepublicaC_S1102_7aafc7,,,,,
2026-09-12T03:11:08-05:00,PUR_IED_Ricaurte_Externo_a0ea1,PUR_IED_Ricaurte_Externo_a0ea1,,,,,
2026-09-12T03:11:08-05:00,PUR_IED_Ricaurte_S210_f546fd,PUR_IED_Ricaurte_S210_f546fd,,,,,
2026-09-12T03:11:08-05:00,PUR_IED_Ricaurte_S309_d4452,PUR_IED_Ricaurte_S309_d4452,,,,,
2026-09-12T03:11:08-05:00,PUR_IED_RogelioS_1102_531e69,PUR_IED_RogelioS_1102_531e69,,,,,
2026-09-12T03:11:08-05:00,PUR_IED_RogelioS_Ext_f25a18,PUR_IED_RogelioS_Ext_f25a18,,,,,
2026-09-12T03:11:08-05:00,PUR_IED_SBernardino_Ext_27aff8,PUR_IED_SBernardino_Ext_27aff8,,,,,
2026-09-12T03:11:08-05:00,PUR_IED_SBernardino_SArte_2ffd33,PUR_IED_SBernardino_SArte_2ffd33,,,,,
2026-09-12T03:11:08-05:00,PUR_IED_SBernardino_SIngl_7c7da5,PUR_IED_SBernardino_SIngl_7c7da5,,,,,
2026-09-12T03:11:08-05:00,PUR_IED_Sago_auditorio_dc9d1d,PUR_IED_Sago_auditorio_dc9d1d,,,,,
2026-09-12T03:11:08-05:00,PUR_IED_Saludcoop_Ext_95aac3,PUR_IED_Saludcoop_Ext_95aac3,,,,,
2026-09-12T03:11:08-05:00,PUR_IED_Saludcoop_InfI_90c854,PUR_IED_Saludcoop_InfI_90c854,,,,,
2026-09-12T03:11:08-05:00,PUR_IED_Saludcoop_SMedia_1b93be,PUR_IED_Saludcoop_SMedia_1b93be,,,,,
2026-09-12T03:11:08-05:00,PUR_IED_SanCarlos_1101_1a2360,PUR_IED_SanCarlos_1101_1a2360,,,,,
2026-09-12T03:11:08-05:00,PUR_IED_SanCarlos_1103_7bafb5,PUR_IED_SanCarlos_1103_7bafb5,,,,,
2026-09-12T03:11:08-05:00,PUR_IED_SanCarlos_Ext_b7cd1,PUR_IED_SanCarlos_Ext_b7cd1,,,,,
2026-09-12T03:11:08-05:00,PUR_IED_SanIgnacioBosa11a_50c26e,PUR_IED_SanIgnacioBosa11a_50c26e,,,,,
2026-09-12T03:11:08-05:00,PUR_IED_SanIgnacioBosa11b_371de8,PUR_IED_SanIgnacioBosa11b_371de8,,,,,
2026-09-12T03:11:08-05:00,PUR_IED_SanIgnacioBosaExt_ef0ffc,PUR_IED_SanIgnacioBosaExt_ef0ffc,,,,,
2026-09-12T03:11:08-05:00,PUR_IED_SanIgnacioBosa_11a_50c26e,PUR_IED_SanIgnacioBosa_11a_50c26e,,,,,
2026-09-12T03:11:08-05:00,PUR_IED_SanIgnacioBosa_Ext_ef0ffc,PUR_IED_SanIgnacioBosa_Ext_ef0ffc,,,,,
2026-09-12T03:11:08-05:00,PUR_IED_SanJoseN_intS1101_31c47f,PUR_IED_SanJoseN_intS1101_31c47f,,,,,
2026-09-12T03:11:08-05:00,PUR_IED_SanJoseUsm_Exter_f5d7e8,PUR_IED_SanJoseUsm_Exter_f5d7e8,,,,,
2026-09-12T03:11:08-05:00,PUR_IED_SanJoseUsm_Int11A_cfdef6,PUR_IED_SanJoseUsm_Int11A_cfdef6,,,,,
2026-09-12T03:11:08-05:00,PUR_IED_SilveriaR_IntB5_905349,PUR_IED_SilveriaR_IntB5_905349,,,,,
2026-09-12T03:11:08-05:00,PUR_IED_SilveriaR_IntSD14_981f93,PUR_IED_SilveriaR_IntSD14_981f93,,,,,
2026-09-12T03:11:08-05:00,PUR_IED_SilveriaR_ext_2b651d,PUR_IED_SilveriaR_ext_2b651d,,,,,
2026-09-12T03:11:08-05:00,PUR_IED_SimonB_Exterior_913975,PUR_IED_SimonB_Exterior_913975,,,,,
2026-09-12T03:11:08-05:00,PUR_IED_SimonB_LabQuimi_c56908,PUR_IED_SimonB_LabQuimi_c56908,,,,,
2026-09-12T03:11:08-05:00,PUR_IED_SimonB_informatic_a28c1,PUR_IED_SimonB_informatic_a28c1,,,,,
2026-09-12T03:11:08-05:00,PUR_IED_Sorrento_1102_315f50,PUR_IED_Sorrento_1102_315f50,,,,,
2026-09-12T03:11:08-05:00,PUR_IED_Sorrento_Minte_214eab,PUR_IED_Sorrento_Minte_214eab,,,,,
2026-09-12T03:11:08-05:00,PUR_IED_Sorrento_ext_7c3a0a,PUR_IED_Sorrento_ext_7c3a0a,,,,,
2026-09-12T03:11:08-05:00,PUR_IED_Tabora_Ext_f048ae,PUR_IED_Tabora_Ext_f048ae,,,,,
2026-09-12T03:11:08-05:00,PUR_IED_Tabora_S1102_b07752,PUR_IED_Tabora_S1102_b07752,,,,,
2026-09-12T03:11:08-05:00,PUR_IED_Tabora_S1103_d988f5,PUR_IED_Tabora_S1103_d988f5,,,,,
2026-09-12T03:11:08-05:00,PUR_IED_Tenerife_Ext_1ab188,PUR_IED_Tenerife_Ext_1ab188,,,,,
2026-09-12T03:11:08-05:00,PUR_IED_Tenerife_SDanzas_7bc02e,PUR_IED_Tenerife_SDanzas_7bc02e,,,,,
2026-09-12T03:11:08-05:00,PUR_IED_Tenerife_SIngles_7cc277,PUR_IED_Tenerife_SIngles_7cc277,,,,,
2026-09-12T03:11:08-05:00,PUR_IED_Tibabuyes_Exter_f2683d,PUR_IED_Tibabuyes_Exter_f2683d,,,,,
2026-09-12T03:11:08-05:00,PUR_IED_Tibabuyes_S10_dc87a8,PUR_IED_Tibabuyes_S10_dc87a8,,,,,
2026-09-12T03:11:08-05:00,PUR_IED_Tibabuyes_S15_dc0526,PUR_IED_Tibabuyes_S15_dc0526,,,,,
2026-09-12T03:11:08-05:00,PUR_IED_UnionE_S301_a1043,PUR_IED_UnionE_S301_a1043,,,,,
2026-09-12T03:11:08-05:00,PUR_IED_UnionE_S307_ff6c2f,PUR_IED_UnionE_S307_ff6c2f,,,,,
2026-09-12T03:11:08-05:00,PUR_IED_UnionE__Ext_5e2468,PUR_IED_UnionE__Ext_5e2468,,,,,
2026-09-12T03:11:08-05:00,PUR_IED_VillaRica_Ext_75be7c,PUR_IED_VillaRica_Ext_75be7c,,,,,
2026-09-12T03:11:08-05:00,PUR_IED_VillaRica_S4_cc5dcd,PUR_IED_VillaRica_S4_cc5dcd,,,,,
2026-09-12T03:11:08-05:00,PUR_IED_VillaRica_Sesp_99f5c,PUR_IED_VillaRica_Sesp_99f5c,,,,,
2026-09-12T03:16:12-05:00,PUR_IED_20deJulio_1101_91b1b9,PUR_IED_20deJulio_1101_91b1b9,,,,,
2026-09-12T03:16:12-05:00,PUR_IED_20deJulio_1102_1cfcf9,PUR_IED_20deJulio_1102_1cfcf9,,,,,
2026-09-12T03:16:12-05:00,PUR_IED_20deJulio_Ext_ab60bd,PUR_IED_20deJulio_Ext_ab60bd,,,,,
2026-09-12T03:16:12-05:00,PUR_IED_AgustinFer_Ext_7b9b77,PUR_IED_AgustinFer_Ext_7b9b77,,,,,
2026-09-12T03:16:12-05:00,PUR_IED_AgustinFer_Info2_27b3a7,PUR_IED_AgustinFer_Info2_27b3a7,,,,,
2026-09-12T03:16:12-05:00,PUR_IED_AgustinFer_Sena_54b4eb,PUR_IED_AgustinFer_Sena_54b4eb,,,,,
2026-09-12T03:16:12-05:00,PUR_IED_AlexanderF_1102_caf07b,PUR_IED_AlexanderF_1102_caf07b,,,,,
2026-09-12T03:16:12-05:00,PUR_IED_AlexanderF_1103_c79e71,PUR_IED_AlexanderF_1103_c79e71,,,,,
2026-09-12T03:16:12-05:00,PUR_IED_AlexanderF_Ext_c5b18b,PUR_IED_AlexanderF_Ext_c5b18b,,,,,
2026-09-12T03:16:12-05:00,PUR_IED_AlfonsoLopez_Ext_281d77,PUR_IED_AlfonsoLopez_Ext_281d77,,,,,
2026-09-12T03:16:12-05:00,PUR_IED_AlfonsoLopez_LabF_888ce0,PUR_IED_AlfonsoLopez_LabF_888ce0,,,,,
2026-09-12T03:16:12-05:00,PUR_IED_AlfonsoLopez_SMed_df6a7f,PUR_IED_AlfonsoLopez_SMed_df6a7f,,,,,
2026-09-12T03:16:12-05:00,PUR_IED_AltamiraSO_A2_209f92,PUR_IED_AltamiraSO_A2_209f92,,,,,
2026-09-12T03:16:12-05:00,PUR_IED_AltamiraSO_Ext_186d66,PUR_IED_AltamiraSO_Ext_186d66,,,,,
2026-09-12T03:16:12-05:00,PUR_IED_AltamiraSO_Sistem_27afe1,PUR_IED_AltamiraSO_Sistem_27afe1,,,,,
2026-09-12T03:16:12-05:00,PUR_IED_AlvaroGom_LabQuim_813179,PUR_IED_AlvaroGom_LabQuim_813179,,,,,
2026-09-12T03:16:12-05:00,PUR_IED_AlvaroGomez_Ext_47c7ca,PUR_IED_AlvaroGomez_Ext_47c7ca,,,,,
2026-09-12T03:16:12-05:00,PUR_IED_AlvaroGomez_LabQuim_813179,PUR_IED_AlvaroGomez_LabQuim_813179,,,,,
2026-09-12T03:16:12-05:00,PUR_IED_AlvaroGomez_S23_7ba89f,PUR_IED_AlvaroGomez_S23_7ba89f,,,,,
2026-09-12T03:16:12-05:00,PUR_IED_Amistad_306_dc8728,PUR_IED_Amistad_306_dc8728,,,,,
2026-09-12T03:16:12-05:00,PUR_IED_Amistad_Ext_8cd55e,PUR_IED_Amistad_Ext_8cd55e,,,,,
2026-09-12T03:16:12-05:00,PUR_IED_Amistad_S202_a41169,PUR_IED_Amistad_S202_a41169,,,,,
2026-09-12T03:16:12-05:00,PUR_IED_AndresBello_Bio_fd5f5e,PUR_IED_AndresBello_Bio_fd5f5e,,,,,
2026-09-12T03:16:12-05:00,PUR_IED_AndresBello_ext_dcad65,PUR_IED_AndresBello_ext_dcad65,,,,,
2026-09-12T03:16:12-05:00,PUR_IED_AndresBello_port_eed3ec,PUR_IED_AndresBello_port_eed3ec,,,,,
2026-09-12T03:16:12-05:00,PUR_IED_AngelaR_11b_d90a6b,PUR_IED_AngelaR_11b_d90a6b,,,,,
2026-09-12T03:16:12-05:00,PUR_IED_AngelaR_ext_7cad3e,PUR_IED_AngelaR_ext_7cad3e,12,19,61,4.5825,-74.164497
2026-09-12T03:16:12-05:00,PUR_IED_AntJoseSucre_10mo_df2575,PUR_IED_AntJoseSucre_10mo_df2575,,,,,
2026-09-12T03:16:12-05:00,PUR_IED_AntJoseSucre_Ext_215b36,PUR_IED_AntJoseSucre_Ext_215b36,,,,,
2026-09-12T03:16:12-05:00,PUR_IED_AntJoseSucre_Lab_3139de,PUR_IED_AntJoseSucre_Lab_3139de,,,,,
2026-09-12T03:16:12-05:00,PUR_IED_AntonioGarcia_301_d6b188,PUR_IED_AntonioGarcia_301_d6b188,,,,,
2026-09-12T03:16:12-05:00,PUR_IED_AntonioGarcia_302_88a82,PUR_IED_AntonioGarcia_302_88a82,,,,,
2026-09-12T03:16:12-05:00,PUR_IED_AntonioGarcia_Ext_20950c,PUR_IED_AntonioGarcia_Ext_20950c,,,,,
2026-09-12T03:16:12-05:00,PUR_IED_AntonioVan_Aula2_6dea02,PUR_IED_AntonioVan_Aula2_6dea02,,,,,
2026-09-12T03:16:12-05:00,PUR_IED_AntonioVan_Aula5_f1557e,PUR_IED_AntonioVan_Aula5_f1557e,,,,,
2026-09-12T03:16:12-05:00,PUR_IED_AntonioVan_Ext_406f2f,PUR_IED_AntonioVan_Ext_406f2f,,,,,
2026-09-12T03:16:12-05:00,PUR_IED_Atabanzha_Ext_cc5af9,PUR_IED_Atabanzha_Ext_cc5af9,,,,,
2026-09-12T03:16:12-05:00,PUR_IED_Atabanzha_SA101_56c37,PUR_IED_Atabanzha_SA101_56c37,,,,,
2026-09-12T03:16:12-05:00,PUR_IED_Atabanzha_SB302_27b374,PUR_IED_Atabanzha_SB302_27b374,,,,,
2026-09-12T03:16:12-05:00,PUR_IED_Atahualpa_Ext_fc1748,PUR_IED_Atahualpa_Ext_fc1748,,,,,
2026-09-12T03:16:12-05:00,PUR_IED_Atahualpa_Informa_dc9a95,PUR_IED_Atahualpa_Informa_dc9a95,,,,,
2026-09-12T03:16:12-05:00,PUR_IED_Atahualpa_S1101_f98056,PUR_IED_Atahualpa_S1101_f98056,,,,,
2026-09-12T03:16:12-05:00,PUR_IED_Bellavista_Ext_f5aa74,PUR_IED_Bellavista_Ext_f5aa74,,,,,
2026-09-12T03:16:12-05:00,PUR_IED_Bilbao_11A_916c41,PUR_IED_Bilbao_11A_916c41,,,,,
2026-09-12T03:16:12-05:00,PUR_IED_Bilbao_Ext_fb579a,PUR_IED_Bilbao_Ext_fb579a,,,,,
2026-09-12T03:16:12-05:00,PUR_IED_BrasiliaU_A125_304280,PUR_IED_BrasiliaU_A125_304280,,,,,
2026-09-12T03:16:12-05:00,PUR_IED_BrasiliaU_A203_7c8ca5,PUR_IED_BrasiliaU_A203_7c8ca5,,,,,
2026-09-12T03:16:12-05:00,PUR_IED_BrasiliaU_Ext_8d6e9f,PUR_IED_BrasiliaU_Ext_8d6e9f,3,17,63,4.5175,-74.116302
2026-09-12T03:16:12-05:00,PUR_IED_Brasilia_Ext_fe6593,PUR_IED_Brasilia_Ext_fe6593,,,,,
2026-09-12T03:16:12-05:00,PUR_IED_Brasilia_S24_7c130d,PUR_IED_Brasilia_S24_7c130d,,,,,
2026-09-12T03:16:12-05:00,PUR_IED_Brasilia_S501_186a54,PUR_IED_Brasilia_S501_186a54,,,,,
2026-09-12T03:16:12-05:00,PUR_IED_CHARRY_EXT_f1d5cd,PUR_IED_CHARRY_EXT_f1d5cd,,,,,
2026-09-12T03:16:12-05:00,PUR_IED_CHARRY_INTDANZAS_7a08e6,PUR_IED_CHARRY_INTDANZAS_7a08e6,,,,,
2026-09-12T03:16:12-05:00,PUR_IED_CHARRY_INT_AULA20_dc998d,PUR_IED_CHARRY_INT_AULA20_dc998d,,,,,
2026-09-12T03:16:12-05:00,PUR_IED_COLVIV_1101_S25_7f520a,PUR_IED_COLVIV_1101_S25_7f520a,,,,,
2026-09-12T03:16:12-05:00,PUR_IED_COLVIV_1102_S16_f570ba,PUR_IED_COLVIV_1102_S16_f570ba,,,,,
2026-09-12T03:16:12-05:00,PUR_IED_COLVIV_Ext_1a26fa,PUR_IED_COLVIV_Ext_1a26fa,,,,,
2026-09-12T03:16:12-05:00,PUR_IED_CULPOP_301A_f660f3,PUR_IED_CULPOP_301A_f660f3,,,,,
2026-09-12T03:16:12-05:00,PUR_IED_CULPOP_303_568afe,PUR_IED_CULPOP_303_568afe,,,,,
2026-09-12T03:16:12-05:00,PUR_IED_CULPOP_Ext_e02ccb,PUR_IED_CULPOP_Ext_e02ccb,,,,,
2026-09-12T03:16:12-05:00,PUR_IED_CVillavicen_Ext_26eb58,PUR_IED_CVillavicen_Ext_26eb58,4,14,81,4.487,-74.102798
2026-09-12T03:16:12-05:00,PUR_IED_CVillavicen_Intel_1ce5c2,PUR_IED_CVillavicen_Intel_1ce5c2,,,,,
2026-09-12T03:16:12-05:00,PUR_IED_CVillavicen_Poliv_e0766c,PUR_IED_CVillavicen_Poliv_e0766c,,,,,
2026-09-12T03:16:12-05:00,PUR_IED_CVillavicen_int_1ba140,PUR_IED_CVillavicen_int_1ba140,,,,,
2026-09-12T03:16:12-05:00,PUR_IED_CVillavicen_intel_1ba140,PUR_IED_CVillavicen_intel_1ba140,,,,,
2026-09-12T03:16:12-05:00,PUR_IED_CarlosPizarro_Ext_e307cc,PUR_IED_CarlosPizarro_Ext_e307cc,,,,,
2026-09-12T03:16:12-05:00,PUR_IED_CarlosPizarro_L36_7e5cdb,PUR_IED_CarlosPizarro_L36_7e5cdb,,,,,
2026-09-12T03:16:12-05:00,PUR_IED_CarlosPizarro_L37_c8566c,PUR_IED_CarlosPizarro_L37_c8566c,,,,,
2026-09-12T03:16:12-05:00,PUR_IED_Castilla_Ext_cf35f,PUR_IED_Castilla_Ext_cf35f,,,,,
2026-09-12T03:16:12-05:00,PUR_IED_Castilla_SFisik_360e38,PUR_IED_Castilla_SFisik_360e38,,,,,
2026-09-12T03:16:12-05:00,PUR_IED_Castilla_Sc304_496fbf,PUR_IED_Castilla_Sc304_496fbf,,,,,
2026-09-12T03:16:12-05:00,PUR_IED_CervantesSa_Ext_6b57b,PUR_IED_CervantesSa_Ext_6b57b,3,17,67,4.5128,-74.117203
2026-09-12T03:16:12-05:00,PUR_IED_CervantesSa_S107_225c2b,PUR_IED_CervantesSa_S107_225c2b,,,,,
2026-09-12T03:16:12-05:00,PUR_IED_CervantesSa_S108_940925,PUR_IED_CervantesSa_S108_940925,,,,,
2026-09-12T03:16:12-05:00,PUR_IED_Charry_A20_f53e7c,PUR_IED_Charry_A20_f53e7c,,,,,
2026-09-12T03:16:12-05:00,PUR_IED_Charry_Ext_f1d5cd,PUR_IED_Charry_Ext_f1d5cd,,,,,
2026-09-12T03:16:12-05:00,PUR_IED_Charry_IntAula20_dc998d,PUR_IED_Charry_IntAula20_dc998d,,,,,
2026-09-12T03:16:12-05:00,PUR_IED_Charry_IntDanzas_7a08e6,PUR_IED_Charry_IntDanzas_7a08e6,,,,,
2026-09-12T03:16:12-05:00,PUR_IED_ClememciaC_203_43e2fc,PUR_IED_ClememciaC_203_43e2fc,,,,,
2026-09-12T03:16:12-05:00,PUR_IED_ClememciaC_Ext_1b411a,PUR_IED_ClememciaC_Ext_1b411a,,,,,
2026-09-12T03:16:12-05:00,PUR_IED_ClememciaC_Quimic_44b5fc,PUR_IED_ClememciaC_Quimic_44b5fc,,,,,
2026-09-12T03:16:12-05:00,PUR_IED_ClemenciaC_203_43e2fc,PUR_IED_ClemenciaC_203_43e2fc,,,,,
2026-09-12T03:16:12-05:00,PUR_IED_ClemenciaC_Ext_1b411a,PUR_IED_ClemenciaC_Ext_1b411a,,,,,
2026-09-12T03:16:12-05:00,PUR_IED_ClemenciaC_Quimic_44b5fc,PUR_IED_ClemenciaC_Quimic_44b5fc,,,,,
2026-09-12T03:16:12-05:00,PUR_IED_ColViva_1101_S25_7f520a,PUR_IED_ColViva_1101_S25_7f520a,,,,,
2026-09-12T03:16:12-05:00,PUR_IED_ColViva_1102_S16_f570ba,PUR_IED_ColViva_1102_S16_f570ba,,,,,
2026-09-12T03:16:12-05:00,PUR_IED_ColViva_Ext_1a26fa,PUR_IED_ColViva_Ext_1a26fa,,,,,
2026-09-12T03:16:12-05:00,PUR_IED_ColegioBici_Asist_7c8798,PUR_IED_ColegioBici_Asist_7c8798,,,,,
2026-09-12T03:16:12-05:00,PUR_IED_ColegioBici_Ext_25cbf6,PUR_IED_ColegioBici_Ext_25cbf6,,,,,
2026-09-12T03:16:12-05:00,PUR_IED_ColegioBici_LabQ_7b57db,PUR_IED_ColegioBici_LabQ_7b57db,,,,,
2026-09-12T03:16:12-05:00,PUR_IED_CostaRica_Ext_5e640,PUR_IED_CostaRica_Ext_5e640,,,,,
2026-09-12T03:16:12-05:00,PUR_IED_CostaRica_Quim1_766d1c,PUR_IED_CostaRica_Quim1_766d1c,,,,,
2026-09-12T03:16:12-05:00,PUR_IED_CostaRica__Fisica_6f0873,PUR_IED_CostaRica__Fisica_6f0873,,,,,
2026-09-12T03:16:12-05:00,PUR_IED_CulPopu_301A_f660f3,PUR_IED_CulPopu_301A_f660f3,,,,,
2026-09-12T03:16:12-05:00,PUR_IED_CulPopu_303_568afe,PUR_IED_CulPopu_303_568afe,,,,,
2026-09-12T03:16:12-05:00,PUR_IED_CulPopu_Ext_e02ccb,PUR_IED_CulPopu_Ext_e02ccb,,,,,
2026-09-12T03:16:12-05:00,PUR_IED_Cundinamarca_Ext_f15985,PUR_IED_Cundinamarca_Ext_f15985,,,,,
2026-09-12T03:16:12-05:00,PUR_IED_Cundinamarca_Info_7aa5d7,PUR_IED_Cundinamarca_Info_7aa5d7,,,,,
2026-09-12T03:16:12-05:00,PUR_IED_Cundinamarca_Tec2_f449c7,PUR_IED_Cundinamarca_Tec2_f449c7,,,,,
2026-09-12T03:16:12-05:00,PUR_IED_DiegoM_Aula1_27b314,PUR_IED_DiegoM_Aula1_27b314,,,,,
2026-09-12T03:16:12-05:00,PUR_IED_DiegoM_Ext_d80ac8,PUR_IED_DiegoM_Ext_d80ac8,,,,,
2026-09-12T03:16:12-05:00,PUR_IED_DiegoM_S25_da928f,PUR_IED_DiegoM_S25_da928f,,,,,
2026-09-12T03:16:12-05:00,PUR_IED_ELRODEO_360881,PUR_IED_ELRODEO_360881,,,,,
2026-09-12T03:16:12-05:00,PUR_IED_ELRODEO_ext_360881,PUR_IED_ELRODEO_ext_360881,,,,,
2026-09-12T03:16:12-05:00,PUR_IED_EduardoU_Ext_1c1969,PUR_IED_EduardoU_Ext_1c1969,,,,,
2026-09-12T03:16:12-05:00,PUR_IED_EduardoU_SCiencia_4dfb94,PUR_IED_EduardoU_SCiencia_4dfb94,,,,,
2026-09-12T03:16:12-05:00,PUR_IED_EduardoU_SQuimica_5a46e7,PUR_IED_EduardoU_SQuimica_5a46e7,,,,,
2026-09-12T03:16:12-05:00,PUR_IED_ElRodeo_Aula14_676984,PUR_IED_ElRodeo_Aula14_676984,,,,,
2026-09-12T03:16:12-05:00,PUR_IED_ElRodeo_Aula16_2dd35b,PUR_IED_ElRodeo_Aula16_2dd35b,,,,,
2026-09-12T03:16:12-05:00,PUR_IED_ElRodeo_Ext_360881,PUR_IED_ElRodeo_Ext_360881,,,,,
2026-09-12T03:16:12-05:00,PUR_IED_ElRodeo_Exterior_8c6d28,PUR_IED_ElRodeo_Exterior_8c6d28,,,,,
2026-09-12T03:16:12-05:00,PUR_IED_ElRodeo_ext_360881,PUR_IED_ElRodeo_ext_360881,,,,,
2026-09-12T03:16:12-05:00,PUR_IED_EmmaReyes_Ext_987625,PUR_IED_EmmaReyes_Ext_987625,10,21,53,4.6367,-74.1511
2026-09-12T03:16:12-05:00,PUR_IED_Ensueño_Ext_7f0250,PUR_IED_Ensueño_Ext_7f0250,,,,,
2026-09-12T03:16:12-05:00,PUR_IED_EscNormal_Ext_5fef3b,PUR_IED_EscNormal_Ext_5fef3b,2,18,61,4.5852,-74.096901
2026-09-12T03:16:12-05:00,PUR_IED_EscNormal_S309_5b263,PUR_IED_EscNormal_S309_5b263,,,,,
2026-09-12T03:16:12-05:00,PUR_IED_EscNormal_S310_27b3b8,PUR_IED_EscNormal_S310_27b3b8,,,,,
2026-09-12T03:16:12-05:00,PUR_IED_Evangelista_Conta_f6cd4f,PUR_IED_Evangelista_Conta_f6cd4f,,,,,
2026-09-12T03:16:12-05:00,PUR_IED_Evangelista_Cri_5e16a,PUR_IED_Evangelista_Cri_5e16a,,,,,
2026-09-12T03:16:12-05:00,PUR_IED_Evangelista_Exter_754066,PUR_IED_Evangelista_Exter_754066,,,,,
2026-09-12T03:16:12-05:00,PUR_IED_FMiranda_S209_5cc2a3,PUR_IED_FMiranda_S209_5cc2a3,,,,,
2026-09-12T03:16:12-05:00,PUR_IED_FMiranda_S303_19e344,PUR_IED_FMiranda_S303_19e344,,,,,
2026-09-12T03:16:12-05:00,PUR_IED_FMiranda_ext_f53e7c,PUR_IED_FMiranda_ext_f53e7c,,,,,
2026-09-12T03:16:12-05:00,PUR_IED_FabioLozano_Bibli_1cee05,PUR_IED_FabioLozano_Bibli_1cee05,,,,,
2026-09-12T03:16:12-05:00,PUR_IED_FabioLozano_Ext_6ea285,PUR_IED_FabioLozano_Ext_6ea285,,,,,
2026-09-12T03:16:12-05:00,PUR_IED_FabioLozano_SLudi_f09e1e,PUR_IED_FabioLozano_SLudi_f09e1e,,,,,
2026-09-12T03:16:12-05:00,PUR_IED_FaustinoS_Aula07_27a731,PUR_IED_FaustinoS_Aula07_27a731,,,,,
2026-09-12T03:16:12-05:00,PUR_IED_FaustinoS_Ext_7b936f,PUR_IED_FaustinoS_Ext_7b936f,,,,,
2026-09-12T03:16:12-05:00,PUR_IED_FaustinoS_Fisica_da2c60,PUR_IED_FaustinoS_Fisica_da2c60,,,,,
2026-09-12T03:16:12-05:00,PUR_IED_FeGarciaLo_Ext_dc68ee,PUR_IED_FeGarciaLo_Ext_dc68ee,,,,,
2026-09-12T03:16:12-05:00,PUR_IED_FeGarciaLo_SDanza_f70a59,PUR_IED_FeGarciaLo_SDanza_f70a59,,,,,
2026-09-12T03:16:12-05:00,PUR_IED_FeGarciaLo_SMusic_125cdd,PUR_IED_FeGarciaLo_SMusic_125cdd,,,,,
2026-09-12T03:16:12-05:00,PUR_IED_FederalAlema_Exte_50c345,PUR_IED_FederalAlema_Exte_50c345,,,,,
2026-09-12T03:16:12-05:00,PUR_IED_FederalAlema_S31_f18371,PUR_IED_FederalAlema_S31_f18371,,,,,
2026-09-12T03:16:12-05:00,PUR_IED_FederalAlema_S901_a62cd,PUR_IED_FederalAlema_S901_a62cd,,,,,
2026-09-12T03:16:12-05:00,PUR_IED_FilarmonicaS_A5_f35eb1,PUR_IED_FilarmonicaS_A5_f35eb1,,,,,
2026-09-12T03:16:12-05:00,PUR_IED_FilarmonicaS_Ext_8a3bde,PUR_IED_FilarmonicaS_Ext_8a3bde,,,,,
2026-09-12T03:16:12-05:00,PUR_IED_FilarmonicaS_Spol_406114,PUR_IED_FilarmonicaS_Spol_406114,,,,,
2026-09-12T03:16:12-05:00,PUR_IED_FlorentinoG_A13_d1fa59,PUR_IED_FlorentinoG_A13_d1fa59,,,,,
2026-09-12T03:16:12-05:00,PUR_IED_FlorentinoG_Ext_1ce6ce,PUR_IED_FlorentinoG_Ext_1ce6ce,,,,,
2026-09-12T03:16:12-05:00,PUR_IED_FlorentinoG_Idiom_a66aac,PUR_IED_FlorentinoG_Idiom_a66aac,,,,,
2026-09-12T03:16:12-05:00,PUR_IED_FranciscoMati_Ext_e3869d,PUR_IED_FranciscoMati_Ext_e3869d,,,,,
2026-09-12T03:16:12-05:00,PUR_IED_FranciscoMati_S13_f31c67,PUR_IED_FranciscoMati_S13_f31c67,,,,,
2026-09-12T03:16:12-05:00,PUR_IED_FranciscoMati_S14_97dead,PUR_IED_FranciscoMati_S14_97dead,,,,,
2026-09-12T03:16:12-05:00,PUR_IED_FranciscoPS_Ext_7bfa9a,PUR_IED_FranciscoPS_Ext_7bfa9a,6,19,59,4.5899,-74.110397
2026-09-12T03:16:12-05:00,PUR_IED_FranciscoPS_Infor_fb8f4c,PUR_IED_FranciscoPS_Infor_fb8f4c,,,,,
2026-09-12T03:16:12-05:00,PUR_IED_FranciscoPS_Quimi_94d39c,PUR_IED_FranciscoPS_Quimi_94d39c,,,,,
2026-09-12T03:16:12-05:00,PUR_IED_FranciscoP_LabQ_d7e148,PUR_IED_FranciscoP_LabQ_d7e148,,,,,
2026-09-12T03:16:12-05:00,PUR_IED_FranciscoP_S28_cf9b30,PUR_IED_FranciscoP_S28_cf9b30,,,,,
2026-09-12T03:16:12-05:00,PUR_IED_FranciscoP_ext_e2313,PUR_IED_FranciscoP_ext_e2313,,,,,
2026-09-12T03:16:12-05:00,PUR_IED_FriederichN_Ext_8ac92a,PUR_IED_FriederichN_Ext_8ac92a,,,,,
2026-09-12T03:16:12-05:00,PUR_IED_FriederichN_S301_dd7e5a,PUR_IED_FriederichN_S301_dd7e5a,,,,,
2026-09-12T03:16:12-05:00,PUR_IED_FriederichN_S308_761f4f,PUR_IED_FriederichN_S308_761f4f,,,,,
2026-09-12T03:16:12-05:00,PUR_IED_GSantander_Aula10_533dd7,PUR_IED_GSantander_Aula10_533dd7,,,,,
2026-09-12T03:16:12-05:00,PUR_IED_GSantander_Aula12_fd4e4f,PUR_IED_GSantander_Aula12_fd4e4f,,,,,
2026-09-12T03:16:12-05:00,PUR_IED_GSantander_Aula310_533dd7,PUR_IED_GSantander_Aula310_533dd7,,,,,
2026-09-12T03:16:12-05:00,PUR_IED_GSantander_Aula312_fd4e4f,PUR_IED_GSantander_Aula312_fd4e4f,,,,,
2026-09-12T03:16:12-05:00,PUR_IED_GSantander_Ext_5f66b0,PUR_IED_GSantander_Ext_5f66b0,,,,,
2026-09-12T03:16:12-05:00,PUR_IED_GYomasa_Ext_f6bea5,PUR_IED_GYomasa_Ext_f6bea5,,,,,
2026-09-12T03:16:12-05:00,PUR_IED_GYomasa_LBiol_2c41aa,PUR_IED_GYomasa_LBiol_2c41aa,,,,,
2026-09-12T03:16:12-05:00,PUR_IED_GYomasa_LQuim_33c80,PUR_IED_GYomasa_LQuim_33c80,,,,,
2026-09-12T03:16:12-05:00,PUR_IED_GabBetMejia_Cienc_5a99c,PUR_IED_GabBetMejia_Cienc_5a99c,,,,,
2026-09-12T03:16:12-05:00,PUR_IED_GabBetMejia_Ext_9153d0,PUR_IED_GabBetMejia_Ext_9153d0,,,,,
2026-09-12T03:16:12-05:00,PUR_IED_GabBetMejia_Lab_f55347,PUR_IED_GabBetMejia_Lab_f55347,,,,,
2026-09-12T03:16:12-05:00,PUR_IED_GabBetanMejia_Ext_9153d0,PUR_IED_GabBetanMejia_Ext_9153d0,,,,,
2026-09-12T03:16:12-05:00,PUR_IED_Gaitana_Aula13_7aac11,PUR_IED_Gaitana_Aula13_7aac11,,,,,
2026-09-12T03:16:12-05:00,PUR_IED_Gaitana_Ext_5fcf4,PUR_IED_Gaitana_Ext_5fcf4,,,,,
2026-09-12T03:16:12-05:00,PUR_IED_Gaitana_LabFisica_644448,PUR_IED_Gaitana_LabFisica_644448,,,,,
2026-09-12T03:16:12-05:00,PUR_IED_GenSantander_Dise_8ac858,PUR_IED_GenSantander_Dise_8ac858,,,,,
2026-09-12T03:16:12-05:00,PUR_IED_GenSantander_Ext_8d5dfe,PUR_IED_GenSantander_Ext_8d5dfe,,,,,
2026-09-12T03:16:12-05:00,PUR_IED_GenSantander_Info_6c25b,PUR_IED_GenSantander_Info_6c25b,,,,,
2026-09-12T03:16:12-05:00,PUR_IED_GustavoMo_Exterio_75e63d,PUR_IED_GustavoMo_Exterio_75e63d,,,,,
2026-09-12T03:16:12-05:00,PUR_IED_GustavoMo_LabFisi_224d37,PUR_IED_GustavoMo_LabFisi_224d37,,,,,
2026-09-12T03:16:12-05:00,PUR_IED_GustavoMo_S208_3e6918,PUR_IED_GustavoMo_S208_3e6918,,,,,
2026-09-12T03:16:12-05:00,PUR_IED_GustavoR_A02_8cd4a8,PUR_IED_GustavoR_A02_8cd4a8,,,,,
2026-09-12T03:16:12-05:00,PUR_IED_GustavoR_B11_5b0ed,PUR_IED_GustavoR_B11_5b0ed,,,,,
2026-09-12T03:16:12-05:00,PUR_IED_GustavoR_Ext_7a0c90,PUR_IED_GustavoR_Ext_7a0c90,,,,,
2026-09-12T03:16:12-05:00,PUR_IED_HernandoDuran_Ext_8cd82b,PUR_IED_HernandoDuran_Ext_8cd82b,,,,,
2026-09-12T03:16:12-05:00,PUR_IED_HernandoDuran_S24_2772c6,PUR_IED_HernandoDuran_S24_2772c6,,,,,
2026-09-12T03:16:12-05:00,PUR_IED_HernandoDuran_S30_f2de41,PUR_IED_HernandoDuran_S30_f2de41,,,,,
2026-09-12T03:16:12-05:00,PUR_IED_HolguInUr_S1101_8cd732,PUR_IED_HolguInUr_S1101_8cd732,,,,,
2026-09-12T03:16:12-05:00,PUR_IED_HolguinUr_Exter_ddae6d,PUR_IED_HolguinUr_Exter_ddae6d,,,,,
2026-09-12T03:16:12-05:00,PUR_IED_HolguinUr_LabQuim_92b952,PUR_IED_HolguinUr_LabQuim_92b952,,,,,
2026-09-12T03:16:12-05:00,PUR_IED_Isabel-II_Ext_5245cc,PUR_IED_Isabel-II_Ext_5245cc,12,19,59,4.6336,-74.153
2026-09-12T03:16:12-05:00,PUR_IED_Isabel-II_S_idiom_1c29aa,PUR_IED_Isabel-II_S_idiom_1c29aa,,,,,
2026-09-12T03:16:12-05:00,PUR_IED_Isabel-II_S_infor_fd741,PUR_IED_Isabel-II_S_infor_fd741,,,,,
2026-09-12T03:16:12-05:00,PUR_IED_IsidroSur_Exterio_5b90ea,PUR_IED_IsidroSur_Exterio_5b90ea,,,,,
2026-09-12T03:16:12-05:00,PUR_IED_IsidroSur_LabTec_56697a,PUR_IED_IsidroSur_LabTec_56697a,,,,,
2026-09-12T03:16:12-05:00,PUR_IED_IsidroSur_Robotic_b7c38f,PUR_IED_IsidroSur_Robotic_b7c38f,,,,,
2026-09-12T03:16:12-05:00,PUR_IED_IsmaelPerd_Ext_7b6672,PUR_IED_IsmaelPerd_Ext_7b6672,,,,,
2026-09-12T03:16:12-05:00,PUR_IED_IsmaelPerd_Inform_306540,PUR_IED_IsmaelPerd_Inform_306540,,,,,
2026-09-12T03:16:12-05:00,PUR_IED_IsmaelPerd_S30_2e2c83,PUR_IED_IsmaelPerd_S30_2e2c83,,,,,
2026-09-12T03:16:12-05:00,PUR_IED_JLozano_Exter_432910,PUR_IED_JLozano_Exter_432910,,,,,
2026-09-12T03:16:12-05:00,PUR_IED_JLozano_salaMulti_df5125,PUR_IED_JLozano_salaMulti_df5125,,,,,
2026-09-12T03:16:12-05:00,PUR_IED_JMCordoba_206_86f80b,PUR_IED_JMCordoba_206_86f80b,,,,,
2026-09-12T03:16:12-05:00,PUR_IED_JMCordoba_Ext_27ad97,PUR_IED_JMCordoba_Ext_27ad97,,,,,
2026-09-12T03:16:12-05:00,PUR_IED_JMCordoba_S310_d59ab4,PUR_IED_JMCordoba_S310_d59ab4,,,,,
2026-09-12T03:16:12-05:00,PUR_IED_Japon_Ext_549100,PUR_IED_Japon_Ext_549100,,,,,
2026-09-12T03:16:12-05:00,PUR_IED_Japon_Laboratorio_bec51d,PUR_IED_Japon_Laboratorio_bec51d,,,,,
2026-09-12T03:16:12-05:00,PUR_IED_Japon_informatica_d99327,PUR_IED_Japon_informatica_d99327,,,,,
2026-09-12T03:16:12-05:00,PUR_IED_Jazmin_Ext_d27bda,PUR_IED_Jazmin_Ext_d27bda,,,,,
2026-09-12T03:16:12-05:00,PUR_IED_Jazmin_Fisica_8d14d7,PUR_IED_Jazmin_Fisica_8d14d7,,,,,
2026-09-12T03:16:12-05:00,PUR_IED_Jazmin_Quimica_801cb5,PUR_IED_Jazmin_Quimica_801cb5,,,,,
2026-09-12T03:16:12-05:00,PUR_IED_JorgeGaitan_Exter_f098d1,PUR_IED_JorgeGaitan_Exter_f098d1,,,,,
2026-09-12T03:16:12-05:00,PUR_IED_JorgeGaitan_STec1_dc9d1d,PUR_IED_JorgeGaitan_STec1_dc9d1d,,,,,
2026-09-12T03:16:12-05:00,PUR_IED_JorgeGaitan_STec2_281e69,PUR_IED_JorgeGaitan_STec2_281e69,,,,,
2026-09-12T03:16:12-05:00,PUR_IED_JorgeSoto_Exterio_d9d0a2,PUR_IED_JorgeSoto_Exterio_d9d0a2,,,,,
2026-09-12T03:16:12-05:00,PUR_IED_JorgeSoto_LabFisi_209c54,PUR_IED_JorgeSoto_LabFisi_209c54,,,,,
2026-09-12T03:16:12-05:00,PUR_IED_JorgeSoto_S103_27b51a,PUR_IED_JorgeSoto_S103_27b51a,,,,,
2026-09-12T03:16:12-05:00,PUR_IED_JoseAcevedo_A02_e965eb,PUR_IED_JoseAcevedo_A02_e965eb,,,,,
2026-09-12T03:16:12-05:00,PUR_IED_JoseAcevedo_A07_dd5b4,PUR_IED_JoseAcevedo_A07_dd5b4,,,,,
2026-09-12T03:16:12-05:00,PUR_IED_JoseAcevedo_Ext_b47484,PUR_IED_JoseAcevedo_Ext_b47484,,,,,
2026-09-12T03:16:12-05:00,PUR_IED_JoseMarti_Exte_5b9bf,PUR_IED_JoseMarti_Exte_5b9bf,,,,,
2026-09-12T03:16:12-05:00,PUR_IED_JoseMarti_LabQuim_1c6c2d,PUR_IED_JoseMarti_LabQuim_1c6c2d,,,,,
2026-09-12T03:16:12-05:00,PUR_IED_JoseMarti_S_info_f5f177,PUR_IED_JoseMarti_S_info_f5f177,,,,,
2026-09-12T03:16:12-05:00,PUR_IED_Josejoaquin_Ext_dfc5dc,PUR_IED_Josejoaquin_Ext_dfc5dc,,,,,
2026-09-12T03:16:12-05:00,PUR_IED_Josejoaquin_S05_5b2a96,PUR_IED_Josejoaquin_S05_5b2a96,,,,,
2026-09-12T03:16:12-05:00,PUR_IED_Josejoaquin_S06_1ce7d2,PUR_IED_Josejoaquin_S06_1ce7d2,,,,,
2026-09-12T03:16:12-05:00,PUR_IED_JulioFlorez_Danza_9b82dd,PUR_IED_JulioFlorez_Danza_9b82dd,,,,,
2026-09-12T03:16:12-05:00,PUR_IED_JulioFlorez_Exter_f9f314,PUR_IED_JulioFlorez_Exter_f9f314,,,,,
2026-09-12T03:16:12-05:00,PUR_IED_JulioFlorez_info2_6b6e08,PUR_IED_JulioFlorez_info2_6b6e08,,,,,
2026-09-12T03:16:12-05:00,PUR_IED_LaBelleza_Aula13_1d00d8,PUR_IED_LaBelleza_Aula13_1d00d8,,,,,
2026-09-12T03:16:12-05:00,PUR_IED_LaBelleza_Ext_7bc08c,PUR_IED_LaBelleza_Ext_7bc08c,,,,,
2026-09-12T03:16:12-05:00,PUR_IED_LaChucua_Ext_8cd6d2,PUR_IED_LaChucua_Ext_8cd6d2,,,,,
2026-09-12T03:16:12-05:00,PUR_IED_LaChucua_S15_f578ce,PUR_IED_LaChucua_S15_f578ce,,,,,
2026-09-12T03:16:12-05:00,PUR_IED_LaChucua_S16_eebcf9,PUR_IED_LaChucua_S16_eebcf9,,,,,
2026-09-12T03:16:12-05:00,PUR_IED_LaFelicidad_Ext_fb5109,PUR_IED_LaFelicidad_Ext_fb5109,,,,,
2026-09-12T03:16:12-05:00,PUR_IED_LaMerced_206_66ebd,PUR_IED_LaMerced_206_66ebd,,,,,
2026-09-12T03:16:12-05:00,PUR_IED_LaMerced_207_6ebd6,PUR_IED_LaMerced_207_6ebd6,,,,,
2026-09-12T03:16:12-05:00,PUR_IED_LaMerced_ext_304311,PUR_IED_LaMerced_ext_304311,,,,,
2026-09-12T03:16:12-05:00,PUR_IED_Laureano_CiencNat_281e5e,PUR_IED_Laureano_CiencNat_281e5e,,,,,
2026-09-12T03:16:12-05:00,PUR_IED_Laureano_Comedor_f65c0a,PUR_IED_Laureano_Comedor_f65c0a,,,,,
2026-09-12T03:16:12-05:00,PUR_IED_Laureano_Exterior_7ab011,PUR_IED_Laureano_Exterior_7ab011,,,,,
2026-09-12T03:16:12-05:00,PUR_IED_LeonGreiff_Exte_dfe560,PUR_IED_LeonGreiff_Exte_dfe560,,,,,
2026-09-12T03:16:12-05:00,PUR_IED_LeonGreiff_S210_f264ed,PUR_IED_LeonGreiff_S210_f264ed,,,,,
2026-09-12T03:16:12-05:00,PUR_IED_LeonGreiff_SQuimi_e8296f,PUR_IED_LeonGreiff_SQuimi_e8296f,,,,,
2026-09-12T03:16:12-05:00,PUR_IED_LlanoOrientalS208_7b9fcd,PUR_IED_LlanoOrientalS208_7b9fcd,,,,,
2026-09-12T03:16:12-05:00,PUR_IED_LlanoOriental_Ext_fb3766,PUR_IED_LlanoOriental_Ext_fb3766,,,,,
2026-09-12T03:16:12-05:00,PUR_IED_LlanoOriental_S208_7b9fcd,PUR_IED_LlanoOriental_S208_7b9fcd,,,,,
2026-09-12T03:16:12-05:00,PUR_IED_LlanoOriental_S9_27b378,PUR_IED_LlanoOriental_S9_27b378,,,,,
2026-09-12T03:16:12-05:00,PUR_IED_LosTejares_1101_477602,PUR_IED_LosTejares_1101_477602,,,,,
2026-09-12T03:16:12-05:00,PUR_IED_LosTejares_11_d2c595,PUR_IED_LosTejares_11_d2c595,,,,,
2026-09-12T03:16:12-05:00,PUR_IED_LosTejares_12_477602,PUR_IED_LosTejares_12_477602,,,,,
2026-09-12T03:16:12-05:00,PUR_IED_LosTejares_Ext_8e2115,PUR_IED_LosTejares_Ext_8e2115,,,,,
2026-09-12T03:16:12-05:00,PUR_IED_MagdalenaO_B202_5ddda3,PUR_IED_MagdalenaO_B202_5ddda3,,,,,
2026-09-12T03:16:12-05:00,PUR_IED_MagdalenaO_B205_fb76e8,PUR_IED_MagdalenaO_B205_fb76e8,,,,,
2026-09-12T03:16:12-05:00,PUR_IED_MagdalenaO_ext_dc69cd,PUR_IED_MagdalenaO_ext_dc69cd,,,,,
2026-09-12T03:16:12-05:00,PUR_IED_ManueCepeda_artes_eee956,PUR_IED_ManueCepeda_artes_eee956,,,,,
2026-09-12T03:16:12-05:00,PUR_IED_ManuelCepeda_Ext_58313,PUR_IED_ManuelCepeda_Ext_58313,,,,,
2026-09-12T03:16:12-05:00,PUR_IED_ManuelCepeda_tec_1c5731,PUR_IED_ManuelCepeda_tec_1c5731,,,,,
2026-09-12T03:16:12-05:00,PUR_IED_ManuelS_Exterior_5b269,PUR_IED_ManuelS_Exterior_5b269,,,,,
2026-09-12T03:16:12-05:00,PUR_IED_ManuelS_Inform_f369ce,PUR_IED_ManuelS_Inform_f369ce,,,,,
2026-09-12T03:16:12-05:00,PUR_IED_ManuelS_SArtes_7d15f1,PUR_IED_ManuelS_SArtes_7d15f1,,,,,
2026-09-12T03:16:12-05:00,PUR_IED_ManuelZapata_303_3ca6,PUR_IED_ManuelZapata_303_3ca6,,,,,
2026-09-12T03:16:12-05:00,PUR_IED_ManuelZapata_311_bfbabc,PUR_IED_ManuelZapata_311_bfbabc,,,,,
2026-09-12T03:16:12-05:00,PUR_IED_ManuelZapata_Ext_50824a,PUR_IED_ManuelZapata_Ext_50824a,,,,,
2026-09-12T03:16:12-05:00,PUR_IED_ManuelitaS_Exteri_656a92,PUR_IED_ManuelitaS_Exteri_656a92,,,,,
2026-09-12T03:16:12-05:00,PUR_IED_ManuelitaS_JuzgDe_f58ec3,PUR_IED_ManuelitaS_JuzgDe_f58ec3,,,,,
2026-09-12T03:16:12-05:00,PUR_IED_ManuelitaS_Recrea_d793db,PUR_IED_ManuelitaS_Recrea_d793db,,,,,
2026-09-12T03:16:12-05:00,PUR_IED_MarFidSuarez_Ext_c27b19,PUR_IED_MarFidSuarez_Ext_c27b19,,,,,
2026-09-12T03:16:12-05:00,PUR_IED_MarFidSuarez_Info_e384d7,PUR_IED_MarFidSuarez_Info_e384d7,,,,,
2026-09-12T03:16:12-05:00,PUR_IED_MarFidSuarez_S306_1d0032,PUR_IED_MarFidSuarez_S306_1d0032,,,,,
2026-09-12T03:16:12-05:00,PUR_IED_Menorah_301_2a25a3,PUR_IED_Menorah_301_2a25a3,,,,,
2026-09-12T03:16:12-05:00,PUR_IED_Menorah_306_37ed3,PUR_IED_Menorah_306_37ed3,,,,,
2026-09-12T03:16:12-05:00,PUR_IED_Menorah_Ext_3e155b,PUR_IED_Menorah_Ext_3e155b,,,,,
2026-09-12T03:16:12-05:00,PUR_IED_MinutoB.Aires_A11_1b1604,PUR_IED_MinutoB.Aires_A11_1b1604,,,,,
2026-09-12T03:16:12-05:00,PUR_IED_MinutoB.Aires_A12_fb5860,PUR_IED_MinutoB.Aires_A12_fb5860,,,,,
2026-09-12T03:16:12-05:00,PUR_IED_MinutoB.Aires_Ext_81293f,PUR_IED_MinutoB.Aires_Ext_81293f,,,,,
2026-09-12T03:16:12-05:00,PUR_IED_MinutoBAires_A11_1b1604,PUR_IED_MinutoBAires_A11_1b1604,,,,,
2026-09-12T03:16:12-05:00,PUR_IED_MinutoBAires_A12_fb5860,PUR_IED_MinutoBAires_A12_fb5860,,,,,
2026-09-12T03:16:12-05:00,PUR_IED_MinutoBAires_Ext_81293f,PUR_IED_MinutoBAires_Ext_81293f,,,,,
2026-09-12T03:16:12-05:00,PUR_IED_Montreal_Aula10_1e4959,PUR_IED_Montreal_Aula10_1e4959,,,,,
2026-09-12T03:16:12-05:00,PUR_IED_Montreal_Aula6_300367,PUR_IED_Montreal_Aula6_300367,,,,,
2026-09-12T03:16:12-05:00,PUR_IED_Montreal_Exterior_91a179,PUR_IED_Montreal_Exterior_91a179,,,,,
2026-09-12T03:16:12-05:00,PUR_IED_Mqgdalena_B202_5ddda3,PUR_IED_Mqgdalena_B202_5ddda3,,,,,
2026-09-12T03:16:12-05:00,PUR_IED_NACUND_Soc_dc8728,PUR_IED_NACUND_Soc_dc8728,,,,,
2026-09-12T03:16:12-05:00,PUR_IED_NACUND_ext_27ad97,PUR_IED_NACUND_ext_27ad97,,,,,
2026-09-12T03:16:12-05:00,PUR_IED_NEsperanza_Ext_d24b61,PUR_IED_NEsperanza_Ext_d24b61,,,,,
2026-09-12T03:16:12-05:00,PUR_IED_NEsperanza_SElect_7d1807,PUR_IED_NEsperanza_SElect_7d1807,,,,,
2026-09-12T03:16:12-05:00,PUR_IED_NEsperanza_SLabor_8b2d0a,PUR_IED_NEsperanza_SLabor_8b2d0a,,,,,
2026-09-12T03:16:12-05:00,PUR_IED_NacionesU_Ext_f661a9,PUR_IED_NacionesU_Ext_f661a9,,,,,
2026-09-12T03:16:12-05:00,PUR_IED_NacionesU_Quimica_66f0a,PUR_IED_NacionesU_Quimica_66f0a,,,,,
2026-09-12T03:16:12-05:00,PUR_IED_NacionesU_S306_1b4b3d,PUR_IED_NacionesU_S306_1b4b3d,,,,,
2026-09-12T03:16:12-05:00,PUR_IED_NestorFA_Ext_e4201c,PUR_IED_NestorFA_Ext_e4201c,,,,,
2026-09-12T03:16:12-05:00,PUR_IED_NestorFA_Laborato_f22fe0,PUR_IED_NestorFA_Laborato_f22fe0,,,,,
2026-09-12T03:16:12-05:00,PUR_IED_NestorFA_S204_dee996,PUR_IED_NestorFA_S204_dee996,,,,,
2026-09-12T03:16:12-05:00,PUR_IED_NidyaQT_Aula03_76999b,PUR_IED_NidyaQT_Aula03_76999b,,,,,
2026-09-12T03:16:12-05:00,PUR_IED_NidyaQT_Aula10_56325,PUR_IED_NidyaQT_Aula10_56325,,,,,
2026-09-12T03:16:12-05:00,PUR_IED_NidyaQT_Ext_46e32d,PUR_IED_NidyaQT_Ext_46e32d,,,,,
2026-09-12T03:16:12-05:00,PUR_IED_NuevaCol_Exterior_d9b859,PUR_IED_NuevaCol_Exterior_d9b859,,,,,
2026-09-12T03:16:12-05:00,PUR_IED_NuevaCol_S1101_76c43b,PUR_IED_NuevaCol_S1101_76c43b,,,,,
2026-09-12T03:16:12-05:00,PUR_IED_NuevaCol_S1102_1ce0b5,PUR_IED_NuevaCol_S1102_1ce0b5,,,,,
2026-09-12T03:16:12-05:00,PUR_IED_OEA_A202_f7e3f2,PUR_IED_OEA_A202_f7e3f2,,,,,
2026-09-12T03:16:12-05:00,PUR_IED_OEA_A203_7d1b8d,PUR_IED_OEA_A203_7d1b8d,,,,,
2026-09-12T03:16:12-05:00,PUR_IED_OEA_Ext_27b593,PUR_IED_OEA_Ext_27b593,,,,,
2026-09-12T03:16:12-05:00,PUR_IED_Ochoa_Ext_1c29da,PUR_IED_Ochoa_Ext_1c29da,,,,,
2026-09-12T03:16:12-05:00,PUR_IED_Ochoa_S205_8b1121,PUR_IED_Ochoa_S205_8b1121,,,,,
2026-09-12T03:16:12-05:00,PUR_IED_Ochoa_Sistemas_f33af6,PUR_IED_Ochoa_Sistemas_f33af6,,,,,
2026-09-12T03:16:12-05:00,PUR_IED_PQuebec_Ext_1c67c7,PUR_IED_PQuebec_Ext_1c67c7,,,,,
2026-09-12T03:16:12-05:00,PUR_IED_PQuebec_S15_23e8e2,PUR_IED_PQuebec_S15_23e8e2,,,,,
2026-09-12T03:16:12-05:00,PUR_IED_PQuebec_S16_8ec76b,PUR_IED_PQuebec_S16_8ec76b,,,,,
2026-09-12T03:16:12-05:00,PUR_IED_PabloN_Ext_49dc96,PUR_IED_PabloN_Ext_49dc96,,,,,
2026-09-12T03:16:12-05:00,PUR_IED_PabloN_S1102_4e3df5,PUR_IED_PabloN_S1102_4e3df5,,,,,
2026-09-12T03:16:12-05:00,PUR_IED_PabloN_S1103_50c94b,PUR_IED_PabloN_S1103_50c94b,,,,,
2026-09-12T03:16:12-05:00,PUR_IED_Palestina_S1101_db9198,PUR_IED_Palestina_S1101_db9198,,,,,
2026-09-12T03:16:12-05:00,PUR_IED_Palestina_S1102_dc54fa,PUR_IED_Palestina_S1102_dc54fa,,,,,
2026-09-12T03:16:12-05:00,PUR_IED_Palestina_ext_4ccce6,PUR_IED_Palestina_ext_4ccce6,,,,,
2026-09-12T03:16:12-05:00,PUR_IED_Panama_Fisica_4d0794,PUR_IED_Panama_Fisica_4d0794,,,,,
2026-09-12T03:16:12-05:00,PUR_IED_Panama_SIngles_a4077e,PUR_IED_Panama_SIngles_a4077e,,,,,
2026-09-12T03:16:12-05:00,PUR_IED_Panama_ext_4c54b4,PUR_IED_Panama_ext_4c54b4,,,,,
2026-09-12T03:16:12-05:00,PUR_IED_ParaisoM_Exterior_8cd7f0,PUR_IED_ParaisoM_Exterior_8cd7f0,,,,,
2026-09-12T03:16:12-05:00,PUR_IED_ParaisoM_Laborato_27af35,PUR_IED_ParaisoM_Laborato_27af35,,,,,
2026-09-12T03:16:12-05:00,PUR_IED_ParaisoM_S304_d1edca,PUR_IED_ParaisoM_S304_d1edca,,,,,
2026-09-12T03:16:12-05:00,PUR_IED_PorfirioBarba_Ext_301466,PUR_IED_PorfirioBarba_Ext_301466,,,,,
2026-09-12T03:16:12-05:00,PUR_IED_PorfirioBarba_S11_df6cd2,PUR_IED_PorfirioBarba_S11_df6cd2,,,,,
2026-09-12T03:16:12-05:00,PUR_IED_PorfirioBarba_S29_27a7d6,PUR_IED_PorfirioBarba_S29_27a7d6,,,,,
2026-09-12T03:16:12-05:00,PUR_IED_PradoV_Exter_8b27ad,PUR_IED_PradoV_Exter_8b27ad,,,,,
2026-09-12T03:16:12-05:00,PUR_IED_PradoV_S301_de65b5,PUR_IED_PradoV_S301_de65b5,,,,,
2026-09-12T03:16:12-05:00,PUR_IED_PradoV_S302_7d2593,PUR_IED_PradoV_S302_7d2593,,,,,
2026-09-12T03:16:12-05:00,PUR_IED_QuirogaAlz_Ext_1ddc82,PUR_IED_QuirogaAlz_Ext_1ddc82,,,,,
2026-09-12T03:16:12-05:00,PUR_IED_QuirogaAlz_S302_9926a3,PUR_IED_QuirogaAlz_S302_9926a3,,,,,
2026-09-12T03:16:12-05:00,PUR_IED_QuirogaAlz_S305_cdf1f1,PUR_IED_QuirogaAlz_S305_cdf1f1,,,,,
2026-09-12T03:16:12-05:00,PUR_IED_RGuatemala_Biling_dc53b7,PUR_IED_RGuatemala_Biling_dc53b7,,,,,
2026-09-12T03:16:12-05:00,PUR_IED_RGuatemala_Ext_1b89a3,PUR_IED_RGuatemala_Ext_1b89a3,,,,,
2026-09-12T03:16:12-05:00,PUR_IED_RGuatemala_Tecnol_281a34,PUR_IED_RGuatemala_Tecnol_281a34,,,,,
2026-09-12T03:16:12-05:00,PUR_IED_RafaNu_Ext_f7c302,PUR_IED_RafaNu_Ext_f7c302,,,,,
2026-09-12T03:16:12-05:00,PUR_IED_RafaNu_S1101_25fde,PUR_IED_RafaNu_S1101_25fde,,,,,
2026-09-12T03:16:12-05:00,PUR_IED_RafaNu_S1102_281517,PUR_IED_RafaNu_S1102_281517,,,,,
2026-09-12T03:16:12-05:00,PUR_IED_RafaelB_S305_ee2783,PUR_IED_RafaelB_S305_ee2783,,,,,
2026-09-12T03:16:12-05:00,PUR_IED_RafaelB_S306_75fe33,PUR_IED_RafaelB_S306_75fe33,,,,,
2026-09-12T03:16:12-05:00,PUR_IED_RafaelB_ext_283336,PUR_IED_RafaelB_ext_283336,3,18,59,4.6722,-74.0737
2026-09-12T03:16:12-05:00,PUR_IED_RafaelUU_Exterior_281a51,PUR_IED_RafaelUU_Exterior_281a51,,,,,
2026-09-12T03:16:12-05:00,PUR_IED_RafaelUU_Human_806b2,PUR_IED_RafaelUU_Human_806b2,,,,,
2026-09-12T03:16:12-05:00,PUR_IED_RafaelUU_Mate2_5680d4,PUR_IED_RafaelUU_Mate2_5680d4,,,,,
2026-09-12T03:16:12-05:00,PUR_IED_RamonSub_Ext_f9eeb9,PUR_IED_RamonSub_Ext_f9eeb9,,,,,
2026-09-12T03:16:12-05:00,PUR_IED_RamonSub_Media_d1f62f,PUR_IED_RamonSub_Media_d1f62f,,,,,
2026-09-12T03:16:12-05:00,PUR_IED_RamonSub_planta_51b82,PUR_IED_RamonSub_planta_51b82,,,,,
2026-09-12T03:16:12-05:00,PUR_IED_RepBoliVene_Exter_27af7c,PUR_IED_RepBoliVene_Exter_27af7c,,,,,
2026-09-12T03:16:12-05:00,PUR_IED_RepBoliVene_SCPT_5ae2ee,PUR_IED_RepBoliVene_SCPT_5ae2ee,,,,,
2026-09-12T03:16:12-05:00,PUR_IED_RepBoliVene_Socia_4b11d5,PUR_IED_RepBoliVene_Socia_4b11d5,,,,,
2026-09-12T03:16:12-05:00,PUR_IED_RepChina_Ext_76d9ee,PUR_IED_RepChina_Ext_76d9ee,,,,,
2026-09-12T03:16:12-05:00,PUR_IED_RepChina_S404_7c804c,PUR_IED_RepChina_S404_7c804c,,,,,
2026-09-12T03:16:12-05:00,PUR_IED_RepChina_S405_df2c33,PUR_IED_RepChina_S405_df2c33,,,,,
2026-09-12T03:16:12-05:00,PUR_IED_RepublicaC_Exteri_7d1ec9,PUR_IED_RepublicaC_Exteri_7d1ec9,,,,,
2026-09-12T03:16:12-05:00,PUR_IED_RepublicaC_S1101_f544b3,PUR_IED_RepublicaC_S1101_f544b3,,,,,
2026-09-12T03:16:12-05:00,PUR_IED_RepublicaC_S1102_7aafc7,PUR_IED_RepublicaC_S1102_7aafc7,,,,,
2026-09-12T03:16:12-05:00,PUR_IED_Ricaurte_Externo_a0ea1,PUR_IED_Ricaurte_Externo_a0ea1,,,,,
2026-09-12T03:16:12-05:00,PUR_IED_Ricaurte_S210_f546fd,PUR_IED_Ricaurte_S210_f546fd,,,,,
2026-09-12T03:16:12-05:00,PUR_IED_Ricaurte_S309_d4452,PUR_IED_Ricaurte_S309_d4452,,,,,
2026-09-12T03:16:12-05:00,PUR_IED_RogelioS_1102_531e69,PUR_IED_RogelioS_1102_531e69,,,,,
2026-09-12T03:16:12-05:00,PUR_IED_RogelioS_Ext_f25a18,PUR_IED_RogelioS_Ext_f25a18,,,,,
2026-09-12T03:16:12-05:00,PUR_IED_SBernardino_Ext_27aff8,PUR_IED_SBernardino_Ext_27aff8,,,,,
2026-09-12T03:16:12-05:00,PUR_IED_SBernardino_SArte_2ffd33,PUR_IED_SBernardino_SArte_2ffd33,,,,,
2026-09-12T03:16:12-05:00,PUR_IED_SBernardino_SIngl_7c7da5,PUR_IED_SBernardino_SIngl_7c7da5,,,,,
2026-09-12T03:16:12-05:00,PUR_IED_Sago_auditorio_dc9d1d,PUR_IED_Sago_auditorio_dc9d1d,,,,,
2026-09-12T03:16:12-05:00,PUR_IED_Saludcoop_Ext_95aac3,PUR_IED_Saludcoop_Ext_95aac3,,,,,
2026-09-12T03:16:12-05:00,PUR_IED_Saludcoop_InfI_90c854,PUR_IED_Saludcoop_InfI_90c854,,,,,
2026-09-12T03:16:12-05:00,PUR_IED_Saludcoop_SMedia_1b93be,PUR_IED_Saludcoop_SMedia_1b93be,,,,,
2026-09-12T03:16:12-05:00,PUR_IED_SanCarlos_1101_1a2360,PUR_IED_SanCarlos_1101_1a2360,,,,,
2026-09-12T03:16:12-05:00,PUR_IED_SanCarlos_1103_7bafb5,PUR_IED_SanCarlos_1103_7bafb5,,,,,
2026-09-12T03:16:12-05:00,PUR_IED_SanCarlos_Ext_b7cd1,PUR_IED_SanCarlos_Ext_b7cd1,,,,,
2026-09-12T03:16:12-05:00,PUR_IED_SanIgnacioBosa11a_50c26e,PUR_IED_SanIgnacioBosa11a_50c26e,,,,,
2026-09-12T03:16:12-05:00,PUR_IED_SanIgnacioBosa11b_371de8,PUR_IED_SanIgnacioBosa11b_371de8,,,,,
2026-09-12T03:16:12-05:00,PUR_IED_SanIgnacioBosaExt_ef0ffc,PUR_IED_SanIgnacioBosaExt_ef0ffc,,,,,
2026-09-12T03:16:12-05:00,PUR_IED_SanIgnacioBosa_11a_50c26e,PUR_IED_SanIgnacioBosa_11a_50c26e,,,,,
2026-09-12T03:16:12-05:00,PUR_IED_SanIgnacioBosa_Ext_ef0ffc,PUR_IED_SanIgnacioBosa_Ext_ef0ffc,,,,,
2026-09-12T03:16:12-05:00,PUR_IED_SanJoseN_intS1101_31c47f,PUR_IED_SanJoseN_intS1101_31c47f,,,,,
2026-09-12T03:16:12-05:00,PUR_IED_SanJoseUsm_Exter_f5d7e8,PUR_IED_SanJoseUsm_Exter_f5d7e8,,,,,
2026-09-12T03:16:12-05:00,PUR_IED_SanJoseUsm_Int11A_cfdef6,PUR_IED_SanJoseUsm_Int11A_cfdef6,,,,,
2026-09-12T03:16:12-05:00,PUR_IED_SilveriaR_IntB5_905349,PUR_IED_SilveriaR_IntB5_905349,,,,,
2026-09-12T03:16:12-05:00,PUR_IED_SilveriaR_IntSD14_981f93,PUR_IED_SilveriaR_IntSD14_981f93,,,,,
2026-09-12T03:16:12-05:00,PUR_IED_SilveriaR_ext_2b651d,PUR_IED_SilveriaR_ext_2b651d,,,,,
2026-09-12T03:16:12-05:00,PUR_IED_SimonB_Exterior_913975,PUR_IED_SimonB_Exterior_913975,,,,,
2026-09-12T03:16:12-05:00,PUR_IED_SimonB_LabQuimi_c56908,PUR_IED_SimonB_LabQuimi_c56908,,,,,
2026-09-12T03:16:12-05:00,PUR_IED_SimonB_informatic_a28c1,PUR_IED_SimonB_informatic_a28c1,,,,,
2026-09-12T03:16:12-05:00,PUR_IED_Sorrento_1102_315f50,PUR_IED_Sorrento_1102_315f50,,,,,
2026-09-12T03:16:12-05:00,PUR_IED_Sorrento_Minte_214eab,PUR_IED_Sorrento_Minte_214eab,,,,,
2026-09-12T03:16:12-05:00,PUR_IED_Sorrento_ext_7c3a0a,PUR_IED_Sorrento_ext_7c3a0a,,,,,
2026-09-12T03:16:12-05:00,PUR_IED_Tabora_Ext_f048ae,PUR_IED_Tabora_Ext_f048ae,,,,,
2026-09-12T03:16:12-05:00,PUR_IED_Tabora_S1102_b07752,PUR_IED_Tabora_S1102_b07752,,,,,
2026-09-12T03:16:12-05:00,PUR_IED_Tabora_S1103_d988f5,PUR_IED_Tabora_S1103_d988f5,,,,,
2026-09-12T03:16:12-05:00,PUR_IED_Tenerife_Ext_1ab188,PUR_IED_Tenerife_Ext_1ab188,,,,,
2026-09-12T03:16:12-05:00,PUR_IED_Tenerife_SDanzas_7bc02e,PUR_IED_Tenerife_SDanzas_7bc02e,,,,,
2026-09-12T03:16:12-05:00,PUR_IED_Tenerife_SIngles_7cc277,PUR_IED_Tenerife_SIngles_7cc277,,,,,
2026-09-12T03:16:12-05:00,PUR_IED_Tibabuyes_Exter_f2683d,PUR_IED_Tibabuyes_Exter_f2683d,,,,,
2026-09-12T03:16:12-05:00,PUR_IED_Tibabuyes_S10_dc87a8,PUR_IED_Tibabuyes_S10_dc87a8,,,,,
2026-09-12T03:16:12-05:00,PUR_IED_Tibabuyes_S15_dc0526,PUR_IED_Tibabuyes_S15_dc0526,,,,,
2026-09-12T03:16:12-05:00,PUR_IED_UnionE_S301_a1043,PUR_IED_UnionE_S301_a1043,,,,,
2026-09-12T03:16:12-05:00,PUR_IED_UnionE_S307_ff6c2f,PUR_IED_UnionE_S307_ff6c2f,,,,,
2026-09-12T03:16:12-05:00,PUR_IED_UnionE__Ext_5e2468,PUR_IED_UnionE__Ext_5e2468,,,,,
2026-09-12T03:16:12-05:00,PUR_IED_VillaRica_Ext_75be7c,PUR_IED_VillaRica_Ext_75be7c,,,,,
2026-09-12T03:16:12-05:00,PUR_IED_VillaRica_S4_cc5dcd,PUR_IED_VillaRica_S4_cc5dcd,,,,,
2026-09-12T03:16:12-05:00,PUR_IED_VillaRica_Sesp_99f5c,PUR_IED_VillaRica_Sesp_99f5c,,,,,
2026-09-12T03:21:07-05:00,PUR_IED_20deJulio_1101_91b1b9,PUR_IED_20deJulio_1101_91b1b9,,,,,
2026-09-12T03:21:07-05:00,PUR_IED_20deJulio_1102_1cfcf9,PUR_IED_20deJulio_1102_1cfcf9,,,,,
2026-09-12T03:21:07-05:00,PUR_IED_20deJulio_Ext_ab60bd,PUR_IED_20deJulio_Ext_ab60bd,,,,,
2026-09-12T03:21:07-05:00,PUR_IED_AgustinFer_Ext_7b9b77,PUR_IED_AgustinFer_Ext_7b9b77,,,,,
2026-09-12T03:21:07-05:00,PUR_IED_AgustinFer_Info2_27b3a7,PUR_IED_AgustinFer_Info2_27b3a7,,,,,
2026-09-12T03:21:07-05:00,PUR_IED_AgustinFer_Sena_54b4eb,PUR_IED_AgustinFer_Sena_54b4eb,,,,,
2026-09-12T03:21:07-05:00,PUR_IED_AlexanderF_1102_caf07b,PUR_IED_AlexanderF_1102_caf07b,,,,,
2026-09-12T03:21:07-05:00,PUR_IED_AlexanderF_1103_c79e71,PUR_IED_AlexanderF_1103_c79e71,,,,,
2026-09-12T03:21:07-05:00,PUR_IED_AlexanderF_Ext_c5b18b,PUR_IED_AlexanderF_Ext_c5b18b,,,,,
2026-09-12T03:21:07-05:00,PUR_IED_AlfonsoLopez_Ext_281d77,PUR_IED_AlfonsoLopez_Ext_281d77,,,,,
2026-09-12T03:21:07-05:00,PUR_IED_AlfonsoLopez_LabF_888ce0,PUR_IED_AlfonsoLopez_LabF_888ce0,,,,,
2026-09-12T03:21:07-05:00,PUR_IED_AlfonsoLopez_SMed_df6a7f,PUR_IED_AlfonsoLopez_SMed_df6a7f,,,,,
2026-09-12T03:21:07-05:00,PUR_IED_AltamiraSO_A2_209f92,PUR_IED_AltamiraSO_A2_209f92,,,,,
2026-09-12T03:21:07-05:00,PUR_IED_AltamiraSO_Ext_186d66,PUR_IED_AltamiraSO_Ext_186d66,,,,,
2026-09-12T03:21:07-05:00,PUR_IED_AltamiraSO_Sistem_27afe1,PUR_IED_AltamiraSO_Sistem_27afe1,,,,,
2026-09-12T03:21:07-05:00,PUR_IED_AlvaroGom_LabQuim_813179,PUR_IED_AlvaroGom_LabQuim_813179,,,,,
2026-09-12T03:21:07-05:00,PUR_IED_AlvaroGomez_Ext_47c7ca,PUR_IED_AlvaroGomez_Ext_47c7ca,,,,,
2026-09-12T03:21:07-05:00,PUR_IED_AlvaroGomez_LabQuim_813179,PUR_IED_AlvaroGomez_LabQuim_813179,,,,,
2026-09-12T03:21:07-05:00,PUR_IED_AlvaroGomez_S23_7ba89f,PUR_IED_AlvaroGomez_S23_7ba89f,,,,,
2026-09-12T03:21:07-05:00,PUR_IED_Amistad_306_dc8728,PUR_IED_Amistad_306_dc8728,,,,,
2026-09-12T03:21:07-05:00,PUR_IED_Amistad_Ext_8cd55e,PUR_IED_Amistad_Ext_8cd55e,,,,,
2026-09-12T03:21:07-05:00,PUR_IED_Amistad_S202_a41169,PUR_IED_Amistad_S202_a41169,,,,,
2026-09-12T03:21:07-05:00,PUR_IED_AndresBello_Bio_fd5f5e,PUR_IED_AndresBello_Bio_fd5f5e,,,,,
2026-09-12T03:21:07-05:00,PUR_IED_AndresBello_ext_dcad65,PUR_IED_AndresBello_ext_dcad65,,,,,
2026-09-12T03:21:07-05:00,PUR_IED_AndresBello_port_eed3ec,PUR_IED_AndresBello_port_eed3ec,,,,,
2026-09-12T03:21:07-05:00,PUR_IED_AngelaR_11b_d90a6b,PUR_IED_AngelaR_11b_d90a6b,,,,,
2026-09-12T03:21:07-05:00,PUR_IED_AngelaR_ext_7cad3e,PUR_IED_AngelaR_ext_7cad3e,13,19,61,4.5825,-74.164497
2026-09-12T03:21:07-05:00,PUR_IED_AntJoseSucre_10mo_df2575,PUR_IED_AntJoseSucre_10mo_df2575,,,,,
2026-09-12T03:21:07-05:00,PUR_IED_AntJoseSucre_Ext_215b36,PUR_IED_AntJoseSucre_Ext_215b36,,,,,
2026-09-12T03:21:07-05:00,PUR_IED_AntJoseSucre_Lab_3139de,PUR_IED_AntJoseSucre_Lab_3139de,,,,,
2026-09-12T03:21:07-05:00,PUR_IED_AntonioGarcia_301_d6b188,PUR_IED_AntonioGarcia_301_d6b188,,,,,
2026-09-12T03:21:07-05:00,PUR_IED_AntonioGarcia_302_88a82,PUR_IED_AntonioGarcia_302_88a82,,,,,
2026-09-12T03:21:07-05:00,PUR_IED_AntonioGarcia_Ext_20950c,PUR_IED_AntonioGarcia_Ext_20950c,,,,,
2026-09-12T03:21:07-05:00,PUR_IED_AntonioVan_Aula2_6dea02,PUR_IED_AntonioVan_Aula2_6dea02,,,,,
2026-09-12T03:21:07-05:00,PUR_IED_AntonioVan_Aula5_f1557e,PUR_IED_AntonioVan_Aula5_f1557e,,,,,
2026-09-12T03:21:07-05:00,PUR_IED_AntonioVan_Ext_406f2f,PUR_IED_AntonioVan_Ext_406f2f,,,,,
2026-09-12T03:21:07-05:00,PUR_IED_Atabanzha_Ext_cc5af9,PUR_IED_Atabanzha_Ext_cc5af9,,,,,
2026-09-12T03:21:07-05:00,PUR_IED_Atabanzha_SA101_56c37,PUR_IED_Atabanzha_SA101_56c37,,,,,
2026-09-12T03:21:07-05:00,PUR_IED_Atabanzha_SB302_27b374,PUR_IED_Atabanzha_SB302_27b374,,,,,
2026-09-12T03:21:07-05:00,PUR_IED_Atahualpa_Ext_fc1748,PUR_IED_Atahualpa_Ext_fc1748,,,,,
2026-09-12T03:21:07-05:00,PUR_IED_Atahualpa_Informa_dc9a95,PUR_IED_Atahualpa_Informa_dc9a95,,,,,
2026-09-12T03:21:07-05:00,PUR_IED_Atahualpa_S1101_f98056,PUR_IED_Atahualpa_S1101_f98056,,,,,
2026-09-12T03:21:07-05:00,PUR_IED_Bellavista_Ext_f5aa74,PUR_IED_Bellavista_Ext_f5aa74,,,,,
2026-09-12T03:21:07-05:00,PUR_IED_Bilbao_11A_916c41,PUR_IED_Bilbao_11A_916c41,,,,,
2026-09-12T03:21:07-05:00,PUR_IED_Bilbao_Ext_fb579a,PUR_IED_Bilbao_Ext_fb579a,,,,,
2026-09-12T03:21:07-05:00,PUR_IED_BrasiliaU_A125_304280,PUR_IED_BrasiliaU_A125_304280,,,,,
2026-09-12T03:21:07-05:00,PUR_IED_BrasiliaU_A203_7c8ca5,PUR_IED_BrasiliaU_A203_7c8ca5,,,,,
2026-09-12T03:21:07-05:00,PUR_IED_BrasiliaU_Ext_8d6e9f,PUR_IED_BrasiliaU_Ext_8d6e9f,3,17,63,4.5175,-74.116302
2026-09-12T03:21:07-05:00,PUR_IED_Brasilia_Ext_fe6593,PUR_IED_Brasilia_Ext_fe6593,,,,,
2026-09-12T03:21:07-05:00,PUR_IED_Brasilia_S24_7c130d,PUR_IED_Brasilia_S24_7c130d,,,,,
2026-09-12T03:21:07-05:00,PUR_IED_Brasilia_S501_186a54,PUR_IED_Brasilia_S501_186a54,,,,,
2026-09-12T03:21:07-05:00,PUR_IED_CHARRY_EXT_f1d5cd,PUR_IED_CHARRY_EXT_f1d5cd,,,,,
2026-09-12T03:21:07-05:00,PUR_IED_CHARRY_INTDANZAS_7a08e6,PUR_IED_CHARRY_INTDANZAS_7a08e6,,,,,
2026-09-12T03:21:07-05:00,PUR_IED_CHARRY_INT_AULA20_dc998d,PUR_IED_CHARRY_INT_AULA20_dc998d,,,,,
2026-09-12T03:21:07-05:00,PUR_IED_COLVIV_1101_S25_7f520a,PUR_IED_COLVIV_1101_S25_7f520a,,,,,
2026-09-12T03:21:07-05:00,PUR_IED_COLVIV_1102_S16_f570ba,PUR_IED_COLVIV_1102_S16_f570ba,,,,,
2026-09-12T03:21:07-05:00,PUR_IED_COLVIV_Ext_1a26fa,PUR_IED_COLVIV_Ext_1a26fa,,,,,
2026-09-12T03:21:07-05:00,PUR_IED_CULPOP_301A_f660f3,PUR_IED_CULPOP_301A_f660f3,,,,,
2026-09-12T03:21:07-05:00,PUR_IED_CULPOP_303_568afe,PUR_IED_CULPOP_303_568afe,,,,,
2026-09-12T03:21:07-05:00,PUR_IED_CULPOP_Ext_e02ccb,PUR_IED_CULPOP_Ext_e02ccb,,,,,
2026-09-12T03:21:07-05:00,PUR_IED_CVillavicen_Ext_26eb58,PUR_IED_CVillavicen_Ext_26eb58,4,14,81,4.487,-74.102798
2026-09-12T03:21:07-05:00,PUR_IED_CVillavicen_Intel_1ce5c2,PUR_IED_CVillavicen_Intel_1ce5c2,,,,,
2026-09-12T03:21:07-05:00,PUR_IED_CVillavicen_Poliv_e0766c,PUR_IED_CVillavicen_Poliv_e0766c,,,,,
2026-09-12T03:21:07-05:00,PUR_IED_CVillavicen_int_1ba140,PUR_IED_CVillavicen_int_1ba140,,,,,
2026-09-12T03:21:07-05:00,PUR_IED_CVillavicen_intel_1ba140,PUR_IED_CVillavicen_intel_1ba140,,,,,
2026-09-12T03:21:07-05:00,PUR_IED_CarlosPizarro_Ext_e307cc,PUR_IED_CarlosPizarro_Ext_e307cc,,,,,
2026-09-12T03:21:07-05:00,PUR_IED_CarlosPizarro_L36_7e5cdb,PUR_IED_CarlosPizarro_L36_7e5cdb,,,,,
2026-09-12T03:21:07-05:00,PUR_IED_CarlosPizarro_L37_c8566c,PUR_IED_CarlosPizarro_L37_c8566c,,,,,
2026-09-12T03:21:07-05:00,PUR_IED_Castilla_Ext_cf35f,PUR_IED_Castilla_Ext_cf35f,,,,,
2026-09-12T03:21:07-05:00,PUR_IED_Castilla_SFisik_360e38,PUR_IED_Castilla_SFisik_360e38,,,,,
2026-09-12T03:21:07-05:00,PUR_IED_Castilla_Sc304_496fbf,PUR_IED_Castilla_Sc304_496fbf,,,,,
2026-09-12T03:21:07-05:00,PUR_IED_CervantesSa_Ext_6b57b,PUR_IED_CervantesSa_Ext_6b57b,2,17,68,4.5128,-74.117203
2026-09-12T03:21:07-05:00,PUR_IED_CervantesSa_S107_225c2b,PUR_IED_CervantesSa_S107_225c2b,,,,,
2026-09-12T03:21:07-05:00,PUR_IED_CervantesSa_S108_940925,PUR_IED_CervantesSa_S108_940925,,,,,
2026-09-12T03:21:07-05:00,PUR_IED_Charry_A20_f53e7c,PUR_IED_Charry_A20_f53e7c,,,,,
2026-09-12T03:21:07-05:00,PUR_IED_Charry_Ext_f1d5cd,PUR_IED_Charry_Ext_f1d5cd,,,,,
2026-09-12T03:21:07-05:00,PUR_IED_Charry_IntAula20_dc998d,PUR_IED_Charry_IntAula20_dc998d,,,,,
2026-09-12T03:21:07-05:00,PUR_IED_Charry_IntDanzas_7a08e6,PUR_IED_Charry_IntDanzas_7a08e6,,,,,
2026-09-12T03:21:07-05:00,PUR_IED_ClememciaC_203_43e2fc,PUR_IED_ClememciaC_203_43e2fc,,,,,
2026-09-12T03:21:07-05:00,PUR_IED_ClememciaC_Ext_1b411a,PUR_IED_ClememciaC_Ext_1b411a,,,,,
2026-09-12T03:21:07-05:00,PUR_IED_ClememciaC_Quimic_44b5fc,PUR_IED_ClememciaC_Quimic_44b5fc,,,,,
2026-09-12T03:21:07-05:00,PUR_IED_ClemenciaC_203_43e2fc,PUR_IED_ClemenciaC_203_43e2fc,,,,,
2026-09-12T03:21:07-05:00,PUR_IED_ClemenciaC_Ext_1b411a,PUR_IED_ClemenciaC_Ext_1b411a,,,,,
2026-09-12T03:21:07-05:00,PUR_IED_ClemenciaC_Quimic_44b5fc,PUR_IED_ClemenciaC_Quimic_44b5fc,,,,,
2026-09-12T03:21:07-05:00,PUR_IED_ColViva_1101_S25_7f520a,PUR_IED_ColViva_1101_S25_7f520a,,,,,
2026-09-12T03:21:07-05:00,PUR_IED_ColViva_1102_S16_f570ba,PUR_IED_ColViva_1102_S16_f570ba,,,,,
2026-09-12T03:21:07-05:00,PUR_IED_ColViva_Ext_1a26fa,PUR_IED_ColViva_Ext_1a26fa,,,,,
2026-09-12T03:21:07-05:00,PUR_IED_ColegioBici_Asist_7c8798,PUR_IED_ColegioBici_Asist_7c8798,,,,,
2026-09-12T03:21:07-05:00,PUR_IED_ColegioBici_Ext_25cbf6,PUR_IED_ColegioBici_Ext_25cbf6,,,,,
2026-09-12T03:21:07-05:00,PUR_IED_ColegioBici_LabQ_7b57db,PUR_IED_ColegioBici_LabQ_7b57db,,,,,
2026-09-12T03:21:07-05:00,PUR_IED_CostaRica_Ext_5e640,PUR_IED_CostaRica_Ext_5e640,,,,,
2026-09-12T03:21:07-05:00,PUR_IED_CostaRica_Quim1_766d1c,PUR_IED_CostaRica_Quim1_766d1c,,,,,
2026-09-12T03:21:07-05:00,PUR_IED_CostaRica__Fisica_6f0873,PUR_IED_CostaRica__Fisica_6f0873,,,,,
2026-09-12T03:21:07-05:00,PUR_IED_CulPopu_301A_f660f3,PUR_IED_CulPopu_301A_f660f3,,,,,
2026-09-12T03:21:07-05:00,PUR_IED_CulPopu_303_568afe,PUR_IED_CulPopu_303_568afe,,,,,
2026-09-12T03:21:07-05:00,PUR_IED_CulPopu_Ext_e02ccb,PUR_IED_CulPopu_Ext_e02ccb,,,,,
2026-09-12T03:21:07-05:00,PUR_IED_Cundinamarca_Ext_f15985,PUR_IED_Cundinamarca_Ext_f15985,,,,,
2026-09-12T03:21:07-05:00,PUR_IED_Cundinamarca_Info_7aa5d7,PUR_IED_Cundinamarca_Info_7aa5d7,,,,,
2026-09-12T03:21:07-05:00,PUR_IED_Cundinamarca_Tec2_f449c7,PUR_IED_Cundinamarca_Tec2_f449c7,,,,,
2026-09-12T03:21:07-05:00,PUR_IED_DiegoM_Aula1_27b314,PUR_IED_DiegoM_Aula1_27b314,,,,,
2026-09-12T03:21:07-05:00,PUR_IED_DiegoM_Ext_d80ac8,PUR_IED_DiegoM_Ext_d80ac8,,,,,
2026-09-12T03:21:07-05:00,PUR_IED_DiegoM_S25_da928f,PUR_IED_DiegoM_S25_da928f,,,,,
2026-09-12T03:21:07-05:00,PUR_IED_ELRODEO_360881,PUR_IED_ELRODEO_360881,,,,,
2026-09-12T03:21:07-05:00,PUR_IED_ELRODEO_ext_360881,PUR_IED_ELRODEO_ext_360881,,,,,
2026-09-12T03:21:07-05:00,PUR_IED_EduardoU_Ext_1c1969,PUR_IED_EduardoU_Ext_1c1969,,,,,
2026-09-12T03:21:07-05:00,PUR_IED_EduardoU_SCiencia_4dfb94,PUR_IED_EduardoU_SCiencia_4dfb94,,,,,
2026-09-12T03:21:07-05:00,PUR_IED_EduardoU_SQuimica_5a46e7,PUR_IED_EduardoU_SQuimica_5a46e7,,,,,
2026-09-12T03:21:07-05:00,PUR_IED_ElRodeo_Aula14_676984,PUR_IED_ElRodeo_Aula14_676984,,,,,
2026-09-12T03:21:07-05:00,PUR_IED_ElRodeo_Aula16_2dd35b,PUR_IED_ElRodeo_Aula16_2dd35b,,,,,
2026-09-12T03:21:07-05:00,PUR_IED_ElRodeo_Ext_360881,PUR_IED_ElRodeo_Ext_360881,,,,,
2026-09-12T03:21:07-05:00,PUR_IED_ElRodeo_Exterior_8c6d28,PUR_IED_ElRodeo_Exterior_8c6d28,,,,,
2026-09-12T03:21:07-05:00,PUR_IED_ElRodeo_ext_360881,PUR_IED_ElRodeo_ext_360881,,,,,
2026-09-12T03:21:07-05:00,PUR_IED_EmmaReyes_Ext_987625,PUR_IED_EmmaReyes_Ext_987625,11,21,53,4.6367,-74.1511
2026-09-12T03:21:07-05:00,PUR_IED_Ensueño_Ext_7f0250,PUR_IED_Ensueño_Ext_7f0250,,,,,
2026-09-12T03:21:07-05:00,PUR_IED_EscNormal_Ext_5fef3b,PUR_IED_EscNormal_Ext_5fef3b,2,18,61,4.5852,-74.096901
2026-09-12T03:21:07-05:00,PUR_IED_EscNormal_S309_5b263,PUR_IED_EscNormal_S309_5b263,,,,,
2026-09-12T03:21:07-05:00,PUR_IED_EscNormal_S310_27b3b8,PUR_IED_EscNormal_S310_27b3b8,,,,,
2026-09-12T03:21:07-05:00,PUR_IED_Evangelista_Conta_f6cd4f,PUR_IED_Evangelista_Conta_f6cd4f,,,,,
2026-09-12T03:21:07-05:00,PUR_IED_Evangelista_Cri_5e16a,PUR_IED_Evangelista_Cri_5e16a,,,,,
2026-09-12T03:21:07-05:00,PUR_IED_Evangelista_Exter_754066,PUR_IED_Evangelista_Exter_754066,,,,,
2026-09-12T03:21:07-05:00,PUR_IED_FMiranda_S209_5cc2a3,PUR_IED_FMiranda_S209_5cc2a3,,,,,
2026-09-12T03:21:07-05:00,PUR_IED_FMiranda_S303_19e344,PUR_IED_FMiranda_S303_19e344,,,,,
2026-09-12T03:21:07-05:00,PUR_IED_FMiranda_ext_f53e7c,PUR_IED_FMiranda_ext_f53e7c,,,,,
2026-09-12T03:21:07-05:00,PUR_IED_FabioLozano_Bibli_1cee05,PUR_IED_FabioLozano_Bibli_1cee05,,,,,
2026-09-12T03:21:07-05:00,PUR_IED_FabioLozano_Ext_6ea285,PUR_IED_FabioLozano_Ext_6ea285,,,,,
2026-09-12T03:21:07-05:00,PUR_IED_FabioLozano_SLudi_f09e1e,PUR_IED_FabioLozano_SLudi_f09e1e,,,,,
2026-09-12T03:21:07-05:00,PUR_IED_FaustinoS_Aula07_27a731,PUR_IED_FaustinoS_Aula07_27a731,,,,,
2026-09-12T03:21:07-05:00,PUR_IED_FaustinoS_Ext_7b936f,PUR_IED_FaustinoS_Ext_7b936f,,,,,
2026-09-12T03:21:07-05:00,PUR_IED_FaustinoS_Fisica_da2c60,PUR_IED_FaustinoS_Fisica_da2c60,,,,,
2026-09-12T03:21:07-05:00,PUR_IED_FeGarciaLo_Ext_dc68ee,PUR_IED_FeGarciaLo_Ext_dc68ee,,,,,
2026-09-12T03:21:07-05:00,PUR_IED_FeGarciaLo_SDanza_f70a59,PUR_IED_FeGarciaLo_SDanza_f70a59,,,,,
2026-09-12T03:21:07-05:00,PUR_IED_FeGarciaLo_SMusic_125cdd,PUR_IED_FeGarciaLo_SMusic_125cdd,,,,,
2026-09-12T03:21:07-05:00,PUR_IED_FederalAlema_Exte_50c345,PUR_IED_FederalAlema_Exte_50c345,,,,,
2026-09-12T03:21:07-05:00,PUR_IED_FederalAlema_S31_f18371,PUR_IED_FederalAlema_S31_f18371,,,,,
2026-09-12T03:21:07-05:00,PUR_IED_FederalAlema_S901_a62cd,PUR_IED_FederalAlema_S901_a62cd,,,,,
2026-09-12T03:21:07-05:00,PUR_IED_FilarmonicaS_A5_f35eb1,PUR_IED_FilarmonicaS_A5_f35eb1,,,,,
2026-09-12T03:21:07-05:00,PUR_IED_FilarmonicaS_Ext_8a3bde,PUR_IED_FilarmonicaS_Ext_8a3bde,,,,,
2026-09-12T03:21:07-05:00,PUR_IED_FilarmonicaS_Spol_406114,PUR_IED_FilarmonicaS_Spol_406114,,,,,
2026-09-12T03:21:07-05:00,PUR_IED_FlorentinoG_A13_d1fa59,PUR_IED_FlorentinoG_A13_d1fa59,,,,,
2026-09-12T03:21:07-05:00,PUR_IED_FlorentinoG_Ext_1ce6ce,PUR_IED_FlorentinoG_Ext_1ce6ce,,,,,
2026-09-12T03:21:07-05:00,PUR_IED_FlorentinoG_Idiom_a66aac,PUR_IED_FlorentinoG_Idiom_a66aac,,,,,
2026-09-12T03:21:07-05:00,PUR_IED_FranciscoMati_Ext_e3869d,PUR_IED_FranciscoMati_Ext_e3869d,,,,,
2026-09-12T03:21:07-05:00,PUR_IED_FranciscoMati_S13_f31c67,PUR_IED_FranciscoMati_S13_f31c67,,,,,
2026-09-12T03:21:07-05:00,PUR_IED_FranciscoMati_S14_97dead,PUR_IED_FranciscoMati_S14_97dead,,,,,
2026-09-12T03:21:07-05:00,PUR_IED_FranciscoPS_Ext_7bfa9a,PUR_IED_FranciscoPS_Ext_7bfa9a,4,19,59,4.5899,-74.110397
2026-09-12T03:21:07-05:00,PUR_IED_FranciscoPS_Infor_fb8f4c,PUR_IED_FranciscoPS_Infor_fb8f4c,,,,,
2026-09-12T03:21:07-05:00,PUR_IED_FranciscoPS_Quimi_94d39c,PUR_IED_FranciscoPS_Quimi_94d39c,,,,,
2026-09-12T03:21:07-05:00,PUR_IED_FranciscoP_LabQ_d7e148,PUR_IED_FranciscoP_LabQ_d7e148,,,,,
2026-09-12T03:21:07-05:00,PUR_IED_FranciscoP_S28_cf9b30,PUR_IED_FranciscoP_S28_cf9b30,,,,,
2026-09-12T03:21:07-05:00,PUR_IED_FranciscoP_ext_e2313,PUR_IED_FranciscoP_ext_e2313,,,,,
2026-09-12T03:21:07-05:00,PUR_IED_FriederichN_Ext_8ac92a,PUR_IED_FriederichN_Ext_8ac92a,,,,,
2026-09-12T03:21:07-05:00,PUR_IED_FriederichN_S301_dd7e5a,PUR_IED_FriederichN_S301_dd7e5a,,,,,
2026-09-12T03:21:07-05:00,PUR_IED_FriederichN_S308_761f4f,PUR_IED_FriederichN_S308_761f4f,,,,,
2026-09-12T03:21:07-05:00,PUR_IED_GSantander_Aula10_533dd7,PUR_IED_GSantander_Aula10_533dd7,,,,,
2026-09-12T03:21:07-05:00,PUR_IED_GSantander_Aula12_fd4e4f,PUR_IED_GSantander_Aula12_fd4e4f,,,,,
2026-09-12T03:21:07-05:00,PUR_IED_GSantander_Aula310_533dd7,PUR_IED_GSantander_Aula310_533dd7,,,,,
2026-09-12T03:21:07-05:00,PUR_IED_GSantander_Aula312_fd4e4f,PUR_IED_GSantander_Aula312_fd4e4f,,,,,
2026-09-12T03:21:07-05:00,PUR_IED_GSantander_Ext_5f66b0,PUR_IED_GSantander_Ext_5f66b0,,,,,
2026-09-12T03:21:07-05:00,PUR_IED_GYomasa_Ext_f6bea5,PUR_IED_GYomasa_Ext_f6bea5,,,,,
2026-09-12T03:21:07-05:00,PUR_IED_GYomasa_LBiol_2c41aa,PUR_IED_GYomasa_LBiol_2c41aa,,,,,
2026-09-12T03:21:07-05:00,PUR_IED_GYomasa_LQuim_33c80,PUR_IED_GYomasa_LQuim_33c80,,,,,
2026-09-12T03:21:07-05:00,PUR_IED_GabBetMejia_Cienc_5a99c,PUR_IED_GabBetMejia_Cienc_5a99c,,,,,
2026-09-12T03:21:07-05:00,PUR_IED_GabBetMejia_Ext_9153d0,PUR_IED_GabBetMejia_Ext_9153d0,,,,,
2026-09-12T03:21:07-05:00,PUR_IED_GabBetMejia_Lab_f55347,PUR_IED_GabBetMejia_Lab_f55347,,,,,
2026-09-12T03:21:07-05:00,PUR_IED_GabBetanMejia_Ext_9153d0,PUR_IED_GabBetanMejia_Ext_9153d0,,,,,
2026-09-12T03:21:07-05:00,PUR_IED_Gaitana_Aula13_7aac11,PUR_IED_Gaitana_Aula13_7aac11,,,,,
2026-09-12T03:21:07-05:00,PUR_IED_Gaitana_Ext_5fcf4,PUR_IED_Gaitana_Ext_5fcf4,,,,,
2026-09-12T03:21:07-05:00,PUR_IED_Gaitana_LabFisica_644448,PUR_IED_Gaitana_LabFisica_644448,,,,,
2026-09-12T03:21:07-05:00,PUR_IED_GenSantander_Dise_8ac858,PUR_IED_GenSantander_Dise_8ac858,,,,,
2026-09-12T03:21:07-05:00,PUR_IED_GenSantander_Ext_8d5dfe,PUR_IED_GenSantander_Ext_8d5dfe,,,,,
2026-09-12T03:21:07-05:00,PUR_IED_GenSantander_Info_6c25b,PUR_IED_GenSantander_Info_6c25b,,,,,
2026-09-12T03:21:07-05:00,PUR_IED_GustavoMo_Exterio_75e63d,PUR_IED_GustavoMo_Exterio_75e63d,,,,,
2026-09-12T03:21:07-05:00,PUR_IED_GustavoMo_LabFisi_224d37,PUR_IED_GustavoMo_LabFisi_224d37,,,,,
2026-09-12T03:21:07-05:00,PUR_IED_GustavoMo_S208_3e6918,PUR_IED_GustavoMo_S208_3e6918,,,,,
2026-09-12T03:21:07-05:00,PUR_IED_GustavoR_A02_8cd4a8,PUR_IED_GustavoR_A02_8cd4a8,,,,,
2026-09-12T03:21:07-05:00,PUR_IED_GustavoR_B11_5b0ed,PUR_IED_GustavoR_B11_5b0ed,,,,,
2026-09-12T03:21:07-05:00,PUR_IED_GustavoR_Ext_7a0c90,PUR_IED_GustavoR_Ext_7a0c90,,,,,
2026-09-12T03:21:07-05:00,PUR_IED_HernandoDuran_Ext_8cd82b,PUR_IED_HernandoDuran_Ext_8cd82b,,,,,
2026-09-12T03:21:07-05:00,PUR_IED_HernandoDuran_S24_2772c6,PUR_IED_HernandoDuran_S24_2772c6,,,,,
2026-09-12T03:21:07-05:00,PUR_IED_HernandoDuran_S30_f2de41,PUR_IED_HernandoDuran_S30_f2de41,,,,,
2026-09-12T03:21:07-05:00,PUR_IED_HolguInUr_S1101_8cd732,PUR_IED_HolguInUr_S1101_8cd732,,,,,
2026-09-12T03:21:07-05:00,PUR_IED_HolguinUr_Exter_ddae6d,PUR_IED_HolguinUr_Exter_ddae6d,,,,,
2026-09-12T03:21:07-05:00,PUR_IED_HolguinUr_LabQuim_92b952,PUR_IED_HolguinUr_LabQuim_92b952,,,,,
2026-09-12T03:21:07-05:00,PUR_IED_Isabel-II_Ext_5245cc,PUR_IED_Isabel-II_Ext_5245cc,10,19,59,4.6336,-74.153
2026-09-12T03:21:07-05:00,PUR_IED_Isabel-II_S_idiom_1c29aa,PUR_IED_Isabel-II_S_idiom_1c29aa,,,,,
2026-09-12T03:21:07-05:00,PUR_IED_Isabel-II_S_infor_fd741,PUR_IED_Isabel-II_S_infor_fd741,,,,,
2026-09-12T03:21:07-05:00,PUR_IED_IsidroSur_Exterio_5b90ea,PUR_IED_IsidroSur_Exterio_5b90ea,,,,,
2026-09-12T03:21:07-05:00,PUR_IED_IsidroSur_LabTec_56697a,PUR_IED_IsidroSur_LabTec_56697a,,,,,
2026-09-12T03:21:07-05:00,PUR_IED_IsidroSur_Robotic_b7c38f,PUR_IED_IsidroSur_Robotic_b7c38f,,,,,
2026-09-12T03:21:07-05:00,PUR_IED_IsmaelPerd_Ext_7b6672,PUR_IED_IsmaelPerd_Ext_7b6672,,,,,
2026-09-12T03:21:07-05:00,PUR_IED_IsmaelPerd_Inform_306540,PUR_IED_IsmaelPerd_Inform_306540,,,,,
2026-09-12T03:21:07-05:00,PUR_IED_IsmaelPerd_S30_2e2c83,PUR_IED_IsmaelPerd_S30_2e2c83,,,,,
2026-09-12T03:21:07-05:00,PUR_IED_JLozano_Exter_432910,PUR_IED_JLozano_Exter_432910,,,,,
2026-09-12T03:21:07-05:00,PUR_IED_JLozano_salaMulti_df5125,PUR_IED_JLozano_salaMulti_df5125,,,,,
2026-09-12T03:21:07-05:00,PUR_IED_JMCordoba_206_86f80b,PUR_IED_JMCordoba_206_86f80b,,,,,
2026-09-12T03:21:07-05:00,PUR_IED_JMCordoba_Ext_27ad97,PUR_IED_JMCordoba_Ext_27ad97,,,,,
2026-09-12T03:21:07-05:00,PUR_IED_JMCordoba_S310_d59ab4,PUR_IED_JMCordoba_S310_d59ab4,,,,,
2026-09-12T03:21:07-05:00,PUR_IED_Japon_Ext_549100,PUR_IED_Japon_Ext_549100,,,,,
2026-09-12T03:21:07-05:00,PUR_IED_Japon_Laboratorio_bec51d,PUR_IED_Japon_Laboratorio_bec51d,,,,,
2026-09-12T03:21:07-05:00,PUR_IED_Japon_informatica_d99327,PUR_IED_Japon_informatica_d99327,,,,,
2026-09-12T03:21:07-05:00,PUR_IED_Jazmin_Ext_d27bda,PUR_IED_Jazmin_Ext_d27bda,,,,,
2026-09-12T03:21:07-05:00,PUR_IED_Jazmin_Fisica_8d14d7,PUR_IED_Jazmin_Fisica_8d14d7,,,,,
2026-09-12T03:21:07-05:00,PUR_IED_Jazmin_Quimica_801cb5,PUR_IED_Jazmin_Quimica_801cb5,,,,,
2026-09-12T03:21:07-05:00,PUR_IED_JorgeGaitan_Exter_f098d1,PUR_IED_JorgeGaitan_Exter_f098d1,,,,,
2026-09-12T03:21:07-05:00,PUR_IED_JorgeGaitan_STec1_dc9d1d,PUR_IED_JorgeGaitan_STec1_dc9d1d,,,,,
2026-09-12T03:21:07-05:00,PUR_IED_JorgeGaitan_STec2_281e69,PUR_IED_JorgeGaitan_STec2_281e69,,,,,
2026-09-12T03:21:07-05:00,PUR_IED_JorgeSoto_Exterio_d9d0a2,PUR_IED_JorgeSoto_Exterio_d9d0a2,,,,,
2026-09-12T03:21:07-05:00,PUR_IED_JorgeSoto_LabFisi_209c54,PUR_IED_JorgeSoto_LabFisi_209c54,,,,,
2026-09-12T03:21:07-05:00,PUR_IED_JorgeSoto_S103_27b51a,PUR_IED_JorgeSoto_S103_27b51a,,,,,
2026-09-12T03:21:07-05:00,PUR_IED_JoseAcevedo_A02_e965eb,PUR_IED_JoseAcevedo_A02_e965eb,,,,,
2026-09-12T03:21:07-05:00,PUR_IED_JoseAcevedo_A07_dd5b4,PUR_IED_JoseAcevedo_A07_dd5b4,,,,,
2026-09-12T03:21:07-05:00,PUR_IED_JoseAcevedo_Ext_b47484,PUR_IED_JoseAcevedo_Ext_b47484,,,,,
2026-09-12T03:21:07-05:00,PUR_IED_JoseMarti_Exte_5b9bf,PUR_IED_JoseMarti_Exte_5b9bf,,,,,
2026-09-12T03:21:07-05:00,PUR_IED_JoseMarti_LabQuim_1c6c2d,PUR_IED_JoseMarti_LabQuim_1c6c2d,,,,,
2026-09-12T03:21:07-05:00,PUR_IED_JoseMarti_S_info_f5f177,PUR_IED_JoseMarti_S_info_f5f177,,,,,
2026-09-12T03:21:07-05:00,PUR_IED_Josejoaquin_Ext_dfc5dc,PUR_IED_Josejoaquin_Ext_dfc5dc,,,,,
2026-09-12T03:21:07-05:00,PUR_IED_Josejoaquin_S05_5b2a96,PUR_IED_Josejoaquin_S05_5b2a96,,,,,
2026-09-12T03:21:07-05:00,PUR_IED_Josejoaquin_S06_1ce7d2,PUR_IED_Josejoaquin_S06_1ce7d2,,,,,
2026-09-12T03:21:07-05:00,PUR_IED_JulioFlorez_Danza_9b82dd,PUR_IED_JulioFlorez_Danza_9b82dd,,,,,
2026-09-12T03:21:07-05:00,PUR_IED_JulioFlorez_Exter_f9f314,PUR_IED_JulioFlorez_Exter_f9f314,,,,,
2026-09-12T03:21:07-05:00,PUR_IED_JulioFlorez_info2_6b6e08,PUR_IED_JulioFlorez_info2_6b6e08,,,,,
2026-09-12T03:21:07-05:00,PUR_IED_LaBelleza_Aula13_1d00d8,PUR_IED_LaBelleza_Aula13_1d00d8,,,,,
2026-09-12T03:21:07-05:00,PUR_IED_LaBelleza_Ext_7bc08c,PUR_IED_LaBelleza_Ext_7bc08c,,,,,
2026-09-12T03:21:07-05:00,PUR_IED_LaChucua_Ext_8cd6d2,PUR_IED_LaChucua_Ext_8cd6d2,,,,,
2026-09-12T03:21:07-05:00,PUR_IED_LaChucua_S15_f578ce,PUR_IED_LaChucua_S15_f578ce,,,,,
2026-09-12T03:21:07-05:00,PUR_IED_LaChucua_S16_eebcf9,PUR_IED_LaChucua_S16_eebcf9,,,,,
2026-09-12T03:21:07-05:00,PUR_IED_LaFelicidad_Ext_fb5109,PUR_IED_LaFelicidad_Ext_fb5109,,,,,
2026-09-12T03:21:07-05:00,PUR_IED_LaMerced_206_66ebd,PUR_IED_LaMerced_206_66ebd,,,,,
2026-09-12T03:21:07-05:00,PUR_IED_LaMerced_207_6ebd6,PUR_IED_LaMerced_207_6ebd6,,,,,
2026-09-12T03:21:07-05:00,PUR_IED_LaMerced_ext_304311,PUR_IED_LaMerced_ext_304311,,,,,
2026-09-12T03:21:07-05:00,PUR_IED_Laureano_CiencNat_281e5e,PUR_IED_Laureano_CiencNat_281e5e,,,,,
2026-09-12T03:21:07-05:00,PUR_IED_Laureano_Comedor_f65c0a,PUR_IED_Laureano_Comedor_f65c0a,,,,,
2026-09-12T03:21:07-05:00,PUR_IED_Laureano_Exterior_7ab011,PUR_IED_Laureano_Exterior_7ab011,,,,,
2026-09-12T03:21:07-05:00,PUR_IED_LeonGreiff_Exte_dfe560,PUR_IED_LeonGreiff_Exte_dfe560,,,,,
2026-09-12T03:21:07-05:00,PUR_IED_LeonGreiff_S210_f264ed,PUR_IED_LeonGreiff_S210_f264ed,,,,,
2026-09-12T03:21:07-05:00,PUR_IED_LeonGreiff_SQuimi_e8296f,PUR_IED_LeonGreiff_SQuimi_e8296f,,,,,
2026-09-12T03:21:07-05:00,PUR_IED_LlanoOrientalS208_7b9fcd,PUR_IED_LlanoOrientalS208_7b9fcd,,,,,
2026-09-12T03:21:07-05:00,PUR_IED_LlanoOriental_Ext_fb3766,PUR_IED_LlanoOriental_Ext_fb3766,,,,,
2026-09-12T03:21:07-05:00,PUR_IED_LlanoOriental_S208_7b9fcd,PUR_IED_LlanoOriental_S208_7b9fcd,,,,,
2026-09-12T03:21:07-05:00,PUR_IED_LlanoOriental_S9_27b378,PUR_IED_LlanoOriental_S9_27b378,,,,,
2026-09-12T03:21:07-05:00,PUR_IED_LosTejares_1101_477602,PUR_IED_LosTejares_1101_477602,,,,,
2026-09-12T03:21:07-05:00,PUR_IED_LosTejares_11_d2c595,PUR_IED_LosTejares_11_d2c595,,,,,
2026-09-12T03:21:07-05:00,PUR_IED_LosTejares_12_477602,PUR_IED_LosTejares_12_477602,,,,,
2026-09-12T03:21:07-05:00,PUR_IED_LosTejares_Ext_8e2115,PUR_IED_LosTejares_Ext_8e2115,,,,,
2026-09-12T03:21:07-05:00,PUR_IED_MagdalenaO_B202_5ddda3,PUR_IED_MagdalenaO_B202_5ddda3,,,,,
2026-09-12T03:21:07-05:00,PUR_IED_MagdalenaO_B205_fb76e8,PUR_IED_MagdalenaO_B205_fb76e8,,,,,
2026-09-12T03:21:07-05:00,PUR_IED_MagdalenaO_ext_dc69cd,PUR_IED_MagdalenaO_ext_dc69cd,,,,,
2026-09-12T03:21:07-05:00,PUR_IED_ManueCepeda_artes_eee956,PUR_IED_ManueCepeda_artes_eee956,,,,,
2026-09-12T03:21:07-05:00,PUR_IED_ManuelCepeda_Ext_58313,PUR_IED_ManuelCepeda_Ext_58313,,,,,
2026-09-12T03:21:07-05:00,PUR_IED_ManuelCepeda_tec_1c5731,PUR_IED_ManuelCepeda_tec_1c5731,,,,,
2026-09-12T03:21:07-05:00,PUR_IED_ManuelS_Exterior_5b269,PUR_IED_ManuelS_Exterior_5b269,,,,,
2026-09-12T03:21:07-05:00,PUR_IED_ManuelS_Inform_f369ce,PUR_IED_ManuelS_Inform_f369ce,,,,,
2026-09-12T03:21:07-05:00,PUR_IED_ManuelS_SArtes_7d15f1,PUR_IED_ManuelS_SArtes_7d15f1,,,,,
2026-09-12T03:21:07-05:00,PUR_IED_ManuelZapata_303_3ca6,PUR_IED_ManuelZapata_303_3ca6,,,,,
2026-09-12T03:21:07-05:00,PUR_IED_ManuelZapata_311_bfbabc,PUR_IED_ManuelZapata_311_bfbabc,,,,,
2026-09-12T03:21:07-05:00,PUR_IED_ManuelZapata_Ext_50824a,PUR_IED_ManuelZapata_Ext_50824a,,,,,
2026-09-12T03:21:07-05:00,PUR_IED_ManuelitaS_Exteri_656a92,PUR_IED_ManuelitaS_Exteri_656a92,,,,,
2026-09-12T03:21:07-05:00,PUR_IED_ManuelitaS_JuzgDe_f58ec3,PUR_IED_ManuelitaS_JuzgDe_f58ec3,,,,,
2026-09-12T03:21:07-05:00,PUR_IED_ManuelitaS_Recrea_d793db,PUR_IED_ManuelitaS_Recrea_d793db,,,,,
2026-09-12T03:21:07-05:00,PUR_IED_MarFidSuarez_Ext_c27b19,PUR_IED_MarFidSuarez_Ext_c27b19,,,,,
2026-09-12T03:21:07-05:00,PUR_IED_MarFidSuarez_Info_e384d7,PUR_IED_MarFidSuarez_Info_e384d7,,,,,
2026-09-12T03:21:07-05:00,PUR_IED_MarFidSuarez_S306_1d0032,PUR_IED_MarFidSuarez_S306_1d0032,,,,,
2026-09-12T03:21:07-05:00,PUR_IED_Menorah_301_2a25a3,PUR_IED_Menorah_301_2a25a3,,,,,
2026-09-12T03:21:07-05:00,PUR_IED_Menorah_306_37ed3,PUR_IED_Menorah_306_37ed3,,,,,
2026-09-12T03:21:07-05:00,PUR_IED_Menorah_Ext_3e155b,PUR_IED_Menorah_Ext_3e155b,,,,,
2026-09-12T03:21:07-05:00,PUR_IED_MinutoB.Aires_A11_1b1604,PUR_IED_MinutoB.Aires_A11_1b1604,,,,,
2026-09-12T03:21:07-05:00,PUR_IED_MinutoB.Aires_A12_fb5860,PUR_IED_MinutoB.Aires_A12_fb5860,,,,,
2026-09-12T03:21:07-05:00,PUR_IED_MinutoB.Aires_Ext_81293f,PUR_IED_MinutoB.Aires_Ext_81293f,,,,,
2026-09-12T03:21:07-05:00,PUR_IED_MinutoBAires_A11_1b1604,PUR_IED_MinutoBAires_A11_1b1604,,,,,
2026-09-12T03:21:07-05:00,PUR_IED_MinutoBAires_A12_fb5860,PUR_IED_MinutoBAires_A12_fb5860,,,,,
2026-09-12T03:21:07-05:00,PUR_IED_MinutoBAires_Ext_81293f,PUR_IED_MinutoBAires_Ext_81293f,,,,,
2026-09-12T03:21:07-05:00,PUR_IED_Montreal_Aula10_1e4959,PUR_IED_Montreal_Aula10_1e4959,,,,,
2026-09-12T03:21:07-05:00,PUR_IED_Montreal_Aula6_300367,PUR_IED_Montreal_Aula6_300367,,,,,
2026-09-12T03:21:07-05:00,PUR_IED_Montreal_Exterior_91a179,PUR_IED_Montreal_Exterior_91a179,,,,,
2026-09-12T03:21:07-05:00,PUR_IED_Mqgdalena_B202_5ddda3,PUR_IED_Mqgdalena_B202_5ddda3,,,,,
2026-09-12T03:21:07-05:00,PUR_IED_NACUND_Soc_dc8728,PUR_IED_NACUND_Soc_dc8728,,,,,
2026-09-12T03:21:07-05:00,PUR_IED_NACUND_ext_27ad97,PUR_IED_NACUND_ext_27ad97,,,,,
2026-09-12T03:21:07-05:00,PUR_IED_NEsperanza_Ext_d24b61,PUR_IED_NEsperanza_Ext_d24b61,,,,,
2026-09-12T03:21:07-05:00,PUR_IED_NEsperanza_SElect_7d1807,PUR_IED_NEsperanza_SElect_7d1807,,,,,
2026-09-12T03:21:07-05:00,PUR_IED_NEsperanza_SLabor_8b2d0a,PUR_IED_NEsperanza_SLabor_8b2d0a,,,,,
2026-09-12T03:21:07-05:00,PUR_IED_NacionesU_Ext_f661a9,PUR_IED_NacionesU_Ext_f661a9,,,,,
2026-09-12T03:21:07-05:00,PUR_IED_NacionesU_Quimica_66f0a,PUR_IED_NacionesU_Quimica_66f0a,,,,,
2026-09-12T03:21:07-05:00,PUR_IED_NacionesU_S306_1b4b3d,PUR_IED_NacionesU_S306_1b4b3d,,,,,
2026-09-12T03:21:07-05:00,PUR_IED_NestorFA_Ext_e4201c,PUR_IED_NestorFA_Ext_e4201c,,,,,
2026-09-12T03:21:07-05:00,PUR_IED_NestorFA_Laborato_f22fe0,PUR_IED_NestorFA_Laborato_f22fe0,,,,,
2026-09-12T03:21:07-05:00,PUR_IED_NestorFA_S204_dee996,PUR_IED_NestorFA_S204_dee996,,,,,
2026-09-12T03:21:07-05:00,PUR_IED_NidyaQT_Aula03_76999b,PUR_IED_NidyaQT_Aula03_76999b,,,,,
2026-09-12T03:21:07-05:00,PUR_IED_NidyaQT_Aula10_56325,PUR_IED_NidyaQT_Aula10_56325,,,,,
2026-09-12T03:21:07-05:00,PUR_IED_NidyaQT_Ext_46e32d,PUR_IED_NidyaQT_Ext_46e32d,,,,,
2026-09-12T03:21:07-05:00,PUR_IED_NuevaCol_Exterior_d9b859,PUR_IED_NuevaCol_Exterior_d9b859,,,,,
2026-09-12T03:21:07-05:00,PUR_IED_NuevaCol_S1101_76c43b,PUR_IED_NuevaCol_S1101_76c43b,,,,,
2026-09-12T03:21:07-05:00,PUR_IED_NuevaCol_S1102_1ce0b5,PUR_IED_NuevaCol_S1102_1ce0b5,,,,,
2026-09-12T03:21:07-05:00,PUR_IED_OEA_A202_f7e3f2,PUR_IED_OEA_A202_f7e3f2,,,,,
2026-09-12T03:21:07-05:00,PUR_IED_OEA_A203_7d1b8d,PUR_IED_OEA_A203_7d1b8d,,,,,
2026-09-12T03:21:07-05:00,PUR_IED_OEA_Ext_27b593,PUR_IED_OEA_Ext_27b593,,,,,
2026-09-12T03:21:07-05:00,PUR_IED_Ochoa_Ext_1c29da,PUR_IED_Ochoa_Ext_1c29da,,,,,
2026-09-12T03:21:07-05:00,PUR_IED_Ochoa_S205_8b1121,PUR_IED_Ochoa_S205_8b1121,,,,,
2026-09-12T03:21:07-05:00,PUR_IED_Ochoa_Sistemas_f33af6,PUR_IED_Ochoa_Sistemas_f33af6,,,,,
2026-09-12T03:21:07-05:00,PUR_IED_PQuebec_Ext_1c67c7,PUR_IED_PQuebec_Ext_1c67c7,,,,,
2026-09-12T03:21:07-05:00,PUR_IED_PQuebec_S15_23e8e2,PUR_IED_PQuebec_S15_23e8e2,,,,,
2026-09-12T03:21:07-05:00,PUR_IED_PQuebec_S16_8ec76b,PUR_IED_PQuebec_S16_8ec76b,,,,,
2026-09-12T03:21:07-05:00,PUR_IED_PabloN_Ext_49dc96,PUR_IED_PabloN_Ext_49dc96,,,,,
2026-09-12T03:21:07-05:00,PUR_IED_PabloN_S1102_4e3df5,PUR_IED_PabloN_S1102_4e3df5,,,,,
2026-09-12T03:21:07-05:00,PUR_IED_PabloN_S1103_50c94b,PUR_IED_PabloN_S1103_50c94b,,,,,
2026-09-12T03:21:07-05:00,PUR_IED_Palestina_S1101_db9198,PUR_IED_Palestina_S1101_db9198,,,,,
2026-09-12T03:21:07-05:00,PUR_IED_Palestina_S1102_dc54fa,PUR_IED_Palestina_S1102_dc54fa,,,,,
2026-09-12T03:21:07-05:00,PUR_IED_Palestina_ext_4ccce6,PUR_IED_Palestina_ext_4ccce6,,,,,
2026-09-12T03:21:07-05:00,PUR_IED_Panama_Fisica_4d0794,PUR_IED_Panama_Fisica_4d0794,,,,,
2026-09-12T03:21:07-05:00,PUR_IED_Panama_SIngles_a4077e,PUR_IED_Panama_SIngles_a4077e,,,,,
2026-09-12T03:21:07-05:00,PUR_IED_Panama_ext_4c54b4,PUR_IED_Panama_ext_4c54b4,,,,,
2026-09-12T03:21:07-05:00,PUR_IED_ParaisoM_Exterior_8cd7f0,PUR_IED_ParaisoM_Exterior_8cd7f0,,,,,
2026-09-12T03:21:07-05:00,PUR_IED_ParaisoM_Laborato_27af35,PUR_IED_ParaisoM_Laborato_27af35,,,,,
2026-09-12T03:21:07-05:00,PUR_IED_ParaisoM_S304_d1edca,PUR_IED_ParaisoM_S304_d1edca,,,,,
2026-09-12T03:21:07-05:00,PUR_IED_PorfirioBarba_Ext_301466,PUR_IED_PorfirioBarba_Ext_301466,,,,,
2026-09-12T03:21:07-05:00,PUR_IED_PorfirioBarba_S11_df6cd2,PUR_IED_PorfirioBarba_S11_df6cd2,,,,,
2026-09-12T03:21:07-05:00,PUR_IED_PorfirioBarba_S29_27a7d6,PUR_IED_PorfirioBarba_S29_27a7d6,,,,,
2026-09-12T03:21:07-05:00,PUR_IED_PradoV_Exter_8b27ad,PUR_IED_PradoV_Exter_8b27ad,,,,,
2026-09-12T03:21:07-05:00,PUR_IED_PradoV_S301_de65b5,PUR_IED_PradoV_S301_de65b5,,,,,
2026-09-12T03:21:07-05:00,PUR_IED_PradoV_S302_7d2593,PUR_IED_PradoV_S302_7d2593,,,,,
2026-09-12T03:21:07-05:00,PUR_IED_QuirogaAlz_Ext_1ddc82,PUR_IED_QuirogaAlz_Ext_1ddc82,,,,,
2026-09-12T03:21:07-05:00,PUR_IED_QuirogaAlz_S302_9926a3,PUR_IED_QuirogaAlz_S302_9926a3,,,,,
2026-09-12T03:21:07-05:00,PUR_IED_QuirogaAlz_S305_cdf1f1,PUR_IED_QuirogaAlz_S305_cdf1f1,,,,,
2026-09-12T03:21:07-05:00,PUR_IED_RGuatemala_Biling_dc53b7,PUR_IED_RGuatemala_Biling_dc53b7,,,,,
2026-09-12T03:21:07-05:00,PUR_IED_RGuatemala_Ext_1b89a3,PUR_IED_RGuatemala_Ext_1b89a3,,,,,
2026-09-12T03:21:07-05:00,PUR_IED_RGuatemala_Tecnol_281a34,PUR_IED_RGuatemala_Tecnol_281a34,,,,,
2026-09-12T03:21:07-05:00,PUR_IED_RafaNu_Ext_f7c302,PUR_IED_RafaNu_Ext_f7c302,,,,,
2026-09-12T03:21:07-05:00,PUR_IED_RafaNu_S1101_25fde,PUR_IED_RafaNu_S1101_25fde,,,,,
2026-09-12T03:21:07-05:00,PUR_IED_RafaNu_S1102_281517,PUR_IED_RafaNu_S1102_281517,,,,,
2026-09-12T03:21:07-05:00,PUR_IED_RafaelB_S305_ee2783,PUR_IED_RafaelB_S305_ee2783,,,,,
2026-09-12T03:21:07-05:00,PUR_IED_RafaelB_S306_75fe33,PUR_IED_RafaelB_S306_75fe33,,,,,
2026-09-12T03:21:07-05:00,PUR_IED_RafaelB_ext_283336,PUR_IED_RafaelB_ext_283336,3,18,59,4.6722,-74.0737
2026-09-12T03:21:07-05:00,PUR_IED_RafaelUU_Exterior_281a51,PUR_IED_RafaelUU_Exterior_281a51,,,,,
2026-09-12T03:21:07-05:00,PUR_IED_RafaelUU_Human_806b2,PUR_IED_RafaelUU_Human_806b2,,,,,
2026-09-12T03:21:07-05:00,PUR_IED_RafaelUU_Mate2_5680d4,PUR_IED_RafaelUU_Mate2_5680d4,,,,,
2026-09-12T03:21:07-05:00,PUR_IED_RamonSub_Ext_f9eeb9,PUR_IED_RamonSub_Ext_f9eeb9,,,,,
2026-09-12T03:21:07-05:00,PUR_IED_RamonSub_Media_d1f62f,PUR_IED_RamonSub_Media_d1f62f,,,,,
2026-09-12T03:21:07-05:00,PUR_IED_RamonSub_planta_51b82,PUR_IED_RamonSub_planta_51b82,,,,,
2026-09-12T03:21:07-05:00,PUR_IED_RepBoliVene_Exter_27af7c,PUR_IED_RepBoliVene_Exter_27af7c,,,,,
2026-09-12T03:21:07-05:00,PUR_IED_RepBoliVene_SCPT_5ae2ee,PUR_IED_RepBoliVene_SCPT_5ae2ee,,,,,
2026-09-12T03:21:07-05:00,PUR_IED_RepBoliVene_Socia_4b11d5,PUR_IED_RepBoliVene_Socia_4b11d5,,,,,
2026-09-12T03:21:07-05:00,PUR_IED_RepChina_Ext_76d9ee,PUR_IED_RepChina_Ext_76d9ee,,,,,
2026-09-12T03:21:07-05:00,PUR_IED_RepChina_S404_7c804c,PUR_IED_RepChina_S404_7c804c,,,,,
2026-09-12T03:21:07-05:00,PUR_IED_RepChina_S405_df2c33,PUR_IED_RepChina_S405_df2c33,,,,,
2026-09-12T03:21:07-05:00,PUR_IED_RepublicaC_Exteri_7d1ec9,PUR_IED_RepublicaC_Exteri_7d1ec9,,,,,
2026-09-12T03:21:07-05:00,PUR_IED_RepublicaC_S1101_f544b3,PUR_IED_RepublicaC_S1101_f544b3,,,,,
2026-09-12T03:21:07-05:00,PUR_IED_RepublicaC_S1102_7aafc7,PUR_IED_RepublicaC_S1102_7aafc7,,,,,
2026-09-12T03:21:07-05:00,PUR_IED_Ricaurte_Externo_a0ea1,PUR_IED_Ricaurte_Externo_a0ea1,,,,,
2026-09-12T03:21:07-05:00,PUR_IED_Ricaurte_S210_f546fd,PUR_IED_Ricaurte_S210_f546fd,,,,,
2026-09-12T03:21:07-05:00,PUR_IED_Ricaurte_S309_d4452,PUR_IED_Ricaurte_S309_d4452,,,,,
2026-09-12T03:21:07-05:00,PUR_IED_RogelioS_1102_531e69,PUR_IED_RogelioS_1102_531e69,,,,,
2026-09-12T03:21:07-05:00,PUR_IED_RogelioS_Ext_f25a18,PUR_IED_RogelioS_Ext_f25a18,,,,,
2026-09-12T03:21:07-05:00,PUR_IED_SBernardino_Ext_27aff8,PUR_IED_SBernardino_Ext_27aff8,,,,,
2026-09-12T03:21:07-05:00,PUR_IED_SBernardino_SArte_2ffd33,PUR_IED_SBernardino_SArte_2ffd33,,,,,
2026-09-12T03:21:07-05:00,PUR_IED_SBernardino_SIngl_7c7da5,PUR_IED_SBernardino_SIngl_7c7da5,,,,,
2026-09-12T03:21:07-05:00,PUR_IED_Sago_auditorio_dc9d1d,PUR_IED_Sago_auditorio_dc9d1d,,,,,
2026-09-12T03:21:07-05:00,PUR_IED_Saludcoop_Ext_95aac3,PUR_IED_Saludcoop_Ext_95aac3,,,,,
2026-09-12T03:21:07-05:00,PUR_IED_Saludcoop_InfI_90c854,PUR_IED_Saludcoop_InfI_90c854,,,,,
2026-09-12T03:21:07-05:00,PUR_IED_Saludcoop_SMedia_1b93be,PUR_IED_Saludcoop_SMedia_1b93be,,,,,
2026-09-12T03:21:07-05:00,PUR_IED_SanCarlos_1101_1a2360,PUR_IED_SanCarlos_1101_1a2360,,,,,
2026-09-12T03:21:07-05:00,PUR_IED_SanCarlos_1103_7bafb5,PUR_IED_SanCarlos_1103_7bafb5,,,,,
2026-09-12T03:21:07-05:00,PUR_IED_SanCarlos_Ext_b7cd1,PUR_IED_SanCarlos_Ext_b7cd1,,,,,
2026-09-12T03:21:07-05:00,PUR_IED_SanIgnacioBosa11a_50c26e,PUR_IED_SanIgnacioBosa11a_50c26e,,,,,
2026-09-12T03:21:07-05:00,PUR_IED_SanIgnacioBosa11b_371de8,PUR_IED_SanIgnacioBosa11b_371de8,,,,,
2026-09-12T03:21:07-05:00,PUR_IED_SanIgnacioBosaExt_ef0ffc,PUR_IED_SanIgnacioBosaExt_ef0ffc,,,,,
2026-09-12T03:21:07-05:00,PUR_IED_SanIgnacioBosa_11a_50c26e,PUR_IED_SanIgnacioBosa_11a_50c26e,,,,,
2026-09-12T03:21:07-05:00,PUR_IED_SanIgnacioBosa_Ext_ef0ffc,PUR_IED_SanIgnacioBosa_Ext_ef0ffc,,,,,
2026-09-12T03:21:07-05:00,PUR_IED_SanJoseN_intS1101_31c47f,PUR_IED_SanJoseN_intS1101_31c47f,,,,,
2026-09-12T03:21:07-05:00,PUR_IED_SanJoseUsm_Exter_f5d7e8,PUR_IED_SanJoseUsm_Exter_f5d7e8,,,,,
2026-09-12T03:21:07-05:00,PUR_IED_SanJoseUsm_Int11A_cfdef6,PUR_IED_SanJoseUsm_Int11A_cfdef6,,,,,
2026-09-12T03:21:07-05:00,PUR_IED_SilveriaR_IntB5_905349,PUR_IED_SilveriaR_IntB5_905349,,,,,
2026-09-12T03:21:07-05:00,PUR_IED_SilveriaR_IntSD14_981f93,PUR_IED_SilveriaR_IntSD14_981f93,,,,,
2026-09-12T03:21:07-05:00,PUR_IED_SilveriaR_ext_2b651d,PUR_IED_SilveriaR_ext_2b651d,,,,,
2026-09-12T03:21:07-05:00,PUR_IED_SimonB_Exterior_913975,PUR_IED_SimonB_Exterior_913975,,,,,
2026-09-12T03:21:07-05:00,PUR_IED_SimonB_LabQuimi_c56908,PUR_IED_SimonB_LabQuimi_c56908,,,,,
2026-09-12T03:21:07-05:00,PUR_IED_SimonB_informatic_a28c1,PUR_IED_SimonB_informatic_a28c1,,,,,
2026-09-12T03:21:07-05:00,PUR_IED_Sorrento_1102_315f50,PUR_IED_Sorrento_1102_315f50,,,,,
2026-09-12T03:21:07-05:00,PUR_IED_Sorrento_Minte_214eab,PUR_IED_Sorrento_Minte_214eab,,,,,
2026-09-12T03:21:07-05:00,PUR_IED_Sorrento_ext_7c3a0a,PUR_IED_Sorrento_ext_7c3a0a,,,,,
2026-09-12T03:21:07-05:00,PUR_IED_Tabora_Ext_f048ae,PUR_IED_Tabora_Ext_f048ae,,,,,
2026-09-12T03:21:07-05:00,PUR_IED_Tabora_S1102_b07752,PUR_IED_Tabora_S1102_b07752,,,,,
2026-09-12T03:21:07-05:00,PUR_IED_Tabora_S1103_d988f5,PUR_IED_Tabora_S1103_d988f5,,,,,
2026-09-12T03:21:07-05:00,PUR_IED_Tenerife_Ext_1ab188,PUR_IED_Tenerife_Ext_1ab188,,,,,
2026-09-12T03:21:07-05:00,PUR_IED_Tenerife_SDanzas_7bc02e,PUR_IED_Tenerife_SDanzas_7bc02e,,,,,
2026-09-12T03:21:07-05:00,PUR_IED_Tenerife_SIngles_7cc277,PUR_IED_Tenerife_SIngles_7cc277,,,,,
2026-09-12T03:21:07-05:00,PUR_IED_Tibabuyes_Exter_f2683d,PUR_IED_Tibabuyes_Exter_f2683d,,,,,
2026-09-12T03:21:07-05:00,PUR_IED_Tibabuyes_S10_dc87a8,PUR_IED_Tibabuyes_S10_dc87a8,,,,,
2026-09-12T03:21:07-05:00,PUR_IED_Tibabuyes_S15_dc0526,PUR_IED_Tibabuyes_S15_dc0526,,,,,
2026-09-12T03:21:07-05:00,PUR_IED_UnionE_S301_a1043,PUR_IED_UnionE_S301_a1043,,,,,
2026-09-12T03:21:07-05:00,PUR_IED_UnionE_S307_ff6c2f,PUR_IED_UnionE_S307_ff6c2f,,,,,
2026-09-12T03:21:07-05:00,PUR_IED_UnionE__Ext_5e2468,PUR_IED_UnionE__Ext_5e2468,,,,,
2026-09-12T03:21:07-05:00,PUR_IED_VillaRica_Ext_75be7c,PUR_IED_VillaRica_Ext_75be7c,,,,,
2026-09-12T03:21:07-05:00,PUR_IED_VillaRica_S4_cc5dcd,PUR_IED_VillaRica_S4_cc5dcd,,,,,
2026-09-12T03:21:07-05:00,PUR_IED_VillaRica_Sesp_99f5c,PUR_IED_VillaRica_Sesp_99f5c,,,,,
2026-09-12T03:26:06-05:00,PUR_IED_20deJulio_1101_91b1b9,PUR_IED_20deJulio_1101_91b1b9,,,,,
2026-09-12T03:26:06-05:00,PUR_IED_20deJulio_1102_1cfcf9,PUR_IED_20deJulio_1102_1cfcf9,,,,,
2026-09-12T03:26:06-05:00,PUR_IED_20deJulio_Ext_ab60bd,PUR_IED_20deJulio_Ext_ab60bd,,,,,
2026-09-12T03:26:06-05:00,PUR_IED_AgustinFer_Ext_7b9b77,PUR_IED_AgustinFer_Ext_7b9b77,,,,,
2026-09-12T03:26:06-05:00,PUR_IED_AgustinFer_Info2_27b3a7,PUR_IED_AgustinFer_Info2_27b3a7,,,,,
2026-09-12T03:26:06-05:00,PUR_IED_AgustinFer_Sena_54b4eb,PUR_IED_AgustinFer_Sena_54b4eb,,,,,
2026-09-12T03:26:06-05:00,PUR_IED_AlexanderF_1102_caf07b,PUR_IED_AlexanderF_1102_caf07b,,,,,
2026-09-12T03:26:06-05:00,PUR_IED_AlexanderF_1103_c79e71,PUR_IED_AlexanderF_1103_c79e71,,,,,
2026-09-12T03:26:06-05:00,PUR_IED_AlexanderF_Ext_c5b18b,PUR_IED_AlexanderF_Ext_c5b18b,,,,,
2026-09-12T03:26:06-05:00,PUR_IED_AlfonsoLopez_Ext_281d77,PUR_IED_AlfonsoLopez_Ext_281d77,,,,,
2026-09-12T03:26:06-05:00,PUR_IED_AlfonsoLopez_LabF_888ce0,PUR_IED_AlfonsoLopez_LabF_888ce0,,,,,
2026-09-12T03:26:06-05:00,PUR_IED_AlfonsoLopez_SMed_df6a7f,PUR_IED_AlfonsoLopez_SMed_df6a7f,,,,,
2026-09-12T03:26:06-05:00,PUR_IED_AltamiraSO_A2_209f92,PUR_IED_AltamiraSO_A2_209f92,,,,,
2026-09-12T03:26:06-05:00,PUR_IED_AltamiraSO_Ext_186d66,PUR_IED_AltamiraSO_Ext_186d66,,,,,
2026-09-12T03:26:06-05:00,PUR_IED_AltamiraSO_Sistem_27afe1,PUR_IED_AltamiraSO_Sistem_27afe1,,,,,
2026-09-12T03:26:06-05:00,PUR_IED_AlvaroGom_LabQuim_813179,PUR_IED_AlvaroGom_LabQuim_813179,,,,,
2026-09-12T03:26:06-05:00,PUR_IED_AlvaroGomez_Ext_47c7ca,PUR_IED_AlvaroGomez_Ext_47c7ca,,,,,
2026-09-12T03:26:06-05:00,PUR_IED_AlvaroGomez_LabQuim_813179,PUR_IED_AlvaroGomez_LabQuim_813179,,,,,
2026-09-12T03:26:06-05:00,PUR_IED_AlvaroGomez_S23_7ba89f,PUR_IED_AlvaroGomez_S23_7ba89f,,,,,
2026-09-12T03:26:06-05:00,PUR_IED_Amistad_306_dc8728,PUR_IED_Amistad_306_dc8728,,,,,
2026-09-12T03:26:06-05:00,PUR_IED_Amistad_Ext_8cd55e,PUR_IED_Amistad_Ext_8cd55e,,,,,
2026-09-12T03:26:06-05:00,PUR_IED_Amistad_S202_a41169,PUR_IED_Amistad_S202_a41169,,,,,
2026-09-12T03:26:06-05:00,PUR_IED_AndresBello_Bio_fd5f5e,PUR_IED_AndresBello_Bio_fd5f5e,,,,,
2026-09-12T03:26:06-05:00,PUR_IED_AndresBello_ext_dcad65,PUR_IED_AndresBello_ext_dcad65,,,,,
2026-09-12T03:26:06-05:00,PUR_IED_AndresBello_port_eed3ec,PUR_IED_AndresBello_port_eed3ec,,,,,
2026-09-12T03:26:06-05:00,PUR_IED_AngelaR_11b_d90a6b,PUR_IED_AngelaR_11b_d90a6b,,,,,
2026-09-12T03:26:06-05:00,PUR_IED_AngelaR_ext_7cad3e,PUR_IED_AngelaR_ext_7cad3e,12,19,61,4.5825,-74.164497
2026-09-12T03:26:06-05:00,PUR_IED_AntJoseSucre_10mo_df2575,PUR_IED_AntJoseSucre_10mo_df2575,,,,,
2026-09-12T03:26:06-05:00,PUR_IED_AntJoseSucre_Ext_215b36,PUR_IED_AntJoseSucre_Ext_215b36,,,,,
2026-09-12T03:26:06-05:00,PUR_IED_AntJoseSucre_Lab_3139de,PUR_IED_AntJoseSucre_Lab_3139de,,,,,
2026-09-12T03:26:06-05:00,PUR_IED_AntonioGarcia_301_d6b188,PUR_IED_AntonioGarcia_301_d6b188,,,,,
2026-09-12T03:26:06-05:00,PUR_IED_AntonioGarcia_302_88a82,PUR_IED_AntonioGarcia_302_88a82,,,,,
2026-09-12T03:26:06-05:00,PUR_IED_AntonioGarcia_Ext_20950c,PUR_IED_AntonioGarcia_Ext_20950c,,,,,
2026-09-12T03:26:06-05:00,PUR_IED_AntonioVan_Aula2_6dea02,PUR_IED_AntonioVan_Aula2_6dea02,,,,,
2026-09-12T03:26:06-05:00,PUR_IED_AntonioVan_Aula5_f1557e,PUR_IED_AntonioVan_Aula5_f1557e,,,,,
2026-09-12T03:26:06-05:00,PUR_IED_AntonioVan_Ext_406f2f,PUR_IED_AntonioVan_Ext_406f2f,,,,,
2026-09-12T03:26:06-05:00,PUR_IED_Atabanzha_Ext_cc5af9,PUR_IED_Atabanzha_Ext_cc5af9,,,,,
2026-09-12T03:26:06-05:00,PUR_IED_Atabanzha_SA101_56c37,PUR_IED_Atabanzha_SA101_56c37,,,,,
2026-09-12T03:26:06-05:00,PUR_IED_Atabanzha_SB302_27b374,PUR_IED_Atabanzha_SB302_27b374,,,,,
2026-09-12T03:26:06-05:00,PUR_IED_Atahualpa_Ext_fc1748,PUR_IED_Atahualpa_Ext_fc1748,,,,,
2026-09-12T03:26:06-05:00,PUR_IED_Atahualpa_Informa_dc9a95,PUR_IED_Atahualpa_Informa_dc9a95,,,,,
2026-09-12T03:26:06-05:00,PUR_IED_Atahualpa_S1101_f98056,PUR_IED_Atahualpa_S1101_f98056,,,,,
2026-09-12T03:26:06-05:00,PUR_IED_Bellavista_Ext_f5aa74,PUR_IED_Bellavista_Ext_f5aa74,,,,,
2026-09-12T03:26:06-05:00,PUR_IED_Bilbao_11A_916c41,PUR_IED_Bilbao_11A_916c41,,,,,
2026-09-12T03:26:06-05:00,PUR_IED_Bilbao_Ext_fb579a,PUR_IED_Bilbao_Ext_fb579a,,,,,
2026-09-12T03:26:06-05:00,PUR_IED_BrasiliaU_A125_304280,PUR_IED_BrasiliaU_A125_304280,,,,,
2026-09-12T03:26:06-05:00,PUR_IED_BrasiliaU_A203_7c8ca5,PUR_IED_BrasiliaU_A203_7c8ca5,,,,,
2026-09-12T03:26:06-05:00,PUR_IED_BrasiliaU_Ext_8d6e9f,PUR_IED_BrasiliaU_Ext_8d6e9f,3,17,63,4.5175,-74.116302
2026-09-12T03:26:06-05:00,PUR_IED_Brasilia_Ext_fe6593,PUR_IED_Brasilia_Ext_fe6593,,,,,
2026-09-12T03:26:06-05:00,PUR_IED_Brasilia_S24_7c130d,PUR_IED_Brasilia_S24_7c130d,,,,,
2026-09-12T03:26:06-05:00,PUR_IED_Brasilia_S501_186a54,PUR_IED_Brasilia_S501_186a54,,,,,
2026-09-12T03:26:06-05:00,PUR_IED_CHARRY_EXT_f1d5cd,PUR_IED_CHARRY_EXT_f1d5cd,,,,,
2026-09-12T03:26:06-05:00,PUR_IED_CHARRY_INTDANZAS_7a08e6,PUR_IED_CHARRY_INTDANZAS_7a08e6,,,,,
2026-09-12T03:26:06-05:00,PUR_IED_CHARRY_INT_AULA20_dc998d,PUR_IED_CHARRY_INT_AULA20_dc998d,,,,,
2026-09-12T03:26:06-05:00,PUR_IED_COLVIV_1101_S25_7f520a,PUR_IED_COLVIV_1101_S25_7f520a,,,,,
2026-09-12T03:26:06-05:00,PUR_IED_COLVIV_1102_S16_f570ba,PUR_IED_COLVIV_1102_S16_f570ba,,,,,
2026-09-12T03:26:06-05:00,PUR_IED_COLVIV_Ext_1a26fa,PUR_IED_COLVIV_Ext_1a26fa,,,,,
2026-09-12T03:26:06-05:00,PUR_IED_CULPOP_301A_f660f3,PUR_IED_CULPOP_301A_f660f3,,,,,
2026-09-12T03:26:06-05:00,PUR_IED_CULPOP_303_568afe,PUR_IED_CULPOP_303_568afe,,,,,
2026-09-12T03:26:06-05:00,PUR_IED_CULPOP_Ext_e02ccb,PUR_IED_CULPOP_Ext_e02ccb,,,,,
2026-09-12T03:26:06-05:00,PUR_IED_CVillavicen_Ext_26eb58,PUR_IED_CVillavicen_Ext_26eb58,5,14,81,4.487,-74.102798
2026-09-12T03:26:06-05:00,PUR_IED_CVillavicen_Intel_1ce5c2,PUR_IED_CVillavicen_Intel_1ce5c2,,,,,
2026-09-12T03:26:06-05:00,PUR_IED_CVillavicen_Poliv_e0766c,PUR_IED_CVillavicen_Poliv_e0766c,,,,,
2026-09-12T03:26:06-05:00,PUR_IED_CVillavicen_int_1ba140,PUR_IED_CVillavicen_int_1ba140,,,,,
2026-09-12T03:26:06-05:00,PUR_IED_CVillavicen_intel_1ba140,PUR_IED_CVillavicen_intel_1ba140,,,,,
2026-09-12T03:26:06-05:00,PUR_IED_CarlosPizarro_Ext_e307cc,PUR_IED_CarlosPizarro_Ext_e307cc,,,,,
2026-09-12T03:26:06-05:00,PUR_IED_CarlosPizarro_L36_7e5cdb,PUR_IED_CarlosPizarro_L36_7e5cdb,,,,,
2026-09-12T03:26:06-05:00,PUR_IED_CarlosPizarro_L37_c8566c,PUR_IED_CarlosPizarro_L37_c8566c,,,,,
2026-09-12T03:26:06-05:00,PUR_IED_Castilla_Ext_cf35f,PUR_IED_Castilla_Ext_cf35f,,,,,
2026-09-12T03:26:06-05:00,PUR_IED_Castilla_SFisik_360e38,PUR_IED_Castilla_SFisik_360e38,,,,,
2026-09-12T03:26:06-05:00,PUR_IED_Castilla_Sc304_496fbf,PUR_IED_Castilla_Sc304_496fbf,,,,,
2026-09-12T03:26:06-05:00,PUR_IED_CervantesSa_Ext_6b57b,PUR_IED_CervantesSa_Ext_6b57b,3,17,69,4.5128,-74.117203
2026-09-12T03:26:06-05:00,PUR_IED_CervantesSa_S107_225c2b,PUR_IED_CervantesSa_S107_225c2b,,,,,
2026-09-12T03:26:06-05:00,PUR_IED_CervantesSa_S108_940925,PUR_IED_CervantesSa_S108_940925,,,,,
2026-09-12T03:26:06-05:00,PUR_IED_Charry_A20_f53e7c,PUR_IED_Charry_A20_f53e7c,,,,,
2026-09-12T03:26:06-05:00,PUR_IED_Charry_Ext_f1d5cd,PUR_IED_Charry_Ext_f1d5cd,,,,,
2026-09-12T03:26:06-05:00,PUR_IED_Charry_IntAula20_dc998d,PUR_IED_Charry_IntAula20_dc998d,,,,,
2026-09-12T03:26:06-05:00,PUR_IED_Charry_IntDanzas_7a08e6,PUR_IED_Charry_IntDanzas_7a08e6,,,,,
2026-09-12T03:26:06-05:00,PUR_IED_ClememciaC_203_43e2fc,PUR_IED_ClememciaC_203_43e2fc,,,,,
2026-09-12T03:26:06-05:00,PUR_IED_ClememciaC_Ext_1b411a,PUR_IED_ClememciaC_Ext_1b411a,,,,,
2026-09-12T03:26:06-05:00,PUR_IED_ClememciaC_Quimic_44b5fc,PUR_IED_ClememciaC_Quimic_44b5fc,,,,,
2026-09-12T03:26:06-05:00,PUR_IED_ClemenciaC_203_43e2fc,PUR_IED_ClemenciaC_203_43e2fc,,,,,
2026-09-12T03:26:06-05:00,PUR_IED_ClemenciaC_Ext_1b411a,PUR_IED_ClemenciaC_Ext_1b411a,,,,,
2026-09-12T03:26:06-05:00,PUR_IED_ClemenciaC_Quimic_44b5fc,PUR_IED_ClemenciaC_Quimic_44b5fc,,,,,
2026-09-12T03:26:06-05:00,PUR_IED_ColViva_1101_S25_7f520a,PUR_IED_ColViva_1101_S25_7f520a,,,,,
2026-09-12T03:26:06-05:00,PUR_IED_ColViva_1102_S16_f570ba,PUR_IED_ColViva_1102_S16_f570ba,,,,,
2026-09-12T03:26:06-05:00,PUR_IED_ColViva_Ext_1a26fa,PUR_IED_ColViva_Ext_1a26fa,,,,,
2026-09-12T03:26:06-05:00,PUR_IED_ColegioBici_Asist_7c8798,PUR_IED_ColegioBici_Asist_7c8798,,,,,
2026-09-12T03:26:06-05:00,PUR_IED_ColegioBici_Ext_25cbf6,PUR_IED_ColegioBici_Ext_25cbf6,,,,,
2026-09-12T03:26:06-05:00,PUR_IED_ColegioBici_LabQ_7b57db,PUR_IED_ColegioBici_LabQ_7b57db,,,,,
2026-09-12T03:26:06-05:00,PUR_IED_CostaRica_Ext_5e640,PUR_IED_CostaRica_Ext_5e640,,,,,
2026-09-12T03:26:06-05:00,PUR_IED_CostaRica_Quim1_766d1c,PUR_IED_CostaRica_Quim1_766d1c,,,,,
2026-09-12T03:26:06-05:00,PUR_IED_CostaRica__Fisica_6f0873,PUR_IED_CostaRica__Fisica_6f0873,,,,,
2026-09-12T03:26:06-05:00,PUR_IED_CulPopu_301A_f660f3,PUR_IED_CulPopu_301A_f660f3,,,,,
2026-09-12T03:26:06-05:00,PUR_IED_CulPopu_303_568afe,PUR_IED_CulPopu_303_568afe,,,,,
2026-09-12T03:26:06-05:00,PUR_IED_CulPopu_Ext_e02ccb,PUR_IED_CulPopu_Ext_e02ccb,,,,,
2026-09-12T03:26:06-05:00,PUR_IED_Cundinamarca_Ext_f15985,PUR_IED_Cundinamarca_Ext_f15985,,,,,
2026-09-12T03:26:06-05:00,PUR_IED_Cundinamarca_Info_7aa5d7,PUR_IED_Cundinamarca_Info_7aa5d7,,,,,
2026-09-12T03:26:06-05:00,PUR_IED_Cundinamarca_Tec2_f449c7,PUR_IED_Cundinamarca_Tec2_f449c7,,,,,
2026-09-12T03:26:06-05:00,PUR_IED_DiegoM_Aula1_27b314,PUR_IED_DiegoM_Aula1_27b314,,,,,
2026-09-12T03:26:06-05:00,PUR_IED_DiegoM_Ext_d80ac8,PUR_IED_DiegoM_Ext_d80ac8,,,,,
2026-09-12T03:26:06-05:00,PUR_IED_DiegoM_S25_da928f,PUR_IED_DiegoM_S25_da928f,,,,,
2026-09-12T03:26:06-05:00,PUR_IED_ELRODEO_360881,PUR_IED_ELRODEO_360881,,,,,
2026-09-12T03:26:06-05:00,PUR_IED_ELRODEO_ext_360881,PUR_IED_ELRODEO_ext_360881,,,,,
2026-09-12T03:26:06-05:00,PUR_IED_EduardoU_Ext_1c1969,PUR_IED_EduardoU_Ext_1c1969,,,,,
2026-09-12T03:26:06-05:00,PUR_IED_EduardoU_SCiencia_4dfb94,PUR_IED_EduardoU_SCiencia_4dfb94,,,,,
2026-09-12T03:26:06-05:00,PUR_IED_EduardoU_SQuimica_5a46e7,PUR_IED_EduardoU_SQuimica_5a46e7,,,,,
2026-09-12T03:26:06-05:00,PUR_IED_ElRodeo_Aula14_676984,PUR_IED_ElRodeo_Aula14_676984,,,,,
2026-09-12T03:26:06-05:00,PUR_IED_ElRodeo_Aula16_2dd35b,PUR_IED_ElRodeo_Aula16_2dd35b,,,,,
2026-09-12T03:26:06-05:00,PUR_IED_ElRodeo_Ext_360881,PUR_IED_ElRodeo_Ext_360881,,,,,
2026-09-12T03:26:06-05:00,PUR_IED_ElRodeo_Exterior_8c6d28,PUR_IED_ElRodeo_Exterior_8c6d28,,,,,
2026-09-12T03:26:06-05:00,PUR_IED_ElRodeo_ext_360881,PUR_IED_ElRodeo_ext_360881,,,,,
2026-09-12T03:26:06-05:00,PUR_IED_EmmaReyes_Ext_987625,PUR_IED_EmmaReyes_Ext_987625,11,21,53,4.6367,-74.1511
2026-09-12T03:26:06-05:00,PUR_IED_Ensueño_Ext_7f0250,PUR_IED_Ensueño_Ext_7f0250,,,,,
2026-09-12T03:26:06-05:00,PUR_IED_EscNormal_Ext_5fef3b,PUR_IED_EscNormal_Ext_5fef3b,2,18,61,4.5852,-74.096901
2026-09-12T03:26:06-05:00,PUR_IED_EscNormal_S309_5b263,PUR_IED_EscNormal_S309_5b263,,,,,
2026-09-12T03:26:06-05:00,PUR_IED_EscNormal_S310_27b3b8,PUR_IED_EscNormal_S310_27b3b8,,,,,
2026-09-12T03:26:06-05:00,PUR_IED_Evangelista_Conta_f6cd4f,PUR_IED_Evangelista_Conta_f6cd4f,,,,,
2026-09-12T03:26:06-05:00,PUR_IED_Evangelista_Cri_5e16a,PUR_IED_Evangelista_Cri_5e16a,,,,,
2026-09-12T03:26:06-05:00,PUR_IED_Evangelista_Exter_754066,PUR_IED_Evangelista_Exter_754066,,,,,
2026-09-12T03:26:06-05:00,PUR_IED_FMiranda_S209_5cc2a3,PUR_IED_FMiranda_S209_5cc2a3,,,,,
2026-09-12T03:26:06-05:00,PUR_IED_FMiranda_S303_19e344,PUR_IED_FMiranda_S303_19e344,,,,,
2026-09-12T03:26:06-05:00,PUR_IED_FMiranda_ext_f53e7c,PUR_IED_FMiranda_ext_f53e7c,,,,,
2026-09-12T03:26:06-05:00,PUR_IED_FabioLozano_Bibli_1cee05,PUR_IED_FabioLozano_Bibli_1cee05,,,,,
2026-09-12T03:26:06-05:00,PUR_IED_FabioLozano_Ext_6ea285,PUR_IED_FabioLozano_Ext_6ea285,,,,,
2026-09-12T03:26:06-05:00,PUR_IED_FabioLozano_SLudi_f09e1e,PUR_IED_FabioLozano_SLudi_f09e1e,,,,,
2026-09-12T03:26:06-05:00,PUR_IED_FaustinoS_Aula07_27a731,PUR_IED_FaustinoS_Aula07_27a731,,,,,
2026-09-12T03:26:06-05:00,PUR_IED_FaustinoS_Ext_7b936f,PUR_IED_FaustinoS_Ext_7b936f,,,,,
2026-09-12T03:26:06-05:00,PUR_IED_FaustinoS_Fisica_da2c60,PUR_IED_FaustinoS_Fisica_da2c60,,,,,
2026-09-12T03:26:06-05:00,PUR_IED_FeGarciaLo_Ext_dc68ee,PUR_IED_FeGarciaLo_Ext_dc68ee,,,,,
2026-09-12T03:26:06-05:00,PUR_IED_FeGarciaLo_SDanza_f70a59,PUR_IED_FeGarciaLo_SDanza_f70a59,,,,,
2026-09-12T03:26:06-05:00,PUR_IED_FeGarciaLo_SMusic_125cdd,PUR_IED_FeGarciaLo_SMusic_125cdd,,,,,
2026-09-12T03:26:06-05:00,PUR_IED_FederalAlema_Exte_50c345,PUR_IED_FederalAlema_Exte_50c345,,,,,
2026-09-12T03:26:06-05:00,PUR_IED_FederalAlema_S31_f18371,PUR_IED_FederalAlema_S31_f18371,,,,,
2026-09-12T03:26:06-05:00,PUR_IED_FederalAlema_S901_a62cd,PUR_IED_FederalAlema_S901_a62cd,,,,,
2026-09-12T03:26:06-05:00,PUR_IED_FilarmonicaS_A5_f35eb1,PUR_IED_FilarmonicaS_A5_f35eb1,,,,,
2026-09-12T03:26:06-05:00,PUR_IED_FilarmonicaS_Ext_8a3bde,PUR_IED_FilarmonicaS_Ext_8a3bde,,,,,
2026-09-12T03:26:06-05:00,PUR_IED_FilarmonicaS_Spol_406114,PUR_IED_FilarmonicaS_Spol_406114,,,,,
2026-09-12T03:26:06-05:00,PUR_IED_FlorentinoG_A13_d1fa59,PUR_IED_FlorentinoG_A13_d1fa59,,,,,
2026-09-12T03:26:06-05:00,PUR_IED_FlorentinoG_Ext_1ce6ce,PUR_IED_FlorentinoG_Ext_1ce6ce,,,,,
2026-09-12T03:26:06-05:00,PUR_IED_FlorentinoG_Idiom_a66aac,PUR_IED_FlorentinoG_Idiom_a66aac,,,,,
2026-09-12T03:26:06-05:00,PUR_IED_FranciscoMati_Ext_e3869d,PUR_IED_FranciscoMati_Ext_e3869d,,,,,
2026-09-12T03:26:06-05:00,PUR_IED_FranciscoMati_S13_f31c67,PUR_IED_FranciscoMati_S13_f31c67,,,,,
2026-09-12T03:26:06-05:00,PUR_IED_FranciscoMati_S14_97dead,PUR_IED_FranciscoMati_S14_97dead,,,,,
2026-09-12T03:26:06-05:00,PUR_IED_FranciscoPS_Ext_7bfa9a,PUR_IED_FranciscoPS_Ext_7bfa9a,4,19,59,4.5899,-74.110397
2026-09-12T03:26:06-05:00,PUR_IED_FranciscoPS_Infor_fb8f4c,PUR_IED_FranciscoPS_Infor_fb8f4c,,,,,
2026-09-12T03:26:06-05:00,PUR_IED_FranciscoPS_Quimi_94d39c,PUR_IED_FranciscoPS_Quimi_94d39c,,,,,
2026-09-12T03:26:06-05:00,PUR_IED_FranciscoP_LabQ_d7e148,PUR_IED_FranciscoP_LabQ_d7e148,,,,,
2026-09-12T03:26:06-05:00,PUR_IED_FranciscoP_S28_cf9b30,PUR_IED_FranciscoP_S28_cf9b30,,,,,
2026-09-12T03:26:06-05:00,PUR_IED_FranciscoP_ext_e2313,PUR_IED_FranciscoP_ext_e2313,,,,,
2026-09-12T03:26:06-05:00,PUR_IED_FriederichN_Ext_8ac92a,PUR_IED_FriederichN_Ext_8ac92a,,,,,
2026-09-12T03:26:06-05:00,PUR_IED_FriederichN_S301_dd7e5a,PUR_IED_FriederichN_S301_dd7e5a,,,,,
2026-09-12T03:26:06-05:00,PUR_IED_FriederichN_S308_761f4f,PUR_IED_FriederichN_S308_761f4f,,,,,
2026-09-12T03:26:06-05:00,PUR_IED_GSantander_Aula10_533dd7,PUR_IED_GSantander_Aula10_533dd7,,,,,
2026-09-12T03:26:06-05:00,PUR_IED_GSantander_Aula12_fd4e4f,PUR_IED_GSantander_Aula12_fd4e4f,,,,,
2026-09-12T03:26:06-05:00,PUR_IED_GSantander_Aula310_533dd7,PUR_IED_GSantander_Aula310_533dd7,,,,,
2026-09-12T03:26:06-05:00,PUR_IED_GSantander_Aula312_fd4e4f,PUR_IED_GSantander_Aula312_fd4e4f,,,,,
2026-09-12T03:26:06-05:00,PUR_IED_GSantander_Ext_5f66b0,PUR_IED_GSantander_Ext_5f66b0,,,,,
2026-09-12T03:26:06-05:00,PUR_IED_GYomasa_Ext_f6bea5,PUR_IED_GYomasa_Ext_f6bea5,,,,,
2026-09-12T03:26:06-05:00,PUR_IED_GYomasa_LBiol_2c41aa,PUR_IED_GYomasa_LBiol_2c41aa,,,,,
2026-09-12T03:26:06-05:00,PUR_IED_GYomasa_LQuim_33c80,PUR_IED_GYomasa_LQuim_33c80,,,,,
2026-09-12T03:26:06-05:00,PUR_IED_GabBetMejia_Cienc_5a99c,PUR_IED_GabBetMejia_Cienc_5a99c,,,,,
2026-09-12T03:26:06-05:00,PUR_IED_GabBetMejia_Ext_9153d0,PUR_IED_GabBetMejia_Ext_9153d0,,,,,
2026-09-12T03:26:06-05:00,PUR_IED_GabBetMejia_Lab_f55347,PUR_IED_GabBetMejia_Lab_f55347,,,,,
2026-09-12T03:26:06-05:00,PUR_IED_GabBetanMejia_Ext_9153d0,PUR_IED_GabBetanMejia_Ext_9153d0,,,,,
2026-09-12T03:26:06-05:00,PUR_IED_Gaitana_Aula13_7aac11,PUR_IED_Gaitana_Aula13_7aac11,,,,,
2026-09-12T03:26:06-05:00,PUR_IED_Gaitana_Ext_5fcf4,PUR_IED_Gaitana_Ext_5fcf4,,,,,
2026-09-12T03:26:06-05:00,PUR_IED_Gaitana_LabFisica_644448,PUR_IED_Gaitana_LabFisica_644448,,,,,
2026-09-12T03:26:06-05:00,PUR_IED_GenSantander_Dise_8ac858,PUR_IED_GenSantander_Dise_8ac858,,,,,
2026-09-12T03:26:06-05:00,PUR_IED_GenSantander_Ext_8d5dfe,PUR_IED_GenSantander_Ext_8d5dfe,,,,,
2026-09-12T03:26:06-05:00,PUR_IED_GenSantander_Info_6c25b,PUR_IED_GenSantander_Info_6c25b,,,,,
2026-09-12T03:26:06-05:00,PUR_IED_GustavoMo_Exterio_75e63d,PUR_IED_GustavoMo_Exterio_75e63d,,,,,
2026-09-12T03:26:06-05:00,PUR_IED_GustavoMo_LabFisi_224d37,PUR_IED_GustavoMo_LabFisi_224d37,,,,,
2026-09-12T03:26:06-05:00,PUR_IED_GustavoMo_S208_3e6918,PUR_IED_GustavoMo_S208_3e6918,,,,,
2026-09-12T03:26:06-05:00,PUR_IED_GustavoR_A02_8cd4a8,PUR_IED_GustavoR_A02_8cd4a8,,,,,
2026-09-12T03:26:06-05:00,PUR_IED_GustavoR_B11_5b0ed,PUR_IED_GustavoR_B11_5b0ed,,,,,
2026-09-12T03:26:06-05:00,PUR_IED_GustavoR_Ext_7a0c90,PUR_IED_GustavoR_Ext_7a0c90,,,,,
2026-09-12T03:26:06-05:00,PUR_IED_HernandoDuran_Ext_8cd82b,PUR_IED_HernandoDuran_Ext_8cd82b,,,,,
2026-09-12T03:26:06-05:00,PUR_IED_HernandoDuran_S24_2772c6,PUR_IED_HernandoDuran_S24_2772c6,,,,,
2026-09-12T03:26:06-05:00,PUR_IED_HernandoDuran_S30_f2de41,PUR_IED_HernandoDuran_S30_f2de41,,,,,
2026-09-12T03:26:06-05:00,PUR_IED_HolguInUr_S1101_8cd732,PUR_IED_HolguInUr_S1101_8cd732,,,,,
2026-09-12T03:26:06-05:00,PUR_IED_HolguinUr_Exter_ddae6d,PUR_IED_HolguinUr_Exter_ddae6d,,,,,
2026-09-12T03:26:06-05:00,PUR_IED_HolguinUr_LabQuim_92b952,PUR_IED_HolguinUr_LabQuim_92b952,,,,,
2026-09-12T03:26:06-05:00,PUR_IED_Isabel-II_Ext_5245cc,PUR_IED_Isabel-II_Ext_5245cc,10,19,59,4.6336,-74.153
2026-09-12T03:26:06-05:00,PUR_IED_Isabel-II_S_idiom_1c29aa,PUR_IED_Isabel-II_S_idiom_1c29aa,,,,,
2026-09-12T03:26:06-05:00,PUR_IED_Isabel-II_S_infor_fd741,PUR_IED_Isabel-II_S_infor_fd741,,,,,
2026-09-12T03:26:06-05:00,PUR_IED_IsidroSur_Exterio_5b90ea,PUR_IED_IsidroSur_Exterio_5b90ea,,,,,
2026-09-12T03:26:06-05:00,PUR_IED_IsidroSur_LabTec_56697a,PUR_IED_IsidroSur_LabTec_56697a,,,,,
2026-09-12T03:26:06-05:00,PUR_IED_IsidroSur_Robotic_b7c38f,PUR_IED_IsidroSur_Robotic_b7c38f,,,,,
2026-09-12T03:26:06-05:00,PUR_IED_IsmaelPerd_Ext_7b6672,PUR_IED_IsmaelPerd_Ext_7b6672,,,,,
2026-09-12T03:26:06-05:00,PUR_IED_IsmaelPerd_Inform_306540,PUR_IED_IsmaelPerd_Inform_306540,,,,,
2026-09-12T03:26:06-05:00,PUR_IED_IsmaelPerd_S30_2e2c83,PUR_IED_IsmaelPerd_S30_2e2c83,,,,,
2026-09-12T03:26:06-05:00,PUR_IED_JLozano_Exter_432910,PUR_IED_JLozano_Exter_432910,,,,,
2026-09-12T03:26:06-05:00,PUR_IED_JLozano_salaMulti_df5125,PUR_IED_JLozano_salaMulti_df5125,,,,,
2026-09-12T03:26:06-05:00,PUR_IED_JMCordoba_206_86f80b,PUR_IED_JMCordoba_206_86f80b,,,,,
2026-09-12T03:26:06-05:00,PUR_IED_JMCordoba_Ext_27ad97,PUR_IED_JMCordoba_Ext_27ad97,,,,,
2026-09-12T03:26:06-05:00,PUR_IED_JMCordoba_S310_d59ab4,PUR_IED_JMCordoba_S310_d59ab4,,,,,
2026-09-12T03:26:06-05:00,PUR_IED_Japon_Ext_549100,PUR_IED_Japon_Ext_549100,,,,,
2026-09-12T03:26:06-05:00,PUR_IED_Japon_Laboratorio_bec51d,PUR_IED_Japon_Laboratorio_bec51d,,,,,
2026-09-12T03:26:06-05:00,PUR_IED_Japon_informatica_d99327,PUR_IED_Japon_informatica_d99327,,,,,
2026-09-12T03:26:06-05:00,PUR_IED_Jazmin_Ext_d27bda,PUR_IED_Jazmin_Ext_d27bda,,,,,
2026-09-12T03:26:06-05:00,PUR_IED_Jazmin_Fisica_8d14d7,PUR_IED_Jazmin_Fisica_8d14d7,,,,,
2026-09-12T03:26:06-05:00,PUR_IED_Jazmin_Quimica_801cb5,PUR_IED_Jazmin_Quimica_801cb5,,,,,
2026-09-12T03:26:06-05:00,PUR_IED_JorgeGaitan_Exter_f098d1,PUR_IED_JorgeGaitan_Exter_f098d1,,,,,
2026-09-12T03:26:06-05:00,PUR_IED_JorgeGaitan_STec1_dc9d1d,PUR_IED_JorgeGaitan_STec1_dc9d1d,,,,,
2026-09-12T03:26:06-05:00,PUR_IED_JorgeGaitan_STec2_281e69,PUR_IED_JorgeGaitan_STec2_281e69,,,,,
2026-09-12T03:26:06-05:00,PUR_IED_JorgeSoto_Exterio_d9d0a2,PUR_IED_JorgeSoto_Exterio_d9d0a2,,,,,
2026-09-12T03:26:06-05:00,PUR_IED_JorgeSoto_LabFisi_209c54,PUR_IED_JorgeSoto_LabFisi_209c54,,,,,
2026-09-12T03:26:06-05:00,PUR_IED_JorgeSoto_S103_27b51a,PUR_IED_JorgeSoto_S103_27b51a,,,,,
2026-09-12T03:26:06-05:00,PUR_IED_JoseAcevedo_A02_e965eb,PUR_IED_JoseAcevedo_A02_e965eb,,,,,
2026-09-12T03:26:06-05:00,PUR_IED_JoseAcevedo_A07_dd5b4,PUR_IED_JoseAcevedo_A07_dd5b4,,,,,
2026-09-12T03:26:06-05:00,PUR_IED_JoseAcevedo_Ext_b47484,PUR_IED_JoseAcevedo_Ext_b47484,,,,,
2026-09-12T03:26:06-05:00,PUR_IED_JoseMarti_Exte_5b9bf,PUR_IED_JoseMarti_Exte_5b9bf,,,,,
2026-09-12T03:26:06-05:00,PUR_IED_JoseMarti_LabQuim_1c6c2d,PUR_IED_JoseMarti_LabQuim_1c6c2d,,,,,
2026-09-12T03:26:06-05:00,PUR_IED_JoseMarti_S_info_f5f177,PUR_IED_JoseMarti_S_info_f5f177,,,,,
2026-09-12T03:26:06-05:00,PUR_IED_Josejoaquin_Ext_dfc5dc,PUR_IED_Josejoaquin_Ext_dfc5dc,,,,,
2026-09-12T03:26:06-05:00,PUR_IED_Josejoaquin_S05_5b2a96,PUR_IED_Josejoaquin_S05_5b2a96,,,,,
2026-09-12T03:26:06-05:00,PUR_IED_Josejoaquin_S06_1ce7d2,PUR_IED_Josejoaquin_S06_1ce7d2,,,,,
2026-09-12T03:26:06-05:00,PUR_IED_JulioFlorez_Danza_9b82dd,PUR_IED_JulioFlorez_Danza_9b82dd,,,,,
2026-09-12T03:26:06-05:00,PUR_IED_JulioFlorez_Exter_f9f314,PUR_IED_JulioFlorez_Exter_f9f314,,,,,
2026-09-12T03:26:06-05:00,PUR_IED_JulioFlorez_info2_6b6e08,PUR_IED_JulioFlorez_info2_6b6e08,,,,,
2026-09-12T03:26:06-05:00,PUR_IED_LaBelleza_Aula13_1d00d8,PUR_IED_LaBelleza_Aula13_1d00d8,,,,,
2026-09-12T03:26:06-05:00,PUR_IED_LaBelleza_Ext_7bc08c,PUR_IED_LaBelleza_Ext_7bc08c,,,,,
2026-09-12T03:26:06-05:00,PUR_IED_LaChucua_Ext_8cd6d2,PUR_IED_LaChucua_Ext_8cd6d2,,,,,
2026-09-12T03:26:06-05:00,PUR_IED_LaChucua_S15_f578ce,PUR_IED_LaChucua_S15_f578ce,,,,,
2026-09-12T03:26:06-05:00,PUR_IED_LaChucua_S16_eebcf9,PUR_IED_LaChucua_S16_eebcf9,,,,,
2026-09-12T03:26:06-05:00,PUR_IED_LaFelicidad_Ext_fb5109,PUR_IED_LaFelicidad_Ext_fb5109,,,,,
2026-09-12T03:26:06-05:00,PUR_IED_LaMerced_206_66ebd,PUR_IED_LaMerced_206_66ebd,,,,,
2026-09-12T03:26:06-05:00,PUR_IED_LaMerced_207_6ebd6,PUR_IED_LaMerced_207_6ebd6,,,,,
2026-09-12T03:26:06-05:00,PUR_IED_LaMerced_ext_304311,PUR_IED_LaMerced_ext_304311,,,,,
2026-09-12T03:26:06-05:00,PUR_IED_Laureano_CiencNat_281e5e,PUR_IED_Laureano_CiencNat_281e5e,,,,,
2026-09-12T03:26:06-05:00,PUR_IED_Laureano_Comedor_f65c0a,PUR_IED_Laureano_Comedor_f65c0a,,,,,
2026-09-12T03:26:06-05:00,PUR_IED_Laureano_Exterior_7ab011,PUR_IED_Laureano_Exterior_7ab011,,,,,
2026-09-12T03:26:06-05:00,PUR_IED_LeonGreiff_Exte_dfe560,PUR_IED_LeonGreiff_Exte_dfe560,,,,,
2026-09-12T03:26:06-05:00,PUR_IED_LeonGreiff_S210_f264ed,PUR_IED_LeonGreiff_S210_f264ed,,,,,
2026-09-12T03:26:06-05:00,PUR_IED_LeonGreiff_SQuimi_e8296f,PUR_IED_LeonGreiff_SQuimi_e8296f,,,,,
2026-09-12T03:26:06-05:00,PUR_IED_LlanoOrientalS208_7b9fcd,PUR_IED_LlanoOrientalS208_7b9fcd,,,,,
2026-09-12T03:26:06-05:00,PUR_IED_LlanoOriental_Ext_fb3766,PUR_IED_LlanoOriental_Ext_fb3766,,,,,
2026-09-12T03:26:06-05:00,PUR_IED_LlanoOriental_S208_7b9fcd,PUR_IED_LlanoOriental_S208_7b9fcd,,,,,
2026-09-12T03:26:06-05:00,PUR_IED_LlanoOriental_S9_27b378,PUR_IED_LlanoOriental_S9_27b378,,,,,
2026-09-12T03:26:06-05:00,PUR_IED_LosTejares_1101_477602,PUR_IED_LosTejares_1101_477602,,,,,
2026-09-12T03:26:06-05:00,PUR_IED_LosTejares_11_d2c595,PUR_IED_LosTejares_11_d2c595,,,,,
2026-09-12T03:26:06-05:00,PUR_IED_LosTejares_12_477602,PUR_IED_LosTejares_12_477602,,,,,
2026-09-12T03:26:06-05:00,PUR_IED_LosTejares_Ext_8e2115,PUR_IED_LosTejares_Ext_8e2115,,,,,
2026-09-12T03:26:06-05:00,PUR_IED_MagdalenaO_B202_5ddda3,PUR_IED_MagdalenaO_B202_5ddda3,,,,,
2026-09-12T03:26:06-05:00,PUR_IED_MagdalenaO_B205_fb76e8,PUR_IED_MagdalenaO_B205_fb76e8,,,,,
2026-09-12T03:26:06-05:00,PUR_IED_MagdalenaO_ext_dc69cd,PUR_IED_MagdalenaO_ext_dc69cd,,,,,
2026-09-12T03:26:06-05:00,PUR_IED_ManueCepeda_artes_eee956,PUR_IED_ManueCepeda_artes_eee956,,,,,
2026-09-12T03:26:06-05:00,PUR_IED_ManuelCepeda_Ext_58313,PUR_IED_ManuelCepeda_Ext_58313,,,,,
2026-09-12T03:26:06-05:00,PUR_IED_ManuelCepeda_tec_1c5731,PUR_IED_ManuelCepeda_tec_1c5731,,,,,
2026-09-12T03:26:06-05:00,PUR_IED_ManuelS_Exterior_5b269,PUR_IED_ManuelS_Exterior_5b269,,,,,
2026-09-12T03:26:06-05:00,PUR_IED_ManuelS_Inform_f369ce,PUR_IED_ManuelS_Inform_f369ce,,,,,
2026-09-12T03:26:06-05:00,PUR_IED_ManuelS_SArtes_7d15f1,PUR_IED_ManuelS_SArtes_7d15f1,,,,,
2026-09-12T03:26:06-05:00,PUR_IED_ManuelZapata_303_3ca6,PUR_IED_ManuelZapata_303_3ca6,,,,,
2026-09-12T03:26:06-05:00,PUR_IED_ManuelZapata_311_bfbabc,PUR_IED_ManuelZapata_311_bfbabc,,,,,
2026-09-12T03:26:06-05:00,PUR_IED_ManuelZapata_Ext_50824a,PUR_IED_ManuelZapata_Ext_50824a,,,,,
2026-09-12T03:26:06-05:00,PUR_IED_ManuelitaS_Exteri_656a92,PUR_IED_ManuelitaS_Exteri_656a92,,,,,
2026-09-12T03:26:06-05:00,PUR_IED_ManuelitaS_JuzgDe_f58ec3,PUR_IED_ManuelitaS_JuzgDe_f58ec3,,,,,
2026-09-12T03:26:06-05:00,PUR_IED_ManuelitaS_Recrea_d793db,PUR_IED_ManuelitaS_Recrea_d793db,,,,,
2026-09-12T03:26:06-05:00,PUR_IED_MarFidSuarez_Ext_c27b19,PUR_IED_MarFidSuarez_Ext_c27b19,,,,,
2026-09-12T03:26:06-05:00,PUR_IED_MarFidSuarez_Info_e384d7,PUR_IED_MarFidSuarez_Info_e384d7,,,,,
2026-09-12T03:26:06-05:00,PUR_IED_MarFidSuarez_S306_1d0032,PUR_IED_MarFidSuarez_S306_1d0032,,,,,
2026-09-12T03:26:06-05:00,PUR_IED_Menorah_301_2a25a3,PUR_IED_Menorah_301_2a25a3,,,,,
2026-09-12T03:26:06-05:00,PUR_IED_Menorah_306_37ed3,PUR_IED_Menorah_306_37ed3,,,,,
2026-09-12T03:26:06-05:00,PUR_IED_Menorah_Ext_3e155b,PUR_IED_Menorah_Ext_3e155b,,,,,
2026-09-12T03:26:06-05:00,PUR_IED_MinutoB.Aires_A11_1b1604,PUR_IED_MinutoB.Aires_A11_1b1604,,,,,
2026-09-12T03:26:06-05:00,PUR_IED_MinutoB.Aires_A12_fb5860,PUR_IED_MinutoB.Aires_A12_fb5860,,,,,
2026-09-12T03:26:06-05:00,PUR_IED_MinutoB.Aires_Ext_81293f,PUR_IED_MinutoB.Aires_Ext_81293f,,,,,
2026-09-12T03:26:06-05:00,PUR_IED_MinutoBAires_A11_1b1604,PUR_IED_MinutoBAires_A11_1b1604,,,,,
2026-09-12T03:26:06-05:00,PUR_IED_MinutoBAires_A12_fb5860,PUR_IED_MinutoBAires_A12_fb5860,,,,,
2026-09-12T03:26:06-05:00,PUR_IED_MinutoBAires_Ext_81293f,PUR_IED_MinutoBAires_Ext_81293f,,,,,
2026-09-12T03:26:06-05:00,PUR_IED_Montreal_Aula10_1e4959,PUR_IED_Montreal_Aula10_1e4959,,,,,
2026-09-12T03:26:06-05:00,PUR_IED_Montreal_Aula6_300367,PUR_IED_Montreal_Aula6_300367,,,,,
2026-09-12T03:26:06-05:00,PUR_IED_Montreal_Exterior_91a179,PUR_IED_Montreal_Exterior_91a179,,,,,
2026-09-12T03:26:06-05:00,PUR_IED_Mqgdalena_B202_5ddda3,PUR_IED_Mqgdalena_B202_5ddda3,,,,,
2026-09-12T03:26:06-05:00,PUR_IED_NACUND_Soc_dc8728,PUR_IED_NACUND_Soc_dc8728,,,,,
2026-09-12T03:26:06-05:00,PUR_IED_NACUND_ext_27ad97,PUR_IED_NACUND_ext_27ad97,,,,,
2026-09-12T03:26:06-05:00,PUR_IED_NEsperanza_Ext_d24b61,PUR_IED_NEsperanza_Ext_d24b61,,,,,
2026-09-12T03:26:06-05:00,PUR_IED_NEsperanza_SElect_7d1807,PUR_IED_NEsperanza_SElect_7d1807,,,,,
2026-09-12T03:26:06-05:00,PUR_IED_NEsperanza_SLabor_8b2d0a,PUR_IED_NEsperanza_SLabor_8b2d0a,,,,,
2026-09-12T03:26:06-05:00,PUR_IED_NacionesU_Ext_f661a9,PUR_IED_NacionesU_Ext_f661a9,,,,,
2026-09-12T03:26:06-05:00,PUR_IED_NacionesU_Quimica_66f0a,PUR_IED_NacionesU_Quimica_66f0a,,,,,
2026-09-12T03:26:06-05:00,PUR_IED_NacionesU_S306_1b4b3d,PUR_IED_NacionesU_S306_1b4b3d,,,,,
2026-09-12T03:26:06-05:00,PUR_IED_NestorFA_Ext_e4201c,PUR_IED_NestorFA_Ext_e4201c,,,,,
2026-09-12T03:26:06-05:00,PUR_IED_NestorFA_Laborato_f22fe0,PUR_IED_NestorFA_Laborato_f22fe0,,,,,
2026-09-12T03:26:06-05:00,PUR_IED_NestorFA_S204_dee996,PUR_IED_NestorFA_S204_dee996,,,,,
2026-09-12T03:26:06-05:00,PUR_IED_NidyaQT_Aula03_76999b,PUR_IED_NidyaQT_Aula03_76999b,,,,,
2026-09-12T03:26:06-05:00,PUR_IED_NidyaQT_Aula10_56325,PUR_IED_NidyaQT_Aula10_56325,,,,,
2026-09-12T03:26:06-05:00,PUR_IED_NidyaQT_Ext_46e32d,PUR_IED_NidyaQT_Ext_46e32d,,,,,
2026-09-12T03:26:06-05:00,PUR_IED_NuevaCol_Exterior_d9b859,PUR_IED_NuevaCol_Exterior_d9b859,,,,,
2026-09-12T03:26:06-05:00,PUR_IED_NuevaCol_S1101_76c43b,PUR_IED_NuevaCol_S1101_76c43b,,,,,
2026-09-12T03:26:06-05:00,PUR_IED_NuevaCol_S1102_1ce0b5,PUR_IED_NuevaCol_S1102_1ce0b5,,,,,
2026-09-12T03:26:06-05:00,PUR_IED_OEA_A202_f7e3f2,PUR_IED_OEA_A202_f7e3f2,,,,,
2026-09-12T03:26:06-05:00,PUR_IED_OEA_A203_7d1b8d,PUR_IED_OEA_A203_7d1b8d,,,,,
2026-09-12T03:26:06-05:00,PUR_IED_OEA_Ext_27b593,PUR_IED_OEA_Ext_27b593,,,,,
2026-09-12T03:26:06-05:00,PUR_IED_Ochoa_Ext_1c29da,PUR_IED_Ochoa_Ext_1c29da,,,,,
2026-09-12T03:26:06-05:00,PUR_IED_Ochoa_S205_8b1121,PUR_IED_Ochoa_S205_8b1121,,,,,
2026-09-12T03:26:06-05:00,PUR_IED_Ochoa_Sistemas_f33af6,PUR_IED_Ochoa_Sistemas_f33af6,,,,,
2026-09-12T03:26:06-05:00,PUR_IED_PQuebec_Ext_1c67c7,PUR_IED_PQuebec_Ext_1c67c7,,,,,
2026-09-12T03:26:06-05:00,PUR_IED_PQuebec_S15_23e8e2,PUR_IED_PQuebec_S15_23e8e2,,,,,
2026-09-12T03:26:06-05:00,PUR_IED_PQuebec_S16_8ec76b,PUR_IED_PQuebec_S16_8ec76b,,,,,
2026-09-12T03:26:06-05:00,PUR_IED_PabloN_Ext_49dc96,PUR_IED_PabloN_Ext_49dc96,,,,,
2026-09-12T03:26:06-05:00,PUR_IED_PabloN_S1102_4e3df5,PUR_IED_PabloN_S1102_4e3df5,,,,,
2026-09-12T03:26:06-05:00,PUR_IED_PabloN_S1103_50c94b,PUR_IED_PabloN_S1103_50c94b,,,,,
2026-09-12T03:26:06-05:00,PUR_IED_Palestina_S1101_db9198,PUR_IED_Palestina_S1101_db9198,,,,,
2026-09-12T03:26:06-05:00,PUR_IED_Palestina_S1102_dc54fa,PUR_IED_Palestina_S1102_dc54fa,,,,,
2026-09-12T03:26:06-05:00,PUR_IED_Palestina_ext_4ccce6,PUR_IED_Palestina_ext_4ccce6,,,,,
2026-09-12T03:26:06-05:00,PUR_IED_Panama_Fisica_4d0794,PUR_IED_Panama_Fisica_4d0794,,,,,
2026-09-12T03:26:06-05:00,PUR_IED_Panama_SIngles_a4077e,PUR_IED_Panama_SIngles_a4077e,,,,,
2026-09-12T03:26:06-05:00,PUR_IED_Panama_ext_4c54b4,PUR_IED_Panama_ext_4c54b4,,,,,
2026-09-12T03:26:06-05:00,PUR_IED_ParaisoM_Exterior_8cd7f0,PUR_IED_ParaisoM_Exterior_8cd7f0,,,,,
2026-09-12T03:26:06-05:00,PUR_IED_ParaisoM_Laborato_27af35,PUR_IED_ParaisoM_Laborato_27af35,,,,,
2026-09-12T03:26:06-05:00,PUR_IED_ParaisoM_S304_d1edca,PUR_IED_ParaisoM_S304_d1edca,,,,,
2026-09-12T03:26:06-05:00,PUR_IED_PorfirioBarba_Ext_301466,PUR_IED_PorfirioBarba_Ext_301466,,,,,
2026-09-12T03:26:06-05:00,PUR_IED_PorfirioBarba_S11_df6cd2,PUR_IED_PorfirioBarba_S11_df6cd2,,,,,
2026-09-12T03:26:06-05:00,PUR_IED_PorfirioBarba_S29_27a7d6,PUR_IED_PorfirioBarba_S29_27a7d6,,,,,
2026-09-12T03:26:06-05:00,PUR_IED_PradoV_Exter_8b27ad,PUR_IED_PradoV_Exter_8b27ad,,,,,
2026-09-12T03:26:06-05:00,PUR_IED_PradoV_S301_de65b5,PUR_IED_PradoV_S301_de65b5,,,,,
2026-09-12T03:26:06-05:00,PUR_IED_PradoV_S302_7d2593,PUR_IED_PradoV_S302_7d2593,,,,,
2026-09-12T03:26:06-05:00,PUR_IED_QuirogaAlz_Ext_1ddc82,PUR_IED_QuirogaAlz_Ext_1ddc82,,,,,
2026-09-12T03:26:06-05:00,PUR_IED_QuirogaAlz_S302_9926a3,PUR_IED_QuirogaAlz_S302_9926a3,,,,,
2026-09-12T03:26:06-05:00,PUR_IED_QuirogaAlz_S305_cdf1f1,PUR_IED_QuirogaAlz_S305_cdf1f1,,,,,
2026-09-12T03:26:06-05:00,PUR_IED_RGuatemala_Biling_dc53b7,PUR_IED_RGuatemala_Biling_dc53b7,,,,,
2026-09-12T03:26:06-05:00,PUR_IED_RGuatemala_Ext_1b89a3,PUR_IED_RGuatemala_Ext_1b89a3,,,,,
2026-09-12T03:26:06-05:00,PUR_IED_RGuatemala_Tecnol_281a34,PUR_IED_RGuatemala_Tecnol_281a34,,,,,
2026-09-12T03:26:06-05:00,PUR_IED_RafaNu_Ext_f7c302,PUR_IED_RafaNu_Ext_f7c302,,,,,
2026-09-12T03:26:06-05:00,PUR_IED_RafaNu_S1101_25fde,PUR_IED_RafaNu_S1101_25fde,,,,,
2026-09-12T03:26:06-05:00,PUR_IED_RafaNu_S1102_281517,PUR_IED_RafaNu_S1102_281517,,,,,
2026-09-12T03:26:06-05:00,PUR_IED_RafaelB_S305_ee2783,PUR_IED_RafaelB_S305_ee2783,,,,,
2026-09-12T03:26:06-05:00,PUR_IED_RafaelB_S306_75fe33,PUR_IED_RafaelB_S306_75fe33,,,,,
2026-09-12T03:26:06-05:00,PUR_IED_RafaelB_ext_283336,PUR_IED_RafaelB_ext_283336,3,18,59,4.6722,-74.0737
2026-09-12T03:26:06-05:00,PUR_IED_RafaelUU_Exterior_281a51,PUR_IED_RafaelUU_Exterior_281a51,,,,,
2026-09-12T03:26:06-05:00,PUR_IED_RafaelUU_Human_806b2,PUR_IED_RafaelUU_Human_806b2,,,,,
2026-09-12T03:26:06-05:00,PUR_IED_RafaelUU_Mate2_5680d4,PUR_IED_RafaelUU_Mate2_5680d4,,,,,
2026-09-12T03:26:06-05:00,PUR_IED_RamonSub_Ext_f9eeb9,PUR_IED_RamonSub_Ext_f9eeb9,,,,,
2026-09-12T03:26:06-05:00,PUR_IED_RamonSub_Media_d1f62f,PUR_IED_RamonSub_Media_d1f62f,,,,,
2026-09-12T03:26:06-05:00,PUR_IED_RamonSub_planta_51b82,PUR_IED_RamonSub_planta_51b82,,,,,
2026-09-12T03:26:06-05:00,PUR_IED_RepBoliVene_Exter_27af7c,PUR_IED_RepBoliVene_Exter_27af7c,,,,,
2026-09-12T03:26:06-05:00,PUR_IED_RepBoliVene_SCPT_5ae2ee,PUR_IED_RepBoliVene_SCPT_5ae2ee,,,,,
2026-09-12T03:26:06-05:00,PUR_IED_RepBoliVene_Socia_4b11d5,PUR_IED_RepBoliVene_Socia_4b11d5,,,,,
2026-09-12T03:26:06-05:00,PUR_IED_RepChina_Ext_76d9ee,PUR_IED_RepChina_Ext_76d9ee,,,,,
2026-09-12T03:26:06-05:00,PUR_IED_RepChina_S404_7c804c,PUR_IED_RepChina_S404_7c804c,,,,,
2026-09-12T03:26:06-05:00,PUR_IED_RepChina_S405_df2c33,PUR_IED_RepChina_S405_df2c33,,,,,
2026-09-12T03:26:06-05:00,PUR_IED_RepublicaC_Exteri_7d1ec9,PUR_IED_RepublicaC_Exteri_7d1ec9,,,,,
2026-09-12T03:26:06-05:00,PUR_IED_RepublicaC_S1101_f544b3,PUR_IED_RepublicaC_S1101_f544b3,,,,,
2026-09-12T03:26:06-05:00,PUR_IED_RepublicaC_S1102_7aafc7,PUR_IED_RepublicaC_S1102_7aafc7,,,,,
2026-09-12T03:26:06-05:00,PUR_IED_Ricaurte_Externo_a0ea1,PUR_IED_Ricaurte_Externo_a0ea1,,,,,
2026-09-12T03:26:06-05:00,PUR_IED_Ricaurte_S210_f546fd,PUR_IED_Ricaurte_S210_f546fd,,,,,
2026-09-12T03:26:06-05:00,PUR_IED_Ricaurte_S309_d4452,PUR_IED_Ricaurte_S309_d4452,,,,,
2026-09-12T03:26:06-05:00,PUR_IED_RogelioS_1102_531e69,PUR_IED_RogelioS_1102_531e69,,,,,
2026-09-12T03:26:06-05:00,PUR_IED_RogelioS_Ext_f25a18,PUR_IED_RogelioS_Ext_f25a18,,,,,
2026-09-12T03:26:06-05:00,PUR_IED_SBernardino_Ext_27aff8,PUR_IED_SBernardino_Ext_27aff8,,,,,
2026-09-12T03:26:06-05:00,PUR_IED_SBernardino_SArte_2ffd33,PUR_IED_SBernardino_SArte_2ffd33,,,,,
2026-09-12T03:26:06-05:00,PUR_IED_SBernardino_SIngl_7c7da5,PUR_IED_SBernardino_SIngl_7c7da5,,,,,
2026-09-12T03:26:06-05:00,PUR_IED_Sago_auditorio_dc9d1d,PUR_IED_Sago_auditorio_dc9d1d,,,,,
2026-09-12T03:26:06-05:00,PUR_IED_Saludcoop_Ext_95aac3,PUR_IED_Saludcoop_Ext_95aac3,,,,,
2026-09-12T03:26:06-05:00,PUR_IED_Saludcoop_InfI_90c854,PUR_IED_Saludcoop_InfI_90c854,,,,,
2026-09-12T03:26:06-05:00,PUR_IED_Saludcoop_SMedia_1b93be,PUR_IED_Saludcoop_SMedia_1b93be,,,,,
2026-09-12T03:26:06-05:00,PUR_IED_SanCarlos_1101_1a2360,PUR_IED_SanCarlos_1101_1a2360,,,,,
2026-09-12T03:26:06-05:00,PUR_IED_SanCarlos_1103_7bafb5,PUR_IED_SanCarlos_1103_7bafb5,,,,,
2026-09-12T03:26:06-05:00,PUR_IED_SanCarlos_Ext_b7cd1,PUR_IED_SanCarlos_Ext_b7cd1,,,,,
2026-09-12T03:26:06-05:00,PUR_IED_SanIgnacioBosa11a_50c26e,PUR_IED_SanIgnacioBosa11a_50c26e,,,,,
2026-09-12T03:26:06-05:00,PUR_IED_SanIgnacioBosa11b_371de8,PUR_IED_SanIgnacioBosa11b_371de8,,,,,
2026-09-12T03:26:06-05:00,PUR_IED_SanIgnacioBosaExt_ef0ffc,PUR_IED_SanIgnacioBosaExt_ef0ffc,,,,,
2026-09-12T03:26:06-05:00,PUR_IED_SanIgnacioBosa_11a_50c26e,PUR_IED_SanIgnacioBosa_11a_50c26e,,,,,
2026-09-12T03:26:06-05:00,PUR_IED_SanIgnacioBosa_Ext_ef0ffc,PUR_IED_SanIgnacioBosa_Ext_ef0ffc,,,,,
2026-09-12T03:26:06-05:00,PUR_IED_SanJoseN_intS1101_31c47f,PUR_IED_SanJoseN_intS1101_31c47f,,,,,
2026-09-12T03:26:06-05:00,PUR_IED_SanJoseUsm_Exter_f5d7e8,PUR_IED_SanJoseUsm_Exter_f5d7e8,,,,,
2026-09-12T03:26:06-05:00,PUR_IED_SanJoseUsm_Int11A_cfdef6,PUR_IED_SanJoseUsm_Int11A_cfdef6,,,,,
2026-09-12T03:26:06-05:00,PUR_IED_SilveriaR_IntB5_905349,PUR_IED_SilveriaR_IntB5_905349,,,,,
2026-09-12T03:26:06-05:00,PUR_IED_SilveriaR_IntSD14_981f93,PUR_IED_SilveriaR_IntSD14_981f93,,,,,
2026-09-12T03:26:06-05:00,PUR_IED_SilveriaR_ext_2b651d,PUR_IED_SilveriaR_ext_2b651d,,,,,
2026-09-12T03:26:06-05:00,PUR_IED_SimonB_Exterior_913975,PUR_IED_SimonB_Exterior_913975,,,,,
2026-09-12T03:26:06-05:00,PUR_IED_SimonB_LabQuimi_c56908,PUR_IED_SimonB_LabQuimi_c56908,,,,,
2026-09-12T03:26:06-05:00,PUR_IED_SimonB_informatic_a28c1,PUR_IED_SimonB_informatic_a28c1,,,,,
2026-09-12T03:26:06-05:00,PUR_IED_Sorrento_1102_315f50,PUR_IED_Sorrento_1102_315f50,,,,,
2026-09-12T03:26:06-05:00,PUR_IED_Sorrento_Minte_214eab,PUR_IED_Sorrento_Minte_214eab,,,,,
2026-09-12T03:26:06-05:00,PUR_IED_Sorrento_ext_7c3a0a,PUR_IED_Sorrento_ext_7c3a0a,,,,,
2026-09-12T03:26:06-05:00,PUR_IED_Tabora_Ext_f048ae,PUR_IED_Tabora_Ext_f048ae,,,,,
2026-09-12T03:26:06-05:00,PUR_IED_Tabora_S1102_b07752,PUR_IED_Tabora_S1102_b07752,,,,,
2026-09-12T03:26:06-05:00,PUR_IED_Tabora_S1103_d988f5,PUR_IED_Tabora_S1103_d988f5,,,,,
2026-09-12T03:26:06-05:00,PUR_IED_Tenerife_Ext_1ab188,PUR_IED_Tenerife_Ext_1ab188,,,,,
2026-09-12T03:26:06-05:00,PUR_IED_Tenerife_SDanzas_7bc02e,PUR_IED_Tenerife_SDanzas_7bc02e,,,,,
2026-09-12T03:26:06-05:00,PUR_IED_Tenerife_SIngles_7cc277,PUR_IED_Tenerife_SIngles_7cc277,,,,,
2026-09-12T03:26:06-05:00,PUR_IED_Tibabuyes_Exter_f2683d,PUR_IED_Tibabuyes_Exter_f2683d,,,,,
2026-09-12T03:26:06-05:00,PUR_IED_Tibabuyes_S10_dc87a8,PUR_IED_Tibabuyes_S10_dc87a8,,,,,
2026-09-12T03:26:06-05:00,PUR_IED_Tibabuyes_S15_dc0526,PUR_IED_Tibabuyes_S15_dc0526,,,,,
2026-09-12T03:26:06-05:00,PUR_IED_UnionE_S301_a1043,PUR_IED_UnionE_S301_a1043,,,,,
2026-09-12T03:26:06-05:00,PUR_IED_UnionE_S307_ff6c2f,PUR_IED_UnionE_S307_ff6c2f,,,,,
2026-09-12T03:26:06-05:00,PUR_IED_UnionE__Ext_5e2468,PUR_IED_UnionE__Ext_5e2468,,,,,
2026-09-12T03:26:06-05:00,PUR_IED_VillaRica_Ext_75be7c,PUR_IED_VillaRica_Ext_75be7c,,,,,
2026-09-12T03:26:06-05:00,PUR_IED_VillaRica_S4_cc5dcd,PUR_IED_VillaRica_S4_cc5dcd,,,,,
2026-09-12T03:26:06-05:00,PUR_IED_VillaRica_Sesp_99f5c,PUR_IED_VillaRica_Sesp_99f5c,,,,,
2026-09-12T03:31:09-05:00,PUR_IED_20deJulio_1101_91b1b9,PUR_IED_20deJulio_1101_91b1b9,,,,,
2026-09-12T03:31:09-05:00,PUR_IED_20deJulio_1102_1cfcf9,PUR_IED_20deJulio_1102_1cfcf9,,,,,
2026-09-12T03:31:09-05:00,PUR_IED_20deJulio_Ext_ab60bd,PUR_IED_20deJulio_Ext_ab60bd,,,,,
2026-09-12T03:31:09-05:00,PUR_IED_AgustinFer_Ext_7b9b77,PUR_IED_AgustinFer_Ext_7b9b77,,,,,
2026-09-12T03:31:09-05:00,PUR_IED_AgustinFer_Info2_27b3a7,PUR_IED_AgustinFer_Info2_27b3a7,,,,,
2026-09-12T03:31:09-05:00,PUR_IED_AgustinFer_Sena_54b4eb,PUR_IED_AgustinFer_Sena_54b4eb,,,,,
2026-09-12T03:31:09-05:00,PUR_IED_AlexanderF_1102_caf07b,PUR_IED_AlexanderF_1102_caf07b,,,,,
2026-09-12T03:31:09-05:00,PUR_IED_AlexanderF_1103_c79e71,PUR_IED_AlexanderF_1103_c79e71,,,,,
2026-09-12T03:31:09-05:00,PUR_IED_AlexanderF_Ext_c5b18b,PUR_IED_AlexanderF_Ext_c5b18b,,,,,
2026-09-12T03:31:09-05:00,PUR_IED_AlfonsoLopez_Ext_281d77,PUR_IED_AlfonsoLopez_Ext_281d77,,,,,
2026-09-12T03:31:09-05:00,PUR_IED_AlfonsoLopez_LabF_888ce0,PUR_IED_AlfonsoLopez_LabF_888ce0,,,,,
2026-09-12T03:31:09-05:00,PUR_IED_AlfonsoLopez_SMed_df6a7f,PUR_IED_AlfonsoLopez_SMed_df6a7f,,,,,
2026-09-12T03:31:09-05:00,PUR_IED_AltamiraSO_A2_209f92,PUR_IED_AltamiraSO_A2_209f92,,,,,
2026-09-12T03:31:09-05:00,PUR_IED_AltamiraSO_Ext_186d66,PUR_IED_AltamiraSO_Ext_186d66,,,,,
2026-09-12T03:31:09-05:00,PUR_IED_AltamiraSO_Sistem_27afe1,PUR_IED_AltamiraSO_Sistem_27afe1,,,,,
2026-09-12T03:31:09-05:00,PUR_IED_AlvaroGom_LabQuim_813179,PUR_IED_AlvaroGom_LabQuim_813179,,,,,
2026-09-12T03:31:09-05:00,PUR_IED_AlvaroGomez_Ext_47c7ca,PUR_IED_AlvaroGomez_Ext_47c7ca,,,,,
2026-09-12T03:31:09-05:00,PUR_IED_AlvaroGomez_LabQuim_813179,PUR_IED_AlvaroGomez_LabQuim_813179,,,,,
2026-09-12T03:31:09-05:00,PUR_IED_AlvaroGomez_S23_7ba89f,PUR_IED_AlvaroGomez_S23_7ba89f,,,,,
2026-09-12T03:31:09-05:00,PUR_IED_Amistad_306_dc8728,PUR_IED_Amistad_306_dc8728,,,,,
2026-09-12T03:31:09-05:00,PUR_IED_Amistad_Ext_8cd55e,PUR_IED_Amistad_Ext_8cd55e,,,,,
2026-09-12T03:31:09-05:00,PUR_IED_Amistad_S202_a41169,PUR_IED_Amistad_S202_a41169,,,,,
2026-09-12T03:31:09-05:00,PUR_IED_AndresBello_Bio_fd5f5e,PUR_IED_AndresBello_Bio_fd5f5e,,,,,
2026-09-12T03:31:09-05:00,PUR_IED_AndresBello_ext_dcad65,PUR_IED_AndresBello_ext_dcad65,,,,,
2026-09-12T03:31:09-05:00,PUR_IED_AndresBello_port_eed3ec,PUR_IED_AndresBello_port_eed3ec,,,,,
2026-09-12T03:31:09-05:00,PUR_IED_AngelaR_11b_d90a6b,PUR_IED_AngelaR_11b_d90a6b,,,,,
2026-09-12T03:31:09-05:00,PUR_IED_AngelaR_ext_7cad3e,PUR_IED_AngelaR_ext_7cad3e,10,19,61,4.5825,-74.164497
2026-09-12T03:31:09-05:00,PUR_IED_AntJoseSucre_10mo_df2575,PUR_IED_AntJoseSucre_10mo_df2575,,,,,
2026-09-12T03:31:09-05:00,PUR_IED_AntJoseSucre_Ext_215b36,PUR_IED_AntJoseSucre_Ext_215b36,,,,,
2026-09-12T03:31:09-05:00,PUR_IED_AntJoseSucre_Lab_3139de,PUR_IED_AntJoseSucre_Lab_3139de,,,,,
2026-09-12T03:31:09-05:00,PUR_IED_AntonioGarcia_301_d6b188,PUR_IED_AntonioGarcia_301_d6b188,,,,,
2026-09-12T03:31:09-05:00,PUR_IED_AntonioGarcia_302_88a82,PUR_IED_AntonioGarcia_302_88a82,,,,,
2026-09-12T03:31:09-05:00,PUR_IED_AntonioGarcia_Ext_20950c,PUR_IED_AntonioGarcia_Ext_20950c,,,,,
2026-09-12T03:31:09-05:00,PUR_IED_AntonioVan_Aula2_6dea02,PUR_IED_AntonioVan_Aula2_6dea02,,,,,
2026-09-12T03:31:09-05:00,PUR_IED_AntonioVan_Aula5_f1557e,PUR_IED_AntonioVan_Aula5_f1557e,,,,,
2026-09-12T03:31:09-05:00,PUR_IED_AntonioVan_Ext_406f2f,PUR_IED_AntonioVan_Ext_406f2f,,,,,
2026-09-12T03:31:09-05:00,PUR_IED_Atabanzha_Ext_cc5af9,PUR_IED_Atabanzha_Ext_cc5af9,,,,,
2026-09-12T03:31:09-05:00,PUR_IED_Atabanzha_SA101_56c37,PUR_IED_Atabanzha_SA101_56c37,,,,,
2026-09-12T03:31:09-05:00,PUR_IED_Atabanzha_SB302_27b374,PUR_IED_Atabanzha_SB302_27b374,,,,,
2026-09-12T03:31:09-05:00,PUR_IED_Atahualpa_Ext_fc1748,PUR_IED_Atahualpa_Ext_fc1748,,,,,
2026-09-12T03:31:09-05:00,PUR_IED_Atahualpa_Informa_dc9a95,PUR_IED_Atahualpa_Informa_dc9a95,,,,,
2026-09-12T03:31:09-05:00,PUR_IED_Atahualpa_S1101_f98056,PUR_IED_Atahualpa_S1101_f98056,,,,,
2026-09-12T03:31:09-05:00,PUR_IED_Bellavista_Ext_f5aa74,PUR_IED_Bellavista_Ext_f5aa74,,,,,
2026-09-12T03:31:09-05:00,PUR_IED_Bilbao_11A_916c41,PUR_IED_Bilbao_11A_916c41,,,,,
2026-09-12T03:31:09-05:00,PUR_IED_Bilbao_Ext_fb579a,PUR_IED_Bilbao_Ext_fb579a,,,,,
2026-09-12T03:31:09-05:00,PUR_IED_BrasiliaU_A125_304280,PUR_IED_BrasiliaU_A125_304280,,,,,
2026-09-12T03:31:09-05:00,PUR_IED_BrasiliaU_A203_7c8ca5,PUR_IED_BrasiliaU_A203_7c8ca5,,,,,
2026-09-12T03:31:09-05:00,PUR_IED_BrasiliaU_Ext_8d6e9f,PUR_IED_BrasiliaU_Ext_8d6e9f,3,17,64,4.5175,-74.116302
2026-09-12T03:31:09-05:00,PUR_IED_Brasilia_Ext_fe6593,PUR_IED_Brasilia_Ext_fe6593,,,,,
2026-09-12T03:31:09-05:00,PUR_IED_Brasilia_S24_7c130d,PUR_IED_Brasilia_S24_7c130d,,,,,
2026-09-12T03:31:09-05:00,PUR_IED_Brasilia_S501_186a54,PUR_IED_Brasilia_S501_186a54,,,,,
2026-09-12T03:31:09-05:00,PUR_IED_CHARRY_EXT_f1d5cd,PUR_IED_CHARRY_EXT_f1d5cd,,,,,
2026-09-12T03:31:09-05:00,PUR_IED_CHARRY_INTDANZAS_7a08e6,PUR_IED_CHARRY_INTDANZAS_7a08e6,,,,,
2026-09-12T03:31:09-05:00,PUR_IED_CHARRY_INT_AULA20_dc998d,PUR_IED_CHARRY_INT_AULA20_dc998d,,,,,
2026-09-12T03:31:09-05:00,PUR_IED_COLVIV_1101_S25_7f520a,PUR_IED_COLVIV_1101_S25_7f520a,,,,,
2026-09-12T03:31:09-05:00,PUR_IED_COLVIV_1102_S16_f570ba,PUR_IED_COLVIV_1102_S16_f570ba,,,,,
2026-09-12T03:31:09-05:00,PUR_IED_COLVIV_Ext_1a26fa,PUR_IED_COLVIV_Ext_1a26fa,,,,,
2026-09-12T03:31:09-05:00,PUR_IED_CULPOP_301A_f660f3,PUR_IED_CULPOP_301A_f660f3,,,,,
2026-09-12T03:31:09-05:00,PUR_IED_CULPOP_303_568afe,PUR_IED_CULPOP_303_568afe,,,,,
2026-09-12T03:31:09-05:00,PUR_IED_CULPOP_Ext_e02ccb,PUR_IED_CULPOP_Ext_e02ccb,,,,,
2026-09-12T03:31:09-05:00,PUR_IED_CVillavicen_Ext_26eb58,PUR_IED_CVillavicen_Ext_26eb58,5,14,80,4.487,-74.102798
2026-09-12T03:31:09-05:00,PUR_IED_CVillavicen_Intel_1ce5c2,PUR_IED_CVillavicen_Intel_1ce5c2,,,,,
2026-09-12T03:31:09-05:00,PUR_IED_CVillavicen_Poliv_e0766c,PUR_IED_CVillavicen_Poliv_e0766c,,,,,
2026-09-12T03:31:09-05:00,PUR_IED_CVillavicen_int_1ba140,PUR_IED_CVillavicen_int_1ba140,,,,,
2026-09-12T03:31:09-05:00,PUR_IED_CVillavicen_intel_1ba140,PUR_IED_CVillavicen_intel_1ba140,,,,,
2026-09-12T03:31:09-05:00,PUR_IED_CarlosPizarro_Ext_e307cc,PUR_IED_CarlosPizarro_Ext_e307cc,,,,,
2026-09-12T03:31:09-05:00,PUR_IED_CarlosPizarro_L36_7e5cdb,PUR_IED_CarlosPizarro_L36_7e5cdb,,,,,
2026-09-12T03:31:09-05:00,PUR_IED_CarlosPizarro_L37_c8566c,PUR_IED_CarlosPizarro_L37_c8566c,,,,,
2026-09-12T03:31:09-05:00,PUR_IED_Castilla_Ext_cf35f,PUR_IED_Castilla_Ext_cf35f,,,,,
2026-09-12T03:31:09-05:00,PUR_IED_Castilla_SFisik_360e38,PUR_IED_Castilla_SFisik_360e38,,,,,
2026-09-12T03:31:09-05:00,PUR_IED_Castilla_Sc304_496fbf,PUR_IED_Castilla_Sc304_496fbf,,,,,
2026-09-12T03:31:09-05:00,PUR_IED_CervantesSa_Ext_6b57b,PUR_IED_CervantesSa_Ext_6b57b,3,17,69,4.5128,-74.117203
2026-09-12T03:31:09-05:00,PUR_IED_CervantesSa_S107_225c2b,PUR_IED_CervantesSa_S107_225c2b,,,,,
2026-09-12T03:31:09-05:00,PUR_IED_CervantesSa_S108_940925,PUR_IED_CervantesSa_S108_940925,,,,,
2026-09-12T03:31:09-05:00,PUR_IED_Charry_A20_f53e7c,PUR_IED_Charry_A20_f53e7c,,,,,
2026-09-12T03:31:09-05:00,PUR_IED_Charry_Ext_f1d5cd,PUR_IED_Charry_Ext_f1d5cd,,,,,
2026-09-12T03:31:09-05:00,PUR_IED_Charry_IntAula20_dc998d,PUR_IED_Charry_IntAula20_dc998d,,,,,
2026-09-12T03:31:09-05:00,PUR_IED_Charry_IntDanzas_7a08e6,PUR_IED_Charry_IntDanzas_7a08e6,,,,,
2026-09-12T03:31:09-05:00,PUR_IED_ClememciaC_203_43e2fc,PUR_IED_ClememciaC_203_43e2fc,,,,,
2026-09-12T03:31:09-05:00,PUR_IED_ClememciaC_Ext_1b411a,PUR_IED_ClememciaC_Ext_1b411a,,,,,
2026-09-12T03:31:09-05:00,PUR_IED_ClememciaC_Quimic_44b5fc,PUR_IED_ClememciaC_Quimic_44b5fc,,,,,
2026-09-12T03:31:09-05:00,PUR_IED_ClemenciaC_203_43e2fc,PUR_IED_ClemenciaC_203_43e2fc,,,,,
2026-09-12T03:31:09-05:00,PUR_IED_ClemenciaC_Ext_1b411a,PUR_IED_ClemenciaC_Ext_1b411a,,,,,
2026-09-12T03:31:09-05:00,PUR_IED_ClemenciaC_Quimic_44b5fc,PUR_IED_ClemenciaC_Quimic_44b5fc,,,,,
2026-09-12T03:31:09-05:00,PUR_IED_ColViva_1101_S25_7f520a,PUR_IED_ColViva_1101_S25_7f520a,,,,,
2026-09-12T03:31:09-05:00,PUR_IED_ColViva_1102_S16_f570ba,PUR_IED_ColViva_1102_S16_f570ba,,,,,
2026-09-12T03:31:09-05:00,PUR_IED_ColViva_Ext_1a26fa,PUR_IED_ColViva_Ext_1a26fa,,,,,
2026-09-12T03:31:09-05:00,PUR_IED_ColegioBici_Asist_7c8798,PUR_IED_ColegioBici_Asist_7c8798,,,,,
2026-09-12T03:31:09-05:00,PUR_IED_ColegioBici_Ext_25cbf6,PUR_IED_ColegioBici_Ext_25cbf6,,,,,
2026-09-12T03:31:09-05:00,PUR_IED_ColegioBici_LabQ_7b57db,PUR_IED_ColegioBici_LabQ_7b57db,,,,,
2026-09-12T03:31:09-05:00,PUR_IED_CostaRica_Ext_5e640,PUR_IED_CostaRica_Ext_5e640,,,,,
2026-09-12T03:31:09-05:00,PUR_IED_CostaRica_Quim1_766d1c,PUR_IED_CostaRica_Quim1_766d1c,,,,,
2026-09-12T03:31:09-05:00,PUR_IED_CostaRica__Fisica_6f0873,PUR_IED_CostaRica__Fisica_6f0873,,,,,
2026-09-12T03:31:09-05:00,PUR_IED_CulPopu_301A_f660f3,PUR_IED_CulPopu_301A_f660f3,,,,,
2026-09-12T03:31:09-05:00,PUR_IED_CulPopu_303_568afe,PUR_IED_CulPopu_303_568afe,,,,,
2026-09-12T03:31:09-05:00,PUR_IED_CulPopu_Ext_e02ccb,PUR_IED_CulPopu_Ext_e02ccb,,,,,
2026-09-12T03:31:09-05:00,PUR_IED_Cundinamarca_Ext_f15985,PUR_IED_Cundinamarca_Ext_f15985,,,,,
2026-09-12T03:31:09-05:00,PUR_IED_Cundinamarca_Info_7aa5d7,PUR_IED_Cundinamarca_Info_7aa5d7,,,,,
2026-09-12T03:31:09-05:00,PUR_IED_Cundinamarca_Tec2_f449c7,PUR_IED_Cundinamarca_Tec2_f449c7,,,,,
2026-09-12T03:31:09-05:00,PUR_IED_DiegoM_Aula1_27b314,PUR_IED_DiegoM_Aula1_27b314,,,,,
2026-09-12T03:31:09-05:00,PUR_IED_DiegoM_Ext_d80ac8,PUR_IED_DiegoM_Ext_d80ac8,,,,,
2026-09-12T03:31:09-05:00,PUR_IED_DiegoM_S25_da928f,PUR_IED_DiegoM_S25_da928f,,,,,
2026-09-12T03:31:09-05:00,PUR_IED_ELRODEO_360881,PUR_IED_ELRODEO_360881,,,,,
2026-09-12T03:31:09-05:00,PUR_IED_ELRODEO_ext_360881,PUR_IED_ELRODEO_ext_360881,,,,,
2026-09-12T03:31:09-05:00,PUR_IED_EduardoU_Ext_1c1969,PUR_IED_EduardoU_Ext_1c1969,,,,,
2026-09-12T03:31:09-05:00,PUR_IED_EduardoU_SCiencia_4dfb94,PUR_IED_EduardoU_SCiencia_4dfb94,,,,,
2026-09-12T03:31:09-05:00,PUR_IED_EduardoU_SQuimica_5a46e7,PUR_IED_EduardoU_SQuimica_5a46e7,,,,,
2026-09-12T03:31:09-05:00,PUR_IED_ElRodeo_Aula14_676984,PUR_IED_ElRodeo_Aula14_676984,,,,,
2026-09-12T03:31:09-05:00,PUR_IED_ElRodeo_Aula16_2dd35b,PUR_IED_ElRodeo_Aula16_2dd35b,,,,,
2026-09-12T03:31:09-05:00,PUR_IED_ElRodeo_Ext_360881,PUR_IED_ElRodeo_Ext_360881,,,,,
2026-09-12T03:31:09-05:00,PUR_IED_ElRodeo_Exterior_8c6d28,PUR_IED_ElRodeo_Exterior_8c6d28,,,,,
2026-09-12T03:31:09-05:00,PUR_IED_ElRodeo_ext_360881,PUR_IED_ElRodeo_ext_360881,,,,,
2026-09-12T03:31:09-05:00,PUR_IED_EmmaReyes_Ext_987625,PUR_IED_EmmaReyes_Ext_987625,11,21,53,4.6367,-74.1511
2026-09-12T03:31:09-05:00,PUR_IED_Ensueño_Ext_7f0250,PUR_IED_Ensueño_Ext_7f0250,,,,,
2026-09-12T03:31:09-05:00,PUR_IED_EscNormal_Ext_5fef3b,PUR_IED_EscNormal_Ext_5fef3b,2,18,61,4.5852,-74.096901
2026-09-12T03:31:09-05:00,PUR_IED_EscNormal_S309_5b263,PUR_IED_EscNormal_S309_5b263,,,,,
2026-09-12T03:31:09-05:00,PUR_IED_EscNormal_S310_27b3b8,PUR_IED_EscNormal_S310_27b3b8,,,,,
2026-09-12T03:31:09-05:00,PUR_IED_Evangelista_Conta_f6cd4f,PUR_IED_Evangelista_Conta_f6cd4f,,,,,
2026-09-12T03:31:09-05:00,PUR_IED_Evangelista_Cri_5e16a,PUR_IED_Evangelista_Cri_5e16a,,,,,
2026-09-12T03:31:09-05:00,PUR_IED_Evangelista_Exter_754066,PUR_IED_Evangelista_Exter_754066,,,,,
2026-09-12T03:31:09-05:00,PUR_IED_FMiranda_S209_5cc2a3,PUR_IED_FMiranda_S209_5cc2a3,,,,,
2026-09-12T03:31:09-05:00,PUR_IED_FMiranda_S303_19e344,PUR_IED_FMiranda_S303_19e344,,,,,
2026-09-12T03:31:09-05:00,PUR_IED_FMiranda_ext_f53e7c,PUR_IED_FMiranda_ext_f53e7c,,,,,
2026-09-12T03:31:09-05:00,PUR_IED_FabioLozano_Bibli_1cee05,PUR_IED_FabioLozano_Bibli_1cee05,,,,,
2026-09-12T03:31:09-05:00,PUR_IED_FabioLozano_Ext_6ea285,PUR_IED_FabioLozano_Ext_6ea285,,,,,
2026-09-12T03:31:09-05:00,PUR_IED_FabioLozano_SLudi_f09e1e,PUR_IED_FabioLozano_SLudi_f09e1e,,,,,
2026-09-12T03:31:09-05:00,PUR_IED_FaustinoS_Aula07_27a731,PUR_IED_FaustinoS_Aula07_27a731,,,,,
2026-09-12T03:31:09-05:00,PUR_IED_FaustinoS_Ext_7b936f,PUR_IED_FaustinoS_Ext_7b936f,,,,,
2026-09-12T03:31:09-05:00,PUR_IED_FaustinoS_Fisica_da2c60,PUR_IED_FaustinoS_Fisica_da2c60,,,,,
2026-09-12T03:31:09-05:00,PUR_IED_FeGarciaLo_Ext_dc68ee,PUR_IED_FeGarciaLo_Ext_dc68ee,,,,,
2026-09-12T03:31:09-05:00,PUR_IED_FeGarciaLo_SDanza_f70a59,PUR_IED_FeGarciaLo_SDanza_f70a59,,,,,
2026-09-12T03:31:09-05:00,PUR_IED_FeGarciaLo_SMusic_125cdd,PUR_IED_FeGarciaLo_SMusic_125cdd,,,,,
2026-09-12T03:31:09-05:00,PUR_IED_FederalAlema_Exte_50c345,PUR_IED_FederalAlema_Exte_50c345,,,,,
2026-09-12T03:31:09-05:00,PUR_IED_FederalAlema_S31_f18371,PUR_IED_FederalAlema_S31_f18371,,,,,
2026-09-12T03:31:09-05:00,PUR_IED_FederalAlema_S901_a62cd,PUR_IED_FederalAlema_S901_a62cd,,,,,
2026-09-12T03:31:09-05:00,PUR_IED_FilarmonicaS_A5_f35eb1,PUR_IED_FilarmonicaS_A5_f35eb1,,,,,
2026-09-12T03:31:09-05:00,PUR_IED_FilarmonicaS_Ext_8a3bde,PUR_IED_FilarmonicaS_Ext_8a3bde,,,,,
2026-09-12T03:31:09-05:00,PUR_IED_FilarmonicaS_Spol_406114,PUR_IED_FilarmonicaS_Spol_406114,,,,,
2026-09-12T03:31:09-05:00,PUR_IED_FlorentinoG_A13_d1fa59,PUR_IED_FlorentinoG_A13_d1fa59,,,,,
2026-09-12T03:31:09-05:00,PUR_IED_FlorentinoG_Ext_1ce6ce,PUR_IED_FlorentinoG_Ext_1ce6ce,,,,,
2026-09-12T03:31:09-05:00,PUR_IED_FlorentinoG_Idiom_a66aac,PUR_IED_FlorentinoG_Idiom_a66aac,,,,,
2026-09-12T03:31:09-05:00,PUR_IED_FranciscoMati_Ext_e3869d,PUR_IED_FranciscoMati_Ext_e3869d,,,,,
2026-09-12T03:31:09-05:00,PUR_IED_FranciscoMati_S13_f31c67,PUR_IED_FranciscoMati_S13_f31c67,,,,,
2026-09-12T03:31:09-05:00,PUR_IED_FranciscoMati_S14_97dead,PUR_IED_FranciscoMati_S14_97dead,,,,,
2026-09-12T03:31:09-05:00,PUR_IED_FranciscoPS_Ext_7bfa9a,PUR_IED_FranciscoPS_Ext_7bfa9a,3,19,60,4.5899,-74.110397
2026-09-12T03:31:09-05:00,PUR_IED_FranciscoPS_Infor_fb8f4c,PUR_IED_FranciscoPS_Infor_fb8f4c,,,,,
2026-09-12T03:31:09-05:00,PUR_IED_FranciscoPS_Quimi_94d39c,PUR_IED_FranciscoPS_Quimi_94d39c,,,,,
2026-09-12T03:31:09-05:00,PUR_IED_FranciscoP_LabQ_d7e148,PUR_IED_FranciscoP_LabQ_d7e148,,,,,
2026-09-12T03:31:09-05:00,PUR_IED_FranciscoP_S28_cf9b30,PUR_IED_FranciscoP_S28_cf9b30,,,,,
2026-09-12T03:31:09-05:00,PUR_IED_FranciscoP_ext_e2313,PUR_IED_FranciscoP_ext_e2313,,,,,
2026-09-12T03:31:09-05:00,PUR_IED_FriederichN_Ext_8ac92a,PUR_IED_FriederichN_Ext_8ac92a,,,,,
2026-09-12T03:31:09-05:00,PUR_IED_FriederichN_S301_dd7e5a,PUR_IED_FriederichN_S301_dd7e5a,,,,,
2026-09-12T03:31:09-05:00,PUR_IED_FriederichN_S308_761f4f,PUR_IED_FriederichN_S308_761f4f,,,,,
2026-09-12T03:31:09-05:00,PUR_IED_GSantander_Aula10_533dd7,PUR_IED_GSantander_Aula10_533dd7,,,,,
2026-09-12T03:31:09-05:00,PUR_IED_GSantander_Aula12_fd4e4f,PUR_IED_GSantander_Aula12_fd4e4f,,,,,
2026-09-12T03:31:09-05:00,PUR_IED_GSantander_Aula310_533dd7,PUR_IED_GSantander_Aula310_533dd7,,,,,
2026-09-12T03:31:09-05:00,PUR_IED_GSantander_Aula312_fd4e4f,PUR_IED_GSantander_Aula312_fd4e4f,,,,,
2026-09-12T03:31:09-05:00,PUR_IED_GSantander_Ext_5f66b0,PUR_IED_GSantander_Ext_5f66b0,,,,,
2026-09-12T03:31:09-05:00,PUR_IED_GYomasa_Ext_f6bea5,PUR_IED_GYomasa_Ext_f6bea5,,,,,
2026-09-12T03:31:09-05:00,PUR_IED_GYomasa_LBiol_2c41aa,PUR_IED_GYomasa_LBiol_2c41aa,,,,,
2026-09-12T03:31:09-05:00,PUR_IED_GYomasa_LQuim_33c80,PUR_IED_GYomasa_LQuim_33c80,,,,,
2026-09-12T03:31:09-05:00,PUR_IED_GabBetMejia_Cienc_5a99c,PUR_IED_GabBetMejia_Cienc_5a99c,,,,,
2026-09-12T03:31:09-05:00,PUR_IED_GabBetMejia_Ext_9153d0,PUR_IED_GabBetMejia_Ext_9153d0,,,,,
2026-09-12T03:31:09-05:00,PUR_IED_GabBetMejia_Lab_f55347,PUR_IED_GabBetMejia_Lab_f55347,,,,,
2026-09-12T03:31:09-05:00,PUR_IED_GabBetanMejia_Ext_9153d0,PUR_IED_GabBetanMejia_Ext_9153d0,,,,,
2026-09-12T03:31:09-05:00,PUR_IED_Gaitana_Aula13_7aac11,PUR_IED_Gaitana_Aula13_7aac11,,,,,
2026-09-12T03:31:09-05:00,PUR_IED_Gaitana_Ext_5fcf4,PUR_IED_Gaitana_Ext_5fcf4,,,,,
2026-09-12T03:31:09-05:00,PUR_IED_Gaitana_LabFisica_644448,PUR_IED_Gaitana_LabFisica_644448,,,,,
2026-09-12T03:31:09-05:00,PUR_IED_GenSantander_Dise_8ac858,PUR_IED_GenSantander_Dise_8ac858,,,,,
2026-09-12T03:31:09-05:00,PUR_IED_GenSantander_Ext_8d5dfe,PUR_IED_GenSantander_Ext_8d5dfe,,,,,
2026-09-12T03:31:09-05:00,PUR_IED_GenSantander_Info_6c25b,PUR_IED_GenSantander_Info_6c25b,,,,,
2026-09-12T03:31:09-05:00,PUR_IED_GustavoMo_Exterio_75e63d,PUR_IED_GustavoMo_Exterio_75e63d,,,,,
2026-09-12T03:31:09-05:00,PUR_IED_GustavoMo_LabFisi_224d37,PUR_IED_GustavoMo_LabFisi_224d37,,,,,
2026-09-12T03:31:09-05:00,PUR_IED_GustavoMo_S208_3e6918,PUR_IED_GustavoMo_S208_3e6918,,,,,
2026-09-12T03:31:09-05:00,PUR_IED_GustavoR_A02_8cd4a8,PUR_IED_GustavoR_A02_8cd4a8,,,,,
2026-09-12T03:31:09-05:00,PUR_IED_GustavoR_B11_5b0ed,PUR_IED_GustavoR_B11_5b0ed,,,,,
2026-09-12T03:31:09-05:00,PUR_IED_GustavoR_Ext_7a0c90,PUR_IED_GustavoR_Ext_7a0c90,,,,,
2026-09-12T03:31:09-05:00,PUR_IED_HernandoDuran_Ext_8cd82b,PUR_IED_HernandoDuran_Ext_8cd82b,,,,,
2026-09-12T03:31:09-05:00,PUR_IED_HernandoDuran_S24_2772c6,PUR_IED_HernandoDuran_S24_2772c6,,,,,
2026-09-12T03:31:09-05:00,PUR_IED_HernandoDuran_S30_f2de41,PUR_IED_HernandoDuran_S30_f2de41,,,,,
2026-09-12T03:31:09-05:00,PUR_IED_HolguInUr_S1101_8cd732,PUR_IED_HolguInUr_S1101_8cd732,,,,,
2026-09-12T03:31:09-05:00,PUR_IED_HolguinUr_Exter_ddae6d,PUR_IED_HolguinUr_Exter_ddae6d,,,,,
2026-09-12T03:31:09-05:00,PUR_IED_HolguinUr_LabQuim_92b952,PUR_IED_HolguinUr_LabQuim_92b952,,,,,
2026-09-12T03:31:09-05:00,PUR_IED_Isabel-II_Ext_5245cc,PUR_IED_Isabel-II_Ext_5245cc,10,19,59,4.6336,-74.153
2026-09-12T03:31:09-05:00,PUR_IED_Isabel-II_S_idiom_1c29aa,PUR_IED_Isabel-II_S_idiom_1c29aa,,,,,
2026-09-12T03:31:09-05:00,PUR_IED_Isabel-II_S_infor_fd741,PUR_IED_Isabel-II_S_infor_fd741,,,,,
2026-09-12T03:31:09-05:00,PUR_IED_IsidroSur_Exterio_5b90ea,PUR_IED_IsidroSur_Exterio_5b90ea,,,,,
2026-09-12T03:31:09-05:00,PUR_IED_IsidroSur_LabTec_56697a,PUR_IED_IsidroSur_LabTec_56697a,,,,,
2026-09-12T03:31:09-05:00,PUR_IED_IsidroSur_Robotic_b7c38f,PUR_IED_IsidroSur_Robotic_b7c38f,,,,,
2026-09-12T03:31:09-05:00,PUR_IED_IsmaelPerd_Ext_7b6672,PUR_IED_IsmaelPerd_Ext_7b6672,,,,,
2026-09-12T03:31:09-05:00,PUR_IED_IsmaelPerd_Inform_306540,PUR_IED_IsmaelPerd_Inform_306540,,,,,
2026-09-12T03:31:09-05:00,PUR_IED_IsmaelPerd_S30_2e2c83,PUR_IED_IsmaelPerd_S30_2e2c83,,,,,
2026-09-12T03:31:09-05:00,PUR_IED_JLozano_Exter_432910,PUR_IED_JLozano_Exter_432910,,,,,
2026-09-12T03:31:09-05:00,PUR_IED_JLozano_salaMulti_df5125,PUR_IED_JLozano_salaMulti_df5125,,,,,
2026-09-12T03:31:09-05:00,PUR_IED_JMCordoba_206_86f80b,PUR_IED_JMCordoba_206_86f80b,,,,,
2026-09-12T03:31:09-05:00,PUR_IED_JMCordoba_Ext_27ad97,PUR_IED_JMCordoba_Ext_27ad97,,,,,
2026-09-12T03:31:09-05:00,PUR_IED_JMCordoba_S310_d59ab4,PUR_IED_JMCordoba_S310_d59ab4,,,,,
2026-09-12T03:31:09-05:00,PUR_IED_Japon_Ext_549100,PUR_IED_Japon_Ext_549100,,,,,
2026-09-12T03:31:09-05:00,PUR_IED_Japon_Laboratorio_bec51d,PUR_IED_Japon_Laboratorio_bec51d,,,,,
2026-09-12T03:31:09-05:00,PUR_IED_Japon_informatica_d99327,PUR_IED_Japon_informatica_d99327,,,,,
2026-09-12T03:31:09-05:00,PUR_IED_Jazmin_Ext_d27bda,PUR_IED_Jazmin_Ext_d27bda,,,,,
2026-09-12T03:31:09-05:00,PUR_IED_Jazmin_Fisica_8d14d7,PUR_IED_Jazmin_Fisica_8d14d7,,,,,
2026-09-12T03:31:09-05:00,PUR_IED_Jazmin_Quimica_801cb5,PUR_IED_Jazmin_Quimica_801cb5,,,,,
2026-09-12T03:31:09-05:00,PUR_IED_JorgeGaitan_Exter_f098d1,PUR_IED_JorgeGaitan_Exter_f098d1,,,,,
2026-09-12T03:31:09-05:00,PUR_IED_JorgeGaitan_STec1_dc9d1d,PUR_IED_JorgeGaitan_STec1_dc9d1d,,,,,
2026-09-12T03:31:09-05:00,PUR_IED_JorgeGaitan_STec2_281e69,PUR_IED_JorgeGaitan_STec2_281e69,,,,,
2026-09-12T03:31:09-05:00,PUR_IED_JorgeSoto_Exterio_d9d0a2,PUR_IED_JorgeSoto_Exterio_d9d0a2,,,,,
2026-09-12T03:31:09-05:00,PUR_IED_JorgeSoto_LabFisi_209c54,PUR_IED_JorgeSoto_LabFisi_209c54,,,,,
2026-09-12T03:31:09-05:00,PUR_IED_JorgeSoto_S103_27b51a,PUR_IED_JorgeSoto_S103_27b51a,,,,,
2026-09-12T03:31:09-05:00,PUR_IED_JoseAcevedo_A02_e965eb,PUR_IED_JoseAcevedo_A02_e965eb,,,,,
2026-09-12T03:31:09-05:00,PUR_IED_JoseAcevedo_A07_dd5b4,PUR_IED_JoseAcevedo_A07_dd5b4,,,,,
2026-09-12T03:31:09-05:00,PUR_IED_JoseAcevedo_Ext_b47484,PUR_IED_JoseAcevedo_Ext_b47484,,,,,
2026-09-12T03:31:09-05:00,PUR_IED_JoseMarti_Exte_5b9bf,PUR_IED_JoseMarti_Exte_5b9bf,,,,,
2026-09-12T03:31:09-05:00,PUR_IED_JoseMarti_LabQuim_1c6c2d,PUR_IED_JoseMarti_LabQuim_1c6c2d,,,,,
2026-09-12T03:31:09-05:00,PUR_IED_JoseMarti_S_info_f5f177,PUR_IED_JoseMarti_S_info_f5f177,,,,,
2026-09-12T03:31:09-05:00,PUR_IED_Josejoaquin_Ext_dfc5dc,PUR_IED_Josejoaquin_Ext_dfc5dc,,,,,
2026-09-12T03:31:09-05:00,PUR_IED_Josejoaquin_S05_5b2a96,PUR_IED_Josejoaquin_S05_5b2a96,,,,,
2026-09-12T03:31:09-05:00,PUR_IED_Josejoaquin_S06_1ce7d2,PUR_IED_Josejoaquin_S06_1ce7d2,,,,,
2026-09-12T03:31:09-05:00,PUR_IED_JulioFlorez_Danza_9b82dd,PUR_IED_JulioFlorez_Danza_9b82dd,,,,,
2026-09-12T03:31:09-05:00,PUR_IED_JulioFlorez_Exter_f9f314,PUR_IED_JulioFlorez_Exter_f9f314,,,,,
2026-09-12T03:31:09-05:00,PUR_IED_JulioFlorez_info2_6b6e08,PUR_IED_JulioFlorez_info2_6b6e08,,,,,
2026-09-12T03:31:09-05:00,PUR_IED_LaBelleza_Aula13_1d00d8,PUR_IED_LaBelleza_Aula13_1d00d8,,,,,
2026-09-12T03:31:09-05:00,PUR_IED_LaBelleza_Ext_7bc08c,PUR_IED_LaBelleza_Ext_7bc08c,,,,,
2026-09-12T03:31:09-05:00,PUR_IED_LaChucua_Ext_8cd6d2,PUR_IED_LaChucua_Ext_8cd6d2,,,,,
2026-09-12T03:31:09-05:00,PUR_IED_LaChucua_S15_f578ce,PUR_IED_LaChucua_S15_f578ce,,,,,
2026-09-12T03:31:09-05:00,PUR_IED_LaChucua_S16_eebcf9,PUR_IED_LaChucua_S16_eebcf9,,,,,
2026-09-12T03:31:09-05:00,PUR_IED_LaFelicidad_Ext_fb5109,PUR_IED_LaFelicidad_Ext_fb5109,,,,,
2026-09-12T03:31:09-05:00,PUR_IED_LaMerced_206_66ebd,PUR_IED_LaMerced_206_66ebd,,,,,
2026-09-12T03:31:09-05:00,PUR_IED_LaMerced_207_6ebd6,PUR_IED_LaMerced_207_6ebd6,,,,,
2026-09-12T03:31:09-05:00,PUR_IED_LaMerced_ext_304311,PUR_IED_LaMerced_ext_304311,,,,,
2026-09-12T03:31:09-05:00,PUR_IED_Laureano_CiencNat_281e5e,PUR_IED_Laureano_CiencNat_281e5e,,,,,
2026-09-12T03:31:09-05:00,PUR_IED_Laureano_Comedor_f65c0a,PUR_IED_Laureano_Comedor_f65c0a,,,,,
2026-09-12T03:31:09-05:00,PUR_IED_Laureano_Exterior_7ab011,PUR_IED_Laureano_Exterior_7ab011,,,,,
2026-09-12T03:31:09-05:00,PUR_IED_LeonGreiff_Exte_dfe560,PUR_IED_LeonGreiff_Exte_dfe560,,,,,
2026-09-12T03:31:09-05:00,PUR_IED_LeonGreiff_S210_f264ed,PUR_IED_LeonGreiff_S210_f264ed,,,,,
2026-09-12T03:31:09-05:00,PUR_IED_LeonGreiff_SQuimi_e8296f,PUR_IED_LeonGreiff_SQuimi_e8296f,,,,,
2026-09-12T03:31:09-05:00,PUR_IED_LlanoOrientalS208_7b9fcd,PUR_IED_LlanoOrientalS208_7b9fcd,,,,,
2026-09-12T03:31:09-05:00,PUR_IED_LlanoOriental_Ext_fb3766,PUR_IED_LlanoOriental_Ext_fb3766,,,,,
2026-09-12T03:31:09-05:00,PUR_IED_LlanoOriental_S208_7b9fcd,PUR_IED_LlanoOriental_S208_7b9fcd,,,,,
2026-09-12T03:31:09-05:00,PUR_IED_LlanoOriental_S9_27b378,PUR_IED_LlanoOriental_S9_27b378,,,,,
2026-09-12T03:31:09-05:00,PUR_IED_LosTejares_1101_477602,PUR_IED_LosTejares_1101_477602,,,,,
2026-09-12T03:31:09-05:00,PUR_IED_LosTejares_11_d2c595,PUR_IED_LosTejares_11_d2c595,,,,,
2026-09-12T03:31:09-05:00,PUR_IED_LosTejares_12_477602,PUR_IED_LosTejares_12_477602,,,,,
2026-09-12T03:31:09-05:00,PUR_IED_LosTejares_Ext_8e2115,PUR_IED_LosTejares_Ext_8e2115,,,,,
2026-09-12T03:31:09-05:00,PUR_IED_MagdalenaO_B202_5ddda3,PUR_IED_MagdalenaO_B202_5ddda3,,,,,
2026-09-12T03:31:09-05:00,PUR_IED_MagdalenaO_B205_fb76e8,PUR_IED_MagdalenaO_B205_fb76e8,,,,,
2026-09-12T03:31:09-05:00,PUR_IED_MagdalenaO_ext_dc69cd,PUR_IED_MagdalenaO_ext_dc69cd,,,,,
2026-09-12T03:31:09-05:00,PUR_IED_ManueCepeda_artes_eee956,PUR_IED_ManueCepeda_artes_eee956,,,,,
2026-09-12T03:31:09-05:00,PUR_IED_ManuelCepeda_Ext_58313,PUR_IED_ManuelCepeda_Ext_58313,,,,,
2026-09-12T03:31:09-05:00,PUR_IED_ManuelCepeda_tec_1c5731,PUR_IED_ManuelCepeda_tec_1c5731,,,,,
2026-09-12T03:31:09-05:00,PUR_IED_ManuelS_Exterior_5b269,PUR_IED_ManuelS_Exterior_5b269,,,,,
2026-09-12T03:31:09-05:00,PUR_IED_ManuelS_Inform_f369ce,PUR_IED_ManuelS_Inform_f369ce,,,,,
2026-09-12T03:31:09-05:00,PUR_IED_ManuelS_SArtes_7d15f1,PUR_IED_ManuelS_SArtes_7d15f1,,,,,
2026-09-12T03:31:09-05:00,PUR_IED_ManuelZapata_303_3ca6,PUR_IED_ManuelZapata_303_3ca6,,,,,
2026-09-12T03:31:09-05:00,PUR_IED_ManuelZapata_311_bfbabc,PUR_IED_ManuelZapata_311_bfbabc,,,,,
2026-09-12T03:31:09-05:00,PUR_IED_ManuelZapata_Ext_50824a,PUR_IED_ManuelZapata_Ext_50824a,,,,,
2026-09-12T03:31:09-05:00,PUR_IED_ManuelitaS_Exteri_656a92,PUR_IED_ManuelitaS_Exteri_656a92,,,,,
2026-09-12T03:31:09-05:00,PUR_IED_ManuelitaS_JuzgDe_f58ec3,PUR_IED_ManuelitaS_JuzgDe_f58ec3,,,,,
2026-09-12T03:31:09-05:00,PUR_IED_ManuelitaS_Recrea_d793db,PUR_IED_ManuelitaS_Recrea_d793db,,,,,
2026-09-12T03:31:09-05:00,PUR_IED_MarFidSuarez_Ext_c27b19,PUR_IED_MarFidSuarez_Ext_c27b19,,,,,
2026-09-12T03:31:09-05:00,PUR_IED_MarFidSuarez_Info_e384d7,PUR_IED_MarFidSuarez_Info_e384d7,,,,,
2026-09-12T03:31:09-05:00,PUR_IED_MarFidSuarez_S306_1d0032,PUR_IED_MarFidSuarez_S306_1d0032,,,,,
2026-09-12T03:31:09-05:00,PUR_IED_Menorah_301_2a25a3,PUR_IED_Menorah_301_2a25a3,,,,,
2026-09-12T03:31:09-05:00,PUR_IED_Menorah_306_37ed3,PUR_IED_Menorah_306_37ed3,,,,,
2026-09-12T03:31:09-05:00,PUR_IED_Menorah_Ext_3e155b,PUR_IED_Menorah_Ext_3e155b,,,,,
2026-09-12T03:31:09-05:00,PUR_IED_MinutoB.Aires_A11_1b1604,PUR_IED_MinutoB.Aires_A11_1b1604,,,,,
2026-09-12T03:31:09-05:00,PUR_IED_MinutoB.Aires_A12_fb5860,PUR_IED_MinutoB.Aires_A12_fb5860,,,,,
2026-09-12T03:31:09-05:00,PUR_IED_MinutoB.Aires_Ext_81293f,PUR_IED_MinutoB.Aires_Ext_81293f,,,,,
2026-09-12T03:31:09-05:00,PUR_IED_MinutoBAires_A11_1b1604,PUR_IED_MinutoBAires_A11_1b1604,,,,,
2026-09-12T03:31:09-05:00,PUR_IED_MinutoBAires_A12_fb5860,PUR_IED_MinutoBAires_A12_fb5860,,,,,
2026-09-12T03:31:09-05:00,PUR_IED_MinutoBAires_Ext_81293f,PUR_IED_MinutoBAires_Ext_81293f,,,,,
2026-09-12T03:31:09-05:00,PUR_IED_Montreal_Aula10_1e4959,PUR_IED_Montreal_Aula10_1e4959,,,,,
2026-09-12T03:31:09-05:00,PUR_IED_Montreal_Aula6_300367,PUR_IED_Montreal_Aula6_300367,,,,,
2026-09-12T03:31:09-05:00,PUR_IED_Montreal_Exterior_91a179,PUR_IED_Montreal_Exterior_91a179,,,,,
2026-09-12T03:31:09-05:00,PUR_IED_Mqgdalena_B202_5ddda3,PUR_IED_Mqgdalena_B202_5ddda3,,,,,
2026-09-12T03:31:09-05:00,PUR_IED_NACUND_Soc_dc8728,PUR_IED_NACUND_Soc_dc8728,,,,,
2026-09-12T03:31:09-05:00,PUR_IED_NACUND_ext_27ad97,PUR_IED_NACUND_ext_27ad97,,,,,
2026-09-12T03:31:09-05:00,PUR_IED_NEsperanza_Ext_d24b61,PUR_IED_NEsperanza_Ext_d24b61,,,,,
2026-09-12T03:31:09-05:00,PUR_IED_NEsperanza_SElect_7d1807,PUR_IED_NEsperanza_SElect_7d1807,,,,,
2026-09-12T03:31:09-05:00,PUR_IED_NEsperanza_SLabor_8b2d0a,PUR_IED_NEsperanza_SLabor_8b2d0a,,,,,
2026-09-12T03:31:09-05:00,PUR_IED_NacionesU_Ext_f661a9,PUR_IED_NacionesU_Ext_f661a9,,,,,
2026-09-12T03:31:09-05:00,PUR_IED_NacionesU_Quimica_66f0a,PUR_IED_NacionesU_Quimica_66f0a,,,,,
2026-09-12T03:31:09-05:00,PUR_IED_NacionesU_S306_1b4b3d,PUR_IED_NacionesU_S306_1b4b3d,,,,,
2026-09-12T03:31:09-05:00,PUR_IED_NestorFA_Ext_e4201c,PUR_IED_NestorFA_Ext_e4201c,,,,,
2026-09-12T03:31:09-05:00,PUR_IED_NestorFA_Laborato_f22fe0,PUR_IED_NestorFA_Laborato_f22fe0,,,,,
2026-09-12T03:31:09-05:00,PUR_IED_NestorFA_S204_dee996,PUR_IED_NestorFA_S204_dee996,,,,,
2026-09-12T03:31:09-05:00,PUR_IED_NidyaQT_Aula03_76999b,PUR_IED_NidyaQT_Aula03_76999b,,,,,
2026-09-12T03:31:09-05:00,PUR_IED_NidyaQT_Aula10_56325,PUR_IED_NidyaQT_Aula10_56325,,,,,
2026-09-12T03:31:09-05:00,PUR_IED_NidyaQT_Ext_46e32d,PUR_IED_NidyaQT_Ext_46e32d,,,,,
2026-09-12T03:31:09-05:00,PUR_IED_NuevaCol_Exterior_d9b859,PUR_IED_NuevaCol_Exterior_d9b859,,,,,
2026-09-12T03:31:09-05:00,PUR_IED_NuevaCol_S1101_76c43b,PUR_IED_NuevaCol_S1101_76c43b,,,,,
2026-09-12T03:31:09-05:00,PUR_IED_NuevaCol_S1102_1ce0b5,PUR_IED_NuevaCol_S1102_1ce0b5,,,,,
2026-09-12T03:31:09-05:00,PUR_IED_OEA_A202_f7e3f2,PUR_IED_OEA_A202_f7e3f2,,,,,
2026-09-12T03:31:09-05:00,PUR_IED_OEA_A203_7d1b8d,PUR_IED_OEA_A203_7d1b8d,,,,,
2026-09-12T03:31:09-05:00,PUR_IED_OEA_Ext_27b593,PUR_IED_OEA_Ext_27b593,,,,,
2026-09-12T03:31:09-05:00,PUR_IED_Ochoa_Ext_1c29da,PUR_IED_Ochoa_Ext_1c29da,,,,,
2026-09-12T03:31:09-05:00,PUR_IED_Ochoa_S205_8b1121,PUR_IED_Ochoa_S205_8b1121,,,,,
2026-09-12T03:31:09-05:00,PUR_IED_Ochoa_Sistemas_f33af6,PUR_IED_Ochoa_Sistemas_f33af6,,,,,
2026-09-12T03:31:09-05:00,PUR_IED_PQuebec_Ext_1c67c7,PUR_IED_PQuebec_Ext_1c67c7,,,,,
2026-09-12T03:31:09-05:00,PUR_IED_PQuebec_S15_23e8e2,PUR_IED_PQuebec_S15_23e8e2,,,,,
2026-09-12T03:31:09-05:00,PUR_IED_PQuebec_S16_8ec76b,PUR_IED_PQuebec_S16_8ec76b,,,,,
2026-09-12T03:31:09-05:00,PUR_IED_PabloN_Ext_49dc96,PUR_IED_PabloN_Ext_49dc96,,,,,
2026-09-12T03:31:09-05:00,PUR_IED_PabloN_S1102_4e3df5,PUR_IED_PabloN_S1102_4e3df5,,,,,
2026-09-12T03:31:09-05:00,PUR_IED_PabloN_S1103_50c94b,PUR_IED_PabloN_S1103_50c94b,,,,,
2026-09-12T03:31:09-05:00,PUR_IED_Palestina_S1101_db9198,PUR_IED_Palestina_S1101_db9198,,,,,
2026-09-12T03:31:09-05:00,PUR_IED_Palestina_S1102_dc54fa,PUR_IED_Palestina_S1102_dc54fa,,,,,
2026-09-12T03:31:09-05:00,PUR_IED_Palestina_ext_4ccce6,PUR_IED_Palestina_ext_4ccce6,,,,,
2026-09-12T03:31:09-05:00,PUR_IED_Panama_Fisica_4d0794,PUR_IED_Panama_Fisica_4d0794,,,,,
2026-09-12T03:31:09-05:00,PUR_IED_Panama_SIngles_a4077e,PUR_IED_Panama_SIngles_a4077e,,,,,
2026-09-12T03:31:09-05:00,PUR_IED_Panama_ext_4c54b4,PUR_IED_Panama_ext_4c54b4,,,,,
2026-09-12T03:31:09-05:00,PUR_IED_ParaisoM_Exterior_8cd7f0,PUR_IED_ParaisoM_Exterior_8cd7f0,,,,,
2026-09-12T03:31:09-05:00,PUR_IED_ParaisoM_Laborato_27af35,PUR_IED_ParaisoM_Laborato_27af35,,,,,
2026-09-12T03:31:09-05:00,PUR_IED_ParaisoM_S304_d1edca,PUR_IED_ParaisoM_S304_d1edca,,,,,
2026-09-12T03:31:09-05:00,PUR_IED_PorfirioBarba_Ext_301466,PUR_IED_PorfirioBarba_Ext_301466,,,,,
2026-09-12T03:31:09-05:00,PUR_IED_PorfirioBarba_S11_df6cd2,PUR_IED_PorfirioBarba_S11_df6cd2,,,,,
2026-09-12T03:31:09-05:00,PUR_IED_PorfirioBarba_S29_27a7d6,PUR_IED_PorfirioBarba_S29_27a7d6,,,,,
2026-09-12T03:31:09-05:00,PUR_IED_PradoV_Exter_8b27ad,PUR_IED_PradoV_Exter_8b27ad,,,,,
2026-09-12T03:31:09-05:00,PUR_IED_PradoV_S301_de65b5,PUR_IED_PradoV_S301_de65b5,,,,,
2026-09-12T03:31:09-05:00,PUR_IED_PradoV_S302_7d2593,PUR_IED_PradoV_S302_7d2593,,,,,
2026-09-12T03:31:09-05:00,PUR_IED_QuirogaAlz_Ext_1ddc82,PUR_IED_QuirogaAlz_Ext_1ddc82,,,,,
2026-09-12T03:31:09-05:00,PUR_IED_QuirogaAlz_S302_9926a3,PUR_IED_QuirogaAlz_S302_9926a3,,,,,
2026-09-12T03:31:09-05:00,PUR_IED_QuirogaAlz_S305_cdf1f1,PUR_IED_QuirogaAlz_S305_cdf1f1,,,,,
2026-09-12T03:31:09-05:00,PUR_IED_RGuatemala_Biling_dc53b7,PUR_IED_RGuatemala_Biling_dc53b7,,,,,
2026-09-12T03:31:09-05:00,PUR_IED_RGuatemala_Ext_1b89a3,PUR_IED_RGuatemala_Ext_1b89a3,,,,,
2026-09-12T03:31:09-05:00,PUR_IED_RGuatemala_Tecnol_281a34,PUR_IED_RGuatemala_Tecnol_281a34,,,,,
2026-09-12T03:31:09-05:00,PUR_IED_RafaNu_Ext_f7c302,PUR_IED_RafaNu_Ext_f7c302,,,,,
2026-09-12T03:31:09-05:00,PUR_IED_RafaNu_S1101_25fde,PUR_IED_RafaNu_S1101_25fde,,,,,
2026-09-12T03:31:09-05:00,PUR_IED_RafaNu_S1102_281517,PUR_IED_RafaNu_S1102_281517,,,,,
2026-09-12T03:31:09-05:00,PUR_IED_RafaelB_S305_ee2783,PUR_IED_RafaelB_S305_ee2783,,,,,
2026-09-12T03:31:09-05:00,PUR_IED_RafaelB_S306_75fe33,PUR_IED_RafaelB_S306_75fe33,,,,,
2026-09-12T03:31:09-05:00,PUR_IED_RafaelB_ext_283336,PUR_IED_RafaelB_ext_283336,3,18,59,4.6722,-74.0737
2026-09-12T03:31:09-05:00,PUR_IED_RafaelUU_Exterior_281a51,PUR_IED_RafaelUU_Exterior_281a51,,,,,
2026-09-12T03:31:09-05:00,PUR_IED_RafaelUU_Human_806b2,PUR_IED_RafaelUU_Human_806b2,,,,,
2026-09-12T03:31:09-05:00,PUR_IED_RafaelUU_Mate2_5680d4,PUR_IED_RafaelUU_Mate2_5680d4,,,,,
2026-09-12T03:31:09-05:00,PUR_IED_RamonSub_Ext_f9eeb9,PUR_IED_RamonSub_Ext_f9eeb9,,,,,
2026-09-12T03:31:09-05:00,PUR_IED_RamonSub_Media_d1f62f,PUR_IED_RamonSub_Media_d1f62f,,,,,
2026-09-12T03:31:09-05:00,PUR_IED_RamonSub_planta_51b82,PUR_IED_RamonSub_planta_51b82,,,,,
2026-09-12T03:31:09-05:00,PUR_IED_RepBoliVene_Exter_27af7c,PUR_IED_RepBoliVene_Exter_27af7c,,,,,
2026-09-12T03:31:09-05:00,PUR_IED_RepBoliVene_SCPT_5ae2ee,PUR_IED_RepBoliVene_SCPT_5ae2ee,,,,,
2026-09-12T03:31:09-05:00,PUR_IED_RepBoliVene_Socia_4b11d5,PUR_IED_RepBoliVene_Socia_4b11d5,,,,,
2026-09-12T03:31:09-05:00,PUR_IED_RepChina_Ext_76d9ee,PUR_IED_RepChina_Ext_76d9ee,,,,,
2026-09-12T03:31:09-05:00,PUR_IED_RepChina_S404_7c804c,PUR_IED_RepChina_S404_7c804c,,,,,
2026-09-12T03:31:09-05:00,PUR_IED_RepChina_S405_df2c33,PUR_IED_RepChina_S405_df2c33,,,,,
2026-09-12T03:31:09-05:00,PUR_IED_RepublicaC_Exteri_7d1ec9,PUR_IED_RepublicaC_Exteri_7d1ec9,,,,,
2026-09-12T03:31:09-05:00,PUR_IED_RepublicaC_S1101_f544b3,PUR_IED_RepublicaC_S1101_f544b3,,,,,
2026-09-12T03:31:09-05:00,PUR_IED_RepublicaC_S1102_7aafc7,PUR_IED_RepublicaC_S1102_7aafc7,,,,,
2026-09-12T03:31:09-05:00,PUR_IED_Ricaurte_Externo_a0ea1,PUR_IED_Ricaurte_Externo_a0ea1,,,,,
2026-09-12T03:31:09-05:00,PUR_IED_Ricaurte_S210_f546fd,PUR_IED_Ricaurte_S210_f546fd,,,,,
2026-09-12T03:31:09-05:00,PUR_IED_Ricaurte_S309_d4452,PUR_IED_Ricaurte_S309_d4452,,,,,
2026-09-12T03:31:09-05:00,PUR_IED_RogelioS_1102_531e69,PUR_IED_RogelioS_1102_531e69,,,,,
2026-09-12T03:31:09-05:00,PUR_IED_RogelioS_Ext_f25a18,PUR_IED_RogelioS_Ext_f25a18,,,,,
2026-09-12T03:31:09-05:00,PUR_IED_SBernardino_Ext_27aff8,PUR_IED_SBernardino_Ext_27aff8,,,,,
2026-09-12T03:31:09-05:00,PUR_IED_SBernardino_SArte_2ffd33,PUR_IED_SBernardino_SArte_2ffd33,,,,,
2026-09-12T03:31:09-05:00,PUR_IED_SBernardino_SIngl_7c7da5,PUR_IED_SBernardino_SIngl_7c7da5,,,,,
2026-09-12T03:31:09-05:00,PUR_IED_Sago_auditorio_dc9d1d,PUR_IED_Sago_auditorio_dc9d1d,,,,,
2026-09-12T03:31:09-05:00,PUR_IED_Saludcoop_Ext_95aac3,PUR_IED_Saludcoop_Ext_95aac3,,,,,
2026-09-12T03:31:09-05:00,PUR_IED_Saludcoop_InfI_90c854,PUR_IED_Saludcoop_InfI_90c854,,,,,
2026-09-12T03:31:09-05:00,PUR_IED_Saludcoop_SMedia_1b93be,PUR_IED_Saludcoop_SMedia_1b93be,,,,,
2026-09-12T03:31:09-05:00,PUR_IED_SanCarlos_1101_1a2360,PUR_IED_SanCarlos_1101_1a2360,,,,,
2026-09-12T03:31:09-05:00,PUR_IED_SanCarlos_1103_7bafb5,PUR_IED_SanCarlos_1103_7bafb5,,,,,
2026-09-12T03:31:09-05:00,PUR_IED_SanCarlos_Ext_b7cd1,PUR_IED_SanCarlos_Ext_b7cd1,,,,,
2026-09-12T03:31:09-05:00,PUR_IED_SanIgnacioBosa11a_50c26e,PUR_IED_SanIgnacioBosa11a_50c26e,,,,,
2026-09-12T03:31:09-05:00,PUR_IED_SanIgnacioBosa11b_371de8,PUR_IED_SanIgnacioBosa11b_371de8,,,,,
2026-09-12T03:31:09-05:00,PUR_IED_SanIgnacioBosaExt_ef0ffc,PUR_IED_SanIgnacioBosaExt_ef0ffc,,,,,
2026-09-12T03:31:09-05:00,PUR_IED_SanIgnacioBosa_11a_50c26e,PUR_IED_SanIgnacioBosa_11a_50c26e,,,,,
2026-09-12T03:31:09-05:00,PUR_IED_SanIgnacioBosa_Ext_ef0ffc,PUR_IED_SanIgnacioBosa_Ext_ef0ffc,,,,,
2026-09-12T03:31:09-05:00,PUR_IED_SanJoseN_intS1101_31c47f,PUR_IED_SanJoseN_intS1101_31c47f,,,,,
2026-09-12T03:31:09-05:00,PUR_IED_SanJoseUsm_Exter_f5d7e8,PUR_IED_SanJoseUsm_Exter_f5d7e8,,,,,
2026-09-12T03:31:09-05:00,PUR_IED_SanJoseUsm_Int11A_cfdef6,PUR_IED_SanJoseUsm_Int11A_cfdef6,,,,,
2026-09-12T03:31:09-05:00,PUR_IED_SilveriaR_IntB5_905349,PUR_IED_SilveriaR_IntB5_905349,,,,,
2026-09-12T03:31:09-05:00,PUR_IED_SilveriaR_IntSD14_981f93,PUR_IED_SilveriaR_IntSD14_981f93,,,,,
2026-09-12T03:31:09-05:00,PUR_IED_SilveriaR_ext_2b651d,PUR_IED_SilveriaR_ext_2b651d,,,,,
2026-09-12T03:31:09-05:00,PUR_IED_SimonB_Exterior_913975,PUR_IED_SimonB_Exterior_913975,,,,,
2026-09-12T03:31:09-05:00,PUR_IED_SimonB_LabQuimi_c56908,PUR_IED_SimonB_LabQuimi_c56908,,,,,
2026-09-12T03:31:09-05:00,PUR_IED_SimonB_informatic_a28c1,PUR_IED_SimonB_informatic_a28c1,,,,,
2026-09-12T03:31:09-05:00,PUR_IED_Sorrento_1102_315f50,PUR_IED_Sorrento_1102_315f50,,,,,
2026-09-12T03:31:09-05:00,PUR_IED_Sorrento_Minte_214eab,PUR_IED_Sorrento_Minte_214eab,,,,,
2026-09-12T03:31:09-05:00,PUR_IED_Sorrento_ext_7c3a0a,PUR_IED_Sorrento_ext_7c3a0a,,,,,
2026-09-12T03:31:09-05:00,PUR_IED_Tabora_Ext_f048ae,PUR_IED_Tabora_Ext_f048ae,,,,,
2026-09-12T03:31:09-05:00,PUR_IED_Tabora_S1102_b07752,PUR_IED_Tabora_S1102_b07752,,,,,
2026-09-12T03:31:09-05:00,PUR_IED_Tabora_S1103_d988f5,PUR_IED_Tabora_S1103_d988f5,,,,,
2026-09-12T03:31:09-05:00,PUR_IED_Tenerife_Ext_1ab188,PUR_IED_Tenerife_Ext_1ab188,,,,,
2026-09-12T03:31:09-05:00,PUR_IED_Tenerife_SDanzas_7bc02e,PUR_IED_Tenerife_SDanzas_7bc02e,,,,,
2026-09-12T03:31:09-05:00,PUR_IED_Tenerife_SIngles_7cc277,PUR_IED_Tenerife_SIngles_7cc277,,,,,
2026-09-12T03:31:09-05:00,PUR_IED_Tibabuyes_Exter_f2683d,PUR_IED_Tibabuyes_Exter_f2683d,,,,,
2026-09-12T03:31:09-05:00,PUR_IED_Tibabuyes_S10_dc87a8,PUR_IED_Tibabuyes_S10_dc87a8,,,,,
2026-09-12T03:31:09-05:00,PUR_IED_Tibabuyes_S15_dc0526,PUR_IED_Tibabuyes_S15_dc0526,,,,,
2026-09-12T03:31:09-05:00,PUR_IED_UnionE_S301_a1043,PUR_IED_UnionE_S301_a1043,,,,,
2026-09-12T03:31:09-05:00,PUR_IED_UnionE_S307_ff6c2f,PUR_IED_UnionE_S307_ff6c2f,,,,,
2026-09-12T03:31:09-05:00,PUR_IED_UnionE__Ext_5e2468,PUR_IED_UnionE__Ext_5e2468,,,,,
2026-09-12T03:31:09-05:00,PUR_IED_VillaRica_Ext_75be7c,PUR_IED_VillaRica_Ext_75be7c,,,,,
2026-09-12T03:31:09-05:00,PUR_IED_VillaRica_S4_cc5dcd,PUR_IED_VillaRica_S4_cc5dcd,,,,,
2026-09-12T03:31:09-05:00,PUR_IED_VillaRica_Sesp_99f5c,PUR_IED_VillaRica_Sesp_99f5c,,,,,
2026-09-12T03:36:03-05:00,PUR_IED_20deJulio_1101_91b1b9,PUR_IED_20deJulio_1101_91b1b9,,,,,
2026-09-12T03:36:03-05:00,PUR_IED_20deJulio_1102_1cfcf9,PUR_IED_20deJulio_1102_1cfcf9,,,,,
2026-09-12T03:36:03-05:00,PUR_IED_20deJulio_Ext_ab60bd,PUR_IED_20deJulio_Ext_ab60bd,,,,,
2026-09-12T03:36:03-05:00,PUR_IED_AgustinFer_Ext_7b9b77,PUR_IED_AgustinFer_Ext_7b9b77,,,,,
2026-09-12T03:36:03-05:00,PUR_IED_AgustinFer_Info2_27b3a7,PUR_IED_AgustinFer_Info2_27b3a7,,,,,
2026-09-12T03:36:03-05:00,PUR_IED_AgustinFer_Sena_54b4eb,PUR_IED_AgustinFer_Sena_54b4eb,,,,,
2026-09-12T03:36:03-05:00,PUR_IED_AlexanderF_1102_caf07b,PUR_IED_AlexanderF_1102_caf07b,,,,,
2026-09-12T03:36:03-05:00,PUR_IED_AlexanderF_1103_c79e71,PUR_IED_AlexanderF_1103_c79e71,,,,,
2026-09-12T03:36:03-05:00,PUR_IED_AlexanderF_Ext_c5b18b,PUR_IED_AlexanderF_Ext_c5b18b,,,,,
2026-09-12T03:36:03-05:00,PUR_IED_AlfonsoLopez_Ext_281d77,PUR_IED_AlfonsoLopez_Ext_281d77,,,,,
2026-09-12T03:36:03-05:00,PUR_IED_AlfonsoLopez_LabF_888ce0,PUR_IED_AlfonsoLopez_LabF_888ce0,,,,,
2026-09-12T03:36:03-05:00,PUR_IED_AlfonsoLopez_SMed_df6a7f,PUR_IED_AlfonsoLopez_SMed_df6a7f,,,,,
2026-09-12T03:36:03-05:00,PUR_IED_AltamiraSO_A2_209f92,PUR_IED_AltamiraSO_A2_209f92,,,,,
2026-09-12T03:36:03-05:00,PUR_IED_AltamiraSO_Ext_186d66,PUR_IED_AltamiraSO_Ext_186d66,,,,,
2026-09-12T03:36:03-05:00,PUR_IED_AltamiraSO_Sistem_27afe1,PUR_IED_AltamiraSO_Sistem_27afe1,,,,,
2026-09-12T03:36:03-05:00,PUR_IED_AlvaroGom_LabQuim_813179,PUR_IED_AlvaroGom_LabQuim_813179,,,,,
2026-09-12T03:36:03-05:00,PUR_IED_AlvaroGomez_Ext_47c7ca,PUR_IED_AlvaroGomez_Ext_47c7ca,,,,,
2026-09-12T03:36:03-05:00,PUR_IED_AlvaroGomez_LabQuim_813179,PUR_IED_AlvaroGomez_LabQuim_813179,,,,,
2026-09-12T03:36:03-05:00,PUR_IED_AlvaroGomez_S23_7ba89f,PUR_IED_AlvaroGomez_S23_7ba89f,,,,,
2026-09-12T03:36:03-05:00,PUR_IED_Amistad_306_dc8728,PUR_IED_Amistad_306_dc8728,,,,,
2026-09-12T03:36:03-05:00,PUR_IED_Amistad_Ext_8cd55e,PUR_IED_Amistad_Ext_8cd55e,,,,,
2026-09-12T03:36:03-05:00,PUR_IED_Amistad_S202_a41169,PUR_IED_Amistad_S202_a41169,,,,,
2026-09-12T03:36:03-05:00,PUR_IED_AndresBello_Bio_fd5f5e,PUR_IED_AndresBello_Bio_fd5f5e,,,,,
2026-09-12T03:36:03-05:00,PUR_IED_AndresBello_ext_dcad65,PUR_IED_AndresBello_ext_dcad65,,,,,
2026-09-12T03:36:03-05:00,PUR_IED_AndresBello_port_eed3ec,PUR_IED_AndresBello_port_eed3ec,,,,,
2026-09-12T03:36:03-05:00,PUR_IED_AngelaR_11b_d90a6b,PUR_IED_AngelaR_11b_d90a6b,,,,,
2026-09-12T03:36:03-05:00,PUR_IED_AngelaR_ext_7cad3e,PUR_IED_AngelaR_ext_7cad3e,10,19,62,4.5825,-74.164497
2026-09-12T03:36:03-05:00,PUR_IED_AntJoseSucre_10mo_df2575,PUR_IED_AntJoseSucre_10mo_df2575,,,,,
2026-09-12T03:36:03-05:00,PUR_IED_AntJoseSucre_Ext_215b36,PUR_IED_AntJoseSucre_Ext_215b36,,,,,
2026-09-12T03:36:03-05:00,PUR_IED_AntJoseSucre_Lab_3139de,PUR_IED_AntJoseSucre_Lab_3139de,,,,,
2026-09-12T03:36:03-05:00,PUR_IED_AntonioGarcia_301_d6b188,PUR_IED_AntonioGarcia_301_d6b188,,,,,
2026-09-12T03:36:03-05:00,PUR_IED_AntonioGarcia_302_88a82,PUR_IED_AntonioGarcia_302_88a82,,,,,
2026-09-12T03:36:03-05:00,PUR_IED_AntonioGarcia_Ext_20950c,PUR_IED_AntonioGarcia_Ext_20950c,,,,,
2026-09-12T03:36:03-05:00,PUR_IED_AntonioVan_Aula2_6dea02,PUR_IED_AntonioVan_Aula2_6dea02,,,,,
2026-09-12T03:36:03-05:00,PUR_IED_AntonioVan_Aula5_f1557e,PUR_IED_AntonioVan_Aula5_f1557e,,,,,
2026-09-12T03:36:03-05:00,PUR_IED_AntonioVan_Ext_406f2f,PUR_IED_AntonioVan_Ext_406f2f,,,,,
2026-09-12T03:36:03-05:00,PUR_IED_Atabanzha_Ext_cc5af9,PUR_IED_Atabanzha_Ext_cc5af9,,,,,
2026-09-12T03:36:03-05:00,PUR_IED_Atabanzha_SA101_56c37,PUR_IED_Atabanzha_SA101_56c37,,,,,
2026-09-12T03:36:03-05:00,PUR_IED_Atabanzha_SB302_27b374,PUR_IED_Atabanzha_SB302_27b374,,,,,
2026-09-12T03:36:03-05:00,PUR_IED_Atahualpa_Ext_fc1748,PUR_IED_Atahualpa_Ext_fc1748,,,,,
2026-09-12T03:36:03-05:00,PUR_IED_Atahualpa_Informa_dc9a95,PUR_IED_Atahualpa_Informa_dc9a95,,,,,
2026-09-12T03:36:03-05:00,PUR_IED_Atahualpa_S1101_f98056,PUR_IED_Atahualpa_S1101_f98056,,,,,
2026-09-12T03:36:03-05:00,PUR_IED_Bellavista_Ext_f5aa74,PUR_IED_Bellavista_Ext_f5aa74,,,,,
2026-09-12T03:36:03-05:00,PUR_IED_Bilbao_11A_916c41,PUR_IED_Bilbao_11A_916c41,,,,,
2026-09-12T03:36:03-05:00,PUR_IED_Bilbao_Ext_fb579a,PUR_IED_Bilbao_Ext_fb579a,,,,,
2026-09-12T03:36:03-05:00,PUR_IED_BrasiliaU_A125_304280,PUR_IED_BrasiliaU_A125_304280,,,,,
2026-09-12T03:36:03-05:00,PUR_IED_BrasiliaU_A203_7c8ca5,PUR_IED_BrasiliaU_A203_7c8ca5,,,,,
2026-09-12T03:36:03-05:00,PUR_IED_BrasiliaU_Ext_8d6e9f,PUR_IED_BrasiliaU_Ext_8d6e9f,3,17,64,4.5175,-74.116302
2026-09-12T03:36:03-05:00,PUR_IED_Brasilia_Ext_fe6593,PUR_IED_Brasilia_Ext_fe6593,,,,,
2026-09-12T03:36:03-05:00,PUR_IED_Brasilia_S24_7c130d,PUR_IED_Brasilia_S24_7c130d,,,,,
2026-09-12T03:36:03-05:00,PUR_IED_Brasilia_S501_186a54,PUR_IED_Brasilia_S501_186a54,,,,,
2026-09-12T03:36:03-05:00,PUR_IED_CHARRY_EXT_f1d5cd,PUR_IED_CHARRY_EXT_f1d5cd,,,,,
2026-09-12T03:36:03-05:00,PUR_IED_CHARRY_INTDANZAS_7a08e6,PUR_IED_CHARRY_INTDANZAS_7a08e6,,,,,
2026-09-12T03:36:03-05:00,PUR_IED_CHARRY_INT_AULA20_dc998d,PUR_IED_CHARRY_INT_AULA20_dc998d,,,,,
2026-09-12T03:36:03-05:00,PUR_IED_COLVIV_1101_S25_7f520a,PUR_IED_COLVIV_1101_S25_7f520a,,,,,
2026-09-12T03:36:03-05:00,PUR_IED_COLVIV_1102_S16_f570ba,PUR_IED_COLVIV_1102_S16_f570ba,,,,,
2026-09-12T03:36:03-05:00,PUR_IED_COLVIV_Ext_1a26fa,PUR_IED_COLVIV_Ext_1a26fa,,,,,
2026-09-12T03:36:03-05:00,PUR_IED_CULPOP_301A_f660f3,PUR_IED_CULPOP_301A_f660f3,,,,,
2026-09-12T03:36:03-05:00,PUR_IED_CULPOP_303_568afe,PUR_IED_CULPOP_303_568afe,,,,,
2026-09-12T03:36:03-05:00,PUR_IED_CULPOP_Ext_e02ccb,PUR_IED_CULPOP_Ext_e02ccb,,,,,
2026-09-12T03:36:03-05:00,PUR_IED_CVillavicen_Ext_26eb58,PUR_IED_CVillavicen_Ext_26eb58,5,14,81,4.487,-74.102798
2026-09-12T03:36:03-05:00,PUR_IED_CVillavicen_Intel_1ce5c2,PUR_IED_CVillavicen_Intel_1ce5c2,,,,,
2026-09-12T03:36:03-05:00,PUR_IED_CVillavicen_Poliv_e0766c,PUR_IED_CVillavicen_Poliv_e0766c,,,,,
2026-09-12T03:36:03-05:00,PUR_IED_CVillavicen_int_1ba140,PUR_IED_CVillavicen_int_1ba140,,,,,
2026-09-12T03:36:03-05:00,PUR_IED_CVillavicen_intel_1ba140,PUR_IED_CVillavicen_intel_1ba140,,,,,
2026-09-12T03:36:03-05:00,PUR_IED_CarlosPizarro_Ext_e307cc,PUR_IED_CarlosPizarro_Ext_e307cc,,,,,
2026-09-12T03:36:03-05:00,PUR_IED_CarlosPizarro_L36_7e5cdb,PUR_IED_CarlosPizarro_L36_7e5cdb,,,,,
2026-09-12T03:36:03-05:00,PUR_IED_CarlosPizarro_L37_c8566c,PUR_IED_CarlosPizarro_L37_c8566c,,,,,
2026-09-12T03:36:03-05:00,PUR_IED_Castilla_Ext_cf35f,PUR_IED_Castilla_Ext_cf35f,,,,,
2026-09-12T03:36:03-05:00,PUR_IED_Castilla_SFisik_360e38,PUR_IED_Castilla_SFisik_360e38,,,,,
2026-09-12T03:36:03-05:00,PUR_IED_Castilla_Sc304_496fbf,PUR_IED_Castilla_Sc304_496fbf,,,,,
2026-09-12T03:36:03-05:00,PUR_IED_CervantesSa_Ext_6b57b,PUR_IED_CervantesSa_Ext_6b57b,3,17,69,4.5128,-74.117203
2026-09-12T03:36:03-05:00,PUR_IED_CervantesSa_S107_225c2b,PUR_IED_CervantesSa_S107_225c2b,,,,,
2026-09-12T03:36:03-05:00,PUR_IED_CervantesSa_S108_940925,PUR_IED_CervantesSa_S108_940925,,,,,
2026-09-12T03:36:03-05:00,PUR_IED_Charry_A20_f53e7c,PUR_IED_Charry_A20_f53e7c,,,,,
2026-09-12T03:36:03-05:00,PUR_IED_Charry_Ext_f1d5cd,PUR_IED_Charry_Ext_f1d5cd,,,,,
2026-09-12T03:36:03-05:00,PUR_IED_Charry_IntAula20_dc998d,PUR_IED_Charry_IntAula20_dc998d,,,,,
2026-09-12T03:36:03-05:00,PUR_IED_Charry_IntDanzas_7a08e6,PUR_IED_Charry_IntDanzas_7a08e6,,,,,
2026-09-12T03:36:03-05:00,PUR_IED_ClememciaC_203_43e2fc,PUR_IED_ClememciaC_203_43e2fc,,,,,
2026-09-12T03:36:03-05:00,PUR_IED_ClememciaC_Ext_1b411a,PUR_IED_ClememciaC_Ext_1b411a,,,,,
2026-09-12T03:36:03-05:00,PUR_IED_ClememciaC_Quimic_44b5fc,PUR_IED_ClememciaC_Quimic_44b5fc,,,,,
2026-09-12T03:36:03-05:00,PUR_IED_ClemenciaC_203_43e2fc,PUR_IED_ClemenciaC_203_43e2fc,,,,,
2026-09-12T03:36:03-05:00,PUR_IED_ClemenciaC_Ext_1b411a,PUR_IED_ClemenciaC_Ext_1b411a,,,,,
2026-09-12T03:36:03-05:00,PUR_IED_ClemenciaC_Quimic_44b5fc,PUR_IED_ClemenciaC_Quimic_44b5fc,,,,,
2026-09-12T03:36:03-05:00,PUR_IED_ColViva_1101_S25_7f520a,PUR_IED_ColViva_1101_S25_7f520a,,,,,
2026-09-12T03:36:03-05:00,PUR_IED_ColViva_1102_S16_f570ba,PUR_IED_ColViva_1102_S16_f570ba,,,,,
2026-09-12T03:36:03-05:00,PUR_IED_ColViva_Ext_1a26fa,PUR_IED_ColViva_Ext_1a26fa,,,,,
2026-09-12T03:36:03-05:00,PUR_IED_ColegioBici_Asist_7c8798,PUR_IED_ColegioBici_Asist_7c8798,,,,,
2026-09-12T03:36:03-05:00,PUR_IED_ColegioBici_Ext_25cbf6,PUR_IED_ColegioBici_Ext_25cbf6,,,,,
2026-09-12T03:36:03-05:00,PUR_IED_ColegioBici_LabQ_7b57db,PUR_IED_ColegioBici_LabQ_7b57db,,,,,
2026-09-12T03:36:03-05:00,PUR_IED_CostaRica_Ext_5e640,PUR_IED_CostaRica_Ext_5e640,,,,,
2026-09-12T03:36:03-05:00,PUR_IED_CostaRica_Quim1_766d1c,PUR_IED_CostaRica_Quim1_766d1c,,,,,
2026-09-12T03:36:03-05:00,PUR_IED_CostaRica__Fisica_6f0873,PUR_IED_CostaRica__Fisica_6f0873,,,,,
2026-09-12T03:36:03-05:00,PUR_IED_CulPopu_301A_f660f3,PUR_IED_CulPopu_301A_f660f3,,,,,
2026-09-12T03:36:03-05:00,PUR_IED_CulPopu_303_568afe,PUR_IED_CulPopu_303_568afe,,,,,
2026-09-12T03:36:03-05:00,PUR_IED_CulPopu_Ext_e02ccb,PUR_IED_CulPopu_Ext_e02ccb,,,,,
2026-09-12T03:36:03-05:00,PUR_IED_Cundinamarca_Ext_f15985,PUR_IED_Cundinamarca_Ext_f15985,,,,,
2026-09-12T03:36:03-05:00,PUR_IED_Cundinamarca_Info_7aa5d7,PUR_IED_Cundinamarca_Info_7aa5d7,,,,,
2026-09-12T03:36:03-05:00,PUR_IED_Cundinamarca_Tec2_f449c7,PUR_IED_Cundinamarca_Tec2_f449c7,,,,,
2026-09-12T03:36:03-05:00,PUR_IED_DiegoM_Aula1_27b314,PUR_IED_DiegoM_Aula1_27b314,,,,,
2026-09-12T03:36:03-05:00,PUR_IED_DiegoM_Ext_d80ac8,PUR_IED_DiegoM_Ext_d80ac8,,,,,
2026-09-12T03:36:03-05:00,PUR_IED_DiegoM_S25_da928f,PUR_IED_DiegoM_S25_da928f,,,,,
2026-09-12T03:36:03-05:00,PUR_IED_ELRODEO_360881,PUR_IED_ELRODEO_360881,,,,,
2026-09-12T03:36:03-05:00,PUR_IED_ELRODEO_ext_360881,PUR_IED_ELRODEO_ext_360881,,,,,
2026-09-12T03:36:03-05:00,PUR_IED_EduardoU_Ext_1c1969,PUR_IED_EduardoU_Ext_1c1969,,,,,
2026-09-12T03:36:03-05:00,PUR_IED_EduardoU_SCiencia_4dfb94,PUR_IED_EduardoU_SCiencia_4dfb94,,,,,
2026-09-12T03:36:03-05:00,PUR_IED_EduardoU_SQuimica_5a46e7,PUR_IED_EduardoU_SQuimica_5a46e7,,,,,
2026-09-12T03:36:03-05:00,PUR_IED_ElRodeo_Aula14_676984,PUR_IED_ElRodeo_Aula14_676984,,,,,
2026-09-12T03:36:03-05:00,PUR_IED_ElRodeo_Aula16_2dd35b,PUR_IED_ElRodeo_Aula16_2dd35b,,,,,
2026-09-12T03:36:03-05:00,PUR_IED_ElRodeo_Ext_360881,PUR_IED_ElRodeo_Ext_360881,,,,,
2026-09-12T03:36:03-05:00,PUR_IED_ElRodeo_Exterior_8c6d28,PUR_IED_ElRodeo_Exterior_8c6d28,,,,,
2026-09-12T03:36:03-05:00,PUR_IED_ElRodeo_ext_360881,PUR_IED_ElRodeo_ext_360881,,,,,
2026-09-12T03:36:03-05:00,PUR_IED_EmmaReyes_Ext_987625,PUR_IED_EmmaReyes_Ext_987625,10,21,53,4.6367,-74.1511
2026-09-12T03:36:03-05:00,PUR_IED_Ensueño_Ext_7f0250,PUR_IED_Ensueño_Ext_7f0250,,,,,
2026-09-12T03:36:03-05:00,PUR_IED_EscNormal_Ext_5fef3b,PUR_IED_EscNormal_Ext_5fef3b,2,18,61,4.5852,-74.096901
2026-09-12T03:36:03-05:00,PUR_IED_EscNormal_S309_5b263,PUR_IED_EscNormal_S309_5b263,,,,,
2026-09-12T03:36:03-05:00,PUR_IED_EscNormal_S310_27b3b8,PUR_IED_EscNormal_S310_27b3b8,,,,,
2026-09-12T03:36:03-05:00,PUR_IED_Evangelista_Conta_f6cd4f,PUR_IED_Evangelista_Conta_f6cd4f,,,,,
2026-09-12T03:36:03-05:00,PUR_IED_Evangelista_Cri_5e16a,PUR_IED_Evangelista_Cri_5e16a,,,,,
2026-09-12T03:36:03-05:00,PUR_IED_Evangelista_Exter_754066,PUR_IED_Evangelista_Exter_754066,,,,,
2026-09-12T03:36:03-05:00,PUR_IED_FMiranda_S209_5cc2a3,PUR_IED_FMiranda_S209_5cc2a3,,,,,
2026-09-12T03:36:03-05:00,PUR_IED_FMiranda_S303_19e344,PUR_IED_FMiranda_S303_19e344,,,,,
2026-09-12T03:36:03-05:00,PUR_IED_FMiranda_ext_f53e7c,PUR_IED_FMiranda_ext_f53e7c,,,,,
2026-09-12T03:36:03-05:00,PUR_IED_FabioLozano_Bibli_1cee05,PUR_IED_FabioLozano_Bibli_1cee05,,,,,
2026-09-12T03:36:03-05:00,PUR_IED_FabioLozano_Ext_6ea285,PUR_IED_FabioLozano_Ext_6ea285,,,,,
2026-09-12T03:36:03-05:00,PUR_IED_FabioLozano_SLudi_f09e1e,PUR_IED_FabioLozano_SLudi_f09e1e,,,,,
2026-09-12T03:36:03-05:00,PUR_IED_FaustinoS_Aula07_27a731,PUR_IED_FaustinoS_Aula07_27a731,,,,,
2026-09-12T03:36:03-05:00,PUR_IED_FaustinoS_Ext_7b936f,PUR_IED_FaustinoS_Ext_7b936f,,,,,
2026-09-12T03:36:03-05:00,PUR_IED_FaustinoS_Fisica_da2c60,PUR_IED_FaustinoS_Fisica_da2c60,,,,,
2026-09-12T03:36:03-05:00,PUR_IED_FeGarciaLo_Ext_dc68ee,PUR_IED_FeGarciaLo_Ext_dc68ee,,,,,
2026-09-12T03:36:03-05:00,PUR_IED_FeGarciaLo_SDanza_f70a59,PUR_IED_FeGarciaLo_SDanza_f70a59,,,,,
2026-09-12T03:36:03-05:00,PUR_IED_FeGarciaLo_SMusic_125cdd,PUR_IED_FeGarciaLo_SMusic_125cdd,,,,,
2026-09-12T03:36:03-05:00,PUR_IED_FederalAlema_Exte_50c345,PUR_IED_FederalAlema_Exte_50c345,,,,,
2026-09-12T03:36:03-05:00,PUR_IED_FederalAlema_S31_f18371,PUR_IED_FederalAlema_S31_f18371,,,,,
2026-09-12T03:36:03-05:00,PUR_IED_FederalAlema_S901_a62cd,PUR_IED_FederalAlema_S901_a62cd,,,,,
2026-09-12T03:36:03-05:00,PUR_IED_FilarmonicaS_A5_f35eb1,PUR_IED_FilarmonicaS_A5_f35eb1,,,,,
2026-09-12T03:36:03-05:00,PUR_IED_FilarmonicaS_Ext_8a3bde,PUR_IED_FilarmonicaS_Ext_8a3bde,,,,,
2026-09-12T03:36:03-05:00,PUR_IED_FilarmonicaS_Spol_406114,PUR_IED_FilarmonicaS_Spol_406114,,,,,
2026-09-12T03:36:03-05:00,PUR_IED_FlorentinoG_A13_d1fa59,PUR_IED_FlorentinoG_A13_d1fa59,,,,,
2026-09-12T03:36:03-05:00,PUR_IED_FlorentinoG_Ext_1ce6ce,PUR_IED_FlorentinoG_Ext_1ce6ce,,,,,
2026-09-12T03:36:03-05:00,PUR_IED_FlorentinoG_Idiom_a66aac,PUR_IED_FlorentinoG_Idiom_a66aac,,,,,
2026-09-12T03:36:03-05:00,PUR_IED_FranciscoMati_Ext_e3869d,PUR_IED_FranciscoMati_Ext_e3869d,,,,,
2026-09-12T03:36:03-05:00,PUR_IED_FranciscoMati_S13_f31c67,PUR_IED_FranciscoMati_S13_f31c67,,,,,
2026-09-12T03:36:03-05:00,PUR_IED_FranciscoMati_S14_97dead,PUR_IED_FranciscoMati_S14_97dead,,,,,
2026-09-12T03:36:03-05:00,PUR_IED_FranciscoPS_Ext_7bfa9a,PUR_IED_FranciscoPS_Ext_7bfa9a,3,19,59,4.5899,-74.110397
2026-09-12T03:36:03-05:00,PUR_IED_FranciscoPS_Infor_fb8f4c,PUR_IED_FranciscoPS_Infor_fb8f4c,,,,,
2026-09-12T03:36:03-05:00,PUR_IED_FranciscoPS_Quimi_94d39c,PUR_IED_FranciscoPS_Quimi_94d39c,,,,,
2026-09-12T03:36:03-05:00,PUR_IED_FranciscoP_LabQ_d7e148,PUR_IED_FranciscoP_LabQ_d7e148,,,,,
2026-09-12T03:36:03-05:00,PUR_IED_FranciscoP_S28_cf9b30,PUR_IED_FranciscoP_S28_cf9b30,,,,,
2026-09-12T03:36:03-05:00,PUR_IED_FranciscoP_ext_e2313,PUR_IED_FranciscoP_ext_e2313,,,,,
2026-09-12T03:36:03-05:00,PUR_IED_FriederichN_Ext_8ac92a,PUR_IED_FriederichN_Ext_8ac92a,,,,,
2026-09-12T03:36:03-05:00,PUR_IED_FriederichN_S301_dd7e5a,PUR_IED_FriederichN_S301_dd7e5a,,,,,
2026-09-12T03:36:03-05:00,PUR_IED_FriederichN_S308_761f4f,PUR_IED_FriederichN_S308_761f4f,,,,,
2026-09-12T03:36:03-05:00,PUR_IED_GSantander_Aula10_533dd7,PUR_IED_GSantander_Aula10_533dd7,,,,,
2026-09-12T03:36:03-05:00,PUR_IED_GSantander_Aula12_fd4e4f,PUR_IED_GSantander_Aula12_fd4e4f,,,,,
2026-09-12T03:36:03-05:00,PUR_IED_GSantander_Aula310_533dd7,PUR_IED_GSantander_Aula310_533dd7,,,,,
2026-09-12T03:36:03-05:00,PUR_IED_GSantander_Aula312_fd4e4f,PUR_IED_GSantander_Aula312_fd4e4f,,,,,
2026-09-12T03:36:03-05:00,PUR_IED_GSantander_Ext_5f66b0,PUR_IED_GSantander_Ext_5f66b0,,,,,
2026-09-12T03:36:03-05:00,PUR_IED_GYomasa_Ext_f6bea5,PUR_IED_GYomasa_Ext_f6bea5,,,,,
2026-09-12T03:36:03-05:00,PUR_IED_GYomasa_LBiol_2c41aa,PUR_IED_GYomasa_LBiol_2c41aa,,,,,
2026-09-12T03:36:03-05:00,PUR_IED_GYomasa_LQuim_33c80,PUR_IED_GYomasa_LQuim_33c80,,,,,
2026-09-12T03:36:03-05:00,PUR_IED_GabBetMejia_Cienc_5a99c,PUR_IED_GabBetMejia_Cienc_5a99c,,,,,
2026-09-12T03:36:03-05:00,PUR_IED_GabBetMejia_Ext_9153d0,PUR_IED_GabBetMejia_Ext_9153d0,,,,,
2026-09-12T03:36:03-05:00,PUR_IED_GabBetMejia_Lab_f55347,PUR_IED_GabBetMejia_Lab_f55347,,,,,
2026-09-12T03:36:03-05:00,PUR_IED_GabBetanMejia_Ext_9153d0,PUR_IED_GabBetanMejia_Ext_9153d0,,,,,
2026-09-12T03:36:03-05:00,PUR_IED_Gaitana_Aula13_7aac11,PUR_IED_Gaitana_Aula13_7aac11,,,,,
2026-09-12T03:36:03-05:00,PUR_IED_Gaitana_Ext_5fcf4,PUR_IED_Gaitana_Ext_5fcf4,,,,,
2026-09-12T03:36:03-05:00,PUR_IED_Gaitana_LabFisica_644448,PUR_IED_Gaitana_LabFisica_644448,,,,,
2026-09-12T03:36:03-05:00,PUR_IED_GenSantander_Dise_8ac858,PUR_IED_GenSantander_Dise_8ac858,,,,,
2026-09-12T03:36:03-05:00,PUR_IED_GenSantander_Ext_8d5dfe,PUR_IED_GenSantander_Ext_8d5dfe,,,,,
2026-09-12T03:36:03-05:00,PUR_IED_GenSantander_Info_6c25b,PUR_IED_GenSantander_Info_6c25b,,,,,
2026-09-12T03:36:03-05:00,PUR_IED_GustavoMo_Exterio_75e63d,PUR_IED_GustavoMo_Exterio_75e63d,,,,,
2026-09-12T03:36:03-05:00,PUR_IED_GustavoMo_LabFisi_224d37,PUR_IED_GustavoMo_LabFisi_224d37,,,,,
2026-09-12T03:36:03-05:00,PUR_IED_GustavoMo_S208_3e6918,PUR_IED_GustavoMo_S208_3e6918,,,,,
2026-09-12T03:36:03-05:00,PUR_IED_GustavoR_A02_8cd4a8,PUR_IED_GustavoR_A02_8cd4a8,,,,,
2026-09-12T03:36:03-05:00,PUR_IED_GustavoR_B11_5b0ed,PUR_IED_GustavoR_B11_5b0ed,,,,,
2026-09-12T03:36:03-05:00,PUR_IED_GustavoR_Ext_7a0c90,PUR_IED_GustavoR_Ext_7a0c90,,,,,
2026-09-12T03:36:03-05:00,PUR_IED_HernandoDuran_Ext_8cd82b,PUR_IED_HernandoDuran_Ext_8cd82b,,,,,
2026-09-12T03:36:03-05:00,PUR_IED_HernandoDuran_S24_2772c6,PUR_IED_HernandoDuran_S24_2772c6,,,,,
2026-09-12T03:36:03-05:00,PUR_IED_HernandoDuran_S30_f2de41,PUR_IED_HernandoDuran_S30_f2de41,,,,,
2026-09-12T03:36:03-05:00,PUR_IED_HolguInUr_S1101_8cd732,PUR_IED_HolguInUr_S1101_8cd732,,,,,
2026-09-12T03:36:03-05:00,PUR_IED_HolguinUr_Exter_ddae6d,PUR_IED_HolguinUr_Exter_ddae6d,,,,,
2026-09-12T03:36:03-05:00,PUR_IED_HolguinUr_LabQuim_92b952,PUR_IED_HolguinUr_LabQuim_92b952,,,,,
2026-09-12T03:36:03-05:00,PUR_IED_Isabel-II_Ext_5245cc,PUR_IED_Isabel-II_Ext_5245cc,9,19,59,4.6336,-74.153
2026-09-12T03:36:03-05:00,PUR_IED_Isabel-II_S_idiom_1c29aa,PUR_IED_Isabel-II_S_idiom_1c29aa,,,,,
2026-09-12T03:36:03-05:00,PUR_IED_Isabel-II_S_infor_fd741,PUR_IED_Isabel-II_S_infor_fd741,,,,,
2026-09-12T03:36:03-05:00,PUR_IED_IsidroSur_Exterio_5b90ea,PUR_IED_IsidroSur_Exterio_5b90ea,,,,,
2026-09-12T03:36:03-05:00,PUR_IED_IsidroSur_LabTec_56697a,PUR_IED_IsidroSur_LabTec_56697a,,,,,
2026-09-12T03:36:03-05:00,PUR_IED_IsidroSur_Robotic_b7c38f,PUR_IED_IsidroSur_Robotic_b7c38f,,,,,
2026-09-12T03:36:03-05:00,PUR_IED_IsmaelPerd_Ext_7b6672,PUR_IED_IsmaelPerd_Ext_7b6672,,,,,
2026-09-12T03:36:03-05:00,PUR_IED_IsmaelPerd_Inform_306540,PUR_IED_IsmaelPerd_Inform_306540,,,,,
2026-09-12T03:36:03-05:00,PUR_IED_IsmaelPerd_S30_2e2c83,PUR_IED_IsmaelPerd_S30_2e2c83,,,,,
2026-09-12T03:36:03-05:00,PUR_IED_JLozano_Exter_432910,PUR_IED_JLozano_Exter_432910,,,,,
2026-09-12T03:36:03-05:00,PUR_IED_JLozano_salaMulti_df5125,PUR_IED_JLozano_salaMulti_df5125,,,,,
2026-09-12T03:36:03-05:00,PUR_IED_JMCordoba_206_86f80b,PUR_IED_JMCordoba_206_86f80b,,,,,
2026-09-12T03:36:03-05:00,PUR_IED_JMCordoba_Ext_27ad97,PUR_IED_JMCordoba_Ext_27ad97,,,,,
2026-09-12T03:36:03-05:00,PUR_IED_JMCordoba_S310_d59ab4,PUR_IED_JMCordoba_S310_d59ab4,,,,,
2026-09-12T03:36:03-05:00,PUR_IED_Japon_Ext_549100,PUR_IED_Japon_Ext_549100,,,,,
2026-09-12T03:36:03-05:00,PUR_IED_Japon_Laboratorio_bec51d,PUR_IED_Japon_Laboratorio_bec51d,,,,,
2026-09-12T03:36:03-05:00,PUR_IED_Japon_informatica_d99327,PUR_IED_Japon_informatica_d99327,,,,,
2026-09-12T03:36:03-05:00,PUR_IED_Jazmin_Ext_d27bda,PUR_IED_Jazmin_Ext_d27bda,,,,,
2026-09-12T03:36:03-05:00,PUR_IED_Jazmin_Fisica_8d14d7,PUR_IED_Jazmin_Fisica_8d14d7,,,,,
2026-09-12T03:36:03-05:00,PUR_IED_Jazmin_Quimica_801cb5,PUR_IED_Jazmin_Quimica_801cb5,,,,,
2026-09-12T03:36:03-05:00,PUR_IED_JorgeGaitan_Exter_f098d1,PUR_IED_JorgeGaitan_Exter_f098d1,,,,,
2026-09-12T03:36:03-05:00,PUR_IED_JorgeGaitan_STec1_dc9d1d,PUR_IED_JorgeGaitan_STec1_dc9d1d,,,,,
2026-09-12T03:36:03-05:00,PUR_IED_JorgeGaitan_STec2_281e69,PUR_IED_JorgeGaitan_STec2_281e69,,,,,
2026-09-12T03:36:03-05:00,PUR_IED_JorgeSoto_Exterio_d9d0a2,PUR_IED_JorgeSoto_Exterio_d9d0a2,,,,,
2026-09-12T03:36:03-05:00,PUR_IED_JorgeSoto_LabFisi_209c54,PUR_IED_JorgeSoto_LabFisi_209c54,,,,,
2026-09-12T03:36:03-05:00,PUR_IED_JorgeSoto_S103_27b51a,PUR_IED_JorgeSoto_S103_27b51a,,,,,
2026-09-12T03:36:03-05:00,PUR_IED_JoseAcevedo_A02_e965eb,PUR_IED_JoseAcevedo_A02_e965eb,,,,,
2026-09-12T03:36:03-05:00,PUR_IED_JoseAcevedo_A07_dd5b4,PUR_IED_JoseAcevedo_A07_dd5b4,,,,,
2026-09-12T03:36:03-05:00,PUR_IED_JoseAcevedo_Ext_b47484,PUR_IED_JoseAcevedo_Ext_b47484,,,,,
2026-09-12T03:36:03-05:00,PUR_IED_JoseMarti_Exte_5b9bf,PUR_IED_JoseMarti_Exte_5b9bf,,,,,
2026-09-12T03:36:03-05:00,PUR_IED_JoseMarti_LabQuim_1c6c2d,PUR_IED_JoseMarti_LabQuim_1c6c2d,,,,,
2026-09-12T03:36:03-05:00,PUR_IED_JoseMarti_S_info_f5f177,PUR_IED_JoseMarti_S_info_f5f177,,,,,
2026-09-12T03:36:03-05:00,PUR_IED_Josejoaquin_Ext_dfc5dc,PUR_IED_Josejoaquin_Ext_dfc5dc,,,,,
2026-09-12T03:36:03-05:00,PUR_IED_Josejoaquin_S05_5b2a96,PUR_IED_Josejoaquin_S05_5b2a96,,,,,
2026-09-12T03:36:03-05:00,PUR_IED_Josejoaquin_S06_1ce7d2,PUR_IED_Josejoaquin_S06_1ce7d2,,,,,
2026-09-12T03:36:03-05:00,PUR_IED_JulioFlorez_Danza_9b82dd,PUR_IED_JulioFlorez_Danza_9b82dd,,,,,
2026-09-12T03:36:03-05:00,PUR_IED_JulioFlorez_Exter_f9f314,PUR_IED_JulioFlorez_Exter_f9f314,,,,,
2026-09-12T03:36:03-05:00,PUR_IED_JulioFlorez_info2_6b6e08,PUR_IED_JulioFlorez_info2_6b6e08,,,,,
2026-09-12T03:36:03-05:00,PUR_IED_LaBelleza_Aula13_1d00d8,PUR_IED_LaBelleza_Aula13_1d00d8,,,,,
2026-09-12T03:36:03-05:00,PUR_IED_LaBelleza_Ext_7bc08c,PUR_IED_LaBelleza_Ext_7bc08c,,,,,
2026-09-12T03:36:03-05:00,PUR_IED_LaChucua_Ext_8cd6d2,PUR_IED_LaChucua_Ext_8cd6d2,,,,,
2026-09-12T03:36:03-05:00,PUR_IED_LaChucua_S15_f578ce,PUR_IED_LaChucua_S15_f578ce,,,,,
2026-09-12T03:36:03-05:00,PUR_IED_LaChucua_S16_eebcf9,PUR_IED_LaChucua_S16_eebcf9,,,,,
2026-09-12T03:36:03-05:00,PUR_IED_LaFelicidad_Ext_fb5109,PUR_IED_LaFelicidad_Ext_fb5109,,,,,
2026-09-12T03:36:03-05:00,PUR_IED_LaMerced_206_66ebd,PUR_IED_LaMerced_206_66ebd,,,,,
2026-09-12T03:36:03-05:00,PUR_IED_LaMerced_207_6ebd6,PUR_IED_LaMerced_207_6ebd6,,,,,
2026-09-12T03:36:03-05:00,PUR_IED_LaMerced_ext_304311,PUR_IED_LaMerced_ext_304311,,,,,
2026-09-12T03:36:03-05:00,PUR_IED_Laureano_CiencNat_281e5e,PUR_IED_Laureano_CiencNat_281e5e,,,,,
2026-09-12T03:36:03-05:00,PUR_IED_Laureano_Comedor_f65c0a,PUR_IED_Laureano_Comedor_f65c0a,,,,,
2026-09-12T03:36:03-05:00,PUR_IED_Laureano_Exterior_7ab011,PUR_IED_Laureano_Exterior_7ab011,,,,,
2026-09-12T03:36:03-05:00,PUR_IED_LeonGreiff_Exte_dfe560,PUR_IED_LeonGreiff_Exte_dfe560,,,,,
2026-09-12T03:36:03-05:00,PUR_IED_LeonGreiff_S210_f264ed,PUR_IED_LeonGreiff_S210_f264ed,,,,,
2026-09-12T03:36:03-05:00,PUR_IED_LeonGreiff_SQuimi_e8296f,PUR_IED_LeonGreiff_SQuimi_e8296f,,,,,
2026-09-12T03:36:03-05:00,PUR_IED_LlanoOrientalS208_7b9fcd,PUR_IED_LlanoOrientalS208_7b9fcd,,,,,
2026-09-12T03:36:03-05:00,PUR_IED_LlanoOriental_Ext_fb3766,PUR_IED_LlanoOriental_Ext_fb3766,,,,,
2026-09-12T03:36:03-05:00,PUR_IED_LlanoOriental_S208_7b9fcd,PUR_IED_LlanoOriental_S208_7b9fcd,,,,,
2026-09-12T03:36:03-05:00,PUR_IED_LlanoOriental_S9_27b378,PUR_IED_LlanoOriental_S9_27b378,,,,,
2026-09-12T03:36:03-05:00,PUR_IED_LosTejares_1101_477602,PUR_IED_LosTejares_1101_477602,,,,,
2026-09-12T03:36:03-05:00,PUR_IED_LosTejares_11_d2c595,PUR_IED_LosTejares_11_d2c595,,,,,
2026-09-12T03:36:03-05:00,PUR_IED_LosTejares_12_477602,PUR_IED_LosTejares_12_477602,,,,,
2026-09-12T03:36:03-05:00,PUR_IED_LosTejares_Ext_8e2115,PUR_IED_LosTejares_Ext_8e2115,,,,,
2026-09-12T03:36:03-05:00,PUR_IED_MagdalenaO_B202_5ddda3,PUR_IED_MagdalenaO_B202_5ddda3,,,,,
2026-09-12T03:36:03-05:00,PUR_IED_MagdalenaO_B205_fb76e8,PUR_IED_MagdalenaO_B205_fb76e8,,,,,
2026-09-12T03:36:03-05:00,PUR_IED_MagdalenaO_ext_dc69cd,PUR_IED_MagdalenaO_ext_dc69cd,,,,,
2026-09-12T03:36:03-05:00,PUR_IED_ManueCepeda_artes_eee956,PUR_IED_ManueCepeda_artes_eee956,,,,,
2026-09-12T03:36:03-05:00,PUR_IED_ManuelCepeda_Ext_58313,PUR_IED_ManuelCepeda_Ext_58313,,,,,
2026-09-12T03:36:03-05:00,PUR_IED_ManuelCepeda_tec_1c5731,PUR_IED_ManuelCepeda_tec_1c5731,,,,,
2026-09-12T03:36:03-05:00,PUR_IED_ManuelS_Exterior_5b269,PUR_IED_ManuelS_Exterior_5b269,,,,,
2026-09-12T03:36:03-05:00,PUR_IED_ManuelS_Inform_f369ce,PUR_IED_ManuelS_Inform_f369ce,,,,,
2026-09-12T03:36:03-05:00,PUR_IED_ManuelS_SArtes_7d15f1,PUR_IED_ManuelS_SArtes_7d15f1,,,,,
2026-09-12T03:36:03-05:00,PUR_IED_ManuelZapata_303_3ca6,PUR_IED_ManuelZapata_303_3ca6,,,,,
2026-09-12T03:36:03-05:00,PUR_IED_ManuelZapata_311_bfbabc,PUR_IED_ManuelZapata_311_bfbabc,,,,,
2026-09-12T03:36:03-05:00,PUR_IED_ManuelZapata_Ext_50824a,PUR_IED_ManuelZapata_Ext_50824a,,,,,
2026-09-12T03:36:03-05:00,PUR_IED_ManuelitaS_Exteri_656a92,PUR_IED_ManuelitaS_Exteri_656a92,,,,,
2026-09-12T03:36:03-05:00,PUR_IED_ManuelitaS_JuzgDe_f58ec3,PUR_IED_ManuelitaS_JuzgDe_f58ec3,,,,,
2026-09-12T03:36:03-05:00,PUR_IED_ManuelitaS_Recrea_d793db,PUR_IED_ManuelitaS_Recrea_d793db,,,,,
2026-09-12T03:36:03-05:00,PUR_IED_MarFidSuarez_Ext_c27b19,PUR_IED_MarFidSuarez_Ext_c27b19,,,,,
2026-09-12T03:36:03-05:00,PUR_IED_MarFidSuarez_Info_e384d7,PUR_IED_MarFidSuarez_Info_e384d7,,,,,
2026-09-12T03:36:03-05:00,PUR_IED_MarFidSuarez_S306_1d0032,PUR_IED_MarFidSuarez_S306_1d0032,,,,,
2026-09-12T03:36:03-05:00,PUR_IED_Menorah_301_2a25a3,PUR_IED_Menorah_301_2a25a3,,,,,
2026-09-12T03:36:03-05:00,PUR_IED_Menorah_306_37ed3,PUR_IED_Menorah_306_37ed3,,,,,
2026-09-12T03:36:03-05:00,PUR_IED_Menorah_Ext_3e155b,PUR_IED_Menorah_Ext_3e155b,,,,,
2026-09-12T03:36:03-05:00,PUR_IED_MinutoB.Aires_A11_1b1604,PUR_IED_MinutoB.Aires_A11_1b1604,,,,,
2026-09-12T03:36:03-05:00,PUR_IED_MinutoB.Aires_A12_fb5860,PUR_IED_MinutoB.Aires_A12_fb5860,,,,,
2026-09-12T03:36:03-05:00,PUR_IED_MinutoB.Aires_Ext_81293f,PUR_IED_MinutoB.Aires_Ext_81293f,,,,,
2026-09-12T03:36:03-05:00,PUR_IED_MinutoBAires_A11_1b1604,PUR_IED_MinutoBAires_A11_1b1604,,,,,
2026-09-12T03:36:03-05:00,PUR_IED_MinutoBAires_A12_fb5860,PUR_IED_MinutoBAires_A12_fb5860,,,,,
2026-09-12T03:36:03-05:00,PUR_IED_MinutoBAires_Ext_81293f,PUR_IED_MinutoBAires_Ext_81293f,,,,,
2026-09-12T03:36:03-05:00,PUR_IED_Montreal_Aula10_1e4959,PUR_IED_Montreal_Aula10_1e4959,,,,,
2026-09-12T03:36:03-05:00,PUR_IED_Montreal_Aula6_300367,PUR_IED_Montreal_Aula6_300367,,,,,
2026-09-12T03:36:03-05:00,PUR_IED_Montreal_Exterior_91a179,PUR_IED_Montreal_Exterior_91a179,,,,,
2026-09-12T03:36:03-05:00,PUR_IED_Mqgdalena_B202_5ddda3,PUR_IED_Mqgdalena_B202_5ddda3,,,,,
2026-09-12T03:36:03-05:00,PUR_IED_NACUND_Soc_dc8728,PUR_IED_NACUND_Soc_dc8728,,,,,
2026-09-12T03:36:03-05:00,PUR_IED_NACUND_ext_27ad97,PUR_IED_NACUND_ext_27ad97,,,,,
2026-09-12T03:36:03-05:00,PUR_IED_NEsperanza_Ext_d24b61,PUR_IED_NEsperanza_Ext_d24b61,,,,,
2026-09-12T03:36:03-05:00,PUR_IED_NEsperanza_SElect_7d1807,PUR_IED_NEsperanza_SElect_7d1807,,,,,
2026-09-12T03:36:03-05:00,PUR_IED_NEsperanza_SLabor_8b2d0a,PUR_IED_NEsperanza_SLabor_8b2d0a,,,,,
2026-09-12T03:36:03-05:00,PUR_IED_NacionesU_Ext_f661a9,PUR_IED_NacionesU_Ext_f661a9,,,,,
2026-09-12T03:36:03-05:00,PUR_IED_NacionesU_Quimica_66f0a,PUR_IED_NacionesU_Quimica_66f0a,,,,,
2026-09-12T03:36:03-05:00,PUR_IED_NacionesU_S306_1b4b3d,PUR_IED_NacionesU_S306_1b4b3d,,,,,
2026-09-12T03:36:03-05:00,PUR_IED_NestorFA_Ext_e4201c,PUR_IED_NestorFA_Ext_e4201c,,,,,
2026-09-12T03:36:03-05:00,PUR_IED_NestorFA_Laborato_f22fe0,PUR_IED_NestorFA_Laborato_f22fe0,,,,,
2026-09-12T03:36:03-05:00,PUR_IED_NestorFA_S204_dee996,PUR_IED_NestorFA_S204_dee996,,,,,
2026-09-12T03:36:03-05:00,PUR_IED_NidyaQT_Aula03_76999b,PUR_IED_NidyaQT_Aula03_76999b,,,,,
2026-09-12T03:36:03-05:00,PUR_IED_NidyaQT_Aula10_56325,PUR_IED_NidyaQT_Aula10_56325,,,,,
2026-09-12T03:36:03-05:00,PUR_IED_NidyaQT_Ext_46e32d,PUR_IED_NidyaQT_Ext_46e32d,,,,,
2026-09-12T03:36:03-05:00,PUR_IED_NuevaCol_Exterior_d9b859,PUR_IED_NuevaCol_Exterior_d9b859,,,,,
2026-09-12T03:36:03-05:00,PUR_IED_NuevaCol_S1101_76c43b,PUR_IED_NuevaCol_S1101_76c43b,,,,,
2026-09-12T03:36:03-05:00,PUR_IED_NuevaCol_S1102_1ce0b5,PUR_IED_NuevaCol_S1102_1ce0b5,,,,,
2026-09-12T03:36:03-05:00,PUR_IED_OEA_A202_f7e3f2,PUR_IED_OEA_A202_f7e3f2,,,,,
2026-09-12T03:36:03-05:00,PUR_IED_OEA_A203_7d1b8d,PUR_IED_OEA_A203_7d1b8d,,,,,
2026-09-12T03:36:03-05:00,PUR_IED_OEA_Ext_27b593,PUR_IED_OEA_Ext_27b593,,,,,
2026-09-12T03:36:03-05:00,PUR_IED_Ochoa_Ext_1c29da,PUR_IED_Ochoa_Ext_1c29da,,,,,
2026-09-12T03:36:03-05:00,PUR_IED_Ochoa_S205_8b1121,PUR_IED_Ochoa_S205_8b1121,,,,,
2026-09-12T03:36:03-05:00,PUR_IED_Ochoa_Sistemas_f33af6,PUR_IED_Ochoa_Sistemas_f33af6,,,,,
2026-09-12T03:36:03-05:00,PUR_IED_PQuebec_Ext_1c67c7,PUR_IED_PQuebec_Ext_1c67c7,,,,,
2026-09-12T03:36:03-05:00,PUR_IED_PQuebec_S15_23e8e2,PUR_IED_PQuebec_S15_23e8e2,,,,,
2026-09-12T03:36:03-05:00,PUR_IED_PQuebec_S16_8ec76b,PUR_IED_PQuebec_S16_8ec76b,,,,,
2026-09-12T03:36:03-05:00,PUR_IED_PabloN_Ext_49dc96,PUR_IED_PabloN_Ext_49dc96,,,,,
2026-09-12T03:36:03-05:00,PUR_IED_PabloN_S1102_4e3df5,PUR_IED_PabloN_S1102_4e3df5,,,,,
2026-09-12T03:36:03-05:00,PUR_IED_PabloN_S1103_50c94b,PUR_IED_PabloN_S1103_50c94b,,,,,
2026-09-12T03:36:03-05:00,PUR_IED_Palestina_S1101_db9198,PUR_IED_Palestina_S1101_db9198,,,,,
2026-09-12T03:36:03-05:00,PUR_IED_Palestina_S1102_dc54fa,PUR_IED_Palestina_S1102_dc54fa,,,,,
2026-09-12T03:36:03-05:00,PUR_IED_Palestina_ext_4ccce6,PUR_IED_Palestina_ext_4ccce6,,,,,
2026-09-12T03:36:03-05:00,PUR_IED_Panama_Fisica_4d0794,PUR_IED_Panama_Fisica_4d0794,,,,,
2026-09-12T03:36:03-05:00,PUR_IED_Panama_SIngles_a4077e,PUR_IED_Panama_SIngles_a4077e,,,,,
2026-09-12T03:36:03-05:00,PUR_IED_Panama_ext_4c54b4,PUR_IED_Panama_ext_4c54b4,,,,,
2026-09-12T03:36:03-05:00,PUR_IED_ParaisoM_Exterior_8cd7f0,PUR_IED_ParaisoM_Exterior_8cd7f0,,,,,
2026-09-12T03:36:03-05:00,PUR_IED_ParaisoM_Laborato_27af35,PUR_IED_ParaisoM_Laborato_27af35,,,,,
2026-09-12T03:36:03-05:00,PUR_IED_ParaisoM_S304_d1edca,PUR_IED_ParaisoM_S304_d1edca,,,,,
2026-09-12T03:36:03-05:00,PUR_IED_PorfirioBarba_Ext_301466,PUR_IED_PorfirioBarba_Ext_301466,,,,,
2026-09-12T03:36:03-05:00,PUR_IED_PorfirioBarba_S11_df6cd2,PUR_IED_PorfirioBarba_S11_df6cd2,,,,,
2026-09-12T03:36:03-05:00,PUR_IED_PorfirioBarba_S29_27a7d6,PUR_IED_PorfirioBarba_S29_27a7d6,,,,,
2026-09-12T03:36:03-05:00,PUR_IED_PradoV_Exter_8b27ad,PUR_IED_PradoV_Exter_8b27ad,,,,,
2026-09-12T03:36:03-05:00,PUR_IED_PradoV_S301_de65b5,PUR_IED_PradoV_S301_de65b5,,,,,
2026-09-12T03:36:03-05:00,PUR_IED_PradoV_S302_7d2593,PUR_IED_PradoV_S302_7d2593,,,,,
2026-09-12T03:36:03-05:00,PUR_IED_QuirogaAlz_Ext_1ddc82,PUR_IED_QuirogaAlz_Ext_1ddc82,,,,,
2026-09-12T03:36:03-05:00,PUR_IED_QuirogaAlz_S302_9926a3,PUR_IED_QuirogaAlz_S302_9926a3,,,,,
2026-09-12T03:36:03-05:00,PUR_IED_QuirogaAlz_S305_cdf1f1,PUR_IED_QuirogaAlz_S305_cdf1f1,,,,,
2026-09-12T03:36:03-05:00,PUR_IED_RGuatemala_Biling_dc53b7,PUR_IED_RGuatemala_Biling_dc53b7,,,,,
2026-09-12T03:36:03-05:00,PUR_IED_RGuatemala_Ext_1b89a3,PUR_IED_RGuatemala_Ext_1b89a3,,,,,
2026-09-12T03:36:03-05:00,PUR_IED_RGuatemala_Tecnol_281a34,PUR_IED_RGuatemala_Tecnol_281a34,,,,,
2026-09-12T03:36:03-05:00,PUR_IED_RafaNu_Ext_f7c302,PUR_IED_RafaNu_Ext_f7c302,,,,,
2026-09-12T03:36:03-05:00,PUR_IED_RafaNu_S1101_25fde,PUR_IED_RafaNu_S1101_25fde,,,,,
2026-09-12T03:36:03-05:00,PUR_IED_RafaNu_S1102_281517,PUR_IED_RafaNu_S1102_281517,,,,,
2026-09-12T03:36:03-05:00,PUR_IED_RafaelB_S305_ee2783,PUR_IED_RafaelB_S305_ee2783,,,,,
2026-09-12T03:36:03-05:00,PUR_IED_RafaelB_S306_75fe33,PUR_IED_RafaelB_S306_75fe33,,,,,
2026-09-12T03:36:03-05:00,PUR_IED_RafaelB_ext_283336,PUR_IED_RafaelB_ext_283336,3,18,59,4.6722,-74.0737
2026-09-12T03:36:03-05:00,PUR_IED_RafaelUU_Exterior_281a51,PUR_IED_RafaelUU_Exterior_281a51,,,,,
2026-09-12T03:36:03-05:00,PUR_IED_RafaelUU_Human_806b2,PUR_IED_RafaelUU_Human_806b2,,,,,
2026-09-12T03:36:03-05:00,PUR_IED_RafaelUU_Mate2_5680d4,PUR_IED_RafaelUU_Mate2_5680d4,,,,,
2026-09-12T03:36:03-05:00,PUR_IED_RamonSub_Ext_f9eeb9,PUR_IED_RamonSub_Ext_f9eeb9,,,,,
2026-09-12T03:36:03-05:00,PUR_IED_RamonSub_Media_d1f62f,PUR_IED_RamonSub_Media_d1f62f,,,,,
2026-09-12T03:36:03-05:00,PUR_IED_RamonSub_planta_51b82,PUR_IED_RamonSub_planta_51b82,,,,,
2026-09-12T03:36:03-05:00,PUR_IED_RepBoliVene_Exter_27af7c,PUR_IED_RepBoliVene_Exter_27af7c,,,,,
2026-09-12T03:36:03-05:00,PUR_IED_RepBoliVene_SCPT_5ae2ee,PUR_IED_RepBoliVene_SCPT_5ae2ee,,,,,
2026-09-12T03:36:03-05:00,PUR_IED_RepBoliVene_Socia_4b11d5,PUR_IED_RepBoliVene_Socia_4b11d5,,,,,
2026-09-12T03:36:03-05:00,PUR_IED_RepChina_Ext_76d9ee,PUR_IED_RepChina_Ext_76d9ee,,,,,
2026-09-12T03:36:03-05:00,PUR_IED_RepChina_S404_7c804c,PUR_IED_RepChina_S404_7c804c,,,,,
2026-09-12T03:36:03-05:00,PUR_IED_RepChina_S405_df2c33,PUR_IED_RepChina_S405_df2c33,,,,,
2026-09-12T03:36:03-05:00,PUR_IED_RepublicaC_Exteri_7d1ec9,PUR_IED_RepublicaC_Exteri_7d1ec9,,,,,
2026-09-12T03:36:03-05:00,PUR_IED_RepublicaC_S1101_f544b3,PUR_IED_RepublicaC_S1101_f544b3,,,,,
2026-09-12T03:36:03-05:00,PUR_IED_RepublicaC_S1102_7aafc7,PUR_IED_RepublicaC_S1102_7aafc7,,,,,
2026-09-12T03:36:03-05:00,PUR_IED_Ricaurte_Externo_a0ea1,PUR_IED_Ricaurte_Externo_a0ea1,,,,,
2026-09-12T03:36:03-05:00,PUR_IED_Ricaurte_S210_f546fd,PUR_IED_Ricaurte_S210_f546fd,,,,,
2026-09-12T03:36:03-05:00,PUR_IED_Ricaurte_S309_d4452,PUR_IED_Ricaurte_S309_d4452,,,,,
2026-09-12T03:36:03-05:00,PUR_IED_RogelioS_1102_531e69,PUR_IED_RogelioS_1102_531e69,,,,,
2026-09-12T03:36:03-05:00,PUR_IED_RogelioS_Ext_f25a18,PUR_IED_RogelioS_Ext_f25a18,,,,,
2026-09-12T03:36:03-05:00,PUR_IED_SBernardino_Ext_27aff8,PUR_IED_SBernardino_Ext_27aff8,,,,,
2026-09-12T03:36:03-05:00,PUR_IED_SBernardino_SArte_2ffd33,PUR_IED_SBernardino_SArte_2ffd33,,,,,
2026-09-12T03:36:03-05:00,PUR_IED_SBernardino_SIngl_7c7da5,PUR_IED_SBernardino_SIngl_7c7da5,,,,,
2026-09-12T03:36:03-05:00,PUR_IED_Sago_auditorio_dc9d1d,PUR_IED_Sago_auditorio_dc9d1d,,,,,
2026-09-12T03:36:03-05:00,PUR_IED_Saludcoop_Ext_95aac3,PUR_IED_Saludcoop_Ext_95aac3,,,,,
2026-09-12T03:36:03-05:00,PUR_IED_Saludcoop_InfI_90c854,PUR_IED_Saludcoop_InfI_90c854,,,,,
2026-09-12T03:36:03-05:00,PUR_IED_Saludcoop_SMedia_1b93be,PUR_IED_Saludcoop_SMedia_1b93be,,,,,
2026-09-12T03:36:03-05:00,PUR_IED_SanCarlos_1101_1a2360,PUR_IED_SanCarlos_1101_1a2360,,,,,
2026-09-12T03:36:03-05:00,PUR_IED_SanCarlos_1103_7bafb5,PUR_IED_SanCarlos_1103_7bafb5,,,,,
2026-09-12T03:36:03-05:00,PUR_IED_SanCarlos_Ext_b7cd1,PUR_IED_SanCarlos_Ext_b7cd1,,,,,
2026-09-12T03:36:03-05:00,PUR_IED_SanIgnacioBosa11a_50c26e,PUR_IED_SanIgnacioBosa11a_50c26e,,,,,
2026-09-12T03:36:03-05:00,PUR_IED_SanIgnacioBosa11b_371de8,PUR_IED_SanIgnacioBosa11b_371de8,,,,,
2026-09-12T03:36:03-05:00,PUR_IED_SanIgnacioBosaExt_ef0ffc,PUR_IED_SanIgnacioBosaExt_ef0ffc,,,,,
2026-09-12T03:36:03-05:00,PUR_IED_SanIgnacioBosa_11a_50c26e,PUR_IED_SanIgnacioBosa_11a_50c26e,,,,,
2026-09-12T03:36:03-05:00,PUR_IED_SanIgnacioBosa_Ext_ef0ffc,PUR_IED_SanIgnacioBosa_Ext_ef0ffc,,,,,
2026-09-12T03:36:03-05:00,PUR_IED_SanJoseN_intS1101_31c47f,PUR_IED_SanJoseN_intS1101_31c47f,,,,,
2026-09-12T03:36:03-05:00,PUR_IED_SanJoseUsm_Exter_f5d7e8,PUR_IED_SanJoseUsm_Exter_f5d7e8,,,,,
2026-09-12T03:36:03-05:00,PUR_IED_SanJoseUsm_Int11A_cfdef6,PUR_IED_SanJoseUsm_Int11A_cfdef6,,,,,
2026-09-12T03:36:03-05:00,PUR_IED_SilveriaR_IntB5_905349,PUR_IED_SilveriaR_IntB5_905349,,,,,
2026-09-12T03:36:03-05:00,PUR_IED_SilveriaR_IntSD14_981f93,PUR_IED_SilveriaR_IntSD14_981f93,,,,,
2026-09-12T03:36:03-05:00,PUR_IED_SilveriaR_ext_2b651d,PUR_IED_SilveriaR_ext_2b651d,,,,,
2026-09-12T03:36:03-05:00,PUR_IED_SimonB_Exterior_913975,PUR_IED_SimonB_Exterior_913975,,,,,
2026-09-12T03:36:03-05:00,PUR_IED_SimonB_LabQuimi_c56908,PUR_IED_SimonB_LabQuimi_c56908,,,,,
2026-09-12T03:36:03-05:00,PUR_IED_SimonB_informatic_a28c1,PUR_IED_SimonB_informatic_a28c1,,,,,
2026-09-12T03:36:03-05:00,PUR_IED_Sorrento_1102_315f50,PUR_IED_Sorrento_1102_315f50,,,,,
2026-09-12T03:36:03-05:00,PUR_IED_Sorrento_Minte_214eab,PUR_IED_Sorrento_Minte_214eab,,,,,
2026-09-12T03:36:03-05:00,PUR_IED_Sorrento_ext_7c3a0a,PUR_IED_Sorrento_ext_7c3a0a,,,,,
2026-09-12T03:36:03-05:00,PUR_IED_Tabora_Ext_f048ae,PUR_IED_Tabora_Ext_f048ae,,,,,
2026-09-12T03:36:03-05:00,PUR_IED_Tabora_S1102_b07752,PUR_IED_Tabora_S1102_b07752,,,,,
2026-09-12T03:36:03-05:00,PUR_IED_Tabora_S1103_d988f5,PUR_IED_Tabora_S1103_d988f5,,,,,
2026-09-12T03:36:03-05:00,PUR_IED_Tenerife_Ext_1ab188,PUR_IED_Tenerife_Ext_1ab188,,,,,
2026-09-12T03:36:03-05:00,PUR_IED_Tenerife_SDanzas_7bc02e,PUR_IED_Tenerife_SDanzas_7bc02e,,,,,
2026-09-12T03:36:03-05:00,PUR_IED_Tenerife_SIngles_7cc277,PUR_IED_Tenerife_SIngles_7cc277,,,,,
2026-09-12T03:36:03-05:00,PUR_IED_Tibabuyes_Exter_f2683d,PUR_IED_Tibabuyes_Exter_f2683d,,,,,
2026-09-12T03:36:03-05:00,PUR_IED_Tibabuyes_S10_dc87a8,PUR_IED_Tibabuyes_S10_dc87a8,,,,,
2026-09-12T03:36:03-05:00,PUR_IED_Tibabuyes_S15_dc0526,PUR_IED_Tibabuyes_S15_dc0526,,,,,
2026-09-12T03:36:03-05:00,PUR_IED_UnionE_S301_a1043,PUR_IED_UnionE_S301_a1043,,,,,
2026-09-12T03:36:03-05:00,PUR_IED_UnionE_S307_ff6c2f,PUR_IED_UnionE_S307_ff6c2f,,,,,
2026-09-12T03:36:03-05:00,PUR_IED_UnionE__Ext_5e2468,PUR_IED_UnionE__Ext_5e2468,,,,,
2026-09-12T03:36:03-05:00,PUR_IED_VillaRica_Ext_75be7c,PUR_IED_VillaRica_Ext_75be7c,,,,,
2026-09-12T03:36:03-05:00,PUR_IED_VillaRica_S4_cc5dcd,PUR_IED_VillaRica_S4_cc5dcd,,,,,
2026-09-12T03:36:03-05:00,PUR_IED_VillaRica_Sesp_99f5c,PUR_IED_VillaRica_Sesp_99f5c,,,,,
2026-09-12T03:41:05-05:00,PUR_IED_20deJulio_1101_91b1b9,PUR_IED_20deJulio_1101_91b1b9,,,,,
2026-09-12T03:41:05-05:00,PUR_IED_20deJulio_1102_1cfcf9,PUR_IED_20deJulio_1102_1cfcf9,,,,,
2026-09-12T03:41:05-05:00,PUR_IED_20deJulio_Ext_ab60bd,PUR_IED_20deJulio_Ext_ab60bd,,,,,
2026-09-12T03:41:05-05:00,PUR_IED_AgustinFer_Ext_7b9b77,PUR_IED_AgustinFer_Ext_7b9b77,,,,,
2026-09-12T03:41:05-05:00,PUR_IED_AgustinFer_Info2_27b3a7,PUR_IED_AgustinFer_Info2_27b3a7,,,,,
2026-09-12T03:41:05-05:00,PUR_IED_AgustinFer_Sena_54b4eb,PUR_IED_AgustinFer_Sena_54b4eb,,,,,
2026-09-12T03:41:05-05:00,PUR_IED_AlexanderF_1102_caf07b,PUR_IED_AlexanderF_1102_caf07b,,,,,
2026-09-12T03:41:05-05:00,PUR_IED_AlexanderF_1103_c79e71,PUR_IED_AlexanderF_1103_c79e71,,,,,
2026-09-12T03:41:05-05:00,PUR_IED_AlexanderF_Ext_c5b18b,PUR_IED_AlexanderF_Ext_c5b18b,,,,,
2026-09-12T03:41:05-05:00,PUR_IED_AlfonsoLopez_Ext_281d77,PUR_IED_AlfonsoLopez_Ext_281d77,,,,,
2026-09-12T03:41:05-05:00,PUR_IED_AlfonsoLopez_LabF_888ce0,PUR_IED_AlfonsoLopez_LabF_888ce0,,,,,
2026-09-12T03:41:05-05:00,PUR_IED_AlfonsoLopez_SMed_df6a7f,PUR_IED_AlfonsoLopez_SMed_df6a7f,,,,,
2026-09-12T03:41:05-05:00,PUR_IED_AltamiraSO_A2_209f92,PUR_IED_AltamiraSO_A2_209f92,,,,,
2026-09-12T03:41:05-05:00,PUR_IED_AltamiraSO_Ext_186d66,PUR_IED_AltamiraSO_Ext_186d66,,,,,
2026-09-12T03:41:05-05:00,PUR_IED_AltamiraSO_Sistem_27afe1,PUR_IED_AltamiraSO_Sistem_27afe1,,,,,
2026-09-12T03:41:05-05:00,PUR_IED_AlvaroGom_LabQuim_813179,PUR_IED_AlvaroGom_LabQuim_813179,,,,,
2026-09-12T03:41:05-05:00,PUR_IED_AlvaroGomez_Ext_47c7ca,PUR_IED_AlvaroGomez_Ext_47c7ca,,,,,
2026-09-12T03:41:05-05:00,PUR_IED_AlvaroGomez_LabQuim_813179,PUR_IED_AlvaroGomez_LabQuim_813179,,,,,
2026-09-12T03:41:05-05:00,PUR_IED_AlvaroGomez_S23_7ba89f,PUR_IED_AlvaroGomez_S23_7ba89f,,,,,
2026-09-12T03:41:05-05:00,PUR_IED_Amistad_306_dc8728,PUR_IED_Amistad_306_dc8728,,,,,
2026-09-12T03:41:05-05:00,PUR_IED_Amistad_Ext_8cd55e,PUR_IED_Amistad_Ext_8cd55e,,,,,
2026-09-12T03:41:05-05:00,PUR_IED_Amistad_S202_a41169,PUR_IED_Amistad_S202_a41169,,,,,
2026-09-12T03:41:05-05:00,PUR_IED_AndresBello_Bio_fd5f5e,PUR_IED_AndresBello_Bio_fd5f5e,,,,,
2026-09-12T03:41:05-05:00,PUR_IED_AndresBello_ext_dcad65,PUR_IED_AndresBello_ext_dcad65,,,,,
2026-09-12T03:41:05-05:00,PUR_IED_AndresBello_port_eed3ec,PUR_IED_AndresBello_port_eed3ec,,,,,
2026-09-12T03:41:05-05:00,PUR_IED_AngelaR_11b_d90a6b,PUR_IED_AngelaR_11b_d90a6b,,,,,
2026-09-12T03:41:05-05:00,PUR_IED_AngelaR_ext_7cad3e,PUR_IED_AngelaR_ext_7cad3e,10,18,62,4.5825,-74.164497
2026-09-12T03:41:05-05:00,PUR_IED_AntJoseSucre_10mo_df2575,PUR_IED_AntJoseSucre_10mo_df2575,,,,,
2026-09-12T03:41:05-05:00,PUR_IED_AntJoseSucre_Ext_215b36,PUR_IED_AntJoseSucre_Ext_215b36,,,,,
2026-09-12T03:41:05-05:00,PUR_IED_AntJoseSucre_Lab_3139de,PUR_IED_AntJoseSucre_Lab_3139de,,,,,
2026-09-12T03:41:05-05:00,PUR_IED_AntonioGarcia_301_d6b188,PUR_IED_AntonioGarcia_301_d6b188,,,,,
2026-09-12T03:41:05-05:00,PUR_IED_AntonioGarcia_302_88a82,PUR_IED_AntonioGarcia_302_88a82,,,,,
2026-09-12T03:41:05-05:00,PUR_IED_AntonioGarcia_Ext_20950c,PUR_IED_AntonioGarcia_Ext_20950c,,,,,
2026-09-12T03:41:05-05:00,PUR_IED_AntonioVan_Aula2_6dea02,PUR_IED_AntonioVan_Aula2_6dea02,,,,,
2026-09-12T03:41:05-05:00,PUR_IED_AntonioVan_Aula5_f1557e,PUR_IED_AntonioVan_Aula5_f1557e,,,,,
2026-09-12T03:41:05-05:00,PUR_IED_AntonioVan_Ext_406f2f,PUR_IED_AntonioVan_Ext_406f2f,,,,,
2026-09-12T03:41:05-05:00,PUR_IED_Atabanzha_Ext_cc5af9,PUR_IED_Atabanzha_Ext_cc5af9,,,,,
2026-09-12T03:41:05-05:00,PUR_IED_Atabanzha_SA101_56c37,PUR_IED_Atabanzha_SA101_56c37,,,,,
2026-09-12T03:41:05-05:00,PUR_IED_Atabanzha_SB302_27b374,PUR_IED_Atabanzha_SB302_27b374,,,,,
2026-09-12T03:41:05-05:00,PUR_IED_Atahualpa_Ext_fc1748,PUR_IED_Atahualpa_Ext_fc1748,,,,,
2026-09-12T03:41:05-05:00,PUR_IED_Atahualpa_Informa_dc9a95,PUR_IED_Atahualpa_Informa_dc9a95,,,,,
2026-09-12T03:41:05-05:00,PUR_IED_Atahualpa_S1101_f98056,PUR_IED_Atahualpa_S1101_f98056,,,,,
2026-09-12T03:41:05-05:00,PUR_IED_Bellavista_Ext_f5aa74,PUR_IED_Bellavista_Ext_f5aa74,,,,,
2026-09-12T03:41:05-05:00,PUR_IED_Bilbao_11A_916c41,PUR_IED_Bilbao_11A_916c41,,,,,
2026-09-12T03:41:05-05:00,PUR_IED_Bilbao_Ext_fb579a,PUR_IED_Bilbao_Ext_fb579a,,,,,
2026-09-12T03:41:05-05:00,PUR_IED_BrasiliaU_A125_304280,PUR_IED_BrasiliaU_A125_304280,,,,,
2026-09-12T03:41:05-05:00,PUR_IED_BrasiliaU_A203_7c8ca5,PUR_IED_BrasiliaU_A203_7c8ca5,,,,,
2026-09-12T03:41:05-05:00,PUR_IED_BrasiliaU_Ext_8d6e9f,PUR_IED_BrasiliaU_Ext_8d6e9f,3,16,64,4.5175,-74.116302
2026-09-12T03:41:05-05:00,PUR_IED_Brasilia_Ext_fe6593,PUR_IED_Brasilia_Ext_fe6593,,,,,
2026-09-12T03:41:05-05:00,PUR_IED_Brasilia_S24_7c130d,PUR_IED_Brasilia_S24_7c130d,,,,,
2026-09-12T03:41:05-05:00,PUR_IED_Brasilia_S501_186a54,PUR_IED_Brasilia_S501_186a54,,,,,
2026-09-12T03:41:05-05:00,PUR_IED_CHARRY_EXT_f1d5cd,PUR_IED_CHARRY_EXT_f1d5cd,,,,,
2026-09-12T03:41:05-05:00,PUR_IED_CHARRY_INTDANZAS_7a08e6,PUR_IED_CHARRY_INTDANZAS_7a08e6,,,,,
2026-09-12T03:41:05-05:00,PUR_IED_CHARRY_INT_AULA20_dc998d,PUR_IED_CHARRY_INT_AULA20_dc998d,,,,,
2026-09-12T03:41:05-05:00,PUR_IED_COLVIV_1101_S25_7f520a,PUR_IED_COLVIV_1101_S25_7f520a,,,,,
2026-09-12T03:41:05-05:00,PUR_IED_COLVIV_1102_S16_f570ba,PUR_IED_COLVIV_1102_S16_f570ba,,,,,
2026-09-12T03:41:05-05:00,PUR_IED_COLVIV_Ext_1a26fa,PUR_IED_COLVIV_Ext_1a26fa,,,,,
2026-09-12T03:41:05-05:00,PUR_IED_CULPOP_301A_f660f3,PUR_IED_CULPOP_301A_f660f3,,,,,
2026-09-12T03:41:05-05:00,PUR_IED_CULPOP_303_568afe,PUR_IED_CULPOP_303_568afe,,,,,
2026-09-12T03:41:05-05:00,PUR_IED_CULPOP_Ext_e02ccb,PUR_IED_CULPOP_Ext_e02ccb,,,,,
2026-09-12T03:41:05-05:00,PUR_IED_CVillavicen_Ext_26eb58,PUR_IED_CVillavicen_Ext_26eb58,6,14,81,4.487,-74.102798
2026-09-12T03:41:05-05:00,PUR_IED_CVillavicen_Intel_1ce5c2,PUR_IED_CVillavicen_Intel_1ce5c2,,,,,
2026-09-12T03:41:05-05:00,PUR_IED_CVillavicen_Poliv_e0766c,PUR_IED_CVillavicen_Poliv_e0766c,,,,,
2026-09-12T03:41:05-05:00,PUR_IED_CVillavicen_int_1ba140,PUR_IED_CVillavicen_int_1ba140,,,,,
2026-09-12T03:41:05-05:00,PUR_IED_CVillavicen_intel_1ba140,PUR_IED_CVillavicen_intel_1ba140,,,,,
2026-09-12T03:41:05-05:00,PUR_IED_CarlosPizarro_Ext_e307cc,PUR_IED_CarlosPizarro_Ext_e307cc,,,,,
2026-09-12T03:41:05-05:00,PUR_IED_CarlosPizarro_L36_7e5cdb,PUR_IED_CarlosPizarro_L36_7e5cdb,,,,,
2026-09-12T03:41:05-05:00,PUR_IED_CarlosPizarro_L37_c8566c,PUR_IED_CarlosPizarro_L37_c8566c,,,,,
2026-09-12T03:41:05-05:00,PUR_IED_Castilla_Ext_cf35f,PUR_IED_Castilla_Ext_cf35f,,,,,
2026-09-12T03:41:05-05:00,PUR_IED_Castilla_SFisik_360e38,PUR_IED_Castilla_SFisik_360e38,,,,,
2026-09-12T03:41:05-05:00,PUR_IED_Castilla_Sc304_496fbf,PUR_IED_Castilla_Sc304_496fbf,,,,,
2026-09-12T03:41:05-05:00,PUR_IED_CervantesSa_Ext_6b57b,PUR_IED_CervantesSa_Ext_6b57b,2,17,69,4.5128,-74.117203
2026-09-12T03:41:05-05:00,PUR_IED_CervantesSa_S107_225c2b,PUR_IED_CervantesSa_S107_225c2b,,,,,
2026-09-12T03:41:05-05:00,PUR_IED_CervantesSa_S108_940925,PUR_IED_CervantesSa_S108_940925,,,,,
2026-09-12T03:41:05-05:00,PUR_IED_Charry_A20_f53e7c,PUR_IED_Charry_A20_f53e7c,,,,,
2026-09-12T03:41:05-05:00,PUR_IED_Charry_Ext_f1d5cd,PUR_IED_Charry_Ext_f1d5cd,,,,,
2026-09-12T03:41:05-05:00,PUR_IED_Charry_IntAula20_dc998d,PUR_IED_Charry_IntAula20_dc998d,,,,,
2026-09-12T03:41:05-05:00,PUR_IED_Charry_IntDanzas_7a08e6,PUR_IED_Charry_IntDanzas_7a08e6,,,,,
2026-09-12T03:41:05-05:00,PUR_IED_ClememciaC_203_43e2fc,PUR_IED_ClememciaC_203_43e2fc,,,,,
2026-09-12T03:41:05-05:00,PUR_IED_ClememciaC_Ext_1b411a,PUR_IED_ClememciaC_Ext_1b411a,,,,,
2026-09-12T03:41:05-05:00,PUR_IED_ClememciaC_Quimic_44b5fc,PUR_IED_ClememciaC_Quimic_44b5fc,,,,,
2026-09-12T03:41:05-05:00,PUR_IED_ClemenciaC_203_43e2fc,PUR_IED_ClemenciaC_203_43e2fc,,,,,
2026-09-12T03:41:05-05:00,PUR_IED_ClemenciaC_Ext_1b411a,PUR_IED_ClemenciaC_Ext_1b411a,,,,,
2026-09-12T03:41:05-05:00,PUR_IED_ClemenciaC_Quimic_44b5fc,PUR_IED_ClemenciaC_Quimic_44b5fc,,,,,
2026-09-12T03:41:05-05:00,PUR_IED_ColViva_1101_S25_7f520a,PUR_IED_ColViva_1101_S25_7f520a,,,,,
2026-09-12T03:41:05-05:00,PUR_IED_ColViva_1102_S16_f570ba,PUR_IED_ColViva_1102_S16_f570ba,,,,,
2026-09-12T03:41:05-05:00,PUR_IED_ColViva_Ext_1a26fa,PUR_IED_ColViva_Ext_1a26fa,,,,,
2026-09-12T03:41:05-05:00,PUR_IED_ColegioBici_Asist_7c8798,PUR_IED_ColegioBici_Asist_7c8798,,,,,
2026-09-12T03:41:05-05:00,PUR_IED_ColegioBici_Ext_25cbf6,PUR_IED_ColegioBici_Ext_25cbf6,,,,,
2026-09-12T03:41:05-05:00,PUR_IED_ColegioBici_LabQ_7b57db,PUR_IED_ColegioBici_LabQ_7b57db,,,,,
2026-09-12T03:41:05-05:00,PUR_IED_CostaRica_Ext_5e640,PUR_IED_CostaRica_Ext_5e640,,,,,
2026-09-12T03:41:05-05:00,PUR_IED_CostaRica_Quim1_766d1c,PUR_IED_CostaRica_Quim1_766d1c,,,,,
2026-09-12T03:41:05-05:00,PUR_IED_CostaRica__Fisica_6f0873,PUR_IED_CostaRica__Fisica_6f0873,,,,,
2026-09-12T03:41:05-05:00,PUR_IED_CulPopu_301A_f660f3,PUR_IED_CulPopu_301A_f660f3,,,,,
2026-09-12T03:41:05-05:00,PUR_IED_CulPopu_303_568afe,PUR_IED_CulPopu_303_568afe,,,,,
2026-09-12T03:41:05-05:00,PUR_IED_CulPopu_Ext_e02ccb,PUR_IED_CulPopu_Ext_e02ccb,,,,,
2026-09-12T03:41:05-05:00,PUR_IED_Cundinamarca_Ext_f15985,PUR_IED_Cundinamarca_Ext_f15985,,,,,
2026-09-12T03:41:05-05:00,PUR_IED_Cundinamarca_Info_7aa5d7,PUR_IED_Cundinamarca_Info_7aa5d7,,,,,
2026-09-12T03:41:05-05:00,PUR_IED_Cundinamarca_Tec2_f449c7,PUR_IED_Cundinamarca_Tec2_f449c7,,,,,
2026-09-12T03:41:05-05:00,PUR_IED_DiegoM_Aula1_27b314,PUR_IED_DiegoM_Aula1_27b314,,,,,
2026-09-12T03:41:05-05:00,PUR_IED_DiegoM_Ext_d80ac8,PUR_IED_DiegoM_Ext_d80ac8,,,,,
2026-09-12T03:41:05-05:00,PUR_IED_DiegoM_S25_da928f,PUR_IED_DiegoM_S25_da928f,,,,,
2026-09-12T03:41:05-05:00,PUR_IED_ELRODEO_360881,PUR_IED_ELRODEO_360881,,,,,
2026-09-12T03:41:05-05:00,PUR_IED_ELRODEO_ext_360881,PUR_IED_ELRODEO_ext_360881,,,,,
2026-09-12T03:41:05-05:00,PUR_IED_EduardoU_Ext_1c1969,PUR_IED_EduardoU_Ext_1c1969,,,,,
2026-09-12T03:41:05-05:00,PUR_IED_EduardoU_SCiencia_4dfb94,PUR_IED_EduardoU_SCiencia_4dfb94,,,,,
2026-09-12T03:41:05-05:00,PUR_IED_EduardoU_SQuimica_5a46e7,PUR_IED_EduardoU_SQuimica_5a46e7,,,,,
2026-09-12T03:41:05-05:00,PUR_IED_ElRodeo_Aula14_676984,PUR_IED_ElRodeo_Aula14_676984,,,,,
2026-09-12T03:41:05-05:00,PUR_IED_ElRodeo_Aula16_2dd35b,PUR_IED_ElRodeo_Aula16_2dd35b,,,,,
2026-09-12T03:41:05-05:00,PUR_IED_ElRodeo_Ext_360881,PUR_IED_ElRodeo_Ext_360881,,,,,
2026-09-12T03:41:05-05:00,PUR_IED_ElRodeo_Exterior_8c6d28,PUR_IED_ElRodeo_Exterior_8c6d28,,,,,
2026-09-12T03:41:05-05:00,PUR_IED_ElRodeo_ext_360881,PUR_IED_ElRodeo_ext_360881,,,,,
2026-09-12T03:41:05-05:00,PUR_IED_EmmaReyes_Ext_987625,PUR_IED_EmmaReyes_Ext_987625,10,21,53,4.6367,-74.1511
2026-09-12T03:41:05-05:00,PUR_IED_Ensueño_Ext_7f0250,PUR_IED_Ensueño_Ext_7f0250,,,,,
2026-09-12T03:41:05-05:00,PUR_IED_EscNormal_Ext_5fef3b,PUR_IED_EscNormal_Ext_5fef3b,2,18,61,4.5852,-74.096901
2026-09-12T03:41:05-05:00,PUR_IED_EscNormal_S309_5b263,PUR_IED_EscNormal_S309_5b263,,,,,
2026-09-12T03:41:05-05:00,PUR_IED_EscNormal_S310_27b3b8,PUR_IED_EscNormal_S310_27b3b8,,,,,
2026-09-12T03:41:05-05:00,PUR_IED_Evangelista_Conta_f6cd4f,PUR_IED_Evangelista_Conta_f6cd4f,,,,,
2026-09-12T03:41:05-05:00,PUR_IED_Evangelista_Cri_5e16a,PUR_IED_Evangelista_Cri_5e16a,,,,,
2026-09-12T03:41:05-05:00,PUR_IED_Evangelista_Exter_754066,PUR_IED_Evangelista_Exter_754066,,,,,
2026-09-12T03:41:05-05:00,PUR_IED_FMiranda_S209_5cc2a3,PUR_IED_FMiranda_S209_5cc2a3,,,,,
2026-09-12T03:41:05-05:00,PUR_IED_FMiranda_S303_19e344,PUR_IED_FMiranda_S303_19e344,,,,,
2026-09-12T03:41:05-05:00,PUR_IED_FMiranda_ext_f53e7c,PUR_IED_FMiranda_ext_f53e7c,,,,,
2026-09-12T03:41:05-05:00,PUR_IED_FabioLozano_Bibli_1cee05,PUR_IED_FabioLozano_Bibli_1cee05,,,,,
2026-09-12T03:41:05-05:00,PUR_IED_FabioLozano_Ext_6ea285,PUR_IED_FabioLozano_Ext_6ea285,,,,,
2026-09-12T03:41:05-05:00,PUR_IED_FabioLozano_SLudi_f09e1e,PUR_IED_FabioLozano_SLudi_f09e1e,,,,,
2026-09-12T03:41:05-05:00,PUR_IED_FaustinoS_Aula07_27a731,PUR_IED_FaustinoS_Aula07_27a731,,,,,
2026-09-12T03:41:05-05:00,PUR_IED_FaustinoS_Ext_7b936f,PUR_IED_FaustinoS_Ext_7b936f,,,,,
2026-09-12T03:41:05-05:00,PUR_IED_FaustinoS_Fisica_da2c60,PUR_IED_FaustinoS_Fisica_da2c60,,,,,
2026-09-12T03:41:05-05:00,PUR_IED_FeGarciaLo_Ext_dc68ee,PUR_IED_FeGarciaLo_Ext_dc68ee,,,,,
2026-09-12T03:41:05-05:00,PUR_IED_FeGarciaLo_SDanza_f70a59,PUR_IED_FeGarciaLo_SDanza_f70a59,,,,,
2026-09-12T03:41:05-05:00,PUR_IED_FeGarciaLo_SMusic_125cdd,PUR_IED_FeGarciaLo_SMusic_125cdd,,,,,
2026-09-12T03:41:05-05:00,PUR_IED_FederalAlema_Exte_50c345,PUR_IED_FederalAlema_Exte_50c345,,,,,
2026-09-12T03:41:05-05:00,PUR_IED_FederalAlema_S31_f18371,PUR_IED_FederalAlema_S31_f18371,,,,,
2026-09-12T03:41:05-05:00,PUR_IED_FederalAlema_S901_a62cd,PUR_IED_FederalAlema_S901_a62cd,,,,,
2026-09-12T03:41:05-05:00,PUR_IED_FilarmonicaS_A5_f35eb1,PUR_IED_FilarmonicaS_A5_f35eb1,,,,,
2026-09-12T03:41:05-05:00,PUR_IED_FilarmonicaS_Ext_8a3bde,PUR_IED_FilarmonicaS_Ext_8a3bde,,,,,
2026-09-12T03:41:05-05:00,PUR_IED_FilarmonicaS_Spol_406114,PUR_IED_FilarmonicaS_Spol_406114,,,,,
2026-09-12T03:41:05-05:00,PUR_IED_FlorentinoG_A13_d1fa59,PUR_IED_FlorentinoG_A13_d1fa59,,,,,
2026-09-12T03:41:05-05:00,PUR_IED_FlorentinoG_Ext_1ce6ce,PUR_IED_FlorentinoG_Ext_1ce6ce,,,,,
2026-09-12T03:41:05-05:00,PUR_IED_FlorentinoG_Idiom_a66aac,PUR_IED_FlorentinoG_Idiom_a66aac,,,,,
2026-09-12T03:41:05-05:00,PUR_IED_FranciscoMati_Ext_e3869d,PUR_IED_FranciscoMati_Ext_e3869d,,,,,
2026-09-12T03:41:05-05:00,PUR_IED_FranciscoMati_S13_f31c67,PUR_IED_FranciscoMati_S13_f31c67,,,,,
2026-09-12T03:41:05-05:00,PUR_IED_FranciscoMati_S14_97dead,PUR_IED_FranciscoMati_S14_97dead,,,,,
2026-09-12T03:41:05-05:00,PUR_IED_FranciscoPS_Ext_7bfa9a,PUR_IED_FranciscoPS_Ext_7bfa9a,2,19,59,4.5899,-74.110397
2026-09-12T03:41:05-05:00,PUR_IED_FranciscoPS_Infor_fb8f4c,PUR_IED_FranciscoPS_Infor_fb8f4c,,,,,
2026-09-12T03:41:05-05:00,PUR_IED_FranciscoPS_Quimi_94d39c,PUR_IED_FranciscoPS_Quimi_94d39c,,,,,
2026-09-12T03:41:05-05:00,PUR_IED_FranciscoP_LabQ_d7e148,PUR_IED_FranciscoP_LabQ_d7e148,,,,,
2026-09-12T03:41:05-05:00,PUR_IED_FranciscoP_S28_cf9b30,PUR_IED_FranciscoP_S28_cf9b30,,,,,
2026-09-12T03:41:05-05:00,PUR_IED_FranciscoP_ext_e2313,PUR_IED_FranciscoP_ext_e2313,,,,,
2026-09-12T03:41:05-05:00,PUR_IED_FriederichN_Ext_8ac92a,PUR_IED_FriederichN_Ext_8ac92a,,,,,
2026-09-12T03:41:05-05:00,PUR_IED_FriederichN_S301_dd7e5a,PUR_IED_FriederichN_S301_dd7e5a,,,,,
2026-09-12T03:41:05-05:00,PUR_IED_FriederichN_S308_761f4f,PUR_IED_FriederichN_S308_761f4f,,,,,
2026-09-12T03:41:05-05:00,PUR_IED_GSantander_Aula10_533dd7,PUR_IED_GSantander_Aula10_533dd7,,,,,
2026-09-12T03:41:05-05:00,PUR_IED_GSantander_Aula12_fd4e4f,PUR_IED_GSantander_Aula12_fd4e4f,,,,,
2026-09-12T03:41:05-05:00,PUR_IED_GSantander_Aula310_533dd7,PUR_IED_GSantander_Aula310_533dd7,,,,,
2026-09-12T03:41:05-05:00,PUR_IED_GSantander_Aula312_fd4e4f,PUR_IED_GSantander_Aula312_fd4e4f,,,,,
2026-09-12T03:41:05-05:00,PUR_IED_GSantander_Ext_5f66b0,PUR_IED_GSantander_Ext_5f66b0,,,,,
2026-09-12T03:41:05-05:00,PUR_IED_GYomasa_Ext_f6bea5,PUR_IED_GYomasa_Ext_f6bea5,,,,,
2026-09-12T03:41:05-05:00,PUR_IED_GYomasa_LBiol_2c41aa,PUR_IED_GYomasa_LBiol_2c41aa,,,,,
2026-09-12T03:41:05-05:00,PUR_IED_GYomasa_LQuim_33c80,PUR_IED_GYomasa_LQuim_33c80,,,,,
2026-09-12T03:41:05-05:00,PUR_IED_GabBetMejia_Cienc_5a99c,PUR_IED_GabBetMejia_Cienc_5a99c,,,,,
2026-09-12T03:41:05-05:00,PUR_IED_GabBetMejia_Ext_9153d0,PUR_IED_GabBetMejia_Ext_9153d0,,,,,
2026-09-12T03:41:05-05:00,PUR_IED_GabBetMejia_Lab_f55347,PUR_IED_GabBetMejia_Lab_f55347,,,,,
2026-09-12T03:41:05-05:00,PUR_IED_GabBetanMejia_Ext_9153d0,PUR_IED_GabBetanMejia_Ext_9153d0,,,,,
2026-09-12T03:41:05-05:00,PUR_IED_Gaitana_Aula13_7aac11,PUR_IED_Gaitana_Aula13_7aac11,,,,,
2026-09-12T03:41:05-05:00,PUR_IED_Gaitana_Ext_5fcf4,PUR_IED_Gaitana_Ext_5fcf4,,,,,
2026-09-12T03:41:05-05:00,PUR_IED_Gaitana_LabFisica_644448,PUR_IED_Gaitana_LabFisica_644448,,,,,
2026-09-12T03:41:05-05:00,PUR_IED_GenSantander_Dise_8ac858,PUR_IED_GenSantander_Dise_8ac858,,,,,
2026-09-12T03:41:05-05:00,PUR_IED_GenSantander_Ext_8d5dfe,PUR_IED_GenSantander_Ext_8d5dfe,,,,,
2026-09-12T03:41:05-05:00,PUR_IED_GenSantander_Info_6c25b,PUR_IED_GenSantander_Info_6c25b,,,,,
2026-09-12T03:41:05-05:00,PUR_IED_GustavoMo_Exterio_75e63d,PUR_IED_GustavoMo_Exterio_75e63d,,,,,
2026-09-12T03:41:05-05:00,PUR_IED_GustavoMo_LabFisi_224d37,PUR_IED_GustavoMo_LabFisi_224d37,,,,,
2026-09-12T03:41:05-05:00,PUR_IED_GustavoMo_S208_3e6918,PUR_IED_GustavoMo_S208_3e6918,,,,,
2026-09-12T03:41:05-05:00,PUR_IED_GustavoR_A02_8cd4a8,PUR_IED_GustavoR_A02_8cd4a8,,,,,
2026-09-12T03:41:05-05:00,PUR_IED_GustavoR_B11_5b0ed,PUR_IED_GustavoR_B11_5b0ed,,,,,
2026-09-12T03:41:05-05:00,PUR_IED_GustavoR_Ext_7a0c90,PUR_IED_GustavoR_Ext_7a0c90,,,,,
2026-09-12T03:41:05-05:00,PUR_IED_HernandoDuran_Ext_8cd82b,PUR_IED_HernandoDuran_Ext_8cd82b,,,,,
2026-09-12T03:41:05-05:00,PUR_IED_HernandoDuran_S24_2772c6,PUR_IED_HernandoDuran_S24_2772c6,,,,,
2026-09-12T03:41:05-05:00,PUR_IED_HernandoDuran_S30_f2de41,PUR_IED_HernandoDuran_S30_f2de41,,,,,
2026-09-12T03:41:05-05:00,PUR_IED_HolguInUr_S1101_8cd732,PUR_IED_HolguInUr_S1101_8cd732,,,,,
2026-09-12T03:41:05-05:00,PUR_IED_HolguinUr_Exter_ddae6d,PUR_IED_HolguinUr_Exter_ddae6d,,,,,
2026-09-12T03:41:05-05:00,PUR_IED_HolguinUr_LabQuim_92b952,PUR_IED_HolguinUr_LabQuim_92b952,,,,,
2026-09-12T03:41:05-05:00,PUR_IED_Isabel-II_Ext_5245cc,PUR_IED_Isabel-II_Ext_5245cc,9,19,58,4.6336,-74.153
2026-09-12T03:41:05-05:00,PUR_IED_Isabel-II_S_idiom_1c29aa,PUR_IED_Isabel-II_S_idiom_1c29aa,,,,,
2026-09-12T03:41:05-05:00,PUR_IED_Isabel-II_S_infor_fd741,PUR_IED_Isabel-II_S_infor_fd741,,,,,
2026-09-12T03:41:05-05:00,PUR_IED_IsidroSur_Exterio_5b90ea,PUR_IED_IsidroSur_Exterio_5b90ea,,,,,
2026-09-12T03:41:05-05:00,PUR_IED_IsidroSur_LabTec_56697a,PUR_IED_IsidroSur_LabTec_56697a,,,,,
2026-09-12T03:41:05-05:00,PUR_IED_IsidroSur_Robotic_b7c38f,PUR_IED_IsidroSur_Robotic_b7c38f,,,,,
2026-09-12T03:41:05-05:00,PUR_IED_IsmaelPerd_Ext_7b6672,PUR_IED_IsmaelPerd_Ext_7b6672,,,,,
2026-09-12T03:41:05-05:00,PUR_IED_IsmaelPerd_Inform_306540,PUR_IED_IsmaelPerd_Inform_306540,,,,,
2026-09-12T03:41:05-05:00,PUR_IED_IsmaelPerd_S30_2e2c83,PUR_IED_IsmaelPerd_S30_2e2c83,,,,,
2026-09-12T03:41:05-05:00,PUR_IED_JLozano_Exter_432910,PUR_IED_JLozano_Exter_432910,,,,,
2026-09-12T03:41:05-05:00,PUR_IED_JLozano_salaMulti_df5125,PUR_IED_JLozano_salaMulti_df5125,,,,,
2026-09-12T03:41:05-05:00,PUR_IED_JMCordoba_206_86f80b,PUR_IED_JMCordoba_206_86f80b,,,,,
2026-09-12T03:41:05-05:00,PUR_IED_JMCordoba_Ext_27ad97,PUR_IED_JMCordoba_Ext_27ad97,,,,,
2026-09-12T03:41:05-05:00,PUR_IED_JMCordoba_S310_d59ab4,PUR_IED_JMCordoba_S310_d59ab4,,,,,
2026-09-12T03:41:05-05:00,PUR_IED_Japon_Ext_549100,PUR_IED_Japon_Ext_549100,,,,,
2026-09-12T03:41:05-05:00,PUR_IED_Japon_Laboratorio_bec51d,PUR_IED_Japon_Laboratorio_bec51d,,,,,
2026-09-12T03:41:05-05:00,PUR_IED_Japon_informatica_d99327,PUR_IED_Japon_informatica_d99327,,,,,
2026-09-12T03:41:05-05:00,PUR_IED_Jazmin_Ext_d27bda,PUR_IED_Jazmin_Ext_d27bda,,,,,
2026-09-12T03:41:05-05:00,PUR_IED_Jazmin_Fisica_8d14d7,PUR_IED_Jazmin_Fisica_8d14d7,,,,,
2026-09-12T03:41:05-05:00,PUR_IED_Jazmin_Quimica_801cb5,PUR_IED_Jazmin_Quimica_801cb5,,,,,
2026-09-12T03:41:05-05:00,PUR_IED_JorgeGaitan_Exter_f098d1,PUR_IED_JorgeGaitan_Exter_f098d1,,,,,
2026-09-12T03:41:05-05:00,PUR_IED_JorgeGaitan_STec1_dc9d1d,PUR_IED_JorgeGaitan_STec1_dc9d1d,,,,,
2026-09-12T03:41:05-05:00,PUR_IED_JorgeGaitan_STec2_281e69,PUR_IED_JorgeGaitan_STec2_281e69,,,,,
2026-09-12T03:41:05-05:00,PUR_IED_JorgeSoto_Exterio_d9d0a2,PUR_IED_JorgeSoto_Exterio_d9d0a2,,,,,
2026-09-12T03:41:05-05:00,PUR_IED_JorgeSoto_LabFisi_209c54,PUR_IED_JorgeSoto_LabFisi_209c54,,,,,
2026-09-12T03:41:05-05:00,PUR_IED_JorgeSoto_S103_27b51a,PUR_IED_JorgeSoto_S103_27b51a,,,,,
2026-09-12T03:41:05-05:00,PUR_IED_JoseAcevedo_A02_e965eb,PUR_IED_JoseAcevedo_A02_e965eb,,,,,
2026-09-12T03:41:05-05:00,PUR_IED_JoseAcevedo_A07_dd5b4,PUR_IED_JoseAcevedo_A07_dd5b4,,,,,
2026-09-12T03:41:05-05:00,PUR_IED_JoseAcevedo_Ext_b47484,PUR_IED_JoseAcevedo_Ext_b47484,,,,,
2026-09-12T03:41:05-05:00,PUR_IED_JoseMarti_Exte_5b9bf,PUR_IED_JoseMarti_Exte_5b9bf,,,,,
2026-09-12T03:41:05-05:00,PUR_IED_JoseMarti_LabQuim_1c6c2d,PUR_IED_JoseMarti_LabQuim_1c6c2d,,,,,
2026-09-12T03:41:05-05:00,PUR_IED_JoseMarti_S_info_f5f177,PUR_IED_JoseMarti_S_info_f5f177,,,,,
2026-09-12T03:41:05-05:00,PUR_IED_Josejoaquin_Ext_dfc5dc,PUR_IED_Josejoaquin_Ext_dfc5dc,,,,,
2026-09-12T03:41:05-05:00,PUR_IED_Josejoaquin_S05_5b2a96,PUR_IED_Josejoaquin_S05_5b2a96,,,,,
2026-09-12T03:41:05-05:00,PUR_IED_Josejoaquin_S06_1ce7d2,PUR_IED_Josejoaquin_S06_1ce7d2,,,,,
2026-09-12T03:41:05-05:00,PUR_IED_JulioFlorez_Danza_9b82dd,PUR_IED_JulioFlorez_Danza_9b82dd,,,,,
2026-09-12T03:41:05-05:00,PUR_IED_JulioFlorez_Exter_f9f314,PUR_IED_JulioFlorez_Exter_f9f314,,,,,
2026-09-12T03:41:05-05:00,PUR_IED_JulioFlorez_info2_6b6e08,PUR_IED_JulioFlorez_info2_6b6e08,,,,,
2026-09-12T03:41:05-05:00,PUR_IED_LaBelleza_Aula13_1d00d8,PUR_IED_LaBelleza_Aula13_1d00d8,,,,,
2026-09-12T03:41:05-05:00,PUR_IED_LaBelleza_Ext_7bc08c,PUR_IED_LaBelleza_Ext_7bc08c,,,,,
2026-09-12T03:41:05-05:00,PUR_IED_LaChucua_Ext_8cd6d2,PUR_IED_LaChucua_Ext_8cd6d2,,,,,
2026-09-12T03:41:05-05:00,PUR_IED_LaChucua_S15_f578ce,PUR_IED_LaChucua_S15_f578ce,,,,,
2026-09-12T03:41:05-05:00,PUR_IED_LaChucua_S16_eebcf9,PUR_IED_LaChucua_S16_eebcf9,,,,,
2026-09-12T03:41:05-05:00,PUR_IED_LaFelicidad_Ext_fb5109,PUR_IED_LaFelicidad_Ext_fb5109,,,,,
2026-09-12T03:41:05-05:00,PUR_IED_LaMerced_206_66ebd,PUR_IED_LaMerced_206_66ebd,,,,,
2026-09-12T03:41:05-05:00,PUR_IED_LaMerced_207_6ebd6,PUR_IED_LaMerced_207_6ebd6,,,,,
2026-09-12T03:41:05-05:00,PUR_IED_LaMerced_ext_304311,PUR_IED_LaMerced_ext_304311,,,,,
2026-09-12T03:41:05-05:00,PUR_IED_Laureano_CiencNat_281e5e,PUR_IED_Laureano_CiencNat_281e5e,,,,,
2026-09-12T03:41:05-05:00,PUR_IED_Laureano_Comedor_f65c0a,PUR_IED_Laureano_Comedor_f65c0a,,,,,
2026-09-12T03:41:05-05:00,PUR_IED_Laureano_Exterior_7ab011,PUR_IED_Laureano_Exterior_7ab011,,,,,
2026-09-12T03:41:05-05:00,PUR_IED_LeonGreiff_Exte_dfe560,PUR_IED_LeonGreiff_Exte_dfe560,,,,,
2026-09-12T03:41:05-05:00,PUR_IED_LeonGreiff_S210_f264ed,PUR_IED_LeonGreiff_S210_f264ed,,,,,
2026-09-12T03:41:05-05:00,PUR_IED_LeonGreiff_SQuimi_e8296f,PUR_IED_LeonGreiff_SQuimi_e8296f,,,,,
2026-09-12T03:41:05-05:00,PUR_IED_LlanoOrientalS208_7b9fcd,PUR_IED_LlanoOrientalS208_7b9fcd,,,,,
2026-09-12T03:41:05-05:00,PUR_IED_LlanoOriental_Ext_fb3766,PUR_IED_LlanoOriental_Ext_fb3766,,,,,
2026-09-12T03:41:05-05:00,PUR_IED_LlanoOriental_S208_7b9fcd,PUR_IED_LlanoOriental_S208_7b9fcd,,,,,
2026-09-12T03:41:05-05:00,PUR_IED_LlanoOriental_S9_27b378,PUR_IED_LlanoOriental_S9_27b378,,,,,
2026-09-12T03:41:05-05:00,PUR_IED_LosTejares_1101_477602,PUR_IED_LosTejares_1101_477602,,,,,
2026-09-12T03:41:05-05:00,PUR_IED_LosTejares_11_d2c595,PUR_IED_LosTejares_11_d2c595,,,,,
2026-09-12T03:41:05-05:00,PUR_IED_LosTejares_12_477602,PUR_IED_LosTejares_12_477602,,,,,
2026-09-12T03:41:05-05:00,PUR_IED_LosTejares_Ext_8e2115,PUR_IED_LosTejares_Ext_8e2115,,,,,
2026-09-12T03:41:05-05:00,PUR_IED_MagdalenaO_B202_5ddda3,PUR_IED_MagdalenaO_B202_5ddda3,,,,,
2026-09-12T03:41:05-05:00,PUR_IED_MagdalenaO_B205_fb76e8,PUR_IED_MagdalenaO_B205_fb76e8,,,,,
2026-09-12T03:41:05-05:00,PUR_IED_MagdalenaO_ext_dc69cd,PUR_IED_MagdalenaO_ext_dc69cd,,,,,
2026-09-12T03:41:05-05:00,PUR_IED_ManueCepeda_artes_eee956,PUR_IED_ManueCepeda_artes_eee956,,,,,
2026-09-12T03:41:05-05:00,PUR_IED_ManuelCepeda_Ext_58313,PUR_IED_ManuelCepeda_Ext_58313,,,,,
2026-09-12T03:41:05-05:00,PUR_IED_ManuelCepeda_tec_1c5731,PUR_IED_ManuelCepeda_tec_1c5731,,,,,
2026-09-12T03:41:05-05:00,PUR_IED_ManuelS_Exterior_5b269,PUR_IED_ManuelS_Exterior_5b269,,,,,
2026-09-12T03:41:05-05:00,PUR_IED_ManuelS_Inform_f369ce,PUR_IED_ManuelS_Inform_f369ce,,,,,
2026-09-12T03:41:05-05:00,PUR_IED_ManuelS_SArtes_7d15f1,PUR_IED_ManuelS_SArtes_7d15f1,,,,,
2026-09-12T03:41:05-05:00,PUR_IED_ManuelZapata_303_3ca6,PUR_IED_ManuelZapata_303_3ca6,,,,,
2026-09-12T03:41:05-05:00,PUR_IED_ManuelZapata_311_bfbabc,PUR_IED_ManuelZapata_311_bfbabc,,,,,
2026-09-12T03:41:05-05:00,PUR_IED_ManuelZapata_Ext_50824a,PUR_IED_ManuelZapata_Ext_50824a,,,,,
2026-09-12T03:41:05-05:00,PUR_IED_ManuelitaS_Exteri_656a92,PUR_IED_ManuelitaS_Exteri_656a92,,,,,
2026-09-12T03:41:05-05:00,PUR_IED_ManuelitaS_JuzgDe_f58ec3,PUR_IED_ManuelitaS_JuzgDe_f58ec3,,,,,
2026-09-12T03:41:05-05:00,PUR_IED_ManuelitaS_Recrea_d793db,PUR_IED_ManuelitaS_Recrea_d793db,,,,,
2026-09-12T03:41:05-05:00,PUR_IED_MarFidSuarez_Ext_c27b19,PUR_IED_MarFidSuarez_Ext_c27b19,,,,,
2026-09-12T03:41:05-05:00,PUR_IED_MarFidSuarez_Info_e384d7,PUR_IED_MarFidSuarez_Info_e384d7,,,,,
2026-09-12T03:41:05-05:00,PUR_IED_MarFidSuarez_S306_1d0032,PUR_IED_MarFidSuarez_S306_1d0032,,,,,
2026-09-12T03:41:05-05:00,PUR_IED_Menorah_301_2a25a3,PUR_IED_Menorah_301_2a25a3,,,,,
2026-09-12T03:41:05-05:00,PUR_IED_Menorah_306_37ed3,PUR_IED_Menorah_306_37ed3,,,,,
2026-09-12T03:41:05-05:00,PUR_IED_Menorah_Ext_3e155b,PUR_IED_Menorah_Ext_3e155b,,,,,
2026-09-12T03:41:05-05:00,PUR_IED_MinutoB.Aires_A11_1b1604,PUR_IED_MinutoB.Aires_A11_1b1604,,,,,
2026-09-12T03:41:05-05:00,PUR_IED_MinutoB.Aires_A12_fb5860,PUR_IED_MinutoB.Aires_A12_fb5860,,,,,
2026-09-12T03:41:05-05:00,PUR_IED_MinutoB.Aires_Ext_81293f,PUR_IED_MinutoB.Aires_Ext_81293f,,,,,
2026-09-12T03:41:05-05:00,PUR_IED_MinutoBAires_A11_1b1604,PUR_IED_MinutoBAires_A11_1b1604,,,,,
2026-09-12T03:41:05-05:00,PUR_IED_MinutoBAires_A12_fb5860,PUR_IED_MinutoBAires_A12_fb5860,,,,,
2026-09-12T03:41:05-05:00,PUR_IED_MinutoBAires_Ext_81293f,PUR_IED_MinutoBAires_Ext_81293f,,,,,
2026-09-12T03:41:05-05:00,PUR_IED_Montreal_Aula10_1e4959,PUR_IED_Montreal_Aula10_1e4959,,,,,
2026-09-12T03:41:05-05:00,PUR_IED_Montreal_Aula6_300367,PUR_IED_Montreal_Aula6_300367,,,,,
2026-09-12T03:41:05-05:00,PUR_IED_Montreal_Exterior_91a179,PUR_IED_Montreal_Exterior_91a179,,,,,
2026-09-12T03:41:05-05:00,PUR_IED_Mqgdalena_B202_5ddda3,PUR_IED_Mqgdalena_B202_5ddda3,,,,,
2026-09-12T03:41:05-05:00,PUR_IED_NACUND_Soc_dc8728,PUR_IED_NACUND_Soc_dc8728,,,,,
2026-09-12T03:41:05-05:00,PUR_IED_NACUND_ext_27ad97,PUR_IED_NACUND_ext_27ad97,,,,,
2026-09-12T03:41:05-05:00,PUR_IED_NEsperanza_Ext_d24b61,PUR_IED_NEsperanza_Ext_d24b61,,,,,
2026-09-12T03:41:05-05:00,PUR_IED_NEsperanza_SElect_7d1807,PUR_IED_NEsperanza_SElect_7d1807,,,,,
2026-09-12T03:41:05-05:00,PUR_IED_NEsperanza_SLabor_8b2d0a,PUR_IED_NEsperanza_SLabor_8b2d0a,,,,,
2026-09-12T03:41:05-05:00,PUR_IED_NacionesU_Ext_f661a9,PUR_IED_NacionesU_Ext_f661a9,,,,,
2026-09-12T03:41:05-05:00,PUR_IED_NacionesU_Quimica_66f0a,PUR_IED_NacionesU_Quimica_66f0a,,,,,
2026-09-12T03:41:05-05:00,PUR_IED_NacionesU_S306_1b4b3d,PUR_IED_NacionesU_S306_1b4b3d,,,,,
2026-09-12T03:41:05-05:00,PUR_IED_NestorFA_Ext_e4201c,PUR_IED_NestorFA_Ext_e4201c,,,,,
2026-09-12T03:41:05-05:00,PUR_IED_NestorFA_Laborato_f22fe0,PUR_IED_NestorFA_Laborato_f22fe0,,,,,
2026-09-12T03:41:05-05:00,PUR_IED_NestorFA_S204_dee996,PUR_IED_NestorFA_S204_dee996,,,,,
2026-09-12T03:41:05-05:00,PUR_IED_NidyaQT_Aula03_76999b,PUR_IED_NidyaQT_Aula03_76999b,,,,,
2026-09-12T03:41:05-05:00,PUR_IED_NidyaQT_Aula10_56325,PUR_IED_NidyaQT_Aula10_56325,,,,,
2026-09-12T03:41:05-05:00,PUR_IED_NidyaQT_Ext_46e32d,PUR_IED_NidyaQT_Ext_46e32d,,,,,
2026-09-12T03:41:05-05:00,PUR_IED_NuevaCol_Exterior_d9b859,PUR_IED_NuevaCol_Exterior_d9b859,,,,,
2026-09-12T03:41:05-05:00,PUR_IED_NuevaCol_S1101_76c43b,PUR_IED_NuevaCol_S1101_76c43b,,,,,
2026-09-12T03:41:05-05:00,PUR_IED_NuevaCol_S1102_1ce0b5,PUR_IED_NuevaCol_S1102_1ce0b5,,,,,
2026-09-12T03:41:05-05:00,PUR_IED_OEA_A202_f7e3f2,PUR_IED_OEA_A202_f7e3f2,,,,,
2026-09-12T03:41:05-05:00,PUR_IED_OEA_A203_7d1b8d,PUR_IED_OEA_A203_7d1b8d,,,,,
2026-09-12T03:41:05-05:00,PUR_IED_OEA_Ext_27b593,PUR_IED_OEA_Ext_27b593,,,,,
2026-09-12T03:41:05-05:00,PUR_IED_Ochoa_Ext_1c29da,PUR_IED_Ochoa_Ext_1c29da,4,15,96,4.503,-74.107201
2026-09-12T03:41:05-05:00,PUR_IED_Ochoa_S205_8b1121,PUR_IED_Ochoa_S205_8b1121,,,,,
2026-09-12T03:41:05-05:00,PUR_IED_Ochoa_Sistemas_f33af6,PUR_IED_Ochoa_Sistemas_f33af6,,,,,
2026-09-12T03:41:05-05:00,PUR_IED_PQuebec_Ext_1c67c7,PUR_IED_PQuebec_Ext_1c67c7,,,,,
2026-09-12T03:41:05-05:00,PUR_IED_PQuebec_S15_23e8e2,PUR_IED_PQuebec_S15_23e8e2,,,,,
2026-09-12T03:41:05-05:00,PUR_IED_PQuebec_S16_8ec76b,PUR_IED_PQuebec_S16_8ec76b,,,,,
2026-09-12T03:41:05-05:00,PUR_IED_PabloN_Ext_49dc96,PUR_IED_PabloN_Ext_49dc96,,,,,
2026-09-12T03:41:05-05:00,PUR_IED_PabloN_S1102_4e3df5,PUR_IED_PabloN_S1102_4e3df5,,,,,
2026-09-12T03:41:05-05:00,PUR_IED_PabloN_S1103_50c94b,PUR_IED_PabloN_S1103_50c94b,,,,,
2026-09-12T03:41:05-05:00,PUR_IED_Palestina_S1101_db9198,PUR_IED_Palestina_S1101_db9198,,,,,
2026-09-12T03:41:05-05:00,PUR_IED_Palestina_S1102_dc54fa,PUR_IED_Palestina_S1102_dc54fa,,,,,
2026-09-12T03:41:05-05:00,PUR_IED_Palestina_ext_4ccce6,PUR_IED_Palestina_ext_4ccce6,,,,,
2026-09-12T03:41:05-05:00,PUR_IED_Panama_Fisica_4d0794,PUR_IED_Panama_Fisica_4d0794,,,,,
2026-09-12T03:41:05-05:00,PUR_IED_Panama_SIngles_a4077e,PUR_IED_Panama_SIngles_a4077e,,,,,
2026-09-12T03:41:05-05:00,PUR_IED_Panama_ext_4c54b4,PUR_IED_Panama_ext_4c54b4,,,,,
2026-09-12T03:41:05-05:00,PUR_IED_ParaisoM_Exterior_8cd7f0,PUR_IED_ParaisoM_Exterior_8cd7f0,,,,,
2026-09-12T03:41:05-05:00,PUR_IED_ParaisoM_Laborato_27af35,PUR_IED_ParaisoM_Laborato_27af35,,,,,
2026-09-12T03:41:05-05:00,PUR_IED_ParaisoM_S304_d1edca,PUR_IED_ParaisoM_S304_d1edca,,,,,
2026-09-12T03:41:05-05:00,PUR_IED_PorfirioBarba_Ext_301466,PUR_IED_PorfirioBarba_Ext_301466,,,,,
2026-09-12T03:41:05-05:00,PUR_IED_PorfirioBarba_S11_df6cd2,PUR_IED_PorfirioBarba_S11_df6cd2,,,,,
2026-09-12T03:41:05-05:00,PUR_IED_PorfirioBarba_S29_27a7d6,PUR_IED_PorfirioBarba_S29_27a7d6,,,,,
2026-09-12T03:41:05-05:00,PUR_IED_PradoV_Exter_8b27ad,PUR_IED_PradoV_Exter_8b27ad,,,,,
2026-09-12T03:41:05-05:00,PUR_IED_PradoV_S301_de65b5,PUR_IED_PradoV_S301_de65b5,,,,,
2026-09-12T03:41:05-05:00,PUR_IED_PradoV_S302_7d2593,PUR_IED_PradoV_S302_7d2593,,,,,
2026-09-12T03:41:05-05:00,PUR_IED_QuirogaAlz_Ext_1ddc82,PUR_IED_QuirogaAlz_Ext_1ddc82,,,,,
2026-09-12T03:41:05-05:00,PUR_IED_QuirogaAlz_S302_9926a3,PUR_IED_QuirogaAlz_S302_9926a3,,,,,
2026-09-12T03:41:05-05:00,PUR_IED_QuirogaAlz_S305_cdf1f1,PUR_IED_QuirogaAlz_S305_cdf1f1,,,,,
2026-09-12T03:41:05-05:00,PUR_IED_RGuatemala_Biling_dc53b7,PUR_IED_RGuatemala_Biling_dc53b7,,,,,
2026-09-12T03:41:05-05:00,PUR_IED_RGuatemala_Ext_1b89a3,PUR_IED_RGuatemala_Ext_1b89a3,,,,,
2026-09-12T03:41:05-05:00,PUR_IED_RGuatemala_Tecnol_281a34,PUR_IED_RGuatemala_Tecnol_281a34,,,,,
2026-09-12T03:41:05-05:00,PUR_IED_RafaNu_Ext_f7c302,PUR_IED_RafaNu_Ext_f7c302,,,,,
2026-09-12T03:41:05-05:00,PUR_IED_RafaNu_S1101_25fde,PUR_IED_RafaNu_S1101_25fde,,,,,
2026-09-12T03:41:05-05:00,PUR_IED_RafaNu_S1102_281517,PUR_IED_RafaNu_S1102_281517,,,,,
2026-09-12T03:41:05-05:00,PUR_IED_RafaelB_S305_ee2783,PUR_IED_RafaelB_S305_ee2783,,,,,
2026-09-12T03:41:05-05:00,PUR_IED_RafaelB_S306_75fe33,PUR_IED_RafaelB_S306_75fe33,,,,,
2026-09-12T03:41:05-05:00,PUR_IED_RafaelB_ext_283336,PUR_IED_RafaelB_ext_283336,3,18,60,4.6722,-74.0737
2026-09-12T03:41:05-05:00,PUR_IED_RafaelUU_Exterior_281a51,PUR_IED_RafaelUU_Exterior_281a51,,,,,
2026-09-12T03:41:05-05:00,PUR_IED_RafaelUU_Human_806b2,PUR_IED_RafaelUU_Human_806b2,,,,,
2026-09-12T03:41:05-05:00,PUR_IED_RafaelUU_Mate2_5680d4,PUR_IED_RafaelUU_Mate2_5680d4,,,,,
2026-09-12T03:41:05-05:00,PUR_IED_RamonSub_Ext_f9eeb9,PUR_IED_RamonSub_Ext_f9eeb9,,,,,
2026-09-12T03:41:05-05:00,PUR_IED_RamonSub_Media_d1f62f,PUR_IED_RamonSub_Media_d1f62f,,,,,
2026-09-12T03:41:05-05:00,PUR_IED_RamonSub_planta_51b82,PUR_IED_RamonSub_planta_51b82,,,,,
2026-09-12T03:41:05-05:00,PUR_IED_RepBoliVene_Exter_27af7c,PUR_IED_RepBoliVene_Exter_27af7c,,,,,
2026-09-12T03:41:05-05:00,PUR_IED_RepBoliVene_SCPT_5ae2ee,PUR_IED_RepBoliVene_SCPT_5ae2ee,,,,,
2026-09-12T03:41:05-05:00,PUR_IED_RepBoliVene_Socia_4b11d5,PUR_IED_RepBoliVene_Socia_4b11d5,,,,,
2026-09-12T03:41:05-05:00,PUR_IED_RepChina_Ext_76d9ee,PUR_IED_RepChina_Ext_76d9ee,,,,,
2026-09-12T03:41:05-05:00,PUR_IED_RepChina_S404_7c804c,PUR_IED_RepChina_S404_7c804c,,,,,
2026-09-12T03:41:05-05:00,PUR_IED_RepChina_S405_df2c33,PUR_IED_RepChina_S405_df2c33,,,,,
2026-09-12T03:41:05-05:00,PUR_IED_RepublicaC_Exteri_7d1ec9,PUR_IED_RepublicaC_Exteri_7d1ec9,,,,,
2026-09-12T03:41:05-05:00,PUR_IED_RepublicaC_S1101_f544b3,PUR_IED_RepublicaC_S1101_f544b3,,,,,
2026-09-12T03:41:05-05:00,PUR_IED_RepublicaC_S1102_7aafc7,PUR_IED_RepublicaC_S1102_7aafc7,,,,,
2026-09-12T03:41:05-05:00,PUR_IED_Ricaurte_Externo_a0ea1,PUR_IED_Ricaurte_Externo_a0ea1,,,,,
2026-09-12T03:41:05-05:00,PUR_IED_Ricaurte_S210_f546fd,PUR_IED_Ricaurte_S210_f546fd,,,,,
2026-09-12T03:41:05-05:00,PUR_IED_Ricaurte_S309_d4452,PUR_IED_Ricaurte_S309_d4452,,,,,
2026-09-12T03:41:05-05:00,PUR_IED_RogelioS_1102_531e69,PUR_IED_RogelioS_1102_531e69,,,,,
2026-09-12T03:41:05-05:00,PUR_IED_RogelioS_Ext_f25a18,PUR_IED_RogelioS_Ext_f25a18,,,,,
2026-09-12T03:41:05-05:00,PUR_IED_SBernardino_Ext_27aff8,PUR_IED_SBernardino_Ext_27aff8,,,,,
2026-09-12T03:41:05-05:00,PUR_IED_SBernardino_SArte_2ffd33,PUR_IED_SBernardino_SArte_2ffd33,,,,,
2026-09-12T03:41:05-05:00,PUR_IED_SBernardino_SIngl_7c7da5,PUR_IED_SBernardino_SIngl_7c7da5,,,,,
2026-09-12T03:41:05-05:00,PUR_IED_Sago_auditorio_dc9d1d,PUR_IED_Sago_auditorio_dc9d1d,,,,,
2026-09-12T03:41:05-05:00,PUR_IED_Saludcoop_Ext_95aac3,PUR_IED_Saludcoop_Ext_95aac3,,,,,
2026-09-12T03:41:05-05:00,PUR_IED_Saludcoop_InfI_90c854,PUR_IED_Saludcoop_InfI_90c854,,,,,
2026-09-12T03:41:05-05:00,PUR_IED_Saludcoop_SMedia_1b93be,PUR_IED_Saludcoop_SMedia_1b93be,,,,,
2026-09-12T03:41:05-05:00,PUR_IED_SanCarlos_1101_1a2360,PUR_IED_SanCarlos_1101_1a2360,,,,,
2026-09-12T03:41:05-05:00,PUR_IED_SanCarlos_1103_7bafb5,PUR_IED_SanCarlos_1103_7bafb5,,,,,
2026-09-12T03:41:05-05:00,PUR_IED_SanCarlos_Ext_b7cd1,PUR_IED_SanCarlos_Ext_b7cd1,,,,,
2026-09-12T03:41:05-05:00,PUR_IED_SanIgnacioBosa11a_50c26e,PUR_IED_SanIgnacioBosa11a_50c26e,,,,,
2026-09-12T03:41:05-05:00,PUR_IED_SanIgnacioBosa11b_371de8,PUR_IED_SanIgnacioBosa11b_371de8,,,,,
2026-09-12T03:41:05-05:00,PUR_IED_SanIgnacioBosaExt_ef0ffc,PUR_IED_SanIgnacioBosaExt_ef0ffc,,,,,
2026-09-12T03:41:05-05:00,PUR_IED_SanIgnacioBosa_11a_50c26e,PUR_IED_SanIgnacioBosa_11a_50c26e,,,,,
2026-09-12T03:41:05-05:00,PUR_IED_SanIgnacioBosa_Ext_ef0ffc,PUR_IED_SanIgnacioBosa_Ext_ef0ffc,,,,,
2026-09-12T03:41:05-05:00,PUR_IED_SanJoseN_intS1101_31c47f,PUR_IED_SanJoseN_intS1101_31c47f,,,,,
2026-09-12T03:41:05-05:00,PUR_IED_SanJoseUsm_Exter_f5d7e8,PUR_IED_SanJoseUsm_Exter_f5d7e8,,,,,
2026-09-12T03:41:05-05:00,PUR_IED_SanJoseUsm_Int11A_cfdef6,PUR_IED_SanJoseUsm_Int11A_cfdef6,,,,,
2026-09-12T03:41:05-05:00,PUR_IED_SilveriaR_IntB5_905349,PUR_IED_SilveriaR_IntB5_905349,,,,,
2026-09-12T03:41:05-05:00,PUR_IED_SilveriaR_IntSD14_981f93,PUR_IED_SilveriaR_IntSD14_981f93,,,,,
2026-09-12T03:41:05-05:00,PUR_IED_SilveriaR_ext_2b651d,PUR_IED_SilveriaR_ext_2b651d,,,,,
2026-09-12T03:41:05-05:00,PUR_IED_SimonB_Exterior_913975,PUR_IED_SimonB_Exterior_913975,,,,,
2026-09-12T03:41:05-05:00,PUR_IED_SimonB_LabQuimi_c56908,PUR_IED_SimonB_LabQuimi_c56908,,,,,
2026-09-12T03:41:05-05:00,PUR_IED_SimonB_informatic_a28c1,PUR_IED_SimonB_informatic_a28c1,,,,,
2026-09-12T03:41:05-05:00,PUR_IED_Sorrento_1102_315f50,PUR_IED_Sorrento_1102_315f50,,,,,
2026-09-12T03:41:05-05:00,PUR_IED_Sorrento_Minte_214eab,PUR_IED_Sorrento_Minte_214eab,,,,,
2026-09-12T03:41:05-05:00,PUR_IED_Sorrento_ext_7c3a0a,PUR_IED_Sorrento_ext_7c3a0a,,,,,
2026-09-12T03:41:05-05:00,PUR_IED_Tabora_Ext_f048ae,PUR_IED_Tabora_Ext_f048ae,,,,,
2026-09-12T03:41:05-05:00,PUR_IED_Tabora_S1102_b07752,PUR_IED_Tabora_S1102_b07752,,,,,
2026-09-12T03:41:05-05:00,PUR_IED_Tabora_S1103_d988f5,PUR_IED_Tabora_S1103_d988f5,,,,,
2026-09-12T03:41:05-05:00,PUR_IED_Tenerife_Ext_1ab188,PUR_IED_Tenerife_Ext_1ab188,,,,,
2026-09-12T03:41:05-05:00,PUR_IED_Tenerife_SDanzas_7bc02e,PUR_IED_Tenerife_SDanzas_7bc02e,,,,,
2026-09-12T03:41:05-05:00,PUR_IED_Tenerife_SIngles_7cc277,PUR_IED_Tenerife_SIngles_7cc277,,,,,
2026-09-12T03:41:05-05:00,PUR_IED_Tibabuyes_Exter_f2683d,PUR_IED_Tibabuyes_Exter_f2683d,,,,,
2026-09-12T03:41:05-05:00,PUR_IED_Tibabuyes_S10_dc87a8,PUR_IED_Tibabuyes_S10_dc87a8,,,,,
2026-09-12T03:41:05-05:00,PUR_IED_Tibabuyes_S15_dc0526,PUR_IED_Tibabuyes_S15_dc0526,,,,,
2026-09-12T03:41:05-05:00,PUR_IED_UnionE_S301_a1043,PUR_IED_UnionE_S301_a1043,,,,,
2026-09-12T03:41:05-05:00,PUR_IED_UnionE_S307_ff6c2f,PUR_IED_UnionE_S307_ff6c2f,,,,,
2026-09-12T03:41:05-05:00,PUR_IED_UnionE__Ext_5e2468,PUR_IED_UnionE__Ext_5e2468,,,,,
2026-09-12T03:41:05-05:00,PUR_IED_VillaRica_Ext_75be7c,PUR_IED_VillaRica_Ext_75be7c,,,,,
2026-09-12T03:41:05-05:00,PUR_IED_VillaRica_S4_cc5dcd,PUR_IED_VillaRica_S4_cc5dcd,,,,,
2026-09-12T03:41:05-05:00,PUR_IED_VillaRica_Sesp_99f5c,PUR_IED_VillaRica_Sesp_99f5c,,,,,
2026-09-12T03:46:08-05:00,PUR_IED_20deJulio_1101_91b1b9,PUR_IED_20deJulio_1101_91b1b9,,,,,
2026-09-12T03:46:08-05:00,PUR_IED_20deJulio_1102_1cfcf9,PUR_IED_20deJulio_1102_1cfcf9,,,,,
2026-09-12T03:46:08-05:00,PUR_IED_20deJulio_Ext_ab60bd,PUR_IED_20deJulio_Ext_ab60bd,,,,,
2026-09-12T03:46:08-05:00,PUR_IED_AgustinFer_Ext_7b9b77,PUR_IED_AgustinFer_Ext_7b9b77,,,,,
2026-09-12T03:46:08-05:00,PUR_IED_AgustinFer_Info2_27b3a7,PUR_IED_AgustinFer_Info2_27b3a7,,,,,
2026-09-12T03:46:08-05:00,PUR_IED_AgustinFer_Sena_54b4eb,PUR_IED_AgustinFer_Sena_54b4eb,,,,,
2026-09-12T03:46:08-05:00,PUR_IED_AlexanderF_1102_caf07b,PUR_IED_AlexanderF_1102_caf07b,,,,,
2026-09-12T03:46:08-05:00,PUR_IED_AlexanderF_1103_c79e71,PUR_IED_AlexanderF_1103_c79e71,,,,,
2026-09-12T03:46:08-05:00,PUR_IED_AlexanderF_Ext_c5b18b,PUR_IED_AlexanderF_Ext_c5b18b,,,,,
2026-09-12T03:46:08-05:00,PUR_IED_AlfonsoLopez_Ext_281d77,PUR_IED_AlfonsoLopez_Ext_281d77,,,,,
2026-09-12T03:46:08-05:00,PUR_IED_AlfonsoLopez_LabF_888ce0,PUR_IED_AlfonsoLopez_LabF_888ce0,,,,,
2026-09-12T03:46:08-05:00,PUR_IED_AlfonsoLopez_SMed_df6a7f,PUR_IED_AlfonsoLopez_SMed_df6a7f,,,,,
2026-09-12T03:46:08-05:00,PUR_IED_AltamiraSO_A2_209f92,PUR_IED_AltamiraSO_A2_209f92,,,,,
2026-09-12T03:46:08-05:00,PUR_IED_AltamiraSO_Ext_186d66,PUR_IED_AltamiraSO_Ext_186d66,,,,,
2026-09-12T03:46:08-05:00,PUR_IED_AltamiraSO_Sistem_27afe1,PUR_IED_AltamiraSO_Sistem_27afe1,,,,,
2026-09-12T03:46:08-05:00,PUR_IED_AlvaroGom_LabQuim_813179,PUR_IED_AlvaroGom_LabQuim_813179,,,,,
2026-09-12T03:46:08-05:00,PUR_IED_AlvaroGomez_Ext_47c7ca,PUR_IED_AlvaroGomez_Ext_47c7ca,,,,,
2026-09-12T03:46:08-05:00,PUR_IED_AlvaroGomez_LabQuim_813179,PUR_IED_AlvaroGomez_LabQuim_813179,,,,,
2026-09-12T03:46:08-05:00,PUR_IED_AlvaroGomez_S23_7ba89f,PUR_IED_AlvaroGomez_S23_7ba89f,,,,,
2026-09-12T03:46:08-05:00,PUR_IED_Amistad_306_dc8728,PUR_IED_Amistad_306_dc8728,,,,,
2026-09-12T03:46:08-05:00,PUR_IED_Amistad_Ext_8cd55e,PUR_IED_Amistad_Ext_8cd55e,,,,,
2026-09-12T03:46:08-05:00,PUR_IED_Amistad_S202_a41169,PUR_IED_Amistad_S202_a41169,,,,,
2026-09-12T03:46:08-05:00,PUR_IED_AndresBello_Bio_fd5f5e,PUR_IED_AndresBello_Bio_fd5f5e,,,,,
2026-09-12T03:46:08-05:00,PUR_IED_AndresBello_ext_dcad65,PUR_IED_AndresBello_ext_dcad65,,,,,
2026-09-12T03:46:08-05:00,PUR_IED_AndresBello_port_eed3ec,PUR_IED_AndresBello_port_eed3ec,,,,,
2026-09-12T03:46:08-05:00,PUR_IED_AngelaR_11b_d90a6b,PUR_IED_AngelaR_11b_d90a6b,,,,,
2026-09-12T03:46:08-05:00,PUR_IED_AngelaR_ext_7cad3e,PUR_IED_AngelaR_ext_7cad3e,8,18,63,4.5825,-74.164497
2026-09-12T03:46:08-05:00,PUR_IED_AntJoseSucre_10mo_df2575,PUR_IED_AntJoseSucre_10mo_df2575,,,,,
2026-09-12T03:46:08-05:00,PUR_IED_AntJoseSucre_Ext_215b36,PUR_IED_AntJoseSucre_Ext_215b36,,,,,
2026-09-12T03:46:08-05:00,PUR_IED_AntJoseSucre_Lab_3139de,PUR_IED_AntJoseSucre_Lab_3139de,,,,,
2026-09-12T03:46:08-05:00,PUR_IED_AntonioGarcia_301_d6b188,PUR_IED_AntonioGarcia_301_d6b188,,,,,
2026-09-12T03:46:08-05:00,PUR_IED_AntonioGarcia_302_88a82,PUR_IED_AntonioGarcia_302_88a82,,,,,
2026-09-12T03:46:08-05:00,PUR_IED_AntonioGarcia_Ext_20950c,PUR_IED_AntonioGarcia_Ext_20950c,,,,,
2026-09-12T03:46:08-05:00,PUR_IED_AntonioVan_Aula2_6dea02,PUR_IED_AntonioVan_Aula2_6dea02,,,,,
2026-09-12T03:46:08-05:00,PUR_IED_AntonioVan_Aula5_f1557e,PUR_IED_AntonioVan_Aula5_f1557e,,,,,
2026-09-12T03:46:08-05:00,PUR_IED_AntonioVan_Ext_406f2f,PUR_IED_AntonioVan_Ext_406f2f,,,,,
2026-09-12T03:46:08-05:00,PUR_IED_Atabanzha_Ext_cc5af9,PUR_IED_Atabanzha_Ext_cc5af9,,,,,
2026-09-12T03:46:08-05:00,PUR_IED_Atabanzha_SA101_56c37,PUR_IED_Atabanzha_SA101_56c37,,,,,
2026-09-12T03:46:08-05:00,PUR_IED_Atabanzha_SB302_27b374,PUR_IED_Atabanzha_SB302_27b374,,,,,
2026-09-12T03:46:08-05:00,PUR_IED_Atahualpa_Ext_fc1748,PUR_IED_Atahualpa_Ext_fc1748,,,,,
2026-09-12T03:46:08-05:00,PUR_IED_Atahualpa_Informa_dc9a95,PUR_IED_Atahualpa_Informa_dc9a95,,,,,
2026-09-12T03:46:08-05:00,PUR_IED_Atahualpa_S1101_f98056,PUR_IED_Atahualpa_S1101_f98056,,,,,
2026-09-12T03:46:08-05:00,PUR_IED_Bellavista_Ext_f5aa74,PUR_IED_Bellavista_Ext_f5aa74,,,,,
2026-09-12T03:46:08-05:00,PUR_IED_Bilbao_11A_916c41,PUR_IED_Bilbao_11A_916c41,,,,,
2026-09-12T03:46:08-05:00,PUR_IED_Bilbao_Ext_fb579a,PUR_IED_Bilbao_Ext_fb579a,,,,,
2026-09-12T03:46:08-05:00,PUR_IED_BrasiliaU_A125_304280,PUR_IED_BrasiliaU_A125_304280,,,,,
2026-09-12T03:46:08-05:00,PUR_IED_BrasiliaU_A203_7c8ca5,PUR_IED_BrasiliaU_A203_7c8ca5,,,,,
2026-09-12T03:46:08-05:00,PUR_IED_BrasiliaU_Ext_8d6e9f,PUR_IED_BrasiliaU_Ext_8d6e9f,3,16,64,4.5175,-74.116302
2026-09-12T03:46:08-05:00,PUR_IED_Brasilia_Ext_fe6593,PUR_IED_Brasilia_Ext_fe6593,,,,,
2026-09-12T03:46:08-05:00,PUR_IED_Brasilia_S24_7c130d,PUR_IED_Brasilia_S24_7c130d,,,,,
2026-09-12T03:46:08-05:00,PUR_IED_Brasilia_S501_186a54,PUR_IED_Brasilia_S501_186a54,,,,,
2026-09-12T03:46:08-05:00,PUR_IED_CHARRY_EXT_f1d5cd,PUR_IED_CHARRY_EXT_f1d5cd,,,,,
2026-09-12T03:46:08-05:00,PUR_IED_CHARRY_INTDANZAS_7a08e6,PUR_IED_CHARRY_INTDANZAS_7a08e6,,,,,
2026-09-12T03:46:08-05:00,PUR_IED_CHARRY_INT_AULA20_dc998d,PUR_IED_CHARRY_INT_AULA20_dc998d,,,,,
2026-09-12T03:46:08-05:00,PUR_IED_COLVIV_1101_S25_7f520a,PUR_IED_COLVIV_1101_S25_7f520a,,,,,
2026-09-12T03:46:08-05:00,PUR_IED_COLVIV_1102_S16_f570ba,PUR_IED_COLVIV_1102_S16_f570ba,,,,,
2026-09-12T03:46:08-05:00,PUR_IED_COLVIV_Ext_1a26fa,PUR_IED_COLVIV_Ext_1a26fa,,,,,
2026-09-12T03:46:08-05:00,PUR_IED_CULPOP_301A_f660f3,PUR_IED_CULPOP_301A_f660f3,,,,,
2026-09-12T03:46:08-05:00,PUR_IED_CULPOP_303_568afe,PUR_IED_CULPOP_303_568afe,,,,,
2026-09-12T03:46:08-05:00,PUR_IED_CULPOP_Ext_e02ccb,PUR_IED_CULPOP_Ext_e02ccb,,,,,
2026-09-12T03:46:08-05:00,PUR_IED_CVillavicen_Ext_26eb58,PUR_IED_CVillavicen_Ext_26eb58,6,14,81,4.487,-74.102798
2026-09-12T03:46:08-05:00,PUR_IED_CVillavicen_Intel_1ce5c2,PUR_IED_CVillavicen_Intel_1ce5c2,,,,,
2026-09-12T03:46:08-05:00,PUR_IED_CVillavicen_Poliv_e0766c,PUR_IED_CVillavicen_Poliv_e0766c,,,,,
2026-09-12T03:46:08-05:00,PUR_IED_CVillavicen_int_1ba140,PUR_IED_CVillavicen_int_1ba140,,,,,
2026-09-12T03:46:08-05:00,PUR_IED_CVillavicen_intel_1ba140,PUR_IED_CVillavicen_intel_1ba140,,,,,
2026-09-12T03:46:08-05:00,PUR_IED_CarlosPizarro_Ext_e307cc,PUR_IED_CarlosPizarro_Ext_e307cc,,,,,
2026-09-12T03:46:08-05:00,PUR_IED_CarlosPizarro_L36_7e5cdb,PUR_IED_CarlosPizarro_L36_7e5cdb,,,,,
2026-09-12T03:46:08-05:00,PUR_IED_CarlosPizarro_L37_c8566c,PUR_IED_CarlosPizarro_L37_c8566c,,,,,
2026-09-12T03:46:08-05:00,PUR_IED_Castilla_Ext_cf35f,PUR_IED_Castilla_Ext_cf35f,,,,,
2026-09-12T03:46:08-05:00,PUR_IED_Castilla_SFisik_360e38,PUR_IED_Castilla_SFisik_360e38,,,,,
2026-09-12T03:46:08-05:00,PUR_IED_Castilla_Sc304_496fbf,PUR_IED_Castilla_Sc304_496fbf,,,,,
2026-09-12T03:46:08-05:00,PUR_IED_CervantesSa_Ext_6b57b,PUR_IED_CervantesSa_Ext_6b57b,3,17,69,4.5128,-74.117203
2026-09-12T03:46:08-05:00,PUR_IED_CervantesSa_S107_225c2b,PUR_IED_CervantesSa_S107_225c2b,,,,,
2026-09-12T03:46:08-05:00,PUR_IED_CervantesSa_S108_940925,PUR_IED_CervantesSa_S108_940925,,,,,
2026-09-12T03:46:08-05:00,PUR_IED_Charry_A20_f53e7c,PUR_IED_Charry_A20_f53e7c,,,,,
2026-09-12T03:46:08-05:00,PUR_IED_Charry_Ext_f1d5cd,PUR_IED_Charry_Ext_f1d5cd,,,,,
2026-09-12T03:46:08-05:00,PUR_IED_Charry_IntAula20_dc998d,PUR_IED_Charry_IntAula20_dc998d,,,,,
2026-09-12T03:46:08-05:00,PUR_IED_Charry_IntDanzas_7a08e6,PUR_IED_Charry_IntDanzas_7a08e6,,,,,
2026-09-12T03:46:08-05:00,PUR_IED_ClememciaC_203_43e2fc,PUR_IED_ClememciaC_203_43e2fc,,,,,
2026-09-12T03:46:08-05:00,PUR_IED_ClememciaC_Ext_1b411a,PUR_IED_ClememciaC_Ext_1b411a,,,,,
2026-09-12T03:46:08-05:00,PUR_IED_ClememciaC_Quimic_44b5fc,PUR_IED_ClememciaC_Quimic_44b5fc,,,,,
2026-09-12T03:46:08-05:00,PUR_IED_ClemenciaC_203_43e2fc,PUR_IED_ClemenciaC_203_43e2fc,,,,,
2026-09-12T03:46:08-05:00,PUR_IED_ClemenciaC_Ext_1b411a,PUR_IED_ClemenciaC_Ext_1b411a,,,,,
2026-09-12T03:46:08-05:00,PUR_IED_ClemenciaC_Quimic_44b5fc,PUR_IED_ClemenciaC_Quimic_44b5fc,,,,,
2026-09-12T03:46:08-05:00,PUR_IED_ColViva_1101_S25_7f520a,PUR_IED_ColViva_1101_S25_7f520a,,,,,
2026-09-12T03:46:08-05:00,PUR_IED_ColViva_1102_S16_f570ba,PUR_IED_ColViva_1102_S16_f570ba,,,,,
2026-09-12T03:46:08-05:00,PUR_IED_ColViva_Ext_1a26fa,PUR_IED_ColViva_Ext_1a26fa,,,,,
2026-09-12T03:46:08-05:00,PUR_IED_ColegioBici_Asist_7c8798,PUR_IED_ColegioBici_Asist_7c8798,,,,,
2026-09-12T03:46:08-05:00,PUR_IED_ColegioBici_Ext_25cbf6,PUR_IED_ColegioBici_Ext_25cbf6,,,,,
2026-09-12T03:46:08-05:00,PUR_IED_ColegioBici_LabQ_7b57db,PUR_IED_ColegioBici_LabQ_7b57db,,,,,
2026-09-12T03:46:08-05:00,PUR_IED_CostaRica_Ext_5e640,PUR_IED_CostaRica_Ext_5e640,,,,,
2026-09-12T03:46:08-05:00,PUR_IED_CostaRica_Quim1_766d1c,PUR_IED_CostaRica_Quim1_766d1c,,,,,
2026-09-12T03:46:08-05:00,PUR_IED_CostaRica__Fisica_6f0873,PUR_IED_CostaRica__Fisica_6f0873,,,,,
2026-09-12T03:46:08-05:00,PUR_IED_CulPopu_301A_f660f3,PUR_IED_CulPopu_301A_f660f3,,,,,
2026-09-12T03:46:08-05:00,PUR_IED_CulPopu_303_568afe,PUR_IED_CulPopu_303_568afe,,,,,
2026-09-12T03:46:08-05:00,PUR_IED_CulPopu_Ext_e02ccb,PUR_IED_CulPopu_Ext_e02ccb,,,,,
2026-09-12T03:46:08-05:00,PUR_IED_Cundinamarca_Ext_f15985,PUR_IED_Cundinamarca_Ext_f15985,,,,,
2026-09-12T03:46:08-05:00,PUR_IED_Cundinamarca_Info_7aa5d7,PUR_IED_Cundinamarca_Info_7aa5d7,,,,,
2026-09-12T03:46:08-05:00,PUR_IED_Cundinamarca_Tec2_f449c7,PUR_IED_Cundinamarca_Tec2_f449c7,,,,,
2026-09-12T03:46:08-05:00,PUR_IED_DiegoM_Aula1_27b314,PUR_IED_DiegoM_Aula1_27b314,,,,,
2026-09-12T03:46:08-05:00,PUR_IED_DiegoM_Ext_d80ac8,PUR_IED_DiegoM_Ext_d80ac8,,,,,
2026-09-12T03:46:08-05:00,PUR_IED_DiegoM_S25_da928f,PUR_IED_DiegoM_S25_da928f,,,,,
2026-09-12T03:46:08-05:00,PUR_IED_ELRODEO_360881,PUR_IED_ELRODEO_360881,,,,,
2026-09-12T03:46:08-05:00,PUR_IED_ELRODEO_ext_360881,PUR_IED_ELRODEO_ext_360881,,,,,
2026-09-12T03:46:08-05:00,PUR_IED_EduardoU_Ext_1c1969,PUR_IED_EduardoU_Ext_1c1969,,,,,
2026-09-12T03:46:08-05:00,PUR_IED_EduardoU_SCiencia_4dfb94,PUR_IED_EduardoU_SCiencia_4dfb94,,,,,
2026-09-12T03:46:08-05:00,PUR_IED_EduardoU_SQuimica_5a46e7,PUR_IED_EduardoU_SQuimica_5a46e7,,,,,
2026-09-12T03:46:08-05:00,PUR_IED_ElRodeo_Aula14_676984,PUR_IED_ElRodeo_Aula14_676984,,,,,
2026-09-12T03:46:08-05:00,PUR_IED_ElRodeo_Aula16_2dd35b,PUR_IED_ElRodeo_Aula16_2dd35b,,,,,
2026-09-12T03:46:08-05:00,PUR_IED_ElRodeo_Ext_360881,PUR_IED_ElRodeo_Ext_360881,,,,,
2026-09-12T03:46:08-05:00,PUR_IED_ElRodeo_Exterior_8c6d28,PUR_IED_ElRodeo_Exterior_8c6d28,,,,,
2026-09-12T03:46:08-05:00,PUR_IED_ElRodeo_ext_360881,PUR_IED_ElRodeo_ext_360881,,,,,
2026-09-12T03:46:08-05:00,PUR_IED_EmmaReyes_Ext_987625,PUR_IED_EmmaReyes_Ext_987625,10,21,53,4.6367,-74.1511
2026-09-12T03:46:08-05:00,PUR_IED_Ensueño_Ext_7f0250,PUR_IED_Ensueño_Ext_7f0250,,,,,
2026-09-12T03:46:08-05:00,PUR_IED_EscNormal_Ext_5fef3b,PUR_IED_EscNormal_Ext_5fef3b,2,18,61,4.5852,-74.096901
2026-09-12T03:46:08-05:00,PUR_IED_EscNormal_S309_5b263,PUR_IED_EscNormal_S309_5b263,,,,,
2026-09-12T03:46:08-05:00,PUR_IED_EscNormal_S310_27b3b8,PUR_IED_EscNormal_S310_27b3b8,,,,,
2026-09-12T03:46:08-05:00,PUR_IED_Evangelista_Conta_f6cd4f,PUR_IED_Evangelista_Conta_f6cd4f,,,,,
2026-09-12T03:46:08-05:00,PUR_IED_Evangelista_Cri_5e16a,PUR_IED_Evangelista_Cri_5e16a,,,,,
2026-09-12T03:46:08-05:00,PUR_IED_Evangelista_Exter_754066,PUR_IED_Evangelista_Exter_754066,,,,,
2026-09-12T03:46:08-05:00,PUR_IED_FMiranda_S209_5cc2a3,PUR_IED_FMiranda_S209_5cc2a3,,,,,
2026-09-12T03:46:08-05:00,PUR_IED_FMiranda_S303_19e344,PUR_IED_FMiranda_S303_19e344,,,,,
2026-09-12T03:46:08-05:00,PUR_IED_FMiranda_ext_f53e7c,PUR_IED_FMiranda_ext_f53e7c,,,,,
2026-09-12T03:46:08-05:00,PUR_IED_FabioLozano_Bibli_1cee05,PUR_IED_FabioLozano_Bibli_1cee05,,,,,
2026-09-12T03:46:08-05:00,PUR_IED_FabioLozano_Ext_6ea285,PUR_IED_FabioLozano_Ext_6ea285,,,,,
2026-09-12T03:46:08-05:00,PUR_IED_FabioLozano_SLudi_f09e1e,PUR_IED_FabioLozano_SLudi_f09e1e,,,,,
2026-09-12T03:46:08-05:00,PUR_IED_FaustinoS_Aula07_27a731,PUR_IED_FaustinoS_Aula07_27a731,,,,,
2026-09-12T03:46:08-05:00,PUR_IED_FaustinoS_Ext_7b936f,PUR_IED_FaustinoS_Ext_7b936f,,,,,
2026-09-12T03:46:08-05:00,PUR_IED_FaustinoS_Fisica_da2c60,PUR_IED_FaustinoS_Fisica_da2c60,,,,,
2026-09-12T03:46:08-05:00,PUR_IED_FeGarciaLo_Ext_dc68ee,PUR_IED_FeGarciaLo_Ext_dc68ee,,,,,
2026-09-12T03:46:08-05:00,PUR_IED_FeGarciaLo_SDanza_f70a59,PUR_IED_FeGarciaLo_SDanza_f70a59,,,,,
2026-09-12T03:46:08-05:00,PUR_IED_FeGarciaLo_SMusic_125cdd,PUR_IED_FeGarciaLo_SMusic_125cdd,,,,,
2026-09-12T03:46:08-05:00,PUR_IED_FederalAlema_Exte_50c345,PUR_IED_FederalAlema_Exte_50c345,,,,,
2026-09-12T03:46:08-05:00,PUR_IED_FederalAlema_S31_f18371,PUR_IED_FederalAlema_S31_f18371,,,,,
2026-09-12T03:46:08-05:00,PUR_IED_FederalAlema_S901_a62cd,PUR_IED_FederalAlema_S901_a62cd,,,,,
2026-09-12T03:46:08-05:00,PUR_IED_FilarmonicaS_A5_f35eb1,PUR_IED_FilarmonicaS_A5_f35eb1,,,,,
2026-09-12T03:46:08-05:00,PUR_IED_FilarmonicaS_Ext_8a3bde,PUR_IED_FilarmonicaS_Ext_8a3bde,,,,,
2026-09-12T03:46:08-05:00,PUR_IED_FilarmonicaS_Spol_406114,PUR_IED_FilarmonicaS_Spol_406114,,,,,
2026-09-12T03:46:08-05:00,PUR_IED_FlorentinoG_A13_d1fa59,PUR_IED_FlorentinoG_A13_d1fa59,,,,,
2026-09-12T03:46:08-05:00,PUR_IED_FlorentinoG_Ext_1ce6ce,PUR_IED_FlorentinoG_Ext_1ce6ce,,,,,
2026-09-12T03:46:08-05:00,PUR_IED_FlorentinoG_Idiom_a66aac,PUR_IED_FlorentinoG_Idiom_a66aac,,,,,
2026-09-12T03:46:08-05:00,PUR_IED_FranciscoMati_Ext_e3869d,PUR_IED_FranciscoMati_Ext_e3869d,,,,,
2026-09-12T03:46:08-05:00,PUR_IED_FranciscoMati_S13_f31c67,PUR_IED_FranciscoMati_S13_f31c67,,,,,
2026-09-12T03:46:08-05:00,PUR_IED_FranciscoMati_S14_97dead,PUR_IED_FranciscoMati_S14_97dead,,,,,
2026-09-12T03:46:08-05:00,PUR_IED_FranciscoPS_Ext_7bfa9a,PUR_IED_FranciscoPS_Ext_7bfa9a,2,19,60,4.5899,-74.110397
2026-09-12T03:46:08-05:00,PUR_IED_FranciscoPS_Infor_fb8f4c,PUR_IED_FranciscoPS_Infor_fb8f4c,,,,,
2026-09-12T03:46:08-05:00,PUR_IED_FranciscoPS_Quimi_94d39c,PUR_IED_FranciscoPS_Quimi_94d39c,,,,,
2026-09-12T03:46:08-05:00,PUR_IED_FranciscoP_LabQ_d7e148,PUR_IED_FranciscoP_LabQ_d7e148,,,,,
2026-09-12T03:46:08-05:00,PUR_IED_FranciscoP_S28_cf9b30,PUR_IED_FranciscoP_S28_cf9b30,,,,,
2026-09-12T03:46:08-05:00,PUR_IED_FranciscoP_ext_e2313,PUR_IED_FranciscoP_ext_e2313,,,,,
2026-09-12T03:46:08-05:00,PUR_IED_FriederichN_Ext_8ac92a,PUR_IED_FriederichN_Ext_8ac92a,,,,,
2026-09-12T03:46:08-05:00,PUR_IED_FriederichN_S301_dd7e5a,PUR_IED_FriederichN_S301_dd7e5a,,,,,
2026-09-12T03:46:08-05:00,PUR_IED_FriederichN_S308_761f4f,PUR_IED_FriederichN_S308_761f4f,,,,,
2026-09-12T03:46:08-05:00,PUR_IED_GSantander_Aula10_533dd7,PUR_IED_GSantander_Aula10_533dd7,,,,,
2026-09-12T03:46:08-05:00,PUR_IED_GSantander_Aula12_fd4e4f,PUR_IED_GSantander_Aula12_fd4e4f,,,,,
2026-09-12T03:46:08-05:00,PUR_IED_GSantander_Aula310_533dd7,PUR_IED_GSantander_Aula310_533dd7,,,,,
2026-09-12T03:46:08-05:00,PUR_IED_GSantander_Aula312_fd4e4f,PUR_IED_GSantander_Aula312_fd4e4f,,,,,
2026-09-12T03:46:08-05:00,PUR_IED_GSantander_Ext_5f66b0,PUR_IED_GSantander_Ext_5f66b0,,,,,
2026-09-12T03:46:08-05:00,PUR_IED_GYomasa_Ext_f6bea5,PUR_IED_GYomasa_Ext_f6bea5,,,,,
2026-09-12T03:46:08-05:00,PUR_IED_GYomasa_LBiol_2c41aa,PUR_IED_GYomasa_LBiol_2c41aa,,,,,
2026-09-12T03:46:08-05:00,PUR_IED_GYomasa_LQuim_33c80,PUR_IED_GYomasa_LQuim_33c80,,,,,
2026-09-12T03:46:08-05:00,PUR_IED_GabBetMejia_Cienc_5a99c,PUR_IED_GabBetMejia_Cienc_5a99c,,,,,
2026-09-12T03:46:08-05:00,PUR_IED_GabBetMejia_Ext_9153d0,PUR_IED_GabBetMejia_Ext_9153d0,,,,,
2026-09-12T03:46:08-05:00,PUR_IED_GabBetMejia_Lab_f55347,PUR_IED_GabBetMejia_Lab_f55347,,,,,
2026-09-12T03:46:08-05:00,PUR_IED_GabBetanMejia_Ext_9153d0,PUR_IED_GabBetanMejia_Ext_9153d0,,,,,
2026-09-12T03:46:08-05:00,PUR_IED_Gaitana_Aula13_7aac11,PUR_IED_Gaitana_Aula13_7aac11,,,,,
2026-09-12T03:46:08-05:00,PUR_IED_Gaitana_Ext_5fcf4,PUR_IED_Gaitana_Ext_5fcf4,,,,,
2026-09-12T03:46:08-05:00,PUR_IED_Gaitana_LabFisica_644448,PUR_IED_Gaitana_LabFisica_644448,,,,,
2026-09-12T03:46:08-05:00,PUR_IED_GenSantander_Dise_8ac858,PUR_IED_GenSantander_Dise_8ac858,,,,,
2026-09-12T03:46:08-05:00,PUR_IED_GenSantander_Ext_8d5dfe,PUR_IED_GenSantander_Ext_8d5dfe,,,,,
2026-09-12T03:46:08-05:00,PUR_IED_GenSantander_Info_6c25b,PUR_IED_GenSantander_Info_6c25b,,,,,
2026-09-12T03:46:08-05:00,PUR_IED_GustavoMo_Exterio_75e63d,PUR_IED_GustavoMo_Exterio_75e63d,,,,,
2026-09-12T03:46:08-05:00,PUR_IED_GustavoMo_LabFisi_224d37,PUR_IED_GustavoMo_LabFisi_224d37,,,,,
2026-09-12T03:46:08-05:00,PUR_IED_GustavoMo_S208_3e6918,PUR_IED_GustavoMo_S208_3e6918,,,,,
2026-09-12T03:46:08-05:00,PUR_IED_GustavoR_A02_8cd4a8,PUR_IED_GustavoR_A02_8cd4a8,,,,,
2026-09-12T03:46:08-05:00,PUR_IED_GustavoR_B11_5b0ed,PUR_IED_GustavoR_B11_5b0ed,,,,,
2026-09-12T03:46:08-05:00,PUR_IED_GustavoR_Ext_7a0c90,PUR_IED_GustavoR_Ext_7a0c90,,,,,
2026-09-12T03:46:08-05:00,PUR_IED_HernandoDuran_Ext_8cd82b,PUR_IED_HernandoDuran_Ext_8cd82b,,,,,
2026-09-12T03:46:08-05:00,PUR_IED_HernandoDuran_S24_2772c6,PUR_IED_HernandoDuran_S24_2772c6,,,,,
2026-09-12T03:46:08-05:00,PUR_IED_HernandoDuran_S30_f2de41,PUR_IED_HernandoDuran_S30_f2de41,,,,,
2026-09-12T03:46:08-05:00,PUR_IED_HolguInUr_S1101_8cd732,PUR_IED_HolguInUr_S1101_8cd732,,,,,
2026-09-12T03:46:08-05:00,PUR_IED_HolguinUr_Exter_ddae6d,PUR_IED_HolguinUr_Exter_ddae6d,,,,,
2026-09-12T03:46:08-05:00,PUR_IED_HolguinUr_LabQuim_92b952,PUR_IED_HolguinUr_LabQuim_92b952,,,,,
2026-09-12T03:46:08-05:00,PUR_IED_Isabel-II_Ext_5245cc,PUR_IED_Isabel-II_Ext_5245cc,8,19,59,4.6336,-74.153
2026-09-12T03:46:08-05:00,PUR_IED_Isabel-II_S_idiom_1c29aa,PUR_IED_Isabel-II_S_idiom_1c29aa,,,,,
2026-09-12T03:46:08-05:00,PUR_IED_Isabel-II_S_infor_fd741,PUR_IED_Isabel-II_S_infor_fd741,,,,,
2026-09-12T03:46:08-05:00,PUR_IED_IsidroSur_Exterio_5b90ea,PUR_IED_IsidroSur_Exterio_5b90ea,,,,,
2026-09-12T03:46:08-05:00,PUR_IED_IsidroSur_LabTec_56697a,PUR_IED_IsidroSur_LabTec_56697a,,,,,
2026-09-12T03:46:08-05:00,PUR_IED_IsidroSur_Robotic_b7c38f,PUR_IED_IsidroSur_Robotic_b7c38f,,,,,
2026-09-12T03:46:08-05:00,PUR_IED_IsmaelPerd_Ext_7b6672,PUR_IED_IsmaelPerd_Ext_7b6672,,,,,
2026-09-12T03:46:08-05:00,PUR_IED_IsmaelPerd_Inform_306540,PUR_IED_IsmaelPerd_Inform_306540,,,,,
2026-09-12T03:46:08-05:00,PUR_IED_IsmaelPerd_S30_2e2c83,PUR_IED_IsmaelPerd_S30_2e2c83,,,,,
2026-09-12T03:46:08-05:00,PUR_IED_JLozano_Exter_432910,PUR_IED_JLozano_Exter_432910,,,,,
2026-09-12T03:46:08-05:00,PUR_IED_JLozano_salaMulti_df5125,PUR_IED_JLozano_salaMulti_df5125,,,,,
2026-09-12T03:46:08-05:00,PUR_IED_JMCordoba_206_86f80b,PUR_IED_JMCordoba_206_86f80b,,,,,
2026-09-12T03:46:08-05:00,PUR_IED_JMCordoba_Ext_27ad97,PUR_IED_JMCordoba_Ext_27ad97,,,,,
2026-09-12T03:46:08-05:00,PUR_IED_JMCordoba_S310_d59ab4,PUR_IED_JMCordoba_S310_d59ab4,,,,,
2026-09-12T03:46:08-05:00,PUR_IED_Japon_Ext_549100,PUR_IED_Japon_Ext_549100,,,,,
2026-09-12T03:46:08-05:00,PUR_IED_Japon_Laboratorio_bec51d,PUR_IED_Japon_Laboratorio_bec51d,,,,,
2026-09-12T03:46:08-05:00,PUR_IED_Japon_informatica_d99327,PUR_IED_Japon_informatica_d99327,,,,,
2026-09-12T03:46:08-05:00,PUR_IED_Jazmin_Ext_d27bda,PUR_IED_Jazmin_Ext_d27bda,,,,,
2026-09-12T03:46:08-05:00,PUR_IED_Jazmin_Fisica_8d14d7,PUR_IED_Jazmin_Fisica_8d14d7,,,,,
2026-09-12T03:46:08-05:00,PUR_IED_Jazmin_Quimica_801cb5,PUR_IED_Jazmin_Quimica_801cb5,,,,,
2026-09-12T03:46:08-05:00,PUR_IED_JorgeGaitan_Exter_f098d1,PUR_IED_JorgeGaitan_Exter_f098d1,,,,,
2026-09-12T03:46:08-05:00,PUR_IED_JorgeGaitan_STec1_dc9d1d,PUR_IED_JorgeGaitan_STec1_dc9d1d,,,,,
2026-09-12T03:46:08-05:00,PUR_IED_JorgeGaitan_STec2_281e69,PUR_IED_JorgeGaitan_STec2_281e69,,,,,
2026-09-12T03:46:08-05:00,PUR_IED_JorgeSoto_Exterio_d9d0a2,PUR_IED_JorgeSoto_Exterio_d9d0a2,,,,,
2026-09-12T03:46:08-05:00,PUR_IED_JorgeSoto_LabFisi_209c54,PUR_IED_JorgeSoto_LabFisi_209c54,,,,,
2026-09-12T03:46:08-05:00,PUR_IED_JorgeSoto_S103_27b51a,PUR_IED_JorgeSoto_S103_27b51a,,,,,
2026-09-12T03:46:08-05:00,PUR_IED_JoseAcevedo_A02_e965eb,PUR_IED_JoseAcevedo_A02_e965eb,,,,,
2026-09-12T03:46:08-05:00,PUR_IED_JoseAcevedo_A07_dd5b4,PUR_IED_JoseAcevedo_A07_dd5b4,,,,,
2026-09-12T03:46:08-05:00,PUR_IED_JoseAcevedo_Ext_b47484,PUR_IED_JoseAcevedo_Ext_b47484,,,,,
2026-09-12T03:46:08-05:00,PUR_IED_JoseMarti_Exte_5b9bf,PUR_IED_JoseMarti_Exte_5b9bf,,,,,
2026-09-12T03:46:08-05:00,PUR_IED_JoseMarti_LabQuim_1c6c2d,PUR_IED_JoseMarti_LabQuim_1c6c2d,,,,,
2026-09-12T03:46:08-05:00,PUR_IED_JoseMarti_S_info_f5f177,PUR_IED_JoseMarti_S_info_f5f177,,,,,
2026-09-12T03:46:08-05:00,PUR_IED_Josejoaquin_Ext_dfc5dc,PUR_IED_Josejoaquin_Ext_dfc5dc,,,,,
2026-09-12T03:46:08-05:00,PUR_IED_Josejoaquin_S05_5b2a96,PUR_IED_Josejoaquin_S05_5b2a96,,,,,
2026-09-12T03:46:08-05:00,PUR_IED_Josejoaquin_S06_1ce7d2,PUR_IED_Josejoaquin_S06_1ce7d2,,,,,
2026-09-12T03:46:08-05:00,PUR_IED_JulioFlorez_Danza_9b82dd,PUR_IED_JulioFlorez_Danza_9b82dd,,,,,
2026-09-12T03:46:08-05:00,PUR_IED_JulioFlorez_Exter_f9f314,PUR_IED_JulioFlorez_Exter_f9f314,,,,,
2026-09-12T03:46:08-05:00,PUR_IED_JulioFlorez_info2_6b6e08,PUR_IED_JulioFlorez_info2_6b6e08,,,,,
2026-09-12T03:46:08-05:00,PUR_IED_LaBelleza_Aula13_1d00d8,PUR_IED_LaBelleza_Aula13_1d00d8,,,,,
2026-09-12T03:46:08-05:00,PUR_IED_LaBelleza_Ext_7bc08c,PUR_IED_LaBelleza_Ext_7bc08c,,,,,
2026-09-12T03:46:08-05:00,PUR_IED_LaChucua_Ext_8cd6d2,PUR_IED_LaChucua_Ext_8cd6d2,,,,,
2026-09-12T03:46:08-05:00,PUR_IED_LaChucua_S15_f578ce,PUR_IED_LaChucua_S15_f578ce,,,,,
2026-09-12T03:46:08-05:00,PUR_IED_LaChucua_S16_eebcf9,PUR_IED_LaChucua_S16_eebcf9,,,,,
2026-09-12T03:46:08-05:00,PUR_IED_LaFelicidad_Ext_fb5109,PUR_IED_LaFelicidad_Ext_fb5109,,,,,
2026-09-12T03:46:08-05:00,PUR_IED_LaMerced_206_66ebd,PUR_IED_LaMerced_206_66ebd,,,,,
2026-09-12T03:46:08-05:00,PUR_IED_LaMerced_207_6ebd6,PUR_IED_LaMerced_207_6ebd6,,,,,
2026-09-12T03:46:08-05:00,PUR_IED_LaMerced_ext_304311,PUR_IED_LaMerced_ext_304311,,,,,
2026-09-12T03:46:08-05:00,PUR_IED_Laureano_CiencNat_281e5e,PUR_IED_Laureano_CiencNat_281e5e,,,,,
2026-09-12T03:46:08-05:00,PUR_IED_Laureano_Comedor_f65c0a,PUR_IED_Laureano_Comedor_f65c0a,,,,,
2026-09-12T03:46:08-05:00,PUR_IED_Laureano_Exterior_7ab011,PUR_IED_Laureano_Exterior_7ab011,,,,,
2026-09-12T03:46:08-05:00,PUR_IED_LeonGreiff_Exte_dfe560,PUR_IED_LeonGreiff_Exte_dfe560,,,,,
2026-09-12T03:46:08-05:00,PUR_IED_LeonGreiff_S210_f264ed,PUR_IED_LeonGreiff_S210_f264ed,,,,,
2026-09-12T03:46:08-05:00,PUR_IED_LeonGreiff_SQuimi_e8296f,PUR_IED_LeonGreiff_SQuimi_e8296f,,,,,
2026-09-12T03:46:08-05:00,PUR_IED_LlanoOrientalS208_7b9fcd,PUR_IED_LlanoOrientalS208_7b9fcd,,,,,
2026-09-12T03:46:08-05:00,PUR_IED_LlanoOriental_Ext_fb3766,PUR_IED_LlanoOriental_Ext_fb3766,,,,,
2026-09-12T03:46:08-05:00,PUR_IED_LlanoOriental_S208_7b9fcd,PUR_IED_LlanoOriental_S208_7b9fcd,,,,,
2026-09-12T03:46:08-05:00,PUR_IED_LlanoOriental_S9_27b378,PUR_IED_LlanoOriental_S9_27b378,,,,,
2026-09-12T03:46:08-05:00,PUR_IED_LosTejares_1101_477602,PUR_IED_LosTejares_1101_477602,,,,,
2026-09-12T03:46:08-05:00,PUR_IED_LosTejares_11_d2c595,PUR_IED_LosTejares_11_d2c595,,,,,
2026-09-12T03:46:08-05:00,PUR_IED_LosTejares_12_477602,PUR_IED_LosTejares_12_477602,,,,,
2026-09-12T03:46:08-05:00,PUR_IED_LosTejares_Ext_8e2115,PUR_IED_LosTejares_Ext_8e2115,,,,,
2026-09-12T03:46:08-05:00,PUR_IED_MagdalenaO_B202_5ddda3,PUR_IED_MagdalenaO_B202_5ddda3,,,,,
2026-09-12T03:46:08-05:00,PUR_IED_MagdalenaO_B205_fb76e8,PUR_IED_MagdalenaO_B205_fb76e8,,,,,
2026-09-12T03:46:08-05:00,PUR_IED_MagdalenaO_ext_dc69cd,PUR_IED_MagdalenaO_ext_dc69cd,,,,,
2026-09-12T03:46:08-05:00,PUR_IED_ManueCepeda_artes_eee956,PUR_IED_ManueCepeda_artes_eee956,,,,,
2026-09-12T03:46:08-05:00,PUR_IED_ManuelCepeda_Ext_58313,PUR_IED_ManuelCepeda_Ext_58313,,,,,
2026-09-12T03:46:08-05:00,PUR_IED_ManuelCepeda_tec_1c5731,PUR_IED_ManuelCepeda_tec_1c5731,,,,,
2026-09-12T03:46:08-05:00,PUR_IED_ManuelS_Exterior_5b269,PUR_IED_ManuelS_Exterior_5b269,,,,,
2026-09-12T03:46:08-05:00,PUR_IED_ManuelS_Inform_f369ce,PUR_IED_ManuelS_Inform_f369ce,,,,,
2026-09-12T03:46:08-05:00,PUR_IED_ManuelS_SArtes_7d15f1,PUR_IED_ManuelS_SArtes_7d15f1,,,,,
2026-09-12T03:46:08-05:00,PUR_IED_ManuelZapata_303_3ca6,PUR_IED_ManuelZapata_303_3ca6,,,,,
2026-09-12T03:46:08-05:00,PUR_IED_ManuelZapata_311_bfbabc,PUR_IED_ManuelZapata_311_bfbabc,,,,,
2026-09-12T03:46:08-05:00,PUR_IED_ManuelZapata_Ext_50824a,PUR_IED_ManuelZapata_Ext_50824a,,,,,
2026-09-12T03:46:08-05:00,PUR_IED_ManuelitaS_Exteri_656a92,PUR_IED_ManuelitaS_Exteri_656a92,,,,,
2026-09-12T03:46:08-05:00,PUR_IED_ManuelitaS_JuzgDe_f58ec3,PUR_IED_ManuelitaS_JuzgDe_f58ec3,,,,,
2026-09-12T03:46:08-05:00,PUR_IED_ManuelitaS_Recrea_d793db,PUR_IED_ManuelitaS_Recrea_d793db,,,,,
2026-09-12T03:46:08-05:00,PUR_IED_MarFidSuarez_Ext_c27b19,PUR_IED_MarFidSuarez_Ext_c27b19,,,,,
2026-09-12T03:46:08-05:00,PUR_IED_MarFidSuarez_Info_e384d7,PUR_IED_MarFidSuarez_Info_e384d7,,,,,
2026-09-12T03:46:08-05:00,PUR_IED_MarFidSuarez_S306_1d0032,PUR_IED_MarFidSuarez_S306_1d0032,,,,,
2026-09-12T03:46:08-05:00,PUR_IED_Menorah_301_2a25a3,PUR_IED_Menorah_301_2a25a3,,,,,
2026-09-12T03:46:08-05:00,PUR_IED_Menorah_306_37ed3,PUR_IED_Menorah_306_37ed3,,,,,
2026-09-12T03:46:08-05:00,PUR_IED_Menorah_Ext_3e155b,PUR_IED_Menorah_Ext_3e155b,,,,,
2026-09-12T03:46:08-05:00,PUR_IED_MinutoB.Aires_A11_1b1604,PUR_IED_MinutoB.Aires_A11_1b1604,,,,,
2026-09-12T03:46:08-05:00,PUR_IED_MinutoB.Aires_A12_fb5860,PUR_IED_MinutoB.Aires_A12_fb5860,,,,,
2026-09-12T03:46:08-05:00,PUR_IED_MinutoB.Aires_Ext_81293f,PUR_IED_MinutoB.Aires_Ext_81293f,,,,,
2026-09-12T03:46:08-05:00,PUR_IED_MinutoBAires_A11_1b1604,PUR_IED_MinutoBAires_A11_1b1604,,,,,
2026-09-12T03:46:08-05:00,PUR_IED_MinutoBAires_A12_fb5860,PUR_IED_MinutoBAires_A12_fb5860,,,,,
2026-09-12T03:46:08-05:00,PUR_IED_MinutoBAires_Ext_81293f,PUR_IED_MinutoBAires_Ext_81293f,,,,,
2026-09-12T03:46:08-05:00,PUR_IED_Montreal_Aula10_1e4959,PUR_IED_Montreal_Aula10_1e4959,,,,,
2026-09-12T03:46:08-05:00,PUR_IED_Montreal_Aula6_300367,PUR_IED_Montreal_Aula6_300367,,,,,
2026-09-12T03:46:08-05:00,PUR_IED_Montreal_Exterior_91a179,PUR_IED_Montreal_Exterior_91a179,,,,,
2026-09-12T03:46:08-05:00,PUR_IED_Mqgdalena_B202_5ddda3,PUR_IED_Mqgdalena_B202_5ddda3,,,,,
2026-09-12T03:46:08-05:00,PUR_IED_NACUND_Soc_dc8728,PUR_IED_NACUND_Soc_dc8728,,,,,
2026-09-12T03:46:08-05:00,PUR_IED_NACUND_ext_27ad97,PUR_IED_NACUND_ext_27ad97,,,,,
2026-09-12T03:46:08-05:00,PUR_IED_NEsperanza_Ext_d24b61,PUR_IED_NEsperanza_Ext_d24b61,,,,,
2026-09-12T03:46:08-05:00,PUR_IED_NEsperanza_SElect_7d1807,PUR_IED_NEsperanza_SElect_7d1807,,,,,
2026-09-12T03:46:08-05:00,PUR_IED_NEsperanza_SLabor_8b2d0a,PUR_IED_NEsperanza_SLabor_8b2d0a,,,,,
2026-09-12T03:46:08-05:00,PUR_IED_NacionesU_Ext_f661a9,PUR_IED_NacionesU_Ext_f661a9,,,,,
2026-09-12T03:46:08-05:00,PUR_IED_NacionesU_Quimica_66f0a,PUR_IED_NacionesU_Quimica_66f0a,,,,,
2026-09-12T03:46:08-05:00,PUR_IED_NacionesU_S306_1b4b3d,PUR_IED_NacionesU_S306_1b4b3d,,,,,
2026-09-12T03:46:08-05:00,PUR_IED_NestorFA_Ext_e4201c,PUR_IED_NestorFA_Ext_e4201c,,,,,
2026-09-12T03:46:08-05:00,PUR_IED_NestorFA_Laborato_f22fe0,PUR_IED_NestorFA_Laborato_f22fe0,,,,,
2026-09-12T03:46:08-05:00,PUR_IED_NestorFA_S204_dee996,PUR_IED_NestorFA_S204_dee996,,,,,
2026-09-12T03:46:08-05:00,PUR_IED_NidyaQT_Aula03_76999b,PUR_IED_NidyaQT_Aula03_76999b,,,,,
2026-09-12T03:46:08-05:00,PUR_IED_NidyaQT_Aula10_56325,PUR_IED_NidyaQT_Aula10_56325,,,,,
2026-09-12T03:46:08-05:00,PUR_IED_NidyaQT_Ext_46e32d,PUR_IED_NidyaQT_Ext_46e32d,,,,,
2026-09-12T03:46:08-05:00,PUR_IED_NuevaCol_Exterior_d9b859,PUR_IED_NuevaCol_Exterior_d9b859,,,,,
2026-09-12T03:46:08-05:00,PUR_IED_NuevaCol_S1101_76c43b,PUR_IED_NuevaCol_S1101_76c43b,,,,,
2026-09-12T03:46:08-05:00,PUR_IED_NuevaCol_S1102_1ce0b5,PUR_IED_NuevaCol_S1102_1ce0b5,,,,,
2026-09-12T03:46:08-05:00,PUR_IED_OEA_A202_f7e3f2,PUR_IED_OEA_A202_f7e3f2,,,,,
2026-09-12T03:46:08-05:00,PUR_IED_OEA_A203_7d1b8d,PUR_IED_OEA_A203_7d1b8d,,,,,
2026-09-12T03:46:08-05:00,PUR_IED_OEA_Ext_27b593,PUR_IED_OEA_Ext_27b593,,,,,
2026-09-12T03:46:08-05:00,PUR_IED_Ochoa_Ext_1c29da,PUR_IED_Ochoa_Ext_1c29da,,,,,
2026-09-12T03:46:08-05:00,PUR_IED_Ochoa_S205_8b1121,PUR_IED_Ochoa_S205_8b1121,,,,,
2026-09-12T03:46:08-05:00,PUR_IED_Ochoa_Sistemas_f33af6,PUR_IED_Ochoa_Sistemas_f33af6,,,,,
2026-09-12T03:46:08-05:00,PUR_IED_PQuebec_Ext_1c67c7,PUR_IED_PQuebec_Ext_1c67c7,,,,,
2026-09-12T03:46:08-05:00,PUR_IED_PQuebec_S15_23e8e2,PUR_IED_PQuebec_S15_23e8e2,,,,,
2026-09-12T03:46:08-05:00,PUR_IED_PQuebec_S16_8ec76b,PUR_IED_PQuebec_S16_8ec76b,,,,,
2026-09-12T03:46:08-05:00,PUR_IED_PabloN_Ext_49dc96,PUR_IED_PabloN_Ext_49dc96,,,,,
2026-09-12T03:46:08-05:00,PUR_IED_PabloN_S1102_4e3df5,PUR_IED_PabloN_S1102_4e3df5,,,,,
2026-09-12T03:46:08-05:00,PUR_IED_PabloN_S1103_50c94b,PUR_IED_PabloN_S1103_50c94b,,,,,
2026-09-12T03:46:08-05:00,PUR_IED_Palestina_S1101_db9198,PUR_IED_Palestina_S1101_db9198,,,,,
2026-09-12T03:46:08-05:00,PUR_IED_Palestina_S1102_dc54fa,PUR_IED_Palestina_S1102_dc54fa,,,,,
2026-09-12T03:46:08-05:00,PUR_IED_Palestina_ext_4ccce6,PUR_IED_Palestina_ext_4ccce6,,,,,
2026-09-12T03:46:08-05:00,PUR_IED_Panama_Fisica_4d0794,PUR_IED_Panama_Fisica_4d0794,,,,,
2026-09-12T03:46:08-05:00,PUR_IED_Panama_SIngles_a4077e,PUR_IED_Panama_SIngles_a4077e,,,,,
2026-09-12T03:46:08-05:00,PUR_IED_Panama_ext_4c54b4,PUR_IED_Panama_ext_4c54b4,,,,,
2026-09-12T03:46:08-05:00,PUR_IED_ParaisoM_Exterior_8cd7f0,PUR_IED_ParaisoM_Exterior_8cd7f0,,,,,
2026-09-12T03:46:08-05:00,PUR_IED_ParaisoM_Laborato_27af35,PUR_IED_ParaisoM_Laborato_27af35,,,,,
2026-09-12T03:46:08-05:00,PUR_IED_ParaisoM_S304_d1edca,PUR_IED_ParaisoM_S304_d1edca,,,,,
2026-09-12T03:46:08-05:00,PUR_IED_PorfirioBarba_Ext_301466,PUR_IED_PorfirioBarba_Ext_301466,,,,,
2026-09-12T03:46:08-05:00,PUR_IED_PorfirioBarba_S11_df6cd2,PUR_IED_PorfirioBarba_S11_df6cd2,,,,,
2026-09-12T03:46:08-05:00,PUR_IED_PorfirioBarba_S29_27a7d6,PUR_IED_PorfirioBarba_S29_27a7d6,,,,,
2026-09-12T03:46:08-05:00,PUR_IED_PradoV_Exter_8b27ad,PUR_IED_PradoV_Exter_8b27ad,,,,,
2026-09-12T03:46:08-05:00,PUR_IED_PradoV_S301_de65b5,PUR_IED_PradoV_S301_de65b5,,,,,
2026-09-12T03:46:08-05:00,PUR_IED_PradoV_S302_7d2593,PUR_IED_PradoV_S302_7d2593,,,,,
2026-09-12T03:46:08-05:00,PUR_IED_QuirogaAlz_Ext_1ddc82,PUR_IED_QuirogaAlz_Ext_1ddc82,,,,,
2026-09-12T03:46:08-05:00,PUR_IED_QuirogaAlz_S302_9926a3,PUR_IED_QuirogaAlz_S302_9926a3,,,,,
2026-09-12T03:46:08-05:00,PUR_IED_QuirogaAlz_S305_cdf1f1,PUR_IED_QuirogaAlz_S305_cdf1f1,,,,,
2026-09-12T03:46:08-05:00,PUR_IED_RGuatemala_Biling_dc53b7,PUR_IED_RGuatemala_Biling_dc53b7,,,,,
2026-09-12T03:46:08-05:00,PUR_IED_RGuatemala_Ext_1b89a3,PUR_IED_RGuatemala_Ext_1b89a3,,,,,
2026-09-12T03:46:08-05:00,PUR_IED_RGuatemala_Tecnol_281a34,PUR_IED_RGuatemala_Tecnol_281a34,,,,,
2026-09-12T03:46:08-05:00,PUR_IED_RafaNu_Ext_f7c302,PUR_IED_RafaNu_Ext_f7c302,,,,,
2026-09-12T03:46:08-05:00,PUR_IED_RafaNu_S1101_25fde,PUR_IED_RafaNu_S1101_25fde,,,,,
2026-09-12T03:46:08-05:00,PUR_IED_RafaNu_S1102_281517,PUR_IED_RafaNu_S1102_281517,,,,,
2026-09-12T03:46:08-05:00,PUR_IED_RafaelB_S305_ee2783,PUR_IED_RafaelB_S305_ee2783,,,,,
2026-09-12T03:46:08-05:00,PUR_IED_RafaelB_S306_75fe33,PUR_IED_RafaelB_S306_75fe33,,,,,
2026-09-12T03:46:08-05:00,PUR_IED_RafaelB_ext_283336,PUR_IED_RafaelB_ext_283336,2,18,60,4.6722,-74.0737
2026-09-12T03:46:08-05:00,PUR_IED_RafaelUU_Exterior_281a51,PUR_IED_RafaelUU_Exterior_281a51,,,,,
2026-09-12T03:46:08-05:00,PUR_IED_RafaelUU_Human_806b2,PUR_IED_RafaelUU_Human_806b2,,,,,
2026-09-12T03:46:08-05:00,PUR_IED_RafaelUU_Mate2_5680d4,PUR_IED_RafaelUU_Mate2_5680d4,,,,,
2026-09-12T03:46:08-05:00,PUR_IED_RamonSub_Ext_f9eeb9,PUR_IED_RamonSub_Ext_f9eeb9,,,,,
2026-09-12T03:46:08-05:00,PUR_IED_RamonSub_Media_d1f62f,PUR_IED_RamonSub_Media_d1f62f,,,,,
2026-09-12T03:46:08-05:00,PUR_IED_RamonSub_planta_51b82,PUR_IED_RamonSub_planta_51b82,,,,,
2026-09-12T03:46:08-05:00,PUR_IED_RepBoliVene_Exter_27af7c,PUR_IED_RepBoliVene_Exter_27af7c,,,,,
2026-09-12T03:46:08-05:00,PUR_IED_RepBoliVene_SCPT_5ae2ee,PUR_IED_RepBoliVene_SCPT_5ae2ee,,,,,
2026-09-12T03:46:08-05:00,PUR_IED_RepBoliVene_Socia_4b11d5,PUR_IED_RepBoliVene_Socia_4b11d5,,,,,
2026-09-12T03:46:08-05:00,PUR_IED_RepChina_Ext_76d9ee,PUR_IED_RepChina_Ext_76d9ee,,,,,
2026-09-12T03:46:08-05:00,PUR_IED_RepChina_S404_7c804c,PUR_IED_RepChina_S404_7c804c,,,,,
2026-09-12T03:46:08-05:00,PUR_IED_RepChina_S405_df2c33,PUR_IED_RepChina_S405_df2c33,,,,,
2026-09-12T03:46:08-05:00,PUR_IED_RepublicaC_Exteri_7d1ec9,PUR_IED_RepublicaC_Exteri_7d1ec9,,,,,
2026-09-12T03:46:08-05:00,PUR_IED_RepublicaC_S1101_f544b3,PUR_IED_RepublicaC_S1101_f544b3,,,,,
2026-09-12T03:46:08-05:00,PUR_IED_RepublicaC_S1102_7aafc7,PUR_IED_RepublicaC_S1102_7aafc7,,,,,
2026-09-12T03:46:08-05:00,PUR_IED_Ricaurte_Externo_a0ea1,PUR_IED_Ricaurte_Externo_a0ea1,,,,,
2026-09-12T03:46:08-05:00,PUR_IED_Ricaurte_S210_f546fd,PUR_IED_Ricaurte_S210_f546fd,,,,,
2026-09-12T03:46:08-05:00,PUR_IED_Ricaurte_S309_d4452,PUR_IED_Ricaurte_S309_d4452,,,,,
2026-09-12T03:46:08-05:00,PUR_IED_RogelioS_1102_531e69,PUR_IED_RogelioS_1102_531e69,,,,,
2026-09-12T03:46:08-05:00,PUR_IED_RogelioS_Ext_f25a18,PUR_IED_RogelioS_Ext_f25a18,,,,,
2026-09-12T03:46:08-05:00,PUR_IED_SBernardino_Ext_27aff8,PUR_IED_SBernardino_Ext_27aff8,,,,,
2026-09-12T03:46:08-05:00,PUR_IED_SBernardino_SArte_2ffd33,PUR_IED_SBernardino_SArte_2ffd33,,,,,
2026-09-12T03:46:08-05:00,PUR_IED_SBernardino_SIngl_7c7da5,PUR_IED_SBernardino_SIngl_7c7da5,,,,,
2026-09-12T03:46:08-05:00,PUR_IED_Sago_auditorio_dc9d1d,PUR_IED_Sago_auditorio_dc9d1d,,,,,
2026-09-12T03:46:08-05:00,PUR_IED_Saludcoop_Ext_95aac3,PUR_IED_Saludcoop_Ext_95aac3,,,,,
2026-09-12T03:46:08-05:00,PUR_IED_Saludcoop_InfI_90c854,PUR_IED_Saludcoop_InfI_90c854,,,,,
2026-09-12T03:46:08-05:00,PUR_IED_Saludcoop_SMedia_1b93be,PUR_IED_Saludcoop_SMedia_1b93be,,,,,
2026-09-12T03:46:08-05:00,PUR_IED_SanCarlos_1101_1a2360,PUR_IED_SanCarlos_1101_1a2360,,,,,
2026-09-12T03:46:08-05:00,PUR_IED_SanCarlos_1103_7bafb5,PUR_IED_SanCarlos_1103_7bafb5,,,,,
2026-09-12T03:46:08-05:00,PUR_IED_SanCarlos_Ext_b7cd1,PUR_IED_SanCarlos_Ext_b7cd1,,,,,
2026-09-12T03:46:08-05:00,PUR_IED_SanIgnacioBosa11a_50c26e,PUR_IED_SanIgnacioBosa11a_50c26e,,,,,
2026-09-12T03:46:08-05:00,PUR_IED_SanIgnacioBosa11b_371de8,PUR_IED_SanIgnacioBosa11b_371de8,,,,,
2026-09-12T03:46:08-05:00,PUR_IED_SanIgnacioBosaExt_ef0ffc,PUR_IED_SanIgnacioBosaExt_ef0ffc,,,,,
2026-09-12T03:46:08-05:00,PUR_IED_SanIgnacioBosa_11a_50c26e,PUR_IED_SanIgnacioBosa_11a_50c26e,,,,,
2026-09-12T03:46:08-05:00,PUR_IED_SanIgnacioBosa_Ext_ef0ffc,PUR_IED_SanIgnacioBosa_Ext_ef0ffc,,,,,
2026-09-12T03:46:08-05:00,PUR_IED_SanJoseN_intS1101_31c47f,PUR_IED_SanJoseN_intS1101_31c47f,,,,,
2026-09-12T03:46:08-05:00,PUR_IED_SanJoseUsm_Exter_f5d7e8,PUR_IED_SanJoseUsm_Exter_f5d7e8,,,,,
2026-09-12T03:46:08-05:00,PUR_IED_SanJoseUsm_Int11A_cfdef6,PUR_IED_SanJoseUsm_Int11A_cfdef6,,,,,
2026-09-12T03:46:08-05:00,PUR_IED_SilveriaR_IntB5_905349,PUR_IED_SilveriaR_IntB5_905349,,,,,
2026-09-12T03:46:08-05:00,PUR_IED_SilveriaR_IntSD14_981f93,PUR_IED_SilveriaR_IntSD14_981f93,,,,,
2026-09-12T03:46:08-05:00,PUR_IED_SilveriaR_ext_2b651d,PUR_IED_SilveriaR_ext_2b651d,,,,,
2026-09-12T03:46:08-05:00,PUR_IED_SimonB_Exterior_913975,PUR_IED_SimonB_Exterior_913975,,,,,
2026-09-12T03:46:08-05:00,PUR_IED_SimonB_LabQuimi_c56908,PUR_IED_SimonB_LabQuimi_c56908,,,,,
2026-09-12T03:46:08-05:00,PUR_IED_SimonB_informatic_a28c1,PUR_IED_SimonB_informatic_a28c1,,,,,
2026-09-12T03:46:08-05:00,PUR_IED_Sorrento_1102_315f50,PUR_IED_Sorrento_1102_315f50,,,,,
2026-09-12T03:46:08-05:00,PUR_IED_Sorrento_Minte_214eab,PUR_IED_Sorrento_Minte_214eab,,,,,
2026-09-12T03:46:08-05:00,PUR_IED_Sorrento_ext_7c3a0a,PUR_IED_Sorrento_ext_7c3a0a,,,,,
2026-09-12T03:46:08-05:00,PUR_IED_Tabora_Ext_f048ae,PUR_IED_Tabora_Ext_f048ae,,,,,
2026-09-12T03:46:08-05:00,PUR_IED_Tabora_S1102_b07752,PUR_IED_Tabora_S1102_b07752,,,,,
2026-09-12T03:46:08-05:00,PUR_IED_Tabora_S1103_d988f5,PUR_IED_Tabora_S1103_d988f5,,,,,
2026-09-12T03:46:08-05:00,PUR_IED_Tenerife_Ext_1ab188,PUR_IED_Tenerife_Ext_1ab188,,,,,
2026-09-12T03:46:08-05:00,PUR_IED_Tenerife_SDanzas_7bc02e,PUR_IED_Tenerife_SDanzas_7bc02e,,,,,
2026-09-12T03:46:08-05:00,PUR_IED_Tenerife_SIngles_7cc277,PUR_IED_Tenerife_SIngles_7cc277,,,,,
2026-09-12T03:46:08-05:00,PUR_IED_Tibabuyes_Exter_f2683d,PUR_IED_Tibabuyes_Exter_f2683d,,,,,
2026-09-12T03:46:08-05:00,PUR_IED_Tibabuyes_S10_dc87a8,PUR_IED_Tibabuyes_S10_dc87a8,,,,,
2026-09-12T03:46:08-05:00,PUR_IED_Tibabuyes_S15_dc0526,PUR_IED_Tibabuyes_S15_dc0526,,,,,
2026-09-12T03:46:08-05:00,PUR_IED_UnionE_S301_a1043,PUR_IED_UnionE_S301_a1043,,,,,
2026-09-12T03:46:08-05:00,PUR_IED_UnionE_S307_ff6c2f,PUR_IED_UnionE_S307_ff6c2f,,,,,
2026-09-12T03:46:08-05:00,PUR_IED_UnionE__Ext_5e2468,PUR_IED_UnionE__Ext_5e2468,,,,,
2026-09-12T03:46:08-05:00,PUR_IED_VillaRica_Ext_75be7c,PUR_IED_VillaRica_Ext_75be7c,,,,,
2026-09-12T03:46:08-05:00,PUR_IED_VillaRica_S4_cc5dcd,PUR_IED_VillaRica_S4_cc5dcd,,,,,
2026-09-12T03:46:08-05:00,PUR_IED_VillaRica_Sesp_99f5c,PUR_IED_VillaRica_Sesp_99f5c,,,,,
2026-09-12T03:51:07-05:00,PUR_IED_20deJulio_1101_91b1b9,PUR_IED_20deJulio_1101_91b1b9,,,,,
2026-09-12T03:51:07-05:00,PUR_IED_20deJulio_1102_1cfcf9,PUR_IED_20deJulio_1102_1cfcf9,,,,,
2026-09-12T03:51:07-05:00,PUR_IED_20deJulio_Ext_ab60bd,PUR_IED_20deJulio_Ext_ab60bd,,,,,
2026-09-12T03:51:07-05:00,PUR_IED_AgustinFer_Ext_7b9b77,PUR_IED_AgustinFer_Ext_7b9b77,,,,,
2026-09-12T03:51:07-05:00,PUR_IED_AgustinFer_Info2_27b3a7,PUR_IED_AgustinFer_Info2_27b3a7,,,,,
2026-09-12T03:51:07-05:00,PUR_IED_AgustinFer_Sena_54b4eb,PUR_IED_AgustinFer_Sena_54b4eb,,,,,
2026-09-12T03:51:07-05:00,PUR_IED_AlexanderF_1102_caf07b,PUR_IED_AlexanderF_1102_caf07b,,,,,
2026-09-12T03:51:07-05:00,PUR_IED_AlexanderF_1103_c79e71,PUR_IED_AlexanderF_1103_c79e71,,,,,
2026-09-12T03:51:07-05:00,PUR_IED_AlexanderF_Ext_c5b18b,PUR_IED_AlexanderF_Ext_c5b18b,,,,,
2026-09-12T03:51:07-05:00,PUR_IED_AlfonsoLopez_Ext_281d77,PUR_IED_AlfonsoLopez_Ext_281d77,,,,,
2026-09-12T03:51:07-05:00,PUR_IED_AlfonsoLopez_LabF_888ce0,PUR_IED_AlfonsoLopez_LabF_888ce0,,,,,
2026-09-12T03:51:07-05:00,PUR_IED_AlfonsoLopez_SMed_df6a7f,PUR_IED_AlfonsoLopez_SMed_df6a7f,,,,,
2026-09-12T03:51:07-05:00,PUR_IED_AltamiraSO_A2_209f92,PUR_IED_AltamiraSO_A2_209f92,,,,,
2026-09-12T03:51:07-05:00,PUR_IED_AltamiraSO_Ext_186d66,PUR_IED_AltamiraSO_Ext_186d66,,,,,
2026-09-12T03:51:07-05:00,PUR_IED_AltamiraSO_Sistem_27afe1,PUR_IED_AltamiraSO_Sistem_27afe1,,,,,
2026-09-12T03:51:07-05:00,PUR_IED_AlvaroGom_LabQuim_813179,PUR_IED_AlvaroGom_LabQuim_813179,,,,,
2026-09-12T03:51:07-05:00,PUR_IED_AlvaroGomez_Ext_47c7ca,PUR_IED_AlvaroGomez_Ext_47c7ca,,,,,
2026-09-12T03:51:07-05:00,PUR_IED_AlvaroGomez_LabQuim_813179,PUR_IED_AlvaroGomez_LabQuim_813179,,,,,
2026-09-12T03:51:07-05:00,PUR_IED_AlvaroGomez_S23_7ba89f,PUR_IED_AlvaroGomez_S23_7ba89f,,,,,
2026-09-12T03:51:07-05:00,PUR_IED_Amistad_306_dc8728,PUR_IED_Amistad_306_dc8728,,,,,
2026-09-12T03:51:07-05:00,PUR_IED_Amistad_Ext_8cd55e,PUR_IED_Amistad_Ext_8cd55e,,,,,
2026-09-12T03:51:07-05:00,PUR_IED_Amistad_S202_a41169,PUR_IED_Amistad_S202_a41169,,,,,
2026-09-12T03:51:07-05:00,PUR_IED_AndresBello_Bio_fd5f5e,PUR_IED_AndresBello_Bio_fd5f5e,,,,,
2026-09-12T03:51:07-05:00,PUR_IED_AndresBello_ext_dcad65,PUR_IED_AndresBello_ext_dcad65,,,,,
2026-09-12T03:51:07-05:00,PUR_IED_AndresBello_port_eed3ec,PUR_IED_AndresBello_port_eed3ec,,,,,
2026-09-12T03:51:07-05:00,PUR_IED_AngelaR_11b_d90a6b,PUR_IED_AngelaR_11b_d90a6b,,,,,
2026-09-12T03:51:07-05:00,PUR_IED_AngelaR_ext_7cad3e,PUR_IED_AngelaR_ext_7cad3e,7,19,62,4.5825,-74.164497
2026-09-12T03:51:07-05:00,PUR_IED_AntJoseSucre_10mo_df2575,PUR_IED_AntJoseSucre_10mo_df2575,,,,,
2026-09-12T03:51:07-05:00,PUR_IED_AntJoseSucre_Ext_215b36,PUR_IED_AntJoseSucre_Ext_215b36,,,,,
2026-09-12T03:51:07-05:00,PUR_IED_AntJoseSucre_Lab_3139de,PUR_IED_AntJoseSucre_Lab_3139de,,,,,
2026-09-12T03:51:07-05:00,PUR_IED_AntonioGarcia_301_d6b188,PUR_IED_AntonioGarcia_301_d6b188,,,,,
2026-09-12T03:51:07-05:00,PUR_IED_AntonioGarcia_302_88a82,PUR_IED_AntonioGarcia_302_88a82,,,,,
2026-09-12T03:51:07-05:00,PUR_IED_AntonioGarcia_Ext_20950c,PUR_IED_AntonioGarcia_Ext_20950c,,,,,
2026-09-12T03:51:07-05:00,PUR_IED_AntonioVan_Aula2_6dea02,PUR_IED_AntonioVan_Aula2_6dea02,,,,,
2026-09-12T03:51:07-05:00,PUR_IED_AntonioVan_Aula5_f1557e,PUR_IED_AntonioVan_Aula5_f1557e,,,,,
2026-09-12T03:51:07-05:00,PUR_IED_AntonioVan_Ext_406f2f,PUR_IED_AntonioVan_Ext_406f2f,,,,,
2026-09-12T03:51:07-05:00,PUR_IED_Atabanzha_Ext_cc5af9,PUR_IED_Atabanzha_Ext_cc5af9,,,,,
2026-09-12T03:51:07-05:00,PUR_IED_Atabanzha_SA101_56c37,PUR_IED_Atabanzha_SA101_56c37,,,,,
2026-09-12T03:51:07-05:00,PUR_IED_Atabanzha_SB302_27b374,PUR_IED_Atabanzha_SB302_27b374,,,,,
2026-09-12T03:51:07-05:00,PUR_IED_Atahualpa_Ext_fc1748,PUR_IED_Atahualpa_Ext_fc1748,,,,,
2026-09-12T03:51:07-05:00,PUR_IED_Atahualpa_Informa_dc9a95,PUR_IED_Atahualpa_Informa_dc9a95,,,,,
2026-09-12T03:51:07-05:00,PUR_IED_Atahualpa_S1101_f98056,PUR_IED_Atahualpa_S1101_f98056,,,,,
2026-09-12T03:51:07-05:00,PUR_IED_Bellavista_Ext_f5aa74,PUR_IED_Bellavista_Ext_f5aa74,,,,,
2026-09-12T03:51:07-05:00,PUR_IED_Bilbao_11A_916c41,PUR_IED_Bilbao_11A_916c41,,,,,
2026-09-12T03:51:07-05:00,PUR_IED_Bilbao_Ext_fb579a,PUR_IED_Bilbao_Ext_fb579a,,,,,
2026-09-12T03:51:07-05:00,PUR_IED_BrasiliaU_A125_304280,PUR_IED_BrasiliaU_A125_304280,,,,,
2026-09-12T03:51:07-05:00,PUR_IED_BrasiliaU_A203_7c8ca5,PUR_IED_BrasiliaU_A203_7c8ca5,,,,,
2026-09-12T03:51:07-05:00,PUR_IED_BrasiliaU_Ext_8d6e9f,PUR_IED_BrasiliaU_Ext_8d6e9f,3,16,64,4.5175,-74.116302
2026-09-12T03:51:07-05:00,PUR_IED_Brasilia_Ext_fe6593,PUR_IED_Brasilia_Ext_fe6593,,,,,
2026-09-12T03:51:07-05:00,PUR_IED_Brasilia_S24_7c130d,PUR_IED_Brasilia_S24_7c130d,,,,,
2026-09-12T03:51:07-05:00,PUR_IED_Brasilia_S501_186a54,PUR_IED_Brasilia_S501_186a54,,,,,
2026-09-12T03:51:07-05:00,PUR_IED_CHARRY_EXT_f1d5cd,PUR_IED_CHARRY_EXT_f1d5cd,,,,,
2026-09-12T03:51:07-05:00,PUR_IED_CHARRY_INTDANZAS_7a08e6,PUR_IED_CHARRY_INTDANZAS_7a08e6,,,,,
2026-09-12T03:51:07-05:00,PUR_IED_CHARRY_INT_AULA20_dc998d,PUR_IED_CHARRY_INT_AULA20_dc998d,,,,,
2026-09-12T03:51:07-05:00,PUR_IED_COLVIV_1101_S25_7f520a,PUR_IED_COLVIV_1101_S25_7f520a,,,,,
2026-09-12T03:51:07-05:00,PUR_IED_COLVIV_1102_S16_f570ba,PUR_IED_COLVIV_1102_S16_f570ba,,,,,
2026-09-12T03:51:07-05:00,PUR_IED_COLVIV_Ext_1a26fa,PUR_IED_COLVIV_Ext_1a26fa,,,,,
2026-09-12T03:51:07-05:00,PUR_IED_CULPOP_301A_f660f3,PUR_IED_CULPOP_301A_f660f3,,,,,
2026-09-12T03:51:07-05:00,PUR_IED_CULPOP_303_568afe,PUR_IED_CULPOP_303_568afe,,,,,
2026-09-12T03:51:07-05:00,PUR_IED_CULPOP_Ext_e02ccb,PUR_IED_CULPOP_Ext_e02ccb,,,,,
2026-09-12T03:51:07-05:00,PUR_IED_CVillavicen_Ext_26eb58,PUR_IED_CVillavicen_Ext_26eb58,12,14,80,4.487,-74.102798
2026-09-12T03:51:07-05:00,PUR_IED_CVillavicen_Intel_1ce5c2,PUR_IED_CVillavicen_Intel_1ce5c2,,,,,
2026-09-12T03:51:07-05:00,PUR_IED_CVillavicen_Poliv_e0766c,PUR_IED_CVillavicen_Poliv_e0766c,,,,,
2026-09-12T03:51:07-05:00,PUR_IED_CVillavicen_int_1ba140,PUR_IED_CVillavicen_int_1ba140,,,,,
2026-09-12T03:51:07-05:00,PUR_IED_CVillavicen_intel_1ba140,PUR_IED_CVillavicen_intel_1ba140,,,,,
2026-09-12T03:51:07-05:00,PUR_IED_CarlosPizarro_Ext_e307cc,PUR_IED_CarlosPizarro_Ext_e307cc,,,,,
2026-09-12T03:51:07-05:00,PUR_IED_CarlosPizarro_L36_7e5cdb,PUR_IED_CarlosPizarro_L36_7e5cdb,,,,,
2026-09-12T03:51:07-05:00,PUR_IED_CarlosPizarro_L37_c8566c,PUR_IED_CarlosPizarro_L37_c8566c,,,,,
2026-09-12T03:51:07-05:00,PUR_IED_Castilla_Ext_cf35f,PUR_IED_Castilla_Ext_cf35f,,,,,
2026-09-12T03:51:07-05:00,PUR_IED_Castilla_SFisik_360e38,PUR_IED_Castilla_SFisik_360e38,,,,,
2026-09-12T03:51:07-05:00,PUR_IED_Castilla_Sc304_496fbf,PUR_IED_Castilla_Sc304_496fbf,,,,,
2026-09-12T03:51:07-05:00,PUR_IED_CervantesSa_Ext_6b57b,PUR_IED_CervantesSa_Ext_6b57b,3,17,69,4.5128,-74.117203
2026-09-12T03:51:07-05:00,PUR_IED_CervantesSa_S107_225c2b,PUR_IED_CervantesSa_S107_225c2b,,,,,
2026-09-12T03:51:07-05:00,PUR_IED_CervantesSa_S108_940925,PUR_IED_CervantesSa_S108_940925,,,,,
2026-09-12T03:51:07-05:00,PUR_IED_Charry_A20_f53e7c,PUR_IED_Charry_A20_f53e7c,,,,,
2026-09-12T03:51:07-05:00,PUR_IED_Charry_Ext_f1d5cd,PUR_IED_Charry_Ext_f1d5cd,,,,,
2026-09-12T03:51:07-05:00,PUR_IED_Charry_IntAula20_dc998d,PUR_IED_Charry_IntAula20_dc998d,,,,,
2026-09-12T03:51:07-05:00,PUR_IED_Charry_IntDanzas_7a08e6,PUR_IED_Charry_IntDanzas_7a08e6,,,,,
2026-09-12T03:51:07-05:00,PUR_IED_ClememciaC_203_43e2fc,PUR_IED_ClememciaC_203_43e2fc,,,,,
2026-09-12T03:51:07-05:00,PUR_IED_ClememciaC_Ext_1b411a,PUR_IED_ClememciaC_Ext_1b411a,,,,,
2026-09-12T03:51:07-05:00,PUR_IED_ClememciaC_Quimic_44b5fc,PUR_IED_ClememciaC_Quimic_44b5fc,,,,,
2026-09-12T03:51:07-05:00,PUR_IED_ClemenciaC_203_43e2fc,PUR_IED_ClemenciaC_203_43e2fc,,,,,
2026-09-12T03:51:07-05:00,PUR_IED_ClemenciaC_Ext_1b411a,PUR_IED_ClemenciaC_Ext_1b411a,,,,,
2026-09-12T03:51:07-05:00,PUR_IED_ClemenciaC_Quimic_44b5fc,PUR_IED_ClemenciaC_Quimic_44b5fc,,,,,
2026-09-12T03:51:07-05:00,PUR_IED_ColViva_1101_S25_7f520a,PUR_IED_ColViva_1101_S25_7f520a,,,,,
2026-09-12T03:51:07-05:00,PUR_IED_ColViva_1102_S16_f570ba,PUR_IED_ColViva_1102_S16_f570ba,,,,,
2026-09-12T03:51:07-05:00,PUR_IED_ColViva_Ext_1a26fa,PUR_IED_ColViva_Ext_1a26fa,,,,,
2026-09-12T03:51:07-05:00,PUR_IED_ColegioBici_Asist_7c8798,PUR_IED_ColegioBici_Asist_7c8798,,,,,
2026-09-12T03:51:07-05:00,PUR_IED_ColegioBici_Ext_25cbf6,PUR_IED_ColegioBici_Ext_25cbf6,,,,,
2026-09-12T03:51:07-05:00,PUR_IED_ColegioBici_LabQ_7b57db,PUR_IED_ColegioBici_LabQ_7b57db,,,,,
2026-09-12T03:51:07-05:00,PUR_IED_CostaRica_Ext_5e640,PUR_IED_CostaRica_Ext_5e640,,,,,
2026-09-12T03:51:07-05:00,PUR_IED_CostaRica_Quim1_766d1c,PUR_IED_CostaRica_Quim1_766d1c,,,,,
2026-09-12T03:51:07-05:00,PUR_IED_CostaRica__Fisica_6f0873,PUR_IED_CostaRica__Fisica_6f0873,,,,,
2026-09-12T03:51:07-05:00,PUR_IED_CulPopu_301A_f660f3,PUR_IED_CulPopu_301A_f660f3,,,,,
2026-09-12T03:51:07-05:00,PUR_IED_CulPopu_303_568afe,PUR_IED_CulPopu_303_568afe,,,,,
2026-09-12T03:51:07-05:00,PUR_IED_CulPopu_Ext_e02ccb,PUR_IED_CulPopu_Ext_e02ccb,,,,,
2026-09-12T03:51:07-05:00,PUR_IED_Cundinamarca_Ext_f15985,PUR_IED_Cundinamarca_Ext_f15985,,,,,
2026-09-12T03:51:07-05:00,PUR_IED_Cundinamarca_Info_7aa5d7,PUR_IED_Cundinamarca_Info_7aa5d7,,,,,
2026-09-12T03:51:07-05:00,PUR_IED_Cundinamarca_Tec2_f449c7,PUR_IED_Cundinamarca_Tec2_f449c7,,,,,
2026-09-12T03:51:07-05:00,PUR_IED_DiegoM_Aula1_27b314,PUR_IED_DiegoM_Aula1_27b314,,,,,
2026-09-12T03:51:07-05:00,PUR_IED_DiegoM_Ext_d80ac8,PUR_IED_DiegoM_Ext_d80ac8,,,,,
2026-09-12T03:51:07-05:00,PUR_IED_DiegoM_S25_da928f,PUR_IED_DiegoM_S25_da928f,,,,,
2026-09-12T03:51:07-05:00,PUR_IED_ELRODEO_360881,PUR_IED_ELRODEO_360881,,,,,
2026-09-12T03:51:07-05:00,PUR_IED_ELRODEO_ext_360881,PUR_IED_ELRODEO_ext_360881,,,,,
2026-09-12T03:51:07-05:00,PUR_IED_EduardoU_Ext_1c1969,PUR_IED_EduardoU_Ext_1c1969,,,,,
2026-09-12T03:51:07-05:00,PUR_IED_EduardoU_SCiencia_4dfb94,PUR_IED_EduardoU_SCiencia_4dfb94,,,,,
2026-09-12T03:51:07-05:00,PUR_IED_EduardoU_SQuimica_5a46e7,PUR_IED_EduardoU_SQuimica_5a46e7,,,,,
2026-09-12T03:51:07-05:00,PUR_IED_ElRodeo_Aula14_676984,PUR_IED_ElRodeo_Aula14_676984,,,,,
2026-09-12T03:51:07-05:00,PUR_IED_ElRodeo_Aula16_2dd35b,PUR_IED_ElRodeo_Aula16_2dd35b,,,,,
2026-09-12T03:51:07-05:00,PUR_IED_ElRodeo_Ext_360881,PUR_IED_ElRodeo_Ext_360881,,,,,
2026-09-12T03:51:07-05:00,PUR_IED_ElRodeo_Exterior_8c6d28,PUR_IED_ElRodeo_Exterior_8c6d28,,,,,
2026-09-12T03:51:07-05:00,PUR_IED_ElRodeo_ext_360881,PUR_IED_ElRodeo_ext_360881,,,,,
2026-09-12T03:51:07-05:00,PUR_IED_EmmaReyes_Ext_987625,PUR_IED_EmmaReyes_Ext_987625,10,21,53,4.6367,-74.1511
2026-09-12T03:51:07-05:00,PUR_IED_Ensueño_Ext_7f0250,PUR_IED_Ensueño_Ext_7f0250,,,,,
2026-09-12T03:51:07-05:00,PUR_IED_EscNormal_Ext_5fef3b,PUR_IED_EscNormal_Ext_5fef3b,2,18,62,4.5852,-74.096901
2026-09-12T03:51:07-05:00,PUR_IED_EscNormal_S309_5b263,PUR_IED_EscNormal_S309_5b263,,,,,
2026-09-12T03:51:07-05:00,PUR_IED_EscNormal_S310_27b3b8,PUR_IED_EscNormal_S310_27b3b8,,,,,
2026-09-12T03:51:07-05:00,PUR_IED_Evangelista_Conta_f6cd4f,PUR_IED_Evangelista_Conta_f6cd4f,,,,,
2026-09-12T03:51:07-05:00,PUR_IED_Evangelista_Cri_5e16a,PUR_IED_Evangelista_Cri_5e16a,,,,,
2026-09-12T03:51:07-05:00,PUR_IED_Evangelista_Exter_754066,PUR_IED_Evangelista_Exter_754066,,,,,
2026-09-12T03:51:07-05:00,PUR_IED_FMiranda_S209_5cc2a3,PUR_IED_FMiranda_S209_5cc2a3,,,,,
2026-09-12T03:51:07-05:00,PUR_IED_FMiranda_S303_19e344,PUR_IED_FMiranda_S303_19e344,,,,,
2026-09-12T03:51:07-05:00,PUR_IED_FMiranda_ext_f53e7c,PUR_IED_FMiranda_ext_f53e7c,,,,,
2026-09-12T03:51:07-05:00,PUR_IED_FabioLozano_Bibli_1cee05,PUR_IED_FabioLozano_Bibli_1cee05,,,,,
2026-09-12T03:51:07-05:00,PUR_IED_FabioLozano_Ext_6ea285,PUR_IED_FabioLozano_Ext_6ea285,,,,,
2026-09-12T03:51:07-05:00,PUR_IED_FabioLozano_SLudi_f09e1e,PUR_IED_FabioLozano_SLudi_f09e1e,,,,,
2026-09-12T03:51:07-05:00,PUR_IED_FaustinoS_Aula07_27a731,PUR_IED_FaustinoS_Aula07_27a731,,,,,
2026-09-12T03:51:07-05:00,PUR_IED_FaustinoS_Ext_7b936f,PUR_IED_FaustinoS_Ext_7b936f,,,,,
2026-09-12T03:51:07-05:00,PUR_IED_FaustinoS_Fisica_da2c60,PUR_IED_FaustinoS_Fisica_da2c60,,,,,
2026-09-12T03:51:07-05:00,PUR_IED_FeGarciaLo_Ext_dc68ee,PUR_IED_FeGarciaLo_Ext_dc68ee,,,,,
2026-09-12T03:51:07-05:00,PUR_IED_FeGarciaLo_SDanza_f70a59,PUR_IED_FeGarciaLo_SDanza_f70a59,,,,,
2026-09-12T03:51:07-05:00,PUR_IED_FeGarciaLo_SMusic_125cdd,PUR_IED_FeGarciaLo_SMusic_125cdd,,,,,
2026-09-12T03:51:07-05:00,PUR_IED_FederalAlema_Exte_50c345,PUR_IED_FederalAlema_Exte_50c345,,,,,
2026-09-12T03:51:07-05:00,PUR_IED_FederalAlema_S31_f18371,PUR_IED_FederalAlema_S31_f18371,,,,,
2026-09-12T03:51:07-05:00,PUR_IED_FederalAlema_S901_a62cd,PUR_IED_FederalAlema_S901_a62cd,,,,,
2026-09-12T03:51:07-05:00,PUR_IED_FilarmonicaS_A5_f35eb1,PUR_IED_FilarmonicaS_A5_f35eb1,,,,,
2026-09-12T03:51:07-05:00,PUR_IED_FilarmonicaS_Ext_8a3bde,PUR_IED_FilarmonicaS_Ext_8a3bde,,,,,
2026-09-12T03:51:07-05:00,PUR_IED_FilarmonicaS_Spol_406114,PUR_IED_FilarmonicaS_Spol_406114,,,,,
2026-09-12T03:51:07-05:00,PUR_IED_FlorentinoG_A13_d1fa59,PUR_IED_FlorentinoG_A13_d1fa59,,,,,
2026-09-12T03:51:07-05:00,PUR_IED_FlorentinoG_Ext_1ce6ce,PUR_IED_FlorentinoG_Ext_1ce6ce,,,,,
2026-09-12T03:51:07-05:00,PUR_IED_FlorentinoG_Idiom_a66aac,PUR_IED_FlorentinoG_Idiom_a66aac,,,,,
2026-09-12T03:51:07-05:00,PUR_IED_FranciscoMati_Ext_e3869d,PUR_IED_FranciscoMati_Ext_e3869d,,,,,
2026-09-12T03:51:07-05:00,PUR_IED_FranciscoMati_S13_f31c67,PUR_IED_FranciscoMati_S13_f31c67,,,,,
2026-09-12T03:51:07-05:00,PUR_IED_FranciscoMati_S14_97dead,PUR_IED_FranciscoMati_S14_97dead,,,,,
2026-09-12T03:51:07-05:00,PUR_IED_FranciscoPS_Ext_7bfa9a,PUR_IED_FranciscoPS_Ext_7bfa9a,2,19,61,4.5899,-74.110397
2026-09-12T03:51:07-05:00,PUR_IED_FranciscoPS_Infor_fb8f4c,PUR_IED_FranciscoPS_Infor_fb8f4c,,,,,
2026-09-12T03:51:07-05:00,PUR_IED_FranciscoPS_Quimi_94d39c,PUR_IED_FranciscoPS_Quimi_94d39c,,,,,
2026-09-12T03:51:07-05:00,PUR_IED_FranciscoP_LabQ_d7e148,PUR_IED_FranciscoP_LabQ_d7e148,,,,,
2026-09-12T03:51:07-05:00,PUR_IED_FranciscoP_S28_cf9b30,PUR_IED_FranciscoP_S28_cf9b30,,,,,
2026-09-12T03:51:07-05:00,PUR_IED_FranciscoP_ext_e2313,PUR_IED_FranciscoP_ext_e2313,,,,,
2026-09-12T03:51:07-05:00,PUR_IED_FriederichN_Ext_8ac92a,PUR_IED_FriederichN_Ext_8ac92a,,,,,
2026-09-12T03:51:07-05:00,PUR_IED_FriederichN_S301_dd7e5a,PUR_IED_FriederichN_S301_dd7e5a,,,,,
2026-09-12T03:51:07-05:00,PUR_IED_FriederichN_S308_761f4f,PUR_IED_FriederichN_S308_761f4f,,,,,
2026-09-12T03:51:07-05:00,PUR_IED_GSantander_Aula10_533dd7,PUR_IED_GSantander_Aula10_533dd7,,,,,
2026-09-12T03:51:07-05:00,PUR_IED_GSantander_Aula12_fd4e4f,PUR_IED_GSantander_Aula12_fd4e4f,,,,,
2026-09-12T03:51:07-05:00,PUR_IED_GSantander_Aula310_533dd7,PUR_IED_GSantander_Aula310_533dd7,,,,,
2026-09-12T03:51:07-05:00,PUR_IED_GSantander_Aula312_fd4e4f,PUR_IED_GSantander_Aula312_fd4e4f,,,,,
2026-09-12T03:51:07-05:00,PUR_IED_GSantander_Ext_5f66b0,PUR_IED_GSantander_Ext_5f66b0,,,,,
2026-09-12T03:51:07-05:00,PUR_IED_GYomasa_Ext_f6bea5,PUR_IED_GYomasa_Ext_f6bea5,,,,,
2026-09-12T03:51:07-05:00,PUR_IED_GYomasa_LBiol_2c41aa,PUR_IED_GYomasa_LBiol_2c41aa,,,,,
2026-09-12T03:51:07-05:00,PUR_IED_GYomasa_LQuim_33c80,PUR_IED_GYomasa_LQuim_33c80,,,,,
2026-09-12T03:51:07-05:00,PUR_IED_GabBetMejia_Cienc_5a99c,PUR_IED_GabBetMejia_Cienc_5a99c,,,,,
2026-09-12T03:51:07-05:00,PUR_IED_GabBetMejia_Ext_9153d0,PUR_IED_GabBetMejia_Ext_9153d0,,,,,
2026-09-12T03:51:07-05:00,PUR_IED_GabBetMejia_Lab_f55347,PUR_IED_GabBetMejia_Lab_f55347,,,,,
2026-09-12T03:51:07-05:00,PUR_IED_GabBetanMejia_Ext_9153d0,PUR_IED_GabBetanMejia_Ext_9153d0,,,,,
2026-09-12T03:51:07-05:00,PUR_IED_Gaitana_Aula13_7aac11,PUR_IED_Gaitana_Aula13_7aac11,,,,,
2026-09-12T03:51:07-05:00,PUR_IED_Gaitana_Ext_5fcf4,PUR_IED_Gaitana_Ext_5fcf4,,,,,
2026-09-12T03:51:07-05:00,PUR_IED_Gaitana_LabFisica_644448,PUR_IED_Gaitana_LabFisica_644448,,,,,
2026-09-12T03:51:07-05:00,PUR_IED_GenSantander_Dise_8ac858,PUR_IED_GenSantander_Dise_8ac858,,,,,
2026-09-12T03:51:07-05:00,PUR_IED_GenSantander_Ext_8d5dfe,PUR_IED_GenSantander_Ext_8d5dfe,,,,,
2026-09-12T03:51:07-05:00,PUR_IED_GenSantander_Info_6c25b,PUR_IED_GenSantander_Info_6c25b,,,,,
2026-09-12T03:51:07-05:00,PUR_IED_GustavoMo_Exterio_75e63d,PUR_IED_GustavoMo_Exterio_75e63d,,,,,
2026-09-12T03:51:07-05:00,PUR_IED_GustavoMo_LabFisi_224d37,PUR_IED_GustavoMo_LabFisi_224d37,,,,,
2026-09-12T03:51:07-05:00,PUR_IED_GustavoMo_S208_3e6918,PUR_IED_GustavoMo_S208_3e6918,,,,,
2026-09-12T03:51:07-05:00,PUR_IED_GustavoR_A02_8cd4a8,PUR_IED_GustavoR_A02_8cd4a8,,,,,
2026-09-12T03:51:07-05:00,PUR_IED_GustavoR_B11_5b0ed,PUR_IED_GustavoR_B11_5b0ed,,,,,
2026-09-12T03:51:07-05:00,PUR_IED_GustavoR_Ext_7a0c90,PUR_IED_GustavoR_Ext_7a0c90,,,,,
2026-09-12T03:51:07-05:00,PUR_IED_HernandoDuran_Ext_8cd82b,PUR_IED_HernandoDuran_Ext_8cd82b,,,,,
2026-09-12T03:51:07-05:00,PUR_IED_HernandoDuran_S24_2772c6,PUR_IED_HernandoDuran_S24_2772c6,,,,,
2026-09-12T03:51:07-05:00,PUR_IED_HernandoDuran_S30_f2de41,PUR_IED_HernandoDuran_S30_f2de41,,,,,
2026-09-12T03:51:07-05:00,PUR_IED_HolguInUr_S1101_8cd732,PUR_IED_HolguInUr_S1101_8cd732,,,,,
2026-09-12T03:51:07-05:00,PUR_IED_HolguinUr_Exter_ddae6d,PUR_IED_HolguinUr_Exter_ddae6d,,,,,
2026-09-12T03:51:07-05:00,PUR_IED_HolguinUr_LabQuim_92b952,PUR_IED_HolguinUr_LabQuim_92b952,,,,,
2026-09-12T03:51:07-05:00,PUR_IED_Isabel-II_Ext_5245cc,PUR_IED_Isabel-II_Ext_5245cc,10,19,58,4.6336,-74.153
2026-09-12T03:51:07-05:00,PUR_IED_Isabel-II_S_idiom_1c29aa,PUR_IED_Isabel-II_S_idiom_1c29aa,,,,,
2026-09-12T03:51:07-05:00,PUR_IED_Isabel-II_S_infor_fd741,PUR_IED_Isabel-II_S_infor_fd741,,,,,
2026-09-12T03:51:07-05:00,PUR_IED_IsidroSur_Exterio_5b90ea,PUR_IED_IsidroSur_Exterio_5b90ea,,,,,
2026-09-12T03:51:07-05:00,PUR_IED_IsidroSur_LabTec_56697a,PUR_IED_IsidroSur_LabTec_56697a,,,,,
2026-09-12T03:51:07-05:00,PUR_IED_IsidroSur_Robotic_b7c38f,PUR_IED_IsidroSur_Robotic_b7c38f,,,,,
2026-09-12T03:51:07-05:00,PUR_IED_IsmaelPerd_Ext_7b6672,PUR_IED_IsmaelPerd_Ext_7b6672,,,,,
2026-09-12T03:51:07-05:00,PUR_IED_IsmaelPerd_Inform_306540,PUR_IED_IsmaelPerd_Inform_306540,,,,,
2026-09-12T03:51:07-05:00,PUR_IED_IsmaelPerd_S30_2e2c83,PUR_IED_IsmaelPerd_S30_2e2c83,,,,,
2026-09-12T03:51:07-05:00,PUR_IED_JLozano_Exter_432910,PUR_IED_JLozano_Exter_432910,,,,,
2026-09-12T03:51:07-05:00,PUR_IED_JLozano_salaMulti_df5125,PUR_IED_JLozano_salaMulti_df5125,,,,,
2026-09-12T03:51:07-05:00,PUR_IED_JMCordoba_206_86f80b,PUR_IED_JMCordoba_206_86f80b,,,,,
2026-09-12T03:51:07-05:00,PUR_IED_JMCordoba_Ext_27ad97,PUR_IED_JMCordoba_Ext_27ad97,,,,,
2026-09-12T03:51:07-05:00,PUR_IED_JMCordoba_S310_d59ab4,PUR_IED_JMCordoba_S310_d59ab4,,,,,
2026-09-12T03:51:07-05:00,PUR_IED_Japon_Ext_549100,PUR_IED_Japon_Ext_549100,,,,,
2026-09-12T03:51:07-05:00,PUR_IED_Japon_Laboratorio_bec51d,PUR_IED_Japon_Laboratorio_bec51d,,,,,
2026-09-12T03:51:07-05:00,PUR_IED_Japon_informatica_d99327,PUR_IED_Japon_informatica_d99327,,,,,
2026-09-12T03:51:07-05:00,PUR_IED_Jazmin_Ext_d27bda,PUR_IED_Jazmin_Ext_d27bda,,,,,
2026-09-12T03:51:07-05:00,PUR_IED_Jazmin_Fisica_8d14d7,PUR_IED_Jazmin_Fisica_8d14d7,,,,,
2026-09-12T03:51:07-05:00,PUR_IED_Jazmin_Quimica_801cb5,PUR_IED_Jazmin_Quimica_801cb5,,,,,
2026-09-12T03:51:07-05:00,PUR_IED_JorgeGaitan_Exter_f098d1,PUR_IED_JorgeGaitan_Exter_f098d1,,,,,
2026-09-12T03:51:07-05:00,PUR_IED_JorgeGaitan_STec1_dc9d1d,PUR_IED_JorgeGaitan_STec1_dc9d1d,,,,,
2026-09-12T03:51:07-05:00,PUR_IED_JorgeGaitan_STec2_281e69,PUR_IED_JorgeGaitan_STec2_281e69,,,,,
2026-09-12T03:51:07-05:00,PUR_IED_JorgeSoto_Exterio_d9d0a2,PUR_IED_JorgeSoto_Exterio_d9d0a2,,,,,
2026-09-12T03:51:07-05:00,PUR_IED_JorgeSoto_LabFisi_209c54,PUR_IED_JorgeSoto_LabFisi_209c54,,,,,
2026-09-12T03:51:07-05:00,PUR_IED_JorgeSoto_S103_27b51a,PUR_IED_JorgeSoto_S103_27b51a,,,,,
2026-09-12T03:51:07-05:00,PUR_IED_JoseAcevedo_A02_e965eb,PUR_IED_JoseAcevedo_A02_e965eb,,,,,
2026-09-12T03:51:07-05:00,PUR_IED_JoseAcevedo_A07_dd5b4,PUR_IED_JoseAcevedo_A07_dd5b4,,,,,
2026-09-12T03:51:07-05:00,PUR_IED_JoseAcevedo_Ext_b47484,PUR_IED_JoseAcevedo_Ext_b47484,,,,,
2026-09-12T03:51:07-05:00,PUR_IED_JoseMarti_Exte_5b9bf,PUR_IED_JoseMarti_Exte_5b9bf,,,,,
2026-09-12T03:51:07-05:00,PUR_IED_JoseMarti_LabQuim_1c6c2d,PUR_IED_JoseMarti_LabQuim_1c6c2d,,,,,
2026-09-12T03:51:07-05:00,PUR_IED_JoseMarti_S_info_f5f177,PUR_IED_JoseMarti_S_info_f5f177,,,,,
2026-09-12T03:51:07-05:00,PUR_IED_Josejoaquin_Ext_dfc5dc,PUR_IED_Josejoaquin_Ext_dfc5dc,,,,,
2026-09-12T03:51:07-05:00,PUR_IED_Josejoaquin_S05_5b2a96,PUR_IED_Josejoaquin_S05_5b2a96,,,,,
2026-09-12T03:51:07-05:00,PUR_IED_Josejoaquin_S06_1ce7d2,PUR_IED_Josejoaquin_S06_1ce7d2,,,,,
2026-09-12T03:51:07-05:00,PUR_IED_JulioFlorez_Danza_9b82dd,PUR_IED_JulioFlorez_Danza_9b82dd,,,,,
2026-09-12T03:51:07-05:00,PUR_IED_JulioFlorez_Exter_f9f314,PUR_IED_JulioFlorez_Exter_f9f314,,,,,
2026-09-12T03:51:07-05:00,PUR_IED_JulioFlorez_info2_6b6e08,PUR_IED_JulioFlorez_info2_6b6e08,,,,,
2026-09-12T03:51:07-05:00,PUR_IED_LaBelleza_Aula13_1d00d8,PUR_IED_LaBelleza_Aula13_1d00d8,,,,,
2026-09-12T03:51:07-05:00,PUR_IED_LaBelleza_Ext_7bc08c,PUR_IED_LaBelleza_Ext_7bc08c,,,,,
2026-09-12T03:51:07-05:00,PUR_IED_LaChucua_Ext_8cd6d2,PUR_IED_LaChucua_Ext_8cd6d2,,,,,
2026-09-12T03:51:07-05:00,PUR_IED_LaChucua_S15_f578ce,PUR_IED_LaChucua_S15_f578ce,,,,,
2026-09-12T03:51:07-05:00,PUR_IED_LaChucua_S16_eebcf9,PUR_IED_LaChucua_S16_eebcf9,,,,,
2026-09-12T03:51:07-05:00,PUR_IED_LaFelicidad_Ext_fb5109,PUR_IED_LaFelicidad_Ext_fb5109,,,,,
2026-09-12T03:51:07-05:00,PUR_IED_LaMerced_206_66ebd,PUR_IED_LaMerced_206_66ebd,,,,,
2026-09-12T03:51:07-05:00,PUR_IED_LaMerced_207_6ebd6,PUR_IED_LaMerced_207_6ebd6,,,,,
2026-09-12T03:51:07-05:00,PUR_IED_LaMerced_ext_304311,PUR_IED_LaMerced_ext_304311,,,,,
2026-09-12T03:51:07-05:00,PUR_IED_Laureano_CiencNat_281e5e,PUR_IED_Laureano_CiencNat_281e5e,,,,,
2026-09-12T03:51:07-05:00,PUR_IED_Laureano_Comedor_f65c0a,PUR_IED_Laureano_Comedor_f65c0a,,,,,
2026-09-12T03:51:07-05:00,PUR_IED_Laureano_Exterior_7ab011,PUR_IED_Laureano_Exterior_7ab011,,,,,
2026-09-12T03:51:07-05:00,PUR_IED_LeonGreiff_Exte_dfe560,PUR_IED_LeonGreiff_Exte_dfe560,,,,,
2026-09-12T03:51:07-05:00,PUR_IED_LeonGreiff_S210_f264ed,PUR_IED_LeonGreiff_S210_f264ed,,,,,
2026-09-12T03:51:07-05:00,PUR_IED_LeonGreiff_SQuimi_e8296f,PUR_IED_LeonGreiff_SQuimi_e8296f,,,,,
2026-09-12T03:51:07-05:00,PUR_IED_LlanoOrientalS208_7b9fcd,PUR_IED_LlanoOrientalS208_7b9fcd,,,,,
2026-09-12T03:51:07-05:00,PUR_IED_LlanoOriental_Ext_fb3766,PUR_IED_LlanoOriental_Ext_fb3766,,,,,
2026-09-12T03:51:07-05:00,PUR_IED_LlanoOriental_S208_7b9fcd,PUR_IED_LlanoOriental_S208_7b9fcd,,,,,
2026-09-12T03:51:07-05:00,PUR_IED_LlanoOriental_S9_27b378,PUR_IED_LlanoOriental_S9_27b378,,,,,
2026-09-12T03:51:07-05:00,PUR_IED_LosTejares_1101_477602,PUR_IED_LosTejares_1101_477602,,,,,
2026-09-12T03:51:07-05:00,PUR_IED_LosTejares_11_d2c595,PUR_IED_LosTejares_11_d2c595,,,,,
2026-09-12T03:51:07-05:00,PUR_IED_LosTejares_12_477602,PUR_IED_LosTejares_12_477602,,,,,
2026-09-12T03:51:07-05:00,PUR_IED_LosTejares_Ext_8e2115,PUR_IED_LosTejares_Ext_8e2115,,,,,
2026-09-12T03:51:07-05:00,PUR_IED_MagdalenaO_B202_5ddda3,PUR_IED_MagdalenaO_B202_5ddda3,,,,,
2026-09-12T03:51:07-05:00,PUR_IED_MagdalenaO_B205_fb76e8,PUR_IED_MagdalenaO_B205_fb76e8,,,,,
2026-09-12T03:51:07-05:00,PUR_IED_MagdalenaO_ext_dc69cd,PUR_IED_MagdalenaO_ext_dc69cd,,,,,
2026-09-12T03:51:07-05:00,PUR_IED_ManueCepeda_artes_eee956,PUR_IED_ManueCepeda_artes_eee956,,,,,
2026-09-12T03:51:07-05:00,PUR_IED_ManuelCepeda_Ext_58313,PUR_IED_ManuelCepeda_Ext_58313,,,,,
2026-09-12T03:51:07-05:00,PUR_IED_ManuelCepeda_tec_1c5731,PUR_IED_ManuelCepeda_tec_1c5731,,,,,
2026-09-12T03:51:07-05:00,PUR_IED_ManuelS_Exterior_5b269,PUR_IED_ManuelS_Exterior_5b269,,,,,
2026-09-12T03:51:07-05:00,PUR_IED_ManuelS_Inform_f369ce,PUR_IED_ManuelS_Inform_f369ce,,,,,
2026-09-12T03:51:07-05:00,PUR_IED_ManuelS_SArtes_7d15f1,PUR_IED_ManuelS_SArtes_7d15f1,,,,,
2026-09-12T03:51:07-05:00,PUR_IED_ManuelZapata_303_3ca6,PUR_IED_ManuelZapata_303_3ca6,,,,,
2026-09-12T03:51:07-05:00,PUR_IED_ManuelZapata_311_bfbabc,PUR_IED_ManuelZapata_311_bfbabc,,,,,
2026-09-12T03:51:07-05:00,PUR_IED_ManuelZapata_Ext_50824a,PUR_IED_ManuelZapata_Ext_50824a,,,,,
2026-09-12T03:51:07-05:00,PUR_IED_ManuelitaS_Exteri_656a92,PUR_IED_ManuelitaS_Exteri_656a92,,,,,
2026-09-12T03:51:07-05:00,PUR_IED_ManuelitaS_JuzgDe_f58ec3,PUR_IED_ManuelitaS_JuzgDe_f58ec3,,,,,
2026-09-12T03:51:07-05:00,PUR_IED_ManuelitaS_Recrea_d793db,PUR_IED_ManuelitaS_Recrea_d793db,,,,,
2026-09-12T03:51:07-05:00,PUR_IED_MarFidSuarez_Ext_c27b19,PUR_IED_MarFidSuarez_Ext_c27b19,,,,,
2026-09-12T03:51:07-05:00,PUR_IED_MarFidSuarez_Info_e384d7,PUR_IED_MarFidSuarez_Info_e384d7,,,,,
2026-09-12T03:51:07-05:00,PUR_IED_MarFidSuarez_S306_1d0032,PUR_IED_MarFidSuarez_S306_1d0032,,,,,
2026-09-12T03:51:07-05:00,PUR_IED_Menorah_301_2a25a3,PUR_IED_Menorah_301_2a25a3,,,,,
2026-09-12T03:51:07-05:00,PUR_IED_Menorah_306_37ed3,PUR_IED_Menorah_306_37ed3,,,,,
2026-09-12T03:51:07-05:00,PUR_IED_Menorah_Ext_3e155b,PUR_IED_Menorah_Ext_3e155b,,,,,
2026-09-12T03:51:07-05:00,PUR_IED_MinutoB.Aires_A11_1b1604,PUR_IED_MinutoB.Aires_A11_1b1604,,,,,
2026-09-12T03:51:07-05:00,PUR_IED_MinutoB.Aires_A12_fb5860,PUR_IED_MinutoB.Aires_A12_fb5860,,,,,
2026-09-12T03:51:07-05:00,PUR_IED_MinutoB.Aires_Ext_81293f,PUR_IED_MinutoB.Aires_Ext_81293f,,,,,
2026-09-12T03:51:07-05:00,PUR_IED_MinutoBAires_A11_1b1604,PUR_IED_MinutoBAires_A11_1b1604,,,,,
2026-09-12T03:51:07-05:00,PUR_IED_MinutoBAires_A12_fb5860,PUR_IED_MinutoBAires_A12_fb5860,,,,,
2026-09-12T03:51:07-05:00,PUR_IED_MinutoBAires_Ext_81293f,PUR_IED_MinutoBAires_Ext_81293f,,,,,
2026-09-12T03:51:07-05:00,PUR_IED_Montreal_Aula10_1e4959,PUR_IED_Montreal_Aula10_1e4959,,,,,
2026-09-12T03:51:07-05:00,PUR_IED_Montreal_Aula6_300367,PUR_IED_Montreal_Aula6_300367,,,,,
2026-09-12T03:51:07-05:00,PUR_IED_Montreal_Exterior_91a179,PUR_IED_Montreal_Exterior_91a179,,,,,
2026-09-12T03:51:07-05:00,PUR_IED_Mqgdalena_B202_5ddda3,PUR_IED_Mqgdalena_B202_5ddda3,,,,,
2026-09-12T03:51:07-05:00,PUR_IED_NACUND_Soc_dc8728,PUR_IED_NACUND_Soc_dc8728,,,,,
2026-09-12T03:51:07-05:00,PUR_IED_NACUND_ext_27ad97,PUR_IED_NACUND_ext_27ad97,,,,,
2026-09-12T03:51:07-05:00,PUR_IED_NEsperanza_Ext_d24b61,PUR_IED_NEsperanza_Ext_d24b61,,,,,
2026-09-12T03:51:07-05:00,PUR_IED_NEsperanza_SElect_7d1807,PUR_IED_NEsperanza_SElect_7d1807,,,,,
2026-09-12T03:51:07-05:00,PUR_IED_NEsperanza_SLabor_8b2d0a,PUR_IED_NEsperanza_SLabor_8b2d0a,,,,,
2026-09-12T03:51:07-05:00,PUR_IED_NacionesU_Ext_f661a9,PUR_IED_NacionesU_Ext_f661a9,,,,,
2026-09-12T03:51:07-05:00,PUR_IED_NacionesU_Quimica_66f0a,PUR_IED_NacionesU_Quimica_66f0a,,,,,
2026-09-12T03:51:07-05:00,PUR_IED_NacionesU_S306_1b4b3d,PUR_IED_NacionesU_S306_1b4b3d,,,,,
2026-09-12T03:51:07-05:00,PUR_IED_NestorFA_Ext_e4201c,PUR_IED_NestorFA_Ext_e4201c,,,,,
2026-09-12T03:51:07-05:00,PUR_IED_NestorFA_Laborato_f22fe0,PUR_IED_NestorFA_Laborato_f22fe0,,,,,
2026-09-12T03:51:07-05:00,PUR_IED_NestorFA_S204_dee996,PUR_IED_NestorFA_S204_dee996,,,,,
2026-09-12T03:51:07-05:00,PUR_IED_NidyaQT_Aula03_76999b,PUR_IED_NidyaQT_Aula03_76999b,,,,,
2026-09-12T03:51:07-05:00,PUR_IED_NidyaQT_Aula10_56325,PUR_IED_NidyaQT_Aula10_56325,,,,,
2026-09-12T03:51:07-05:00,PUR_IED_NidyaQT_Ext_46e32d,PUR_IED_NidyaQT_Ext_46e32d,,,,,
2026-09-12T03:51:07-05:00,PUR_IED_NuevaCol_Exterior_d9b859,PUR_IED_NuevaCol_Exterior_d9b859,,,,,
2026-09-12T03:51:07-05:00,PUR_IED_NuevaCol_S1101_76c43b,PUR_IED_NuevaCol_S1101_76c43b,,,,,
2026-09-12T03:51:07-05:00,PUR_IED_NuevaCol_S1102_1ce0b5,PUR_IED_NuevaCol_S1102_1ce0b5,,,,,
2026-09-12T03:51:07-05:00,PUR_IED_OEA_A202_f7e3f2,PUR_IED_OEA_A202_f7e3f2,,,,,
2026-09-12T03:51:07-05:00,PUR_IED_OEA_A203_7d1b8d,PUR_IED_OEA_A203_7d1b8d,,,,,
2026-09-12T03:51:07-05:00,PUR_IED_OEA_Ext_27b593,PUR_IED_OEA_Ext_27b593,,,,,
2026-09-12T03:51:07-05:00,PUR_IED_Ochoa_Ext_1c29da,PUR_IED_Ochoa_Ext_1c29da,,,,,
2026-09-12T03:51:07-05:00,PUR_IED_Ochoa_S205_8b1121,PUR_IED_Ochoa_S205_8b1121,,,,,
2026-09-12T03:51:07-05:00,PUR_IED_Ochoa_Sistemas_f33af6,PUR_IED_Ochoa_Sistemas_f33af6,,,,,
2026-09-12T03:51:07-05:00,PUR_IED_PQuebec_Ext_1c67c7,PUR_IED_PQuebec_Ext_1c67c7,,,,,
2026-09-12T03:51:07-05:00,PUR_IED_PQuebec_S15_23e8e2,PUR_IED_PQuebec_S15_23e8e2,,,,,
2026-09-12T03:51:07-05:00,PUR_IED_PQuebec_S16_8ec76b,PUR_IED_PQuebec_S16_8ec76b,,,,,
2026-09-12T03:51:07-05:00,PUR_IED_PabloN_Ext_49dc96,PUR_IED_PabloN_Ext_49dc96,,,,,
2026-09-12T03:51:07-05:00,PUR_IED_PabloN_S1102_4e3df5,PUR_IED_PabloN_S1102_4e3df5,,,,,
2026-09-12T03:51:07-05:00,PUR_IED_PabloN_S1103_50c94b,PUR_IED_PabloN_S1103_50c94b,,,,,
2026-09-12T03:51:07-05:00,PUR_IED_Palestina_S1101_db9198,PUR_IED_Palestina_S1101_db9198,,,,,
2026-09-12T03:51:07-05:00,PUR_IED_Palestina_S1102_dc54fa,PUR_IED_Palestina_S1102_dc54fa,,,,,
2026-09-12T03:51:07-05:00,PUR_IED_Palestina_ext_4ccce6,PUR_IED_Palestina_ext_4ccce6,,,,,
2026-09-12T03:51:07-05:00,PUR_IED_Panama_Fisica_4d0794,PUR_IED_Panama_Fisica_4d0794,,,,,
2026-09-12T03:51:07-05:00,PUR_IED_Panama_SIngles_a4077e,PUR_IED_Panama_SIngles_a4077e,,,,,
2026-09-12T03:51:07-05:00,PUR_IED_Panama_ext_4c54b4,PUR_IED_Panama_ext_4c54b4,,,,,
2026-09-12T03:51:07-05:00,PUR_IED_ParaisoM_Exterior_8cd7f0,PUR_IED_ParaisoM_Exterior_8cd7f0,,,,,
2026-09-12T03:51:07-05:00,PUR_IED_ParaisoM_Laborato_27af35,PUR_IED_ParaisoM_Laborato_27af35,,,,,
2026-09-12T03:51:07-05:00,PUR_IED_ParaisoM_S304_d1edca,PUR_IED_ParaisoM_S304_d1edca,,,,,
2026-09-12T03:51:07-05:00,PUR_IED_PorfirioBarba_Ext_301466,PUR_IED_PorfirioBarba_Ext_301466,,,,,
2026-09-12T03:51:07-05:00,PUR_IED_PorfirioBarba_S11_df6cd2,PUR_IED_PorfirioBarba_S11_df6cd2,,,,,
2026-09-12T03:51:07-05:00,PUR_IED_PorfirioBarba_S29_27a7d6,PUR_IED_PorfirioBarba_S29_27a7d6,,,,,
2026-09-12T03:51:07-05:00,PUR_IED_PradoV_Exter_8b27ad,PUR_IED_PradoV_Exter_8b27ad,,,,,
2026-09-12T03:51:07-05:00,PUR_IED_PradoV_S301_de65b5,PUR_IED_PradoV_S301_de65b5,,,,,
2026-09-12T03:51:07-05:00,PUR_IED_PradoV_S302_7d2593,PUR_IED_PradoV_S302_7d2593,,,,,
2026-09-12T03:51:07-05:00,PUR_IED_QuirogaAlz_Ext_1ddc82,PUR_IED_QuirogaAlz_Ext_1ddc82,,,,,
2026-09-12T03:51:07-05:00,PUR_IED_QuirogaAlz_S302_9926a3,PUR_IED_QuirogaAlz_S302_9926a3,,,,,
2026-09-12T03:51:07-05:00,PUR_IED_QuirogaAlz_S305_cdf1f1,PUR_IED_QuirogaAlz_S305_cdf1f1,,,,,
2026-09-12T03:51:07-05:00,PUR_IED_RGuatemala_Biling_dc53b7,PUR_IED_RGuatemala_Biling_dc53b7,,,,,
2026-09-12T03:51:07-05:00,PUR_IED_RGuatemala_Ext_1b89a3,PUR_IED_RGuatemala_Ext_1b89a3,,,,,
2026-09-12T03:51:07-05:00,PUR_IED_RGuatemala_Tecnol_281a34,PUR_IED_RGuatemala_Tecnol_281a34,,,,,
2026-09-12T03:51:07-05:00,PUR_IED_RafaNu_Ext_f7c302,PUR_IED_RafaNu_Ext_f7c302,,,,,
2026-09-12T03:51:07-05:00,PUR_IED_RafaNu_S1101_25fde,PUR_IED_RafaNu_S1101_25fde,,,,,
2026-09-12T03:51:07-05:00,PUR_IED_RafaNu_S1102_281517,PUR_IED_RafaNu_S1102_281517,,,,,
2026-09-12T03:51:07-05:00,PUR_IED_RafaelB_S305_ee2783,PUR_IED_RafaelB_S305_ee2783,,,,,
2026-09-12T03:51:07-05:00,PUR_IED_RafaelB_S306_75fe33,PUR_IED_RafaelB_S306_75fe33,,,,,
2026-09-12T03:51:07-05:00,PUR_IED_RafaelB_ext_283336,PUR_IED_RafaelB_ext_283336,2,18,60,4.6722,-74.0737
2026-09-12T03:51:07-05:00,PUR_IED_RafaelUU_Exterior_281a51,PUR_IED_RafaelUU_Exterior_281a51,,,,,
2026-09-12T03:51:07-05:00,PUR_IED_RafaelUU_Human_806b2,PUR_IED_RafaelUU_Human_806b2,,,,,
2026-09-12T03:51:07-05:00,PUR_IED_RafaelUU_Mate2_5680d4,PUR_IED_RafaelUU_Mate2_5680d4,,,,,
2026-09-12T03:51:07-05:00,PUR_IED_RamonSub_Ext_f9eeb9,PUR_IED_RamonSub_Ext_f9eeb9,,,,,
2026-09-12T03:51:07-05:00,PUR_IED_RamonSub_Media_d1f62f,PUR_IED_RamonSub_Media_d1f62f,,,,,
2026-09-12T03:51:07-05:00,PUR_IED_RamonSub_planta_51b82,PUR_IED_RamonSub_planta_51b82,,,,,
2026-09-12T03:51:07-05:00,PUR_IED_RepBoliVene_Exter_27af7c,PUR_IED_RepBoliVene_Exter_27af7c,,,,,
2026-09-12T03:51:07-05:00,PUR_IED_RepBoliVene_SCPT_5ae2ee,PUR_IED_RepBoliVene_SCPT_5ae2ee,,,,,
2026-09-12T03:51:07-05:00,PUR_IED_RepBoliVene_Socia_4b11d5,PUR_IED_RepBoliVene_Socia_4b11d5,,,,,
2026-09-12T03:51:07-05:00,PUR_IED_RepChina_Ext_76d9ee,PUR_IED_RepChina_Ext_76d9ee,,,,,
2026-09-12T03:51:07-05:00,PUR_IED_RepChina_S404_7c804c,PUR_IED_RepChina_S404_7c804c,,,,,
2026-09-12T03:51:07-05:00,PUR_IED_RepChina_S405_df2c33,PUR_IED_RepChina_S405_df2c33,,,,,
2026-09-12T03:51:07-05:00,PUR_IED_RepublicaC_Exteri_7d1ec9,PUR_IED_RepublicaC_Exteri_7d1ec9,,,,,
2026-09-12T03:51:07-05:00,PUR_IED_RepublicaC_S1101_f544b3,PUR_IED_RepublicaC_S1101_f544b3,,,,,
2026-09-12T03:51:07-05:00,PUR_IED_RepublicaC_S1102_7aafc7,PUR_IED_RepublicaC_S1102_7aafc7,,,,,
2026-09-12T03:51:07-05:00,PUR_IED_Ricaurte_Externo_a0ea1,PUR_IED_Ricaurte_Externo_a0ea1,,,,,
2026-09-12T03:51:07-05:00,PUR_IED_Ricaurte_S210_f546fd,PUR_IED_Ricaurte_S210_f546fd,,,,,
2026-09-12T03:51:07-05:00,PUR_IED_Ricaurte_S309_d4452,PUR_IED_Ricaurte_S309_d4452,,,,,
2026-09-12T03:51:07-05:00,PUR_IED_RogelioS_1102_531e69,PUR_IED_RogelioS_1102_531e69,,,,,
2026-09-12T03:51:07-05:00,PUR_IED_RogelioS_Ext_f25a18,PUR_IED_RogelioS_Ext_f25a18,,,,,
2026-09-12T03:51:07-05:00,PUR_IED_SBernardino_Ext_27aff8,PUR_IED_SBernardino_Ext_27aff8,,,,,
2026-09-12T03:51:07-05:00,PUR_IED_SBernardino_SArte_2ffd33,PUR_IED_SBernardino_SArte_2ffd33,,,,,
2026-09-12T03:51:07-05:00,PUR_IED_SBernardino_SIngl_7c7da5,PUR_IED_SBernardino_SIngl_7c7da5,,,,,
2026-09-12T03:51:07-05:00,PUR_IED_Sago_auditorio_dc9d1d,PUR_IED_Sago_auditorio_dc9d1d,,,,,
2026-09-12T03:51:07-05:00,PUR_IED_Saludcoop_Ext_95aac3,PUR_IED_Saludcoop_Ext_95aac3,,,,,
2026-09-12T03:51:07-05:00,PUR_IED_Saludcoop_InfI_90c854,PUR_IED_Saludcoop_InfI_90c854,,,,,
2026-09-12T03:51:07-05:00,PUR_IED_Saludcoop_SMedia_1b93be,PUR_IED_Saludcoop_SMedia_1b93be,,,,,
2026-09-12T03:51:07-05:00,PUR_IED_SanCarlos_1101_1a2360,PUR_IED_SanCarlos_1101_1a2360,,,,,
2026-09-12T03:51:07-05:00,PUR_IED_SanCarlos_1103_7bafb5,PUR_IED_SanCarlos_1103_7bafb5,,,,,
2026-09-12T03:51:07-05:00,PUR_IED_SanCarlos_Ext_b7cd1,PUR_IED_SanCarlos_Ext_b7cd1,,,,,
2026-09-12T03:51:07-05:00,PUR_IED_SanIgnacioBosa11a_50c26e,PUR_IED_SanIgnacioBosa11a_50c26e,,,,,
2026-09-12T03:51:07-05:00,PUR_IED_SanIgnacioBosa11b_371de8,PUR_IED_SanIgnacioBosa11b_371de8,,,,,
2026-09-12T03:51:07-05:00,PUR_IED_SanIgnacioBosaExt_ef0ffc,PUR_IED_SanIgnacioBosaExt_ef0ffc,,,,,
2026-09-12T03:51:07-05:00,PUR_IED_SanIgnacioBosa_11a_50c26e,PUR_IED_SanIgnacioBosa_11a_50c26e,,,,,
2026-09-12T03:51:07-05:00,PUR_IED_SanIgnacioBosa_Ext_ef0ffc,PUR_IED_SanIgnacioBosa_Ext_ef0ffc,,,,,
2026-09-12T03:51:07-05:00,PUR_IED_SanJoseN_intS1101_31c47f,PUR_IED_SanJoseN_intS1101_31c47f,,,,,
2026-09-12T03:51:07-05:00,PUR_IED_SanJoseUsm_Exter_f5d7e8,PUR_IED_SanJoseUsm_Exter_f5d7e8,,,,,
2026-09-12T03:51:07-05:00,PUR_IED_SanJoseUsm_Int11A_cfdef6,PUR_IED_SanJoseUsm_Int11A_cfdef6,,,,,
2026-09-12T03:51:07-05:00,PUR_IED_SilveriaR_IntB5_905349,PUR_IED_SilveriaR_IntB5_905349,,,,,
2026-09-12T03:51:07-05:00,PUR_IED_SilveriaR_IntSD14_981f93,PUR_IED_SilveriaR_IntSD14_981f93,,,,,
2026-09-12T03:51:07-05:00,PUR_IED_SilveriaR_ext_2b651d,PUR_IED_SilveriaR_ext_2b651d,,,,,
2026-09-12T03:51:07-05:00,PUR_IED_SimonB_Exterior_913975,PUR_IED_SimonB_Exterior_913975,,,,,
2026-09-12T03:51:07-05:00,PUR_IED_SimonB_LabQuimi_c56908,PUR_IED_SimonB_LabQuimi_c56908,,,,,
2026-09-12T03:51:07-05:00,PUR_IED_SimonB_informatic_a28c1,PUR_IED_SimonB_informatic_a28c1,,,,,
2026-09-12T03:51:07-05:00,PUR_IED_Sorrento_1102_315f50,PUR_IED_Sorrento_1102_315f50,,,,,
2026-09-12T03:51:07-05:00,PUR_IED_Sorrento_Minte_214eab,PUR_IED_Sorrento_Minte_214eab,,,,,
2026-09-12T03:51:07-05:00,PUR_IED_Sorrento_ext_7c3a0a,PUR_IED_Sorrento_ext_7c3a0a,,,,,
2026-09-12T03:51:07-05:00,PUR_IED_Tabora_Ext_f048ae,PUR_IED_Tabora_Ext_f048ae,,,,,
2026-09-12T03:51:07-05:00,PUR_IED_Tabora_S1102_b07752,PUR_IED_Tabora_S1102_b07752,,,,,
2026-09-12T03:51:07-05:00,PUR_IED_Tabora_S1103_d988f5,PUR_IED_Tabora_S1103_d988f5,,,,,
2026-09-12T03:51:07-05:00,PUR_IED_Tenerife_Ext_1ab188,PUR_IED_Tenerife_Ext_1ab188,,,,,
2026-09-12T03:51:07-05:00,PUR_IED_Tenerife_SDanzas_7bc02e,PUR_IED_Tenerife_SDanzas_7bc02e,,,,,
2026-09-12T03:51:07-05:00,PUR_IED_Tenerife_SIngles_7cc277,PUR_IED_Tenerife_SIngles_7cc277,,,,,
2026-09-12T03:51:07-05:00,PUR_IED_Tibabuyes_Exter_f2683d,PUR_IED_Tibabuyes_Exter_f2683d,,,,,
2026-09-12T03:51:07-05:00,PUR_IED_Tibabuyes_S10_dc87a8,PUR_IED_Tibabuyes_S10_dc87a8,,,,,
2026-09-12T03:51:07-05:00,PUR_IED_Tibabuyes_S15_dc0526,PUR_IED_Tibabuyes_S15_dc0526,,,,,
2026-09-12T03:51:07-05:00,PUR_IED_UnionE_S301_a1043,PUR_IED_UnionE_S301_a1043,,,,,
2026-09-12T03:51:07-05:00,PUR_IED_UnionE_S307_ff6c2f,PUR_IED_UnionE_S307_ff6c2f,,,,,
2026-09-12T03:51:07-05:00,PUR_IED_UnionE__Ext_5e2468,PUR_IED_UnionE__Ext_5e2468,,,,,
2026-09-12T03:51:07-05:00,PUR_IED_VillaRica_Ext_75be7c,PUR_IED_VillaRica_Ext_75be7c,,,,,
2026-09-12T03:51:07-05:00,PUR_IED_VillaRica_S4_cc5dcd,PUR_IED_VillaRica_S4_cc5dcd,,,,,
2026-09-12T03:51:07-05:00,PUR_IED_VillaRica_Sesp_99f5c,PUR_IED_VillaRica_Sesp_99f5c,,,,,
2026-09-12T03:56:04-05:00,PUR_IED_20deJulio_1101_91b1b9,PUR_IED_20deJulio_1101_91b1b9,,,,,
2026-09-12T03:56:04-05:00,PUR_IED_20deJulio_1102_1cfcf9,PUR_IED_20deJulio_1102_1cfcf9,,,,,
2026-09-12T03:56:04-05:00,PUR_IED_20deJulio_Ext_ab60bd,PUR_IED_20deJulio_Ext_ab60bd,,,,,
2026-09-12T03:56:04-05:00,PUR_IED_AgustinFer_Ext_7b9b77,PUR_IED_AgustinFer_Ext_7b9b77,,,,,
2026-09-12T03:56:04-05:00,PUR_IED_AgustinFer_Info2_27b3a7,PUR_IED_AgustinFer_Info2_27b3a7,,,,,
2026-09-12T03:56:04-05:00,PUR_IED_AgustinFer_Sena_54b4eb,PUR_IED_AgustinFer_Sena_54b4eb,,,,,
2026-09-12T03:56:04-05:00,PUR_IED_AlexanderF_1102_caf07b,PUR_IED_AlexanderF_1102_caf07b,,,,,
2026-09-12T03:56:04-05:00,PUR_IED_AlexanderF_1103_c79e71,PUR_IED_AlexanderF_1103_c79e71,,,,,
2026-09-12T03:56:04-05:00,PUR_IED_AlexanderF_Ext_c5b18b,PUR_IED_AlexanderF_Ext_c5b18b,,,,,
2026-09-12T03:56:04-05:00,PUR_IED_AlfonsoLopez_Ext_281d77,PUR_IED_AlfonsoLopez_Ext_281d77,,,,,
2026-09-12T03:56:04-05:00,PUR_IED_AlfonsoLopez_LabF_888ce0,PUR_IED_AlfonsoLopez_LabF_888ce0,,,,,
2026-09-12T03:56:04-05:00,PUR_IED_AlfonsoLopez_SMed_df6a7f,PUR_IED_AlfonsoLopez_SMed_df6a7f,,,,,
2026-09-12T03:56:04-05:00,PUR_IED_AltamiraSO_A2_209f92,PUR_IED_AltamiraSO_A2_209f92,,,,,
2026-09-12T03:56:04-05:00,PUR_IED_AltamiraSO_Ext_186d66,PUR_IED_AltamiraSO_Ext_186d66,,,,,
2026-09-12T03:56:04-05:00,PUR_IED_AltamiraSO_Sistem_27afe1,PUR_IED_AltamiraSO_Sistem_27afe1,,,,,
2026-09-12T03:56:04-05:00,PUR_IED_AlvaroGom_LabQuim_813179,PUR_IED_AlvaroGom_LabQuim_813179,,,,,
2026-09-12T03:56:04-05:00,PUR_IED_AlvaroGomez_Ext_47c7ca,PUR_IED_AlvaroGomez_Ext_47c7ca,,,,,
2026-09-12T03:56:04-05:00,PUR_IED_AlvaroGomez_LabQuim_813179,PUR_IED_AlvaroGomez_LabQuim_813179,,,,,
2026-09-12T03:56:04-05:00,PUR_IED_AlvaroGomez_S23_7ba89f,PUR_IED_AlvaroGomez_S23_7ba89f,,,,,
2026-09-12T03:56:04-05:00,PUR_IED_Amistad_306_dc8728,PUR_IED_Amistad_306_dc8728,,,,,
2026-09-12T03:56:04-05:00,PUR_IED_Amistad_Ext_8cd55e,PUR_IED_Amistad_Ext_8cd55e,,,,,
2026-09-12T03:56:04-05:00,PUR_IED_Amistad_S202_a41169,PUR_IED_Amistad_S202_a41169,,,,,
2026-09-12T03:56:04-05:00,PUR_IED_AndresBello_Bio_fd5f5e,PUR_IED_AndresBello_Bio_fd5f5e,,,,,
2026-09-12T03:56:04-05:00,PUR_IED_AndresBello_ext_dcad65,PUR_IED_AndresBello_ext_dcad65,,,,,
2026-09-12T03:56:04-05:00,PUR_IED_AndresBello_port_eed3ec,PUR_IED_AndresBello_port_eed3ec,,,,,
2026-09-12T03:56:04-05:00,PUR_IED_AngelaR_11b_d90a6b,PUR_IED_AngelaR_11b_d90a6b,,,,,
2026-09-12T03:56:04-05:00,PUR_IED_AngelaR_ext_7cad3e,PUR_IED_AngelaR_ext_7cad3e,7,19,62,4.5825,-74.164497
2026-09-12T03:56:04-05:00,PUR_IED_AntJoseSucre_10mo_df2575,PUR_IED_AntJoseSucre_10mo_df2575,,,,,
2026-09-12T03:56:04-05:00,PUR_IED_AntJoseSucre_Ext_215b36,PUR_IED_AntJoseSucre_Ext_215b36,,,,,
2026-09-12T03:56:04-05:00,PUR_IED_AntJoseSucre_Lab_3139de,PUR_IED_AntJoseSucre_Lab_3139de,,,,,
2026-09-12T03:56:04-05:00,PUR_IED_AntonioGarcia_301_d6b188,PUR_IED_AntonioGarcia_301_d6b188,,,,,
2026-09-12T03:56:04-05:00,PUR_IED_AntonioGarcia_302_88a82,PUR_IED_AntonioGarcia_302_88a82,,,,,
2026-09-12T03:56:04-05:00,PUR_IED_AntonioGarcia_Ext_20950c,PUR_IED_AntonioGarcia_Ext_20950c,,,,,
2026-09-12T03:56:04-05:00,PUR_IED_AntonioVan_Aula2_6dea02,PUR_IED_AntonioVan_Aula2_6dea02,,,,,
2026-09-12T03:56:04-05:00,PUR_IED_AntonioVan_Aula5_f1557e,PUR_IED_AntonioVan_Aula5_f1557e,,,,,
2026-09-12T03:56:04-05:00,PUR_IED_AntonioVan_Ext_406f2f,PUR_IED_AntonioVan_Ext_406f2f,,,,,
2026-09-12T03:56:04-05:00,PUR_IED_Atabanzha_Ext_cc5af9,PUR_IED_Atabanzha_Ext_cc5af9,,,,,
2026-09-12T03:56:04-05:00,PUR_IED_Atabanzha_SA101_56c37,PUR_IED_Atabanzha_SA101_56c37,,,,,
2026-09-12T03:56:04-05:00,PUR_IED_Atabanzha_SB302_27b374,PUR_IED_Atabanzha_SB302_27b374,,,,,
2026-09-12T03:56:04-05:00,PUR_IED_Atahualpa_Ext_fc1748,PUR_IED_Atahualpa_Ext_fc1748,,,,,
2026-09-12T03:56:04-05:00,PUR_IED_Atahualpa_Informa_dc9a95,PUR_IED_Atahualpa_Informa_dc9a95,,,,,
2026-09-12T03:56:04-05:00,PUR_IED_Atahualpa_S1101_f98056,PUR_IED_Atahualpa_S1101_f98056,,,,,
2026-09-12T03:56:04-05:00,PUR_IED_Bellavista_Ext_f5aa74,PUR_IED_Bellavista_Ext_f5aa74,,,,,
2026-09-12T03:56:04-05:00,PUR_IED_Bilbao_11A_916c41,PUR_IED_Bilbao_11A_916c41,,,,,
2026-09-12T03:56:04-05:00,PUR_IED_Bilbao_Ext_fb579a,PUR_IED_Bilbao_Ext_fb579a,,,,,
2026-09-12T03:56:04-05:00,PUR_IED_BrasiliaU_A125_304280,PUR_IED_BrasiliaU_A125_304280,,,,,
2026-09-12T03:56:04-05:00,PUR_IED_BrasiliaU_A203_7c8ca5,PUR_IED_BrasiliaU_A203_7c8ca5,,,,,
2026-09-12T03:56:04-05:00,PUR_IED_BrasiliaU_Ext_8d6e9f,PUR_IED_BrasiliaU_Ext_8d6e9f,4,16,64,4.5175,-74.116302
2026-09-12T03:56:04-05:00,PUR_IED_Brasilia_Ext_fe6593,PUR_IED_Brasilia_Ext_fe6593,,,,,
2026-09-12T03:56:04-05:00,PUR_IED_Brasilia_S24_7c130d,PUR_IED_Brasilia_S24_7c130d,,,,,
2026-09-12T03:56:04-05:00,PUR_IED_Brasilia_S501_186a54,PUR_IED_Brasilia_S501_186a54,,,,,
2026-09-12T03:56:04-05:00,PUR_IED_CHARRY_EXT_f1d5cd,PUR_IED_CHARRY_EXT_f1d5cd,,,,,
2026-09-12T03:56:04-05:00,PUR_IED_CHARRY_INTDANZAS_7a08e6,PUR_IED_CHARRY_INTDANZAS_7a08e6,,,,,
2026-09-12T03:56:04-05:00,PUR_IED_CHARRY_INT_AULA20_dc998d,PUR_IED_CHARRY_INT_AULA20_dc998d,,,,,
2026-09-12T03:56:04-05:00,PUR_IED_COLVIV_1101_S25_7f520a,PUR_IED_COLVIV_1101_S25_7f520a,,,,,
2026-09-12T03:56:04-05:00,PUR_IED_COLVIV_1102_S16_f570ba,PUR_IED_COLVIV_1102_S16_f570ba,,,,,
2026-09-12T03:56:04-05:00,PUR_IED_COLVIV_Ext_1a26fa,PUR_IED_COLVIV_Ext_1a26fa,,,,,
2026-09-12T03:56:04-05:00,PUR_IED_CULPOP_301A_f660f3,PUR_IED_CULPOP_301A_f660f3,,,,,
2026-09-12T03:56:04-05:00,PUR_IED_CULPOP_303_568afe,PUR_IED_CULPOP_303_568afe,,,,,
2026-09-12T03:56:04-05:00,PUR_IED_CULPOP_Ext_e02ccb,PUR_IED_CULPOP_Ext_e02ccb,,,,,
2026-09-12T03:56:04-05:00,PUR_IED_CVillavicen_Ext_26eb58,PUR_IED_CVillavicen_Ext_26eb58,6,14,81,4.487,-74.102798
2026-09-12T03:56:04-05:00,PUR_IED_CVillavicen_Intel_1ce5c2,PUR_IED_CVillavicen_Intel_1ce5c2,,,,,
2026-09-12T03:56:04-05:00,PUR_IED_CVillavicen_Poliv_e0766c,PUR_IED_CVillavicen_Poliv_e0766c,,,,,
2026-09-12T03:56:04-05:00,PUR_IED_CVillavicen_int_1ba140,PUR_IED_CVillavicen_int_1ba140,,,,,
2026-09-12T03:56:04-05:00,PUR_IED_CVillavicen_intel_1ba140,PUR_IED_CVillavicen_intel_1ba140,,,,,
2026-09-12T03:56:04-05:00,PUR_IED_CarlosPizarro_Ext_e307cc,PUR_IED_CarlosPizarro_Ext_e307cc,,,,,
2026-09-12T03:56:04-05:00,PUR_IED_CarlosPizarro_L36_7e5cdb,PUR_IED_CarlosPizarro_L36_7e5cdb,,,,,
2026-09-12T03:56:04-05:00,PUR_IED_CarlosPizarro_L37_c8566c,PUR_IED_CarlosPizarro_L37_c8566c,,,,,
2026-09-12T03:56:04-05:00,PUR_IED_Castilla_Ext_cf35f,PUR_IED_Castilla_Ext_cf35f,,,,,
2026-09-12T03:56:04-05:00,PUR_IED_Castilla_SFisik_360e38,PUR_IED_Castilla_SFisik_360e38,,,,,
2026-09-12T03:56:04-05:00,PUR_IED_Castilla_Sc304_496fbf,PUR_IED_Castilla_Sc304_496fbf,,,,,
2026-09-12T03:56:04-05:00,PUR_IED_CervantesSa_Ext_6b57b,PUR_IED_CervantesSa_Ext_6b57b,3,17,69,4.5128,-74.117203
2026-09-12T03:56:04-05:00,PUR_IED_CervantesSa_S107_225c2b,PUR_IED_CervantesSa_S107_225c2b,,,,,
2026-09-12T03:56:04-05:00,PUR_IED_CervantesSa_S108_940925,PUR_IED_CervantesSa_S108_940925,,,,,
2026-09-12T03:56:04-05:00,PUR_IED_Charry_A20_f53e7c,PUR_IED_Charry_A20_f53e7c,,,,,
2026-09-12T03:56:04-05:00,PUR_IED_Charry_Ext_f1d5cd,PUR_IED_Charry_Ext_f1d5cd,,,,,
2026-09-12T03:56:04-05:00,PUR_IED_Charry_IntAula20_dc998d,PUR_IED_Charry_IntAula20_dc998d,,,,,
2026-09-12T03:56:04-05:00,PUR_IED_Charry_IntDanzas_7a08e6,PUR_IED_Charry_IntDanzas_7a08e6,,,,,
2026-09-12T03:56:04-05:00,PUR_IED_ClememciaC_203_43e2fc,PUR_IED_ClememciaC_203_43e2fc,,,,,
2026-09-12T03:56:04-05:00,PUR_IED_ClememciaC_Ext_1b411a,PUR_IED_ClememciaC_Ext_1b411a,,,,,
2026-09-12T03:56:04-05:00,PUR_IED_ClememciaC_Quimic_44b5fc,PUR_IED_ClememciaC_Quimic_44b5fc,,,,,
2026-09-12T03:56:04-05:00,PUR_IED_ClemenciaC_203_43e2fc,PUR_IED_ClemenciaC_203_43e2fc,,,,,
2026-09-12T03:56:04-05:00,PUR_IED_ClemenciaC_Ext_1b411a,PUR_IED_ClemenciaC_Ext_1b411a,,,,,
2026-09-12T03:56:04-05:00,PUR_IED_ClemenciaC_Quimic_44b5fc,PUR_IED_ClemenciaC_Quimic_44b5fc,,,,,
2026-09-12T03:56:04-05:00,PUR_IED_ColViva_1101_S25_7f520a,PUR_IED_ColViva_1101_S25_7f520a,,,,,
2026-09-12T03:56:04-05:00,PUR_IED_ColViva_1102_S16_f570ba,PUR_IED_ColViva_1102_S16_f570ba,,,,,
2026-09-12T03:56:04-05:00,PUR_IED_ColViva_Ext_1a26fa,PUR_IED_ColViva_Ext_1a26fa,,,,,
2026-09-12T03:56:04-05:00,PUR_IED_ColegioBici_Asist_7c8798,PUR_IED_ColegioBici_Asist_7c8798,,,,,
2026-09-12T03:56:04-05:00,PUR_IED_ColegioBici_Ext_25cbf6,PUR_IED_ColegioBici_Ext_25cbf6,,,,,
2026-09-12T03:56:04-05:00,PUR_IED_ColegioBici_LabQ_7b57db,PUR_IED_ColegioBici_LabQ_7b57db,,,,,
2026-09-12T03:56:04-05:00,PUR_IED_CostaRica_Ext_5e640,PUR_IED_CostaRica_Ext_5e640,,,,,
2026-09-12T03:56:04-05:00,PUR_IED_CostaRica_Quim1_766d1c,PUR_IED_CostaRica_Quim1_766d1c,,,,,
2026-09-12T03:56:04-05:00,PUR_IED_CostaRica__Fisica_6f0873,PUR_IED_CostaRica__Fisica_6f0873,,,,,
2026-09-12T03:56:04-05:00,PUR_IED_CulPopu_301A_f660f3,PUR_IED_CulPopu_301A_f660f3,,,,,
2026-09-12T03:56:04-05:00,PUR_IED_CulPopu_303_568afe,PUR_IED_CulPopu_303_568afe,,,,,
2026-09-12T03:56:04-05:00,PUR_IED_CulPopu_Ext_e02ccb,PUR_IED_CulPopu_Ext_e02ccb,,,,,
2026-09-12T03:56:04-05:00,PUR_IED_Cundinamarca_Ext_f15985,PUR_IED_Cundinamarca_Ext_f15985,,,,,
2026-09-12T03:56:04-05:00,PUR_IED_Cundinamarca_Info_7aa5d7,PUR_IED_Cundinamarca_Info_7aa5d7,,,,,
2026-09-12T03:56:04-05:00,PUR_IED_Cundinamarca_Tec2_f449c7,PUR_IED_Cundinamarca_Tec2_f449c7,,,,,
2026-09-12T03:56:04-05:00,PUR_IED_DiegoM_Aula1_27b314,PUR_IED_DiegoM_Aula1_27b314,,,,,
2026-09-12T03:56:04-05:00,PUR_IED_DiegoM_Ext_d80ac8,PUR_IED_DiegoM_Ext_d80ac8,,,,,
2026-09-12T03:56:04-05:00,PUR_IED_DiegoM_S25_da928f,PUR_IED_DiegoM_S25_da928f,,,,,
2026-09-12T03:56:04-05:00,PUR_IED_ELRODEO_360881,PUR_IED_ELRODEO_360881,,,,,
2026-09-12T03:56:04-05:00,PUR_IED_ELRODEO_ext_360881,PUR_IED_ELRODEO_ext_360881,,,,,
2026-09-12T03:56:04-05:00,PUR_IED_EduardoU_Ext_1c1969,PUR_IED_EduardoU_Ext_1c1969,,,,,
2026-09-12T03:56:04-05:00,PUR_IED_EduardoU_SCiencia_4dfb94,PUR_IED_EduardoU_SCiencia_4dfb94,,,,,
2026-09-12T03:56:04-05:00,PUR_IED_EduardoU_SQuimica_5a46e7,PUR_IED_EduardoU_SQuimica_5a46e7,,,,,
2026-09-12T03:56:04-05:00,PUR_IED_ElRodeo_Aula14_676984,PUR_IED_ElRodeo_Aula14_676984,,,,,
2026-09-12T03:56:04-05:00,PUR_IED_ElRodeo_Aula16_2dd35b,PUR_IED_ElRodeo_Aula16_2dd35b,,,,,
2026-09-12T03:56:04-05:00,PUR_IED_ElRodeo_Ext_360881,PUR_IED_ElRodeo_Ext_360881,,,,,
2026-09-12T03:56:04-05:00,PUR_IED_ElRodeo_Exterior_8c6d28,PUR_IED_ElRodeo_Exterior_8c6d28,,,,,
2026-09-12T03:56:04-05:00,PUR_IED_ElRodeo_ext_360881,PUR_IED_ElRodeo_ext_360881,,,,,
2026-09-12T03:56:04-05:00,PUR_IED_EmmaReyes_Ext_987625,PUR_IED_EmmaReyes_Ext_987625,10,21,53,4.6367,-74.1511
2026-09-12T03:56:04-05:00,PUR_IED_Ensueño_Ext_7f0250,PUR_IED_Ensueño_Ext_7f0250,,,,,
2026-09-12T03:56:04-05:00,PUR_IED_EscNormal_Ext_5fef3b,PUR_IED_EscNormal_Ext_5fef3b,2,17,62,4.5852,-74.096901
2026-09-12T03:56:04-05:00,PUR_IED_EscNormal_S309_5b263,PUR_IED_EscNormal_S309_5b263,,,,,
2026-09-12T03:56:04-05:00,PUR_IED_EscNormal_S310_27b3b8,PUR_IED_EscNormal_S310_27b3b8,,,,,
2026-09-12T03:56:04-05:00,PUR_IED_Evangelista_Conta_f6cd4f,PUR_IED_Evangelista_Conta_f6cd4f,,,,,
2026-09-12T03:56:04-05:00,PUR_IED_Evangelista_Cri_5e16a,PUR_IED_Evangelista_Cri_5e16a,,,,,
2026-09-12T03:56:04-05:00,PUR_IED_Evangelista_Exter_754066,PUR_IED_Evangelista_Exter_754066,,,,,
2026-09-12T03:56:04-05:00,PUR_IED_FMiranda_S209_5cc2a3,PUR_IED_FMiranda_S209_5cc2a3,,,,,
2026-09-12T03:56:04-05:00,PUR_IED_FMiranda_S303_19e344,PUR_IED_FMiranda_S303_19e344,,,,,
2026-09-12T03:56:04-05:00,PUR_IED_FMiranda_ext_f53e7c,PUR_IED_FMiranda_ext_f53e7c,,,,,
2026-09-12T03:56:04-05:00,PUR_IED_FabioLozano_Bibli_1cee05,PUR_IED_FabioLozano_Bibli_1cee05,,,,,
2026-09-12T03:56:04-05:00,PUR_IED_FabioLozano_Ext_6ea285,PUR_IED_FabioLozano_Ext_6ea285,,,,,
2026-09-12T03:56:04-05:00,PUR_IED_FabioLozano_SLudi_f09e1e,PUR_IED_FabioLozano_SLudi_f09e1e,,,,,
2026-09-12T03:56:04-05:00,PUR_IED_FaustinoS_Aula07_27a731,PUR_IED_FaustinoS_Aula07_27a731,,,,,
2026-09-12T03:56:04-05:00,PUR_IED_FaustinoS_Ext_7b936f,PUR_IED_FaustinoS_Ext_7b936f,,,,,
2026-09-12T03:56:04-05:00,PUR_IED_FaustinoS_Fisica_da2c60,PUR_IED_FaustinoS_Fisica_da2c60,,,,,
2026-09-12T03:56:04-05:00,PUR_IED_FeGarciaLo_Ext_dc68ee,PUR_IED_FeGarciaLo_Ext_dc68ee,,,,,
2026-09-12T03:56:04-05:00,PUR_IED_FeGarciaLo_SDanza_f70a59,PUR_IED_FeGarciaLo_SDanza_f70a59,,,,,
2026-09-12T03:56:04-05:00,PUR_IED_FeGarciaLo_SMusic_125cdd,PUR_IED_FeGarciaLo_SMusic_125cdd,,,,,
2026-09-12T03:56:04-05:00,PUR_IED_FederalAlema_Exte_50c345,PUR_IED_FederalAlema_Exte_50c345,,,,,
2026-09-12T03:56:04-05:00,PUR_IED_FederalAlema_S31_f18371,PUR_IED_FederalAlema_S31_f18371,,,,,
2026-09-12T03:56:04-05:00,PUR_IED_FederalAlema_S901_a62cd,PUR_IED_FederalAlema_S901_a62cd,,,,,
2026-09-12T03:56:04-05:00,PUR_IED_FilarmonicaS_A5_f35eb1,PUR_IED_FilarmonicaS_A5_f35eb1,,,,,
2026-09-12T03:56:04-05:00,PUR_IED_FilarmonicaS_Ext_8a3bde,PUR_IED_FilarmonicaS_Ext_8a3bde,,,,,
2026-09-12T03:56:04-05:00,PUR_IED_FilarmonicaS_Spol_406114,PUR_IED_FilarmonicaS_Spol_406114,,,,,
2026-09-12T03:56:04-05:00,PUR_IED_FlorentinoG_A13_d1fa59,PUR_IED_FlorentinoG_A13_d1fa59,,,,,
2026-09-12T03:56:04-05:00,PUR_IED_FlorentinoG_Ext_1ce6ce,PUR_IED_FlorentinoG_Ext_1ce6ce,,,,,
2026-09-12T03:56:04-05:00,PUR_IED_FlorentinoG_Idiom_a66aac,PUR_IED_FlorentinoG_Idiom_a66aac,,,,,
2026-09-12T03:56:04-05:00,PUR_IED_FranciscoMati_Ext_e3869d,PUR_IED_FranciscoMati_Ext_e3869d,,,,,
2026-09-12T03:56:04-05:00,PUR_IED_FranciscoMati_S13_f31c67,PUR_IED_FranciscoMati_S13_f31c67,,,,,
2026-09-12T03:56:04-05:00,PUR_IED_FranciscoMati_S14_97dead,PUR_IED_FranciscoMati_S14_97dead,,,,,
2026-09-12T03:56:04-05:00,PUR_IED_FranciscoPS_Ext_7bfa9a,PUR_IED_FranciscoPS_Ext_7bfa9a,2,19,61,4.5899,-74.110397
2026-09-12T03:56:04-05:00,PUR_IED_FranciscoPS_Infor_fb8f4c,PUR_IED_FranciscoPS_Infor_fb8f4c,,,,,
2026-09-12T03:56:04-05:00,PUR_IED_FranciscoPS_Quimi_94d39c,PUR_IED_FranciscoPS_Quimi_94d39c,,,,,
2026-09-12T03:56:04-05:00,PUR_IED_FranciscoP_LabQ_d7e148,PUR_IED_FranciscoP_LabQ_d7e148,,,,,
2026-09-12T03:56:04-05:00,PUR_IED_FranciscoP_S28_cf9b30,PUR_IED_FranciscoP_S28_cf9b30,,,,,
2026-09-12T03:56:04-05:00,PUR_IED_FranciscoP_ext_e2313,PUR_IED_FranciscoP_ext_e2313,,,,,
2026-09-12T03:56:04-05:00,PUR_IED_FriederichN_Ext_8ac92a,PUR_IED_FriederichN_Ext_8ac92a,,,,,
2026-09-12T03:56:04-05:00,PUR_IED_FriederichN_S301_dd7e5a,PUR_IED_FriederichN_S301_dd7e5a,,,,,
2026-09-12T03:56:04-05:00,PUR_IED_FriederichN_S308_761f4f,PUR_IED_FriederichN_S308_761f4f,,,,,
2026-09-12T03:56:04-05:00,PUR_IED_GSantander_Aula10_533dd7,PUR_IED_GSantander_Aula10_533dd7,,,,,
2026-09-12T03:56:04-05:00,PUR_IED_GSantander_Aula12_fd4e4f,PUR_IED_GSantander_Aula12_fd4e4f,,,,,
2026-09-12T03:56:04-05:00,PUR_IED_GSantander_Aula310_533dd7,PUR_IED_GSantander_Aula310_533dd7,,,,,
2026-09-12T03:56:04-05:00,PUR_IED_GSantander_Aula312_fd4e4f,PUR_IED_GSantander_Aula312_fd4e4f,,,,,
2026-09-12T03:56:04-05:00,PUR_IED_GSantander_Ext_5f66b0,PUR_IED_GSantander_Ext_5f66b0,,,,,
2026-09-12T03:56:04-05:00,PUR_IED_GYomasa_Ext_f6bea5,PUR_IED_GYomasa_Ext_f6bea5,,,,,
2026-09-12T03:56:04-05:00,PUR_IED_GYomasa_LBiol_2c41aa,PUR_IED_GYomasa_LBiol_2c41aa,,,,,
2026-09-12T03:56:04-05:00,PUR_IED_GYomasa_LQuim_33c80,PUR_IED_GYomasa_LQuim_33c80,,,,,
2026-09-12T03:56:04-05:00,PUR_IED_GabBetMejia_Cienc_5a99c,PUR_IED_GabBetMejia_Cienc_5a99c,,,,,
2026-09-12T03:56:04-05:00,PUR_IED_GabBetMejia_Ext_9153d0,PUR_IED_GabBetMejia_Ext_9153d0,,,,,
2026-09-12T03:56:04-05:00,PUR_IED_GabBetMejia_Lab_f55347,PUR_IED_GabBetMejia_Lab_f55347,,,,,
2026-09-12T03:56:04-05:00,PUR_IED_GabBetanMejia_Ext_9153d0,PUR_IED_GabBetanMejia_Ext_9153d0,,,,,
2026-09-12T03:56:04-05:00,PUR_IED_Gaitana_Aula13_7aac11,PUR_IED_Gaitana_Aula13_7aac11,,,,,
2026-09-12T03:56:04-05:00,PUR_IED_Gaitana_Ext_5fcf4,PUR_IED_Gaitana_Ext_5fcf4,,,,,
2026-09-12T03:56:04-05:00,PUR_IED_Gaitana_LabFisica_644448,PUR_IED_Gaitana_LabFisica_644448,,,,,
2026-09-12T03:56:04-05:00,PUR_IED_GenSantander_Dise_8ac858,PUR_IED_GenSantander_Dise_8ac858,,,,,
2026-09-12T03:56:04-05:00,PUR_IED_GenSantander_Ext_8d5dfe,PUR_IED_GenSantander_Ext_8d5dfe,,,,,
2026-09-12T03:56:04-05:00,PUR_IED_GenSantander_Info_6c25b,PUR_IED_GenSantander_Info_6c25b,,,,,
2026-09-12T03:56:04-05:00,PUR_IED_GustavoMo_Exterio_75e63d,PUR_IED_GustavoMo_Exterio_75e63d,,,,,
2026-09-12T03:56:04-05:00,PUR_IED_GustavoMo_LabFisi_224d37,PUR_IED_GustavoMo_LabFisi_224d37,,,,,
2026-09-12T03:56:04-05:00,PUR_IED_GustavoMo_S208_3e6918,PUR_IED_GustavoMo_S208_3e6918,,,,,
2026-09-12T03:56:04-05:00,PUR_IED_GustavoR_A02_8cd4a8,PUR_IED_GustavoR_A02_8cd4a8,,,,,
2026-09-12T03:56:04-05:00,PUR_IED_GustavoR_B11_5b0ed,PUR_IED_GustavoR_B11_5b0ed,,,,,
2026-09-12T03:56:04-05:00,PUR_IED_GustavoR_Ext_7a0c90,PUR_IED_GustavoR_Ext_7a0c90,,,,,
2026-09-12T03:56:04-05:00,PUR_IED_HernandoDuran_Ext_8cd82b,PUR_IED_HernandoDuran_Ext_8cd82b,,,,,
2026-09-12T03:56:04-05:00,PUR_IED_HernandoDuran_S24_2772c6,PUR_IED_HernandoDuran_S24_2772c6,,,,,
2026-09-12T03:56:04-05:00,PUR_IED_HernandoDuran_S30_f2de41,PUR_IED_HernandoDuran_S30_f2de41,,,,,
2026-09-12T03:56:04-05:00,PUR_IED_HolguInUr_S1101_8cd732,PUR_IED_HolguInUr_S1101_8cd732,,,,,
2026-09-12T03:56:04-05:00,PUR_IED_HolguinUr_Exter_ddae6d,PUR_IED_HolguinUr_Exter_ddae6d,,,,,
2026-09-12T03:56:04-05:00,PUR_IED_HolguinUr_LabQuim_92b952,PUR_IED_HolguinUr_LabQuim_92b952,,,,,
2026-09-12T03:56:04-05:00,PUR_IED_Isabel-II_Ext_5245cc,PUR_IED_Isabel-II_Ext_5245cc,7,19,59,4.6336,-74.153
2026-09-12T03:56:04-05:00,PUR_IED_Isabel-II_S_idiom_1c29aa,PUR_IED_Isabel-II_S_idiom_1c29aa,,,,,
2026-09-12T03:56:04-05:00,PUR_IED_Isabel-II_S_infor_fd741,PUR_IED_Isabel-II_S_infor_fd741,,,,,
2026-09-12T03:56:04-05:00,PUR_IED_IsidroSur_Exterio_5b90ea,PUR_IED_IsidroSur_Exterio_5b90ea,,,,,
2026-09-12T03:56:04-05:00,PUR_IED_IsidroSur_LabTec_56697a,PUR_IED_IsidroSur_LabTec_56697a,,,,,
2026-09-12T03:56:04-05:00,PUR_IED_IsidroSur_Robotic_b7c38f,PUR_IED_IsidroSur_Robotic_b7c38f,,,,,
2026-09-12T03:56:04-05:00,PUR_IED_IsmaelPerd_Ext_7b6672,PUR_IED_IsmaelPerd_Ext_7b6672,,,,,
2026-09-12T03:56:04-05:00,PUR_IED_IsmaelPerd_Inform_306540,PUR_IED_IsmaelPerd_Inform_306540,,,,,
2026-09-12T03:56:04-05:00,PUR_IED_IsmaelPerd_S30_2e2c83,PUR_IED_IsmaelPerd_S30_2e2c83,,,,,
2026-09-12T03:56:04-05:00,PUR_IED_JLozano_Exter_432910,PUR_IED_JLozano_Exter_432910,,,,,
2026-09-12T03:56:04-05:00,PUR_IED_JLozano_salaMulti_df5125,PUR_IED_JLozano_salaMulti_df5125,,,,,
2026-09-12T03:56:04-05:00,PUR_IED_JMCordoba_206_86f80b,PUR_IED_JMCordoba_206_86f80b,,,,,
2026-09-12T03:56:04-05:00,PUR_IED_JMCordoba_Ext_27ad97,PUR_IED_JMCordoba_Ext_27ad97,,,,,
2026-09-12T03:56:04-05:00,PUR_IED_JMCordoba_S310_d59ab4,PUR_IED_JMCordoba_S310_d59ab4,,,,,
2026-09-12T03:56:04-05:00,PUR_IED_Japon_Ext_549100,PUR_IED_Japon_Ext_549100,,,,,
2026-09-12T03:56:04-05:00,PUR_IED_Japon_Laboratorio_bec51d,PUR_IED_Japon_Laboratorio_bec51d,,,,,
2026-09-12T03:56:04-05:00,PUR_IED_Japon_informatica_d99327,PUR_IED_Japon_informatica_d99327,,,,,
2026-09-12T03:56:04-05:00,PUR_IED_Jazmin_Ext_d27bda,PUR_IED_Jazmin_Ext_d27bda,,,,,
2026-09-12T03:56:04-05:00,PUR_IED_Jazmin_Fisica_8d14d7,PUR_IED_Jazmin_Fisica_8d14d7,,,,,
2026-09-12T03:56:04-05:00,PUR_IED_Jazmin_Quimica_801cb5,PUR_IED_Jazmin_Quimica_801cb5,,,,,
2026-09-12T03:56:04-05:00,PUR_IED_JorgeGaitan_Exter_f098d1,PUR_IED_JorgeGaitan_Exter_f098d1,,,,,
2026-09-12T03:56:04-05:00,PUR_IED_JorgeGaitan_STec1_dc9d1d,PUR_IED_JorgeGaitan_STec1_dc9d1d,,,,,
2026-09-12T03:56:04-05:00,PUR_IED_JorgeGaitan_STec2_281e69,PUR_IED_JorgeGaitan_STec2_281e69,,,,,
2026-09-12T03:56:04-05:00,PUR_IED_JorgeSoto_Exterio_d9d0a2,PUR_IED_JorgeSoto_Exterio_d9d0a2,,,,,
2026-09-12T03:56:04-05:00,PUR_IED_JorgeSoto_LabFisi_209c54,PUR_IED_JorgeSoto_LabFisi_209c54,,,,,
2026-09-12T03:56:04-05:00,PUR_IED_JorgeSoto_S103_27b51a,PUR_IED_JorgeSoto_S103_27b51a,,,,,
2026-09-12T03:56:04-05:00,PUR_IED_JoseAcevedo_A02_e965eb,PUR_IED_JoseAcevedo_A02_e965eb,,,,,
2026-09-12T03:56:04-05:00,PUR_IED_JoseAcevedo_A07_dd5b4,PUR_IED_JoseAcevedo_A07_dd5b4,,,,,
2026-09-12T03:56:04-05:00,PUR_IED_JoseAcevedo_Ext_b47484,PUR_IED_JoseAcevedo_Ext_b47484,,,,,
2026-09-12T03:56:04-05:00,PUR_IED_JoseMarti_Exte_5b9bf,PUR_IED_JoseMarti_Exte_5b9bf,,,,,
2026-09-12T03:56:04-05:00,PUR_IED_JoseMarti_LabQuim_1c6c2d,PUR_IED_JoseMarti_LabQuim_1c6c2d,,,,,
2026-09-12T03:56:04-05:00,PUR_IED_JoseMarti_S_info_f5f177,PUR_IED_JoseMarti_S_info_f5f177,,,,,
2026-09-12T03:56:04-05:00,PUR_IED_Josejoaquin_Ext_dfc5dc,PUR_IED_Josejoaquin_Ext_dfc5dc,,,,,
2026-09-12T03:56:04-05:00,PUR_IED_Josejoaquin_S05_5b2a96,PUR_IED_Josejoaquin_S05_5b2a96,,,,,
2026-09-12T03:56:04-05:00,PUR_IED_Josejoaquin_S06_1ce7d2,PUR_IED_Josejoaquin_S06_1ce7d2,,,,,
2026-09-12T03:56:04-05:00,PUR_IED_JulioFlorez_Danza_9b82dd,PUR_IED_JulioFlorez_Danza_9b82dd,,,,,
2026-09-12T03:56:04-05:00,PUR_IED_JulioFlorez_Exter_f9f314,PUR_IED_JulioFlorez_Exter_f9f314,,,,,
2026-09-12T03:56:04-05:00,PUR_IED_JulioFlorez_info2_6b6e08,PUR_IED_JulioFlorez_info2_6b6e08,,,,,
2026-09-12T03:56:04-05:00,PUR_IED_LaBelleza_Aula13_1d00d8,PUR_IED_LaBelleza_Aula13_1d00d8,,,,,
2026-09-12T03:56:04-05:00,PUR_IED_LaBelleza_Ext_7bc08c,PUR_IED_LaBelleza_Ext_7bc08c,,,,,
2026-09-12T03:56:04-05:00,PUR_IED_LaChucua_Ext_8cd6d2,PUR_IED_LaChucua_Ext_8cd6d2,,,,,
2026-09-12T03:56:04-05:00,PUR_IED_LaChucua_S15_f578ce,PUR_IED_LaChucua_S15_f578ce,,,,,
2026-09-12T03:56:04-05:00,PUR_IED_LaChucua_S16_eebcf9,PUR_IED_LaChucua_S16_eebcf9,,,,,
2026-09-12T03:56:04-05:00,PUR_IED_LaFelicidad_Ext_fb5109,PUR_IED_LaFelicidad_Ext_fb5109,,,,,
2026-09-12T03:56:04-05:00,PUR_IED_LaMerced_206_66ebd,PUR_IED_LaMerced_206_66ebd,,,,,
2026-09-12T03:56:04-05:00,PUR_IED_LaMerced_207_6ebd6,PUR_IED_LaMerced_207_6ebd6,,,,,
2026-09-12T03:56:04-05:00,PUR_IED_LaMerced_ext_304311,PUR_IED_LaMerced_ext_304311,,,,,
2026-09-12T03:56:04-05:00,PUR_IED_Laureano_CiencNat_281e5e,PUR_IED_Laureano_CiencNat_281e5e,,,,,
2026-09-12T03:56:04-05:00,PUR_IED_Laureano_Comedor_f65c0a,PUR_IED_Laureano_Comedor_f65c0a,,,,,
2026-09-12T03:56:04-05:00,PUR_IED_Laureano_Exterior_7ab011,PUR_IED_Laureano_Exterior_7ab011,,,,,
2026-09-12T03:56:04-05:00,PUR_IED_LeonGreiff_Exte_dfe560,PUR_IED_LeonGreiff_Exte_dfe560,,,,,
2026-09-12T03:56:04-05:00,PUR_IED_LeonGreiff_S210_f264ed,PUR_IED_LeonGreiff_S210_f264ed,,,,,
2026-09-12T03:56:04-05:00,PUR_IED_LeonGreiff_SQuimi_e8296f,PUR_IED_LeonGreiff_SQuimi_e8296f,,,,,
2026-09-12T03:56:04-05:00,PUR_IED_LlanoOrientalS208_7b9fcd,PUR_IED_LlanoOrientalS208_7b9fcd,,,,,
2026-09-12T03:56:04-05:00,PUR_IED_LlanoOriental_Ext_fb3766,PUR_IED_LlanoOriental_Ext_fb3766,,,,,
2026-09-12T03:56:04-05:00,PUR_IED_LlanoOriental_S208_7b9fcd,PUR_IED_LlanoOriental_S208_7b9fcd,,,,,
2026-09-12T03:56:04-05:00,PUR_IED_LlanoOriental_S9_27b378,PUR_IED_LlanoOriental_S9_27b378,,,,,
2026-09-12T03:56:04-05:00,PUR_IED_LosTejares_1101_477602,PUR_IED_LosTejares_1101_477602,,,,,
2026-09-12T03:56:04-05:00,PUR_IED_LosTejares_11_d2c595,PUR_IED_LosTejares_11_d2c595,,,,,
2026-09-12T03:56:04-05:00,PUR_IED_LosTejares_12_477602,PUR_IED_LosTejares_12_477602,,,,,
2026-09-12T03:56:04-05:00,PUR_IED_LosTejares_Ext_8e2115,PUR_IED_LosTejares_Ext_8e2115,,,,,
2026-09-12T03:56:04-05:00,PUR_IED_MagdalenaO_B202_5ddda3,PUR_IED_MagdalenaO_B202_5ddda3,,,,,
2026-09-12T03:56:04-05:00,PUR_IED_MagdalenaO_B205_fb76e8,PUR_IED_MagdalenaO_B205_fb76e8,,,,,
2026-09-12T03:56:04-05:00,PUR_IED_MagdalenaO_ext_dc69cd,PUR_IED_MagdalenaO_ext_dc69cd,,,,,
2026-09-12T03:56:04-05:00,PUR_IED_ManueCepeda_artes_eee956,PUR_IED_ManueCepeda_artes_eee956,,,,,
2026-09-12T03:56:04-05:00,PUR_IED_ManuelCepeda_Ext_58313,PUR_IED_ManuelCepeda_Ext_58313,,,,,
2026-09-12T03:56:04-05:00,PUR_IED_ManuelCepeda_tec_1c5731,PUR_IED_ManuelCepeda_tec_1c5731,,,,,
2026-09-12T03:56:04-05:00,PUR_IED_ManuelS_Exterior_5b269,PUR_IED_ManuelS_Exterior_5b269,,,,,
2026-09-12T03:56:04-05:00,PUR_IED_ManuelS_Inform_f369ce,PUR_IED_ManuelS_Inform_f369ce,,,,,
2026-09-12T03:56:04-05:00,PUR_IED_ManuelS_SArtes_7d15f1,PUR_IED_ManuelS_SArtes_7d15f1,,,,,
2026-09-12T03:56:04-05:00,PUR_IED_ManuelZapata_303_3ca6,PUR_IED_ManuelZapata_303_3ca6,,,,,
2026-09-12T03:56:04-05:00,PUR_IED_ManuelZapata_311_bfbabc,PUR_IED_ManuelZapata_311_bfbabc,,,,,
2026-09-12T03:56:04-05:00,PUR_IED_ManuelZapata_Ext_50824a,PUR_IED_ManuelZapata_Ext_50824a,,,,,
2026-09-12T03:56:04-05:00,PUR_IED_ManuelitaS_Exteri_656a92,PUR_IED_ManuelitaS_Exteri_656a92,,,,,
2026-09-12T03:56:04-05:00,PUR_IED_ManuelitaS_JuzgDe_f58ec3,PUR_IED_ManuelitaS_JuzgDe_f58ec3,,,,,
2026-09-12T03:56:04-05:00,PUR_IED_ManuelitaS_Recrea_d793db,PUR_IED_ManuelitaS_Recrea_d793db,,,,,
2026-09-12T03:56:04-05:00,PUR_IED_MarFidSuarez_Ext_c27b19,PUR_IED_MarFidSuarez_Ext_c27b19,,,,,
2026-09-12T03:56:04-05:00,PUR_IED_MarFidSuarez_Info_e384d7,PUR_IED_MarFidSuarez_Info_e384d7,,,,,
2026-09-12T03:56:04-05:00,PUR_IED_MarFidSuarez_S306_1d0032,PUR_IED_MarFidSuarez_S306_1d0032,,,,,
2026-09-12T03:56:04-05:00,PUR_IED_Menorah_301_2a25a3,PUR_IED_Menorah_301_2a25a3,,,,,
2026-09-12T03:56:04-05:00,PUR_IED_Menorah_306_37ed3,PUR_IED_Menorah_306_37ed3,,,,,
2026-09-12T03:56:04-05:00,PUR_IED_Menorah_Ext_3e155b,PUR_IED_Menorah_Ext_3e155b,,,,,
2026-09-12T03:56:04-05:00,PUR_IED_MinutoB.Aires_A11_1b1604,PUR_IED_MinutoB.Aires_A11_1b1604,,,,,
2026-09-12T03:56:04-05:00,PUR_IED_MinutoB.Aires_A12_fb5860,PUR_IED_MinutoB.Aires_A12_fb5860,,,,,
2026-09-12T03:56:04-05:00,PUR_IED_MinutoB.Aires_Ext_81293f,PUR_IED_MinutoB.Aires_Ext_81293f,,,,,
2026-09-12T03:56:04-05:00,PUR_IED_MinutoBAires_A11_1b1604,PUR_IED_MinutoBAires_A11_1b1604,,,,,
2026-09-12T03:56:04-05:00,PUR_IED_MinutoBAires_A12_fb5860,PUR_IED_MinutoBAires_A12_fb5860,,,,,
2026-09-12T03:56:04-05:00,PUR_IED_MinutoBAires_Ext_81293f,PUR_IED_MinutoBAires_Ext_81293f,,,,,
2026-09-12T03:56:04-05:00,PUR_IED_Montreal_Aula10_1e4959,PUR_IED_Montreal_Aula10_1e4959,,,,,
2026-09-12T03:56:04-05:00,PUR_IED_Montreal_Aula6_300367,PUR_IED_Montreal_Aula6_300367,,,,,
2026-09-12T03:56:04-05:00,PUR_IED_Montreal_Exterior_91a179,PUR_IED_Montreal_Exterior_91a179,,,,,
2026-09-12T03:56:04-05:00,PUR_IED_Mqgdalena_B202_5ddda3,PUR_IED_Mqgdalena_B202_5ddda3,,,,,
2026-09-12T03:56:04-05:00,PUR_IED_NACUND_Soc_dc8728,PUR_IED_NACUND_Soc_dc8728,,,,,
2026-09-12T03:56:04-05:00,PUR_IED_NACUND_ext_27ad97,PUR_IED_NACUND_ext_27ad97,,,,,
2026-09-12T03:56:04-05:00,PUR_IED_NEsperanza_Ext_d24b61,PUR_IED_NEsperanza_Ext_d24b61,,,,,
2026-09-12T03:56:04-05:00,PUR_IED_NEsperanza_SElect_7d1807,PUR_IED_NEsperanza_SElect_7d1807,,,,,
2026-09-12T03:56:04-05:00,PUR_IED_NEsperanza_SLabor_8b2d0a,PUR_IED_NEsperanza_SLabor_8b2d0a,,,,,
2026-09-12T03:56:04-05:00,PUR_IED_NacionesU_Ext_f661a9,PUR_IED_NacionesU_Ext_f661a9,,,,,
2026-09-12T03:56:04-05:00,PUR_IED_NacionesU_Quimica_66f0a,PUR_IED_NacionesU_Quimica_66f0a,,,,,
2026-09-12T03:56:04-05:00,PUR_IED_NacionesU_S306_1b4b3d,PUR_IED_NacionesU_S306_1b4b3d,,,,,
2026-09-12T03:56:04-05:00,PUR_IED_NestorFA_Ext_e4201c,PUR_IED_NestorFA_Ext_e4201c,,,,,
2026-09-12T03:56:04-05:00,PUR_IED_NestorFA_Laborato_f22fe0,PUR_IED_NestorFA_Laborato_f22fe0,,,,,
2026-09-12T03:56:04-05:00,PUR_IED_NestorFA_S204_dee996,PUR_IED_NestorFA_S204_dee996,,,,,
2026-09-12T03:56:04-05:00,PUR_IED_NidyaQT_Aula03_76999b,PUR_IED_NidyaQT_Aula03_76999b,,,,,
2026-09-12T03:56:04-05:00,PUR_IED_NidyaQT_Aula10_56325,PUR_IED_NidyaQT_Aula10_56325,,,,,
2026-09-12T03:56:04-05:00,PUR_IED_NidyaQT_Ext_46e32d,PUR_IED_NidyaQT_Ext_46e32d,,,,,
2026-09-12T03:56:04-05:00,PUR_IED_NuevaCol_Exterior_d9b859,PUR_IED_NuevaCol_Exterior_d9b859,,,,,
2026-09-12T03:56:04-05:00,PUR_IED_NuevaCol_S1101_76c43b,PUR_IED_NuevaCol_S1101_76c43b,,,,,
2026-09-12T03:56:04-05:00,PUR_IED_NuevaCol_S1102_1ce0b5,PUR_IED_NuevaCol_S1102_1ce0b5,,,,,
2026-09-12T03:56:04-05:00,PUR_IED_OEA_A202_f7e3f2,PUR_IED_OEA_A202_f7e3f2,,,,,
2026-09-12T03:56:04-05:00,PUR_IED_OEA_A203_7d1b8d,PUR_IED_OEA_A203_7d1b8d,,,,,
2026-09-12T03:56:04-05:00,PUR_IED_OEA_Ext_27b593,PUR_IED_OEA_Ext_27b593,,,,,
2026-09-12T03:56:04-05:00,PUR_IED_Ochoa_Ext_1c29da,PUR_IED_Ochoa_Ext_1c29da,,,,,
2026-09-12T03:56:04-05:00,PUR_IED_Ochoa_S205_8b1121,PUR_IED_Ochoa_S205_8b1121,,,,,
2026-09-12T03:56:04-05:00,PUR_IED_Ochoa_Sistemas_f33af6,PUR_IED_Ochoa_Sistemas_f33af6,,,,,
2026-09-12T03:56:04-05:00,PUR_IED_PQuebec_Ext_1c67c7,PUR_IED_PQuebec_Ext_1c67c7,,,,,
2026-09-12T03:56:04-05:00,PUR_IED_PQuebec_S15_23e8e2,PUR_IED_PQuebec_S15_23e8e2,,,,,
2026-09-12T03:56:04-05:00,PUR_IED_PQuebec_S16_8ec76b,PUR_IED_PQuebec_S16_8ec76b,,,,,
2026-09-12T03:56:04-05:00,PUR_IED_PabloN_Ext_49dc96,PUR_IED_PabloN_Ext_49dc96,,,,,
2026-09-12T03:56:04-05:00,PUR_IED_PabloN_S1102_4e3df5,PUR_IED_PabloN_S1102_4e3df5,,,,,
2026-09-12T03:56:04-05:00,PUR_IED_PabloN_S1103_50c94b,PUR_IED_PabloN_S1103_50c94b,,,,,
2026-09-12T03:56:04-05:00,PUR_IED_Palestina_S1101_db9198,PUR_IED_Palestina_S1101_db9198,,,,,
2026-09-12T03:56:04-05:00,PUR_IED_Palestina_S1102_dc54fa,PUR_IED_Palestina_S1102_dc54fa,,,,,
2026-09-12T03:56:04-05:00,PUR_IED_Palestina_ext_4ccce6,PUR_IED_Palestina_ext_4ccce6,,,,,
2026-09-12T03:56:04-05:00,PUR_IED_Panama_Fisica_4d0794,PUR_IED_Panama_Fisica_4d0794,,,,,
2026-09-12T03:56:04-05:00,PUR_IED_Panama_SIngles_a4077e,PUR_IED_Panama_SIngles_a4077e,,,,,
2026-09-12T03:56:04-05:00,PUR_IED_Panama_ext_4c54b4,PUR_IED_Panama_ext_4c54b4,,,,,
2026-09-12T03:56:04-05:00,PUR_IED_ParaisoM_Exterior_8cd7f0,PUR_IED_ParaisoM_Exterior_8cd7f0,,,,,
2026-09-12T03:56:04-05:00,PUR_IED_ParaisoM_Laborato_27af35,PUR_IED_ParaisoM_Laborato_27af35,,,,,
2026-09-12T03:56:04-05:00,PUR_IED_ParaisoM_S304_d1edca,PUR_IED_ParaisoM_S304_d1edca,,,,,
2026-09-12T03:56:04-05:00,PUR_IED_PorfirioBarba_Ext_301466,PUR_IED_PorfirioBarba_Ext_301466,,,,,
2026-09-12T03:56:04-05:00,PUR_IED_PorfirioBarba_S11_df6cd2,PUR_IED_PorfirioBarba_S11_df6cd2,,,,,
2026-09-12T03:56:04-05:00,PUR_IED_PorfirioBarba_S29_27a7d6,PUR_IED_PorfirioBarba_S29_27a7d6,,,,,
2026-09-12T03:56:04-05:00,PUR_IED_PradoV_Exter_8b27ad,PUR_IED_PradoV_Exter_8b27ad,,,,,
2026-09-12T03:56:04-05:00,PUR_IED_PradoV_S301_de65b5,PUR_IED_PradoV_S301_de65b5,,,,,
2026-09-12T03:56:04-05:00,PUR_IED_PradoV_S302_7d2593,PUR_IED_PradoV_S302_7d2593,,,,,
2026-09-12T03:56:04-05:00,PUR_IED_QuirogaAlz_Ext_1ddc82,PUR_IED_QuirogaAlz_Ext_1ddc82,,,,,
2026-09-12T03:56:04-05:00,PUR_IED_QuirogaAlz_S302_9926a3,PUR_IED_QuirogaAlz_S302_9926a3,,,,,
2026-09-12T03:56:04-05:00,PUR_IED_QuirogaAlz_S305_cdf1f1,PUR_IED_QuirogaAlz_S305_cdf1f1,,,,,
2026-09-12T03:56:04-05:00,PUR_IED_RGuatemala_Biling_dc53b7,PUR_IED_RGuatemala_Biling_dc53b7,,,,,
2026-09-12T03:56:04-05:00,PUR_IED_RGuatemala_Ext_1b89a3,PUR_IED_RGuatemala_Ext_1b89a3,,,,,
2026-09-12T03:56:04-05:00,PUR_IED_RGuatemala_Tecnol_281a34,PUR_IED_RGuatemala_Tecnol_281a34,,,,,
2026-09-12T03:56:04-05:00,PUR_IED_RafaNu_Ext_f7c302,PUR_IED_RafaNu_Ext_f7c302,,,,,
2026-09-12T03:56:04-05:00,PUR_IED_RafaNu_S1101_25fde,PUR_IED_RafaNu_S1101_25fde,,,,,
2026-09-12T03:56:04-05:00,PUR_IED_RafaNu_S1102_281517,PUR_IED_RafaNu_S1102_281517,,,,,
2026-09-12T03:56:04-05:00,PUR_IED_RafaelB_S305_ee2783,PUR_IED_RafaelB_S305_ee2783,,,,,
2026-09-12T03:56:04-05:00,PUR_IED_RafaelB_S306_75fe33,PUR_IED_RafaelB_S306_75fe33,,,,,
2026-09-12T03:56:04-05:00,PUR_IED_RafaelB_ext_283336,PUR_IED_RafaelB_ext_283336,2,18,60,4.6722,-74.0737
2026-09-12T03:56:04-05:00,PUR_IED_RafaelUU_Exterior_281a51,PUR_IED_RafaelUU_Exterior_281a51,,,,,
2026-09-12T03:56:04-05:00,PUR_IED_RafaelUU_Human_806b2,PUR_IED_RafaelUU_Human_806b2,,,,,
2026-09-12T03:56:04-05:00,PUR_IED_RafaelUU_Mate2_5680d4,PUR_IED_RafaelUU_Mate2_5680d4,,,,,
2026-09-12T03:56:04-05:00,PUR_IED_RamonSub_Ext_f9eeb9,PUR_IED_RamonSub_Ext_f9eeb9,,,,,
2026-09-12T03:56:04-05:00,PUR_IED_RamonSub_Media_d1f62f,PUR_IED_RamonSub_Media_d1f62f,,,,,
2026-09-12T03:56:04-05:00,PUR_IED_RamonSub_planta_51b82,PUR_IED_RamonSub_planta_51b82,,,,,
2026-09-12T03:56:04-05:00,PUR_IED_RepBoliVene_Exter_27af7c,PUR_IED_RepBoliVene_Exter_27af7c,,,,,
2026-09-12T03:56:04-05:00,PUR_IED_RepBoliVene_SCPT_5ae2ee,PUR_IED_RepBoliVene_SCPT_5ae2ee,,,,,
2026-09-12T03:56:04-05:00,PUR_IED_RepBoliVene_Socia_4b11d5,PUR_IED_RepBoliVene_Socia_4b11d5,,,,,
2026-09-12T03:56:04-05:00,PUR_IED_RepChina_Ext_76d9ee,PUR_IED_RepChina_Ext_76d9ee,,,,,
2026-09-12T03:56:04-05:00,PUR_IED_RepChina_S404_7c804c,PUR_IED_RepChina_S404_7c804c,,,,,
2026-09-12T03:56:04-05:00,PUR_IED_RepChina_S405_df2c33,PUR_IED_RepChina_S405_df2c33,,,,,
2026-09-12T03:56:04-05:00,PUR_IED_RepublicaC_Exteri_7d1ec9,PUR_IED_RepublicaC_Exteri_7d1ec9,,,,,
2026-09-12T03:56:04-05:00,PUR_IED_RepublicaC_S1101_f544b3,PUR_IED_RepublicaC_S1101_f544b3,,,,,
2026-09-12T03:56:04-05:00,PUR_IED_RepublicaC_S1102_7aafc7,PUR_IED_RepublicaC_S1102_7aafc7,,,,,
2026-09-12T03:56:04-05:00,PUR_IED_Ricaurte_Externo_a0ea1,PUR_IED_Ricaurte_Externo_a0ea1,,,,,
2026-09-12T03:56:04-05:00,PUR_IED_Ricaurte_S210_f546fd,PUR_IED_Ricaurte_S210_f546fd,,,,,
2026-09-12T03:56:04-05:00,PUR_IED_Ricaurte_S309_d4452,PUR_IED_Ricaurte_S309_d4452,,,,,
2026-09-12T03:56:04-05:00,PUR_IED_RogelioS_1102_531e69,PUR_IED_RogelioS_1102_531e69,,,,,
2026-09-12T03:56:04-05:00,PUR_IED_RogelioS_Ext_f25a18,PUR_IED_RogelioS_Ext_f25a18,,,,,
2026-09-12T03:56:04-05:00,PUR_IED_SBernardino_Ext_27aff8,PUR_IED_SBernardino_Ext_27aff8,,,,,
2026-09-12T03:56:04-05:00,PUR_IED_SBernardino_SArte_2ffd33,PUR_IED_SBernardino_SArte_2ffd33,,,,,
2026-09-12T03:56:04-05:00,PUR_IED_SBernardino_SIngl_7c7da5,PUR_IED_SBernardino_SIngl_7c7da5,,,,,
2026-09-12T03:56:04-05:00,PUR_IED_Sago_auditorio_dc9d1d,PUR_IED_Sago_auditorio_dc9d1d,,,,,
2026-09-12T03:56:04-05:00,PUR_IED_Saludcoop_Ext_95aac3,PUR_IED_Saludcoop_Ext_95aac3,,,,,
2026-09-12T03:56:04-05:00,PUR_IED_Saludcoop_InfI_90c854,PUR_IED_Saludcoop_InfI_90c854,,,,,
2026-09-12T03:56:04-05:00,PUR_IED_Saludcoop_SMedia_1b93be,PUR_IED_Saludcoop_SMedia_1b93be,,,,,
2026-09-12T03:56:04-05:00,PUR_IED_SanCarlos_1101_1a2360,PUR_IED_SanCarlos_1101_1a2360,,,,,
2026-09-12T03:56:04-05:00,PUR_IED_SanCarlos_1103_7bafb5,PUR_IED_SanCarlos_1103_7bafb5,,,,,
2026-09-12T03:56:04-05:00,PUR_IED_SanCarlos_Ext_b7cd1,PUR_IED_SanCarlos_Ext_b7cd1,,,,,
2026-09-12T03:56:04-05:00,PUR_IED_SanIgnacioBosa11a_50c26e,PUR_IED_SanIgnacioBosa11a_50c26e,,,,,
2026-09-12T03:56:04-05:00,PUR_IED_SanIgnacioBosa11b_371de8,PUR_IED_SanIgnacioBosa11b_371de8,,,,,
2026-09-12T03:56:04-05:00,PUR_IED_SanIgnacioBosaExt_ef0ffc,PUR_IED_SanIgnacioBosaExt_ef0ffc,,,,,
2026-09-12T03:56:04-05:00,PUR_IED_SanIgnacioBosa_11a_50c26e,PUR_IED_SanIgnacioBosa_11a_50c26e,,,,,
2026-09-12T03:56:04-05:00,PUR_IED_SanIgnacioBosa_Ext_ef0ffc,PUR_IED_SanIgnacioBosa_Ext_ef0ffc,,,,,
2026-09-12T03:56:04-05:00,PUR_IED_SanJoseN_intS1101_31c47f,PUR_IED_SanJoseN_intS1101_31c47f,,,,,
2026-09-12T03:56:04-05:00,PUR_IED_SanJoseUsm_Exter_f5d7e8,PUR_IED_SanJoseUsm_Exter_f5d7e8,,,,,
2026-09-12T03:56:04-05:00,PUR_IED_SanJoseUsm_Int11A_cfdef6,PUR_IED_SanJoseUsm_Int11A_cfdef6,,,,,
2026-09-12T03:56:04-05:00,PUR_IED_SilveriaR_IntB5_905349,PUR_IED_SilveriaR_IntB5_905349,,,,,
2026-09-12T03:56:04-05:00,PUR_IED_SilveriaR_IntSD14_981f93,PUR_IED_SilveriaR_IntSD14_981f93,,,,,
2026-09-12T03:56:04-05:00,PUR_IED_SilveriaR_ext_2b651d,PUR_IED_SilveriaR_ext_2b651d,,,,,
2026-09-12T03:56:04-05:00,PUR_IED_SimonB_Exterior_913975,PUR_IED_SimonB_Exterior_913975,,,,,
2026-09-12T03:56:04-05:00,PUR_IED_SimonB_LabQuimi_c56908,PUR_IED_SimonB_LabQuimi_c56908,,,,,
2026-09-12T03:56:04-05:00,PUR_IED_SimonB_informatic_a28c1,PUR_IED_SimonB_informatic_a28c1,,,,,
2026-09-12T03:56:04-05:00,PUR_IED_Sorrento_1102_315f50,PUR_IED_Sorrento_1102_315f50,,,,,
2026-09-12T03:56:04-05:00,PUR_IED_Sorrento_Minte_214eab,PUR_IED_Sorrento_Minte_214eab,,,,,
2026-09-12T03:56:04-05:00,PUR_IED_Sorrento_ext_7c3a0a,PUR_IED_Sorrento_ext_7c3a0a,,,,,
2026-09-12T03:56:04-05:00,PUR_IED_Tabora_Ext_f048ae,PUR_IED_Tabora_Ext_f048ae,,,,,
2026-09-12T03:56:04-05:00,PUR_IED_Tabora_S1102_b07752,PUR_IED_Tabora_S1102_b07752,,,,,
2026-09-12T03:56:04-05:00,PUR_IED_Tabora_S1103_d988f5,PUR_IED_Tabora_S1103_d988f5,,,,,
2026-09-12T03:56:04-05:00,PUR_IED_Tenerife_Ext_1ab188,PUR_IED_Tenerife_Ext_1ab188,,,,,
2026-09-12T03:56:04-05:00,PUR_IED_Tenerife_SDanzas_7bc02e,PUR_IED_Tenerife_SDanzas_7bc02e,,,,,
2026-09-12T03:56:04-05:00,PUR_IED_Tenerife_SIngles_7cc277,PUR_IED_Tenerife_SIngles_7cc277,,,,,
2026-09-12T03:56:04-05:00,PUR_IED_Tibabuyes_Exter_f2683d,PUR_IED_Tibabuyes_Exter_f2683d,,,,,
2026-09-12T03:56:04-05:00,PUR_IED_Tibabuyes_S10_dc87a8,PUR_IED_Tibabuyes_S10_dc87a8,,,,,
2026-09-12T03:56:04-05:00,PUR_IED_Tibabuyes_S15_dc0526,PUR_IED_Tibabuyes_S15_dc0526,,,,,
2026-09-12T03:56:04-05:00,PUR_IED_UnionE_S301_a1043,PUR_IED_UnionE_S301_a1043,,,,,
2026-09-12T03:56:04-05:00,PUR_IED_UnionE_S307_ff6c2f,PUR_IED_UnionE_S307_ff6c2f,,,,,
2026-09-12T03:56:04-05:00,PUR_IED_UnionE__Ext_5e2468,PUR_IED_UnionE__Ext_5e2468,,,,,
2026-09-12T03:56:04-05:00,PUR_IED_VillaRica_Ext_75be7c,PUR_IED_VillaRica_Ext_75be7c,,,,,
2026-09-12T03:56:04-05:00,PUR_IED_VillaRica_S4_cc5dcd,PUR_IED_VillaRica_S4_cc5dcd,,,,,
2026-09-12T03:56:04-05:00,PUR_IED_VillaRica_Sesp_99f5c,PUR_IED_VillaRica_Sesp_99f5c,,,,,
2026-09-12T04:01:17-05:00,PUR_IED_20deJulio_1101_91b1b9,PUR_IED_20deJulio_1101_91b1b9,,,,,
2026-09-12T04:01:17-05:00,PUR_IED_20deJulio_1102_1cfcf9,PUR_IED_20deJulio_1102_1cfcf9,,,,,
2026-09-12T04:01:17-05:00,PUR_IED_20deJulio_Ext_ab60bd,PUR_IED_20deJulio_Ext_ab60bd,,,,,
2026-09-12T04:01:17-05:00,PUR_IED_AgustinFer_Ext_7b9b77,PUR_IED_AgustinFer_Ext_7b9b77,,,,,
2026-09-12T04:01:17-05:00,PUR_IED_AgustinFer_Info2_27b3a7,PUR_IED_AgustinFer_Info2_27b3a7,,,,,
2026-09-12T04:01:17-05:00,PUR_IED_AgustinFer_Sena_54b4eb,PUR_IED_AgustinFer_Sena_54b4eb,,,,,
2026-09-12T04:01:17-05:00,PUR_IED_AlexanderF_1102_caf07b,PUR_IED_AlexanderF_1102_caf07b,,,,,
2026-09-12T04:01:17-05:00,PUR_IED_AlexanderF_1103_c79e71,PUR_IED_AlexanderF_1103_c79e71,,,,,
2026-09-12T04:01:17-05:00,PUR_IED_AlexanderF_Ext_c5b18b,PUR_IED_AlexanderF_Ext_c5b18b,,,,,
2026-09-12T04:01:17-05:00,PUR_IED_AlfonsoLopez_Ext_281d77,PUR_IED_AlfonsoLopez_Ext_281d77,,,,,
2026-09-12T04:01:17-05:00,PUR_IED_AlfonsoLopez_LabF_888ce0,PUR_IED_AlfonsoLopez_LabF_888ce0,,,,,
2026-09-12T04:01:17-05:00,PUR_IED_AlfonsoLopez_SMed_df6a7f,PUR_IED_AlfonsoLopez_SMed_df6a7f,,,,,
2026-09-12T04:01:17-05:00,PUR_IED_AltamiraSO_A2_209f92,PUR_IED_AltamiraSO_A2_209f92,,,,,
2026-09-12T04:01:17-05:00,PUR_IED_AltamiraSO_Ext_186d66,PUR_IED_AltamiraSO_Ext_186d66,,,,,
2026-09-12T04:01:17-05:00,PUR_IED_AltamiraSO_Sistem_27afe1,PUR_IED_AltamiraSO_Sistem_27afe1,,,,,
2026-09-12T04:01:17-05:00,PUR_IED_AlvaroGom_LabQuim_813179,PUR_IED_AlvaroGom_LabQuim_813179,,,,,
2026-09-12T04:01:17-05:00,PUR_IED_AlvaroGomez_Ext_47c7ca,PUR_IED_AlvaroGomez_Ext_47c7ca,,,,,
2026-09-12T04:01:17-05:00,PUR_IED_AlvaroGomez_LabQuim_813179,PUR_IED_AlvaroGomez_LabQuim_813179,,,,,
2026-09-12T04:01:17-05:00,PUR_IED_AlvaroGomez_S23_7ba89f,PUR_IED_AlvaroGomez_S23_7ba89f,,,,,
2026-09-12T04:01:17-05:00,PUR_IED_Amistad_306_dc8728,PUR_IED_Amistad_306_dc8728,,,,,
2026-09-12T04:01:17-05:00,PUR_IED_Amistad_Ext_8cd55e,PUR_IED_Amistad_Ext_8cd55e,,,,,
2026-09-12T04:01:17-05:00,PUR_IED_Amistad_S202_a41169,PUR_IED_Amistad_S202_a41169,,,,,
2026-09-12T04:01:17-05:00,PUR_IED_AndresBello_Bio_fd5f5e,PUR_IED_AndresBello_Bio_fd5f5e,,,,,
2026-09-12T04:01:17-05:00,PUR_IED_AndresBello_ext_dcad65,PUR_IED_AndresBello_ext_dcad65,,,,,
2026-09-12T04:01:17-05:00,PUR_IED_AndresBello_port_eed3ec,PUR_IED_AndresBello_port_eed3ec,,,,,
2026-09-12T04:01:17-05:00,PUR_IED_AngelaR_11b_d90a6b,PUR_IED_AngelaR_11b_d90a6b,,,,,
2026-09-12T04:01:17-05:00,PUR_IED_AngelaR_ext_7cad3e,PUR_IED_AngelaR_ext_7cad3e,4,19,61,4.5825,-74.164497
2026-09-12T04:01:17-05:00,PUR_IED_AntJoseSucre_10mo_df2575,PUR_IED_AntJoseSucre_10mo_df2575,,,,,
2026-09-12T04:01:17-05:00,PUR_IED_AntJoseSucre_Ext_215b36,PUR_IED_AntJoseSucre_Ext_215b36,,,,,
2026-09-12T04:01:17-05:00,PUR_IED_AntJoseSucre_Lab_3139de,PUR_IED_AntJoseSucre_Lab_3139de,,,,,
2026-09-12T04:01:17-05:00,PUR_IED_AntonioGarcia_301_d6b188,PUR_IED_AntonioGarcia_301_d6b188,,,,,
2026-09-12T04:01:17-05:00,PUR_IED_AntonioGarcia_302_88a82,PUR_IED_AntonioGarcia_302_88a82,,,,,
2026-09-12T04:01:17-05:00,PUR_IED_AntonioGarcia_Ext_20950c,PUR_IED_AntonioGarcia_Ext_20950c,,,,,
2026-09-12T04:01:17-05:00,PUR_IED_AntonioVan_Aula2_6dea02,PUR_IED_AntonioVan_Aula2_6dea02,,,,,
2026-09-12T04:01:17-05:00,PUR_IED_AntonioVan_Aula5_f1557e,PUR_IED_AntonioVan_Aula5_f1557e,,,,,
2026-09-12T04:01:17-05:00,PUR_IED_AntonioVan_Ext_406f2f,PUR_IED_AntonioVan_Ext_406f2f,,,,,
2026-09-12T04:01:17-05:00,PUR_IED_Atabanzha_Ext_cc5af9,PUR_IED_Atabanzha_Ext_cc5af9,,,,,
2026-09-12T04:01:17-05:00,PUR_IED_Atabanzha_SA101_56c37,PUR_IED_Atabanzha_SA101_56c37,,,,,
2026-09-12T04:01:17-05:00,PUR_IED_Atabanzha_SB302_27b374,PUR_IED_Atabanzha_SB302_27b374,,,,,
2026-09-12T04:01:17-05:00,PUR_IED_Atahualpa_Ext_fc1748,PUR_IED_Atahualpa_Ext_fc1748,,,,,
2026-09-12T04:01:17-05:00,PUR_IED_Atahualpa_Informa_dc9a95,PUR_IED_Atahualpa_Informa_dc9a95,,,,,
2026-09-12T04:01:17-05:00,PUR_IED_Atahualpa_S1101_f98056,PUR_IED_Atahualpa_S1101_f98056,,,,,
2026-09-12T04:01:17-05:00,PUR_IED_Bellavista_Ext_f5aa74,PUR_IED_Bellavista_Ext_f5aa74,,,,,
2026-09-12T04:01:17-05:00,PUR_IED_Bilbao_11A_916c41,PUR_IED_Bilbao_11A_916c41,,,,,
2026-09-12T04:01:17-05:00,PUR_IED_Bilbao_Ext_fb579a,PUR_IED_Bilbao_Ext_fb579a,,,,,
2026-09-12T04:01:17-05:00,PUR_IED_BrasiliaU_A125_304280,PUR_IED_BrasiliaU_A125_304280,,,,,
2026-09-12T04:01:17-05:00,PUR_IED_BrasiliaU_A203_7c8ca5,PUR_IED_BrasiliaU_A203_7c8ca5,,,,,
2026-09-12T04:01:17-05:00,PUR_IED_BrasiliaU_Ext_8d6e9f,PUR_IED_BrasiliaU_Ext_8d6e9f,3,16,64,4.5175,-74.116302
2026-09-12T04:01:17-05:00,PUR_IED_Brasilia_Ext_fe6593,PUR_IED_Brasilia_Ext_fe6593,,,,,
2026-09-12T04:01:17-05:00,PUR_IED_Brasilia_S24_7c130d,PUR_IED_Brasilia_S24_7c130d,,,,,
2026-09-12T04:01:17-05:00,PUR_IED_Brasilia_S501_186a54,PUR_IED_Brasilia_S501_186a54,,,,,
2026-09-12T04:01:17-05:00,PUR_IED_CHARRY_EXT_f1d5cd,PUR_IED_CHARRY_EXT_f1d5cd,,,,,
2026-09-12T04:01:17-05:00,PUR_IED_CHARRY_INTDANZAS_7a08e6,PUR_IED_CHARRY_INTDANZAS_7a08e6,,,,,
2026-09-12T04:01:17-05:00,PUR_IED_CHARRY_INT_AULA20_dc998d,PUR_IED_CHARRY_INT_AULA20_dc998d,,,,,
2026-09-12T04:01:17-05:00,PUR_IED_COLVIV_1101_S25_7f520a,PUR_IED_COLVIV_1101_S25_7f520a,,,,,
2026-09-12T04:01:17-05:00,PUR_IED_COLVIV_1102_S16_f570ba,PUR_IED_COLVIV_1102_S16_f570ba,,,,,
2026-09-12T04:01:17-05:00,PUR_IED_COLVIV_Ext_1a26fa,PUR_IED_COLVIV_Ext_1a26fa,,,,,
2026-09-12T04:01:17-05:00,PUR_IED_CULPOP_301A_f660f3,PUR_IED_CULPOP_301A_f660f3,,,,,
2026-09-12T04:01:17-05:00,PUR_IED_CULPOP_303_568afe,PUR_IED_CULPOP_303_568afe,,,,,
2026-09-12T04:01:17-05:00,PUR_IED_CULPOP_Ext_e02ccb,PUR_IED_CULPOP_Ext_e02ccb,,,,,
2026-09-12T04:01:17-05:00,PUR_IED_CVillavicen_Ext_26eb58,PUR_IED_CVillavicen_Ext_26eb58,6,14,81,4.487,-74.102798
2026-09-12T04:01:17-05:00,PUR_IED_CVillavicen_Intel_1ce5c2,PUR_IED_CVillavicen_Intel_1ce5c2,,,,,
2026-09-12T04:01:17-05:00,PUR_IED_CVillavicen_Poliv_e0766c,PUR_IED_CVillavicen_Poliv_e0766c,,,,,
2026-09-12T04:01:17-05:00,PUR_IED_CVillavicen_int_1ba140,PUR_IED_CVillavicen_int_1ba140,,,,,
2026-09-12T04:01:17-05:00,PUR_IED_CVillavicen_intel_1ba140,PUR_IED_CVillavicen_intel_1ba140,,,,,
2026-09-12T04:01:17-05:00,PUR_IED_CarlosPizarro_Ext_e307cc,PUR_IED_CarlosPizarro_Ext_e307cc,,,,,
2026-09-12T04:01:17-05:00,PUR_IED_CarlosPizarro_L36_7e5cdb,PUR_IED_CarlosPizarro_L36_7e5cdb,,,,,
2026-09-12T04:01:17-05:00,PUR_IED_CarlosPizarro_L37_c8566c,PUR_IED_CarlosPizarro_L37_c8566c,,,,,
2026-09-12T04:01:17-05:00,PUR_IED_Castilla_Ext_cf35f,PUR_IED_Castilla_Ext_cf35f,,,,,
2026-09-12T04:01:17-05:00,PUR_IED_Castilla_SFisik_360e38,PUR_IED_Castilla_SFisik_360e38,,,,,
2026-09-12T04:01:17-05:00,PUR_IED_Castilla_Sc304_496fbf,PUR_IED_Castilla_Sc304_496fbf,,,,,
2026-09-12T04:01:17-05:00,PUR_IED_CervantesSa_Ext_6b57b,PUR_IED_CervantesSa_Ext_6b57b,3,17,69,4.5128,-74.117203
2026-09-12T04:01:17-05:00,PUR_IED_CervantesSa_S107_225c2b,PUR_IED_CervantesSa_S107_225c2b,,,,,
2026-09-12T04:01:17-05:00,PUR_IED_CervantesSa_S108_940925,PUR_IED_CervantesSa_S108_940925,,,,,
2026-09-12T04:01:17-05:00,PUR_IED_Charry_A20_f53e7c,PUR_IED_Charry_A20_f53e7c,,,,,
2026-09-12T04:01:17-05:00,PUR_IED_Charry_Ext_f1d5cd,PUR_IED_Charry_Ext_f1d5cd,,,,,
2026-09-12T04:01:17-05:00,PUR_IED_Charry_IntAula20_dc998d,PUR_IED_Charry_IntAula20_dc998d,,,,,
2026-09-12T04:01:17-05:00,PUR_IED_Charry_IntDanzas_7a08e6,PUR_IED_Charry_IntDanzas_7a08e6,,,,,
2026-09-12T04:01:17-05:00,PUR_IED_ClememciaC_203_43e2fc,PUR_IED_ClememciaC_203_43e2fc,,,,,
2026-09-12T04:01:17-05:00,PUR_IED_ClememciaC_Ext_1b411a,PUR_IED_ClememciaC_Ext_1b411a,,,,,
2026-09-12T04:01:17-05:00,PUR_IED_ClememciaC_Quimic_44b5fc,PUR_IED_ClememciaC_Quimic_44b5fc,,,,,
2026-09-12T04:01:17-05:00,PUR_IED_ClemenciaC_203_43e2fc,PUR_IED_ClemenciaC_203_43e2fc,,,,,
2026-09-12T04:01:17-05:00,PUR_IED_ClemenciaC_Ext_1b411a,PUR_IED_ClemenciaC_Ext_1b411a,,,,,
2026-09-12T04:01:17-05:00,PUR_IED_ClemenciaC_Quimic_44b5fc,PUR_IED_ClemenciaC_Quimic_44b5fc,,,,,
2026-09-12T04:01:17-05:00,PUR_IED_ColViva_1101_S25_7f520a,PUR_IED_ColViva_1101_S25_7f520a,,,,,
2026-09-12T04:01:17-05:00,PUR_IED_ColViva_1102_S16_f570ba,PUR_IED_ColViva_1102_S16_f570ba,,,,,
2026-09-12T04:01:17-05:00,PUR_IED_ColViva_Ext_1a26fa,PUR_IED_ColViva_Ext_1a26fa,,,,,
2026-09-12T04:01:17-05:00,PUR_IED_ColegioBici_Asist_7c8798,PUR_IED_ColegioBici_Asist_7c8798,,,,,
2026-09-12T04:01:17-05:00,PUR_IED_ColegioBici_Ext_25cbf6,PUR_IED_ColegioBici_Ext_25cbf6,,,,,
2026-09-12T04:01:17-05:00,PUR_IED_ColegioBici_LabQ_7b57db,PUR_IED_ColegioBici_LabQ_7b57db,,,,,
2026-09-12T04:01:17-05:00,PUR_IED_CostaRica_Ext_5e640,PUR_IED_CostaRica_Ext_5e640,,,,,
2026-09-12T04:01:17-05:00,PUR_IED_CostaRica_Quim1_766d1c,PUR_IED_CostaRica_Quim1_766d1c,,,,,
2026-09-12T04:01:17-05:00,PUR_IED_CostaRica__Fisica_6f0873,PUR_IED_CostaRica__Fisica_6f0873,,,,,
2026-09-12T04:01:17-05:00,PUR_IED_CulPopu_301A_f660f3,PUR_IED_CulPopu_301A_f660f3,,,,,
2026-09-12T04:01:17-05:00,PUR_IED_CulPopu_303_568afe,PUR_IED_CulPopu_303_568afe,,,,,
2026-09-12T04:01:17-05:00,PUR_IED_CulPopu_Ext_e02ccb,PUR_IED_CulPopu_Ext_e02ccb,,,,,
2026-09-12T04:01:17-05:00,PUR_IED_Cundinamarca_Ext_f15985,PUR_IED_Cundinamarca_Ext_f15985,,,,,
2026-09-12T04:01:17-05:00,PUR_IED_Cundinamarca_Info_7aa5d7,PUR_IED_Cundinamarca_Info_7aa5d7,,,,,
2026-09-12T04:01:17-05:00,PUR_IED_Cundinamarca_Tec2_f449c7,PUR_IED_Cundinamarca_Tec2_f449c7,,,,,
2026-09-12T04:01:17-05:00,PUR_IED_DiegoM_Aula1_27b314,PUR_IED_DiegoM_Aula1_27b314,,,,,
2026-09-12T04:01:17-05:00,PUR_IED_DiegoM_Ext_d80ac8,PUR_IED_DiegoM_Ext_d80ac8,,,,,
2026-09-12T04:01:17-05:00,PUR_IED_DiegoM_S25_da928f,PUR_IED_DiegoM_S25_da928f,,,,,
2026-09-12T04:01:17-05:00,PUR_IED_ELRODEO_360881,PUR_IED_ELRODEO_360881,,,,,
2026-09-12T04:01:17-05:00,PUR_IED_ELRODEO_ext_360881,PUR_IED_ELRODEO_ext_360881,,,,,
2026-09-12T04:01:17-05:00,PUR_IED_EduardoU_Ext_1c1969,PUR_IED_EduardoU_Ext_1c1969,,,,,
2026-09-12T04:01:17-05:00,PUR_IED_EduardoU_SCiencia_4dfb94,PUR_IED_EduardoU_SCiencia_4dfb94,,,,,
2026-09-12T04:01:17-05:00,PUR_IED_EduardoU_SQuimica_5a46e7,PUR_IED_EduardoU_SQuimica_5a46e7,,,,,
2026-09-12T04:01:17-05:00,PUR_IED_ElRodeo_Aula14_676984,PUR_IED_ElRodeo_Aula14_676984,,,,,
2026-09-12T04:01:17-05:00,PUR_IED_ElRodeo_Aula16_2dd35b,PUR_IED_ElRodeo_Aula16_2dd35b,,,,,
2026-09-12T04:01:17-05:00,PUR_IED_ElRodeo_Ext_360881,PUR_IED_ElRodeo_Ext_360881,,,,,
2026-09-12T04:01:17-05:00,PUR_IED_ElRodeo_Exterior_8c6d28,PUR_IED_ElRodeo_Exterior_8c6d28,,,,,
2026-09-12T04:01:17-05:00,PUR_IED_ElRodeo_ext_360881,PUR_IED_ElRodeo_ext_360881,,,,,
2026-09-12T04:01:17-05:00,PUR_IED_EmmaReyes_Ext_987625,PUR_IED_EmmaReyes_Ext_987625,8,21,53,4.6367,-74.1511
2026-09-12T04:01:17-05:00,PUR_IED_Ensueño_Ext_7f0250,PUR_IED_Ensueño_Ext_7f0250,,,,,
2026-09-12T04:01:17-05:00,PUR_IED_EscNormal_Ext_5fef3b,PUR_IED_EscNormal_Ext_5fef3b,2,17,62,4.5852,-74.096901
2026-09-12T04:01:17-05:00,PUR_IED_EscNormal_S309_5b263,PUR_IED_EscNormal_S309_5b263,,,,,
2026-09-12T04:01:17-05:00,PUR_IED_EscNormal_S310_27b3b8,PUR_IED_EscNormal_S310_27b3b8,,,,,
2026-09-12T04:01:17-05:00,PUR_IED_Evangelista_Conta_f6cd4f,PUR_IED_Evangelista_Conta_f6cd4f,,,,,
2026-09-12T04:01:17-05:00,PUR_IED_Evangelista_Cri_5e16a,PUR_IED_Evangelista_Cri_5e16a,,,,,
2026-09-12T04:01:17-05:00,PUR_IED_Evangelista_Exter_754066,PUR_IED_Evangelista_Exter_754066,,,,,
2026-09-12T04:01:17-05:00,PUR_IED_FMiranda_S209_5cc2a3,PUR_IED_FMiranda_S209_5cc2a3,,,,,
2026-09-12T04:01:17-05:00,PUR_IED_FMiranda_S303_19e344,PUR_IED_FMiranda_S303_19e344,,,,,
2026-09-12T04:01:17-05:00,PUR_IED_FMiranda_ext_f53e7c,PUR_IED_FMiranda_ext_f53e7c,,,,,
2026-09-12T04:01:17-05:00,PUR_IED_FabioLozano_Bibli_1cee05,PUR_IED_FabioLozano_Bibli_1cee05,,,,,
2026-09-12T04:01:17-05:00,PUR_IED_FabioLozano_Ext_6ea285,PUR_IED_FabioLozano_Ext_6ea285,,,,,
2026-09-12T04:01:17-05:00,PUR_IED_FabioLozano_SLudi_f09e1e,PUR_IED_FabioLozano_SLudi_f09e1e,,,,,
2026-09-12T04:01:17-05:00,PUR_IED_FaustinoS_Aula07_27a731,PUR_IED_FaustinoS_Aula07_27a731,,,,,
2026-09-12T04:01:17-05:00,PUR_IED_FaustinoS_Ext_7b936f,PUR_IED_FaustinoS_Ext_7b936f,,,,,
2026-09-12T04:01:17-05:00,PUR_IED_FaustinoS_Fisica_da2c60,PUR_IED_FaustinoS_Fisica_da2c60,,,,,
2026-09-12T04:01:17-05:00,PUR_IED_FeGarciaLo_Ext_dc68ee,PUR_IED_FeGarciaLo_Ext_dc68ee,,,,,
2026-09-12T04:01:17-05:00,PUR_IED_FeGarciaLo_SDanza_f70a59,PUR_IED_FeGarciaLo_SDanza_f70a59,,,,,
2026-09-12T04:01:17-05:00,PUR_IED_FeGarciaLo_SMusic_125cdd,PUR_IED_FeGarciaLo_SMusic_125cdd,,,,,
2026-09-12T04:01:17-05:00,PUR_IED_FederalAlema_Exte_50c345,PUR_IED_FederalAlema_Exte_50c345,,,,,
2026-09-12T04:01:17-05:00,PUR_IED_FederalAlema_S31_f18371,PUR_IED_FederalAlema_S31_f18371,,,,,
2026-09-12T04:01:17-05:00,PUR_IED_FederalAlema_S901_a62cd,PUR_IED_FederalAlema_S901_a62cd,,,,,
2026-09-12T04:01:17-05:00,PUR_IED_FilarmonicaS_A5_f35eb1,PUR_IED_FilarmonicaS_A5_f35eb1,,,,,
2026-09-12T04:01:17-05:00,PUR_IED_FilarmonicaS_Ext_8a3bde,PUR_IED_FilarmonicaS_Ext_8a3bde,,,,,
2026-09-12T04:01:17-05:00,PUR_IED_FilarmonicaS_Spol_406114,PUR_IED_FilarmonicaS_Spol_406114,,,,,
2026-09-12T04:01:17-05:00,PUR_IED_FlorentinoG_A13_d1fa59,PUR_IED_FlorentinoG_A13_d1fa59,,,,,
2026-09-12T04:01:17-05:00,PUR_IED_FlorentinoG_Ext_1ce6ce,PUR_IED_FlorentinoG_Ext_1ce6ce,,,,,
2026-09-12T04:01:17-05:00,PUR_IED_FlorentinoG_Idiom_a66aac,PUR_IED_FlorentinoG_Idiom_a66aac,,,,,
2026-09-12T04:01:17-05:00,PUR_IED_FranciscoMati_Ext_e3869d,PUR_IED_FranciscoMati_Ext_e3869d,,,,,
2026-09-12T04:01:17-05:00,PUR_IED_FranciscoMati_S13_f31c67,PUR_IED_FranciscoMati_S13_f31c67,,,,,
2026-09-12T04:01:17-05:00,PUR_IED_FranciscoMati_S14_97dead,PUR_IED_FranciscoMati_S14_97dead,,,,,
2026-09-12T04:01:17-05:00,PUR_IED_FranciscoPS_Ext_7bfa9a,PUR_IED_FranciscoPS_Ext_7bfa9a,2,19,61,4.5899,-74.110397
2026-09-12T04:01:17-05:00,PUR_IED_FranciscoPS_Infor_fb8f4c,PUR_IED_FranciscoPS_Infor_fb8f4c,,,,,
2026-09-12T04:01:17-05:00,PUR_IED_FranciscoPS_Quimi_94d39c,PUR_IED_FranciscoPS_Quimi_94d39c,,,,,
2026-09-12T04:01:17-05:00,PUR_IED_FranciscoP_LabQ_d7e148,PUR_IED_FranciscoP_LabQ_d7e148,,,,,
2026-09-12T04:01:17-05:00,PUR_IED_FranciscoP_S28_cf9b30,PUR_IED_FranciscoP_S28_cf9b30,,,,,
2026-09-12T04:01:17-05:00,PUR_IED_FranciscoP_ext_e2313,PUR_IED_FranciscoP_ext_e2313,,,,,
2026-09-12T04:01:17-05:00,PUR_IED_FriederichN_Ext_8ac92a,PUR_IED_FriederichN_Ext_8ac92a,,,,,
2026-09-12T04:01:17-05:00,PUR_IED_FriederichN_S301_dd7e5a,PUR_IED_FriederichN_S301_dd7e5a,,,,,
2026-09-12T04:01:17-05:00,PUR_IED_FriederichN_S308_761f4f,PUR_IED_FriederichN_S308_761f4f,,,,,
2026-09-12T04:01:17-05:00,PUR_IED_GSantander_Aula10_533dd7,PUR_IED_GSantander_Aula10_533dd7,,,,,
2026-09-12T04:01:17-05:00,PUR_IED_GSantander_Aula12_fd4e4f,PUR_IED_GSantander_Aula12_fd4e4f,,,,,
2026-09-12T04:01:17-05:00,PUR_IED_GSantander_Aula310_533dd7,PUR_IED_GSantander_Aula310_533dd7,,,,,
2026-09-12T04:01:17-05:00,PUR_IED_GSantander_Aula312_fd4e4f,PUR_IED_GSantander_Aula312_fd4e4f,,,,,
2026-09-12T04:01:17-05:00,PUR_IED_GSantander_Ext_5f66b0,PUR_IED_GSantander_Ext_5f66b0,,,,,
2026-09-12T04:01:17-05:00,PUR_IED_GYomasa_Ext_f6bea5,PUR_IED_GYomasa_Ext_f6bea5,,,,,
2026-09-12T04:01:17-05:00,PUR_IED_GYomasa_LBiol_2c41aa,PUR_IED_GYomasa_LBiol_2c41aa,,,,,
2026-09-12T04:01:17-05:00,PUR_IED_GYomasa_LQuim_33c80,PUR_IED_GYomasa_LQuim_33c80,,,,,
2026-09-12T04:01:17-05:00,PUR_IED_GabBetMejia_Cienc_5a99c,PUR_IED_GabBetMejia_Cienc_5a99c,,,,,
2026-09-12T04:01:17-05:00,PUR_IED_GabBetMejia_Ext_9153d0,PUR_IED_GabBetMejia_Ext_9153d0,,,,,
2026-09-12T04:01:17-05:00,PUR_IED_GabBetMejia_Lab_f55347,PUR_IED_GabBetMejia_Lab_f55347,,,,,
2026-09-12T04:01:17-05:00,PUR_IED_GabBetanMejia_Ext_9153d0,PUR_IED_GabBetanMejia_Ext_9153d0,,,,,
2026-09-12T04:01:17-05:00,PUR_IED_Gaitana_Aula13_7aac11,PUR_IED_Gaitana_Aula13_7aac11,,,,,
2026-09-12T04:01:17-05:00,PUR_IED_Gaitana_Ext_5fcf4,PUR_IED_Gaitana_Ext_5fcf4,,,,,
2026-09-12T04:01:17-05:00,PUR_IED_Gaitana_LabFisica_644448,PUR_IED_Gaitana_LabFisica_644448,,,,,
2026-09-12T04:01:17-05:00,PUR_IED_GenSantander_Dise_8ac858,PUR_IED_GenSantander_Dise_8ac858,,,,,
2026-09-12T04:01:17-05:00,PUR_IED_GenSantander_Ext_8d5dfe,PUR_IED_GenSantander_Ext_8d5dfe,,,,,
2026-09-12T04:01:17-05:00,PUR_IED_GenSantander_Info_6c25b,PUR_IED_GenSantander_Info_6c25b,,,,,
2026-09-12T04:01:17-05:00,PUR_IED_GustavoMo_Exterio_75e63d,PUR_IED_GustavoMo_Exterio_75e63d,,,,,
2026-09-12T04:01:17-05:00,PUR_IED_GustavoMo_LabFisi_224d37,PUR_IED_GustavoMo_LabFisi_224d37,,,,,
2026-09-12T04:01:17-05:00,PUR_IED_GustavoMo_S208_3e6918,PUR_IED_GustavoMo_S208_3e6918,,,,,
2026-09-12T04:01:17-05:00,PUR_IED_GustavoR_A02_8cd4a8,PUR_IED_GustavoR_A02_8cd4a8,,,,,
2026-09-12T04:01:17-05:00,PUR_IED_GustavoR_B11_5b0ed,PUR_IED_GustavoR_B11_5b0ed,,,,,
2026-09-12T04:01:17-05:00,PUR_IED_GustavoR_Ext_7a0c90,PUR_IED_GustavoR_Ext_7a0c90,,,,,
2026-09-12T04:01:17-05:00,PUR_IED_HernandoDuran_Ext_8cd82b,PUR_IED_HernandoDuran_Ext_8cd82b,,,,,
2026-09-12T04:01:17-05:00,PUR_IED_HernandoDuran_S24_2772c6,PUR_IED_HernandoDuran_S24_2772c6,,,,,
2026-09-12T04:01:17-05:00,PUR_IED_HernandoDuran_S30_f2de41,PUR_IED_HernandoDuran_S30_f2de41,,,,,
2026-09-12T04:01:17-05:00,PUR_IED_HolguInUr_S1101_8cd732,PUR_IED_HolguInUr_S1101_8cd732,,,,,
2026-09-12T04:01:17-05:00,PUR_IED_HolguinUr_Exter_ddae6d,PUR_IED_HolguinUr_Exter_ddae6d,,,,,
2026-09-12T04:01:17-05:00,PUR_IED_HolguinUr_LabQuim_92b952,PUR_IED_HolguinUr_LabQuim_92b952,,,,,
2026-09-12T04:01:17-05:00,PUR_IED_Isabel-II_Ext_5245cc,PUR_IED_Isabel-II_Ext_5245cc,8,18,59,4.6336,-74.153
2026-09-12T04:01:17-05:00,PUR_IED_Isabel-II_S_idiom_1c29aa,PUR_IED_Isabel-II_S_idiom_1c29aa,,,,,
2026-09-12T04:01:17-05:00,PUR_IED_Isabel-II_S_infor_fd741,PUR_IED_Isabel-II_S_infor_fd741,,,,,
2026-09-12T04:01:17-05:00,PUR_IED_IsidroSur_Exterio_5b90ea,PUR_IED_IsidroSur_Exterio_5b90ea,,,,,
2026-09-12T04:01:17-05:00,PUR_IED_IsidroSur_LabTec_56697a,PUR_IED_IsidroSur_LabTec_56697a,,,,,
2026-09-12T04:01:17-05:00,PUR_IED_IsidroSur_Robotic_b7c38f,PUR_IED_IsidroSur_Robotic_b7c38f,,,,,
2026-09-12T04:01:17-05:00,PUR_IED_IsmaelPerd_Ext_7b6672,PUR_IED_IsmaelPerd_Ext_7b6672,,,,,
2026-09-12T04:01:17-05:00,PUR_IED_IsmaelPerd_Inform_306540,PUR_IED_IsmaelPerd_Inform_306540,,,,,
2026-09-12T04:01:17-05:00,PUR_IED_IsmaelPerd_S30_2e2c83,PUR_IED_IsmaelPerd_S30_2e2c83,,,,,
2026-09-12T04:01:17-05:00,PUR_IED_JLozano_Exter_432910,PUR_IED_JLozano_Exter_432910,,,,,
2026-09-12T04:01:17-05:00,PUR_IED_JLozano_salaMulti_df5125,PUR_IED_JLozano_salaMulti_df5125,,,,,
2026-09-12T04:01:17-05:00,PUR_IED_JMCordoba_206_86f80b,PUR_IED_JMCordoba_206_86f80b,,,,,
2026-09-12T04:01:17-05:00,PUR_IED_JMCordoba_Ext_27ad97,PUR_IED_JMCordoba_Ext_27ad97,,,,,
2026-09-12T04:01:17-05:00,PUR_IED_JMCordoba_S310_d59ab4,PUR_IED_JMCordoba_S310_d59ab4,,,,,
2026-09-12T04:01:17-05:00,PUR_IED_Japon_Ext_549100,PUR_IED_Japon_Ext_549100,,,,,
2026-09-12T04:01:17-05:00,PUR_IED_Japon_Laboratorio_bec51d,PUR_IED_Japon_Laboratorio_bec51d,,,,,
2026-09-12T04:01:17-05:00,PUR_IED_Japon_informatica_d99327,PUR_IED_Japon_informatica_d99327,,,,,
2026-09-12T04:01:17-05:00,PUR_IED_Jazmin_Ext_d27bda,PUR_IED_Jazmin_Ext_d27bda,,,,,
2026-09-12T04:01:17-05:00,PUR_IED_Jazmin_Fisica_8d14d7,PUR_IED_Jazmin_Fisica_8d14d7,,,,,
2026-09-12T04:01:17-05:00,PUR_IED_Jazmin_Quimica_801cb5,PUR_IED_Jazmin_Quimica_801cb5,,,,,
2026-09-12T04:01:17-05:00,PUR_IED_JorgeGaitan_Exter_f098d1,PUR_IED_JorgeGaitan_Exter_f098d1,,,,,
2026-09-12T04:01:17-05:00,PUR_IED_JorgeGaitan_STec1_dc9d1d,PUR_IED_JorgeGaitan_STec1_dc9d1d,,,,,
2026-09-12T04:01:17-05:00,PUR_IED_JorgeGaitan_STec2_281e69,PUR_IED_JorgeGaitan_STec2_281e69,,,,,
2026-09-12T04:01:17-05:00,PUR_IED_JorgeSoto_Exterio_d9d0a2,PUR_IED_JorgeSoto_Exterio_d9d0a2,,,,,
2026-09-12T04:01:17-05:00,PUR_IED_JorgeSoto_LabFisi_209c54,PUR_IED_JorgeSoto_LabFisi_209c54,,,,,
2026-09-12T04:01:17-05:00,PUR_IED_JorgeSoto_S103_27b51a,PUR_IED_JorgeSoto_S103_27b51a,,,,,
2026-09-12T04:01:17-05:00,PUR_IED_JoseAcevedo_A02_e965eb,PUR_IED_JoseAcevedo_A02_e965eb,,,,,
2026-09-12T04:01:17-05:00,PUR_IED_JoseAcevedo_A07_dd5b4,PUR_IED_JoseAcevedo_A07_dd5b4,,,,,
2026-09-12T04:01:17-05:00,PUR_IED_JoseAcevedo_Ext_b47484,PUR_IED_JoseAcevedo_Ext_b47484,,,,,
2026-09-12T04:01:17-05:00,PUR_IED_JoseMarti_Exte_5b9bf,PUR_IED_JoseMarti_Exte_5b9bf,,,,,
2026-09-12T04:01:17-05:00,PUR_IED_JoseMarti_LabQuim_1c6c2d,PUR_IED_JoseMarti_LabQuim_1c6c2d,,,,,
2026-09-12T04:01:17-05:00,PUR_IED_JoseMarti_S_info_f5f177,PUR_IED_JoseMarti_S_info_f5f177,,,,,
2026-09-12T04:01:17-05:00,PUR_IED_Josejoaquin_Ext_dfc5dc,PUR_IED_Josejoaquin_Ext_dfc5dc,,,,,
2026-09-12T04:01:17-05:00,PUR_IED_Josejoaquin_S05_5b2a96,PUR_IED_Josejoaquin_S05_5b2a96,,,,,
2026-09-12T04:01:17-05:00,PUR_IED_Josejoaquin_S06_1ce7d2,PUR_IED_Josejoaquin_S06_1ce7d2,,,,,
2026-09-12T04:01:17-05:00,PUR_IED_JulioFlorez_Danza_9b82dd,PUR_IED_JulioFlorez_Danza_9b82dd,,,,,
2026-09-12T04:01:17-05:00,PUR_IED_JulioFlorez_Exter_f9f314,PUR_IED_JulioFlorez_Exter_f9f314,,,,,
2026-09-12T04:01:17-05:00,PUR_IED_JulioFlorez_info2_6b6e08,PUR_IED_JulioFlorez_info2_6b6e08,,,,,
2026-09-12T04:01:17-05:00,PUR_IED_LaBelleza_Aula13_1d00d8,PUR_IED_LaBelleza_Aula13_1d00d8,,,,,
2026-09-12T04:01:17-05:00,PUR_IED_LaBelleza_Ext_7bc08c,PUR_IED_LaBelleza_Ext_7bc08c,,,,,
2026-09-12T04:01:17-05:00,PUR_IED_LaChucua_Ext_8cd6d2,PUR_IED_LaChucua_Ext_8cd6d2,,,,,
2026-09-12T04:01:17-05:00,PUR_IED_LaChucua_S15_f578ce,PUR_IED_LaChucua_S15_f578ce,,,,,
2026-09-12T04:01:17-05:00,PUR_IED_LaChucua_S16_eebcf9,PUR_IED_LaChucua_S16_eebcf9,,,,,
2026-09-12T04:01:17-05:00,PUR_IED_LaFelicidad_Ext_fb5109,PUR_IED_LaFelicidad_Ext_fb5109,,,,,
2026-09-12T04:01:17-05:00,PUR_IED_LaMerced_206_66ebd,PUR_IED_LaMerced_206_66ebd,,,,,
2026-09-12T04:01:17-05:00,PUR_IED_LaMerced_207_6ebd6,PUR_IED_LaMerced_207_6ebd6,,,,,
2026-09-12T04:01:17-05:00,PUR_IED_LaMerced_ext_304311,PUR_IED_LaMerced_ext_304311,,,,,
2026-09-12T04:01:17-05:00,PUR_IED_Laureano_CiencNat_281e5e,PUR_IED_Laureano_CiencNat_281e5e,,,,,
2026-09-12T04:01:17-05:00,PUR_IED_Laureano_Comedor_f65c0a,PUR_IED_Laureano_Comedor_f65c0a,,,,,
2026-09-12T04:01:17-05:00,PUR_IED_Laureano_Exterior_7ab011,PUR_IED_Laureano_Exterior_7ab011,,,,,
2026-09-12T04:01:17-05:00,PUR_IED_LeonGreiff_Exte_dfe560,PUR_IED_LeonGreiff_Exte_dfe560,,,,,
2026-09-12T04:01:17-05:00,PUR_IED_LeonGreiff_S210_f264ed,PUR_IED_LeonGreiff_S210_f264ed,,,,,
2026-09-12T04:01:17-05:00,PUR_IED_LeonGreiff_SQuimi_e8296f,PUR_IED_LeonGreiff_SQuimi_e8296f,,,,,
2026-09-12T04:01:17-05:00,PUR_IED_LlanoOrientalS208_7b9fcd,PUR_IED_LlanoOrientalS208_7b9fcd,,,,,
2026-09-12T04:01:17-05:00,PUR_IED_LlanoOriental_Ext_fb3766,PUR_IED_LlanoOriental_Ext_fb3766,,,,,
2026-09-12T04:01:17-05:00,PUR_IED_LlanoOriental_S208_7b9fcd,PUR_IED_LlanoOriental_S208_7b9fcd,,,,,
2026-09-12T04:01:17-05:00,PUR_IED_LlanoOriental_S9_27b378,PUR_IED_LlanoOriental_S9_27b378,,,,,
2026-09-12T04:01:17-05:00,PUR_IED_LosTejares_1101_477602,PUR_IED_LosTejares_1101_477602,,,,,
2026-09-12T04:01:17-05:00,PUR_IED_LosTejares_11_d2c595,PUR_IED_LosTejares_11_d2c595,,,,,
2026-09-12T04:01:17-05:00,PUR_IED_LosTejares_12_477602,PUR_IED_LosTejares_12_477602,,,,,
2026-09-12T04:01:17-05:00,PUR_IED_LosTejares_Ext_8e2115,PUR_IED_LosTejares_Ext_8e2115,,,,,
2026-09-12T04:01:17-05:00,PUR_IED_MagdalenaO_B202_5ddda3,PUR_IED_MagdalenaO_B202_5ddda3,,,,,
2026-09-12T04:01:17-05:00,PUR_IED_MagdalenaO_B205_fb76e8,PUR_IED_MagdalenaO_B205_fb76e8,,,,,
2026-09-12T04:01:17-05:00,PUR_IED_MagdalenaO_ext_dc69cd,PUR_IED_MagdalenaO_ext_dc69cd,,,,,
2026-09-12T04:01:17-05:00,PUR_IED_ManueCepeda_artes_eee956,PUR_IED_ManueCepeda_artes_eee956,,,,,
2026-09-12T04:01:17-05:00,PUR_IED_ManuelCepeda_Ext_58313,PUR_IED_ManuelCepeda_Ext_58313,,,,,
2026-09-12T04:01:17-05:00,PUR_IED_ManuelCepeda_tec_1c5731,PUR_IED_ManuelCepeda_tec_1c5731,,,,,
2026-09-12T04:01:17-05:00,PUR_IED_ManuelS_Exterior_5b269,PUR_IED_ManuelS_Exterior_5b269,,,,,
2026-09-12T04:01:17-05:00,PUR_IED_ManuelS_Inform_f369ce,PUR_IED_ManuelS_Inform_f369ce,,,,,
2026-09-12T04:01:17-05:00,PUR_IED_ManuelS_SArtes_7d15f1,PUR_IED_ManuelS_SArtes_7d15f1,,,,,
2026-09-12T04:01:17-05:00,PUR_IED_ManuelZapata_303_3ca6,PUR_IED_ManuelZapata_303_3ca6,,,,,
2026-09-12T04:01:17-05:00,PUR_IED_ManuelZapata_311_bfbabc,PUR_IED_ManuelZapata_311_bfbabc,,,,,
2026-09-12T04:01:17-05:00,PUR_IED_ManuelZapata_Ext_50824a,PUR_IED_ManuelZapata_Ext_50824a,,,,,
2026-09-12T04:01:17-05:00,PUR_IED_ManuelitaS_Exteri_656a92,PUR_IED_ManuelitaS_Exteri_656a92,,,,,
2026-09-12T04:01:17-05:00,PUR_IED_ManuelitaS_JuzgDe_f58ec3,PUR_IED_ManuelitaS_JuzgDe_f58ec3,,,,,
2026-09-12T04:01:17-05:00,PUR_IED_ManuelitaS_Recrea_d793db,PUR_IED_ManuelitaS_Recrea_d793db,,,,,
2026-09-12T04:01:17-05:00,PUR_IED_MarFidSuarez_Ext_c27b19,PUR_IED_MarFidSuarez_Ext_c27b19,,,,,
2026-09-12T04:01:17-05:00,PUR_IED_MarFidSuarez_Info_e384d7,PUR_IED_MarFidSuarez_Info_e384d7,,,,,
2026-09-12T04:01:17-05:00,PUR_IED_MarFidSuarez_S306_1d0032,PUR_IED_MarFidSuarez_S306_1d0032,,,,,
2026-09-12T04:01:17-05:00,PUR_IED_Menorah_301_2a25a3,PUR_IED_Menorah_301_2a25a3,,,,,
2026-09-12T04:01:17-05:00,PUR_IED_Menorah_306_37ed3,PUR_IED_Menorah_306_37ed3,,,,,
2026-09-12T04:01:17-05:00,PUR_IED_Menorah_Ext_3e155b,PUR_IED_Menorah_Ext_3e155b,,,,,
2026-09-12T04:01:17-05:00,PUR_IED_MinutoB.Aires_A11_1b1604,PUR_IED_MinutoB.Aires_A11_1b1604,,,,,
2026-09-12T04:01:17-05:00,PUR_IED_MinutoB.Aires_A12_fb5860,PUR_IED_MinutoB.Aires_A12_fb5860,,,,,
2026-09-12T04:01:17-05:00,PUR_IED_MinutoB.Aires_Ext_81293f,PUR_IED_MinutoB.Aires_Ext_81293f,,,,,
2026-09-12T04:01:17-05:00,PUR_IED_MinutoBAires_A11_1b1604,PUR_IED_MinutoBAires_A11_1b1604,,,,,
2026-09-12T04:01:17-05:00,PUR_IED_MinutoBAires_A12_fb5860,PUR_IED_MinutoBAires_A12_fb5860,,,,,
2026-09-12T04:01:17-05:00,PUR_IED_MinutoBAires_Ext_81293f,PUR_IED_MinutoBAires_Ext_81293f,,,,,
2026-09-12T04:01:17-05:00,PUR_IED_Montreal_Aula10_1e4959,PUR_IED_Montreal_Aula10_1e4959,,,,,
2026-09-12T04:01:17-05:00,PUR_IED_Montreal_Aula6_300367,PUR_IED_Montreal_Aula6_300367,,,,,
2026-09-12T04:01:17-05:00,PUR_IED_Montreal_Exterior_91a179,PUR_IED_Montreal_Exterior_91a179,,,,,
2026-09-12T04:01:17-05:00,PUR_IED_Mqgdalena_B202_5ddda3,PUR_IED_Mqgdalena_B202_5ddda3,,,,,
2026-09-12T04:01:17-05:00,PUR_IED_NACUND_Soc_dc8728,PUR_IED_NACUND_Soc_dc8728,,,,,
2026-09-12T04:01:17-05:00,PUR_IED_NACUND_ext_27ad97,PUR_IED_NACUND_ext_27ad97,,,,,
2026-09-12T04:01:17-05:00,PUR_IED_NEsperanza_Ext_d24b61,PUR_IED_NEsperanza_Ext_d24b61,,,,,
2026-09-12T04:01:17-05:00,PUR_IED_NEsperanza_SElect_7d1807,PUR_IED_NEsperanza_SElect_7d1807,,,,,
2026-09-12T04:01:17-05:00,PUR_IED_NEsperanza_SLabor_8b2d0a,PUR_IED_NEsperanza_SLabor_8b2d0a,,,,,
2026-09-12T04:01:17-05:00,PUR_IED_NacionesU_Ext_f661a9,PUR_IED_NacionesU_Ext_f661a9,,,,,
2026-09-12T04:01:17-05:00,PUR_IED_NacionesU_Quimica_66f0a,PUR_IED_NacionesU_Quimica_66f0a,,,,,
2026-09-12T04:01:17-05:00,PUR_IED_NacionesU_S306_1b4b3d,PUR_IED_NacionesU_S306_1b4b3d,,,,,
2026-09-12T04:01:17-05:00,PUR_IED_NestorFA_Ext_e4201c,PUR_IED_NestorFA_Ext_e4201c,,,,,
2026-09-12T04:01:17-05:00,PUR_IED_NestorFA_Laborato_f22fe0,PUR_IED_NestorFA_Laborato_f22fe0,,,,,
2026-09-12T04:01:17-05:00,PUR_IED_NestorFA_S204_dee996,PUR_IED_NestorFA_S204_dee996,,,,,
2026-09-12T04:01:17-05:00,PUR_IED_NidyaQT_Aula03_76999b,PUR_IED_NidyaQT_Aula03_76999b,,,,,
2026-09-12T04:01:17-05:00,PUR_IED_NidyaQT_Aula10_56325,PUR_IED_NidyaQT_Aula10_56325,,,,,
2026-09-12T04:01:17-05:00,PUR_IED_NidyaQT_Ext_46e32d,PUR_IED_NidyaQT_Ext_46e32d,,,,,
2026-09-12T04:01:17-05:00,PUR_IED_NuevaCol_Exterior_d9b859,PUR_IED_NuevaCol_Exterior_d9b859,,,,,
2026-09-12T04:01:17-05:00,PUR_IED_NuevaCol_S1101_76c43b,PUR_IED_NuevaCol_S1101_76c43b,,,,,
2026-09-12T04:01:17-05:00,PUR_IED_NuevaCol_S1102_1ce0b5,PUR_IED_NuevaCol_S1102_1ce0b5,,,,,
2026-09-12T04:01:17-05:00,PUR_IED_OEA_A202_f7e3f2,PUR_IED_OEA_A202_f7e3f2,,,,,
2026-09-12T04:01:17-05:00,PUR_IED_OEA_A203_7d1b8d,PUR_IED_OEA_A203_7d1b8d,,,,,
2026-09-12T04:01:17-05:00,PUR_IED_OEA_Ext_27b593,PUR_IED_OEA_Ext_27b593,,,,,
2026-09-12T04:01:17-05:00,PUR_IED_Ochoa_Ext_1c29da,PUR_IED_Ochoa_Ext_1c29da,,,,,
2026-09-12T04:01:17-05:00,PUR_IED_Ochoa_S205_8b1121,PUR_IED_Ochoa_S205_8b1121,,,,,
2026-09-12T04:01:17-05:00,PUR_IED_Ochoa_Sistemas_f33af6,PUR_IED_Ochoa_Sistemas_f33af6,,,,,
2026-09-12T04:01:17-05:00,PUR_IED_PQuebec_Ext_1c67c7,PUR_IED_PQuebec_Ext_1c67c7,,,,,
2026-09-12T04:01:17-05:00,PUR_IED_PQuebec_S15_23e8e2,PUR_IED_PQuebec_S15_23e8e2,,,,,
2026-09-12T04:01:17-05:00,PUR_IED_PQuebec_S16_8ec76b,PUR_IED_PQuebec_S16_8ec76b,,,,,
2026-09-12T04:01:17-05:00,PUR_IED_PabloN_Ext_49dc96,PUR_IED_PabloN_Ext_49dc96,,,,,
2026-09-12T04:01:17-05:00,PUR_IED_PabloN_S1102_4e3df5,PUR_IED_PabloN_S1102_4e3df5,,,,,
2026-09-12T04:01:17-05:00,PUR_IED_PabloN_S1103_50c94b,PUR_IED_PabloN_S1103_50c94b,,,,,
2026-09-12T04:01:17-05:00,PUR_IED_Palestina_S1101_db9198,PUR_IED_Palestina_S1101_db9198,,,,,
2026-09-12T04:01:17-05:00,PUR_IED_Palestina_S1102_dc54fa,PUR_IED_Palestina_S1102_dc54fa,,,,,
2026-09-12T04:01:17-05:00,PUR_IED_Palestina_ext_4ccce6,PUR_IED_Palestina_ext_4ccce6,,,,,
2026-09-12T04:01:17-05:00,PUR_IED_Panama_Fisica_4d0794,PUR_IED_Panama_Fisica_4d0794,,,,,
2026-09-12T04:01:17-05:00,PUR_IED_Panama_SIngles_a4077e,PUR_IED_Panama_SIngles_a4077e,,,,,
2026-09-12T04:01:17-05:00,PUR_IED_Panama_ext_4c54b4,PUR_IED_Panama_ext_4c54b4,,,,,
2026-09-12T04:01:17-05:00,PUR_IED_ParaisoM_Exterior_8cd7f0,PUR_IED_ParaisoM_Exterior_8cd7f0,,,,,
2026-09-12T04:01:17-05:00,PUR_IED_ParaisoM_Laborato_27af35,PUR_IED_ParaisoM_Laborato_27af35,,,,,
2026-09-12T04:01:17-05:00,PUR_IED_ParaisoM_S304_d1edca,PUR_IED_ParaisoM_S304_d1edca,,,,,
2026-09-12T04:01:17-05:00,PUR_IED_PorfirioBarba_Ext_301466,PUR_IED_PorfirioBarba_Ext_301466,,,,,
2026-09-12T04:01:17-05:00,PUR_IED_PorfirioBarba_S11_df6cd2,PUR_IED_PorfirioBarba_S11_df6cd2,,,,,
2026-09-12T04:01:17-05:00,PUR_IED_PorfirioBarba_S29_27a7d6,PUR_IED_PorfirioBarba_S29_27a7d6,,,,,
2026-09-12T04:01:17-05:00,PUR_IED_PradoV_Exter_8b27ad,PUR_IED_PradoV_Exter_8b27ad,,,,,
2026-09-12T04:01:17-05:00,PUR_IED_PradoV_S301_de65b5,PUR_IED_PradoV_S301_de65b5,,,,,
2026-09-12T04:01:17-05:00,PUR_IED_PradoV_S302_7d2593,PUR_IED_PradoV_S302_7d2593,,,,,
2026-09-12T04:01:17-05:00,PUR_IED_QuirogaAlz_Ext_1ddc82,PUR_IED_QuirogaAlz_Ext_1ddc82,,,,,
2026-09-12T04:01:17-05:00,PUR_IED_QuirogaAlz_S302_9926a3,PUR_IED_QuirogaAlz_S302_9926a3,,,,,
2026-09-12T04:01:17-05:00,PUR_IED_QuirogaAlz_S305_cdf1f1,PUR_IED_QuirogaAlz_S305_cdf1f1,,,,,
2026-09-12T04:01:17-05:00,PUR_IED_RGuatemala_Biling_dc53b7,PUR_IED_RGuatemala_Biling_dc53b7,,,,,
2026-09-12T04:01:17-05:00,PUR_IED_RGuatemala_Ext_1b89a3,PUR_IED_RGuatemala_Ext_1b89a3,,,,,
2026-09-12T04:01:17-05:00,PUR_IED_RGuatemala_Tecnol_281a34,PUR_IED_RGuatemala_Tecnol_281a34,,,,,
2026-09-12T04:01:17-05:00,PUR_IED_RafaNu_Ext_f7c302,PUR_IED_RafaNu_Ext_f7c302,,,,,
2026-09-12T04:01:17-05:00,PUR_IED_RafaNu_S1101_25fde,PUR_IED_RafaNu_S1101_25fde,,,,,
2026-09-12T04:01:17-05:00,PUR_IED_RafaNu_S1102_281517,PUR_IED_RafaNu_S1102_281517,,,,,
2026-09-12T04:01:17-05:00,PUR_IED_RafaelB_S305_ee2783,PUR_IED_RafaelB_S305_ee2783,,,,,
2026-09-12T04:01:17-05:00,PUR_IED_RafaelB_S306_75fe33,PUR_IED_RafaelB_S306_75fe33,,,,,
2026-09-12T04:01:17-05:00,PUR_IED_RafaelB_ext_283336,PUR_IED_RafaelB_ext_283336,2,18,60,4.6722,-74.0737
2026-09-12T04:01:17-05:00,PUR_IED_RafaelUU_Exterior_281a51,PUR_IED_RafaelUU_Exterior_281a51,,,,,
2026-09-12T04:01:17-05:00,PUR_IED_RafaelUU_Human_806b2,PUR_IED_RafaelUU_Human_806b2,,,,,
2026-09-12T04:01:17-05:00,PUR_IED_RafaelUU_Mate2_5680d4,PUR_IED_RafaelUU_Mate2_5680d4,,,,,
2026-09-12T04:01:17-05:00,PUR_IED_RamonSub_Ext_f9eeb9,PUR_IED_RamonSub_Ext_f9eeb9,,,,,
2026-09-12T04:01:17-05:00,PUR_IED_RamonSub_Media_d1f62f,PUR_IED_RamonSub_Media_d1f62f,,,,,
2026-09-12T04:01:17-05:00,PUR_IED_RamonSub_planta_51b82,PUR_IED_RamonSub_planta_51b82,,,,,
2026-09-12T04:01:17-05:00,PUR_IED_RepBoliVene_Exter_27af7c,PUR_IED_RepBoliVene_Exter_27af7c,,,,,
2026-09-12T04:01:17-05:00,PUR_IED_RepBoliVene_SCPT_5ae2ee,PUR_IED_RepBoliVene_SCPT_5ae2ee,,,,,
2026-09-12T04:01:17-05:00,PUR_IED_RepBoliVene_Socia_4b11d5,PUR_IED_RepBoliVene_Socia_4b11d5,,,,,
2026-09-12T04:01:17-05:00,PUR_IED_RepChina_Ext_76d9ee,PUR_IED_RepChina_Ext_76d9ee,,,,,
2026-09-12T04:01:17-05:00,PUR_IED_RepChina_S404_7c804c,PUR_IED_RepChina_S404_7c804c,,,,,
2026-09-12T04:01:17-05:00,PUR_IED_RepChina_S405_df2c33,PUR_IED_RepChina_S405_df2c33,,,,,
2026-09-12T04:01:17-05:00,PUR_IED_RepublicaC_Exteri_7d1ec9,PUR_IED_RepublicaC_Exteri_7d1ec9,,,,,
2026-09-12T04:01:17-05:00,PUR_IED_RepublicaC_S1101_f544b3,PUR_IED_RepublicaC_S1101_f544b3,,,,,
2026-09-12T04:01:17-05:00,PUR_IED_RepublicaC_S1102_7aafc7,PUR_IED_RepublicaC_S1102_7aafc7,,,,,
2026-09-12T04:01:17-05:00,PUR_IED_Ricaurte_Externo_a0ea1,PUR_IED_Ricaurte_Externo_a0ea1,,,,,
2026-09-12T04:01:17-05:00,PUR_IED_Ricaurte_S210_f546fd,PUR_IED_Ricaurte_S210_f546fd,,,,,
2026-09-12T04:01:17-05:00,PUR_IED_Ricaurte_S309_d4452,PUR_IED_Ricaurte_S309_d4452,,,,,
2026-09-12T04:01:17-05:00,PUR_IED_RogelioS_1102_531e69,PUR_IED_RogelioS_1102_531e69,,,,,
2026-09-12T04:01:17-05:00,PUR_IED_RogelioS_Ext_f25a18,PUR_IED_RogelioS_Ext_f25a18,,,,,
2026-09-12T04:01:17-05:00,PUR_IED_SBernardino_Ext_27aff8,PUR_IED_SBernardino_Ext_27aff8,,,,,
2026-09-12T04:01:17-05:00,PUR_IED_SBernardino_SArte_2ffd33,PUR_IED_SBernardino_SArte_2ffd33,,,,,
2026-09-12T04:01:17-05:00,PUR_IED_SBernardino_SIngl_7c7da5,PUR_IED_SBernardino_SIngl_7c7da5,,,,,
2026-09-12T04:01:17-05:00,PUR_IED_Sago_auditorio_dc9d1d,PUR_IED_Sago_auditorio_dc9d1d,,,,,
2026-09-12T04:01:17-05:00,PUR_IED_Saludcoop_Ext_95aac3,PUR_IED_Saludcoop_Ext_95aac3,,,,,
2026-09-12T04:01:17-05:00,PUR_IED_Saludcoop_InfI_90c854,PUR_IED_Saludcoop_InfI_90c854,,,,,
2026-09-12T04:01:17-05:00,PUR_IED_Saludcoop_SMedia_1b93be,PUR_IED_Saludcoop_SMedia_1b93be,,,,,
2026-09-12T04:01:17-05:00,PUR_IED_SanCarlos_1101_1a2360,PUR_IED_SanCarlos_1101_1a2360,,,,,
2026-09-12T04:01:17-05:00,PUR_IED_SanCarlos_1103_7bafb5,PUR_IED_SanCarlos_1103_7bafb5,,,,,
2026-09-12T04:01:17-05:00,PUR_IED_SanCarlos_Ext_b7cd1,PUR_IED_SanCarlos_Ext_b7cd1,,,,,
2026-09-12T04:01:17-05:00,PUR_IED_SanIgnacioBosa11a_50c26e,PUR_IED_SanIgnacioBosa11a_50c26e,,,,,
2026-09-12T04:01:17-05:00,PUR_IED_SanIgnacioBosa11b_371de8,PUR_IED_SanIgnacioBosa11b_371de8,,,,,
2026-09-12T04:01:17-05:00,PUR_IED_SanIgnacioBosaExt_ef0ffc,PUR_IED_SanIgnacioBosaExt_ef0ffc,,,,,
2026-09-12T04:01:17-05:00,PUR_IED_SanIgnacioBosa_11a_50c26e,PUR_IED_SanIgnacioBosa_11a_50c26e,,,,,
2026-09-12T04:01:17-05:00,PUR_IED_SanIgnacioBosa_Ext_ef0ffc,PUR_IED_SanIgnacioBosa_Ext_ef0ffc,,,,,
2026-09-12T04:01:17-05:00,PUR_IED_SanJoseN_intS1101_31c47f,PUR_IED_SanJoseN_intS1101_31c47f,,,,,
2026-09-12T04:01:17-05:00,PUR_IED_SanJoseUsm_Exter_f5d7e8,PUR_IED_SanJoseUsm_Exter_f5d7e8,,,,,
2026-09-12T04:01:17-05:00,PUR_IED_SanJoseUsm_Int11A_cfdef6,PUR_IED_SanJoseUsm_Int11A_cfdef6,,,,,
2026-09-12T04:01:17-05:00,PUR_IED_SilveriaR_IntB5_905349,PUR_IED_SilveriaR_IntB5_905349,,,,,
2026-09-12T04:01:17-05:00,PUR_IED_SilveriaR_IntSD14_981f93,PUR_IED_SilveriaR_IntSD14_981f93,,,,,
2026-09-12T04:01:17-05:00,PUR_IED_SilveriaR_ext_2b651d,PUR_IED_SilveriaR_ext_2b651d,,,,,
2026-09-12T04:01:17-05:00,PUR_IED_SimonB_Exterior_913975,PUR_IED_SimonB_Exterior_913975,,,,,
2026-09-12T04:01:17-05:00,PUR_IED_SimonB_LabQuimi_c56908,PUR_IED_SimonB_LabQuimi_c56908,,,,,
2026-09-12T04:01:17-05:00,PUR_IED_SimonB_informatic_a28c1,PUR_IED_SimonB_informatic_a28c1,,,,,
2026-09-12T04:01:17-05:00,PUR_IED_Sorrento_1102_315f50,PUR_IED_Sorrento_1102_315f50,,,,,
2026-09-12T04:01:17-05:00,PUR_IED_Sorrento_Minte_214eab,PUR_IED_Sorrento_Minte_214eab,,,,,
2026-09-12T04:01:17-05:00,PUR_IED_Sorrento_ext_7c3a0a,PUR_IED_Sorrento_ext_7c3a0a,,,,,
2026-09-12T04:01:17-05:00,PUR_IED_Tabora_Ext_f048ae,PUR_IED_Tabora_Ext_f048ae,,,,,
2026-09-12T04:01:17-05:00,PUR_IED_Tabora_S1102_b07752,PUR_IED_Tabora_S1102_b07752,,,,,
2026-09-12T04:01:17-05:00,PUR_IED_Tabora_S1103_d988f5,PUR_IED_Tabora_S1103_d988f5,,,,,
2026-09-12T04:01:17-05:00,PUR_IED_Tenerife_Ext_1ab188,PUR_IED_Tenerife_Ext_1ab188,,,,,
2026-09-12T04:01:17-05:00,PUR_IED_Tenerife_SDanzas_7bc02e,PUR_IED_Tenerife_SDanzas_7bc02e,,,,,
2026-09-12T04:01:17-05:00,PUR_IED_Tenerife_SIngles_7cc277,PUR_IED_Tenerife_SIngles_7cc277,,,,,
2026-09-12T04:01:17-05:00,PUR_IED_Tibabuyes_Exter_f2683d,PUR_IED_Tibabuyes_Exter_f2683d,,,,,
2026-09-12T04:01:17-05:00,PUR_IED_Tibabuyes_S10_dc87a8,PUR_IED_Tibabuyes_S10_dc87a8,,,,,
2026-09-12T04:01:17-05:00,PUR_IED_Tibabuyes_S15_dc0526,PUR_IED_Tibabuyes_S15_dc0526,,,,,
2026-09-12T04:01:17-05:00,PUR_IED_UnionE_S301_a1043,PUR_IED_UnionE_S301_a1043,,,,,
2026-09-12T04:01:17-05:00,PUR_IED_UnionE_S307_ff6c2f,PUR_IED_UnionE_S307_ff6c2f,,,,,
2026-09-12T04:01:17-05:00,PUR_IED_UnionE__Ext_5e2468,PUR_IED_UnionE__Ext_5e2468,,,,,
2026-09-12T04:01:17-05:00,PUR_IED_VillaRica_Ext_75be7c,PUR_IED_VillaRica_Ext_75be7c,,,,,
2026-09-12T04:01:17-05:00,PUR_IED_VillaRica_S4_cc5dcd,PUR_IED_VillaRica_S4_cc5dcd,,,,,
2026-09-12T04:01:17-05:00,PUR_IED_VillaRica_Sesp_99f5c,PUR_IED_VillaRica_Sesp_99f5c,,,,,
2026-09-12T04:06:11-05:00,PUR_IED_20deJulio_1101_91b1b9,PUR_IED_20deJulio_1101_91b1b9,,,,,
2026-09-12T04:06:11-05:00,PUR_IED_20deJulio_1102_1cfcf9,PUR_IED_20deJulio_1102_1cfcf9,,,,,
2026-09-12T04:06:11-05:00,PUR_IED_20deJulio_Ext_ab60bd,PUR_IED_20deJulio_Ext_ab60bd,,,,,
2026-09-12T04:06:11-05:00,PUR_IED_AgustinFer_Ext_7b9b77,PUR_IED_AgustinFer_Ext_7b9b77,,,,,
2026-09-12T04:06:11-05:00,PUR_IED_AgustinFer_Info2_27b3a7,PUR_IED_AgustinFer_Info2_27b3a7,,,,,
2026-09-12T04:06:11-05:00,PUR_IED_AgustinFer_Sena_54b4eb,PUR_IED_AgustinFer_Sena_54b4eb,,,,,
2026-09-12T04:06:11-05:00,PUR_IED_AlexanderF_1102_caf07b,PUR_IED_AlexanderF_1102_caf07b,,,,,
2026-09-12T04:06:11-05:00,PUR_IED_AlexanderF_1103_c79e71,PUR_IED_AlexanderF_1103_c79e71,,,,,
2026-09-12T04:06:11-05:00,PUR_IED_AlexanderF_Ext_c5b18b,PUR_IED_AlexanderF_Ext_c5b18b,,,,,
2026-09-12T04:06:11-05:00,PUR_IED_AlfonsoLopez_Ext_281d77,PUR_IED_AlfonsoLopez_Ext_281d77,,,,,
2026-09-12T04:06:11-05:00,PUR_IED_AlfonsoLopez_LabF_888ce0,PUR_IED_AlfonsoLopez_LabF_888ce0,,,,,
2026-09-12T04:06:11-05:00,PUR_IED_AlfonsoLopez_SMed_df6a7f,PUR_IED_AlfonsoLopez_SMed_df6a7f,,,,,
2026-09-12T04:06:11-05:00,PUR_IED_AltamiraSO_A2_209f92,PUR_IED_AltamiraSO_A2_209f92,,,,,
2026-09-12T04:06:11-05:00,PUR_IED_AltamiraSO_Ext_186d66,PUR_IED_AltamiraSO_Ext_186d66,,,,,
2026-09-12T04:06:11-05:00,PUR_IED_AltamiraSO_Sistem_27afe1,PUR_IED_AltamiraSO_Sistem_27afe1,,,,,
2026-09-12T04:06:11-05:00,PUR_IED_AlvaroGom_LabQuim_813179,PUR_IED_AlvaroGom_LabQuim_813179,,,,,
2026-09-12T04:06:11-05:00,PUR_IED_AlvaroGomez_Ext_47c7ca,PUR_IED_AlvaroGomez_Ext_47c7ca,,,,,
2026-09-12T04:06:11-05:00,PUR_IED_AlvaroGomez_LabQuim_813179,PUR_IED_AlvaroGomez_LabQuim_813179,,,,,
2026-09-12T04:06:11-05:00,PUR_IED_AlvaroGomez_S23_7ba89f,PUR_IED_AlvaroGomez_S23_7ba89f,,,,,
2026-09-12T04:06:11-05:00,PUR_IED_Amistad_306_dc8728,PUR_IED_Amistad_306_dc8728,,,,,
2026-09-12T04:06:11-05:00,PUR_IED_Amistad_Ext_8cd55e,PUR_IED_Amistad_Ext_8cd55e,,,,,
2026-09-12T04:06:11-05:00,PUR_IED_Amistad_S202_a41169,PUR_IED_Amistad_S202_a41169,,,,,
2026-09-12T04:06:11-05:00,PUR_IED_AndresBello_Bio_fd5f5e,PUR_IED_AndresBello_Bio_fd5f5e,,,,,
2026-09-12T04:06:11-05:00,PUR_IED_AndresBello_ext_dcad65,PUR_IED_AndresBello_ext_dcad65,,,,,
2026-09-12T04:06:11-05:00,PUR_IED_AndresBello_port_eed3ec,PUR_IED_AndresBello_port_eed3ec,,,,,
2026-09-12T04:06:11-05:00,PUR_IED_AngelaR_11b_d90a6b,PUR_IED_AngelaR_11b_d90a6b,,,,,
2026-09-12T04:06:11-05:00,PUR_IED_AngelaR_ext_7cad3e,PUR_IED_AngelaR_ext_7cad3e,4,19,62,4.5825,-74.164497
2026-09-12T04:06:11-05:00,PUR_IED_AntJoseSucre_10mo_df2575,PUR_IED_AntJoseSucre_10mo_df2575,,,,,
2026-09-12T04:06:11-05:00,PUR_IED_AntJoseSucre_Ext_215b36,PUR_IED_AntJoseSucre_Ext_215b36,,,,,
2026-09-12T04:06:11-05:00,PUR_IED_AntJoseSucre_Lab_3139de,PUR_IED_AntJoseSucre_Lab_3139de,,,,,
2026-09-12T04:06:11-05:00,PUR_IED_AntonioGarcia_301_d6b188,PUR_IED_AntonioGarcia_301_d6b188,,,,,
2026-09-12T04:06:11-05:00,PUR_IED_AntonioGarcia_302_88a82,PUR_IED_AntonioGarcia_302_88a82,,,,,
2026-09-12T04:06:11-05:00,PUR_IED_AntonioGarcia_Ext_20950c,PUR_IED_AntonioGarcia_Ext_20950c,,,,,
2026-09-12T04:06:11-05:00,PUR_IED_AntonioVan_Aula2_6dea02,PUR_IED_AntonioVan_Aula2_6dea02,,,,,
2026-09-12T04:06:11-05:00,PUR_IED_AntonioVan_Aula5_f1557e,PUR_IED_AntonioVan_Aula5_f1557e,,,,,
2026-09-12T04:06:11-05:00,PUR_IED_AntonioVan_Ext_406f2f,PUR_IED_AntonioVan_Ext_406f2f,,,,,
2026-09-12T04:06:11-05:00,PUR_IED_Atabanzha_Ext_cc5af9,PUR_IED_Atabanzha_Ext_cc5af9,,,,,
2026-09-12T04:06:11-05:00,PUR_IED_Atabanzha_SA101_56c37,PUR_IED_Atabanzha_SA101_56c37,,,,,
2026-09-12T04:06:11-05:00,PUR_IED_Atabanzha_SB302_27b374,PUR_IED_Atabanzha_SB302_27b374,,,,,
2026-09-12T04:06:11-05:00,PUR_IED_Atahualpa_Ext_fc1748,PUR_IED_Atahualpa_Ext_fc1748,,,,,
2026-09-12T04:06:11-05:00,PUR_IED_Atahualpa_Informa_dc9a95,PUR_IED_Atahualpa_Informa_dc9a95,,,,,
2026-09-12T04:06:11-05:00,PUR_IED_Atahualpa_S1101_f98056,PUR_IED_Atahualpa_S1101_f98056,,,,,
2026-09-12T04:06:11-05:00,PUR_IED_Bellavista_Ext_f5aa74,PUR_IED_Bellavista_Ext_f5aa74,,,,,
2026-09-12T04:06:11-05:00,PUR_IED_Bilbao_11A_916c41,PUR_IED_Bilbao_11A_916c41,,,,,
2026-09-12T04:06:11-05:00,PUR_IED_Bilbao_Ext_fb579a,PUR_IED_Bilbao_Ext_fb579a,,,,,
2026-09-12T04:06:11-05:00,PUR_IED_BrasiliaU_A125_304280,PUR_IED_BrasiliaU_A125_304280,,,,,
2026-09-12T04:06:11-05:00,PUR_IED_BrasiliaU_A203_7c8ca5,PUR_IED_BrasiliaU_A203_7c8ca5,,,,,
2026-09-12T04:06:11-05:00,PUR_IED_BrasiliaU_Ext_8d6e9f,PUR_IED_BrasiliaU_Ext_8d6e9f,3,16,65,4.5175,-74.116302
2026-09-12T04:06:11-05:00,PUR_IED_Brasilia_Ext_fe6593,PUR_IED_Brasilia_Ext_fe6593,,,,,
2026-09-12T04:06:11-05:00,PUR_IED_Brasilia_S24_7c130d,PUR_IED_Brasilia_S24_7c130d,,,,,
2026-09-12T04:06:11-05:00,PUR_IED_Brasilia_S501_186a54,PUR_IED_Brasilia_S501_186a54,,,,,
2026-09-12T04:06:11-05:00,PUR_IED_CHARRY_EXT_f1d5cd,PUR_IED_CHARRY_EXT_f1d5cd,,,,,
2026-09-12T04:06:11-05:00,PUR_IED_CHARRY_INTDANZAS_7a08e6,PUR_IED_CHARRY_INTDANZAS_7a08e6,,,,,
2026-09-12T04:06:11-05:00,PUR_IED_CHARRY_INT_AULA20_dc998d,PUR_IED_CHARRY_INT_AULA20_dc998d,,,,,
2026-09-12T04:06:11-05:00,PUR_IED_COLVIV_1101_S25_7f520a,PUR_IED_COLVIV_1101_S25_7f520a,,,,,
2026-09-12T04:06:11-05:00,PUR_IED_COLVIV_1102_S16_f570ba,PUR_IED_COLVIV_1102_S16_f570ba,,,,,
2026-09-12T04:06:11-05:00,PUR_IED_COLVIV_Ext_1a26fa,PUR_IED_COLVIV_Ext_1a26fa,,,,,
2026-09-12T04:06:11-05:00,PUR_IED_CULPOP_301A_f660f3,PUR_IED_CULPOP_301A_f660f3,,,,,
2026-09-12T04:06:11-05:00,PUR_IED_CULPOP_303_568afe,PUR_IED_CULPOP_303_568afe,,,,,
2026-09-12T04:06:11-05:00,PUR_IED_CULPOP_Ext_e02ccb,PUR_IED_CULPOP_Ext_e02ccb,,,,,
2026-09-12T04:06:11-05:00,PUR_IED_CVillavicen_Ext_26eb58,PUR_IED_CVillavicen_Ext_26eb58,7,14,81,4.487,-74.102798
2026-09-12T04:06:11-05:00,PUR_IED_CVillavicen_Intel_1ce5c2,PUR_IED_CVillavicen_Intel_1ce5c2,,,,,
2026-09-12T04:06:11-05:00,PUR_IED_CVillavicen_Poliv_e0766c,PUR_IED_CVillavicen_Poliv_e0766c,,,,,
2026-09-12T04:06:11-05:00,PUR_IED_CVillavicen_int_1ba140,PUR_IED_CVillavicen_int_1ba140,,,,,
2026-09-12T04:06:11-05:00,PUR_IED_CVillavicen_intel_1ba140,PUR_IED_CVillavicen_intel_1ba140,,,,,
2026-09-12T04:06:11-05:00,PUR_IED_CarlosPizarro_Ext_e307cc,PUR_IED_CarlosPizarro_Ext_e307cc,,,,,
2026-09-12T04:06:11-05:00,PUR_IED_CarlosPizarro_L36_7e5cdb,PUR_IED_CarlosPizarro_L36_7e5cdb,,,,,
2026-09-12T04:06:11-05:00,PUR_IED_CarlosPizarro_L37_c8566c,PUR_IED_CarlosPizarro_L37_c8566c,,,,,
2026-09-12T04:06:11-05:00,PUR_IED_Castilla_Ext_cf35f,PUR_IED_Castilla_Ext_cf35f,,,,,
2026-09-12T04:06:11-05:00,PUR_IED_Castilla_SFisik_360e38,PUR_IED_Castilla_SFisik_360e38,,,,,
2026-09-12T04:06:11-05:00,PUR_IED_Castilla_Sc304_496fbf,PUR_IED_Castilla_Sc304_496fbf,,,,,
2026-09-12T04:06:11-05:00,PUR_IED_CervantesSa_Ext_6b57b,PUR_IED_CervantesSa_Ext_6b57b,3,16,70,4.5128,-74.117203
2026-09-12T04:06:11-05:00,PUR_IED_CervantesSa_S107_225c2b,PUR_IED_CervantesSa_S107_225c2b,,,,,
2026-09-12T04:06:11-05:00,PUR_IED_CervantesSa_S108_940925,PUR_IED_CervantesSa_S108_940925,,,,,
2026-09-12T04:06:11-05:00,PUR_IED_Charry_A20_f53e7c,PUR_IED_Charry_A20_f53e7c,,,,,
2026-09-12T04:06:11-05:00,PUR_IED_Charry_Ext_f1d5cd,PUR_IED_Charry_Ext_f1d5cd,,,,,
2026-09-12T04:06:11-05:00,PUR_IED_Charry_IntAula20_dc998d,PUR_IED_Charry_IntAula20_dc998d,,,,,
2026-09-12T04:06:11-05:00,PUR_IED_Charry_IntDanzas_7a08e6,PUR_IED_Charry_IntDanzas_7a08e6,,,,,
2026-09-12T04:06:11-05:00,PUR_IED_ClememciaC_203_43e2fc,PUR_IED_ClememciaC_203_43e2fc,,,,,
2026-09-12T04:06:11-05:00,PUR_IED_ClememciaC_Ext_1b411a,PUR_IED_ClememciaC_Ext_1b411a,,,,,
2026-09-12T04:06:11-05:00,PUR_IED_ClememciaC_Quimic_44b5fc,PUR_IED_ClememciaC_Quimic_44b5fc,,,,,
2026-09-12T04:06:11-05:00,PUR_IED_ClemenciaC_203_43e2fc,PUR_IED_ClemenciaC_203_43e2fc,,,,,
2026-09-12T04:06:11-05:00,PUR_IED_ClemenciaC_Ext_1b411a,PUR_IED_ClemenciaC_Ext_1b411a,,,,,
2026-09-12T04:06:11-05:00,PUR_IED_ClemenciaC_Quimic_44b5fc,PUR_IED_ClemenciaC_Quimic_44b5fc,,,,,
2026-09-12T04:06:11-05:00,PUR_IED_ColViva_1101_S25_7f520a,PUR_IED_ColViva_1101_S25_7f520a,,,,,
2026-09-12T04:06:11-05:00,PUR_IED_ColViva_1102_S16_f570ba,PUR_IED_ColViva_1102_S16_f570ba,,,,,
2026-09-12T04:06:11-05:00,PUR_IED_ColViva_Ext_1a26fa,PUR_IED_ColViva_Ext_1a26fa,,,,,
2026-09-12T04:06:11-05:00,PUR_IED_ColegioBici_Asist_7c8798,PUR_IED_ColegioBici_Asist_7c8798,,,,,
2026-09-12T04:06:11-05:00,PUR_IED_ColegioBici_Ext_25cbf6,PUR_IED_ColegioBici_Ext_25cbf6,,,,,
2026-09-12T04:06:11-05:00,PUR_IED_ColegioBici_LabQ_7b57db,PUR_IED_ColegioBici_LabQ_7b57db,,,,,
2026-09-12T04:06:11-05:00,PUR_IED_CostaRica_Ext_5e640,PUR_IED_CostaRica_Ext_5e640,,,,,
2026-09-12T04:06:11-05:00,PUR_IED_CostaRica_Quim1_766d1c,PUR_IED_CostaRica_Quim1_766d1c,,,,,
2026-09-12T04:06:11-05:00,PUR_IED_CostaRica__Fisica_6f0873,PUR_IED_CostaRica__Fisica_6f0873,,,,,
2026-09-12T04:06:11-05:00,PUR_IED_CulPopu_301A_f660f3,PUR_IED_CulPopu_301A_f660f3,,,,,
2026-09-12T04:06:11-05:00,PUR_IED_CulPopu_303_568afe,PUR_IED_CulPopu_303_568afe,,,,,
2026-09-12T04:06:11-05:00,PUR_IED_CulPopu_Ext_e02ccb,PUR_IED_CulPopu_Ext_e02ccb,,,,,
2026-09-12T04:06:11-05:00,PUR_IED_Cundinamarca_Ext_f15985,PUR_IED_Cundinamarca_Ext_f15985,,,,,
2026-09-12T04:06:11-05:00,PUR_IED_Cundinamarca_Info_7aa5d7,PUR_IED_Cundinamarca_Info_7aa5d7,,,,,
2026-09-12T04:06:11-05:00,PUR_IED_Cundinamarca_Tec2_f449c7,PUR_IED_Cundinamarca_Tec2_f449c7,,,,,
2026-09-12T04:06:11-05:00,PUR_IED_DiegoM_Aula1_27b314,PUR_IED_DiegoM_Aula1_27b314,,,,,
2026-09-12T04:06:11-05:00,PUR_IED_DiegoM_Ext_d80ac8,PUR_IED_DiegoM_Ext_d80ac8,,,,,
2026-09-12T04:06:11-05:00,PUR_IED_DiegoM_S25_da928f,PUR_IED_DiegoM_S25_da928f,,,,,
2026-09-12T04:06:11-05:00,PUR_IED_ELRODEO_360881,PUR_IED_ELRODEO_360881,,,,,
2026-09-12T04:06:11-05:00,PUR_IED_ELRODEO_ext_360881,PUR_IED_ELRODEO_ext_360881,,,,,
2026-09-12T04:06:11-05:00,PUR_IED_EduardoU_Ext_1c1969,PUR_IED_EduardoU_Ext_1c1969,,,,,
2026-09-12T04:06:11-05:00,PUR_IED_EduardoU_SCiencia_4dfb94,PUR_IED_EduardoU_SCiencia_4dfb94,,,,,
2026-09-12T04:06:11-05:00,PUR_IED_EduardoU_SQuimica_5a46e7,PUR_IED_EduardoU_SQuimica_5a46e7,,,,,
2026-09-12T04:06:11-05:00,PUR_IED_ElRodeo_Aula14_676984,PUR_IED_ElRodeo_Aula14_676984,,,,,
2026-09-12T04:06:11-05:00,PUR_IED_ElRodeo_Aula16_2dd35b,PUR_IED_ElRodeo_Aula16_2dd35b,,,,,
2026-09-12T04:06:11-05:00,PUR_IED_ElRodeo_Ext_360881,PUR_IED_ElRodeo_Ext_360881,,,,,
2026-09-12T04:06:11-05:00,PUR_IED_ElRodeo_Exterior_8c6d28,PUR_IED_ElRodeo_Exterior_8c6d28,,,,,
2026-09-12T04:06:11-05:00,PUR_IED_ElRodeo_ext_360881,PUR_IED_ElRodeo_ext_360881,,,,,
2026-09-12T04:06:11-05:00,PUR_IED_EmmaReyes_Ext_987625,PUR_IED_EmmaReyes_Ext_987625,9,21,53,4.6367,-74.1511
2026-09-12T04:06:11-05:00,PUR_IED_Ensueño_Ext_7f0250,PUR_IED_Ensueño_Ext_7f0250,,,,,
2026-09-12T04:06:11-05:00,PUR_IED_EscNormal_Ext_5fef3b,PUR_IED_EscNormal_Ext_5fef3b,2,17,63,4.5852,-74.096901
2026-09-12T04:06:11-05:00,PUR_IED_EscNormal_S309_5b263,PUR_IED_EscNormal_S309_5b263,,,,,
2026-09-12T04:06:11-05:00,PUR_IED_EscNormal_S310_27b3b8,PUR_IED_EscNormal_S310_27b3b8,,,,,
2026-09-12T04:06:11-05:00,PUR_IED_Evangelista_Conta_f6cd4f,PUR_IED_Evangelista_Conta_f6cd4f,,,,,
2026-09-12T04:06:11-05:00,PUR_IED_Evangelista_Cri_5e16a,PUR_IED_Evangelista_Cri_5e16a,,,,,
2026-09-12T04:06:11-05:00,PUR_IED_Evangelista_Exter_754066,PUR_IED_Evangelista_Exter_754066,,,,,
2026-09-12T04:06:11-05:00,PUR_IED_FMiranda_S209_5cc2a3,PUR_IED_FMiranda_S209_5cc2a3,,,,,
2026-09-12T04:06:11-05:00,PUR_IED_FMiranda_S303_19e344,PUR_IED_FMiranda_S303_19e344,,,,,
2026-09-12T04:06:11-05:00,PUR_IED_FMiranda_ext_f53e7c,PUR_IED_FMiranda_ext_f53e7c,,,,,
2026-09-12T04:06:11-05:00,PUR_IED_FabioLozano_Bibli_1cee05,PUR_IED_FabioLozano_Bibli_1cee05,,,,,
2026-09-12T04:06:11-05:00,PUR_IED_FabioLozano_Ext_6ea285,PUR_IED_FabioLozano_Ext_6ea285,,,,,
2026-09-12T04:06:11-05:00,PUR_IED_FabioLozano_SLudi_f09e1e,PUR_IED_FabioLozano_SLudi_f09e1e,,,,,
2026-09-12T04:06:11-05:00,PUR_IED_FaustinoS_Aula07_27a731,PUR_IED_FaustinoS_Aula07_27a731,,,,,
2026-09-12T04:06:11-05:00,PUR_IED_FaustinoS_Ext_7b936f,PUR_IED_FaustinoS_Ext_7b936f,,,,,
2026-09-12T04:06:11-05:00,PUR_IED_FaustinoS_Fisica_da2c60,PUR_IED_FaustinoS_Fisica_da2c60,,,,,
2026-09-12T04:06:11-05:00,PUR_IED_FeGarciaLo_Ext_dc68ee,PUR_IED_FeGarciaLo_Ext_dc68ee,,,,,
2026-09-12T04:06:11-05:00,PUR_IED_FeGarciaLo_SDanza_f70a59,PUR_IED_FeGarciaLo_SDanza_f70a59,,,,,
2026-09-12T04:06:11-05:00,PUR_IED_FeGarciaLo_SMusic_125cdd,PUR_IED_FeGarciaLo_SMusic_125cdd,,,,,
2026-09-12T04:06:11-05:00,PUR_IED_FederalAlema_Exte_50c345,PUR_IED_FederalAlema_Exte_50c345,,,,,
2026-09-12T04:06:11-05:00,PUR_IED_FederalAlema_S31_f18371,PUR_IED_FederalAlema_S31_f18371,,,,,
2026-09-12T04:06:11-05:00,PUR_IED_FederalAlema_S901_a62cd,PUR_IED_FederalAlema_S901_a62cd,,,,,
2026-09-12T04:06:11-05:00,PUR_IED_FilarmonicaS_A5_f35eb1,PUR_IED_FilarmonicaS_A5_f35eb1,,,,,
2026-09-12T04:06:11-05:00,PUR_IED_FilarmonicaS_Ext_8a3bde,PUR_IED_FilarmonicaS_Ext_8a3bde,,,,,
2026-09-12T04:06:11-05:00,PUR_IED_FilarmonicaS_Spol_406114,PUR_IED_FilarmonicaS_Spol_406114,,,,,
2026-09-12T04:06:11-05:00,PUR_IED_FlorentinoG_A13_d1fa59,PUR_IED_FlorentinoG_A13_d1fa59,,,,,
2026-09-12T04:06:11-05:00,PUR_IED_FlorentinoG_Ext_1ce6ce,PUR_IED_FlorentinoG_Ext_1ce6ce,,,,,
2026-09-12T04:06:11-05:00,PUR_IED_FlorentinoG_Idiom_a66aac,PUR_IED_FlorentinoG_Idiom_a66aac,,,,,
2026-09-12T04:06:11-05:00,PUR_IED_FranciscoMati_Ext_e3869d,PUR_IED_FranciscoMati_Ext_e3869d,,,,,
2026-09-12T04:06:11-05:00,PUR_IED_FranciscoMati_S13_f31c67,PUR_IED_FranciscoMati_S13_f31c67,,,,,
2026-09-12T04:06:11-05:00,PUR_IED_FranciscoMati_S14_97dead,PUR_IED_FranciscoMati_S14_97dead,,,,,
2026-09-12T04:06:11-05:00,PUR_IED_FranciscoPS_Ext_7bfa9a,PUR_IED_FranciscoPS_Ext_7bfa9a,2,19,61,4.5899,-74.110397
2026-09-12T04:06:11-05:00,PUR_IED_FranciscoPS_Infor_fb8f4c,PUR_IED_FranciscoPS_Infor_fb8f4c,,,,,
2026-09-12T04:06:11-05:00,PUR_IED_FranciscoPS_Quimi_94d39c,PUR_IED_FranciscoPS_Quimi_94d39c,,,,,
2026-09-12T04:06:11-05:00,PUR_IED_FranciscoP_LabQ_d7e148,PUR_IED_FranciscoP_LabQ_d7e148,,,,,
2026-09-12T04:06:11-05:00,PUR_IED_FranciscoP_S28_cf9b30,PUR_IED_FranciscoP_S28_cf9b30,,,,,
2026-09-12T04:06:11-05:00,PUR_IED_FranciscoP_ext_e2313,PUR_IED_FranciscoP_ext_e2313,,,,,
2026-09-12T04:06:11-05:00,PUR_IED_FriederichN_Ext_8ac92a,PUR_IED_FriederichN_Ext_8ac92a,,,,,
2026-09-12T04:06:11-05:00,PUR_IED_FriederichN_S301_dd7e5a,PUR_IED_FriederichN_S301_dd7e5a,,,,,
2026-09-12T04:06:11-05:00,PUR_IED_FriederichN_S308_761f4f,PUR_IED_FriederichN_S308_761f4f,,,,,
2026-09-12T04:06:11-05:00,PUR_IED_GSantander_Aula10_533dd7,PUR_IED_GSantander_Aula10_533dd7,,,,,
2026-09-12T04:06:11-05:00,PUR_IED_GSantander_Aula12_fd4e4f,PUR_IED_GSantander_Aula12_fd4e4f,,,,,
2026-09-12T04:06:11-05:00,PUR_IED_GSantander_Aula310_533dd7,PUR_IED_GSantander_Aula310_533dd7,,,,,
2026-09-12T04:06:11-05:00,PUR_IED_GSantander_Aula312_fd4e4f,PUR_IED_GSantander_Aula312_fd4e4f,,,,,
2026-09-12T04:06:11-05:00,PUR_IED_GSantander_Ext_5f66b0,PUR_IED_GSantander_Ext_5f66b0,,,,,
2026-09-12T04:06:11-05:00,PUR_IED_GYomasa_Ext_f6bea5,PUR_IED_GYomasa_Ext_f6bea5,,,,,
2026-09-12T04:06:11-05:00,PUR_IED_GYomasa_LBiol_2c41aa,PUR_IED_GYomasa_LBiol_2c41aa,,,,,
2026-09-12T04:06:11-05:00,PUR_IED_GYomasa_LQuim_33c80,PUR_IED_GYomasa_LQuim_33c80,,,,,
2026-09-12T04:06:11-05:00,PUR_IED_GabBetMejia_Cienc_5a99c,PUR_IED_GabBetMejia_Cienc_5a99c,,,,,
2026-09-12T04:06:11-05:00,PUR_IED_GabBetMejia_Ext_9153d0,PUR_IED_GabBetMejia_Ext_9153d0,,,,,
2026-09-12T04:06:11-05:00,PUR_IED_GabBetMejia_Lab_f55347,PUR_IED_GabBetMejia_Lab_f55347,,,,,
2026-09-12T04:06:11-05:00,PUR_IED_GabBetanMejia_Ext_9153d0,PUR_IED_GabBetanMejia_Ext_9153d0,,,,,
2026-09-12T04:06:11-05:00,PUR_IED_Gaitana_Aula13_7aac11,PUR_IED_Gaitana_Aula13_7aac11,,,,,
2026-09-12T04:06:11-05:00,PUR_IED_Gaitana_Ext_5fcf4,PUR_IED_Gaitana_Ext_5fcf4,,,,,
2026-09-12T04:06:11-05:00,PUR_IED_Gaitana_LabFisica_644448,PUR_IED_Gaitana_LabFisica_644448,,,,,
2026-09-12T04:06:11-05:00,PUR_IED_GenSantander_Dise_8ac858,PUR_IED_GenSantander_Dise_8ac858,,,,,
2026-09-12T04:06:11-05:00,PUR_IED_GenSantander_Ext_8d5dfe,PUR_IED_GenSantander_Ext_8d5dfe,,,,,
2026-09-12T04:06:11-05:00,PUR_IED_GenSantander_Info_6c25b,PUR_IED_GenSantander_Info_6c25b,,,,,
2026-09-12T04:06:11-05:00,PUR_IED_GustavoMo_Exterio_75e63d,PUR_IED_GustavoMo_Exterio_75e63d,,,,,
2026-09-12T04:06:11-05:00,PUR_IED_GustavoMo_LabFisi_224d37,PUR_IED_GustavoMo_LabFisi_224d37,,,,,
2026-09-12T04:06:11-05:00,PUR_IED_GustavoMo_S208_3e6918,PUR_IED_GustavoMo_S208_3e6918,,,,,
2026-09-12T04:06:11-05:00,PUR_IED_GustavoR_A02_8cd4a8,PUR_IED_GustavoR_A02_8cd4a8,,,,,
2026-09-12T04:06:11-05:00,PUR_IED_GustavoR_B11_5b0ed,PUR_IED_GustavoR_B11_5b0ed,,,,,
2026-09-12T04:06:11-05:00,PUR_IED_GustavoR_Ext_7a0c90,PUR_IED_GustavoR_Ext_7a0c90,,,,,
2026-09-12T04:06:11-05:00,PUR_IED_HernandoDuran_Ext_8cd82b,PUR_IED_HernandoDuran_Ext_8cd82b,,,,,
2026-09-12T04:06:11-05:00,PUR_IED_HernandoDuran_S24_2772c6,PUR_IED_HernandoDuran_S24_2772c6,,,,,
2026-09-12T04:06:11-05:00,PUR_IED_HernandoDuran_S30_f2de41,PUR_IED_HernandoDuran_S30_f2de41,,,,,
2026-09-12T04:06:11-05:00,PUR_IED_HolguInUr_S1101_8cd732,PUR_IED_HolguInUr_S1101_8cd732,,,,,
2026-09-12T04:06:11-05:00,PUR_IED_HolguinUr_Exter_ddae6d,PUR_IED_HolguinUr_Exter_ddae6d,,,,,
2026-09-12T04:06:11-05:00,PUR_IED_HolguinUr_LabQuim_92b952,PUR_IED_HolguinUr_LabQuim_92b952,,,,,
2026-09-12T04:06:11-05:00,PUR_IED_Isabel-II_Ext_5245cc,PUR_IED_Isabel-II_Ext_5245cc,12,18,60,4.6336,-74.153
2026-09-12T04:06:11-05:00,PUR_IED_Isabel-II_S_idiom_1c29aa,PUR_IED_Isabel-II_S_idiom_1c29aa,,,,,
2026-09-12T04:06:11-05:00,PUR_IED_Isabel-II_S_infor_fd741,PUR_IED_Isabel-II_S_infor_fd741,,,,,
2026-09-12T04:06:11-05:00,PUR_IED_IsidroSur_Exterio_5b90ea,PUR_IED_IsidroSur_Exterio_5b90ea,,,,,
2026-09-12T04:06:11-05:00,PUR_IED_IsidroSur_LabTec_56697a,PUR_IED_IsidroSur_LabTec_56697a,,,,,
2026-09-12T04:06:11-05:00,PUR_IED_IsidroSur_Robotic_b7c38f,PUR_IED_IsidroSur_Robotic_b7c38f,,,,,
2026-09-12T04:06:11-05:00,PUR_IED_IsmaelPerd_Ext_7b6672,PUR_IED_IsmaelPerd_Ext_7b6672,,,,,
2026-09-12T04:06:11-05:00,PUR_IED_IsmaelPerd_Inform_306540,PUR_IED_IsmaelPerd_Inform_306540,,,,,
2026-09-12T04:06:11-05:00,PUR_IED_IsmaelPerd_S30_2e2c83,PUR_IED_IsmaelPerd_S30_2e2c83,,,,,
2026-09-12T04:06:11-05:00,PUR_IED_JLozano_Exter_432910,PUR_IED_JLozano_Exter_432910,,,,,
2026-09-12T04:06:11-05:00,PUR_IED_JLozano_salaMulti_df5125,PUR_IED_JLozano_salaMulti_df5125,,,,,
2026-09-12T04:06:11-05:00,PUR_IED_JMCordoba_206_86f80b,PUR_IED_JMCordoba_206_86f80b,,,,,
2026-09-12T04:06:11-05:00,PUR_IED_JMCordoba_Ext_27ad97,PUR_IED_JMCordoba_Ext_27ad97,,,,,
2026-09-12T04:06:11-05:00,PUR_IED_JMCordoba_S310_d59ab4,PUR_IED_JMCordoba_S310_d59ab4,,,,,
2026-09-12T04:06:11-05:00,PUR_IED_Japon_Ext_549100,PUR_IED_Japon_Ext_549100,,,,,
2026-09-12T04:06:11-05:00,PUR_IED_Japon_Laboratorio_bec51d,PUR_IED_Japon_Laboratorio_bec51d,,,,,
2026-09-12T04:06:11-05:00,PUR_IED_Japon_informatica_d99327,PUR_IED_Japon_informatica_d99327,,,,,
2026-09-12T04:06:11-05:00,PUR_IED_Jazmin_Ext_d27bda,PUR_IED_Jazmin_Ext_d27bda,,,,,
2026-09-12T04:06:11-05:00,PUR_IED_Jazmin_Fisica_8d14d7,PUR_IED_Jazmin_Fisica_8d14d7,,,,,
2026-09-12T04:06:11-05:00,PUR_IED_Jazmin_Quimica_801cb5,PUR_IED_Jazmin_Quimica_801cb5,,,,,
2026-09-12T04:06:11-05:00,PUR_IED_JorgeGaitan_Exter_f098d1,PUR_IED_JorgeGaitan_Exter_f098d1,,,,,
2026-09-12T04:06:11-05:00,PUR_IED_JorgeGaitan_STec1_dc9d1d,PUR_IED_JorgeGaitan_STec1_dc9d1d,,,,,
2026-09-12T04:06:11-05:00,PUR_IED_JorgeGaitan_STec2_281e69,PUR_IED_JorgeGaitan_STec2_281e69,,,,,
2026-09-12T04:06:11-05:00,PUR_IED_JorgeSoto_Exterio_d9d0a2,PUR_IED_JorgeSoto_Exterio_d9d0a2,,,,,
2026-09-12T04:06:11-05:00,PUR_IED_JorgeSoto_LabFisi_209c54,PUR_IED_JorgeSoto_LabFisi_209c54,,,,,
2026-09-12T04:06:11-05:00,PUR_IED_JorgeSoto_S103_27b51a,PUR_IED_JorgeSoto_S103_27b51a,,,,,
2026-09-12T04:06:11-05:00,PUR_IED_JoseAcevedo_A02_e965eb,PUR_IED_JoseAcevedo_A02_e965eb,,,,,
2026-09-12T04:06:11-05:00,PUR_IED_JoseAcevedo_A07_dd5b4,PUR_IED_JoseAcevedo_A07_dd5b4,,,,,
2026-09-12T04:06:11-05:00,PUR_IED_JoseAcevedo_Ext_b47484,PUR_IED_JoseAcevedo_Ext_b47484,,,,,
2026-09-12T04:06:11-05:00,PUR_IED_JoseMarti_Exte_5b9bf,PUR_IED_JoseMarti_Exte_5b9bf,,,,,
2026-09-12T04:06:11-05:00,PUR_IED_JoseMarti_LabQuim_1c6c2d,PUR_IED_JoseMarti_LabQuim_1c6c2d,,,,,
2026-09-12T04:06:11-05:00,PUR_IED_JoseMarti_S_info_f5f177,PUR_IED_JoseMarti_S_info_f5f177,,,,,
2026-09-12T04:06:11-05:00,PUR_IED_Josejoaquin_Ext_dfc5dc,PUR_IED_Josejoaquin_Ext_dfc5dc,,,,,
2026-09-12T04:06:11-05:00,PUR_IED_Josejoaquin_S05_5b2a96,PUR_IED_Josejoaquin_S05_5b2a96,,,,,
2026-09-12T04:06:11-05:00,PUR_IED_Josejoaquin_S06_1ce7d2,PUR_IED_Josejoaquin_S06_1ce7d2,,,,,
2026-09-12T04:06:11-05:00,PUR_IED_JulioFlorez_Danza_9b82dd,PUR_IED_JulioFlorez_Danza_9b82dd,,,,,
2026-09-12T04:06:11-05:00,PUR_IED_JulioFlorez_Exter_f9f314,PUR_IED_JulioFlorez_Exter_f9f314,,,,,
2026-09-12T04:06:11-05:00,PUR_IED_JulioFlorez_info2_6b6e08,PUR_IED_JulioFlorez_info2_6b6e08,,,,,
2026-09-12T04:06:11-05:00,PUR_IED_LaBelleza_Aula13_1d00d8,PUR_IED_LaBelleza_Aula13_1d00d8,,,,,
2026-09-12T04:06:11-05:00,PUR_IED_LaBelleza_Ext_7bc08c,PUR_IED_LaBelleza_Ext_7bc08c,,,,,
2026-09-12T04:06:11-05:00,PUR_IED_LaChucua_Ext_8cd6d2,PUR_IED_LaChucua_Ext_8cd6d2,,,,,
2026-09-12T04:06:11-05:00,PUR_IED_LaChucua_S15_f578ce,PUR_IED_LaChucua_S15_f578ce,,,,,
2026-09-12T04:06:11-05:00,PUR_IED_LaChucua_S16_eebcf9,PUR_IED_LaChucua_S16_eebcf9,,,,,
2026-09-12T04:06:11-05:00,PUR_IED_LaFelicidad_Ext_fb5109,PUR_IED_LaFelicidad_Ext_fb5109,,,,,
2026-09-12T04:06:11-05:00,PUR_IED_LaMerced_206_66ebd,PUR_IED_LaMerced_206_66ebd,,,,,
2026-09-12T04:06:11-05:00,PUR_IED_LaMerced_207_6ebd6,PUR_IED_LaMerced_207_6ebd6,,,,,
2026-09-12T04:06:11-05:00,PUR_IED_LaMerced_ext_304311,PUR_IED_LaMerced_ext_304311,,,,,
2026-09-12T04:06:11-05:00,PUR_IED_Laureano_CiencNat_281e5e,PUR_IED_Laureano_CiencNat_281e5e,,,,,
2026-09-12T04:06:11-05:00,PUR_IED_Laureano_Comedor_f65c0a,PUR_IED_Laureano_Comedor_f65c0a,,,,,
2026-09-12T04:06:11-05:00,PUR_IED_Laureano_Exterior_7ab011,PUR_IED_Laureano_Exterior_7ab011,,,,,
2026-09-12T04:06:11-05:00,PUR_IED_LeonGreiff_Exte_dfe560,PUR_IED_LeonGreiff_Exte_dfe560,,,,,
2026-09-12T04:06:11-05:00,PUR_IED_LeonGreiff_S210_f264ed,PUR_IED_LeonGreiff_S210_f264ed,,,,,
2026-09-12T04:06:11-05:00,PUR_IED_LeonGreiff_SQuimi_e8296f,PUR_IED_LeonGreiff_SQuimi_e8296f,,,,,
2026-09-12T04:06:11-05:00,PUR_IED_LlanoOrientalS208_7b9fcd,PUR_IED_LlanoOrientalS208_7b9fcd,,,,,
2026-09-12T04:06:11-05:00,PUR_IED_LlanoOriental_Ext_fb3766,PUR_IED_LlanoOriental_Ext_fb3766,,,,,
2026-09-12T04:06:11-05:00,PUR_IED_LlanoOriental_S208_7b9fcd,PUR_IED_LlanoOriental_S208_7b9fcd,,,,,
2026-09-12T04:06:11-05:00,PUR_IED_LlanoOriental_S9_27b378,PUR_IED_LlanoOriental_S9_27b378,,,,,
2026-09-12T04:06:11-05:00,PUR_IED_LosTejares_1101_477602,PUR_IED_LosTejares_1101_477602,,,,,
2026-09-12T04:06:11-05:00,PUR_IED_LosTejares_11_d2c595,PUR_IED_LosTejares_11_d2c595,,,,,
2026-09-12T04:06:11-05:00,PUR_IED_LosTejares_12_477602,PUR_IED_LosTejares_12_477602,,,,,
2026-09-12T04:06:11-05:00,PUR_IED_LosTejares_Ext_8e2115,PUR_IED_LosTejares_Ext_8e2115,,,,,
2026-09-12T04:06:11-05:00,PUR_IED_MagdalenaO_B202_5ddda3,PUR_IED_MagdalenaO_B202_5ddda3,,,,,
2026-09-12T04:06:11-05:00,PUR_IED_MagdalenaO_B205_fb76e8,PUR_IED_MagdalenaO_B205_fb76e8,,,,,
2026-09-12T04:06:11-05:00,PUR_IED_MagdalenaO_ext_dc69cd,PUR_IED_MagdalenaO_ext_dc69cd,,,,,
2026-09-12T04:06:11-05:00,PUR_IED_ManueCepeda_artes_eee956,PUR_IED_ManueCepeda_artes_eee956,,,,,
2026-09-12T04:06:11-05:00,PUR_IED_ManuelCepeda_Ext_58313,PUR_IED_ManuelCepeda_Ext_58313,,,,,
2026-09-12T04:06:11-05:00,PUR_IED_ManuelCepeda_tec_1c5731,PUR_IED_ManuelCepeda_tec_1c5731,,,,,
2026-09-12T04:06:11-05:00,PUR_IED_ManuelS_Exterior_5b269,PUR_IED_ManuelS_Exterior_5b269,,,,,
2026-09-12T04:06:11-05:00,PUR_IED_ManuelS_Inform_f369ce,PUR_IED_ManuelS_Inform_f369ce,,,,,
2026-09-12T04:06:11-05:00,PUR_IED_ManuelS_SArtes_7d15f1,PUR_IED_ManuelS_SArtes_7d15f1,,,,,
2026-09-12T04:06:11-05:00,PUR_IED_ManuelZapata_303_3ca6,PUR_IED_ManuelZapata_303_3ca6,,,,,
2026-09-12T04:06:11-05:00,PUR_IED_ManuelZapata_311_bfbabc,PUR_IED_ManuelZapata_311_bfbabc,,,,,
2026-09-12T04:06:11-05:00,PUR_IED_ManuelZapata_Ext_50824a,PUR_IED_ManuelZapata_Ext_50824a,,,,,
2026-09-12T04:06:11-05:00,PUR_IED_ManuelitaS_Exteri_656a92,PUR_IED_ManuelitaS_Exteri_656a92,,,,,
2026-09-12T04:06:11-05:00,PUR_IED_ManuelitaS_JuzgDe_f58ec3,PUR_IED_ManuelitaS_JuzgDe_f58ec3,,,,,
2026-09-12T04:06:11-05:00,PUR_IED_ManuelitaS_Recrea_d793db,PUR_IED_ManuelitaS_Recrea_d793db,,,,,
2026-09-12T04:06:11-05:00,PUR_IED_MarFidSuarez_Ext_c27b19,PUR_IED_MarFidSuarez_Ext_c27b19,,,,,
2026-09-12T04:06:11-05:00,PUR_IED_MarFidSuarez_Info_e384d7,PUR_IED_MarFidSuarez_Info_e384d7,,,,,
2026-09-12T04:06:11-05:00,PUR_IED_MarFidSuarez_S306_1d0032,PUR_IED_MarFidSuarez_S306_1d0032,,,,,
2026-09-12T04:06:11-05:00,PUR_IED_Menorah_301_2a25a3,PUR_IED_Menorah_301_2a25a3,,,,,
2026-09-12T04:06:11-05:00,PUR_IED_Menorah_306_37ed3,PUR_IED_Menorah_306_37ed3,,,,,
2026-09-12T04:06:11-05:00,PUR_IED_Menorah_Ext_3e155b,PUR_IED_Menorah_Ext_3e155b,,,,,
2026-09-12T04:06:11-05:00,PUR_IED_MinutoB.Aires_A11_1b1604,PUR_IED_MinutoB.Aires_A11_1b1604,,,,,
2026-09-12T04:06:11-05:00,PUR_IED_MinutoB.Aires_A12_fb5860,PUR_IED_MinutoB.Aires_A12_fb5860,,,,,
2026-09-12T04:06:11-05:00,PUR_IED_MinutoB.Aires_Ext_81293f,PUR_IED_MinutoB.Aires_Ext_81293f,,,,,
2026-09-12T04:06:11-05:00,PUR_IED_MinutoBAires_A11_1b1604,PUR_IED_MinutoBAires_A11_1b1604,,,,,
2026-09-12T04:06:11-05:00,PUR_IED_MinutoBAires_A12_fb5860,PUR_IED_MinutoBAires_A12_fb5860,,,,,
2026-09-12T04:06:11-05:00,PUR_IED_MinutoBAires_Ext_81293f,PUR_IED_MinutoBAires_Ext_81293f,,,,,
2026-09-12T04:06:11-05:00,PUR_IED_Montreal_Aula10_1e4959,PUR_IED_Montreal_Aula10_1e4959,,,,,
2026-09-12T04:06:11-05:00,PUR_IED_Montreal_Aula6_300367,PUR_IED_Montreal_Aula6_300367,,,,,
2026-09-12T04:06:11-05:00,PUR_IED_Montreal_Exterior_91a179,PUR_IED_Montreal_Exterior_91a179,,,,,
2026-09-12T04:06:11-05:00,PUR_IED_Mqgdalena_B202_5ddda3,PUR_IED_Mqgdalena_B202_5ddda3,,,,,
2026-09-12T04:06:11-05:00,PUR_IED_NACUND_Soc_dc8728,PUR_IED_NACUND_Soc_dc8728,,,,,
2026-09-12T04:06:11-05:00,PUR_IED_NACUND_ext_27ad97,PUR_IED_NACUND_ext_27ad97,,,,,
2026-09-12T04:06:11-05:00,PUR_IED_NEsperanza_Ext_d24b61,PUR_IED_NEsperanza_Ext_d24b61,,,,,
2026-09-12T04:06:11-05:00,PUR_IED_NEsperanza_SElect_7d1807,PUR_IED_NEsperanza_SElect_7d1807,,,,,
2026-09-12T04:06:11-05:00,PUR_IED_NEsperanza_SLabor_8b2d0a,PUR_IED_NEsperanza_SLabor_8b2d0a,,,,,
2026-09-12T04:06:11-05:00,PUR_IED_NacionesU_Ext_f661a9,PUR_IED_NacionesU_Ext_f661a9,,,,,
2026-09-12T04:06:11-05:00,PUR_IED_NacionesU_Quimica_66f0a,PUR_IED_NacionesU_Quimica_66f0a,,,,,
2026-09-12T04:06:11-05:00,PUR_IED_NacionesU_S306_1b4b3d,PUR_IED_NacionesU_S306_1b4b3d,,,,,
2026-09-12T04:06:11-05:00,PUR_IED_NestorFA_Ext_e4201c,PUR_IED_NestorFA_Ext_e4201c,,,,,
2026-09-12T04:06:11-05:00,PUR_IED_NestorFA_Laborato_f22fe0,PUR_IED_NestorFA_Laborato_f22fe0,,,,,
2026-09-12T04:06:11-05:00,PUR_IED_NestorFA_S204_dee996,PUR_IED_NestorFA_S204_dee996,,,,,
2026-09-12T04:06:11-05:00,PUR_IED_NidyaQT_Aula03_76999b,PUR_IED_NidyaQT_Aula03_76999b,,,,,
2026-09-12T04:06:11-05:00,PUR_IED_NidyaQT_Aula10_56325,PUR_IED_NidyaQT_Aula10_56325,,,,,
2026-09-12T04:06:11-05:00,PUR_IED_NidyaQT_Ext_46e32d,PUR_IED_NidyaQT_Ext_46e32d,,,,,
2026-09-12T04:06:11-05:00,PUR_IED_NuevaCol_Exterior_d9b859,PUR_IED_NuevaCol_Exterior_d9b859,,,,,
2026-09-12T04:06:11-05:00,PUR_IED_NuevaCol_S1101_76c43b,PUR_IED_NuevaCol_S1101_76c43b,,,,,
2026-09-12T04:06:11-05:00,PUR_IED_NuevaCol_S1102_1ce0b5,PUR_IED_NuevaCol_S1102_1ce0b5,,,,,
2026-09-12T04:06:11-05:00,PUR_IED_OEA_A202_f7e3f2,PUR_IED_OEA_A202_f7e3f2,,,,,
2026-09-12T04:06:11-05:00,PUR_IED_OEA_A203_7d1b8d,PUR_IED_OEA_A203_7d1b8d,,,,,
2026-09-12T04:06:11-05:00,PUR_IED_OEA_Ext_27b593,PUR_IED_OEA_Ext_27b593,,,,,
2026-09-12T04:06:11-05:00,PUR_IED_Ochoa_Ext_1c29da,PUR_IED_Ochoa_Ext_1c29da,,,,,
2026-09-12T04:06:11-05:00,PUR_IED_Ochoa_S205_8b1121,PUR_IED_Ochoa_S205_8b1121,,,,,
2026-09-12T04:06:11-05:00,PUR_IED_Ochoa_Sistemas_f33af6,PUR_IED_Ochoa_Sistemas_f33af6,,,,,
2026-09-12T04:06:11-05:00,PUR_IED_PQuebec_Ext_1c67c7,PUR_IED_PQuebec_Ext_1c67c7,,,,,
2026-09-12T04:06:11-05:00,PUR_IED_PQuebec_S15_23e8e2,PUR_IED_PQuebec_S15_23e8e2,,,,,
2026-09-12T04:06:11-05:00,PUR_IED_PQuebec_S16_8ec76b,PUR_IED_PQuebec_S16_8ec76b,,,,,
2026-09-12T04:06:11-05:00,PUR_IED_PabloN_Ext_49dc96,PUR_IED_PabloN_Ext_49dc96,,,,,
2026-09-12T04:06:11-05:00,PUR_IED_PabloN_S1102_4e3df5,PUR_IED_PabloN_S1102_4e3df5,,,,,
2026-09-12T04:06:11-05:00,PUR_IED_PabloN_S1103_50c94b,PUR_IED_PabloN_S1103_50c94b,,,,,
2026-09-12T04:06:11-05:00,PUR_IED_Palestina_S1101_db9198,PUR_IED_Palestina_S1101_db9198,,,,,
2026-09-12T04:06:11-05:00,PUR_IED_Palestina_S1102_dc54fa,PUR_IED_Palestina_S1102_dc54fa,,,,,
2026-09-12T04:06:11-05:00,PUR_IED_Palestina_ext_4ccce6,PUR_IED_Palestina_ext_4ccce6,,,,,
2026-09-12T04:06:11-05:00,PUR_IED_Panama_Fisica_4d0794,PUR_IED_Panama_Fisica_4d0794,,,,,
2026-09-12T04:06:11-05:00,PUR_IED_Panama_SIngles_a4077e,PUR_IED_Panama_SIngles_a4077e,,,,,
2026-09-12T04:06:11-05:00,PUR_IED_Panama_ext_4c54b4,PUR_IED_Panama_ext_4c54b4,,,,,
2026-09-12T04:06:11-05:00,PUR_IED_ParaisoM_Exterior_8cd7f0,PUR_IED_ParaisoM_Exterior_8cd7f0,,,,,
2026-09-12T04:06:11-05:00,PUR_IED_ParaisoM_Laborato_27af35,PUR_IED_ParaisoM_Laborato_27af35,,,,,
2026-09-12T04:06:11-05:00,PUR_IED_ParaisoM_S304_d1edca,PUR_IED_ParaisoM_S304_d1edca,,,,,
2026-09-12T04:06:11-05:00,PUR_IED_PorfirioBarba_Ext_301466,PUR_IED_PorfirioBarba_Ext_301466,,,,,
2026-09-12T04:06:11-05:00,PUR_IED_PorfirioBarba_S11_df6cd2,PUR_IED_PorfirioBarba_S11_df6cd2,,,,,
2026-09-12T04:06:11-05:00,PUR_IED_PorfirioBarba_S29_27a7d6,PUR_IED_PorfirioBarba_S29_27a7d6,,,,,
2026-09-12T04:06:11-05:00,PUR_IED_PradoV_Exter_8b27ad,PUR_IED_PradoV_Exter_8b27ad,,,,,
2026-09-12T04:06:11-05:00,PUR_IED_PradoV_S301_de65b5,PUR_IED_PradoV_S301_de65b5,,,,,
2026-09-12T04:06:11-05:00,PUR_IED_PradoV_S302_7d2593,PUR_IED_PradoV_S302_7d2593,,,,,
2026-09-12T04:06:11-05:00,PUR_IED_QuirogaAlz_Ext_1ddc82,PUR_IED_QuirogaAlz_Ext_1ddc82,,,,,
2026-09-12T04:06:11-05:00,PUR_IED_QuirogaAlz_S302_9926a3,PUR_IED_QuirogaAlz_S302_9926a3,,,,,
2026-09-12T04:06:11-05:00,PUR_IED_QuirogaAlz_S305_cdf1f1,PUR_IED_QuirogaAlz_S305_cdf1f1,,,,,
2026-09-12T04:06:11-05:00,PUR_IED_RGuatemala_Biling_dc53b7,PUR_IED_RGuatemala_Biling_dc53b7,,,,,
2026-09-12T04:06:11-05:00,PUR_IED_RGuatemala_Ext_1b89a3,PUR_IED_RGuatemala_Ext_1b89a3,,,,,
2026-09-12T04:06:11-05:00,PUR_IED_RGuatemala_Tecnol_281a34,PUR_IED_RGuatemala_Tecnol_281a34,,,,,
2026-09-12T04:06:11-05:00,PUR_IED_RafaNu_Ext_f7c302,PUR_IED_RafaNu_Ext_f7c302,,,,,
2026-09-12T04:06:11-05:00,PUR_IED_RafaNu_S1101_25fde,PUR_IED_RafaNu_S1101_25fde,,,,,
2026-09-12T04:06:11-05:00,PUR_IED_RafaNu_S1102_281517,PUR_IED_RafaNu_S1102_281517,,,,,
2026-09-12T04:06:11-05:00,PUR_IED_RafaelB_S305_ee2783,PUR_IED_RafaelB_S305_ee2783,,,,,
2026-09-12T04:06:11-05:00,PUR_IED_RafaelB_S306_75fe33,PUR_IED_RafaelB_S306_75fe33,,,,,
2026-09-12T04:06:11-05:00,PUR_IED_RafaelB_ext_283336,PUR_IED_RafaelB_ext_283336,3,18,61,4.6722,-74.0737
2026-09-12T04:06:11-05:00,PUR_IED_RafaelUU_Exterior_281a51,PUR_IED_RafaelUU_Exterior_281a51,,,,,
2026-09-12T04:06:11-05:00,PUR_IED_RafaelUU_Human_806b2,PUR_IED_RafaelUU_Human_806b2,,,,,
2026-09-12T04:06:11-05:00,PUR_IED_RafaelUU_Mate2_5680d4,PUR_IED_RafaelUU_Mate2_5680d4,,,,,
2026-09-12T04:06:11-05:00,PUR_IED_RamonSub_Ext_f9eeb9,PUR_IED_RamonSub_Ext_f9eeb9,,,,,
2026-09-12T04:06:11-05:00,PUR_IED_RamonSub_Media_d1f62f,PUR_IED_RamonSub_Media_d1f62f,,,,,
2026-09-12T04:06:11-05:00,PUR_IED_RamonSub_planta_51b82,PUR_IED_RamonSub_planta_51b82,,,,,
2026-09-12T04:06:11-05:00,PUR_IED_RepBoliVene_Exter_27af7c,PUR_IED_RepBoliVene_Exter_27af7c,,,,,
2026-09-12T04:06:11-05:00,PUR_IED_RepBoliVene_SCPT_5ae2ee,PUR_IED_RepBoliVene_SCPT_5ae2ee,,,,,
2026-09-12T04:06:11-05:00,PUR_IED_RepBoliVene_Socia_4b11d5,PUR_IED_RepBoliVene_Socia_4b11d5,,,,,
2026-09-12T04:06:11-05:00,PUR_IED_RepChina_Ext_76d9ee,PUR_IED_RepChina_Ext_76d9ee,,,,,
2026-09-12T04:06:11-05:00,PUR_IED_RepChina_S404_7c804c,PUR_IED_RepChina_S404_7c804c,,,,,
2026-09-12T04:06:11-05:00,PUR_IED_RepChina_S405_df2c33,PUR_IED_RepChina_S405_df2c33,,,,,
2026-09-12T04:06:11-05:00,PUR_IED_RepublicaC_Exteri_7d1ec9,PUR_IED_RepublicaC_Exteri_7d1ec9,,,,,
2026-09-12T04:06:11-05:00,PUR_IED_RepublicaC_S1101_f544b3,PUR_IED_RepublicaC_S1101_f544b3,,,,,
2026-09-12T04:06:11-05:00,PUR_IED_RepublicaC_S1102_7aafc7,PUR_IED_RepublicaC_S1102_7aafc7,,,,,
2026-09-12T04:06:11-05:00,PUR_IED_Ricaurte_Externo_a0ea1,PUR_IED_Ricaurte_Externo_a0ea1,,,,,
2026-09-12T04:06:11-05:00,PUR_IED_Ricaurte_S210_f546fd,PUR_IED_Ricaurte_S210_f546fd,,,,,
2026-09-12T04:06:11-05:00,PUR_IED_Ricaurte_S309_d4452,PUR_IED_Ricaurte_S309_d4452,,,,,
2026-09-12T04:06:11-05:00,PUR_IED_RogelioS_1102_531e69,PUR_IED_RogelioS_1102_531e69,,,,,
2026-09-12T04:06:11-05:00,PUR_IED_RogelioS_Ext_f25a18,PUR_IED_RogelioS_Ext_f25a18,,,,,
2026-09-12T04:06:11-05:00,PUR_IED_SBernardino_Ext_27aff8,PUR_IED_SBernardino_Ext_27aff8,,,,,
2026-09-12T04:06:11-05:00,PUR_IED_SBernardino_SArte_2ffd33,PUR_IED_SBernardino_SArte_2ffd33,,,,,
2026-09-12T04:06:11-05:00,PUR_IED_SBernardino_SIngl_7c7da5,PUR_IED_SBernardino_SIngl_7c7da5,,,,,
2026-09-12T04:06:11-05:00,PUR_IED_Sago_auditorio_dc9d1d,PUR_IED_Sago_auditorio_dc9d1d,,,,,
2026-09-12T04:06:11-05:00,PUR_IED_Saludcoop_Ext_95aac3,PUR_IED_Saludcoop_Ext_95aac3,,,,,
2026-09-12T04:06:11-05:00,PUR_IED_Saludcoop_InfI_90c854,PUR_IED_Saludcoop_InfI_90c854,,,,,
2026-09-12T04:06:11-05:00,PUR_IED_Saludcoop_SMedia_1b93be,PUR_IED_Saludcoop_SMedia_1b93be,,,,,
2026-09-12T04:06:11-05:00,PUR_IED_SanCarlos_1101_1a2360,PUR_IED_SanCarlos_1101_1a2360,,,,,
2026-09-12T04:06:11-05:00,PUR_IED_SanCarlos_1103_7bafb5,PUR_IED_SanCarlos_1103_7bafb5,,,,,
2026-09-12T04:06:11-05:00,PUR_IED_SanCarlos_Ext_b7cd1,PUR_IED_SanCarlos_Ext_b7cd1,,,,,
2026-09-12T04:06:11-05:00,PUR_IED_SanIgnacioBosa11a_50c26e,PUR_IED_SanIgnacioBosa11a_50c26e,,,,,
2026-09-12T04:06:11-05:00,PUR_IED_SanIgnacioBosa11b_371de8,PUR_IED_SanIgnacioBosa11b_371de8,,,,,
2026-09-12T04:06:11-05:00,PUR_IED_SanIgnacioBosaExt_ef0ffc,PUR_IED_SanIgnacioBosaExt_ef0ffc,,,,,
2026-09-12T04:06:11-05:00,PUR_IED_SanIgnacioBosa_11a_50c26e,PUR_IED_SanIgnacioBosa_11a_50c26e,,,,,
2026-09-12T04:06:11-05:00,PUR_IED_SanIgnacioBosa_Ext_ef0ffc,PUR_IED_SanIgnacioBosa_Ext_ef0ffc,,,,,
2026-09-12T04:06:11-05:00,PUR_IED_SanJoseN_intS1101_31c47f,PUR_IED_SanJoseN_intS1101_31c47f,,,,,
2026-09-12T04:06:11-05:00,PUR_IED_SanJoseUsm_Exter_f5d7e8,PUR_IED_SanJoseUsm_Exter_f5d7e8,,,,,
2026-09-12T04:06:11-05:00,PUR_IED_SanJoseUsm_Int11A_cfdef6,PUR_IED_SanJoseUsm_Int11A_cfdef6,,,,,
2026-09-12T04:06:11-05:00,PUR_IED_SilveriaR_IntB5_905349,PUR_IED_SilveriaR_IntB5_905349,,,,,
2026-09-12T04:06:11-05:00,PUR_IED_SilveriaR_IntSD14_981f93,PUR_IED_SilveriaR_IntSD14_981f93,,,,,
2026-09-12T04:06:11-05:00,PUR_IED_SilveriaR_ext_2b651d,PUR_IED_SilveriaR_ext_2b651d,,,,,
2026-09-12T04:06:11-05:00,PUR_IED_SimonB_Exterior_913975,PUR_IED_SimonB_Exterior_913975,,,,,
2026-09-12T04:06:11-05:00,PUR_IED_SimonB_LabQuimi_c56908,PUR_IED_SimonB_LabQuimi_c56908,,,,,
2026-09-12T04:06:11-05:00,PUR_IED_SimonB_informatic_a28c1,PUR_IED_SimonB_informatic_a28c1,,,,,
2026-09-12T04:06:11-05:00,PUR_IED_Sorrento_1102_315f50,PUR_IED_Sorrento_1102_315f50,,,,,
2026-09-12T04:06:11-05:00,PUR_IED_Sorrento_Minte_214eab,PUR_IED_Sorrento_Minte_214eab,,,,,
2026-09-12T04:06:11-05:00,PUR_IED_Sorrento_ext_7c3a0a,PUR_IED_Sorrento_ext_7c3a0a,,,,,
2026-09-12T04:06:11-05:00,PUR_IED_Tabora_Ext_f048ae,PUR_IED_Tabora_Ext_f048ae,,,,,
2026-09-12T04:06:11-05:00,PUR_IED_Tabora_S1102_b07752,PUR_IED_Tabora_S1102_b07752,,,,,
2026-09-12T04:06:11-05:00,PUR_IED_Tabora_S1103_d988f5,PUR_IED_Tabora_S1103_d988f5,,,,,
2026-09-12T04:06:11-05:00,PUR_IED_Tenerife_Ext_1ab188,PUR_IED_Tenerife_Ext_1ab188,,,,,
2026-09-12T04:06:11-05:00,PUR_IED_Tenerife_SDanzas_7bc02e,PUR_IED_Tenerife_SDanzas_7bc02e,,,,,
2026-09-12T04:06:11-05:00,PUR_IED_Tenerife_SIngles_7cc277,PUR_IED_Tenerife_SIngles_7cc277,,,,,
2026-09-12T04:06:11-05:00,PUR_IED_Tibabuyes_Exter_f2683d,PUR_IED_Tibabuyes_Exter_f2683d,,,,,
2026-09-12T04:06:11-05:00,PUR_IED_Tibabuyes_S10_dc87a8,PUR_IED_Tibabuyes_S10_dc87a8,,,,,
2026-09-12T04:06:11-05:00,PUR_IED_Tibabuyes_S15_dc0526,PUR_IED_Tibabuyes_S15_dc0526,,,,,
2026-09-12T04:06:11-05:00,PUR_IED_UnionE_S301_a1043,PUR_IED_UnionE_S301_a1043,,,,,
2026-09-12T04:06:11-05:00,PUR_IED_UnionE_S307_ff6c2f,PUR_IED_UnionE_S307_ff6c2f,,,,,
2026-09-12T04:06:11-05:00,PUR_IED_UnionE__Ext_5e2468,PUR_IED_UnionE__Ext_5e2468,,,,,
2026-09-12T04:06:11-05:00,PUR_IED_VillaRica_Ext_75be7c,PUR_IED_VillaRica_Ext_75be7c,,,,,
2026-09-12T04:06:11-05:00,PUR_IED_VillaRica_S4_cc5dcd,PUR_IED_VillaRica_S4_cc5dcd,,,,,
2026-09-12T04:06:11-05:00,PUR_IED_VillaRica_Sesp_99f5c,PUR_IED_VillaRica_Sesp_99f5c,,,,,
2026-09-12T04:11:12-05:00,PUR_IED_20deJulio_1101_91b1b9,PUR_IED_20deJulio_1101_91b1b9,,,,,
2026-09-12T04:11:12-05:00,PUR_IED_20deJulio_1102_1cfcf9,PUR_IED_20deJulio_1102_1cfcf9,,,,,
2026-09-12T04:11:12-05:00,PUR_IED_20deJulio_Ext_ab60bd,PUR_IED_20deJulio_Ext_ab60bd,,,,,
2026-09-12T04:11:12-05:00,PUR_IED_AgustinFer_Ext_7b9b77,PUR_IED_AgustinFer_Ext_7b9b77,,,,,
2026-09-12T04:11:12-05:00,PUR_IED_AgustinFer_Info2_27b3a7,PUR_IED_AgustinFer_Info2_27b3a7,,,,,
2026-09-12T04:11:12-05:00,PUR_IED_AgustinFer_Sena_54b4eb,PUR_IED_AgustinFer_Sena_54b4eb,,,,,
2026-09-12T04:11:12-05:00,PUR_IED_AlexanderF_1102_caf07b,PUR_IED_AlexanderF_1102_caf07b,,,,,
2026-09-12T04:11:12-05:00,PUR_IED_AlexanderF_1103_c79e71,PUR_IED_AlexanderF_1103_c79e71,,,,,
2026-09-12T04:11:12-05:00,PUR_IED_AlexanderF_Ext_c5b18b,PUR_IED_AlexanderF_Ext_c5b18b,,,,,
2026-09-12T04:11:12-05:00,PUR_IED_AlfonsoLopez_Ext_281d77,PUR_IED_AlfonsoLopez_Ext_281d77,,,,,
2026-09-12T04:11:12-05:00,PUR_IED_AlfonsoLopez_LabF_888ce0,PUR_IED_AlfonsoLopez_LabF_888ce0,,,,,
2026-09-12T04:11:12-05:00,PUR_IED_AlfonsoLopez_SMed_df6a7f,PUR_IED_AlfonsoLopez_SMed_df6a7f,,,,,
2026-09-12T04:11:12-05:00,PUR_IED_AltamiraSO_A2_209f92,PUR_IED_AltamiraSO_A2_209f92,,,,,
2026-09-12T04:11:12-05:00,PUR_IED_AltamiraSO_Ext_186d66,PUR_IED_AltamiraSO_Ext_186d66,,,,,
2026-09-12T04:11:12-05:00,PUR_IED_AltamiraSO_Sistem_27afe1,PUR_IED_AltamiraSO_Sistem_27afe1,,,,,
2026-09-12T04:11:12-05:00,PUR_IED_AlvaroGom_LabQuim_813179,PUR_IED_AlvaroGom_LabQuim_813179,,,,,
2026-09-12T04:11:12-05:00,PUR_IED_AlvaroGomez_Ext_47c7ca,PUR_IED_AlvaroGomez_Ext_47c7ca,,,,,
2026-09-12T04:11:12-05:00,PUR_IED_AlvaroGomez_LabQuim_813179,PUR_IED_AlvaroGomez_LabQuim_813179,,,,,
2026-09-12T04:11:12-05:00,PUR_IED_AlvaroGomez_S23_7ba89f,PUR_IED_AlvaroGomez_S23_7ba89f,,,,,
2026-09-12T04:11:12-05:00,PUR_IED_Amistad_306_dc8728,PUR_IED_Amistad_306_dc8728,,,,,
2026-09-12T04:11:12-05:00,PUR_IED_Amistad_Ext_8cd55e,PUR_IED_Amistad_Ext_8cd55e,,,,,
2026-09-12T04:11:12-05:00,PUR_IED_Amistad_S202_a41169,PUR_IED_Amistad_S202_a41169,,,,,
2026-09-12T04:11:12-05:00,PUR_IED_AndresBello_Bio_fd5f5e,PUR_IED_AndresBello_Bio_fd5f5e,,,,,
2026-09-12T04:11:12-05:00,PUR_IED_AndresBello_ext_dcad65,PUR_IED_AndresBello_ext_dcad65,,,,,
2026-09-12T04:11:12-05:00,PUR_IED_AndresBello_port_eed3ec,PUR_IED_AndresBello_port_eed3ec,,,,,
2026-09-12T04:11:12-05:00,PUR_IED_AngelaR_11b_d90a6b,PUR_IED_AngelaR_11b_d90a6b,,,,,
2026-09-12T04:11:12-05:00,PUR_IED_AngelaR_ext_7cad3e,PUR_IED_AngelaR_ext_7cad3e,5,19,61,4.5825,-74.164497
2026-09-12T04:11:12-05:00,PUR_IED_AntJoseSucre_10mo_df2575,PUR_IED_AntJoseSucre_10mo_df2575,,,,,
2026-09-12T04:11:12-05:00,PUR_IED_AntJoseSucre_Ext_215b36,PUR_IED_AntJoseSucre_Ext_215b36,,,,,
2026-09-12T04:11:12-05:00,PUR_IED_AntJoseSucre_Lab_3139de,PUR_IED_AntJoseSucre_Lab_3139de,,,,,
2026-09-12T04:11:12-05:00,PUR_IED_AntonioGarcia_301_d6b188,PUR_IED_AntonioGarcia_301_d6b188,,,,,
2026-09-12T04:11:12-05:00,PUR_IED_AntonioGarcia_302_88a82,PUR_IED_AntonioGarcia_302_88a82,,,,,
2026-09-12T04:11:12-05:00,PUR_IED_AntonioGarcia_Ext_20950c,PUR_IED_AntonioGarcia_Ext_20950c,,,,,
2026-09-12T04:11:12-05:00,PUR_IED_AntonioVan_Aula2_6dea02,PUR_IED_AntonioVan_Aula2_6dea02,,,,,
2026-09-12T04:11:12-05:00,PUR_IED_AntonioVan_Aula5_f1557e,PUR_IED_AntonioVan_Aula5_f1557e,,,,,
2026-09-12T04:11:12-05:00,PUR_IED_AntonioVan_Ext_406f2f,PUR_IED_AntonioVan_Ext_406f2f,,,,,
2026-09-12T04:11:12-05:00,PUR_IED_Atabanzha_Ext_cc5af9,PUR_IED_Atabanzha_Ext_cc5af9,,,,,
2026-09-12T04:11:12-05:00,PUR_IED_Atabanzha_SA101_56c37,PUR_IED_Atabanzha_SA101_56c37,,,,,
2026-09-12T04:11:12-05:00,PUR_IED_Atabanzha_SB302_27b374,PUR_IED_Atabanzha_SB302_27b374,,,,,
2026-09-12T04:11:12-05:00,PUR_IED_Atahualpa_Ext_fc1748,PUR_IED_Atahualpa_Ext_fc1748,,,,,
2026-09-12T04:11:12-05:00,PUR_IED_Atahualpa_Informa_dc9a95,PUR_IED_Atahualpa_Informa_dc9a95,,,,,
2026-09-12T04:11:12-05:00,PUR_IED_Atahualpa_S1101_f98056,PUR_IED_Atahualpa_S1101_f98056,,,,,
2026-09-12T04:11:12-05:00,PUR_IED_Bellavista_Ext_f5aa74,PUR_IED_Bellavista_Ext_f5aa74,,,,,
2026-09-12T04:11:12-05:00,PUR_IED_Bilbao_11A_916c41,PUR_IED_Bilbao_11A_916c41,,,,,
2026-09-12T04:11:12-05:00,PUR_IED_Bilbao_Ext_fb579a,PUR_IED_Bilbao_Ext_fb579a,,,,,
2026-09-12T04:11:12-05:00,PUR_IED_BrasiliaU_A125_304280,PUR_IED_BrasiliaU_A125_304280,,,,,
2026-09-12T04:11:12-05:00,PUR_IED_BrasiliaU_A203_7c8ca5,PUR_IED_BrasiliaU_A203_7c8ca5,,,,,
2026-09-12T04:11:12-05:00,PUR_IED_BrasiliaU_Ext_8d6e9f,PUR_IED_BrasiliaU_Ext_8d6e9f,3,16,65,4.5175,-74.116302
2026-09-12T04:11:12-05:00,PUR_IED_Brasilia_Ext_fe6593,PUR_IED_Brasilia_Ext_fe6593,,,,,
2026-09-12T04:11:12-05:00,PUR_IED_Brasilia_S24_7c130d,PUR_IED_Brasilia_S24_7c130d,,,,,
2026-09-12T04:11:12-05:00,PUR_IED_Brasilia_S501_186a54,PUR_IED_Brasilia_S501_186a54,,,,,
2026-09-12T04:11:12-05:00,PUR_IED_CHARRY_EXT_f1d5cd,PUR_IED_CHARRY_EXT_f1d5cd,,,,,
2026-09-12T04:11:12-05:00,PUR_IED_CHARRY_INTDANZAS_7a08e6,PUR_IED_CHARRY_INTDANZAS_7a08e6,,,,,
2026-09-12T04:11:12-05:00,PUR_IED_CHARRY_INT_AULA20_dc998d,PUR_IED_CHARRY_INT_AULA20_dc998d,,,,,
2026-09-12T04:11:12-05:00,PUR_IED_COLVIV_1101_S25_7f520a,PUR_IED_COLVIV_1101_S25_7f520a,,,,,
2026-09-12T04:11:12-05:00,PUR_IED_COLVIV_1102_S16_f570ba,PUR_IED_COLVIV_1102_S16_f570ba,,,,,
2026-09-12T04:11:12-05:00,PUR_IED_COLVIV_Ext_1a26fa,PUR_IED_COLVIV_Ext_1a26fa,,,,,
2026-09-12T04:11:12-05:00,PUR_IED_CULPOP_301A_f660f3,PUR_IED_CULPOP_301A_f660f3,,,,,
2026-09-12T04:11:12-05:00,PUR_IED_CULPOP_303_568afe,PUR_IED_CULPOP_303_568afe,,,,,
2026-09-12T04:11:12-05:00,PUR_IED_CULPOP_Ext_e02ccb,PUR_IED_CULPOP_Ext_e02ccb,,,,,
2026-09-12T04:11:12-05:00,PUR_IED_CVillavicen_Ext_26eb58,PUR_IED_CVillavicen_Ext_26eb58,6,14,81,4.487,-74.102798
2026-09-12T04:11:12-05:00,PUR_IED_CVillavicen_Intel_1ce5c2,PUR_IED_CVillavicen_Intel_1ce5c2,,,,,
2026-09-12T04:11:12-05:00,PUR_IED_CVillavicen_Poliv_e0766c,PUR_IED_CVillavicen_Poliv_e0766c,,,,,
2026-09-12T04:11:12-05:00,PUR_IED_CVillavicen_int_1ba140,PUR_IED_CVillavicen_int_1ba140,,,,,
2026-09-12T04:11:12-05:00,PUR_IED_CVillavicen_intel_1ba140,PUR_IED_CVillavicen_intel_1ba140,,,,,
2026-09-12T04:11:12-05:00,PUR_IED_CarlosPizarro_Ext_e307cc,PUR_IED_CarlosPizarro_Ext_e307cc,,,,,
2026-09-12T04:11:12-05:00,PUR_IED_CarlosPizarro_L36_7e5cdb,PUR_IED_CarlosPizarro_L36_7e5cdb,,,,,
2026-09-12T04:11:12-05:00,PUR_IED_CarlosPizarro_L37_c8566c,PUR_IED_CarlosPizarro_L37_c8566c,,,,,
2026-09-12T04:11:12-05:00,PUR_IED_Castilla_Ext_cf35f,PUR_IED_Castilla_Ext_cf35f,,,,,
2026-09-12T04:11:12-05:00,PUR_IED_Castilla_SFisik_360e38,PUR_IED_Castilla_SFisik_360e38,,,,,
2026-09-12T04:11:12-05:00,PUR_IED_Castilla_Sc304_496fbf,PUR_IED_Castilla_Sc304_496fbf,,,,,
2026-09-12T04:11:12-05:00,PUR_IED_CervantesSa_Ext_6b57b,PUR_IED_CervantesSa_Ext_6b57b,3,17,70,4.5128,-74.117203
2026-09-12T04:11:12-05:00,PUR_IED_CervantesSa_S107_225c2b,PUR_IED_CervantesSa_S107_225c2b,,,,,
2026-09-12T04:11:12-05:00,PUR_IED_CervantesSa_S108_940925,PUR_IED_CervantesSa_S108_940925,,,,,
2026-09-12T04:11:12-05:00,PUR_IED_Charry_A20_f53e7c,PUR_IED_Charry_A20_f53e7c,,,,,
2026-09-12T04:11:12-05:00,PUR_IED_Charry_Ext_f1d5cd,PUR_IED_Charry_Ext_f1d5cd,,,,,
2026-09-12T04:11:12-05:00,PUR_IED_Charry_IntAula20_dc998d,PUR_IED_Charry_IntAula20_dc998d,,,,,
2026-09-12T04:11:12-05:00,PUR_IED_Charry_IntDanzas_7a08e6,PUR_IED_Charry_IntDanzas_7a08e6,,,,,
2026-09-12T04:11:12-05:00,PUR_IED_ClememciaC_203_43e2fc,PUR_IED_ClememciaC_203_43e2fc,,,,,
2026-09-12T04:11:12-05:00,PUR_IED_ClememciaC_Ext_1b411a,PUR_IED_ClememciaC_Ext_1b411a,,,,,
2026-09-12T04:11:12-05:00,PUR_IED_ClememciaC_Quimic_44b5fc,PUR_IED_ClememciaC_Quimic_44b5fc,,,,,
2026-09-12T04:11:12-05:00,PUR_IED_ClemenciaC_203_43e2fc,PUR_IED_ClemenciaC_203_43e2fc,,,,,
2026-09-12T04:11:12-05:00,PUR_IED_ClemenciaC_Ext_1b411a,PUR_IED_ClemenciaC_Ext_1b411a,,,,,
2026-09-12T04:11:12-05:00,PUR_IED_ClemenciaC_Quimic_44b5fc,PUR_IED_ClemenciaC_Quimic_44b5fc,,,,,
2026-09-12T04:11:12-05:00,PUR_IED_ColViva_1101_S25_7f520a,PUR_IED_ColViva_1101_S25_7f520a,,,,,
2026-09-12T04:11:12-05:00,PUR_IED_ColViva_1102_S16_f570ba,PUR_IED_ColViva_1102_S16_f570ba,,,,,
2026-09-12T04:11:12-05:00,PUR_IED_ColViva_Ext_1a26fa,PUR_IED_ColViva_Ext_1a26fa,,,,,
2026-09-12T04:11:12-05:00,PUR_IED_ColegioBici_Asist_7c8798,PUR_IED_ColegioBici_Asist_7c8798,,,,,
2026-09-12T04:11:12-05:00,PUR_IED_ColegioBici_Ext_25cbf6,PUR_IED_ColegioBici_Ext_25cbf6,,,,,
2026-09-12T04:11:12-05:00,PUR_IED_ColegioBici_LabQ_7b57db,PUR_IED_ColegioBici_LabQ_7b57db,,,,,
2026-09-12T04:11:12-05:00,PUR_IED_CostaRica_Ext_5e640,PUR_IED_CostaRica_Ext_5e640,,,,,
2026-09-12T04:11:12-05:00,PUR_IED_CostaRica_Quim1_766d1c,PUR_IED_CostaRica_Quim1_766d1c,,,,,
2026-09-12T04:11:12-05:00,PUR_IED_CostaRica__Fisica_6f0873,PUR_IED_CostaRica__Fisica_6f0873,,,,,
2026-09-12T04:11:12-05:00,PUR_IED_CulPopu_301A_f660f3,PUR_IED_CulPopu_301A_f660f3,,,,,
2026-09-12T04:11:12-05:00,PUR_IED_CulPopu_303_568afe,PUR_IED_CulPopu_303_568afe,,,,,
2026-09-12T04:11:12-05:00,PUR_IED_CulPopu_Ext_e02ccb,PUR_IED_CulPopu_Ext_e02ccb,,,,,
2026-09-12T04:11:12-05:00,PUR_IED_Cundinamarca_Ext_f15985,PUR_IED_Cundinamarca_Ext_f15985,,,,,
2026-09-12T04:11:12-05:00,PUR_IED_Cundinamarca_Info_7aa5d7,PUR_IED_Cundinamarca_Info_7aa5d7,,,,,
2026-09-12T04:11:12-05:00,PUR_IED_Cundinamarca_Tec2_f449c7,PUR_IED_Cundinamarca_Tec2_f449c7,,,,,
2026-09-12T04:11:12-05:00,PUR_IED_DiegoM_Aula1_27b314,PUR_IED_DiegoM_Aula1_27b314,,,,,
2026-09-12T04:11:12-05:00,PUR_IED_DiegoM_Ext_d80ac8,PUR_IED_DiegoM_Ext_d80ac8,,,,,
2026-09-12T04:11:12-05:00,PUR_IED_DiegoM_S25_da928f,PUR_IED_DiegoM_S25_da928f,,,,,
2026-09-12T04:11:12-05:00,PUR_IED_ELRODEO_360881,PUR_IED_ELRODEO_360881,,,,,
2026-09-12T04:11:12-05:00,PUR_IED_ELRODEO_ext_360881,PUR_IED_ELRODEO_ext_360881,,,,,
2026-09-12T04:11:12-05:00,PUR_IED_EduardoU_Ext_1c1969,PUR_IED_EduardoU_Ext_1c1969,,,,,
2026-09-12T04:11:12-05:00,PUR_IED_EduardoU_SCiencia_4dfb94,PUR_IED_EduardoU_SCiencia_4dfb94,,,,,
2026-09-12T04:11:12-05:00,PUR_IED_EduardoU_SQuimica_5a46e7,PUR_IED_EduardoU_SQuimica_5a46e7,,,,,
2026-09-12T04:11:12-05:00,PUR_IED_ElRodeo_Aula14_676984,PUR_IED_ElRodeo_Aula14_676984,,,,,
2026-09-12T04:11:12-05:00,PUR_IED_ElRodeo_Aula16_2dd35b,PUR_IED_ElRodeo_Aula16_2dd35b,,,,,
2026-09-12T04:11:12-05:00,PUR_IED_ElRodeo_Ext_360881,PUR_IED_ElRodeo_Ext_360881,,,,,
2026-09-12T04:11:12-05:00,PUR_IED_ElRodeo_Exterior_8c6d28,PUR_IED_ElRodeo_Exterior_8c6d28,,,,,
2026-09-12T04:11:12-05:00,PUR_IED_ElRodeo_ext_360881,PUR_IED_ElRodeo_ext_360881,,,,,
2026-09-12T04:11:12-05:00,PUR_IED_EmmaReyes_Ext_987625,PUR_IED_EmmaReyes_Ext_987625,8,21,53,4.6367,-74.1511
2026-09-12T04:11:12-05:00,PUR_IED_Ensueño_Ext_7f0250,PUR_IED_Ensueño_Ext_7f0250,,,,,
2026-09-12T04:11:12-05:00,PUR_IED_EscNormal_Ext_5fef3b,PUR_IED_EscNormal_Ext_5fef3b,2,17,63,4.5852,-74.096901
2026-09-12T04:11:12-05:00,PUR_IED_EscNormal_S309_5b263,PUR_IED_EscNormal_S309_5b263,,,,,
2026-09-12T04:11:12-05:00,PUR_IED_EscNormal_S310_27b3b8,PUR_IED_EscNormal_S310_27b3b8,,,,,
2026-09-12T04:11:12-05:00,PUR_IED_Evangelista_Conta_f6cd4f,PUR_IED_Evangelista_Conta_f6cd4f,,,,,
2026-09-12T04:11:12-05:00,PUR_IED_Evangelista_Cri_5e16a,PUR_IED_Evangelista_Cri_5e16a,,,,,
2026-09-12T04:11:12-05:00,PUR_IED_Evangelista_Exter_754066,PUR_IED_Evangelista_Exter_754066,,,,,
2026-09-12T04:11:12-05:00,PUR_IED_FMiranda_S209_5cc2a3,PUR_IED_FMiranda_S209_5cc2a3,,,,,
2026-09-12T04:11:12-05:00,PUR_IED_FMiranda_S303_19e344,PUR_IED_FMiranda_S303_19e344,,,,,
2026-09-12T04:11:12-05:00,PUR_IED_FMiranda_ext_f53e7c,PUR_IED_FMiranda_ext_f53e7c,,,,,
2026-09-12T04:11:12-05:00,PUR_IED_FabioLozano_Bibli_1cee05,PUR_IED_FabioLozano_Bibli_1cee05,,,,,
2026-09-12T04:11:12-05:00,PUR_IED_FabioLozano_Ext_6ea285,PUR_IED_FabioLozano_Ext_6ea285,,,,,
2026-09-12T04:11:12-05:00,PUR_IED_FabioLozano_SLudi_f09e1e,PUR_IED_FabioLozano_SLudi_f09e1e,,,,,
2026-09-12T04:11:12-05:00,PUR_IED_FaustinoS_Aula07_27a731,PUR_IED_FaustinoS_Aula07_27a731,,,,,
2026-09-12T04:11:12-05:00,PUR_IED_FaustinoS_Ext_7b936f,PUR_IED_FaustinoS_Ext_7b936f,,,,,
2026-09-12T04:11:12-05:00,PUR_IED_FaustinoS_Fisica_da2c60,PUR_IED_FaustinoS_Fisica_da2c60,,,,,
2026-09-12T04:11:12-05:00,PUR_IED_FeGarciaLo_Ext_dc68ee,PUR_IED_FeGarciaLo_Ext_dc68ee,,,,,
2026-09-12T04:11:12-05:00,PUR_IED_FeGarciaLo_SDanza_f70a59,PUR_IED_FeGarciaLo_SDanza_f70a59,,,,,
2026-09-12T04:11:12-05:00,PUR_IED_FeGarciaLo_SMusic_125cdd,PUR_IED_FeGarciaLo_SMusic_125cdd,,,,,
2026-09-12T04:11:12-05:00,PUR_IED_FederalAlema_Exte_50c345,PUR_IED_FederalAlema_Exte_50c345,,,,,
2026-09-12T04:11:12-05:00,PUR_IED_FederalAlema_S31_f18371,PUR_IED_FederalAlema_S31_f18371,,,,,
2026-09-12T04:11:12-05:00,PUR_IED_FederalAlema_S901_a62cd,PUR_IED_FederalAlema_S901_a62cd,,,,,
2026-09-12T04:11:12-05:00,PUR_IED_FilarmonicaS_A5_f35eb1,PUR_IED_FilarmonicaS_A5_f35eb1,,,,,
2026-09-12T04:11:12-05:00,PUR_IED_FilarmonicaS_Ext_8a3bde,PUR_IED_FilarmonicaS_Ext_8a3bde,,,,,
2026-09-12T04:11:12-05:00,PUR_IED_FilarmonicaS_Spol_406114,PUR_IED_FilarmonicaS_Spol_406114,,,,,
2026-09-12T04:11:12-05:00,PUR_IED_FlorentinoG_A13_d1fa59,PUR_IED_FlorentinoG_A13_d1fa59,,,,,
2026-09-12T04:11:12-05:00,PUR_IED_FlorentinoG_Ext_1ce6ce,PUR_IED_FlorentinoG_Ext_1ce6ce,,,,,
2026-09-12T04:11:12-05:00,PUR_IED_FlorentinoG_Idiom_a66aac,PUR_IED_FlorentinoG_Idiom_a66aac,,,,,
2026-09-12T04:11:12-05:00,PUR_IED_FranciscoMati_Ext_e3869d,PUR_IED_FranciscoMati_Ext_e3869d,,,,,
2026-09-12T04:11:12-05:00,PUR_IED_FranciscoMati_S13_f31c67,PUR_IED_FranciscoMati_S13_f31c67,,,,,
2026-09-12T04:11:12-05:00,PUR_IED_FranciscoMati_S14_97dead,PUR_IED_FranciscoMati_S14_97dead,,,,,
2026-09-12T04:11:12-05:00,PUR_IED_FranciscoPS_Ext_7bfa9a,PUR_IED_FranciscoPS_Ext_7bfa9a,2,19,61,4.5899,-74.110397
2026-09-12T04:11:12-05:00,PUR_IED_FranciscoPS_Infor_fb8f4c,PUR_IED_FranciscoPS_Infor_fb8f4c,,,,,
2026-09-12T04:11:12-05:00,PUR_IED_FranciscoPS_Quimi_94d39c,PUR_IED_FranciscoPS_Quimi_94d39c,,,,,
2026-09-12T04:11:12-05:00,PUR_IED_FranciscoP_LabQ_d7e148,PUR_IED_FranciscoP_LabQ_d7e148,,,,,
2026-09-12T04:11:12-05:00,PUR_IED_FranciscoP_S28_cf9b30,PUR_IED_FranciscoP_S28_cf9b30,,,,,
2026-09-12T04:11:12-05:00,PUR_IED_FranciscoP_ext_e2313,PUR_IED_FranciscoP_ext_e2313,,,,,
2026-09-12T04:11:12-05:00,PUR_IED_FriederichN_Ext_8ac92a,PUR_IED_FriederichN_Ext_8ac92a,,,,,
2026-09-12T04:11:12-05:00,PUR_IED_FriederichN_S301_dd7e5a,PUR_IED_FriederichN_S301_dd7e5a,,,,,
2026-09-12T04:11:12-05:00,PUR_IED_FriederichN_S308_761f4f,PUR_IED_FriederichN_S308_761f4f,,,,,
2026-09-12T04:11:12-05:00,PUR_IED_GSantander_Aula10_533dd7,PUR_IED_GSantander_Aula10_533dd7,,,,,
2026-09-12T04:11:12-05:00,PUR_IED_GSantander_Aula12_fd4e4f,PUR_IED_GSantander_Aula12_fd4e4f,,,,,
2026-09-12T04:11:12-05:00,PUR_IED_GSantander_Aula310_533dd7,PUR_IED_GSantander_Aula310_533dd7,,,,,
2026-09-12T04:11:12-05:00,PUR_IED_GSantander_Aula312_fd4e4f,PUR_IED_GSantander_Aula312_fd4e4f,,,,,
2026-09-12T04:11:12-05:00,PUR_IED_GSantander_Ext_5f66b0,PUR_IED_GSantander_Ext_5f66b0,,,,,
2026-09-12T04:11:12-05:00,PUR_IED_GYomasa_Ext_f6bea5,PUR_IED_GYomasa_Ext_f6bea5,,,,,
2026-09-12T04:11:12-05:00,PUR_IED_GYomasa_LBiol_2c41aa,PUR_IED_GYomasa_LBiol_2c41aa,,,,,
2026-09-12T04:11:12-05:00,PUR_IED_GYomasa_LQuim_33c80,PUR_IED_GYomasa_LQuim_33c80,,,,,
2026-09-12T04:11:12-05:00,PUR_IED_GabBetMejia_Cienc_5a99c,PUR_IED_GabBetMejia_Cienc_5a99c,,,,,
2026-09-12T04:11:12-05:00,PUR_IED_GabBetMejia_Ext_9153d0,PUR_IED_GabBetMejia_Ext_9153d0,,,,,
2026-09-12T04:11:12-05:00,PUR_IED_GabBetMejia_Lab_f55347,PUR_IED_GabBetMejia_Lab_f55347,,,,,
2026-09-12T04:11:12-05:00,PUR_IED_GabBetanMejia_Ext_9153d0,PUR_IED_GabBetanMejia_Ext_9153d0,,,,,
2026-09-12T04:11:12-05:00,PUR_IED_Gaitana_Aula13_7aac11,PUR_IED_Gaitana_Aula13_7aac11,,,,,
2026-09-12T04:11:12-05:00,PUR_IED_Gaitana_Ext_5fcf4,PUR_IED_Gaitana_Ext_5fcf4,,,,,
2026-09-12T04:11:12-05:00,PUR_IED_Gaitana_LabFisica_644448,PUR_IED_Gaitana_LabFisica_644448,,,,,
2026-09-12T04:11:12-05:00,PUR_IED_GenSantander_Dise_8ac858,PUR_IED_GenSantander_Dise_8ac858,,,,,
2026-09-12T04:11:12-05:00,PUR_IED_GenSantander_Ext_8d5dfe,PUR_IED_GenSantander_Ext_8d5dfe,,,,,
2026-09-12T04:11:12-05:00,PUR_IED_GenSantander_Info_6c25b,PUR_IED_GenSantander_Info_6c25b,,,,,
2026-09-12T04:11:12-05:00,PUR_IED_GustavoMo_Exterio_75e63d,PUR_IED_GustavoMo_Exterio_75e63d,,,,,
2026-09-12T04:11:12-05:00,PUR_IED_GustavoMo_LabFisi_224d37,PUR_IED_GustavoMo_LabFisi_224d37,,,,,
2026-09-12T04:11:12-05:00,PUR_IED_GustavoMo_S208_3e6918,PUR_IED_GustavoMo_S208_3e6918,,,,,
2026-09-12T04:11:12-05:00,PUR_IED_GustavoR_A02_8cd4a8,PUR_IED_GustavoR_A02_8cd4a8,,,,,
2026-09-12T04:11:12-05:00,PUR_IED_GustavoR_B11_5b0ed,PUR_IED_GustavoR_B11_5b0ed,,,,,
2026-09-12T04:11:12-05:00,PUR_IED_GustavoR_Ext_7a0c90,PUR_IED_GustavoR_Ext_7a0c90,,,,,
2026-09-12T04:11:12-05:00,PUR_IED_HernandoDuran_Ext_8cd82b,PUR_IED_HernandoDuran_Ext_8cd82b,,,,,
2026-09-12T04:11:12-05:00,PUR_IED_HernandoDuran_S24_2772c6,PUR_IED_HernandoDuran_S24_2772c6,,,,,
2026-09-12T04:11:12-05:00,PUR_IED_HernandoDuran_S30_f2de41,PUR_IED_HernandoDuran_S30_f2de41,,,,,
2026-09-12T04:11:12-05:00,PUR_IED_HolguInUr_S1101_8cd732,PUR_IED_HolguInUr_S1101_8cd732,,,,,
2026-09-12T04:11:12-05:00,PUR_IED_HolguinUr_Exter_ddae6d,PUR_IED_HolguinUr_Exter_ddae6d,,,,,
2026-09-12T04:11:12-05:00,PUR_IED_HolguinUr_LabQuim_92b952,PUR_IED_HolguinUr_LabQuim_92b952,,,,,
2026-09-12T04:11:12-05:00,PUR_IED_Isabel-II_Ext_5245cc,PUR_IED_Isabel-II_Ext_5245cc,14,18,61,4.6336,-74.153
2026-09-12T04:11:12-05:00,PUR_IED_Isabel-II_S_idiom_1c29aa,PUR_IED_Isabel-II_S_idiom_1c29aa,,,,,
2026-09-12T04:11:12-05:00,PUR_IED_Isabel-II_S_infor_fd741,PUR_IED_Isabel-II_S_infor_fd741,,,,,
2026-09-12T04:11:12-05:00,PUR_IED_IsidroSur_Exterio_5b90ea,PUR_IED_IsidroSur_Exterio_5b90ea,,,,,
2026-09-12T04:11:12-05:00,PUR_IED_IsidroSur_LabTec_56697a,PUR_IED_IsidroSur_LabTec_56697a,,,,,
2026-09-12T04:11:12-05:00,PUR_IED_IsidroSur_Robotic_b7c38f,PUR_IED_IsidroSur_Robotic_b7c38f,,,,,
2026-09-12T04:11:12-05:00,PUR_IED_IsmaelPerd_Ext_7b6672,PUR_IED_IsmaelPerd_Ext_7b6672,,,,,
2026-09-12T04:11:12-05:00,PUR_IED_IsmaelPerd_Inform_306540,PUR_IED_IsmaelPerd_Inform_306540,,,,,
2026-09-12T04:11:12-05:00,PUR_IED_IsmaelPerd_S30_2e2c83,PUR_IED_IsmaelPerd_S30_2e2c83,,,,,
2026-09-12T04:11:12-05:00,PUR_IED_JLozano_Exter_432910,PUR_IED_JLozano_Exter_432910,,,,,
2026-09-12T04:11:12-05:00,PUR_IED_JLozano_salaMulti_df5125,PUR_IED_JLozano_salaMulti_df5125,,,,,
2026-09-12T04:11:12-05:00,PUR_IED_JMCordoba_206_86f80b,PUR_IED_JMCordoba_206_86f80b,,,,,
2026-09-12T04:11:12-05:00,PUR_IED_JMCordoba_Ext_27ad97,PUR_IED_JMCordoba_Ext_27ad97,,,,,
2026-09-12T04:11:12-05:00,PUR_IED_JMCordoba_S310_d59ab4,PUR_IED_JMCordoba_S310_d59ab4,,,,,
2026-09-12T04:11:12-05:00,PUR_IED_Japon_Ext_549100,PUR_IED_Japon_Ext_549100,,,,,
2026-09-12T04:11:12-05:00,PUR_IED_Japon_Laboratorio_bec51d,PUR_IED_Japon_Laboratorio_bec51d,,,,,
2026-09-12T04:11:12-05:00,PUR_IED_Japon_informatica_d99327,PUR_IED_Japon_informatica_d99327,,,,,
2026-09-12T04:11:12-05:00,PUR_IED_Jazmin_Ext_d27bda,PUR_IED_Jazmin_Ext_d27bda,,,,,
2026-09-12T04:11:12-05:00,PUR_IED_Jazmin_Fisica_8d14d7,PUR_IED_Jazmin_Fisica_8d14d7,,,,,
2026-09-12T04:11:12-05:00,PUR_IED_Jazmin_Quimica_801cb5,PUR_IED_Jazmin_Quimica_801cb5,,,,,
2026-09-12T04:11:12-05:00,PUR_IED_JorgeGaitan_Exter_f098d1,PUR_IED_JorgeGaitan_Exter_f098d1,,,,,
2026-09-12T04:11:12-05:00,PUR_IED_JorgeGaitan_STec1_dc9d1d,PUR_IED_JorgeGaitan_STec1_dc9d1d,,,,,
2026-09-12T04:11:12-05:00,PUR_IED_JorgeGaitan_STec2_281e69,PUR_IED_JorgeGaitan_STec2_281e69,,,,,
2026-09-12T04:11:12-05:00,PUR_IED_JorgeSoto_Exterio_d9d0a2,PUR_IED_JorgeSoto_Exterio_d9d0a2,,,,,
2026-09-12T04:11:12-05:00,PUR_IED_JorgeSoto_LabFisi_209c54,PUR_IED_JorgeSoto_LabFisi_209c54,,,,,
2026-09-12T04:11:12-05:00,PUR_IED_JorgeSoto_S103_27b51a,PUR_IED_JorgeSoto_S103_27b51a,,,,,
2026-09-12T04:11:12-05:00,PUR_IED_JoseAcevedo_A02_e965eb,PUR_IED_JoseAcevedo_A02_e965eb,,,,,
2026-09-12T04:11:12-05:00,PUR_IED_JoseAcevedo_A07_dd5b4,PUR_IED_JoseAcevedo_A07_dd5b4,,,,,
2026-09-12T04:11:12-05:00,PUR_IED_JoseAcevedo_Ext_b47484,PUR_IED_JoseAcevedo_Ext_b47484,,,,,
2026-09-12T04:11:12-05:00,PUR_IED_JoseMarti_Exte_5b9bf,PUR_IED_JoseMarti_Exte_5b9bf,,,,,
2026-09-12T04:11:12-05:00,PUR_IED_JoseMarti_LabQuim_1c6c2d,PUR_IED_JoseMarti_LabQuim_1c6c2d,,,,,
2026-09-12T04:11:12-05:00,PUR_IED_JoseMarti_S_info_f5f177,PUR_IED_JoseMarti_S_info_f5f177,,,,,
2026-09-12T04:11:12-05:00,PUR_IED_Josejoaquin_Ext_dfc5dc,PUR_IED_Josejoaquin_Ext_dfc5dc,,,,,
2026-09-12T04:11:12-05:00,PUR_IED_Josejoaquin_S05_5b2a96,PUR_IED_Josejoaquin_S05_5b2a96,,,,,
2026-09-12T04:11:12-05:00,PUR_IED_Josejoaquin_S06_1ce7d2,PUR_IED_Josejoaquin_S06_1ce7d2,,,,,
2026-09-12T04:11:12-05:00,PUR_IED_JulioFlorez_Danza_9b82dd,PUR_IED_JulioFlorez_Danza_9b82dd,,,,,
2026-09-12T04:11:12-05:00,PUR_IED_JulioFlorez_Exter_f9f314,PUR_IED_JulioFlorez_Exter_f9f314,,,,,
2026-09-12T04:11:12-05:00,PUR_IED_JulioFlorez_info2_6b6e08,PUR_IED_JulioFlorez_info2_6b6e08,,,,,
2026-09-12T04:11:12-05:00,PUR_IED_LaBelleza_Aula13_1d00d8,PUR_IED_LaBelleza_Aula13_1d00d8,,,,,
2026-09-12T04:11:12-05:00,PUR_IED_LaBelleza_Ext_7bc08c,PUR_IED_LaBelleza_Ext_7bc08c,,,,,
2026-09-12T04:11:12-05:00,PUR_IED_LaChucua_Ext_8cd6d2,PUR_IED_LaChucua_Ext_8cd6d2,,,,,
2026-09-12T04:11:12-05:00,PUR_IED_LaChucua_S15_f578ce,PUR_IED_LaChucua_S15_f578ce,,,,,
2026-09-12T04:11:12-05:00,PUR_IED_LaChucua_S16_eebcf9,PUR_IED_LaChucua_S16_eebcf9,,,,,
2026-09-12T04:11:12-05:00,PUR_IED_LaFelicidad_Ext_fb5109,PUR_IED_LaFelicidad_Ext_fb5109,,,,,
2026-09-12T04:11:12-05:00,PUR_IED_LaMerced_206_66ebd,PUR_IED_LaMerced_206_66ebd,,,,,
2026-09-12T04:11:12-05:00,PUR_IED_LaMerced_207_6ebd6,PUR_IED_LaMerced_207_6ebd6,,,,,
2026-09-12T04:11:12-05:00,PUR_IED_LaMerced_ext_304311,PUR_IED_LaMerced_ext_304311,,,,,
2026-09-12T04:11:12-05:00,PUR_IED_Laureano_CiencNat_281e5e,PUR_IED_Laureano_CiencNat_281e5e,,,,,
2026-09-12T04:11:12-05:00,PUR_IED_Laureano_Comedor_f65c0a,PUR_IED_Laureano_Comedor_f65c0a,,,,,
2026-09-12T04:11:12-05:00,PUR_IED_Laureano_Exterior_7ab011,PUR_IED_Laureano_Exterior_7ab011,,,,,
2026-09-12T04:11:12-05:00,PUR_IED_LeonGreiff_Exte_dfe560,PUR_IED_LeonGreiff_Exte_dfe560,,,,,
2026-09-12T04:11:12-05:00,PUR_IED_LeonGreiff_S210_f264ed,PUR_IED_LeonGreiff_S210_f264ed,,,,,
2026-09-12T04:11:12-05:00,PUR_IED_LeonGreiff_SQuimi_e8296f,PUR_IED_LeonGreiff_SQuimi_e8296f,,,,,
2026-09-12T04:11:12-05:00,PUR_IED_LlanoOrientalS208_7b9fcd,PUR_IED_LlanoOrientalS208_7b9fcd,,,,,
2026-09-12T04:11:12-05:00,PUR_IED_LlanoOriental_Ext_fb3766,PUR_IED_LlanoOriental_Ext_fb3766,,,,,
2026-09-12T04:11:12-05:00,PUR_IED_LlanoOriental_S208_7b9fcd,PUR_IED_LlanoOriental_S208_7b9fcd,,,,,
2026-09-12T04:11:12-05:00,PUR_IED_LlanoOriental_S9_27b378,PUR_IED_LlanoOriental_S9_27b378,,,,,
2026-09-12T04:11:12-05:00,PUR_IED_LosTejares_1101_477602,PUR_IED_LosTejares_1101_477602,,,,,
2026-09-12T04:11:12-05:00,PUR_IED_LosTejares_11_d2c595,PUR_IED_LosTejares_11_d2c595,,,,,
2026-09-12T04:11:12-05:00,PUR_IED_LosTejares_12_477602,PUR_IED_LosTejares_12_477602,,,,,
2026-09-12T04:11:12-05:00,PUR_IED_LosTejares_Ext_8e2115,PUR_IED_LosTejares_Ext_8e2115,,,,,
2026-09-12T04:11:12-05:00,PUR_IED_MagdalenaO_B202_5ddda3,PUR_IED_MagdalenaO_B202_5ddda3,,,,,
2026-09-12T04:11:12-05:00,PUR_IED_MagdalenaO_B205_fb76e8,PUR_IED_MagdalenaO_B205_fb76e8,,,,,
2026-09-12T04:11:12-05:00,PUR_IED_MagdalenaO_ext_dc69cd,PUR_IED_MagdalenaO_ext_dc69cd,,,,,
2026-09-12T04:11:12-05:00,PUR_IED_ManueCepeda_artes_eee956,PUR_IED_ManueCepeda_artes_eee956,,,,,
2026-09-12T04:11:12-05:00,PUR_IED_ManuelCepeda_Ext_58313,PUR_IED_ManuelCepeda_Ext_58313,,,,,
2026-09-12T04:11:12-05:00,PUR_IED_ManuelCepeda_tec_1c5731,PUR_IED_ManuelCepeda_tec_1c5731,,,,,
2026-09-12T04:11:12-05:00,PUR_IED_ManuelS_Exterior_5b269,PUR_IED_ManuelS_Exterior_5b269,,,,,
2026-09-12T04:11:12-05:00,PUR_IED_ManuelS_Inform_f369ce,PUR_IED_ManuelS_Inform_f369ce,,,,,
2026-09-12T04:11:12-05:00,PUR_IED_ManuelS_SArtes_7d15f1,PUR_IED_ManuelS_SArtes_7d15f1,,,,,
2026-09-12T04:11:12-05:00,PUR_IED_ManuelZapata_303_3ca6,PUR_IED_ManuelZapata_303_3ca6,,,,,
2026-09-12T04:11:12-05:00,PUR_IED_ManuelZapata_311_bfbabc,PUR_IED_ManuelZapata_311_bfbabc,,,,,
2026-09-12T04:11:12-05:00,PUR_IED_ManuelZapata_Ext_50824a,PUR_IED_ManuelZapata_Ext_50824a,,,,,
2026-09-12T04:11:12-05:00,PUR_IED_ManuelitaS_Exteri_656a92,PUR_IED_ManuelitaS_Exteri_656a92,,,,,
2026-09-12T04:11:12-05:00,PUR_IED_ManuelitaS_JuzgDe_f58ec3,PUR_IED_ManuelitaS_JuzgDe_f58ec3,,,,,
2026-09-12T04:11:12-05:00,PUR_IED_ManuelitaS_Recrea_d793db,PUR_IED_ManuelitaS_Recrea_d793db,,,,,
2026-09-12T04:11:12-05:00,PUR_IED_MarFidSuarez_Ext_c27b19,PUR_IED_MarFidSuarez_Ext_c27b19,,,,,
2026-09-12T04:11:12-05:00,PUR_IED_MarFidSuarez_Info_e384d7,PUR_IED_MarFidSuarez_Info_e384d7,,,,,
2026-09-12T04:11:12-05:00,PUR_IED_MarFidSuarez_S306_1d0032,PUR_IED_MarFidSuarez_S306_1d0032,,,,,
2026-09-12T04:11:12-05:00,PUR_IED_Menorah_301_2a25a3,PUR_IED_Menorah_301_2a25a3,,,,,
2026-09-12T04:11:12-05:00,PUR_IED_Menorah_306_37ed3,PUR_IED_Menorah_306_37ed3,,,,,
2026-09-12T04:11:12-05:00,PUR_IED_Menorah_Ext_3e155b,PUR_IED_Menorah_Ext_3e155b,,,,,
2026-09-12T04:11:12-05:00,PUR_IED_MinutoB.Aires_A11_1b1604,PUR_IED_MinutoB.Aires_A11_1b1604,,,,,
2026-09-12T04:11:12-05:00,PUR_IED_MinutoB.Aires_A12_fb5860,PUR_IED_MinutoB.Aires_A12_fb5860,,,,,
2026-09-12T04:11:12-05:00,PUR_IED_MinutoB.Aires_Ext_81293f,PUR_IED_MinutoB.Aires_Ext_81293f,,,,,
2026-09-12T04:11:12-05:00,PUR_IED_MinutoBAires_A11_1b1604,PUR_IED_MinutoBAires_A11_1b1604,,,,,
2026-09-12T04:11:12-05:00,PUR_IED_MinutoBAires_A12_fb5860,PUR_IED_MinutoBAires_A12_fb5860,,,,,
2026-09-12T04:11:12-05:00,PUR_IED_MinutoBAires_Ext_81293f,PUR_IED_MinutoBAires_Ext_81293f,,,,,
2026-09-12T04:11:12-05:00,PUR_IED_Montreal_Aula10_1e4959,PUR_IED_Montreal_Aula10_1e4959,,,,,
2026-09-12T04:11:12-05:00,PUR_IED_Montreal_Aula6_300367,PUR_IED_Montreal_Aula6_300367,,,,,
2026-09-12T04:11:12-05:00,PUR_IED_Montreal_Exterior_91a179,PUR_IED_Montreal_Exterior_91a179,,,,,
2026-09-12T04:11:12-05:00,PUR_IED_Mqgdalena_B202_5ddda3,PUR_IED_Mqgdalena_B202_5ddda3,,,,,
2026-09-12T04:11:12-05:00,PUR_IED_NACUND_Soc_dc8728,PUR_IED_NACUND_Soc_dc8728,,,,,
2026-09-12T04:11:12-05:00,PUR_IED_NACUND_ext_27ad97,PUR_IED_NACUND_ext_27ad97,,,,,
2026-09-12T04:11:12-05:00,PUR_IED_NEsperanza_Ext_d24b61,PUR_IED_NEsperanza_Ext_d24b61,,,,,
2026-09-12T04:11:12-05:00,PUR_IED_NEsperanza_SElect_7d1807,PUR_IED_NEsperanza_SElect_7d1807,,,,,
2026-09-12T04:11:12-05:00,PUR_IED_NEsperanza_SLabor_8b2d0a,PUR_IED_NEsperanza_SLabor_8b2d0a,,,,,
2026-09-12T04:11:12-05:00,PUR_IED_NacionesU_Ext_f661a9,PUR_IED_NacionesU_Ext_f661a9,,,,,
2026-09-12T04:11:12-05:00,PUR_IED_NacionesU_Quimica_66f0a,PUR_IED_NacionesU_Quimica_66f0a,,,,,
2026-09-12T04:11:12-05:00,PUR_IED_NacionesU_S306_1b4b3d,PUR_IED_NacionesU_S306_1b4b3d,,,,,
2026-09-12T04:11:12-05:00,PUR_IED_NestorFA_Ext_e4201c,PUR_IED_NestorFA_Ext_e4201c,,,,,
2026-09-12T04:11:12-05:00,PUR_IED_NestorFA_Laborato_f22fe0,PUR_IED_NestorFA_Laborato_f22fe0,,,,,
2026-09-12T04:11:12-05:00,PUR_IED_NestorFA_S204_dee996,PUR_IED_NestorFA_S204_dee996,,,,,
2026-09-12T04:11:12-05:00,PUR_IED_NidyaQT_Aula03_76999b,PUR_IED_NidyaQT_Aula03_76999b,,,,,
2026-09-12T04:11:12-05:00,PUR_IED_NidyaQT_Aula10_56325,PUR_IED_NidyaQT_Aula10_56325,,,,,
2026-09-12T04:11:12-05:00,PUR_IED_NidyaQT_Ext_46e32d,PUR_IED_NidyaQT_Ext_46e32d,,,,,
2026-09-12T04:11:12-05:00,PUR_IED_NuevaCol_Exterior_d9b859,PUR_IED_NuevaCol_Exterior_d9b859,,,,,
2026-09-12T04:11:12-05:00,PUR_IED_NuevaCol_S1101_76c43b,PUR_IED_NuevaCol_S1101_76c43b,,,,,
2026-09-12T04:11:12-05:00,PUR_IED_NuevaCol_S1102_1ce0b5,PUR_IED_NuevaCol_S1102_1ce0b5,,,,,
2026-09-12T04:11:12-05:00,PUR_IED_OEA_A202_f7e3f2,PUR_IED_OEA_A202_f7e3f2,,,,,
2026-09-12T04:11:12-05:00,PUR_IED_OEA_A203_7d1b8d,PUR_IED_OEA_A203_7d1b8d,,,,,
2026-09-12T04:11:12-05:00,PUR_IED_OEA_Ext_27b593,PUR_IED_OEA_Ext_27b593,,,,,
2026-09-12T04:11:12-05:00,PUR_IED_Ochoa_Ext_1c29da,PUR_IED_Ochoa_Ext_1c29da,,,,,
2026-09-12T04:11:12-05:00,PUR_IED_Ochoa_S205_8b1121,PUR_IED_Ochoa_S205_8b1121,,,,,
2026-09-12T04:11:12-05:00,PUR_IED_Ochoa_Sistemas_f33af6,PUR_IED_Ochoa_Sistemas_f33af6,,,,,
2026-09-12T04:11:12-05:00,PUR_IED_PQuebec_Ext_1c67c7,PUR_IED_PQuebec_Ext_1c67c7,,,,,
2026-09-12T04:11:12-05:00,PUR_IED_PQuebec_S15_23e8e2,PUR_IED_PQuebec_S15_23e8e2,,,,,
2026-09-12T04:11:12-05:00,PUR_IED_PQuebec_S16_8ec76b,PUR_IED_PQuebec_S16_8ec76b,,,,,
2026-09-12T04:11:12-05:00,PUR_IED_PabloN_Ext_49dc96,PUR_IED_PabloN_Ext_49dc96,,,,,
2026-09-12T04:11:12-05:00,PUR_IED_PabloN_S1102_4e3df5,PUR_IED_PabloN_S1102_4e3df5,,,,,
2026-09-12T04:11:12-05:00,PUR_IED_PabloN_S1103_50c94b,PUR_IED_PabloN_S1103_50c94b,,,,,
2026-09-12T04:11:12-05:00,PUR_IED_Palestina_S1101_db9198,PUR_IED_Palestina_S1101_db9198,,,,,
2026-09-12T04:11:12-05:00,PUR_IED_Palestina_S1102_dc54fa,PUR_IED_Palestina_S1102_dc54fa,,,,,
2026-09-12T04:11:12-05:00,PUR_IED_Palestina_ext_4ccce6,PUR_IED_Palestina_ext_4ccce6,,,,,
2026-09-12T04:11:12-05:00,PUR_IED_Panama_Fisica_4d0794,PUR_IED_Panama_Fisica_4d0794,,,,,
2026-09-12T04:11:12-05:00,PUR_IED_Panama_SIngles_a4077e,PUR_IED_Panama_SIngles_a4077e,,,,,
2026-09-12T04:11:12-05:00,PUR_IED_Panama_ext_4c54b4,PUR_IED_Panama_ext_4c54b4,,,,,
2026-09-12T04:11:12-05:00,PUR_IED_ParaisoM_Exterior_8cd7f0,PUR_IED_ParaisoM_Exterior_8cd7f0,,,,,
2026-09-12T04:11:12-05:00,PUR_IED_ParaisoM_Laborato_27af35,PUR_IED_ParaisoM_Laborato_27af35,,,,,
2026-09-12T04:11:12-05:00,PUR_IED_ParaisoM_S304_d1edca,PUR_IED_ParaisoM_S304_d1edca,,,,,
2026-09-12T04:11:12-05:00,PUR_IED_PorfirioBarba_Ext_301466,PUR_IED_PorfirioBarba_Ext_301466,,,,,
2026-09-12T04:11:12-05:00,PUR_IED_PorfirioBarba_S11_df6cd2,PUR_IED_PorfirioBarba_S11_df6cd2,,,,,
2026-09-12T04:11:12-05:00,PUR_IED_PorfirioBarba_S29_27a7d6,PUR_IED_PorfirioBarba_S29_27a7d6,,,,,
2026-09-12T04:11:12-05:00,PUR_IED_PradoV_Exter_8b27ad,PUR_IED_PradoV_Exter_8b27ad,,,,,
2026-09-12T04:11:12-05:00,PUR_IED_PradoV_S301_de65b5,PUR_IED_PradoV_S301_de65b5,,,,,
2026-09-12T04:11:12-05:00,PUR_IED_PradoV_S302_7d2593,PUR_IED_PradoV_S302_7d2593,,,,,
2026-09-12T04:11:12-05:00,PUR_IED_QuirogaAlz_Ext_1ddc82,PUR_IED_QuirogaAlz_Ext_1ddc82,,,,,
2026-09-12T04:11:12-05:00,PUR_IED_QuirogaAlz_S302_9926a3,PUR_IED_QuirogaAlz_S302_9926a3,,,,,
2026-09-12T04:11:12-05:00,PUR_IED_QuirogaAlz_S305_cdf1f1,PUR_IED_QuirogaAlz_S305_cdf1f1,,,,,
2026-09-12T04:11:12-05:00,PUR_IED_RGuatemala_Biling_dc53b7,PUR_IED_RGuatemala_Biling_dc53b7,,,,,
2026-09-12T04:11:12-05:00,PUR_IED_RGuatemala_Ext_1b89a3,PUR_IED_RGuatemala_Ext_1b89a3,,,,,
2026-09-12T04:11:12-05:00,PUR_IED_RGuatemala_Tecnol_281a34,PUR_IED_RGuatemala_Tecnol_281a34,,,,,
2026-09-12T04:11:12-05:00,PUR_IED_RafaNu_Ext_f7c302,PUR_IED_RafaNu_Ext_f7c302,,,,,
2026-09-12T04:11:12-05:00,PUR_IED_RafaNu_S1101_25fde,PUR_IED_RafaNu_S1101_25fde,,,,,
2026-09-12T04:11:12-05:00,PUR_IED_RafaNu_S1102_281517,PUR_IED_RafaNu_S1102_281517,,,,,
2026-09-12T04:11:12-05:00,PUR_IED_RafaelB_S305_ee2783,PUR_IED_RafaelB_S305_ee2783,,,,,
2026-09-12T04:11:12-05:00,PUR_IED_RafaelB_S306_75fe33,PUR_IED_RafaelB_S306_75fe33,,,,,
2026-09-12T04:11:12-05:00,PUR_IED_RafaelB_ext_283336,PUR_IED_RafaelB_ext_283336,3,17,62,4.6722,-74.0737
2026-09-12T04:11:12-05:00,PUR_IED_RafaelUU_Exterior_281a51,PUR_IED_RafaelUU_Exterior_281a51,,,,,
2026-09-12T04:11:12-05:00,PUR_IED_RafaelUU_Human_806b2,PUR_IED_RafaelUU_Human_806b2,,,,,
2026-09-12T04:11:12-05:00,PUR_IED_RafaelUU_Mate2_5680d4,PUR_IED_RafaelUU_Mate2_5680d4,,,,,
2026-09-12T04:11:12-05:00,PUR_IED_RamonSub_Ext_f9eeb9,PUR_IED_RamonSub_Ext_f9eeb9,,,,,
2026-09-12T04:11:12-05:00,PUR_IED_RamonSub_Media_d1f62f,PUR_IED_RamonSub_Media_d1f62f,,,,,
2026-09-12T04:11:12-05:00,PUR_IED_RamonSub_planta_51b82,PUR_IED_RamonSub_planta_51b82,,,,,
2026-09-12T04:11:12-05:00,PUR_IED_RepBoliVene_Exter_27af7c,PUR_IED_RepBoliVene_Exter_27af7c,,,,,
2026-09-12T04:11:12-05:00,PUR_IED_RepBoliVene_SCPT_5ae2ee,PUR_IED_RepBoliVene_SCPT_5ae2ee,,,,,
2026-09-12T04:11:12-05:00,PUR_IED_RepBoliVene_Socia_4b11d5,PUR_IED_RepBoliVene_Socia_4b11d5,,,,,
2026-09-12T04:11:12-05:00,PUR_IED_RepChina_Ext_76d9ee,PUR_IED_RepChina_Ext_76d9ee,,,,,
2026-09-12T04:11:12-05:00,PUR_IED_RepChina_S404_7c804c,PUR_IED_RepChina_S404_7c804c,,,,,
2026-09-12T04:11:12-05:00,PUR_IED_RepChina_S405_df2c33,PUR_IED_RepChina_S405_df2c33,,,,,
2026-09-12T04:11:12-05:00,PUR_IED_RepublicaC_Exteri_7d1ec9,PUR_IED_RepublicaC_Exteri_7d1ec9,,,,,
2026-09-12T04:11:12-05:00,PUR_IED_RepublicaC_S1101_f544b3,PUR_IED_RepublicaC_S1101_f544b3,,,,,
2026-09-12T04:11:12-05:00,PUR_IED_RepublicaC_S1102_7aafc7,PUR_IED_RepublicaC_S1102_7aafc7,,,,,
2026-09-12T04:11:12-05:00,PUR_IED_Ricaurte_Externo_a0ea1,PUR_IED_Ricaurte_Externo_a0ea1,,,,,
2026-09-12T04:11:12-05:00,PUR_IED_Ricaurte_S210_f546fd,PUR_IED_Ricaurte_S210_f546fd,,,,,
2026-09-12T04:11:12-05:00,PUR_IED_Ricaurte_S309_d4452,PUR_IED_Ricaurte_S309_d4452,,,,,
2026-09-12T04:11:12-05:00,PUR_IED_RogelioS_1102_531e69,PUR_IED_RogelioS_1102_531e69,,,,,
2026-09-12T04:11:12-05:00,PUR_IED_RogelioS_Ext_f25a18,PUR_IED_RogelioS_Ext_f25a18,,,,,
2026-09-12T04:11:12-05:00,PUR_IED_SBernardino_Ext_27aff8,PUR_IED_SBernardino_Ext_27aff8,,,,,
2026-09-12T04:11:12-05:00,PUR_IED_SBernardino_SArte_2ffd33,PUR_IED_SBernardino_SArte_2ffd33,,,,,
2026-09-12T04:11:12-05:00,PUR_IED_SBernardino_SIngl_7c7da5,PUR_IED_SBernardino_SIngl_7c7da5,,,,,
2026-09-12T04:11:12-05:00,PUR_IED_Sago_auditorio_dc9d1d,PUR_IED_Sago_auditorio_dc9d1d,,,,,
2026-09-12T04:11:12-05:00,PUR_IED_Saludcoop_Ext_95aac3,PUR_IED_Saludcoop_Ext_95aac3,,,,,
2026-09-12T04:11:12-05:00,PUR_IED_Saludcoop_InfI_90c854,PUR_IED_Saludcoop_InfI_90c854,,,,,
2026-09-12T04:11:12-05:00,PUR_IED_Saludcoop_SMedia_1b93be,PUR_IED_Saludcoop_SMedia_1b93be,,,,,
2026-09-12T04:11:12-05:00,PUR_IED_SanCarlos_1101_1a2360,PUR_IED_SanCarlos_1101_1a2360,,,,,
2026-09-12T04:11:12-05:00,PUR_IED_SanCarlos_1103_7bafb5,PUR_IED_SanCarlos_1103_7bafb5,,,,,
2026-09-12T04:11:12-05:00,PUR_IED_SanCarlos_Ext_b7cd1,PUR_IED_SanCarlos_Ext_b7cd1,,,,,
2026-09-12T04:11:12-05:00,PUR_IED_SanIgnacioBosa11a_50c26e,PUR_IED_SanIgnacioBosa11a_50c26e,,,,,
2026-09-12T04:11:12-05:00,PUR_IED_SanIgnacioBosa11b_371de8,PUR_IED_SanIgnacioBosa11b_371de8,,,,,
2026-09-12T04:11:12-05:00,PUR_IED_SanIgnacioBosaExt_ef0ffc,PUR_IED_SanIgnacioBosaExt_ef0ffc,,,,,
2026-09-12T04:11:12-05:00,PUR_IED_SanIgnacioBosa_11a_50c26e,PUR_IED_SanIgnacioBosa_11a_50c26e,,,,,
2026-09-12T04:11:12-05:00,PUR_IED_SanIgnacioBosa_Ext_ef0ffc,PUR_IED_SanIgnacioBosa_Ext_ef0ffc,,,,,
2026-09-12T04:11:12-05:00,PUR_IED_SanJoseN_intS1101_31c47f,PUR_IED_SanJoseN_intS1101_31c47f,,,,,
2026-09-12T04:11:12-05:00,PUR_IED_SanJoseUsm_Exter_f5d7e8,PUR_IED_SanJoseUsm_Exter_f5d7e8,,,,,
2026-09-12T04:11:12-05:00,PUR_IED_SanJoseUsm_Int11A_cfdef6,PUR_IED_SanJoseUsm_Int11A_cfdef6,,,,,
2026-09-12T04:11:12-05:00,PUR_IED_SilveriaR_IntB5_905349,PUR_IED_SilveriaR_IntB5_905349,,,,,
2026-09-12T04:11:12-05:00,PUR_IED_SilveriaR_IntSD14_981f93,PUR_IED_SilveriaR_IntSD14_981f93,,,,,
2026-09-12T04:11:12-05:00,PUR_IED_SilveriaR_ext_2b651d,PUR_IED_SilveriaR_ext_2b651d,,,,,
2026-09-12T04:11:12-05:00,PUR_IED_SimonB_Exterior_913975,PUR_IED_SimonB_Exterior_913975,,,,,
2026-09-12T04:11:12-05:00,PUR_IED_SimonB_LabQuimi_c56908,PUR_IED_SimonB_LabQuimi_c56908,,,,,
2026-09-12T04:11:12-05:00,PUR_IED_SimonB_informatic_a28c1,PUR_IED_SimonB_informatic_a28c1,,,,,
2026-09-12T04:11:12-05:00,PUR_IED_Sorrento_1102_315f50,PUR_IED_Sorrento_1102_315f50,,,,,
2026-09-12T04:11:12-05:00,PUR_IED_Sorrento_Minte_214eab,PUR_IED_Sorrento_Minte_214eab,,,,,
2026-09-12T04:11:12-05:00,PUR_IED_Sorrento_ext_7c3a0a,PUR_IED_Sorrento_ext_7c3a0a,,,,,
2026-09-12T04:11:12-05:00,PUR_IED_Tabora_Ext_f048ae,PUR_IED_Tabora_Ext_f048ae,,,,,
2026-09-12T04:11:12-05:00,PUR_IED_Tabora_S1102_b07752,PUR_IED_Tabora_S1102_b07752,,,,,
2026-09-12T04:11:12-05:00,PUR_IED_Tabora_S1103_d988f5,PUR_IED_Tabora_S1103_d988f5,,,,,
2026-09-12T04:11:12-05:00,PUR_IED_Tenerife_Ext_1ab188,PUR_IED_Tenerife_Ext_1ab188,,,,,
2026-09-12T04:11:12-05:00,PUR_IED_Tenerife_SDanzas_7bc02e,PUR_IED_Tenerife_SDanzas_7bc02e,,,,,
2026-09-12T04:11:12-05:00,PUR_IED_Tenerife_SIngles_7cc277,PUR_IED_Tenerife_SIngles_7cc277,,,,,
2026-09-12T04:11:12-05:00,PUR_IED_Tibabuyes_Exter_f2683d,PUR_IED_Tibabuyes_Exter_f2683d,,,,,
2026-09-12T04:11:12-05:00,PUR_IED_Tibabuyes_S10_dc87a8,PUR_IED_Tibabuyes_S10_dc87a8,,,,,
2026-09-12T04:11:12-05:00,PUR_IED_Tibabuyes_S15_dc0526,PUR_IED_Tibabuyes_S15_dc0526,,,,,
2026-09-12T04:11:12-05:00,PUR_IED_UnionE_S301_a1043,PUR_IED_UnionE_S301_a1043,,,,,
2026-09-12T04:11:12-05:00,PUR_IED_UnionE_S307_ff6c2f,PUR_IED_UnionE_S307_ff6c2f,,,,,
2026-09-12T04:11:12-05:00,PUR_IED_UnionE__Ext_5e2468,PUR_IED_UnionE__Ext_5e2468,,,,,
2026-09-12T04:11:12-05:00,PUR_IED_VillaRica_Ext_75be7c,PUR_IED_VillaRica_Ext_75be7c,,,,,
2026-09-12T04:11:12-05:00,PUR_IED_VillaRica_S4_cc5dcd,PUR_IED_VillaRica_S4_cc5dcd,,,,,
2026-09-12T04:11:12-05:00,PUR_IED_VillaRica_Sesp_99f5c,PUR_IED_VillaRica_Sesp_99f5c,,,,,
2026-09-12T04:16:06-05:00,PUR_IED_20deJulio_1101_91b1b9,PUR_IED_20deJulio_1101_91b1b9,,,,,
2026-09-12T04:16:06-05:00,PUR_IED_20deJulio_1102_1cfcf9,PUR_IED_20deJulio_1102_1cfcf9,,,,,
2026-09-12T04:16:06-05:00,PUR_IED_20deJulio_Ext_ab60bd,PUR_IED_20deJulio_Ext_ab60bd,,,,,
2026-09-12T04:16:06-05:00,PUR_IED_AgustinFer_Ext_7b9b77,PUR_IED_AgustinFer_Ext_7b9b77,,,,,
2026-09-12T04:16:06-05:00,PUR_IED_AgustinFer_Info2_27b3a7,PUR_IED_AgustinFer_Info2_27b3a7,,,,,
2026-09-12T04:16:06-05:00,PUR_IED_AgustinFer_Sena_54b4eb,PUR_IED_AgustinFer_Sena_54b4eb,,,,,
2026-09-12T04:16:06-05:00,PUR_IED_AlexanderF_1102_caf07b,PUR_IED_AlexanderF_1102_caf07b,,,,,
2026-09-12T04:16:06-05:00,PUR_IED_AlexanderF_1103_c79e71,PUR_IED_AlexanderF_1103_c79e71,,,,,
2026-09-12T04:16:06-05:00,PUR_IED_AlexanderF_Ext_c5b18b,PUR_IED_AlexanderF_Ext_c5b18b,,,,,
2026-09-12T04:16:06-05:00,PUR_IED_AlfonsoLopez_Ext_281d77,PUR_IED_AlfonsoLopez_Ext_281d77,,,,,
2026-09-12T04:16:06-05:00,PUR_IED_AlfonsoLopez_LabF_888ce0,PUR_IED_AlfonsoLopez_LabF_888ce0,,,,,
2026-09-12T04:16:06-05:00,PUR_IED_AlfonsoLopez_SMed_df6a7f,PUR_IED_AlfonsoLopez_SMed_df6a7f,,,,,
2026-09-12T04:16:06-05:00,PUR_IED_AltamiraSO_A2_209f92,PUR_IED_AltamiraSO_A2_209f92,,,,,
2026-09-12T04:16:06-05:00,PUR_IED_AltamiraSO_Ext_186d66,PUR_IED_AltamiraSO_Ext_186d66,,,,,
2026-09-12T04:16:06-05:00,PUR_IED_AltamiraSO_Sistem_27afe1,PUR_IED_AltamiraSO_Sistem_27afe1,,,,,
2026-09-12T04:16:06-05:00,PUR_IED_AlvaroGom_LabQuim_813179,PUR_IED_AlvaroGom_LabQuim_813179,,,,,
2026-09-12T04:16:06-05:00,PUR_IED_AlvaroGomez_Ext_47c7ca,PUR_IED_AlvaroGomez_Ext_47c7ca,,,,,
2026-09-12T04:16:06-05:00,PUR_IED_AlvaroGomez_LabQuim_813179,PUR_IED_AlvaroGomez_LabQuim_813179,,,,,
2026-09-12T04:16:06-05:00,PUR_IED_AlvaroGomez_S23_7ba89f,PUR_IED_AlvaroGomez_S23_7ba89f,,,,,
2026-09-12T04:16:06-05:00,PUR_IED_Amistad_306_dc8728,PUR_IED_Amistad_306_dc8728,,,,,
2026-09-12T04:16:06-05:00,PUR_IED_Amistad_Ext_8cd55e,PUR_IED_Amistad_Ext_8cd55e,,,,,
2026-09-12T04:16:06-05:00,PUR_IED_Amistad_S202_a41169,PUR_IED_Amistad_S202_a41169,,,,,
2026-09-12T04:16:06-05:00,PUR_IED_AndresBello_Bio_fd5f5e,PUR_IED_AndresBello_Bio_fd5f5e,,,,,
2026-09-12T04:16:06-05:00,PUR_IED_AndresBello_ext_dcad65,PUR_IED_AndresBello_ext_dcad65,,,,,
2026-09-12T04:16:06-05:00,PUR_IED_AndresBello_port_eed3ec,PUR_IED_AndresBello_port_eed3ec,,,,,
2026-09-12T04:16:06-05:00,PUR_IED_AngelaR_11b_d90a6b,PUR_IED_AngelaR_11b_d90a6b,,,,,
2026-09-12T04:16:06-05:00,PUR_IED_AngelaR_ext_7cad3e,PUR_IED_AngelaR_ext_7cad3e,7,19,61,4.5825,-74.164497
2026-09-12T04:16:06-05:00,PUR_IED_AntJoseSucre_10mo_df2575,PUR_IED_AntJoseSucre_10mo_df2575,,,,,
2026-09-12T04:16:06-05:00,PUR_IED_AntJoseSucre_Ext_215b36,PUR_IED_AntJoseSucre_Ext_215b36,,,,,
2026-09-12T04:16:06-05:00,PUR_IED_AntJoseSucre_Lab_3139de,PUR_IED_AntJoseSucre_Lab_3139de,,,,,
2026-09-12T04:16:06-05:00,PUR_IED_AntonioGarcia_301_d6b188,PUR_IED_AntonioGarcia_301_d6b188,,,,,
2026-09-12T04:16:06-05:00,PUR_IED_AntonioGarcia_302_88a82,PUR_IED_AntonioGarcia_302_88a82,,,,,
2026-09-12T04:16:06-05:00,PUR_IED_AntonioGarcia_Ext_20950c,PUR_IED_AntonioGarcia_Ext_20950c,,,,,
2026-09-12T04:16:06-05:00,PUR_IED_AntonioVan_Aula2_6dea02,PUR_IED_AntonioVan_Aula2_6dea02,,,,,
2026-09-12T04:16:06-05:00,PUR_IED_AntonioVan_Aula5_f1557e,PUR_IED_AntonioVan_Aula5_f1557e,,,,,
2026-09-12T04:16:06-05:00,PUR_IED_AntonioVan_Ext_406f2f,PUR_IED_AntonioVan_Ext_406f2f,,,,,
2026-09-12T04:16:06-05:00,PUR_IED_Atabanzha_Ext_cc5af9,PUR_IED_Atabanzha_Ext_cc5af9,,,,,
2026-09-12T04:16:06-05:00,PUR_IED_Atabanzha_SA101_56c37,PUR_IED_Atabanzha_SA101_56c37,,,,,
2026-09-12T04:16:06-05:00,PUR_IED_Atabanzha_SB302_27b374,PUR_IED_Atabanzha_SB302_27b374,,,,,
2026-09-12T04:16:06-05:00,PUR_IED_Atahualpa_Ext_fc1748,PUR_IED_Atahualpa_Ext_fc1748,,,,,
2026-09-12T04:16:06-05:00,PUR_IED_Atahualpa_Informa_dc9a95,PUR_IED_Atahualpa_Informa_dc9a95,,,,,
2026-09-12T04:16:06-05:00,PUR_IED_Atahualpa_S1101_f98056,PUR_IED_Atahualpa_S1101_f98056,,,,,
2026-09-12T04:16:06-05:00,PUR_IED_Bellavista_Ext_f5aa74,PUR_IED_Bellavista_Ext_f5aa74,,,,,
2026-09-12T04:16:06-05:00,PUR_IED_Bilbao_11A_916c41,PUR_IED_Bilbao_11A_916c41,,,,,
2026-09-12T04:16:06-05:00,PUR_IED_Bilbao_Ext_fb579a,PUR_IED_Bilbao_Ext_fb579a,,,,,
2026-09-12T04:16:06-05:00,PUR_IED_BrasiliaU_A125_304280,PUR_IED_BrasiliaU_A125_304280,,,,,
2026-09-12T04:16:06-05:00,PUR_IED_BrasiliaU_A203_7c8ca5,PUR_IED_BrasiliaU_A203_7c8ca5,,,,,
2026-09-12T04:16:06-05:00,PUR_IED_BrasiliaU_Ext_8d6e9f,PUR_IED_BrasiliaU_Ext_8d6e9f,3,16,66,4.5175,-74.116302
2026-09-12T04:16:06-05:00,PUR_IED_Brasilia_Ext_fe6593,PUR_IED_Brasilia_Ext_fe6593,,,,,
2026-09-12T04:16:06-05:00,PUR_IED_Brasilia_S24_7c130d,PUR_IED_Brasilia_S24_7c130d,,,,,
2026-09-12T04:16:06-05:00,PUR_IED_Brasilia_S501_186a54,PUR_IED_Brasilia_S501_186a54,,,,,
2026-09-12T04:16:06-05:00,PUR_IED_CHARRY_EXT_f1d5cd,PUR_IED_CHARRY_EXT_f1d5cd,,,,,
2026-09-12T04:16:06-05:00,PUR_IED_CHARRY_INTDANZAS_7a08e6,PUR_IED_CHARRY_INTDANZAS_7a08e6,,,,,
2026-09-12T04:16:06-05:00,PUR_IED_CHARRY_INT_AULA20_dc998d,PUR_IED_CHARRY_INT_AULA20_dc998d,,,,,
2026-09-12T04:16:06-05:00,PUR_IED_COLVIV_1101_S25_7f520a,PUR_IED_COLVIV_1101_S25_7f520a,,,,,
2026-09-12T04:16:06-05:00,PUR_IED_COLVIV_1102_S16_f570ba,PUR_IED_COLVIV_1102_S16_f570ba,,,,,
2026-09-12T04:16:06-05:00,PUR_IED_COLVIV_Ext_1a26fa,PUR_IED_COLVIV_Ext_1a26fa,,,,,
2026-09-12T04:16:06-05:00,PUR_IED_CULPOP_301A_f660f3,PUR_IED_CULPOP_301A_f660f3,,,,,
2026-09-12T04:16:06-05:00,PUR_IED_CULPOP_303_568afe,PUR_IED_CULPOP_303_568afe,,,,,
2026-09-12T04:16:06-05:00,PUR_IED_CULPOP_Ext_e02ccb,PUR_IED_CULPOP_Ext_e02ccb,,,,,
2026-09-12T04:16:06-05:00,PUR_IED_CVillavicen_Ext_26eb58,PUR_IED_CVillavicen_Ext_26eb58,5,14,82,4.487,-74.102798
2026-09-12T04:16:06-05:00,PUR_IED_CVillavicen_Intel_1ce5c2,PUR_IED_CVillavicen_Intel_1ce5c2,,,,,
2026-09-12T04:16:06-05:00,PUR_IED_CVillavicen_Poliv_e0766c,PUR_IED_CVillavicen_Poliv_e0766c,,,,,
2026-09-12T04:16:06-05:00,PUR_IED_CVillavicen_int_1ba140,PUR_IED_CVillavicen_int_1ba140,,,,,
2026-09-12T04:16:06-05:00,PUR_IED_CVillavicen_intel_1ba140,PUR_IED_CVillavicen_intel_1ba140,,,,,
2026-09-12T04:16:06-05:00,PUR_IED_CarlosPizarro_Ext_e307cc,PUR_IED_CarlosPizarro_Ext_e307cc,,,,,
2026-09-12T04:16:06-05:00,PUR_IED_CarlosPizarro_L36_7e5cdb,PUR_IED_CarlosPizarro_L36_7e5cdb,,,,,
2026-09-12T04:16:06-05:00,PUR_IED_CarlosPizarro_L37_c8566c,PUR_IED_CarlosPizarro_L37_c8566c,,,,,
2026-09-12T04:16:06-05:00,PUR_IED_Castilla_Ext_cf35f,PUR_IED_Castilla_Ext_cf35f,,,,,
2026-09-12T04:16:06-05:00,PUR_IED_Castilla_SFisik_360e38,PUR_IED_Castilla_SFisik_360e38,,,,,
2026-09-12T04:16:06-05:00,PUR_IED_Castilla_Sc304_496fbf,PUR_IED_Castilla_Sc304_496fbf,,,,,
2026-09-12T04:16:06-05:00,PUR_IED_CervantesSa_Ext_6b57b,PUR_IED_CervantesSa_Ext_6b57b,3,17,71,4.5128,-74.117203
2026-09-12T04:16:06-05:00,PUR_IED_CervantesSa_S107_225c2b,PUR_IED_CervantesSa_S107_225c2b,,,,,
2026-09-12T04:16:06-05:00,PUR_IED_CervantesSa_S108_940925,PUR_IED_CervantesSa_S108_940925,,,,,
2026-09-12T04:16:06-05:00,PUR_IED_Charry_A20_f53e7c,PUR_IED_Charry_A20_f53e7c,,,,,
2026-09-12T04:16:06-05:00,PUR_IED_Charry_Ext_f1d5cd,PUR_IED_Charry_Ext_f1d5cd,,,,,
2026-09-12T04:16:06-05:00,PUR_IED_Charry_IntAula20_dc998d,PUR_IED_Charry_IntAula20_dc998d,,,,,
2026-09-12T04:16:06-05:00,PUR_IED_Charry_IntDanzas_7a08e6,PUR_IED_Charry_IntDanzas_7a08e6,,,,,
2026-09-12T04:16:06-05:00,PUR_IED_ClememciaC_203_43e2fc,PUR_IED_ClememciaC_203_43e2fc,,,,,
2026-09-12T04:16:06-05:00,PUR_IED_ClememciaC_Ext_1b411a,PUR_IED_ClememciaC_Ext_1b411a,,,,,
2026-09-12T04:16:06-05:00,PUR_IED_ClememciaC_Quimic_44b5fc,PUR_IED_ClememciaC_Quimic_44b5fc,,,,,
2026-09-12T04:16:06-05:00,PUR_IED_ClemenciaC_203_43e2fc,PUR_IED_ClemenciaC_203_43e2fc,,,,,
2026-09-12T04:16:06-05:00,PUR_IED_ClemenciaC_Ext_1b411a,PUR_IED_ClemenciaC_Ext_1b411a,,,,,
2026-09-12T04:16:06-05:00,PUR_IED_ClemenciaC_Quimic_44b5fc,PUR_IED_ClemenciaC_Quimic_44b5fc,,,,,
2026-09-12T04:16:06-05:00,PUR_IED_ColViva_1101_S25_7f520a,PUR_IED_ColViva_1101_S25_7f520a,,,,,
2026-09-12T04:16:06-05:00,PUR_IED_ColViva_1102_S16_f570ba,PUR_IED_ColViva_1102_S16_f570ba,,,,,
2026-09-12T04:16:06-05:00,PUR_IED_ColViva_Ext_1a26fa,PUR_IED_ColViva_Ext_1a26fa,,,,,
2026-09-12T04:16:06-05:00,PUR_IED_ColegioBici_Asist_7c8798,PUR_IED_ColegioBici_Asist_7c8798,,,,,
2026-09-12T04:16:06-05:00,PUR_IED_ColegioBici_Ext_25cbf6,PUR_IED_ColegioBici_Ext_25cbf6,,,,,
2026-09-12T04:16:06-05:00,PUR_IED_ColegioBici_LabQ_7b57db,PUR_IED_ColegioBici_LabQ_7b57db,,,,,
2026-09-12T04:16:06-05:00,PUR_IED_CostaRica_Ext_5e640,PUR_IED_CostaRica_Ext_5e640,,,,,
2026-09-12T04:16:06-05:00,PUR_IED_CostaRica_Quim1_766d1c,PUR_IED_CostaRica_Quim1_766d1c,,,,,
2026-09-12T04:16:06-05:00,PUR_IED_CostaRica__Fisica_6f0873,PUR_IED_CostaRica__Fisica_6f0873,,,,,
2026-09-12T04:16:06-05:00,PUR_IED_CulPopu_301A_f660f3,PUR_IED_CulPopu_301A_f660f3,,,,,
2026-09-12T04:16:06-05:00,PUR_IED_CulPopu_303_568afe,PUR_IED_CulPopu_303_568afe,,,,,
2026-09-12T04:16:06-05:00,PUR_IED_CulPopu_Ext_e02ccb,PUR_IED_CulPopu_Ext_e02ccb,,,,,
2026-09-12T04:16:06-05:00,PUR_IED_Cundinamarca_Ext_f15985,PUR_IED_Cundinamarca_Ext_f15985,,,,,
2026-09-12T04:16:06-05:00,PUR_IED_Cundinamarca_Info_7aa5d7,PUR_IED_Cundinamarca_Info_7aa5d7,,,,,
2026-09-12T04:16:06-05:00,PUR_IED_Cundinamarca_Tec2_f449c7,PUR_IED_Cundinamarca_Tec2_f449c7,,,,,
2026-09-12T04:16:06-05:00,PUR_IED_DiegoM_Aula1_27b314,PUR_IED_DiegoM_Aula1_27b314,,,,,
2026-09-12T04:16:06-05:00,PUR_IED_DiegoM_Ext_d80ac8,PUR_IED_DiegoM_Ext_d80ac8,,,,,
2026-09-12T04:16:06-05:00,PUR_IED_DiegoM_S25_da928f,PUR_IED_DiegoM_S25_da928f,,,,,
2026-09-12T04:16:06-05:00,PUR_IED_ELRODEO_360881,PUR_IED_ELRODEO_360881,,,,,
2026-09-12T04:16:06-05:00,PUR_IED_ELRODEO_ext_360881,PUR_IED_ELRODEO_ext_360881,,,,,
2026-09-12T04:16:06-05:00,PUR_IED_EduardoU_Ext_1c1969,PUR_IED_EduardoU_Ext_1c1969,,,,,
2026-09-12T04:16:06-05:00,PUR_IED_EduardoU_SCiencia_4dfb94,PUR_IED_EduardoU_SCiencia_4dfb94,,,,,
2026-09-12T04:16:06-05:00,PUR_IED_EduardoU_SQuimica_5a46e7,PUR_IED_EduardoU_SQuimica_5a46e7,,,,,
2026-09-12T04:16:06-05:00,PUR_IED_ElRodeo_Aula14_676984,PUR_IED_ElRodeo_Aula14_676984,,,,,
2026-09-12T04:16:06-05:00,PUR_IED_ElRodeo_Aula16_2dd35b,PUR_IED_ElRodeo_Aula16_2dd35b,,,,,
2026-09-12T04:16:06-05:00,PUR_IED_ElRodeo_Ext_360881,PUR_IED_ElRodeo_Ext_360881,,,,,
2026-09-12T04:16:06-05:00,PUR_IED_ElRodeo_Exterior_8c6d28,PUR_IED_ElRodeo_Exterior_8c6d28,,,,,
2026-09-12T04:16:06-05:00,PUR_IED_ElRodeo_ext_360881,PUR_IED_ElRodeo_ext_360881,,,,,
2026-09-12T04:16:06-05:00,PUR_IED_EmmaReyes_Ext_987625,PUR_IED_EmmaReyes_Ext_987625,9,21,53,4.6367,-74.1511
2026-09-12T04:16:06-05:00,PUR_IED_Ensueño_Ext_7f0250,PUR_IED_Ensueño_Ext_7f0250,,,,,
2026-09-12T04:16:06-05:00,PUR_IED_EscNormal_Ext_5fef3b,PUR_IED_EscNormal_Ext_5fef3b,2,17,63,4.5852,-74.096901
2026-09-12T04:16:06-05:00,PUR_IED_EscNormal_S309_5b263,PUR_IED_EscNormal_S309_5b263,,,,,
2026-09-12T04:16:06-05:00,PUR_IED_EscNormal_S310_27b3b8,PUR_IED_EscNormal_S310_27b3b8,,,,,
2026-09-12T04:16:06-05:00,PUR_IED_Evangelista_Conta_f6cd4f,PUR_IED_Evangelista_Conta_f6cd4f,,,,,
2026-09-12T04:16:06-05:00,PUR_IED_Evangelista_Cri_5e16a,PUR_IED_Evangelista_Cri_5e16a,,,,,
2026-09-12T04:16:06-05:00,PUR_IED_Evangelista_Exter_754066,PUR_IED_Evangelista_Exter_754066,,,,,
2026-09-12T04:16:06-05:00,PUR_IED_FMiranda_S209_5cc2a3,PUR_IED_FMiranda_S209_5cc2a3,,,,,
2026-09-12T04:16:06-05:00,PUR_IED_FMiranda_S303_19e344,PUR_IED_FMiranda_S303_19e344,,,,,
2026-09-12T04:16:06-05:00,PUR_IED_FMiranda_ext_f53e7c,PUR_IED_FMiranda_ext_f53e7c,,,,,
2026-09-12T04:16:06-05:00,PUR_IED_FabioLozano_Bibli_1cee05,PUR_IED_FabioLozano_Bibli_1cee05,,,,,
2026-09-12T04:16:06-05:00,PUR_IED_FabioLozano_Ext_6ea285,PUR_IED_FabioLozano_Ext_6ea285,,,,,
2026-09-12T04:16:06-05:00,PUR_IED_FabioLozano_SLudi_f09e1e,PUR_IED_FabioLozano_SLudi_f09e1e,,,,,
2026-09-12T04:16:06-05:00,PUR_IED_FaustinoS_Aula07_27a731,PUR_IED_FaustinoS_Aula07_27a731,,,,,
2026-09-12T04:16:06-05:00,PUR_IED_FaustinoS_Ext_7b936f,PUR_IED_FaustinoS_Ext_7b936f,,,,,
2026-09-12T04:16:06-05:00,PUR_IED_FaustinoS_Fisica_da2c60,PUR_IED_FaustinoS_Fisica_da2c60,,,,,
2026-09-12T04:16:06-05:00,PUR_IED_FeGarciaLo_Ext_dc68ee,PUR_IED_FeGarciaLo_Ext_dc68ee,,,,,
2026-09-12T04:16:06-05:00,PUR_IED_FeGarciaLo_SDanza_f70a59,PUR_IED_FeGarciaLo_SDanza_f70a59,,,,,
2026-09-12T04:16:06-05:00,PUR_IED_FeGarciaLo_SMusic_125cdd,PUR_IED_FeGarciaLo_SMusic_125cdd,,,,,
2026-09-12T04:16:06-05:00,PUR_IED_FederalAlema_Exte_50c345,PUR_IED_FederalAlema_Exte_50c345,,,,,
2026-09-12T04:16:06-05:00,PUR_IED_FederalAlema_S31_f18371,PUR_IED_FederalAlema_S31_f18371,,,,,
2026-09-12T04:16:06-05:00,PUR_IED_FederalAlema_S901_a62cd,PUR_IED_FederalAlema_S901_a62cd,,,,,
2026-09-12T04:16:06-05:00,PUR_IED_FilarmonicaS_A5_f35eb1,PUR_IED_FilarmonicaS_A5_f35eb1,,,,,
2026-09-12T04:16:06-05:00,PUR_IED_FilarmonicaS_Ext_8a3bde,PUR_IED_FilarmonicaS_Ext_8a3bde,,,,,
2026-09-12T04:16:06-05:00,PUR_IED_FilarmonicaS_Spol_406114,PUR_IED_FilarmonicaS_Spol_406114,,,,,
2026-09-12T04:16:06-05:00,PUR_IED_FlorentinoG_A13_d1fa59,PUR_IED_FlorentinoG_A13_d1fa59,,,,,
2026-09-12T04:16:06-05:00,PUR_IED_FlorentinoG_Ext_1ce6ce,PUR_IED_FlorentinoG_Ext_1ce6ce,,,,,
2026-09-12T04:16:06-05:00,PUR_IED_FlorentinoG_Idiom_a66aac,PUR_IED_FlorentinoG_Idiom_a66aac,,,,,
2026-09-12T04:16:06-05:00,PUR_IED_FranciscoMati_Ext_e3869d,PUR_IED_FranciscoMati_Ext_e3869d,,,,,
2026-09-12T04:16:06-05:00,PUR_IED_FranciscoMati_S13_f31c67,PUR_IED_FranciscoMati_S13_f31c67,,,,,
2026-09-12T04:16:06-05:00,PUR_IED_FranciscoMati_S14_97dead,PUR_IED_FranciscoMati_S14_97dead,,,,,
2026-09-12T04:16:06-05:00,PUR_IED_FranciscoPS_Ext_7bfa9a,PUR_IED_FranciscoPS_Ext_7bfa9a,2,19,61,4.5899,-74.110397
2026-09-12T04:16:06-05:00,PUR_IED_FranciscoPS_Infor_fb8f4c,PUR_IED_FranciscoPS_Infor_fb8f4c,,,,,
2026-09-12T04:16:06-05:00,PUR_IED_FranciscoPS_Quimi_94d39c,PUR_IED_FranciscoPS_Quimi_94d39c,,,,,
2026-09-12T04:16:06-05:00,PUR_IED_FranciscoP_LabQ_d7e148,PUR_IED_FranciscoP_LabQ_d7e148,,,,,
2026-09-12T04:16:06-05:00,PUR_IED_FranciscoP_S28_cf9b30,PUR_IED_FranciscoP_S28_cf9b30,,,,,
2026-09-12T04:16:06-05:00,PUR_IED_FranciscoP_ext_e2313,PUR_IED_FranciscoP_ext_e2313,,,,,
2026-09-12T04:16:06-05:00,PUR_IED_FriederichN_Ext_8ac92a,PUR_IED_FriederichN_Ext_8ac92a,,,,,
2026-09-12T04:16:06-05:00,PUR_IED_FriederichN_S301_dd7e5a,PUR_IED_FriederichN_S301_dd7e5a,,,,,
2026-09-12T04:16:06-05:00,PUR_IED_FriederichN_S308_761f4f,PUR_IED_FriederichN_S308_761f4f,,,,,
2026-09-12T04:16:06-05:00,PUR_IED_GSantander_Aula10_533dd7,PUR_IED_GSantander_Aula10_533dd7,,,,,
2026-09-12T04:16:06-05:00,PUR_IED_GSantander_Aula12_fd4e4f,PUR_IED_GSantander_Aula12_fd4e4f,,,,,
2026-09-12T04:16:06-05:00,PUR_IED_GSantander_Aula310_533dd7,PUR_IED_GSantander_Aula310_533dd7,,,,,
2026-09-12T04:16:06-05:00,PUR_IED_GSantander_Aula312_fd4e4f,PUR_IED_GSantander_Aula312_fd4e4f,,,,,
2026-09-12T04:16:06-05:00,PUR_IED_GSantander_Ext_5f66b0,PUR_IED_GSantander_Ext_5f66b0,,,,,
2026-09-12T04:16:06-05:00,PUR_IED_GYomasa_Ext_f6bea5,PUR_IED_GYomasa_Ext_f6bea5,,,,,
2026-09-12T04:16:06-05:00,PUR_IED_GYomasa_LBiol_2c41aa,PUR_IED_GYomasa_LBiol_2c41aa,,,,,
2026-09-12T04:16:06-05:00,PUR_IED_GYomasa_LQuim_33c80,PUR_IED_GYomasa_LQuim_33c80,,,,,
2026-09-12T04:16:06-05:00,PUR_IED_GabBetMejia_Cienc_5a99c,PUR_IED_GabBetMejia_Cienc_5a99c,,,,,
2026-09-12T04:16:06-05:00,PUR_IED_GabBetMejia_Ext_9153d0,PUR_IED_GabBetMejia_Ext_9153d0,,,,,
2026-09-12T04:16:06-05:00,PUR_IED_GabBetMejia_Lab_f55347,PUR_IED_GabBetMejia_Lab_f55347,,,,,
2026-09-12T04:16:06-05:00,PUR_IED_GabBetanMejia_Ext_9153d0,PUR_IED_GabBetanMejia_Ext_9153d0,,,,,
2026-09-12T04:16:06-05:00,PUR_IED_Gaitana_Aula13_7aac11,PUR_IED_Gaitana_Aula13_7aac11,,,,,
2026-09-12T04:16:06-05:00,PUR_IED_Gaitana_Ext_5fcf4,PUR_IED_Gaitana_Ext_5fcf4,,,,,
2026-09-12T04:16:06-05:00,PUR_IED_Gaitana_LabFisica_644448,PUR_IED_Gaitana_LabFisica_644448,,,,,
2026-09-12T04:16:06-05:00,PUR_IED_GenSantander_Dise_8ac858,PUR_IED_GenSantander_Dise_8ac858,,,,,
2026-09-12T04:16:06-05:00,PUR_IED_GenSantander_Ext_8d5dfe,PUR_IED_GenSantander_Ext_8d5dfe,,,,,
2026-09-12T04:16:06-05:00,PUR_IED_GenSantander_Info_6c25b,PUR_IED_GenSantander_Info_6c25b,,,,,
2026-09-12T04:16:06-05:00,PUR_IED_GustavoMo_Exterio_75e63d,PUR_IED_GustavoMo_Exterio_75e63d,,,,,
2026-09-12T04:16:06-05:00,PUR_IED_GustavoMo_LabFisi_224d37,PUR_IED_GustavoMo_LabFisi_224d37,,,,,
2026-09-12T04:16:06-05:00,PUR_IED_GustavoMo_S208_3e6918,PUR_IED_GustavoMo_S208_3e6918,,,,,
2026-09-12T04:16:06-05:00,PUR_IED_GustavoR_A02_8cd4a8,PUR_IED_GustavoR_A02_8cd4a8,,,,,
2026-09-12T04:16:06-05:00,PUR_IED_GustavoR_B11_5b0ed,PUR_IED_GustavoR_B11_5b0ed,,,,,
2026-09-12T04:16:06-05:00,PUR_IED_GustavoR_Ext_7a0c90,PUR_IED_GustavoR_Ext_7a0c90,,,,,
2026-09-12T04:16:06-05:00,PUR_IED_HernandoDuran_Ext_8cd82b,PUR_IED_HernandoDuran_Ext_8cd82b,,,,,
2026-09-12T04:16:06-05:00,PUR_IED_HernandoDuran_S24_2772c6,PUR_IED_HernandoDuran_S24_2772c6,,,,,
2026-09-12T04:16:06-05:00,PUR_IED_HernandoDuran_S30_f2de41,PUR_IED_HernandoDuran_S30_f2de41,,,,,
2026-09-12T04:16:06-05:00,PUR_IED_HolguInUr_S1101_8cd732,PUR_IED_HolguInUr_S1101_8cd732,,,,,
2026-09-12T04:16:06-05:00,PUR_IED_HolguinUr_Exter_ddae6d,PUR_IED_HolguinUr_Exter_ddae6d,,,,,
2026-09-12T04:16:06-05:00,PUR_IED_HolguinUr_LabQuim_92b952,PUR_IED_HolguinUr_LabQuim_92b952,,,,,
2026-09-12T04:16:06-05:00,PUR_IED_Isabel-II_Ext_5245cc,PUR_IED_Isabel-II_Ext_5245cc,10,18,61,4.6336,-74.153
2026-09-12T04:16:06-05:00,PUR_IED_Isabel-II_S_idiom_1c29aa,PUR_IED_Isabel-II_S_idiom_1c29aa,,,,,
2026-09-12T04:16:06-05:00,PUR_IED_Isabel-II_S_infor_fd741,PUR_IED_Isabel-II_S_infor_fd741,,,,,
2026-09-12T04:16:06-05:00,PUR_IED_IsidroSur_Exterio_5b90ea,PUR_IED_IsidroSur_Exterio_5b90ea,,,,,
2026-09-12T04:16:06-05:00,PUR_IED_IsidroSur_LabTec_56697a,PUR_IED_IsidroSur_LabTec_56697a,,,,,
2026-09-12T04:16:06-05:00,PUR_IED_IsidroSur_Robotic_b7c38f,PUR_IED_IsidroSur_Robotic_b7c38f,,,,,
2026-09-12T04:16:06-05:00,PUR_IED_IsmaelPerd_Ext_7b6672,PUR_IED_IsmaelPerd_Ext_7b6672,,,,,
2026-09-12T04:16:06-05:00,PUR_IED_IsmaelPerd_Inform_306540,PUR_IED_IsmaelPerd_Inform_306540,,,,,
2026-09-12T04:16:06-05:00,PUR_IED_IsmaelPerd_S30_2e2c83,PUR_IED_IsmaelPerd_S30_2e2c83,,,,,
2026-09-12T04:16:06-05:00,PUR_IED_JLozano_Exter_432910,PUR_IED_JLozano_Exter_432910,,,,,
2026-09-12T04:16:06-05:00,PUR_IED_JLozano_salaMulti_df5125,PUR_IED_JLozano_salaMulti_df5125,,,,,
2026-09-12T04:16:06-05:00,PUR_IED_JMCordoba_206_86f80b,PUR_IED_JMCordoba_206_86f80b,,,,,
2026-09-12T04:16:06-05:00,PUR_IED_JMCordoba_Ext_27ad97,PUR_IED_JMCordoba_Ext_27ad97,,,,,
2026-09-12T04:16:06-05:00,PUR_IED_JMCordoba_S310_d59ab4,PUR_IED_JMCordoba_S310_d59ab4,,,,,
2026-09-12T04:16:06-05:00,PUR_IED_Japon_Ext_549100,PUR_IED_Japon_Ext_549100,,,,,
2026-09-12T04:16:06-05:00,PUR_IED_Japon_Laboratorio_bec51d,PUR_IED_Japon_Laboratorio_bec51d,,,,,
2026-09-12T04:16:06-05:00,PUR_IED_Japon_informatica_d99327,PUR_IED_Japon_informatica_d99327,,,,,
2026-09-12T04:16:06-05:00,PUR_IED_Jazmin_Ext_d27bda,PUR_IED_Jazmin_Ext_d27bda,,,,,
2026-09-12T04:16:06-05:00,PUR_IED_Jazmin_Fisica_8d14d7,PUR_IED_Jazmin_Fisica_8d14d7,,,,,
2026-09-12T04:16:06-05:00,PUR_IED_Jazmin_Quimica_801cb5,PUR_IED_Jazmin_Quimica_801cb5,,,,,
2026-09-12T04:16:06-05:00,PUR_IED_JorgeGaitan_Exter_f098d1,PUR_IED_JorgeGaitan_Exter_f098d1,,,,,
2026-09-12T04:16:06-05:00,PUR_IED_JorgeGaitan_STec1_dc9d1d,PUR_IED_JorgeGaitan_STec1_dc9d1d,,,,,
2026-09-12T04:16:06-05:00,PUR_IED_JorgeGaitan_STec2_281e69,PUR_IED_JorgeGaitan_STec2_281e69,,,,,
2026-09-12T04:16:06-05:00,PUR_IED_JorgeSoto_Exterio_d9d0a2,PUR_IED_JorgeSoto_Exterio_d9d0a2,,,,,
2026-09-12T04:16:06-05:00,PUR_IED_JorgeSoto_LabFisi_209c54,PUR_IED_JorgeSoto_LabFisi_209c54,,,,,
2026-09-12T04:16:06-05:00,PUR_IED_JorgeSoto_S103_27b51a,PUR_IED_JorgeSoto_S103_27b51a,,,,,
2026-09-12T04:16:06-05:00,PUR_IED_JoseAcevedo_A02_e965eb,PUR_IED_JoseAcevedo_A02_e965eb,,,,,
2026-09-12T04:16:06-05:00,PUR_IED_JoseAcevedo_A07_dd5b4,PUR_IED_JoseAcevedo_A07_dd5b4,,,,,
2026-09-12T04:16:06-05:00,PUR_IED_JoseAcevedo_Ext_b47484,PUR_IED_JoseAcevedo_Ext_b47484,,,,,
2026-09-12T04:16:06-05:00,PUR_IED_JoseMarti_Exte_5b9bf,PUR_IED_JoseMarti_Exte_5b9bf,,,,,
2026-09-12T04:16:06-05:00,PUR_IED_JoseMarti_LabQuim_1c6c2d,PUR_IED_JoseMarti_LabQuim_1c6c2d,,,,,
2026-09-12T04:16:06-05:00,PUR_IED_JoseMarti_S_info_f5f177,PUR_IED_JoseMarti_S_info_f5f177,,,,,
2026-09-12T04:16:06-05:00,PUR_IED_Josejoaquin_Ext_dfc5dc,PUR_IED_Josejoaquin_Ext_dfc5dc,,,,,
2026-09-12T04:16:06-05:00,PUR_IED_Josejoaquin_S05_5b2a96,PUR_IED_Josejoaquin_S05_5b2a96,,,,,
2026-09-12T04:16:06-05:00,PUR_IED_Josejoaquin_S06_1ce7d2,PUR_IED_Josejoaquin_S06_1ce7d2,,,,,
2026-09-12T04:16:06-05:00,PUR_IED_JulioFlorez_Danza_9b82dd,PUR_IED_JulioFlorez_Danza_9b82dd,,,,,
2026-09-12T04:16:06-05:00,PUR_IED_JulioFlorez_Exter_f9f314,PUR_IED_JulioFlorez_Exter_f9f314,,,,,
2026-09-12T04:16:06-05:00,PUR_IED_JulioFlorez_info2_6b6e08,PUR_IED_JulioFlorez_info2_6b6e08,,,,,
2026-09-12T04:16:06-05:00,PUR_IED_LaBelleza_Aula13_1d00d8,PUR_IED_LaBelleza_Aula13_1d00d8,,,,,
2026-09-12T04:16:06-05:00,PUR_IED_LaBelleza_Ext_7bc08c,PUR_IED_LaBelleza_Ext_7bc08c,,,,,
2026-09-12T04:16:06-05:00,PUR_IED_LaChucua_Ext_8cd6d2,PUR_IED_LaChucua_Ext_8cd6d2,,,,,
2026-09-12T04:16:06-05:00,PUR_IED_LaChucua_S15_f578ce,PUR_IED_LaChucua_S15_f578ce,,,,,
2026-09-12T04:16:06-05:00,PUR_IED_LaChucua_S16_eebcf9,PUR_IED_LaChucua_S16_eebcf9,,,,,
2026-09-12T04:16:06-05:00,PUR_IED_LaFelicidad_Ext_fb5109,PUR_IED_LaFelicidad_Ext_fb5109,,,,,
2026-09-12T04:16:06-05:00,PUR_IED_LaMerced_206_66ebd,PUR_IED_LaMerced_206_66ebd,,,,,
2026-09-12T04:16:06-05:00,PUR_IED_LaMerced_207_6ebd6,PUR_IED_LaMerced_207_6ebd6,,,,,
2026-09-12T04:16:06-05:00,PUR_IED_LaMerced_ext_304311,PUR_IED_LaMerced_ext_304311,,,,,
2026-09-12T04:16:06-05:00,PUR_IED_Laureano_CiencNat_281e5e,PUR_IED_Laureano_CiencNat_281e5e,,,,,
2026-09-12T04:16:06-05:00,PUR_IED_Laureano_Comedor_f65c0a,PUR_IED_Laureano_Comedor_f65c0a,,,,,
2026-09-12T04:16:06-05:00,PUR_IED_Laureano_Exterior_7ab011,PUR_IED_Laureano_Exterior_7ab011,,,,,
2026-09-12T04:16:06-05:00,PUR_IED_LeonGreiff_Exte_dfe560,PUR_IED_LeonGreiff_Exte_dfe560,,,,,
2026-09-12T04:16:06-05:00,PUR_IED_LeonGreiff_S210_f264ed,PUR_IED_LeonGreiff_S210_f264ed,,,,,
2026-09-12T04:16:06-05:00,PUR_IED_LeonGreiff_SQuimi_e8296f,PUR_IED_LeonGreiff_SQuimi_e8296f,,,,,
2026-09-12T04:16:06-05:00,PUR_IED_LlanoOrientalS208_7b9fcd,PUR_IED_LlanoOrientalS208_7b9fcd,,,,,
2026-09-12T04:16:06-05:00,PUR_IED_LlanoOriental_Ext_fb3766,PUR_IED_LlanoOriental_Ext_fb3766,,,,,
2026-09-12T04:16:06-05:00,PUR_IED_LlanoOriental_S208_7b9fcd,PUR_IED_LlanoOriental_S208_7b9fcd,,,,,
2026-09-12T04:16:06-05:00,PUR_IED_LlanoOriental_S9_27b378,PUR_IED_LlanoOriental_S9_27b378,,,,,
2026-09-12T04:16:06-05:00,PUR_IED_LosTejares_1101_477602,PUR_IED_LosTejares_1101_477602,,,,,
2026-09-12T04:16:06-05:00,PUR_IED_LosTejares_11_d2c595,PUR_IED_LosTejares_11_d2c595,,,,,
2026-09-12T04:16:06-05:00,PUR_IED_LosTejares_12_477602,PUR_IED_LosTejares_12_477602,,,,,
2026-09-12T04:16:06-05:00,PUR_IED_LosTejares_Ext_8e2115,PUR_IED_LosTejares_Ext_8e2115,,,,,
2026-09-12T04:16:06-05:00,PUR_IED_MagdalenaO_B202_5ddda3,PUR_IED_MagdalenaO_B202_5ddda3,,,,,
2026-09-12T04:16:06-05:00,PUR_IED_MagdalenaO_B205_fb76e8,PUR_IED_MagdalenaO_B205_fb76e8,,,,,
2026-09-12T04:16:06-05:00,PUR_IED_MagdalenaO_ext_dc69cd,PUR_IED_MagdalenaO_ext_dc69cd,,,,,
2026-09-12T04:16:06-05:00,PUR_IED_ManueCepeda_artes_eee956,PUR_IED_ManueCepeda_artes_eee956,,,,,
2026-09-12T04:16:06-05:00,PUR_IED_ManuelCepeda_Ext_58313,PUR_IED_ManuelCepeda_Ext_58313,,,,,
2026-09-12T04:16:06-05:00,PUR_IED_ManuelCepeda_tec_1c5731,PUR_IED_ManuelCepeda_tec_1c5731,,,,,
2026-09-12T04:16:06-05:00,PUR_IED_ManuelS_Exterior_5b269,PUR_IED_ManuelS_Exterior_5b269,,,,,
2026-09-12T04:16:06-05:00,PUR_IED_ManuelS_Inform_f369ce,PUR_IED_ManuelS_Inform_f369ce,,,,,
2026-09-12T04:16:06-05:00,PUR_IED_ManuelS_SArtes_7d15f1,PUR_IED_ManuelS_SArtes_7d15f1,,,,,
2026-09-12T04:16:06-05:00,PUR_IED_ManuelZapata_303_3ca6,PUR_IED_ManuelZapata_303_3ca6,,,,,
2026-09-12T04:16:06-05:00,PUR_IED_ManuelZapata_311_bfbabc,PUR_IED_ManuelZapata_311_bfbabc,,,,,
2026-09-12T04:16:06-05:00,PUR_IED_ManuelZapata_Ext_50824a,PUR_IED_ManuelZapata_Ext_50824a,,,,,
2026-09-12T04:16:06-05:00,PUR_IED_ManuelitaS_Exteri_656a92,PUR_IED_ManuelitaS_Exteri_656a92,,,,,
2026-09-12T04:16:06-05:00,PUR_IED_ManuelitaS_JuzgDe_f58ec3,PUR_IED_ManuelitaS_JuzgDe_f58ec3,,,,,
2026-09-12T04:16:06-05:00,PUR_IED_ManuelitaS_Recrea_d793db,PUR_IED_ManuelitaS_Recrea_d793db,,,,,
2026-09-12T04:16:06-05:00,PUR_IED_MarFidSuarez_Ext_c27b19,PUR_IED_MarFidSuarez_Ext_c27b19,,,,,
2026-09-12T04:16:06-05:00,PUR_IED_MarFidSuarez_Info_e384d7,PUR_IED_MarFidSuarez_Info_e384d7,,,,,
2026-09-12T04:16:06-05:00,PUR_IED_MarFidSuarez_S306_1d0032,PUR_IED_MarFidSuarez_S306_1d0032,,,,,
2026-09-12T04:16:06-05:00,PUR_IED_Menorah_301_2a25a3,PUR_IED_Menorah_301_2a25a3,,,,,
2026-09-12T04:16:06-05:00,PUR_IED_Menorah_306_37ed3,PUR_IED_Menorah_306_37ed3,,,,,
2026-09-12T04:16:06-05:00,PUR_IED_Menorah_Ext_3e155b,PUR_IED_Menorah_Ext_3e155b,,,,,
2026-09-12T04:16:06-05:00,PUR_IED_MinutoB.Aires_A11_1b1604,PUR_IED_MinutoB.Aires_A11_1b1604,,,,,
2026-09-12T04:16:06-05:00,PUR_IED_MinutoB.Aires_A12_fb5860,PUR_IED_MinutoB.Aires_A12_fb5860,,,,,
2026-09-12T04:16:06-05:00,PUR_IED_MinutoB.Aires_Ext_81293f,PUR_IED_MinutoB.Aires_Ext_81293f,,,,,
2026-09-12T04:16:06-05:00,PUR_IED_MinutoBAires_A11_1b1604,PUR_IED_MinutoBAires_A11_1b1604,,,,,
2026-09-12T04:16:06-05:00,PUR_IED_MinutoBAires_A12_fb5860,PUR_IED_MinutoBAires_A12_fb5860,,,,,
2026-09-12T04:16:06-05:00,PUR_IED_MinutoBAires_Ext_81293f,PUR_IED_MinutoBAires_Ext_81293f,,,,,
2026-09-12T04:16:06-05:00,PUR_IED_Montreal_Aula10_1e4959,PUR_IED_Montreal_Aula10_1e4959,,,,,
2026-09-12T04:16:06-05:00,PUR_IED_Montreal_Aula6_300367,PUR_IED_Montreal_Aula6_300367,,,,,
2026-09-12T04:16:06-05:00,PUR_IED_Montreal_Exterior_91a179,PUR_IED_Montreal_Exterior_91a179,,,,,
2026-09-12T04:16:06-05:00,PUR_IED_Mqgdalena_B202_5ddda3,PUR_IED_Mqgdalena_B202_5ddda3,,,,,
2026-09-12T04:16:06-05:00,PUR_IED_NACUND_Soc_dc8728,PUR_IED_NACUND_Soc_dc8728,,,,,
2026-09-12T04:16:06-05:00,PUR_IED_NACUND_ext_27ad97,PUR_IED_NACUND_ext_27ad97,,,,,
2026-09-12T04:16:06-05:00,PUR_IED_NEsperanza_Ext_d24b61,PUR_IED_NEsperanza_Ext_d24b61,,,,,
2026-09-12T04:16:06-05:00,PUR_IED_NEsperanza_SElect_7d1807,PUR_IED_NEsperanza_SElect_7d1807,,,,,
2026-09-12T04:16:06-05:00,PUR_IED_NEsperanza_SLabor_8b2d0a,PUR_IED_NEsperanza_SLabor_8b2d0a,,,,,
2026-09-12T04:16:06-05:00,PUR_IED_NacionesU_Ext_f661a9,PUR_IED_NacionesU_Ext_f661a9,,,,,
2026-09-12T04:16:06-05:00,PUR_IED_NacionesU_Quimica_66f0a,PUR_IED_NacionesU_Quimica_66f0a,,,,,
2026-09-12T04:16:06-05:00,PUR_IED_NacionesU_S306_1b4b3d,PUR_IED_NacionesU_S306_1b4b3d,,,,,
2026-09-12T04:16:06-05:00,PUR_IED_NestorFA_Ext_e4201c,PUR_IED_NestorFA_Ext_e4201c,,,,,
2026-09-12T04:16:06-05:00,PUR_IED_NestorFA_Laborato_f22fe0,PUR_IED_NestorFA_Laborato_f22fe0,,,,,
2026-09-12T04:16:06-05:00,PUR_IED_NestorFA_S204_dee996,PUR_IED_NestorFA_S204_dee996,,,,,
2026-09-12T04:16:06-05:00,PUR_IED_NidyaQT_Aula03_76999b,PUR_IED_NidyaQT_Aula03_76999b,,,,,
2026-09-12T04:16:06-05:00,PUR_IED_NidyaQT_Aula10_56325,PUR_IED_NidyaQT_Aula10_56325,,,,,
2026-09-12T04:16:06-05:00,PUR_IED_NidyaQT_Ext_46e32d,PUR_IED_NidyaQT_Ext_46e32d,,,,,
2026-09-12T04:16:06-05:00,PUR_IED_NuevaCol_Exterior_d9b859,PUR_IED_NuevaCol_Exterior_d9b859,,,,,
2026-09-12T04:16:06-05:00,PUR_IED_NuevaCol_S1101_76c43b,PUR_IED_NuevaCol_S1101_76c43b,,,,,
2026-09-12T04:16:06-05:00,PUR_IED_NuevaCol_S1102_1ce0b5,PUR_IED_NuevaCol_S1102_1ce0b5,,,,,
2026-09-12T04:16:06-05:00,PUR_IED_OEA_A202_f7e3f2,PUR_IED_OEA_A202_f7e3f2,,,,,
2026-09-12T04:16:06-05:00,PUR_IED_OEA_A203_7d1b8d,PUR_IED_OEA_A203_7d1b8d,,,,,
2026-09-12T04:16:06-05:00,PUR_IED_OEA_Ext_27b593,PUR_IED_OEA_Ext_27b593,,,,,
2026-09-12T04:16:06-05:00,PUR_IED_Ochoa_Ext_1c29da,PUR_IED_Ochoa_Ext_1c29da,,,,,
2026-09-12T04:16:06-05:00,PUR_IED_Ochoa_S205_8b1121,PUR_IED_Ochoa_S205_8b1121,,,,,
2026-09-12T04:16:06-05:00,PUR_IED_Ochoa_Sistemas_f33af6,PUR_IED_Ochoa_Sistemas_f33af6,,,,,
2026-09-12T04:16:06-05:00,PUR_IED_PQuebec_Ext_1c67c7,PUR_IED_PQuebec_Ext_1c67c7,,,,,
2026-09-12T04:16:06-05:00,PUR_IED_PQuebec_S15_23e8e2,PUR_IED_PQuebec_S15_23e8e2,,,,,
2026-09-12T04:16:06-05:00,PUR_IED_PQuebec_S16_8ec76b,PUR_IED_PQuebec_S16_8ec76b,,,,,
2026-09-12T04:16:06-05:00,PUR_IED_PabloN_Ext_49dc96,PUR_IED_PabloN_Ext_49dc96,,,,,
2026-09-12T04:16:06-05:00,PUR_IED_PabloN_S1102_4e3df5,PUR_IED_PabloN_S1102_4e3df5,,,,,
2026-09-12T04:16:06-05:00,PUR_IED_PabloN_S1103_50c94b,PUR_IED_PabloN_S1103_50c94b,,,,,
2026-09-12T04:16:06-05:00,PUR_IED_Palestina_S1101_db9198,PUR_IED_Palestina_S1101_db9198,,,,,
2026-09-12T04:16:06-05:00,PUR_IED_Palestina_S1102_dc54fa,PUR_IED_Palestina_S1102_dc54fa,,,,,
2026-09-12T04:16:06-05:00,PUR_IED_Palestina_ext_4ccce6,PUR_IED_Palestina_ext_4ccce6,,,,,
2026-09-12T04:16:06-05:00,PUR_IED_Panama_Fisica_4d0794,PUR_IED_Panama_Fisica_4d0794,,,,,
2026-09-12T04:16:06-05:00,PUR_IED_Panama_SIngles_a4077e,PUR_IED_Panama_SIngles_a4077e,,,,,
2026-09-12T04:16:06-05:00,PUR_IED_Panama_ext_4c54b4,PUR_IED_Panama_ext_4c54b4,,,,,
2026-09-12T04:16:06-05:00,PUR_IED_ParaisoM_Exterior_8cd7f0,PUR_IED_ParaisoM_Exterior_8cd7f0,,,,,
2026-09-12T04:16:06-05:00,PUR_IED_ParaisoM_Laborato_27af35,PUR_IED_ParaisoM_Laborato_27af35,,,,,
2026-09-12T04:16:06-05:00,PUR_IED_ParaisoM_S304_d1edca,PUR_IED_ParaisoM_S304_d1edca,,,,,
2026-09-12T04:16:06-05:00,PUR_IED_PorfirioBarba_Ext_301466,PUR_IED_PorfirioBarba_Ext_301466,,,,,
2026-09-12T04:16:06-05:00,PUR_IED_PorfirioBarba_S11_df6cd2,PUR_IED_PorfirioBarba_S11_df6cd2,,,,,
2026-09-12T04:16:06-05:00,PUR_IED_PorfirioBarba_S29_27a7d6,PUR_IED_PorfirioBarba_S29_27a7d6,,,,,
2026-09-12T04:16:06-05:00,PUR_IED_PradoV_Exter_8b27ad,PUR_IED_PradoV_Exter_8b27ad,,,,,
2026-09-12T04:16:06-05:00,PUR_IED_PradoV_S301_de65b5,PUR_IED_PradoV_S301_de65b5,,,,,
2026-09-12T04:16:06-05:00,PUR_IED_PradoV_S302_7d2593,PUR_IED_PradoV_S302_7d2593,,,,,
2026-09-12T04:16:06-05:00,PUR_IED_QuirogaAlz_Ext_1ddc82,PUR_IED_QuirogaAlz_Ext_1ddc82,,,,,
2026-09-12T04:16:06-05:00,PUR_IED_QuirogaAlz_S302_9926a3,PUR_IED_QuirogaAlz_S302_9926a3,,,,,
2026-09-12T04:16:06-05:00,PUR_IED_QuirogaAlz_S305_cdf1f1,PUR_IED_QuirogaAlz_S305_cdf1f1,,,,,
2026-09-12T04:16:06-05:00,PUR_IED_RGuatemala_Biling_dc53b7,PUR_IED_RGuatemala_Biling_dc53b7,,,,,
2026-09-12T04:16:06-05:00,PUR_IED_RGuatemala_Ext_1b89a3,PUR_IED_RGuatemala_Ext_1b89a3,,,,,
2026-09-12T04:16:06-05:00,PUR_IED_RGuatemala_Tecnol_281a34,PUR_IED_RGuatemala_Tecnol_281a34,,,,,
2026-09-12T04:16:06-05:00,PUR_IED_RafaNu_Ext_f7c302,PUR_IED_RafaNu_Ext_f7c302,,,,,
2026-09-12T04:16:06-05:00,PUR_IED_RafaNu_S1101_25fde,PUR_IED_RafaNu_S1101_25fde,,,,,
2026-09-12T04:16:06-05:00,PUR_IED_RafaNu_S1102_281517,PUR_IED_RafaNu_S1102_281517,,,,,
2026-09-12T04:16:06-05:00,PUR_IED_RafaelB_S305_ee2783,PUR_IED_RafaelB_S305_ee2783,,,,,
2026-09-12T04:16:06-05:00,PUR_IED_RafaelB_S306_75fe33,PUR_IED_RafaelB_S306_75fe33,,,,,
2026-09-12T04:16:06-05:00,PUR_IED_RafaelB_ext_283336,PUR_IED_RafaelB_ext_283336,3,17,63,4.6722,-74.0737
2026-09-12T04:16:06-05:00,PUR_IED_RafaelUU_Exterior_281a51,PUR_IED_RafaelUU_Exterior_281a51,,,,,
2026-09-12T04:16:06-05:00,PUR_IED_RafaelUU_Human_806b2,PUR_IED_RafaelUU_Human_806b2,,,,,
2026-09-12T04:16:06-05:00,PUR_IED_RafaelUU_Mate2_5680d4,PUR_IED_RafaelUU_Mate2_5680d4,,,,,
2026-09-12T04:16:06-05:00,PUR_IED_RamonSub_Ext_f9eeb9,PUR_IED_RamonSub_Ext_f9eeb9,,,,,
2026-09-12T04:16:06-05:00,PUR_IED_RamonSub_Media_d1f62f,PUR_IED_RamonSub_Media_d1f62f,,,,,
2026-09-12T04:16:06-05:00,PUR_IED_RamonSub_planta_51b82,PUR_IED_RamonSub_planta_51b82,,,,,
2026-09-12T04:16:06-05:00,PUR_IED_RepBoliVene_Exter_27af7c,PUR_IED_RepBoliVene_Exter_27af7c,,,,,
2026-09-12T04:16:06-05:00,PUR_IED_RepBoliVene_SCPT_5ae2ee,PUR_IED_RepBoliVene_SCPT_5ae2ee,,,,,
2026-09-12T04:16:06-05:00,PUR_IED_RepBoliVene_Socia_4b11d5,PUR_IED_RepBoliVene_Socia_4b11d5,,,,,
2026-09-12T04:16:06-05:00,PUR_IED_RepChina_Ext_76d9ee,PUR_IED_RepChina_Ext_76d9ee,,,,,
2026-09-12T04:16:06-05:00,PUR_IED_RepChina_S404_7c804c,PUR_IED_RepChina_S404_7c804c,,,,,
2026-09-12T04:16:06-05:00,PUR_IED_RepChina_S405_df2c33,PUR_IED_RepChina_S405_df2c33,,,,,
2026-09-12T04:16:06-05:00,PUR_IED_RepublicaC_Exteri_7d1ec9,PUR_IED_RepublicaC_Exteri_7d1ec9,,,,,
2026-09-12T04:16:06-05:00,PUR_IED_RepublicaC_S1101_f544b3,PUR_IED_RepublicaC_S1101_f544b3,,,,,
2026-09-12T04:16:06-05:00,PUR_IED_RepublicaC_S1102_7aafc7,PUR_IED_RepublicaC_S1102_7aafc7,,,,,
2026-09-12T04:16:06-05:00,PUR_IED_Ricaurte_Externo_a0ea1,PUR_IED_Ricaurte_Externo_a0ea1,,,,,
2026-09-12T04:16:06-05:00,PUR_IED_Ricaurte_S210_f546fd,PUR_IED_Ricaurte_S210_f546fd,,,,,
2026-09-12T04:16:06-05:00,PUR_IED_Ricaurte_S309_d4452,PUR_IED_Ricaurte_S309_d4452,,,,,
2026-09-12T04:16:06-05:00,PUR_IED_RogelioS_1102_531e69,PUR_IED_RogelioS_1102_531e69,,,,,
2026-09-12T04:16:06-05:00,PUR_IED_RogelioS_Ext_f25a18,PUR_IED_RogelioS_Ext_f25a18,,,,,
2026-09-12T04:16:06-05:00,PUR_IED_SBernardino_Ext_27aff8,PUR_IED_SBernardino_Ext_27aff8,,,,,
2026-09-12T04:16:06-05:00,PUR_IED_SBernardino_SArte_2ffd33,PUR_IED_SBernardino_SArte_2ffd33,,,,,
2026-09-12T04:16:06-05:00,PUR_IED_SBernardino_SIngl_7c7da5,PUR_IED_SBernardino_SIngl_7c7da5,,,,,
2026-09-12T04:16:06-05:00,PUR_IED_Sago_auditorio_dc9d1d,PUR_IED_Sago_auditorio_dc9d1d,,,,,
2026-09-12T04:16:06-05:00,PUR_IED_Saludcoop_Ext_95aac3,PUR_IED_Saludcoop_Ext_95aac3,,,,,
2026-09-12T04:16:06-05:00,PUR_IED_Saludcoop_InfI_90c854,PUR_IED_Saludcoop_InfI_90c854,,,,,
2026-09-12T04:16:06-05:00,PUR_IED_Saludcoop_SMedia_1b93be,PUR_IED_Saludcoop_SMedia_1b93be,,,,,
2026-09-12T04:16:06-05:00,PUR_IED_SanCarlos_1101_1a2360,PUR_IED_SanCarlos_1101_1a2360,,,,,
2026-09-12T04:16:06-05:00,PUR_IED_SanCarlos_1103_7bafb5,PUR_IED_SanCarlos_1103_7bafb5,,,,,
2026-09-12T04:16:06-05:00,PUR_IED_SanCarlos_Ext_b7cd1,PUR_IED_SanCarlos_Ext_b7cd1,,,,,
2026-09-12T04:16:06-05:00,PUR_IED_SanIgnacioBosa11a_50c26e,PUR_IED_SanIgnacioBosa11a_50c26e,,,,,
2026-09-12T04:16:06-05:00,PUR_IED_SanIgnacioBosa11b_371de8,PUR_IED_SanIgnacioBosa11b_371de8,,,,,
2026-09-12T04:16:06-05:00,PUR_IED_SanIgnacioBosaExt_ef0ffc,PUR_IED_SanIgnacioBosaExt_ef0ffc,,,,,
2026-09-12T04:16:06-05:00,PUR_IED_SanIgnacioBosa_11a_50c26e,PUR_IED_SanIgnacioBosa_11a_50c26e,,,,,
2026-09-12T04:16:06-05:00,PUR_IED_SanIgnacioBosa_Ext_ef0ffc,PUR_IED_SanIgnacioBosa_Ext_ef0ffc,,,,,
2026-09-12T04:16:06-05:00,PUR_IED_SanJoseN_intS1101_31c47f,PUR_IED_SanJoseN_intS1101_31c47f,,,,,
2026-09-12T04:16:06-05:00,PUR_IED_SanJoseUsm_Exter_f5d7e8,PUR_IED_SanJoseUsm_Exter_f5d7e8,,,,,
2026-09-12T04:16:06-05:00,PUR_IED_SanJoseUsm_Int11A_cfdef6,PUR_IED_SanJoseUsm_Int11A_cfdef6,,,,,
2026-09-12T04:16:06-05:00,PUR_IED_SilveriaR_IntB5_905349,PUR_IED_SilveriaR_IntB5_905349,,,,,
2026-09-12T04:16:06-05:00,PUR_IED_SilveriaR_IntSD14_981f93,PUR_IED_SilveriaR_IntSD14_981f93,,,,,
2026-09-12T04:16:06-05:00,PUR_IED_SilveriaR_ext_2b651d,PUR_IED_SilveriaR_ext_2b651d,,,,,
2026-09-12T04:16:06-05:00,PUR_IED_SimonB_Exterior_913975,PUR_IED_SimonB_Exterior_913975,,,,,
2026-09-12T04:16:06-05:00,PUR_IED_SimonB_LabQuimi_c56908,PUR_IED_SimonB_LabQuimi_c56908,,,,,
2026-09-12T04:16:06-05:00,PUR_IED_SimonB_informatic_a28c1,PUR_IED_SimonB_informatic_a28c1,,,,,
2026-09-12T04:16:06-05:00,PUR_IED_Sorrento_1102_315f50,PUR_IED_Sorrento_1102_315f50,,,,,
2026-09-12T04:16:06-05:00,PUR_IED_Sorrento_Minte_214eab,PUR_IED_Sorrento_Minte_214eab,,,,,
2026-09-12T04:16:06-05:00,PUR_IED_Sorrento_ext_7c3a0a,PUR_IED_Sorrento_ext_7c3a0a,,,,,
2026-09-12T04:16:06-05:00,PUR_IED_Tabora_Ext_f048ae,PUR_IED_Tabora_Ext_f048ae,,,,,
2026-09-12T04:16:06-05:00,PUR_IED_Tabora_S1102_b07752,PUR_IED_Tabora_S1102_b07752,,,,,
2026-09-12T04:16:06-05:00,PUR_IED_Tabora_S1103_d988f5,PUR_IED_Tabora_S1103_d988f5,,,,,
2026-09-12T04:16:06-05:00,PUR_IED_Tenerife_Ext_1ab188,PUR_IED_Tenerife_Ext_1ab188,,,,,
2026-09-12T04:16:06-05:00,PUR_IED_Tenerife_SDanzas_7bc02e,PUR_IED_Tenerife_SDanzas_7bc02e,,,,,
2026-09-12T04:16:06-05:00,PUR_IED_Tenerife_SIngles_7cc277,PUR_IED_Tenerife_SIngles_7cc277,,,,,
2026-09-12T04:16:06-05:00,PUR_IED_Tibabuyes_Exter_f2683d,PUR_IED_Tibabuyes_Exter_f2683d,,,,,
2026-09-12T04:16:06-05:00,PUR_IED_Tibabuyes_S10_dc87a8,PUR_IED_Tibabuyes_S10_dc87a8,,,,,
2026-09-12T04:16:06-05:00,PUR_IED_Tibabuyes_S15_dc0526,PUR_IED_Tibabuyes_S15_dc0526,,,,,
2026-09-12T04:16:06-05:00,PUR_IED_UnionE_S301_a1043,PUR_IED_UnionE_S301_a1043,,,,,
2026-09-12T04:16:06-05:00,PUR_IED_UnionE_S307_ff6c2f,PUR_IED_UnionE_S307_ff6c2f,,,,,
2026-09-12T04:16:06-05:00,PUR_IED_UnionE__Ext_5e2468,PUR_IED_UnionE__Ext_5e2468,,,,,
2026-09-12T04:16:06-05:00,PUR_IED_VillaRica_Ext_75be7c,PUR_IED_VillaRica_Ext_75be7c,,,,,
2026-09-12T04:16:06-05:00,PUR_IED_VillaRica_S4_cc5dcd,PUR_IED_VillaRica_S4_cc5dcd,,,,,
2026-09-12T04:16:06-05:00,PUR_IED_VillaRica_Sesp_99f5c,PUR_IED_VillaRica_Sesp_99f5c,,,,,
2026-09-12T04:21:11-05:00,PUR_IED_20deJulio_1101_91b1b9,PUR_IED_20deJulio_1101_91b1b9,,,,,
2026-09-12T04:21:11-05:00,PUR_IED_20deJulio_1102_1cfcf9,PUR_IED_20deJulio_1102_1cfcf9,,,,,
2026-09-12T04:21:11-05:00,PUR_IED_20deJulio_Ext_ab60bd,PUR_IED_20deJulio_Ext_ab60bd,,,,,
2026-09-12T04:21:11-05:00,PUR_IED_AgustinFer_Ext_7b9b77,PUR_IED_AgustinFer_Ext_7b9b77,,,,,
2026-09-12T04:21:11-05:00,PUR_IED_AgustinFer_Info2_27b3a7,PUR_IED_AgustinFer_Info2_27b3a7,,,,,
2026-09-12T04:21:11-05:00,PUR_IED_AgustinFer_Sena_54b4eb,PUR_IED_AgustinFer_Sena_54b4eb,,,,,
2026-09-12T04:21:11-05:00,PUR_IED_AlexanderF_1102_caf07b,PUR_IED_AlexanderF_1102_caf07b,,,,,
2026-09-12T04:21:11-05:00,PUR_IED_AlexanderF_1103_c79e71,PUR_IED_AlexanderF_1103_c79e71,,,,,
2026-09-12T04:21:11-05:00,PUR_IED_AlexanderF_Ext_c5b18b,PUR_IED_AlexanderF_Ext_c5b18b,,,,,
2026-09-12T04:21:11-05:00,PUR_IED_AlfonsoLopez_Ext_281d77,PUR_IED_AlfonsoLopez_Ext_281d77,,,,,
2026-09-12T04:21:11-05:00,PUR_IED_AlfonsoLopez_LabF_888ce0,PUR_IED_AlfonsoLopez_LabF_888ce0,,,,,
2026-09-12T04:21:11-05:00,PUR_IED_AlfonsoLopez_SMed_df6a7f,PUR_IED_AlfonsoLopez_SMed_df6a7f,,,,,
2026-09-12T04:21:11-05:00,PUR_IED_AltamiraSO_A2_209f92,PUR_IED_AltamiraSO_A2_209f92,,,,,
2026-09-12T04:21:11-05:00,PUR_IED_AltamiraSO_Ext_186d66,PUR_IED_AltamiraSO_Ext_186d66,,,,,
2026-09-12T04:21:11-05:00,PUR_IED_AltamiraSO_Sistem_27afe1,PUR_IED_AltamiraSO_Sistem_27afe1,,,,,
2026-09-12T04:21:11-05:00,PUR_IED_AlvaroGom_LabQuim_813179,PUR_IED_AlvaroGom_LabQuim_813179,,,,,
2026-09-12T04:21:11-05:00,PUR_IED_AlvaroGomez_Ext_47c7ca,PUR_IED_AlvaroGomez_Ext_47c7ca,,,,,
2026-09-12T04:21:11-05:00,PUR_IED_AlvaroGomez_LabQuim_813179,PUR_IED_AlvaroGomez_LabQuim_813179,,,,,
2026-09-12T04:21:11-05:00,PUR_IED_AlvaroGomez_S23_7ba89f,PUR_IED_AlvaroGomez_S23_7ba89f,,,,,
2026-09-12T04:21:11-05:00,PUR_IED_Amistad_306_dc8728,PUR_IED_Amistad_306_dc8728,,,,,
2026-09-12T04:21:11-05:00,PUR_IED_Amistad_Ext_8cd55e,PUR_IED_Amistad_Ext_8cd55e,,,,,
2026-09-12T04:21:11-05:00,PUR_IED_Amistad_S202_a41169,PUR_IED_Amistad_S202_a41169,,,,,
2026-09-12T04:21:11-05:00,PUR_IED_AndresBello_Bio_fd5f5e,PUR_IED_AndresBello_Bio_fd5f5e,,,,,
2026-09-12T04:21:11-05:00,PUR_IED_AndresBello_ext_dcad65,PUR_IED_AndresBello_ext_dcad65,,,,,
2026-09-12T04:21:11-05:00,PUR_IED_AndresBello_port_eed3ec,PUR_IED_AndresBello_port_eed3ec,,,,,
2026-09-12T04:21:11-05:00,PUR_IED_AngelaR_11b_d90a6b,PUR_IED_AngelaR_11b_d90a6b,,,,,
2026-09-12T04:21:11-05:00,PUR_IED_AngelaR_ext_7cad3e,PUR_IED_AngelaR_ext_7cad3e,10,19,62,4.5825,-74.164497
2026-09-12T04:21:11-05:00,PUR_IED_AntJoseSucre_10mo_df2575,PUR_IED_AntJoseSucre_10mo_df2575,,,,,
2026-09-12T04:21:11-05:00,PUR_IED_AntJoseSucre_Ext_215b36,PUR_IED_AntJoseSucre_Ext_215b36,,,,,
2026-09-12T04:21:11-05:00,PUR_IED_AntJoseSucre_Lab_3139de,PUR_IED_AntJoseSucre_Lab_3139de,,,,,
2026-09-12T04:21:11-05:00,PUR_IED_AntonioGarcia_301_d6b188,PUR_IED_AntonioGarcia_301_d6b188,,,,,
2026-09-12T04:21:11-05:00,PUR_IED_AntonioGarcia_302_88a82,PUR_IED_AntonioGarcia_302_88a82,,,,,
2026-09-12T04:21:11-05:00,PUR_IED_AntonioGarcia_Ext_20950c,PUR_IED_AntonioGarcia_Ext_20950c,,,,,
2026-09-12T04:21:11-05:00,PUR_IED_AntonioVan_Aula2_6dea02,PUR_IED_AntonioVan_Aula2_6dea02,,,,,
2026-09-12T04:21:11-05:00,PUR_IED_AntonioVan_Aula5_f1557e,PUR_IED_AntonioVan_Aula5_f1557e,,,,,
2026-09-12T04:21:11-05:00,PUR_IED_AntonioVan_Ext_406f2f,PUR_IED_AntonioVan_Ext_406f2f,,,,,
2026-09-12T04:21:11-05:00,PUR_IED_Atabanzha_Ext_cc5af9,PUR_IED_Atabanzha_Ext_cc5af9,,,,,
2026-09-12T04:21:11-05:00,PUR_IED_Atabanzha_SA101_56c37,PUR_IED_Atabanzha_SA101_56c37,,,,,
2026-09-12T04:21:11-05:00,PUR_IED_Atabanzha_SB302_27b374,PUR_IED_Atabanzha_SB302_27b374,,,,,
2026-09-12T04:21:11-05:00,PUR_IED_Atahualpa_Ext_fc1748,PUR_IED_Atahualpa_Ext_fc1748,,,,,
2026-09-12T04:21:11-05:00,PUR_IED_Atahualpa_Informa_dc9a95,PUR_IED_Atahualpa_Informa_dc9a95,,,,,
2026-09-12T04:21:11-05:00,PUR_IED_Atahualpa_S1101_f98056,PUR_IED_Atahualpa_S1101_f98056,,,,,
2026-09-12T04:21:11-05:00,PUR_IED_Bellavista_Ext_f5aa74,PUR_IED_Bellavista_Ext_f5aa74,,,,,
2026-09-12T04:21:11-05:00,PUR_IED_Bilbao_11A_916c41,PUR_IED_Bilbao_11A_916c41,,,,,
2026-09-12T04:21:11-05:00,PUR_IED_Bilbao_Ext_fb579a,PUR_IED_Bilbao_Ext_fb579a,,,,,
2026-09-12T04:21:11-05:00,PUR_IED_BrasiliaU_A125_304280,PUR_IED_BrasiliaU_A125_304280,,,,,
2026-09-12T04:21:11-05:00,PUR_IED_BrasiliaU_A203_7c8ca5,PUR_IED_BrasiliaU_A203_7c8ca5,,,,,
2026-09-12T04:21:11-05:00,PUR_IED_BrasiliaU_Ext_8d6e9f,PUR_IED_BrasiliaU_Ext_8d6e9f,4,16,66,4.5175,-74.116302
2026-09-12T04:21:11-05:00,PUR_IED_Brasilia_Ext_fe6593,PUR_IED_Brasilia_Ext_fe6593,,,,,
2026-09-12T04:21:11-05:00,PUR_IED_Brasilia_S24_7c130d,PUR_IED_Brasilia_S24_7c130d,,,,,
2026-09-12T04:21:11-05:00,PUR_IED_Brasilia_S501_186a54,PUR_IED_Brasilia_S501_186a54,,,,,
2026-09-12T04:21:11-05:00,PUR_IED_CHARRY_EXT_f1d5cd,PUR_IED_CHARRY_EXT_f1d5cd,,,,,
2026-09-12T04:21:11-05:00,PUR_IED_CHARRY_INTDANZAS_7a08e6,PUR_IED_CHARRY_INTDANZAS_7a08e6,,,,,
2026-09-12T04:21:11-05:00,PUR_IED_CHARRY_INT_AULA20_dc998d,PUR_IED_CHARRY_INT_AULA20_dc998d,,,,,
2026-09-12T04:21:11-05:00,PUR_IED_COLVIV_1101_S25_7f520a,PUR_IED_COLVIV_1101_S25_7f520a,,,,,
2026-09-12T04:21:11-05:00,PUR_IED_COLVIV_1102_S16_f570ba,PUR_IED_COLVIV_1102_S16_f570ba,,,,,
2026-09-12T04:21:11-05:00,PUR_IED_COLVIV_Ext_1a26fa,PUR_IED_COLVIV_Ext_1a26fa,,,,,
2026-09-12T04:21:11-05:00,PUR_IED_CULPOP_301A_f660f3,PUR_IED_CULPOP_301A_f660f3,,,,,
2026-09-12T04:21:11-05:00,PUR_IED_CULPOP_303_568afe,PUR_IED_CULPOP_303_568afe,,,,,
2026-09-12T04:21:11-05:00,PUR_IED_CULPOP_Ext_e02ccb,PUR_IED_CULPOP_Ext_e02ccb,,,,,
2026-09-12T04:21:11-05:00,PUR_IED_CVillavicen_Ext_26eb58,PUR_IED_CVillavicen_Ext_26eb58,5,14,81,4.487,-74.102798
2026-09-12T04:21:11-05:00,PUR_IED_CVillavicen_Intel_1ce5c2,PUR_IED_CVillavicen_Intel_1ce5c2,,,,,
2026-09-12T04:21:11-05:00,PUR_IED_CVillavicen_Poliv_e0766c,PUR_IED_CVillavicen_Poliv_e0766c,,,,,
2026-09-12T04:21:11-05:00,PUR_IED_CVillavicen_int_1ba140,PUR_IED_CVillavicen_int_1ba140,,,,,
2026-09-12T04:21:11-05:00,PUR_IED_CVillavicen_intel_1ba140,PUR_IED_CVillavicen_intel_1ba140,,,,,
2026-09-12T04:21:11-05:00,PUR_IED_CarlosPizarro_Ext_e307cc,PUR_IED_CarlosPizarro_Ext_e307cc,,,,,
2026-09-12T04:21:11-05:00,PUR_IED_CarlosPizarro_L36_7e5cdb,PUR_IED_CarlosPizarro_L36_7e5cdb,,,,,
2026-09-12T04:21:11-05:00,PUR_IED_CarlosPizarro_L37_c8566c,PUR_IED_CarlosPizarro_L37_c8566c,,,,,
2026-09-12T04:21:11-05:00,PUR_IED_Castilla_Ext_cf35f,PUR_IED_Castilla_Ext_cf35f,,,,,
2026-09-12T04:21:11-05:00,PUR_IED_Castilla_SFisik_360e38,PUR_IED_Castilla_SFisik_360e38,,,,,
2026-09-12T04:21:11-05:00,PUR_IED_Castilla_Sc304_496fbf,PUR_IED_Castilla_Sc304_496fbf,,,,,
2026-09-12T04:21:11-05:00,PUR_IED_CervantesSa_Ext_6b57b,PUR_IED_CervantesSa_Ext_6b57b,3,16,71,4.5128,-74.117203
2026-09-12T04:21:11-05:00,PUR_IED_CervantesSa_S107_225c2b,PUR_IED_CervantesSa_S107_225c2b,,,,,
2026-09-12T04:21:11-05:00,PUR_IED_CervantesSa_S108_940925,PUR_IED_CervantesSa_S108_940925,,,,,
2026-09-12T04:21:11-05:00,PUR_IED_Charry_A20_f53e7c,PUR_IED_Charry_A20_f53e7c,,,,,
2026-09-12T04:21:11-05:00,PUR_IED_Charry_Ext_f1d5cd,PUR_IED_Charry_Ext_f1d5cd,,,,,
2026-09-12T04:21:11-05:00,PUR_IED_Charry_IntAula20_dc998d,PUR_IED_Charry_IntAula20_dc998d,,,,,
2026-09-12T04:21:11-05:00,PUR_IED_Charry_IntDanzas_7a08e6,PUR_IED_Charry_IntDanzas_7a08e6,,,,,
2026-09-12T04:21:11-05:00,PUR_IED_ClememciaC_203_43e2fc,PUR_IED_ClememciaC_203_43e2fc,,,,,
2026-09-12T04:21:11-05:00,PUR_IED_ClememciaC_Ext_1b411a,PUR_IED_ClememciaC_Ext_1b411a,,,,,
2026-09-12T04:21:11-05:00,PUR_IED_ClememciaC_Quimic_44b5fc,PUR_IED_ClememciaC_Quimic_44b5fc,,,,,
2026-09-12T04:21:11-05:00,PUR_IED_ClemenciaC_203_43e2fc,PUR_IED_ClemenciaC_203_43e2fc,,,,,
2026-09-12T04:21:11-05:00,PUR_IED_ClemenciaC_Ext_1b411a,PUR_IED_ClemenciaC_Ext_1b411a,,,,,
2026-09-12T04:21:11-05:00,PUR_IED_ClemenciaC_Quimic_44b5fc,PUR_IED_ClemenciaC_Quimic_44b5fc,,,,,
2026-09-12T04:21:11-05:00,PUR_IED_ColViva_1101_S25_7f520a,PUR_IED_ColViva_1101_S25_7f520a,,,,,
2026-09-12T04:21:11-05:00,PUR_IED_ColViva_1102_S16_f570ba,PUR_IED_ColViva_1102_S16_f570ba,,,,,
2026-09-12T04:21:11-05:00,PUR_IED_ColViva_Ext_1a26fa,PUR_IED_ColViva_Ext_1a26fa,,,,,
2026-09-12T04:21:11-05:00,PUR_IED_ColegioBici_Asist_7c8798,PUR_IED_ColegioBici_Asist_7c8798,,,,,
2026-09-12T04:21:11-05:00,PUR_IED_ColegioBici_Ext_25cbf6,PUR_IED_ColegioBici_Ext_25cbf6,,,,,
2026-09-12T04:21:11-05:00,PUR_IED_ColegioBici_LabQ_7b57db,PUR_IED_ColegioBici_LabQ_7b57db,,,,,
2026-09-12T04:21:11-05:00,PUR_IED_CostaRica_Ext_5e640,PUR_IED_CostaRica_Ext_5e640,,,,,
2026-09-12T04:21:11-05:00,PUR_IED_CostaRica_Quim1_766d1c,PUR_IED_CostaRica_Quim1_766d1c,,,,,
2026-09-12T04:21:11-05:00,PUR_IED_CostaRica__Fisica_6f0873,PUR_IED_CostaRica__Fisica_6f0873,,,,,
2026-09-12T04:21:11-05:00,PUR_IED_CulPopu_301A_f660f3,PUR_IED_CulPopu_301A_f660f3,,,,,
2026-09-12T04:21:11-05:00,PUR_IED_CulPopu_303_568afe,PUR_IED_CulPopu_303_568afe,,,,,
2026-09-12T04:21:11-05:00,PUR_IED_CulPopu_Ext_e02ccb,PUR_IED_CulPopu_Ext_e02ccb,,,,,
2026-09-12T04:21:11-05:00,PUR_IED_Cundinamarca_Ext_f15985,PUR_IED_Cundinamarca_Ext_f15985,,,,,
2026-09-12T04:21:11-05:00,PUR_IED_Cundinamarca_Info_7aa5d7,PUR_IED_Cundinamarca_Info_7aa5d7,,,,,
2026-09-12T04:21:11-05:00,PUR_IED_Cundinamarca_Tec2_f449c7,PUR_IED_Cundinamarca_Tec2_f449c7,,,,,
2026-09-12T04:21:11-05:00,PUR_IED_DiegoM_Aula1_27b314,PUR_IED_DiegoM_Aula1_27b314,,,,,
2026-09-12T04:21:11-05:00,PUR_IED_DiegoM_Ext_d80ac8,PUR_IED_DiegoM_Ext_d80ac8,,,,,
2026-09-12T04:21:11-05:00,PUR_IED_DiegoM_S25_da928f,PUR_IED_DiegoM_S25_da928f,,,,,
2026-09-12T04:21:11-05:00,PUR_IED_ELRODEO_360881,PUR_IED_ELRODEO_360881,,,,,
2026-09-12T04:21:11-05:00,PUR_IED_ELRODEO_ext_360881,PUR_IED_ELRODEO_ext_360881,,,,,
2026-09-12T04:21:11-05:00,PUR_IED_EduardoU_Ext_1c1969,PUR_IED_EduardoU_Ext_1c1969,,,,,
2026-09-12T04:21:11-05:00,PUR_IED_EduardoU_SCiencia_4dfb94,PUR_IED_EduardoU_SCiencia_4dfb94,,,,,
2026-09-12T04:21:11-05:00,PUR_IED_EduardoU_SQuimica_5a46e7,PUR_IED_EduardoU_SQuimica_5a46e7,,,,,
2026-09-12T04:21:11-05:00,PUR_IED_ElRodeo_Aula14_676984,PUR_IED_ElRodeo_Aula14_676984,,,,,
2026-09-12T04:21:11-05:00,PUR_IED_ElRodeo_Aula16_2dd35b,PUR_IED_ElRodeo_Aula16_2dd35b,,,,,
2026-09-12T04:21:11-05:00,PUR_IED_ElRodeo_Ext_360881,PUR_IED_ElRodeo_Ext_360881,,,,,
2026-09-12T04:21:11-05:00,PUR_IED_ElRodeo_Exterior_8c6d28,PUR_IED_ElRodeo_Exterior_8c6d28,,,,,
2026-09-12T04:21:11-05:00,PUR_IED_ElRodeo_ext_360881,PUR_IED_ElRodeo_ext_360881,,,,,
2026-09-12T04:21:11-05:00,PUR_IED_EmmaReyes_Ext_987625,PUR_IED_EmmaReyes_Ext_987625,9,21,53,4.6367,-74.1511
2026-09-12T04:21:11-05:00,PUR_IED_Ensueño_Ext_7f0250,PUR_IED_Ensueño_Ext_7f0250,,,,,
2026-09-12T04:21:11-05:00,PUR_IED_EscNormal_Ext_5fef3b,PUR_IED_EscNormal_Ext_5fef3b,2,17,63,4.5852,-74.096901
2026-09-12T04:21:11-05:00,PUR_IED_EscNormal_S309_5b263,PUR_IED_EscNormal_S309_5b263,,,,,
2026-09-12T04:21:11-05:00,PUR_IED_EscNormal_S310_27b3b8,PUR_IED_EscNormal_S310_27b3b8,,,,,
2026-09-12T04:21:11-05:00,PUR_IED_Evangelista_Conta_f6cd4f,PUR_IED_Evangelista_Conta_f6cd4f,,,,,
2026-09-12T04:21:11-05:00,PUR_IED_Evangelista_Cri_5e16a,PUR_IED_Evangelista_Cri_5e16a,,,,,
2026-09-12T04:21:11-05:00,PUR_IED_Evangelista_Exter_754066,PUR_IED_Evangelista_Exter_754066,,,,,
2026-09-12T04:21:11-05:00,PUR_IED_FMiranda_S209_5cc2a3,PUR_IED_FMiranda_S209_5cc2a3,,,,,
2026-09-12T04:21:11-05:00,PUR_IED_FMiranda_S303_19e344,PUR_IED_FMiranda_S303_19e344,,,,,
2026-09-12T04:21:11-05:00,PUR_IED_FMiranda_ext_f53e7c,PUR_IED_FMiranda_ext_f53e7c,,,,,
2026-09-12T04:21:11-05:00,PUR_IED_FabioLozano_Bibli_1cee05,PUR_IED_FabioLozano_Bibli_1cee05,,,,,
2026-09-12T04:21:11-05:00,PUR_IED_FabioLozano_Ext_6ea285,PUR_IED_FabioLozano_Ext_6ea285,,,,,
2026-09-12T04:21:11-05:00,PUR_IED_FabioLozano_SLudi_f09e1e,PUR_IED_FabioLozano_SLudi_f09e1e,,,,,
2026-09-12T04:21:11-05:00,PUR_IED_FaustinoS_Aula07_27a731,PUR_IED_FaustinoS_Aula07_27a731,,,,,
2026-09-12T04:21:11-05:00,PUR_IED_FaustinoS_Ext_7b936f,PUR_IED_FaustinoS_Ext_7b936f,,,,,
2026-09-12T04:21:11-05:00,PUR_IED_FaustinoS_Fisica_da2c60,PUR_IED_FaustinoS_Fisica_da2c60,,,,,
2026-09-12T04:21:11-05:00,PUR_IED_FeGarciaLo_Ext_dc68ee,PUR_IED_FeGarciaLo_Ext_dc68ee,,,,,
2026-09-12T04:21:11-05:00,PUR_IED_FeGarciaLo_SDanza_f70a59,PUR_IED_FeGarciaLo_SDanza_f70a59,,,,,
2026-09-12T04:21:11-05:00,PUR_IED_FeGarciaLo_SMusic_125cdd,PUR_IED_FeGarciaLo_SMusic_125cdd,,,,,
2026-09-12T04:21:11-05:00,PUR_IED_FederalAlema_Exte_50c345,PUR_IED_FederalAlema_Exte_50c345,,,,,
2026-09-12T04:21:11-05:00,PUR_IED_FederalAlema_S31_f18371,PUR_IED_FederalAlema_S31_f18371,,,,,
2026-09-12T04:21:11-05:00,PUR_IED_FederalAlema_S901_a62cd,PUR_IED_FederalAlema_S901_a62cd,,,,,
2026-09-12T04:21:11-05:00,PUR_IED_FilarmonicaS_A5_f35eb1,PUR_IED_FilarmonicaS_A5_f35eb1,,,,,
2026-09-12T04:21:11-05:00,PUR_IED_FilarmonicaS_Ext_8a3bde,PUR_IED_FilarmonicaS_Ext_8a3bde,,,,,
2026-09-12T04:21:11-05:00,PUR_IED_FilarmonicaS_Spol_406114,PUR_IED_FilarmonicaS_Spol_406114,,,,,
2026-09-12T04:21:11-05:00,PUR_IED_FlorentinoG_A13_d1fa59,PUR_IED_FlorentinoG_A13_d1fa59,,,,,
2026-09-12T04:21:11-05:00,PUR_IED_FlorentinoG_Ext_1ce6ce,PUR_IED_FlorentinoG_Ext_1ce6ce,,,,,
2026-09-12T04:21:11-05:00,PUR_IED_FlorentinoG_Idiom_a66aac,PUR_IED_FlorentinoG_Idiom_a66aac,,,,,
2026-09-12T04:21:11-05:00,PUR_IED_FranciscoMati_Ext_e3869d,PUR_IED_FranciscoMati_Ext_e3869d,,,,,
2026-09-12T04:21:11-05:00,PUR_IED_FranciscoMati_S13_f31c67,PUR_IED_FranciscoMati_S13_f31c67,,,,,
2026-09-12T04:21:11-05:00,PUR_IED_FranciscoMati_S14_97dead,PUR_IED_FranciscoMati_S14_97dead,,,,,
2026-09-12T04:21:11-05:00,PUR_IED_FranciscoPS_Ext_7bfa9a,PUR_IED_FranciscoPS_Ext_7bfa9a,2,19,61,4.5899,-74.110397
2026-09-12T04:21:11-05:00,PUR_IED_FranciscoPS_Infor_fb8f4c,PUR_IED_FranciscoPS_Infor_fb8f4c,,,,,
2026-09-12T04:21:11-05:00,PUR_IED_FranciscoPS_Quimi_94d39c,PUR_IED_FranciscoPS_Quimi_94d39c,,,,,
2026-09-12T04:21:11-05:00,PUR_IED_FranciscoP_LabQ_d7e148,PUR_IED_FranciscoP_LabQ_d7e148,,,,,
2026-09-12T04:21:11-05:00,PUR_IED_FranciscoP_S28_cf9b30,PUR_IED_FranciscoP_S28_cf9b30,,,,,
2026-09-12T04:21:11-05:00,PUR_IED_FranciscoP_ext_e2313,PUR_IED_FranciscoP_ext_e2313,,,,,
2026-09-12T04:21:11-05:00,PUR_IED_FriederichN_Ext_8ac92a,PUR_IED_FriederichN_Ext_8ac92a,,,,,
2026-09-12T04:21:11-05:00,PUR_IED_FriederichN_S301_dd7e5a,PUR_IED_FriederichN_S301_dd7e5a,,,,,
2026-09-12T04:21:11-05:00,PUR_IED_FriederichN_S308_761f4f,PUR_IED_FriederichN_S308_761f4f,,,,,
2026-09-12T04:21:11-05:00,PUR_IED_GSantander_Aula10_533dd7,PUR_IED_GSantander_Aula10_533dd7,,,,,
2026-09-12T04:21:11-05:00,PUR_IED_GSantander_Aula12_fd4e4f,PUR_IED_GSantander_Aula12_fd4e4f,,,,,
2026-09-12T04:21:11-05:00,PUR_IED_GSantander_Aula310_533dd7,PUR_IED_GSantander_Aula310_533dd7,,,,,
2026-09-12T04:21:11-05:00,PUR_IED_GSantander_Aula312_fd4e4f,PUR_IED_GSantander_Aula312_fd4e4f,,,,,
2026-09-12T04:21:11-05:00,PUR_IED_GSantander_Ext_5f66b0,PUR_IED_GSantander_Ext_5f66b0,,,,,
2026-09-12T04:21:11-05:00,PUR_IED_GYomasa_Ext_f6bea5,PUR_IED_GYomasa_Ext_f6bea5,,,,,
2026-09-12T04:21:11-05:00,PUR_IED_GYomasa_LBiol_2c41aa,PUR_IED_GYomasa_LBiol_2c41aa,,,,,
2026-09-12T04:21:11-05:00,PUR_IED_GYomasa_LQuim_33c80,PUR_IED_GYomasa_LQuim_33c80,,,,,
2026-09-12T04:21:11-05:00,PUR_IED_GabBetMejia_Cienc_5a99c,PUR_IED_GabBetMejia_Cienc_5a99c,,,,,
2026-09-12T04:21:11-05:00,PUR_IED_GabBetMejia_Ext_9153d0,PUR_IED_GabBetMejia_Ext_9153d0,,,,,
2026-09-12T04:21:11-05:00,PUR_IED_GabBetMejia_Lab_f55347,PUR_IED_GabBetMejia_Lab_f55347,,,,,
2026-09-12T04:21:11-05:00,PUR_IED_GabBetanMejia_Ext_9153d0,PUR_IED_GabBetanMejia_Ext_9153d0,,,,,
2026-09-12T04:21:11-05:00,PUR_IED_Gaitana_Aula13_7aac11,PUR_IED_Gaitana_Aula13_7aac11,,,,,
2026-09-12T04:21:11-05:00,PUR_IED_Gaitana_Ext_5fcf4,PUR_IED_Gaitana_Ext_5fcf4,,,,,
2026-09-12T04:21:11-05:00,PUR_IED_Gaitana_LabFisica_644448,PUR_IED_Gaitana_LabFisica_644448,,,,,
2026-09-12T04:21:11-05:00,PUR_IED_GenSantander_Dise_8ac858,PUR_IED_GenSantander_Dise_8ac858,,,,,
2026-09-12T04:21:11-05:00,PUR_IED_GenSantander_Ext_8d5dfe,PUR_IED_GenSantander_Ext_8d5dfe,,,,,
2026-09-12T04:21:11-05:00,PUR_IED_GenSantander_Info_6c25b,PUR_IED_GenSantander_Info_6c25b,,,,,
2026-09-12T04:21:11-05:00,PUR_IED_GustavoMo_Exterio_75e63d,PUR_IED_GustavoMo_Exterio_75e63d,,,,,
2026-09-12T04:21:11-05:00,PUR_IED_GustavoMo_LabFisi_224d37,PUR_IED_GustavoMo_LabFisi_224d37,,,,,
2026-09-12T04:21:11-05:00,PUR_IED_GustavoMo_S208_3e6918,PUR_IED_GustavoMo_S208_3e6918,,,,,
2026-09-12T04:21:11-05:00,PUR_IED_GustavoR_A02_8cd4a8,PUR_IED_GustavoR_A02_8cd4a8,,,,,
2026-09-12T04:21:11-05:00,PUR_IED_GustavoR_B11_5b0ed,PUR_IED_GustavoR_B11_5b0ed,,,,,
2026-09-12T04:21:11-05:00,PUR_IED_GustavoR_Ext_7a0c90,PUR_IED_GustavoR_Ext_7a0c90,,,,,
2026-09-12T04:21:11-05:00,PUR_IED_HernandoDuran_Ext_8cd82b,PUR_IED_HernandoDuran_Ext_8cd82b,,,,,
2026-09-12T04:21:11-05:00,PUR_IED_HernandoDuran_S24_2772c6,PUR_IED_HernandoDuran_S24_2772c6,,,,,
2026-09-12T04:21:11-05:00,PUR_IED_HernandoDuran_S30_f2de41,PUR_IED_HernandoDuran_S30_f2de41,,,,,
2026-09-12T04:21:11-05:00,PUR_IED_HolguInUr_S1101_8cd732,PUR_IED_HolguInUr_S1101_8cd732,,,,,
2026-09-12T04:21:11-05:00,PUR_IED_HolguinUr_Exter_ddae6d,PUR_IED_HolguinUr_Exter_ddae6d,,,,,
2026-09-12T04:21:11-05:00,PUR_IED_HolguinUr_LabQuim_92b952,PUR_IED_HolguinUr_LabQuim_92b952,,,,,
2026-09-12T04:21:11-05:00,PUR_IED_Isabel-II_Ext_5245cc,PUR_IED_Isabel-II_Ext_5245cc,10,18,61,4.6336,-74.153
2026-09-12T04:21:11-05:00,PUR_IED_Isabel-II_S_idiom_1c29aa,PUR_IED_Isabel-II_S_idiom_1c29aa,,,,,
2026-09-12T04:21:11-05:00,PUR_IED_Isabel-II_S_infor_fd741,PUR_IED_Isabel-II_S_infor_fd741,,,,,
2026-09-12T04:21:11-05:00,PUR_IED_IsidroSur_Exterio_5b90ea,PUR_IED_IsidroSur_Exterio_5b90ea,,,,,
2026-09-12T04:21:11-05:00,PUR_IED_IsidroSur_LabTec_56697a,PUR_IED_IsidroSur_LabTec_56697a,,,,,
2026-09-12T04:21:11-05:00,PUR_IED_IsidroSur_Robotic_b7c38f,PUR_IED_IsidroSur_Robotic_b7c38f,,,,,
2026-09-12T04:21:11-05:00,PUR_IED_IsmaelPerd_Ext_7b6672,PUR_IED_IsmaelPerd_Ext_7b6672,,,,,
2026-09-12T04:21:11-05:00,PUR_IED_IsmaelPerd_Inform_306540,PUR_IED_IsmaelPerd_Inform_306540,,,,,
2026-09-12T04:21:11-05:00,PUR_IED_IsmaelPerd_S30_2e2c83,PUR_IED_IsmaelPerd_S30_2e2c83,,,,,
2026-09-12T04:21:11-05:00,PUR_IED_JLozano_Exter_432910,PUR_IED_JLozano_Exter_432910,,,,,
2026-09-12T04:21:11-05:00,PUR_IED_JLozano_salaMulti_df5125,PUR_IED_JLozano_salaMulti_df5125,,,,,
2026-09-12T04:21:11-05:00,PUR_IED_JMCordoba_206_86f80b,PUR_IED_JMCordoba_206_86f80b,,,,,
2026-09-12T04:21:11-05:00,PUR_IED_JMCordoba_Ext_27ad97,PUR_IED_JMCordoba_Ext_27ad97,,,,,
2026-09-12T04:21:11-05:00,PUR_IED_JMCordoba_S310_d59ab4,PUR_IED_JMCordoba_S310_d59ab4,,,,,
2026-09-12T04:21:11-05:00,PUR_IED_Japon_Ext_549100,PUR_IED_Japon_Ext_549100,,,,,
2026-09-12T04:21:11-05:00,PUR_IED_Japon_Laboratorio_bec51d,PUR_IED_Japon_Laboratorio_bec51d,,,,,
2026-09-12T04:21:11-05:00,PUR_IED_Japon_informatica_d99327,PUR_IED_Japon_informatica_d99327,,,,,
2026-09-12T04:21:11-05:00,PUR_IED_Jazmin_Ext_d27bda,PUR_IED_Jazmin_Ext_d27bda,,,,,
2026-09-12T04:21:11-05:00,PUR_IED_Jazmin_Fisica_8d14d7,PUR_IED_Jazmin_Fisica_8d14d7,,,,,
2026-09-12T04:21:11-05:00,PUR_IED_Jazmin_Quimica_801cb5,PUR_IED_Jazmin_Quimica_801cb5,,,,,
2026-09-12T04:21:11-05:00,PUR_IED_JorgeGaitan_Exter_f098d1,PUR_IED_JorgeGaitan_Exter_f098d1,,,,,
2026-09-12T04:21:11-05:00,PUR_IED_JorgeGaitan_STec1_dc9d1d,PUR_IED_JorgeGaitan_STec1_dc9d1d,,,,,
2026-09-12T04:21:11-05:00,PUR_IED_JorgeGaitan_STec2_281e69,PUR_IED_JorgeGaitan_STec2_281e69,,,,,
2026-09-12T04:21:11-05:00,PUR_IED_JorgeSoto_Exterio_d9d0a2,PUR_IED_JorgeSoto_Exterio_d9d0a2,,,,,
2026-09-12T04:21:11-05:00,PUR_IED_JorgeSoto_LabFisi_209c54,PUR_IED_JorgeSoto_LabFisi_209c54,,,,,
2026-09-12T04:21:11-05:00,PUR_IED_JorgeSoto_S103_27b51a,PUR_IED_JorgeSoto_S103_27b51a,,,,,
2026-09-12T04:21:11-05:00,PUR_IED_JoseAcevedo_A02_e965eb,PUR_IED_JoseAcevedo_A02_e965eb,,,,,
2026-09-12T04:21:11-05:00,PUR_IED_JoseAcevedo_A07_dd5b4,PUR_IED_JoseAcevedo_A07_dd5b4,,,,,
2026-09-12T04:21:11-05:00,PUR_IED_JoseAcevedo_Ext_b47484,PUR_IED_JoseAcevedo_Ext_b47484,,,,,
2026-09-12T04:21:11-05:00,PUR_IED_JoseMarti_Exte_5b9bf,PUR_IED_JoseMarti_Exte_5b9bf,,,,,
2026-09-12T04:21:11-05:00,PUR_IED_JoseMarti_LabQuim_1c6c2d,PUR_IED_JoseMarti_LabQuim_1c6c2d,,,,,
2026-09-12T04:21:11-05:00,PUR_IED_JoseMarti_S_info_f5f177,PUR_IED_JoseMarti_S_info_f5f177,,,,,
2026-09-12T04:21:11-05:00,PUR_IED_Josejoaquin_Ext_dfc5dc,PUR_IED_Josejoaquin_Ext_dfc5dc,,,,,
2026-09-12T04:21:11-05:00,PUR_IED_Josejoaquin_S05_5b2a96,PUR_IED_Josejoaquin_S05_5b2a96,,,,,
2026-09-12T04:21:11-05:00,PUR_IED_Josejoaquin_S06_1ce7d2,PUR_IED_Josejoaquin_S06_1ce7d2,,,,,
2026-09-12T04:21:11-05:00,PUR_IED_JulioFlorez_Danza_9b82dd,PUR_IED_JulioFlorez_Danza_9b82dd,,,,,
2026-09-12T04:21:11-05:00,PUR_IED_JulioFlorez_Exter_f9f314,PUR_IED_JulioFlorez_Exter_f9f314,,,,,
2026-09-12T04:21:11-05:00,PUR_IED_JulioFlorez_info2_6b6e08,PUR_IED_JulioFlorez_info2_6b6e08,,,,,
2026-09-12T04:21:11-05:00,PUR_IED_LaBelleza_Aula13_1d00d8,PUR_IED_LaBelleza_Aula13_1d00d8,,,,,
2026-09-12T04:21:11-05:00,PUR_IED_LaBelleza_Ext_7bc08c,PUR_IED_LaBelleza_Ext_7bc08c,,,,,
2026-09-12T04:21:11-05:00,PUR_IED_LaChucua_Ext_8cd6d2,PUR_IED_LaChucua_Ext_8cd6d2,,,,,
2026-09-12T04:21:11-05:00,PUR_IED_LaChucua_S15_f578ce,PUR_IED_LaChucua_S15_f578ce,,,,,
2026-09-12T04:21:11-05:00,PUR_IED_LaChucua_S16_eebcf9,PUR_IED_LaChucua_S16_eebcf9,,,,,
2026-09-12T04:21:11-05:00,PUR_IED_LaFelicidad_Ext_fb5109,PUR_IED_LaFelicidad_Ext_fb5109,,,,,
2026-09-12T04:21:11-05:00,PUR_IED_LaMerced_206_66ebd,PUR_IED_LaMerced_206_66ebd,,,,,
2026-09-12T04:21:11-05:00,PUR_IED_LaMerced_207_6ebd6,PUR_IED_LaMerced_207_6ebd6,,,,,
2026-09-12T04:21:11-05:00,PUR_IED_LaMerced_ext_304311,PUR_IED_LaMerced_ext_304311,,,,,
2026-09-12T04:21:11-05:00,PUR_IED_Laureano_CiencNat_281e5e,PUR_IED_Laureano_CiencNat_281e5e,,,,,
2026-09-12T04:21:11-05:00,PUR_IED_Laureano_Comedor_f65c0a,PUR_IED_Laureano_Comedor_f65c0a,,,,,
2026-09-12T04:21:11-05:00,PUR_IED_Laureano_Exterior_7ab011,PUR_IED_Laureano_Exterior_7ab011,,,,,
2026-09-12T04:21:11-05:00,PUR_IED_LeonGreiff_Exte_dfe560,PUR_IED_LeonGreiff_Exte_dfe560,,,,,
2026-09-12T04:21:11-05:00,PUR_IED_LeonGreiff_S210_f264ed,PUR_IED_LeonGreiff_S210_f264ed,,,,,
2026-09-12T04:21:11-05:00,PUR_IED_LeonGreiff_SQuimi_e8296f,PUR_IED_LeonGreiff_SQuimi_e8296f,,,,,
2026-09-12T04:21:11-05:00,PUR_IED_LlanoOrientalS208_7b9fcd,PUR_IED_LlanoOrientalS208_7b9fcd,,,,,
2026-09-12T04:21:11-05:00,PUR_IED_LlanoOriental_Ext_fb3766,PUR_IED_LlanoOriental_Ext_fb3766,,,,,
2026-09-12T04:21:11-05:00,PUR_IED_LlanoOriental_S208_7b9fcd,PUR_IED_LlanoOriental_S208_7b9fcd,,,,,
2026-09-12T04:21:11-05:00,PUR_IED_LlanoOriental_S9_27b378,PUR_IED_LlanoOriental_S9_27b378,,,,,
2026-09-12T04:21:11-05:00,PUR_IED_LosTejares_1101_477602,PUR_IED_LosTejares_1101_477602,,,,,
2026-09-12T04:21:11-05:00,PUR_IED_LosTejares_11_d2c595,PUR_IED_LosTejares_11_d2c595,,,,,
2026-09-12T04:21:11-05:00,PUR_IED_LosTejares_12_477602,PUR_IED_LosTejares_12_477602,,,,,
2026-09-12T04:21:11-05:00,PUR_IED_LosTejares_Ext_8e2115,PUR_IED_LosTejares_Ext_8e2115,,,,,
2026-09-12T04:21:11-05:00,PUR_IED_MagdalenaO_B202_5ddda3,PUR_IED_MagdalenaO_B202_5ddda3,,,,,
2026-09-12T04:21:11-05:00,PUR_IED_MagdalenaO_B205_fb76e8,PUR_IED_MagdalenaO_B205_fb76e8,,,,,
2026-09-12T04:21:11-05:00,PUR_IED_MagdalenaO_ext_dc69cd,PUR_IED_MagdalenaO_ext_dc69cd,,,,,
2026-09-12T04:21:11-05:00,PUR_IED_ManueCepeda_artes_eee956,PUR_IED_ManueCepeda_artes_eee956,,,,,
2026-09-12T04:21:11-05:00,PUR_IED_ManuelCepeda_Ext_58313,PUR_IED_ManuelCepeda_Ext_58313,,,,,
2026-09-12T04:21:11-05:00,PUR_IED_ManuelCepeda_tec_1c5731,PUR_IED_ManuelCepeda_tec_1c5731,,,,,
2026-09-12T04:21:11-05:00,PUR_IED_ManuelS_Exterior_5b269,PUR_IED_ManuelS_Exterior_5b269,,,,,
2026-09-12T04:21:11-05:00,PUR_IED_ManuelS_Inform_f369ce,PUR_IED_ManuelS_Inform_f369ce,,,,,
2026-09-12T04:21:11-05:00,PUR_IED_ManuelS_SArtes_7d15f1,PUR_IED_ManuelS_SArtes_7d15f1,,,,,
2026-09-12T04:21:11-05:00,PUR_IED_ManuelZapata_303_3ca6,PUR_IED_ManuelZapata_303_3ca6,,,,,
2026-09-12T04:21:11-05:00,PUR_IED_ManuelZapata_311_bfbabc,PUR_IED_ManuelZapata_311_bfbabc,,,,,
2026-09-12T04:21:11-05:00,PUR_IED_ManuelZapata_Ext_50824a,PUR_IED_ManuelZapata_Ext_50824a,,,,,
2026-09-12T04:21:11-05:00,PUR_IED_ManuelitaS_Exteri_656a92,PUR_IED_ManuelitaS_Exteri_656a92,,,,,
2026-09-12T04:21:11-05:00,PUR_IED_ManuelitaS_JuzgDe_f58ec3,PUR_IED_ManuelitaS_JuzgDe_f58ec3,,,,,
2026-09-12T04:21:11-05:00,PUR_IED_ManuelitaS_Recrea_d793db,PUR_IED_ManuelitaS_Recrea_d793db,,,,,
2026-09-12T04:21:11-05:00,PUR_IED_MarFidSuarez_Ext_c27b19,PUR_IED_MarFidSuarez_Ext_c27b19,,,,,
2026-09-12T04:21:11-05:00,PUR_IED_MarFidSuarez_Info_e384d7,PUR_IED_MarFidSuarez_Info_e384d7,,,,,
2026-09-12T04:21:11-05:00,PUR_IED_MarFidSuarez_S306_1d0032,PUR_IED_MarFidSuarez_S306_1d0032,,,,,
2026-09-12T04:21:11-05:00,PUR_IED_Menorah_301_2a25a3,PUR_IED_Menorah_301_2a25a3,,,,,
2026-09-12T04:21:11-05:00,PUR_IED_Menorah_306_37ed3,PUR_IED_Menorah_306_37ed3,,,,,
2026-09-12T04:21:11-05:00,PUR_IED_Menorah_Ext_3e155b,PUR_IED_Menorah_Ext_3e155b,,,,,
2026-09-12T04:21:11-05:00,PUR_IED_MinutoB.Aires_A11_1b1604,PUR_IED_MinutoB.Aires_A11_1b1604,,,,,
2026-09-12T04:21:11-05:00,PUR_IED_MinutoB.Aires_A12_fb5860,PUR_IED_MinutoB.Aires_A12_fb5860,,,,,
2026-09-12T04:21:11-05:00,PUR_IED_MinutoB.Aires_Ext_81293f,PUR_IED_MinutoB.Aires_Ext_81293f,,,,,
2026-09-12T04:21:11-05:00,PUR_IED_MinutoBAires_A11_1b1604,PUR_IED_MinutoBAires_A11_1b1604,,,,,
2026-09-12T04:21:11-05:00,PUR_IED_MinutoBAires_A12_fb5860,PUR_IED_MinutoBAires_A12_fb5860,,,,,
2026-09-12T04:21:11-05:00,PUR_IED_MinutoBAires_Ext_81293f,PUR_IED_MinutoBAires_Ext_81293f,,,,,
2026-09-12T04:21:11-05:00,PUR_IED_Montreal_Aula10_1e4959,PUR_IED_Montreal_Aula10_1e4959,,,,,
2026-09-12T04:21:11-05:00,PUR_IED_Montreal_Aula6_300367,PUR_IED_Montreal_Aula6_300367,,,,,
2026-09-12T04:21:11-05:00,PUR_IED_Montreal_Exterior_91a179,PUR_IED_Montreal_Exterior_91a179,,,,,
2026-09-12T04:21:11-05:00,PUR_IED_Mqgdalena_B202_5ddda3,PUR_IED_Mqgdalena_B202_5ddda3,,,,,
2026-09-12T04:21:11-05:00,PUR_IED_NACUND_Soc_dc8728,PUR_IED_NACUND_Soc_dc8728,,,,,
2026-09-12T04:21:11-05:00,PUR_IED_NACUND_ext_27ad97,PUR_IED_NACUND_ext_27ad97,,,,,
2026-09-12T04:21:11-05:00,PUR_IED_NEsperanza_Ext_d24b61,PUR_IED_NEsperanza_Ext_d24b61,,,,,
2026-09-12T04:21:11-05:00,PUR_IED_NEsperanza_SElect_7d1807,PUR_IED_NEsperanza_SElect_7d1807,,,,,
2026-09-12T04:21:11-05:00,PUR_IED_NEsperanza_SLabor_8b2d0a,PUR_IED_NEsperanza_SLabor_8b2d0a,,,,,
2026-09-12T04:21:11-05:00,PUR_IED_NacionesU_Ext_f661a9,PUR_IED_NacionesU_Ext_f661a9,,,,,
2026-09-12T04:21:11-05:00,PUR_IED_NacionesU_Quimica_66f0a,PUR_IED_NacionesU_Quimica_66f0a,,,,,
2026-09-12T04:21:11-05:00,PUR_IED_NacionesU_S306_1b4b3d,PUR_IED_NacionesU_S306_1b4b3d,,,,,
2026-09-12T04:21:11-05:00,PUR_IED_NestorFA_Ext_e4201c,PUR_IED_NestorFA_Ext_e4201c,,,,,
2026-09-12T04:21:11-05:00,PUR_IED_NestorFA_Laborato_f22fe0,PUR_IED_NestorFA_Laborato_f22fe0,,,,,
2026-09-12T04:21:11-05:00,PUR_IED_NestorFA_S204_dee996,PUR_IED_NestorFA_S204_dee996,,,,,
2026-09-12T04:21:11-05:00,PUR_IED_NidyaQT_Aula03_76999b,PUR_IED_NidyaQT_Aula03_76999b,,,,,
2026-09-12T04:21:11-05:00,PUR_IED_NidyaQT_Aula10_56325,PUR_IED_NidyaQT_Aula10_56325,,,,,
2026-09-12T04:21:11-05:00,PUR_IED_NidyaQT_Ext_46e32d,PUR_IED_NidyaQT_Ext_46e32d,,,,,
2026-09-12T04:21:11-05:00,PUR_IED_NuevaCol_Exterior_d9b859,PUR_IED_NuevaCol_Exterior_d9b859,,,,,
2026-09-12T04:21:11-05:00,PUR_IED_NuevaCol_S1101_76c43b,PUR_IED_NuevaCol_S1101_76c43b,,,,,
2026-09-12T04:21:11-05:00,PUR_IED_NuevaCol_S1102_1ce0b5,PUR_IED_NuevaCol_S1102_1ce0b5,,,,,
2026-09-12T04:21:11-05:00,PUR_IED_OEA_A202_f7e3f2,PUR_IED_OEA_A202_f7e3f2,,,,,
2026-09-12T04:21:11-05:00,PUR_IED_OEA_A203_7d1b8d,PUR_IED_OEA_A203_7d1b8d,,,,,
2026-09-12T04:21:11-05:00,PUR_IED_OEA_Ext_27b593,PUR_IED_OEA_Ext_27b593,,,,,
2026-09-12T04:21:11-05:00,PUR_IED_Ochoa_Ext_1c29da,PUR_IED_Ochoa_Ext_1c29da,,,,,
2026-09-12T04:21:11-05:00,PUR_IED_Ochoa_S205_8b1121,PUR_IED_Ochoa_S205_8b1121,,,,,
2026-09-12T04:21:11-05:00,PUR_IED_Ochoa_Sistemas_f33af6,PUR_IED_Ochoa_Sistemas_f33af6,,,,,
2026-09-12T04:21:11-05:00,PUR_IED_PQuebec_Ext_1c67c7,PUR_IED_PQuebec_Ext_1c67c7,,,,,
2026-09-12T04:21:11-05:00,PUR_IED_PQuebec_S15_23e8e2,PUR_IED_PQuebec_S15_23e8e2,,,,,
2026-09-12T04:21:11-05:00,PUR_IED_PQuebec_S16_8ec76b,PUR_IED_PQuebec_S16_8ec76b,,,,,
2026-09-12T04:21:11-05:00,PUR_IED_PabloN_Ext_49dc96,PUR_IED_PabloN_Ext_49dc96,,,,,
2026-09-12T04:21:11-05:00,PUR_IED_PabloN_S1102_4e3df5,PUR_IED_PabloN_S1102_4e3df5,,,,,
2026-09-12T04:21:11-05:00,PUR_IED_PabloN_S1103_50c94b,PUR_IED_PabloN_S1103_50c94b,,,,,
2026-09-12T04:21:11-05:00,PUR_IED_Palestina_S1101_db9198,PUR_IED_Palestina_S1101_db9198,,,,,
2026-09-12T04:21:11-05:00,PUR_IED_Palestina_S1102_dc54fa,PUR_IED_Palestina_S1102_dc54fa,,,,,
2026-09-12T04:21:11-05:00,PUR_IED_Palestina_ext_4ccce6,PUR_IED_Palestina_ext_4ccce6,,,,,
2026-09-12T04:21:11-05:00,PUR_IED_Panama_Fisica_4d0794,PUR_IED_Panama_Fisica_4d0794,,,,,
2026-09-12T04:21:11-05:00,PUR_IED_Panama_SIngles_a4077e,PUR_IED_Panama_SIngles_a4077e,,,,,
2026-09-12T04:21:11-05:00,PUR_IED_Panama_ext_4c54b4,PUR_IED_Panama_ext_4c54b4,,,,,
2026-09-12T04:21:11-05:00,PUR_IED_ParaisoM_Exterior_8cd7f0,PUR_IED_ParaisoM_Exterior_8cd7f0,,,,,
2026-09-12T04:21:11-05:00,PUR_IED_ParaisoM_Laborato_27af35,PUR_IED_ParaisoM_Laborato_27af35,,,,,
2026-09-12T04:21:11-05:00,PUR_IED_ParaisoM_S304_d1edca,PUR_IED_ParaisoM_S304_d1edca,,,,,
2026-09-12T04:21:11-05:00,PUR_IED_PorfirioBarba_Ext_301466,PUR_IED_PorfirioBarba_Ext_301466,,,,,
2026-09-12T04:21:11-05:00,PUR_IED_PorfirioBarba_S11_df6cd2,PUR_IED_PorfirioBarba_S11_df6cd2,,,,,
2026-09-12T04:21:11-05:00,PUR_IED_PorfirioBarba_S29_27a7d6,PUR_IED_PorfirioBarba_S29_27a7d6,,,,,
2026-09-12T04:21:11-05:00,PUR_IED_PradoV_Exter_8b27ad,PUR_IED_PradoV_Exter_8b27ad,,,,,
2026-09-12T04:21:11-05:00,PUR_IED_PradoV_S301_de65b5,PUR_IED_PradoV_S301_de65b5,,,,,
2026-09-12T04:21:11-05:00,PUR_IED_PradoV_S302_7d2593,PUR_IED_PradoV_S302_7d2593,,,,,
2026-09-12T04:21:11-05:00,PUR_IED_QuirogaAlz_Ext_1ddc82,PUR_IED_QuirogaAlz_Ext_1ddc82,,,,,
2026-09-12T04:21:11-05:00,PUR_IED_QuirogaAlz_S302_9926a3,PUR_IED_QuirogaAlz_S302_9926a3,,,,,
2026-09-12T04:21:11-05:00,PUR_IED_QuirogaAlz_S305_cdf1f1,PUR_IED_QuirogaAlz_S305_cdf1f1,,,,,
2026-09-12T04:21:11-05:00,PUR_IED_RGuatemala_Biling_dc53b7,PUR_IED_RGuatemala_Biling_dc53b7,,,,,
2026-09-12T04:21:11-05:00,PUR_IED_RGuatemala_Ext_1b89a3,PUR_IED_RGuatemala_Ext_1b89a3,,,,,
2026-09-12T04:21:11-05:00,PUR_IED_RGuatemala_Tecnol_281a34,PUR_IED_RGuatemala_Tecnol_281a34,,,,,
2026-09-12T04:21:11-05:00,PUR_IED_RafaNu_Ext_f7c302,PUR_IED_RafaNu_Ext_f7c302,,,,,
2026-09-12T04:21:11-05:00,PUR_IED_RafaNu_S1101_25fde,PUR_IED_RafaNu_S1101_25fde,,,,,
2026-09-12T04:21:11-05:00,PUR_IED_RafaNu_S1102_281517,PUR_IED_RafaNu_S1102_281517,,,,,
2026-09-12T04:21:11-05:00,PUR_IED_RafaelB_S305_ee2783,PUR_IED_RafaelB_S305_ee2783,,,,,
2026-09-12T04:21:11-05:00,PUR_IED_RafaelB_S306_75fe33,PUR_IED_RafaelB_S306_75fe33,,,,,
2026-09-12T04:21:11-05:00,PUR_IED_RafaelB_ext_283336,PUR_IED_RafaelB_ext_283336,2,17,63,4.6722,-74.0737
2026-09-12T04:21:11-05:00,PUR_IED_RafaelUU_Exterior_281a51,PUR_IED_RafaelUU_Exterior_281a51,,,,,
2026-09-12T04:21:11-05:00,PUR_IED_RafaelUU_Human_806b2,PUR_IED_RafaelUU_Human_806b2,,,,,
2026-09-12T04:21:11-05:00,PUR_IED_RafaelUU_Mate2_5680d4,PUR_IED_RafaelUU_Mate2_5680d4,,,,,
2026-09-12T04:21:11-05:00,PUR_IED_RamonSub_Ext_f9eeb9,PUR_IED_RamonSub_Ext_f9eeb9,,,,,
2026-09-12T04:21:11-05:00,PUR_IED_RamonSub_Media_d1f62f,PUR_IED_RamonSub_Media_d1f62f,,,,,
2026-09-12T04:21:11-05:00,PUR_IED_RamonSub_planta_51b82,PUR_IED_RamonSub_planta_51b82,,,,,
2026-09-12T04:21:11-05:00,PUR_IED_RepBoliVene_Exter_27af7c,PUR_IED_RepBoliVene_Exter_27af7c,,,,,
2026-09-12T04:21:11-05:00,PUR_IED_RepBoliVene_SCPT_5ae2ee,PUR_IED_RepBoliVene_SCPT_5ae2ee,,,,,
2026-09-12T04:21:11-05:00,PUR_IED_RepBoliVene_Socia_4b11d5,PUR_IED_RepBoliVene_Socia_4b11d5,,,,,
2026-09-12T04:21:11-05:00,PUR_IED_RepChina_Ext_76d9ee,PUR_IED_RepChina_Ext_76d9ee,,,,,
2026-09-12T04:21:11-05:00,PUR_IED_RepChina_S404_7c804c,PUR_IED_RepChina_S404_7c804c,,,,,
2026-09-12T04:21:11-05:00,PUR_IED_RepChina_S405_df2c33,PUR_IED_RepChina_S405_df2c33,,,,,
2026-09-12T04:21:11-05:00,PUR_IED_RepublicaC_Exteri_7d1ec9,PUR_IED_RepublicaC_Exteri_7d1ec9,,,,,
2026-09-12T04:21:11-05:00,PUR_IED_RepublicaC_S1101_f544b3,PUR_IED_RepublicaC_S1101_f544b3,,,,,
2026-09-12T04:21:11-05:00,PUR_IED_RepublicaC_S1102_7aafc7,PUR_IED_RepublicaC_S1102_7aafc7,,,,,
2026-09-12T04:21:11-05:00,PUR_IED_Ricaurte_Externo_a0ea1,PUR_IED_Ricaurte_Externo_a0ea1,,,,,
2026-09-12T04:21:11-05:00,PUR_IED_Ricaurte_S210_f546fd,PUR_IED_Ricaurte_S210_f546fd,,,,,
2026-09-12T04:21:11-05:00,PUR_IED_Ricaurte_S309_d4452,PUR_IED_Ricaurte_S309_d4452,,,,,
2026-09-12T04:21:11-05:00,PUR_IED_RogelioS_1102_531e69,PUR_IED_RogelioS_1102_531e69,,,,,
2026-09-12T04:21:11-05:00,PUR_IED_RogelioS_Ext_f25a18,PUR_IED_RogelioS_Ext_f25a18,,,,,
2026-09-12T04:21:11-05:00,PUR_IED_SBernardino_Ext_27aff8,PUR_IED_SBernardino_Ext_27aff8,,,,,
2026-09-12T04:21:11-05:00,PUR_IED_SBernardino_SArte_2ffd33,PUR_IED_SBernardino_SArte_2ffd33,,,,,
2026-09-12T04:21:11-05:00,PUR_IED_SBernardino_SIngl_7c7da5,PUR_IED_SBernardino_SIngl_7c7da5,,,,,
2026-09-12T04:21:11-05:00,PUR_IED_Sago_auditorio_dc9d1d,PUR_IED_Sago_auditorio_dc9d1d,,,,,
2026-09-12T04:21:11-05:00,PUR_IED_Saludcoop_Ext_95aac3,PUR_IED_Saludcoop_Ext_95aac3,,,,,
2026-09-12T04:21:11-05:00,PUR_IED_Saludcoop_InfI_90c854,PUR_IED_Saludcoop_InfI_90c854,,,,,
2026-09-12T04:21:11-05:00,PUR_IED_Saludcoop_SMedia_1b93be,PUR_IED_Saludcoop_SMedia_1b93be,,,,,
2026-09-12T04:21:11-05:00,PUR_IED_SanCarlos_1101_1a2360,PUR_IED_SanCarlos_1101_1a2360,,,,,
2026-09-12T04:21:11-05:00,PUR_IED_SanCarlos_1103_7bafb5,PUR_IED_SanCarlos_1103_7bafb5,,,,,
2026-09-12T04:21:11-05:00,PUR_IED_SanCarlos_Ext_b7cd1,PUR_IED_SanCarlos_Ext_b7cd1,,,,,
2026-09-12T04:21:11-05:00,PUR_IED_SanIgnacioBosa11a_50c26e,PUR_IED_SanIgnacioBosa11a_50c26e,,,,,
2026-09-12T04:21:11-05:00,PUR_IED_SanIgnacioBosa11b_371de8,PUR_IED_SanIgnacioBosa11b_371de8,,,,,
2026-09-12T04:21:11-05:00,PUR_IED_SanIgnacioBosaExt_ef0ffc,PUR_IED_SanIgnacioBosaExt_ef0ffc,,,,,
2026-09-12T04:21:11-05:00,PUR_IED_SanIgnacioBosa_11a_50c26e,PUR_IED_SanIgnacioBosa_11a_50c26e,,,,,
2026-09-12T04:21:11-05:00,PUR_IED_SanIgnacioBosa_Ext_ef0ffc,PUR_IED_SanIgnacioBosa_Ext_ef0ffc,,,,,
2026-09-12T04:21:11-05:00,PUR_IED_SanJoseN_intS1101_31c47f,PUR_IED_SanJoseN_intS1101_31c47f,,,,,
2026-09-12T04:21:11-05:00,PUR_IED_SanJoseUsm_Exter_f5d7e8,PUR_IED_SanJoseUsm_Exter_f5d7e8,,,,,
2026-09-12T04:21:11-05:00,PUR_IED_SanJoseUsm_Int11A_cfdef6,PUR_IED_SanJoseUsm_Int11A_cfdef6,,,,,
2026-09-12T04:21:11-05:00,PUR_IED_SilveriaR_IntB5_905349,PUR_IED_SilveriaR_IntB5_905349,,,,,
2026-09-12T04:21:11-05:00,PUR_IED_SilveriaR_IntSD14_981f93,PUR_IED_SilveriaR_IntSD14_981f93,,,,,
2026-09-12T04:21:11-05:00,PUR_IED_SilveriaR_ext_2b651d,PUR_IED_SilveriaR_ext_2b651d,,,,,
2026-09-12T04:21:11-05:00,PUR_IED_SimonB_Exterior_913975,PUR_IED_SimonB_Exterior_913975,,,,,
2026-09-12T04:21:11-05:00,PUR_IED_SimonB_LabQuimi_c56908,PUR_IED_SimonB_LabQuimi_c56908,,,,,
2026-09-12T04:21:11-05:00,PUR_IED_SimonB_informatic_a28c1,PUR_IED_SimonB_informatic_a28c1,,,,,
2026-09-12T04:21:11-05:00,PUR_IED_Sorrento_1102_315f50,PUR_IED_Sorrento_1102_315f50,,,,,
2026-09-12T04:21:11-05:00,PUR_IED_Sorrento_Minte_214eab,PUR_IED_Sorrento_Minte_214eab,,,,,
2026-09-12T04:21:11-05:00,PUR_IED_Sorrento_ext_7c3a0a,PUR_IED_Sorrento_ext_7c3a0a,,,,,
2026-09-12T04:21:11-05:00,PUR_IED_Tabora_Ext_f048ae,PUR_IED_Tabora_Ext_f048ae,,,,,
2026-09-12T04:21:11-05:00,PUR_IED_Tabora_S1102_b07752,PUR_IED_Tabora_S1102_b07752,,,,,
2026-09-12T04:21:11-05:00,PUR_IED_Tabora_S1103_d988f5,PUR_IED_Tabora_S1103_d988f5,,,,,
2026-09-12T04:21:11-05:00,PUR_IED_Tenerife_Ext_1ab188,PUR_IED_Tenerife_Ext_1ab188,,,,,
2026-09-12T04:21:11-05:00,PUR_IED_Tenerife_SDanzas_7bc02e,PUR_IED_Tenerife_SDanzas_7bc02e,,,,,
2026-09-12T04:21:11-05:00,PUR_IED_Tenerife_SIngles_7cc277,PUR_IED_Tenerife_SIngles_7cc277,,,,,
2026-09-12T04:21:11-05:00,PUR_IED_Tibabuyes_Exter_f2683d,PUR_IED_Tibabuyes_Exter_f2683d,,,,,
2026-09-12T04:21:11-05:00,PUR_IED_Tibabuyes_S10_dc87a8,PUR_IED_Tibabuyes_S10_dc87a8,,,,,
2026-09-12T04:21:11-05:00,PUR_IED_Tibabuyes_S15_dc0526,PUR_IED_Tibabuyes_S15_dc0526,,,,,
2026-09-12T04:21:11-05:00,PUR_IED_UnionE_S301_a1043,PUR_IED_UnionE_S301_a1043,,,,,
2026-09-12T04:21:11-05:00,PUR_IED_UnionE_S307_ff6c2f,PUR_IED_UnionE_S307_ff6c2f,,,,,
2026-09-12T04:21:11-05:00,PUR_IED_UnionE__Ext_5e2468,PUR_IED_UnionE__Ext_5e2468,,,,,
2026-09-12T04:21:11-05:00,PUR_IED_VillaRica_Ext_75be7c,PUR_IED_VillaRica_Ext_75be7c,,,,,
2026-09-12T04:21:11-05:00,PUR_IED_VillaRica_S4_cc5dcd,PUR_IED_VillaRica_S4_cc5dcd,,,,,
2026-09-12T04:21:11-05:00,PUR_IED_VillaRica_Sesp_99f5c,PUR_IED_VillaRica_Sesp_99f5c,,,,,
2026-09-12T04:26:07-05:00,PUR_IED_20deJulio_1101_91b1b9,PUR_IED_20deJulio_1101_91b1b9,,,,,
2026-09-12T04:26:07-05:00,PUR_IED_20deJulio_1102_1cfcf9,PUR_IED_20deJulio_1102_1cfcf9,,,,,
2026-09-12T04:26:07-05:00,PUR_IED_20deJulio_Ext_ab60bd,PUR_IED_20deJulio_Ext_ab60bd,,,,,
2026-09-12T04:26:07-05:00,PUR_IED_AgustinFer_Ext_7b9b77,PUR_IED_AgustinFer_Ext_7b9b77,,,,,
2026-09-12T04:26:07-05:00,PUR_IED_AgustinFer_Info2_27b3a7,PUR_IED_AgustinFer_Info2_27b3a7,,,,,
2026-09-12T04:26:07-05:00,PUR_IED_AgustinFer_Sena_54b4eb,PUR_IED_AgustinFer_Sena_54b4eb,,,,,
2026-09-12T04:26:07-05:00,PUR_IED_AlexanderF_1102_caf07b,PUR_IED_AlexanderF_1102_caf07b,,,,,
2026-09-12T04:26:07-05:00,PUR_IED_AlexanderF_1103_c79e71,PUR_IED_AlexanderF_1103_c79e71,,,,,
2026-09-12T04:26:07-05:00,PUR_IED_AlexanderF_Ext_c5b18b,PUR_IED_AlexanderF_Ext_c5b18b,,,,,
2026-09-12T04:26:07-05:00,PUR_IED_AlfonsoLopez_Ext_281d77,PUR_IED_AlfonsoLopez_Ext_281d77,,,,,
2026-09-12T04:26:07-05:00,PUR_IED_AlfonsoLopez_LabF_888ce0,PUR_IED_AlfonsoLopez_LabF_888ce0,,,,,
2026-09-12T04:26:07-05:00,PUR_IED_AlfonsoLopez_SMed_df6a7f,PUR_IED_AlfonsoLopez_SMed_df6a7f,,,,,
2026-09-12T04:26:07-05:00,PUR_IED_AltamiraSO_A2_209f92,PUR_IED_AltamiraSO_A2_209f92,,,,,
2026-09-12T04:26:07-05:00,PUR_IED_AltamiraSO_Ext_186d66,PUR_IED_AltamiraSO_Ext_186d66,,,,,
2026-09-12T04:26:07-05:00,PUR_IED_AltamiraSO_Sistem_27afe1,PUR_IED_AltamiraSO_Sistem_27afe1,,,,,
2026-09-12T04:26:07-05:00,PUR_IED_AlvaroGom_LabQuim_813179,PUR_IED_AlvaroGom_LabQuim_813179,,,,,
2026-09-12T04:26:07-05:00,PUR_IED_AlvaroGomez_Ext_47c7ca,PUR_IED_AlvaroGomez_Ext_47c7ca,,,,,
2026-09-12T04:26:07-05:00,PUR_IED_AlvaroGomez_LabQuim_813179,PUR_IED_AlvaroGomez_LabQuim_813179,,,,,
2026-09-12T04:26:07-05:00,PUR_IED_AlvaroGomez_S23_7ba89f,PUR_IED_AlvaroGomez_S23_7ba89f,,,,,
2026-09-12T04:26:07-05:00,PUR_IED_Amistad_306_dc8728,PUR_IED_Amistad_306_dc8728,,,,,
2026-09-12T04:26:07-05:00,PUR_IED_Amistad_Ext_8cd55e,PUR_IED_Amistad_Ext_8cd55e,,,,,
2026-09-12T04:26:07-05:00,PUR_IED_Amistad_S202_a41169,PUR_IED_Amistad_S202_a41169,,,,,
2026-09-12T04:26:07-05:00,PUR_IED_AndresBello_Bio_fd5f5e,PUR_IED_AndresBello_Bio_fd5f5e,,,,,
2026-09-12T04:26:07-05:00,PUR_IED_AndresBello_ext_dcad65,PUR_IED_AndresBello_ext_dcad65,,,,,
2026-09-12T04:26:07-05:00,PUR_IED_AndresBello_port_eed3ec,PUR_IED_AndresBello_port_eed3ec,,,,,
2026-09-12T04:26:07-05:00,PUR_IED_AngelaR_11b_d90a6b,PUR_IED_AngelaR_11b_d90a6b,,,,,
2026-09-12T04:26:07-05:00,PUR_IED_AngelaR_ext_7cad3e,PUR_IED_AngelaR_ext_7cad3e,10,19,62,4.5825,-74.164497
2026-09-12T04:26:07-05:00,PUR_IED_AntJoseSucre_10mo_df2575,PUR_IED_AntJoseSucre_10mo_df2575,,,,,
2026-09-12T04:26:07-05:00,PUR_IED_AntJoseSucre_Ext_215b36,PUR_IED_AntJoseSucre_Ext_215b36,,,,,
2026-09-12T04:26:07-05:00,PUR_IED_AntJoseSucre_Lab_3139de,PUR_IED_AntJoseSucre_Lab_3139de,,,,,
2026-09-12T04:26:07-05:00,PUR_IED_AntonioGarcia_301_d6b188,PUR_IED_AntonioGarcia_301_d6b188,,,,,
2026-09-12T04:26:07-05:00,PUR_IED_AntonioGarcia_302_88a82,PUR_IED_AntonioGarcia_302_88a82,,,,,
2026-09-12T04:26:07-05:00,PUR_IED_AntonioGarcia_Ext_20950c,PUR_IED_AntonioGarcia_Ext_20950c,,,,,
2026-09-12T04:26:07-05:00,PUR_IED_AntonioVan_Aula2_6dea02,PUR_IED_AntonioVan_Aula2_6dea02,,,,,
2026-09-12T04:26:07-05:00,PUR_IED_AntonioVan_Aula5_f1557e,PUR_IED_AntonioVan_Aula5_f1557e,,,,,
2026-09-12T04:26:07-05:00,PUR_IED_AntonioVan_Ext_406f2f,PUR_IED_AntonioVan_Ext_406f2f,,,,,
2026-09-12T04:26:07-05:00,PUR_IED_Atabanzha_Ext_cc5af9,PUR_IED_Atabanzha_Ext_cc5af9,,,,,
2026-09-12T04:26:07-05:00,PUR_IED_Atabanzha_SA101_56c37,PUR_IED_Atabanzha_SA101_56c37,,,,,
2026-09-12T04:26:07-05:00,PUR_IED_Atabanzha_SB302_27b374,PUR_IED_Atabanzha_SB302_27b374,,,,,
2026-09-12T04:26:07-05:00,PUR_IED_Atahualpa_Ext_fc1748,PUR_IED_Atahualpa_Ext_fc1748,,,,,
2026-09-12T04:26:07-05:00,PUR_IED_Atahualpa_Informa_dc9a95,PUR_IED_Atahualpa_Informa_dc9a95,,,,,
2026-09-12T04:26:07-05:00,PUR_IED_Atahualpa_S1101_f98056,PUR_IED_Atahualpa_S1101_f98056,,,,,
2026-09-12T04:26:07-05:00,PUR_IED_Bellavista_Ext_f5aa74,PUR_IED_Bellavista_Ext_f5aa74,,,,,
2026-09-12T04:26:07-05:00,PUR_IED_Bilbao_11A_916c41,PUR_IED_Bilbao_11A_916c41,,,,,
2026-09-12T04:26:07-05:00,PUR_IED_Bilbao_Ext_fb579a,PUR_IED_Bilbao_Ext_fb579a,,,,,
2026-09-12T04:26:07-05:00,PUR_IED_BrasiliaU_A125_304280,PUR_IED_BrasiliaU_A125_304280,,,,,
2026-09-12T04:26:07-05:00,PUR_IED_BrasiliaU_A203_7c8ca5,PUR_IED_BrasiliaU_A203_7c8ca5,,,,,
2026-09-12T04:26:07-05:00,PUR_IED_BrasiliaU_Ext_8d6e9f,PUR_IED_BrasiliaU_Ext_8d6e9f,5,16,66,4.5175,-74.116302
2026-09-12T04:26:07-05:00,PUR_IED_Brasilia_Ext_fe6593,PUR_IED_Brasilia_Ext_fe6593,,,,,
2026-09-12T04:26:07-05:00,PUR_IED_Brasilia_S24_7c130d,PUR_IED_Brasilia_S24_7c130d,,,,,
2026-09-12T04:26:07-05:00,PUR_IED_Brasilia_S501_186a54,PUR_IED_Brasilia_S501_186a54,,,,,
2026-09-12T04:26:07-05:00,PUR_IED_CHARRY_EXT_f1d5cd,PUR_IED_CHARRY_EXT_f1d5cd,,,,,
2026-09-12T04:26:07-05:00,PUR_IED_CHARRY_INTDANZAS_7a08e6,PUR_IED_CHARRY_INTDANZAS_7a08e6,,,,,
2026-09-12T04:26:07-05:00,PUR_IED_CHARRY_INT_AULA20_dc998d,PUR_IED_CHARRY_INT_AULA20_dc998d,,,,,
2026-09-12T04:26:07-05:00,PUR_IED_COLVIV_1101_S25_7f520a,PUR_IED_COLVIV_1101_S25_7f520a,,,,,
2026-09-12T04:26:07-05:00,PUR_IED_COLVIV_1102_S16_f570ba,PUR_IED_COLVIV_1102_S16_f570ba,,,,,
2026-09-12T04:26:07-05:00,PUR_IED_COLVIV_Ext_1a26fa,PUR_IED_COLVIV_Ext_1a26fa,,,,,
2026-09-12T04:26:07-05:00,PUR_IED_CULPOP_301A_f660f3,PUR_IED_CULPOP_301A_f660f3,,,,,
2026-09-12T04:26:07-05:00,PUR_IED_CULPOP_303_568afe,PUR_IED_CULPOP_303_568afe,,,,,
2026-09-12T04:26:07-05:00,PUR_IED_CULPOP_Ext_e02ccb,PUR_IED_CULPOP_Ext_e02ccb,,,,,
2026-09-12T04:26:07-05:00,PUR_IED_CVillavicen_Ext_26eb58,PUR_IED_CVillavicen_Ext_26eb58,8,14,82,4.487,-74.102798
2026-09-12T04:26:07-05:00,PUR_IED_CVillavicen_Intel_1ce5c2,PUR_IED_CVillavicen_Intel_1ce5c2,,,,,
2026-09-12T04:26:07-05:00,PUR_IED_CVillavicen_Poliv_e0766c,PUR_IED_CVillavicen_Poliv_e0766c,,,,,
2026-09-12T04:26:07-05:00,PUR_IED_CVillavicen_int_1ba140,PUR_IED_CVillavicen_int_1ba140,,,,,
2026-09-12T04:26:07-05:00,PUR_IED_CVillavicen_intel_1ba140,PUR_IED_CVillavicen_intel_1ba140,,,,,
2026-09-12T04:26:07-05:00,PUR_IED_CarlosPizarro_Ext_e307cc,PUR_IED_CarlosPizarro_Ext_e307cc,,,,,
2026-09-12T04:26:07-05:00,PUR_IED_CarlosPizarro_L36_7e5cdb,PUR_IED_CarlosPizarro_L36_7e5cdb,,,,,
2026-09-12T04:26:07-05:00,PUR_IED_CarlosPizarro_L37_c8566c,PUR_IED_CarlosPizarro_L37_c8566c,,,,,
2026-09-12T04:26:07-05:00,PUR_IED_Castilla_Ext_cf35f,PUR_IED_Castilla_Ext_cf35f,,,,,
2026-09-12T04:26:07-05:00,PUR_IED_Castilla_SFisik_360e38,PUR_IED_Castilla_SFisik_360e38,,,,,
2026-09-12T04:26:07-05:00,PUR_IED_Castilla_Sc304_496fbf,PUR_IED_Castilla_Sc304_496fbf,,,,,
2026-09-12T04:26:07-05:00,PUR_IED_CervantesSa_Ext_6b57b,PUR_IED_CervantesSa_Ext_6b57b,4,16,72,4.5128,-74.117203
2026-09-12T04:26:07-05:00,PUR_IED_CervantesSa_S107_225c2b,PUR_IED_CervantesSa_S107_225c2b,,,,,
2026-09-12T04:26:07-05:00,PUR_IED_CervantesSa_S108_940925,PUR_IED_CervantesSa_S108_940925,,,,,
2026-09-12T04:26:07-05:00,PUR_IED_Charry_A20_f53e7c,PUR_IED_Charry_A20_f53e7c,,,,,
2026-09-12T04:26:07-05:00,PUR_IED_Charry_Ext_f1d5cd,PUR_IED_Charry_Ext_f1d5cd,,,,,
2026-09-12T04:26:07-05:00,PUR_IED_Charry_IntAula20_dc998d,PUR_IED_Charry_IntAula20_dc998d,,,,,
2026-09-12T04:26:07-05:00,PUR_IED_Charry_IntDanzas_7a08e6,PUR_IED_Charry_IntDanzas_7a08e6,,,,,
2026-09-12T04:26:07-05:00,PUR_IED_ClememciaC_203_43e2fc,PUR_IED_ClememciaC_203_43e2fc,,,,,
2026-09-12T04:26:07-05:00,PUR_IED_ClememciaC_Ext_1b411a,PUR_IED_ClememciaC_Ext_1b411a,,,,,
2026-09-12T04:26:07-05:00,PUR_IED_ClememciaC_Quimic_44b5fc,PUR_IED_ClememciaC_Quimic_44b5fc,,,,,
2026-09-12T04:26:07-05:00,PUR_IED_ClemenciaC_203_43e2fc,PUR_IED_ClemenciaC_203_43e2fc,,,,,
2026-09-12T04:26:07-05:00,PUR_IED_ClemenciaC_Ext_1b411a,PUR_IED_ClemenciaC_Ext_1b411a,,,,,
2026-09-12T04:26:07-05:00,PUR_IED_ClemenciaC_Quimic_44b5fc,PUR_IED_ClemenciaC_Quimic_44b5fc,,,,,
2026-09-12T04:26:07-05:00,PUR_IED_ColViva_1101_S25_7f520a,PUR_IED_ColViva_1101_S25_7f520a,,,,,
2026-09-12T04:26:07-05:00,PUR_IED_ColViva_1102_S16_f570ba,PUR_IED_ColViva_1102_S16_f570ba,,,,,
2026-09-12T04:26:07-05:00,PUR_IED_ColViva_Ext_1a26fa,PUR_IED_ColViva_Ext_1a26fa,,,,,
2026-09-12T04:26:07-05:00,PUR_IED_ColegioBici_Asist_7c8798,PUR_IED_ColegioBici_Asist_7c8798,,,,,
2026-09-12T04:26:07-05:00,PUR_IED_ColegioBici_Ext_25cbf6,PUR_IED_ColegioBici_Ext_25cbf6,,,,,
2026-09-12T04:26:07-05:00,PUR_IED_ColegioBici_LabQ_7b57db,PUR_IED_ColegioBici_LabQ_7b57db,,,,,
2026-09-12T04:26:07-05:00,PUR_IED_CostaRica_Ext_5e640,PUR_IED_CostaRica_Ext_5e640,,,,,
2026-09-12T04:26:07-05:00,PUR_IED_CostaRica_Quim1_766d1c,PUR_IED_CostaRica_Quim1_766d1c,,,,,
2026-09-12T04:26:07-05:00,PUR_IED_CostaRica__Fisica_6f0873,PUR_IED_CostaRica__Fisica_6f0873,,,,,
2026-09-12T04:26:07-05:00,PUR_IED_CulPopu_301A_f660f3,PUR_IED_CulPopu_301A_f660f3,,,,,
2026-09-12T04:26:07-05:00,PUR_IED_CulPopu_303_568afe,PUR_IED_CulPopu_303_568afe,,,,,
2026-09-12T04:26:07-05:00,PUR_IED_CulPopu_Ext_e02ccb,PUR_IED_CulPopu_Ext_e02ccb,,,,,
2026-09-12T04:26:07-05:00,PUR_IED_Cundinamarca_Ext_f15985,PUR_IED_Cundinamarca_Ext_f15985,,,,,
2026-09-12T04:26:07-05:00,PUR_IED_Cundinamarca_Info_7aa5d7,PUR_IED_Cundinamarca_Info_7aa5d7,,,,,
2026-09-12T04:26:07-05:00,PUR_IED_Cundinamarca_Tec2_f449c7,PUR_IED_Cundinamarca_Tec2_f449c7,,,,,
2026-09-12T04:26:07-05:00,PUR_IED_DiegoM_Aula1_27b314,PUR_IED_DiegoM_Aula1_27b314,,,,,
2026-09-12T04:26:07-05:00,PUR_IED_DiegoM_Ext_d80ac8,PUR_IED_DiegoM_Ext_d80ac8,,,,,
2026-09-12T04:26:07-05:00,PUR_IED_DiegoM_S25_da928f,PUR_IED_DiegoM_S25_da928f,,,,,
2026-09-12T04:26:07-05:00,PUR_IED_ELRODEO_360881,PUR_IED_ELRODEO_360881,,,,,
2026-09-12T04:26:07-05:00,PUR_IED_ELRODEO_ext_360881,PUR_IED_ELRODEO_ext_360881,,,,,
2026-09-12T04:26:07-05:00,PUR_IED_EduardoU_Ext_1c1969,PUR_IED_EduardoU_Ext_1c1969,,,,,
2026-09-12T04:26:07-05:00,PUR_IED_EduardoU_SCiencia_4dfb94,PUR_IED_EduardoU_SCiencia_4dfb94,,,,,
2026-09-12T04:26:07-05:00,PUR_IED_EduardoU_SQuimica_5a46e7,PUR_IED_EduardoU_SQuimica_5a46e7,,,,,
2026-09-12T04:26:07-05:00,PUR_IED_ElRodeo_Aula14_676984,PUR_IED_ElRodeo_Aula14_676984,,,,,
2026-09-12T04:26:07-05:00,PUR_IED_ElRodeo_Aula16_2dd35b,PUR_IED_ElRodeo_Aula16_2dd35b,,,,,
2026-09-12T04:26:07-05:00,PUR_IED_ElRodeo_Ext_360881,PUR_IED_ElRodeo_Ext_360881,,,,,
2026-09-12T04:26:07-05:00,PUR_IED_ElRodeo_Exterior_8c6d28,PUR_IED_ElRodeo_Exterior_8c6d28,,,,,
2026-09-12T04:26:07-05:00,PUR_IED_ElRodeo_ext_360881,PUR_IED_ElRodeo_ext_360881,,,,,
2026-09-12T04:26:07-05:00,PUR_IED_EmmaReyes_Ext_987625,PUR_IED_EmmaReyes_Ext_987625,10,21,53,4.6367,-74.1511
2026-09-12T04:26:07-05:00,PUR_IED_Ensueño_Ext_7f0250,PUR_IED_Ensueño_Ext_7f0250,,,,,
2026-09-12T04:26:07-05:00,PUR_IED_EscNormal_Ext_5fef3b,PUR_IED_EscNormal_Ext_5fef3b,2,17,63,4.5852,-74.096901
2026-09-12T04:26:07-05:00,PUR_IED_EscNormal_S309_5b263,PUR_IED_EscNormal_S309_5b263,,,,,
2026-09-12T04:26:07-05:00,PUR_IED_EscNormal_S310_27b3b8,PUR_IED_EscNormal_S310_27b3b8,,,,,
2026-09-12T04:26:07-05:00,PUR_IED_Evangelista_Conta_f6cd4f,PUR_IED_Evangelista_Conta_f6cd4f,,,,,
2026-09-12T04:26:07-05:00,PUR_IED_Evangelista_Cri_5e16a,PUR_IED_Evangelista_Cri_5e16a,,,,,
2026-09-12T04:26:07-05:00,PUR_IED_Evangelista_Exter_754066,PUR_IED_Evangelista_Exter_754066,,,,,
2026-09-12T04:26:07-05:00,PUR_IED_FMiranda_S209_5cc2a3,PUR_IED_FMiranda_S209_5cc2a3,,,,,
2026-09-12T04:26:07-05:00,PUR_IED_FMiranda_S303_19e344,PUR_IED_FMiranda_S303_19e344,,,,,
2026-09-12T04:26:07-05:00,PUR_IED_FMiranda_ext_f53e7c,PUR_IED_FMiranda_ext_f53e7c,,,,,
2026-09-12T04:26:07-05:00,PUR_IED_FabioLozano_Bibli_1cee05,PUR_IED_FabioLozano_Bibli_1cee05,,,,,
2026-09-12T04:26:07-05:00,PUR_IED_FabioLozano_Ext_6ea285,PUR_IED_FabioLozano_Ext_6ea285,,,,,
2026-09-12T04:26:07-05:00,PUR_IED_FabioLozano_SLudi_f09e1e,PUR_IED_FabioLozano_SLudi_f09e1e,,,,,
2026-09-12T04:26:07-05:00,PUR_IED_FaustinoS_Aula07_27a731,PUR_IED_FaustinoS_Aula07_27a731,,,,,
2026-09-12T04:26:07-05:00,PUR_IED_FaustinoS_Ext_7b936f,PUR_IED_FaustinoS_Ext_7b936f,,,,,
2026-09-12T04:26:07-05:00,PUR_IED_FaustinoS_Fisica_da2c60,PUR_IED_FaustinoS_Fisica_da2c60,,,,,
2026-09-12T04:26:07-05:00,PUR_IED_FeGarciaLo_Ext_dc68ee,PUR_IED_FeGarciaLo_Ext_dc68ee,,,,,
2026-09-12T04:26:07-05:00,PUR_IED_FeGarciaLo_SDanza_f70a59,PUR_IED_FeGarciaLo_SDanza_f70a59,,,,,
2026-09-12T04:26:07-05:00,PUR_IED_FeGarciaLo_SMusic_125cdd,PUR_IED_FeGarciaLo_SMusic_125cdd,,,,,
2026-09-12T04:26:07-05:00,PUR_IED_FederalAlema_Exte_50c345,PUR_IED_FederalAlema_Exte_50c345,,,,,
2026-09-12T04:26:07-05:00,PUR_IED_FederalAlema_S31_f18371,PUR_IED_FederalAlema_S31_f18371,,,,,
2026-09-12T04:26:07-05:00,PUR_IED_FederalAlema_S901_a62cd,PUR_IED_FederalAlema_S901_a62cd,,,,,
2026-09-12T04:26:07-05:00,PUR_IED_FilarmonicaS_A5_f35eb1,PUR_IED_FilarmonicaS_A5_f35eb1,,,,,
2026-09-12T04:26:07-05:00,PUR_IED_FilarmonicaS_Ext_8a3bde,PUR_IED_FilarmonicaS_Ext_8a3bde,,,,,
2026-09-12T04:26:07-05:00,PUR_IED_FilarmonicaS_Spol_406114,PUR_IED_FilarmonicaS_Spol_406114,,,,,
2026-09-12T04:26:07-05:00,PUR_IED_FlorentinoG_A13_d1fa59,PUR_IED_FlorentinoG_A13_d1fa59,,,,,
2026-09-12T04:26:07-05:00,PUR_IED_FlorentinoG_Ext_1ce6ce,PUR_IED_FlorentinoG_Ext_1ce6ce,,,,,
2026-09-12T04:26:07-05:00,PUR_IED_FlorentinoG_Idiom_a66aac,PUR_IED_FlorentinoG_Idiom_a66aac,,,,,
2026-09-12T04:26:07-05:00,PUR_IED_FranciscoMati_Ext_e3869d,PUR_IED_FranciscoMati_Ext_e3869d,,,,,
2026-09-12T04:26:07-05:00,PUR_IED_FranciscoMati_S13_f31c67,PUR_IED_FranciscoMati_S13_f31c67,,,,,
2026-09-12T04:26:07-05:00,PUR_IED_FranciscoMati_S14_97dead,PUR_IED_FranciscoMati_S14_97dead,,,,,
2026-09-12T04:26:07-05:00,PUR_IED_FranciscoPS_Ext_7bfa9a,PUR_IED_FranciscoPS_Ext_7bfa9a,2,19,61,4.5899,-74.110397
2026-09-12T04:26:07-05:00,PUR_IED_FranciscoPS_Infor_fb8f4c,PUR_IED_FranciscoPS_Infor_fb8f4c,,,,,
2026-09-12T04:26:07-05:00,PUR_IED_FranciscoPS_Quimi_94d39c,PUR_IED_FranciscoPS_Quimi_94d39c,,,,,
2026-09-12T04:26:07-05:00,PUR_IED_FranciscoP_LabQ_d7e148,PUR_IED_FranciscoP_LabQ_d7e148,,,,,
2026-09-12T04:26:07-05:00,PUR_IED_FranciscoP_S28_cf9b30,PUR_IED_FranciscoP_S28_cf9b30,,,,,
2026-09-12T04:26:07-05:00,PUR_IED_FranciscoP_ext_e2313,PUR_IED_FranciscoP_ext_e2313,,,,,
2026-09-12T04:26:07-05:00,PUR_IED_FriederichN_Ext_8ac92a,PUR_IED_FriederichN_Ext_8ac92a,,,,,
2026-09-12T04:26:07-05:00,PUR_IED_FriederichN_S301_dd7e5a,PUR_IED_FriederichN_S301_dd7e5a,,,,,
2026-09-12T04:26:07-05:00,PUR_IED_FriederichN_S308_761f4f,PUR_IED_FriederichN_S308_761f4f,,,,,
2026-09-12T04:26:07-05:00,PUR_IED_GSantander_Aula10_533dd7,PUR_IED_GSantander_Aula10_533dd7,,,,,
2026-09-12T04:26:07-05:00,PUR_IED_GSantander_Aula12_fd4e4f,PUR_IED_GSantander_Aula12_fd4e4f,,,,,
2026-09-12T04:26:07-05:00,PUR_IED_GSantander_Aula310_533dd7,PUR_IED_GSantander_Aula310_533dd7,,,,,
2026-09-12T04:26:07-05:00,PUR_IED_GSantander_Aula312_fd4e4f,PUR_IED_GSantander_Aula312_fd4e4f,,,,,
2026-09-12T04:26:07-05:00,PUR_IED_GSantander_Ext_5f66b0,PUR_IED_GSantander_Ext_5f66b0,,,,,
2026-09-12T04:26:07-05:00,PUR_IED_GYomasa_Ext_f6bea5,PUR_IED_GYomasa_Ext_f6bea5,,,,,
2026-09-12T04:26:07-05:00,PUR_IED_GYomasa_LBiol_2c41aa,PUR_IED_GYomasa_LBiol_2c41aa,,,,,
2026-09-12T04:26:07-05:00,PUR_IED_GYomasa_LQuim_33c80,PUR_IED_GYomasa_LQuim_33c80,,,,,
2026-09-12T04:26:07-05:00,PUR_IED_GabBetMejia_Cienc_5a99c,PUR_IED_GabBetMejia_Cienc_5a99c,,,,,
2026-09-12T04:26:07-05:00,PUR_IED_GabBetMejia_Ext_9153d0,PUR_IED_GabBetMejia_Ext_9153d0,,,,,
2026-09-12T04:26:07-05:00,PUR_IED_GabBetMejia_Lab_f55347,PUR_IED_GabBetMejia_Lab_f55347,,,,,
2026-09-12T04:26:07-05:00,PUR_IED_GabBetanMejia_Ext_9153d0,PUR_IED_GabBetanMejia_Ext_9153d0,,,,,
2026-09-12T04:26:07-05:00,PUR_IED_Gaitana_Aula13_7aac11,PUR_IED_Gaitana_Aula13_7aac11,,,,,
2026-09-12T04:26:07-05:00,PUR_IED_Gaitana_Ext_5fcf4,PUR_IED_Gaitana_Ext_5fcf4,,,,,
2026-09-12T04:26:07-05:00,PUR_IED_Gaitana_LabFisica_644448,PUR_IED_Gaitana_LabFisica_644448,,,,,
2026-09-12T04:26:07-05:00,PUR_IED_GenSantander_Dise_8ac858,PUR_IED_GenSantander_Dise_8ac858,,,,,
2026-09-12T04:26:07-05:00,PUR_IED_GenSantander_Ext_8d5dfe,PUR_IED_GenSantander_Ext_8d5dfe,,,,,
2026-09-12T04:26:07-05:00,PUR_IED_GenSantander_Info_6c25b,PUR_IED_GenSantander_Info_6c25b,,,,,
2026-09-12T04:26:07-05:00,PUR_IED_GustavoMo_Exterio_75e63d,PUR_IED_GustavoMo_Exterio_75e63d,,,,,
2026-09-12T04:26:07-05:00,PUR_IED_GustavoMo_LabFisi_224d37,PUR_IED_GustavoMo_LabFisi_224d37,,,,,
2026-09-12T04:26:07-05:00,PUR_IED_GustavoMo_S208_3e6918,PUR_IED_GustavoMo_S208_3e6918,,,,,
2026-09-12T04:26:07-05:00,PUR_IED_GustavoR_A02_8cd4a8,PUR_IED_GustavoR_A02_8cd4a8,,,,,
2026-09-12T04:26:07-05:00,PUR_IED_GustavoR_B11_5b0ed,PUR_IED_GustavoR_B11_5b0ed,,,,,
2026-09-12T04:26:07-05:00,PUR_IED_GustavoR_Ext_7a0c90,PUR_IED_GustavoR_Ext_7a0c90,,,,,
2026-09-12T04:26:07-05:00,PUR_IED_HernandoDuran_Ext_8cd82b,PUR_IED_HernandoDuran_Ext_8cd82b,,,,,
2026-09-12T04:26:07-05:00,PUR_IED_HernandoDuran_S24_2772c6,PUR_IED_HernandoDuran_S24_2772c6,,,,,
2026-09-12T04:26:07-05:00,PUR_IED_HernandoDuran_S30_f2de41,PUR_IED_HernandoDuran_S30_f2de41,,,,,
2026-09-12T04:26:07-05:00,PUR_IED_HolguInUr_S1101_8cd732,PUR_IED_HolguInUr_S1101_8cd732,,,,,
2026-09-12T04:26:07-05:00,PUR_IED_HolguinUr_Exter_ddae6d,PUR_IED_HolguinUr_Exter_ddae6d,,,,,
2026-09-12T04:26:07-05:00,PUR_IED_HolguinUr_LabQuim_92b952,PUR_IED_HolguinUr_LabQuim_92b952,,,,,
2026-09-12T04:26:07-05:00,PUR_IED_Isabel-II_Ext_5245cc,PUR_IED_Isabel-II_Ext_5245cc,11,18,60,4.6336,-74.153
2026-09-12T04:26:07-05:00,PUR_IED_Isabel-II_S_idiom_1c29aa,PUR_IED_Isabel-II_S_idiom_1c29aa,,,,,
2026-09-12T04:26:07-05:00,PUR_IED_Isabel-II_S_infor_fd741,PUR_IED_Isabel-II_S_infor_fd741,,,,,
2026-09-12T04:26:07-05:00,PUR_IED_IsidroSur_Exterio_5b90ea,PUR_IED_IsidroSur_Exterio_5b90ea,,,,,
2026-09-12T04:26:07-05:00,PUR_IED_IsidroSur_LabTec_56697a,PUR_IED_IsidroSur_LabTec_56697a,,,,,
2026-09-12T04:26:07-05:00,PUR_IED_IsidroSur_Robotic_b7c38f,PUR_IED_IsidroSur_Robotic_b7c38f,,,,,
2026-09-12T04:26:07-05:00,PUR_IED_IsmaelPerd_Ext_7b6672,PUR_IED_IsmaelPerd_Ext_7b6672,,,,,
2026-09-12T04:26:07-05:00,PUR_IED_IsmaelPerd_Inform_306540,PUR_IED_IsmaelPerd_Inform_306540,,,,,
2026-09-12T04:26:07-05:00,PUR_IED_IsmaelPerd_S30_2e2c83,PUR_IED_IsmaelPerd_S30_2e2c83,,,,,
2026-09-12T04:26:07-05:00,PUR_IED_JLozano_Exter_432910,PUR_IED_JLozano_Exter_432910,,,,,
2026-09-12T04:26:07-05:00,PUR_IED_JLozano_salaMulti_df5125,PUR_IED_JLozano_salaMulti_df5125,,,,,
2026-09-12T04:26:07-05:00,PUR_IED_JMCordoba_206_86f80b,PUR_IED_JMCordoba_206_86f80b,,,,,
2026-09-12T04:26:07-05:00,PUR_IED_JMCordoba_Ext_27ad97,PUR_IED_JMCordoba_Ext_27ad97,,,,,
2026-09-12T04:26:07-05:00,PUR_IED_JMCordoba_S310_d59ab4,PUR_IED_JMCordoba_S310_d59ab4,,,,,
2026-09-12T04:26:07-05:00,PUR_IED_Japon_Ext_549100,PUR_IED_Japon_Ext_549100,,,,,
2026-09-12T04:26:07-05:00,PUR_IED_Japon_Laboratorio_bec51d,PUR_IED_Japon_Laboratorio_bec51d,,,,,
2026-09-12T04:26:07-05:00,PUR_IED_Japon_informatica_d99327,PUR_IED_Japon_informatica_d99327,,,,,
2026-09-12T04:26:07-05:00,PUR_IED_Jazmin_Ext_d27bda,PUR_IED_Jazmin_Ext_d27bda,,,,,
2026-09-12T04:26:07-05:00,PUR_IED_Jazmin_Fisica_8d14d7,PUR_IED_Jazmin_Fisica_8d14d7,,,,,
2026-09-12T04:26:07-05:00,PUR_IED_Jazmin_Quimica_801cb5,PUR_IED_Jazmin_Quimica_801cb5,,,,,
2026-09-12T04:26:07-05:00,PUR_IED_JorgeGaitan_Exter_f098d1,PUR_IED_JorgeGaitan_Exter_f098d1,,,,,
2026-09-12T04:26:07-05:00,PUR_IED_JorgeGaitan_STec1_dc9d1d,PUR_IED_JorgeGaitan_STec1_dc9d1d,,,,,
2026-09-12T04:26:07-05:00,PUR_IED_JorgeGaitan_STec2_281e69,PUR_IED_JorgeGaitan_STec2_281e69,,,,,
2026-09-12T04:26:07-05:00,PUR_IED_JorgeSoto_Exterio_d9d0a2,PUR_IED_JorgeSoto_Exterio_d9d0a2,,,,,
2026-09-12T04:26:07-05:00,PUR_IED_JorgeSoto_LabFisi_209c54,PUR_IED_JorgeSoto_LabFisi_209c54,,,,,
2026-09-12T04:26:07-05:00,PUR_IED_JorgeSoto_S103_27b51a,PUR_IED_JorgeSoto_S103_27b51a,,,,,
2026-09-12T04:26:07-05:00,PUR_IED_JoseAcevedo_A02_e965eb,PUR_IED_JoseAcevedo_A02_e965eb,,,,,
2026-09-12T04:26:07-05:00,PUR_IED_JoseAcevedo_A07_dd5b4,PUR_IED_JoseAcevedo_A07_dd5b4,,,,,
2026-09-12T04:26:07-05:00,PUR_IED_JoseAcevedo_Ext_b47484,PUR_IED_JoseAcevedo_Ext_b47484,,,,,
2026-09-12T04:26:07-05:00,PUR_IED_JoseMarti_Exte_5b9bf,PUR_IED_JoseMarti_Exte_5b9bf,,,,,
2026-09-12T04:26:07-05:00,PUR_IED_JoseMarti_LabQuim_1c6c2d,PUR_IED_JoseMarti_LabQuim_1c6c2d,,,,,
2026-09-12T04:26:07-05:00,PUR_IED_JoseMarti_S_info_f5f177,PUR_IED_JoseMarti_S_info_f5f177,,,,,
2026-09-12T04:26:07-05:00,PUR_IED_Josejoaquin_Ext_dfc5dc,PUR_IED_Josejoaquin_Ext_dfc5dc,,,,,
2026-09-12T04:26:07-05:00,PUR_IED_Josejoaquin_S05_5b2a96,PUR_IED_Josejoaquin_S05_5b2a96,,,,,
2026-09-12T04:26:07-05:00,PUR_IED_Josejoaquin_S06_1ce7d2,PUR_IED_Josejoaquin_S06_1ce7d2,,,,,
2026-09-12T04:26:07-05:00,PUR_IED_JulioFlorez_Danza_9b82dd,PUR_IED_JulioFlorez_Danza_9b82dd,,,,,
2026-09-12T04:26:07-05:00,PUR_IED_JulioFlorez_Exter_f9f314,PUR_IED_JulioFlorez_Exter_f9f314,,,,,
2026-09-12T04:26:07-05:00,PUR_IED_JulioFlorez_info2_6b6e08,PUR_IED_JulioFlorez_info2_6b6e08,,,,,
2026-09-12T04:26:07-05:00,PUR_IED_LaBelleza_Aula13_1d00d8,PUR_IED_LaBelleza_Aula13_1d00d8,,,,,
2026-09-12T04:26:07-05:00,PUR_IED_LaBelleza_Ext_7bc08c,PUR_IED_LaBelleza_Ext_7bc08c,,,,,
2026-09-12T04:26:07-05:00,PUR_IED_LaChucua_Ext_8cd6d2,PUR_IED_LaChucua_Ext_8cd6d2,,,,,
2026-09-12T04:26:07-05:00,PUR_IED_LaChucua_S15_f578ce,PUR_IED_LaChucua_S15_f578ce,,,,,
2026-09-12T04:26:07-05:00,PUR_IED_LaChucua_S16_eebcf9,PUR_IED_LaChucua_S16_eebcf9,,,,,
2026-09-12T04:26:07-05:00,PUR_IED_LaFelicidad_Ext_fb5109,PUR_IED_LaFelicidad_Ext_fb5109,,,,,
2026-09-12T04:26:07-05:00,PUR_IED_LaMerced_206_66ebd,PUR_IED_LaMerced_206_66ebd,,,,,
2026-09-12T04:26:07-05:00,PUR_IED_LaMerced_207_6ebd6,PUR_IED_LaMerced_207_6ebd6,,,,,
2026-09-12T04:26:07-05:00,PUR_IED_LaMerced_ext_304311,PUR_IED_LaMerced_ext_304311,,,,,
2026-09-12T04:26:07-05:00,PUR_IED_Laureano_CiencNat_281e5e,PUR_IED_Laureano_CiencNat_281e5e,,,,,
2026-09-12T04:26:07-05:00,PUR_IED_Laureano_Comedor_f65c0a,PUR_IED_Laureano_Comedor_f65c0a,,,,,
2026-09-12T04:26:07-05:00,PUR_IED_Laureano_Exterior_7ab011,PUR_IED_Laureano_Exterior_7ab011,,,,,
2026-09-12T04:26:07-05:00,PUR_IED_LeonGreiff_Exte_dfe560,PUR_IED_LeonGreiff_Exte_dfe560,,,,,
2026-09-12T04:26:07-05:00,PUR_IED_LeonGreiff_S210_f264ed,PUR_IED_LeonGreiff_S210_f264ed,,,,,
2026-09-12T04:26:07-05:00,PUR_IED_LeonGreiff_SQuimi_e8296f,PUR_IED_LeonGreiff_SQuimi_e8296f,,,,,
2026-09-12T04:26:07-05:00,PUR_IED_LlanoOrientalS208_7b9fcd,PUR_IED_LlanoOrientalS208_7b9fcd,,,,,
2026-09-12T04:26:07-05:00,PUR_IED_LlanoOriental_Ext_fb3766,PUR_IED_LlanoOriental_Ext_fb3766,,,,,
2026-09-12T04:26:07-05:00,PUR_IED_LlanoOriental_S208_7b9fcd,PUR_IED_LlanoOriental_S208_7b9fcd,,,,,
2026-09-12T04:26:07-05:00,PUR_IED_LlanoOriental_S9_27b378,PUR_IED_LlanoOriental_S9_27b378,,,,,
2026-09-12T04:26:07-05:00,PUR_IED_LosTejares_1101_477602,PUR_IED_LosTejares_1101_477602,,,,,
2026-09-12T04:26:07-05:00,PUR_IED_LosTejares_11_d2c595,PUR_IED_LosTejares_11_d2c595,,,,,
2026-09-12T04:26:07-05:00,PUR_IED_LosTejares_12_477602,PUR_IED_LosTejares_12_477602,,,,,
2026-09-12T04:26:07-05:00,PUR_IED_LosTejares_Ext_8e2115,PUR_IED_LosTejares_Ext_8e2115,,,,,
2026-09-12T04:26:07-05:00,PUR_IED_MagdalenaO_B202_5ddda3,PUR_IED_MagdalenaO_B202_5ddda3,,,,,
2026-09-12T04:26:07-05:00,PUR_IED_MagdalenaO_B205_fb76e8,PUR_IED_MagdalenaO_B205_fb76e8,,,,,
2026-09-12T04:26:07-05:00,PUR_IED_MagdalenaO_ext_dc69cd,PUR_IED_MagdalenaO_ext_dc69cd,,,,,
2026-09-12T04:26:07-05:00,PUR_IED_ManueCepeda_artes_eee956,PUR_IED_ManueCepeda_artes_eee956,,,,,
2026-09-12T04:26:07-05:00,PUR_IED_ManuelCepeda_Ext_58313,PUR_IED_ManuelCepeda_Ext_58313,,,,,
2026-09-12T04:26:07-05:00,PUR_IED_ManuelCepeda_tec_1c5731,PUR_IED_ManuelCepeda_tec_1c5731,,,,,
2026-09-12T04:26:07-05:00,PUR_IED_ManuelS_Exterior_5b269,PUR_IED_ManuelS_Exterior_5b269,,,,,
2026-09-12T04:26:07-05:00,PUR_IED_ManuelS_Inform_f369ce,PUR_IED_ManuelS_Inform_f369ce,,,,,
2026-09-12T04:26:07-05:00,PUR_IED_ManuelS_SArtes_7d15f1,PUR_IED_ManuelS_SArtes_7d15f1,,,,,
2026-09-12T04:26:07-05:00,PUR_IED_ManuelZapata_303_3ca6,PUR_IED_ManuelZapata_303_3ca6,,,,,
2026-09-12T04:26:07-05:00,PUR_IED_ManuelZapata_311_bfbabc,PUR_IED_ManuelZapata_311_bfbabc,,,,,
2026-09-12T04:26:07-05:00,PUR_IED_ManuelZapata_Ext_50824a,PUR_IED_ManuelZapata_Ext_50824a,,,,,
2026-09-12T04:26:07-05:00,PUR_IED_ManuelitaS_Exteri_656a92,PUR_IED_ManuelitaS_Exteri_656a92,,,,,
2026-09-12T04:26:07-05:00,PUR_IED_ManuelitaS_JuzgDe_f58ec3,PUR_IED_ManuelitaS_JuzgDe_f58ec3,,,,,
2026-09-12T04:26:07-05:00,PUR_IED_ManuelitaS_Recrea_d793db,PUR_IED_ManuelitaS_Recrea_d793db,,,,,
2026-09-12T04:26:07-05:00,PUR_IED_MarFidSuarez_Ext_c27b19,PUR_IED_MarFidSuarez_Ext_c27b19,,,,,
2026-09-12T04:26:07-05:00,PUR_IED_MarFidSuarez_Info_e384d7,PUR_IED_MarFidSuarez_Info_e384d7,,,,,
2026-09-12T04:26:07-05:00,PUR_IED_MarFidSuarez_S306_1d0032,PUR_IED_MarFidSuarez_S306_1d0032,,,,,
2026-09-12T04:26:07-05:00,PUR_IED_Menorah_301_2a25a3,PUR_IED_Menorah_301_2a25a3,,,,,
2026-09-12T04:26:07-05:00,PUR_IED_Menorah_306_37ed3,PUR_IED_Menorah_306_37ed3,,,,,
2026-09-12T04:26:07-05:00,PUR_IED_Menorah_Ext_3e155b,PUR_IED_Menorah_Ext_3e155b,,,,,
2026-09-12T04:26:07-05:00,PUR_IED_MinutoB.Aires_A11_1b1604,PUR_IED_MinutoB.Aires_A11_1b1604,,,,,
2026-09-12T04:26:07-05:00,PUR_IED_MinutoB.Aires_A12_fb5860,PUR_IED_MinutoB.Aires_A12_fb5860,,,,,
2026-09-12T04:26:07-05:00,PUR_IED_MinutoB.Aires_Ext_81293f,PUR_IED_MinutoB.Aires_Ext_81293f,,,,,
2026-09-12T04:26:07-05:00,PUR_IED_MinutoBAires_A11_1b1604,PUR_IED_MinutoBAires_A11_1b1604,,,,,
2026-09-12T04:26:07-05:00,PUR_IED_MinutoBAires_A12_fb5860,PUR_IED_MinutoBAires_A12_fb5860,,,,,
2026-09-12T04:26:07-05:00,PUR_IED_MinutoBAires_Ext_81293f,PUR_IED_MinutoBAires_Ext_81293f,,,,,
2026-09-12T04:26:07-05:00,PUR_IED_Montreal_Aula10_1e4959,PUR_IED_Montreal_Aula10_1e4959,,,,,
2026-09-12T04:26:07-05:00,PUR_IED_Montreal_Aula6_300367,PUR_IED_Montreal_Aula6_300367,,,,,
2026-09-12T04:26:07-05:00,PUR_IED_Montreal_Exterior_91a179,PUR_IED_Montreal_Exterior_91a179,,,,,
2026-09-12T04:26:07-05:00,PUR_IED_Mqgdalena_B202_5ddda3,PUR_IED_Mqgdalena_B202_5ddda3,,,,,
2026-09-12T04:26:07-05:00,PUR_IED_NACUND_Soc_dc8728,PUR_IED_NACUND_Soc_dc8728,,,,,
2026-09-12T04:26:07-05:00,PUR_IED_NACUND_ext_27ad97,PUR_IED_NACUND_ext_27ad97,,,,,
2026-09-12T04:26:07-05:00,PUR_IED_NEsperanza_Ext_d24b61,PUR_IED_NEsperanza_Ext_d24b61,,,,,
2026-09-12T04:26:07-05:00,PUR_IED_NEsperanza_SElect_7d1807,PUR_IED_NEsperanza_SElect_7d1807,,,,,
2026-09-12T04:26:07-05:00,PUR_IED_NEsperanza_SLabor_8b2d0a,PUR_IED_NEsperanza_SLabor_8b2d0a,,,,,
2026-09-12T04:26:07-05:00,PUR_IED_NacionesU_Ext_f661a9,PUR_IED_NacionesU_Ext_f661a9,,,,,
2026-09-12T04:26:07-05:00,PUR_IED_NacionesU_Quimica_66f0a,PUR_IED_NacionesU_Quimica_66f0a,,,,,
2026-09-12T04:26:07-05:00,PUR_IED_NacionesU_S306_1b4b3d,PUR_IED_NacionesU_S306_1b4b3d,,,,,
2026-09-12T04:26:07-05:00,PUR_IED_NestorFA_Ext_e4201c,PUR_IED_NestorFA_Ext_e4201c,,,,,
2026-09-12T04:26:07-05:00,PUR_IED_NestorFA_Laborato_f22fe0,PUR_IED_NestorFA_Laborato_f22fe0,,,,,
2026-09-12T04:26:07-05:00,PUR_IED_NestorFA_S204_dee996,PUR_IED_NestorFA_S204_dee996,,,,,
2026-09-12T04:26:07-05:00,PUR_IED_NidyaQT_Aula03_76999b,PUR_IED_NidyaQT_Aula03_76999b,,,,,
2026-09-12T04:26:07-05:00,PUR_IED_NidyaQT_Aula10_56325,PUR_IED_NidyaQT_Aula10_56325,,,,,
2026-09-12T04:26:07-05:00,PUR_IED_NidyaQT_Ext_46e32d,PUR_IED_NidyaQT_Ext_46e32d,,,,,
2026-09-12T04:26:07-05:00,PUR_IED_NuevaCol_Exterior_d9b859,PUR_IED_NuevaCol_Exterior_d9b859,,,,,
2026-09-12T04:26:07-05:00,PUR_IED_NuevaCol_S1101_76c43b,PUR_IED_NuevaCol_S1101_76c43b,,,,,
2026-09-12T04:26:07-05:00,PUR_IED_NuevaCol_S1102_1ce0b5,PUR_IED_NuevaCol_S1102_1ce0b5,,,,,
2026-09-12T04:26:07-05:00,PUR_IED_OEA_A202_f7e3f2,PUR_IED_OEA_A202_f7e3f2,,,,,
2026-09-12T04:26:07-05:00,PUR_IED_OEA_A203_7d1b8d,PUR_IED_OEA_A203_7d1b8d,,,,,
2026-09-12T04:26:07-05:00,PUR_IED_OEA_Ext_27b593,PUR_IED_OEA_Ext_27b593,,,,,
2026-09-12T04:26:07-05:00,PUR_IED_Ochoa_Ext_1c29da,PUR_IED_Ochoa_Ext_1c29da,,,,,
2026-09-12T04:26:07-05:00,PUR_IED_Ochoa_S205_8b1121,PUR_IED_Ochoa_S205_8b1121,,,,,
2026-09-12T04:26:07-05:00,PUR_IED_Ochoa_Sistemas_f33af6,PUR_IED_Ochoa_Sistemas_f33af6,,,,,
2026-09-12T04:26:07-05:00,PUR_IED_PQuebec_Ext_1c67c7,PUR_IED_PQuebec_Ext_1c67c7,,,,,
2026-09-12T04:26:07-05:00,PUR_IED_PQuebec_S15_23e8e2,PUR_IED_PQuebec_S15_23e8e2,,,,,
2026-09-12T04:26:07-05:00,PUR_IED_PQuebec_S16_8ec76b,PUR_IED_PQuebec_S16_8ec76b,,,,,
2026-09-12T04:26:07-05:00,PUR_IED_PabloN_Ext_49dc96,PUR_IED_PabloN_Ext_49dc96,,,,,
2026-09-12T04:26:07-05:00,PUR_IED_PabloN_S1102_4e3df5,PUR_IED_PabloN_S1102_4e3df5,,,,,
2026-09-12T04:26:07-05:00,PUR_IED_PabloN_S1103_50c94b,PUR_IED_PabloN_S1103_50c94b,,,,,
2026-09-12T04:26:07-05:00,PUR_IED_Palestina_S1101_db9198,PUR_IED_Palestina_S1101_db9198,,,,,
2026-09-12T04:26:07-05:00,PUR_IED_Palestina_S1102_dc54fa,PUR_IED_Palestina_S1102_dc54fa,,,,,
2026-09-12T04:26:07-05:00,PUR_IED_Palestina_ext_4ccce6,PUR_IED_Palestina_ext_4ccce6,,,,,
2026-09-12T04:26:07-05:00,PUR_IED_Panama_Fisica_4d0794,PUR_IED_Panama_Fisica_4d0794,,,,,
2026-09-12T04:26:07-05:00,PUR_IED_Panama_SIngles_a4077e,PUR_IED_Panama_SIngles_a4077e,,,,,
2026-09-12T04:26:07-05:00,PUR_IED_Panama_ext_4c54b4,PUR_IED_Panama_ext_4c54b4,,,,,
2026-09-12T04:26:07-05:00,PUR_IED_ParaisoM_Exterior_8cd7f0,PUR_IED_ParaisoM_Exterior_8cd7f0,,,,,
2026-09-12T04:26:07-05:00,PUR_IED_ParaisoM_Laborato_27af35,PUR_IED_ParaisoM_Laborato_27af35,,,,,
2026-09-12T04:26:07-05:00,PUR_IED_ParaisoM_S304_d1edca,PUR_IED_ParaisoM_S304_d1edca,,,,,
2026-09-12T04:26:07-05:00,PUR_IED_PorfirioBarba_Ext_301466,PUR_IED_PorfirioBarba_Ext_301466,,,,,
2026-09-12T04:26:07-05:00,PUR_IED_PorfirioBarba_S11_df6cd2,PUR_IED_PorfirioBarba_S11_df6cd2,,,,,
2026-09-12T04:26:07-05:00,PUR_IED_PorfirioBarba_S29_27a7d6,PUR_IED_PorfirioBarba_S29_27a7d6,,,,,
2026-09-12T04:26:07-05:00,PUR_IED_PradoV_Exter_8b27ad,PUR_IED_PradoV_Exter_8b27ad,,,,,
2026-09-12T04:26:07-05:00,PUR_IED_PradoV_S301_de65b5,PUR_IED_PradoV_S301_de65b5,,,,,
2026-09-12T04:26:07-05:00,PUR_IED_PradoV_S302_7d2593,PUR_IED_PradoV_S302_7d2593,,,,,
2026-09-12T04:26:07-05:00,PUR_IED_QuirogaAlz_Ext_1ddc82,PUR_IED_QuirogaAlz_Ext_1ddc82,,,,,
2026-09-12T04:26:07-05:00,PUR_IED_QuirogaAlz_S302_9926a3,PUR_IED_QuirogaAlz_S302_9926a3,,,,,
2026-09-12T04:26:07-05:00,PUR_IED_QuirogaAlz_S305_cdf1f1,PUR_IED_QuirogaAlz_S305_cdf1f1,,,,,
2026-09-12T04:26:07-05:00,PUR_IED_RGuatemala_Biling_dc53b7,PUR_IED_RGuatemala_Biling_dc53b7,,,,,
2026-09-12T04:26:07-05:00,PUR_IED_RGuatemala_Ext_1b89a3,PUR_IED_RGuatemala_Ext_1b89a3,,,,,
2026-09-12T04:26:07-05:00,PUR_IED_RGuatemala_Tecnol_281a34,PUR_IED_RGuatemala_Tecnol_281a34,,,,,
2026-09-12T04:26:07-05:00,PUR_IED_RafaNu_Ext_f7c302,PUR_IED_RafaNu_Ext_f7c302,,,,,
2026-09-12T04:26:07-05:00,PUR_IED_RafaNu_S1101_25fde,PUR_IED_RafaNu_S1101_25fde,,,,,
2026-09-12T04:26:07-05:00,PUR_IED_RafaNu_S1102_281517,PUR_IED_RafaNu_S1102_281517,,,,,
2026-09-12T04:26:07-05:00,PUR_IED_RafaelB_S305_ee2783,PUR_IED_RafaelB_S305_ee2783,,,,,
2026-09-12T04:26:07-05:00,PUR_IED_RafaelB_S306_75fe33,PUR_IED_RafaelB_S306_75fe33,,,,,
2026-09-12T04:26:07-05:00,PUR_IED_RafaelB_ext_283336,PUR_IED_RafaelB_ext_283336,3,17,63,4.6722,-74.0737
2026-09-12T04:26:07-05:00,PUR_IED_RafaelUU_Exterior_281a51,PUR_IED_RafaelUU_Exterior_281a51,,,,,
2026-09-12T04:26:07-05:00,PUR_IED_RafaelUU_Human_806b2,PUR_IED_RafaelUU_Human_806b2,,,,,
2026-09-12T04:26:07-05:00,PUR_IED_RafaelUU_Mate2_5680d4,PUR_IED_RafaelUU_Mate2_5680d4,,,,,
2026-09-12T04:26:07-05:00,PUR_IED_RamonSub_Ext_f9eeb9,PUR_IED_RamonSub_Ext_f9eeb9,,,,,
2026-09-12T04:26:07-05:00,PUR_IED_RamonSub_Media_d1f62f,PUR_IED_RamonSub_Media_d1f62f,,,,,
2026-09-12T04:26:07-05:00,PUR_IED_RamonSub_planta_51b82,PUR_IED_RamonSub_planta_51b82,,,,,
2026-09-12T04:26:07-05:00,PUR_IED_RepBoliVene_Exter_27af7c,PUR_IED_RepBoliVene_Exter_27af7c,,,,,
2026-09-12T04:26:07-05:00,PUR_IED_RepBoliVene_SCPT_5ae2ee,PUR_IED_RepBoliVene_SCPT_5ae2ee,,,,,
2026-09-12T04:26:07-05:00,PUR_IED_RepBoliVene_Socia_4b11d5,PUR_IED_RepBoliVene_Socia_4b11d5,,,,,
2026-09-12T04:26:07-05:00,PUR_IED_RepChina_Ext_76d9ee,PUR_IED_RepChina_Ext_76d9ee,,,,,
2026-09-12T04:26:07-05:00,PUR_IED_RepChina_S404_7c804c,PUR_IED_RepChina_S404_7c804c,,,,,
2026-09-12T04:26:07-05:00,PUR_IED_RepChina_S405_df2c33,PUR_IED_RepChina_S405_df2c33,,,,,
2026-09-12T04:26:07-05:00,PUR_IED_RepublicaC_Exteri_7d1ec9,PUR_IED_RepublicaC_Exteri_7d1ec9,,,,,
2026-09-12T04:26:07-05:00,PUR_IED_RepublicaC_S1101_f544b3,PUR_IED_RepublicaC_S1101_f544b3,,,,,
2026-09-12T04:26:07-05:00,PUR_IED_RepublicaC_S1102_7aafc7,PUR_IED_RepublicaC_S1102_7aafc7,,,,,
2026-09-12T04:26:07-05:00,PUR_IED_Ricaurte_Externo_a0ea1,PUR_IED_Ricaurte_Externo_a0ea1,,,,,
2026-09-12T04:26:07-05:00,PUR_IED_Ricaurte_S210_f546fd,PUR_IED_Ricaurte_S210_f546fd,,,,,
2026-09-12T04:26:07-05:00,PUR_IED_Ricaurte_S309_d4452,PUR_IED_Ricaurte_S309_d4452,,,,,
2026-09-12T04:26:07-05:00,PUR_IED_RogelioS_1102_531e69,PUR_IED_RogelioS_1102_531e69,,,,,
2026-09-12T04:26:07-05:00,PUR_IED_RogelioS_Ext_f25a18,PUR_IED_RogelioS_Ext_f25a18,,,,,
2026-09-12T04:26:07-05:00,PUR_IED_SBernardino_Ext_27aff8,PUR_IED_SBernardino_Ext_27aff8,,,,,
2026-09-12T04:26:07-05:00,PUR_IED_SBernardino_SArte_2ffd33,PUR_IED_SBernardino_SArte_2ffd33,,,,,
2026-09-12T04:26:07-05:00,PUR_IED_SBernardino_SIngl_7c7da5,PUR_IED_SBernardino_SIngl_7c7da5,,,,,
2026-09-12T04:26:07-05:00,PUR_IED_Sago_auditorio_dc9d1d,PUR_IED_Sago_auditorio_dc9d1d,,,,,
2026-09-12T04:26:07-05:00,PUR_IED_Saludcoop_Ext_95aac3,PUR_IED_Saludcoop_Ext_95aac3,,,,,
2026-09-12T04:26:07-05:00,PUR_IED_Saludcoop_InfI_90c854,PUR_IED_Saludcoop_InfI_90c854,,,,,
2026-09-12T04:26:07-05:00,PUR_IED_Saludcoop_SMedia_1b93be,PUR_IED_Saludcoop_SMedia_1b93be,,,,,
2026-09-12T04:26:07-05:00,PUR_IED_SanCarlos_1101_1a2360,PUR_IED_SanCarlos_1101_1a2360,,,,,
2026-09-12T04:26:07-05:00,PUR_IED_SanCarlos_1103_7bafb5,PUR_IED_SanCarlos_1103_7bafb5,,,,,
2026-09-12T04:26:07-05:00,PUR_IED_SanCarlos_Ext_b7cd1,PUR_IED_SanCarlos_Ext_b7cd1,,,,,
2026-09-12T04:26:07-05:00,PUR_IED_SanIgnacioBosa11a_50c26e,PUR_IED_SanIgnacioBosa11a_50c26e,,,,,
2026-09-12T04:26:07-05:00,PUR_IED_SanIgnacioBosa11b_371de8,PUR_IED_SanIgnacioBosa11b_371de8,,,,,
2026-09-12T04:26:07-05:00,PUR_IED_SanIgnacioBosaExt_ef0ffc,PUR_IED_SanIgnacioBosaExt_ef0ffc,,,,,
2026-09-12T04:26:07-05:00,PUR_IED_SanIgnacioBosa_11a_50c26e,PUR_IED_SanIgnacioBosa_11a_50c26e,,,,,
2026-09-12T04:26:07-05:00,PUR_IED_SanIgnacioBosa_Ext_ef0ffc,PUR_IED_SanIgnacioBosa_Ext_ef0ffc,,,,,
2026-09-12T04:26:07-05:00,PUR_IED_SanJoseN_intS1101_31c47f,PUR_IED_SanJoseN_intS1101_31c47f,,,,,
2026-09-12T04:26:07-05:00,PUR_IED_SanJoseUsm_Exter_f5d7e8,PUR_IED_SanJoseUsm_Exter_f5d7e8,,,,,
2026-09-12T04:26:07-05:00,PUR_IED_SanJoseUsm_Int11A_cfdef6,PUR_IED_SanJoseUsm_Int11A_cfdef6,,,,,
2026-09-12T04:26:07-05:00,PUR_IED_SilveriaR_IntB5_905349,PUR_IED_SilveriaR_IntB5_905349,,,,,
2026-09-12T04:26:07-05:00,PUR_IED_SilveriaR_IntSD14_981f93,PUR_IED_SilveriaR_IntSD14_981f93,,,,,
2026-09-12T04:26:07-05:00,PUR_IED_SilveriaR_ext_2b651d,PUR_IED_SilveriaR_ext_2b651d,,,,,
2026-09-12T04:26:07-05:00,PUR_IED_SimonB_Exterior_913975,PUR_IED_SimonB_Exterior_913975,,,,,
2026-09-12T04:26:07-05:00,PUR_IED_SimonB_LabQuimi_c56908,PUR_IED_SimonB_LabQuimi_c56908,,,,,
2026-09-12T04:26:07-05:00,PUR_IED_SimonB_informatic_a28c1,PUR_IED_SimonB_informatic_a28c1,,,,,
2026-09-12T04:26:07-05:00,PUR_IED_Sorrento_1102_315f50,PUR_IED_Sorrento_1102_315f50,,,,,
2026-09-12T04:26:07-05:00,PUR_IED_Sorrento_Minte_214eab,PUR_IED_Sorrento_Minte_214eab,,,,,
2026-09-12T04:26:07-05:00,PUR_IED_Sorrento_ext_7c3a0a,PUR_IED_Sorrento_ext_7c3a0a,,,,,
2026-09-12T04:26:07-05:00,PUR_IED_Tabora_Ext_f048ae,PUR_IED_Tabora_Ext_f048ae,,,,,
2026-09-12T04:26:07-05:00,PUR_IED_Tabora_S1102_b07752,PUR_IED_Tabora_S1102_b07752,,,,,
2026-09-12T04:26:07-05:00,PUR_IED_Tabora_S1103_d988f5,PUR_IED_Tabora_S1103_d988f5,,,,,
2026-09-12T04:26:07-05:00,PUR_IED_Tenerife_Ext_1ab188,PUR_IED_Tenerife_Ext_1ab188,,,,,
2026-09-12T04:26:07-05:00,PUR_IED_Tenerife_SDanzas_7bc02e,PUR_IED_Tenerife_SDanzas_7bc02e,,,,,
2026-09-12T04:26:07-05:00,PUR_IED_Tenerife_SIngles_7cc277,PUR_IED_Tenerife_SIngles_7cc277,,,,,
2026-09-12T04:26:07-05:00,PUR_IED_Tibabuyes_Exter_f2683d,PUR_IED_Tibabuyes_Exter_f2683d,,,,,
2026-09-12T04:26:07-05:00,PUR_IED_Tibabuyes_S10_dc87a8,PUR_IED_Tibabuyes_S10_dc87a8,,,,,
2026-09-12T04:26:07-05:00,PUR_IED_Tibabuyes_S15_dc0526,PUR_IED_Tibabuyes_S15_dc0526,,,,,
2026-09-12T04:26:07-05:00,PUR_IED_UnionE_S301_a1043,PUR_IED_UnionE_S301_a1043,,,,,
2026-09-12T04:26:07-05:00,PUR_IED_UnionE_S307_ff6c2f,PUR_IED_UnionE_S307_ff6c2f,,,,,
2026-09-12T04:26:07-05:00,PUR_IED_UnionE__Ext_5e2468,PUR_IED_UnionE__Ext_5e2468,,,,,
2026-09-12T04:26:07-05:00,PUR_IED_VillaRica_Ext_75be7c,PUR_IED_VillaRica_Ext_75be7c,,,,,
2026-09-12T04:26:07-05:00,PUR_IED_VillaRica_S4_cc5dcd,PUR_IED_VillaRica_S4_cc5dcd,,,,,
2026-09-12T04:26:07-05:00,PUR_IED_VillaRica_Sesp_99f5c,PUR_IED_VillaRica_Sesp_99f5c,,,,,
2026-09-12T04:31:15-05:00,PUR_IED_20deJulio_1101_91b1b9,PUR_IED_20deJulio_1101_91b1b9,,,,,
2026-09-12T04:31:15-05:00,PUR_IED_20deJulio_1102_1cfcf9,PUR_IED_20deJulio_1102_1cfcf9,,,,,
2026-09-12T04:31:15-05:00,PUR_IED_20deJulio_Ext_ab60bd,PUR_IED_20deJulio_Ext_ab60bd,,,,,
2026-09-12T04:31:15-05:00,PUR_IED_AgustinFer_Ext_7b9b77,PUR_IED_AgustinFer_Ext_7b9b77,,,,,
2026-09-12T04:31:15-05:00,PUR_IED_AgustinFer_Info2_27b3a7,PUR_IED_AgustinFer_Info2_27b3a7,,,,,
2026-09-12T04:31:15-05:00,PUR_IED_AgustinFer_Sena_54b4eb,PUR_IED_AgustinFer_Sena_54b4eb,,,,,
2026-09-12T04:31:15-05:00,PUR_IED_AlexanderF_1102_caf07b,PUR_IED_AlexanderF_1102_caf07b,,,,,
2026-09-12T04:31:15-05:00,PUR_IED_AlexanderF_1103_c79e71,PUR_IED_AlexanderF_1103_c79e71,,,,,
2026-09-12T04:31:15-05:00,PUR_IED_AlexanderF_Ext_c5b18b,PUR_IED_AlexanderF_Ext_c5b18b,,,,,
2026-09-12T04:31:15-05:00,PUR_IED_AlfonsoLopez_Ext_281d77,PUR_IED_AlfonsoLopez_Ext_281d77,,,,,
2026-09-12T04:31:15-05:00,PUR_IED_AlfonsoLopez_LabF_888ce0,PUR_IED_AlfonsoLopez_LabF_888ce0,,,,,
2026-09-12T04:31:15-05:00,PUR_IED_AlfonsoLopez_SMed_df6a7f,PUR_IED_AlfonsoLopez_SMed_df6a7f,,,,,
2026-09-12T04:31:15-05:00,PUR_IED_AltamiraSO_A2_209f92,PUR_IED_AltamiraSO_A2_209f92,,,,,
2026-09-12T04:31:15-05:00,PUR_IED_AltamiraSO_Ext_186d66,PUR_IED_AltamiraSO_Ext_186d66,,,,,
2026-09-12T04:31:15-05:00,PUR_IED_AltamiraSO_Sistem_27afe1,PUR_IED_AltamiraSO_Sistem_27afe1,,,,,
2026-09-12T04:31:15-05:00,PUR_IED_AlvaroGom_LabQuim_813179,PUR_IED_AlvaroGom_LabQuim_813179,,,,,
2026-09-12T04:31:15-05:00,PUR_IED_AlvaroGomez_Ext_47c7ca,PUR_IED_AlvaroGomez_Ext_47c7ca,,,,,
2026-09-12T04:31:15-05:00,PUR_IED_AlvaroGomez_LabQuim_813179,PUR_IED_AlvaroGomez_LabQuim_813179,,,,,
2026-09-12T04:31:15-05:00,PUR_IED_AlvaroGomez_S23_7ba89f,PUR_IED_AlvaroGomez_S23_7ba89f,,,,,
2026-09-12T04:31:15-05:00,PUR_IED_Amistad_306_dc8728,PUR_IED_Amistad_306_dc8728,,,,,
2026-09-12T04:31:15-05:00,PUR_IED_Amistad_Ext_8cd55e,PUR_IED_Amistad_Ext_8cd55e,,,,,
2026-09-12T04:31:15-05:00,PUR_IED_Amistad_S202_a41169,PUR_IED_Amistad_S202_a41169,,,,,
2026-09-12T04:31:15-05:00,PUR_IED_AndresBello_Bio_fd5f5e,PUR_IED_AndresBello_Bio_fd5f5e,,,,,
2026-09-12T04:31:15-05:00,PUR_IED_AndresBello_ext_dcad65,PUR_IED_AndresBello_ext_dcad65,,,,,
2026-09-12T04:31:15-05:00,PUR_IED_AndresBello_port_eed3ec,PUR_IED_AndresBello_port_eed3ec,,,,,
2026-09-12T04:31:15-05:00,PUR_IED_AngelaR_11b_d90a6b,PUR_IED_AngelaR_11b_d90a6b,,,,,
2026-09-12T04:31:15-05:00,PUR_IED_AngelaR_ext_7cad3e,PUR_IED_AngelaR_ext_7cad3e,12,19,61,4.5825,-74.164497
2026-09-12T04:31:15-05:00,PUR_IED_AntJoseSucre_10mo_df2575,PUR_IED_AntJoseSucre_10mo_df2575,,,,,
2026-09-12T04:31:15-05:00,PUR_IED_AntJoseSucre_Ext_215b36,PUR_IED_AntJoseSucre_Ext_215b36,,,,,
2026-09-12T04:31:15-05:00,PUR_IED_AntJoseSucre_Lab_3139de,PUR_IED_AntJoseSucre_Lab_3139de,,,,,
2026-09-12T04:31:15-05:00,PUR_IED_AntonioGarcia_301_d6b188,PUR_IED_AntonioGarcia_301_d6b188,,,,,
2026-09-12T04:31:15-05:00,PUR_IED_AntonioGarcia_302_88a82,PUR_IED_AntonioGarcia_302_88a82,,,,,
2026-09-12T04:31:15-05:00,PUR_IED_AntonioGarcia_Ext_20950c,PUR_IED_AntonioGarcia_Ext_20950c,,,,,
2026-09-12T04:31:15-05:00,PUR_IED_AntonioVan_Aula2_6dea02,PUR_IED_AntonioVan_Aula2_6dea02,,,,,
2026-09-12T04:31:15-05:00,PUR_IED_AntonioVan_Aula5_f1557e,PUR_IED_AntonioVan_Aula5_f1557e,,,,,
2026-09-12T04:31:15-05:00,PUR_IED_AntonioVan_Ext_406f2f,PUR_IED_AntonioVan_Ext_406f2f,,,,,
2026-09-12T04:31:15-05:00,PUR_IED_Atabanzha_Ext_cc5af9,PUR_IED_Atabanzha_Ext_cc5af9,,,,,
2026-09-12T04:31:15-05:00,PUR_IED_Atabanzha_SA101_56c37,PUR_IED_Atabanzha_SA101_56c37,,,,,
2026-09-12T04:31:15-05:00,PUR_IED_Atabanzha_SB302_27b374,PUR_IED_Atabanzha_SB302_27b374,,,,,
2026-09-12T04:31:15-05:00,PUR_IED_Atahualpa_Ext_fc1748,PUR_IED_Atahualpa_Ext_fc1748,,,,,
2026-09-12T04:31:15-05:00,PUR_IED_Atahualpa_Informa_dc9a95,PUR_IED_Atahualpa_Informa_dc9a95,,,,,
2026-09-12T04:31:15-05:00,PUR_IED_Atahualpa_S1101_f98056,PUR_IED_Atahualpa_S1101_f98056,,,,,
2026-09-12T04:31:15-05:00,PUR_IED_Bellavista_Ext_f5aa74,PUR_IED_Bellavista_Ext_f5aa74,,,,,
2026-09-12T04:31:15-05:00,PUR_IED_Bilbao_11A_916c41,PUR_IED_Bilbao_11A_916c41,,,,,
2026-09-12T04:31:15-05:00,PUR_IED_Bilbao_Ext_fb579a,PUR_IED_Bilbao_Ext_fb579a,,,,,
2026-09-12T04:31:15-05:00,PUR_IED_BrasiliaU_A125_304280,PUR_IED_BrasiliaU_A125_304280,,,,,
2026-09-12T04:31:15-05:00,PUR_IED_BrasiliaU_A203_7c8ca5,PUR_IED_BrasiliaU_A203_7c8ca5,,,,,
2026-09-12T04:31:15-05:00,PUR_IED_BrasiliaU_Ext_8d6e9f,PUR_IED_BrasiliaU_Ext_8d6e9f,5,16,66,4.5175,-74.116302
2026-09-12T04:31:15-05:00,PUR_IED_Brasilia_Ext_fe6593,PUR_IED_Brasilia_Ext_fe6593,,,,,
2026-09-12T04:31:15-05:00,PUR_IED_Brasilia_S24_7c130d,PUR_IED_Brasilia_S24_7c130d,,,,,
2026-09-12T04:31:15-05:00,PUR_IED_Brasilia_S501_186a54,PUR_IED_Brasilia_S501_186a54,,,,,
2026-09-12T04:31:15-05:00,PUR_IED_CHARRY_EXT_f1d5cd,PUR_IED_CHARRY_EXT_f1d5cd,,,,,
2026-09-12T04:31:15-05:00,PUR_IED_CHARRY_INTDANZAS_7a08e6,PUR_IED_CHARRY_INTDANZAS_7a08e6,,,,,
2026-09-12T04:31:15-05:00,PUR_IED_CHARRY_INT_AULA20_dc998d,PUR_IED_CHARRY_INT_AULA20_dc998d,,,,,
2026-09-12T04:31:15-05:00,PUR_IED_COLVIV_1101_S25_7f520a,PUR_IED_COLVIV_1101_S25_7f520a,,,,,
2026-09-12T04:31:15-05:00,PUR_IED_COLVIV_1102_S16_f570ba,PUR_IED_COLVIV_1102_S16_f570ba,,,,,
2026-09-12T04:31:15-05:00,PUR_IED_COLVIV_Ext_1a26fa,PUR_IED_COLVIV_Ext_1a26fa,,,,,
2026-09-12T04:31:15-05:00,PUR_IED_CULPOP_301A_f660f3,PUR_IED_CULPOP_301A_f660f3,,,,,
2026-09-12T04:31:15-05:00,PUR_IED_CULPOP_303_568afe,PUR_IED_CULPOP_303_568afe,,,,,
2026-09-12T04:31:15-05:00,PUR_IED_CULPOP_Ext_e02ccb,PUR_IED_CULPOP_Ext_e02ccb,,,,,
2026-09-12T04:31:15-05:00,PUR_IED_CVillavicen_Ext_26eb58,PUR_IED_CVillavicen_Ext_26eb58,6,14,82,4.487,-74.102798
2026-09-12T04:31:15-05:00,PUR_IED_CVillavicen_Intel_1ce5c2,PUR_IED_CVillavicen_Intel_1ce5c2,,,,,
2026-09-12T04:31:15-05:00,PUR_IED_CVillavicen_Poliv_e0766c,PUR_IED_CVillavicen_Poliv_e0766c,,,,,
2026-09-12T04:31:15-05:00,PUR_IED_CVillavicen_int_1ba140,PUR_IED_CVillavicen_int_1ba140,,,,,
2026-09-12T04:31:15-05:00,PUR_IED_CVillavicen_intel_1ba140,PUR_IED_CVillavicen_intel_1ba140,,,,,
2026-09-12T04:31:15-05:00,PUR_IED_CarlosPizarro_Ext_e307cc,PUR_IED_CarlosPizarro_Ext_e307cc,,,,,
2026-09-12T04:31:15-05:00,PUR_IED_CarlosPizarro_L36_7e5cdb,PUR_IED_CarlosPizarro_L36_7e5cdb,,,,,
2026-09-12T04:31:15-05:00,PUR_IED_CarlosPizarro_L37_c8566c,PUR_IED_CarlosPizarro_L37_c8566c,,,,,
2026-09-12T04:31:15-05:00,PUR_IED_Castilla_Ext_cf35f,PUR_IED_Castilla_Ext_cf35f,,,,,
2026-09-12T04:31:15-05:00,PUR_IED_Castilla_SFisik_360e38,PUR_IED_Castilla_SFisik_360e38,,,,,
2026-09-12T04:31:15-05:00,PUR_IED_Castilla_Sc304_496fbf,PUR_IED_Castilla_Sc304_496fbf,,,,,
2026-09-12T04:31:15-05:00,PUR_IED_CervantesSa_Ext_6b57b,PUR_IED_CervantesSa_Ext_6b57b,4,16,72,4.5128,-74.117203
2026-09-12T04:31:15-05:00,PUR_IED_CervantesSa_S107_225c2b,PUR_IED_CervantesSa_S107_225c2b,,,,,
2026-09-12T04:31:15-05:00,PUR_IED_CervantesSa_S108_940925,PUR_IED_CervantesSa_S108_940925,,,,,
2026-09-12T04:31:15-05:00,PUR_IED_Charry_A20_f53e7c,PUR_IED_Charry_A20_f53e7c,,,,,
2026-09-12T04:31:15-05:00,PUR_IED_Charry_Ext_f1d5cd,PUR_IED_Charry_Ext_f1d5cd,,,,,
2026-09-12T04:31:15-05:00,PUR_IED_Charry_IntAula20_dc998d,PUR_IED_Charry_IntAula20_dc998d,,,,,
2026-09-12T04:31:15-05:00,PUR_IED_Charry_IntDanzas_7a08e6,PUR_IED_Charry_IntDanzas_7a08e6,,,,,
2026-09-12T04:31:15-05:00,PUR_IED_ClememciaC_203_43e2fc,PUR_IED_ClememciaC_203_43e2fc,,,,,
2026-09-12T04:31:15-05:00,PUR_IED_ClememciaC_Ext_1b411a,PUR_IED_ClememciaC_Ext_1b411a,,,,,
2026-09-12T04:31:15-05:00,PUR_IED_ClememciaC_Quimic_44b5fc,PUR_IED_ClememciaC_Quimic_44b5fc,,,,,
2026-09-12T04:31:15-05:00,PUR_IED_ClemenciaC_203_43e2fc,PUR_IED_ClemenciaC_203_43e2fc,,,,,
2026-09-12T04:31:15-05:00,PUR_IED_ClemenciaC_Ext_1b411a,PUR_IED_ClemenciaC_Ext_1b411a,,,,,
2026-09-12T04:31:15-05:00,PUR_IED_ClemenciaC_Quimic_44b5fc,PUR_IED_ClemenciaC_Quimic_44b5fc,,,,,
2026-09-12T04:31:15-05:00,PUR_IED_ColViva_1101_S25_7f520a,PUR_IED_ColViva_1101_S25_7f520a,,,,,
2026-09-12T04:31:15-05:00,PUR_IED_ColViva_1102_S16_f570ba,PUR_IED_ColViva_1102_S16_f570ba,,,,,
2026-09-12T04:31:15-05:00,PUR_IED_ColViva_Ext_1a26fa,PUR_IED_ColViva_Ext_1a26fa,,,,,
2026-09-12T04:31:15-05:00,PUR_IED_ColegioBici_Asist_7c8798,PUR_IED_ColegioBici_Asist_7c8798,,,,,
2026-09-12T04:31:15-05:00,PUR_IED_ColegioBici_Ext_25cbf6,PUR_IED_ColegioBici_Ext_25cbf6,,,,,
2026-09-12T04:31:15-05:00,PUR_IED_ColegioBici_LabQ_7b57db,PUR_IED_ColegioBici_LabQ_7b57db,,,,,
2026-09-12T04:31:15-05:00,PUR_IED_CostaRica_Ext_5e640,PUR_IED_CostaRica_Ext_5e640,,,,,
2026-09-12T04:31:15-05:00,PUR_IED_CostaRica_Quim1_766d1c,PUR_IED_CostaRica_Quim1_766d1c,,,,,
2026-09-12T04:31:15-05:00,PUR_IED_CostaRica__Fisica_6f0873,PUR_IED_CostaRica__Fisica_6f0873,,,,,
2026-09-12T04:31:15-05:00,PUR_IED_CulPopu_301A_f660f3,PUR_IED_CulPopu_301A_f660f3,,,,,
2026-09-12T04:31:15-05:00,PUR_IED_CulPopu_303_568afe,PUR_IED_CulPopu_303_568afe,,,,,
2026-09-12T04:31:15-05:00,PUR_IED_CulPopu_Ext_e02ccb,PUR_IED_CulPopu_Ext_e02ccb,,,,,
2026-09-12T04:31:15-05:00,PUR_IED_Cundinamarca_Ext_f15985,PUR_IED_Cundinamarca_Ext_f15985,,,,,
2026-09-12T04:31:15-05:00,PUR_IED_Cundinamarca_Info_7aa5d7,PUR_IED_Cundinamarca_Info_7aa5d7,,,,,
2026-09-12T04:31:15-05:00,PUR_IED_Cundinamarca_Tec2_f449c7,PUR_IED_Cundinamarca_Tec2_f449c7,,,,,
2026-09-12T04:31:15-05:00,PUR_IED_DiegoM_Aula1_27b314,PUR_IED_DiegoM_Aula1_27b314,,,,,
2026-09-12T04:31:15-05:00,PUR_IED_DiegoM_Ext_d80ac8,PUR_IED_DiegoM_Ext_d80ac8,,,,,
2026-09-12T04:31:15-05:00,PUR_IED_DiegoM_S25_da928f,PUR_IED_DiegoM_S25_da928f,,,,,
2026-09-12T04:31:15-05:00,PUR_IED_ELRODEO_360881,PUR_IED_ELRODEO_360881,,,,,
2026-09-12T04:31:15-05:00,PUR_IED_ELRODEO_ext_360881,PUR_IED_ELRODEO_ext_360881,,,,,
2026-09-12T04:31:15-05:00,PUR_IED_EduardoU_Ext_1c1969,PUR_IED_EduardoU_Ext_1c1969,,,,,
2026-09-12T04:31:15-05:00,PUR_IED_EduardoU_SCiencia_4dfb94,PUR_IED_EduardoU_SCiencia_4dfb94,,,,,
2026-09-12T04:31:15-05:00,PUR_IED_EduardoU_SQuimica_5a46e7,PUR_IED_EduardoU_SQuimica_5a46e7,,,,,
2026-09-12T04:31:15-05:00,PUR_IED_ElRodeo_Aula14_676984,PUR_IED_ElRodeo_Aula14_676984,,,,,
2026-09-12T04:31:15-05:00,PUR_IED_ElRodeo_Aula16_2dd35b,PUR_IED_ElRodeo_Aula16_2dd35b,,,,,
2026-09-12T04:31:15-05:00,PUR_IED_ElRodeo_Ext_360881,PUR_IED_ElRodeo_Ext_360881,,,,,
2026-09-12T04:31:15-05:00,PUR_IED_ElRodeo_Exterior_8c6d28,PUR_IED_ElRodeo_Exterior_8c6d28,,,,,
2026-09-12T04:31:15-05:00,PUR_IED_ElRodeo_ext_360881,PUR_IED_ElRodeo_ext_360881,,,,,
2026-09-12T04:31:15-05:00,PUR_IED_EmmaReyes_Ext_987625,PUR_IED_EmmaReyes_Ext_987625,10,21,53,4.6367,-74.1511
2026-09-12T04:31:15-05:00,PUR_IED_Ensueño_Ext_7f0250,PUR_IED_Ensueño_Ext_7f0250,,,,,
2026-09-12T04:31:15-05:00,PUR_IED_EscNormal_Ext_5fef3b,PUR_IED_EscNormal_Ext_5fef3b,2,17,63,4.5852,-74.096901
2026-09-12T04:31:15-05:00,PUR_IED_EscNormal_S309_5b263,PUR_IED_EscNormal_S309_5b263,,,,,
2026-09-12T04:31:15-05:00,PUR_IED_EscNormal_S310_27b3b8,PUR_IED_EscNormal_S310_27b3b8,,,,,
2026-09-12T04:31:15-05:00,PUR_IED_Evangelista_Conta_f6cd4f,PUR_IED_Evangelista_Conta_f6cd4f,,,,,
2026-09-12T04:31:15-05:00,PUR_IED_Evangelista_Cri_5e16a,PUR_IED_Evangelista_Cri_5e16a,,,,,
2026-09-12T04:31:15-05:00,PUR_IED_Evangelista_Exter_754066,PUR_IED_Evangelista_Exter_754066,,,,,
2026-09-12T04:31:15-05:00,PUR_IED_FMiranda_S209_5cc2a3,PUR_IED_FMiranda_S209_5cc2a3,,,,,
2026-09-12T04:31:15-05:00,PUR_IED_FMiranda_S303_19e344,PUR_IED_FMiranda_S303_19e344,,,,,
2026-09-12T04:31:15-05:00,PUR_IED_FMiranda_ext_f53e7c,PUR_IED_FMiranda_ext_f53e7c,,,,,
2026-09-12T04:31:15-05:00,PUR_IED_FabioLozano_Bibli_1cee05,PUR_IED_FabioLozano_Bibli_1cee05,,,,,
2026-09-12T04:31:15-05:00,PUR_IED_FabioLozano_Ext_6ea285,PUR_IED_FabioLozano_Ext_6ea285,,,,,
2026-09-12T04:31:15-05:00,PUR_IED_FabioLozano_SLudi_f09e1e,PUR_IED_FabioLozano_SLudi_f09e1e,,,,,
2026-09-12T04:31:15-05:00,PUR_IED_FaustinoS_Aula07_27a731,PUR_IED_FaustinoS_Aula07_27a731,,,,,
2026-09-12T04:31:15-05:00,PUR_IED_FaustinoS_Ext_7b936f,PUR_IED_FaustinoS_Ext_7b936f,,,,,
2026-09-12T04:31:15-05:00,PUR_IED_FaustinoS_Fisica_da2c60,PUR_IED_FaustinoS_Fisica_da2c60,,,,,
2026-09-12T04:31:15-05:00,PUR_IED_FeGarciaLo_Ext_dc68ee,PUR_IED_FeGarciaLo_Ext_dc68ee,,,,,
2026-09-12T04:31:15-05:00,PUR_IED_FeGarciaLo_SDanza_f70a59,PUR_IED_FeGarciaLo_SDanza_f70a59,,,,,
2026-09-12T04:31:15-05:00,PUR_IED_FeGarciaLo_SMusic_125cdd,PUR_IED_FeGarciaLo_SMusic_125cdd,,,,,
2026-09-12T04:31:15-05:00,PUR_IED_FederalAlema_Exte_50c345,PUR_IED_FederalAlema_Exte_50c345,,,,,
2026-09-12T04:31:15-05:00,PUR_IED_FederalAlema_S31_f18371,PUR_IED_FederalAlema_S31_f18371,,,,,
2026-09-12T04:31:15-05:00,PUR_IED_FederalAlema_S901_a62cd,PUR_IED_FederalAlema_S901_a62cd,,,,,
2026-09-12T04:31:15-05:00,PUR_IED_FilarmonicaS_A5_f35eb1,PUR_IED_FilarmonicaS_A5_f35eb1,,,,,
2026-09-12T04:31:15-05:00,PUR_IED_FilarmonicaS_Ext_8a3bde,PUR_IED_FilarmonicaS_Ext_8a3bde,,,,,
2026-09-12T04:31:15-05:00,PUR_IED_FilarmonicaS_Spol_406114,PUR_IED_FilarmonicaS_Spol_406114,,,,,
2026-09-12T04:31:15-05:00,PUR_IED_FlorentinoG_A13_d1fa59,PUR_IED_FlorentinoG_A13_d1fa59,,,,,
2026-09-12T04:31:15-05:00,PUR_IED_FlorentinoG_Ext_1ce6ce,PUR_IED_FlorentinoG_Ext_1ce6ce,,,,,
2026-09-12T04:31:15-05:00,PUR_IED_FlorentinoG_Idiom_a66aac,PUR_IED_FlorentinoG_Idiom_a66aac,,,,,
2026-09-12T04:31:15-05:00,PUR_IED_FranciscoMati_Ext_e3869d,PUR_IED_FranciscoMati_Ext_e3869d,,,,,
2026-09-12T04:31:15-05:00,PUR_IED_FranciscoMati_S13_f31c67,PUR_IED_FranciscoMati_S13_f31c67,,,,,
2026-09-12T04:31:15-05:00,PUR_IED_FranciscoMati_S14_97dead,PUR_IED_FranciscoMati_S14_97dead,,,,,
2026-09-12T04:31:15-05:00,PUR_IED_FranciscoPS_Ext_7bfa9a,PUR_IED_FranciscoPS_Ext_7bfa9a,2,19,61,4.5899,-74.110397
2026-09-12T04:31:15-05:00,PUR_IED_FranciscoPS_Infor_fb8f4c,PUR_IED_FranciscoPS_Infor_fb8f4c,,,,,
2026-09-12T04:31:15-05:00,PUR_IED_FranciscoPS_Quimi_94d39c,PUR_IED_FranciscoPS_Quimi_94d39c,,,,,
2026-09-12T04:31:15-05:00,PUR_IED_FranciscoP_LabQ_d7e148,PUR_IED_FranciscoP_LabQ_d7e148,,,,,
2026-09-12T04:31:15-05:00,PUR_IED_FranciscoP_S28_cf9b30,PUR_IED_FranciscoP_S28_cf9b30,,,,,
2026-09-12T04:31:15-05:00,PUR_IED_FranciscoP_ext_e2313,PUR_IED_FranciscoP_ext_e2313,,,,,
2026-09-12T04:31:15-05:00,PUR_IED_FriederichN_Ext_8ac92a,PUR_IED_FriederichN_Ext_8ac92a,,,,,
2026-09-12T04:31:15-05:00,PUR_IED_FriederichN_S301_dd7e5a,PUR_IED_FriederichN_S301_dd7e5a,,,,,
2026-09-12T04:31:15-05:00,PUR_IED_FriederichN_S308_761f4f,PUR_IED_FriederichN_S308_761f4f,,,,,
2026-09-12T04:31:15-05:00,PUR_IED_GSantander_Aula10_533dd7,PUR_IED_GSantander_Aula10_533dd7,,,,,
2026-09-12T04:31:15-05:00,PUR_IED_GSantander_Aula12_fd4e4f,PUR_IED_GSantander_Aula12_fd4e4f,,,,,
2026-09-12T04:31:15-05:00,PUR_IED_GSantander_Aula310_533dd7,PUR_IED_GSantander_Aula310_533dd7,,,,,
2026-09-12T04:31:15-05:00,PUR_IED_GSantander_Aula312_fd4e4f,PUR_IED_GSantander_Aula312_fd4e4f,,,,,
2026-09-12T04:31:15-05:00,PUR_IED_GSantander_Ext_5f66b0,PUR_IED_GSantander_Ext_5f66b0,,,,,
2026-09-12T04:31:15-05:00,PUR_IED_GYomasa_Ext_f6bea5,PUR_IED_GYomasa_Ext_f6bea5,,,,,
2026-09-12T04:31:15-05:00,PUR_IED_GYomasa_LBiol_2c41aa,PUR_IED_GYomasa_LBiol_2c41aa,,,,,
2026-09-12T04:31:15-05:00,PUR_IED_GYomasa_LQuim_33c80,PUR_IED_GYomasa_LQuim_33c80,,,,,
2026-09-12T04:31:15-05:00,PUR_IED_GabBetMejia_Cienc_5a99c,PUR_IED_GabBetMejia_Cienc_5a99c,,,,,
2026-09-12T04:31:15-05:00,PUR_IED_GabBetMejia_Ext_9153d0,PUR_IED_GabBetMejia_Ext_9153d0,,,,,
2026-09-12T04:31:15-05:00,PUR_IED_GabBetMejia_Lab_f55347,PUR_IED_GabBetMejia_Lab_f55347,,,,,
2026-09-12T04:31:15-05:00,PUR_IED_GabBetanMejia_Ext_9153d0,PUR_IED_GabBetanMejia_Ext_9153d0,,,,,
2026-09-12T04:31:15-05:00,PUR_IED_Gaitana_Aula13_7aac11,PUR_IED_Gaitana_Aula13_7aac11,,,,,
2026-09-12T04:31:15-05:00,PUR_IED_Gaitana_Ext_5fcf4,PUR_IED_Gaitana_Ext_5fcf4,,,,,
2026-09-12T04:31:15-05:00,PUR_IED_Gaitana_LabFisica_644448,PUR_IED_Gaitana_LabFisica_644448,,,,,
2026-09-12T04:31:15-05:00,PUR_IED_GenSantander_Dise_8ac858,PUR_IED_GenSantander_Dise_8ac858,,,,,
2026-09-12T04:31:15-05:00,PUR_IED_GenSantander_Ext_8d5dfe,PUR_IED_GenSantander_Ext_8d5dfe,,,,,
2026-09-12T04:31:15-05:00,PUR_IED_GenSantander_Info_6c25b,PUR_IED_GenSantander_Info_6c25b,,,,,
2026-09-12T04:31:15-05:00,PUR_IED_GustavoMo_Exterio_75e63d,PUR_IED_GustavoMo_Exterio_75e63d,,,,,
2026-09-12T04:31:15-05:00,PUR_IED_GustavoMo_LabFisi_224d37,PUR_IED_GustavoMo_LabFisi_224d37,,,,,
2026-09-12T04:31:15-05:00,PUR_IED_GustavoMo_S208_3e6918,PUR_IED_GustavoMo_S208_3e6918,,,,,
2026-09-12T04:31:15-05:00,PUR_IED_GustavoR_A02_8cd4a8,PUR_IED_GustavoR_A02_8cd4a8,,,,,
2026-09-12T04:31:15-05:00,PUR_IED_GustavoR_B11_5b0ed,PUR_IED_GustavoR_B11_5b0ed,,,,,
2026-09-12T04:31:15-05:00,PUR_IED_GustavoR_Ext_7a0c90,PUR_IED_GustavoR_Ext_7a0c90,,,,,
2026-09-12T04:31:15-05:00,PUR_IED_HernandoDuran_Ext_8cd82b,PUR_IED_HernandoDuran_Ext_8cd82b,,,,,
2026-09-12T04:31:15-05:00,PUR_IED_HernandoDuran_S24_2772c6,PUR_IED_HernandoDuran_S24_2772c6,,,,,
2026-09-12T04:31:15-05:00,PUR_IED_HernandoDuran_S30_f2de41,PUR_IED_HernandoDuran_S30_f2de41,,,,,
2026-09-12T04:31:15-05:00,PUR_IED_HolguInUr_S1101_8cd732,PUR_IED_HolguInUr_S1101_8cd732,,,,,
2026-09-12T04:31:15-05:00,PUR_IED_HolguinUr_Exter_ddae6d,PUR_IED_HolguinUr_Exter_ddae6d,,,,,
2026-09-12T04:31:15-05:00,PUR_IED_HolguinUr_LabQuim_92b952,PUR_IED_HolguinUr_LabQuim_92b952,,,,,
2026-09-12T04:31:15-05:00,PUR_IED_Isabel-II_Ext_5245cc,PUR_IED_Isabel-II_Ext_5245cc,11,18,60,4.6336,-74.153
2026-09-12T04:31:15-05:00,PUR_IED_Isabel-II_S_idiom_1c29aa,PUR_IED_Isabel-II_S_idiom_1c29aa,,,,,
2026-09-12T04:31:15-05:00,PUR_IED_Isabel-II_S_infor_fd741,PUR_IED_Isabel-II_S_infor_fd741,,,,,
2026-09-12T04:31:15-05:00,PUR_IED_IsidroSur_Exterio_5b90ea,PUR_IED_IsidroSur_Exterio_5b90ea,,,,,
2026-09-12T04:31:15-05:00,PUR_IED_IsidroSur_LabTec_56697a,PUR_IED_IsidroSur_LabTec_56697a,,,,,
2026-09-12T04:31:15-05:00,PUR_IED_IsidroSur_Robotic_b7c38f,PUR_IED_IsidroSur_Robotic_b7c38f,,,,,
2026-09-12T04:31:15-05:00,PUR_IED_IsmaelPerd_Ext_7b6672,PUR_IED_IsmaelPerd_Ext_7b6672,,,,,
2026-09-12T04:31:15-05:00,PUR_IED_IsmaelPerd_Inform_306540,PUR_IED_IsmaelPerd_Inform_306540,,,,,
2026-09-12T04:31:15-05:00,PUR_IED_IsmaelPerd_S30_2e2c83,PUR_IED_IsmaelPerd_S30_2e2c83,,,,,
2026-09-12T04:31:15-05:00,PUR_IED_JLozano_Exter_432910,PUR_IED_JLozano_Exter_432910,,,,,
2026-09-12T04:31:15-05:00,PUR_IED_JLozano_salaMulti_df5125,PUR_IED_JLozano_salaMulti_df5125,,,,,
2026-09-12T04:31:15-05:00,PUR_IED_JMCordoba_206_86f80b,PUR_IED_JMCordoba_206_86f80b,,,,,
2026-09-12T04:31:15-05:00,PUR_IED_JMCordoba_Ext_27ad97,PUR_IED_JMCordoba_Ext_27ad97,,,,,
2026-09-12T04:31:15-05:00,PUR_IED_JMCordoba_S310_d59ab4,PUR_IED_JMCordoba_S310_d59ab4,,,,,
2026-09-12T04:31:15-05:00,PUR_IED_Japon_Ext_549100,PUR_IED_Japon_Ext_549100,,,,,
2026-09-12T04:31:15-05:00,PUR_IED_Japon_Laboratorio_bec51d,PUR_IED_Japon_Laboratorio_bec51d,,,,,
2026-09-12T04:31:15-05:00,PUR_IED_Japon_informatica_d99327,PUR_IED_Japon_informatica_d99327,,,,,
2026-09-12T04:31:15-05:00,PUR_IED_Jazmin_Ext_d27bda,PUR_IED_Jazmin_Ext_d27bda,,,,,
2026-09-12T04:31:15-05:00,PUR_IED_Jazmin_Fisica_8d14d7,PUR_IED_Jazmin_Fisica_8d14d7,,,,,
2026-09-12T04:31:15-05:00,PUR_IED_Jazmin_Quimica_801cb5,PUR_IED_Jazmin_Quimica_801cb5,,,,,
2026-09-12T04:31:15-05:00,PUR_IED_JorgeGaitan_Exter_f098d1,PUR_IED_JorgeGaitan_Exter_f098d1,,,,,
2026-09-12T04:31:15-05:00,PUR_IED_JorgeGaitan_STec1_dc9d1d,PUR_IED_JorgeGaitan_STec1_dc9d1d,,,,,
2026-09-12T04:31:15-05:00,PUR_IED_JorgeGaitan_STec2_281e69,PUR_IED_JorgeGaitan_STec2_281e69,,,,,
2026-09-12T04:31:15-05:00,PUR_IED_JorgeSoto_Exterio_d9d0a2,PUR_IED_JorgeSoto_Exterio_d9d0a2,,,,,
2026-09-12T04:31:15-05:00,PUR_IED_JorgeSoto_LabFisi_209c54,PUR_IED_JorgeSoto_LabFisi_209c54,,,,,
2026-09-12T04:31:15-05:00,PUR_IED_JorgeSoto_S103_27b51a,PUR_IED_JorgeSoto_S103_27b51a,,,,,
2026-09-12T04:31:15-05:00,PUR_IED_JoseAcevedo_A02_e965eb,PUR_IED_JoseAcevedo_A02_e965eb,,,,,
2026-09-12T04:31:15-05:00,PUR_IED_JoseAcevedo_A07_dd5b4,PUR_IED_JoseAcevedo_A07_dd5b4,,,,,
2026-09-12T04:31:15-05:00,PUR_IED_JoseAcevedo_Ext_b47484,PUR_IED_JoseAcevedo_Ext_b47484,,,,,
2026-09-12T04:31:15-05:00,PUR_IED_JoseMarti_Exte_5b9bf,PUR_IED_JoseMarti_Exte_5b9bf,,,,,
2026-09-12T04:31:15-05:00,PUR_IED_JoseMarti_LabQuim_1c6c2d,PUR_IED_JoseMarti_LabQuim_1c6c2d,,,,,
2026-09-12T04:31:15-05:00,PUR_IED_JoseMarti_S_info_f5f177,PUR_IED_JoseMarti_S_info_f5f177,,,,,
2026-09-12T04:31:15-05:00,PUR_IED_Josejoaquin_Ext_dfc5dc,PUR_IED_Josejoaquin_Ext_dfc5dc,,,,,
2026-09-12T04:31:15-05:00,PUR_IED_Josejoaquin_S05_5b2a96,PUR_IED_Josejoaquin_S05_5b2a96,,,,,
2026-09-12T04:31:15-05:00,PUR_IED_Josejoaquin_S06_1ce7d2,PUR_IED_Josejoaquin_S06_1ce7d2,,,,,
2026-09-12T04:31:15-05:00,PUR_IED_JulioFlorez_Danza_9b82dd,PUR_IED_JulioFlorez_Danza_9b82dd,,,,,
2026-09-12T04:31:15-05:00,PUR_IED_JulioFlorez_Exter_f9f314,PUR_IED_JulioFlorez_Exter_f9f314,,,,,
2026-09-12T04:31:15-05:00,PUR_IED_JulioFlorez_info2_6b6e08,PUR_IED_JulioFlorez_info2_6b6e08,,,,,
2026-09-12T04:31:15-05:00,PUR_IED_LaBelleza_Aula13_1d00d8,PUR_IED_LaBelleza_Aula13_1d00d8,,,,,
2026-09-12T04:31:15-05:00,PUR_IED_LaBelleza_Ext_7bc08c,PUR_IED_LaBelleza_Ext_7bc08c,,,,,
2026-09-12T04:31:15-05:00,PUR_IED_LaChucua_Ext_8cd6d2,PUR_IED_LaChucua_Ext_8cd6d2,,,,,
2026-09-12T04:31:15-05:00,PUR_IED_LaChucua_S15_f578ce,PUR_IED_LaChucua_S15_f578ce,,,,,
2026-09-12T04:31:15-05:00,PUR_IED_LaChucua_S16_eebcf9,PUR_IED_LaChucua_S16_eebcf9,,,,,
2026-09-12T04:31:15-05:00,PUR_IED_LaFelicidad_Ext_fb5109,PUR_IED_LaFelicidad_Ext_fb5109,,,,,
2026-09-12T04:31:15-05:00,PUR_IED_LaMerced_206_66ebd,PUR_IED_LaMerced_206_66ebd,,,,,
2026-09-12T04:31:15-05:00,PUR_IED_LaMerced_207_6ebd6,PUR_IED_LaMerced_207_6ebd6,,,,,
2026-09-12T04:31:15-05:00,PUR_IED_LaMerced_ext_304311,PUR_IED_LaMerced_ext_304311,,,,,
2026-09-12T04:31:15-05:00,PUR_IED_Laureano_CiencNat_281e5e,PUR_IED_Laureano_CiencNat_281e5e,,,,,
2026-09-12T04:31:15-05:00,PUR_IED_Laureano_Comedor_f65c0a,PUR_IED_Laureano_Comedor_f65c0a,,,,,
2026-09-12T04:31:15-05:00,PUR_IED_Laureano_Exterior_7ab011,PUR_IED_Laureano_Exterior_7ab011,,,,,
2026-09-12T04:31:15-05:00,PUR_IED_LeonGreiff_Exte_dfe560,PUR_IED_LeonGreiff_Exte_dfe560,,,,,
2026-09-12T04:31:15-05:00,PUR_IED_LeonGreiff_S210_f264ed,PUR_IED_LeonGreiff_S210_f264ed,,,,,
2026-09-12T04:31:15-05:00,PUR_IED_LeonGreiff_SQuimi_e8296f,PUR_IED_LeonGreiff_SQuimi_e8296f,,,,,
2026-09-12T04:31:15-05:00,PUR_IED_LlanoOrientalS208_7b9fcd,PUR_IED_LlanoOrientalS208_7b9fcd,,,,,
2026-09-12T04:31:15-05:00,PUR_IED_LlanoOriental_Ext_fb3766,PUR_IED_LlanoOriental_Ext_fb3766,,,,,
2026-09-12T04:31:15-05:00,PUR_IED_LlanoOriental_S208_7b9fcd,PUR_IED_LlanoOriental_S208_7b9fcd,,,,,
2026-09-12T04:31:15-05:00,PUR_IED_LlanoOriental_S9_27b378,PUR_IED_LlanoOriental_S9_27b378,,,,,
2026-09-12T04:31:15-05:00,PUR_IED_LosTejares_1101_477602,PUR_IED_LosTejares_1101_477602,,,,,
2026-09-12T04:31:15-05:00,PUR_IED_LosTejares_11_d2c595,PUR_IED_LosTejares_11_d2c595,,,,,
2026-09-12T04:31:15-05:00,PUR_IED_LosTejares_12_477602,PUR_IED_LosTejares_12_477602,,,,,
2026-09-12T04:31:15-05:00,PUR_IED_LosTejares_Ext_8e2115,PUR_IED_LosTejares_Ext_8e2115,,,,,
2026-09-12T04:31:15-05:00,PUR_IED_MagdalenaO_B202_5ddda3,PUR_IED_MagdalenaO_B202_5ddda3,,,,,
2026-09-12T04:31:15-05:00,PUR_IED_MagdalenaO_B205_fb76e8,PUR_IED_MagdalenaO_B205_fb76e8,,,,,
2026-09-12T04:31:15-05:00,PUR_IED_MagdalenaO_ext_dc69cd,PUR_IED_MagdalenaO_ext_dc69cd,,,,,
2026-09-12T04:31:15-05:00,PUR_IED_ManueCepeda_artes_eee956,PUR_IED_ManueCepeda_artes_eee956,,,,,
2026-09-12T04:31:15-05:00,PUR_IED_ManuelCepeda_Ext_58313,PUR_IED_ManuelCepeda_Ext_58313,,,,,
2026-09-12T04:31:15-05:00,PUR_IED_ManuelCepeda_tec_1c5731,PUR_IED_ManuelCepeda_tec_1c5731,,,,,
2026-09-12T04:31:15-05:00,PUR_IED_ManuelS_Exterior_5b269,PUR_IED_ManuelS_Exterior_5b269,,,,,
2026-09-12T04:31:15-05:00,PUR_IED_ManuelS_Inform_f369ce,PUR_IED_ManuelS_Inform_f369ce,,,,,
2026-09-12T04:31:15-05:00,PUR_IED_ManuelS_SArtes_7d15f1,PUR_IED_ManuelS_SArtes_7d15f1,,,,,
2026-09-12T04:31:15-05:00,PUR_IED_ManuelZapata_303_3ca6,PUR_IED_ManuelZapata_303_3ca6,,,,,
2026-09-12T04:31:15-05:00,PUR_IED_ManuelZapata_311_bfbabc,PUR_IED_ManuelZapata_311_bfbabc,,,,,
2026-09-12T04:31:15-05:00,PUR_IED_ManuelZapata_Ext_50824a,PUR_IED_ManuelZapata_Ext_50824a,,,,,
2026-09-12T04:31:15-05:00,PUR_IED_ManuelitaS_Exteri_656a92,PUR_IED_ManuelitaS_Exteri_656a92,,,,,
2026-09-12T04:31:15-05:00,PUR_IED_ManuelitaS_JuzgDe_f58ec3,PUR_IED_ManuelitaS_JuzgDe_f58ec3,,,,,
2026-09-12T04:31:15-05:00,PUR_IED_ManuelitaS_Recrea_d793db,PUR_IED_ManuelitaS_Recrea_d793db,,,,,
2026-09-12T04:31:15-05:00,PUR_IED_MarFidSuarez_Ext_c27b19,PUR_IED_MarFidSuarez_Ext_c27b19,,,,,
2026-09-12T04:31:15-05:00,PUR_IED_MarFidSuarez_Info_e384d7,PUR_IED_MarFidSuarez_Info_e384d7,,,,,
2026-09-12T04:31:15-05:00,PUR_IED_MarFidSuarez_S306_1d0032,PUR_IED_MarFidSuarez_S306_1d0032,,,,,
2026-09-12T04:31:15-05:00,PUR_IED_Menorah_301_2a25a3,PUR_IED_Menorah_301_2a25a3,,,,,
2026-09-12T04:31:15-05:00,PUR_IED_Menorah_306_37ed3,PUR_IED_Menorah_306_37ed3,,,,,
2026-09-12T04:31:15-05:00,PUR_IED_Menorah_Ext_3e155b,PUR_IED_Menorah_Ext_3e155b,,,,,
2026-09-12T04:31:15-05:00,PUR_IED_MinutoB.Aires_A11_1b1604,PUR_IED_MinutoB.Aires_A11_1b1604,,,,,
2026-09-12T04:31:15-05:00,PUR_IED_MinutoB.Aires_A12_fb5860,PUR_IED_MinutoB.Aires_A12_fb5860,,,,,
2026-09-12T04:31:15-05:00,PUR_IED_MinutoB.Aires_Ext_81293f,PUR_IED_MinutoB.Aires_Ext_81293f,,,,,
2026-09-12T04:31:15-05:00,PUR_IED_MinutoBAires_A11_1b1604,PUR_IED_MinutoBAires_A11_1b1604,,,,,
2026-09-12T04:31:15-05:00,PUR_IED_MinutoBAires_A12_fb5860,PUR_IED_MinutoBAires_A12_fb5860,,,,,
2026-09-12T04:31:15-05:00,PUR_IED_MinutoBAires_Ext_81293f,PUR_IED_MinutoBAires_Ext_81293f,,,,,
2026-09-12T04:31:15-05:00,PUR_IED_Montreal_Aula10_1e4959,PUR_IED_Montreal_Aula10_1e4959,,,,,
2026-09-12T04:31:15-05:00,PUR_IED_Montreal_Aula6_300367,PUR_IED_Montreal_Aula6_300367,,,,,
2026-09-12T04:31:15-05:00,PUR_IED_Montreal_Exterior_91a179,PUR_IED_Montreal_Exterior_91a179,,,,,
2026-09-12T04:31:15-05:00,PUR_IED_Mqgdalena_B202_5ddda3,PUR_IED_Mqgdalena_B202_5ddda3,,,,,
2026-09-12T04:31:15-05:00,PUR_IED_NACUND_Soc_dc8728,PUR_IED_NACUND_Soc_dc8728,,,,,
2026-09-12T04:31:15-05:00,PUR_IED_NACUND_ext_27ad97,PUR_IED_NACUND_ext_27ad97,,,,,
2026-09-12T04:31:15-05:00,PUR_IED_NEsperanza_Ext_d24b61,PUR_IED_NEsperanza_Ext_d24b61,,,,,
2026-09-12T04:31:15-05:00,PUR_IED_NEsperanza_SElect_7d1807,PUR_IED_NEsperanza_SElect_7d1807,,,,,
2026-09-12T04:31:15-05:00,PUR_IED_NEsperanza_SLabor_8b2d0a,PUR_IED_NEsperanza_SLabor_8b2d0a,,,,,
2026-09-12T04:31:15-05:00,PUR_IED_NacionesU_Ext_f661a9,PUR_IED_NacionesU_Ext_f661a9,,,,,
2026-09-12T04:31:15-05:00,PUR_IED_NacionesU_Quimica_66f0a,PUR_IED_NacionesU_Quimica_66f0a,,,,,
2026-09-12T04:31:15-05:00,PUR_IED_NacionesU_S306_1b4b3d,PUR_IED_NacionesU_S306_1b4b3d,,,,,
2026-09-12T04:31:15-05:00,PUR_IED_NestorFA_Ext_e4201c,PUR_IED_NestorFA_Ext_e4201c,,,,,
2026-09-12T04:31:15-05:00,PUR_IED_NestorFA_Laborato_f22fe0,PUR_IED_NestorFA_Laborato_f22fe0,,,,,
2026-09-12T04:31:15-05:00,PUR_IED_NestorFA_S204_dee996,PUR_IED_NestorFA_S204_dee996,,,,,
2026-09-12T04:31:15-05:00,PUR_IED_NidyaQT_Aula03_76999b,PUR_IED_NidyaQT_Aula03_76999b,,,,,
2026-09-12T04:31:15-05:00,PUR_IED_NidyaQT_Aula10_56325,PUR_IED_NidyaQT_Aula10_56325,,,,,
2026-09-12T04:31:15-05:00,PUR_IED_NidyaQT_Ext_46e32d,PUR_IED_NidyaQT_Ext_46e32d,,,,,
2026-09-12T04:31:15-05:00,PUR_IED_NuevaCol_Exterior_d9b859,PUR_IED_NuevaCol_Exterior_d9b859,,,,,
2026-09-12T04:31:15-05:00,PUR_IED_NuevaCol_S1101_76c43b,PUR_IED_NuevaCol_S1101_76c43b,,,,,
2026-09-12T04:31:15-05:00,PUR_IED_NuevaCol_S1102_1ce0b5,PUR_IED_NuevaCol_S1102_1ce0b5,,,,,
2026-09-12T04:31:15-05:00,PUR_IED_OEA_A202_f7e3f2,PUR_IED_OEA_A202_f7e3f2,,,,,
2026-09-12T04:31:15-05:00,PUR_IED_OEA_A203_7d1b8d,PUR_IED_OEA_A203_7d1b8d,,,,,
2026-09-12T04:31:15-05:00,PUR_IED_OEA_Ext_27b593,PUR_IED_OEA_Ext_27b593,,,,,
2026-09-12T04:31:15-05:00,PUR_IED_Ochoa_Ext_1c29da,PUR_IED_Ochoa_Ext_1c29da,,,,,
2026-09-12T04:31:15-05:00,PUR_IED_Ochoa_S205_8b1121,PUR_IED_Ochoa_S205_8b1121,,,,,
2026-09-12T04:31:15-05:00,PUR_IED_Ochoa_Sistemas_f33af6,PUR_IED_Ochoa_Sistemas_f33af6,,,,,
2026-09-12T04:31:15-05:00,PUR_IED_PQuebec_Ext_1c67c7,PUR_IED_PQuebec_Ext_1c67c7,,,,,
2026-09-12T04:31:15-05:00,PUR_IED_PQuebec_S15_23e8e2,PUR_IED_PQuebec_S15_23e8e2,,,,,
2026-09-12T04:31:15-05:00,PUR_IED_PQuebec_S16_8ec76b,PUR_IED_PQuebec_S16_8ec76b,,,,,
2026-09-12T04:31:15-05:00,PUR_IED_PabloN_Ext_49dc96,PUR_IED_PabloN_Ext_49dc96,,,,,
2026-09-12T04:31:15-05:00,PUR_IED_PabloN_S1102_4e3df5,PUR_IED_PabloN_S1102_4e3df5,,,,,
2026-09-12T04:31:15-05:00,PUR_IED_PabloN_S1103_50c94b,PUR_IED_PabloN_S1103_50c94b,,,,,
2026-09-12T04:31:15-05:00,PUR_IED_Palestina_S1101_db9198,PUR_IED_Palestina_S1101_db9198,,,,,
2026-09-12T04:31:15-05:00,PUR_IED_Palestina_S1102_dc54fa,PUR_IED_Palestina_S1102_dc54fa,,,,,
2026-09-12T04:31:15-05:00,PUR_IED_Palestina_ext_4ccce6,PUR_IED_Palestina_ext_4ccce6,,,,,
2026-09-12T04:31:15-05:00,PUR_IED_Panama_Fisica_4d0794,PUR_IED_Panama_Fisica_4d0794,,,,,
2026-09-12T04:31:15-05:00,PUR_IED_Panama_SIngles_a4077e,PUR_IED_Panama_SIngles_a4077e,,,,,
2026-09-12T04:31:15-05:00,PUR_IED_Panama_ext_4c54b4,PUR_IED_Panama_ext_4c54b4,,,,,
2026-09-12T04:31:15-05:00,PUR_IED_ParaisoM_Exterior_8cd7f0,PUR_IED_ParaisoM_Exterior_8cd7f0,,,,,
2026-09-12T04:31:15-05:00,PUR_IED_ParaisoM_Laborato_27af35,PUR_IED_ParaisoM_Laborato_27af35,,,,,
2026-09-12T04:31:15-05:00,PUR_IED_ParaisoM_S304_d1edca,PUR_IED_ParaisoM_S304_d1edca,,,,,
2026-09-12T04:31:15-05:00,PUR_IED_PorfirioBarba_Ext_301466,PUR_IED_PorfirioBarba_Ext_301466,,,,,
2026-09-12T04:31:15-05:00,PUR_IED_PorfirioBarba_S11_df6cd2,PUR_IED_PorfirioBarba_S11_df6cd2,,,,,
2026-09-12T04:31:15-05:00,PUR_IED_PorfirioBarba_S29_27a7d6,PUR_IED_PorfirioBarba_S29_27a7d6,,,,,
2026-09-12T04:31:15-05:00,PUR_IED_PradoV_Exter_8b27ad,PUR_IED_PradoV_Exter_8b27ad,,,,,
2026-09-12T04:31:15-05:00,PUR_IED_PradoV_S301_de65b5,PUR_IED_PradoV_S301_de65b5,,,,,
2026-09-12T04:31:15-05:00,PUR_IED_PradoV_S302_7d2593,PUR_IED_PradoV_S302_7d2593,,,,,
2026-09-12T04:31:15-05:00,PUR_IED_QuirogaAlz_Ext_1ddc82,PUR_IED_QuirogaAlz_Ext_1ddc82,,,,,
2026-09-12T04:31:15-05:00,PUR_IED_QuirogaAlz_S302_9926a3,PUR_IED_QuirogaAlz_S302_9926a3,,,,,
2026-09-12T04:31:15-05:00,PUR_IED_QuirogaAlz_S305_cdf1f1,PUR_IED_QuirogaAlz_S305_cdf1f1,,,,,
2026-09-12T04:31:15-05:00,PUR_IED_RGuatemala_Biling_dc53b7,PUR_IED_RGuatemala_Biling_dc53b7,,,,,
2026-09-12T04:31:15-05:00,PUR_IED_RGuatemala_Ext_1b89a3,PUR_IED_RGuatemala_Ext_1b89a3,,,,,
2026-09-12T04:31:15-05:00,PUR_IED_RGuatemala_Tecnol_281a34,PUR_IED_RGuatemala_Tecnol_281a34,,,,,
2026-09-12T04:31:15-05:00,PUR_IED_RafaNu_Ext_f7c302,PUR_IED_RafaNu_Ext_f7c302,,,,,
2026-09-12T04:31:15-05:00,PUR_IED_RafaNu_S1101_25fde,PUR_IED_RafaNu_S1101_25fde,,,,,
2026-09-12T04:31:15-05:00,PUR_IED_RafaNu_S1102_281517,PUR_IED_RafaNu_S1102_281517,,,,,
2026-09-12T04:31:15-05:00,PUR_IED_RafaelB_S305_ee2783,PUR_IED_RafaelB_S305_ee2783,,,,,
2026-09-12T04:31:15-05:00,PUR_IED_RafaelB_S306_75fe33,PUR_IED_RafaelB_S306_75fe33,,,,,
2026-09-12T04:31:15-05:00,PUR_IED_RafaelB_ext_283336,PUR_IED_RafaelB_ext_283336,3,17,63,4.6722,-74.0737
2026-09-12T04:31:15-05:00,PUR_IED_RafaelUU_Exterior_281a51,PUR_IED_RafaelUU_Exterior_281a51,,,,,
2026-09-12T04:31:15-05:00,PUR_IED_RafaelUU_Human_806b2,PUR_IED_RafaelUU_Human_806b2,,,,,
2026-09-12T04:31:15-05:00,PUR_IED_RafaelUU_Mate2_5680d4,PUR_IED_RafaelUU_Mate2_5680d4,,,,,
2026-09-12T04:31:15-05:00,PUR_IED_RamonSub_Ext_f9eeb9,PUR_IED_RamonSub_Ext_f9eeb9,,,,,
2026-09-12T04:31:15-05:00,PUR_IED_RamonSub_Media_d1f62f,PUR_IED_RamonSub_Media_d1f62f,,,,,
2026-09-12T04:31:15-05:00,PUR_IED_RamonSub_planta_51b82,PUR_IED_RamonSub_planta_51b82,,,,,
2026-09-12T04:31:15-05:00,PUR_IED_RepBoliVene_Exter_27af7c,PUR_IED_RepBoliVene_Exter_27af7c,,,,,
2026-09-12T04:31:15-05:00,PUR_IED_RepBoliVene_SCPT_5ae2ee,PUR_IED_RepBoliVene_SCPT_5ae2ee,,,,,
2026-09-12T04:31:15-05:00,PUR_IED_RepBoliVene_Socia_4b11d5,PUR_IED_RepBoliVene_Socia_4b11d5,,,,,
2026-09-12T04:31:15-05:00,PUR_IED_RepChina_Ext_76d9ee,PUR_IED_RepChina_Ext_76d9ee,,,,,
2026-09-12T04:31:15-05:00,PUR_IED_RepChina_S404_7c804c,PUR_IED_RepChina_S404_7c804c,,,,,
2026-09-12T04:31:15-05:00,PUR_IED_RepChina_S405_df2c33,PUR_IED_RepChina_S405_df2c33,,,,,
2026-09-12T04:31:15-05:00,PUR_IED_RepublicaC_Exteri_7d1ec9,PUR_IED_RepublicaC_Exteri_7d1ec9,,,,,
2026-09-12T04:31:15-05:00,PUR_IED_RepublicaC_S1101_f544b3,PUR_IED_RepublicaC_S1101_f544b3,,,,,
2026-09-12T04:31:15-05:00,PUR_IED_RepublicaC_S1102_7aafc7,PUR_IED_RepublicaC_S1102_7aafc7,,,,,
2026-09-12T04:31:15-05:00,PUR_IED_Ricaurte_Externo_a0ea1,PUR_IED_Ricaurte_Externo_a0ea1,,,,,
2026-09-12T04:31:15-05:00,PUR_IED_Ricaurte_S210_f546fd,PUR_IED_Ricaurte_S210_f546fd,,,,,
2026-09-12T04:31:15-05:00,PUR_IED_Ricaurte_S309_d4452,PUR_IED_Ricaurte_S309_d4452,,,,,
2026-09-12T04:31:15-05:00,PUR_IED_RogelioS_1102_531e69,PUR_IED_RogelioS_1102_531e69,,,,,
2026-09-12T04:31:15-05:00,PUR_IED_RogelioS_Ext_f25a18,PUR_IED_RogelioS_Ext_f25a18,,,,,
2026-09-12T04:31:15-05:00,PUR_IED_SBernardino_Ext_27aff8,PUR_IED_SBernardino_Ext_27aff8,,,,,
2026-09-12T04:31:15-05:00,PUR_IED_SBernardino_SArte_2ffd33,PUR_IED_SBernardino_SArte_2ffd33,,,,,
2026-09-12T04:31:15-05:00,PUR_IED_SBernardino_SIngl_7c7da5,PUR_IED_SBernardino_SIngl_7c7da5,,,,,
2026-09-12T04:31:15-05:00,PUR_IED_Sago_auditorio_dc9d1d,PUR_IED_Sago_auditorio_dc9d1d,,,,,
2026-09-12T04:31:15-05:00,PUR_IED_Saludcoop_Ext_95aac3,PUR_IED_Saludcoop_Ext_95aac3,,,,,
2026-09-12T04:31:15-05:00,PUR_IED_Saludcoop_InfI_90c854,PUR_IED_Saludcoop_InfI_90c854,,,,,
2026-09-12T04:31:15-05:00,PUR_IED_Saludcoop_SMedia_1b93be,PUR_IED_Saludcoop_SMedia_1b93be,,,,,
2026-09-12T04:31:15-05:00,PUR_IED_SanCarlos_1101_1a2360,PUR_IED_SanCarlos_1101_1a2360,,,,,
2026-09-12T04:31:15-05:00,PUR_IED_SanCarlos_1103_7bafb5,PUR_IED_SanCarlos_1103_7bafb5,,,,,
2026-09-12T04:31:15-05:00,PUR_IED_SanCarlos_Ext_b7cd1,PUR_IED_SanCarlos_Ext_b7cd1,,,,,
2026-09-12T04:31:15-05:00,PUR_IED_SanIgnacioBosa11a_50c26e,PUR_IED_SanIgnacioBosa11a_50c26e,,,,,
2026-09-12T04:31:15-05:00,PUR_IED_SanIgnacioBosa11b_371de8,PUR_IED_SanIgnacioBosa11b_371de8,,,,,
2026-09-12T04:31:15-05:00,PUR_IED_SanIgnacioBosaExt_ef0ffc,PUR_IED_SanIgnacioBosaExt_ef0ffc,,,,,
2026-09-12T04:31:15-05:00,PUR_IED_SanIgnacioBosa_11a_50c26e,PUR_IED_SanIgnacioBosa_11a_50c26e,,,,,
2026-09-12T04:31:15-05:00,PUR_IED_SanIgnacioBosa_Ext_ef0ffc,PUR_IED_SanIgnacioBosa_Ext_ef0ffc,,,,,
2026-09-12T04:31:15-05:00,PUR_IED_SanJoseN_intS1101_31c47f,PUR_IED_SanJoseN_intS1101_31c47f,,,,,
2026-09-12T04:31:15-05:00,PUR_IED_SanJoseUsm_Exter_f5d7e8,PUR_IED_SanJoseUsm_Exter_f5d7e8,,,,,
2026-09-12T04:31:15-05:00,PUR_IED_SanJoseUsm_Int11A_cfdef6,PUR_IED_SanJoseUsm_Int11A_cfdef6,,,,,
2026-09-12T04:31:15-05:00,PUR_IED_SilveriaR_IntB5_905349,PUR_IED_SilveriaR_IntB5_905349,,,,,
2026-09-12T04:31:15-05:00,PUR_IED_SilveriaR_IntSD14_981f93,PUR_IED_SilveriaR_IntSD14_981f93,,,,,
2026-09-12T04:31:15-05:00,PUR_IED_SilveriaR_ext_2b651d,PUR_IED_SilveriaR_ext_2b651d,,,,,
2026-09-12T04:31:15-05:00,PUR_IED_SimonB_Exterior_913975,PUR_IED_SimonB_Exterior_913975,,,,,
2026-09-12T04:31:15-05:00,PUR_IED_SimonB_LabQuimi_c56908,PUR_IED_SimonB_LabQuimi_c56908,,,,,
2026-09-12T04:31:15-05:00,PUR_IED_SimonB_informatic_a28c1,PUR_IED_SimonB_informatic_a28c1,,,,,
2026-09-12T04:31:15-05:00,PUR_IED_Sorrento_1102_315f50,PUR_IED_Sorrento_1102_315f50,,,,,
2026-09-12T04:31:15-05:00,PUR_IED_Sorrento_Minte_214eab,PUR_IED_Sorrento_Minte_214eab,,,,,
2026-09-12T04:31:15-05:00,PUR_IED_Sorrento_ext_7c3a0a,PUR_IED_Sorrento_ext_7c3a0a,,,,,
2026-09-12T04:31:15-05:00,PUR_IED_Tabora_Ext_f048ae,PUR_IED_Tabora_Ext_f048ae,,,,,
2026-09-12T04:31:15-05:00,PUR_IED_Tabora_S1102_b07752,PUR_IED_Tabora_S1102_b07752,,,,,
2026-09-12T04:31:15-05:00,PUR_IED_Tabora_S1103_d988f5,PUR_IED_Tabora_S1103_d988f5,,,,,
2026-09-12T04:31:15-05:00,PUR_IED_Tenerife_Ext_1ab188,PUR_IED_Tenerife_Ext_1ab188,,,,,
2026-09-12T04:31:15-05:00,PUR_IED_Tenerife_SDanzas_7bc02e,PUR_IED_Tenerife_SDanzas_7bc02e,,,,,
2026-09-12T04:31:15-05:00,PUR_IED_Tenerife_SIngles_7cc277,PUR_IED_Tenerife_SIngles_7cc277,,,,,
2026-09-12T04:31:15-05:00,PUR_IED_Tibabuyes_Exter_f2683d,PUR_IED_Tibabuyes_Exter_f2683d,,,,,
2026-09-12T04:31:15-05:00,PUR_IED_Tibabuyes_S10_dc87a8,PUR_IED_Tibabuyes_S10_dc87a8,,,,,
2026-09-12T04:31:15-05:00,PUR_IED_Tibabuyes_S15_dc0526,PUR_IED_Tibabuyes_S15_dc0526,,,,,
2026-09-12T04:31:15-05:00,PUR_IED_UnionE_S301_a1043,PUR_IED_UnionE_S301_a1043,,,,,
2026-09-12T04:31:15-05:00,PUR_IED_UnionE_S307_ff6c2f,PUR_IED_UnionE_S307_ff6c2f,,,,,
2026-09-12T04:31:15-05:00,PUR_IED_UnionE__Ext_5e2468,PUR_IED_UnionE__Ext_5e2468,,,,,
2026-09-12T04:31:15-05:00,PUR_IED_VillaRica_Ext_75be7c,PUR_IED_VillaRica_Ext_75be7c,,,,,
2026-09-12T04:31:15-05:00,PUR_IED_VillaRica_S4_cc5dcd,PUR_IED_VillaRica_S4_cc5dcd,,,,,
2026-09-12T04:31:15-05:00,PUR_IED_VillaRica_Sesp_99f5c,PUR_IED_VillaRica_Sesp_99f5c,,,,,
2026-09-12T04:36:06-05:00,PUR_IED_20deJulio_1101_91b1b9,PUR_IED_20deJulio_1101_91b1b9,,,,,
2026-09-12T04:36:06-05:00,PUR_IED_20deJulio_1102_1cfcf9,PUR_IED_20deJulio_1102_1cfcf9,,,,,
2026-09-12T04:36:06-05:00,PUR_IED_20deJulio_Ext_ab60bd,PUR_IED_20deJulio_Ext_ab60bd,,,,,
2026-09-12T04:36:06-05:00,PUR_IED_AgustinFer_Ext_7b9b77,PUR_IED_AgustinFer_Ext_7b9b77,,,,,
2026-09-12T04:36:06-05:00,PUR_IED_AgustinFer_Info2_27b3a7,PUR_IED_AgustinFer_Info2_27b3a7,,,,,
2026-09-12T04:36:06-05:00,PUR_IED_AgustinFer_Sena_54b4eb,PUR_IED_AgustinFer_Sena_54b4eb,,,,,
2026-09-12T04:36:06-05:00,PUR_IED_AlexanderF_1102_caf07b,PUR_IED_AlexanderF_1102_caf07b,,,,,
2026-09-12T04:36:06-05:00,PUR_IED_AlexanderF_1103_c79e71,PUR_IED_AlexanderF_1103_c79e71,,,,,
2026-09-12T04:36:06-05:00,PUR_IED_AlexanderF_Ext_c5b18b,PUR_IED_AlexanderF_Ext_c5b18b,,,,,
2026-09-12T04:36:06-05:00,PUR_IED_AlfonsoLopez_Ext_281d77,PUR_IED_AlfonsoLopez_Ext_281d77,,,,,
2026-09-12T04:36:06-05:00,PUR_IED_AlfonsoLopez_LabF_888ce0,PUR_IED_AlfonsoLopez_LabF_888ce0,,,,,
2026-09-12T04:36:06-05:00,PUR_IED_AlfonsoLopez_SMed_df6a7f,PUR_IED_AlfonsoLopez_SMed_df6a7f,,,,,
2026-09-12T04:36:06-05:00,PUR_IED_AltamiraSO_A2_209f92,PUR_IED_AltamiraSO_A2_209f92,,,,,
2026-09-12T04:36:06-05:00,PUR_IED_AltamiraSO_Ext_186d66,PUR_IED_AltamiraSO_Ext_186d66,,,,,
2026-09-12T04:36:06-05:00,PUR_IED_AltamiraSO_Sistem_27afe1,PUR_IED_AltamiraSO_Sistem_27afe1,,,,,
2026-09-12T04:36:06-05:00,PUR_IED_AlvaroGom_LabQuim_813179,PUR_IED_AlvaroGom_LabQuim_813179,,,,,
2026-09-12T04:36:06-05:00,PUR_IED_AlvaroGomez_Ext_47c7ca,PUR_IED_AlvaroGomez_Ext_47c7ca,,,,,
2026-09-12T04:36:06-05:00,PUR_IED_AlvaroGomez_LabQuim_813179,PUR_IED_AlvaroGomez_LabQuim_813179,,,,,
2026-09-12T04:36:06-05:00,PUR_IED_AlvaroGomez_S23_7ba89f,PUR_IED_AlvaroGomez_S23_7ba89f,,,,,
2026-09-12T04:36:06-05:00,PUR_IED_Amistad_306_dc8728,PUR_IED_Amistad_306_dc8728,,,,,
2026-09-12T04:36:06-05:00,PUR_IED_Amistad_Ext_8cd55e,PUR_IED_Amistad_Ext_8cd55e,,,,,
2026-09-12T04:36:06-05:00,PUR_IED_Amistad_S202_a41169,PUR_IED_Amistad_S202_a41169,,,,,
2026-09-12T04:36:06-05:00,PUR_IED_AndresBello_Bio_fd5f5e,PUR_IED_AndresBello_Bio_fd5f5e,,,,,
2026-09-12T04:36:06-05:00,PUR_IED_AndresBello_ext_dcad65,PUR_IED_AndresBello_ext_dcad65,,,,,
2026-09-12T04:36:06-05:00,PUR_IED_AndresBello_port_eed3ec,PUR_IED_AndresBello_port_eed3ec,,,,,
2026-09-12T04:36:06-05:00,PUR_IED_AngelaR_11b_d90a6b,PUR_IED_AngelaR_11b_d90a6b,,,,,
2026-09-12T04:36:06-05:00,PUR_IED_AngelaR_ext_7cad3e,PUR_IED_AngelaR_ext_7cad3e,11,19,61,4.5825,-74.164497
2026-09-12T04:36:06-05:00,PUR_IED_AntJoseSucre_10mo_df2575,PUR_IED_AntJoseSucre_10mo_df2575,,,,,
2026-09-12T04:36:06-05:00,PUR_IED_AntJoseSucre_Ext_215b36,PUR_IED_AntJoseSucre_Ext_215b36,,,,,
2026-09-12T04:36:06-05:00,PUR_IED_AntJoseSucre_Lab_3139de,PUR_IED_AntJoseSucre_Lab_3139de,,,,,
2026-09-12T04:36:06-05:00,PUR_IED_AntonioGarcia_301_d6b188,PUR_IED_AntonioGarcia_301_d6b188,,,,,
2026-09-12T04:36:06-05:00,PUR_IED_AntonioGarcia_302_88a82,PUR_IED_AntonioGarcia_302_88a82,,,,,
2026-09-12T04:36:06-05:00,PUR_IED_AntonioGarcia_Ext_20950c,PUR_IED_AntonioGarcia_Ext_20950c,,,,,
2026-09-12T04:36:06-05:00,PUR_IED_AntonioVan_Aula2_6dea02,PUR_IED_AntonioVan_Aula2_6dea02,,,,,
2026-09-12T04:36:06-05:00,PUR_IED_AntonioVan_Aula5_f1557e,PUR_IED_AntonioVan_Aula5_f1557e,,,,,
2026-09-12T04:36:06-05:00,PUR_IED_AntonioVan_Ext_406f2f,PUR_IED_AntonioVan_Ext_406f2f,,,,,
2026-09-12T04:36:06-05:00,PUR_IED_Atabanzha_Ext_cc5af9,PUR_IED_Atabanzha_Ext_cc5af9,,,,,
2026-09-12T04:36:06-05:00,PUR_IED_Atabanzha_SA101_56c37,PUR_IED_Atabanzha_SA101_56c37,,,,,
2026-09-12T04:36:06-05:00,PUR_IED_Atabanzha_SB302_27b374,PUR_IED_Atabanzha_SB302_27b374,,,,,
2026-09-12T04:36:06-05:00,PUR_IED_Atahualpa_Ext_fc1748,PUR_IED_Atahualpa_Ext_fc1748,,,,,
2026-09-12T04:36:06-05:00,PUR_IED_Atahualpa_Informa_dc9a95,PUR_IED_Atahualpa_Informa_dc9a95,,,,,
2026-09-12T04:36:06-05:00,PUR_IED_Atahualpa_S1101_f98056,PUR_IED_Atahualpa_S1101_f98056,,,,,
2026-09-12T04:36:06-05:00,PUR_IED_Bellavista_Ext_f5aa74,PUR_IED_Bellavista_Ext_f5aa74,,,,,
2026-09-12T04:36:06-05:00,PUR_IED_Bilbao_11A_916c41,PUR_IED_Bilbao_11A_916c41,,,,,
2026-09-12T04:36:06-05:00,PUR_IED_Bilbao_Ext_fb579a,PUR_IED_Bilbao_Ext_fb579a,,,,,
2026-09-12T04:36:06-05:00,PUR_IED_BrasiliaU_A125_304280,PUR_IED_BrasiliaU_A125_304280,,,,,
2026-09-12T04:36:06-05:00,PUR_IED_BrasiliaU_A203_7c8ca5,PUR_IED_BrasiliaU_A203_7c8ca5,,,,,
2026-09-12T04:36:06-05:00,PUR_IED_BrasiliaU_Ext_8d6e9f,PUR_IED_BrasiliaU_Ext_8d6e9f,4,16,66,4.5175,-74.116302
2026-09-12T04:36:06-05:00,PUR_IED_Brasilia_Ext_fe6593,PUR_IED_Brasilia_Ext_fe6593,,,,,
2026-09-12T04:36:06-05:00,PUR_IED_Brasilia_S24_7c130d,PUR_IED_Brasilia_S24_7c130d,,,,,
2026-09-12T04:36:06-05:00,PUR_IED_Brasilia_S501_186a54,PUR_IED_Brasilia_S501_186a54,,,,,
2026-09-12T04:36:06-05:00,PUR_IED_CHARRY_EXT_f1d5cd,PUR_IED_CHARRY_EXT_f1d5cd,,,,,
2026-09-12T04:36:06-05:00,PUR_IED_CHARRY_INTDANZAS_7a08e6,PUR_IED_CHARRY_INTDANZAS_7a08e6,,,,,
2026-09-12T04:36:06-05:00,PUR_IED_CHARRY_INT_AULA20_dc998d,PUR_IED_CHARRY_INT_AULA20_dc998d,,,,,
2026-09-12T04:36:06-05:00,PUR_IED_COLVIV_1101_S25_7f520a,PUR_IED_COLVIV_1101_S25_7f520a,,,,,
2026-09-12T04:36:06-05:00,PUR_IED_COLVIV_1102_S16_f570ba,PUR_IED_COLVIV_1102_S16_f570ba,,,,,
2026-09-12T04:36:06-05:00,PUR_IED_COLVIV_Ext_1a26fa,PUR_IED_COLVIV_Ext_1a26fa,,,,,
2026-09-12T04:36:06-05:00,PUR_IED_CULPOP_301A_f660f3,PUR_IED_CULPOP_301A_f660f3,,,,,
2026-09-12T04:36:06-05:00,PUR_IED_CULPOP_303_568afe,PUR_IED_CULPOP_303_568afe,,,,,
2026-09-12T04:36:06-05:00,PUR_IED_CULPOP_Ext_e02ccb,PUR_IED_CULPOP_Ext_e02ccb,,,,,
2026-09-12T04:36:06-05:00,PUR_IED_CVillavicen_Ext_26eb58,PUR_IED_CVillavicen_Ext_26eb58,6,14,83,4.487,-74.102798
2026-09-12T04:36:06-05:00,PUR_IED_CVillavicen_Intel_1ce5c2,PUR_IED_CVillavicen_Intel_1ce5c2,,,,,
2026-09-12T04:36:06-05:00,PUR_IED_CVillavicen_Poliv_e0766c,PUR_IED_CVillavicen_Poliv_e0766c,,,,,
2026-09-12T04:36:06-05:00,PUR_IED_CVillavicen_int_1ba140,PUR_IED_CVillavicen_int_1ba140,,,,,
2026-09-12T04:36:06-05:00,PUR_IED_CVillavicen_intel_1ba140,PUR_IED_CVillavicen_intel_1ba140,,,,,
2026-09-12T04:36:06-05:00,PUR_IED_CarlosPizarro_Ext_e307cc,PUR_IED_CarlosPizarro_Ext_e307cc,,,,,
2026-09-12T04:36:06-05:00,PUR_IED_CarlosPizarro_L36_7e5cdb,PUR_IED_CarlosPizarro_L36_7e5cdb,,,,,
2026-09-12T04:36:06-05:00,PUR_IED_CarlosPizarro_L37_c8566c,PUR_IED_CarlosPizarro_L37_c8566c,,,,,
2026-09-12T04:36:06-05:00,PUR_IED_Castilla_Ext_cf35f,PUR_IED_Castilla_Ext_cf35f,,,,,
2026-09-12T04:36:06-05:00,PUR_IED_Castilla_SFisik_360e38,PUR_IED_Castilla_SFisik_360e38,,,,,
2026-09-12T04:36:06-05:00,PUR_IED_Castilla_Sc304_496fbf,PUR_IED_Castilla_Sc304_496fbf,,,,,
2026-09-12T04:36:06-05:00,PUR_IED_CervantesSa_Ext_6b57b,PUR_IED_CervantesSa_Ext_6b57b,3,16,72,4.5128,-74.117203
2026-09-12T04:36:06-05:00,PUR_IED_CervantesSa_S107_225c2b,PUR_IED_CervantesSa_S107_225c2b,,,,,
2026-09-12T04:36:06-05:00,PUR_IED_CervantesSa_S108_940925,PUR_IED_CervantesSa_S108_940925,,,,,
2026-09-12T04:36:06-05:00,PUR_IED_Charry_A20_f53e7c,PUR_IED_Charry_A20_f53e7c,,,,,
2026-09-12T04:36:06-05:00,PUR_IED_Charry_Ext_f1d5cd,PUR_IED_Charry_Ext_f1d5cd,,,,,
2026-09-12T04:36:06-05:00,PUR_IED_Charry_IntAula20_dc998d,PUR_IED_Charry_IntAula20_dc998d,,,,,
2026-09-12T04:36:06-05:00,PUR_IED_Charry_IntDanzas_7a08e6,PUR_IED_Charry_IntDanzas_7a08e6,,,,,
2026-09-12T04:36:06-05:00,PUR_IED_ClememciaC_203_43e2fc,PUR_IED_ClememciaC_203_43e2fc,,,,,
2026-09-12T04:36:06-05:00,PUR_IED_ClememciaC_Ext_1b411a,PUR_IED_ClememciaC_Ext_1b411a,,,,,
2026-09-12T04:36:06-05:00,PUR_IED_ClememciaC_Quimic_44b5fc,PUR_IED_ClememciaC_Quimic_44b5fc,,,,,
2026-09-12T04:36:06-05:00,PUR_IED_ClemenciaC_203_43e2fc,PUR_IED_ClemenciaC_203_43e2fc,,,,,
2026-09-12T04:36:06-05:00,PUR_IED_ClemenciaC_Ext_1b411a,PUR_IED_ClemenciaC_Ext_1b411a,,,,,
2026-09-12T04:36:06-05:00,PUR_IED_ClemenciaC_Quimic_44b5fc,PUR_IED_ClemenciaC_Quimic_44b5fc,,,,,
2026-09-12T04:36:06-05:00,PUR_IED_ColViva_1101_S25_7f520a,PUR_IED_ColViva_1101_S25_7f520a,,,,,
2026-09-12T04:36:06-05:00,PUR_IED_ColViva_1102_S16_f570ba,PUR_IED_ColViva_1102_S16_f570ba,,,,,
2026-09-12T04:36:06-05:00,PUR_IED_ColViva_Ext_1a26fa,PUR_IED_ColViva_Ext_1a26fa,,,,,
2026-09-12T04:36:06-05:00,PUR_IED_ColegioBici_Asist_7c8798,PUR_IED_ColegioBici_Asist_7c8798,,,,,
2026-09-12T04:36:06-05:00,PUR_IED_ColegioBici_Ext_25cbf6,PUR_IED_ColegioBici_Ext_25cbf6,,,,,
2026-09-12T04:36:06-05:00,PUR_IED_ColegioBici_LabQ_7b57db,PUR_IED_ColegioBici_LabQ_7b57db,,,,,
2026-09-12T04:36:06-05:00,PUR_IED_CostaRica_Ext_5e640,PUR_IED_CostaRica_Ext_5e640,,,,,
2026-09-12T04:36:06-05:00,PUR_IED_CostaRica_Quim1_766d1c,PUR_IED_CostaRica_Quim1_766d1c,,,,,
2026-09-12T04:36:06-05:00,PUR_IED_CostaRica__Fisica_6f0873,PUR_IED_CostaRica__Fisica_6f0873,,,,,
2026-09-12T04:36:06-05:00,PUR_IED_CulPopu_301A_f660f3,PUR_IED_CulPopu_301A_f660f3,,,,,
2026-09-12T04:36:06-05:00,PUR_IED_CulPopu_303_568afe,PUR_IED_CulPopu_303_568afe,,,,,
2026-09-12T04:36:06-05:00,PUR_IED_CulPopu_Ext_e02ccb,PUR_IED_CulPopu_Ext_e02ccb,,,,,
2026-09-12T04:36:06-05:00,PUR_IED_Cundinamarca_Ext_f15985,PUR_IED_Cundinamarca_Ext_f15985,,,,,
2026-09-12T04:36:06-05:00,PUR_IED_Cundinamarca_Info_7aa5d7,PUR_IED_Cundinamarca_Info_7aa5d7,,,,,
2026-09-12T04:36:06-05:00,PUR_IED_Cundinamarca_Tec2_f449c7,PUR_IED_Cundinamarca_Tec2_f449c7,,,,,
2026-09-12T04:36:06-05:00,PUR_IED_DiegoM_Aula1_27b314,PUR_IED_DiegoM_Aula1_27b314,,,,,
2026-09-12T04:36:06-05:00,PUR_IED_DiegoM_Ext_d80ac8,PUR_IED_DiegoM_Ext_d80ac8,,,,,
2026-09-12T04:36:06-05:00,PUR_IED_DiegoM_S25_da928f,PUR_IED_DiegoM_S25_da928f,,,,,
2026-09-12T04:36:06-05:00,PUR_IED_ELRODEO_360881,PUR_IED_ELRODEO_360881,,,,,
2026-09-12T04:36:06-05:00,PUR_IED_ELRODEO_ext_360881,PUR_IED_ELRODEO_ext_360881,,,,,
2026-09-12T04:36:06-05:00,PUR_IED_EduardoU_Ext_1c1969,PUR_IED_EduardoU_Ext_1c1969,,,,,
2026-09-12T04:36:06-05:00,PUR_IED_EduardoU_SCiencia_4dfb94,PUR_IED_EduardoU_SCiencia_4dfb94,,,,,
2026-09-12T04:36:06-05:00,PUR_IED_EduardoU_SQuimica_5a46e7,PUR_IED_EduardoU_SQuimica_5a46e7,,,,,
2026-09-12T04:36:06-05:00,PUR_IED_ElRodeo_Aula14_676984,PUR_IED_ElRodeo_Aula14_676984,,,,,
2026-09-12T04:36:06-05:00,PUR_IED_ElRodeo_Aula16_2dd35b,PUR_IED_ElRodeo_Aula16_2dd35b,,,,,
2026-09-12T04:36:06-05:00,PUR_IED_ElRodeo_Ext_360881,PUR_IED_ElRodeo_Ext_360881,,,,,
2026-09-12T04:36:06-05:00,PUR_IED_ElRodeo_Exterior_8c6d28,PUR_IED_ElRodeo_Exterior_8c6d28,,,,,
2026-09-12T04:36:06-05:00,PUR_IED_ElRodeo_ext_360881,PUR_IED_ElRodeo_ext_360881,,,,,
2026-09-12T04:36:06-05:00,PUR_IED_EmmaReyes_Ext_987625,PUR_IED_EmmaReyes_Ext_987625,10,21,53,4.6367,-74.1511
2026-09-12T04:36:06-05:00,PUR_IED_Ensueño_Ext_7f0250,PUR_IED_Ensueño_Ext_7f0250,,,,,
2026-09-12T04:36:06-05:00,PUR_IED_EscNormal_Ext_5fef3b,PUR_IED_EscNormal_Ext_5fef3b,2,17,63,4.5852,-74.096901
2026-09-12T04:36:06-05:00,PUR_IED_EscNormal_S309_5b263,PUR_IED_EscNormal_S309_5b263,,,,,
2026-09-12T04:36:06-05:00,PUR_IED_EscNormal_S310_27b3b8,PUR_IED_EscNormal_S310_27b3b8,,,,,
2026-09-12T04:36:06-05:00,PUR_IED_Evangelista_Conta_f6cd4f,PUR_IED_Evangelista_Conta_f6cd4f,,,,,
2026-09-12T04:36:06-05:00,PUR_IED_Evangelista_Cri_5e16a,PUR_IED_Evangelista_Cri_5e16a,,,,,
2026-09-12T04:36:06-05:00,PUR_IED_Evangelista_Exter_754066,PUR_IED_Evangelista_Exter_754066,,,,,
2026-09-12T04:36:06-05:00,PUR_IED_FMiranda_S209_5cc2a3,PUR_IED_FMiranda_S209_5cc2a3,,,,,
2026-09-12T04:36:06-05:00,PUR_IED_FMiranda_S303_19e344,PUR_IED_FMiranda_S303_19e344,,,,,
2026-09-12T04:36:06-05:00,PUR_IED_FMiranda_ext_f53e7c,PUR_IED_FMiranda_ext_f53e7c,,,,,
2026-09-12T04:36:06-05:00,PUR_IED_FabioLozano_Bibli_1cee05,PUR_IED_FabioLozano_Bibli_1cee05,,,,,
2026-09-12T04:36:06-05:00,PUR_IED_FabioLozano_Ext_6ea285,PUR_IED_FabioLozano_Ext_6ea285,,,,,
2026-09-12T04:36:06-05:00,PUR_IED_FabioLozano_SLudi_f09e1e,PUR_IED_FabioLozano_SLudi_f09e1e,,,,,
2026-09-12T04:36:06-05:00,PUR_IED_FaustinoS_Aula07_27a731,PUR_IED_FaustinoS_Aula07_27a731,,,,,
2026-09-12T04:36:06-05:00,PUR_IED_FaustinoS_Ext_7b936f,PUR_IED_FaustinoS_Ext_7b936f,,,,,
2026-09-12T04:36:06-05:00,PUR_IED_FaustinoS_Fisica_da2c60,PUR_IED_FaustinoS_Fisica_da2c60,,,,,
2026-09-12T04:36:06-05:00,PUR_IED_FeGarciaLo_Ext_dc68ee,PUR_IED_FeGarciaLo_Ext_dc68ee,,,,,
2026-09-12T04:36:06-05:00,PUR_IED_FeGarciaLo_SDanza_f70a59,PUR_IED_FeGarciaLo_SDanza_f70a59,,,,,
2026-09-12T04:36:06-05:00,PUR_IED_FeGarciaLo_SMusic_125cdd,PUR_IED_FeGarciaLo_SMusic_125cdd,,,,,
2026-09-12T04:36:06-05:00,PUR_IED_FederalAlema_Exte_50c345,PUR_IED_FederalAlema_Exte_50c345,,,,,
2026-09-12T04:36:06-05:00,PUR_IED_FederalAlema_S31_f18371,PUR_IED_FederalAlema_S31_f18371,,,,,
2026-09-12T04:36:06-05:00,PUR_IED_FederalAlema_S901_a62cd,PUR_IED_FederalAlema_S901_a62cd,,,,,
2026-09-12T04:36:06-05:00,PUR_IED_FilarmonicaS_A5_f35eb1,PUR_IED_FilarmonicaS_A5_f35eb1,,,,,
2026-09-12T04:36:06-05:00,PUR_IED_FilarmonicaS_Ext_8a3bde,PUR_IED_FilarmonicaS_Ext_8a3bde,,,,,
2026-09-12T04:36:06-05:00,PUR_IED_FilarmonicaS_Spol_406114,PUR_IED_FilarmonicaS_Spol_406114,,,,,
2026-09-12T04:36:06-05:00,PUR_IED_FlorentinoG_A13_d1fa59,PUR_IED_FlorentinoG_A13_d1fa59,,,,,
2026-09-12T04:36:06-05:00,PUR_IED_FlorentinoG_Ext_1ce6ce,PUR_IED_FlorentinoG_Ext_1ce6ce,,,,,
2026-09-12T04:36:06-05:00,PUR_IED_FlorentinoG_Idiom_a66aac,PUR_IED_FlorentinoG_Idiom_a66aac,,,,,
2026-09-12T04:36:06-05:00,PUR_IED_FranciscoMati_Ext_e3869d,PUR_IED_FranciscoMati_Ext_e3869d,,,,,
2026-09-12T04:36:06-05:00,PUR_IED_FranciscoMati_S13_f31c67,PUR_IED_FranciscoMati_S13_f31c67,,,,,
2026-09-12T04:36:06-05:00,PUR_IED_FranciscoMati_S14_97dead,PUR_IED_FranciscoMati_S14_97dead,,,,,
2026-09-12T04:36:06-05:00,PUR_IED_FranciscoPS_Ext_7bfa9a,PUR_IED_FranciscoPS_Ext_7bfa9a,3,19,61,4.5899,-74.110397
2026-09-12T04:36:06-05:00,PUR_IED_FranciscoPS_Infor_fb8f4c,PUR_IED_FranciscoPS_Infor_fb8f4c,,,,,
2026-09-12T04:36:06-05:00,PUR_IED_FranciscoPS_Quimi_94d39c,PUR_IED_FranciscoPS_Quimi_94d39c,,,,,
2026-09-12T04:36:06-05:00,PUR_IED_FranciscoP_LabQ_d7e148,PUR_IED_FranciscoP_LabQ_d7e148,,,,,
2026-09-12T04:36:06-05:00,PUR_IED_FranciscoP_S28_cf9b30,PUR_IED_FranciscoP_S28_cf9b30,,,,,
2026-09-12T04:36:06-05:00,PUR_IED_FranciscoP_ext_e2313,PUR_IED_FranciscoP_ext_e2313,,,,,
2026-09-12T04:36:06-05:00,PUR_IED_FriederichN_Ext_8ac92a,PUR_IED_FriederichN_Ext_8ac92a,,,,,
2026-09-12T04:36:06-05:00,PUR_IED_FriederichN_S301_dd7e5a,PUR_IED_FriederichN_S301_dd7e5a,,,,,
2026-09-12T04:36:06-05:00,PUR_IED_FriederichN_S308_761f4f,PUR_IED_FriederichN_S308_761f4f,,,,,
2026-09-12T04:36:06-05:00,PUR_IED_GSantander_Aula10_533dd7,PUR_IED_GSantander_Aula10_533dd7,,,,,
2026-09-12T04:36:06-05:00,PUR_IED_GSantander_Aula12_fd4e4f,PUR_IED_GSantander_Aula12_fd4e4f,,,,,
2026-09-12T04:36:06-05:00,PUR_IED_GSantander_Aula310_533dd7,PUR_IED_GSantander_Aula310_533dd7,,,,,
2026-09-12T04:36:06-05:00,PUR_IED_GSantander_Aula312_fd4e4f,PUR_IED_GSantander_Aula312_fd4e4f,,,,,
2026-09-12T04:36:06-05:00,PUR_IED_GSantander_Ext_5f66b0,PUR_IED_GSantander_Ext_5f66b0,,,,,
2026-09-12T04:36:06-05:00,PUR_IED_GYomasa_Ext_f6bea5,PUR_IED_GYomasa_Ext_f6bea5,,,,,
2026-09-12T04:36:06-05:00,PUR_IED_GYomasa_LBiol_2c41aa,PUR_IED_GYomasa_LBiol_2c41aa,,,,,
2026-09-12T04:36:06-05:00,PUR_IED_GYomasa_LQuim_33c80,PUR_IED_GYomasa_LQuim_33c80,,,,,
2026-09-12T04:36:06-05:00,PUR_IED_GabBetMejia_Cienc_5a99c,PUR_IED_GabBetMejia_Cienc_5a99c,,,,,
2026-09-12T04:36:06-05:00,PUR_IED_GabBetMejia_Ext_9153d0,PUR_IED_GabBetMejia_Ext_9153d0,,,,,
2026-09-12T04:36:06-05:00,PUR_IED_GabBetMejia_Lab_f55347,PUR_IED_GabBetMejia_Lab_f55347,,,,,
2026-09-12T04:36:06-05:00,PUR_IED_GabBetanMejia_Ext_9153d0,PUR_IED_GabBetanMejia_Ext_9153d0,,,,,
2026-09-12T04:36:06-05:00,PUR_IED_Gaitana_Aula13_7aac11,PUR_IED_Gaitana_Aula13_7aac11,,,,,
2026-09-12T04:36:06-05:00,PUR_IED_Gaitana_Ext_5fcf4,PUR_IED_Gaitana_Ext_5fcf4,,,,,
2026-09-12T04:36:06-05:00,PUR_IED_Gaitana_LabFisica_644448,PUR_IED_Gaitana_LabFisica_644448,,,,,
2026-09-12T04:36:06-05:00,PUR_IED_GenSantander_Dise_8ac858,PUR_IED_GenSantander_Dise_8ac858,,,,,
2026-09-12T04:36:06-05:00,PUR_IED_GenSantander_Ext_8d5dfe,PUR_IED_GenSantander_Ext_8d5dfe,,,,,
2026-09-12T04:36:06-05:00,PUR_IED_GenSantander_Info_6c25b,PUR_IED_GenSantander_Info_6c25b,,,,,
2026-09-12T04:36:06-05:00,PUR_IED_GustavoMo_Exterio_75e63d,PUR_IED_GustavoMo_Exterio_75e63d,,,,,
2026-09-12T04:36:06-05:00,PUR_IED_GustavoMo_LabFisi_224d37,PUR_IED_GustavoMo_LabFisi_224d37,,,,,
2026-09-12T04:36:06-05:00,PUR_IED_GustavoMo_S208_3e6918,PUR_IED_GustavoMo_S208_3e6918,,,,,
2026-09-12T04:36:06-05:00,PUR_IED_GustavoR_A02_8cd4a8,PUR_IED_GustavoR_A02_8cd4a8,,,,,
2026-09-12T04:36:06-05:00,PUR_IED_GustavoR_B11_5b0ed,PUR_IED_GustavoR_B11_5b0ed,,,,,
2026-09-12T04:36:06-05:00,PUR_IED_GustavoR_Ext_7a0c90,PUR_IED_GustavoR_Ext_7a0c90,,,,,
2026-09-12T04:36:06-05:00,PUR_IED_HernandoDuran_Ext_8cd82b,PUR_IED_HernandoDuran_Ext_8cd82b,,,,,
2026-09-12T04:36:06-05:00,PUR_IED_HernandoDuran_S24_2772c6,PUR_IED_HernandoDuran_S24_2772c6,,,,,
2026-09-12T04:36:06-05:00,PUR_IED_HernandoDuran_S30_f2de41,PUR_IED_HernandoDuran_S30_f2de41,,,,,
2026-09-12T04:36:06-05:00,PUR_IED_HolguInUr_S1101_8cd732,PUR_IED_HolguInUr_S1101_8cd732,,,,,
2026-09-12T04:36:06-05:00,PUR_IED_HolguinUr_Exter_ddae6d,PUR_IED_HolguinUr_Exter_ddae6d,,,,,
2026-09-12T04:36:06-05:00,PUR_IED_HolguinUr_LabQuim_92b952,PUR_IED_HolguinUr_LabQuim_92b952,,,,,
2026-09-12T04:36:06-05:00,PUR_IED_Isabel-II_Ext_5245cc,PUR_IED_Isabel-II_Ext_5245cc,10,18,60,4.6336,-74.153
2026-09-12T04:36:06-05:00,PUR_IED_Isabel-II_S_idiom_1c29aa,PUR_IED_Isabel-II_S_idiom_1c29aa,,,,,
2026-09-12T04:36:06-05:00,PUR_IED_Isabel-II_S_infor_fd741,PUR_IED_Isabel-II_S_infor_fd741,,,,,
2026-09-12T04:36:06-05:00,PUR_IED_IsidroSur_Exterio_5b90ea,PUR_IED_IsidroSur_Exterio_5b90ea,,,,,
2026-09-12T04:36:06-05:00,PUR_IED_IsidroSur_LabTec_56697a,PUR_IED_IsidroSur_LabTec_56697a,,,,,
2026-09-12T04:36:06-05:00,PUR_IED_IsidroSur_Robotic_b7c38f,PUR_IED_IsidroSur_Robotic_b7c38f,,,,,
2026-09-12T04:36:06-05:00,PUR_IED_IsmaelPerd_Ext_7b6672,PUR_IED_IsmaelPerd_Ext_7b6672,,,,,
2026-09-12T04:36:06-05:00,PUR_IED_IsmaelPerd_Inform_306540,PUR_IED_IsmaelPerd_Inform_306540,,,,,
2026-09-12T04:36:06-05:00,PUR_IED_IsmaelPerd_S30_2e2c83,PUR_IED_IsmaelPerd_S30_2e2c83,,,,,
2026-09-12T04:36:06-05:00,PUR_IED_JLozano_Exter_432910,PUR_IED_JLozano_Exter_432910,,,,,
2026-09-12T04:36:06-05:00,PUR_IED_JLozano_salaMulti_df5125,PUR_IED_JLozano_salaMulti_df5125,,,,,
2026-09-12T04:36:06-05:00,PUR_IED_JMCordoba_206_86f80b,PUR_IED_JMCordoba_206_86f80b,,,,,
2026-09-12T04:36:06-05:00,PUR_IED_JMCordoba_Ext_27ad97,PUR_IED_JMCordoba_Ext_27ad97,,,,,
2026-09-12T04:36:06-05:00,PUR_IED_JMCordoba_S310_d59ab4,PUR_IED_JMCordoba_S310_d59ab4,,,,,
2026-09-12T04:36:06-05:00,PUR_IED_Japon_Ext_549100,PUR_IED_Japon_Ext_549100,,,,,
2026-09-12T04:36:06-05:00,PUR_IED_Japon_Laboratorio_bec51d,PUR_IED_Japon_Laboratorio_bec51d,,,,,
2026-09-12T04:36:06-05:00,PUR_IED_Japon_informatica_d99327,PUR_IED_Japon_informatica_d99327,,,,,
2026-09-12T04:36:06-05:00,PUR_IED_Jazmin_Ext_d27bda,PUR_IED_Jazmin_Ext_d27bda,,,,,
2026-09-12T04:36:06-05:00,PUR_IED_Jazmin_Fisica_8d14d7,PUR_IED_Jazmin_Fisica_8d14d7,,,,,
2026-09-12T04:36:06-05:00,PUR_IED_Jazmin_Quimica_801cb5,PUR_IED_Jazmin_Quimica_801cb5,,,,,
2026-09-12T04:36:06-05:00,PUR_IED_JorgeGaitan_Exter_f098d1,PUR_IED_JorgeGaitan_Exter_f098d1,,,,,
2026-09-12T04:36:06-05:00,PUR_IED_JorgeGaitan_STec1_dc9d1d,PUR_IED_JorgeGaitan_STec1_dc9d1d,,,,,
2026-09-12T04:36:06-05:00,PUR_IED_JorgeGaitan_STec2_281e69,PUR_IED_JorgeGaitan_STec2_281e69,,,,,
2026-09-12T04:36:06-05:00,PUR_IED_JorgeSoto_Exterio_d9d0a2,PUR_IED_JorgeSoto_Exterio_d9d0a2,,,,,
2026-09-12T04:36:06-05:00,PUR_IED_JorgeSoto_LabFisi_209c54,PUR_IED_JorgeSoto_LabFisi_209c54,,,,,
2026-09-12T04:36:06-05:00,PUR_IED_JorgeSoto_S103_27b51a,PUR_IED_JorgeSoto_S103_27b51a,,,,,
2026-09-12T04:36:06-05:00,PUR_IED_JoseAcevedo_A02_e965eb,PUR_IED_JoseAcevedo_A02_e965eb,,,,,
2026-09-12T04:36:06-05:00,PUR_IED_JoseAcevedo_A07_dd5b4,PUR_IED_JoseAcevedo_A07_dd5b4,,,,,
2026-09-12T04:36:06-05:00,PUR_IED_JoseAcevedo_Ext_b47484,PUR_IED_JoseAcevedo_Ext_b47484,,,,,
2026-09-12T04:36:06-05:00,PUR_IED_JoseMarti_Exte_5b9bf,PUR_IED_JoseMarti_Exte_5b9bf,,,,,
2026-09-12T04:36:06-05:00,PUR_IED_JoseMarti_LabQuim_1c6c2d,PUR_IED_JoseMarti_LabQuim_1c6c2d,,,,,
2026-09-12T04:36:06-05:00,PUR_IED_JoseMarti_S_info_f5f177,PUR_IED_JoseMarti_S_info_f5f177,,,,,
2026-09-12T04:36:06-05:00,PUR_IED_Josejoaquin_Ext_dfc5dc,PUR_IED_Josejoaquin_Ext_dfc5dc,,,,,
2026-09-12T04:36:06-05:00,PUR_IED_Josejoaquin_S05_5b2a96,PUR_IED_Josejoaquin_S05_5b2a96,,,,,
2026-09-12T04:36:06-05:00,PUR_IED_Josejoaquin_S06_1ce7d2,PUR_IED_Josejoaquin_S06_1ce7d2,,,,,
2026-09-12T04:36:06-05:00,PUR_IED_JulioFlorez_Danza_9b82dd,PUR_IED_JulioFlorez_Danza_9b82dd,,,,,
2026-09-12T04:36:06-05:00,PUR_IED_JulioFlorez_Exter_f9f314,PUR_IED_JulioFlorez_Exter_f9f314,,,,,
2026-09-12T04:36:06-05:00,PUR_IED_JulioFlorez_info2_6b6e08,PUR_IED_JulioFlorez_info2_6b6e08,,,,,
2026-09-12T04:36:06-05:00,PUR_IED_LaBelleza_Aula13_1d00d8,PUR_IED_LaBelleza_Aula13_1d00d8,,,,,
2026-09-12T04:36:06-05:00,PUR_IED_LaBelleza_Ext_7bc08c,PUR_IED_LaBelleza_Ext_7bc08c,,,,,
2026-09-12T04:36:06-05:00,PUR_IED_LaChucua_Ext_8cd6d2,PUR_IED_LaChucua_Ext_8cd6d2,,,,,
2026-09-12T04:36:06-05:00,PUR_IED_LaChucua_S15_f578ce,PUR_IED_LaChucua_S15_f578ce,,,,,
2026-09-12T04:36:06-05:00,PUR_IED_LaChucua_S16_eebcf9,PUR_IED_LaChucua_S16_eebcf9,,,,,
2026-09-12T04:36:06-05:00,PUR_IED_LaFelicidad_Ext_fb5109,PUR_IED_LaFelicidad_Ext_fb5109,,,,,
2026-09-12T04:36:06-05:00,PUR_IED_LaMerced_206_66ebd,PUR_IED_LaMerced_206_66ebd,,,,,
2026-09-12T04:36:06-05:00,PUR_IED_LaMerced_207_6ebd6,PUR_IED_LaMerced_207_6ebd6,,,,,
2026-09-12T04:36:06-05:00,PUR_IED_LaMerced_ext_304311,PUR_IED_LaMerced_ext_304311,,,,,
2026-09-12T04:36:06-05:00,PUR_IED_Laureano_CiencNat_281e5e,PUR_IED_Laureano_CiencNat_281e5e,,,,,
2026-09-12T04:36:06-05:00,PUR_IED_Laureano_Comedor_f65c0a,PUR_IED_Laureano_Comedor_f65c0a,,,,,
2026-09-12T04:36:06-05:00,PUR_IED_Laureano_Exterior_7ab011,PUR_IED_Laureano_Exterior_7ab011,,,,,
2026-09-12T04:36:06-05:00,PUR_IED_LeonGreiff_Exte_dfe560,PUR_IED_LeonGreiff_Exte_dfe560,,,,,
2026-09-12T04:36:06-05:00,PUR_IED_LeonGreiff_S210_f264ed,PUR_IED_LeonGreiff_S210_f264ed,,,,,
2026-09-12T04:36:06-05:00,PUR_IED_LeonGreiff_SQuimi_e8296f,PUR_IED_LeonGreiff_SQuimi_e8296f,,,,,
2026-09-12T04:36:06-05:00,PUR_IED_LlanoOrientalS208_7b9fcd,PUR_IED_LlanoOrientalS208_7b9fcd,,,,,
2026-09-12T04:36:06-05:00,PUR_IED_LlanoOriental_Ext_fb3766,PUR_IED_LlanoOriental_Ext_fb3766,,,,,
2026-09-12T04:36:06-05:00,PUR_IED_LlanoOriental_S208_7b9fcd,PUR_IED_LlanoOriental_S208_7b9fcd,,,,,
2026-09-12T04:36:06-05:00,PUR_IED_LlanoOriental_S9_27b378,PUR_IED_LlanoOriental_S9_27b378,,,,,
2026-09-12T04:36:06-05:00,PUR_IED_LosTejares_1101_477602,PUR_IED_LosTejares_1101_477602,,,,,
2026-09-12T04:36:06-05:00,PUR_IED_LosTejares_11_d2c595,PUR_IED_LosTejares_11_d2c595,,,,,
2026-09-12T04:36:06-05:00,PUR_IED_LosTejares_12_477602,PUR_IED_LosTejares_12_477602,,,,,
2026-09-12T04:36:06-05:00,PUR_IED_LosTejares_Ext_8e2115,PUR_IED_LosTejares_Ext_8e2115,,,,,
2026-09-12T04:36:06-05:00,PUR_IED_MagdalenaO_B202_5ddda3,PUR_IED_MagdalenaO_B202_5ddda3,,,,,
2026-09-12T04:36:06-05:00,PUR_IED_MagdalenaO_B205_fb76e8,PUR_IED_MagdalenaO_B205_fb76e8,,,,,
2026-09-12T04:36:06-05:00,PUR_IED_MagdalenaO_ext_dc69cd,PUR_IED_MagdalenaO_ext_dc69cd,,,,,
2026-09-12T04:36:06-05:00,PUR_IED_ManueCepeda_artes_eee956,PUR_IED_ManueCepeda_artes_eee956,,,,,
2026-09-12T04:36:06-05:00,PUR_IED_ManuelCepeda_Ext_58313,PUR_IED_ManuelCepeda_Ext_58313,,,,,
2026-09-12T04:36:06-05:00,PUR_IED_ManuelCepeda_tec_1c5731,PUR_IED_ManuelCepeda_tec_1c5731,,,,,
2026-09-12T04:36:06-05:00,PUR_IED_ManuelS_Exterior_5b269,PUR_IED_ManuelS_Exterior_5b269,,,,,
2026-09-12T04:36:06-05:00,PUR_IED_ManuelS_Inform_f369ce,PUR_IED_ManuelS_Inform_f369ce,,,,,
2026-09-12T04:36:06-05:00,PUR_IED_ManuelS_SArtes_7d15f1,PUR_IED_ManuelS_SArtes_7d15f1,,,,,
2026-09-12T04:36:06-05:00,PUR_IED_ManuelZapata_303_3ca6,PUR_IED_ManuelZapata_303_3ca6,,,,,
2026-09-12T04:36:06-05:00,PUR_IED_ManuelZapata_311_bfbabc,PUR_IED_ManuelZapata_311_bfbabc,,,,,
2026-09-12T04:36:06-05:00,PUR_IED_ManuelZapata_Ext_50824a,PUR_IED_ManuelZapata_Ext_50824a,,,,,
2026-09-12T04:36:06-05:00,PUR_IED_ManuelitaS_Exteri_656a92,PUR_IED_ManuelitaS_Exteri_656a92,,,,,
2026-09-12T04:36:06-05:00,PUR_IED_ManuelitaS_JuzgDe_f58ec3,PUR_IED_ManuelitaS_JuzgDe_f58ec3,,,,,
2026-09-12T04:36:06-05:00,PUR_IED_ManuelitaS_Recrea_d793db,PUR_IED_ManuelitaS_Recrea_d793db,,,,,
2026-09-12T04:36:06-05:00,PUR_IED_MarFidSuarez_Ext_c27b19,PUR_IED_MarFidSuarez_Ext_c27b19,,,,,
2026-09-12T04:36:06-05:00,PUR_IED_MarFidSuarez_Info_e384d7,PUR_IED_MarFidSuarez_Info_e384d7,,,,,
2026-09-12T04:36:06-05:00,PUR_IED_MarFidSuarez_S306_1d0032,PUR_IED_MarFidSuarez_S306_1d0032,,,,,
2026-09-12T04:36:06-05:00,PUR_IED_Menorah_301_2a25a3,PUR_IED_Menorah_301_2a25a3,,,,,
2026-09-12T04:36:06-05:00,PUR_IED_Menorah_306_37ed3,PUR_IED_Menorah_306_37ed3,,,,,
2026-09-12T04:36:06-05:00,PUR_IED_Menorah_Ext_3e155b,PUR_IED_Menorah_Ext_3e155b,,,,,
2026-09-12T04:36:06-05:00,PUR_IED_MinutoB.Aires_A11_1b1604,PUR_IED_MinutoB.Aires_A11_1b1604,,,,,
2026-09-12T04:36:06-05:00,PUR_IED_MinutoB.Aires_A12_fb5860,PUR_IED_MinutoB.Aires_A12_fb5860,,,,,
2026-09-12T04:36:06-05:00,PUR_IED_MinutoB.Aires_Ext_81293f,PUR_IED_MinutoB.Aires_Ext_81293f,,,,,
2026-09-12T04:36:06-05:00,PUR_IED_MinutoBAires_A11_1b1604,PUR_IED_MinutoBAires_A11_1b1604,,,,,
2026-09-12T04:36:06-05:00,PUR_IED_MinutoBAires_A12_fb5860,PUR_IED_MinutoBAires_A12_fb5860,,,,,
2026-09-12T04:36:06-05:00,PUR_IED_MinutoBAires_Ext_81293f,PUR_IED_MinutoBAires_Ext_81293f,,,,,
2026-09-12T04:36:06-05:00,PUR_IED_Montreal_Aula10_1e4959,PUR_IED_Montreal_Aula10_1e4959,,,,,
2026-09-12T04:36:06-05:00,PUR_IED_Montreal_Aula6_300367,PUR_IED_Montreal_Aula6_300367,,,,,
2026-09-12T04:36:06-05:00,PUR_IED_Montreal_Exterior_91a179,PUR_IED_Montreal_Exterior_91a179,,,,,
2026-09-12T04:36:06-05:00,PUR_IED_Mqgdalena_B202_5ddda3,PUR_IED_Mqgdalena_B202_5ddda3,,,,,
2026-09-12T04:36:06-05:00,PUR_IED_NACUND_Soc_dc8728,PUR_IED_NACUND_Soc_dc8728,,,,,
2026-09-12T04:36:06-05:00,PUR_IED_NACUND_ext_27ad97,PUR_IED_NACUND_ext_27ad97,,,,,
2026-09-12T04:36:06-05:00,PUR_IED_NEsperanza_Ext_d24b61,PUR_IED_NEsperanza_Ext_d24b61,,,,,
2026-09-12T04:36:06-05:00,PUR_IED_NEsperanza_SElect_7d1807,PUR_IED_NEsperanza_SElect_7d1807,,,,,
2026-09-12T04:36:06-05:00,PUR_IED_NEsperanza_SLabor_8b2d0a,PUR_IED_NEsperanza_SLabor_8b2d0a,,,,,
2026-09-12T04:36:06-05:00,PUR_IED_NacionesU_Ext_f661a9,PUR_IED_NacionesU_Ext_f661a9,,,,,
2026-09-12T04:36:06-05:00,PUR_IED_NacionesU_Quimica_66f0a,PUR_IED_NacionesU_Quimica_66f0a,,,,,
2026-09-12T04:36:06-05:00,PUR_IED_NacionesU_S306_1b4b3d,PUR_IED_NacionesU_S306_1b4b3d,,,,,
2026-09-12T04:36:06-05:00,PUR_IED_NestorFA_Ext_e4201c,PUR_IED_NestorFA_Ext_e4201c,,,,,
2026-09-12T04:36:06-05:00,PUR_IED_NestorFA_Laborato_f22fe0,PUR_IED_NestorFA_Laborato_f22fe0,,,,,
2026-09-12T04:36:06-05:00,PUR_IED_NestorFA_S204_dee996,PUR_IED_NestorFA_S204_dee996,,,,,
2026-09-12T04:36:06-05:00,PUR_IED_NidyaQT_Aula03_76999b,PUR_IED_NidyaQT_Aula03_76999b,,,,,
2026-09-12T04:36:06-05:00,PUR_IED_NidyaQT_Aula10_56325,PUR_IED_NidyaQT_Aula10_56325,,,,,
2026-09-12T04:36:06-05:00,PUR_IED_NidyaQT_Ext_46e32d,PUR_IED_NidyaQT_Ext_46e32d,,,,,
2026-09-12T04:36:06-05:00,PUR_IED_NuevaCol_Exterior_d9b859,PUR_IED_NuevaCol_Exterior_d9b859,,,,,
2026-09-12T04:36:06-05:00,PUR_IED_NuevaCol_S1101_76c43b,PUR_IED_NuevaCol_S1101_76c43b,,,,,
2026-09-12T04:36:06-05:00,PUR_IED_NuevaCol_S1102_1ce0b5,PUR_IED_NuevaCol_S1102_1ce0b5,,,,,
2026-09-12T04:36:06-05:00,PUR_IED_OEA_A202_f7e3f2,PUR_IED_OEA_A202_f7e3f2,,,,,
2026-09-12T04:36:06-05:00,PUR_IED_OEA_A203_7d1b8d,PUR_IED_OEA_A203_7d1b8d,,,,,
2026-09-12T04:36:06-05:00,PUR_IED_OEA_Ext_27b593,PUR_IED_OEA_Ext_27b593,,,,,
2026-09-12T04:36:06-05:00,PUR_IED_Ochoa_Ext_1c29da,PUR_IED_Ochoa_Ext_1c29da,,,,,
2026-09-12T04:36:06-05:00,PUR_IED_Ochoa_S205_8b1121,PUR_IED_Ochoa_S205_8b1121,,,,,
2026-09-12T04:36:06-05:00,PUR_IED_Ochoa_Sistemas_f33af6,PUR_IED_Ochoa_Sistemas_f33af6,,,,,
2026-09-12T04:36:06-05:00,PUR_IED_PQuebec_Ext_1c67c7,PUR_IED_PQuebec_Ext_1c67c7,,,,,
2026-09-12T04:36:06-05:00,PUR_IED_PQuebec_S15_23e8e2,PUR_IED_PQuebec_S15_23e8e2,,,,,
2026-09-12T04:36:06-05:00,PUR_IED_PQuebec_S16_8ec76b,PUR_IED_PQuebec_S16_8ec76b,,,,,
2026-09-12T04:36:06-05:00,PUR_IED_PabloN_Ext_49dc96,PUR_IED_PabloN_Ext_49dc96,,,,,
2026-09-12T04:36:06-05:00,PUR_IED_PabloN_S1102_4e3df5,PUR_IED_PabloN_S1102_4e3df5,,,,,
2026-09-12T04:36:06-05:00,PUR_IED_PabloN_S1103_50c94b,PUR_IED_PabloN_S1103_50c94b,,,,,
2026-09-12T04:36:06-05:00,PUR_IED_Palestina_S1101_db9198,PUR_IED_Palestina_S1101_db9198,,,,,
2026-09-12T04:36:06-05:00,PUR_IED_Palestina_S1102_dc54fa,PUR_IED_Palestina_S1102_dc54fa,,,,,
2026-09-12T04:36:06-05:00,PUR_IED_Palestina_ext_4ccce6,PUR_IED_Palestina_ext_4ccce6,,,,,
2026-09-12T04:36:06-05:00,PUR_IED_Panama_Fisica_4d0794,PUR_IED_Panama_Fisica_4d0794,,,,,
2026-09-12T04:36:06-05:00,PUR_IED_Panama_SIngles_a4077e,PUR_IED_Panama_SIngles_a4077e,,,,,
2026-09-12T04:36:06-05:00,PUR_IED_Panama_ext_4c54b4,PUR_IED_Panama_ext_4c54b4,,,,,
2026-09-12T04:36:06-05:00,PUR_IED_ParaisoM_Exterior_8cd7f0,PUR_IED_ParaisoM_Exterior_8cd7f0,,,,,
2026-09-12T04:36:06-05:00,PUR_IED_ParaisoM_Laborato_27af35,PUR_IED_ParaisoM_Laborato_27af35,,,,,
2026-09-12T04:36:06-05:00,PUR_IED_ParaisoM_S304_d1edca,PUR_IED_ParaisoM_S304_d1edca,,,,,
2026-09-12T04:36:06-05:00,PUR_IED_PorfirioBarba_Ext_301466,PUR_IED_PorfirioBarba_Ext_301466,,,,,
2026-09-12T04:36:06-05:00,PUR_IED_PorfirioBarba_S11_df6cd2,PUR_IED_PorfirioBarba_S11_df6cd2,,,,,
2026-09-12T04:36:06-05:00,PUR_IED_PorfirioBarba_S29_27a7d6,PUR_IED_PorfirioBarba_S29_27a7d6,,,,,
2026-09-12T04:36:06-05:00,PUR_IED_PradoV_Exter_8b27ad,PUR_IED_PradoV_Exter_8b27ad,,,,,
2026-09-12T04:36:06-05:00,PUR_IED_PradoV_S301_de65b5,PUR_IED_PradoV_S301_de65b5,,,,,
2026-09-12T04:36:06-05:00,PUR_IED_PradoV_S302_7d2593,PUR_IED_PradoV_S302_7d2593,,,,,
2026-09-12T04:36:06-05:00,PUR_IED_QuirogaAlz_Ext_1ddc82,PUR_IED_QuirogaAlz_Ext_1ddc82,,,,,
2026-09-12T04:36:06-05:00,PUR_IED_QuirogaAlz_S302_9926a3,PUR_IED_QuirogaAlz_S302_9926a3,,,,,
2026-09-12T04:36:06-05:00,PUR_IED_QuirogaAlz_S305_cdf1f1,PUR_IED_QuirogaAlz_S305_cdf1f1,,,,,
2026-09-12T04:36:06-05:00,PUR_IED_RGuatemala_Biling_dc53b7,PUR_IED_RGuatemala_Biling_dc53b7,,,,,
2026-09-12T04:36:06-05:00,PUR_IED_RGuatemala_Ext_1b89a3,PUR_IED_RGuatemala_Ext_1b89a3,,,,,
2026-09-12T04:36:06-05:00,PUR_IED_RGuatemala_Tecnol_281a34,PUR_IED_RGuatemala_Tecnol_281a34,,,,,
2026-09-12T04:36:06-05:00,PUR_IED_RafaNu_Ext_f7c302,PUR_IED_RafaNu_Ext_f7c302,,,,,
2026-09-12T04:36:06-05:00,PUR_IED_RafaNu_S1101_25fde,PUR_IED_RafaNu_S1101_25fde,,,,,
2026-09-12T04:36:06-05:00,PUR_IED_RafaNu_S1102_281517,PUR_IED_RafaNu_S1102_281517,,,,,
2026-09-12T04:36:06-05:00,PUR_IED_RafaelB_S305_ee2783,PUR_IED_RafaelB_S305_ee2783,,,,,
2026-09-12T04:36:06-05:00,PUR_IED_RafaelB_S306_75fe33,PUR_IED_RafaelB_S306_75fe33,,,,,
2026-09-12T04:36:06-05:00,PUR_IED_RafaelB_ext_283336,PUR_IED_RafaelB_ext_283336,3,17,63,4.6722,-74.0737
2026-09-12T04:36:06-05:00,PUR_IED_RafaelUU_Exterior_281a51,PUR_IED_RafaelUU_Exterior_281a51,,,,,
2026-09-12T04:36:06-05:00,PUR_IED_RafaelUU_Human_806b2,PUR_IED_RafaelUU_Human_806b2,,,,,
2026-09-12T04:36:06-05:00,PUR_IED_RafaelUU_Mate2_5680d4,PUR_IED_RafaelUU_Mate2_5680d4,,,,,
2026-09-12T04:36:06-05:00,PUR_IED_RamonSub_Ext_f9eeb9,PUR_IED_RamonSub_Ext_f9eeb9,,,,,
2026-09-12T04:36:06-05:00,PUR_IED_RamonSub_Media_d1f62f,PUR_IED_RamonSub_Media_d1f62f,,,,,
2026-09-12T04:36:06-05:00,PUR_IED_RamonSub_planta_51b82,PUR_IED_RamonSub_planta_51b82,,,,,
2026-09-12T04:36:06-05:00,PUR_IED_RepBoliVene_Exter_27af7c,PUR_IED_RepBoliVene_Exter_27af7c,,,,,
2026-09-12T04:36:06-05:00,PUR_IED_RepBoliVene_SCPT_5ae2ee,PUR_IED_RepBoliVene_SCPT_5ae2ee,,,,,
2026-09-12T04:36:06-05:00,PUR_IED_RepBoliVene_Socia_4b11d5,PUR_IED_RepBoliVene_Socia_4b11d5,,,,,
2026-09-12T04:36:06-05:00,PUR_IED_RepChina_Ext_76d9ee,PUR_IED_RepChina_Ext_76d9ee,,,,,
2026-09-12T04:36:06-05:00,PUR_IED_RepChina_S404_7c804c,PUR_IED_RepChina_S404_7c804c,,,,,
2026-09-12T04:36:06-05:00,PUR_IED_RepChina_S405_df2c33,PUR_IED_RepChina_S405_df2c33,,,,,
2026-09-12T04:36:06-05:00,PUR_IED_RepublicaC_Exteri_7d1ec9,PUR_IED_RepublicaC_Exteri_7d1ec9,,,,,
2026-09-12T04:36:06-05:00,PUR_IED_RepublicaC_S1101_f544b3,PUR_IED_RepublicaC_S1101_f544b3,,,,,
2026-09-12T04:36:06-05:00,PUR_IED_RepublicaC_S1102_7aafc7,PUR_IED_RepublicaC_S1102_7aafc7,,,,,
2026-09-12T04:36:06-05:00,PUR_IED_Ricaurte_Externo_a0ea1,PUR_IED_Ricaurte_Externo_a0ea1,,,,,
2026-09-12T04:36:06-05:00,PUR_IED_Ricaurte_S210_f546fd,PUR_IED_Ricaurte_S210_f546fd,,,,,
2026-09-12T04:36:06-05:00,PUR_IED_Ricaurte_S309_d4452,PUR_IED_Ricaurte_S309_d4452,,,,,
2026-09-12T04:36:06-05:00,PUR_IED_RogelioS_1102_531e69,PUR_IED_RogelioS_1102_531e69,,,,,
2026-09-12T04:36:06-05:00,PUR_IED_RogelioS_Ext_f25a18,PUR_IED_RogelioS_Ext_f25a18,,,,,
2026-09-12T04:36:06-05:00,PUR_IED_SBernardino_Ext_27aff8,PUR_IED_SBernardino_Ext_27aff8,,,,,
2026-09-12T04:36:06-05:00,PUR_IED_SBernardino_SArte_2ffd33,PUR_IED_SBernardino_SArte_2ffd33,,,,,
2026-09-12T04:36:06-05:00,PUR_IED_SBernardino_SIngl_7c7da5,PUR_IED_SBernardino_SIngl_7c7da5,,,,,
2026-09-12T04:36:06-05:00,PUR_IED_Sago_auditorio_dc9d1d,PUR_IED_Sago_auditorio_dc9d1d,,,,,
2026-09-12T04:36:06-05:00,PUR_IED_Saludcoop_Ext_95aac3,PUR_IED_Saludcoop_Ext_95aac3,,,,,
2026-09-12T04:36:06-05:00,PUR_IED_Saludcoop_InfI_90c854,PUR_IED_Saludcoop_InfI_90c854,,,,,
2026-09-12T04:36:06-05:00,PUR_IED_Saludcoop_SMedia_1b93be,PUR_IED_Saludcoop_SMedia_1b93be,,,,,
2026-09-12T04:36:06-05:00,PUR_IED_SanCarlos_1101_1a2360,PUR_IED_SanCarlos_1101_1a2360,,,,,
2026-09-12T04:36:06-05:00,PUR_IED_SanCarlos_1103_7bafb5,PUR_IED_SanCarlos_1103_7bafb5,,,,,
2026-09-12T04:36:06-05:00,PUR_IED_SanCarlos_Ext_b7cd1,PUR_IED_SanCarlos_Ext_b7cd1,,,,,
2026-09-12T04:36:06-05:00,PUR_IED_SanIgnacioBosa11a_50c26e,PUR_IED_SanIgnacioBosa11a_50c26e,,,,,
2026-09-12T04:36:06-05:00,PUR_IED_SanIgnacioBosa11b_371de8,PUR_IED_SanIgnacioBosa11b_371de8,,,,,
2026-09-12T04:36:06-05:00,PUR_IED_SanIgnacioBosaExt_ef0ffc,PUR_IED_SanIgnacioBosaExt_ef0ffc,,,,,
2026-09-12T04:36:06-05:00,PUR_IED_SanIgnacioBosa_11a_50c26e,PUR_IED_SanIgnacioBosa_11a_50c26e,,,,,
2026-09-12T04:36:06-05:00,PUR_IED_SanIgnacioBosa_Ext_ef0ffc,PUR_IED_SanIgnacioBosa_Ext_ef0ffc,,,,,
2026-09-12T04:36:06-05:00,PUR_IED_SanJoseN_intS1101_31c47f,PUR_IED_SanJoseN_intS1101_31c47f,,,,,
2026-09-12T04:36:06-05:00,PUR_IED_SanJoseUsm_Exter_f5d7e8,PUR_IED_SanJoseUsm_Exter_f5d7e8,,,,,
2026-09-12T04:36:06-05:00,PUR_IED_SanJoseUsm_Int11A_cfdef6,PUR_IED_SanJoseUsm_Int11A_cfdef6,,,,,
2026-09-12T04:36:06-05:00,PUR_IED_SilveriaR_IntB5_905349,PUR_IED_SilveriaR_IntB5_905349,,,,,
2026-09-12T04:36:06-05:00,PUR_IED_SilveriaR_IntSD14_981f93,PUR_IED_SilveriaR_IntSD14_981f93,,,,,
2026-09-12T04:36:06-05:00,PUR_IED_SilveriaR_ext_2b651d,PUR_IED_SilveriaR_ext_2b651d,,,,,
2026-09-12T04:36:06-05:00,PUR_IED_SimonB_Exterior_913975,PUR_IED_SimonB_Exterior_913975,,,,,
2026-09-12T04:36:06-05:00,PUR_IED_SimonB_LabQuimi_c56908,PUR_IED_SimonB_LabQuimi_c56908,,,,,
2026-09-12T04:36:06-05:00,PUR_IED_SimonB_informatic_a28c1,PUR_IED_SimonB_informatic_a28c1,,,,,
2026-09-12T04:36:06-05:00,PUR_IED_Sorrento_1102_315f50,PUR_IED_Sorrento_1102_315f50,,,,,
2026-09-12T04:36:06-05:00,PUR_IED_Sorrento_Minte_214eab,PUR_IED_Sorrento_Minte_214eab,,,,,
2026-09-12T04:36:06-05:00,PUR_IED_Sorrento_ext_7c3a0a,PUR_IED_Sorrento_ext_7c3a0a,,,,,
2026-09-12T04:36:06-05:00,PUR_IED_Tabora_Ext_f048ae,PUR_IED_Tabora_Ext_f048ae,,,,,
2026-09-12T04:36:06-05:00,PUR_IED_Tabora_S1102_b07752,PUR_IED_Tabora_S1102_b07752,,,,,
2026-09-12T04:36:06-05:00,PUR_IED_Tabora_S1103_d988f5,PUR_IED_Tabora_S1103_d988f5,,,,,
2026-09-12T04:36:06-05:00,PUR_IED_Tenerife_Ext_1ab188,PUR_IED_Tenerife_Ext_1ab188,,,,,
2026-09-12T04:36:06-05:00,PUR_IED_Tenerife_SDanzas_7bc02e,PUR_IED_Tenerife_SDanzas_7bc02e,,,,,
2026-09-12T04:36:06-05:00,PUR_IED_Tenerife_SIngles_7cc277,PUR_IED_Tenerife_SIngles_7cc277,,,,,
2026-09-12T04:36:06-05:00,PUR_IED_Tibabuyes_Exter_f2683d,PUR_IED_Tibabuyes_Exter_f2683d,,,,,
2026-09-12T04:36:06-05:00,PUR_IED_Tibabuyes_S10_dc87a8,PUR_IED_Tibabuyes_S10_dc87a8,,,,,
2026-09-12T04:36:06-05:00,PUR_IED_Tibabuyes_S15_dc0526,PUR_IED_Tibabuyes_S15_dc0526,,,,,
2026-09-12T04:36:06-05:00,PUR_IED_UnionE_S301_a1043,PUR_IED_UnionE_S301_a1043,,,,,
2026-09-12T04:36:06-05:00,PUR_IED_UnionE_S307_ff6c2f,PUR_IED_UnionE_S307_ff6c2f,,,,,
2026-09-12T04:36:06-05:00,PUR_IED_UnionE__Ext_5e2468,PUR_IED_UnionE__Ext_5e2468,,,,,
2026-09-12T04:36:06-05:00,PUR_IED_VillaRica_Ext_75be7c,PUR_IED_VillaRica_Ext_75be7c,,,,,
2026-09-12T04:36:06-05:00,PUR_IED_VillaRica_S4_cc5dcd,PUR_IED_VillaRica_S4_cc5dcd,,,,,
2026-09-12T04:36:06-05:00,PUR_IED_VillaRica_Sesp_99f5c,PUR_IED_VillaRica_Sesp_99f5c,,,,,
2026-09-12T04:41:07-05:00,PUR_IED_20deJulio_1101_91b1b9,PUR_IED_20deJulio_1101_91b1b9,,,,,
2026-09-12T04:41:07-05:00,PUR_IED_20deJulio_1102_1cfcf9,PUR_IED_20deJulio_1102_1cfcf9,,,,,
2026-09-12T04:41:07-05:00,PUR_IED_20deJulio_Ext_ab60bd,PUR_IED_20deJulio_Ext_ab60bd,,,,,
2026-09-12T04:41:07-05:00,PUR_IED_AgustinFer_Ext_7b9b77,PUR_IED_AgustinFer_Ext_7b9b77,,,,,
2026-09-12T04:41:07-05:00,PUR_IED_AgustinFer_Info2_27b3a7,PUR_IED_AgustinFer_Info2_27b3a7,,,,,
2026-09-12T04:41:07-05:00,PUR_IED_AgustinFer_Sena_54b4eb,PUR_IED_AgustinFer_Sena_54b4eb,,,,,
2026-09-12T04:41:07-05:00,PUR_IED_AlexanderF_1102_caf07b,PUR_IED_AlexanderF_1102_caf07b,,,,,
2026-09-12T04:41:07-05:00,PUR_IED_AlexanderF_1103_c79e71,PUR_IED_AlexanderF_1103_c79e71,,,,,
2026-09-12T04:41:07-05:00,PUR_IED_AlexanderF_Ext_c5b18b,PUR_IED_AlexanderF_Ext_c5b18b,,,,,
2026-09-12T04:41:07-05:00,PUR_IED_AlfonsoLopez_Ext_281d77,PUR_IED_AlfonsoLopez_Ext_281d77,,,,,
2026-09-12T04:41:07-05:00,PUR_IED_AlfonsoLopez_LabF_888ce0,PUR_IED_AlfonsoLopez_LabF_888ce0,,,,,
2026-09-12T04:41:07-05:00,PUR_IED_AlfonsoLopez_SMed_df6a7f,PUR_IED_AlfonsoLopez_SMed_df6a7f,,,,,
2026-09-12T04:41:07-05:00,PUR_IED_AltamiraSO_A2_209f92,PUR_IED_AltamiraSO_A2_209f92,,,,,
2026-09-12T04:41:07-05:00,PUR_IED_AltamiraSO_Ext_186d66,PUR_IED_AltamiraSO_Ext_186d66,,,,,
2026-09-12T04:41:07-05:00,PUR_IED_AltamiraSO_Sistem_27afe1,PUR_IED_AltamiraSO_Sistem_27afe1,,,,,
2026-09-12T04:41:07-05:00,PUR_IED_AlvaroGom_LabQuim_813179,PUR_IED_AlvaroGom_LabQuim_813179,,,,,
2026-09-12T04:41:07-05:00,PUR_IED_AlvaroGomez_Ext_47c7ca,PUR_IED_AlvaroGomez_Ext_47c7ca,,,,,
2026-09-12T04:41:07-05:00,PUR_IED_AlvaroGomez_LabQuim_813179,PUR_IED_AlvaroGomez_LabQuim_813179,,,,,
2026-09-12T04:41:07-05:00,PUR_IED_AlvaroGomez_S23_7ba89f,PUR_IED_AlvaroGomez_S23_7ba89f,,,,,
2026-09-12T04:41:07-05:00,PUR_IED_Amistad_306_dc8728,PUR_IED_Amistad_306_dc8728,,,,,
2026-09-12T04:41:07-05:00,PUR_IED_Amistad_Ext_8cd55e,PUR_IED_Amistad_Ext_8cd55e,,,,,
2026-09-12T04:41:07-05:00,PUR_IED_Amistad_S202_a41169,PUR_IED_Amistad_S202_a41169,,,,,
2026-09-12T04:41:07-05:00,PUR_IED_AndresBello_Bio_fd5f5e,PUR_IED_AndresBello_Bio_fd5f5e,,,,,
2026-09-12T04:41:07-05:00,PUR_IED_AndresBello_ext_dcad65,PUR_IED_AndresBello_ext_dcad65,,,,,
2026-09-12T04:41:07-05:00,PUR_IED_AndresBello_port_eed3ec,PUR_IED_AndresBello_port_eed3ec,,,,,
2026-09-12T04:41:07-05:00,PUR_IED_AngelaR_11b_d90a6b,PUR_IED_AngelaR_11b_d90a6b,,,,,
2026-09-12T04:41:07-05:00,PUR_IED_AngelaR_ext_7cad3e,PUR_IED_AngelaR_ext_7cad3e,10,19,61,4.5825,-74.164497
2026-09-12T04:41:07-05:00,PUR_IED_AntJoseSucre_10mo_df2575,PUR_IED_AntJoseSucre_10mo_df2575,,,,,
2026-09-12T04:41:07-05:00,PUR_IED_AntJoseSucre_Ext_215b36,PUR_IED_AntJoseSucre_Ext_215b36,,,,,
2026-09-12T04:41:07-05:00,PUR_IED_AntJoseSucre_Lab_3139de,PUR_IED_AntJoseSucre_Lab_3139de,,,,,
2026-09-12T04:41:07-05:00,PUR_IED_AntonioGarcia_301_d6b188,PUR_IED_AntonioGarcia_301_d6b188,,,,,
2026-09-12T04:41:07-05:00,PUR_IED_AntonioGarcia_302_88a82,PUR_IED_AntonioGarcia_302_88a82,,,,,
2026-09-12T04:41:07-05:00,PUR_IED_AntonioGarcia_Ext_20950c,PUR_IED_AntonioGarcia_Ext_20950c,,,,,
2026-09-12T04:41:07-05:00,PUR_IED_AntonioVan_Aula2_6dea02,PUR_IED_AntonioVan_Aula2_6dea02,,,,,
2026-09-12T04:41:07-05:00,PUR_IED_AntonioVan_Aula5_f1557e,PUR_IED_AntonioVan_Aula5_f1557e,,,,,
2026-09-12T04:41:07-05:00,PUR_IED_AntonioVan_Ext_406f2f,PUR_IED_AntonioVan_Ext_406f2f,,,,,
2026-09-12T04:41:07-05:00,PUR_IED_Atabanzha_Ext_cc5af9,PUR_IED_Atabanzha_Ext_cc5af9,,,,,
2026-09-12T04:41:07-05:00,PUR_IED_Atabanzha_SA101_56c37,PUR_IED_Atabanzha_SA101_56c37,,,,,
2026-09-12T04:41:07-05:00,PUR_IED_Atabanzha_SB302_27b374,PUR_IED_Atabanzha_SB302_27b374,,,,,
2026-09-12T04:41:07-05:00,PUR_IED_Atahualpa_Ext_fc1748,PUR_IED_Atahualpa_Ext_fc1748,,,,,
2026-09-12T04:41:07-05:00,PUR_IED_Atahualpa_Informa_dc9a95,PUR_IED_Atahualpa_Informa_dc9a95,,,,,
2026-09-12T04:41:07-05:00,PUR_IED_Atahualpa_S1101_f98056,PUR_IED_Atahualpa_S1101_f98056,,,,,
2026-09-12T04:41:07-05:00,PUR_IED_Bellavista_Ext_f5aa74,PUR_IED_Bellavista_Ext_f5aa74,,,,,
2026-09-12T04:41:07-05:00,PUR_IED_Bilbao_11A_916c41,PUR_IED_Bilbao_11A_916c41,,,,,
2026-09-12T04:41:07-05:00,PUR_IED_Bilbao_Ext_fb579a,PUR_IED_Bilbao_Ext_fb579a,,,,,
2026-09-12T04:41:07-05:00,PUR_IED_BrasiliaU_A125_304280,PUR_IED_BrasiliaU_A125_304280,,,,,
2026-09-12T04:41:07-05:00,PUR_IED_BrasiliaU_A203_7c8ca5,PUR_IED_BrasiliaU_A203_7c8ca5,,,,,
2026-09-12T04:41:07-05:00,PUR_IED_BrasiliaU_Ext_8d6e9f,PUR_IED_BrasiliaU_Ext_8d6e9f,4,16,66,4.5175,-74.116302
2026-09-12T04:41:07-05:00,PUR_IED_Brasilia_Ext_fe6593,PUR_IED_Brasilia_Ext_fe6593,,,,,
2026-09-12T04:41:07-05:00,PUR_IED_Brasilia_S24_7c130d,PUR_IED_Brasilia_S24_7c130d,,,,,
2026-09-12T04:41:07-05:00,PUR_IED_Brasilia_S501_186a54,PUR_IED_Brasilia_S501_186a54,,,,,
2026-09-12T04:41:07-05:00,PUR_IED_CHARRY_EXT_f1d5cd,PUR_IED_CHARRY_EXT_f1d5cd,,,,,
2026-09-12T04:41:07-05:00,PUR_IED_CHARRY_INTDANZAS_7a08e6,PUR_IED_CHARRY_INTDANZAS_7a08e6,,,,,
2026-09-12T04:41:07-05:00,PUR_IED_CHARRY_INT_AULA20_dc998d,PUR_IED_CHARRY_INT_AULA20_dc998d,,,,,
2026-09-12T04:41:07-05:00,PUR_IED_COLVIV_1101_S25_7f520a,PUR_IED_COLVIV_1101_S25_7f520a,,,,,
2026-09-12T04:41:07-05:00,PUR_IED_COLVIV_1102_S16_f570ba,PUR_IED_COLVIV_1102_S16_f570ba,,,,,
2026-09-12T04:41:07-05:00,PUR_IED_COLVIV_Ext_1a26fa,PUR_IED_COLVIV_Ext_1a26fa,,,,,
2026-09-12T04:41:07-05:00,PUR_IED_CULPOP_301A_f660f3,PUR_IED_CULPOP_301A_f660f3,,,,,
2026-09-12T04:41:07-05:00,PUR_IED_CULPOP_303_568afe,PUR_IED_CULPOP_303_568afe,,,,,
2026-09-12T04:41:07-05:00,PUR_IED_CULPOP_Ext_e02ccb,PUR_IED_CULPOP_Ext_e02ccb,,,,,
2026-09-12T04:41:07-05:00,PUR_IED_CVillavicen_Ext_26eb58,PUR_IED_CVillavicen_Ext_26eb58,7,14,83,4.487,-74.102798
2026-09-12T04:41:07-05:00,PUR_IED_CVillavicen_Intel_1ce5c2,PUR_IED_CVillavicen_Intel_1ce5c2,,,,,
2026-09-12T04:41:07-05:00,PUR_IED_CVillavicen_Poliv_e0766c,PUR_IED_CVillavicen_Poliv_e0766c,,,,,
2026-09-12T04:41:07-05:00,PUR_IED_CVillavicen_int_1ba140,PUR_IED_CVillavicen_int_1ba140,,,,,
2026-09-12T04:41:07-05:00,PUR_IED_CVillavicen_intel_1ba140,PUR_IED_CVillavicen_intel_1ba140,,,,,
2026-09-12T04:41:07-05:00,PUR_IED_CarlosPizarro_Ext_e307cc,PUR_IED_CarlosPizarro_Ext_e307cc,,,,,
2026-09-12T04:41:07-05:00,PUR_IED_CarlosPizarro_L36_7e5cdb,PUR_IED_CarlosPizarro_L36_7e5cdb,,,,,
2026-09-12T04:41:07-05:00,PUR_IED_CarlosPizarro_L37_c8566c,PUR_IED_CarlosPizarro_L37_c8566c,,,,,
2026-09-12T04:41:07-05:00,PUR_IED_Castilla_Ext_cf35f,PUR_IED_Castilla_Ext_cf35f,,,,,
2026-09-12T04:41:07-05:00,PUR_IED_Castilla_SFisik_360e38,PUR_IED_Castilla_SFisik_360e38,,,,,
2026-09-12T04:41:07-05:00,PUR_IED_Castilla_Sc304_496fbf,PUR_IED_Castilla_Sc304_496fbf,,,,,
2026-09-12T04:41:07-05:00,PUR_IED_CervantesSa_Ext_6b57b,PUR_IED_CervantesSa_Ext_6b57b,4,16,73,4.5128,-74.117203
2026-09-12T04:41:07-05:00,PUR_IED_CervantesSa_S107_225c2b,PUR_IED_CervantesSa_S107_225c2b,,,,,
2026-09-12T04:41:07-05:00,PUR_IED_CervantesSa_S108_940925,PUR_IED_CervantesSa_S108_940925,,,,,
2026-09-12T04:41:07-05:00,PUR_IED_Charry_A20_f53e7c,PUR_IED_Charry_A20_f53e7c,,,,,
2026-09-12T04:41:07-05:00,PUR_IED_Charry_Ext_f1d5cd,PUR_IED_Charry_Ext_f1d5cd,,,,,
2026-09-12T04:41:07-05:00,PUR_IED_Charry_IntAula20_dc998d,PUR_IED_Charry_IntAula20_dc998d,,,,,
2026-09-12T04:41:07-05:00,PUR_IED_Charry_IntDanzas_7a08e6,PUR_IED_Charry_IntDanzas_7a08e6,,,,,
2026-09-12T04:41:07-05:00,PUR_IED_ClememciaC_203_43e2fc,PUR_IED_ClememciaC_203_43e2fc,,,,,
2026-09-12T04:41:07-05:00,PUR_IED_ClememciaC_Ext_1b411a,PUR_IED_ClememciaC_Ext_1b411a,,,,,
2026-09-12T04:41:07-05:00,PUR_IED_ClememciaC_Quimic_44b5fc,PUR_IED_ClememciaC_Quimic_44b5fc,,,,,
2026-09-12T04:41:07-05:00,PUR_IED_ClemenciaC_203_43e2fc,PUR_IED_ClemenciaC_203_43e2fc,,,,,
2026-09-12T04:41:07-05:00,PUR_IED_ClemenciaC_Ext_1b411a,PUR_IED_ClemenciaC_Ext_1b411a,,,,,
2026-09-12T04:41:07-05:00,PUR_IED_ClemenciaC_Quimic_44b5fc,PUR_IED_ClemenciaC_Quimic_44b5fc,,,,,
2026-09-12T04:41:07-05:00,PUR_IED_ColViva_1101_S25_7f520a,PUR_IED_ColViva_1101_S25_7f520a,,,,,
2026-09-12T04:41:07-05:00,PUR_IED_ColViva_1102_S16_f570ba,PUR_IED_ColViva_1102_S16_f570ba,,,,,
2026-09-12T04:41:07-05:00,PUR_IED_ColViva_Ext_1a26fa,PUR_IED_ColViva_Ext_1a26fa,,,,,
2026-09-12T04:41:07-05:00,PUR_IED_ColegioBici_Asist_7c8798,PUR_IED_ColegioBici_Asist_7c8798,,,,,
2026-09-12T04:41:07-05:00,PUR_IED_ColegioBici_Ext_25cbf6,PUR_IED_ColegioBici_Ext_25cbf6,,,,,
2026-09-12T04:41:07-05:00,PUR_IED_ColegioBici_LabQ_7b57db,PUR_IED_ColegioBici_LabQ_7b57db,,,,,
2026-09-12T04:41:07-05:00,PUR_IED_CostaRica_Ext_5e640,PUR_IED_CostaRica_Ext_5e640,,,,,
2026-09-12T04:41:07-05:00,PUR_IED_CostaRica_Quim1_766d1c,PUR_IED_CostaRica_Quim1_766d1c,,,,,
2026-09-12T04:41:07-05:00,PUR_IED_CostaRica__Fisica_6f0873,PUR_IED_CostaRica__Fisica_6f0873,,,,,
2026-09-12T04:41:07-05:00,PUR_IED_CulPopu_301A_f660f3,PUR_IED_CulPopu_301A_f660f3,,,,,
2026-09-12T04:41:07-05:00,PUR_IED_CulPopu_303_568afe,PUR_IED_CulPopu_303_568afe,,,,,
2026-09-12T04:41:07-05:00,PUR_IED_CulPopu_Ext_e02ccb,PUR_IED_CulPopu_Ext_e02ccb,,,,,
2026-09-12T04:41:07-05:00,PUR_IED_Cundinamarca_Ext_f15985,PUR_IED_Cundinamarca_Ext_f15985,,,,,
2026-09-12T04:41:07-05:00,PUR_IED_Cundinamarca_Info_7aa5d7,PUR_IED_Cundinamarca_Info_7aa5d7,,,,,
2026-09-12T04:41:07-05:00,PUR_IED_Cundinamarca_Tec2_f449c7,PUR_IED_Cundinamarca_Tec2_f449c7,,,,,
2026-09-12T04:41:07-05:00,PUR_IED_DiegoM_Aula1_27b314,PUR_IED_DiegoM_Aula1_27b314,,,,,
2026-09-12T04:41:07-05:00,PUR_IED_DiegoM_Ext_d80ac8,PUR_IED_DiegoM_Ext_d80ac8,,,,,
2026-09-12T04:41:07-05:00,PUR_IED_DiegoM_S25_da928f,PUR_IED_DiegoM_S25_da928f,,,,,
2026-09-12T04:41:07-05:00,PUR_IED_ELRODEO_360881,PUR_IED_ELRODEO_360881,,,,,
2026-09-12T04:41:07-05:00,PUR_IED_ELRODEO_ext_360881,PUR_IED_ELRODEO_ext_360881,,,,,
2026-09-12T04:41:07-05:00,PUR_IED_EduardoU_Ext_1c1969,PUR_IED_EduardoU_Ext_1c1969,,,,,
2026-09-12T04:41:07-05:00,PUR_IED_EduardoU_SCiencia_4dfb94,PUR_IED_EduardoU_SCiencia_4dfb94,,,,,
2026-09-12T04:41:07-05:00,PUR_IED_EduardoU_SQuimica_5a46e7,PUR_IED_EduardoU_SQuimica_5a46e7,,,,,
2026-09-12T04:41:07-05:00,PUR_IED_ElRodeo_Aula14_676984,PUR_IED_ElRodeo_Aula14_676984,,,,,
2026-09-12T04:41:07-05:00,PUR_IED_ElRodeo_Aula16_2dd35b,PUR_IED_ElRodeo_Aula16_2dd35b,,,,,
2026-09-12T04:41:07-05:00,PUR_IED_ElRodeo_Ext_360881,PUR_IED_ElRodeo_Ext_360881,,,,,
2026-09-12T04:41:07-05:00,PUR_IED_ElRodeo_Exterior_8c6d28,PUR_IED_ElRodeo_Exterior_8c6d28,,,,,
2026-09-12T04:41:07-05:00,PUR_IED_ElRodeo_ext_360881,PUR_IED_ElRodeo_ext_360881,,,,,
2026-09-12T04:41:07-05:00,PUR_IED_EmmaReyes_Ext_987625,PUR_IED_EmmaReyes_Ext_987625,9,21,53,4.6367,-74.1511
2026-09-12T04:41:07-05:00,PUR_IED_Ensueño_Ext_7f0250,PUR_IED_Ensueño_Ext_7f0250,,,,,
2026-09-12T04:41:07-05:00,PUR_IED_EscNormal_Ext_5fef3b,PUR_IED_EscNormal_Ext_5fef3b,2,17,64,4.5852,-74.096901
2026-09-12T04:41:07-05:00,PUR_IED_EscNormal_S309_5b263,PUR_IED_EscNormal_S309_5b263,,,,,
2026-09-12T04:41:07-05:00,PUR_IED_EscNormal_S310_27b3b8,PUR_IED_EscNormal_S310_27b3b8,,,,,
2026-09-12T04:41:07-05:00,PUR_IED_Evangelista_Conta_f6cd4f,PUR_IED_Evangelista_Conta_f6cd4f,,,,,
2026-09-12T04:41:07-05:00,PUR_IED_Evangelista_Cri_5e16a,PUR_IED_Evangelista_Cri_5e16a,,,,,
2026-09-12T04:41:07-05:00,PUR_IED_Evangelista_Exter_754066,PUR_IED_Evangelista_Exter_754066,,,,,
2026-09-12T04:41:07-05:00,PUR_IED_FMiranda_S209_5cc2a3,PUR_IED_FMiranda_S209_5cc2a3,,,,,
2026-09-12T04:41:07-05:00,PUR_IED_FMiranda_S303_19e344,PUR_IED_FMiranda_S303_19e344,,,,,
2026-09-12T04:41:07-05:00,PUR_IED_FMiranda_ext_f53e7c,PUR_IED_FMiranda_ext_f53e7c,,,,,
2026-09-12T04:41:07-05:00,PUR_IED_FabioLozano_Bibli_1cee05,PUR_IED_FabioLozano_Bibli_1cee05,,,,,
2026-09-12T04:41:07-05:00,PUR_IED_FabioLozano_Ext_6ea285,PUR_IED_FabioLozano_Ext_6ea285,,,,,
2026-09-12T04:41:07-05:00,PUR_IED_FabioLozano_SLudi_f09e1e,PUR_IED_FabioLozano_SLudi_f09e1e,,,,,
2026-09-12T04:41:07-05:00,PUR_IED_FaustinoS_Aula07_27a731,PUR_IED_FaustinoS_Aula07_27a731,,,,,
2026-09-12T04:41:07-05:00,PUR_IED_FaustinoS_Ext_7b936f,PUR_IED_FaustinoS_Ext_7b936f,,,,,
2026-09-12T04:41:07-05:00,PUR_IED_FaustinoS_Fisica_da2c60,PUR_IED_FaustinoS_Fisica_da2c60,,,,,
2026-09-12T04:41:07-05:00,PUR_IED_FeGarciaLo_Ext_dc68ee,PUR_IED_FeGarciaLo_Ext_dc68ee,,,,,
2026-09-12T04:41:07-05:00,PUR_IED_FeGarciaLo_SDanza_f70a59,PUR_IED_FeGarciaLo_SDanza_f70a59,,,,,
2026-09-12T04:41:07-05:00,PUR_IED_FeGarciaLo_SMusic_125cdd,PUR_IED_FeGarciaLo_SMusic_125cdd,,,,,
2026-09-12T04:41:07-05:00,PUR_IED_FederalAlema_Exte_50c345,PUR_IED_FederalAlema_Exte_50c345,,,,,
2026-09-12T04:41:07-05:00,PUR_IED_FederalAlema_S31_f18371,PUR_IED_FederalAlema_S31_f18371,,,,,
2026-09-12T04:41:07-05:00,PUR_IED_FederalAlema_S901_a62cd,PUR_IED_FederalAlema_S901_a62cd,,,,,
2026-09-12T04:41:07-05:00,PUR_IED_FilarmonicaS_A5_f35eb1,PUR_IED_FilarmonicaS_A5_f35eb1,,,,,
2026-09-12T04:41:07-05:00,PUR_IED_FilarmonicaS_Ext_8a3bde,PUR_IED_FilarmonicaS_Ext_8a3bde,,,,,
2026-09-12T04:41:07-05:00,PUR_IED_FilarmonicaS_Spol_406114,PUR_IED_FilarmonicaS_Spol_406114,,,,,
2026-09-12T04:41:07-05:00,PUR_IED_FlorentinoG_A13_d1fa59,PUR_IED_FlorentinoG_A13_d1fa59,,,,,
2026-09-12T04:41:07-05:00,PUR_IED_FlorentinoG_Ext_1ce6ce,PUR_IED_FlorentinoG_Ext_1ce6ce,,,,,
2026-09-12T04:41:07-05:00,PUR_IED_FlorentinoG_Idiom_a66aac,PUR_IED_FlorentinoG_Idiom_a66aac,,,,,
2026-09-12T04:41:07-05:00,PUR_IED_FranciscoMati_Ext_e3869d,PUR_IED_FranciscoMati_Ext_e3869d,,,,,
2026-09-12T04:41:07-05:00,PUR_IED_FranciscoMati_S13_f31c67,PUR_IED_FranciscoMati_S13_f31c67,,,,,
2026-09-12T04:41:07-05:00,PUR_IED_FranciscoMati_S14_97dead,PUR_IED_FranciscoMati_S14_97dead,,,,,
2026-09-12T04:41:07-05:00,PUR_IED_FranciscoPS_Ext_7bfa9a,PUR_IED_FranciscoPS_Ext_7bfa9a,2,19,61,4.5899,-74.110397
2026-09-12T04:41:07-05:00,PUR_IED_FranciscoPS_Infor_fb8f4c,PUR_IED_FranciscoPS_Infor_fb8f4c,,,,,
2026-09-12T04:41:07-05:00,PUR_IED_FranciscoPS_Quimi_94d39c,PUR_IED_FranciscoPS_Quimi_94d39c,,,,,
2026-09-12T04:41:07-05:00,PUR_IED_FranciscoP_LabQ_d7e148,PUR_IED_FranciscoP_LabQ_d7e148,,,,,
2026-09-12T04:41:07-05:00,PUR_IED_FranciscoP_S28_cf9b30,PUR_IED_FranciscoP_S28_cf9b30,,,,,
2026-09-12T04:41:07-05:00,PUR_IED_FranciscoP_ext_e2313,PUR_IED_FranciscoP_ext_e2313,,,,,
2026-09-12T04:41:07-05:00,PUR_IED_FriederichN_Ext_8ac92a,PUR_IED_FriederichN_Ext_8ac92a,,,,,
2026-09-12T04:41:07-05:00,PUR_IED_FriederichN_S301_dd7e5a,PUR_IED_FriederichN_S301_dd7e5a,,,,,
2026-09-12T04:41:07-05:00,PUR_IED_FriederichN_S308_761f4f,PUR_IED_FriederichN_S308_761f4f,,,,,
2026-09-12T04:41:07-05:00,PUR_IED_GSantander_Aula10_533dd7,PUR_IED_GSantander_Aula10_533dd7,,,,,
2026-09-12T04:41:07-05:00,PUR_IED_GSantander_Aula12_fd4e4f,PUR_IED_GSantander_Aula12_fd4e4f,,,,,
2026-09-12T04:41:07-05:00,PUR_IED_GSantander_Aula310_533dd7,PUR_IED_GSantander_Aula310_533dd7,,,,,
2026-09-12T04:41:07-05:00,PUR_IED_GSantander_Aula312_fd4e4f,PUR_IED_GSantander_Aula312_fd4e4f,,,,,
2026-09-12T04:41:07-05:00,PUR_IED_GSantander_Ext_5f66b0,PUR_IED_GSantander_Ext_5f66b0,,,,,
2026-09-12T04:41:07-05:00,PUR_IED_GYomasa_Ext_f6bea5,PUR_IED_GYomasa_Ext_f6bea5,,,,,
2026-09-12T04:41:07-05:00,PUR_IED_GYomasa_LBiol_2c41aa,PUR_IED_GYomasa_LBiol_2c41aa,,,,,
2026-09-12T04:41:07-05:00,PUR_IED_GYomasa_LQuim_33c80,PUR_IED_GYomasa_LQuim_33c80,,,,,
2026-09-12T04:41:07-05:00,PUR_IED_GabBetMejia_Cienc_5a99c,PUR_IED_GabBetMejia_Cienc_5a99c,,,,,
2026-09-12T04:41:07-05:00,PUR_IED_GabBetMejia_Ext_9153d0,PUR_IED_GabBetMejia_Ext_9153d0,,,,,
2026-09-12T04:41:07-05:00,PUR_IED_GabBetMejia_Lab_f55347,PUR_IED_GabBetMejia_Lab_f55347,,,,,
2026-09-12T04:41:07-05:00,PUR_IED_GabBetanMejia_Ext_9153d0,PUR_IED_GabBetanMejia_Ext_9153d0,,,,,
2026-09-12T04:41:07-05:00,PUR_IED_Gaitana_Aula13_7aac11,PUR_IED_Gaitana_Aula13_7aac11,,,,,
2026-09-12T04:41:07-05:00,PUR_IED_Gaitana_Ext_5fcf4,PUR_IED_Gaitana_Ext_5fcf4,,,,,
2026-09-12T04:41:07-05:00,PUR_IED_Gaitana_LabFisica_644448,PUR_IED_Gaitana_LabFisica_644448,,,,,
2026-09-12T04:41:07-05:00,PUR_IED_GenSantander_Dise_8ac858,PUR_IED_GenSantander_Dise_8ac858,,,,,
2026-09-12T04:41:07-05:00,PUR_IED_GenSantander_Ext_8d5dfe,PUR_IED_GenSantander_Ext_8d5dfe,,,,,
2026-09-12T04:41:07-05:00,PUR_IED_GenSantander_Info_6c25b,PUR_IED_GenSantander_Info_6c25b,,,,,
2026-09-12T04:41:07-05:00,PUR_IED_GustavoMo_Exterio_75e63d,PUR_IED_GustavoMo_Exterio_75e63d,,,,,
2026-09-12T04:41:07-05:00,PUR_IED_GustavoMo_LabFisi_224d37,PUR_IED_GustavoMo_LabFisi_224d37,,,,,
2026-09-12T04:41:07-05:00,PUR_IED_GustavoMo_S208_3e6918,PUR_IED_GustavoMo_S208_3e6918,,,,,
2026-09-12T04:41:07-05:00,PUR_IED_GustavoR_A02_8cd4a8,PUR_IED_GustavoR_A02_8cd4a8,,,,,
2026-09-12T04:41:07-05:00,PUR_IED_GustavoR_B11_5b0ed,PUR_IED_GustavoR_B11_5b0ed,,,,,
2026-09-12T04:41:07-05:00,PUR_IED_GustavoR_Ext_7a0c90,PUR_IED_GustavoR_Ext_7a0c90,,,,,
2026-09-12T04:41:07-05:00,PUR_IED_HernandoDuran_Ext_8cd82b,PUR_IED_HernandoDuran_Ext_8cd82b,,,,,
2026-09-12T04:41:07-05:00,PUR_IED_HernandoDuran_S24_2772c6,PUR_IED_HernandoDuran_S24_2772c6,,,,,
2026-09-12T04:41:07-05:00,PUR_IED_HernandoDuran_S30_f2de41,PUR_IED_HernandoDuran_S30_f2de41,,,,,
2026-09-12T04:41:07-05:00,PUR_IED_HolguInUr_S1101_8cd732,PUR_IED_HolguInUr_S1101_8cd732,,,,,
2026-09-12T04:41:07-05:00,PUR_IED_HolguinUr_Exter_ddae6d,PUR_IED_HolguinUr_Exter_ddae6d,,,,,
2026-09-12T04:41:07-05:00,PUR_IED_HolguinUr_LabQuim_92b952,PUR_IED_HolguinUr_LabQuim_92b952,,,,,
2026-09-12T04:41:07-05:00,PUR_IED_Isabel-II_Ext_5245cc,PUR_IED_Isabel-II_Ext_5245cc,11,18,61,4.6336,-74.153
2026-09-12T04:41:07-05:00,PUR_IED_Isabel-II_S_idiom_1c29aa,PUR_IED_Isabel-II_S_idiom_1c29aa,,,,,
2026-09-12T04:41:07-05:00,PUR_IED_Isabel-II_S_infor_fd741,PUR_IED_Isabel-II_S_infor_fd741,,,,,
2026-09-12T04:41:07-05:00,PUR_IED_IsidroSur_Exterio_5b90ea,PUR_IED_IsidroSur_Exterio_5b90ea,,,,,
2026-09-12T04:41:07-05:00,PUR_IED_IsidroSur_LabTec_56697a,PUR_IED_IsidroSur_LabTec_56697a,,,,,
2026-09-12T04:41:07-05:00,PUR_IED_IsidroSur_Robotic_b7c38f,PUR_IED_IsidroSur_Robotic_b7c38f,,,,,
2026-09-12T04:41:07-05:00,PUR_IED_IsmaelPerd_Ext_7b6672,PUR_IED_IsmaelPerd_Ext_7b6672,,,,,
2026-09-12T04:41:07-05:00,PUR_IED_IsmaelPerd_Inform_306540,PUR_IED_IsmaelPerd_Inform_306540,,,,,
2026-09-12T04:41:07-05:00,PUR_IED_IsmaelPerd_S30_2e2c83,PUR_IED_IsmaelPerd_S30_2e2c83,,,,,
2026-09-12T04:41:07-05:00,PUR_IED_JLozano_Exter_432910,PUR_IED_JLozano_Exter_432910,,,,,
2026-09-12T04:41:07-05:00,PUR_IED_JLozano_salaMulti_df5125,PUR_IED_JLozano_salaMulti_df5125,,,,,
2026-09-12T04:41:07-05:00,PUR_IED_JMCordoba_206_86f80b,PUR_IED_JMCordoba_206_86f80b,,,,,
2026-09-12T04:41:07-05:00,PUR_IED_JMCordoba_Ext_27ad97,PUR_IED_JMCordoba_Ext_27ad97,,,,,
2026-09-12T04:41:07-05:00,PUR_IED_JMCordoba_S310_d59ab4,PUR_IED_JMCordoba_S310_d59ab4,,,,,
2026-09-12T04:41:07-05:00,PUR_IED_Japon_Ext_549100,PUR_IED_Japon_Ext_549100,,,,,
2026-09-12T04:41:07-05:00,PUR_IED_Japon_Laboratorio_bec51d,PUR_IED_Japon_Laboratorio_bec51d,,,,,
2026-09-12T04:41:07-05:00,PUR_IED_Japon_informatica_d99327,PUR_IED_Japon_informatica_d99327,,,,,
2026-09-12T04:41:07-05:00,PUR_IED_Jazmin_Ext_d27bda,PUR_IED_Jazmin_Ext_d27bda,,,,,
2026-09-12T04:41:07-05:00,PUR_IED_Jazmin_Fisica_8d14d7,PUR_IED_Jazmin_Fisica_8d14d7,,,,,
2026-09-12T04:41:07-05:00,PUR_IED_Jazmin_Quimica_801cb5,PUR_IED_Jazmin_Quimica_801cb5,,,,,
2026-09-12T04:41:07-05:00,PUR_IED_JorgeGaitan_Exter_f098d1,PUR_IED_JorgeGaitan_Exter_f098d1,,,,,
2026-09-12T04:41:07-05:00,PUR_IED_JorgeGaitan_STec1_dc9d1d,PUR_IED_JorgeGaitan_STec1_dc9d1d,,,,,
2026-09-12T04:41:07-05:00,PUR_IED_JorgeGaitan_STec2_281e69,PUR_IED_JorgeGaitan_STec2_281e69,,,,,
2026-09-12T04:41:07-05:00,PUR_IED_JorgeSoto_Exterio_d9d0a2,PUR_IED_JorgeSoto_Exterio_d9d0a2,,,,,
2026-09-12T04:41:07-05:00,PUR_IED_JorgeSoto_LabFisi_209c54,PUR_IED_JorgeSoto_LabFisi_209c54,,,,,
2026-09-12T04:41:07-05:00,PUR_IED_JorgeSoto_S103_27b51a,PUR_IED_JorgeSoto_S103_27b51a,,,,,
2026-09-12T04:41:07-05:00,PUR_IED_JoseAcevedo_A02_e965eb,PUR_IED_JoseAcevedo_A02_e965eb,,,,,
2026-09-12T04:41:07-05:00,PUR_IED_JoseAcevedo_A07_dd5b4,PUR_IED_JoseAcevedo_A07_dd5b4,,,,,
2026-09-12T04:41:07-05:00,PUR_IED_JoseAcevedo_Ext_b47484,PUR_IED_JoseAcevedo_Ext_b47484,,,,,
2026-09-12T04:41:07-05:00,PUR_IED_JoseMarti_Exte_5b9bf,PUR_IED_JoseMarti_Exte_5b9bf,,,,,
2026-09-12T04:41:07-05:00,PUR_IED_JoseMarti_LabQuim_1c6c2d,PUR_IED_JoseMarti_LabQuim_1c6c2d,,,,,
2026-09-12T04:41:07-05:00,PUR_IED_JoseMarti_S_info_f5f177,PUR_IED_JoseMarti_S_info_f5f177,,,,,
2026-09-12T04:41:07-05:00,PUR_IED_Josejoaquin_Ext_dfc5dc,PUR_IED_Josejoaquin_Ext_dfc5dc,,,,,
2026-09-12T04:41:07-05:00,PUR_IED_Josejoaquin_S05_5b2a96,PUR_IED_Josejoaquin_S05_5b2a96,,,,,
2026-09-12T04:41:07-05:00,PUR_IED_Josejoaquin_S06_1ce7d2,PUR_IED_Josejoaquin_S06_1ce7d2,,,,,
2026-09-12T04:41:07-05:00,PUR_IED_JulioFlorez_Danza_9b82dd,PUR_IED_JulioFlorez_Danza_9b82dd,,,,,
2026-09-12T04:41:07-05:00,PUR_IED_JulioFlorez_Exter_f9f314,PUR_IED_JulioFlorez_Exter_f9f314,,,,,
2026-09-12T04:41:07-05:00,PUR_IED_JulioFlorez_info2_6b6e08,PUR_IED_JulioFlorez_info2_6b6e08,,,,,
2026-09-12T04:41:07-05:00,PUR_IED_LaBelleza_Aula13_1d00d8,PUR_IED_LaBelleza_Aula13_1d00d8,,,,,
2026-09-12T04:41:07-05:00,PUR_IED_LaBelleza_Ext_7bc08c,PUR_IED_LaBelleza_Ext_7bc08c,,,,,
2026-09-12T04:41:07-05:00,PUR_IED_LaChucua_Ext_8cd6d2,PUR_IED_LaChucua_Ext_8cd6d2,,,,,
2026-09-12T04:41:07-05:00,PUR_IED_LaChucua_S15_f578ce,PUR_IED_LaChucua_S15_f578ce,,,,,
2026-09-12T04:41:07-05:00,PUR_IED_LaChucua_S16_eebcf9,PUR_IED_LaChucua_S16_eebcf9,,,,,
2026-09-12T04:41:07-05:00,PUR_IED_LaFelicidad_Ext_fb5109,PUR_IED_LaFelicidad_Ext_fb5109,,,,,
2026-09-12T04:41:07-05:00,PUR_IED_LaMerced_206_66ebd,PUR_IED_LaMerced_206_66ebd,,,,,
2026-09-12T04:41:07-05:00,PUR_IED_LaMerced_207_6ebd6,PUR_IED_LaMerced_207_6ebd6,,,,,
2026-09-12T04:41:07-05:00,PUR_IED_LaMerced_ext_304311,PUR_IED_LaMerced_ext_304311,,,,,
2026-09-12T04:41:07-05:00,PUR_IED_Laureano_CiencNat_281e5e,PUR_IED_Laureano_CiencNat_281e5e,,,,,
2026-09-12T04:41:07-05:00,PUR_IED_Laureano_Comedor_f65c0a,PUR_IED_Laureano_Comedor_f65c0a,,,,,
2026-09-12T04:41:07-05:00,PUR_IED_Laureano_Exterior_7ab011,PUR_IED_Laureano_Exterior_7ab011,,,,,
2026-09-12T04:41:07-05:00,PUR_IED_LeonGreiff_Exte_dfe560,PUR_IED_LeonGreiff_Exte_dfe560,,,,,
2026-09-12T04:41:07-05:00,PUR_IED_LeonGreiff_S210_f264ed,PUR_IED_LeonGreiff_S210_f264ed,,,,,
2026-09-12T04:41:07-05:00,PUR_IED_LeonGreiff_SQuimi_e8296f,PUR_IED_LeonGreiff_SQuimi_e8296f,,,,,
2026-09-12T04:41:07-05:00,PUR_IED_LlanoOrientalS208_7b9fcd,PUR_IED_LlanoOrientalS208_7b9fcd,,,,,
2026-09-12T04:41:07-05:00,PUR_IED_LlanoOriental_Ext_fb3766,PUR_IED_LlanoOriental_Ext_fb3766,,,,,
2026-09-12T04:41:07-05:00,PUR_IED_LlanoOriental_S208_7b9fcd,PUR_IED_LlanoOriental_S208_7b9fcd,,,,,
2026-09-12T04:41:07-05:00,PUR_IED_LlanoOriental_S9_27b378,PUR_IED_LlanoOriental_S9_27b378,,,,,
2026-09-12T04:41:07-05:00,PUR_IED_LosTejares_1101_477602,PUR_IED_LosTejares_1101_477602,,,,,
2026-09-12T04:41:07-05:00,PUR_IED_LosTejares_11_d2c595,PUR_IED_LosTejares_11_d2c595,,,,,
2026-09-12T04:41:07-05:00,PUR_IED_LosTejares_12_477602,PUR_IED_LosTejares_12_477602,,,,,
2026-09-12T04:41:07-05:00,PUR_IED_LosTejares_Ext_8e2115,PUR_IED_LosTejares_Ext_8e2115,,,,,
2026-09-12T04:41:07-05:00,PUR_IED_MagdalenaO_B202_5ddda3,PUR_IED_MagdalenaO_B202_5ddda3,,,,,
2026-09-12T04:41:07-05:00,PUR_IED_MagdalenaO_B205_fb76e8,PUR_IED_MagdalenaO_B205_fb76e8,,,,,
2026-09-12T04:41:07-05:00,PUR_IED_MagdalenaO_ext_dc69cd,PUR_IED_MagdalenaO_ext_dc69cd,,,,,
2026-09-12T04:41:07-05:00,PUR_IED_ManueCepeda_artes_eee956,PUR_IED_ManueCepeda_artes_eee956,,,,,
2026-09-12T04:41:07-05:00,PUR_IED_ManuelCepeda_Ext_58313,PUR_IED_ManuelCepeda_Ext_58313,,,,,
2026-09-12T04:41:07-05:00,PUR_IED_ManuelCepeda_tec_1c5731,PUR_IED_ManuelCepeda_tec_1c5731,,,,,
2026-09-12T04:41:07-05:00,PUR_IED_ManuelS_Exterior_5b269,PUR_IED_ManuelS_Exterior_5b269,,,,,
2026-09-12T04:41:07-05:00,PUR_IED_ManuelS_Inform_f369ce,PUR_IED_ManuelS_Inform_f369ce,,,,,
2026-09-12T04:41:07-05:00,PUR_IED_ManuelS_SArtes_7d15f1,PUR_IED_ManuelS_SArtes_7d15f1,,,,,
2026-09-12T04:41:07-05:00,PUR_IED_ManuelZapata_303_3ca6,PUR_IED_ManuelZapata_303_3ca6,,,,,
2026-09-12T04:41:07-05:00,PUR_IED_ManuelZapata_311_bfbabc,PUR_IED_ManuelZapata_311_bfbabc,,,,,
2026-09-12T04:41:07-05:00,PUR_IED_ManuelZapata_Ext_50824a,PUR_IED_ManuelZapata_Ext_50824a,,,,,
2026-09-12T04:41:07-05:00,PUR_IED_ManuelitaS_Exteri_656a92,PUR_IED_ManuelitaS_Exteri_656a92,,,,,
2026-09-12T04:41:07-05:00,PUR_IED_ManuelitaS_JuzgDe_f58ec3,PUR_IED_ManuelitaS_JuzgDe_f58ec3,,,,,
2026-09-12T04:41:07-05:00,PUR_IED_ManuelitaS_Recrea_d793db,PUR_IED_ManuelitaS_Recrea_d793db,,,,,
2026-09-12T04:41:07-05:00,PUR_IED_MarFidSuarez_Ext_c27b19,PUR_IED_MarFidSuarez_Ext_c27b19,,,,,
2026-09-12T04:41:07-05:00,PUR_IED_MarFidSuarez_Info_e384d7,PUR_IED_MarFidSuarez_Info_e384d7,,,,,
2026-09-12T04:41:07-05:00,PUR_IED_MarFidSuarez_S306_1d0032,PUR_IED_MarFidSuarez_S306_1d0032,,,,,
2026-09-12T04:41:07-05:00,PUR_IED_Menorah_301_2a25a3,PUR_IED_Menorah_301_2a25a3,,,,,
2026-09-12T04:41:07-05:00,PUR_IED_Menorah_306_37ed3,PUR_IED_Menorah_306_37ed3,,,,,
2026-09-12T04:41:07-05:00,PUR_IED_Menorah_Ext_3e155b,PUR_IED_Menorah_Ext_3e155b,,,,,
2026-09-12T04:41:07-05:00,PUR_IED_MinutoB.Aires_A11_1b1604,PUR_IED_MinutoB.Aires_A11_1b1604,,,,,
2026-09-12T04:41:07-05:00,PUR_IED_MinutoB.Aires_A12_fb5860,PUR_IED_MinutoB.Aires_A12_fb5860,,,,,
2026-09-12T04:41:07-05:00,PUR_IED_MinutoB.Aires_Ext_81293f,PUR_IED_MinutoB.Aires_Ext_81293f,,,,,
2026-09-12T04:41:07-05:00,PUR_IED_MinutoBAires_A11_1b1604,PUR_IED_MinutoBAires_A11_1b1604,,,,,
2026-09-12T04:41:07-05:00,PUR_IED_MinutoBAires_A12_fb5860,PUR_IED_MinutoBAires_A12_fb5860,,,,,
2026-09-12T04:41:07-05:00,PUR_IED_MinutoBAires_Ext_81293f,PUR_IED_MinutoBAires_Ext_81293f,,,,,
2026-09-12T04:41:07-05:00,PUR_IED_Montreal_Aula10_1e4959,PUR_IED_Montreal_Aula10_1e4959,,,,,
2026-09-12T04:41:07-05:00,PUR_IED_Montreal_Aula6_300367,PUR_IED_Montreal_Aula6_300367,,,,,
2026-09-12T04:41:07-05:00,PUR_IED_Montreal_Exterior_91a179,PUR_IED_Montreal_Exterior_91a179,,,,,
2026-09-12T04:41:07-05:00,PUR_IED_Mqgdalena_B202_5ddda3,PUR_IED_Mqgdalena_B202_5ddda3,,,,,
2026-09-12T04:41:07-05:00,PUR_IED_NACUND_Soc_dc8728,PUR_IED_NACUND_Soc_dc8728,,,,,
2026-09-12T04:41:07-05:00,PUR_IED_NACUND_ext_27ad97,PUR_IED_NACUND_ext_27ad97,,,,,
2026-09-12T04:41:07-05:00,PUR_IED_NEsperanza_Ext_d24b61,PUR_IED_NEsperanza_Ext_d24b61,,,,,
2026-09-12T04:41:07-05:00,PUR_IED_NEsperanza_SElect_7d1807,PUR_IED_NEsperanza_SElect_7d1807,,,,,
2026-09-12T04:41:07-05:00,PUR_IED_NEsperanza_SLabor_8b2d0a,PUR_IED_NEsperanza_SLabor_8b2d0a,,,,,
2026-09-12T04:41:07-05:00,PUR_IED_NacionesU_Ext_f661a9,PUR_IED_NacionesU_Ext_f661a9,,,,,
2026-09-12T04:41:07-05:00,PUR_IED_NacionesU_Quimica_66f0a,PUR_IED_NacionesU_Quimica_66f0a,,,,,
2026-09-12T04:41:07-05:00,PUR_IED_NacionesU_S306_1b4b3d,PUR_IED_NacionesU_S306_1b4b3d,,,,,
2026-09-12T04:41:07-05:00,PUR_IED_NestorFA_Ext_e4201c,PUR_IED_NestorFA_Ext_e4201c,,,,,
2026-09-12T04:41:07-05:00,PUR_IED_NestorFA_Laborato_f22fe0,PUR_IED_NestorFA_Laborato_f22fe0,,,,,
2026-09-12T04:41:07-05:00,PUR_IED_NestorFA_S204_dee996,PUR_IED_NestorFA_S204_dee996,,,,,
2026-09-12T04:41:07-05:00,PUR_IED_NidyaQT_Aula03_76999b,PUR_IED_NidyaQT_Aula03_76999b,,,,,
2026-09-12T04:41:07-05:00,PUR_IED_NidyaQT_Aula10_56325,PUR_IED_NidyaQT_Aula10_56325,,,,,
2026-09-12T04:41:07-05:00,PUR_IED_NidyaQT_Ext_46e32d,PUR_IED_NidyaQT_Ext_46e32d,,,,,
2026-09-12T04:41:07-05:00,PUR_IED_NuevaCol_Exterior_d9b859,PUR_IED_NuevaCol_Exterior_d9b859,,,,,
2026-09-12T04:41:07-05:00,PUR_IED_NuevaCol_S1101_76c43b,PUR_IED_NuevaCol_S1101_76c43b,,,,,
2026-09-12T04:41:07-05:00,PUR_IED_NuevaCol_S1102_1ce0b5,PUR_IED_NuevaCol_S1102_1ce0b5,,,,,
2026-09-12T04:41:07-05:00,PUR_IED_OEA_A202_f7e3f2,PUR_IED_OEA_A202_f7e3f2,,,,,
2026-09-12T04:41:07-05:00,PUR_IED_OEA_A203_7d1b8d,PUR_IED_OEA_A203_7d1b8d,,,,,
2026-09-12T04:41:07-05:00,PUR_IED_OEA_Ext_27b593,PUR_IED_OEA_Ext_27b593,,,,,
2026-09-12T04:41:07-05:00,PUR_IED_Ochoa_Ext_1c29da,PUR_IED_Ochoa_Ext_1c29da,,,,,
2026-09-12T04:41:07-05:00,PUR_IED_Ochoa_S205_8b1121,PUR_IED_Ochoa_S205_8b1121,,,,,
2026-09-12T04:41:07-05:00,PUR_IED_Ochoa_Sistemas_f33af6,PUR_IED_Ochoa_Sistemas_f33af6,,,,,
2026-09-12T04:41:07-05:00,PUR_IED_PQuebec_Ext_1c67c7,PUR_IED_PQuebec_Ext_1c67c7,,,,,
2026-09-12T04:41:07-05:00,PUR_IED_PQuebec_S15_23e8e2,PUR_IED_PQuebec_S15_23e8e2,,,,,
2026-09-12T04:41:07-05:00,PUR_IED_PQuebec_S16_8ec76b,PUR_IED_PQuebec_S16_8ec76b,,,,,
2026-09-12T04:41:07-05:00,PUR_IED_PabloN_Ext_49dc96,PUR_IED_PabloN_Ext_49dc96,,,,,
2026-09-12T04:41:07-05:00,PUR_IED_PabloN_S1102_4e3df5,PUR_IED_PabloN_S1102_4e3df5,,,,,
2026-09-12T04:41:07-05:00,PUR_IED_PabloN_S1103_50c94b,PUR_IED_PabloN_S1103_50c94b,,,,,
2026-09-12T04:41:07-05:00,PUR_IED_Palestina_S1101_db9198,PUR_IED_Palestina_S1101_db9198,,,,,
2026-09-12T04:41:07-05:00,PUR_IED_Palestina_S1102_dc54fa,PUR_IED_Palestina_S1102_dc54fa,,,,,
2026-09-12T04:41:07-05:00,PUR_IED_Palestina_ext_4ccce6,PUR_IED_Palestina_ext_4ccce6,,,,,
2026-09-12T04:41:07-05:00,PUR_IED_Panama_Fisica_4d0794,PUR_IED_Panama_Fisica_4d0794,,,,,
2026-09-12T04:41:07-05:00,PUR_IED_Panama_SIngles_a4077e,PUR_IED_Panama_SIngles_a4077e,,,,,
2026-09-12T04:41:07-05:00,PUR_IED_Panama_ext_4c54b4,PUR_IED_Panama_ext_4c54b4,,,,,
2026-09-12T04:41:07-05:00,PUR_IED_ParaisoM_Exterior_8cd7f0,PUR_IED_ParaisoM_Exterior_8cd7f0,,,,,
2026-09-12T04:41:07-05:00,PUR_IED_ParaisoM_Laborato_27af35,PUR_IED_ParaisoM_Laborato_27af35,,,,,
2026-09-12T04:41:07-05:00,PUR_IED_ParaisoM_S304_d1edca,PUR_IED_ParaisoM_S304_d1edca,,,,,
2026-09-12T04:41:07-05:00,PUR_IED_PorfirioBarba_Ext_301466,PUR_IED_PorfirioBarba_Ext_301466,,,,,
2026-09-12T04:41:07-05:00,PUR_IED_PorfirioBarba_S11_df6cd2,PUR_IED_PorfirioBarba_S11_df6cd2,,,,,
2026-09-12T04:41:07-05:00,PUR_IED_PorfirioBarba_S29_27a7d6,PUR_IED_PorfirioBarba_S29_27a7d6,,,,,
2026-09-12T04:41:07-05:00,PUR_IED_PradoV_Exter_8b27ad,PUR_IED_PradoV_Exter_8b27ad,,,,,
2026-09-12T04:41:07-05:00,PUR_IED_PradoV_S301_de65b5,PUR_IED_PradoV_S301_de65b5,,,,,
2026-09-12T04:41:07-05:00,PUR_IED_PradoV_S302_7d2593,PUR_IED_PradoV_S302_7d2593,,,,,
2026-09-12T04:41:07-05:00,PUR_IED_QuirogaAlz_Ext_1ddc82,PUR_IED_QuirogaAlz_Ext_1ddc82,,,,,
2026-09-12T04:41:07-05:00,PUR_IED_QuirogaAlz_S302_9926a3,PUR_IED_QuirogaAlz_S302_9926a3,,,,,
2026-09-12T04:41:07-05:00,PUR_IED_QuirogaAlz_S305_cdf1f1,PUR_IED_QuirogaAlz_S305_cdf1f1,,,,,
2026-09-12T04:41:07-05:00,PUR_IED_RGuatemala_Biling_dc53b7,PUR_IED_RGuatemala_Biling_dc53b7,,,,,
2026-09-12T04:41:07-05:00,PUR_IED_RGuatemala_Ext_1b89a3,PUR_IED_RGuatemala_Ext_1b89a3,,,,,
2026-09-12T04:41:07-05:00,PUR_IED_RGuatemala_Tecnol_281a34,PUR_IED_RGuatemala_Tecnol_281a34,,,,,
2026-09-12T04:41:07-05:00,PUR_IED_RafaNu_Ext_f7c302,PUR_IED_RafaNu_Ext_f7c302,,,,,
2026-09-12T04:41:07-05:00,PUR_IED_RafaNu_S1101_25fde,PUR_IED_RafaNu_S1101_25fde,,,,,
2026-09-12T04:41:07-05:00,PUR_IED_RafaNu_S1102_281517,PUR_IED_RafaNu_S1102_281517,,,,,
2026-09-12T04:41:07-05:00,PUR_IED_RafaelB_S305_ee2783,PUR_IED_RafaelB_S305_ee2783,,,,,
2026-09-12T04:41:07-05:00,PUR_IED_RafaelB_S306_75fe33,PUR_IED_RafaelB_S306_75fe33,,,,,
2026-09-12T04:41:07-05:00,PUR_IED_RafaelB_ext_283336,PUR_IED_RafaelB_ext_283336,3,17,63,4.6722,-74.0737
2026-09-12T04:41:07-05:00,PUR_IED_RafaelUU_Exterior_281a51,PUR_IED_RafaelUU_Exterior_281a51,,,,,
2026-09-12T04:41:07-05:00,PUR_IED_RafaelUU_Human_806b2,PUR_IED_RafaelUU_Human_806b2,,,,,
2026-09-12T04:41:07-05:00,PUR_IED_RafaelUU_Mate2_5680d4,PUR_IED_RafaelUU_Mate2_5680d4,,,,,
2026-09-12T04:41:07-05:00,PUR_IED_RamonSub_Ext_f9eeb9,PUR_IED_RamonSub_Ext_f9eeb9,,,,,
2026-09-12T04:41:07-05:00,PUR_IED_RamonSub_Media_d1f62f,PUR_IED_RamonSub_Media_d1f62f,,,,,
2026-09-12T04:41:07-05:00,PUR_IED_RamonSub_planta_51b82,PUR_IED_RamonSub_planta_51b82,,,,,
2026-09-12T04:41:07-05:00,PUR_IED_RepBoliVene_Exter_27af7c,PUR_IED_RepBoliVene_Exter_27af7c,,,,,
2026-09-12T04:41:07-05:00,PUR_IED_RepBoliVene_SCPT_5ae2ee,PUR_IED_RepBoliVene_SCPT_5ae2ee,,,,,
2026-09-12T04:41:07-05:00,PUR_IED_RepBoliVene_Socia_4b11d5,PUR_IED_RepBoliVene_Socia_4b11d5,,,,,
2026-09-12T04:41:07-05:00,PUR_IED_RepChina_Ext_76d9ee,PUR_IED_RepChina_Ext_76d9ee,,,,,
2026-09-12T04:41:07-05:00,PUR_IED_RepChina_S404_7c804c,PUR_IED_RepChina_S404_7c804c,,,,,
2026-09-12T04:41:07-05:00,PUR_IED_RepChina_S405_df2c33,PUR_IED_RepChina_S405_df2c33,,,,,
2026-09-12T04:41:07-05:00,PUR_IED_RepublicaC_Exteri_7d1ec9,PUR_IED_RepublicaC_Exteri_7d1ec9,,,,,
2026-09-12T04:41:07-05:00,PUR_IED_RepublicaC_S1101_f544b3,PUR_IED_RepublicaC_S1101_f544b3,,,,,
2026-09-12T04:41:07-05:00,PUR_IED_RepublicaC_S1102_7aafc7,PUR_IED_RepublicaC_S1102_7aafc7,,,,,
2026-09-12T04:41:07-05:00,PUR_IED_Ricaurte_Externo_a0ea1,PUR_IED_Ricaurte_Externo_a0ea1,,,,,
2026-09-12T04:41:07-05:00,PUR_IED_Ricaurte_S210_f546fd,PUR_IED_Ricaurte_S210_f546fd,,,,,
2026-09-12T04:41:07-05:00,PUR_IED_Ricaurte_S309_d4452,PUR_IED_Ricaurte_S309_d4452,,,,,
2026-09-12T04:41:07-05:00,PUR_IED_RogelioS_1102_531e69,PUR_IED_RogelioS_1102_531e69,,,,,
2026-09-12T04:41:07-05:00,PUR_IED_RogelioS_Ext_f25a18,PUR_IED_RogelioS_Ext_f25a18,,,,,
2026-09-12T04:41:07-05:00,PUR_IED_SBernardino_Ext_27aff8,PUR_IED_SBernardino_Ext_27aff8,,,,,
2026-09-12T04:41:07-05:00,PUR_IED_SBernardino_SArte_2ffd33,PUR_IED_SBernardino_SArte_2ffd33,,,,,
2026-09-12T04:41:07-05:00,PUR_IED_SBernardino_SIngl_7c7da5,PUR_IED_SBernardino_SIngl_7c7da5,,,,,
2026-09-12T04:41:07-05:00,PUR_IED_Sago_auditorio_dc9d1d,PUR_IED_Sago_auditorio_dc9d1d,,,,,
2026-09-12T04:41:07-05:00,PUR_IED_Saludcoop_Ext_95aac3,PUR_IED_Saludcoop_Ext_95aac3,,,,,
2026-09-12T04:41:07-05:00,PUR_IED_Saludcoop_InfI_90c854,PUR_IED_Saludcoop_InfI_90c854,,,,,
2026-09-12T04:41:07-05:00,PUR_IED_Saludcoop_SMedia_1b93be,PUR_IED_Saludcoop_SMedia_1b93be,,,,,
2026-09-12T04:41:07-05:00,PUR_IED_SanCarlos_1101_1a2360,PUR_IED_SanCarlos_1101_1a2360,,,,,
2026-09-12T04:41:07-05:00,PUR_IED_SanCarlos_1103_7bafb5,PUR_IED_SanCarlos_1103_7bafb5,,,,,
2026-09-12T04:41:07-05:00,PUR_IED_SanCarlos_Ext_b7cd1,PUR_IED_SanCarlos_Ext_b7cd1,,,,,
2026-09-12T04:41:07-05:00,PUR_IED_SanIgnacioBosa11a_50c26e,PUR_IED_SanIgnacioBosa11a_50c26e,,,,,
2026-09-12T04:41:07-05:00,PUR_IED_SanIgnacioBosa11b_371de8,PUR_IED_SanIgnacioBosa11b_371de8,,,,,
2026-09-12T04:41:07-05:00,PUR_IED_SanIgnacioBosaExt_ef0ffc,PUR_IED_SanIgnacioBosaExt_ef0ffc,,,,,
2026-09-12T04:41:07-05:00,PUR_IED_SanIgnacioBosa_11a_50c26e,PUR_IED_SanIgnacioBosa_11a_50c26e,,,,,
2026-09-12T04:41:07-05:00,PUR_IED_SanIgnacioBosa_Ext_ef0ffc,PUR_IED_SanIgnacioBosa_Ext_ef0ffc,,,,,
2026-09-12T04:41:07-05:00,PUR_IED_SanJoseN_intS1101_31c47f,PUR_IED_SanJoseN_intS1101_31c47f,,,,,
2026-09-12T04:41:07-05:00,PUR_IED_SanJoseUsm_Exter_f5d7e8,PUR_IED_SanJoseUsm_Exter_f5d7e8,,,,,
2026-09-12T04:41:07-05:00,PUR_IED_SanJoseUsm_Int11A_cfdef6,PUR_IED_SanJoseUsm_Int11A_cfdef6,,,,,
2026-09-12T04:41:07-05:00,PUR_IED_SilveriaR_IntB5_905349,PUR_IED_SilveriaR_IntB5_905349,,,,,
2026-09-12T04:41:07-05:00,PUR_IED_SilveriaR_IntSD14_981f93,PUR_IED_SilveriaR_IntSD14_981f93,,,,,
2026-09-12T04:41:07-05:00,PUR_IED_SilveriaR_ext_2b651d,PUR_IED_SilveriaR_ext_2b651d,,,,,
2026-09-12T04:41:07-05:00,PUR_IED_SimonB_Exterior_913975,PUR_IED_SimonB_Exterior_913975,,,,,
2026-09-12T04:41:07-05:00,PUR_IED_SimonB_LabQuimi_c56908,PUR_IED_SimonB_LabQuimi_c56908,,,,,
2026-09-12T04:41:07-05:00,PUR_IED_SimonB_informatic_a28c1,PUR_IED_SimonB_informatic_a28c1,,,,,
2026-09-12T04:41:07-05:00,PUR_IED_Sorrento_1102_315f50,PUR_IED_Sorrento_1102_315f50,,,,,
2026-09-12T04:41:07-05:00,PUR_IED_Sorrento_Minte_214eab,PUR_IED_Sorrento_Minte_214eab,,,,,
2026-09-12T04:41:07-05:00,PUR_IED_Sorrento_ext_7c3a0a,PUR_IED_Sorrento_ext_7c3a0a,,,,,
2026-09-12T04:41:07-05:00,PUR_IED_Tabora_Ext_f048ae,PUR_IED_Tabora_Ext_f048ae,,,,,
2026-09-12T04:41:07-05:00,PUR_IED_Tabora_S1102_b07752,PUR_IED_Tabora_S1102_b07752,,,,,
2026-09-12T04:41:07-05:00,PUR_IED_Tabora_S1103_d988f5,PUR_IED_Tabora_S1103_d988f5,,,,,
2026-09-12T04:41:07-05:00,PUR_IED_Tenerife_Ext_1ab188,PUR_IED_Tenerife_Ext_1ab188,,,,,
2026-09-12T04:41:07-05:00,PUR_IED_Tenerife_SDanzas_7bc02e,PUR_IED_Tenerife_SDanzas_7bc02e,,,,,
2026-09-12T04:41:07-05:00,PUR_IED_Tenerife_SIngles_7cc277,PUR_IED_Tenerife_SIngles_7cc277,,,,,
2026-09-12T04:41:07-05:00,PUR_IED_Tibabuyes_Exter_f2683d,PUR_IED_Tibabuyes_Exter_f2683d,,,,,
2026-09-12T04:41:07-05:00,PUR_IED_Tibabuyes_S10_dc87a8,PUR_IED_Tibabuyes_S10_dc87a8,,,,,
2026-09-12T04:41:07-05:00,PUR_IED_Tibabuyes_S15_dc0526,PUR_IED_Tibabuyes_S15_dc0526,,,,,
2026-09-12T04:41:07-05:00,PUR_IED_UnionE_S301_a1043,PUR_IED_UnionE_S301_a1043,,,,,
2026-09-12T04:41:07-05:00,PUR_IED_UnionE_S307_ff6c2f,PUR_IED_UnionE_S307_ff6c2f,,,,,
2026-09-12T04:41:07-05:00,PUR_IED_UnionE__Ext_5e2468,PUR_IED_UnionE__Ext_5e2468,,,,,
2026-09-12T04:41:07-05:00,PUR_IED_VillaRica_Ext_75be7c,PUR_IED_VillaRica_Ext_75be7c,,,,,
2026-09-12T04:41:07-05:00,PUR_IED_VillaRica_S4_cc5dcd,PUR_IED_VillaRica_S4_cc5dcd,,,,,
2026-09-12T04:41:07-05:00,PUR_IED_VillaRica_Sesp_99f5c,PUR_IED_VillaRica_Sesp_99f5c,,,,,
2026-09-12T04:46:05-05:00,PUR_IED_20deJulio_1101_91b1b9,PUR_IED_20deJulio_1101_91b1b9,,,,,
2026-09-12T04:46:05-05:00,PUR_IED_20deJulio_1102_1cfcf9,PUR_IED_20deJulio_1102_1cfcf9,,,,,
2026-09-12T04:46:05-05:00,PUR_IED_20deJulio_Ext_ab60bd,PUR_IED_20deJulio_Ext_ab60bd,,,,,
2026-09-12T04:46:05-05:00,PUR_IED_AgustinFer_Ext_7b9b77,PUR_IED_AgustinFer_Ext_7b9b77,,,,,
2026-09-12T04:46:05-05:00,PUR_IED_AgustinFer_Info2_27b3a7,PUR_IED_AgustinFer_Info2_27b3a7,,,,,
2026-09-12T04:46:05-05:00,PUR_IED_AgustinFer_Sena_54b4eb,PUR_IED_AgustinFer_Sena_54b4eb,,,,,
2026-09-12T04:46:05-05:00,PUR_IED_AlexanderF_1102_caf07b,PUR_IED_AlexanderF_1102_caf07b,,,,,
2026-09-12T04:46:05-05:00,PUR_IED_AlexanderF_1103_c79e71,PUR_IED_AlexanderF_1103_c79e71,,,,,
2026-09-12T04:46:05-05:00,PUR_IED_AlexanderF_Ext_c5b18b,PUR_IED_AlexanderF_Ext_c5b18b,,,,,
2026-09-12T04:46:05-05:00,PUR_IED_AlfonsoLopez_Ext_281d77,PUR_IED_AlfonsoLopez_Ext_281d77,,,,,
2026-09-12T04:46:05-05:00,PUR_IED_AlfonsoLopez_LabF_888ce0,PUR_IED_AlfonsoLopez_LabF_888ce0,,,,,
2026-09-12T04:46:05-05:00,PUR_IED_AlfonsoLopez_SMed_df6a7f,PUR_IED_AlfonsoLopez_SMed_df6a7f,,,,,
2026-09-12T04:46:05-05:00,PUR_IED_AltamiraSO_A2_209f92,PUR_IED_AltamiraSO_A2_209f92,,,,,
2026-09-12T04:46:05-05:00,PUR_IED_AltamiraSO_Ext_186d66,PUR_IED_AltamiraSO_Ext_186d66,,,,,
2026-09-12T04:46:05-05:00,PUR_IED_AltamiraSO_Sistem_27afe1,PUR_IED_AltamiraSO_Sistem_27afe1,,,,,
2026-09-12T04:46:05-05:00,PUR_IED_AlvaroGom_LabQuim_813179,PUR_IED_AlvaroGom_LabQuim_813179,,,,,
2026-09-12T04:46:05-05:00,PUR_IED_AlvaroGomez_Ext_47c7ca,PUR_IED_AlvaroGomez_Ext_47c7ca,,,,,
2026-09-12T04:46:05-05:00,PUR_IED_AlvaroGomez_LabQuim_813179,PUR_IED_AlvaroGomez_LabQuim_813179,,,,,
2026-09-12T04:46:05-05:00,PUR_IED_AlvaroGomez_S23_7ba89f,PUR_IED_AlvaroGomez_S23_7ba89f,,,,,
2026-09-12T04:46:05-05:00,PUR_IED_Amistad_306_dc8728,PUR_IED_Amistad_306_dc8728,,,,,
2026-09-12T04:46:05-05:00,PUR_IED_Amistad_Ext_8cd55e,PUR_IED_Amistad_Ext_8cd55e,,,,,
2026-09-12T04:46:05-05:00,PUR_IED_Amistad_S202_a41169,PUR_IED_Amistad_S202_a41169,,,,,
2026-09-12T04:46:05-05:00,PUR_IED_AndresBello_Bio_fd5f5e,PUR_IED_AndresBello_Bio_fd5f5e,,,,,
2026-09-12T04:46:05-05:00,PUR_IED_AndresBello_ext_dcad65,PUR_IED_AndresBello_ext_dcad65,,,,,
2026-09-12T04:46:05-05:00,PUR_IED_AndresBello_port_eed3ec,PUR_IED_AndresBello_port_eed3ec,,,,,
2026-09-12T04:46:05-05:00,PUR_IED_AngelaR_11b_d90a6b,PUR_IED_AngelaR_11b_d90a6b,,,,,
2026-09-12T04:46:05-05:00,PUR_IED_AngelaR_ext_7cad3e,PUR_IED_AngelaR_ext_7cad3e,9,19,61,4.5825,-74.164497
2026-09-12T04:46:05-05:00,PUR_IED_AntJoseSucre_10mo_df2575,PUR_IED_AntJoseSucre_10mo_df2575,,,,,
2026-09-12T04:46:05-05:00,PUR_IED_AntJoseSucre_Ext_215b36,PUR_IED_AntJoseSucre_Ext_215b36,,,,,
2026-09-12T04:46:05-05:00,PUR_IED_AntJoseSucre_Lab_3139de,PUR_IED_AntJoseSucre_Lab_3139de,,,,,
2026-09-12T04:46:05-05:00,PUR_IED_AntonioGarcia_301_d6b188,PUR_IED_AntonioGarcia_301_d6b188,,,,,
2026-09-12T04:46:05-05:00,PUR_IED_AntonioGarcia_302_88a82,PUR_IED_AntonioGarcia_302_88a82,,,,,
2026-09-12T04:46:05-05:00,PUR_IED_AntonioGarcia_Ext_20950c,PUR_IED_AntonioGarcia_Ext_20950c,,,,,
2026-09-12T04:46:05-05:00,PUR_IED_AntonioVan_Aula2_6dea02,PUR_IED_AntonioVan_Aula2_6dea02,,,,,
2026-09-12T04:46:05-05:00,PUR_IED_AntonioVan_Aula5_f1557e,PUR_IED_AntonioVan_Aula5_f1557e,,,,,
2026-09-12T04:46:05-05:00,PUR_IED_AntonioVan_Ext_406f2f,PUR_IED_AntonioVan_Ext_406f2f,,,,,
2026-09-12T04:46:05-05:00,PUR_IED_Atabanzha_Ext_cc5af9,PUR_IED_Atabanzha_Ext_cc5af9,,,,,
2026-09-12T04:46:05-05:00,PUR_IED_Atabanzha_SA101_56c37,PUR_IED_Atabanzha_SA101_56c37,,,,,
2026-09-12T04:46:05-05:00,PUR_IED_Atabanzha_SB302_27b374,PUR_IED_Atabanzha_SB302_27b374,,,,,
2026-09-12T04:46:05-05:00,PUR_IED_Atahualpa_Ext_fc1748,PUR_IED_Atahualpa_Ext_fc1748,,,,,
2026-09-12T04:46:05-05:00,PUR_IED_Atahualpa_Informa_dc9a95,PUR_IED_Atahualpa_Informa_dc9a95,,,,,
2026-09-12T04:46:05-05:00,PUR_IED_Atahualpa_S1101_f98056,PUR_IED_Atahualpa_S1101_f98056,,,,,
2026-09-12T04:46:05-05:00,PUR_IED_Bellavista_Ext_f5aa74,PUR_IED_Bellavista_Ext_f5aa74,,,,,
2026-09-12T04:46:05-05:00,PUR_IED_Bilbao_11A_916c41,PUR_IED_Bilbao_11A_916c41,,,,,
2026-09-12T04:46:05-05:00,PUR_IED_Bilbao_Ext_fb579a,PUR_IED_Bilbao_Ext_fb579a,,,,,
2026-09-12T04:46:05-05:00,PUR_IED_BrasiliaU_A125_304280,PUR_IED_BrasiliaU_A125_304280,,,,,
2026-09-12T04:46:05-05:00,PUR_IED_BrasiliaU_A203_7c8ca5,PUR_IED_BrasiliaU_A203_7c8ca5,,,,,
2026-09-12T04:46:05-05:00,PUR_IED_BrasiliaU_Ext_8d6e9f,PUR_IED_BrasiliaU_Ext_8d6e9f,5,16,67,4.5175,-74.116302
2026-09-12T04:46:05-05:00,PUR_IED_Brasilia_Ext_fe6593,PUR_IED_Brasilia_Ext_fe6593,,,,,
2026-09-12T04:46:05-05:00,PUR_IED_Brasilia_S24_7c130d,PUR_IED_Brasilia_S24_7c130d,,,,,
2026-09-12T04:46:05-05:00,PUR_IED_Brasilia_S501_186a54,PUR_IED_Brasilia_S501_186a54,,,,,
2026-09-12T04:46:05-05:00,PUR_IED_CHARRY_EXT_f1d5cd,PUR_IED_CHARRY_EXT_f1d5cd,,,,,
2026-09-12T04:46:05-05:00,PUR_IED_CHARRY_INTDANZAS_7a08e6,PUR_IED_CHARRY_INTDANZAS_7a08e6,,,,,
2026-09-12T04:46:05-05:00,PUR_IED_CHARRY_INT_AULA20_dc998d,PUR_IED_CHARRY_INT_AULA20_dc998d,,,,,
2026-09-12T04:46:05-05:00,PUR_IED_COLVIV_1101_S25_7f520a,PUR_IED_COLVIV_1101_S25_7f520a,,,,,
2026-09-12T04:46:05-05:00,PUR_IED_COLVIV_1102_S16_f570ba,PUR_IED_COLVIV_1102_S16_f570ba,,,,,
2026-09-12T04:46:05-05:00,PUR_IED_COLVIV_Ext_1a26fa,PUR_IED_COLVIV_Ext_1a26fa,,,,,
2026-09-12T04:46:05-05:00,PUR_IED_CULPOP_301A_f660f3,PUR_IED_CULPOP_301A_f660f3,,,,,
2026-09-12T04:46:05-05:00,PUR_IED_CULPOP_303_568afe,PUR_IED_CULPOP_303_568afe,,,,,
2026-09-12T04:46:05-05:00,PUR_IED_CULPOP_Ext_e02ccb,PUR_IED_CULPOP_Ext_e02ccb,,,,,
2026-09-12T04:46:05-05:00,PUR_IED_CVillavicen_Ext_26eb58,PUR_IED_CVillavicen_Ext_26eb58,7,14,82,4.487,-74.102798
2026-09-12T04:46:05-05:00,PUR_IED_CVillavicen_Intel_1ce5c2,PUR_IED_CVillavicen_Intel_1ce5c2,,,,,
2026-09-12T04:46:05-05:00,PUR_IED_CVillavicen_Poliv_e0766c,PUR_IED_CVillavicen_Poliv_e0766c,,,,,
2026-09-12T04:46:05-05:00,PUR_IED_CVillavicen_int_1ba140,PUR_IED_CVillavicen_int_1ba140,,,,,
2026-09-12T04:46:05-05:00,PUR_IED_CVillavicen_intel_1ba140,PUR_IED_CVillavicen_intel_1ba140,,,,,
2026-09-12T04:46:05-05:00,PUR_IED_CarlosPizarro_Ext_e307cc,PUR_IED_CarlosPizarro_Ext_e307cc,,,,,
2026-09-12T04:46:05-05:00,PUR_IED_CarlosPizarro_L36_7e5cdb,PUR_IED_CarlosPizarro_L36_7e5cdb,,,,,
2026-09-12T04:46:05-05:00,PUR_IED_CarlosPizarro_L37_c8566c,PUR_IED_CarlosPizarro_L37_c8566c,,,,,
2026-09-12T04:46:05-05:00,PUR_IED_Castilla_Ext_cf35f,PUR_IED_Castilla_Ext_cf35f,,,,,
2026-09-12T04:46:05-05:00,PUR_IED_Castilla_SFisik_360e38,PUR_IED_Castilla_SFisik_360e38,,,,,
2026-09-12T04:46:05-05:00,PUR_IED_Castilla_Sc304_496fbf,PUR_IED_Castilla_Sc304_496fbf,,,,,
2026-09-12T04:46:05-05:00,PUR_IED_CervantesSa_Ext_6b57b,PUR_IED_CervantesSa_Ext_6b57b,3,16,73,4.5128,-74.117203
2026-09-12T04:46:05-05:00,PUR_IED_CervantesSa_S107_225c2b,PUR_IED_CervantesSa_S107_225c2b,,,,,
2026-09-12T04:46:05-05:00,PUR_IED_CervantesSa_S108_940925,PUR_IED_CervantesSa_S108_940925,,,,,
2026-09-12T04:46:05-05:00,PUR_IED_Charry_A20_f53e7c,PUR_IED_Charry_A20_f53e7c,,,,,
2026-09-12T04:46:05-05:00,PUR_IED_Charry_Ext_f1d5cd,PUR_IED_Charry_Ext_f1d5cd,,,,,
2026-09-12T04:46:05-05:00,PUR_IED_Charry_IntAula20_dc998d,PUR_IED_Charry_IntAula20_dc998d,,,,,
2026-09-12T04:46:05-05:00,PUR_IED_Charry_IntDanzas_7a08e6,PUR_IED_Charry_IntDanzas_7a08e6,,,,,
2026-09-12T04:46:05-05:00,PUR_IED_ClememciaC_203_43e2fc,PUR_IED_ClememciaC_203_43e2fc,,,,,
2026-09-12T04:46:05-05:00,PUR_IED_ClememciaC_Ext_1b411a,PUR_IED_ClememciaC_Ext_1b411a,,,,,
2026-09-12T04:46:05-05:00,PUR_IED_ClememciaC_Quimic_44b5fc,PUR_IED_ClememciaC_Quimic_44b5fc,,,,,
2026-09-12T04:46:05-05:00,PUR_IED_ClemenciaC_203_43e2fc,PUR_IED_ClemenciaC_203_43e2fc,,,,,
2026-09-12T04:46:05-05:00,PUR_IED_ClemenciaC_Ext_1b411a,PUR_IED_ClemenciaC_Ext_1b411a,,,,,
2026-09-12T04:46:05-05:00,PUR_IED_ClemenciaC_Quimic_44b5fc,PUR_IED_ClemenciaC_Quimic_44b5fc,,,,,
2026-09-12T04:46:05-05:00,PUR_IED_ColViva_1101_S25_7f520a,PUR_IED_ColViva_1101_S25_7f520a,,,,,
2026-09-12T04:46:05-05:00,PUR_IED_ColViva_1102_S16_f570ba,PUR_IED_ColViva_1102_S16_f570ba,,,,,
2026-09-12T04:46:05-05:00,PUR_IED_ColViva_Ext_1a26fa,PUR_IED_ColViva_Ext_1a26fa,,,,,
2026-09-12T04:46:05-05:00,PUR_IED_ColegioBici_Asist_7c8798,PUR_IED_ColegioBici_Asist_7c8798,,,,,
2026-09-12T04:46:05-05:00,PUR_IED_ColegioBici_Ext_25cbf6,PUR_IED_ColegioBici_Ext_25cbf6,,,,,
2026-09-12T04:46:05-05:00,PUR_IED_ColegioBici_LabQ_7b57db,PUR_IED_ColegioBici_LabQ_7b57db,,,,,
2026-09-12T04:46:05-05:00,PUR_IED_CostaRica_Ext_5e640,PUR_IED_CostaRica_Ext_5e640,,,,,
2026-09-12T04:46:05-05:00,PUR_IED_CostaRica_Quim1_766d1c,PUR_IED_CostaRica_Quim1_766d1c,,,,,
2026-09-12T04:46:05-05:00,PUR_IED_CostaRica__Fisica_6f0873,PUR_IED_CostaRica__Fisica_6f0873,,,,,
2026-09-12T04:46:05-05:00,PUR_IED_CulPopu_301A_f660f3,PUR_IED_CulPopu_301A_f660f3,,,,,
2026-09-12T04:46:05-05:00,PUR_IED_CulPopu_303_568afe,PUR_IED_CulPopu_303_568afe,,,,,
2026-09-12T04:46:05-05:00,PUR_IED_CulPopu_Ext_e02ccb,PUR_IED_CulPopu_Ext_e02ccb,,,,,
2026-09-12T04:46:05-05:00,PUR_IED_Cundinamarca_Ext_f15985,PUR_IED_Cundinamarca_Ext_f15985,,,,,
2026-09-12T04:46:05-05:00,PUR_IED_Cundinamarca_Info_7aa5d7,PUR_IED_Cundinamarca_Info_7aa5d7,,,,,
2026-09-12T04:46:05-05:00,PUR_IED_Cundinamarca_Tec2_f449c7,PUR_IED_Cundinamarca_Tec2_f449c7,,,,,
2026-09-12T04:46:05-05:00,PUR_IED_DiegoM_Aula1_27b314,PUR_IED_DiegoM_Aula1_27b314,,,,,
2026-09-12T04:46:05-05:00,PUR_IED_DiegoM_Ext_d80ac8,PUR_IED_DiegoM_Ext_d80ac8,,,,,
2026-09-12T04:46:05-05:00,PUR_IED_DiegoM_S25_da928f,PUR_IED_DiegoM_S25_da928f,,,,,
2026-09-12T04:46:05-05:00,PUR_IED_ELRODEO_360881,PUR_IED_ELRODEO_360881,,,,,
2026-09-12T04:46:05-05:00,PUR_IED_ELRODEO_ext_360881,PUR_IED_ELRODEO_ext_360881,,,,,
2026-09-12T04:46:05-05:00,PUR_IED_EduardoU_Ext_1c1969,PUR_IED_EduardoU_Ext_1c1969,,,,,
2026-09-12T04:46:05-05:00,PUR_IED_EduardoU_SCiencia_4dfb94,PUR_IED_EduardoU_SCiencia_4dfb94,,,,,
2026-09-12T04:46:05-05:00,PUR_IED_EduardoU_SQuimica_5a46e7,PUR_IED_EduardoU_SQuimica_5a46e7,,,,,
2026-09-12T04:46:05-05:00,PUR_IED_ElRodeo_Aula14_676984,PUR_IED_ElRodeo_Aula14_676984,,,,,
2026-09-12T04:46:05-05:00,PUR_IED_ElRodeo_Aula16_2dd35b,PUR_IED_ElRodeo_Aula16_2dd35b,,,,,
2026-09-12T04:46:05-05:00,PUR_IED_ElRodeo_Ext_360881,PUR_IED_ElRodeo_Ext_360881,,,,,
2026-09-12T04:46:05-05:00,PUR_IED_ElRodeo_Exterior_8c6d28,PUR_IED_ElRodeo_Exterior_8c6d28,,,,,
2026-09-12T04:46:05-05:00,PUR_IED_ElRodeo_ext_360881,PUR_IED_ElRodeo_ext_360881,,,,,
2026-09-12T04:46:05-05:00,PUR_IED_EmmaReyes_Ext_987625,PUR_IED_EmmaReyes_Ext_987625,10,21,53,4.6367,-74.1511
2026-09-12T04:46:05-05:00,PUR_IED_Ensueño_Ext_7f0250,PUR_IED_Ensueño_Ext_7f0250,,,,,
2026-09-12T04:46:05-05:00,PUR_IED_EscNormal_Ext_5fef3b,PUR_IED_EscNormal_Ext_5fef3b,2,17,63,4.5852,-74.096901
2026-09-12T04:46:05-05:00,PUR_IED_EscNormal_S309_5b263,PUR_IED_EscNormal_S309_5b263,,,,,
2026-09-12T04:46:05-05:00,PUR_IED_EscNormal_S310_27b3b8,PUR_IED_EscNormal_S310_27b3b8,,,,,
2026-09-12T04:46:05-05:00,PUR_IED_Evangelista_Conta_f6cd4f,PUR_IED_Evangelista_Conta_f6cd4f,,,,,
2026-09-12T04:46:05-05:00,PUR_IED_Evangelista_Cri_5e16a,PUR_IED_Evangelista_Cri_5e16a,,,,,
2026-09-12T04:46:05-05:00,PUR_IED_Evangelista_Exter_754066,PUR_IED_Evangelista_Exter_754066,,,,,
2026-09-12T04:46:05-05:00,PUR_IED_FMiranda_S209_5cc2a3,PUR_IED_FMiranda_S209_5cc2a3,,,,,
2026-09-12T04:46:05-05:00,PUR_IED_FMiranda_S303_19e344,PUR_IED_FMiranda_S303_19e344,,,,,
2026-09-12T04:46:05-05:00,PUR_IED_FMiranda_ext_f53e7c,PUR_IED_FMiranda_ext_f53e7c,,,,,
2026-09-12T04:46:05-05:00,PUR_IED_FabioLozano_Bibli_1cee05,PUR_IED_FabioLozano_Bibli_1cee05,,,,,
2026-09-12T04:46:05-05:00,PUR_IED_FabioLozano_Ext_6ea285,PUR_IED_FabioLozano_Ext_6ea285,,,,,
2026-09-12T04:46:05-05:00,PUR_IED_FabioLozano_SLudi_f09e1e,PUR_IED_FabioLozano_SLudi_f09e1e,,,,,
2026-09-12T04:46:05-05:00,PUR_IED_FaustinoS_Aula07_27a731,PUR_IED_FaustinoS_Aula07_27a731,,,,,
2026-09-12T04:46:05-05:00,PUR_IED_FaustinoS_Ext_7b936f,PUR_IED_FaustinoS_Ext_7b936f,,,,,
2026-09-12T04:46:05-05:00,PUR_IED_FaustinoS_Fisica_da2c60,PUR_IED_FaustinoS_Fisica_da2c60,,,,,
2026-09-12T04:46:05-05:00,PUR_IED_FeGarciaLo_Ext_dc68ee,PUR_IED_FeGarciaLo_Ext_dc68ee,,,,,
2026-09-12T04:46:05-05:00,PUR_IED_FeGarciaLo_SDanza_f70a59,PUR_IED_FeGarciaLo_SDanza_f70a59,,,,,
2026-09-12T04:46:05-05:00,PUR_IED_FeGarciaLo_SMusic_125cdd,PUR_IED_FeGarciaLo_SMusic_125cdd,,,,,
2026-09-12T04:46:05-05:00,PUR_IED_FederalAlema_Exte_50c345,PUR_IED_FederalAlema_Exte_50c345,,,,,
2026-09-12T04:46:05-05:00,PUR_IED_FederalAlema_S31_f18371,PUR_IED_FederalAlema_S31_f18371,,,,,
2026-09-12T04:46:05-05:00,PUR_IED_FederalAlema_S901_a62cd,PUR_IED_FederalAlema_S901_a62cd,,,,,
2026-09-12T04:46:05-05:00,PUR_IED_FilarmonicaS_A5_f35eb1,PUR_IED_FilarmonicaS_A5_f35eb1,,,,,
2026-09-12T04:46:05-05:00,PUR_IED_FilarmonicaS_Ext_8a3bde,PUR_IED_FilarmonicaS_Ext_8a3bde,,,,,
2026-09-12T04:46:05-05:00,PUR_IED_FilarmonicaS_Spol_406114,PUR_IED_FilarmonicaS_Spol_406114,,,,,
2026-09-12T04:46:05-05:00,PUR_IED_FlorentinoG_A13_d1fa59,PUR_IED_FlorentinoG_A13_d1fa59,,,,,
2026-09-12T04:46:05-05:00,PUR_IED_FlorentinoG_Ext_1ce6ce,PUR_IED_FlorentinoG_Ext_1ce6ce,,,,,
2026-09-12T04:46:05-05:00,PUR_IED_FlorentinoG_Idiom_a66aac,PUR_IED_FlorentinoG_Idiom_a66aac,,,,,
2026-09-12T04:46:05-05:00,PUR_IED_FranciscoMati_Ext_e3869d,PUR_IED_FranciscoMati_Ext_e3869d,,,,,
2026-09-12T04:46:05-05:00,PUR_IED_FranciscoMati_S13_f31c67,PUR_IED_FranciscoMati_S13_f31c67,,,,,
2026-09-12T04:46:05-05:00,PUR_IED_FranciscoMati_S14_97dead,PUR_IED_FranciscoMati_S14_97dead,,,,,
2026-09-12T04:46:05-05:00,PUR_IED_FranciscoPS_Ext_7bfa9a,PUR_IED_FranciscoPS_Ext_7bfa9a,2,19,60,4.5899,-74.110397
2026-09-12T04:46:05-05:00,PUR_IED_FranciscoPS_Infor_fb8f4c,PUR_IED_FranciscoPS_Infor_fb8f4c,,,,,
2026-09-12T04:46:05-05:00,PUR_IED_FranciscoPS_Quimi_94d39c,PUR_IED_FranciscoPS_Quimi_94d39c,,,,,
2026-09-12T04:46:05-05:00,PUR_IED_FranciscoP_LabQ_d7e148,PUR_IED_FranciscoP_LabQ_d7e148,,,,,
2026-09-12T04:46:05-05:00,PUR_IED_FranciscoP_S28_cf9b30,PUR_IED_FranciscoP_S28_cf9b30,,,,,
2026-09-12T04:46:05-05:00,PUR_IED_FranciscoP_ext_e2313,PUR_IED_FranciscoP_ext_e2313,,,,,
2026-09-12T04:46:05-05:00,PUR_IED_FriederichN_Ext_8ac92a,PUR_IED_FriederichN_Ext_8ac92a,,,,,
2026-09-12T04:46:05-05:00,PUR_IED_FriederichN_S301_dd7e5a,PUR_IED_FriederichN_S301_dd7e5a,,,,,
2026-09-12T04:46:05-05:00,PUR_IED_FriederichN_S308_761f4f,PUR_IED_FriederichN_S308_761f4f,,,,,
2026-09-12T04:46:05-05:00,PUR_IED_GSantander_Aula10_533dd7,PUR_IED_GSantander_Aula10_533dd7,,,,,
2026-09-12T04:46:05-05:00,PUR_IED_GSantander_Aula12_fd4e4f,PUR_IED_GSantander_Aula12_fd4e4f,,,,,
2026-09-12T04:46:05-05:00,PUR_IED_GSantander_Aula310_533dd7,PUR_IED_GSantander_Aula310_533dd7,,,,,
2026-09-12T04:46:05-05:00,PUR_IED_GSantander_Aula312_fd4e4f,PUR_IED_GSantander_Aula312_fd4e4f,,,,,
2026-09-12T04:46:05-05:00,PUR_IED_GSantander_Ext_5f66b0,PUR_IED_GSantander_Ext_5f66b0,,,,,
2026-09-12T04:46:05-05:00,PUR_IED_GYomasa_Ext_f6bea5,PUR_IED_GYomasa_Ext_f6bea5,,,,,
2026-09-12T04:46:05-05:00,PUR_IED_GYomasa_LBiol_2c41aa,PUR_IED_GYomasa_LBiol_2c41aa,,,,,
2026-09-12T04:46:05-05:00,PUR_IED_GYomasa_LQuim_33c80,PUR_IED_GYomasa_LQuim_33c80,,,,,
2026-09-12T04:46:05-05:00,PUR_IED_GabBetMejia_Cienc_5a99c,PUR_IED_GabBetMejia_Cienc_5a99c,,,,,
2026-09-12T04:46:05-05:00,PUR_IED_GabBetMejia_Ext_9153d0,PUR_IED_GabBetMejia_Ext_9153d0,,,,,
2026-09-12T04:46:05-05:00,PUR_IED_GabBetMejia_Lab_f55347,PUR_IED_GabBetMejia_Lab_f55347,,,,,
2026-09-12T04:46:05-05:00,PUR_IED_GabBetanMejia_Ext_9153d0,PUR_IED_GabBetanMejia_Ext_9153d0,,,,,
2026-09-12T04:46:05-05:00,PUR_IED_Gaitana_Aula13_7aac11,PUR_IED_Gaitana_Aula13_7aac11,,,,,
2026-09-12T04:46:05-05:00,PUR_IED_Gaitana_Ext_5fcf4,PUR_IED_Gaitana_Ext_5fcf4,,,,,
2026-09-12T04:46:05-05:00,PUR_IED_Gaitana_LabFisica_644448,PUR_IED_Gaitana_LabFisica_644448,,,,,
2026-09-12T04:46:05-05:00,PUR_IED_GenSantander_Dise_8ac858,PUR_IED_GenSantander_Dise_8ac858,,,,,
2026-09-12T04:46:05-05:00,PUR_IED_GenSantander_Ext_8d5dfe,PUR_IED_GenSantander_Ext_8d5dfe,,,,,
2026-09-12T04:46:05-05:00,PUR_IED_GenSantander_Info_6c25b,PUR_IED_GenSantander_Info_6c25b,,,,,
2026-09-12T04:46:05-05:00,PUR_IED_GustavoMo_Exterio_75e63d,PUR_IED_GustavoMo_Exterio_75e63d,,,,,
2026-09-12T04:46:05-05:00,PUR_IED_GustavoMo_LabFisi_224d37,PUR_IED_GustavoMo_LabFisi_224d37,,,,,
2026-09-12T04:46:05-05:00,PUR_IED_GustavoMo_S208_3e6918,PUR_IED_GustavoMo_S208_3e6918,,,,,
2026-09-12T04:46:05-05:00,PUR_IED_GustavoR_A02_8cd4a8,PUR_IED_GustavoR_A02_8cd4a8,,,,,
2026-09-12T04:46:05-05:00,PUR_IED_GustavoR_B11_5b0ed,PUR_IED_GustavoR_B11_5b0ed,,,,,
2026-09-12T04:46:05-05:00,PUR_IED_GustavoR_Ext_7a0c90,PUR_IED_GustavoR_Ext_7a0c90,,,,,
2026-09-12T04:46:05-05:00,PUR_IED_HernandoDuran_Ext_8cd82b,PUR_IED_HernandoDuran_Ext_8cd82b,,,,,
2026-09-12T04:46:05-05:00,PUR_IED_HernandoDuran_S24_2772c6,PUR_IED_HernandoDuran_S24_2772c6,,,,,
2026-09-12T04:46:05-05:00,PUR_IED_HernandoDuran_S30_f2de41,PUR_IED_HernandoDuran_S30_f2de41,,,,,
2026-09-12T04:46:05-05:00,PUR_IED_HolguInUr_S1101_8cd732,PUR_IED_HolguInUr_S1101_8cd732,,,,,
2026-09-12T04:46:05-05:00,PUR_IED_HolguinUr_Exter_ddae6d,PUR_IED_HolguinUr_Exter_ddae6d,,,,,
2026-09-12T04:46:05-05:00,PUR_IED_HolguinUr_LabQuim_92b952,PUR_IED_HolguinUr_LabQuim_92b952,,,,,
2026-09-12T04:46:05-05:00,PUR_IED_Isabel-II_Ext_5245cc,PUR_IED_Isabel-II_Ext_5245cc,10,18,61,4.6336,-74.153
2026-09-12T04:46:05-05:00,PUR_IED_Isabel-II_S_idiom_1c29aa,PUR_IED_Isabel-II_S_idiom_1c29aa,,,,,
2026-09-12T04:46:05-05:00,PUR_IED_Isabel-II_S_infor_fd741,PUR_IED_Isabel-II_S_infor_fd741,,,,,
2026-09-12T04:46:05-05:00,PUR_IED_IsidroSur_Exterio_5b90ea,PUR_IED_IsidroSur_Exterio_5b90ea,,,,,
2026-09-12T04:46:05-05:00,PUR_IED_IsidroSur_LabTec_56697a,PUR_IED_IsidroSur_LabTec_56697a,,,,,
2026-09-12T04:46:05-05:00,PUR_IED_IsidroSur_Robotic_b7c38f,PUR_IED_IsidroSur_Robotic_b7c38f,,,,,
2026-09-12T04:46:05-05:00,PUR_IED_IsmaelPerd_Ext_7b6672,PUR_IED_IsmaelPerd_Ext_7b6672,,,,,
2026-09-12T04:46:05-05:00,PUR_IED_IsmaelPerd_Inform_306540,PUR_IED_IsmaelPerd_Inform_306540,,,,,
2026-09-12T04:46:05-05:00,PUR_IED_IsmaelPerd_S30_2e2c83,PUR_IED_IsmaelPerd_S30_2e2c83,,,,,
2026-09-12T04:46:05-05:00,PUR_IED_JLozano_Exter_432910,PUR_IED_JLozano_Exter_432910,,,,,
2026-09-12T04:46:05-05:00,PUR_IED_JLozano_salaMulti_df5125,PUR_IED_JLozano_salaMulti_df5125,,,,,
2026-09-12T04:46:05-05:00,PUR_IED_JMCordoba_206_86f80b,PUR_IED_JMCordoba_206_86f80b,,,,,
2026-09-12T04:46:05-05:00,PUR_IED_JMCordoba_Ext_27ad97,PUR_IED_JMCordoba_Ext_27ad97,,,,,
2026-09-12T04:46:05-05:00,PUR_IED_JMCordoba_S310_d59ab4,PUR_IED_JMCordoba_S310_d59ab4,,,,,
2026-09-12T04:46:05-05:00,PUR_IED_Japon_Ext_549100,PUR_IED_Japon_Ext_549100,,,,,
2026-09-12T04:46:05-05:00,PUR_IED_Japon_Laboratorio_bec51d,PUR_IED_Japon_Laboratorio_bec51d,,,,,
2026-09-12T04:46:05-05:00,PUR_IED_Japon_informatica_d99327,PUR_IED_Japon_informatica_d99327,,,,,
2026-09-12T04:46:05-05:00,PUR_IED_Jazmin_Ext_d27bda,PUR_IED_Jazmin_Ext_d27bda,,,,,
2026-09-12T04:46:05-05:00,PUR_IED_Jazmin_Fisica_8d14d7,PUR_IED_Jazmin_Fisica_8d14d7,,,,,
2026-09-12T04:46:05-05:00,PUR_IED_Jazmin_Quimica_801cb5,PUR_IED_Jazmin_Quimica_801cb5,,,,,
2026-09-12T04:46:05-05:00,PUR_IED_JorgeGaitan_Exter_f098d1,PUR_IED_JorgeGaitan_Exter_f098d1,,,,,
2026-09-12T04:46:05-05:00,PUR_IED_JorgeGaitan_STec1_dc9d1d,PUR_IED_JorgeGaitan_STec1_dc9d1d,,,,,
2026-09-12T04:46:05-05:00,PUR_IED_JorgeGaitan_STec2_281e69,PUR_IED_JorgeGaitan_STec2_281e69,,,,,
2026-09-12T04:46:05-05:00,PUR_IED_JorgeSoto_Exterio_d9d0a2,PUR_IED_JorgeSoto_Exterio_d9d0a2,,,,,
2026-09-12T04:46:05-05:00,PUR_IED_JorgeSoto_LabFisi_209c54,PUR_IED_JorgeSoto_LabFisi_209c54,,,,,
2026-09-12T04:46:05-05:00,PUR_IED_JorgeSoto_S103_27b51a,PUR_IED_JorgeSoto_S103_27b51a,,,,,
2026-09-12T04:46:05-05:00,PUR_IED_JoseAcevedo_A02_e965eb,PUR_IED_JoseAcevedo_A02_e965eb,,,,,
2026-09-12T04:46:05-05:00,PUR_IED_JoseAcevedo_A07_dd5b4,PUR_IED_JoseAcevedo_A07_dd5b4,,,,,
2026-09-12T04:46:05-05:00,PUR_IED_JoseAcevedo_Ext_b47484,PUR_IED_JoseAcevedo_Ext_b47484,,,,,
2026-09-12T04:46:05-05:00,PUR_IED_JoseMarti_Exte_5b9bf,PUR_IED_JoseMarti_Exte_5b9bf,,,,,
2026-09-12T04:46:05-05:00,PUR_IED_JoseMarti_LabQuim_1c6c2d,PUR_IED_JoseMarti_LabQuim_1c6c2d,,,,,
2026-09-12T04:46:05-05:00,PUR_IED_JoseMarti_S_info_f5f177,PUR_IED_JoseMarti_S_info_f5f177,,,,,
2026-09-12T04:46:05-05:00,PUR_IED_Josejoaquin_Ext_dfc5dc,PUR_IED_Josejoaquin_Ext_dfc5dc,,,,,
2026-09-12T04:46:05-05:00,PUR_IED_Josejoaquin_S05_5b2a96,PUR_IED_Josejoaquin_S05_5b2a96,,,,,
2026-09-12T04:46:05-05:00,PUR_IED_Josejoaquin_S06_1ce7d2,PUR_IED_Josejoaquin_S06_1ce7d2,,,,,
2026-09-12T04:46:05-05:00,PUR_IED_JulioFlorez_Danza_9b82dd,PUR_IED_JulioFlorez_Danza_9b82dd,,,,,
2026-09-12T04:46:05-05:00,PUR_IED_JulioFlorez_Exter_f9f314,PUR_IED_JulioFlorez_Exter_f9f314,,,,,
2026-09-12T04:46:05-05:00,PUR_IED_JulioFlorez_info2_6b6e08,PUR_IED_JulioFlorez_info2_6b6e08,,,,,
2026-09-12T04:46:05-05:00,PUR_IED_LaBelleza_Aula13_1d00d8,PUR_IED_LaBelleza_Aula13_1d00d8,,,,,
2026-09-12T04:46:05-05:00,PUR_IED_LaBelleza_Ext_7bc08c,PUR_IED_LaBelleza_Ext_7bc08c,,,,,
2026-09-12T04:46:05-05:00,PUR_IED_LaChucua_Ext_8cd6d2,PUR_IED_LaChucua_Ext_8cd6d2,,,,,
2026-09-12T04:46:05-05:00,PUR_IED_LaChucua_S15_f578ce,PUR_IED_LaChucua_S15_f578ce,,,,,
2026-09-12T04:46:05-05:00,PUR_IED_LaChucua_S16_eebcf9,PUR_IED_LaChucua_S16_eebcf9,,,,,
2026-09-12T04:46:05-05:00,PUR_IED_LaFelicidad_Ext_fb5109,PUR_IED_LaFelicidad_Ext_fb5109,,,,,
2026-09-12T04:46:05-05:00,PUR_IED_LaMerced_206_66ebd,PUR_IED_LaMerced_206_66ebd,,,,,
2026-09-12T04:46:05-05:00,PUR_IED_LaMerced_207_6ebd6,PUR_IED_LaMerced_207_6ebd6,,,,,
2026-09-12T04:46:05-05:00,PUR_IED_LaMerced_ext_304311,PUR_IED_LaMerced_ext_304311,,,,,
2026-09-12T04:46:05-05:00,PUR_IED_Laureano_CiencNat_281e5e,PUR_IED_Laureano_CiencNat_281e5e,,,,,
2026-09-12T04:46:05-05:00,PUR_IED_Laureano_Comedor_f65c0a,PUR_IED_Laureano_Comedor_f65c0a,,,,,
2026-09-12T04:46:05-05:00,PUR_IED_Laureano_Exterior_7ab011,PUR_IED_Laureano_Exterior_7ab011,,,,,
2026-09-12T04:46:05-05:00,PUR_IED_LeonGreiff_Exte_dfe560,PUR_IED_LeonGreiff_Exte_dfe560,,,,,
2026-09-12T04:46:05-05:00,PUR_IED_LeonGreiff_S210_f264ed,PUR_IED_LeonGreiff_S210_f264ed,,,,,
2026-09-12T04:46:05-05:00,PUR_IED_LeonGreiff_SQuimi_e8296f,PUR_IED_LeonGreiff_SQuimi_e8296f,,,,,
2026-09-12T04:46:05-05:00,PUR_IED_LlanoOrientalS208_7b9fcd,PUR_IED_LlanoOrientalS208_7b9fcd,,,,,
2026-09-12T04:46:05-05:00,PUR_IED_LlanoOriental_Ext_fb3766,PUR_IED_LlanoOriental_Ext_fb3766,,,,,
2026-09-12T04:46:05-05:00,PUR_IED_LlanoOriental_S208_7b9fcd,PUR_IED_LlanoOriental_S208_7b9fcd,,,,,
2026-09-12T04:46:05-05:00,PUR_IED_LlanoOriental_S9_27b378,PUR_IED_LlanoOriental_S9_27b378,,,,,
2026-09-12T04:46:05-05:00,PUR_IED_LosTejares_1101_477602,PUR_IED_LosTejares_1101_477602,,,,,
2026-09-12T04:46:05-05:00,PUR_IED_LosTejares_11_d2c595,PUR_IED_LosTejares_11_d2c595,,,,,
2026-09-12T04:46:05-05:00,PUR_IED_LosTejares_12_477602,PUR_IED_LosTejares_12_477602,,,,,
2026-09-12T04:46:05-05:00,PUR_IED_LosTejares_Ext_8e2115,PUR_IED_LosTejares_Ext_8e2115,,,,,
2026-09-12T04:46:05-05:00,PUR_IED_MagdalenaO_B202_5ddda3,PUR_IED_MagdalenaO_B202_5ddda3,,,,,
2026-09-12T04:46:05-05:00,PUR_IED_MagdalenaO_B205_fb76e8,PUR_IED_MagdalenaO_B205_fb76e8,,,,,
2026-09-12T04:46:05-05:00,PUR_IED_MagdalenaO_ext_dc69cd,PUR_IED_MagdalenaO_ext_dc69cd,,,,,
2026-09-12T04:46:05-05:00,PUR_IED_ManueCepeda_artes_eee956,PUR_IED_ManueCepeda_artes_eee956,,,,,
2026-09-12T04:46:05-05:00,PUR_IED_ManuelCepeda_Ext_58313,PUR_IED_ManuelCepeda_Ext_58313,,,,,
2026-09-12T04:46:05-05:00,PUR_IED_ManuelCepeda_tec_1c5731,PUR_IED_ManuelCepeda_tec_1c5731,,,,,
2026-09-12T04:46:05-05:00,PUR_IED_ManuelS_Exterior_5b269,PUR_IED_ManuelS_Exterior_5b269,,,,,
2026-09-12T04:46:05-05:00,PUR_IED_ManuelS_Inform_f369ce,PUR_IED_ManuelS_Inform_f369ce,,,,,
2026-09-12T04:46:05-05:00,PUR_IED_ManuelS_SArtes_7d15f1,PUR_IED_ManuelS_SArtes_7d15f1,,,,,
2026-09-12T04:46:05-05:00,PUR_IED_ManuelZapata_303_3ca6,PUR_IED_ManuelZapata_303_3ca6,,,,,
2026-09-12T04:46:05-05:00,PUR_IED_ManuelZapata_311_bfbabc,PUR_IED_ManuelZapata_311_bfbabc,,,,,
2026-09-12T04:46:05-05:00,PUR_IED_ManuelZapata_Ext_50824a,PUR_IED_ManuelZapata_Ext_50824a,,,,,
2026-09-12T04:46:05-05:00,PUR_IED_ManuelitaS_Exteri_656a92,PUR_IED_ManuelitaS_Exteri_656a92,,,,,
2026-09-12T04:46:05-05:00,PUR_IED_ManuelitaS_JuzgDe_f58ec3,PUR_IED_ManuelitaS_JuzgDe_f58ec3,,,,,
2026-09-12T04:46:05-05:00,PUR_IED_ManuelitaS_Recrea_d793db,PUR_IED_ManuelitaS_Recrea_d793db,,,,,
2026-09-12T04:46:05-05:00,PUR_IED_MarFidSuarez_Ext_c27b19,PUR_IED_MarFidSuarez_Ext_c27b19,,,,,
2026-09-12T04:46:05-05:00,PUR_IED_MarFidSuarez_Info_e384d7,PUR_IED_MarFidSuarez_Info_e384d7,,,,,
2026-09-12T04:46:05-05:00,PUR_IED_MarFidSuarez_S306_1d0032,PUR_IED_MarFidSuarez_S306_1d0032,,,,,
2026-09-12T04:46:05-05:00,PUR_IED_Menorah_301_2a25a3,PUR_IED_Menorah_301_2a25a3,,,,,
2026-09-12T04:46:05-05:00,PUR_IED_Menorah_306_37ed3,PUR_IED_Menorah_306_37ed3,,,,,
2026-09-12T04:46:05-05:00,PUR_IED_Menorah_Ext_3e155b,PUR_IED_Menorah_Ext_3e155b,,,,,
2026-09-12T04:46:05-05:00,PUR_IED_MinutoB.Aires_A11_1b1604,PUR_IED_MinutoB.Aires_A11_1b1604,,,,,
2026-09-12T04:46:05-05:00,PUR_IED_MinutoB.Aires_A12_fb5860,PUR_IED_MinutoB.Aires_A12_fb5860,,,,,
2026-09-12T04:46:05-05:00,PUR_IED_MinutoB.Aires_Ext_81293f,PUR_IED_MinutoB.Aires_Ext_81293f,,,,,
2026-09-12T04:46:05-05:00,PUR_IED_MinutoBAires_A11_1b1604,PUR_IED_MinutoBAires_A11_1b1604,,,,,
2026-09-12T04:46:05-05:00,PUR_IED_MinutoBAires_A12_fb5860,PUR_IED_MinutoBAires_A12_fb5860,,,,,
2026-09-12T04:46:05-05:00,PUR_IED_MinutoBAires_Ext_81293f,PUR_IED_MinutoBAires_Ext_81293f,,,,,
2026-09-12T04:46:05-05:00,PUR_IED_Montreal_Aula10_1e4959,PUR_IED_Montreal_Aula10_1e4959,,,,,
2026-09-12T04:46:05-05:00,PUR_IED_Montreal_Aula6_300367,PUR_IED_Montreal_Aula6_300367,,,,,
2026-09-12T04:46:05-05:00,PUR_IED_Montreal_Exterior_91a179,PUR_IED_Montreal_Exterior_91a179,,,,,
2026-09-12T04:46:05-05:00,PUR_IED_Mqgdalena_B202_5ddda3,PUR_IED_Mqgdalena_B202_5ddda3,,,,,
2026-09-12T04:46:05-05:00,PUR_IED_NACUND_Soc_dc8728,PUR_IED_NACUND_Soc_dc8728,,,,,
2026-09-12T04:46:05-05:00,PUR_IED_NACUND_ext_27ad97,PUR_IED_NACUND_ext_27ad97,,,,,
2026-09-12T04:46:05-05:00,PUR_IED_NEsperanza_Ext_d24b61,PUR_IED_NEsperanza_Ext_d24b61,,,,,
2026-09-12T04:46:05-05:00,PUR_IED_NEsperanza_SElect_7d1807,PUR_IED_NEsperanza_SElect_7d1807,,,,,
2026-09-12T04:46:05-05:00,PUR_IED_NEsperanza_SLabor_8b2d0a,PUR_IED_NEsperanza_SLabor_8b2d0a,,,,,
2026-09-12T04:46:05-05:00,PUR_IED_NacionesU_Ext_f661a9,PUR_IED_NacionesU_Ext_f661a9,,,,,
2026-09-12T04:46:05-05:00,PUR_IED_NacionesU_Quimica_66f0a,PUR_IED_NacionesU_Quimica_66f0a,,,,,
2026-09-12T04:46:05-05:00,PUR_IED_NacionesU_S306_1b4b3d,PUR_IED_NacionesU_S306_1b4b3d,,,,,
2026-09-12T04:46:05-05:00,PUR_IED_NestorFA_Ext_e4201c,PUR_IED_NestorFA_Ext_e4201c,,,,,
2026-09-12T04:46:05-05:00,PUR_IED_NestorFA_Laborato_f22fe0,PUR_IED_NestorFA_Laborato_f22fe0,,,,,
2026-09-12T04:46:05-05:00,PUR_IED_NestorFA_S204_dee996,PUR_IED_NestorFA_S204_dee996,,,,,
2026-09-12T04:46:05-05:00,PUR_IED_NidyaQT_Aula03_76999b,PUR_IED_NidyaQT_Aula03_76999b,,,,,
2026-09-12T04:46:05-05:00,PUR_IED_NidyaQT_Aula10_56325,PUR_IED_NidyaQT_Aula10_56325,,,,,
2026-09-12T04:46:05-05:00,PUR_IED_NidyaQT_Ext_46e32d,PUR_IED_NidyaQT_Ext_46e32d,,,,,
2026-09-12T04:46:05-05:00,PUR_IED_NuevaCol_Exterior_d9b859,PUR_IED_NuevaCol_Exterior_d9b859,,,,,
2026-09-12T04:46:05-05:00,PUR_IED_NuevaCol_S1101_76c43b,PUR_IED_NuevaCol_S1101_76c43b,,,,,
2026-09-12T04:46:05-05:00,PUR_IED_NuevaCol_S1102_1ce0b5,PUR_IED_NuevaCol_S1102_1ce0b5,,,,,
2026-09-12T04:46:05-05:00,PUR_IED_OEA_A202_f7e3f2,PUR_IED_OEA_A202_f7e3f2,,,,,
2026-09-12T04:46:05-05:00,PUR_IED_OEA_A203_7d1b8d,PUR_IED_OEA_A203_7d1b8d,,,,,
2026-09-12T04:46:05-05:00,PUR_IED_OEA_Ext_27b593,PUR_IED_OEA_Ext_27b593,,,,,
2026-09-12T04:46:05-05:00,PUR_IED_Ochoa_Ext_1c29da,PUR_IED_Ochoa_Ext_1c29da,,,,,
2026-09-12T04:46:05-05:00,PUR_IED_Ochoa_S205_8b1121,PUR_IED_Ochoa_S205_8b1121,,,,,
2026-09-12T04:46:05-05:00,PUR_IED_Ochoa_Sistemas_f33af6,PUR_IED_Ochoa_Sistemas_f33af6,,,,,
2026-09-12T04:46:05-05:00,PUR_IED_PQuebec_Ext_1c67c7,PUR_IED_PQuebec_Ext_1c67c7,,,,,
2026-09-12T04:46:05-05:00,PUR_IED_PQuebec_S15_23e8e2,PUR_IED_PQuebec_S15_23e8e2,,,,,
2026-09-12T04:46:05-05:00,PUR_IED_PQuebec_S16_8ec76b,PUR_IED_PQuebec_S16_8ec76b,,,,,
2026-09-12T04:46:05-05:00,PUR_IED_PabloN_Ext_49dc96,PUR_IED_PabloN_Ext_49dc96,,,,,
2026-09-12T04:46:05-05:00,PUR_IED_PabloN_S1102_4e3df5,PUR_IED_PabloN_S1102_4e3df5,,,,,
2026-09-12T04:46:05-05:00,PUR_IED_PabloN_S1103_50c94b,PUR_IED_PabloN_S1103_50c94b,,,,,
2026-09-12T04:46:05-05:00,PUR_IED_Palestina_S1101_db9198,PUR_IED_Palestina_S1101_db9198,,,,,
2026-09-12T04:46:05-05:00,PUR_IED_Palestina_S1102_dc54fa,PUR_IED_Palestina_S1102_dc54fa,,,,,
2026-09-12T04:46:05-05:00,PUR_IED_Palestina_ext_4ccce6,PUR_IED_Palestina_ext_4ccce6,,,,,
2026-09-12T04:46:05-05:00,PUR_IED_Panama_Fisica_4d0794,PUR_IED_Panama_Fisica_4d0794,,,,,
2026-09-12T04:46:05-05:00,PUR_IED_Panama_SIngles_a4077e,PUR_IED_Panama_SIngles_a4077e,,,,,
2026-09-12T04:46:05-05:00,PUR_IED_Panama_ext_4c54b4,PUR_IED_Panama_ext_4c54b4,,,,,
2026-09-12T04:46:05-05:00,PUR_IED_ParaisoM_Exterior_8cd7f0,PUR_IED_ParaisoM_Exterior_8cd7f0,,,,,
2026-09-12T04:46:05-05:00,PUR_IED_ParaisoM_Laborato_27af35,PUR_IED_ParaisoM_Laborato_27af35,,,,,
2026-09-12T04:46:05-05:00,PUR_IED_ParaisoM_S304_d1edca,PUR_IED_ParaisoM_S304_d1edca,,,,,
2026-09-12T04:46:05-05:00,PUR_IED_PorfirioBarba_Ext_301466,PUR_IED_PorfirioBarba_Ext_301466,,,,,
2026-09-12T04:46:05-05:00,PUR_IED_PorfirioBarba_S11_df6cd2,PUR_IED_PorfirioBarba_S11_df6cd2,,,,,
2026-09-12T04:46:05-05:00,PUR_IED_PorfirioBarba_S29_27a7d6,PUR_IED_PorfirioBarba_S29_27a7d6,,,,,
2026-09-12T04:46:05-05:00,PUR_IED_PradoV_Exter_8b27ad,PUR_IED_PradoV_Exter_8b27ad,,,,,
2026-09-12T04:46:05-05:00,PUR_IED_PradoV_S301_de65b5,PUR_IED_PradoV_S301_de65b5,,,,,
2026-09-12T04:46:05-05:00,PUR_IED_PradoV_S302_7d2593,PUR_IED_PradoV_S302_7d2593,,,,,
2026-09-12T04:46:05-05:00,PUR_IED_QuirogaAlz_Ext_1ddc82,PUR_IED_QuirogaAlz_Ext_1ddc82,,,,,
2026-09-12T04:46:05-05:00,PUR_IED_QuirogaAlz_S302_9926a3,PUR_IED_QuirogaAlz_S302_9926a3,,,,,
2026-09-12T04:46:05-05:00,PUR_IED_QuirogaAlz_S305_cdf1f1,PUR_IED_QuirogaAlz_S305_cdf1f1,,,,,
2026-09-12T04:46:05-05:00,PUR_IED_RGuatemala_Biling_dc53b7,PUR_IED_RGuatemala_Biling_dc53b7,,,,,
2026-09-12T04:46:05-05:00,PUR_IED_RGuatemala_Ext_1b89a3,PUR_IED_RGuatemala_Ext_1b89a3,,,,,
2026-09-12T04:46:05-05:00,PUR_IED_RGuatemala_Tecnol_281a34,PUR_IED_RGuatemala_Tecnol_281a34,,,,,
2026-09-12T04:46:05-05:00,PUR_IED_RafaNu_Ext_f7c302,PUR_IED_RafaNu_Ext_f7c302,,,,,
2026-09-12T04:46:05-05:00,PUR_IED_RafaNu_S1101_25fde,PUR_IED_RafaNu_S1101_25fde,,,,,
2026-09-12T04:46:05-05:00,PUR_IED_RafaNu_S1102_281517,PUR_IED_RafaNu_S1102_281517,,,,,
2026-09-12T04:46:05-05:00,PUR_IED_RafaelB_S305_ee2783,PUR_IED_RafaelB_S305_ee2783,,,,,
2026-09-12T04:46:05-05:00,PUR_IED_RafaelB_S306_75fe33,PUR_IED_RafaelB_S306_75fe33,,,,,
2026-09-12T04:46:05-05:00,PUR_IED_RafaelB_ext_283336,PUR_IED_RafaelB_ext_283336,2,17,63,4.6722,-74.0737
2026-09-12T04:46:05-05:00,PUR_IED_RafaelUU_Exterior_281a51,PUR_IED_RafaelUU_Exterior_281a51,,,,,
2026-09-12T04:46:05-05:00,PUR_IED_RafaelUU_Human_806b2,PUR_IED_RafaelUU_Human_806b2,,,,,
2026-09-12T04:46:05-05:00,PUR_IED_RafaelUU_Mate2_5680d4,PUR_IED_RafaelUU_Mate2_5680d4,,,,,
2026-09-12T04:46:05-05:00,PUR_IED_RamonSub_Ext_f9eeb9,PUR_IED_RamonSub_Ext_f9eeb9,,,,,
2026-09-12T04:46:05-05:00,PUR_IED_RamonSub_Media_d1f62f,PUR_IED_RamonSub_Media_d1f62f,,,,,
2026-09-12T04:46:05-05:00,PUR_IED_RamonSub_planta_51b82,PUR_IED_RamonSub_planta_51b82,,,,,
2026-09-12T04:46:05-05:00,PUR_IED_RepBoliVene_Exter_27af7c,PUR_IED_RepBoliVene_Exter_27af7c,,,,,
2026-09-12T04:46:05-05:00,PUR_IED_RepBoliVene_SCPT_5ae2ee,PUR_IED_RepBoliVene_SCPT_5ae2ee,,,,,
2026-09-12T04:46:05-05:00,PUR_IED_RepBoliVene_Socia_4b11d5,PUR_IED_RepBoliVene_Socia_4b11d5,,,,,
2026-09-12T04:46:05-05:00,PUR_IED_RepChina_Ext_76d9ee,PUR_IED_RepChina_Ext_76d9ee,,,,,
2026-09-12T04:46:05-05:00,PUR_IED_RepChina_S404_7c804c,PUR_IED_RepChina_S404_7c804c,,,,,
2026-09-12T04:46:05-05:00,PUR_IED_RepChina_S405_df2c33,PUR_IED_RepChina_S405_df2c33,,,,,
2026-09-12T04:46:05-05:00,PUR_IED_RepublicaC_Exteri_7d1ec9,PUR_IED_RepublicaC_Exteri_7d1ec9,,,,,
2026-09-12T04:46:05-05:00,PUR_IED_RepublicaC_S1101_f544b3,PUR_IED_RepublicaC_S1101_f544b3,,,,,
2026-09-12T04:46:05-05:00,PUR_IED_RepublicaC_S1102_7aafc7,PUR_IED_RepublicaC_S1102_7aafc7,,,,,
2026-09-12T04:46:05-05:00,PUR_IED_Ricaurte_Externo_a0ea1,PUR_IED_Ricaurte_Externo_a0ea1,,,,,
2026-09-12T04:46:05-05:00,PUR_IED_Ricaurte_S210_f546fd,PUR_IED_Ricaurte_S210_f546fd,,,,,
2026-09-12T04:46:05-05:00,PUR_IED_Ricaurte_S309_d4452,PUR_IED_Ricaurte_S309_d4452,,,,,
2026-09-12T04:46:05-05:00,PUR_IED_RogelioS_1102_531e69,PUR_IED_RogelioS_1102_531e69,,,,,
2026-09-12T04:46:05-05:00,PUR_IED_RogelioS_Ext_f25a18,PUR_IED_RogelioS_Ext_f25a18,,,,,
2026-09-12T04:46:05-05:00,PUR_IED_SBernardino_Ext_27aff8,PUR_IED_SBernardino_Ext_27aff8,,,,,
2026-09-12T04:46:05-05:00,PUR_IED_SBernardino_SArte_2ffd33,PUR_IED_SBernardino_SArte_2ffd33,,,,,
2026-09-12T04:46:05-05:00,PUR_IED_SBernardino_SIngl_7c7da5,PUR_IED_SBernardino_SIngl_7c7da5,,,,,
2026-09-12T04:46:05-05:00,PUR_IED_Sago_auditorio_dc9d1d,PUR_IED_Sago_auditorio_dc9d1d,,,,,
2026-09-12T04:46:05-05:00,PUR_IED_Saludcoop_Ext_95aac3,PUR_IED_Saludcoop_Ext_95aac3,,,,,
2026-09-12T04:46:05-05:00,PUR_IED_Saludcoop_InfI_90c854,PUR_IED_Saludcoop_InfI_90c854,,,,,
2026-09-12T04:46:05-05:00,PUR_IED_Saludcoop_SMedia_1b93be,PUR_IED_Saludcoop_SMedia_1b93be,,,,,
2026-09-12T04:46:05-05:00,PUR_IED_SanCarlos_1101_1a2360,PUR_IED_SanCarlos_1101_1a2360,,,,,
2026-09-12T04:46:05-05:00,PUR_IED_SanCarlos_1103_7bafb5,PUR_IED_SanCarlos_1103_7bafb5,,,,,
2026-09-12T04:46:05-05:00,PUR_IED_SanCarlos_Ext_b7cd1,PUR_IED_SanCarlos_Ext_b7cd1,,,,,
2026-09-12T04:46:05-05:00,PUR_IED_SanIgnacioBosa11a_50c26e,PUR_IED_SanIgnacioBosa11a_50c26e,,,,,
2026-09-12T04:46:05-05:00,PUR_IED_SanIgnacioBosa11b_371de8,PUR_IED_SanIgnacioBosa11b_371de8,,,,,
2026-09-12T04:46:05-05:00,PUR_IED_SanIgnacioBosaExt_ef0ffc,PUR_IED_SanIgnacioBosaExt_ef0ffc,,,,,
2026-09-12T04:46:05-05:00,PUR_IED_SanIgnacioBosa_11a_50c26e,PUR_IED_SanIgnacioBosa_11a_50c26e,,,,,
2026-09-12T04:46:05-05:00,PUR_IED_SanIgnacioBosa_Ext_ef0ffc,PUR_IED_SanIgnacioBosa_Ext_ef0ffc,,,,,
2026-09-12T04:46:05-05:00,PUR_IED_SanJoseN_intS1101_31c47f,PUR_IED_SanJoseN_intS1101_31c47f,,,,,
2026-09-12T04:46:05-05:00,PUR_IED_SanJoseUsm_Exter_f5d7e8,PUR_IED_SanJoseUsm_Exter_f5d7e8,,,,,
2026-09-12T04:46:05-05:00,PUR_IED_SanJoseUsm_Int11A_cfdef6,PUR_IED_SanJoseUsm_Int11A_cfdef6,,,,,
2026-09-12T04:46:05-05:00,PUR_IED_SilveriaR_IntB5_905349,PUR_IED_SilveriaR_IntB5_905349,,,,,
2026-09-12T04:46:05-05:00,PUR_IED_SilveriaR_IntSD14_981f93,PUR_IED_SilveriaR_IntSD14_981f93,,,,,
2026-09-12T04:46:05-05:00,PUR_IED_SilveriaR_ext_2b651d,PUR_IED_SilveriaR_ext_2b651d,,,,,
2026-09-12T04:46:05-05:00,PUR_IED_SimonB_Exterior_913975,PUR_IED_SimonB_Exterior_913975,,,,,
2026-09-12T04:46:05-05:00,PUR_IED_SimonB_LabQuimi_c56908,PUR_IED_SimonB_LabQuimi_c56908,,,,,
2026-09-12T04:46:05-05:00,PUR_IED_SimonB_informatic_a28c1,PUR_IED_SimonB_informatic_a28c1,,,,,
2026-09-12T04:46:05-05:00,PUR_IED_Sorrento_1102_315f50,PUR_IED_Sorrento_1102_315f50,,,,,
2026-09-12T04:46:05-05:00,PUR_IED_Sorrento_Minte_214eab,PUR_IED_Sorrento_Minte_214eab,,,,,
2026-09-12T04:46:05-05:00,PUR_IED_Sorrento_ext_7c3a0a,PUR_IED_Sorrento_ext_7c3a0a,,,,,
2026-09-12T04:46:05-05:00,PUR_IED_Tabora_Ext_f048ae,PUR_IED_Tabora_Ext_f048ae,,,,,
2026-09-12T04:46:05-05:00,PUR_IED_Tabora_S1102_b07752,PUR_IED_Tabora_S1102_b07752,,,,,
2026-09-12T04:46:05-05:00,PUR_IED_Tabora_S1103_d988f5,PUR_IED_Tabora_S1103_d988f5,,,,,
2026-09-12T04:46:05-05:00,PUR_IED_Tenerife_Ext_1ab188,PUR_IED_Tenerife_Ext_1ab188,,,,,
2026-09-12T04:46:05-05:00,PUR_IED_Tenerife_SDanzas_7bc02e,PUR_IED_Tenerife_SDanzas_7bc02e,,,,,
2026-09-12T04:46:05-05:00,PUR_IED_Tenerife_SIngles_7cc277,PUR_IED_Tenerife_SIngles_7cc277,,,,,
2026-09-12T04:46:05-05:00,PUR_IED_Tibabuyes_Exter_f2683d,PUR_IED_Tibabuyes_Exter_f2683d,,,,,
2026-09-12T04:46:05-05:00,PUR_IED_Tibabuyes_S10_dc87a8,PUR_IED_Tibabuyes_S10_dc87a8,,,,,
2026-09-12T04:46:05-05:00,PUR_IED_Tibabuyes_S15_dc0526,PUR_IED_Tibabuyes_S15_dc0526,,,,,
2026-09-12T04:46:05-05:00,PUR_IED_UnionE_S301_a1043,PUR_IED_UnionE_S301_a1043,,,,,
2026-09-12T04:46:05-05:00,PUR_IED_UnionE_S307_ff6c2f,PUR_IED_UnionE_S307_ff6c2f,,,,,
2026-09-12T04:46:05-05:00,PUR_IED_UnionE__Ext_5e2468,PUR_IED_UnionE__Ext_5e2468,,,,,
2026-09-12T04:46:05-05:00,PUR_IED_VillaRica_Ext_75be7c,PUR_IED_VillaRica_Ext_75be7c,,,,,
2026-09-12T04:46:05-05:00,PUR_IED_VillaRica_S4_cc5dcd,PUR_IED_VillaRica_S4_cc5dcd,,,,,
2026-09-12T04:46:05-05:00,PUR_IED_VillaRica_Sesp_99f5c,PUR_IED_VillaRica_Sesp_99f5c,,,,,
2026-09-12T04:51:06-05:00,PUR_IED_20deJulio_1101_91b1b9,PUR_IED_20deJulio_1101_91b1b9,,,,,
2026-09-12T04:51:06-05:00,PUR_IED_20deJulio_1102_1cfcf9,PUR_IED_20deJulio_1102_1cfcf9,,,,,
2026-09-12T04:51:06-05:00,PUR_IED_20deJulio_Ext_ab60bd,PUR_IED_20deJulio_Ext_ab60bd,,,,,
2026-09-12T04:51:06-05:00,PUR_IED_AgustinFer_Ext_7b9b77,PUR_IED_AgustinFer_Ext_7b9b77,,,,,
2026-09-12T04:51:06-05:00,PUR_IED_AgustinFer_Info2_27b3a7,PUR_IED_AgustinFer_Info2_27b3a7,,,,,
2026-09-12T04:51:06-05:00,PUR_IED_AgustinFer_Sena_54b4eb,PUR_IED_AgustinFer_Sena_54b4eb,,,,,
2026-09-12T04:51:06-05:00,PUR_IED_AlexanderF_1102_caf07b,PUR_IED_AlexanderF_1102_caf07b,,,,,
2026-09-12T04:51:06-05:00,PUR_IED_AlexanderF_1103_c79e71,PUR_IED_AlexanderF_1103_c79e71,,,,,
2026-09-12T04:51:06-05:00,PUR_IED_AlexanderF_Ext_c5b18b,PUR_IED_AlexanderF_Ext_c5b18b,,,,,
2026-09-12T04:51:06-05:00,PUR_IED_AlfonsoLopez_Ext_281d77,PUR_IED_AlfonsoLopez_Ext_281d77,,,,,
2026-09-12T04:51:06-05:00,PUR_IED_AlfonsoLopez_LabF_888ce0,PUR_IED_AlfonsoLopez_LabF_888ce0,,,,,
2026-09-12T04:51:06-05:00,PUR_IED_AlfonsoLopez_SMed_df6a7f,PUR_IED_AlfonsoLopez_SMed_df6a7f,,,,,
2026-09-12T04:51:06-05:00,PUR_IED_AltamiraSO_A2_209f92,PUR_IED_AltamiraSO_A2_209f92,,,,,
2026-09-12T04:51:06-05:00,PUR_IED_AltamiraSO_Ext_186d66,PUR_IED_AltamiraSO_Ext_186d66,,,,,
2026-09-12T04:51:06-05:00,PUR_IED_AltamiraSO_Sistem_27afe1,PUR_IED_AltamiraSO_Sistem_27afe1,,,,,
2026-09-12T04:51:06-05:00,PUR_IED_AlvaroGom_LabQuim_813179,PUR_IED_AlvaroGom_LabQuim_813179,,,,,
2026-09-12T04:51:06-05:00,PUR_IED_AlvaroGomez_Ext_47c7ca,PUR_IED_AlvaroGomez_Ext_47c7ca,,,,,
2026-09-12T04:51:06-05:00,PUR_IED_AlvaroGomez_LabQuim_813179,PUR_IED_AlvaroGomez_LabQuim_813179,,,,,
2026-09-12T04:51:06-05:00,PUR_IED_AlvaroGomez_S23_7ba89f,PUR_IED_AlvaroGomez_S23_7ba89f,,,,,
2026-09-12T04:51:06-05:00,PUR_IED_Amistad_306_dc8728,PUR_IED_Amistad_306_dc8728,,,,,
2026-09-12T04:51:06-05:00,PUR_IED_Amistad_Ext_8cd55e,PUR_IED_Amistad_Ext_8cd55e,,,,,
2026-09-12T04:51:06-05:00,PUR_IED_Amistad_S202_a41169,PUR_IED_Amistad_S202_a41169,,,,,
2026-09-12T04:51:06-05:00,PUR_IED_AndresBello_Bio_fd5f5e,PUR_IED_AndresBello_Bio_fd5f5e,,,,,
2026-09-12T04:51:06-05:00,PUR_IED_AndresBello_ext_dcad65,PUR_IED_AndresBello_ext_dcad65,,,,,
2026-09-12T04:51:06-05:00,PUR_IED_AndresBello_port_eed3ec,PUR_IED_AndresBello_port_eed3ec,,,,,
2026-09-12T04:51:06-05:00,PUR_IED_AngelaR_11b_d90a6b,PUR_IED_AngelaR_11b_d90a6b,,,,,
2026-09-12T04:51:06-05:00,PUR_IED_AngelaR_ext_7cad3e,PUR_IED_AngelaR_ext_7cad3e,7,19,61,4.5825,-74.164497
2026-09-12T04:51:06-05:00,PUR_IED_AntJoseSucre_10mo_df2575,PUR_IED_AntJoseSucre_10mo_df2575,,,,,
2026-09-12T04:51:06-05:00,PUR_IED_AntJoseSucre_Ext_215b36,PUR_IED_AntJoseSucre_Ext_215b36,,,,,
2026-09-12T04:51:06-05:00,PUR_IED_AntJoseSucre_Lab_3139de,PUR_IED_AntJoseSucre_Lab_3139de,,,,,
2026-09-12T04:51:06-05:00,PUR_IED_AntonioGarcia_301_d6b188,PUR_IED_AntonioGarcia_301_d6b188,,,,,
2026-09-12T04:51:06-05:00,PUR_IED_AntonioGarcia_302_88a82,PUR_IED_AntonioGarcia_302_88a82,,,,,
2026-09-12T04:51:06-05:00,PUR_IED_AntonioGarcia_Ext_20950c,PUR_IED_AntonioGarcia_Ext_20950c,,,,,
2026-09-12T04:51:06-05:00,PUR_IED_AntonioVan_Aula2_6dea02,PUR_IED_AntonioVan_Aula2_6dea02,,,,,
2026-09-12T04:51:06-05:00,PUR_IED_AntonioVan_Aula5_f1557e,PUR_IED_AntonioVan_Aula5_f1557e,,,,,
2026-09-12T04:51:06-05:00,PUR_IED_AntonioVan_Ext_406f2f,PUR_IED_AntonioVan_Ext_406f2f,,,,,
2026-09-12T04:51:06-05:00,PUR_IED_Atabanzha_Ext_cc5af9,PUR_IED_Atabanzha_Ext_cc5af9,,,,,
2026-09-12T04:51:06-05:00,PUR_IED_Atabanzha_SA101_56c37,PUR_IED_Atabanzha_SA101_56c37,,,,,
2026-09-12T04:51:06-05:00,PUR_IED_Atabanzha_SB302_27b374,PUR_IED_Atabanzha_SB302_27b374,,,,,
2026-09-12T04:51:06-05:00,PUR_IED_Atahualpa_Ext_fc1748,PUR_IED_Atahualpa_Ext_fc1748,,,,,
2026-09-12T04:51:06-05:00,PUR_IED_Atahualpa_Informa_dc9a95,PUR_IED_Atahualpa_Informa_dc9a95,,,,,
2026-09-12T04:51:06-05:00,PUR_IED_Atahualpa_S1101_f98056,PUR_IED_Atahualpa_S1101_f98056,,,,,
2026-09-12T04:51:06-05:00,PUR_IED_Bellavista_Ext_f5aa74,PUR_IED_Bellavista_Ext_f5aa74,,,,,
2026-09-12T04:51:06-05:00,PUR_IED_Bilbao_11A_916c41,PUR_IED_Bilbao_11A_916c41,,,,,
2026-09-12T04:51:06-05:00,PUR_IED_Bilbao_Ext_fb579a,PUR_IED_Bilbao_Ext_fb579a,,,,,
2026-09-12T04:51:06-05:00,PUR_IED_BrasiliaU_A125_304280,PUR_IED_BrasiliaU_A125_304280,,,,,
2026-09-12T04:51:06-05:00,PUR_IED_BrasiliaU_A203_7c8ca5,PUR_IED_BrasiliaU_A203_7c8ca5,,,,,
2026-09-12T04:51:06-05:00,PUR_IED_BrasiliaU_Ext_8d6e9f,PUR_IED_BrasiliaU_Ext_8d6e9f,5,16,67,4.5175,-74.116302
2026-09-12T04:51:06-05:00,PUR_IED_Brasilia_Ext_fe6593,PUR_IED_Brasilia_Ext_fe6593,,,,,
2026-09-12T04:51:06-05:00,PUR_IED_Brasilia_S24_7c130d,PUR_IED_Brasilia_S24_7c130d,,,,,
2026-09-12T04:51:06-05:00,PUR_IED_Brasilia_S501_186a54,PUR_IED_Brasilia_S501_186a54,,,,,
2026-09-12T04:51:06-05:00,PUR_IED_CHARRY_EXT_f1d5cd,PUR_IED_CHARRY_EXT_f1d5cd,,,,,
2026-09-12T04:51:06-05:00,PUR_IED_CHARRY_INTDANZAS_7a08e6,PUR_IED_CHARRY_INTDANZAS_7a08e6,,,,,
2026-09-12T04:51:06-05:00,PUR_IED_CHARRY_INT_AULA20_dc998d,PUR_IED_CHARRY_INT_AULA20_dc998d,,,,,
2026-09-12T04:51:06-05:00,PUR_IED_COLVIV_1101_S25_7f520a,PUR_IED_COLVIV_1101_S25_7f520a,,,,,
2026-09-12T04:51:06-05:00,PUR_IED_COLVIV_1102_S16_f570ba,PUR_IED_COLVIV_1102_S16_f570ba,,,,,
2026-09-12T04:51:06-05:00,PUR_IED_COLVIV_Ext_1a26fa,PUR_IED_COLVIV_Ext_1a26fa,,,,,
2026-09-12T04:51:06-05:00,PUR_IED_CULPOP_301A_f660f3,PUR_IED_CULPOP_301A_f660f3,,,,,
2026-09-12T04:51:06-05:00,PUR_IED_CULPOP_303_568afe,PUR_IED_CULPOP_303_568afe,,,,,
2026-09-12T04:51:06-05:00,PUR_IED_CULPOP_Ext_e02ccb,PUR_IED_CULPOP_Ext_e02ccb,,,,,
2026-09-12T04:51:06-05:00,PUR_IED_CVillavicen_Ext_26eb58,PUR_IED_CVillavicen_Ext_26eb58,6,14,82,4.487,-74.102798
2026-09-12T04:51:06-05:00,PUR_IED_CVillavicen_Intel_1ce5c2,PUR_IED_CVillavicen_Intel_1ce5c2,,,,,
2026-09-12T04:51:06-05:00,PUR_IED_CVillavicen_Poliv_e0766c,PUR_IED_CVillavicen_Poliv_e0766c,,,,,
2026-09-12T04:51:06-05:00,PUR_IED_CVillavicen_int_1ba140,PUR_IED_CVillavicen_int_1ba140,,,,,
2026-09-12T04:51:06-05:00,PUR_IED_CVillavicen_intel_1ba140,PUR_IED_CVillavicen_intel_1ba140,,,,,
2026-09-12T04:51:06-05:00,PUR_IED_CarlosPizarro_Ext_e307cc,PUR_IED_CarlosPizarro_Ext_e307cc,,,,,
2026-09-12T04:51:06-05:00,PUR_IED_CarlosPizarro_L36_7e5cdb,PUR_IED_CarlosPizarro_L36_7e5cdb,,,,,
2026-09-12T04:51:06-05:00,PUR_IED_CarlosPizarro_L37_c8566c,PUR_IED_CarlosPizarro_L37_c8566c,,,,,
2026-09-12T04:51:06-05:00,PUR_IED_Castilla_Ext_cf35f,PUR_IED_Castilla_Ext_cf35f,,,,,
2026-09-12T04:51:06-05:00,PUR_IED_Castilla_SFisik_360e38,PUR_IED_Castilla_SFisik_360e38,,,,,
2026-09-12T04:51:06-05:00,PUR_IED_Castilla_Sc304_496fbf,PUR_IED_Castilla_Sc304_496fbf,,,,,
2026-09-12T04:51:06-05:00,PUR_IED_CervantesSa_Ext_6b57b,PUR_IED_CervantesSa_Ext_6b57b,3,16,74,4.5128,-74.117203
2026-09-12T04:51:06-05:00,PUR_IED_CervantesSa_S107_225c2b,PUR_IED_CervantesSa_S107_225c2b,,,,,
2026-09-12T04:51:06-05:00,PUR_IED_CervantesSa_S108_940925,PUR_IED_CervantesSa_S108_940925,,,,,
2026-09-12T04:51:06-05:00,PUR_IED_Charry_A20_f53e7c,PUR_IED_Charry_A20_f53e7c,,,,,
2026-09-12T04:51:06-05:00,PUR_IED_Charry_Ext_f1d5cd,PUR_IED_Charry_Ext_f1d5cd,,,,,
2026-09-12T04:51:06-05:00,PUR_IED_Charry_IntAula20_dc998d,PUR_IED_Charry_IntAula20_dc998d,,,,,
2026-09-12T04:51:06-05:00,PUR_IED_Charry_IntDanzas_7a08e6,PUR_IED_Charry_IntDanzas_7a08e6,,,,,
2026-09-12T04:51:06-05:00,PUR_IED_ClememciaC_203_43e2fc,PUR_IED_ClememciaC_203_43e2fc,,,,,
2026-09-12T04:51:06-05:00,PUR_IED_ClememciaC_Ext_1b411a,PUR_IED_ClememciaC_Ext_1b411a,,,,,
2026-09-12T04:51:06-05:00,PUR_IED_ClememciaC_Quimic_44b5fc,PUR_IED_ClememciaC_Quimic_44b5fc,,,,,
2026-09-12T04:51:06-05:00,PUR_IED_ClemenciaC_203_43e2fc,PUR_IED_ClemenciaC_203_43e2fc,,,,,
2026-09-12T04:51:06-05:00,PUR_IED_ClemenciaC_Ext_1b411a,PUR_IED_ClemenciaC_Ext_1b411a,,,,,
2026-09-12T04:51:06-05:00,PUR_IED_ClemenciaC_Quimic_44b5fc,PUR_IED_ClemenciaC_Quimic_44b5fc,,,,,
2026-09-12T04:51:06-05:00,PUR_IED_ColViva_1101_S25_7f520a,PUR_IED_ColViva_1101_S25_7f520a,,,,,
2026-09-12T04:51:06-05:00,PUR_IED_ColViva_1102_S16_f570ba,PUR_IED_ColViva_1102_S16_f570ba,,,,,
2026-09-12T04:51:06-05:00,PUR_IED_ColViva_Ext_1a26fa,PUR_IED_ColViva_Ext_1a26fa,,,,,
2026-09-12T04:51:06-05:00,PUR_IED_ColegioBici_Asist_7c8798,PUR_IED_ColegioBici_Asist_7c8798,,,,,
2026-09-12T04:51:06-05:00,PUR_IED_ColegioBici_Ext_25cbf6,PUR_IED_ColegioBici_Ext_25cbf6,,,,,
2026-09-12T04:51:06-05:00,PUR_IED_ColegioBici_LabQ_7b57db,PUR_IED_ColegioBici_LabQ_7b57db,,,,,
2026-09-12T04:51:06-05:00,PUR_IED_CostaRica_Ext_5e640,PUR_IED_CostaRica_Ext_5e640,,,,,
2026-09-12T04:51:06-05:00,PUR_IED_CostaRica_Quim1_766d1c,PUR_IED_CostaRica_Quim1_766d1c,,,,,
2026-09-12T04:51:06-05:00,PUR_IED_CostaRica__Fisica_6f0873,PUR_IED_CostaRica__Fisica_6f0873,,,,,
2026-09-12T04:51:06-05:00,PUR_IED_CulPopu_301A_f660f3,PUR_IED_CulPopu_301A_f660f3,,,,,
2026-09-12T04:51:06-05:00,PUR_IED_CulPopu_303_568afe,PUR_IED_CulPopu_303_568afe,,,,,
2026-09-12T04:51:06-05:00,PUR_IED_CulPopu_Ext_e02ccb,PUR_IED_CulPopu_Ext_e02ccb,,,,,
2026-09-12T04:51:06-05:00,PUR_IED_Cundinamarca_Ext_f15985,PUR_IED_Cundinamarca_Ext_f15985,,,,,
2026-09-12T04:51:06-05:00,PUR_IED_Cundinamarca_Info_7aa5d7,PUR_IED_Cundinamarca_Info_7aa5d7,,,,,
2026-09-12T04:51:06-05:00,PUR_IED_Cundinamarca_Tec2_f449c7,PUR_IED_Cundinamarca_Tec2_f449c7,,,,,
2026-09-12T04:51:06-05:00,PUR_IED_DiegoM_Aula1_27b314,PUR_IED_DiegoM_Aula1_27b314,,,,,
2026-09-12T04:51:06-05:00,PUR_IED_DiegoM_Ext_d80ac8,PUR_IED_DiegoM_Ext_d80ac8,,,,,
2026-09-12T04:51:06-05:00,PUR_IED_DiegoM_S25_da928f,PUR_IED_DiegoM_S25_da928f,,,,,
2026-09-12T04:51:06-05:00,PUR_IED_ELRODEO_360881,PUR_IED_ELRODEO_360881,,,,,
2026-09-12T04:51:06-05:00,PUR_IED_ELRODEO_ext_360881,PUR_IED_ELRODEO_ext_360881,,,,,
2026-09-12T04:51:06-05:00,PUR_IED_EduardoU_Ext_1c1969,PUR_IED_EduardoU_Ext_1c1969,,,,,
2026-09-12T04:51:06-05:00,PUR_IED_EduardoU_SCiencia_4dfb94,PUR_IED_EduardoU_SCiencia_4dfb94,,,,,
2026-09-12T04:51:06-05:00,PUR_IED_EduardoU_SQuimica_5a46e7,PUR_IED_EduardoU_SQuimica_5a46e7,,,,,
2026-09-12T04:51:06-05:00,PUR_IED_ElRodeo_Aula14_676984,PUR_IED_ElRodeo_Aula14_676984,,,,,
2026-09-12T04:51:06-05:00,PUR_IED_ElRodeo_Aula16_2dd35b,PUR_IED_ElRodeo_Aula16_2dd35b,,,,,
2026-09-12T04:51:06-05:00,PUR_IED_ElRodeo_Ext_360881,PUR_IED_ElRodeo_Ext_360881,,,,,
2026-09-12T04:51:06-05:00,PUR_IED_ElRodeo_Exterior_8c6d28,PUR_IED_ElRodeo_Exterior_8c6d28,,,,,
2026-09-12T04:51:06-05:00,PUR_IED_ElRodeo_ext_360881,PUR_IED_ElRodeo_ext_360881,,,,,
2026-09-12T04:51:06-05:00,PUR_IED_EmmaReyes_Ext_987625,PUR_IED_EmmaReyes_Ext_987625,10,21,53,4.6367,-74.1511
2026-09-12T04:51:06-05:00,PUR_IED_Ensueño_Ext_7f0250,PUR_IED_Ensueño_Ext_7f0250,,,,,
2026-09-12T04:51:06-05:00,PUR_IED_EscNormal_Ext_5fef3b,PUR_IED_EscNormal_Ext_5fef3b,2,17,64,4.5852,-74.096901
2026-09-12T04:51:06-05:00,PUR_IED_EscNormal_S309_5b263,PUR_IED_EscNormal_S309_5b263,,,,,
2026-09-12T04:51:06-05:00,PUR_IED_EscNormal_S310_27b3b8,PUR_IED_EscNormal_S310_27b3b8,,,,,
2026-09-12T04:51:06-05:00,PUR_IED_Evangelista_Conta_f6cd4f,PUR_IED_Evangelista_Conta_f6cd4f,,,,,
2026-09-12T04:51:06-05:00,PUR_IED_Evangelista_Cri_5e16a,PUR_IED_Evangelista_Cri_5e16a,,,,,
2026-09-12T04:51:06-05:00,PUR_IED_Evangelista_Exter_754066,PUR_IED_Evangelista_Exter_754066,,,,,
2026-09-12T04:51:06-05:00,PUR_IED_FMiranda_S209_5cc2a3,PUR_IED_FMiranda_S209_5cc2a3,,,,,
2026-09-12T04:51:06-05:00,PUR_IED_FMiranda_S303_19e344,PUR_IED_FMiranda_S303_19e344,,,,,
2026-09-12T04:51:06-05:00,PUR_IED_FMiranda_ext_f53e7c,PUR_IED_FMiranda_ext_f53e7c,,,,,
2026-09-12T04:51:06-05:00,PUR_IED_FabioLozano_Bibli_1cee05,PUR_IED_FabioLozano_Bibli_1cee05,,,,,
2026-09-12T04:51:06-05:00,PUR_IED_FabioLozano_Ext_6ea285,PUR_IED_FabioLozano_Ext_6ea285,,,,,
2026-09-12T04:51:06-05:00,PUR_IED_FabioLozano_SLudi_f09e1e,PUR_IED_FabioLozano_SLudi_f09e1e,,,,,
2026-09-12T04:51:06-05:00,PUR_IED_FaustinoS_Aula07_27a731,PUR_IED_FaustinoS_Aula07_27a731,,,,,
2026-09-12T04:51:06-05:00,PUR_IED_FaustinoS_Ext_7b936f,PUR_IED_FaustinoS_Ext_7b936f,,,,,
2026-09-12T04:51:06-05:00,PUR_IED_FaustinoS_Fisica_da2c60,PUR_IED_FaustinoS_Fisica_da2c60,,,,,
2026-09-12T04:51:06-05:00,PUR_IED_FeGarciaLo_Ext_dc68ee,PUR_IED_FeGarciaLo_Ext_dc68ee,,,,,
2026-09-12T04:51:06-05:00,PUR_IED_FeGarciaLo_SDanza_f70a59,PUR_IED_FeGarciaLo_SDanza_f70a59,,,,,
2026-09-12T04:51:06-05:00,PUR_IED_FeGarciaLo_SMusic_125cdd,PUR_IED_FeGarciaLo_SMusic_125cdd,,,,,
2026-09-12T04:51:06-05:00,PUR_IED_FederalAlema_Exte_50c345,PUR_IED_FederalAlema_Exte_50c345,,,,,
2026-09-12T04:51:06-05:00,PUR_IED_FederalAlema_S31_f18371,PUR_IED_FederalAlema_S31_f18371,,,,,
2026-09-12T04:51:06-05:00,PUR_IED_FederalAlema_S901_a62cd,PUR_IED_FederalAlema_S901_a62cd,,,,,
2026-09-12T04:51:06-05:00,PUR_IED_FilarmonicaS_A5_f35eb1,PUR_IED_FilarmonicaS_A5_f35eb1,,,,,
2026-09-12T04:51:06-05:00,PUR_IED_FilarmonicaS_Ext_8a3bde,PUR_IED_FilarmonicaS_Ext_8a3bde,,,,,
2026-09-12T04:51:06-05:00,PUR_IED_FilarmonicaS_Spol_406114,PUR_IED_FilarmonicaS_Spol_406114,,,,,
2026-09-12T04:51:06-05:00,PUR_IED_FlorentinoG_A13_d1fa59,PUR_IED_FlorentinoG_A13_d1fa59,,,,,
2026-09-12T04:51:06-05:00,PUR_IED_FlorentinoG_Ext_1ce6ce,PUR_IED_FlorentinoG_Ext_1ce6ce,,,,,
2026-09-12T04:51:06-05:00,PUR_IED_FlorentinoG_Idiom_a66aac,PUR_IED_FlorentinoG_Idiom_a66aac,,,,,
2026-09-12T04:51:06-05:00,PUR_IED_FranciscoMati_Ext_e3869d,PUR_IED_FranciscoMati_Ext_e3869d,,,,,
2026-09-12T04:51:06-05:00,PUR_IED_FranciscoMati_S13_f31c67,PUR_IED_FranciscoMati_S13_f31c67,,,,,
2026-09-12T04:51:06-05:00,PUR_IED_FranciscoMati_S14_97dead,PUR_IED_FranciscoMati_S14_97dead,,,,,
2026-09-12T04:51:06-05:00,PUR_IED_FranciscoPS_Ext_7bfa9a,PUR_IED_FranciscoPS_Ext_7bfa9a,2,19,60,4.5899,-74.110397
2026-09-12T04:51:06-05:00,PUR_IED_FranciscoPS_Infor_fb8f4c,PUR_IED_FranciscoPS_Infor_fb8f4c,,,,,
2026-09-12T04:51:06-05:00,PUR_IED_FranciscoPS_Quimi_94d39c,PUR_IED_FranciscoPS_Quimi_94d39c,,,,,
2026-09-12T04:51:06-05:00,PUR_IED_FranciscoP_LabQ_d7e148,PUR_IED_FranciscoP_LabQ_d7e148,,,,,
2026-09-12T04:51:06-05:00,PUR_IED_FranciscoP_S28_cf9b30,PUR_IED_FranciscoP_S28_cf9b30,,,,,
2026-09-12T04:51:06-05:00,PUR_IED_FranciscoP_ext_e2313,PUR_IED_FranciscoP_ext_e2313,,,,,
2026-09-12T04:51:06-05:00,PUR_IED_FriederichN_Ext_8ac92a,PUR_IED_FriederichN_Ext_8ac92a,,,,,
2026-09-12T04:51:06-05:00,PUR_IED_FriederichN_S301_dd7e5a,PUR_IED_FriederichN_S301_dd7e5a,,,,,
2026-09-12T04:51:06-05:00,PUR_IED_FriederichN_S308_761f4f,PUR_IED_FriederichN_S308_761f4f,,,,,
2026-09-12T04:51:06-05:00,PUR_IED_GSantander_Aula10_533dd7,PUR_IED_GSantander_Aula10_533dd7,,,,,
2026-09-12T04:51:06-05:00,PUR_IED_GSantander_Aula12_fd4e4f,PUR_IED_GSantander_Aula12_fd4e4f,,,,,
2026-09-12T04:51:06-05:00,PUR_IED_GSantander_Aula310_533dd7,PUR_IED_GSantander_Aula310_533dd7,,,,,
2026-09-12T04:51:06-05:00,PUR_IED_GSantander_Aula312_fd4e4f,PUR_IED_GSantander_Aula312_fd4e4f,,,,,
2026-09-12T04:51:06-05:00,PUR_IED_GSantander_Ext_5f66b0,PUR_IED_GSantander_Ext_5f66b0,,,,,
2026-09-12T04:51:06-05:00,PUR_IED_GYomasa_Ext_f6bea5,PUR_IED_GYomasa_Ext_f6bea5,,,,,
2026-09-12T04:51:06-05:00,PUR_IED_GYomasa_LBiol_2c41aa,PUR_IED_GYomasa_LBiol_2c41aa,,,,,
2026-09-12T04:51:06-05:00,PUR_IED_GYomasa_LQuim_33c80,PUR_IED_GYomasa_LQuim_33c80,,,,,
2026-09-12T04:51:06-05:00,PUR_IED_GabBetMejia_Cienc_5a99c,PUR_IED_GabBetMejia_Cienc_5a99c,,,,,
2026-09-12T04:51:06-05:00,PUR_IED_GabBetMejia_Ext_9153d0,PUR_IED_GabBetMejia_Ext_9153d0,,,,,
2026-09-12T04:51:06-05:00,PUR_IED_GabBetMejia_Lab_f55347,PUR_IED_GabBetMejia_Lab_f55347,,,,,
2026-09-12T04:51:06-05:00,PUR_IED_GabBetanMejia_Ext_9153d0,PUR_IED_GabBetanMejia_Ext_9153d0,,,,,
2026-09-12T04:51:06-05:00,PUR_IED_Gaitana_Aula13_7aac11,PUR_IED_Gaitana_Aula13_7aac11,,,,,
2026-09-12T04:51:06-05:00,PUR_IED_Gaitana_Ext_5fcf4,PUR_IED_Gaitana_Ext_5fcf4,,,,,
2026-09-12T04:51:06-05:00,PUR_IED_Gaitana_LabFisica_644448,PUR_IED_Gaitana_LabFisica_644448,,,,,
2026-09-12T04:51:06-05:00,PUR_IED_GenSantander_Dise_8ac858,PUR_IED_GenSantander_Dise_8ac858,,,,,
2026-09-12T04:51:06-05:00,PUR_IED_GenSantander_Ext_8d5dfe,PUR_IED_GenSantander_Ext_8d5dfe,,,,,
2026-09-12T04:51:06-05:00,PUR_IED_GenSantander_Info_6c25b,PUR_IED_GenSantander_Info_6c25b,,,,,
2026-09-12T04:51:06-05:00,PUR_IED_GustavoMo_Exterio_75e63d,PUR_IED_GustavoMo_Exterio_75e63d,,,,,
2026-09-12T04:51:06-05:00,PUR_IED_GustavoMo_LabFisi_224d37,PUR_IED_GustavoMo_LabFisi_224d37,,,,,
2026-09-12T04:51:06-05:00,PUR_IED_GustavoMo_S208_3e6918,PUR_IED_GustavoMo_S208_3e6918,,,,,
2026-09-12T04:51:06-05:00,PUR_IED_GustavoR_A02_8cd4a8,PUR_IED_GustavoR_A02_8cd4a8,,,,,
2026-09-12T04:51:06-05:00,PUR_IED_GustavoR_B11_5b0ed,PUR_IED_GustavoR_B11_5b0ed,,,,,
2026-09-12T04:51:06-05:00,PUR_IED_GustavoR_Ext_7a0c90,PUR_IED_GustavoR_Ext_7a0c90,,,,,
2026-09-12T04:51:06-05:00,PUR_IED_HernandoDuran_Ext_8cd82b,PUR_IED_HernandoDuran_Ext_8cd82b,,,,,
2026-09-12T04:51:06-05:00,PUR_IED_HernandoDuran_S24_2772c6,PUR_IED_HernandoDuran_S24_2772c6,,,,,
2026-09-12T04:51:06-05:00,PUR_IED_HernandoDuran_S30_f2de41,PUR_IED_HernandoDuran_S30_f2de41,,,,,
2026-09-12T04:51:06-05:00,PUR_IED_HolguInUr_S1101_8cd732,PUR_IED_HolguInUr_S1101_8cd732,,,,,
2026-09-12T04:51:06-05:00,PUR_IED_HolguinUr_Exter_ddae6d,PUR_IED_HolguinUr_Exter_ddae6d,,,,,
2026-09-12T04:51:06-05:00,PUR_IED_HolguinUr_LabQuim_92b952,PUR_IED_HolguinUr_LabQuim_92b952,,,,,
2026-09-12T04:51:06-05:00,PUR_IED_Isabel-II_Ext_5245cc,PUR_IED_Isabel-II_Ext_5245cc,10,18,60,4.6336,-74.153
2026-09-12T04:51:06-05:00,PUR_IED_Isabel-II_S_idiom_1c29aa,PUR_IED_Isabel-II_S_idiom_1c29aa,,,,,
2026-09-12T04:51:06-05:00,PUR_IED_Isabel-II_S_infor_fd741,PUR_IED_Isabel-II_S_infor_fd741,,,,,
2026-09-12T04:51:06-05:00,PUR_IED_IsidroSur_Exterio_5b90ea,PUR_IED_IsidroSur_Exterio_5b90ea,,,,,
2026-09-12T04:51:06-05:00,PUR_IED_IsidroSur_LabTec_56697a,PUR_IED_IsidroSur_LabTec_56697a,,,,,
2026-09-12T04:51:06-05:00,PUR_IED_IsidroSur_Robotic_b7c38f,PUR_IED_IsidroSur_Robotic_b7c38f,,,,,
2026-09-12T04:51:06-05:00,PUR_IED_IsmaelPerd_Ext_7b6672,PUR_IED_IsmaelPerd_Ext_7b6672,,,,,
2026-09-12T04:51:06-05:00,PUR_IED_IsmaelPerd_Inform_306540,PUR_IED_IsmaelPerd_Inform_306540,,,,,
2026-09-12T04:51:06-05:00,PUR_IED_IsmaelPerd_S30_2e2c83,PUR_IED_IsmaelPerd_S30_2e2c83,,,,,
2026-09-12T04:51:06-05:00,PUR_IED_JLozano_Exter_432910,PUR_IED_JLozano_Exter_432910,,,,,
2026-09-12T04:51:06-05:00,PUR_IED_JLozano_salaMulti_df5125,PUR_IED_JLozano_salaMulti_df5125,,,,,
2026-09-12T04:51:06-05:00,PUR_IED_JMCordoba_206_86f80b,PUR_IED_JMCordoba_206_86f80b,,,,,
2026-09-12T04:51:06-05:00,PUR_IED_JMCordoba_Ext_27ad97,PUR_IED_JMCordoba_Ext_27ad97,,,,,
2026-09-12T04:51:06-05:00,PUR_IED_JMCordoba_S310_d59ab4,PUR_IED_JMCordoba_S310_d59ab4,,,,,
2026-09-12T04:51:06-05:00,PUR_IED_Japon_Ext_549100,PUR_IED_Japon_Ext_549100,,,,,
2026-09-12T04:51:06-05:00,PUR_IED_Japon_Laboratorio_bec51d,PUR_IED_Japon_Laboratorio_bec51d,,,,,
2026-09-12T04:51:06-05:00,PUR_IED_Japon_informatica_d99327,PUR_IED_Japon_informatica_d99327,,,,,
2026-09-12T04:51:06-05:00,PUR_IED_Jazmin_Ext_d27bda,PUR_IED_Jazmin_Ext_d27bda,,,,,
2026-09-12T04:51:06-05:00,PUR_IED_Jazmin_Fisica_8d14d7,PUR_IED_Jazmin_Fisica_8d14d7,,,,,
2026-09-12T04:51:06-05:00,PUR_IED_Jazmin_Quimica_801cb5,PUR_IED_Jazmin_Quimica_801cb5,,,,,
2026-09-12T04:51:06-05:00,PUR_IED_JorgeGaitan_Exter_f098d1,PUR_IED_JorgeGaitan_Exter_f098d1,,,,,
2026-09-12T04:51:06-05:00,PUR_IED_JorgeGaitan_STec1_dc9d1d,PUR_IED_JorgeGaitan_STec1_dc9d1d,,,,,
2026-09-12T04:51:06-05:00,PUR_IED_JorgeGaitan_STec2_281e69,PUR_IED_JorgeGaitan_STec2_281e69,,,,,
2026-09-12T04:51:06-05:00,PUR_IED_JorgeSoto_Exterio_d9d0a2,PUR_IED_JorgeSoto_Exterio_d9d0a2,,,,,
2026-09-12T04:51:06-05:00,PUR_IED_JorgeSoto_LabFisi_209c54,PUR_IED_JorgeSoto_LabFisi_209c54,,,,,
2026-09-12T04:51:06-05:00,PUR_IED_JorgeSoto_S103_27b51a,PUR_IED_JorgeSoto_S103_27b51a,,,,,
2026-09-12T04:51:06-05:00,PUR_IED_JoseAcevedo_A02_e965eb,PUR_IED_JoseAcevedo_A02_e965eb,,,,,
2026-09-12T04:51:06-05:00,PUR_IED_JoseAcevedo_A07_dd5b4,PUR_IED_JoseAcevedo_A07_dd5b4,,,,,
2026-09-12T04:51:06-05:00,PUR_IED_JoseAcevedo_Ext_b47484,PUR_IED_JoseAcevedo_Ext_b47484,,,,,
2026-09-12T04:51:06-05:00,PUR_IED_JoseMarti_Exte_5b9bf,PUR_IED_JoseMarti_Exte_5b9bf,,,,,
2026-09-12T04:51:06-05:00,PUR_IED_JoseMarti_LabQuim_1c6c2d,PUR_IED_JoseMarti_LabQuim_1c6c2d,,,,,
2026-09-12T04:51:06-05:00,PUR_IED_JoseMarti_S_info_f5f177,PUR_IED_JoseMarti_S_info_f5f177,,,,,
2026-09-12T04:51:06-05:00,PUR_IED_Josejoaquin_Ext_dfc5dc,PUR_IED_Josejoaquin_Ext_dfc5dc,,,,,
2026-09-12T04:51:06-05:00,PUR_IED_Josejoaquin_S05_5b2a96,PUR_IED_Josejoaquin_S05_5b2a96,,,,,
2026-09-12T04:51:06-05:00,PUR_IED_Josejoaquin_S06_1ce7d2,PUR_IED_Josejoaquin_S06_1ce7d2,,,,,
2026-09-12T04:51:06-05:00,PUR_IED_JulioFlorez_Danza_9b82dd,PUR_IED_JulioFlorez_Danza_9b82dd,,,,,
2026-09-12T04:51:06-05:00,PUR_IED_JulioFlorez_Exter_f9f314,PUR_IED_JulioFlorez_Exter_f9f314,,,,,
2026-09-12T04:51:06-05:00,PUR_IED_JulioFlorez_info2_6b6e08,PUR_IED_JulioFlorez_info2_6b6e08,,,,,
2026-09-12T04:51:06-05:00,PUR_IED_LaBelleza_Aula13_1d00d8,PUR_IED_LaBelleza_Aula13_1d00d8,,,,,
2026-09-12T04:51:06-05:00,PUR_IED_LaBelleza_Ext_7bc08c,PUR_IED_LaBelleza_Ext_7bc08c,,,,,
2026-09-12T04:51:06-05:00,PUR_IED_LaChucua_Ext_8cd6d2,PUR_IED_LaChucua_Ext_8cd6d2,,,,,
2026-09-12T04:51:06-05:00,PUR_IED_LaChucua_S15_f578ce,PUR_IED_LaChucua_S15_f578ce,,,,,
2026-09-12T04:51:06-05:00,PUR_IED_LaChucua_S16_eebcf9,PUR_IED_LaChucua_S16_eebcf9,,,,,
2026-09-12T04:51:06-05:00,PUR_IED_LaFelicidad_Ext_fb5109,PUR_IED_LaFelicidad_Ext_fb5109,,,,,
2026-09-12T04:51:06-05:00,PUR_IED_LaMerced_206_66ebd,PUR_IED_LaMerced_206_66ebd,,,,,
2026-09-12T04:51:06-05:00,PUR_IED_LaMerced_207_6ebd6,PUR_IED_LaMerced_207_6ebd6,,,,,
2026-09-12T04:51:06-05:00,PUR_IED_LaMerced_ext_304311,PUR_IED_LaMerced_ext_304311,,,,,
2026-09-12T04:51:06-05:00,PUR_IED_Laureano_CiencNat_281e5e,PUR_IED_Laureano_CiencNat_281e5e,,,,,
2026-09-12T04:51:06-05:00,PUR_IED_Laureano_Comedor_f65c0a,PUR_IED_Laureano_Comedor_f65c0a,,,,,
2026-09-12T04:51:06-05:00,PUR_IED_Laureano_Exterior_7ab011,PUR_IED_Laureano_Exterior_7ab011,,,,,
2026-09-12T04:51:06-05:00,PUR_IED_LeonGreiff_Exte_dfe560,PUR_IED_LeonGreiff_Exte_dfe560,,,,,
2026-09-12T04:51:06-05:00,PUR_IED_LeonGreiff_S210_f264ed,PUR_IED_LeonGreiff_S210_f264ed,,,,,
2026-09-12T04:51:06-05:00,PUR_IED_LeonGreiff_SQuimi_e8296f,PUR_IED_LeonGreiff_SQuimi_e8296f,,,,,
2026-09-12T04:51:06-05:00,PUR_IED_LlanoOrientalS208_7b9fcd,PUR_IED_LlanoOrientalS208_7b9fcd,,,,,
2026-09-12T04:51:06-05:00,PUR_IED_LlanoOriental_Ext_fb3766,PUR_IED_LlanoOriental_Ext_fb3766,,,,,
2026-09-12T04:51:06-05:00,PUR_IED_LlanoOriental_S208_7b9fcd,PUR_IED_LlanoOriental_S208_7b9fcd,,,,,
2026-09-12T04:51:06-05:00,PUR_IED_LlanoOriental_S9_27b378,PUR_IED_LlanoOriental_S9_27b378,,,,,
2026-09-12T04:51:06-05:00,PUR_IED_LosTejares_1101_477602,PUR_IED_LosTejares_1101_477602,,,,,
2026-09-12T04:51:06-05:00,PUR_IED_LosTejares_11_d2c595,PUR_IED_LosTejares_11_d2c595,,,,,
2026-09-12T04:51:06-05:00,PUR_IED_LosTejares_12_477602,PUR_IED_LosTejares_12_477602,,,,,
2026-09-12T04:51:06-05:00,PUR_IED_LosTejares_Ext_8e2115,PUR_IED_LosTejares_Ext_8e2115,,,,,
2026-09-12T04:51:06-05:00,PUR_IED_MagdalenaO_B202_5ddda3,PUR_IED_MagdalenaO_B202_5ddda3,,,,,
2026-09-12T04:51:06-05:00,PUR_IED_MagdalenaO_B205_fb76e8,PUR_IED_MagdalenaO_B205_fb76e8,,,,,
2026-09-12T04:51:06-05:00,PUR_IED_MagdalenaO_ext_dc69cd,PUR_IED_MagdalenaO_ext_dc69cd,,,,,
2026-09-12T04:51:06-05:00,PUR_IED_ManueCepeda_artes_eee956,PUR_IED_ManueCepeda_artes_eee956,,,,,
2026-09-12T04:51:06-05:00,PUR_IED_ManuelCepeda_Ext_58313,PUR_IED_ManuelCepeda_Ext_58313,,,,,
2026-09-12T04:51:06-05:00,PUR_IED_ManuelCepeda_tec_1c5731,PUR_IED_ManuelCepeda_tec_1c5731,,,,,
2026-09-12T04:51:06-05:00,PUR_IED_ManuelS_Exterior_5b269,PUR_IED_ManuelS_Exterior_5b269,,,,,
2026-09-12T04:51:06-05:00,PUR_IED_ManuelS_Inform_f369ce,PUR_IED_ManuelS_Inform_f369ce,,,,,
2026-09-12T04:51:06-05:00,PUR_IED_ManuelS_SArtes_7d15f1,PUR_IED_ManuelS_SArtes_7d15f1,,,,,
2026-09-12T04:51:06-05:00,PUR_IED_ManuelZapata_303_3ca6,PUR_IED_ManuelZapata_303_3ca6,,,,,
2026-09-12T04:51:06-05:00,PUR_IED_ManuelZapata_311_bfbabc,PUR_IED_ManuelZapata_311_bfbabc,,,,,
2026-09-12T04:51:06-05:00,PUR_IED_ManuelZapata_Ext_50824a,PUR_IED_ManuelZapata_Ext_50824a,,,,,
2026-09-12T04:51:06-05:00,PUR_IED_ManuelitaS_Exteri_656a92,PUR_IED_ManuelitaS_Exteri_656a92,,,,,
2026-09-12T04:51:06-05:00,PUR_IED_ManuelitaS_JuzgDe_f58ec3,PUR_IED_ManuelitaS_JuzgDe_f58ec3,,,,,
2026-09-12T04:51:06-05:00,PUR_IED_ManuelitaS_Recrea_d793db,PUR_IED_ManuelitaS_Recrea_d793db,,,,,
2026-09-12T04:51:06-05:00,PUR_IED_MarFidSuarez_Ext_c27b19,PUR_IED_MarFidSuarez_Ext_c27b19,,,,,
2026-09-12T04:51:06-05:00,PUR_IED_MarFidSuarez_Info_e384d7,PUR_IED_MarFidSuarez_Info_e384d7,,,,,
2026-09-12T04:51:06-05:00,PUR_IED_MarFidSuarez_S306_1d0032,PUR_IED_MarFidSuarez_S306_1d0032,,,,,
2026-09-12T04:51:06-05:00,PUR_IED_Menorah_301_2a25a3,PUR_IED_Menorah_301_2a25a3,,,,,
2026-09-12T04:51:06-05:00,PUR_IED_Menorah_306_37ed3,PUR_IED_Menorah_306_37ed3,,,,,
2026-09-12T04:51:06-05:00,PUR_IED_Menorah_Ext_3e155b,PUR_IED_Menorah_Ext_3e155b,,,,,
2026-09-12T04:51:06-05:00,PUR_IED_MinutoB.Aires_A11_1b1604,PUR_IED_MinutoB.Aires_A11_1b1604,,,,,
2026-09-12T04:51:06-05:00,PUR_IED_MinutoB.Aires_A12_fb5860,PUR_IED_MinutoB.Aires_A12_fb5860,,,,,
2026-09-12T04:51:06-05:00,PUR_IED_MinutoB.Aires_Ext_81293f,PUR_IED_MinutoB.Aires_Ext_81293f,,,,,
2026-09-12T04:51:06-05:00,PUR_IED_MinutoBAires_A11_1b1604,PUR_IED_MinutoBAires_A11_1b1604,,,,,
2026-09-12T04:51:06-05:00,PUR_IED_MinutoBAires_A12_fb5860,PUR_IED_MinutoBAires_A12_fb5860,,,,,
2026-09-12T04:51:06-05:00,PUR_IED_MinutoBAires_Ext_81293f,PUR_IED_MinutoBAires_Ext_81293f,,,,,
2026-09-12T04:51:06-05:00,PUR_IED_Montreal_Aula10_1e4959,PUR_IED_Montreal_Aula10_1e4959,,,,,
2026-09-12T04:51:06-05:00,PUR_IED_Montreal_Aula6_300367,PUR_IED_Montreal_Aula6_300367,,,,,
2026-09-12T04:51:06-05:00,PUR_IED_Montreal_Exterior_91a179,PUR_IED_Montreal_Exterior_91a179,,,,,
2026-09-12T04:51:06-05:00,PUR_IED_Mqgdalena_B202_5ddda3,PUR_IED_Mqgdalena_B202_5ddda3,,,,,
2026-09-12T04:51:06-05:00,PUR_IED_NACUND_Soc_dc8728,PUR_IED_NACUND_Soc_dc8728,,,,,
2026-09-12T04:51:06-05:00,PUR_IED_NACUND_ext_27ad97,PUR_IED_NACUND_ext_27ad97,,,,,
2026-09-12T04:51:06-05:00,PUR_IED_NEsperanza_Ext_d24b61,PUR_IED_NEsperanza_Ext_d24b61,,,,,
2026-09-12T04:51:06-05:00,PUR_IED_NEsperanza_SElect_7d1807,PUR_IED_NEsperanza_SElect_7d1807,,,,,
2026-09-12T04:51:06-05:00,PUR_IED_NEsperanza_SLabor_8b2d0a,PUR_IED_NEsperanza_SLabor_8b2d0a,,,,,
2026-09-12T04:51:06-05:00,PUR_IED_NacionesU_Ext_f661a9,PUR_IED_NacionesU_Ext_f661a9,,,,,
2026-09-12T04:51:06-05:00,PUR_IED_NacionesU_Quimica_66f0a,PUR_IED_NacionesU_Quimica_66f0a,,,,,
2026-09-12T04:51:06-05:00,PUR_IED_NacionesU_S306_1b4b3d,PUR_IED_NacionesU_S306_1b4b3d,,,,,
2026-09-12T04:51:06-05:00,PUR_IED_NestorFA_Ext_e4201c,PUR_IED_NestorFA_Ext_e4201c,,,,,
2026-09-12T04:51:06-05:00,PUR_IED_NestorFA_Laborato_f22fe0,PUR_IED_NestorFA_Laborato_f22fe0,,,,,
2026-09-12T04:51:06-05:00,PUR_IED_NestorFA_S204_dee996,PUR_IED_NestorFA_S204_dee996,,,,,
2026-09-12T04:51:06-05:00,PUR_IED_NidyaQT_Aula03_76999b,PUR_IED_NidyaQT_Aula03_76999b,,,,,
2026-09-12T04:51:06-05:00,PUR_IED_NidyaQT_Aula10_56325,PUR_IED_NidyaQT_Aula10_56325,,,,,
2026-09-12T04:51:06-05:00,PUR_IED_NidyaQT_Ext_46e32d,PUR_IED_NidyaQT_Ext_46e32d,,,,,
2026-09-12T04:51:06-05:00,PUR_IED_NuevaCol_Exterior_d9b859,PUR_IED_NuevaCol_Exterior_d9b859,,,,,
2026-09-12T04:51:06-05:00,PUR_IED_NuevaCol_S1101_76c43b,PUR_IED_NuevaCol_S1101_76c43b,,,,,
2026-09-12T04:51:06-05:00,PUR_IED_NuevaCol_S1102_1ce0b5,PUR_IED_NuevaCol_S1102_1ce0b5,,,,,
2026-09-12T04:51:06-05:00,PUR_IED_OEA_A202_f7e3f2,PUR_IED_OEA_A202_f7e3f2,,,,,
2026-09-12T04:51:06-05:00,PUR_IED_OEA_A203_7d1b8d,PUR_IED_OEA_A203_7d1b8d,,,,,
2026-09-12T04:51:06-05:00,PUR_IED_OEA_Ext_27b593,PUR_IED_OEA_Ext_27b593,,,,,
2026-09-12T04:51:06-05:00,PUR_IED_Ochoa_Ext_1c29da,PUR_IED_Ochoa_Ext_1c29da,,,,,
2026-09-12T04:51:06-05:00,PUR_IED_Ochoa_S205_8b1121,PUR_IED_Ochoa_S205_8b1121,,,,,
2026-09-12T04:51:06-05:00,PUR_IED_Ochoa_Sistemas_f33af6,PUR_IED_Ochoa_Sistemas_f33af6,,,,,
2026-09-12T04:51:06-05:00,PUR_IED_PQuebec_Ext_1c67c7,PUR_IED_PQuebec_Ext_1c67c7,,,,,
2026-09-12T04:51:06-05:00,PUR_IED_PQuebec_S15_23e8e2,PUR_IED_PQuebec_S15_23e8e2,,,,,
2026-09-12T04:51:06-05:00,PUR_IED_PQuebec_S16_8ec76b,PUR_IED_PQuebec_S16_8ec76b,,,,,
2026-09-12T04:51:06-05:00,PUR_IED_PabloN_Ext_49dc96,PUR_IED_PabloN_Ext_49dc96,,,,,
2026-09-12T04:51:06-05:00,PUR_IED_PabloN_S1102_4e3df5,PUR_IED_PabloN_S1102_4e3df5,,,,,
2026-09-12T04:51:06-05:00,PUR_IED_PabloN_S1103_50c94b,PUR_IED_PabloN_S1103_50c94b,,,,,
2026-09-12T04:51:06-05:00,PUR_IED_Palestina_S1101_db9198,PUR_IED_Palestina_S1101_db9198,,,,,
2026-09-12T04:51:06-05:00,PUR_IED_Palestina_S1102_dc54fa,PUR_IED_Palestina_S1102_dc54fa,,,,,
2026-09-12T04:51:06-05:00,PUR_IED_Palestina_ext_4ccce6,PUR_IED_Palestina_ext_4ccce6,,,,,
2026-09-12T04:51:06-05:00,PUR_IED_Panama_Fisica_4d0794,PUR_IED_Panama_Fisica_4d0794,,,,,
2026-09-12T04:51:06-05:00,PUR_IED_Panama_SIngles_a4077e,PUR_IED_Panama_SIngles_a4077e,,,,,
2026-09-12T04:51:06-05:00,PUR_IED_Panama_ext_4c54b4,PUR_IED_Panama_ext_4c54b4,,,,,
2026-09-12T04:51:06-05:00,PUR_IED_ParaisoM_Exterior_8cd7f0,PUR_IED_ParaisoM_Exterior_8cd7f0,,,,,
2026-09-12T04:51:06-05:00,PUR_IED_ParaisoM_Laborato_27af35,PUR_IED_ParaisoM_Laborato_27af35,,,,,
2026-09-12T04:51:06-05:00,PUR_IED_ParaisoM_S304_d1edca,PUR_IED_ParaisoM_S304_d1edca,,,,,
2026-09-12T04:51:06-05:00,PUR_IED_PorfirioBarba_Ext_301466,PUR_IED_PorfirioBarba_Ext_301466,,,,,
2026-09-12T04:51:06-05:00,PUR_IED_PorfirioBarba_S11_df6cd2,PUR_IED_PorfirioBarba_S11_df6cd2,,,,,
2026-09-12T04:51:06-05:00,PUR_IED_PorfirioBarba_S29_27a7d6,PUR_IED_PorfirioBarba_S29_27a7d6,,,,,
2026-09-12T04:51:06-05:00,PUR_IED_PradoV_Exter_8b27ad,PUR_IED_PradoV_Exter_8b27ad,,,,,
2026-09-12T04:51:06-05:00,PUR_IED_PradoV_S301_de65b5,PUR_IED_PradoV_S301_de65b5,,,,,
2026-09-12T04:51:06-05:00,PUR_IED_PradoV_S302_7d2593,PUR_IED_PradoV_S302_7d2593,,,,,
2026-09-12T04:51:06-05:00,PUR_IED_QuirogaAlz_Ext_1ddc82,PUR_IED_QuirogaAlz_Ext_1ddc82,,,,,
2026-09-12T04:51:06-05:00,PUR_IED_QuirogaAlz_S302_9926a3,PUR_IED_QuirogaAlz_S302_9926a3,,,,,
2026-09-12T04:51:06-05:00,PUR_IED_QuirogaAlz_S305_cdf1f1,PUR_IED_QuirogaAlz_S305_cdf1f1,,,,,
2026-09-12T04:51:06-05:00,PUR_IED_RGuatemala_Biling_dc53b7,PUR_IED_RGuatemala_Biling_dc53b7,,,,,
2026-09-12T04:51:06-05:00,PUR_IED_RGuatemala_Ext_1b89a3,PUR_IED_RGuatemala_Ext_1b89a3,,,,,
2026-09-12T04:51:06-05:00,PUR_IED_RGuatemala_Tecnol_281a34,PUR_IED_RGuatemala_Tecnol_281a34,,,,,
2026-09-12T04:51:06-05:00,PUR_IED_RafaNu_Ext_f7c302,PUR_IED_RafaNu_Ext_f7c302,,,,,
2026-09-12T04:51:06-05:00,PUR_IED_RafaNu_S1101_25fde,PUR_IED_RafaNu_S1101_25fde,,,,,
2026-09-12T04:51:06-05:00,PUR_IED_RafaNu_S1102_281517,PUR_IED_RafaNu_S1102_281517,,,,,
2026-09-12T04:51:06-05:00,PUR_IED_RafaelB_S305_ee2783,PUR_IED_RafaelB_S305_ee2783,,,,,
2026-09-12T04:51:06-05:00,PUR_IED_RafaelB_S306_75fe33,PUR_IED_RafaelB_S306_75fe33,,,,,
2026-09-12T04:51:06-05:00,PUR_IED_RafaelB_ext_283336,PUR_IED_RafaelB_ext_283336,3,17,63,4.6722,-74.0737
2026-09-12T04:51:06-05:00,PUR_IED_RafaelUU_Exterior_281a51,PUR_IED_RafaelUU_Exterior_281a51,,,,,
2026-09-12T04:51:06-05:00,PUR_IED_RafaelUU_Human_806b2,PUR_IED_RafaelUU_Human_806b2,,,,,
2026-09-12T04:51:06-05:00,PUR_IED_RafaelUU_Mate2_5680d4,PUR_IED_RafaelUU_Mate2_5680d4,,,,,
2026-09-12T04:51:06-05:00,PUR_IED_RamonSub_Ext_f9eeb9,PUR_IED_RamonSub_Ext_f9eeb9,,,,,
2026-09-12T04:51:06-05:00,PUR_IED_RamonSub_Media_d1f62f,PUR_IED_RamonSub_Media_d1f62f,,,,,
2026-09-12T04:51:06-05:00,PUR_IED_RamonSub_planta_51b82,PUR_IED_RamonSub_planta_51b82,,,,,
2026-09-12T04:51:06-05:00,PUR_IED_RepBoliVene_Exter_27af7c,PUR_IED_RepBoliVene_Exter_27af7c,,,,,
2026-09-12T04:51:06-05:00,PUR_IED_RepBoliVene_SCPT_5ae2ee,PUR_IED_RepBoliVene_SCPT_5ae2ee,,,,,
2026-09-12T04:51:06-05:00,PUR_IED_RepBoliVene_Socia_4b11d5,PUR_IED_RepBoliVene_Socia_4b11d5,,,,,
2026-09-12T04:51:06-05:00,PUR_IED_RepChina_Ext_76d9ee,PUR_IED_RepChina_Ext_76d9ee,,,,,
2026-09-12T04:51:06-05:00,PUR_IED_RepChina_S404_7c804c,PUR_IED_RepChina_S404_7c804c,,,,,
2026-09-12T04:51:06-05:00,PUR_IED_RepChina_S405_df2c33,PUR_IED_RepChina_S405_df2c33,,,,,
2026-09-12T04:51:06-05:00,PUR_IED_RepublicaC_Exteri_7d1ec9,PUR_IED_RepublicaC_Exteri_7d1ec9,,,,,
2026-09-12T04:51:06-05:00,PUR_IED_RepublicaC_S1101_f544b3,PUR_IED_RepublicaC_S1101_f544b3,,,,,
2026-09-12T04:51:06-05:00,PUR_IED_RepublicaC_S1102_7aafc7,PUR_IED_RepublicaC_S1102_7aafc7,,,,,
2026-09-12T04:51:06-05:00,PUR_IED_Ricaurte_Externo_a0ea1,PUR_IED_Ricaurte_Externo_a0ea1,,,,,
2026-09-12T04:51:06-05:00,PUR_IED_Ricaurte_S210_f546fd,PUR_IED_Ricaurte_S210_f546fd,,,,,
2026-09-12T04:51:06-05:00,PUR_IED_Ricaurte_S309_d4452,PUR_IED_Ricaurte_S309_d4452,,,,,
2026-09-12T04:51:06-05:00,PUR_IED_RogelioS_1102_531e69,PUR_IED_RogelioS_1102_531e69,,,,,
2026-09-12T04:51:06-05:00,PUR_IED_RogelioS_Ext_f25a18,PUR_IED_RogelioS_Ext_f25a18,,,,,
2026-09-12T04:51:06-05:00,PUR_IED_SBernardino_Ext_27aff8,PUR_IED_SBernardino_Ext_27aff8,,,,,
2026-09-12T04:51:06-05:00,PUR_IED_SBernardino_SArte_2ffd33,PUR_IED_SBernardino_SArte_2ffd33,,,,,
2026-09-12T04:51:06-05:00,PUR_IED_SBernardino_SIngl_7c7da5,PUR_IED_SBernardino_SIngl_7c7da5,,,,,
2026-09-12T04:51:06-05:00,PUR_IED_Sago_auditorio_dc9d1d,PUR_IED_Sago_auditorio_dc9d1d,,,,,
2026-09-12T04:51:06-05:00,PUR_IED_Saludcoop_Ext_95aac3,PUR_IED_Saludcoop_Ext_95aac3,,,,,
2026-09-12T04:51:06-05:00,PUR_IED_Saludcoop_InfI_90c854,PUR_IED_Saludcoop_InfI_90c854,,,,,
2026-09-12T04:51:06-05:00,PUR_IED_Saludcoop_SMedia_1b93be,PUR_IED_Saludcoop_SMedia_1b93be,,,,,
2026-09-12T04:51:06-05:00,PUR_IED_SanCarlos_1101_1a2360,PUR_IED_SanCarlos_1101_1a2360,,,,,
2026-09-12T04:51:06-05:00,PUR_IED_SanCarlos_1103_7bafb5,PUR_IED_SanCarlos_1103_7bafb5,,,,,
2026-09-12T04:51:06-05:00,PUR_IED_SanCarlos_Ext_b7cd1,PUR_IED_SanCarlos_Ext_b7cd1,,,,,
2026-09-12T04:51:06-05:00,PUR_IED_SanIgnacioBosa11a_50c26e,PUR_IED_SanIgnacioBosa11a_50c26e,,,,,
2026-09-12T04:51:06-05:00,PUR_IED_SanIgnacioBosa11b_371de8,PUR_IED_SanIgnacioBosa11b_371de8,,,,,
2026-09-12T04:51:06-05:00,PUR_IED_SanIgnacioBosaExt_ef0ffc,PUR_IED_SanIgnacioBosaExt_ef0ffc,,,,,
2026-09-12T04:51:06-05:00,PUR_IED_SanIgnacioBosa_11a_50c26e,PUR_IED_SanIgnacioBosa_11a_50c26e,,,,,
2026-09-12T04:51:06-05:00,PUR_IED_SanIgnacioBosa_Ext_ef0ffc,PUR_IED_SanIgnacioBosa_Ext_ef0ffc,,,,,
2026-09-12T04:51:06-05:00,PUR_IED_SanJoseN_intS1101_31c47f,PUR_IED_SanJoseN_intS1101_31c47f,,,,,
2026-09-12T04:51:06-05:00,PUR_IED_SanJoseUsm_Exter_f5d7e8,PUR_IED_SanJoseUsm_Exter_f5d7e8,,,,,
2026-09-12T04:51:06-05:00,PUR_IED_SanJoseUsm_Int11A_cfdef6,PUR_IED_SanJoseUsm_Int11A_cfdef6,,,,,
2026-09-12T04:51:06-05:00,PUR_IED_SilveriaR_IntB5_905349,PUR_IED_SilveriaR_IntB5_905349,,,,,
2026-09-12T04:51:06-05:00,PUR_IED_SilveriaR_IntSD14_981f93,PUR_IED_SilveriaR_IntSD14_981f93,,,,,
2026-09-12T04:51:06-05:00,PUR_IED_SilveriaR_ext_2b651d,PUR_IED_SilveriaR_ext_2b651d,,,,,
2026-09-12T04:51:06-05:00,PUR_IED_SimonB_Exterior_913975,PUR_IED_SimonB_Exterior_913975,,,,,
2026-09-12T04:51:06-05:00,PUR_IED_SimonB_LabQuimi_c56908,PUR_IED_SimonB_LabQuimi_c56908,,,,,
2026-09-12T04:51:06-05:00,PUR_IED_SimonB_informatic_a28c1,PUR_IED_SimonB_informatic_a28c1,,,,,
2026-09-12T04:51:06-05:00,PUR_IED_Sorrento_1102_315f50,PUR_IED_Sorrento_1102_315f50,,,,,
2026-09-12T04:51:06-05:00,PUR_IED_Sorrento_Minte_214eab,PUR_IED_Sorrento_Minte_214eab,,,,,
2026-09-12T04:51:06-05:00,PUR_IED_Sorrento_ext_7c3a0a,PUR_IED_Sorrento_ext_7c3a0a,,,,,
2026-09-12T04:51:06-05:00,PUR_IED_Tabora_Ext_f048ae,PUR_IED_Tabora_Ext_f048ae,,,,,
2026-09-12T04:51:06-05:00,PUR_IED_Tabora_S1102_b07752,PUR_IED_Tabora_S1102_b07752,,,,,
2026-09-12T04:51:06-05:00,PUR_IED_Tabora_S1103_d988f5,PUR_IED_Tabora_S1103_d988f5,,,,,
2026-09-12T04:51:06-05:00,PUR_IED_Tenerife_Ext_1ab188,PUR_IED_Tenerife_Ext_1ab188,,,,,
2026-09-12T04:51:06-05:00,PUR_IED_Tenerife_SDanzas_7bc02e,PUR_IED_Tenerife_SDanzas_7bc02e,,,,,
2026-09-12T04:51:06-05:00,PUR_IED_Tenerife_SIngles_7cc277,PUR_IED_Tenerife_SIngles_7cc277,,,,,
2026-09-12T04:51:06-05:00,PUR_IED_Tibabuyes_Exter_f2683d,PUR_IED_Tibabuyes_Exter_f2683d,,,,,
2026-09-12T04:51:06-05:00,PUR_IED_Tibabuyes_S10_dc87a8,PUR_IED_Tibabuyes_S10_dc87a8,,,,,
2026-09-12T04:51:06-05:00,PUR_IED_Tibabuyes_S15_dc0526,PUR_IED_Tibabuyes_S15_dc0526,,,,,
2026-09-12T04:51:06-05:00,PUR_IED_UnionE_S301_a1043,PUR_IED_UnionE_S301_a1043,,,,,
2026-09-12T04:51:06-05:00,PUR_IED_UnionE_S307_ff6c2f,PUR_IED_UnionE_S307_ff6c2f,,,,,
2026-09-12T04:51:06-05:00,PUR_IED_UnionE__Ext_5e2468,PUR_IED_UnionE__Ext_5e2468,,,,,
2026-09-12T04:51:06-05:00,PUR_IED_VillaRica_Ext_75be7c,PUR_IED_VillaRica_Ext_75be7c,,,,,
2026-09-12T04:51:06-05:00,PUR_IED_VillaRica_S4_cc5dcd,PUR_IED_VillaRica_S4_cc5dcd,,,,,
2026-09-12T04:51:06-05:00,PUR_IED_VillaRica_Sesp_99f5c,PUR_IED_VillaRica_Sesp_99f5c,,,,,
2026-09-12T04:56:06-05:00,PUR_IED_20deJulio_1101_91b1b9,PUR_IED_20deJulio_1101_91b1b9,,,,,
2026-09-12T04:56:06-05:00,PUR_IED_20deJulio_1102_1cfcf9,PUR_IED_20deJulio_1102_1cfcf9,,,,,
2026-09-12T04:56:06-05:00,PUR_IED_20deJulio_Ext_ab60bd,PUR_IED_20deJulio_Ext_ab60bd,,,,,
2026-09-12T04:56:06-05:00,PUR_IED_AgustinFer_Ext_7b9b77,PUR_IED_AgustinFer_Ext_7b9b77,,,,,
2026-09-12T04:56:06-05:00,PUR_IED_AgustinFer_Info2_27b3a7,PUR_IED_AgustinFer_Info2_27b3a7,,,,,
2026-09-12T04:56:06-05:00,PUR_IED_AgustinFer_Sena_54b4eb,PUR_IED_AgustinFer_Sena_54b4eb,,,,,
2026-09-12T04:56:06-05:00,PUR_IED_AlexanderF_1102_caf07b,PUR_IED_AlexanderF_1102_caf07b,,,,,
2026-09-12T04:56:06-05:00,PUR_IED_AlexanderF_1103_c79e71,PUR_IED_AlexanderF_1103_c79e71,,,,,
2026-09-12T04:56:06-05:00,PUR_IED_AlexanderF_Ext_c5b18b,PUR_IED_AlexanderF_Ext_c5b18b,,,,,
2026-09-12T04:56:06-05:00,PUR_IED_AlfonsoLopez_Ext_281d77,PUR_IED_AlfonsoLopez_Ext_281d77,,,,,
2026-09-12T04:56:06-05:00,PUR_IED_AlfonsoLopez_LabF_888ce0,PUR_IED_AlfonsoLopez_LabF_888ce0,,,,,
2026-09-12T04:56:06-05:00,PUR_IED_AlfonsoLopez_SMed_df6a7f,PUR_IED_AlfonsoLopez_SMed_df6a7f,,,,,
2026-09-12T04:56:06-05:00,PUR_IED_AltamiraSO_A2_209f92,PUR_IED_AltamiraSO_A2_209f92,,,,,
2026-09-12T04:56:06-05:00,PUR_IED_AltamiraSO_Ext_186d66,PUR_IED_AltamiraSO_Ext_186d66,,,,,
2026-09-12T04:56:06-05:00,PUR_IED_AltamiraSO_Sistem_27afe1,PUR_IED_AltamiraSO_Sistem_27afe1,,,,,
2026-09-12T04:56:06-05:00,PUR_IED_AlvaroGom_LabQuim_813179,PUR_IED_AlvaroGom_LabQuim_813179,,,,,
2026-09-12T04:56:06-05:00,PUR_IED_AlvaroGomez_Ext_47c7ca,PUR_IED_AlvaroGomez_Ext_47c7ca,,,,,
2026-09-12T04:56:06-05:00,PUR_IED_AlvaroGomez_LabQuim_813179,PUR_IED_AlvaroGomez_LabQuim_813179,,,,,
2026-09-12T04:56:06-05:00,PUR_IED_AlvaroGomez_S23_7ba89f,PUR_IED_AlvaroGomez_S23_7ba89f,,,,,
2026-09-12T04:56:06-05:00,PUR_IED_Amistad_306_dc8728,PUR_IED_Amistad_306_dc8728,,,,,
2026-09-12T04:56:06-05:00,PUR_IED_Amistad_Ext_8cd55e,PUR_IED_Amistad_Ext_8cd55e,,,,,
2026-09-12T04:56:06-05:00,PUR_IED_Amistad_S202_a41169,PUR_IED_Amistad_S202_a41169,,,,,
2026-09-12T04:56:06-05:00,PUR_IED_AndresBello_Bio_fd5f5e,PUR_IED_AndresBello_Bio_fd5f5e,,,,,
2026-09-12T04:56:06-05:00,PUR_IED_AndresBello_ext_dcad65,PUR_IED_AndresBello_ext_dcad65,,,,,
2026-09-12T04:56:06-05:00,PUR_IED_AndresBello_port_eed3ec,PUR_IED_AndresBello_port_eed3ec,,,,,
2026-09-12T04:56:06-05:00,PUR_IED_AngelaR_11b_d90a6b,PUR_IED_AngelaR_11b_d90a6b,,,,,
2026-09-12T04:56:06-05:00,PUR_IED_AngelaR_ext_7cad3e,PUR_IED_AngelaR_ext_7cad3e,6,19,62,4.5825,-74.164497
2026-09-12T04:56:06-05:00,PUR_IED_AntJoseSucre_10mo_df2575,PUR_IED_AntJoseSucre_10mo_df2575,,,,,
2026-09-12T04:56:06-05:00,PUR_IED_AntJoseSucre_Ext_215b36,PUR_IED_AntJoseSucre_Ext_215b36,,,,,
2026-09-12T04:56:06-05:00,PUR_IED_AntJoseSucre_Lab_3139de,PUR_IED_AntJoseSucre_Lab_3139de,,,,,
2026-09-12T04:56:06-05:00,PUR_IED_AntonioGarcia_301_d6b188,PUR_IED_AntonioGarcia_301_d6b188,,,,,
2026-09-12T04:56:06-05:00,PUR_IED_AntonioGarcia_302_88a82,PUR_IED_AntonioGarcia_302_88a82,,,,,
2026-09-12T04:56:06-05:00,PUR_IED_AntonioGarcia_Ext_20950c,PUR_IED_AntonioGarcia_Ext_20950c,,,,,
2026-09-12T04:56:06-05:00,PUR_IED_AntonioVan_Aula2_6dea02,PUR_IED_AntonioVan_Aula2_6dea02,,,,,
2026-09-12T04:56:06-05:00,PUR_IED_AntonioVan_Aula5_f1557e,PUR_IED_AntonioVan_Aula5_f1557e,,,,,
2026-09-12T04:56:06-05:00,PUR_IED_AntonioVan_Ext_406f2f,PUR_IED_AntonioVan_Ext_406f2f,,,,,
2026-09-12T04:56:06-05:00,PUR_IED_Atabanzha_Ext_cc5af9,PUR_IED_Atabanzha_Ext_cc5af9,,,,,
2026-09-12T04:56:06-05:00,PUR_IED_Atabanzha_SA101_56c37,PUR_IED_Atabanzha_SA101_56c37,,,,,
2026-09-12T04:56:06-05:00,PUR_IED_Atabanzha_SB302_27b374,PUR_IED_Atabanzha_SB302_27b374,,,,,
2026-09-12T04:56:06-05:00,PUR_IED_Atahualpa_Ext_fc1748,PUR_IED_Atahualpa_Ext_fc1748,,,,,
2026-09-12T04:56:06-05:00,PUR_IED_Atahualpa_Informa_dc9a95,PUR_IED_Atahualpa_Informa_dc9a95,,,,,
2026-09-12T04:56:06-05:00,PUR_IED_Atahualpa_S1101_f98056,PUR_IED_Atahualpa_S1101_f98056,,,,,
2026-09-12T04:56:06-05:00,PUR_IED_Bellavista_Ext_f5aa74,PUR_IED_Bellavista_Ext_f5aa74,,,,,
2026-09-12T04:56:06-05:00,PUR_IED_Bilbao_11A_916c41,PUR_IED_Bilbao_11A_916c41,,,,,
2026-09-12T04:56:06-05:00,PUR_IED_Bilbao_Ext_fb579a,PUR_IED_Bilbao_Ext_fb579a,,,,,
2026-09-12T04:56:06-05:00,PUR_IED_BrasiliaU_A125_304280,PUR_IED_BrasiliaU_A125_304280,,,,,
2026-09-12T04:56:06-05:00,PUR_IED_BrasiliaU_A203_7c8ca5,PUR_IED_BrasiliaU_A203_7c8ca5,,,,,
2026-09-12T04:56:06-05:00,PUR_IED_BrasiliaU_Ext_8d6e9f,PUR_IED_BrasiliaU_Ext_8d6e9f,5,16,67,4.5175,-74.116302
2026-09-12T04:56:06-05:00,PUR_IED_Brasilia_Ext_fe6593,PUR_IED_Brasilia_Ext_fe6593,,,,,
2026-09-12T04:56:06-05:00,PUR_IED_Brasilia_S24_7c130d,PUR_IED_Brasilia_S24_7c130d,,,,,
2026-09-12T04:56:06-05:00,PUR_IED_Brasilia_S501_186a54,PUR_IED_Brasilia_S501_186a54,,,,,
2026-09-12T04:56:06-05:00,PUR_IED_CHARRY_EXT_f1d5cd,PUR_IED_CHARRY_EXT_f1d5cd,,,,,
2026-09-12T04:56:06-05:00,PUR_IED_CHARRY_INTDANZAS_7a08e6,PUR_IED_CHARRY_INTDANZAS_7a08e6,,,,,
2026-09-12T04:56:06-05:00,PUR_IED_CHARRY_INT_AULA20_dc998d,PUR_IED_CHARRY_INT_AULA20_dc998d,,,,,
2026-09-12T04:56:06-05:00,PUR_IED_COLVIV_1101_S25_7f520a,PUR_IED_COLVIV_1101_S25_7f520a,,,,,
2026-09-12T04:56:06-05:00,PUR_IED_COLVIV_1102_S16_f570ba,PUR_IED_COLVIV_1102_S16_f570ba,,,,,
2026-09-12T04:56:06-05:00,PUR_IED_COLVIV_Ext_1a26fa,PUR_IED_COLVIV_Ext_1a26fa,,,,,
2026-09-12T04:56:06-05:00,PUR_IED_CULPOP_301A_f660f3,PUR_IED_CULPOP_301A_f660f3,,,,,
2026-09-12T04:56:06-05:00,PUR_IED_CULPOP_303_568afe,PUR_IED_CULPOP_303_568afe,,,,,
2026-09-12T04:56:06-05:00,PUR_IED_CULPOP_Ext_e02ccb,PUR_IED_CULPOP_Ext_e02ccb,,,,,
2026-09-12T04:56:06-05:00,PUR_IED_CVillavicen_Ext_26eb58,PUR_IED_CVillavicen_Ext_26eb58,7,14,82,4.487,-74.102798
2026-09-12T04:56:06-05:00,PUR_IED_CVillavicen_Intel_1ce5c2,PUR_IED_CVillavicen_Intel_1ce5c2,,,,,
2026-09-12T04:56:06-05:00,PUR_IED_CVillavicen_Poliv_e0766c,PUR_IED_CVillavicen_Poliv_e0766c,,,,,
2026-09-12T04:56:06-05:00,PUR_IED_CVillavicen_int_1ba140,PUR_IED_CVillavicen_int_1ba140,,,,,
2026-09-12T04:56:06-05:00,PUR_IED_CVillavicen_intel_1ba140,PUR_IED_CVillavicen_intel_1ba140,,,,,
2026-09-12T04:56:06-05:00,PUR_IED_CarlosPizarro_Ext_e307cc,PUR_IED_CarlosPizarro_Ext_e307cc,,,,,
2026-09-12T04:56:06-05:00,PUR_IED_CarlosPizarro_L36_7e5cdb,PUR_IED_CarlosPizarro_L36_7e5cdb,,,,,
2026-09-12T04:56:06-05:00,PUR_IED_CarlosPizarro_L37_c8566c,PUR_IED_CarlosPizarro_L37_c8566c,,,,,
2026-09-12T04:56:06-05:00,PUR_IED_Castilla_Ext_cf35f,PUR_IED_Castilla_Ext_cf35f,,,,,
2026-09-12T04:56:06-05:00,PUR_IED_Castilla_SFisik_360e38,PUR_IED_Castilla_SFisik_360e38,,,,,
2026-09-12T04:56:06-05:00,PUR_IED_Castilla_Sc304_496fbf,PUR_IED_Castilla_Sc304_496fbf,,,,,
2026-09-12T04:56:06-05:00,PUR_IED_CervantesSa_Ext_6b57b,PUR_IED_CervantesSa_Ext_6b57b,3,16,74,4.5128,-74.117203
2026-09-12T04:56:06-05:00,PUR_IED_CervantesSa_S107_225c2b,PUR_IED_CervantesSa_S107_225c2b,,,,,
2026-09-12T04:56:06-05:00,PUR_IED_CervantesSa_S108_940925,PUR_IED_CervantesSa_S108_940925,,,,,
2026-09-12T04:56:06-05:00,PUR_IED_Charry_A20_f53e7c,PUR_IED_Charry_A20_f53e7c,,,,,
2026-09-12T04:56:06-05:00,PUR_IED_Charry_Ext_f1d5cd,PUR_IED_Charry_Ext_f1d5cd,,,,,
2026-09-12T04:56:06-05:00,PUR_IED_Charry_IntAula20_dc998d,PUR_IED_Charry_IntAula20_dc998d,,,,,
2026-09-12T04:56:06-05:00,PUR_IED_Charry_IntDanzas_7a08e6,PUR_IED_Charry_IntDanzas_7a08e6,,,,,
2026-09-12T04:56:06-05:00,PUR_IED_ClememciaC_203_43e2fc,PUR_IED_ClememciaC_203_43e2fc,,,,,
2026-09-12T04:56:06-05:00,PUR_IED_ClememciaC_Ext_1b411a,PUR_IED_ClememciaC_Ext_1b411a,,,,,
2026-09-12T04:56:06-05:00,PUR_IED_ClememciaC_Quimic_44b5fc,PUR_IED_ClememciaC_Quimic_44b5fc,,,,,
2026-09-12T04:56:06-05:00,PUR_IED_ClemenciaC_203_43e2fc,PUR_IED_ClemenciaC_203_43e2fc,,,,,
2026-09-12T04:56:06-05:00,PUR_IED_ClemenciaC_Ext_1b411a,PUR_IED_ClemenciaC_Ext_1b411a,,,,,
2026-09-12T04:56:06-05:00,PUR_IED_ClemenciaC_Quimic_44b5fc,PUR_IED_ClemenciaC_Quimic_44b5fc,,,,,
2026-09-12T04:56:06-05:00,PUR_IED_ColViva_1101_S25_7f520a,PUR_IED_ColViva_1101_S25_7f520a,,,,,
2026-09-12T04:56:06-05:00,PUR_IED_ColViva_1102_S16_f570ba,PUR_IED_ColViva_1102_S16_f570ba,,,,,
2026-09-12T04:56:06-05:00,PUR_IED_ColViva_Ext_1a26fa,PUR_IED_ColViva_Ext_1a26fa,,,,,
2026-09-12T04:56:06-05:00,PUR_IED_ColegioBici_Asist_7c8798,PUR_IED_ColegioBici_Asist_7c8798,,,,,
2026-09-12T04:56:06-05:00,PUR_IED_ColegioBici_Ext_25cbf6,PUR_IED_ColegioBici_Ext_25cbf6,,,,,
2026-09-12T04:56:06-05:00,PUR_IED_ColegioBici_LabQ_7b57db,PUR_IED_ColegioBici_LabQ_7b57db,,,,,
2026-09-12T04:56:06-05:00,PUR_IED_CostaRica_Ext_5e640,PUR_IED_CostaRica_Ext_5e640,,,,,
2026-09-12T04:56:06-05:00,PUR_IED_CostaRica_Quim1_766d1c,PUR_IED_CostaRica_Quim1_766d1c,,,,,
2026-09-12T04:56:06-05:00,PUR_IED_CostaRica__Fisica_6f0873,PUR_IED_CostaRica__Fisica_6f0873,,,,,
2026-09-12T04:56:06-05:00,PUR_IED_CulPopu_301A_f660f3,PUR_IED_CulPopu_301A_f660f3,,,,,
2026-09-12T04:56:06-05:00,PUR_IED_CulPopu_303_568afe,PUR_IED_CulPopu_303_568afe,,,,,
2026-09-12T04:56:06-05:00,PUR_IED_CulPopu_Ext_e02ccb,PUR_IED_CulPopu_Ext_e02ccb,,,,,
2026-09-12T04:56:06-05:00,PUR_IED_Cundinamarca_Ext_f15985,PUR_IED_Cundinamarca_Ext_f15985,,,,,
2026-09-12T04:56:06-05:00,PUR_IED_Cundinamarca_Info_7aa5d7,PUR_IED_Cundinamarca_Info_7aa5d7,,,,,
2026-09-12T04:56:06-05:00,PUR_IED_Cundinamarca_Tec2_f449c7,PUR_IED_Cundinamarca_Tec2_f449c7,,,,,
2026-09-12T04:56:06-05:00,PUR_IED_DiegoM_Aula1_27b314,PUR_IED_DiegoM_Aula1_27b314,,,,,
2026-09-12T04:56:06-05:00,PUR_IED_DiegoM_Ext_d80ac8,PUR_IED_DiegoM_Ext_d80ac8,,,,,
2026-09-12T04:56:06-05:00,PUR_IED_DiegoM_S25_da928f,PUR_IED_DiegoM_S25_da928f,,,,,
2026-09-12T04:56:06-05:00,PUR_IED_ELRODEO_360881,PUR_IED_ELRODEO_360881,,,,,
2026-09-12T04:56:06-05:00,PUR_IED_ELRODEO_ext_360881,PUR_IED_ELRODEO_ext_360881,,,,,
2026-09-12T04:56:06-05:00,PUR_IED_EduardoU_Ext_1c1969,PUR_IED_EduardoU_Ext_1c1969,,,,,
2026-09-12T04:56:06-05:00,PUR_IED_EduardoU_SCiencia_4dfb94,PUR_IED_EduardoU_SCiencia_4dfb94,,,,,
2026-09-12T04:56:06-05:00,PUR_IED_EduardoU_SQuimica_5a46e7,PUR_IED_EduardoU_SQuimica_5a46e7,,,,,
2026-09-12T04:56:06-05:00,PUR_IED_ElRodeo_Aula14_676984,PUR_IED_ElRodeo_Aula14_676984,,,,,
2026-09-12T04:56:06-05:00,PUR_IED_ElRodeo_Aula16_2dd35b,PUR_IED_ElRodeo_Aula16_2dd35b,,,,,
2026-09-12T04:56:06-05:00,PUR_IED_ElRodeo_Ext_360881,PUR_IED_ElRodeo_Ext_360881,,,,,
2026-09-12T04:56:06-05:00,PUR_IED_ElRodeo_Exterior_8c6d28,PUR_IED_ElRodeo_Exterior_8c6d28,,,,,
2026-09-12T04:56:06-05:00,PUR_IED_ElRodeo_ext_360881,PUR_IED_ElRodeo_ext_360881,,,,,
2026-09-12T04:56:06-05:00,PUR_IED_EmmaReyes_Ext_987625,PUR_IED_EmmaReyes_Ext_987625,11,21,53,4.6367,-74.1511
2026-09-12T04:56:06-05:00,PUR_IED_Ensueño_Ext_7f0250,PUR_IED_Ensueño_Ext_7f0250,,,,,
2026-09-12T04:56:06-05:00,PUR_IED_EscNormal_Ext_5fef3b,PUR_IED_EscNormal_Ext_5fef3b,2,17,63,4.5852,-74.096901
2026-09-12T04:56:06-05:00,PUR_IED_EscNormal_S309_5b263,PUR_IED_EscNormal_S309_5b263,,,,,
2026-09-12T04:56:06-05:00,PUR_IED_EscNormal_S310_27b3b8,PUR_IED_EscNormal_S310_27b3b8,,,,,
2026-09-12T04:56:06-05:00,PUR_IED_Evangelista_Conta_f6cd4f,PUR_IED_Evangelista_Conta_f6cd4f,,,,,
2026-09-12T04:56:06-05:00,PUR_IED_Evangelista_Cri_5e16a,PUR_IED_Evangelista_Cri_5e16a,,,,,
2026-09-12T04:56:06-05:00,PUR_IED_Evangelista_Exter_754066,PUR_IED_Evangelista_Exter_754066,,,,,
2026-09-12T04:56:06-05:00,PUR_IED_FMiranda_S209_5cc2a3,PUR_IED_FMiranda_S209_5cc2a3,,,,,
2026-09-12T04:56:06-05:00,PUR_IED_FMiranda_S303_19e344,PUR_IED_FMiranda_S303_19e344,,,,,
2026-09-12T04:56:06-05:00,PUR_IED_FMiranda_ext_f53e7c,PUR_IED_FMiranda_ext_f53e7c,,,,,
2026-09-12T04:56:06-05:00,PUR_IED_FabioLozano_Bibli_1cee05,PUR_IED_FabioLozano_Bibli_1cee05,,,,,
2026-09-12T04:56:06-05:00,PUR_IED_FabioLozano_Ext_6ea285,PUR_IED_FabioLozano_Ext_6ea285,,,,,
2026-09-12T04:56:06-05:00,PUR_IED_FabioLozano_SLudi_f09e1e,PUR_IED_FabioLozano_SLudi_f09e1e,,,,,
2026-09-12T04:56:06-05:00,PUR_IED_FaustinoS_Aula07_27a731,PUR_IED_FaustinoS_Aula07_27a731,,,,,
2026-09-12T04:56:06-05:00,PUR_IED_FaustinoS_Ext_7b936f,PUR_IED_FaustinoS_Ext_7b936f,,,,,
2026-09-12T04:56:06-05:00,PUR_IED_FaustinoS_Fisica_da2c60,PUR_IED_FaustinoS_Fisica_da2c60,,,,,
2026-09-12T04:56:06-05:00,PUR_IED_FeGarciaLo_Ext_dc68ee,PUR_IED_FeGarciaLo_Ext_dc68ee,,,,,
2026-09-12T04:56:06-05:00,PUR_IED_FeGarciaLo_SDanza_f70a59,PUR_IED_FeGarciaLo_SDanza_f70a59,,,,,
2026-09-12T04:56:06-05:00,PUR_IED_FeGarciaLo_SMusic_125cdd,PUR_IED_FeGarciaLo_SMusic_125cdd,,,,,
2026-09-12T04:56:06-05:00,PUR_IED_FederalAlema_Exte_50c345,PUR_IED_FederalAlema_Exte_50c345,,,,,
2026-09-12T04:56:06-05:00,PUR_IED_FederalAlema_S31_f18371,PUR_IED_FederalAlema_S31_f18371,,,,,
2026-09-12T04:56:06-05:00,PUR_IED_FederalAlema_S901_a62cd,PUR_IED_FederalAlema_S901_a62cd,,,,,
2026-09-12T04:56:06-05:00,PUR_IED_FilarmonicaS_A5_f35eb1,PUR_IED_FilarmonicaS_A5_f35eb1,,,,,
2026-09-12T04:56:06-05:00,PUR_IED_FilarmonicaS_Ext_8a3bde,PUR_IED_FilarmonicaS_Ext_8a3bde,,,,,
2026-09-12T04:56:06-05:00,PUR_IED_FilarmonicaS_Spol_406114,PUR_IED_FilarmonicaS_Spol_406114,,,,,
2026-09-12T04:56:06-05:00,PUR_IED_FlorentinoG_A13_d1fa59,PUR_IED_FlorentinoG_A13_d1fa59,,,,,
2026-09-12T04:56:06-05:00,PUR_IED_FlorentinoG_Ext_1ce6ce,PUR_IED_FlorentinoG_Ext_1ce6ce,,,,,
2026-09-12T04:56:06-05:00,PUR_IED_FlorentinoG_Idiom_a66aac,PUR_IED_FlorentinoG_Idiom_a66aac,,,,,
2026-09-12T04:56:06-05:00,PUR_IED_FranciscoMati_Ext_e3869d,PUR_IED_FranciscoMati_Ext_e3869d,,,,,
2026-09-12T04:56:06-05:00,PUR_IED_FranciscoMati_S13_f31c67,PUR_IED_FranciscoMati_S13_f31c67,,,,,
2026-09-12T04:56:06-05:00,PUR_IED_FranciscoMati_S14_97dead,PUR_IED_FranciscoMati_S14_97dead,,,,,
2026-09-12T04:56:06-05:00,PUR_IED_FranciscoPS_Ext_7bfa9a,PUR_IED_FranciscoPS_Ext_7bfa9a,2,19,60,4.5899,-74.110397
2026-09-12T04:56:06-05:00,PUR_IED_FranciscoPS_Infor_fb8f4c,PUR_IED_FranciscoPS_Infor_fb8f4c,,,,,
2026-09-12T04:56:06-05:00,PUR_IED_FranciscoPS_Quimi_94d39c,PUR_IED_FranciscoPS_Quimi_94d39c,,,,,
2026-09-12T04:56:06-05:00,PUR_IED_FranciscoP_LabQ_d7e148,PUR_IED_FranciscoP_LabQ_d7e148,,,,,
2026-09-12T04:56:06-05:00,PUR_IED_FranciscoP_S28_cf9b30,PUR_IED_FranciscoP_S28_cf9b30,,,,,
2026-09-12T04:56:06-05:00,PUR_IED_FranciscoP_ext_e2313,PUR_IED_FranciscoP_ext_e2313,,,,,
2026-09-12T04:56:06-05:00,PUR_IED_FriederichN_Ext_8ac92a,PUR_IED_FriederichN_Ext_8ac92a,,,,,
2026-09-12T04:56:06-05:00,PUR_IED_FriederichN_S301_dd7e5a,PUR_IED_FriederichN_S301_dd7e5a,,,,,
2026-09-12T04:56:06-05:00,PUR_IED_FriederichN_S308_761f4f,PUR_IED_FriederichN_S308_761f4f,,,,,
2026-09-12T04:56:06-05:00,PUR_IED_GSantander_Aula10_533dd7,PUR_IED_GSantander_Aula10_533dd7,,,,,
2026-09-12T04:56:06-05:00,PUR_IED_GSantander_Aula12_fd4e4f,PUR_IED_GSantander_Aula12_fd4e4f,,,,,
2026-09-12T04:56:06-05:00,PUR_IED_GSantander_Aula310_533dd7,PUR_IED_GSantander_Aula310_533dd7,,,,,
2026-09-12T04:56:06-05:00,PUR_IED_GSantander_Aula312_fd4e4f,PUR_IED_GSantander_Aula312_fd4e4f,,,,,
2026-09-12T04:56:06-05:00,PUR_IED_GSantander_Ext_5f66b0,PUR_IED_GSantander_Ext_5f66b0,,,,,
2026-09-12T04:56:06-05:00,PUR_IED_GYomasa_Ext_f6bea5,PUR_IED_GYomasa_Ext_f6bea5,,,,,
2026-09-12T04:56:06-05:00,PUR_IED_GYomasa_LBiol_2c41aa,PUR_IED_GYomasa_LBiol_2c41aa,,,,,
2026-09-12T04:56:06-05:00,PUR_IED_GYomasa_LQuim_33c80,PUR_IED_GYomasa_LQuim_33c80,,,,,
2026-09-12T04:56:06-05:00,PUR_IED_GabBetMejia_Cienc_5a99c,PUR_IED_GabBetMejia_Cienc_5a99c,,,,,
2026-09-12T04:56:06-05:00,PUR_IED_GabBetMejia_Ext_9153d0,PUR_IED_GabBetMejia_Ext_9153d0,,,,,
2026-09-12T04:56:06-05:00,PUR_IED_GabBetMejia_Lab_f55347,PUR_IED_GabBetMejia_Lab_f55347,,,,,
2026-09-12T04:56:06-05:00,PUR_IED_GabBetanMejia_Ext_9153d0,PUR_IED_GabBetanMejia_Ext_9153d0,,,,,
2026-09-12T04:56:06-05:00,PUR_IED_Gaitana_Aula13_7aac11,PUR_IED_Gaitana_Aula13_7aac11,,,,,
2026-09-12T04:56:06-05:00,PUR_IED_Gaitana_Ext_5fcf4,PUR_IED_Gaitana_Ext_5fcf4,,,,,
2026-09-12T04:56:06-05:00,PUR_IED_Gaitana_LabFisica_644448,PUR_IED_Gaitana_LabFisica_644448,,,,,
2026-09-12T04:56:06-05:00,PUR_IED_GenSantander_Dise_8ac858,PUR_IED_GenSantander_Dise_8ac858,,,,,
2026-09-12T04:56:06-05:00,PUR_IED_GenSantander_Ext_8d5dfe,PUR_IED_GenSantander_Ext_8d5dfe,,,,,
2026-09-12T04:56:06-05:00,PUR_IED_GenSantander_Info_6c25b,PUR_IED_GenSantander_Info_6c25b,,,,,
2026-09-12T04:56:06-05:00,PUR_IED_GustavoMo_Exterio_75e63d,PUR_IED_GustavoMo_Exterio_75e63d,,,,,
2026-09-12T04:56:06-05:00,PUR_IED_GustavoMo_LabFisi_224d37,PUR_IED_GustavoMo_LabFisi_224d37,,,,,
2026-09-12T04:56:06-05:00,PUR_IED_GustavoMo_S208_3e6918,PUR_IED_GustavoMo_S208_3e6918,,,,,
2026-09-12T04:56:06-05:00,PUR_IED_GustavoR_A02_8cd4a8,PUR_IED_GustavoR_A02_8cd4a8,,,,,
2026-09-12T04:56:06-05:00,PUR_IED_GustavoR_B11_5b0ed,PUR_IED_GustavoR_B11_5b0ed,,,,,
2026-09-12T04:56:06-05:00,PUR_IED_GustavoR_Ext_7a0c90,PUR_IED_GustavoR_Ext_7a0c90,,,,,
2026-09-12T04:56:06-05:00,PUR_IED_HernandoDuran_Ext_8cd82b,PUR_IED_HernandoDuran_Ext_8cd82b,,,,,
2026-09-12T04:56:06-05:00,PUR_IED_HernandoDuran_S24_2772c6,PUR_IED_HernandoDuran_S24_2772c6,,,,,
2026-09-12T04:56:06-05:00,PUR_IED_HernandoDuran_S30_f2de41,PUR_IED_HernandoDuran_S30_f2de41,,,,,
2026-09-12T04:56:06-05:00,PUR_IED_HolguInUr_S1101_8cd732,PUR_IED_HolguInUr_S1101_8cd732,,,,,
2026-09-12T04:56:06-05:00,PUR_IED_HolguinUr_Exter_ddae6d,PUR_IED_HolguinUr_Exter_ddae6d,,,,,
2026-09-12T04:56:06-05:00,PUR_IED_HolguinUr_LabQuim_92b952,PUR_IED_HolguinUr_LabQuim_92b952,,,,,
2026-09-12T04:56:06-05:00,PUR_IED_Isabel-II_Ext_5245cc,PUR_IED_Isabel-II_Ext_5245cc,9,18,60,4.6336,-74.153
2026-09-12T04:56:06-05:00,PUR_IED_Isabel-II_S_idiom_1c29aa,PUR_IED_Isabel-II_S_idiom_1c29aa,,,,,
2026-09-12T04:56:06-05:00,PUR_IED_Isabel-II_S_infor_fd741,PUR_IED_Isabel-II_S_infor_fd741,,,,,
2026-09-12T04:56:06-05:00,PUR_IED_IsidroSur_Exterio_5b90ea,PUR_IED_IsidroSur_Exterio_5b90ea,,,,,
2026-09-12T04:56:06-05:00,PUR_IED_IsidroSur_LabTec_56697a,PUR_IED_IsidroSur_LabTec_56697a,,,,,
2026-09-12T04:56:06-05:00,PUR_IED_IsidroSur_Robotic_b7c38f,PUR_IED_IsidroSur_Robotic_b7c38f,,,,,
2026-09-12T04:56:06-05:00,PUR_IED_IsmaelPerd_Ext_7b6672,PUR_IED_IsmaelPerd_Ext_7b6672,,,,,
2026-09-12T04:56:06-05:00,PUR_IED_IsmaelPerd_Inform_306540,PUR_IED_IsmaelPerd_Inform_306540,,,,,
2026-09-12T04:56:06-05:00,PUR_IED_IsmaelPerd_S30_2e2c83,PUR_IED_IsmaelPerd_S30_2e2c83,,,,,
2026-09-12T04:56:06-05:00,PUR_IED_JLozano_Exter_432910,PUR_IED_JLozano_Exter_432910,,,,,
2026-09-12T04:56:06-05:00,PUR_IED_JLozano_salaMulti_df5125,PUR_IED_JLozano_salaMulti_df5125,,,,,
2026-09-12T04:56:06-05:00,PUR_IED_JMCordoba_206_86f80b,PUR_IED_JMCordoba_206_86f80b,,,,,
2026-09-12T04:56:06-05:00,PUR_IED_JMCordoba_Ext_27ad97,PUR_IED_JMCordoba_Ext_27ad97,,,,,
2026-09-12T04:56:06-05:00,PUR_IED_JMCordoba_S310_d59ab4,PUR_IED_JMCordoba_S310_d59ab4,,,,,
2026-09-12T04:56:06-05:00,PUR_IED_Japon_Ext_549100,PUR_IED_Japon_Ext_549100,,,,,
2026-09-12T04:56:06-05:00,PUR_IED_Japon_Laboratorio_bec51d,PUR_IED_Japon_Laboratorio_bec51d,,,,,
2026-09-12T04:56:06-05:00,PUR_IED_Japon_informatica_d99327,PUR_IED_Japon_informatica_d99327,,,,,
2026-09-12T04:56:06-05:00,PUR_IED_Jazmin_Ext_d27bda,PUR_IED_Jazmin_Ext_d27bda,,,,,
2026-09-12T04:56:06-05:00,PUR_IED_Jazmin_Fisica_8d14d7,PUR_IED_Jazmin_Fisica_8d14d7,,,,,
2026-09-12T04:56:06-05:00,PUR_IED_Jazmin_Quimica_801cb5,PUR_IED_Jazmin_Quimica_801cb5,,,,,
2026-09-12T04:56:06-05:00,PUR_IED_JorgeGaitan_Exter_f098d1,PUR_IED_JorgeGaitan_Exter_f098d1,,,,,
2026-09-12T04:56:06-05:00,PUR_IED_JorgeGaitan_STec1_dc9d1d,PUR_IED_JorgeGaitan_STec1_dc9d1d,,,,,
2026-09-12T04:56:06-05:00,PUR_IED_JorgeGaitan_STec2_281e69,PUR_IED_JorgeGaitan_STec2_281e69,,,,,
2026-09-12T04:56:06-05:00,PUR_IED_JorgeSoto_Exterio_d9d0a2,PUR_IED_JorgeSoto_Exterio_d9d0a2,,,,,
2026-09-12T04:56:06-05:00,PUR_IED_JorgeSoto_LabFisi_209c54,PUR_IED_JorgeSoto_LabFisi_209c54,,,,,
2026-09-12T04:56:06-05:00,PUR_IED_JorgeSoto_S103_27b51a,PUR_IED_JorgeSoto_S103_27b51a,,,,,
2026-09-12T04:56:06-05:00,PUR_IED_JoseAcevedo_A02_e965eb,PUR_IED_JoseAcevedo_A02_e965eb,,,,,
2026-09-12T04:56:06-05:00,PUR_IED_JoseAcevedo_A07_dd5b4,PUR_IED_JoseAcevedo_A07_dd5b4,,,,,
2026-09-12T04:56:06-05:00,PUR_IED_JoseAcevedo_Ext_b47484,PUR_IED_JoseAcevedo_Ext_b47484,,,,,
2026-09-12T04:56:06-05:00,PUR_IED_JoseMarti_Exte_5b9bf,PUR_IED_JoseMarti_Exte_5b9bf,,,,,
2026-09-12T04:56:06-05:00,PUR_IED_JoseMarti_LabQuim_1c6c2d,PUR_IED_JoseMarti_LabQuim_1c6c2d,,,,,
2026-09-12T04:56:06-05:00,PUR_IED_JoseMarti_S_info_f5f177,PUR_IED_JoseMarti_S_info_f5f177,,,,,
2026-09-12T04:56:06-05:00,PUR_IED_Josejoaquin_Ext_dfc5dc,PUR_IED_Josejoaquin_Ext_dfc5dc,,,,,
2026-09-12T04:56:06-05:00,PUR_IED_Josejoaquin_S05_5b2a96,PUR_IED_Josejoaquin_S05_5b2a96,,,,,
2026-09-12T04:56:06-05:00,PUR_IED_Josejoaquin_S06_1ce7d2,PUR_IED_Josejoaquin_S06_1ce7d2,,,,,
2026-09-12T04:56:06-05:00,PUR_IED_JulioFlorez_Danza_9b82dd,PUR_IED_JulioFlorez_Danza_9b82dd,,,,,
2026-09-12T04:56:06-05:00,PUR_IED_JulioFlorez_Exter_f9f314,PUR_IED_JulioFlorez_Exter_f9f314,,,,,
2026-09-12T04:56:06-05:00,PUR_IED_JulioFlorez_info2_6b6e08,PUR_IED_JulioFlorez_info2_6b6e08,,,,,
2026-09-12T04:56:06-05:00,PUR_IED_LaBelleza_Aula13_1d00d8,PUR_IED_LaBelleza_Aula13_1d00d8,,,,,
2026-09-12T04:56:06-05:00,PUR_IED_LaBelleza_Ext_7bc08c,PUR_IED_LaBelleza_Ext_7bc08c,,,,,
2026-09-12T04:56:06-05:00,PUR_IED_LaChucua_Ext_8cd6d2,PUR_IED_LaChucua_Ext_8cd6d2,,,,,
2026-09-12T04:56:06-05:00,PUR_IED_LaChucua_S15_f578ce,PUR_IED_LaChucua_S15_f578ce,,,,,
2026-09-12T04:56:06-05:00,PUR_IED_LaChucua_S16_eebcf9,PUR_IED_LaChucua_S16_eebcf9,,,,,
2026-09-12T04:56:06-05:00,PUR_IED_LaFelicidad_Ext_fb5109,PUR_IED_LaFelicidad_Ext_fb5109,,,,,
2026-09-12T04:56:06-05:00,PUR_IED_LaMerced_206_66ebd,PUR_IED_LaMerced_206_66ebd,,,,,
2026-09-12T04:56:06-05:00,PUR_IED_LaMerced_207_6ebd6,PUR_IED_LaMerced_207_6ebd6,,,,,
2026-09-12T04:56:06-05:00,PUR_IED_LaMerced_ext_304311,PUR_IED_LaMerced_ext_304311,,,,,
2026-09-12T04:56:06-05:00,PUR_IED_Laureano_CiencNat_281e5e,PUR_IED_Laureano_CiencNat_281e5e,,,,,
2026-09-12T04:56:06-05:00,PUR_IED_Laureano_Comedor_f65c0a,PUR_IED_Laureano_Comedor_f65c0a,,,,,
2026-09-12T04:56:06-05:00,PUR_IED_Laureano_Exterior_7ab011,PUR_IED_Laureano_Exterior_7ab011,,,,,
2026-09-12T04:56:06-05:00,PUR_IED_LeonGreiff_Exte_dfe560,PUR_IED_LeonGreiff_Exte_dfe560,,,,,
2026-09-12T04:56:06-05:00,PUR_IED_LeonGreiff_S210_f264ed,PUR_IED_LeonGreiff_S210_f264ed,,,,,
2026-09-12T04:56:06-05:00,PUR_IED_LeonGreiff_SQuimi_e8296f,PUR_IED_LeonGreiff_SQuimi_e8296f,,,,,
2026-09-12T04:56:06-05:00,PUR_IED_LlanoOrientalS208_7b9fcd,PUR_IED_LlanoOrientalS208_7b9fcd,,,,,
2026-09-12T04:56:06-05:00,PUR_IED_LlanoOriental_Ext_fb3766,PUR_IED_LlanoOriental_Ext_fb3766,,,,,
2026-09-12T04:56:06-05:00,PUR_IED_LlanoOriental_S208_7b9fcd,PUR_IED_LlanoOriental_S208_7b9fcd,,,,,
2026-09-12T04:56:06-05:00,PUR_IED_LlanoOriental_S9_27b378,PUR_IED_LlanoOriental_S9_27b378,,,,,
2026-09-12T04:56:06-05:00,PUR_IED_LosTejares_1101_477602,PUR_IED_LosTejares_1101_477602,,,,,
2026-09-12T04:56:06-05:00,PUR_IED_LosTejares_11_d2c595,PUR_IED_LosTejares_11_d2c595,,,,,
2026-09-12T04:56:06-05:00,PUR_IED_LosTejares_12_477602,PUR_IED_LosTejares_12_477602,,,,,
2026-09-12T04:56:06-05:00,PUR_IED_LosTejares_Ext_8e2115,PUR_IED_LosTejares_Ext_8e2115,,,,,
2026-09-12T04:56:06-05:00,PUR_IED_MagdalenaO_B202_5ddda3,PUR_IED_MagdalenaO_B202_5ddda3,,,,,
2026-09-12T04:56:06-05:00,PUR_IED_MagdalenaO_B205_fb76e8,PUR_IED_MagdalenaO_B205_fb76e8,,,,,
2026-09-12T04:56:06-05:00,PUR_IED_MagdalenaO_ext_dc69cd,PUR_IED_MagdalenaO_ext_dc69cd,,,,,
2026-09-12T04:56:06-05:00,PUR_IED_ManueCepeda_artes_eee956,PUR_IED_ManueCepeda_artes_eee956,,,,,
2026-09-12T04:56:06-05:00,PUR_IED_ManuelCepeda_Ext_58313,PUR_IED_ManuelCepeda_Ext_58313,,,,,
2026-09-12T04:56:06-05:00,PUR_IED_ManuelCepeda_tec_1c5731,PUR_IED_ManuelCepeda_tec_1c5731,,,,,
2026-09-12T04:56:06-05:00,PUR_IED_ManuelS_Exterior_5b269,PUR_IED_ManuelS_Exterior_5b269,,,,,
2026-09-12T04:56:06-05:00,PUR_IED_ManuelS_Inform_f369ce,PUR_IED_ManuelS_Inform_f369ce,,,,,
2026-09-12T04:56:06-05:00,PUR_IED_ManuelS_SArtes_7d15f1,PUR_IED_ManuelS_SArtes_7d15f1,,,,,
2026-09-12T04:56:06-05:00,PUR_IED_ManuelZapata_303_3ca6,PUR_IED_ManuelZapata_303_3ca6,,,,,
2026-09-12T04:56:06-05:00,PUR_IED_ManuelZapata_311_bfbabc,PUR_IED_ManuelZapata_311_bfbabc,,,,,
2026-09-12T04:56:06-05:00,PUR_IED_ManuelZapata_Ext_50824a,PUR_IED_ManuelZapata_Ext_50824a,,,,,
2026-09-12T04:56:06-05:00,PUR_IED_ManuelitaS_Exteri_656a92,PUR_IED_ManuelitaS_Exteri_656a92,,,,,
2026-09-12T04:56:06-05:00,PUR_IED_ManuelitaS_JuzgDe_f58ec3,PUR_IED_ManuelitaS_JuzgDe_f58ec3,,,,,
2026-09-12T04:56:06-05:00,PUR_IED_ManuelitaS_Recrea_d793db,PUR_IED_ManuelitaS_Recrea_d793db,,,,,
2026-09-12T04:56:06-05:00,PUR_IED_MarFidSuarez_Ext_c27b19,PUR_IED_MarFidSuarez_Ext_c27b19,,,,,
2026-09-12T04:56:06-05:00,PUR_IED_MarFidSuarez_Info_e384d7,PUR_IED_MarFidSuarez_Info_e384d7,,,,,
2026-09-12T04:56:06-05:00,PUR_IED_MarFidSuarez_S306_1d0032,PUR_IED_MarFidSuarez_S306_1d0032,,,,,
2026-09-12T04:56:06-05:00,PUR_IED_Menorah_301_2a25a3,PUR_IED_Menorah_301_2a25a3,,,,,
2026-09-12T04:56:06-05:00,PUR_IED_Menorah_306_37ed3,PUR_IED_Menorah_306_37ed3,,,,,
2026-09-12T04:56:06-05:00,PUR_IED_Menorah_Ext_3e155b,PUR_IED_Menorah_Ext_3e155b,,,,,
2026-09-12T04:56:06-05:00,PUR_IED_MinutoB.Aires_A11_1b1604,PUR_IED_MinutoB.Aires_A11_1b1604,,,,,
2026-09-12T04:56:06-05:00,PUR_IED_MinutoB.Aires_A12_fb5860,PUR_IED_MinutoB.Aires_A12_fb5860,,,,,
2026-09-12T04:56:06-05:00,PUR_IED_MinutoB.Aires_Ext_81293f,PUR_IED_MinutoB.Aires_Ext_81293f,,,,,
2026-09-12T04:56:06-05:00,PUR_IED_MinutoBAires_A11_1b1604,PUR_IED_MinutoBAires_A11_1b1604,,,,,
2026-09-12T04:56:06-05:00,PUR_IED_MinutoBAires_A12_fb5860,PUR_IED_MinutoBAires_A12_fb5860,,,,,
2026-09-12T04:56:06-05:00,PUR_IED_MinutoBAires_Ext_81293f,PUR_IED_MinutoBAires_Ext_81293f,,,,,
2026-09-12T04:56:06-05:00,PUR_IED_Montreal_Aula10_1e4959,PUR_IED_Montreal_Aula10_1e4959,,,,,
2026-09-12T04:56:06-05:00,PUR_IED_Montreal_Aula6_300367,PUR_IED_Montreal_Aula6_300367,,,,,
2026-09-12T04:56:06-05:00,PUR_IED_Montreal_Exterior_91a179,PUR_IED_Montreal_Exterior_91a179,,,,,
2026-09-12T04:56:06-05:00,PUR_IED_Mqgdalena_B202_5ddda3,PUR_IED_Mqgdalena_B202_5ddda3,,,,,
2026-09-12T04:56:06-05:00,PUR_IED_NACUND_Soc_dc8728,PUR_IED_NACUND_Soc_dc8728,,,,,
2026-09-12T04:56:06-05:00,PUR_IED_NACUND_ext_27ad97,PUR_IED_NACUND_ext_27ad97,,,,,
2026-09-12T04:56:06-05:00,PUR_IED_NEsperanza_Ext_d24b61,PUR_IED_NEsperanza_Ext_d24b61,,,,,
2026-09-12T04:56:06-05:00,PUR_IED_NEsperanza_SElect_7d1807,PUR_IED_NEsperanza_SElect_7d1807,,,,,
2026-09-12T04:56:06-05:00,PUR_IED_NEsperanza_SLabor_8b2d0a,PUR_IED_NEsperanza_SLabor_8b2d0a,,,,,
2026-09-12T04:56:06-05:00,PUR_IED_NacionesU_Ext_f661a9,PUR_IED_NacionesU_Ext_f661a9,,,,,
2026-09-12T04:56:06-05:00,PUR_IED_NacionesU_Quimica_66f0a,PUR_IED_NacionesU_Quimica_66f0a,,,,,
2026-09-12T04:56:06-05:00,PUR_IED_NacionesU_S306_1b4b3d,PUR_IED_NacionesU_S306_1b4b3d,,,,,
2026-09-12T04:56:06-05:00,PUR_IED_NestorFA_Ext_e4201c,PUR_IED_NestorFA_Ext_e4201c,,,,,
2026-09-12T04:56:06-05:00,PUR_IED_NestorFA_Laborato_f22fe0,PUR_IED_NestorFA_Laborato_f22fe0,,,,,
2026-09-12T04:56:06-05:00,PUR_IED_NestorFA_S204_dee996,PUR_IED_NestorFA_S204_dee996,,,,,
2026-09-12T04:56:06-05:00,PUR_IED_NidyaQT_Aula03_76999b,PUR_IED_NidyaQT_Aula03_76999b,,,,,
2026-09-12T04:56:06-05:00,PUR_IED_NidyaQT_Aula10_56325,PUR_IED_NidyaQT_Aula10_56325,,,,,
2026-09-12T04:56:06-05:00,PUR_IED_NidyaQT_Ext_46e32d,PUR_IED_NidyaQT_Ext_46e32d,,,,,
2026-09-12T04:56:06-05:00,PUR_IED_NuevaCol_Exterior_d9b859,PUR_IED_NuevaCol_Exterior_d9b859,,,,,
2026-09-12T04:56:06-05:00,PUR_IED_NuevaCol_S1101_76c43b,PUR_IED_NuevaCol_S1101_76c43b,,,,,
2026-09-12T04:56:06-05:00,PUR_IED_NuevaCol_S1102_1ce0b5,PUR_IED_NuevaCol_S1102_1ce0b5,,,,,
2026-09-12T04:56:06-05:00,PUR_IED_OEA_A202_f7e3f2,PUR_IED_OEA_A202_f7e3f2,,,,,
2026-09-12T04:56:06-05:00,PUR_IED_OEA_A203_7d1b8d,PUR_IED_OEA_A203_7d1b8d,,,,,
2026-09-12T04:56:06-05:00,PUR_IED_OEA_Ext_27b593,PUR_IED_OEA_Ext_27b593,,,,,
2026-09-12T04:56:06-05:00,PUR_IED_Ochoa_Ext_1c29da,PUR_IED_Ochoa_Ext_1c29da,,,,,
2026-09-12T04:56:06-05:00,PUR_IED_Ochoa_S205_8b1121,PUR_IED_Ochoa_S205_8b1121,,,,,
2026-09-12T04:56:06-05:00,PUR_IED_Ochoa_Sistemas_f33af6,PUR_IED_Ochoa_Sistemas_f33af6,,,,,
2026-09-12T04:56:06-05:00,PUR_IED_PQuebec_Ext_1c67c7,PUR_IED_PQuebec_Ext_1c67c7,,,,,
2026-09-12T04:56:06-05:00,PUR_IED_PQuebec_S15_23e8e2,PUR_IED_PQuebec_S15_23e8e2,,,,,
2026-09-12T04:56:06-05:00,PUR_IED_PQuebec_S16_8ec76b,PUR_IED_PQuebec_S16_8ec76b,,,,,
2026-09-12T04:56:06-05:00,PUR_IED_PabloN_Ext_49dc96,PUR_IED_PabloN_Ext_49dc96,,,,,
2026-09-12T04:56:06-05:00,PUR_IED_PabloN_S1102_4e3df5,PUR_IED_PabloN_S1102_4e3df5,,,,,
2026-09-12T04:56:06-05:00,PUR_IED_PabloN_S1103_50c94b,PUR_IED_PabloN_S1103_50c94b,,,,,
2026-09-12T04:56:06-05:00,PUR_IED_Palestina_S1101_db9198,PUR_IED_Palestina_S1101_db9198,,,,,
2026-09-12T04:56:06-05:00,PUR_IED_Palestina_S1102_dc54fa,PUR_IED_Palestina_S1102_dc54fa,,,,,
2026-09-12T04:56:06-05:00,PUR_IED_Palestina_ext_4ccce6,PUR_IED_Palestina_ext_4ccce6,,,,,
2026-09-12T04:56:06-05:00,PUR_IED_Panama_Fisica_4d0794,PUR_IED_Panama_Fisica_4d0794,,,,,
2026-09-12T04:56:06-05:00,PUR_IED_Panama_SIngles_a4077e,PUR_IED_Panama_SIngles_a4077e,,,,,
2026-09-12T04:56:06-05:00,PUR_IED_Panama_ext_4c54b4,PUR_IED_Panama_ext_4c54b4,,,,,
2026-09-12T04:56:06-05:00,PUR_IED_ParaisoM_Exterior_8cd7f0,PUR_IED_ParaisoM_Exterior_8cd7f0,,,,,
2026-09-12T04:56:06-05:00,PUR_IED_ParaisoM_Laborato_27af35,PUR_IED_ParaisoM_Laborato_27af35,,,,,
2026-09-12T04:56:06-05:00,PUR_IED_ParaisoM_S304_d1edca,PUR_IED_ParaisoM_S304_d1edca,,,,,
2026-09-12T04:56:06-05:00,PUR_IED_PorfirioBarba_Ext_301466,PUR_IED_PorfirioBarba_Ext_301466,,,,,
2026-09-12T04:56:06-05:00,PUR_IED_PorfirioBarba_S11_df6cd2,PUR_IED_PorfirioBarba_S11_df6cd2,,,,,
2026-09-12T04:56:06-05:00,PUR_IED_PorfirioBarba_S29_27a7d6,PUR_IED_PorfirioBarba_S29_27a7d6,,,,,
2026-09-12T04:56:06-05:00,PUR_IED_PradoV_Exter_8b27ad,PUR_IED_PradoV_Exter_8b27ad,,,,,
2026-09-12T04:56:06-05:00,PUR_IED_PradoV_S301_de65b5,PUR_IED_PradoV_S301_de65b5,,,,,
2026-09-12T04:56:06-05:00,PUR_IED_PradoV_S302_7d2593,PUR_IED_PradoV_S302_7d2593,,,,,
2026-09-12T04:56:06-05:00,PUR_IED_QuirogaAlz_Ext_1ddc82,PUR_IED_QuirogaAlz_Ext_1ddc82,,,,,
2026-09-12T04:56:06-05:00,PUR_IED_QuirogaAlz_S302_9926a3,PUR_IED_QuirogaAlz_S302_9926a3,,,,,
2026-09-12T04:56:06-05:00,PUR_IED_QuirogaAlz_S305_cdf1f1,PUR_IED_QuirogaAlz_S305_cdf1f1,,,,,
2026-09-12T04:56:06-05:00,PUR_IED_RGuatemala_Biling_dc53b7,PUR_IED_RGuatemala_Biling_dc53b7,,,,,
2026-09-12T04:56:06-05:00,PUR_IED_RGuatemala_Ext_1b89a3,PUR_IED_RGuatemala_Ext_1b89a3,,,,,
2026-09-12T04:56:06-05:00,PUR_IED_RGuatemala_Tecnol_281a34,PUR_IED_RGuatemala_Tecnol_281a34,,,,,
2026-09-12T04:56:06-05:00,PUR_IED_RafaNu_Ext_f7c302,PUR_IED_RafaNu_Ext_f7c302,,,,,
2026-09-12T04:56:06-05:00,PUR_IED_RafaNu_S1101_25fde,PUR_IED_RafaNu_S1101_25fde,,,,,
2026-09-12T04:56:06-05:00,PUR_IED_RafaNu_S1102_281517,PUR_IED_RafaNu_S1102_281517,,,,,
2026-09-12T04:56:06-05:00,PUR_IED_RafaelB_S305_ee2783,PUR_IED_RafaelB_S305_ee2783,,,,,
2026-09-12T04:56:06-05:00,PUR_IED_RafaelB_S306_75fe33,PUR_IED_RafaelB_S306_75fe33,,,,,
2026-09-12T04:56:06-05:00,PUR_IED_RafaelB_ext_283336,PUR_IED_RafaelB_ext_283336,3,18,63,4.6722,-74.0737
2026-09-12T04:56:06-05:00,PUR_IED_RafaelUU_Exterior_281a51,PUR_IED_RafaelUU_Exterior_281a51,,,,,
2026-09-12T04:56:06-05:00,PUR_IED_RafaelUU_Human_806b2,PUR_IED_RafaelUU_Human_806b2,,,,,
2026-09-12T04:56:06-05:00,PUR_IED_RafaelUU_Mate2_5680d4,PUR_IED_RafaelUU_Mate2_5680d4,,,,,
2026-09-12T04:56:06-05:00,PUR_IED_RamonSub_Ext_f9eeb9,PUR_IED_RamonSub_Ext_f9eeb9,,,,,
2026-09-12T04:56:06-05:00,PUR_IED_RamonSub_Media_d1f62f,PUR_IED_RamonSub_Media_d1f62f,,,,,
2026-09-12T04:56:06-05:00,PUR_IED_RamonSub_planta_51b82,PUR_IED_RamonSub_planta_51b82,,,,,
2026-09-12T04:56:06-05:00,PUR_IED_RepBoliVene_Exter_27af7c,PUR_IED_RepBoliVene_Exter_27af7c,,,,,
2026-09-12T04:56:06-05:00,PUR_IED_RepBoliVene_SCPT_5ae2ee,PUR_IED_RepBoliVene_SCPT_5ae2ee,,,,,
2026-09-12T04:56:06-05:00,PUR_IED_RepBoliVene_Socia_4b11d5,PUR_IED_RepBoliVene_Socia_4b11d5,,,,,
2026-09-12T04:56:06-05:00,PUR_IED_RepChina_Ext_76d9ee,PUR_IED_RepChina_Ext_76d9ee,,,,,
2026-09-12T04:56:06-05:00,PUR_IED_RepChina_S404_7c804c,PUR_IED_RepChina_S404_7c804c,,,,,
2026-09-12T04:56:06-05:00,PUR_IED_RepChina_S405_df2c33,PUR_IED_RepChina_S405_df2c33,,,,,
2026-09-12T04:56:06-05:00,PUR_IED_RepublicaC_Exteri_7d1ec9,PUR_IED_RepublicaC_Exteri_7d1ec9,,,,,
2026-09-12T04:56:06-05:00,PUR_IED_RepublicaC_S1101_f544b3,PUR_IED_RepublicaC_S1101_f544b3,,,,,
2026-09-12T04:56:06-05:00,PUR_IED_RepublicaC_S1102_7aafc7,PUR_IED_RepublicaC_S1102_7aafc7,,,,,
2026-09-12T04:56:06-05:00,PUR_IED_Ricaurte_Externo_a0ea1,PUR_IED_Ricaurte_Externo_a0ea1,,,,,
2026-09-12T04:56:06-05:00,PUR_IED_Ricaurte_S210_f546fd,PUR_IED_Ricaurte_S210_f546fd,,,,,
2026-09-12T04:56:06-05:00,PUR_IED_Ricaurte_S309_d4452,PUR_IED_Ricaurte_S309_d4452,,,,,
2026-09-12T04:56:06-05:00,PUR_IED_RogelioS_1102_531e69,PUR_IED_RogelioS_1102_531e69,,,,,
2026-09-12T04:56:06-05:00,PUR_IED_RogelioS_Ext_f25a18,PUR_IED_RogelioS_Ext_f25a18,,,,,
2026-09-12T04:56:06-05:00,PUR_IED_SBernardino_Ext_27aff8,PUR_IED_SBernardino_Ext_27aff8,,,,,
2026-09-12T04:56:06-05:00,PUR_IED_SBernardino_SArte_2ffd33,PUR_IED_SBernardino_SArte_2ffd33,,,,,
2026-09-12T04:56:06-05:00,PUR_IED_SBernardino_SIngl_7c7da5,PUR_IED_SBernardino_SIngl_7c7da5,,,,,
2026-09-12T04:56:06-05:00,PUR_IED_Sago_auditorio_dc9d1d,PUR_IED_Sago_auditorio_dc9d1d,,,,,
2026-09-12T04:56:06-05:00,PUR_IED_Saludcoop_Ext_95aac3,PUR_IED_Saludcoop_Ext_95aac3,,,,,
2026-09-12T04:56:06-05:00,PUR_IED_Saludcoop_InfI_90c854,PUR_IED_Saludcoop_InfI_90c854,,,,,
2026-09-12T04:56:06-05:00,PUR_IED_Saludcoop_SMedia_1b93be,PUR_IED_Saludcoop_SMedia_1b93be,,,,,
2026-09-12T04:56:06-05:00,PUR_IED_SanCarlos_1101_1a2360,PUR_IED_SanCarlos_1101_1a2360,,,,,
2026-09-12T04:56:06-05:00,PUR_IED_SanCarlos_1103_7bafb5,PUR_IED_SanCarlos_1103_7bafb5,,,,,
2026-09-12T04:56:06-05:00,PUR_IED_SanCarlos_Ext_b7cd1,PUR_IED_SanCarlos_Ext_b7cd1,,,,,
2026-09-12T04:56:06-05:00,PUR_IED_SanIgnacioBosa11a_50c26e,PUR_IED_SanIgnacioBosa11a_50c26e,,,,,
2026-09-12T04:56:06-05:00,PUR_IED_SanIgnacioBosa11b_371de8,PUR_IED_SanIgnacioBosa11b_371de8,,,,,
2026-09-12T04:56:06-05:00,PUR_IED_SanIgnacioBosaExt_ef0ffc,PUR_IED_SanIgnacioBosaExt_ef0ffc,,,,,
2026-09-12T04:56:06-05:00,PUR_IED_SanIgnacioBosa_11a_50c26e,PUR_IED_SanIgnacioBosa_11a_50c26e,,,,,
2026-09-12T04:56:06-05:00,PUR_IED_SanIgnacioBosa_Ext_ef0ffc,PUR_IED_SanIgnacioBosa_Ext_ef0ffc,,,,,
2026-09-12T04:56:06-05:00,PUR_IED_SanJoseN_intS1101_31c47f,PUR_IED_SanJoseN_intS1101_31c47f,,,,,
2026-09-12T04:56:06-05:00,PUR_IED_SanJoseUsm_Exter_f5d7e8,PUR_IED_SanJoseUsm_Exter_f5d7e8,,,,,
2026-09-12T04:56:06-05:00,PUR_IED_SanJoseUsm_Int11A_cfdef6,PUR_IED_SanJoseUsm_Int11A_cfdef6,,,,,
2026-09-12T04:56:06-05:00,PUR_IED_SilveriaR_IntB5_905349,PUR_IED_SilveriaR_IntB5_905349,,,,,
2026-09-12T04:56:06-05:00,PUR_IED_SilveriaR_IntSD14_981f93,PUR_IED_SilveriaR_IntSD14_981f93,,,,,
2026-09-12T04:56:06-05:00,PUR_IED_SilveriaR_ext_2b651d,PUR_IED_SilveriaR_ext_2b651d,,,,,
2026-09-12T04:56:06-05:00,PUR_IED_SimonB_Exterior_913975,PUR_IED_SimonB_Exterior_913975,,,,,
2026-09-12T04:56:06-05:00,PUR_IED_SimonB_LabQuimi_c56908,PUR_IED_SimonB_LabQuimi_c56908,,,,,
2026-09-12T04:56:06-05:00,PUR_IED_SimonB_informatic_a28c1,PUR_IED_SimonB_informatic_a28c1,,,,,
2026-09-12T04:56:06-05:00,PUR_IED_Sorrento_1102_315f50,PUR_IED_Sorrento_1102_315f50,,,,,
2026-09-12T04:56:06-05:00,PUR_IED_Sorrento_Minte_214eab,PUR_IED_Sorrento_Minte_214eab,,,,,
2026-09-12T04:56:06-05:00,PUR_IED_Sorrento_ext_7c3a0a,PUR_IED_Sorrento_ext_7c3a0a,,,,,
2026-09-12T04:56:06-05:00,PUR_IED_Tabora_Ext_f048ae,PUR_IED_Tabora_Ext_f048ae,,,,,
2026-09-12T04:56:06-05:00,PUR_IED_Tabora_S1102_b07752,PUR_IED_Tabora_S1102_b07752,,,,,
2026-09-12T04:56:06-05:00,PUR_IED_Tabora_S1103_d988f5,PUR_IED_Tabora_S1103_d988f5,,,,,
2026-09-12T04:56:06-05:00,PUR_IED_Tenerife_Ext_1ab188,PUR_IED_Tenerife_Ext_1ab188,,,,,
2026-09-12T04:56:06-05:00,PUR_IED_Tenerife_SDanzas_7bc02e,PUR_IED_Tenerife_SDanzas_7bc02e,,,,,
2026-09-12T04:56:06-05:00,PUR_IED_Tenerife_SIngles_7cc277,PUR_IED_Tenerife_SIngles_7cc277,,,,,
2026-09-12T04:56:06-05:00,PUR_IED_Tibabuyes_Exter_f2683d,PUR_IED_Tibabuyes_Exter_f2683d,,,,,
2026-09-12T04:56:06-05:00,PUR_IED_Tibabuyes_S10_dc87a8,PUR_IED_Tibabuyes_S10_dc87a8,,,,,
2026-09-12T04:56:06-05:00,PUR_IED_Tibabuyes_S15_dc0526,PUR_IED_Tibabuyes_S15_dc0526,,,,,
2026-09-12T04:56:06-05:00,PUR_IED_UnionE_S301_a1043,PUR_IED_UnionE_S301_a1043,,,,,
2026-09-12T04:56:06-05:00,PUR_IED_UnionE_S307_ff6c2f,PUR_IED_UnionE_S307_ff6c2f,,,,,
2026-09-12T04:56:06-05:00,PUR_IED_UnionE__Ext_5e2468,PUR_IED_UnionE__Ext_5e2468,,,,,
2026-09-12T04:56:06-05:00,PUR_IED_VillaRica_Ext_75be7c,PUR_IED_VillaRica_Ext_75be7c,,,,,
2026-09-12T04:56:06-05:00,PUR_IED_VillaRica_S4_cc5dcd,PUR_IED_VillaRica_S4_cc5dcd,,,,,
2026-09-12T04:56:06-05:00,PUR_IED_VillaRica_Sesp_99f5c,PUR_IED_VillaRica_Sesp_99f5c,,,,,
2026-09-12T05:01:14-05:00,PUR_IED_20deJulio_1101_91b1b9,PUR_IED_20deJulio_1101_91b1b9,,,,,
2026-09-12T05:01:14-05:00,PUR_IED_20deJulio_1102_1cfcf9,PUR_IED_20deJulio_1102_1cfcf9,,,,,
2026-09-12T05:01:14-05:00,PUR_IED_20deJulio_Ext_ab60bd,PUR_IED_20deJulio_Ext_ab60bd,,,,,
2026-09-12T05:01:14-05:00,PUR_IED_AgustinFer_Ext_7b9b77,PUR_IED_AgustinFer_Ext_7b9b77,,,,,
2026-09-12T05:01:14-05:00,PUR_IED_AgustinFer_Info2_27b3a7,PUR_IED_AgustinFer_Info2_27b3a7,,,,,
2026-09-12T05:01:14-05:00,PUR_IED_AgustinFer_Sena_54b4eb,PUR_IED_AgustinFer_Sena_54b4eb,,,,,
2026-09-12T05:01:14-05:00,PUR_IED_AlexanderF_1102_caf07b,PUR_IED_AlexanderF_1102_caf07b,,,,,
2026-09-12T05:01:14-05:00,PUR_IED_AlexanderF_1103_c79e71,PUR_IED_AlexanderF_1103_c79e71,,,,,
2026-09-12T05:01:14-05:00,PUR_IED_AlexanderF_Ext_c5b18b,PUR_IED_AlexanderF_Ext_c5b18b,,,,,
2026-09-12T05:01:14-05:00,PUR_IED_AlfonsoLopez_Ext_281d77,PUR_IED_AlfonsoLopez_Ext_281d77,,,,,
2026-09-12T05:01:14-05:00,PUR_IED_AlfonsoLopez_LabF_888ce0,PUR_IED_AlfonsoLopez_LabF_888ce0,,,,,
2026-09-12T05:01:14-05:00,PUR_IED_AlfonsoLopez_SMed_df6a7f,PUR_IED_AlfonsoLopez_SMed_df6a7f,,,,,
2026-09-12T05:01:14-05:00,PUR_IED_AltamiraSO_A2_209f92,PUR_IED_AltamiraSO_A2_209f92,,,,,
2026-09-12T05:01:14-05:00,PUR_IED_AltamiraSO_Ext_186d66,PUR_IED_AltamiraSO_Ext_186d66,,,,,
2026-09-12T05:01:14-05:00,PUR_IED_AltamiraSO_Sistem_27afe1,PUR_IED_AltamiraSO_Sistem_27afe1,,,,,
2026-09-12T05:01:14-05:00,PUR_IED_AlvaroGom_LabQuim_813179,PUR_IED_AlvaroGom_LabQuim_813179,,,,,
2026-09-12T05:01:14-05:00,PUR_IED_AlvaroGomez_Ext_47c7ca,PUR_IED_AlvaroGomez_Ext_47c7ca,,,,,
2026-09-12T05:01:14-05:00,PUR_IED_AlvaroGomez_LabQuim_813179,PUR_IED_AlvaroGomez_LabQuim_813179,,,,,
2026-09-12T05:01:14-05:00,PUR_IED_AlvaroGomez_S23_7ba89f,PUR_IED_AlvaroGomez_S23_7ba89f,,,,,
2026-09-12T05:01:14-05:00,PUR_IED_Amistad_306_dc8728,PUR_IED_Amistad_306_dc8728,,,,,
2026-09-12T05:01:14-05:00,PUR_IED_Amistad_Ext_8cd55e,PUR_IED_Amistad_Ext_8cd55e,,,,,
2026-09-12T05:01:14-05:00,PUR_IED_Amistad_S202_a41169,PUR_IED_Amistad_S202_a41169,,,,,
2026-09-12T05:01:14-05:00,PUR_IED_AndresBello_Bio_fd5f5e,PUR_IED_AndresBello_Bio_fd5f5e,,,,,
2026-09-12T05:01:14-05:00,PUR_IED_AndresBello_ext_dcad65,PUR_IED_AndresBello_ext_dcad65,,,,,
2026-09-12T05:01:14-05:00,PUR_IED_AndresBello_port_eed3ec,PUR_IED_AndresBello_port_eed3ec,,,,,
2026-09-12T05:01:14-05:00,PUR_IED_AngelaR_11b_d90a6b,PUR_IED_AngelaR_11b_d90a6b,,,,,
2026-09-12T05:01:14-05:00,PUR_IED_AngelaR_ext_7cad3e,PUR_IED_AngelaR_ext_7cad3e,4,18,62,4.5825,-74.164497
2026-09-12T05:01:14-05:00,PUR_IED_AntJoseSucre_10mo_df2575,PUR_IED_AntJoseSucre_10mo_df2575,,,,,
2026-09-12T05:01:14-05:00,PUR_IED_AntJoseSucre_Ext_215b36,PUR_IED_AntJoseSucre_Ext_215b36,,,,,
2026-09-12T05:01:14-05:00,PUR_IED_AntJoseSucre_Lab_3139de,PUR_IED_AntJoseSucre_Lab_3139de,,,,,
2026-09-12T05:01:14-05:00,PUR_IED_AntonioGarcia_301_d6b188,PUR_IED_AntonioGarcia_301_d6b188,,,,,
2026-09-12T05:01:14-05:00,PUR_IED_AntonioGarcia_302_88a82,PUR_IED_AntonioGarcia_302_88a82,,,,,
2026-09-12T05:01:14-05:00,PUR_IED_AntonioGarcia_Ext_20950c,PUR_IED_AntonioGarcia_Ext_20950c,,,,,
2026-09-12T05:01:14-05:00,PUR_IED_AntonioVan_Aula2_6dea02,PUR_IED_AntonioVan_Aula2_6dea02,,,,,
2026-09-12T05:01:14-05:00,PUR_IED_AntonioVan_Aula5_f1557e,PUR_IED_AntonioVan_Aula5_f1557e,,,,,
2026-09-12T05:01:14-05:00,PUR_IED_AntonioVan_Ext_406f2f,PUR_IED_AntonioVan_Ext_406f2f,,,,,
2026-09-12T05:01:14-05:00,PUR_IED_Atabanzha_Ext_cc5af9,PUR_IED_Atabanzha_Ext_cc5af9,,,,,
2026-09-12T05:01:14-05:00,PUR_IED_Atabanzha_SA101_56c37,PUR_IED_Atabanzha_SA101_56c37,,,,,
2026-09-12T05:01:14-05:00,PUR_IED_Atabanzha_SB302_27b374,PUR_IED_Atabanzha_SB302_27b374,,,,,
2026-09-12T05:01:14-05:00,PUR_IED_Atahualpa_Ext_fc1748,PUR_IED_Atahualpa_Ext_fc1748,,,,,
2026-09-12T05:01:14-05:00,PUR_IED_Atahualpa_Informa_dc9a95,PUR_IED_Atahualpa_Informa_dc9a95,,,,,
2026-09-12T05:01:14-05:00,PUR_IED_Atahualpa_S1101_f98056,PUR_IED_Atahualpa_S1101_f98056,,,,,
2026-09-12T05:01:14-05:00,PUR_IED_Bellavista_Ext_f5aa74,PUR_IED_Bellavista_Ext_f5aa74,,,,,
2026-09-12T05:01:14-05:00,PUR_IED_Bilbao_11A_916c41,PUR_IED_Bilbao_11A_916c41,,,,,
2026-09-12T05:01:14-05:00,PUR_IED_Bilbao_Ext_fb579a,PUR_IED_Bilbao_Ext_fb579a,,,,,
2026-09-12T05:01:14-05:00,PUR_IED_BrasiliaU_A125_304280,PUR_IED_BrasiliaU_A125_304280,,,,,
2026-09-12T05:01:14-05:00,PUR_IED_BrasiliaU_A203_7c8ca5,PUR_IED_BrasiliaU_A203_7c8ca5,,,,,
2026-09-12T05:01:14-05:00,PUR_IED_BrasiliaU_Ext_8d6e9f,PUR_IED_BrasiliaU_Ext_8d6e9f,5,16,67,4.5175,-74.116302
2026-09-12T05:01:14-05:00,PUR_IED_Brasilia_Ext_fe6593,PUR_IED_Brasilia_Ext_fe6593,,,,,
2026-09-12T05:01:14-05:00,PUR_IED_Brasilia_S24_7c130d,PUR_IED_Brasilia_S24_7c130d,,,,,
2026-09-12T05:01:14-05:00,PUR_IED_Brasilia_S501_186a54,PUR_IED_Brasilia_S501_186a54,,,,,
2026-09-12T05:01:14-05:00,PUR_IED_CHARRY_EXT_f1d5cd,PUR_IED_CHARRY_EXT_f1d5cd,,,,,
2026-09-12T05:01:14-05:00,PUR_IED_CHARRY_INTDANZAS_7a08e6,PUR_IED_CHARRY_INTDANZAS_7a08e6,,,,,
2026-09-12T05:01:14-05:00,PUR_IED_CHARRY_INT_AULA20_dc998d,PUR_IED_CHARRY_INT_AULA20_dc998d,,,,,
2026-09-12T05:01:14-05:00,PUR_IED_COLVIV_1101_S25_7f520a,PUR_IED_COLVIV_1101_S25_7f520a,,,,,
2026-09-12T05:01:14-05:00,PUR_IED_COLVIV_1102_S16_f570ba,PUR_IED_COLVIV_1102_S16_f570ba,,,,,
2026-09-12T05:01:14-05:00,PUR_IED_COLVIV_Ext_1a26fa,PUR_IED_COLVIV_Ext_1a26fa,,,,,
2026-09-12T05:01:14-05:00,PUR_IED_CULPOP_301A_f660f3,PUR_IED_CULPOP_301A_f660f3,,,,,
2026-09-12T05:01:14-05:00,PUR_IED_CULPOP_303_568afe,PUR_IED_CULPOP_303_568afe,,,,,
2026-09-12T05:01:14-05:00,PUR_IED_CULPOP_Ext_e02ccb,PUR_IED_CULPOP_Ext_e02ccb,,,,,
2026-09-12T05:01:14-05:00,PUR_IED_CVillavicen_Ext_26eb58,PUR_IED_CVillavicen_Ext_26eb58,9,14,82,4.487,-74.102798
2026-09-12T05:01:14-05:00,PUR_IED_CVillavicen_Intel_1ce5c2,PUR_IED_CVillavicen_Intel_1ce5c2,,,,,
2026-09-12T05:01:14-05:00,PUR_IED_CVillavicen_Poliv_e0766c,PUR_IED_CVillavicen_Poliv_e0766c,,,,,
2026-09-12T05:01:14-05:00,PUR_IED_CVillavicen_int_1ba140,PUR_IED_CVillavicen_int_1ba140,,,,,
2026-09-12T05:01:14-05:00,PUR_IED_CVillavicen_intel_1ba140,PUR_IED_CVillavicen_intel_1ba140,,,,,
2026-09-12T05:01:14-05:00,PUR_IED_CarlosPizarro_Ext_e307cc,PUR_IED_CarlosPizarro_Ext_e307cc,,,,,
2026-09-12T05:01:14-05:00,PUR_IED_CarlosPizarro_L36_7e5cdb,PUR_IED_CarlosPizarro_L36_7e5cdb,,,,,
2026-09-12T05:01:14-05:00,PUR_IED_CarlosPizarro_L37_c8566c,PUR_IED_CarlosPizarro_L37_c8566c,,,,,
2026-09-12T05:01:14-05:00,PUR_IED_Castilla_Ext_cf35f,PUR_IED_Castilla_Ext_cf35f,,,,,
2026-09-12T05:01:14-05:00,PUR_IED_Castilla_SFisik_360e38,PUR_IED_Castilla_SFisik_360e38,,,,,
2026-09-12T05:01:14-05:00,PUR_IED_Castilla_Sc304_496fbf,PUR_IED_Castilla_Sc304_496fbf,,,,,
2026-09-12T05:01:14-05:00,PUR_IED_CervantesSa_Ext_6b57b,PUR_IED_CervantesSa_Ext_6b57b,4,16,74,4.5128,-74.117203
2026-09-12T05:01:14-05:00,PUR_IED_CervantesSa_S107_225c2b,PUR_IED_CervantesSa_S107_225c2b,,,,,
2026-09-12T05:01:14-05:00,PUR_IED_CervantesSa_S108_940925,PUR_IED_CervantesSa_S108_940925,,,,,
2026-09-12T05:01:14-05:00,PUR_IED_Charry_A20_f53e7c,PUR_IED_Charry_A20_f53e7c,,,,,
2026-09-12T05:01:14-05:00,PUR_IED_Charry_Ext_f1d5cd,PUR_IED_Charry_Ext_f1d5cd,,,,,
2026-09-12T05:01:14-05:00,PUR_IED_Charry_IntAula20_dc998d,PUR_IED_Charry_IntAula20_dc998d,,,,,
2026-09-12T05:01:14-05:00,PUR_IED_Charry_IntDanzas_7a08e6,PUR_IED_Charry_IntDanzas_7a08e6,,,,,
2026-09-12T05:01:14-05:00,PUR_IED_ClememciaC_203_43e2fc,PUR_IED_ClememciaC_203_43e2fc,,,,,
2026-09-12T05:01:14-05:00,PUR_IED_ClememciaC_Ext_1b411a,PUR_IED_ClememciaC_Ext_1b411a,,,,,
2026-09-12T05:01:14-05:00,PUR_IED_ClememciaC_Quimic_44b5fc,PUR_IED_ClememciaC_Quimic_44b5fc,,,,,
2026-09-12T05:01:14-05:00,PUR_IED_ClemenciaC_203_43e2fc,PUR_IED_ClemenciaC_203_43e2fc,,,,,
2026-09-12T05:01:14-05:00,PUR_IED_ClemenciaC_Ext_1b411a,PUR_IED_ClemenciaC_Ext_1b411a,,,,,
2026-09-12T05:01:14-05:00,PUR_IED_ClemenciaC_Quimic_44b5fc,PUR_IED_ClemenciaC_Quimic_44b5fc,,,,,
2026-09-12T05:01:14-05:00,PUR_IED_ColViva_1101_S25_7f520a,PUR_IED_ColViva_1101_S25_7f520a,,,,,
2026-09-12T05:01:14-05:00,PUR_IED_ColViva_1102_S16_f570ba,PUR_IED_ColViva_1102_S16_f570ba,,,,,
2026-09-12T05:01:14-05:00,PUR_IED_ColViva_Ext_1a26fa,PUR_IED_ColViva_Ext_1a26fa,,,,,
2026-09-12T05:01:14-05:00,PUR_IED_ColegioBici_Asist_7c8798,PUR_IED_ColegioBici_Asist_7c8798,,,,,
2026-09-12T05:01:14-05:00,PUR_IED_ColegioBici_Ext_25cbf6,PUR_IED_ColegioBici_Ext_25cbf6,,,,,
2026-09-12T05:01:14-05:00,PUR_IED_ColegioBici_LabQ_7b57db,PUR_IED_ColegioBici_LabQ_7b57db,,,,,
2026-09-12T05:01:14-05:00,PUR_IED_CostaRica_Ext_5e640,PUR_IED_CostaRica_Ext_5e640,,,,,
2026-09-12T05:01:14-05:00,PUR_IED_CostaRica_Quim1_766d1c,PUR_IED_CostaRica_Quim1_766d1c,,,,,
2026-09-12T05:01:14-05:00,PUR_IED_CostaRica__Fisica_6f0873,PUR_IED_CostaRica__Fisica_6f0873,,,,,
2026-09-12T05:01:14-05:00,PUR_IED_CulPopu_301A_f660f3,PUR_IED_CulPopu_301A_f660f3,,,,,
2026-09-12T05:01:14-05:00,PUR_IED_CulPopu_303_568afe,PUR_IED_CulPopu_303_568afe,,,,,
2026-09-12T05:01:14-05:00,PUR_IED_CulPopu_Ext_e02ccb,PUR_IED_CulPopu_Ext_e02ccb,,,,,
2026-09-12T05:01:14-05:00,PUR_IED_Cundinamarca_Ext_f15985,PUR_IED_Cundinamarca_Ext_f15985,,,,,
2026-09-12T05:01:14-05:00,PUR_IED_Cundinamarca_Info_7aa5d7,PUR_IED_Cundinamarca_Info_7aa5d7,,,,,
2026-09-12T05:01:14-05:00,PUR_IED_Cundinamarca_Tec2_f449c7,PUR_IED_Cundinamarca_Tec2_f449c7,,,,,
2026-09-12T05:01:14-05:00,PUR_IED_DiegoM_Aula1_27b314,PUR_IED_DiegoM_Aula1_27b314,,,,,
2026-09-12T05:01:14-05:00,PUR_IED_DiegoM_Ext_d80ac8,PUR_IED_DiegoM_Ext_d80ac8,,,,,
2026-09-12T05:01:14-05:00,PUR_IED_DiegoM_S25_da928f,PUR_IED_DiegoM_S25_da928f,,,,,
2026-09-12T05:01:14-05:00,PUR_IED_ELRODEO_360881,PUR_IED_ELRODEO_360881,,,,,
2026-09-12T05:01:14-05:00,PUR_IED_ELRODEO_ext_360881,PUR_IED_ELRODEO_ext_360881,,,,,
2026-09-12T05:01:14-05:00,PUR_IED_EduardoU_Ext_1c1969,PUR_IED_EduardoU_Ext_1c1969,,,,,
2026-09-12T05:01:14-05:00,PUR_IED_EduardoU_SCiencia_4dfb94,PUR_IED_EduardoU_SCiencia_4dfb94,,,,,
2026-09-12T05:01:14-05:00,PUR_IED_EduardoU_SQuimica_5a46e7,PUR_IED_EduardoU_SQuimica_5a46e7,,,,,
2026-09-12T05:01:14-05:00,PUR_IED_ElRodeo_Aula14_676984,PUR_IED_ElRodeo_Aula14_676984,,,,,
2026-09-12T05:01:14-05:00,PUR_IED_ElRodeo_Aula16_2dd35b,PUR_IED_ElRodeo_Aula16_2dd35b,,,,,
2026-09-12T05:01:14-05:00,PUR_IED_ElRodeo_Ext_360881,PUR_IED_ElRodeo_Ext_360881,,,,,
2026-09-12T05:01:14-05:00,PUR_IED_ElRodeo_Exterior_8c6d28,PUR_IED_ElRodeo_Exterior_8c6d28,,,,,
2026-09-12T05:01:14-05:00,PUR_IED_ElRodeo_ext_360881,PUR_IED_ElRodeo_ext_360881,,,,,
2026-09-12T05:01:14-05:00,PUR_IED_EmmaReyes_Ext_987625,PUR_IED_EmmaReyes_Ext_987625,10,21,53,4.6367,-74.1511
2026-09-12T05:01:14-05:00,PUR_IED_Ensueño_Ext_7f0250,PUR_IED_Ensueño_Ext_7f0250,,,,,
2026-09-12T05:01:14-05:00,PUR_IED_EscNormal_Ext_5fef3b,PUR_IED_EscNormal_Ext_5fef3b,2,17,63,4.5852,-74.096901
2026-09-12T05:01:14-05:00,PUR_IED_EscNormal_S309_5b263,PUR_IED_EscNormal_S309_5b263,,,,,
2026-09-12T05:01:14-05:00,PUR_IED_EscNormal_S310_27b3b8,PUR_IED_EscNormal_S310_27b3b8,,,,,
2026-09-12T05:01:14-05:00,PUR_IED_Evangelista_Conta_f6cd4f,PUR_IED_Evangelista_Conta_f6cd4f,,,,,
2026-09-12T05:01:14-05:00,PUR_IED_Evangelista_Cri_5e16a,PUR_IED_Evangelista_Cri_5e16a,,,,,
2026-09-12T05:01:14-05:00,PUR_IED_Evangelista_Exter_754066,PUR_IED_Evangelista_Exter_754066,,,,,
2026-09-12T05:01:14-05:00,PUR_IED_FMiranda_S209_5cc2a3,PUR_IED_FMiranda_S209_5cc2a3,,,,,
2026-09-12T05:01:14-05:00,PUR_IED_FMiranda_S303_19e344,PUR_IED_FMiranda_S303_19e344,,,,,
2026-09-12T05:01:14-05:00,PUR_IED_FMiranda_ext_f53e7c,PUR_IED_FMiranda_ext_f53e7c,,,,,
2026-09-12T05:01:14-05:00,PUR_IED_FabioLozano_Bibli_1cee05,PUR_IED_FabioLozano_Bibli_1cee05,,,,,
2026-09-12T05:01:14-05:00,PUR_IED_FabioLozano_Ext_6ea285,PUR_IED_FabioLozano_Ext_6ea285,,,,,
2026-09-12T05:01:14-05:00,PUR_IED_FabioLozano_SLudi_f09e1e,PUR_IED_FabioLozano_SLudi_f09e1e,,,,,
2026-09-12T05:01:14-05:00,PUR_IED_FaustinoS_Aula07_27a731,PUR_IED_FaustinoS_Aula07_27a731,,,,,
2026-09-12T05:01:14-05:00,PUR_IED_FaustinoS_Ext_7b936f,PUR_IED_FaustinoS_Ext_7b936f,,,,,
2026-09-12T05:01:14-05:00,PUR_IED_FaustinoS_Fisica_da2c60,PUR_IED_FaustinoS_Fisica_da2c60,,,,,
2026-09-12T05:01:14-05:00,PUR_IED_FeGarciaLo_Ext_dc68ee,PUR_IED_FeGarciaLo_Ext_dc68ee,,,,,
2026-09-12T05:01:14-05:00,PUR_IED_FeGarciaLo_SDanza_f70a59,PUR_IED_FeGarciaLo_SDanza_f70a59,,,,,
2026-09-12T05:01:14-05:00,PUR_IED_FeGarciaLo_SMusic_125cdd,PUR_IED_FeGarciaLo_SMusic_125cdd,,,,,
2026-09-12T05:01:14-05:00,PUR_IED_FederalAlema_Exte_50c345,PUR_IED_FederalAlema_Exte_50c345,,,,,
2026-09-12T05:01:14-05:00,PUR_IED_FederalAlema_S31_f18371,PUR_IED_FederalAlema_S31_f18371,,,,,
2026-09-12T05:01:14-05:00,PUR_IED_FederalAlema_S901_a62cd,PUR_IED_FederalAlema_S901_a62cd,,,,,
2026-09-12T05:01:14-05:00,PUR_IED_FilarmonicaS_A5_f35eb1,PUR_IED_FilarmonicaS_A5_f35eb1,,,,,
2026-09-12T05:01:14-05:00,PUR_IED_FilarmonicaS_Ext_8a3bde,PUR_IED_FilarmonicaS_Ext_8a3bde,,,,,
2026-09-12T05:01:14-05:00,PUR_IED_FilarmonicaS_Spol_406114,PUR_IED_FilarmonicaS_Spol_406114,,,,,
2026-09-12T05:01:14-05:00,PUR_IED_FlorentinoG_A13_d1fa59,PUR_IED_FlorentinoG_A13_d1fa59,,,,,
2026-09-12T05:01:14-05:00,PUR_IED_FlorentinoG_Ext_1ce6ce,PUR_IED_FlorentinoG_Ext_1ce6ce,,,,,
2026-09-12T05:01:14-05:00,PUR_IED_FlorentinoG_Idiom_a66aac,PUR_IED_FlorentinoG_Idiom_a66aac,,,,,
2026-09-12T05:01:14-05:00,PUR_IED_FranciscoMati_Ext_e3869d,PUR_IED_FranciscoMati_Ext_e3869d,,,,,
2026-09-12T05:01:14-05:00,PUR_IED_FranciscoMati_S13_f31c67,PUR_IED_FranciscoMati_S13_f31c67,,,,,
2026-09-12T05:01:14-05:00,PUR_IED_FranciscoMati_S14_97dead,PUR_IED_FranciscoMati_S14_97dead,,,,,
2026-09-12T05:01:14-05:00,PUR_IED_FranciscoPS_Ext_7bfa9a,PUR_IED_FranciscoPS_Ext_7bfa9a,2,19,60,4.5899,-74.110397
2026-09-12T05:01:14-05:00,PUR_IED_FranciscoPS_Infor_fb8f4c,PUR_IED_FranciscoPS_Infor_fb8f4c,,,,,
2026-09-12T05:01:14-05:00,PUR_IED_FranciscoPS_Quimi_94d39c,PUR_IED_FranciscoPS_Quimi_94d39c,,,,,
2026-09-12T05:01:14-05:00,PUR_IED_FranciscoP_LabQ_d7e148,PUR_IED_FranciscoP_LabQ_d7e148,,,,,
2026-09-12T05:01:14-05:00,PUR_IED_FranciscoP_S28_cf9b30,PUR_IED_FranciscoP_S28_cf9b30,,,,,
2026-09-12T05:01:14-05:00,PUR_IED_FranciscoP_ext_e2313,PUR_IED_FranciscoP_ext_e2313,,,,,
2026-09-12T05:01:14-05:00,PUR_IED_FriederichN_Ext_8ac92a,PUR_IED_FriederichN_Ext_8ac92a,,,,,
2026-09-12T05:01:14-05:00,PUR_IED_FriederichN_S301_dd7e5a,PUR_IED_FriederichN_S301_dd7e5a,,,,,
2026-09-12T05:01:14-05:00,PUR_IED_FriederichN_S308_761f4f,PUR_IED_FriederichN_S308_761f4f,,,,,
2026-09-12T05:01:14-05:00,PUR_IED_GSantander_Aula10_533dd7,PUR_IED_GSantander_Aula10_533dd7,,,,,
2026-09-12T05:01:14-05:00,PUR_IED_GSantander_Aula12_fd4e4f,PUR_IED_GSantander_Aula12_fd4e4f,,,,,
2026-09-12T05:01:14-05:00,PUR_IED_GSantander_Aula310_533dd7,PUR_IED_GSantander_Aula310_533dd7,,,,,
2026-09-12T05:01:14-05:00,PUR_IED_GSantander_Aula312_fd4e4f,PUR_IED_GSantander_Aula312_fd4e4f,,,,,
2026-09-12T05:01:14-05:00,PUR_IED_GSantander_Ext_5f66b0,PUR_IED_GSantander_Ext_5f66b0,,,,,
2026-09-12T05:01:14-05:00,PUR_IED_GYomasa_Ext_f6bea5,PUR_IED_GYomasa_Ext_f6bea5,,,,,
2026-09-12T05:01:14-05:00,PUR_IED_GYomasa_LBiol_2c41aa,PUR_IED_GYomasa_LBiol_2c41aa,,,,,
2026-09-12T05:01:14-05:00,PUR_IED_GYomasa_LQuim_33c80,PUR_IED_GYomasa_LQuim_33c80,,,,,
2026-09-12T05:01:14-05:00,PUR_IED_GabBetMejia_Cienc_5a99c,PUR_IED_GabBetMejia_Cienc_5a99c,,,,,
2026-09-12T05:01:14-05:00,PUR_IED_GabBetMejia_Ext_9153d0,PUR_IED_GabBetMejia_Ext_9153d0,,,,,
2026-09-12T05:01:14-05:00,PUR_IED_GabBetMejia_Lab_f55347,PUR_IED_GabBetMejia_Lab_f55347,,,,,
2026-09-12T05:01:14-05:00,PUR_IED_GabBetanMejia_Ext_9153d0,PUR_IED_GabBetanMejia_Ext_9153d0,,,,,
2026-09-12T05:01:14-05:00,PUR_IED_Gaitana_Aula13_7aac11,PUR_IED_Gaitana_Aula13_7aac11,,,,,
2026-09-12T05:01:14-05:00,PUR_IED_Gaitana_Ext_5fcf4,PUR_IED_Gaitana_Ext_5fcf4,,,,,
2026-09-12T05:01:14-05:00,PUR_IED_Gaitana_LabFisica_644448,PUR_IED_Gaitana_LabFisica_644448,,,,,
2026-09-12T05:01:14-05:00,PUR_IED_GenSantander_Dise_8ac858,PUR_IED_GenSantander_Dise_8ac858,,,,,
2026-09-12T05:01:14-05:00,PUR_IED_GenSantander_Ext_8d5dfe,PUR_IED_GenSantander_Ext_8d5dfe,,,,,
2026-09-12T05:01:14-05:00,PUR_IED_GenSantander_Info_6c25b,PUR_IED_GenSantander_Info_6c25b,,,,,
2026-09-12T05:01:14-05:00,PUR_IED_GustavoMo_Exterio_75e63d,PUR_IED_GustavoMo_Exterio_75e63d,,,,,
2026-09-12T05:01:14-05:00,PUR_IED_GustavoMo_LabFisi_224d37,PUR_IED_GustavoMo_LabFisi_224d37,,,,,
2026-09-12T05:01:14-05:00,PUR_IED_GustavoMo_S208_3e6918,PUR_IED_GustavoMo_S208_3e6918,,,,,
2026-09-12T05:01:14-05:00,PUR_IED_GustavoR_A02_8cd4a8,PUR_IED_GustavoR_A02_8cd4a8,,,,,
2026-09-12T05:01:14-05:00,PUR_IED_GustavoR_B11_5b0ed,PUR_IED_GustavoR_B11_5b0ed,,,,,
2026-09-12T05:01:14-05:00,PUR_IED_GustavoR_Ext_7a0c90,PUR_IED_GustavoR_Ext_7a0c90,,,,,
2026-09-12T05:01:14-05:00,PUR_IED_HernandoDuran_Ext_8cd82b,PUR_IED_HernandoDuran_Ext_8cd82b,,,,,
2026-09-12T05:01:14-05:00,PUR_IED_HernandoDuran_S24_2772c6,PUR_IED_HernandoDuran_S24_2772c6,,,,,
2026-09-12T05:01:14-05:00,PUR_IED_HernandoDuran_S30_f2de41,PUR_IED_HernandoDuran_S30_f2de41,,,,,
2026-09-12T05:01:14-05:00,PUR_IED_HolguInUr_S1101_8cd732,PUR_IED_HolguInUr_S1101_8cd732,,,,,
2026-09-12T05:01:14-05:00,PUR_IED_HolguinUr_Exter_ddae6d,PUR_IED_HolguinUr_Exter_ddae6d,,,,,
2026-09-12T05:01:14-05:00,PUR_IED_HolguinUr_LabQuim_92b952,PUR_IED_HolguinUr_LabQuim_92b952,,,,,
2026-09-12T05:01:14-05:00,PUR_IED_Isabel-II_Ext_5245cc,PUR_IED_Isabel-II_Ext_5245cc,9,18,60,4.6336,-74.153
2026-09-12T05:01:14-05:00,PUR_IED_Isabel-II_S_idiom_1c29aa,PUR_IED_Isabel-II_S_idiom_1c29aa,,,,,
2026-09-12T05:01:14-05:00,PUR_IED_Isabel-II_S_infor_fd741,PUR_IED_Isabel-II_S_infor_fd741,,,,,
2026-09-12T05:01:14-05:00,PUR_IED_IsidroSur_Exterio_5b90ea,PUR_IED_IsidroSur_Exterio_5b90ea,,,,,
2026-09-12T05:01:14-05:00,PUR_IED_IsidroSur_LabTec_56697a,PUR_IED_IsidroSur_LabTec_56697a,,,,,
2026-09-12T05:01:14-05:00,PUR_IED_IsidroSur_Robotic_b7c38f,PUR_IED_IsidroSur_Robotic_b7c38f,,,,,
2026-09-12T05:01:14-05:00,PUR_IED_IsmaelPerd_Ext_7b6672,PUR_IED_IsmaelPerd_Ext_7b6672,,,,,
2026-09-12T05:01:14-05:00,PUR_IED_IsmaelPerd_Inform_306540,PUR_IED_IsmaelPerd_Inform_306540,,,,,
2026-09-12T05:01:14-05:00,PUR_IED_IsmaelPerd_S30_2e2c83,PUR_IED_IsmaelPerd_S30_2e2c83,,,,,
2026-09-12T05:01:14-05:00,PUR_IED_JLozano_Exter_432910,PUR_IED_JLozano_Exter_432910,,,,,
2026-09-12T05:01:14-05:00,PUR_IED_JLozano_salaMulti_df5125,PUR_IED_JLozano_salaMulti_df5125,,,,,
2026-09-12T05:01:14-05:00,PUR_IED_JMCordoba_206_86f80b,PUR_IED_JMCordoba_206_86f80b,,,,,
2026-09-12T05:01:14-05:00,PUR_IED_JMCordoba_Ext_27ad97,PUR_IED_JMCordoba_Ext_27ad97,,,,,
2026-09-12T05:01:14-05:00,PUR_IED_JMCordoba_S310_d59ab4,PUR_IED_JMCordoba_S310_d59ab4,,,,,
2026-09-12T05:01:14-05:00,PUR_IED_Japon_Ext_549100,PUR_IED_Japon_Ext_549100,,,,,
2026-09-12T05:01:14-05:00,PUR_IED_Japon_Laboratorio_bec51d,PUR_IED_Japon_Laboratorio_bec51d,,,,,
2026-09-12T05:01:14-05:00,PUR_IED_Japon_informatica_d99327,PUR_IED_Japon_informatica_d99327,,,,,
2026-09-12T05:01:14-05:00,PUR_IED_Jazmin_Ext_d27bda,PUR_IED_Jazmin_Ext_d27bda,,,,,
2026-09-12T05:01:14-05:00,PUR_IED_Jazmin_Fisica_8d14d7,PUR_IED_Jazmin_Fisica_8d14d7,,,,,
2026-09-12T05:01:14-05:00,PUR_IED_Jazmin_Quimica_801cb5,PUR_IED_Jazmin_Quimica_801cb5,,,,,
2026-09-12T05:01:14-05:00,PUR_IED_JorgeGaitan_Exter_f098d1,PUR_IED_JorgeGaitan_Exter_f098d1,,,,,
2026-09-12T05:01:14-05:00,PUR_IED_JorgeGaitan_STec1_dc9d1d,PUR_IED_JorgeGaitan_STec1_dc9d1d,,,,,
2026-09-12T05:01:14-05:00,PUR_IED_JorgeGaitan_STec2_281e69,PUR_IED_JorgeGaitan_STec2_281e69,,,,,
2026-09-12T05:01:14-05:00,PUR_IED_JorgeSoto_Exterio_d9d0a2,PUR_IED_JorgeSoto_Exterio_d9d0a2,,,,,
2026-09-12T05:01:14-05:00,PUR_IED_JorgeSoto_LabFisi_209c54,PUR_IED_JorgeSoto_LabFisi_209c54,,,,,
2026-09-12T05:01:14-05:00,PUR_IED_JorgeSoto_S103_27b51a,PUR_IED_JorgeSoto_S103_27b51a,,,,,
2026-09-12T05:01:14-05:00,PUR_IED_JoseAcevedo_A02_e965eb,PUR_IED_JoseAcevedo_A02_e965eb,,,,,
2026-09-12T05:01:14-05:00,PUR_IED_JoseAcevedo_A07_dd5b4,PUR_IED_JoseAcevedo_A07_dd5b4,,,,,
2026-09-12T05:01:14-05:00,PUR_IED_JoseAcevedo_Ext_b47484,PUR_IED_JoseAcevedo_Ext_b47484,,,,,
2026-09-12T05:01:14-05:00,PUR_IED_JoseMarti_Exte_5b9bf,PUR_IED_JoseMarti_Exte_5b9bf,,,,,
2026-09-12T05:01:14-05:00,PUR_IED_JoseMarti_LabQuim_1c6c2d,PUR_IED_JoseMarti_LabQuim_1c6c2d,,,,,
2026-09-12T05:01:14-05:00,PUR_IED_JoseMarti_S_info_f5f177,PUR_IED_JoseMarti_S_info_f5f177,,,,,
2026-09-12T05:01:14-05:00,PUR_IED_Josejoaquin_Ext_dfc5dc,PUR_IED_Josejoaquin_Ext_dfc5dc,,,,,
2026-09-12T05:01:14-05:00,PUR_IED_Josejoaquin_S05_5b2a96,PUR_IED_Josejoaquin_S05_5b2a96,,,,,
2026-09-12T05:01:14-05:00,PUR_IED_Josejoaquin_S06_1ce7d2,PUR_IED_Josejoaquin_S06_1ce7d2,,,,,
2026-09-12T05:01:14-05:00,PUR_IED_JulioFlorez_Danza_9b82dd,PUR_IED_JulioFlorez_Danza_9b82dd,,,,,
2026-09-12T05:01:14-05:00,PUR_IED_JulioFlorez_Exter_f9f314,PUR_IED_JulioFlorez_Exter_f9f314,,,,,
2026-09-12T05:01:14-05:00,PUR_IED_JulioFlorez_info2_6b6e08,PUR_IED_JulioFlorez_info2_6b6e08,,,,,
2026-09-12T05:01:14-05:00,PUR_IED_LaBelleza_Aula13_1d00d8,PUR_IED_LaBelleza_Aula13_1d00d8,,,,,
2026-09-12T05:01:14-05:00,PUR_IED_LaBelleza_Ext_7bc08c,PUR_IED_LaBelleza_Ext_7bc08c,,,,,
2026-09-12T05:01:14-05:00,PUR_IED_LaChucua_Ext_8cd6d2,PUR_IED_LaChucua_Ext_8cd6d2,,,,,
2026-09-12T05:01:14-05:00,PUR_IED_LaChucua_S15_f578ce,PUR_IED_LaChucua_S15_f578ce,,,,,
2026-09-12T05:01:14-05:00,PUR_IED_LaChucua_S16_eebcf9,PUR_IED_LaChucua_S16_eebcf9,,,,,
2026-09-12T05:01:14-05:00,PUR_IED_LaFelicidad_Ext_fb5109,PUR_IED_LaFelicidad_Ext_fb5109,,,,,
2026-09-12T05:01:14-05:00,PUR_IED_LaMerced_206_66ebd,PUR_IED_LaMerced_206_66ebd,,,,,
2026-09-12T05:01:14-05:00,PUR_IED_LaMerced_207_6ebd6,PUR_IED_LaMerced_207_6ebd6,,,,,
2026-09-12T05:01:14-05:00,PUR_IED_LaMerced_ext_304311,PUR_IED_LaMerced_ext_304311,,,,,
2026-09-12T05:01:14-05:00,PUR_IED_Laureano_CiencNat_281e5e,PUR_IED_Laureano_CiencNat_281e5e,,,,,
2026-09-12T05:01:14-05:00,PUR_IED_Laureano_Comedor_f65c0a,PUR_IED_Laureano_Comedor_f65c0a,,,,,
2026-09-12T05:01:14-05:00,PUR_IED_Laureano_Exterior_7ab011,PUR_IED_Laureano_Exterior_7ab011,,,,,
2026-09-12T05:01:14-05:00,PUR_IED_LeonGreiff_Exte_dfe560,PUR_IED_LeonGreiff_Exte_dfe560,,,,,
2026-09-12T05:01:14-05:00,PUR_IED_LeonGreiff_S210_f264ed,PUR_IED_LeonGreiff_S210_f264ed,,,,,
2026-09-12T05:01:14-05:00,PUR_IED_LeonGreiff_SQuimi_e8296f,PUR_IED_LeonGreiff_SQuimi_e8296f,,,,,
2026-09-12T05:01:14-05:00,PUR_IED_LlanoOrientalS208_7b9fcd,PUR_IED_LlanoOrientalS208_7b9fcd,,,,,
2026-09-12T05:01:14-05:00,PUR_IED_LlanoOriental_Ext_fb3766,PUR_IED_LlanoOriental_Ext_fb3766,,,,,
2026-09-12T05:01:14-05:00,PUR_IED_LlanoOriental_S208_7b9fcd,PUR_IED_LlanoOriental_S208_7b9fcd,,,,,
2026-09-12T05:01:14-05:00,PUR_IED_LlanoOriental_S9_27b378,PUR_IED_LlanoOriental_S9_27b378,,,,,
2026-09-12T05:01:14-05:00,PUR_IED_LosTejares_1101_477602,PUR_IED_LosTejares_1101_477602,,,,,
2026-09-12T05:01:14-05:00,PUR_IED_LosTejares_11_d2c595,PUR_IED_LosTejares_11_d2c595,,,,,
2026-09-12T05:01:14-05:00,PUR_IED_LosTejares_12_477602,PUR_IED_LosTejares_12_477602,,,,,
2026-09-12T05:01:14-05:00,PUR_IED_LosTejares_Ext_8e2115,PUR_IED_LosTejares_Ext_8e2115,,,,,
2026-09-12T05:01:14-05:00,PUR_IED_MagdalenaO_B202_5ddda3,PUR_IED_MagdalenaO_B202_5ddda3,,,,,
2026-09-12T05:01:14-05:00,PUR_IED_MagdalenaO_B205_fb76e8,PUR_IED_MagdalenaO_B205_fb76e8,,,,,
2026-09-12T05:01:14-05:00,PUR_IED_MagdalenaO_ext_dc69cd,PUR_IED_MagdalenaO_ext_dc69cd,,,,,
2026-09-12T05:01:14-05:00,PUR_IED_ManueCepeda_artes_eee956,PUR_IED_ManueCepeda_artes_eee956,,,,,
2026-09-12T05:01:14-05:00,PUR_IED_ManuelCepeda_Ext_58313,PUR_IED_ManuelCepeda_Ext_58313,,,,,
2026-09-12T05:01:14-05:00,PUR_IED_ManuelCepeda_tec_1c5731,PUR_IED_ManuelCepeda_tec_1c5731,,,,,
2026-09-12T05:01:14-05:00,PUR_IED_ManuelS_Exterior_5b269,PUR_IED_ManuelS_Exterior_5b269,,,,,
2026-09-12T05:01:14-05:00,PUR_IED_ManuelS_Inform_f369ce,PUR_IED_ManuelS_Inform_f369ce,,,,,
2026-09-12T05:01:14-05:00,PUR_IED_ManuelS_SArtes_7d15f1,PUR_IED_ManuelS_SArtes_7d15f1,,,,,
2026-09-12T05:01:14-05:00,PUR_IED_ManuelZapata_303_3ca6,PUR_IED_ManuelZapata_303_3ca6,,,,,
2026-09-12T05:01:14-05:00,PUR_IED_ManuelZapata_311_bfbabc,PUR_IED_ManuelZapata_311_bfbabc,,,,,
2026-09-12T05:01:14-05:00,PUR_IED_ManuelZapata_Ext_50824a,PUR_IED_ManuelZapata_Ext_50824a,,,,,
2026-09-12T05:01:14-05:00,PUR_IED_ManuelitaS_Exteri_656a92,PUR_IED_ManuelitaS_Exteri_656a92,,,,,
2026-09-12T05:01:14-05:00,PUR_IED_ManuelitaS_JuzgDe_f58ec3,PUR_IED_ManuelitaS_JuzgDe_f58ec3,,,,,
2026-09-12T05:01:14-05:00,PUR_IED_ManuelitaS_Recrea_d793db,PUR_IED_ManuelitaS_Recrea_d793db,,,,,
2026-09-12T05:01:14-05:00,PUR_IED_MarFidSuarez_Ext_c27b19,PUR_IED_MarFidSuarez_Ext_c27b19,,,,,
2026-09-12T05:01:14-05:00,PUR_IED_MarFidSuarez_Info_e384d7,PUR_IED_MarFidSuarez_Info_e384d7,,,,,
2026-09-12T05:01:14-05:00,PUR_IED_MarFidSuarez_S306_1d0032,PUR_IED_MarFidSuarez_S306_1d0032,,,,,
2026-09-12T05:01:14-05:00,PUR_IED_Menorah_301_2a25a3,PUR_IED_Menorah_301_2a25a3,,,,,
2026-09-12T05:01:14-05:00,PUR_IED_Menorah_306_37ed3,PUR_IED_Menorah_306_37ed3,,,,,
2026-09-12T05:01:14-05:00,PUR_IED_Menorah_Ext_3e155b,PUR_IED_Menorah_Ext_3e155b,,,,,
2026-09-12T05:01:14-05:00,PUR_IED_MinutoB.Aires_A11_1b1604,PUR_IED_MinutoB.Aires_A11_1b1604,,,,,
2026-09-12T05:01:14-05:00,PUR_IED_MinutoB.Aires_A12_fb5860,PUR_IED_MinutoB.Aires_A12_fb5860,,,,,
2026-09-12T05:01:14-05:00,PUR_IED_MinutoB.Aires_Ext_81293f,PUR_IED_MinutoB.Aires_Ext_81293f,,,,,
2026-09-12T05:01:14-05:00,PUR_IED_MinutoBAires_A11_1b1604,PUR_IED_MinutoBAires_A11_1b1604,,,,,
2026-09-12T05:01:14-05:00,PUR_IED_MinutoBAires_A12_fb5860,PUR_IED_MinutoBAires_A12_fb5860,,,,,
2026-09-12T05:01:14-05:00,PUR_IED_MinutoBAires_Ext_81293f,PUR_IED_MinutoBAires_Ext_81293f,,,,,
2026-09-12T05:01:14-05:00,PUR_IED_Montreal_Aula10_1e4959,PUR_IED_Montreal_Aula10_1e4959,,,,,
2026-09-12T05:01:14-05:00,PUR_IED_Montreal_Aula6_300367,PUR_IED_Montreal_Aula6_300367,,,,,
2026-09-12T05:01:14-05:00,PUR_IED_Montreal_Exterior_91a179,PUR_IED_Montreal_Exterior_91a179,,,,,
2026-09-12T05:01:14-05:00,PUR_IED_Mqgdalena_B202_5ddda3,PUR_IED_Mqgdalena_B202_5ddda3,,,,,
2026-09-12T05:01:14-05:00,PUR_IED_NACUND_Soc_dc8728,PUR_IED_NACUND_Soc_dc8728,,,,,
2026-09-12T05:01:14-05:00,PUR_IED_NACUND_ext_27ad97,PUR_IED_NACUND_ext_27ad97,,,,,
2026-09-12T05:01:14-05:00,PUR_IED_NEsperanza_Ext_d24b61,PUR_IED_NEsperanza_Ext_d24b61,,,,,
2026-09-12T05:01:14-05:00,PUR_IED_NEsperanza_SElect_7d1807,PUR_IED_NEsperanza_SElect_7d1807,,,,,
2026-09-12T05:01:14-05:00,PUR_IED_NEsperanza_SLabor_8b2d0a,PUR_IED_NEsperanza_SLabor_8b2d0a,,,,,
2026-09-12T05:01:14-05:00,PUR_IED_NacionesU_Ext_f661a9,PUR_IED_NacionesU_Ext_f661a9,,,,,
2026-09-12T05:01:14-05:00,PUR_IED_NacionesU_Quimica_66f0a,PUR_IED_NacionesU_Quimica_66f0a,,,,,
2026-09-12T05:01:14-05:00,PUR_IED_NacionesU_S306_1b4b3d,PUR_IED_NacionesU_S306_1b4b3d,,,,,
2026-09-12T05:01:14-05:00,PUR_IED_NestorFA_Ext_e4201c,PUR_IED_NestorFA_Ext_e4201c,,,,,
2026-09-12T05:01:14-05:00,PUR_IED_NestorFA_Laborato_f22fe0,PUR_IED_NestorFA_Laborato_f22fe0,,,,,
2026-09-12T05:01:14-05:00,PUR_IED_NestorFA_S204_dee996,PUR_IED_NestorFA_S204_dee996,,,,,
2026-09-12T05:01:14-05:00,PUR_IED_NidyaQT_Aula03_76999b,PUR_IED_NidyaQT_Aula03_76999b,,,,,
2026-09-12T05:01:14-05:00,PUR_IED_NidyaQT_Aula10_56325,PUR_IED_NidyaQT_Aula10_56325,,,,,
2026-09-12T05:01:14-05:00,PUR_IED_NidyaQT_Ext_46e32d,PUR_IED_NidyaQT_Ext_46e32d,,,,,
2026-09-12T05:01:14-05:00,PUR_IED_NuevaCol_Exterior_d9b859,PUR_IED_NuevaCol_Exterior_d9b859,,,,,
2026-09-12T05:01:14-05:00,PUR_IED_NuevaCol_S1101_76c43b,PUR_IED_NuevaCol_S1101_76c43b,,,,,
2026-09-12T05:01:14-05:00,PUR_IED_NuevaCol_S1102_1ce0b5,PUR_IED_NuevaCol_S1102_1ce0b5,,,,,
2026-09-12T05:01:14-05:00,PUR_IED_OEA_A202_f7e3f2,PUR_IED_OEA_A202_f7e3f2,,,,,
2026-09-12T05:01:14-05:00,PUR_IED_OEA_A203_7d1b8d,PUR_IED_OEA_A203_7d1b8d,,,,,
2026-09-12T05:01:14-05:00,PUR_IED_OEA_Ext_27b593,PUR_IED_OEA_Ext_27b593,,,,,
2026-09-12T05:01:14-05:00,PUR_IED_Ochoa_Ext_1c29da,PUR_IED_Ochoa_Ext_1c29da,,,,,
2026-09-12T05:01:14-05:00,PUR_IED_Ochoa_S205_8b1121,PUR_IED_Ochoa_S205_8b1121,,,,,
2026-09-12T05:01:14-05:00,PUR_IED_Ochoa_Sistemas_f33af6,PUR_IED_Ochoa_Sistemas_f33af6,,,,,
2026-09-12T05:01:14-05:00,PUR_IED_PQuebec_Ext_1c67c7,PUR_IED_PQuebec_Ext_1c67c7,,,,,
2026-09-12T05:01:14-05:00,PUR_IED_PQuebec_S15_23e8e2,PUR_IED_PQuebec_S15_23e8e2,,,,,
2026-09-12T05:01:14-05:00,PUR_IED_PQuebec_S16_8ec76b,PUR_IED_PQuebec_S16_8ec76b,,,,,
2026-09-12T05:01:14-05:00,PUR_IED_PabloN_Ext_49dc96,PUR_IED_PabloN_Ext_49dc96,,,,,
2026-09-12T05:01:14-05:00,PUR_IED_PabloN_S1102_4e3df5,PUR_IED_PabloN_S1102_4e3df5,,,,,
2026-09-12T05:01:14-05:00,PUR_IED_PabloN_S1103_50c94b,PUR_IED_PabloN_S1103_50c94b,,,,,
2026-09-12T05:01:14-05:00,PUR_IED_Palestina_S1101_db9198,PUR_IED_Palestina_S1101_db9198,,,,,
2026-09-12T05:01:14-05:00,PUR_IED_Palestina_S1102_dc54fa,PUR_IED_Palestina_S1102_dc54fa,,,,,
2026-09-12T05:01:14-05:00,PUR_IED_Palestina_ext_4ccce6,PUR_IED_Palestina_ext_4ccce6,,,,,
2026-09-12T05:01:14-05:00,PUR_IED_Panama_Fisica_4d0794,PUR_IED_Panama_Fisica_4d0794,,,,,
2026-09-12T05:01:14-05:00,PUR_IED_Panama_SIngles_a4077e,PUR_IED_Panama_SIngles_a4077e,,,,,
2026-09-12T05:01:14-05:00,PUR_IED_Panama_ext_4c54b4,PUR_IED_Panama_ext_4c54b4,,,,,
2026-09-12T05:01:14-05:00,PUR_IED_ParaisoM_Exterior_8cd7f0,PUR_IED_ParaisoM_Exterior_8cd7f0,,,,,
2026-09-12T05:01:14-05:00,PUR_IED_ParaisoM_Laborato_27af35,PUR_IED_ParaisoM_Laborato_27af35,,,,,
2026-09-12T05:01:14-05:00,PUR_IED_ParaisoM_S304_d1edca,PUR_IED_ParaisoM_S304_d1edca,,,,,
2026-09-12T05:01:14-05:00,PUR_IED_PorfirioBarba_Ext_301466,PUR_IED_PorfirioBarba_Ext_301466,,,,,
2026-09-12T05:01:14-05:00,PUR_IED_PorfirioBarba_S11_df6cd2,PUR_IED_PorfirioBarba_S11_df6cd2,,,,,
2026-09-12T05:01:14-05:00,PUR_IED_PorfirioBarba_S29_27a7d6,PUR_IED_PorfirioBarba_S29_27a7d6,,,,,
2026-09-12T05:01:14-05:00,PUR_IED_PradoV_Exter_8b27ad,PUR_IED_PradoV_Exter_8b27ad,,,,,
2026-09-12T05:01:14-05:00,PUR_IED_PradoV_S301_de65b5,PUR_IED_PradoV_S301_de65b5,,,,,
2026-09-12T05:01:14-05:00,PUR_IED_PradoV_S302_7d2593,PUR_IED_PradoV_S302_7d2593,,,,,
2026-09-12T05:01:14-05:00,PUR_IED_QuirogaAlz_Ext_1ddc82,PUR_IED_QuirogaAlz_Ext_1ddc82,,,,,
2026-09-12T05:01:14-05:00,PUR_IED_QuirogaAlz_S302_9926a3,PUR_IED_QuirogaAlz_S302_9926a3,,,,,
2026-09-12T05:01:14-05:00,PUR_IED_QuirogaAlz_S305_cdf1f1,PUR_IED_QuirogaAlz_S305_cdf1f1,,,,,
2026-09-12T05:01:14-05:00,PUR_IED_RGuatemala_Biling_dc53b7,PUR_IED_RGuatemala_Biling_dc53b7,,,,,
2026-09-12T05:01:14-05:00,PUR_IED_RGuatemala_Ext_1b89a3,PUR_IED_RGuatemala_Ext_1b89a3,,,,,
2026-09-12T05:01:14-05:00,PUR_IED_RGuatemala_Tecnol_281a34,PUR_IED_RGuatemala_Tecnol_281a34,,,,,
2026-09-12T05:01:14-05:00,PUR_IED_RafaNu_Ext_f7c302,PUR_IED_RafaNu_Ext_f7c302,,,,,
2026-09-12T05:01:14-05:00,PUR_IED_RafaNu_S1101_25fde,PUR_IED_RafaNu_S1101_25fde,,,,,
2026-09-12T05:01:14-05:00,PUR_IED_RafaNu_S1102_281517,PUR_IED_RafaNu_S1102_281517,,,,,
2026-09-12T05:01:14-05:00,PUR_IED_RafaelB_S305_ee2783,PUR_IED_RafaelB_S305_ee2783,,,,,
2026-09-12T05:01:14-05:00,PUR_IED_RafaelB_S306_75fe33,PUR_IED_RafaelB_S306_75fe33,,,,,
2026-09-12T05:01:14-05:00,PUR_IED_RafaelB_ext_283336,PUR_IED_RafaelB_ext_283336,2,17,63,4.6722,-74.0737
2026-09-12T05:01:14-05:00,PUR_IED_RafaelUU_Exterior_281a51,PUR_IED_RafaelUU_Exterior_281a51,,,,,
2026-09-12T05:01:14-05:00,PUR_IED_RafaelUU_Human_806b2,PUR_IED_RafaelUU_Human_806b2,,,,,
2026-09-12T05:01:14-05:00,PUR_IED_RafaelUU_Mate2_5680d4,PUR_IED_RafaelUU_Mate2_5680d4,,,,,
2026-09-12T05:01:14-05:00,PUR_IED_RamonSub_Ext_f9eeb9,PUR_IED_RamonSub_Ext_f9eeb9,,,,,
2026-09-12T05:01:14-05:00,PUR_IED_RamonSub_Media_d1f62f,PUR_IED_RamonSub_Media_d1f62f,,,,,
2026-09-12T05:01:14-05:00,PUR_IED_RamonSub_planta_51b82,PUR_IED_RamonSub_planta_51b82,,,,,
2026-09-12T05:01:14-05:00,PUR_IED_RepBoliVene_Exter_27af7c,PUR_IED_RepBoliVene_Exter_27af7c,,,,,
2026-09-12T05:01:14-05:00,PUR_IED_RepBoliVene_SCPT_5ae2ee,PUR_IED_RepBoliVene_SCPT_5ae2ee,,,,,
2026-09-12T05:01:14-05:00,PUR_IED_RepBoliVene_Socia_4b11d5,PUR_IED_RepBoliVene_Socia_4b11d5,,,,,
2026-09-12T05:01:14-05:00,PUR_IED_RepChina_Ext_76d9ee,PUR_IED_RepChina_Ext_76d9ee,,,,,
2026-09-12T05:01:14-05:00,PUR_IED_RepChina_S404_7c804c,PUR_IED_RepChina_S404_7c804c,,,,,
2026-09-12T05:01:14-05:00,PUR_IED_RepChina_S405_df2c33,PUR_IED_RepChina_S405_df2c33,,,,,
2026-09-12T05:01:14-05:00,PUR_IED_RepublicaC_Exteri_7d1ec9,PUR_IED_RepublicaC_Exteri_7d1ec9,,,,,
2026-09-12T05:01:14-05:00,PUR_IED_RepublicaC_S1101_f544b3,PUR_IED_RepublicaC_S1101_f544b3,,,,,
2026-09-12T05:01:14-05:00,PUR_IED_RepublicaC_S1102_7aafc7,PUR_IED_RepublicaC_S1102_7aafc7,,,,,
2026-09-12T05:01:14-05:00,PUR_IED_Ricaurte_Externo_a0ea1,PUR_IED_Ricaurte_Externo_a0ea1,,,,,
2026-09-12T05:01:14-05:00,PUR_IED_Ricaurte_S210_f546fd,PUR_IED_Ricaurte_S210_f546fd,,,,,
2026-09-12T05:01:14-05:00,PUR_IED_Ricaurte_S309_d4452,PUR_IED_Ricaurte_S309_d4452,,,,,
2026-09-12T05:01:14-05:00,PUR_IED_RogelioS_1102_531e69,PUR_IED_RogelioS_1102_531e69,,,,,
2026-09-12T05:01:14-05:00,PUR_IED_RogelioS_Ext_f25a18,PUR_IED_RogelioS_Ext_f25a18,,,,,
2026-09-12T05:01:14-05:00,PUR_IED_SBernardino_Ext_27aff8,PUR_IED_SBernardino_Ext_27aff8,,,,,
2026-09-12T05:01:14-05:00,PUR_IED_SBernardino_SArte_2ffd33,PUR_IED_SBernardino_SArte_2ffd33,,,,,
2026-09-12T05:01:14-05:00,PUR_IED_SBernardino_SIngl_7c7da5,PUR_IED_SBernardino_SIngl_7c7da5,,,,,
2026-09-12T05:01:14-05:00,PUR_IED_Sago_auditorio_dc9d1d,PUR_IED_Sago_auditorio_dc9d1d,,,,,
2026-09-12T05:01:14-05:00,PUR_IED_Saludcoop_Ext_95aac3,PUR_IED_Saludcoop_Ext_95aac3,,,,,
2026-09-12T05:01:14-05:00,PUR_IED_Saludcoop_InfI_90c854,PUR_IED_Saludcoop_InfI_90c854,,,,,
2026-09-12T05:01:14-05:00,PUR_IED_Saludcoop_SMedia_1b93be,PUR_IED_Saludcoop_SMedia_1b93be,,,,,
2026-09-12T05:01:14-05:00,PUR_IED_SanCarlos_1101_1a2360,PUR_IED_SanCarlos_1101_1a2360,,,,,
2026-09-12T05:01:14-05:00,PUR_IED_SanCarlos_1103_7bafb5,PUR_IED_SanCarlos_1103_7bafb5,,,,,
2026-09-12T05:01:14-05:00,PUR_IED_SanCarlos_Ext_b7cd1,PUR_IED_SanCarlos_Ext_b7cd1,,,,,
2026-09-12T05:01:14-05:00,PUR_IED_SanIgnacioBosa11a_50c26e,PUR_IED_SanIgnacioBosa11a_50c26e,,,,,
2026-09-12T05:01:14-05:00,PUR_IED_SanIgnacioBosa11b_371de8,PUR_IED_SanIgnacioBosa11b_371de8,,,,,
2026-09-12T05:01:14-05:00,PUR_IED_SanIgnacioBosaExt_ef0ffc,PUR_IED_SanIgnacioBosaExt_ef0ffc,,,,,
2026-09-12T05:01:14-05:00,PUR_IED_SanIgnacioBosa_11a_50c26e,PUR_IED_SanIgnacioBosa_11a_50c26e,,,,,
2026-09-12T05:01:14-05:00,PUR_IED_SanIgnacioBosa_Ext_ef0ffc,PUR_IED_SanIgnacioBosa_Ext_ef0ffc,,,,,
2026-09-12T05:01:14-05:00,PUR_IED_SanJoseN_intS1101_31c47f,PUR_IED_SanJoseN_intS1101_31c47f,,,,,
2026-09-12T05:01:14-05:00,PUR_IED_SanJoseUsm_Exter_f5d7e8,PUR_IED_SanJoseUsm_Exter_f5d7e8,,,,,
2026-09-12T05:01:14-05:00,PUR_IED_SanJoseUsm_Int11A_cfdef6,PUR_IED_SanJoseUsm_Int11A_cfdef6,,,,,
2026-09-12T05:01:14-05:00,PUR_IED_SilveriaR_IntB5_905349,PUR_IED_SilveriaR_IntB5_905349,,,,,
2026-09-12T05:01:14-05:00,PUR_IED_SilveriaR_IntSD14_981f93,PUR_IED_SilveriaR_IntSD14_981f93,,,,,
2026-09-12T05:01:14-05:00,PUR_IED_SilveriaR_ext_2b651d,PUR_IED_SilveriaR_ext_2b651d,,,,,
2026-09-12T05:01:14-05:00,PUR_IED_SimonB_Exterior_913975,PUR_IED_SimonB_Exterior_913975,,,,,
2026-09-12T05:01:14-05:00,PUR_IED_SimonB_LabQuimi_c56908,PUR_IED_SimonB_LabQuimi_c56908,,,,,
2026-09-12T05:01:14-05:00,PUR_IED_SimonB_informatic_a28c1,PUR_IED_SimonB_informatic_a28c1,,,,,
2026-09-12T05:01:14-05:00,PUR_IED_Sorrento_1102_315f50,PUR_IED_Sorrento_1102_315f50,,,,,
2026-09-12T05:01:14-05:00,PUR_IED_Sorrento_Minte_214eab,PUR_IED_Sorrento_Minte_214eab,,,,,
2026-09-12T05:01:14-05:00,PUR_IED_Sorrento_ext_7c3a0a,PUR_IED_Sorrento_ext_7c3a0a,,,,,
2026-09-12T05:01:14-05:00,PUR_IED_Tabora_Ext_f048ae,PUR_IED_Tabora_Ext_f048ae,,,,,
2026-09-12T05:01:14-05:00,PUR_IED_Tabora_S1102_b07752,PUR_IED_Tabora_S1102_b07752,,,,,
2026-09-12T05:01:14-05:00,PUR_IED_Tabora_S1103_d988f5,PUR_IED_Tabora_S1103_d988f5,,,,,
2026-09-12T05:01:14-05:00,PUR_IED_Tenerife_Ext_1ab188,PUR_IED_Tenerife_Ext_1ab188,,,,,
2026-09-12T05:01:14-05:00,PUR_IED_Tenerife_SDanzas_7bc02e,PUR_IED_Tenerife_SDanzas_7bc02e,,,,,
2026-09-12T05:01:14-05:00,PUR_IED_Tenerife_SIngles_7cc277,PUR_IED_Tenerife_SIngles_7cc277,,,,,
2026-09-12T05:01:14-05:00,PUR_IED_Tibabuyes_Exter_f2683d,PUR_IED_Tibabuyes_Exter_f2683d,,,,,
2026-09-12T05:01:14-05:00,PUR_IED_Tibabuyes_S10_dc87a8,PUR_IED_Tibabuyes_S10_dc87a8,,,,,
2026-09-12T05:01:14-05:00,PUR_IED_Tibabuyes_S15_dc0526,PUR_IED_Tibabuyes_S15_dc0526,,,,,
2026-09-12T05:01:14-05:00,PUR_IED_UnionE_S301_a1043,PUR_IED_UnionE_S301_a1043,,,,,
2026-09-12T05:01:14-05:00,PUR_IED_UnionE_S307_ff6c2f,PUR_IED_UnionE_S307_ff6c2f,,,,,
2026-09-12T05:01:14-05:00,PUR_IED_UnionE__Ext_5e2468,PUR_IED_UnionE__Ext_5e2468,,,,,
2026-09-12T05:01:14-05:00,PUR_IED_VillaRica_Ext_75be7c,PUR_IED_VillaRica_Ext_75be7c,,,,,
2026-09-12T05:01:14-05:00,PUR_IED_VillaRica_S4_cc5dcd,PUR_IED_VillaRica_S4_cc5dcd,,,,,
2026-09-12T05:01:14-05:00,PUR_IED_VillaRica_Sesp_99f5c,PUR_IED_VillaRica_Sesp_99f5c,,,,,
2026-09-12T05:06:09-05:00,PUR_IED_20deJulio_1101_91b1b9,PUR_IED_20deJulio_1101_91b1b9,,,,,
2026-09-12T05:06:09-05:00,PUR_IED_20deJulio_1102_1cfcf9,PUR_IED_20deJulio_1102_1cfcf9,,,,,
2026-09-12T05:06:09-05:00,PUR_IED_20deJulio_Ext_ab60bd,PUR_IED_20deJulio_Ext_ab60bd,,,,,
2026-09-12T05:06:09-05:00,PUR_IED_AgustinFer_Ext_7b9b77,PUR_IED_AgustinFer_Ext_7b9b77,,,,,
2026-09-12T05:06:09-05:00,PUR_IED_AgustinFer_Info2_27b3a7,PUR_IED_AgustinFer_Info2_27b3a7,,,,,
2026-09-12T05:06:09-05:00,PUR_IED_AgustinFer_Sena_54b4eb,PUR_IED_AgustinFer_Sena_54b4eb,,,,,
2026-09-12T05:06:09-05:00,PUR_IED_AlexanderF_1102_caf07b,PUR_IED_AlexanderF_1102_caf07b,,,,,
2026-09-12T05:06:09-05:00,PUR_IED_AlexanderF_1103_c79e71,PUR_IED_AlexanderF_1103_c79e71,,,,,
2026-09-12T05:06:09-05:00,PUR_IED_AlexanderF_Ext_c5b18b,PUR_IED_AlexanderF_Ext_c5b18b,,,,,
2026-09-12T05:06:09-05:00,PUR_IED_AlfonsoLopez_Ext_281d77,PUR_IED_AlfonsoLopez_Ext_281d77,,,,,
2026-09-12T05:06:09-05:00,PUR_IED_AlfonsoLopez_LabF_888ce0,PUR_IED_AlfonsoLopez_LabF_888ce0,,,,,
2026-09-12T05:06:09-05:00,PUR_IED_AlfonsoLopez_SMed_df6a7f,PUR_IED_AlfonsoLopez_SMed_df6a7f,,,,,
2026-09-12T05:06:09-05:00,PUR_IED_AltamiraSO_A2_209f92,PUR_IED_AltamiraSO_A2_209f92,,,,,
2026-09-12T05:06:09-05:00,PUR_IED_AltamiraSO_Ext_186d66,PUR_IED_AltamiraSO_Ext_186d66,,,,,
2026-09-12T05:06:09-05:00,PUR_IED_AltamiraSO_Sistem_27afe1,PUR_IED_AltamiraSO_Sistem_27afe1,,,,,
2026-09-12T05:06:09-05:00,PUR_IED_AlvaroGom_LabQuim_813179,PUR_IED_AlvaroGom_LabQuim_813179,,,,,
2026-09-12T05:06:09-05:00,PUR_IED_AlvaroGomez_Ext_47c7ca,PUR_IED_AlvaroGomez_Ext_47c7ca,,,,,
2026-09-12T05:06:09-05:00,PUR_IED_AlvaroGomez_LabQuim_813179,PUR_IED_AlvaroGomez_LabQuim_813179,,,,,
2026-09-12T05:06:09-05:00,PUR_IED_AlvaroGomez_S23_7ba89f,PUR_IED_AlvaroGomez_S23_7ba89f,,,,,
2026-09-12T05:06:09-05:00,PUR_IED_Amistad_306_dc8728,PUR_IED_Amistad_306_dc8728,,,,,
2026-09-12T05:06:09-05:00,PUR_IED_Amistad_Ext_8cd55e,PUR_IED_Amistad_Ext_8cd55e,,,,,
2026-09-12T05:06:09-05:00,PUR_IED_Amistad_S202_a41169,PUR_IED_Amistad_S202_a41169,,,,,
2026-09-12T05:06:09-05:00,PUR_IED_AndresBello_Bio_fd5f5e,PUR_IED_AndresBello_Bio_fd5f5e,,,,,
2026-09-12T05:06:09-05:00,PUR_IED_AndresBello_ext_dcad65,PUR_IED_AndresBello_ext_dcad65,,,,,
2026-09-12T05:06:09-05:00,PUR_IED_AndresBello_port_eed3ec,PUR_IED_AndresBello_port_eed3ec,,,,,
2026-09-12T05:06:09-05:00,PUR_IED_AngelaR_11b_d90a6b,PUR_IED_AngelaR_11b_d90a6b,,,,,
2026-09-12T05:06:09-05:00,PUR_IED_AngelaR_ext_7cad3e,PUR_IED_AngelaR_ext_7cad3e,3,18,63,4.5825,-74.164497
2026-09-12T05:06:09-05:00,PUR_IED_AntJoseSucre_10mo_df2575,PUR_IED_AntJoseSucre_10mo_df2575,,,,,
2026-09-12T05:06:09-05:00,PUR_IED_AntJoseSucre_Ext_215b36,PUR_IED_AntJoseSucre_Ext_215b36,,,,,
2026-09-12T05:06:09-05:00,PUR_IED_AntJoseSucre_Lab_3139de,PUR_IED_AntJoseSucre_Lab_3139de,,,,,
2026-09-12T05:06:09-05:00,PUR_IED_AntonioGarcia_301_d6b188,PUR_IED_AntonioGarcia_301_d6b188,,,,,
2026-09-12T05:06:09-05:00,PUR_IED_AntonioGarcia_302_88a82,PUR_IED_AntonioGarcia_302_88a82,,,,,
2026-09-12T05:06:09-05:00,PUR_IED_AntonioGarcia_Ext_20950c,PUR_IED_AntonioGarcia_Ext_20950c,,,,,
2026-09-12T05:06:09-05:00,PUR_IED_AntonioVan_Aula2_6dea02,PUR_IED_AntonioVan_Aula2_6dea02,,,,,
2026-09-12T05:06:09-05:00,PUR_IED_AntonioVan_Aula5_f1557e,PUR_IED_AntonioVan_Aula5_f1557e,,,,,
2026-09-12T05:06:09-05:00,PUR_IED_AntonioVan_Ext_406f2f,PUR_IED_AntonioVan_Ext_406f2f,,,,,
2026-09-12T05:06:09-05:00,PUR_IED_Atabanzha_Ext_cc5af9,PUR_IED_Atabanzha_Ext_cc5af9,,,,,
2026-09-12T05:06:09-05:00,PUR_IED_Atabanzha_SA101_56c37,PUR_IED_Atabanzha_SA101_56c37,,,,,
2026-09-12T05:06:09-05:00,PUR_IED_Atabanzha_SB302_27b374,PUR_IED_Atabanzha_SB302_27b374,,,,,
2026-09-12T05:06:09-05:00,PUR_IED_Atahualpa_Ext_fc1748,PUR_IED_Atahualpa_Ext_fc1748,,,,,
2026-09-12T05:06:09-05:00,PUR_IED_Atahualpa_Informa_dc9a95,PUR_IED_Atahualpa_Informa_dc9a95,,,,,
2026-09-12T05:06:09-05:00,PUR_IED_Atahualpa_S1101_f98056,PUR_IED_Atahualpa_S1101_f98056,,,,,
2026-09-12T05:06:09-05:00,PUR_IED_Bellavista_Ext_f5aa74,PUR_IED_Bellavista_Ext_f5aa74,,,,,
2026-09-12T05:06:09-05:00,PUR_IED_Bilbao_11A_916c41,PUR_IED_Bilbao_11A_916c41,,,,,
2026-09-12T05:06:09-05:00,PUR_IED_Bilbao_Ext_fb579a,PUR_IED_Bilbao_Ext_fb579a,,,,,
2026-09-12T05:06:09-05:00,PUR_IED_BrasiliaU_A125_304280,PUR_IED_BrasiliaU_A125_304280,,,,,
2026-09-12T05:06:09-05:00,PUR_IED_BrasiliaU_A203_7c8ca5,PUR_IED_BrasiliaU_A203_7c8ca5,,,,,
2026-09-12T05:06:09-05:00,PUR_IED_BrasiliaU_Ext_8d6e9f,PUR_IED_BrasiliaU_Ext_8d6e9f,5,16,67,4.5175,-74.116302
2026-09-12T05:06:09-05:00,PUR_IED_Brasilia_Ext_fe6593,PUR_IED_Brasilia_Ext_fe6593,,,,,
2026-09-12T05:06:09-05:00,PUR_IED_Brasilia_S24_7c130d,PUR_IED_Brasilia_S24_7c130d,,,,,
2026-09-12T05:06:09-05:00,PUR_IED_Brasilia_S501_186a54,PUR_IED_Brasilia_S501_186a54,,,,,
2026-09-12T05:06:09-05:00,PUR_IED_CHARRY_EXT_f1d5cd,PUR_IED_CHARRY_EXT_f1d5cd,,,,,
2026-09-12T05:06:09-05:00,PUR_IED_CHARRY_INTDANZAS_7a08e6,PUR_IED_CHARRY_INTDANZAS_7a08e6,,,,,
2026-09-12T05:06:09-05:00,PUR_IED_CHARRY_INT_AULA20_dc998d,PUR_IED_CHARRY_INT_AULA20_dc998d,,,,,
2026-09-12T05:06:09-05:00,PUR_IED_COLVIV_1101_S25_7f520a,PUR_IED_COLVIV_1101_S25_7f520a,,,,,
2026-09-12T05:06:09-05:00,PUR_IED_COLVIV_1102_S16_f570ba,PUR_IED_COLVIV_1102_S16_f570ba,,,,,
2026-09-12T05:06:09-05:00,PUR_IED_COLVIV_Ext_1a26fa,PUR_IED_COLVIV_Ext_1a26fa,,,,,
2026-09-12T05:06:09-05:00,PUR_IED_CULPOP_301A_f660f3,PUR_IED_CULPOP_301A_f660f3,,,,,
2026-09-12T05:06:09-05:00,PUR_IED_CULPOP_303_568afe,PUR_IED_CULPOP_303_568afe,,,,,
2026-09-12T05:06:09-05:00,PUR_IED_CULPOP_Ext_e02ccb,PUR_IED_CULPOP_Ext_e02ccb,,,,,
2026-09-12T05:06:09-05:00,PUR_IED_CVillavicen_Ext_26eb58,PUR_IED_CVillavicen_Ext_26eb58,5,14,82,4.487,-74.102798
2026-09-12T05:06:09-05:00,PUR_IED_CVillavicen_Intel_1ce5c2,PUR_IED_CVillavicen_Intel_1ce5c2,,,,,
2026-09-12T05:06:09-05:00,PUR_IED_CVillavicen_Poliv_e0766c,PUR_IED_CVillavicen_Poliv_e0766c,,,,,
2026-09-12T05:06:09-05:00,PUR_IED_CVillavicen_int_1ba140,PUR_IED_CVillavicen_int_1ba140,,,,,
2026-09-12T05:06:09-05:00,PUR_IED_CVillavicen_intel_1ba140,PUR_IED_CVillavicen_intel_1ba140,,,,,
2026-09-12T05:06:09-05:00,PUR_IED_CarlosPizarro_Ext_e307cc,PUR_IED_CarlosPizarro_Ext_e307cc,,,,,
2026-09-12T05:06:09-05:00,PUR_IED_CarlosPizarro_L36_7e5cdb,PUR_IED_CarlosPizarro_L36_7e5cdb,,,,,
2026-09-12T05:06:09-05:00,PUR_IED_CarlosPizarro_L37_c8566c,PUR_IED_CarlosPizarro_L37_c8566c,,,,,
2026-09-12T05:06:09-05:00,PUR_IED_Castilla_Ext_cf35f,PUR_IED_Castilla_Ext_cf35f,,,,,
2026-09-12T05:06:09-05:00,PUR_IED_Castilla_SFisik_360e38,PUR_IED_Castilla_SFisik_360e38,,,,,
2026-09-12T05:06:09-05:00,PUR_IED_Castilla_Sc304_496fbf,PUR_IED_Castilla_Sc304_496fbf,,,,,
2026-09-12T05:06:09-05:00,PUR_IED_CervantesSa_Ext_6b57b,PUR_IED_CervantesSa_Ext_6b57b,4,16,73,4.5128,-74.117203
2026-09-12T05:06:09-05:00,PUR_IED_CervantesSa_S107_225c2b,PUR_IED_CervantesSa_S107_225c2b,,,,,
2026-09-12T05:06:09-05:00,PUR_IED_CervantesSa_S108_940925,PUR_IED_CervantesSa_S108_940925,,,,,
2026-09-12T05:06:09-05:00,PUR_IED_Charry_A20_f53e7c,PUR_IED_Charry_A20_f53e7c,,,,,
2026-09-12T05:06:09-05:00,PUR_IED_Charry_Ext_f1d5cd,PUR_IED_Charry_Ext_f1d5cd,,,,,
2026-09-12T05:06:09-05:00,PUR_IED_Charry_IntAula20_dc998d,PUR_IED_Charry_IntAula20_dc998d,,,,,
2026-09-12T05:06:09-05:00,PUR_IED_Charry_IntDanzas_7a08e6,PUR_IED_Charry_IntDanzas_7a08e6,,,,,
2026-09-12T05:06:09-05:00,PUR_IED_ClememciaC_203_43e2fc,PUR_IED_ClememciaC_203_43e2fc,,,,,
2026-09-12T05:06:09-05:00,PUR_IED_ClememciaC_Ext_1b411a,PUR_IED_ClememciaC_Ext_1b411a,,,,,
2026-09-12T05:06:09-05:00,PUR_IED_ClememciaC_Quimic_44b5fc,PUR_IED_ClememciaC_Quimic_44b5fc,,,,,
2026-09-12T05:06:09-05:00,PUR_IED_ClemenciaC_203_43e2fc,PUR_IED_ClemenciaC_203_43e2fc,,,,,
2026-09-12T05:06:09-05:00,PUR_IED_ClemenciaC_Ext_1b411a,PUR_IED_ClemenciaC_Ext_1b411a,,,,,
2026-09-12T05:06:09-05:00,PUR_IED_ClemenciaC_Quimic_44b5fc,PUR_IED_ClemenciaC_Quimic_44b5fc,,,,,
2026-09-12T05:06:09-05:00,PUR_IED_ColViva_1101_S25_7f520a,PUR_IED_ColViva_1101_S25_7f520a,,,,,
2026-09-12T05:06:09-05:00,PUR_IED_ColViva_1102_S16_f570ba,PUR_IED_ColViva_1102_S16_f570ba,,,,,
2026-09-12T05:06:09-05:00,PUR_IED_ColViva_Ext_1a26fa,PUR_IED_ColViva_Ext_1a26fa,,,,,
2026-09-12T05:06:09-05:00,PUR_IED_ColegioBici_Asist_7c8798,PUR_IED_ColegioBici_Asist_7c8798,,,,,
2026-09-12T05:06:09-05:00,PUR_IED_ColegioBici_Ext_25cbf6,PUR_IED_ColegioBici_Ext_25cbf6,,,,,
2026-09-12T05:06:09-05:00,PUR_IED_ColegioBici_LabQ_7b57db,PUR_IED_ColegioBici_LabQ_7b57db,,,,,
2026-09-12T05:06:09-05:00,PUR_IED_CostaRica_Ext_5e640,PUR_IED_CostaRica_Ext_5e640,,,,,
2026-09-12T05:06:09-05:00,PUR_IED_CostaRica_Quim1_766d1c,PUR_IED_CostaRica_Quim1_766d1c,,,,,
2026-09-12T05:06:09-05:00,PUR_IED_CostaRica__Fisica_6f0873,PUR_IED_CostaRica__Fisica_6f0873,,,,,
2026-09-12T05:06:09-05:00,PUR_IED_CulPopu_301A_f660f3,PUR_IED_CulPopu_301A_f660f3,,,,,
2026-09-12T05:06:09-05:00,PUR_IED_CulPopu_303_568afe,PUR_IED_CulPopu_303_568afe,,,,,
2026-09-12T05:06:09-05:00,PUR_IED_CulPopu_Ext_e02ccb,PUR_IED_CulPopu_Ext_e02ccb,,,,,
2026-09-12T05:06:09-05:00,PUR_IED_Cundinamarca_Ext_f15985,PUR_IED_Cundinamarca_Ext_f15985,,,,,
2026-09-12T05:06:09-05:00,PUR_IED_Cundinamarca_Info_7aa5d7,PUR_IED_Cundinamarca_Info_7aa5d7,,,,,
2026-09-12T05:06:09-05:00,PUR_IED_Cundinamarca_Tec2_f449c7,PUR_IED_Cundinamarca_Tec2_f449c7,,,,,
2026-09-12T05:06:09-05:00,PUR_IED_DiegoM_Aula1_27b314,PUR_IED_DiegoM_Aula1_27b314,,,,,
2026-09-12T05:06:09-05:00,PUR_IED_DiegoM_Ext_d80ac8,PUR_IED_DiegoM_Ext_d80ac8,,,,,
2026-09-12T05:06:09-05:00,PUR_IED_DiegoM_S25_da928f,PUR_IED_DiegoM_S25_da928f,,,,,
2026-09-12T05:06:09-05:00,PUR_IED_ELRODEO_360881,PUR_IED_ELRODEO_360881,,,,,
2026-09-12T05:06:09-05:00,PUR_IED_ELRODEO_ext_360881,PUR_IED_ELRODEO_ext_360881,,,,,
2026-09-12T05:06:09-05:00,PUR_IED_EduardoU_Ext_1c1969,PUR_IED_EduardoU_Ext_1c1969,,,,,
2026-09-12T05:06:09-05:00,PUR_IED_EduardoU_SCiencia_4dfb94,PUR_IED_EduardoU_SCiencia_4dfb94,,,,,
2026-09-12T05:06:09-05:00,PUR_IED_EduardoU_SQuimica_5a46e7,PUR_IED_EduardoU_SQuimica_5a46e7,,,,,
2026-09-12T05:06:09-05:00,PUR_IED_ElRodeo_Aula14_676984,PUR_IED_ElRodeo_Aula14_676984,,,,,
2026-09-12T05:06:09-05:00,PUR_IED_ElRodeo_Aula16_2dd35b,PUR_IED_ElRodeo_Aula16_2dd35b,,,,,
2026-09-12T05:06:09-05:00,PUR_IED_ElRodeo_Ext_360881,PUR_IED_ElRodeo_Ext_360881,,,,,
2026-09-12T05:06:09-05:00,PUR_IED_ElRodeo_Exterior_8c6d28,PUR_IED_ElRodeo_Exterior_8c6d28,,,,,
2026-09-12T05:06:09-05:00,PUR_IED_ElRodeo_ext_360881,PUR_IED_ElRodeo_ext_360881,,,,,
2026-09-12T05:06:09-05:00,PUR_IED_EmmaReyes_Ext_987625,PUR_IED_EmmaReyes_Ext_987625,9,21,53,4.6367,-74.1511
2026-09-12T05:06:09-05:00,PUR_IED_Ensueño_Ext_7f0250,PUR_IED_Ensueño_Ext_7f0250,,,,,
2026-09-12T05:06:09-05:00,PUR_IED_EscNormal_Ext_5fef3b,PUR_IED_EscNormal_Ext_5fef3b,2,17,63,4.5852,-74.096901
2026-09-12T05:06:09-05:00,PUR_IED_EscNormal_S309_5b263,PUR_IED_EscNormal_S309_5b263,,,,,
2026-09-12T05:06:09-05:00,PUR_IED_EscNormal_S310_27b3b8,PUR_IED_EscNormal_S310_27b3b8,,,,,
2026-09-12T05:06:09-05:00,PUR_IED_Evangelista_Conta_f6cd4f,PUR_IED_Evangelista_Conta_f6cd4f,,,,,
2026-09-12T05:06:09-05:00,PUR_IED_Evangelista_Cri_5e16a,PUR_IED_Evangelista_Cri_5e16a,,,,,
2026-09-12T05:06:09-05:00,PUR_IED_Evangelista_Exter_754066,PUR_IED_Evangelista_Exter_754066,,,,,
2026-09-12T05:06:09-05:00,PUR_IED_FMiranda_S209_5cc2a3,PUR_IED_FMiranda_S209_5cc2a3,,,,,
2026-09-12T05:06:09-05:00,PUR_IED_FMiranda_S303_19e344,PUR_IED_FMiranda_S303_19e344,,,,,
2026-09-12T05:06:09-05:00,PUR_IED_FMiranda_ext_f53e7c,PUR_IED_FMiranda_ext_f53e7c,,,,,
2026-09-12T05:06:09-05:00,PUR_IED_FabioLozano_Bibli_1cee05,PUR_IED_FabioLozano_Bibli_1cee05,,,,,
2026-09-12T05:06:09-05:00,PUR_IED_FabioLozano_Ext_6ea285,PUR_IED_FabioLozano_Ext_6ea285,,,,,
2026-09-12T05:06:09-05:00,PUR_IED_FabioLozano_SLudi_f09e1e,PUR_IED_FabioLozano_SLudi_f09e1e,,,,,
2026-09-12T05:06:09-05:00,PUR_IED_FaustinoS_Aula07_27a731,PUR_IED_FaustinoS_Aula07_27a731,,,,,
2026-09-12T05:06:09-05:00,PUR_IED_FaustinoS_Ext_7b936f,PUR_IED_FaustinoS_Ext_7b936f,,,,,
2026-09-12T05:06:09-05:00,PUR_IED_FaustinoS_Fisica_da2c60,PUR_IED_FaustinoS_Fisica_da2c60,,,,,
2026-09-12T05:06:09-05:00,PUR_IED_FeGarciaLo_Ext_dc68ee,PUR_IED_FeGarciaLo_Ext_dc68ee,,,,,
2026-09-12T05:06:09-05:00,PUR_IED_FeGarciaLo_SDanza_f70a59,PUR_IED_FeGarciaLo_SDanza_f70a59,,,,,
2026-09-12T05:06:09-05:00,PUR_IED_FeGarciaLo_SMusic_125cdd,PUR_IED_FeGarciaLo_SMusic_125cdd,,,,,
2026-09-12T05:06:09-05:00,PUR_IED_FederalAlema_Exte_50c345,PUR_IED_FederalAlema_Exte_50c345,,,,,
2026-09-12T05:06:09-05:00,PUR_IED_FederalAlema_S31_f18371,PUR_IED_FederalAlema_S31_f18371,,,,,
2026-09-12T05:06:09-05:00,PUR_IED_FederalAlema_S901_a62cd,PUR_IED_FederalAlema_S901_a62cd,,,,,
2026-09-12T05:06:09-05:00,PUR_IED_FilarmonicaS_A5_f35eb1,PUR_IED_FilarmonicaS_A5_f35eb1,,,,,
2026-09-12T05:06:09-05:00,PUR_IED_FilarmonicaS_Ext_8a3bde,PUR_IED_FilarmonicaS_Ext_8a3bde,,,,,
2026-09-12T05:06:09-05:00,PUR_IED_FilarmonicaS_Spol_406114,PUR_IED_FilarmonicaS_Spol_406114,,,,,
2026-09-12T05:06:09-05:00,PUR_IED_FlorentinoG_A13_d1fa59,PUR_IED_FlorentinoG_A13_d1fa59,,,,,
2026-09-12T05:06:09-05:00,PUR_IED_FlorentinoG_Ext_1ce6ce,PUR_IED_FlorentinoG_Ext_1ce6ce,,,,,
2026-09-12T05:06:09-05:00,PUR_IED_FlorentinoG_Idiom_a66aac,PUR_IED_FlorentinoG_Idiom_a66aac,,,,,
2026-09-12T05:06:09-05:00,PUR_IED_FranciscoMati_Ext_e3869d,PUR_IED_FranciscoMati_Ext_e3869d,,,,,
2026-09-12T05:06:09-05:00,PUR_IED_FranciscoMati_S13_f31c67,PUR_IED_FranciscoMati_S13_f31c67,,,,,
2026-09-12T05:06:09-05:00,PUR_IED_FranciscoMati_S14_97dead,PUR_IED_FranciscoMati_S14_97dead,,,,,
2026-09-12T05:06:09-05:00,PUR_IED_FranciscoPS_Ext_7bfa9a,PUR_IED_FranciscoPS_Ext_7bfa9a,2,20,59,4.5899,-74.110397
2026-09-12T05:06:09-05:00,PUR_IED_FranciscoPS_Infor_fb8f4c,PUR_IED_FranciscoPS_Infor_fb8f4c,,,,,
2026-09-12T05:06:09-05:00,PUR_IED_FranciscoPS_Quimi_94d39c,PUR_IED_FranciscoPS_Quimi_94d39c,,,,,
2026-09-12T05:06:09-05:00,PUR_IED_FranciscoP_LabQ_d7e148,PUR_IED_FranciscoP_LabQ_d7e148,,,,,
2026-09-12T05:06:09-05:00,PUR_IED_FranciscoP_S28_cf9b30,PUR_IED_FranciscoP_S28_cf9b30,,,,,
2026-09-12T05:06:09-05:00,PUR_IED_FranciscoP_ext_e2313,PUR_IED_FranciscoP_ext_e2313,,,,,
2026-09-12T05:06:09-05:00,PUR_IED_FriederichN_Ext_8ac92a,PUR_IED_FriederichN_Ext_8ac92a,,,,,
2026-09-12T05:06:09-05:00,PUR_IED_FriederichN_S301_dd7e5a,PUR_IED_FriederichN_S301_dd7e5a,,,,,
2026-09-12T05:06:09-05:00,PUR_IED_FriederichN_S308_761f4f,PUR_IED_FriederichN_S308_761f4f,,,,,
2026-09-12T05:06:09-05:00,PUR_IED_GSantander_Aula10_533dd7,PUR_IED_GSantander_Aula10_533dd7,,,,,
2026-09-12T05:06:09-05:00,PUR_IED_GSantander_Aula12_fd4e4f,PUR_IED_GSantander_Aula12_fd4e4f,,,,,
2026-09-12T05:06:09-05:00,PUR_IED_GSantander_Aula310_533dd7,PUR_IED_GSantander_Aula310_533dd7,,,,,
2026-09-12T05:06:09-05:00,PUR_IED_GSantander_Aula312_fd4e4f,PUR_IED_GSantander_Aula312_fd4e4f,,,,,
2026-09-12T05:06:09-05:00,PUR_IED_GSantander_Ext_5f66b0,PUR_IED_GSantander_Ext_5f66b0,,,,,
2026-09-12T05:06:09-05:00,PUR_IED_GYomasa_Ext_f6bea5,PUR_IED_GYomasa_Ext_f6bea5,,,,,
2026-09-12T05:06:09-05:00,PUR_IED_GYomasa_LBiol_2c41aa,PUR_IED_GYomasa_LBiol_2c41aa,,,,,
2026-09-12T05:06:09-05:00,PUR_IED_GYomasa_LQuim_33c80,PUR_IED_GYomasa_LQuim_33c80,,,,,
2026-09-12T05:06:09-05:00,PUR_IED_GabBetMejia_Cienc_5a99c,PUR_IED_GabBetMejia_Cienc_5a99c,,,,,
2026-09-12T05:06:09-05:00,PUR_IED_GabBetMejia_Ext_9153d0,PUR_IED_GabBetMejia_Ext_9153d0,,,,,
2026-09-12T05:06:09-05:00,PUR_IED_GabBetMejia_Lab_f55347,PUR_IED_GabBetMejia_Lab_f55347,,,,,
2026-09-12T05:06:09-05:00,PUR_IED_GabBetanMejia_Ext_9153d0,PUR_IED_GabBetanMejia_Ext_9153d0,,,,,
2026-09-12T05:06:09-05:00,PUR_IED_Gaitana_Aula13_7aac11,PUR_IED_Gaitana_Aula13_7aac11,,,,,
2026-09-12T05:06:09-05:00,PUR_IED_Gaitana_Ext_5fcf4,PUR_IED_Gaitana_Ext_5fcf4,,,,,
2026-09-12T05:06:09-05:00,PUR_IED_Gaitana_LabFisica_644448,PUR_IED_Gaitana_LabFisica_644448,,,,,
2026-09-12T05:06:09-05:00,PUR_IED_GenSantander_Dise_8ac858,PUR_IED_GenSantander_Dise_8ac858,,,,,
2026-09-12T05:06:09-05:00,PUR_IED_GenSantander_Ext_8d5dfe,PUR_IED_GenSantander_Ext_8d5dfe,,,,,
2026-09-12T05:06:09-05:00,PUR_IED_GenSantander_Info_6c25b,PUR_IED_GenSantander_Info_6c25b,,,,,
2026-09-12T05:06:09-05:00,PUR_IED_GustavoMo_Exterio_75e63d,PUR_IED_GustavoMo_Exterio_75e63d,,,,,
2026-09-12T05:06:09-05:00,PUR_IED_GustavoMo_LabFisi_224d37,PUR_IED_GustavoMo_LabFisi_224d37,,,,,
2026-09-12T05:06:09-05:00,PUR_IED_GustavoMo_S208_3e6918,PUR_IED_GustavoMo_S208_3e6918,,,,,
2026-09-12T05:06:09-05:00,PUR_IED_GustavoR_A02_8cd4a8,PUR_IED_GustavoR_A02_8cd4a8,,,,,
2026-09-12T05:06:09-05:00,PUR_IED_GustavoR_B11_5b0ed,PUR_IED_GustavoR_B11_5b0ed,,,,,
2026-09-12T05:06:09-05:00,PUR_IED_GustavoR_Ext_7a0c90,PUR_IED_GustavoR_Ext_7a0c90,,,,,
2026-09-12T05:06:09-05:00,PUR_IED_HernandoDuran_Ext_8cd82b,PUR_IED_HernandoDuran_Ext_8cd82b,,,,,
2026-09-12T05:06:09-05:00,PUR_IED_HernandoDuran_S24_2772c6,PUR_IED_HernandoDuran_S24_2772c6,,,,,
2026-09-12T05:06:09-05:00,PUR_IED_HernandoDuran_S30_f2de41,PUR_IED_HernandoDuran_S30_f2de41,,,,,
2026-09-12T05:06:09-05:00,PUR_IED_HolguInUr_S1101_8cd732,PUR_IED_HolguInUr_S1101_8cd732,,,,,
2026-09-12T05:06:09-05:00,PUR_IED_HolguinUr_Exter_ddae6d,PUR_IED_HolguinUr_Exter_ddae6d,,,,,
2026-09-12T05:06:09-05:00,PUR_IED_HolguinUr_LabQuim_92b952,PUR_IED_HolguinUr_LabQuim_92b952,,,,,
2026-09-12T05:06:09-05:00,PUR_IED_Isabel-II_Ext_5245cc,PUR_IED_Isabel-II_Ext_5245cc,9,18,60,4.6336,-74.153
2026-09-12T05:06:09-05:00,PUR_IED_Isabel-II_S_idiom_1c29aa,PUR_IED_Isabel-II_S_idiom_1c29aa,,,,,
2026-09-12T05:06:09-05:00,PUR_IED_Isabel-II_S_infor_fd741,PUR_IED_Isabel-II_S_infor_fd741,,,,,
2026-09-12T05:06:09-05:00,PUR_IED_IsidroSur_Exterio_5b90ea,PUR_IED_IsidroSur_Exterio_5b90ea,,,,,
2026-09-12T05:06:09-05:00,PUR_IED_IsidroSur_LabTec_56697a,PUR_IED_IsidroSur_LabTec_56697a,,,,,
2026-09-12T05:06:09-05:00,PUR_IED_IsidroSur_Robotic_b7c38f,PUR_IED_IsidroSur_Robotic_b7c38f,,,,,
2026-09-12T05:06:09-05:00,PUR_IED_IsmaelPerd_Ext_7b6672,PUR_IED_IsmaelPerd_Ext_7b6672,,,,,
2026-09-12T05:06:09-05:00,PUR_IED_IsmaelPerd_Inform_306540,PUR_IED_IsmaelPerd_Inform_306540,,,,,
2026-09-12T05:06:09-05:00,PUR_IED_IsmaelPerd_S30_2e2c83,PUR_IED_IsmaelPerd_S30_2e2c83,,,,,
2026-09-12T05:06:09-05:00,PUR_IED_JLozano_Exter_432910,PUR_IED_JLozano_Exter_432910,,,,,
2026-09-12T05:06:09-05:00,PUR_IED_JLozano_salaMulti_df5125,PUR_IED_JLozano_salaMulti_df5125,,,,,
2026-09-12T05:06:09-05:00,PUR_IED_JMCordoba_206_86f80b,PUR_IED_JMCordoba_206_86f80b,,,,,
2026-09-12T05:06:09-05:00,PUR_IED_JMCordoba_Ext_27ad97,PUR_IED_JMCordoba_Ext_27ad97,,,,,
2026-09-12T05:06:09-05:00,PUR_IED_JMCordoba_S310_d59ab4,PUR_IED_JMCordoba_S310_d59ab4,,,,,
2026-09-12T05:06:09-05:00,PUR_IED_Japon_Ext_549100,PUR_IED_Japon_Ext_549100,,,,,
2026-09-12T05:06:09-05:00,PUR_IED_Japon_Laboratorio_bec51d,PUR_IED_Japon_Laboratorio_bec51d,,,,,
2026-09-12T05:06:09-05:00,PUR_IED_Japon_informatica_d99327,PUR_IED_Japon_informatica_d99327,,,,,
2026-09-12T05:06:09-05:00,PUR_IED_Jazmin_Ext_d27bda,PUR_IED_Jazmin_Ext_d27bda,,,,,
2026-09-12T05:06:09-05:00,PUR_IED_Jazmin_Fisica_8d14d7,PUR_IED_Jazmin_Fisica_8d14d7,,,,,
2026-09-12T05:06:09-05:00,PUR_IED_Jazmin_Quimica_801cb5,PUR_IED_Jazmin_Quimica_801cb5,,,,,
2026-09-12T05:06:09-05:00,PUR_IED_JorgeGaitan_Exter_f098d1,PUR_IED_JorgeGaitan_Exter_f098d1,,,,,
2026-09-12T05:06:09-05:00,PUR_IED_JorgeGaitan_STec1_dc9d1d,PUR_IED_JorgeGaitan_STec1_dc9d1d,,,,,
2026-09-12T05:06:09-05:00,PUR_IED_JorgeGaitan_STec2_281e69,PUR_IED_JorgeGaitan_STec2_281e69,,,,,
2026-09-12T05:06:09-05:00,PUR_IED_JorgeSoto_Exterio_d9d0a2,PUR_IED_JorgeSoto_Exterio_d9d0a2,,,,,
2026-09-12T05:06:09-05:00,PUR_IED_JorgeSoto_LabFisi_209c54,PUR_IED_JorgeSoto_LabFisi_209c54,,,,,
2026-09-12T05:06:09-05:00,PUR_IED_JorgeSoto_S103_27b51a,PUR_IED_JorgeSoto_S103_27b51a,,,,,
2026-09-12T05:06:09-05:00,PUR_IED_JoseAcevedo_A02_e965eb,PUR_IED_JoseAcevedo_A02_e965eb,,,,,
2026-09-12T05:06:09-05:00,PUR_IED_JoseAcevedo_A07_dd5b4,PUR_IED_JoseAcevedo_A07_dd5b4,,,,,
2026-09-12T05:06:09-05:00,PUR_IED_JoseAcevedo_Ext_b47484,PUR_IED_JoseAcevedo_Ext_b47484,,,,,
2026-09-12T05:06:09-05:00,PUR_IED_JoseMarti_Exte_5b9bf,PUR_IED_JoseMarti_Exte_5b9bf,,,,,
2026-09-12T05:06:09-05:00,PUR_IED_JoseMarti_LabQuim_1c6c2d,PUR_IED_JoseMarti_LabQuim_1c6c2d,,,,,
2026-09-12T05:06:09-05:00,PUR_IED_JoseMarti_S_info_f5f177,PUR_IED_JoseMarti_S_info_f5f177,,,,,
2026-09-12T05:06:09-05:00,PUR_IED_Josejoaquin_Ext_dfc5dc,PUR_IED_Josejoaquin_Ext_dfc5dc,,,,,
2026-09-12T05:06:09-05:00,PUR_IED_Josejoaquin_S05_5b2a96,PUR_IED_Josejoaquin_S05_5b2a96,,,,,
2026-09-12T05:06:09-05:00,PUR_IED_Josejoaquin_S06_1ce7d2,PUR_IED_Josejoaquin_S06_1ce7d2,,,,,
2026-09-12T05:06:09-05:00,PUR_IED_JulioFlorez_Danza_9b82dd,PUR_IED_JulioFlorez_Danza_9b82dd,,,,,
2026-09-12T05:06:09-05:00,PUR_IED_JulioFlorez_Exter_f9f314,PUR_IED_JulioFlorez_Exter_f9f314,,,,,
2026-09-12T05:06:09-05:00,PUR_IED_JulioFlorez_info2_6b6e08,PUR_IED_JulioFlorez_info2_6b6e08,,,,,
2026-09-12T05:06:09-05:00,PUR_IED_LaBelleza_Aula13_1d00d8,PUR_IED_LaBelleza_Aula13_1d00d8,,,,,
2026-09-12T05:06:09-05:00,PUR_IED_LaBelleza_Ext_7bc08c,PUR_IED_LaBelleza_Ext_7bc08c,,,,,
2026-09-12T05:06:09-05:00,PUR_IED_LaChucua_Ext_8cd6d2,PUR_IED_LaChucua_Ext_8cd6d2,,,,,
2026-09-12T05:06:09-05:00,PUR_IED_LaChucua_S15_f578ce,PUR_IED_LaChucua_S15_f578ce,,,,,
2026-09-12T05:06:09-05:00,PUR_IED_LaChucua_S16_eebcf9,PUR_IED_LaChucua_S16_eebcf9,,,,,
2026-09-12T05:06:09-05:00,PUR_IED_LaFelicidad_Ext_fb5109,PUR_IED_LaFelicidad_Ext_fb5109,,,,,
2026-09-12T05:06:09-05:00,PUR_IED_LaMerced_206_66ebd,PUR_IED_LaMerced_206_66ebd,,,,,
2026-09-12T05:06:09-05:00,PUR_IED_LaMerced_207_6ebd6,PUR_IED_LaMerced_207_6ebd6,,,,,
2026-09-12T05:06:09-05:00,PUR_IED_LaMerced_ext_304311,PUR_IED_LaMerced_ext_304311,,,,,
2026-09-12T05:06:09-05:00,PUR_IED_Laureano_CiencNat_281e5e,PUR_IED_Laureano_CiencNat_281e5e,,,,,
2026-09-12T05:06:09-05:00,PUR_IED_Laureano_Comedor_f65c0a,PUR_IED_Laureano_Comedor_f65c0a,,,,,
2026-09-12T05:06:09-05:00,PUR_IED_Laureano_Exterior_7ab011,PUR_IED_Laureano_Exterior_7ab011,,,,,
2026-09-12T05:06:09-05:00,PUR_IED_LeonGreiff_Exte_dfe560,PUR_IED_LeonGreiff_Exte_dfe560,,,,,
2026-09-12T05:06:09-05:00,PUR_IED_LeonGreiff_S210_f264ed,PUR_IED_LeonGreiff_S210_f264ed,,,,,
2026-09-12T05:06:09-05:00,PUR_IED_LeonGreiff_SQuimi_e8296f,PUR_IED_LeonGreiff_SQuimi_e8296f,,,,,
2026-09-12T05:06:09-05:00,PUR_IED_LlanoOrientalS208_7b9fcd,PUR_IED_LlanoOrientalS208_7b9fcd,,,,,
2026-09-12T05:06:09-05:00,PUR_IED_LlanoOriental_Ext_fb3766,PUR_IED_LlanoOriental_Ext_fb3766,,,,,
2026-09-12T05:06:09-05:00,PUR_IED_LlanoOriental_S208_7b9fcd,PUR_IED_LlanoOriental_S208_7b9fcd,,,,,
2026-09-12T05:06:09-05:00,PUR_IED_LlanoOriental_S9_27b378,PUR_IED_LlanoOriental_S9_27b378,,,,,
2026-09-12T05:06:09-05:00,PUR_IED_LosTejares_1101_477602,PUR_IED_LosTejares_1101_477602,,,,,
2026-09-12T05:06:09-05:00,PUR_IED_LosTejares_11_d2c595,PUR_IED_LosTejares_11_d2c595,,,,,
2026-09-12T05:06:09-05:00,PUR_IED_LosTejares_12_477602,PUR_IED_LosTejares_12_477602,,,,,
2026-09-12T05:06:09-05:00,PUR_IED_LosTejares_Ext_8e2115,PUR_IED_LosTejares_Ext_8e2115,,,,,
2026-09-12T05:06:09-05:00,PUR_IED_MagdalenaO_B202_5ddda3,PUR_IED_MagdalenaO_B202_5ddda3,,,,,
2026-09-12T05:06:09-05:00,PUR_IED_MagdalenaO_B205_fb76e8,PUR_IED_MagdalenaO_B205_fb76e8,,,,,
2026-09-12T05:06:09-05:00,PUR_IED_MagdalenaO_ext_dc69cd,PUR_IED_MagdalenaO_ext_dc69cd,,,,,
2026-09-12T05:06:09-05:00,PUR_IED_ManueCepeda_artes_eee956,PUR_IED_ManueCepeda_artes_eee956,,,,,
2026-09-12T05:06:09-05:00,PUR_IED_ManuelCepeda_Ext_58313,PUR_IED_ManuelCepeda_Ext_58313,,,,,
2026-09-12T05:06:09-05:00,PUR_IED_ManuelCepeda_tec_1c5731,PUR_IED_ManuelCepeda_tec_1c5731,,,,,
2026-09-12T05:06:09-05:00,PUR_IED_ManuelS_Exterior_5b269,PUR_IED_ManuelS_Exterior_5b269,,,,,
2026-09-12T05:06:09-05:00,PUR_IED_ManuelS_Inform_f369ce,PUR_IED_ManuelS_Inform_f369ce,,,,,
2026-09-12T05:06:09-05:00,PUR_IED_ManuelS_SArtes_7d15f1,PUR_IED_ManuelS_SArtes_7d15f1,,,,,
2026-09-12T05:06:09-05:00,PUR_IED_ManuelZapata_303_3ca6,PUR_IED_ManuelZapata_303_3ca6,,,,,
2026-09-12T05:06:09-05:00,PUR_IED_ManuelZapata_311_bfbabc,PUR_IED_ManuelZapata_311_bfbabc,,,,,
2026-09-12T05:06:09-05:00,PUR_IED_ManuelZapata_Ext_50824a,PUR_IED_ManuelZapata_Ext_50824a,,,,,
2026-09-12T05:06:09-05:00,PUR_IED_ManuelitaS_Exteri_656a92,PUR_IED_ManuelitaS_Exteri_656a92,,,,,
2026-09-12T05:06:09-05:00,PUR_IED_ManuelitaS_JuzgDe_f58ec3,PUR_IED_ManuelitaS_JuzgDe_f58ec3,,,,,
2026-09-12T05:06:09-05:00,PUR_IED_ManuelitaS_Recrea_d793db,PUR_IED_ManuelitaS_Recrea_d793db,,,,,
2026-09-12T05:06:09-05:00,PUR_IED_MarFidSuarez_Ext_c27b19,PUR_IED_MarFidSuarez_Ext_c27b19,,,,,
2026-09-12T05:06:09-05:00,PUR_IED_MarFidSuarez_Info_e384d7,PUR_IED_MarFidSuarez_Info_e384d7,,,,,
2026-09-12T05:06:09-05:00,PUR_IED_MarFidSuarez_S306_1d0032,PUR_IED_MarFidSuarez_S306_1d0032,,,,,
2026-09-12T05:06:09-05:00,PUR_IED_Menorah_301_2a25a3,PUR_IED_Menorah_301_2a25a3,,,,,
2026-09-12T05:06:09-05:00,PUR_IED_Menorah_306_37ed3,PUR_IED_Menorah_306_37ed3,,,,,
2026-09-12T05:06:09-05:00,PUR_IED_Menorah_Ext_3e155b,PUR_IED_Menorah_Ext_3e155b,,,,,
2026-09-12T05:06:09-05:00,PUR_IED_MinutoB.Aires_A11_1b1604,PUR_IED_MinutoB.Aires_A11_1b1604,,,,,
2026-09-12T05:06:09-05:00,PUR_IED_MinutoB.Aires_A12_fb5860,PUR_IED_MinutoB.Aires_A12_fb5860,,,,,
2026-09-12T05:06:09-05:00,PUR_IED_MinutoB.Aires_Ext_81293f,PUR_IED_MinutoB.Aires_Ext_81293f,,,,,
2026-09-12T05:06:09-05:00,PUR_IED_MinutoBAires_A11_1b1604,PUR_IED_MinutoBAires_A11_1b1604,,,,,
2026-09-12T05:06:09-05:00,PUR_IED_MinutoBAires_A12_fb5860,PUR_IED_MinutoBAires_A12_fb5860,,,,,
2026-09-12T05:06:09-05:00,PUR_IED_MinutoBAires_Ext_81293f,PUR_IED_MinutoBAires_Ext_81293f,,,,,
2026-09-12T05:06:09-05:00,PUR_IED_Montreal_Aula10_1e4959,PUR_IED_Montreal_Aula10_1e4959,,,,,
2026-09-12T05:06:09-05:00,PUR_IED_Montreal_Aula6_300367,PUR_IED_Montreal_Aula6_300367,,,,,
2026-09-12T05:06:09-05:00,PUR_IED_Montreal_Exterior_91a179,PUR_IED_Montreal_Exterior_91a179,,,,,
2026-09-12T05:06:09-05:00,PUR_IED_Mqgdalena_B202_5ddda3,PUR_IED_Mqgdalena_B202_5ddda3,,,,,
2026-09-12T05:06:09-05:00,PUR_IED_NACUND_Soc_dc8728,PUR_IED_NACUND_Soc_dc8728,,,,,
2026-09-12T05:06:09-05:00,PUR_IED_NACUND_ext_27ad97,PUR_IED_NACUND_ext_27ad97,,,,,
2026-09-12T05:06:09-05:00,PUR_IED_NEsperanza_Ext_d24b61,PUR_IED_NEsperanza_Ext_d24b61,,,,,
2026-09-12T05:06:09-05:00,PUR_IED_NEsperanza_SElect_7d1807,PUR_IED_NEsperanza_SElect_7d1807,,,,,
2026-09-12T05:06:09-05:00,PUR_IED_NEsperanza_SLabor_8b2d0a,PUR_IED_NEsperanza_SLabor_8b2d0a,,,,,
2026-09-12T05:06:09-05:00,PUR_IED_NacionesU_Ext_f661a9,PUR_IED_NacionesU_Ext_f661a9,,,,,
2026-09-12T05:06:09-05:00,PUR_IED_NacionesU_Quimica_66f0a,PUR_IED_NacionesU_Quimica_66f0a,,,,,
2026-09-12T05:06:09-05:00,PUR_IED_NacionesU_S306_1b4b3d,PUR_IED_NacionesU_S306_1b4b3d,,,,,
2026-09-12T05:06:09-05:00,PUR_IED_NestorFA_Ext_e4201c,PUR_IED_NestorFA_Ext_e4201c,,,,,
2026-09-12T05:06:09-05:00,PUR_IED_NestorFA_Laborato_f22fe0,PUR_IED_NestorFA_Laborato_f22fe0,,,,,
2026-09-12T05:06:09-05:00,PUR_IED_NestorFA_S204_dee996,PUR_IED_NestorFA_S204_dee996,,,,,
2026-09-12T05:06:09-05:00,PUR_IED_NidyaQT_Aula03_76999b,PUR_IED_NidyaQT_Aula03_76999b,,,,,
2026-09-12T05:06:09-05:00,PUR_IED_NidyaQT_Aula10_56325,PUR_IED_NidyaQT_Aula10_56325,,,,,
2026-09-12T05:06:09-05:00,PUR_IED_NidyaQT_Ext_46e32d,PUR_IED_NidyaQT_Ext_46e32d,,,,,
2026-09-12T05:06:09-05:00,PUR_IED_NuevaCol_Exterior_d9b859,PUR_IED_NuevaCol_Exterior_d9b859,,,,,
2026-09-12T05:06:09-05:00,PUR_IED_NuevaCol_S1101_76c43b,PUR_IED_NuevaCol_S1101_76c43b,,,,,
2026-09-12T05:06:09-05:00,PUR_IED_NuevaCol_S1102_1ce0b5,PUR_IED_NuevaCol_S1102_1ce0b5,,,,,
2026-09-12T05:06:09-05:00,PUR_IED_OEA_A202_f7e3f2,PUR_IED_OEA_A202_f7e3f2,,,,,
2026-09-12T05:06:09-05:00,PUR_IED_OEA_A203_7d1b8d,PUR_IED_OEA_A203_7d1b8d,,,,,
2026-09-12T05:06:09-05:00,PUR_IED_OEA_Ext_27b593,PUR_IED_OEA_Ext_27b593,,,,,
2026-09-12T05:06:09-05:00,PUR_IED_Ochoa_Ext_1c29da,PUR_IED_Ochoa_Ext_1c29da,,,,,
2026-09-12T05:06:09-05:00,PUR_IED_Ochoa_S205_8b1121,PUR_IED_Ochoa_S205_8b1121,,,,,
2026-09-12T05:06:09-05:00,PUR_IED_Ochoa_Sistemas_f33af6,PUR_IED_Ochoa_Sistemas_f33af6,,,,,
2026-09-12T05:06:09-05:00,PUR_IED_PQuebec_Ext_1c67c7,PUR_IED_PQuebec_Ext_1c67c7,,,,,
2026-09-12T05:06:09-05:00,PUR_IED_PQuebec_S15_23e8e2,PUR_IED_PQuebec_S15_23e8e2,,,,,
2026-09-12T05:06:09-05:00,PUR_IED_PQuebec_S16_8ec76b,PUR_IED_PQuebec_S16_8ec76b,,,,,
2026-09-12T05:06:09-05:00,PUR_IED_PabloN_Ext_49dc96,PUR_IED_PabloN_Ext_49dc96,,,,,
2026-09-12T05:06:09-05:00,PUR_IED_PabloN_S1102_4e3df5,PUR_IED_PabloN_S1102_4e3df5,,,,,
2026-09-12T05:06:09-05:00,PUR_IED_PabloN_S1103_50c94b,PUR_IED_PabloN_S1103_50c94b,,,,,
2026-09-12T05:06:09-05:00,PUR_IED_Palestina_S1101_db9198,PUR_IED_Palestina_S1101_db9198,,,,,
2026-09-12T05:06:09-05:00,PUR_IED_Palestina_S1102_dc54fa,PUR_IED_Palestina_S1102_dc54fa,,,,,
2026-09-12T05:06:09-05:00,PUR_IED_Palestina_ext_4ccce6,PUR_IED_Palestina_ext_4ccce6,,,,,
2026-09-12T05:06:09-05:00,PUR_IED_Panama_Fisica_4d0794,PUR_IED_Panama_Fisica_4d0794,,,,,
2026-09-12T05:06:09-05:00,PUR_IED_Panama_SIngles_a4077e,PUR_IED_Panama_SIngles_a4077e,,,,,
2026-09-12T05:06:09-05:00,PUR_IED_Panama_ext_4c54b4,PUR_IED_Panama_ext_4c54b4,,,,,
2026-09-12T05:06:09-05:00,PUR_IED_ParaisoM_Exterior_8cd7f0,PUR_IED_ParaisoM_Exterior_8cd7f0,,,,,
2026-09-12T05:06:09-05:00,PUR_IED_ParaisoM_Laborato_27af35,PUR_IED_ParaisoM_Laborato_27af35,,,,,
2026-09-12T05:06:09-05:00,PUR_IED_ParaisoM_S304_d1edca,PUR_IED_ParaisoM_S304_d1edca,,,,,
2026-09-12T05:06:09-05:00,PUR_IED_PorfirioBarba_Ext_301466,PUR_IED_PorfirioBarba_Ext_301466,,,,,
2026-09-12T05:06:09-05:00,PUR_IED_PorfirioBarba_S11_df6cd2,PUR_IED_PorfirioBarba_S11_df6cd2,,,,,
2026-09-12T05:06:09-05:00,PUR_IED_PorfirioBarba_S29_27a7d6,PUR_IED_PorfirioBarba_S29_27a7d6,,,,,
2026-09-12T05:06:09-05:00,PUR_IED_PradoV_Exter_8b27ad,PUR_IED_PradoV_Exter_8b27ad,,,,,
2026-09-12T05:06:09-05:00,PUR_IED_PradoV_S301_de65b5,PUR_IED_PradoV_S301_de65b5,,,,,
2026-09-12T05:06:09-05:00,PUR_IED_PradoV_S302_7d2593,PUR_IED_PradoV_S302_7d2593,,,,,
2026-09-12T05:06:09-05:00,PUR_IED_QuirogaAlz_Ext_1ddc82,PUR_IED_QuirogaAlz_Ext_1ddc82,,,,,
2026-09-12T05:06:09-05:00,PUR_IED_QuirogaAlz_S302_9926a3,PUR_IED_QuirogaAlz_S302_9926a3,,,,,
2026-09-12T05:06:09-05:00,PUR_IED_QuirogaAlz_S305_cdf1f1,PUR_IED_QuirogaAlz_S305_cdf1f1,,,,,
2026-09-12T05:06:09-05:00,PUR_IED_RGuatemala_Biling_dc53b7,PUR_IED_RGuatemala_Biling_dc53b7,,,,,
2026-09-12T05:06:09-05:00,PUR_IED_RGuatemala_Ext_1b89a3,PUR_IED_RGuatemala_Ext_1b89a3,,,,,
2026-09-12T05:06:09-05:00,PUR_IED_RGuatemala_Tecnol_281a34,PUR_IED_RGuatemala_Tecnol_281a34,,,,,
2026-09-12T05:06:09-05:00,PUR_IED_RafaNu_Ext_f7c302,PUR_IED_RafaNu_Ext_f7c302,,,,,
2026-09-12T05:06:09-05:00,PUR_IED_RafaNu_S1101_25fde,PUR_IED_RafaNu_S1101_25fde,,,,,
2026-09-12T05:06:09-05:00,PUR_IED_RafaNu_S1102_281517,PUR_IED_RafaNu_S1102_281517,,,,,
2026-09-12T05:06:09-05:00,PUR_IED_RafaelB_S305_ee2783,PUR_IED_RafaelB_S305_ee2783,,,,,
2026-09-12T05:06:09-05:00,PUR_IED_RafaelB_S306_75fe33,PUR_IED_RafaelB_S306_75fe33,,,,,
2026-09-12T05:06:09-05:00,PUR_IED_RafaelB_ext_283336,PUR_IED_RafaelB_ext_283336,3,17,63,4.6722,-74.0737
2026-09-12T05:06:09-05:00,PUR_IED_RafaelUU_Exterior_281a51,PUR_IED_RafaelUU_Exterior_281a51,,,,,
2026-09-12T05:06:09-05:00,PUR_IED_RafaelUU_Human_806b2,PUR_IED_RafaelUU_Human_806b2,,,,,
2026-09-12T05:06:09-05:00,PUR_IED_RafaelUU_Mate2_5680d4,PUR_IED_RafaelUU_Mate2_5680d4,,,,,
2026-09-12T05:06:09-05:00,PUR_IED_RamonSub_Ext_f9eeb9,PUR_IED_RamonSub_Ext_f9eeb9,,,,,
2026-09-12T05:06:09-05:00,PUR_IED_RamonSub_Media_d1f62f,PUR_IED_RamonSub_Media_d1f62f,,,,,
2026-09-12T05:06:09-05:00,PUR_IED_RamonSub_planta_51b82,PUR_IED_RamonSub_planta_51b82,,,,,
2026-09-12T05:06:09-05:00,PUR_IED_RepBoliVene_Exter_27af7c,PUR_IED_RepBoliVene_Exter_27af7c,,,,,
2026-09-12T05:06:09-05:00,PUR_IED_RepBoliVene_SCPT_5ae2ee,PUR_IED_RepBoliVene_SCPT_5ae2ee,,,,,
2026-09-12T05:06:09-05:00,PUR_IED_RepBoliVene_Socia_4b11d5,PUR_IED_RepBoliVene_Socia_4b11d5,,,,,
2026-09-12T05:06:09-05:00,PUR_IED_RepChina_Ext_76d9ee,PUR_IED_RepChina_Ext_76d9ee,,,,,
2026-09-12T05:06:09-05:00,PUR_IED_RepChina_S404_7c804c,PUR_IED_RepChina_S404_7c804c,,,,,
2026-09-12T05:06:09-05:00,PUR_IED_RepChina_S405_df2c33,PUR_IED_RepChina_S405_df2c33,,,,,
2026-09-12T05:06:09-05:00,PUR_IED_RepublicaC_Exteri_7d1ec9,PUR_IED_RepublicaC_Exteri_7d1ec9,,,,,
2026-09-12T05:06:09-05:00,PUR_IED_RepublicaC_S1101_f544b3,PUR_IED_RepublicaC_S1101_f544b3,,,,,
2026-09-12T05:06:09-05:00,PUR_IED_RepublicaC_S1102_7aafc7,PUR_IED_RepublicaC_S1102_7aafc7,,,,,
2026-09-12T05:06:09-05:00,PUR_IED_Ricaurte_Externo_a0ea1,PUR_IED_Ricaurte_Externo_a0ea1,,,,,
2026-09-12T05:06:09-05:00,PUR_IED_Ricaurte_S210_f546fd,PUR_IED_Ricaurte_S210_f546fd,,,,,
2026-09-12T05:06:09-05:00,PUR_IED_Ricaurte_S309_d4452,PUR_IED_Ricaurte_S309_d4452,,,,,
2026-09-12T05:06:09-05:00,PUR_IED_RogelioS_1102_531e69,PUR_IED_RogelioS_1102_531e69,,,,,
2026-09-12T05:06:09-05:00,PUR_IED_RogelioS_Ext_f25a18,PUR_IED_RogelioS_Ext_f25a18,,,,,
2026-09-12T05:06:09-05:00,PUR_IED_SBernardino_Ext_27aff8,PUR_IED_SBernardino_Ext_27aff8,,,,,
2026-09-12T05:06:09-05:00,PUR_IED_SBernardino_SArte_2ffd33,PUR_IED_SBernardino_SArte_2ffd33,,,,,
2026-09-12T05:06:09-05:00,PUR_IED_SBernardino_SIngl_7c7da5,PUR_IED_SBernardino_SIngl_7c7da5,,,,,
2026-09-12T05:06:09-05:00,PUR_IED_Sago_auditorio_dc9d1d,PUR_IED_Sago_auditorio_dc9d1d,,,,,
2026-09-12T05:06:09-05:00,PUR_IED_Saludcoop_Ext_95aac3,PUR_IED_Saludcoop_Ext_95aac3,,,,,
2026-09-12T05:06:09-05:00,PUR_IED_Saludcoop_InfI_90c854,PUR_IED_Saludcoop_InfI_90c854,,,,,
2026-09-12T05:06:09-05:00,PUR_IED_Saludcoop_SMedia_1b93be,PUR_IED_Saludcoop_SMedia_1b93be,,,,,
2026-09-12T05:06:09-05:00,PUR_IED_SanCarlos_1101_1a2360,PUR_IED_SanCarlos_1101_1a2360,,,,,
2026-09-12T05:06:09-05:00,PUR_IED_SanCarlos_1103_7bafb5,PUR_IED_SanCarlos_1103_7bafb5,,,,,
2026-09-12T05:06:09-05:00,PUR_IED_SanCarlos_Ext_b7cd1,PUR_IED_SanCarlos_Ext_b7cd1,,,,,
2026-09-12T05:06:09-05:00,PUR_IED_SanIgnacioBosa11a_50c26e,PUR_IED_SanIgnacioBosa11a_50c26e,,,,,
2026-09-12T05:06:09-05:00,PUR_IED_SanIgnacioBosa11b_371de8,PUR_IED_SanIgnacioBosa11b_371de8,,,,,
2026-09-12T05:06:09-05:00,PUR_IED_SanIgnacioBosaExt_ef0ffc,PUR_IED_SanIgnacioBosaExt_ef0ffc,,,,,
2026-09-12T05:06:09-05:00,PUR_IED_SanIgnacioBosa_11a_50c26e,PUR_IED_SanIgnacioBosa_11a_50c26e,,,,,
2026-09-12T05:06:09-05:00,PUR_IED_SanIgnacioBosa_Ext_ef0ffc,PUR_IED_SanIgnacioBosa_Ext_ef0ffc,,,,,
2026-09-12T05:06:09-05:00,PUR_IED_SanJoseN_intS1101_31c47f,PUR_IED_SanJoseN_intS1101_31c47f,,,,,
2026-09-12T05:06:09-05:00,PUR_IED_SanJoseUsm_Exter_f5d7e8,PUR_IED_SanJoseUsm_Exter_f5d7e8,,,,,
2026-09-12T05:06:09-05:00,PUR_IED_SanJoseUsm_Int11A_cfdef6,PUR_IED_SanJoseUsm_Int11A_cfdef6,,,,,
2026-09-12T05:06:09-05:00,PUR_IED_SilveriaR_IntB5_905349,PUR_IED_SilveriaR_IntB5_905349,,,,,
2026-09-12T05:06:09-05:00,PUR_IED_SilveriaR_IntSD14_981f93,PUR_IED_SilveriaR_IntSD14_981f93,,,,,
2026-09-12T05:06:09-05:00,PUR_IED_SilveriaR_ext_2b651d,PUR_IED_SilveriaR_ext_2b651d,,,,,
2026-09-12T05:06:09-05:00,PUR_IED_SimonB_Exterior_913975,PUR_IED_SimonB_Exterior_913975,,,,,
2026-09-12T05:06:09-05:00,PUR_IED_SimonB_LabQuimi_c56908,PUR_IED_SimonB_LabQuimi_c56908,,,,,
2026-09-12T05:06:09-05:00,PUR_IED_SimonB_informatic_a28c1,PUR_IED_SimonB_informatic_a28c1,,,,,
2026-09-12T05:06:09-05:00,PUR_IED_Sorrento_1102_315f50,PUR_IED_Sorrento_1102_315f50,,,,,
2026-09-12T05:06:09-05:00,PUR_IED_Sorrento_Minte_214eab,PUR_IED_Sorrento_Minte_214eab,,,,,
2026-09-12T05:06:09-05:00,PUR_IED_Sorrento_ext_7c3a0a,PUR_IED_Sorrento_ext_7c3a0a,,,,,
2026-09-12T05:06:09-05:00,PUR_IED_Tabora_Ext_f048ae,PUR_IED_Tabora_Ext_f048ae,,,,,
2026-09-12T05:06:09-05:00,PUR_IED_Tabora_S1102_b07752,PUR_IED_Tabora_S1102_b07752,,,,,
2026-09-12T05:06:09-05:00,PUR_IED_Tabora_S1103_d988f5,PUR_IED_Tabora_S1103_d988f5,,,,,
2026-09-12T05:06:09-05:00,PUR_IED_Tenerife_Ext_1ab188,PUR_IED_Tenerife_Ext_1ab188,,,,,
2026-09-12T05:06:09-05:00,PUR_IED_Tenerife_SDanzas_7bc02e,PUR_IED_Tenerife_SDanzas_7bc02e,,,,,
2026-09-12T05:06:09-05:00,PUR_IED_Tenerife_SIngles_7cc277,PUR_IED_Tenerife_SIngles_7cc277,,,,,
2026-09-12T05:06:09-05:00,PUR_IED_Tibabuyes_Exter_f2683d,PUR_IED_Tibabuyes_Exter_f2683d,,,,,
2026-09-12T05:06:09-05:00,PUR_IED_Tibabuyes_S10_dc87a8,PUR_IED_Tibabuyes_S10_dc87a8,,,,,
2026-09-12T05:06:09-05:00,PUR_IED_Tibabuyes_S15_dc0526,PUR_IED_Tibabuyes_S15_dc0526,,,,,
2026-09-12T05:06:09-05:00,PUR_IED_UnionE_S301_a1043,PUR_IED_UnionE_S301_a1043,,,,,
2026-09-12T05:06:09-05:00,PUR_IED_UnionE_S307_ff6c2f,PUR_IED_UnionE_S307_ff6c2f,,,,,
2026-09-12T05:06:09-05:00,PUR_IED_UnionE__Ext_5e2468,PUR_IED_UnionE__Ext_5e2468,,,,,
2026-09-12T05:06:09-05:00,PUR_IED_VillaRica_Ext_75be7c,PUR_IED_VillaRica_Ext_75be7c,,,,,
2026-09-12T05:06:09-05:00,PUR_IED_VillaRica_S4_cc5dcd,PUR_IED_VillaRica_S4_cc5dcd,,,,,
2026-09-12T05:06:09-05:00,PUR_IED_VillaRica_Sesp_99f5c,PUR_IED_VillaRica_Sesp_99f5c,,,,,
2026-09-12T05:11:05-05:00,PUR_IED_20deJulio_1101_91b1b9,PUR_IED_20deJulio_1101_91b1b9,,,,,
2026-09-12T05:11:05-05:00,PUR_IED_20deJulio_1102_1cfcf9,PUR_IED_20deJulio_1102_1cfcf9,,,,,
2026-09-12T05:11:05-05:00,PUR_IED_20deJulio_Ext_ab60bd,PUR_IED_20deJulio_Ext_ab60bd,,,,,
2026-09-12T05:11:05-05:00,PUR_IED_AgustinFer_Ext_7b9b77,PUR_IED_AgustinFer_Ext_7b9b77,,,,,
2026-09-12T05:11:05-05:00,PUR_IED_AgustinFer_Info2_27b3a7,PUR_IED_AgustinFer_Info2_27b3a7,,,,,
2026-09-12T05:11:05-05:00,PUR_IED_AgustinFer_Sena_54b4eb,PUR_IED_AgustinFer_Sena_54b4eb,,,,,
2026-09-12T05:11:05-05:00,PUR_IED_AlexanderF_1102_caf07b,PUR_IED_AlexanderF_1102_caf07b,,,,,
2026-09-12T05:11:05-05:00,PUR_IED_AlexanderF_1103_c79e71,PUR_IED_AlexanderF_1103_c79e71,,,,,
2026-09-12T05:11:05-05:00,PUR_IED_AlexanderF_Ext_c5b18b,PUR_IED_AlexanderF_Ext_c5b18b,,,,,
2026-09-12T05:11:05-05:00,PUR_IED_AlfonsoLopez_Ext_281d77,PUR_IED_AlfonsoLopez_Ext_281d77,,,,,
2026-09-12T05:11:05-05:00,PUR_IED_AlfonsoLopez_LabF_888ce0,PUR_IED_AlfonsoLopez_LabF_888ce0,,,,,
2026-09-12T05:11:05-05:00,PUR_IED_AlfonsoLopez_SMed_df6a7f,PUR_IED_AlfonsoLopez_SMed_df6a7f,,,,,
2026-09-12T05:11:05-05:00,PUR_IED_AltamiraSO_A2_209f92,PUR_IED_AltamiraSO_A2_209f92,,,,,
2026-09-12T05:11:05-05:00,PUR_IED_AltamiraSO_Ext_186d66,PUR_IED_AltamiraSO_Ext_186d66,,,,,
2026-09-12T05:11:05-05:00,PUR_IED_AltamiraSO_Sistem_27afe1,PUR_IED_AltamiraSO_Sistem_27afe1,,,,,
2026-09-12T05:11:05-05:00,PUR_IED_AlvaroGom_LabQuim_813179,PUR_IED_AlvaroGom_LabQuim_813179,,,,,
2026-09-12T05:11:05-05:00,PUR_IED_AlvaroGomez_Ext_47c7ca,PUR_IED_AlvaroGomez_Ext_47c7ca,,,,,
2026-09-12T05:11:05-05:00,PUR_IED_AlvaroGomez_LabQuim_813179,PUR_IED_AlvaroGomez_LabQuim_813179,,,,,
2026-09-12T05:11:05-05:00,PUR_IED_AlvaroGomez_S23_7ba89f,PUR_IED_AlvaroGomez_S23_7ba89f,,,,,
2026-09-12T05:11:05-05:00,PUR_IED_Amistad_306_dc8728,PUR_IED_Amistad_306_dc8728,,,,,
2026-09-12T05:11:05-05:00,PUR_IED_Amistad_Ext_8cd55e,PUR_IED_Amistad_Ext_8cd55e,,,,,
2026-09-12T05:11:05-05:00,PUR_IED_Amistad_S202_a41169,PUR_IED_Amistad_S202_a41169,,,,,
2026-09-12T05:11:05-05:00,PUR_IED_AndresBello_Bio_fd5f5e,PUR_IED_AndresBello_Bio_fd5f5e,,,,,
2026-09-12T05:11:05-05:00,PUR_IED_AndresBello_ext_dcad65,PUR_IED_AndresBello_ext_dcad65,,,,,
2026-09-12T05:11:05-05:00,PUR_IED_AndresBello_port_eed3ec,PUR_IED_AndresBello_port_eed3ec,,,,,
2026-09-12T05:11:05-05:00,PUR_IED_AngelaR_11b_d90a6b,PUR_IED_AngelaR_11b_d90a6b,,,,,
2026-09-12T05:11:05-05:00,PUR_IED_AngelaR_ext_7cad3e,PUR_IED_AngelaR_ext_7cad3e,4,18,63,4.5825,-74.164497
2026-09-12T05:11:05-05:00,PUR_IED_AntJoseSucre_10mo_df2575,PUR_IED_AntJoseSucre_10mo_df2575,,,,,
2026-09-12T05:11:05-05:00,PUR_IED_AntJoseSucre_Ext_215b36,PUR_IED_AntJoseSucre_Ext_215b36,,,,,
2026-09-12T05:11:05-05:00,PUR_IED_AntJoseSucre_Lab_3139de,PUR_IED_AntJoseSucre_Lab_3139de,,,,,
2026-09-12T05:11:05-05:00,PUR_IED_AntonioGarcia_301_d6b188,PUR_IED_AntonioGarcia_301_d6b188,,,,,
2026-09-12T05:11:05-05:00,PUR_IED_AntonioGarcia_302_88a82,PUR_IED_AntonioGarcia_302_88a82,,,,,
2026-09-12T05:11:05-05:00,PUR_IED_AntonioGarcia_Ext_20950c,PUR_IED_AntonioGarcia_Ext_20950c,,,,,
2026-09-12T05:11:05-05:00,PUR_IED_AntonioVan_Aula2_6dea02,PUR_IED_AntonioVan_Aula2_6dea02,,,,,
2026-09-12T05:11:05-05:00,PUR_IED_AntonioVan_Aula5_f1557e,PUR_IED_AntonioVan_Aula5_f1557e,,,,,
2026-09-12T05:11:05-05:00,PUR_IED_AntonioVan_Ext_406f2f,PUR_IED_AntonioVan_Ext_406f2f,,,,,
2026-09-12T05:11:05-05:00,PUR_IED_Atabanzha_Ext_cc5af9,PUR_IED_Atabanzha_Ext_cc5af9,,,,,
2026-09-12T05:11:05-05:00,PUR_IED_Atabanzha_SA101_56c37,PUR_IED_Atabanzha_SA101_56c37,,,,,
2026-09-12T05:11:05-05:00,PUR_IED_Atabanzha_SB302_27b374,PUR_IED_Atabanzha_SB302_27b374,,,,,
2026-09-12T05:11:05-05:00,PUR_IED_Atahualpa_Ext_fc1748,PUR_IED_Atahualpa_Ext_fc1748,,,,,
2026-09-12T05:11:05-05:00,PUR_IED_Atahualpa_Informa_dc9a95,PUR_IED_Atahualpa_Informa_dc9a95,,,,,
2026-09-12T05:11:05-05:00,PUR_IED_Atahualpa_S1101_f98056,PUR_IED_Atahualpa_S1101_f98056,,,,,
2026-09-12T05:11:05-05:00,PUR_IED_Bellavista_Ext_f5aa74,PUR_IED_Bellavista_Ext_f5aa74,,,,,
2026-09-12T05:11:05-05:00,PUR_IED_Bilbao_11A_916c41,PUR_IED_Bilbao_11A_916c41,,,,,
2026-09-12T05:11:05-05:00,PUR_IED_Bilbao_Ext_fb579a,PUR_IED_Bilbao_Ext_fb579a,,,,,
2026-09-12T05:11:05-05:00,PUR_IED_BrasiliaU_A125_304280,PUR_IED_BrasiliaU_A125_304280,,,,,
2026-09-12T05:11:05-05:00,PUR_IED_BrasiliaU_A203_7c8ca5,PUR_IED_BrasiliaU_A203_7c8ca5,,,,,
2026-09-12T05:11:05-05:00,PUR_IED_BrasiliaU_Ext_8d6e9f,PUR_IED_BrasiliaU_Ext_8d6e9f,5,16,66,4.5175,-74.116302
2026-09-12T05:11:05-05:00,PUR_IED_Brasilia_Ext_fe6593,PUR_IED_Brasilia_Ext_fe6593,,,,,
2026-09-12T05:11:05-05:00,PUR_IED_Brasilia_S24_7c130d,PUR_IED_Brasilia_S24_7c130d,,,,,
2026-09-12T05:11:05-05:00,PUR_IED_Brasilia_S501_186a54,PUR_IED_Brasilia_S501_186a54,,,,,
2026-09-12T05:11:05-05:00,PUR_IED_CHARRY_EXT_f1d5cd,PUR_IED_CHARRY_EXT_f1d5cd,,,,,
2026-09-12T05:11:05-05:00,PUR_IED_CHARRY_INTDANZAS_7a08e6,PUR_IED_CHARRY_INTDANZAS_7a08e6,,,,,
2026-09-12T05:11:05-05:00,PUR_IED_CHARRY_INT_AULA20_dc998d,PUR_IED_CHARRY_INT_AULA20_dc998d,,,,,
2026-09-12T05:11:05-05:00,PUR_IED_COLVIV_1101_S25_7f520a,PUR_IED_COLVIV_1101_S25_7f520a,,,,,
2026-09-12T05:11:05-05:00,PUR_IED_COLVIV_1102_S16_f570ba,PUR_IED_COLVIV_1102_S16_f570ba,,,,,
2026-09-12T05:11:05-05:00,PUR_IED_COLVIV_Ext_1a26fa,PUR_IED_COLVIV_Ext_1a26fa,,,,,
2026-09-12T05:11:05-05:00,PUR_IED_CULPOP_301A_f660f3,PUR_IED_CULPOP_301A_f660f3,,,,,
2026-09-12T05:11:05-05:00,PUR_IED_CULPOP_303_568afe,PUR_IED_CULPOP_303_568afe,,,,,
2026-09-12T05:11:05-05:00,PUR_IED_CULPOP_Ext_e02ccb,PUR_IED_CULPOP_Ext_e02ccb,,,,,
2026-09-12T05:11:05-05:00,PUR_IED_CVillavicen_Ext_26eb58,PUR_IED_CVillavicen_Ext_26eb58,4,14,83,4.487,-74.102798
2026-09-12T05:11:05-05:00,PUR_IED_CVillavicen_Intel_1ce5c2,PUR_IED_CVillavicen_Intel_1ce5c2,,,,,
2026-09-12T05:11:05-05:00,PUR_IED_CVillavicen_Poliv_e0766c,PUR_IED_CVillavicen_Poliv_e0766c,,,,,
2026-09-12T05:11:05-05:00,PUR_IED_CVillavicen_int_1ba140,PUR_IED_CVillavicen_int_1ba140,,,,,
2026-09-12T05:11:05-05:00,PUR_IED_CVillavicen_intel_1ba140,PUR_IED_CVillavicen_intel_1ba140,,,,,
2026-09-12T05:11:05-05:00,PUR_IED_CarlosPizarro_Ext_e307cc,PUR_IED_CarlosPizarro_Ext_e307cc,,,,,
2026-09-12T05:11:05-05:00,PUR_IED_CarlosPizarro_L36_7e5cdb,PUR_IED_CarlosPizarro_L36_7e5cdb,,,,,
2026-09-12T05:11:05-05:00,PUR_IED_CarlosPizarro_L37_c8566c,PUR_IED_CarlosPizarro_L37_c8566c,,,,,
2026-09-12T05:11:05-05:00,PUR_IED_Castilla_Ext_cf35f,PUR_IED_Castilla_Ext_cf35f,,,,,
2026-09-12T05:11:05-05:00,PUR_IED_Castilla_SFisik_360e38,PUR_IED_Castilla_SFisik_360e38,,,,,
2026-09-12T05:11:05-05:00,PUR_IED_Castilla_Sc304_496fbf,PUR_IED_Castilla_Sc304_496fbf,,,,,
2026-09-12T05:11:05-05:00,PUR_IED_CervantesSa_Ext_6b57b,PUR_IED_CervantesSa_Ext_6b57b,3,16,74,4.5128,-74.117203
2026-09-12T05:11:05-05:00,PUR_IED_CervantesSa_S107_225c2b,PUR_IED_CervantesSa_S107_225c2b,,,,,
2026-09-12T05:11:05-05:00,PUR_IED_CervantesSa_S108_940925,PUR_IED_CervantesSa_S108_940925,,,,,
2026-09-12T05:11:05-05:00,PUR_IED_Charry_A20_f53e7c,PUR_IED_Charry_A20_f53e7c,,,,,
2026-09-12T05:11:05-05:00,PUR_IED_Charry_Ext_f1d5cd,PUR_IED_Charry_Ext_f1d5cd,,,,,
2026-09-12T05:11:05-05:00,PUR_IED_Charry_IntAula20_dc998d,PUR_IED_Charry_IntAula20_dc998d,,,,,
2026-09-12T05:11:05-05:00,PUR_IED_Charry_IntDanzas_7a08e6,PUR_IED_Charry_IntDanzas_7a08e6,,,,,
2026-09-12T05:11:05-05:00,PUR_IED_ClememciaC_203_43e2fc,PUR_IED_ClememciaC_203_43e2fc,,,,,
2026-09-12T05:11:05-05:00,PUR_IED_ClememciaC_Ext_1b411a,PUR_IED_ClememciaC_Ext_1b411a,,,,,
2026-09-12T05:11:05-05:00,PUR_IED_ClememciaC_Quimic_44b5fc,PUR_IED_ClememciaC_Quimic_44b5fc,,,,,
2026-09-12T05:11:05-05:00,PUR_IED_ClemenciaC_203_43e2fc,PUR_IED_ClemenciaC_203_43e2fc,,,,,
2026-09-12T05:11:05-05:00,PUR_IED_ClemenciaC_Ext_1b411a,PUR_IED_ClemenciaC_Ext_1b411a,,,,,
2026-09-12T05:11:05-05:00,PUR_IED_ClemenciaC_Quimic_44b5fc,PUR_IED_ClemenciaC_Quimic_44b5fc,,,,,
2026-09-12T05:11:05-05:00,PUR_IED_ColViva_1101_S25_7f520a,PUR_IED_ColViva_1101_S25_7f520a,,,,,
2026-09-12T05:11:05-05:00,PUR_IED_ColViva_1102_S16_f570ba,PUR_IED_ColViva_1102_S16_f570ba,,,,,
2026-09-12T05:11:05-05:00,PUR_IED_ColViva_Ext_1a26fa,PUR_IED_ColViva_Ext_1a26fa,,,,,
2026-09-12T05:11:05-05:00,PUR_IED_ColegioBici_Asist_7c8798,PUR_IED_ColegioBici_Asist_7c8798,,,,,
2026-09-12T05:11:05-05:00,PUR_IED_ColegioBici_Ext_25cbf6,PUR_IED_ColegioBici_Ext_25cbf6,,,,,
2026-09-12T05:11:05-05:00,PUR_IED_ColegioBici_LabQ_7b57db,PUR_IED_ColegioBici_LabQ_7b57db,,,,,
2026-09-12T05:11:05-05:00,PUR_IED_CostaRica_Ext_5e640,PUR_IED_CostaRica_Ext_5e640,,,,,
2026-09-12T05:11:05-05:00,PUR_IED_CostaRica_Quim1_766d1c,PUR_IED_CostaRica_Quim1_766d1c,,,,,
2026-09-12T05:11:05-05:00,PUR_IED_CostaRica__Fisica_6f0873,PUR_IED_CostaRica__Fisica_6f0873,,,,,
2026-09-12T05:11:05-05:00,PUR_IED_CulPopu_301A_f660f3,PUR_IED_CulPopu_301A_f660f3,,,,,
2026-09-12T05:11:05-05:00,PUR_IED_CulPopu_303_568afe,PUR_IED_CulPopu_303_568afe,,,,,
2026-09-12T05:11:05-05:00,PUR_IED_CulPopu_Ext_e02ccb,PUR_IED_CulPopu_Ext_e02ccb,,,,,
2026-09-12T05:11:05-05:00,PUR_IED_Cundinamarca_Ext_f15985,PUR_IED_Cundinamarca_Ext_f15985,,,,,
2026-09-12T05:11:05-05:00,PUR_IED_Cundinamarca_Info_7aa5d7,PUR_IED_Cundinamarca_Info_7aa5d7,,,,,
2026-09-12T05:11:05-05:00,PUR_IED_Cundinamarca_Tec2_f449c7,PUR_IED_Cundinamarca_Tec2_f449c7,,,,,
2026-09-12T05:11:05-05:00,PUR_IED_DiegoM_Aula1_27b314,PUR_IED_DiegoM_Aula1_27b314,,,,,
2026-09-12T05:11:05-05:00,PUR_IED_DiegoM_Ext_d80ac8,PUR_IED_DiegoM_Ext_d80ac8,,,,,
2026-09-12T05:11:05-05:00,PUR_IED_DiegoM_S25_da928f,PUR_IED_DiegoM_S25_da928f,,,,,
2026-09-12T05:11:05-05:00,PUR_IED_ELRODEO_360881,PUR_IED_ELRODEO_360881,,,,,
2026-09-12T05:11:05-05:00,PUR_IED_ELRODEO_ext_360881,PUR_IED_ELRODEO_ext_360881,,,,,
2026-09-12T05:11:05-05:00,PUR_IED_EduardoU_Ext_1c1969,PUR_IED_EduardoU_Ext_1c1969,,,,,
2026-09-12T05:11:05-05:00,PUR_IED_EduardoU_SCiencia_4dfb94,PUR_IED_EduardoU_SCiencia_4dfb94,,,,,
2026-09-12T05:11:05-05:00,PUR_IED_EduardoU_SQuimica_5a46e7,PUR_IED_EduardoU_SQuimica_5a46e7,,,,,
2026-09-12T05:11:05-05:00,PUR_IED_ElRodeo_Aula14_676984,PUR_IED_ElRodeo_Aula14_676984,,,,,
2026-09-12T05:11:05-05:00,PUR_IED_ElRodeo_Aula16_2dd35b,PUR_IED_ElRodeo_Aula16_2dd35b,,,,,
2026-09-12T05:11:05-05:00,PUR_IED_ElRodeo_Ext_360881,PUR_IED_ElRodeo_Ext_360881,,,,,
2026-09-12T05:11:05-05:00,PUR_IED_ElRodeo_Exterior_8c6d28,PUR_IED_ElRodeo_Exterior_8c6d28,,,,,
2026-09-12T05:11:05-05:00,PUR_IED_ElRodeo_ext_360881,PUR_IED_ElRodeo_ext_360881,,,,,
2026-09-12T05:11:05-05:00,PUR_IED_EmmaReyes_Ext_987625,PUR_IED_EmmaReyes_Ext_987625,10,21,53,4.6367,-74.1511
2026-09-12T05:11:05-05:00,PUR_IED_Ensueño_Ext_7f0250,PUR_IED_Ensueño_Ext_7f0250,,,,,
2026-09-12T05:11:05-05:00,PUR_IED_EscNormal_Ext_5fef3b,PUR_IED_EscNormal_Ext_5fef3b,2,17,63,4.5852,-74.096901
2026-09-12T05:11:05-05:00,PUR_IED_EscNormal_S309_5b263,PUR_IED_EscNormal_S309_5b263,,,,,
2026-09-12T05:11:05-05:00,PUR_IED_EscNormal_S310_27b3b8,PUR_IED_EscNormal_S310_27b3b8,,,,,
2026-09-12T05:11:05-05:00,PUR_IED_Evangelista_Conta_f6cd4f,PUR_IED_Evangelista_Conta_f6cd4f,,,,,
2026-09-12T05:11:05-05:00,PUR_IED_Evangelista_Cri_5e16a,PUR_IED_Evangelista_Cri_5e16a,,,,,
2026-09-12T05:11:05-05:00,PUR_IED_Evangelista_Exter_754066,PUR_IED_Evangelista_Exter_754066,,,,,
2026-09-12T05:11:05-05:00,PUR_IED_FMiranda_S209_5cc2a3,PUR_IED_FMiranda_S209_5cc2a3,,,,,
2026-09-12T05:11:05-05:00,PUR_IED_FMiranda_S303_19e344,PUR_IED_FMiranda_S303_19e344,,,,,
2026-09-12T05:11:05-05:00,PUR_IED_FMiranda_ext_f53e7c,PUR_IED_FMiranda_ext_f53e7c,,,,,
2026-09-12T05:11:05-05:00,PUR_IED_FabioLozano_Bibli_1cee05,PUR_IED_FabioLozano_Bibli_1cee05,,,,,
2026-09-12T05:11:05-05:00,PUR_IED_FabioLozano_Ext_6ea285,PUR_IED_FabioLozano_Ext_6ea285,,,,,
2026-09-12T05:11:05-05:00,PUR_IED_FabioLozano_SLudi_f09e1e,PUR_IED_FabioLozano_SLudi_f09e1e,,,,,
2026-09-12T05:11:05-05:00,PUR_IED_FaustinoS_Aula07_27a731,PUR_IED_FaustinoS_Aula07_27a731,,,,,
2026-09-12T05:11:05-05:00,PUR_IED_FaustinoS_Ext_7b936f,PUR_IED_FaustinoS_Ext_7b936f,,,,,
2026-09-12T05:11:05-05:00,PUR_IED_FaustinoS_Fisica_da2c60,PUR_IED_FaustinoS_Fisica_da2c60,,,,,
2026-09-12T05:11:05-05:00,PUR_IED_FeGarciaLo_Ext_dc68ee,PUR_IED_FeGarciaLo_Ext_dc68ee,,,,,
2026-09-12T05:11:05-05:00,PUR_IED_FeGarciaLo_SDanza_f70a59,PUR_IED_FeGarciaLo_SDanza_f70a59,,,,,
2026-09-12T05:11:05-05:00,PUR_IED_FeGarciaLo_SMusic_125cdd,PUR_IED_FeGarciaLo_SMusic_125cdd,,,,,
2026-09-12T05:11:05-05:00,PUR_IED_FederalAlema_Exte_50c345,PUR_IED_FederalAlema_Exte_50c345,,,,,
2026-09-12T05:11:05-05:00,PUR_IED_FederalAlema_S31_f18371,PUR_IED_FederalAlema_S31_f18371,,,,,
2026-09-12T05:11:05-05:00,PUR_IED_FederalAlema_S901_a62cd,PUR_IED_FederalAlema_S901_a62cd,,,,,
2026-09-12T05:11:05-05:00,PUR_IED_FilarmonicaS_A5_f35eb1,PUR_IED_FilarmonicaS_A5_f35eb1,,,,,
2026-09-12T05:11:05-05:00,PUR_IED_FilarmonicaS_Ext_8a3bde,PUR_IED_FilarmonicaS_Ext_8a3bde,,,,,
2026-09-12T05:11:05-05:00,PUR_IED_FilarmonicaS_Spol_406114,PUR_IED_FilarmonicaS_Spol_406114,,,,,
2026-09-12T05:11:05-05:00,PUR_IED_FlorentinoG_A13_d1fa59,PUR_IED_FlorentinoG_A13_d1fa59,,,,,
2026-09-12T05:11:05-05:00,PUR_IED_FlorentinoG_Ext_1ce6ce,PUR_IED_FlorentinoG_Ext_1ce6ce,,,,,
2026-09-12T05:11:05-05:00,PUR_IED_FlorentinoG_Idiom_a66aac,PUR_IED_FlorentinoG_Idiom_a66aac,,,,,
2026-09-12T05:11:05-05:00,PUR_IED_FranciscoMati_Ext_e3869d,PUR_IED_FranciscoMati_Ext_e3869d,,,,,
2026-09-12T05:11:05-05:00,PUR_IED_FranciscoMati_S13_f31c67,PUR_IED_FranciscoMati_S13_f31c67,,,,,
2026-09-12T05:11:05-05:00,PUR_IED_FranciscoMati_S14_97dead,PUR_IED_FranciscoMati_S14_97dead,,,,,
2026-09-12T05:11:05-05:00,PUR_IED_FranciscoPS_Ext_7bfa9a,PUR_IED_FranciscoPS_Ext_7bfa9a,3,20,59,4.5899,-74.110397
2026-09-12T05:11:05-05:00,PUR_IED_FranciscoPS_Infor_fb8f4c,PUR_IED_FranciscoPS_Infor_fb8f4c,,,,,
2026-09-12T05:11:05-05:00,PUR_IED_FranciscoPS_Quimi_94d39c,PUR_IED_FranciscoPS_Quimi_94d39c,,,,,
2026-09-12T05:11:05-05:00,PUR_IED_FranciscoP_LabQ_d7e148,PUR_IED_FranciscoP_LabQ_d7e148,,,,,
2026-09-12T05:11:05-05:00,PUR_IED_FranciscoP_S28_cf9b30,PUR_IED_FranciscoP_S28_cf9b30,,,,,
2026-09-12T05:11:05-05:00,PUR_IED_FranciscoP_ext_e2313,PUR_IED_FranciscoP_ext_e2313,,,,,
2026-09-12T05:11:05-05:00,PUR_IED_FriederichN_Ext_8ac92a,PUR_IED_FriederichN_Ext_8ac92a,,,,,
2026-09-12T05:11:05-05:00,PUR_IED_FriederichN_S301_dd7e5a,PUR_IED_FriederichN_S301_dd7e5a,,,,,
2026-09-12T05:11:05-05:00,PUR_IED_FriederichN_S308_761f4f,PUR_IED_FriederichN_S308_761f4f,,,,,
2026-09-12T05:11:05-05:00,PUR_IED_GSantander_Aula10_533dd7,PUR_IED_GSantander_Aula10_533dd7,,,,,
2026-09-12T05:11:05-05:00,PUR_IED_GSantander_Aula12_fd4e4f,PUR_IED_GSantander_Aula12_fd4e4f,,,,,
2026-09-12T05:11:05-05:00,PUR_IED_GSantander_Aula310_533dd7,PUR_IED_GSantander_Aula310_533dd7,,,,,
2026-09-12T05:11:05-05:00,PUR_IED_GSantander_Aula312_fd4e4f,PUR_IED_GSantander_Aula312_fd4e4f,,,,,
2026-09-12T05:11:05-05:00,PUR_IED_GSantander_Ext_5f66b0,PUR_IED_GSantander_Ext_5f66b0,,,,,
2026-09-12T05:11:05-05:00,PUR_IED_GYomasa_Ext_f6bea5,PUR_IED_GYomasa_Ext_f6bea5,,,,,
2026-09-12T05:11:05-05:00,PUR_IED_GYomasa_LBiol_2c41aa,PUR_IED_GYomasa_LBiol_2c41aa,,,,,
2026-09-12T05:11:05-05:00,PUR_IED_GYomasa_LQuim_33c80,PUR_IED_GYomasa_LQuim_33c80,,,,,
2026-09-12T05:11:05-05:00,PUR_IED_GabBetMejia_Cienc_5a99c,PUR_IED_GabBetMejia_Cienc_5a99c,,,,,
2026-09-12T05:11:05-05:00,PUR_IED_GabBetMejia_Ext_9153d0,PUR_IED_GabBetMejia_Ext_9153d0,,,,,
2026-09-12T05:11:05-05:00,PUR_IED_GabBetMejia_Lab_f55347,PUR_IED_GabBetMejia_Lab_f55347,,,,,
2026-09-12T05:11:05-05:00,PUR_IED_GabBetanMejia_Ext_9153d0,PUR_IED_GabBetanMejia_Ext_9153d0,,,,,
2026-09-12T05:11:05-05:00,PUR_IED_Gaitana_Aula13_7aac11,PUR_IED_Gaitana_Aula13_7aac11,,,,,
2026-09-12T05:11:05-05:00,PUR_IED_Gaitana_Ext_5fcf4,PUR_IED_Gaitana_Ext_5fcf4,,,,,
2026-09-12T05:11:05-05:00,PUR_IED_Gaitana_LabFisica_644448,PUR_IED_Gaitana_LabFisica_644448,,,,,
2026-09-12T05:11:05-05:00,PUR_IED_GenSantander_Dise_8ac858,PUR_IED_GenSantander_Dise_8ac858,,,,,
2026-09-12T05:11:05-05:00,PUR_IED_GenSantander_Ext_8d5dfe,PUR_IED_GenSantander_Ext_8d5dfe,,,,,
2026-09-12T05:11:05-05:00,PUR_IED_GenSantander_Info_6c25b,PUR_IED_GenSantander_Info_6c25b,,,,,
2026-09-12T05:11:05-05:00,PUR_IED_GustavoMo_Exterio_75e63d,PUR_IED_GustavoMo_Exterio_75e63d,,,,,
2026-09-12T05:11:05-05:00,PUR_IED_GustavoMo_LabFisi_224d37,PUR_IED_GustavoMo_LabFisi_224d37,,,,,
2026-09-12T05:11:05-05:00,PUR_IED_GustavoMo_S208_3e6918,PUR_IED_GustavoMo_S208_3e6918,,,,,
2026-09-12T05:11:05-05:00,PUR_IED_GustavoR_A02_8cd4a8,PUR_IED_GustavoR_A02_8cd4a8,,,,,
2026-09-12T05:11:05-05:00,PUR_IED_GustavoR_B11_5b0ed,PUR_IED_GustavoR_B11_5b0ed,,,,,
2026-09-12T05:11:05-05:00,PUR_IED_GustavoR_Ext_7a0c90,PUR_IED_GustavoR_Ext_7a0c90,,,,,
2026-09-12T05:11:05-05:00,PUR_IED_HernandoDuran_Ext_8cd82b,PUR_IED_HernandoDuran_Ext_8cd82b,,,,,
2026-09-12T05:11:05-05:00,PUR_IED_HernandoDuran_S24_2772c6,PUR_IED_HernandoDuran_S24_2772c6,,,,,
2026-09-12T05:11:05-05:00,PUR_IED_HernandoDuran_S30_f2de41,PUR_IED_HernandoDuran_S30_f2de41,,,,,
2026-09-12T05:11:05-05:00,PUR_IED_HolguInUr_S1101_8cd732,PUR_IED_HolguInUr_S1101_8cd732,,,,,
2026-09-12T05:11:05-05:00,PUR_IED_HolguinUr_Exter_ddae6d,PUR_IED_HolguinUr_Exter_ddae6d,,,,,
2026-09-12T05:11:05-05:00,PUR_IED_HolguinUr_LabQuim_92b952,PUR_IED_HolguinUr_LabQuim_92b952,,,,,
2026-09-12T05:11:05-05:00,PUR_IED_Isabel-II_Ext_5245cc,PUR_IED_Isabel-II_Ext_5245cc,8,18,60,4.6336,-74.153
2026-09-12T05:11:05-05:00,PUR_IED_Isabel-II_S_idiom_1c29aa,PUR_IED_Isabel-II_S_idiom_1c29aa,,,,,
2026-09-12T05:11:05-05:00,PUR_IED_Isabel-II_S_infor_fd741,PUR_IED_Isabel-II_S_infor_fd741,,,,,
2026-09-12T05:11:05-05:00,PUR_IED_IsidroSur_Exterio_5b90ea,PUR_IED_IsidroSur_Exterio_5b90ea,,,,,
2026-09-12T05:11:05-05:00,PUR_IED_IsidroSur_LabTec_56697a,PUR_IED_IsidroSur_LabTec_56697a,,,,,
2026-09-12T05:11:05-05:00,PUR_IED_IsidroSur_Robotic_b7c38f,PUR_IED_IsidroSur_Robotic_b7c38f,,,,,
2026-09-12T05:11:05-05:00,PUR_IED_IsmaelPerd_Ext_7b6672,PUR_IED_IsmaelPerd_Ext_7b6672,,,,,
2026-09-12T05:11:05-05:00,PUR_IED_IsmaelPerd_Inform_306540,PUR_IED_IsmaelPerd_Inform_306540,,,,,
2026-09-12T05:11:05-05:00,PUR_IED_IsmaelPerd_S30_2e2c83,PUR_IED_IsmaelPerd_S30_2e2c83,,,,,
2026-09-12T05:11:05-05:00,PUR_IED_JLozano_Exter_432910,PUR_IED_JLozano_Exter_432910,,,,,
2026-09-12T05:11:05-05:00,PUR_IED_JLozano_salaMulti_df5125,PUR_IED_JLozano_salaMulti_df5125,,,,,
2026-09-12T05:11:05-05:00,PUR_IED_JMCordoba_206_86f80b,PUR_IED_JMCordoba_206_86f80b,,,,,
2026-09-12T05:11:05-05:00,PUR_IED_JMCordoba_Ext_27ad97,PUR_IED_JMCordoba_Ext_27ad97,,,,,
2026-09-12T05:11:05-05:00,PUR_IED_JMCordoba_S310_d59ab4,PUR_IED_JMCordoba_S310_d59ab4,,,,,
2026-09-12T05:11:05-05:00,PUR_IED_Japon_Ext_549100,PUR_IED_Japon_Ext_549100,,,,,
2026-09-12T05:11:05-05:00,PUR_IED_Japon_Laboratorio_bec51d,PUR_IED_Japon_Laboratorio_bec51d,,,,,
2026-09-12T05:11:05-05:00,PUR_IED_Japon_informatica_d99327,PUR_IED_Japon_informatica_d99327,,,,,
2026-09-12T05:11:05-05:00,PUR_IED_Jazmin_Ext_d27bda,PUR_IED_Jazmin_Ext_d27bda,,,,,
2026-09-12T05:11:05-05:00,PUR_IED_Jazmin_Fisica_8d14d7,PUR_IED_Jazmin_Fisica_8d14d7,,,,,
2026-09-12T05:11:05-05:00,PUR_IED_Jazmin_Quimica_801cb5,PUR_IED_Jazmin_Quimica_801cb5,,,,,
2026-09-12T05:11:05-05:00,PUR_IED_JorgeGaitan_Exter_f098d1,PUR_IED_JorgeGaitan_Exter_f098d1,,,,,
2026-09-12T05:11:05-05:00,PUR_IED_JorgeGaitan_STec1_dc9d1d,PUR_IED_JorgeGaitan_STec1_dc9d1d,,,,,
2026-09-12T05:11:05-05:00,PUR_IED_JorgeGaitan_STec2_281e69,PUR_IED_JorgeGaitan_STec2_281e69,,,,,
2026-09-12T05:11:05-05:00,PUR_IED_JorgeSoto_Exterio_d9d0a2,PUR_IED_JorgeSoto_Exterio_d9d0a2,,,,,
2026-09-12T05:11:05-05:00,PUR_IED_JorgeSoto_LabFisi_209c54,PUR_IED_JorgeSoto_LabFisi_209c54,,,,,
2026-09-12T05:11:05-05:00,PUR_IED_JorgeSoto_S103_27b51a,PUR_IED_JorgeSoto_S103_27b51a,,,,,
2026-09-12T05:11:05-05:00,PUR_IED_JoseAcevedo_A02_e965eb,PUR_IED_JoseAcevedo_A02_e965eb,,,,,
2026-09-12T05:11:05-05:00,PUR_IED_JoseAcevedo_A07_dd5b4,PUR_IED_JoseAcevedo_A07_dd5b4,,,,,
2026-09-12T05:11:05-05:00,PUR_IED_JoseAcevedo_Ext_b47484,PUR_IED_JoseAcevedo_Ext_b47484,,,,,
2026-09-12T05:11:05-05:00,PUR_IED_JoseMarti_Exte_5b9bf,PUR_IED_JoseMarti_Exte_5b9bf,,,,,
2026-09-12T05:11:05-05:00,PUR_IED_JoseMarti_LabQuim_1c6c2d,PUR_IED_JoseMarti_LabQuim_1c6c2d,,,,,
2026-09-12T05:11:05-05:00,PUR_IED_JoseMarti_S_info_f5f177,PUR_IED_JoseMarti_S_info_f5f177,,,,,
2026-09-12T05:11:05-05:00,PUR_IED_Josejoaquin_Ext_dfc5dc,PUR_IED_Josejoaquin_Ext_dfc5dc,,,,,
2026-09-12T05:11:05-05:00,PUR_IED_Josejoaquin_S05_5b2a96,PUR_IED_Josejoaquin_S05_5b2a96,,,,,
2026-09-12T05:11:05-05:00,PUR_IED_Josejoaquin_S06_1ce7d2,PUR_IED_Josejoaquin_S06_1ce7d2,,,,,
2026-09-12T05:11:05-05:00,PUR_IED_JulioFlorez_Danza_9b82dd,PUR_IED_JulioFlorez_Danza_9b82dd,,,,,
2026-09-12T05:11:05-05:00,PUR_IED_JulioFlorez_Exter_f9f314,PUR_IED_JulioFlorez_Exter_f9f314,,,,,
2026-09-12T05:11:05-05:00,PUR_IED_JulioFlorez_info2_6b6e08,PUR_IED_JulioFlorez_info2_6b6e08,,,,,
2026-09-12T05:11:05-05:00,PUR_IED_LaBelleza_Aula13_1d00d8,PUR_IED_LaBelleza_Aula13_1d00d8,,,,,
2026-09-12T05:11:05-05:00,PUR_IED_LaBelleza_Ext_7bc08c,PUR_IED_LaBelleza_Ext_7bc08c,,,,,
2026-09-12T05:11:05-05:00,PUR_IED_LaChucua_Ext_8cd6d2,PUR_IED_LaChucua_Ext_8cd6d2,,,,,
2026-09-12T05:11:05-05:00,PUR_IED_LaChucua_S15_f578ce,PUR_IED_LaChucua_S15_f578ce,,,,,
2026-09-12T05:11:05-05:00,PUR_IED_LaChucua_S16_eebcf9,PUR_IED_LaChucua_S16_eebcf9,,,,,
2026-09-12T05:11:05-05:00,PUR_IED_LaFelicidad_Ext_fb5109,PUR_IED_LaFelicidad_Ext_fb5109,,,,,
2026-09-12T05:11:05-05:00,PUR_IED_LaMerced_206_66ebd,PUR_IED_LaMerced_206_66ebd,,,,,
2026-09-12T05:11:05-05:00,PUR_IED_LaMerced_207_6ebd6,PUR_IED_LaMerced_207_6ebd6,,,,,
2026-09-12T05:11:05-05:00,PUR_IED_LaMerced_ext_304311,PUR_IED_LaMerced_ext_304311,,,,,
2026-09-12T05:11:05-05:00,PUR_IED_Laureano_CiencNat_281e5e,PUR_IED_Laureano_CiencNat_281e5e,,,,,
2026-09-12T05:11:05-05:00,PUR_IED_Laureano_Comedor_f65c0a,PUR_IED_Laureano_Comedor_f65c0a,,,,,
2026-09-12T05:11:05-05:00,PUR_IED_Laureano_Exterior_7ab011,PUR_IED_Laureano_Exterior_7ab011,,,,,
2026-09-12T05:11:05-05:00,PUR_IED_LeonGreiff_Exte_dfe560,PUR_IED_LeonGreiff_Exte_dfe560,,,,,
2026-09-12T05:11:05-05:00,PUR_IED_LeonGreiff_S210_f264ed,PUR_IED_LeonGreiff_S210_f264ed,,,,,
2026-09-12T05:11:05-05:00,PUR_IED_LeonGreiff_SQuimi_e8296f,PUR_IED_LeonGreiff_SQuimi_e8296f,,,,,
2026-09-12T05:11:05-05:00,PUR_IED_LlanoOrientalS208_7b9fcd,PUR_IED_LlanoOrientalS208_7b9fcd,,,,,
2026-09-12T05:11:05-05:00,PUR_IED_LlanoOriental_Ext_fb3766,PUR_IED_LlanoOriental_Ext_fb3766,,,,,
2026-09-12T05:11:05-05:00,PUR_IED_LlanoOriental_S208_7b9fcd,PUR_IED_LlanoOriental_S208_7b9fcd,,,,,
2026-09-12T05:11:05-05:00,PUR_IED_LlanoOriental_S9_27b378,PUR_IED_LlanoOriental_S9_27b378,,,,,
2026-09-12T05:11:05-05:00,PUR_IED_LosTejares_1101_477602,PUR_IED_LosTejares_1101_477602,,,,,
2026-09-12T05:11:05-05:00,PUR_IED_LosTejares_11_d2c595,PUR_IED_LosTejares_11_d2c595,,,,,
2026-09-12T05:11:05-05:00,PUR_IED_LosTejares_12_477602,PUR_IED_LosTejares_12_477602,,,,,
2026-09-12T05:11:05-05:00,PUR_IED_LosTejares_Ext_8e2115,PUR_IED_LosTejares_Ext_8e2115,,,,,
2026-09-12T05:11:05-05:00,PUR_IED_MagdalenaO_B202_5ddda3,PUR_IED_MagdalenaO_B202_5ddda3,,,,,
2026-09-12T05:11:05-05:00,PUR_IED_MagdalenaO_B205_fb76e8,PUR_IED_MagdalenaO_B205_fb76e8,,,,,
2026-09-12T05:11:05-05:00,PUR_IED_MagdalenaO_ext_dc69cd,PUR_IED_MagdalenaO_ext_dc69cd,,,,,
2026-09-12T05:11:05-05:00,PUR_IED_ManueCepeda_artes_eee956,PUR_IED_ManueCepeda_artes_eee956,,,,,
2026-09-12T05:11:05-05:00,PUR_IED_ManuelCepeda_Ext_58313,PUR_IED_ManuelCepeda_Ext_58313,,,,,
2026-09-12T05:11:05-05:00,PUR_IED_ManuelCepeda_tec_1c5731,PUR_IED_ManuelCepeda_tec_1c5731,,,,,
2026-09-12T05:11:05-05:00,PUR_IED_ManuelS_Exterior_5b269,PUR_IED_ManuelS_Exterior_5b269,,,,,
2026-09-12T05:11:05-05:00,PUR_IED_ManuelS_Inform_f369ce,PUR_IED_ManuelS_Inform_f369ce,,,,,
2026-09-12T05:11:05-05:00,PUR_IED_ManuelS_SArtes_7d15f1,PUR_IED_ManuelS_SArtes_7d15f1,,,,,
2026-09-12T05:11:05-05:00,PUR_IED_ManuelZapata_303_3ca6,PUR_IED_ManuelZapata_303_3ca6,,,,,
2026-09-12T05:11:05-05:00,PUR_IED_ManuelZapata_311_bfbabc,PUR_IED_ManuelZapata_311_bfbabc,,,,,
2026-09-12T05:11:05-05:00,PUR_IED_ManuelZapata_Ext_50824a,PUR_IED_ManuelZapata_Ext_50824a,,,,,
2026-09-12T05:11:05-05:00,PUR_IED_ManuelitaS_Exteri_656a92,PUR_IED_ManuelitaS_Exteri_656a92,,,,,
2026-09-12T05:11:05-05:00,PUR_IED_ManuelitaS_JuzgDe_f58ec3,PUR_IED_ManuelitaS_JuzgDe_f58ec3,,,,,
2026-09-12T05:11:05-05:00,PUR_IED_ManuelitaS_Recrea_d793db,PUR_IED_ManuelitaS_Recrea_d793db,,,,,
2026-09-12T05:11:05-05:00,PUR_IED_MarFidSuarez_Ext_c27b19,PUR_IED_MarFidSuarez_Ext_c27b19,,,,,
2026-09-12T05:11:05-05:00,PUR_IED_MarFidSuarez_Info_e384d7,PUR_IED_MarFidSuarez_Info_e384d7,,,,,
2026-09-12T05:11:05-05:00,PUR_IED_MarFidSuarez_S306_1d0032,PUR_IED_MarFidSuarez_S306_1d0032,,,,,
2026-09-12T05:11:05-05:00,PUR_IED_Menorah_301_2a25a3,PUR_IED_Menorah_301_2a25a3,,,,,
2026-09-12T05:11:05-05:00,PUR_IED_Menorah_306_37ed3,PUR_IED_Menorah_306_37ed3,,,,,
2026-09-12T05:11:05-05:00,PUR_IED_Menorah_Ext_3e155b,PUR_IED_Menorah_Ext_3e155b,,,,,
2026-09-12T05:11:05-05:00,PUR_IED_MinutoB.Aires_A11_1b1604,PUR_IED_MinutoB.Aires_A11_1b1604,,,,,
2026-09-12T05:11:05-05:00,PUR_IED_MinutoB.Aires_A12_fb5860,PUR_IED_MinutoB.Aires_A12_fb5860,,,,,
2026-09-12T05:11:05-05:00,PUR_IED_MinutoB.Aires_Ext_81293f,PUR_IED_MinutoB.Aires_Ext_81293f,,,,,
2026-09-12T05:11:05-05:00,PUR_IED_MinutoBAires_A11_1b1604,PUR_IED_MinutoBAires_A11_1b1604,,,,,
2026-09-12T05:11:05-05:00,PUR_IED_MinutoBAires_A12_fb5860,PUR_IED_MinutoBAires_A12_fb5860,,,,,
2026-09-12T05:11:05-05:00,PUR_IED_MinutoBAires_Ext_81293f,PUR_IED_MinutoBAires_Ext_81293f,,,,,
2026-09-12T05:11:05-05:00,PUR_IED_Montreal_Aula10_1e4959,PUR_IED_Montreal_Aula10_1e4959,,,,,
2026-09-12T05:11:05-05:00,PUR_IED_Montreal_Aula6_300367,PUR_IED_Montreal_Aula6_300367,,,,,
2026-09-12T05:11:05-05:00,PUR_IED_Montreal_Exterior_91a179,PUR_IED_Montreal_Exterior_91a179,,,,,
2026-09-12T05:11:05-05:00,PUR_IED_Mqgdalena_B202_5ddda3,PUR_IED_Mqgdalena_B202_5ddda3,,,,,
2026-09-12T05:11:05-05:00,PUR_IED_NACUND_Soc_dc8728,PUR_IED_NACUND_Soc_dc8728,,,,,
2026-09-12T05:11:05-05:00,PUR_IED_NACUND_ext_27ad97,PUR_IED_NACUND_ext_27ad97,,,,,
2026-09-12T05:11:05-05:00,PUR_IED_NEsperanza_Ext_d24b61,PUR_IED_NEsperanza_Ext_d24b61,,,,,
2026-09-12T05:11:05-05:00,PUR_IED_NEsperanza_SElect_7d1807,PUR_IED_NEsperanza_SElect_7d1807,,,,,
2026-09-12T05:11:05-05:00,PUR_IED_NEsperanza_SLabor_8b2d0a,PUR_IED_NEsperanza_SLabor_8b2d0a,,,,,
2026-09-12T05:11:05-05:00,PUR_IED_NacionesU_Ext_f661a9,PUR_IED_NacionesU_Ext_f661a9,,,,,
2026-09-12T05:11:05-05:00,PUR_IED_NacionesU_Quimica_66f0a,PUR_IED_NacionesU_Quimica_66f0a,,,,,
2026-09-12T05:11:05-05:00,PUR_IED_NacionesU_S306_1b4b3d,PUR_IED_NacionesU_S306_1b4b3d,,,,,
2026-09-12T05:11:05-05:00,PUR_IED_NestorFA_Ext_e4201c,PUR_IED_NestorFA_Ext_e4201c,,,,,
2026-09-12T05:11:05-05:00,PUR_IED_NestorFA_Laborato_f22fe0,PUR_IED_NestorFA_Laborato_f22fe0,,,,,
2026-09-12T05:11:05-05:00,PUR_IED_NestorFA_S204_dee996,PUR_IED_NestorFA_S204_dee996,,,,,
2026-09-12T05:11:05-05:00,PUR_IED_NidyaQT_Aula03_76999b,PUR_IED_NidyaQT_Aula03_76999b,,,,,
2026-09-12T05:11:05-05:00,PUR_IED_NidyaQT_Aula10_56325,PUR_IED_NidyaQT_Aula10_56325,,,,,
2026-09-12T05:11:05-05:00,PUR_IED_NidyaQT_Ext_46e32d,PUR_IED_NidyaQT_Ext_46e32d,,,,,
2026-09-12T05:11:05-05:00,PUR_IED_NuevaCol_Exterior_d9b859,PUR_IED_NuevaCol_Exterior_d9b859,,,,,
2026-09-12T05:11:05-05:00,PUR_IED_NuevaCol_S1101_76c43b,PUR_IED_NuevaCol_S1101_76c43b,,,,,
2026-09-12T05:11:05-05:00,PUR_IED_NuevaCol_S1102_1ce0b5,PUR_IED_NuevaCol_S1102_1ce0b5,,,,,
2026-09-12T05:11:05-05:00,PUR_IED_OEA_A202_f7e3f2,PUR_IED_OEA_A202_f7e3f2,,,,,
2026-09-12T05:11:05-05:00,PUR_IED_OEA_A203_7d1b8d,PUR_IED_OEA_A203_7d1b8d,,,,,
2026-09-12T05:11:05-05:00,PUR_IED_OEA_Ext_27b593,PUR_IED_OEA_Ext_27b593,,,,,
2026-09-12T05:11:05-05:00,PUR_IED_Ochoa_Ext_1c29da,PUR_IED_Ochoa_Ext_1c29da,,,,,
2026-09-12T05:11:05-05:00,PUR_IED_Ochoa_S205_8b1121,PUR_IED_Ochoa_S205_8b1121,,,,,
2026-09-12T05:11:05-05:00,PUR_IED_Ochoa_Sistemas_f33af6,PUR_IED_Ochoa_Sistemas_f33af6,,,,,
2026-09-12T05:11:05-05:00,PUR_IED_PQuebec_Ext_1c67c7,PUR_IED_PQuebec_Ext_1c67c7,,,,,
2026-09-12T05:11:05-05:00,PUR_IED_PQuebec_S15_23e8e2,PUR_IED_PQuebec_S15_23e8e2,,,,,
2026-09-12T05:11:05-05:00,PUR_IED_PQuebec_S16_8ec76b,PUR_IED_PQuebec_S16_8ec76b,,,,,
2026-09-12T05:11:05-05:00,PUR_IED_PabloN_Ext_49dc96,PUR_IED_PabloN_Ext_49dc96,,,,,
2026-09-12T05:11:05-05:00,PUR_IED_PabloN_S1102_4e3df5,PUR_IED_PabloN_S1102_4e3df5,,,,,
2026-09-12T05:11:05-05:00,PUR_IED_PabloN_S1103_50c94b,PUR_IED_PabloN_S1103_50c94b,,,,,
2026-09-12T05:11:05-05:00,PUR_IED_Palestina_S1101_db9198,PUR_IED_Palestina_S1101_db9198,,,,,
2026-09-12T05:11:05-05:00,PUR_IED_Palestina_S1102_dc54fa,PUR_IED_Palestina_S1102_dc54fa,,,,,
2026-09-12T05:11:05-05:00,PUR_IED_Palestina_ext_4ccce6,PUR_IED_Palestina_ext_4ccce6,,,,,
2026-09-12T05:11:05-05:00,PUR_IED_Panama_Fisica_4d0794,PUR_IED_Panama_Fisica_4d0794,,,,,
2026-09-12T05:11:05-05:00,PUR_IED_Panama_SIngles_a4077e,PUR_IED_Panama_SIngles_a4077e,,,,,
2026-09-12T05:11:05-05:00,PUR_IED_Panama_ext_4c54b4,PUR_IED_Panama_ext_4c54b4,,,,,
2026-09-12T05:11:05-05:00,PUR_IED_ParaisoM_Exterior_8cd7f0,PUR_IED_ParaisoM_Exterior_8cd7f0,,,,,
2026-09-12T05:11:05-05:00,PUR_IED_ParaisoM_Laborato_27af35,PUR_IED_ParaisoM_Laborato_27af35,,,,,
2026-09-12T05:11:05-05:00,PUR_IED_ParaisoM_S304_d1edca,PUR_IED_ParaisoM_S304_d1edca,,,,,
2026-09-12T05:11:05-05:00,PUR_IED_PorfirioBarba_Ext_301466,PUR_IED_PorfirioBarba_Ext_301466,,,,,
2026-09-12T05:11:05-05:00,PUR_IED_PorfirioBarba_S11_df6cd2,PUR_IED_PorfirioBarba_S11_df6cd2,,,,,
2026-09-12T05:11:05-05:00,PUR_IED_PorfirioBarba_S29_27a7d6,PUR_IED_PorfirioBarba_S29_27a7d6,,,,,
2026-09-12T05:11:05-05:00,PUR_IED_PradoV_Exter_8b27ad,PUR_IED_PradoV_Exter_8b27ad,,,,,
2026-09-12T05:11:05-05:00,PUR_IED_PradoV_S301_de65b5,PUR_IED_PradoV_S301_de65b5,,,,,
2026-09-12T05:11:05-05:00,PUR_IED_PradoV_S302_7d2593,PUR_IED_PradoV_S302_7d2593,,,,,
2026-09-12T05:11:05-05:00,PUR_IED_QuirogaAlz_Ext_1ddc82,PUR_IED_QuirogaAlz_Ext_1ddc82,,,,,
2026-09-12T05:11:05-05:00,PUR_IED_QuirogaAlz_S302_9926a3,PUR_IED_QuirogaAlz_S302_9926a3,,,,,
2026-09-12T05:11:05-05:00,PUR_IED_QuirogaAlz_S305_cdf1f1,PUR_IED_QuirogaAlz_S305_cdf1f1,,,,,
2026-09-12T05:11:05-05:00,PUR_IED_RGuatemala_Biling_dc53b7,PUR_IED_RGuatemala_Biling_dc53b7,,,,,
2026-09-12T05:11:05-05:00,PUR_IED_RGuatemala_Ext_1b89a3,PUR_IED_RGuatemala_Ext_1b89a3,,,,,
2026-09-12T05:11:05-05:00,PUR_IED_RGuatemala_Tecnol_281a34,PUR_IED_RGuatemala_Tecnol_281a34,,,,,
2026-09-12T05:11:05-05:00,PUR_IED_RafaNu_Ext_f7c302,PUR_IED_RafaNu_Ext_f7c302,,,,,
2026-09-12T05:11:05-05:00,PUR_IED_RafaNu_S1101_25fde,PUR_IED_RafaNu_S1101_25fde,,,,,
2026-09-12T05:11:05-05:00,PUR_IED_RafaNu_S1102_281517,PUR_IED_RafaNu_S1102_281517,,,,,
2026-09-12T05:11:05-05:00,PUR_IED_RafaelB_S305_ee2783,PUR_IED_RafaelB_S305_ee2783,,,,,
2026-09-12T05:11:05-05:00,PUR_IED_RafaelB_S306_75fe33,PUR_IED_RafaelB_S306_75fe33,,,,,
2026-09-12T05:11:05-05:00,PUR_IED_RafaelB_ext_283336,PUR_IED_RafaelB_ext_283336,3,18,63,4.6722,-74.0737
2026-09-12T05:11:05-05:00,PUR_IED_RafaelUU_Exterior_281a51,PUR_IED_RafaelUU_Exterior_281a51,,,,,
2026-09-12T05:11:05-05:00,PUR_IED_RafaelUU_Human_806b2,PUR_IED_RafaelUU_Human_806b2,,,,,
2026-09-12T05:11:05-05:00,PUR_IED_RafaelUU_Mate2_5680d4,PUR_IED_RafaelUU_Mate2_5680d4,,,,,
2026-09-12T05:11:05-05:00,PUR_IED_RamonSub_Ext_f9eeb9,PUR_IED_RamonSub_Ext_f9eeb9,,,,,
2026-09-12T05:11:05-05:00,PUR_IED_RamonSub_Media_d1f62f,PUR_IED_RamonSub_Media_d1f62f,,,,,
2026-09-12T05:11:05-05:00,PUR_IED_RamonSub_planta_51b82,PUR_IED_RamonSub_planta_51b82,,,,,
2026-09-12T05:11:05-05:00,PUR_IED_RepBoliVene_Exter_27af7c,PUR_IED_RepBoliVene_Exter_27af7c,,,,,
2026-09-12T05:11:05-05:00,PUR_IED_RepBoliVene_SCPT_5ae2ee,PUR_IED_RepBoliVene_SCPT_5ae2ee,,,,,
2026-09-12T05:11:05-05:00,PUR_IED_RepBoliVene_Socia_4b11d5,PUR_IED_RepBoliVene_Socia_4b11d5,,,,,
2026-09-12T05:11:05-05:00,PUR_IED_RepChina_Ext_76d9ee,PUR_IED_RepChina_Ext_76d9ee,,,,,
2026-09-12T05:11:05-05:00,PUR_IED_RepChina_S404_7c804c,PUR_IED_RepChina_S404_7c804c,,,,,
2026-09-12T05:11:05-05:00,PUR_IED_RepChina_S405_df2c33,PUR_IED_RepChina_S405_df2c33,,,,,
2026-09-12T05:11:05-05:00,PUR_IED_RepublicaC_Exteri_7d1ec9,PUR_IED_RepublicaC_Exteri_7d1ec9,,,,,
2026-09-12T05:11:05-05:00,PUR_IED_RepublicaC_S1101_f544b3,PUR_IED_RepublicaC_S1101_f544b3,,,,,
2026-09-12T05:11:05-05:00,PUR_IED_RepublicaC_S1102_7aafc7,PUR_IED_RepublicaC_S1102_7aafc7,,,,,
2026-09-12T05:11:05-05:00,PUR_IED_Ricaurte_Externo_a0ea1,PUR_IED_Ricaurte_Externo_a0ea1,,,,,
2026-09-12T05:11:05-05:00,PUR_IED_Ricaurte_S210_f546fd,PUR_IED_Ricaurte_S210_f546fd,,,,,
2026-09-12T05:11:05-05:00,PUR_IED_Ricaurte_S309_d4452,PUR_IED_Ricaurte_S309_d4452,,,,,
2026-09-12T05:11:05-05:00,PUR_IED_RogelioS_1102_531e69,PUR_IED_RogelioS_1102_531e69,,,,,
2026-09-12T05:11:05-05:00,PUR_IED_RogelioS_Ext_f25a18,PUR_IED_RogelioS_Ext_f25a18,,,,,
2026-09-12T05:11:05-05:00,PUR_IED_SBernardino_Ext_27aff8,PUR_IED_SBernardino_Ext_27aff8,,,,,
2026-09-12T05:11:05-05:00,PUR_IED_SBernardino_SArte_2ffd33,PUR_IED_SBernardino_SArte_2ffd33,,,,,
2026-09-12T05:11:05-05:00,PUR_IED_SBernardino_SIngl_7c7da5,PUR_IED_SBernardino_SIngl_7c7da5,,,,,
2026-09-12T05:11:05-05:00,PUR_IED_Sago_auditorio_dc9d1d,PUR_IED_Sago_auditorio_dc9d1d,,,,,
2026-09-12T05:11:05-05:00,PUR_IED_Saludcoop_Ext_95aac3,PUR_IED_Saludcoop_Ext_95aac3,,,,,
2026-09-12T05:11:05-05:00,PUR_IED_Saludcoop_InfI_90c854,PUR_IED_Saludcoop_InfI_90c854,,,,,
2026-09-12T05:11:05-05:00,PUR_IED_Saludcoop_SMedia_1b93be,PUR_IED_Saludcoop_SMedia_1b93be,,,,,
2026-09-12T05:11:05-05:00,PUR_IED_SanCarlos_1101_1a2360,PUR_IED_SanCarlos_1101_1a2360,,,,,
2026-09-12T05:11:05-05:00,PUR_IED_SanCarlos_1103_7bafb5,PUR_IED_SanCarlos_1103_7bafb5,,,,,
2026-09-12T05:11:05-05:00,PUR_IED_SanCarlos_Ext_b7cd1,PUR_IED_SanCarlos_Ext_b7cd1,,,,,
2026-09-12T05:11:05-05:00,PUR_IED_SanIgnacioBosa11a_50c26e,PUR_IED_SanIgnacioBosa11a_50c26e,,,,,
2026-09-12T05:11:05-05:00,PUR_IED_SanIgnacioBosa11b_371de8,PUR_IED_SanIgnacioBosa11b_371de8,,,,,
2026-09-12T05:11:05-05:00,PUR_IED_SanIgnacioBosaExt_ef0ffc,PUR_IED_SanIgnacioBosaExt_ef0ffc,,,,,
2026-09-12T05:11:05-05:00,PUR_IED_SanIgnacioBosa_11a_50c26e,PUR_IED_SanIgnacioBosa_11a_50c26e,,,,,
2026-09-12T05:11:05-05:00,PUR_IED_SanIgnacioBosa_Ext_ef0ffc,PUR_IED_SanIgnacioBosa_Ext_ef0ffc,,,,,
2026-09-12T05:11:05-05:00,PUR_IED_SanJoseN_intS1101_31c47f,PUR_IED_SanJoseN_intS1101_31c47f,,,,,
2026-09-12T05:11:05-05:00,PUR_IED_SanJoseUsm_Exter_f5d7e8,PUR_IED_SanJoseUsm_Exter_f5d7e8,,,,,
2026-09-12T05:11:05-05:00,PUR_IED_SanJoseUsm_Int11A_cfdef6,PUR_IED_SanJoseUsm_Int11A_cfdef6,,,,,
2026-09-12T05:11:05-05:00,PUR_IED_SilveriaR_IntB5_905349,PUR_IED_SilveriaR_IntB5_905349,,,,,
2026-09-12T05:11:05-05:00,PUR_IED_SilveriaR_IntSD14_981f93,PUR_IED_SilveriaR_IntSD14_981f93,,,,,
2026-09-12T05:11:05-05:00,PUR_IED_SilveriaR_ext_2b651d,PUR_IED_SilveriaR_ext_2b651d,,,,,
2026-09-12T05:11:05-05:00,PUR_IED_SimonB_Exterior_913975,PUR_IED_SimonB_Exterior_913975,,,,,
2026-09-12T05:11:05-05:00,PUR_IED_SimonB_LabQuimi_c56908,PUR_IED_SimonB_LabQuimi_c56908,,,,,
2026-09-12T05:11:05-05:00,PUR_IED_SimonB_informatic_a28c1,PUR_IED_SimonB_informatic_a28c1,,,,,
2026-09-12T05:11:05-05:00,PUR_IED_Sorrento_1102_315f50,PUR_IED_Sorrento_1102_315f50,,,,,
2026-09-12T05:11:05-05:00,PUR_IED_Sorrento_Minte_214eab,PUR_IED_Sorrento_Minte_214eab,,,,,
2026-09-12T05:11:05-05:00,PUR_IED_Sorrento_ext_7c3a0a,PUR_IED_Sorrento_ext_7c3a0a,,,,,
2026-09-12T05:11:05-05:00,PUR_IED_Tabora_Ext_f048ae,PUR_IED_Tabora_Ext_f048ae,,,,,
2026-09-12T05:11:05-05:00,PUR_IED_Tabora_S1102_b07752,PUR_IED_Tabora_S1102_b07752,,,,,
2026-09-12T05:11:05-05:00,PUR_IED_Tabora_S1103_d988f5,PUR_IED_Tabora_S1103_d988f5,,,,,
2026-09-12T05:11:05-05:00,PUR_IED_Tenerife_Ext_1ab188,PUR_IED_Tenerife_Ext_1ab188,,,,,
2026-09-12T05:11:05-05:00,PUR_IED_Tenerife_SDanzas_7bc02e,PUR_IED_Tenerife_SDanzas_7bc02e,,,,,
2026-09-12T05:11:05-05:00,PUR_IED_Tenerife_SIngles_7cc277,PUR_IED_Tenerife_SIngles_7cc277,,,,,
2026-09-12T05:11:05-05:00,PUR_IED_Tibabuyes_Exter_f2683d,PUR_IED_Tibabuyes_Exter_f2683d,,,,,
2026-09-12T05:11:05-05:00,PUR_IED_Tibabuyes_S10_dc87a8,PUR_IED_Tibabuyes_S10_dc87a8,,,,,
2026-09-12T05:11:05-05:00,PUR_IED_Tibabuyes_S15_dc0526,PUR_IED_Tibabuyes_S15_dc0526,,,,,
2026-09-12T05:11:05-05:00,PUR_IED_UnionE_S301_a1043,PUR_IED_UnionE_S301_a1043,,,,,
2026-09-12T05:11:05-05:00,PUR_IED_UnionE_S307_ff6c2f,PUR_IED_UnionE_S307_ff6c2f,,,,,
2026-09-12T05:11:05-05:00,PUR_IED_UnionE__Ext_5e2468,PUR_IED_UnionE__Ext_5e2468,,,,,
2026-09-12T05:11:05-05:00,PUR_IED_VillaRica_Ext_75be7c,PUR_IED_VillaRica_Ext_75be7c,,,,,
2026-09-12T05:11:05-05:00,PUR_IED_VillaRica_S4_cc5dcd,PUR_IED_VillaRica_S4_cc5dcd,,,,,
2026-09-12T05:11:05-05:00,PUR_IED_VillaRica_Sesp_99f5c,PUR_IED_VillaRica_Sesp_99f5c,,,,,
2026-09-12T05:16:10-05:00,PUR_IED_20deJulio_1101_91b1b9,PUR_IED_20deJulio_1101_91b1b9,,,,,
2026-09-12T05:16:10-05:00,PUR_IED_20deJulio_1102_1cfcf9,PUR_IED_20deJulio_1102_1cfcf9,,,,,
2026-09-12T05:16:10-05:00,PUR_IED_20deJulio_Ext_ab60bd,PUR_IED_20deJulio_Ext_ab60bd,,,,,
2026-09-12T05:16:10-05:00,PUR_IED_AgustinFer_Ext_7b9b77,PUR_IED_AgustinFer_Ext_7b9b77,,,,,
2026-09-12T05:16:10-05:00,PUR_IED_AgustinFer_Info2_27b3a7,PUR_IED_AgustinFer_Info2_27b3a7,,,,,
2026-09-12T05:16:10-05:00,PUR_IED_AgustinFer_Sena_54b4eb,PUR_IED_AgustinFer_Sena_54b4eb,,,,,
2026-09-12T05:16:10-05:00,PUR_IED_AlexanderF_1102_caf07b,PUR_IED_AlexanderF_1102_caf07b,,,,,
2026-09-12T05:16:10-05:00,PUR_IED_AlexanderF_1103_c79e71,PUR_IED_AlexanderF_1103_c79e71,,,,,
2026-09-12T05:16:10-05:00,PUR_IED_AlexanderF_Ext_c5b18b,PUR_IED_AlexanderF_Ext_c5b18b,,,,,
2026-09-12T05:16:10-05:00,PUR_IED_AlfonsoLopez_Ext_281d77,PUR_IED_AlfonsoLopez_Ext_281d77,,,,,
2026-09-12T05:16:10-05:00,PUR_IED_AlfonsoLopez_LabF_888ce0,PUR_IED_AlfonsoLopez_LabF_888ce0,,,,,
2026-09-12T05:16:10-05:00,PUR_IED_AlfonsoLopez_SMed_df6a7f,PUR_IED_AlfonsoLopez_SMed_df6a7f,,,,,
2026-09-12T05:16:10-05:00,PUR_IED_AltamiraSO_A2_209f92,PUR_IED_AltamiraSO_A2_209f92,,,,,
2026-09-12T05:16:10-05:00,PUR_IED_AltamiraSO_Ext_186d66,PUR_IED_AltamiraSO_Ext_186d66,,,,,
2026-09-12T05:16:10-05:00,PUR_IED_AltamiraSO_Sistem_27afe1,PUR_IED_AltamiraSO_Sistem_27afe1,,,,,
2026-09-12T05:16:10-05:00,PUR_IED_AlvaroGom_LabQuim_813179,PUR_IED_AlvaroGom_LabQuim_813179,,,,,
2026-09-12T05:16:10-05:00,PUR_IED_AlvaroGomez_Ext_47c7ca,PUR_IED_AlvaroGomez_Ext_47c7ca,,,,,
2026-09-12T05:16:10-05:00,PUR_IED_AlvaroGomez_LabQuim_813179,PUR_IED_AlvaroGomez_LabQuim_813179,,,,,
2026-09-12T05:16:10-05:00,PUR_IED_AlvaroGomez_S23_7ba89f,PUR_IED_AlvaroGomez_S23_7ba89f,,,,,
2026-09-12T05:16:10-05:00,PUR_IED_Amistad_306_dc8728,PUR_IED_Amistad_306_dc8728,,,,,
2026-09-12T05:16:10-05:00,PUR_IED_Amistad_Ext_8cd55e,PUR_IED_Amistad_Ext_8cd55e,,,,,
2026-09-12T05:16:10-05:00,PUR_IED_Amistad_S202_a41169,PUR_IED_Amistad_S202_a41169,,,,,
2026-09-12T05:16:10-05:00,PUR_IED_AndresBello_Bio_fd5f5e,PUR_IED_AndresBello_Bio_fd5f5e,,,,,
2026-09-12T05:16:10-05:00,PUR_IED_AndresBello_ext_dcad65,PUR_IED_AndresBello_ext_dcad65,,,,,
2026-09-12T05:16:10-05:00,PUR_IED_AndresBello_port_eed3ec,PUR_IED_AndresBello_port_eed3ec,,,,,
2026-09-12T05:16:10-05:00,PUR_IED_AngelaR_11b_d90a6b,PUR_IED_AngelaR_11b_d90a6b,,,,,
2026-09-12T05:16:10-05:00,PUR_IED_AngelaR_ext_7cad3e,PUR_IED_AngelaR_ext_7cad3e,5,18,64,4.5825,-74.164497
2026-09-12T05:16:10-05:00,PUR_IED_AntJoseSucre_10mo_df2575,PUR_IED_AntJoseSucre_10mo_df2575,,,,,
2026-09-12T05:16:10-05:00,PUR_IED_AntJoseSucre_Ext_215b36,PUR_IED_AntJoseSucre_Ext_215b36,,,,,
2026-09-12T05:16:10-05:00,PUR_IED_AntJoseSucre_Lab_3139de,PUR_IED_AntJoseSucre_Lab_3139de,,,,,
2026-09-12T05:16:10-05:00,PUR_IED_AntonioGarcia_301_d6b188,PUR_IED_AntonioGarcia_301_d6b188,,,,,
2026-09-12T05:16:10-05:00,PUR_IED_AntonioGarcia_302_88a82,PUR_IED_AntonioGarcia_302_88a82,,,,,
2026-09-12T05:16:10-05:00,PUR_IED_AntonioGarcia_Ext_20950c,PUR_IED_AntonioGarcia_Ext_20950c,,,,,
2026-09-12T05:16:10-05:00,PUR_IED_AntonioVan_Aula2_6dea02,PUR_IED_AntonioVan_Aula2_6dea02,,,,,
2026-09-12T05:16:10-05:00,PUR_IED_AntonioVan_Aula5_f1557e,PUR_IED_AntonioVan_Aula5_f1557e,,,,,
2026-09-12T05:16:10-05:00,PUR_IED_AntonioVan_Ext_406f2f,PUR_IED_AntonioVan_Ext_406f2f,,,,,
2026-09-12T05:16:10-05:00,PUR_IED_Atabanzha_Ext_cc5af9,PUR_IED_Atabanzha_Ext_cc5af9,,,,,
2026-09-12T05:16:10-05:00,PUR_IED_Atabanzha_SA101_56c37,PUR_IED_Atabanzha_SA101_56c37,,,,,
2026-09-12T05:16:10-05:00,PUR_IED_Atabanzha_SB302_27b374,PUR_IED_Atabanzha_SB302_27b374,,,,,
2026-09-12T05:16:10-05:00,PUR_IED_Atahualpa_Ext_fc1748,PUR_IED_Atahualpa_Ext_fc1748,,,,,
2026-09-12T05:16:10-05:00,PUR_IED_Atahualpa_Informa_dc9a95,PUR_IED_Atahualpa_Informa_dc9a95,,,,,
2026-09-12T05:16:10-05:00,PUR_IED_Atahualpa_S1101_f98056,PUR_IED_Atahualpa_S1101_f98056,,,,,
2026-09-12T05:16:10-05:00,PUR_IED_Bellavista_Ext_f5aa74,PUR_IED_Bellavista_Ext_f5aa74,,,,,
2026-09-12T05:16:10-05:00,PUR_IED_Bilbao_11A_916c41,PUR_IED_Bilbao_11A_916c41,,,,,
2026-09-12T05:16:10-05:00,PUR_IED_Bilbao_Ext_fb579a,PUR_IED_Bilbao_Ext_fb579a,,,,,
2026-09-12T05:16:10-05:00,PUR_IED_BrasiliaU_A125_304280,PUR_IED_BrasiliaU_A125_304280,,,,,
2026-09-12T05:16:10-05:00,PUR_IED_BrasiliaU_A203_7c8ca5,PUR_IED_BrasiliaU_A203_7c8ca5,,,,,
2026-09-12T05:16:10-05:00,PUR_IED_BrasiliaU_Ext_8d6e9f,PUR_IED_BrasiliaU_Ext_8d6e9f,5,16,66,4.5175,-74.116302
2026-09-12T05:16:10-05:00,PUR_IED_Brasilia_Ext_fe6593,PUR_IED_Brasilia_Ext_fe6593,,,,,
2026-09-12T05:16:10-05:00,PUR_IED_Brasilia_S24_7c130d,PUR_IED_Brasilia_S24_7c130d,,,,,
2026-09-12T05:16:10-05:00,PUR_IED_Brasilia_S501_186a54,PUR_IED_Brasilia_S501_186a54,,,,,
2026-09-12T05:16:10-05:00,PUR_IED_CHARRY_EXT_f1d5cd,PUR_IED_CHARRY_EXT_f1d5cd,,,,,
2026-09-12T05:16:10-05:00,PUR_IED_CHARRY_INTDANZAS_7a08e6,PUR_IED_CHARRY_INTDANZAS_7a08e6,,,,,
2026-09-12T05:16:10-05:00,PUR_IED_CHARRY_INT_AULA20_dc998d,PUR_IED_CHARRY_INT_AULA20_dc998d,,,,,
2026-09-12T05:16:10-05:00,PUR_IED_COLVIV_1101_S25_7f520a,PUR_IED_COLVIV_1101_S25_7f520a,,,,,
2026-09-12T05:16:10-05:00,PUR_IED_COLVIV_1102_S16_f570ba,PUR_IED_COLVIV_1102_S16_f570ba,,,,,
2026-09-12T05:16:10-05:00,PUR_IED_COLVIV_Ext_1a26fa,PUR_IED_COLVIV_Ext_1a26fa,,,,,
2026-09-12T05:16:10-05:00,PUR_IED_CULPOP_301A_f660f3,PUR_IED_CULPOP_301A_f660f3,,,,,
2026-09-12T05:16:10-05:00,PUR_IED_CULPOP_303_568afe,PUR_IED_CULPOP_303_568afe,,,,,
2026-09-12T05:16:10-05:00,PUR_IED_CULPOP_Ext_e02ccb,PUR_IED_CULPOP_Ext_e02ccb,,,,,
2026-09-12T05:16:10-05:00,PUR_IED_CVillavicen_Ext_26eb58,PUR_IED_CVillavicen_Ext_26eb58,6,14,83,4.487,-74.102798
2026-09-12T05:16:10-05:00,PUR_IED_CVillavicen_Intel_1ce5c2,PUR_IED_CVillavicen_Intel_1ce5c2,,,,,
2026-09-12T05:16:10-05:00,PUR_IED_CVillavicen_Poliv_e0766c,PUR_IED_CVillavicen_Poliv_e0766c,,,,,
2026-09-12T05:16:10-05:00,PUR_IED_CVillavicen_int_1ba140,PUR_IED_CVillavicen_int_1ba140,,,,,
2026-09-12T05:16:10-05:00,PUR_IED_CVillavicen_intel_1ba140,PUR_IED_CVillavicen_intel_1ba140,,,,,
2026-09-12T05:16:10-05:00,PUR_IED_CarlosPizarro_Ext_e307cc,PUR_IED_CarlosPizarro_Ext_e307cc,,,,,
2026-09-12T05:16:10-05:00,PUR_IED_CarlosPizarro_L36_7e5cdb,PUR_IED_CarlosPizarro_L36_7e5cdb,,,,,
2026-09-12T05:16:10-05:00,PUR_IED_CarlosPizarro_L37_c8566c,PUR_IED_CarlosPizarro_L37_c8566c,,,,,
2026-09-12T05:16:10-05:00,PUR_IED_Castilla_Ext_cf35f,PUR_IED_Castilla_Ext_cf35f,,,,,
2026-09-12T05:16:10-05:00,PUR_IED_Castilla_SFisik_360e38,PUR_IED_Castilla_SFisik_360e38,,,,,
2026-09-12T05:16:10-05:00,PUR_IED_Castilla_Sc304_496fbf,PUR_IED_Castilla_Sc304_496fbf,,,,,
2026-09-12T05:16:10-05:00,PUR_IED_CervantesSa_Ext_6b57b,PUR_IED_CervantesSa_Ext_6b57b,4,16,74,4.5128,-74.117203
2026-09-12T05:16:10-05:00,PUR_IED_CervantesSa_S107_225c2b,PUR_IED_CervantesSa_S107_225c2b,,,,,
2026-09-12T05:16:10-05:00,PUR_IED_CervantesSa_S108_940925,PUR_IED_CervantesSa_S108_940925,,,,,
2026-09-12T05:16:10-05:00,PUR_IED_Charry_A20_f53e7c,PUR_IED_Charry_A20_f53e7c,,,,,
2026-09-12T05:16:10-05:00,PUR_IED_Charry_Ext_f1d5cd,PUR_IED_Charry_Ext_f1d5cd,,,,,
2026-09-12T05:16:10-05:00,PUR_IED_Charry_IntAula20_dc998d,PUR_IED_Charry_IntAula20_dc998d,,,,,
2026-09-12T05:16:10-05:00,PUR_IED_Charry_IntDanzas_7a08e6,PUR_IED_Charry_IntDanzas_7a08e6,,,,,
2026-09-12T05:16:10-05:00,PUR_IED_ClememciaC_203_43e2fc,PUR_IED_ClememciaC_203_43e2fc,,,,,
2026-09-12T05:16:10-05:00,PUR_IED_ClememciaC_Ext_1b411a,PUR_IED_ClememciaC_Ext_1b411a,,,,,
2026-09-12T05:16:10-05:00,PUR_IED_ClememciaC_Quimic_44b5fc,PUR_IED_ClememciaC_Quimic_44b5fc,,,,,
2026-09-12T05:16:10-05:00,PUR_IED_ClemenciaC_203_43e2fc,PUR_IED_ClemenciaC_203_43e2fc,,,,,
2026-09-12T05:16:10-05:00,PUR_IED_ClemenciaC_Ext_1b411a,PUR_IED_ClemenciaC_Ext_1b411a,,,,,
2026-09-12T05:16:10-05:00,PUR_IED_ClemenciaC_Quimic_44b5fc,PUR_IED_ClemenciaC_Quimic_44b5fc,,,,,
2026-09-12T05:16:10-05:00,PUR_IED_ColViva_1101_S25_7f520a,PUR_IED_ColViva_1101_S25_7f520a,,,,,
2026-09-12T05:16:10-05:00,PUR_IED_ColViva_1102_S16_f570ba,PUR_IED_ColViva_1102_S16_f570ba,,,,,
2026-09-12T05:16:10-05:00,PUR_IED_ColViva_Ext_1a26fa,PUR_IED_ColViva_Ext_1a26fa,,,,,
2026-09-12T05:16:10-05:00,PUR_IED_ColegioBici_Asist_7c8798,PUR_IED_ColegioBici_Asist_7c8798,,,,,
2026-09-12T05:16:10-05:00,PUR_IED_ColegioBici_Ext_25cbf6,PUR_IED_ColegioBici_Ext_25cbf6,,,,,
2026-09-12T05:16:10-05:00,PUR_IED_ColegioBici_LabQ_7b57db,PUR_IED_ColegioBici_LabQ_7b57db,,,,,
2026-09-12T05:16:10-05:00,PUR_IED_CostaRica_Ext_5e640,PUR_IED_CostaRica_Ext_5e640,,,,,
2026-09-12T05:16:10-05:00,PUR_IED_CostaRica_Quim1_766d1c,PUR_IED_CostaRica_Quim1_766d1c,,,,,
2026-09-12T05:16:10-05:00,PUR_IED_CostaRica__Fisica_6f0873,PUR_IED_CostaRica__Fisica_6f0873,,,,,
2026-09-12T05:16:10-05:00,PUR_IED_CulPopu_301A_f660f3,PUR_IED_CulPopu_301A_f660f3,,,,,
2026-09-12T05:16:10-05:00,PUR_IED_CulPopu_303_568afe,PUR_IED_CulPopu_303_568afe,,,,,
2026-09-12T05:16:10-05:00,PUR_IED_CulPopu_Ext_e02ccb,PUR_IED_CulPopu_Ext_e02ccb,,,,,
2026-09-12T05:16:10-05:00,PUR_IED_Cundinamarca_Ext_f15985,PUR_IED_Cundinamarca_Ext_f15985,,,,,
2026-09-12T05:16:10-05:00,PUR_IED_Cundinamarca_Info_7aa5d7,PUR_IED_Cundinamarca_Info_7aa5d7,,,,,
2026-09-12T05:16:10-05:00,PUR_IED_Cundinamarca_Tec2_f449c7,PUR_IED_Cundinamarca_Tec2_f449c7,,,,,
2026-09-12T05:16:10-05:00,PUR_IED_DiegoM_Aula1_27b314,PUR_IED_DiegoM_Aula1_27b314,,,,,
2026-09-12T05:16:10-05:00,PUR_IED_DiegoM_Ext_d80ac8,PUR_IED_DiegoM_Ext_d80ac8,,,,,
2026-09-12T05:16:10-05:00,PUR_IED_DiegoM_S25_da928f,PUR_IED_DiegoM_S25_da928f,,,,,
2026-09-12T05:16:10-05:00,PUR_IED_ELRODEO_360881,PUR_IED_ELRODEO_360881,,,,,
2026-09-12T05:16:10-05:00,PUR_IED_ELRODEO_ext_360881,PUR_IED_ELRODEO_ext_360881,,,,,
2026-09-12T05:16:10-05:00,PUR_IED_EduardoU_Ext_1c1969,PUR_IED_EduardoU_Ext_1c1969,,,,,
2026-09-12T05:16:10-05:00,PUR_IED_EduardoU_SCiencia_4dfb94,PUR_IED_EduardoU_SCiencia_4dfb94,,,,,
2026-09-12T05:16:10-05:00,PUR_IED_EduardoU_SQuimica_5a46e7,PUR_IED_EduardoU_SQuimica_5a46e7,,,,,
2026-09-12T05:16:10-05:00,PUR_IED_ElRodeo_Aula14_676984,PUR_IED_ElRodeo_Aula14_676984,,,,,
2026-09-12T05:16:10-05:00,PUR_IED_ElRodeo_Aula16_2dd35b,PUR_IED_ElRodeo_Aula16_2dd35b,,,,,
2026-09-12T05:16:10-05:00,PUR_IED_ElRodeo_Ext_360881,PUR_IED_ElRodeo_Ext_360881,,,,,
2026-09-12T05:16:10-05:00,PUR_IED_ElRodeo_Exterior_8c6d28,PUR_IED_ElRodeo_Exterior_8c6d28,,,,,
2026-09-12T05:16:10-05:00,PUR_IED_ElRodeo_ext_360881,PUR_IED_ElRodeo_ext_360881,,,,,
2026-09-12T05:16:10-05:00,PUR_IED_EmmaReyes_Ext_987625,PUR_IED_EmmaReyes_Ext_987625,10,21,53,4.6367,-74.1511
2026-09-12T05:16:10-05:00,PUR_IED_Ensueño_Ext_7f0250,PUR_IED_Ensueño_Ext_7f0250,,,,,
2026-09-12T05:16:10-05:00,PUR_IED_EscNormal_Ext_5fef3b,PUR_IED_EscNormal_Ext_5fef3b,3,17,63,4.5852,-74.096901
2026-09-12T05:16:10-05:00,PUR_IED_EscNormal_S309_5b263,PUR_IED_EscNormal_S309_5b263,,,,,
2026-09-12T05:16:10-05:00,PUR_IED_EscNormal_S310_27b3b8,PUR_IED_EscNormal_S310_27b3b8,,,,,
2026-09-12T05:16:10-05:00,PUR_IED_Evangelista_Conta_f6cd4f,PUR_IED_Evangelista_Conta_f6cd4f,,,,,
2026-09-12T05:16:10-05:00,PUR_IED_Evangelista_Cri_5e16a,PUR_IED_Evangelista_Cri_5e16a,,,,,
2026-09-12T05:16:10-05:00,PUR_IED_Evangelista_Exter_754066,PUR_IED_Evangelista_Exter_754066,,,,,
2026-09-12T05:16:10-05:00,PUR_IED_FMiranda_S209_5cc2a3,PUR_IED_FMiranda_S209_5cc2a3,,,,,
2026-09-12T05:16:10-05:00,PUR_IED_FMiranda_S303_19e344,PUR_IED_FMiranda_S303_19e344,,,,,
2026-09-12T05:16:10-05:00,PUR_IED_FMiranda_ext_f53e7c,PUR_IED_FMiranda_ext_f53e7c,,,,,
2026-09-12T05:16:10-05:00,PUR_IED_FabioLozano_Bibli_1cee05,PUR_IED_FabioLozano_Bibli_1cee05,,,,,
2026-09-12T05:16:10-05:00,PUR_IED_FabioLozano_Ext_6ea285,PUR_IED_FabioLozano_Ext_6ea285,,,,,
2026-09-12T05:16:10-05:00,PUR_IED_FabioLozano_SLudi_f09e1e,PUR_IED_FabioLozano_SLudi_f09e1e,,,,,
2026-09-12T05:16:10-05:00,PUR_IED_FaustinoS_Aula07_27a731,PUR_IED_FaustinoS_Aula07_27a731,,,,,
2026-09-12T05:16:10-05:00,PUR_IED_FaustinoS_Ext_7b936f,PUR_IED_FaustinoS_Ext_7b936f,,,,,
2026-09-12T05:16:10-05:00,PUR_IED_FaustinoS_Fisica_da2c60,PUR_IED_FaustinoS_Fisica_da2c60,,,,,
2026-09-12T05:16:10-05:00,PUR_IED_FeGarciaLo_Ext_dc68ee,PUR_IED_FeGarciaLo_Ext_dc68ee,,,,,
2026-09-12T05:16:10-05:00,PUR_IED_FeGarciaLo_SDanza_f70a59,PUR_IED_FeGarciaLo_SDanza_f70a59,,,,,
2026-09-12T05:16:10-05:00,PUR_IED_FeGarciaLo_SMusic_125cdd,PUR_IED_FeGarciaLo_SMusic_125cdd,,,,,
2026-09-12T05:16:10-05:00,PUR_IED_FederalAlema_Exte_50c345,PUR_IED_FederalAlema_Exte_50c345,,,,,
2026-09-12T05:16:10-05:00,PUR_IED_FederalAlema_S31_f18371,PUR_IED_FederalAlema_S31_f18371,,,,,
2026-09-12T05:16:10-05:00,PUR_IED_FederalAlema_S901_a62cd,PUR_IED_FederalAlema_S901_a62cd,,,,,
2026-09-12T05:16:10-05:00,PUR_IED_FilarmonicaS_A5_f35eb1,PUR_IED_FilarmonicaS_A5_f35eb1,,,,,
2026-09-12T05:16:10-05:00,PUR_IED_FilarmonicaS_Ext_8a3bde,PUR_IED_FilarmonicaS_Ext_8a3bde,,,,,
2026-09-12T05:16:10-05:00,PUR_IED_FilarmonicaS_Spol_406114,PUR_IED_FilarmonicaS_Spol_406114,,,,,
2026-09-12T05:16:10-05:00,PUR_IED_FlorentinoG_A13_d1fa59,PUR_IED_FlorentinoG_A13_d1fa59,,,,,
2026-09-12T05:16:10-05:00,PUR_IED_FlorentinoG_Ext_1ce6ce,PUR_IED_FlorentinoG_Ext_1ce6ce,,,,,
2026-09-12T05:16:10-05:00,PUR_IED_FlorentinoG_Idiom_a66aac,PUR_IED_FlorentinoG_Idiom_a66aac,,,,,
2026-09-12T05:16:10-05:00,PUR_IED_FranciscoMati_Ext_e3869d,PUR_IED_FranciscoMati_Ext_e3869d,,,,,
2026-09-12T05:16:10-05:00,PUR_IED_FranciscoMati_S13_f31c67,PUR_IED_FranciscoMati_S13_f31c67,,,,,
2026-09-12T05:16:10-05:00,PUR_IED_FranciscoMati_S14_97dead,PUR_IED_FranciscoMati_S14_97dead,,,,,
2026-09-12T05:16:10-05:00,PUR_IED_FranciscoPS_Ext_7bfa9a,PUR_IED_FranciscoPS_Ext_7bfa9a,3,19,60,4.5899,-74.110397
2026-09-12T05:16:10-05:00,PUR_IED_FranciscoPS_Infor_fb8f4c,PUR_IED_FranciscoPS_Infor_fb8f4c,,,,,
2026-09-12T05:16:10-05:00,PUR_IED_FranciscoPS_Quimi_94d39c,PUR_IED_FranciscoPS_Quimi_94d39c,,,,,
2026-09-12T05:16:10-05:00,PUR_IED_FranciscoP_LabQ_d7e148,PUR_IED_FranciscoP_LabQ_d7e148,,,,,
2026-09-12T05:16:10-05:00,PUR_IED_FranciscoP_S28_cf9b30,PUR_IED_FranciscoP_S28_cf9b30,,,,,
2026-09-12T05:16:10-05:00,PUR_IED_FranciscoP_ext_e2313,PUR_IED_FranciscoP_ext_e2313,,,,,
2026-09-12T05:16:10-05:00,PUR_IED_FriederichN_Ext_8ac92a,PUR_IED_FriederichN_Ext_8ac92a,,,,,
2026-09-12T05:16:10-05:00,PUR_IED_FriederichN_S301_dd7e5a,PUR_IED_FriederichN_S301_dd7e5a,,,,,
2026-09-12T05:16:10-05:00,PUR_IED_FriederichN_S308_761f4f,PUR_IED_FriederichN_S308_761f4f,,,,,
2026-09-12T05:16:10-05:00,PUR_IED_GSantander_Aula10_533dd7,PUR_IED_GSantander_Aula10_533dd7,,,,,
2026-09-12T05:16:10-05:00,PUR_IED_GSantander_Aula12_fd4e4f,PUR_IED_GSantander_Aula12_fd4e4f,,,,,
2026-09-12T05:16:10-05:00,PUR_IED_GSantander_Aula310_533dd7,PUR_IED_GSantander_Aula310_533dd7,,,,,
2026-09-12T05:16:10-05:00,PUR_IED_GSantander_Aula312_fd4e4f,PUR_IED_GSantander_Aula312_fd4e4f,,,,,
2026-09-12T05:16:10-05:00,PUR_IED_GSantander_Ext_5f66b0,PUR_IED_GSantander_Ext_5f66b0,,,,,
2026-09-12T05:16:10-05:00,PUR_IED_GYomasa_Ext_f6bea5,PUR_IED_GYomasa_Ext_f6bea5,,,,,
2026-09-12T05:16:10-05:00,PUR_IED_GYomasa_LBiol_2c41aa,PUR_IED_GYomasa_LBiol_2c41aa,,,,,
2026-09-12T05:16:10-05:00,PUR_IED_GYomasa_LQuim_33c80,PUR_IED_GYomasa_LQuim_33c80,,,,,
2026-09-12T05:16:10-05:00,PUR_IED_GabBetMejia_Cienc_5a99c,PUR_IED_GabBetMejia_Cienc_5a99c,,,,,
2026-09-12T05:16:10-05:00,PUR_IED_GabBetMejia_Ext_9153d0,PUR_IED_GabBetMejia_Ext_9153d0,,,,,
2026-09-12T05:16:10-05:00,PUR_IED_GabBetMejia_Lab_f55347,PUR_IED_GabBetMejia_Lab_f55347,,,,,
2026-09-12T05:16:10-05:00,PUR_IED_GabBetanMejia_Ext_9153d0,PUR_IED_GabBetanMejia_Ext_9153d0,,,,,
2026-09-12T05:16:10-05:00,PUR_IED_Gaitana_Aula13_7aac11,PUR_IED_Gaitana_Aula13_7aac11,,,,,
2026-09-12T05:16:10-05:00,PUR_IED_Gaitana_Ext_5fcf4,PUR_IED_Gaitana_Ext_5fcf4,,,,,
2026-09-12T05:16:10-05:00,PUR_IED_Gaitana_LabFisica_644448,PUR_IED_Gaitana_LabFisica_644448,,,,,
2026-09-12T05:16:10-05:00,PUR_IED_GenSantander_Dise_8ac858,PUR_IED_GenSantander_Dise_8ac858,,,,,
2026-09-12T05:16:10-05:00,PUR_IED_GenSantander_Ext_8d5dfe,PUR_IED_GenSantander_Ext_8d5dfe,,,,,
2026-09-12T05:16:10-05:00,PUR_IED_GenSantander_Info_6c25b,PUR_IED_GenSantander_Info_6c25b,,,,,
2026-09-12T05:16:10-05:00,PUR_IED_GustavoMo_Exterio_75e63d,PUR_IED_GustavoMo_Exterio_75e63d,,,,,
2026-09-12T05:16:10-05:00,PUR_IED_GustavoMo_LabFisi_224d37,PUR_IED_GustavoMo_LabFisi_224d37,,,,,
2026-09-12T05:16:10-05:00,PUR_IED_GustavoMo_S208_3e6918,PUR_IED_GustavoMo_S208_3e6918,,,,,
2026-09-12T05:16:10-05:00,PUR_IED_GustavoR_A02_8cd4a8,PUR_IED_GustavoR_A02_8cd4a8,,,,,
2026-09-12T05:16:10-05:00,PUR_IED_GustavoR_B11_5b0ed,PUR_IED_GustavoR_B11_5b0ed,,,,,
2026-09-12T05:16:10-05:00,PUR_IED_GustavoR_Ext_7a0c90,PUR_IED_GustavoR_Ext_7a0c90,,,,,
2026-09-12T05:16:10-05:00,PUR_IED_HernandoDuran_Ext_8cd82b,PUR_IED_HernandoDuran_Ext_8cd82b,,,,,
2026-09-12T05:16:10-05:00,PUR_IED_HernandoDuran_S24_2772c6,PUR_IED_HernandoDuran_S24_2772c6,,,,,
2026-09-12T05:16:10-05:00,PUR_IED_HernandoDuran_S30_f2de41,PUR_IED_HernandoDuran_S30_f2de41,,,,,
2026-09-12T05:16:10-05:00,PUR_IED_HolguInUr_S1101_8cd732,PUR_IED_HolguInUr_S1101_8cd732,,,,,
2026-09-12T05:16:10-05:00,PUR_IED_HolguinUr_Exter_ddae6d,PUR_IED_HolguinUr_Exter_ddae6d,,,,,
2026-09-12T05:16:10-05:00,PUR_IED_HolguinUr_LabQuim_92b952,PUR_IED_HolguinUr_LabQuim_92b952,,,,,
2026-09-12T05:16:10-05:00,PUR_IED_Isabel-II_Ext_5245cc,PUR_IED_Isabel-II_Ext_5245cc,7,18,59,4.6336,-74.153
2026-09-12T05:16:10-05:00,PUR_IED_Isabel-II_S_idiom_1c29aa,PUR_IED_Isabel-II_S_idiom_1c29aa,,,,,
2026-09-12T05:16:10-05:00,PUR_IED_Isabel-II_S_infor_fd741,PUR_IED_Isabel-II_S_infor_fd741,,,,,
2026-09-12T05:16:10-05:00,PUR_IED_IsidroSur_Exterio_5b90ea,PUR_IED_IsidroSur_Exterio_5b90ea,,,,,
2026-09-12T05:16:10-05:00,PUR_IED_IsidroSur_LabTec_56697a,PUR_IED_IsidroSur_LabTec_56697a,,,,,
2026-09-12T05:16:10-05:00,PUR_IED_IsidroSur_Robotic_b7c38f,PUR_IED_IsidroSur_Robotic_b7c38f,,,,,
2026-09-12T05:16:10-05:00,PUR_IED_IsmaelPerd_Ext_7b6672,PUR_IED_IsmaelPerd_Ext_7b6672,,,,,
2026-09-12T05:16:10-05:00,PUR_IED_IsmaelPerd_Inform_306540,PUR_IED_IsmaelPerd_Inform_306540,,,,,
2026-09-12T05:16:10-05:00,PUR_IED_IsmaelPerd_S30_2e2c83,PUR_IED_IsmaelPerd_S30_2e2c83,,,,,
2026-09-12T05:16:10-05:00,PUR_IED_JLozano_Exter_432910,PUR_IED_JLozano_Exter_432910,,,,,
2026-09-12T05:16:10-05:00,PUR_IED_JLozano_salaMulti_df5125,PUR_IED_JLozano_salaMulti_df5125,,,,,
2026-09-12T05:16:10-05:00,PUR_IED_JMCordoba_206_86f80b,PUR_IED_JMCordoba_206_86f80b,,,,,
2026-09-12T05:16:10-05:00,PUR_IED_JMCordoba_Ext_27ad97,PUR_IED_JMCordoba_Ext_27ad97,,,,,
2026-09-12T05:16:10-05:00,PUR_IED_JMCordoba_S310_d59ab4,PUR_IED_JMCordoba_S310_d59ab4,,,,,
2026-09-12T05:16:10-05:00,PUR_IED_Japon_Ext_549100,PUR_IED_Japon_Ext_549100,,,,,
2026-09-12T05:16:10-05:00,PUR_IED_Japon_Laboratorio_bec51d,PUR_IED_Japon_Laboratorio_bec51d,,,,,
2026-09-12T05:16:10-05:00,PUR_IED_Japon_informatica_d99327,PUR_IED_Japon_informatica_d99327,,,,,
2026-09-12T05:16:10-05:00,PUR_IED_Jazmin_Ext_d27bda,PUR_IED_Jazmin_Ext_d27bda,,,,,
2026-09-12T05:16:10-05:00,PUR_IED_Jazmin_Fisica_8d14d7,PUR_IED_Jazmin_Fisica_8d14d7,,,,,
2026-09-12T05:16:10-05:00,PUR_IED_Jazmin_Quimica_801cb5,PUR_IED_Jazmin_Quimica_801cb5,,,,,
2026-09-12T05:16:10-05:00,PUR_IED_JorgeGaitan_Exter_f098d1,PUR_IED_JorgeGaitan_Exter_f098d1,,,,,
2026-09-12T05:16:10-05:00,PUR_IED_JorgeGaitan_STec1_dc9d1d,PUR_IED_JorgeGaitan_STec1_dc9d1d,,,,,
2026-09-12T05:16:10-05:00,PUR_IED_JorgeGaitan_STec2_281e69,PUR_IED_JorgeGaitan_STec2_281e69,,,,,
2026-09-12T05:16:10-05:00,PUR_IED_JorgeSoto_Exterio_d9d0a2,PUR_IED_JorgeSoto_Exterio_d9d0a2,,,,,
2026-09-12T05:16:10-05:00,PUR_IED_JorgeSoto_LabFisi_209c54,PUR_IED_JorgeSoto_LabFisi_209c54,,,,,
2026-09-12T05:16:10-05:00,PUR_IED_JorgeSoto_S103_27b51a,PUR_IED_JorgeSoto_S103_27b51a,,,,,
2026-09-12T05:16:10-05:00,PUR_IED_JoseAcevedo_A02_e965eb,PUR_IED_JoseAcevedo_A02_e965eb,,,,,
2026-09-12T05:16:10-05:00,PUR_IED_JoseAcevedo_A07_dd5b4,PUR_IED_JoseAcevedo_A07_dd5b4,,,,,
2026-09-12T05:16:10-05:00,PUR_IED_JoseAcevedo_Ext_b47484,PUR_IED_JoseAcevedo_Ext_b47484,,,,,
2026-09-12T05:16:10-05:00,PUR_IED_JoseMarti_Exte_5b9bf,PUR_IED_JoseMarti_Exte_5b9bf,,,,,
2026-09-12T05:16:10-05:00,PUR_IED_JoseMarti_LabQuim_1c6c2d,PUR_IED_JoseMarti_LabQuim_1c6c2d,,,,,
2026-09-12T05:16:10-05:00,PUR_IED_JoseMarti_S_info_f5f177,PUR_IED_JoseMarti_S_info_f5f177,,,,,
2026-09-12T05:16:10-05:00,PUR_IED_Josejoaquin_Ext_dfc5dc,PUR_IED_Josejoaquin_Ext_dfc5dc,,,,,
2026-09-12T05:16:10-05:00,PUR_IED_Josejoaquin_S05_5b2a96,PUR_IED_Josejoaquin_S05_5b2a96,,,,,
2026-09-12T05:16:10-05:00,PUR_IED_Josejoaquin_S06_1ce7d2,PUR_IED_Josejoaquin_S06_1ce7d2,,,,,
2026-09-12T05:16:10-05:00,PUR_IED_JulioFlorez_Danza_9b82dd,PUR_IED_JulioFlorez_Danza_9b82dd,,,,,
2026-09-12T05:16:10-05:00,PUR_IED_JulioFlorez_Exter_f9f314,PUR_IED_JulioFlorez_Exter_f9f314,,,,,
2026-09-12T05:16:10-05:00,PUR_IED_JulioFlorez_info2_6b6e08,PUR_IED_JulioFlorez_info2_6b6e08,,,,,
2026-09-12T05:16:10-05:00,PUR_IED_LaBelleza_Aula13_1d00d8,PUR_IED_LaBelleza_Aula13_1d00d8,,,,,
2026-09-12T05:16:10-05:00,PUR_IED_LaBelleza_Ext_7bc08c,PUR_IED_LaBelleza_Ext_7bc08c,,,,,
2026-09-12T05:16:10-05:00,PUR_IED_LaChucua_Ext_8cd6d2,PUR_IED_LaChucua_Ext_8cd6d2,,,,,
2026-09-12T05:16:10-05:00,PUR_IED_LaChucua_S15_f578ce,PUR_IED_LaChucua_S15_f578ce,,,,,
2026-09-12T05:16:10-05:00,PUR_IED_LaChucua_S16_eebcf9,PUR_IED_LaChucua_S16_eebcf9,,,,,
2026-09-12T05:16:10-05:00,PUR_IED_LaFelicidad_Ext_fb5109,PUR_IED_LaFelicidad_Ext_fb5109,,,,,
2026-09-12T05:16:10-05:00,PUR_IED_LaMerced_206_66ebd,PUR_IED_LaMerced_206_66ebd,,,,,
2026-09-12T05:16:10-05:00,PUR_IED_LaMerced_207_6ebd6,PUR_IED_LaMerced_207_6ebd6,,,,,
2026-09-12T05:16:10-05:00,PUR_IED_LaMerced_ext_304311,PUR_IED_LaMerced_ext_304311,,,,,
2026-09-12T05:16:10-05:00,PUR_IED_Laureano_CiencNat_281e5e,PUR_IED_Laureano_CiencNat_281e5e,,,,,
2026-09-12T05:16:10-05:00,PUR_IED_Laureano_Comedor_f65c0a,PUR_IED_Laureano_Comedor_f65c0a,,,,,
2026-09-12T05:16:10-05:00,PUR_IED_Laureano_Exterior_7ab011,PUR_IED_Laureano_Exterior_7ab011,,,,,
2026-09-12T05:16:10-05:00,PUR_IED_LeonGreiff_Exte_dfe560,PUR_IED_LeonGreiff_Exte_dfe560,,,,,
2026-09-12T05:16:10-05:00,PUR_IED_LeonGreiff_S210_f264ed,PUR_IED_LeonGreiff_S210_f264ed,,,,,
2026-09-12T05:16:10-05:00,PUR_IED_LeonGreiff_SQuimi_e8296f,PUR_IED_LeonGreiff_SQuimi_e8296f,,,,,
2026-09-12T05:16:10-05:00,PUR_IED_LlanoOrientalS208_7b9fcd,PUR_IED_LlanoOrientalS208_7b9fcd,,,,,
2026-09-12T05:16:10-05:00,PUR_IED_LlanoOriental_Ext_fb3766,PUR_IED_LlanoOriental_Ext_fb3766,,,,,
2026-09-12T05:16:10-05:00,PUR_IED_LlanoOriental_S208_7b9fcd,PUR_IED_LlanoOriental_S208_7b9fcd,,,,,
2026-09-12T05:16:10-05:00,PUR_IED_LlanoOriental_S9_27b378,PUR_IED_LlanoOriental_S9_27b378,,,,,
2026-09-12T05:16:10-05:00,PUR_IED_LosTejares_1101_477602,PUR_IED_LosTejares_1101_477602,,,,,
2026-09-12T05:16:10-05:00,PUR_IED_LosTejares_11_d2c595,PUR_IED_LosTejares_11_d2c595,,,,,
2026-09-12T05:16:10-05:00,PUR_IED_LosTejares_12_477602,PUR_IED_LosTejares_12_477602,,,,,
2026-09-12T05:16:10-05:00,PUR_IED_LosTejares_Ext_8e2115,PUR_IED_LosTejares_Ext_8e2115,,,,,
2026-09-12T05:16:10-05:00,PUR_IED_MagdalenaO_B202_5ddda3,PUR_IED_MagdalenaO_B202_5ddda3,,,,,
2026-09-12T05:16:10-05:00,PUR_IED_MagdalenaO_B205_fb76e8,PUR_IED_MagdalenaO_B205_fb76e8,,,,,
2026-09-12T05:16:10-05:00,PUR_IED_MagdalenaO_ext_dc69cd,PUR_IED_MagdalenaO_ext_dc69cd,,,,,
2026-09-12T05:16:10-05:00,PUR_IED_ManueCepeda_artes_eee956,PUR_IED_ManueCepeda_artes_eee956,,,,,
2026-09-12T05:16:10-05:00,PUR_IED_ManuelCepeda_Ext_58313,PUR_IED_ManuelCepeda_Ext_58313,,,,,
2026-09-12T05:16:10-05:00,PUR_IED_ManuelCepeda_tec_1c5731,PUR_IED_ManuelCepeda_tec_1c5731,,,,,
2026-09-12T05:16:10-05:00,PUR_IED_ManuelS_Exterior_5b269,PUR_IED_ManuelS_Exterior_5b269,,,,,
2026-09-12T05:16:10-05:00,PUR_IED_ManuelS_Inform_f369ce,PUR_IED_ManuelS_Inform_f369ce,,,,,
2026-09-12T05:16:10-05:00,PUR_IED_ManuelS_SArtes_7d15f1,PUR_IED_ManuelS_SArtes_7d15f1,,,,,
2026-09-12T05:16:10-05:00,PUR_IED_ManuelZapata_303_3ca6,PUR_IED_ManuelZapata_303_3ca6,,,,,
2026-09-12T05:16:10-05:00,PUR_IED_ManuelZapata_311_bfbabc,PUR_IED_ManuelZapata_311_bfbabc,,,,,
2026-09-12T05:16:10-05:00,PUR_IED_ManuelZapata_Ext_50824a,PUR_IED_ManuelZapata_Ext_50824a,,,,,
2026-09-12T05:16:10-05:00,PUR_IED_ManuelitaS_Exteri_656a92,PUR_IED_ManuelitaS_Exteri_656a92,,,,,
2026-09-12T05:16:10-05:00,PUR_IED_ManuelitaS_JuzgDe_f58ec3,PUR_IED_ManuelitaS_JuzgDe_f58ec3,,,,,
2026-09-12T05:16:10-05:00,PUR_IED_ManuelitaS_Recrea_d793db,PUR_IED_ManuelitaS_Recrea_d793db,,,,,
2026-09-12T05:16:10-05:00,PUR_IED_MarFidSuarez_Ext_c27b19,PUR_IED_MarFidSuarez_Ext_c27b19,,,,,
2026-09-12T05:16:10-05:00,PUR_IED_MarFidSuarez_Info_e384d7,PUR_IED_MarFidSuarez_Info_e384d7,,,,,
2026-09-12T05:16:10-05:00,PUR_IED_MarFidSuarez_S306_1d0032,PUR_IED_MarFidSuarez_S306_1d0032,,,,,
2026-09-12T05:16:10-05:00,PUR_IED_Menorah_301_2a25a3,PUR_IED_Menorah_301_2a25a3,,,,,
2026-09-12T05:16:10-05:00,PUR_IED_Menorah_306_37ed3,PUR_IED_Menorah_306_37ed3,,,,,
2026-09-12T05:16:10-05:00,PUR_IED_Menorah_Ext_3e155b,PUR_IED_Menorah_Ext_3e155b,,,,,
2026-09-12T05:16:10-05:00,PUR_IED_MinutoB.Aires_A11_1b1604,PUR_IED_MinutoB.Aires_A11_1b1604,,,,,
2026-09-12T05:16:10-05:00,PUR_IED_MinutoB.Aires_A12_fb5860,PUR_IED_MinutoB.Aires_A12_fb5860,,,,,
2026-09-12T05:16:10-05:00,PUR_IED_MinutoB.Aires_Ext_81293f,PUR_IED_MinutoB.Aires_Ext_81293f,,,,,
2026-09-12T05:16:10-05:00,PUR_IED_MinutoBAires_A11_1b1604,PUR_IED_MinutoBAires_A11_1b1604,,,,,
2026-09-12T05:16:10-05:00,PUR_IED_MinutoBAires_A12_fb5860,PUR_IED_MinutoBAires_A12_fb5860,,,,,
2026-09-12T05:16:10-05:00,PUR_IED_MinutoBAires_Ext_81293f,PUR_IED_MinutoBAires_Ext_81293f,,,,,
2026-09-12T05:16:10-05:00,PUR_IED_Montreal_Aula10_1e4959,PUR_IED_Montreal_Aula10_1e4959,,,,,
2026-09-12T05:16:10-05:00,PUR_IED_Montreal_Aula6_300367,PUR_IED_Montreal_Aula6_300367,,,,,
2026-09-12T05:16:10-05:00,PUR_IED_Montreal_Exterior_91a179,PUR_IED_Montreal_Exterior_91a179,,,,,
2026-09-12T05:16:10-05:00,PUR_IED_Mqgdalena_B202_5ddda3,PUR_IED_Mqgdalena_B202_5ddda3,,,,,
2026-09-12T05:16:10-05:00,PUR_IED_NACUND_Soc_dc8728,PUR_IED_NACUND_Soc_dc8728,,,,,
2026-09-12T05:16:10-05:00,PUR_IED_NACUND_ext_27ad97,PUR_IED_NACUND_ext_27ad97,,,,,
2026-09-12T05:16:10-05:00,PUR_IED_NEsperanza_Ext_d24b61,PUR_IED_NEsperanza_Ext_d24b61,,,,,
2026-09-12T05:16:10-05:00,PUR_IED_NEsperanza_SElect_7d1807,PUR_IED_NEsperanza_SElect_7d1807,,,,,
2026-09-12T05:16:10-05:00,PUR_IED_NEsperanza_SLabor_8b2d0a,PUR_IED_NEsperanza_SLabor_8b2d0a,,,,,
2026-09-12T05:16:10-05:00,PUR_IED_NacionesU_Ext_f661a9,PUR_IED_NacionesU_Ext_f661a9,,,,,
2026-09-12T05:16:10-05:00,PUR_IED_NacionesU_Quimica_66f0a,PUR_IED_NacionesU_Quimica_66f0a,,,,,
2026-09-12T05:16:10-05:00,PUR_IED_NacionesU_S306_1b4b3d,PUR_IED_NacionesU_S306_1b4b3d,,,,,
2026-09-12T05:16:10-05:00,PUR_IED_NestorFA_Ext_e4201c,PUR_IED_NestorFA_Ext_e4201c,,,,,
2026-09-12T05:16:10-05:00,PUR_IED_NestorFA_Laborato_f22fe0,PUR_IED_NestorFA_Laborato_f22fe0,,,,,
2026-09-12T05:16:10-05:00,PUR_IED_NestorFA_S204_dee996,PUR_IED_NestorFA_S204_dee996,,,,,
2026-09-12T05:16:10-05:00,PUR_IED_NidyaQT_Aula03_76999b,PUR_IED_NidyaQT_Aula03_76999b,,,,,
2026-09-12T05:16:10-05:00,PUR_IED_NidyaQT_Aula10_56325,PUR_IED_NidyaQT_Aula10_56325,,,,,
2026-09-12T05:16:10-05:00,PUR_IED_NidyaQT_Ext_46e32d,PUR_IED_NidyaQT_Ext_46e32d,,,,,
2026-09-12T05:16:10-05:00,PUR_IED_NuevaCol_Exterior_d9b859,PUR_IED_NuevaCol_Exterior_d9b859,,,,,
2026-09-12T05:16:10-05:00,PUR_IED_NuevaCol_S1101_76c43b,PUR_IED_NuevaCol_S1101_76c43b,,,,,
2026-09-12T05:16:10-05:00,PUR_IED_NuevaCol_S1102_1ce0b5,PUR_IED_NuevaCol_S1102_1ce0b5,,,,,
2026-09-12T05:16:10-05:00,PUR_IED_OEA_A202_f7e3f2,PUR_IED_OEA_A202_f7e3f2,,,,,
2026-09-12T05:16:10-05:00,PUR_IED_OEA_A203_7d1b8d,PUR_IED_OEA_A203_7d1b8d,,,,,
2026-09-12T05:16:10-05:00,PUR_IED_OEA_Ext_27b593,PUR_IED_OEA_Ext_27b593,,,,,
2026-09-12T05:16:10-05:00,PUR_IED_Ochoa_Ext_1c29da,PUR_IED_Ochoa_Ext_1c29da,,,,,
2026-09-12T05:16:10-05:00,PUR_IED_Ochoa_S205_8b1121,PUR_IED_Ochoa_S205_8b1121,,,,,
2026-09-12T05:16:10-05:00,PUR_IED_Ochoa_Sistemas_f33af6,PUR_IED_Ochoa_Sistemas_f33af6,,,,,
2026-09-12T05:16:10-05:00,PUR_IED_PQuebec_Ext_1c67c7,PUR_IED_PQuebec_Ext_1c67c7,,,,,
2026-09-12T05:16:10-05:00,PUR_IED_PQuebec_S15_23e8e2,PUR_IED_PQuebec_S15_23e8e2,,,,,
2026-09-12T05:16:10-05:00,PUR_IED_PQuebec_S16_8ec76b,PUR_IED_PQuebec_S16_8ec76b,,,,,
2026-09-12T05:16:10-05:00,PUR_IED_PabloN_Ext_49dc96,PUR_IED_PabloN_Ext_49dc96,,,,,
2026-09-12T05:16:10-05:00,PUR_IED_PabloN_S1102_4e3df5,PUR_IED_PabloN_S1102_4e3df5,,,,,
2026-09-12T05:16:10-05:00,PUR_IED_PabloN_S1103_50c94b,PUR_IED_PabloN_S1103_50c94b,,,,,
2026-09-12T05:16:10-05:00,PUR_IED_Palestina_S1101_db9198,PUR_IED_Palestina_S1101_db9198,,,,,
2026-09-12T05:16:10-05:00,PUR_IED_Palestina_S1102_dc54fa,PUR_IED_Palestina_S1102_dc54fa,,,,,
2026-09-12T05:16:10-05:00,PUR_IED_Palestina_ext_4ccce6,PUR_IED_Palestina_ext_4ccce6,,,,,
2026-09-12T05:16:10-05:00,PUR_IED_Panama_Fisica_4d0794,PUR_IED_Panama_Fisica_4d0794,,,,,
2026-09-12T05:16:10-05:00,PUR_IED_Panama_SIngles_a4077e,PUR_IED_Panama_SIngles_a4077e,,,,,
2026-09-12T05:16:10-05:00,PUR_IED_Panama_ext_4c54b4,PUR_IED_Panama_ext_4c54b4,,,,,
2026-09-12T05:16:10-05:00,PUR_IED_ParaisoM_Exterior_8cd7f0,PUR_IED_ParaisoM_Exterior_8cd7f0,,,,,
2026-09-12T05:16:10-05:00,PUR_IED_ParaisoM_Laborato_27af35,PUR_IED_ParaisoM_Laborato_27af35,,,,,
2026-09-12T05:16:10-05:00,PUR_IED_ParaisoM_S304_d1edca,PUR_IED_ParaisoM_S304_d1edca,,,,,
2026-09-12T05:16:10-05:00,PUR_IED_PorfirioBarba_Ext_301466,PUR_IED_PorfirioBarba_Ext_301466,,,,,
2026-09-12T05:16:10-05:00,PUR_IED_PorfirioBarba_S11_df6cd2,PUR_IED_PorfirioBarba_S11_df6cd2,,,,,
2026-09-12T05:16:10-05:00,PUR_IED_PorfirioBarba_S29_27a7d6,PUR_IED_PorfirioBarba_S29_27a7d6,,,,,
2026-09-12T05:16:10-05:00,PUR_IED_PradoV_Exter_8b27ad,PUR_IED_PradoV_Exter_8b27ad,,,,,
2026-09-12T05:16:10-05:00,PUR_IED_PradoV_S301_de65b5,PUR_IED_PradoV_S301_de65b5,,,,,
2026-09-12T05:16:10-05:00,PUR_IED_PradoV_S302_7d2593,PUR_IED_PradoV_S302_7d2593,,,,,
2026-09-12T05:16:10-05:00,PUR_IED_QuirogaAlz_Ext_1ddc82,PUR_IED_QuirogaAlz_Ext_1ddc82,,,,,
2026-09-12T05:16:10-05:00,PUR_IED_QuirogaAlz_S302_9926a3,PUR_IED_QuirogaAlz_S302_9926a3,,,,,
2026-09-12T05:16:10-05:00,PUR_IED_QuirogaAlz_S305_cdf1f1,PUR_IED_QuirogaAlz_S305_cdf1f1,,,,,
2026-09-12T05:16:10-05:00,PUR_IED_RGuatemala_Biling_dc53b7,PUR_IED_RGuatemala_Biling_dc53b7,,,,,
2026-09-12T05:16:10-05:00,PUR_IED_RGuatemala_Ext_1b89a3,PUR_IED_RGuatemala_Ext_1b89a3,,,,,
2026-09-12T05:16:10-05:00,PUR_IED_RGuatemala_Tecnol_281a34,PUR_IED_RGuatemala_Tecnol_281a34,,,,,
2026-09-12T05:16:10-05:00,PUR_IED_RafaNu_Ext_f7c302,PUR_IED_RafaNu_Ext_f7c302,,,,,
2026-09-12T05:16:10-05:00,PUR_IED_RafaNu_S1101_25fde,PUR_IED_RafaNu_S1101_25fde,,,,,
2026-09-12T05:16:10-05:00,PUR_IED_RafaNu_S1102_281517,PUR_IED_RafaNu_S1102_281517,,,,,
2026-09-12T05:16:10-05:00,PUR_IED_RafaelB_S305_ee2783,PUR_IED_RafaelB_S305_ee2783,,,,,
2026-09-12T05:16:10-05:00,PUR_IED_RafaelB_S306_75fe33,PUR_IED_RafaelB_S306_75fe33,,,,,
2026-09-12T05:16:10-05:00,PUR_IED_RafaelB_ext_283336,PUR_IED_RafaelB_ext_283336,3,17,63,4.6722,-74.0737
2026-09-12T05:16:10-05:00,PUR_IED_RafaelUU_Exterior_281a51,PUR_IED_RafaelUU_Exterior_281a51,,,,,
2026-09-12T05:16:10-05:00,PUR_IED_RafaelUU_Human_806b2,PUR_IED_RafaelUU_Human_806b2,,,,,
2026-09-12T05:16:10-05:00,PUR_IED_RafaelUU_Mate2_5680d4,PUR_IED_RafaelUU_Mate2_5680d4,,,,,
2026-09-12T05:16:10-05:00,PUR_IED_RamonSub_Ext_f9eeb9,PUR_IED_RamonSub_Ext_f9eeb9,,,,,
2026-09-12T05:16:10-05:00,PUR_IED_RamonSub_Media_d1f62f,PUR_IED_RamonSub_Media_d1f62f,,,,,
2026-09-12T05:16:10-05:00,PUR_IED_RamonSub_planta_51b82,PUR_IED_RamonSub_planta_51b82,,,,,
2026-09-12T05:16:10-05:00,PUR_IED_RepBoliVene_Exter_27af7c,PUR_IED_RepBoliVene_Exter_27af7c,,,,,
2026-09-12T05:16:10-05:00,PUR_IED_RepBoliVene_SCPT_5ae2ee,PUR_IED_RepBoliVene_SCPT_5ae2ee,,,,,
2026-09-12T05:16:10-05:00,PUR_IED_RepBoliVene_Socia_4b11d5,PUR_IED_RepBoliVene_Socia_4b11d5,,,,,
2026-09-12T05:16:10-05:00,PUR_IED_RepChina_Ext_76d9ee,PUR_IED_RepChina_Ext_76d9ee,,,,,
2026-09-12T05:16:10-05:00,PUR_IED_RepChina_S404_7c804c,PUR_IED_RepChina_S404_7c804c,,,,,
2026-09-12T05:16:10-05:00,PUR_IED_RepChina_S405_df2c33,PUR_IED_RepChina_S405_df2c33,,,,,
2026-09-12T05:16:10-05:00,PUR_IED_RepublicaC_Exteri_7d1ec9,PUR_IED_RepublicaC_Exteri_7d1ec9,,,,,
2026-09-12T05:16:10-05:00,PUR_IED_RepublicaC_S1101_f544b3,PUR_IED_RepublicaC_S1101_f544b3,,,,,
2026-09-12T05:16:10-05:00,PUR_IED_RepublicaC_S1102_7aafc7,PUR_IED_RepublicaC_S1102_7aafc7,,,,,
2026-09-12T05:16:10-05:00,PUR_IED_Ricaurte_Externo_a0ea1,PUR_IED_Ricaurte_Externo_a0ea1,,,,,
2026-09-12T05:16:10-05:00,PUR_IED_Ricaurte_S210_f546fd,PUR_IED_Ricaurte_S210_f546fd,,,,,
2026-09-12T05:16:10-05:00,PUR_IED_Ricaurte_S309_d4452,PUR_IED_Ricaurte_S309_d4452,,,,,
2026-09-12T05:16:10-05:00,PUR_IED_RogelioS_1102_531e69,PUR_IED_RogelioS_1102_531e69,,,,,
2026-09-12T05:16:10-05:00,PUR_IED_RogelioS_Ext_f25a18,PUR_IED_RogelioS_Ext_f25a18,,,,,
2026-09-12T05:16:10-05:00,PUR_IED_SBernardino_Ext_27aff8,PUR_IED_SBernardino_Ext_27aff8,,,,,
2026-09-12T05:16:10-05:00,PUR_IED_SBernardino_SArte_2ffd33,PUR_IED_SBernardino_SArte_2ffd33,,,,,
2026-09-12T05:16:10-05:00,PUR_IED_SBernardino_SIngl_7c7da5,PUR_IED_SBernardino_SIngl_7c7da5,,,,,
2026-09-12T05:16:10-05:00,PUR_IED_Sago_auditorio_dc9d1d,PUR_IED_Sago_auditorio_dc9d1d,,,,,
2026-09-12T05:16:10-05:00,PUR_IED_Saludcoop_Ext_95aac3,PUR_IED_Saludcoop_Ext_95aac3,,,,,
2026-09-12T05:16:10-05:00,PUR_IED_Saludcoop_InfI_90c854,PUR_IED_Saludcoop_InfI_90c854,,,,,
2026-09-12T05:16:10-05:00,PUR_IED_Saludcoop_SMedia_1b93be,PUR_IED_Saludcoop_SMedia_1b93be,,,,,
2026-09-12T05:16:10-05:00,PUR_IED_SanCarlos_1101_1a2360,PUR_IED_SanCarlos_1101_1a2360,,,,,
2026-09-12T05:16:10-05:00,PUR_IED_SanCarlos_1103_7bafb5,PUR_IED_SanCarlos_1103_7bafb5,,,,,
2026-09-12T05:16:10-05:00,PUR_IED_SanCarlos_Ext_b7cd1,PUR_IED_SanCarlos_Ext_b7cd1,,,,,
2026-09-12T05:16:10-05:00,PUR_IED_SanIgnacioBosa11a_50c26e,PUR_IED_SanIgnacioBosa11a_50c26e,,,,,
2026-09-12T05:16:10-05:00,PUR_IED_SanIgnacioBosa11b_371de8,PUR_IED_SanIgnacioBosa11b_371de8,,,,,
2026-09-12T05:16:10-05:00,PUR_IED_SanIgnacioBosaExt_ef0ffc,PUR_IED_SanIgnacioBosaExt_ef0ffc,,,,,
2026-09-12T05:16:10-05:00,PUR_IED_SanIgnacioBosa_11a_50c26e,PUR_IED_SanIgnacioBosa_11a_50c26e,,,,,
2026-09-12T05:16:10-05:00,PUR_IED_SanIgnacioBosa_Ext_ef0ffc,PUR_IED_SanIgnacioBosa_Ext_ef0ffc,,,,,
2026-09-12T05:16:10-05:00,PUR_IED_SanJoseN_intS1101_31c47f,PUR_IED_SanJoseN_intS1101_31c47f,,,,,
2026-09-12T05:16:10-05:00,PUR_IED_SanJoseUsm_Exter_f5d7e8,PUR_IED_SanJoseUsm_Exter_f5d7e8,,,,,
2026-09-12T05:16:10-05:00,PUR_IED_SanJoseUsm_Int11A_cfdef6,PUR_IED_SanJoseUsm_Int11A_cfdef6,,,,,
2026-09-12T05:16:10-05:00,PUR_IED_SilveriaR_IntB5_905349,PUR_IED_SilveriaR_IntB5_905349,,,,,
2026-09-12T05:16:10-05:00,PUR_IED_SilveriaR_IntSD14_981f93,PUR_IED_SilveriaR_IntSD14_981f93,,,,,
2026-09-12T05:16:10-05:00,PUR_IED_SilveriaR_ext_2b651d,PUR_IED_SilveriaR_ext_2b651d,,,,,
2026-09-12T05:16:10-05:00,PUR_IED_SimonB_Exterior_913975,PUR_IED_SimonB_Exterior_913975,,,,,
2026-09-12T05:16:10-05:00,PUR_IED_SimonB_LabQuimi_c56908,PUR_IED_SimonB_LabQuimi_c56908,,,,,
2026-09-12T05:16:10-05:00,PUR_IED_SimonB_informatic_a28c1,PUR_IED_SimonB_informatic_a28c1,,,,,
2026-09-12T05:16:10-05:00,PUR_IED_Sorrento_1102_315f50,PUR_IED_Sorrento_1102_315f50,,,,,
2026-09-12T05:16:10-05:00,PUR_IED_Sorrento_Minte_214eab,PUR_IED_Sorrento_Minte_214eab,,,,,
2026-09-12T05:16:10-05:00,PUR_IED_Sorrento_ext_7c3a0a,PUR_IED_Sorrento_ext_7c3a0a,,,,,
2026-09-12T05:16:10-05:00,PUR_IED_Tabora_Ext_f048ae,PUR_IED_Tabora_Ext_f048ae,,,,,
2026-09-12T05:16:10-05:00,PUR_IED_Tabora_S1102_b07752,PUR_IED_Tabora_S1102_b07752,,,,,
2026-09-12T05:16:10-05:00,PUR_IED_Tabora_S1103_d988f5,PUR_IED_Tabora_S1103_d988f5,,,,,
2026-09-12T05:16:10-05:00,PUR_IED_Tenerife_Ext_1ab188,PUR_IED_Tenerife_Ext_1ab188,,,,,
2026-09-12T05:16:10-05:00,PUR_IED_Tenerife_SDanzas_7bc02e,PUR_IED_Tenerife_SDanzas_7bc02e,,,,,
2026-09-12T05:16:10-05:00,PUR_IED_Tenerife_SIngles_7cc277,PUR_IED_Tenerife_SIngles_7cc277,,,,,
2026-09-12T05:16:10-05:00,PUR_IED_Tibabuyes_Exter_f2683d,PUR_IED_Tibabuyes_Exter_f2683d,,,,,
2026-09-12T05:16:10-05:00,PUR_IED_Tibabuyes_S10_dc87a8,PUR_IED_Tibabuyes_S10_dc87a8,,,,,
2026-09-12T05:16:10-05:00,PUR_IED_Tibabuyes_S15_dc0526,PUR_IED_Tibabuyes_S15_dc0526,,,,,
2026-09-12T05:16:10-05:00,PUR_IED_UnionE_S301_a1043,PUR_IED_UnionE_S301_a1043,,,,,
2026-09-12T05:16:10-05:00,PUR_IED_UnionE_S307_ff6c2f,PUR_IED_UnionE_S307_ff6c2f,,,,,
2026-09-12T05:16:10-05:00,PUR_IED_UnionE__Ext_5e2468,PUR_IED_UnionE__Ext_5e2468,,,,,
2026-09-12T05:16:10-05:00,PUR_IED_VillaRica_Ext_75be7c,PUR_IED_VillaRica_Ext_75be7c,,,,,
2026-09-12T05:16:10-05:00,PUR_IED_VillaRica_S4_cc5dcd,PUR_IED_VillaRica_S4_cc5dcd,,,,,
2026-09-12T05:16:10-05:00,PUR_IED_VillaRica_Sesp_99f5c,PUR_IED_VillaRica_Sesp_99f5c,,,,,
2026-09-12T05:21:03-05:00,PUR_IED_20deJulio_1101_91b1b9,PUR_IED_20deJulio_1101_91b1b9,,,,,
2026-09-12T05:21:03-05:00,PUR_IED_20deJulio_1102_1cfcf9,PUR_IED_20deJulio_1102_1cfcf9,,,,,
2026-09-12T05:21:03-05:00,PUR_IED_20deJulio_Ext_ab60bd,PUR_IED_20deJulio_Ext_ab60bd,,,,,
2026-09-12T05:21:03-05:00,PUR_IED_AgustinFer_Ext_7b9b77,PUR_IED_AgustinFer_Ext_7b9b77,,,,,
2026-09-12T05:21:03-05:00,PUR_IED_AgustinFer_Info2_27b3a7,PUR_IED_AgustinFer_Info2_27b3a7,,,,,
2026-09-12T05:21:03-05:00,PUR_IED_AgustinFer_Sena_54b4eb,PUR_IED_AgustinFer_Sena_54b4eb,,,,,
2026-09-12T05:21:03-05:00,PUR_IED_AlexanderF_1102_caf07b,PUR_IED_AlexanderF_1102_caf07b,,,,,
2026-09-12T05:21:03-05:00,PUR_IED_AlexanderF_1103_c79e71,PUR_IED_AlexanderF_1103_c79e71,,,,,
2026-09-12T05:21:03-05:00,PUR_IED_AlexanderF_Ext_c5b18b,PUR_IED_AlexanderF_Ext_c5b18b,,,,,
2026-09-12T05:21:03-05:00,PUR_IED_AlfonsoLopez_Ext_281d77,PUR_IED_AlfonsoLopez_Ext_281d77,,,,,
2026-09-12T05:21:03-05:00,PUR_IED_AlfonsoLopez_LabF_888ce0,PUR_IED_AlfonsoLopez_LabF_888ce0,,,,,
2026-09-12T05:21:03-05:00,PUR_IED_AlfonsoLopez_SMed_df6a7f,PUR_IED_AlfonsoLopez_SMed_df6a7f,,,,,
2026-09-12T05:21:03-05:00,PUR_IED_AltamiraSO_A2_209f92,PUR_IED_AltamiraSO_A2_209f92,,,,,
2026-09-12T05:21:03-05:00,PUR_IED_AltamiraSO_Ext_186d66,PUR_IED_AltamiraSO_Ext_186d66,,,,,
2026-09-12T05:21:03-05:00,PUR_IED_AltamiraSO_Sistem_27afe1,PUR_IED_AltamiraSO_Sistem_27afe1,,,,,
2026-09-12T05:21:03-05:00,PUR_IED_AlvaroGom_LabQuim_813179,PUR_IED_AlvaroGom_LabQuim_813179,,,,,
2026-09-12T05:21:03-05:00,PUR_IED_AlvaroGomez_Ext_47c7ca,PUR_IED_AlvaroGomez_Ext_47c7ca,,,,,
2026-09-12T05:21:03-05:00,PUR_IED_AlvaroGomez_LabQuim_813179,PUR_IED_AlvaroGomez_LabQuim_813179,,,,,
2026-09-12T05:21:03-05:00,PUR_IED_AlvaroGomez_S23_7ba89f,PUR_IED_AlvaroGomez_S23_7ba89f,,,,,
2026-09-12T05:21:03-05:00,PUR_IED_Amistad_306_dc8728,PUR_IED_Amistad_306_dc8728,,,,,
2026-09-12T05:21:03-05:00,PUR_IED_Amistad_Ext_8cd55e,PUR_IED_Amistad_Ext_8cd55e,,,,,
2026-09-12T05:21:03-05:00,PUR_IED_Amistad_S202_a41169,PUR_IED_Amistad_S202_a41169,,,,,
2026-09-12T05:21:03-05:00,PUR_IED_AndresBello_Bio_fd5f5e,PUR_IED_AndresBello_Bio_fd5f5e,,,,,
2026-09-12T05:21:03-05:00,PUR_IED_AndresBello_ext_dcad65,PUR_IED_AndresBello_ext_dcad65,,,,,
2026-09-12T05:21:03-05:00,PUR_IED_AndresBello_port_eed3ec,PUR_IED_AndresBello_port_eed3ec,,,,,
2026-09-12T05:21:03-05:00,PUR_IED_AngelaR_11b_d90a6b,PUR_IED_AngelaR_11b_d90a6b,,,,,
2026-09-12T05:21:03-05:00,PUR_IED_AngelaR_ext_7cad3e,PUR_IED_AngelaR_ext_7cad3e,5,18,65,4.5825,-74.164497
2026-09-12T05:21:03-05:00,PUR_IED_AntJoseSucre_10mo_df2575,PUR_IED_AntJoseSucre_10mo_df2575,,,,,
2026-09-12T05:21:03-05:00,PUR_IED_AntJoseSucre_Ext_215b36,PUR_IED_AntJoseSucre_Ext_215b36,,,,,
2026-09-12T05:21:03-05:00,PUR_IED_AntJoseSucre_Lab_3139de,PUR_IED_AntJoseSucre_Lab_3139de,,,,,
2026-09-12T05:21:03-05:00,PUR_IED_AntonioGarcia_301_d6b188,PUR_IED_AntonioGarcia_301_d6b188,,,,,
2026-09-12T05:21:03-05:00,PUR_IED_AntonioGarcia_302_88a82,PUR_IED_AntonioGarcia_302_88a82,,,,,
2026-09-12T05:21:03-05:00,PUR_IED_AntonioGarcia_Ext_20950c,PUR_IED_AntonioGarcia_Ext_20950c,,,,,
2026-09-12T05:21:03-05:00,PUR_IED_AntonioVan_Aula2_6dea02,PUR_IED_AntonioVan_Aula2_6dea02,,,,,
2026-09-12T05:21:03-05:00,PUR_IED_AntonioVan_Aula5_f1557e,PUR_IED_AntonioVan_Aula5_f1557e,,,,,
2026-09-12T05:21:03-05:00,PUR_IED_AntonioVan_Ext_406f2f,PUR_IED_AntonioVan_Ext_406f2f,,,,,
2026-09-12T05:21:03-05:00,PUR_IED_Atabanzha_Ext_cc5af9,PUR_IED_Atabanzha_Ext_cc5af9,,,,,
2026-09-12T05:21:03-05:00,PUR_IED_Atabanzha_SA101_56c37,PUR_IED_Atabanzha_SA101_56c37,,,,,
2026-09-12T05:21:03-05:00,PUR_IED_Atabanzha_SB302_27b374,PUR_IED_Atabanzha_SB302_27b374,,,,,
2026-09-12T05:21:03-05:00,PUR_IED_Atahualpa_Ext_fc1748,PUR_IED_Atahualpa_Ext_fc1748,,,,,
2026-09-12T05:21:03-05:00,PUR_IED_Atahualpa_Informa_dc9a95,PUR_IED_Atahualpa_Informa_dc9a95,,,,,
2026-09-12T05:21:03-05:00,PUR_IED_Atahualpa_S1101_f98056,PUR_IED_Atahualpa_S1101_f98056,,,,,
2026-09-12T05:21:03-05:00,PUR_IED_Bellavista_Ext_f5aa74,PUR_IED_Bellavista_Ext_f5aa74,,,,,
2026-09-12T05:21:03-05:00,PUR_IED_Bilbao_11A_916c41,PUR_IED_Bilbao_11A_916c41,,,,,
2026-09-12T05:21:03-05:00,PUR_IED_Bilbao_Ext_fb579a,PUR_IED_Bilbao_Ext_fb579a,,,,,
2026-09-12T05:21:03-05:00,PUR_IED_BrasiliaU_A125_304280,PUR_IED_BrasiliaU_A125_304280,,,,,
2026-09-12T05:21:03-05:00,PUR_IED_BrasiliaU_A203_7c8ca5,PUR_IED_BrasiliaU_A203_7c8ca5,,,,,
2026-09-12T05:21:03-05:00,PUR_IED_BrasiliaU_Ext_8d6e9f,PUR_IED_BrasiliaU_Ext_8d6e9f,5,16,66,4.5175,-74.116302
2026-09-12T05:21:03-05:00,PUR_IED_Brasilia_Ext_fe6593,PUR_IED_Brasilia_Ext_fe6593,,,,,
2026-09-12T05:21:03-05:00,PUR_IED_Brasilia_S24_7c130d,PUR_IED_Brasilia_S24_7c130d,,,,,
2026-09-12T05:21:03-05:00,PUR_IED_Brasilia_S501_186a54,PUR_IED_Brasilia_S501_186a54,,,,,
2026-09-12T05:21:03-05:00,PUR_IED_CHARRY_EXT_f1d5cd,PUR_IED_CHARRY_EXT_f1d5cd,,,,,
2026-09-12T05:21:03-05:00,PUR_IED_CHARRY_INTDANZAS_7a08e6,PUR_IED_CHARRY_INTDANZAS_7a08e6,,,,,
2026-09-12T05:21:03-05:00,PUR_IED_CHARRY_INT_AULA20_dc998d,PUR_IED_CHARRY_INT_AULA20_dc998d,,,,,
2026-09-12T05:21:03-05:00,PUR_IED_COLVIV_1101_S25_7f520a,PUR_IED_COLVIV_1101_S25_7f520a,,,,,
2026-09-12T05:21:03-05:00,PUR_IED_COLVIV_1102_S16_f570ba,PUR_IED_COLVIV_1102_S16_f570ba,,,,,
2026-09-12T05:21:03-05:00,PUR_IED_COLVIV_Ext_1a26fa,PUR_IED_COLVIV_Ext_1a26fa,,,,,
2026-09-12T05:21:03-05:00,PUR_IED_CULPOP_301A_f660f3,PUR_IED_CULPOP_301A_f660f3,,,,,
2026-09-12T05:21:03-05:00,PUR_IED_CULPOP_303_568afe,PUR_IED_CULPOP_303_568afe,,,,,
2026-09-12T05:21:03-05:00,PUR_IED_CULPOP_Ext_e02ccb,PUR_IED_CULPOP_Ext_e02ccb,,,,,
2026-09-12T05:21:03-05:00,PUR_IED_CVillavicen_Ext_26eb58,PUR_IED_CVillavicen_Ext_26eb58,11,14,83,4.487,-74.102798
2026-09-12T05:21:03-05:00,PUR_IED_CVillavicen_Intel_1ce5c2,PUR_IED_CVillavicen_Intel_1ce5c2,,,,,
2026-09-12T05:21:03-05:00,PUR_IED_CVillavicen_Poliv_e0766c,PUR_IED_CVillavicen_Poliv_e0766c,,,,,
2026-09-12T05:21:03-05:00,PUR_IED_CVillavicen_int_1ba140,PUR_IED_CVillavicen_int_1ba140,,,,,
2026-09-12T05:21:03-05:00,PUR_IED_CVillavicen_intel_1ba140,PUR_IED_CVillavicen_intel_1ba140,,,,,
2026-09-12T05:21:03-05:00,PUR_IED_CarlosPizarro_Ext_e307cc,PUR_IED_CarlosPizarro_Ext_e307cc,,,,,
2026-09-12T05:21:03-05:00,PUR_IED_CarlosPizarro_L36_7e5cdb,PUR_IED_CarlosPizarro_L36_7e5cdb,,,,,
2026-09-12T05:21:03-05:00,PUR_IED_CarlosPizarro_L37_c8566c,PUR_IED_CarlosPizarro_L37_c8566c,,,,,
2026-09-12T05:21:03-05:00,PUR_IED_Castilla_Ext_cf35f,PUR_IED_Castilla_Ext_cf35f,,,,,
2026-09-12T05:21:03-05:00,PUR_IED_Castilla_SFisik_360e38,PUR_IED_Castilla_SFisik_360e38,,,,,
2026-09-12T05:21:03-05:00,PUR_IED_Castilla_Sc304_496fbf,PUR_IED_Castilla_Sc304_496fbf,,,,,
2026-09-12T05:21:03-05:00,PUR_IED_CervantesSa_Ext_6b57b,PUR_IED_CervantesSa_Ext_6b57b,3,16,74,4.5128,-74.117203
2026-09-12T05:21:03-05:00,PUR_IED_CervantesSa_S107_225c2b,PUR_IED_CervantesSa_S107_225c2b,,,,,
2026-09-12T05:21:03-05:00,PUR_IED_CervantesSa_S108_940925,PUR_IED_CervantesSa_S108_940925,,,,,
2026-09-12T05:21:03-05:00,PUR_IED_Charry_A20_f53e7c,PUR_IED_Charry_A20_f53e7c,,,,,
2026-09-12T05:21:03-05:00,PUR_IED_Charry_Ext_f1d5cd,PUR_IED_Charry_Ext_f1d5cd,,,,,
2026-09-12T05:21:03-05:00,PUR_IED_Charry_IntAula20_dc998d,PUR_IED_Charry_IntAula20_dc998d,,,,,
2026-09-12T05:21:03-05:00,PUR_IED_Charry_IntDanzas_7a08e6,PUR_IED_Charry_IntDanzas_7a08e6,,,,,
2026-09-12T05:21:03-05:00,PUR_IED_ClememciaC_203_43e2fc,PUR_IED_ClememciaC_203_43e2fc,,,,,
2026-09-12T05:21:03-05:00,PUR_IED_ClememciaC_Ext_1b411a,PUR_IED_ClememciaC_Ext_1b411a,,,,,
2026-09-12T05:21:03-05:00,PUR_IED_ClememciaC_Quimic_44b5fc,PUR_IED_ClememciaC_Quimic_44b5fc,,,,,
2026-09-12T05:21:03-05:00,PUR_IED_ClemenciaC_203_43e2fc,PUR_IED_ClemenciaC_203_43e2fc,,,,,
2026-09-12T05:21:03-05:00,PUR_IED_ClemenciaC_Ext_1b411a,PUR_IED_ClemenciaC_Ext_1b411a,,,,,
2026-09-12T05:21:03-05:00,PUR_IED_ClemenciaC_Quimic_44b5fc,PUR_IED_ClemenciaC_Quimic_44b5fc,,,,,
2026-09-12T05:21:03-05:00,PUR_IED_ColViva_1101_S25_7f520a,PUR_IED_ColViva_1101_S25_7f520a,,,,,
2026-09-12T05:21:03-05:00,PUR_IED_ColViva_1102_S16_f570ba,PUR_IED_ColViva_1102_S16_f570ba,,,,,
2026-09-12T05:21:03-05:00,PUR_IED_ColViva_Ext_1a26fa,PUR_IED_ColViva_Ext_1a26fa,,,,,
2026-09-12T05:21:03-05:00,PUR_IED_ColegioBici_Asist_7c8798,PUR_IED_ColegioBici_Asist_7c8798,,,,,
2026-09-12T05:21:03-05:00,PUR_IED_ColegioBici_Ext_25cbf6,PUR_IED_ColegioBici_Ext_25cbf6,,,,,
2026-09-12T05:21:03-05:00,PUR_IED_ColegioBici_LabQ_7b57db,PUR_IED_ColegioBici_LabQ_7b57db,,,,,
2026-09-12T05:21:03-05:00,PUR_IED_CostaRica_Ext_5e640,PUR_IED_CostaRica_Ext_5e640,,,,,
2026-09-12T05:21:03-05:00,PUR_IED_CostaRica_Quim1_766d1c,PUR_IED_CostaRica_Quim1_766d1c,,,,,
2026-09-12T05:21:03-05:00,PUR_IED_CostaRica__Fisica_6f0873,PUR_IED_CostaRica__Fisica_6f0873,,,,,
2026-09-12T05:21:03-05:00,PUR_IED_CulPopu_301A_f660f3,PUR_IED_CulPopu_301A_f660f3,,,,,
2026-09-12T05:21:03-05:00,PUR_IED_CulPopu_303_568afe,PUR_IED_CulPopu_303_568afe,,,,,
2026-09-12T05:21:03-05:00,PUR_IED_CulPopu_Ext_e02ccb,PUR_IED_CulPopu_Ext_e02ccb,,,,,
2026-09-12T05:21:03-05:00,PUR_IED_Cundinamarca_Ext_f15985,PUR_IED_Cundinamarca_Ext_f15985,,,,,
2026-09-12T05:21:03-05:00,PUR_IED_Cundinamarca_Info_7aa5d7,PUR_IED_Cundinamarca_Info_7aa5d7,,,,,
2026-09-12T05:21:03-05:00,PUR_IED_Cundinamarca_Tec2_f449c7,PUR_IED_Cundinamarca_Tec2_f449c7,,,,,
2026-09-12T05:21:03-05:00,PUR_IED_DiegoM_Aula1_27b314,PUR_IED_DiegoM_Aula1_27b314,,,,,
2026-09-12T05:21:03-05:00,PUR_IED_DiegoM_Ext_d80ac8,PUR_IED_DiegoM_Ext_d80ac8,,,,,
2026-09-12T05:21:03-05:00,PUR_IED_DiegoM_S25_da928f,PUR_IED_DiegoM_S25_da928f,,,,,
2026-09-12T05:21:03-05:00,PUR_IED_ELRODEO_360881,PUR_IED_ELRODEO_360881,,,,,
2026-09-12T05:21:03-05:00,PUR_IED_ELRODEO_ext_360881,PUR_IED_ELRODEO_ext_360881,,,,,
2026-09-12T05:21:03-05:00,PUR_IED_EduardoU_Ext_1c1969,PUR_IED_EduardoU_Ext_1c1969,,,,,
2026-09-12T05:21:03-05:00,PUR_IED_EduardoU_SCiencia_4dfb94,PUR_IED_EduardoU_SCiencia_4dfb94,,,,,
2026-09-12T05:21:03-05:00,PUR_IED_EduardoU_SQuimica_5a46e7,PUR_IED_EduardoU_SQuimica_5a46e7,,,,,
2026-09-12T05:21:03-05:00,PUR_IED_ElRodeo_Aula14_676984,PUR_IED_ElRodeo_Aula14_676984,,,,,
2026-09-12T05:21:03-05:00,PUR_IED_ElRodeo_Aula16_2dd35b,PUR_IED_ElRodeo_Aula16_2dd35b,,,,,
2026-09-12T05:21:03-05:00,PUR_IED_ElRodeo_Ext_360881,PUR_IED_ElRodeo_Ext_360881,,,,,
2026-09-12T05:21:03-05:00,PUR_IED_ElRodeo_Exterior_8c6d28,PUR_IED_ElRodeo_Exterior_8c6d28,,,,,
2026-09-12T05:21:03-05:00,PUR_IED_ElRodeo_ext_360881,PUR_IED_ElRodeo_ext_360881,,,,,
2026-09-12T05:21:03-05:00,PUR_IED_EmmaReyes_Ext_987625,PUR_IED_EmmaReyes_Ext_987625,9,21,53,4.6367,-74.1511
2026-09-12T05:21:03-05:00,PUR_IED_Ensueño_Ext_7f0250,PUR_IED_Ensueño_Ext_7f0250,,,,,
2026-09-12T05:21:03-05:00,PUR_IED_EscNormal_Ext_5fef3b,PUR_IED_EscNormal_Ext_5fef3b,2,17,63,4.5852,-74.096901
2026-09-12T05:21:03-05:00,PUR_IED_EscNormal_S309_5b263,PUR_IED_EscNormal_S309_5b263,,,,,
2026-09-12T05:21:03-05:00,PUR_IED_EscNormal_S310_27b3b8,PUR_IED_EscNormal_S310_27b3b8,,,,,
2026-09-12T05:21:03-05:00,PUR_IED_Evangelista_Conta_f6cd4f,PUR_IED_Evangelista_Conta_f6cd4f,,,,,
2026-09-12T05:21:03-05:00,PUR_IED_Evangelista_Cri_5e16a,PUR_IED_Evangelista_Cri_5e16a,,,,,
2026-09-12T05:21:03-05:00,PUR_IED_Evangelista_Exter_754066,PUR_IED_Evangelista_Exter_754066,,,,,
2026-09-12T05:21:03-05:00,PUR_IED_FMiranda_S209_5cc2a3,PUR_IED_FMiranda_S209_5cc2a3,,,,,
2026-09-12T05:21:03-05:00,PUR_IED_FMiranda_S303_19e344,PUR_IED_FMiranda_S303_19e344,,,,,
2026-09-12T05:21:03-05:00,PUR_IED_FMiranda_ext_f53e7c,PUR_IED_FMiranda_ext_f53e7c,,,,,
2026-09-12T05:21:03-05:00,PUR_IED_FabioLozano_Bibli_1cee05,PUR_IED_FabioLozano_Bibli_1cee05,,,,,
2026-09-12T05:21:03-05:00,PUR_IED_FabioLozano_Ext_6ea285,PUR_IED_FabioLozano_Ext_6ea285,,,,,
2026-09-12T05:21:03-05:00,PUR_IED_FabioLozano_SLudi_f09e1e,PUR_IED_FabioLozano_SLudi_f09e1e,,,,,
2026-09-12T05:21:03-05:00,PUR_IED_FaustinoS_Aula07_27a731,PUR_IED_FaustinoS_Aula07_27a731,,,,,
2026-09-12T05:21:03-05:00,PUR_IED_FaustinoS_Ext_7b936f,PUR_IED_FaustinoS_Ext_7b936f,,,,,
2026-09-12T05:21:03-05:00,PUR_IED_FaustinoS_Fisica_da2c60,PUR_IED_FaustinoS_Fisica_da2c60,,,,,
2026-09-12T05:21:03-05:00,PUR_IED_FeGarciaLo_Ext_dc68ee,PUR_IED_FeGarciaLo_Ext_dc68ee,,,,,
2026-09-12T05:21:03-05:00,PUR_IED_FeGarciaLo_SDanza_f70a59,PUR_IED_FeGarciaLo_SDanza_f70a59,,,,,
2026-09-12T05:21:03-05:00,PUR_IED_FeGarciaLo_SMusic_125cdd,PUR_IED_FeGarciaLo_SMusic_125cdd,,,,,
2026-09-12T05:21:03-05:00,PUR_IED_FederalAlema_Exte_50c345,PUR_IED_FederalAlema_Exte_50c345,,,,,
2026-09-12T05:21:03-05:00,PUR_IED_FederalAlema_S31_f18371,PUR_IED_FederalAlema_S31_f18371,,,,,
2026-09-12T05:21:03-05:00,PUR_IED_FederalAlema_S901_a62cd,PUR_IED_FederalAlema_S901_a62cd,,,,,
2026-09-12T05:21:03-05:00,PUR_IED_FilarmonicaS_A5_f35eb1,PUR_IED_FilarmonicaS_A5_f35eb1,,,,,
2026-09-12T05:21:03-05:00,PUR_IED_FilarmonicaS_Ext_8a3bde,PUR_IED_FilarmonicaS_Ext_8a3bde,,,,,
2026-09-12T05:21:03-05:00,PUR_IED_FilarmonicaS_Spol_406114,PUR_IED_FilarmonicaS_Spol_406114,,,,,
2026-09-12T05:21:03-05:00,PUR_IED_FlorentinoG_A13_d1fa59,PUR_IED_FlorentinoG_A13_d1fa59,,,,,
2026-09-12T05:21:03-05:00,PUR_IED_FlorentinoG_Ext_1ce6ce,PUR_IED_FlorentinoG_Ext_1ce6ce,,,,,
2026-09-12T05:21:03-05:00,PUR_IED_FlorentinoG_Idiom_a66aac,PUR_IED_FlorentinoG_Idiom_a66aac,,,,,
2026-09-12T05:21:03-05:00,PUR_IED_FranciscoMati_Ext_e3869d,PUR_IED_FranciscoMati_Ext_e3869d,,,,,
2026-09-12T05:21:03-05:00,PUR_IED_FranciscoMati_S13_f31c67,PUR_IED_FranciscoMati_S13_f31c67,,,,,
2026-09-12T05:21:03-05:00,PUR_IED_FranciscoMati_S14_97dead,PUR_IED_FranciscoMati_S14_97dead,,,,,
2026-09-12T05:21:03-05:00,PUR_IED_FranciscoPS_Ext_7bfa9a,PUR_IED_FranciscoPS_Ext_7bfa9a,3,19,59,4.5899,-74.110397
2026-09-12T05:21:03-05:00,PUR_IED_FranciscoPS_Infor_fb8f4c,PUR_IED_FranciscoPS_Infor_fb8f4c,,,,,
2026-09-12T05:21:03-05:00,PUR_IED_FranciscoPS_Quimi_94d39c,PUR_IED_FranciscoPS_Quimi_94d39c,,,,,
2026-09-12T05:21:03-05:00,PUR_IED_FranciscoP_LabQ_d7e148,PUR_IED_FranciscoP_LabQ_d7e148,,,,,
2026-09-12T05:21:03-05:00,PUR_IED_FranciscoP_S28_cf9b30,PUR_IED_FranciscoP_S28_cf9b30,,,,,
2026-09-12T05:21:03-05:00,PUR_IED_FranciscoP_ext_e2313,PUR_IED_FranciscoP_ext_e2313,,,,,
2026-09-12T05:21:03-05:00,PUR_IED_FriederichN_Ext_8ac92a,PUR_IED_FriederichN_Ext_8ac92a,,,,,
2026-09-12T05:21:03-05:00,PUR_IED_FriederichN_S301_dd7e5a,PUR_IED_FriederichN_S301_dd7e5a,,,,,
2026-09-12T05:21:03-05:00,PUR_IED_FriederichN_S308_761f4f,PUR_IED_FriederichN_S308_761f4f,,,,,
2026-09-12T05:21:03-05:00,PUR_IED_GSantander_Aula10_533dd7,PUR_IED_GSantander_Aula10_533dd7,,,,,
2026-09-12T05:21:03-05:00,PUR_IED_GSantander_Aula12_fd4e4f,PUR_IED_GSantander_Aula12_fd4e4f,,,,,
2026-09-12T05:21:03-05:00,PUR_IED_GSantander_Aula310_533dd7,PUR_IED_GSantander_Aula310_533dd7,,,,,
2026-09-12T05:21:03-05:00,PUR_IED_GSantander_Aula312_fd4e4f,PUR_IED_GSantander_Aula312_fd4e4f,,,,,
2026-09-12T05:21:03-05:00,PUR_IED_GSantander_Ext_5f66b0,PUR_IED_GSantander_Ext_5f66b0,,,,,
2026-09-12T05:21:03-05:00,PUR_IED_GYomasa_Ext_f6bea5,PUR_IED_GYomasa_Ext_f6bea5,,,,,
2026-09-12T05:21:03-05:00,PUR_IED_GYomasa_LBiol_2c41aa,PUR_IED_GYomasa_LBiol_2c41aa,,,,,
2026-09-12T05:21:03-05:00,PUR_IED_GYomasa_LQuim_33c80,PUR_IED_GYomasa_LQuim_33c80,,,,,
2026-09-12T05:21:03-05:00,PUR_IED_GabBetMejia_Cienc_5a99c,PUR_IED_GabBetMejia_Cienc_5a99c,,,,,
2026-09-12T05:21:03-05:00,PUR_IED_GabBetMejia_Ext_9153d0,PUR_IED_GabBetMejia_Ext_9153d0,,,,,
2026-09-12T05:21:03-05:00,PUR_IED_GabBetMejia_Lab_f55347,PUR_IED_GabBetMejia_Lab_f55347,,,,,
2026-09-12T05:21:03-05:00,PUR_IED_GabBetanMejia_Ext_9153d0,PUR_IED_GabBetanMejia_Ext_9153d0,,,,,
2026-09-12T05:21:03-05:00,PUR_IED_Gaitana_Aula13_7aac11,PUR_IED_Gaitana_Aula13_7aac11,,,,,
2026-09-12T05:21:03-05:00,PUR_IED_Gaitana_Ext_5fcf4,PUR_IED_Gaitana_Ext_5fcf4,,,,,
2026-09-12T05:21:03-05:00,PUR_IED_Gaitana_LabFisica_644448,PUR_IED_Gaitana_LabFisica_644448,,,,,
2026-09-12T05:21:03-05:00,PUR_IED_GenSantander_Dise_8ac858,PUR_IED_GenSantander_Dise_8ac858,,,,,
2026-09-12T05:21:03-05:00,PUR_IED_GenSantander_Ext_8d5dfe,PUR_IED_GenSantander_Ext_8d5dfe,,,,,
2026-09-12T05:21:03-05:00,PUR_IED_GenSantander_Info_6c25b,PUR_IED_GenSantander_Info_6c25b,,,,,
2026-09-12T05:21:03-05:00,PUR_IED_GustavoMo_Exterio_75e63d,PUR_IED_GustavoMo_Exterio_75e63d,,,,,
2026-09-12T05:21:03-05:00,PUR_IED_GustavoMo_LabFisi_224d37,PUR_IED_GustavoMo_LabFisi_224d37,,,,,
2026-09-12T05:21:03-05:00,PUR_IED_GustavoMo_S208_3e6918,PUR_IED_GustavoMo_S208_3e6918,,,,,
2026-09-12T05:21:03-05:00,PUR_IED_GustavoR_A02_8cd4a8,PUR_IED_GustavoR_A02_8cd4a8,,,,,
2026-09-12T05:21:03-05:00,PUR_IED_GustavoR_B11_5b0ed,PUR_IED_GustavoR_B11_5b0ed,,,,,
2026-09-12T05:21:03-05:00,PUR_IED_GustavoR_Ext_7a0c90,PUR_IED_GustavoR_Ext_7a0c90,,,,,
2026-09-12T05:21:03-05:00,PUR_IED_HernandoDuran_Ext_8cd82b,PUR_IED_HernandoDuran_Ext_8cd82b,,,,,
2026-09-12T05:21:03-05:00,PUR_IED_HernandoDuran_S24_2772c6,PUR_IED_HernandoDuran_S24_2772c6,,,,,
2026-09-12T05:21:03-05:00,PUR_IED_HernandoDuran_S30_f2de41,PUR_IED_HernandoDuran_S30_f2de41,,,,,
2026-09-12T05:21:03-05:00,PUR_IED_HolguInUr_S1101_8cd732,PUR_IED_HolguInUr_S1101_8cd732,,,,,
2026-09-12T05:21:03-05:00,PUR_IED_HolguinUr_Exter_ddae6d,PUR_IED_HolguinUr_Exter_ddae6d,,,,,
2026-09-12T05:21:03-05:00,PUR_IED_HolguinUr_LabQuim_92b952,PUR_IED_HolguinUr_LabQuim_92b952,,,,,
2026-09-12T05:21:03-05:00,PUR_IED_Isabel-II_Ext_5245cc,PUR_IED_Isabel-II_Ext_5245cc,9,18,59,4.6336,-74.153
2026-09-12T05:21:03-05:00,PUR_IED_Isabel-II_S_idiom_1c29aa,PUR_IED_Isabel-II_S_idiom_1c29aa,,,,,
2026-09-12T05:21:03-05:00,PUR_IED_Isabel-II_S_infor_fd741,PUR_IED_Isabel-II_S_infor_fd741,,,,,
2026-09-12T05:21:03-05:00,PUR_IED_IsidroSur_Exterio_5b90ea,PUR_IED_IsidroSur_Exterio_5b90ea,,,,,
2026-09-12T05:21:03-05:00,PUR_IED_IsidroSur_LabTec_56697a,PUR_IED_IsidroSur_LabTec_56697a,,,,,
2026-09-12T05:21:03-05:00,PUR_IED_IsidroSur_Robotic_b7c38f,PUR_IED_IsidroSur_Robotic_b7c38f,,,,,
2026-09-12T05:21:03-05:00,PUR_IED_IsmaelPerd_Ext_7b6672,PUR_IED_IsmaelPerd_Ext_7b6672,,,,,
2026-09-12T05:21:03-05:00,PUR_IED_IsmaelPerd_Inform_306540,PUR_IED_IsmaelPerd_Inform_306540,,,,,
2026-09-12T05:21:03-05:00,PUR_IED_IsmaelPerd_S30_2e2c83,PUR_IED_IsmaelPerd_S30_2e2c83,,,,,
2026-09-12T05:21:03-05:00,PUR_IED_JLozano_Exter_432910,PUR_IED_JLozano_Exter_432910,,,,,
2026-09-12T05:21:03-05:00,PUR_IED_JLozano_salaMulti_df5125,PUR_IED_JLozano_salaMulti_df5125,,,,,
2026-09-12T05:21:03-05:00,PUR_IED_JMCordoba_206_86f80b,PUR_IED_JMCordoba_206_86f80b,,,,,
2026-09-12T05:21:03-05:00,PUR_IED_JMCordoba_Ext_27ad97,PUR_IED_JMCordoba_Ext_27ad97,,,,,
2026-09-12T05:21:03-05:00,PUR_IED_JMCordoba_S310_d59ab4,PUR_IED_JMCordoba_S310_d59ab4,,,,,
2026-09-12T05:21:03-05:00,PUR_IED_Japon_Ext_549100,PUR_IED_Japon_Ext_549100,,,,,
2026-09-12T05:21:03-05:00,PUR_IED_Japon_Laboratorio_bec51d,PUR_IED_Japon_Laboratorio_bec51d,,,,,
2026-09-12T05:21:03-05:00,PUR_IED_Japon_informatica_d99327,PUR_IED_Japon_informatica_d99327,,,,,
2026-09-12T05:21:03-05:00,PUR_IED_Jazmin_Ext_d27bda,PUR_IED_Jazmin_Ext_d27bda,,,,,
2026-09-12T05:21:03-05:00,PUR_IED_Jazmin_Fisica_8d14d7,PUR_IED_Jazmin_Fisica_8d14d7,,,,,
2026-09-12T05:21:03-05:00,PUR_IED_Jazmin_Quimica_801cb5,PUR_IED_Jazmin_Quimica_801cb5,,,,,
2026-09-12T05:21:03-05:00,PUR_IED_JorgeGaitan_Exter_f098d1,PUR_IED_JorgeGaitan_Exter_f098d1,,,,,
2026-09-12T05:21:03-05:00,PUR_IED_JorgeGaitan_STec1_dc9d1d,PUR_IED_JorgeGaitan_STec1_dc9d1d,,,,,
2026-09-12T05:21:03-05:00,PUR_IED_JorgeGaitan_STec2_281e69,PUR_IED_JorgeGaitan_STec2_281e69,,,,,
2026-09-12T05:21:03-05:00,PUR_IED_JorgeSoto_Exterio_d9d0a2,PUR_IED_JorgeSoto_Exterio_d9d0a2,,,,,
2026-09-12T05:21:03-05:00,PUR_IED_JorgeSoto_LabFisi_209c54,PUR_IED_JorgeSoto_LabFisi_209c54,,,,,
2026-09-12T05:21:03-05:00,PUR_IED_JorgeSoto_S103_27b51a,PUR_IED_JorgeSoto_S103_27b51a,,,,,
2026-09-12T05:21:03-05:00,PUR_IED_JoseAcevedo_A02_e965eb,PUR_IED_JoseAcevedo_A02_e965eb,,,,,
2026-09-12T05:21:03-05:00,PUR_IED_JoseAcevedo_A07_dd5b4,PUR_IED_JoseAcevedo_A07_dd5b4,,,,,
2026-09-12T05:21:03-05:00,PUR_IED_JoseAcevedo_Ext_b47484,PUR_IED_JoseAcevedo_Ext_b47484,,,,,
2026-09-12T05:21:03-05:00,PUR_IED_JoseMarti_Exte_5b9bf,PUR_IED_JoseMarti_Exte_5b9bf,,,,,
2026-09-12T05:21:03-05:00,PUR_IED_JoseMarti_LabQuim_1c6c2d,PUR_IED_JoseMarti_LabQuim_1c6c2d,,,,,
2026-09-12T05:21:03-05:00,PUR_IED_JoseMarti_S_info_f5f177,PUR_IED_JoseMarti_S_info_f5f177,,,,,
2026-09-12T05:21:03-05:00,PUR_IED_Josejoaquin_Ext_dfc5dc,PUR_IED_Josejoaquin_Ext_dfc5dc,,,,,
2026-09-12T05:21:03-05:00,PUR_IED_Josejoaquin_S05_5b2a96,PUR_IED_Josejoaquin_S05_5b2a96,,,,,
2026-09-12T05:21:03-05:00,PUR_IED_Josejoaquin_S06_1ce7d2,PUR_IED_Josejoaquin_S06_1ce7d2,,,,,
2026-09-12T05:21:03-05:00,PUR_IED_JulioFlorez_Danza_9b82dd,PUR_IED_JulioFlorez_Danza_9b82dd,,,,,
2026-09-12T05:21:03-05:00,PUR_IED_JulioFlorez_Exter_f9f314,PUR_IED_JulioFlorez_Exter_f9f314,,,,,
2026-09-12T05:21:03-05:00,PUR_IED_JulioFlorez_info2_6b6e08,PUR_IED_JulioFlorez_info2_6b6e08,,,,,
2026-09-12T05:21:03-05:00,PUR_IED_LaBelleza_Aula13_1d00d8,PUR_IED_LaBelleza_Aula13_1d00d8,,,,,
2026-09-12T05:21:03-05:00,PUR_IED_LaBelleza_Ext_7bc08c,PUR_IED_LaBelleza_Ext_7bc08c,,,,,
2026-09-12T05:21:03-05:00,PUR_IED_LaChucua_Ext_8cd6d2,PUR_IED_LaChucua_Ext_8cd6d2,,,,,
2026-09-12T05:21:03-05:00,PUR_IED_LaChucua_S15_f578ce,PUR_IED_LaChucua_S15_f578ce,,,,,
2026-09-12T05:21:03-05:00,PUR_IED_LaChucua_S16_eebcf9,PUR_IED_LaChucua_S16_eebcf9,,,,,
2026-09-12T05:21:03-05:00,PUR_IED_LaFelicidad_Ext_fb5109,PUR_IED_LaFelicidad_Ext_fb5109,,,,,
2026-09-12T05:21:03-05:00,PUR_IED_LaMerced_206_66ebd,PUR_IED_LaMerced_206_66ebd,,,,,
2026-09-12T05:21:03-05:00,PUR_IED_LaMerced_207_6ebd6,PUR_IED_LaMerced_207_6ebd6,,,,,
2026-09-12T05:21:03-05:00,PUR_IED_LaMerced_ext_304311,PUR_IED_LaMerced_ext_304311,,,,,
2026-09-12T05:21:03-05:00,PUR_IED_Laureano_CiencNat_281e5e,PUR_IED_Laureano_CiencNat_281e5e,,,,,
2026-09-12T05:21:03-05:00,PUR_IED_Laureano_Comedor_f65c0a,PUR_IED_Laureano_Comedor_f65c0a,,,,,
2026-09-12T05:21:03-05:00,PUR_IED_Laureano_Exterior_7ab011,PUR_IED_Laureano_Exterior_7ab011,,,,,
2026-09-12T05:21:03-05:00,PUR_IED_LeonGreiff_Exte_dfe560,PUR_IED_LeonGreiff_Exte_dfe560,,,,,
2026-09-12T05:21:03-05:00,PUR_IED_LeonGreiff_S210_f264ed,PUR_IED_LeonGreiff_S210_f264ed,,,,,
2026-09-12T05:21:03-05:00,PUR_IED_LeonGreiff_SQuimi_e8296f,PUR_IED_LeonGreiff_SQuimi_e8296f,,,,,
2026-09-12T05:21:03-05:00,PUR_IED_LlanoOrientalS208_7b9fcd,PUR_IED_LlanoOrientalS208_7b9fcd,,,,,
2026-09-12T05:21:03-05:00,PUR_IED_LlanoOriental_Ext_fb3766,PUR_IED_LlanoOriental_Ext_fb3766,,,,,
2026-09-12T05:21:03-05:00,PUR_IED_LlanoOriental_S208_7b9fcd,PUR_IED_LlanoOriental_S208_7b9fcd,,,,,
2026-09-12T05:21:03-05:00,PUR_IED_LlanoOriental_S9_27b378,PUR_IED_LlanoOriental_S9_27b378,,,,,
2026-09-12T05:21:03-05:00,PUR_IED_LosTejares_1101_477602,PUR_IED_LosTejares_1101_477602,,,,,
2026-09-12T05:21:03-05:00,PUR_IED_LosTejares_11_d2c595,PUR_IED_LosTejares_11_d2c595,,,,,
2026-09-12T05:21:03-05:00,PUR_IED_LosTejares_12_477602,PUR_IED_LosTejares_12_477602,,,,,
2026-09-12T05:21:03-05:00,PUR_IED_LosTejares_Ext_8e2115,PUR_IED_LosTejares_Ext_8e2115,,,,,
2026-09-12T05:21:03-05:00,PUR_IED_MagdalenaO_B202_5ddda3,PUR_IED_MagdalenaO_B202_5ddda3,,,,,
2026-09-12T05:21:03-05:00,PUR_IED_MagdalenaO_B205_fb76e8,PUR_IED_MagdalenaO_B205_fb76e8,,,,,
2026-09-12T05:21:03-05:00,PUR_IED_MagdalenaO_ext_dc69cd,PUR_IED_MagdalenaO_ext_dc69cd,,,,,
2026-09-12T05:21:03-05:00,PUR_IED_ManueCepeda_artes_eee956,PUR_IED_ManueCepeda_artes_eee956,,,,,
2026-09-12T05:21:03-05:00,PUR_IED_ManuelCepeda_Ext_58313,PUR_IED_ManuelCepeda_Ext_58313,,,,,
2026-09-12T05:21:03-05:00,PUR_IED_ManuelCepeda_tec_1c5731,PUR_IED_ManuelCepeda_tec_1c5731,,,,,
2026-09-12T05:21:03-05:00,PUR_IED_ManuelS_Exterior_5b269,PUR_IED_ManuelS_Exterior_5b269,,,,,
2026-09-12T05:21:03-05:00,PUR_IED_ManuelS_Inform_f369ce,PUR_IED_ManuelS_Inform_f369ce,,,,,
2026-09-12T05:21:03-05:00,PUR_IED_ManuelS_SArtes_7d15f1,PUR_IED_ManuelS_SArtes_7d15f1,,,,,
2026-09-12T05:21:03-05:00,PUR_IED_ManuelZapata_303_3ca6,PUR_IED_ManuelZapata_303_3ca6,,,,,
2026-09-12T05:21:03-05:00,PUR_IED_ManuelZapata_311_bfbabc,PUR_IED_ManuelZapata_311_bfbabc,,,,,
2026-09-12T05:21:03-05:00,PUR_IED_ManuelZapata_Ext_50824a,PUR_IED_ManuelZapata_Ext_50824a,,,,,
2026-09-12T05:21:03-05:00,PUR_IED_ManuelitaS_Exteri_656a92,PUR_IED_ManuelitaS_Exteri_656a92,,,,,
2026-09-12T05:21:03-05:00,PUR_IED_ManuelitaS_JuzgDe_f58ec3,PUR_IED_ManuelitaS_JuzgDe_f58ec3,,,,,
2026-09-12T05:21:03-05:00,PUR_IED_ManuelitaS_Recrea_d793db,PUR_IED_ManuelitaS_Recrea_d793db,,,,,
2026-09-12T05:21:03-05:00,PUR_IED_MarFidSuarez_Ext_c27b19,PUR_IED_MarFidSuarez_Ext_c27b19,,,,,
2026-09-12T05:21:03-05:00,PUR_IED_MarFidSuarez_Info_e384d7,PUR_IED_MarFidSuarez_Info_e384d7,,,,,
2026-09-12T05:21:03-05:00,PUR_IED_MarFidSuarez_S306_1d0032,PUR_IED_MarFidSuarez_S306_1d0032,,,,,
2026-09-12T05:21:03-05:00,PUR_IED_Menorah_301_2a25a3,PUR_IED_Menorah_301_2a25a3,,,,,
2026-09-12T05:21:03-05:00,PUR_IED_Menorah_306_37ed3,PUR_IED_Menorah_306_37ed3,,,,,
2026-09-12T05:21:03-05:00,PUR_IED_Menorah_Ext_3e155b,PUR_IED_Menorah_Ext_3e155b,,,,,
2026-09-12T05:21:03-05:00,PUR_IED_MinutoB.Aires_A11_1b1604,PUR_IED_MinutoB.Aires_A11_1b1604,,,,,
2026-09-12T05:21:03-05:00,PUR_IED_MinutoB.Aires_A12_fb5860,PUR_IED_MinutoB.Aires_A12_fb5860,,,,,
2026-09-12T05:21:03-05:00,PUR_IED_MinutoB.Aires_Ext_81293f,PUR_IED_MinutoB.Aires_Ext_81293f,,,,,
2026-09-12T05:21:03-05:00,PUR_IED_MinutoBAires_A11_1b1604,PUR_IED_MinutoBAires_A11_1b1604,,,,,
2026-09-12T05:21:03-05:00,PUR_IED_MinutoBAires_A12_fb5860,PUR_IED_MinutoBAires_A12_fb5860,,,,,
2026-09-12T05:21:03-05:00,PUR_IED_MinutoBAires_Ext_81293f,PUR_IED_MinutoBAires_Ext_81293f,,,,,
2026-09-12T05:21:03-05:00,PUR_IED_Montreal_Aula10_1e4959,PUR_IED_Montreal_Aula10_1e4959,,,,,
2026-09-12T05:21:03-05:00,PUR_IED_Montreal_Aula6_300367,PUR_IED_Montreal_Aula6_300367,,,,,
2026-09-12T05:21:03-05:00,PUR_IED_Montreal_Exterior_91a179,PUR_IED_Montreal_Exterior_91a179,,,,,
2026-09-12T05:21:03-05:00,PUR_IED_Mqgdalena_B202_5ddda3,PUR_IED_Mqgdalena_B202_5ddda3,,,,,
2026-09-12T05:21:03-05:00,PUR_IED_NACUND_Soc_dc8728,PUR_IED_NACUND_Soc_dc8728,,,,,
2026-09-12T05:21:03-05:00,PUR_IED_NACUND_ext_27ad97,PUR_IED_NACUND_ext_27ad97,,,,,
2026-09-12T05:21:03-05:00,PUR_IED_NEsperanza_Ext_d24b61,PUR_IED_NEsperanza_Ext_d24b61,,,,,
2026-09-12T05:21:03-05:00,PUR_IED_NEsperanza_SElect_7d1807,PUR_IED_NEsperanza_SElect_7d1807,,,,,
2026-09-12T05:21:03-05:00,PUR_IED_NEsperanza_SLabor_8b2d0a,PUR_IED_NEsperanza_SLabor_8b2d0a,,,,,
2026-09-12T05:21:03-05:00,PUR_IED_NacionesU_Ext_f661a9,PUR_IED_NacionesU_Ext_f661a9,,,,,
2026-09-12T05:21:03-05:00,PUR_IED_NacionesU_Quimica_66f0a,PUR_IED_NacionesU_Quimica_66f0a,,,,,
2026-09-12T05:21:03-05:00,PUR_IED_NacionesU_S306_1b4b3d,PUR_IED_NacionesU_S306_1b4b3d,,,,,
2026-09-12T05:21:03-05:00,PUR_IED_NestorFA_Ext_e4201c,PUR_IED_NestorFA_Ext_e4201c,,,,,
2026-09-12T05:21:03-05:00,PUR_IED_NestorFA_Laborato_f22fe0,PUR_IED_NestorFA_Laborato_f22fe0,,,,,
2026-09-12T05:21:03-05:00,PUR_IED_NestorFA_S204_dee996,PUR_IED_NestorFA_S204_dee996,,,,,
2026-09-12T05:21:03-05:00,PUR_IED_NidyaQT_Aula03_76999b,PUR_IED_NidyaQT_Aula03_76999b,,,,,
2026-09-12T05:21:03-05:00,PUR_IED_NidyaQT_Aula10_56325,PUR_IED_NidyaQT_Aula10_56325,,,,,
2026-09-12T05:21:03-05:00,PUR_IED_NidyaQT_Ext_46e32d,PUR_IED_NidyaQT_Ext_46e32d,,,,,
2026-09-12T05:21:03-05:00,PUR_IED_NuevaCol_Exterior_d9b859,PUR_IED_NuevaCol_Exterior_d9b859,,,,,
2026-09-12T05:21:03-05:00,PUR_IED_NuevaCol_S1101_76c43b,PUR_IED_NuevaCol_S1101_76c43b,,,,,
2026-09-12T05:21:03-05:00,PUR_IED_NuevaCol_S1102_1ce0b5,PUR_IED_NuevaCol_S1102_1ce0b5,,,,,
2026-09-12T05:21:03-05:00,PUR_IED_OEA_A202_f7e3f2,PUR_IED_OEA_A202_f7e3f2,,,,,
2026-09-12T05:21:03-05:00,PUR_IED_OEA_A203_7d1b8d,PUR_IED_OEA_A203_7d1b8d,,,,,
2026-09-12T05:21:03-05:00,PUR_IED_OEA_Ext_27b593,PUR_IED_OEA_Ext_27b593,,,,,
2026-09-12T05:21:03-05:00,PUR_IED_Ochoa_Ext_1c29da,PUR_IED_Ochoa_Ext_1c29da,,,,,
2026-09-12T05:21:03-05:00,PUR_IED_Ochoa_S205_8b1121,PUR_IED_Ochoa_S205_8b1121,,,,,
2026-09-12T05:21:03-05:00,PUR_IED_Ochoa_Sistemas_f33af6,PUR_IED_Ochoa_Sistemas_f33af6,,,,,
2026-09-12T05:21:03-05:00,PUR_IED_PQuebec_Ext_1c67c7,PUR_IED_PQuebec_Ext_1c67c7,,,,,
2026-09-12T05:21:03-05:00,PUR_IED_PQuebec_S15_23e8e2,PUR_IED_PQuebec_S15_23e8e2,,,,,
2026-09-12T05:21:03-05:00,PUR_IED_PQuebec_S16_8ec76b,PUR_IED_PQuebec_S16_8ec76b,,,,,
2026-09-12T05:21:03-05:00,PUR_IED_PabloN_Ext_49dc96,PUR_IED_PabloN_Ext_49dc96,,,,,
2026-09-12T05:21:03-05:00,PUR_IED_PabloN_S1102_4e3df5,PUR_IED_PabloN_S1102_4e3df5,,,,,
2026-09-12T05:21:03-05:00,PUR_IED_PabloN_S1103_50c94b,PUR_IED_PabloN_S1103_50c94b,,,,,
2026-09-12T05:21:03-05:00,PUR_IED_Palestina_S1101_db9198,PUR_IED_Palestina_S1101_db9198,,,,,
2026-09-12T05:21:03-05:00,PUR_IED_Palestina_S1102_dc54fa,PUR_IED_Palestina_S1102_dc54fa,,,,,
2026-09-12T05:21:03-05:00,PUR_IED_Palestina_ext_4ccce6,PUR_IED_Palestina_ext_4ccce6,,,,,
2026-09-12T05:21:03-05:00,PUR_IED_Panama_Fisica_4d0794,PUR_IED_Panama_Fisica_4d0794,,,,,
2026-09-12T05:21:03-05:00,PUR_IED_Panama_SIngles_a4077e,PUR_IED_Panama_SIngles_a4077e,,,,,
2026-09-12T05:21:03-05:00,PUR_IED_Panama_ext_4c54b4,PUR_IED_Panama_ext_4c54b4,,,,,
2026-09-12T05:21:03-05:00,PUR_IED_ParaisoM_Exterior_8cd7f0,PUR_IED_ParaisoM_Exterior_8cd7f0,,,,,
2026-09-12T05:21:03-05:00,PUR_IED_ParaisoM_Laborato_27af35,PUR_IED_ParaisoM_Laborato_27af35,,,,,
2026-09-12T05:21:03-05:00,PUR_IED_ParaisoM_S304_d1edca,PUR_IED_ParaisoM_S304_d1edca,,,,,
2026-09-12T05:21:03-05:00,PUR_IED_PorfirioBarba_Ext_301466,PUR_IED_PorfirioBarba_Ext_301466,,,,,
2026-09-12T05:21:03-05:00,PUR_IED_PorfirioBarba_S11_df6cd2,PUR_IED_PorfirioBarba_S11_df6cd2,,,,,
2026-09-12T05:21:03-05:00,PUR_IED_PorfirioBarba_S29_27a7d6,PUR_IED_PorfirioBarba_S29_27a7d6,,,,,
2026-09-12T05:21:03-05:00,PUR_IED_PradoV_Exter_8b27ad,PUR_IED_PradoV_Exter_8b27ad,,,,,
2026-09-12T05:21:03-05:00,PUR_IED_PradoV_S301_de65b5,PUR_IED_PradoV_S301_de65b5,,,,,
2026-09-12T05:21:03-05:00,PUR_IED_PradoV_S302_7d2593,PUR_IED_PradoV_S302_7d2593,,,,,
2026-09-12T05:21:03-05:00,PUR_IED_QuirogaAlz_Ext_1ddc82,PUR_IED_QuirogaAlz_Ext_1ddc82,,,,,
2026-09-12T05:21:03-05:00,PUR_IED_QuirogaAlz_S302_9926a3,PUR_IED_QuirogaAlz_S302_9926a3,,,,,
2026-09-12T05:21:03-05:00,PUR_IED_QuirogaAlz_S305_cdf1f1,PUR_IED_QuirogaAlz_S305_cdf1f1,,,,,
2026-09-12T05:21:03-05:00,PUR_IED_RGuatemala_Biling_dc53b7,PUR_IED_RGuatemala_Biling_dc53b7,,,,,
2026-09-12T05:21:03-05:00,PUR_IED_RGuatemala_Ext_1b89a3,PUR_IED_RGuatemala_Ext_1b89a3,,,,,
2026-09-12T05:21:03-05:00,PUR_IED_RGuatemala_Tecnol_281a34,PUR_IED_RGuatemala_Tecnol_281a34,,,,,
2026-09-12T05:21:03-05:00,PUR_IED_RafaNu_Ext_f7c302,PUR_IED_RafaNu_Ext_f7c302,,,,,
2026-09-12T05:21:03-05:00,PUR_IED_RafaNu_S1101_25fde,PUR_IED_RafaNu_S1101_25fde,,,,,
2026-09-12T05:21:03-05:00,PUR_IED_RafaNu_S1102_281517,PUR_IED_RafaNu_S1102_281517,,,,,
2026-09-12T05:21:03-05:00,PUR_IED_RafaelB_S305_ee2783,PUR_IED_RafaelB_S305_ee2783,,,,,
2026-09-12T05:21:03-05:00,PUR_IED_RafaelB_S306_75fe33,PUR_IED_RafaelB_S306_75fe33,,,,,
2026-09-12T05:21:03-05:00,PUR_IED_RafaelB_ext_283336,PUR_IED_RafaelB_ext_283336,3,18,62,4.6722,-74.0737
2026-09-12T05:21:03-05:00,PUR_IED_RafaelUU_Exterior_281a51,PUR_IED_RafaelUU_Exterior_281a51,,,,,
2026-09-12T05:21:03-05:00,PUR_IED_RafaelUU_Human_806b2,PUR_IED_RafaelUU_Human_806b2,,,,,
2026-09-12T05:21:03-05:00,PUR_IED_RafaelUU_Mate2_5680d4,PUR_IED_RafaelUU_Mate2_5680d4,,,,,
2026-09-12T05:21:03-05:00,PUR_IED_RamonSub_Ext_f9eeb9,PUR_IED_RamonSub_Ext_f9eeb9,,,,,
2026-09-12T05:21:03-05:00,PUR_IED_RamonSub_Media_d1f62f,PUR_IED_RamonSub_Media_d1f62f,,,,,
2026-09-12T05:21:03-05:00,PUR_IED_RamonSub_planta_51b82,PUR_IED_RamonSub_planta_51b82,,,,,
2026-09-12T05:21:03-05:00,PUR_IED_RepBoliVene_Exter_27af7c,PUR_IED_RepBoliVene_Exter_27af7c,,,,,
2026-09-12T05:21:03-05:00,PUR_IED_RepBoliVene_SCPT_5ae2ee,PUR_IED_RepBoliVene_SCPT_5ae2ee,,,,,
2026-09-12T05:21:03-05:00,PUR_IED_RepBoliVene_Socia_4b11d5,PUR_IED_RepBoliVene_Socia_4b11d5,,,,,
2026-09-12T05:21:03-05:00,PUR_IED_RepChina_Ext_76d9ee,PUR_IED_RepChina_Ext_76d9ee,,,,,
2026-09-12T05:21:03-05:00,PUR_IED_RepChina_S404_7c804c,PUR_IED_RepChina_S404_7c804c,,,,,
2026-09-12T05:21:03-05:00,PUR_IED_RepChina_S405_df2c33,PUR_IED_RepChina_S405_df2c33,,,,,
2026-09-12T05:21:03-05:00,PUR_IED_RepublicaC_Exteri_7d1ec9,PUR_IED_RepublicaC_Exteri_7d1ec9,,,,,
2026-09-12T05:21:03-05:00,PUR_IED_RepublicaC_S1101_f544b3,PUR_IED_RepublicaC_S1101_f544b3,,,,,
2026-09-12T05:21:03-05:00,PUR_IED_RepublicaC_S1102_7aafc7,PUR_IED_RepublicaC_S1102_7aafc7,,,,,
2026-09-12T05:21:03-05:00,PUR_IED_Ricaurte_Externo_a0ea1,PUR_IED_Ricaurte_Externo_a0ea1,,,,,
2026-09-12T05:21:03-05:00,PUR_IED_Ricaurte_S210_f546fd,PUR_IED_Ricaurte_S210_f546fd,,,,,
2026-09-12T05:21:03-05:00,PUR_IED_Ricaurte_S309_d4452,PUR_IED_Ricaurte_S309_d4452,,,,,
2026-09-12T05:21:03-05:00,PUR_IED_RogelioS_1102_531e69,PUR_IED_RogelioS_1102_531e69,,,,,
2026-09-12T05:21:03-05:00,PUR_IED_RogelioS_Ext_f25a18,PUR_IED_RogelioS_Ext_f25a18,,,,,
2026-09-12T05:21:03-05:00,PUR_IED_SBernardino_Ext_27aff8,PUR_IED_SBernardino_Ext_27aff8,,,,,
2026-09-12T05:21:03-05:00,PUR_IED_SBernardino_SArte_2ffd33,PUR_IED_SBernardino_SArte_2ffd33,,,,,
2026-09-12T05:21:03-05:00,PUR_IED_SBernardino_SIngl_7c7da5,PUR_IED_SBernardino_SIngl_7c7da5,,,,,
2026-09-12T05:21:03-05:00,PUR_IED_Sago_auditorio_dc9d1d,PUR_IED_Sago_auditorio_dc9d1d,,,,,
2026-09-12T05:21:03-05:00,PUR_IED_Saludcoop_Ext_95aac3,PUR_IED_Saludcoop_Ext_95aac3,,,,,
2026-09-12T05:21:03-05:00,PUR_IED_Saludcoop_InfI_90c854,PUR_IED_Saludcoop_InfI_90c854,,,,,
2026-09-12T05:21:03-05:00,PUR_IED_Saludcoop_SMedia_1b93be,PUR_IED_Saludcoop_SMedia_1b93be,,,,,
2026-09-12T05:21:03-05:00,PUR_IED_SanCarlos_1101_1a2360,PUR_IED_SanCarlos_1101_1a2360,,,,,
2026-09-12T05:21:03-05:00,PUR_IED_SanCarlos_1103_7bafb5,PUR_IED_SanCarlos_1103_7bafb5,,,,,
2026-09-12T05:21:03-05:00,PUR_IED_SanCarlos_Ext_b7cd1,PUR_IED_SanCarlos_Ext_b7cd1,,,,,
2026-09-12T05:21:03-05:00,PUR_IED_SanIgnacioBosa11a_50c26e,PUR_IED_SanIgnacioBosa11a_50c26e,,,,,
2026-09-12T05:21:03-05:00,PUR_IED_SanIgnacioBosa11b_371de8,PUR_IED_SanIgnacioBosa11b_371de8,,,,,
2026-09-12T05:21:03-05:00,PUR_IED_SanIgnacioBosaExt_ef0ffc,PUR_IED_SanIgnacioBosaExt_ef0ffc,,,,,
2026-09-12T05:21:03-05:00,PUR_IED_SanIgnacioBosa_11a_50c26e,PUR_IED_SanIgnacioBosa_11a_50c26e,,,,,
2026-09-12T05:21:03-05:00,PUR_IED_SanIgnacioBosa_Ext_ef0ffc,PUR_IED_SanIgnacioBosa_Ext_ef0ffc,,,,,
2026-09-12T05:21:03-05:00,PUR_IED_SanJoseN_intS1101_31c47f,PUR_IED_SanJoseN_intS1101_31c47f,,,,,
2026-09-12T05:21:03-05:00,PUR_IED_SanJoseUsm_Exter_f5d7e8,PUR_IED_SanJoseUsm_Exter_f5d7e8,,,,,
2026-09-12T05:21:03-05:00,PUR_IED_SanJoseUsm_Int11A_cfdef6,PUR_IED_SanJoseUsm_Int11A_cfdef6,,,,,
2026-09-12T05:21:03-05:00,PUR_IED_SilveriaR_IntB5_905349,PUR_IED_SilveriaR_IntB5_905349,,,,,
2026-09-12T05:21:03-05:00,PUR_IED_SilveriaR_IntSD14_981f93,PUR_IED_SilveriaR_IntSD14_981f93,,,,,
2026-09-12T05:21:03-05:00,PUR_IED_SilveriaR_ext_2b651d,PUR_IED_SilveriaR_ext_2b651d,,,,,
2026-09-12T05:21:03-05:00,PUR_IED_SimonB_Exterior_913975,PUR_IED_SimonB_Exterior_913975,,,,,
2026-09-12T05:21:03-05:00,PUR_IED_SimonB_LabQuimi_c56908,PUR_IED_SimonB_LabQuimi_c56908,,,,,
2026-09-12T05:21:03-05:00,PUR_IED_SimonB_informatic_a28c1,PUR_IED_SimonB_informatic_a28c1,,,,,
2026-09-12T05:21:03-05:00,PUR_IED_Sorrento_1102_315f50,PUR_IED_Sorrento_1102_315f50,,,,,
2026-09-12T05:21:03-05:00,PUR_IED_Sorrento_Minte_214eab,PUR_IED_Sorrento_Minte_214eab,,,,,
2026-09-12T05:21:03-05:00,PUR_IED_Sorrento_ext_7c3a0a,PUR_IED_Sorrento_ext_7c3a0a,,,,,
2026-09-12T05:21:03-05:00,PUR_IED_Tabora_Ext_f048ae,PUR_IED_Tabora_Ext_f048ae,,,,,
2026-09-12T05:21:03-05:00,PUR_IED_Tabora_S1102_b07752,PUR_IED_Tabora_S1102_b07752,,,,,
2026-09-12T05:21:03-05:00,PUR_IED_Tabora_S1103_d988f5,PUR_IED_Tabora_S1103_d988f5,,,,,
2026-09-12T05:21:03-05:00,PUR_IED_Tenerife_Ext_1ab188,PUR_IED_Tenerife_Ext_1ab188,,,,,
2026-09-12T05:21:03-05:00,PUR_IED_Tenerife_SDanzas_7bc02e,PUR_IED_Tenerife_SDanzas_7bc02e,,,,,
2026-09-12T05:21:03-05:00,PUR_IED_Tenerife_SIngles_7cc277,PUR_IED_Tenerife_SIngles_7cc277,,,,,
2026-09-12T05:21:03-05:00,PUR_IED_Tibabuyes_Exter_f2683d,PUR_IED_Tibabuyes_Exter_f2683d,,,,,
2026-09-12T05:21:03-05:00,PUR_IED_Tibabuyes_S10_dc87a8,PUR_IED_Tibabuyes_S10_dc87a8,,,,,
2026-09-12T05:21:03-05:00,PUR_IED_Tibabuyes_S15_dc0526,PUR_IED_Tibabuyes_S15_dc0526,,,,,
2026-09-12T05:21:03-05:00,PUR_IED_UnionE_S301_a1043,PUR_IED_UnionE_S301_a1043,,,,,
2026-09-12T05:21:03-05:00,PUR_IED_UnionE_S307_ff6c2f,PUR_IED_UnionE_S307_ff6c2f,,,,,
2026-09-12T05:21:03-05:00,PUR_IED_UnionE__Ext_5e2468,PUR_IED_UnionE__Ext_5e2468,,,,,
2026-09-12T05:21:03-05:00,PUR_IED_VillaRica_Ext_75be7c,PUR_IED_VillaRica_Ext_75be7c,,,,,
2026-09-12T05:21:03-05:00,PUR_IED_VillaRica_S4_cc5dcd,PUR_IED_VillaRica_S4_cc5dcd,,,,,
2026-09-12T05:21:03-05:00,PUR_IED_VillaRica_Sesp_99f5c,PUR_IED_VillaRica_Sesp_99f5c,,,,,
2026-09-12T05:26:39-05:00,PUR_IED_20deJulio_1101_91b1b9,PUR_IED_20deJulio_1101_91b1b9,,,,,
2026-09-12T05:26:39-05:00,PUR_IED_20deJulio_1102_1cfcf9,PUR_IED_20deJulio_1102_1cfcf9,,,,,
2026-09-12T05:26:39-05:00,PUR_IED_20deJulio_Ext_ab60bd,PUR_IED_20deJulio_Ext_ab60bd,,,,,
2026-09-12T05:26:39-05:00,PUR_IED_AgustinFer_Ext_7b9b77,PUR_IED_AgustinFer_Ext_7b9b77,,,,,
2026-09-12T05:26:39-05:00,PUR_IED_AgustinFer_Info2_27b3a7,PUR_IED_AgustinFer_Info2_27b3a7,,,,,
2026-09-12T05:26:39-05:00,PUR_IED_AgustinFer_Sena_54b4eb,PUR_IED_AgustinFer_Sena_54b4eb,,,,,
2026-09-12T05:26:39-05:00,PUR_IED_AlexanderF_1102_caf07b,PUR_IED_AlexanderF_1102_caf07b,,,,,
2026-09-12T05:26:39-05:00,PUR_IED_AlexanderF_1103_c79e71,PUR_IED_AlexanderF_1103_c79e71,,,,,
2026-09-12T05:26:39-05:00,PUR_IED_AlexanderF_Ext_c5b18b,PUR_IED_AlexanderF_Ext_c5b18b,,,,,
2026-09-12T05:26:39-05:00,PUR_IED_AlfonsoLopez_Ext_281d77,PUR_IED_AlfonsoLopez_Ext_281d77,,,,,
2026-09-12T05:26:39-05:00,PUR_IED_AlfonsoLopez_LabF_888ce0,PUR_IED_AlfonsoLopez_LabF_888ce0,,,,,
2026-09-12T05:26:39-05:00,PUR_IED_AlfonsoLopez_SMed_df6a7f,PUR_IED_AlfonsoLopez_SMed_df6a7f,,,,,
2026-09-12T05:26:39-05:00,PUR_IED_AltamiraSO_A2_209f92,PUR_IED_AltamiraSO_A2_209f92,,,,,
2026-09-12T05:26:39-05:00,PUR_IED_AltamiraSO_Ext_186d66,PUR_IED_AltamiraSO_Ext_186d66,,,,,
2026-09-12T05:26:39-05:00,PUR_IED_AltamiraSO_Sistem_27afe1,PUR_IED_AltamiraSO_Sistem_27afe1,,,,,
2026-09-12T05:26:39-05:00,PUR_IED_AlvaroGom_LabQuim_813179,PUR_IED_AlvaroGom_LabQuim_813179,,,,,
2026-09-12T05:26:39-05:00,PUR_IED_AlvaroGomez_Ext_47c7ca,PUR_IED_AlvaroGomez_Ext_47c7ca,,,,,
2026-09-12T05:26:39-05:00,PUR_IED_AlvaroGomez_LabQuim_813179,PUR_IED_AlvaroGomez_LabQuim_813179,,,,,
2026-09-12T05:26:39-05:00,PUR_IED_AlvaroGomez_S23_7ba89f,PUR_IED_AlvaroGomez_S23_7ba89f,,,,,
2026-09-12T05:26:39-05:00,PUR_IED_Amistad_306_dc8728,PUR_IED_Amistad_306_dc8728,,,,,
2026-09-12T05:26:39-05:00,PUR_IED_Amistad_Ext_8cd55e,PUR_IED_Amistad_Ext_8cd55e,,,,,
2026-09-12T05:26:39-05:00,PUR_IED_Amistad_S202_a41169,PUR_IED_Amistad_S202_a41169,,,,,
2026-09-12T05:26:39-05:00,PUR_IED_AndresBello_Bio_fd5f5e,PUR_IED_AndresBello_Bio_fd5f5e,,,,,
2026-09-12T05:26:39-05:00,PUR_IED_AndresBello_ext_dcad65,PUR_IED_AndresBello_ext_dcad65,,,,,
2026-09-12T05:26:39-05:00,PUR_IED_AndresBello_port_eed3ec,PUR_IED_AndresBello_port_eed3ec,,,,,
2026-09-12T05:26:39-05:00,PUR_IED_AngelaR_11b_d90a6b,PUR_IED_AngelaR_11b_d90a6b,,,,,
2026-09-12T05:26:39-05:00,PUR_IED_AngelaR_ext_7cad3e,PUR_IED_AngelaR_ext_7cad3e,4,17,66,4.5825,-74.164497
2026-09-12T05:26:39-05:00,PUR_IED_AntJoseSucre_10mo_df2575,PUR_IED_AntJoseSucre_10mo_df2575,,,,,
2026-09-12T05:26:39-05:00,PUR_IED_AntJoseSucre_Ext_215b36,PUR_IED_AntJoseSucre_Ext_215b36,,,,,
2026-09-12T05:26:39-05:00,PUR_IED_AntJoseSucre_Lab_3139de,PUR_IED_AntJoseSucre_Lab_3139de,,,,,
2026-09-12T05:26:39-05:00,PUR_IED_AntonioGarcia_301_d6b188,PUR_IED_AntonioGarcia_301_d6b188,,,,,
2026-09-12T05:26:39-05:00,PUR_IED_AntonioGarcia_302_88a82,PUR_IED_AntonioGarcia_302_88a82,,,,,
2026-09-12T05:26:39-05:00,PUR_IED_AntonioGarcia_Ext_20950c,PUR_IED_AntonioGarcia_Ext_20950c,,,,,
2026-09-12T05:26:39-05:00,PUR_IED_AntonioVan_Aula2_6dea02,PUR_IED_AntonioVan_Aula2_6dea02,,,,,
2026-09-12T05:26:39-05:00,PUR_IED_AntonioVan_Aula5_f1557e,PUR_IED_AntonioVan_Aula5_f1557e,,,,,
2026-09-12T05:26:39-05:00,PUR_IED_AntonioVan_Ext_406f2f,PUR_IED_AntonioVan_Ext_406f2f,,,,,
2026-09-12T05:26:39-05:00,PUR_IED_Atabanzha_Ext_cc5af9,PUR_IED_Atabanzha_Ext_cc5af9,,,,,
2026-09-12T05:26:39-05:00,PUR_IED_Atabanzha_SA101_56c37,PUR_IED_Atabanzha_SA101_56c37,,,,,
2026-09-12T05:26:39-05:00,PUR_IED_Atabanzha_SB302_27b374,PUR_IED_Atabanzha_SB302_27b374,,,,,
2026-09-12T05:26:39-05:00,PUR_IED_Atahualpa_Ext_fc1748,PUR_IED_Atahualpa_Ext_fc1748,,,,,
2026-09-12T05:26:39-05:00,PUR_IED_Atahualpa_Informa_dc9a95,PUR_IED_Atahualpa_Informa_dc9a95,,,,,
2026-09-12T05:26:39-05:00,PUR_IED_Atahualpa_S1101_f98056,PUR_IED_Atahualpa_S1101_f98056,,,,,
2026-09-12T05:26:39-05:00,PUR_IED_Bellavista_Ext_f5aa74,PUR_IED_Bellavista_Ext_f5aa74,,,,,
2026-09-12T05:26:39-05:00,PUR_IED_Bilbao_11A_916c41,PUR_IED_Bilbao_11A_916c41,,,,,
2026-09-12T05:26:39-05:00,PUR_IED_Bilbao_Ext_fb579a,PUR_IED_Bilbao_Ext_fb579a,,,,,
2026-09-12T05:26:39-05:00,PUR_IED_BrasiliaU_A125_304280,PUR_IED_BrasiliaU_A125_304280,,,,,
2026-09-12T05:26:39-05:00,PUR_IED_BrasiliaU_A203_7c8ca5,PUR_IED_BrasiliaU_A203_7c8ca5,,,,,
2026-09-12T05:26:39-05:00,PUR_IED_BrasiliaU_Ext_8d6e9f,PUR_IED_BrasiliaU_Ext_8d6e9f,5,16,66,4.5175,-74.116302
2026-09-12T05:26:39-05:00,PUR_IED_Brasilia_Ext_fe6593,PUR_IED_Brasilia_Ext_fe6593,,,,,
2026-09-12T05:26:39-05:00,PUR_IED_Brasilia_S24_7c130d,PUR_IED_Brasilia_S24_7c130d,,,,,
2026-09-12T05:26:39-05:00,PUR_IED_Brasilia_S501_186a54,PUR_IED_Brasilia_S501_186a54,,,,,
2026-09-12T05:26:39-05:00,PUR_IED_CHARRY_EXT_f1d5cd,PUR_IED_CHARRY_EXT_f1d5cd,,,,,
2026-09-12T05:26:39-05:00,PUR_IED_CHARRY_INTDANZAS_7a08e6,PUR_IED_CHARRY_INTDANZAS_7a08e6,,,,,
2026-09-12T05:26:39-05:00,PUR_IED_CHARRY_INT_AULA20_dc998d,PUR_IED_CHARRY_INT_AULA20_dc998d,,,,,
2026-09-12T05:26:39-05:00,PUR_IED_COLVIV_1101_S25_7f520a,PUR_IED_COLVIV_1101_S25_7f520a,,,,,
2026-09-12T05:26:39-05:00,PUR_IED_COLVIV_1102_S16_f570ba,PUR_IED_COLVIV_1102_S16_f570ba,,,,,
2026-09-12T05:26:39-05:00,PUR_IED_COLVIV_Ext_1a26fa,PUR_IED_COLVIV_Ext_1a26fa,,,,,
2026-09-12T05:26:39-05:00,PUR_IED_CULPOP_301A_f660f3,PUR_IED_CULPOP_301A_f660f3,,,,,
2026-09-12T05:26:39-05:00,PUR_IED_CULPOP_303_568afe,PUR_IED_CULPOP_303_568afe,,,,,
2026-09-12T05:26:39-05:00,PUR_IED_CULPOP_Ext_e02ccb,PUR_IED_CULPOP_Ext_e02ccb,,,,,
2026-09-12T05:26:39-05:00,PUR_IED_CVillavicen_Ext_26eb58,PUR_IED_CVillavicen_Ext_26eb58,5,14,82,4.487,-74.102798
2026-09-12T05:26:39-05:00,PUR_IED_CVillavicen_Intel_1ce5c2,PUR_IED_CVillavicen_Intel_1ce5c2,,,,,
2026-09-12T05:26:39-05:00,PUR_IED_CVillavicen_Poliv_e0766c,PUR_IED_CVillavicen_Poliv_e0766c,,,,,
2026-09-12T05:26:39-05:00,PUR_IED_CVillavicen_int_1ba140,PUR_IED_CVillavicen_int_1ba140,,,,,
2026-09-12T05:26:39-05:00,PUR_IED_CVillavicen_intel_1ba140,PUR_IED_CVillavicen_intel_1ba140,,,,,
2026-09-12T05:26:39-05:00,PUR_IED_CarlosPizarro_Ext_e307cc,PUR_IED_CarlosPizarro_Ext_e307cc,,,,,
2026-09-12T05:26:39-05:00,PUR_IED_CarlosPizarro_L36_7e5cdb,PUR_IED_CarlosPizarro_L36_7e5cdb,,,,,
2026-09-12T05:26:39-05:00,PUR_IED_CarlosPizarro_L37_c8566c,PUR_IED_CarlosPizarro_L37_c8566c,,,,,
2026-09-12T05:26:39-05:00,PUR_IED_Castilla_Ext_cf35f,PUR_IED_Castilla_Ext_cf35f,,,,,
2026-09-12T05:26:39-05:00,PUR_IED_Castilla_SFisik_360e38,PUR_IED_Castilla_SFisik_360e38,,,,,
2026-09-12T05:26:39-05:00,PUR_IED_Castilla_Sc304_496fbf,PUR_IED_Castilla_Sc304_496fbf,,,,,
2026-09-12T05:26:39-05:00,PUR_IED_CervantesSa_Ext_6b57b,PUR_IED_CervantesSa_Ext_6b57b,3,16,74,4.5128,-74.117203
2026-09-12T05:26:39-05:00,PUR_IED_CervantesSa_S107_225c2b,PUR_IED_CervantesSa_S107_225c2b,,,,,
2026-09-12T05:26:39-05:00,PUR_IED_CervantesSa_S108_940925,PUR_IED_CervantesSa_S108_940925,,,,,
2026-09-12T05:26:39-05:00,PUR_IED_Charry_A20_f53e7c,PUR_IED_Charry_A20_f53e7c,,,,,
2026-09-12T05:26:39-05:00,PUR_IED_Charry_Ext_f1d5cd,PUR_IED_Charry_Ext_f1d5cd,,,,,
2026-09-12T05:26:39-05:00,PUR_IED_Charry_IntAula20_dc998d,PUR_IED_Charry_IntAula20_dc998d,,,,,
2026-09-12T05:26:39-05:00,PUR_IED_Charry_IntDanzas_7a08e6,PUR_IED_Charry_IntDanzas_7a08e6,,,,,
2026-09-12T05:26:39-05:00,PUR_IED_ClememciaC_203_43e2fc,PUR_IED_ClememciaC_203_43e2fc,,,,,
2026-09-12T05:26:39-05:00,PUR_IED_ClememciaC_Ext_1b411a,PUR_IED_ClememciaC_Ext_1b411a,,,,,
2026-09-12T05:26:39-05:00,PUR_IED_ClememciaC_Quimic_44b5fc,PUR_IED_ClememciaC_Quimic_44b5fc,,,,,
2026-09-12T05:26:39-05:00,PUR_IED_ClemenciaC_203_43e2fc,PUR_IED_ClemenciaC_203_43e2fc,,,,,
2026-09-12T05:26:39-05:00,PUR_IED_ClemenciaC_Ext_1b411a,PUR_IED_ClemenciaC_Ext_1b411a,,,,,
2026-09-12T05:26:39-05:00,PUR_IED_ClemenciaC_Quimic_44b5fc,PUR_IED_ClemenciaC_Quimic_44b5fc,,,,,
2026-09-12T05:26:39-05:00,PUR_IED_ColViva_1101_S25_7f520a,PUR_IED_ColViva_1101_S25_7f520a,,,,,
2026-09-12T05:26:39-05:00,PUR_IED_ColViva_1102_S16_f570ba,PUR_IED_ColViva_1102_S16_f570ba,,,,,
2026-09-12T05:26:39-05:00,PUR_IED_ColViva_Ext_1a26fa,PUR_IED_ColViva_Ext_1a26fa,,,,,
2026-09-12T05:26:39-05:00,PUR_IED_ColegioBici_Asist_7c8798,PUR_IED_ColegioBici_Asist_7c8798,,,,,
2026-09-12T05:26:39-05:00,PUR_IED_ColegioBici_Ext_25cbf6,PUR_IED_ColegioBici_Ext_25cbf6,,,,,
2026-09-12T05:26:39-05:00,PUR_IED_ColegioBici_LabQ_7b57db,PUR_IED_ColegioBici_LabQ_7b57db,,,,,
2026-09-12T05:26:39-05:00,PUR_IED_CostaRica_Ext_5e640,PUR_IED_CostaRica_Ext_5e640,,,,,
2026-09-12T05:26:39-05:00,PUR_IED_CostaRica_Quim1_766d1c,PUR_IED_CostaRica_Quim1_766d1c,,,,,
2026-09-12T05:26:39-05:00,PUR_IED_CostaRica__Fisica_6f0873,PUR_IED_CostaRica__Fisica_6f0873,,,,,
2026-09-12T05:26:39-05:00,PUR_IED_CulPopu_301A_f660f3,PUR_IED_CulPopu_301A_f660f3,,,,,
2026-09-12T05:26:39-05:00,PUR_IED_CulPopu_303_568afe,PUR_IED_CulPopu_303_568afe,,,,,
2026-09-12T05:26:39-05:00,PUR_IED_CulPopu_Ext_e02ccb,PUR_IED_CulPopu_Ext_e02ccb,,,,,
2026-09-12T05:26:39-05:00,PUR_IED_Cundinamarca_Ext_f15985,PUR_IED_Cundinamarca_Ext_f15985,,,,,
2026-09-12T05:26:39-05:00,PUR_IED_Cundinamarca_Info_7aa5d7,PUR_IED_Cundinamarca_Info_7aa5d7,,,,,
2026-09-12T05:26:39-05:00,PUR_IED_Cundinamarca_Tec2_f449c7,PUR_IED_Cundinamarca_Tec2_f449c7,,,,,
2026-09-12T05:26:39-05:00,PUR_IED_DiegoM_Aula1_27b314,PUR_IED_DiegoM_Aula1_27b314,,,,,
2026-09-12T05:26:39-05:00,PUR_IED_DiegoM_Ext_d80ac8,PUR_IED_DiegoM_Ext_d80ac8,,,,,
2026-09-12T05:26:39-05:00,PUR_IED_DiegoM_S25_da928f,PUR_IED_DiegoM_S25_da928f,,,,,
2026-09-12T05:26:39-05:00,PUR_IED_ELRODEO_360881,PUR_IED_ELRODEO_360881,,,,,
2026-09-12T05:26:39-05:00,PUR_IED_ELRODEO_ext_360881,PUR_IED_ELRODEO_ext_360881,,,,,
2026-09-12T05:26:39-05:00,PUR_IED_EduardoU_Ext_1c1969,PUR_IED_EduardoU_Ext_1c1969,,,,,
2026-09-12T05:26:39-05:00,PUR_IED_EduardoU_SCiencia_4dfb94,PUR_IED_EduardoU_SCiencia_4dfb94,,,,,
2026-09-12T05:26:39-05:00,PUR_IED_EduardoU_SQuimica_5a46e7,PUR_IED_EduardoU_SQuimica_5a46e7,,,,,
2026-09-12T05:26:39-05:00,PUR_IED_ElRodeo_Aula14_676984,PUR_IED_ElRodeo_Aula14_676984,,,,,
2026-09-12T05:26:39-05:00,PUR_IED_ElRodeo_Aula16_2dd35b,PUR_IED_ElRodeo_Aula16_2dd35b,,,,,
2026-09-12T05:26:39-05:00,PUR_IED_ElRodeo_Ext_360881,PUR_IED_ElRodeo_Ext_360881,,,,,
2026-09-12T05:26:39-05:00,PUR_IED_ElRodeo_Exterior_8c6d28,PUR_IED_ElRodeo_Exterior_8c6d28,,,,,
2026-09-12T05:26:39-05:00,PUR_IED_ElRodeo_ext_360881,PUR_IED_ElRodeo_ext_360881,,,,,
2026-09-12T05:26:39-05:00,PUR_IED_EmmaReyes_Ext_987625,PUR_IED_EmmaReyes_Ext_987625,11,21,53,4.6367,-74.1511
2026-09-12T05:26:39-05:00,PUR_IED_Ensueño_Ext_7f0250,PUR_IED_Ensueño_Ext_7f0250,,,,,
2026-09-12T05:26:39-05:00,PUR_IED_EscNormal_Ext_5fef3b,PUR_IED_EscNormal_Ext_5fef3b,2,17,63,4.5852,-74.096901
2026-09-12T05:26:39-05:00,PUR_IED_EscNormal_S309_5b263,PUR_IED_EscNormal_S309_5b263,,,,,
2026-09-12T05:26:39-05:00,PUR_IED_EscNormal_S310_27b3b8,PUR_IED_EscNormal_S310_27b3b8,,,,,
2026-09-12T05:26:39-05:00,PUR_IED_Evangelista_Conta_f6cd4f,PUR_IED_Evangelista_Conta_f6cd4f,,,,,
2026-09-12T05:26:39-05:00,PUR_IED_Evangelista_Cri_5e16a,PUR_IED_Evangelista_Cri_5e16a,,,,,
2026-09-12T05:26:39-05:00,PUR_IED_Evangelista_Exter_754066,PUR_IED_Evangelista_Exter_754066,,,,,
2026-09-12T05:26:39-05:00,PUR_IED_FMiranda_S209_5cc2a3,PUR_IED_FMiranda_S209_5cc2a3,,,,,
2026-09-12T05:26:39-05:00,PUR_IED_FMiranda_S303_19e344,PUR_IED_FMiranda_S303_19e344,,,,,
2026-09-12T05:26:39-05:00,PUR_IED_FMiranda_ext_f53e7c,PUR_IED_FMiranda_ext_f53e7c,,,,,
2026-09-12T05:26:39-05:00,PUR_IED_FabioLozano_Bibli_1cee05,PUR_IED_FabioLozano_Bibli_1cee05,,,,,
2026-09-12T05:26:39-05:00,PUR_IED_FabioLozano_Ext_6ea285,PUR_IED_FabioLozano_Ext_6ea285,,,,,
2026-09-12T05:26:39-05:00,PUR_IED_FabioLozano_SLudi_f09e1e,PUR_IED_FabioLozano_SLudi_f09e1e,,,,,
2026-09-12T05:26:39-05:00,PUR_IED_FaustinoS_Aula07_27a731,PUR_IED_FaustinoS_Aula07_27a731,,,,,
2026-09-12T05:26:39-05:00,PUR_IED_FaustinoS_Ext_7b936f,PUR_IED_FaustinoS_Ext_7b936f,,,,,
2026-09-12T05:26:39-05:00,PUR_IED_FaustinoS_Fisica_da2c60,PUR_IED_FaustinoS_Fisica_da2c60,,,,,
2026-09-12T05:26:39-05:00,PUR_IED_FeGarciaLo_Ext_dc68ee,PUR_IED_FeGarciaLo_Ext_dc68ee,,,,,
2026-09-12T05:26:39-05:00,PUR_IED_FeGarciaLo_SDanza_f70a59,PUR_IED_FeGarciaLo_SDanza_f70a59,,,,,
2026-09-12T05:26:39-05:00,PUR_IED_FeGarciaLo_SMusic_125cdd,PUR_IED_FeGarciaLo_SMusic_125cdd,,,,,
2026-09-12T05:26:39-05:00,PUR_IED_FederalAlema_Exte_50c345,PUR_IED_FederalAlema_Exte_50c345,,,,,
2026-09-12T05:26:39-05:00,PUR_IED_FederalAlema_S31_f18371,PUR_IED_FederalAlema_S31_f18371,,,,,
2026-09-12T05:26:39-05:00,PUR_IED_FederalAlema_S901_a62cd,PUR_IED_FederalAlema_S901_a62cd,,,,,
2026-09-12T05:26:39-05:00,PUR_IED_FilarmonicaS_A5_f35eb1,PUR_IED_FilarmonicaS_A5_f35eb1,,,,,
2026-09-12T05:26:39-05:00,PUR_IED_FilarmonicaS_Ext_8a3bde,PUR_IED_FilarmonicaS_Ext_8a3bde,,,,,
2026-09-12T05:26:39-05:00,PUR_IED_FilarmonicaS_Spol_406114,PUR_IED_FilarmonicaS_Spol_406114,,,,,
2026-09-12T05:26:39-05:00,PUR_IED_FlorentinoG_A13_d1fa59,PUR_IED_FlorentinoG_A13_d1fa59,,,,,
2026-09-12T05:26:39-05:00,PUR_IED_FlorentinoG_Ext_1ce6ce,PUR_IED_FlorentinoG_Ext_1ce6ce,,,,,
2026-09-12T05:26:39-05:00,PUR_IED_FlorentinoG_Idiom_a66aac,PUR_IED_FlorentinoG_Idiom_a66aac,,,,,
2026-09-12T05:26:39-05:00,PUR_IED_FranciscoMati_Ext_e3869d,PUR_IED_FranciscoMati_Ext_e3869d,,,,,
2026-09-12T05:26:39-05:00,PUR_IED_FranciscoMati_S13_f31c67,PUR_IED_FranciscoMati_S13_f31c67,,,,,
2026-09-12T05:26:39-05:00,PUR_IED_FranciscoMati_S14_97dead,PUR_IED_FranciscoMati_S14_97dead,,,,,
2026-09-12T05:26:39-05:00,PUR_IED_FranciscoPS_Ext_7bfa9a,PUR_IED_FranciscoPS_Ext_7bfa9a,3,19,60,4.5899,-74.110397
2026-09-12T05:26:39-05:00,PUR_IED_FranciscoPS_Infor_fb8f4c,PUR_IED_FranciscoPS_Infor_fb8f4c,,,,,
2026-09-12T05:26:39-05:00,PUR_IED_FranciscoPS_Quimi_94d39c,PUR_IED_FranciscoPS_Quimi_94d39c,,,,,
2026-09-12T05:26:39-05:00,PUR_IED_FranciscoP_LabQ_d7e148,PUR_IED_FranciscoP_LabQ_d7e148,,,,,
2026-09-12T05:26:39-05:00,PUR_IED_FranciscoP_S28_cf9b30,PUR_IED_FranciscoP_S28_cf9b30,,,,,
2026-09-12T05:26:39-05:00,PUR_IED_FranciscoP_ext_e2313,PUR_IED_FranciscoP_ext_e2313,,,,,
2026-09-12T05:26:39-05:00,PUR_IED_FriederichN_Ext_8ac92a,PUR_IED_FriederichN_Ext_8ac92a,,,,,
2026-09-12T05:26:39-05:00,PUR_IED_FriederichN_S301_dd7e5a,PUR_IED_FriederichN_S301_dd7e5a,,,,,
2026-09-12T05:26:39-05:00,PUR_IED_FriederichN_S308_761f4f,PUR_IED_FriederichN_S308_761f4f,,,,,
2026-09-12T05:26:39-05:00,PUR_IED_GSantander_Aula10_533dd7,PUR_IED_GSantander_Aula10_533dd7,,,,,
2026-09-12T05:26:39-05:00,PUR_IED_GSantander_Aula12_fd4e4f,PUR_IED_GSantander_Aula12_fd4e4f,,,,,
2026-09-12T05:26:39-05:00,PUR_IED_GSantander_Aula310_533dd7,PUR_IED_GSantander_Aula310_533dd7,,,,,
2026-09-12T05:26:39-05:00,PUR_IED_GSantander_Aula312_fd4e4f,PUR_IED_GSantander_Aula312_fd4e4f,,,,,
2026-09-12T05:26:39-05:00,PUR_IED_GSantander_Ext_5f66b0,PUR_IED_GSantander_Ext_5f66b0,,,,,
2026-09-12T05:26:39-05:00,PUR_IED_GYomasa_Ext_f6bea5,PUR_IED_GYomasa_Ext_f6bea5,,,,,
2026-09-12T05:26:39-05:00,PUR_IED_GYomasa_LBiol_2c41aa,PUR_IED_GYomasa_LBiol_2c41aa,,,,,
2026-09-12T05:26:39-05:00,PUR_IED_GYomasa_LQuim_33c80,PUR_IED_GYomasa_LQuim_33c80,,,,,
2026-09-12T05:26:39-05:00,PUR_IED_GabBetMejia_Cienc_5a99c,PUR_IED_GabBetMejia_Cienc_5a99c,,,,,
2026-09-12T05:26:39-05:00,PUR_IED_GabBetMejia_Ext_9153d0,PUR_IED_GabBetMejia_Ext_9153d0,,,,,
2026-09-12T05:26:39-05:00,PUR_IED_GabBetMejia_Lab_f55347,PUR_IED_GabBetMejia_Lab_f55347,,,,,
2026-09-12T05:26:39-05:00,PUR_IED_GabBetanMejia_Ext_9153d0,PUR_IED_GabBetanMejia_Ext_9153d0,,,,,
2026-09-12T05:26:39-05:00,PUR_IED_Gaitana_Aula13_7aac11,PUR_IED_Gaitana_Aula13_7aac11,,,,,
2026-09-12T05:26:39-05:00,PUR_IED_Gaitana_Ext_5fcf4,PUR_IED_Gaitana_Ext_5fcf4,,,,,
2026-09-12T05:26:39-05:00,PUR_IED_Gaitana_LabFisica_644448,PUR_IED_Gaitana_LabFisica_644448,,,,,
2026-09-12T05:26:39-05:00,PUR_IED_GenSantander_Dise_8ac858,PUR_IED_GenSantander_Dise_8ac858,,,,,
2026-09-12T05:26:39-05:00,PUR_IED_GenSantander_Ext_8d5dfe,PUR_IED_GenSantander_Ext_8d5dfe,,,,,
2026-09-12T05:26:39-05:00,PUR_IED_GenSantander_Info_6c25b,PUR_IED_GenSantander_Info_6c25b,,,,,
2026-09-12T05:26:39-05:00,PUR_IED_GustavoMo_Exterio_75e63d,PUR_IED_GustavoMo_Exterio_75e63d,,,,,
2026-09-12T05:26:39-05:00,PUR_IED_GustavoMo_LabFisi_224d37,PUR_IED_GustavoMo_LabFisi_224d37,,,,,
2026-09-12T05:26:39-05:00,PUR_IED_GustavoMo_S208_3e6918,PUR_IED_GustavoMo_S208_3e6918,,,,,
2026-09-12T05:26:39-05:00,PUR_IED_GustavoR_A02_8cd4a8,PUR_IED_GustavoR_A02_8cd4a8,,,,,
2026-09-12T05:26:39-05:00,PUR_IED_GustavoR_B11_5b0ed,PUR_IED_GustavoR_B11_5b0ed,,,,,
2026-09-12T05:26:39-05:00,PUR_IED_GustavoR_Ext_7a0c90,PUR_IED_GustavoR_Ext_7a0c90,,,,,
2026-09-12T05:26:39-05:00,PUR_IED_HernandoDuran_Ext_8cd82b,PUR_IED_HernandoDuran_Ext_8cd82b,,,,,
2026-09-12T05:26:39-05:00,PUR_IED_HernandoDuran_S24_2772c6,PUR_IED_HernandoDuran_S24_2772c6,,,,,
2026-09-12T05:26:39-05:00,PUR_IED_HernandoDuran_S30_f2de41,PUR_IED_HernandoDuran_S30_f2de41,,,,,
2026-09-12T05:26:39-05:00,PUR_IED_HolguInUr_S1101_8cd732,PUR_IED_HolguInUr_S1101_8cd732,,,,,
2026-09-12T05:26:39-05:00,PUR_IED_HolguinUr_Exter_ddae6d,PUR_IED_HolguinUr_Exter_ddae6d,,,,,
2026-09-12T05:26:39-05:00,PUR_IED_HolguinUr_LabQuim_92b952,PUR_IED_HolguinUr_LabQuim_92b952,,,,,
2026-09-12T05:26:39-05:00,PUR_IED_Isabel-II_Ext_5245cc,PUR_IED_Isabel-II_Ext_5245cc,8,18,60,4.6336,-74.153
2026-09-12T05:26:39-05:00,PUR_IED_Isabel-II_S_idiom_1c29aa,PUR_IED_Isabel-II_S_idiom_1c29aa,,,,,
2026-09-12T05:26:39-05:00,PUR_IED_Isabel-II_S_infor_fd741,PUR_IED_Isabel-II_S_infor_fd741,,,,,
2026-09-12T05:26:39-05:00,PUR_IED_IsidroSur_Exterio_5b90ea,PUR_IED_IsidroSur_Exterio_5b90ea,,,,,
2026-09-12T05:26:39-05:00,PUR_IED_IsidroSur_LabTec_56697a,PUR_IED_IsidroSur_LabTec_56697a,,,,,
2026-09-12T05:26:39-05:00,PUR_IED_IsidroSur_Robotic_b7c38f,PUR_IED_IsidroSur_Robotic_b7c38f,,,,,
2026-09-12T05:26:39-05:00,PUR_IED_IsmaelPerd_Ext_7b6672,PUR_IED_IsmaelPerd_Ext_7b6672,,,,,
2026-09-12T05:26:39-05:00,PUR_IED_IsmaelPerd_Inform_306540,PUR_IED_IsmaelPerd_Inform_306540,,,,,
2026-09-12T05:26:39-05:00,PUR_IED_IsmaelPerd_S30_2e2c83,PUR_IED_IsmaelPerd_S30_2e2c83,,,,,
2026-09-12T05:26:39-05:00,PUR_IED_JLozano_Exter_432910,PUR_IED_JLozano_Exter_432910,,,,,
2026-09-12T05:26:39-05:00,PUR_IED_JLozano_salaMulti_df5125,PUR_IED_JLozano_salaMulti_df5125,,,,,
2026-09-12T05:26:39-05:00,PUR_IED_JMCordoba_206_86f80b,PUR_IED_JMCordoba_206_86f80b,,,,,
2026-09-12T05:26:39-05:00,PUR_IED_JMCordoba_Ext_27ad97,PUR_IED_JMCordoba_Ext_27ad97,,,,,
2026-09-12T05:26:39-05:00,PUR_IED_JMCordoba_S310_d59ab4,PUR_IED_JMCordoba_S310_d59ab4,,,,,
2026-09-12T05:26:39-05:00,PUR_IED_Japon_Ext_549100,PUR_IED_Japon_Ext_549100,,,,,
2026-09-12T05:26:39-05:00,PUR_IED_Japon_Laboratorio_bec51d,PUR_IED_Japon_Laboratorio_bec51d,,,,,
2026-09-12T05:26:39-05:00,PUR_IED_Japon_informatica_d99327,PUR_IED_Japon_informatica_d99327,,,,,
2026-09-12T05:26:39-05:00,PUR_IED_Jazmin_Ext_d27bda,PUR_IED_Jazmin_Ext_d27bda,,,,,
2026-09-12T05:26:39-05:00,PUR_IED_Jazmin_Fisica_8d14d7,PUR_IED_Jazmin_Fisica_8d14d7,,,,,
2026-09-12T05:26:39-05:00,PUR_IED_Jazmin_Quimica_801cb5,PUR_IED_Jazmin_Quimica_801cb5,,,,,
2026-09-12T05:26:39-05:00,PUR_IED_JorgeGaitan_Exter_f098d1,PUR_IED_JorgeGaitan_Exter_f098d1,,,,,
2026-09-12T05:26:39-05:00,PUR_IED_JorgeGaitan_STec1_dc9d1d,PUR_IED_JorgeGaitan_STec1_dc9d1d,,,,,
2026-09-12T05:26:39-05:00,PUR_IED_JorgeGaitan_STec2_281e69,PUR_IED_JorgeGaitan_STec2_281e69,,,,,
2026-09-12T05:26:39-05:00,PUR_IED_JorgeSoto_Exterio_d9d0a2,PUR_IED_JorgeSoto_Exterio_d9d0a2,,,,,
2026-09-12T05:26:39-05:00,PUR_IED_JorgeSoto_LabFisi_209c54,PUR_IED_JorgeSoto_LabFisi_209c54,,,,,
2026-09-12T05:26:39-05:00,PUR_IED_JorgeSoto_S103_27b51a,PUR_IED_JorgeSoto_S103_27b51a,,,,,
2026-09-12T05:26:39-05:00,PUR_IED_JoseAcevedo_A02_e965eb,PUR_IED_JoseAcevedo_A02_e965eb,,,,,
2026-09-12T05:26:39-05:00,PUR_IED_JoseAcevedo_A07_dd5b4,PUR_IED_JoseAcevedo_A07_dd5b4,,,,,
2026-09-12T05:26:39-05:00,PUR_IED_JoseAcevedo_Ext_b47484,PUR_IED_JoseAcevedo_Ext_b47484,,,,,
2026-09-12T05:26:39-05:00,PUR_IED_JoseMarti_Exte_5b9bf,PUR_IED_JoseMarti_Exte_5b9bf,,,,,
2026-09-12T05:26:39-05:00,PUR_IED_JoseMarti_LabQuim_1c6c2d,PUR_IED_JoseMarti_LabQuim_1c6c2d,,,,,
2026-09-12T05:26:39-05:00,PUR_IED_JoseMarti_S_info_f5f177,PUR_IED_JoseMarti_S_info_f5f177,,,,,
2026-09-12T05:26:39-05:00,PUR_IED_Josejoaquin_Ext_dfc5dc,PUR_IED_Josejoaquin_Ext_dfc5dc,,,,,
2026-09-12T05:26:39-05:00,PUR_IED_Josejoaquin_S05_5b2a96,PUR_IED_Josejoaquin_S05_5b2a96,,,,,
2026-09-12T05:26:39-05:00,PUR_IED_Josejoaquin_S06_1ce7d2,PUR_IED_Josejoaquin_S06_1ce7d2,,,,,
2026-09-12T05:26:39-05:00,PUR_IED_JulioFlorez_Danza_9b82dd,PUR_IED_JulioFlorez_Danza_9b82dd,,,,,
2026-09-12T05:26:39-05:00,PUR_IED_JulioFlorez_Exter_f9f314,PUR_IED_JulioFlorez_Exter_f9f314,,,,,
2026-09-12T05:26:39-05:00,PUR_IED_JulioFlorez_info2_6b6e08,PUR_IED_JulioFlorez_info2_6b6e08,,,,,
2026-09-12T05:26:39-05:00,PUR_IED_LaBelleza_Aula13_1d00d8,PUR_IED_LaBelleza_Aula13_1d00d8,,,,,
2026-09-12T05:26:39-05:00,PUR_IED_LaBelleza_Ext_7bc08c,PUR_IED_LaBelleza_Ext_7bc08c,,,,,
2026-09-12T05:26:39-05:00,PUR_IED_LaChucua_Ext_8cd6d2,PUR_IED_LaChucua_Ext_8cd6d2,,,,,
2026-09-12T05:26:39-05:00,PUR_IED_LaChucua_S15_f578ce,PUR_IED_LaChucua_S15_f578ce,,,,,
2026-09-12T05:26:39-05:00,PUR_IED_LaChucua_S16_eebcf9,PUR_IED_LaChucua_S16_eebcf9,,,,,
2026-09-12T05:26:39-05:00,PUR_IED_LaFelicidad_Ext_fb5109,PUR_IED_LaFelicidad_Ext_fb5109,,,,,
2026-09-12T05:26:39-05:00,PUR_IED_LaMerced_206_66ebd,PUR_IED_LaMerced_206_66ebd,,,,,
2026-09-12T05:26:39-05:00,PUR_IED_LaMerced_207_6ebd6,PUR_IED_LaMerced_207_6ebd6,,,,,
2026-09-12T05:26:39-05:00,PUR_IED_LaMerced_ext_304311,PUR_IED_LaMerced_ext_304311,,,,,
2026-09-12T05:26:39-05:00,PUR_IED_Laureano_CiencNat_281e5e,PUR_IED_Laureano_CiencNat_281e5e,,,,,
2026-09-12T05:26:39-05:00,PUR_IED_Laureano_Comedor_f65c0a,PUR_IED_Laureano_Comedor_f65c0a,,,,,
2026-09-12T05:26:39-05:00,PUR_IED_Laureano_Exterior_7ab011,PUR_IED_Laureano_Exterior_7ab011,,,,,
2026-09-12T05:26:39-05:00,PUR_IED_LeonGreiff_Exte_dfe560,PUR_IED_LeonGreiff_Exte_dfe560,,,,,
2026-09-12T05:26:39-05:00,PUR_IED_LeonGreiff_S210_f264ed,PUR_IED_LeonGreiff_S210_f264ed,,,,,
2026-09-12T05:26:39-05:00,PUR_IED_LeonGreiff_SQuimi_e8296f,PUR_IED_LeonGreiff_SQuimi_e8296f,,,,,
2026-09-12T05:26:39-05:00,PUR_IED_LlanoOrientalS208_7b9fcd,PUR_IED_LlanoOrientalS208_7b9fcd,,,,,
2026-09-12T05:26:39-05:00,PUR_IED_LlanoOriental_Ext_fb3766,PUR_IED_LlanoOriental_Ext_fb3766,,,,,
2026-09-12T05:26:39-05:00,PUR_IED_LlanoOriental_S208_7b9fcd,PUR_IED_LlanoOriental_S208_7b9fcd,,,,,
2026-09-12T05:26:39-05:00,PUR_IED_LlanoOriental_S9_27b378,PUR_IED_LlanoOriental_S9_27b378,,,,,
2026-09-12T05:26:39-05:00,PUR_IED_LosTejares_1101_477602,PUR_IED_LosTejares_1101_477602,,,,,
2026-09-12T05:26:39-05:00,PUR_IED_LosTejares_11_d2c595,PUR_IED_LosTejares_11_d2c595,,,,,
2026-09-12T05:26:39-05:00,PUR_IED_LosTejares_12_477602,PUR_IED_LosTejares_12_477602,,,,,
2026-09-12T05:26:39-05:00,PUR_IED_LosTejares_Ext_8e2115,PUR_IED_LosTejares_Ext_8e2115,,,,,
2026-09-12T05:26:39-05:00,PUR_IED_MagdalenaO_B202_5ddda3,PUR_IED_MagdalenaO_B202_5ddda3,,,,,
2026-09-12T05:26:39-05:00,PUR_IED_MagdalenaO_B205_fb76e8,PUR_IED_MagdalenaO_B205_fb76e8,,,,,
2026-09-12T05:26:39-05:00,PUR_IED_MagdalenaO_ext_dc69cd,PUR_IED_MagdalenaO_ext_dc69cd,,,,,
2026-09-12T05:26:39-05:00,PUR_IED_ManueCepeda_artes_eee956,PUR_IED_ManueCepeda_artes_eee956,,,,,
2026-09-12T05:26:39-05:00,PUR_IED_ManuelCepeda_Ext_58313,PUR_IED_ManuelCepeda_Ext_58313,,,,,
2026-09-12T05:26:39-05:00,PUR_IED_ManuelCepeda_tec_1c5731,PUR_IED_ManuelCepeda_tec_1c5731,,,,,
2026-09-12T05:26:39-05:00,PUR_IED_ManuelS_Exterior_5b269,PUR_IED_ManuelS_Exterior_5b269,,,,,
2026-09-12T05:26:39-05:00,PUR_IED_ManuelS_Inform_f369ce,PUR_IED_ManuelS_Inform_f369ce,,,,,
2026-09-12T05:26:39-05:00,PUR_IED_ManuelS_SArtes_7d15f1,PUR_IED_ManuelS_SArtes_7d15f1,,,,,
2026-09-12T05:26:39-05:00,PUR_IED_ManuelZapata_303_3ca6,PUR_IED_ManuelZapata_303_3ca6,,,,,
2026-09-12T05:26:39-05:00,PUR_IED_ManuelZapata_311_bfbabc,PUR_IED_ManuelZapata_311_bfbabc,,,,,
2026-09-12T05:26:39-05:00,PUR_IED_ManuelZapata_Ext_50824a,PUR_IED_ManuelZapata_Ext_50824a,,,,,
2026-09-12T05:26:39-05:00,PUR_IED_ManuelitaS_Exteri_656a92,PUR_IED_ManuelitaS_Exteri_656a92,,,,,
2026-09-12T05:26:39-05:00,PUR_IED_ManuelitaS_JuzgDe_f58ec3,PUR_IED_ManuelitaS_JuzgDe_f58ec3,,,,,
2026-09-12T05:26:39-05:00,PUR_IED_ManuelitaS_Recrea_d793db,PUR_IED_ManuelitaS_Recrea_d793db,,,,,
2026-09-12T05:26:39-05:00,PUR_IED_MarFidSuarez_Ext_c27b19,PUR_IED_MarFidSuarez_Ext_c27b19,,,,,
2026-09-12T05:26:39-05:00,PUR_IED_MarFidSuarez_Info_e384d7,PUR_IED_MarFidSuarez_Info_e384d7,,,,,
2026-09-12T05:26:39-05:00,PUR_IED_MarFidSuarez_S306_1d0032,PUR_IED_MarFidSuarez_S306_1d0032,,,,,
2026-09-12T05:26:39-05:00,PUR_IED_Menorah_301_2a25a3,PUR_IED_Menorah_301_2a25a3,,,,,
2026-09-12T05:26:39-05:00,PUR_IED_Menorah_306_37ed3,PUR_IED_Menorah_306_37ed3,,,,,
2026-09-12T05:26:39-05:00,PUR_IED_Menorah_Ext_3e155b,PUR_IED_Menorah_Ext_3e155b,,,,,
2026-09-12T05:26:39-05:00,PUR_IED_MinutoB.Aires_A11_1b1604,PUR_IED_MinutoB.Aires_A11_1b1604,,,,,
2026-09-12T05:26:39-05:00,PUR_IED_MinutoB.Aires_A12_fb5860,PUR_IED_MinutoB.Aires_A12_fb5860,,,,,
2026-09-12T05:26:39-05:00,PUR_IED_MinutoB.Aires_Ext_81293f,PUR_IED_MinutoB.Aires_Ext_81293f,,,,,
2026-09-12T05:26:39-05:00,PUR_IED_MinutoBAires_A11_1b1604,PUR_IED_MinutoBAires_A11_1b1604,,,,,
2026-09-12T05:26:39-05:00,PUR_IED_MinutoBAires_A12_fb5860,PUR_IED_MinutoBAires_A12_fb5860,,,,,
2026-09-12T05:26:39-05:00,PUR_IED_MinutoBAires_Ext_81293f,PUR_IED_MinutoBAires_Ext_81293f,,,,,
2026-09-12T05:26:39-05:00,PUR_IED_Montreal_Aula10_1e4959,PUR_IED_Montreal_Aula10_1e4959,,,,,
2026-09-12T05:26:39-05:00,PUR_IED_Montreal_Aula6_300367,PUR_IED_Montreal_Aula6_300367,,,,,
2026-09-12T05:26:39-05:00,PUR_IED_Montreal_Exterior_91a179,PUR_IED_Montreal_Exterior_91a179,,,,,
2026-09-12T05:26:39-05:00,PUR_IED_Mqgdalena_B202_5ddda3,PUR_IED_Mqgdalena_B202_5ddda3,,,,,
2026-09-12T05:26:39-05:00,PUR_IED_NACUND_Soc_dc8728,PUR_IED_NACUND_Soc_dc8728,,,,,
2026-09-12T05:26:39-05:00,PUR_IED_NACUND_ext_27ad97,PUR_IED_NACUND_ext_27ad97,,,,,
2026-09-12T05:26:39-05:00,PUR_IED_NEsperanza_Ext_d24b61,PUR_IED_NEsperanza_Ext_d24b61,,,,,
2026-09-12T05:26:39-05:00,PUR_IED_NEsperanza_SElect_7d1807,PUR_IED_NEsperanza_SElect_7d1807,,,,,
2026-09-12T05:26:39-05:00,PUR_IED_NEsperanza_SLabor_8b2d0a,PUR_IED_NEsperanza_SLabor_8b2d0a,,,,,
2026-09-12T05:26:39-05:00,PUR_IED_NacionesU_Ext_f661a9,PUR_IED_NacionesU_Ext_f661a9,,,,,
2026-09-12T05:26:39-05:00,PUR_IED_NacionesU_Quimica_66f0a,PUR_IED_NacionesU_Quimica_66f0a,,,,,
2026-09-12T05:26:39-05:00,PUR_IED_NacionesU_S306_1b4b3d,PUR_IED_NacionesU_S306_1b4b3d,,,,,
2026-09-12T05:26:39-05:00,PUR_IED_NestorFA_Ext_e4201c,PUR_IED_NestorFA_Ext_e4201c,,,,,
2026-09-12T05:26:39-05:00,PUR_IED_NestorFA_Laborato_f22fe0,PUR_IED_NestorFA_Laborato_f22fe0,,,,,
2026-09-12T05:26:39-05:00,PUR_IED_NestorFA_S204_dee996,PUR_IED_NestorFA_S204_dee996,,,,,
2026-09-12T05:26:39-05:00,PUR_IED_NidyaQT_Aula03_76999b,PUR_IED_NidyaQT_Aula03_76999b,,,,,
2026-09-12T05:26:39-05:00,PUR_IED_NidyaQT_Aula10_56325,PUR_IED_NidyaQT_Aula10_56325,,,,,
2026-09-12T05:26:39-05:00,PUR_IED_NidyaQT_Ext_46e32d,PUR_IED_NidyaQT_Ext_46e32d,,,,,
2026-09-12T05:26:39-05:00,PUR_IED_NuevaCol_Exterior_d9b859,PUR_IED_NuevaCol_Exterior_d9b859,,,,,
2026-09-12T05:26:39-05:00,PUR_IED_NuevaCol_S1101_76c43b,PUR_IED_NuevaCol_S1101_76c43b,,,,,
2026-09-12T05:26:39-05:00,PUR_IED_NuevaCol_S1102_1ce0b5,PUR_IED_NuevaCol_S1102_1ce0b5,,,,,
2026-09-12T05:26:39-05:00,PUR_IED_OEA_A202_f7e3f2,PUR_IED_OEA_A202_f7e3f2,,,,,
2026-09-12T05:26:39-05:00,PUR_IED_OEA_A203_7d1b8d,PUR_IED_OEA_A203_7d1b8d,,,,,
2026-09-12T05:26:39-05:00,PUR_IED_OEA_Ext_27b593,PUR_IED_OEA_Ext_27b593,,,,,
2026-09-12T05:26:39-05:00,PUR_IED_Ochoa_Ext_1c29da,PUR_IED_Ochoa_Ext_1c29da,,,,,
2026-09-12T05:26:39-05:00,PUR_IED_Ochoa_S205_8b1121,PUR_IED_Ochoa_S205_8b1121,,,,,
2026-09-12T05:26:39-05:00,PUR_IED_Ochoa_Sistemas_f33af6,PUR_IED_Ochoa_Sistemas_f33af6,,,,,
2026-09-12T05:26:39-05:00,PUR_IED_PQuebec_Ext_1c67c7,PUR_IED_PQuebec_Ext_1c67c7,,,,,
2026-09-12T05:26:39-05:00,PUR_IED_PQuebec_S15_23e8e2,PUR_IED_PQuebec_S15_23e8e2,,,,,
2026-09-12T05:26:39-05:00,PUR_IED_PQuebec_S16_8ec76b,PUR_IED_PQuebec_S16_8ec76b,,,,,
2026-09-12T05:26:39-05:00,PUR_IED_PabloN_Ext_49dc96,PUR_IED_PabloN_Ext_49dc96,,,,,
2026-09-12T05:26:39-05:00,PUR_IED_PabloN_S1102_4e3df5,PUR_IED_PabloN_S1102_4e3df5,,,,,
2026-09-12T05:26:39-05:00,PUR_IED_PabloN_S1103_50c94b,PUR_IED_PabloN_S1103_50c94b,,,,,
2026-09-12T05:26:39-05:00,PUR_IED_Palestina_S1101_db9198,PUR_IED_Palestina_S1101_db9198,,,,,
2026-09-12T05:26:39-05:00,PUR_IED_Palestina_S1102_dc54fa,PUR_IED_Palestina_S1102_dc54fa,,,,,
2026-09-12T05:26:39-05:00,PUR_IED_Palestina_ext_4ccce6,PUR_IED_Palestina_ext_4ccce6,,,,,
2026-09-12T05:26:39-05:00,PUR_IED_Panama_Fisica_4d0794,PUR_IED_Panama_Fisica_4d0794,,,,,
2026-09-12T05:26:39-05:00,PUR_IED_Panama_SIngles_a4077e,PUR_IED_Panama_SIngles_a4077e,,,,,
2026-09-12T05:26:39-05:00,PUR_IED_Panama_ext_4c54b4,PUR_IED_Panama_ext_4c54b4,,,,,
2026-09-12T05:26:39-05:00,PUR_IED_ParaisoM_Exterior_8cd7f0,PUR_IED_ParaisoM_Exterior_8cd7f0,,,,,
2026-09-12T05:26:39-05:00,PUR_IED_ParaisoM_Laborato_27af35,PUR_IED_ParaisoM_Laborato_27af35,,,,,
2026-09-12T05:26:39-05:00,PUR_IED_ParaisoM_S304_d1edca,PUR_IED_ParaisoM_S304_d1edca,,,,,
2026-09-12T05:26:39-05:00,PUR_IED_PorfirioBarba_Ext_301466,PUR_IED_PorfirioBarba_Ext_301466,,,,,
2026-09-12T05:26:39-05:00,PUR_IED_PorfirioBarba_S11_df6cd2,PUR_IED_PorfirioBarba_S11_df6cd2,,,,,
2026-09-12T05:26:39-05:00,PUR_IED_PorfirioBarba_S29_27a7d6,PUR_IED_PorfirioBarba_S29_27a7d6,,,,,
2026-09-12T05:26:39-05:00,PUR_IED_PradoV_Exter_8b27ad,PUR_IED_PradoV_Exter_8b27ad,,,,,
2026-09-12T05:26:39-05:00,PUR_IED_PradoV_S301_de65b5,PUR_IED_PradoV_S301_de65b5,,,,,
2026-09-12T05:26:39-05:00,PUR_IED_PradoV_S302_7d2593,PUR_IED_PradoV_S302_7d2593,,,,,
2026-09-12T05:26:39-05:00,PUR_IED_QuirogaAlz_Ext_1ddc82,PUR_IED_QuirogaAlz_Ext_1ddc82,,,,,
2026-09-12T05:26:39-05:00,PUR_IED_QuirogaAlz_S302_9926a3,PUR_IED_QuirogaAlz_S302_9926a3,,,,,
2026-09-12T05:26:39-05:00,PUR_IED_QuirogaAlz_S305_cdf1f1,PUR_IED_QuirogaAlz_S305_cdf1f1,,,,,
2026-09-12T05:26:39-05:00,PUR_IED_RGuatemala_Biling_dc53b7,PUR_IED_RGuatemala_Biling_dc53b7,,,,,
2026-09-12T05:26:39-05:00,PUR_IED_RGuatemala_Ext_1b89a3,PUR_IED_RGuatemala_Ext_1b89a3,,,,,
2026-09-12T05:26:39-05:00,PUR_IED_RGuatemala_Tecnol_281a34,PUR_IED_RGuatemala_Tecnol_281a34,,,,,
2026-09-12T05:26:39-05:00,PUR_IED_RafaNu_Ext_f7c302,PUR_IED_RafaNu_Ext_f7c302,,,,,
2026-09-12T05:26:39-05:00,PUR_IED_RafaNu_S1101_25fde,PUR_IED_RafaNu_S1101_25fde,,,,,
2026-09-12T05:26:39-05:00,PUR_IED_RafaNu_S1102_281517,PUR_IED_RafaNu_S1102_281517,,,,,
2026-09-12T05:26:39-05:00,PUR_IED_RafaelB_S305_ee2783,PUR_IED_RafaelB_S305_ee2783,,,,,
2026-09-12T05:26:39-05:00,PUR_IED_RafaelB_S306_75fe33,PUR_IED_RafaelB_S306_75fe33,,,,,
2026-09-12T05:26:39-05:00,PUR_IED_RafaelB_ext_283336,PUR_IED_RafaelB_ext_283336,2,18,62,4.6722,-74.0737
2026-09-12T05:26:39-05:00,PUR_IED_RafaelUU_Exterior_281a51,PUR_IED_RafaelUU_Exterior_281a51,,,,,
2026-09-12T05:26:39-05:00,PUR_IED_RafaelUU_Human_806b2,PUR_IED_RafaelUU_Human_806b2,,,,,
2026-09-12T05:26:39-05:00,PUR_IED_RafaelUU_Mate2_5680d4,PUR_IED_RafaelUU_Mate2_5680d4,,,,,
2026-09-12T05:26:39-05:00,PUR_IED_RamonSub_Ext_f9eeb9,PUR_IED_RamonSub_Ext_f9eeb9,,,,,
2026-09-12T05:26:39-05:00,PUR_IED_RamonSub_Media_d1f62f,PUR_IED_RamonSub_Media_d1f62f,,,,,
2026-09-12T05:26:39-05:00,PUR_IED_RamonSub_planta_51b82,PUR_IED_RamonSub_planta_51b82,,,,,
2026-09-12T05:26:39-05:00,PUR_IED_RepBoliVene_Exter_27af7c,PUR_IED_RepBoliVene_Exter_27af7c,,,,,
2026-09-12T05:26:39-05:00,PUR_IED_RepBoliVene_SCPT_5ae2ee,PUR_IED_RepBoliVene_SCPT_5ae2ee,,,,,
2026-09-12T05:26:39-05:00,PUR_IED_RepBoliVene_Socia_4b11d5,PUR_IED_RepBoliVene_Socia_4b11d5,,,,,
2026-09-12T05:26:39-05:00,PUR_IED_RepChina_Ext_76d9ee,PUR_IED_RepChina_Ext_76d9ee,,,,,
2026-09-12T05:26:39-05:00,PUR_IED_RepChina_S404_7c804c,PUR_IED_RepChina_S404_7c804c,,,,,
2026-09-12T05:26:39-05:00,PUR_IED_RepChina_S405_df2c33,PUR_IED_RepChina_S405_df2c33,,,,,
2026-09-12T05:26:39-05:00,PUR_IED_RepublicaC_Exteri_7d1ec9,PUR_IED_RepublicaC_Exteri_7d1ec9,,,,,
2026-09-12T05:26:39-05:00,PUR_IED_RepublicaC_S1101_f544b3,PUR_IED_RepublicaC_S1101_f544b3,,,,,
2026-09-12T05:26:39-05:00,PUR_IED_RepublicaC_S1102_7aafc7,PUR_IED_RepublicaC_S1102_7aafc7,,,,,
2026-09-12T05:26:39-05:00,PUR_IED_Ricaurte_Externo_a0ea1,PUR_IED_Ricaurte_Externo_a0ea1,,,,,
2026-09-12T05:26:39-05:00,PUR_IED_Ricaurte_S210_f546fd,PUR_IED_Ricaurte_S210_f546fd,,,,,
2026-09-12T05:26:39-05:00,PUR_IED_Ricaurte_S309_d4452,PUR_IED_Ricaurte_S309_d4452,,,,,
2026-09-12T05:26:39-05:00,PUR_IED_RogelioS_1102_531e69,PUR_IED_RogelioS_1102_531e69,,,,,
2026-09-12T05:26:39-05:00,PUR_IED_RogelioS_Ext_f25a18,PUR_IED_RogelioS_Ext_f25a18,,,,,
2026-09-12T05:26:39-05:00,PUR_IED_SBernardino_Ext_27aff8,PUR_IED_SBernardino_Ext_27aff8,,,,,
2026-09-12T05:26:39-05:00,PUR_IED_SBernardino_SArte_2ffd33,PUR_IED_SBernardino_SArte_2ffd33,,,,,
2026-09-12T05:26:39-05:00,PUR_IED_SBernardino_SIngl_7c7da5,PUR_IED_SBernardino_SIngl_7c7da5,,,,,
2026-09-12T05:26:39-05:00,PUR_IED_Sago_auditorio_dc9d1d,PUR_IED_Sago_auditorio_dc9d1d,,,,,
2026-09-12T05:26:39-05:00,PUR_IED_Saludcoop_Ext_95aac3,PUR_IED_Saludcoop_Ext_95aac3,,,,,
2026-09-12T05:26:39-05:00,PUR_IED_Saludcoop_InfI_90c854,PUR_IED_Saludcoop_InfI_90c854,,,,,
2026-09-12T05:26:39-05:00,PUR_IED_Saludcoop_SMedia_1b93be,PUR_IED_Saludcoop_SMedia_1b93be,,,,,
2026-09-12T05:26:39-05:00,PUR_IED_SanCarlos_1101_1a2360,PUR_IED_SanCarlos_1101_1a2360,,,,,
2026-09-12T05:26:39-05:00,PUR_IED_SanCarlos_1103_7bafb5,PUR_IED_SanCarlos_1103_7bafb5,,,,,
2026-09-12T05:26:39-05:00,PUR_IED_SanCarlos_Ext_b7cd1,PUR_IED_SanCarlos_Ext_b7cd1,,,,,
2026-09-12T05:26:39-05:00,PUR_IED_SanIgnacioBosa11a_50c26e,PUR_IED_SanIgnacioBosa11a_50c26e,,,,,
2026-09-12T05:26:39-05:00,PUR_IED_SanIgnacioBosa11b_371de8,PUR_IED_SanIgnacioBosa11b_371de8,,,,,
2026-09-12T05:26:39-05:00,PUR_IED_SanIgnacioBosaExt_ef0ffc,PUR_IED_SanIgnacioBosaExt_ef0ffc,,,,,
2026-09-12T05:26:39-05:00,PUR_IED_SanIgnacioBosa_11a_50c26e,PUR_IED_SanIgnacioBosa_11a_50c26e,,,,,
2026-09-12T05:26:39-05:00,PUR_IED_SanIgnacioBosa_Ext_ef0ffc,PUR_IED_SanIgnacioBosa_Ext_ef0ffc,,,,,
2026-09-12T05:26:39-05:00,PUR_IED_SanJoseN_intS1101_31c47f,PUR_IED_SanJoseN_intS1101_31c47f,,,,,
2026-09-12T05:26:39-05:00,PUR_IED_SanJoseUsm_Exter_f5d7e8,PUR_IED_SanJoseUsm_Exter_f5d7e8,,,,,
2026-09-12T05:26:39-05:00,PUR_IED_SanJoseUsm_Int11A_cfdef6,PUR_IED_SanJoseUsm_Int11A_cfdef6,,,,,
2026-09-12T05:26:39-05:00,PUR_IED_SilveriaR_IntB5_905349,PUR_IED_SilveriaR_IntB5_905349,,,,,
2026-09-12T05:26:39-05:00,PUR_IED_SilveriaR_IntSD14_981f93,PUR_IED_SilveriaR_IntSD14_981f93,,,,,
2026-09-12T05:26:39-05:00,PUR_IED_SilveriaR_ext_2b651d,PUR_IED_SilveriaR_ext_2b651d,,,,,
2026-09-12T05:26:39-05:00,PUR_IED_SimonB_Exterior_913975,PUR_IED_SimonB_Exterior_913975,,,,,
2026-09-12T05:26:39-05:00,PUR_IED_SimonB_LabQuimi_c56908,PUR_IED_SimonB_LabQuimi_c56908,,,,,
2026-09-12T05:26:39-05:00,PUR_IED_SimonB_informatic_a28c1,PUR_IED_SimonB_informatic_a28c1,,,,,
2026-09-12T05:26:39-05:00,PUR_IED_Sorrento_1102_315f50,PUR_IED_Sorrento_1102_315f50,,,,,
2026-09-12T05:26:39-05:00,PUR_IED_Sorrento_Minte_214eab,PUR_IED_Sorrento_Minte_214eab,,,,,
2026-09-12T05:26:39-05:00,PUR_IED_Sorrento_ext_7c3a0a,PUR_IED_Sorrento_ext_7c3a0a,,,,,
2026-09-12T05:26:39-05:00,PUR_IED_Tabora_Ext_f048ae,PUR_IED_Tabora_Ext_f048ae,,,,,
2026-09-12T05:26:39-05:00,PUR_IED_Tabora_S1102_b07752,PUR_IED_Tabora_S1102_b07752,,,,,
2026-09-12T05:26:39-05:00,PUR_IED_Tabora_S1103_d988f5,PUR_IED_Tabora_S1103_d988f5,,,,,
2026-09-12T05:26:39-05:00,PUR_IED_Tenerife_Ext_1ab188,PUR_IED_Tenerife_Ext_1ab188,,,,,
2026-09-12T05:26:39-05:00,PUR_IED_Tenerife_SDanzas_7bc02e,PUR_IED_Tenerife_SDanzas_7bc02e,,,,,
2026-09-12T05:26:39-05:00,PUR_IED_Tenerife_SIngles_7cc277,PUR_IED_Tenerife_SIngles_7cc277,,,,,
2026-09-12T05:26:39-05:00,PUR_IED_Tibabuyes_Exter_f2683d,PUR_IED_Tibabuyes_Exter_f2683d,,,,,
2026-09-12T05:26:39-05:00,PUR_IED_Tibabuyes_S10_dc87a8,PUR_IED_Tibabuyes_S10_dc87a8,,,,,
2026-09-12T05:26:39-05:00,PUR_IED_Tibabuyes_S15_dc0526,PUR_IED_Tibabuyes_S15_dc0526,,,,,
2026-09-12T05:26:39-05:00,PUR_IED_UnionE_S301_a1043,PUR_IED_UnionE_S301_a1043,,,,,
2026-09-12T05:26:39-05:00,PUR_IED_UnionE_S307_ff6c2f,PUR_IED_UnionE_S307_ff6c2f,,,,,
2026-09-12T05:26:39-05:00,PUR_IED_UnionE__Ext_5e2468,PUR_IED_UnionE__Ext_5e2468,,,,,
2026-09-12T05:26:39-05:00,PUR_IED_VillaRica_Ext_75be7c,PUR_IED_VillaRica_Ext_75be7c,,,,,
2026-09-12T05:26:39-05:00,PUR_IED_VillaRica_S4_cc5dcd,PUR_IED_VillaRica_S4_cc5dcd,,,,,
2026-09-12T05:26:39-05:00,PUR_IED_VillaRica_Sesp_99f5c,PUR_IED_VillaRica_Sesp_99f5c,,,,,
2026-09-12T05:31:08-05:00,PUR_IED_20deJulio_1101_91b1b9,PUR_IED_20deJulio_1101_91b1b9,,,,,
2026-09-12T05:31:08-05:00,PUR_IED_20deJulio_1102_1cfcf9,PUR_IED_20deJulio_1102_1cfcf9,,,,,
2026-09-12T05:31:08-05:00,PUR_IED_20deJulio_Ext_ab60bd,PUR_IED_20deJulio_Ext_ab60bd,,,,,
2026-09-12T05:31:08-05:00,PUR_IED_AgustinFer_Ext_7b9b77,PUR_IED_AgustinFer_Ext_7b9b77,,,,,
2026-09-12T05:31:08-05:00,PUR_IED_AgustinFer_Info2_27b3a7,PUR_IED_AgustinFer_Info2_27b3a7,,,,,
2026-09-12T05:31:08-05:00,PUR_IED_AgustinFer_Sena_54b4eb,PUR_IED_AgustinFer_Sena_54b4eb,,,,,
2026-09-12T05:31:08-05:00,PUR_IED_AlexanderF_1102_caf07b,PUR_IED_AlexanderF_1102_caf07b,,,,,
2026-09-12T05:31:08-05:00,PUR_IED_AlexanderF_1103_c79e71,PUR_IED_AlexanderF_1103_c79e71,,,,,
2026-09-12T05:31:08-05:00,PUR_IED_AlexanderF_Ext_c5b18b,PUR_IED_AlexanderF_Ext_c5b18b,,,,,
2026-09-12T05:31:08-05:00,PUR_IED_AlfonsoLopez_Ext_281d77,PUR_IED_AlfonsoLopez_Ext_281d77,,,,,
2026-09-12T05:31:08-05:00,PUR_IED_AlfonsoLopez_LabF_888ce0,PUR_IED_AlfonsoLopez_LabF_888ce0,,,,,
2026-09-12T05:31:08-05:00,PUR_IED_AlfonsoLopez_SMed_df6a7f,PUR_IED_AlfonsoLopez_SMed_df6a7f,,,,,
2026-09-12T05:31:08-05:00,PUR_IED_AltamiraSO_A2_209f92,PUR_IED_AltamiraSO_A2_209f92,,,,,
2026-09-12T05:31:08-05:00,PUR_IED_AltamiraSO_Ext_186d66,PUR_IED_AltamiraSO_Ext_186d66,,,,,
2026-09-12T05:31:08-05:00,PUR_IED_AltamiraSO_Sistem_27afe1,PUR_IED_AltamiraSO_Sistem_27afe1,,,,,
2026-09-12T05:31:08-05:00,PUR_IED_AlvaroGom_LabQuim_813179,PUR_IED_AlvaroGom_LabQuim_813179,,,,,
2026-09-12T05:31:08-05:00,PUR_IED_AlvaroGomez_Ext_47c7ca,PUR_IED_AlvaroGomez_Ext_47c7ca,,,,,
2026-09-12T05:31:08-05:00,PUR_IED_AlvaroGomez_LabQuim_813179,PUR_IED_AlvaroGomez_LabQuim_813179,,,,,
2026-09-12T05:31:08-05:00,PUR_IED_AlvaroGomez_S23_7ba89f,PUR_IED_AlvaroGomez_S23_7ba89f,,,,,
2026-09-12T05:31:08-05:00,PUR_IED_Amistad_306_dc8728,PUR_IED_Amistad_306_dc8728,,,,,
2026-09-12T05:31:08-05:00,PUR_IED_Amistad_Ext_8cd55e,PUR_IED_Amistad_Ext_8cd55e,,,,,
2026-09-12T05:31:08-05:00,PUR_IED_Amistad_S202_a41169,PUR_IED_Amistad_S202_a41169,,,,,
2026-09-12T05:31:08-05:00,PUR_IED_AndresBello_Bio_fd5f5e,PUR_IED_AndresBello_Bio_fd5f5e,,,,,
2026-09-12T05:31:08-05:00,PUR_IED_AndresBello_ext_dcad65,PUR_IED_AndresBello_ext_dcad65,,,,,
2026-09-12T05:31:08-05:00,PUR_IED_AndresBello_port_eed3ec,PUR_IED_AndresBello_port_eed3ec,,,,,
2026-09-12T05:31:08-05:00,PUR_IED_AngelaR_11b_d90a6b,PUR_IED_AngelaR_11b_d90a6b,,,,,
2026-09-12T05:31:08-05:00,PUR_IED_AngelaR_ext_7cad3e,PUR_IED_AngelaR_ext_7cad3e,5,17,66,4.5825,-74.164497
2026-09-12T05:31:08-05:00,PUR_IED_AntJoseSucre_10mo_df2575,PUR_IED_AntJoseSucre_10mo_df2575,,,,,
2026-09-12T05:31:08-05:00,PUR_IED_AntJoseSucre_Ext_215b36,PUR_IED_AntJoseSucre_Ext_215b36,,,,,
2026-09-12T05:31:08-05:00,PUR_IED_AntJoseSucre_Lab_3139de,PUR_IED_AntJoseSucre_Lab_3139de,,,,,
2026-09-12T05:31:08-05:00,PUR_IED_AntonioGarcia_301_d6b188,PUR_IED_AntonioGarcia_301_d6b188,,,,,
2026-09-12T05:31:08-05:00,PUR_IED_AntonioGarcia_302_88a82,PUR_IED_AntonioGarcia_302_88a82,,,,,
2026-09-12T05:31:08-05:00,PUR_IED_AntonioGarcia_Ext_20950c,PUR_IED_AntonioGarcia_Ext_20950c,,,,,
2026-09-12T05:31:08-05:00,PUR_IED_AntonioVan_Aula2_6dea02,PUR_IED_AntonioVan_Aula2_6dea02,,,,,
2026-09-12T05:31:08-05:00,PUR_IED_AntonioVan_Aula5_f1557e,PUR_IED_AntonioVan_Aula5_f1557e,,,,,
2026-09-12T05:31:08-05:00,PUR_IED_AntonioVan_Ext_406f2f,PUR_IED_AntonioVan_Ext_406f2f,,,,,
2026-09-12T05:31:08-05:00,PUR_IED_Atabanzha_Ext_cc5af9,PUR_IED_Atabanzha_Ext_cc5af9,,,,,
2026-09-12T05:31:08-05:00,PUR_IED_Atabanzha_SA101_56c37,PUR_IED_Atabanzha_SA101_56c37,,,,,
2026-09-12T05:31:08-05:00,PUR_IED_Atabanzha_SB302_27b374,PUR_IED_Atabanzha_SB302_27b374,,,,,
2026-09-12T05:31:08-05:00,PUR_IED_Atahualpa_Ext_fc1748,PUR_IED_Atahualpa_Ext_fc1748,,,,,
2026-09-12T05:31:08-05:00,PUR_IED_Atahualpa_Informa_dc9a95,PUR_IED_Atahualpa_Informa_dc9a95,,,,,
2026-09-12T05:31:08-05:00,PUR_IED_Atahualpa_S1101_f98056,PUR_IED_Atahualpa_S1101_f98056,,,,,
2026-09-12T05:31:08-05:00,PUR_IED_Bellavista_Ext_f5aa74,PUR_IED_Bellavista_Ext_f5aa74,,,,,
2026-09-12T05:31:08-05:00,PUR_IED_Bilbao_11A_916c41,PUR_IED_Bilbao_11A_916c41,,,,,
2026-09-12T05:31:08-05:00,PUR_IED_Bilbao_Ext_fb579a,PUR_IED_Bilbao_Ext_fb579a,,,,,
2026-09-12T05:31:08-05:00,PUR_IED_BrasiliaU_A125_304280,PUR_IED_BrasiliaU_A125_304280,,,,,
2026-09-12T05:31:08-05:00,PUR_IED_BrasiliaU_A203_7c8ca5,PUR_IED_BrasiliaU_A203_7c8ca5,,,,,
2026-09-12T05:31:08-05:00,PUR_IED_BrasiliaU_Ext_8d6e9f,PUR_IED_BrasiliaU_Ext_8d6e9f,5,16,66,4.5175,-74.116302
2026-09-12T05:31:08-05:00,PUR_IED_Brasilia_Ext_fe6593,PUR_IED_Brasilia_Ext_fe6593,,,,,
2026-09-12T05:31:08-05:00,PUR_IED_Brasilia_S24_7c130d,PUR_IED_Brasilia_S24_7c130d,,,,,
2026-09-12T05:31:08-05:00,PUR_IED_Brasilia_S501_186a54,PUR_IED_Brasilia_S501_186a54,,,,,
2026-09-12T05:31:08-05:00,PUR_IED_CHARRY_EXT_f1d5cd,PUR_IED_CHARRY_EXT_f1d5cd,,,,,
2026-09-12T05:31:08-05:00,PUR_IED_CHARRY_INTDANZAS_7a08e6,PUR_IED_CHARRY_INTDANZAS_7a08e6,,,,,
2026-09-12T05:31:08-05:00,PUR_IED_CHARRY_INT_AULA20_dc998d,PUR_IED_CHARRY_INT_AULA20_dc998d,,,,,
2026-09-12T05:31:08-05:00,PUR_IED_COLVIV_1101_S25_7f520a,PUR_IED_COLVIV_1101_S25_7f520a,,,,,
2026-09-12T05:31:08-05:00,PUR_IED_COLVIV_1102_S16_f570ba,PUR_IED_COLVIV_1102_S16_f570ba,,,,,
2026-09-12T05:31:08-05:00,PUR_IED_COLVIV_Ext_1a26fa,PUR_IED_COLVIV_Ext_1a26fa,,,,,
2026-09-12T05:31:08-05:00,PUR_IED_CULPOP_301A_f660f3,PUR_IED_CULPOP_301A_f660f3,,,,,
2026-09-12T05:31:08-05:00,PUR_IED_CULPOP_303_568afe,PUR_IED_CULPOP_303_568afe,,,,,
2026-09-12T05:31:08-05:00,PUR_IED_CULPOP_Ext_e02ccb,PUR_IED_CULPOP_Ext_e02ccb,,,,,
2026-09-12T05:31:08-05:00,PUR_IED_CVillavicen_Ext_26eb58,PUR_IED_CVillavicen_Ext_26eb58,8,14,82,4.487,-74.102798
2026-09-12T05:31:08-05:00,PUR_IED_CVillavicen_Intel_1ce5c2,PUR_IED_CVillavicen_Intel_1ce5c2,,,,,
2026-09-12T05:31:08-05:00,PUR_IED_CVillavicen_Poliv_e0766c,PUR_IED_CVillavicen_Poliv_e0766c,,,,,
2026-09-12T05:31:08-05:00,PUR_IED_CVillavicen_int_1ba140,PUR_IED_CVillavicen_int_1ba140,,,,,
2026-09-12T05:31:08-05:00,PUR_IED_CVillavicen_intel_1ba140,PUR_IED_CVillavicen_intel_1ba140,,,,,
2026-09-12T05:31:08-05:00,PUR_IED_CarlosPizarro_Ext_e307cc,PUR_IED_CarlosPizarro_Ext_e307cc,,,,,
2026-09-12T05:31:08-05:00,PUR_IED_CarlosPizarro_L36_7e5cdb,PUR_IED_CarlosPizarro_L36_7e5cdb,,,,,
2026-09-12T05:31:08-05:00,PUR_IED_CarlosPizarro_L37_c8566c,PUR_IED_CarlosPizarro_L37_c8566c,,,,,
2026-09-12T05:31:08-05:00,PUR_IED_Castilla_Ext_cf35f,PUR_IED_Castilla_Ext_cf35f,,,,,
2026-09-12T05:31:08-05:00,PUR_IED_Castilla_SFisik_360e38,PUR_IED_Castilla_SFisik_360e38,,,,,
2026-09-12T05:31:08-05:00,PUR_IED_Castilla_Sc304_496fbf,PUR_IED_Castilla_Sc304_496fbf,,,,,
2026-09-12T05:31:08-05:00,PUR_IED_CervantesSa_Ext_6b57b,PUR_IED_CervantesSa_Ext_6b57b,4,16,74,4.5128,-74.117203
2026-09-12T05:31:08-05:00,PUR_IED_CervantesSa_S107_225c2b,PUR_IED_CervantesSa_S107_225c2b,,,,,
2026-09-12T05:31:08-05:00,PUR_IED_CervantesSa_S108_940925,PUR_IED_CervantesSa_S108_940925,,,,,
2026-09-12T05:31:08-05:00,PUR_IED_Charry_A20_f53e7c,PUR_IED_Charry_A20_f53e7c,,,,,
2026-09-12T05:31:08-05:00,PUR_IED_Charry_Ext_f1d5cd,PUR_IED_Charry_Ext_f1d5cd,,,,,
2026-09-12T05:31:08-05:00,PUR_IED_Charry_IntAula20_dc998d,PUR_IED_Charry_IntAula20_dc998d,,,,,
2026-09-12T05:31:08-05:00,PUR_IED_Charry_IntDanzas_7a08e6,PUR_IED_Charry_IntDanzas_7a08e6,,,,,
2026-09-12T05:31:08-05:00,PUR_IED_ClememciaC_203_43e2fc,PUR_IED_ClememciaC_203_43e2fc,,,,,
2026-09-12T05:31:08-05:00,PUR_IED_ClememciaC_Ext_1b411a,PUR_IED_ClememciaC_Ext_1b411a,,,,,
2026-09-12T05:31:08-05:00,PUR_IED_ClememciaC_Quimic_44b5fc,PUR_IED_ClememciaC_Quimic_44b5fc,,,,,
2026-09-12T05:31:08-05:00,PUR_IED_ClemenciaC_203_43e2fc,PUR_IED_ClemenciaC_203_43e2fc,,,,,
2026-09-12T05:31:08-05:00,PUR_IED_ClemenciaC_Ext_1b411a,PUR_IED_ClemenciaC_Ext_1b411a,,,,,
2026-09-12T05:31:08-05:00,PUR_IED_ClemenciaC_Quimic_44b5fc,PUR_IED_ClemenciaC_Quimic_44b5fc,,,,,
2026-09-12T05:31:08-05:00,PUR_IED_ColViva_1101_S25_7f520a,PUR_IED_ColViva_1101_S25_7f520a,,,,,
2026-09-12T05:31:08-05:00,PUR_IED_ColViva_1102_S16_f570ba,PUR_IED_ColViva_1102_S16_f570ba,,,,,
2026-09-12T05:31:08-05:00,PUR_IED_ColViva_Ext_1a26fa,PUR_IED_ColViva_Ext_1a26fa,,,,,
2026-09-12T05:31:08-05:00,PUR_IED_ColegioBici_Asist_7c8798,PUR_IED_ColegioBici_Asist_7c8798,,,,,
2026-09-12T05:31:08-05:00,PUR_IED_ColegioBici_Ext_25cbf6,PUR_IED_ColegioBici_Ext_25cbf6,,,,,
2026-09-12T05:31:08-05:00,PUR_IED_ColegioBici_LabQ_7b57db,PUR_IED_ColegioBici_LabQ_7b57db,,,,,
2026-09-12T05:31:08-05:00,PUR_IED_CostaRica_Ext_5e640,PUR_IED_CostaRica_Ext_5e640,,,,,
2026-09-12T05:31:08-05:00,PUR_IED_CostaRica_Quim1_766d1c,PUR_IED_CostaRica_Quim1_766d1c,,,,,
2026-09-12T05:31:08-05:00,PUR_IED_CostaRica__Fisica_6f0873,PUR_IED_CostaRica__Fisica_6f0873,,,,,
2026-09-12T05:31:08-05:00,PUR_IED_CulPopu_301A_f660f3,PUR_IED_CulPopu_301A_f660f3,,,,,
2026-09-12T05:31:08-05:00,PUR_IED_CulPopu_303_568afe,PUR_IED_CulPopu_303_568afe,,,,,
2026-09-12T05:31:08-05:00,PUR_IED_CulPopu_Ext_e02ccb,PUR_IED_CulPopu_Ext_e02ccb,,,,,
2026-09-12T05:31:08-05:00,PUR_IED_Cundinamarca_Ext_f15985,PUR_IED_Cundinamarca_Ext_f15985,,,,,
2026-09-12T05:31:08-05:00,PUR_IED_Cundinamarca_Info_7aa5d7,PUR_IED_Cundinamarca_Info_7aa5d7,,,,,
2026-09-12T05:31:08-05:00,PUR_IED_Cundinamarca_Tec2_f449c7,PUR_IED_Cundinamarca_Tec2_f449c7,,,,,
2026-09-12T05:31:08-05:00,PUR_IED_DiegoM_Aula1_27b314,PUR_IED_DiegoM_Aula1_27b314,,,,,
2026-09-12T05:31:08-05:00,PUR_IED_DiegoM_Ext_d80ac8,PUR_IED_DiegoM_Ext_d80ac8,,,,,
2026-09-12T05:31:08-05:00,PUR_IED_DiegoM_S25_da928f,PUR_IED_DiegoM_S25_da928f,,,,,
2026-09-12T05:31:08-05:00,PUR_IED_ELRODEO_360881,PUR_IED_ELRODEO_360881,,,,,
2026-09-12T05:31:08-05:00,PUR_IED_ELRODEO_ext_360881,PUR_IED_ELRODEO_ext_360881,,,,,
2026-09-12T05:31:08-05:00,PUR_IED_EduardoU_Ext_1c1969,PUR_IED_EduardoU_Ext_1c1969,,,,,
2026-09-12T05:31:08-05:00,PUR_IED_EduardoU_SCiencia_4dfb94,PUR_IED_EduardoU_SCiencia_4dfb94,,,,,
2026-09-12T05:31:08-05:00,PUR_IED_EduardoU_SQuimica_5a46e7,PUR_IED_EduardoU_SQuimica_5a46e7,,,,,
2026-09-12T05:31:08-05:00,PUR_IED_ElRodeo_Aula14_676984,PUR_IED_ElRodeo_Aula14_676984,,,,,
2026-09-12T05:31:08-05:00,PUR_IED_ElRodeo_Aula16_2dd35b,PUR_IED_ElRodeo_Aula16_2dd35b,,,,,
2026-09-12T05:31:08-05:00,PUR_IED_ElRodeo_Ext_360881,PUR_IED_ElRodeo_Ext_360881,,,,,
2026-09-12T05:31:08-05:00,PUR_IED_ElRodeo_Exterior_8c6d28,PUR_IED_ElRodeo_Exterior_8c6d28,,,,,
2026-09-12T05:31:08-05:00,PUR_IED_ElRodeo_ext_360881,PUR_IED_ElRodeo_ext_360881,,,,,
2026-09-12T05:31:08-05:00,PUR_IED_EmmaReyes_Ext_987625,PUR_IED_EmmaReyes_Ext_987625,11,21,53,4.6367,-74.1511
2026-09-12T05:31:08-05:00,PUR_IED_Ensueño_Ext_7f0250,PUR_IED_Ensueño_Ext_7f0250,,,,,
2026-09-12T05:31:08-05:00,PUR_IED_EscNormal_Ext_5fef3b,PUR_IED_EscNormal_Ext_5fef3b,2,17,63,4.5852,-74.096901
2026-09-12T05:31:08-05:00,PUR_IED_EscNormal_S309_5b263,PUR_IED_EscNormal_S309_5b263,,,,,
2026-09-12T05:31:08-05:00,PUR_IED_EscNormal_S310_27b3b8,PUR_IED_EscNormal_S310_27b3b8,,,,,
2026-09-12T05:31:08-05:00,PUR_IED_Evangelista_Conta_f6cd4f,PUR_IED_Evangelista_Conta_f6cd4f,,,,,
2026-09-12T05:31:08-05:00,PUR_IED_Evangelista_Cri_5e16a,PUR_IED_Evangelista_Cri_5e16a,,,,,
2026-09-12T05:31:08-05:00,PUR_IED_Evangelista_Exter_754066,PUR_IED_Evangelista_Exter_754066,,,,,
2026-09-12T05:31:08-05:00,PUR_IED_FMiranda_S209_5cc2a3,PUR_IED_FMiranda_S209_5cc2a3,,,,,
2026-09-12T05:31:08-05:00,PUR_IED_FMiranda_S303_19e344,PUR_IED_FMiranda_S303_19e344,,,,,
2026-09-12T05:31:08-05:00,PUR_IED_FMiranda_ext_f53e7c,PUR_IED_FMiranda_ext_f53e7c,,,,,
2026-09-12T05:31:08-05:00,PUR_IED_FabioLozano_Bibli_1cee05,PUR_IED_FabioLozano_Bibli_1cee05,,,,,
2026-09-12T05:31:08-05:00,PUR_IED_FabioLozano_Ext_6ea285,PUR_IED_FabioLozano_Ext_6ea285,,,,,
2026-09-12T05:31:08-05:00,PUR_IED_FabioLozano_SLudi_f09e1e,PUR_IED_FabioLozano_SLudi_f09e1e,,,,,
2026-09-12T05:31:08-05:00,PUR_IED_FaustinoS_Aula07_27a731,PUR_IED_FaustinoS_Aula07_27a731,,,,,
2026-09-12T05:31:08-05:00,PUR_IED_FaustinoS_Ext_7b936f,PUR_IED_FaustinoS_Ext_7b936f,,,,,
2026-09-12T05:31:08-05:00,PUR_IED_FaustinoS_Fisica_da2c60,PUR_IED_FaustinoS_Fisica_da2c60,,,,,
2026-09-12T05:31:08-05:00,PUR_IED_FeGarciaLo_Ext_dc68ee,PUR_IED_FeGarciaLo_Ext_dc68ee,,,,,
2026-09-12T05:31:08-05:00,PUR_IED_FeGarciaLo_SDanza_f70a59,PUR_IED_FeGarciaLo_SDanza_f70a59,,,,,
2026-09-12T05:31:08-05:00,PUR_IED_FeGarciaLo_SMusic_125cdd,PUR_IED_FeGarciaLo_SMusic_125cdd,,,,,
2026-09-12T05:31:08-05:00,PUR_IED_FederalAlema_Exte_50c345,PUR_IED_FederalAlema_Exte_50c345,,,,,
2026-09-12T05:31:08-05:00,PUR_IED_FederalAlema_S31_f18371,PUR_IED_FederalAlema_S31_f18371,,,,,
2026-09-12T05:31:08-05:00,PUR_IED_FederalAlema_S901_a62cd,PUR_IED_FederalAlema_S901_a62cd,,,,,
2026-09-12T05:31:08-05:00,PUR_IED_FilarmonicaS_A5_f35eb1,PUR_IED_FilarmonicaS_A5_f35eb1,,,,,
2026-09-12T05:31:08-05:00,PUR_IED_FilarmonicaS_Ext_8a3bde,PUR_IED_FilarmonicaS_Ext_8a3bde,,,,,
2026-09-12T05:31:08-05:00,PUR_IED_FilarmonicaS_Spol_406114,PUR_IED_FilarmonicaS_Spol_406114,,,,,
2026-09-12T05:31:08-05:00,PUR_IED_FlorentinoG_A13_d1fa59,PUR_IED_FlorentinoG_A13_d1fa59,,,,,
2026-09-12T05:31:08-05:00,PUR_IED_FlorentinoG_Ext_1ce6ce,PUR_IED_FlorentinoG_Ext_1ce6ce,,,,,
2026-09-12T05:31:08-05:00,PUR_IED_FlorentinoG_Idiom_a66aac,PUR_IED_FlorentinoG_Idiom_a66aac,,,,,
2026-09-12T05:31:08-05:00,PUR_IED_FranciscoMati_Ext_e3869d,PUR_IED_FranciscoMati_Ext_e3869d,,,,,
2026-09-12T05:31:08-05:00,PUR_IED_FranciscoMati_S13_f31c67,PUR_IED_FranciscoMati_S13_f31c67,,,,,
2026-09-12T05:31:08-05:00,PUR_IED_FranciscoMati_S14_97dead,PUR_IED_FranciscoMati_S14_97dead,,,,,
2026-09-12T05:31:08-05:00,PUR_IED_FranciscoPS_Ext_7bfa9a,PUR_IED_FranciscoPS_Ext_7bfa9a,3,19,60,4.5899,-74.110397
2026-09-12T05:31:08-05:00,PUR_IED_FranciscoPS_Infor_fb8f4c,PUR_IED_FranciscoPS_Infor_fb8f4c,,,,,
2026-09-12T05:31:08-05:00,PUR_IED_FranciscoPS_Quimi_94d39c,PUR_IED_FranciscoPS_Quimi_94d39c,,,,,
2026-09-12T05:31:08-05:00,PUR_IED_FranciscoP_LabQ_d7e148,PUR_IED_FranciscoP_LabQ_d7e148,,,,,
2026-09-12T05:31:08-05:00,PUR_IED_FranciscoP_S28_cf9b30,PUR_IED_FranciscoP_S28_cf9b30,,,,,
2026-09-12T05:31:08-05:00,PUR_IED_FranciscoP_ext_e2313,PUR_IED_FranciscoP_ext_e2313,,,,,
2026-09-12T05:31:08-05:00,PUR_IED_FriederichN_Ext_8ac92a,PUR_IED_FriederichN_Ext_8ac92a,,,,,
2026-09-12T05:31:08-05:00,PUR_IED_FriederichN_S301_dd7e5a,PUR_IED_FriederichN_S301_dd7e5a,,,,,
2026-09-12T05:31:08-05:00,PUR_IED_FriederichN_S308_761f4f,PUR_IED_FriederichN_S308_761f4f,,,,,
2026-09-12T05:31:08-05:00,PUR_IED_GSantander_Aula10_533dd7,PUR_IED_GSantander_Aula10_533dd7,,,,,
2026-09-12T05:31:08-05:00,PUR_IED_GSantander_Aula12_fd4e4f,PUR_IED_GSantander_Aula12_fd4e4f,,,,,
2026-09-12T05:31:08-05:00,PUR_IED_GSantander_Aula310_533dd7,PUR_IED_GSantander_Aula310_533dd7,,,,,
2026-09-12T05:31:08-05:00,PUR_IED_GSantander_Aula312_fd4e4f,PUR_IED_GSantander_Aula312_fd4e4f,,,,,
2026-09-12T05:31:08-05:00,PUR_IED_GSantander_Ext_5f66b0,PUR_IED_GSantander_Ext_5f66b0,,,,,
2026-09-12T05:31:08-05:00,PUR_IED_GYomasa_Ext_f6bea5,PUR_IED_GYomasa_Ext_f6bea5,,,,,
2026-09-12T05:31:08-05:00,PUR_IED_GYomasa_LBiol_2c41aa,PUR_IED_GYomasa_LBiol_2c41aa,,,,,
2026-09-12T05:31:08-05:00,PUR_IED_GYomasa_LQuim_33c80,PUR_IED_GYomasa_LQuim_33c80,,,,,
2026-09-12T05:31:08-05:00,PUR_IED_GabBetMejia_Cienc_5a99c,PUR_IED_GabBetMejia_Cienc_5a99c,,,,,
2026-09-12T05:31:08-05:00,PUR_IED_GabBetMejia_Ext_9153d0,PUR_IED_GabBetMejia_Ext_9153d0,,,,,
2026-09-12T05:31:08-05:00,PUR_IED_GabBetMejia_Lab_f55347,PUR_IED_GabBetMejia_Lab_f55347,,,,,
2026-09-12T05:31:08-05:00,PUR_IED_GabBetanMejia_Ext_9153d0,PUR_IED_GabBetanMejia_Ext_9153d0,,,,,
2026-09-12T05:31:08-05:00,PUR_IED_Gaitana_Aula13_7aac11,PUR_IED_Gaitana_Aula13_7aac11,,,,,
2026-09-12T05:31:08-05:00,PUR_IED_Gaitana_Ext_5fcf4,PUR_IED_Gaitana_Ext_5fcf4,,,,,
2026-09-12T05:31:08-05:00,PUR_IED_Gaitana_LabFisica_644448,PUR_IED_Gaitana_LabFisica_644448,,,,,
2026-09-12T05:31:08-05:00,PUR_IED_GenSantander_Dise_8ac858,PUR_IED_GenSantander_Dise_8ac858,,,,,
2026-09-12T05:31:08-05:00,PUR_IED_GenSantander_Ext_8d5dfe,PUR_IED_GenSantander_Ext_8d5dfe,,,,,
2026-09-12T05:31:08-05:00,PUR_IED_GenSantander_Info_6c25b,PUR_IED_GenSantander_Info_6c25b,,,,,
2026-09-12T05:31:08-05:00,PUR_IED_GustavoMo_Exterio_75e63d,PUR_IED_GustavoMo_Exterio_75e63d,,,,,
2026-09-12T05:31:08-05:00,PUR_IED_GustavoMo_LabFisi_224d37,PUR_IED_GustavoMo_LabFisi_224d37,,,,,
2026-09-12T05:31:08-05:00,PUR_IED_GustavoMo_S208_3e6918,PUR_IED_GustavoMo_S208_3e6918,,,,,
2026-09-12T05:31:08-05:00,PUR_IED_GustavoR_A02_8cd4a8,PUR_IED_GustavoR_A02_8cd4a8,,,,,
2026-09-12T05:31:08-05:00,PUR_IED_GustavoR_B11_5b0ed,PUR_IED_GustavoR_B11_5b0ed,,,,,
2026-09-12T05:31:08-05:00,PUR_IED_GustavoR_Ext_7a0c90,PUR_IED_GustavoR_Ext_7a0c90,,,,,
2026-09-12T05:31:08-05:00,PUR_IED_HernandoDuran_Ext_8cd82b,PUR_IED_HernandoDuran_Ext_8cd82b,,,,,
2026-09-12T05:31:08-05:00,PUR_IED_HernandoDuran_S24_2772c6,PUR_IED_HernandoDuran_S24_2772c6,,,,,
2026-09-12T05:31:08-05:00,PUR_IED_HernandoDuran_S30_f2de41,PUR_IED_HernandoDuran_S30_f2de41,,,,,
2026-09-12T05:31:08-05:00,PUR_IED_HolguInUr_S1101_8cd732,PUR_IED_HolguInUr_S1101_8cd732,,,,,
2026-09-12T05:31:08-05:00,PUR_IED_HolguinUr_Exter_ddae6d,PUR_IED_HolguinUr_Exter_ddae6d,,,,,
2026-09-12T05:31:08-05:00,PUR_IED_HolguinUr_LabQuim_92b952,PUR_IED_HolguinUr_LabQuim_92b952,,,,,
2026-09-12T05:31:08-05:00,PUR_IED_Isabel-II_Ext_5245cc,PUR_IED_Isabel-II_Ext_5245cc,7,19,59,4.6336,-74.153
2026-09-12T05:31:08-05:00,PUR_IED_Isabel-II_S_idiom_1c29aa,PUR_IED_Isabel-II_S_idiom_1c29aa,,,,,
2026-09-12T05:31:08-05:00,PUR_IED_Isabel-II_S_infor_fd741,PUR_IED_Isabel-II_S_infor_fd741,,,,,
2026-09-12T05:31:08-05:00,PUR_IED_IsidroSur_Exterio_5b90ea,PUR_IED_IsidroSur_Exterio_5b90ea,,,,,
2026-09-12T05:31:08-05:00,PUR_IED_IsidroSur_LabTec_56697a,PUR_IED_IsidroSur_LabTec_56697a,,,,,
2026-09-12T05:31:08-05:00,PUR_IED_IsidroSur_Robotic_b7c38f,PUR_IED_IsidroSur_Robotic_b7c38f,,,,,
2026-09-12T05:31:08-05:00,PUR_IED_IsmaelPerd_Ext_7b6672,PUR_IED_IsmaelPerd_Ext_7b6672,,,,,
2026-09-12T05:31:08-05:00,PUR_IED_IsmaelPerd_Inform_306540,PUR_IED_IsmaelPerd_Inform_306540,,,,,
2026-09-12T05:31:08-05:00,PUR_IED_IsmaelPerd_S30_2e2c83,PUR_IED_IsmaelPerd_S30_2e2c83,,,,,
2026-09-12T05:31:08-05:00,PUR_IED_JLozano_Exter_432910,PUR_IED_JLozano_Exter_432910,,,,,
2026-09-12T05:31:08-05:00,PUR_IED_JLozano_salaMulti_df5125,PUR_IED_JLozano_salaMulti_df5125,,,,,
2026-09-12T05:31:08-05:00,PUR_IED_JMCordoba_206_86f80b,PUR_IED_JMCordoba_206_86f80b,,,,,
2026-09-12T05:31:08-05:00,PUR_IED_JMCordoba_Ext_27ad97,PUR_IED_JMCordoba_Ext_27ad97,,,,,
2026-09-12T05:31:08-05:00,PUR_IED_JMCordoba_S310_d59ab4,PUR_IED_JMCordoba_S310_d59ab4,,,,,
2026-09-12T05:31:08-05:00,PUR_IED_Japon_Ext_549100,PUR_IED_Japon_Ext_549100,,,,,
2026-09-12T05:31:08-05:00,PUR_IED_Japon_Laboratorio_bec51d,PUR_IED_Japon_Laboratorio_bec51d,,,,,
2026-09-12T05:31:08-05:00,PUR_IED_Japon_informatica_d99327,PUR_IED_Japon_informatica_d99327,,,,,
2026-09-12T05:31:08-05:00,PUR_IED_Jazmin_Ext_d27bda,PUR_IED_Jazmin_Ext_d27bda,,,,,
2026-09-12T05:31:08-05:00,PUR_IED_Jazmin_Fisica_8d14d7,PUR_IED_Jazmin_Fisica_8d14d7,,,,,
2026-09-12T05:31:08-05:00,PUR_IED_Jazmin_Quimica_801cb5,PUR_IED_Jazmin_Quimica_801cb5,,,,,
2026-09-12T05:31:08-05:00,PUR_IED_JorgeGaitan_Exter_f098d1,PUR_IED_JorgeGaitan_Exter_f098d1,,,,,
2026-09-12T05:31:08-05:00,PUR_IED_JorgeGaitan_STec1_dc9d1d,PUR_IED_JorgeGaitan_STec1_dc9d1d,,,,,
2026-09-12T05:31:08-05:00,PUR_IED_JorgeGaitan_STec2_281e69,PUR_IED_JorgeGaitan_STec2_281e69,,,,,
2026-09-12T05:31:08-05:00,PUR_IED_JorgeSoto_Exterio_d9d0a2,PUR_IED_JorgeSoto_Exterio_d9d0a2,,,,,
2026-09-12T05:31:08-05:00,PUR_IED_JorgeSoto_LabFisi_209c54,PUR_IED_JorgeSoto_LabFisi_209c54,,,,,
2026-09-12T05:31:08-05:00,PUR_IED_JorgeSoto_S103_27b51a,PUR_IED_JorgeSoto_S103_27b51a,,,,,
2026-09-12T05:31:08-05:00,PUR_IED_JoseAcevedo_A02_e965eb,PUR_IED_JoseAcevedo_A02_e965eb,,,,,
2026-09-12T05:31:08-05:00,PUR_IED_JoseAcevedo_A07_dd5b4,PUR_IED_JoseAcevedo_A07_dd5b4,,,,,
2026-09-12T05:31:08-05:00,PUR_IED_JoseAcevedo_Ext_b47484,PUR_IED_JoseAcevedo_Ext_b47484,,,,,
2026-09-12T05:31:08-05:00,PUR_IED_JoseMarti_Exte_5b9bf,PUR_IED_JoseMarti_Exte_5b9bf,,,,,
2026-09-12T05:31:08-05:00,PUR_IED_JoseMarti_LabQuim_1c6c2d,PUR_IED_JoseMarti_LabQuim_1c6c2d,,,,,
2026-09-12T05:31:08-05:00,PUR_IED_JoseMarti_S_info_f5f177,PUR_IED_JoseMarti_S_info_f5f177,,,,,
2026-09-12T05:31:08-05:00,PUR_IED_Josejoaquin_Ext_dfc5dc,PUR_IED_Josejoaquin_Ext_dfc5dc,,,,,
2026-09-12T05:31:08-05:00,PUR_IED_Josejoaquin_S05_5b2a96,PUR_IED_Josejoaquin_S05_5b2a96,,,,,
2026-09-12T05:31:08-05:00,PUR_IED_Josejoaquin_S06_1ce7d2,PUR_IED_Josejoaquin_S06_1ce7d2,,,,,
2026-09-12T05:31:08-05:00,PUR_IED_JulioFlorez_Danza_9b82dd,PUR_IED_JulioFlorez_Danza_9b82dd,,,,,
2026-09-12T05:31:08-05:00,PUR_IED_JulioFlorez_Exter_f9f314,PUR_IED_JulioFlorez_Exter_f9f314,,,,,
2026-09-12T05:31:08-05:00,PUR_IED_JulioFlorez_info2_6b6e08,PUR_IED_JulioFlorez_info2_6b6e08,,,,,
2026-09-12T05:31:08-05:00,PUR_IED_LaBelleza_Aula13_1d00d8,PUR_IED_LaBelleza_Aula13_1d00d8,,,,,
2026-09-12T05:31:08-05:00,PUR_IED_LaBelleza_Ext_7bc08c,PUR_IED_LaBelleza_Ext_7bc08c,,,,,
2026-09-12T05:31:08-05:00,PUR_IED_LaChucua_Ext_8cd6d2,PUR_IED_LaChucua_Ext_8cd6d2,,,,,
2026-09-12T05:31:08-05:00,PUR_IED_LaChucua_S15_f578ce,PUR_IED_LaChucua_S15_f578ce,,,,,
2026-09-12T05:31:08-05:00,PUR_IED_LaChucua_S16_eebcf9,PUR_IED_LaChucua_S16_eebcf9,,,,,
2026-09-12T05:31:08-05:00,PUR_IED_LaFelicidad_Ext_fb5109,PUR_IED_LaFelicidad_Ext_fb5109,,,,,
2026-09-12T05:31:08-05:00,PUR_IED_LaMerced_206_66ebd,PUR_IED_LaMerced_206_66ebd,,,,,
2026-09-12T05:31:08-05:00,PUR_IED_LaMerced_207_6ebd6,PUR_IED_LaMerced_207_6ebd6,,,,,
2026-09-12T05:31:08-05:00,PUR_IED_LaMerced_ext_304311,PUR_IED_LaMerced_ext_304311,,,,,
2026-09-12T05:31:08-05:00,PUR_IED_Laureano_CiencNat_281e5e,PUR_IED_Laureano_CiencNat_281e5e,,,,,
2026-09-12T05:31:08-05:00,PUR_IED_Laureano_Comedor_f65c0a,PUR_IED_Laureano_Comedor_f65c0a,,,,,
2026-09-12T05:31:08-05:00,PUR_IED_Laureano_Exterior_7ab011,PUR_IED_Laureano_Exterior_7ab011,,,,,
2026-09-12T05:31:08-05:00,PUR_IED_LeonGreiff_Exte_dfe560,PUR_IED_LeonGreiff_Exte_dfe560,,,,,
2026-09-12T05:31:08-05:00,PUR_IED_LeonGreiff_S210_f264ed,PUR_IED_LeonGreiff_S210_f264ed,,,,,
2026-09-12T05:31:08-05:00,PUR_IED_LeonGreiff_SQuimi_e8296f,PUR_IED_LeonGreiff_SQuimi_e8296f,,,,,
2026-09-12T05:31:08-05:00,PUR_IED_LlanoOrientalS208_7b9fcd,PUR_IED_LlanoOrientalS208_7b9fcd,,,,,
2026-09-12T05:31:08-05:00,PUR_IED_LlanoOriental_Ext_fb3766,PUR_IED_LlanoOriental_Ext_fb3766,,,,,
2026-09-12T05:31:08-05:00,PUR_IED_LlanoOriental_S208_7b9fcd,PUR_IED_LlanoOriental_S208_7b9fcd,,,,,
2026-09-12T05:31:08-05:00,PUR_IED_LlanoOriental_S9_27b378,PUR_IED_LlanoOriental_S9_27b378,,,,,
2026-09-12T05:31:08-05:00,PUR_IED_LosTejares_1101_477602,PUR_IED_LosTejares_1101_477602,,,,,
2026-09-12T05:31:08-05:00,PUR_IED_LosTejares_11_d2c595,PUR_IED_LosTejares_11_d2c595,,,,,
2026-09-12T05:31:08-05:00,PUR_IED_LosTejares_12_477602,PUR_IED_LosTejares_12_477602,,,,,
2026-09-12T05:31:08-05:00,PUR_IED_LosTejares_Ext_8e2115,PUR_IED_LosTejares_Ext_8e2115,,,,,
2026-09-12T05:31:08-05:00,PUR_IED_MagdalenaO_B202_5ddda3,PUR_IED_MagdalenaO_B202_5ddda3,,,,,
2026-09-12T05:31:08-05:00,PUR_IED_MagdalenaO_B205_fb76e8,PUR_IED_MagdalenaO_B205_fb76e8,,,,,
2026-09-12T05:31:08-05:00,PUR_IED_MagdalenaO_ext_dc69cd,PUR_IED_MagdalenaO_ext_dc69cd,,,,,
2026-09-12T05:31:08-05:00,PUR_IED_ManueCepeda_artes_eee956,PUR_IED_ManueCepeda_artes_eee956,,,,,
2026-09-12T05:31:08-05:00,PUR_IED_ManuelCepeda_Ext_58313,PUR_IED_ManuelCepeda_Ext_58313,,,,,
2026-09-12T05:31:08-05:00,PUR_IED_ManuelCepeda_tec_1c5731,PUR_IED_ManuelCepeda_tec_1c5731,,,,,
2026-09-12T05:31:08-05:00,PUR_IED_ManuelS_Exterior_5b269,PUR_IED_ManuelS_Exterior_5b269,,,,,
2026-09-12T05:31:08-05:00,PUR_IED_ManuelS_Inform_f369ce,PUR_IED_ManuelS_Inform_f369ce,,,,,
2026-09-12T05:31:08-05:00,PUR_IED_ManuelS_SArtes_7d15f1,PUR_IED_ManuelS_SArtes_7d15f1,,,,,
2026-09-12T05:31:08-05:00,PUR_IED_ManuelZapata_303_3ca6,PUR_IED_ManuelZapata_303_3ca6,,,,,
2026-09-12T05:31:08-05:00,PUR_IED_ManuelZapata_311_bfbabc,PUR_IED_ManuelZapata_311_bfbabc,,,,,
2026-09-12T05:31:08-05:00,PUR_IED_ManuelZapata_Ext_50824a,PUR_IED_ManuelZapata_Ext_50824a,,,,,
2026-09-12T05:31:08-05:00,PUR_IED_ManuelitaS_Exteri_656a92,PUR_IED_ManuelitaS_Exteri_656a92,,,,,
2026-09-12T05:31:08-05:00,PUR_IED_ManuelitaS_JuzgDe_f58ec3,PUR_IED_ManuelitaS_JuzgDe_f58ec3,,,,,
2026-09-12T05:31:08-05:00,PUR_IED_ManuelitaS_Recrea_d793db,PUR_IED_ManuelitaS_Recrea_d793db,,,,,
2026-09-12T05:31:08-05:00,PUR_IED_MarFidSuarez_Ext_c27b19,PUR_IED_MarFidSuarez_Ext_c27b19,,,,,
2026-09-12T05:31:08-05:00,PUR_IED_MarFidSuarez_Info_e384d7,PUR_IED_MarFidSuarez_Info_e384d7,,,,,
2026-09-12T05:31:08-05:00,PUR_IED_MarFidSuarez_S306_1d0032,PUR_IED_MarFidSuarez_S306_1d0032,,,,,
2026-09-12T05:31:08-05:00,PUR_IED_Menorah_301_2a25a3,PUR_IED_Menorah_301_2a25a3,,,,,
2026-09-12T05:31:08-05:00,PUR_IED_Menorah_306_37ed3,PUR_IED_Menorah_306_37ed3,,,,,
2026-09-12T05:31:08-05:00,PUR_IED_Menorah_Ext_3e155b,PUR_IED_Menorah_Ext_3e155b,,,,,
2026-09-12T05:31:08-05:00,PUR_IED_MinutoB.Aires_A11_1b1604,PUR_IED_MinutoB.Aires_A11_1b1604,,,,,
2026-09-12T05:31:08-05:00,PUR_IED_MinutoB.Aires_A12_fb5860,PUR_IED_MinutoB.Aires_A12_fb5860,,,,,
2026-09-12T05:31:08-05:00,PUR_IED_MinutoB.Aires_Ext_81293f,PUR_IED_MinutoB.Aires_Ext_81293f,,,,,
2026-09-12T05:31:08-05:00,PUR_IED_MinutoBAires_A11_1b1604,PUR_IED_MinutoBAires_A11_1b1604,,,,,
2026-09-12T05:31:08-05:00,PUR_IED_MinutoBAires_A12_fb5860,PUR_IED_MinutoBAires_A12_fb5860,,,,,
2026-09-12T05:31:08-05:00,PUR_IED_MinutoBAires_Ext_81293f,PUR_IED_MinutoBAires_Ext_81293f,,,,,
2026-09-12T05:31:08-05:00,PUR_IED_Montreal_Aula10_1e4959,PUR_IED_Montreal_Aula10_1e4959,,,,,
2026-09-12T05:31:08-05:00,PUR_IED_Montreal_Aula6_300367,PUR_IED_Montreal_Aula6_300367,,,,,
2026-09-12T05:31:08-05:00,PUR_IED_Montreal_Exterior_91a179,PUR_IED_Montreal_Exterior_91a179,,,,,
2026-09-12T05:31:08-05:00,PUR_IED_Mqgdalena_B202_5ddda3,PUR_IED_Mqgdalena_B202_5ddda3,,,,,
2026-09-12T05:31:08-05:00,PUR_IED_NACUND_Soc_dc8728,PUR_IED_NACUND_Soc_dc8728,,,,,
2026-09-12T05:31:08-05:00,PUR_IED_NACUND_ext_27ad97,PUR_IED_NACUND_ext_27ad97,,,,,
2026-09-12T05:31:08-05:00,PUR_IED_NEsperanza_Ext_d24b61,PUR_IED_NEsperanza_Ext_d24b61,,,,,
2026-09-12T05:31:08-05:00,PUR_IED_NEsperanza_SElect_7d1807,PUR_IED_NEsperanza_SElect_7d1807,,,,,
2026-09-12T05:31:08-05:00,PUR_IED_NEsperanza_SLabor_8b2d0a,PUR_IED_NEsperanza_SLabor_8b2d0a,,,,,
2026-09-12T05:31:08-05:00,PUR_IED_NacionesU_Ext_f661a9,PUR_IED_NacionesU_Ext_f661a9,,,,,
2026-09-12T05:31:08-05:00,PUR_IED_NacionesU_Quimica_66f0a,PUR_IED_NacionesU_Quimica_66f0a,,,,,
2026-09-12T05:31:08-05:00,PUR_IED_NacionesU_S306_1b4b3d,PUR_IED_NacionesU_S306_1b4b3d,,,,,
2026-09-12T05:31:08-05:00,PUR_IED_NestorFA_Ext_e4201c,PUR_IED_NestorFA_Ext_e4201c,,,,,
2026-09-12T05:31:08-05:00,PUR_IED_NestorFA_Laborato_f22fe0,PUR_IED_NestorFA_Laborato_f22fe0,,,,,
2026-09-12T05:31:08-05:00,PUR_IED_NestorFA_S204_dee996,PUR_IED_NestorFA_S204_dee996,,,,,
2026-09-12T05:31:08-05:00,PUR_IED_NidyaQT_Aula03_76999b,PUR_IED_NidyaQT_Aula03_76999b,,,,,
2026-09-12T05:31:08-05:00,PUR_IED_NidyaQT_Aula10_56325,PUR_IED_NidyaQT_Aula10_56325,,,,,
2026-09-12T05:31:08-05:00,PUR_IED_NidyaQT_Ext_46e32d,PUR_IED_NidyaQT_Ext_46e32d,,,,,
2026-09-12T05:31:08-05:00,PUR_IED_NuevaCol_Exterior_d9b859,PUR_IED_NuevaCol_Exterior_d9b859,,,,,
2026-09-12T05:31:08-05:00,PUR_IED_NuevaCol_S1101_76c43b,PUR_IED_NuevaCol_S1101_76c43b,,,,,
2026-09-12T05:31:08-05:00,PUR_IED_NuevaCol_S1102_1ce0b5,PUR_IED_NuevaCol_S1102_1ce0b5,,,,,
2026-09-12T05:31:08-05:00,PUR_IED_OEA_A202_f7e3f2,PUR_IED_OEA_A202_f7e3f2,,,,,
2026-09-12T05:31:08-05:00,PUR_IED_OEA_A203_7d1b8d,PUR_IED_OEA_A203_7d1b8d,,,,,
2026-09-12T05:31:08-05:00,PUR_IED_OEA_Ext_27b593,PUR_IED_OEA_Ext_27b593,,,,,
2026-09-12T05:31:08-05:00,PUR_IED_Ochoa_Ext_1c29da,PUR_IED_Ochoa_Ext_1c29da,,,,,
2026-09-12T05:31:08-05:00,PUR_IED_Ochoa_S205_8b1121,PUR_IED_Ochoa_S205_8b1121,,,,,
2026-09-12T05:31:08-05:00,PUR_IED_Ochoa_Sistemas_f33af6,PUR_IED_Ochoa_Sistemas_f33af6,,,,,
2026-09-12T05:31:08-05:00,PUR_IED_PQuebec_Ext_1c67c7,PUR_IED_PQuebec_Ext_1c67c7,,,,,
2026-09-12T05:31:08-05:00,PUR_IED_PQuebec_S15_23e8e2,PUR_IED_PQuebec_S15_23e8e2,,,,,
2026-09-12T05:31:08-05:00,PUR_IED_PQuebec_S16_8ec76b,PUR_IED_PQuebec_S16_8ec76b,,,,,
2026-09-12T05:31:08-05:00,PUR_IED_PabloN_Ext_49dc96,PUR_IED_PabloN_Ext_49dc96,,,,,
2026-09-12T05:31:08-05:00,PUR_IED_PabloN_S1102_4e3df5,PUR_IED_PabloN_S1102_4e3df5,,,,,
2026-09-12T05:31:08-05:00,PUR_IED_PabloN_S1103_50c94b,PUR_IED_PabloN_S1103_50c94b,,,,,
2026-09-12T05:31:08-05:00,PUR_IED_Palestina_S1101_db9198,PUR_IED_Palestina_S1101_db9198,,,,,
2026-09-12T05:31:08-05:00,PUR_IED_Palestina_S1102_dc54fa,PUR_IED_Palestina_S1102_dc54fa,,,,,
2026-09-12T05:31:08-05:00,PUR_IED_Palestina_ext_4ccce6,PUR_IED_Palestina_ext_4ccce6,,,,,
2026-09-12T05:31:08-05:00,PUR_IED_Panama_Fisica_4d0794,PUR_IED_Panama_Fisica_4d0794,,,,,
2026-09-12T05:31:08-05:00,PUR_IED_Panama_SIngles_a4077e,PUR_IED_Panama_SIngles_a4077e,,,,,
2026-09-12T05:31:08-05:00,PUR_IED_Panama_ext_4c54b4,PUR_IED_Panama_ext_4c54b4,,,,,
2026-09-12T05:31:08-05:00,PUR_IED_ParaisoM_Exterior_8cd7f0,PUR_IED_ParaisoM_Exterior_8cd7f0,,,,,
2026-09-12T05:31:08-05:00,PUR_IED_ParaisoM_Laborato_27af35,PUR_IED_ParaisoM_Laborato_27af35,,,,,
2026-09-12T05:31:08-05:00,PUR_IED_ParaisoM_S304_d1edca,PUR_IED_ParaisoM_S304_d1edca,,,,,
2026-09-12T05:31:08-05:00,PUR_IED_PorfirioBarba_Ext_301466,PUR_IED_PorfirioBarba_Ext_301466,,,,,
2026-09-12T05:31:08-05:00,PUR_IED_PorfirioBarba_S11_df6cd2,PUR_IED_PorfirioBarba_S11_df6cd2,,,,,
2026-09-12T05:31:08-05:00,PUR_IED_PorfirioBarba_S29_27a7d6,PUR_IED_PorfirioBarba_S29_27a7d6,,,,,
2026-09-12T05:31:08-05:00,PUR_IED_PradoV_Exter_8b27ad,PUR_IED_PradoV_Exter_8b27ad,,,,,
2026-09-12T05:31:08-05:00,PUR_IED_PradoV_S301_de65b5,PUR_IED_PradoV_S301_de65b5,,,,,
2026-09-12T05:31:08-05:00,PUR_IED_PradoV_S302_7d2593,PUR_IED_PradoV_S302_7d2593,,,,,
2026-09-12T05:31:08-05:00,PUR_IED_QuirogaAlz_Ext_1ddc82,PUR_IED_QuirogaAlz_Ext_1ddc82,,,,,
2026-09-12T05:31:08-05:00,PUR_IED_QuirogaAlz_S302_9926a3,PUR_IED_QuirogaAlz_S302_9926a3,,,,,
2026-09-12T05:31:08-05:00,PUR_IED_QuirogaAlz_S305_cdf1f1,PUR_IED_QuirogaAlz_S305_cdf1f1,,,,,
2026-09-12T05:31:08-05:00,PUR_IED_RGuatemala_Biling_dc53b7,PUR_IED_RGuatemala_Biling_dc53b7,,,,,
2026-09-12T05:31:08-05:00,PUR_IED_RGuatemala_Ext_1b89a3,PUR_IED_RGuatemala_Ext_1b89a3,,,,,
2026-09-12T05:31:08-05:00,PUR_IED_RGuatemala_Tecnol_281a34,PUR_IED_RGuatemala_Tecnol_281a34,,,,,
2026-09-12T05:31:08-05:00,PUR_IED_RafaNu_Ext_f7c302,PUR_IED_RafaNu_Ext_f7c302,,,,,
2026-09-12T05:31:08-05:00,PUR_IED_RafaNu_S1101_25fde,PUR_IED_RafaNu_S1101_25fde,,,,,
2026-09-12T05:31:08-05:00,PUR_IED_RafaNu_S1102_281517,PUR_IED_RafaNu_S1102_281517,,,,,
2026-09-12T05:31:08-05:00,PUR_IED_RafaelB_S305_ee2783,PUR_IED_RafaelB_S305_ee2783,,,,,
2026-09-12T05:31:08-05:00,PUR_IED_RafaelB_S306_75fe33,PUR_IED_RafaelB_S306_75fe33,,,,,
2026-09-12T05:31:08-05:00,PUR_IED_RafaelB_ext_283336,PUR_IED_RafaelB_ext_283336,2,18,62,4.6722,-74.0737
2026-09-12T05:31:08-05:00,PUR_IED_RafaelUU_Exterior_281a51,PUR_IED_RafaelUU_Exterior_281a51,,,,,
2026-09-12T05:31:08-05:00,PUR_IED_RafaelUU_Human_806b2,PUR_IED_RafaelUU_Human_806b2,,,,,
2026-09-12T05:31:08-05:00,PUR_IED_RafaelUU_Mate2_5680d4,PUR_IED_RafaelUU_Mate2_5680d4,,,,,
2026-09-12T05:31:08-05:00,PUR_IED_RamonSub_Ext_f9eeb9,PUR_IED_RamonSub_Ext_f9eeb9,,,,,
2026-09-12T05:31:08-05:00,PUR_IED_RamonSub_Media_d1f62f,PUR_IED_RamonSub_Media_d1f62f,,,,,
2026-09-12T05:31:08-05:00,PUR_IED_RamonSub_planta_51b82,PUR_IED_RamonSub_planta_51b82,,,,,
2026-09-12T05:31:08-05:00,PUR_IED_RepBoliVene_Exter_27af7c,PUR_IED_RepBoliVene_Exter_27af7c,,,,,
2026-09-12T05:31:08-05:00,PUR_IED_RepBoliVene_SCPT_5ae2ee,PUR_IED_RepBoliVene_SCPT_5ae2ee,,,,,
2026-09-12T05:31:08-05:00,PUR_IED_RepBoliVene_Socia_4b11d5,PUR_IED_RepBoliVene_Socia_4b11d5,,,,,
2026-09-12T05:31:08-05:00,PUR_IED_RepChina_Ext_76d9ee,PUR_IED_RepChina_Ext_76d9ee,,,,,
2026-09-12T05:31:08-05:00,PUR_IED_RepChina_S404_7c804c,PUR_IED_RepChina_S404_7c804c,,,,,
2026-09-12T05:31:08-05:00,PUR_IED_RepChina_S405_df2c33,PUR_IED_RepChina_S405_df2c33,,,,,
2026-09-12T05:31:08-05:00,PUR_IED_RepublicaC_Exteri_7d1ec9,PUR_IED_RepublicaC_Exteri_7d1ec9,,,,,
2026-09-12T05:31:08-05:00,PUR_IED_RepublicaC_S1101_f544b3,PUR_IED_RepublicaC_S1101_f544b3,,,,,
2026-09-12T05:31:08-05:00,PUR_IED_RepublicaC_S1102_7aafc7,PUR_IED_RepublicaC_S1102_7aafc7,,,,,
2026-09-12T05:31:08-05:00,PUR_IED_Ricaurte_Externo_a0ea1,PUR_IED_Ricaurte_Externo_a0ea1,,,,,
2026-09-12T05:31:08-05:00,PUR_IED_Ricaurte_S210_f546fd,PUR_IED_Ricaurte_S210_f546fd,,,,,
2026-09-12T05:31:08-05:00,PUR_IED_Ricaurte_S309_d4452,PUR_IED_Ricaurte_S309_d4452,,,,,
2026-09-12T05:31:08-05:00,PUR_IED_RogelioS_1102_531e69,PUR_IED_RogelioS_1102_531e69,,,,,
2026-09-12T05:31:08-05:00,PUR_IED_RogelioS_Ext_f25a18,PUR_IED_RogelioS_Ext_f25a18,,,,,
2026-09-12T05:31:08-05:00,PUR_IED_SBernardino_Ext_27aff8,PUR_IED_SBernardino_Ext_27aff8,,,,,
2026-09-12T05:31:08-05:00,PUR_IED_SBernardino_SArte_2ffd33,PUR_IED_SBernardino_SArte_2ffd33,,,,,
2026-09-12T05:31:08-05:00,PUR_IED_SBernardino_SIngl_7c7da5,PUR_IED_SBernardino_SIngl_7c7da5,,,,,
2026-09-12T05:31:08-05:00,PUR_IED_Sago_auditorio_dc9d1d,PUR_IED_Sago_auditorio_dc9d1d,,,,,
2026-09-12T05:31:08-05:00,PUR_IED_Saludcoop_Ext_95aac3,PUR_IED_Saludcoop_Ext_95aac3,,,,,
2026-09-12T05:31:08-05:00,PUR_IED_Saludcoop_InfI_90c854,PUR_IED_Saludcoop_InfI_90c854,,,,,
2026-09-12T05:31:08-05:00,PUR_IED_Saludcoop_SMedia_1b93be,PUR_IED_Saludcoop_SMedia_1b93be,,,,,
2026-09-12T05:31:08-05:00,PUR_IED_SanCarlos_1101_1a2360,PUR_IED_SanCarlos_1101_1a2360,,,,,
2026-09-12T05:31:08-05:00,PUR_IED_SanCarlos_1103_7bafb5,PUR_IED_SanCarlos_1103_7bafb5,,,,,
2026-09-12T05:31:08-05:00,PUR_IED_SanCarlos_Ext_b7cd1,PUR_IED_SanCarlos_Ext_b7cd1,,,,,
2026-09-12T05:31:08-05:00,PUR_IED_SanIgnacioBosa11a_50c26e,PUR_IED_SanIgnacioBosa11a_50c26e,,,,,
2026-09-12T05:31:08-05:00,PUR_IED_SanIgnacioBosa11b_371de8,PUR_IED_SanIgnacioBosa11b_371de8,,,,,
2026-09-12T05:31:08-05:00,PUR_IED_SanIgnacioBosaExt_ef0ffc,PUR_IED_SanIgnacioBosaExt_ef0ffc,,,,,
2026-09-12T05:31:08-05:00,PUR_IED_SanIgnacioBosa_11a_50c26e,PUR_IED_SanIgnacioBosa_11a_50c26e,,,,,
2026-09-12T05:31:08-05:00,PUR_IED_SanIgnacioBosa_Ext_ef0ffc,PUR_IED_SanIgnacioBosa_Ext_ef0ffc,,,,,
2026-09-12T05:31:08-05:00,PUR_IED_SanJoseN_intS1101_31c47f,PUR_IED_SanJoseN_intS1101_31c47f,,,,,
2026-09-12T05:31:08-05:00,PUR_IED_SanJoseUsm_Exter_f5d7e8,PUR_IED_SanJoseUsm_Exter_f5d7e8,,,,,
2026-09-12T05:31:08-05:00,PUR_IED_SanJoseUsm_Int11A_cfdef6,PUR_IED_SanJoseUsm_Int11A_cfdef6,,,,,
2026-09-12T05:31:08-05:00,PUR_IED_SilveriaR_IntB5_905349,PUR_IED_SilveriaR_IntB5_905349,,,,,
2026-09-12T05:31:08-05:00,PUR_IED_SilveriaR_IntSD14_981f93,PUR_IED_SilveriaR_IntSD14_981f93,,,,,
2026-09-12T05:31:08-05:00,PUR_IED_SilveriaR_ext_2b651d,PUR_IED_SilveriaR_ext_2b651d,,,,,
2026-09-12T05:31:08-05:00,PUR_IED_SimonB_Exterior_913975,PUR_IED_SimonB_Exterior_913975,,,,,
2026-09-12T05:31:08-05:00,PUR_IED_SimonB_LabQuimi_c56908,PUR_IED_SimonB_LabQuimi_c56908,,,,,
2026-09-12T05:31:08-05:00,PUR_IED_SimonB_informatic_a28c1,PUR_IED_SimonB_informatic_a28c1,,,,,
2026-09-12T05:31:08-05:00,PUR_IED_Sorrento_1102_315f50,PUR_IED_Sorrento_1102_315f50,,,,,
2026-09-12T05:31:08-05:00,PUR_IED_Sorrento_Minte_214eab,PUR_IED_Sorrento_Minte_214eab,,,,,
2026-09-12T05:31:08-05:00,PUR_IED_Sorrento_ext_7c3a0a,PUR_IED_Sorrento_ext_7c3a0a,,,,,
2026-09-12T05:31:08-05:00,PUR_IED_Tabora_Ext_f048ae,PUR_IED_Tabora_Ext_f048ae,,,,,
2026-09-12T05:31:08-05:00,PUR_IED_Tabora_S1102_b07752,PUR_IED_Tabora_S1102_b07752,,,,,
2026-09-12T05:31:08-05:00,PUR_IED_Tabora_S1103_d988f5,PUR_IED_Tabora_S1103_d988f5,,,,,
2026-09-12T05:31:08-05:00,PUR_IED_Tenerife_Ext_1ab188,PUR_IED_Tenerife_Ext_1ab188,,,,,
2026-09-12T05:31:08-05:00,PUR_IED_Tenerife_SDanzas_7bc02e,PUR_IED_Tenerife_SDanzas_7bc02e,,,,,
2026-09-12T05:31:08-05:00,PUR_IED_Tenerife_SIngles_7cc277,PUR_IED_Tenerife_SIngles_7cc277,,,,,
2026-09-12T05:31:08-05:00,PUR_IED_Tibabuyes_Exter_f2683d,PUR_IED_Tibabuyes_Exter_f2683d,,,,,
2026-09-12T05:31:08-05:00,PUR_IED_Tibabuyes_S10_dc87a8,PUR_IED_Tibabuyes_S10_dc87a8,,,,,
2026-09-12T05:31:08-05:00,PUR_IED_Tibabuyes_S15_dc0526,PUR_IED_Tibabuyes_S15_dc0526,,,,,
2026-09-12T05:31:08-05:00,PUR_IED_UnionE_S301_a1043,PUR_IED_UnionE_S301_a1043,,,,,
2026-09-12T05:31:08-05:00,PUR_IED_UnionE_S307_ff6c2f,PUR_IED_UnionE_S307_ff6c2f,,,,,
2026-09-12T05:31:08-05:00,PUR_IED_UnionE__Ext_5e2468,PUR_IED_UnionE__Ext_5e2468,,,,,
2026-09-12T05:31:08-05:00,PUR_IED_VillaRica_Ext_75be7c,PUR_IED_VillaRica_Ext_75be7c,,,,,
2026-09-12T05:31:08-05:00,PUR_IED_VillaRica_S4_cc5dcd,PUR_IED_VillaRica_S4_cc5dcd,,,,,
2026-09-12T05:31:08-05:00,PUR_IED_VillaRica_Sesp_99f5c,PUR_IED_VillaRica_Sesp_99f5c,,,,,
2026-09-12T05:36:05-05:00,PUR_IED_20deJulio_1101_91b1b9,PUR_IED_20deJulio_1101_91b1b9,,,,,
2026-09-12T05:36:05-05:00,PUR_IED_20deJulio_1102_1cfcf9,PUR_IED_20deJulio_1102_1cfcf9,,,,,
2026-09-12T05:36:05-05:00,PUR_IED_20deJulio_Ext_ab60bd,PUR_IED_20deJulio_Ext_ab60bd,,,,,
2026-09-12T05:36:05-05:00,PUR_IED_AgustinFer_Ext_7b9b77,PUR_IED_AgustinFer_Ext_7b9b77,,,,,
2026-09-12T05:36:05-05:00,PUR_IED_AgustinFer_Info2_27b3a7,PUR_IED_AgustinFer_Info2_27b3a7,,,,,
2026-09-12T05:36:05-05:00,PUR_IED_AgustinFer_Sena_54b4eb,PUR_IED_AgustinFer_Sena_54b4eb,,,,,
2026-09-12T05:36:05-05:00,PUR_IED_AlexanderF_1102_caf07b,PUR_IED_AlexanderF_1102_caf07b,,,,,
2026-09-12T05:36:05-05:00,PUR_IED_AlexanderF_1103_c79e71,PUR_IED_AlexanderF_1103_c79e71,,,,,
2026-09-12T05:36:05-05:00,PUR_IED_AlexanderF_Ext_c5b18b,PUR_IED_AlexanderF_Ext_c5b18b,,,,,
2026-09-12T05:36:05-05:00,PUR_IED_AlfonsoLopez_Ext_281d77,PUR_IED_AlfonsoLopez_Ext_281d77,,,,,
2026-09-12T05:36:05-05:00,PUR_IED_AlfonsoLopez_LabF_888ce0,PUR_IED_AlfonsoLopez_LabF_888ce0,,,,,
2026-09-12T05:36:05-05:00,PUR_IED_AlfonsoLopez_SMed_df6a7f,PUR_IED_AlfonsoLopez_SMed_df6a7f,,,,,
2026-09-12T05:36:05-05:00,PUR_IED_AltamiraSO_A2_209f92,PUR_IED_AltamiraSO_A2_209f92,,,,,
2026-09-12T05:36:05-05:00,PUR_IED_AltamiraSO_Ext_186d66,PUR_IED_AltamiraSO_Ext_186d66,,,,,
2026-09-12T05:36:05-05:00,PUR_IED_AltamiraSO_Sistem_27afe1,PUR_IED_AltamiraSO_Sistem_27afe1,,,,,
2026-09-12T05:36:05-05:00,PUR_IED_AlvaroGom_LabQuim_813179,PUR_IED_AlvaroGom_LabQuim_813179,,,,,
2026-09-12T05:36:05-05:00,PUR_IED_AlvaroGomez_Ext_47c7ca,PUR_IED_AlvaroGomez_Ext_47c7ca,,,,,
2026-09-12T05:36:05-05:00,PUR_IED_AlvaroGomez_LabQuim_813179,PUR_IED_AlvaroGomez_LabQuim_813179,,,,,
2026-09-12T05:36:05-05:00,PUR_IED_AlvaroGomez_S23_7ba89f,PUR_IED_AlvaroGomez_S23_7ba89f,,,,,
2026-09-12T05:36:05-05:00,PUR_IED_Amistad_306_dc8728,PUR_IED_Amistad_306_dc8728,,,,,
2026-09-12T05:36:05-05:00,PUR_IED_Amistad_Ext_8cd55e,PUR_IED_Amistad_Ext_8cd55e,,,,,
2026-09-12T05:36:05-05:00,PUR_IED_Amistad_S202_a41169,PUR_IED_Amistad_S202_a41169,,,,,
2026-09-12T05:36:05-05:00,PUR_IED_AndresBello_Bio_fd5f5e,PUR_IED_AndresBello_Bio_fd5f5e,,,,,
2026-09-12T05:36:05-05:00,PUR_IED_AndresBello_ext_dcad65,PUR_IED_AndresBello_ext_dcad65,,,,,
2026-09-12T05:36:05-05:00,PUR_IED_AndresBello_port_eed3ec,PUR_IED_AndresBello_port_eed3ec,,,,,
2026-09-12T05:36:05-05:00,PUR_IED_AngelaR_11b_d90a6b,PUR_IED_AngelaR_11b_d90a6b,,,,,
2026-09-12T05:36:05-05:00,PUR_IED_AngelaR_ext_7cad3e,PUR_IED_AngelaR_ext_7cad3e,,,,,
2026-09-12T05:36:05-05:00,PUR_IED_AntJoseSucre_10mo_df2575,PUR_IED_AntJoseSucre_10mo_df2575,,,,,
2026-09-12T05:36:05-05:00,PUR_IED_AntJoseSucre_Ext_215b36,PUR_IED_AntJoseSucre_Ext_215b36,,,,,
2026-09-12T05:36:05-05:00,PUR_IED_AntJoseSucre_Lab_3139de,PUR_IED_AntJoseSucre_Lab_3139de,,,,,
2026-09-12T05:36:05-05:00,PUR_IED_AntonioGarcia_301_d6b188,PUR_IED_AntonioGarcia_301_d6b188,,,,,
2026-09-12T05:36:05-05:00,PUR_IED_AntonioGarcia_302_88a82,PUR_IED_AntonioGarcia_302_88a82,,,,,
2026-09-12T05:36:05-05:00,PUR_IED_AntonioGarcia_Ext_20950c,PUR_IED_AntonioGarcia_Ext_20950c,,,,,
2026-09-12T05:36:05-05:00,PUR_IED_AntonioVan_Aula2_6dea02,PUR_IED_AntonioVan_Aula2_6dea02,,,,,
2026-09-12T05:36:05-05:00,PUR_IED_AntonioVan_Aula5_f1557e,PUR_IED_AntonioVan_Aula5_f1557e,,,,,
2026-09-12T05:36:05-05:00,PUR_IED_AntonioVan_Ext_406f2f,PUR_IED_AntonioVan_Ext_406f2f,,,,,
2026-09-12T05:36:05-05:00,PUR_IED_Atabanzha_Ext_cc5af9,PUR_IED_Atabanzha_Ext_cc5af9,,,,,
2026-09-12T05:36:05-05:00,PUR_IED_Atabanzha_SA101_56c37,PUR_IED_Atabanzha_SA101_56c37,,,,,
2026-09-12T05:36:05-05:00,PUR_IED_Atabanzha_SB302_27b374,PUR_IED_Atabanzha_SB302_27b374,,,,,
2026-09-12T05:36:05-05:00,PUR_IED_Atahualpa_Ext_fc1748,PUR_IED_Atahualpa_Ext_fc1748,,,,,
2026-09-12T05:36:05-05:00,PUR_IED_Atahualpa_Informa_dc9a95,PUR_IED_Atahualpa_Informa_dc9a95,,,,,
2026-09-12T05:36:05-05:00,PUR_IED_Atahualpa_S1101_f98056,PUR_IED_Atahualpa_S1101_f98056,,,,,
2026-09-12T05:36:05-05:00,PUR_IED_Bellavista_Ext_f5aa74,PUR_IED_Bellavista_Ext_f5aa74,,,,,
2026-09-12T05:36:05-05:00,PUR_IED_Bilbao_11A_916c41,PUR_IED_Bilbao_11A_916c41,,,,,
2026-09-12T05:36:05-05:00,PUR_IED_Bilbao_Ext_fb579a,PUR_IED_Bilbao_Ext_fb579a,,,,,
2026-09-12T05:36:05-05:00,PUR_IED_BrasiliaU_A125_304280,PUR_IED_BrasiliaU_A125_304280,,,,,
2026-09-12T05:36:05-05:00,PUR_IED_BrasiliaU_A203_7c8ca5,PUR_IED_BrasiliaU_A203_7c8ca5,,,,,
2026-09-12T05:36:05-05:00,PUR_IED_BrasiliaU_Ext_8d6e9f,PUR_IED_BrasiliaU_Ext_8d6e9f,5,16,66,4.5175,-74.116302
2026-09-12T05:36:05-05:00,PUR_IED_Brasilia_Ext_fe6593,PUR_IED_Brasilia_Ext_fe6593,,,,,
2026-09-12T05:36:05-05:00,PUR_IED_Brasilia_S24_7c130d,PUR_IED_Brasilia_S24_7c130d,,,,,
2026-09-12T05:36:05-05:00,PUR_IED_Brasilia_S501_186a54,PUR_IED_Brasilia_S501_186a54,,,,,
2026-09-12T05:36:05-05:00,PUR_IED_CHARRY_EXT_f1d5cd,PUR_IED_CHARRY_EXT_f1d5cd,,,,,
2026-09-12T05:36:05-05:00,PUR_IED_CHARRY_INTDANZAS_7a08e6,PUR_IED_CHARRY_INTDANZAS_7a08e6,,,,,
2026-09-12T05:36:05-05:00,PUR_IED_CHARRY_INT_AULA20_dc998d,PUR_IED_CHARRY_INT_AULA20_dc998d,,,,,
2026-09-12T05:36:05-05:00,PUR_IED_COLVIV_1101_S25_7f520a,PUR_IED_COLVIV_1101_S25_7f520a,,,,,
2026-09-12T05:36:05-05:00,PUR_IED_COLVIV_1102_S16_f570ba,PUR_IED_COLVIV_1102_S16_f570ba,,,,,
2026-09-12T05:36:05-05:00,PUR_IED_COLVIV_Ext_1a26fa,PUR_IED_COLVIV_Ext_1a26fa,,,,,
2026-09-12T05:36:05-05:00,PUR_IED_CULPOP_301A_f660f3,PUR_IED_CULPOP_301A_f660f3,,,,,
2026-09-12T05:36:05-05:00,PUR_IED_CULPOP_303_568afe,PUR_IED_CULPOP_303_568afe,,,,,
2026-09-12T05:36:05-05:00,PUR_IED_CULPOP_Ext_e02ccb,PUR_IED_CULPOP_Ext_e02ccb,,,,,
2026-09-12T05:36:05-05:00,PUR_IED_CVillavicen_Ext_26eb58,PUR_IED_CVillavicen_Ext_26eb58,5,14,82,4.487,-74.102798
2026-09-12T05:36:05-05:00,PUR_IED_CVillavicen_Intel_1ce5c2,PUR_IED_CVillavicen_Intel_1ce5c2,,,,,
2026-09-12T05:36:05-05:00,PUR_IED_CVillavicen_Poliv_e0766c,PUR_IED_CVillavicen_Poliv_e0766c,,,,,
2026-09-12T05:36:05-05:00,PUR_IED_CVillavicen_int_1ba140,PUR_IED_CVillavicen_int_1ba140,,,,,
2026-09-12T05:36:05-05:00,PUR_IED_CVillavicen_intel_1ba140,PUR_IED_CVillavicen_intel_1ba140,,,,,
2026-09-12T05:36:05-05:00,PUR_IED_CarlosPizarro_Ext_e307cc,PUR_IED_CarlosPizarro_Ext_e307cc,,,,,
2026-09-12T05:36:05-05:00,PUR_IED_CarlosPizarro_L36_7e5cdb,PUR_IED_CarlosPizarro_L36_7e5cdb,,,,,
2026-09-12T05:36:05-05:00,PUR_IED_CarlosPizarro_L37_c8566c,PUR_IED_CarlosPizarro_L37_c8566c,,,,,
2026-09-12T05:36:05-05:00,PUR_IED_Castilla_Ext_cf35f,PUR_IED_Castilla_Ext_cf35f,,,,,
2026-09-12T05:36:05-05:00,PUR_IED_Castilla_SFisik_360e38,PUR_IED_Castilla_SFisik_360e38,,,,,
2026-09-12T05:36:05-05:00,PUR_IED_Castilla_Sc304_496fbf,PUR_IED_Castilla_Sc304_496fbf,,,,,
2026-09-12T05:36:05-05:00,PUR_IED_CervantesSa_Ext_6b57b,PUR_IED_CervantesSa_Ext_6b57b,4,16,73,4.5128,-74.117203
2026-09-12T05:36:05-05:00,PUR_IED_CervantesSa_S107_225c2b,PUR_IED_CervantesSa_S107_225c2b,,,,,
2026-09-12T05:36:05-05:00,PUR_IED_CervantesSa_S108_940925,PUR_IED_CervantesSa_S108_940925,,,,,
2026-09-12T05:36:05-05:00,PUR_IED_Charry_A20_f53e7c,PUR_IED_Charry_A20_f53e7c,,,,,
2026-09-12T05:36:05-05:00,PUR_IED_Charry_Ext_f1d5cd,PUR_IED_Charry_Ext_f1d5cd,,,,,
2026-09-12T05:36:05-05:00,PUR_IED_Charry_IntAula20_dc998d,PUR_IED_Charry_IntAula20_dc998d,,,,,
2026-09-12T05:36:05-05:00,PUR_IED_Charry_IntDanzas_7a08e6,PUR_IED_Charry_IntDanzas_7a08e6,,,,,
2026-09-12T05:36:05-05:00,PUR_IED_ClememciaC_203_43e2fc,PUR_IED_ClememciaC_203_43e2fc,,,,,
2026-09-12T05:36:05-05:00,PUR_IED_ClememciaC_Ext_1b411a,PUR_IED_ClememciaC_Ext_1b411a,,,,,
2026-09-12T05:36:05-05:00,PUR_IED_ClememciaC_Quimic_44b5fc,PUR_IED_ClememciaC_Quimic_44b5fc,,,,,
2026-09-12T05:36:05-05:00,PUR_IED_ClemenciaC_203_43e2fc,PUR_IED_ClemenciaC_203_43e2fc,,,,,
2026-09-12T05:36:05-05:00,PUR_IED_ClemenciaC_Ext_1b411a,PUR_IED_ClemenciaC_Ext_1b411a,,,,,
2026-09-12T05:36:05-05:00,PUR_IED_ClemenciaC_Quimic_44b5fc,PUR_IED_ClemenciaC_Quimic_44b5fc,,,,,
2026-09-12T05:36:05-05:00,PUR_IED_ColViva_1101_S25_7f520a,PUR_IED_ColViva_1101_S25_7f520a,,,,,
2026-09-12T05:36:05-05:00,PUR_IED_ColViva_1102_S16_f570ba,PUR_IED_ColViva_1102_S16_f570ba,,,,,
2026-09-12T05:36:05-05:00,PUR_IED_ColViva_Ext_1a26fa,PUR_IED_ColViva_Ext_1a26fa,,,,,
2026-09-12T05:36:05-05:00,PUR_IED_ColegioBici_Asist_7c8798,PUR_IED_ColegioBici_Asist_7c8798,,,,,
2026-09-12T05:36:05-05:00,PUR_IED_ColegioBici_Ext_25cbf6,PUR_IED_ColegioBici_Ext_25cbf6,,,,,
2026-09-12T05:36:05-05:00,PUR_IED_ColegioBici_LabQ_7b57db,PUR_IED_ColegioBici_LabQ_7b57db,,,,,
2026-09-12T05:36:05-05:00,PUR_IED_CostaRica_Ext_5e640,PUR_IED_CostaRica_Ext_5e640,,,,,
2026-09-12T05:36:05-05:00,PUR_IED_CostaRica_Quim1_766d1c,PUR_IED_CostaRica_Quim1_766d1c,,,,,
2026-09-12T05:36:05-05:00,PUR_IED_CostaRica__Fisica_6f0873,PUR_IED_CostaRica__Fisica_6f0873,,,,,
2026-09-12T05:36:05-05:00,PUR_IED_CulPopu_301A_f660f3,PUR_IED_CulPopu_301A_f660f3,,,,,
2026-09-12T05:36:05-05:00,PUR_IED_CulPopu_303_568afe,PUR_IED_CulPopu_303_568afe,,,,,
2026-09-12T05:36:05-05:00,PUR_IED_CulPopu_Ext_e02ccb,PUR_IED_CulPopu_Ext_e02ccb,,,,,
2026-09-12T05:36:05-05:00,PUR_IED_Cundinamarca_Ext_f15985,PUR_IED_Cundinamarca_Ext_f15985,,,,,
2026-09-12T05:36:05-05:00,PUR_IED_Cundinamarca_Info_7aa5d7,PUR_IED_Cundinamarca_Info_7aa5d7,,,,,
2026-09-12T05:36:05-05:00,PUR_IED_Cundinamarca_Tec2_f449c7,PUR_IED_Cundinamarca_Tec2_f449c7,,,,,
2026-09-12T05:36:05-05:00,PUR_IED_DiegoM_Aula1_27b314,PUR_IED_DiegoM_Aula1_27b314,,,,,
2026-09-12T05:36:05-05:00,PUR_IED_DiegoM_Ext_d80ac8,PUR_IED_DiegoM_Ext_d80ac8,,,,,
2026-09-12T05:36:05-05:00,PUR_IED_DiegoM_S25_da928f,PUR_IED_DiegoM_S25_da928f,,,,,
2026-09-12T05:36:05-05:00,PUR_IED_ELRODEO_360881,PUR_IED_ELRODEO_360881,,,,,
2026-09-12T05:36:05-05:00,PUR_IED_ELRODEO_ext_360881,PUR_IED_ELRODEO_ext_360881,,,,,
2026-09-12T05:36:05-05:00,PUR_IED_EduardoU_Ext_1c1969,PUR_IED_EduardoU_Ext_1c1969,,,,,
2026-09-12T05:36:05-05:00,PUR_IED_EduardoU_SCiencia_4dfb94,PUR_IED_EduardoU_SCiencia_4dfb94,,,,,
2026-09-12T05:36:05-05:00,PUR_IED_EduardoU_SQuimica_5a46e7,PUR_IED_EduardoU_SQuimica_5a46e7,,,,,
2026-09-12T05:36:05-05:00,PUR_IED_ElRodeo_Aula14_676984,PUR_IED_ElRodeo_Aula14_676984,,,,,
2026-09-12T05:36:05-05:00,PUR_IED_ElRodeo_Aula16_2dd35b,PUR_IED_ElRodeo_Aula16_2dd35b,,,,,
2026-09-12T05:36:05-05:00,PUR_IED_ElRodeo_Ext_360881,PUR_IED_ElRodeo_Ext_360881,,,,,
2026-09-12T05:36:05-05:00,PUR_IED_ElRodeo_Exterior_8c6d28,PUR_IED_ElRodeo_Exterior_8c6d28,,,,,
2026-09-12T05:36:05-05:00,PUR_IED_ElRodeo_ext_360881,PUR_IED_ElRodeo_ext_360881,,,,,
2026-09-12T05:36:05-05:00,PUR_IED_EmmaReyes_Ext_987625,PUR_IED_EmmaReyes_Ext_987625,10,21,53,4.6367,-74.1511
2026-09-12T05:36:05-05:00,PUR_IED_Ensueño_Ext_7f0250,PUR_IED_Ensueño_Ext_7f0250,,,,,
2026-09-12T05:36:05-05:00,PUR_IED_EscNormal_Ext_5fef3b,PUR_IED_EscNormal_Ext_5fef3b,2,17,63,4.5852,-74.096901
2026-09-12T05:36:05-05:00,PUR_IED_EscNormal_S309_5b263,PUR_IED_EscNormal_S309_5b263,,,,,
2026-09-12T05:36:05-05:00,PUR_IED_EscNormal_S310_27b3b8,PUR_IED_EscNormal_S310_27b3b8,,,,,
2026-09-12T05:36:05-05:00,PUR_IED_Evangelista_Conta_f6cd4f,PUR_IED_Evangelista_Conta_f6cd4f,,,,,
2026-09-12T05:36:05-05:00,PUR_IED_Evangelista_Cri_5e16a,PUR_IED_Evangelista_Cri_5e16a,,,,,
2026-09-12T05:36:05-05:00,PUR_IED_Evangelista_Exter_754066,PUR_IED_Evangelista_Exter_754066,,,,,
2026-09-12T05:36:05-05:00,PUR_IED_FMiranda_S209_5cc2a3,PUR_IED_FMiranda_S209_5cc2a3,,,,,
2026-09-12T05:36:05-05:00,PUR_IED_FMiranda_S303_19e344,PUR_IED_FMiranda_S303_19e344,,,,,
2026-09-12T05:36:05-05:00,PUR_IED_FMiranda_ext_f53e7c,PUR_IED_FMiranda_ext_f53e7c,,,,,
2026-09-12T05:36:05-05:00,PUR_IED_FabioLozano_Bibli_1cee05,PUR_IED_FabioLozano_Bibli_1cee05,,,,,
2026-09-12T05:36:05-05:00,PUR_IED_FabioLozano_Ext_6ea285,PUR_IED_FabioLozano_Ext_6ea285,,,,,
2026-09-12T05:36:05-05:00,PUR_IED_FabioLozano_SLudi_f09e1e,PUR_IED_FabioLozano_SLudi_f09e1e,,,,,
2026-09-12T05:36:05-05:00,PUR_IED_FaustinoS_Aula07_27a731,PUR_IED_FaustinoS_Aula07_27a731,,,,,
2026-09-12T05:36:05-05:00,PUR_IED_FaustinoS_Ext_7b936f,PUR_IED_FaustinoS_Ext_7b936f,,,,,
2026-09-12T05:36:05-05:00,PUR_IED_FaustinoS_Fisica_da2c60,PUR_IED_FaustinoS_Fisica_da2c60,,,,,
2026-09-12T05:36:05-05:00,PUR_IED_FeGarciaLo_Ext_dc68ee,PUR_IED_FeGarciaLo_Ext_dc68ee,,,,,
2026-09-12T05:36:05-05:00,PUR_IED_FeGarciaLo_SDanza_f70a59,PUR_IED_FeGarciaLo_SDanza_f70a59,,,,,
2026-09-12T05:36:05-05:00,PUR_IED_FeGarciaLo_SMusic_125cdd,PUR_IED_FeGarciaLo_SMusic_125cdd,,,,,
2026-09-12T05:36:05-05:00,PUR_IED_FederalAlema_Exte_50c345,PUR_IED_FederalAlema_Exte_50c345,,,,,
2026-09-12T05:36:05-05:00,PUR_IED_FederalAlema_S31_f18371,PUR_IED_FederalAlema_S31_f18371,,,,,
2026-09-12T05:36:05-05:00,PUR_IED_FederalAlema_S901_a62cd,PUR_IED_FederalAlema_S901_a62cd,,,,,
2026-09-12T05:36:05-05:00,PUR_IED_FilarmonicaS_A5_f35eb1,PUR_IED_FilarmonicaS_A5_f35eb1,,,,,
2026-09-12T05:36:05-05:00,PUR_IED_FilarmonicaS_Ext_8a3bde,PUR_IED_FilarmonicaS_Ext_8a3bde,,,,,
2026-09-12T05:36:05-05:00,PUR_IED_FilarmonicaS_Spol_406114,PUR_IED_FilarmonicaS_Spol_406114,,,,,
2026-09-12T05:36:05-05:00,PUR_IED_FlorentinoG_A13_d1fa59,PUR_IED_FlorentinoG_A13_d1fa59,,,,,
2026-09-12T05:36:05-05:00,PUR_IED_FlorentinoG_Ext_1ce6ce,PUR_IED_FlorentinoG_Ext_1ce6ce,,,,,
2026-09-12T05:36:05-05:00,PUR_IED_FlorentinoG_Idiom_a66aac,PUR_IED_FlorentinoG_Idiom_a66aac,,,,,
2026-09-12T05:36:05-05:00,PUR_IED_FranciscoMati_Ext_e3869d,PUR_IED_FranciscoMati_Ext_e3869d,,,,,
2026-09-12T05:36:05-05:00,PUR_IED_FranciscoMati_S13_f31c67,PUR_IED_FranciscoMati_S13_f31c67,,,,,
2026-09-12T05:36:05-05:00,PUR_IED_FranciscoMati_S14_97dead,PUR_IED_FranciscoMati_S14_97dead,,,,,
2026-09-12T05:36:05-05:00,PUR_IED_FranciscoPS_Ext_7bfa9a,PUR_IED_FranciscoPS_Ext_7bfa9a,2,19,60,4.5899,-74.110397
2026-09-12T05:36:05-05:00,PUR_IED_FranciscoPS_Infor_fb8f4c,PUR_IED_FranciscoPS_Infor_fb8f4c,,,,,
2026-09-12T05:36:05-05:00,PUR_IED_FranciscoPS_Quimi_94d39c,PUR_IED_FranciscoPS_Quimi_94d39c,,,,,
2026-09-12T05:36:05-05:00,PUR_IED_FranciscoP_LabQ_d7e148,PUR_IED_FranciscoP_LabQ_d7e148,,,,,
2026-09-12T05:36:05-05:00,PUR_IED_FranciscoP_S28_cf9b30,PUR_IED_FranciscoP_S28_cf9b30,,,,,
2026-09-12T05:36:05-05:00,PUR_IED_FranciscoP_ext_e2313,PUR_IED_FranciscoP_ext_e2313,,,,,
2026-09-12T05:36:05-05:00,PUR_IED_FriederichN_Ext_8ac92a,PUR_IED_FriederichN_Ext_8ac92a,,,,,
2026-09-12T05:36:05-05:00,PUR_IED_FriederichN_S301_dd7e5a,PUR_IED_FriederichN_S301_dd7e5a,,,,,
2026-09-12T05:36:05-05:00,PUR_IED_FriederichN_S308_761f4f,PUR_IED_FriederichN_S308_761f4f,,,,,
2026-09-12T05:36:05-05:00,PUR_IED_GSantander_Aula10_533dd7,PUR_IED_GSantander_Aula10_533dd7,,,,,
2026-09-12T05:36:05-05:00,PUR_IED_GSantander_Aula12_fd4e4f,PUR_IED_GSantander_Aula12_fd4e4f,,,,,
2026-09-12T05:36:05-05:00,PUR_IED_GSantander_Aula310_533dd7,PUR_IED_GSantander_Aula310_533dd7,,,,,
2026-09-12T05:36:05-05:00,PUR_IED_GSantander_Aula312_fd4e4f,PUR_IED_GSantander_Aula312_fd4e4f,,,,,
2026-09-12T05:36:05-05:00,PUR_IED_GSantander_Ext_5f66b0,PUR_IED_GSantander_Ext_5f66b0,,,,,
2026-09-12T05:36:05-05:00,PUR_IED_GYomasa_Ext_f6bea5,PUR_IED_GYomasa_Ext_f6bea5,,,,,
2026-09-12T05:36:05-05:00,PUR_IED_GYomasa_LBiol_2c41aa,PUR_IED_GYomasa_LBiol_2c41aa,,,,,
2026-09-12T05:36:05-05:00,PUR_IED_GYomasa_LQuim_33c80,PUR_IED_GYomasa_LQuim_33c80,,,,,
2026-09-12T05:36:05-05:00,PUR_IED_GabBetMejia_Cienc_5a99c,PUR_IED_GabBetMejia_Cienc_5a99c,,,,,
2026-09-12T05:36:05-05:00,PUR_IED_GabBetMejia_Ext_9153d0,PUR_IED_GabBetMejia_Ext_9153d0,,,,,
2026-09-12T05:36:05-05:00,PUR_IED_GabBetMejia_Lab_f55347,PUR_IED_GabBetMejia_Lab_f55347,,,,,
2026-09-12T05:36:05-05:00,PUR_IED_GabBetanMejia_Ext_9153d0,PUR_IED_GabBetanMejia_Ext_9153d0,,,,,
2026-09-12T05:36:05-05:00,PUR_IED_Gaitana_Aula13_7aac11,PUR_IED_Gaitana_Aula13_7aac11,,,,,
2026-09-12T05:36:05-05:00,PUR_IED_Gaitana_Ext_5fcf4,PUR_IED_Gaitana_Ext_5fcf4,,,,,
2026-09-12T05:36:05-05:00,PUR_IED_Gaitana_LabFisica_644448,PUR_IED_Gaitana_LabFisica_644448,,,,,
2026-09-12T05:36:05-05:00,PUR_IED_GenSantander_Dise_8ac858,PUR_IED_GenSantander_Dise_8ac858,,,,,
2026-09-12T05:36:05-05:00,PUR_IED_GenSantander_Ext_8d5dfe,PUR_IED_GenSantander_Ext_8d5dfe,,,,,
2026-09-12T05:36:05-05:00,PUR_IED_GenSantander_Info_6c25b,PUR_IED_GenSantander_Info_6c25b,,,,,
2026-09-12T05:36:05-05:00,PUR_IED_GustavoMo_Exterio_75e63d,PUR_IED_GustavoMo_Exterio_75e63d,,,,,
2026-09-12T05:36:05-05:00,PUR_IED_GustavoMo_LabFisi_224d37,PUR_IED_GustavoMo_LabFisi_224d37,,,,,
2026-09-12T05:36:05-05:00,PUR_IED_GustavoMo_S208_3e6918,PUR_IED_GustavoMo_S208_3e6918,,,,,
2026-09-12T05:36:05-05:00,PUR_IED_GustavoR_A02_8cd4a8,PUR_IED_GustavoR_A02_8cd4a8,,,,,
2026-09-12T05:36:05-05:00,PUR_IED_GustavoR_B11_5b0ed,PUR_IED_GustavoR_B11_5b0ed,,,,,
2026-09-12T05:36:05-05:00,PUR_IED_GustavoR_Ext_7a0c90,PUR_IED_GustavoR_Ext_7a0c90,,,,,
2026-09-12T05:36:05-05:00,PUR_IED_HernandoDuran_Ext_8cd82b,PUR_IED_HernandoDuran_Ext_8cd82b,,,,,
2026-09-12T05:36:05-05:00,PUR_IED_HernandoDuran_S24_2772c6,PUR_IED_HernandoDuran_S24_2772c6,,,,,
2026-09-12T05:36:05-05:00,PUR_IED_HernandoDuran_S30_f2de41,PUR_IED_HernandoDuran_S30_f2de41,,,,,
2026-09-12T05:36:05-05:00,PUR_IED_HolguInUr_S1101_8cd732,PUR_IED_HolguInUr_S1101_8cd732,,,,,
2026-09-12T05:36:05-05:00,PUR_IED_HolguinUr_Exter_ddae6d,PUR_IED_HolguinUr_Exter_ddae6d,,,,,
2026-09-12T05:36:05-05:00,PUR_IED_HolguinUr_LabQuim_92b952,PUR_IED_HolguinUr_LabQuim_92b952,,,,,
2026-09-12T05:36:05-05:00,PUR_IED_Isabel-II_Ext_5245cc,PUR_IED_Isabel-II_Ext_5245cc,9,18,60,4.6336,-74.153
2026-09-12T05:36:05-05:00,PUR_IED_Isabel-II_S_idiom_1c29aa,PUR_IED_Isabel-II_S_idiom_1c29aa,,,,,
2026-09-12T05:36:05-05:00,PUR_IED_Isabel-II_S_infor_fd741,PUR_IED_Isabel-II_S_infor_fd741,,,,,
2026-09-12T05:36:05-05:00,PUR_IED_IsidroSur_Exterio_5b90ea,PUR_IED_IsidroSur_Exterio_5b90ea,,,,,
2026-09-12T05:36:05-05:00,PUR_IED_IsidroSur_LabTec_56697a,PUR_IED_IsidroSur_LabTec_56697a,,,,,
2026-09-12T05:36:05-05:00,PUR_IED_IsidroSur_Robotic_b7c38f,PUR_IED_IsidroSur_Robotic_b7c38f,,,,,
2026-09-12T05:36:05-05:00,PUR_IED_IsmaelPerd_Ext_7b6672,PUR_IED_IsmaelPerd_Ext_7b6672,,,,,
2026-09-12T05:36:05-05:00,PUR_IED_IsmaelPerd_Inform_306540,PUR_IED_IsmaelPerd_Inform_306540,,,,,
2026-09-12T05:36:05-05:00,PUR_IED_IsmaelPerd_S30_2e2c83,PUR_IED_IsmaelPerd_S30_2e2c83,,,,,
2026-09-12T05:36:05-05:00,PUR_IED_JLozano_Exter_432910,PUR_IED_JLozano_Exter_432910,,,,,
2026-09-12T05:36:05-05:00,PUR_IED_JLozano_salaMulti_df5125,PUR_IED_JLozano_salaMulti_df5125,,,,,
2026-09-12T05:36:05-05:00,PUR_IED_JMCordoba_206_86f80b,PUR_IED_JMCordoba_206_86f80b,,,,,
2026-09-12T05:36:05-05:00,PUR_IED_JMCordoba_Ext_27ad97,PUR_IED_JMCordoba_Ext_27ad97,,,,,
2026-09-12T05:36:05-05:00,PUR_IED_JMCordoba_S310_d59ab4,PUR_IED_JMCordoba_S310_d59ab4,,,,,
2026-09-12T05:36:05-05:00,PUR_IED_Japon_Ext_549100,PUR_IED_Japon_Ext_549100,,,,,
2026-09-12T05:36:05-05:00,PUR_IED_Japon_Laboratorio_bec51d,PUR_IED_Japon_Laboratorio_bec51d,,,,,
2026-09-12T05:36:05-05:00,PUR_IED_Japon_informatica_d99327,PUR_IED_Japon_informatica_d99327,,,,,
2026-09-12T05:36:05-05:00,PUR_IED_Jazmin_Ext_d27bda,PUR_IED_Jazmin_Ext_d27bda,,,,,
2026-09-12T05:36:05-05:00,PUR_IED_Jazmin_Fisica_8d14d7,PUR_IED_Jazmin_Fisica_8d14d7,,,,,
2026-09-12T05:36:05-05:00,PUR_IED_Jazmin_Quimica_801cb5,PUR_IED_Jazmin_Quimica_801cb5,,,,,
2026-09-12T05:36:05-05:00,PUR_IED_JorgeGaitan_Exter_f098d1,PUR_IED_JorgeGaitan_Exter_f098d1,,,,,
2026-09-12T05:36:05-05:00,PUR_IED_JorgeGaitan_STec1_dc9d1d,PUR_IED_JorgeGaitan_STec1_dc9d1d,,,,,
2026-09-12T05:36:05-05:00,PUR_IED_JorgeGaitan_STec2_281e69,PUR_IED_JorgeGaitan_STec2_281e69,,,,,
2026-09-12T05:36:05-05:00,PUR_IED_JorgeSoto_Exterio_d9d0a2,PUR_IED_JorgeSoto_Exterio_d9d0a2,,,,,
2026-09-12T05:36:05-05:00,PUR_IED_JorgeSoto_LabFisi_209c54,PUR_IED_JorgeSoto_LabFisi_209c54,,,,,
2026-09-12T05:36:05-05:00,PUR_IED_JorgeSoto_S103_27b51a,PUR_IED_JorgeSoto_S103_27b51a,,,,,
2026-09-12T05:36:05-05:00,PUR_IED_JoseAcevedo_A02_e965eb,PUR_IED_JoseAcevedo_A02_e965eb,,,,,
2026-09-12T05:36:05-05:00,PUR_IED_JoseAcevedo_A07_dd5b4,PUR_IED_JoseAcevedo_A07_dd5b4,,,,,
2026-09-12T05:36:05-05:00,PUR_IED_JoseAcevedo_Ext_b47484,PUR_IED_JoseAcevedo_Ext_b47484,,,,,
2026-09-12T05:36:05-05:00,PUR_IED_JoseMarti_Exte_5b9bf,PUR_IED_JoseMarti_Exte_5b9bf,,,,,
2026-09-12T05:36:05-05:00,PUR_IED_JoseMarti_LabQuim_1c6c2d,PUR_IED_JoseMarti_LabQuim_1c6c2d,,,,,
2026-09-12T05:36:05-05:00,PUR_IED_JoseMarti_S_info_f5f177,PUR_IED_JoseMarti_S_info_f5f177,,,,,
2026-09-12T05:36:05-05:00,PUR_IED_Josejoaquin_Ext_dfc5dc,PUR_IED_Josejoaquin_Ext_dfc5dc,,,,,
2026-09-12T05:36:05-05:00,PUR_IED_Josejoaquin_S05_5b2a96,PUR_IED_Josejoaquin_S05_5b2a96,,,,,
2026-09-12T05:36:05-05:00,PUR_IED_Josejoaquin_S06_1ce7d2,PUR_IED_Josejoaquin_S06_1ce7d2,,,,,
2026-09-12T05:36:05-05:00,PUR_IED_JulioFlorez_Danza_9b82dd,PUR_IED_JulioFlorez_Danza_9b82dd,,,,,
2026-09-12T05:36:05-05:00,PUR_IED_JulioFlorez_Exter_f9f314,PUR_IED_JulioFlorez_Exter_f9f314,,,,,
2026-09-12T05:36:05-05:00,PUR_IED_JulioFlorez_info2_6b6e08,PUR_IED_JulioFlorez_info2_6b6e08,,,,,
2026-09-12T05:36:05-05:00,PUR_IED_LaBelleza_Aula13_1d00d8,PUR_IED_LaBelleza_Aula13_1d00d8,,,,,
2026-09-12T05:36:05-05:00,PUR_IED_LaBelleza_Ext_7bc08c,PUR_IED_LaBelleza_Ext_7bc08c,,,,,
2026-09-12T05:36:05-05:00,PUR_IED_LaChucua_Ext_8cd6d2,PUR_IED_LaChucua_Ext_8cd6d2,,,,,
2026-09-12T05:36:05-05:00,PUR_IED_LaChucua_S15_f578ce,PUR_IED_LaChucua_S15_f578ce,,,,,
2026-09-12T05:36:05-05:00,PUR_IED_LaChucua_S16_eebcf9,PUR_IED_LaChucua_S16_eebcf9,,,,,
2026-09-12T05:36:05-05:00,PUR_IED_LaFelicidad_Ext_fb5109,PUR_IED_LaFelicidad_Ext_fb5109,,,,,
2026-09-12T05:36:05-05:00,PUR_IED_LaMerced_206_66ebd,PUR_IED_LaMerced_206_66ebd,,,,,
2026-09-12T05:36:05-05:00,PUR_IED_LaMerced_207_6ebd6,PUR_IED_LaMerced_207_6ebd6,,,,,
2026-09-12T05:36:05-05:00,PUR_IED_LaMerced_ext_304311,PUR_IED_LaMerced_ext_304311,,,,,
2026-09-12T05:36:05-05:00,PUR_IED_Laureano_CiencNat_281e5e,PUR_IED_Laureano_CiencNat_281e5e,,,,,
2026-09-12T05:36:05-05:00,PUR_IED_Laureano_Comedor_f65c0a,PUR_IED_Laureano_Comedor_f65c0a,,,,,
2026-09-12T05:36:05-05:00,PUR_IED_Laureano_Exterior_7ab011,PUR_IED_Laureano_Exterior_7ab011,,,,,
2026-09-12T05:36:05-05:00,PUR_IED_LeonGreiff_Exte_dfe560,PUR_IED_LeonGreiff_Exte_dfe560,,,,,
2026-09-12T05:36:05-05:00,PUR_IED_LeonGreiff_S210_f264ed,PUR_IED_LeonGreiff_S210_f264ed,,,,,
2026-09-12T05:36:05-05:00,PUR_IED_LeonGreiff_SQuimi_e8296f,PUR_IED_LeonGreiff_SQuimi_e8296f,,,,,
2026-09-12T05:36:05-05:00,PUR_IED_LlanoOrientalS208_7b9fcd,PUR_IED_LlanoOrientalS208_7b9fcd,,,,,
2026-09-12T05:36:05-05:00,PUR_IED_LlanoOriental_Ext_fb3766,PUR_IED_LlanoOriental_Ext_fb3766,,,,,
2026-09-12T05:36:05-05:00,PUR_IED_LlanoOriental_S208_7b9fcd,PUR_IED_LlanoOriental_S208_7b9fcd,,,,,
2026-09-12T05:36:05-05:00,PUR_IED_LlanoOriental_S9_27b378,PUR_IED_LlanoOriental_S9_27b378,,,,,
2026-09-12T05:36:05-05:00,PUR_IED_LosTejares_1101_477602,PUR_IED_LosTejares_1101_477602,,,,,
2026-09-12T05:36:05-05:00,PUR_IED_LosTejares_11_d2c595,PUR_IED_LosTejares_11_d2c595,,,,,
2026-09-12T05:36:05-05:00,PUR_IED_LosTejares_12_477602,PUR_IED_LosTejares_12_477602,,,,,
2026-09-12T05:36:05-05:00,PUR_IED_LosTejares_Ext_8e2115,PUR_IED_LosTejares_Ext_8e2115,,,,,
2026-09-12T05:36:05-05:00,PUR_IED_MagdalenaO_B202_5ddda3,PUR_IED_MagdalenaO_B202_5ddda3,,,,,
2026-09-12T05:36:05-05:00,PUR_IED_MagdalenaO_B205_fb76e8,PUR_IED_MagdalenaO_B205_fb76e8,,,,,
2026-09-12T05:36:05-05:00,PUR_IED_MagdalenaO_ext_dc69cd,PUR_IED_MagdalenaO_ext_dc69cd,,,,,
2026-09-12T05:36:05-05:00,PUR_IED_ManueCepeda_artes_eee956,PUR_IED_ManueCepeda_artes_eee956,,,,,
2026-09-12T05:36:05-05:00,PUR_IED_ManuelCepeda_Ext_58313,PUR_IED_ManuelCepeda_Ext_58313,,,,,
2026-09-12T05:36:05-05:00,PUR_IED_ManuelCepeda_tec_1c5731,PUR_IED_ManuelCepeda_tec_1c5731,,,,,
2026-09-12T05:36:05-05:00,PUR_IED_ManuelS_Exterior_5b269,PUR_IED_ManuelS_Exterior_5b269,,,,,
2026-09-12T05:36:05-05:00,PUR_IED_ManuelS_Inform_f369ce,PUR_IED_ManuelS_Inform_f369ce,,,,,
2026-09-12T05:36:05-05:00,PUR_IED_ManuelS_SArtes_7d15f1,PUR_IED_ManuelS_SArtes_7d15f1,,,,,
2026-09-12T05:36:05-05:00,PUR_IED_ManuelZapata_303_3ca6,PUR_IED_ManuelZapata_303_3ca6,,,,,
2026-09-12T05:36:05-05:00,PUR_IED_ManuelZapata_311_bfbabc,PUR_IED_ManuelZapata_311_bfbabc,,,,,
2026-09-12T05:36:05-05:00,PUR_IED_ManuelZapata_Ext_50824a,PUR_IED_ManuelZapata_Ext_50824a,,,,,
2026-09-12T05:36:05-05:00,PUR_IED_ManuelitaS_Exteri_656a92,PUR_IED_ManuelitaS_Exteri_656a92,,,,,
2026-09-12T05:36:05-05:00,PUR_IED_ManuelitaS_JuzgDe_f58ec3,PUR_IED_ManuelitaS_JuzgDe_f58ec3,,,,,
2026-09-12T05:36:05-05:00,PUR_IED_ManuelitaS_Recrea_d793db,PUR_IED_ManuelitaS_Recrea_d793db,,,,,
2026-09-12T05:36:05-05:00,PUR_IED_MarFidSuarez_Ext_c27b19,PUR_IED_MarFidSuarez_Ext_c27b19,,,,,
2026-09-12T05:36:05-05:00,PUR_IED_MarFidSuarez_Info_e384d7,PUR_IED_MarFidSuarez_Info_e384d7,,,,,
2026-09-12T05:36:05-05:00,PUR_IED_MarFidSuarez_S306_1d0032,PUR_IED_MarFidSuarez_S306_1d0032,,,,,
2026-09-12T05:36:05-05:00,PUR_IED_Menorah_301_2a25a3,PUR_IED_Menorah_301_2a25a3,,,,,
2026-09-12T05:36:05-05:00,PUR_IED_Menorah_306_37ed3,PUR_IED_Menorah_306_37ed3,,,,,
2026-09-12T05:36:05-05:00,PUR_IED_Menorah_Ext_3e155b,PUR_IED_Menorah_Ext_3e155b,,,,,
2026-09-12T05:36:05-05:00,PUR_IED_MinutoB.Aires_A11_1b1604,PUR_IED_MinutoB.Aires_A11_1b1604,,,,,
2026-09-12T05:36:05-05:00,PUR_IED_MinutoB.Aires_A12_fb5860,PUR_IED_MinutoB.Aires_A12_fb5860,,,,,
2026-09-12T05:36:05-05:00,PUR_IED_MinutoB.Aires_Ext_81293f,PUR_IED_MinutoB.Aires_Ext_81293f,,,,,
2026-09-12T05:36:05-05:00,PUR_IED_MinutoBAires_A11_1b1604,PUR_IED_MinutoBAires_A11_1b1604,,,,,
2026-09-12T05:36:05-05:00,PUR_IED_MinutoBAires_A12_fb5860,PUR_IED_MinutoBAires_A12_fb5860,,,,,
2026-09-12T05:36:05-05:00,PUR_IED_MinutoBAires_Ext_81293f,PUR_IED_MinutoBAires_Ext_81293f,,,,,
2026-09-12T05:36:05-05:00,PUR_IED_Montreal_Aula10_1e4959,PUR_IED_Montreal_Aula10_1e4959,,,,,
2026-09-12T05:36:05-05:00,PUR_IED_Montreal_Aula6_300367,PUR_IED_Montreal_Aula6_300367,,,,,
2026-09-12T05:36:05-05:00,PUR_IED_Montreal_Exterior_91a179,PUR_IED_Montreal_Exterior_91a179,,,,,
2026-09-12T05:36:05-05:00,PUR_IED_Mqgdalena_B202_5ddda3,PUR_IED_Mqgdalena_B202_5ddda3,,,,,
2026-09-12T05:36:05-05:00,PUR_IED_NACUND_Soc_dc8728,PUR_IED_NACUND_Soc_dc8728,,,,,
2026-09-12T05:36:05-05:00,PUR_IED_NACUND_ext_27ad97,PUR_IED_NACUND_ext_27ad97,,,,,
2026-09-12T05:36:05-05:00,PUR_IED_NEsperanza_Ext_d24b61,PUR_IED_NEsperanza_Ext_d24b61,,,,,
2026-09-12T05:36:05-05:00,PUR_IED_NEsperanza_SElect_7d1807,PUR_IED_NEsperanza_SElect_7d1807,,,,,
2026-09-12T05:36:05-05:00,PUR_IED_NEsperanza_SLabor_8b2d0a,PUR_IED_NEsperanza_SLabor_8b2d0a,,,,,
2026-09-12T05:36:05-05:00,PUR_IED_NacionesU_Ext_f661a9,PUR_IED_NacionesU_Ext_f661a9,,,,,
2026-09-12T05:36:05-05:00,PUR_IED_NacionesU_Quimica_66f0a,PUR_IED_NacionesU_Quimica_66f0a,,,,,
2026-09-12T05:36:05-05:00,PUR_IED_NacionesU_S306_1b4b3d,PUR_IED_NacionesU_S306_1b4b3d,,,,,
2026-09-12T05:36:05-05:00,PUR_IED_NestorFA_Ext_e4201c,PUR_IED_NestorFA_Ext_e4201c,,,,,
2026-09-12T05:36:05-05:00,PUR_IED_NestorFA_Laborato_f22fe0,PUR_IED_NestorFA_Laborato_f22fe0,,,,,
2026-09-12T05:36:05-05:00,PUR_IED_NestorFA_S204_dee996,PUR_IED_NestorFA_S204_dee996,,,,,
2026-09-12T05:36:05-05:00,PUR_IED_NidyaQT_Aula03_76999b,PUR_IED_NidyaQT_Aula03_76999b,,,,,
2026-09-12T05:36:05-05:00,PUR_IED_NidyaQT_Aula10_56325,PUR_IED_NidyaQT_Aula10_56325,,,,,
2026-09-12T05:36:05-05:00,PUR_IED_NidyaQT_Ext_46e32d,PUR_IED_NidyaQT_Ext_46e32d,,,,,
2026-09-12T05:36:05-05:00,PUR_IED_NuevaCol_Exterior_d9b859,PUR_IED_NuevaCol_Exterior_d9b859,,,,,
2026-09-12T05:36:05-05:00,PUR_IED_NuevaCol_S1101_76c43b,PUR_IED_NuevaCol_S1101_76c43b,,,,,
2026-09-12T05:36:05-05:00,PUR_IED_NuevaCol_S1102_1ce0b5,PUR_IED_NuevaCol_S1102_1ce0b5,,,,,
2026-09-12T05:36:05-05:00,PUR_IED_OEA_A202_f7e3f2,PUR_IED_OEA_A202_f7e3f2,,,,,
2026-09-12T05:36:05-05:00,PUR_IED_OEA_A203_7d1b8d,PUR_IED_OEA_A203_7d1b8d,,,,,
2026-09-12T05:36:05-05:00,PUR_IED_OEA_Ext_27b593,PUR_IED_OEA_Ext_27b593,,,,,
2026-09-12T05:36:05-05:00,PUR_IED_Ochoa_Ext_1c29da,PUR_IED_Ochoa_Ext_1c29da,,,,,
2026-09-12T05:36:05-05:00,PUR_IED_Ochoa_S205_8b1121,PUR_IED_Ochoa_S205_8b1121,,,,,
2026-09-12T05:36:05-05:00,PUR_IED_Ochoa_Sistemas_f33af6,PUR_IED_Ochoa_Sistemas_f33af6,,,,,
2026-09-12T05:36:05-05:00,PUR_IED_PQuebec_Ext_1c67c7,PUR_IED_PQuebec_Ext_1c67c7,,,,,
2026-09-12T05:36:05-05:00,PUR_IED_PQuebec_S15_23e8e2,PUR_IED_PQuebec_S15_23e8e2,,,,,
2026-09-12T05:36:05-05:00,PUR_IED_PQuebec_S16_8ec76b,PUR_IED_PQuebec_S16_8ec76b,,,,,
2026-09-12T05:36:05-05:00,PUR_IED_PabloN_Ext_49dc96,PUR_IED_PabloN_Ext_49dc96,,,,,
2026-09-12T05:36:05-05:00,PUR_IED_PabloN_S1102_4e3df5,PUR_IED_PabloN_S1102_4e3df5,,,,,
2026-09-12T05:36:05-05:00,PUR_IED_PabloN_S1103_50c94b,PUR_IED_PabloN_S1103_50c94b,,,,,
2026-09-12T05:36:05-05:00,PUR_IED_Palestina_S1101_db9198,PUR_IED_Palestina_S1101_db9198,,,,,
2026-09-12T05:36:05-05:00,PUR_IED_Palestina_S1102_dc54fa,PUR_IED_Palestina_S1102_dc54fa,,,,,
2026-09-12T05:36:05-05:00,PUR_IED_Palestina_ext_4ccce6,PUR_IED_Palestina_ext_4ccce6,,,,,
2026-09-12T05:36:05-05:00,PUR_IED_Panama_Fisica_4d0794,PUR_IED_Panama_Fisica_4d0794,,,,,
2026-09-12T05:36:05-05:00,PUR_IED_Panama_SIngles_a4077e,PUR_IED_Panama_SIngles_a4077e,,,,,
2026-09-12T05:36:05-05:00,PUR_IED_Panama_ext_4c54b4,PUR_IED_Panama_ext_4c54b4,,,,,
2026-09-12T05:36:05-05:00,PUR_IED_ParaisoM_Exterior_8cd7f0,PUR_IED_ParaisoM_Exterior_8cd7f0,,,,,
2026-09-12T05:36:05-05:00,PUR_IED_ParaisoM_Laborato_27af35,PUR_IED_ParaisoM_Laborato_27af35,,,,,
2026-09-12T05:36:05-05:00,PUR_IED_ParaisoM_S304_d1edca,PUR_IED_ParaisoM_S304_d1edca,,,,,
2026-09-12T05:36:05-05:00,PUR_IED_PorfirioBarba_Ext_301466,PUR_IED_PorfirioBarba_Ext_301466,,,,,
2026-09-12T05:36:05-05:00,PUR_IED_PorfirioBarba_S11_df6cd2,PUR_IED_PorfirioBarba_S11_df6cd2,,,,,
2026-09-12T05:36:05-05:00,PUR_IED_PorfirioBarba_S29_27a7d6,PUR_IED_PorfirioBarba_S29_27a7d6,,,,,
2026-09-12T05:36:05-05:00,PUR_IED_PradoV_Exter_8b27ad,PUR_IED_PradoV_Exter_8b27ad,,,,,
2026-09-12T05:36:05-05:00,PUR_IED_PradoV_S301_de65b5,PUR_IED_PradoV_S301_de65b5,,,,,
2026-09-12T05:36:05-05:00,PUR_IED_PradoV_S302_7d2593,PUR_IED_PradoV_S302_7d2593,,,,,
2026-09-12T05:36:05-05:00,PUR_IED_QuirogaAlz_Ext_1ddc82,PUR_IED_QuirogaAlz_Ext_1ddc82,,,,,
2026-09-12T05:36:05-05:00,PUR_IED_QuirogaAlz_S302_9926a3,PUR_IED_QuirogaAlz_S302_9926a3,,,,,
2026-09-12T05:36:05-05:00,PUR_IED_QuirogaAlz_S305_cdf1f1,PUR_IED_QuirogaAlz_S305_cdf1f1,,,,,
2026-09-12T05:36:05-05:00,PUR_IED_RGuatemala_Biling_dc53b7,PUR_IED_RGuatemala_Biling_dc53b7,,,,,
2026-09-12T05:36:05-05:00,PUR_IED_RGuatemala_Ext_1b89a3,PUR_IED_RGuatemala_Ext_1b89a3,,,,,
2026-09-12T05:36:05-05:00,PUR_IED_RGuatemala_Tecnol_281a34,PUR_IED_RGuatemala_Tecnol_281a34,,,,,
2026-09-12T05:36:05-05:00,PUR_IED_RafaNu_Ext_f7c302,PUR_IED_RafaNu_Ext_f7c302,,,,,
2026-09-12T05:36:05-05:00,PUR_IED_RafaNu_S1101_25fde,PUR_IED_RafaNu_S1101_25fde,,,,,
2026-09-12T05:36:05-05:00,PUR_IED_RafaNu_S1102_281517,PUR_IED_RafaNu_S1102_281517,,,,,
2026-09-12T05:36:05-05:00,PUR_IED_RafaelB_S305_ee2783,PUR_IED_RafaelB_S305_ee2783,,,,,
2026-09-12T05:36:05-05:00,PUR_IED_RafaelB_S306_75fe33,PUR_IED_RafaelB_S306_75fe33,,,,,
2026-09-12T05:36:05-05:00,PUR_IED_RafaelB_ext_283336,PUR_IED_RafaelB_ext_283336,2,18,61,4.6722,-74.0737
2026-09-12T05:36:05-05:00,PUR_IED_RafaelUU_Exterior_281a51,PUR_IED_RafaelUU_Exterior_281a51,,,,,
2026-09-12T05:36:05-05:00,PUR_IED_RafaelUU_Human_806b2,PUR_IED_RafaelUU_Human_806b2,,,,,
2026-09-12T05:36:05-05:00,PUR_IED_RafaelUU_Mate2_5680d4,PUR_IED_RafaelUU_Mate2_5680d4,,,,,
2026-09-12T05:36:05-05:00,PUR_IED_RamonSub_Ext_f9eeb9,PUR_IED_RamonSub_Ext_f9eeb9,,,,,
2026-09-12T05:36:05-05:00,PUR_IED_RamonSub_Media_d1f62f,PUR_IED_RamonSub_Media_d1f62f,,,,,
2026-09-12T05:36:05-05:00,PUR_IED_RamonSub_planta_51b82,PUR_IED_RamonSub_planta_51b82,,,,,
2026-09-12T05:36:05-05:00,PUR_IED_RepBoliVene_Exter_27af7c,PUR_IED_RepBoliVene_Exter_27af7c,,,,,
2026-09-12T05:36:05-05:00,PUR_IED_RepBoliVene_SCPT_5ae2ee,PUR_IED_RepBoliVene_SCPT_5ae2ee,,,,,
2026-09-12T05:36:05-05:00,PUR_IED_RepBoliVene_Socia_4b11d5,PUR_IED_RepBoliVene_Socia_4b11d5,,,,,
2026-09-12T05:36:05-05:00,PUR_IED_RepChina_Ext_76d9ee,PUR_IED_RepChina_Ext_76d9ee,,,,,
2026-09-12T05:36:05-05:00,PUR_IED_RepChina_S404_7c804c,PUR_IED_RepChina_S404_7c804c,,,,,
2026-09-12T05:36:05-05:00,PUR_IED_RepChina_S405_df2c33,PUR_IED_RepChina_S405_df2c33,,,,,
2026-09-12T05:36:05-05:00,PUR_IED_RepublicaC_Exteri_7d1ec9,PUR_IED_RepublicaC_Exteri_7d1ec9,,,,,
2026-09-12T05:36:05-05:00,PUR_IED_RepublicaC_S1101_f544b3,PUR_IED_RepublicaC_S1101_f544b3,,,,,
2026-09-12T05:36:05-05:00,PUR_IED_RepublicaC_S1102_7aafc7,PUR_IED_RepublicaC_S1102_7aafc7,,,,,
2026-09-12T05:36:05-05:00,PUR_IED_Ricaurte_Externo_a0ea1,PUR_IED_Ricaurte_Externo_a0ea1,,,,,
2026-09-12T05:36:05-05:00,PUR_IED_Ricaurte_S210_f546fd,PUR_IED_Ricaurte_S210_f546fd,,,,,
2026-09-12T05:36:05-05:00,PUR_IED_Ricaurte_S309_d4452,PUR_IED_Ricaurte_S309_d4452,,,,,
2026-09-12T05:36:05-05:00,PUR_IED_RogelioS_1102_531e69,PUR_IED_RogelioS_1102_531e69,,,,,
2026-09-12T05:36:05-05:00,PUR_IED_RogelioS_Ext_f25a18,PUR_IED_RogelioS_Ext_f25a18,,,,,
2026-09-12T05:36:05-05:00,PUR_IED_SBernardino_Ext_27aff8,PUR_IED_SBernardino_Ext_27aff8,,,,,
2026-09-12T05:36:05-05:00,PUR_IED_SBernardino_SArte_2ffd33,PUR_IED_SBernardino_SArte_2ffd33,,,,,
2026-09-12T05:36:05-05:00,PUR_IED_SBernardino_SIngl_7c7da5,PUR_IED_SBernardino_SIngl_7c7da5,,,,,
2026-09-12T05:36:05-05:00,PUR_IED_Sago_auditorio_dc9d1d,PUR_IED_Sago_auditorio_dc9d1d,,,,,
2026-09-12T05:36:05-05:00,PUR_IED_Saludcoop_Ext_95aac3,PUR_IED_Saludcoop_Ext_95aac3,,,,,
2026-09-12T05:36:05-05:00,PUR_IED_Saludcoop_InfI_90c854,PUR_IED_Saludcoop_InfI_90c854,,,,,
2026-09-12T05:36:05-05:00,PUR_IED_Saludcoop_SMedia_1b93be,PUR_IED_Saludcoop_SMedia_1b93be,,,,,
2026-09-12T05:36:05-05:00,PUR_IED_SanCarlos_1101_1a2360,PUR_IED_SanCarlos_1101_1a2360,,,,,
2026-09-12T05:36:05-05:00,PUR_IED_SanCarlos_1103_7bafb5,PUR_IED_SanCarlos_1103_7bafb5,,,,,
2026-09-12T05:36:05-05:00,PUR_IED_SanCarlos_Ext_b7cd1,PUR_IED_SanCarlos_Ext_b7cd1,,,,,
2026-09-12T05:36:05-05:00,PUR_IED_SanIgnacioBosa11a_50c26e,PUR_IED_SanIgnacioBosa11a_50c26e,,,,,
2026-09-12T05:36:05-05:00,PUR_IED_SanIgnacioBosa11b_371de8,PUR_IED_SanIgnacioBosa11b_371de8,,,,,
2026-09-12T05:36:05-05:00,PUR_IED_SanIgnacioBosaExt_ef0ffc,PUR_IED_SanIgnacioBosaExt_ef0ffc,,,,,
2026-09-12T05:36:05-05:00,PUR_IED_SanIgnacioBosa_11a_50c26e,PUR_IED_SanIgnacioBosa_11a_50c26e,,,,,
2026-09-12T05:36:05-05:00,PUR_IED_SanIgnacioBosa_Ext_ef0ffc,PUR_IED_SanIgnacioBosa_Ext_ef0ffc,,,,,
2026-09-12T05:36:05-05:00,PUR_IED_SanJoseN_intS1101_31c47f,PUR_IED_SanJoseN_intS1101_31c47f,,,,,
2026-09-12T05:36:05-05:00,PUR_IED_SanJoseUsm_Exter_f5d7e8,PUR_IED_SanJoseUsm_Exter_f5d7e8,,,,,
2026-09-12T05:36:05-05:00,PUR_IED_SanJoseUsm_Int11A_cfdef6,PUR_IED_SanJoseUsm_Int11A_cfdef6,,,,,
2026-09-12T05:36:05-05:00,PUR_IED_SilveriaR_IntB5_905349,PUR_IED_SilveriaR_IntB5_905349,,,,,
2026-09-12T05:36:05-05:00,PUR_IED_SilveriaR_IntSD14_981f93,PUR_IED_SilveriaR_IntSD14_981f93,,,,,
2026-09-12T05:36:05-05:00,PUR_IED_SilveriaR_ext_2b651d,PUR_IED_SilveriaR_ext_2b651d,,,,,
2026-09-12T05:36:05-05:00,PUR_IED_SimonB_Exterior_913975,PUR_IED_SimonB_Exterior_913975,,,,,
2026-09-12T05:36:05-05:00,PUR_IED_SimonB_LabQuimi_c56908,PUR_IED_SimonB_LabQuimi_c56908,,,,,
2026-09-12T05:36:05-05:00,PUR_IED_SimonB_informatic_a28c1,PUR_IED_SimonB_informatic_a28c1,,,,,
2026-09-12T05:36:05-05:00,PUR_IED_Sorrento_1102_315f50,PUR_IED_Sorrento_1102_315f50,,,,,
2026-09-12T05:36:05-05:00,PUR_IED_Sorrento_Minte_214eab,PUR_IED_Sorrento_Minte_214eab,,,,,
2026-09-12T05:36:05-05:00,PUR_IED_Sorrento_ext_7c3a0a,PUR_IED_Sorrento_ext_7c3a0a,,,,,
2026-09-12T05:36:05-05:00,PUR_IED_Tabora_Ext_f048ae,PUR_IED_Tabora_Ext_f048ae,,,,,
2026-09-12T05:36:05-05:00,PUR_IED_Tabora_S1102_b07752,PUR_IED_Tabora_S1102_b07752,,,,,
2026-09-12T05:36:05-05:00,PUR_IED_Tabora_S1103_d988f5,PUR_IED_Tabora_S1103_d988f5,,,,,
2026-09-12T05:36:05-05:00,PUR_IED_Tenerife_Ext_1ab188,PUR_IED_Tenerife_Ext_1ab188,,,,,
2026-09-12T05:36:05-05:00,PUR_IED_Tenerife_SDanzas_7bc02e,PUR_IED_Tenerife_SDanzas_7bc02e,,,,,
2026-09-12T05:36:05-05:00,PUR_IED_Tenerife_SIngles_7cc277,PUR_IED_Tenerife_SIngles_7cc277,,,,,
2026-09-12T05:36:05-05:00,PUR_IED_Tibabuyes_Exter_f2683d,PUR_IED_Tibabuyes_Exter_f2683d,,,,,
2026-09-12T05:36:05-05:00,PUR_IED_Tibabuyes_S10_dc87a8,PUR_IED_Tibabuyes_S10_dc87a8,,,,,
2026-09-12T05:36:05-05:00,PUR_IED_Tibabuyes_S15_dc0526,PUR_IED_Tibabuyes_S15_dc0526,,,,,
2026-09-12T05:36:05-05:00,PUR_IED_UnionE_S301_a1043,PUR_IED_UnionE_S301_a1043,,,,,
2026-09-12T05:36:05-05:00,PUR_IED_UnionE_S307_ff6c2f,PUR_IED_UnionE_S307_ff6c2f,,,,,
2026-09-12T05:36:05-05:00,PUR_IED_UnionE__Ext_5e2468,PUR_IED_UnionE__Ext_5e2468,,,,,
2026-09-12T05:36:05-05:00,PUR_IED_VillaRica_Ext_75be7c,PUR_IED_VillaRica_Ext_75be7c,,,,,
2026-09-12T05:36:05-05:00,PUR_IED_VillaRica_S4_cc5dcd,PUR_IED_VillaRica_S4_cc5dcd,,,,,
2026-09-12T05:36:05-05:00,PUR_IED_VillaRica_Sesp_99f5c,PUR_IED_VillaRica_Sesp_99f5c,,,,,
2026-09-12T05:41:06-05:00,PUR_IED_20deJulio_1101_91b1b9,PUR_IED_20deJulio_1101_91b1b9,,,,,
2026-09-12T05:41:06-05:00,PUR_IED_20deJulio_1102_1cfcf9,PUR_IED_20deJulio_1102_1cfcf9,,,,,
2026-09-12T05:41:06-05:00,PUR_IED_20deJulio_Ext_ab60bd,PUR_IED_20deJulio_Ext_ab60bd,,,,,
2026-09-12T05:41:06-05:00,PUR_IED_AgustinFer_Ext_7b9b77,PUR_IED_AgustinFer_Ext_7b9b77,,,,,
2026-09-12T05:41:06-05:00,PUR_IED_AgustinFer_Info2_27b3a7,PUR_IED_AgustinFer_Info2_27b3a7,,,,,
2026-09-12T05:41:06-05:00,PUR_IED_AgustinFer_Sena_54b4eb,PUR_IED_AgustinFer_Sena_54b4eb,,,,,
2026-09-12T05:41:06-05:00,PUR_IED_AlexanderF_1102_caf07b,PUR_IED_AlexanderF_1102_caf07b,,,,,
2026-09-12T05:41:06-05:00,PUR_IED_AlexanderF_1103_c79e71,PUR_IED_AlexanderF_1103_c79e71,,,,,
2026-09-12T05:41:06-05:00,PUR_IED_AlexanderF_Ext_c5b18b,PUR_IED_AlexanderF_Ext_c5b18b,,,,,
2026-09-12T05:41:06-05:00,PUR_IED_AlfonsoLopez_Ext_281d77,PUR_IED_AlfonsoLopez_Ext_281d77,,,,,
2026-09-12T05:41:06-05:00,PUR_IED_AlfonsoLopez_LabF_888ce0,PUR_IED_AlfonsoLopez_LabF_888ce0,,,,,
2026-09-12T05:41:06-05:00,PUR_IED_AlfonsoLopez_SMed_df6a7f,PUR_IED_AlfonsoLopez_SMed_df6a7f,,,,,
2026-09-12T05:41:06-05:00,PUR_IED_AltamiraSO_A2_209f92,PUR_IED_AltamiraSO_A2_209f92,,,,,
2026-09-12T05:41:06-05:00,PUR_IED_AltamiraSO_Ext_186d66,PUR_IED_AltamiraSO_Ext_186d66,,,,,
2026-09-12T05:41:06-05:00,PUR_IED_AltamiraSO_Sistem_27afe1,PUR_IED_AltamiraSO_Sistem_27afe1,,,,,
2026-09-12T05:41:06-05:00,PUR_IED_AlvaroGom_LabQuim_813179,PUR_IED_AlvaroGom_LabQuim_813179,,,,,
2026-09-12T05:41:06-05:00,PUR_IED_AlvaroGomez_Ext_47c7ca,PUR_IED_AlvaroGomez_Ext_47c7ca,,,,,
2026-09-12T05:41:06-05:00,PUR_IED_AlvaroGomez_LabQuim_813179,PUR_IED_AlvaroGomez_LabQuim_813179,,,,,
2026-09-12T05:41:06-05:00,PUR_IED_AlvaroGomez_S23_7ba89f,PUR_IED_AlvaroGomez_S23_7ba89f,,,,,
2026-09-12T05:41:06-05:00,PUR_IED_Amistad_306_dc8728,PUR_IED_Amistad_306_dc8728,,,,,
2026-09-12T05:41:06-05:00,PUR_IED_Amistad_Ext_8cd55e,PUR_IED_Amistad_Ext_8cd55e,,,,,
2026-09-12T05:41:06-05:00,PUR_IED_Amistad_S202_a41169,PUR_IED_Amistad_S202_a41169,,,,,
2026-09-12T05:41:06-05:00,PUR_IED_AndresBello_Bio_fd5f5e,PUR_IED_AndresBello_Bio_fd5f5e,,,,,
2026-09-12T05:41:06-05:00,PUR_IED_AndresBello_ext_dcad65,PUR_IED_AndresBello_ext_dcad65,,,,,
2026-09-12T05:41:06-05:00,PUR_IED_AndresBello_port_eed3ec,PUR_IED_AndresBello_port_eed3ec,,,,,
2026-09-12T05:41:06-05:00,PUR_IED_AngelaR_11b_d90a6b,PUR_IED_AngelaR_11b_d90a6b,,,,,
2026-09-12T05:41:06-05:00,PUR_IED_AngelaR_ext_7cad3e,PUR_IED_AngelaR_ext_7cad3e,5,17,67,4.5825,-74.164497
2026-09-12T05:41:06-05:00,PUR_IED_AntJoseSucre_10mo_df2575,PUR_IED_AntJoseSucre_10mo_df2575,,,,,
2026-09-12T05:41:06-05:00,PUR_IED_AntJoseSucre_Ext_215b36,PUR_IED_AntJoseSucre_Ext_215b36,,,,,
2026-09-12T05:41:06-05:00,PUR_IED_AntJoseSucre_Lab_3139de,PUR_IED_AntJoseSucre_Lab_3139de,,,,,
2026-09-12T05:41:06-05:00,PUR_IED_AntonioGarcia_301_d6b188,PUR_IED_AntonioGarcia_301_d6b188,,,,,
2026-09-12T05:41:06-05:00,PUR_IED_AntonioGarcia_302_88a82,PUR_IED_AntonioGarcia_302_88a82,,,,,
2026-09-12T05:41:06-05:00,PUR_IED_AntonioGarcia_Ext_20950c,PUR_IED_AntonioGarcia_Ext_20950c,,,,,
2026-09-12T05:41:06-05:00,PUR_IED_AntonioVan_Aula2_6dea02,PUR_IED_AntonioVan_Aula2_6dea02,,,,,
2026-09-12T05:41:06-05:00,PUR_IED_AntonioVan_Aula5_f1557e,PUR_IED_AntonioVan_Aula5_f1557e,,,,,
2026-09-12T05:41:06-05:00,PUR_IED_AntonioVan_Ext_406f2f,PUR_IED_AntonioVan_Ext_406f2f,,,,,
2026-09-12T05:41:06-05:00,PUR_IED_Atabanzha_Ext_cc5af9,PUR_IED_Atabanzha_Ext_cc5af9,,,,,
2026-09-12T05:41:06-05:00,PUR_IED_Atabanzha_SA101_56c37,PUR_IED_Atabanzha_SA101_56c37,,,,,
2026-09-12T05:41:06-05:00,PUR_IED_Atabanzha_SB302_27b374,PUR_IED_Atabanzha_SB302_27b374,,,,,
2026-09-12T05:41:06-05:00,PUR_IED_Atahualpa_Ext_fc1748,PUR_IED_Atahualpa_Ext_fc1748,,,,,
2026-09-12T05:41:06-05:00,PUR_IED_Atahualpa_Informa_dc9a95,PUR_IED_Atahualpa_Informa_dc9a95,,,,,
2026-09-12T05:41:06-05:00,PUR_IED_Atahualpa_S1101_f98056,PUR_IED_Atahualpa_S1101_f98056,,,,,
2026-09-12T05:41:06-05:00,PUR_IED_Bellavista_Ext_f5aa74,PUR_IED_Bellavista_Ext_f5aa74,,,,,
2026-09-12T05:41:06-05:00,PUR_IED_Bilbao_11A_916c41,PUR_IED_Bilbao_11A_916c41,,,,,
2026-09-12T05:41:06-05:00,PUR_IED_Bilbao_Ext_fb579a,PUR_IED_Bilbao_Ext_fb579a,,,,,
2026-09-12T05:41:06-05:00,PUR_IED_BrasiliaU_A125_304280,PUR_IED_BrasiliaU_A125_304280,,,,,
2026-09-12T05:41:06-05:00,PUR_IED_BrasiliaU_A203_7c8ca5,PUR_IED_BrasiliaU_A203_7c8ca5,,,,,
2026-09-12T05:41:06-05:00,PUR_IED_BrasiliaU_Ext_8d6e9f,PUR_IED_BrasiliaU_Ext_8d6e9f,4,16,66,4.5175,-74.116302
2026-09-12T05:41:06-05:00,PUR_IED_Brasilia_Ext_fe6593,PUR_IED_Brasilia_Ext_fe6593,,,,,
2026-09-12T05:41:06-05:00,PUR_IED_Brasilia_S24_7c130d,PUR_IED_Brasilia_S24_7c130d,,,,,
2026-09-12T05:41:06-05:00,PUR_IED_Brasilia_S501_186a54,PUR_IED_Brasilia_S501_186a54,,,,,
2026-09-12T05:41:06-05:00,PUR_IED_CHARRY_EXT_f1d5cd,PUR_IED_CHARRY_EXT_f1d5cd,,,,,
2026-09-12T05:41:06-05:00,PUR_IED_CHARRY_INTDANZAS_7a08e6,PUR_IED_CHARRY_INTDANZAS_7a08e6,,,,,
2026-09-12T05:41:06-05:00,PUR_IED_CHARRY_INT_AULA20_dc998d,PUR_IED_CHARRY_INT_AULA20_dc998d,,,,,
2026-09-12T05:41:06-05:00,PUR_IED_COLVIV_1101_S25_7f520a,PUR_IED_COLVIV_1101_S25_7f520a,,,,,
2026-09-12T05:41:06-05:00,PUR_IED_COLVIV_1102_S16_f570ba,PUR_IED_COLVIV_1102_S16_f570ba,,,,,
2026-09-12T05:41:06-05:00,PUR_IED_COLVIV_Ext_1a26fa,PUR_IED_COLVIV_Ext_1a26fa,,,,,
2026-09-12T05:41:06-05:00,PUR_IED_CULPOP_301A_f660f3,PUR_IED_CULPOP_301A_f660f3,,,,,
2026-09-12T05:41:06-05:00,PUR_IED_CULPOP_303_568afe,PUR_IED_CULPOP_303_568afe,,,,,
2026-09-12T05:41:06-05:00,PUR_IED_CULPOP_Ext_e02ccb,PUR_IED_CULPOP_Ext_e02ccb,,,,,
2026-09-12T05:41:06-05:00,PUR_IED_CVillavicen_Ext_26eb58,PUR_IED_CVillavicen_Ext_26eb58,6,14,82,4.487,-74.102798
2026-09-12T05:41:06-05:00,PUR_IED_CVillavicen_Intel_1ce5c2,PUR_IED_CVillavicen_Intel_1ce5c2,,,,,
2026-09-12T05:41:06-05:00,PUR_IED_CVillavicen_Poliv_e0766c,PUR_IED_CVillavicen_Poliv_e0766c,,,,,
2026-09-12T05:41:06-05:00,PUR_IED_CVillavicen_int_1ba140,PUR_IED_CVillavicen_int_1ba140,,,,,
2026-09-12T05:41:06-05:00,PUR_IED_CVillavicen_intel_1ba140,PUR_IED_CVillavicen_intel_1ba140,,,,,
2026-09-12T05:41:06-05:00,PUR_IED_CarlosPizarro_Ext_e307cc,PUR_IED_CarlosPizarro_Ext_e307cc,,,,,
2026-09-12T05:41:06-05:00,PUR_IED_CarlosPizarro_L36_7e5cdb,PUR_IED_CarlosPizarro_L36_7e5cdb,,,,,
2026-09-12T05:41:06-05:00,PUR_IED_CarlosPizarro_L37_c8566c,PUR_IED_CarlosPizarro_L37_c8566c,,,,,
2026-09-12T05:41:06-05:00,PUR_IED_Castilla_Ext_cf35f,PUR_IED_Castilla_Ext_cf35f,,,,,
2026-09-12T05:41:06-05:00,PUR_IED_Castilla_SFisik_360e38,PUR_IED_Castilla_SFisik_360e38,,,,,
2026-09-12T05:41:06-05:00,PUR_IED_Castilla_Sc304_496fbf,PUR_IED_Castilla_Sc304_496fbf,,,,,
2026-09-12T05:41:06-05:00,PUR_IED_CervantesSa_Ext_6b57b,PUR_IED_CervantesSa_Ext_6b57b,3,16,72,4.5128,-74.117203
2026-09-12T05:41:06-05:00,PUR_IED_CervantesSa_S107_225c2b,PUR_IED_CervantesSa_S107_225c2b,,,,,
2026-09-12T05:41:06-05:00,PUR_IED_CervantesSa_S108_940925,PUR_IED_CervantesSa_S108_940925,,,,,
2026-09-12T05:41:06-05:00,PUR_IED_Charry_A20_f53e7c,PUR_IED_Charry_A20_f53e7c,,,,,
2026-09-12T05:41:06-05:00,PUR_IED_Charry_Ext_f1d5cd,PUR_IED_Charry_Ext_f1d5cd,,,,,
2026-09-12T05:41:06-05:00,PUR_IED_Charry_IntAula20_dc998d,PUR_IED_Charry_IntAula20_dc998d,,,,,
2026-09-12T05:41:06-05:00,PUR_IED_Charry_IntDanzas_7a08e6,PUR_IED_Charry_IntDanzas_7a08e6,,,,,
2026-09-12T05:41:06-05:00,PUR_IED_ClememciaC_203_43e2fc,PUR_IED_ClememciaC_203_43e2fc,,,,,
2026-09-12T05:41:06-05:00,PUR_IED_ClememciaC_Ext_1b411a,PUR_IED_ClememciaC_Ext_1b411a,,,,,
2026-09-12T05:41:06-05:00,PUR_IED_ClememciaC_Quimic_44b5fc,PUR_IED_ClememciaC_Quimic_44b5fc,,,,,
2026-09-12T05:41:06-05:00,PUR_IED_ClemenciaC_203_43e2fc,PUR_IED_ClemenciaC_203_43e2fc,,,,,
2026-09-12T05:41:06-05:00,PUR_IED_ClemenciaC_Ext_1b411a,PUR_IED_ClemenciaC_Ext_1b411a,,,,,
2026-09-12T05:41:06-05:00,PUR_IED_ClemenciaC_Quimic_44b5fc,PUR_IED_ClemenciaC_Quimic_44b5fc,,,,,
2026-09-12T05:41:06-05:00,PUR_IED_ColViva_1101_S25_7f520a,PUR_IED_ColViva_1101_S25_7f520a,,,,,
2026-09-12T05:41:06-05:00,PUR_IED_ColViva_1102_S16_f570ba,PUR_IED_ColViva_1102_S16_f570ba,,,,,
2026-09-12T05:41:06-05:00,PUR_IED_ColViva_Ext_1a26fa,PUR_IED_ColViva_Ext_1a26fa,,,,,
2026-09-12T05:41:06-05:00,PUR_IED_ColegioBici_Asist_7c8798,PUR_IED_ColegioBici_Asist_7c8798,,,,,
2026-09-12T05:41:06-05:00,PUR_IED_ColegioBici_Ext_25cbf6,PUR_IED_ColegioBici_Ext_25cbf6,,,,,
2026-09-12T05:41:06-05:00,PUR_IED_ColegioBici_LabQ_7b57db,PUR_IED_ColegioBici_LabQ_7b57db,,,,,
2026-09-12T05:41:06-05:00,PUR_IED_CostaRica_Ext_5e640,PUR_IED_CostaRica_Ext_5e640,,,,,
2026-09-12T05:41:06-05:00,PUR_IED_CostaRica_Quim1_766d1c,PUR_IED_CostaRica_Quim1_766d1c,,,,,
2026-09-12T05:41:06-05:00,PUR_IED_CostaRica__Fisica_6f0873,PUR_IED_CostaRica__Fisica_6f0873,,,,,
2026-09-12T05:41:06-05:00,PUR_IED_CulPopu_301A_f660f3,PUR_IED_CulPopu_301A_f660f3,,,,,
2026-09-12T05:41:06-05:00,PUR_IED_CulPopu_303_568afe,PUR_IED_CulPopu_303_568afe,,,,,
2026-09-12T05:41:06-05:00,PUR_IED_CulPopu_Ext_e02ccb,PUR_IED_CulPopu_Ext_e02ccb,,,,,
2026-09-12T05:41:06-05:00,PUR_IED_Cundinamarca_Ext_f15985,PUR_IED_Cundinamarca_Ext_f15985,,,,,
2026-09-12T05:41:06-05:00,PUR_IED_Cundinamarca_Info_7aa5d7,PUR_IED_Cundinamarca_Info_7aa5d7,,,,,
2026-09-12T05:41:06-05:00,PUR_IED_Cundinamarca_Tec2_f449c7,PUR_IED_Cundinamarca_Tec2_f449c7,,,,,
2026-09-12T05:41:06-05:00,PUR_IED_DiegoM_Aula1_27b314,PUR_IED_DiegoM_Aula1_27b314,,,,,
2026-09-12T05:41:06-05:00,PUR_IED_DiegoM_Ext_d80ac8,PUR_IED_DiegoM_Ext_d80ac8,,,,,
2026-09-12T05:41:06-05:00,PUR_IED_DiegoM_S25_da928f,PUR_IED_DiegoM_S25_da928f,,,,,
2026-09-12T05:41:06-05:00,PUR_IED_ELRODEO_360881,PUR_IED_ELRODEO_360881,,,,,
2026-09-12T05:41:06-05:00,PUR_IED_ELRODEO_ext_360881,PUR_IED_ELRODEO_ext_360881,,,,,
2026-09-12T05:41:06-05:00,PUR_IED_EduardoU_Ext_1c1969,PUR_IED_EduardoU_Ext_1c1969,,,,,
2026-09-12T05:41:06-05:00,PUR_IED_EduardoU_SCiencia_4dfb94,PUR_IED_EduardoU_SCiencia_4dfb94,,,,,
2026-09-12T05:41:06-05:00,PUR_IED_EduardoU_SQuimica_5a46e7,PUR_IED_EduardoU_SQuimica_5a46e7,,,,,
2026-09-12T05:41:06-05:00,PUR_IED_ElRodeo_Aula14_676984,PUR_IED_ElRodeo_Aula14_676984,,,,,
2026-09-12T05:41:06-05:00,PUR_IED_ElRodeo_Aula16_2dd35b,PUR_IED_ElRodeo_Aula16_2dd35b,,,,,
2026-09-12T05:41:06-05:00,PUR_IED_ElRodeo_Ext_360881,PUR_IED_ElRodeo_Ext_360881,,,,,
2026-09-12T05:41:06-05:00,PUR_IED_ElRodeo_Exterior_8c6d28,PUR_IED_ElRodeo_Exterior_8c6d28,,,,,
2026-09-12T05:41:06-05:00,PUR_IED_ElRodeo_ext_360881,PUR_IED_ElRodeo_ext_360881,,,,,
2026-09-12T05:41:06-05:00,PUR_IED_EmmaReyes_Ext_987625,PUR_IED_EmmaReyes_Ext_987625,10,21,53,4.6367,-74.1511
2026-09-12T05:41:06-05:00,PUR_IED_Ensueño_Ext_7f0250,PUR_IED_Ensueño_Ext_7f0250,,,,,
2026-09-12T05:41:06-05:00,PUR_IED_EscNormal_Ext_5fef3b,PUR_IED_EscNormal_Ext_5fef3b,2,17,63,4.5852,-74.096901
2026-09-12T05:41:06-05:00,PUR_IED_EscNormal_S309_5b263,PUR_IED_EscNormal_S309_5b263,,,,,
2026-09-12T05:41:06-05:00,PUR_IED_EscNormal_S310_27b3b8,PUR_IED_EscNormal_S310_27b3b8,,,,,
2026-09-12T05:41:06-05:00,PUR_IED_Evangelista_Conta_f6cd4f,PUR_IED_Evangelista_Conta_f6cd4f,,,,,
2026-09-12T05:41:06-05:00,PUR_IED_Evangelista_Cri_5e16a,PUR_IED_Evangelista_Cri_5e16a,,,,,
2026-09-12T05:41:06-05:00,PUR_IED_Evangelista_Exter_754066,PUR_IED_Evangelista_Exter_754066,,,,,
2026-09-12T05:41:06-05:00,PUR_IED_FMiranda_S209_5cc2a3,PUR_IED_FMiranda_S209_5cc2a3,,,,,
2026-09-12T05:41:06-05:00,PUR_IED_FMiranda_S303_19e344,PUR_IED_FMiranda_S303_19e344,,,,,
2026-09-12T05:41:06-05:00,PUR_IED_FMiranda_ext_f53e7c,PUR_IED_FMiranda_ext_f53e7c,,,,,
2026-09-12T05:41:06-05:00,PUR_IED_FabioLozano_Bibli_1cee05,PUR_IED_FabioLozano_Bibli_1cee05,,,,,
2026-09-12T05:41:06-05:00,PUR_IED_FabioLozano_Ext_6ea285,PUR_IED_FabioLozano_Ext_6ea285,,,,,
2026-09-12T05:41:06-05:00,PUR_IED_FabioLozano_SLudi_f09e1e,PUR_IED_FabioLozano_SLudi_f09e1e,,,,,
2026-09-12T05:41:06-05:00,PUR_IED_FaustinoS_Aula07_27a731,PUR_IED_FaustinoS_Aula07_27a731,,,,,
2026-09-12T05:41:06-05:00,PUR_IED_FaustinoS_Ext_7b936f,PUR_IED_FaustinoS_Ext_7b936f,,,,,
2026-09-12T05:41:06-05:00,PUR_IED_FaustinoS_Fisica_da2c60,PUR_IED_FaustinoS_Fisica_da2c60,,,,,
2026-09-12T05:41:06-05:00,PUR_IED_FeGarciaLo_Ext_dc68ee,PUR_IED_FeGarciaLo_Ext_dc68ee,,,,,
2026-09-12T05:41:06-05:00,PUR_IED_FeGarciaLo_SDanza_f70a59,PUR_IED_FeGarciaLo_SDanza_f70a59,,,,,
2026-09-12T05:41:06-05:00,PUR_IED_FeGarciaLo_SMusic_125cdd,PUR_IED_FeGarciaLo_SMusic_125cdd,,,,,
2026-09-12T05:41:06-05:00,PUR_IED_FederalAlema_Exte_50c345,PUR_IED_FederalAlema_Exte_50c345,,,,,
2026-09-12T05:41:06-05:00,PUR_IED_FederalAlema_S31_f18371,PUR_IED_FederalAlema_S31_f18371,,,,,
2026-09-12T05:41:06-05:00,PUR_IED_FederalAlema_S901_a62cd,PUR_IED_FederalAlema_S901_a62cd,,,,,
2026-09-12T05:41:06-05:00,PUR_IED_FilarmonicaS_A5_f35eb1,PUR_IED_FilarmonicaS_A5_f35eb1,,,,,
2026-09-12T05:41:06-05:00,PUR_IED_FilarmonicaS_Ext_8a3bde,PUR_IED_FilarmonicaS_Ext_8a3bde,,,,,
2026-09-12T05:41:06-05:00,PUR_IED_FilarmonicaS_Spol_406114,PUR_IED_FilarmonicaS_Spol_406114,,,,,
2026-09-12T05:41:06-05:00,PUR_IED_FlorentinoG_A13_d1fa59,PUR_IED_FlorentinoG_A13_d1fa59,,,,,
2026-09-12T05:41:06-05:00,PUR_IED_FlorentinoG_Ext_1ce6ce,PUR_IED_FlorentinoG_Ext_1ce6ce,,,,,
2026-09-12T05:41:06-05:00,PUR_IED_FlorentinoG_Idiom_a66aac,PUR_IED_FlorentinoG_Idiom_a66aac,,,,,
2026-09-12T05:41:06-05:00,PUR_IED_FranciscoMati_Ext_e3869d,PUR_IED_FranciscoMati_Ext_e3869d,,,,,
2026-09-12T05:41:06-05:00,PUR_IED_FranciscoMati_S13_f31c67,PUR_IED_FranciscoMati_S13_f31c67,,,,,
2026-09-12T05:41:06-05:00,PUR_IED_FranciscoMati_S14_97dead,PUR_IED_FranciscoMati_S14_97dead,,,,,
2026-09-12T05:41:06-05:00,PUR_IED_FranciscoPS_Ext_7bfa9a,PUR_IED_FranciscoPS_Ext_7bfa9a,2,19,60,4.5899,-74.110397
2026-09-12T05:41:06-05:00,PUR_IED_FranciscoPS_Infor_fb8f4c,PUR_IED_FranciscoPS_Infor_fb8f4c,,,,,
2026-09-12T05:41:06-05:00,PUR_IED_FranciscoPS_Quimi_94d39c,PUR_IED_FranciscoPS_Quimi_94d39c,,,,,
2026-09-12T05:41:06-05:00,PUR_IED_FranciscoP_LabQ_d7e148,PUR_IED_FranciscoP_LabQ_d7e148,,,,,
2026-09-12T05:41:06-05:00,PUR_IED_FranciscoP_S28_cf9b30,PUR_IED_FranciscoP_S28_cf9b30,,,,,
2026-09-12T05:41:06-05:00,PUR_IED_FranciscoP_ext_e2313,PUR_IED_FranciscoP_ext_e2313,,,,,
2026-09-12T05:41:06-05:00,PUR_IED_FriederichN_Ext_8ac92a,PUR_IED_FriederichN_Ext_8ac92a,,,,,
2026-09-12T05:41:06-05:00,PUR_IED_FriederichN_S301_dd7e5a,PUR_IED_FriederichN_S301_dd7e5a,,,,,
2026-09-12T05:41:06-05:00,PUR_IED_FriederichN_S308_761f4f,PUR_IED_FriederichN_S308_761f4f,,,,,
2026-09-12T05:41:06-05:00,PUR_IED_GSantander_Aula10_533dd7,PUR_IED_GSantander_Aula10_533dd7,,,,,
2026-09-12T05:41:06-05:00,PUR_IED_GSantander_Aula12_fd4e4f,PUR_IED_GSantander_Aula12_fd4e4f,,,,,
2026-09-12T05:41:06-05:00,PUR_IED_GSantander_Aula310_533dd7,PUR_IED_GSantander_Aula310_533dd7,,,,,
2026-09-12T05:41:06-05:00,PUR_IED_GSantander_Aula312_fd4e4f,PUR_IED_GSantander_Aula312_fd4e4f,,,,,
2026-09-12T05:41:06-05:00,PUR_IED_GSantander_Ext_5f66b0,PUR_IED_GSantander_Ext_5f66b0,,,,,
2026-09-12T05:41:06-05:00,PUR_IED_GYomasa_Ext_f6bea5,PUR_IED_GYomasa_Ext_f6bea5,,,,,
2026-09-12T05:41:06-05:00,PUR_IED_GYomasa_LBiol_2c41aa,PUR_IED_GYomasa_LBiol_2c41aa,,,,,
2026-09-12T05:41:06-05:00,PUR_IED_GYomasa_LQuim_33c80,PUR_IED_GYomasa_LQuim_33c80,,,,,
2026-09-12T05:41:06-05:00,PUR_IED_GabBetMejia_Cienc_5a99c,PUR_IED_GabBetMejia_Cienc_5a99c,,,,,
2026-09-12T05:41:06-05:00,PUR_IED_GabBetMejia_Ext_9153d0,PUR_IED_GabBetMejia_Ext_9153d0,,,,,
2026-09-12T05:41:06-05:00,PUR_IED_GabBetMejia_Lab_f55347,PUR_IED_GabBetMejia_Lab_f55347,,,,,
2026-09-12T05:41:06-05:00,PUR_IED_GabBetanMejia_Ext_9153d0,PUR_IED_GabBetanMejia_Ext_9153d0,,,,,
2026-09-12T05:41:06-05:00,PUR_IED_Gaitana_Aula13_7aac11,PUR_IED_Gaitana_Aula13_7aac11,,,,,
2026-09-12T05:41:06-05:00,PUR_IED_Gaitana_Ext_5fcf4,PUR_IED_Gaitana_Ext_5fcf4,,,,,
2026-09-12T05:41:06-05:00,PUR_IED_Gaitana_LabFisica_644448,PUR_IED_Gaitana_LabFisica_644448,,,,,
2026-09-12T05:41:06-05:00,PUR_IED_GenSantander_Dise_8ac858,PUR_IED_GenSantander_Dise_8ac858,,,,,
2026-09-12T05:41:06-05:00,PUR_IED_GenSantander_Ext_8d5dfe,PUR_IED_GenSantander_Ext_8d5dfe,,,,,
2026-09-12T05:41:06-05:00,PUR_IED_GenSantander_Info_6c25b,PUR_IED_GenSantander_Info_6c25b,,,,,
2026-09-12T05:41:06-05:00,PUR_IED_GustavoMo_Exterio_75e63d,PUR_IED_GustavoMo_Exterio_75e63d,,,,,
2026-09-12T05:41:06-05:00,PUR_IED_GustavoMo_LabFisi_224d37,PUR_IED_GustavoMo_LabFisi_224d37,,,,,
2026-09-12T05:41:06-05:00,PUR_IED_GustavoMo_S208_3e6918,PUR_IED_GustavoMo_S208_3e6918,,,,,
2026-09-12T05:41:06-05:00,PUR_IED_GustavoR_A02_8cd4a8,PUR_IED_GustavoR_A02_8cd4a8,,,,,
2026-09-12T05:41:06-05:00,PUR_IED_GustavoR_B11_5b0ed,PUR_IED_GustavoR_B11_5b0ed,,,,,
2026-09-12T05:41:06-05:00,PUR_IED_GustavoR_Ext_7a0c90,PUR_IED_GustavoR_Ext_7a0c90,,,,,
2026-09-12T05:41:06-05:00,PUR_IED_HernandoDuran_Ext_8cd82b,PUR_IED_HernandoDuran_Ext_8cd82b,,,,,
2026-09-12T05:41:06-05:00,PUR_IED_HernandoDuran_S24_2772c6,PUR_IED_HernandoDuran_S24_2772c6,,,,,
2026-09-12T05:41:06-05:00,PUR_IED_HernandoDuran_S30_f2de41,PUR_IED_HernandoDuran_S30_f2de41,,,,,
2026-09-12T05:41:06-05:00,PUR_IED_HolguInUr_S1101_8cd732,PUR_IED_HolguInUr_S1101_8cd732,,,,,
2026-09-12T05:41:06-05:00,PUR_IED_HolguinUr_Exter_ddae6d,PUR_IED_HolguinUr_Exter_ddae6d,,,,,
2026-09-12T05:41:06-05:00,PUR_IED_HolguinUr_LabQuim_92b952,PUR_IED_HolguinUr_LabQuim_92b952,,,,,
2026-09-12T05:41:06-05:00,PUR_IED_Isabel-II_Ext_5245cc,PUR_IED_Isabel-II_Ext_5245cc,9,18,60,4.6336,-74.153
2026-09-12T05:41:06-05:00,PUR_IED_Isabel-II_S_idiom_1c29aa,PUR_IED_Isabel-II_S_idiom_1c29aa,,,,,
2026-09-12T05:41:06-05:00,PUR_IED_Isabel-II_S_infor_fd741,PUR_IED_Isabel-II_S_infor_fd741,,,,,
2026-09-12T05:41:06-05:00,PUR_IED_IsidroSur_Exterio_5b90ea,PUR_IED_IsidroSur_Exterio_5b90ea,,,,,
2026-09-12T05:41:06-05:00,PUR_IED_IsidroSur_LabTec_56697a,PUR_IED_IsidroSur_LabTec_56697a,,,,,
2026-09-12T05:41:06-05:00,PUR_IED_IsidroSur_Robotic_b7c38f,PUR_IED_IsidroSur_Robotic_b7c38f,,,,,
2026-09-12T05:41:06-05:00,PUR_IED_IsmaelPerd_Ext_7b6672,PUR_IED_IsmaelPerd_Ext_7b6672,,,,,
2026-09-12T05:41:06-05:00,PUR_IED_IsmaelPerd_Inform_306540,PUR_IED_IsmaelPerd_Inform_306540,,,,,
2026-09-12T05:41:06-05:00,PUR_IED_IsmaelPerd_S30_2e2c83,PUR_IED_IsmaelPerd_S30_2e2c83,,,,,
2026-09-12T05:41:06-05:00,PUR_IED_JLozano_Exter_432910,PUR_IED_JLozano_Exter_432910,,,,,
2026-09-12T05:41:06-05:00,PUR_IED_JLozano_salaMulti_df5125,PUR_IED_JLozano_salaMulti_df5125,,,,,
2026-09-12T05:41:06-05:00,PUR_IED_JMCordoba_206_86f80b,PUR_IED_JMCordoba_206_86f80b,,,,,
2026-09-12T05:41:06-05:00,PUR_IED_JMCordoba_Ext_27ad97,PUR_IED_JMCordoba_Ext_27ad97,,,,,
2026-09-12T05:41:06-05:00,PUR_IED_JMCordoba_S310_d59ab4,PUR_IED_JMCordoba_S310_d59ab4,,,,,
2026-09-12T05:41:06-05:00,PUR_IED_Japon_Ext_549100,PUR_IED_Japon_Ext_549100,,,,,
2026-09-12T05:41:06-05:00,PUR_IED_Japon_Laboratorio_bec51d,PUR_IED_Japon_Laboratorio_bec51d,,,,,
2026-09-12T05:41:06-05:00,PUR_IED_Japon_informatica_d99327,PUR_IED_Japon_informatica_d99327,,,,,
2026-09-12T05:41:06-05:00,PUR_IED_Jazmin_Ext_d27bda,PUR_IED_Jazmin_Ext_d27bda,,,,,
2026-09-12T05:41:06-05:00,PUR_IED_Jazmin_Fisica_8d14d7,PUR_IED_Jazmin_Fisica_8d14d7,,,,,
2026-09-12T05:41:06-05:00,PUR_IED_Jazmin_Quimica_801cb5,PUR_IED_Jazmin_Quimica_801cb5,,,,,
2026-09-12T05:41:06-05:00,PUR_IED_JorgeGaitan_Exter_f098d1,PUR_IED_JorgeGaitan_Exter_f098d1,,,,,
2026-09-12T05:41:06-05:00,PUR_IED_JorgeGaitan_STec1_dc9d1d,PUR_IED_JorgeGaitan_STec1_dc9d1d,,,,,
2026-09-12T05:41:06-05:00,PUR_IED_JorgeGaitan_STec2_281e69,PUR_IED_JorgeGaitan_STec2_281e69,,,,,
2026-09-12T05:41:06-05:00,PUR_IED_JorgeSoto_Exterio_d9d0a2,PUR_IED_JorgeSoto_Exterio_d9d0a2,,,,,
2026-09-12T05:41:06-05:00,PUR_IED_JorgeSoto_LabFisi_209c54,PUR_IED_JorgeSoto_LabFisi_209c54,,,,,
2026-09-12T05:41:06-05:00,PUR_IED_JorgeSoto_S103_27b51a,PUR_IED_JorgeSoto_S103_27b51a,,,,,
2026-09-12T05:41:06-05:00,PUR_IED_JoseAcevedo_A02_e965eb,PUR_IED_JoseAcevedo_A02_e965eb,,,,,
2026-09-12T05:41:06-05:00,PUR_IED_JoseAcevedo_A07_dd5b4,PUR_IED_JoseAcevedo_A07_dd5b4,,,,,
2026-09-12T05:41:06-05:00,PUR_IED_JoseAcevedo_Ext_b47484,PUR_IED_JoseAcevedo_Ext_b47484,,,,,
2026-09-12T05:41:06-05:00,PUR_IED_JoseMarti_Exte_5b9bf,PUR_IED_JoseMarti_Exte_5b9bf,,,,,
2026-09-12T05:41:06-05:00,PUR_IED_JoseMarti_LabQuim_1c6c2d,PUR_IED_JoseMarti_LabQuim_1c6c2d,,,,,
2026-09-12T05:41:06-05:00,PUR_IED_JoseMarti_S_info_f5f177,PUR_IED_JoseMarti_S_info_f5f177,,,,,
2026-09-12T05:41:06-05:00,PUR_IED_Josejoaquin_Ext_dfc5dc,PUR_IED_Josejoaquin_Ext_dfc5dc,,,,,
2026-09-12T05:41:06-05:00,PUR_IED_Josejoaquin_S05_5b2a96,PUR_IED_Josejoaquin_S05_5b2a96,,,,,
2026-09-12T05:41:06-05:00,PUR_IED_Josejoaquin_S06_1ce7d2,PUR_IED_Josejoaquin_S06_1ce7d2,,,,,
2026-09-12T05:41:06-05:00,PUR_IED_JulioFlorez_Danza_9b82dd,PUR_IED_JulioFlorez_Danza_9b82dd,,,,,
2026-09-12T05:41:06-05:00,PUR_IED_JulioFlorez_Exter_f9f314,PUR_IED_JulioFlorez_Exter_f9f314,,,,,
2026-09-12T05:41:06-05:00,PUR_IED_JulioFlorez_info2_6b6e08,PUR_IED_JulioFlorez_info2_6b6e08,,,,,
2026-09-12T05:41:06-05:00,PUR_IED_LaBelleza_Aula13_1d00d8,PUR_IED_LaBelleza_Aula13_1d00d8,,,,,
2026-09-12T05:41:06-05:00,PUR_IED_LaBelleza_Ext_7bc08c,PUR_IED_LaBelleza_Ext_7bc08c,,,,,
2026-09-12T05:41:06-05:00,PUR_IED_LaChucua_Ext_8cd6d2,PUR_IED_LaChucua_Ext_8cd6d2,,,,,
2026-09-12T05:41:06-05:00,PUR_IED_LaChucua_S15_f578ce,PUR_IED_LaChucua_S15_f578ce,,,,,
2026-09-12T05:41:06-05:00,PUR_IED_LaChucua_S16_eebcf9,PUR_IED_LaChucua_S16_eebcf9,,,,,
2026-09-12T05:41:06-05:00,PUR_IED_LaFelicidad_Ext_fb5109,PUR_IED_LaFelicidad_Ext_fb5109,,,,,
2026-09-12T05:41:06-05:00,PUR_IED_LaMerced_206_66ebd,PUR_IED_LaMerced_206_66ebd,,,,,
2026-09-12T05:41:06-05:00,PUR_IED_LaMerced_207_6ebd6,PUR_IED_LaMerced_207_6ebd6,,,,,
2026-09-12T05:41:06-05:00,PUR_IED_LaMerced_ext_304311,PUR_IED_LaMerced_ext_304311,,,,,
2026-09-12T05:41:06-05:00,PUR_IED_Laureano_CiencNat_281e5e,PUR_IED_Laureano_CiencNat_281e5e,,,,,
2026-09-12T05:41:06-05:00,PUR_IED_Laureano_Comedor_f65c0a,PUR_IED_Laureano_Comedor_f65c0a,,,,,
2026-09-12T05:41:06-05:00,PUR_IED_Laureano_Exterior_7ab011,PUR_IED_Laureano_Exterior_7ab011,,,,,
2026-09-12T05:41:06-05:00,PUR_IED_LeonGreiff_Exte_dfe560,PUR_IED_LeonGreiff_Exte_dfe560,,,,,
2026-09-12T05:41:06-05:00,PUR_IED_LeonGreiff_S210_f264ed,PUR_IED_LeonGreiff_S210_f264ed,,,,,
2026-09-12T05:41:06-05:00,PUR_IED_LeonGreiff_SQuimi_e8296f,PUR_IED_LeonGreiff_SQuimi_e8296f,,,,,
2026-09-12T05:41:06-05:00,PUR_IED_LlanoOrientalS208_7b9fcd,PUR_IED_LlanoOrientalS208_7b9fcd,,,,,
2026-09-12T05:41:06-05:00,PUR_IED_LlanoOriental_Ext_fb3766,PUR_IED_LlanoOriental_Ext_fb3766,,,,,
2026-09-12T05:41:06-05:00,PUR_IED_LlanoOriental_S208_7b9fcd,PUR_IED_LlanoOriental_S208_7b9fcd,,,,,
2026-09-12T05:41:06-05:00,PUR_IED_LlanoOriental_S9_27b378,PUR_IED_LlanoOriental_S9_27b378,,,,,
2026-09-12T05:41:06-05:00,PUR_IED_LosTejares_1101_477602,PUR_IED_LosTejares_1101_477602,,,,,
2026-09-12T05:41:06-05:00,PUR_IED_LosTejares_11_d2c595,PUR_IED_LosTejares_11_d2c595,,,,,
2026-09-12T05:41:06-05:00,PUR_IED_LosTejares_12_477602,PUR_IED_LosTejares_12_477602,,,,,
2026-09-12T05:41:06-05:00,PUR_IED_LosTejares_Ext_8e2115,PUR_IED_LosTejares_Ext_8e2115,,,,,
2026-09-12T05:41:06-05:00,PUR_IED_MagdalenaO_B202_5ddda3,PUR_IED_MagdalenaO_B202_5ddda3,,,,,
2026-09-12T05:41:06-05:00,PUR_IED_MagdalenaO_B205_fb76e8,PUR_IED_MagdalenaO_B205_fb76e8,,,,,
2026-09-12T05:41:06-05:00,PUR_IED_MagdalenaO_ext_dc69cd,PUR_IED_MagdalenaO_ext_dc69cd,,,,,
2026-09-12T05:41:06-05:00,PUR_IED_ManueCepeda_artes_eee956,PUR_IED_ManueCepeda_artes_eee956,,,,,
2026-09-12T05:41:06-05:00,PUR_IED_ManuelCepeda_Ext_58313,PUR_IED_ManuelCepeda_Ext_58313,,,,,
2026-09-12T05:41:06-05:00,PUR_IED_ManuelCepeda_tec_1c5731,PUR_IED_ManuelCepeda_tec_1c5731,,,,,
2026-09-12T05:41:06-05:00,PUR_IED_ManuelS_Exterior_5b269,PUR_IED_ManuelS_Exterior_5b269,,,,,
2026-09-12T05:41:06-05:00,PUR_IED_ManuelS_Inform_f369ce,PUR_IED_ManuelS_Inform_f369ce,,,,,
2026-09-12T05:41:06-05:00,PUR_IED_ManuelS_SArtes_7d15f1,PUR_IED_ManuelS_SArtes_7d15f1,,,,,
2026-09-12T05:41:06-05:00,PUR_IED_ManuelZapata_303_3ca6,PUR_IED_ManuelZapata_303_3ca6,,,,,
2026-09-12T05:41:06-05:00,PUR_IED_ManuelZapata_311_bfbabc,PUR_IED_ManuelZapata_311_bfbabc,,,,,
2026-09-12T05:41:06-05:00,PUR_IED_ManuelZapata_Ext_50824a,PUR_IED_ManuelZapata_Ext_50824a,,,,,
2026-09-12T05:41:06-05:00,PUR_IED_ManuelitaS_Exteri_656a92,PUR_IED_ManuelitaS_Exteri_656a92,,,,,
2026-09-12T05:41:06-05:00,PUR_IED_ManuelitaS_JuzgDe_f58ec3,PUR_IED_ManuelitaS_JuzgDe_f58ec3,,,,,
2026-09-12T05:41:06-05:00,PUR_IED_ManuelitaS_Recrea_d793db,PUR_IED_ManuelitaS_Recrea_d793db,,,,,
2026-09-12T05:41:06-05:00,PUR_IED_MarFidSuarez_Ext_c27b19,PUR_IED_MarFidSuarez_Ext_c27b19,,,,,
2026-09-12T05:41:06-05:00,PUR_IED_MarFidSuarez_Info_e384d7,PUR_IED_MarFidSuarez_Info_e384d7,,,,,
2026-09-12T05:41:06-05:00,PUR_IED_MarFidSuarez_S306_1d0032,PUR_IED_MarFidSuarez_S306_1d0032,,,,,
2026-09-12T05:41:06-05:00,PUR_IED_Menorah_301_2a25a3,PUR_IED_Menorah_301_2a25a3,,,,,
2026-09-12T05:41:06-05:00,PUR_IED_Menorah_306_37ed3,PUR_IED_Menorah_306_37ed3,,,,,
2026-09-12T05:41:06-05:00,PUR_IED_Menorah_Ext_3e155b,PUR_IED_Menorah_Ext_3e155b,,,,,
2026-09-12T05:41:06-05:00,PUR_IED_MinutoB.Aires_A11_1b1604,PUR_IED_MinutoB.Aires_A11_1b1604,,,,,
2026-09-12T05:41:06-05:00,PUR_IED_MinutoB.Aires_A12_fb5860,PUR_IED_MinutoB.Aires_A12_fb5860,,,,,
2026-09-12T05:41:06-05:00,PUR_IED_MinutoB.Aires_Ext_81293f,PUR_IED_MinutoB.Aires_Ext_81293f,,,,,
2026-09-12T05:41:06-05:00,PUR_IED_MinutoBAires_A11_1b1604,PUR_IED_MinutoBAires_A11_1b1604,,,,,
2026-09-12T05:41:06-05:00,PUR_IED_MinutoBAires_A12_fb5860,PUR_IED_MinutoBAires_A12_fb5860,,,,,
2026-09-12T05:41:06-05:00,PUR_IED_MinutoBAires_Ext_81293f,PUR_IED_MinutoBAires_Ext_81293f,,,,,
2026-09-12T05:41:06-05:00,PUR_IED_Montreal_Aula10_1e4959,PUR_IED_Montreal_Aula10_1e4959,,,,,
2026-09-12T05:41:06-05:00,PUR_IED_Montreal_Aula6_300367,PUR_IED_Montreal_Aula6_300367,,,,,
2026-09-12T05:41:06-05:00,PUR_IED_Montreal_Exterior_91a179,PUR_IED_Montreal_Exterior_91a179,,,,,
2026-09-12T05:41:06-05:00,PUR_IED_Mqgdalena_B202_5ddda3,PUR_IED_Mqgdalena_B202_5ddda3,,,,,
2026-09-12T05:41:06-05:00,PUR_IED_NACUND_Soc_dc8728,PUR_IED_NACUND_Soc_dc8728,,,,,
2026-09-12T05:41:06-05:00,PUR_IED_NACUND_ext_27ad97,PUR_IED_NACUND_ext_27ad97,,,,,
2026-09-12T05:41:06-05:00,PUR_IED_NEsperanza_Ext_d24b61,PUR_IED_NEsperanza_Ext_d24b61,,,,,
2026-09-12T05:41:06-05:00,PUR_IED_NEsperanza_SElect_7d1807,PUR_IED_NEsperanza_SElect_7d1807,,,,,
2026-09-12T05:41:06-05:00,PUR_IED_NEsperanza_SLabor_8b2d0a,PUR_IED_NEsperanza_SLabor_8b2d0a,,,,,
2026-09-12T05:41:06-05:00,PUR_IED_NacionesU_Ext_f661a9,PUR_IED_NacionesU_Ext_f661a9,,,,,
2026-09-12T05:41:06-05:00,PUR_IED_NacionesU_Quimica_66f0a,PUR_IED_NacionesU_Quimica_66f0a,,,,,
2026-09-12T05:41:06-05:00,PUR_IED_NacionesU_S306_1b4b3d,PUR_IED_NacionesU_S306_1b4b3d,,,,,
2026-09-12T05:41:06-05:00,PUR_IED_NestorFA_Ext_e4201c,PUR_IED_NestorFA_Ext_e4201c,,,,,
2026-09-12T05:41:06-05:00,PUR_IED_NestorFA_Laborato_f22fe0,PUR_IED_NestorFA_Laborato_f22fe0,,,,,
2026-09-12T05:41:06-05:00,PUR_IED_NestorFA_S204_dee996,PUR_IED_NestorFA_S204_dee996,,,,,
2026-09-12T05:41:06-05:00,PUR_IED_NidyaQT_Aula03_76999b,PUR_IED_NidyaQT_Aula03_76999b,,,,,
2026-09-12T05:41:06-05:00,PUR_IED_NidyaQT_Aula10_56325,PUR_IED_NidyaQT_Aula10_56325,,,,,
2026-09-12T05:41:06-05:00,PUR_IED_NidyaQT_Ext_46e32d,PUR_IED_NidyaQT_Ext_46e32d,,,,,
2026-09-12T05:41:06-05:00,PUR_IED_NuevaCol_Exterior_d9b859,PUR_IED_NuevaCol_Exterior_d9b859,,,,,
2026-09-12T05:41:06-05:00,PUR_IED_NuevaCol_S1101_76c43b,PUR_IED_NuevaCol_S1101_76c43b,,,,,
2026-09-12T05:41:06-05:00,PUR_IED_NuevaCol_S1102_1ce0b5,PUR_IED_NuevaCol_S1102_1ce0b5,,,,,
2026-09-12T05:41:06-05:00,PUR_IED_OEA_A202_f7e3f2,PUR_IED_OEA_A202_f7e3f2,,,,,
2026-09-12T05:41:06-05:00,PUR_IED_OEA_A203_7d1b8d,PUR_IED_OEA_A203_7d1b8d,,,,,
2026-09-12T05:41:06-05:00,PUR_IED_OEA_Ext_27b593,PUR_IED_OEA_Ext_27b593,,,,,
2026-09-12T05:41:06-05:00,PUR_IED_Ochoa_Ext_1c29da,PUR_IED_Ochoa_Ext_1c29da,,,,,
2026-09-12T05:41:06-05:00,PUR_IED_Ochoa_S205_8b1121,PUR_IED_Ochoa_S205_8b1121,,,,,
2026-09-12T05:41:06-05:00,PUR_IED_Ochoa_Sistemas_f33af6,PUR_IED_Ochoa_Sistemas_f33af6,,,,,
2026-09-12T05:41:06-05:00,PUR_IED_PQuebec_Ext_1c67c7,PUR_IED_PQuebec_Ext_1c67c7,,,,,
2026-09-12T05:41:06-05:00,PUR_IED_PQuebec_S15_23e8e2,PUR_IED_PQuebec_S15_23e8e2,,,,,
2026-09-12T05:41:06-05:00,PUR_IED_PQuebec_S16_8ec76b,PUR_IED_PQuebec_S16_8ec76b,,,,,
2026-09-12T05:41:06-05:00,PUR_IED_PabloN_Ext_49dc96,PUR_IED_PabloN_Ext_49dc96,,,,,
2026-09-12T05:41:06-05:00,PUR_IED_PabloN_S1102_4e3df5,PUR_IED_PabloN_S1102_4e3df5,,,,,
2026-09-12T05:41:06-05:00,PUR_IED_PabloN_S1103_50c94b,PUR_IED_PabloN_S1103_50c94b,,,,,
2026-09-12T05:41:06-05:00,PUR_IED_Palestina_S1101_db9198,PUR_IED_Palestina_S1101_db9198,,,,,
2026-09-12T05:41:06-05:00,PUR_IED_Palestina_S1102_dc54fa,PUR_IED_Palestina_S1102_dc54fa,,,,,
2026-09-12T05:41:06-05:00,PUR_IED_Palestina_ext_4ccce6,PUR_IED_Palestina_ext_4ccce6,,,,,
2026-09-12T05:41:06-05:00,PUR_IED_Panama_Fisica_4d0794,PUR_IED_Panama_Fisica_4d0794,,,,,
2026-09-12T05:41:06-05:00,PUR_IED_Panama_SIngles_a4077e,PUR_IED_Panama_SIngles_a4077e,,,,,
2026-09-12T05:41:06-05:00,PUR_IED_Panama_ext_4c54b4,PUR_IED_Panama_ext_4c54b4,,,,,
2026-09-12T05:41:06-05:00,PUR_IED_ParaisoM_Exterior_8cd7f0,PUR_IED_ParaisoM_Exterior_8cd7f0,,,,,
2026-09-12T05:41:06-05:00,PUR_IED_ParaisoM_Laborato_27af35,PUR_IED_ParaisoM_Laborato_27af35,,,,,
2026-09-12T05:41:06-05:00,PUR_IED_ParaisoM_S304_d1edca,PUR_IED_ParaisoM_S304_d1edca,,,,,
2026-09-12T05:41:06-05:00,PUR_IED_PorfirioBarba_Ext_301466,PUR_IED_PorfirioBarba_Ext_301466,,,,,
2026-09-12T05:41:06-05:00,PUR_IED_PorfirioBarba_S11_df6cd2,PUR_IED_PorfirioBarba_S11_df6cd2,,,,,
2026-09-12T05:41:06-05:00,PUR_IED_PorfirioBarba_S29_27a7d6,PUR_IED_PorfirioBarba_S29_27a7d6,,,,,
2026-09-12T05:41:06-05:00,PUR_IED_PradoV_Exter_8b27ad,PUR_IED_PradoV_Exter_8b27ad,,,,,
2026-09-12T05:41:06-05:00,PUR_IED_PradoV_S301_de65b5,PUR_IED_PradoV_S301_de65b5,,,,,
2026-09-12T05:41:06-05:00,PUR_IED_PradoV_S302_7d2593,PUR_IED_PradoV_S302_7d2593,,,,,
2026-09-12T05:41:06-05:00,PUR_IED_QuirogaAlz_Ext_1ddc82,PUR_IED_QuirogaAlz_Ext_1ddc82,,,,,
2026-09-12T05:41:06-05:00,PUR_IED_QuirogaAlz_S302_9926a3,PUR_IED_QuirogaAlz_S302_9926a3,,,,,
2026-09-12T05:41:06-05:00,PUR_IED_QuirogaAlz_S305_cdf1f1,PUR_IED_QuirogaAlz_S305_cdf1f1,,,,,
2026-09-12T05:41:06-05:00,PUR_IED_RGuatemala_Biling_dc53b7,PUR_IED_RGuatemala_Biling_dc53b7,,,,,
2026-09-12T05:41:06-05:00,PUR_IED_RGuatemala_Ext_1b89a3,PUR_IED_RGuatemala_Ext_1b89a3,,,,,
2026-09-12T05:41:06-05:00,PUR_IED_RGuatemala_Tecnol_281a34,PUR_IED_RGuatemala_Tecnol_281a34,,,,,
2026-09-12T05:41:06-05:00,PUR_IED_RafaNu_Ext_f7c302,PUR_IED_RafaNu_Ext_f7c302,,,,,
2026-09-12T05:41:06-05:00,PUR_IED_RafaNu_S1101_25fde,PUR_IED_RafaNu_S1101_25fde,,,,,
2026-09-12T05:41:06-05:00,PUR_IED_RafaNu_S1102_281517,PUR_IED_RafaNu_S1102_281517,,,,,
2026-09-12T05:41:06-05:00,PUR_IED_RafaelB_S305_ee2783,PUR_IED_RafaelB_S305_ee2783,,,,,
2026-09-12T05:41:06-05:00,PUR_IED_RafaelB_S306_75fe33,PUR_IED_RafaelB_S306_75fe33,,,,,
2026-09-12T05:41:06-05:00,PUR_IED_RafaelB_ext_283336,PUR_IED_RafaelB_ext_283336,2,18,61,4.6722,-74.0737
2026-09-12T05:41:06-05:00,PUR_IED_RafaelUU_Exterior_281a51,PUR_IED_RafaelUU_Exterior_281a51,,,,,
2026-09-12T05:41:06-05:00,PUR_IED_RafaelUU_Human_806b2,PUR_IED_RafaelUU_Human_806b2,,,,,
2026-09-12T05:41:06-05:00,PUR_IED_RafaelUU_Mate2_5680d4,PUR_IED_RafaelUU_Mate2_5680d4,,,,,
2026-09-12T05:41:06-05:00,PUR_IED_RamonSub_Ext_f9eeb9,PUR_IED_RamonSub_Ext_f9eeb9,,,,,
2026-09-12T05:41:06-05:00,PUR_IED_RamonSub_Media_d1f62f,PUR_IED_RamonSub_Media_d1f62f,,,,,
2026-09-12T05:41:06-05:00,PUR_IED_RamonSub_planta_51b82,PUR_IED_RamonSub_planta_51b82,,,,,
2026-09-12T05:41:06-05:00,PUR_IED_RepBoliVene_Exter_27af7c,PUR_IED_RepBoliVene_Exter_27af7c,,,,,
2026-09-12T05:41:06-05:00,PUR_IED_RepBoliVene_SCPT_5ae2ee,PUR_IED_RepBoliVene_SCPT_5ae2ee,,,,,
2026-09-12T05:41:06-05:00,PUR_IED_RepBoliVene_Socia_4b11d5,PUR_IED_RepBoliVene_Socia_4b11d5,,,,,
2026-09-12T05:41:06-05:00,PUR_IED_RepChina_Ext_76d9ee,PUR_IED_RepChina_Ext_76d9ee,,,,,
2026-09-12T05:41:06-05:00,PUR_IED_RepChina_S404_7c804c,PUR_IED_RepChina_S404_7c804c,,,,,
2026-09-12T05:41:06-05:00,PUR_IED_RepChina_S405_df2c33,PUR_IED_RepChina_S405_df2c33,,,,,
2026-09-12T05:41:06-05:00,PUR_IED_RepublicaC_Exteri_7d1ec9,PUR_IED_RepublicaC_Exteri_7d1ec9,,,,,
2026-09-12T05:41:06-05:00,PUR_IED_RepublicaC_S1101_f544b3,PUR_IED_RepublicaC_S1101_f544b3,,,,,
2026-09-12T05:41:06-05:00,PUR_IED_RepublicaC_S1102_7aafc7,PUR_IED_RepublicaC_S1102_7aafc7,,,,,
2026-09-12T05:41:06-05:00,PUR_IED_Ricaurte_Externo_a0ea1,PUR_IED_Ricaurte_Externo_a0ea1,,,,,
2026-09-12T05:41:06-05:00,PUR_IED_Ricaurte_S210_f546fd,PUR_IED_Ricaurte_S210_f546fd,,,,,
2026-09-12T05:41:06-05:00,PUR_IED_Ricaurte_S309_d4452,PUR_IED_Ricaurte_S309_d4452,,,,,
2026-09-12T05:41:06-05:00,PUR_IED_RogelioS_1102_531e69,PUR_IED_RogelioS_1102_531e69,,,,,
2026-09-12T05:41:06-05:00,PUR_IED_RogelioS_Ext_f25a18,PUR_IED_RogelioS_Ext_f25a18,,,,,
2026-09-12T05:41:06-05:00,PUR_IED_SBernardino_Ext_27aff8,PUR_IED_SBernardino_Ext_27aff8,,,,,
2026-09-12T05:41:06-05:00,PUR_IED_SBernardino_SArte_2ffd33,PUR_IED_SBernardino_SArte_2ffd33,,,,,
2026-09-12T05:41:06-05:00,PUR_IED_SBernardino_SIngl_7c7da5,PUR_IED_SBernardino_SIngl_7c7da5,,,,,
2026-09-12T05:41:06-05:00,PUR_IED_Sago_auditorio_dc9d1d,PUR_IED_Sago_auditorio_dc9d1d,,,,,
2026-09-12T05:41:06-05:00,PUR_IED_Saludcoop_Ext_95aac3,PUR_IED_Saludcoop_Ext_95aac3,,,,,
2026-09-12T05:41:06-05:00,PUR_IED_Saludcoop_InfI_90c854,PUR_IED_Saludcoop_InfI_90c854,,,,,
2026-09-12T05:41:06-05:00,PUR_IED_Saludcoop_SMedia_1b93be,PUR_IED_Saludcoop_SMedia_1b93be,,,,,
2026-09-12T05:41:06-05:00,PUR_IED_SanCarlos_1101_1a2360,PUR_IED_SanCarlos_1101_1a2360,,,,,
2026-09-12T05:41:06-05:00,PUR_IED_SanCarlos_1103_7bafb5,PUR_IED_SanCarlos_1103_7bafb5,,,,,
2026-09-12T05:41:06-05:00,PUR_IED_SanCarlos_Ext_b7cd1,PUR_IED_SanCarlos_Ext_b7cd1,,,,,
2026-09-12T05:41:06-05:00,PUR_IED_SanIgnacioBosa11a_50c26e,PUR_IED_SanIgnacioBosa11a_50c26e,,,,,
2026-09-12T05:41:06-05:00,PUR_IED_SanIgnacioBosa11b_371de8,PUR_IED_SanIgnacioBosa11b_371de8,,,,,
2026-09-12T05:41:06-05:00,PUR_IED_SanIgnacioBosaExt_ef0ffc,PUR_IED_SanIgnacioBosaExt_ef0ffc,,,,,
2026-09-12T05:41:06-05:00,PUR_IED_SanIgnacioBosa_11a_50c26e,PUR_IED_SanIgnacioBosa_11a_50c26e,,,,,
2026-09-12T05:41:06-05:00,PUR_IED_SanIgnacioBosa_Ext_ef0ffc,PUR_IED_SanIgnacioBosa_Ext_ef0ffc,,,,,
2026-09-12T05:41:06-05:00,PUR_IED_SanJoseN_intS1101_31c47f,PUR_IED_SanJoseN_intS1101_31c47f,,,,,
2026-09-12T05:41:06-05:00,PUR_IED_SanJoseUsm_Exter_f5d7e8,PUR_IED_SanJoseUsm_Exter_f5d7e8,,,,,
2026-09-12T05:41:06-05:00,PUR_IED_SanJoseUsm_Int11A_cfdef6,PUR_IED_SanJoseUsm_Int11A_cfdef6,,,,,
2026-09-12T05:41:06-05:00,PUR_IED_SilveriaR_IntB5_905349,PUR_IED_SilveriaR_IntB5_905349,,,,,
2026-09-12T05:41:06-05:00,PUR_IED_SilveriaR_IntSD14_981f93,PUR_IED_SilveriaR_IntSD14_981f93,,,,,
2026-09-12T05:41:06-05:00,PUR_IED_SilveriaR_ext_2b651d,PUR_IED_SilveriaR_ext_2b651d,,,,,
2026-09-12T05:41:06-05:00,PUR_IED_SimonB_Exterior_913975,PUR_IED_SimonB_Exterior_913975,,,,,
2026-09-12T05:41:06-05:00,PUR_IED_SimonB_LabQuimi_c56908,PUR_IED_SimonB_LabQuimi_c56908,,,,,
2026-09-12T05:41:06-05:00,PUR_IED_SimonB_informatic_a28c1,PUR_IED_SimonB_informatic_a28c1,,,,,
2026-09-12T05:41:06-05:00,PUR_IED_Sorrento_1102_315f50,PUR_IED_Sorrento_1102_315f50,,,,,
2026-09-12T05:41:06-05:00,PUR_IED_Sorrento_Minte_214eab,PUR_IED_Sorrento_Minte_214eab,,,,,
2026-09-12T05:41:06-05:00,PUR_IED_Sorrento_ext_7c3a0a,PUR_IED_Sorrento_ext_7c3a0a,,,,,
2026-09-12T05:41:06-05:00,PUR_IED_Tabora_Ext_f048ae,PUR_IED_Tabora_Ext_f048ae,,,,,
2026-09-12T05:41:06-05:00,PUR_IED_Tabora_S1102_b07752,PUR_IED_Tabora_S1102_b07752,,,,,
2026-09-12T05:41:06-05:00,PUR_IED_Tabora_S1103_d988f5,PUR_IED_Tabora_S1103_d988f5,,,,,
2026-09-12T05:41:06-05:00,PUR_IED_Tenerife_Ext_1ab188,PUR_IED_Tenerife_Ext_1ab188,,,,,
2026-09-12T05:41:06-05:00,PUR_IED_Tenerife_SDanzas_7bc02e,PUR_IED_Tenerife_SDanzas_7bc02e,,,,,
2026-09-12T05:41:06-05:00,PUR_IED_Tenerife_SIngles_7cc277,PUR_IED_Tenerife_SIngles_7cc277,,,,,
2026-09-12T05:41:06-05:00,PUR_IED_Tibabuyes_Exter_f2683d,PUR_IED_Tibabuyes_Exter_f2683d,,,,,
2026-09-12T05:41:06-05:00,PUR_IED_Tibabuyes_S10_dc87a8,PUR_IED_Tibabuyes_S10_dc87a8,,,,,
2026-09-12T05:41:06-05:00,PUR_IED_Tibabuyes_S15_dc0526,PUR_IED_Tibabuyes_S15_dc0526,,,,,
2026-09-12T05:41:06-05:00,PUR_IED_UnionE_S301_a1043,PUR_IED_UnionE_S301_a1043,,,,,
2026-09-12T05:41:06-05:00,PUR_IED_UnionE_S307_ff6c2f,PUR_IED_UnionE_S307_ff6c2f,,,,,
2026-09-12T05:41:06-05:00,PUR_IED_UnionE__Ext_5e2468,PUR_IED_UnionE__Ext_5e2468,,,,,
2026-09-12T05:41:06-05:00,PUR_IED_VillaRica_Ext_75be7c,PUR_IED_VillaRica_Ext_75be7c,,,,,
2026-09-12T05:41:06-05:00,PUR_IED_VillaRica_S4_cc5dcd,PUR_IED_VillaRica_S4_cc5dcd,,,,,
2026-09-12T05:41:06-05:00,PUR_IED_VillaRica_Sesp_99f5c,PUR_IED_VillaRica_Sesp_99f5c,,,,,
2026-09-12T05:46:02-05:00,PUR_IED_20deJulio_1101_91b1b9,PUR_IED_20deJulio_1101_91b1b9,,,,,
2026-09-12T05:46:02-05:00,PUR_IED_20deJulio_1102_1cfcf9,PUR_IED_20deJulio_1102_1cfcf9,,,,,
2026-09-12T05:46:02-05:00,PUR_IED_20deJulio_Ext_ab60bd,PUR_IED_20deJulio_Ext_ab60bd,,,,,
2026-09-12T05:46:02-05:00,PUR_IED_AgustinFer_Ext_7b9b77,PUR_IED_AgustinFer_Ext_7b9b77,,,,,
2026-09-12T05:46:02-05:00,PUR_IED_AgustinFer_Info2_27b3a7,PUR_IED_AgustinFer_Info2_27b3a7,,,,,
2026-09-12T05:46:02-05:00,PUR_IED_AgustinFer_Sena_54b4eb,PUR_IED_AgustinFer_Sena_54b4eb,,,,,
2026-09-12T05:46:02-05:00,PUR_IED_AlexanderF_1102_caf07b,PUR_IED_AlexanderF_1102_caf07b,,,,,
2026-09-12T05:46:02-05:00,PUR_IED_AlexanderF_1103_c79e71,PUR_IED_AlexanderF_1103_c79e71,,,,,
2026-09-12T05:46:02-05:00,PUR_IED_AlexanderF_Ext_c5b18b,PUR_IED_AlexanderF_Ext_c5b18b,,,,,
2026-09-12T05:46:02-05:00,PUR_IED_AlfonsoLopez_Ext_281d77,PUR_IED_AlfonsoLopez_Ext_281d77,,,,,
2026-09-12T05:46:02-05:00,PUR_IED_AlfonsoLopez_LabF_888ce0,PUR_IED_AlfonsoLopez_LabF_888ce0,,,,,
2026-09-12T05:46:02-05:00,PUR_IED_AlfonsoLopez_SMed_df6a7f,PUR_IED_AlfonsoLopez_SMed_df6a7f,,,,,
2026-09-12T05:46:02-05:00,PUR_IED_AltamiraSO_A2_209f92,PUR_IED_AltamiraSO_A2_209f92,,,,,
2026-09-12T05:46:02-05:00,PUR_IED_AltamiraSO_Ext_186d66,PUR_IED_AltamiraSO_Ext_186d66,,,,,
2026-09-12T05:46:02-05:00,PUR_IED_AltamiraSO_Sistem_27afe1,PUR_IED_AltamiraSO_Sistem_27afe1,,,,,
2026-09-12T05:46:02-05:00,PUR_IED_AlvaroGom_LabQuim_813179,PUR_IED_AlvaroGom_LabQuim_813179,,,,,
2026-09-12T05:46:02-05:00,PUR_IED_AlvaroGomez_Ext_47c7ca,PUR_IED_AlvaroGomez_Ext_47c7ca,,,,,
2026-09-12T05:46:02-05:00,PUR_IED_AlvaroGomez_LabQuim_813179,PUR_IED_AlvaroGomez_LabQuim_813179,,,,,
2026-09-12T05:46:02-05:00,PUR_IED_AlvaroGomez_S23_7ba89f,PUR_IED_AlvaroGomez_S23_7ba89f,,,,,
2026-09-12T05:46:02-05:00,PUR_IED_Amistad_306_dc8728,PUR_IED_Amistad_306_dc8728,,,,,
2026-09-12T05:46:02-05:00,PUR_IED_Amistad_Ext_8cd55e,PUR_IED_Amistad_Ext_8cd55e,,,,,
2026-09-12T05:46:02-05:00,PUR_IED_Amistad_S202_a41169,PUR_IED_Amistad_S202_a41169,,,,,
2026-09-12T05:46:02-05:00,PUR_IED_AndresBello_Bio_fd5f5e,PUR_IED_AndresBello_Bio_fd5f5e,,,,,
2026-09-12T05:46:02-05:00,PUR_IED_AndresBello_ext_dcad65,PUR_IED_AndresBello_ext_dcad65,,,,,
2026-09-12T05:46:02-05:00,PUR_IED_AndresBello_port_eed3ec,PUR_IED_AndresBello_port_eed3ec,,,,,
2026-09-12T05:46:02-05:00,PUR_IED_AngelaR_11b_d90a6b,PUR_IED_AngelaR_11b_d90a6b,,,,,
2026-09-12T05:46:02-05:00,PUR_IED_AngelaR_ext_7cad3e,PUR_IED_AngelaR_ext_7cad3e,5,17,67,4.5825,-74.164497
2026-09-12T05:46:02-05:00,PUR_IED_AntJoseSucre_10mo_df2575,PUR_IED_AntJoseSucre_10mo_df2575,,,,,
2026-09-12T05:46:02-05:00,PUR_IED_AntJoseSucre_Ext_215b36,PUR_IED_AntJoseSucre_Ext_215b36,,,,,
2026-09-12T05:46:02-05:00,PUR_IED_AntJoseSucre_Lab_3139de,PUR_IED_AntJoseSucre_Lab_3139de,,,,,
2026-09-12T05:46:02-05:00,PUR_IED_AntonioGarcia_301_d6b188,PUR_IED_AntonioGarcia_301_d6b188,,,,,
2026-09-12T05:46:02-05:00,PUR_IED_AntonioGarcia_302_88a82,PUR_IED_AntonioGarcia_302_88a82,,,,,
2026-09-12T05:46:02-05:00,PUR_IED_AntonioGarcia_Ext_20950c,PUR_IED_AntonioGarcia_Ext_20950c,,,,,
2026-09-12T05:46:02-05:00,PUR_IED_AntonioVan_Aula2_6dea02,PUR_IED_AntonioVan_Aula2_6dea02,,,,,
2026-09-12T05:46:02-05:00,PUR_IED_AntonioVan_Aula5_f1557e,PUR_IED_AntonioVan_Aula5_f1557e,,,,,
2026-09-12T05:46:02-05:00,PUR_IED_AntonioVan_Ext_406f2f,PUR_IED_AntonioVan_Ext_406f2f,,,,,
2026-09-12T05:46:02-05:00,PUR_IED_Atabanzha_Ext_cc5af9,PUR_IED_Atabanzha_Ext_cc5af9,,,,,
2026-09-12T05:46:02-05:00,PUR_IED_Atabanzha_SA101_56c37,PUR_IED_Atabanzha_SA101_56c37,,,,,
2026-09-12T05:46:02-05:00,PUR_IED_Atabanzha_SB302_27b374,PUR_IED_Atabanzha_SB302_27b374,,,,,
2026-09-12T05:46:02-05:00,PUR_IED_Atahualpa_Ext_fc1748,PUR_IED_Atahualpa_Ext_fc1748,,,,,
2026-09-12T05:46:02-05:00,PUR_IED_Atahualpa_Informa_dc9a95,PUR_IED_Atahualpa_Informa_dc9a95,,,,,
2026-09-12T05:46:02-05:00,PUR_IED_Atahualpa_S1101_f98056,PUR_IED_Atahualpa_S1101_f98056,,,,,
2026-09-12T05:46:02-05:00,PUR_IED_Bellavista_Ext_f5aa74,PUR_IED_Bellavista_Ext_f5aa74,,,,,
2026-09-12T05:46:02-05:00,PUR_IED_Bilbao_11A_916c41,PUR_IED_Bilbao_11A_916c41,,,,,
2026-09-12T05:46:02-05:00,PUR_IED_Bilbao_Ext_fb579a,PUR_IED_Bilbao_Ext_fb579a,,,,,
2026-09-12T05:46:02-05:00,PUR_IED_BrasiliaU_A125_304280,PUR_IED_BrasiliaU_A125_304280,,,,,
2026-09-12T05:46:02-05:00,PUR_IED_BrasiliaU_A203_7c8ca5,PUR_IED_BrasiliaU_A203_7c8ca5,,,,,
2026-09-12T05:46:02-05:00,PUR_IED_BrasiliaU_Ext_8d6e9f,PUR_IED_BrasiliaU_Ext_8d6e9f,4,16,66,4.5175,-74.116302
2026-09-12T05:46:02-05:00,PUR_IED_Brasilia_Ext_fe6593,PUR_IED_Brasilia_Ext_fe6593,,,,,
2026-09-12T05:46:02-05:00,PUR_IED_Brasilia_S24_7c130d,PUR_IED_Brasilia_S24_7c130d,,,,,
2026-09-12T05:46:02-05:00,PUR_IED_Brasilia_S501_186a54,PUR_IED_Brasilia_S501_186a54,,,,,
2026-09-12T05:46:02-05:00,PUR_IED_CHARRY_EXT_f1d5cd,PUR_IED_CHARRY_EXT_f1d5cd,,,,,
2026-09-12T05:46:02-05:00,PUR_IED_CHARRY_INTDANZAS_7a08e6,PUR_IED_CHARRY_INTDANZAS_7a08e6,,,,,
2026-09-12T05:46:02-05:00,PUR_IED_CHARRY_INT_AULA20_dc998d,PUR_IED_CHARRY_INT_AULA20_dc998d,,,,,
2026-09-12T05:46:02-05:00,PUR_IED_COLVIV_1101_S25_7f520a,PUR_IED_COLVIV_1101_S25_7f520a,,,,,
2026-09-12T05:46:02-05:00,PUR_IED_COLVIV_1102_S16_f570ba,PUR_IED_COLVIV_1102_S16_f570ba,,,,,
2026-09-12T05:46:02-05:00,PUR_IED_COLVIV_Ext_1a26fa,PUR_IED_COLVIV_Ext_1a26fa,,,,,
2026-09-12T05:46:02-05:00,PUR_IED_CULPOP_301A_f660f3,PUR_IED_CULPOP_301A_f660f3,,,,,
2026-09-12T05:46:02-05:00,PUR_IED_CULPOP_303_568afe,PUR_IED_CULPOP_303_568afe,,,,,
2026-09-12T05:46:02-05:00,PUR_IED_CULPOP_Ext_e02ccb,PUR_IED_CULPOP_Ext_e02ccb,,,,,
2026-09-12T05:46:02-05:00,PUR_IED_CVillavicen_Ext_26eb58,PUR_IED_CVillavicen_Ext_26eb58,7,14,83,4.487,-74.102798
2026-09-12T05:46:02-05:00,PUR_IED_CVillavicen_Intel_1ce5c2,PUR_IED_CVillavicen_Intel_1ce5c2,,,,,
2026-09-12T05:46:02-05:00,PUR_IED_CVillavicen_Poliv_e0766c,PUR_IED_CVillavicen_Poliv_e0766c,,,,,
2026-09-12T05:46:02-05:00,PUR_IED_CVillavicen_int_1ba140,PUR_IED_CVillavicen_int_1ba140,,,,,
2026-09-12T05:46:02-05:00,PUR_IED_CVillavicen_intel_1ba140,PUR_IED_CVillavicen_intel_1ba140,,,,,
2026-09-12T05:46:02-05:00,PUR_IED_CarlosPizarro_Ext_e307cc,PUR_IED_CarlosPizarro_Ext_e307cc,,,,,
2026-09-12T05:46:02-05:00,PUR_IED_CarlosPizarro_L36_7e5cdb,PUR_IED_CarlosPizarro_L36_7e5cdb,,,,,
2026-09-12T05:46:02-05:00,PUR_IED_CarlosPizarro_L37_c8566c,PUR_IED_CarlosPizarro_L37_c8566c,,,,,
2026-09-12T05:46:02-05:00,PUR_IED_Castilla_Ext_cf35f,PUR_IED_Castilla_Ext_cf35f,,,,,
2026-09-12T05:46:02-05:00,PUR_IED_Castilla_SFisik_360e38,PUR_IED_Castilla_SFisik_360e38,,,,,
2026-09-12T05:46:02-05:00,PUR_IED_Castilla_Sc304_496fbf,PUR_IED_Castilla_Sc304_496fbf,,,,,
2026-09-12T05:46:02-05:00,PUR_IED_CervantesSa_Ext_6b57b,PUR_IED_CervantesSa_Ext_6b57b,3,16,72,4.5128,-74.117203
2026-09-12T05:46:02-05:00,PUR_IED_CervantesSa_S107_225c2b,PUR_IED_CervantesSa_S107_225c2b,,,,,
2026-09-12T05:46:02-05:00,PUR_IED_CervantesSa_S108_940925,PUR_IED_CervantesSa_S108_940925,,,,,
2026-09-12T05:46:02-05:00,PUR_IED_Charry_A20_f53e7c,PUR_IED_Charry_A20_f53e7c,,,,,
2026-09-12T05:46:02-05:00,PUR_IED_Charry_Ext_f1d5cd,PUR_IED_Charry_Ext_f1d5cd,,,,,
2026-09-12T05:46:02-05:00,PUR_IED_Charry_IntAula20_dc998d,PUR_IED_Charry_IntAula20_dc998d,,,,,
2026-09-12T05:46:02-05:00,PUR_IED_Charry_IntDanzas_7a08e6,PUR_IED_Charry_IntDanzas_7a08e6,,,,,
2026-09-12T05:46:02-05:00,PUR_IED_ClememciaC_203_43e2fc,PUR_IED_ClememciaC_203_43e2fc,,,,,
2026-09-12T05:46:02-05:00,PUR_IED_ClememciaC_Ext_1b411a,PUR_IED_ClememciaC_Ext_1b411a,,,,,
2026-09-12T05:46:02-05:00,PUR_IED_ClememciaC_Quimic_44b5fc,PUR_IED_ClememciaC_Quimic_44b5fc,,,,,
2026-09-12T05:46:02-05:00,PUR_IED_ClemenciaC_203_43e2fc,PUR_IED_ClemenciaC_203_43e2fc,,,,,
2026-09-12T05:46:02-05:00,PUR_IED_ClemenciaC_Ext_1b411a,PUR_IED_ClemenciaC_Ext_1b411a,,,,,
2026-09-12T05:46:02-05:00,PUR_IED_ClemenciaC_Quimic_44b5fc,PUR_IED_ClemenciaC_Quimic_44b5fc,,,,,
2026-09-12T05:46:02-05:00,PUR_IED_ColViva_1101_S25_7f520a,PUR_IED_ColViva_1101_S25_7f520a,,,,,
2026-09-12T05:46:02-05:00,PUR_IED_ColViva_1102_S16_f570ba,PUR_IED_ColViva_1102_S16_f570ba,,,,,
2026-09-12T05:46:02-05:00,PUR_IED_ColViva_Ext_1a26fa,PUR_IED_ColViva_Ext_1a26fa,,,,,
2026-09-12T05:46:02-05:00,PUR_IED_ColegioBici_Asist_7c8798,PUR_IED_ColegioBici_Asist_7c8798,,,,,
2026-09-12T05:46:02-05:00,PUR_IED_ColegioBici_Ext_25cbf6,PUR_IED_ColegioBici_Ext_25cbf6,,,,,
2026-09-12T05:46:02-05:00,PUR_IED_ColegioBici_LabQ_7b57db,PUR_IED_ColegioBici_LabQ_7b57db,,,,,
2026-09-12T05:46:02-05:00,PUR_IED_CostaRica_Ext_5e640,PUR_IED_CostaRica_Ext_5e640,,,,,
2026-09-12T05:46:02-05:00,PUR_IED_CostaRica_Quim1_766d1c,PUR_IED_CostaRica_Quim1_766d1c,,,,,
2026-09-12T05:46:02-05:00,PUR_IED_CostaRica__Fisica_6f0873,PUR_IED_CostaRica__Fisica_6f0873,,,,,
2026-09-12T05:46:02-05:00,PUR_IED_CulPopu_301A_f660f3,PUR_IED_CulPopu_301A_f660f3,,,,,
2026-09-12T05:46:02-05:00,PUR_IED_CulPopu_303_568afe,PUR_IED_CulPopu_303_568afe,,,,,
2026-09-12T05:46:02-05:00,PUR_IED_CulPopu_Ext_e02ccb,PUR_IED_CulPopu_Ext_e02ccb,,,,,
2026-09-12T05:46:02-05:00,PUR_IED_Cundinamarca_Ext_f15985,PUR_IED_Cundinamarca_Ext_f15985,,,,,
2026-09-12T05:46:02-05:00,PUR_IED_Cundinamarca_Info_7aa5d7,PUR_IED_Cundinamarca_Info_7aa5d7,,,,,
2026-09-12T05:46:02-05:00,PUR_IED_Cundinamarca_Tec2_f449c7,PUR_IED_Cundinamarca_Tec2_f449c7,,,,,
2026-09-12T05:46:02-05:00,PUR_IED_DiegoM_Aula1_27b314,PUR_IED_DiegoM_Aula1_27b314,,,,,
2026-09-12T05:46:02-05:00,PUR_IED_DiegoM_Ext_d80ac8,PUR_IED_DiegoM_Ext_d80ac8,,,,,
2026-09-12T05:46:02-05:00,PUR_IED_DiegoM_S25_da928f,PUR_IED_DiegoM_S25_da928f,,,,,
2026-09-12T05:46:02-05:00,PUR_IED_ELRODEO_360881,PUR_IED_ELRODEO_360881,,,,,
2026-09-12T05:46:02-05:00,PUR_IED_ELRODEO_ext_360881,PUR_IED_ELRODEO_ext_360881,,,,,
2026-09-12T05:46:02-05:00,PUR_IED_EduardoU_Ext_1c1969,PUR_IED_EduardoU_Ext_1c1969,,,,,
2026-09-12T05:46:02-05:00,PUR_IED_EduardoU_SCiencia_4dfb94,PUR_IED_EduardoU_SCiencia_4dfb94,,,,,
2026-09-12T05:46:02-05:00,PUR_IED_EduardoU_SQuimica_5a46e7,PUR_IED_EduardoU_SQuimica_5a46e7,,,,,
2026-09-12T05:46:02-05:00,PUR_IED_ElRodeo_Aula14_676984,PUR_IED_ElRodeo_Aula14_676984,,,,,
2026-09-12T05:46:02-05:00,PUR_IED_ElRodeo_Aula16_2dd35b,PUR_IED_ElRodeo_Aula16_2dd35b,,,,,
2026-09-12T05:46:02-05:00,PUR_IED_ElRodeo_Ext_360881,PUR_IED_ElRodeo_Ext_360881,,,,,
2026-09-12T05:46:02-05:00,PUR_IED_ElRodeo_Exterior_8c6d28,PUR_IED_ElRodeo_Exterior_8c6d28,,,,,
2026-09-12T05:46:02-05:00,PUR_IED_ElRodeo_ext_360881,PUR_IED_ElRodeo_ext_360881,,,,,
2026-09-12T05:46:02-05:00,PUR_IED_EmmaReyes_Ext_987625,PUR_IED_EmmaReyes_Ext_987625,10,21,53,4.6367,-74.1511
2026-09-12T05:46:02-05:00,PUR_IED_Ensueño_Ext_7f0250,PUR_IED_Ensueño_Ext_7f0250,,,,,
2026-09-12T05:46:02-05:00,PUR_IED_EscNormal_Ext_5fef3b,PUR_IED_EscNormal_Ext_5fef3b,2,18,62,4.5852,-74.096901
2026-09-12T05:46:02-05:00,PUR_IED_EscNormal_S309_5b263,PUR_IED_EscNormal_S309_5b263,,,,,
2026-09-12T05:46:02-05:00,PUR_IED_EscNormal_S310_27b3b8,PUR_IED_EscNormal_S310_27b3b8,,,,,
2026-09-12T05:46:02-05:00,PUR_IED_Evangelista_Conta_f6cd4f,PUR_IED_Evangelista_Conta_f6cd4f,,,,,
2026-09-12T05:46:02-05:00,PUR_IED_Evangelista_Cri_5e16a,PUR_IED_Evangelista_Cri_5e16a,,,,,
2026-09-12T05:46:02-05:00,PUR_IED_Evangelista_Exter_754066,PUR_IED_Evangelista_Exter_754066,,,,,
2026-09-12T05:46:02-05:00,PUR_IED_FMiranda_S209_5cc2a3,PUR_IED_FMiranda_S209_5cc2a3,,,,,
2026-09-12T05:46:02-05:00,PUR_IED_FMiranda_S303_19e344,PUR_IED_FMiranda_S303_19e344,,,,,
2026-09-12T05:46:02-05:00,PUR_IED_FMiranda_ext_f53e7c,PUR_IED_FMiranda_ext_f53e7c,,,,,
2026-09-12T05:46:02-05:00,PUR_IED_FabioLozano_Bibli_1cee05,PUR_IED_FabioLozano_Bibli_1cee05,,,,,
2026-09-12T05:46:02-05:00,PUR_IED_FabioLozano_Ext_6ea285,PUR_IED_FabioLozano_Ext_6ea285,,,,,
2026-09-12T05:46:02-05:00,PUR_IED_FabioLozano_SLudi_f09e1e,PUR_IED_FabioLozano_SLudi_f09e1e,,,,,
2026-09-12T05:46:02-05:00,PUR_IED_FaustinoS_Aula07_27a731,PUR_IED_FaustinoS_Aula07_27a731,,,,,
2026-09-12T05:46:02-05:00,PUR_IED_FaustinoS_Ext_7b936f,PUR_IED_FaustinoS_Ext_7b936f,,,,,
2026-09-12T05:46:02-05:00,PUR_IED_FaustinoS_Fisica_da2c60,PUR_IED_FaustinoS_Fisica_da2c60,,,,,
2026-09-12T05:46:02-05:00,PUR_IED_FeGarciaLo_Ext_dc68ee,PUR_IED_FeGarciaLo_Ext_dc68ee,,,,,
2026-09-12T05:46:02-05:00,PUR_IED_FeGarciaLo_SDanza_f70a59,PUR_IED_FeGarciaLo_SDanza_f70a59,,,,,
2026-09-12T05:46:02-05:00,PUR_IED_FeGarciaLo_SMusic_125cdd,PUR_IED_FeGarciaLo_SMusic_125cdd,,,,,
2026-09-12T05:46:02-05:00,PUR_IED_FederalAlema_Exte_50c345,PUR_IED_FederalAlema_Exte_50c345,,,,,
2026-09-12T05:46:02-05:00,PUR_IED_FederalAlema_S31_f18371,PUR_IED_FederalAlema_S31_f18371,,,,,
2026-09-12T05:46:02-05:00,PUR_IED_FederalAlema_S901_a62cd,PUR_IED_FederalAlema_S901_a62cd,,,,,
2026-09-12T05:46:02-05:00,PUR_IED_FilarmonicaS_A5_f35eb1,PUR_IED_FilarmonicaS_A5_f35eb1,,,,,
2026-09-12T05:46:02-05:00,PUR_IED_FilarmonicaS_Ext_8a3bde,PUR_IED_FilarmonicaS_Ext_8a3bde,,,,,
2026-09-12T05:46:02-05:00,PUR_IED_FilarmonicaS_Spol_406114,PUR_IED_FilarmonicaS_Spol_406114,,,,,
2026-09-12T05:46:02-05:00,PUR_IED_FlorentinoG_A13_d1fa59,PUR_IED_FlorentinoG_A13_d1fa59,,,,,
2026-09-12T05:46:02-05:00,PUR_IED_FlorentinoG_Ext_1ce6ce,PUR_IED_FlorentinoG_Ext_1ce6ce,,,,,
2026-09-12T05:46:02-05:00,PUR_IED_FlorentinoG_Idiom_a66aac,PUR_IED_FlorentinoG_Idiom_a66aac,,,,,
2026-09-12T05:46:02-05:00,PUR_IED_FranciscoMati_Ext_e3869d,PUR_IED_FranciscoMati_Ext_e3869d,,,,,
2026-09-12T05:46:02-05:00,PUR_IED_FranciscoMati_S13_f31c67,PUR_IED_FranciscoMati_S13_f31c67,,,,,
2026-09-12T05:46:02-05:00,PUR_IED_FranciscoMati_S14_97dead,PUR_IED_FranciscoMati_S14_97dead,,,,,
2026-09-12T05:46:02-05:00,PUR_IED_FranciscoPS_Ext_7bfa9a,PUR_IED_FranciscoPS_Ext_7bfa9a,2,19,61,4.5899,-74.110397
2026-09-12T05:46:02-05:00,PUR_IED_FranciscoPS_Infor_fb8f4c,PUR_IED_FranciscoPS_Infor_fb8f4c,,,,,
2026-09-12T05:46:02-05:00,PUR_IED_FranciscoPS_Quimi_94d39c,PUR_IED_FranciscoPS_Quimi_94d39c,,,,,
2026-09-12T05:46:02-05:00,PUR_IED_FranciscoP_LabQ_d7e148,PUR_IED_FranciscoP_LabQ_d7e148,,,,,
2026-09-12T05:46:02-05:00,PUR_IED_FranciscoP_S28_cf9b30,PUR_IED_FranciscoP_S28_cf9b30,,,,,
2026-09-12T05:46:02-05:00,PUR_IED_FranciscoP_ext_e2313,PUR_IED_FranciscoP_ext_e2313,,,,,
2026-09-12T05:46:02-05:00,PUR_IED_FriederichN_Ext_8ac92a,PUR_IED_FriederichN_Ext_8ac92a,,,,,
2026-09-12T05:46:02-05:00,PUR_IED_FriederichN_S301_dd7e5a,PUR_IED_FriederichN_S301_dd7e5a,,,,,
2026-09-12T05:46:02-05:00,PUR_IED_FriederichN_S308_761f4f,PUR_IED_FriederichN_S308_761f4f,,,,,
2026-09-12T05:46:02-05:00,PUR_IED_GSantander_Aula10_533dd7,PUR_IED_GSantander_Aula10_533dd7,,,,,
2026-09-12T05:46:02-05:00,PUR_IED_GSantander_Aula12_fd4e4f,PUR_IED_GSantander_Aula12_fd4e4f,,,,,
2026-09-12T05:46:02-05:00,PUR_IED_GSantander_Aula310_533dd7,PUR_IED_GSantander_Aula310_533dd7,,,,,
2026-09-12T05:46:02-05:00,PUR_IED_GSantander_Aula312_fd4e4f,PUR_IED_GSantander_Aula312_fd4e4f,,,,,
2026-09-12T05:46:02-05:00,PUR_IED_GSantander_Ext_5f66b0,PUR_IED_GSantander_Ext_5f66b0,,,,,
2026-09-12T05:46:02-05:00,PUR_IED_GYomasa_Ext_f6bea5,PUR_IED_GYomasa_Ext_f6bea5,,,,,
2026-09-12T05:46:02-05:00,PUR_IED_GYomasa_LBiol_2c41aa,PUR_IED_GYomasa_LBiol_2c41aa,,,,,
2026-09-12T05:46:02-05:00,PUR_IED_GYomasa_LQuim_33c80,PUR_IED_GYomasa_LQuim_33c80,,,,,
2026-09-12T05:46:02-05:00,PUR_IED_GabBetMejia_Cienc_5a99c,PUR_IED_GabBetMejia_Cienc_5a99c,,,,,
2026-09-12T05:46:02-05:00,PUR_IED_GabBetMejia_Ext_9153d0,PUR_IED_GabBetMejia_Ext_9153d0,,,,,
2026-09-12T05:46:02-05:00,PUR_IED_GabBetMejia_Lab_f55347,PUR_IED_GabBetMejia_Lab_f55347,,,,,
2026-09-12T05:46:02-05:00,PUR_IED_GabBetanMejia_Ext_9153d0,PUR_IED_GabBetanMejia_Ext_9153d0,,,,,
2026-09-12T05:46:02-05:00,PUR_IED_Gaitana_Aula13_7aac11,PUR_IED_Gaitana_Aula13_7aac11,,,,,
2026-09-12T05:46:02-05:00,PUR_IED_Gaitana_Ext_5fcf4,PUR_IED_Gaitana_Ext_5fcf4,,,,,
2026-09-12T05:46:02-05:00,PUR_IED_Gaitana_LabFisica_644448,PUR_IED_Gaitana_LabFisica_644448,,,,,
2026-09-12T05:46:02-05:00,PUR_IED_GenSantander_Dise_8ac858,PUR_IED_GenSantander_Dise_8ac858,,,,,
2026-09-12T05:46:02-05:00,PUR_IED_GenSantander_Ext_8d5dfe,PUR_IED_GenSantander_Ext_8d5dfe,,,,,
2026-09-12T05:46:02-05:00,PUR_IED_GenSantander_Info_6c25b,PUR_IED_GenSantander_Info_6c25b,,,,,
2026-09-12T05:46:02-05:00,PUR_IED_GustavoMo_Exterio_75e63d,PUR_IED_GustavoMo_Exterio_75e63d,,,,,
2026-09-12T05:46:02-05:00,PUR_IED_GustavoMo_LabFisi_224d37,PUR_IED_GustavoMo_LabFisi_224d37,,,,,
2026-09-12T05:46:02-05:00,PUR_IED_GustavoMo_S208_3e6918,PUR_IED_GustavoMo_S208_3e6918,,,,,
2026-09-12T05:46:02-05:00,PUR_IED_GustavoR_A02_8cd4a8,PUR_IED_GustavoR_A02_8cd4a8,,,,,
2026-09-12T05:46:02-05:00,PUR_IED_GustavoR_B11_5b0ed,PUR_IED_GustavoR_B11_5b0ed,,,,,
2026-09-12T05:46:02-05:00,PUR_IED_GustavoR_Ext_7a0c90,PUR_IED_GustavoR_Ext_7a0c90,,,,,
2026-09-12T05:46:02-05:00,PUR_IED_HernandoDuran_Ext_8cd82b,PUR_IED_HernandoDuran_Ext_8cd82b,,,,,
2026-09-12T05:46:02-05:00,PUR_IED_HernandoDuran_S24_2772c6,PUR_IED_HernandoDuran_S24_2772c6,,,,,
2026-09-12T05:46:02-05:00,PUR_IED_HernandoDuran_S30_f2de41,PUR_IED_HernandoDuran_S30_f2de41,,,,,
2026-09-12T05:46:02-05:00,PUR_IED_HolguInUr_S1101_8cd732,PUR_IED_HolguInUr_S1101_8cd732,,,,,
2026-09-12T05:46:02-05:00,PUR_IED_HolguinUr_Exter_ddae6d,PUR_IED_HolguinUr_Exter_ddae6d,,,,,
2026-09-12T05:46:02-05:00,PUR_IED_HolguinUr_LabQuim_92b952,PUR_IED_HolguinUr_LabQuim_92b952,,,,,
2026-09-12T05:46:02-05:00,PUR_IED_Isabel-II_Ext_5245cc,PUR_IED_Isabel-II_Ext_5245cc,9,18,61,4.6336,-74.153
2026-09-12T05:46:02-05:00,PUR_IED_Isabel-II_S_idiom_1c29aa,PUR_IED_Isabel-II_S_idiom_1c29aa,,,,,
2026-09-12T05:46:02-05:00,PUR_IED_Isabel-II_S_infor_fd741,PUR_IED_Isabel-II_S_infor_fd741,,,,,
2026-09-12T05:46:02-05:00,PUR_IED_IsidroSur_Exterio_5b90ea,PUR_IED_IsidroSur_Exterio_5b90ea,,,,,
2026-09-12T05:46:02-05:00,PUR_IED_IsidroSur_LabTec_56697a,PUR_IED_IsidroSur_LabTec_56697a,,,,,
2026-09-12T05:46:02-05:00,PUR_IED_IsidroSur_Robotic_b7c38f,PUR_IED_IsidroSur_Robotic_b7c38f,,,,,
2026-09-12T05:46:02-05:00,PUR_IED_IsmaelPerd_Ext_7b6672,PUR_IED_IsmaelPerd_Ext_7b6672,,,,,
2026-09-12T05:46:02-05:00,PUR_IED_IsmaelPerd_Inform_306540,PUR_IED_IsmaelPerd_Inform_306540,,,,,
2026-09-12T05:46:02-05:00,PUR_IED_IsmaelPerd_S30_2e2c83,PUR_IED_IsmaelPerd_S30_2e2c83,,,,,
2026-09-12T05:46:02-05:00,PUR_IED_JLozano_Exter_432910,PUR_IED_JLozano_Exter_432910,,,,,
2026-09-12T05:46:02-05:00,PUR_IED_JLozano_salaMulti_df5125,PUR_IED_JLozano_salaMulti_df5125,,,,,
2026-09-12T05:46:02-05:00,PUR_IED_JMCordoba_206_86f80b,PUR_IED_JMCordoba_206_86f80b,,,,,
2026-09-12T05:46:02-05:00,PUR_IED_JMCordoba_Ext_27ad97,PUR_IED_JMCordoba_Ext_27ad97,,,,,
2026-09-12T05:46:02-05:00,PUR_IED_JMCordoba_S310_d59ab4,PUR_IED_JMCordoba_S310_d59ab4,,,,,
2026-09-12T05:46:02-05:00,PUR_IED_Japon_Ext_549100,PUR_IED_Japon_Ext_549100,,,,,
2026-09-12T05:46:02-05:00,PUR_IED_Japon_Laboratorio_bec51d,PUR_IED_Japon_Laboratorio_bec51d,,,,,
2026-09-12T05:46:02-05:00,PUR_IED_Japon_informatica_d99327,PUR_IED_Japon_informatica_d99327,,,,,
2026-09-12T05:46:02-05:00,PUR_IED_Jazmin_Ext_d27bda,PUR_IED_Jazmin_Ext_d27bda,,,,,
2026-09-12T05:46:02-05:00,PUR_IED_Jazmin_Fisica_8d14d7,PUR_IED_Jazmin_Fisica_8d14d7,,,,,
2026-09-12T05:46:02-05:00,PUR_IED_Jazmin_Quimica_801cb5,PUR_IED_Jazmin_Quimica_801cb5,,,,,
2026-09-12T05:46:02-05:00,PUR_IED_JorgeGaitan_Exter_f098d1,PUR_IED_JorgeGaitan_Exter_f098d1,,,,,
2026-09-12T05:46:02-05:00,PUR_IED_JorgeGaitan_STec1_dc9d1d,PUR_IED_JorgeGaitan_STec1_dc9d1d,,,,,
2026-09-12T05:46:02-05:00,PUR_IED_JorgeGaitan_STec2_281e69,PUR_IED_JorgeGaitan_STec2_281e69,,,,,
2026-09-12T05:46:02-05:00,PUR_IED_JorgeSoto_Exterio_d9d0a2,PUR_IED_JorgeSoto_Exterio_d9d0a2,,,,,
2026-09-12T05:46:02-05:00,PUR_IED_JorgeSoto_LabFisi_209c54,PUR_IED_JorgeSoto_LabFisi_209c54,,,,,
2026-09-12T05:46:02-05:00,PUR_IED_JorgeSoto_S103_27b51a,PUR_IED_JorgeSoto_S103_27b51a,,,,,
2026-09-12T05:46:02-05:00,PUR_IED_JoseAcevedo_A02_e965eb,PUR_IED_JoseAcevedo_A02_e965eb,,,,,
2026-09-12T05:46:02-05:00,PUR_IED_JoseAcevedo_A07_dd5b4,PUR_IED_JoseAcevedo_A07_dd5b4,,,,,
2026-09-12T05:46:02-05:00,PUR_IED_JoseAcevedo_Ext_b47484,PUR_IED_JoseAcevedo_Ext_b47484,,,,,
2026-09-12T05:46:02-05:00,PUR_IED_JoseMarti_Exte_5b9bf,PUR_IED_JoseMarti_Exte_5b9bf,,,,,
2026-09-12T05:46:02-05:00,PUR_IED_JoseMarti_LabQuim_1c6c2d,PUR_IED_JoseMarti_LabQuim_1c6c2d,,,,,
2026-09-12T05:46:02-05:00,PUR_IED_JoseMarti_S_info_f5f177,PUR_IED_JoseMarti_S_info_f5f177,,,,,
2026-09-12T05:46:02-05:00,PUR_IED_Josejoaquin_Ext_dfc5dc,PUR_IED_Josejoaquin_Ext_dfc5dc,,,,,
2026-09-12T05:46:02-05:00,PUR_IED_Josejoaquin_S05_5b2a96,PUR_IED_Josejoaquin_S05_5b2a96,,,,,
2026-09-12T05:46:02-05:00,PUR_IED_Josejoaquin_S06_1ce7d2,PUR_IED_Josejoaquin_S06_1ce7d2,,,,,
2026-09-12T05:46:02-05:00,PUR_IED_JulioFlorez_Danza_9b82dd,PUR_IED_JulioFlorez_Danza_9b82dd,,,,,
2026-09-12T05:46:02-05:00,PUR_IED_JulioFlorez_Exter_f9f314,PUR_IED_JulioFlorez_Exter_f9f314,,,,,
2026-09-12T05:46:02-05:00,PUR_IED_JulioFlorez_info2_6b6e08,PUR_IED_JulioFlorez_info2_6b6e08,,,,,
2026-09-12T05:46:02-05:00,PUR_IED_LaBelleza_Aula13_1d00d8,PUR_IED_LaBelleza_Aula13_1d00d8,,,,,
2026-09-12T05:46:02-05:00,PUR_IED_LaBelleza_Ext_7bc08c,PUR_IED_LaBelleza_Ext_7bc08c,,,,,
2026-09-12T05:46:02-05:00,PUR_IED_LaChucua_Ext_8cd6d2,PUR_IED_LaChucua_Ext_8cd6d2,,,,,
2026-09-12T05:46:02-05:00,PUR_IED_LaChucua_S15_f578ce,PUR_IED_LaChucua_S15_f578ce,,,,,
2026-09-12T05:46:02-05:00,PUR_IED_LaChucua_S16_eebcf9,PUR_IED_LaChucua_S16_eebcf9,,,,,
2026-09-12T05:46:02-05:00,PUR_IED_LaFelicidad_Ext_fb5109,PUR_IED_LaFelicidad_Ext_fb5109,,,,,
2026-09-12T05:46:02-05:00,PUR_IED_LaMerced_206_66ebd,PUR_IED_LaMerced_206_66ebd,,,,,
2026-09-12T05:46:02-05:00,PUR_IED_LaMerced_207_6ebd6,PUR_IED_LaMerced_207_6ebd6,,,,,
2026-09-12T05:46:02-05:00,PUR_IED_LaMerced_ext_304311,PUR_IED_LaMerced_ext_304311,,,,,
2026-09-12T05:46:02-05:00,PUR_IED_Laureano_CiencNat_281e5e,PUR_IED_Laureano_CiencNat_281e5e,,,,,
2026-09-12T05:46:02-05:00,PUR_IED_Laureano_Comedor_f65c0a,PUR_IED_Laureano_Comedor_f65c0a,,,,,
2026-09-12T05:46:02-05:00,PUR_IED_Laureano_Exterior_7ab011,PUR_IED_Laureano_Exterior_7ab011,,,,,
2026-09-12T05:46:02-05:00,PUR_IED_LeonGreiff_Exte_dfe560,PUR_IED_LeonGreiff_Exte_dfe560,,,,,
2026-09-12T05:46:02-05:00,PUR_IED_LeonGreiff_S210_f264ed,PUR_IED_LeonGreiff_S210_f264ed,,,,,
2026-09-12T05:46:02-05:00,PUR_IED_LeonGreiff_SQuimi_e8296f,PUR_IED_LeonGreiff_SQuimi_e8296f,,,,,
2026-09-12T05:46:02-05:00,PUR_IED_LlanoOrientalS208_7b9fcd,PUR_IED_LlanoOrientalS208_7b9fcd,,,,,
2026-09-12T05:46:02-05:00,PUR_IED_LlanoOriental_Ext_fb3766,PUR_IED_LlanoOriental_Ext_fb3766,,,,,
2026-09-12T05:46:02-05:00,PUR_IED_LlanoOriental_S208_7b9fcd,PUR_IED_LlanoOriental_S208_7b9fcd,,,,,
2026-09-12T05:46:02-05:00,PUR_IED_LlanoOriental_S9_27b378,PUR_IED_LlanoOriental_S9_27b378,,,,,
2026-09-12T05:46:02-05:00,PUR_IED_LosTejares_1101_477602,PUR_IED_LosTejares_1101_477602,,,,,
2026-09-12T05:46:02-05:00,PUR_IED_LosTejares_11_d2c595,PUR_IED_LosTejares_11_d2c595,,,,,
2026-09-12T05:46:02-05:00,PUR_IED_LosTejares_12_477602,PUR_IED_LosTejares_12_477602,,,,,
2026-09-12T05:46:02-05:00,PUR_IED_LosTejares_Ext_8e2115,PUR_IED_LosTejares_Ext_8e2115,,,,,
2026-09-12T05:46:02-05:00,PUR_IED_MagdalenaO_B202_5ddda3,PUR_IED_MagdalenaO_B202_5ddda3,,,,,
2026-09-12T05:46:02-05:00,PUR_IED_MagdalenaO_B205_fb76e8,PUR_IED_MagdalenaO_B205_fb76e8,,,,,
2026-09-12T05:46:02-05:00,PUR_IED_MagdalenaO_ext_dc69cd,PUR_IED_MagdalenaO_ext_dc69cd,,,,,
2026-09-12T05:46:02-05:00,PUR_IED_ManueCepeda_artes_eee956,PUR_IED_ManueCepeda_artes_eee956,,,,,
2026-09-12T05:46:02-05:00,PUR_IED_ManuelCepeda_Ext_58313,PUR_IED_ManuelCepeda_Ext_58313,,,,,
2026-09-12T05:46:02-05:00,PUR_IED_ManuelCepeda_tec_1c5731,PUR_IED_ManuelCepeda_tec_1c5731,,,,,
2026-09-12T05:46:02-05:00,PUR_IED_ManuelS_Exterior_5b269,PUR_IED_ManuelS_Exterior_5b269,,,,,
2026-09-12T05:46:02-05:00,PUR_IED_ManuelS_Inform_f369ce,PUR_IED_ManuelS_Inform_f369ce,,,,,
2026-09-12T05:46:02-05:00,PUR_IED_ManuelS_SArtes_7d15f1,PUR_IED_ManuelS_SArtes_7d15f1,,,,,
2026-09-12T05:46:02-05:00,PUR_IED_ManuelZapata_303_3ca6,PUR_IED_ManuelZapata_303_3ca6,,,,,
2026-09-12T05:46:02-05:00,PUR_IED_ManuelZapata_311_bfbabc,PUR_IED_ManuelZapata_311_bfbabc,,,,,
2026-09-12T05:46:02-05:00,PUR_IED_ManuelZapata_Ext_50824a,PUR_IED_ManuelZapata_Ext_50824a,,,,,
2026-09-12T05:46:02-05:00,PUR_IED_ManuelitaS_Exteri_656a92,PUR_IED_ManuelitaS_Exteri_656a92,,,,,
2026-09-12T05:46:02-05:00,PUR_IED_ManuelitaS_JuzgDe_f58ec3,PUR_IED_ManuelitaS_JuzgDe_f58ec3,,,,,
2026-09-12T05:46:02-05:00,PUR_IED_ManuelitaS_Recrea_d793db,PUR_IED_ManuelitaS_Recrea_d793db,,,,,
2026-09-12T05:46:02-05:00,PUR_IED_MarFidSuarez_Ext_c27b19,PUR_IED_MarFidSuarez_Ext_c27b19,,,,,
2026-09-12T05:46:02-05:00,PUR_IED_MarFidSuarez_Info_e384d7,PUR_IED_MarFidSuarez_Info_e384d7,,,,,
2026-09-12T05:46:02-05:00,PUR_IED_MarFidSuarez_S306_1d0032,PUR_IED_MarFidSuarez_S306_1d0032,,,,,
2026-09-12T05:46:02-05:00,PUR_IED_Menorah_301_2a25a3,PUR_IED_Menorah_301_2a25a3,,,,,
2026-09-12T05:46:02-05:00,PUR_IED_Menorah_306_37ed3,PUR_IED_Menorah_306_37ed3,,,,,
2026-09-12T05:46:02-05:00,PUR_IED_Menorah_Ext_3e155b,PUR_IED_Menorah_Ext_3e155b,,,,,
2026-09-12T05:46:02-05:00,PUR_IED_MinutoB.Aires_A11_1b1604,PUR_IED_MinutoB.Aires_A11_1b1604,,,,,
2026-09-12T05:46:02-05:00,PUR_IED_MinutoB.Aires_A12_fb5860,PUR_IED_MinutoB.Aires_A12_fb5860,,,,,
2026-09-12T05:46:02-05:00,PUR_IED_MinutoB.Aires_Ext_81293f,PUR_IED_MinutoB.Aires_Ext_81293f,,,,,
2026-09-12T05:46:02-05:00,PUR_IED_MinutoBAires_A11_1b1604,PUR_IED_MinutoBAires_A11_1b1604,,,,,
2026-09-12T05:46:02-05:00,PUR_IED_MinutoBAires_A12_fb5860,PUR_IED_MinutoBAires_A12_fb5860,,,,,
2026-09-12T05:46:02-05:00,PUR_IED_MinutoBAires_Ext_81293f,PUR_IED_MinutoBAires_Ext_81293f,,,,,
2026-09-12T05:46:02-05:00,PUR_IED_Montreal_Aula10_1e4959,PUR_IED_Montreal_Aula10_1e4959,,,,,
2026-09-12T05:46:02-05:00,PUR_IED_Montreal_Aula6_300367,PUR_IED_Montreal_Aula6_300367,,,,,
2026-09-12T05:46:02-05:00,PUR_IED_Montreal_Exterior_91a179,PUR_IED_Montreal_Exterior_91a179,,,,,
2026-09-12T05:46:02-05:00,PUR_IED_Mqgdalena_B202_5ddda3,PUR_IED_Mqgdalena_B202_5ddda3,,,,,
2026-09-12T05:46:02-05:00,PUR_IED_NACUND_Soc_dc8728,PUR_IED_NACUND_Soc_dc8728,,,,,
2026-09-12T05:46:02-05:00,PUR_IED_NACUND_ext_27ad97,PUR_IED_NACUND_ext_27ad97,,,,,
2026-09-12T05:46:02-05:00,PUR_IED_NEsperanza_Ext_d24b61,PUR_IED_NEsperanza_Ext_d24b61,,,,,
2026-09-12T05:46:02-05:00,PUR_IED_NEsperanza_SElect_7d1807,PUR_IED_NEsperanza_SElect_7d1807,,,,,
2026-09-12T05:46:02-05:00,PUR_IED_NEsperanza_SLabor_8b2d0a,PUR_IED_NEsperanza_SLabor_8b2d0a,,,,,
2026-09-12T05:46:02-05:00,PUR_IED_NacionesU_Ext_f661a9,PUR_IED_NacionesU_Ext_f661a9,,,,,
2026-09-12T05:46:02-05:00,PUR_IED_NacionesU_Quimica_66f0a,PUR_IED_NacionesU_Quimica_66f0a,,,,,
2026-09-12T05:46:02-05:00,PUR_IED_NacionesU_S306_1b4b3d,PUR_IED_NacionesU_S306_1b4b3d,,,,,
2026-09-12T05:46:02-05:00,PUR_IED_NestorFA_Ext_e4201c,PUR_IED_NestorFA_Ext_e4201c,,,,,
2026-09-12T05:46:02-05:00,PUR_IED_NestorFA_Laborato_f22fe0,PUR_IED_NestorFA_Laborato_f22fe0,,,,,
2026-09-12T05:46:02-05:00,PUR_IED_NestorFA_S204_dee996,PUR_IED_NestorFA_S204_dee996,,,,,
2026-09-12T05:46:02-05:00,PUR_IED_NidyaQT_Aula03_76999b,PUR_IED_NidyaQT_Aula03_76999b,,,,,
2026-09-12T05:46:02-05:00,PUR_IED_NidyaQT_Aula10_56325,PUR_IED_NidyaQT_Aula10_56325,,,,,
2026-09-12T05:46:02-05:00,PUR_IED_NidyaQT_Ext_46e32d,PUR_IED_NidyaQT_Ext_46e32d,,,,,
2026-09-12T05:46:02-05:00,PUR_IED_NuevaCol_Exterior_d9b859,PUR_IED_NuevaCol_Exterior_d9b859,,,,,
2026-09-12T05:46:02-05:00,PUR_IED_NuevaCol_S1101_76c43b,PUR_IED_NuevaCol_S1101_76c43b,,,,,
2026-09-12T05:46:02-05:00,PUR_IED_NuevaCol_S1102_1ce0b5,PUR_IED_NuevaCol_S1102_1ce0b5,,,,,
2026-09-12T05:46:02-05:00,PUR_IED_OEA_A202_f7e3f2,PUR_IED_OEA_A202_f7e3f2,,,,,
2026-09-12T05:46:02-05:00,PUR_IED_OEA_A203_7d1b8d,PUR_IED_OEA_A203_7d1b8d,,,,,
2026-09-12T05:46:02-05:00,PUR_IED_OEA_Ext_27b593,PUR_IED_OEA_Ext_27b593,,,,,
2026-09-12T05:46:02-05:00,PUR_IED_Ochoa_Ext_1c29da,PUR_IED_Ochoa_Ext_1c29da,,,,,
2026-09-12T05:46:02-05:00,PUR_IED_Ochoa_S205_8b1121,PUR_IED_Ochoa_S205_8b1121,,,,,
2026-09-12T05:46:02-05:00,PUR_IED_Ochoa_Sistemas_f33af6,PUR_IED_Ochoa_Sistemas_f33af6,,,,,
2026-09-12T05:46:02-05:00,PUR_IED_PQuebec_Ext_1c67c7,PUR_IED_PQuebec_Ext_1c67c7,,,,,
2026-09-12T05:46:02-05:00,PUR_IED_PQuebec_S15_23e8e2,PUR_IED_PQuebec_S15_23e8e2,,,,,
2026-09-12T05:46:02-05:00,PUR_IED_PQuebec_S16_8ec76b,PUR_IED_PQuebec_S16_8ec76b,,,,,
2026-09-12T05:46:02-05:00,PUR_IED_PabloN_Ext_49dc96,PUR_IED_PabloN_Ext_49dc96,,,,,
2026-09-12T05:46:02-05:00,PUR_IED_PabloN_S1102_4e3df5,PUR_IED_PabloN_S1102_4e3df5,,,,,
2026-09-12T05:46:02-05:00,PUR_IED_PabloN_S1103_50c94b,PUR_IED_PabloN_S1103_50c94b,,,,,
2026-09-12T05:46:02-05:00,PUR_IED_Palestina_S1101_db9198,PUR_IED_Palestina_S1101_db9198,,,,,
2026-09-12T05:46:02-05:00,PUR_IED_Palestina_S1102_dc54fa,PUR_IED_Palestina_S1102_dc54fa,,,,,
2026-09-12T05:46:02-05:00,PUR_IED_Palestina_ext_4ccce6,PUR_IED_Palestina_ext_4ccce6,,,,,
2026-09-12T05:46:02-05:00,PUR_IED_Panama_Fisica_4d0794,PUR_IED_Panama_Fisica_4d0794,,,,,
2026-09-12T05:46:02-05:00,PUR_IED_Panama_SIngles_a4077e,PUR_IED_Panama_SIngles_a4077e,,,,,
2026-09-12T05:46:02-05:00,PUR_IED_Panama_ext_4c54b4,PUR_IED_Panama_ext_4c54b4,,,,,
2026-09-12T05:46:02-05:00,PUR_IED_ParaisoM_Exterior_8cd7f0,PUR_IED_ParaisoM_Exterior_8cd7f0,,,,,
2026-09-12T05:46:02-05:00,PUR_IED_ParaisoM_Laborato_27af35,PUR_IED_ParaisoM_Laborato_27af35,,,,,
2026-09-12T05:46:02-05:00,PUR_IED_ParaisoM_S304_d1edca,PUR_IED_ParaisoM_S304_d1edca,,,,,
2026-09-12T05:46:02-05:00,PUR_IED_PorfirioBarba_Ext_301466,PUR_IED_PorfirioBarba_Ext_301466,,,,,
2026-09-12T05:46:02-05:00,PUR_IED_PorfirioBarba_S11_df6cd2,PUR_IED_PorfirioBarba_S11_df6cd2,,,,,
2026-09-12T05:46:02-05:00,PUR_IED_PorfirioBarba_S29_27a7d6,PUR_IED_PorfirioBarba_S29_27a7d6,,,,,
2026-09-12T05:46:02-05:00,PUR_IED_PradoV_Exter_8b27ad,PUR_IED_PradoV_Exter_8b27ad,,,,,
2026-09-12T05:46:02-05:00,PUR_IED_PradoV_S301_de65b5,PUR_IED_PradoV_S301_de65b5,,,,,
2026-09-12T05:46:02-05:00,PUR_IED_PradoV_S302_7d2593,PUR_IED_PradoV_S302_7d2593,,,,,
2026-09-12T05:46:02-05:00,PUR_IED_QuirogaAlz_Ext_1ddc82,PUR_IED_QuirogaAlz_Ext_1ddc82,,,,,
2026-09-12T05:46:02-05:00,PUR_IED_QuirogaAlz_S302_9926a3,PUR_IED_QuirogaAlz_S302_9926a3,,,,,
2026-09-12T05:46:02-05:00,PUR_IED_QuirogaAlz_S305_cdf1f1,PUR_IED_QuirogaAlz_S305_cdf1f1,,,,,
2026-09-12T05:46:02-05:00,PUR_IED_RGuatemala_Biling_dc53b7,PUR_IED_RGuatemala_Biling_dc53b7,,,,,
2026-09-12T05:46:02-05:00,PUR_IED_RGuatemala_Ext_1b89a3,PUR_IED_RGuatemala_Ext_1b89a3,,,,,
2026-09-12T05:46:02-05:00,PUR_IED_RGuatemala_Tecnol_281a34,PUR_IED_RGuatemala_Tecnol_281a34,,,,,
2026-09-12T05:46:02-05:00,PUR_IED_RafaNu_Ext_f7c302,PUR_IED_RafaNu_Ext_f7c302,,,,,
2026-09-12T05:46:02-05:00,PUR_IED_RafaNu_S1101_25fde,PUR_IED_RafaNu_S1101_25fde,,,,,
2026-09-12T05:46:02-05:00,PUR_IED_RafaNu_S1102_281517,PUR_IED_RafaNu_S1102_281517,,,,,
2026-09-12T05:46:02-05:00,PUR_IED_RafaelB_S305_ee2783,PUR_IED_RafaelB_S305_ee2783,,,,,
2026-09-12T05:46:02-05:00,PUR_IED_RafaelB_S306_75fe33,PUR_IED_RafaelB_S306_75fe33,,,,,
2026-09-12T05:46:02-05:00,PUR_IED_RafaelB_ext_283336,PUR_IED_RafaelB_ext_283336,2,18,61,4.6722,-74.0737
2026-09-12T05:46:02-05:00,PUR_IED_RafaelUU_Exterior_281a51,PUR_IED_RafaelUU_Exterior_281a51,,,,,
2026-09-12T05:46:02-05:00,PUR_IED_RafaelUU_Human_806b2,PUR_IED_RafaelUU_Human_806b2,,,,,
2026-09-12T05:46:02-05:00,PUR_IED_RafaelUU_Mate2_5680d4,PUR_IED_RafaelUU_Mate2_5680d4,,,,,
2026-09-12T05:46:02-05:00,PUR_IED_RamonSub_Ext_f9eeb9,PUR_IED_RamonSub_Ext_f9eeb9,,,,,
2026-09-12T05:46:02-05:00,PUR_IED_RamonSub_Media_d1f62f,PUR_IED_RamonSub_Media_d1f62f,,,,,
2026-09-12T05:46:02-05:00,PUR_IED_RamonSub_planta_51b82,PUR_IED_RamonSub_planta_51b82,,,,,
2026-09-12T05:46:02-05:00,PUR_IED_RepBoliVene_Exter_27af7c,PUR_IED_RepBoliVene_Exter_27af7c,,,,,
2026-09-12T05:46:02-05:00,PUR_IED_RepBoliVene_SCPT_5ae2ee,PUR_IED_RepBoliVene_SCPT_5ae2ee,,,,,
2026-09-12T05:46:02-05:00,PUR_IED_RepBoliVene_Socia_4b11d5,PUR_IED_RepBoliVene_Socia_4b11d5,,,,,
2026-09-12T05:46:02-05:00,PUR_IED_RepChina_Ext_76d9ee,PUR_IED_RepChina_Ext_76d9ee,,,,,
2026-09-12T05:46:02-05:00,PUR_IED_RepChina_S404_7c804c,PUR_IED_RepChina_S404_7c804c,,,,,
2026-09-12T05:46:02-05:00,PUR_IED_RepChina_S405_df2c33,PUR_IED_RepChina_S405_df2c33,,,,,
2026-09-12T05:46:02-05:00,PUR_IED_RepublicaC_Exteri_7d1ec9,PUR_IED_RepublicaC_Exteri_7d1ec9,,,,,
2026-09-12T05:46:02-05:00,PUR_IED_RepublicaC_S1101_f544b3,PUR_IED_RepublicaC_S1101_f544b3,,,,,
2026-09-12T05:46:02-05:00,PUR_IED_RepublicaC_S1102_7aafc7,PUR_IED_RepublicaC_S1102_7aafc7,,,,,
2026-09-12T05:46:02-05:00,PUR_IED_Ricaurte_Externo_a0ea1,PUR_IED_Ricaurte_Externo_a0ea1,,,,,
2026-09-12T05:46:02-05:00,PUR_IED_Ricaurte_S210_f546fd,PUR_IED_Ricaurte_S210_f546fd,,,,,
2026-09-12T05:46:02-05:00,PUR_IED_Ricaurte_S309_d4452,PUR_IED_Ricaurte_S309_d4452,,,,,
2026-09-12T05:46:02-05:00,PUR_IED_RogelioS_1102_531e69,PUR_IED_RogelioS_1102_531e69,,,,,
2026-09-12T05:46:02-05:00,PUR_IED_RogelioS_Ext_f25a18,PUR_IED_RogelioS_Ext_f25a18,,,,,
2026-09-12T05:46:02-05:00,PUR_IED_SBernardino_Ext_27aff8,PUR_IED_SBernardino_Ext_27aff8,,,,,
2026-09-12T05:46:02-05:00,PUR_IED_SBernardino_SArte_2ffd33,PUR_IED_SBernardino_SArte_2ffd33,,,,,
2026-09-12T05:46:02-05:00,PUR_IED_SBernardino_SIngl_7c7da5,PUR_IED_SBernardino_SIngl_7c7da5,,,,,
2026-09-12T05:46:02-05:00,PUR_IED_Sago_auditorio_dc9d1d,PUR_IED_Sago_auditorio_dc9d1d,,,,,
2026-09-12T05:46:02-05:00,PUR_IED_Saludcoop_Ext_95aac3,PUR_IED_Saludcoop_Ext_95aac3,,,,,
2026-09-12T05:46:02-05:00,PUR_IED_Saludcoop_InfI_90c854,PUR_IED_Saludcoop_InfI_90c854,,,,,
2026-09-12T05:46:02-05:00,PUR_IED_Saludcoop_SMedia_1b93be,PUR_IED_Saludcoop_SMedia_1b93be,,,,,
2026-09-12T05:46:02-05:00,PUR_IED_SanCarlos_1101_1a2360,PUR_IED_SanCarlos_1101_1a2360,,,,,
2026-09-12T05:46:02-05:00,PUR_IED_SanCarlos_1103_7bafb5,PUR_IED_SanCarlos_1103_7bafb5,,,,,
2026-09-12T05:46:02-05:00,PUR_IED_SanCarlos_Ext_b7cd1,PUR_IED_SanCarlos_Ext_b7cd1,,,,,
2026-09-12T05:46:02-05:00,PUR_IED_SanIgnacioBosa11a_50c26e,PUR_IED_SanIgnacioBosa11a_50c26e,,,,,
2026-09-12T05:46:02-05:00,PUR_IED_SanIgnacioBosa11b_371de8,PUR_IED_SanIgnacioBosa11b_371de8,,,,,
2026-09-12T05:46:02-05:00,PUR_IED_SanIgnacioBosaExt_ef0ffc,PUR_IED_SanIgnacioBosaExt_ef0ffc,,,,,
2026-09-12T05:46:02-05:00,PUR_IED_SanIgnacioBosa_11a_50c26e,PUR_IED_SanIgnacioBosa_11a_50c26e,,,,,
2026-09-12T05:46:02-05:00,PUR_IED_SanIgnacioBosa_Ext_ef0ffc,PUR_IED_SanIgnacioBosa_Ext_ef0ffc,,,,,
2026-09-12T05:46:02-05:00,PUR_IED_SanJoseN_intS1101_31c47f,PUR_IED_SanJoseN_intS1101_31c47f,,,,,
2026-09-12T05:46:02-05:00,PUR_IED_SanJoseUsm_Exter_f5d7e8,PUR_IED_SanJoseUsm_Exter_f5d7e8,,,,,
2026-09-12T05:46:02-05:00,PUR_IED_SanJoseUsm_Int11A_cfdef6,PUR_IED_SanJoseUsm_Int11A_cfdef6,,,,,
2026-09-12T05:46:02-05:00,PUR_IED_SilveriaR_IntB5_905349,PUR_IED_SilveriaR_IntB5_905349,,,,,
2026-09-12T05:46:02-05:00,PUR_IED_SilveriaR_IntSD14_981f93,PUR_IED_SilveriaR_IntSD14_981f93,,,,,
2026-09-12T05:46:02-05:00,PUR_IED_SilveriaR_ext_2b651d,PUR_IED_SilveriaR_ext_2b651d,,,,,
2026-09-12T05:46:02-05:00,PUR_IED_SimonB_Exterior_913975,PUR_IED_SimonB_Exterior_913975,,,,,
2026-09-12T05:46:02-05:00,PUR_IED_SimonB_LabQuimi_c56908,PUR_IED_SimonB_LabQuimi_c56908,,,,,
2026-09-12T05:46:02-05:00,PUR_IED_SimonB_informatic_a28c1,PUR_IED_SimonB_informatic_a28c1,,,,,
2026-09-12T05:46:02-05:00,PUR_IED_Sorrento_1102_315f50,PUR_IED_Sorrento_1102_315f50,,,,,
2026-09-12T05:46:02-05:00,PUR_IED_Sorrento_Minte_214eab,PUR_IED_Sorrento_Minte_214eab,,,,,
2026-09-12T05:46:02-05:00,PUR_IED_Sorrento_ext_7c3a0a,PUR_IED_Sorrento_ext_7c3a0a,,,,,
2026-09-12T05:46:02-05:00,PUR_IED_Tabora_Ext_f048ae,PUR_IED_Tabora_Ext_f048ae,,,,,
2026-09-12T05:46:02-05:00,PUR_IED_Tabora_S1102_b07752,PUR_IED_Tabora_S1102_b07752,,,,,
2026-09-12T05:46:02-05:00,PUR_IED_Tabora_S1103_d988f5,PUR_IED_Tabora_S1103_d988f5,,,,,
2026-09-12T05:46:02-05:00,PUR_IED_Tenerife_Ext_1ab188,PUR_IED_Tenerife_Ext_1ab188,,,,,
2026-09-12T05:46:02-05:00,PUR_IED_Tenerife_SDanzas_7bc02e,PUR_IED_Tenerife_SDanzas_7bc02e,,,,,
2026-09-12T05:46:02-05:00,PUR_IED_Tenerife_SIngles_7cc277,PUR_IED_Tenerife_SIngles_7cc277,,,,,
2026-09-12T05:46:02-05:00,PUR_IED_Tibabuyes_Exter_f2683d,PUR_IED_Tibabuyes_Exter_f2683d,,,,,
2026-09-12T05:46:02-05:00,PUR_IED_Tibabuyes_S10_dc87a8,PUR_IED_Tibabuyes_S10_dc87a8,,,,,
2026-09-12T05:46:02-05:00,PUR_IED_Tibabuyes_S15_dc0526,PUR_IED_Tibabuyes_S15_dc0526,,,,,
2026-09-12T05:46:02-05:00,PUR_IED_UnionE_S301_a1043,PUR_IED_UnionE_S301_a1043,,,,,
2026-09-12T05:46:02-05:00,PUR_IED_UnionE_S307_ff6c2f,PUR_IED_UnionE_S307_ff6c2f,,,,,
2026-09-12T05:46:02-05:00,PUR_IED_UnionE__Ext_5e2468,PUR_IED_UnionE__Ext_5e2468,,,,,
2026-09-12T05:46:02-05:00,PUR_IED_VillaRica_Ext_75be7c,PUR_IED_VillaRica_Ext_75be7c,,,,,
2026-09-12T05:46:02-05:00,PUR_IED_VillaRica_S4_cc5dcd,PUR_IED_VillaRica_S4_cc5dcd,,,,,
2026-09-12T05:46:02-05:00,PUR_IED_VillaRica_Sesp_99f5c,PUR_IED_VillaRica_Sesp_99f5c,,,,,
2026-09-12T05:51:08-05:00,PUR_IED_20deJulio_1101_91b1b9,PUR_IED_20deJulio_1101_91b1b9,,,,,
2026-09-12T05:51:08-05:00,PUR_IED_20deJulio_1102_1cfcf9,PUR_IED_20deJulio_1102_1cfcf9,,,,,
2026-09-12T05:51:08-05:00,PUR_IED_20deJulio_Ext_ab60bd,PUR_IED_20deJulio_Ext_ab60bd,,,,,
2026-09-12T05:51:08-05:00,PUR_IED_AgustinFer_Ext_7b9b77,PUR_IED_AgustinFer_Ext_7b9b77,,,,,
2026-09-12T05:51:08-05:00,PUR_IED_AgustinFer_Info2_27b3a7,PUR_IED_AgustinFer_Info2_27b3a7,,,,,
2026-09-12T05:51:08-05:00,PUR_IED_AgustinFer_Sena_54b4eb,PUR_IED_AgustinFer_Sena_54b4eb,,,,,
2026-09-12T05:51:08-05:00,PUR_IED_AlexanderF_1102_caf07b,PUR_IED_AlexanderF_1102_caf07b,,,,,
2026-09-12T05:51:08-05:00,PUR_IED_AlexanderF_1103_c79e71,PUR_IED_AlexanderF_1103_c79e71,,,,,
2026-09-12T05:51:08-05:00,PUR_IED_AlexanderF_Ext_c5b18b,PUR_IED_AlexanderF_Ext_c5b18b,,,,,
2026-09-12T05:51:08-05:00,PUR_IED_AlfonsoLopez_Ext_281d77,PUR_IED_AlfonsoLopez_Ext_281d77,,,,,
2026-09-12T05:51:08-05:00,PUR_IED_AlfonsoLopez_LabF_888ce0,PUR_IED_AlfonsoLopez_LabF_888ce0,,,,,
2026-09-12T05:51:08-05:00,PUR_IED_AlfonsoLopez_SMed_df6a7f,PUR_IED_AlfonsoLopez_SMed_df6a7f,,,,,
2026-09-12T05:51:08-05:00,PUR_IED_AltamiraSO_A2_209f92,PUR_IED_AltamiraSO_A2_209f92,,,,,
2026-09-12T05:51:08-05:00,PUR_IED_AltamiraSO_Ext_186d66,PUR_IED_AltamiraSO_Ext_186d66,,,,,
2026-09-12T05:51:08-05:00,PUR_IED_AltamiraSO_Sistem_27afe1,PUR_IED_AltamiraSO_Sistem_27afe1,,,,,
2026-09-12T05:51:08-05:00,PUR_IED_AlvaroGom_LabQuim_813179,PUR_IED_AlvaroGom_LabQuim_813179,,,,,
2026-09-12T05:51:08-05:00,PUR_IED_AlvaroGomez_Ext_47c7ca,PUR_IED_AlvaroGomez_Ext_47c7ca,,,,,
2026-09-12T05:51:08-05:00,PUR_IED_AlvaroGomez_LabQuim_813179,PUR_IED_AlvaroGomez_LabQuim_813179,,,,,
2026-09-12T05:51:08-05:00,PUR_IED_AlvaroGomez_S23_7ba89f,PUR_IED_AlvaroGomez_S23_7ba89f,,,,,
2026-09-12T05:51:08-05:00,PUR_IED_Amistad_306_dc8728,PUR_IED_Amistad_306_dc8728,,,,,
2026-09-12T05:51:08-05:00,PUR_IED_Amistad_Ext_8cd55e,PUR_IED_Amistad_Ext_8cd55e,,,,,
2026-09-12T05:51:08-05:00,PUR_IED_Amistad_S202_a41169,PUR_IED_Amistad_S202_a41169,,,,,
2026-09-12T05:51:08-05:00,PUR_IED_AndresBello_Bio_fd5f5e,PUR_IED_AndresBello_Bio_fd5f5e,,,,,
2026-09-12T05:51:08-05:00,PUR_IED_AndresBello_ext_dcad65,PUR_IED_AndresBello_ext_dcad65,,,,,
2026-09-12T05:51:08-05:00,PUR_IED_AndresBello_port_eed3ec,PUR_IED_AndresBello_port_eed3ec,,,,,
2026-09-12T05:51:08-05:00,PUR_IED_AngelaR_11b_d90a6b,PUR_IED_AngelaR_11b_d90a6b,,,,,
2026-09-12T05:51:08-05:00,PUR_IED_AngelaR_ext_7cad3e,PUR_IED_AngelaR_ext_7cad3e,5,17,67,4.5825,-74.164497
2026-09-12T05:51:08-05:00,PUR_IED_AntJoseSucre_10mo_df2575,PUR_IED_AntJoseSucre_10mo_df2575,,,,,
2026-09-12T05:51:08-05:00,PUR_IED_AntJoseSucre_Ext_215b36,PUR_IED_AntJoseSucre_Ext_215b36,,,,,
2026-09-12T05:51:08-05:00,PUR_IED_AntJoseSucre_Lab_3139de,PUR_IED_AntJoseSucre_Lab_3139de,,,,,
2026-09-12T05:51:08-05:00,PUR_IED_AntonioGarcia_301_d6b188,PUR_IED_AntonioGarcia_301_d6b188,,,,,
2026-09-12T05:51:08-05:00,PUR_IED_AntonioGarcia_302_88a82,PUR_IED_AntonioGarcia_302_88a82,,,,,
2026-09-12T05:51:08-05:00,PUR_IED_AntonioGarcia_Ext_20950c,PUR_IED_AntonioGarcia_Ext_20950c,,,,,
2026-09-12T05:51:08-05:00,PUR_IED_AntonioVan_Aula2_6dea02,PUR_IED_AntonioVan_Aula2_6dea02,,,,,
2026-09-12T05:51:08-05:00,PUR_IED_AntonioVan_Aula5_f1557e,PUR_IED_AntonioVan_Aula5_f1557e,,,,,
2026-09-12T05:51:08-05:00,PUR_IED_AntonioVan_Ext_406f2f,PUR_IED_AntonioVan_Ext_406f2f,,,,,
2026-09-12T05:51:08-05:00,PUR_IED_Atabanzha_Ext_cc5af9,PUR_IED_Atabanzha_Ext_cc5af9,,,,,
2026-09-12T05:51:08-05:00,PUR_IED_Atabanzha_SA101_56c37,PUR_IED_Atabanzha_SA101_56c37,,,,,
2026-09-12T05:51:08-05:00,PUR_IED_Atabanzha_SB302_27b374,PUR_IED_Atabanzha_SB302_27b374,,,,,
2026-09-12T05:51:08-05:00,PUR_IED_Atahualpa_Ext_fc1748,PUR_IED_Atahualpa_Ext_fc1748,,,,,
2026-09-12T05:51:08-05:00,PUR_IED_Atahualpa_Informa_dc9a95,PUR_IED_Atahualpa_Informa_dc9a95,,,,,
2026-09-12T05:51:08-05:00,PUR_IED_Atahualpa_S1101_f98056,PUR_IED_Atahualpa_S1101_f98056,,,,,
2026-09-12T05:51:08-05:00,PUR_IED_Bellavista_Ext_f5aa74,PUR_IED_Bellavista_Ext_f5aa74,,,,,
2026-09-12T05:51:08-05:00,PUR_IED_Bilbao_11A_916c41,PUR_IED_Bilbao_11A_916c41,,,,,
2026-09-12T05:51:08-05:00,PUR_IED_Bilbao_Ext_fb579a,PUR_IED_Bilbao_Ext_fb579a,,,,,
2026-09-12T05:51:08-05:00,PUR_IED_BrasiliaU_A125_304280,PUR_IED_BrasiliaU_A125_304280,,,,,
2026-09-12T05:51:08-05:00,PUR_IED_BrasiliaU_A203_7c8ca5,PUR_IED_BrasiliaU_A203_7c8ca5,,,,,
2026-09-12T05:51:08-05:00,PUR_IED_BrasiliaU_Ext_8d6e9f,PUR_IED_BrasiliaU_Ext_8d6e9f,4,16,66,4.5175,-74.116302
2026-09-12T05:51:08-05:00,PUR_IED_Brasilia_Ext_fe6593,PUR_IED_Brasilia_Ext_fe6593,,,,,
2026-09-12T05:51:08-05:00,PUR_IED_Brasilia_S24_7c130d,PUR_IED_Brasilia_S24_7c130d,,,,,
2026-09-12T05:51:08-05:00,PUR_IED_Brasilia_S501_186a54,PUR_IED_Brasilia_S501_186a54,,,,,
2026-09-12T05:51:08-05:00,PUR_IED_CHARRY_EXT_f1d5cd,PUR_IED_CHARRY_EXT_f1d5cd,,,,,
2026-09-12T05:51:08-05:00,PUR_IED_CHARRY_INTDANZAS_7a08e6,PUR_IED_CHARRY_INTDANZAS_7a08e6,,,,,
2026-09-12T05:51:08-05:00,PUR_IED_CHARRY_INT_AULA20_dc998d,PUR_IED_CHARRY_INT_AULA20_dc998d,,,,,
2026-09-12T05:51:08-05:00,PUR_IED_COLVIV_1101_S25_7f520a,PUR_IED_COLVIV_1101_S25_7f520a,,,,,
2026-09-12T05:51:08-05:00,PUR_IED_COLVIV_1102_S16_f570ba,PUR_IED_COLVIV_1102_S16_f570ba,,,,,
2026-09-12T05:51:08-05:00,PUR_IED_COLVIV_Ext_1a26fa,PUR_IED_COLVIV_Ext_1a26fa,,,,,
2026-09-12T05:51:08-05:00,PUR_IED_CULPOP_301A_f660f3,PUR_IED_CULPOP_301A_f660f3,,,,,
2026-09-12T05:51:08-05:00,PUR_IED_CULPOP_303_568afe,PUR_IED_CULPOP_303_568afe,,,,,
2026-09-12T05:51:08-05:00,PUR_IED_CULPOP_Ext_e02ccb,PUR_IED_CULPOP_Ext_e02ccb,,,,,
2026-09-12T05:51:08-05:00,PUR_IED_CVillavicen_Ext_26eb58,PUR_IED_CVillavicen_Ext_26eb58,7,13,83,4.487,-74.102798
2026-09-12T05:51:08-05:00,PUR_IED_CVillavicen_Intel_1ce5c2,PUR_IED_CVillavicen_Intel_1ce5c2,,,,,
2026-09-12T05:51:08-05:00,PUR_IED_CVillavicen_Poliv_e0766c,PUR_IED_CVillavicen_Poliv_e0766c,,,,,
2026-09-12T05:51:08-05:00,PUR_IED_CVillavicen_int_1ba140,PUR_IED_CVillavicen_int_1ba140,,,,,
2026-09-12T05:51:08-05:00,PUR_IED_CVillavicen_intel_1ba140,PUR_IED_CVillavicen_intel_1ba140,,,,,
2026-09-12T05:51:08-05:00,PUR_IED_CarlosPizarro_Ext_e307cc,PUR_IED_CarlosPizarro_Ext_e307cc,,,,,
2026-09-12T05:51:08-05:00,PUR_IED_CarlosPizarro_L36_7e5cdb,PUR_IED_CarlosPizarro_L36_7e5cdb,,,,,
2026-09-12T05:51:08-05:00,PUR_IED_CarlosPizarro_L37_c8566c,PUR_IED_CarlosPizarro_L37_c8566c,,,,,
2026-09-12T05:51:08-05:00,PUR_IED_Castilla_Ext_cf35f,PUR_IED_Castilla_Ext_cf35f,,,,,
2026-09-12T05:51:08-05:00,PUR_IED_Castilla_SFisik_360e38,PUR_IED_Castilla_SFisik_360e38,,,,,
2026-09-12T05:51:08-05:00,PUR_IED_Castilla_Sc304_496fbf,PUR_IED_Castilla_Sc304_496fbf,,,,,
2026-09-12T05:51:08-05:00,PUR_IED_CervantesSa_Ext_6b57b,PUR_IED_CervantesSa_Ext_6b57b,3,16,74,4.5128,-74.117203
2026-09-12T05:51:08-05:00,PUR_IED_CervantesSa_S107_225c2b,PUR_IED_CervantesSa_S107_225c2b,,,,,
2026-09-12T05:51:08-05:00,PUR_IED_CervantesSa_S108_940925,PUR_IED_CervantesSa_S108_940925,,,,,
2026-09-12T05:51:08-05:00,PUR_IED_Charry_A20_f53e7c,PUR_IED_Charry_A20_f53e7c,,,,,
2026-09-12T05:51:08-05:00,PUR_IED_Charry_Ext_f1d5cd,PUR_IED_Charry_Ext_f1d5cd,,,,,
2026-09-12T05:51:08-05:00,PUR_IED_Charry_IntAula20_dc998d,PUR_IED_Charry_IntAula20_dc998d,,,,,
2026-09-12T05:51:08-05:00,PUR_IED_Charry_IntDanzas_7a08e6,PUR_IED_Charry_IntDanzas_7a08e6,,,,,
2026-09-12T05:51:08-05:00,PUR_IED_ClememciaC_203_43e2fc,PUR_IED_ClememciaC_203_43e2fc,,,,,
2026-09-12T05:51:08-05:00,PUR_IED_ClememciaC_Ext_1b411a,PUR_IED_ClememciaC_Ext_1b411a,,,,,
2026-09-12T05:51:08-05:00,PUR_IED_ClememciaC_Quimic_44b5fc,PUR_IED_ClememciaC_Quimic_44b5fc,,,,,
2026-09-12T05:51:08-05:00,PUR_IED_ClemenciaC_203_43e2fc,PUR_IED_ClemenciaC_203_43e2fc,,,,,
2026-09-12T05:51:08-05:00,PUR_IED_ClemenciaC_Ext_1b411a,PUR_IED_ClemenciaC_Ext_1b411a,,,,,
2026-09-12T05:51:08-05:00,PUR_IED_ClemenciaC_Quimic_44b5fc,PUR_IED_ClemenciaC_Quimic_44b5fc,,,,,
2026-09-12T05:51:08-05:00,PUR_IED_ColViva_1101_S25_7f520a,PUR_IED_ColViva_1101_S25_7f520a,,,,,
2026-09-12T05:51:08-05:00,PUR_IED_ColViva_1102_S16_f570ba,PUR_IED_ColViva_1102_S16_f570ba,,,,,
2026-09-12T05:51:08-05:00,PUR_IED_ColViva_Ext_1a26fa,PUR_IED_ColViva_Ext_1a26fa,,,,,
2026-09-12T05:51:08-05:00,PUR_IED_ColegioBici_Asist_7c8798,PUR_IED_ColegioBici_Asist_7c8798,,,,,
2026-09-12T05:51:08-05:00,PUR_IED_ColegioBici_Ext_25cbf6,PUR_IED_ColegioBici_Ext_25cbf6,,,,,
2026-09-12T05:51:08-05:00,PUR_IED_ColegioBici_LabQ_7b57db,PUR_IED_ColegioBici_LabQ_7b57db,,,,,
2026-09-12T05:51:08-05:00,PUR_IED_CostaRica_Ext_5e640,PUR_IED_CostaRica_Ext_5e640,,,,,
2026-09-12T05:51:08-05:00,PUR_IED_CostaRica_Quim1_766d1c,PUR_IED_CostaRica_Quim1_766d1c,,,,,
2026-09-12T05:51:08-05:00,PUR_IED_CostaRica__Fisica_6f0873,PUR_IED_CostaRica__Fisica_6f0873,,,,,
2026-09-12T05:51:08-05:00,PUR_IED_CulPopu_301A_f660f3,PUR_IED_CulPopu_301A_f660f3,,,,,
2026-09-12T05:51:08-05:00,PUR_IED_CulPopu_303_568afe,PUR_IED_CulPopu_303_568afe,,,,,
2026-09-12T05:51:08-05:00,PUR_IED_CulPopu_Ext_e02ccb,PUR_IED_CulPopu_Ext_e02ccb,,,,,
2026-09-12T05:51:08-05:00,PUR_IED_Cundinamarca_Ext_f15985,PUR_IED_Cundinamarca_Ext_f15985,,,,,
2026-09-12T05:51:08-05:00,PUR_IED_Cundinamarca_Info_7aa5d7,PUR_IED_Cundinamarca_Info_7aa5d7,,,,,
2026-09-12T05:51:08-05:00,PUR_IED_Cundinamarca_Tec2_f449c7,PUR_IED_Cundinamarca_Tec2_f449c7,,,,,
2026-09-12T05:51:08-05:00,PUR_IED_DiegoM_Aula1_27b314,PUR_IED_DiegoM_Aula1_27b314,,,,,
2026-09-12T05:51:08-05:00,PUR_IED_DiegoM_Ext_d80ac8,PUR_IED_DiegoM_Ext_d80ac8,,,,,
2026-09-12T05:51:08-05:00,PUR_IED_DiegoM_S25_da928f,PUR_IED_DiegoM_S25_da928f,,,,,
2026-09-12T05:51:08-05:00,PUR_IED_ELRODEO_360881,PUR_IED_ELRODEO_360881,,,,,
2026-09-12T05:51:08-05:00,PUR_IED_ELRODEO_ext_360881,PUR_IED_ELRODEO_ext_360881,,,,,
2026-09-12T05:51:08-05:00,PUR_IED_EduardoU_Ext_1c1969,PUR_IED_EduardoU_Ext_1c1969,,,,,
2026-09-12T05:51:08-05:00,PUR_IED_EduardoU_SCiencia_4dfb94,PUR_IED_EduardoU_SCiencia_4dfb94,,,,,
2026-09-12T05:51:08-05:00,PUR_IED_EduardoU_SQuimica_5a46e7,PUR_IED_EduardoU_SQuimica_5a46e7,,,,,
2026-09-12T05:51:08-05:00,PUR_IED_ElRodeo_Aula14_676984,PUR_IED_ElRodeo_Aula14_676984,,,,,
2026-09-12T05:51:08-05:00,PUR_IED_ElRodeo_Aula16_2dd35b,PUR_IED_ElRodeo_Aula16_2dd35b,,,,,
2026-09-12T05:51:08-05:00,PUR_IED_ElRodeo_Ext_360881,PUR_IED_ElRodeo_Ext_360881,,,,,
2026-09-12T05:51:08-05:00,PUR_IED_ElRodeo_Exterior_8c6d28,PUR_IED_ElRodeo_Exterior_8c6d28,,,,,
2026-09-12T05:51:08-05:00,PUR_IED_ElRodeo_ext_360881,PUR_IED_ElRodeo_ext_360881,,,,,
2026-09-12T05:51:08-05:00,PUR_IED_EmmaReyes_Ext_987625,PUR_IED_EmmaReyes_Ext_987625,10,21,53,4.6367,-74.1511
2026-09-12T05:51:08-05:00,PUR_IED_Ensueño_Ext_7f0250,PUR_IED_Ensueño_Ext_7f0250,,,,,
2026-09-12T05:51:08-05:00,PUR_IED_EscNormal_Ext_5fef3b,PUR_IED_EscNormal_Ext_5fef3b,2,18,62,4.5852,-74.096901
2026-09-12T05:51:08-05:00,PUR_IED_EscNormal_S309_5b263,PUR_IED_EscNormal_S309_5b263,,,,,
2026-09-12T05:51:08-05:00,PUR_IED_EscNormal_S310_27b3b8,PUR_IED_EscNormal_S310_27b3b8,,,,,
2026-09-12T05:51:08-05:00,PUR_IED_Evangelista_Conta_f6cd4f,PUR_IED_Evangelista_Conta_f6cd4f,,,,,
2026-09-12T05:51:08-05:00,PUR_IED_Evangelista_Cri_5e16a,PUR_IED_Evangelista_Cri_5e16a,,,,,
2026-09-12T05:51:08-05:00,PUR_IED_Evangelista_Exter_754066,PUR_IED_Evangelista_Exter_754066,,,,,
2026-09-12T05:51:08-05:00,PUR_IED_FMiranda_S209_5cc2a3,PUR_IED_FMiranda_S209_5cc2a3,,,,,
2026-09-12T05:51:08-05:00,PUR_IED_FMiranda_S303_19e344,PUR_IED_FMiranda_S303_19e344,,,,,
2026-09-12T05:51:08-05:00,PUR_IED_FMiranda_ext_f53e7c,PUR_IED_FMiranda_ext_f53e7c,,,,,
2026-09-12T05:51:08-05:00,PUR_IED_FabioLozano_Bibli_1cee05,PUR_IED_FabioLozano_Bibli_1cee05,,,,,
2026-09-12T05:51:08-05:00,PUR_IED_FabioLozano_Ext_6ea285,PUR_IED_FabioLozano_Ext_6ea285,,,,,
2026-09-12T05:51:08-05:00,PUR_IED_FabioLozano_SLudi_f09e1e,PUR_IED_FabioLozano_SLudi_f09e1e,,,,,
2026-09-12T05:51:08-05:00,PUR_IED_FaustinoS_Aula07_27a731,PUR_IED_FaustinoS_Aula07_27a731,,,,,
2026-09-12T05:51:08-05:00,PUR_IED_FaustinoS_Ext_7b936f,PUR_IED_FaustinoS_Ext_7b936f,,,,,
2026-09-12T05:51:08-05:00,PUR_IED_FaustinoS_Fisica_da2c60,PUR_IED_FaustinoS_Fisica_da2c60,,,,,
2026-09-12T05:51:08-05:00,PUR_IED_FeGarciaLo_Ext_dc68ee,PUR_IED_FeGarciaLo_Ext_dc68ee,,,,,
2026-09-12T05:51:08-05:00,PUR_IED_FeGarciaLo_SDanza_f70a59,PUR_IED_FeGarciaLo_SDanza_f70a59,,,,,
2026-09-12T05:51:08-05:00,PUR_IED_FeGarciaLo_SMusic_125cdd,PUR_IED_FeGarciaLo_SMusic_125cdd,,,,,
2026-09-12T05:51:08-05:00,PUR_IED_FederalAlema_Exte_50c345,PUR_IED_FederalAlema_Exte_50c345,,,,,
2026-09-12T05:51:08-05:00,PUR_IED_FederalAlema_S31_f18371,PUR_IED_FederalAlema_S31_f18371,,,,,
2026-09-12T05:51:08-05:00,PUR_IED_FederalAlema_S901_a62cd,PUR_IED_FederalAlema_S901_a62cd,,,,,
2026-09-12T05:51:08-05:00,PUR_IED_FilarmonicaS_A5_f35eb1,PUR_IED_FilarmonicaS_A5_f35eb1,,,,,
2026-09-12T05:51:08-05:00,PUR_IED_FilarmonicaS_Ext_8a3bde,PUR_IED_FilarmonicaS_Ext_8a3bde,,,,,
2026-09-12T05:51:08-05:00,PUR_IED_FilarmonicaS_Spol_406114,PUR_IED_FilarmonicaS_Spol_406114,,,,,
2026-09-12T05:51:08-05:00,PUR_IED_FlorentinoG_A13_d1fa59,PUR_IED_FlorentinoG_A13_d1fa59,,,,,
2026-09-12T05:51:08-05:00,PUR_IED_FlorentinoG_Ext_1ce6ce,PUR_IED_FlorentinoG_Ext_1ce6ce,,,,,
2026-09-12T05:51:08-05:00,PUR_IED_FlorentinoG_Idiom_a66aac,PUR_IED_FlorentinoG_Idiom_a66aac,,,,,
2026-09-12T05:51:08-05:00,PUR_IED_FranciscoMati_Ext_e3869d,PUR_IED_FranciscoMati_Ext_e3869d,,,,,
2026-09-12T05:51:08-05:00,PUR_IED_FranciscoMati_S13_f31c67,PUR_IED_FranciscoMati_S13_f31c67,,,,,
2026-09-12T05:51:08-05:00,PUR_IED_FranciscoMati_S14_97dead,PUR_IED_FranciscoMati_S14_97dead,,,,,
2026-09-12T05:51:08-05:00,PUR_IED_FranciscoPS_Ext_7bfa9a,PUR_IED_FranciscoPS_Ext_7bfa9a,3,19,61,4.5899,-74.110397
2026-09-12T05:51:08-05:00,PUR_IED_FranciscoPS_Infor_fb8f4c,PUR_IED_FranciscoPS_Infor_fb8f4c,,,,,
2026-09-12T05:51:08-05:00,PUR_IED_FranciscoPS_Quimi_94d39c,PUR_IED_FranciscoPS_Quimi_94d39c,,,,,
2026-09-12T05:51:08-05:00,PUR_IED_FranciscoP_LabQ_d7e148,PUR_IED_FranciscoP_LabQ_d7e148,,,,,
2026-09-12T05:51:08-05:00,PUR_IED_FranciscoP_S28_cf9b30,PUR_IED_FranciscoP_S28_cf9b30,,,,,
2026-09-12T05:51:08-05:00,PUR_IED_FranciscoP_ext_e2313,PUR_IED_FranciscoP_ext_e2313,,,,,
2026-09-12T05:51:08-05:00,PUR_IED_FriederichN_Ext_8ac92a,PUR_IED_FriederichN_Ext_8ac92a,,,,,
2026-09-12T05:51:08-05:00,PUR_IED_FriederichN_S301_dd7e5a,PUR_IED_FriederichN_S301_dd7e5a,,,,,
2026-09-12T05:51:08-05:00,PUR_IED_FriederichN_S308_761f4f,PUR_IED_FriederichN_S308_761f4f,,,,,
2026-09-12T05:51:08-05:00,PUR_IED_GSantander_Aula10_533dd7,PUR_IED_GSantander_Aula10_533dd7,,,,,
2026-09-12T05:51:08-05:00,PUR_IED_GSantander_Aula12_fd4e4f,PUR_IED_GSantander_Aula12_fd4e4f,,,,,
2026-09-12T05:51:08-05:00,PUR_IED_GSantander_Aula310_533dd7,PUR_IED_GSantander_Aula310_533dd7,,,,,
2026-09-12T05:51:08-05:00,PUR_IED_GSantander_Aula312_fd4e4f,PUR_IED_GSantander_Aula312_fd4e4f,,,,,
2026-09-12T05:51:08-05:00,PUR_IED_GSantander_Ext_5f66b0,PUR_IED_GSantander_Ext_5f66b0,,,,,
2026-09-12T05:51:08-05:00,PUR_IED_GYomasa_Ext_f6bea5,PUR_IED_GYomasa_Ext_f6bea5,,,,,
2026-09-12T05:51:08-05:00,PUR_IED_GYomasa_LBiol_2c41aa,PUR_IED_GYomasa_LBiol_2c41aa,,,,,
2026-09-12T05:51:08-05:00,PUR_IED_GYomasa_LQuim_33c80,PUR_IED_GYomasa_LQuim_33c80,,,,,
2026-09-12T05:51:08-05:00,PUR_IED_GabBetMejia_Cienc_5a99c,PUR_IED_GabBetMejia_Cienc_5a99c,,,,,
2026-09-12T05:51:08-05:00,PUR_IED_GabBetMejia_Ext_9153d0,PUR_IED_GabBetMejia_Ext_9153d0,,,,,
2026-09-12T05:51:08-05:00,PUR_IED_GabBetMejia_Lab_f55347,PUR_IED_GabBetMejia_Lab_f55347,,,,,
2026-09-12T05:51:08-05:00,PUR_IED_GabBetanMejia_Ext_9153d0,PUR_IED_GabBetanMejia_Ext_9153d0,,,,,
2026-09-12T05:51:08-05:00,PUR_IED_Gaitana_Aula13_7aac11,PUR_IED_Gaitana_Aula13_7aac11,,,,,
2026-09-12T05:51:08-05:00,PUR_IED_Gaitana_Ext_5fcf4,PUR_IED_Gaitana_Ext_5fcf4,,,,,
2026-09-12T05:51:08-05:00,PUR_IED_Gaitana_LabFisica_644448,PUR_IED_Gaitana_LabFisica_644448,,,,,
2026-09-12T05:51:08-05:00,PUR_IED_GenSantander_Dise_8ac858,PUR_IED_GenSantander_Dise_8ac858,,,,,
2026-09-12T05:51:08-05:00,PUR_IED_GenSantander_Ext_8d5dfe,PUR_IED_GenSantander_Ext_8d5dfe,,,,,
2026-09-12T05:51:08-05:00,PUR_IED_GenSantander_Info_6c25b,PUR_IED_GenSantander_Info_6c25b,,,,,
2026-09-12T05:51:08-05:00,PUR_IED_GustavoMo_Exterio_75e63d,PUR_IED_GustavoMo_Exterio_75e63d,,,,,
2026-09-12T05:51:08-05:00,PUR_IED_GustavoMo_LabFisi_224d37,PUR_IED_GustavoMo_LabFisi_224d37,,,,,
2026-09-12T05:51:08-05:00,PUR_IED_GustavoMo_S208_3e6918,PUR_IED_GustavoMo_S208_3e6918,,,,,
2026-09-12T05:51:08-05:00,PUR_IED_GustavoR_A02_8cd4a8,PUR_IED_GustavoR_A02_8cd4a8,,,,,
2026-09-12T05:51:08-05:00,PUR_IED_GustavoR_B11_5b0ed,PUR_IED_GustavoR_B11_5b0ed,,,,,
2026-09-12T05:51:08-05:00,PUR_IED_GustavoR_Ext_7a0c90,PUR_IED_GustavoR_Ext_7a0c90,,,,,
2026-09-12T05:51:08-05:00,PUR_IED_HernandoDuran_Ext_8cd82b,PUR_IED_HernandoDuran_Ext_8cd82b,,,,,
2026-09-12T05:51:08-05:00,PUR_IED_HernandoDuran_S24_2772c6,PUR_IED_HernandoDuran_S24_2772c6,,,,,
2026-09-12T05:51:08-05:00,PUR_IED_HernandoDuran_S30_f2de41,PUR_IED_HernandoDuran_S30_f2de41,,,,,
2026-09-12T05:51:08-05:00,PUR_IED_HolguInUr_S1101_8cd732,PUR_IED_HolguInUr_S1101_8cd732,,,,,
2026-09-12T05:51:08-05:00,PUR_IED_HolguinUr_Exter_ddae6d,PUR_IED_HolguinUr_Exter_ddae6d,,,,,
2026-09-12T05:51:08-05:00,PUR_IED_HolguinUr_LabQuim_92b952,PUR_IED_HolguinUr_LabQuim_92b952,,,,,
2026-09-12T05:51:08-05:00,PUR_IED_Isabel-II_Ext_5245cc,PUR_IED_Isabel-II_Ext_5245cc,9,18,60,4.6336,-74.153
2026-09-12T05:51:08-05:00,PUR_IED_Isabel-II_S_idiom_1c29aa,PUR_IED_Isabel-II_S_idiom_1c29aa,,,,,
2026-09-12T05:51:08-05:00,PUR_IED_Isabel-II_S_infor_fd741,PUR_IED_Isabel-II_S_infor_fd741,,,,,
2026-09-12T05:51:08-05:00,PUR_IED_IsidroSur_Exterio_5b90ea,PUR_IED_IsidroSur_Exterio_5b90ea,,,,,
2026-09-12T05:51:08-05:00,PUR_IED_IsidroSur_LabTec_56697a,PUR_IED_IsidroSur_LabTec_56697a,,,,,
2026-09-12T05:51:08-05:00,PUR_IED_IsidroSur_Robotic_b7c38f,PUR_IED_IsidroSur_Robotic_b7c38f,,,,,
2026-09-12T05:51:08-05:00,PUR_IED_IsmaelPerd_Ext_7b6672,PUR_IED_IsmaelPerd_Ext_7b6672,,,,,
2026-09-12T05:51:08-05:00,PUR_IED_IsmaelPerd_Inform_306540,PUR_IED_IsmaelPerd_Inform_306540,,,,,
2026-09-12T05:51:08-05:00,PUR_IED_IsmaelPerd_S30_2e2c83,PUR_IED_IsmaelPerd_S30_2e2c83,,,,,
2026-09-12T05:51:08-05:00,PUR_IED_JLozano_Exter_432910,PUR_IED_JLozano_Exter_432910,,,,,
2026-09-12T05:51:08-05:00,PUR_IED_JLozano_salaMulti_df5125,PUR_IED_JLozano_salaMulti_df5125,,,,,
2026-09-12T05:51:08-05:00,PUR_IED_JMCordoba_206_86f80b,PUR_IED_JMCordoba_206_86f80b,,,,,
2026-09-12T05:51:08-05:00,PUR_IED_JMCordoba_Ext_27ad97,PUR_IED_JMCordoba_Ext_27ad97,,,,,
2026-09-12T05:51:08-05:00,PUR_IED_JMCordoba_S310_d59ab4,PUR_IED_JMCordoba_S310_d59ab4,,,,,
2026-09-12T05:51:08-05:00,PUR_IED_Japon_Ext_549100,PUR_IED_Japon_Ext_549100,,,,,
2026-09-12T05:51:08-05:00,PUR_IED_Japon_Laboratorio_bec51d,PUR_IED_Japon_Laboratorio_bec51d,,,,,
2026-09-12T05:51:08-05:00,PUR_IED_Japon_informatica_d99327,PUR_IED_Japon_informatica_d99327,,,,,
2026-09-12T05:51:08-05:00,PUR_IED_Jazmin_Ext_d27bda,PUR_IED_Jazmin_Ext_d27bda,,,,,
2026-09-12T05:51:08-05:00,PUR_IED_Jazmin_Fisica_8d14d7,PUR_IED_Jazmin_Fisica_8d14d7,,,,,
2026-09-12T05:51:08-05:00,PUR_IED_Jazmin_Quimica_801cb5,PUR_IED_Jazmin_Quimica_801cb5,,,,,
2026-09-12T05:51:08-05:00,PUR_IED_JorgeGaitan_Exter_f098d1,PUR_IED_JorgeGaitan_Exter_f098d1,,,,,
2026-09-12T05:51:08-05:00,PUR_IED_JorgeGaitan_STec1_dc9d1d,PUR_IED_JorgeGaitan_STec1_dc9d1d,,,,,
2026-09-12T05:51:08-05:00,PUR_IED_JorgeGaitan_STec2_281e69,PUR_IED_JorgeGaitan_STec2_281e69,,,,,
2026-09-12T05:51:08-05:00,PUR_IED_JorgeSoto_Exterio_d9d0a2,PUR_IED_JorgeSoto_Exterio_d9d0a2,,,,,
2026-09-12T05:51:08-05:00,PUR_IED_JorgeSoto_LabFisi_209c54,PUR_IED_JorgeSoto_LabFisi_209c54,,,,,
2026-09-12T05:51:08-05:00,PUR_IED_JorgeSoto_S103_27b51a,PUR_IED_JorgeSoto_S103_27b51a,,,,,
2026-09-12T05:51:08-05:00,PUR_IED_JoseAcevedo_A02_e965eb,PUR_IED_JoseAcevedo_A02_e965eb,,,,,
2026-09-12T05:51:08-05:00,PUR_IED_JoseAcevedo_A07_dd5b4,PUR_IED_JoseAcevedo_A07_dd5b4,,,,,
2026-09-12T05:51:08-05:00,PUR_IED_JoseAcevedo_Ext_b47484,PUR_IED_JoseAcevedo_Ext_b47484,,,,,
2026-09-12T05:51:08-05:00,PUR_IED_JoseMarti_Exte_5b9bf,PUR_IED_JoseMarti_Exte_5b9bf,,,,,
2026-09-12T05:51:08-05:00,PUR_IED_JoseMarti_LabQuim_1c6c2d,PUR_IED_JoseMarti_LabQuim_1c6c2d,,,,,
2026-09-12T05:51:08-05:00,PUR_IED_JoseMarti_S_info_f5f177,PUR_IED_JoseMarti_S_info_f5f177,,,,,
2026-09-12T05:51:08-05:00,PUR_IED_Josejoaquin_Ext_dfc5dc,PUR_IED_Josejoaquin_Ext_dfc5dc,,,,,
2026-09-12T05:51:08-05:00,PUR_IED_Josejoaquin_S05_5b2a96,PUR_IED_Josejoaquin_S05_5b2a96,,,,,
2026-09-12T05:51:08-05:00,PUR_IED_Josejoaquin_S06_1ce7d2,PUR_IED_Josejoaquin_S06_1ce7d2,,,,,
2026-09-12T05:51:08-05:00,PUR_IED_JulioFlorez_Danza_9b82dd,PUR_IED_JulioFlorez_Danza_9b82dd,,,,,
2026-09-12T05:51:08-05:00,PUR_IED_JulioFlorez_Exter_f9f314,PUR_IED_JulioFlorez_Exter_f9f314,,,,,
2026-09-12T05:51:08-05:00,PUR_IED_JulioFlorez_info2_6b6e08,PUR_IED_JulioFlorez_info2_6b6e08,,,,,
2026-09-12T05:51:08-05:00,PUR_IED_LaBelleza_Aula13_1d00d8,PUR_IED_LaBelleza_Aula13_1d00d8,,,,,
2026-09-12T05:51:08-05:00,PUR_IED_LaBelleza_Ext_7bc08c,PUR_IED_LaBelleza_Ext_7bc08c,,,,,
2026-09-12T05:51:08-05:00,PUR_IED_LaChucua_Ext_8cd6d2,PUR_IED_LaChucua_Ext_8cd6d2,,,,,
2026-09-12T05:51:08-05:00,PUR_IED_LaChucua_S15_f578ce,PUR_IED_LaChucua_S15_f578ce,,,,,
2026-09-12T05:51:08-05:00,PUR_IED_LaChucua_S16_eebcf9,PUR_IED_LaChucua_S16_eebcf9,,,,,
2026-09-12T05:51:08-05:00,PUR_IED_LaFelicidad_Ext_fb5109,PUR_IED_LaFelicidad_Ext_fb5109,,,,,
2026-09-12T05:51:08-05:00,PUR_IED_LaMerced_206_66ebd,PUR_IED_LaMerced_206_66ebd,,,,,
2026-09-12T05:51:08-05:00,PUR_IED_LaMerced_207_6ebd6,PUR_IED_LaMerced_207_6ebd6,,,,,
2026-09-12T05:51:08-05:00,PUR_IED_LaMerced_ext_304311,PUR_IED_LaMerced_ext_304311,,,,,
2026-09-12T05:51:08-05:00,PUR_IED_Laureano_CiencNat_281e5e,PUR_IED_Laureano_CiencNat_281e5e,,,,,
2026-09-12T05:51:08-05:00,PUR_IED_Laureano_Comedor_f65c0a,PUR_IED_Laureano_Comedor_f65c0a,,,,,
2026-09-12T05:51:08-05:00,PUR_IED_Laureano_Exterior_7ab011,PUR_IED_Laureano_Exterior_7ab011,,,,,
2026-09-12T05:51:08-05:00,PUR_IED_LeonGreiff_Exte_dfe560,PUR_IED_LeonGreiff_Exte_dfe560,,,,,
2026-09-12T05:51:08-05:00,PUR_IED_LeonGreiff_S210_f264ed,PUR_IED_LeonGreiff_S210_f264ed,,,,,
2026-09-12T05:51:08-05:00,PUR_IED_LeonGreiff_SQuimi_e8296f,PUR_IED_LeonGreiff_SQuimi_e8296f,,,,,
2026-09-12T05:51:08-05:00,PUR_IED_LlanoOrientalS208_7b9fcd,PUR_IED_LlanoOrientalS208_7b9fcd,,,,,
2026-09-12T05:51:08-05:00,PUR_IED_LlanoOriental_Ext_fb3766,PUR_IED_LlanoOriental_Ext_fb3766,,,,,
2026-09-12T05:51:08-05:00,PUR_IED_LlanoOriental_S208_7b9fcd,PUR_IED_LlanoOriental_S208_7b9fcd,,,,,
2026-09-12T05:51:08-05:00,PUR_IED_LlanoOriental_S9_27b378,PUR_IED_LlanoOriental_S9_27b378,,,,,
2026-09-12T05:51:08-05:00,PUR_IED_LosTejares_1101_477602,PUR_IED_LosTejares_1101_477602,,,,,
2026-09-12T05:51:08-05:00,PUR_IED_LosTejares_11_d2c595,PUR_IED_LosTejares_11_d2c595,,,,,
2026-09-12T05:51:08-05:00,PUR_IED_LosTejares_12_477602,PUR_IED_LosTejares_12_477602,,,,,
2026-09-12T05:51:08-05:00,PUR_IED_LosTejares_Ext_8e2115,PUR_IED_LosTejares_Ext_8e2115,,,,,
2026-09-12T05:51:08-05:00,PUR_IED_MagdalenaO_B202_5ddda3,PUR_IED_MagdalenaO_B202_5ddda3,,,,,
2026-09-12T05:51:08-05:00,PUR_IED_MagdalenaO_B205_fb76e8,PUR_IED_MagdalenaO_B205_fb76e8,,,,,
2026-09-12T05:51:08-05:00,PUR_IED_MagdalenaO_ext_dc69cd,PUR_IED_MagdalenaO_ext_dc69cd,,,,,
2026-09-12T05:51:08-05:00,PUR_IED_ManueCepeda_artes_eee956,PUR_IED_ManueCepeda_artes_eee956,,,,,
2026-09-12T05:51:08-05:00,PUR_IED_ManuelCepeda_Ext_58313,PUR_IED_ManuelCepeda_Ext_58313,,,,,
2026-09-12T05:51:08-05:00,PUR_IED_ManuelCepeda_tec_1c5731,PUR_IED_ManuelCepeda_tec_1c5731,,,,,
2026-09-12T05:51:08-05:00,PUR_IED_ManuelS_Exterior_5b269,PUR_IED_ManuelS_Exterior_5b269,,,,,
2026-09-12T05:51:08-05:00,PUR_IED_ManuelS_Inform_f369ce,PUR_IED_ManuelS_Inform_f369ce,,,,,
2026-09-12T05:51:08-05:00,PUR_IED_ManuelS_SArtes_7d15f1,PUR_IED_ManuelS_SArtes_7d15f1,,,,,
2026-09-12T05:51:08-05:00,PUR_IED_ManuelZapata_303_3ca6,PUR_IED_ManuelZapata_303_3ca6,,,,,
2026-09-12T05:51:08-05:00,PUR_IED_ManuelZapata_311_bfbabc,PUR_IED_ManuelZapata_311_bfbabc,,,,,
2026-09-12T05:51:08-05:00,PUR_IED_ManuelZapata_Ext_50824a,PUR_IED_ManuelZapata_Ext_50824a,,,,,
2026-09-12T05:51:08-05:00,PUR_IED_ManuelitaS_Exteri_656a92,PUR_IED_ManuelitaS_Exteri_656a92,,,,,
2026-09-12T05:51:08-05:00,PUR_IED_ManuelitaS_JuzgDe_f58ec3,PUR_IED_ManuelitaS_JuzgDe_f58ec3,,,,,
2026-09-12T05:51:08-05:00,PUR_IED_ManuelitaS_Recrea_d793db,PUR_IED_ManuelitaS_Recrea_d793db,,,,,
2026-09-12T05:51:08-05:00,PUR_IED_MarFidSuarez_Ext_c27b19,PUR_IED_MarFidSuarez_Ext_c27b19,,,,,
2026-09-12T05:51:08-05:00,PUR_IED_MarFidSuarez_Info_e384d7,PUR_IED_MarFidSuarez_Info_e384d7,,,,,
2026-09-12T05:51:08-05:00,PUR_IED_MarFidSuarez_S306_1d0032,PUR_IED_MarFidSuarez_S306_1d0032,,,,,
2026-09-12T05:51:08-05:00,PUR_IED_Menorah_301_2a25a3,PUR_IED_Menorah_301_2a25a3,,,,,
2026-09-12T05:51:08-05:00,PUR_IED_Menorah_306_37ed3,PUR_IED_Menorah_306_37ed3,,,,,
2026-09-12T05:51:08-05:00,PUR_IED_Menorah_Ext_3e155b,PUR_IED_Menorah_Ext_3e155b,,,,,
2026-09-12T05:51:08-05:00,PUR_IED_MinutoB.Aires_A11_1b1604,PUR_IED_MinutoB.Aires_A11_1b1604,,,,,
2026-09-12T05:51:08-05:00,PUR_IED_MinutoB.Aires_A12_fb5860,PUR_IED_MinutoB.Aires_A12_fb5860,,,,,
2026-09-12T05:51:08-05:00,PUR_IED_MinutoB.Aires_Ext_81293f,PUR_IED_MinutoB.Aires_Ext_81293f,,,,,
2026-09-12T05:51:08-05:00,PUR_IED_MinutoBAires_A11_1b1604,PUR_IED_MinutoBAires_A11_1b1604,,,,,
2026-09-12T05:51:08-05:00,PUR_IED_MinutoBAires_A12_fb5860,PUR_IED_MinutoBAires_A12_fb5860,,,,,
2026-09-12T05:51:08-05:00,PUR_IED_MinutoBAires_Ext_81293f,PUR_IED_MinutoBAires_Ext_81293f,,,,,
2026-09-12T05:51:08-05:00,PUR_IED_Montreal_Aula10_1e4959,PUR_IED_Montreal_Aula10_1e4959,,,,,
2026-09-12T05:51:08-05:00,PUR_IED_Montreal_Aula6_300367,PUR_IED_Montreal_Aula6_300367,,,,,
2026-09-12T05:51:08-05:00,PUR_IED_Montreal_Exterior_91a179,PUR_IED_Montreal_Exterior_91a179,,,,,
2026-09-12T05:51:08-05:00,PUR_IED_Mqgdalena_B202_5ddda3,PUR_IED_Mqgdalena_B202_5ddda3,,,,,
2026-09-12T05:51:08-05:00,PUR_IED_NACUND_Soc_dc8728,PUR_IED_NACUND_Soc_dc8728,,,,,
2026-09-12T05:51:08-05:00,PUR_IED_NACUND_ext_27ad97,PUR_IED_NACUND_ext_27ad97,,,,,
2026-09-12T05:51:08-05:00,PUR_IED_NEsperanza_Ext_d24b61,PUR_IED_NEsperanza_Ext_d24b61,,,,,
2026-09-12T05:51:08-05:00,PUR_IED_NEsperanza_SElect_7d1807,PUR_IED_NEsperanza_SElect_7d1807,,,,,
2026-09-12T05:51:08-05:00,PUR_IED_NEsperanza_SLabor_8b2d0a,PUR_IED_NEsperanza_SLabor_8b2d0a,,,,,
2026-09-12T05:51:08-05:00,PUR_IED_NacionesU_Ext_f661a9,PUR_IED_NacionesU_Ext_f661a9,,,,,
2026-09-12T05:51:08-05:00,PUR_IED_NacionesU_Quimica_66f0a,PUR_IED_NacionesU_Quimica_66f0a,,,,,
2026-09-12T05:51:08-05:00,PUR_IED_NacionesU_S306_1b4b3d,PUR_IED_NacionesU_S306_1b4b3d,,,,,
2026-09-12T05:51:08-05:00,PUR_IED_NestorFA_Ext_e4201c,PUR_IED_NestorFA_Ext_e4201c,,,,,
2026-09-12T05:51:08-05:00,PUR_IED_NestorFA_Laborato_f22fe0,PUR_IED_NestorFA_Laborato_f22fe0,,,,,
2026-09-12T05:51:08-05:00,PUR_IED_NestorFA_S204_dee996,PUR_IED_NestorFA_S204_dee996,,,,,
2026-09-12T05:51:08-05:00,PUR_IED_NidyaQT_Aula03_76999b,PUR_IED_NidyaQT_Aula03_76999b,,,,,
2026-09-12T05:51:08-05:00,PUR_IED_NidyaQT_Aula10_56325,PUR_IED_NidyaQT_Aula10_56325,,,,,
2026-09-12T05:51:08-05:00,PUR_IED_NidyaQT_Ext_46e32d,PUR_IED_NidyaQT_Ext_46e32d,,,,,
2026-09-12T05:51:08-05:00,PUR_IED_NuevaCol_Exterior_d9b859,PUR_IED_NuevaCol_Exterior_d9b859,,,,,
2026-09-12T05:51:08-05:00,PUR_IED_NuevaCol_S1101_76c43b,PUR_IED_NuevaCol_S1101_76c43b,,,,,
2026-09-12T05:51:08-05:00,PUR_IED_NuevaCol_S1102_1ce0b5,PUR_IED_NuevaCol_S1102_1ce0b5,,,,,
2026-09-12T05:51:08-05:00,PUR_IED_OEA_A202_f7e3f2,PUR_IED_OEA_A202_f7e3f2,,,,,
2026-09-12T05:51:08-05:00,PUR_IED_OEA_A203_7d1b8d,PUR_IED_OEA_A203_7d1b8d,,,,,
2026-09-12T05:51:08-05:00,PUR_IED_OEA_Ext_27b593,PUR_IED_OEA_Ext_27b593,,,,,
2026-09-12T05:51:08-05:00,PUR_IED_Ochoa_Ext_1c29da,PUR_IED_Ochoa_Ext_1c29da,,,,,
2026-09-12T05:51:08-05:00,PUR_IED_Ochoa_S205_8b1121,PUR_IED_Ochoa_S205_8b1121,,,,,
2026-09-12T05:51:08-05:00,PUR_IED_Ochoa_Sistemas_f33af6,PUR_IED_Ochoa_Sistemas_f33af6,,,,,
2026-09-12T05:51:08-05:00,PUR_IED_PQuebec_Ext_1c67c7,PUR_IED_PQuebec_Ext_1c67c7,,,,,
2026-09-12T05:51:08-05:00,PUR_IED_PQuebec_S15_23e8e2,PUR_IED_PQuebec_S15_23e8e2,,,,,
2026-09-12T05:51:08-05:00,PUR_IED_PQuebec_S16_8ec76b,PUR_IED_PQuebec_S16_8ec76b,,,,,
2026-09-12T05:51:08-05:00,PUR_IED_PabloN_Ext_49dc96,PUR_IED_PabloN_Ext_49dc96,,,,,
2026-09-12T05:51:08-05:00,PUR_IED_PabloN_S1102_4e3df5,PUR_IED_PabloN_S1102_4e3df5,,,,,
2026-09-12T05:51:08-05:00,PUR_IED_PabloN_S1103_50c94b,PUR_IED_PabloN_S1103_50c94b,,,,,
2026-09-12T05:51:08-05:00,PUR_IED_Palestina_S1101_db9198,PUR_IED_Palestina_S1101_db9198,,,,,
2026-09-12T05:51:08-05:00,PUR_IED_Palestina_S1102_dc54fa,PUR_IED_Palestina_S1102_dc54fa,,,,,
2026-09-12T05:51:08-05:00,PUR_IED_Palestina_ext_4ccce6,PUR_IED_Palestina_ext_4ccce6,,,,,
2026-09-12T05:51:08-05:00,PUR_IED_Panama_Fisica_4d0794,PUR_IED_Panama_Fisica_4d0794,,,,,
2026-09-12T05:51:08-05:00,PUR_IED_Panama_SIngles_a4077e,PUR_IED_Panama_SIngles_a4077e,,,,,
2026-09-12T05:51:08-05:00,PUR_IED_Panama_ext_4c54b4,PUR_IED_Panama_ext_4c54b4,,,,,
2026-09-12T05:51:08-05:00,PUR_IED_ParaisoM_Exterior_8cd7f0,PUR_IED_ParaisoM_Exterior_8cd7f0,,,,,
2026-09-12T05:51:08-05:00,PUR_IED_ParaisoM_Laborato_27af35,PUR_IED_ParaisoM_Laborato_27af35,,,,,
2026-09-12T05:51:08-05:00,PUR_IED_ParaisoM_S304_d1edca,PUR_IED_ParaisoM_S304_d1edca,,,,,
2026-09-12T05:51:08-05:00,PUR_IED_PorfirioBarba_Ext_301466,PUR_IED_PorfirioBarba_Ext_301466,,,,,
2026-09-12T05:51:08-05:00,PUR_IED_PorfirioBarba_S11_df6cd2,PUR_IED_PorfirioBarba_S11_df6cd2,,,,,
2026-09-12T05:51:08-05:00,PUR_IED_PorfirioBarba_S29_27a7d6,PUR_IED_PorfirioBarba_S29_27a7d6,,,,,
2026-09-12T05:51:08-05:00,PUR_IED_PradoV_Exter_8b27ad,PUR_IED_PradoV_Exter_8b27ad,,,,,
2026-09-12T05:51:08-05:00,PUR_IED_PradoV_S301_de65b5,PUR_IED_PradoV_S301_de65b5,,,,,
2026-09-12T05:51:08-05:00,PUR_IED_PradoV_S302_7d2593,PUR_IED_PradoV_S302_7d2593,,,,,
2026-09-12T05:51:08-05:00,PUR_IED_QuirogaAlz_Ext_1ddc82,PUR_IED_QuirogaAlz_Ext_1ddc82,,,,,
2026-09-12T05:51:08-05:00,PUR_IED_QuirogaAlz_S302_9926a3,PUR_IED_QuirogaAlz_S302_9926a3,,,,,
2026-09-12T05:51:08-05:00,PUR_IED_QuirogaAlz_S305_cdf1f1,PUR_IED_QuirogaAlz_S305_cdf1f1,,,,,
2026-09-12T05:51:08-05:00,PUR_IED_RGuatemala_Biling_dc53b7,PUR_IED_RGuatemala_Biling_dc53b7,,,,,
2026-09-12T05:51:08-05:00,PUR_IED_RGuatemala_Ext_1b89a3,PUR_IED_RGuatemala_Ext_1b89a3,,,,,
2026-09-12T05:51:08-05:00,PUR_IED_RGuatemala_Tecnol_281a34,PUR_IED_RGuatemala_Tecnol_281a34,,,,,
2026-09-12T05:51:08-05:00,PUR_IED_RafaNu_Ext_f7c302,PUR_IED_RafaNu_Ext_f7c302,,,,,
2026-09-12T05:51:08-05:00,PUR_IED_RafaNu_S1101_25fde,PUR_IED_RafaNu_S1101_25fde,,,,,
2026-09-12T05:51:08-05:00,PUR_IED_RafaNu_S1102_281517,PUR_IED_RafaNu_S1102_281517,,,,,
2026-09-12T05:51:08-05:00,PUR_IED_RafaelB_S305_ee2783,PUR_IED_RafaelB_S305_ee2783,,,,,
2026-09-12T05:51:08-05:00,PUR_IED_RafaelB_S306_75fe33,PUR_IED_RafaelB_S306_75fe33,,,,,
2026-09-12T05:51:08-05:00,PUR_IED_RafaelB_ext_283336,PUR_IED_RafaelB_ext_283336,2,18,61,4.6722,-74.0737
2026-09-12T05:51:08-05:00,PUR_IED_RafaelUU_Exterior_281a51,PUR_IED_RafaelUU_Exterior_281a51,,,,,
2026-09-12T05:51:08-05:00,PUR_IED_RafaelUU_Human_806b2,PUR_IED_RafaelUU_Human_806b2,,,,,
2026-09-12T05:51:08-05:00,PUR_IED_RafaelUU_Mate2_5680d4,PUR_IED_RafaelUU_Mate2_5680d4,,,,,
2026-09-12T05:51:08-05:00,PUR_IED_RamonSub_Ext_f9eeb9,PUR_IED_RamonSub_Ext_f9eeb9,,,,,
2026-09-12T05:51:08-05:00,PUR_IED_RamonSub_Media_d1f62f,PUR_IED_RamonSub_Media_d1f62f,,,,,
2026-09-12T05:51:08-05:00,PUR_IED_RamonSub_planta_51b82,PUR_IED_RamonSub_planta_51b82,,,,,
2026-09-12T05:51:08-05:00,PUR_IED_RepBoliVene_Exter_27af7c,PUR_IED_RepBoliVene_Exter_27af7c,,,,,
2026-09-12T05:51:08-05:00,PUR_IED_RepBoliVene_SCPT_5ae2ee,PUR_IED_RepBoliVene_SCPT_5ae2ee,,,,,
2026-09-12T05:51:08-05:00,PUR_IED_RepBoliVene_Socia_4b11d5,PUR_IED_RepBoliVene_Socia_4b11d5,,,,,
2026-09-12T05:51:08-05:00,PUR_IED_RepChina_Ext_76d9ee,PUR_IED_RepChina_Ext_76d9ee,,,,,
2026-09-12T05:51:08-05:00,PUR_IED_RepChina_S404_7c804c,PUR_IED_RepChina_S404_7c804c,,,,,
2026-09-12T05:51:08-05:00,PUR_IED_RepChina_S405_df2c33,PUR_IED_RepChina_S405_df2c33,,,,,
2026-09-12T05:51:08-05:00,PUR_IED_RepublicaC_Exteri_7d1ec9,PUR_IED_RepublicaC_Exteri_7d1ec9,,,,,
2026-09-12T05:51:08-05:00,PUR_IED_RepublicaC_S1101_f544b3,PUR_IED_RepublicaC_S1101_f544b3,,,,,
2026-09-12T05:51:08-05:00,PUR_IED_RepublicaC_S1102_7aafc7,PUR_IED_RepublicaC_S1102_7aafc7,,,,,
2026-09-12T05:51:08-05:00,PUR_IED_Ricaurte_Externo_a0ea1,PUR_IED_Ricaurte_Externo_a0ea1,,,,,
2026-09-12T05:51:08-05:00,PUR_IED_Ricaurte_S210_f546fd,PUR_IED_Ricaurte_S210_f546fd,,,,,
2026-09-12T05:51:08-05:00,PUR_IED_Ricaurte_S309_d4452,PUR_IED_Ricaurte_S309_d4452,,,,,
2026-09-12T05:51:08-05:00,PUR_IED_RogelioS_1102_531e69,PUR_IED_RogelioS_1102_531e69,,,,,
2026-09-12T05:51:08-05:00,PUR_IED_RogelioS_Ext_f25a18,PUR_IED_RogelioS_Ext_f25a18,,,,,
2026-09-12T05:51:08-05:00,PUR_IED_SBernardino_Ext_27aff8,PUR_IED_SBernardino_Ext_27aff8,,,,,
2026-09-12T05:51:08-05:00,PUR_IED_SBernardino_SArte_2ffd33,PUR_IED_SBernardino_SArte_2ffd33,,,,,
2026-09-12T05:51:08-05:00,PUR_IED_SBernardino_SIngl_7c7da5,PUR_IED_SBernardino_SIngl_7c7da5,,,,,
2026-09-12T05:51:08-05:00,PUR_IED_Sago_auditorio_dc9d1d,PUR_IED_Sago_auditorio_dc9d1d,,,,,
2026-09-12T05:51:08-05:00,PUR_IED_Saludcoop_Ext_95aac3,PUR_IED_Saludcoop_Ext_95aac3,,,,,
2026-09-12T05:51:08-05:00,PUR_IED_Saludcoop_InfI_90c854,PUR_IED_Saludcoop_InfI_90c854,,,,,
2026-09-12T05:51:08-05:00,PUR_IED_Saludcoop_SMedia_1b93be,PUR_IED_Saludcoop_SMedia_1b93be,,,,,
2026-09-12T05:51:08-05:00,PUR_IED_SanCarlos_1101_1a2360,PUR_IED_SanCarlos_1101_1a2360,,,,,
2026-09-12T05:51:08-05:00,PUR_IED_SanCarlos_1103_7bafb5,PUR_IED_SanCarlos_1103_7bafb5,,,,,
2026-09-12T05:51:08-05:00,PUR_IED_SanCarlos_Ext_b7cd1,PUR_IED_SanCarlos_Ext_b7cd1,,,,,
2026-09-12T05:51:08-05:00,PUR_IED_SanIgnacioBosa11a_50c26e,PUR_IED_SanIgnacioBosa11a_50c26e,,,,,
2026-09-12T05:51:08-05:00,PUR_IED_SanIgnacioBosa11b_371de8,PUR_IED_SanIgnacioBosa11b_371de8,,,,,
2026-09-12T05:51:08-05:00,PUR_IED_SanIgnacioBosaExt_ef0ffc,PUR_IED_SanIgnacioBosaExt_ef0ffc,,,,,
2026-09-12T05:51:08-05:00,PUR_IED_SanIgnacioBosa_11a_50c26e,PUR_IED_SanIgnacioBosa_11a_50c26e,,,,,
2026-09-12T05:51:08-05:00,PUR_IED_SanIgnacioBosa_Ext_ef0ffc,PUR_IED_SanIgnacioBosa_Ext_ef0ffc,,,,,
2026-09-12T05:51:08-05:00,PUR_IED_SanJoseN_intS1101_31c47f,PUR_IED_SanJoseN_intS1101_31c47f,,,,,
2026-09-12T05:51:08-05:00,PUR_IED_SanJoseUsm_Exter_f5d7e8,PUR_IED_SanJoseUsm_Exter_f5d7e8,,,,,
2026-09-12T05:51:08-05:00,PUR_IED_SanJoseUsm_Int11A_cfdef6,PUR_IED_SanJoseUsm_Int11A_cfdef6,,,,,
2026-09-12T05:51:08-05:00,PUR_IED_SilveriaR_IntB5_905349,PUR_IED_SilveriaR_IntB5_905349,,,,,
2026-09-12T05:51:08-05:00,PUR_IED_SilveriaR_IntSD14_981f93,PUR_IED_SilveriaR_IntSD14_981f93,,,,,
2026-09-12T05:51:08-05:00,PUR_IED_SilveriaR_ext_2b651d,PUR_IED_SilveriaR_ext_2b651d,,,,,
2026-09-12T05:51:08-05:00,PUR_IED_SimonB_Exterior_913975,PUR_IED_SimonB_Exterior_913975,,,,,
2026-09-12T05:51:08-05:00,PUR_IED_SimonB_LabQuimi_c56908,PUR_IED_SimonB_LabQuimi_c56908,,,,,
2026-09-12T05:51:08-05:00,PUR_IED_SimonB_informatic_a28c1,PUR_IED_SimonB_informatic_a28c1,,,,,
2026-09-12T05:51:08-05:00,PUR_IED_Sorrento_1102_315f50,PUR_IED_Sorrento_1102_315f50,,,,,
2026-09-12T05:51:08-05:00,PUR_IED_Sorrento_Minte_214eab,PUR_IED_Sorrento_Minte_214eab,,,,,
2026-09-12T05:51:08-05:00,PUR_IED_Sorrento_ext_7c3a0a,PUR_IED_Sorrento_ext_7c3a0a,,,,,
2026-09-12T05:51:08-05:00,PUR_IED_Tabora_Ext_f048ae,PUR_IED_Tabora_Ext_f048ae,,,,,
2026-09-12T05:51:08-05:00,PUR_IED_Tabora_S1102_b07752,PUR_IED_Tabora_S1102_b07752,,,,,
2026-09-12T05:51:08-05:00,PUR_IED_Tabora_S1103_d988f5,PUR_IED_Tabora_S1103_d988f5,,,,,
2026-09-12T05:51:08-05:00,PUR_IED_Tenerife_Ext_1ab188,PUR_IED_Tenerife_Ext_1ab188,,,,,
2026-09-12T05:51:08-05:00,PUR_IED_Tenerife_SDanzas_7bc02e,PUR_IED_Tenerife_SDanzas_7bc02e,,,,,
2026-09-12T05:51:08-05:00,PUR_IED_Tenerife_SIngles_7cc277,PUR_IED_Tenerife_SIngles_7cc277,,,,,
2026-09-12T05:51:08-05:00,PUR_IED_Tibabuyes_Exter_f2683d,PUR_IED_Tibabuyes_Exter_f2683d,,,,,
2026-09-12T05:51:08-05:00,PUR_IED_Tibabuyes_S10_dc87a8,PUR_IED_Tibabuyes_S10_dc87a8,,,,,
2026-09-12T05:51:08-05:00,PUR_IED_Tibabuyes_S15_dc0526,PUR_IED_Tibabuyes_S15_dc0526,,,,,
2026-09-12T05:51:08-05:00,PUR_IED_UnionE_S301_a1043,PUR_IED_UnionE_S301_a1043,,,,,
2026-09-12T05:51:08-05:00,PUR_IED_UnionE_S307_ff6c2f,PUR_IED_UnionE_S307_ff6c2f,,,,,
2026-09-12T05:51:08-05:00,PUR_IED_UnionE__Ext_5e2468,PUR_IED_UnionE__Ext_5e2468,,,,,
2026-09-12T05:51:08-05:00,PUR_IED_VillaRica_Ext_75be7c,PUR_IED_VillaRica_Ext_75be7c,,,,,
2026-09-12T05:51:08-05:00,PUR_IED_VillaRica_S4_cc5dcd,PUR_IED_VillaRica_S4_cc5dcd,,,,,
2026-09-12T05:51:08-05:00,PUR_IED_VillaRica_Sesp_99f5c,PUR_IED_VillaRica_Sesp_99f5c,,,,,
2026-09-12T05:56:06-05:00,PUR_IED_20deJulio_1101_91b1b9,PUR_IED_20deJulio_1101_91b1b9,,,,,
2026-09-12T05:56:06-05:00,PUR_IED_20deJulio_1102_1cfcf9,PUR_IED_20deJulio_1102_1cfcf9,,,,,
2026-09-12T05:56:06-05:00,PUR_IED_20deJulio_Ext_ab60bd,PUR_IED_20deJulio_Ext_ab60bd,,,,,
2026-09-12T05:56:06-05:00,PUR_IED_AgustinFer_Ext_7b9b77,PUR_IED_AgustinFer_Ext_7b9b77,,,,,
2026-09-12T05:56:06-05:00,PUR_IED_AgustinFer_Info2_27b3a7,PUR_IED_AgustinFer_Info2_27b3a7,,,,,
2026-09-12T05:56:06-05:00,PUR_IED_AgustinFer_Sena_54b4eb,PUR_IED_AgustinFer_Sena_54b4eb,,,,,
2026-09-12T05:56:06-05:00,PUR_IED_AlexanderF_1102_caf07b,PUR_IED_AlexanderF_1102_caf07b,,,,,
2026-09-12T05:56:06-05:00,PUR_IED_AlexanderF_1103_c79e71,PUR_IED_AlexanderF_1103_c79e71,,,,,
2026-09-12T05:56:06-05:00,PUR_IED_AlexanderF_Ext_c5b18b,PUR_IED_AlexanderF_Ext_c5b18b,,,,,
2026-09-12T05:56:06-05:00,PUR_IED_AlfonsoLopez_Ext_281d77,PUR_IED_AlfonsoLopez_Ext_281d77,,,,,
2026-09-12T05:56:06-05:00,PUR_IED_AlfonsoLopez_LabF_888ce0,PUR_IED_AlfonsoLopez_LabF_888ce0,,,,,
2026-09-12T05:56:06-05:00,PUR_IED_AlfonsoLopez_SMed_df6a7f,PUR_IED_AlfonsoLopez_SMed_df6a7f,,,,,
2026-09-12T05:56:06-05:00,PUR_IED_AltamiraSO_A2_209f92,PUR_IED_AltamiraSO_A2_209f92,,,,,
2026-09-12T05:56:06-05:00,PUR_IED_AltamiraSO_Ext_186d66,PUR_IED_AltamiraSO_Ext_186d66,,,,,
2026-09-12T05:56:06-05:00,PUR_IED_AltamiraSO_Sistem_27afe1,PUR_IED_AltamiraSO_Sistem_27afe1,,,,,
2026-09-12T05:56:06-05:00,PUR_IED_AlvaroGom_LabQuim_813179,PUR_IED_AlvaroGom_LabQuim_813179,,,,,
2026-09-12T05:56:06-05:00,PUR_IED_AlvaroGomez_Ext_47c7ca,PUR_IED_AlvaroGomez_Ext_47c7ca,,,,,
2026-09-12T05:56:06-05:00,PUR_IED_AlvaroGomez_LabQuim_813179,PUR_IED_AlvaroGomez_LabQuim_813179,,,,,
2026-09-12T05:56:06-05:00,PUR_IED_AlvaroGomez_S23_7ba89f,PUR_IED_AlvaroGomez_S23_7ba89f,,,,,
2026-09-12T05:56:06-05:00,PUR_IED_Amistad_306_dc8728,PUR_IED_Amistad_306_dc8728,,,,,
2026-09-12T05:56:06-05:00,PUR_IED_Amistad_Ext_8cd55e,PUR_IED_Amistad_Ext_8cd55e,,,,,
2026-09-12T05:56:06-05:00,PUR_IED_Amistad_S202_a41169,PUR_IED_Amistad_S202_a41169,,,,,
2026-09-12T05:56:06-05:00,PUR_IED_AndresBello_Bio_fd5f5e,PUR_IED_AndresBello_Bio_fd5f5e,,,,,
2026-09-12T05:56:06-05:00,PUR_IED_AndresBello_ext_dcad65,PUR_IED_AndresBello_ext_dcad65,,,,,
2026-09-12T05:56:06-05:00,PUR_IED_AndresBello_port_eed3ec,PUR_IED_AndresBello_port_eed3ec,,,,,
2026-09-12T05:56:06-05:00,PUR_IED_AngelaR_11b_d90a6b,PUR_IED_AngelaR_11b_d90a6b,,,,,
2026-09-12T05:56:06-05:00,PUR_IED_AngelaR_ext_7cad3e,PUR_IED_AngelaR_ext_7cad3e,5,17,67,4.5825,-74.164497
2026-09-12T05:56:06-05:00,PUR_IED_AntJoseSucre_10mo_df2575,PUR_IED_AntJoseSucre_10mo_df2575,,,,,
2026-09-12T05:56:06-05:00,PUR_IED_AntJoseSucre_Ext_215b36,PUR_IED_AntJoseSucre_Ext_215b36,,,,,
2026-09-12T05:56:06-05:00,PUR_IED_AntJoseSucre_Lab_3139de,PUR_IED_AntJoseSucre_Lab_3139de,,,,,
2026-09-12T05:56:06-05:00,PUR_IED_AntonioGarcia_301_d6b188,PUR_IED_AntonioGarcia_301_d6b188,,,,,
2026-09-12T05:56:06-05:00,PUR_IED_AntonioGarcia_302_88a82,PUR_IED_AntonioGarcia_302_88a82,,,,,
2026-09-12T05:56:06-05:00,PUR_IED_AntonioGarcia_Ext_20950c,PUR_IED_AntonioGarcia_Ext_20950c,,,,,
2026-09-12T05:56:06-05:00,PUR_IED_AntonioVan_Aula2_6dea02,PUR_IED_AntonioVan_Aula2_6dea02,,,,,
2026-09-12T05:56:06-05:00,PUR_IED_AntonioVan_Aula5_f1557e,PUR_IED_AntonioVan_Aula5_f1557e,,,,,
2026-09-12T05:56:06-05:00,PUR_IED_AntonioVan_Ext_406f2f,PUR_IED_AntonioVan_Ext_406f2f,,,,,
2026-09-12T05:56:06-05:00,PUR_IED_Atabanzha_Ext_cc5af9,PUR_IED_Atabanzha_Ext_cc5af9,,,,,
2026-09-12T05:56:06-05:00,PUR_IED_Atabanzha_SA101_56c37,PUR_IED_Atabanzha_SA101_56c37,,,,,
2026-09-12T05:56:06-05:00,PUR_IED_Atabanzha_SB302_27b374,PUR_IED_Atabanzha_SB302_27b374,,,,,
2026-09-12T05:56:06-05:00,PUR_IED_Atahualpa_Ext_fc1748,PUR_IED_Atahualpa_Ext_fc1748,,,,,
2026-09-12T05:56:06-05:00,PUR_IED_Atahualpa_Informa_dc9a95,PUR_IED_Atahualpa_Informa_dc9a95,,,,,
2026-09-12T05:56:06-05:00,PUR_IED_Atahualpa_S1101_f98056,PUR_IED_Atahualpa_S1101_f98056,,,,,
2026-09-12T05:56:06-05:00,PUR_IED_Bellavista_Ext_f5aa74,PUR_IED_Bellavista_Ext_f5aa74,,,,,
2026-09-12T05:56:06-05:00,PUR_IED_Bilbao_11A_916c41,PUR_IED_Bilbao_11A_916c41,,,,,
2026-09-12T05:56:06-05:00,PUR_IED_Bilbao_Ext_fb579a,PUR_IED_Bilbao_Ext_fb579a,,,,,
2026-09-12T05:56:06-05:00,PUR_IED_BrasiliaU_A125_304280,PUR_IED_BrasiliaU_A125_304280,,,,,
2026-09-12T05:56:06-05:00,PUR_IED_BrasiliaU_A203_7c8ca5,PUR_IED_BrasiliaU_A203_7c8ca5,,,,,
2026-09-12T05:56:06-05:00,PUR_IED_BrasiliaU_Ext_8d6e9f,PUR_IED_BrasiliaU_Ext_8d6e9f,5,16,66,4.5175,-74.116302
2026-09-12T05:56:06-05:00,PUR_IED_Brasilia_Ext_fe6593,PUR_IED_Brasilia_Ext_fe6593,,,,,
2026-09-12T05:56:06-05:00,PUR_IED_Brasilia_S24_7c130d,PUR_IED_Brasilia_S24_7c130d,,,,,
2026-09-12T05:56:06-05:00,PUR_IED_Brasilia_S501_186a54,PUR_IED_Brasilia_S501_186a54,,,,,
2026-09-12T05:56:06-05:00,PUR_IED_CHARRY_EXT_f1d5cd,PUR_IED_CHARRY_EXT_f1d5cd,,,,,
2026-09-12T05:56:06-05:00,PUR_IED_CHARRY_INTDANZAS_7a08e6,PUR_IED_CHARRY_INTDANZAS_7a08e6,,,,,
2026-09-12T05:56:06-05:00,PUR_IED_CHARRY_INT_AULA20_dc998d,PUR_IED_CHARRY_INT_AULA20_dc998d,,,,,
2026-09-12T05:56:06-05:00,PUR_IED_COLVIV_1101_S25_7f520a,PUR_IED_COLVIV_1101_S25_7f520a,,,,,
2026-09-12T05:56:06-05:00,PUR_IED_COLVIV_1102_S16_f570ba,PUR_IED_COLVIV_1102_S16_f570ba,,,,,
2026-09-12T05:56:06-05:00,PUR_IED_COLVIV_Ext_1a26fa,PUR_IED_COLVIV_Ext_1a26fa,,,,,
2026-09-12T05:56:06-05:00,PUR_IED_CULPOP_301A_f660f3,PUR_IED_CULPOP_301A_f660f3,,,,,
2026-09-12T05:56:06-05:00,PUR_IED_CULPOP_303_568afe,PUR_IED_CULPOP_303_568afe,,,,,
2026-09-12T05:56:06-05:00,PUR_IED_CULPOP_Ext_e02ccb,PUR_IED_CULPOP_Ext_e02ccb,,,,,
2026-09-12T05:56:06-05:00,PUR_IED_CVillavicen_Ext_26eb58,PUR_IED_CVillavicen_Ext_26eb58,7,13,84,4.487,-74.102798
2026-09-12T05:56:06-05:00,PUR_IED_CVillavicen_Intel_1ce5c2,PUR_IED_CVillavicen_Intel_1ce5c2,,,,,
2026-09-12T05:56:06-05:00,PUR_IED_CVillavicen_Poliv_e0766c,PUR_IED_CVillavicen_Poliv_e0766c,,,,,
2026-09-12T05:56:06-05:00,PUR_IED_CVillavicen_int_1ba140,PUR_IED_CVillavicen_int_1ba140,,,,,
2026-09-12T05:56:06-05:00,PUR_IED_CVillavicen_intel_1ba140,PUR_IED_CVillavicen_intel_1ba140,,,,,
2026-09-12T05:56:06-05:00,PUR_IED_CarlosPizarro_Ext_e307cc,PUR_IED_CarlosPizarro_Ext_e307cc,,,,,
2026-09-12T05:56:06-05:00,PUR_IED_CarlosPizarro_L36_7e5cdb,PUR_IED_CarlosPizarro_L36_7e5cdb,,,,,
2026-09-12T05:56:06-05:00,PUR_IED_CarlosPizarro_L37_c8566c,PUR_IED_CarlosPizarro_L37_c8566c,,,,,
2026-09-12T05:56:06-05:00,PUR_IED_Castilla_Ext_cf35f,PUR_IED_Castilla_Ext_cf35f,,,,,
2026-09-12T05:56:06-05:00,PUR_IED_Castilla_SFisik_360e38,PUR_IED_Castilla_SFisik_360e38,,,,,
2026-09-12T05:56:06-05:00,PUR_IED_Castilla_Sc304_496fbf,PUR_IED_Castilla_Sc304_496fbf,,,,,
2026-09-12T05:56:06-05:00,PUR_IED_CervantesSa_Ext_6b57b,PUR_IED_CervantesSa_Ext_6b57b,3,16,74,4.5128,-74.117203
2026-09-12T05:56:06-05:00,PUR_IED_CervantesSa_S107_225c2b,PUR_IED_CervantesSa_S107_225c2b,,,,,
2026-09-12T05:56:06-05:00,PUR_IED_CervantesSa_S108_940925,PUR_IED_CervantesSa_S108_940925,,,,,
2026-09-12T05:56:06-05:00,PUR_IED_Charry_A20_f53e7c,PUR_IED_Charry_A20_f53e7c,,,,,
2026-09-12T05:56:06-05:00,PUR_IED_Charry_Ext_f1d5cd,PUR_IED_Charry_Ext_f1d5cd,,,,,
2026-09-12T05:56:06-05:00,PUR_IED_Charry_IntAula20_dc998d,PUR_IED_Charry_IntAula20_dc998d,,,,,
2026-09-12T05:56:06-05:00,PUR_IED_Charry_IntDanzas_7a08e6,PUR_IED_Charry_IntDanzas_7a08e6,,,,,
2026-09-12T05:56:06-05:00,PUR_IED_ClememciaC_203_43e2fc,PUR_IED_ClememciaC_203_43e2fc,,,,,
2026-09-12T05:56:06-05:00,PUR_IED_ClememciaC_Ext_1b411a,PUR_IED_ClememciaC_Ext_1b411a,,,,,
2026-09-12T05:56:06-05:00,PUR_IED_ClememciaC_Quimic_44b5fc,PUR_IED_ClememciaC_Quimic_44b5fc,,,,,
2026-09-12T05:56:06-05:00,PUR_IED_ClemenciaC_203_43e2fc,PUR_IED_ClemenciaC_203_43e2fc,,,,,
2026-09-12T05:56:06-05:00,PUR_IED_ClemenciaC_Ext_1b411a,PUR_IED_ClemenciaC_Ext_1b411a,,,,,
2026-09-12T05:56:06-05:00,PUR_IED_ClemenciaC_Quimic_44b5fc,PUR_IED_ClemenciaC_Quimic_44b5fc,,,,,
2026-09-12T05:56:06-05:00,PUR_IED_ColViva_1101_S25_7f520a,PUR_IED_ColViva_1101_S25_7f520a,,,,,
2026-09-12T05:56:06-05:00,PUR_IED_ColViva_1102_S16_f570ba,PUR_IED_ColViva_1102_S16_f570ba,,,,,
2026-09-12T05:56:06-05:00,PUR_IED_ColViva_Ext_1a26fa,PUR_IED_ColViva_Ext_1a26fa,,,,,
2026-09-12T05:56:06-05:00,PUR_IED_ColegioBici_Asist_7c8798,PUR_IED_ColegioBici_Asist_7c8798,,,,,
2026-09-12T05:56:06-05:00,PUR_IED_ColegioBici_Ext_25cbf6,PUR_IED_ColegioBici_Ext_25cbf6,,,,,
2026-09-12T05:56:06-05:00,PUR_IED_ColegioBici_LabQ_7b57db,PUR_IED_ColegioBici_LabQ_7b57db,,,,,
2026-09-12T05:56:06-05:00,PUR_IED_CostaRica_Ext_5e640,PUR_IED_CostaRica_Ext_5e640,,,,,
2026-09-12T05:56:06-05:00,PUR_IED_CostaRica_Quim1_766d1c,PUR_IED_CostaRica_Quim1_766d1c,,,,,
2026-09-12T05:56:06-05:00,PUR_IED_CostaRica__Fisica_6f0873,PUR_IED_CostaRica__Fisica_6f0873,,,,,
2026-09-12T05:56:06-05:00,PUR_IED_CulPopu_301A_f660f3,PUR_IED_CulPopu_301A_f660f3,,,,,
2026-09-12T05:56:06-05:00,PUR_IED_CulPopu_303_568afe,PUR_IED_CulPopu_303_568afe,,,,,
2026-09-12T05:56:06-05:00,PUR_IED_CulPopu_Ext_e02ccb,PUR_IED_CulPopu_Ext_e02ccb,,,,,
2026-09-12T05:56:06-05:00,PUR_IED_Cundinamarca_Ext_f15985,PUR_IED_Cundinamarca_Ext_f15985,,,,,
2026-09-12T05:56:06-05:00,PUR_IED_Cundinamarca_Info_7aa5d7,PUR_IED_Cundinamarca_Info_7aa5d7,,,,,
2026-09-12T05:56:06-05:00,PUR_IED_Cundinamarca_Tec2_f449c7,PUR_IED_Cundinamarca_Tec2_f449c7,,,,,
2026-09-12T05:56:06-05:00,PUR_IED_DiegoM_Aula1_27b314,PUR_IED_DiegoM_Aula1_27b314,,,,,
2026-09-12T05:56:06-05:00,PUR_IED_DiegoM_Ext_d80ac8,PUR_IED_DiegoM_Ext_d80ac8,,,,,
2026-09-12T05:56:06-05:00,PUR_IED_DiegoM_S25_da928f,PUR_IED_DiegoM_S25_da928f,,,,,
2026-09-12T05:56:06-05:00,PUR_IED_ELRODEO_360881,PUR_IED_ELRODEO_360881,,,,,
2026-09-12T05:56:06-05:00,PUR_IED_ELRODEO_ext_360881,PUR_IED_ELRODEO_ext_360881,,,,,
2026-09-12T05:56:06-05:00,PUR_IED_EduardoU_Ext_1c1969,PUR_IED_EduardoU_Ext_1c1969,,,,,
2026-09-12T05:56:06-05:00,PUR_IED_EduardoU_SCiencia_4dfb94,PUR_IED_EduardoU_SCiencia_4dfb94,,,,,
2026-09-12T05:56:06-05:00,PUR_IED_EduardoU_SQuimica_5a46e7,PUR_IED_EduardoU_SQuimica_5a46e7,,,,,
2026-09-12T05:56:06-05:00,PUR_IED_ElRodeo_Aula14_676984,PUR_IED_ElRodeo_Aula14_676984,,,,,
2026-09-12T05:56:06-05:00,PUR_IED_ElRodeo_Aula16_2dd35b,PUR_IED_ElRodeo_Aula16_2dd35b,,,,,
2026-09-12T05:56:06-05:00,PUR_IED_ElRodeo_Ext_360881,PUR_IED_ElRodeo_Ext_360881,,,,,
2026-09-12T05:56:06-05:00,PUR_IED_ElRodeo_Exterior_8c6d28,PUR_IED_ElRodeo_Exterior_8c6d28,,,,,
2026-09-12T05:56:06-05:00,PUR_IED_ElRodeo_ext_360881,PUR_IED_ElRodeo_ext_360881,,,,,
2026-09-12T05:56:06-05:00,PUR_IED_EmmaReyes_Ext_987625,PUR_IED_EmmaReyes_Ext_987625,10,21,53,4.6367,-74.1511
2026-09-12T05:56:06-05:00,PUR_IED_Ensueño_Ext_7f0250,PUR_IED_Ensueño_Ext_7f0250,,,,,
2026-09-12T05:56:06-05:00,PUR_IED_EscNormal_Ext_5fef3b,PUR_IED_EscNormal_Ext_5fef3b,2,18,62,4.5852,-74.096901
2026-09-12T05:56:06-05:00,PUR_IED_EscNormal_S309_5b263,PUR_IED_EscNormal_S309_5b263,,,,,
2026-09-12T05:56:06-05:00,PUR_IED_EscNormal_S310_27b3b8,PUR_IED_EscNormal_S310_27b3b8,,,,,
2026-09-12T05:56:06-05:00,PUR_IED_Evangelista_Conta_f6cd4f,PUR_IED_Evangelista_Conta_f6cd4f,,,,,
2026-09-12T05:56:06-05:00,PUR_IED_Evangelista_Cri_5e16a,PUR_IED_Evangelista_Cri_5e16a,,,,,
2026-09-12T05:56:06-05:00,PUR_IED_Evangelista_Exter_754066,PUR_IED_Evangelista_Exter_754066,,,,,
2026-09-12T05:56:06-05:00,PUR_IED_FMiranda_S209_5cc2a3,PUR_IED_FMiranda_S209_5cc2a3,,,,,
2026-09-12T05:56:06-05:00,PUR_IED_FMiranda_S303_19e344,PUR_IED_FMiranda_S303_19e344,,,,,
2026-09-12T05:56:06-05:00,PUR_IED_FMiranda_ext_f53e7c,PUR_IED_FMiranda_ext_f53e7c,,,,,
2026-09-12T05:56:06-05:00,PUR_IED_FabioLozano_Bibli_1cee05,PUR_IED_FabioLozano_Bibli_1cee05,,,,,
2026-09-12T05:56:06-05:00,PUR_IED_FabioLozano_Ext_6ea285,PUR_IED_FabioLozano_Ext_6ea285,,,,,
2026-09-12T05:56:06-05:00,PUR_IED_FabioLozano_SLudi_f09e1e,PUR_IED_FabioLozano_SLudi_f09e1e,,,,,
2026-09-12T05:56:06-05:00,PUR_IED_FaustinoS_Aula07_27a731,PUR_IED_FaustinoS_Aula07_27a731,,,,,
2026-09-12T05:56:06-05:00,PUR_IED_FaustinoS_Ext_7b936f,PUR_IED_FaustinoS_Ext_7b936f,,,,,
2026-09-12T05:56:06-05:00,PUR_IED_FaustinoS_Fisica_da2c60,PUR_IED_FaustinoS_Fisica_da2c60,,,,,
2026-09-12T05:56:06-05:00,PUR_IED_FeGarciaLo_Ext_dc68ee,PUR_IED_FeGarciaLo_Ext_dc68ee,,,,,
2026-09-12T05:56:06-05:00,PUR_IED_FeGarciaLo_SDanza_f70a59,PUR_IED_FeGarciaLo_SDanza_f70a59,,,,,
2026-09-12T05:56:06-05:00,PUR_IED_FeGarciaLo_SMusic_125cdd,PUR_IED_FeGarciaLo_SMusic_125cdd,,,,,
2026-09-12T05:56:06-05:00,PUR_IED_FederalAlema_Exte_50c345,PUR_IED_FederalAlema_Exte_50c345,,,,,
2026-09-12T05:56:06-05:00,PUR_IED_FederalAlema_S31_f18371,PUR_IED_FederalAlema_S31_f18371,,,,,
2026-09-12T05:56:06-05:00,PUR_IED_FederalAlema_S901_a62cd,PUR_IED_FederalAlema_S901_a62cd,,,,,
2026-09-12T05:56:06-05:00,PUR_IED_FilarmonicaS_A5_f35eb1,PUR_IED_FilarmonicaS_A5_f35eb1,,,,,
2026-09-12T05:56:06-05:00,PUR_IED_FilarmonicaS_Ext_8a3bde,PUR_IED_FilarmonicaS_Ext_8a3bde,,,,,
2026-09-12T05:56:06-05:00,PUR_IED_FilarmonicaS_Spol_406114,PUR_IED_FilarmonicaS_Spol_406114,,,,,
2026-09-12T05:56:06-05:00,PUR_IED_FlorentinoG_A13_d1fa59,PUR_IED_FlorentinoG_A13_d1fa59,,,,,
2026-09-12T05:56:06-05:00,PUR_IED_FlorentinoG_Ext_1ce6ce,PUR_IED_FlorentinoG_Ext_1ce6ce,,,,,
2026-09-12T05:56:06-05:00,PUR_IED_FlorentinoG_Idiom_a66aac,PUR_IED_FlorentinoG_Idiom_a66aac,,,,,
2026-09-12T05:56:06-05:00,PUR_IED_FranciscoMati_Ext_e3869d,PUR_IED_FranciscoMati_Ext_e3869d,,,,,
2026-09-12T05:56:06-05:00,PUR_IED_FranciscoMati_S13_f31c67,PUR_IED_FranciscoMati_S13_f31c67,,,,,
2026-09-12T05:56:06-05:00,PUR_IED_FranciscoMati_S14_97dead,PUR_IED_FranciscoMati_S14_97dead,,,,,
2026-09-12T05:56:06-05:00,PUR_IED_FranciscoPS_Ext_7bfa9a,PUR_IED_FranciscoPS_Ext_7bfa9a,3,19,61,4.5899,-74.110397
2026-09-12T05:56:06-05:00,PUR_IED_FranciscoPS_Infor_fb8f4c,PUR_IED_FranciscoPS_Infor_fb8f4c,,,,,
2026-09-12T05:56:06-05:00,PUR_IED_FranciscoPS_Quimi_94d39c,PUR_IED_FranciscoPS_Quimi_94d39c,,,,,
2026-09-12T05:56:06-05:00,PUR_IED_FranciscoP_LabQ_d7e148,PUR_IED_FranciscoP_LabQ_d7e148,,,,,
2026-09-12T05:56:06-05:00,PUR_IED_FranciscoP_S28_cf9b30,PUR_IED_FranciscoP_S28_cf9b30,,,,,
2026-09-12T05:56:06-05:00,PUR_IED_FranciscoP_ext_e2313,PUR_IED_FranciscoP_ext_e2313,,,,,
2026-09-12T05:56:06-05:00,PUR_IED_FriederichN_Ext_8ac92a,PUR_IED_FriederichN_Ext_8ac92a,,,,,
2026-09-12T05:56:06-05:00,PUR_IED_FriederichN_S301_dd7e5a,PUR_IED_FriederichN_S301_dd7e5a,,,,,
2026-09-12T05:56:06-05:00,PUR_IED_FriederichN_S308_761f4f,PUR_IED_FriederichN_S308_761f4f,,,,,
2026-09-12T05:56:06-05:00,PUR_IED_GSantander_Aula10_533dd7,PUR_IED_GSantander_Aula10_533dd7,,,,,
2026-09-12T05:56:06-05:00,PUR_IED_GSantander_Aula12_fd4e4f,PUR_IED_GSantander_Aula12_fd4e4f,,,,,
2026-09-12T05:56:06-05:00,PUR_IED_GSantander_Aula310_533dd7,PUR_IED_GSantander_Aula310_533dd7,,,,,
2026-09-12T05:56:06-05:00,PUR_IED_GSantander_Aula312_fd4e4f,PUR_IED_GSantander_Aula312_fd4e4f,,,,,
2026-09-12T05:56:06-05:00,PUR_IED_GSantander_Ext_5f66b0,PUR_IED_GSantander_Ext_5f66b0,,,,,
2026-09-12T05:56:06-05:00,PUR_IED_GYomasa_Ext_f6bea5,PUR_IED_GYomasa_Ext_f6bea5,,,,,
2026-09-12T05:56:06-05:00,PUR_IED_GYomasa_LBiol_2c41aa,PUR_IED_GYomasa_LBiol_2c41aa,,,,,
2026-09-12T05:56:06-05:00,PUR_IED_GYomasa_LQuim_33c80,PUR_IED_GYomasa_LQuim_33c80,,,,,
2026-09-12T05:56:06-05:00,PUR_IED_GabBetMejia_Cienc_5a99c,PUR_IED_GabBetMejia_Cienc_5a99c,,,,,
2026-09-12T05:56:06-05:00,PUR_IED_GabBetMejia_Ext_9153d0,PUR_IED_GabBetMejia_Ext_9153d0,,,,,
2026-09-12T05:56:06-05:00,PUR_IED_GabBetMejia_Lab_f55347,PUR_IED_GabBetMejia_Lab_f55347,,,,,
2026-09-12T05:56:06-05:00,PUR_IED_GabBetanMejia_Ext_9153d0,PUR_IED_GabBetanMejia_Ext_9153d0,,,,,
2026-09-12T05:56:06-05:00,PUR_IED_Gaitana_Aula13_7aac11,PUR_IED_Gaitana_Aula13_7aac11,,,,,
2026-09-12T05:56:06-05:00,PUR_IED_Gaitana_Ext_5fcf4,PUR_IED_Gaitana_Ext_5fcf4,,,,,
2026-09-12T05:56:06-05:00,PUR_IED_Gaitana_LabFisica_644448,PUR_IED_Gaitana_LabFisica_644448,,,,,
2026-09-12T05:56:06-05:00,PUR_IED_GenSantander_Dise_8ac858,PUR_IED_GenSantander_Dise_8ac858,,,,,
2026-09-12T05:56:06-05:00,PUR_IED_GenSantander_Ext_8d5dfe,PUR_IED_GenSantander_Ext_8d5dfe,,,,,
2026-09-12T05:56:06-05:00,PUR_IED_GenSantander_Info_6c25b,PUR_IED_GenSantander_Info_6c25b,,,,,
2026-09-12T05:56:06-05:00,PUR_IED_GustavoMo_Exterio_75e63d,PUR_IED_GustavoMo_Exterio_75e63d,,,,,
2026-09-12T05:56:06-05:00,PUR_IED_GustavoMo_LabFisi_224d37,PUR_IED_GustavoMo_LabFisi_224d37,,,,,
2026-09-12T05:56:06-05:00,PUR_IED_GustavoMo_S208_3e6918,PUR_IED_GustavoMo_S208_3e6918,,,,,
2026-09-12T05:56:06-05:00,PUR_IED_GustavoR_A02_8cd4a8,PUR_IED_GustavoR_A02_8cd4a8,,,,,
2026-09-12T05:56:06-05:00,PUR_IED_GustavoR_B11_5b0ed,PUR_IED_GustavoR_B11_5b0ed,,,,,
2026-09-12T05:56:06-05:00,PUR_IED_GustavoR_Ext_7a0c90,PUR_IED_GustavoR_Ext_7a0c90,,,,,
2026-09-12T05:56:06-05:00,PUR_IED_HernandoDuran_Ext_8cd82b,PUR_IED_HernandoDuran_Ext_8cd82b,,,,,
2026-09-12T05:56:06-05:00,PUR_IED_HernandoDuran_S24_2772c6,PUR_IED_HernandoDuran_S24_2772c6,,,,,
2026-09-12T05:56:06-05:00,PUR_IED_HernandoDuran_S30_f2de41,PUR_IED_HernandoDuran_S30_f2de41,,,,,
2026-09-12T05:56:06-05:00,PUR_IED_HolguInUr_S1101_8cd732,PUR_IED_HolguInUr_S1101_8cd732,,,,,
2026-09-12T05:56:06-05:00,PUR_IED_HolguinUr_Exter_ddae6d,PUR_IED_HolguinUr_Exter_ddae6d,,,,,
2026-09-12T05:56:06-05:00,PUR_IED_HolguinUr_LabQuim_92b952,PUR_IED_HolguinUr_LabQuim_92b952,,,,,
2026-09-12T05:56:06-05:00,PUR_IED_Isabel-II_Ext_5245cc,PUR_IED_Isabel-II_Ext_5245cc,8,18,60,4.6336,-74.153
2026-09-12T05:56:06-05:00,PUR_IED_Isabel-II_S_idiom_1c29aa,PUR_IED_Isabel-II_S_idiom_1c29aa,,,,,
2026-09-12T05:56:06-05:00,PUR_IED_Isabel-II_S_infor_fd741,PUR_IED_Isabel-II_S_infor_fd741,,,,,
2026-09-12T05:56:06-05:00,PUR_IED_IsidroSur_Exterio_5b90ea,PUR_IED_IsidroSur_Exterio_5b90ea,,,,,
2026-09-12T05:56:06-05:00,PUR_IED_IsidroSur_LabTec_56697a,PUR_IED_IsidroSur_LabTec_56697a,,,,,
2026-09-12T05:56:06-05:00,PUR_IED_IsidroSur_Robotic_b7c38f,PUR_IED_IsidroSur_Robotic_b7c38f,,,,,
2026-09-12T05:56:06-05:00,PUR_IED_IsmaelPerd_Ext_7b6672,PUR_IED_IsmaelPerd_Ext_7b6672,,,,,
2026-09-12T05:56:06-05:00,PUR_IED_IsmaelPerd_Inform_306540,PUR_IED_IsmaelPerd_Inform_306540,,,,,
2026-09-12T05:56:06-05:00,PUR_IED_IsmaelPerd_S30_2e2c83,PUR_IED_IsmaelPerd_S30_2e2c83,,,,,
2026-09-12T05:56:06-05:00,PUR_IED_JLozano_Exter_432910,PUR_IED_JLozano_Exter_432910,,,,,
2026-09-12T05:56:06-05:00,PUR_IED_JLozano_salaMulti_df5125,PUR_IED_JLozano_salaMulti_df5125,,,,,
2026-09-12T05:56:06-05:00,PUR_IED_JMCordoba_206_86f80b,PUR_IED_JMCordoba_206_86f80b,,,,,
2026-09-12T05:56:06-05:00,PUR_IED_JMCordoba_Ext_27ad97,PUR_IED_JMCordoba_Ext_27ad97,,,,,
2026-09-12T05:56:06-05:00,PUR_IED_JMCordoba_S310_d59ab4,PUR_IED_JMCordoba_S310_d59ab4,,,,,
2026-09-12T05:56:06-05:00,PUR_IED_Japon_Ext_549100,PUR_IED_Japon_Ext_549100,,,,,
2026-09-12T05:56:06-05:00,PUR_IED_Japon_Laboratorio_bec51d,PUR_IED_Japon_Laboratorio_bec51d,,,,,
2026-09-12T05:56:06-05:00,PUR_IED_Japon_informatica_d99327,PUR_IED_Japon_informatica_d99327,,,,,
2026-09-12T05:56:06-05:00,PUR_IED_Jazmin_Ext_d27bda,PUR_IED_Jazmin_Ext_d27bda,,,,,
2026-09-12T05:56:06-05:00,PUR_IED_Jazmin_Fisica_8d14d7,PUR_IED_Jazmin_Fisica_8d14d7,,,,,
2026-09-12T05:56:06-05:00,PUR_IED_Jazmin_Quimica_801cb5,PUR_IED_Jazmin_Quimica_801cb5,,,,,
2026-09-12T05:56:06-05:00,PUR_IED_JorgeGaitan_Exter_f098d1,PUR_IED_JorgeGaitan_Exter_f098d1,,,,,
2026-09-12T05:56:06-05:00,PUR_IED_JorgeGaitan_STec1_dc9d1d,PUR_IED_JorgeGaitan_STec1_dc9d1d,,,,,
2026-09-12T05:56:06-05:00,PUR_IED_JorgeGaitan_STec2_281e69,PUR_IED_JorgeGaitan_STec2_281e69,,,,,
2026-09-12T05:56:06-05:00,PUR_IED_JorgeSoto_Exterio_d9d0a2,PUR_IED_JorgeSoto_Exterio_d9d0a2,,,,,
2026-09-12T05:56:06-05:00,PUR_IED_JorgeSoto_LabFisi_209c54,PUR_IED_JorgeSoto_LabFisi_209c54,,,,,
2026-09-12T05:56:06-05:00,PUR_IED_JorgeSoto_S103_27b51a,PUR_IED_JorgeSoto_S103_27b51a,,,,,
2026-09-12T05:56:06-05:00,PUR_IED_JoseAcevedo_A02_e965eb,PUR_IED_JoseAcevedo_A02_e965eb,,,,,
2026-09-12T05:56:06-05:00,PUR_IED_JoseAcevedo_A07_dd5b4,PUR_IED_JoseAcevedo_A07_dd5b4,,,,,
2026-09-12T05:56:06-05:00,PUR_IED_JoseAcevedo_Ext_b47484,PUR_IED_JoseAcevedo_Ext_b47484,,,,,
2026-09-12T05:56:06-05:00,PUR_IED_JoseMarti_Exte_5b9bf,PUR_IED_JoseMarti_Exte_5b9bf,,,,,
2026-09-12T05:56:06-05:00,PUR_IED_JoseMarti_LabQuim_1c6c2d,PUR_IED_JoseMarti_LabQuim_1c6c2d,,,,,
2026-09-12T05:56:06-05:00,PUR_IED_JoseMarti_S_info_f5f177,PUR_IED_JoseMarti_S_info_f5f177,,,,,
2026-09-12T05:56:06-05:00,PUR_IED_Josejoaquin_Ext_dfc5dc,PUR_IED_Josejoaquin_Ext_dfc5dc,,,,,
2026-09-12T05:56:06-05:00,PUR_IED_Josejoaquin_S05_5b2a96,PUR_IED_Josejoaquin_S05_5b2a96,,,,,
2026-09-12T05:56:06-05:00,PUR_IED_Josejoaquin_S06_1ce7d2,PUR_IED_Josejoaquin_S06_1ce7d2,,,,,
2026-09-12T05:56:06-05:00,PUR_IED_JulioFlorez_Danza_9b82dd,PUR_IED_JulioFlorez_Danza_9b82dd,,,,,
2026-09-12T05:56:06-05:00,PUR_IED_JulioFlorez_Exter_f9f314,PUR_IED_JulioFlorez_Exter_f9f314,,,,,
2026-09-12T05:56:06-05:00,PUR_IED_JulioFlorez_info2_6b6e08,PUR_IED_JulioFlorez_info2_6b6e08,,,,,
2026-09-12T05:56:06-05:00,PUR_IED_LaBelleza_Aula13_1d00d8,PUR_IED_LaBelleza_Aula13_1d00d8,,,,,
2026-09-12T05:56:06-05:00,PUR_IED_LaBelleza_Ext_7bc08c,PUR_IED_LaBelleza_Ext_7bc08c,,,,,
2026-09-12T05:56:06-05:00,PUR_IED_LaChucua_Ext_8cd6d2,PUR_IED_LaChucua_Ext_8cd6d2,,,,,
2026-09-12T05:56:06-05:00,PUR_IED_LaChucua_S15_f578ce,PUR_IED_LaChucua_S15_f578ce,,,,,
2026-09-12T05:56:06-05:00,PUR_IED_LaChucua_S16_eebcf9,PUR_IED_LaChucua_S16_eebcf9,,,,,
2026-09-12T05:56:06-05:00,PUR_IED_LaFelicidad_Ext_fb5109,PUR_IED_LaFelicidad_Ext_fb5109,,,,,
2026-09-12T05:56:06-05:00,PUR_IED_LaMerced_206_66ebd,PUR_IED_LaMerced_206_66ebd,,,,,
2026-09-12T05:56:06-05:00,PUR_IED_LaMerced_207_6ebd6,PUR_IED_LaMerced_207_6ebd6,,,,,
2026-09-12T05:56:06-05:00,PUR_IED_LaMerced_ext_304311,PUR_IED_LaMerced_ext_304311,,,,,
2026-09-12T05:56:06-05:00,PUR_IED_Laureano_CiencNat_281e5e,PUR_IED_Laureano_CiencNat_281e5e,,,,,
2026-09-12T05:56:06-05:00,PUR_IED_Laureano_Comedor_f65c0a,PUR_IED_Laureano_Comedor_f65c0a,,,,,
2026-09-12T05:56:06-05:00,PUR_IED_Laureano_Exterior_7ab011,PUR_IED_Laureano_Exterior_7ab011,,,,,
2026-09-12T05:56:06-05:00,PUR_IED_LeonGreiff_Exte_dfe560,PUR_IED_LeonGreiff_Exte_dfe560,,,,,
2026-09-12T05:56:06-05:00,PUR_IED_LeonGreiff_S210_f264ed,PUR_IED_LeonGreiff_S210_f264ed,,,,,
2026-09-12T05:56:06-05:00,PUR_IED_LeonGreiff_SQuimi_e8296f,PUR_IED_LeonGreiff_SQuimi_e8296f,,,,,
2026-09-12T05:56:06-05:00,PUR_IED_LlanoOrientalS208_7b9fcd,PUR_IED_LlanoOrientalS208_7b9fcd,,,,,
2026-09-12T05:56:06-05:00,PUR_IED_LlanoOriental_Ext_fb3766,PUR_IED_LlanoOriental_Ext_fb3766,,,,,
2026-09-12T05:56:06-05:00,PUR_IED_LlanoOriental_S208_7b9fcd,PUR_IED_LlanoOriental_S208_7b9fcd,,,,,
2026-09-12T05:56:06-05:00,PUR_IED_LlanoOriental_S9_27b378,PUR_IED_LlanoOriental_S9_27b378,,,,,
2026-09-12T05:56:06-05:00,PUR_IED_LosTejares_1101_477602,PUR_IED_LosTejares_1101_477602,,,,,
2026-09-12T05:56:06-05:00,PUR_IED_LosTejares_11_d2c595,PUR_IED_LosTejares_11_d2c595,,,,,
2026-09-12T05:56:06-05:00,PUR_IED_LosTejares_12_477602,PUR_IED_LosTejares_12_477602,,,,,
2026-09-12T05:56:06-05:00,PUR_IED_LosTejares_Ext_8e2115,PUR_IED_LosTejares_Ext_8e2115,,,,,
2026-09-12T05:56:06-05:00,PUR_IED_MagdalenaO_B202_5ddda3,PUR_IED_MagdalenaO_B202_5ddda3,,,,,
2026-09-12T05:56:06-05:00,PUR_IED_MagdalenaO_B205_fb76e8,PUR_IED_MagdalenaO_B205_fb76e8,,,,,
2026-09-12T05:56:06-05:00,PUR_IED_MagdalenaO_ext_dc69cd,PUR_IED_MagdalenaO_ext_dc69cd,,,,,
2026-09-12T05:56:06-05:00,PUR_IED_ManueCepeda_artes_eee956,PUR_IED_ManueCepeda_artes_eee956,,,,,
2026-09-12T05:56:06-05:00,PUR_IED_ManuelCepeda_Ext_58313,PUR_IED_ManuelCepeda_Ext_58313,,,,,
2026-09-12T05:56:06-05:00,PUR_IED_ManuelCepeda_tec_1c5731,PUR_IED_ManuelCepeda_tec_1c5731,,,,,
2026-09-12T05:56:06-05:00,PUR_IED_ManuelS_Exterior_5b269,PUR_IED_ManuelS_Exterior_5b269,,,,,
2026-09-12T05:56:06-05:00,PUR_IED_ManuelS_Inform_f369ce,PUR_IED_ManuelS_Inform_f369ce,,,,,
2026-09-12T05:56:06-05:00,PUR_IED_ManuelS_SArtes_7d15f1,PUR_IED_ManuelS_SArtes_7d15f1,,,,,
2026-09-12T05:56:06-05:00,PUR_IED_ManuelZapata_303_3ca6,PUR_IED_ManuelZapata_303_3ca6,,,,,
2026-09-12T05:56:06-05:00,PUR_IED_ManuelZapata_311_bfbabc,PUR_IED_ManuelZapata_311_bfbabc,,,,,
2026-09-12T05:56:06-05:00,PUR_IED_ManuelZapata_Ext_50824a,PUR_IED_ManuelZapata_Ext_50824a,,,,,
2026-09-12T05:56:06-05:00,PUR_IED_ManuelitaS_Exteri_656a92,PUR_IED_ManuelitaS_Exteri_656a92,,,,,
2026-09-12T05:56:06-05:00,PUR_IED_ManuelitaS_JuzgDe_f58ec3,PUR_IED_ManuelitaS_JuzgDe_f58ec3,,,,,
2026-09-12T05:56:06-05:00,PUR_IED_ManuelitaS_Recrea_d793db,PUR_IED_ManuelitaS_Recrea_d793db,,,,,
2026-09-12T05:56:06-05:00,PUR_IED_MarFidSuarez_Ext_c27b19,PUR_IED_MarFidSuarez_Ext_c27b19,,,,,
2026-09-12T05:56:06-05:00,PUR_IED_MarFidSuarez_Info_e384d7,PUR_IED_MarFidSuarez_Info_e384d7,,,,,
2026-09-12T05:56:06-05:00,PUR_IED_MarFidSuarez_S306_1d0032,PUR_IED_MarFidSuarez_S306_1d0032,,,,,
2026-09-12T05:56:06-05:00,PUR_IED_Menorah_301_2a25a3,PUR_IED_Menorah_301_2a25a3,,,,,
2026-09-12T05:56:06-05:00,PUR_IED_Menorah_306_37ed3,PUR_IED_Menorah_306_37ed3,,,,,
2026-09-12T05:56:06-05:00,PUR_IED_Menorah_Ext_3e155b,PUR_IED_Menorah_Ext_3e155b,,,,,
2026-09-12T05:56:06-05:00,PUR_IED_MinutoB.Aires_A11_1b1604,PUR_IED_MinutoB.Aires_A11_1b1604,,,,,
2026-09-12T05:56:06-05:00,PUR_IED_MinutoB.Aires_A12_fb5860,PUR_IED_MinutoB.Aires_A12_fb5860,,,,,
2026-09-12T05:56:06-05:00,PUR_IED_MinutoB.Aires_Ext_81293f,PUR_IED_MinutoB.Aires_Ext_81293f,,,,,
2026-09-12T05:56:06-05:00,PUR_IED_MinutoBAires_A11_1b1604,PUR_IED_MinutoBAires_A11_1b1604,,,,,
2026-09-12T05:56:06-05:00,PUR_IED_MinutoBAires_A12_fb5860,PUR_IED_MinutoBAires_A12_fb5860,,,,,
2026-09-12T05:56:06-05:00,PUR_IED_MinutoBAires_Ext_81293f,PUR_IED_MinutoBAires_Ext_81293f,,,,,
2026-09-12T05:56:06-05:00,PUR_IED_Montreal_Aula10_1e4959,PUR_IED_Montreal_Aula10_1e4959,,,,,
2026-09-12T05:56:06-05:00,PUR_IED_Montreal_Aula6_300367,PUR_IED_Montreal_Aula6_300367,,,,,
2026-09-12T05:56:06-05:00,PUR_IED_Montreal_Exterior_91a179,PUR_IED_Montreal_Exterior_91a179,,,,,
2026-09-12T05:56:06-05:00,PUR_IED_Mqgdalena_B202_5ddda3,PUR_IED_Mqgdalena_B202_5ddda3,,,,,
2026-09-12T05:56:06-05:00,PUR_IED_NACUND_Soc_dc8728,PUR_IED_NACUND_Soc_dc8728,,,,,
2026-09-12T05:56:06-05:00,PUR_IED_NACUND_ext_27ad97,PUR_IED_NACUND_ext_27ad97,,,,,
2026-09-12T05:56:06-05:00,PUR_IED_NEsperanza_Ext_d24b61,PUR_IED_NEsperanza_Ext_d24b61,,,,,
2026-09-12T05:56:06-05:00,PUR_IED_NEsperanza_SElect_7d1807,PUR_IED_NEsperanza_SElect_7d1807,,,,,
2026-09-12T05:56:06-05:00,PUR_IED_NEsperanza_SLabor_8b2d0a,PUR_IED_NEsperanza_SLabor_8b2d0a,,,,,
2026-09-12T05:56:06-05:00,PUR_IED_NacionesU_Ext_f661a9,PUR_IED_NacionesU_Ext_f661a9,,,,,
2026-09-12T05:56:06-05:00,PUR_IED_NacionesU_Quimica_66f0a,PUR_IED_NacionesU_Quimica_66f0a,,,,,
2026-09-12T05:56:06-05:00,PUR_IED_NacionesU_S306_1b4b3d,PUR_IED_NacionesU_S306_1b4b3d,,,,,
2026-09-12T05:56:06-05:00,PUR_IED_NestorFA_Ext_e4201c,PUR_IED_NestorFA_Ext_e4201c,,,,,
2026-09-12T05:56:06-05:00,PUR_IED_NestorFA_Laborato_f22fe0,PUR_IED_NestorFA_Laborato_f22fe0,,,,,
2026-09-12T05:56:06-05:00,PUR_IED_NestorFA_S204_dee996,PUR_IED_NestorFA_S204_dee996,,,,,
2026-09-12T05:56:06-05:00,PUR_IED_NidyaQT_Aula03_76999b,PUR_IED_NidyaQT_Aula03_76999b,,,,,
2026-09-12T05:56:06-05:00,PUR_IED_NidyaQT_Aula10_56325,PUR_IED_NidyaQT_Aula10_56325,,,,,
2026-09-12T05:56:06-05:00,PUR_IED_NidyaQT_Ext_46e32d,PUR_IED_NidyaQT_Ext_46e32d,,,,,
2026-09-12T05:56:06-05:00,PUR_IED_NuevaCol_Exterior_d9b859,PUR_IED_NuevaCol_Exterior_d9b859,,,,,
2026-09-12T05:56:06-05:00,PUR_IED_NuevaCol_S1101_76c43b,PUR_IED_NuevaCol_S1101_76c43b,,,,,
2026-09-12T05:56:06-05:00,PUR_IED_NuevaCol_S1102_1ce0b5,PUR_IED_NuevaCol_S1102_1ce0b5,,,,,
2026-09-12T05:56:06-05:00,PUR_IED_OEA_A202_f7e3f2,PUR_IED_OEA_A202_f7e3f2,,,,,
2026-09-12T05:56:06-05:00,PUR_IED_OEA_A203_7d1b8d,PUR_IED_OEA_A203_7d1b8d,,,,,
2026-09-12T05:56:06-05:00,PUR_IED_OEA_Ext_27b593,PUR_IED_OEA_Ext_27b593,,,,,
2026-09-12T05:56:06-05:00,PUR_IED_Ochoa_Ext_1c29da,PUR_IED_Ochoa_Ext_1c29da,,,,,
2026-09-12T05:56:06-05:00,PUR_IED_Ochoa_S205_8b1121,PUR_IED_Ochoa_S205_8b1121,,,,,
2026-09-12T05:56:06-05:00,PUR_IED_Ochoa_Sistemas_f33af6,PUR_IED_Ochoa_Sistemas_f33af6,,,,,
2026-09-12T05:56:06-05:00,PUR_IED_PQuebec_Ext_1c67c7,PUR_IED_PQuebec_Ext_1c67c7,,,,,
2026-09-12T05:56:06-05:00,PUR_IED_PQuebec_S15_23e8e2,PUR_IED_PQuebec_S15_23e8e2,,,,,
2026-09-12T05:56:06-05:00,PUR_IED_PQuebec_S16_8ec76b,PUR_IED_PQuebec_S16_8ec76b,,,,,
2026-09-12T05:56:06-05:00,PUR_IED_PabloN_Ext_49dc96,PUR_IED_PabloN_Ext_49dc96,,,,,
2026-09-12T05:56:06-05:00,PUR_IED_PabloN_S1102_4e3df5,PUR_IED_PabloN_S1102_4e3df5,,,,,
2026-09-12T05:56:06-05:00,PUR_IED_PabloN_S1103_50c94b,PUR_IED_PabloN_S1103_50c94b,,,,,
2026-09-12T05:56:06-05:00,PUR_IED_Palestina_S1101_db9198,PUR_IED_Palestina_S1101_db9198,,,,,
2026-09-12T05:56:06-05:00,PUR_IED_Palestina_S1102_dc54fa,PUR_IED_Palestina_S1102_dc54fa,,,,,
2026-09-12T05:56:06-05:00,PUR_IED_Palestina_ext_4ccce6,PUR_IED_Palestina_ext_4ccce6,,,,,
2026-09-12T05:56:06-05:00,PUR_IED_Panama_Fisica_4d0794,PUR_IED_Panama_Fisica_4d0794,,,,,
2026-09-12T05:56:06-05:00,PUR_IED_Panama_SIngles_a4077e,PUR_IED_Panama_SIngles_a4077e,,,,,
2026-09-12T05:56:06-05:00,PUR_IED_Panama_ext_4c54b4,PUR_IED_Panama_ext_4c54b4,,,,,
2026-09-12T05:56:06-05:00,PUR_IED_ParaisoM_Exterior_8cd7f0,PUR_IED_ParaisoM_Exterior_8cd7f0,,,,,
2026-09-12T05:56:06-05:00,PUR_IED_ParaisoM_Laborato_27af35,PUR_IED_ParaisoM_Laborato_27af35,,,,,
2026-09-12T05:56:06-05:00,PUR_IED_ParaisoM_S304_d1edca,PUR_IED_ParaisoM_S304_d1edca,,,,,
2026-09-12T05:56:06-05:00,PUR_IED_PorfirioBarba_Ext_301466,PUR_IED_PorfirioBarba_Ext_301466,,,,,
2026-09-12T05:56:06-05:00,PUR_IED_PorfirioBarba_S11_df6cd2,PUR_IED_PorfirioBarba_S11_df6cd2,,,,,
2026-09-12T05:56:06-05:00,PUR_IED_PorfirioBarba_S29_27a7d6,PUR_IED_PorfirioBarba_S29_27a7d6,,,,,
2026-09-12T05:56:06-05:00,PUR_IED_PradoV_Exter_8b27ad,PUR_IED_PradoV_Exter_8b27ad,,,,,
2026-09-12T05:56:06-05:00,PUR_IED_PradoV_S301_de65b5,PUR_IED_PradoV_S301_de65b5,,,,,
2026-09-12T05:56:06-05:00,PUR_IED_PradoV_S302_7d2593,PUR_IED_PradoV_S302_7d2593,,,,,
2026-09-12T05:56:06-05:00,PUR_IED_QuirogaAlz_Ext_1ddc82,PUR_IED_QuirogaAlz_Ext_1ddc82,,,,,
2026-09-12T05:56:06-05:00,PUR_IED_QuirogaAlz_S302_9926a3,PUR_IED_QuirogaAlz_S302_9926a3,,,,,
2026-09-12T05:56:06-05:00,PUR_IED_QuirogaAlz_S305_cdf1f1,PUR_IED_QuirogaAlz_S305_cdf1f1,,,,,
2026-09-12T05:56:06-05:00,PUR_IED_RGuatemala_Biling_dc53b7,PUR_IED_RGuatemala_Biling_dc53b7,,,,,
2026-09-12T05:56:06-05:00,PUR_IED_RGuatemala_Ext_1b89a3,PUR_IED_RGuatemala_Ext_1b89a3,,,,,
2026-09-12T05:56:06-05:00,PUR_IED_RGuatemala_Tecnol_281a34,PUR_IED_RGuatemala_Tecnol_281a34,,,,,
2026-09-12T05:56:06-05:00,PUR_IED_RafaNu_Ext_f7c302,PUR_IED_RafaNu_Ext_f7c302,,,,,
2026-09-12T05:56:06-05:00,PUR_IED_RafaNu_S1101_25fde,PUR_IED_RafaNu_S1101_25fde,,,,,
2026-09-12T05:56:06-05:00,PUR_IED_RafaNu_S1102_281517,PUR_IED_RafaNu_S1102_281517,,,,,
2026-09-12T05:56:06-05:00,PUR_IED_RafaelB_S305_ee2783,PUR_IED_RafaelB_S305_ee2783,,,,,
2026-09-12T05:56:06-05:00,PUR_IED_RafaelB_S306_75fe33,PUR_IED_RafaelB_S306_75fe33,,,,,
2026-09-12T05:56:06-05:00,PUR_IED_RafaelB_ext_283336,PUR_IED_RafaelB_ext_283336,2,18,61,4.6722,-74.0737
2026-09-12T05:56:06-05:00,PUR_IED_RafaelUU_Exterior_281a51,PUR_IED_RafaelUU_Exterior_281a51,,,,,
2026-09-12T05:56:06-05:00,PUR_IED_RafaelUU_Human_806b2,PUR_IED_RafaelUU_Human_806b2,,,,,
2026-09-12T05:56:06-05:00,PUR_IED_RafaelUU_Mate2_5680d4,PUR_IED_RafaelUU_Mate2_5680d4,,,,,
2026-09-12T05:56:06-05:00,PUR_IED_RamonSub_Ext_f9eeb9,PUR_IED_RamonSub_Ext_f9eeb9,,,,,
2026-09-12T05:56:06-05:00,PUR_IED_RamonSub_Media_d1f62f,PUR_IED_RamonSub_Media_d1f62f,,,,,
2026-09-12T05:56:06-05:00,PUR_IED_RamonSub_planta_51b82,PUR_IED_RamonSub_planta_51b82,,,,,
2026-09-12T05:56:06-05:00,PUR_IED_RepBoliVene_Exter_27af7c,PUR_IED_RepBoliVene_Exter_27af7c,,,,,
2026-09-12T05:56:06-05:00,PUR_IED_RepBoliVene_SCPT_5ae2ee,PUR_IED_RepBoliVene_SCPT_5ae2ee,,,,,
2026-09-12T05:56:06-05:00,PUR_IED_RepBoliVene_Socia_4b11d5,PUR_IED_RepBoliVene_Socia_4b11d5,,,,,
2026-09-12T05:56:06-05:00,PUR_IED_RepChina_Ext_76d9ee,PUR_IED_RepChina_Ext_76d9ee,,,,,
2026-09-12T05:56:06-05:00,PUR_IED_RepChina_S404_7c804c,PUR_IED_RepChina_S404_7c804c,,,,,
2026-09-12T05:56:06-05:00,PUR_IED_RepChina_S405_df2c33,PUR_IED_RepChina_S405_df2c33,,,,,
2026-09-12T05:56:06-05:00,PUR_IED_RepublicaC_Exteri_7d1ec9,PUR_IED_RepublicaC_Exteri_7d1ec9,,,,,
2026-09-12T05:56:06-05:00,PUR_IED_RepublicaC_S1101_f544b3,PUR_IED_RepublicaC_S1101_f544b3,,,,,
2026-09-12T05:56:06-05:00,PUR_IED_RepublicaC_S1102_7aafc7,PUR_IED_RepublicaC_S1102_7aafc7,,,,,
2026-09-12T05:56:06-05:00,PUR_IED_Ricaurte_Externo_a0ea1,PUR_IED_Ricaurte_Externo_a0ea1,,,,,
2026-09-12T05:56:06-05:00,PUR_IED_Ricaurte_S210_f546fd,PUR_IED_Ricaurte_S210_f546fd,,,,,
2026-09-12T05:56:06-05:00,PUR_IED_Ricaurte_S309_d4452,PUR_IED_Ricaurte_S309_d4452,,,,,
2026-09-12T05:56:06-05:00,PUR_IED_RogelioS_1102_531e69,PUR_IED_RogelioS_1102_531e69,,,,,
2026-09-12T05:56:06-05:00,PUR_IED_RogelioS_Ext_f25a18,PUR_IED_RogelioS_Ext_f25a18,,,,,
2026-09-12T05:56:06-05:00,PUR_IED_SBernardino_Ext_27aff8,PUR_IED_SBernardino_Ext_27aff8,,,,,
2026-09-12T05:56:06-05:00,PUR_IED_SBernardino_SArte_2ffd33,PUR_IED_SBernardino_SArte_2ffd33,,,,,
2026-09-12T05:56:06-05:00,PUR_IED_SBernardino_SIngl_7c7da5,PUR_IED_SBernardino_SIngl_7c7da5,,,,,
2026-09-12T05:56:06-05:00,PUR_IED_Sago_auditorio_dc9d1d,PUR_IED_Sago_auditorio_dc9d1d,,,,,
2026-09-12T05:56:06-05:00,PUR_IED_Saludcoop_Ext_95aac3,PUR_IED_Saludcoop_Ext_95aac3,,,,,
2026-09-12T05:56:06-05:00,PUR_IED_Saludcoop_InfI_90c854,PUR_IED_Saludcoop_InfI_90c854,,,,,
2026-09-12T05:56:06-05:00,PUR_IED_Saludcoop_SMedia_1b93be,PUR_IED_Saludcoop_SMedia_1b93be,,,,,
2026-09-12T05:56:06-05:00,PUR_IED_SanCarlos_1101_1a2360,PUR_IED_SanCarlos_1101_1a2360,,,,,
2026-09-12T05:56:06-05:00,PUR_IED_SanCarlos_1103_7bafb5,PUR_IED_SanCarlos_1103_7bafb5,,,,,
2026-09-12T05:56:06-05:00,PUR_IED_SanCarlos_Ext_b7cd1,PUR_IED_SanCarlos_Ext_b7cd1,,,,,
2026-09-12T05:56:06-05:00,PUR_IED_SanIgnacioBosa11a_50c26e,PUR_IED_SanIgnacioBosa11a_50c26e,,,,,
2026-09-12T05:56:06-05:00,PUR_IED_SanIgnacioBosa11b_371de8,PUR_IED_SanIgnacioBosa11b_371de8,,,,,
2026-09-12T05:56:06-05:00,PUR_IED_SanIgnacioBosaExt_ef0ffc,PUR_IED_SanIgnacioBosaExt_ef0ffc,,,,,
2026-09-12T05:56:06-05:00,PUR_IED_SanIgnacioBosa_11a_50c26e,PUR_IED_SanIgnacioBosa_11a_50c26e,,,,,
2026-09-12T05:56:06-05:00,PUR_IED_SanIgnacioBosa_Ext_ef0ffc,PUR_IED_SanIgnacioBosa_Ext_ef0ffc,,,,,
2026-09-12T05:56:06-05:00,PUR_IED_SanJoseN_intS1101_31c47f,PUR_IED_SanJoseN_intS1101_31c47f,,,,,
2026-09-12T05:56:06-05:00,PUR_IED_SanJoseUsm_Exter_f5d7e8,PUR_IED_SanJoseUsm_Exter_f5d7e8,,,,,
2026-09-12T05:56:06-05:00,PUR_IED_SanJoseUsm_Int11A_cfdef6,PUR_IED_SanJoseUsm_Int11A_cfdef6,,,,,
2026-09-12T05:56:06-05:00,PUR_IED_SilveriaR_IntB5_905349,PUR_IED_SilveriaR_IntB5_905349,,,,,
2026-09-12T05:56:06-05:00,PUR_IED_SilveriaR_IntSD14_981f93,PUR_IED_SilveriaR_IntSD14_981f93,,,,,
2026-09-12T05:56:06-05:00,PUR_IED_SilveriaR_ext_2b651d,PUR_IED_SilveriaR_ext_2b651d,,,,,
2026-09-12T05:56:06-05:00,PUR_IED_SimonB_Exterior_913975,PUR_IED_SimonB_Exterior_913975,,,,,
2026-09-12T05:56:06-05:00,PUR_IED_SimonB_LabQuimi_c56908,PUR_IED_SimonB_LabQuimi_c56908,,,,,
2026-09-12T05:56:06-05:00,PUR_IED_SimonB_informatic_a28c1,PUR_IED_SimonB_informatic_a28c1,,,,,
2026-09-12T05:56:06-05:00,PUR_IED_Sorrento_1102_315f50,PUR_IED_Sorrento_1102_315f50,,,,,
2026-09-12T05:56:06-05:00,PUR_IED_Sorrento_Minte_214eab,PUR_IED_Sorrento_Minte_214eab,,,,,
2026-09-12T05:56:06-05:00,PUR_IED_Sorrento_ext_7c3a0a,PUR_IED_Sorrento_ext_7c3a0a,,,,,
2026-09-12T05:56:06-05:00,PUR_IED_Tabora_Ext_f048ae,PUR_IED_Tabora_Ext_f048ae,,,,,
2026-09-12T05:56:06-05:00,PUR_IED_Tabora_S1102_b07752,PUR_IED_Tabora_S1102_b07752,,,,,
2026-09-12T05:56:06-05:00,PUR_IED_Tabora_S1103_d988f5,PUR_IED_Tabora_S1103_d988f5,,,,,
2026-09-12T05:56:06-05:00,PUR_IED_Tenerife_Ext_1ab188,PUR_IED_Tenerife_Ext_1ab188,,,,,
2026-09-12T05:56:06-05:00,PUR_IED_Tenerife_SDanzas_7bc02e,PUR_IED_Tenerife_SDanzas_7bc02e,,,,,
2026-09-12T05:56:06-05:00,PUR_IED_Tenerife_SIngles_7cc277,PUR_IED_Tenerife_SIngles_7cc277,,,,,
2026-09-12T05:56:06-05:00,PUR_IED_Tibabuyes_Exter_f2683d,PUR_IED_Tibabuyes_Exter_f2683d,,,,,
2026-09-12T05:56:06-05:00,PUR_IED_Tibabuyes_S10_dc87a8,PUR_IED_Tibabuyes_S10_dc87a8,,,,,
2026-09-12T05:56:06-05:00,PUR_IED_Tibabuyes_S15_dc0526,PUR_IED_Tibabuyes_S15_dc0526,,,,,
2026-09-12T05:56:06-05:00,PUR_IED_UnionE_S301_a1043,PUR_IED_UnionE_S301_a1043,,,,,
2026-09-12T05:56:06-05:00,PUR_IED_UnionE_S307_ff6c2f,PUR_IED_UnionE_S307_ff6c2f,,,,,
2026-09-12T05:56:06-05:00,PUR_IED_UnionE__Ext_5e2468,PUR_IED_UnionE__Ext_5e2468,,,,,
2026-09-12T05:56:06-05:00,PUR_IED_VillaRica_Ext_75be7c,PUR_IED_VillaRica_Ext_75be7c,,,,,
2026-09-12T05:56:06-05:00,PUR_IED_VillaRica_S4_cc5dcd,PUR_IED_VillaRica_S4_cc5dcd,,,,,
2026-09-12T05:56:06-05:00,PUR_IED_VillaRica_Sesp_99f5c,PUR_IED_VillaRica_Sesp_99f5c,,,,,
2026-09-12T06:01:10-05:00,PUR_IED_20deJulio_1101_91b1b9,PUR_IED_20deJulio_1101_91b1b9,,,,,
2026-09-12T06:01:10-05:00,PUR_IED_20deJulio_1102_1cfcf9,PUR_IED_20deJulio_1102_1cfcf9,,,,,
2026-09-12T06:01:10-05:00,PUR_IED_20deJulio_Ext_ab60bd,PUR_IED_20deJulio_Ext_ab60bd,,,,,
2026-09-12T06:01:10-05:00,PUR_IED_AgustinFer_Ext_7b9b77,PUR_IED_AgustinFer_Ext_7b9b77,,,,,
2026-09-12T06:01:10-05:00,PUR_IED_AgustinFer_Info2_27b3a7,PUR_IED_AgustinFer_Info2_27b3a7,,,,,
2026-09-12T06:01:10-05:00,PUR_IED_AgustinFer_Sena_54b4eb,PUR_IED_AgustinFer_Sena_54b4eb,,,,,
2026-09-12T06:01:10-05:00,PUR_IED_AlexanderF_1102_caf07b,PUR_IED_AlexanderF_1102_caf07b,,,,,
2026-09-12T06:01:10-05:00,PUR_IED_AlexanderF_1103_c79e71,PUR_IED_AlexanderF_1103_c79e71,,,,,
2026-09-12T06:01:10-05:00,PUR_IED_AlexanderF_Ext_c5b18b,PUR_IED_AlexanderF_Ext_c5b18b,,,,,
2026-09-12T06:01:10-05:00,PUR_IED_AlfonsoLopez_Ext_281d77,PUR_IED_AlfonsoLopez_Ext_281d77,,,,,
2026-09-12T06:01:10-05:00,PUR_IED_AlfonsoLopez_LabF_888ce0,PUR_IED_AlfonsoLopez_LabF_888ce0,,,,,
2026-09-12T06:01:10-05:00,PUR_IED_AlfonsoLopez_SMed_df6a7f,PUR_IED_AlfonsoLopez_SMed_df6a7f,,,,,
2026-09-12T06:01:10-05:00,PUR_IED_AltamiraSO_A2_209f92,PUR_IED_AltamiraSO_A2_209f92,,,,,
2026-09-12T06:01:10-05:00,PUR_IED_AltamiraSO_Ext_186d66,PUR_IED_AltamiraSO_Ext_186d66,,,,,
2026-09-12T06:01:10-05:00,PUR_IED_AltamiraSO_Sistem_27afe1,PUR_IED_AltamiraSO_Sistem_27afe1,,,,,
2026-09-12T06:01:10-05:00,PUR_IED_AlvaroGom_LabQuim_813179,PUR_IED_AlvaroGom_LabQuim_813179,,,,,
2026-09-12T06:01:10-05:00,PUR_IED_AlvaroGomez_Ext_47c7ca,PUR_IED_AlvaroGomez_Ext_47c7ca,,,,,
2026-09-12T06:01:10-05:00,PUR_IED_AlvaroGomez_LabQuim_813179,PUR_IED_AlvaroGomez_LabQuim_813179,,,,,
2026-09-12T06:01:10-05:00,PUR_IED_AlvaroGomez_S23_7ba89f,PUR_IED_AlvaroGomez_S23_7ba89f,,,,,
2026-09-12T06:01:10-05:00,PUR_IED_Amistad_306_dc8728,PUR_IED_Amistad_306_dc8728,,,,,
2026-09-12T06:01:10-05:00,PUR_IED_Amistad_Ext_8cd55e,PUR_IED_Amistad_Ext_8cd55e,,,,,
2026-09-12T06:01:10-05:00,PUR_IED_Amistad_S202_a41169,PUR_IED_Amistad_S202_a41169,,,,,
2026-09-12T06:01:10-05:00,PUR_IED_AndresBello_Bio_fd5f5e,PUR_IED_AndresBello_Bio_fd5f5e,,,,,
2026-09-12T06:01:10-05:00,PUR_IED_AndresBello_ext_dcad65,PUR_IED_AndresBello_ext_dcad65,,,,,
2026-09-12T06:01:10-05:00,PUR_IED_AndresBello_port_eed3ec,PUR_IED_AndresBello_port_eed3ec,,,,,
2026-09-12T06:01:10-05:00,PUR_IED_AngelaR_11b_d90a6b,PUR_IED_AngelaR_11b_d90a6b,,,,,
2026-09-12T06:01:10-05:00,PUR_IED_AngelaR_ext_7cad3e,PUR_IED_AngelaR_ext_7cad3e,4,17,66,4.5825,-74.164497
2026-09-12T06:01:10-05:00,PUR_IED_AntJoseSucre_10mo_df2575,PUR_IED_AntJoseSucre_10mo_df2575,,,,,
2026-09-12T06:01:10-05:00,PUR_IED_AntJoseSucre_Ext_215b36,PUR_IED_AntJoseSucre_Ext_215b36,,,,,
2026-09-12T06:01:10-05:00,PUR_IED_AntJoseSucre_Lab_3139de,PUR_IED_AntJoseSucre_Lab_3139de,,,,,
2026-09-12T06:01:10-05:00,PUR_IED_AntonioGarcia_301_d6b188,PUR_IED_AntonioGarcia_301_d6b188,,,,,
2026-09-12T06:01:10-05:00,PUR_IED_AntonioGarcia_302_88a82,PUR_IED_AntonioGarcia_302_88a82,,,,,
2026-09-12T06:01:10-05:00,PUR_IED_AntonioGarcia_Ext_20950c,PUR_IED_AntonioGarcia_Ext_20950c,,,,,
2026-09-12T06:01:10-05:00,PUR_IED_AntonioVan_Aula2_6dea02,PUR_IED_AntonioVan_Aula2_6dea02,,,,,
2026-09-12T06:01:10-05:00,PUR_IED_AntonioVan_Aula5_f1557e,PUR_IED_AntonioVan_Aula5_f1557e,,,,,
2026-09-12T06:01:10-05:00,PUR_IED_AntonioVan_Ext_406f2f,PUR_IED_AntonioVan_Ext_406f2f,,,,,
2026-09-12T06:01:10-05:00,PUR_IED_Atabanzha_Ext_cc5af9,PUR_IED_Atabanzha_Ext_cc5af9,,,,,
2026-09-12T06:01:10-05:00,PUR_IED_Atabanzha_SA101_56c37,PUR_IED_Atabanzha_SA101_56c37,,,,,
2026-09-12T06:01:10-05:00,PUR_IED_Atabanzha_SB302_27b374,PUR_IED_Atabanzha_SB302_27b374,,,,,
2026-09-12T06:01:10-05:00,PUR_IED_Atahualpa_Ext_fc1748,PUR_IED_Atahualpa_Ext_fc1748,,,,,
2026-09-12T06:01:10-05:00,PUR_IED_Atahualpa_Informa_dc9a95,PUR_IED_Atahualpa_Informa_dc9a95,,,,,
2026-09-12T06:01:10-05:00,PUR_IED_Atahualpa_S1101_f98056,PUR_IED_Atahualpa_S1101_f98056,,,,,
2026-09-12T06:01:10-05:00,PUR_IED_Bellavista_Ext_f5aa74,PUR_IED_Bellavista_Ext_f5aa74,,,,,
2026-09-12T06:01:10-05:00,PUR_IED_Bilbao_11A_916c41,PUR_IED_Bilbao_11A_916c41,,,,,
2026-09-12T06:01:10-05:00,PUR_IED_Bilbao_Ext_fb579a,PUR_IED_Bilbao_Ext_fb579a,,,,,
2026-09-12T06:01:10-05:00,PUR_IED_BrasiliaU_A125_304280,PUR_IED_BrasiliaU_A125_304280,,,,,
2026-09-12T06:01:10-05:00,PUR_IED_BrasiliaU_A203_7c8ca5,PUR_IED_BrasiliaU_A203_7c8ca5,,,,,
2026-09-12T06:01:10-05:00,PUR_IED_BrasiliaU_Ext_8d6e9f,PUR_IED_BrasiliaU_Ext_8d6e9f,5,16,67,4.5175,-74.116302
2026-09-12T06:01:10-05:00,PUR_IED_Brasilia_Ext_fe6593,PUR_IED_Brasilia_Ext_fe6593,,,,,
2026-09-12T06:01:10-05:00,PUR_IED_Brasilia_S24_7c130d,PUR_IED_Brasilia_S24_7c130d,,,,,
2026-09-12T06:01:10-05:00,PUR_IED_Brasilia_S501_186a54,PUR_IED_Brasilia_S501_186a54,,,,,
2026-09-12T06:01:10-05:00,PUR_IED_CHARRY_EXT_f1d5cd,PUR_IED_CHARRY_EXT_f1d5cd,,,,,
2026-09-12T06:01:10-05:00,PUR_IED_CHARRY_INTDANZAS_7a08e6,PUR_IED_CHARRY_INTDANZAS_7a08e6,,,,,
2026-09-12T06:01:10-05:00,PUR_IED_CHARRY_INT_AULA20_dc998d,PUR_IED_CHARRY_INT_AULA20_dc998d,,,,,
2026-09-12T06:01:10-05:00,PUR_IED_COLVIV_1101_S25_7f520a,PUR_IED_COLVIV_1101_S25_7f520a,,,,,
2026-09-12T06:01:10-05:00,PUR_IED_COLVIV_1102_S16_f570ba,PUR_IED_COLVIV_1102_S16_f570ba,,,,,
2026-09-12T06:01:10-05:00,PUR_IED_COLVIV_Ext_1a26fa,PUR_IED_COLVIV_Ext_1a26fa,,,,,
2026-09-12T06:01:10-05:00,PUR_IED_CULPOP_301A_f660f3,PUR_IED_CULPOP_301A_f660f3,,,,,
2026-09-12T06:01:10-05:00,PUR_IED_CULPOP_303_568afe,PUR_IED_CULPOP_303_568afe,,,,,
2026-09-12T06:01:10-05:00,PUR_IED_CULPOP_Ext_e02ccb,PUR_IED_CULPOP_Ext_e02ccb,,,,,
2026-09-12T06:01:10-05:00,PUR_IED_CVillavicen_Ext_26eb58,PUR_IED_CVillavicen_Ext_26eb58,5,13,84,4.487,-74.102798
2026-09-12T06:01:10-05:00,PUR_IED_CVillavicen_Intel_1ce5c2,PUR_IED_CVillavicen_Intel_1ce5c2,,,,,
2026-09-12T06:01:10-05:00,PUR_IED_CVillavicen_Poliv_e0766c,PUR_IED_CVillavicen_Poliv_e0766c,,,,,
2026-09-12T06:01:10-05:00,PUR_IED_CVillavicen_int_1ba140,PUR_IED_CVillavicen_int_1ba140,,,,,
2026-09-12T06:01:10-05:00,PUR_IED_CVillavicen_intel_1ba140,PUR_IED_CVillavicen_intel_1ba140,,,,,
2026-09-12T06:01:10-05:00,PUR_IED_CarlosPizarro_Ext_e307cc,PUR_IED_CarlosPizarro_Ext_e307cc,,,,,
2026-09-12T06:01:10-05:00,PUR_IED_CarlosPizarro_L36_7e5cdb,PUR_IED_CarlosPizarro_L36_7e5cdb,,,,,
2026-09-12T06:01:10-05:00,PUR_IED_CarlosPizarro_L37_c8566c,PUR_IED_CarlosPizarro_L37_c8566c,,,,,
2026-09-12T06:01:10-05:00,PUR_IED_Castilla_Ext_cf35f,PUR_IED_Castilla_Ext_cf35f,,,,,
2026-09-12T06:01:10-05:00,PUR_IED_Castilla_SFisik_360e38,PUR_IED_Castilla_SFisik_360e38,,,,,
2026-09-12T06:01:10-05:00,PUR_IED_Castilla_Sc304_496fbf,PUR_IED_Castilla_Sc304_496fbf,,,,,
2026-09-12T06:01:10-05:00,PUR_IED_CervantesSa_Ext_6b57b,PUR_IED_CervantesSa_Ext_6b57b,4,16,75,4.5128,-74.117203
2026-09-12T06:01:10-05:00,PUR_IED_CervantesSa_S107_225c2b,PUR_IED_CervantesSa_S107_225c2b,,,,,
2026-09-12T06:01:10-05:00,PUR_IED_CervantesSa_S108_940925,PUR_IED_CervantesSa_S108_940925,,,,,
2026-09-12T06:01:10-05:00,PUR_IED_Charry_A20_f53e7c,PUR_IED_Charry_A20_f53e7c,,,,,
2026-09-12T06:01:10-05:00,PUR_IED_Charry_Ext_f1d5cd,PUR_IED_Charry_Ext_f1d5cd,,,,,
2026-09-12T06:01:10-05:00,PUR_IED_Charry_IntAula20_dc998d,PUR_IED_Charry_IntAula20_dc998d,,,,,
2026-09-12T06:01:10-05:00,PUR_IED_Charry_IntDanzas_7a08e6,PUR_IED_Charry_IntDanzas_7a08e6,,,,,
2026-09-12T06:01:10-05:00,PUR_IED_ClememciaC_203_43e2fc,PUR_IED_ClememciaC_203_43e2fc,,,,,
2026-09-12T06:01:10-05:00,PUR_IED_ClememciaC_Ext_1b411a,PUR_IED_ClememciaC_Ext_1b411a,,,,,
2026-09-12T06:01:10-05:00,PUR_IED_ClememciaC_Quimic_44b5fc,PUR_IED_ClememciaC_Quimic_44b5fc,,,,,
2026-09-12T06:01:10-05:00,PUR_IED_ClemenciaC_203_43e2fc,PUR_IED_ClemenciaC_203_43e2fc,,,,,
2026-09-12T06:01:10-05:00,PUR_IED_ClemenciaC_Ext_1b411a,PUR_IED_ClemenciaC_Ext_1b411a,,,,,
2026-09-12T06:01:10-05:00,PUR_IED_ClemenciaC_Quimic_44b5fc,PUR_IED_ClemenciaC_Quimic_44b5fc,,,,,
2026-09-12T06:01:10-05:00,PUR_IED_ColViva_1101_S25_7f520a,PUR_IED_ColViva_1101_S25_7f520a,,,,,
2026-09-12T06:01:10-05:00,PUR_IED_ColViva_1102_S16_f570ba,PUR_IED_ColViva_1102_S16_f570ba,,,,,
2026-09-12T06:01:10-05:00,PUR_IED_ColViva_Ext_1a26fa,PUR_IED_ColViva_Ext_1a26fa,,,,,
2026-09-12T06:01:10-05:00,PUR_IED_ColegioBici_Asist_7c8798,PUR_IED_ColegioBici_Asist_7c8798,,,,,
2026-09-12T06:01:10-05:00,PUR_IED_ColegioBici_Ext_25cbf6,PUR_IED_ColegioBici_Ext_25cbf6,,,,,
2026-09-12T06:01:10-05:00,PUR_IED_ColegioBici_LabQ_7b57db,PUR_IED_ColegioBici_LabQ_7b57db,,,,,
2026-09-12T06:01:10-05:00,PUR_IED_CostaRica_Ext_5e640,PUR_IED_CostaRica_Ext_5e640,,,,,
2026-09-12T06:01:10-05:00,PUR_IED_CostaRica_Quim1_766d1c,PUR_IED_CostaRica_Quim1_766d1c,,,,,
2026-09-12T06:01:10-05:00,PUR_IED_CostaRica__Fisica_6f0873,PUR_IED_CostaRica__Fisica_6f0873,,,,,
2026-09-12T06:01:10-05:00,PUR_IED_CulPopu_301A_f660f3,PUR_IED_CulPopu_301A_f660f3,,,,,
2026-09-12T06:01:10-05:00,PUR_IED_CulPopu_303_568afe,PUR_IED_CulPopu_303_568afe,,,,,
2026-09-12T06:01:10-05:00,PUR_IED_CulPopu_Ext_e02ccb,PUR_IED_CulPopu_Ext_e02ccb,,,,,
2026-09-12T06:01:10-05:00,PUR_IED_Cundinamarca_Ext_f15985,PUR_IED_Cundinamarca_Ext_f15985,,,,,
2026-09-12T06:01:10-05:00,PUR_IED_Cundinamarca_Info_7aa5d7,PUR_IED_Cundinamarca_Info_7aa5d7,,,,,
2026-09-12T06:01:10-05:00,PUR_IED_Cundinamarca_Tec2_f449c7,PUR_IED_Cundinamarca_Tec2_f449c7,,,,,
2026-09-12T06:01:10-05:00,PUR_IED_DiegoM_Aula1_27b314,PUR_IED_DiegoM_Aula1_27b314,,,,,
2026-09-12T06:01:10-05:00,PUR_IED_DiegoM_Ext_d80ac8,PUR_IED_DiegoM_Ext_d80ac8,,,,,
2026-09-12T06:01:10-05:00,PUR_IED_DiegoM_S25_da928f,PUR_IED_DiegoM_S25_da928f,,,,,
2026-09-12T06:01:10-05:00,PUR_IED_ELRODEO_360881,PUR_IED_ELRODEO_360881,,,,,
2026-09-12T06:01:10-05:00,PUR_IED_ELRODEO_ext_360881,PUR_IED_ELRODEO_ext_360881,,,,,
2026-09-12T06:01:10-05:00,PUR_IED_EduardoU_Ext_1c1969,PUR_IED_EduardoU_Ext_1c1969,,,,,
2026-09-12T06:01:10-05:00,PUR_IED_EduardoU_SCiencia_4dfb94,PUR_IED_EduardoU_SCiencia_4dfb94,,,,,
2026-09-12T06:01:10-05:00,PUR_IED_EduardoU_SQuimica_5a46e7,PUR_IED_EduardoU_SQuimica_5a46e7,,,,,
2026-09-12T06:01:10-05:00,PUR_IED_ElRodeo_Aula14_676984,PUR_IED_ElRodeo_Aula14_676984,,,,,
2026-09-12T06:01:10-05:00,PUR_IED_ElRodeo_Aula16_2dd35b,PUR_IED_ElRodeo_Aula16_2dd35b,,,,,
2026-09-12T06:01:10-05:00,PUR_IED_ElRodeo_Ext_360881,PUR_IED_ElRodeo_Ext_360881,,,,,
2026-09-12T06:01:10-05:00,PUR_IED_ElRodeo_Exterior_8c6d28,PUR_IED_ElRodeo_Exterior_8c6d28,,,,,
2026-09-12T06:01:10-05:00,PUR_IED_ElRodeo_ext_360881,PUR_IED_ElRodeo_ext_360881,,,,,
2026-09-12T06:01:10-05:00,PUR_IED_EmmaReyes_Ext_987625,PUR_IED_EmmaReyes_Ext_987625,10,21,53,4.6367,-74.1511
2026-09-12T06:01:10-05:00,PUR_IED_Ensueño_Ext_7f0250,PUR_IED_Ensueño_Ext_7f0250,,,,,
2026-09-12T06:01:10-05:00,PUR_IED_EscNormal_Ext_5fef3b,PUR_IED_EscNormal_Ext_5fef3b,2,18,61,4.5852,-74.096901
2026-09-12T06:01:10-05:00,PUR_IED_EscNormal_S309_5b263,PUR_IED_EscNormal_S309_5b263,,,,,
2026-09-12T06:01:10-05:00,PUR_IED_EscNormal_S310_27b3b8,PUR_IED_EscNormal_S310_27b3b8,,,,,
2026-09-12T06:01:10-05:00,PUR_IED_Evangelista_Conta_f6cd4f,PUR_IED_Evangelista_Conta_f6cd4f,,,,,
2026-09-12T06:01:10-05:00,PUR_IED_Evangelista_Cri_5e16a,PUR_IED_Evangelista_Cri_5e16a,,,,,
2026-09-12T06:01:10-05:00,PUR_IED_Evangelista_Exter_754066,PUR_IED_Evangelista_Exter_754066,,,,,
2026-09-12T06:01:10-05:00,PUR_IED_FMiranda_S209_5cc2a3,PUR_IED_FMiranda_S209_5cc2a3,,,,,
2026-09-12T06:01:10-05:00,PUR_IED_FMiranda_S303_19e344,PUR_IED_FMiranda_S303_19e344,,,,,
2026-09-12T06:01:10-05:00,PUR_IED_FMiranda_ext_f53e7c,PUR_IED_FMiranda_ext_f53e7c,,,,,
2026-09-12T06:01:10-05:00,PUR_IED_FabioLozano_Bibli_1cee05,PUR_IED_FabioLozano_Bibli_1cee05,,,,,
2026-09-12T06:01:10-05:00,PUR_IED_FabioLozano_Ext_6ea285,PUR_IED_FabioLozano_Ext_6ea285,,,,,
2026-09-12T06:01:10-05:00,PUR_IED_FabioLozano_SLudi_f09e1e,PUR_IED_FabioLozano_SLudi_f09e1e,,,,,
2026-09-12T06:01:10-05:00,PUR_IED_FaustinoS_Aula07_27a731,PUR_IED_FaustinoS_Aula07_27a731,,,,,
2026-09-12T06:01:10-05:00,PUR_IED_FaustinoS_Ext_7b936f,PUR_IED_FaustinoS_Ext_7b936f,,,,,
2026-09-12T06:01:10-05:00,PUR_IED_FaustinoS_Fisica_da2c60,PUR_IED_FaustinoS_Fisica_da2c60,,,,,
2026-09-12T06:01:10-05:00,PUR_IED_FeGarciaLo_Ext_dc68ee,PUR_IED_FeGarciaLo_Ext_dc68ee,,,,,
2026-09-12T06:01:10-05:00,PUR_IED_FeGarciaLo_SDanza_f70a59,PUR_IED_FeGarciaLo_SDanza_f70a59,,,,,
2026-09-12T06:01:10-05:00,PUR_IED_FeGarciaLo_SMusic_125cdd,PUR_IED_FeGarciaLo_SMusic_125cdd,,,,,
2026-09-12T06:01:10-05:00,PUR_IED_FederalAlema_Exte_50c345,PUR_IED_FederalAlema_Exte_50c345,,,,,
2026-09-12T06:01:10-05:00,PUR_IED_FederalAlema_S31_f18371,PUR_IED_FederalAlema_S31_f18371,,,,,
2026-09-12T06:01:10-05:00,PUR_IED_FederalAlema_S901_a62cd,PUR_IED_FederalAlema_S901_a62cd,,,,,
2026-09-12T06:01:10-05:00,PUR_IED_FilarmonicaS_A5_f35eb1,PUR_IED_FilarmonicaS_A5_f35eb1,,,,,
2026-09-12T06:01:10-05:00,PUR_IED_FilarmonicaS_Ext_8a3bde,PUR_IED_FilarmonicaS_Ext_8a3bde,,,,,
2026-09-12T06:01:10-05:00,PUR_IED_FilarmonicaS_Spol_406114,PUR_IED_FilarmonicaS_Spol_406114,,,,,
2026-09-12T06:01:10-05:00,PUR_IED_FlorentinoG_A13_d1fa59,PUR_IED_FlorentinoG_A13_d1fa59,,,,,
2026-09-12T06:01:10-05:00,PUR_IED_FlorentinoG_Ext_1ce6ce,PUR_IED_FlorentinoG_Ext_1ce6ce,,,,,
2026-09-12T06:01:10-05:00,PUR_IED_FlorentinoG_Idiom_a66aac,PUR_IED_FlorentinoG_Idiom_a66aac,,,,,
2026-09-12T06:01:10-05:00,PUR_IED_FranciscoMati_Ext_e3869d,PUR_IED_FranciscoMati_Ext_e3869d,,,,,
2026-09-12T06:01:10-05:00,PUR_IED_FranciscoMati_S13_f31c67,PUR_IED_FranciscoMati_S13_f31c67,,,,,
2026-09-12T06:01:10-05:00,PUR_IED_FranciscoMati_S14_97dead,PUR_IED_FranciscoMati_S14_97dead,,,,,
2026-09-12T06:01:10-05:00,PUR_IED_FranciscoPS_Ext_7bfa9a,PUR_IED_FranciscoPS_Ext_7bfa9a,2,19,61,4.5899,-74.110397
2026-09-12T06:01:10-05:00,PUR_IED_FranciscoPS_Infor_fb8f4c,PUR_IED_FranciscoPS_Infor_fb8f4c,,,,,
2026-09-12T06:01:10-05:00,PUR_IED_FranciscoPS_Quimi_94d39c,PUR_IED_FranciscoPS_Quimi_94d39c,,,,,
2026-09-12T06:01:10-05:00,PUR_IED_FranciscoP_LabQ_d7e148,PUR_IED_FranciscoP_LabQ_d7e148,,,,,
2026-09-12T06:01:10-05:00,PUR_IED_FranciscoP_S28_cf9b30,PUR_IED_FranciscoP_S28_cf9b30,,,,,
2026-09-12T06:01:10-05:00,PUR_IED_FranciscoP_ext_e2313,PUR_IED_FranciscoP_ext_e2313,,,,,
2026-09-12T06:01:10-05:00,PUR_IED_FriederichN_Ext_8ac92a,PUR_IED_FriederichN_Ext_8ac92a,,,,,
2026-09-12T06:01:10-05:00,PUR_IED_FriederichN_S301_dd7e5a,PUR_IED_FriederichN_S301_dd7e5a,,,,,
2026-09-12T06:01:10-05:00,PUR_IED_FriederichN_S308_761f4f,PUR_IED_FriederichN_S308_761f4f,,,,,
2026-09-12T06:01:10-05:00,PUR_IED_GSantander_Aula10_533dd7,PUR_IED_GSantander_Aula10_533dd7,,,,,
2026-09-12T06:01:10-05:00,PUR_IED_GSantander_Aula12_fd4e4f,PUR_IED_GSantander_Aula12_fd4e4f,,,,,
2026-09-12T06:01:10-05:00,PUR_IED_GSantander_Aula310_533dd7,PUR_IED_GSantander_Aula310_533dd7,,,,,
2026-09-12T06:01:10-05:00,PUR_IED_GSantander_Aula312_fd4e4f,PUR_IED_GSantander_Aula312_fd4e4f,,,,,
2026-09-12T06:01:10-05:00,PUR_IED_GSantander_Ext_5f66b0,PUR_IED_GSantander_Ext_5f66b0,,,,,
2026-09-12T06:01:10-05:00,PUR_IED_GYomasa_Ext_f6bea5,PUR_IED_GYomasa_Ext_f6bea5,,,,,
2026-09-12T06:01:10-05:00,PUR_IED_GYomasa_LBiol_2c41aa,PUR_IED_GYomasa_LBiol_2c41aa,,,,,
2026-09-12T06:01:10-05:00,PUR_IED_GYomasa_LQuim_33c80,PUR_IED_GYomasa_LQuim_33c80,,,,,
2026-09-12T06:01:10-05:00,PUR_IED_GabBetMejia_Cienc_5a99c,PUR_IED_GabBetMejia_Cienc_5a99c,,,,,
2026-09-12T06:01:10-05:00,PUR_IED_GabBetMejia_Ext_9153d0,PUR_IED_GabBetMejia_Ext_9153d0,,,,,
2026-09-12T06:01:10-05:00,PUR_IED_GabBetMejia_Lab_f55347,PUR_IED_GabBetMejia_Lab_f55347,,,,,
2026-09-12T06:01:10-05:00,PUR_IED_GabBetanMejia_Ext_9153d0,PUR_IED_GabBetanMejia_Ext_9153d0,,,,,
2026-09-12T06:01:10-05:00,PUR_IED_Gaitana_Aula13_7aac11,PUR_IED_Gaitana_Aula13_7aac11,,,,,
2026-09-12T06:01:10-05:00,PUR_IED_Gaitana_Ext_5fcf4,PUR_IED_Gaitana_Ext_5fcf4,,,,,
2026-09-12T06:01:10-05:00,PUR_IED_Gaitana_LabFisica_644448,PUR_IED_Gaitana_LabFisica_644448,,,,,
2026-09-12T06:01:10-05:00,PUR_IED_GenSantander_Dise_8ac858,PUR_IED_GenSantander_Dise_8ac858,,,,,
2026-09-12T06:01:10-05:00,PUR_IED_GenSantander_Ext_8d5dfe,PUR_IED_GenSantander_Ext_8d5dfe,,,,,
2026-09-12T06:01:10-05:00,PUR_IED_GenSantander_Info_6c25b,PUR_IED_GenSantander_Info_6c25b,,,,,
2026-09-12T06:01:10-05:00,PUR_IED_GustavoMo_Exterio_75e63d,PUR_IED_GustavoMo_Exterio_75e63d,,,,,
2026-09-12T06:01:10-05:00,PUR_IED_GustavoMo_LabFisi_224d37,PUR_IED_GustavoMo_LabFisi_224d37,,,,,
2026-09-12T06:01:10-05:00,PUR_IED_GustavoMo_S208_3e6918,PUR_IED_GustavoMo_S208_3e6918,,,,,
2026-09-12T06:01:10-05:00,PUR_IED_GustavoR_A02_8cd4a8,PUR_IED_GustavoR_A02_8cd4a8,,,,,
2026-09-12T06:01:10-05:00,PUR_IED_GustavoR_B11_5b0ed,PUR_IED_GustavoR_B11_5b0ed,,,,,
2026-09-12T06:01:10-05:00,PUR_IED_GustavoR_Ext_7a0c90,PUR_IED_GustavoR_Ext_7a0c90,,,,,
2026-09-12T06:01:10-05:00,PUR_IED_HernandoDuran_Ext_8cd82b,PUR_IED_HernandoDuran_Ext_8cd82b,,,,,
2026-09-12T06:01:10-05:00,PUR_IED_HernandoDuran_S24_2772c6,PUR_IED_HernandoDuran_S24_2772c6,,,,,
2026-09-12T06:01:10-05:00,PUR_IED_HernandoDuran_S30_f2de41,PUR_IED_HernandoDuran_S30_f2de41,,,,,
2026-09-12T06:01:10-05:00,PUR_IED_HolguInUr_S1101_8cd732,PUR_IED_HolguInUr_S1101_8cd732,,,,,
2026-09-12T06:01:10-05:00,PUR_IED_HolguinUr_Exter_ddae6d,PUR_IED_HolguinUr_Exter_ddae6d,,,,,
2026-09-12T06:01:10-05:00,PUR_IED_HolguinUr_LabQuim_92b952,PUR_IED_HolguinUr_LabQuim_92b952,,,,,
2026-09-12T06:01:10-05:00,PUR_IED_Isabel-II_Ext_5245cc,PUR_IED_Isabel-II_Ext_5245cc,7,19,60,4.6336,-74.153
2026-09-12T06:01:10-05:00,PUR_IED_Isabel-II_S_idiom_1c29aa,PUR_IED_Isabel-II_S_idiom_1c29aa,,,,,
2026-09-12T06:01:10-05:00,PUR_IED_Isabel-II_S_infor_fd741,PUR_IED_Isabel-II_S_infor_fd741,,,,,
2026-09-12T06:01:10-05:00,PUR_IED_IsidroSur_Exterio_5b90ea,PUR_IED_IsidroSur_Exterio_5b90ea,,,,,
2026-09-12T06:01:10-05:00,PUR_IED_IsidroSur_LabTec_56697a,PUR_IED_IsidroSur_LabTec_56697a,,,,,
2026-09-12T06:01:10-05:00,PUR_IED_IsidroSur_Robotic_b7c38f,PUR_IED_IsidroSur_Robotic_b7c38f,,,,,
2026-09-12T06:01:10-05:00,PUR_IED_IsmaelPerd_Ext_7b6672,PUR_IED_IsmaelPerd_Ext_7b6672,,,,,
2026-09-12T06:01:10-05:00,PUR_IED_IsmaelPerd_Inform_306540,PUR_IED_IsmaelPerd_Inform_306540,,,,,
2026-09-12T06:01:10-05:00,PUR_IED_IsmaelPerd_S30_2e2c83,PUR_IED_IsmaelPerd_S30_2e2c83,,,,,
2026-09-12T06:01:10-05:00,PUR_IED_JLozano_Exter_432910,PUR_IED_JLozano_Exter_432910,,,,,
2026-09-12T06:01:10-05:00,PUR_IED_JLozano_salaMulti_df5125,PUR_IED_JLozano_salaMulti_df5125,,,,,
2026-09-12T06:01:10-05:00,PUR_IED_JMCordoba_206_86f80b,PUR_IED_JMCordoba_206_86f80b,,,,,
2026-09-12T06:01:10-05:00,PUR_IED_JMCordoba_Ext_27ad97,PUR_IED_JMCordoba_Ext_27ad97,,,,,
2026-09-12T06:01:10-05:00,PUR_IED_JMCordoba_S310_d59ab4,PUR_IED_JMCordoba_S310_d59ab4,,,,,
2026-09-12T06:01:10-05:00,PUR_IED_Japon_Ext_549100,PUR_IED_Japon_Ext_549100,,,,,
2026-09-12T06:01:10-05:00,PUR_IED_Japon_Laboratorio_bec51d,PUR_IED_Japon_Laboratorio_bec51d,,,,,
2026-09-12T06:01:10-05:00,PUR_IED_Japon_informatica_d99327,PUR_IED_Japon_informatica_d99327,,,,,
2026-09-12T06:01:10-05:00,PUR_IED_Jazmin_Ext_d27bda,PUR_IED_Jazmin_Ext_d27bda,,,,,
2026-09-12T06:01:10-05:00,PUR_IED_Jazmin_Fisica_8d14d7,PUR_IED_Jazmin_Fisica_8d14d7,,,,,
2026-09-12T06:01:10-05:00,PUR_IED_Jazmin_Quimica_801cb5,PUR_IED_Jazmin_Quimica_801cb5,,,,,
2026-09-12T06:01:10-05:00,PUR_IED_JorgeGaitan_Exter_f098d1,PUR_IED_JorgeGaitan_Exter_f098d1,,,,,
2026-09-12T06:01:10-05:00,PUR_IED_JorgeGaitan_STec1_dc9d1d,PUR_IED_JorgeGaitan_STec1_dc9d1d,,,,,
2026-09-12T06:01:10-05:00,PUR_IED_JorgeGaitan_STec2_281e69,PUR_IED_JorgeGaitan_STec2_281e69,,,,,
2026-09-12T06:01:10-05:00,PUR_IED_JorgeSoto_Exterio_d9d0a2,PUR_IED_JorgeSoto_Exterio_d9d0a2,,,,,
2026-09-12T06:01:10-05:00,PUR_IED_JorgeSoto_LabFisi_209c54,PUR_IED_JorgeSoto_LabFisi_209c54,,,,,
2026-09-12T06:01:10-05:00,PUR_IED_JorgeSoto_S103_27b51a,PUR_IED_JorgeSoto_S103_27b51a,,,,,
2026-09-12T06:01:10-05:00,PUR_IED_JoseAcevedo_A02_e965eb,PUR_IED_JoseAcevedo_A02_e965eb,,,,,
2026-09-12T06:01:10-05:00,PUR_IED_JoseAcevedo_A07_dd5b4,PUR_IED_JoseAcevedo_A07_dd5b4,,,,,
2026-09-12T06:01:10-05:00,PUR_IED_JoseAcevedo_Ext_b47484,PUR_IED_JoseAcevedo_Ext_b47484,,,,,
2026-09-12T06:01:10-05:00,PUR_IED_JoseMarti_Exte_5b9bf,PUR_IED_JoseMarti_Exte_5b9bf,,,,,
2026-09-12T06:01:10-05:00,PUR_IED_JoseMarti_LabQuim_1c6c2d,PUR_IED_JoseMarti_LabQuim_1c6c2d,,,,,
2026-09-12T06:01:10-05:00,PUR_IED_JoseMarti_S_info_f5f177,PUR_IED_JoseMarti_S_info_f5f177,,,,,
2026-09-12T06:01:10-05:00,PUR_IED_Josejoaquin_Ext_dfc5dc,PUR_IED_Josejoaquin_Ext_dfc5dc,,,,,
2026-09-12T06:01:10-05:00,PUR_IED_Josejoaquin_S05_5b2a96,PUR_IED_Josejoaquin_S05_5b2a96,,,,,
2026-09-12T06:01:10-05:00,PUR_IED_Josejoaquin_S06_1ce7d2,PUR_IED_Josejoaquin_S06_1ce7d2,,,,,
2026-09-12T06:01:10-05:00,PUR_IED_JulioFlorez_Danza_9b82dd,PUR_IED_JulioFlorez_Danza_9b82dd,,,,,
2026-09-12T06:01:10-05:00,PUR_IED_JulioFlorez_Exter_f9f314,PUR_IED_JulioFlorez_Exter_f9f314,,,,,
2026-09-12T06:01:10-05:00,PUR_IED_JulioFlorez_info2_6b6e08,PUR_IED_JulioFlorez_info2_6b6e08,,,,,
2026-09-12T06:01:10-05:00,PUR_IED_LaBelleza_Aula13_1d00d8,PUR_IED_LaBelleza_Aula13_1d00d8,,,,,
2026-09-12T06:01:10-05:00,PUR_IED_LaBelleza_Ext_7bc08c,PUR_IED_LaBelleza_Ext_7bc08c,,,,,
2026-09-12T06:01:10-05:00,PUR_IED_LaChucua_Ext_8cd6d2,PUR_IED_LaChucua_Ext_8cd6d2,,,,,
2026-09-12T06:01:10-05:00,PUR_IED_LaChucua_S15_f578ce,PUR_IED_LaChucua_S15_f578ce,,,,,
2026-09-12T06:01:10-05:00,PUR_IED_LaChucua_S16_eebcf9,PUR_IED_LaChucua_S16_eebcf9,,,,,
2026-09-12T06:01:10-05:00,PUR_IED_LaFelicidad_Ext_fb5109,PUR_IED_LaFelicidad_Ext_fb5109,,,,,
2026-09-12T06:01:10-05:00,PUR_IED_LaMerced_206_66ebd,PUR_IED_LaMerced_206_66ebd,,,,,
2026-09-12T06:01:10-05:00,PUR_IED_LaMerced_207_6ebd6,PUR_IED_LaMerced_207_6ebd6,,,,,
2026-09-12T06:01:10-05:00,PUR_IED_LaMerced_ext_304311,PUR_IED_LaMerced_ext_304311,,,,,
2026-09-12T06:01:10-05:00,PUR_IED_Laureano_CiencNat_281e5e,PUR_IED_Laureano_CiencNat_281e5e,,,,,
2026-09-12T06:01:10-05:00,PUR_IED_Laureano_Comedor_f65c0a,PUR_IED_Laureano_Comedor_f65c0a,,,,,
2026-09-12T06:01:10-05:00,PUR_IED_Laureano_Exterior_7ab011,PUR_IED_Laureano_Exterior_7ab011,,,,,
2026-09-12T06:01:10-05:00,PUR_IED_LeonGreiff_Exte_dfe560,PUR_IED_LeonGreiff_Exte_dfe560,,,,,
2026-09-12T06:01:10-05:00,PUR_IED_LeonGreiff_S210_f264ed,PUR_IED_LeonGreiff_S210_f264ed,,,,,
2026-09-12T06:01:10-05:00,PUR_IED_LeonGreiff_SQuimi_e8296f,PUR_IED_LeonGreiff_SQuimi_e8296f,,,,,
2026-09-12T06:01:10-05:00,PUR_IED_LlanoOrientalS208_7b9fcd,PUR_IED_LlanoOrientalS208_7b9fcd,,,,,
2026-09-12T06:01:10-05:00,PUR_IED_LlanoOriental_Ext_fb3766,PUR_IED_LlanoOriental_Ext_fb3766,,,,,
2026-09-12T06:01:10-05:00,PUR_IED_LlanoOriental_S208_7b9fcd,PUR_IED_LlanoOriental_S208_7b9fcd,,,,,
2026-09-12T06:01:10-05:00,PUR_IED_LlanoOriental_S9_27b378,PUR_IED_LlanoOriental_S9_27b378,,,,,
2026-09-12T06:01:10-05:00,PUR_IED_LosTejares_1101_477602,PUR_IED_LosTejares_1101_477602,,,,,
2026-09-12T06:01:10-05:00,PUR_IED_LosTejares_11_d2c595,PUR_IED_LosTejares_11_d2c595,,,,,
2026-09-12T06:01:10-05:00,PUR_IED_LosTejares_12_477602,PUR_IED_LosTejares_12_477602,,,,,
2026-09-12T06:01:10-05:00,PUR_IED_LosTejares_Ext_8e2115,PUR_IED_LosTejares_Ext_8e2115,,,,,
2026-09-12T06:01:10-05:00,PUR_IED_MagdalenaO_B202_5ddda3,PUR_IED_MagdalenaO_B202_5ddda3,,,,,
2026-09-12T06:01:10-05:00,PUR_IED_MagdalenaO_B205_fb76e8,PUR_IED_MagdalenaO_B205_fb76e8,,,,,
2026-09-12T06:01:10-05:00,PUR_IED_MagdalenaO_ext_dc69cd,PUR_IED_MagdalenaO_ext_dc69cd,,,,,
2026-09-12T06:01:10-05:00,PUR_IED_ManueCepeda_artes_eee956,PUR_IED_ManueCepeda_artes_eee956,,,,,
2026-09-12T06:01:10-05:00,PUR_IED_ManuelCepeda_Ext_58313,PUR_IED_ManuelCepeda_Ext_58313,,,,,
2026-09-12T06:01:10-05:00,PUR_IED_ManuelCepeda_tec_1c5731,PUR_IED_ManuelCepeda_tec_1c5731,,,,,
2026-09-12T06:01:10-05:00,PUR_IED_ManuelS_Exterior_5b269,PUR_IED_ManuelS_Exterior_5b269,,,,,
2026-09-12T06:01:10-05:00,PUR_IED_ManuelS_Inform_f369ce,PUR_IED_ManuelS_Inform_f369ce,,,,,
2026-09-12T06:01:10-05:00,PUR_IED_ManuelS_SArtes_7d15f1,PUR_IED_ManuelS_SArtes_7d15f1,,,,,
2026-09-12T06:01:10-05:00,PUR_IED_ManuelZapata_303_3ca6,PUR_IED_ManuelZapata_303_3ca6,,,,,
2026-09-12T06:01:10-05:00,PUR_IED_ManuelZapata_311_bfbabc,PUR_IED_ManuelZapata_311_bfbabc,,,,,
2026-09-12T06:01:10-05:00,PUR_IED_ManuelZapata_Ext_50824a,PUR_IED_ManuelZapata_Ext_50824a,,,,,
2026-09-12T06:01:10-05:00,PUR_IED_ManuelitaS_Exteri_656a92,PUR_IED_ManuelitaS_Exteri_656a92,,,,,
2026-09-12T06:01:10-05:00,PUR_IED_ManuelitaS_JuzgDe_f58ec3,PUR_IED_ManuelitaS_JuzgDe_f58ec3,,,,,
2026-09-12T06:01:10-05:00,PUR_IED_ManuelitaS_Recrea_d793db,PUR_IED_ManuelitaS_Recrea_d793db,,,,,
2026-09-12T06:01:10-05:00,PUR_IED_MarFidSuarez_Ext_c27b19,PUR_IED_MarFidSuarez_Ext_c27b19,,,,,
2026-09-12T06:01:10-05:00,PUR_IED_MarFidSuarez_Info_e384d7,PUR_IED_MarFidSuarez_Info_e384d7,,,,,
2026-09-12T06:01:10-05:00,PUR_IED_MarFidSuarez_S306_1d0032,PUR_IED_MarFidSuarez_S306_1d0032,,,,,
2026-09-12T06:01:10-05:00,PUR_IED_Menorah_301_2a25a3,PUR_IED_Menorah_301_2a25a3,,,,,
2026-09-12T06:01:10-05:00,PUR_IED_Menorah_306_37ed3,PUR_IED_Menorah_306_37ed3,,,,,
2026-09-12T06:01:10-05:00,PUR_IED_Menorah_Ext_3e155b,PUR_IED_Menorah_Ext_3e155b,,,,,
2026-09-12T06:01:10-05:00,PUR_IED_MinutoB.Aires_A11_1b1604,PUR_IED_MinutoB.Aires_A11_1b1604,,,,,
2026-09-12T06:01:10-05:00,PUR_IED_MinutoB.Aires_A12_fb5860,PUR_IED_MinutoB.Aires_A12_fb5860,,,,,
2026-09-12T06:01:10-05:00,PUR_IED_MinutoB.Aires_Ext_81293f,PUR_IED_MinutoB.Aires_Ext_81293f,,,,,
2026-09-12T06:01:10-05:00,PUR_IED_MinutoBAires_A11_1b1604,PUR_IED_MinutoBAires_A11_1b1604,,,,,
2026-09-12T06:01:10-05:00,PUR_IED_MinutoBAires_A12_fb5860,PUR_IED_MinutoBAires_A12_fb5860,,,,,
2026-09-12T06:01:10-05:00,PUR_IED_MinutoBAires_Ext_81293f,PUR_IED_MinutoBAires_Ext_81293f,,,,,
2026-09-12T06:01:10-05:00,PUR_IED_Montreal_Aula10_1e4959,PUR_IED_Montreal_Aula10_1e4959,,,,,
2026-09-12T06:01:10-05:00,PUR_IED_Montreal_Aula6_300367,PUR_IED_Montreal_Aula6_300367,,,,,
2026-09-12T06:01:10-05:00,PUR_IED_Montreal_Exterior_91a179,PUR_IED_Montreal_Exterior_91a179,,,,,
2026-09-12T06:01:10-05:00,PUR_IED_Mqgdalena_B202_5ddda3,PUR_IED_Mqgdalena_B202_5ddda3,,,,,
2026-09-12T06:01:10-05:00,PUR_IED_NACUND_Soc_dc8728,PUR_IED_NACUND_Soc_dc8728,,,,,
2026-09-12T06:01:10-05:00,PUR_IED_NACUND_ext_27ad97,PUR_IED_NACUND_ext_27ad97,,,,,
2026-09-12T06:01:10-05:00,PUR_IED_NEsperanza_Ext_d24b61,PUR_IED_NEsperanza_Ext_d24b61,,,,,
2026-09-12T06:01:10-05:00,PUR_IED_NEsperanza_SElect_7d1807,PUR_IED_NEsperanza_SElect_7d1807,,,,,
2026-09-12T06:01:10-05:00,PUR_IED_NEsperanza_SLabor_8b2d0a,PUR_IED_NEsperanza_SLabor_8b2d0a,,,,,
2026-09-12T06:01:10-05:00,PUR_IED_NacionesU_Ext_f661a9,PUR_IED_NacionesU_Ext_f661a9,,,,,
2026-09-12T06:01:10-05:00,PUR_IED_NacionesU_Quimica_66f0a,PUR_IED_NacionesU_Quimica_66f0a,,,,,
2026-09-12T06:01:10-05:00,PUR_IED_NacionesU_S306_1b4b3d,PUR_IED_NacionesU_S306_1b4b3d,,,,,
2026-09-12T06:01:10-05:00,PUR_IED_NestorFA_Ext_e4201c,PUR_IED_NestorFA_Ext_e4201c,,,,,
2026-09-12T06:01:10-05:00,PUR_IED_NestorFA_Laborato_f22fe0,PUR_IED_NestorFA_Laborato_f22fe0,,,,,
2026-09-12T06:01:10-05:00,PUR_IED_NestorFA_S204_dee996,PUR_IED_NestorFA_S204_dee996,,,,,
2026-09-12T06:01:10-05:00,PUR_IED_NidyaQT_Aula03_76999b,PUR_IED_NidyaQT_Aula03_76999b,,,,,
2026-09-12T06:01:10-05:00,PUR_IED_NidyaQT_Aula10_56325,PUR_IED_NidyaQT_Aula10_56325,,,,,
2026-09-12T06:01:10-05:00,PUR_IED_NidyaQT_Ext_46e32d,PUR_IED_NidyaQT_Ext_46e32d,,,,,
2026-09-12T06:01:10-05:00,PUR_IED_NuevaCol_Exterior_d9b859,PUR_IED_NuevaCol_Exterior_d9b859,,,,,
2026-09-12T06:01:10-05:00,PUR_IED_NuevaCol_S1101_76c43b,PUR_IED_NuevaCol_S1101_76c43b,,,,,
2026-09-12T06:01:10-05:00,PUR_IED_NuevaCol_S1102_1ce0b5,PUR_IED_NuevaCol_S1102_1ce0b5,,,,,
2026-09-12T06:01:10-05:00,PUR_IED_OEA_A202_f7e3f2,PUR_IED_OEA_A202_f7e3f2,,,,,
2026-09-12T06:01:10-05:00,PUR_IED_OEA_A203_7d1b8d,PUR_IED_OEA_A203_7d1b8d,,,,,
2026-09-12T06:01:10-05:00,PUR_IED_OEA_Ext_27b593,PUR_IED_OEA_Ext_27b593,,,,,
2026-09-12T06:01:10-05:00,PUR_IED_Ochoa_Ext_1c29da,PUR_IED_Ochoa_Ext_1c29da,,,,,
2026-09-12T06:01:10-05:00,PUR_IED_Ochoa_S205_8b1121,PUR_IED_Ochoa_S205_8b1121,,,,,
2026-09-12T06:01:10-05:00,PUR_IED_Ochoa_Sistemas_f33af6,PUR_IED_Ochoa_Sistemas_f33af6,,,,,
2026-09-12T06:01:10-05:00,PUR_IED_PQuebec_Ext_1c67c7,PUR_IED_PQuebec_Ext_1c67c7,,,,,
2026-09-12T06:01:10-05:00,PUR_IED_PQuebec_S15_23e8e2,PUR_IED_PQuebec_S15_23e8e2,,,,,
2026-09-12T06:01:10-05:00,PUR_IED_PQuebec_S16_8ec76b,PUR_IED_PQuebec_S16_8ec76b,,,,,
2026-09-12T06:01:10-05:00,PUR_IED_PabloN_Ext_49dc96,PUR_IED_PabloN_Ext_49dc96,,,,,
2026-09-12T06:01:10-05:00,PUR_IED_PabloN_S1102_4e3df5,PUR_IED_PabloN_S1102_4e3df5,,,,,
2026-09-12T06:01:10-05:00,PUR_IED_PabloN_S1103_50c94b,PUR_IED_PabloN_S1103_50c94b,,,,,
2026-09-12T06:01:10-05:00,PUR_IED_Palestina_S1101_db9198,PUR_IED_Palestina_S1101_db9198,,,,,
2026-09-12T06:01:10-05:00,PUR_IED_Palestina_S1102_dc54fa,PUR_IED_Palestina_S1102_dc54fa,,,,,
2026-09-12T06:01:10-05:00,PUR_IED_Palestina_ext_4ccce6,PUR_IED_Palestina_ext_4ccce6,,,,,
2026-09-12T06:01:10-05:00,PUR_IED_Panama_Fisica_4d0794,PUR_IED_Panama_Fisica_4d0794,,,,,
2026-09-12T06:01:10-05:00,PUR_IED_Panama_SIngles_a4077e,PUR_IED_Panama_SIngles_a4077e,,,,,
2026-09-12T06:01:10-05:00,PUR_IED_Panama_ext_4c54b4,PUR_IED_Panama_ext_4c54b4,,,,,
2026-09-12T06:01:10-05:00,PUR_IED_ParaisoM_Exterior_8cd7f0,PUR_IED_ParaisoM_Exterior_8cd7f0,,,,,
2026-09-12T06:01:10-05:00,PUR_IED_ParaisoM_Laborato_27af35,PUR_IED_ParaisoM_Laborato_27af35,,,,,
2026-09-12T06:01:10-05:00,PUR_IED_ParaisoM_S304_d1edca,PUR_IED_ParaisoM_S304_d1edca,,,,,
2026-09-12T06:01:10-05:00,PUR_IED_PorfirioBarba_Ext_301466,PUR_IED_PorfirioBarba_Ext_301466,,,,,
2026-09-12T06:01:10-05:00,PUR_IED_PorfirioBarba_S11_df6cd2,PUR_IED_PorfirioBarba_S11_df6cd2,,,,,
2026-09-12T06:01:10-05:00,PUR_IED_PorfirioBarba_S29_27a7d6,PUR_IED_PorfirioBarba_S29_27a7d6,,,,,
2026-09-12T06:01:10-05:00,PUR_IED_PradoV_Exter_8b27ad,PUR_IED_PradoV_Exter_8b27ad,,,,,
2026-09-12T06:01:10-05:00,PUR_IED_PradoV_S301_de65b5,PUR_IED_PradoV_S301_de65b5,,,,,
2026-09-12T06:01:10-05:00,PUR_IED_PradoV_S302_7d2593,PUR_IED_PradoV_S302_7d2593,,,,,
2026-09-12T06:01:10-05:00,PUR_IED_QuirogaAlz_Ext_1ddc82,PUR_IED_QuirogaAlz_Ext_1ddc82,,,,,
2026-09-12T06:01:10-05:00,PUR_IED_QuirogaAlz_S302_9926a3,PUR_IED_QuirogaAlz_S302_9926a3,,,,,
2026-09-12T06:01:10-05:00,PUR_IED_QuirogaAlz_S305_cdf1f1,PUR_IED_QuirogaAlz_S305_cdf1f1,,,,,
2026-09-12T06:01:10-05:00,PUR_IED_RGuatemala_Biling_dc53b7,PUR_IED_RGuatemala_Biling_dc53b7,,,,,
2026-09-12T06:01:10-05:00,PUR_IED_RGuatemala_Ext_1b89a3,PUR_IED_RGuatemala_Ext_1b89a3,,,,,
2026-09-12T06:01:10-05:00,PUR_IED_RGuatemala_Tecnol_281a34,PUR_IED_RGuatemala_Tecnol_281a34,,,,,
2026-09-12T06:01:10-05:00,PUR_IED_RafaNu_Ext_f7c302,PUR_IED_RafaNu_Ext_f7c302,,,,,
2026-09-12T06:01:10-05:00,PUR_IED_RafaNu_S1101_25fde,PUR_IED_RafaNu_S1101_25fde,,,,,
2026-09-12T06:01:10-05:00,PUR_IED_RafaNu_S1102_281517,PUR_IED_RafaNu_S1102_281517,,,,,
2026-09-12T06:01:10-05:00,PUR_IED_RafaelB_S305_ee2783,PUR_IED_RafaelB_S305_ee2783,,,,,
2026-09-12T06:01:10-05:00,PUR_IED_RafaelB_S306_75fe33,PUR_IED_RafaelB_S306_75fe33,,,,,
2026-09-12T06:01:10-05:00,PUR_IED_RafaelB_ext_283336,PUR_IED_RafaelB_ext_283336,2,18,60,4.6722,-74.0737
2026-09-12T06:01:10-05:00,PUR_IED_RafaelUU_Exterior_281a51,PUR_IED_RafaelUU_Exterior_281a51,,,,,
2026-09-12T06:01:10-05:00,PUR_IED_RafaelUU_Human_806b2,PUR_IED_RafaelUU_Human_806b2,,,,,
2026-09-12T06:01:10-05:00,PUR_IED_RafaelUU_Mate2_5680d4,PUR_IED_RafaelUU_Mate2_5680d4,,,,,
2026-09-12T06:01:10-05:00,PUR_IED_RamonSub_Ext_f9eeb9,PUR_IED_RamonSub_Ext_f9eeb9,,,,,
2026-09-12T06:01:10-05:00,PUR_IED_RamonSub_Media_d1f62f,PUR_IED_RamonSub_Media_d1f62f,,,,,
2026-09-12T06:01:10-05:00,PUR_IED_RamonSub_planta_51b82,PUR_IED_RamonSub_planta_51b82,,,,,
2026-09-12T06:01:10-05:00,PUR_IED_RepBoliVene_Exter_27af7c,PUR_IED_RepBoliVene_Exter_27af7c,,,,,
2026-09-12T06:01:10-05:00,PUR_IED_RepBoliVene_SCPT_5ae2ee,PUR_IED_RepBoliVene_SCPT_5ae2ee,,,,,
2026-09-12T06:01:10-05:00,PUR_IED_RepBoliVene_Socia_4b11d5,PUR_IED_RepBoliVene_Socia_4b11d5,,,,,
2026-09-12T06:01:10-05:00,PUR_IED_RepChina_Ext_76d9ee,PUR_IED_RepChina_Ext_76d9ee,,,,,
2026-09-12T06:01:10-05:00,PUR_IED_RepChina_S404_7c804c,PUR_IED_RepChina_S404_7c804c,,,,,
2026-09-12T06:01:10-05:00,PUR_IED_RepChina_S405_df2c33,PUR_IED_RepChina_S405_df2c33,,,,,
2026-09-12T06:01:10-05:00,PUR_IED_RepublicaC_Exteri_7d1ec9,PUR_IED_RepublicaC_Exteri_7d1ec9,,,,,
2026-09-12T06:01:10-05:00,PUR_IED_RepublicaC_S1101_f544b3,PUR_IED_RepublicaC_S1101_f544b3,,,,,
2026-09-12T06:01:10-05:00,PUR_IED_RepublicaC_S1102_7aafc7,PUR_IED_RepublicaC_S1102_7aafc7,,,,,
2026-09-12T06:01:10-05:00,PUR_IED_Ricaurte_Externo_a0ea1,PUR_IED_Ricaurte_Externo_a0ea1,,,,,
2026-09-12T06:01:10-05:00,PUR_IED_Ricaurte_S210_f546fd,PUR_IED_Ricaurte_S210_f546fd,,,,,
2026-09-12T06:01:10-05:00,PUR_IED_Ricaurte_S309_d4452,PUR_IED_Ricaurte_S309_d4452,,,,,
2026-09-12T06:01:10-05:00,PUR_IED_RogelioS_1102_531e69,PUR_IED_RogelioS_1102_531e69,,,,,
2026-09-12T06:01:10-05:00,PUR_IED_RogelioS_Ext_f25a18,PUR_IED_RogelioS_Ext_f25a18,,,,,
2026-09-12T06:01:10-05:00,PUR_IED_SBernardino_Ext_27aff8,PUR_IED_SBernardino_Ext_27aff8,,,,,
2026-09-12T06:01:10-05:00,PUR_IED_SBernardino_SArte_2ffd33,PUR_IED_SBernardino_SArte_2ffd33,,,,,
2026-09-12T06:01:10-05:00,PUR_IED_SBernardino_SIngl_7c7da5,PUR_IED_SBernardino_SIngl_7c7da5,,,,,
2026-09-12T06:01:10-05:00,PUR_IED_Sago_auditorio_dc9d1d,PUR_IED_Sago_auditorio_dc9d1d,,,,,
2026-09-12T06:01:10-05:00,PUR_IED_Saludcoop_Ext_95aac3,PUR_IED_Saludcoop_Ext_95aac3,,,,,
2026-09-12T06:01:10-05:00,PUR_IED_Saludcoop_InfI_90c854,PUR_IED_Saludcoop_InfI_90c854,,,,,
2026-09-12T06:01:10-05:00,PUR_IED_Saludcoop_SMedia_1b93be,PUR_IED_Saludcoop_SMedia_1b93be,,,,,
2026-09-12T06:01:10-05:00,PUR_IED_SanCarlos_1101_1a2360,PUR_IED_SanCarlos_1101_1a2360,,,,,
2026-09-12T06:01:10-05:00,PUR_IED_SanCarlos_1103_7bafb5,PUR_IED_SanCarlos_1103_7bafb5,,,,,
2026-09-12T06:01:10-05:00,PUR_IED_SanCarlos_Ext_b7cd1,PUR_IED_SanCarlos_Ext_b7cd1,,,,,
2026-09-12T06:01:10-05:00,PUR_IED_SanIgnacioBosa11a_50c26e,PUR_IED_SanIgnacioBosa11a_50c26e,,,,,
2026-09-12T06:01:10-05:00,PUR_IED_SanIgnacioBosa11b_371de8,PUR_IED_SanIgnacioBosa11b_371de8,,,,,
2026-09-12T06:01:10-05:00,PUR_IED_SanIgnacioBosaExt_ef0ffc,PUR_IED_SanIgnacioBosaExt_ef0ffc,,,,,
2026-09-12T06:01:10-05:00,PUR_IED_SanIgnacioBosa_11a_50c26e,PUR_IED_SanIgnacioBosa_11a_50c26e,,,,,
2026-09-12T06:01:10-05:00,PUR_IED_SanIgnacioBosa_Ext_ef0ffc,PUR_IED_SanIgnacioBosa_Ext_ef0ffc,,,,,
2026-09-12T06:01:10-05:00,PUR_IED_SanJoseN_intS1101_31c47f,PUR_IED_SanJoseN_intS1101_31c47f,,,,,
2026-09-12T06:01:10-05:00,PUR_IED_SanJoseUsm_Exter_f5d7e8,PUR_IED_SanJoseUsm_Exter_f5d7e8,,,,,
2026-09-12T06:01:10-05:00,PUR_IED_SanJoseUsm_Int11A_cfdef6,PUR_IED_SanJoseUsm_Int11A_cfdef6,,,,,
2026-09-12T06:01:10-05:00,PUR_IED_SilveriaR_IntB5_905349,PUR_IED_SilveriaR_IntB5_905349,,,,,
2026-09-12T06:01:10-05:00,PUR_IED_SilveriaR_IntSD14_981f93,PUR_IED_SilveriaR_IntSD14_981f93,,,,,
2026-09-12T06:01:10-05:00,PUR_IED_SilveriaR_ext_2b651d,PUR_IED_SilveriaR_ext_2b651d,,,,,
2026-09-12T06:01:10-05:00,PUR_IED_SimonB_Exterior_913975,PUR_IED_SimonB_Exterior_913975,,,,,
2026-09-12T06:01:10-05:00,PUR_IED_SimonB_LabQuimi_c56908,PUR_IED_SimonB_LabQuimi_c56908,,,,,
2026-09-12T06:01:10-05:00,PUR_IED_SimonB_informatic_a28c1,PUR_IED_SimonB_informatic_a28c1,,,,,
2026-09-12T06:01:10-05:00,PUR_IED_Sorrento_1102_315f50,PUR_IED_Sorrento_1102_315f50,,,,,
2026-09-12T06:01:10-05:00,PUR_IED_Sorrento_Minte_214eab,PUR_IED_Sorrento_Minte_214eab,,,,,
2026-09-12T06:01:10-05:00,PUR_IED_Sorrento_ext_7c3a0a,PUR_IED_Sorrento_ext_7c3a0a,,,,,
2026-09-12T06:01:10-05:00,PUR_IED_Tabora_Ext_f048ae,PUR_IED_Tabora_Ext_f048ae,,,,,
2026-09-12T06:01:10-05:00,PUR_IED_Tabora_S1102_b07752,PUR_IED_Tabora_S1102_b07752,,,,,
2026-09-12T06:01:10-05:00,PUR_IED_Tabora_S1103_d988f5,PUR_IED_Tabora_S1103_d988f5,,,,,
2026-09-12T06:01:10-05:00,PUR_IED_Tenerife_Ext_1ab188,PUR_IED_Tenerife_Ext_1ab188,,,,,
2026-09-12T06:01:10-05:00,PUR_IED_Tenerife_SDanzas_7bc02e,PUR_IED_Tenerife_SDanzas_7bc02e,,,,,
2026-09-12T06:01:10-05:00,PUR_IED_Tenerife_SIngles_7cc277,PUR_IED_Tenerife_SIngles_7cc277,,,,,
2026-09-12T06:01:10-05:00,PUR_IED_Tibabuyes_Exter_f2683d,PUR_IED_Tibabuyes_Exter_f2683d,,,,,
2026-09-12T06:01:10-05:00,PUR_IED_Tibabuyes_S10_dc87a8,PUR_IED_Tibabuyes_S10_dc87a8,,,,,
2026-09-12T06:01:10-05:00,PUR_IED_Tibabuyes_S15_dc0526,PUR_IED_Tibabuyes_S15_dc0526,,,,,
2026-09-12T06:01:10-05:00,PUR_IED_UnionE_S301_a1043,PUR_IED_UnionE_S301_a1043,,,,,
2026-09-12T06:01:10-05:00,PUR_IED_UnionE_S307_ff6c2f,PUR_IED_UnionE_S307_ff6c2f,,,,,
2026-09-12T06:01:10-05:00,PUR_IED_UnionE__Ext_5e2468,PUR_IED_UnionE__Ext_5e2468,,,,,
2026-09-12T06:01:10-05:00,PUR_IED_VillaRica_Ext_75be7c,PUR_IED_VillaRica_Ext_75be7c,,,,,
2026-09-12T06:01:10-05:00,PUR_IED_VillaRica_S4_cc5dcd,PUR_IED_VillaRica_S4_cc5dcd,,,,,
2026-09-12T06:01:10-05:00,PUR_IED_VillaRica_Sesp_99f5c,PUR_IED_VillaRica_Sesp_99f5c,,,,,
2026-09-12T06:06:08-05:00,PUR_IED_20deJulio_1101_91b1b9,PUR_IED_20deJulio_1101_91b1b9,,,,,
2026-09-12T06:06:08-05:00,PUR_IED_20deJulio_1102_1cfcf9,PUR_IED_20deJulio_1102_1cfcf9,,,,,
2026-09-12T06:06:08-05:00,PUR_IED_20deJulio_Ext_ab60bd,PUR_IED_20deJulio_Ext_ab60bd,,,,,
2026-09-12T06:06:08-05:00,PUR_IED_AgustinFer_Ext_7b9b77,PUR_IED_AgustinFer_Ext_7b9b77,,,,,
2026-09-12T06:06:08-05:00,PUR_IED_AgustinFer_Info2_27b3a7,PUR_IED_AgustinFer_Info2_27b3a7,,,,,
2026-09-12T06:06:08-05:00,PUR_IED_AgustinFer_Sena_54b4eb,PUR_IED_AgustinFer_Sena_54b4eb,,,,,
2026-09-12T06:06:08-05:00,PUR_IED_AlexanderF_1102_caf07b,PUR_IED_AlexanderF_1102_caf07b,,,,,
2026-09-12T06:06:08-05:00,PUR_IED_AlexanderF_1103_c79e71,PUR_IED_AlexanderF_1103_c79e71,,,,,
2026-09-12T06:06:08-05:00,PUR_IED_AlexanderF_Ext_c5b18b,PUR_IED_AlexanderF_Ext_c5b18b,,,,,
2026-09-12T06:06:08-05:00,PUR_IED_AlfonsoLopez_Ext_281d77,PUR_IED_AlfonsoLopez_Ext_281d77,,,,,
2026-09-12T06:06:08-05:00,PUR_IED_AlfonsoLopez_LabF_888ce0,PUR_IED_AlfonsoLopez_LabF_888ce0,,,,,
2026-09-12T06:06:08-05:00,PUR_IED_AlfonsoLopez_SMed_df6a7f,PUR_IED_AlfonsoLopez_SMed_df6a7f,,,,,
2026-09-12T06:06:08-05:00,PUR_IED_AltamiraSO_A2_209f92,PUR_IED_AltamiraSO_A2_209f92,,,,,
2026-09-12T06:06:08-05:00,PUR_IED_AltamiraSO_Ext_186d66,PUR_IED_AltamiraSO_Ext_186d66,,,,,
2026-09-12T06:06:08-05:00,PUR_IED_AltamiraSO_Sistem_27afe1,PUR_IED_AltamiraSO_Sistem_27afe1,,,,,
2026-09-12T06:06:08-05:00,PUR_IED_AlvaroGom_LabQuim_813179,PUR_IED_AlvaroGom_LabQuim_813179,,,,,
2026-09-12T06:06:08-05:00,PUR_IED_AlvaroGomez_Ext_47c7ca,PUR_IED_AlvaroGomez_Ext_47c7ca,,,,,
2026-09-12T06:06:08-05:00,PUR_IED_AlvaroGomez_LabQuim_813179,PUR_IED_AlvaroGomez_LabQuim_813179,,,,,
2026-09-12T06:06:08-05:00,PUR_IED_AlvaroGomez_S23_7ba89f,PUR_IED_AlvaroGomez_S23_7ba89f,,,,,
2026-09-12T06:06:08-05:00,PUR_IED_Amistad_306_dc8728,PUR_IED_Amistad_306_dc8728,,,,,
2026-09-12T06:06:08-05:00,PUR_IED_Amistad_Ext_8cd55e,PUR_IED_Amistad_Ext_8cd55e,,,,,
2026-09-12T06:06:08-05:00,PUR_IED_Amistad_S202_a41169,PUR_IED_Amistad_S202_a41169,,,,,
2026-09-12T06:06:08-05:00,PUR_IED_AndresBello_Bio_fd5f5e,PUR_IED_AndresBello_Bio_fd5f5e,,,,,
2026-09-12T06:06:08-05:00,PUR_IED_AndresBello_ext_dcad65,PUR_IED_AndresBello_ext_dcad65,,,,,
2026-09-12T06:06:08-05:00,PUR_IED_AndresBello_port_eed3ec,PUR_IED_AndresBello_port_eed3ec,,,,,
2026-09-12T06:06:08-05:00,PUR_IED_AngelaR_11b_d90a6b,PUR_IED_AngelaR_11b_d90a6b,,,,,
2026-09-12T06:06:08-05:00,PUR_IED_AngelaR_ext_7cad3e,PUR_IED_AngelaR_ext_7cad3e,5,17,67,4.5825,-74.164497
2026-09-12T06:06:08-05:00,PUR_IED_AntJoseSucre_10mo_df2575,PUR_IED_AntJoseSucre_10mo_df2575,,,,,
2026-09-12T06:06:08-05:00,PUR_IED_AntJoseSucre_Ext_215b36,PUR_IED_AntJoseSucre_Ext_215b36,,,,,
2026-09-12T06:06:08-05:00,PUR_IED_AntJoseSucre_Lab_3139de,PUR_IED_AntJoseSucre_Lab_3139de,,,,,
2026-09-12T06:06:08-05:00,PUR_IED_AntonioGarcia_301_d6b188,PUR_IED_AntonioGarcia_301_d6b188,,,,,
2026-09-12T06:06:08-05:00,PUR_IED_AntonioGarcia_302_88a82,PUR_IED_AntonioGarcia_302_88a82,,,,,
2026-09-12T06:06:08-05:00,PUR_IED_AntonioGarcia_Ext_20950c,PUR_IED_AntonioGarcia_Ext_20950c,,,,,
2026-09-12T06:06:08-05:00,PUR_IED_AntonioVan_Aula2_6dea02,PUR_IED_AntonioVan_Aula2_6dea02,,,,,
2026-09-12T06:06:08-05:00,PUR_IED_AntonioVan_Aula5_f1557e,PUR_IED_AntonioVan_Aula5_f1557e,,,,,
2026-09-12T06:06:08-05:00,PUR_IED_AntonioVan_Ext_406f2f,PUR_IED_AntonioVan_Ext_406f2f,,,,,
2026-09-12T06:06:08-05:00,PUR_IED_Atabanzha_Ext_cc5af9,PUR_IED_Atabanzha_Ext_cc5af9,,,,,
2026-09-12T06:06:08-05:00,PUR_IED_Atabanzha_SA101_56c37,PUR_IED_Atabanzha_SA101_56c37,,,,,
2026-09-12T06:06:08-05:00,PUR_IED_Atabanzha_SB302_27b374,PUR_IED_Atabanzha_SB302_27b374,,,,,
2026-09-12T06:06:08-05:00,PUR_IED_Atahualpa_Ext_fc1748,PUR_IED_Atahualpa_Ext_fc1748,,,,,
2026-09-12T06:06:08-05:00,PUR_IED_Atahualpa_Informa_dc9a95,PUR_IED_Atahualpa_Informa_dc9a95,,,,,
2026-09-12T06:06:08-05:00,PUR_IED_Atahualpa_S1101_f98056,PUR_IED_Atahualpa_S1101_f98056,,,,,
2026-09-12T06:06:08-05:00,PUR_IED_Bellavista_Ext_f5aa74,PUR_IED_Bellavista_Ext_f5aa74,,,,,
2026-09-12T06:06:08-05:00,PUR_IED_Bilbao_11A_916c41,PUR_IED_Bilbao_11A_916c41,,,,,
2026-09-12T06:06:08-05:00,PUR_IED_Bilbao_Ext_fb579a,PUR_IED_Bilbao_Ext_fb579a,,,,,
2026-09-12T06:06:08-05:00,PUR_IED_BrasiliaU_A125_304280,PUR_IED_BrasiliaU_A125_304280,,,,,
2026-09-12T06:06:08-05:00,PUR_IED_BrasiliaU_A203_7c8ca5,PUR_IED_BrasiliaU_A203_7c8ca5,,,,,
2026-09-12T06:06:08-05:00,PUR_IED_BrasiliaU_Ext_8d6e9f,PUR_IED_BrasiliaU_Ext_8d6e9f,4,16,67,4.5175,-74.116302
2026-09-12T06:06:08-05:00,PUR_IED_Brasilia_Ext_fe6593,PUR_IED_Brasilia_Ext_fe6593,,,,,
2026-09-12T06:06:08-05:00,PUR_IED_Brasilia_S24_7c130d,PUR_IED_Brasilia_S24_7c130d,,,,,
2026-09-12T06:06:08-05:00,PUR_IED_Brasilia_S501_186a54,PUR_IED_Brasilia_S501_186a54,,,,,
2026-09-12T06:06:08-05:00,PUR_IED_CHARRY_EXT_f1d5cd,PUR_IED_CHARRY_EXT_f1d5cd,,,,,
2026-09-12T06:06:08-05:00,PUR_IED_CHARRY_INTDANZAS_7a08e6,PUR_IED_CHARRY_INTDANZAS_7a08e6,,,,,
2026-09-12T06:06:08-05:00,PUR_IED_CHARRY_INT_AULA20_dc998d,PUR_IED_CHARRY_INT_AULA20_dc998d,,,,,
2026-09-12T06:06:08-05:00,PUR_IED_COLVIV_1101_S25_7f520a,PUR_IED_COLVIV_1101_S25_7f520a,,,,,
2026-09-12T06:06:08-05:00,PUR_IED_COLVIV_1102_S16_f570ba,PUR_IED_COLVIV_1102_S16_f570ba,,,,,
2026-09-12T06:06:08-05:00,PUR_IED_COLVIV_Ext_1a26fa,PUR_IED_COLVIV_Ext_1a26fa,,,,,
2026-09-12T06:06:08-05:00,PUR_IED_CULPOP_301A_f660f3,PUR_IED_CULPOP_301A_f660f3,,,,,
2026-09-12T06:06:08-05:00,PUR_IED_CULPOP_303_568afe,PUR_IED_CULPOP_303_568afe,,,,,
2026-09-12T06:06:08-05:00,PUR_IED_CULPOP_Ext_e02ccb,PUR_IED_CULPOP_Ext_e02ccb,,,,,
2026-09-12T06:06:08-05:00,PUR_IED_CVillavicen_Ext_26eb58,PUR_IED_CVillavicen_Ext_26eb58,5,13,84,4.487,-74.102798
2026-09-12T06:06:08-05:00,PUR_IED_CVillavicen_Intel_1ce5c2,PUR_IED_CVillavicen_Intel_1ce5c2,,,,,
2026-09-12T06:06:08-05:00,PUR_IED_CVillavicen_Poliv_e0766c,PUR_IED_CVillavicen_Poliv_e0766c,,,,,
2026-09-12T06:06:08-05:00,PUR_IED_CVillavicen_int_1ba140,PUR_IED_CVillavicen_int_1ba140,,,,,
2026-09-12T06:06:08-05:00,PUR_IED_CVillavicen_intel_1ba140,PUR_IED_CVillavicen_intel_1ba140,,,,,
2026-09-12T06:06:08-05:00,PUR_IED_CarlosPizarro_Ext_e307cc,PUR_IED_CarlosPizarro_Ext_e307cc,,,,,
2026-09-12T06:06:08-05:00,PUR_IED_CarlosPizarro_L36_7e5cdb,PUR_IED_CarlosPizarro_L36_7e5cdb,,,,,
2026-09-12T06:06:08-05:00,PUR_IED_CarlosPizarro_L37_c8566c,PUR_IED_CarlosPizarro_L37_c8566c,,,,,
2026-09-12T06:06:08-05:00,PUR_IED_Castilla_Ext_cf35f,PUR_IED_Castilla_Ext_cf35f,,,,,
2026-09-12T06:06:08-05:00,PUR_IED_Castilla_SFisik_360e38,PUR_IED_Castilla_SFisik_360e38,,,,,
2026-09-12T06:06:08-05:00,PUR_IED_Castilla_Sc304_496fbf,PUR_IED_Castilla_Sc304_496fbf,,,,,
2026-09-12T06:06:08-05:00,PUR_IED_CervantesSa_Ext_6b57b,PUR_IED_CervantesSa_Ext_6b57b,4,16,75,4.5128,-74.117203
2026-09-12T06:06:08-05:00,PUR_IED_CervantesSa_S107_225c2b,PUR_IED_CervantesSa_S107_225c2b,,,,,
2026-09-12T06:06:08-05:00,PUR_IED_CervantesSa_S108_940925,PUR_IED_CervantesSa_S108_940925,,,,,
2026-09-12T06:06:08-05:00,PUR_IED_Charry_A20_f53e7c,PUR_IED_Charry_A20_f53e7c,,,,,
2026-09-12T06:06:08-05:00,PUR_IED_Charry_Ext_f1d5cd,PUR_IED_Charry_Ext_f1d5cd,,,,,
2026-09-12T06:06:08-05:00,PUR_IED_Charry_IntAula20_dc998d,PUR_IED_Charry_IntAula20_dc998d,,,,,
2026-09-12T06:06:08-05:00,PUR_IED_Charry_IntDanzas_7a08e6,PUR_IED_Charry_IntDanzas_7a08e6,,,,,
2026-09-12T06:06:08-05:00,PUR_IED_ClememciaC_203_43e2fc,PUR_IED_ClememciaC_203_43e2fc,,,,,
2026-09-12T06:06:08-05:00,PUR_IED_ClememciaC_Ext_1b411a,PUR_IED_ClememciaC_Ext_1b411a,,,,,
2026-09-12T06:06:08-05:00,PUR_IED_ClememciaC_Quimic_44b5fc,PUR_IED_ClememciaC_Quimic_44b5fc,,,,,
2026-09-12T06:06:08-05:00,PUR_IED_ClemenciaC_203_43e2fc,PUR_IED_ClemenciaC_203_43e2fc,,,,,
2026-09-12T06:06:08-05:00,PUR_IED_ClemenciaC_Ext_1b411a,PUR_IED_ClemenciaC_Ext_1b411a,,,,,
2026-09-12T06:06:08-05:00,PUR_IED_ClemenciaC_Quimic_44b5fc,PUR_IED_ClemenciaC_Quimic_44b5fc,,,,,
2026-09-12T06:06:08-05:00,PUR_IED_ColViva_1101_S25_7f520a,PUR_IED_ColViva_1101_S25_7f520a,,,,,
2026-09-12T06:06:08-05:00,PUR_IED_ColViva_1102_S16_f570ba,PUR_IED_ColViva_1102_S16_f570ba,,,,,
2026-09-12T06:06:08-05:00,PUR_IED_ColViva_Ext_1a26fa,PUR_IED_ColViva_Ext_1a26fa,,,,,
2026-09-12T06:06:08-05:00,PUR_IED_ColegioBici_Asist_7c8798,PUR_IED_ColegioBici_Asist_7c8798,,,,,
2026-09-12T06:06:08-05:00,PUR_IED_ColegioBici_Ext_25cbf6,PUR_IED_ColegioBici_Ext_25cbf6,,,,,
2026-09-12T06:06:08-05:00,PUR_IED_ColegioBici_LabQ_7b57db,PUR_IED_ColegioBici_LabQ_7b57db,,,,,
2026-09-12T06:06:08-05:00,PUR_IED_CostaRica_Ext_5e640,PUR_IED_CostaRica_Ext_5e640,,,,,
2026-09-12T06:06:08-05:00,PUR_IED_CostaRica_Quim1_766d1c,PUR_IED_CostaRica_Quim1_766d1c,,,,,
2026-09-12T06:06:08-05:00,PUR_IED_CostaRica__Fisica_6f0873,PUR_IED_CostaRica__Fisica_6f0873,,,,,
2026-09-12T06:06:08-05:00,PUR_IED_CulPopu_301A_f660f3,PUR_IED_CulPopu_301A_f660f3,,,,,
2026-09-12T06:06:08-05:00,PUR_IED_CulPopu_303_568afe,PUR_IED_CulPopu_303_568afe,,,,,
2026-09-12T06:06:08-05:00,PUR_IED_CulPopu_Ext_e02ccb,PUR_IED_CulPopu_Ext_e02ccb,,,,,
2026-09-12T06:06:08-05:00,PUR_IED_Cundinamarca_Ext_f15985,PUR_IED_Cundinamarca_Ext_f15985,,,,,
2026-09-12T06:06:08-05:00,PUR_IED_Cundinamarca_Info_7aa5d7,PUR_IED_Cundinamarca_Info_7aa5d7,,,,,
2026-09-12T06:06:08-05:00,PUR_IED_Cundinamarca_Tec2_f449c7,PUR_IED_Cundinamarca_Tec2_f449c7,,,,,
2026-09-12T06:06:08-05:00,PUR_IED_DiegoM_Aula1_27b314,PUR_IED_DiegoM_Aula1_27b314,,,,,
2026-09-12T06:06:08-05:00,PUR_IED_DiegoM_Ext_d80ac8,PUR_IED_DiegoM_Ext_d80ac8,,,,,
2026-09-12T06:06:08-05:00,PUR_IED_DiegoM_S25_da928f,PUR_IED_DiegoM_S25_da928f,,,,,
2026-09-12T06:06:08-05:00,PUR_IED_ELRODEO_360881,PUR_IED_ELRODEO_360881,,,,,
2026-09-12T06:06:08-05:00,PUR_IED_ELRODEO_ext_360881,PUR_IED_ELRODEO_ext_360881,,,,,
2026-09-12T06:06:08-05:00,PUR_IED_EduardoU_Ext_1c1969,PUR_IED_EduardoU_Ext_1c1969,,,,,
2026-09-12T06:06:08-05:00,PUR_IED_EduardoU_SCiencia_4dfb94,PUR_IED_EduardoU_SCiencia_4dfb94,,,,,
2026-09-12T06:06:08-05:00,PUR_IED_EduardoU_SQuimica_5a46e7,PUR_IED_EduardoU_SQuimica_5a46e7,,,,,
2026-09-12T06:06:08-05:00,PUR_IED_ElRodeo_Aula14_676984,PUR_IED_ElRodeo_Aula14_676984,,,,,
2026-09-12T06:06:08-05:00,PUR_IED_ElRodeo_Aula16_2dd35b,PUR_IED_ElRodeo_Aula16_2dd35b,,,,,
2026-09-12T06:06:08-05:00,PUR_IED_ElRodeo_Ext_360881,PUR_IED_ElRodeo_Ext_360881,,,,,
2026-09-12T06:06:08-05:00,PUR_IED_ElRodeo_Exterior_8c6d28,PUR_IED_ElRodeo_Exterior_8c6d28,,,,,
2026-09-12T06:06:08-05:00,PUR_IED_ElRodeo_ext_360881,PUR_IED_ElRodeo_ext_360881,,,,,
2026-09-12T06:06:08-05:00,PUR_IED_EmmaReyes_Ext_987625,PUR_IED_EmmaReyes_Ext_987625,10,21,53,4.6367,-74.1511
2026-09-12T06:06:08-05:00,PUR_IED_Ensueño_Ext_7f0250,PUR_IED_Ensueño_Ext_7f0250,,,,,
2026-09-12T06:06:08-05:00,PUR_IED_EscNormal_Ext_5fef3b,PUR_IED_EscNormal_Ext_5fef3b,2,18,61,4.5852,-74.096901
2026-09-12T06:06:08-05:00,PUR_IED_EscNormal_S309_5b263,PUR_IED_EscNormal_S309_5b263,,,,,
2026-09-12T06:06:08-05:00,PUR_IED_EscNormal_S310_27b3b8,PUR_IED_EscNormal_S310_27b3b8,,,,,
2026-09-12T06:06:08-05:00,PUR_IED_Evangelista_Conta_f6cd4f,PUR_IED_Evangelista_Conta_f6cd4f,,,,,
2026-09-12T06:06:08-05:00,PUR_IED_Evangelista_Cri_5e16a,PUR_IED_Evangelista_Cri_5e16a,,,,,
2026-09-12T06:06:08-05:00,PUR_IED_Evangelista_Exter_754066,PUR_IED_Evangelista_Exter_754066,,,,,
2026-09-12T06:06:08-05:00,PUR_IED_FMiranda_S209_5cc2a3,PUR_IED_FMiranda_S209_5cc2a3,,,,,
2026-09-12T06:06:08-05:00,PUR_IED_FMiranda_S303_19e344,PUR_IED_FMiranda_S303_19e344,,,,,
2026-09-12T06:06:08-05:00,PUR_IED_FMiranda_ext_f53e7c,PUR_IED_FMiranda_ext_f53e7c,,,,,
2026-09-12T06:06:08-05:00,PUR_IED_FabioLozano_Bibli_1cee05,PUR_IED_FabioLozano_Bibli_1cee05,,,,,
2026-09-12T06:06:08-05:00,PUR_IED_FabioLozano_Ext_6ea285,PUR_IED_FabioLozano_Ext_6ea285,,,,,
2026-09-12T06:06:08-05:00,PUR_IED_FabioLozano_SLudi_f09e1e,PUR_IED_FabioLozano_SLudi_f09e1e,,,,,
2026-09-12T06:06:08-05:00,PUR_IED_FaustinoS_Aula07_27a731,PUR_IED_FaustinoS_Aula07_27a731,,,,,
2026-09-12T06:06:08-05:00,PUR_IED_FaustinoS_Ext_7b936f,PUR_IED_FaustinoS_Ext_7b936f,,,,,
2026-09-12T06:06:08-05:00,PUR_IED_FaustinoS_Fisica_da2c60,PUR_IED_FaustinoS_Fisica_da2c60,,,,,
2026-09-12T06:06:08-05:00,PUR_IED_FeGarciaLo_Ext_dc68ee,PUR_IED_FeGarciaLo_Ext_dc68ee,,,,,
2026-09-12T06:06:08-05:00,PUR_IED_FeGarciaLo_SDanza_f70a59,PUR_IED_FeGarciaLo_SDanza_f70a59,,,,,
2026-09-12T06:06:08-05:00,PUR_IED_FeGarciaLo_SMusic_125cdd,PUR_IED_FeGarciaLo_SMusic_125cdd,,,,,
2026-09-12T06:06:08-05:00,PUR_IED_FederalAlema_Exte_50c345,PUR_IED_FederalAlema_Exte_50c345,,,,,
2026-09-12T06:06:08-05:00,PUR_IED_FederalAlema_S31_f18371,PUR_IED_FederalAlema_S31_f18371,,,,,
2026-09-12T06:06:08-05:00,PUR_IED_FederalAlema_S901_a62cd,PUR_IED_FederalAlema_S901_a62cd,,,,,
2026-09-12T06:06:08-05:00,PUR_IED_FilarmonicaS_A5_f35eb1,PUR_IED_FilarmonicaS_A5_f35eb1,,,,,
2026-09-12T06:06:08-05:00,PUR_IED_FilarmonicaS_Ext_8a3bde,PUR_IED_FilarmonicaS_Ext_8a3bde,,,,,
2026-09-12T06:06:08-05:00,PUR_IED_FilarmonicaS_Spol_406114,PUR_IED_FilarmonicaS_Spol_406114,,,,,
2026-09-12T06:06:08-05:00,PUR_IED_FlorentinoG_A13_d1fa59,PUR_IED_FlorentinoG_A13_d1fa59,,,,,
2026-09-12T06:06:08-05:00,PUR_IED_FlorentinoG_Ext_1ce6ce,PUR_IED_FlorentinoG_Ext_1ce6ce,,,,,
2026-09-12T06:06:08-05:00,PUR_IED_FlorentinoG_Idiom_a66aac,PUR_IED_FlorentinoG_Idiom_a66aac,,,,,
2026-09-12T06:06:08-05:00,PUR_IED_FranciscoMati_Ext_e3869d,PUR_IED_FranciscoMati_Ext_e3869d,,,,,
2026-09-12T06:06:08-05:00,PUR_IED_FranciscoMati_S13_f31c67,PUR_IED_FranciscoMati_S13_f31c67,,,,,
2026-09-12T06:06:08-05:00,PUR_IED_FranciscoMati_S14_97dead,PUR_IED_FranciscoMati_S14_97dead,,,,,
2026-09-12T06:06:08-05:00,PUR_IED_FranciscoPS_Ext_7bfa9a,PUR_IED_FranciscoPS_Ext_7bfa9a,2,19,60,4.5899,-74.110397
2026-09-12T06:06:08-05:00,PUR_IED_FranciscoPS_Infor_fb8f4c,PUR_IED_FranciscoPS_Infor_fb8f4c,,,,,
2026-09-12T06:06:08-05:00,PUR_IED_FranciscoPS_Quimi_94d39c,PUR_IED_FranciscoPS_Quimi_94d39c,,,,,
2026-09-12T06:06:08-05:00,PUR_IED_FranciscoP_LabQ_d7e148,PUR_IED_FranciscoP_LabQ_d7e148,,,,,
2026-09-12T06:06:08-05:00,PUR_IED_FranciscoP_S28_cf9b30,PUR_IED_FranciscoP_S28_cf9b30,,,,,
2026-09-12T06:06:08-05:00,PUR_IED_FranciscoP_ext_e2313,PUR_IED_FranciscoP_ext_e2313,,,,,
2026-09-12T06:06:08-05:00,PUR_IED_FriederichN_Ext_8ac92a,PUR_IED_FriederichN_Ext_8ac92a,,,,,
2026-09-12T06:06:08-05:00,PUR_IED_FriederichN_S301_dd7e5a,PUR_IED_FriederichN_S301_dd7e5a,,,,,
2026-09-12T06:06:08-05:00,PUR_IED_FriederichN_S308_761f4f,PUR_IED_FriederichN_S308_761f4f,,,,,
2026-09-12T06:06:08-05:00,PUR_IED_GSantander_Aula10_533dd7,PUR_IED_GSantander_Aula10_533dd7,,,,,
2026-09-12T06:06:08-05:00,PUR_IED_GSantander_Aula12_fd4e4f,PUR_IED_GSantander_Aula12_fd4e4f,,,,,
2026-09-12T06:06:08-05:00,PUR_IED_GSantander_Aula310_533dd7,PUR_IED_GSantander_Aula310_533dd7,,,,,
2026-09-12T06:06:08-05:00,PUR_IED_GSantander_Aula312_fd4e4f,PUR_IED_GSantander_Aula312_fd4e4f,,,,,
2026-09-12T06:06:08-05:00,PUR_IED_GSantander_Ext_5f66b0,PUR_IED_GSantander_Ext_5f66b0,,,,,
2026-09-12T06:06:08-05:00,PUR_IED_GYomasa_Ext_f6bea5,PUR_IED_GYomasa_Ext_f6bea5,,,,,
2026-09-12T06:06:08-05:00,PUR_IED_GYomasa_LBiol_2c41aa,PUR_IED_GYomasa_LBiol_2c41aa,,,,,
2026-09-12T06:06:08-05:00,PUR_IED_GYomasa_LQuim_33c80,PUR_IED_GYomasa_LQuim_33c80,,,,,
2026-09-12T06:06:08-05:00,PUR_IED_GabBetMejia_Cienc_5a99c,PUR_IED_GabBetMejia_Cienc_5a99c,,,,,
2026-09-12T06:06:08-05:00,PUR_IED_GabBetMejia_Ext_9153d0,PUR_IED_GabBetMejia_Ext_9153d0,,,,,
2026-09-12T06:06:08-05:00,PUR_IED_GabBetMejia_Lab_f55347,PUR_IED_GabBetMejia_Lab_f55347,,,,,
2026-09-12T06:06:08-05:00,PUR_IED_GabBetanMejia_Ext_9153d0,PUR_IED_GabBetanMejia_Ext_9153d0,,,,,
2026-09-12T06:06:08-05:00,PUR_IED_Gaitana_Aula13_7aac11,PUR_IED_Gaitana_Aula13_7aac11,,,,,
2026-09-12T06:06:08-05:00,PUR_IED_Gaitana_Ext_5fcf4,PUR_IED_Gaitana_Ext_5fcf4,,,,,
2026-09-12T06:06:08-05:00,PUR_IED_Gaitana_LabFisica_644448,PUR_IED_Gaitana_LabFisica_644448,,,,,
2026-09-12T06:06:08-05:00,PUR_IED_GenSantander_Dise_8ac858,PUR_IED_GenSantander_Dise_8ac858,,,,,
2026-09-12T06:06:08-05:00,PUR_IED_GenSantander_Ext_8d5dfe,PUR_IED_GenSantander_Ext_8d5dfe,,,,,
2026-09-12T06:06:08-05:00,PUR_IED_GenSantander_Info_6c25b,PUR_IED_GenSantander_Info_6c25b,,,,,
2026-09-12T06:06:08-05:00,PUR_IED_GustavoMo_Exterio_75e63d,PUR_IED_GustavoMo_Exterio_75e63d,,,,,
2026-09-12T06:06:08-05:00,PUR_IED_GustavoMo_LabFisi_224d37,PUR_IED_GustavoMo_LabFisi_224d37,,,,,
2026-09-12T06:06:08-05:00,PUR_IED_GustavoMo_S208_3e6918,PUR_IED_GustavoMo_S208_3e6918,,,,,
2026-09-12T06:06:08-05:00,PUR_IED_GustavoR_A02_8cd4a8,PUR_IED_GustavoR_A02_8cd4a8,,,,,
2026-09-12T06:06:08-05:00,PUR_IED_GustavoR_B11_5b0ed,PUR_IED_GustavoR_B11_5b0ed,,,,,
2026-09-12T06:06:08-05:00,PUR_IED_GustavoR_Ext_7a0c90,PUR_IED_GustavoR_Ext_7a0c90,,,,,
2026-09-12T06:06:08-05:00,PUR_IED_HernandoDuran_Ext_8cd82b,PUR_IED_HernandoDuran_Ext_8cd82b,,,,,
2026-09-12T06:06:08-05:00,PUR_IED_HernandoDuran_S24_2772c6,PUR_IED_HernandoDuran_S24_2772c6,,,,,
2026-09-12T06:06:08-05:00,PUR_IED_HernandoDuran_S30_f2de41,PUR_IED_HernandoDuran_S30_f2de41,,,,,
2026-09-12T06:06:08-05:00,PUR_IED_HolguInUr_S1101_8cd732,PUR_IED_HolguInUr_S1101_8cd732,,,,,
2026-09-12T06:06:08-05:00,PUR_IED_HolguinUr_Exter_ddae6d,PUR_IED_HolguinUr_Exter_ddae6d,,,,,
2026-09-12T06:06:08-05:00,PUR_IED_HolguinUr_LabQuim_92b952,PUR_IED_HolguinUr_LabQuim_92b952,,,,,
2026-09-12T06:06:08-05:00,PUR_IED_Isabel-II_Ext_5245cc,PUR_IED_Isabel-II_Ext_5245cc,7,18,60,4.6336,-74.153
2026-09-12T06:06:08-05:00,PUR_IED_Isabel-II_S_idiom_1c29aa,PUR_IED_Isabel-II_S_idiom_1c29aa,,,,,
2026-09-12T06:06:08-05:00,PUR_IED_Isabel-II_S_infor_fd741,PUR_IED_Isabel-II_S_infor_fd741,,,,,
2026-09-12T06:06:08-05:00,PUR_IED_IsidroSur_Exterio_5b90ea,PUR_IED_IsidroSur_Exterio_5b90ea,,,,,
2026-09-12T06:06:08-05:00,PUR_IED_IsidroSur_LabTec_56697a,PUR_IED_IsidroSur_LabTec_56697a,,,,,
2026-09-12T06:06:08-05:00,PUR_IED_IsidroSur_Robotic_b7c38f,PUR_IED_IsidroSur_Robotic_b7c38f,,,,,
2026-09-12T06:06:08-05:00,PUR_IED_IsmaelPerd_Ext_7b6672,PUR_IED_IsmaelPerd_Ext_7b6672,,,,,
2026-09-12T06:06:08-05:00,PUR_IED_IsmaelPerd_Inform_306540,PUR_IED_IsmaelPerd_Inform_306540,,,,,
2026-09-12T06:06:08-05:00,PUR_IED_IsmaelPerd_S30_2e2c83,PUR_IED_IsmaelPerd_S30_2e2c83,,,,,
2026-09-12T06:06:08-05:00,PUR_IED_JLozano_Exter_432910,PUR_IED_JLozano_Exter_432910,,,,,
2026-09-12T06:06:08-05:00,PUR_IED_JLozano_salaMulti_df5125,PUR_IED_JLozano_salaMulti_df5125,,,,,
2026-09-12T06:06:08-05:00,PUR_IED_JMCordoba_206_86f80b,PUR_IED_JMCordoba_206_86f80b,,,,,
2026-09-12T06:06:08-05:00,PUR_IED_JMCordoba_Ext_27ad97,PUR_IED_JMCordoba_Ext_27ad97,,,,,
2026-09-12T06:06:08-05:00,PUR_IED_JMCordoba_S310_d59ab4,PUR_IED_JMCordoba_S310_d59ab4,,,,,
2026-09-12T06:06:08-05:00,PUR_IED_Japon_Ext_549100,PUR_IED_Japon_Ext_549100,,,,,
2026-09-12T06:06:08-05:00,PUR_IED_Japon_Laboratorio_bec51d,PUR_IED_Japon_Laboratorio_bec51d,,,,,
2026-09-12T06:06:08-05:00,PUR_IED_Japon_informatica_d99327,PUR_IED_Japon_informatica_d99327,,,,,
2026-09-12T06:06:08-05:00,PUR_IED_Jazmin_Ext_d27bda,PUR_IED_Jazmin_Ext_d27bda,,,,,
2026-09-12T06:06:08-05:00,PUR_IED_Jazmin_Fisica_8d14d7,PUR_IED_Jazmin_Fisica_8d14d7,,,,,
2026-09-12T06:06:08-05:00,PUR_IED_Jazmin_Quimica_801cb5,PUR_IED_Jazmin_Quimica_801cb5,,,,,
2026-09-12T06:06:08-05:00,PUR_IED_JorgeGaitan_Exter_f098d1,PUR_IED_JorgeGaitan_Exter_f098d1,,,,,
2026-09-12T06:06:08-05:00,PUR_IED_JorgeGaitan_STec1_dc9d1d,PUR_IED_JorgeGaitan_STec1_dc9d1d,,,,,
2026-09-12T06:06:08-05:00,PUR_IED_JorgeGaitan_STec2_281e69,PUR_IED_JorgeGaitan_STec2_281e69,,,,,
2026-09-12T06:06:08-05:00,PUR_IED_JorgeSoto_Exterio_d9d0a2,PUR_IED_JorgeSoto_Exterio_d9d0a2,,,,,
2026-09-12T06:06:08-05:00,PUR_IED_JorgeSoto_LabFisi_209c54,PUR_IED_JorgeSoto_LabFisi_209c54,,,,,
2026-09-12T06:06:08-05:00,PUR_IED_JorgeSoto_S103_27b51a,PUR_IED_JorgeSoto_S103_27b51a,,,,,
2026-09-12T06:06:08-05:00,PUR_IED_JoseAcevedo_A02_e965eb,PUR_IED_JoseAcevedo_A02_e965eb,,,,,
2026-09-12T06:06:08-05:00,PUR_IED_JoseAcevedo_A07_dd5b4,PUR_IED_JoseAcevedo_A07_dd5b4,,,,,
2026-09-12T06:06:08-05:00,PUR_IED_JoseAcevedo_Ext_b47484,PUR_IED_JoseAcevedo_Ext_b47484,,,,,
2026-09-12T06:06:08-05:00,PUR_IED_JoseMarti_Exte_5b9bf,PUR_IED_JoseMarti_Exte_5b9bf,,,,,
2026-09-12T06:06:08-05:00,PUR_IED_JoseMarti_LabQuim_1c6c2d,PUR_IED_JoseMarti_LabQuim_1c6c2d,,,,,
2026-09-12T06:06:08-05:00,PUR_IED_JoseMarti_S_info_f5f177,PUR_IED_JoseMarti_S_info_f5f177,,,,,
2026-09-12T06:06:08-05:00,PUR_IED_Josejoaquin_Ext_dfc5dc,PUR_IED_Josejoaquin_Ext_dfc5dc,,,,,
2026-09-12T06:06:08-05:00,PUR_IED_Josejoaquin_S05_5b2a96,PUR_IED_Josejoaquin_S05_5b2a96,,,,,
2026-09-12T06:06:08-05:00,PUR_IED_Josejoaquin_S06_1ce7d2,PUR_IED_Josejoaquin_S06_1ce7d2,,,,,
2026-09-12T06:06:08-05:00,PUR_IED_JulioFlorez_Danza_9b82dd,PUR_IED_JulioFlorez_Danza_9b82dd,,,,,
2026-09-12T06:06:08-05:00,PUR_IED_JulioFlorez_Exter_f9f314,PUR_IED_JulioFlorez_Exter_f9f314,,,,,
2026-09-12T06:06:08-05:00,PUR_IED_JulioFlorez_info2_6b6e08,PUR_IED_JulioFlorez_info2_6b6e08,,,,,
2026-09-12T06:06:08-05:00,PUR_IED_LaBelleza_Aula13_1d00d8,PUR_IED_LaBelleza_Aula13_1d00d8,,,,,
2026-09-12T06:06:08-05:00,PUR_IED_LaBelleza_Ext_7bc08c,PUR_IED_LaBelleza_Ext_7bc08c,,,,,
2026-09-12T06:06:08-05:00,PUR_IED_LaChucua_Ext_8cd6d2,PUR_IED_LaChucua_Ext_8cd6d2,,,,,
2026-09-12T06:06:08-05:00,PUR_IED_LaChucua_S15_f578ce,PUR_IED_LaChucua_S15_f578ce,,,,,
2026-09-12T06:06:08-05:00,PUR_IED_LaChucua_S16_eebcf9,PUR_IED_LaChucua_S16_eebcf9,,,,,
2026-09-12T06:06:08-05:00,PUR_IED_LaFelicidad_Ext_fb5109,PUR_IED_LaFelicidad_Ext_fb5109,,,,,
2026-09-12T06:06:08-05:00,PUR_IED_LaMerced_206_66ebd,PUR_IED_LaMerced_206_66ebd,,,,,
2026-09-12T06:06:08-05:00,PUR_IED_LaMerced_207_6ebd6,PUR_IED_LaMerced_207_6ebd6,,,,,
2026-09-12T06:06:08-05:00,PUR_IED_LaMerced_ext_304311,PUR_IED_LaMerced_ext_304311,,,,,
2026-09-12T06:06:08-05:00,PUR_IED_Laureano_CiencNat_281e5e,PUR_IED_Laureano_CiencNat_281e5e,,,,,
2026-09-12T06:06:08-05:00,PUR_IED_Laureano_Comedor_f65c0a,PUR_IED_Laureano_Comedor_f65c0a,,,,,
2026-09-12T06:06:08-05:00,PUR_IED_Laureano_Exterior_7ab011,PUR_IED_Laureano_Exterior_7ab011,,,,,
2026-09-12T06:06:08-05:00,PUR_IED_LeonGreiff_Exte_dfe560,PUR_IED_LeonGreiff_Exte_dfe560,,,,,
2026-09-12T06:06:08-05:00,PUR_IED_LeonGreiff_S210_f264ed,PUR_IED_LeonGreiff_S210_f264ed,,,,,
2026-09-12T06:06:08-05:00,PUR_IED_LeonGreiff_SQuimi_e8296f,PUR_IED_LeonGreiff_SQuimi_e8296f,,,,,
2026-09-12T06:06:08-05:00,PUR_IED_LlanoOrientalS208_7b9fcd,PUR_IED_LlanoOrientalS208_7b9fcd,,,,,
2026-09-12T06:06:08-05:00,PUR_IED_LlanoOriental_Ext_fb3766,PUR_IED_LlanoOriental_Ext_fb3766,,,,,
2026-09-12T06:06:08-05:00,PUR_IED_LlanoOriental_S208_7b9fcd,PUR_IED_LlanoOriental_S208_7b9fcd,,,,,
2026-09-12T06:06:08-05:00,PUR_IED_LlanoOriental_S9_27b378,PUR_IED_LlanoOriental_S9_27b378,,,,,
2026-09-12T06:06:08-05:00,PUR_IED_LosTejares_1101_477602,PUR_IED_LosTejares_1101_477602,,,,,
2026-09-12T06:06:08-05:00,PUR_IED_LosTejares_11_d2c595,PUR_IED_LosTejares_11_d2c595,,,,,
2026-09-12T06:06:08-05:00,PUR_IED_LosTejares_12_477602,PUR_IED_LosTejares_12_477602,,,,,
2026-09-12T06:06:08-05:00,PUR_IED_LosTejares_Ext_8e2115,PUR_IED_LosTejares_Ext_8e2115,,,,,
2026-09-12T06:06:08-05:00,PUR_IED_MagdalenaO_B202_5ddda3,PUR_IED_MagdalenaO_B202_5ddda3,,,,,
2026-09-12T06:06:08-05:00,PUR_IED_MagdalenaO_B205_fb76e8,PUR_IED_MagdalenaO_B205_fb76e8,,,,,
2026-09-12T06:06:08-05:00,PUR_IED_MagdalenaO_ext_dc69cd,PUR_IED_MagdalenaO_ext_dc69cd,,,,,
2026-09-12T06:06:08-05:00,PUR_IED_ManueCepeda_artes_eee956,PUR_IED_ManueCepeda_artes_eee956,,,,,
2026-09-12T06:06:08-05:00,PUR_IED_ManuelCepeda_Ext_58313,PUR_IED_ManuelCepeda_Ext_58313,,,,,
2026-09-12T06:06:08-05:00,PUR_IED_ManuelCepeda_tec_1c5731,PUR_IED_ManuelCepeda_tec_1c5731,,,,,
2026-09-12T06:06:08-05:00,PUR_IED_ManuelS_Exterior_5b269,PUR_IED_ManuelS_Exterior_5b269,,,,,
2026-09-12T06:06:08-05:00,PUR_IED_ManuelS_Inform_f369ce,PUR_IED_ManuelS_Inform_f369ce,,,,,
2026-09-12T06:06:08-05:00,PUR_IED_ManuelS_SArtes_7d15f1,PUR_IED_ManuelS_SArtes_7d15f1,,,,,
2026-09-12T06:06:08-05:00,PUR_IED_ManuelZapata_303_3ca6,PUR_IED_ManuelZapata_303_3ca6,,,,,
2026-09-12T06:06:08-05:00,PUR_IED_ManuelZapata_311_bfbabc,PUR_IED_ManuelZapata_311_bfbabc,,,,,
2026-09-12T06:06:08-05:00,PUR_IED_ManuelZapata_Ext_50824a,PUR_IED_ManuelZapata_Ext_50824a,,,,,
2026-09-12T06:06:08-05:00,PUR_IED_ManuelitaS_Exteri_656a92,PUR_IED_ManuelitaS_Exteri_656a92,,,,,
2026-09-12T06:06:08-05:00,PUR_IED_ManuelitaS_JuzgDe_f58ec3,PUR_IED_ManuelitaS_JuzgDe_f58ec3,,,,,
2026-09-12T06:06:08-05:00,PUR_IED_ManuelitaS_Recrea_d793db,PUR_IED_ManuelitaS_Recrea_d793db,,,,,
2026-09-12T06:06:08-05:00,PUR_IED_MarFidSuarez_Ext_c27b19,PUR_IED_MarFidSuarez_Ext_c27b19,,,,,
2026-09-12T06:06:08-05:00,PUR_IED_MarFidSuarez_Info_e384d7,PUR_IED_MarFidSuarez_Info_e384d7,,,,,
2026-09-12T06:06:08-05:00,PUR_IED_MarFidSuarez_S306_1d0032,PUR_IED_MarFidSuarez_S306_1d0032,,,,,
2026-09-12T06:06:08-05:00,PUR_IED_Menorah_301_2a25a3,PUR_IED_Menorah_301_2a25a3,,,,,
2026-09-12T06:06:08-05:00,PUR_IED_Menorah_306_37ed3,PUR_IED_Menorah_306_37ed3,,,,,
2026-09-12T06:06:08-05:00,PUR_IED_Menorah_Ext_3e155b,PUR_IED_Menorah_Ext_3e155b,,,,,
2026-09-12T06:06:08-05:00,PUR_IED_MinutoB.Aires_A11_1b1604,PUR_IED_MinutoB.Aires_A11_1b1604,,,,,
2026-09-12T06:06:08-05:00,PUR_IED_MinutoB.Aires_A12_fb5860,PUR_IED_MinutoB.Aires_A12_fb5860,,,,,
2026-09-12T06:06:08-05:00,PUR_IED_MinutoB.Aires_Ext_81293f,PUR_IED_MinutoB.Aires_Ext_81293f,,,,,
2026-09-12T06:06:08-05:00,PUR_IED_MinutoBAires_A11_1b1604,PUR_IED_MinutoBAires_A11_1b1604,,,,,
2026-09-12T06:06:08-05:00,PUR_IED_MinutoBAires_A12_fb5860,PUR_IED_MinutoBAires_A12_fb5860,,,,,
2026-09-12T06:06:08-05:00,PUR_IED_MinutoBAires_Ext_81293f,PUR_IED_MinutoBAires_Ext_81293f,,,,,
2026-09-12T06:06:08-05:00,PUR_IED_Montreal_Aula10_1e4959,PUR_IED_Montreal_Aula10_1e4959,,,,,
2026-09-12T06:06:08-05:00,PUR_IED_Montreal_Aula6_300367,PUR_IED_Montreal_Aula6_300367,,,,,
2026-09-12T06:06:08-05:00,PUR_IED_Montreal_Exterior_91a179,PUR_IED_Montreal_Exterior_91a179,,,,,
2026-09-12T06:06:08-05:00,PUR_IED_Mqgdalena_B202_5ddda3,PUR_IED_Mqgdalena_B202_5ddda3,,,,,
2026-09-12T06:06:08-05:00,PUR_IED_NACUND_Soc_dc8728,PUR_IED_NACUND_Soc_dc8728,,,,,
2026-09-12T06:06:08-05:00,PUR_IED_NACUND_ext_27ad97,PUR_IED_NACUND_ext_27ad97,,,,,
2026-09-12T06:06:08-05:00,PUR_IED_NEsperanza_Ext_d24b61,PUR_IED_NEsperanza_Ext_d24b61,,,,,
2026-09-12T06:06:08-05:00,PUR_IED_NEsperanza_SElect_7d1807,PUR_IED_NEsperanza_SElect_7d1807,,,,,
2026-09-12T06:06:08-05:00,PUR_IED_NEsperanza_SLabor_8b2d0a,PUR_IED_NEsperanza_SLabor_8b2d0a,,,,,
2026-09-12T06:06:08-05:00,PUR_IED_NacionesU_Ext_f661a9,PUR_IED_NacionesU_Ext_f661a9,,,,,
2026-09-12T06:06:08-05:00,PUR_IED_NacionesU_Quimica_66f0a,PUR_IED_NacionesU_Quimica_66f0a,,,,,
2026-09-12T06:06:08-05:00,PUR_IED_NacionesU_S306_1b4b3d,PUR_IED_NacionesU_S306_1b4b3d,,,,,
2026-09-12T06:06:08-05:00,PUR_IED_NestorFA_Ext_e4201c,PUR_IED_NestorFA_Ext_e4201c,,,,,
2026-09-12T06:06:08-05:00,PUR_IED_NestorFA_Laborato_f22fe0,PUR_IED_NestorFA_Laborato_f22fe0,,,,,
2026-09-12T06:06:08-05:00,PUR_IED_NestorFA_S204_dee996,PUR_IED_NestorFA_S204_dee996,,,,,
2026-09-12T06:06:08-05:00,PUR_IED_NidyaQT_Aula03_76999b,PUR_IED_NidyaQT_Aula03_76999b,,,,,
2026-09-12T06:06:08-05:00,PUR_IED_NidyaQT_Aula10_56325,PUR_IED_NidyaQT_Aula10_56325,,,,,
2026-09-12T06:06:08-05:00,PUR_IED_NidyaQT_Ext_46e32d,PUR_IED_NidyaQT_Ext_46e32d,,,,,
2026-09-12T06:06:08-05:00,PUR_IED_NuevaCol_Exterior_d9b859,PUR_IED_NuevaCol_Exterior_d9b859,,,,,
2026-09-12T06:06:08-05:00,PUR_IED_NuevaCol_S1101_76c43b,PUR_IED_NuevaCol_S1101_76c43b,,,,,
2026-09-12T06:06:08-05:00,PUR_IED_NuevaCol_S1102_1ce0b5,PUR_IED_NuevaCol_S1102_1ce0b5,,,,,
2026-09-12T06:06:08-05:00,PUR_IED_OEA_A202_f7e3f2,PUR_IED_OEA_A202_f7e3f2,,,,,
2026-09-12T06:06:08-05:00,PUR_IED_OEA_A203_7d1b8d,PUR_IED_OEA_A203_7d1b8d,,,,,
2026-09-12T06:06:08-05:00,PUR_IED_OEA_Ext_27b593,PUR_IED_OEA_Ext_27b593,,,,,
2026-09-12T06:06:08-05:00,PUR_IED_Ochoa_Ext_1c29da,PUR_IED_Ochoa_Ext_1c29da,,,,,
2026-09-12T06:06:08-05:00,PUR_IED_Ochoa_S205_8b1121,PUR_IED_Ochoa_S205_8b1121,,,,,
2026-09-12T06:06:08-05:00,PUR_IED_Ochoa_Sistemas_f33af6,PUR_IED_Ochoa_Sistemas_f33af6,,,,,
2026-09-12T06:06:08-05:00,PUR_IED_PQuebec_Ext_1c67c7,PUR_IED_PQuebec_Ext_1c67c7,,,,,
2026-09-12T06:06:08-05:00,PUR_IED_PQuebec_S15_23e8e2,PUR_IED_PQuebec_S15_23e8e2,,,,,
2026-09-12T06:06:08-05:00,PUR_IED_PQuebec_S16_8ec76b,PUR_IED_PQuebec_S16_8ec76b,,,,,
2026-09-12T06:06:08-05:00,PUR_IED_PabloN_Ext_49dc96,PUR_IED_PabloN_Ext_49dc96,,,,,
2026-09-12T06:06:08-05:00,PUR_IED_PabloN_S1102_4e3df5,PUR_IED_PabloN_S1102_4e3df5,,,,,
2026-09-12T06:06:08-05:00,PUR_IED_PabloN_S1103_50c94b,PUR_IED_PabloN_S1103_50c94b,,,,,
2026-09-12T06:06:08-05:00,PUR_IED_Palestina_S1101_db9198,PUR_IED_Palestina_S1101_db9198,,,,,
2026-09-12T06:06:08-05:00,PUR_IED_Palestina_S1102_dc54fa,PUR_IED_Palestina_S1102_dc54fa,,,,,
2026-09-12T06:06:08-05:00,PUR_IED_Palestina_ext_4ccce6,PUR_IED_Palestina_ext_4ccce6,,,,,
2026-09-12T06:06:08-05:00,PUR_IED_Panama_Fisica_4d0794,PUR_IED_Panama_Fisica_4d0794,,,,,
2026-09-12T06:06:08-05:00,PUR_IED_Panama_SIngles_a4077e,PUR_IED_Panama_SIngles_a4077e,,,,,
2026-09-12T06:06:08-05:00,PUR_IED_Panama_ext_4c54b4,PUR_IED_Panama_ext_4c54b4,,,,,
2026-09-12T06:06:08-05:00,PUR_IED_ParaisoM_Exterior_8cd7f0,PUR_IED_ParaisoM_Exterior_8cd7f0,,,,,
2026-09-12T06:06:08-05:00,PUR_IED_ParaisoM_Laborato_27af35,PUR_IED_ParaisoM_Laborato_27af35,,,,,
2026-09-12T06:06:08-05:00,PUR_IED_ParaisoM_S304_d1edca,PUR_IED_ParaisoM_S304_d1edca,,,,,
2026-09-12T06:06:08-05:00,PUR_IED_PorfirioBarba_Ext_301466,PUR_IED_PorfirioBarba_Ext_301466,,,,,
2026-09-12T06:06:08-05:00,PUR_IED_PorfirioBarba_S11_df6cd2,PUR_IED_PorfirioBarba_S11_df6cd2,,,,,
2026-09-12T06:06:08-05:00,PUR_IED_PorfirioBarba_S29_27a7d6,PUR_IED_PorfirioBarba_S29_27a7d6,,,,,
2026-09-12T06:06:08-05:00,PUR_IED_PradoV_Exter_8b27ad,PUR_IED_PradoV_Exter_8b27ad,,,,,
2026-09-12T06:06:08-05:00,PUR_IED_PradoV_S301_de65b5,PUR_IED_PradoV_S301_de65b5,,,,,
2026-09-12T06:06:08-05:00,PUR_IED_PradoV_S302_7d2593,PUR_IED_PradoV_S302_7d2593,,,,,
2026-09-12T06:06:08-05:00,PUR_IED_QuirogaAlz_Ext_1ddc82,PUR_IED_QuirogaAlz_Ext_1ddc82,,,,,
2026-09-12T06:06:08-05:00,PUR_IED_QuirogaAlz_S302_9926a3,PUR_IED_QuirogaAlz_S302_9926a3,,,,,
2026-09-12T06:06:08-05:00,PUR_IED_QuirogaAlz_S305_cdf1f1,PUR_IED_QuirogaAlz_S305_cdf1f1,,,,,
2026-09-12T06:06:08-05:00,PUR_IED_RGuatemala_Biling_dc53b7,PUR_IED_RGuatemala_Biling_dc53b7,,,,,
2026-09-12T06:06:08-05:00,PUR_IED_RGuatemala_Ext_1b89a3,PUR_IED_RGuatemala_Ext_1b89a3,,,,,
2026-09-12T06:06:08-05:00,PUR_IED_RGuatemala_Tecnol_281a34,PUR_IED_RGuatemala_Tecnol_281a34,,,,,
2026-09-12T06:06:08-05:00,PUR_IED_RafaNu_Ext_f7c302,PUR_IED_RafaNu_Ext_f7c302,,,,,
2026-09-12T06:06:08-05:00,PUR_IED_RafaNu_S1101_25fde,PUR_IED_RafaNu_S1101_25fde,,,,,
2026-09-12T06:06:08-05:00,PUR_IED_RafaNu_S1102_281517,PUR_IED_RafaNu_S1102_281517,,,,,
2026-09-12T06:06:08-05:00,PUR_IED_RafaelB_S305_ee2783,PUR_IED_RafaelB_S305_ee2783,,,,,
2026-09-12T06:06:08-05:00,PUR_IED_RafaelB_S306_75fe33,PUR_IED_RafaelB_S306_75fe33,,,,,
2026-09-12T06:06:08-05:00,PUR_IED_RafaelB_ext_283336,PUR_IED_RafaelB_ext_283336,2,18,60,4.6722,-74.0737
2026-09-12T06:06:08-05:00,PUR_IED_RafaelUU_Exterior_281a51,PUR_IED_RafaelUU_Exterior_281a51,,,,,
2026-09-12T06:06:08-05:00,PUR_IED_RafaelUU_Human_806b2,PUR_IED_RafaelUU_Human_806b2,,,,,
2026-09-12T06:06:08-05:00,PUR_IED_RafaelUU_Mate2_5680d4,PUR_IED_RafaelUU_Mate2_5680d4,,,,,
2026-09-12T06:06:08-05:00,PUR_IED_RamonSub_Ext_f9eeb9,PUR_IED_RamonSub_Ext_f9eeb9,,,,,
2026-09-12T06:06:08-05:00,PUR_IED_RamonSub_Media_d1f62f,PUR_IED_RamonSub_Media_d1f62f,,,,,
2026-09-12T06:06:08-05:00,PUR_IED_RamonSub_planta_51b82,PUR_IED_RamonSub_planta_51b82,,,,,
2026-09-12T06:06:08-05:00,PUR_IED_RepBoliVene_Exter_27af7c,PUR_IED_RepBoliVene_Exter_27af7c,,,,,
2026-09-12T06:06:08-05:00,PUR_IED_RepBoliVene_SCPT_5ae2ee,PUR_IED_RepBoliVene_SCPT_5ae2ee,,,,,
2026-09-12T06:06:08-05:00,PUR_IED_RepBoliVene_Socia_4b11d5,PUR_IED_RepBoliVene_Socia_4b11d5,,,,,
2026-09-12T06:06:08-05:00,PUR_IED_RepChina_Ext_76d9ee,PUR_IED_RepChina_Ext_76d9ee,,,,,
2026-09-12T06:06:08-05:00,PUR_IED_RepChina_S404_7c804c,PUR_IED_RepChina_S404_7c804c,,,,,
2026-09-12T06:06:08-05:00,PUR_IED_RepChina_S405_df2c33,PUR_IED_RepChina_S405_df2c33,,,,,
2026-09-12T06:06:08-05:00,PUR_IED_RepublicaC_Exteri_7d1ec9,PUR_IED_RepublicaC_Exteri_7d1ec9,,,,,
2026-09-12T06:06:08-05:00,PUR_IED_RepublicaC_S1101_f544b3,PUR_IED_RepublicaC_S1101_f544b3,,,,,
2026-09-12T06:06:08-05:00,PUR_IED_RepublicaC_S1102_7aafc7,PUR_IED_RepublicaC_S1102_7aafc7,,,,,
2026-09-12T06:06:08-05:00,PUR_IED_Ricaurte_Externo_a0ea1,PUR_IED_Ricaurte_Externo_a0ea1,,,,,
2026-09-12T06:06:08-05:00,PUR_IED_Ricaurte_S210_f546fd,PUR_IED_Ricaurte_S210_f546fd,,,,,
2026-09-12T06:06:08-05:00,PUR_IED_Ricaurte_S309_d4452,PUR_IED_Ricaurte_S309_d4452,,,,,
2026-09-12T06:06:08-05:00,PUR_IED_RogelioS_1102_531e69,PUR_IED_RogelioS_1102_531e69,,,,,
2026-09-12T06:06:08-05:00,PUR_IED_RogelioS_Ext_f25a18,PUR_IED_RogelioS_Ext_f25a18,,,,,
2026-09-12T06:06:08-05:00,PUR_IED_SBernardino_Ext_27aff8,PUR_IED_SBernardino_Ext_27aff8,,,,,
2026-09-12T06:06:08-05:00,PUR_IED_SBernardino_SArte_2ffd33,PUR_IED_SBernardino_SArte_2ffd33,,,,,
2026-09-12T06:06:08-05:00,PUR_IED_SBernardino_SIngl_7c7da5,PUR_IED_SBernardino_SIngl_7c7da5,,,,,
2026-09-12T06:06:08-05:00,PUR_IED_Sago_auditorio_dc9d1d,PUR_IED_Sago_auditorio_dc9d1d,,,,,
2026-09-12T06:06:08-05:00,PUR_IED_Saludcoop_Ext_95aac3,PUR_IED_Saludcoop_Ext_95aac3,,,,,
2026-09-12T06:06:08-05:00,PUR_IED_Saludcoop_InfI_90c854,PUR_IED_Saludcoop_InfI_90c854,,,,,
2026-09-12T06:06:08-05:00,PUR_IED_Saludcoop_SMedia_1b93be,PUR_IED_Saludcoop_SMedia_1b93be,,,,,
2026-09-12T06:06:08-05:00,PUR_IED_SanCarlos_1101_1a2360,PUR_IED_SanCarlos_1101_1a2360,,,,,
2026-09-12T06:06:08-05:00,PUR_IED_SanCarlos_1103_7bafb5,PUR_IED_SanCarlos_1103_7bafb5,,,,,
2026-09-12T06:06:08-05:00,PUR_IED_SanCarlos_Ext_b7cd1,PUR_IED_SanCarlos_Ext_b7cd1,,,,,
2026-09-12T06:06:08-05:00,PUR_IED_SanIgnacioBosa11a_50c26e,PUR_IED_SanIgnacioBosa11a_50c26e,,,,,
2026-09-12T06:06:08-05:00,PUR_IED_SanIgnacioBosa11b_371de8,PUR_IED_SanIgnacioBosa11b_371de8,,,,,
2026-09-12T06:06:08-05:00,PUR_IED_SanIgnacioBosaExt_ef0ffc,PUR_IED_SanIgnacioBosaExt_ef0ffc,,,,,
2026-09-12T06:06:08-05:00,PUR_IED_SanIgnacioBosa_11a_50c26e,PUR_IED_SanIgnacioBosa_11a_50c26e,,,,,
2026-09-12T06:06:08-05:00,PUR_IED_SanIgnacioBosa_Ext_ef0ffc,PUR_IED_SanIgnacioBosa_Ext_ef0ffc,,,,,
2026-09-12T06:06:08-05:00,PUR_IED_SanJoseN_intS1101_31c47f,PUR_IED_SanJoseN_intS1101_31c47f,,,,,
2026-09-12T06:06:08-05:00,PUR_IED_SanJoseUsm_Exter_f5d7e8,PUR_IED_SanJoseUsm_Exter_f5d7e8,,,,,
2026-09-12T06:06:08-05:00,PUR_IED_SanJoseUsm_Int11A_cfdef6,PUR_IED_SanJoseUsm_Int11A_cfdef6,,,,,
2026-09-12T06:06:08-05:00,PUR_IED_SilveriaR_IntB5_905349,PUR_IED_SilveriaR_IntB5_905349,,,,,
2026-09-12T06:06:08-05:00,PUR_IED_SilveriaR_IntSD14_981f93,PUR_IED_SilveriaR_IntSD14_981f93,,,,,
2026-09-12T06:06:08-05:00,PUR_IED_SilveriaR_ext_2b651d,PUR_IED_SilveriaR_ext_2b651d,,,,,
2026-09-12T06:06:08-05:00,PUR_IED_SimonB_Exterior_913975,PUR_IED_SimonB_Exterior_913975,,,,,
2026-09-12T06:06:08-05:00,PUR_IED_SimonB_LabQuimi_c56908,PUR_IED_SimonB_LabQuimi_c56908,,,,,
2026-09-12T06:06:08-05:00,PUR_IED_SimonB_informatic_a28c1,PUR_IED_SimonB_informatic_a28c1,,,,,
2026-09-12T06:06:08-05:00,PUR_IED_Sorrento_1102_315f50,PUR_IED_Sorrento_1102_315f50,,,,,
2026-09-12T06:06:08-05:00,PUR_IED_Sorrento_Minte_214eab,PUR_IED_Sorrento_Minte_214eab,,,,,
2026-09-12T06:06:08-05:00,PUR_IED_Sorrento_ext_7c3a0a,PUR_IED_Sorrento_ext_7c3a0a,,,,,
2026-09-12T06:06:08-05:00,PUR_IED_Tabora_Ext_f048ae,PUR_IED_Tabora_Ext_f048ae,,,,,
2026-09-12T06:06:08-05:00,PUR_IED_Tabora_S1102_b07752,PUR_IED_Tabora_S1102_b07752,,,,,
2026-09-12T06:06:08-05:00,PUR_IED_Tabora_S1103_d988f5,PUR_IED_Tabora_S1103_d988f5,,,,,
2026-09-12T06:06:08-05:00,PUR_IED_Tenerife_Ext_1ab188,PUR_IED_Tenerife_Ext_1ab188,,,,,
2026-09-12T06:06:08-05:00,PUR_IED_Tenerife_SDanzas_7bc02e,PUR_IED_Tenerife_SDanzas_7bc02e,,,,,
2026-09-12T06:06:08-05:00,PUR_IED_Tenerife_SIngles_7cc277,PUR_IED_Tenerife_SIngles_7cc277,,,,,
2026-09-12T06:06:08-05:00,PUR_IED_Tibabuyes_Exter_f2683d,PUR_IED_Tibabuyes_Exter_f2683d,,,,,
2026-09-12T06:06:08-05:00,PUR_IED_Tibabuyes_S10_dc87a8,PUR_IED_Tibabuyes_S10_dc87a8,,,,,
2026-09-12T06:06:08-05:00,PUR_IED_Tibabuyes_S15_dc0526,PUR_IED_Tibabuyes_S15_dc0526,,,,,
2026-09-12T06:06:08-05:00,PUR_IED_UnionE_S301_a1043,PUR_IED_UnionE_S301_a1043,,,,,
2026-09-12T06:06:08-05:00,PUR_IED_UnionE_S307_ff6c2f,PUR_IED_UnionE_S307_ff6c2f,,,,,
2026-09-12T06:06:08-05:00,PUR_IED_UnionE__Ext_5e2468,PUR_IED_UnionE__Ext_5e2468,,,,,
2026-09-12T06:06:08-05:00,PUR_IED_VillaRica_Ext_75be7c,PUR_IED_VillaRica_Ext_75be7c,,,,,
2026-09-12T06:06:08-05:00,PUR_IED_VillaRica_S4_cc5dcd,PUR_IED_VillaRica_S4_cc5dcd,,,,,
2026-09-12T06:06:08-05:00,PUR_IED_VillaRica_Sesp_99f5c,PUR_IED_VillaRica_Sesp_99f5c,,,,,
2026-09-12T06:11:14-05:00,PUR_IED_20deJulio_1101_91b1b9,PUR_IED_20deJulio_1101_91b1b9,,,,,
2026-09-12T06:11:14-05:00,PUR_IED_20deJulio_1102_1cfcf9,PUR_IED_20deJulio_1102_1cfcf9,,,,,
2026-09-12T06:11:14-05:00,PUR_IED_20deJulio_Ext_ab60bd,PUR_IED_20deJulio_Ext_ab60bd,,,,,
2026-09-12T06:11:14-05:00,PUR_IED_AgustinFer_Ext_7b9b77,PUR_IED_AgustinFer_Ext_7b9b77,,,,,
2026-09-12T06:11:14-05:00,PUR_IED_AgustinFer_Info2_27b3a7,PUR_IED_AgustinFer_Info2_27b3a7,,,,,
2026-09-12T06:11:14-05:00,PUR_IED_AgustinFer_Sena_54b4eb,PUR_IED_AgustinFer_Sena_54b4eb,,,,,
2026-09-12T06:11:14-05:00,PUR_IED_AlexanderF_1102_caf07b,PUR_IED_AlexanderF_1102_caf07b,,,,,
2026-09-12T06:11:14-05:00,PUR_IED_AlexanderF_1103_c79e71,PUR_IED_AlexanderF_1103_c79e71,,,,,
2026-09-12T06:11:14-05:00,PUR_IED_AlexanderF_Ext_c5b18b,PUR_IED_AlexanderF_Ext_c5b18b,,,,,
2026-09-12T06:11:14-05:00,PUR_IED_AlfonsoLopez_Ext_281d77,PUR_IED_AlfonsoLopez_Ext_281d77,,,,,
2026-09-12T06:11:14-05:00,PUR_IED_AlfonsoLopez_LabF_888ce0,PUR_IED_AlfonsoLopez_LabF_888ce0,,,,,
2026-09-12T06:11:14-05:00,PUR_IED_AlfonsoLopez_SMed_df6a7f,PUR_IED_AlfonsoLopez_SMed_df6a7f,,,,,
2026-09-12T06:11:14-05:00,PUR_IED_AltamiraSO_A2_209f92,PUR_IED_AltamiraSO_A2_209f92,,,,,
2026-09-12T06:11:14-05:00,PUR_IED_AltamiraSO_Ext_186d66,PUR_IED_AltamiraSO_Ext_186d66,,,,,
2026-09-12T06:11:14-05:00,PUR_IED_AltamiraSO_Sistem_27afe1,PUR_IED_AltamiraSO_Sistem_27afe1,,,,,
2026-09-12T06:11:14-05:00,PUR_IED_AlvaroGom_LabQuim_813179,PUR_IED_AlvaroGom_LabQuim_813179,,,,,
2026-09-12T06:11:14-05:00,PUR_IED_AlvaroGomez_Ext_47c7ca,PUR_IED_AlvaroGomez_Ext_47c7ca,,,,,
2026-09-12T06:11:14-05:00,PUR_IED_AlvaroGomez_LabQuim_813179,PUR_IED_AlvaroGomez_LabQuim_813179,,,,,
2026-09-12T06:11:14-05:00,PUR_IED_AlvaroGomez_S23_7ba89f,PUR_IED_AlvaroGomez_S23_7ba89f,,,,,
2026-09-12T06:11:14-05:00,PUR_IED_Amistad_306_dc8728,PUR_IED_Amistad_306_dc8728,,,,,
2026-09-12T06:11:14-05:00,PUR_IED_Amistad_Ext_8cd55e,PUR_IED_Amistad_Ext_8cd55e,,,,,
2026-09-12T06:11:14-05:00,PUR_IED_Amistad_S202_a41169,PUR_IED_Amistad_S202_a41169,,,,,
2026-09-12T06:11:14-05:00,PUR_IED_AndresBello_Bio_fd5f5e,PUR_IED_AndresBello_Bio_fd5f5e,,,,,
2026-09-12T06:11:14-05:00,PUR_IED_AndresBello_ext_dcad65,PUR_IED_AndresBello_ext_dcad65,,,,,
2026-09-12T06:11:14-05:00,PUR_IED_AndresBello_port_eed3ec,PUR_IED_AndresBello_port_eed3ec,,,,,
2026-09-12T06:11:14-05:00,PUR_IED_AngelaR_11b_d90a6b,PUR_IED_AngelaR_11b_d90a6b,,,,,
2026-09-12T06:11:14-05:00,PUR_IED_AngelaR_ext_7cad3e,PUR_IED_AngelaR_ext_7cad3e,5,17,67,4.5825,-74.164497
2026-09-12T06:11:14-05:00,PUR_IED_AntJoseSucre_10mo_df2575,PUR_IED_AntJoseSucre_10mo_df2575,,,,,
2026-09-12T06:11:14-05:00,PUR_IED_AntJoseSucre_Ext_215b36,PUR_IED_AntJoseSucre_Ext_215b36,,,,,
2026-09-12T06:11:14-05:00,PUR_IED_AntJoseSucre_Lab_3139de,PUR_IED_AntJoseSucre_Lab_3139de,,,,,
2026-09-12T06:11:14-05:00,PUR_IED_AntonioGarcia_301_d6b188,PUR_IED_AntonioGarcia_301_d6b188,,,,,
2026-09-12T06:11:14-05:00,PUR_IED_AntonioGarcia_302_88a82,PUR_IED_AntonioGarcia_302_88a82,,,,,
2026-09-12T06:11:14-05:00,PUR_IED_AntonioGarcia_Ext_20950c,PUR_IED_AntonioGarcia_Ext_20950c,,,,,
2026-09-12T06:11:14-05:00,PUR_IED_AntonioVan_Aula2_6dea02,PUR_IED_AntonioVan_Aula2_6dea02,,,,,
2026-09-12T06:11:14-05:00,PUR_IED_AntonioVan_Aula5_f1557e,PUR_IED_AntonioVan_Aula5_f1557e,,,,,
2026-09-12T06:11:14-05:00,PUR_IED_AntonioVan_Ext_406f2f,PUR_IED_AntonioVan_Ext_406f2f,,,,,
2026-09-12T06:11:14-05:00,PUR_IED_Atabanzha_Ext_cc5af9,PUR_IED_Atabanzha_Ext_cc5af9,,,,,
2026-09-12T06:11:14-05:00,PUR_IED_Atabanzha_SA101_56c37,PUR_IED_Atabanzha_SA101_56c37,,,,,
2026-09-12T06:11:14-05:00,PUR_IED_Atabanzha_SB302_27b374,PUR_IED_Atabanzha_SB302_27b374,,,,,
2026-09-12T06:11:14-05:00,PUR_IED_Atahualpa_Ext_fc1748,PUR_IED_Atahualpa_Ext_fc1748,,,,,
2026-09-12T06:11:14-05:00,PUR_IED_Atahualpa_Informa_dc9a95,PUR_IED_Atahualpa_Informa_dc9a95,,,,,
2026-09-12T06:11:14-05:00,PUR_IED_Atahualpa_S1101_f98056,PUR_IED_Atahualpa_S1101_f98056,,,,,
2026-09-12T06:11:14-05:00,PUR_IED_Bellavista_Ext_f5aa74,PUR_IED_Bellavista_Ext_f5aa74,,,,,
2026-09-12T06:11:14-05:00,PUR_IED_Bilbao_11A_916c41,PUR_IED_Bilbao_11A_916c41,,,,,
2026-09-12T06:11:14-05:00,PUR_IED_Bilbao_Ext_fb579a,PUR_IED_Bilbao_Ext_fb579a,,,,,
2026-09-12T06:11:14-05:00,PUR_IED_BrasiliaU_A125_304280,PUR_IED_BrasiliaU_A125_304280,,,,,
2026-09-12T06:11:14-05:00,PUR_IED_BrasiliaU_A203_7c8ca5,PUR_IED_BrasiliaU_A203_7c8ca5,,,,,
2026-09-12T06:11:14-05:00,PUR_IED_BrasiliaU_Ext_8d6e9f,PUR_IED_BrasiliaU_Ext_8d6e9f,5,16,68,4.5175,-74.116302
2026-09-12T06:11:14-05:00,PUR_IED_Brasilia_Ext_fe6593,PUR_IED_Brasilia_Ext_fe6593,,,,,
2026-09-12T06:11:14-05:00,PUR_IED_Brasilia_S24_7c130d,PUR_IED_Brasilia_S24_7c130d,,,,,
2026-09-12T06:11:14-05:00,PUR_IED_Brasilia_S501_186a54,PUR_IED_Brasilia_S501_186a54,,,,,
2026-09-12T06:11:14-05:00,PUR_IED_CHARRY_EXT_f1d5cd,PUR_IED_CHARRY_EXT_f1d5cd,,,,,
2026-09-12T06:11:14-05:00,PUR_IED_CHARRY_INTDANZAS_7a08e6,PUR_IED_CHARRY_INTDANZAS_7a08e6,,,,,
2026-09-12T06:11:14-05:00,PUR_IED_CHARRY_INT_AULA20_dc998d,PUR_IED_CHARRY_INT_AULA20_dc998d,,,,,
2026-09-12T06:11:14-05:00,PUR_IED_COLVIV_1101_S25_7f520a,PUR_IED_COLVIV_1101_S25_7f520a,,,,,
2026-09-12T06:11:14-05:00,PUR_IED_COLVIV_1102_S16_f570ba,PUR_IED_COLVIV_1102_S16_f570ba,,,,,
2026-09-12T06:11:14-05:00,PUR_IED_COLVIV_Ext_1a26fa,PUR_IED_COLVIV_Ext_1a26fa,,,,,
2026-09-12T06:11:14-05:00,PUR_IED_CULPOP_301A_f660f3,PUR_IED_CULPOP_301A_f660f3,,,,,
2026-09-12T06:11:14-05:00,PUR_IED_CULPOP_303_568afe,PUR_IED_CULPOP_303_568afe,,,,,
2026-09-12T06:11:14-05:00,PUR_IED_CULPOP_Ext_e02ccb,PUR_IED_CULPOP_Ext_e02ccb,,,,,
2026-09-12T06:11:14-05:00,PUR_IED_CVillavicen_Ext_26eb58,PUR_IED_CVillavicen_Ext_26eb58,6,13,85,4.487,-74.102798
2026-09-12T06:11:14-05:00,PUR_IED_CVillavicen_Intel_1ce5c2,PUR_IED_CVillavicen_Intel_1ce5c2,,,,,
2026-09-12T06:11:14-05:00,PUR_IED_CVillavicen_Poliv_e0766c,PUR_IED_CVillavicen_Poliv_e0766c,,,,,
2026-09-12T06:11:14-05:00,PUR_IED_CVillavicen_int_1ba140,PUR_IED_CVillavicen_int_1ba140,,,,,
2026-09-12T06:11:14-05:00,PUR_IED_CVillavicen_intel_1ba140,PUR_IED_CVillavicen_intel_1ba140,,,,,
2026-09-12T06:11:14-05:00,PUR_IED_CarlosPizarro_Ext_e307cc,PUR_IED_CarlosPizarro_Ext_e307cc,,,,,
2026-09-12T06:11:14-05:00,PUR_IED_CarlosPizarro_L36_7e5cdb,PUR_IED_CarlosPizarro_L36_7e5cdb,,,,,
2026-09-12T06:11:14-05:00,PUR_IED_CarlosPizarro_L37_c8566c,PUR_IED_CarlosPizarro_L37_c8566c,,,,,
2026-09-12T06:11:14-05:00,PUR_IED_Castilla_Ext_cf35f,PUR_IED_Castilla_Ext_cf35f,,,,,
2026-09-12T06:11:14-05:00,PUR_IED_Castilla_SFisik_360e38,PUR_IED_Castilla_SFisik_360e38,,,,,
2026-09-12T06:11:14-05:00,PUR_IED_Castilla_Sc304_496fbf,PUR_IED_Castilla_Sc304_496fbf,,,,,
2026-09-12T06:11:14-05:00,PUR_IED_CervantesSa_Ext_6b57b,PUR_IED_CervantesSa_Ext_6b57b,4,16,75,4.5128,-74.117203
2026-09-12T06:11:14-05:00,PUR_IED_CervantesSa_S107_225c2b,PUR_IED_CervantesSa_S107_225c2b,,,,,
2026-09-12T06:11:14-05:00,PUR_IED_CervantesSa_S108_940925,PUR_IED_CervantesSa_S108_940925,,,,,
2026-09-12T06:11:14-05:00,PUR_IED_Charry_A20_f53e7c,PUR_IED_Charry_A20_f53e7c,,,,,
2026-09-12T06:11:14-05:00,PUR_IED_Charry_Ext_f1d5cd,PUR_IED_Charry_Ext_f1d5cd,,,,,
2026-09-12T06:11:14-05:00,PUR_IED_Charry_IntAula20_dc998d,PUR_IED_Charry_IntAula20_dc998d,,,,,
2026-09-12T06:11:14-05:00,PUR_IED_Charry_IntDanzas_7a08e6,PUR_IED_Charry_IntDanzas_7a08e6,,,,,
2026-09-12T06:11:14-05:00,PUR_IED_ClememciaC_203_43e2fc,PUR_IED_ClememciaC_203_43e2fc,,,,,
2026-09-12T06:11:14-05:00,PUR_IED_ClememciaC_Ext_1b411a,PUR_IED_ClememciaC_Ext_1b411a,,,,,
2026-09-12T06:11:14-05:00,PUR_IED_ClememciaC_Quimic_44b5fc,PUR_IED_ClememciaC_Quimic_44b5fc,,,,,
2026-09-12T06:11:14-05:00,PUR_IED_ClemenciaC_203_43e2fc,PUR_IED_ClemenciaC_203_43e2fc,,,,,
2026-09-12T06:11:14-05:00,PUR_IED_ClemenciaC_Ext_1b411a,PUR_IED_ClemenciaC_Ext_1b411a,,,,,
2026-09-12T06:11:14-05:00,PUR_IED_ClemenciaC_Quimic_44b5fc,PUR_IED_ClemenciaC_Quimic_44b5fc,,,,,
2026-09-12T06:11:14-05:00,PUR_IED_ColViva_1101_S25_7f520a,PUR_IED_ColViva_1101_S25_7f520a,,,,,
2026-09-12T06:11:14-05:00,PUR_IED_ColViva_1102_S16_f570ba,PUR_IED_ColViva_1102_S16_f570ba,,,,,
2026-09-12T06:11:14-05:00,PUR_IED_ColViva_Ext_1a26fa,PUR_IED_ColViva_Ext_1a26fa,,,,,
2026-09-12T06:11:14-05:00,PUR_IED_ColegioBici_Asist_7c8798,PUR_IED_ColegioBici_Asist_7c8798,,,,,
2026-09-12T06:11:14-05:00,PUR_IED_ColegioBici_Ext_25cbf6,PUR_IED_ColegioBici_Ext_25cbf6,,,,,
2026-09-12T06:11:14-05:00,PUR_IED_ColegioBici_LabQ_7b57db,PUR_IED_ColegioBici_LabQ_7b57db,,,,,
2026-09-12T06:11:14-05:00,PUR_IED_CostaRica_Ext_5e640,PUR_IED_CostaRica_Ext_5e640,,,,,
2026-09-12T06:11:14-05:00,PUR_IED_CostaRica_Quim1_766d1c,PUR_IED_CostaRica_Quim1_766d1c,,,,,
2026-09-12T06:11:14-05:00,PUR_IED_CostaRica__Fisica_6f0873,PUR_IED_CostaRica__Fisica_6f0873,,,,,
2026-09-12T06:11:14-05:00,PUR_IED_CulPopu_301A_f660f3,PUR_IED_CulPopu_301A_f660f3,,,,,
2026-09-12T06:11:14-05:00,PUR_IED_CulPopu_303_568afe,PUR_IED_CulPopu_303_568afe,,,,,
2026-09-12T06:11:14-05:00,PUR_IED_CulPopu_Ext_e02ccb,PUR_IED_CulPopu_Ext_e02ccb,,,,,
2026-09-12T06:11:14-05:00,PUR_IED_Cundinamarca_Ext_f15985,PUR_IED_Cundinamarca_Ext_f15985,,,,,
2026-09-12T06:11:14-05:00,PUR_IED_Cundinamarca_Info_7aa5d7,PUR_IED_Cundinamarca_Info_7aa5d7,,,,,
2026-09-12T06:11:14-05:00,PUR_IED_Cundinamarca_Tec2_f449c7,PUR_IED_Cundinamarca_Tec2_f449c7,,,,,
2026-09-12T06:11:14-05:00,PUR_IED_DiegoM_Aula1_27b314,PUR_IED_DiegoM_Aula1_27b314,,,,,
2026-09-12T06:11:14-05:00,PUR_IED_DiegoM_Ext_d80ac8,PUR_IED_DiegoM_Ext_d80ac8,,,,,
2026-09-12T06:11:14-05:00,PUR_IED_DiegoM_S25_da928f,PUR_IED_DiegoM_S25_da928f,,,,,
2026-09-12T06:11:14-05:00,PUR_IED_ELRODEO_360881,PUR_IED_ELRODEO_360881,,,,,
2026-09-12T06:11:14-05:00,PUR_IED_ELRODEO_ext_360881,PUR_IED_ELRODEO_ext_360881,,,,,
2026-09-12T06:11:14-05:00,PUR_IED_EduardoU_Ext_1c1969,PUR_IED_EduardoU_Ext_1c1969,,,,,
2026-09-12T06:11:14-05:00,PUR_IED_EduardoU_SCiencia_4dfb94,PUR_IED_EduardoU_SCiencia_4dfb94,,,,,
2026-09-12T06:11:14-05:00,PUR_IED_EduardoU_SQuimica_5a46e7,PUR_IED_EduardoU_SQuimica_5a46e7,,,,,
2026-09-12T06:11:14-05:00,PUR_IED_ElRodeo_Aula14_676984,PUR_IED_ElRodeo_Aula14_676984,,,,,
2026-09-12T06:11:14-05:00,PUR_IED_ElRodeo_Aula16_2dd35b,PUR_IED_ElRodeo_Aula16_2dd35b,,,,,
2026-09-12T06:11:14-05:00,PUR_IED_ElRodeo_Ext_360881,PUR_IED_ElRodeo_Ext_360881,,,,,
2026-09-12T06:11:14-05:00,PUR_IED_ElRodeo_Exterior_8c6d28,PUR_IED_ElRodeo_Exterior_8c6d28,,,,,
2026-09-12T06:11:14-05:00,PUR_IED_ElRodeo_ext_360881,PUR_IED_ElRodeo_ext_360881,,,,,
2026-09-12T06:11:14-05:00,PUR_IED_EmmaReyes_Ext_987625,PUR_IED_EmmaReyes_Ext_987625,10,21,53,4.6367,-74.1511
2026-09-12T06:11:14-05:00,PUR_IED_Ensueño_Ext_7f0250,PUR_IED_Ensueño_Ext_7f0250,,,,,
2026-09-12T06:11:14-05:00,PUR_IED_EscNormal_Ext_5fef3b,PUR_IED_EscNormal_Ext_5fef3b,2,18,62,4.5852,-74.096901
2026-09-12T06:11:14-05:00,PUR_IED_EscNormal_S309_5b263,PUR_IED_EscNormal_S309_5b263,,,,,
2026-09-12T06:11:14-05:00,PUR_IED_EscNormal_S310_27b3b8,PUR_IED_EscNormal_S310_27b3b8,,,,,
2026-09-12T06:11:14-05:00,PUR_IED_Evangelista_Conta_f6cd4f,PUR_IED_Evangelista_Conta_f6cd4f,,,,,
2026-09-12T06:11:14-05:00,PUR_IED_Evangelista_Cri_5e16a,PUR_IED_Evangelista_Cri_5e16a,,,,,
2026-09-12T06:11:14-05:00,PUR_IED_Evangelista_Exter_754066,PUR_IED_Evangelista_Exter_754066,,,,,
2026-09-12T06:11:14-05:00,PUR_IED_FMiranda_S209_5cc2a3,PUR_IED_FMiranda_S209_5cc2a3,,,,,
2026-09-12T06:11:14-05:00,PUR_IED_FMiranda_S303_19e344,PUR_IED_FMiranda_S303_19e344,,,,,
2026-09-12T06:11:14-05:00,PUR_IED_FMiranda_ext_f53e7c,PUR_IED_FMiranda_ext_f53e7c,,,,,
2026-09-12T06:11:14-05:00,PUR_IED_FabioLozano_Bibli_1cee05,PUR_IED_FabioLozano_Bibli_1cee05,,,,,
2026-09-12T06:11:14-05:00,PUR_IED_FabioLozano_Ext_6ea285,PUR_IED_FabioLozano_Ext_6ea285,,,,,
2026-09-12T06:11:14-05:00,PUR_IED_FabioLozano_SLudi_f09e1e,PUR_IED_FabioLozano_SLudi_f09e1e,,,,,
2026-09-12T06:11:14-05:00,PUR_IED_FaustinoS_Aula07_27a731,PUR_IED_FaustinoS_Aula07_27a731,,,,,
2026-09-12T06:11:14-05:00,PUR_IED_FaustinoS_Ext_7b936f,PUR_IED_FaustinoS_Ext_7b936f,,,,,
2026-09-12T06:11:14-05:00,PUR_IED_FaustinoS_Fisica_da2c60,PUR_IED_FaustinoS_Fisica_da2c60,,,,,
2026-09-12T06:11:14-05:00,PUR_IED_FeGarciaLo_Ext_dc68ee,PUR_IED_FeGarciaLo_Ext_dc68ee,,,,,
2026-09-12T06:11:14-05:00,PUR_IED_FeGarciaLo_SDanza_f70a59,PUR_IED_FeGarciaLo_SDanza_f70a59,,,,,
2026-09-12T06:11:14-05:00,PUR_IED_FeGarciaLo_SMusic_125cdd,PUR_IED_FeGarciaLo_SMusic_125cdd,,,,,
2026-09-12T06:11:14-05:00,PUR_IED_FederalAlema_Exte_50c345,PUR_IED_FederalAlema_Exte_50c345,,,,,
2026-09-12T06:11:14-05:00,PUR_IED_FederalAlema_S31_f18371,PUR_IED_FederalAlema_S31_f18371,,,,,
2026-09-12T06:11:14-05:00,PUR_IED_FederalAlema_S901_a62cd,PUR_IED_FederalAlema_S901_a62cd,,,,,
2026-09-12T06:11:14-05:00,PUR_IED_FilarmonicaS_A5_f35eb1,PUR_IED_FilarmonicaS_A5_f35eb1,,,,,
2026-09-12T06:11:14-05:00,PUR_IED_FilarmonicaS_Ext_8a3bde,PUR_IED_FilarmonicaS_Ext_8a3bde,,,,,
2026-09-12T06:11:14-05:00,PUR_IED_FilarmonicaS_Spol_406114,PUR_IED_FilarmonicaS_Spol_406114,,,,,
2026-09-12T06:11:14-05:00,PUR_IED_FlorentinoG_A13_d1fa59,PUR_IED_FlorentinoG_A13_d1fa59,,,,,
2026-09-12T06:11:14-05:00,PUR_IED_FlorentinoG_Ext_1ce6ce,PUR_IED_FlorentinoG_Ext_1ce6ce,,,,,
2026-09-12T06:11:14-05:00,PUR_IED_FlorentinoG_Idiom_a66aac,PUR_IED_FlorentinoG_Idiom_a66aac,,,,,
2026-09-12T06:11:14-05:00,PUR_IED_FranciscoMati_Ext_e3869d,PUR_IED_FranciscoMati_Ext_e3869d,,,,,
2026-09-12T06:11:14-05:00,PUR_IED_FranciscoMati_S13_f31c67,PUR_IED_FranciscoMati_S13_f31c67,,,,,
2026-09-12T06:11:14-05:00,PUR_IED_FranciscoMati_S14_97dead,PUR_IED_FranciscoMati_S14_97dead,,,,,
2026-09-12T06:11:14-05:00,PUR_IED_FranciscoPS_Ext_7bfa9a,PUR_IED_FranciscoPS_Ext_7bfa9a,2,19,61,4.5899,-74.110397
2026-09-12T06:11:14-05:00,PUR_IED_FranciscoPS_Infor_fb8f4c,PUR_IED_FranciscoPS_Infor_fb8f4c,,,,,
2026-09-12T06:11:14-05:00,PUR_IED_FranciscoPS_Quimi_94d39c,PUR_IED_FranciscoPS_Quimi_94d39c,,,,,
2026-09-12T06:11:14-05:00,PUR_IED_FranciscoP_LabQ_d7e148,PUR_IED_FranciscoP_LabQ_d7e148,,,,,
2026-09-12T06:11:14-05:00,PUR_IED_FranciscoP_S28_cf9b30,PUR_IED_FranciscoP_S28_cf9b30,,,,,
2026-09-12T06:11:14-05:00,PUR_IED_FranciscoP_ext_e2313,PUR_IED_FranciscoP_ext_e2313,,,,,
2026-09-12T06:11:14-05:00,PUR_IED_FriederichN_Ext_8ac92a,PUR_IED_FriederichN_Ext_8ac92a,,,,,
2026-09-12T06:11:14-05:00,PUR_IED_FriederichN_S301_dd7e5a,PUR_IED_FriederichN_S301_dd7e5a,,,,,
2026-09-12T06:11:14-05:00,PUR_IED_FriederichN_S308_761f4f,PUR_IED_FriederichN_S308_761f4f,,,,,
2026-09-12T06:11:14-05:00,PUR_IED_GSantander_Aula10_533dd7,PUR_IED_GSantander_Aula10_533dd7,,,,,
2026-09-12T06:11:14-05:00,PUR_IED_GSantander_Aula12_fd4e4f,PUR_IED_GSantander_Aula12_fd4e4f,,,,,
2026-09-12T06:11:14-05:00,PUR_IED_GSantander_Aula310_533dd7,PUR_IED_GSantander_Aula310_533dd7,,,,,
2026-09-12T06:11:14-05:00,PUR_IED_GSantander_Aula312_fd4e4f,PUR_IED_GSantander_Aula312_fd4e4f,,,,,
2026-09-12T06:11:14-05:00,PUR_IED_GSantander_Ext_5f66b0,PUR_IED_GSantander_Ext_5f66b0,,,,,
2026-09-12T06:11:14-05:00,PUR_IED_GYomasa_Ext_f6bea5,PUR_IED_GYomasa_Ext_f6bea5,,,,,
2026-09-12T06:11:14-05:00,PUR_IED_GYomasa_LBiol_2c41aa,PUR_IED_GYomasa_LBiol_2c41aa,,,,,
2026-09-12T06:11:14-05:00,PUR_IED_GYomasa_LQuim_33c80,PUR_IED_GYomasa_LQuim_33c80,,,,,
2026-09-12T06:11:14-05:00,PUR_IED_GabBetMejia_Cienc_5a99c,PUR_IED_GabBetMejia_Cienc_5a99c,,,,,
2026-09-12T06:11:14-05:00,PUR_IED_GabBetMejia_Ext_9153d0,PUR_IED_GabBetMejia_Ext_9153d0,,,,,
2026-09-12T06:11:14-05:00,PUR_IED_GabBetMejia_Lab_f55347,PUR_IED_GabBetMejia_Lab_f55347,,,,,
2026-09-12T06:11:14-05:00,PUR_IED_GabBetanMejia_Ext_9153d0,PUR_IED_GabBetanMejia_Ext_9153d0,,,,,
2026-09-12T06:11:14-05:00,PUR_IED_Gaitana_Aula13_7aac11,PUR_IED_Gaitana_Aula13_7aac11,,,,,
2026-09-12T06:11:14-05:00,PUR_IED_Gaitana_Ext_5fcf4,PUR_IED_Gaitana_Ext_5fcf4,,,,,
2026-09-12T06:11:14-05:00,PUR_IED_Gaitana_LabFisica_644448,PUR_IED_Gaitana_LabFisica_644448,,,,,
2026-09-12T06:11:14-05:00,PUR_IED_GenSantander_Dise_8ac858,PUR_IED_GenSantander_Dise_8ac858,,,,,
2026-09-12T06:11:14-05:00,PUR_IED_GenSantander_Ext_8d5dfe,PUR_IED_GenSantander_Ext_8d5dfe,,,,,
2026-09-12T06:11:14-05:00,PUR_IED_GenSantander_Info_6c25b,PUR_IED_GenSantander_Info_6c25b,,,,,
2026-09-12T06:11:14-05:00,PUR_IED_GustavoMo_Exterio_75e63d,PUR_IED_GustavoMo_Exterio_75e63d,,,,,
2026-09-12T06:11:14-05:00,PUR_IED_GustavoMo_LabFisi_224d37,PUR_IED_GustavoMo_LabFisi_224d37,,,,,
2026-09-12T06:11:14-05:00,PUR_IED_GustavoMo_S208_3e6918,PUR_IED_GustavoMo_S208_3e6918,,,,,
2026-09-12T06:11:14-05:00,PUR_IED_GustavoR_A02_8cd4a8,PUR_IED_GustavoR_A02_8cd4a8,,,,,
2026-09-12T06:11:14-05:00,PUR_IED_GustavoR_B11_5b0ed,PUR_IED_GustavoR_B11_5b0ed,,,,,
2026-09-12T06:11:14-05:00,PUR_IED_GustavoR_Ext_7a0c90,PUR_IED_GustavoR_Ext_7a0c90,,,,,
2026-09-12T06:11:14-05:00,PUR_IED_HernandoDuran_Ext_8cd82b,PUR_IED_HernandoDuran_Ext_8cd82b,,,,,
2026-09-12T06:11:14-05:00,PUR_IED_HernandoDuran_S24_2772c6,PUR_IED_HernandoDuran_S24_2772c6,,,,,
2026-09-12T06:11:14-05:00,PUR_IED_HernandoDuran_S30_f2de41,PUR_IED_HernandoDuran_S30_f2de41,,,,,
2026-09-12T06:11:14-05:00,PUR_IED_HolguInUr_S1101_8cd732,PUR_IED_HolguInUr_S1101_8cd732,,,,,
2026-09-12T06:11:14-05:00,PUR_IED_HolguinUr_Exter_ddae6d,PUR_IED_HolguinUr_Exter_ddae6d,,,,,
2026-09-12T06:11:14-05:00,PUR_IED_HolguinUr_LabQuim_92b952,PUR_IED_HolguinUr_LabQuim_92b952,,,,,
2026-09-12T06:11:14-05:00,PUR_IED_Isabel-II_Ext_5245cc,PUR_IED_Isabel-II_Ext_5245cc,5,19,60,4.6336,-74.153
2026-09-12T06:11:14-05:00,PUR_IED_Isabel-II_S_idiom_1c29aa,PUR_IED_Isabel-II_S_idiom_1c29aa,,,,,
2026-09-12T06:11:14-05:00,PUR_IED_Isabel-II_S_infor_fd741,PUR_IED_Isabel-II_S_infor_fd741,,,,,
2026-09-12T06:11:14-05:00,PUR_IED_IsidroSur_Exterio_5b90ea,PUR_IED_IsidroSur_Exterio_5b90ea,,,,,
2026-09-12T06:11:14-05:00,PUR_IED_IsidroSur_LabTec_56697a,PUR_IED_IsidroSur_LabTec_56697a,,,,,
2026-09-12T06:11:14-05:00,PUR_IED_IsidroSur_Robotic_b7c38f,PUR_IED_IsidroSur_Robotic_b7c38f,,,,,
2026-09-12T06:11:14-05:00,PUR_IED_IsmaelPerd_Ext_7b6672,PUR_IED_IsmaelPerd_Ext_7b6672,,,,,
2026-09-12T06:11:14-05:00,PUR_IED_IsmaelPerd_Inform_306540,PUR_IED_IsmaelPerd_Inform_306540,,,,,
2026-09-12T06:11:14-05:00,PUR_IED_IsmaelPerd_S30_2e2c83,PUR_IED_IsmaelPerd_S30_2e2c83,,,,,
2026-09-12T06:11:14-05:00,PUR_IED_JLozano_Exter_432910,PUR_IED_JLozano_Exter_432910,,,,,
2026-09-12T06:11:14-05:00,PUR_IED_JLozano_salaMulti_df5125,PUR_IED_JLozano_salaMulti_df5125,,,,,
2026-09-12T06:11:14-05:00,PUR_IED_JMCordoba_206_86f80b,PUR_IED_JMCordoba_206_86f80b,,,,,
2026-09-12T06:11:14-05:00,PUR_IED_JMCordoba_Ext_27ad97,PUR_IED_JMCordoba_Ext_27ad97,,,,,
2026-09-12T06:11:14-05:00,PUR_IED_JMCordoba_S310_d59ab4,PUR_IED_JMCordoba_S310_d59ab4,,,,,
2026-09-12T06:11:14-05:00,PUR_IED_Japon_Ext_549100,PUR_IED_Japon_Ext_549100,,,,,
2026-09-12T06:11:14-05:00,PUR_IED_Japon_Laboratorio_bec51d,PUR_IED_Japon_Laboratorio_bec51d,,,,,
2026-09-12T06:11:14-05:00,PUR_IED_Japon_informatica_d99327,PUR_IED_Japon_informatica_d99327,,,,,
2026-09-12T06:11:14-05:00,PUR_IED_Jazmin_Ext_d27bda,PUR_IED_Jazmin_Ext_d27bda,,,,,
2026-09-12T06:11:14-05:00,PUR_IED_Jazmin_Fisica_8d14d7,PUR_IED_Jazmin_Fisica_8d14d7,,,,,
2026-09-12T06:11:14-05:00,PUR_IED_Jazmin_Quimica_801cb5,PUR_IED_Jazmin_Quimica_801cb5,,,,,
2026-09-12T06:11:14-05:00,PUR_IED_JorgeGaitan_Exter_f098d1,PUR_IED_JorgeGaitan_Exter_f098d1,,,,,
2026-09-12T06:11:14-05:00,PUR_IED_JorgeGaitan_STec1_dc9d1d,PUR_IED_JorgeGaitan_STec1_dc9d1d,,,,,
2026-09-12T06:11:14-05:00,PUR_IED_JorgeGaitan_STec2_281e69,PUR_IED_JorgeGaitan_STec2_281e69,,,,,
2026-09-12T06:11:14-05:00,PUR_IED_JorgeSoto_Exterio_d9d0a2,PUR_IED_JorgeSoto_Exterio_d9d0a2,,,,,
2026-09-12T06:11:14-05:00,PUR_IED_JorgeSoto_LabFisi_209c54,PUR_IED_JorgeSoto_LabFisi_209c54,,,,,
2026-09-12T06:11:14-05:00,PUR_IED_JorgeSoto_S103_27b51a,PUR_IED_JorgeSoto_S103_27b51a,,,,,
2026-09-12T06:11:14-05:00,PUR_IED_JoseAcevedo_A02_e965eb,PUR_IED_JoseAcevedo_A02_e965eb,,,,,
2026-09-12T06:11:14-05:00,PUR_IED_JoseAcevedo_A07_dd5b4,PUR_IED_JoseAcevedo_A07_dd5b4,,,,,
2026-09-12T06:11:14-05:00,PUR_IED_JoseAcevedo_Ext_b47484,PUR_IED_JoseAcevedo_Ext_b47484,,,,,
2026-09-12T06:11:14-05:00,PUR_IED_JoseMarti_Exte_5b9bf,PUR_IED_JoseMarti_Exte_5b9bf,,,,,
2026-09-12T06:11:14-05:00,PUR_IED_JoseMarti_LabQuim_1c6c2d,PUR_IED_JoseMarti_LabQuim_1c6c2d,,,,,
2026-09-12T06:11:14-05:00,PUR_IED_JoseMarti_S_info_f5f177,PUR_IED_JoseMarti_S_info_f5f177,,,,,
2026-09-12T06:11:14-05:00,PUR_IED_Josejoaquin_Ext_dfc5dc,PUR_IED_Josejoaquin_Ext_dfc5dc,,,,,
2026-09-12T06:11:14-05:00,PUR_IED_Josejoaquin_S05_5b2a96,PUR_IED_Josejoaquin_S05_5b2a96,,,,,
2026-09-12T06:11:14-05:00,PUR_IED_Josejoaquin_S06_1ce7d2,PUR_IED_Josejoaquin_S06_1ce7d2,,,,,
2026-09-12T06:11:14-05:00,PUR_IED_JulioFlorez_Danza_9b82dd,PUR_IED_JulioFlorez_Danza_9b82dd,,,,,
2026-09-12T06:11:14-05:00,PUR_IED_JulioFlorez_Exter_f9f314,PUR_IED_JulioFlorez_Exter_f9f314,,,,,
2026-09-12T06:11:14-05:00,PUR_IED_JulioFlorez_info2_6b6e08,PUR_IED_JulioFlorez_info2_6b6e08,,,,,
2026-09-12T06:11:14-05:00,PUR_IED_LaBelleza_Aula13_1d00d8,PUR_IED_LaBelleza_Aula13_1d00d8,,,,,
2026-09-12T06:11:14-05:00,PUR_IED_LaBelleza_Ext_7bc08c,PUR_IED_LaBelleza_Ext_7bc08c,,,,,
2026-09-12T06:11:14-05:00,PUR_IED_LaChucua_Ext_8cd6d2,PUR_IED_LaChucua_Ext_8cd6d2,,,,,
2026-09-12T06:11:14-05:00,PUR_IED_LaChucua_S15_f578ce,PUR_IED_LaChucua_S15_f578ce,,,,,
2026-09-12T06:11:14-05:00,PUR_IED_LaChucua_S16_eebcf9,PUR_IED_LaChucua_S16_eebcf9,,,,,
2026-09-12T06:11:14-05:00,PUR_IED_LaFelicidad_Ext_fb5109,PUR_IED_LaFelicidad_Ext_fb5109,,,,,
2026-09-12T06:11:14-05:00,PUR_IED_LaMerced_206_66ebd,PUR_IED_LaMerced_206_66ebd,,,,,
2026-09-12T06:11:14-05:00,PUR_IED_LaMerced_207_6ebd6,PUR_IED_LaMerced_207_6ebd6,,,,,
2026-09-12T06:11:14-05:00,PUR_IED_LaMerced_ext_304311,PUR_IED_LaMerced_ext_304311,,,,,
2026-09-12T06:11:14-05:00,PUR_IED_Laureano_CiencNat_281e5e,PUR_IED_Laureano_CiencNat_281e5e,,,,,
2026-09-12T06:11:14-05:00,PUR_IED_Laureano_Comedor_f65c0a,PUR_IED_Laureano_Comedor_f65c0a,,,,,
2026-09-12T06:11:14-05:00,PUR_IED_Laureano_Exterior_7ab011,PUR_IED_Laureano_Exterior_7ab011,,,,,
2026-09-12T06:11:14-05:00,PUR_IED_LeonGreiff_Exte_dfe560,PUR_IED_LeonGreiff_Exte_dfe560,,,,,
2026-09-12T06:11:14-05:00,PUR_IED_LeonGreiff_S210_f264ed,PUR_IED_LeonGreiff_S210_f264ed,,,,,
2026-09-12T06:11:14-05:00,PUR_IED_LeonGreiff_SQuimi_e8296f,PUR_IED_LeonGreiff_SQuimi_e8296f,,,,,
2026-09-12T06:11:14-05:00,PUR_IED_LlanoOrientalS208_7b9fcd,PUR_IED_LlanoOrientalS208_7b9fcd,,,,,
2026-09-12T06:11:14-05:00,PUR_IED_LlanoOriental_Ext_fb3766,PUR_IED_LlanoOriental_Ext_fb3766,,,,,
2026-09-12T06:11:14-05:00,PUR_IED_LlanoOriental_S208_7b9fcd,PUR_IED_LlanoOriental_S208_7b9fcd,,,,,
2026-09-12T06:11:14-05:00,PUR_IED_LlanoOriental_S9_27b378,PUR_IED_LlanoOriental_S9_27b378,,,,,
2026-09-12T06:11:14-05:00,PUR_IED_LosTejares_1101_477602,PUR_IED_LosTejares_1101_477602,,,,,
2026-09-12T06:11:14-05:00,PUR_IED_LosTejares_11_d2c595,PUR_IED_LosTejares_11_d2c595,,,,,
2026-09-12T06:11:14-05:00,PUR_IED_LosTejares_12_477602,PUR_IED_LosTejares_12_477602,,,,,
2026-09-12T06:11:14-05:00,PUR_IED_LosTejares_Ext_8e2115,PUR_IED_LosTejares_Ext_8e2115,,,,,
2026-09-12T06:11:14-05:00,PUR_IED_MagdalenaO_B202_5ddda3,PUR_IED_MagdalenaO_B202_5ddda3,,,,,
2026-09-12T06:11:14-05:00,PUR_IED_MagdalenaO_B205_fb76e8,PUR_IED_MagdalenaO_B205_fb76e8,,,,,
2026-09-12T06:11:14-05:00,PUR_IED_MagdalenaO_ext_dc69cd,PUR_IED_MagdalenaO_ext_dc69cd,,,,,
2026-09-12T06:11:14-05:00,PUR_IED_ManueCepeda_artes_eee956,PUR_IED_ManueCepeda_artes_eee956,,,,,
2026-09-12T06:11:14-05:00,PUR_IED_ManuelCepeda_Ext_58313,PUR_IED_ManuelCepeda_Ext_58313,,,,,
2026-09-12T06:11:14-05:00,PUR_IED_ManuelCepeda_tec_1c5731,PUR_IED_ManuelCepeda_tec_1c5731,,,,,
2026-09-12T06:11:14-05:00,PUR_IED_ManuelS_Exterior_5b269,PUR_IED_ManuelS_Exterior_5b269,,,,,
2026-09-12T06:11:14-05:00,PUR_IED_ManuelS_Inform_f369ce,PUR_IED_ManuelS_Inform_f369ce,,,,,
2026-09-12T06:11:14-05:00,PUR_IED_ManuelS_SArtes_7d15f1,PUR_IED_ManuelS_SArtes_7d15f1,,,,,
2026-09-12T06:11:14-05:00,PUR_IED_ManuelZapata_303_3ca6,PUR_IED_ManuelZapata_303_3ca6,,,,,
2026-09-12T06:11:14-05:00,PUR_IED_ManuelZapata_311_bfbabc,PUR_IED_ManuelZapata_311_bfbabc,,,,,
2026-09-12T06:11:14-05:00,PUR_IED_ManuelZapata_Ext_50824a,PUR_IED_ManuelZapata_Ext_50824a,,,,,
2026-09-12T06:11:14-05:00,PUR_IED_ManuelitaS_Exteri_656a92,PUR_IED_ManuelitaS_Exteri_656a92,,,,,
2026-09-12T06:11:14-05:00,PUR_IED_ManuelitaS_JuzgDe_f58ec3,PUR_IED_ManuelitaS_JuzgDe_f58ec3,,,,,
2026-09-12T06:11:14-05:00,PUR_IED_ManuelitaS_Recrea_d793db,PUR_IED_ManuelitaS_Recrea_d793db,,,,,
2026-09-12T06:11:14-05:00,PUR_IED_MarFidSuarez_Ext_c27b19,PUR_IED_MarFidSuarez_Ext_c27b19,,,,,
2026-09-12T06:11:14-05:00,PUR_IED_MarFidSuarez_Info_e384d7,PUR_IED_MarFidSuarez_Info_e384d7,,,,,
2026-09-12T06:11:14-05:00,PUR_IED_MarFidSuarez_S306_1d0032,PUR_IED_MarFidSuarez_S306_1d0032,,,,,
2026-09-12T06:11:14-05:00,PUR_IED_Menorah_301_2a25a3,PUR_IED_Menorah_301_2a25a3,,,,,
2026-09-12T06:11:14-05:00,PUR_IED_Menorah_306_37ed3,PUR_IED_Menorah_306_37ed3,,,,,
2026-09-12T06:11:14-05:00,PUR_IED_Menorah_Ext_3e155b,PUR_IED_Menorah_Ext_3e155b,,,,,
2026-09-12T06:11:14-05:00,PUR_IED_MinutoB.Aires_A11_1b1604,PUR_IED_MinutoB.Aires_A11_1b1604,,,,,
2026-09-12T06:11:14-05:00,PUR_IED_MinutoB.Aires_A12_fb5860,PUR_IED_MinutoB.Aires_A12_fb5860,,,,,
2026-09-12T06:11:14-05:00,PUR_IED_MinutoB.Aires_Ext_81293f,PUR_IED_MinutoB.Aires_Ext_81293f,,,,,
2026-09-12T06:11:14-05:00,PUR_IED_MinutoBAires_A11_1b1604,PUR_IED_MinutoBAires_A11_1b1604,,,,,
2026-09-12T06:11:14-05:00,PUR_IED_MinutoBAires_A12_fb5860,PUR_IED_MinutoBAires_A12_fb5860,,,,,
2026-09-12T06:11:14-05:00,PUR_IED_MinutoBAires_Ext_81293f,PUR_IED_MinutoBAires_Ext_81293f,,,,,
2026-09-12T06:11:14-05:00,PUR_IED_Montreal_Aula10_1e4959,PUR_IED_Montreal_Aula10_1e4959,,,,,
2026-09-12T06:11:14-05:00,PUR_IED_Montreal_Aula6_300367,PUR_IED_Montreal_Aula6_300367,,,,,
2026-09-12T06:11:14-05:00,PUR_IED_Montreal_Exterior_91a179,PUR_IED_Montreal_Exterior_91a179,,,,,
2026-09-12T06:11:14-05:00,PUR_IED_Mqgdalena_B202_5ddda3,PUR_IED_Mqgdalena_B202_5ddda3,,,,,
2026-09-12T06:11:14-05:00,PUR_IED_NACUND_Soc_dc8728,PUR_IED_NACUND_Soc_dc8728,,,,,
2026-09-12T06:11:14-05:00,PUR_IED_NACUND_ext_27ad97,PUR_IED_NACUND_ext_27ad97,,,,,
2026-09-12T06:11:14-05:00,PUR_IED_NEsperanza_Ext_d24b61,PUR_IED_NEsperanza_Ext_d24b61,,,,,
2026-09-12T06:11:14-05:00,PUR_IED_NEsperanza_SElect_7d1807,PUR_IED_NEsperanza_SElect_7d1807,,,,,
2026-09-12T06:11:14-05:00,PUR_IED_NEsperanza_SLabor_8b2d0a,PUR_IED_NEsperanza_SLabor_8b2d0a,,,,,
2026-09-12T06:11:14-05:00,PUR_IED_NacionesU_Ext_f661a9,PUR_IED_NacionesU_Ext_f661a9,,,,,
2026-09-12T06:11:14-05:00,PUR_IED_NacionesU_Quimica_66f0a,PUR_IED_NacionesU_Quimica_66f0a,,,,,
2026-09-12T06:11:14-05:00,PUR_IED_NacionesU_S306_1b4b3d,PUR_IED_NacionesU_S306_1b4b3d,,,,,
2026-09-12T06:11:14-05:00,PUR_IED_NestorFA_Ext_e4201c,PUR_IED_NestorFA_Ext_e4201c,,,,,
2026-09-12T06:11:14-05:00,PUR_IED_NestorFA_Laborato_f22fe0,PUR_IED_NestorFA_Laborato_f22fe0,,,,,
2026-09-12T06:11:14-05:00,PUR_IED_NestorFA_S204_dee996,PUR_IED_NestorFA_S204_dee996,,,,,
2026-09-12T06:11:14-05:00,PUR_IED_NidyaQT_Aula03_76999b,PUR_IED_NidyaQT_Aula03_76999b,,,,,
2026-09-12T06:11:14-05:00,PUR_IED_NidyaQT_Aula10_56325,PUR_IED_NidyaQT_Aula10_56325,,,,,
2026-09-12T06:11:14-05:00,PUR_IED_NidyaQT_Ext_46e32d,PUR_IED_NidyaQT_Ext_46e32d,,,,,
2026-09-12T06:11:14-05:00,PUR_IED_NuevaCol_Exterior_d9b859,PUR_IED_NuevaCol_Exterior_d9b859,,,,,
2026-09-12T06:11:14-05:00,PUR_IED_NuevaCol_S1101_76c43b,PUR_IED_NuevaCol_S1101_76c43b,,,,,
2026-09-12T06:11:14-05:00,PUR_IED_NuevaCol_S1102_1ce0b5,PUR_IED_NuevaCol_S1102_1ce0b5,,,,,
2026-09-12T06:11:14-05:00,PUR_IED_OEA_A202_f7e3f2,PUR_IED_OEA_A202_f7e3f2,,,,,
2026-09-12T06:11:14-05:00,PUR_IED_OEA_A203_7d1b8d,PUR_IED_OEA_A203_7d1b8d,,,,,
2026-09-12T06:11:14-05:00,PUR_IED_OEA_Ext_27b593,PUR_IED_OEA_Ext_27b593,,,,,
2026-09-12T06:11:14-05:00,PUR_IED_Ochoa_Ext_1c29da,PUR_IED_Ochoa_Ext_1c29da,,,,,
2026-09-12T06:11:14-05:00,PUR_IED_Ochoa_S205_8b1121,PUR_IED_Ochoa_S205_8b1121,,,,,
2026-09-12T06:11:14-05:00,PUR_IED_Ochoa_Sistemas_f33af6,PUR_IED_Ochoa_Sistemas_f33af6,,,,,
2026-09-12T06:11:14-05:00,PUR_IED_PQuebec_Ext_1c67c7,PUR_IED_PQuebec_Ext_1c67c7,,,,,
2026-09-12T06:11:14-05:00,PUR_IED_PQuebec_S15_23e8e2,PUR_IED_PQuebec_S15_23e8e2,,,,,
2026-09-12T06:11:14-05:00,PUR_IED_PQuebec_S16_8ec76b,PUR_IED_PQuebec_S16_8ec76b,,,,,
2026-09-12T06:11:14-05:00,PUR_IED_PabloN_Ext_49dc96,PUR_IED_PabloN_Ext_49dc96,,,,,
2026-09-12T06:11:14-05:00,PUR_IED_PabloN_S1102_4e3df5,PUR_IED_PabloN_S1102_4e3df5,,,,,
2026-09-12T06:11:14-05:00,PUR_IED_PabloN_S1103_50c94b,PUR_IED_PabloN_S1103_50c94b,,,,,
2026-09-12T06:11:14-05:00,PUR_IED_Palestina_S1101_db9198,PUR_IED_Palestina_S1101_db9198,,,,,
2026-09-12T06:11:14-05:00,PUR_IED_Palestina_S1102_dc54fa,PUR_IED_Palestina_S1102_dc54fa,,,,,
2026-09-12T06:11:14-05:00,PUR_IED_Palestina_ext_4ccce6,PUR_IED_Palestina_ext_4ccce6,,,,,
2026-09-12T06:11:14-05:00,PUR_IED_Panama_Fisica_4d0794,PUR_IED_Panama_Fisica_4d0794,,,,,
2026-09-12T06:11:14-05:00,PUR_IED_Panama_SIngles_a4077e,PUR_IED_Panama_SIngles_a4077e,,,,,
2026-09-12T06:11:14-05:00,PUR_IED_Panama_ext_4c54b4,PUR_IED_Panama_ext_4c54b4,,,,,
2026-09-12T06:11:14-05:00,PUR_IED_ParaisoM_Exterior_8cd7f0,PUR_IED_ParaisoM_Exterior_8cd7f0,,,,,
2026-09-12T06:11:14-05:00,PUR_IED_ParaisoM_Laborato_27af35,PUR_IED_ParaisoM_Laborato_27af35,,,,,
2026-09-12T06:11:14-05:00,PUR_IED_ParaisoM_S304_d1edca,PUR_IED_ParaisoM_S304_d1edca,,,,,
2026-09-12T06:11:14-05:00,PUR_IED_PorfirioBarba_Ext_301466,PUR_IED_PorfirioBarba_Ext_301466,,,,,
2026-09-12T06:11:14-05:00,PUR_IED_PorfirioBarba_S11_df6cd2,PUR_IED_PorfirioBarba_S11_df6cd2,,,,,
2026-09-12T06:11:14-05:00,PUR_IED_PorfirioBarba_S29_27a7d6,PUR_IED_PorfirioBarba_S29_27a7d6,,,,,
2026-09-12T06:11:14-05:00,PUR_IED_PradoV_Exter_8b27ad,PUR_IED_PradoV_Exter_8b27ad,,,,,
2026-09-12T06:11:14-05:00,PUR_IED_PradoV_S301_de65b5,PUR_IED_PradoV_S301_de65b5,,,,,
2026-09-12T06:11:14-05:00,PUR_IED_PradoV_S302_7d2593,PUR_IED_PradoV_S302_7d2593,,,,,
2026-09-12T06:11:14-05:00,PUR_IED_QuirogaAlz_Ext_1ddc82,PUR_IED_QuirogaAlz_Ext_1ddc82,,,,,
2026-09-12T06:11:14-05:00,PUR_IED_QuirogaAlz_S302_9926a3,PUR_IED_QuirogaAlz_S302_9926a3,,,,,
2026-09-12T06:11:14-05:00,PUR_IED_QuirogaAlz_S305_cdf1f1,PUR_IED_QuirogaAlz_S305_cdf1f1,,,,,
2026-09-12T06:11:14-05:00,PUR_IED_RGuatemala_Biling_dc53b7,PUR_IED_RGuatemala_Biling_dc53b7,,,,,
2026-09-12T06:11:14-05:00,PUR_IED_RGuatemala_Ext_1b89a3,PUR_IED_RGuatemala_Ext_1b89a3,,,,,
2026-09-12T06:11:14-05:00,PUR_IED_RGuatemala_Tecnol_281a34,PUR_IED_RGuatemala_Tecnol_281a34,,,,,
2026-09-12T06:11:14-05:00,PUR_IED_RafaNu_Ext_f7c302,PUR_IED_RafaNu_Ext_f7c302,,,,,
2026-09-12T06:11:14-05:00,PUR_IED_RafaNu_S1101_25fde,PUR_IED_RafaNu_S1101_25fde,,,,,
2026-09-12T06:11:14-05:00,PUR_IED_RafaNu_S1102_281517,PUR_IED_RafaNu_S1102_281517,,,,,
2026-09-12T06:11:14-05:00,PUR_IED_RafaelB_S305_ee2783,PUR_IED_RafaelB_S305_ee2783,,,,,
2026-09-12T06:11:14-05:00,PUR_IED_RafaelB_S306_75fe33,PUR_IED_RafaelB_S306_75fe33,,,,,
2026-09-12T06:11:14-05:00,PUR_IED_RafaelB_ext_283336,PUR_IED_RafaelB_ext_283336,2,18,60,4.6722,-74.0737
2026-09-12T06:11:14-05:00,PUR_IED_RafaelUU_Exterior_281a51,PUR_IED_RafaelUU_Exterior_281a51,,,,,
2026-09-12T06:11:14-05:00,PUR_IED_RafaelUU_Human_806b2,PUR_IED_RafaelUU_Human_806b2,,,,,
2026-09-12T06:11:14-05:00,PUR_IED_RafaelUU_Mate2_5680d4,PUR_IED_RafaelUU_Mate2_5680d4,,,,,
2026-09-12T06:11:14-05:00,PUR_IED_RamonSub_Ext_f9eeb9,PUR_IED_RamonSub_Ext_f9eeb9,,,,,
2026-09-12T06:11:14-05:00,PUR_IED_RamonSub_Media_d1f62f,PUR_IED_RamonSub_Media_d1f62f,,,,,
2026-09-12T06:11:14-05:00,PUR_IED_RamonSub_planta_51b82,PUR_IED_RamonSub_planta_51b82,,,,,
2026-09-12T06:11:14-05:00,PUR_IED_RepBoliVene_Exter_27af7c,PUR_IED_RepBoliVene_Exter_27af7c,,,,,
2026-09-12T06:11:14-05:00,PUR_IED_RepBoliVene_SCPT_5ae2ee,PUR_IED_RepBoliVene_SCPT_5ae2ee,,,,,
2026-09-12T06:11:14-05:00,PUR_IED_RepBoliVene_Socia_4b11d5,PUR_IED_RepBoliVene_Socia_4b11d5,,,,,
2026-09-12T06:11:14-05:00,PUR_IED_RepChina_Ext_76d9ee,PUR_IED_RepChina_Ext_76d9ee,,,,,
2026-09-12T06:11:14-05:00,PUR_IED_RepChina_S404_7c804c,PUR_IED_RepChina_S404_7c804c,,,,,
2026-09-12T06:11:14-05:00,PUR_IED_RepChina_S405_df2c33,PUR_IED_RepChina_S405_df2c33,,,,,
2026-09-12T06:11:14-05:00,PUR_IED_RepublicaC_Exteri_7d1ec9,PUR_IED_RepublicaC_Exteri_7d1ec9,,,,,
2026-09-12T06:11:14-05:00,PUR_IED_RepublicaC_S1101_f544b3,PUR_IED_RepublicaC_S1101_f544b3,,,,,
2026-09-12T06:11:14-05:00,PUR_IED_RepublicaC_S1102_7aafc7,PUR_IED_RepublicaC_S1102_7aafc7,,,,,
2026-09-12T06:11:14-05:00,PUR_IED_Ricaurte_Externo_a0ea1,PUR_IED_Ricaurte_Externo_a0ea1,,,,,
2026-09-12T06:11:14-05:00,PUR_IED_Ricaurte_S210_f546fd,PUR_IED_Ricaurte_S210_f546fd,,,,,
2026-09-12T06:11:14-05:00,PUR_IED_Ricaurte_S309_d4452,PUR_IED_Ricaurte_S309_d4452,,,,,
2026-09-12T06:11:14-05:00,PUR_IED_RogelioS_1102_531e69,PUR_IED_RogelioS_1102_531e69,,,,,
2026-09-12T06:11:14-05:00,PUR_IED_RogelioS_Ext_f25a18,PUR_IED_RogelioS_Ext_f25a18,,,,,
2026-09-12T06:11:14-05:00,PUR_IED_SBernardino_Ext_27aff8,PUR_IED_SBernardino_Ext_27aff8,,,,,
2026-09-12T06:11:14-05:00,PUR_IED_SBernardino_SArte_2ffd33,PUR_IED_SBernardino_SArte_2ffd33,,,,,
2026-09-12T06:11:14-05:00,PUR_IED_SBernardino_SIngl_7c7da5,PUR_IED_SBernardino_SIngl_7c7da5,,,,,
2026-09-12T06:11:14-05:00,PUR_IED_Sago_auditorio_dc9d1d,PUR_IED_Sago_auditorio_dc9d1d,,,,,
2026-09-12T06:11:14-05:00,PUR_IED_Saludcoop_Ext_95aac3,PUR_IED_Saludcoop_Ext_95aac3,,,,,
2026-09-12T06:11:14-05:00,PUR_IED_Saludcoop_InfI_90c854,PUR_IED_Saludcoop_InfI_90c854,,,,,
2026-09-12T06:11:14-05:00,PUR_IED_Saludcoop_SMedia_1b93be,PUR_IED_Saludcoop_SMedia_1b93be,,,,,
2026-09-12T06:11:14-05:00,PUR_IED_SanCarlos_1101_1a2360,PUR_IED_SanCarlos_1101_1a2360,,,,,
2026-09-12T06:11:14-05:00,PUR_IED_SanCarlos_1103_7bafb5,PUR_IED_SanCarlos_1103_7bafb5,,,,,
2026-09-12T06:11:14-05:00,PUR_IED_SanCarlos_Ext_b7cd1,PUR_IED_SanCarlos_Ext_b7cd1,,,,,
2026-09-12T06:11:14-05:00,PUR_IED_SanIgnacioBosa11a_50c26e,PUR_IED_SanIgnacioBosa11a_50c26e,,,,,
2026-09-12T06:11:14-05:00,PUR_IED_SanIgnacioBosa11b_371de8,PUR_IED_SanIgnacioBosa11b_371de8,,,,,
2026-09-12T06:11:14-05:00,PUR_IED_SanIgnacioBosaExt_ef0ffc,PUR_IED_SanIgnacioBosaExt_ef0ffc,,,,,
2026-09-12T06:11:14-05:00,PUR_IED_SanIgnacioBosa_11a_50c26e,PUR_IED_SanIgnacioBosa_11a_50c26e,,,,,
2026-09-12T06:11:14-05:00,PUR_IED_SanIgnacioBosa_Ext_ef0ffc,PUR_IED_SanIgnacioBosa_Ext_ef0ffc,,,,,
2026-09-12T06:11:14-05:00,PUR_IED_SanJoseN_intS1101_31c47f,PUR_IED_SanJoseN_intS1101_31c47f,,,,,
2026-09-12T06:11:14-05:00,PUR_IED_SanJoseUsm_Exter_f5d7e8,PUR_IED_SanJoseUsm_Exter_f5d7e8,,,,,
2026-09-12T06:11:14-05:00,PUR_IED_SanJoseUsm_Int11A_cfdef6,PUR_IED_SanJoseUsm_Int11A_cfdef6,,,,,
2026-09-12T06:11:14-05:00,PUR_IED_SilveriaR_IntB5_905349,PUR_IED_SilveriaR_IntB5_905349,,,,,
2026-09-12T06:11:14-05:00,PUR_IED_SilveriaR_IntSD14_981f93,PUR_IED_SilveriaR_IntSD14_981f93,,,,,
2026-09-12T06:11:14-05:00,PUR_IED_SilveriaR_ext_2b651d,PUR_IED_SilveriaR_ext_2b651d,,,,,
2026-09-12T06:11:14-05:00,PUR_IED_SimonB_Exterior_913975,PUR_IED_SimonB_Exterior_913975,,,,,
2026-09-12T06:11:14-05:00,PUR_IED_SimonB_LabQuimi_c56908,PUR_IED_SimonB_LabQuimi_c56908,,,,,
2026-09-12T06:11:14-05:00,PUR_IED_SimonB_informatic_a28c1,PUR_IED_SimonB_informatic_a28c1,,,,,
2026-09-12T06:11:14-05:00,PUR_IED_Sorrento_1102_315f50,PUR_IED_Sorrento_1102_315f50,,,,,
2026-09-12T06:11:14-05:00,PUR_IED_Sorrento_Minte_214eab,PUR_IED_Sorrento_Minte_214eab,,,,,
2026-09-12T06:11:14-05:00,PUR_IED_Sorrento_ext_7c3a0a,PUR_IED_Sorrento_ext_7c3a0a,,,,,
2026-09-12T06:11:14-05:00,PUR_IED_Tabora_Ext_f048ae,PUR_IED_Tabora_Ext_f048ae,,,,,
2026-09-12T06:11:14-05:00,PUR_IED_Tabora_S1102_b07752,PUR_IED_Tabora_S1102_b07752,,,,,
2026-09-12T06:11:14-05:00,PUR_IED_Tabora_S1103_d988f5,PUR_IED_Tabora_S1103_d988f5,,,,,
2026-09-12T06:11:14-05:00,PUR_IED_Tenerife_Ext_1ab188,PUR_IED_Tenerife_Ext_1ab188,,,,,
2026-09-12T06:11:14-05:00,PUR_IED_Tenerife_SDanzas_7bc02e,PUR_IED_Tenerife_SDanzas_7bc02e,,,,,
2026-09-12T06:11:14-05:00,PUR_IED_Tenerife_SIngles_7cc277,PUR_IED_Tenerife_SIngles_7cc277,,,,,
2026-09-12T06:11:14-05:00,PUR_IED_Tibabuyes_Exter_f2683d,PUR_IED_Tibabuyes_Exter_f2683d,,,,,
2026-09-12T06:11:14-05:00,PUR_IED_Tibabuyes_S10_dc87a8,PUR_IED_Tibabuyes_S10_dc87a8,,,,,
2026-09-12T06:11:14-05:00,PUR_IED_Tibabuyes_S15_dc0526,PUR_IED_Tibabuyes_S15_dc0526,,,,,
2026-09-12T06:11:14-05:00,PUR_IED_UnionE_S301_a1043,PUR_IED_UnionE_S301_a1043,,,,,
2026-09-12T06:11:14-05:00,PUR_IED_UnionE_S307_ff6c2f,PUR_IED_UnionE_S307_ff6c2f,,,,,
2026-09-12T06:11:14-05:00,PUR_IED_UnionE__Ext_5e2468,PUR_IED_UnionE__Ext_5e2468,,,,,
2026-09-12T06:11:14-05:00,PUR_IED_VillaRica_Ext_75be7c,PUR_IED_VillaRica_Ext_75be7c,,,,,
2026-09-12T06:11:14-05:00,PUR_IED_VillaRica_S4_cc5dcd,PUR_IED_VillaRica_S4_cc5dcd,,,,,
2026-09-12T06:11:14-05:00,PUR_IED_VillaRica_Sesp_99f5c,PUR_IED_VillaRica_Sesp_99f5c,,,,,
2026-09-12T06:16:03-05:00,PUR_IED_20deJulio_1101_91b1b9,PUR_IED_20deJulio_1101_91b1b9,,,,,
2026-09-12T06:16:03-05:00,PUR_IED_20deJulio_1102_1cfcf9,PUR_IED_20deJulio_1102_1cfcf9,,,,,
2026-09-12T06:16:03-05:00,PUR_IED_20deJulio_Ext_ab60bd,PUR_IED_20deJulio_Ext_ab60bd,,,,,
2026-09-12T06:16:03-05:00,PUR_IED_AgustinFer_Ext_7b9b77,PUR_IED_AgustinFer_Ext_7b9b77,,,,,
2026-09-12T06:16:03-05:00,PUR_IED_AgustinFer_Info2_27b3a7,PUR_IED_AgustinFer_Info2_27b3a7,,,,,
2026-09-12T06:16:03-05:00,PUR_IED_AgustinFer_Sena_54b4eb,PUR_IED_AgustinFer_Sena_54b4eb,,,,,
2026-09-12T06:16:03-05:00,PUR_IED_AlexanderF_1102_caf07b,PUR_IED_AlexanderF_1102_caf07b,,,,,
2026-09-12T06:16:03-05:00,PUR_IED_AlexanderF_1103_c79e71,PUR_IED_AlexanderF_1103_c79e71,,,,,
2026-09-12T06:16:03-05:00,PUR_IED_AlexanderF_Ext_c5b18b,PUR_IED_AlexanderF_Ext_c5b18b,,,,,
2026-09-12T06:16:03-05:00,PUR_IED_AlfonsoLopez_Ext_281d77,PUR_IED_AlfonsoLopez_Ext_281d77,,,,,
2026-09-12T06:16:03-05:00,PUR_IED_AlfonsoLopez_LabF_888ce0,PUR_IED_AlfonsoLopez_LabF_888ce0,,,,,
2026-09-12T06:16:03-05:00,PUR_IED_AlfonsoLopez_SMed_df6a7f,PUR_IED_AlfonsoLopez_SMed_df6a7f,,,,,
2026-09-12T06:16:03-05:00,PUR_IED_AltamiraSO_A2_209f92,PUR_IED_AltamiraSO_A2_209f92,,,,,
2026-09-12T06:16:03-05:00,PUR_IED_AltamiraSO_Ext_186d66,PUR_IED_AltamiraSO_Ext_186d66,,,,,
2026-09-12T06:16:03-05:00,PUR_IED_AltamiraSO_Sistem_27afe1,PUR_IED_AltamiraSO_Sistem_27afe1,,,,,
2026-09-12T06:16:03-05:00,PUR_IED_AlvaroGom_LabQuim_813179,PUR_IED_AlvaroGom_LabQuim_813179,,,,,
2026-09-12T06:16:03-05:00,PUR_IED_AlvaroGomez_Ext_47c7ca,PUR_IED_AlvaroGomez_Ext_47c7ca,,,,,
2026-09-12T06:16:03-05:00,PUR_IED_AlvaroGomez_LabQuim_813179,PUR_IED_AlvaroGomez_LabQuim_813179,,,,,
2026-09-12T06:16:03-05:00,PUR_IED_AlvaroGomez_S23_7ba89f,PUR_IED_AlvaroGomez_S23_7ba89f,,,,,
2026-09-12T06:16:03-05:00,PUR_IED_Amistad_306_dc8728,PUR_IED_Amistad_306_dc8728,,,,,
2026-09-12T06:16:03-05:00,PUR_IED_Amistad_Ext_8cd55e,PUR_IED_Amistad_Ext_8cd55e,,,,,
2026-09-12T06:16:03-05:00,PUR_IED_Amistad_S202_a41169,PUR_IED_Amistad_S202_a41169,,,,,
2026-09-12T06:16:03-05:00,PUR_IED_AndresBello_Bio_fd5f5e,PUR_IED_AndresBello_Bio_fd5f5e,,,,,
2026-09-12T06:16:03-05:00,PUR_IED_AndresBello_ext_dcad65,PUR_IED_AndresBello_ext_dcad65,,,,,
2026-09-12T06:16:03-05:00,PUR_IED_AndresBello_port_eed3ec,PUR_IED_AndresBello_port_eed3ec,,,,,
2026-09-12T06:16:03-05:00,PUR_IED_AngelaR_11b_d90a6b,PUR_IED_AngelaR_11b_d90a6b,,,,,
2026-09-12T06:16:03-05:00,PUR_IED_AngelaR_ext_7cad3e,PUR_IED_AngelaR_ext_7cad3e,5,17,68,4.5825,-74.164497
2026-09-12T06:16:03-05:00,PUR_IED_AntJoseSucre_10mo_df2575,PUR_IED_AntJoseSucre_10mo_df2575,,,,,
2026-09-12T06:16:03-05:00,PUR_IED_AntJoseSucre_Ext_215b36,PUR_IED_AntJoseSucre_Ext_215b36,,,,,
2026-09-12T06:16:03-05:00,PUR_IED_AntJoseSucre_Lab_3139de,PUR_IED_AntJoseSucre_Lab_3139de,,,,,
2026-09-12T06:16:03-05:00,PUR_IED_AntonioGarcia_301_d6b188,PUR_IED_AntonioGarcia_301_d6b188,,,,,
2026-09-12T06:16:03-05:00,PUR_IED_AntonioGarcia_302_88a82,PUR_IED_AntonioGarcia_302_88a82,,,,,
2026-09-12T06:16:03-05:00,PUR_IED_AntonioGarcia_Ext_20950c,PUR_IED_AntonioGarcia_Ext_20950c,,,,,
2026-09-12T06:16:03-05:00,PUR_IED_AntonioVan_Aula2_6dea02,PUR_IED_AntonioVan_Aula2_6dea02,,,,,
2026-09-12T06:16:03-05:00,PUR_IED_AntonioVan_Aula5_f1557e,PUR_IED_AntonioVan_Aula5_f1557e,,,,,
2026-09-12T06:16:03-05:00,PUR_IED_AntonioVan_Ext_406f2f,PUR_IED_AntonioVan_Ext_406f2f,,,,,
2026-09-12T06:16:03-05:00,PUR_IED_Atabanzha_Ext_cc5af9,PUR_IED_Atabanzha_Ext_cc5af9,,,,,
2026-09-12T06:16:03-05:00,PUR_IED_Atabanzha_SA101_56c37,PUR_IED_Atabanzha_SA101_56c37,,,,,
2026-09-12T06:16:03-05:00,PUR_IED_Atabanzha_SB302_27b374,PUR_IED_Atabanzha_SB302_27b374,,,,,
2026-09-12T06:16:03-05:00,PUR_IED_Atahualpa_Ext_fc1748,PUR_IED_Atahualpa_Ext_fc1748,,,,,
2026-09-12T06:16:03-05:00,PUR_IED_Atahualpa_Informa_dc9a95,PUR_IED_Atahualpa_Informa_dc9a95,,,,,
2026-09-12T06:16:03-05:00,PUR_IED_Atahualpa_S1101_f98056,PUR_IED_Atahualpa_S1101_f98056,,,,,
2026-09-12T06:16:03-05:00,PUR_IED_Bellavista_Ext_f5aa74,PUR_IED_Bellavista_Ext_f5aa74,,,,,
2026-09-12T06:16:03-05:00,PUR_IED_Bilbao_11A_916c41,PUR_IED_Bilbao_11A_916c41,,,,,
2026-09-12T06:16:03-05:00,PUR_IED_Bilbao_Ext_fb579a,PUR_IED_Bilbao_Ext_fb579a,,,,,
2026-09-12T06:16:03-05:00,PUR_IED_BrasiliaU_A125_304280,PUR_IED_BrasiliaU_A125_304280,,,,,
2026-09-12T06:16:03-05:00,PUR_IED_BrasiliaU_A203_7c8ca5,PUR_IED_BrasiliaU_A203_7c8ca5,,,,,
2026-09-12T06:16:03-05:00,PUR_IED_BrasiliaU_Ext_8d6e9f,PUR_IED_BrasiliaU_Ext_8d6e9f,5,16,68,4.5175,-74.116302
2026-09-12T06:16:03-05:00,PUR_IED_Brasilia_Ext_fe6593,PUR_IED_Brasilia_Ext_fe6593,,,,,
2026-09-12T06:16:03-05:00,PUR_IED_Brasilia_S24_7c130d,PUR_IED_Brasilia_S24_7c130d,,,,,
2026-09-12T06:16:03-05:00,PUR_IED_Brasilia_S501_186a54,PUR_IED_Brasilia_S501_186a54,,,,,
2026-09-12T06:16:03-05:00,PUR_IED_CHARRY_EXT_f1d5cd,PUR_IED_CHARRY_EXT_f1d5cd,,,,,
2026-09-12T06:16:03-05:00,PUR_IED_CHARRY_INTDANZAS_7a08e6,PUR_IED_CHARRY_INTDANZAS_7a08e6,,,,,
2026-09-12T06:16:03-05:00,PUR_IED_CHARRY_INT_AULA20_dc998d,PUR_IED_CHARRY_INT_AULA20_dc998d,,,,,
2026-09-12T06:16:03-05:00,PUR_IED_COLVIV_1101_S25_7f520a,PUR_IED_COLVIV_1101_S25_7f520a,,,,,
2026-09-12T06:16:03-05:00,PUR_IED_COLVIV_1102_S16_f570ba,PUR_IED_COLVIV_1102_S16_f570ba,,,,,
2026-09-12T06:16:03-05:00,PUR_IED_COLVIV_Ext_1a26fa,PUR_IED_COLVIV_Ext_1a26fa,,,,,
2026-09-12T06:16:03-05:00,PUR_IED_CULPOP_301A_f660f3,PUR_IED_CULPOP_301A_f660f3,,,,,
2026-09-12T06:16:03-05:00,PUR_IED_CULPOP_303_568afe,PUR_IED_CULPOP_303_568afe,,,,,
2026-09-12T06:16:03-05:00,PUR_IED_CULPOP_Ext_e02ccb,PUR_IED_CULPOP_Ext_e02ccb,,,,,
2026-09-12T06:16:03-05:00,PUR_IED_CVillavicen_Ext_26eb58,PUR_IED_CVillavicen_Ext_26eb58,5,13,84,4.487,-74.102798
2026-09-12T06:16:03-05:00,PUR_IED_CVillavicen_Intel_1ce5c2,PUR_IED_CVillavicen_Intel_1ce5c2,,,,,
2026-09-12T06:16:03-05:00,PUR_IED_CVillavicen_Poliv_e0766c,PUR_IED_CVillavicen_Poliv_e0766c,,,,,
2026-09-12T06:16:03-05:00,PUR_IED_CVillavicen_int_1ba140,PUR_IED_CVillavicen_int_1ba140,,,,,
2026-09-12T06:16:03-05:00,PUR_IED_CVillavicen_intel_1ba140,PUR_IED_CVillavicen_intel_1ba140,,,,,
2026-09-12T06:16:03-05:00,PUR_IED_CarlosPizarro_Ext_e307cc,PUR_IED_CarlosPizarro_Ext_e307cc,,,,,
2026-09-12T06:16:03-05:00,PUR_IED_CarlosPizarro_L36_7e5cdb,PUR_IED_CarlosPizarro_L36_7e5cdb,,,,,
2026-09-12T06:16:03-05:00,PUR_IED_CarlosPizarro_L37_c8566c,PUR_IED_CarlosPizarro_L37_c8566c,,,,,
2026-09-12T06:16:03-05:00,PUR_IED_Castilla_Ext_cf35f,PUR_IED_Castilla_Ext_cf35f,,,,,
2026-09-12T06:16:03-05:00,PUR_IED_Castilla_SFisik_360e38,PUR_IED_Castilla_SFisik_360e38,,,,,
2026-09-12T06:16:03-05:00,PUR_IED_Castilla_Sc304_496fbf,PUR_IED_Castilla_Sc304_496fbf,,,,,
2026-09-12T06:16:03-05:00,PUR_IED_CervantesSa_Ext_6b57b,PUR_IED_CervantesSa_Ext_6b57b,4,16,75,4.5128,-74.117203
2026-09-12T06:16:03-05:00,PUR_IED_CervantesSa_S107_225c2b,PUR_IED_CervantesSa_S107_225c2b,,,,,
2026-09-12T06:16:03-05:00,PUR_IED_CervantesSa_S108_940925,PUR_IED_CervantesSa_S108_940925,,,,,
2026-09-12T06:16:03-05:00,PUR_IED_Charry_A20_f53e7c,PUR_IED_Charry_A20_f53e7c,,,,,
2026-09-12T06:16:03-05:00,PUR_IED_Charry_Ext_f1d5cd,PUR_IED_Charry_Ext_f1d5cd,,,,,
2026-09-12T06:16:03-05:00,PUR_IED_Charry_IntAula20_dc998d,PUR_IED_Charry_IntAula20_dc998d,,,,,
2026-09-12T06:16:03-05:00,PUR_IED_Charry_IntDanzas_7a08e6,PUR_IED_Charry_IntDanzas_7a08e6,,,,,
2026-09-12T06:16:03-05:00,PUR_IED_ClememciaC_203_43e2fc,PUR_IED_ClememciaC_203_43e2fc,,,,,
2026-09-12T06:16:03-05:00,PUR_IED_ClememciaC_Ext_1b411a,PUR_IED_ClememciaC_Ext_1b411a,,,,,
2026-09-12T06:16:03-05:00,PUR_IED_ClememciaC_Quimic_44b5fc,PUR_IED_ClememciaC_Quimic_44b5fc,,,,,
2026-09-12T06:16:03-05:00,PUR_IED_ClemenciaC_203_43e2fc,PUR_IED_ClemenciaC_203_43e2fc,,,,,
2026-09-12T06:16:03-05:00,PUR_IED_ClemenciaC_Ext_1b411a,PUR_IED_ClemenciaC_Ext_1b411a,,,,,
2026-09-12T06:16:03-05:00,PUR_IED_ClemenciaC_Quimic_44b5fc,PUR_IED_ClemenciaC_Quimic_44b5fc,,,,,
2026-09-12T06:16:03-05:00,PUR_IED_ColViva_1101_S25_7f520a,PUR_IED_ColViva_1101_S25_7f520a,,,,,
2026-09-12T06:16:03-05:00,PUR_IED_ColViva_1102_S16_f570ba,PUR_IED_ColViva_1102_S16_f570ba,,,,,
2026-09-12T06:16:03-05:00,PUR_IED_ColViva_Ext_1a26fa,PUR_IED_ColViva_Ext_1a26fa,,,,,
2026-09-12T06:16:03-05:00,PUR_IED_ColegioBici_Asist_7c8798,PUR_IED_ColegioBici_Asist_7c8798,,,,,
2026-09-12T06:16:03-05:00,PUR_IED_ColegioBici_Ext_25cbf6,PUR_IED_ColegioBici_Ext_25cbf6,,,,,
2026-09-12T06:16:03-05:00,PUR_IED_ColegioBici_LabQ_7b57db,PUR_IED_ColegioBici_LabQ_7b57db,,,,,
2026-09-12T06:16:03-05:00,PUR_IED_CostaRica_Ext_5e640,PUR_IED_CostaRica_Ext_5e640,,,,,
2026-09-12T06:16:03-05:00,PUR_IED_CostaRica_Quim1_766d1c,PUR_IED_CostaRica_Quim1_766d1c,,,,,
2026-09-12T06:16:03-05:00,PUR_IED_CostaRica__Fisica_6f0873,PUR_IED_CostaRica__Fisica_6f0873,,,,,
2026-09-12T06:16:03-05:00,PUR_IED_CulPopu_301A_f660f3,PUR_IED_CulPopu_301A_f660f3,,,,,
2026-09-12T06:16:03-05:00,PUR_IED_CulPopu_303_568afe,PUR_IED_CulPopu_303_568afe,,,,,
2026-09-12T06:16:03-05:00,PUR_IED_CulPopu_Ext_e02ccb,PUR_IED_CulPopu_Ext_e02ccb,,,,,
2026-09-12T06:16:03-05:00,PUR_IED_Cundinamarca_Ext_f15985,PUR_IED_Cundinamarca_Ext_f15985,,,,,
2026-09-12T06:16:03-05:00,PUR_IED_Cundinamarca_Info_7aa5d7,PUR_IED_Cundinamarca_Info_7aa5d7,,,,,
2026-09-12T06:16:03-05:00,PUR_IED_Cundinamarca_Tec2_f449c7,PUR_IED_Cundinamarca_Tec2_f449c7,,,,,
2026-09-12T06:16:03-05:00,PUR_IED_DiegoM_Aula1_27b314,PUR_IED_DiegoM_Aula1_27b314,,,,,
2026-09-12T06:16:03-05:00,PUR_IED_DiegoM_Ext_d80ac8,PUR_IED_DiegoM_Ext_d80ac8,,,,,
2026-09-12T06:16:03-05:00,PUR_IED_DiegoM_S25_da928f,PUR_IED_DiegoM_S25_da928f,,,,,
2026-09-12T06:16:03-05:00,PUR_IED_ELRODEO_360881,PUR_IED_ELRODEO_360881,,,,,
2026-09-12T06:16:03-05:00,PUR_IED_ELRODEO_ext_360881,PUR_IED_ELRODEO_ext_360881,,,,,
2026-09-12T06:16:03-05:00,PUR_IED_EduardoU_Ext_1c1969,PUR_IED_EduardoU_Ext_1c1969,,,,,
2026-09-12T06:16:03-05:00,PUR_IED_EduardoU_SCiencia_4dfb94,PUR_IED_EduardoU_SCiencia_4dfb94,,,,,
2026-09-12T06:16:03-05:00,PUR_IED_EduardoU_SQuimica_5a46e7,PUR_IED_EduardoU_SQuimica_5a46e7,,,,,
2026-09-12T06:16:03-05:00,PUR_IED_ElRodeo_Aula14_676984,PUR_IED_ElRodeo_Aula14_676984,,,,,
2026-09-12T06:16:03-05:00,PUR_IED_ElRodeo_Aula16_2dd35b,PUR_IED_ElRodeo_Aula16_2dd35b,,,,,
2026-09-12T06:16:03-05:00,PUR_IED_ElRodeo_Ext_360881,PUR_IED_ElRodeo_Ext_360881,,,,,
2026-09-12T06:16:03-05:00,PUR_IED_ElRodeo_Exterior_8c6d28,PUR_IED_ElRodeo_Exterior_8c6d28,,,,,
2026-09-12T06:16:03-05:00,PUR_IED_ElRodeo_ext_360881,PUR_IED_ElRodeo_ext_360881,,,,,
2026-09-12T06:16:03-05:00,PUR_IED_EmmaReyes_Ext_987625,PUR_IED_EmmaReyes_Ext_987625,9,21,53,4.6367,-74.1511
2026-09-12T06:16:03-05:00,PUR_IED_Ensueño_Ext_7f0250,PUR_IED_Ensueño_Ext_7f0250,,,,,
2026-09-12T06:16:03-05:00,PUR_IED_EscNormal_Ext_5fef3b,PUR_IED_EscNormal_Ext_5fef3b,2,18,62,4.5852,-74.096901
2026-09-12T06:16:03-05:00,PUR_IED_EscNormal_S309_5b263,PUR_IED_EscNormal_S309_5b263,,,,,
2026-09-12T06:16:03-05:00,PUR_IED_EscNormal_S310_27b3b8,PUR_IED_EscNormal_S310_27b3b8,,,,,
2026-09-12T06:16:03-05:00,PUR_IED_Evangelista_Conta_f6cd4f,PUR_IED_Evangelista_Conta_f6cd4f,,,,,
2026-09-12T06:16:03-05:00,PUR_IED_Evangelista_Cri_5e16a,PUR_IED_Evangelista_Cri_5e16a,,,,,
2026-09-12T06:16:03-05:00,PUR_IED_Evangelista_Exter_754066,PUR_IED_Evangelista_Exter_754066,,,,,
2026-09-12T06:16:03-05:00,PUR_IED_FMiranda_S209_5cc2a3,PUR_IED_FMiranda_S209_5cc2a3,,,,,
2026-09-12T06:16:03-05:00,PUR_IED_FMiranda_S303_19e344,PUR_IED_FMiranda_S303_19e344,,,,,
2026-09-12T06:16:03-05:00,PUR_IED_FMiranda_ext_f53e7c,PUR_IED_FMiranda_ext_f53e7c,,,,,
2026-09-12T06:16:03-05:00,PUR_IED_FabioLozano_Bibli_1cee05,PUR_IED_FabioLozano_Bibli_1cee05,,,,,
2026-09-12T06:16:03-05:00,PUR_IED_FabioLozano_Ext_6ea285,PUR_IED_FabioLozano_Ext_6ea285,,,,,
2026-09-12T06:16:03-05:00,PUR_IED_FabioLozano_SLudi_f09e1e,PUR_IED_FabioLozano_SLudi_f09e1e,,,,,
2026-09-12T06:16:03-05:00,PUR_IED_FaustinoS_Aula07_27a731,PUR_IED_FaustinoS_Aula07_27a731,,,,,
2026-09-12T06:16:03-05:00,PUR_IED_FaustinoS_Ext_7b936f,PUR_IED_FaustinoS_Ext_7b936f,,,,,
2026-09-12T06:16:03-05:00,PUR_IED_FaustinoS_Fisica_da2c60,PUR_IED_FaustinoS_Fisica_da2c60,,,,,
2026-09-12T06:16:03-05:00,PUR_IED_FeGarciaLo_Ext_dc68ee,PUR_IED_FeGarciaLo_Ext_dc68ee,,,,,
2026-09-12T06:16:03-05:00,PUR_IED_FeGarciaLo_SDanza_f70a59,PUR_IED_FeGarciaLo_SDanza_f70a59,,,,,
2026-09-12T06:16:03-05:00,PUR_IED_FeGarciaLo_SMusic_125cdd,PUR_IED_FeGarciaLo_SMusic_125cdd,,,,,
2026-09-12T06:16:03-05:00,PUR_IED_FederalAlema_Exte_50c345,PUR_IED_FederalAlema_Exte_50c345,,,,,
2026-09-12T06:16:03-05:00,PUR_IED_FederalAlema_S31_f18371,PUR_IED_FederalAlema_S31_f18371,,,,,
2026-09-12T06:16:03-05:00,PUR_IED_FederalAlema_S901_a62cd,PUR_IED_FederalAlema_S901_a62cd,,,,,
2026-09-12T06:16:03-05:00,PUR_IED_FilarmonicaS_A5_f35eb1,PUR_IED_FilarmonicaS_A5_f35eb1,,,,,
2026-09-12T06:16:03-05:00,PUR_IED_FilarmonicaS_Ext_8a3bde,PUR_IED_FilarmonicaS_Ext_8a3bde,,,,,
2026-09-12T06:16:03-05:00,PUR_IED_FilarmonicaS_Spol_406114,PUR_IED_FilarmonicaS_Spol_406114,,,,,
2026-09-12T06:16:03-05:00,PUR_IED_FlorentinoG_A13_d1fa59,PUR_IED_FlorentinoG_A13_d1fa59,,,,,
2026-09-12T06:16:03-05:00,PUR_IED_FlorentinoG_Ext_1ce6ce,PUR_IED_FlorentinoG_Ext_1ce6ce,,,,,
2026-09-12T06:16:03-05:00,PUR_IED_FlorentinoG_Idiom_a66aac,PUR_IED_FlorentinoG_Idiom_a66aac,,,,,
2026-09-12T06:16:03-05:00,PUR_IED_FranciscoMati_Ext_e3869d,PUR_IED_FranciscoMati_Ext_e3869d,,,,,
2026-09-12T06:16:03-05:00,PUR_IED_FranciscoMati_S13_f31c67,PUR_IED_FranciscoMati_S13_f31c67,,,,,
2026-09-12T06:16:03-05:00,PUR_IED_FranciscoMati_S14_97dead,PUR_IED_FranciscoMati_S14_97dead,,,,,
2026-09-12T06:16:03-05:00,PUR_IED_FranciscoPS_Ext_7bfa9a,PUR_IED_FranciscoPS_Ext_7bfa9a,2,19,61,4.5899,-74.110397
2026-09-12T06:16:03-05:00,PUR_IED_FranciscoPS_Infor_fb8f4c,PUR_IED_FranciscoPS_Infor_fb8f4c,,,,,
2026-09-12T06:16:03-05:00,PUR_IED_FranciscoPS_Quimi_94d39c,PUR_IED_FranciscoPS_Quimi_94d39c,,,,,
2026-09-12T06:16:03-05:00,PUR_IED_FranciscoP_LabQ_d7e148,PUR_IED_FranciscoP_LabQ_d7e148,,,,,
2026-09-12T06:16:03-05:00,PUR_IED_FranciscoP_S28_cf9b30,PUR_IED_FranciscoP_S28_cf9b30,,,,,
2026-09-12T06:16:03-05:00,PUR_IED_FranciscoP_ext_e2313,PUR_IED_FranciscoP_ext_e2313,,,,,
2026-09-12T06:16:03-05:00,PUR_IED_FriederichN_Ext_8ac92a,PUR_IED_FriederichN_Ext_8ac92a,,,,,
2026-09-12T06:16:03-05:00,PUR_IED_FriederichN_S301_dd7e5a,PUR_IED_FriederichN_S301_dd7e5a,,,,,
2026-09-12T06:16:03-05:00,PUR_IED_FriederichN_S308_761f4f,PUR_IED_FriederichN_S308_761f4f,,,,,
2026-09-12T06:16:03-05:00,PUR_IED_GSantander_Aula10_533dd7,PUR_IED_GSantander_Aula10_533dd7,,,,,
2026-09-12T06:16:03-05:00,PUR_IED_GSantander_Aula12_fd4e4f,PUR_IED_GSantander_Aula12_fd4e4f,,,,,
2026-09-12T06:16:03-05:00,PUR_IED_GSantander_Aula310_533dd7,PUR_IED_GSantander_Aula310_533dd7,,,,,
2026-09-12T06:16:03-05:00,PUR_IED_GSantander_Aula312_fd4e4f,PUR_IED_GSantander_Aula312_fd4e4f,,,,,
2026-09-12T06:16:03-05:00,PUR_IED_GSantander_Ext_5f66b0,PUR_IED_GSantander_Ext_5f66b0,,,,,
2026-09-12T06:16:03-05:00,PUR_IED_GYomasa_Ext_f6bea5,PUR_IED_GYomasa_Ext_f6bea5,,,,,
2026-09-12T06:16:03-05:00,PUR_IED_GYomasa_LBiol_2c41aa,PUR_IED_GYomasa_LBiol_2c41aa,,,,,
2026-09-12T06:16:03-05:00,PUR_IED_GYomasa_LQuim_33c80,PUR_IED_GYomasa_LQuim_33c80,,,,,
2026-09-12T06:16:03-05:00,PUR_IED_GabBetMejia_Cienc_5a99c,PUR_IED_GabBetMejia_Cienc_5a99c,,,,,
2026-09-12T06:16:03-05:00,PUR_IED_GabBetMejia_Ext_9153d0,PUR_IED_GabBetMejia_Ext_9153d0,,,,,
2026-09-12T06:16:03-05:00,PUR_IED_GabBetMejia_Lab_f55347,PUR_IED_GabBetMejia_Lab_f55347,,,,,
2026-09-12T06:16:03-05:00,PUR_IED_GabBetanMejia_Ext_9153d0,PUR_IED_GabBetanMejia_Ext_9153d0,,,,,
2026-09-12T06:16:03-05:00,PUR_IED_Gaitana_Aula13_7aac11,PUR_IED_Gaitana_Aula13_7aac11,,,,,
2026-09-12T06:16:03-05:00,PUR_IED_Gaitana_Ext_5fcf4,PUR_IED_Gaitana_Ext_5fcf4,,,,,
2026-09-12T06:16:03-05:00,PUR_IED_Gaitana_LabFisica_644448,PUR_IED_Gaitana_LabFisica_644448,,,,,
2026-09-12T06:16:03-05:00,PUR_IED_GenSantander_Dise_8ac858,PUR_IED_GenSantander_Dise_8ac858,,,,,
2026-09-12T06:16:03-05:00,PUR_IED_GenSantander_Ext_8d5dfe,PUR_IED_GenSantander_Ext_8d5dfe,,,,,
2026-09-12T06:16:03-05:00,PUR_IED_GenSantander_Info_6c25b,PUR_IED_GenSantander_Info_6c25b,,,,,
2026-09-12T06:16:03-05:00,PUR_IED_GustavoMo_Exterio_75e63d,PUR_IED_GustavoMo_Exterio_75e63d,,,,,
2026-09-12T06:16:03-05:00,PUR_IED_GustavoMo_LabFisi_224d37,PUR_IED_GustavoMo_LabFisi_224d37,,,,,
2026-09-12T06:16:03-05:00,PUR_IED_GustavoMo_S208_3e6918,PUR_IED_GustavoMo_S208_3e6918,,,,,
2026-09-12T06:16:03-05:00,PUR_IED_GustavoR_A02_8cd4a8,PUR_IED_GustavoR_A02_8cd4a8,,,,,
2026-09-12T06:16:03-05:00,PUR_IED_GustavoR_B11_5b0ed,PUR_IED_GustavoR_B11_5b0ed,,,,,
2026-09-12T06:16:03-05:00,PUR_IED_GustavoR_Ext_7a0c90,PUR_IED_GustavoR_Ext_7a0c90,,,,,
2026-09-12T06:16:03-05:00,PUR_IED_HernandoDuran_Ext_8cd82b,PUR_IED_HernandoDuran_Ext_8cd82b,,,,,
2026-09-12T06:16:03-05:00,PUR_IED_HernandoDuran_S24_2772c6,PUR_IED_HernandoDuran_S24_2772c6,,,,,
2026-09-12T06:16:03-05:00,PUR_IED_HernandoDuran_S30_f2de41,PUR_IED_HernandoDuran_S30_f2de41,,,,,
2026-09-12T06:16:03-05:00,PUR_IED_HolguInUr_S1101_8cd732,PUR_IED_HolguInUr_S1101_8cd732,,,,,
2026-09-12T06:16:03-05:00,PUR_IED_HolguinUr_Exter_ddae6d,PUR_IED_HolguinUr_Exter_ddae6d,,,,,
2026-09-12T06:16:03-05:00,PUR_IED_HolguinUr_LabQuim_92b952,PUR_IED_HolguinUr_LabQuim_92b952,,,,,
2026-09-12T06:16:03-05:00,PUR_IED_Isabel-II_Ext_5245cc,PUR_IED_Isabel-II_Ext_5245cc,5,19,60,4.6336,-74.153
2026-09-12T06:16:03-05:00,PUR_IED_Isabel-II_S_idiom_1c29aa,PUR_IED_Isabel-II_S_idiom_1c29aa,,,,,
2026-09-12T06:16:03-05:00,PUR_IED_Isabel-II_S_infor_fd741,PUR_IED_Isabel-II_S_infor_fd741,,,,,
2026-09-12T06:16:03-05:00,PUR_IED_IsidroSur_Exterio_5b90ea,PUR_IED_IsidroSur_Exterio_5b90ea,,,,,
2026-09-12T06:16:03-05:00,PUR_IED_IsidroSur_LabTec_56697a,PUR_IED_IsidroSur_LabTec_56697a,,,,,
2026-09-12T06:16:03-05:00,PUR_IED_IsidroSur_Robotic_b7c38f,PUR_IED_IsidroSur_Robotic_b7c38f,,,,,
2026-09-12T06:16:03-05:00,PUR_IED_IsmaelPerd_Ext_7b6672,PUR_IED_IsmaelPerd_Ext_7b6672,,,,,
2026-09-12T06:16:03-05:00,PUR_IED_IsmaelPerd_Inform_306540,PUR_IED_IsmaelPerd_Inform_306540,,,,,
2026-09-12T06:16:03-05:00,PUR_IED_IsmaelPerd_S30_2e2c83,PUR_IED_IsmaelPerd_S30_2e2c83,,,,,
2026-09-12T06:16:03-05:00,PUR_IED_JLozano_Exter_432910,PUR_IED_JLozano_Exter_432910,,,,,
2026-09-12T06:16:03-05:00,PUR_IED_JLozano_salaMulti_df5125,PUR_IED_JLozano_salaMulti_df5125,,,,,
2026-09-12T06:16:03-05:00,PUR_IED_JMCordoba_206_86f80b,PUR_IED_JMCordoba_206_86f80b,,,,,
2026-09-12T06:16:03-05:00,PUR_IED_JMCordoba_Ext_27ad97,PUR_IED_JMCordoba_Ext_27ad97,,,,,
2026-09-12T06:16:03-05:00,PUR_IED_JMCordoba_S310_d59ab4,PUR_IED_JMCordoba_S310_d59ab4,,,,,
2026-09-12T06:16:03-05:00,PUR_IED_Japon_Ext_549100,PUR_IED_Japon_Ext_549100,,,,,
2026-09-12T06:16:03-05:00,PUR_IED_Japon_Laboratorio_bec51d,PUR_IED_Japon_Laboratorio_bec51d,,,,,
2026-09-12T06:16:03-05:00,PUR_IED_Japon_informatica_d99327,PUR_IED_Japon_informatica_d99327,,,,,
2026-09-12T06:16:03-05:00,PUR_IED_Jazmin_Ext_d27bda,PUR_IED_Jazmin_Ext_d27bda,,,,,
2026-09-12T06:16:03-05:00,PUR_IED_Jazmin_Fisica_8d14d7,PUR_IED_Jazmin_Fisica_8d14d7,,,,,
2026-09-12T06:16:03-05:00,PUR_IED_Jazmin_Quimica_801cb5,PUR_IED_Jazmin_Quimica_801cb5,,,,,
2026-09-12T06:16:03-05:00,PUR_IED_JorgeGaitan_Exter_f098d1,PUR_IED_JorgeGaitan_Exter_f098d1,,,,,
2026-09-12T06:16:03-05:00,PUR_IED_JorgeGaitan_STec1_dc9d1d,PUR_IED_JorgeGaitan_STec1_dc9d1d,,,,,
2026-09-12T06:16:03-05:00,PUR_IED_JorgeGaitan_STec2_281e69,PUR_IED_JorgeGaitan_STec2_281e69,,,,,
2026-09-12T06:16:03-05:00,PUR_IED_JorgeSoto_Exterio_d9d0a2,PUR_IED_JorgeSoto_Exterio_d9d0a2,,,,,
2026-09-12T06:16:03-05:00,PUR_IED_JorgeSoto_LabFisi_209c54,PUR_IED_JorgeSoto_LabFisi_209c54,,,,,
2026-09-12T06:16:03-05:00,PUR_IED_JorgeSoto_S103_27b51a,PUR_IED_JorgeSoto_S103_27b51a,,,,,
2026-09-12T06:16:03-05:00,PUR_IED_JoseAcevedo_A02_e965eb,PUR_IED_JoseAcevedo_A02_e965eb,,,,,
2026-09-12T06:16:03-05:00,PUR_IED_JoseAcevedo_A07_dd5b4,PUR_IED_JoseAcevedo_A07_dd5b4,,,,,
2026-09-12T06:16:03-05:00,PUR_IED_JoseAcevedo_Ext_b47484,PUR_IED_JoseAcevedo_Ext_b47484,,,,,
2026-09-12T06:16:03-05:00,PUR_IED_JoseMarti_Exte_5b9bf,PUR_IED_JoseMarti_Exte_5b9bf,,,,,
2026-09-12T06:16:03-05:00,PUR_IED_JoseMarti_LabQuim_1c6c2d,PUR_IED_JoseMarti_LabQuim_1c6c2d,,,,,
2026-09-12T06:16:03-05:00,PUR_IED_JoseMarti_S_info_f5f177,PUR_IED_JoseMarti_S_info_f5f177,,,,,
2026-09-12T06:16:03-05:00,PUR_IED_Josejoaquin_Ext_dfc5dc,PUR_IED_Josejoaquin_Ext_dfc5dc,,,,,
2026-09-12T06:16:03-05:00,PUR_IED_Josejoaquin_S05_5b2a96,PUR_IED_Josejoaquin_S05_5b2a96,,,,,
2026-09-12T06:16:03-05:00,PUR_IED_Josejoaquin_S06_1ce7d2,PUR_IED_Josejoaquin_S06_1ce7d2,,,,,
2026-09-12T06:16:03-05:00,PUR_IED_JulioFlorez_Danza_9b82dd,PUR_IED_JulioFlorez_Danza_9b82dd,,,,,
2026-09-12T06:16:03-05:00,PUR_IED_JulioFlorez_Exter_f9f314,PUR_IED_JulioFlorez_Exter_f9f314,,,,,
2026-09-12T06:16:03-05:00,PUR_IED_JulioFlorez_info2_6b6e08,PUR_IED_JulioFlorez_info2_6b6e08,,,,,
2026-09-12T06:16:03-05:00,PUR_IED_LaBelleza_Aula13_1d00d8,PUR_IED_LaBelleza_Aula13_1d00d8,,,,,
2026-09-12T06:16:03-05:00,PUR_IED_LaBelleza_Ext_7bc08c,PUR_IED_LaBelleza_Ext_7bc08c,,,,,
2026-09-12T06:16:03-05:00,PUR_IED_LaChucua_Ext_8cd6d2,PUR_IED_LaChucua_Ext_8cd6d2,,,,,
2026-09-12T06:16:03-05:00,PUR_IED_LaChucua_S15_f578ce,PUR_IED_LaChucua_S15_f578ce,,,,,
2026-09-12T06:16:03-05:00,PUR_IED_LaChucua_S16_eebcf9,PUR_IED_LaChucua_S16_eebcf9,,,,,
2026-09-12T06:16:03-05:00,PUR_IED_LaFelicidad_Ext_fb5109,PUR_IED_LaFelicidad_Ext_fb5109,,,,,
2026-09-12T06:16:03-05:00,PUR_IED_LaMerced_206_66ebd,PUR_IED_LaMerced_206_66ebd,,,,,
2026-09-12T06:16:03-05:00,PUR_IED_LaMerced_207_6ebd6,PUR_IED_LaMerced_207_6ebd6,,,,,
2026-09-12T06:16:03-05:00,PUR_IED_LaMerced_ext_304311,PUR_IED_LaMerced_ext_304311,,,,,
2026-09-12T06:16:03-05:00,PUR_IED_Laureano_CiencNat_281e5e,PUR_IED_Laureano_CiencNat_281e5e,,,,,
2026-09-12T06:16:03-05:00,PUR_IED_Laureano_Comedor_f65c0a,PUR_IED_Laureano_Comedor_f65c0a,,,,,
2026-09-12T06:16:03-05:00,PUR_IED_Laureano_Exterior_7ab011,PUR_IED_Laureano_Exterior_7ab011,,,,,
2026-09-12T06:16:03-05:00,PUR_IED_LeonGreiff_Exte_dfe560,PUR_IED_LeonGreiff_Exte_dfe560,,,,,
2026-09-12T06:16:03-05:00,PUR_IED_LeonGreiff_S210_f264ed,PUR_IED_LeonGreiff_S210_f264ed,,,,,
2026-09-12T06:16:03-05:00,PUR_IED_LeonGreiff_SQuimi_e8296f,PUR_IED_LeonGreiff_SQuimi_e8296f,,,,,
2026-09-12T06:16:03-05:00,PUR_IED_LlanoOrientalS208_7b9fcd,PUR_IED_LlanoOrientalS208_7b9fcd,,,,,
2026-09-12T06:16:03-05:00,PUR_IED_LlanoOriental_Ext_fb3766,PUR_IED_LlanoOriental_Ext_fb3766,,,,,
2026-09-12T06:16:03-05:00,PUR_IED_LlanoOriental_S208_7b9fcd,PUR_IED_LlanoOriental_S208_7b9fcd,,,,,
2026-09-12T06:16:03-05:00,PUR_IED_LlanoOriental_S9_27b378,PUR_IED_LlanoOriental_S9_27b378,,,,,
2026-09-12T06:16:03-05:00,PUR_IED_LosTejares_1101_477602,PUR_IED_LosTejares_1101_477602,,,,,
2026-09-12T06:16:03-05:00,PUR_IED_LosTejares_11_d2c595,PUR_IED_LosTejares_11_d2c595,,,,,
2026-09-12T06:16:03-05:00,PUR_IED_LosTejares_12_477602,PUR_IED_LosTejares_12_477602,,,,,
2026-09-12T06:16:03-05:00,PUR_IED_LosTejares_Ext_8e2115,PUR_IED_LosTejares_Ext_8e2115,,,,,
2026-09-12T06:16:03-05:00,PUR_IED_MagdalenaO_B202_5ddda3,PUR_IED_MagdalenaO_B202_5ddda3,,,,,
2026-09-12T06:16:03-05:00,PUR_IED_MagdalenaO_B205_fb76e8,PUR_IED_MagdalenaO_B205_fb76e8,,,,,
2026-09-12T06:16:03-05:00,PUR_IED_MagdalenaO_ext_dc69cd,PUR_IED_MagdalenaO_ext_dc69cd,,,,,
2026-09-12T06:16:03-05:00,PUR_IED_ManueCepeda_artes_eee956,PUR_IED_ManueCepeda_artes_eee956,,,,,
2026-09-12T06:16:03-05:00,PUR_IED_ManuelCepeda_Ext_58313,PUR_IED_ManuelCepeda_Ext_58313,,,,,
2026-09-12T06:16:03-05:00,PUR_IED_ManuelCepeda_tec_1c5731,PUR_IED_ManuelCepeda_tec_1c5731,,,,,
2026-09-12T06:16:03-05:00,PUR_IED_ManuelS_Exterior_5b269,PUR_IED_ManuelS_Exterior_5b269,,,,,
2026-09-12T06:16:03-05:00,PUR_IED_ManuelS_Inform_f369ce,PUR_IED_ManuelS_Inform_f369ce,,,,,
2026-09-12T06:16:03-05:00,PUR_IED_ManuelS_SArtes_7d15f1,PUR_IED_ManuelS_SArtes_7d15f1,,,,,
2026-09-12T06:16:03-05:00,PUR_IED_ManuelZapata_303_3ca6,PUR_IED_ManuelZapata_303_3ca6,,,,,
2026-09-12T06:16:03-05:00,PUR_IED_ManuelZapata_311_bfbabc,PUR_IED_ManuelZapata_311_bfbabc,,,,,
2026-09-12T06:16:03-05:00,PUR_IED_ManuelZapata_Ext_50824a,PUR_IED_ManuelZapata_Ext_50824a,,,,,
2026-09-12T06:16:03-05:00,PUR_IED_ManuelitaS_Exteri_656a92,PUR_IED_ManuelitaS_Exteri_656a92,,,,,
2026-09-12T06:16:03-05:00,PUR_IED_ManuelitaS_JuzgDe_f58ec3,PUR_IED_ManuelitaS_JuzgDe_f58ec3,,,,,
2026-09-12T06:16:03-05:00,PUR_IED_ManuelitaS_Recrea_d793db,PUR_IED_ManuelitaS_Recrea_d793db,,,,,
2026-09-12T06:16:03-05:00,PUR_IED_MarFidSuarez_Ext_c27b19,PUR_IED_MarFidSuarez_Ext_c27b19,,,,,
2026-09-12T06:16:03-05:00,PUR_IED_MarFidSuarez_Info_e384d7,PUR_IED_MarFidSuarez_Info_e384d7,,,,,
2026-09-12T06:16:03-05:00,PUR_IED_MarFidSuarez_S306_1d0032,PUR_IED_MarFidSuarez_S306_1d0032,,,,,
2026-09-12T06:16:03-05:00,PUR_IED_Menorah_301_2a25a3,PUR_IED_Menorah_301_2a25a3,,,,,
2026-09-12T06:16:03-05:00,PUR_IED_Menorah_306_37ed3,PUR_IED_Menorah_306_37ed3,,,,,
2026-09-12T06:16:03-05:00,PUR_IED_Menorah_Ext_3e155b,PUR_IED_Menorah_Ext_3e155b,,,,,
2026-09-12T06:16:03-05:00,PUR_IED_MinutoB.Aires_A11_1b1604,PUR_IED_MinutoB.Aires_A11_1b1604,,,,,
2026-09-12T06:16:03-05:00,PUR_IED_MinutoB.Aires_A12_fb5860,PUR_IED_MinutoB.Aires_A12_fb5860,,,,,
2026-09-12T06:16:03-05:00,PUR_IED_MinutoB.Aires_Ext_81293f,PUR_IED_MinutoB.Aires_Ext_81293f,,,,,
2026-09-12T06:16:03-05:00,PUR_IED_MinutoBAires_A11_1b1604,PUR_IED_MinutoBAires_A11_1b1604,,,,,
2026-09-12T06:16:03-05:00,PUR_IED_MinutoBAires_A12_fb5860,PUR_IED_MinutoBAires_A12_fb5860,,,,,
2026-09-12T06:16:03-05:00,PUR_IED_MinutoBAires_Ext_81293f,PUR_IED_MinutoBAires_Ext_81293f,,,,,
2026-09-12T06:16:03-05:00,PUR_IED_Montreal_Aula10_1e4959,PUR_IED_Montreal_Aula10_1e4959,,,,,
2026-09-12T06:16:03-05:00,PUR_IED_Montreal_Aula6_300367,PUR_IED_Montreal_Aula6_300367,,,,,
2026-09-12T06:16:03-05:00,PUR_IED_Montreal_Exterior_91a179,PUR_IED_Montreal_Exterior_91a179,,,,,
2026-09-12T06:16:03-05:00,PUR_IED_Mqgdalena_B202_5ddda3,PUR_IED_Mqgdalena_B202_5ddda3,,,,,
2026-09-12T06:16:03-05:00,PUR_IED_NACUND_Soc_dc8728,PUR_IED_NACUND_Soc_dc8728,,,,,
2026-09-12T06:16:03-05:00,PUR_IED_NACUND_ext_27ad97,PUR_IED_NACUND_ext_27ad97,,,,,
2026-09-12T06:16:03-05:00,PUR_IED_NEsperanza_Ext_d24b61,PUR_IED_NEsperanza_Ext_d24b61,,,,,
2026-09-12T06:16:03-05:00,PUR_IED_NEsperanza_SElect_7d1807,PUR_IED_NEsperanza_SElect_7d1807,,,,,
2026-09-12T06:16:03-05:00,PUR_IED_NEsperanza_SLabor_8b2d0a,PUR_IED_NEsperanza_SLabor_8b2d0a,,,,,
2026-09-12T06:16:03-05:00,PUR_IED_NacionesU_Ext_f661a9,PUR_IED_NacionesU_Ext_f661a9,,,,,
2026-09-12T06:16:03-05:00,PUR_IED_NacionesU_Quimica_66f0a,PUR_IED_NacionesU_Quimica_66f0a,,,,,
2026-09-12T06:16:03-05:00,PUR_IED_NacionesU_S306_1b4b3d,PUR_IED_NacionesU_S306_1b4b3d,,,,,
2026-09-12T06:16:03-05:00,PUR_IED_NestorFA_Ext_e4201c,PUR_IED_NestorFA_Ext_e4201c,,,,,
2026-09-12T06:16:03-05:00,PUR_IED_NestorFA_Laborato_f22fe0,PUR_IED_NestorFA_Laborato_f22fe0,,,,,
2026-09-12T06:16:03-05:00,PUR_IED_NestorFA_S204_dee996,PUR_IED_NestorFA_S204_dee996,,,,,
2026-09-12T06:16:03-05:00,PUR_IED_NidyaQT_Aula03_76999b,PUR_IED_NidyaQT_Aula03_76999b,,,,,
2026-09-12T06:16:03-05:00,PUR_IED_NidyaQT_Aula10_56325,PUR_IED_NidyaQT_Aula10_56325,,,,,
2026-09-12T06:16:03-05:00,PUR_IED_NidyaQT_Ext_46e32d,PUR_IED_NidyaQT_Ext_46e32d,,,,,
2026-09-12T06:16:03-05:00,PUR_IED_NuevaCol_Exterior_d9b859,PUR_IED_NuevaCol_Exterior_d9b859,,,,,
2026-09-12T06:16:03-05:00,PUR_IED_NuevaCol_S1101_76c43b,PUR_IED_NuevaCol_S1101_76c43b,,,,,
2026-09-12T06:16:03-05:00,PUR_IED_NuevaCol_S1102_1ce0b5,PUR_IED_NuevaCol_S1102_1ce0b5,,,,,
2026-09-12T06:16:03-05:00,PUR_IED_OEA_A202_f7e3f2,PUR_IED_OEA_A202_f7e3f2,,,,,
2026-09-12T06:16:03-05:00,PUR_IED_OEA_A203_7d1b8d,PUR_IED_OEA_A203_7d1b8d,,,,,
2026-09-12T06:16:03-05:00,PUR_IED_OEA_Ext_27b593,PUR_IED_OEA_Ext_27b593,,,,,
2026-09-12T06:16:03-05:00,PUR_IED_Ochoa_Ext_1c29da,PUR_IED_Ochoa_Ext_1c29da,,,,,
2026-09-12T06:16:03-05:00,PUR_IED_Ochoa_S205_8b1121,PUR_IED_Ochoa_S205_8b1121,,,,,
2026-09-12T06:16:03-05:00,PUR_IED_Ochoa_Sistemas_f33af6,PUR_IED_Ochoa_Sistemas_f33af6,,,,,
2026-09-12T06:16:03-05:00,PUR_IED_PQuebec_Ext_1c67c7,PUR_IED_PQuebec_Ext_1c67c7,,,,,
2026-09-12T06:16:03-05:00,PUR_IED_PQuebec_S15_23e8e2,PUR_IED_PQuebec_S15_23e8e2,,,,,
2026-09-12T06:16:03-05:00,PUR_IED_PQuebec_S16_8ec76b,PUR_IED_PQuebec_S16_8ec76b,,,,,
2026-09-12T06:16:03-05:00,PUR_IED_PabloN_Ext_49dc96,PUR_IED_PabloN_Ext_49dc96,,,,,
2026-09-12T06:16:03-05:00,PUR_IED_PabloN_S1102_4e3df5,PUR_IED_PabloN_S1102_4e3df5,,,,,
2026-09-12T06:16:03-05:00,PUR_IED_PabloN_S1103_50c94b,PUR_IED_PabloN_S1103_50c94b,,,,,
2026-09-12T06:16:03-05:00,PUR_IED_Palestina_S1101_db9198,PUR_IED_Palestina_S1101_db9198,,,,,
2026-09-12T06:16:03-05:00,PUR_IED_Palestina_S1102_dc54fa,PUR_IED_Palestina_S1102_dc54fa,,,,,
2026-09-12T06:16:03-05:00,PUR_IED_Palestina_ext_4ccce6,PUR_IED_Palestina_ext_4ccce6,,,,,
2026-09-12T06:16:03-05:00,PUR_IED_Panama_Fisica_4d0794,PUR_IED_Panama_Fisica_4d0794,,,,,
2026-09-12T06:16:03-05:00,PUR_IED_Panama_SIngles_a4077e,PUR_IED_Panama_SIngles_a4077e,,,,,
2026-09-12T06:16:03-05:00,PUR_IED_Panama_ext_4c54b4,PUR_IED_Panama_ext_4c54b4,,,,,
2026-09-12T06:16:03-05:00,PUR_IED_ParaisoM_Exterior_8cd7f0,PUR_IED_ParaisoM_Exterior_8cd7f0,,,,,
2026-09-12T06:16:03-05:00,PUR_IED_ParaisoM_Laborato_27af35,PUR_IED_ParaisoM_Laborato_27af35,,,,,
2026-09-12T06:16:03-05:00,PUR_IED_ParaisoM_S304_d1edca,PUR_IED_ParaisoM_S304_d1edca,,,,,
2026-09-12T06:16:03-05:00,PUR_IED_PorfirioBarba_Ext_301466,PUR_IED_PorfirioBarba_Ext_301466,,,,,
2026-09-12T06:16:03-05:00,PUR_IED_PorfirioBarba_S11_df6cd2,PUR_IED_PorfirioBarba_S11_df6cd2,,,,,
2026-09-12T06:16:03-05:00,PUR_IED_PorfirioBarba_S29_27a7d6,PUR_IED_PorfirioBarba_S29_27a7d6,,,,,
2026-09-12T06:16:03-05:00,PUR_IED_PradoV_Exter_8b27ad,PUR_IED_PradoV_Exter_8b27ad,,,,,
2026-09-12T06:16:03-05:00,PUR_IED_PradoV_S301_de65b5,PUR_IED_PradoV_S301_de65b5,,,,,
2026-09-12T06:16:03-05:00,PUR_IED_PradoV_S302_7d2593,PUR_IED_PradoV_S302_7d2593,,,,,
2026-09-12T06:16:03-05:00,PUR_IED_QuirogaAlz_Ext_1ddc82,PUR_IED_QuirogaAlz_Ext_1ddc82,,,,,
2026-09-12T06:16:03-05:00,PUR_IED_QuirogaAlz_S302_9926a3,PUR_IED_QuirogaAlz_S302_9926a3,,,,,
2026-09-12T06:16:03-05:00,PUR_IED_QuirogaAlz_S305_cdf1f1,PUR_IED_QuirogaAlz_S305_cdf1f1,,,,,
2026-09-12T06:16:03-05:00,PUR_IED_RGuatemala_Biling_dc53b7,PUR_IED_RGuatemala_Biling_dc53b7,,,,,
2026-09-12T06:16:03-05:00,PUR_IED_RGuatemala_Ext_1b89a3,PUR_IED_RGuatemala_Ext_1b89a3,,,,,
2026-09-12T06:16:03-05:00,PUR_IED_RGuatemala_Tecnol_281a34,PUR_IED_RGuatemala_Tecnol_281a34,,,,,
2026-09-12T06:16:03-05:00,PUR_IED_RafaNu_Ext_f7c302,PUR_IED_RafaNu_Ext_f7c302,,,,,
2026-09-12T06:16:03-05:00,PUR_IED_RafaNu_S1101_25fde,PUR_IED_RafaNu_S1101_25fde,,,,,
2026-09-12T06:16:03-05:00,PUR_IED_RafaNu_S1102_281517,PUR_IED_RafaNu_S1102_281517,,,,,
2026-09-12T06:16:03-05:00,PUR_IED_RafaelB_S305_ee2783,PUR_IED_RafaelB_S305_ee2783,,,,,
2026-09-12T06:16:03-05:00,PUR_IED_RafaelB_S306_75fe33,PUR_IED_RafaelB_S306_75fe33,,,,,
2026-09-12T06:16:03-05:00,PUR_IED_RafaelB_ext_283336,PUR_IED_RafaelB_ext_283336,2,18,59,4.6722,-74.0737
2026-09-12T06:16:03-05:00,PUR_IED_RafaelUU_Exterior_281a51,PUR_IED_RafaelUU_Exterior_281a51,,,,,
2026-09-12T06:16:03-05:00,PUR_IED_RafaelUU_Human_806b2,PUR_IED_RafaelUU_Human_806b2,,,,,
2026-09-12T06:16:03-05:00,PUR_IED_RafaelUU_Mate2_5680d4,PUR_IED_RafaelUU_Mate2_5680d4,,,,,
2026-09-12T06:16:03-05:00,PUR_IED_RamonSub_Ext_f9eeb9,PUR_IED_RamonSub_Ext_f9eeb9,,,,,
2026-09-12T06:16:03-05:00,PUR_IED_RamonSub_Media_d1f62f,PUR_IED_RamonSub_Media_d1f62f,,,,,
2026-09-12T06:16:03-05:00,PUR_IED_RamonSub_planta_51b82,PUR_IED_RamonSub_planta_51b82,,,,,
2026-09-12T06:16:03-05:00,PUR_IED_RepBoliVene_Exter_27af7c,PUR_IED_RepBoliVene_Exter_27af7c,,,,,
2026-09-12T06:16:03-05:00,PUR_IED_RepBoliVene_SCPT_5ae2ee,PUR_IED_RepBoliVene_SCPT_5ae2ee,,,,,
2026-09-12T06:16:03-05:00,PUR_IED_RepBoliVene_Socia_4b11d5,PUR_IED_RepBoliVene_Socia_4b11d5,,,,,
2026-09-12T06:16:03-05:00,PUR_IED_RepChina_Ext_76d9ee,PUR_IED_RepChina_Ext_76d9ee,,,,,
2026-09-12T06:16:03-05:00,PUR_IED_RepChina_S404_7c804c,PUR_IED_RepChina_S404_7c804c,,,,,
2026-09-12T06:16:03-05:00,PUR_IED_RepChina_S405_df2c33,PUR_IED_RepChina_S405_df2c33,,,,,
2026-09-12T06:16:03-05:00,PUR_IED_RepublicaC_Exteri_7d1ec9,PUR_IED_RepublicaC_Exteri_7d1ec9,,,,,
2026-09-12T06:16:03-05:00,PUR_IED_RepublicaC_S1101_f544b3,PUR_IED_RepublicaC_S1101_f544b3,,,,,
2026-09-12T06:16:03-05:00,PUR_IED_RepublicaC_S1102_7aafc7,PUR_IED_RepublicaC_S1102_7aafc7,,,,,
2026-09-12T06:16:03-05:00,PUR_IED_Ricaurte_Externo_a0ea1,PUR_IED_Ricaurte_Externo_a0ea1,,,,,
2026-09-12T06:16:03-05:00,PUR_IED_Ricaurte_S210_f546fd,PUR_IED_Ricaurte_S210_f546fd,,,,,
2026-09-12T06:16:03-05:00,PUR_IED_Ricaurte_S309_d4452,PUR_IED_Ricaurte_S309_d4452,,,,,
2026-09-12T06:16:03-05:00,PUR_IED_RogelioS_1102_531e69,PUR_IED_RogelioS_1102_531e69,,,,,
2026-09-12T06:16:03-05:00,PUR_IED_RogelioS_Ext_f25a18,PUR_IED_RogelioS_Ext_f25a18,,,,,
2026-09-12T06:16:03-05:00,PUR_IED_SBernardino_Ext_27aff8,PUR_IED_SBernardino_Ext_27aff8,,,,,
2026-09-12T06:16:03-05:00,PUR_IED_SBernardino_SArte_2ffd33,PUR_IED_SBernardino_SArte_2ffd33,,,,,
2026-09-12T06:16:03-05:00,PUR_IED_SBernardino_SIngl_7c7da5,PUR_IED_SBernardino_SIngl_7c7da5,,,,,
2026-09-12T06:16:03-05:00,PUR_IED_Sago_auditorio_dc9d1d,PUR_IED_Sago_auditorio_dc9d1d,,,,,
2026-09-12T06:16:03-05:00,PUR_IED_Saludcoop_Ext_95aac3,PUR_IED_Saludcoop_Ext_95aac3,,,,,
2026-09-12T06:16:03-05:00,PUR_IED_Saludcoop_InfI_90c854,PUR_IED_Saludcoop_InfI_90c854,,,,,
2026-09-12T06:16:03-05:00,PUR_IED_Saludcoop_SMedia_1b93be,PUR_IED_Saludcoop_SMedia_1b93be,,,,,
2026-09-12T06:16:03-05:00,PUR_IED_SanCarlos_1101_1a2360,PUR_IED_SanCarlos_1101_1a2360,,,,,
2026-09-12T06:16:03-05:00,PUR_IED_SanCarlos_1103_7bafb5,PUR_IED_SanCarlos_1103_7bafb5,,,,,
2026-09-12T06:16:03-05:00,PUR_IED_SanCarlos_Ext_b7cd1,PUR_IED_SanCarlos_Ext_b7cd1,,,,,
2026-09-12T06:16:03-05:00,PUR_IED_SanIgnacioBosa11a_50c26e,PUR_IED_SanIgnacioBosa11a_50c26e,,,,,
2026-09-12T06:16:03-05:00,PUR_IED_SanIgnacioBosa11b_371de8,PUR_IED_SanIgnacioBosa11b_371de8,,,,,
2026-09-12T06:16:03-05:00,PUR_IED_SanIgnacioBosaExt_ef0ffc,PUR_IED_SanIgnacioBosaExt_ef0ffc,,,,,
2026-09-12T06:16:03-05:00,PUR_IED_SanIgnacioBosa_11a_50c26e,PUR_IED_SanIgnacioBosa_11a_50c26e,,,,,
2026-09-12T06:16:03-05:00,PUR_IED_SanIgnacioBosa_Ext_ef0ffc,PUR_IED_SanIgnacioBosa_Ext_ef0ffc,,,,,
2026-09-12T06:16:03-05:00,PUR_IED_SanJoseN_intS1101_31c47f,PUR_IED_SanJoseN_intS1101_31c47f,,,,,
2026-09-12T06:16:03-05:00,PUR_IED_SanJoseUsm_Exter_f5d7e8,PUR_IED_SanJoseUsm_Exter_f5d7e8,,,,,
2026-09-12T06:16:03-05:00,PUR_IED_SanJoseUsm_Int11A_cfdef6,PUR_IED_SanJoseUsm_Int11A_cfdef6,,,,,
2026-09-12T06:16:03-05:00,PUR_IED_SilveriaR_IntB5_905349,PUR_IED_SilveriaR_IntB5_905349,,,,,
2026-09-12T06:16:03-05:00,PUR_IED_SilveriaR_IntSD14_981f93,PUR_IED_SilveriaR_IntSD14_981f93,,,,,
2026-09-12T06:16:03-05:00,PUR_IED_SilveriaR_ext_2b651d,PUR_IED_SilveriaR_ext_2b651d,,,,,
2026-09-12T06:16:03-05:00,PUR_IED_SimonB_Exterior_913975,PUR_IED_SimonB_Exterior_913975,,,,,
2026-09-12T06:16:03-05:00,PUR_IED_SimonB_LabQuimi_c56908,PUR_IED_SimonB_LabQuimi_c56908,,,,,
2026-09-12T06:16:03-05:00,PUR_IED_SimonB_informatic_a28c1,PUR_IED_SimonB_informatic_a28c1,,,,,
2026-09-12T06:16:03-05:00,PUR_IED_Sorrento_1102_315f50,PUR_IED_Sorrento_1102_315f50,,,,,
2026-09-12T06:16:03-05:00,PUR_IED_Sorrento_Minte_214eab,PUR_IED_Sorrento_Minte_214eab,,,,,
2026-09-12T06:16:03-05:00,PUR_IED_Sorrento_ext_7c3a0a,PUR_IED_Sorrento_ext_7c3a0a,,,,,
2026-09-12T06:16:03-05:00,PUR_IED_Tabora_Ext_f048ae,PUR_IED_Tabora_Ext_f048ae,,,,,
2026-09-12T06:16:03-05:00,PUR_IED_Tabora_S1102_b07752,PUR_IED_Tabora_S1102_b07752,,,,,
2026-09-12T06:16:03-05:00,PUR_IED_Tabora_S1103_d988f5,PUR_IED_Tabora_S1103_d988f5,,,,,
2026-09-12T06:16:03-05:00,PUR_IED_Tenerife_Ext_1ab188,PUR_IED_Tenerife_Ext_1ab188,,,,,
2026-09-12T06:16:03-05:00,PUR_IED_Tenerife_SDanzas_7bc02e,PUR_IED_Tenerife_SDanzas_7bc02e,,,,,
2026-09-12T06:16:03-05:00,PUR_IED_Tenerife_SIngles_7cc277,PUR_IED_Tenerife_SIngles_7cc277,,,,,
2026-09-12T06:16:03-05:00,PUR_IED_Tibabuyes_Exter_f2683d,PUR_IED_Tibabuyes_Exter_f2683d,,,,,
2026-09-12T06:16:03-05:00,PUR_IED_Tibabuyes_S10_dc87a8,PUR_IED_Tibabuyes_S10_dc87a8,,,,,
2026-09-12T06:16:03-05:00,PUR_IED_Tibabuyes_S15_dc0526,PUR_IED_Tibabuyes_S15_dc0526,,,,,
2026-09-12T06:16:03-05:00,PUR_IED_UnionE_S301_a1043,PUR_IED_UnionE_S301_a1043,,,,,
2026-09-12T06:16:03-05:00,PUR_IED_UnionE_S307_ff6c2f,PUR_IED_UnionE_S307_ff6c2f,,,,,
2026-09-12T06:16:03-05:00,PUR_IED_UnionE__Ext_5e2468,PUR_IED_UnionE__Ext_5e2468,,,,,
2026-09-12T06:16:03-05:00,PUR_IED_VillaRica_Ext_75be7c,PUR_IED_VillaRica_Ext_75be7c,,,,,
2026-09-12T06:16:03-05:00,PUR_IED_VillaRica_S4_cc5dcd,PUR_IED_VillaRica_S4_cc5dcd,,,,,
2026-09-12T06:16:03-05:00,PUR_IED_VillaRica_Sesp_99f5c,PUR_IED_VillaRica_Sesp_99f5c,,,,,
2026-09-12T06:21:09-05:00,PUR_IED_20deJulio_1101_91b1b9,PUR_IED_20deJulio_1101_91b1b9,,,,,
2026-09-12T06:21:09-05:00,PUR_IED_20deJulio_1102_1cfcf9,PUR_IED_20deJulio_1102_1cfcf9,,,,,
2026-09-12T06:21:09-05:00,PUR_IED_20deJulio_Ext_ab60bd,PUR_IED_20deJulio_Ext_ab60bd,,,,,
2026-09-12T06:21:09-05:00,PUR_IED_AgustinFer_Ext_7b9b77,PUR_IED_AgustinFer_Ext_7b9b77,,,,,
2026-09-12T06:21:09-05:00,PUR_IED_AgustinFer_Info2_27b3a7,PUR_IED_AgustinFer_Info2_27b3a7,,,,,
2026-09-12T06:21:09-05:00,PUR_IED_AgustinFer_Sena_54b4eb,PUR_IED_AgustinFer_Sena_54b4eb,,,,,
2026-09-12T06:21:09-05:00,PUR_IED_AlexanderF_1102_caf07b,PUR_IED_AlexanderF_1102_caf07b,,,,,
2026-09-12T06:21:09-05:00,PUR_IED_AlexanderF_1103_c79e71,PUR_IED_AlexanderF_1103_c79e71,,,,,
2026-09-12T06:21:09-05:00,PUR_IED_AlexanderF_Ext_c5b18b,PUR_IED_AlexanderF_Ext_c5b18b,,,,,
2026-09-12T06:21:09-05:00,PUR_IED_AlfonsoLopez_Ext_281d77,PUR_IED_AlfonsoLopez_Ext_281d77,,,,,
2026-09-12T06:21:09-05:00,PUR_IED_AlfonsoLopez_LabF_888ce0,PUR_IED_AlfonsoLopez_LabF_888ce0,,,,,
2026-09-12T06:21:09-05:00,PUR_IED_AlfonsoLopez_SMed_df6a7f,PUR_IED_AlfonsoLopez_SMed_df6a7f,,,,,
2026-09-12T06:21:09-05:00,PUR_IED_AltamiraSO_A2_209f92,PUR_IED_AltamiraSO_A2_209f92,,,,,
2026-09-12T06:21:09-05:00,PUR_IED_AltamiraSO_Ext_186d66,PUR_IED_AltamiraSO_Ext_186d66,,,,,
2026-09-12T06:21:09-05:00,PUR_IED_AltamiraSO_Sistem_27afe1,PUR_IED_AltamiraSO_Sistem_27afe1,,,,,
2026-09-12T06:21:09-05:00,PUR_IED_AlvaroGom_LabQuim_813179,PUR_IED_AlvaroGom_LabQuim_813179,,,,,
2026-09-12T06:21:09-05:00,PUR_IED_AlvaroGomez_Ext_47c7ca,PUR_IED_AlvaroGomez_Ext_47c7ca,,,,,
2026-09-12T06:21:09-05:00,PUR_IED_AlvaroGomez_LabQuim_813179,PUR_IED_AlvaroGomez_LabQuim_813179,,,,,
2026-09-12T06:21:09-05:00,PUR_IED_AlvaroGomez_S23_7ba89f,PUR_IED_AlvaroGomez_S23_7ba89f,,,,,
2026-09-12T06:21:09-05:00,PUR_IED_Amistad_306_dc8728,PUR_IED_Amistad_306_dc8728,,,,,
2026-09-12T06:21:09-05:00,PUR_IED_Amistad_Ext_8cd55e,PUR_IED_Amistad_Ext_8cd55e,,,,,
2026-09-12T06:21:09-05:00,PUR_IED_Amistad_S202_a41169,PUR_IED_Amistad_S202_a41169,,,,,
2026-09-12T06:21:09-05:00,PUR_IED_AndresBello_Bio_fd5f5e,PUR_IED_AndresBello_Bio_fd5f5e,,,,,
2026-09-12T06:21:09-05:00,PUR_IED_AndresBello_ext_dcad65,PUR_IED_AndresBello_ext_dcad65,,,,,
2026-09-12T06:21:09-05:00,PUR_IED_AndresBello_port_eed3ec,PUR_IED_AndresBello_port_eed3ec,,,,,
2026-09-12T06:21:09-05:00,PUR_IED_AngelaR_11b_d90a6b,PUR_IED_AngelaR_11b_d90a6b,,,,,
2026-09-12T06:21:09-05:00,PUR_IED_AngelaR_ext_7cad3e,PUR_IED_AngelaR_ext_7cad3e,6,17,68,4.5825,-74.164497
2026-09-12T06:21:09-05:00,PUR_IED_AntJoseSucre_10mo_df2575,PUR_IED_AntJoseSucre_10mo_df2575,,,,,
2026-09-12T06:21:09-05:00,PUR_IED_AntJoseSucre_Ext_215b36,PUR_IED_AntJoseSucre_Ext_215b36,,,,,
2026-09-12T06:21:09-05:00,PUR_IED_AntJoseSucre_Lab_3139de,PUR_IED_AntJoseSucre_Lab_3139de,,,,,
2026-09-12T06:21:09-05:00,PUR_IED_AntonioGarcia_301_d6b188,PUR_IED_AntonioGarcia_301_d6b188,,,,,
2026-09-12T06:21:09-05:00,PUR_IED_AntonioGarcia_302_88a82,PUR_IED_AntonioGarcia_302_88a82,,,,,
2026-09-12T06:21:09-05:00,PUR_IED_AntonioGarcia_Ext_20950c,PUR_IED_AntonioGarcia_Ext_20950c,,,,,
2026-09-12T06:21:09-05:00,PUR_IED_AntonioVan_Aula2_6dea02,PUR_IED_AntonioVan_Aula2_6dea02,,,,,
2026-09-12T06:21:09-05:00,PUR_IED_AntonioVan_Aula5_f1557e,PUR_IED_AntonioVan_Aula5_f1557e,,,,,
2026-09-12T06:21:09-05:00,PUR_IED_AntonioVan_Ext_406f2f,PUR_IED_AntonioVan_Ext_406f2f,,,,,
2026-09-12T06:21:09-05:00,PUR_IED_Atabanzha_Ext_cc5af9,PUR_IED_Atabanzha_Ext_cc5af9,,,,,
2026-09-12T06:21:09-05:00,PUR_IED_Atabanzha_SA101_56c37,PUR_IED_Atabanzha_SA101_56c37,,,,,
2026-09-12T06:21:09-05:00,PUR_IED_Atabanzha_SB302_27b374,PUR_IED_Atabanzha_SB302_27b374,,,,,
2026-09-12T06:21:09-05:00,PUR_IED_Atahualpa_Ext_fc1748,PUR_IED_Atahualpa_Ext_fc1748,,,,,
2026-09-12T06:21:09-05:00,PUR_IED_Atahualpa_Informa_dc9a95,PUR_IED_Atahualpa_Informa_dc9a95,,,,,
2026-09-12T06:21:09-05:00,PUR_IED_Atahualpa_S1101_f98056,PUR_IED_Atahualpa_S1101_f98056,,,,,
2026-09-12T06:21:09-05:00,PUR_IED_Bellavista_Ext_f5aa74,PUR_IED_Bellavista_Ext_f5aa74,,,,,
2026-09-12T06:21:09-05:00,PUR_IED_Bilbao_11A_916c41,PUR_IED_Bilbao_11A_916c41,,,,,
2026-09-12T06:21:09-05:00,PUR_IED_Bilbao_Ext_fb579a,PUR_IED_Bilbao_Ext_fb579a,,,,,
2026-09-12T06:21:09-05:00,PUR_IED_BrasiliaU_A125_304280,PUR_IED_BrasiliaU_A125_304280,,,,,
2026-09-12T06:21:09-05:00,PUR_IED_BrasiliaU_A203_7c8ca5,PUR_IED_BrasiliaU_A203_7c8ca5,,,,,
2026-09-12T06:21:09-05:00,PUR_IED_BrasiliaU_Ext_8d6e9f,PUR_IED_BrasiliaU_Ext_8d6e9f,5,16,68,4.5175,-74.116302
2026-09-12T06:21:09-05:00,PUR_IED_Brasilia_Ext_fe6593,PUR_IED_Brasilia_Ext_fe6593,,,,,
2026-09-12T06:21:09-05:00,PUR_IED_Brasilia_S24_7c130d,PUR_IED_Brasilia_S24_7c130d,,,,,
2026-09-12T06:21:09-05:00,PUR_IED_Brasilia_S501_186a54,PUR_IED_Brasilia_S501_186a54,,,,,
2026-09-12T06:21:09-05:00,PUR_IED_CHARRY_EXT_f1d5cd,PUR_IED_CHARRY_EXT_f1d5cd,,,,,
2026-09-12T06:21:09-05:00,PUR_IED_CHARRY_INTDANZAS_7a08e6,PUR_IED_CHARRY_INTDANZAS_7a08e6,,,,,
2026-09-12T06:21:09-05:00,PUR_IED_CHARRY_INT_AULA20_dc998d,PUR_IED_CHARRY_INT_AULA20_dc998d,,,,,
2026-09-12T06:21:09-05:00,PUR_IED_COLVIV_1101_S25_7f520a,PUR_IED_COLVIV_1101_S25_7f520a,,,,,
2026-09-12T06:21:09-05:00,PUR_IED_COLVIV_1102_S16_f570ba,PUR_IED_COLVIV_1102_S16_f570ba,,,,,
2026-09-12T06:21:09-05:00,PUR_IED_COLVIV_Ext_1a26fa,PUR_IED_COLVIV_Ext_1a26fa,,,,,
2026-09-12T06:21:09-05:00,PUR_IED_CULPOP_301A_f660f3,PUR_IED_CULPOP_301A_f660f3,,,,,
2026-09-12T06:21:09-05:00,PUR_IED_CULPOP_303_568afe,PUR_IED_CULPOP_303_568afe,,,,,
2026-09-12T06:21:09-05:00,PUR_IED_CULPOP_Ext_e02ccb,PUR_IED_CULPOP_Ext_e02ccb,,,,,
2026-09-12T06:21:09-05:00,PUR_IED_CVillavicen_Ext_26eb58,PUR_IED_CVillavicen_Ext_26eb58,4,13,84,4.487,-74.102798
2026-09-12T06:21:09-05:00,PUR_IED_CVillavicen_Intel_1ce5c2,PUR_IED_CVillavicen_Intel_1ce5c2,,,,,
2026-09-12T06:21:09-05:00,PUR_IED_CVillavicen_Poliv_e0766c,PUR_IED_CVillavicen_Poliv_e0766c,,,,,
2026-09-12T06:21:09-05:00,PUR_IED_CVillavicen_int_1ba140,PUR_IED_CVillavicen_int_1ba140,,,,,
2026-09-12T06:21:09-05:00,PUR_IED_CVillavicen_intel_1ba140,PUR_IED_CVillavicen_intel_1ba140,,,,,
2026-09-12T06:21:09-05:00,PUR_IED_CarlosPizarro_Ext_e307cc,PUR_IED_CarlosPizarro_Ext_e307cc,,,,,
2026-09-12T06:21:09-05:00,PUR_IED_CarlosPizarro_L36_7e5cdb,PUR_IED_CarlosPizarro_L36_7e5cdb,,,,,
2026-09-12T06:21:09-05:00,PUR_IED_CarlosPizarro_L37_c8566c,PUR_IED_CarlosPizarro_L37_c8566c,,,,,
2026-09-12T06:21:09-05:00,PUR_IED_Castilla_Ext_cf35f,PUR_IED_Castilla_Ext_cf35f,,,,,
2026-09-12T06:21:09-05:00,PUR_IED_Castilla_SFisik_360e38,PUR_IED_Castilla_SFisik_360e38,,,,,
2026-09-12T06:21:09-05:00,PUR_IED_Castilla_Sc304_496fbf,PUR_IED_Castilla_Sc304_496fbf,,,,,
2026-09-12T06:21:09-05:00,PUR_IED_CervantesSa_Ext_6b57b,PUR_IED_CervantesSa_Ext_6b57b,4,16,74,4.5128,-74.117203
2026-09-12T06:21:09-05:00,PUR_IED_CervantesSa_S107_225c2b,PUR_IED_CervantesSa_S107_225c2b,,,,,
2026-09-12T06:21:09-05:00,PUR_IED_CervantesSa_S108_940925,PUR_IED_CervantesSa_S108_940925,,,,,
2026-09-12T06:21:09-05:00,PUR_IED_Charry_A20_f53e7c,PUR_IED_Charry_A20_f53e7c,,,,,
2026-09-12T06:21:09-05:00,PUR_IED_Charry_Ext_f1d5cd,PUR_IED_Charry_Ext_f1d5cd,,,,,
2026-09-12T06:21:09-05:00,PUR_IED_Charry_IntAula20_dc998d,PUR_IED_Charry_IntAula20_dc998d,,,,,
2026-09-12T06:21:09-05:00,PUR_IED_Charry_IntDanzas_7a08e6,PUR_IED_Charry_IntDanzas_7a08e6,,,,,
2026-09-12T06:21:09-05:00,PUR_IED_ClememciaC_203_43e2fc,PUR_IED_ClememciaC_203_43e2fc,,,,,
2026-09-12T06:21:09-05:00,PUR_IED_ClememciaC_Ext_1b411a,PUR_IED_ClememciaC_Ext_1b411a,,,,,
2026-09-12T06:21:09-05:00,PUR_IED_ClememciaC_Quimic_44b5fc,PUR_IED_ClememciaC_Quimic_44b5fc,,,,,
2026-09-12T06:21:09-05:00,PUR_IED_ClemenciaC_203_43e2fc,PUR_IED_ClemenciaC_203_43e2fc,,,,,
2026-09-12T06:21:09-05:00,PUR_IED_ClemenciaC_Ext_1b411a,PUR_IED_ClemenciaC_Ext_1b411a,,,,,
2026-09-12T06:21:09-05:00,PUR_IED_ClemenciaC_Quimic_44b5fc,PUR_IED_ClemenciaC_Quimic_44b5fc,,,,,
2026-09-12T06:21:09-05:00,PUR_IED_ColViva_1101_S25_7f520a,PUR_IED_ColViva_1101_S25_7f520a,,,,,
2026-09-12T06:21:09-05:00,PUR_IED_ColViva_1102_S16_f570ba,PUR_IED_ColViva_1102_S16_f570ba,,,,,
2026-09-12T06:21:09-05:00,PUR_IED_ColViva_Ext_1a26fa,PUR_IED_ColViva_Ext_1a26fa,,,,,
2026-09-12T06:21:09-05:00,PUR_IED_ColegioBici_Asist_7c8798,PUR_IED_ColegioBici_Asist_7c8798,,,,,
2026-09-12T06:21:09-05:00,PUR_IED_ColegioBici_Ext_25cbf6,PUR_IED_ColegioBici_Ext_25cbf6,,,,,
2026-09-12T06:21:09-05:00,PUR_IED_ColegioBici_LabQ_7b57db,PUR_IED_ColegioBici_LabQ_7b57db,,,,,
2026-09-12T06:21:09-05:00,PUR_IED_CostaRica_Ext_5e640,PUR_IED_CostaRica_Ext_5e640,,,,,
2026-09-12T06:21:09-05:00,PUR_IED_CostaRica_Quim1_766d1c,PUR_IED_CostaRica_Quim1_766d1c,,,,,
2026-09-12T06:21:09-05:00,PUR_IED_CostaRica__Fisica_6f0873,PUR_IED_CostaRica__Fisica_6f0873,,,,,
2026-09-12T06:21:09-05:00,PUR_IED_CulPopu_301A_f660f3,PUR_IED_CulPopu_301A_f660f3,,,,,
2026-09-12T06:21:09-05:00,PUR_IED_CulPopu_303_568afe,PUR_IED_CulPopu_303_568afe,,,,,
2026-09-12T06:21:09-05:00,PUR_IED_CulPopu_Ext_e02ccb,PUR_IED_CulPopu_Ext_e02ccb,,,,,
2026-09-12T06:21:09-05:00,PUR_IED_Cundinamarca_Ext_f15985,PUR_IED_Cundinamarca_Ext_f15985,,,,,
2026-09-12T06:21:09-05:00,PUR_IED_Cundinamarca_Info_7aa5d7,PUR_IED_Cundinamarca_Info_7aa5d7,,,,,
2026-09-12T06:21:09-05:00,PUR_IED_Cundinamarca_Tec2_f449c7,PUR_IED_Cundinamarca_Tec2_f449c7,,,,,
2026-09-12T06:21:09-05:00,PUR_IED_DiegoM_Aula1_27b314,PUR_IED_DiegoM_Aula1_27b314,,,,,
2026-09-12T06:21:09-05:00,PUR_IED_DiegoM_Ext_d80ac8,PUR_IED_DiegoM_Ext_d80ac8,,,,,
2026-09-12T06:21:09-05:00,PUR_IED_DiegoM_S25_da928f,PUR_IED_DiegoM_S25_da928f,,,,,
2026-09-12T06:21:09-05:00,PUR_IED_ELRODEO_360881,PUR_IED_ELRODEO_360881,,,,,
2026-09-12T06:21:09-05:00,PUR_IED_ELRODEO_ext_360881,PUR_IED_ELRODEO_ext_360881,,,,,
2026-09-12T06:21:09-05:00,PUR_IED_EduardoU_Ext_1c1969,PUR_IED_EduardoU_Ext_1c1969,,,,,
2026-09-12T06:21:09-05:00,PUR_IED_EduardoU_SCiencia_4dfb94,PUR_IED_EduardoU_SCiencia_4dfb94,,,,,
2026-09-12T06:21:09-05:00,PUR_IED_EduardoU_SQuimica_5a46e7,PUR_IED_EduardoU_SQuimica_5a46e7,,,,,
2026-09-12T06:21:09-05:00,PUR_IED_ElRodeo_Aula14_676984,PUR_IED_ElRodeo_Aula14_676984,,,,,
2026-09-12T06:21:09-05:00,PUR_IED_ElRodeo_Aula16_2dd35b,PUR_IED_ElRodeo_Aula16_2dd35b,,,,,
2026-09-12T06:21:09-05:00,PUR_IED_ElRodeo_Ext_360881,PUR_IED_ElRodeo_Ext_360881,,,,,
2026-09-12T06:21:09-05:00,PUR_IED_ElRodeo_Exterior_8c6d28,PUR_IED_ElRodeo_Exterior_8c6d28,,,,,
2026-09-12T06:21:09-05:00,PUR_IED_ElRodeo_ext_360881,PUR_IED_ElRodeo_ext_360881,,,,,
2026-09-12T06:21:09-05:00,PUR_IED_EmmaReyes_Ext_987625,PUR_IED_EmmaReyes_Ext_987625,9,21,53,4.6367,-74.1511
2026-09-12T06:21:09-05:00,PUR_IED_Ensueño_Ext_7f0250,PUR_IED_Ensueño_Ext_7f0250,,,,,
2026-09-12T06:21:09-05:00,PUR_IED_EscNormal_Ext_5fef3b,PUR_IED_EscNormal_Ext_5fef3b,2,18,62,4.5852,-74.096901
2026-09-12T06:21:09-05:00,PUR_IED_EscNormal_S309_5b263,PUR_IED_EscNormal_S309_5b263,,,,,
2026-09-12T06:21:09-05:00,PUR_IED_EscNormal_S310_27b3b8,PUR_IED_EscNormal_S310_27b3b8,,,,,
2026-09-12T06:21:09-05:00,PUR_IED_Evangelista_Conta_f6cd4f,PUR_IED_Evangelista_Conta_f6cd4f,,,,,
2026-09-12T06:21:09-05:00,PUR_IED_Evangelista_Cri_5e16a,PUR_IED_Evangelista_Cri_5e16a,,,,,
2026-09-12T06:21:09-05:00,PUR_IED_Evangelista_Exter_754066,PUR_IED_Evangelista_Exter_754066,,,,,
2026-09-12T06:21:09-05:00,PUR_IED_FMiranda_S209_5cc2a3,PUR_IED_FMiranda_S209_5cc2a3,,,,,
2026-09-12T06:21:09-05:00,PUR_IED_FMiranda_S303_19e344,PUR_IED_FMiranda_S303_19e344,,,,,
2026-09-12T06:21:09-05:00,PUR_IED_FMiranda_ext_f53e7c,PUR_IED_FMiranda_ext_f53e7c,,,,,
2026-09-12T06:21:09-05:00,PUR_IED_FabioLozano_Bibli_1cee05,PUR_IED_FabioLozano_Bibli_1cee05,,,,,
2026-09-12T06:21:09-05:00,PUR_IED_FabioLozano_Ext_6ea285,PUR_IED_FabioLozano_Ext_6ea285,,,,,
2026-09-12T06:21:09-05:00,PUR_IED_FabioLozano_SLudi_f09e1e,PUR_IED_FabioLozano_SLudi_f09e1e,,,,,
2026-09-12T06:21:09-05:00,PUR_IED_FaustinoS_Aula07_27a731,PUR_IED_FaustinoS_Aula07_27a731,,,,,
2026-09-12T06:21:09-05:00,PUR_IED_FaustinoS_Ext_7b936f,PUR_IED_FaustinoS_Ext_7b936f,,,,,
2026-09-12T06:21:09-05:00,PUR_IED_FaustinoS_Fisica_da2c60,PUR_IED_FaustinoS_Fisica_da2c60,,,,,
2026-09-12T06:21:09-05:00,PUR_IED_FeGarciaLo_Ext_dc68ee,PUR_IED_FeGarciaLo_Ext_dc68ee,,,,,
2026-09-12T06:21:09-05:00,PUR_IED_FeGarciaLo_SDanza_f70a59,PUR_IED_FeGarciaLo_SDanza_f70a59,,,,,
2026-09-12T06:21:09-05:00,PUR_IED_FeGarciaLo_SMusic_125cdd,PUR_IED_FeGarciaLo_SMusic_125cdd,,,,,
2026-09-12T06:21:09-05:00,PUR_IED_FederalAlema_Exte_50c345,PUR_IED_FederalAlema_Exte_50c345,,,,,
2026-09-12T06:21:09-05:00,PUR_IED_FederalAlema_S31_f18371,PUR_IED_FederalAlema_S31_f18371,,,,,
2026-09-12T06:21:09-05:00,PUR_IED_FederalAlema_S901_a62cd,PUR_IED_FederalAlema_S901_a62cd,,,,,
2026-09-12T06:21:09-05:00,PUR_IED_FilarmonicaS_A5_f35eb1,PUR_IED_FilarmonicaS_A5_f35eb1,,,,,
2026-09-12T06:21:09-05:00,PUR_IED_FilarmonicaS_Ext_8a3bde,PUR_IED_FilarmonicaS_Ext_8a3bde,,,,,
2026-09-12T06:21:09-05:00,PUR_IED_FilarmonicaS_Spol_406114,PUR_IED_FilarmonicaS_Spol_406114,,,,,
2026-09-12T06:21:09-05:00,PUR_IED_FlorentinoG_A13_d1fa59,PUR_IED_FlorentinoG_A13_d1fa59,,,,,
2026-09-12T06:21:09-05:00,PUR_IED_FlorentinoG_Ext_1ce6ce,PUR_IED_FlorentinoG_Ext_1ce6ce,,,,,
2026-09-12T06:21:09-05:00,PUR_IED_FlorentinoG_Idiom_a66aac,PUR_IED_FlorentinoG_Idiom_a66aac,,,,,
2026-09-12T06:21:09-05:00,PUR_IED_FranciscoMati_Ext_e3869d,PUR_IED_FranciscoMati_Ext_e3869d,,,,,
2026-09-12T06:21:09-05:00,PUR_IED_FranciscoMati_S13_f31c67,PUR_IED_FranciscoMati_S13_f31c67,,,,,
2026-09-12T06:21:09-05:00,PUR_IED_FranciscoMati_S14_97dead,PUR_IED_FranciscoMati_S14_97dead,,,,,
2026-09-12T06:21:09-05:00,PUR_IED_FranciscoPS_Ext_7bfa9a,PUR_IED_FranciscoPS_Ext_7bfa9a,2,19,62,4.5899,-74.110397
2026-09-12T06:21:09-05:00,PUR_IED_FranciscoPS_Infor_fb8f4c,PUR_IED_FranciscoPS_Infor_fb8f4c,,,,,
2026-09-12T06:21:09-05:00,PUR_IED_FranciscoPS_Quimi_94d39c,PUR_IED_FranciscoPS_Quimi_94d39c,,,,,
2026-09-12T06:21:09-05:00,PUR_IED_FranciscoP_LabQ_d7e148,PUR_IED_FranciscoP_LabQ_d7e148,,,,,
2026-09-12T06:21:09-05:00,PUR_IED_FranciscoP_S28_cf9b30,PUR_IED_FranciscoP_S28_cf9b30,,,,,
2026-09-12T06:21:09-05:00,PUR_IED_FranciscoP_ext_e2313,PUR_IED_FranciscoP_ext_e2313,,,,,
2026-09-12T06:21:09-05:00,PUR_IED_FriederichN_Ext_8ac92a,PUR_IED_FriederichN_Ext_8ac92a,,,,,
2026-09-12T06:21:09-05:00,PUR_IED_FriederichN_S301_dd7e5a,PUR_IED_FriederichN_S301_dd7e5a,,,,,
2026-09-12T06:21:09-05:00,PUR_IED_FriederichN_S308_761f4f,PUR_IED_FriederichN_S308_761f4f,,,,,
2026-09-12T06:21:09-05:00,PUR_IED_GSantander_Aula10_533dd7,PUR_IED_GSantander_Aula10_533dd7,,,,,
2026-09-12T06:21:09-05:00,PUR_IED_GSantander_Aula12_fd4e4f,PUR_IED_GSantander_Aula12_fd4e4f,,,,,
2026-09-12T06:21:09-05:00,PUR_IED_GSantander_Aula310_533dd7,PUR_IED_GSantander_Aula310_533dd7,,,,,
2026-09-12T06:21:09-05:00,PUR_IED_GSantander_Aula312_fd4e4f,PUR_IED_GSantander_Aula312_fd4e4f,,,,,
2026-09-12T06:21:09-05:00,PUR_IED_GSantander_Ext_5f66b0,PUR_IED_GSantander_Ext_5f66b0,,,,,
2026-09-12T06:21:09-05:00,PUR_IED_GYomasa_Ext_f6bea5,PUR_IED_GYomasa_Ext_f6bea5,,,,,
2026-09-12T06:21:09-05:00,PUR_IED_GYomasa_LBiol_2c41aa,PUR_IED_GYomasa_LBiol_2c41aa,,,,,
2026-09-12T06:21:09-05:00,PUR_IED_GYomasa_LQuim_33c80,PUR_IED_GYomasa_LQuim_33c80,,,,,
2026-09-12T06:21:09-05:00,PUR_IED_GabBetMejia_Cienc_5a99c,PUR_IED_GabBetMejia_Cienc_5a99c,,,,,
2026-09-12T06:21:09-05:00,PUR_IED_GabBetMejia_Ext_9153d0,PUR_IED_GabBetMejia_Ext_9153d0,,,,,
2026-09-12T06:21:09-05:00,PUR_IED_GabBetMejia_Lab_f55347,PUR_IED_GabBetMejia_Lab_f55347,,,,,
2026-09-12T06:21:09-05:00,PUR_IED_GabBetanMejia_Ext_9153d0,PUR_IED_GabBetanMejia_Ext_9153d0,,,,,
2026-09-12T06:21:09-05:00,PUR_IED_Gaitana_Aula13_7aac11,PUR_IED_Gaitana_Aula13_7aac11,,,,,
2026-09-12T06:21:09-05:00,PUR_IED_Gaitana_Ext_5fcf4,PUR_IED_Gaitana_Ext_5fcf4,,,,,
2026-09-12T06:21:09-05:00,PUR_IED_Gaitana_LabFisica_644448,PUR_IED_Gaitana_LabFisica_644448,,,,,
2026-09-12T06:21:09-05:00,PUR_IED_GenSantander_Dise_8ac858,PUR_IED_GenSantander_Dise_8ac858,,,,,
2026-09-12T06:21:09-05:00,PUR_IED_GenSantander_Ext_8d5dfe,PUR_IED_GenSantander_Ext_8d5dfe,,,,,
2026-09-12T06:21:09-05:00,PUR_IED_GenSantander_Info_6c25b,PUR_IED_GenSantander_Info_6c25b,,,,,
2026-09-12T06:21:09-05:00,PUR_IED_GustavoMo_Exterio_75e63d,PUR_IED_GustavoMo_Exterio_75e63d,,,,,
2026-09-12T06:21:09-05:00,PUR_IED_GustavoMo_LabFisi_224d37,PUR_IED_GustavoMo_LabFisi_224d37,,,,,
2026-09-12T06:21:09-05:00,PUR_IED_GustavoMo_S208_3e6918,PUR_IED_GustavoMo_S208_3e6918,,,,,
2026-09-12T06:21:09-05:00,PUR_IED_GustavoR_A02_8cd4a8,PUR_IED_GustavoR_A02_8cd4a8,,,,,
2026-09-12T06:21:09-05:00,PUR_IED_GustavoR_B11_5b0ed,PUR_IED_GustavoR_B11_5b0ed,,,,,
2026-09-12T06:21:09-05:00,PUR_IED_GustavoR_Ext_7a0c90,PUR_IED_GustavoR_Ext_7a0c90,,,,,
2026-09-12T06:21:09-05:00,PUR_IED_HernandoDuran_Ext_8cd82b,PUR_IED_HernandoDuran_Ext_8cd82b,,,,,
2026-09-12T06:21:09-05:00,PUR_IED_HernandoDuran_S24_2772c6,PUR_IED_HernandoDuran_S24_2772c6,,,,,
2026-09-12T06:21:09-05:00,PUR_IED_HernandoDuran_S30_f2de41,PUR_IED_HernandoDuran_S30_f2de41,,,,,
2026-09-12T06:21:09-05:00,PUR_IED_HolguInUr_S1101_8cd732,PUR_IED_HolguInUr_S1101_8cd732,,,,,
2026-09-12T06:21:09-05:00,PUR_IED_HolguinUr_Exter_ddae6d,PUR_IED_HolguinUr_Exter_ddae6d,,,,,
2026-09-12T06:21:09-05:00,PUR_IED_HolguinUr_LabQuim_92b952,PUR_IED_HolguinUr_LabQuim_92b952,,,,,
2026-09-12T06:21:09-05:00,PUR_IED_Isabel-II_Ext_5245cc,PUR_IED_Isabel-II_Ext_5245cc,5,19,60,4.6336,-74.153
2026-09-12T06:21:09-05:00,PUR_IED_Isabel-II_S_idiom_1c29aa,PUR_IED_Isabel-II_S_idiom_1c29aa,,,,,
2026-09-12T06:21:09-05:00,PUR_IED_Isabel-II_S_infor_fd741,PUR_IED_Isabel-II_S_infor_fd741,,,,,
2026-09-12T06:21:09-05:00,PUR_IED_IsidroSur_Exterio_5b90ea,PUR_IED_IsidroSur_Exterio_5b90ea,,,,,
2026-09-12T06:21:09-05:00,PUR_IED_IsidroSur_LabTec_56697a,PUR_IED_IsidroSur_LabTec_56697a,,,,,
2026-09-12T06:21:09-05:00,PUR_IED_IsidroSur_Robotic_b7c38f,PUR_IED_IsidroSur_Robotic_b7c38f,,,,,
2026-09-12T06:21:09-05:00,PUR_IED_IsmaelPerd_Ext_7b6672,PUR_IED_IsmaelPerd_Ext_7b6672,,,,,
2026-09-12T06:21:09-05:00,PUR_IED_IsmaelPerd_Inform_306540,PUR_IED_IsmaelPerd_Inform_306540,,,,,
2026-09-12T06:21:09-05:00,PUR_IED_IsmaelPerd_S30_2e2c83,PUR_IED_IsmaelPerd_S30_2e2c83,,,,,
2026-09-12T06:21:09-05:00,PUR_IED_JLozano_Exter_432910,PUR_IED_JLozano_Exter_432910,,,,,
2026-09-12T06:21:09-05:00,PUR_IED_JLozano_salaMulti_df5125,PUR_IED_JLozano_salaMulti_df5125,,,,,
2026-09-12T06:21:09-05:00,PUR_IED_JMCordoba_206_86f80b,PUR_IED_JMCordoba_206_86f80b,,,,,
2026-09-12T06:21:09-05:00,PUR_IED_JMCordoba_Ext_27ad97,PUR_IED_JMCordoba_Ext_27ad97,,,,,
2026-09-12T06:21:09-05:00,PUR_IED_JMCordoba_S310_d59ab4,PUR_IED_JMCordoba_S310_d59ab4,,,,,
2026-09-12T06:21:09-05:00,PUR_IED_Japon_Ext_549100,PUR_IED_Japon_Ext_549100,,,,,
2026-09-12T06:21:09-05:00,PUR_IED_Japon_Laboratorio_bec51d,PUR_IED_Japon_Laboratorio_bec51d,,,,,
2026-09-12T06:21:09-05:00,PUR_IED_Japon_informatica_d99327,PUR_IED_Japon_informatica_d99327,,,,,
2026-09-12T06:21:09-05:00,PUR_IED_Jazmin_Ext_d27bda,PUR_IED_Jazmin_Ext_d27bda,,,,,
2026-09-12T06:21:09-05:00,PUR_IED_Jazmin_Fisica_8d14d7,PUR_IED_Jazmin_Fisica_8d14d7,,,,,
2026-09-12T06:21:09-05:00,PUR_IED_Jazmin_Quimica_801cb5,PUR_IED_Jazmin_Quimica_801cb5,,,,,
2026-09-12T06:21:09-05:00,PUR_IED_JorgeGaitan_Exter_f098d1,PUR_IED_JorgeGaitan_Exter_f098d1,,,,,
2026-09-12T06:21:09-05:00,PUR_IED_JorgeGaitan_STec1_dc9d1d,PUR_IED_JorgeGaitan_STec1_dc9d1d,,,,,
2026-09-12T06:21:09-05:00,PUR_IED_JorgeGaitan_STec2_281e69,PUR_IED_JorgeGaitan_STec2_281e69,,,,,
2026-09-12T06:21:09-05:00,PUR_IED_JorgeSoto_Exterio_d9d0a2,PUR_IED_JorgeSoto_Exterio_d9d0a2,,,,,
2026-09-12T06:21:09-05:00,PUR_IED_JorgeSoto_LabFisi_209c54,PUR_IED_JorgeSoto_LabFisi_209c54,,,,,
2026-09-12T06:21:09-05:00,PUR_IED_JorgeSoto_S103_27b51a,PUR_IED_JorgeSoto_S103_27b51a,,,,,
2026-09-12T06:21:09-05:00,PUR_IED_JoseAcevedo_A02_e965eb,PUR_IED_JoseAcevedo_A02_e965eb,,,,,
2026-09-12T06:21:09-05:00,PUR_IED_JoseAcevedo_A07_dd5b4,PUR_IED_JoseAcevedo_A07_dd5b4,,,,,
2026-09-12T06:21:09-05:00,PUR_IED_JoseAcevedo_Ext_b47484,PUR_IED_JoseAcevedo_Ext_b47484,,,,,
2026-09-12T06:21:09-05:00,PUR_IED_JoseMarti_Exte_5b9bf,PUR_IED_JoseMarti_Exte_5b9bf,,,,,
2026-09-12T06:21:09-05:00,PUR_IED_JoseMarti_LabQuim_1c6c2d,PUR_IED_JoseMarti_LabQuim_1c6c2d,,,,,
2026-09-12T06:21:09-05:00,PUR_IED_JoseMarti_S_info_f5f177,PUR_IED_JoseMarti_S_info_f5f177,,,,,
2026-09-12T06:21:09-05:00,PUR_IED_Josejoaquin_Ext_dfc5dc,PUR_IED_Josejoaquin_Ext_dfc5dc,,,,,
2026-09-12T06:21:09-05:00,PUR_IED_Josejoaquin_S05_5b2a96,PUR_IED_Josejoaquin_S05_5b2a96,,,,,
2026-09-12T06:21:09-05:00,PUR_IED_Josejoaquin_S06_1ce7d2,PUR_IED_Josejoaquin_S06_1ce7d2,,,,,
2026-09-12T06:21:09-05:00,PUR_IED_JulioFlorez_Danza_9b82dd,PUR_IED_JulioFlorez_Danza_9b82dd,,,,,
2026-09-12T06:21:09-05:00,PUR_IED_JulioFlorez_Exter_f9f314,PUR_IED_JulioFlorez_Exter_f9f314,,,,,
2026-09-12T06:21:09-05:00,PUR_IED_JulioFlorez_info2_6b6e08,PUR_IED_JulioFlorez_info2_6b6e08,,,,,
2026-09-12T06:21:09-05:00,PUR_IED_LaBelleza_Aula13_1d00d8,PUR_IED_LaBelleza_Aula13_1d00d8,,,,,
2026-09-12T06:21:09-05:00,PUR_IED_LaBelleza_Ext_7bc08c,PUR_IED_LaBelleza_Ext_7bc08c,,,,,
2026-09-12T06:21:09-05:00,PUR_IED_LaChucua_Ext_8cd6d2,PUR_IED_LaChucua_Ext_8cd6d2,,,,,
2026-09-12T06:21:09-05:00,PUR_IED_LaChucua_S15_f578ce,PUR_IED_LaChucua_S15_f578ce,,,,,
2026-09-12T06:21:09-05:00,PUR_IED_LaChucua_S16_eebcf9,PUR_IED_LaChucua_S16_eebcf9,,,,,
2026-09-12T06:21:09-05:00,PUR_IED_LaFelicidad_Ext_fb5109,PUR_IED_LaFelicidad_Ext_fb5109,,,,,
2026-09-12T06:21:09-05:00,PUR_IED_LaMerced_206_66ebd,PUR_IED_LaMerced_206_66ebd,,,,,
2026-09-12T06:21:09-05:00,PUR_IED_LaMerced_207_6ebd6,PUR_IED_LaMerced_207_6ebd6,,,,,
2026-09-12T06:21:09-05:00,PUR_IED_LaMerced_ext_304311,PUR_IED_LaMerced_ext_304311,,,,,
2026-09-12T06:21:09-05:00,PUR_IED_Laureano_CiencNat_281e5e,PUR_IED_Laureano_CiencNat_281e5e,,,,,
2026-09-12T06:21:09-05:00,PUR_IED_Laureano_Comedor_f65c0a,PUR_IED_Laureano_Comedor_f65c0a,,,,,
2026-09-12T06:21:09-05:00,PUR_IED_Laureano_Exterior_7ab011,PUR_IED_Laureano_Exterior_7ab011,,,,,
2026-09-12T06:21:09-05:00,PUR_IED_LeonGreiff_Exte_dfe560,PUR_IED_LeonGreiff_Exte_dfe560,,,,,
2026-09-12T06:21:09-05:00,PUR_IED_LeonGreiff_S210_f264ed,PUR_IED_LeonGreiff_S210_f264ed,,,,,
2026-09-12T06:21:09-05:00,PUR_IED_LeonGreiff_SQuimi_e8296f,PUR_IED_LeonGreiff_SQuimi_e8296f,,,,,
2026-09-12T06:21:09-05:00,PUR_IED_LlanoOrientalS208_7b9fcd,PUR_IED_LlanoOrientalS208_7b9fcd,,,,,
2026-09-12T06:21:09-05:00,PUR_IED_LlanoOriental_Ext_fb3766,PUR_IED_LlanoOriental_Ext_fb3766,,,,,
2026-09-12T06:21:09-05:00,PUR_IED_LlanoOriental_S208_7b9fcd,PUR_IED_LlanoOriental_S208_7b9fcd,,,,,
2026-09-12T06:21:09-05:00,PUR_IED_LlanoOriental_S9_27b378,PUR_IED_LlanoOriental_S9_27b378,,,,,
2026-09-12T06:21:09-05:00,PUR_IED_LosTejares_1101_477602,PUR_IED_LosTejares_1101_477602,,,,,
2026-09-12T06:21:09-05:00,PUR_IED_LosTejares_11_d2c595,PUR_IED_LosTejares_11_d2c595,,,,,
2026-09-12T06:21:09-05:00,PUR_IED_LosTejares_12_477602,PUR_IED_LosTejares_12_477602,,,,,
2026-09-12T06:21:09-05:00,PUR_IED_LosTejares_Ext_8e2115,PUR_IED_LosTejares_Ext_8e2115,,,,,
2026-09-12T06:21:09-05:00,PUR_IED_MagdalenaO_B202_5ddda3,PUR_IED_MagdalenaO_B202_5ddda3,,,,,
2026-09-12T06:21:09-05:00,PUR_IED_MagdalenaO_B205_fb76e8,PUR_IED_MagdalenaO_B205_fb76e8,,,,,
2026-09-12T06:21:09-05:00,PUR_IED_MagdalenaO_ext_dc69cd,PUR_IED_MagdalenaO_ext_dc69cd,,,,,
2026-09-12T06:21:09-05:00,PUR_IED_ManueCepeda_artes_eee956,PUR_IED_ManueCepeda_artes_eee956,,,,,
2026-09-12T06:21:09-05:00,PUR_IED_ManuelCepeda_Ext_58313,PUR_IED_ManuelCepeda_Ext_58313,,,,,
2026-09-12T06:21:09-05:00,PUR_IED_ManuelCepeda_tec_1c5731,PUR_IED_ManuelCepeda_tec_1c5731,,,,,
2026-09-12T06:21:09-05:00,PUR_IED_ManuelS_Exterior_5b269,PUR_IED_ManuelS_Exterior_5b269,,,,,
2026-09-12T06:21:09-05:00,PUR_IED_ManuelS_Inform_f369ce,PUR_IED_ManuelS_Inform_f369ce,,,,,
2026-09-12T06:21:09-05:00,PUR_IED_ManuelS_SArtes_7d15f1,PUR_IED_ManuelS_SArtes_7d15f1,,,,,
2026-09-12T06:21:09-05:00,PUR_IED_ManuelZapata_303_3ca6,PUR_IED_ManuelZapata_303_3ca6,,,,,
2026-09-12T06:21:09-05:00,PUR_IED_ManuelZapata_311_bfbabc,PUR_IED_ManuelZapata_311_bfbabc,,,,,
2026-09-12T06:21:09-05:00,PUR_IED_ManuelZapata_Ext_50824a,PUR_IED_ManuelZapata_Ext_50824a,,,,,
2026-09-12T06:21:09-05:00,PUR_IED_ManuelitaS_Exteri_656a92,PUR_IED_ManuelitaS_Exteri_656a92,,,,,
2026-09-12T06:21:09-05:00,PUR_IED_ManuelitaS_JuzgDe_f58ec3,PUR_IED_ManuelitaS_JuzgDe_f58ec3,,,,,
2026-09-12T06:21:09-05:00,PUR_IED_ManuelitaS_Recrea_d793db,PUR_IED_ManuelitaS_Recrea_d793db,,,,,
2026-09-12T06:21:09-05:00,PUR_IED_MarFidSuarez_Ext_c27b19,PUR_IED_MarFidSuarez_Ext_c27b19,,,,,
2026-09-12T06:21:09-05:00,PUR_IED_MarFidSuarez_Info_e384d7,PUR_IED_MarFidSuarez_Info_e384d7,,,,,
2026-09-12T06:21:09-05:00,PUR_IED_MarFidSuarez_S306_1d0032,PUR_IED_MarFidSuarez_S306_1d0032,,,,,
2026-09-12T06:21:09-05:00,PUR_IED_Menorah_301_2a25a3,PUR_IED_Menorah_301_2a25a3,,,,,
2026-09-12T06:21:09-05:00,PUR_IED_Menorah_306_37ed3,PUR_IED_Menorah_306_37ed3,,,,,
2026-09-12T06:21:09-05:00,PUR_IED_Menorah_Ext_3e155b,PUR_IED_Menorah_Ext_3e155b,,,,,
2026-09-12T06:21:09-05:00,PUR_IED_MinutoB.Aires_A11_1b1604,PUR_IED_MinutoB.Aires_A11_1b1604,,,,,
2026-09-12T06:21:09-05:00,PUR_IED_MinutoB.Aires_A12_fb5860,PUR_IED_MinutoB.Aires_A12_fb5860,,,,,
2026-09-12T06:21:09-05:00,PUR_IED_MinutoB.Aires_Ext_81293f,PUR_IED_MinutoB.Aires_Ext_81293f,,,,,
2026-09-12T06:21:09-05:00,PUR_IED_MinutoBAires_A11_1b1604,PUR_IED_MinutoBAires_A11_1b1604,,,,,
2026-09-12T06:21:09-05:00,PUR_IED_MinutoBAires_A12_fb5860,PUR_IED_MinutoBAires_A12_fb5860,,,,,
2026-09-12T06:21:09-05:00,PUR_IED_MinutoBAires_Ext_81293f,PUR_IED_MinutoBAires_Ext_81293f,,,,,
2026-09-12T06:21:09-05:00,PUR_IED_Montreal_Aula10_1e4959,PUR_IED_Montreal_Aula10_1e4959,,,,,
2026-09-12T06:21:09-05:00,PUR_IED_Montreal_Aula6_300367,PUR_IED_Montreal_Aula6_300367,,,,,
2026-09-12T06:21:09-05:00,PUR_IED_Montreal_Exterior_91a179,PUR_IED_Montreal_Exterior_91a179,,,,,
2026-09-12T06:21:09-05:00,PUR_IED_Mqgdalena_B202_5ddda3,PUR_IED_Mqgdalena_B202_5ddda3,,,,,
2026-09-12T06:21:09-05:00,PUR_IED_NACUND_Soc_dc8728,PUR_IED_NACUND_Soc_dc8728,,,,,
2026-09-12T06:21:09-05:00,PUR_IED_NACUND_ext_27ad97,PUR_IED_NACUND_ext_27ad97,,,,,
2026-09-12T06:21:09-05:00,PUR_IED_NEsperanza_Ext_d24b61,PUR_IED_NEsperanza_Ext_d24b61,,,,,
2026-09-12T06:21:09-05:00,PUR_IED_NEsperanza_SElect_7d1807,PUR_IED_NEsperanza_SElect_7d1807,,,,,
2026-09-12T06:21:09-05:00,PUR_IED_NEsperanza_SLabor_8b2d0a,PUR_IED_NEsperanza_SLabor_8b2d0a,,,,,
2026-09-12T06:21:09-05:00,PUR_IED_NacionesU_Ext_f661a9,PUR_IED_NacionesU_Ext_f661a9,,,,,
2026-09-12T06:21:09-05:00,PUR_IED_NacionesU_Quimica_66f0a,PUR_IED_NacionesU_Quimica_66f0a,,,,,
2026-09-12T06:21:09-05:00,PUR_IED_NacionesU_S306_1b4b3d,PUR_IED_NacionesU_S306_1b4b3d,,,,,
2026-09-12T06:21:09-05:00,PUR_IED_NestorFA_Ext_e4201c,PUR_IED_NestorFA_Ext_e4201c,,,,,
2026-09-12T06:21:09-05:00,PUR_IED_NestorFA_Laborato_f22fe0,PUR_IED_NestorFA_Laborato_f22fe0,,,,,
2026-09-12T06:21:09-05:00,PUR_IED_NestorFA_S204_dee996,PUR_IED_NestorFA_S204_dee996,,,,,
2026-09-12T06:21:09-05:00,PUR_IED_NidyaQT_Aula03_76999b,PUR_IED_NidyaQT_Aula03_76999b,,,,,
2026-09-12T06:21:09-05:00,PUR_IED_NidyaQT_Aula10_56325,PUR_IED_NidyaQT_Aula10_56325,,,,,
2026-09-12T06:21:09-05:00,PUR_IED_NidyaQT_Ext_46e32d,PUR_IED_NidyaQT_Ext_46e32d,,,,,
2026-09-12T06:21:09-05:00,PUR_IED_NuevaCol_Exterior_d9b859,PUR_IED_NuevaCol_Exterior_d9b859,,,,,
2026-09-12T06:21:09-05:00,PUR_IED_NuevaCol_S1101_76c43b,PUR_IED_NuevaCol_S1101_76c43b,,,,,
2026-09-12T06:21:09-05:00,PUR_IED_NuevaCol_S1102_1ce0b5,PUR_IED_NuevaCol_S1102_1ce0b5,,,,,
2026-09-12T06:21:09-05:00,PUR_IED_OEA_A202_f7e3f2,PUR_IED_OEA_A202_f7e3f2,,,,,
2026-09-12T06:21:09-05:00,PUR_IED_OEA_A203_7d1b8d,PUR_IED_OEA_A203_7d1b8d,,,,,
2026-09-12T06:21:09-05:00,PUR_IED_OEA_Ext_27b593,PUR_IED_OEA_Ext_27b593,,,,,
2026-09-12T06:21:09-05:00,PUR_IED_Ochoa_Ext_1c29da,PUR_IED_Ochoa_Ext_1c29da,,,,,
2026-09-12T06:21:09-05:00,PUR_IED_Ochoa_S205_8b1121,PUR_IED_Ochoa_S205_8b1121,,,,,
2026-09-12T06:21:09-05:00,PUR_IED_Ochoa_Sistemas_f33af6,PUR_IED_Ochoa_Sistemas_f33af6,,,,,
2026-09-12T06:21:09-05:00,PUR_IED_PQuebec_Ext_1c67c7,PUR_IED_PQuebec_Ext_1c67c7,,,,,
2026-09-12T06:21:09-05:00,PUR_IED_PQuebec_S15_23e8e2,PUR_IED_PQuebec_S15_23e8e2,,,,,
2026-09-12T06:21:09-05:00,PUR_IED_PQuebec_S16_8ec76b,PUR_IED_PQuebec_S16_8ec76b,,,,,
2026-09-12T06:21:09-05:00,PUR_IED_PabloN_Ext_49dc96,PUR_IED_PabloN_Ext_49dc96,,,,,
2026-09-12T06:21:09-05:00,PUR_IED_PabloN_S1102_4e3df5,PUR_IED_PabloN_S1102_4e3df5,,,,,
2026-09-12T06:21:09-05:00,PUR_IED_PabloN_S1103_50c94b,PUR_IED_PabloN_S1103_50c94b,,,,,
2026-09-12T06:21:09-05:00,PUR_IED_Palestina_S1101_db9198,PUR_IED_Palestina_S1101_db9198,,,,,
2026-09-12T06:21:09-05:00,PUR_IED_Palestina_S1102_dc54fa,PUR_IED_Palestina_S1102_dc54fa,,,,,
2026-09-12T06:21:09-05:00,PUR_IED_Palestina_ext_4ccce6,PUR_IED_Palestina_ext_4ccce6,,,,,
2026-09-12T06:21:09-05:00,PUR_IED_Panama_Fisica_4d0794,PUR_IED_Panama_Fisica_4d0794,,,,,
2026-09-12T06:21:09-05:00,PUR_IED_Panama_SIngles_a4077e,PUR_IED_Panama_SIngles_a4077e,,,,,
2026-09-12T06:21:09-05:00,PUR_IED_Panama_ext_4c54b4,PUR_IED_Panama_ext_4c54b4,,,,,
2026-09-12T06:21:09-05:00,PUR_IED_ParaisoM_Exterior_8cd7f0,PUR_IED_ParaisoM_Exterior_8cd7f0,,,,,
2026-09-12T06:21:09-05:00,PUR_IED_ParaisoM_Laborato_27af35,PUR_IED_ParaisoM_Laborato_27af35,,,,,
2026-09-12T06:21:09-05:00,PUR_IED_ParaisoM_S304_d1edca,PUR_IED_ParaisoM_S304_d1edca,,,,,
2026-09-12T06:21:09-05:00,PUR_IED_PorfirioBarba_Ext_301466,PUR_IED_PorfirioBarba_Ext_301466,,,,,
2026-09-12T06:21:09-05:00,PUR_IED_PorfirioBarba_S11_df6cd2,PUR_IED_PorfirioBarba_S11_df6cd2,,,,,
2026-09-12T06:21:09-05:00,PUR_IED_PorfirioBarba_S29_27a7d6,PUR_IED_PorfirioBarba_S29_27a7d6,,,,,
2026-09-12T06:21:09-05:00,PUR_IED_PradoV_Exter_8b27ad,PUR_IED_PradoV_Exter_8b27ad,,,,,
2026-09-12T06:21:09-05:00,PUR_IED_PradoV_S301_de65b5,PUR_IED_PradoV_S301_de65b5,,,,,
2026-09-12T06:21:09-05:00,PUR_IED_PradoV_S302_7d2593,PUR_IED_PradoV_S302_7d2593,,,,,
2026-09-12T06:21:09-05:00,PUR_IED_QuirogaAlz_Ext_1ddc82,PUR_IED_QuirogaAlz_Ext_1ddc82,,,,,
2026-09-12T06:21:09-05:00,PUR_IED_QuirogaAlz_S302_9926a3,PUR_IED_QuirogaAlz_S302_9926a3,,,,,
2026-09-12T06:21:09-05:00,PUR_IED_QuirogaAlz_S305_cdf1f1,PUR_IED_QuirogaAlz_S305_cdf1f1,,,,,
2026-09-12T06:21:09-05:00,PUR_IED_RGuatemala_Biling_dc53b7,PUR_IED_RGuatemala_Biling_dc53b7,,,,,
2026-09-12T06:21:09-05:00,PUR_IED_RGuatemala_Ext_1b89a3,PUR_IED_RGuatemala_Ext_1b89a3,,,,,
2026-09-12T06:21:09-05:00,PUR_IED_RGuatemala_Tecnol_281a34,PUR_IED_RGuatemala_Tecnol_281a34,,,,,
2026-09-12T06:21:09-05:00,PUR_IED_RafaNu_Ext_f7c302,PUR_IED_RafaNu_Ext_f7c302,,,,,
2026-09-12T06:21:09-05:00,PUR_IED_RafaNu_S1101_25fde,PUR_IED_RafaNu_S1101_25fde,,,,,
2026-09-12T06:21:09-05:00,PUR_IED_RafaNu_S1102_281517,PUR_IED_RafaNu_S1102_281517,,,,,
2026-09-12T06:21:09-05:00,PUR_IED_RafaelB_S305_ee2783,PUR_IED_RafaelB_S305_ee2783,,,,,
2026-09-12T06:21:09-05:00,PUR_IED_RafaelB_S306_75fe33,PUR_IED_RafaelB_S306_75fe33,,,,,
2026-09-12T06:21:09-05:00,PUR_IED_RafaelB_ext_283336,PUR_IED_RafaelB_ext_283336,2,18,60,4.6722,-74.0737
2026-09-12T06:21:09-05:00,PUR_IED_RafaelUU_Exterior_281a51,PUR_IED_RafaelUU_Exterior_281a51,,,,,
2026-09-12T06:21:09-05:00,PUR_IED_RafaelUU_Human_806b2,PUR_IED_RafaelUU_Human_806b2,,,,,
2026-09-12T06:21:09-05:00,PUR_IED_RafaelUU_Mate2_5680d4,PUR_IED_RafaelUU_Mate2_5680d4,,,,,
2026-09-12T06:21:09-05:00,PUR_IED_RamonSub_Ext_f9eeb9,PUR_IED_RamonSub_Ext_f9eeb9,,,,,
2026-09-12T06:21:09-05:00,PUR_IED_RamonSub_Media_d1f62f,PUR_IED_RamonSub_Media_d1f62f,,,,,
2026-09-12T06:21:09-05:00,PUR_IED_RamonSub_planta_51b82,PUR_IED_RamonSub_planta_51b82,,,,,
2026-09-12T06:21:09-05:00,PUR_IED_RepBoliVene_Exter_27af7c,PUR_IED_RepBoliVene_Exter_27af7c,,,,,
2026-09-12T06:21:09-05:00,PUR_IED_RepBoliVene_SCPT_5ae2ee,PUR_IED_RepBoliVene_SCPT_5ae2ee,,,,,
2026-09-12T06:21:09-05:00,PUR_IED_RepBoliVene_Socia_4b11d5,PUR_IED_RepBoliVene_Socia_4b11d5,,,,,
2026-09-12T06:21:09-05:00,PUR_IED_RepChina_Ext_76d9ee,PUR_IED_RepChina_Ext_76d9ee,,,,,
2026-09-12T06:21:09-05:00,PUR_IED_RepChina_S404_7c804c,PUR_IED_RepChina_S404_7c804c,,,,,
2026-09-12T06:21:09-05:00,PUR_IED_RepChina_S405_df2c33,PUR_IED_RepChina_S405_df2c33,,,,,
2026-09-12T06:21:09-05:00,PUR_IED_RepublicaC_Exteri_7d1ec9,PUR_IED_RepublicaC_Exteri_7d1ec9,,,,,
2026-09-12T06:21:09-05:00,PUR_IED_RepublicaC_S1101_f544b3,PUR_IED_RepublicaC_S1101_f544b3,,,,,
2026-09-12T06:21:09-05:00,PUR_IED_RepublicaC_S1102_7aafc7,PUR_IED_RepublicaC_S1102_7aafc7,,,,,
2026-09-12T06:21:09-05:00,PUR_IED_Ricaurte_Externo_a0ea1,PUR_IED_Ricaurte_Externo_a0ea1,,,,,
2026-09-12T06:21:09-05:00,PUR_IED_Ricaurte_S210_f546fd,PUR_IED_Ricaurte_S210_f546fd,,,,,
2026-09-12T06:21:09-05:00,PUR_IED_Ricaurte_S309_d4452,PUR_IED_Ricaurte_S309_d4452,,,,,
2026-09-12T06:21:09-05:00,PUR_IED_RogelioS_1102_531e69,PUR_IED_RogelioS_1102_531e69,,,,,
2026-09-12T06:21:09-05:00,PUR_IED_RogelioS_Ext_f25a18,PUR_IED_RogelioS_Ext_f25a18,,,,,
2026-09-12T06:21:09-05:00,PUR_IED_SBernardino_Ext_27aff8,PUR_IED_SBernardino_Ext_27aff8,,,,,
2026-09-12T06:21:09-05:00,PUR_IED_SBernardino_SArte_2ffd33,PUR_IED_SBernardino_SArte_2ffd33,,,,,
2026-09-12T06:21:09-05:00,PUR_IED_SBernardino_SIngl_7c7da5,PUR_IED_SBernardino_SIngl_7c7da5,,,,,
2026-09-12T06:21:09-05:00,PUR_IED_Sago_auditorio_dc9d1d,PUR_IED_Sago_auditorio_dc9d1d,,,,,
2026-09-12T06:21:09-05:00,PUR_IED_Saludcoop_Ext_95aac3,PUR_IED_Saludcoop_Ext_95aac3,,,,,
2026-09-12T06:21:09-05:00,PUR_IED_Saludcoop_InfI_90c854,PUR_IED_Saludcoop_InfI_90c854,,,,,
2026-09-12T06:21:09-05:00,PUR_IED_Saludcoop_SMedia_1b93be,PUR_IED_Saludcoop_SMedia_1b93be,,,,,
2026-09-12T06:21:09-05:00,PUR_IED_SanCarlos_1101_1a2360,PUR_IED_SanCarlos_1101_1a2360,,,,,
2026-09-12T06:21:09-05:00,PUR_IED_SanCarlos_1103_7bafb5,PUR_IED_SanCarlos_1103_7bafb5,,,,,
2026-09-12T06:21:09-05:00,PUR_IED_SanCarlos_Ext_b7cd1,PUR_IED_SanCarlos_Ext_b7cd1,,,,,
2026-09-12T06:21:09-05:00,PUR_IED_SanIgnacioBosa11a_50c26e,PUR_IED_SanIgnacioBosa11a_50c26e,,,,,
2026-09-12T06:21:09-05:00,PUR_IED_SanIgnacioBosa11b_371de8,PUR_IED_SanIgnacioBosa11b_371de8,,,,,
2026-09-12T06:21:09-05:00,PUR_IED_SanIgnacioBosaExt_ef0ffc,PUR_IED_SanIgnacioBosaExt_ef0ffc,,,,,
2026-09-12T06:21:09-05:00,PUR_IED_SanIgnacioBosa_11a_50c26e,PUR_IED_SanIgnacioBosa_11a_50c26e,,,,,
2026-09-12T06:21:09-05:00,PUR_IED_SanIgnacioBosa_Ext_ef0ffc,PUR_IED_SanIgnacioBosa_Ext_ef0ffc,,,,,
2026-09-12T06:21:09-05:00,PUR_IED_SanJoseN_intS1101_31c47f,PUR_IED_SanJoseN_intS1101_31c47f,,,,,
2026-09-12T06:21:09-05:00,PUR_IED_SanJoseUsm_Exter_f5d7e8,PUR_IED_SanJoseUsm_Exter_f5d7e8,,,,,
2026-09-12T06:21:09-05:00,PUR_IED_SanJoseUsm_Int11A_cfdef6,PUR_IED_SanJoseUsm_Int11A_cfdef6,,,,,
2026-09-12T06:21:09-05:00,PUR_IED_SilveriaR_IntB5_905349,PUR_IED_SilveriaR_IntB5_905349,,,,,
2026-09-12T06:21:09-05:00,PUR_IED_SilveriaR_IntSD14_981f93,PUR_IED_SilveriaR_IntSD14_981f93,,,,,
2026-09-12T06:21:09-05:00,PUR_IED_SilveriaR_ext_2b651d,PUR_IED_SilveriaR_ext_2b651d,,,,,
2026-09-12T06:21:09-05:00,PUR_IED_SimonB_Exterior_913975,PUR_IED_SimonB_Exterior_913975,,,,,
2026-09-12T06:21:09-05:00,PUR_IED_SimonB_LabQuimi_c56908,PUR_IED_SimonB_LabQuimi_c56908,,,,,
2026-09-12T06:21:09-05:00,PUR_IED_SimonB_informatic_a28c1,PUR_IED_SimonB_informatic_a28c1,,,,,
2026-09-12T06:21:09-05:00,PUR_IED_Sorrento_1102_315f50,PUR_IED_Sorrento_1102_315f50,,,,,
2026-09-12T06:21:09-05:00,PUR_IED_Sorrento_Minte_214eab,PUR_IED_Sorrento_Minte_214eab,,,,,
2026-09-12T06:21:09-05:00,PUR_IED_Sorrento_ext_7c3a0a,PUR_IED_Sorrento_ext_7c3a0a,,,,,
2026-09-12T06:21:09-05:00,PUR_IED_Tabora_Ext_f048ae,PUR_IED_Tabora_Ext_f048ae,,,,,
2026-09-12T06:21:09-05:00,PUR_IED_Tabora_S1102_b07752,PUR_IED_Tabora_S1102_b07752,,,,,
2026-09-12T06:21:09-05:00,PUR_IED_Tabora_S1103_d988f5,PUR_IED_Tabora_S1103_d988f5,,,,,
2026-09-12T06:21:09-05:00,PUR_IED_Tenerife_Ext_1ab188,PUR_IED_Tenerife_Ext_1ab188,,,,,
2026-09-12T06:21:09-05:00,PUR_IED_Tenerife_SDanzas_7bc02e,PUR_IED_Tenerife_SDanzas_7bc02e,,,,,
2026-09-12T06:21:09-05:00,PUR_IED_Tenerife_SIngles_7cc277,PUR_IED_Tenerife_SIngles_7cc277,,,,,
2026-09-12T06:21:09-05:00,PUR_IED_Tibabuyes_Exter_f2683d,PUR_IED_Tibabuyes_Exter_f2683d,,,,,
2026-09-12T06:21:09-05:00,PUR_IED_Tibabuyes_S10_dc87a8,PUR_IED_Tibabuyes_S10_dc87a8,,,,,
2026-09-12T06:21:09-05:00,PUR_IED_Tibabuyes_S15_dc0526,PUR_IED_Tibabuyes_S15_dc0526,,,,,
2026-09-12T06:21:09-05:00,PUR_IED_UnionE_S301_a1043,PUR_IED_UnionE_S301_a1043,,,,,
2026-09-12T06:21:09-05:00,PUR_IED_UnionE_S307_ff6c2f,PUR_IED_UnionE_S307_ff6c2f,,,,,
2026-09-12T06:21:09-05:00,PUR_IED_UnionE__Ext_5e2468,PUR_IED_UnionE__Ext_5e2468,,,,,
2026-09-12T06:21:09-05:00,PUR_IED_VillaRica_Ext_75be7c,PUR_IED_VillaRica_Ext_75be7c,,,,,
2026-09-12T06:21:09-05:00,PUR_IED_VillaRica_S4_cc5dcd,PUR_IED_VillaRica_S4_cc5dcd,,,,,
2026-09-12T06:21:09-05:00,PUR_IED_VillaRica_Sesp_99f5c,PUR_IED_VillaRica_Sesp_99f5c,,,,,
2026-09-12T06:26:03-05:00,PUR_IED_20deJulio_1101_91b1b9,PUR_IED_20deJulio_1101_91b1b9,,,,,
2026-09-12T06:26:03-05:00,PUR_IED_20deJulio_1102_1cfcf9,PUR_IED_20deJulio_1102_1cfcf9,,,,,
2026-09-12T06:26:03-05:00,PUR_IED_20deJulio_Ext_ab60bd,PUR_IED_20deJulio_Ext_ab60bd,,,,,
2026-09-12T06:26:03-05:00,PUR_IED_AgustinFer_Ext_7b9b77,PUR_IED_AgustinFer_Ext_7b9b77,,,,,
2026-09-12T06:26:03-05:00,PUR_IED_AgustinFer_Info2_27b3a7,PUR_IED_AgustinFer_Info2_27b3a7,,,,,
2026-09-12T06:26:03-05:00,PUR_IED_AgustinFer_Sena_54b4eb,PUR_IED_AgustinFer_Sena_54b4eb,,,,,
2026-09-12T06:26:03-05:00,PUR_IED_AlexanderF_1102_caf07b,PUR_IED_AlexanderF_1102_caf07b,,,,,
2026-09-12T06:26:03-05:00,PUR_IED_AlexanderF_1103_c79e71,PUR_IED_AlexanderF_1103_c79e71,,,,,
2026-09-12T06:26:03-05:00,PUR_IED_AlexanderF_Ext_c5b18b,PUR_IED_AlexanderF_Ext_c5b18b,,,,,
2026-09-12T06:26:03-05:00,PUR_IED_AlfonsoLopez_Ext_281d77,PUR_IED_AlfonsoLopez_Ext_281d77,,,,,
2026-09-12T06:26:03-05:00,PUR_IED_AlfonsoLopez_LabF_888ce0,PUR_IED_AlfonsoLopez_LabF_888ce0,,,,,
2026-09-12T06:26:03-05:00,PUR_IED_AlfonsoLopez_SMed_df6a7f,PUR_IED_AlfonsoLopez_SMed_df6a7f,,,,,
2026-09-12T06:26:03-05:00,PUR_IED_AltamiraSO_A2_209f92,PUR_IED_AltamiraSO_A2_209f92,,,,,
2026-09-12T06:26:03-05:00,PUR_IED_AltamiraSO_Ext_186d66,PUR_IED_AltamiraSO_Ext_186d66,,,,,
2026-09-12T06:26:03-05:00,PUR_IED_AltamiraSO_Sistem_27afe1,PUR_IED_AltamiraSO_Sistem_27afe1,,,,,
2026-09-12T06:26:03-05:00,PUR_IED_AlvaroGom_LabQuim_813179,PUR_IED_AlvaroGom_LabQuim_813179,,,,,
2026-09-12T06:26:03-05:00,PUR_IED_AlvaroGomez_Ext_47c7ca,PUR_IED_AlvaroGomez_Ext_47c7ca,,,,,
2026-09-12T06:26:03-05:00,PUR_IED_AlvaroGomez_LabQuim_813179,PUR_IED_AlvaroGomez_LabQuim_813179,,,,,
2026-09-12T06:26:03-05:00,PUR_IED_AlvaroGomez_S23_7ba89f,PUR_IED_AlvaroGomez_S23_7ba89f,,,,,
2026-09-12T06:26:03-05:00,PUR_IED_Amistad_306_dc8728,PUR_IED_Amistad_306_dc8728,,,,,
2026-09-12T06:26:03-05:00,PUR_IED_Amistad_Ext_8cd55e,PUR_IED_Amistad_Ext_8cd55e,,,,,
2026-09-12T06:26:03-05:00,PUR_IED_Amistad_S202_a41169,PUR_IED_Amistad_S202_a41169,,,,,
2026-09-12T06:26:03-05:00,PUR_IED_AndresBello_Bio_fd5f5e,PUR_IED_AndresBello_Bio_fd5f5e,,,,,
2026-09-12T06:26:03-05:00,PUR_IED_AndresBello_ext_dcad65,PUR_IED_AndresBello_ext_dcad65,,,,,
2026-09-12T06:26:03-05:00,PUR_IED_AndresBello_port_eed3ec,PUR_IED_AndresBello_port_eed3ec,,,,,
2026-09-12T06:26:03-05:00,PUR_IED_AngelaR_11b_d90a6b,PUR_IED_AngelaR_11b_d90a6b,,,,,
2026-09-12T06:26:03-05:00,PUR_IED_AngelaR_ext_7cad3e,PUR_IED_AngelaR_ext_7cad3e,6,17,68,4.5825,-74.164497
2026-09-12T06:26:03-05:00,PUR_IED_AntJoseSucre_10mo_df2575,PUR_IED_AntJoseSucre_10mo_df2575,,,,,
2026-09-12T06:26:03-05:00,PUR_IED_AntJoseSucre_Ext_215b36,PUR_IED_AntJoseSucre_Ext_215b36,,,,,
2026-09-12T06:26:03-05:00,PUR_IED_AntJoseSucre_Lab_3139de,PUR_IED_AntJoseSucre_Lab_3139de,,,,,
2026-09-12T06:26:03-05:00,PUR_IED_AntonioGarcia_301_d6b188,PUR_IED_AntonioGarcia_301_d6b188,,,,,
2026-09-12T06:26:03-05:00,PUR_IED_AntonioGarcia_302_88a82,PUR_IED_AntonioGarcia_302_88a82,,,,,
2026-09-12T06:26:03-05:00,PUR_IED_AntonioGarcia_Ext_20950c,PUR_IED_AntonioGarcia_Ext_20950c,,,,,
2026-09-12T06:26:03-05:00,PUR_IED_AntonioVan_Aula2_6dea02,PUR_IED_AntonioVan_Aula2_6dea02,,,,,
2026-09-12T06:26:03-05:00,PUR_IED_AntonioVan_Aula5_f1557e,PUR_IED_AntonioVan_Aula5_f1557e,,,,,
2026-09-12T06:26:03-05:00,PUR_IED_AntonioVan_Ext_406f2f,PUR_IED_AntonioVan_Ext_406f2f,,,,,
2026-09-12T06:26:03-05:00,PUR_IED_Atabanzha_Ext_cc5af9,PUR_IED_Atabanzha_Ext_cc5af9,,,,,
2026-09-12T06:26:03-05:00,PUR_IED_Atabanzha_SA101_56c37,PUR_IED_Atabanzha_SA101_56c37,,,,,
2026-09-12T06:26:03-05:00,PUR_IED_Atabanzha_SB302_27b374,PUR_IED_Atabanzha_SB302_27b374,,,,,
2026-09-12T06:26:03-05:00,PUR_IED_Atahualpa_Ext_fc1748,PUR_IED_Atahualpa_Ext_fc1748,,,,,
2026-09-12T06:26:03-05:00,PUR_IED_Atahualpa_Informa_dc9a95,PUR_IED_Atahualpa_Informa_dc9a95,,,,,
2026-09-12T06:26:03-05:00,PUR_IED_Atahualpa_S1101_f98056,PUR_IED_Atahualpa_S1101_f98056,,,,,
2026-09-12T06:26:03-05:00,PUR_IED_Bellavista_Ext_f5aa74,PUR_IED_Bellavista_Ext_f5aa74,,,,,
2026-09-12T06:26:03-05:00,PUR_IED_Bilbao_11A_916c41,PUR_IED_Bilbao_11A_916c41,,,,,
2026-09-12T06:26:03-05:00,PUR_IED_Bilbao_Ext_fb579a,PUR_IED_Bilbao_Ext_fb579a,,,,,
2026-09-12T06:26:03-05:00,PUR_IED_BrasiliaU_A125_304280,PUR_IED_BrasiliaU_A125_304280,,,,,
2026-09-12T06:26:03-05:00,PUR_IED_BrasiliaU_A203_7c8ca5,PUR_IED_BrasiliaU_A203_7c8ca5,,,,,
2026-09-12T06:26:03-05:00,PUR_IED_BrasiliaU_Ext_8d6e9f,PUR_IED_BrasiliaU_Ext_8d6e9f,5,16,68,4.5175,-74.116302
2026-09-12T06:26:03-05:00,PUR_IED_Brasilia_Ext_fe6593,PUR_IED_Brasilia_Ext_fe6593,,,,,
2026-09-12T06:26:03-05:00,PUR_IED_Brasilia_S24_7c130d,PUR_IED_Brasilia_S24_7c130d,,,,,
2026-09-12T06:26:03-05:00,PUR_IED_Brasilia_S501_186a54,PUR_IED_Brasilia_S501_186a54,,,,,
2026-09-12T06:26:03-05:00,PUR_IED_CHARRY_EXT_f1d5cd,PUR_IED_CHARRY_EXT_f1d5cd,,,,,
2026-09-12T06:26:03-05:00,PUR_IED_CHARRY_INTDANZAS_7a08e6,PUR_IED_CHARRY_INTDANZAS_7a08e6,,,,,
2026-09-12T06:26:03-05:00,PUR_IED_CHARRY_INT_AULA20_dc998d,PUR_IED_CHARRY_INT_AULA20_dc998d,,,,,
2026-09-12T06:26:03-05:00,PUR_IED_COLVIV_1101_S25_7f520a,PUR_IED_COLVIV_1101_S25_7f520a,,,,,
2026-09-12T06:26:03-05:00,PUR_IED_COLVIV_1102_S16_f570ba,PUR_IED_COLVIV_1102_S16_f570ba,,,,,
2026-09-12T06:26:03-05:00,PUR_IED_COLVIV_Ext_1a26fa,PUR_IED_COLVIV_Ext_1a26fa,,,,,
2026-09-12T06:26:03-05:00,PUR_IED_CULPOP_301A_f660f3,PUR_IED_CULPOP_301A_f660f3,,,,,
2026-09-12T06:26:03-05:00,PUR_IED_CULPOP_303_568afe,PUR_IED_CULPOP_303_568afe,,,,,
2026-09-12T06:26:03-05:00,PUR_IED_CULPOP_Ext_e02ccb,PUR_IED_CULPOP_Ext_e02ccb,,,,,
2026-09-12T06:26:03-05:00,PUR_IED_CVillavicen_Ext_26eb58,PUR_IED_CVillavicen_Ext_26eb58,5,13,83,4.487,-74.102798
2026-09-12T06:26:03-05:00,PUR_IED_CVillavicen_Intel_1ce5c2,PUR_IED_CVillavicen_Intel_1ce5c2,,,,,
2026-09-12T06:26:03-05:00,PUR_IED_CVillavicen_Poliv_e0766c,PUR_IED_CVillavicen_Poliv_e0766c,,,,,
2026-09-12T06:26:03-05:00,PUR_IED_CVillavicen_int_1ba140,PUR_IED_CVillavicen_int_1ba140,,,,,
2026-09-12T06:26:03-05:00,PUR_IED_CVillavicen_intel_1ba140,PUR_IED_CVillavicen_intel_1ba140,,,,,
2026-09-12T06:26:03-05:00,PUR_IED_CarlosPizarro_Ext_e307cc,PUR_IED_CarlosPizarro_Ext_e307cc,,,,,
2026-09-12T06:26:03-05:00,PUR_IED_CarlosPizarro_L36_7e5cdb,PUR_IED_CarlosPizarro_L36_7e5cdb,,,,,
2026-09-12T06:26:03-05:00,PUR_IED_CarlosPizarro_L37_c8566c,PUR_IED_CarlosPizarro_L37_c8566c,,,,,
2026-09-12T06:26:03-05:00,PUR_IED_Castilla_Ext_cf35f,PUR_IED_Castilla_Ext_cf35f,,,,,
2026-09-12T06:26:03-05:00,PUR_IED_Castilla_SFisik_360e38,PUR_IED_Castilla_SFisik_360e38,,,,,
2026-09-12T06:26:03-05:00,PUR_IED_Castilla_Sc304_496fbf,PUR_IED_Castilla_Sc304_496fbf,,,,,
2026-09-12T06:26:03-05:00,PUR_IED_CervantesSa_Ext_6b57b,PUR_IED_CervantesSa_Ext_6b57b,4,16,74,4.5128,-74.117203
2026-09-12T06:26:03-05:00,PUR_IED_CervantesSa_S107_225c2b,PUR_IED_CervantesSa_S107_225c2b,,,,,
2026-09-12T06:26:03-05:00,PUR_IED_CervantesSa_S108_940925,PUR_IED_CervantesSa_S108_940925,,,,,
2026-09-12T06:26:03-05:00,PUR_IED_Charry_A20_f53e7c,PUR_IED_Charry_A20_f53e7c,,,,,
2026-09-12T06:26:03-05:00,PUR_IED_Charry_Ext_f1d5cd,PUR_IED_Charry_Ext_f1d5cd,,,,,
2026-09-12T06:26:03-05:00,PUR_IED_Charry_IntAula20_dc998d,PUR_IED_Charry_IntAula20_dc998d,,,,,
2026-09-12T06:26:03-05:00,PUR_IED_Charry_IntDanzas_7a08e6,PUR_IED_Charry_IntDanzas_7a08e6,,,,,
2026-09-12T06:26:03-05:00,PUR_IED_ClememciaC_203_43e2fc,PUR_IED_ClememciaC_203_43e2fc,,,,,
2026-09-12T06:26:03-05:00,PUR_IED_ClememciaC_Ext_1b411a,PUR_IED_ClememciaC_Ext_1b411a,,,,,
2026-09-12T06:26:03-05:00,PUR_IED_ClememciaC_Quimic_44b5fc,PUR_IED_ClememciaC_Quimic_44b5fc,,,,,
2026-09-12T06:26:03-05:00,PUR_IED_ClemenciaC_203_43e2fc,PUR_IED_ClemenciaC_203_43e2fc,,,,,
2026-09-12T06:26:03-05:00,PUR_IED_ClemenciaC_Ext_1b411a,PUR_IED_ClemenciaC_Ext_1b411a,,,,,
2026-09-12T06:26:03-05:00,PUR_IED_ClemenciaC_Quimic_44b5fc,PUR_IED_ClemenciaC_Quimic_44b5fc,,,,,
2026-09-12T06:26:03-05:00,PUR_IED_ColViva_1101_S25_7f520a,PUR_IED_ColViva_1101_S25_7f520a,,,,,
2026-09-12T06:26:03-05:00,PUR_IED_ColViva_1102_S16_f570ba,PUR_IED_ColViva_1102_S16_f570ba,,,,,
2026-09-12T06:26:03-05:00,PUR_IED_ColViva_Ext_1a26fa,PUR_IED_ColViva_Ext_1a26fa,,,,,
2026-09-12T06:26:03-05:00,PUR_IED_ColegioBici_Asist_7c8798,PUR_IED_ColegioBici_Asist_7c8798,,,,,
2026-09-12T06:26:03-05:00,PUR_IED_ColegioBici_Ext_25cbf6,PUR_IED_ColegioBici_Ext_25cbf6,,,,,
2026-09-12T06:26:03-05:00,PUR_IED_ColegioBici_LabQ_7b57db,PUR_IED_ColegioBici_LabQ_7b57db,,,,,
2026-09-12T06:26:03-05:00,PUR_IED_CostaRica_Ext_5e640,PUR_IED_CostaRica_Ext_5e640,,,,,
2026-09-12T06:26:03-05:00,PUR_IED_CostaRica_Quim1_766d1c,PUR_IED_CostaRica_Quim1_766d1c,,,,,
2026-09-12T06:26:03-05:00,PUR_IED_CostaRica__Fisica_6f0873,PUR_IED_CostaRica__Fisica_6f0873,,,,,
2026-09-12T06:26:03-05:00,PUR_IED_CulPopu_301A_f660f3,PUR_IED_CulPopu_301A_f660f3,,,,,
2026-09-12T06:26:03-05:00,PUR_IED_CulPopu_303_568afe,PUR_IED_CulPopu_303_568afe,,,,,
2026-09-12T06:26:03-05:00,PUR_IED_CulPopu_Ext_e02ccb,PUR_IED_CulPopu_Ext_e02ccb,,,,,
2026-09-12T06:26:03-05:00,PUR_IED_Cundinamarca_Ext_f15985,PUR_IED_Cundinamarca_Ext_f15985,,,,,
2026-09-12T06:26:03-05:00,PUR_IED_Cundinamarca_Info_7aa5d7,PUR_IED_Cundinamarca_Info_7aa5d7,,,,,
2026-09-12T06:26:03-05:00,PUR_IED_Cundinamarca_Tec2_f449c7,PUR_IED_Cundinamarca_Tec2_f449c7,,,,,
2026-09-12T06:26:03-05:00,PUR_IED_DiegoM_Aula1_27b314,PUR_IED_DiegoM_Aula1_27b314,,,,,
2026-09-12T06:26:03-05:00,PUR_IED_DiegoM_Ext_d80ac8,PUR_IED_DiegoM_Ext_d80ac8,,,,,
2026-09-12T06:26:03-05:00,PUR_IED_DiegoM_S25_da928f,PUR_IED_DiegoM_S25_da928f,,,,,
2026-09-12T06:26:03-05:00,PUR_IED_ELRODEO_360881,PUR_IED_ELRODEO_360881,,,,,
2026-09-12T06:26:03-05:00,PUR_IED_ELRODEO_ext_360881,PUR_IED_ELRODEO_ext_360881,,,,,
2026-09-12T06:26:03-05:00,PUR_IED_EduardoU_Ext_1c1969,PUR_IED_EduardoU_Ext_1c1969,,,,,
2026-09-12T06:26:03-05:00,PUR_IED_EduardoU_SCiencia_4dfb94,PUR_IED_EduardoU_SCiencia_4dfb94,,,,,
2026-09-12T06:26:03-05:00,PUR_IED_EduardoU_SQuimica_5a46e7,PUR_IED_EduardoU_SQuimica_5a46e7,,,,,
2026-09-12T06:26:03-05:00,PUR_IED_ElRodeo_Aula14_676984,PUR_IED_ElRodeo_Aula14_676984,,,,,
2026-09-12T06:26:03-05:00,PUR_IED_ElRodeo_Aula16_2dd35b,PUR_IED_ElRodeo_Aula16_2dd35b,,,,,
2026-09-12T06:26:03-05:00,PUR_IED_ElRodeo_Ext_360881,PUR_IED_ElRodeo_Ext_360881,,,,,
2026-09-12T06:26:03-05:00,PUR_IED_ElRodeo_Exterior_8c6d28,PUR_IED_ElRodeo_Exterior_8c6d28,,,,,
2026-09-12T06:26:03-05:00,PUR_IED_ElRodeo_ext_360881,PUR_IED_ElRodeo_ext_360881,,,,,
2026-09-12T06:26:03-05:00,PUR_IED_EmmaReyes_Ext_987625,PUR_IED_EmmaReyes_Ext_987625,8,21,53,4.6367,-74.1511
2026-09-12T06:26:03-05:00,PUR_IED_Ensueño_Ext_7f0250,PUR_IED_Ensueño_Ext_7f0250,,,,,
2026-09-12T06:26:03-05:00,PUR_IED_EscNormal_Ext_5fef3b,PUR_IED_EscNormal_Ext_5fef3b,2,18,61,4.5852,-74.096901
2026-09-12T06:26:03-05:00,PUR_IED_EscNormal_S309_5b263,PUR_IED_EscNormal_S309_5b263,,,,,
2026-09-12T06:26:03-05:00,PUR_IED_EscNormal_S310_27b3b8,PUR_IED_EscNormal_S310_27b3b8,,,,,
2026-09-12T06:26:03-05:00,PUR_IED_Evangelista_Conta_f6cd4f,PUR_IED_Evangelista_Conta_f6cd4f,,,,,
2026-09-12T06:26:03-05:00,PUR_IED_Evangelista_Cri_5e16a,PUR_IED_Evangelista_Cri_5e16a,,,,,
2026-09-12T06:26:03-05:00,PUR_IED_Evangelista_Exter_754066,PUR_IED_Evangelista_Exter_754066,,,,,
2026-09-12T06:26:03-05:00,PUR_IED_FMiranda_S209_5cc2a3,PUR_IED_FMiranda_S209_5cc2a3,,,,,
2026-09-12T06:26:03-05:00,PUR_IED_FMiranda_S303_19e344,PUR_IED_FMiranda_S303_19e344,,,,,
2026-09-12T06:26:03-05:00,PUR_IED_FMiranda_ext_f53e7c,PUR_IED_FMiranda_ext_f53e7c,,,,,
2026-09-12T06:26:03-05:00,PUR_IED_FabioLozano_Bibli_1cee05,PUR_IED_FabioLozano_Bibli_1cee05,,,,,
2026-09-12T06:26:03-05:00,PUR_IED_FabioLozano_Ext_6ea285,PUR_IED_FabioLozano_Ext_6ea285,,,,,
2026-09-12T06:26:03-05:00,PUR_IED_FabioLozano_SLudi_f09e1e,PUR_IED_FabioLozano_SLudi_f09e1e,,,,,
2026-09-12T06:26:03-05:00,PUR_IED_FaustinoS_Aula07_27a731,PUR_IED_FaustinoS_Aula07_27a731,,,,,
2026-09-12T06:26:03-05:00,PUR_IED_FaustinoS_Ext_7b936f,PUR_IED_FaustinoS_Ext_7b936f,,,,,
2026-09-12T06:26:03-05:00,PUR_IED_FaustinoS_Fisica_da2c60,PUR_IED_FaustinoS_Fisica_da2c60,,,,,
2026-09-12T06:26:03-05:00,PUR_IED_FeGarciaLo_Ext_dc68ee,PUR_IED_FeGarciaLo_Ext_dc68ee,,,,,
2026-09-12T06:26:03-05:00,PUR_IED_FeGarciaLo_SDanza_f70a59,PUR_IED_FeGarciaLo_SDanza_f70a59,,,,,
2026-09-12T06:26:03-05:00,PUR_IED_FeGarciaLo_SMusic_125cdd,PUR_IED_FeGarciaLo_SMusic_125cdd,,,,,
2026-09-12T06:26:03-05:00,PUR_IED_FederalAlema_Exte_50c345,PUR_IED_FederalAlema_Exte_50c345,,,,,
2026-09-12T06:26:03-05:00,PUR_IED_FederalAlema_S31_f18371,PUR_IED_FederalAlema_S31_f18371,,,,,
2026-09-12T06:26:03-05:00,PUR_IED_FederalAlema_S901_a62cd,PUR_IED_FederalAlema_S901_a62cd,,,,,
2026-09-12T06:26:03-05:00,PUR_IED_FilarmonicaS_A5_f35eb1,PUR_IED_FilarmonicaS_A5_f35eb1,,,,,
2026-09-12T06:26:03-05:00,PUR_IED_FilarmonicaS_Ext_8a3bde,PUR_IED_FilarmonicaS_Ext_8a3bde,,,,,
2026-09-12T06:26:03-05:00,PUR_IED_FilarmonicaS_Spol_406114,PUR_IED_FilarmonicaS_Spol_406114,,,,,
2026-09-12T06:26:03-05:00,PUR_IED_FlorentinoG_A13_d1fa59,PUR_IED_FlorentinoG_A13_d1fa59,,,,,
2026-09-12T06:26:03-05:00,PUR_IED_FlorentinoG_Ext_1ce6ce,PUR_IED_FlorentinoG_Ext_1ce6ce,,,,,
2026-09-12T06:26:03-05:00,PUR_IED_FlorentinoG_Idiom_a66aac,PUR_IED_FlorentinoG_Idiom_a66aac,,,,,
2026-09-12T06:26:03-05:00,PUR_IED_FranciscoMati_Ext_e3869d,PUR_IED_FranciscoMati_Ext_e3869d,,,,,
2026-09-12T06:26:03-05:00,PUR_IED_FranciscoMati_S13_f31c67,PUR_IED_FranciscoMati_S13_f31c67,,,,,
2026-09-12T06:26:03-05:00,PUR_IED_FranciscoMati_S14_97dead,PUR_IED_FranciscoMati_S14_97dead,,,,,
2026-09-12T06:26:03-05:00,PUR_IED_FranciscoPS_Ext_7bfa9a,PUR_IED_FranciscoPS_Ext_7bfa9a,2,19,62,4.5899,-74.110397
2026-09-12T06:26:03-05:00,PUR_IED_FranciscoPS_Infor_fb8f4c,PUR_IED_FranciscoPS_Infor_fb8f4c,,,,,
2026-09-12T06:26:03-05:00,PUR_IED_FranciscoPS_Quimi_94d39c,PUR_IED_FranciscoPS_Quimi_94d39c,,,,,
2026-09-12T06:26:03-05:00,PUR_IED_FranciscoP_LabQ_d7e148,PUR_IED_FranciscoP_LabQ_d7e148,,,,,
2026-09-12T06:26:03-05:00,PUR_IED_FranciscoP_S28_cf9b30,PUR_IED_FranciscoP_S28_cf9b30,,,,,
2026-09-12T06:26:03-05:00,PUR_IED_FranciscoP_ext_e2313,PUR_IED_FranciscoP_ext_e2313,,,,,
2026-09-12T06:26:03-05:00,PUR_IED_FriederichN_Ext_8ac92a,PUR_IED_FriederichN_Ext_8ac92a,,,,,
2026-09-12T06:26:03-05:00,PUR_IED_FriederichN_S301_dd7e5a,PUR_IED_FriederichN_S301_dd7e5a,,,,,
2026-09-12T06:26:03-05:00,PUR_IED_FriederichN_S308_761f4f,PUR_IED_FriederichN_S308_761f4f,,,,,
2026-09-12T06:26:03-05:00,PUR_IED_GSantander_Aula10_533dd7,PUR_IED_GSantander_Aula10_533dd7,,,,,
2026-09-12T06:26:03-05:00,PUR_IED_GSantander_Aula12_fd4e4f,PUR_IED_GSantander_Aula12_fd4e4f,,,,,
2026-09-12T06:26:03-05:00,PUR_IED_GSantander_Aula310_533dd7,PUR_IED_GSantander_Aula310_533dd7,,,,,
2026-09-12T06:26:03-05:00,PUR_IED_GSantander_Aula312_fd4e4f,PUR_IED_GSantander_Aula312_fd4e4f,,,,,
2026-09-12T06:26:03-05:00,PUR_IED_GSantander_Ext_5f66b0,PUR_IED_GSantander_Ext_5f66b0,,,,,
2026-09-12T06:26:03-05:00,PUR_IED_GYomasa_Ext_f6bea5,PUR_IED_GYomasa_Ext_f6bea5,,,,,
2026-09-12T06:26:03-05:00,PUR_IED_GYomasa_LBiol_2c41aa,PUR_IED_GYomasa_LBiol_2c41aa,,,,,
2026-09-12T06:26:03-05:00,PUR_IED_GYomasa_LQuim_33c80,PUR_IED_GYomasa_LQuim_33c80,,,,,
2026-09-12T06:26:03-05:00,PUR_IED_GabBetMejia_Cienc_5a99c,PUR_IED_GabBetMejia_Cienc_5a99c,,,,,
2026-09-12T06:26:03-05:00,PUR_IED_GabBetMejia_Ext_9153d0,PUR_IED_GabBetMejia_Ext_9153d0,,,,,
2026-09-12T06:26:03-05:00,PUR_IED_GabBetMejia_Lab_f55347,PUR_IED_GabBetMejia_Lab_f55347,,,,,
2026-09-12T06:26:03-05:00,PUR_IED_GabBetanMejia_Ext_9153d0,PUR_IED_GabBetanMejia_Ext_9153d0,,,,,
2026-09-12T06:26:03-05:00,PUR_IED_Gaitana_Aula13_7aac11,PUR_IED_Gaitana_Aula13_7aac11,,,,,
2026-09-12T06:26:03-05:00,PUR_IED_Gaitana_Ext_5fcf4,PUR_IED_Gaitana_Ext_5fcf4,,,,,
2026-09-12T06:26:03-05:00,PUR_IED_Gaitana_LabFisica_644448,PUR_IED_Gaitana_LabFisica_644448,,,,,
2026-09-12T06:26:03-05:00,PUR_IED_GenSantander_Dise_8ac858,PUR_IED_GenSantander_Dise_8ac858,,,,,
2026-09-12T06:26:03-05:00,PUR_IED_GenSantander_Ext_8d5dfe,PUR_IED_GenSantander_Ext_8d5dfe,,,,,
2026-09-12T06:26:03-05:00,PUR_IED_GenSantander_Info_6c25b,PUR_IED_GenSantander_Info_6c25b,,,,,
2026-09-12T06:26:03-05:00,PUR_IED_GustavoMo_Exterio_75e63d,PUR_IED_GustavoMo_Exterio_75e63d,,,,,
2026-09-12T06:26:03-05:00,PUR_IED_GustavoMo_LabFisi_224d37,PUR_IED_GustavoMo_LabFisi_224d37,,,,,
2026-09-12T06:26:03-05:00,PUR_IED_GustavoMo_S208_3e6918,PUR_IED_GustavoMo_S208_3e6918,,,,,
2026-09-12T06:26:03-05:00,PUR_IED_GustavoR_A02_8cd4a8,PUR_IED_GustavoR_A02_8cd4a8,,,,,
2026-09-12T06:26:03-05:00,PUR_IED_GustavoR_B11_5b0ed,PUR_IED_GustavoR_B11_5b0ed,,,,,
2026-09-12T06:26:03-05:00,PUR_IED_GustavoR_Ext_7a0c90,PUR_IED_GustavoR_Ext_7a0c90,,,,,
2026-09-12T06:26:03-05:00,PUR_IED_HernandoDuran_Ext_8cd82b,PUR_IED_HernandoDuran_Ext_8cd82b,,,,,
2026-09-12T06:26:03-05:00,PUR_IED_HernandoDuran_S24_2772c6,PUR_IED_HernandoDuran_S24_2772c6,,,,,
2026-09-12T06:26:03-05:00,PUR_IED_HernandoDuran_S30_f2de41,PUR_IED_HernandoDuran_S30_f2de41,,,,,
2026-09-12T06:26:03-05:00,PUR_IED_HolguInUr_S1101_8cd732,PUR_IED_HolguInUr_S1101_8cd732,,,,,
2026-09-12T06:26:03-05:00,PUR_IED_HolguinUr_Exter_ddae6d,PUR_IED_HolguinUr_Exter_ddae6d,,,,,
2026-09-12T06:26:03-05:00,PUR_IED_HolguinUr_LabQuim_92b952,PUR_IED_HolguinUr_LabQuim_92b952,,,,,
2026-09-12T06:26:03-05:00,PUR_IED_Isabel-II_Ext_5245cc,PUR_IED_Isabel-II_Ext_5245cc,5,18,63,4.6336,-74.153
2026-09-12T06:26:03-05:00,PUR_IED_Isabel-II_S_idiom_1c29aa,PUR_IED_Isabel-II_S_idiom_1c29aa,,,,,
2026-09-12T06:26:03-05:00,PUR_IED_Isabel-II_S_infor_fd741,PUR_IED_Isabel-II_S_infor_fd741,,,,,
2026-09-12T06:26:03-05:00,PUR_IED_IsidroSur_Exterio_5b90ea,PUR_IED_IsidroSur_Exterio_5b90ea,,,,,
2026-09-12T06:26:03-05:00,PUR_IED_IsidroSur_LabTec_56697a,PUR_IED_IsidroSur_LabTec_56697a,,,,,
2026-09-12T06:26:03-05:00,PUR_IED_IsidroSur_Robotic_b7c38f,PUR_IED_IsidroSur_Robotic_b7c38f,,,,,
2026-09-12T06:26:03-05:00,PUR_IED_IsmaelPerd_Ext_7b6672,PUR_IED_IsmaelPerd_Ext_7b6672,,,,,
2026-09-12T06:26:03-05:00,PUR_IED_IsmaelPerd_Inform_306540,PUR_IED_IsmaelPerd_Inform_306540,,,,,
2026-09-12T06:26:03-05:00,PUR_IED_IsmaelPerd_S30_2e2c83,PUR_IED_IsmaelPerd_S30_2e2c83,,,,,
2026-09-12T06:26:03-05:00,PUR_IED_JLozano_Exter_432910,PUR_IED_JLozano_Exter_432910,,,,,
2026-09-12T06:26:03-05:00,PUR_IED_JLozano_salaMulti_df5125,PUR_IED_JLozano_salaMulti_df5125,,,,,
2026-09-12T06:26:03-05:00,PUR_IED_JMCordoba_206_86f80b,PUR_IED_JMCordoba_206_86f80b,,,,,
2026-09-12T06:26:03-05:00,PUR_IED_JMCordoba_Ext_27ad97,PUR_IED_JMCordoba_Ext_27ad97,,,,,
2026-09-12T06:26:03-05:00,PUR_IED_JMCordoba_S310_d59ab4,PUR_IED_JMCordoba_S310_d59ab4,,,,,
2026-09-12T06:26:03-05:00,PUR_IED_Japon_Ext_549100,PUR_IED_Japon_Ext_549100,,,,,
2026-09-12T06:26:03-05:00,PUR_IED_Japon_Laboratorio_bec51d,PUR_IED_Japon_Laboratorio_bec51d,,,,,
2026-09-12T06:26:03-05:00,PUR_IED_Japon_informatica_d99327,PUR_IED_Japon_informatica_d99327,,,,,
2026-09-12T06:26:03-05:00,PUR_IED_Jazmin_Ext_d27bda,PUR_IED_Jazmin_Ext_d27bda,,,,,
2026-09-12T06:26:03-05:00,PUR_IED_Jazmin_Fisica_8d14d7,PUR_IED_Jazmin_Fisica_8d14d7,,,,,
2026-09-12T06:26:03-05:00,PUR_IED_Jazmin_Quimica_801cb5,PUR_IED_Jazmin_Quimica_801cb5,,,,,
2026-09-12T06:26:03-05:00,PUR_IED_JorgeGaitan_Exter_f098d1,PUR_IED_JorgeGaitan_Exter_f098d1,,,,,
2026-09-12T06:26:03-05:00,PUR_IED_JorgeGaitan_STec1_dc9d1d,PUR_IED_JorgeGaitan_STec1_dc9d1d,,,,,
2026-09-12T06:26:03-05:00,PUR_IED_JorgeGaitan_STec2_281e69,PUR_IED_JorgeGaitan_STec2_281e69,,,,,
2026-09-12T06:26:03-05:00,PUR_IED_JorgeSoto_Exterio_d9d0a2,PUR_IED_JorgeSoto_Exterio_d9d0a2,,,,,
2026-09-12T06:26:03-05:00,PUR_IED_JorgeSoto_LabFisi_209c54,PUR_IED_JorgeSoto_LabFisi_209c54,,,,,
2026-09-12T06:26:03-05:00,PUR_IED_JorgeSoto_S103_27b51a,PUR_IED_JorgeSoto_S103_27b51a,,,,,
2026-09-12T06:26:03-05:00,PUR_IED_JoseAcevedo_A02_e965eb,PUR_IED_JoseAcevedo_A02_e965eb,,,,,
2026-09-12T06:26:03-05:00,PUR_IED_JoseAcevedo_A07_dd5b4,PUR_IED_JoseAcevedo_A07_dd5b4,,,,,
2026-09-12T06:26:03-05:00,PUR_IED_JoseAcevedo_Ext_b47484,PUR_IED_JoseAcevedo_Ext_b47484,,,,,
2026-09-12T06:26:03-05:00,PUR_IED_JoseMarti_Exte_5b9bf,PUR_IED_JoseMarti_Exte_5b9bf,,,,,
2026-09-12T06:26:03-05:00,PUR_IED_JoseMarti_LabQuim_1c6c2d,PUR_IED_JoseMarti_LabQuim_1c6c2d,,,,,
2026-09-12T06:26:03-05:00,PUR_IED_JoseMarti_S_info_f5f177,PUR_IED_JoseMarti_S_info_f5f177,,,,,
2026-09-12T06:26:03-05:00,PUR_IED_Josejoaquin_Ext_dfc5dc,PUR_IED_Josejoaquin_Ext_dfc5dc,,,,,
2026-09-12T06:26:03-05:00,PUR_IED_Josejoaquin_S05_5b2a96,PUR_IED_Josejoaquin_S05_5b2a96,,,,,
2026-09-12T06:26:03-05:00,PUR_IED_Josejoaquin_S06_1ce7d2,PUR_IED_Josejoaquin_S06_1ce7d2,,,,,
2026-09-12T06:26:03-05:00,PUR_IED_JulioFlorez_Danza_9b82dd,PUR_IED_JulioFlorez_Danza_9b82dd,,,,,
2026-09-12T06:26:03-05:00,PUR_IED_JulioFlorez_Exter_f9f314,PUR_IED_JulioFlorez_Exter_f9f314,,,,,
2026-09-12T06:26:03-05:00,PUR_IED_JulioFlorez_info2_6b6e08,PUR_IED_JulioFlorez_info2_6b6e08,,,,,
2026-09-12T06:26:03-05:00,PUR_IED_LaBelleza_Aula13_1d00d8,PUR_IED_LaBelleza_Aula13_1d00d8,,,,,
2026-09-12T06:26:03-05:00,PUR_IED_LaBelleza_Ext_7bc08c,PUR_IED_LaBelleza_Ext_7bc08c,,,,,
2026-09-12T06:26:03-05:00,PUR_IED_LaChucua_Ext_8cd6d2,PUR_IED_LaChucua_Ext_8cd6d2,,,,,
2026-09-12T06:26:03-05:00,PUR_IED_LaChucua_S15_f578ce,PUR_IED_LaChucua_S15_f578ce,,,,,
2026-09-12T06:26:03-05:00,PUR_IED_LaChucua_S16_eebcf9,PUR_IED_LaChucua_S16_eebcf9,,,,,
2026-09-12T06:26:03-05:00,PUR_IED_LaFelicidad_Ext_fb5109,PUR_IED_LaFelicidad_Ext_fb5109,,,,,
2026-09-12T06:26:03-05:00,PUR_IED_LaMerced_206_66ebd,PUR_IED_LaMerced_206_66ebd,,,,,
2026-09-12T06:26:03-05:00,PUR_IED_LaMerced_207_6ebd6,PUR_IED_LaMerced_207_6ebd6,,,,,
2026-09-12T06:26:03-05:00,PUR_IED_LaMerced_ext_304311,PUR_IED_LaMerced_ext_304311,,,,,
2026-09-12T06:26:03-05:00,PUR_IED_Laureano_CiencNat_281e5e,PUR_IED_Laureano_CiencNat_281e5e,,,,,
2026-09-12T06:26:03-05:00,PUR_IED_Laureano_Comedor_f65c0a,PUR_IED_Laureano_Comedor_f65c0a,,,,,
2026-09-12T06:26:03-05:00,PUR_IED_Laureano_Exterior_7ab011,PUR_IED_Laureano_Exterior_7ab011,,,,,
2026-09-12T06:26:03-05:00,PUR_IED_LeonGreiff_Exte_dfe560,PUR_IED_LeonGreiff_Exte_dfe560,,,,,
2026-09-12T06:26:03-05:00,PUR_IED_LeonGreiff_S210_f264ed,PUR_IED_LeonGreiff_S210_f264ed,,,,,
2026-09-12T06:26:03-05:00,PUR_IED_LeonGreiff_SQuimi_e8296f,PUR_IED_LeonGreiff_SQuimi_e8296f,,,,,
2026-09-12T06:26:03-05:00,PUR_IED_LlanoOrientalS208_7b9fcd,PUR_IED_LlanoOrientalS208_7b9fcd,,,,,
2026-09-12T06:26:03-05:00,PUR_IED_LlanoOriental_Ext_fb3766,PUR_IED_LlanoOriental_Ext_fb3766,,,,,
2026-09-12T06:26:03-05:00,PUR_IED_LlanoOriental_S208_7b9fcd,PUR_IED_LlanoOriental_S208_7b9fcd,,,,,
2026-09-12T06:26:03-05:00,PUR_IED_LlanoOriental_S9_27b378,PUR_IED_LlanoOriental_S9_27b378,,,,,
2026-09-12T06:26:03-05:00,PUR_IED_LosTejares_1101_477602,PUR_IED_LosTejares_1101_477602,,,,,
2026-09-12T06:26:03-05:00,PUR_IED_LosTejares_11_d2c595,PUR_IED_LosTejares_11_d2c595,,,,,
2026-09-12T06:26:03-05:00,PUR_IED_LosTejares_12_477602,PUR_IED_LosTejares_12_477602,,,,,
2026-09-12T06:26:03-05:00,PUR_IED_LosTejares_Ext_8e2115,PUR_IED_LosTejares_Ext_8e2115,,,,,
2026-09-12T06:26:03-05:00,PUR_IED_MagdalenaO_B202_5ddda3,PUR_IED_MagdalenaO_B202_5ddda3,,,,,
2026-09-12T06:26:03-05:00,PUR_IED_MagdalenaO_B205_fb76e8,PUR_IED_MagdalenaO_B205_fb76e8,,,,,
2026-09-12T06:26:03-05:00,PUR_IED_MagdalenaO_ext_dc69cd,PUR_IED_MagdalenaO_ext_dc69cd,,,,,
2026-09-12T06:26:03-05:00,PUR_IED_ManueCepeda_artes_eee956,PUR_IED_ManueCepeda_artes_eee956,,,,,
2026-09-12T06:26:03-05:00,PUR_IED_ManuelCepeda_Ext_58313,PUR_IED_ManuelCepeda_Ext_58313,,,,,
2026-09-12T06:26:03-05:00,PUR_IED_ManuelCepeda_tec_1c5731,PUR_IED_ManuelCepeda_tec_1c5731,,,,,
2026-09-12T06:26:03-05:00,PUR_IED_ManuelS_Exterior_5b269,PUR_IED_ManuelS_Exterior_5b269,,,,,
2026-09-12T06:26:03-05:00,PUR_IED_ManuelS_Inform_f369ce,PUR_IED_ManuelS_Inform_f369ce,,,,,
2026-09-12T06:26:03-05:00,PUR_IED_ManuelS_SArtes_7d15f1,PUR_IED_ManuelS_SArtes_7d15f1,,,,,
2026-09-12T06:26:03-05:00,PUR_IED_ManuelZapata_303_3ca6,PUR_IED_ManuelZapata_303_3ca6,,,,,
2026-09-12T06:26:03-05:00,PUR_IED_ManuelZapata_311_bfbabc,PUR_IED_ManuelZapata_311_bfbabc,,,,,
2026-09-12T06:26:03-05:00,PUR_IED_ManuelZapata_Ext_50824a,PUR_IED_ManuelZapata_Ext_50824a,,,,,
2026-09-12T06:26:03-05:00,PUR_IED_ManuelitaS_Exteri_656a92,PUR_IED_ManuelitaS_Exteri_656a92,,,,,
2026-09-12T06:26:03-05:00,PUR_IED_ManuelitaS_JuzgDe_f58ec3,PUR_IED_ManuelitaS_JuzgDe_f58ec3,,,,,
2026-09-12T06:26:03-05:00,PUR_IED_ManuelitaS_Recrea_d793db,PUR_IED_ManuelitaS_Recrea_d793db,,,,,
2026-09-12T06:26:03-05:00,PUR_IED_MarFidSuarez_Ext_c27b19,PUR_IED_MarFidSuarez_Ext_c27b19,,,,,
2026-09-12T06:26:03-05:00,PUR_IED_MarFidSuarez_Info_e384d7,PUR_IED_MarFidSuarez_Info_e384d7,,,,,
2026-09-12T06:26:03-05:00,PUR_IED_MarFidSuarez_S306_1d0032,PUR_IED_MarFidSuarez_S306_1d0032,,,,,
2026-09-12T06:26:03-05:00,PUR_IED_Menorah_301_2a25a3,PUR_IED_Menorah_301_2a25a3,,,,,
2026-09-12T06:26:03-05:00,PUR_IED_Menorah_306_37ed3,PUR_IED_Menorah_306_37ed3,,,,,
2026-09-12T06:26:03-05:00,PUR_IED_Menorah_Ext_3e155b,PUR_IED_Menorah_Ext_3e155b,,,,,
2026-09-12T06:26:03-05:00,PUR_IED_MinutoB.Aires_A11_1b1604,PUR_IED_MinutoB.Aires_A11_1b1604,,,,,
2026-09-12T06:26:03-05:00,PUR_IED_MinutoB.Aires_A12_fb5860,PUR_IED_MinutoB.Aires_A12_fb5860,,,,,
2026-09-12T06:26:03-05:00,PUR_IED_MinutoB.Aires_Ext_81293f,PUR_IED_MinutoB.Aires_Ext_81293f,,,,,
2026-09-12T06:26:03-05:00,PUR_IED_MinutoBAires_A11_1b1604,PUR_IED_MinutoBAires_A11_1b1604,,,,,
2026-09-12T06:26:03-05:00,PUR_IED_MinutoBAires_A12_fb5860,PUR_IED_MinutoBAires_A12_fb5860,,,,,
2026-09-12T06:26:03-05:00,PUR_IED_MinutoBAires_Ext_81293f,PUR_IED_MinutoBAires_Ext_81293f,,,,,
2026-09-12T06:26:03-05:00,PUR_IED_Montreal_Aula10_1e4959,PUR_IED_Montreal_Aula10_1e4959,,,,,
2026-09-12T06:26:03-05:00,PUR_IED_Montreal_Aula6_300367,PUR_IED_Montreal_Aula6_300367,,,,,
2026-09-12T06:26:03-05:00,PUR_IED_Montreal_Exterior_91a179,PUR_IED_Montreal_Exterior_91a179,,,,,
2026-09-12T06:26:03-05:00,PUR_IED_Mqgdalena_B202_5ddda3,PUR_IED_Mqgdalena_B202_5ddda3,,,,,
2026-09-12T06:26:03-05:00,PUR_IED_NACUND_Soc_dc8728,PUR_IED_NACUND_Soc_dc8728,,,,,
2026-09-12T06:26:03-05:00,PUR_IED_NACUND_ext_27ad97,PUR_IED_NACUND_ext_27ad97,,,,,
2026-09-12T06:26:03-05:00,PUR_IED_NEsperanza_Ext_d24b61,PUR_IED_NEsperanza_Ext_d24b61,,,,,
2026-09-12T06:26:03-05:00,PUR_IED_NEsperanza_SElect_7d1807,PUR_IED_NEsperanza_SElect_7d1807,,,,,
2026-09-12T06:26:03-05:00,PUR_IED_NEsperanza_SLabor_8b2d0a,PUR_IED_NEsperanza_SLabor_8b2d0a,,,,,
2026-09-12T06:26:03-05:00,PUR_IED_NacionesU_Ext_f661a9,PUR_IED_NacionesU_Ext_f661a9,,,,,
2026-09-12T06:26:03-05:00,PUR_IED_NacionesU_Quimica_66f0a,PUR_IED_NacionesU_Quimica_66f0a,,,,,
2026-09-12T06:26:03-05:00,PUR_IED_NacionesU_S306_1b4b3d,PUR_IED_NacionesU_S306_1b4b3d,,,,,
2026-09-12T06:26:03-05:00,PUR_IED_NestorFA_Ext_e4201c,PUR_IED_NestorFA_Ext_e4201c,,,,,
2026-09-12T06:26:03-05:00,PUR_IED_NestorFA_Laborato_f22fe0,PUR_IED_NestorFA_Laborato_f22fe0,,,,,
2026-09-12T06:26:03-05:00,PUR_IED_NestorFA_S204_dee996,PUR_IED_NestorFA_S204_dee996,,,,,
2026-09-12T06:26:03-05:00,PUR_IED_NidyaQT_Aula03_76999b,PUR_IED_NidyaQT_Aula03_76999b,,,,,
2026-09-12T06:26:03-05:00,PUR_IED_NidyaQT_Aula10_56325,PUR_IED_NidyaQT_Aula10_56325,,,,,
2026-09-12T06:26:03-05:00,PUR_IED_NidyaQT_Ext_46e32d,PUR_IED_NidyaQT_Ext_46e32d,,,,,
2026-09-12T06:26:03-05:00,PUR_IED_NuevaCol_Exterior_d9b859,PUR_IED_NuevaCol_Exterior_d9b859,,,,,
2026-09-12T06:26:03-05:00,PUR_IED_NuevaCol_S1101_76c43b,PUR_IED_NuevaCol_S1101_76c43b,,,,,
2026-09-12T06:26:03-05:00,PUR_IED_NuevaCol_S1102_1ce0b5,PUR_IED_NuevaCol_S1102_1ce0b5,,,,,
2026-09-12T06:26:03-05:00,PUR_IED_OEA_A202_f7e3f2,PUR_IED_OEA_A202_f7e3f2,,,,,
2026-09-12T06:26:03-05:00,PUR_IED_OEA_A203_7d1b8d,PUR_IED_OEA_A203_7d1b8d,,,,,
2026-09-12T06:26:03-05:00,PUR_IED_OEA_Ext_27b593,PUR_IED_OEA_Ext_27b593,,,,,
2026-09-12T06:26:03-05:00,PUR_IED_Ochoa_Ext_1c29da,PUR_IED_Ochoa_Ext_1c29da,,,,,
2026-09-12T06:26:03-05:00,PUR_IED_Ochoa_S205_8b1121,PUR_IED_Ochoa_S205_8b1121,,,,,
2026-09-12T06:26:03-05:00,PUR_IED_Ochoa_Sistemas_f33af6,PUR_IED_Ochoa_Sistemas_f33af6,,,,,
2026-09-12T06:26:03-05:00,PUR_IED_PQuebec_Ext_1c67c7,PUR_IED_PQuebec_Ext_1c67c7,,,,,
2026-09-12T06:26:03-05:00,PUR_IED_PQuebec_S15_23e8e2,PUR_IED_PQuebec_S15_23e8e2,,,,,
2026-09-12T06:26:03-05:00,PUR_IED_PQuebec_S16_8ec76b,PUR_IED_PQuebec_S16_8ec76b,,,,,
2026-09-12T06:26:03-05:00,PUR_IED_PabloN_Ext_49dc96,PUR_IED_PabloN_Ext_49dc96,,,,,
2026-09-12T06:26:03-05:00,PUR_IED_PabloN_S1102_4e3df5,PUR_IED_PabloN_S1102_4e3df5,,,,,
2026-09-12T06:26:03-05:00,PUR_IED_PabloN_S1103_50c94b,PUR_IED_PabloN_S1103_50c94b,,,,,
2026-09-12T06:26:03-05:00,PUR_IED_Palestina_S1101_db9198,PUR_IED_Palestina_S1101_db9198,,,,,
2026-09-12T06:26:03-05:00,PUR_IED_Palestina_S1102_dc54fa,PUR_IED_Palestina_S1102_dc54fa,,,,,
2026-09-12T06:26:03-05:00,PUR_IED_Palestina_ext_4ccce6,PUR_IED_Palestina_ext_4ccce6,,,,,
2026-09-12T06:26:03-05:00,PUR_IED_Panama_Fisica_4d0794,PUR_IED_Panama_Fisica_4d0794,,,,,
2026-09-12T06:26:03-05:00,PUR_IED_Panama_SIngles_a4077e,PUR_IED_Panama_SIngles_a4077e,,,,,
2026-09-12T06:26:03-05:00,PUR_IED_Panama_ext_4c54b4,PUR_IED_Panama_ext_4c54b4,,,,,
2026-09-12T06:26:03-05:00,PUR_IED_ParaisoM_Exterior_8cd7f0,PUR_IED_ParaisoM_Exterior_8cd7f0,,,,,
2026-09-12T06:26:03-05:00,PUR_IED_ParaisoM_Laborato_27af35,PUR_IED_ParaisoM_Laborato_27af35,,,,,
2026-09-12T06:26:03-05:00,PUR_IED_ParaisoM_S304_d1edca,PUR_IED_ParaisoM_S304_d1edca,,,,,
2026-09-12T06:26:03-05:00,PUR_IED_PorfirioBarba_Ext_301466,PUR_IED_PorfirioBarba_Ext_301466,,,,,
2026-09-12T06:26:03-05:00,PUR_IED_PorfirioBarba_S11_df6cd2,PUR_IED_PorfirioBarba_S11_df6cd2,,,,,
2026-09-12T06:26:03-05:00,PUR_IED_PorfirioBarba_S29_27a7d6,PUR_IED_PorfirioBarba_S29_27a7d6,,,,,
2026-09-12T06:26:03-05:00,PUR_IED_PradoV_Exter_8b27ad,PUR_IED_PradoV_Exter_8b27ad,,,,,
2026-09-12T06:26:03-05:00,PUR_IED_PradoV_S301_de65b5,PUR_IED_PradoV_S301_de65b5,,,,,
2026-09-12T06:26:03-05:00,PUR_IED_PradoV_S302_7d2593,PUR_IED_PradoV_S302_7d2593,,,,,
2026-09-12T06:26:03-05:00,PUR_IED_QuirogaAlz_Ext_1ddc82,PUR_IED_QuirogaAlz_Ext_1ddc82,,,,,
2026-09-12T06:26:03-05:00,PUR_IED_QuirogaAlz_S302_9926a3,PUR_IED_QuirogaAlz_S302_9926a3,,,,,
2026-09-12T06:26:03-05:00,PUR_IED_QuirogaAlz_S305_cdf1f1,PUR_IED_QuirogaAlz_S305_cdf1f1,,,,,
2026-09-12T06:26:03-05:00,PUR_IED_RGuatemala_Biling_dc53b7,PUR_IED_RGuatemala_Biling_dc53b7,,,,,
2026-09-12T06:26:03-05:00,PUR_IED_RGuatemala_Ext_1b89a3,PUR_IED_RGuatemala_Ext_1b89a3,,,,,
2026-09-12T06:26:03-05:00,PUR_IED_RGuatemala_Tecnol_281a34,PUR_IED_RGuatemala_Tecnol_281a34,,,,,
2026-09-12T06:26:03-05:00,PUR_IED_RafaNu_Ext_f7c302,PUR_IED_RafaNu_Ext_f7c302,,,,,
2026-09-12T06:26:03-05:00,PUR_IED_RafaNu_S1101_25fde,PUR_IED_RafaNu_S1101_25fde,,,,,
2026-09-12T06:26:03-05:00,PUR_IED_RafaNu_S1102_281517,PUR_IED_RafaNu_S1102_281517,,,,,
2026-09-12T06:26:03-05:00,PUR_IED_RafaelB_S305_ee2783,PUR_IED_RafaelB_S305_ee2783,,,,,
2026-09-12T06:26:03-05:00,PUR_IED_RafaelB_S306_75fe33,PUR_IED_RafaelB_S306_75fe33,,,,,
2026-09-12T06:26:03-05:00,PUR_IED_RafaelB_ext_283336,PUR_IED_RafaelB_ext_283336,2,18,59,4.6722,-74.0737
2026-09-12T06:26:03-05:00,PUR_IED_RafaelUU_Exterior_281a51,PUR_IED_RafaelUU_Exterior_281a51,,,,,
2026-09-12T06:26:03-05:00,PUR_IED_RafaelUU_Human_806b2,PUR_IED_RafaelUU_Human_806b2,,,,,
2026-09-12T06:26:03-05:00,PUR_IED_RafaelUU_Mate2_5680d4,PUR_IED_RafaelUU_Mate2_5680d4,,,,,
2026-09-12T06:26:03-05:00,PUR_IED_RamonSub_Ext_f9eeb9,PUR_IED_RamonSub_Ext_f9eeb9,,,,,
2026-09-12T06:26:03-05:00,PUR_IED_RamonSub_Media_d1f62f,PUR_IED_RamonSub_Media_d1f62f,,,,,
2026-09-12T06:26:03-05:00,PUR_IED_RamonSub_planta_51b82,PUR_IED_RamonSub_planta_51b82,,,,,
2026-09-12T06:26:03-05:00,PUR_IED_RepBoliVene_Exter_27af7c,PUR_IED_RepBoliVene_Exter_27af7c,,,,,
2026-09-12T06:26:03-05:00,PUR_IED_RepBoliVene_SCPT_5ae2ee,PUR_IED_RepBoliVene_SCPT_5ae2ee,,,,,
2026-09-12T06:26:03-05:00,PUR_IED_RepBoliVene_Socia_4b11d5,PUR_IED_RepBoliVene_Socia_4b11d5,,,,,
2026-09-12T06:26:03-05:00,PUR_IED_RepChina_Ext_76d9ee,PUR_IED_RepChina_Ext_76d9ee,,,,,
2026-09-12T06:26:03-05:00,PUR_IED_RepChina_S404_7c804c,PUR_IED_RepChina_S404_7c804c,,,,,
2026-09-12T06:26:03-05:00,PUR_IED_RepChina_S405_df2c33,PUR_IED_RepChina_S405_df2c33,,,,,
2026-09-12T06:26:03-05:00,PUR_IED_RepublicaC_Exteri_7d1ec9,PUR_IED_RepublicaC_Exteri_7d1ec9,,,,,
2026-09-12T06:26:03-05:00,PUR_IED_RepublicaC_S1101_f544b3,PUR_IED_RepublicaC_S1101_f544b3,,,,,
2026-09-12T06:26:03-05:00,PUR_IED_RepublicaC_S1102_7aafc7,PUR_IED_RepublicaC_S1102_7aafc7,,,,,
2026-09-12T06:26:03-05:00,PUR_IED_Ricaurte_Externo_a0ea1,PUR_IED_Ricaurte_Externo_a0ea1,,,,,
2026-09-12T06:26:03-05:00,PUR_IED_Ricaurte_S210_f546fd,PUR_IED_Ricaurte_S210_f546fd,,,,,
2026-09-12T06:26:03-05:00,PUR_IED_Ricaurte_S309_d4452,PUR_IED_Ricaurte_S309_d4452,,,,,
2026-09-12T06:26:03-05:00,PUR_IED_RogelioS_1102_531e69,PUR_IED_RogelioS_1102_531e69,,,,,
2026-09-12T06:26:03-05:00,PUR_IED_RogelioS_Ext_f25a18,PUR_IED_RogelioS_Ext_f25a18,,,,,
2026-09-12T06:26:03-05:00,PUR_IED_SBernardino_Ext_27aff8,PUR_IED_SBernardino_Ext_27aff8,,,,,
2026-09-12T06:26:03-05:00,PUR_IED_SBernardino_SArte_2ffd33,PUR_IED_SBernardino_SArte_2ffd33,,,,,
2026-09-12T06:26:03-05:00,PUR_IED_SBernardino_SIngl_7c7da5,PUR_IED_SBernardino_SIngl_7c7da5,,,,,
2026-09-12T06:26:03-05:00,PUR_IED_Sago_auditorio_dc9d1d,PUR_IED_Sago_auditorio_dc9d1d,,,,,
2026-09-12T06:26:03-05:00,PUR_IED_Saludcoop_Ext_95aac3,PUR_IED_Saludcoop_Ext_95aac3,,,,,
2026-09-12T06:26:03-05:00,PUR_IED_Saludcoop_InfI_90c854,PUR_IED_Saludcoop_InfI_90c854,,,,,
2026-09-12T06:26:03-05:00,PUR_IED_Saludcoop_SMedia_1b93be,PUR_IED_Saludcoop_SMedia_1b93be,,,,,
2026-09-12T06:26:03-05:00,PUR_IED_SanCarlos_1101_1a2360,PUR_IED_SanCarlos_1101_1a2360,,,,,
2026-09-12T06:26:03-05:00,PUR_IED_SanCarlos_1103_7bafb5,PUR_IED_SanCarlos_1103_7bafb5,,,,,
2026-09-12T06:26:03-05:00,PUR_IED_SanCarlos_Ext_b7cd1,PUR_IED_SanCarlos_Ext_b7cd1,,,,,
2026-09-12T06:26:03-05:00,PUR_IED_SanIgnacioBosa11a_50c26e,PUR_IED_SanIgnacioBosa11a_50c26e,,,,,
2026-09-12T06:26:03-05:00,PUR_IED_SanIgnacioBosa11b_371de8,PUR_IED_SanIgnacioBosa11b_371de8,,,,,
2026-09-12T06:26:03-05:00,PUR_IED_SanIgnacioBosaExt_ef0ffc,PUR_IED_SanIgnacioBosaExt_ef0ffc,,,,,
2026-09-12T06:26:03-05:00,PUR_IED_SanIgnacioBosa_11a_50c26e,PUR_IED_SanIgnacioBosa_11a_50c26e,,,,,
2026-09-12T06:26:03-05:00,PUR_IED_SanIgnacioBosa_Ext_ef0ffc,PUR_IED_SanIgnacioBosa_Ext_ef0ffc,,,,,
2026-09-12T06:26:03-05:00,PUR_IED_SanJoseN_intS1101_31c47f,PUR_IED_SanJoseN_intS1101_31c47f,,,,,
2026-09-12T06:26:03-05:00,PUR_IED_SanJoseUsm_Exter_f5d7e8,PUR_IED_SanJoseUsm_Exter_f5d7e8,,,,,
2026-09-12T06:26:03-05:00,PUR_IED_SanJoseUsm_Int11A_cfdef6,PUR_IED_SanJoseUsm_Int11A_cfdef6,,,,,
2026-09-12T06:26:03-05:00,PUR_IED_SilveriaR_IntB5_905349,PUR_IED_SilveriaR_IntB5_905349,,,,,
2026-09-12T06:26:03-05:00,PUR_IED_SilveriaR_IntSD14_981f93,PUR_IED_SilveriaR_IntSD14_981f93,,,,,
2026-09-12T06:26:03-05:00,PUR_IED_SilveriaR_ext_2b651d,PUR_IED_SilveriaR_ext_2b651d,,,,,
2026-09-12T06:26:03-05:00,PUR_IED_SimonB_Exterior_913975,PUR_IED_SimonB_Exterior_913975,,,,,
2026-09-12T06:26:03-05:00,PUR_IED_SimonB_LabQuimi_c56908,PUR_IED_SimonB_LabQuimi_c56908,,,,,
2026-09-12T06:26:03-05:00,PUR_IED_SimonB_informatic_a28c1,PUR_IED_SimonB_informatic_a28c1,,,,,
2026-09-12T06:26:03-05:00,PUR_IED_Sorrento_1102_315f50,PUR_IED_Sorrento_1102_315f50,,,,,
2026-09-12T06:26:03-05:00,PUR_IED_Sorrento_Minte_214eab,PUR_IED_Sorrento_Minte_214eab,,,,,
2026-09-12T06:26:03-05:00,PUR_IED_Sorrento_ext_7c3a0a,PUR_IED_Sorrento_ext_7c3a0a,,,,,
2026-09-12T06:26:03-05:00,PUR_IED_Tabora_Ext_f048ae,PUR_IED_Tabora_Ext_f048ae,,,,,
2026-09-12T06:26:03-05:00,PUR_IED_Tabora_S1102_b07752,PUR_IED_Tabora_S1102_b07752,,,,,
2026-09-12T06:26:03-05:00,PUR_IED_Tabora_S1103_d988f5,PUR_IED_Tabora_S1103_d988f5,,,,,
2026-09-12T06:26:03-05:00,PUR_IED_Tenerife_Ext_1ab188,PUR_IED_Tenerife_Ext_1ab188,,,,,
2026-09-12T06:26:03-05:00,PUR_IED_Tenerife_SDanzas_7bc02e,PUR_IED_Tenerife_SDanzas_7bc02e,,,,,
2026-09-12T06:26:03-05:00,PUR_IED_Tenerife_SIngles_7cc277,PUR_IED_Tenerife_SIngles_7cc277,,,,,
2026-09-12T06:26:03-05:00,PUR_IED_Tibabuyes_Exter_f2683d,PUR_IED_Tibabuyes_Exter_f2683d,,,,,
2026-09-12T06:26:03-05:00,PUR_IED_Tibabuyes_S10_dc87a8,PUR_IED_Tibabuyes_S10_dc87a8,,,,,
2026-09-12T06:26:03-05:00,PUR_IED_Tibabuyes_S15_dc0526,PUR_IED_Tibabuyes_S15_dc0526,,,,,
2026-09-12T06:26:03-05:00,PUR_IED_UnionE_S301_a1043,PUR_IED_UnionE_S301_a1043,,,,,
2026-09-12T06:26:03-05:00,PUR_IED_UnionE_S307_ff6c2f,PUR_IED_UnionE_S307_ff6c2f,,,,,
2026-09-12T06:26:03-05:00,PUR_IED_UnionE__Ext_5e2468,PUR_IED_UnionE__Ext_5e2468,,,,,
2026-09-12T06:26:03-05:00,PUR_IED_VillaRica_Ext_75be7c,PUR_IED_VillaRica_Ext_75be7c,,,,,
2026-09-12T06:26:03-05:00,PUR_IED_VillaRica_S4_cc5dcd,PUR_IED_VillaRica_S4_cc5dcd,,,,,
2026-09-12T06:26:03-05:00,PUR_IED_VillaRica_Sesp_99f5c,PUR_IED_VillaRica_Sesp_99f5c,,,,,
2026-09-12T06:31:08-05:00,PUR_IED_20deJulio_1101_91b1b9,PUR_IED_20deJulio_1101_91b1b9,,,,,
2026-09-12T06:31:08-05:00,PUR_IED_20deJulio_1102_1cfcf9,PUR_IED_20deJulio_1102_1cfcf9,,,,,
2026-09-12T06:31:08-05:00,PUR_IED_20deJulio_Ext_ab60bd,PUR_IED_20deJulio_Ext_ab60bd,,,,,
2026-09-12T06:31:08-05:00,PUR_IED_AgustinFer_Ext_7b9b77,PUR_IED_AgustinFer_Ext_7b9b77,,,,,
2026-09-12T06:31:08-05:00,PUR_IED_AgustinFer_Info2_27b3a7,PUR_IED_AgustinFer_Info2_27b3a7,,,,,
2026-09-12T06:31:08-05:00,PUR_IED_AgustinFer_Sena_54b4eb,PUR_IED_AgustinFer_Sena_54b4eb,,,,,
2026-09-12T06:31:08-05:00,PUR_IED_AlexanderF_1102_caf07b,PUR_IED_AlexanderF_1102_caf07b,,,,,
2026-09-12T06:31:08-05:00,PUR_IED_AlexanderF_1103_c79e71,PUR_IED_AlexanderF_1103_c79e71,,,,,
2026-09-12T06:31:08-05:00,PUR_IED_AlexanderF_Ext_c5b18b,PUR_IED_AlexanderF_Ext_c5b18b,,,,,
2026-09-12T06:31:08-05:00,PUR_IED_AlfonsoLopez_Ext_281d77,PUR_IED_AlfonsoLopez_Ext_281d77,,,,,
2026-09-12T06:31:08-05:00,PUR_IED_AlfonsoLopez_LabF_888ce0,PUR_IED_AlfonsoLopez_LabF_888ce0,,,,,
2026-09-12T06:31:08-05:00,PUR_IED_AlfonsoLopez_SMed_df6a7f,PUR_IED_AlfonsoLopez_SMed_df6a7f,,,,,
2026-09-12T06:31:08-05:00,PUR_IED_AltamiraSO_A2_209f92,PUR_IED_AltamiraSO_A2_209f92,,,,,
2026-09-12T06:31:08-05:00,PUR_IED_AltamiraSO_Ext_186d66,PUR_IED_AltamiraSO_Ext_186d66,,,,,
2026-09-12T06:31:08-05:00,PUR_IED_AltamiraSO_Sistem_27afe1,PUR_IED_AltamiraSO_Sistem_27afe1,,,,,
2026-09-12T06:31:08-05:00,PUR_IED_AlvaroGom_LabQuim_813179,PUR_IED_AlvaroGom_LabQuim_813179,,,,,
2026-09-12T06:31:08-05:00,PUR_IED_AlvaroGomez_Ext_47c7ca,PUR_IED_AlvaroGomez_Ext_47c7ca,,,,,
2026-09-12T06:31:08-05:00,PUR_IED_AlvaroGomez_LabQuim_813179,PUR_IED_AlvaroGomez_LabQuim_813179,,,,,
2026-09-12T06:31:08-05:00,PUR_IED_AlvaroGomez_S23_7ba89f,PUR_IED_AlvaroGomez_S23_7ba89f,,,,,
2026-09-12T06:31:08-05:00,PUR_IED_Amistad_306_dc8728,PUR_IED_Amistad_306_dc8728,,,,,
2026-09-12T06:31:08-05:00,PUR_IED_Amistad_Ext_8cd55e,PUR_IED_Amistad_Ext_8cd55e,,,,,
2026-09-12T06:31:08-05:00,PUR_IED_Amistad_S202_a41169,PUR_IED_Amistad_S202_a41169,,,,,
2026-09-12T06:31:08-05:00,PUR_IED_AndresBello_Bio_fd5f5e,PUR_IED_AndresBello_Bio_fd5f5e,,,,,
2026-09-12T06:31:08-05:00,PUR_IED_AndresBello_ext_dcad65,PUR_IED_AndresBello_ext_dcad65,,,,,
2026-09-12T06:31:08-05:00,PUR_IED_AndresBello_port_eed3ec,PUR_IED_AndresBello_port_eed3ec,,,,,
2026-09-12T06:31:08-05:00,PUR_IED_AngelaR_11b_d90a6b,PUR_IED_AngelaR_11b_d90a6b,,,,,
2026-09-12T06:31:08-05:00,PUR_IED_AngelaR_ext_7cad3e,PUR_IED_AngelaR_ext_7cad3e,6,17,68,4.5825,-74.164497
2026-09-12T06:31:08-05:00,PUR_IED_AntJoseSucre_10mo_df2575,PUR_IED_AntJoseSucre_10mo_df2575,,,,,
2026-09-12T06:31:08-05:00,PUR_IED_AntJoseSucre_Ext_215b36,PUR_IED_AntJoseSucre_Ext_215b36,,,,,
2026-09-12T06:31:08-05:00,PUR_IED_AntJoseSucre_Lab_3139de,PUR_IED_AntJoseSucre_Lab_3139de,,,,,
2026-09-12T06:31:08-05:00,PUR_IED_AntonioGarcia_301_d6b188,PUR_IED_AntonioGarcia_301_d6b188,,,,,
2026-09-12T06:31:08-05:00,PUR_IED_AntonioGarcia_302_88a82,PUR_IED_AntonioGarcia_302_88a82,,,,,
2026-09-12T06:31:08-05:00,PUR_IED_AntonioGarcia_Ext_20950c,PUR_IED_AntonioGarcia_Ext_20950c,,,,,
2026-09-12T06:31:08-05:00,PUR_IED_AntonioVan_Aula2_6dea02,PUR_IED_AntonioVan_Aula2_6dea02,,,,,
2026-09-12T06:31:08-05:00,PUR_IED_AntonioVan_Aula5_f1557e,PUR_IED_AntonioVan_Aula5_f1557e,,,,,
2026-09-12T06:31:08-05:00,PUR_IED_AntonioVan_Ext_406f2f,PUR_IED_AntonioVan_Ext_406f2f,,,,,
2026-09-12T06:31:08-05:00,PUR_IED_Atabanzha_Ext_cc5af9,PUR_IED_Atabanzha_Ext_cc5af9,,,,,
2026-09-12T06:31:08-05:00,PUR_IED_Atabanzha_SA101_56c37,PUR_IED_Atabanzha_SA101_56c37,,,,,
2026-09-12T06:31:08-05:00,PUR_IED_Atabanzha_SB302_27b374,PUR_IED_Atabanzha_SB302_27b374,,,,,
2026-09-12T06:31:08-05:00,PUR_IED_Atahualpa_Ext_fc1748,PUR_IED_Atahualpa_Ext_fc1748,,,,,
2026-09-12T06:31:08-05:00,PUR_IED_Atahualpa_Informa_dc9a95,PUR_IED_Atahualpa_Informa_dc9a95,,,,,
2026-09-12T06:31:08-05:00,PUR_IED_Atahualpa_S1101_f98056,PUR_IED_Atahualpa_S1101_f98056,,,,,
2026-09-12T06:31:08-05:00,PUR_IED_Bellavista_Ext_f5aa74,PUR_IED_Bellavista_Ext_f5aa74,,,,,
2026-09-12T06:31:08-05:00,PUR_IED_Bilbao_11A_916c41,PUR_IED_Bilbao_11A_916c41,,,,,
2026-09-12T06:31:08-05:00,PUR_IED_Bilbao_Ext_fb579a,PUR_IED_Bilbao_Ext_fb579a,,,,,
2026-09-12T06:31:08-05:00,PUR_IED_BrasiliaU_A125_304280,PUR_IED_BrasiliaU_A125_304280,,,,,
2026-09-12T06:31:08-05:00,PUR_IED_BrasiliaU_A203_7c8ca5,PUR_IED_BrasiliaU_A203_7c8ca5,,,,,
2026-09-12T06:31:08-05:00,PUR_IED_BrasiliaU_Ext_8d6e9f,PUR_IED_BrasiliaU_Ext_8d6e9f,5,16,68,4.5175,-74.116302
2026-09-12T06:31:08-05:00,PUR_IED_Brasilia_Ext_fe6593,PUR_IED_Brasilia_Ext_fe6593,,,,,
2026-09-12T06:31:08-05:00,PUR_IED_Brasilia_S24_7c130d,PUR_IED_Brasilia_S24_7c130d,,,,,
2026-09-12T06:31:08-05:00,PUR_IED_Brasilia_S501_186a54,PUR_IED_Brasilia_S501_186a54,,,,,
2026-09-12T06:31:08-05:00,PUR_IED_CHARRY_EXT_f1d5cd,PUR_IED_CHARRY_EXT_f1d5cd,,,,,
2026-09-12T06:31:08-05:00,PUR_IED_CHARRY_INTDANZAS_7a08e6,PUR_IED_CHARRY_INTDANZAS_7a08e6,,,,,
2026-09-12T06:31:08-05:00,PUR_IED_CHARRY_INT_AULA20_dc998d,PUR_IED_CHARRY_INT_AULA20_dc998d,,,,,
2026-09-12T06:31:08-05:00,PUR_IED_COLVIV_1101_S25_7f520a,PUR_IED_COLVIV_1101_S25_7f520a,,,,,
2026-09-12T06:31:08-05:00,PUR_IED_COLVIV_1102_S16_f570ba,PUR_IED_COLVIV_1102_S16_f570ba,,,,,
2026-09-12T06:31:08-05:00,PUR_IED_COLVIV_Ext_1a26fa,PUR_IED_COLVIV_Ext_1a26fa,,,,,
2026-09-12T06:31:08-05:00,PUR_IED_CULPOP_301A_f660f3,PUR_IED_CULPOP_301A_f660f3,,,,,
2026-09-12T06:31:08-05:00,PUR_IED_CULPOP_303_568afe,PUR_IED_CULPOP_303_568afe,,,,,
2026-09-12T06:31:08-05:00,PUR_IED_CULPOP_Ext_e02ccb,PUR_IED_CULPOP_Ext_e02ccb,,,,,
2026-09-12T06:31:08-05:00,PUR_IED_CVillavicen_Ext_26eb58,PUR_IED_CVillavicen_Ext_26eb58,3,14,82,4.487,-74.102798
2026-09-12T06:31:08-05:00,PUR_IED_CVillavicen_Intel_1ce5c2,PUR_IED_CVillavicen_Intel_1ce5c2,,,,,
2026-09-12T06:31:08-05:00,PUR_IED_CVillavicen_Poliv_e0766c,PUR_IED_CVillavicen_Poliv_e0766c,,,,,
2026-09-12T06:31:08-05:00,PUR_IED_CVillavicen_int_1ba140,PUR_IED_CVillavicen_int_1ba140,,,,,
2026-09-12T06:31:08-05:00,PUR_IED_CVillavicen_intel_1ba140,PUR_IED_CVillavicen_intel_1ba140,,,,,
2026-09-12T06:31:08-05:00,PUR_IED_CarlosPizarro_Ext_e307cc,PUR_IED_CarlosPizarro_Ext_e307cc,,,,,
2026-09-12T06:31:08-05:00,PUR_IED_CarlosPizarro_L36_7e5cdb,PUR_IED_CarlosPizarro_L36_7e5cdb,,,,,
2026-09-12T06:31:08-05:00,PUR_IED_CarlosPizarro_L37_c8566c,PUR_IED_CarlosPizarro_L37_c8566c,,,,,
2026-09-12T06:31:08-05:00,PUR_IED_Castilla_Ext_cf35f,PUR_IED_Castilla_Ext_cf35f,,,,,
2026-09-12T06:31:08-05:00,PUR_IED_Castilla_SFisik_360e38,PUR_IED_Castilla_SFisik_360e38,,,,,
2026-09-12T06:31:08-05:00,PUR_IED_Castilla_Sc304_496fbf,PUR_IED_Castilla_Sc304_496fbf,,,,,
2026-09-12T06:31:08-05:00,PUR_IED_CervantesSa_Ext_6b57b,PUR_IED_CervantesSa_Ext_6b57b,5,16,75,4.5128,-74.117203
2026-09-12T06:31:08-05:00,PUR_IED_CervantesSa_S107_225c2b,PUR_IED_CervantesSa_S107_225c2b,,,,,
2026-09-12T06:31:08-05:00,PUR_IED_CervantesSa_S108_940925,PUR_IED_CervantesSa_S108_940925,,,,,
2026-09-12T06:31:08-05:00,PUR_IED_Charry_A20_f53e7c,PUR_IED_Charry_A20_f53e7c,,,,,
2026-09-12T06:31:08-05:00,PUR_IED_Charry_Ext_f1d5cd,PUR_IED_Charry_Ext_f1d5cd,,,,,
2026-09-12T06:31:08-05:00,PUR_IED_Charry_IntAula20_dc998d,PUR_IED_Charry_IntAula20_dc998d,,,,,
2026-09-12T06:31:08-05:00,PUR_IED_Charry_IntDanzas_7a08e6,PUR_IED_Charry_IntDanzas_7a08e6,,,,,
2026-09-12T06:31:08-05:00,PUR_IED_ClememciaC_203_43e2fc,PUR_IED_ClememciaC_203_43e2fc,,,,,
2026-09-12T06:31:08-05:00,PUR_IED_ClememciaC_Ext_1b411a,PUR_IED_ClememciaC_Ext_1b411a,,,,,
2026-09-12T06:31:08-05:00,PUR_IED_ClememciaC_Quimic_44b5fc,PUR_IED_ClememciaC_Quimic_44b5fc,,,,,
2026-09-12T06:31:08-05:00,PUR_IED_ClemenciaC_203_43e2fc,PUR_IED_ClemenciaC_203_43e2fc,,,,,
2026-09-12T06:31:08-05:00,PUR_IED_ClemenciaC_Ext_1b411a,PUR_IED_ClemenciaC_Ext_1b411a,,,,,
2026-09-12T06:31:08-05:00,PUR_IED_ClemenciaC_Quimic_44b5fc,PUR_IED_ClemenciaC_Quimic_44b5fc,,,,,
2026-09-12T06:31:08-05:00,PUR_IED_ColViva_1101_S25_7f520a,PUR_IED_ColViva_1101_S25_7f520a,,,,,
2026-09-12T06:31:08-05:00,PUR_IED_ColViva_1102_S16_f570ba,PUR_IED_ColViva_1102_S16_f570ba,,,,,
2026-09-12T06:31:08-05:00,PUR_IED_ColViva_Ext_1a26fa,PUR_IED_ColViva_Ext_1a26fa,,,,,
2026-09-12T06:31:08-05:00,PUR_IED_ColegioBici_Asist_7c8798,PUR_IED_ColegioBici_Asist_7c8798,,,,,
2026-09-12T06:31:08-05:00,PUR_IED_ColegioBici_Ext_25cbf6,PUR_IED_ColegioBici_Ext_25cbf6,,,,,
2026-09-12T06:31:08-05:00,PUR_IED_ColegioBici_LabQ_7b57db,PUR_IED_ColegioBici_LabQ_7b57db,,,,,
2026-09-12T06:31:08-05:00,PUR_IED_CostaRica_Ext_5e640,PUR_IED_CostaRica_Ext_5e640,,,,,
2026-09-12T06:31:08-05:00,PUR_IED_CostaRica_Quim1_766d1c,PUR_IED_CostaRica_Quim1_766d1c,,,,,
2026-09-12T06:31:08-05:00,PUR_IED_CostaRica__Fisica_6f0873,PUR_IED_CostaRica__Fisica_6f0873,,,,,
2026-09-12T06:31:08-05:00,PUR_IED_CulPopu_301A_f660f3,PUR_IED_CulPopu_301A_f660f3,,,,,
2026-09-12T06:31:08-05:00,PUR_IED_CulPopu_303_568afe,PUR_IED_CulPopu_303_568afe,,,,,
2026-09-12T06:31:08-05:00,PUR_IED_CulPopu_Ext_e02ccb,PUR_IED_CulPopu_Ext_e02ccb,,,,,
2026-09-12T06:31:08-05:00,PUR_IED_Cundinamarca_Ext_f15985,PUR_IED_Cundinamarca_Ext_f15985,,,,,
2026-09-12T06:31:08-05:00,PUR_IED_Cundinamarca_Info_7aa5d7,PUR_IED_Cundinamarca_Info_7aa5d7,,,,,
2026-09-12T06:31:08-05:00,PUR_IED_Cundinamarca_Tec2_f449c7,PUR_IED_Cundinamarca_Tec2_f449c7,,,,,
2026-09-12T06:31:08-05:00,PUR_IED_DiegoM_Aula1_27b314,PUR_IED_DiegoM_Aula1_27b314,,,,,
2026-09-12T06:31:08-05:00,PUR_IED_DiegoM_Ext_d80ac8,PUR_IED_DiegoM_Ext_d80ac8,,,,,
2026-09-12T06:31:08-05:00,PUR_IED_DiegoM_S25_da928f,PUR_IED_DiegoM_S25_da928f,,,,,
2026-09-12T06:31:08-05:00,PUR_IED_ELRODEO_360881,PUR_IED_ELRODEO_360881,,,,,
2026-09-12T06:31:08-05:00,PUR_IED_ELRODEO_ext_360881,PUR_IED_ELRODEO_ext_360881,,,,,
2026-09-12T06:31:08-05:00,PUR_IED_EduardoU_Ext_1c1969,PUR_IED_EduardoU_Ext_1c1969,,,,,
2026-09-12T06:31:08-05:00,PUR_IED_EduardoU_SCiencia_4dfb94,PUR_IED_EduardoU_SCiencia_4dfb94,,,,,
2026-09-12T06:31:08-05:00,PUR_IED_EduardoU_SQuimica_5a46e7,PUR_IED_EduardoU_SQuimica_5a46e7,,,,,
2026-09-12T06:31:08-05:00,PUR_IED_ElRodeo_Aula14_676984,PUR_IED_ElRodeo_Aula14_676984,,,,,
2026-09-12T06:31:08-05:00,PUR_IED_ElRodeo_Aula16_2dd35b,PUR_IED_ElRodeo_Aula16_2dd35b,,,,,
2026-09-12T06:31:08-05:00,PUR_IED_ElRodeo_Ext_360881,PUR_IED_ElRodeo_Ext_360881,,,,,
2026-09-12T06:31:08-05:00,PUR_IED_ElRodeo_Exterior_8c6d28,PUR_IED_ElRodeo_Exterior_8c6d28,,,,,
2026-09-12T06:31:08-05:00,PUR_IED_ElRodeo_ext_360881,PUR_IED_ElRodeo_ext_360881,,,,,
2026-09-12T06:31:08-05:00,PUR_IED_EmmaReyes_Ext_987625,PUR_IED_EmmaReyes_Ext_987625,8,21,53,4.6367,-74.1511
2026-09-12T06:31:08-05:00,PUR_IED_Ensueño_Ext_7f0250,PUR_IED_Ensueño_Ext_7f0250,,,,,
2026-09-12T06:31:08-05:00,PUR_IED_EscNormal_Ext_5fef3b,PUR_IED_EscNormal_Ext_5fef3b,2,18,61,4.5852,-74.096901
2026-09-12T06:31:08-05:00,PUR_IED_EscNormal_S309_5b263,PUR_IED_EscNormal_S309_5b263,,,,,
2026-09-12T06:31:08-05:00,PUR_IED_EscNormal_S310_27b3b8,PUR_IED_EscNormal_S310_27b3b8,,,,,
2026-09-12T06:31:08-05:00,PUR_IED_Evangelista_Conta_f6cd4f,PUR_IED_Evangelista_Conta_f6cd4f,,,,,
2026-09-12T06:31:08-05:00,PUR_IED_Evangelista_Cri_5e16a,PUR_IED_Evangelista_Cri_5e16a,,,,,
2026-09-12T06:31:08-05:00,PUR_IED_Evangelista_Exter_754066,PUR_IED_Evangelista_Exter_754066,,,,,
2026-09-12T06:31:08-05:00,PUR_IED_FMiranda_S209_5cc2a3,PUR_IED_FMiranda_S209_5cc2a3,,,,,
2026-09-12T06:31:08-05:00,PUR_IED_FMiranda_S303_19e344,PUR_IED_FMiranda_S303_19e344,,,,,
2026-09-12T06:31:08-05:00,PUR_IED_FMiranda_ext_f53e7c,PUR_IED_FMiranda_ext_f53e7c,,,,,
2026-09-12T06:31:08-05:00,PUR_IED_FabioLozano_Bibli_1cee05,PUR_IED_FabioLozano_Bibli_1cee05,,,,,
2026-09-12T06:31:08-05:00,PUR_IED_FabioLozano_Ext_6ea285,PUR_IED_FabioLozano_Ext_6ea285,,,,,
2026-09-12T06:31:08-05:00,PUR_IED_FabioLozano_SLudi_f09e1e,PUR_IED_FabioLozano_SLudi_f09e1e,,,,,
2026-09-12T06:31:08-05:00,PUR_IED_FaustinoS_Aula07_27a731,PUR_IED_FaustinoS_Aula07_27a731,,,,,
2026-09-12T06:31:08-05:00,PUR_IED_FaustinoS_Ext_7b936f,PUR_IED_FaustinoS_Ext_7b936f,,,,,
2026-09-12T06:31:08-05:00,PUR_IED_FaustinoS_Fisica_da2c60,PUR_IED_FaustinoS_Fisica_da2c60,,,,,
2026-09-12T06:31:08-05:00,PUR_IED_FeGarciaLo_Ext_dc68ee,PUR_IED_FeGarciaLo_Ext_dc68ee,,,,,
2026-09-12T06:31:08-05:00,PUR_IED_FeGarciaLo_SDanza_f70a59,PUR_IED_FeGarciaLo_SDanza_f70a59,,,,,
2026-09-12T06:31:08-05:00,PUR_IED_FeGarciaLo_SMusic_125cdd,PUR_IED_FeGarciaLo_SMusic_125cdd,,,,,
2026-09-12T06:31:08-05:00,PUR_IED_FederalAlema_Exte_50c345,PUR_IED_FederalAlema_Exte_50c345,,,,,
2026-09-12T06:31:08-05:00,PUR_IED_FederalAlema_S31_f18371,PUR_IED_FederalAlema_S31_f18371,,,,,
2026-09-12T06:31:08-05:00,PUR_IED_FederalAlema_S901_a62cd,PUR_IED_FederalAlema_S901_a62cd,,,,,
2026-09-12T06:31:08-05:00,PUR_IED_FilarmonicaS_A5_f35eb1,PUR_IED_FilarmonicaS_A5_f35eb1,,,,,
2026-09-12T06:31:08-05:00,PUR_IED_FilarmonicaS_Ext_8a3bde,PUR_IED_FilarmonicaS_Ext_8a3bde,,,,,
2026-09-12T06:31:08-05:00,PUR_IED_FilarmonicaS_Spol_406114,PUR_IED_FilarmonicaS_Spol_406114,,,,,
2026-09-12T06:31:08-05:00,PUR_IED_FlorentinoG_A13_d1fa59,PUR_IED_FlorentinoG_A13_d1fa59,,,,,
2026-09-12T06:31:08-05:00,PUR_IED_FlorentinoG_Ext_1ce6ce,PUR_IED_FlorentinoG_Ext_1ce6ce,,,,,
2026-09-12T06:31:08-05:00,PUR_IED_FlorentinoG_Idiom_a66aac,PUR_IED_FlorentinoG_Idiom_a66aac,,,,,
2026-09-12T06:31:08-05:00,PUR_IED_FranciscoMati_Ext_e3869d,PUR_IED_FranciscoMati_Ext_e3869d,,,,,
2026-09-12T06:31:08-05:00,PUR_IED_FranciscoMati_S13_f31c67,PUR_IED_FranciscoMati_S13_f31c67,,,,,
2026-09-12T06:31:08-05:00,PUR_IED_FranciscoMati_S14_97dead,PUR_IED_FranciscoMati_S14_97dead,,,,,
2026-09-12T06:31:08-05:00,PUR_IED_FranciscoPS_Ext_7bfa9a,PUR_IED_FranciscoPS_Ext_7bfa9a,2,19,62,4.5899,-74.110397
2026-09-12T06:31:08-05:00,PUR_IED_FranciscoPS_Infor_fb8f4c,PUR_IED_FranciscoPS_Infor_fb8f4c,,,,,
2026-09-12T06:31:08-05:00,PUR_IED_FranciscoPS_Quimi_94d39c,PUR_IED_FranciscoPS_Quimi_94d39c,,,,,
2026-09-12T06:31:08-05:00,PUR_IED_FranciscoP_LabQ_d7e148,PUR_IED_FranciscoP_LabQ_d7e148,,,,,
2026-09-12T06:31:08-05:00,PUR_IED_FranciscoP_S28_cf9b30,PUR_IED_FranciscoP_S28_cf9b30,,,,,
2026-09-12T06:31:08-05:00,PUR_IED_FranciscoP_ext_e2313,PUR_IED_FranciscoP_ext_e2313,,,,,
2026-09-12T06:31:08-05:00,PUR_IED_FriederichN_Ext_8ac92a,PUR_IED_FriederichN_Ext_8ac92a,,,,,
2026-09-12T06:31:08-05:00,PUR_IED_FriederichN_S301_dd7e5a,PUR_IED_FriederichN_S301_dd7e5a,,,,,
2026-09-12T06:31:08-05:00,PUR_IED_FriederichN_S308_761f4f,PUR_IED_FriederichN_S308_761f4f,,,,,
2026-09-12T06:31:08-05:00,PUR_IED_GSantander_Aula10_533dd7,PUR_IED_GSantander_Aula10_533dd7,,,,,
2026-09-12T06:31:08-05:00,PUR_IED_GSantander_Aula12_fd4e4f,PUR_IED_GSantander_Aula12_fd4e4f,,,,,
2026-09-12T06:31:08-05:00,PUR_IED_GSantander_Aula310_533dd7,PUR_IED_GSantander_Aula310_533dd7,,,,,
2026-09-12T06:31:08-05:00,PUR_IED_GSantander_Aula312_fd4e4f,PUR_IED_GSantander_Aula312_fd4e4f,,,,,
2026-09-12T06:31:08-05:00,PUR_IED_GSantander_Ext_5f66b0,PUR_IED_GSantander_Ext_5f66b0,,,,,
2026-09-12T06:31:08-05:00,PUR_IED_GYomasa_Ext_f6bea5,PUR_IED_GYomasa_Ext_f6bea5,,,,,
2026-09-12T06:31:08-05:00,PUR_IED_GYomasa_LBiol_2c41aa,PUR_IED_GYomasa_LBiol_2c41aa,,,,,
2026-09-12T06:31:08-05:00,PUR_IED_GYomasa_LQuim_33c80,PUR_IED_GYomasa_LQuim_33c80,,,,,
2026-09-12T06:31:08-05:00,PUR_IED_GabBetMejia_Cienc_5a99c,PUR_IED_GabBetMejia_Cienc_5a99c,,,,,
2026-09-12T06:31:08-05:00,PUR_IED_GabBetMejia_Ext_9153d0,PUR_IED_GabBetMejia_Ext_9153d0,,,,,
2026-09-12T06:31:08-05:00,PUR_IED_GabBetMejia_Lab_f55347,PUR_IED_GabBetMejia_Lab_f55347,,,,,
2026-09-12T06:31:08-05:00,PUR_IED_GabBetanMejia_Ext_9153d0,PUR_IED_GabBetanMejia_Ext_9153d0,,,,,
2026-09-12T06:31:08-05:00,PUR_IED_Gaitana_Aula13_7aac11,PUR_IED_Gaitana_Aula13_7aac11,,,,,
2026-09-12T06:31:08-05:00,PUR_IED_Gaitana_Ext_5fcf4,PUR_IED_Gaitana_Ext_5fcf4,,,,,
2026-09-12T06:31:08-05:00,PUR_IED_Gaitana_LabFisica_644448,PUR_IED_Gaitana_LabFisica_644448,,,,,
2026-09-12T06:31:08-05:00,PUR_IED_GenSantander_Dise_8ac858,PUR_IED_GenSantander_Dise_8ac858,,,,,
2026-09-12T06:31:08-05:00,PUR_IED_GenSantander_Ext_8d5dfe,PUR_IED_GenSantander_Ext_8d5dfe,,,,,
2026-09-12T06:31:08-05:00,PUR_IED_GenSantander_Info_6c25b,PUR_IED_GenSantander_Info_6c25b,,,,,
2026-09-12T06:31:08-05:00,PUR_IED_GustavoMo_Exterio_75e63d,PUR_IED_GustavoMo_Exterio_75e63d,,,,,
2026-09-12T06:31:08-05:00,PUR_IED_GustavoMo_LabFisi_224d37,PUR_IED_GustavoMo_LabFisi_224d37,,,,,
2026-09-12T06:31:08-05:00,PUR_IED_GustavoMo_S208_3e6918,PUR_IED_GustavoMo_S208_3e6918,,,,,
2026-09-12T06:31:08-05:00,PUR_IED_GustavoR_A02_8cd4a8,PUR_IED_GustavoR_A02_8cd4a8,,,,,
2026-09-12T06:31:08-05:00,PUR_IED_GustavoR_B11_5b0ed,PUR_IED_GustavoR_B11_5b0ed,,,,,
2026-09-12T06:31:08-05:00,PUR_IED_GustavoR_Ext_7a0c90,PUR_IED_GustavoR_Ext_7a0c90,,,,,
2026-09-12T06:31:08-05:00,PUR_IED_HernandoDuran_Ext_8cd82b,PUR_IED_HernandoDuran_Ext_8cd82b,,,,,
2026-09-12T06:31:08-05:00,PUR_IED_HernandoDuran_S24_2772c6,PUR_IED_HernandoDuran_S24_2772c6,,,,,
2026-09-12T06:31:08-05:00,PUR_IED_HernandoDuran_S30_f2de41,PUR_IED_HernandoDuran_S30_f2de41,,,,,
2026-09-12T06:31:08-05:00,PUR_IED_HolguInUr_S1101_8cd732,PUR_IED_HolguInUr_S1101_8cd732,,,,,
2026-09-12T06:31:08-05:00,PUR_IED_HolguinUr_Exter_ddae6d,PUR_IED_HolguinUr_Exter_ddae6d,,,,,
2026-09-12T06:31:08-05:00,PUR_IED_HolguinUr_LabQuim_92b952,PUR_IED_HolguinUr_LabQuim_92b952,,,,,
2026-09-12T06:31:08-05:00,PUR_IED_Isabel-II_Ext_5245cc,PUR_IED_Isabel-II_Ext_5245cc,4,18,60,4.6336,-74.153
2026-09-12T06:31:08-05:00,PUR_IED_Isabel-II_S_idiom_1c29aa,PUR_IED_Isabel-II_S_idiom_1c29aa,,,,,
2026-09-12T06:31:08-05:00,PUR_IED_Isabel-II_S_infor_fd741,PUR_IED_Isabel-II_S_infor_fd741,,,,,
2026-09-12T06:31:08-05:00,PUR_IED_IsidroSur_Exterio_5b90ea,PUR_IED_IsidroSur_Exterio_5b90ea,,,,,
2026-09-12T06:31:08-05:00,PUR_IED_IsidroSur_LabTec_56697a,PUR_IED_IsidroSur_LabTec_56697a,,,,,
2026-09-12T06:31:08-05:00,PUR_IED_IsidroSur_Robotic_b7c38f,PUR_IED_IsidroSur_Robotic_b7c38f,,,,,
2026-09-12T06:31:08-05:00,PUR_IED_IsmaelPerd_Ext_7b6672,PUR_IED_IsmaelPerd_Ext_7b6672,,,,,
2026-09-12T06:31:08-05:00,PUR_IED_IsmaelPerd_Inform_306540,PUR_IED_IsmaelPerd_Inform_306540,,,,,
2026-09-12T06:31:08-05:00,PUR_IED_IsmaelPerd_S30_2e2c83,PUR_IED_IsmaelPerd_S30_2e2c83,,,,,
2026-09-12T06:31:08-05:00,PUR_IED_JLozano_Exter_432910,PUR_IED_JLozano_Exter_432910,,,,,
2026-09-12T06:31:08-05:00,PUR_IED_JLozano_salaMulti_df5125,PUR_IED_JLozano_salaMulti_df5125,,,,,
2026-09-12T06:31:08-05:00,PUR_IED_JMCordoba_206_86f80b,PUR_IED_JMCordoba_206_86f80b,,,,,
2026-09-12T06:31:08-05:00,PUR_IED_JMCordoba_Ext_27ad97,PUR_IED_JMCordoba_Ext_27ad97,,,,,
2026-09-12T06:31:08-05:00,PUR_IED_JMCordoba_S310_d59ab4,PUR_IED_JMCordoba_S310_d59ab4,,,,,
2026-09-12T06:31:08-05:00,PUR_IED_Japon_Ext_549100,PUR_IED_Japon_Ext_549100,,,,,
2026-09-12T06:31:08-05:00,PUR_IED_Japon_Laboratorio_bec51d,PUR_IED_Japon_Laboratorio_bec51d,,,,,
2026-09-12T06:31:08-05:00,PUR_IED_Japon_informatica_d99327,PUR_IED_Japon_informatica_d99327,,,,,
2026-09-12T06:31:08-05:00,PUR_IED_Jazmin_Ext_d27bda,PUR_IED_Jazmin_Ext_d27bda,,,,,
2026-09-12T06:31:08-05:00,PUR_IED_Jazmin_Fisica_8d14d7,PUR_IED_Jazmin_Fisica_8d14d7,,,,,
2026-09-12T06:31:08-05:00,PUR_IED_Jazmin_Quimica_801cb5,PUR_IED_Jazmin_Quimica_801cb5,,,,,
2026-09-12T06:31:08-05:00,PUR_IED_JorgeGaitan_Exter_f098d1,PUR_IED_JorgeGaitan_Exter_f098d1,,,,,
2026-09-12T06:31:08-05:00,PUR_IED_JorgeGaitan_STec1_dc9d1d,PUR_IED_JorgeGaitan_STec1_dc9d1d,,,,,
2026-09-12T06:31:08-05:00,PUR_IED_JorgeGaitan_STec2_281e69,PUR_IED_JorgeGaitan_STec2_281e69,,,,,
2026-09-12T06:31:08-05:00,PUR_IED_JorgeSoto_Exterio_d9d0a2,PUR_IED_JorgeSoto_Exterio_d9d0a2,,,,,
2026-09-12T06:31:08-05:00,PUR_IED_JorgeSoto_LabFisi_209c54,PUR_IED_JorgeSoto_LabFisi_209c54,,,,,
2026-09-12T06:31:08-05:00,PUR_IED_JorgeSoto_S103_27b51a,PUR_IED_JorgeSoto_S103_27b51a,,,,,
2026-09-12T06:31:08-05:00,PUR_IED_JoseAcevedo_A02_e965eb,PUR_IED_JoseAcevedo_A02_e965eb,,,,,
2026-09-12T06:31:08-05:00,PUR_IED_JoseAcevedo_A07_dd5b4,PUR_IED_JoseAcevedo_A07_dd5b4,,,,,
2026-09-12T06:31:08-05:00,PUR_IED_JoseAcevedo_Ext_b47484,PUR_IED_JoseAcevedo_Ext_b47484,,,,,
2026-09-12T06:31:08-05:00,PUR_IED_JoseMarti_Exte_5b9bf,PUR_IED_JoseMarti_Exte_5b9bf,,,,,
2026-09-12T06:31:08-05:00,PUR_IED_JoseMarti_LabQuim_1c6c2d,PUR_IED_JoseMarti_LabQuim_1c6c2d,,,,,
2026-09-12T06:31:08-05:00,PUR_IED_JoseMarti_S_info_f5f177,PUR_IED_JoseMarti_S_info_f5f177,,,,,
2026-09-12T06:31:08-05:00,PUR_IED_Josejoaquin_Ext_dfc5dc,PUR_IED_Josejoaquin_Ext_dfc5dc,,,,,
2026-09-12T06:31:08-05:00,PUR_IED_Josejoaquin_S05_5b2a96,PUR_IED_Josejoaquin_S05_5b2a96,,,,,
2026-09-12T06:31:08-05:00,PUR_IED_Josejoaquin_S06_1ce7d2,PUR_IED_Josejoaquin_S06_1ce7d2,,,,,
2026-09-12T06:31:08-05:00,PUR_IED_JulioFlorez_Danza_9b82dd,PUR_IED_JulioFlorez_Danza_9b82dd,,,,,
2026-09-12T06:31:08-05:00,PUR_IED_JulioFlorez_Exter_f9f314,PUR_IED_JulioFlorez_Exter_f9f314,,,,,
2026-09-12T06:31:08-05:00,PUR_IED_JulioFlorez_info2_6b6e08,PUR_IED_JulioFlorez_info2_6b6e08,,,,,
2026-09-12T06:31:08-05:00,PUR_IED_LaBelleza_Aula13_1d00d8,PUR_IED_LaBelleza_Aula13_1d00d8,,,,,
2026-09-12T06:31:08-05:00,PUR_IED_LaBelleza_Ext_7bc08c,PUR_IED_LaBelleza_Ext_7bc08c,,,,,
2026-09-12T06:31:08-05:00,PUR_IED_LaChucua_Ext_8cd6d2,PUR_IED_LaChucua_Ext_8cd6d2,,,,,
2026-09-12T06:31:08-05:00,PUR_IED_LaChucua_S15_f578ce,PUR_IED_LaChucua_S15_f578ce,,,,,
2026-09-12T06:31:08-05:00,PUR_IED_LaChucua_S16_eebcf9,PUR_IED_LaChucua_S16_eebcf9,,,,,
2026-09-12T06:31:08-05:00,PUR_IED_LaFelicidad_Ext_fb5109,PUR_IED_LaFelicidad_Ext_fb5109,,,,,
2026-09-12T06:31:08-05:00,PUR_IED_LaMerced_206_66ebd,PUR_IED_LaMerced_206_66ebd,,,,,
2026-09-12T06:31:08-05:00,PUR_IED_LaMerced_207_6ebd6,PUR_IED_LaMerced_207_6ebd6,,,,,
2026-09-12T06:31:08-05:00,PUR_IED_LaMerced_ext_304311,PUR_IED_LaMerced_ext_304311,,,,,
2026-09-12T06:31:08-05:00,PUR_IED_Laureano_CiencNat_281e5e,PUR_IED_Laureano_CiencNat_281e5e,,,,,
2026-09-12T06:31:08-05:00,PUR_IED_Laureano_Comedor_f65c0a,PUR_IED_Laureano_Comedor_f65c0a,,,,,
2026-09-12T06:31:08-05:00,PUR_IED_Laureano_Exterior_7ab011,PUR_IED_Laureano_Exterior_7ab011,,,,,
2026-09-12T06:31:08-05:00,PUR_IED_LeonGreiff_Exte_dfe560,PUR_IED_LeonGreiff_Exte_dfe560,,,,,
2026-09-12T06:31:08-05:00,PUR_IED_LeonGreiff_S210_f264ed,PUR_IED_LeonGreiff_S210_f264ed,,,,,
2026-09-12T06:31:08-05:00,PUR_IED_LeonGreiff_SQuimi_e8296f,PUR_IED_LeonGreiff_SQuimi_e8296f,,,,,
2026-09-12T06:31:08-05:00,PUR_IED_LlanoOrientalS208_7b9fcd,PUR_IED_LlanoOrientalS208_7b9fcd,,,,,
2026-09-12T06:31:08-05:00,PUR_IED_LlanoOriental_Ext_fb3766,PUR_IED_LlanoOriental_Ext_fb3766,,,,,
2026-09-12T06:31:08-05:00,PUR_IED_LlanoOriental_S208_7b9fcd,PUR_IED_LlanoOriental_S208_7b9fcd,,,,,
2026-09-12T06:31:08-05:00,PUR_IED_LlanoOriental_S9_27b378,PUR_IED_LlanoOriental_S9_27b378,,,,,
2026-09-12T06:31:08-05:00,PUR_IED_LosTejares_1101_477602,PUR_IED_LosTejares_1101_477602,,,,,
2026-09-12T06:31:08-05:00,PUR_IED_LosTejares_11_d2c595,PUR_IED_LosTejares_11_d2c595,,,,,
2026-09-12T06:31:08-05:00,PUR_IED_LosTejares_12_477602,PUR_IED_LosTejares_12_477602,,,,,
2026-09-12T06:31:08-05:00,PUR_IED_LosTejares_Ext_8e2115,PUR_IED_LosTejares_Ext_8e2115,,,,,
2026-09-12T06:31:08-05:00,PUR_IED_MagdalenaO_B202_5ddda3,PUR_IED_MagdalenaO_B202_5ddda3,,,,,
2026-09-12T06:31:08-05:00,PUR_IED_MagdalenaO_B205_fb76e8,PUR_IED_MagdalenaO_B205_fb76e8,,,,,
2026-09-12T06:31:08-05:00,PUR_IED_MagdalenaO_ext_dc69cd,PUR_IED_MagdalenaO_ext_dc69cd,,,,,
2026-09-12T06:31:08-05:00,PUR_IED_ManueCepeda_artes_eee956,PUR_IED_ManueCepeda_artes_eee956,,,,,
2026-09-12T06:31:08-05:00,PUR_IED_ManuelCepeda_Ext_58313,PUR_IED_ManuelCepeda_Ext_58313,,,,,
2026-09-12T06:31:08-05:00,PUR_IED_ManuelCepeda_tec_1c5731,PUR_IED_ManuelCepeda_tec_1c5731,,,,,
2026-09-12T06:31:08-05:00,PUR_IED_ManuelS_Exterior_5b269,PUR_IED_ManuelS_Exterior_5b269,,,,,
2026-09-12T06:31:08-05:00,PUR_IED_ManuelS_Inform_f369ce,PUR_IED_ManuelS_Inform_f369ce,,,,,
2026-09-12T06:31:08-05:00,PUR_IED_ManuelS_SArtes_7d15f1,PUR_IED_ManuelS_SArtes_7d15f1,,,,,
2026-09-12T06:31:08-05:00,PUR_IED_ManuelZapata_303_3ca6,PUR_IED_ManuelZapata_303_3ca6,,,,,
2026-09-12T06:31:08-05:00,PUR_IED_ManuelZapata_311_bfbabc,PUR_IED_ManuelZapata_311_bfbabc,,,,,
2026-09-12T06:31:08-05:00,PUR_IED_ManuelZapata_Ext_50824a,PUR_IED_ManuelZapata_Ext_50824a,,,,,
2026-09-12T06:31:08-05:00,PUR_IED_ManuelitaS_Exteri_656a92,PUR_IED_ManuelitaS_Exteri_656a92,,,,,
2026-09-12T06:31:08-05:00,PUR_IED_ManuelitaS_JuzgDe_f58ec3,PUR_IED_ManuelitaS_JuzgDe_f58ec3,,,,,
2026-09-12T06:31:08-05:00,PUR_IED_ManuelitaS_Recrea_d793db,PUR_IED_ManuelitaS_Recrea_d793db,,,,,
2026-09-12T06:31:08-05:00,PUR_IED_MarFidSuarez_Ext_c27b19,PUR_IED_MarFidSuarez_Ext_c27b19,,,,,
2026-09-12T06:31:08-05:00,PUR_IED_MarFidSuarez_Info_e384d7,PUR_IED_MarFidSuarez_Info_e384d7,,,,,
2026-09-12T06:31:08-05:00,PUR_IED_MarFidSuarez_S306_1d0032,PUR_IED_MarFidSuarez_S306_1d0032,,,,,
2026-09-12T06:31:08-05:00,PUR_IED_Menorah_301_2a25a3,PUR_IED_Menorah_301_2a25a3,,,,,
2026-09-12T06:31:08-05:00,PUR_IED_Menorah_306_37ed3,PUR_IED_Menorah_306_37ed3,,,,,
2026-09-12T06:31:08-05:00,PUR_IED_Menorah_Ext_3e155b,PUR_IED_Menorah_Ext_3e155b,,,,,
2026-09-12T06:31:08-05:00,PUR_IED_MinutoB.Aires_A11_1b1604,PUR_IED_MinutoB.Aires_A11_1b1604,,,,,
2026-09-12T06:31:08-05:00,PUR_IED_MinutoB.Aires_A12_fb5860,PUR_IED_MinutoB.Aires_A12_fb5860,,,,,
2026-09-12T06:31:08-05:00,PUR_IED_MinutoB.Aires_Ext_81293f,PUR_IED_MinutoB.Aires_Ext_81293f,,,,,
2026-09-12T06:31:08-05:00,PUR_IED_MinutoBAires_A11_1b1604,PUR_IED_MinutoBAires_A11_1b1604,,,,,
2026-09-12T06:31:08-05:00,PUR_IED_MinutoBAires_A12_fb5860,PUR_IED_MinutoBAires_A12_fb5860,,,,,
2026-09-12T06:31:08-05:00,PUR_IED_MinutoBAires_Ext_81293f,PUR_IED_MinutoBAires_Ext_81293f,,,,,
2026-09-12T06:31:08-05:00,PUR_IED_Montreal_Aula10_1e4959,PUR_IED_Montreal_Aula10_1e4959,,,,,
2026-09-12T06:31:08-05:00,PUR_IED_Montreal_Aula6_300367,PUR_IED_Montreal_Aula6_300367,,,,,
2026-09-12T06:31:08-05:00,PUR_IED_Montreal_Exterior_91a179,PUR_IED_Montreal_Exterior_91a179,,,,,
2026-09-12T06:31:08-05:00,PUR_IED_Mqgdalena_B202_5ddda3,PUR_IED_Mqgdalena_B202_5ddda3,,,,,
2026-09-12T06:31:08-05:00,PUR_IED_NACUND_Soc_dc8728,PUR_IED_NACUND_Soc_dc8728,,,,,
2026-09-12T06:31:08-05:00,PUR_IED_NACUND_ext_27ad97,PUR_IED_NACUND_ext_27ad97,,,,,
2026-09-12T06:31:08-05:00,PUR_IED_NEsperanza_Ext_d24b61,PUR_IED_NEsperanza_Ext_d24b61,,,,,
2026-09-12T06:31:08-05:00,PUR_IED_NEsperanza_SElect_7d1807,PUR_IED_NEsperanza_SElect_7d1807,,,,,
2026-09-12T06:31:08-05:00,PUR_IED_NEsperanza_SLabor_8b2d0a,PUR_IED_NEsperanza_SLabor_8b2d0a,,,,,
2026-09-12T06:31:08-05:00,PUR_IED_NacionesU_Ext_f661a9,PUR_IED_NacionesU_Ext_f661a9,,,,,
2026-09-12T06:31:08-05:00,PUR_IED_NacionesU_Quimica_66f0a,PUR_IED_NacionesU_Quimica_66f0a,,,,,
2026-09-12T06:31:08-05:00,PUR_IED_NacionesU_S306_1b4b3d,PUR_IED_NacionesU_S306_1b4b3d,,,,,
2026-09-12T06:31:08-05:00,PUR_IED_NestorFA_Ext_e4201c,PUR_IED_NestorFA_Ext_e4201c,,,,,
2026-09-12T06:31:08-05:00,PUR_IED_NestorFA_Laborato_f22fe0,PUR_IED_NestorFA_Laborato_f22fe0,,,,,
2026-09-12T06:31:08-05:00,PUR_IED_NestorFA_S204_dee996,PUR_IED_NestorFA_S204_dee996,,,,,
2026-09-12T06:31:08-05:00,PUR_IED_NidyaQT_Aula03_76999b,PUR_IED_NidyaQT_Aula03_76999b,,,,,
2026-09-12T06:31:08-05:00,PUR_IED_NidyaQT_Aula10_56325,PUR_IED_NidyaQT_Aula10_56325,,,,,
2026-09-12T06:31:08-05:00,PUR_IED_NidyaQT_Ext_46e32d,PUR_IED_NidyaQT_Ext_46e32d,,,,,
2026-09-12T06:31:08-05:00,PUR_IED_NuevaCol_Exterior_d9b859,PUR_IED_NuevaCol_Exterior_d9b859,,,,,
2026-09-12T06:31:08-05:00,PUR_IED_NuevaCol_S1101_76c43b,PUR_IED_NuevaCol_S1101_76c43b,,,,,
2026-09-12T06:31:08-05:00,PUR_IED_NuevaCol_S1102_1ce0b5,PUR_IED_NuevaCol_S1102_1ce0b5,,,,,
2026-09-12T06:31:08-05:00,PUR_IED_OEA_A202_f7e3f2,PUR_IED_OEA_A202_f7e3f2,,,,,
2026-09-12T06:31:08-05:00,PUR_IED_OEA_A203_7d1b8d,PUR_IED_OEA_A203_7d1b8d,,,,,
2026-09-12T06:31:08-05:00,PUR_IED_OEA_Ext_27b593,PUR_IED_OEA_Ext_27b593,,,,,
2026-09-12T06:31:08-05:00,PUR_IED_Ochoa_Ext_1c29da,PUR_IED_Ochoa_Ext_1c29da,8,14,99,4.503,-74.107201
2026-09-12T06:31:08-05:00,PUR_IED_Ochoa_S205_8b1121,PUR_IED_Ochoa_S205_8b1121,,,,,
2026-09-12T06:31:08-05:00,PUR_IED_Ochoa_Sistemas_f33af6,PUR_IED_Ochoa_Sistemas_f33af6,,,,,
2026-09-12T06:31:08-05:00,PUR_IED_PQuebec_Ext_1c67c7,PUR_IED_PQuebec_Ext_1c67c7,,,,,
2026-09-12T06:31:08-05:00,PUR_IED_PQuebec_S15_23e8e2,PUR_IED_PQuebec_S15_23e8e2,,,,,
2026-09-12T06:31:08-05:00,PUR_IED_PQuebec_S16_8ec76b,PUR_IED_PQuebec_S16_8ec76b,,,,,
2026-09-12T06:31:08-05:00,PUR_IED_PabloN_Ext_49dc96,PUR_IED_PabloN_Ext_49dc96,,,,,
2026-09-12T06:31:08-05:00,PUR_IED_PabloN_S1102_4e3df5,PUR_IED_PabloN_S1102_4e3df5,,,,,
2026-09-12T06:31:08-05:00,PUR_IED_PabloN_S1103_50c94b,PUR_IED_PabloN_S1103_50c94b,,,,,
2026-09-12T06:31:08-05:00,PUR_IED_Palestina_S1101_db9198,PUR_IED_Palestina_S1101_db9198,,,,,
2026-09-12T06:31:08-05:00,PUR_IED_Palestina_S1102_dc54fa,PUR_IED_Palestina_S1102_dc54fa,,,,,
2026-09-12T06:31:08-05:00,PUR_IED_Palestina_ext_4ccce6,PUR_IED_Palestina_ext_4ccce6,,,,,
2026-09-12T06:31:08-05:00,PUR_IED_Panama_Fisica_4d0794,PUR_IED_Panama_Fisica_4d0794,,,,,
2026-09-12T06:31:08-05:00,PUR_IED_Panama_SIngles_a4077e,PUR_IED_Panama_SIngles_a4077e,,,,,
2026-09-12T06:31:08-05:00,PUR_IED_Panama_ext_4c54b4,PUR_IED_Panama_ext_4c54b4,,,,,
2026-09-12T06:31:08-05:00,PUR_IED_ParaisoM_Exterior_8cd7f0,PUR_IED_ParaisoM_Exterior_8cd7f0,,,,,
2026-09-12T06:31:08-05:00,PUR_IED_ParaisoM_Laborato_27af35,PUR_IED_ParaisoM_Laborato_27af35,,,,,
2026-09-12T06:31:08-05:00,PUR_IED_ParaisoM_S304_d1edca,PUR_IED_ParaisoM_S304_d1edca,,,,,
2026-09-12T06:31:08-05:00,PUR_IED_PorfirioBarba_Ext_301466,PUR_IED_PorfirioBarba_Ext_301466,,,,,
2026-09-12T06:31:08-05:00,PUR_IED_PorfirioBarba_S11_df6cd2,PUR_IED_PorfirioBarba_S11_df6cd2,,,,,
2026-09-12T06:31:08-05:00,PUR_IED_PorfirioBarba_S29_27a7d6,PUR_IED_PorfirioBarba_S29_27a7d6,,,,,
2026-09-12T06:31:08-05:00,PUR_IED_PradoV_Exter_8b27ad,PUR_IED_PradoV_Exter_8b27ad,,,,,
2026-09-12T06:31:08-05:00,PUR_IED_PradoV_S301_de65b5,PUR_IED_PradoV_S301_de65b5,,,,,
2026-09-12T06:31:08-05:00,PUR_IED_PradoV_S302_7d2593,PUR_IED_PradoV_S302_7d2593,,,,,
2026-09-12T06:31:08-05:00,PUR_IED_QuirogaAlz_Ext_1ddc82,PUR_IED_QuirogaAlz_Ext_1ddc82,,,,,
2026-09-12T06:31:08-05:00,PUR_IED_QuirogaAlz_S302_9926a3,PUR_IED_QuirogaAlz_S302_9926a3,,,,,
2026-09-12T06:31:08-05:00,PUR_IED_QuirogaAlz_S305_cdf1f1,PUR_IED_QuirogaAlz_S305_cdf1f1,,,,,
2026-09-12T06:31:08-05:00,PUR_IED_RGuatemala_Biling_dc53b7,PUR_IED_RGuatemala_Biling_dc53b7,,,,,
2026-09-12T06:31:08-05:00,PUR_IED_RGuatemala_Ext_1b89a3,PUR_IED_RGuatemala_Ext_1b89a3,,,,,
2026-09-12T06:31:08-05:00,PUR_IED_RGuatemala_Tecnol_281a34,PUR_IED_RGuatemala_Tecnol_281a34,,,,,
2026-09-12T06:31:08-05:00,PUR_IED_RafaNu_Ext_f7c302,PUR_IED_RafaNu_Ext_f7c302,,,,,
2026-09-12T06:31:08-05:00,PUR_IED_RafaNu_S1101_25fde,PUR_IED_RafaNu_S1101_25fde,,,,,
2026-09-12T06:31:08-05:00,PUR_IED_RafaNu_S1102_281517,PUR_IED_RafaNu_S1102_281517,,,,,
2026-09-12T06:31:08-05:00,PUR_IED_RafaelB_S305_ee2783,PUR_IED_RafaelB_S305_ee2783,,,,,
2026-09-12T06:31:08-05:00,PUR_IED_RafaelB_S306_75fe33,PUR_IED_RafaelB_S306_75fe33,,,,,
2026-09-12T06:31:08-05:00,PUR_IED_RafaelB_ext_283336,PUR_IED_RafaelB_ext_283336,2,18,59,4.6722,-74.0737
2026-09-12T06:31:08-05:00,PUR_IED_RafaelUU_Exterior_281a51,PUR_IED_RafaelUU_Exterior_281a51,,,,,
2026-09-12T06:31:08-05:00,PUR_IED_RafaelUU_Human_806b2,PUR_IED_RafaelUU_Human_806b2,,,,,
2026-09-12T06:31:08-05:00,PUR_IED_RafaelUU_Mate2_5680d4,PUR_IED_RafaelUU_Mate2_5680d4,,,,,
2026-09-12T06:31:08-05:00,PUR_IED_RamonSub_Ext_f9eeb9,PUR_IED_RamonSub_Ext_f9eeb9,,,,,
2026-09-12T06:31:08-05:00,PUR_IED_RamonSub_Media_d1f62f,PUR_IED_RamonSub_Media_d1f62f,,,,,
2026-09-12T06:31:08-05:00,PUR_IED_RamonSub_planta_51b82,PUR_IED_RamonSub_planta_51b82,,,,,
2026-09-12T06:31:08-05:00,PUR_IED_RepBoliVene_Exter_27af7c,PUR_IED_RepBoliVene_Exter_27af7c,,,,,
2026-09-12T06:31:08-05:00,PUR_IED_RepBoliVene_SCPT_5ae2ee,PUR_IED_RepBoliVene_SCPT_5ae2ee,,,,,
2026-09-12T06:31:08-05:00,PUR_IED_RepBoliVene_Socia_4b11d5,PUR_IED_RepBoliVene_Socia_4b11d5,,,,,
2026-09-12T06:31:08-05:00,PUR_IED_RepChina_Ext_76d9ee,PUR_IED_RepChina_Ext_76d9ee,,,,,
2026-09-12T06:31:08-05:00,PUR_IED_RepChina_S404_7c804c,PUR_IED_RepChina_S404_7c804c,,,,,
2026-09-12T06:31:08-05:00,PUR_IED_RepChina_S405_df2c33,PUR_IED_RepChina_S405_df2c33,,,,,
2026-09-12T06:31:08-05:00,PUR_IED_RepublicaC_Exteri_7d1ec9,PUR_IED_RepublicaC_Exteri_7d1ec9,,,,,
2026-09-12T06:31:08-05:00,PUR_IED_RepublicaC_S1101_f544b3,PUR_IED_RepublicaC_S1101_f544b3,,,,,
2026-09-12T06:31:08-05:00,PUR_IED_RepublicaC_S1102_7aafc7,PUR_IED_RepublicaC_S1102_7aafc7,,,,,
2026-09-12T06:31:08-05:00,PUR_IED_Ricaurte_Externo_a0ea1,PUR_IED_Ricaurte_Externo_a0ea1,,,,,
2026-09-12T06:31:08-05:00,PUR_IED_Ricaurte_S210_f546fd,PUR_IED_Ricaurte_S210_f546fd,,,,,
2026-09-12T06:31:08-05:00,PUR_IED_Ricaurte_S309_d4452,PUR_IED_Ricaurte_S309_d4452,,,,,
2026-09-12T06:31:08-05:00,PUR_IED_RogelioS_1102_531e69,PUR_IED_RogelioS_1102_531e69,,,,,
2026-09-12T06:31:08-05:00,PUR_IED_RogelioS_Ext_f25a18,PUR_IED_RogelioS_Ext_f25a18,,,,,
2026-09-12T06:31:08-05:00,PUR_IED_SBernardino_Ext_27aff8,PUR_IED_SBernardino_Ext_27aff8,,,,,
2026-09-12T06:31:08-05:00,PUR_IED_SBernardino_SArte_2ffd33,PUR_IED_SBernardino_SArte_2ffd33,,,,,
2026-09-12T06:31:08-05:00,PUR_IED_SBernardino_SIngl_7c7da5,PUR_IED_SBernardino_SIngl_7c7da5,,,,,
2026-09-12T06:31:08-05:00,PUR_IED_Sago_auditorio_dc9d1d,PUR_IED_Sago_auditorio_dc9d1d,,,,,
2026-09-12T06:31:08-05:00,PUR_IED_Saludcoop_Ext_95aac3,PUR_IED_Saludcoop_Ext_95aac3,,,,,
2026-09-12T06:31:08-05:00,PUR_IED_Saludcoop_InfI_90c854,PUR_IED_Saludcoop_InfI_90c854,,,,,
2026-09-12T06:31:08-05:00,PUR_IED_Saludcoop_SMedia_1b93be,PUR_IED_Saludcoop_SMedia_1b93be,,,,,
2026-09-12T06:31:08-05:00,PUR_IED_SanCarlos_1101_1a2360,PUR_IED_SanCarlos_1101_1a2360,,,,,
2026-09-12T06:31:08-05:00,PUR_IED_SanCarlos_1103_7bafb5,PUR_IED_SanCarlos_1103_7bafb5,,,,,
2026-09-12T06:31:08-05:00,PUR_IED_SanCarlos_Ext_b7cd1,PUR_IED_SanCarlos_Ext_b7cd1,,,,,
2026-09-12T06:31:08-05:00,PUR_IED_SanIgnacioBosa11a_50c26e,PUR_IED_SanIgnacioBosa11a_50c26e,,,,,
2026-09-12T06:31:08-05:00,PUR_IED_SanIgnacioBosa11b_371de8,PUR_IED_SanIgnacioBosa11b_371de8,,,,,
2026-09-12T06:31:08-05:00,PUR_IED_SanIgnacioBosaExt_ef0ffc,PUR_IED_SanIgnacioBosaExt_ef0ffc,,,,,
2026-09-12T06:31:08-05:00,PUR_IED_SanIgnacioBosa_11a_50c26e,PUR_IED_SanIgnacioBosa_11a_50c26e,,,,,
2026-09-12T06:31:08-05:00,PUR_IED_SanIgnacioBosa_Ext_ef0ffc,PUR_IED_SanIgnacioBosa_Ext_ef0ffc,,,,,
2026-09-12T06:31:08-05:00,PUR_IED_SanJoseN_intS1101_31c47f,PUR_IED_SanJoseN_intS1101_31c47f,,,,,
2026-09-12T06:31:08-05:00,PUR_IED_SanJoseUsm_Exter_f5d7e8,PUR_IED_SanJoseUsm_Exter_f5d7e8,,,,,
2026-09-12T06:31:08-05:00,PUR_IED_SanJoseUsm_Int11A_cfdef6,PUR_IED_SanJoseUsm_Int11A_cfdef6,,,,,
2026-09-12T06:31:08-05:00,PUR_IED_SilveriaR_IntB5_905349,PUR_IED_SilveriaR_IntB5_905349,,,,,
2026-09-12T06:31:08-05:00,PUR_IED_SilveriaR_IntSD14_981f93,PUR_IED_SilveriaR_IntSD14_981f93,,,,,
2026-09-12T06:31:08-05:00,PUR_IED_SilveriaR_ext_2b651d,PUR_IED_SilveriaR_ext_2b651d,,,,,
2026-09-12T06:31:08-05:00,PUR_IED_SimonB_Exterior_913975,PUR_IED_SimonB_Exterior_913975,,,,,
2026-09-12T06:31:08-05:00,PUR_IED_SimonB_LabQuimi_c56908,PUR_IED_SimonB_LabQuimi_c56908,,,,,
2026-09-12T06:31:08-05:00,PUR_IED_SimonB_informatic_a28c1,PUR_IED_SimonB_informatic_a28c1,,,,,
2026-09-12T06:31:08-05:00,PUR_IED_Sorrento_1102_315f50,PUR_IED_Sorrento_1102_315f50,,,,,
2026-09-12T06:31:08-05:00,PUR_IED_Sorrento_Minte_214eab,PUR_IED_Sorrento_Minte_214eab,,,,,
2026-09-12T06:31:08-05:00,PUR_IED_Sorrento_ext_7c3a0a,PUR_IED_Sorrento_ext_7c3a0a,,,,,
2026-09-12T06:31:08-05:00,PUR_IED_Tabora_Ext_f048ae,PUR_IED_Tabora_Ext_f048ae,,,,,
2026-09-12T06:31:08-05:00,PUR_IED_Tabora_S1102_b07752,PUR_IED_Tabora_S1102_b07752,,,,,
2026-09-12T06:31:08-05:00,PUR_IED_Tabora_S1103_d988f5,PUR_IED_Tabora_S1103_d988f5,,,,,
2026-09-12T06:31:08-05:00,PUR_IED_Tenerife_Ext_1ab188,PUR_IED_Tenerife_Ext_1ab188,,,,,
2026-09-12T06:31:08-05:00,PUR_IED_Tenerife_SDanzas_7bc02e,PUR_IED_Tenerife_SDanzas_7bc02e,,,,,
2026-09-12T06:31:08-05:00,PUR_IED_Tenerife_SIngles_7cc277,PUR_IED_Tenerife_SIngles_7cc277,,,,,
2026-09-12T06:31:08-05:00,PUR_IED_Tibabuyes_Exter_f2683d,PUR_IED_Tibabuyes_Exter_f2683d,,,,,
2026-09-12T06:31:08-05:00,PUR_IED_Tibabuyes_S10_dc87a8,PUR_IED_Tibabuyes_S10_dc87a8,,,,,
2026-09-12T06:31:08-05:00,PUR_IED_Tibabuyes_S15_dc0526,PUR_IED_Tibabuyes_S15_dc0526,,,,,
2026-09-12T06:31:08-05:00,PUR_IED_UnionE_S301_a1043,PUR_IED_UnionE_S301_a1043,,,,,
2026-09-12T06:31:08-05:00,PUR_IED_UnionE_S307_ff6c2f,PUR_IED_UnionE_S307_ff6c2f,,,,,
2026-09-12T06:31:08-05:00,PUR_IED_UnionE__Ext_5e2468,PUR_IED_UnionE__Ext_5e2468,,,,,
2026-09-12T06:31:08-05:00,PUR_IED_VillaRica_Ext_75be7c,PUR_IED_VillaRica_Ext_75be7c,,,,,
2026-09-12T06:31:08-05:00,PUR_IED_VillaRica_S4_cc5dcd,PUR_IED_VillaRica_S4_cc5dcd,,,,,
2026-09-12T06:31:08-05:00,PUR_IED_VillaRica_Sesp_99f5c,PUR_IED_VillaRica_Sesp_99f5c,,,,,
2026-09-12T06:36:07-05:00,PUR_IED_20deJulio_1101_91b1b9,PUR_IED_20deJulio_1101_91b1b9,,,,,
2026-09-12T06:36:07-05:00,PUR_IED_20deJulio_1102_1cfcf9,PUR_IED_20deJulio_1102_1cfcf9,,,,,
2026-09-12T06:36:07-05:00,PUR_IED_20deJulio_Ext_ab60bd,PUR_IED_20deJulio_Ext_ab60bd,,,,,
2026-09-12T06:36:07-05:00,PUR_IED_AgustinFer_Ext_7b9b77,PUR_IED_AgustinFer_Ext_7b9b77,,,,,
2026-09-12T06:36:07-05:00,PUR_IED_AgustinFer_Info2_27b3a7,PUR_IED_AgustinFer_Info2_27b3a7,,,,,
2026-09-12T06:36:07-05:00,PUR_IED_AgustinFer_Sena_54b4eb,PUR_IED_AgustinFer_Sena_54b4eb,,,,,
2026-09-12T06:36:07-05:00,PUR_IED_AlexanderF_1102_caf07b,PUR_IED_AlexanderF_1102_caf07b,,,,,
2026-09-12T06:36:07-05:00,PUR_IED_AlexanderF_1103_c79e71,PUR_IED_AlexanderF_1103_c79e71,,,,,
2026-09-12T06:36:07-05:00,PUR_IED_AlexanderF_Ext_c5b18b,PUR_IED_AlexanderF_Ext_c5b18b,,,,,
2026-09-12T06:36:07-05:00,PUR_IED_AlfonsoLopez_Ext_281d77,PUR_IED_AlfonsoLopez_Ext_281d77,,,,,
2026-09-12T06:36:07-05:00,PUR_IED_AlfonsoLopez_LabF_888ce0,PUR_IED_AlfonsoLopez_LabF_888ce0,,,,,
2026-09-12T06:36:07-05:00,PUR_IED_AlfonsoLopez_SMed_df6a7f,PUR_IED_AlfonsoLopez_SMed_df6a7f,,,,,
2026-09-12T06:36:07-05:00,PUR_IED_AltamiraSO_A2_209f92,PUR_IED_AltamiraSO_A2_209f92,,,,,
2026-09-12T06:36:07-05:00,PUR_IED_AltamiraSO_Ext_186d66,PUR_IED_AltamiraSO_Ext_186d66,,,,,
2026-09-12T06:36:07-05:00,PUR_IED_AltamiraSO_Sistem_27afe1,PUR_IED_AltamiraSO_Sistem_27afe1,,,,,
2026-09-12T06:36:07-05:00,PUR_IED_AlvaroGom_LabQuim_813179,PUR_IED_AlvaroGom_LabQuim_813179,,,,,
2026-09-12T06:36:07-05:00,PUR_IED_AlvaroGomez_Ext_47c7ca,PUR_IED_AlvaroGomez_Ext_47c7ca,,,,,
2026-09-12T06:36:07-05:00,PUR_IED_AlvaroGomez_LabQuim_813179,PUR_IED_AlvaroGomez_LabQuim_813179,,,,,
2026-09-12T06:36:07-05:00,PUR_IED_AlvaroGomez_S23_7ba89f,PUR_IED_AlvaroGomez_S23_7ba89f,,,,,
2026-09-12T06:36:07-05:00,PUR_IED_Amistad_306_dc8728,PUR_IED_Amistad_306_dc8728,,,,,
2026-09-12T06:36:07-05:00,PUR_IED_Amistad_Ext_8cd55e,PUR_IED_Amistad_Ext_8cd55e,,,,,
2026-09-12T06:36:07-05:00,PUR_IED_Amistad_S202_a41169,PUR_IED_Amistad_S202_a41169,,,,,
2026-09-12T06:36:07-05:00,PUR_IED_AndresBello_Bio_fd5f5e,PUR_IED_AndresBello_Bio_fd5f5e,,,,,
2026-09-12T06:36:07-05:00,PUR_IED_AndresBello_ext_dcad65,PUR_IED_AndresBello_ext_dcad65,,,,,
2026-09-12T06:36:07-05:00,PUR_IED_AndresBello_port_eed3ec,PUR_IED_AndresBello_port_eed3ec,,,,,
2026-09-12T06:36:07-05:00,PUR_IED_AngelaR_11b_d90a6b,PUR_IED_AngelaR_11b_d90a6b,,,,,
2026-09-12T06:36:07-05:00,PUR_IED_AngelaR_ext_7cad3e,PUR_IED_AngelaR_ext_7cad3e,5,17,68,4.5825,-74.164497
2026-09-12T06:36:07-05:00,PUR_IED_AntJoseSucre_10mo_df2575,PUR_IED_AntJoseSucre_10mo_df2575,,,,,
2026-09-12T06:36:07-05:00,PUR_IED_AntJoseSucre_Ext_215b36,PUR_IED_AntJoseSucre_Ext_215b36,,,,,
2026-09-12T06:36:07-05:00,PUR_IED_AntJoseSucre_Lab_3139de,PUR_IED_AntJoseSucre_Lab_3139de,,,,,
2026-09-12T06:36:07-05:00,PUR_IED_AntonioGarcia_301_d6b188,PUR_IED_AntonioGarcia_301_d6b188,,,,,
2026-09-12T06:36:07-05:00,PUR_IED_AntonioGarcia_302_88a82,PUR_IED_AntonioGarcia_302_88a82,,,,,
2026-09-12T06:36:07-05:00,PUR_IED_AntonioGarcia_Ext_20950c,PUR_IED_AntonioGarcia_Ext_20950c,,,,,
2026-09-12T06:36:07-05:00,PUR_IED_AntonioVan_Aula2_6dea02,PUR_IED_AntonioVan_Aula2_6dea02,,,,,
2026-09-12T06:36:07-05:00,PUR_IED_AntonioVan_Aula5_f1557e,PUR_IED_AntonioVan_Aula5_f1557e,,,,,
2026-09-12T06:36:07-05:00,PUR_IED_AntonioVan_Ext_406f2f,PUR_IED_AntonioVan_Ext_406f2f,,,,,
2026-09-12T06:36:07-05:00,PUR_IED_Atabanzha_Ext_cc5af9,PUR_IED_Atabanzha_Ext_cc5af9,,,,,
2026-09-12T06:36:07-05:00,PUR_IED_Atabanzha_SA101_56c37,PUR_IED_Atabanzha_SA101_56c37,,,,,
2026-09-12T06:36:07-05:00,PUR_IED_Atabanzha_SB302_27b374,PUR_IED_Atabanzha_SB302_27b374,,,,,
2026-09-12T06:36:07-05:00,PUR_IED_Atahualpa_Ext_fc1748,PUR_IED_Atahualpa_Ext_fc1748,,,,,
2026-09-12T06:36:07-05:00,PUR_IED_Atahualpa_Informa_dc9a95,PUR_IED_Atahualpa_Informa_dc9a95,,,,,
2026-09-12T06:36:07-05:00,PUR_IED_Atahualpa_S1101_f98056,PUR_IED_Atahualpa_S1101_f98056,,,,,
2026-09-12T06:36:07-05:00,PUR_IED_Bellavista_Ext_f5aa74,PUR_IED_Bellavista_Ext_f5aa74,,,,,
2026-09-12T06:36:07-05:00,PUR_IED_Bilbao_11A_916c41,PUR_IED_Bilbao_11A_916c41,,,,,
2026-09-12T06:36:07-05:00,PUR_IED_Bilbao_Ext_fb579a,PUR_IED_Bilbao_Ext_fb579a,,,,,
2026-09-12T06:36:07-05:00,PUR_IED_BrasiliaU_A125_304280,PUR_IED_BrasiliaU_A125_304280,,,,,
2026-09-12T06:36:07-05:00,PUR_IED_BrasiliaU_A203_7c8ca5,PUR_IED_BrasiliaU_A203_7c8ca5,,,,,
2026-09-12T06:36:07-05:00,PUR_IED_BrasiliaU_Ext_8d6e9f,PUR_IED_BrasiliaU_Ext_8d6e9f,6,16,68,4.5175,-74.116302
2026-09-12T06:36:07-05:00,PUR_IED_Brasilia_Ext_fe6593,PUR_IED_Brasilia_Ext_fe6593,,,,,
2026-09-12T06:36:07-05:00,PUR_IED_Brasilia_S24_7c130d,PUR_IED_Brasilia_S24_7c130d,,,,,
2026-09-12T06:36:07-05:00,PUR_IED_Brasilia_S501_186a54,PUR_IED_Brasilia_S501_186a54,,,,,
2026-09-12T06:36:07-05:00,PUR_IED_CHARRY_EXT_f1d5cd,PUR_IED_CHARRY_EXT_f1d5cd,,,,,
2026-09-12T06:36:07-05:00,PUR_IED_CHARRY_INTDANZAS_7a08e6,PUR_IED_CHARRY_INTDANZAS_7a08e6,,,,,
2026-09-12T06:36:07-05:00,PUR_IED_CHARRY_INT_AULA20_dc998d,PUR_IED_CHARRY_INT_AULA20_dc998d,,,,,
2026-09-12T06:36:07-05:00,PUR_IED_COLVIV_1101_S25_7f520a,PUR_IED_COLVIV_1101_S25_7f520a,,,,,
2026-09-12T06:36:07-05:00,PUR_IED_COLVIV_1102_S16_f570ba,PUR_IED_COLVIV_1102_S16_f570ba,,,,,
2026-09-12T06:36:07-05:00,PUR_IED_COLVIV_Ext_1a26fa,PUR_IED_COLVIV_Ext_1a26fa,,,,,
2026-09-12T06:36:07-05:00,PUR_IED_CULPOP_301A_f660f3,PUR_IED_CULPOP_301A_f660f3,,,,,
2026-09-12T06:36:07-05:00,PUR_IED_CULPOP_303_568afe,PUR_IED_CULPOP_303_568afe,,,,,
2026-09-12T06:36:07-05:00,PUR_IED_CULPOP_Ext_e02ccb,PUR_IED_CULPOP_Ext_e02ccb,,,,,
2026-09-12T06:36:07-05:00,PUR_IED_CVillavicen_Ext_26eb58,PUR_IED_CVillavicen_Ext_26eb58,4,14,82,4.487,-74.102798
2026-09-12T06:36:07-05:00,PUR_IED_CVillavicen_Intel_1ce5c2,PUR_IED_CVillavicen_Intel_1ce5c2,,,,,
2026-09-12T06:36:07-05:00,PUR_IED_CVillavicen_Poliv_e0766c,PUR_IED_CVillavicen_Poliv_e0766c,,,,,
2026-09-12T06:36:07-05:00,PUR_IED_CVillavicen_int_1ba140,PUR_IED_CVillavicen_int_1ba140,,,,,
2026-09-12T06:36:07-05:00,PUR_IED_CVillavicen_intel_1ba140,PUR_IED_CVillavicen_intel_1ba140,,,,,
2026-09-12T06:36:07-05:00,PUR_IED_CarlosPizarro_Ext_e307cc,PUR_IED_CarlosPizarro_Ext_e307cc,,,,,
2026-09-12T06:36:07-05:00,PUR_IED_CarlosPizarro_L36_7e5cdb,PUR_IED_CarlosPizarro_L36_7e5cdb,,,,,
2026-09-12T06:36:07-05:00,PUR_IED_CarlosPizarro_L37_c8566c,PUR_IED_CarlosPizarro_L37_c8566c,,,,,
2026-09-12T06:36:07-05:00,PUR_IED_Castilla_Ext_cf35f,PUR_IED_Castilla_Ext_cf35f,,,,,
2026-09-12T06:36:07-05:00,PUR_IED_Castilla_SFisik_360e38,PUR_IED_Castilla_SFisik_360e38,,,,,
2026-09-12T06:36:07-05:00,PUR_IED_Castilla_Sc304_496fbf,PUR_IED_Castilla_Sc304_496fbf,,,,,
2026-09-12T06:36:07-05:00,PUR_IED_CervantesSa_Ext_6b57b,PUR_IED_CervantesSa_Ext_6b57b,4,16,74,4.5128,-74.117203
2026-09-12T06:36:07-05:00,PUR_IED_CervantesSa_S107_225c2b,PUR_IED_CervantesSa_S107_225c2b,,,,,
2026-09-12T06:36:07-05:00,PUR_IED_CervantesSa_S108_940925,PUR_IED_CervantesSa_S108_940925,,,,,
2026-09-12T06:36:07-05:00,PUR_IED_Charry_A20_f53e7c,PUR_IED_Charry_A20_f53e7c,,,,,
2026-09-12T06:36:07-05:00,PUR_IED_Charry_Ext_f1d5cd,PUR_IED_Charry_Ext_f1d5cd,,,,,
2026-09-12T06:36:07-05:00,PUR_IED_Charry_IntAula20_dc998d,PUR_IED_Charry_IntAula20_dc998d,,,,,
2026-09-12T06:36:07-05:00,PUR_IED_Charry_IntDanzas_7a08e6,PUR_IED_Charry_IntDanzas_7a08e6,,,,,
2026-09-12T06:36:07-05:00,PUR_IED_ClememciaC_203_43e2fc,PUR_IED_ClememciaC_203_43e2fc,,,,,
2026-09-12T06:36:07-05:00,PUR_IED_ClememciaC_Ext_1b411a,PUR_IED_ClememciaC_Ext_1b411a,,,,,
2026-09-12T06:36:07-05:00,PUR_IED_ClememciaC_Quimic_44b5fc,PUR_IED_ClememciaC_Quimic_44b5fc,,,,,
2026-09-12T06:36:07-05:00,PUR_IED_ClemenciaC_203_43e2fc,PUR_IED_ClemenciaC_203_43e2fc,,,,,
2026-09-12T06:36:07-05:00,PUR_IED_ClemenciaC_Ext_1b411a,PUR_IED_ClemenciaC_Ext_1b411a,,,,,
2026-09-12T06:36:07-05:00,PUR_IED_ClemenciaC_Quimic_44b5fc,PUR_IED_ClemenciaC_Quimic_44b5fc,,,,,
2026-09-12T06:36:07-05:00,PUR_IED_ColViva_1101_S25_7f520a,PUR_IED_ColViva_1101_S25_7f520a,,,,,
2026-09-12T06:36:07-05:00,PUR_IED_ColViva_1102_S16_f570ba,PUR_IED_ColViva_1102_S16_f570ba,,,,,
2026-09-12T06:36:07-05:00,PUR_IED_ColViva_Ext_1a26fa,PUR_IED_ColViva_Ext_1a26fa,,,,,
2026-09-12T06:36:07-05:00,PUR_IED_ColegioBici_Asist_7c8798,PUR_IED_ColegioBici_Asist_7c8798,,,,,
2026-09-12T06:36:07-05:00,PUR_IED_ColegioBici_Ext_25cbf6,PUR_IED_ColegioBici_Ext_25cbf6,,,,,
2026-09-12T06:36:07-05:00,PUR_IED_ColegioBici_LabQ_7b57db,PUR_IED_ColegioBici_LabQ_7b57db,,,,,
2026-09-12T06:36:07-05:00,PUR_IED_CostaRica_Ext_5e640,PUR_IED_CostaRica_Ext_5e640,,,,,
2026-09-12T06:36:07-05:00,PUR_IED_CostaRica_Quim1_766d1c,PUR_IED_CostaRica_Quim1_766d1c,,,,,
2026-09-12T06:36:07-05:00,PUR_IED_CostaRica__Fisica_6f0873,PUR_IED_CostaRica__Fisica_6f0873,,,,,
2026-09-12T06:36:07-05:00,PUR_IED_CulPopu_301A_f660f3,PUR_IED_CulPopu_301A_f660f3,,,,,
2026-09-12T06:36:07-05:00,PUR_IED_CulPopu_303_568afe,PUR_IED_CulPopu_303_568afe,,,,,
2026-09-12T06:36:07-05:00,PUR_IED_CulPopu_Ext_e02ccb,PUR_IED_CulPopu_Ext_e02ccb,,,,,
2026-09-12T06:36:07-05:00,PUR_IED_Cundinamarca_Ext_f15985,PUR_IED_Cundinamarca_Ext_f15985,,,,,
2026-09-12T06:36:07-05:00,PUR_IED_Cundinamarca_Info_7aa5d7,PUR_IED_Cundinamarca_Info_7aa5d7,,,,,
2026-09-12T06:36:07-05:00,PUR_IED_Cundinamarca_Tec2_f449c7,PUR_IED_Cundinamarca_Tec2_f449c7,,,,,
2026-09-12T06:36:07-05:00,PUR_IED_DiegoM_Aula1_27b314,PUR_IED_DiegoM_Aula1_27b314,,,,,
2026-09-12T06:36:07-05:00,PUR_IED_DiegoM_Ext_d80ac8,PUR_IED_DiegoM_Ext_d80ac8,,,,,
2026-09-12T06:36:07-05:00,PUR_IED_DiegoM_S25_da928f,PUR_IED_DiegoM_S25_da928f,,,,,
2026-09-12T06:36:07-05:00,PUR_IED_ELRODEO_360881,PUR_IED_ELRODEO_360881,,,,,
2026-09-12T06:36:07-05:00,PUR_IED_ELRODEO_ext_360881,PUR_IED_ELRODEO_ext_360881,,,,,
2026-09-12T06:36:07-05:00,PUR_IED_EduardoU_Ext_1c1969,PUR_IED_EduardoU_Ext_1c1969,,,,,
2026-09-12T06:36:07-05:00,PUR_IED_EduardoU_SCiencia_4dfb94,PUR_IED_EduardoU_SCiencia_4dfb94,,,,,
2026-09-12T06:36:07-05:00,PUR_IED_EduardoU_SQuimica_5a46e7,PUR_IED_EduardoU_SQuimica_5a46e7,,,,,
2026-09-12T06:36:07-05:00,PUR_IED_ElRodeo_Aula14_676984,PUR_IED_ElRodeo_Aula14_676984,,,,,
2026-09-12T06:36:07-05:00,PUR_IED_ElRodeo_Aula16_2dd35b,PUR_IED_ElRodeo_Aula16_2dd35b,,,,,
2026-09-12T06:36:07-05:00,PUR_IED_ElRodeo_Ext_360881,PUR_IED_ElRodeo_Ext_360881,,,,,
2026-09-12T06:36:07-05:00,PUR_IED_ElRodeo_Exterior_8c6d28,PUR_IED_ElRodeo_Exterior_8c6d28,,,,,
2026-09-12T06:36:07-05:00,PUR_IED_ElRodeo_ext_360881,PUR_IED_ElRodeo_ext_360881,,,,,
2026-09-12T06:36:07-05:00,PUR_IED_EmmaReyes_Ext_987625,PUR_IED_EmmaReyes_Ext_987625,8,21,53,4.6367,-74.1511
2026-09-12T06:36:07-05:00,PUR_IED_Ensueño_Ext_7f0250,PUR_IED_Ensueño_Ext_7f0250,,,,,
2026-09-12T06:36:07-05:00,PUR_IED_EscNormal_Ext_5fef3b,PUR_IED_EscNormal_Ext_5fef3b,2,18,61,4.5852,-74.096901
2026-09-12T06:36:07-05:00,PUR_IED_EscNormal_S309_5b263,PUR_IED_EscNormal_S309_5b263,,,,,
2026-09-12T06:36:07-05:00,PUR_IED_EscNormal_S310_27b3b8,PUR_IED_EscNormal_S310_27b3b8,,,,,
2026-09-12T06:36:07-05:00,PUR_IED_Evangelista_Conta_f6cd4f,PUR_IED_Evangelista_Conta_f6cd4f,,,,,
2026-09-12T06:36:07-05:00,PUR_IED_Evangelista_Cri_5e16a,PUR_IED_Evangelista_Cri_5e16a,,,,,
2026-09-12T06:36:07-05:00,PUR_IED_Evangelista_Exter_754066,PUR_IED_Evangelista_Exter_754066,,,,,
2026-09-12T06:36:07-05:00,PUR_IED_FMiranda_S209_5cc2a3,PUR_IED_FMiranda_S209_5cc2a3,,,,,
2026-09-12T06:36:07-05:00,PUR_IED_FMiranda_S303_19e344,PUR_IED_FMiranda_S303_19e344,,,,,
2026-09-12T06:36:07-05:00,PUR_IED_FMiranda_ext_f53e7c,PUR_IED_FMiranda_ext_f53e7c,,,,,
2026-09-12T06:36:07-05:00,PUR_IED_FabioLozano_Bibli_1cee05,PUR_IED_FabioLozano_Bibli_1cee05,,,,,
2026-09-12T06:36:07-05:00,PUR_IED_FabioLozano_Ext_6ea285,PUR_IED_FabioLozano_Ext_6ea285,,,,,
2026-09-12T06:36:07-05:00,PUR_IED_FabioLozano_SLudi_f09e1e,PUR_IED_FabioLozano_SLudi_f09e1e,,,,,
2026-09-12T06:36:07-05:00,PUR_IED_FaustinoS_Aula07_27a731,PUR_IED_FaustinoS_Aula07_27a731,,,,,
2026-09-12T06:36:07-05:00,PUR_IED_FaustinoS_Ext_7b936f,PUR_IED_FaustinoS_Ext_7b936f,,,,,
2026-09-12T06:36:07-05:00,PUR_IED_FaustinoS_Fisica_da2c60,PUR_IED_FaustinoS_Fisica_da2c60,,,,,
2026-09-12T06:36:07-05:00,PUR_IED_FeGarciaLo_Ext_dc68ee,PUR_IED_FeGarciaLo_Ext_dc68ee,,,,,
2026-09-12T06:36:07-05:00,PUR_IED_FeGarciaLo_SDanza_f70a59,PUR_IED_FeGarciaLo_SDanza_f70a59,,,,,
2026-09-12T06:36:07-05:00,PUR_IED_FeGarciaLo_SMusic_125cdd,PUR_IED_FeGarciaLo_SMusic_125cdd,,,,,
2026-09-12T06:36:07-05:00,PUR_IED_FederalAlema_Exte_50c345,PUR_IED_FederalAlema_Exte_50c345,,,,,
2026-09-12T06:36:07-05:00,PUR_IED_FederalAlema_S31_f18371,PUR_IED_FederalAlema_S31_f18371,,,,,
2026-09-12T06:36:07-05:00,PUR_IED_FederalAlema_S901_a62cd,PUR_IED_FederalAlema_S901_a62cd,,,,,
2026-09-12T06:36:07-05:00,PUR_IED_FilarmonicaS_A5_f35eb1,PUR_IED_FilarmonicaS_A5_f35eb1,,,,,
2026-09-12T06:36:07-05:00,PUR_IED_FilarmonicaS_Ext_8a3bde,PUR_IED_FilarmonicaS_Ext_8a3bde,,,,,
2026-09-12T06:36:07-05:00,PUR_IED_FilarmonicaS_Spol_406114,PUR_IED_FilarmonicaS_Spol_406114,,,,,
2026-09-12T06:36:07-05:00,PUR_IED_FlorentinoG_A13_d1fa59,PUR_IED_FlorentinoG_A13_d1fa59,,,,,
2026-09-12T06:36:07-05:00,PUR_IED_FlorentinoG_Ext_1ce6ce,PUR_IED_FlorentinoG_Ext_1ce6ce,,,,,
2026-09-12T06:36:07-05:00,PUR_IED_FlorentinoG_Idiom_a66aac,PUR_IED_FlorentinoG_Idiom_a66aac,,,,,
2026-09-12T06:36:07-05:00,PUR_IED_FranciscoMati_Ext_e3869d,PUR_IED_FranciscoMati_Ext_e3869d,,,,,
2026-09-12T06:36:07-05:00,PUR_IED_FranciscoMati_S13_f31c67,PUR_IED_FranciscoMati_S13_f31c67,,,,,
2026-09-12T06:36:07-05:00,PUR_IED_FranciscoMati_S14_97dead,PUR_IED_FranciscoMati_S14_97dead,,,,,
2026-09-12T06:36:07-05:00,PUR_IED_FranciscoPS_Ext_7bfa9a,PUR_IED_FranciscoPS_Ext_7bfa9a,2,19,62,4.5899,-74.110397
2026-09-12T06:36:07-05:00,PUR_IED_FranciscoPS_Infor_fb8f4c,PUR_IED_FranciscoPS_Infor_fb8f4c,,,,,
2026-09-12T06:36:07-05:00,PUR_IED_FranciscoPS_Quimi_94d39c,PUR_IED_FranciscoPS_Quimi_94d39c,,,,,
2026-09-12T06:36:07-05:00,PUR_IED_FranciscoP_LabQ_d7e148,PUR_IED_FranciscoP_LabQ_d7e148,,,,,
2026-09-12T06:36:07-05:00,PUR_IED_FranciscoP_S28_cf9b30,PUR_IED_FranciscoP_S28_cf9b30,,,,,
2026-09-12T06:36:07-05:00,PUR_IED_FranciscoP_ext_e2313,PUR_IED_FranciscoP_ext_e2313,,,,,
2026-09-12T06:36:07-05:00,PUR_IED_FriederichN_Ext_8ac92a,PUR_IED_FriederichN_Ext_8ac92a,,,,,
2026-09-12T06:36:07-05:00,PUR_IED_FriederichN_S301_dd7e5a,PUR_IED_FriederichN_S301_dd7e5a,,,,,
2026-09-12T06:36:07-05:00,PUR_IED_FriederichN_S308_761f4f,PUR_IED_FriederichN_S308_761f4f,,,,,
2026-09-12T06:36:07-05:00,PUR_IED_GSantander_Aula10_533dd7,PUR_IED_GSantander_Aula10_533dd7,,,,,
2026-09-12T06:36:07-05:00,PUR_IED_GSantander_Aula12_fd4e4f,PUR_IED_GSantander_Aula12_fd4e4f,,,,,
2026-09-12T06:36:07-05:00,PUR_IED_GSantander_Aula310_533dd7,PUR_IED_GSantander_Aula310_533dd7,,,,,
2026-09-12T06:36:07-05:00,PUR_IED_GSantander_Aula312_fd4e4f,PUR_IED_GSantander_Aula312_fd4e4f,,,,,
2026-09-12T06:36:07-05:00,PUR_IED_GSantander_Ext_5f66b0,PUR_IED_GSantander_Ext_5f66b0,,,,,
2026-09-12T06:36:07-05:00,PUR_IED_GYomasa_Ext_f6bea5,PUR_IED_GYomasa_Ext_f6bea5,,,,,
2026-09-12T06:36:07-05:00,PUR_IED_GYomasa_LBiol_2c41aa,PUR_IED_GYomasa_LBiol_2c41aa,,,,,
2026-09-12T06:36:07-05:00,PUR_IED_GYomasa_LQuim_33c80,PUR_IED_GYomasa_LQuim_33c80,,,,,
2026-09-12T06:36:07-05:00,PUR_IED_GabBetMejia_Cienc_5a99c,PUR_IED_GabBetMejia_Cienc_5a99c,,,,,
2026-09-12T06:36:07-05:00,PUR_IED_GabBetMejia_Ext_9153d0,PUR_IED_GabBetMejia_Ext_9153d0,,,,,
2026-09-12T06:36:07-05:00,PUR_IED_GabBetMejia_Lab_f55347,PUR_IED_GabBetMejia_Lab_f55347,,,,,
2026-09-12T06:36:07-05:00,PUR_IED_GabBetanMejia_Ext_9153d0,PUR_IED_GabBetanMejia_Ext_9153d0,,,,,
2026-09-12T06:36:07-05:00,PUR_IED_Gaitana_Aula13_7aac11,PUR_IED_Gaitana_Aula13_7aac11,,,,,
2026-09-12T06:36:07-05:00,PUR_IED_Gaitana_Ext_5fcf4,PUR_IED_Gaitana_Ext_5fcf4,,,,,
2026-09-12T06:36:07-05:00,PUR_IED_Gaitana_LabFisica_644448,PUR_IED_Gaitana_LabFisica_644448,,,,,
2026-09-12T06:36:07-05:00,PUR_IED_GenSantander_Dise_8ac858,PUR_IED_GenSantander_Dise_8ac858,,,,,
2026-09-12T06:36:07-05:00,PUR_IED_GenSantander_Ext_8d5dfe,PUR_IED_GenSantander_Ext_8d5dfe,,,,,
2026-09-12T06:36:07-05:00,PUR_IED_GenSantander_Info_6c25b,PUR_IED_GenSantander_Info_6c25b,,,,,
2026-09-12T06:36:07-05:00,PUR_IED_GustavoMo_Exterio_75e63d,PUR_IED_GustavoMo_Exterio_75e63d,,,,,
2026-09-12T06:36:07-05:00,PUR_IED_GustavoMo_LabFisi_224d37,PUR_IED_GustavoMo_LabFisi_224d37,,,,,
2026-09-12T06:36:07-05:00,PUR_IED_GustavoMo_S208_3e6918,PUR_IED_GustavoMo_S208_3e6918,,,,,
2026-09-12T06:36:07-05:00,PUR_IED_GustavoR_A02_8cd4a8,PUR_IED_GustavoR_A02_8cd4a8,,,,,
2026-09-12T06:36:07-05:00,PUR_IED_GustavoR_B11_5b0ed,PUR_IED_GustavoR_B11_5b0ed,,,,,
2026-09-12T06:36:07-05:00,PUR_IED_GustavoR_Ext_7a0c90,PUR_IED_GustavoR_Ext_7a0c90,,,,,
2026-09-12T06:36:07-05:00,PUR_IED_HernandoDuran_Ext_8cd82b,PUR_IED_HernandoDuran_Ext_8cd82b,,,,,
2026-09-12T06:36:07-05:00,PUR_IED_HernandoDuran_S24_2772c6,PUR_IED_HernandoDuran_S24_2772c6,,,,,
2026-09-12T06:36:07-05:00,PUR_IED_HernandoDuran_S30_f2de41,PUR_IED_HernandoDuran_S30_f2de41,,,,,
2026-09-12T06:36:07-05:00,PUR_IED_HolguInUr_S1101_8cd732,PUR_IED_HolguInUr_S1101_8cd732,,,,,
2026-09-12T06:36:07-05:00,PUR_IED_HolguinUr_Exter_ddae6d,PUR_IED_HolguinUr_Exter_ddae6d,,,,,
2026-09-12T06:36:07-05:00,PUR_IED_HolguinUr_LabQuim_92b952,PUR_IED_HolguinUr_LabQuim_92b952,,,,,
2026-09-12T06:36:07-05:00,PUR_IED_Isabel-II_Ext_5245cc,PUR_IED_Isabel-II_Ext_5245cc,5,18,61,4.6336,-74.153
2026-09-12T06:36:07-05:00,PUR_IED_Isabel-II_S_idiom_1c29aa,PUR_IED_Isabel-II_S_idiom_1c29aa,,,,,
2026-09-12T06:36:07-05:00,PUR_IED_Isabel-II_S_infor_fd741,PUR_IED_Isabel-II_S_infor_fd741,,,,,
2026-09-12T06:36:07-05:00,PUR_IED_IsidroSur_Exterio_5b90ea,PUR_IED_IsidroSur_Exterio_5b90ea,,,,,
2026-09-12T06:36:07-05:00,PUR_IED_IsidroSur_LabTec_56697a,PUR_IED_IsidroSur_LabTec_56697a,,,,,
2026-09-12T06:36:07-05:00,PUR_IED_IsidroSur_Robotic_b7c38f,PUR_IED_IsidroSur_Robotic_b7c38f,,,,,
2026-09-12T06:36:07-05:00,PUR_IED_IsmaelPerd_Ext_7b6672,PUR_IED_IsmaelPerd_Ext_7b6672,,,,,
2026-09-12T06:36:07-05:00,PUR_IED_IsmaelPerd_Inform_306540,PUR_IED_IsmaelPerd_Inform_306540,,,,,
2026-09-12T06:36:07-05:00,PUR_IED_IsmaelPerd_S30_2e2c83,PUR_IED_IsmaelPerd_S30_2e2c83,,,,,
2026-09-12T06:36:07-05:00,PUR_IED_JLozano_Exter_432910,PUR_IED_JLozano_Exter_432910,,,,,
2026-09-12T06:36:07-05:00,PUR_IED_JLozano_salaMulti_df5125,PUR_IED_JLozano_salaMulti_df5125,,,,,
2026-09-12T06:36:07-05:00,PUR_IED_JMCordoba_206_86f80b,PUR_IED_JMCordoba_206_86f80b,,,,,
2026-09-12T06:36:07-05:00,PUR_IED_JMCordoba_Ext_27ad97,PUR_IED_JMCordoba_Ext_27ad97,,,,,
2026-09-12T06:36:07-05:00,PUR_IED_JMCordoba_S310_d59ab4,PUR_IED_JMCordoba_S310_d59ab4,,,,,
2026-09-12T06:36:07-05:00,PUR_IED_Japon_Ext_549100,PUR_IED_Japon_Ext_549100,,,,,
2026-09-12T06:36:07-05:00,PUR_IED_Japon_Laboratorio_bec51d,PUR_IED_Japon_Laboratorio_bec51d,,,,,
2026-09-12T06:36:07-05:00,PUR_IED_Japon_informatica_d99327,PUR_IED_Japon_informatica_d99327,,,,,
2026-09-12T06:36:07-05:00,PUR_IED_Jazmin_Ext_d27bda,PUR_IED_Jazmin_Ext_d27bda,,,,,
2026-09-12T06:36:07-05:00,PUR_IED_Jazmin_Fisica_8d14d7,PUR_IED_Jazmin_Fisica_8d14d7,,,,,
2026-09-12T06:36:07-05:00,PUR_IED_Jazmin_Quimica_801cb5,PUR_IED_Jazmin_Quimica_801cb5,,,,,
2026-09-12T06:36:07-05:00,PUR_IED_JorgeGaitan_Exter_f098d1,PUR_IED_JorgeGaitan_Exter_f098d1,,,,,
2026-09-12T06:36:07-05:00,PUR_IED_JorgeGaitan_STec1_dc9d1d,PUR_IED_JorgeGaitan_STec1_dc9d1d,,,,,
2026-09-12T06:36:07-05:00,PUR_IED_JorgeGaitan_STec2_281e69,PUR_IED_JorgeGaitan_STec2_281e69,,,,,
2026-09-12T06:36:07-05:00,PUR_IED_JorgeSoto_Exterio_d9d0a2,PUR_IED_JorgeSoto_Exterio_d9d0a2,,,,,
2026-09-12T06:36:07-05:00,PUR_IED_JorgeSoto_LabFisi_209c54,PUR_IED_JorgeSoto_LabFisi_209c54,,,,,
2026-09-12T06:36:07-05:00,PUR_IED_JorgeSoto_S103_27b51a,PUR_IED_JorgeSoto_S103_27b51a,,,,,
2026-09-12T06:36:07-05:00,PUR_IED_JoseAcevedo_A02_e965eb,PUR_IED_JoseAcevedo_A02_e965eb,,,,,
2026-09-12T06:36:07-05:00,PUR_IED_JoseAcevedo_A07_dd5b4,PUR_IED_JoseAcevedo_A07_dd5b4,,,,,
2026-09-12T06:36:07-05:00,PUR_IED_JoseAcevedo_Ext_b47484,PUR_IED_JoseAcevedo_Ext_b47484,,,,,
2026-09-12T06:36:07-05:00,PUR_IED_JoseMarti_Exte_5b9bf,PUR_IED_JoseMarti_Exte_5b9bf,,,,,
2026-09-12T06:36:07-05:00,PUR_IED_JoseMarti_LabQuim_1c6c2d,PUR_IED_JoseMarti_LabQuim_1c6c2d,,,,,
2026-09-12T06:36:07-05:00,PUR_IED_JoseMarti_S_info_f5f177,PUR_IED_JoseMarti_S_info_f5f177,,,,,
2026-09-12T06:36:07-05:00,PUR_IED_Josejoaquin_Ext_dfc5dc,PUR_IED_Josejoaquin_Ext_dfc5dc,,,,,
2026-09-12T06:36:07-05:00,PUR_IED_Josejoaquin_S05_5b2a96,PUR_IED_Josejoaquin_S05_5b2a96,,,,,
2026-09-12T06:36:07-05:00,PUR_IED_Josejoaquin_S06_1ce7d2,PUR_IED_Josejoaquin_S06_1ce7d2,,,,,
2026-09-12T06:36:07-05:00,PUR_IED_JulioFlorez_Danza_9b82dd,PUR_IED_JulioFlorez_Danza_9b82dd,,,,,
2026-09-12T06:36:07-05:00,PUR_IED_JulioFlorez_Exter_f9f314,PUR_IED_JulioFlorez_Exter_f9f314,,,,,
2026-09-12T06:36:07-05:00,PUR_IED_JulioFlorez_info2_6b6e08,PUR_IED_JulioFlorez_info2_6b6e08,,,,,
2026-09-12T06:36:07-05:00,PUR_IED_LaBelleza_Aula13_1d00d8,PUR_IED_LaBelleza_Aula13_1d00d8,,,,,
2026-09-12T06:36:07-05:00,PUR_IED_LaBelleza_Ext_7bc08c,PUR_IED_LaBelleza_Ext_7bc08c,,,,,
2026-09-12T06:36:07-05:00,PUR_IED_LaChucua_Ext_8cd6d2,PUR_IED_LaChucua_Ext_8cd6d2,,,,,
2026-09-12T06:36:07-05:00,PUR_IED_LaChucua_S15_f578ce,PUR_IED_LaChucua_S15_f578ce,,,,,
2026-09-12T06:36:07-05:00,PUR_IED_LaChucua_S16_eebcf9,PUR_IED_LaChucua_S16_eebcf9,,,,,
2026-09-12T06:36:07-05:00,PUR_IED_LaFelicidad_Ext_fb5109,PUR_IED_LaFelicidad_Ext_fb5109,,,,,
2026-09-12T06:36:07-05:00,PUR_IED_LaMerced_206_66ebd,PUR_IED_LaMerced_206_66ebd,,,,,
2026-09-12T06:36:07-05:00,PUR_IED_LaMerced_207_6ebd6,PUR_IED_LaMerced_207_6ebd6,,,,,
2026-09-12T06:36:07-05:00,PUR_IED_LaMerced_ext_304311,PUR_IED_LaMerced_ext_304311,,,,,
2026-09-12T06:36:07-05:00,PUR_IED_Laureano_CiencNat_281e5e,PUR_IED_Laureano_CiencNat_281e5e,,,,,
2026-09-12T06:36:07-05:00,PUR_IED_Laureano_Comedor_f65c0a,PUR_IED_Laureano_Comedor_f65c0a,,,,,
2026-09-12T06:36:07-05:00,PUR_IED_Laureano_Exterior_7ab011,PUR_IED_Laureano_Exterior_7ab011,,,,,
2026-09-12T06:36:07-05:00,PUR_IED_LeonGreiff_Exte_dfe560,PUR_IED_LeonGreiff_Exte_dfe560,,,,,
2026-09-12T06:36:07-05:00,PUR_IED_LeonGreiff_S210_f264ed,PUR_IED_LeonGreiff_S210_f264ed,,,,,
2026-09-12T06:36:07-05:00,PUR_IED_LeonGreiff_SQuimi_e8296f,PUR_IED_LeonGreiff_SQuimi_e8296f,,,,,
2026-09-12T06:36:07-05:00,PUR_IED_LlanoOrientalS208_7b9fcd,PUR_IED_LlanoOrientalS208_7b9fcd,,,,,
2026-09-12T06:36:07-05:00,PUR_IED_LlanoOriental_Ext_fb3766,PUR_IED_LlanoOriental_Ext_fb3766,,,,,
2026-09-12T06:36:07-05:00,PUR_IED_LlanoOriental_S208_7b9fcd,PUR_IED_LlanoOriental_S208_7b9fcd,,,,,
2026-09-12T06:36:07-05:00,PUR_IED_LlanoOriental_S9_27b378,PUR_IED_LlanoOriental_S9_27b378,,,,,
2026-09-12T06:36:07-05:00,PUR_IED_LosTejares_1101_477602,PUR_IED_LosTejares_1101_477602,,,,,
2026-09-12T06:36:07-05:00,PUR_IED_LosTejares_11_d2c595,PUR_IED_LosTejares_11_d2c595,,,,,
2026-09-12T06:36:07-05:00,PUR_IED_LosTejares_12_477602,PUR_IED_LosTejares_12_477602,,,,,
2026-09-12T06:36:07-05:00,PUR_IED_LosTejares_Ext_8e2115,PUR_IED_LosTejares_Ext_8e2115,,,,,
2026-09-12T06:36:07-05:00,PUR_IED_MagdalenaO_B202_5ddda3,PUR_IED_MagdalenaO_B202_5ddda3,,,,,
2026-09-12T06:36:07-05:00,PUR_IED_MagdalenaO_B205_fb76e8,PUR_IED_MagdalenaO_B205_fb76e8,,,,,
2026-09-12T06:36:07-05:00,PUR_IED_MagdalenaO_ext_dc69cd,PUR_IED_MagdalenaO_ext_dc69cd,,,,,
2026-09-12T06:36:07-05:00,PUR_IED_ManueCepeda_artes_eee956,PUR_IED_ManueCepeda_artes_eee956,,,,,
2026-09-12T06:36:07-05:00,PUR_IED_ManuelCepeda_Ext_58313,PUR_IED_ManuelCepeda_Ext_58313,,,,,
2026-09-12T06:36:07-05:00,PUR_IED_ManuelCepeda_tec_1c5731,PUR_IED_ManuelCepeda_tec_1c5731,,,,,
2026-09-12T06:36:07-05:00,PUR_IED_ManuelS_Exterior_5b269,PUR_IED_ManuelS_Exterior_5b269,,,,,
2026-09-12T06:36:07-05:00,PUR_IED_ManuelS_Inform_f369ce,PUR_IED_ManuelS_Inform_f369ce,,,,,
2026-09-12T06:36:07-05:00,PUR_IED_ManuelS_SArtes_7d15f1,PUR_IED_ManuelS_SArtes_7d15f1,,,,,
2026-09-12T06:36:07-05:00,PUR_IED_ManuelZapata_303_3ca6,PUR_IED_ManuelZapata_303_3ca6,,,,,
2026-09-12T06:36:07-05:00,PUR_IED_ManuelZapata_311_bfbabc,PUR_IED_ManuelZapata_311_bfbabc,,,,,
2026-09-12T06:36:07-05:00,PUR_IED_ManuelZapata_Ext_50824a,PUR_IED_ManuelZapata_Ext_50824a,,,,,
2026-09-12T06:36:07-05:00,PUR_IED_ManuelitaS_Exteri_656a92,PUR_IED_ManuelitaS_Exteri_656a92,,,,,
2026-09-12T06:36:07-05:00,PUR_IED_ManuelitaS_JuzgDe_f58ec3,PUR_IED_ManuelitaS_JuzgDe_f58ec3,,,,,
2026-09-12T06:36:07-05:00,PUR_IED_ManuelitaS_Recrea_d793db,PUR_IED_ManuelitaS_Recrea_d793db,,,,,
2026-09-12T06:36:07-05:00,PUR_IED_MarFidSuarez_Ext_c27b19,PUR_IED_MarFidSuarez_Ext_c27b19,,,,,
2026-09-12T06:36:07-05:00,PUR_IED_MarFidSuarez_Info_e384d7,PUR_IED_MarFidSuarez_Info_e384d7,,,,,
2026-09-12T06:36:07-05:00,PUR_IED_MarFidSuarez_S306_1d0032,PUR_IED_MarFidSuarez_S306_1d0032,,,,,
2026-09-12T06:36:07-05:00,PUR_IED_Menorah_301_2a25a3,PUR_IED_Menorah_301_2a25a3,,,,,
2026-09-12T06:36:07-05:00,PUR_IED_Menorah_306_37ed3,PUR_IED_Menorah_306_37ed3,,,,,
2026-09-12T06:36:07-05:00,PUR_IED_Menorah_Ext_3e155b,PUR_IED_Menorah_Ext_3e155b,,,,,
2026-09-12T06:36:07-05:00,PUR_IED_MinutoB.Aires_A11_1b1604,PUR_IED_MinutoB.Aires_A11_1b1604,,,,,
2026-09-12T06:36:07-05:00,PUR_IED_MinutoB.Aires_A12_fb5860,PUR_IED_MinutoB.Aires_A12_fb5860,,,,,
2026-09-12T06:36:07-05:00,PUR_IED_MinutoB.Aires_Ext_81293f,PUR_IED_MinutoB.Aires_Ext_81293f,,,,,
2026-09-12T06:36:07-05:00,PUR_IED_MinutoBAires_A11_1b1604,PUR_IED_MinutoBAires_A11_1b1604,,,,,
2026-09-12T06:36:07-05:00,PUR_IED_MinutoBAires_A12_fb5860,PUR_IED_MinutoBAires_A12_fb5860,,,,,
2026-09-12T06:36:07-05:00,PUR_IED_MinutoBAires_Ext_81293f,PUR_IED_MinutoBAires_Ext_81293f,,,,,
2026-09-12T06:36:07-05:00,PUR_IED_Montreal_Aula10_1e4959,PUR_IED_Montreal_Aula10_1e4959,,,,,
2026-09-12T06:36:07-05:00,PUR_IED_Montreal_Aula6_300367,PUR_IED_Montreal_Aula6_300367,,,,,
2026-09-12T06:36:07-05:00,PUR_IED_Montreal_Exterior_91a179,PUR_IED_Montreal_Exterior_91a179,,,,,
2026-09-12T06:36:07-05:00,PUR_IED_Mqgdalena_B202_5ddda3,PUR_IED_Mqgdalena_B202_5ddda3,,,,,
2026-09-12T06:36:07-05:00,PUR_IED_NACUND_Soc_dc8728,PUR_IED_NACUND_Soc_dc8728,,,,,
2026-09-12T06:36:07-05:00,PUR_IED_NACUND_ext_27ad97,PUR_IED_NACUND_ext_27ad97,,,,,
2026-09-12T06:36:07-05:00,PUR_IED_NEsperanza_Ext_d24b61,PUR_IED_NEsperanza_Ext_d24b61,,,,,
2026-09-12T06:36:07-05:00,PUR_IED_NEsperanza_SElect_7d1807,PUR_IED_NEsperanza_SElect_7d1807,,,,,
2026-09-12T06:36:07-05:00,PUR_IED_NEsperanza_SLabor_8b2d0a,PUR_IED_NEsperanza_SLabor_8b2d0a,,,,,
2026-09-12T06:36:07-05:00,PUR_IED_NacionesU_Ext_f661a9,PUR_IED_NacionesU_Ext_f661a9,,,,,
2026-09-12T06:36:07-05:00,PUR_IED_NacionesU_Quimica_66f0a,PUR_IED_NacionesU_Quimica_66f0a,,,,,
2026-09-12T06:36:07-05:00,PUR_IED_NacionesU_S306_1b4b3d,PUR_IED_NacionesU_S306_1b4b3d,,,,,
2026-09-12T06:36:07-05:00,PUR_IED_NestorFA_Ext_e4201c,PUR_IED_NestorFA_Ext_e4201c,,,,,
2026-09-12T06:36:07-05:00,PUR_IED_NestorFA_Laborato_f22fe0,PUR_IED_NestorFA_Laborato_f22fe0,,,,,
2026-09-12T06:36:07-05:00,PUR_IED_NestorFA_S204_dee996,PUR_IED_NestorFA_S204_dee996,,,,,
2026-09-12T06:36:07-05:00,PUR_IED_NidyaQT_Aula03_76999b,PUR_IED_NidyaQT_Aula03_76999b,,,,,
2026-09-12T06:36:07-05:00,PUR_IED_NidyaQT_Aula10_56325,PUR_IED_NidyaQT_Aula10_56325,,,,,
2026-09-12T06:36:07-05:00,PUR_IED_NidyaQT_Ext_46e32d,PUR_IED_NidyaQT_Ext_46e32d,,,,,
2026-09-12T06:36:07-05:00,PUR_IED_NuevaCol_Exterior_d9b859,PUR_IED_NuevaCol_Exterior_d9b859,,,,,
2026-09-12T06:36:07-05:00,PUR_IED_NuevaCol_S1101_76c43b,PUR_IED_NuevaCol_S1101_76c43b,,,,,
2026-09-12T06:36:07-05:00,PUR_IED_NuevaCol_S1102_1ce0b5,PUR_IED_NuevaCol_S1102_1ce0b5,,,,,
2026-09-12T06:36:07-05:00,PUR_IED_OEA_A202_f7e3f2,PUR_IED_OEA_A202_f7e3f2,,,,,
2026-09-12T06:36:07-05:00,PUR_IED_OEA_A203_7d1b8d,PUR_IED_OEA_A203_7d1b8d,,,,,
2026-09-12T06:36:07-05:00,PUR_IED_OEA_Ext_27b593,PUR_IED_OEA_Ext_27b593,,,,,
2026-09-12T06:36:07-05:00,PUR_IED_Ochoa_Ext_1c29da,PUR_IED_Ochoa_Ext_1c29da,8,14,99,4.503,-74.107201
2026-09-12T06:36:07-05:00,PUR_IED_Ochoa_S205_8b1121,PUR_IED_Ochoa_S205_8b1121,,,,,
2026-09-12T06:36:07-05:00,PUR_IED_Ochoa_Sistemas_f33af6,PUR_IED_Ochoa_Sistemas_f33af6,,,,,
2026-09-12T06:36:07-05:00,PUR_IED_PQuebec_Ext_1c67c7,PUR_IED_PQuebec_Ext_1c67c7,,,,,
2026-09-12T06:36:07-05:00,PUR_IED_PQuebec_S15_23e8e2,PUR_IED_PQuebec_S15_23e8e2,,,,,
2026-09-12T06:36:07-05:00,PUR_IED_PQuebec_S16_8ec76b,PUR_IED_PQuebec_S16_8ec76b,,,,,
2026-09-12T06:36:07-05:00,PUR_IED_PabloN_Ext_49dc96,PUR_IED_PabloN_Ext_49dc96,,,,,
2026-09-12T06:36:07-05:00,PUR_IED_PabloN_S1102_4e3df5,PUR_IED_PabloN_S1102_4e3df5,,,,,
2026-09-12T06:36:07-05:00,PUR_IED_PabloN_S1103_50c94b,PUR_IED_PabloN_S1103_50c94b,,,,,
2026-09-12T06:36:07-05:00,PUR_IED_Palestina_S1101_db9198,PUR_IED_Palestina_S1101_db9198,,,,,
2026-09-12T06:36:07-05:00,PUR_IED_Palestina_S1102_dc54fa,PUR_IED_Palestina_S1102_dc54fa,,,,,
2026-09-12T06:36:07-05:00,PUR_IED_Palestina_ext_4ccce6,PUR_IED_Palestina_ext_4ccce6,,,,,
2026-09-12T06:36:07-05:00,PUR_IED_Panama_Fisica_4d0794,PUR_IED_Panama_Fisica_4d0794,,,,,
2026-09-12T06:36:07-05:00,PUR_IED_Panama_SIngles_a4077e,PUR_IED_Panama_SIngles_a4077e,,,,,
2026-09-12T06:36:07-05:00,PUR_IED_Panama_ext_4c54b4,PUR_IED_Panama_ext_4c54b4,,,,,
2026-09-12T06:36:07-05:00,PUR_IED_ParaisoM_Exterior_8cd7f0,PUR_IED_ParaisoM_Exterior_8cd7f0,,,,,
2026-09-12T06:36:07-05:00,PUR_IED_ParaisoM_Laborato_27af35,PUR_IED_ParaisoM_Laborato_27af35,,,,,
2026-09-12T06:36:07-05:00,PUR_IED_ParaisoM_S304_d1edca,PUR_IED_ParaisoM_S304_d1edca,,,,,
2026-09-12T06:36:07-05:00,PUR_IED_PorfirioBarba_Ext_301466,PUR_IED_PorfirioBarba_Ext_301466,,,,,
2026-09-12T06:36:07-05:00,PUR_IED_PorfirioBarba_S11_df6cd2,PUR_IED_PorfirioBarba_S11_df6cd2,,,,,
2026-09-12T06:36:07-05:00,PUR_IED_PorfirioBarba_S29_27a7d6,PUR_IED_PorfirioBarba_S29_27a7d6,,,,,
2026-09-12T06:36:07-05:00,PUR_IED_PradoV_Exter_8b27ad,PUR_IED_PradoV_Exter_8b27ad,,,,,
2026-09-12T06:36:07-05:00,PUR_IED_PradoV_S301_de65b5,PUR_IED_PradoV_S301_de65b5,,,,,
2026-09-12T06:36:07-05:00,PUR_IED_PradoV_S302_7d2593,PUR_IED_PradoV_S302_7d2593,,,,,
2026-09-12T06:36:07-05:00,PUR_IED_QuirogaAlz_Ext_1ddc82,PUR_IED_QuirogaAlz_Ext_1ddc82,,,,,
2026-09-12T06:36:07-05:00,PUR_IED_QuirogaAlz_S302_9926a3,PUR_IED_QuirogaAlz_S302_9926a3,,,,,
2026-09-12T06:36:07-05:00,PUR_IED_QuirogaAlz_S305_cdf1f1,PUR_IED_QuirogaAlz_S305_cdf1f1,,,,,
2026-09-12T06:36:07-05:00,PUR_IED_RGuatemala_Biling_dc53b7,PUR_IED_RGuatemala_Biling_dc53b7,,,,,
2026-09-12T06:36:07-05:00,PUR_IED_RGuatemala_Ext_1b89a3,PUR_IED_RGuatemala_Ext_1b89a3,,,,,
2026-09-12T06:36:07-05:00,PUR_IED_RGuatemala_Tecnol_281a34,PUR_IED_RGuatemala_Tecnol_281a34,,,,,
2026-09-12T06:36:07-05:00,PUR_IED_RafaNu_Ext_f7c302,PUR_IED_RafaNu_Ext_f7c302,,,,,
2026-09-12T06:36:07-05:00,PUR_IED_RafaNu_S1101_25fde,PUR_IED_RafaNu_S1101_25fde,,,,,
2026-09-12T06:36:07-05:00,PUR_IED_RafaNu_S1102_281517,PUR_IED_RafaNu_S1102_281517,,,,,
2026-09-12T06:36:07-05:00,PUR_IED_RafaelB_S305_ee2783,PUR_IED_RafaelB_S305_ee2783,,,,,
2026-09-12T06:36:07-05:00,PUR_IED_RafaelB_S306_75fe33,PUR_IED_RafaelB_S306_75fe33,,,,,
2026-09-12T06:36:07-05:00,PUR_IED_RafaelB_ext_283336,PUR_IED_RafaelB_ext_283336,2,18,59,4.6722,-74.0737
2026-09-12T06:36:07-05:00,PUR_IED_RafaelUU_Exterior_281a51,PUR_IED_RafaelUU_Exterior_281a51,,,,,
2026-09-12T06:36:07-05:00,PUR_IED_RafaelUU_Human_806b2,PUR_IED_RafaelUU_Human_806b2,,,,,
2026-09-12T06:36:07-05:00,PUR_IED_RafaelUU_Mate2_5680d4,PUR_IED_RafaelUU_Mate2_5680d4,,,,,
2026-09-12T06:36:07-05:00,PUR_IED_RamonSub_Ext_f9eeb9,PUR_IED_RamonSub_Ext_f9eeb9,,,,,
2026-09-12T06:36:07-05:00,PUR_IED_RamonSub_Media_d1f62f,PUR_IED_RamonSub_Media_d1f62f,,,,,
2026-09-12T06:36:07-05:00,PUR_IED_RamonSub_planta_51b82,PUR_IED_RamonSub_planta_51b82,,,,,
2026-09-12T06:36:07-05:00,PUR_IED_RepBoliVene_Exter_27af7c,PUR_IED_RepBoliVene_Exter_27af7c,,,,,
2026-09-12T06:36:07-05:00,PUR_IED_RepBoliVene_SCPT_5ae2ee,PUR_IED_RepBoliVene_SCPT_5ae2ee,,,,,
2026-09-12T06:36:07-05:00,PUR_IED_RepBoliVene_Socia_4b11d5,PUR_IED_RepBoliVene_Socia_4b11d5,,,,,
2026-09-12T06:36:07-05:00,PUR_IED_RepChina_Ext_76d9ee,PUR_IED_RepChina_Ext_76d9ee,,,,,
2026-09-12T06:36:07-05:00,PUR_IED_RepChina_S404_7c804c,PUR_IED_RepChina_S404_7c804c,,,,,
2026-09-12T06:36:07-05:00,PUR_IED_RepChina_S405_df2c33,PUR_IED_RepChina_S405_df2c33,,,,,
2026-09-12T06:36:07-05:00,PUR_IED_RepublicaC_Exteri_7d1ec9,PUR_IED_RepublicaC_Exteri_7d1ec9,,,,,
2026-09-12T06:36:07-05:00,PUR_IED_RepublicaC_S1101_f544b3,PUR_IED_RepublicaC_S1101_f544b3,,,,,
2026-09-12T06:36:07-05:00,PUR_IED_RepublicaC_S1102_7aafc7,PUR_IED_RepublicaC_S1102_7aafc7,,,,,
2026-09-12T06:36:07-05:00,PUR_IED_Ricaurte_Externo_a0ea1,PUR_IED_Ricaurte_Externo_a0ea1,,,,,
2026-09-12T06:36:07-05:00,PUR_IED_Ricaurte_S210_f546fd,PUR_IED_Ricaurte_S210_f546fd,,,,,
2026-09-12T06:36:07-05:00,PUR_IED_Ricaurte_S309_d4452,PUR_IED_Ricaurte_S309_d4452,,,,,
2026-09-12T06:36:07-05:00,PUR_IED_RogelioS_1102_531e69,PUR_IED_RogelioS_1102_531e69,,,,,
2026-09-12T06:36:07-05:00,PUR_IED_RogelioS_Ext_f25a18,PUR_IED_RogelioS_Ext_f25a18,,,,,
2026-09-12T06:36:07-05:00,PUR_IED_SBernardino_Ext_27aff8,PUR_IED_SBernardino_Ext_27aff8,,,,,
2026-09-12T06:36:07-05:00,PUR_IED_SBernardino_SArte_2ffd33,PUR_IED_SBernardino_SArte_2ffd33,,,,,
2026-09-12T06:36:07-05:00,PUR_IED_SBernardino_SIngl_7c7da5,PUR_IED_SBernardino_SIngl_7c7da5,,,,,
2026-09-12T06:36:07-05:00,PUR_IED_Sago_auditorio_dc9d1d,PUR_IED_Sago_auditorio_dc9d1d,,,,,
2026-09-12T06:36:07-05:00,PUR_IED_Saludcoop_Ext_95aac3,PUR_IED_Saludcoop_Ext_95aac3,,,,,
2026-09-12T06:36:07-05:00,PUR_IED_Saludcoop_InfI_90c854,PUR_IED_Saludcoop_InfI_90c854,,,,,
2026-09-12T06:36:07-05:00,PUR_IED_Saludcoop_SMedia_1b93be,PUR_IED_Saludcoop_SMedia_1b93be,,,,,
2026-09-12T06:36:07-05:00,PUR_IED_SanCarlos_1101_1a2360,PUR_IED_SanCarlos_1101_1a2360,,,,,
2026-09-12T06:36:07-05:00,PUR_IED_SanCarlos_1103_7bafb5,PUR_IED_SanCarlos_1103_7bafb5,,,,,
2026-09-12T06:36:07-05:00,PUR_IED_SanCarlos_Ext_b7cd1,PUR_IED_SanCarlos_Ext_b7cd1,,,,,
2026-09-12T06:36:07-05:00,PUR_IED_SanIgnacioBosa11a_50c26e,PUR_IED_SanIgnacioBosa11a_50c26e,,,,,
2026-09-12T06:36:07-05:00,PUR_IED_SanIgnacioBosa11b_371de8,PUR_IED_SanIgnacioBosa11b_371de8,,,,,
2026-09-12T06:36:07-05:00,PUR_IED_SanIgnacioBosaExt_ef0ffc,PUR_IED_SanIgnacioBosaExt_ef0ffc,,,,,
2026-09-12T06:36:07-05:00,PUR_IED_SanIgnacioBosa_11a_50c26e,PUR_IED_SanIgnacioBosa_11a_50c26e,,,,,
2026-09-12T06:36:07-05:00,PUR_IED_SanIgnacioBosa_Ext_ef0ffc,PUR_IED_SanIgnacioBosa_Ext_ef0ffc,,,,,
2026-09-12T06:36:07-05:00,PUR_IED_SanJoseN_intS1101_31c47f,PUR_IED_SanJoseN_intS1101_31c47f,,,,,
2026-09-12T06:36:07-05:00,PUR_IED_SanJoseUsm_Exter_f5d7e8,PUR_IED_SanJoseUsm_Exter_f5d7e8,,,,,
2026-09-12T06:36:07-05:00,PUR_IED_SanJoseUsm_Int11A_cfdef6,PUR_IED_SanJoseUsm_Int11A_cfdef6,,,,,
2026-09-12T06:36:07-05:00,PUR_IED_SilveriaR_IntB5_905349,PUR_IED_SilveriaR_IntB5_905349,,,,,
2026-09-12T06:36:07-05:00,PUR_IED_SilveriaR_IntSD14_981f93,PUR_IED_SilveriaR_IntSD14_981f93,,,,,
2026-09-12T06:36:07-05:00,PUR_IED_SilveriaR_ext_2b651d,PUR_IED_SilveriaR_ext_2b651d,,,,,
2026-09-12T06:36:07-05:00,PUR_IED_SimonB_Exterior_913975,PUR_IED_SimonB_Exterior_913975,,,,,
2026-09-12T06:36:07-05:00,PUR_IED_SimonB_LabQuimi_c56908,PUR_IED_SimonB_LabQuimi_c56908,,,,,
2026-09-12T06:36:07-05:00,PUR_IED_SimonB_informatic_a28c1,PUR_IED_SimonB_informatic_a28c1,,,,,
2026-09-12T06:36:07-05:00,PUR_IED_Sorrento_1102_315f50,PUR_IED_Sorrento_1102_315f50,,,,,
2026-09-12T06:36:07-05:00,PUR_IED_Sorrento_Minte_214eab,PUR_IED_Sorrento_Minte_214eab,,,,,
2026-09-12T06:36:07-05:00,PUR_IED_Sorrento_ext_7c3a0a,PUR_IED_Sorrento_ext_7c3a0a,,,,,
2026-09-12T06:36:07-05:00,PUR_IED_Tabora_Ext_f048ae,PUR_IED_Tabora_Ext_f048ae,,,,,
2026-09-12T06:36:07-05:00,PUR_IED_Tabora_S1102_b07752,PUR_IED_Tabora_S1102_b07752,,,,,
2026-09-12T06:36:07-05:00,PUR_IED_Tabora_S1103_d988f5,PUR_IED_Tabora_S1103_d988f5,,,,,
2026-09-12T06:36:07-05:00,PUR_IED_Tenerife_Ext_1ab188,PUR_IED_Tenerife_Ext_1ab188,,,,,
2026-09-12T06:36:07-05:00,PUR_IED_Tenerife_SDanzas_7bc02e,PUR_IED_Tenerife_SDanzas_7bc02e,,,,,
2026-09-12T06:36:07-05:00,PUR_IED_Tenerife_SIngles_7cc277,PUR_IED_Tenerife_SIngles_7cc277,,,,,
2026-09-12T06:36:07-05:00,PUR_IED_Tibabuyes_Exter_f2683d,PUR_IED_Tibabuyes_Exter_f2683d,,,,,
2026-09-12T06:36:07-05:00,PUR_IED_Tibabuyes_S10_dc87a8,PUR_IED_Tibabuyes_S10_dc87a8,,,,,
2026-09-12T06:36:07-05:00,PUR_IED_Tibabuyes_S15_dc0526,PUR_IED_Tibabuyes_S15_dc0526,,,,,
2026-09-12T06:36:07-05:00,PUR_IED_UnionE_S301_a1043,PUR_IED_UnionE_S301_a1043,,,,,
2026-09-12T06:36:07-05:00,PUR_IED_UnionE_S307_ff6c2f,PUR_IED_UnionE_S307_ff6c2f,,,,,
2026-09-12T06:36:07-05:00,PUR_IED_UnionE__Ext_5e2468,PUR_IED_UnionE__Ext_5e2468,,,,,
2026-09-12T06:36:07-05:00,PUR_IED_VillaRica_Ext_75be7c,PUR_IED_VillaRica_Ext_75be7c,,,,,
2026-09-12T06:36:07-05:00,PUR_IED_VillaRica_S4_cc5dcd,PUR_IED_VillaRica_S4_cc5dcd,,,,,
2026-09-12T06:36:07-05:00,PUR_IED_VillaRica_Sesp_99f5c,PUR_IED_VillaRica_Sesp_99f5c,,,,,
2026-09-12T06:41:10-05:00,PUR_IED_20deJulio_1101_91b1b9,PUR_IED_20deJulio_1101_91b1b9,,,,,
2026-09-12T06:41:10-05:00,PUR_IED_20deJulio_1102_1cfcf9,PUR_IED_20deJulio_1102_1cfcf9,,,,,
2026-09-12T06:41:10-05:00,PUR_IED_20deJulio_Ext_ab60bd,PUR_IED_20deJulio_Ext_ab60bd,,,,,
2026-09-12T06:41:10-05:00,PUR_IED_AgustinFer_Ext_7b9b77,PUR_IED_AgustinFer_Ext_7b9b77,,,,,
2026-09-12T06:41:10-05:00,PUR_IED_AgustinFer_Info2_27b3a7,PUR_IED_AgustinFer_Info2_27b3a7,,,,,
2026-09-12T06:41:10-05:00,PUR_IED_AgustinFer_Sena_54b4eb,PUR_IED_AgustinFer_Sena_54b4eb,,,,,
2026-09-12T06:41:10-05:00,PUR_IED_AlexanderF_1102_caf07b,PUR_IED_AlexanderF_1102_caf07b,,,,,
2026-09-12T06:41:10-05:00,PUR_IED_AlexanderF_1103_c79e71,PUR_IED_AlexanderF_1103_c79e71,,,,,
2026-09-12T06:41:10-05:00,PUR_IED_AlexanderF_Ext_c5b18b,PUR_IED_AlexanderF_Ext_c5b18b,,,,,
2026-09-12T06:41:10-05:00,PUR_IED_AlfonsoLopez_Ext_281d77,PUR_IED_AlfonsoLopez_Ext_281d77,,,,,
2026-09-12T06:41:10-05:00,PUR_IED_AlfonsoLopez_LabF_888ce0,PUR_IED_AlfonsoLopez_LabF_888ce0,,,,,
2026-09-12T06:41:10-05:00,PUR_IED_AlfonsoLopez_SMed_df6a7f,PUR_IED_AlfonsoLopez_SMed_df6a7f,,,,,
2026-09-12T06:41:10-05:00,PUR_IED_AltamiraSO_A2_209f92,PUR_IED_AltamiraSO_A2_209f92,,,,,
2026-09-12T06:41:10-05:00,PUR_IED_AltamiraSO_Ext_186d66,PUR_IED_AltamiraSO_Ext_186d66,,,,,
2026-09-12T06:41:10-05:00,PUR_IED_AltamiraSO_Sistem_27afe1,PUR_IED_AltamiraSO_Sistem_27afe1,,,,,
2026-09-12T06:41:10-05:00,PUR_IED_AlvaroGom_LabQuim_813179,PUR_IED_AlvaroGom_LabQuim_813179,,,,,
2026-09-12T06:41:10-05:00,PUR_IED_AlvaroGomez_Ext_47c7ca,PUR_IED_AlvaroGomez_Ext_47c7ca,,,,,
2026-09-12T06:41:10-05:00,PUR_IED_AlvaroGomez_LabQuim_813179,PUR_IED_AlvaroGomez_LabQuim_813179,,,,,
2026-09-12T06:41:10-05:00,PUR_IED_AlvaroGomez_S23_7ba89f,PUR_IED_AlvaroGomez_S23_7ba89f,,,,,
2026-09-12T06:41:10-05:00,PUR_IED_Amistad_306_dc8728,PUR_IED_Amistad_306_dc8728,,,,,
2026-09-12T06:41:10-05:00,PUR_IED_Amistad_Ext_8cd55e,PUR_IED_Amistad_Ext_8cd55e,,,,,
2026-09-12T06:41:10-05:00,PUR_IED_Amistad_S202_a41169,PUR_IED_Amistad_S202_a41169,,,,,
2026-09-12T06:41:10-05:00,PUR_IED_AndresBello_Bio_fd5f5e,PUR_IED_AndresBello_Bio_fd5f5e,,,,,
2026-09-12T06:41:10-05:00,PUR_IED_AndresBello_ext_dcad65,PUR_IED_AndresBello_ext_dcad65,,,,,
2026-09-12T06:41:10-05:00,PUR_IED_AndresBello_port_eed3ec,PUR_IED_AndresBello_port_eed3ec,,,,,
2026-09-12T06:41:10-05:00,PUR_IED_AngelaR_11b_d90a6b,PUR_IED_AngelaR_11b_d90a6b,,,,,
2026-09-12T06:41:10-05:00,PUR_IED_AngelaR_ext_7cad3e,PUR_IED_AngelaR_ext_7cad3e,5,17,67,4.5825,-74.164497
2026-09-12T06:41:10-05:00,PUR_IED_AntJoseSucre_10mo_df2575,PUR_IED_AntJoseSucre_10mo_df2575,,,,,
2026-09-12T06:41:10-05:00,PUR_IED_AntJoseSucre_Ext_215b36,PUR_IED_AntJoseSucre_Ext_215b36,,,,,
2026-09-12T06:41:10-05:00,PUR_IED_AntJoseSucre_Lab_3139de,PUR_IED_AntJoseSucre_Lab_3139de,,,,,
2026-09-12T06:41:10-05:00,PUR_IED_AntonioGarcia_301_d6b188,PUR_IED_AntonioGarcia_301_d6b188,,,,,
2026-09-12T06:41:10-05:00,PUR_IED_AntonioGarcia_302_88a82,PUR_IED_AntonioGarcia_302_88a82,,,,,
2026-09-12T06:41:10-05:00,PUR_IED_AntonioGarcia_Ext_20950c,PUR_IED_AntonioGarcia_Ext_20950c,,,,,
2026-09-12T06:41:10-05:00,PUR_IED_AntonioVan_Aula2_6dea02,PUR_IED_AntonioVan_Aula2_6dea02,,,,,
2026-09-12T06:41:10-05:00,PUR_IED_AntonioVan_Aula5_f1557e,PUR_IED_AntonioVan_Aula5_f1557e,,,,,
2026-09-12T06:41:10-05:00,PUR_IED_AntonioVan_Ext_406f2f,PUR_IED_AntonioVan_Ext_406f2f,,,,,
2026-09-12T06:41:10-05:00,PUR_IED_Atabanzha_Ext_cc5af9,PUR_IED_Atabanzha_Ext_cc5af9,,,,,
2026-09-12T06:41:10-05:00,PUR_IED_Atabanzha_SA101_56c37,PUR_IED_Atabanzha_SA101_56c37,,,,,
2026-09-12T06:41:10-05:00,PUR_IED_Atabanzha_SB302_27b374,PUR_IED_Atabanzha_SB302_27b374,,,,,
2026-09-12T06:41:10-05:00,PUR_IED_Atahualpa_Ext_fc1748,PUR_IED_Atahualpa_Ext_fc1748,,,,,
2026-09-12T06:41:10-05:00,PUR_IED_Atahualpa_Informa_dc9a95,PUR_IED_Atahualpa_Informa_dc9a95,,,,,
2026-09-12T06:41:10-05:00,PUR_IED_Atahualpa_S1101_f98056,PUR_IED_Atahualpa_S1101_f98056,,,,,
2026-09-12T06:41:10-05:00,PUR_IED_Bellavista_Ext_f5aa74,PUR_IED_Bellavista_Ext_f5aa74,,,,,
2026-09-12T06:41:10-05:00,PUR_IED_Bilbao_11A_916c41,PUR_IED_Bilbao_11A_916c41,,,,,
2026-09-12T06:41:10-05:00,PUR_IED_Bilbao_Ext_fb579a,PUR_IED_Bilbao_Ext_fb579a,,,,,
2026-09-12T06:41:10-05:00,PUR_IED_BrasiliaU_A125_304280,PUR_IED_BrasiliaU_A125_304280,,,,,
2026-09-12T06:41:10-05:00,PUR_IED_BrasiliaU_A203_7c8ca5,PUR_IED_BrasiliaU_A203_7c8ca5,,,,,
2026-09-12T06:41:10-05:00,PUR_IED_BrasiliaU_Ext_8d6e9f,PUR_IED_BrasiliaU_Ext_8d6e9f,6,16,68,4.5175,-74.116302
2026-09-12T06:41:10-05:00,PUR_IED_Brasilia_Ext_fe6593,PUR_IED_Brasilia_Ext_fe6593,,,,,
2026-09-12T06:41:10-05:00,PUR_IED_Brasilia_S24_7c130d,PUR_IED_Brasilia_S24_7c130d,,,,,
2026-09-12T06:41:10-05:00,PUR_IED_Brasilia_S501_186a54,PUR_IED_Brasilia_S501_186a54,,,,,
2026-09-12T06:41:10-05:00,PUR_IED_CHARRY_EXT_f1d5cd,PUR_IED_CHARRY_EXT_f1d5cd,,,,,
2026-09-12T06:41:10-05:00,PUR_IED_CHARRY_INTDANZAS_7a08e6,PUR_IED_CHARRY_INTDANZAS_7a08e6,,,,,
2026-09-12T06:41:10-05:00,PUR_IED_CHARRY_INT_AULA20_dc998d,PUR_IED_CHARRY_INT_AULA20_dc998d,,,,,
2026-09-12T06:41:10-05:00,PUR_IED_COLVIV_1101_S25_7f520a,PUR_IED_COLVIV_1101_S25_7f520a,,,,,
2026-09-12T06:41:10-05:00,PUR_IED_COLVIV_1102_S16_f570ba,PUR_IED_COLVIV_1102_S16_f570ba,,,,,
2026-09-12T06:41:10-05:00,PUR_IED_COLVIV_Ext_1a26fa,PUR_IED_COLVIV_Ext_1a26fa,,,,,
2026-09-12T06:41:10-05:00,PUR_IED_CULPOP_301A_f660f3,PUR_IED_CULPOP_301A_f660f3,,,,,
2026-09-12T06:41:10-05:00,PUR_IED_CULPOP_303_568afe,PUR_IED_CULPOP_303_568afe,,,,,
2026-09-12T06:41:10-05:00,PUR_IED_CULPOP_Ext_e02ccb,PUR_IED_CULPOP_Ext_e02ccb,,,,,
2026-09-12T06:41:10-05:00,PUR_IED_CVillavicen_Ext_26eb58,PUR_IED_CVillavicen_Ext_26eb58,5,14,82,4.487,-74.102798
2026-09-12T06:41:10-05:00,PUR_IED_CVillavicen_Intel_1ce5c2,PUR_IED_CVillavicen_Intel_1ce5c2,,,,,
2026-09-12T06:41:10-05:00,PUR_IED_CVillavicen_Poliv_e0766c,PUR_IED_CVillavicen_Poliv_e0766c,,,,,
2026-09-12T06:41:10-05:00,PUR_IED_CVillavicen_int_1ba140,PUR_IED_CVillavicen_int_1ba140,,,,,
2026-09-12T06:41:10-05:00,PUR_IED_CVillavicen_intel_1ba140,PUR_IED_CVillavicen_intel_1ba140,,,,,
2026-09-12T06:41:10-05:00,PUR_IED_CarlosPizarro_Ext_e307cc,PUR_IED_CarlosPizarro_Ext_e307cc,,,,,
2026-09-12T06:41:10-05:00,PUR_IED_CarlosPizarro_L36_7e5cdb,PUR_IED_CarlosPizarro_L36_7e5cdb,,,,,
2026-09-12T06:41:10-05:00,PUR_IED_CarlosPizarro_L37_c8566c,PUR_IED_CarlosPizarro_L37_c8566c,,,,,
2026-09-12T06:41:10-05:00,PUR_IED_Castilla_Ext_cf35f,PUR_IED_Castilla_Ext_cf35f,,,,,
2026-09-12T06:41:10-05:00,PUR_IED_Castilla_SFisik_360e38,PUR_IED_Castilla_SFisik_360e38,,,,,
2026-09-12T06:41:10-05:00,PUR_IED_Castilla_Sc304_496fbf,PUR_IED_Castilla_Sc304_496fbf,,,,,
2026-09-12T06:41:10-05:00,PUR_IED_CervantesSa_Ext_6b57b,PUR_IED_CervantesSa_Ext_6b57b,4,16,74,4.5128,-74.117203
2026-09-12T06:41:10-05:00,PUR_IED_CervantesSa_S107_225c2b,PUR_IED_CervantesSa_S107_225c2b,,,,,
2026-09-12T06:41:10-05:00,PUR_IED_CervantesSa_S108_940925,PUR_IED_CervantesSa_S108_940925,,,,,
2026-09-12T06:41:10-05:00,PUR_IED_Charry_A20_f53e7c,PUR_IED_Charry_A20_f53e7c,,,,,
2026-09-12T06:41:10-05:00,PUR_IED_Charry_Ext_f1d5cd,PUR_IED_Charry_Ext_f1d5cd,,,,,
2026-09-12T06:41:10-05:00,PUR_IED_Charry_IntAula20_dc998d,PUR_IED_Charry_IntAula20_dc998d,,,,,
2026-09-12T06:41:10-05:00,PUR_IED_Charry_IntDanzas_7a08e6,PUR_IED_Charry_IntDanzas_7a08e6,,,,,
2026-09-12T06:41:10-05:00,PUR_IED_ClememciaC_203_43e2fc,PUR_IED_ClememciaC_203_43e2fc,,,,,
2026-09-12T06:41:10-05:00,PUR_IED_ClememciaC_Ext_1b411a,PUR_IED_ClememciaC_Ext_1b411a,,,,,
2026-09-12T06:41:10-05:00,PUR_IED_ClememciaC_Quimic_44b5fc,PUR_IED_ClememciaC_Quimic_44b5fc,,,,,
2026-09-12T06:41:10-05:00,PUR_IED_ClemenciaC_203_43e2fc,PUR_IED_ClemenciaC_203_43e2fc,,,,,
2026-09-12T06:41:10-05:00,PUR_IED_ClemenciaC_Ext_1b411a,PUR_IED_ClemenciaC_Ext_1b411a,,,,,
2026-09-12T06:41:10-05:00,PUR_IED_ClemenciaC_Quimic_44b5fc,PUR_IED_ClemenciaC_Quimic_44b5fc,,,,,
2026-09-12T06:41:10-05:00,PUR_IED_ColViva_1101_S25_7f520a,PUR_IED_ColViva_1101_S25_7f520a,,,,,
2026-09-12T06:41:10-05:00,PUR_IED_ColViva_1102_S16_f570ba,PUR_IED_ColViva_1102_S16_f570ba,,,,,
2026-09-12T06:41:10-05:00,PUR_IED_ColViva_Ext_1a26fa,PUR_IED_ColViva_Ext_1a26fa,,,,,
2026-09-12T06:41:10-05:00,PUR_IED_ColegioBici_Asist_7c8798,PUR_IED_ColegioBici_Asist_7c8798,,,,,
2026-09-12T06:41:10-05:00,PUR_IED_ColegioBici_Ext_25cbf6,PUR_IED_ColegioBici_Ext_25cbf6,,,,,
2026-09-12T06:41:10-05:00,PUR_IED_ColegioBici_LabQ_7b57db,PUR_IED_ColegioBici_LabQ_7b57db,,,,,
2026-09-12T06:41:10-05:00,PUR_IED_CostaRica_Ext_5e640,PUR_IED_CostaRica_Ext_5e640,,,,,
2026-09-12T06:41:10-05:00,PUR_IED_CostaRica_Quim1_766d1c,PUR_IED_CostaRica_Quim1_766d1c,,,,,
2026-09-12T06:41:10-05:00,PUR_IED_CostaRica__Fisica_6f0873,PUR_IED_CostaRica__Fisica_6f0873,,,,,
2026-09-12T06:41:10-05:00,PUR_IED_CulPopu_301A_f660f3,PUR_IED_CulPopu_301A_f660f3,,,,,
2026-09-12T06:41:10-05:00,PUR_IED_CulPopu_303_568afe,PUR_IED_CulPopu_303_568afe,,,,,
2026-09-12T06:41:10-05:00,PUR_IED_CulPopu_Ext_e02ccb,PUR_IED_CulPopu_Ext_e02ccb,,,,,
2026-09-12T06:41:10-05:00,PUR_IED_Cundinamarca_Ext_f15985,PUR_IED_Cundinamarca_Ext_f15985,,,,,
2026-09-12T06:41:10-05:00,PUR_IED_Cundinamarca_Info_7aa5d7,PUR_IED_Cundinamarca_Info_7aa5d7,,,,,
2026-09-12T06:41:10-05:00,PUR_IED_Cundinamarca_Tec2_f449c7,PUR_IED_Cundinamarca_Tec2_f449c7,,,,,
2026-09-12T06:41:10-05:00,PUR_IED_DiegoM_Aula1_27b314,PUR_IED_DiegoM_Aula1_27b314,,,,,
2026-09-12T06:41:10-05:00,PUR_IED_DiegoM_Ext_d80ac8,PUR_IED_DiegoM_Ext_d80ac8,,,,,
2026-09-12T06:41:10-05:00,PUR_IED_DiegoM_S25_da928f,PUR_IED_DiegoM_S25_da928f,,,,,
2026-09-12T06:41:10-05:00,PUR_IED_ELRODEO_360881,PUR_IED_ELRODEO_360881,,,,,
2026-09-12T06:41:10-05:00,PUR_IED_ELRODEO_ext_360881,PUR_IED_ELRODEO_ext_360881,,,,,
2026-09-12T06:41:10-05:00,PUR_IED_EduardoU_Ext_1c1969,PUR_IED_EduardoU_Ext_1c1969,,,,,
2026-09-12T06:41:10-05:00,PUR_IED_EduardoU_SCiencia_4dfb94,PUR_IED_EduardoU_SCiencia_4dfb94,,,,,
2026-09-12T06:41:10-05:00,PUR_IED_EduardoU_SQuimica_5a46e7,PUR_IED_EduardoU_SQuimica_5a46e7,,,,,
2026-09-12T06:41:10-05:00,PUR_IED_ElRodeo_Aula14_676984,PUR_IED_ElRodeo_Aula14_676984,,,,,
2026-09-12T06:41:10-05:00,PUR_IED_ElRodeo_Aula16_2dd35b,PUR_IED_ElRodeo_Aula16_2dd35b,,,,,
2026-09-12T06:41:10-05:00,PUR_IED_ElRodeo_Ext_360881,PUR_IED_ElRodeo_Ext_360881,,,,,
2026-09-12T06:41:10-05:00,PUR_IED_ElRodeo_Exterior_8c6d28,PUR_IED_ElRodeo_Exterior_8c6d28,,,,,
2026-09-12T06:41:10-05:00,PUR_IED_ElRodeo_ext_360881,PUR_IED_ElRodeo_ext_360881,,,,,
2026-09-12T06:41:10-05:00,PUR_IED_EmmaReyes_Ext_987625,PUR_IED_EmmaReyes_Ext_987625,8,21,53,4.6367,-74.1511
2026-09-12T06:41:10-05:00,PUR_IED_Ensueño_Ext_7f0250,PUR_IED_Ensueño_Ext_7f0250,,,,,
2026-09-12T06:41:10-05:00,PUR_IED_EscNormal_Ext_5fef3b,PUR_IED_EscNormal_Ext_5fef3b,2,18,61,4.5852,-74.096901
2026-09-12T06:41:10-05:00,PUR_IED_EscNormal_S309_5b263,PUR_IED_EscNormal_S309_5b263,,,,,
2026-09-12T06:41:10-05:00,PUR_IED_EscNormal_S310_27b3b8,PUR_IED_EscNormal_S310_27b3b8,,,,,
2026-09-12T06:41:10-05:00,PUR_IED_Evangelista_Conta_f6cd4f,PUR_IED_Evangelista_Conta_f6cd4f,,,,,
2026-09-12T06:41:10-05:00,PUR_IED_Evangelista_Cri_5e16a,PUR_IED_Evangelista_Cri_5e16a,,,,,
2026-09-12T06:41:10-05:00,PUR_IED_Evangelista_Exter_754066,PUR_IED_Evangelista_Exter_754066,,,,,
2026-09-12T06:41:10-05:00,PUR_IED_FMiranda_S209_5cc2a3,PUR_IED_FMiranda_S209_5cc2a3,,,,,
2026-09-12T06:41:10-05:00,PUR_IED_FMiranda_S303_19e344,PUR_IED_FMiranda_S303_19e344,,,,,
2026-09-12T06:41:10-05:00,PUR_IED_FMiranda_ext_f53e7c,PUR_IED_FMiranda_ext_f53e7c,,,,,
2026-09-12T06:41:10-05:00,PUR_IED_FabioLozano_Bibli_1cee05,PUR_IED_FabioLozano_Bibli_1cee05,,,,,
2026-09-12T06:41:10-05:00,PUR_IED_FabioLozano_Ext_6ea285,PUR_IED_FabioLozano_Ext_6ea285,,,,,
2026-09-12T06:41:10-05:00,PUR_IED_FabioLozano_SLudi_f09e1e,PUR_IED_FabioLozano_SLudi_f09e1e,,,,,
2026-09-12T06:41:10-05:00,PUR_IED_FaustinoS_Aula07_27a731,PUR_IED_FaustinoS_Aula07_27a731,,,,,
2026-09-12T06:41:10-05:00,PUR_IED_FaustinoS_Ext_7b936f,PUR_IED_FaustinoS_Ext_7b936f,,,,,
2026-09-12T06:41:10-05:00,PUR_IED_FaustinoS_Fisica_da2c60,PUR_IED_FaustinoS_Fisica_da2c60,,,,,
2026-09-12T06:41:10-05:00,PUR_IED_FeGarciaLo_Ext_dc68ee,PUR_IED_FeGarciaLo_Ext_dc68ee,,,,,
2026-09-12T06:41:10-05:00,PUR_IED_FeGarciaLo_SDanza_f70a59,PUR_IED_FeGarciaLo_SDanza_f70a59,,,,,
2026-09-12T06:41:10-05:00,PUR_IED_FeGarciaLo_SMusic_125cdd,PUR_IED_FeGarciaLo_SMusic_125cdd,,,,,
2026-09-12T06:41:10-05:00,PUR_IED_FederalAlema_Exte_50c345,PUR_IED_FederalAlema_Exte_50c345,,,,,
2026-09-12T06:41:10-05:00,PUR_IED_FederalAlema_S31_f18371,PUR_IED_FederalAlema_S31_f18371,,,,,
2026-09-12T06:41:10-05:00,PUR_IED_FederalAlema_S901_a62cd,PUR_IED_FederalAlema_S901_a62cd,,,,,
2026-09-12T06:41:10-05:00,PUR_IED_FilarmonicaS_A5_f35eb1,PUR_IED_FilarmonicaS_A5_f35eb1,,,,,
2026-09-12T06:41:10-05:00,PUR_IED_FilarmonicaS_Ext_8a3bde,PUR_IED_FilarmonicaS_Ext_8a3bde,,,,,
2026-09-12T06:41:10-05:00,PUR_IED_FilarmonicaS_Spol_406114,PUR_IED_FilarmonicaS_Spol_406114,,,,,
2026-09-12T06:41:10-05:00,PUR_IED_FlorentinoG_A13_d1fa59,PUR_IED_FlorentinoG_A13_d1fa59,,,,,
2026-09-12T06:41:10-05:00,PUR_IED_FlorentinoG_Ext_1ce6ce,PUR_IED_FlorentinoG_Ext_1ce6ce,,,,,
2026-09-12T06:41:10-05:00,PUR_IED_FlorentinoG_Idiom_a66aac,PUR_IED_FlorentinoG_Idiom_a66aac,,,,,
2026-09-12T06:41:10-05:00,PUR_IED_FranciscoMati_Ext_e3869d,PUR_IED_FranciscoMati_Ext_e3869d,,,,,
2026-09-12T06:41:10-05:00,PUR_IED_FranciscoMati_S13_f31c67,PUR_IED_FranciscoMati_S13_f31c67,,,,,
2026-09-12T06:41:10-05:00,PUR_IED_FranciscoMati_S14_97dead,PUR_IED_FranciscoMati_S14_97dead,,,,,
2026-09-12T06:41:10-05:00,PUR_IED_FranciscoPS_Ext_7bfa9a,PUR_IED_FranciscoPS_Ext_7bfa9a,3,19,62,4.5899,-74.110397
2026-09-12T06:41:10-05:00,PUR_IED_FranciscoPS_Infor_fb8f4c,PUR_IED_FranciscoPS_Infor_fb8f4c,,,,,
2026-09-12T06:41:10-05:00,PUR_IED_FranciscoPS_Quimi_94d39c,PUR_IED_FranciscoPS_Quimi_94d39c,,,,,
2026-09-12T06:41:10-05:00,PUR_IED_FranciscoP_LabQ_d7e148,PUR_IED_FranciscoP_LabQ_d7e148,,,,,
2026-09-12T06:41:10-05:00,PUR_IED_FranciscoP_S28_cf9b30,PUR_IED_FranciscoP_S28_cf9b30,,,,,
2026-09-12T06:41:10-05:00,PUR_IED_FranciscoP_ext_e2313,PUR_IED_FranciscoP_ext_e2313,,,,,
2026-09-12T06:41:10-05:00,PUR_IED_FriederichN_Ext_8ac92a,PUR_IED_FriederichN_Ext_8ac92a,,,,,
2026-09-12T06:41:10-05:00,PUR_IED_FriederichN_S301_dd7e5a,PUR_IED_FriederichN_S301_dd7e5a,,,,,
2026-09-12T06:41:10-05:00,PUR_IED_FriederichN_S308_761f4f,PUR_IED_FriederichN_S308_761f4f,,,,,
2026-09-12T06:41:10-05:00,PUR_IED_GSantander_Aula10_533dd7,PUR_IED_GSantander_Aula10_533dd7,,,,,
2026-09-12T06:41:10-05:00,PUR_IED_GSantander_Aula12_fd4e4f,PUR_IED_GSantander_Aula12_fd4e4f,,,,,
2026-09-12T06:41:10-05:00,PUR_IED_GSantander_Aula310_533dd7,PUR_IED_GSantander_Aula310_533dd7,,,,,
2026-09-12T06:41:10-05:00,PUR_IED_GSantander_Aula312_fd4e4f,PUR_IED_GSantander_Aula312_fd4e4f,,,,,
2026-09-12T06:41:10-05:00,PUR_IED_GSantander_Ext_5f66b0,PUR_IED_GSantander_Ext_5f66b0,,,,,
2026-09-12T06:41:10-05:00,PUR_IED_GYomasa_Ext_f6bea5,PUR_IED_GYomasa_Ext_f6bea5,,,,,
2026-09-12T06:41:10-05:00,PUR_IED_GYomasa_LBiol_2c41aa,PUR_IED_GYomasa_LBiol_2c41aa,,,,,
2026-09-12T06:41:10-05:00,PUR_IED_GYomasa_LQuim_33c80,PUR_IED_GYomasa_LQuim_33c80,,,,,
2026-09-12T06:41:10-05:00,PUR_IED_GabBetMejia_Cienc_5a99c,PUR_IED_GabBetMejia_Cienc_5a99c,,,,,
2026-09-12T06:41:10-05:00,PUR_IED_GabBetMejia_Ext_9153d0,PUR_IED_GabBetMejia_Ext_9153d0,,,,,
2026-09-12T06:41:10-05:00,PUR_IED_GabBetMejia_Lab_f55347,PUR_IED_GabBetMejia_Lab_f55347,,,,,
2026-09-12T06:41:10-05:00,PUR_IED_GabBetanMejia_Ext_9153d0,PUR_IED_GabBetanMejia_Ext_9153d0,,,,,
2026-09-12T06:41:10-05:00,PUR_IED_Gaitana_Aula13_7aac11,PUR_IED_Gaitana_Aula13_7aac11,,,,,
2026-09-12T06:41:10-05:00,PUR_IED_Gaitana_Ext_5fcf4,PUR_IED_Gaitana_Ext_5fcf4,,,,,
2026-09-12T06:41:10-05:00,PUR_IED_Gaitana_LabFisica_644448,PUR_IED_Gaitana_LabFisica_644448,,,,,
2026-09-12T06:41:10-05:00,PUR_IED_GenSantander_Dise_8ac858,PUR_IED_GenSantander_Dise_8ac858,,,,,
2026-09-12T06:41:10-05:00,PUR_IED_GenSantander_Ext_8d5dfe,PUR_IED_GenSantander_Ext_8d5dfe,,,,,
2026-09-12T06:41:10-05:00,PUR_IED_GenSantander_Info_6c25b,PUR_IED_GenSantander_Info_6c25b,,,,,
2026-09-12T06:41:10-05:00,PUR_IED_GustavoMo_Exterio_75e63d,PUR_IED_GustavoMo_Exterio_75e63d,,,,,
2026-09-12T06:41:10-05:00,PUR_IED_GustavoMo_LabFisi_224d37,PUR_IED_GustavoMo_LabFisi_224d37,,,,,
2026-09-12T06:41:10-05:00,PUR_IED_GustavoMo_S208_3e6918,PUR_IED_GustavoMo_S208_3e6918,,,,,
2026-09-12T06:41:10-05:00,PUR_IED_GustavoR_A02_8cd4a8,PUR_IED_GustavoR_A02_8cd4a8,,,,,
2026-09-12T06:41:10-05:00,PUR_IED_GustavoR_B11_5b0ed,PUR_IED_GustavoR_B11_5b0ed,,,,,
2026-09-12T06:41:10-05:00,PUR_IED_GustavoR_Ext_7a0c90,PUR_IED_GustavoR_Ext_7a0c90,,,,,
2026-09-12T06:41:10-05:00,PUR_IED_HernandoDuran_Ext_8cd82b,PUR_IED_HernandoDuran_Ext_8cd82b,,,,,
2026-09-12T06:41:10-05:00,PUR_IED_HernandoDuran_S24_2772c6,PUR_IED_HernandoDuran_S24_2772c6,,,,,
2026-09-12T06:41:10-05:00,PUR_IED_HernandoDuran_S30_f2de41,PUR_IED_HernandoDuran_S30_f2de41,,,,,
2026-09-12T06:41:10-05:00,PUR_IED_HolguInUr_S1101_8cd732,PUR_IED_HolguInUr_S1101_8cd732,,,,,
2026-09-12T06:41:10-05:00,PUR_IED_HolguinUr_Exter_ddae6d,PUR_IED_HolguinUr_Exter_ddae6d,,,,,
2026-09-12T06:41:10-05:00,PUR_IED_HolguinUr_LabQuim_92b952,PUR_IED_HolguinUr_LabQuim_92b952,,,,,
2026-09-12T06:41:10-05:00,PUR_IED_Isabel-II_Ext_5245cc,PUR_IED_Isabel-II_Ext_5245cc,5,18,61,4.6336,-74.153
2026-09-12T06:41:10-05:00,PUR_IED_Isabel-II_S_idiom_1c29aa,PUR_IED_Isabel-II_S_idiom_1c29aa,,,,,
2026-09-12T06:41:10-05:00,PUR_IED_Isabel-II_S_infor_fd741,PUR_IED_Isabel-II_S_infor_fd741,,,,,
2026-09-12T06:41:10-05:00,PUR_IED_IsidroSur_Exterio_5b90ea,PUR_IED_IsidroSur_Exterio_5b90ea,,,,,
2026-09-12T06:41:10-05:00,PUR_IED_IsidroSur_LabTec_56697a,PUR_IED_IsidroSur_LabTec_56697a,,,,,
2026-09-12T06:41:10-05:00,PUR_IED_IsidroSur_Robotic_b7c38f,PUR_IED_IsidroSur_Robotic_b7c38f,,,,,
2026-09-12T06:41:10-05:00,PUR_IED_IsmaelPerd_Ext_7b6672,PUR_IED_IsmaelPerd_Ext_7b6672,,,,,
2026-09-12T06:41:10-05:00,PUR_IED_IsmaelPerd_Inform_306540,PUR_IED_IsmaelPerd_Inform_306540,,,,,
2026-09-12T06:41:10-05:00,PUR_IED_IsmaelPerd_S30_2e2c83,PUR_IED_IsmaelPerd_S30_2e2c83,,,,,
2026-09-12T06:41:10-05:00,PUR_IED_JLozano_Exter_432910,PUR_IED_JLozano_Exter_432910,,,,,
2026-09-12T06:41:10-05:00,PUR_IED_JLozano_salaMulti_df5125,PUR_IED_JLozano_salaMulti_df5125,,,,,
2026-09-12T06:41:10-05:00,PUR_IED_JMCordoba_206_86f80b,PUR_IED_JMCordoba_206_86f80b,,,,,
2026-09-12T06:41:10-05:00,PUR_IED_JMCordoba_Ext_27ad97,PUR_IED_JMCordoba_Ext_27ad97,,,,,
2026-09-12T06:41:10-05:00,PUR_IED_JMCordoba_S310_d59ab4,PUR_IED_JMCordoba_S310_d59ab4,,,,,
2026-09-12T06:41:10-05:00,PUR_IED_Japon_Ext_549100,PUR_IED_Japon_Ext_549100,,,,,
2026-09-12T06:41:10-05:00,PUR_IED_Japon_Laboratorio_bec51d,PUR_IED_Japon_Laboratorio_bec51d,,,,,
2026-09-12T06:41:10-05:00,PUR_IED_Japon_informatica_d99327,PUR_IED_Japon_informatica_d99327,,,,,
2026-09-12T06:41:10-05:00,PUR_IED_Jazmin_Ext_d27bda,PUR_IED_Jazmin_Ext_d27bda,,,,,
2026-09-12T06:41:10-05:00,PUR_IED_Jazmin_Fisica_8d14d7,PUR_IED_Jazmin_Fisica_8d14d7,,,,,
2026-09-12T06:41:10-05:00,PUR_IED_Jazmin_Quimica_801cb5,PUR_IED_Jazmin_Quimica_801cb5,,,,,
2026-09-12T06:41:10-05:00,PUR_IED_JorgeGaitan_Exter_f098d1,PUR_IED_JorgeGaitan_Exter_f098d1,,,,,
2026-09-12T06:41:10-05:00,PUR_IED_JorgeGaitan_STec1_dc9d1d,PUR_IED_JorgeGaitan_STec1_dc9d1d,,,,,
2026-09-12T06:41:10-05:00,PUR_IED_JorgeGaitan_STec2_281e69,PUR_IED_JorgeGaitan_STec2_281e69,,,,,
2026-09-12T06:41:10-05:00,PUR_IED_JorgeSoto_Exterio_d9d0a2,PUR_IED_JorgeSoto_Exterio_d9d0a2,,,,,
2026-09-12T06:41:10-05:00,PUR_IED_JorgeSoto_LabFisi_209c54,PUR_IED_JorgeSoto_LabFisi_209c54,,,,,
2026-09-12T06:41:10-05:00,PUR_IED_JorgeSoto_S103_27b51a,PUR_IED_JorgeSoto_S103_27b51a,,,,,
2026-09-12T06:41:10-05:00,PUR_IED_JoseAcevedo_A02_e965eb,PUR_IED_JoseAcevedo_A02_e965eb,,,,,
2026-09-12T06:41:10-05:00,PUR_IED_JoseAcevedo_A07_dd5b4,PUR_IED_JoseAcevedo_A07_dd5b4,,,,,
2026-09-12T06:41:10-05:00,PUR_IED_JoseAcevedo_Ext_b47484,PUR_IED_JoseAcevedo_Ext_b47484,,,,,
2026-09-12T06:41:10-05:00,PUR_IED_JoseMarti_Exte_5b9bf,PUR_IED_JoseMarti_Exte_5b9bf,,,,,
2026-09-12T06:41:10-05:00,PUR_IED_JoseMarti_LabQuim_1c6c2d,PUR_IED_JoseMarti_LabQuim_1c6c2d,,,,,
2026-09-12T06:41:10-05:00,PUR_IED_JoseMarti_S_info_f5f177,PUR_IED_JoseMarti_S_info_f5f177,,,,,
2026-09-12T06:41:10-05:00,PUR_IED_Josejoaquin_Ext_dfc5dc,PUR_IED_Josejoaquin_Ext_dfc5dc,,,,,
2026-09-12T06:41:10-05:00,PUR_IED_Josejoaquin_S05_5b2a96,PUR_IED_Josejoaquin_S05_5b2a96,,,,,
2026-09-12T06:41:10-05:00,PUR_IED_Josejoaquin_S06_1ce7d2,PUR_IED_Josejoaquin_S06_1ce7d2,,,,,
2026-09-12T06:41:10-05:00,PUR_IED_JulioFlorez_Danza_9b82dd,PUR_IED_JulioFlorez_Danza_9b82dd,,,,,
2026-09-12T06:41:10-05:00,PUR_IED_JulioFlorez_Exter_f9f314,PUR_IED_JulioFlorez_Exter_f9f314,,,,,
2026-09-12T06:41:10-05:00,PUR_IED_JulioFlorez_info2_6b6e08,PUR_IED_JulioFlorez_info2_6b6e08,,,,,
2026-09-12T06:41:10-05:00,PUR_IED_LaBelleza_Aula13_1d00d8,PUR_IED_LaBelleza_Aula13_1d00d8,,,,,
2026-09-12T06:41:10-05:00,PUR_IED_LaBelleza_Ext_7bc08c,PUR_IED_LaBelleza_Ext_7bc08c,,,,,
2026-09-12T06:41:10-05:00,PUR_IED_LaChucua_Ext_8cd6d2,PUR_IED_LaChucua_Ext_8cd6d2,,,,,
2026-09-12T06:41:10-05:00,PUR_IED_LaChucua_S15_f578ce,PUR_IED_LaChucua_S15_f578ce,,,,,
2026-09-12T06:41:10-05:00,PUR_IED_LaChucua_S16_eebcf9,PUR_IED_LaChucua_S16_eebcf9,,,,,
2026-09-12T06:41:10-05:00,PUR_IED_LaFelicidad_Ext_fb5109,PUR_IED_LaFelicidad_Ext_fb5109,,,,,
2026-09-12T06:41:10-05:00,PUR_IED_LaMerced_206_66ebd,PUR_IED_LaMerced_206_66ebd,,,,,
2026-09-12T06:41:10-05:00,PUR_IED_LaMerced_207_6ebd6,PUR_IED_LaMerced_207_6ebd6,,,,,
2026-09-12T06:41:10-05:00,PUR_IED_LaMerced_ext_304311,PUR_IED_LaMerced_ext_304311,,,,,
2026-09-12T06:41:10-05:00,PUR_IED_Laureano_CiencNat_281e5e,PUR_IED_Laureano_CiencNat_281e5e,,,,,
2026-09-12T06:41:10-05:00,PUR_IED_Laureano_Comedor_f65c0a,PUR_IED_Laureano_Comedor_f65c0a,,,,,
2026-09-12T06:41:10-05:00,PUR_IED_Laureano_Exterior_7ab011,PUR_IED_Laureano_Exterior_7ab011,,,,,
2026-09-12T06:41:10-05:00,PUR_IED_LeonGreiff_Exte_dfe560,PUR_IED_LeonGreiff_Exte_dfe560,,,,,
2026-09-12T06:41:10-05:00,PUR_IED_LeonGreiff_S210_f264ed,PUR_IED_LeonGreiff_S210_f264ed,,,,,
2026-09-12T06:41:10-05:00,PUR_IED_LeonGreiff_SQuimi_e8296f,PUR_IED_LeonGreiff_SQuimi_e8296f,,,,,
2026-09-12T06:41:10-05:00,PUR_IED_LlanoOrientalS208_7b9fcd,PUR_IED_LlanoOrientalS208_7b9fcd,,,,,
2026-09-12T06:41:10-05:00,PUR_IED_LlanoOriental_Ext_fb3766,PUR_IED_LlanoOriental_Ext_fb3766,,,,,
2026-09-12T06:41:10-05:00,PUR_IED_LlanoOriental_S208_7b9fcd,PUR_IED_LlanoOriental_S208_7b9fcd,,,,,
2026-09-12T06:41:10-05:00,PUR_IED_LlanoOriental_S9_27b378,PUR_IED_LlanoOriental_S9_27b378,,,,,
2026-09-12T06:41:10-05:00,PUR_IED_LosTejares_1101_477602,PUR_IED_LosTejares_1101_477602,,,,,
2026-09-12T06:41:10-05:00,PUR_IED_LosTejares_11_d2c595,PUR_IED_LosTejares_11_d2c595,,,,,
2026-09-12T06:41:10-05:00,PUR_IED_LosTejares_12_477602,PUR_IED_LosTejares_12_477602,,,,,
2026-09-12T06:41:10-05:00,PUR_IED_LosTejares_Ext_8e2115,PUR_IED_LosTejares_Ext_8e2115,,,,,
2026-09-12T06:41:10-05:00,PUR_IED_MagdalenaO_B202_5ddda3,PUR_IED_MagdalenaO_B202_5ddda3,,,,,
2026-09-12T06:41:10-05:00,PUR_IED_MagdalenaO_B205_fb76e8,PUR_IED_MagdalenaO_B205_fb76e8,,,,,
2026-09-12T06:41:10-05:00,PUR_IED_MagdalenaO_ext_dc69cd,PUR_IED_MagdalenaO_ext_dc69cd,,,,,
2026-09-12T06:41:10-05:00,PUR_IED_ManueCepeda_artes_eee956,PUR_IED_ManueCepeda_artes_eee956,,,,,
2026-09-12T06:41:10-05:00,PUR_IED_ManuelCepeda_Ext_58313,PUR_IED_ManuelCepeda_Ext_58313,,,,,
2026-09-12T06:41:10-05:00,PUR_IED_ManuelCepeda_tec_1c5731,PUR_IED_ManuelCepeda_tec_1c5731,,,,,
2026-09-12T06:41:10-05:00,PUR_IED_ManuelS_Exterior_5b269,PUR_IED_ManuelS_Exterior_5b269,,,,,
2026-09-12T06:41:10-05:00,PUR_IED_ManuelS_Inform_f369ce,PUR_IED_ManuelS_Inform_f369ce,,,,,
2026-09-12T06:41:10-05:00,PUR_IED_ManuelS_SArtes_7d15f1,PUR_IED_ManuelS_SArtes_7d15f1,,,,,
2026-09-12T06:41:10-05:00,PUR_IED_ManuelZapata_303_3ca6,PUR_IED_ManuelZapata_303_3ca6,,,,,
2026-09-12T06:41:10-05:00,PUR_IED_ManuelZapata_311_bfbabc,PUR_IED_ManuelZapata_311_bfbabc,,,,,
2026-09-12T06:41:10-05:00,PUR_IED_ManuelZapata_Ext_50824a,PUR_IED_ManuelZapata_Ext_50824a,,,,,
2026-09-12T06:41:10-05:00,PUR_IED_ManuelitaS_Exteri_656a92,PUR_IED_ManuelitaS_Exteri_656a92,,,,,
2026-09-12T06:41:10-05:00,PUR_IED_ManuelitaS_JuzgDe_f58ec3,PUR_IED_ManuelitaS_JuzgDe_f58ec3,,,,,
2026-09-12T06:41:10-05:00,PUR_IED_ManuelitaS_Recrea_d793db,PUR_IED_ManuelitaS_Recrea_d793db,,,,,
2026-09-12T06:41:10-05:00,PUR_IED_MarFidSuarez_Ext_c27b19,PUR_IED_MarFidSuarez_Ext_c27b19,,,,,
2026-09-12T06:41:10-05:00,PUR_IED_MarFidSuarez_Info_e384d7,PUR_IED_MarFidSuarez_Info_e384d7,,,,,
2026-09-12T06:41:10-05:00,PUR_IED_MarFidSuarez_S306_1d0032,PUR_IED_MarFidSuarez_S306_1d0032,,,,,
2026-09-12T06:41:10-05:00,PUR_IED_Menorah_301_2a25a3,PUR_IED_Menorah_301_2a25a3,,,,,
2026-09-12T06:41:10-05:00,PUR_IED_Menorah_306_37ed3,PUR_IED_Menorah_306_37ed3,,,,,
2026-09-12T06:41:10-05:00,PUR_IED_Menorah_Ext_3e155b,PUR_IED_Menorah_Ext_3e155b,,,,,
2026-09-12T06:41:10-05:00,PUR_IED_MinutoB.Aires_A11_1b1604,PUR_IED_MinutoB.Aires_A11_1b1604,,,,,
2026-09-12T06:41:10-05:00,PUR_IED_MinutoB.Aires_A12_fb5860,PUR_IED_MinutoB.Aires_A12_fb5860,,,,,
2026-09-12T06:41:10-05:00,PUR_IED_MinutoB.Aires_Ext_81293f,PUR_IED_MinutoB.Aires_Ext_81293f,,,,,
2026-09-12T06:41:10-05:00,PUR_IED_MinutoBAires_A11_1b1604,PUR_IED_MinutoBAires_A11_1b1604,,,,,
2026-09-12T06:41:10-05:00,PUR_IED_MinutoBAires_A12_fb5860,PUR_IED_MinutoBAires_A12_fb5860,,,,,
2026-09-12T06:41:10-05:00,PUR_IED_MinutoBAires_Ext_81293f,PUR_IED_MinutoBAires_Ext_81293f,,,,,
2026-09-12T06:41:10-05:00,PUR_IED_Montreal_Aula10_1e4959,PUR_IED_Montreal_Aula10_1e4959,,,,,
2026-09-12T06:41:10-05:00,PUR_IED_Montreal_Aula6_300367,PUR_IED_Montreal_Aula6_300367,,,,,
2026-09-12T06:41:10-05:00,PUR_IED_Montreal_Exterior_91a179,PUR_IED_Montreal_Exterior_91a179,,,,,
2026-09-12T06:41:10-05:00,PUR_IED_Mqgdalena_B202_5ddda3,PUR_IED_Mqgdalena_B202_5ddda3,,,,,
2026-09-12T06:41:10-05:00,PUR_IED_NACUND_Soc_dc8728,PUR_IED_NACUND_Soc_dc8728,,,,,
2026-09-12T06:41:10-05:00,PUR_IED_NACUND_ext_27ad97,PUR_IED_NACUND_ext_27ad97,,,,,
2026-09-12T06:41:10-05:00,PUR_IED_NEsperanza_Ext_d24b61,PUR_IED_NEsperanza_Ext_d24b61,,,,,
2026-09-12T06:41:10-05:00,PUR_IED_NEsperanza_SElect_7d1807,PUR_IED_NEsperanza_SElect_7d1807,,,,,
2026-09-12T06:41:10-05:00,PUR_IED_NEsperanza_SLabor_8b2d0a,PUR_IED_NEsperanza_SLabor_8b2d0a,,,,,
2026-09-12T06:41:10-05:00,PUR_IED_NacionesU_Ext_f661a9,PUR_IED_NacionesU_Ext_f661a9,,,,,
2026-09-12T06:41:10-05:00,PUR_IED_NacionesU_Quimica_66f0a,PUR_IED_NacionesU_Quimica_66f0a,,,,,
2026-09-12T06:41:10-05:00,PUR_IED_NacionesU_S306_1b4b3d,PUR_IED_NacionesU_S306_1b4b3d,,,,,
2026-09-12T06:41:10-05:00,PUR_IED_NestorFA_Ext_e4201c,PUR_IED_NestorFA_Ext_e4201c,,,,,
2026-09-12T06:41:10-05:00,PUR_IED_NestorFA_Laborato_f22fe0,PUR_IED_NestorFA_Laborato_f22fe0,,,,,
2026-09-12T06:41:10-05:00,PUR_IED_NestorFA_S204_dee996,PUR_IED_NestorFA_S204_dee996,,,,,
2026-09-12T06:41:10-05:00,PUR_IED_NidyaQT_Aula03_76999b,PUR_IED_NidyaQT_Aula03_76999b,,,,,
2026-09-12T06:41:10-05:00,PUR_IED_NidyaQT_Aula10_56325,PUR_IED_NidyaQT_Aula10_56325,,,,,
2026-09-12T06:41:10-05:00,PUR_IED_NidyaQT_Ext_46e32d,PUR_IED_NidyaQT_Ext_46e32d,,,,,
2026-09-12T06:41:10-05:00,PUR_IED_NuevaCol_Exterior_d9b859,PUR_IED_NuevaCol_Exterior_d9b859,,,,,
2026-09-12T06:41:10-05:00,PUR_IED_NuevaCol_S1101_76c43b,PUR_IED_NuevaCol_S1101_76c43b,,,,,
2026-09-12T06:41:10-05:00,PUR_IED_NuevaCol_S1102_1ce0b5,PUR_IED_NuevaCol_S1102_1ce0b5,,,,,
2026-09-12T06:41:10-05:00,PUR_IED_OEA_A202_f7e3f2,PUR_IED_OEA_A202_f7e3f2,,,,,
2026-09-12T06:41:10-05:00,PUR_IED_OEA_A203_7d1b8d,PUR_IED_OEA_A203_7d1b8d,,,,,
2026-09-12T06:41:10-05:00,PUR_IED_OEA_Ext_27b593,PUR_IED_OEA_Ext_27b593,,,,,
2026-09-12T06:41:10-05:00,PUR_IED_Ochoa_Ext_1c29da,PUR_IED_Ochoa_Ext_1c29da,,,,,
2026-09-12T06:41:10-05:00,PUR_IED_Ochoa_S205_8b1121,PUR_IED_Ochoa_S205_8b1121,,,,,
2026-09-12T06:41:10-05:00,PUR_IED_Ochoa_Sistemas_f33af6,PUR_IED_Ochoa_Sistemas_f33af6,,,,,
2026-09-12T06:41:10-05:00,PUR_IED_PQuebec_Ext_1c67c7,PUR_IED_PQuebec_Ext_1c67c7,,,,,
2026-09-12T06:41:10-05:00,PUR_IED_PQuebec_S15_23e8e2,PUR_IED_PQuebec_S15_23e8e2,,,,,
2026-09-12T06:41:10-05:00,PUR_IED_PQuebec_S16_8ec76b,PUR_IED_PQuebec_S16_8ec76b,,,,,
2026-09-12T06:41:10-05:00,PUR_IED_PabloN_Ext_49dc96,PUR_IED_PabloN_Ext_49dc96,,,,,
2026-09-12T06:41:10-05:00,PUR_IED_PabloN_S1102_4e3df5,PUR_IED_PabloN_S1102_4e3df5,,,,,
2026-09-12T06:41:10-05:00,PUR_IED_PabloN_S1103_50c94b,PUR_IED_PabloN_S1103_50c94b,,,,,
2026-09-12T06:41:10-05:00,PUR_IED_Palestina_S1101_db9198,PUR_IED_Palestina_S1101_db9198,,,,,
2026-09-12T06:41:10-05:00,PUR_IED_Palestina_S1102_dc54fa,PUR_IED_Palestina_S1102_dc54fa,,,,,
2026-09-12T06:41:10-05:00,PUR_IED_Palestina_ext_4ccce6,PUR_IED_Palestina_ext_4ccce6,,,,,
2026-09-12T06:41:10-05:00,PUR_IED_Panama_Fisica_4d0794,PUR_IED_Panama_Fisica_4d0794,,,,,
2026-09-12T06:41:10-05:00,PUR_IED_Panama_SIngles_a4077e,PUR_IED_Panama_SIngles_a4077e,,,,,
2026-09-12T06:41:10-05:00,PUR_IED_Panama_ext_4c54b4,PUR_IED_Panama_ext_4c54b4,,,,,
2026-09-12T06:41:10-05:00,PUR_IED_ParaisoM_Exterior_8cd7f0,PUR_IED_ParaisoM_Exterior_8cd7f0,,,,,
2026-09-12T06:41:10-05:00,PUR_IED_ParaisoM_Laborato_27af35,PUR_IED_ParaisoM_Laborato_27af35,,,,,
2026-09-12T06:41:10-05:00,PUR_IED_ParaisoM_S304_d1edca,PUR_IED_ParaisoM_S304_d1edca,,,,,
2026-09-12T06:41:10-05:00,PUR_IED_PorfirioBarba_Ext_301466,PUR_IED_PorfirioBarba_Ext_301466,,,,,
2026-09-12T06:41:10-05:00,PUR_IED_PorfirioBarba_S11_df6cd2,PUR_IED_PorfirioBarba_S11_df6cd2,,,,,
2026-09-12T06:41:10-05:00,PUR_IED_PorfirioBarba_S29_27a7d6,PUR_IED_PorfirioBarba_S29_27a7d6,,,,,
2026-09-12T06:41:10-05:00,PUR_IED_PradoV_Exter_8b27ad,PUR_IED_PradoV_Exter_8b27ad,,,,,
2026-09-12T06:41:10-05:00,PUR_IED_PradoV_S301_de65b5,PUR_IED_PradoV_S301_de65b5,,,,,
2026-09-12T06:41:10-05:00,PUR_IED_PradoV_S302_7d2593,PUR_IED_PradoV_S302_7d2593,,,,,
2026-09-12T06:41:10-05:00,PUR_IED_QuirogaAlz_Ext_1ddc82,PUR_IED_QuirogaAlz_Ext_1ddc82,,,,,
2026-09-12T06:41:10-05:00,PUR_IED_QuirogaAlz_S302_9926a3,PUR_IED_QuirogaAlz_S302_9926a3,,,,,
2026-09-12T06:41:10-05:00,PUR_IED_QuirogaAlz_S305_cdf1f1,PUR_IED_QuirogaAlz_S305_cdf1f1,,,,,
2026-09-12T06:41:10-05:00,PUR_IED_RGuatemala_Biling_dc53b7,PUR_IED_RGuatemala_Biling_dc53b7,,,,,
2026-09-12T06:41:10-05:00,PUR_IED_RGuatemala_Ext_1b89a3,PUR_IED_RGuatemala_Ext_1b89a3,,,,,
2026-09-12T06:41:10-05:00,PUR_IED_RGuatemala_Tecnol_281a34,PUR_IED_RGuatemala_Tecnol_281a34,,,,,
2026-09-12T06:41:10-05:00,PUR_IED_RafaNu_Ext_f7c302,PUR_IED_RafaNu_Ext_f7c302,,,,,
2026-09-12T06:41:10-05:00,PUR_IED_RafaNu_S1101_25fde,PUR_IED_RafaNu_S1101_25fde,,,,,
2026-09-12T06:41:10-05:00,PUR_IED_RafaNu_S1102_281517,PUR_IED_RafaNu_S1102_281517,,,,,
2026-09-12T06:41:10-05:00,PUR_IED_RafaelB_S305_ee2783,PUR_IED_RafaelB_S305_ee2783,,,,,
2026-09-12T06:41:10-05:00,PUR_IED_RafaelB_S306_75fe33,PUR_IED_RafaelB_S306_75fe33,,,,,
2026-09-12T06:41:10-05:00,PUR_IED_RafaelB_ext_283336,PUR_IED_RafaelB_ext_283336,2,18,59,4.6722,-74.0737
2026-09-12T06:41:10-05:00,PUR_IED_RafaelUU_Exterior_281a51,PUR_IED_RafaelUU_Exterior_281a51,,,,,
2026-09-12T06:41:10-05:00,PUR_IED_RafaelUU_Human_806b2,PUR_IED_RafaelUU_Human_806b2,,,,,
2026-09-12T06:41:10-05:00,PUR_IED_RafaelUU_Mate2_5680d4,PUR_IED_RafaelUU_Mate2_5680d4,,,,,
2026-09-12T06:41:10-05:00,PUR_IED_RamonSub_Ext_f9eeb9,PUR_IED_RamonSub_Ext_f9eeb9,,,,,
2026-09-12T06:41:10-05:00,PUR_IED_RamonSub_Media_d1f62f,PUR_IED_RamonSub_Media_d1f62f,,,,,
2026-09-12T06:41:10-05:00,PUR_IED_RamonSub_planta_51b82,PUR_IED_RamonSub_planta_51b82,,,,,
2026-09-12T06:41:10-05:00,PUR_IED_RepBoliVene_Exter_27af7c,PUR_IED_RepBoliVene_Exter_27af7c,,,,,
2026-09-12T06:41:10-05:00,PUR_IED_RepBoliVene_SCPT_5ae2ee,PUR_IED_RepBoliVene_SCPT_5ae2ee,,,,,
2026-09-12T06:41:10-05:00,PUR_IED_RepBoliVene_Socia_4b11d5,PUR_IED_RepBoliVene_Socia_4b11d5,,,,,
2026-09-12T06:41:10-05:00,PUR_IED_RepChina_Ext_76d9ee,PUR_IED_RepChina_Ext_76d9ee,,,,,
2026-09-12T06:41:10-05:00,PUR_IED_RepChina_S404_7c804c,PUR_IED_RepChina_S404_7c804c,,,,,
2026-09-12T06:41:10-05:00,PUR_IED_RepChina_S405_df2c33,PUR_IED_RepChina_S405_df2c33,,,,,
2026-09-12T06:41:10-05:00,PUR_IED_RepublicaC_Exteri_7d1ec9,PUR_IED_RepublicaC_Exteri_7d1ec9,,,,,
2026-09-12T06:41:10-05:00,PUR_IED_RepublicaC_S1101_f544b3,PUR_IED_RepublicaC_S1101_f544b3,,,,,
2026-09-12T06:41:10-05:00,PUR_IED_RepublicaC_S1102_7aafc7,PUR_IED_RepublicaC_S1102_7aafc7,,,,,
2026-09-12T06:41:10-05:00,PUR_IED_Ricaurte_Externo_a0ea1,PUR_IED_Ricaurte_Externo_a0ea1,,,,,
2026-09-12T06:41:10-05:00,PUR_IED_Ricaurte_S210_f546fd,PUR_IED_Ricaurte_S210_f546fd,,,,,
2026-09-12T06:41:10-05:00,PUR_IED_Ricaurte_S309_d4452,PUR_IED_Ricaurte_S309_d4452,,,,,
2026-09-12T06:41:10-05:00,PUR_IED_RogelioS_1102_531e69,PUR_IED_RogelioS_1102_531e69,,,,,
2026-09-12T06:41:10-05:00,PUR_IED_RogelioS_Ext_f25a18,PUR_IED_RogelioS_Ext_f25a18,,,,,
2026-09-12T06:41:10-05:00,PUR_IED_SBernardino_Ext_27aff8,PUR_IED_SBernardino_Ext_27aff8,,,,,
2026-09-12T06:41:10-05:00,PUR_IED_SBernardino_SArte_2ffd33,PUR_IED_SBernardino_SArte_2ffd33,,,,,
2026-09-12T06:41:10-05:00,PUR_IED_SBernardino_SIngl_7c7da5,PUR_IED_SBernardino_SIngl_7c7da5,,,,,
2026-09-12T06:41:10-05:00,PUR_IED_Sago_auditorio_dc9d1d,PUR_IED_Sago_auditorio_dc9d1d,,,,,
2026-09-12T06:41:10-05:00,PUR_IED_Saludcoop_Ext_95aac3,PUR_IED_Saludcoop_Ext_95aac3,,,,,
2026-09-12T06:41:10-05:00,PUR_IED_Saludcoop_InfI_90c854,PUR_IED_Saludcoop_InfI_90c854,,,,,
2026-09-12T06:41:10-05:00,PUR_IED_Saludcoop_SMedia_1b93be,PUR_IED_Saludcoop_SMedia_1b93be,,,,,
2026-09-12T06:41:10-05:00,PUR_IED_SanCarlos_1101_1a2360,PUR_IED_SanCarlos_1101_1a2360,,,,,
2026-09-12T06:41:10-05:00,PUR_IED_SanCarlos_1103_7bafb5,PUR_IED_SanCarlos_1103_7bafb5,,,,,
2026-09-12T06:41:10-05:00,PUR_IED_SanCarlos_Ext_b7cd1,PUR_IED_SanCarlos_Ext_b7cd1,,,,,
2026-09-12T06:41:10-05:00,PUR_IED_SanIgnacioBosa11a_50c26e,PUR_IED_SanIgnacioBosa11a_50c26e,,,,,
2026-09-12T06:41:10-05:00,PUR_IED_SanIgnacioBosa11b_371de8,PUR_IED_SanIgnacioBosa11b_371de8,,,,,
2026-09-12T06:41:10-05:00,PUR_IED_SanIgnacioBosaExt_ef0ffc,PUR_IED_SanIgnacioBosaExt_ef0ffc,,,,,
2026-09-12T06:41:10-05:00,PUR_IED_SanIgnacioBosa_11a_50c26e,PUR_IED_SanIgnacioBosa_11a_50c26e,,,,,
2026-09-12T06:41:10-05:00,PUR_IED_SanIgnacioBosa_Ext_ef0ffc,PUR_IED_SanIgnacioBosa_Ext_ef0ffc,,,,,
2026-09-12T06:41:10-05:00,PUR_IED_SanJoseN_intS1101_31c47f,PUR_IED_SanJoseN_intS1101_31c47f,,,,,
2026-09-12T06:41:10-05:00,PUR_IED_SanJoseUsm_Exter_f5d7e8,PUR_IED_SanJoseUsm_Exter_f5d7e8,,,,,
2026-09-12T06:41:10-05:00,PUR_IED_SanJoseUsm_Int11A_cfdef6,PUR_IED_SanJoseUsm_Int11A_cfdef6,,,,,
2026-09-12T06:41:10-05:00,PUR_IED_SilveriaR_IntB5_905349,PUR_IED_SilveriaR_IntB5_905349,,,,,
2026-09-12T06:41:10-05:00,PUR_IED_SilveriaR_IntSD14_981f93,PUR_IED_SilveriaR_IntSD14_981f93,,,,,
2026-09-12T06:41:10-05:00,PUR_IED_SilveriaR_ext_2b651d,PUR_IED_SilveriaR_ext_2b651d,,,,,
2026-09-12T06:41:10-05:00,PUR_IED_SimonB_Exterior_913975,PUR_IED_SimonB_Exterior_913975,,,,,
2026-09-12T06:41:10-05:00,PUR_IED_SimonB_LabQuimi_c56908,PUR_IED_SimonB_LabQuimi_c56908,,,,,
2026-09-12T06:41:10-05:00,PUR_IED_SimonB_informatic_a28c1,PUR_IED_SimonB_informatic_a28c1,,,,,
2026-09-12T06:41:10-05:00,PUR_IED_Sorrento_1102_315f50,PUR_IED_Sorrento_1102_315f50,,,,,
2026-09-12T06:41:10-05:00,PUR_IED_Sorrento_Minte_214eab,PUR_IED_Sorrento_Minte_214eab,,,,,
2026-09-12T06:41:10-05:00,PUR_IED_Sorrento_ext_7c3a0a,PUR_IED_Sorrento_ext_7c3a0a,,,,,
2026-09-12T06:41:10-05:00,PUR_IED_Tabora_Ext_f048ae,PUR_IED_Tabora_Ext_f048ae,,,,,
2026-09-12T06:41:10-05:00,PUR_IED_Tabora_S1102_b07752,PUR_IED_Tabora_S1102_b07752,,,,,
2026-09-12T06:41:10-05:00,PUR_IED_Tabora_S1103_d988f5,PUR_IED_Tabora_S1103_d988f5,,,,,
2026-09-12T06:41:10-05:00,PUR_IED_Tenerife_Ext_1ab188,PUR_IED_Tenerife_Ext_1ab188,,,,,
2026-09-12T06:41:10-05:00,PUR_IED_Tenerife_SDanzas_7bc02e,PUR_IED_Tenerife_SDanzas_7bc02e,,,,,
2026-09-12T06:41:10-05:00,PUR_IED_Tenerife_SIngles_7cc277,PUR_IED_Tenerife_SIngles_7cc277,,,,,
2026-09-12T06:41:10-05:00,PUR_IED_Tibabuyes_Exter_f2683d,PUR_IED_Tibabuyes_Exter_f2683d,,,,,
2026-09-12T06:41:10-05:00,PUR_IED_Tibabuyes_S10_dc87a8,PUR_IED_Tibabuyes_S10_dc87a8,,,,,
2026-09-12T06:41:10-05:00,PUR_IED_Tibabuyes_S15_dc0526,PUR_IED_Tibabuyes_S15_dc0526,,,,,
2026-09-12T06:41:10-05:00,PUR_IED_UnionE_S301_a1043,PUR_IED_UnionE_S301_a1043,,,,,
2026-09-12T06:41:10-05:00,PUR_IED_UnionE_S307_ff6c2f,PUR_IED_UnionE_S307_ff6c2f,,,,,
2026-09-12T06:41:10-05:00,PUR_IED_UnionE__Ext_5e2468,PUR_IED_UnionE__Ext_5e2468,,,,,
2026-09-12T06:41:10-05:00,PUR_IED_VillaRica_Ext_75be7c,PUR_IED_VillaRica_Ext_75be7c,,,,,
2026-09-12T06:41:10-05:00,PUR_IED_VillaRica_S4_cc5dcd,PUR_IED_VillaRica_S4_cc5dcd,,,,,
2026-09-12T06:41:10-05:00,PUR_IED_VillaRica_Sesp_99f5c,PUR_IED_VillaRica_Sesp_99f5c,,,,,
2026-09-12T06:46:13-05:00,PUR_IED_20deJulio_1101_91b1b9,PUR_IED_20deJulio_1101_91b1b9,,,,,
2026-09-12T06:46:13-05:00,PUR_IED_20deJulio_1102_1cfcf9,PUR_IED_20deJulio_1102_1cfcf9,,,,,
2026-09-12T06:46:13-05:00,PUR_IED_20deJulio_Ext_ab60bd,PUR_IED_20deJulio_Ext_ab60bd,,,,,
2026-09-12T06:46:13-05:00,PUR_IED_AgustinFer_Ext_7b9b77,PUR_IED_AgustinFer_Ext_7b9b77,,,,,
2026-09-12T06:46:13-05:00,PUR_IED_AgustinFer_Info2_27b3a7,PUR_IED_AgustinFer_Info2_27b3a7,,,,,
2026-09-12T06:46:13-05:00,PUR_IED_AgustinFer_Sena_54b4eb,PUR_IED_AgustinFer_Sena_54b4eb,,,,,
2026-09-12T06:46:13-05:00,PUR_IED_AlexanderF_1102_caf07b,PUR_IED_AlexanderF_1102_caf07b,,,,,
2026-09-12T06:46:13-05:00,PUR_IED_AlexanderF_1103_c79e71,PUR_IED_AlexanderF_1103_c79e71,,,,,
2026-09-12T06:46:13-05:00,PUR_IED_AlexanderF_Ext_c5b18b,PUR_IED_AlexanderF_Ext_c5b18b,,,,,
2026-09-12T06:46:13-05:00,PUR_IED_AlfonsoLopez_Ext_281d77,PUR_IED_AlfonsoLopez_Ext_281d77,,,,,
2026-09-12T06:46:13-05:00,PUR_IED_AlfonsoLopez_LabF_888ce0,PUR_IED_AlfonsoLopez_LabF_888ce0,,,,,
2026-09-12T06:46:13-05:00,PUR_IED_AlfonsoLopez_SMed_df6a7f,PUR_IED_AlfonsoLopez_SMed_df6a7f,,,,,
2026-09-12T06:46:13-05:00,PUR_IED_AltamiraSO_A2_209f92,PUR_IED_AltamiraSO_A2_209f92,,,,,
2026-09-12T06:46:13-05:00,PUR_IED_AltamiraSO_Ext_186d66,PUR_IED_AltamiraSO_Ext_186d66,,,,,
2026-09-12T06:46:13-05:00,PUR_IED_AltamiraSO_Sistem_27afe1,PUR_IED_AltamiraSO_Sistem_27afe1,,,,,
2026-09-12T06:46:13-05:00,PUR_IED_AlvaroGom_LabQuim_813179,PUR_IED_AlvaroGom_LabQuim_813179,,,,,
2026-09-12T06:46:13-05:00,PUR_IED_AlvaroGomez_Ext_47c7ca,PUR_IED_AlvaroGomez_Ext_47c7ca,,,,,
2026-09-12T06:46:13-05:00,PUR_IED_AlvaroGomez_LabQuim_813179,PUR_IED_AlvaroGomez_LabQuim_813179,,,,,
2026-09-12T06:46:13-05:00,PUR_IED_AlvaroGomez_S23_7ba89f,PUR_IED_AlvaroGomez_S23_7ba89f,,,,,
2026-09-12T06:46:13-05:00,PUR_IED_Amistad_306_dc8728,PUR_IED_Amistad_306_dc8728,,,,,
2026-09-12T06:46:13-05:00,PUR_IED_Amistad_Ext_8cd55e,PUR_IED_Amistad_Ext_8cd55e,,,,,
2026-09-12T06:46:13-05:00,PUR_IED_Amistad_S202_a41169,PUR_IED_Amistad_S202_a41169,,,,,
2026-09-12T06:46:13-05:00,PUR_IED_AndresBello_Bio_fd5f5e,PUR_IED_AndresBello_Bio_fd5f5e,,,,,
2026-09-12T06:46:13-05:00,PUR_IED_AndresBello_ext_dcad65,PUR_IED_AndresBello_ext_dcad65,,,,,
2026-09-12T06:46:13-05:00,PUR_IED_AndresBello_port_eed3ec,PUR_IED_AndresBello_port_eed3ec,,,,,
2026-09-12T06:46:13-05:00,PUR_IED_AngelaR_11b_d90a6b,PUR_IED_AngelaR_11b_d90a6b,,,,,
2026-09-12T06:46:13-05:00,PUR_IED_AngelaR_ext_7cad3e,PUR_IED_AngelaR_ext_7cad3e,5,17,67,4.5825,-74.164497
2026-09-12T06:46:13-05:00,PUR_IED_AntJoseSucre_10mo_df2575,PUR_IED_AntJoseSucre_10mo_df2575,,,,,
2026-09-12T06:46:13-05:00,PUR_IED_AntJoseSucre_Ext_215b36,PUR_IED_AntJoseSucre_Ext_215b36,,,,,
2026-09-12T06:46:13-05:00,PUR_IED_AntJoseSucre_Lab_3139de,PUR_IED_AntJoseSucre_Lab_3139de,,,,,
2026-09-12T06:46:13-05:00,PUR_IED_AntonioGarcia_301_d6b188,PUR_IED_AntonioGarcia_301_d6b188,,,,,
2026-09-12T06:46:13-05:00,PUR_IED_AntonioGarcia_302_88a82,PUR_IED_AntonioGarcia_302_88a82,,,,,
2026-09-12T06:46:13-05:00,PUR_IED_AntonioGarcia_Ext_20950c,PUR_IED_AntonioGarcia_Ext_20950c,,,,,
2026-09-12T06:46:13-05:00,PUR_IED_AntonioVan_Aula2_6dea02,PUR_IED_AntonioVan_Aula2_6dea02,,,,,
2026-09-12T06:46:13-05:00,PUR_IED_AntonioVan_Aula5_f1557e,PUR_IED_AntonioVan_Aula5_f1557e,,,,,
2026-09-12T06:46:13-05:00,PUR_IED_AntonioVan_Ext_406f2f,PUR_IED_AntonioVan_Ext_406f2f,,,,,
2026-09-12T06:46:13-05:00,PUR_IED_Atabanzha_Ext_cc5af9,PUR_IED_Atabanzha_Ext_cc5af9,,,,,
2026-09-12T06:46:13-05:00,PUR_IED_Atabanzha_SA101_56c37,PUR_IED_Atabanzha_SA101_56c37,,,,,
2026-09-12T06:46:13-05:00,PUR_IED_Atabanzha_SB302_27b374,PUR_IED_Atabanzha_SB302_27b374,,,,,
2026-09-12T06:46:13-05:00,PUR_IED_Atahualpa_Ext_fc1748,PUR_IED_Atahualpa_Ext_fc1748,,,,,
2026-09-12T06:46:13-05:00,PUR_IED_Atahualpa_Informa_dc9a95,PUR_IED_Atahualpa_Informa_dc9a95,,,,,
2026-09-12T06:46:13-05:00,PUR_IED_Atahualpa_S1101_f98056,PUR_IED_Atahualpa_S1101_f98056,,,,,
2026-09-12T06:46:13-05:00,PUR_IED_Bellavista_Ext_f5aa74,PUR_IED_Bellavista_Ext_f5aa74,,,,,
2026-09-12T06:46:13-05:00,PUR_IED_Bilbao_11A_916c41,PUR_IED_Bilbao_11A_916c41,,,,,
2026-09-12T06:46:13-05:00,PUR_IED_Bilbao_Ext_fb579a,PUR_IED_Bilbao_Ext_fb579a,,,,,
2026-09-12T06:46:13-05:00,PUR_IED_BrasiliaU_A125_304280,PUR_IED_BrasiliaU_A125_304280,,,,,
2026-09-12T06:46:13-05:00,PUR_IED_BrasiliaU_A203_7c8ca5,PUR_IED_BrasiliaU_A203_7c8ca5,,,,,
2026-09-12T06:46:13-05:00,PUR_IED_BrasiliaU_Ext_8d6e9f,PUR_IED_BrasiliaU_Ext_8d6e9f,5,16,68,4.5175,-74.116302
2026-09-12T06:46:13-05:00,PUR_IED_Brasilia_Ext_fe6593,PUR_IED_Brasilia_Ext_fe6593,,,,,
2026-09-12T06:46:13-05:00,PUR_IED_Brasilia_S24_7c130d,PUR_IED_Brasilia_S24_7c130d,,,,,
2026-09-12T06:46:13-05:00,PUR_IED_Brasilia_S501_186a54,PUR_IED_Brasilia_S501_186a54,,,,,
2026-09-12T06:46:13-05:00,PUR_IED_CHARRY_EXT_f1d5cd,PUR_IED_CHARRY_EXT_f1d5cd,,,,,
2026-09-12T06:46:13-05:00,PUR_IED_CHARRY_INTDANZAS_7a08e6,PUR_IED_CHARRY_INTDANZAS_7a08e6,,,,,
2026-09-12T06:46:13-05:00,PUR_IED_CHARRY_INT_AULA20_dc998d,PUR_IED_CHARRY_INT_AULA20_dc998d,,,,,
2026-09-12T06:46:13-05:00,PUR_IED_COLVIV_1101_S25_7f520a,PUR_IED_COLVIV_1101_S25_7f520a,,,,,
2026-09-12T06:46:13-05:00,PUR_IED_COLVIV_1102_S16_f570ba,PUR_IED_COLVIV_1102_S16_f570ba,,,,,
2026-09-12T06:46:13-05:00,PUR_IED_COLVIV_Ext_1a26fa,PUR_IED_COLVIV_Ext_1a26fa,,,,,
2026-09-12T06:46:13-05:00,PUR_IED_CULPOP_301A_f660f3,PUR_IED_CULPOP_301A_f660f3,,,,,
2026-09-12T06:46:13-05:00,PUR_IED_CULPOP_303_568afe,PUR_IED_CULPOP_303_568afe,,,,,
2026-09-12T06:46:13-05:00,PUR_IED_CULPOP_Ext_e02ccb,PUR_IED_CULPOP_Ext_e02ccb,,,,,
2026-09-12T06:46:13-05:00,PUR_IED_CVillavicen_Ext_26eb58,PUR_IED_CVillavicen_Ext_26eb58,4,14,81,4.487,-74.102798
2026-09-12T06:46:13-05:00,PUR_IED_CVillavicen_Intel_1ce5c2,PUR_IED_CVillavicen_Intel_1ce5c2,,,,,
2026-09-12T06:46:13-05:00,PUR_IED_CVillavicen_Poliv_e0766c,PUR_IED_CVillavicen_Poliv_e0766c,,,,,
2026-09-12T06:46:13-05:00,PUR_IED_CVillavicen_int_1ba140,PUR_IED_CVillavicen_int_1ba140,,,,,
2026-09-12T06:46:13-05:00,PUR_IED_CVillavicen_intel_1ba140,PUR_IED_CVillavicen_intel_1ba140,,,,,
2026-09-12T06:46:13-05:00,PUR_IED_CarlosPizarro_Ext_e307cc,PUR_IED_CarlosPizarro_Ext_e307cc,,,,,
2026-09-12T06:46:13-05:00,PUR_IED_CarlosPizarro_L36_7e5cdb,PUR_IED_CarlosPizarro_L36_7e5cdb,,,,,
2026-09-12T06:46:13-05:00,PUR_IED_CarlosPizarro_L37_c8566c,PUR_IED_CarlosPizarro_L37_c8566c,,,,,
2026-09-12T06:46:13-05:00,PUR_IED_Castilla_Ext_cf35f,PUR_IED_Castilla_Ext_cf35f,,,,,
2026-09-12T06:46:13-05:00,PUR_IED_Castilla_SFisik_360e38,PUR_IED_Castilla_SFisik_360e38,,,,,
2026-09-12T06:46:13-05:00,PUR_IED_Castilla_Sc304_496fbf,PUR_IED_Castilla_Sc304_496fbf,,,,,
2026-09-12T06:46:13-05:00,PUR_IED_CervantesSa_Ext_6b57b,PUR_IED_CervantesSa_Ext_6b57b,3,16,73,4.5128,-74.117203
2026-09-12T06:46:13-05:00,PUR_IED_CervantesSa_S107_225c2b,PUR_IED_CervantesSa_S107_225c2b,,,,,
2026-09-12T06:46:13-05:00,PUR_IED_CervantesSa_S108_940925,PUR_IED_CervantesSa_S108_940925,,,,,
2026-09-12T06:46:13-05:00,PUR_IED_Charry_A20_f53e7c,PUR_IED_Charry_A20_f53e7c,,,,,
2026-09-12T06:46:13-05:00,PUR_IED_Charry_Ext_f1d5cd,PUR_IED_Charry_Ext_f1d5cd,,,,,
2026-09-12T06:46:13-05:00,PUR_IED_Charry_IntAula20_dc998d,PUR_IED_Charry_IntAula20_dc998d,,,,,
2026-09-12T06:46:13-05:00,PUR_IED_Charry_IntDanzas_7a08e6,PUR_IED_Charry_IntDanzas_7a08e6,,,,,
2026-09-12T06:46:13-05:00,PUR_IED_ClememciaC_203_43e2fc,PUR_IED_ClememciaC_203_43e2fc,,,,,
2026-09-12T06:46:13-05:00,PUR_IED_ClememciaC_Ext_1b411a,PUR_IED_ClememciaC_Ext_1b411a,,,,,
2026-09-12T06:46:13-05:00,PUR_IED_ClememciaC_Quimic_44b5fc,PUR_IED_ClememciaC_Quimic_44b5fc,,,,,
2026-09-12T06:46:13-05:00,PUR_IED_ClemenciaC_203_43e2fc,PUR_IED_ClemenciaC_203_43e2fc,,,,,
2026-09-12T06:46:13-05:00,PUR_IED_ClemenciaC_Ext_1b411a,PUR_IED_ClemenciaC_Ext_1b411a,,,,,
2026-09-12T06:46:13-05:00,PUR_IED_ClemenciaC_Quimic_44b5fc,PUR_IED_ClemenciaC_Quimic_44b5fc,,,,,
2026-09-12T06:46:13-05:00,PUR_IED_ColViva_1101_S25_7f520a,PUR_IED_ColViva_1101_S25_7f520a,,,,,
2026-09-12T06:46:13-05:00,PUR_IED_ColViva_1102_S16_f570ba,PUR_IED_ColViva_1102_S16_f570ba,,,,,
2026-09-12T06:46:13-05:00,PUR_IED_ColViva_Ext_1a26fa,PUR_IED_ColViva_Ext_1a26fa,,,,,
2026-09-12T06:46:13-05:00,PUR_IED_ColegioBici_Asist_7c8798,PUR_IED_ColegioBici_Asist_7c8798,,,,,
2026-09-12T06:46:13-05:00,PUR_IED_ColegioBici_Ext_25cbf6,PUR_IED_ColegioBici_Ext_25cbf6,,,,,
2026-09-12T06:46:13-05:00,PUR_IED_ColegioBici_LabQ_7b57db,PUR_IED_ColegioBici_LabQ_7b57db,,,,,
2026-09-12T06:46:13-05:00,PUR_IED_CostaRica_Ext_5e640,PUR_IED_CostaRica_Ext_5e640,,,,,
2026-09-12T06:46:13-05:00,PUR_IED_CostaRica_Quim1_766d1c,PUR_IED_CostaRica_Quim1_766d1c,,,,,
2026-09-12T06:46:13-05:00,PUR_IED_CostaRica__Fisica_6f0873,PUR_IED_CostaRica__Fisica_6f0873,,,,,
2026-09-12T06:46:13-05:00,PUR_IED_CulPopu_301A_f660f3,PUR_IED_CulPopu_301A_f660f3,,,,,
2026-09-12T06:46:13-05:00,PUR_IED_CulPopu_303_568afe,PUR_IED_CulPopu_303_568afe,,,,,
2026-09-12T06:46:13-05:00,PUR_IED_CulPopu_Ext_e02ccb,PUR_IED_CulPopu_Ext_e02ccb,,,,,
2026-09-12T06:46:13-05:00,PUR_IED_Cundinamarca_Ext_f15985,PUR_IED_Cundinamarca_Ext_f15985,,,,,
2026-09-12T06:46:13-05:00,PUR_IED_Cundinamarca_Info_7aa5d7,PUR_IED_Cundinamarca_Info_7aa5d7,,,,,
2026-09-12T06:46:13-05:00,PUR_IED_Cundinamarca_Tec2_f449c7,PUR_IED_Cundinamarca_Tec2_f449c7,,,,,
2026-09-12T06:46:13-05:00,PUR_IED_DiegoM_Aula1_27b314,PUR_IED_DiegoM_Aula1_27b314,,,,,
2026-09-12T06:46:13-05:00,PUR_IED_DiegoM_Ext_d80ac8,PUR_IED_DiegoM_Ext_d80ac8,,,,,
2026-09-12T06:46:13-05:00,PUR_IED_DiegoM_S25_da928f,PUR_IED_DiegoM_S25_da928f,,,,,
2026-09-12T06:46:13-05:00,PUR_IED_ELRODEO_360881,PUR_IED_ELRODEO_360881,,,,,
2026-09-12T06:46:13-05:00,PUR_IED_ELRODEO_ext_360881,PUR_IED_ELRODEO_ext_360881,,,,,
2026-09-12T06:46:13-05:00,PUR_IED_EduardoU_Ext_1c1969,PUR_IED_EduardoU_Ext_1c1969,,,,,
2026-09-12T06:46:13-05:00,PUR_IED_EduardoU_SCiencia_4dfb94,PUR_IED_EduardoU_SCiencia_4dfb94,,,,,
2026-09-12T06:46:13-05:00,PUR_IED_EduardoU_SQuimica_5a46e7,PUR_IED_EduardoU_SQuimica_5a46e7,,,,,
2026-09-12T06:46:13-05:00,PUR_IED_ElRodeo_Aula14_676984,PUR_IED_ElRodeo_Aula14_676984,,,,,
2026-09-12T06:46:13-05:00,PUR_IED_ElRodeo_Aula16_2dd35b,PUR_IED_ElRodeo_Aula16_2dd35b,,,,,
2026-09-12T06:46:13-05:00,PUR_IED_ElRodeo_Ext_360881,PUR_IED_ElRodeo_Ext_360881,,,,,
2026-09-12T06:46:13-05:00,PUR_IED_ElRodeo_Exterior_8c6d28,PUR_IED_ElRodeo_Exterior_8c6d28,,,,,
2026-09-12T06:46:13-05:00,PUR_IED_ElRodeo_ext_360881,PUR_IED_ElRodeo_ext_360881,,,,,
2026-09-12T06:46:13-05:00,PUR_IED_EmmaReyes_Ext_987625,PUR_IED_EmmaReyes_Ext_987625,8,21,53,4.6367,-74.1511
2026-09-12T06:46:13-05:00,PUR_IED_Ensueño_Ext_7f0250,PUR_IED_Ensueño_Ext_7f0250,,,,,
2026-09-12T06:46:13-05:00,PUR_IED_EscNormal_Ext_5fef3b,PUR_IED_EscNormal_Ext_5fef3b,2,18,61,4.5852,-74.096901
2026-09-12T06:46:13-05:00,PUR_IED_EscNormal_S309_5b263,PUR_IED_EscNormal_S309_5b263,,,,,
2026-09-12T06:46:13-05:00,PUR_IED_EscNormal_S310_27b3b8,PUR_IED_EscNormal_S310_27b3b8,,,,,
2026-09-12T06:46:13-05:00,PUR_IED_Evangelista_Conta_f6cd4f,PUR_IED_Evangelista_Conta_f6cd4f,,,,,
2026-09-12T06:46:13-05:00,PUR_IED_Evangelista_Cri_5e16a,PUR_IED_Evangelista_Cri_5e16a,,,,,
2026-09-12T06:46:13-05:00,PUR_IED_Evangelista_Exter_754066,PUR_IED_Evangelista_Exter_754066,,,,,
2026-09-12T06:46:13-05:00,PUR_IED_FMiranda_S209_5cc2a3,PUR_IED_FMiranda_S209_5cc2a3,,,,,
2026-09-12T06:46:13-05:00,PUR_IED_FMiranda_S303_19e344,PUR_IED_FMiranda_S303_19e344,,,,,
2026-09-12T06:46:13-05:00,PUR_IED_FMiranda_ext_f53e7c,PUR_IED_FMiranda_ext_f53e7c,,,,,
2026-09-12T06:46:13-05:00,PUR_IED_FabioLozano_Bibli_1cee05,PUR_IED_FabioLozano_Bibli_1cee05,,,,,
2026-09-12T06:46:13-05:00,PUR_IED_FabioLozano_Ext_6ea285,PUR_IED_FabioLozano_Ext_6ea285,,,,,
2026-09-12T06:46:13-05:00,PUR_IED_FabioLozano_SLudi_f09e1e,PUR_IED_FabioLozano_SLudi_f09e1e,,,,,
2026-09-12T06:46:13-05:00,PUR_IED_FaustinoS_Aula07_27a731,PUR_IED_FaustinoS_Aula07_27a731,,,,,
2026-09-12T06:46:13-05:00,PUR_IED_FaustinoS_Ext_7b936f,PUR_IED_FaustinoS_Ext_7b936f,,,,,
2026-09-12T06:46:13-05:00,PUR_IED_FaustinoS_Fisica_da2c60,PUR_IED_FaustinoS_Fisica_da2c60,,,,,
2026-09-12T06:46:13-05:00,PUR_IED_FeGarciaLo_Ext_dc68ee,PUR_IED_FeGarciaLo_Ext_dc68ee,,,,,
2026-09-12T06:46:13-05:00,PUR_IED_FeGarciaLo_SDanza_f70a59,PUR_IED_FeGarciaLo_SDanza_f70a59,,,,,
2026-09-12T06:46:13-05:00,PUR_IED_FeGarciaLo_SMusic_125cdd,PUR_IED_FeGarciaLo_SMusic_125cdd,,,,,
2026-09-12T06:46:13-05:00,PUR_IED_FederalAlema_Exte_50c345,PUR_IED_FederalAlema_Exte_50c345,,,,,
2026-09-12T06:46:13-05:00,PUR_IED_FederalAlema_S31_f18371,PUR_IED_FederalAlema_S31_f18371,,,,,
2026-09-12T06:46:13-05:00,PUR_IED_FederalAlema_S901_a62cd,PUR_IED_FederalAlema_S901_a62cd,,,,,
2026-09-12T06:46:13-05:00,PUR_IED_FilarmonicaS_A5_f35eb1,PUR_IED_FilarmonicaS_A5_f35eb1,,,,,
2026-09-12T06:46:13-05:00,PUR_IED_FilarmonicaS_Ext_8a3bde,PUR_IED_FilarmonicaS_Ext_8a3bde,,,,,
2026-09-12T06:46:13-05:00,PUR_IED_FilarmonicaS_Spol_406114,PUR_IED_FilarmonicaS_Spol_406114,,,,,
2026-09-12T06:46:13-05:00,PUR_IED_FlorentinoG_A13_d1fa59,PUR_IED_FlorentinoG_A13_d1fa59,,,,,
2026-09-12T06:46:13-05:00,PUR_IED_FlorentinoG_Ext_1ce6ce,PUR_IED_FlorentinoG_Ext_1ce6ce,,,,,
2026-09-12T06:46:13-05:00,PUR_IED_FlorentinoG_Idiom_a66aac,PUR_IED_FlorentinoG_Idiom_a66aac,,,,,
2026-09-12T06:46:13-05:00,PUR_IED_FranciscoMati_Ext_e3869d,PUR_IED_FranciscoMati_Ext_e3869d,,,,,
2026-09-12T06:46:13-05:00,PUR_IED_FranciscoMati_S13_f31c67,PUR_IED_FranciscoMati_S13_f31c67,,,,,
2026-09-12T06:46:13-05:00,PUR_IED_FranciscoMati_S14_97dead,PUR_IED_FranciscoMati_S14_97dead,,,,,
2026-09-12T06:46:13-05:00,PUR_IED_FranciscoPS_Ext_7bfa9a,PUR_IED_FranciscoPS_Ext_7bfa9a,2,19,62,4.5899,-74.110397
2026-09-12T06:46:13-05:00,PUR_IED_FranciscoPS_Infor_fb8f4c,PUR_IED_FranciscoPS_Infor_fb8f4c,,,,,
2026-09-12T06:46:13-05:00,PUR_IED_FranciscoPS_Quimi_94d39c,PUR_IED_FranciscoPS_Quimi_94d39c,,,,,
2026-09-12T06:46:13-05:00,PUR_IED_FranciscoP_LabQ_d7e148,PUR_IED_FranciscoP_LabQ_d7e148,,,,,
2026-09-12T06:46:13-05:00,PUR_IED_FranciscoP_S28_cf9b30,PUR_IED_FranciscoP_S28_cf9b30,,,,,
2026-09-12T06:46:13-05:00,PUR_IED_FranciscoP_ext_e2313,PUR_IED_FranciscoP_ext_e2313,,,,,
2026-09-12T06:46:13-05:00,PUR_IED_FriederichN_Ext_8ac92a,PUR_IED_FriederichN_Ext_8ac92a,,,,,
2026-09-12T06:46:13-05:00,PUR_IED_FriederichN_S301_dd7e5a,PUR_IED_FriederichN_S301_dd7e5a,,,,,
2026-09-12T06:46:13-05:00,PUR_IED_FriederichN_S308_761f4f,PUR_IED_FriederichN_S308_761f4f,,,,,
2026-09-12T06:46:13-05:00,PUR_IED_GSantander_Aula10_533dd7,PUR_IED_GSantander_Aula10_533dd7,,,,,
2026-09-12T06:46:13-05:00,PUR_IED_GSantander_Aula12_fd4e4f,PUR_IED_GSantander_Aula12_fd4e4f,,,,,
2026-09-12T06:46:13-05:00,PUR_IED_GSantander_Aula310_533dd7,PUR_IED_GSantander_Aula310_533dd7,,,,,
2026-09-12T06:46:13-05:00,PUR_IED_GSantander_Aula312_fd4e4f,PUR_IED_GSantander_Aula312_fd4e4f,,,,,
2026-09-12T06:46:13-05:00,PUR_IED_GSantander_Ext_5f66b0,PUR_IED_GSantander_Ext_5f66b0,,,,,
2026-09-12T06:46:13-05:00,PUR_IED_GYomasa_Ext_f6bea5,PUR_IED_GYomasa_Ext_f6bea5,,,,,
2026-09-12T06:46:13-05:00,PUR_IED_GYomasa_LBiol_2c41aa,PUR_IED_GYomasa_LBiol_2c41aa,,,,,
2026-09-12T06:46:13-05:00,PUR_IED_GYomasa_LQuim_33c80,PUR_IED_GYomasa_LQuim_33c80,,,,,
2026-09-12T06:46:13-05:00,PUR_IED_GabBetMejia_Cienc_5a99c,PUR_IED_GabBetMejia_Cienc_5a99c,,,,,
2026-09-12T06:46:13-05:00,PUR_IED_GabBetMejia_Ext_9153d0,PUR_IED_GabBetMejia_Ext_9153d0,,,,,
2026-09-12T06:46:13-05:00,PUR_IED_GabBetMejia_Lab_f55347,PUR_IED_GabBetMejia_Lab_f55347,,,,,
2026-09-12T06:46:13-05:00,PUR_IED_GabBetanMejia_Ext_9153d0,PUR_IED_GabBetanMejia_Ext_9153d0,,,,,
2026-09-12T06:46:13-05:00,PUR_IED_Gaitana_Aula13_7aac11,PUR_IED_Gaitana_Aula13_7aac11,,,,,
2026-09-12T06:46:13-05:00,PUR_IED_Gaitana_Ext_5fcf4,PUR_IED_Gaitana_Ext_5fcf4,,,,,
2026-09-12T06:46:13-05:00,PUR_IED_Gaitana_LabFisica_644448,PUR_IED_Gaitana_LabFisica_644448,,,,,
2026-09-12T06:46:13-05:00,PUR_IED_GenSantander_Dise_8ac858,PUR_IED_GenSantander_Dise_8ac858,,,,,
2026-09-12T06:46:13-05:00,PUR_IED_GenSantander_Ext_8d5dfe,PUR_IED_GenSantander_Ext_8d5dfe,,,,,
2026-09-12T06:46:13-05:00,PUR_IED_GenSantander_Info_6c25b,PUR_IED_GenSantander_Info_6c25b,,,,,
2026-09-12T06:46:13-05:00,PUR_IED_GustavoMo_Exterio_75e63d,PUR_IED_GustavoMo_Exterio_75e63d,,,,,
2026-09-12T06:46:13-05:00,PUR_IED_GustavoMo_LabFisi_224d37,PUR_IED_GustavoMo_LabFisi_224d37,,,,,
2026-09-12T06:46:13-05:00,PUR_IED_GustavoMo_S208_3e6918,PUR_IED_GustavoMo_S208_3e6918,,,,,
2026-09-12T06:46:13-05:00,PUR_IED_GustavoR_A02_8cd4a8,PUR_IED_GustavoR_A02_8cd4a8,,,,,
2026-09-12T06:46:13-05:00,PUR_IED_GustavoR_B11_5b0ed,PUR_IED_GustavoR_B11_5b0ed,,,,,
2026-09-12T06:46:13-05:00,PUR_IED_GustavoR_Ext_7a0c90,PUR_IED_GustavoR_Ext_7a0c90,,,,,
2026-09-12T06:46:13-05:00,PUR_IED_HernandoDuran_Ext_8cd82b,PUR_IED_HernandoDuran_Ext_8cd82b,,,,,
2026-09-12T06:46:13-05:00,PUR_IED_HernandoDuran_S24_2772c6,PUR_IED_HernandoDuran_S24_2772c6,,,,,
2026-09-12T06:46:13-05:00,PUR_IED_HernandoDuran_S30_f2de41,PUR_IED_HernandoDuran_S30_f2de41,,,,,
2026-09-12T06:46:13-05:00,PUR_IED_HolguInUr_S1101_8cd732,PUR_IED_HolguInUr_S1101_8cd732,,,,,
2026-09-12T06:46:13-05:00,PUR_IED_HolguinUr_Exter_ddae6d,PUR_IED_HolguinUr_Exter_ddae6d,,,,,
2026-09-12T06:46:13-05:00,PUR_IED_HolguinUr_LabQuim_92b952,PUR_IED_HolguinUr_LabQuim_92b952,,,,,
2026-09-12T06:46:13-05:00,PUR_IED_Isabel-II_Ext_5245cc,PUR_IED_Isabel-II_Ext_5245cc,5,19,61,4.6336,-74.153
2026-09-12T06:46:13-05:00,PUR_IED_Isabel-II_S_idiom_1c29aa,PUR_IED_Isabel-II_S_idiom_1c29aa,,,,,
2026-09-12T06:46:13-05:00,PUR_IED_Isabel-II_S_infor_fd741,PUR_IED_Isabel-II_S_infor_fd741,,,,,
2026-09-12T06:46:13-05:00,PUR_IED_IsidroSur_Exterio_5b90ea,PUR_IED_IsidroSur_Exterio_5b90ea,,,,,
2026-09-12T06:46:13-05:00,PUR_IED_IsidroSur_LabTec_56697a,PUR_IED_IsidroSur_LabTec_56697a,,,,,
2026-09-12T06:46:13-05:00,PUR_IED_IsidroSur_Robotic_b7c38f,PUR_IED_IsidroSur_Robotic_b7c38f,,,,,
2026-09-12T06:46:13-05:00,PUR_IED_IsmaelPerd_Ext_7b6672,PUR_IED_IsmaelPerd_Ext_7b6672,,,,,
2026-09-12T06:46:13-05:00,PUR_IED_IsmaelPerd_Inform_306540,PUR_IED_IsmaelPerd_Inform_306540,,,,,
2026-09-12T06:46:13-05:00,PUR_IED_IsmaelPerd_S30_2e2c83,PUR_IED_IsmaelPerd_S30_2e2c83,,,,,
2026-09-12T06:46:13-05:00,PUR_IED_JLozano_Exter_432910,PUR_IED_JLozano_Exter_432910,,,,,
2026-09-12T06:46:13-05:00,PUR_IED_JLozano_salaMulti_df5125,PUR_IED_JLozano_salaMulti_df5125,,,,,
2026-09-12T06:46:13-05:00,PUR_IED_JMCordoba_206_86f80b,PUR_IED_JMCordoba_206_86f80b,,,,,
2026-09-12T06:46:13-05:00,PUR_IED_JMCordoba_Ext_27ad97,PUR_IED_JMCordoba_Ext_27ad97,,,,,
2026-09-12T06:46:13-05:00,PUR_IED_JMCordoba_S310_d59ab4,PUR_IED_JMCordoba_S310_d59ab4,,,,,
2026-09-12T06:46:13-05:00,PUR_IED_Japon_Ext_549100,PUR_IED_Japon_Ext_549100,,,,,
2026-09-12T06:46:13-05:00,PUR_IED_Japon_Laboratorio_bec51d,PUR_IED_Japon_Laboratorio_bec51d,,,,,
2026-09-12T06:46:13-05:00,PUR_IED_Japon_informatica_d99327,PUR_IED_Japon_informatica_d99327,,,,,
2026-09-12T06:46:13-05:00,PUR_IED_Jazmin_Ext_d27bda,PUR_IED_Jazmin_Ext_d27bda,,,,,
2026-09-12T06:46:13-05:00,PUR_IED_Jazmin_Fisica_8d14d7,PUR_IED_Jazmin_Fisica_8d14d7,,,,,
2026-09-12T06:46:13-05:00,PUR_IED_Jazmin_Quimica_801cb5,PUR_IED_Jazmin_Quimica_801cb5,,,,,
2026-09-12T06:46:13-05:00,PUR_IED_JorgeGaitan_Exter_f098d1,PUR_IED_JorgeGaitan_Exter_f098d1,,,,,
2026-09-12T06:46:13-05:00,PUR_IED_JorgeGaitan_STec1_dc9d1d,PUR_IED_JorgeGaitan_STec1_dc9d1d,,,,,
2026-09-12T06:46:13-05:00,PUR_IED_JorgeGaitan_STec2_281e69,PUR_IED_JorgeGaitan_STec2_281e69,,,,,
2026-09-12T06:46:13-05:00,PUR_IED_JorgeSoto_Exterio_d9d0a2,PUR_IED_JorgeSoto_Exterio_d9d0a2,,,,,
2026-09-12T06:46:13-05:00,PUR_IED_JorgeSoto_LabFisi_209c54,PUR_IED_JorgeSoto_LabFisi_209c54,,,,,
2026-09-12T06:46:13-05:00,PUR_IED_JorgeSoto_S103_27b51a,PUR_IED_JorgeSoto_S103_27b51a,,,,,
2026-09-12T06:46:13-05:00,PUR_IED_JoseAcevedo_A02_e965eb,PUR_IED_JoseAcevedo_A02_e965eb,,,,,
2026-09-12T06:46:13-05:00,PUR_IED_JoseAcevedo_A07_dd5b4,PUR_IED_JoseAcevedo_A07_dd5b4,,,,,
2026-09-12T06:46:13-05:00,PUR_IED_JoseAcevedo_Ext_b47484,PUR_IED_JoseAcevedo_Ext_b47484,,,,,
2026-09-12T06:46:13-05:00,PUR_IED_JoseMarti_Exte_5b9bf,PUR_IED_JoseMarti_Exte_5b9bf,,,,,
2026-09-12T06:46:13-05:00,PUR_IED_JoseMarti_LabQuim_1c6c2d,PUR_IED_JoseMarti_LabQuim_1c6c2d,,,,,
2026-09-12T06:46:13-05:00,PUR_IED_JoseMarti_S_info_f5f177,PUR_IED_JoseMarti_S_info_f5f177,,,,,
2026-09-12T06:46:13-05:00,PUR_IED_Josejoaquin_Ext_dfc5dc,PUR_IED_Josejoaquin_Ext_dfc5dc,,,,,
2026-09-12T06:46:13-05:00,PUR_IED_Josejoaquin_S05_5b2a96,PUR_IED_Josejoaquin_S05_5b2a96,,,,,
2026-09-12T06:46:13-05:00,PUR_IED_Josejoaquin_S06_1ce7d2,PUR_IED_Josejoaquin_S06_1ce7d2,,,,,
2026-09-12T06:46:13-05:00,PUR_IED_JulioFlorez_Danza_9b82dd,PUR_IED_JulioFlorez_Danza_9b82dd,,,,,
2026-09-12T06:46:13-05:00,PUR_IED_JulioFlorez_Exter_f9f314,PUR_IED_JulioFlorez_Exter_f9f314,,,,,
2026-09-12T06:46:13-05:00,PUR_IED_JulioFlorez_info2_6b6e08,PUR_IED_JulioFlorez_info2_6b6e08,,,,,
2026-09-12T06:46:13-05:00,PUR_IED_LaBelleza_Aula13_1d00d8,PUR_IED_LaBelleza_Aula13_1d00d8,,,,,
2026-09-12T06:46:13-05:00,PUR_IED_LaBelleza_Ext_7bc08c,PUR_IED_LaBelleza_Ext_7bc08c,,,,,
2026-09-12T06:46:13-05:00,PUR_IED_LaChucua_Ext_8cd6d2,PUR_IED_LaChucua_Ext_8cd6d2,,,,,
2026-09-12T06:46:13-05:00,PUR_IED_LaChucua_S15_f578ce,PUR_IED_LaChucua_S15_f578ce,,,,,
2026-09-12T06:46:13-05:00,PUR_IED_LaChucua_S16_eebcf9,PUR_IED_LaChucua_S16_eebcf9,,,,,
2026-09-12T06:46:13-05:00,PUR_IED_LaFelicidad_Ext_fb5109,PUR_IED_LaFelicidad_Ext_fb5109,,,,,
2026-09-12T06:46:13-05:00,PUR_IED_LaMerced_206_66ebd,PUR_IED_LaMerced_206_66ebd,,,,,
2026-09-12T06:46:13-05:00,PUR_IED_LaMerced_207_6ebd6,PUR_IED_LaMerced_207_6ebd6,,,,,
2026-09-12T06:46:13-05:00,PUR_IED_LaMerced_ext_304311,PUR_IED_LaMerced_ext_304311,,,,,
2026-09-12T06:46:13-05:00,PUR_IED_Laureano_CiencNat_281e5e,PUR_IED_Laureano_CiencNat_281e5e,,,,,
2026-09-12T06:46:13-05:00,PUR_IED_Laureano_Comedor_f65c0a,PUR_IED_Laureano_Comedor_f65c0a,,,,,
2026-09-12T06:46:13-05:00,PUR_IED_Laureano_Exterior_7ab011,PUR_IED_Laureano_Exterior_7ab011,,,,,
2026-09-12T06:46:13-05:00,PUR_IED_LeonGreiff_Exte_dfe560,PUR_IED_LeonGreiff_Exte_dfe560,,,,,
2026-09-12T06:46:13-05:00,PUR_IED_LeonGreiff_S210_f264ed,PUR_IED_LeonGreiff_S210_f264ed,,,,,
2026-09-12T06:46:13-05:00,PUR_IED_LeonGreiff_SQuimi_e8296f,PUR_IED_LeonGreiff_SQuimi_e8296f,,,,,
2026-09-12T06:46:13-05:00,PUR_IED_LlanoOrientalS208_7b9fcd,PUR_IED_LlanoOrientalS208_7b9fcd,,,,,
2026-09-12T06:46:13-05:00,PUR_IED_LlanoOriental_Ext_fb3766,PUR_IED_LlanoOriental_Ext_fb3766,,,,,
2026-09-12T06:46:13-05:00,PUR_IED_LlanoOriental_S208_7b9fcd,PUR_IED_LlanoOriental_S208_7b9fcd,,,,,
2026-09-12T06:46:13-05:00,PUR_IED_LlanoOriental_S9_27b378,PUR_IED_LlanoOriental_S9_27b378,,,,,
2026-09-12T06:46:13-05:00,PUR_IED_LosTejares_1101_477602,PUR_IED_LosTejares_1101_477602,,,,,
2026-09-12T06:46:13-05:00,PUR_IED_LosTejares_11_d2c595,PUR_IED_LosTejares_11_d2c595,,,,,
2026-09-12T06:46:13-05:00,PUR_IED_LosTejares_12_477602,PUR_IED_LosTejares_12_477602,,,,,
2026-09-12T06:46:13-05:00,PUR_IED_LosTejares_Ext_8e2115,PUR_IED_LosTejares_Ext_8e2115,,,,,
2026-09-12T06:46:13-05:00,PUR_IED_MagdalenaO_B202_5ddda3,PUR_IED_MagdalenaO_B202_5ddda3,,,,,
2026-09-12T06:46:13-05:00,PUR_IED_MagdalenaO_B205_fb76e8,PUR_IED_MagdalenaO_B205_fb76e8,,,,,
2026-09-12T06:46:13-05:00,PUR_IED_MagdalenaO_ext_dc69cd,PUR_IED_MagdalenaO_ext_dc69cd,,,,,
2026-09-12T06:46:13-05:00,PUR_IED_ManueCepeda_artes_eee956,PUR_IED_ManueCepeda_artes_eee956,,,,,
2026-09-12T06:46:13-05:00,PUR_IED_ManuelCepeda_Ext_58313,PUR_IED_ManuelCepeda_Ext_58313,,,,,
2026-09-12T06:46:13-05:00,PUR_IED_ManuelCepeda_tec_1c5731,PUR_IED_ManuelCepeda_tec_1c5731,,,,,
2026-09-12T06:46:13-05:00,PUR_IED_ManuelS_Exterior_5b269,PUR_IED_ManuelS_Exterior_5b269,,,,,
2026-09-12T06:46:13-05:00,PUR_IED_ManuelS_Inform_f369ce,PUR_IED_ManuelS_Inform_f369ce,,,,,
2026-09-12T06:46:13-05:00,PUR_IED_ManuelS_SArtes_7d15f1,PUR_IED_ManuelS_SArtes_7d15f1,,,,,
2026-09-12T06:46:13-05:00,PUR_IED_ManuelZapata_303_3ca6,PUR_IED_ManuelZapata_303_3ca6,,,,,
2026-09-12T06:46:13-05:00,PUR_IED_ManuelZapata_311_bfbabc,PUR_IED_ManuelZapata_311_bfbabc,,,,,
2026-09-12T06:46:13-05:00,PUR_IED_ManuelZapata_Ext_50824a,PUR_IED_ManuelZapata_Ext_50824a,,,,,
2026-09-12T06:46:13-05:00,PUR_IED_ManuelitaS_Exteri_656a92,PUR_IED_ManuelitaS_Exteri_656a92,,,,,
2026-09-12T06:46:13-05:00,PUR_IED_ManuelitaS_JuzgDe_f58ec3,PUR_IED_ManuelitaS_JuzgDe_f58ec3,,,,,
2026-09-12T06:46:13-05:00,PUR_IED_ManuelitaS_Recrea_d793db,PUR_IED_ManuelitaS_Recrea_d793db,,,,,
2026-09-12T06:46:13-05:00,PUR_IED_MarFidSuarez_Ext_c27b19,PUR_IED_MarFidSuarez_Ext_c27b19,,,,,
2026-09-12T06:46:13-05:00,PUR_IED_MarFidSuarez_Info_e384d7,PUR_IED_MarFidSuarez_Info_e384d7,,,,,
2026-09-12T06:46:13-05:00,PUR_IED_MarFidSuarez_S306_1d0032,PUR_IED_MarFidSuarez_S306_1d0032,,,,,
2026-09-12T06:46:13-05:00,PUR_IED_Menorah_301_2a25a3,PUR_IED_Menorah_301_2a25a3,,,,,
2026-09-12T06:46:13-05:00,PUR_IED_Menorah_306_37ed3,PUR_IED_Menorah_306_37ed3,,,,,
2026-09-12T06:46:13-05:00,PUR_IED_Menorah_Ext_3e155b,PUR_IED_Menorah_Ext_3e155b,,,,,
2026-09-12T06:46:13-05:00,PUR_IED_MinutoB.Aires_A11_1b1604,PUR_IED_MinutoB.Aires_A11_1b1604,,,,,
2026-09-12T06:46:13-05:00,PUR_IED_MinutoB.Aires_A12_fb5860,PUR_IED_MinutoB.Aires_A12_fb5860,,,,,
2026-09-12T06:46:13-05:00,PUR_IED_MinutoB.Aires_Ext_81293f,PUR_IED_MinutoB.Aires_Ext_81293f,,,,,
2026-09-12T06:46:13-05:00,PUR_IED_MinutoBAires_A11_1b1604,PUR_IED_MinutoBAires_A11_1b1604,,,,,
2026-09-12T06:46:13-05:00,PUR_IED_MinutoBAires_A12_fb5860,PUR_IED_MinutoBAires_A12_fb5860,,,,,
2026-09-12T06:46:13-05:00,PUR_IED_MinutoBAires_Ext_81293f,PUR_IED_MinutoBAires_Ext_81293f,,,,,
2026-09-12T06:46:13-05:00,PUR_IED_Montreal_Aula10_1e4959,PUR_IED_Montreal_Aula10_1e4959,,,,,
2026-09-12T06:46:13-05:00,PUR_IED_Montreal_Aula6_300367,PUR_IED_Montreal_Aula6_300367,,,,,
2026-09-12T06:46:13-05:00,PUR_IED_Montreal_Exterior_91a179,PUR_IED_Montreal_Exterior_91a179,,,,,
2026-09-12T06:46:13-05:00,PUR_IED_Mqgdalena_B202_5ddda3,PUR_IED_Mqgdalena_B202_5ddda3,,,,,
2026-09-12T06:46:13-05:00,PUR_IED_NACUND_Soc_dc8728,PUR_IED_NACUND_Soc_dc8728,,,,,
2026-09-12T06:46:13-05:00,PUR_IED_NACUND_ext_27ad97,PUR_IED_NACUND_ext_27ad97,,,,,
2026-09-12T06:46:13-05:00,PUR_IED_NEsperanza_Ext_d24b61,PUR_IED_NEsperanza_Ext_d24b61,,,,,
2026-09-12T06:46:13-05:00,PUR_IED_NEsperanza_SElect_7d1807,PUR_IED_NEsperanza_SElect_7d1807,,,,,
2026-09-12T06:46:13-05:00,PUR_IED_NEsperanza_SLabor_8b2d0a,PUR_IED_NEsperanza_SLabor_8b2d0a,,,,,
2026-09-12T06:46:13-05:00,PUR_IED_NacionesU_Ext_f661a9,PUR_IED_NacionesU_Ext_f661a9,,,,,
2026-09-12T06:46:13-05:00,PUR_IED_NacionesU_Quimica_66f0a,PUR_IED_NacionesU_Quimica_66f0a,,,,,
2026-09-12T06:46:13-05:00,PUR_IED_NacionesU_S306_1b4b3d,PUR_IED_NacionesU_S306_1b4b3d,,,,,
2026-09-12T06:46:13-05:00,PUR_IED_NestorFA_Ext_e4201c,PUR_IED_NestorFA_Ext_e4201c,,,,,
2026-09-12T06:46:13-05:00,PUR_IED_NestorFA_Laborato_f22fe0,PUR_IED_NestorFA_Laborato_f22fe0,,,,,
2026-09-12T06:46:13-05:00,PUR_IED_NestorFA_S204_dee996,PUR_IED_NestorFA_S204_dee996,,,,,
2026-09-12T06:46:13-05:00,PUR_IED_NidyaQT_Aula03_76999b,PUR_IED_NidyaQT_Aula03_76999b,,,,,
2026-09-12T06:46:13-05:00,PUR_IED_NidyaQT_Aula10_56325,PUR_IED_NidyaQT_Aula10_56325,,,,,
2026-09-12T06:46:13-05:00,PUR_IED_NidyaQT_Ext_46e32d,PUR_IED_NidyaQT_Ext_46e32d,,,,,
2026-09-12T06:46:13-05:00,PUR_IED_NuevaCol_Exterior_d9b859,PUR_IED_NuevaCol_Exterior_d9b859,,,,,
2026-09-12T06:46:13-05:00,PUR_IED_NuevaCol_S1101_76c43b,PUR_IED_NuevaCol_S1101_76c43b,,,,,
2026-09-12T06:46:13-05:00,PUR_IED_NuevaCol_S1102_1ce0b5,PUR_IED_NuevaCol_S1102_1ce0b5,,,,,
2026-09-12T06:46:13-05:00,PUR_IED_OEA_A202_f7e3f2,PUR_IED_OEA_A202_f7e3f2,,,,,
2026-09-12T06:46:13-05:00,PUR_IED_OEA_A203_7d1b8d,PUR_IED_OEA_A203_7d1b8d,,,,,
2026-09-12T06:46:13-05:00,PUR_IED_OEA_Ext_27b593,PUR_IED_OEA_Ext_27b593,,,,,
2026-09-12T06:46:13-05:00,PUR_IED_Ochoa_Ext_1c29da,PUR_IED_Ochoa_Ext_1c29da,,,,,
2026-09-12T06:46:13-05:00,PUR_IED_Ochoa_S205_8b1121,PUR_IED_Ochoa_S205_8b1121,,,,,
2026-09-12T06:46:13-05:00,PUR_IED_Ochoa_Sistemas_f33af6,PUR_IED_Ochoa_Sistemas_f33af6,,,,,
2026-09-12T06:46:13-05:00,PUR_IED_PQuebec_Ext_1c67c7,PUR_IED_PQuebec_Ext_1c67c7,,,,,
2026-09-12T06:46:13-05:00,PUR_IED_PQuebec_S15_23e8e2,PUR_IED_PQuebec_S15_23e8e2,,,,,
2026-09-12T06:46:13-05:00,PUR_IED_PQuebec_S16_8ec76b,PUR_IED_PQuebec_S16_8ec76b,,,,,
2026-09-12T06:46:13-05:00,PUR_IED_PabloN_Ext_49dc96,PUR_IED_PabloN_Ext_49dc96,,,,,
2026-09-12T06:46:13-05:00,PUR_IED_PabloN_S1102_4e3df5,PUR_IED_PabloN_S1102_4e3df5,,,,,
2026-09-12T06:46:13-05:00,PUR_IED_PabloN_S1103_50c94b,PUR_IED_PabloN_S1103_50c94b,,,,,
2026-09-12T06:46:13-05:00,PUR_IED_Palestina_S1101_db9198,PUR_IED_Palestina_S1101_db9198,,,,,
2026-09-12T06:46:13-05:00,PUR_IED_Palestina_S1102_dc54fa,PUR_IED_Palestina_S1102_dc54fa,,,,,
2026-09-12T06:46:13-05:00,PUR_IED_Palestina_ext_4ccce6,PUR_IED_Palestina_ext_4ccce6,,,,,
2026-09-12T06:46:13-05:00,PUR_IED_Panama_Fisica_4d0794,PUR_IED_Panama_Fisica_4d0794,,,,,
2026-09-12T06:46:13-05:00,PUR_IED_Panama_SIngles_a4077e,PUR_IED_Panama_SIngles_a4077e,,,,,
2026-09-12T06:46:13-05:00,PUR_IED_Panama_ext_4c54b4,PUR_IED_Panama_ext_4c54b4,,,,,
2026-09-12T06:46:13-05:00,PUR_IED_ParaisoM_Exterior_8cd7f0,PUR_IED_ParaisoM_Exterior_8cd7f0,,,,,
2026-09-12T06:46:13-05:00,PUR_IED_ParaisoM_Laborato_27af35,PUR_IED_ParaisoM_Laborato_27af35,,,,,
2026-09-12T06:46:13-05:00,PUR_IED_ParaisoM_S304_d1edca,PUR_IED_ParaisoM_S304_d1edca,,,,,
2026-09-12T06:46:13-05:00,PUR_IED_PorfirioBarba_Ext_301466,PUR_IED_PorfirioBarba_Ext_301466,,,,,
2026-09-12T06:46:13-05:00,PUR_IED_PorfirioBarba_S11_df6cd2,PUR_IED_PorfirioBarba_S11_df6cd2,,,,,
2026-09-12T06:46:13-05:00,PUR_IED_PorfirioBarba_S29_27a7d6,PUR_IED_PorfirioBarba_S29_27a7d6,,,,,
2026-09-12T06:46:13-05:00,PUR_IED_PradoV_Exter_8b27ad,PUR_IED_PradoV_Exter_8b27ad,,,,,
2026-09-12T06:46:13-05:00,PUR_IED_PradoV_S301_de65b5,PUR_IED_PradoV_S301_de65b5,,,,,
2026-09-12T06:46:13-05:00,PUR_IED_PradoV_S302_7d2593,PUR_IED_PradoV_S302_7d2593,,,,,
2026-09-12T06:46:13-05:00,PUR_IED_QuirogaAlz_Ext_1ddc82,PUR_IED_QuirogaAlz_Ext_1ddc82,,,,,
2026-09-12T06:46:13-05:00,PUR_IED_QuirogaAlz_S302_9926a3,PUR_IED_QuirogaAlz_S302_9926a3,,,,,
2026-09-12T06:46:13-05:00,PUR_IED_QuirogaAlz_S305_cdf1f1,PUR_IED_QuirogaAlz_S305_cdf1f1,,,,,
2026-09-12T06:46:13-05:00,PUR_IED_RGuatemala_Biling_dc53b7,PUR_IED_RGuatemala_Biling_dc53b7,,,,,
2026-09-12T06:46:13-05:00,PUR_IED_RGuatemala_Ext_1b89a3,PUR_IED_RGuatemala_Ext_1b89a3,,,,,
2026-09-12T06:46:13-05:00,PUR_IED_RGuatemala_Tecnol_281a34,PUR_IED_RGuatemala_Tecnol_281a34,,,,,
2026-09-12T06:46:13-05:00,PUR_IED_RafaNu_Ext_f7c302,PUR_IED_RafaNu_Ext_f7c302,,,,,
2026-09-12T06:46:13-05:00,PUR_IED_RafaNu_S1101_25fde,PUR_IED_RafaNu_S1101_25fde,,,,,
2026-09-12T06:46:13-05:00,PUR_IED_RafaNu_S1102_281517,PUR_IED_RafaNu_S1102_281517,,,,,
2026-09-12T06:46:13-05:00,PUR_IED_RafaelB_S305_ee2783,PUR_IED_RafaelB_S305_ee2783,,,,,
2026-09-12T06:46:13-05:00,PUR_IED_RafaelB_S306_75fe33,PUR_IED_RafaelB_S306_75fe33,,,,,
2026-09-12T06:46:13-05:00,PUR_IED_RafaelB_ext_283336,PUR_IED_RafaelB_ext_283336,4,18,60,4.6722,-74.0737
2026-09-12T06:46:13-05:00,PUR_IED_RafaelUU_Exterior_281a51,PUR_IED_RafaelUU_Exterior_281a51,,,,,
2026-09-12T06:46:13-05:00,PUR_IED_RafaelUU_Human_806b2,PUR_IED_RafaelUU_Human_806b2,,,,,
2026-09-12T06:46:13-05:00,PUR_IED_RafaelUU_Mate2_5680d4,PUR_IED_RafaelUU_Mate2_5680d4,,,,,
2026-09-12T06:46:13-05:00,PUR_IED_RamonSub_Ext_f9eeb9,PUR_IED_RamonSub_Ext_f9eeb9,,,,,
2026-09-12T06:46:13-05:00,PUR_IED_RamonSub_Media_d1f62f,PUR_IED_RamonSub_Media_d1f62f,,,,,
2026-09-12T06:46:13-05:00,PUR_IED_RamonSub_planta_51b82,PUR_IED_RamonSub_planta_51b82,,,,,
2026-09-12T06:46:13-05:00,PUR_IED_RepBoliVene_Exter_27af7c,PUR_IED_RepBoliVene_Exter_27af7c,,,,,
2026-09-12T06:46:13-05:00,PUR_IED_RepBoliVene_SCPT_5ae2ee,PUR_IED_RepBoliVene_SCPT_5ae2ee,,,,,
2026-09-12T06:46:13-05:00,PUR_IED_RepBoliVene_Socia_4b11d5,PUR_IED_RepBoliVene_Socia_4b11d5,,,,,
2026-09-12T06:46:13-05:00,PUR_IED_RepChina_Ext_76d9ee,PUR_IED_RepChina_Ext_76d9ee,,,,,
2026-09-12T06:46:13-05:00,PUR_IED_RepChina_S404_7c804c,PUR_IED_RepChina_S404_7c804c,,,,,
2026-09-12T06:46:13-05:00,PUR_IED_RepChina_S405_df2c33,PUR_IED_RepChina_S405_df2c33,,,,,
2026-09-12T06:46:13-05:00,PUR_IED_RepublicaC_Exteri_7d1ec9,PUR_IED_RepublicaC_Exteri_7d1ec9,,,,,
2026-09-12T06:46:13-05:00,PUR_IED_RepublicaC_S1101_f544b3,PUR_IED_RepublicaC_S1101_f544b3,,,,,
2026-09-12T06:46:13-05:00,PUR_IED_RepublicaC_S1102_7aafc7,PUR_IED_RepublicaC_S1102_7aafc7,,,,,
2026-09-12T06:46:13-05:00,PUR_IED_Ricaurte_Externo_a0ea1,PUR_IED_Ricaurte_Externo_a0ea1,,,,,
2026-09-12T06:46:13-05:00,PUR_IED_Ricaurte_S210_f546fd,PUR_IED_Ricaurte_S210_f546fd,,,,,
2026-09-12T06:46:13-05:00,PUR_IED_Ricaurte_S309_d4452,PUR_IED_Ricaurte_S309_d4452,,,,,
2026-09-12T06:46:13-05:00,PUR_IED_RogelioS_1102_531e69,PUR_IED_RogelioS_1102_531e69,,,,,
2026-09-12T06:46:13-05:00,PUR_IED_RogelioS_Ext_f25a18,PUR_IED_RogelioS_Ext_f25a18,,,,,
2026-09-12T06:46:13-05:00,PUR_IED_SBernardino_Ext_27aff8,PUR_IED_SBernardino_Ext_27aff8,,,,,
2026-09-12T06:46:13-05:00,PUR_IED_SBernardino_SArte_2ffd33,PUR_IED_SBernardino_SArte_2ffd33,,,,,
2026-09-12T06:46:13-05:00,PUR_IED_SBernardino_SIngl_7c7da5,PUR_IED_SBernardino_SIngl_7c7da5,,,,,
2026-09-12T06:46:13-05:00,PUR_IED_Sago_auditorio_dc9d1d,PUR_IED_Sago_auditorio_dc9d1d,,,,,
2026-09-12T06:46:13-05:00,PUR_IED_Saludcoop_Ext_95aac3,PUR_IED_Saludcoop_Ext_95aac3,,,,,
2026-09-12T06:46:13-05:00,PUR_IED_Saludcoop_InfI_90c854,PUR_IED_Saludcoop_InfI_90c854,,,,,
2026-09-12T06:46:13-05:00,PUR_IED_Saludcoop_SMedia_1b93be,PUR_IED_Saludcoop_SMedia_1b93be,,,,,
2026-09-12T06:46:13-05:00,PUR_IED_SanCarlos_1101_1a2360,PUR_IED_SanCarlos_1101_1a2360,,,,,
2026-09-12T06:46:13-05:00,PUR_IED_SanCarlos_1103_7bafb5,PUR_IED_SanCarlos_1103_7bafb5,,,,,
2026-09-12T06:46:13-05:00,PUR_IED_SanCarlos_Ext_b7cd1,PUR_IED_SanCarlos_Ext_b7cd1,,,,,
2026-09-12T06:46:13-05:00,PUR_IED_SanIgnacioBosa11a_50c26e,PUR_IED_SanIgnacioBosa11a_50c26e,,,,,
2026-09-12T06:46:13-05:00,PUR_IED_SanIgnacioBosa11b_371de8,PUR_IED_SanIgnacioBosa11b_371de8,,,,,
2026-09-12T06:46:13-05:00,PUR_IED_SanIgnacioBosaExt_ef0ffc,PUR_IED_SanIgnacioBosaExt_ef0ffc,,,,,
2026-09-12T06:46:13-05:00,PUR_IED_SanIgnacioBosa_11a_50c26e,PUR_IED_SanIgnacioBosa_11a_50c26e,,,,,
2026-09-12T06:46:13-05:00,PUR_IED_SanIgnacioBosa_Ext_ef0ffc,PUR_IED_SanIgnacioBosa_Ext_ef0ffc,,,,,
2026-09-12T06:46:13-05:00,PUR_IED_SanJoseN_intS1101_31c47f,PUR_IED_SanJoseN_intS1101_31c47f,,,,,
2026-09-12T06:46:13-05:00,PUR_IED_SanJoseUsm_Exter_f5d7e8,PUR_IED_SanJoseUsm_Exter_f5d7e8,,,,,
2026-09-12T06:46:13-05:00,PUR_IED_SanJoseUsm_Int11A_cfdef6,PUR_IED_SanJoseUsm_Int11A_cfdef6,,,,,
2026-09-12T06:46:13-05:00,PUR_IED_SilveriaR_IntB5_905349,PUR_IED_SilveriaR_IntB5_905349,,,,,
2026-09-12T06:46:13-05:00,PUR_IED_SilveriaR_IntSD14_981f93,PUR_IED_SilveriaR_IntSD14_981f93,,,,,
2026-09-12T06:46:13-05:00,PUR_IED_SilveriaR_ext_2b651d,PUR_IED_SilveriaR_ext_2b651d,,,,,
2026-09-12T06:46:13-05:00,PUR_IED_SimonB_Exterior_913975,PUR_IED_SimonB_Exterior_913975,,,,,
2026-09-12T06:46:13-05:00,PUR_IED_SimonB_LabQuimi_c56908,PUR_IED_SimonB_LabQuimi_c56908,,,,,
2026-09-12T06:46:13-05:00,PUR_IED_SimonB_informatic_a28c1,PUR_IED_SimonB_informatic_a28c1,,,,,
2026-09-12T06:46:13-05:00,PUR_IED_Sorrento_1102_315f50,PUR_IED_Sorrento_1102_315f50,,,,,
2026-09-12T06:46:13-05:00,PUR_IED_Sorrento_Minte_214eab,PUR_IED_Sorrento_Minte_214eab,,,,,
2026-09-12T06:46:13-05:00,PUR_IED_Sorrento_ext_7c3a0a,PUR_IED_Sorrento_ext_7c3a0a,,,,,
2026-09-12T06:46:13-05:00,PUR_IED_Tabora_Ext_f048ae,PUR_IED_Tabora_Ext_f048ae,,,,,
2026-09-12T06:46:13-05:00,PUR_IED_Tabora_S1102_b07752,PUR_IED_Tabora_S1102_b07752,,,,,
2026-09-12T06:46:13-05:00,PUR_IED_Tabora_S1103_d988f5,PUR_IED_Tabora_S1103_d988f5,,,,,
2026-09-12T06:46:13-05:00,PUR_IED_Tenerife_Ext_1ab188,PUR_IED_Tenerife_Ext_1ab188,,,,,
2026-09-12T06:46:13-05:00,PUR_IED_Tenerife_SDanzas_7bc02e,PUR_IED_Tenerife_SDanzas_7bc02e,,,,,
2026-09-12T06:46:13-05:00,PUR_IED_Tenerife_SIngles_7cc277,PUR_IED_Tenerife_SIngles_7cc277,,,,,
2026-09-12T06:46:13-05:00,PUR_IED_Tibabuyes_Exter_f2683d,PUR_IED_Tibabuyes_Exter_f2683d,,,,,
2026-09-12T06:46:13-05:00,PUR_IED_Tibabuyes_S10_dc87a8,PUR_IED_Tibabuyes_S10_dc87a8,,,,,
2026-09-12T06:46:13-05:00,PUR_IED_Tibabuyes_S15_dc0526,PUR_IED_Tibabuyes_S15_dc0526,,,,,
2026-09-12T06:46:13-05:00,PUR_IED_UnionE_S301_a1043,PUR_IED_UnionE_S301_a1043,,,,,
2026-09-12T06:46:13-05:00,PUR_IED_UnionE_S307_ff6c2f,PUR_IED_UnionE_S307_ff6c2f,,,,,
2026-09-12T06:46:13-05:00,PUR_IED_UnionE__Ext_5e2468,PUR_IED_UnionE__Ext_5e2468,,,,,
2026-09-12T06:46:13-05:00,PUR_IED_VillaRica_Ext_75be7c,PUR_IED_VillaRica_Ext_75be7c,,,,,
2026-09-12T06:46:13-05:00,PUR_IED_VillaRica_S4_cc5dcd,PUR_IED_VillaRica_S4_cc5dcd,,,,,
2026-09-12T06:46:13-05:00,PUR_IED_VillaRica_Sesp_99f5c,PUR_IED_VillaRica_Sesp_99f5c,,,,,
2026-09-12T06:51:04-05:00,PUR_IED_20deJulio_1101_91b1b9,PUR_IED_20deJulio_1101_91b1b9,,,,,
2026-09-12T06:51:04-05:00,PUR_IED_20deJulio_1102_1cfcf9,PUR_IED_20deJulio_1102_1cfcf9,,,,,
2026-09-12T06:51:04-05:00,PUR_IED_20deJulio_Ext_ab60bd,PUR_IED_20deJulio_Ext_ab60bd,,,,,
2026-09-12T06:51:04-05:00,PUR_IED_AgustinFer_Ext_7b9b77,PUR_IED_AgustinFer_Ext_7b9b77,,,,,
2026-09-12T06:51:04-05:00,PUR_IED_AgustinFer_Info2_27b3a7,PUR_IED_AgustinFer_Info2_27b3a7,,,,,
2026-09-12T06:51:04-05:00,PUR_IED_AgustinFer_Sena_54b4eb,PUR_IED_AgustinFer_Sena_54b4eb,,,,,
2026-09-12T06:51:04-05:00,PUR_IED_AlexanderF_1102_caf07b,PUR_IED_AlexanderF_1102_caf07b,,,,,
2026-09-12T06:51:04-05:00,PUR_IED_AlexanderF_1103_c79e71,PUR_IED_AlexanderF_1103_c79e71,,,,,
2026-09-12T06:51:04-05:00,PUR_IED_AlexanderF_Ext_c5b18b,PUR_IED_AlexanderF_Ext_c5b18b,,,,,
2026-09-12T06:51:04-05:00,PUR_IED_AlfonsoLopez_Ext_281d77,PUR_IED_AlfonsoLopez_Ext_281d77,,,,,
2026-09-12T06:51:04-05:00,PUR_IED_AlfonsoLopez_LabF_888ce0,PUR_IED_AlfonsoLopez_LabF_888ce0,,,,,
2026-09-12T06:51:04-05:00,PUR_IED_AlfonsoLopez_SMed_df6a7f,PUR_IED_AlfonsoLopez_SMed_df6a7f,,,,,
2026-09-12T06:51:04-05:00,PUR_IED_AltamiraSO_A2_209f92,PUR_IED_AltamiraSO_A2_209f92,,,,,
2026-09-12T06:51:04-05:00,PUR_IED_AltamiraSO_Ext_186d66,PUR_IED_AltamiraSO_Ext_186d66,,,,,
2026-09-12T06:51:04-05:00,PUR_IED_AltamiraSO_Sistem_27afe1,PUR_IED_AltamiraSO_Sistem_27afe1,,,,,
2026-09-12T06:51:04-05:00,PUR_IED_AlvaroGom_LabQuim_813179,PUR_IED_AlvaroGom_LabQuim_813179,,,,,
2026-09-12T06:51:04-05:00,PUR_IED_AlvaroGomez_Ext_47c7ca,PUR_IED_AlvaroGomez_Ext_47c7ca,,,,,
2026-09-12T06:51:04-05:00,PUR_IED_AlvaroGomez_LabQuim_813179,PUR_IED_AlvaroGomez_LabQuim_813179,,,,,
2026-09-12T06:51:04-05:00,PUR_IED_AlvaroGomez_S23_7ba89f,PUR_IED_AlvaroGomez_S23_7ba89f,,,,,
2026-09-12T06:51:04-05:00,PUR_IED_Amistad_306_dc8728,PUR_IED_Amistad_306_dc8728,,,,,
2026-09-12T06:51:04-05:00,PUR_IED_Amistad_Ext_8cd55e,PUR_IED_Amistad_Ext_8cd55e,,,,,
2026-09-12T06:51:04-05:00,PUR_IED_Amistad_S202_a41169,PUR_IED_Amistad_S202_a41169,,,,,
2026-09-12T06:51:04-05:00,PUR_IED_AndresBello_Bio_fd5f5e,PUR_IED_AndresBello_Bio_fd5f5e,,,,,
2026-09-12T06:51:04-05:00,PUR_IED_AndresBello_ext_dcad65,PUR_IED_AndresBello_ext_dcad65,,,,,
2026-09-12T06:51:04-05:00,PUR_IED_AndresBello_port_eed3ec,PUR_IED_AndresBello_port_eed3ec,,,,,
2026-09-12T06:51:04-05:00,PUR_IED_AngelaR_11b_d90a6b,PUR_IED_AngelaR_11b_d90a6b,,,,,
2026-09-12T06:51:04-05:00,PUR_IED_AngelaR_ext_7cad3e,PUR_IED_AngelaR_ext_7cad3e,4,17,67,4.5825,-74.164497
2026-09-12T06:51:04-05:00,PUR_IED_AntJoseSucre_10mo_df2575,PUR_IED_AntJoseSucre_10mo_df2575,,,,,
2026-09-12T06:51:04-05:00,PUR_IED_AntJoseSucre_Ext_215b36,PUR_IED_AntJoseSucre_Ext_215b36,,,,,
2026-09-12T06:51:04-05:00,PUR_IED_AntJoseSucre_Lab_3139de,PUR_IED_AntJoseSucre_Lab_3139de,,,,,
2026-09-12T06:51:04-05:00,PUR_IED_AntonioGarcia_301_d6b188,PUR_IED_AntonioGarcia_301_d6b188,,,,,
2026-09-12T06:51:04-05:00,PUR_IED_AntonioGarcia_302_88a82,PUR_IED_AntonioGarcia_302_88a82,,,,,
2026-09-12T06:51:04-05:00,PUR_IED_AntonioGarcia_Ext_20950c,PUR_IED_AntonioGarcia_Ext_20950c,,,,,
2026-09-12T06:51:04-05:00,PUR_IED_AntonioVan_Aula2_6dea02,PUR_IED_AntonioVan_Aula2_6dea02,,,,,
2026-09-12T06:51:04-05:00,PUR_IED_AntonioVan_Aula5_f1557e,PUR_IED_AntonioVan_Aula5_f1557e,,,,,
2026-09-12T06:51:04-05:00,PUR_IED_AntonioVan_Ext_406f2f,PUR_IED_AntonioVan_Ext_406f2f,,,,,
2026-09-12T06:51:04-05:00,PUR_IED_Atabanzha_Ext_cc5af9,PUR_IED_Atabanzha_Ext_cc5af9,,,,,
2026-09-12T06:51:04-05:00,PUR_IED_Atabanzha_SA101_56c37,PUR_IED_Atabanzha_SA101_56c37,,,,,
2026-09-12T06:51:04-05:00,PUR_IED_Atabanzha_SB302_27b374,PUR_IED_Atabanzha_SB302_27b374,,,,,
2026-09-12T06:51:04-05:00,PUR_IED_Atahualpa_Ext_fc1748,PUR_IED_Atahualpa_Ext_fc1748,,,,,
2026-09-12T06:51:04-05:00,PUR_IED_Atahualpa_Informa_dc9a95,PUR_IED_Atahualpa_Informa_dc9a95,,,,,
2026-09-12T06:51:04-05:00,PUR_IED_Atahualpa_S1101_f98056,PUR_IED_Atahualpa_S1101_f98056,,,,,
2026-09-12T06:51:04-05:00,PUR_IED_Bellavista_Ext_f5aa74,PUR_IED_Bellavista_Ext_f5aa74,,,,,
2026-09-12T06:51:04-05:00,PUR_IED_Bilbao_11A_916c41,PUR_IED_Bilbao_11A_916c41,,,,,
2026-09-12T06:51:04-05:00,PUR_IED_Bilbao_Ext_fb579a,PUR_IED_Bilbao_Ext_fb579a,,,,,
2026-09-12T06:51:04-05:00,PUR_IED_BrasiliaU_A125_304280,PUR_IED_BrasiliaU_A125_304280,,,,,
2026-09-12T06:51:04-05:00,PUR_IED_BrasiliaU_A203_7c8ca5,PUR_IED_BrasiliaU_A203_7c8ca5,,,,,
2026-09-12T06:51:04-05:00,PUR_IED_BrasiliaU_Ext_8d6e9f,PUR_IED_BrasiliaU_Ext_8d6e9f,5,16,68,4.5175,-74.116302
2026-09-12T06:51:04-05:00,PUR_IED_Brasilia_Ext_fe6593,PUR_IED_Brasilia_Ext_fe6593,,,,,
2026-09-12T06:51:04-05:00,PUR_IED_Brasilia_S24_7c130d,PUR_IED_Brasilia_S24_7c130d,,,,,
2026-09-12T06:51:04-05:00,PUR_IED_Brasilia_S501_186a54,PUR_IED_Brasilia_S501_186a54,,,,,
2026-09-12T06:51:04-05:00,PUR_IED_CHARRY_EXT_f1d5cd,PUR_IED_CHARRY_EXT_f1d5cd,,,,,
2026-09-12T06:51:04-05:00,PUR_IED_CHARRY_INTDANZAS_7a08e6,PUR_IED_CHARRY_INTDANZAS_7a08e6,,,,,
2026-09-12T06:51:04-05:00,PUR_IED_CHARRY_INT_AULA20_dc998d,PUR_IED_CHARRY_INT_AULA20_dc998d,,,,,
2026-09-12T06:51:04-05:00,PUR_IED_COLVIV_1101_S25_7f520a,PUR_IED_COLVIV_1101_S25_7f520a,,,,,
2026-09-12T06:51:04-05:00,PUR_IED_COLVIV_1102_S16_f570ba,PUR_IED_COLVIV_1102_S16_f570ba,,,,,
2026-09-12T06:51:04-05:00,PUR_IED_COLVIV_Ext_1a26fa,PUR_IED_COLVIV_Ext_1a26fa,,,,,
2026-09-12T06:51:04-05:00,PUR_IED_CULPOP_301A_f660f3,PUR_IED_CULPOP_301A_f660f3,,,,,
2026-09-12T06:51:04-05:00,PUR_IED_CULPOP_303_568afe,PUR_IED_CULPOP_303_568afe,,,,,
2026-09-12T06:51:04-05:00,PUR_IED_CULPOP_Ext_e02ccb,PUR_IED_CULPOP_Ext_e02ccb,,,,,
2026-09-12T06:51:04-05:00,PUR_IED_CVillavicen_Ext_26eb58,PUR_IED_CVillavicen_Ext_26eb58,4,14,81,4.487,-74.102798
2026-09-12T06:51:04-05:00,PUR_IED_CVillavicen_Intel_1ce5c2,PUR_IED_CVillavicen_Intel_1ce5c2,,,,,
2026-09-12T06:51:04-05:00,PUR_IED_CVillavicen_Poliv_e0766c,PUR_IED_CVillavicen_Poliv_e0766c,,,,,
2026-09-12T06:51:04-05:00,PUR_IED_CVillavicen_int_1ba140,PUR_IED_CVillavicen_int_1ba140,,,,,
2026-09-12T06:51:04-05:00,PUR_IED_CVillavicen_intel_1ba140,PUR_IED_CVillavicen_intel_1ba140,,,,,
2026-09-12T06:51:04-05:00,PUR_IED_CarlosPizarro_Ext_e307cc,PUR_IED_CarlosPizarro_Ext_e307cc,,,,,
2026-09-12T06:51:04-05:00,PUR_IED_CarlosPizarro_L36_7e5cdb,PUR_IED_CarlosPizarro_L36_7e5cdb,,,,,
2026-09-12T06:51:04-05:00,PUR_IED_CarlosPizarro_L37_c8566c,PUR_IED_CarlosPizarro_L37_c8566c,,,,,
2026-09-12T06:51:04-05:00,PUR_IED_Castilla_Ext_cf35f,PUR_IED_Castilla_Ext_cf35f,,,,,
2026-09-12T06:51:04-05:00,PUR_IED_Castilla_SFisik_360e38,PUR_IED_Castilla_SFisik_360e38,,,,,
2026-09-12T06:51:04-05:00,PUR_IED_Castilla_Sc304_496fbf,PUR_IED_Castilla_Sc304_496fbf,,,,,
2026-09-12T06:51:04-05:00,PUR_IED_CervantesSa_Ext_6b57b,PUR_IED_CervantesSa_Ext_6b57b,3,16,74,4.5128,-74.117203
2026-09-12T06:51:04-05:00,PUR_IED_CervantesSa_S107_225c2b,PUR_IED_CervantesSa_S107_225c2b,,,,,
2026-09-12T06:51:04-05:00,PUR_IED_CervantesSa_S108_940925,PUR_IED_CervantesSa_S108_940925,,,,,
2026-09-12T06:51:04-05:00,PUR_IED_Charry_A20_f53e7c,PUR_IED_Charry_A20_f53e7c,,,,,
2026-09-12T06:51:04-05:00,PUR_IED_Charry_Ext_f1d5cd,PUR_IED_Charry_Ext_f1d5cd,,,,,
2026-09-12T06:51:04-05:00,PUR_IED_Charry_IntAula20_dc998d,PUR_IED_Charry_IntAula20_dc998d,,,,,
2026-09-12T06:51:04-05:00,PUR_IED_Charry_IntDanzas_7a08e6,PUR_IED_Charry_IntDanzas_7a08e6,,,,,
2026-09-12T06:51:04-05:00,PUR_IED_ClememciaC_203_43e2fc,PUR_IED_ClememciaC_203_43e2fc,,,,,
2026-09-12T06:51:04-05:00,PUR_IED_ClememciaC_Ext_1b411a,PUR_IED_ClememciaC_Ext_1b411a,,,,,
2026-09-12T06:51:04-05:00,PUR_IED_ClememciaC_Quimic_44b5fc,PUR_IED_ClememciaC_Quimic_44b5fc,,,,,
2026-09-12T06:51:04-05:00,PUR_IED_ClemenciaC_203_43e2fc,PUR_IED_ClemenciaC_203_43e2fc,,,,,
2026-09-12T06:51:04-05:00,PUR_IED_ClemenciaC_Ext_1b411a,PUR_IED_ClemenciaC_Ext_1b411a,,,,,
2026-09-12T06:51:04-05:00,PUR_IED_ClemenciaC_Quimic_44b5fc,PUR_IED_ClemenciaC_Quimic_44b5fc,,,,,
2026-09-12T06:51:04-05:00,PUR_IED_ColViva_1101_S25_7f520a,PUR_IED_ColViva_1101_S25_7f520a,,,,,
2026-09-12T06:51:04-05:00,PUR_IED_ColViva_1102_S16_f570ba,PUR_IED_ColViva_1102_S16_f570ba,,,,,
2026-09-12T06:51:04-05:00,PUR_IED_ColViva_Ext_1a26fa,PUR_IED_ColViva_Ext_1a26fa,,,,,
2026-09-12T06:51:04-05:00,PUR_IED_ColegioBici_Asist_7c8798,PUR_IED_ColegioBici_Asist_7c8798,,,,,
2026-09-12T06:51:04-05:00,PUR_IED_ColegioBici_Ext_25cbf6,PUR_IED_ColegioBici_Ext_25cbf6,,,,,
2026-09-12T06:51:04-05:00,PUR_IED_ColegioBici_LabQ_7b57db,PUR_IED_ColegioBici_LabQ_7b57db,,,,,
2026-09-12T06:51:04-05:00,PUR_IED_CostaRica_Ext_5e640,PUR_IED_CostaRica_Ext_5e640,,,,,
2026-09-12T06:51:04-05:00,PUR_IED_CostaRica_Quim1_766d1c,PUR_IED_CostaRica_Quim1_766d1c,,,,,
2026-09-12T06:51:04-05:00,PUR_IED_CostaRica__Fisica_6f0873,PUR_IED_CostaRica__Fisica_6f0873,,,,,
2026-09-12T06:51:04-05:00,PUR_IED_CulPopu_301A_f660f3,PUR_IED_CulPopu_301A_f660f3,,,,,
2026-09-12T06:51:04-05:00,PUR_IED_CulPopu_303_568afe,PUR_IED_CulPopu_303_568afe,,,,,
2026-09-12T06:51:04-05:00,PUR_IED_CulPopu_Ext_e02ccb,PUR_IED_CulPopu_Ext_e02ccb,,,,,
2026-09-12T06:51:04-05:00,PUR_IED_Cundinamarca_Ext_f15985,PUR_IED_Cundinamarca_Ext_f15985,,,,,
2026-09-12T06:51:04-05:00,PUR_IED_Cundinamarca_Info_7aa5d7,PUR_IED_Cundinamarca_Info_7aa5d7,,,,,
2026-09-12T06:51:04-05:00,PUR_IED_Cundinamarca_Tec2_f449c7,PUR_IED_Cundinamarca_Tec2_f449c7,,,,,
2026-09-12T06:51:04-05:00,PUR_IED_DiegoM_Aula1_27b314,PUR_IED_DiegoM_Aula1_27b314,,,,,
2026-09-12T06:51:04-05:00,PUR_IED_DiegoM_Ext_d80ac8,PUR_IED_DiegoM_Ext_d80ac8,,,,,
2026-09-12T06:51:04-05:00,PUR_IED_DiegoM_S25_da928f,PUR_IED_DiegoM_S25_da928f,,,,,
2026-09-12T06:51:04-05:00,PUR_IED_ELRODEO_360881,PUR_IED_ELRODEO_360881,,,,,
2026-09-12T06:51:04-05:00,PUR_IED_ELRODEO_ext_360881,PUR_IED_ELRODEO_ext_360881,,,,,
2026-09-12T06:51:04-05:00,PUR_IED_EduardoU_Ext_1c1969,PUR_IED_EduardoU_Ext_1c1969,,,,,
2026-09-12T06:51:04-05:00,PUR_IED_EduardoU_SCiencia_4dfb94,PUR_IED_EduardoU_SCiencia_4dfb94,,,,,
2026-09-12T06:51:04-05:00,PUR_IED_EduardoU_SQuimica_5a46e7,PUR_IED_EduardoU_SQuimica_5a46e7,,,,,
2026-09-12T06:51:04-05:00,PUR_IED_ElRodeo_Aula14_676984,PUR_IED_ElRodeo_Aula14_676984,,,,,
2026-09-12T06:51:04-05:00,PUR_IED_ElRodeo_Aula16_2dd35b,PUR_IED_ElRodeo_Aula16_2dd35b,,,,,
2026-09-12T06:51:04-05:00,PUR_IED_ElRodeo_Ext_360881,PUR_IED_ElRodeo_Ext_360881,,,,,
2026-09-12T06:51:04-05:00,PUR_IED_ElRodeo_Exterior_8c6d28,PUR_IED_ElRodeo_Exterior_8c6d28,,,,,
2026-09-12T06:51:04-05:00,PUR_IED_ElRodeo_ext_360881,PUR_IED_ElRodeo_ext_360881,,,,,
2026-09-12T06:51:04-05:00,PUR_IED_EmmaReyes_Ext_987625,PUR_IED_EmmaReyes_Ext_987625,7,21,53,4.6367,-74.1511
2026-09-12T06:51:04-05:00,PUR_IED_Ensueño_Ext_7f0250,PUR_IED_Ensueño_Ext_7f0250,,,,,
2026-09-12T06:51:04-05:00,PUR_IED_EscNormal_Ext_5fef3b,PUR_IED_EscNormal_Ext_5fef3b,2,18,61,4.5852,-74.096901
2026-09-12T06:51:04-05:00,PUR_IED_EscNormal_S309_5b263,PUR_IED_EscNormal_S309_5b263,,,,,
2026-09-12T06:51:04-05:00,PUR_IED_EscNormal_S310_27b3b8,PUR_IED_EscNormal_S310_27b3b8,,,,,
2026-09-12T06:51:04-05:00,PUR_IED_Evangelista_Conta_f6cd4f,PUR_IED_Evangelista_Conta_f6cd4f,,,,,
2026-09-12T06:51:04-05:00,PUR_IED_Evangelista_Cri_5e16a,PUR_IED_Evangelista_Cri_5e16a,,,,,
2026-09-12T06:51:04-05:00,PUR_IED_Evangelista_Exter_754066,PUR_IED_Evangelista_Exter_754066,,,,,
2026-09-12T06:51:04-05:00,PUR_IED_FMiranda_S209_5cc2a3,PUR_IED_FMiranda_S209_5cc2a3,,,,,
2026-09-12T06:51:04-05:00,PUR_IED_FMiranda_S303_19e344,PUR_IED_FMiranda_S303_19e344,,,,,
2026-09-12T06:51:04-05:00,PUR_IED_FMiranda_ext_f53e7c,PUR_IED_FMiranda_ext_f53e7c,,,,,
2026-09-12T06:51:04-05:00,PUR_IED_FabioLozano_Bibli_1cee05,PUR_IED_FabioLozano_Bibli_1cee05,,,,,
2026-09-12T06:51:04-05:00,PUR_IED_FabioLozano_Ext_6ea285,PUR_IED_FabioLozano_Ext_6ea285,,,,,
2026-09-12T06:51:04-05:00,PUR_IED_FabioLozano_SLudi_f09e1e,PUR_IED_FabioLozano_SLudi_f09e1e,,,,,
2026-09-12T06:51:04-05:00,PUR_IED_FaustinoS_Aula07_27a731,PUR_IED_FaustinoS_Aula07_27a731,,,,,
2026-09-12T06:51:04-05:00,PUR_IED_FaustinoS_Ext_7b936f,PUR_IED_FaustinoS_Ext_7b936f,,,,,
2026-09-12T06:51:04-05:00,PUR_IED_FaustinoS_Fisica_da2c60,PUR_IED_FaustinoS_Fisica_da2c60,,,,,
2026-09-12T06:51:04-05:00,PUR_IED_FeGarciaLo_Ext_dc68ee,PUR_IED_FeGarciaLo_Ext_dc68ee,,,,,
2026-09-12T06:51:04-05:00,PUR_IED_FeGarciaLo_SDanza_f70a59,PUR_IED_FeGarciaLo_SDanza_f70a59,,,,,
2026-09-12T06:51:04-05:00,PUR_IED_FeGarciaLo_SMusic_125cdd,PUR_IED_FeGarciaLo_SMusic_125cdd,,,,,
2026-09-12T06:51:04-05:00,PUR_IED_FederalAlema_Exte_50c345,PUR_IED_FederalAlema_Exte_50c345,,,,,
2026-09-12T06:51:04-05:00,PUR_IED_FederalAlema_S31_f18371,PUR_IED_FederalAlema_S31_f18371,,,,,
2026-09-12T06:51:04-05:00,PUR_IED_FederalAlema_S901_a62cd,PUR_IED_FederalAlema_S901_a62cd,,,,,
2026-09-12T06:51:04-05:00,PUR_IED_FilarmonicaS_A5_f35eb1,PUR_IED_FilarmonicaS_A5_f35eb1,,,,,
2026-09-12T06:51:04-05:00,PUR_IED_FilarmonicaS_Ext_8a3bde,PUR_IED_FilarmonicaS_Ext_8a3bde,,,,,
2026-09-12T06:51:04-05:00,PUR_IED_FilarmonicaS_Spol_406114,PUR_IED_FilarmonicaS_Spol_406114,,,,,
2026-09-12T06:51:04-05:00,PUR_IED_FlorentinoG_A13_d1fa59,PUR_IED_FlorentinoG_A13_d1fa59,,,,,
2026-09-12T06:51:04-05:00,PUR_IED_FlorentinoG_Ext_1ce6ce,PUR_IED_FlorentinoG_Ext_1ce6ce,,,,,
2026-09-12T06:51:04-05:00,PUR_IED_FlorentinoG_Idiom_a66aac,PUR_IED_FlorentinoG_Idiom_a66aac,,,,,
2026-09-12T06:51:04-05:00,PUR_IED_FranciscoMati_Ext_e3869d,PUR_IED_FranciscoMati_Ext_e3869d,,,,,
2026-09-12T06:51:04-05:00,PUR_IED_FranciscoMati_S13_f31c67,PUR_IED_FranciscoMati_S13_f31c67,,,,,
2026-09-12T06:51:04-05:00,PUR_IED_FranciscoMati_S14_97dead,PUR_IED_FranciscoMati_S14_97dead,,,,,
2026-09-12T06:51:04-05:00,PUR_IED_FranciscoPS_Ext_7bfa9a,PUR_IED_FranciscoPS_Ext_7bfa9a,3,18,63,4.5899,-74.110397
2026-09-12T06:51:04-05:00,PUR_IED_FranciscoPS_Infor_fb8f4c,PUR_IED_FranciscoPS_Infor_fb8f4c,,,,,
2026-09-12T06:51:04-05:00,PUR_IED_FranciscoPS_Quimi_94d39c,PUR_IED_FranciscoPS_Quimi_94d39c,,,,,
2026-09-12T06:51:04-05:00,PUR_IED_FranciscoP_LabQ_d7e148,PUR_IED_FranciscoP_LabQ_d7e148,,,,,
2026-09-12T06:51:04-05:00,PUR_IED_FranciscoP_S28_cf9b30,PUR_IED_FranciscoP_S28_cf9b30,,,,,
2026-09-12T06:51:04-05:00,PUR_IED_FranciscoP_ext_e2313,PUR_IED_FranciscoP_ext_e2313,,,,,
2026-09-12T06:51:04-05:00,PUR_IED_FriederichN_Ext_8ac92a,PUR_IED_FriederichN_Ext_8ac92a,,,,,
2026-09-12T06:51:04-05:00,PUR_IED_FriederichN_S301_dd7e5a,PUR_IED_FriederichN_S301_dd7e5a,,,,,
2026-09-12T06:51:04-05:00,PUR_IED_FriederichN_S308_761f4f,PUR_IED_FriederichN_S308_761f4f,,,,,
2026-09-12T06:51:04-05:00,PUR_IED_GSantander_Aula10_533dd7,PUR_IED_GSantander_Aula10_533dd7,,,,,
2026-09-12T06:51:04-05:00,PUR_IED_GSantander_Aula12_fd4e4f,PUR_IED_GSantander_Aula12_fd4e4f,,,,,
2026-09-12T06:51:04-05:00,PUR_IED_GSantander_Aula310_533dd7,PUR_IED_GSantander_Aula310_533dd7,,,,,
2026-09-12T06:51:04-05:00,PUR_IED_GSantander_Aula312_fd4e4f,PUR_IED_GSantander_Aula312_fd4e4f,,,,,
2026-09-12T06:51:04-05:00,PUR_IED_GSantander_Ext_5f66b0,PUR_IED_GSantander_Ext_5f66b0,,,,,
2026-09-12T06:51:04-05:00,PUR_IED_GYomasa_Ext_f6bea5,PUR_IED_GYomasa_Ext_f6bea5,,,,,
2026-09-12T06:51:04-05:00,PUR_IED_GYomasa_LBiol_2c41aa,PUR_IED_GYomasa_LBiol_2c41aa,,,,,
2026-09-12T06:51:04-05:00,PUR_IED_GYomasa_LQuim_33c80,PUR_IED_GYomasa_LQuim_33c80,,,,,
2026-09-12T06:51:04-05:00,PUR_IED_GabBetMejia_Cienc_5a99c,PUR_IED_GabBetMejia_Cienc_5a99c,,,,,
2026-09-12T06:51:04-05:00,PUR_IED_GabBetMejia_Ext_9153d0,PUR_IED_GabBetMejia_Ext_9153d0,,,,,
2026-09-12T06:51:04-05:00,PUR_IED_GabBetMejia_Lab_f55347,PUR_IED_GabBetMejia_Lab_f55347,,,,,
2026-09-12T06:51:04-05:00,PUR_IED_GabBetanMejia_Ext_9153d0,PUR_IED_GabBetanMejia_Ext_9153d0,,,,,
2026-09-12T06:51:04-05:00,PUR_IED_Gaitana_Aula13_7aac11,PUR_IED_Gaitana_Aula13_7aac11,,,,,
2026-09-12T06:51:04-05:00,PUR_IED_Gaitana_Ext_5fcf4,PUR_IED_Gaitana_Ext_5fcf4,,,,,
2026-09-12T06:51:04-05:00,PUR_IED_Gaitana_LabFisica_644448,PUR_IED_Gaitana_LabFisica_644448,,,,,
2026-09-12T06:51:04-05:00,PUR_IED_GenSantander_Dise_8ac858,PUR_IED_GenSantander_Dise_8ac858,,,,,
2026-09-12T06:51:04-05:00,PUR_IED_GenSantander_Ext_8d5dfe,PUR_IED_GenSantander_Ext_8d5dfe,,,,,
2026-09-12T06:51:04-05:00,PUR_IED_GenSantander_Info_6c25b,PUR_IED_GenSantander_Info_6c25b,,,,,
2026-09-12T06:51:04-05:00,PUR_IED_GustavoMo_Exterio_75e63d,PUR_IED_GustavoMo_Exterio_75e63d,,,,,
2026-09-12T06:51:04-05:00,PUR_IED_GustavoMo_LabFisi_224d37,PUR_IED_GustavoMo_LabFisi_224d37,,,,,
2026-09-12T06:51:04-05:00,PUR_IED_GustavoMo_S208_3e6918,PUR_IED_GustavoMo_S208_3e6918,,,,,
2026-09-12T06:51:04-05:00,PUR_IED_GustavoR_A02_8cd4a8,PUR_IED_GustavoR_A02_8cd4a8,,,,,
2026-09-12T06:51:04-05:00,PUR_IED_GustavoR_B11_5b0ed,PUR_IED_GustavoR_B11_5b0ed,,,,,
2026-09-12T06:51:04-05:00,PUR_IED_GustavoR_Ext_7a0c90,PUR_IED_GustavoR_Ext_7a0c90,,,,,
2026-09-12T06:51:04-05:00,PUR_IED_HernandoDuran_Ext_8cd82b,PUR_IED_HernandoDuran_Ext_8cd82b,,,,,
2026-09-12T06:51:04-05:00,PUR_IED_HernandoDuran_S24_2772c6,PUR_IED_HernandoDuran_S24_2772c6,,,,,
2026-09-12T06:51:04-05:00,PUR_IED_HernandoDuran_S30_f2de41,PUR_IED_HernandoDuran_S30_f2de41,,,,,
2026-09-12T06:51:04-05:00,PUR_IED_HolguInUr_S1101_8cd732,PUR_IED_HolguInUr_S1101_8cd732,,,,,
2026-09-12T06:51:04-05:00,PUR_IED_HolguinUr_Exter_ddae6d,PUR_IED_HolguinUr_Exter_ddae6d,,,,,
2026-09-12T06:51:04-05:00,PUR_IED_HolguinUr_LabQuim_92b952,PUR_IED_HolguinUr_LabQuim_92b952,,,,,
2026-09-12T06:51:04-05:00,PUR_IED_Isabel-II_Ext_5245cc,PUR_IED_Isabel-II_Ext_5245cc,5,18,61,4.6336,-74.153
2026-09-12T06:51:04-05:00,PUR_IED_Isabel-II_S_idiom_1c29aa,PUR_IED_Isabel-II_S_idiom_1c29aa,,,,,
2026-09-12T06:51:04-05:00,PUR_IED_Isabel-II_S_infor_fd741,PUR_IED_Isabel-II_S_infor_fd741,,,,,
2026-09-12T06:51:04-05:00,PUR_IED_IsidroSur_Exterio_5b90ea,PUR_IED_IsidroSur_Exterio_5b90ea,,,,,
2026-09-12T06:51:04-05:00,PUR_IED_IsidroSur_LabTec_56697a,PUR_IED_IsidroSur_LabTec_56697a,,,,,
2026-09-12T06:51:04-05:00,PUR_IED_IsidroSur_Robotic_b7c38f,PUR_IED_IsidroSur_Robotic_b7c38f,,,,,
2026-09-12T06:51:04-05:00,PUR_IED_IsmaelPerd_Ext_7b6672,PUR_IED_IsmaelPerd_Ext_7b6672,,,,,
2026-09-12T06:51:04-05:00,PUR_IED_IsmaelPerd_Inform_306540,PUR_IED_IsmaelPerd_Inform_306540,,,,,
2026-09-12T06:51:04-05:00,PUR_IED_IsmaelPerd_S30_2e2c83,PUR_IED_IsmaelPerd_S30_2e2c83,,,,,
2026-09-12T06:51:04-05:00,PUR_IED_JLozano_Exter_432910,PUR_IED_JLozano_Exter_432910,,,,,
2026-09-12T06:51:04-05:00,PUR_IED_JLozano_salaMulti_df5125,PUR_IED_JLozano_salaMulti_df5125,,,,,
2026-09-12T06:51:04-05:00,PUR_IED_JMCordoba_206_86f80b,PUR_IED_JMCordoba_206_86f80b,,,,,
2026-09-12T06:51:04-05:00,PUR_IED_JMCordoba_Ext_27ad97,PUR_IED_JMCordoba_Ext_27ad97,,,,,
2026-09-12T06:51:04-05:00,PUR_IED_JMCordoba_S310_d59ab4,PUR_IED_JMCordoba_S310_d59ab4,,,,,
2026-09-12T06:51:04-05:00,PUR_IED_Japon_Ext_549100,PUR_IED_Japon_Ext_549100,,,,,
2026-09-12T06:51:04-05:00,PUR_IED_Japon_Laboratorio_bec51d,PUR_IED_Japon_Laboratorio_bec51d,,,,,
2026-09-12T06:51:04-05:00,PUR_IED_Japon_informatica_d99327,PUR_IED_Japon_informatica_d99327,,,,,
2026-09-12T06:51:04-05:00,PUR_IED_Jazmin_Ext_d27bda,PUR_IED_Jazmin_Ext_d27bda,,,,,
2026-09-12T06:51:04-05:00,PUR_IED_Jazmin_Fisica_8d14d7,PUR_IED_Jazmin_Fisica_8d14d7,,,,,
2026-09-12T06:51:04-05:00,PUR_IED_Jazmin_Quimica_801cb5,PUR_IED_Jazmin_Quimica_801cb5,,,,,
2026-09-12T06:51:04-05:00,PUR_IED_JorgeGaitan_Exter_f098d1,PUR_IED_JorgeGaitan_Exter_f098d1,,,,,
2026-09-12T06:51:04-05:00,PUR_IED_JorgeGaitan_STec1_dc9d1d,PUR_IED_JorgeGaitan_STec1_dc9d1d,,,,,
2026-09-12T06:51:04-05:00,PUR_IED_JorgeGaitan_STec2_281e69,PUR_IED_JorgeGaitan_STec2_281e69,,,,,
2026-09-12T06:51:04-05:00,PUR_IED_JorgeSoto_Exterio_d9d0a2,PUR_IED_JorgeSoto_Exterio_d9d0a2,,,,,
2026-09-12T06:51:04-05:00,PUR_IED_JorgeSoto_LabFisi_209c54,PUR_IED_JorgeSoto_LabFisi_209c54,,,,,
2026-09-12T06:51:04-05:00,PUR_IED_JorgeSoto_S103_27b51a,PUR_IED_JorgeSoto_S103_27b51a,,,,,
2026-09-12T06:51:04-05:00,PUR_IED_JoseAcevedo_A02_e965eb,PUR_IED_JoseAcevedo_A02_e965eb,,,,,
2026-09-12T06:51:04-05:00,PUR_IED_JoseAcevedo_A07_dd5b4,PUR_IED_JoseAcevedo_A07_dd5b4,,,,,
2026-09-12T06:51:04-05:00,PUR_IED_JoseAcevedo_Ext_b47484,PUR_IED_JoseAcevedo_Ext_b47484,,,,,
2026-09-12T06:51:04-05:00,PUR_IED_JoseMarti_Exte_5b9bf,PUR_IED_JoseMarti_Exte_5b9bf,,,,,
2026-09-12T06:51:04-05:00,PUR_IED_JoseMarti_LabQuim_1c6c2d,PUR_IED_JoseMarti_LabQuim_1c6c2d,,,,,
2026-09-12T06:51:04-05:00,PUR_IED_JoseMarti_S_info_f5f177,PUR_IED_JoseMarti_S_info_f5f177,,,,,
2026-09-12T06:51:04-05:00,PUR_IED_Josejoaquin_Ext_dfc5dc,PUR_IED_Josejoaquin_Ext_dfc5dc,,,,,
2026-09-12T06:51:04-05:00,PUR_IED_Josejoaquin_S05_5b2a96,PUR_IED_Josejoaquin_S05_5b2a96,,,,,
2026-09-12T06:51:04-05:00,PUR_IED_Josejoaquin_S06_1ce7d2,PUR_IED_Josejoaquin_S06_1ce7d2,,,,,
2026-09-12T06:51:04-05:00,PUR_IED_JulioFlorez_Danza_9b82dd,PUR_IED_JulioFlorez_Danza_9b82dd,,,,,
2026-09-12T06:51:04-05:00,PUR_IED_JulioFlorez_Exter_f9f314,PUR_IED_JulioFlorez_Exter_f9f314,,,,,
2026-09-12T06:51:04-05:00,PUR_IED_JulioFlorez_info2_6b6e08,PUR_IED_JulioFlorez_info2_6b6e08,,,,,
2026-09-12T06:51:04-05:00,PUR_IED_LaBelleza_Aula13_1d00d8,PUR_IED_LaBelleza_Aula13_1d00d8,,,,,
2026-09-12T06:51:04-05:00,PUR_IED_LaBelleza_Ext_7bc08c,PUR_IED_LaBelleza_Ext_7bc08c,,,,,
2026-09-12T06:51:04-05:00,PUR_IED_LaChucua_Ext_8cd6d2,PUR_IED_LaChucua_Ext_8cd6d2,,,,,
2026-09-12T06:51:04-05:00,PUR_IED_LaChucua_S15_f578ce,PUR_IED_LaChucua_S15_f578ce,,,,,
2026-09-12T06:51:04-05:00,PUR_IED_LaChucua_S16_eebcf9,PUR_IED_LaChucua_S16_eebcf9,,,,,
2026-09-12T06:51:04-05:00,PUR_IED_LaFelicidad_Ext_fb5109,PUR_IED_LaFelicidad_Ext_fb5109,,,,,
2026-09-12T06:51:04-05:00,PUR_IED_LaMerced_206_66ebd,PUR_IED_LaMerced_206_66ebd,,,,,
2026-09-12T06:51:04-05:00,PUR_IED_LaMerced_207_6ebd6,PUR_IED_LaMerced_207_6ebd6,,,,,
2026-09-12T06:51:04-05:00,PUR_IED_LaMerced_ext_304311,PUR_IED_LaMerced_ext_304311,,,,,
2026-09-12T06:51:04-05:00,PUR_IED_Laureano_CiencNat_281e5e,PUR_IED_Laureano_CiencNat_281e5e,,,,,
2026-09-12T06:51:04-05:00,PUR_IED_Laureano_Comedor_f65c0a,PUR_IED_Laureano_Comedor_f65c0a,,,,,
2026-09-12T06:51:04-05:00,PUR_IED_Laureano_Exterior_7ab011,PUR_IED_Laureano_Exterior_7ab011,,,,,
2026-09-12T06:51:04-05:00,PUR_IED_LeonGreiff_Exte_dfe560,PUR_IED_LeonGreiff_Exte_dfe560,,,,,
2026-09-12T06:51:04-05:00,PUR_IED_LeonGreiff_S210_f264ed,PUR_IED_LeonGreiff_S210_f264ed,,,,,
2026-09-12T06:51:04-05:00,PUR_IED_LeonGreiff_SQuimi_e8296f,PUR_IED_LeonGreiff_SQuimi_e8296f,,,,,
2026-09-12T06:51:04-05:00,PUR_IED_LlanoOrientalS208_7b9fcd,PUR_IED_LlanoOrientalS208_7b9fcd,,,,,
2026-09-12T06:51:04-05:00,PUR_IED_LlanoOriental_Ext_fb3766,PUR_IED_LlanoOriental_Ext_fb3766,,,,,
2026-09-12T06:51:04-05:00,PUR_IED_LlanoOriental_S208_7b9fcd,PUR_IED_LlanoOriental_S208_7b9fcd,,,,,
2026-09-12T06:51:04-05:00,PUR_IED_LlanoOriental_S9_27b378,PUR_IED_LlanoOriental_S9_27b378,,,,,
2026-09-12T06:51:04-05:00,PUR_IED_LosTejares_1101_477602,PUR_IED_LosTejares_1101_477602,,,,,
2026-09-12T06:51:04-05:00,PUR_IED_LosTejares_11_d2c595,PUR_IED_LosTejares_11_d2c595,,,,,
2026-09-12T06:51:04-05:00,PUR_IED_LosTejares_12_477602,PUR_IED_LosTejares_12_477602,,,,,
2026-09-12T06:51:04-05:00,PUR_IED_LosTejares_Ext_8e2115,PUR_IED_LosTejares_Ext_8e2115,,,,,
2026-09-12T06:51:04-05:00,PUR_IED_MagdalenaO_B202_5ddda3,PUR_IED_MagdalenaO_B202_5ddda3,,,,,
2026-09-12T06:51:04-05:00,PUR_IED_MagdalenaO_B205_fb76e8,PUR_IED_MagdalenaO_B205_fb76e8,,,,,
2026-09-12T06:51:04-05:00,PUR_IED_MagdalenaO_ext_dc69cd,PUR_IED_MagdalenaO_ext_dc69cd,,,,,
2026-09-12T06:51:04-05:00,PUR_IED_ManueCepeda_artes_eee956,PUR_IED_ManueCepeda_artes_eee956,,,,,
2026-09-12T06:51:04-05:00,PUR_IED_ManuelCepeda_Ext_58313,PUR_IED_ManuelCepeda_Ext_58313,,,,,
2026-09-12T06:51:04-05:00,PUR_IED_ManuelCepeda_tec_1c5731,PUR_IED_ManuelCepeda_tec_1c5731,,,,,
2026-09-12T06:51:04-05:00,PUR_IED_ManuelS_Exterior_5b269,PUR_IED_ManuelS_Exterior_5b269,,,,,
2026-09-12T06:51:04-05:00,PUR_IED_ManuelS_Inform_f369ce,PUR_IED_ManuelS_Inform_f369ce,,,,,
2026-09-12T06:51:04-05:00,PUR_IED_ManuelS_SArtes_7d15f1,PUR_IED_ManuelS_SArtes_7d15f1,,,,,
2026-09-12T06:51:04-05:00,PUR_IED_ManuelZapata_303_3ca6,PUR_IED_ManuelZapata_303_3ca6,,,,,
2026-09-12T06:51:04-05:00,PUR_IED_ManuelZapata_311_bfbabc,PUR_IED_ManuelZapata_311_bfbabc,,,,,
2026-09-12T06:51:04-05:00,PUR_IED_ManuelZapata_Ext_50824a,PUR_IED_ManuelZapata_Ext_50824a,,,,,
2026-09-12T06:51:04-05:00,PUR_IED_ManuelitaS_Exteri_656a92,PUR_IED_ManuelitaS_Exteri_656a92,,,,,
2026-09-12T06:51:04-05:00,PUR_IED_ManuelitaS_JuzgDe_f58ec3,PUR_IED_ManuelitaS_JuzgDe_f58ec3,,,,,
2026-09-12T06:51:04-05:00,PUR_IED_ManuelitaS_Recrea_d793db,PUR_IED_ManuelitaS_Recrea_d793db,,,,,
2026-09-12T06:51:04-05:00,PUR_IED_MarFidSuarez_Ext_c27b19,PUR_IED_MarFidSuarez_Ext_c27b19,,,,,
2026-09-12T06:51:04-05:00,PUR_IED_MarFidSuarez_Info_e384d7,PUR_IED_MarFidSuarez_Info_e384d7,,,,,
2026-09-12T06:51:04-05:00,PUR_IED_MarFidSuarez_S306_1d0032,PUR_IED_MarFidSuarez_S306_1d0032,,,,,
2026-09-12T06:51:04-05:00,PUR_IED_Menorah_301_2a25a3,PUR_IED_Menorah_301_2a25a3,,,,,
2026-09-12T06:51:04-05:00,PUR_IED_Menorah_306_37ed3,PUR_IED_Menorah_306_37ed3,,,,,
2026-09-12T06:51:04-05:00,PUR_IED_Menorah_Ext_3e155b,PUR_IED_Menorah_Ext_3e155b,,,,,
2026-09-12T06:51:04-05:00,PUR_IED_MinutoB.Aires_A11_1b1604,PUR_IED_MinutoB.Aires_A11_1b1604,,,,,
2026-09-12T06:51:04-05:00,PUR_IED_MinutoB.Aires_A12_fb5860,PUR_IED_MinutoB.Aires_A12_fb5860,,,,,
2026-09-12T06:51:04-05:00,PUR_IED_MinutoB.Aires_Ext_81293f,PUR_IED_MinutoB.Aires_Ext_81293f,,,,,
2026-09-12T06:51:04-05:00,PUR_IED_MinutoBAires_A11_1b1604,PUR_IED_MinutoBAires_A11_1b1604,,,,,
2026-09-12T06:51:04-05:00,PUR_IED_MinutoBAires_A12_fb5860,PUR_IED_MinutoBAires_A12_fb5860,,,,,
2026-09-12T06:51:04-05:00,PUR_IED_MinutoBAires_Ext_81293f,PUR_IED_MinutoBAires_Ext_81293f,,,,,
2026-09-12T06:51:04-05:00,PUR_IED_Montreal_Aula10_1e4959,PUR_IED_Montreal_Aula10_1e4959,,,,,
2026-09-12T06:51:04-05:00,PUR_IED_Montreal_Aula6_300367,PUR_IED_Montreal_Aula6_300367,,,,,
2026-09-12T06:51:04-05:00,PUR_IED_Montreal_Exterior_91a179,PUR_IED_Montreal_Exterior_91a179,,,,,
2026-09-12T06:51:04-05:00,PUR_IED_Mqgdalena_B202_5ddda3,PUR_IED_Mqgdalena_B202_5ddda3,,,,,
2026-09-12T06:51:04-05:00,PUR_IED_NACUND_Soc_dc8728,PUR_IED_NACUND_Soc_dc8728,,,,,
2026-09-12T06:51:04-05:00,PUR_IED_NACUND_ext_27ad97,PUR_IED_NACUND_ext_27ad97,,,,,
2026-09-12T06:51:04-05:00,PUR_IED_NEsperanza_Ext_d24b61,PUR_IED_NEsperanza_Ext_d24b61,,,,,
2026-09-12T06:51:04-05:00,PUR_IED_NEsperanza_SElect_7d1807,PUR_IED_NEsperanza_SElect_7d1807,,,,,
2026-09-12T06:51:04-05:00,PUR_IED_NEsperanza_SLabor_8b2d0a,PUR_IED_NEsperanza_SLabor_8b2d0a,,,,,
2026-09-12T06:51:04-05:00,PUR_IED_NacionesU_Ext_f661a9,PUR_IED_NacionesU_Ext_f661a9,,,,,
2026-09-12T06:51:04-05:00,PUR_IED_NacionesU_Quimica_66f0a,PUR_IED_NacionesU_Quimica_66f0a,,,,,
2026-09-12T06:51:04-05:00,PUR_IED_NacionesU_S306_1b4b3d,PUR_IED_NacionesU_S306_1b4b3d,,,,,
2026-09-12T06:51:04-05:00,PUR_IED_NestorFA_Ext_e4201c,PUR_IED_NestorFA_Ext_e4201c,,,,,
2026-09-12T06:51:04-05:00,PUR_IED_NestorFA_Laborato_f22fe0,PUR_IED_NestorFA_Laborato_f22fe0,,,,,
2026-09-12T06:51:04-05:00,PUR_IED_NestorFA_S204_dee996,PUR_IED_NestorFA_S204_dee996,,,,,
2026-09-12T06:51:04-05:00,PUR_IED_NidyaQT_Aula03_76999b,PUR_IED_NidyaQT_Aula03_76999b,,,,,
2026-09-12T06:51:04-05:00,PUR_IED_NidyaQT_Aula10_56325,PUR_IED_NidyaQT_Aula10_56325,,,,,
2026-09-12T06:51:04-05:00,PUR_IED_NidyaQT_Ext_46e32d,PUR_IED_NidyaQT_Ext_46e32d,,,,,
2026-09-12T06:51:04-05:00,PUR_IED_NuevaCol_Exterior_d9b859,PUR_IED_NuevaCol_Exterior_d9b859,,,,,
2026-09-12T06:51:04-05:00,PUR_IED_NuevaCol_S1101_76c43b,PUR_IED_NuevaCol_S1101_76c43b,,,,,
2026-09-12T06:51:04-05:00,PUR_IED_NuevaCol_S1102_1ce0b5,PUR_IED_NuevaCol_S1102_1ce0b5,,,,,
2026-09-12T06:51:04-05:00,PUR_IED_OEA_A202_f7e3f2,PUR_IED_OEA_A202_f7e3f2,,,,,
2026-09-12T06:51:04-05:00,PUR_IED_OEA_A203_7d1b8d,PUR_IED_OEA_A203_7d1b8d,,,,,
2026-09-12T06:51:04-05:00,PUR_IED_OEA_Ext_27b593,PUR_IED_OEA_Ext_27b593,,,,,
2026-09-12T06:51:04-05:00,PUR_IED_Ochoa_Ext_1c29da,PUR_IED_Ochoa_Ext_1c29da,,,,,
2026-09-12T06:51:04-05:00,PUR_IED_Ochoa_S205_8b1121,PUR_IED_Ochoa_S205_8b1121,,,,,
2026-09-12T06:51:04-05:00,PUR_IED_Ochoa_Sistemas_f33af6,PUR_IED_Ochoa_Sistemas_f33af6,,,,,
2026-09-12T06:51:04-05:00,PUR_IED_PQuebec_Ext_1c67c7,PUR_IED_PQuebec_Ext_1c67c7,,,,,
2026-09-12T06:51:04-05:00,PUR_IED_PQuebec_S15_23e8e2,PUR_IED_PQuebec_S15_23e8e2,,,,,
2026-09-12T06:51:04-05:00,PUR_IED_PQuebec_S16_8ec76b,PUR_IED_PQuebec_S16_8ec76b,,,,,
2026-09-12T06:51:04-05:00,PUR_IED_PabloN_Ext_49dc96,PUR_IED_PabloN_Ext_49dc96,,,,,
2026-09-12T06:51:04-05:00,PUR_IED_PabloN_S1102_4e3df5,PUR_IED_PabloN_S1102_4e3df5,,,,,
2026-09-12T06:51:04-05:00,PUR_IED_PabloN_S1103_50c94b,PUR_IED_PabloN_S1103_50c94b,,,,,
2026-09-12T06:51:04-05:00,PUR_IED_Palestina_S1101_db9198,PUR_IED_Palestina_S1101_db9198,,,,,
2026-09-12T06:51:04-05:00,PUR_IED_Palestina_S1102_dc54fa,PUR_IED_Palestina_S1102_dc54fa,,,,,
2026-09-12T06:51:04-05:00,PUR_IED_Palestina_ext_4ccce6,PUR_IED_Palestina_ext_4ccce6,,,,,
2026-09-12T06:51:04-05:00,PUR_IED_Panama_Fisica_4d0794,PUR_IED_Panama_Fisica_4d0794,,,,,
2026-09-12T06:51:04-05:00,PUR_IED_Panama_SIngles_a4077e,PUR_IED_Panama_SIngles_a4077e,,,,,
2026-09-12T06:51:04-05:00,PUR_IED_Panama_ext_4c54b4,PUR_IED_Panama_ext_4c54b4,,,,,
2026-09-12T06:51:04-05:00,PUR_IED_ParaisoM_Exterior_8cd7f0,PUR_IED_ParaisoM_Exterior_8cd7f0,,,,,
2026-09-12T06:51:04-05:00,PUR_IED_ParaisoM_Laborato_27af35,PUR_IED_ParaisoM_Laborato_27af35,,,,,
2026-09-12T06:51:04-05:00,PUR_IED_ParaisoM_S304_d1edca,PUR_IED_ParaisoM_S304_d1edca,,,,,
2026-09-12T06:51:04-05:00,PUR_IED_PorfirioBarba_Ext_301466,PUR_IED_PorfirioBarba_Ext_301466,,,,,
2026-09-12T06:51:04-05:00,PUR_IED_PorfirioBarba_S11_df6cd2,PUR_IED_PorfirioBarba_S11_df6cd2,,,,,
2026-09-12T06:51:04-05:00,PUR_IED_PorfirioBarba_S29_27a7d6,PUR_IED_PorfirioBarba_S29_27a7d6,,,,,
2026-09-12T06:51:04-05:00,PUR_IED_PradoV_Exter_8b27ad,PUR_IED_PradoV_Exter_8b27ad,,,,,
2026-09-12T06:51:04-05:00,PUR_IED_PradoV_S301_de65b5,PUR_IED_PradoV_S301_de65b5,,,,,
2026-09-12T06:51:04-05:00,PUR_IED_PradoV_S302_7d2593,PUR_IED_PradoV_S302_7d2593,,,,,
2026-09-12T06:51:04-05:00,PUR_IED_QuirogaAlz_Ext_1ddc82,PUR_IED_QuirogaAlz_Ext_1ddc82,,,,,
2026-09-12T06:51:04-05:00,PUR_IED_QuirogaAlz_S302_9926a3,PUR_IED_QuirogaAlz_S302_9926a3,,,,,
2026-09-12T06:51:04-05:00,PUR_IED_QuirogaAlz_S305_cdf1f1,PUR_IED_QuirogaAlz_S305_cdf1f1,,,,,
2026-09-12T06:51:04-05:00,PUR_IED_RGuatemala_Biling_dc53b7,PUR_IED_RGuatemala_Biling_dc53b7,,,,,
2026-09-12T06:51:04-05:00,PUR_IED_RGuatemala_Ext_1b89a3,PUR_IED_RGuatemala_Ext_1b89a3,,,,,
2026-09-12T06:51:04-05:00,PUR_IED_RGuatemala_Tecnol_281a34,PUR_IED_RGuatemala_Tecnol_281a34,,,,,
2026-09-12T06:51:04-05:00,PUR_IED_RafaNu_Ext_f7c302,PUR_IED_RafaNu_Ext_f7c302,,,,,
2026-09-12T06:51:04-05:00,PUR_IED_RafaNu_S1101_25fde,PUR_IED_RafaNu_S1101_25fde,,,,,
2026-09-12T06:51:04-05:00,PUR_IED_RafaNu_S1102_281517,PUR_IED_RafaNu_S1102_281517,,,,,
2026-09-12T06:51:04-05:00,PUR_IED_RafaelB_S305_ee2783,PUR_IED_RafaelB_S305_ee2783,,,,,
2026-09-12T06:51:04-05:00,PUR_IED_RafaelB_S306_75fe33,PUR_IED_RafaelB_S306_75fe33,,,,,
2026-09-12T06:51:04-05:00,PUR_IED_RafaelB_ext_283336,PUR_IED_RafaelB_ext_283336,2,18,60,4.6722,-74.0737
2026-09-12T06:51:04-05:00,PUR_IED_RafaelUU_Exterior_281a51,PUR_IED_RafaelUU_Exterior_281a51,,,,,
2026-09-12T06:51:04-05:00,PUR_IED_RafaelUU_Human_806b2,PUR_IED_RafaelUU_Human_806b2,,,,,
2026-09-12T06:51:04-05:00,PUR_IED_RafaelUU_Mate2_5680d4,PUR_IED_RafaelUU_Mate2_5680d4,,,,,
2026-09-12T06:51:04-05:00,PUR_IED_RamonSub_Ext_f9eeb9,PUR_IED_RamonSub_Ext_f9eeb9,,,,,
2026-09-12T06:51:04-05:00,PUR_IED_RamonSub_Media_d1f62f,PUR_IED_RamonSub_Media_d1f62f,,,,,
2026-09-12T06:51:04-05:00,PUR_IED_RamonSub_planta_51b82,PUR_IED_RamonSub_planta_51b82,,,,,
2026-09-12T06:51:04-05:00,PUR_IED_RepBoliVene_Exter_27af7c,PUR_IED_RepBoliVene_Exter_27af7c,,,,,
2026-09-12T06:51:04-05:00,PUR_IED_RepBoliVene_SCPT_5ae2ee,PUR_IED_RepBoliVene_SCPT_5ae2ee,,,,,
2026-09-12T06:51:04-05:00,PUR_IED_RepBoliVene_Socia_4b11d5,PUR_IED_RepBoliVene_Socia_4b11d5,,,,,
2026-09-12T06:51:04-05:00,PUR_IED_RepChina_Ext_76d9ee,PUR_IED_RepChina_Ext_76d9ee,,,,,
2026-09-12T06:51:04-05:00,PUR_IED_RepChina_S404_7c804c,PUR_IED_RepChina_S404_7c804c,,,,,
2026-09-12T06:51:04-05:00,PUR_IED_RepChina_S405_df2c33,PUR_IED_RepChina_S405_df2c33,,,,,
2026-09-12T06:51:04-05:00,PUR_IED_RepublicaC_Exteri_7d1ec9,PUR_IED_RepublicaC_Exteri_7d1ec9,,,,,
2026-09-12T06:51:04-05:00,PUR_IED_RepublicaC_S1101_f544b3,PUR_IED_RepublicaC_S1101_f544b3,,,,,
2026-09-12T06:51:04-05:00,PUR_IED_RepublicaC_S1102_7aafc7,PUR_IED_RepublicaC_S1102_7aafc7,,,,,
2026-09-12T06:51:04-05:00,PUR_IED_Ricaurte_Externo_a0ea1,PUR_IED_Ricaurte_Externo_a0ea1,,,,,
2026-09-12T06:51:04-05:00,PUR_IED_Ricaurte_S210_f546fd,PUR_IED_Ricaurte_S210_f546fd,,,,,
2026-09-12T06:51:04-05:00,PUR_IED_Ricaurte_S309_d4452,PUR_IED_Ricaurte_S309_d4452,,,,,
2026-09-12T06:51:04-05:00,PUR_IED_RogelioS_1102_531e69,PUR_IED_RogelioS_1102_531e69,,,,,
2026-09-12T06:51:04-05:00,PUR_IED_RogelioS_Ext_f25a18,PUR_IED_RogelioS_Ext_f25a18,,,,,
2026-09-12T06:51:04-05:00,PUR_IED_SBernardino_Ext_27aff8,PUR_IED_SBernardino_Ext_27aff8,,,,,
2026-09-12T06:51:04-05:00,PUR_IED_SBernardino_SArte_2ffd33,PUR_IED_SBernardino_SArte_2ffd33,,,,,
2026-09-12T06:51:04-05:00,PUR_IED_SBernardino_SIngl_7c7da5,PUR_IED_SBernardino_SIngl_7c7da5,,,,,
2026-09-12T06:51:04-05:00,PUR_IED_Sago_auditorio_dc9d1d,PUR_IED_Sago_auditorio_dc9d1d,,,,,
2026-09-12T06:51:04-05:00,PUR_IED_Saludcoop_Ext_95aac3,PUR_IED_Saludcoop_Ext_95aac3,,,,,
2026-09-12T06:51:04-05:00,PUR_IED_Saludcoop_InfI_90c854,PUR_IED_Saludcoop_InfI_90c854,,,,,
2026-09-12T06:51:04-05:00,PUR_IED_Saludcoop_SMedia_1b93be,PUR_IED_Saludcoop_SMedia_1b93be,,,,,
2026-09-12T06:51:04-05:00,PUR_IED_SanCarlos_1101_1a2360,PUR_IED_SanCarlos_1101_1a2360,,,,,
2026-09-12T06:51:04-05:00,PUR_IED_SanCarlos_1103_7bafb5,PUR_IED_SanCarlos_1103_7bafb5,,,,,
2026-09-12T06:51:04-05:00,PUR_IED_SanCarlos_Ext_b7cd1,PUR_IED_SanCarlos_Ext_b7cd1,,,,,
2026-09-12T06:51:04-05:00,PUR_IED_SanIgnacioBosa11a_50c26e,PUR_IED_SanIgnacioBosa11a_50c26e,,,,,
2026-09-12T06:51:04-05:00,PUR_IED_SanIgnacioBosa11b_371de8,PUR_IED_SanIgnacioBosa11b_371de8,,,,,
2026-09-12T06:51:04-05:00,PUR_IED_SanIgnacioBosaExt_ef0ffc,PUR_IED_SanIgnacioBosaExt_ef0ffc,,,,,
2026-09-12T06:51:04-05:00,PUR_IED_SanIgnacioBosa_11a_50c26e,PUR_IED_SanIgnacioBosa_11a_50c26e,,,,,
2026-09-12T06:51:04-05:00,PUR_IED_SanIgnacioBosa_Ext_ef0ffc,PUR_IED_SanIgnacioBosa_Ext_ef0ffc,,,,,
2026-09-12T06:51:04-05:00,PUR_IED_SanJoseN_intS1101_31c47f,PUR_IED_SanJoseN_intS1101_31c47f,,,,,
2026-09-12T06:51:04-05:00,PUR_IED_SanJoseUsm_Exter_f5d7e8,PUR_IED_SanJoseUsm_Exter_f5d7e8,,,,,
2026-09-12T06:51:04-05:00,PUR_IED_SanJoseUsm_Int11A_cfdef6,PUR_IED_SanJoseUsm_Int11A_cfdef6,,,,,
2026-09-12T06:51:04-05:00,PUR_IED_SilveriaR_IntB5_905349,PUR_IED_SilveriaR_IntB5_905349,,,,,
2026-09-12T06:51:04-05:00,PUR_IED_SilveriaR_IntSD14_981f93,PUR_IED_SilveriaR_IntSD14_981f93,,,,,
2026-09-12T06:51:04-05:00,PUR_IED_SilveriaR_ext_2b651d,PUR_IED_SilveriaR_ext_2b651d,,,,,
2026-09-12T06:51:04-05:00,PUR_IED_SimonB_Exterior_913975,PUR_IED_SimonB_Exterior_913975,,,,,
2026-09-12T06:51:04-05:00,PUR_IED_SimonB_LabQuimi_c56908,PUR_IED_SimonB_LabQuimi_c56908,,,,,
2026-09-12T06:51:04-05:00,PUR_IED_SimonB_informatic_a28c1,PUR_IED_SimonB_informatic_a28c1,,,,,
2026-09-12T06:51:04-05:00,PUR_IED_Sorrento_1102_315f50,PUR_IED_Sorrento_1102_315f50,,,,,
2026-09-12T06:51:04-05:00,PUR_IED_Sorrento_Minte_214eab,PUR_IED_Sorrento_Minte_214eab,,,,,
2026-09-12T06:51:04-05:00,PUR_IED_Sorrento_ext_7c3a0a,PUR_IED_Sorrento_ext_7c3a0a,,,,,
2026-09-12T06:51:04-05:00,PUR_IED_Tabora_Ext_f048ae,PUR_IED_Tabora_Ext_f048ae,,,,,
2026-09-12T06:51:04-05:00,PUR_IED_Tabora_S1102_b07752,PUR_IED_Tabora_S1102_b07752,,,,,
2026-09-12T06:51:04-05:00,PUR_IED_Tabora_S1103_d988f5,PUR_IED_Tabora_S1103_d988f5,,,,,
2026-09-12T06:51:04-05:00,PUR_IED_Tenerife_Ext_1ab188,PUR_IED_Tenerife_Ext_1ab188,,,,,
2026-09-12T06:51:04-05:00,PUR_IED_Tenerife_SDanzas_7bc02e,PUR_IED_Tenerife_SDanzas_7bc02e,,,,,
2026-09-12T06:51:04-05:00,PUR_IED_Tenerife_SIngles_7cc277,PUR_IED_Tenerife_SIngles_7cc277,,,,,
2026-09-12T06:51:04-05:00,PUR_IED_Tibabuyes_Exter_f2683d,PUR_IED_Tibabuyes_Exter_f2683d,,,,,
2026-09-12T06:51:04-05:00,PUR_IED_Tibabuyes_S10_dc87a8,PUR_IED_Tibabuyes_S10_dc87a8,,,,,
2026-09-12T06:51:04-05:00,PUR_IED_Tibabuyes_S15_dc0526,PUR_IED_Tibabuyes_S15_dc0526,,,,,
2026-09-12T06:51:04-05:00,PUR_IED_UnionE_S301_a1043,PUR_IED_UnionE_S301_a1043,,,,,
2026-09-12T06:51:04-05:00,PUR_IED_UnionE_S307_ff6c2f,PUR_IED_UnionE_S307_ff6c2f,,,,,
2026-09-12T06:51:04-05:00,PUR_IED_UnionE__Ext_5e2468,PUR_IED_UnionE__Ext_5e2468,,,,,
2026-09-12T06:51:04-05:00,PUR_IED_VillaRica_Ext_75be7c,PUR_IED_VillaRica_Ext_75be7c,,,,,
2026-09-12T06:51:04-05:00,PUR_IED_VillaRica_S4_cc5dcd,PUR_IED_VillaRica_S4_cc5dcd,,,,,
2026-09-12T06:51:04-05:00,PUR_IED_VillaRica_Sesp_99f5c,PUR_IED_VillaRica_Sesp_99f5c,,,,,
2026-09-12T06:56:06-05:00,PUR_IED_20deJulio_1101_91b1b9,PUR_IED_20deJulio_1101_91b1b9,,,,,
2026-09-12T06:56:06-05:00,PUR_IED_20deJulio_1102_1cfcf9,PUR_IED_20deJulio_1102_1cfcf9,,,,,
2026-09-12T06:56:06-05:00,PUR_IED_20deJulio_Ext_ab60bd,PUR_IED_20deJulio_Ext_ab60bd,,,,,
2026-09-12T06:56:06-05:00,PUR_IED_AgustinFer_Ext_7b9b77,PUR_IED_AgustinFer_Ext_7b9b77,,,,,
2026-09-12T06:56:06-05:00,PUR_IED_AgustinFer_Info2_27b3a7,PUR_IED_AgustinFer_Info2_27b3a7,,,,,
2026-09-12T06:56:06-05:00,PUR_IED_AgustinFer_Sena_54b4eb,PUR_IED_AgustinFer_Sena_54b4eb,,,,,
2026-09-12T06:56:06-05:00,PUR_IED_AlexanderF_1102_caf07b,PUR_IED_AlexanderF_1102_caf07b,,,,,
2026-09-12T06:56:06-05:00,PUR_IED_AlexanderF_1103_c79e71,PUR_IED_AlexanderF_1103_c79e71,,,,,
2026-09-12T06:56:06-05:00,PUR_IED_AlexanderF_Ext_c5b18b,PUR_IED_AlexanderF_Ext_c5b18b,,,,,
2026-09-12T06:56:06-05:00,PUR_IED_AlfonsoLopez_Ext_281d77,PUR_IED_AlfonsoLopez_Ext_281d77,,,,,
2026-09-12T06:56:06-05:00,PUR_IED_AlfonsoLopez_LabF_888ce0,PUR_IED_AlfonsoLopez_LabF_888ce0,,,,,
2026-09-12T06:56:06-05:00,PUR_IED_AlfonsoLopez_SMed_df6a7f,PUR_IED_AlfonsoLopez_SMed_df6a7f,,,,,
2026-09-12T06:56:06-05:00,PUR_IED_AltamiraSO_A2_209f92,PUR_IED_AltamiraSO_A2_209f92,,,,,
2026-09-12T06:56:06-05:00,PUR_IED_AltamiraSO_Ext_186d66,PUR_IED_AltamiraSO_Ext_186d66,,,,,
2026-09-12T06:56:06-05:00,PUR_IED_AltamiraSO_Sistem_27afe1,PUR_IED_AltamiraSO_Sistem_27afe1,,,,,
2026-09-12T06:56:06-05:00,PUR_IED_AlvaroGom_LabQuim_813179,PUR_IED_AlvaroGom_LabQuim_813179,,,,,
2026-09-12T06:56:06-05:00,PUR_IED_AlvaroGomez_Ext_47c7ca,PUR_IED_AlvaroGomez_Ext_47c7ca,,,,,
2026-09-12T06:56:06-05:00,PUR_IED_AlvaroGomez_LabQuim_813179,PUR_IED_AlvaroGomez_LabQuim_813179,,,,,
2026-09-12T06:56:06-05:00,PUR_IED_AlvaroGomez_S23_7ba89f,PUR_IED_AlvaroGomez_S23_7ba89f,,,,,
2026-09-12T06:56:06-05:00,PUR_IED_Amistad_306_dc8728,PUR_IED_Amistad_306_dc8728,,,,,
2026-09-12T06:56:06-05:00,PUR_IED_Amistad_Ext_8cd55e,PUR_IED_Amistad_Ext_8cd55e,,,,,
2026-09-12T06:56:06-05:00,PUR_IED_Amistad_S202_a41169,PUR_IED_Amistad_S202_a41169,,,,,
2026-09-12T06:56:06-05:00,PUR_IED_AndresBello_Bio_fd5f5e,PUR_IED_AndresBello_Bio_fd5f5e,,,,,
2026-09-12T06:56:06-05:00,PUR_IED_AndresBello_ext_dcad65,PUR_IED_AndresBello_ext_dcad65,,,,,
2026-09-12T06:56:06-05:00,PUR_IED_AndresBello_port_eed3ec,PUR_IED_AndresBello_port_eed3ec,,,,,
2026-09-12T06:56:06-05:00,PUR_IED_AngelaR_11b_d90a6b,PUR_IED_AngelaR_11b_d90a6b,,,,,
2026-09-12T06:56:06-05:00,PUR_IED_AngelaR_ext_7cad3e,PUR_IED_AngelaR_ext_7cad3e,4,17,67,4.5825,-74.164497
2026-09-12T06:56:06-05:00,PUR_IED_AntJoseSucre_10mo_df2575,PUR_IED_AntJoseSucre_10mo_df2575,,,,,
2026-09-12T06:56:06-05:00,PUR_IED_AntJoseSucre_Ext_215b36,PUR_IED_AntJoseSucre_Ext_215b36,,,,,
2026-09-12T06:56:06-05:00,PUR_IED_AntJoseSucre_Lab_3139de,PUR_IED_AntJoseSucre_Lab_3139de,,,,,
2026-09-12T06:56:06-05:00,PUR_IED_AntonioGarcia_301_d6b188,PUR_IED_AntonioGarcia_301_d6b188,,,,,
2026-09-12T06:56:06-05:00,PUR_IED_AntonioGarcia_302_88a82,PUR_IED_AntonioGarcia_302_88a82,,,,,
2026-09-12T06:56:06-05:00,PUR_IED_AntonioGarcia_Ext_20950c,PUR_IED_AntonioGarcia_Ext_20950c,,,,,
2026-09-12T06:56:06-05:00,PUR_IED_AntonioVan_Aula2_6dea02,PUR_IED_AntonioVan_Aula2_6dea02,,,,,
2026-09-12T06:56:06-05:00,PUR_IED_AntonioVan_Aula5_f1557e,PUR_IED_AntonioVan_Aula5_f1557e,,,,,
2026-09-12T06:56:06-05:00,PUR_IED_AntonioVan_Ext_406f2f,PUR_IED_AntonioVan_Ext_406f2f,,,,,
2026-09-12T06:56:06-05:00,PUR_IED_Atabanzha_Ext_cc5af9,PUR_IED_Atabanzha_Ext_cc5af9,,,,,
2026-09-12T06:56:06-05:00,PUR_IED_Atabanzha_SA101_56c37,PUR_IED_Atabanzha_SA101_56c37,,,,,
2026-09-12T06:56:06-05:00,PUR_IED_Atabanzha_SB302_27b374,PUR_IED_Atabanzha_SB302_27b374,,,,,
2026-09-12T06:56:06-05:00,PUR_IED_Atahualpa_Ext_fc1748,PUR_IED_Atahualpa_Ext_fc1748,,,,,
2026-09-12T06:56:06-05:00,PUR_IED_Atahualpa_Informa_dc9a95,PUR_IED_Atahualpa_Informa_dc9a95,,,,,
2026-09-12T06:56:06-05:00,PUR_IED_Atahualpa_S1101_f98056,PUR_IED_Atahualpa_S1101_f98056,,,,,
2026-09-12T06:56:06-05:00,PUR_IED_Bellavista_Ext_f5aa74,PUR_IED_Bellavista_Ext_f5aa74,,,,,
2026-09-12T06:56:06-05:00,PUR_IED_Bilbao_11A_916c41,PUR_IED_Bilbao_11A_916c41,,,,,
2026-09-12T06:56:06-05:00,PUR_IED_Bilbao_Ext_fb579a,PUR_IED_Bilbao_Ext_fb579a,,,,,
2026-09-12T06:56:06-05:00,PUR_IED_BrasiliaU_A125_304280,PUR_IED_BrasiliaU_A125_304280,,,,,
2026-09-12T06:56:06-05:00,PUR_IED_BrasiliaU_A203_7c8ca5,PUR_IED_BrasiliaU_A203_7c8ca5,,,,,
2026-09-12T06:56:06-05:00,PUR_IED_BrasiliaU_Ext_8d6e9f,PUR_IED_BrasiliaU_Ext_8d6e9f,4,16,68,4.5175,-74.116302
2026-09-12T06:56:06-05:00,PUR_IED_Brasilia_Ext_fe6593,PUR_IED_Brasilia_Ext_fe6593,,,,,
2026-09-12T06:56:06-05:00,PUR_IED_Brasilia_S24_7c130d,PUR_IED_Brasilia_S24_7c130d,,,,,
2026-09-12T06:56:06-05:00,PUR_IED_Brasilia_S501_186a54,PUR_IED_Brasilia_S501_186a54,,,,,
2026-09-12T06:56:06-05:00,PUR_IED_CHARRY_EXT_f1d5cd,PUR_IED_CHARRY_EXT_f1d5cd,,,,,
2026-09-12T06:56:06-05:00,PUR_IED_CHARRY_INTDANZAS_7a08e6,PUR_IED_CHARRY_INTDANZAS_7a08e6,,,,,
2026-09-12T06:56:06-05:00,PUR_IED_CHARRY_INT_AULA20_dc998d,PUR_IED_CHARRY_INT_AULA20_dc998d,,,,,
2026-09-12T06:56:06-05:00,PUR_IED_COLVIV_1101_S25_7f520a,PUR_IED_COLVIV_1101_S25_7f520a,,,,,
2026-09-12T06:56:06-05:00,PUR_IED_COLVIV_1102_S16_f570ba,PUR_IED_COLVIV_1102_S16_f570ba,,,,,
2026-09-12T06:56:06-05:00,PUR_IED_COLVIV_Ext_1a26fa,PUR_IED_COLVIV_Ext_1a26fa,,,,,
2026-09-12T06:56:06-05:00,PUR_IED_CULPOP_301A_f660f3,PUR_IED_CULPOP_301A_f660f3,,,,,
2026-09-12T06:56:06-05:00,PUR_IED_CULPOP_303_568afe,PUR_IED_CULPOP_303_568afe,,,,,
2026-09-12T06:56:06-05:00,PUR_IED_CULPOP_Ext_e02ccb,PUR_IED_CULPOP_Ext_e02ccb,,,,,
2026-09-12T06:56:06-05:00,PUR_IED_CVillavicen_Ext_26eb58,PUR_IED_CVillavicen_Ext_26eb58,4,14,82,4.487,-74.102798
2026-09-12T06:56:06-05:00,PUR_IED_CVillavicen_Intel_1ce5c2,PUR_IED_CVillavicen_Intel_1ce5c2,,,,,
2026-09-12T06:56:06-05:00,PUR_IED_CVillavicen_Poliv_e0766c,PUR_IED_CVillavicen_Poliv_e0766c,,,,,
2026-09-12T06:56:06-05:00,PUR_IED_CVillavicen_int_1ba140,PUR_IED_CVillavicen_int_1ba140,,,,,
2026-09-12T06:56:06-05:00,PUR_IED_CVillavicen_intel_1ba140,PUR_IED_CVillavicen_intel_1ba140,,,,,
2026-09-12T06:56:06-05:00,PUR_IED_CarlosPizarro_Ext_e307cc,PUR_IED_CarlosPizarro_Ext_e307cc,,,,,
2026-09-12T06:56:06-05:00,PUR_IED_CarlosPizarro_L36_7e5cdb,PUR_IED_CarlosPizarro_L36_7e5cdb,,,,,
2026-09-12T06:56:06-05:00,PUR_IED_CarlosPizarro_L37_c8566c,PUR_IED_CarlosPizarro_L37_c8566c,,,,,
2026-09-12T06:56:06-05:00,PUR_IED_Castilla_Ext_cf35f,PUR_IED_Castilla_Ext_cf35f,,,,,
2026-09-12T06:56:06-05:00,PUR_IED_Castilla_SFisik_360e38,PUR_IED_Castilla_SFisik_360e38,,,,,
2026-09-12T06:56:06-05:00,PUR_IED_Castilla_Sc304_496fbf,PUR_IED_Castilla_Sc304_496fbf,,,,,
2026-09-12T06:56:06-05:00,PUR_IED_CervantesSa_Ext_6b57b,PUR_IED_CervantesSa_Ext_6b57b,3,16,73,4.5128,-74.117203
2026-09-12T06:56:06-05:00,PUR_IED_CervantesSa_S107_225c2b,PUR_IED_CervantesSa_S107_225c2b,,,,,
2026-09-12T06:56:06-05:00,PUR_IED_CervantesSa_S108_940925,PUR_IED_CervantesSa_S108_940925,,,,,
2026-09-12T06:56:06-05:00,PUR_IED_Charry_A20_f53e7c,PUR_IED_Charry_A20_f53e7c,,,,,
2026-09-12T06:56:06-05:00,PUR_IED_Charry_Ext_f1d5cd,PUR_IED_Charry_Ext_f1d5cd,,,,,
2026-09-12T06:56:06-05:00,PUR_IED_Charry_IntAula20_dc998d,PUR_IED_Charry_IntAula20_dc998d,,,,,
2026-09-12T06:56:06-05:00,PUR_IED_Charry_IntDanzas_7a08e6,PUR_IED_Charry_IntDanzas_7a08e6,,,,,
2026-09-12T06:56:06-05:00,PUR_IED_ClememciaC_203_43e2fc,PUR_IED_ClememciaC_203_43e2fc,,,,,
2026-09-12T06:56:06-05:00,PUR_IED_ClememciaC_Ext_1b411a,PUR_IED_ClememciaC_Ext_1b411a,,,,,
2026-09-12T06:56:06-05:00,PUR_IED_ClememciaC_Quimic_44b5fc,PUR_IED_ClememciaC_Quimic_44b5fc,,,,,
2026-09-12T06:56:06-05:00,PUR_IED_ClemenciaC_203_43e2fc,PUR_IED_ClemenciaC_203_43e2fc,,,,,
2026-09-12T06:56:06-05:00,PUR_IED_ClemenciaC_Ext_1b411a,PUR_IED_ClemenciaC_Ext_1b411a,,,,,
2026-09-12T06:56:06-05:00,PUR_IED_ClemenciaC_Quimic_44b5fc,PUR_IED_ClemenciaC_Quimic_44b5fc,,,,,
2026-09-12T06:56:06-05:00,PUR_IED_ColViva_1101_S25_7f520a,PUR_IED_ColViva_1101_S25_7f520a,,,,,
2026-09-12T06:56:06-05:00,PUR_IED_ColViva_1102_S16_f570ba,PUR_IED_ColViva_1102_S16_f570ba,,,,,
2026-09-12T06:56:06-05:00,PUR_IED_ColViva_Ext_1a26fa,PUR_IED_ColViva_Ext_1a26fa,,,,,
2026-09-12T06:56:06-05:00,PUR_IED_ColegioBici_Asist_7c8798,PUR_IED_ColegioBici_Asist_7c8798,,,,,
2026-09-12T06:56:06-05:00,PUR_IED_ColegioBici_Ext_25cbf6,PUR_IED_ColegioBici_Ext_25cbf6,,,,,
2026-09-12T06:56:06-05:00,PUR_IED_ColegioBici_LabQ_7b57db,PUR_IED_ColegioBici_LabQ_7b57db,,,,,
2026-09-12T06:56:06-05:00,PUR_IED_CostaRica_Ext_5e640,PUR_IED_CostaRica_Ext_5e640,,,,,
2026-09-12T06:56:06-05:00,PUR_IED_CostaRica_Quim1_766d1c,PUR_IED_CostaRica_Quim1_766d1c,,,,,
2026-09-12T06:56:06-05:00,PUR_IED_CostaRica__Fisica_6f0873,PUR_IED_CostaRica__Fisica_6f0873,,,,,
2026-09-12T06:56:06-05:00,PUR_IED_CulPopu_301A_f660f3,PUR_IED_CulPopu_301A_f660f3,,,,,
2026-09-12T06:56:06-05:00,PUR_IED_CulPopu_303_568afe,PUR_IED_CulPopu_303_568afe,,,,,
2026-09-12T06:56:06-05:00,PUR_IED_CulPopu_Ext_e02ccb,PUR_IED_CulPopu_Ext_e02ccb,,,,,
2026-09-12T06:56:06-05:00,PUR_IED_Cundinamarca_Ext_f15985,PUR_IED_Cundinamarca_Ext_f15985,,,,,
2026-09-12T06:56:06-05:00,PUR_IED_Cundinamarca_Info_7aa5d7,PUR_IED_Cundinamarca_Info_7aa5d7,,,,,
2026-09-12T06:56:06-05:00,PUR_IED_Cundinamarca_Tec2_f449c7,PUR_IED_Cundinamarca_Tec2_f449c7,,,,,
2026-09-12T06:56:06-05:00,PUR_IED_DiegoM_Aula1_27b314,PUR_IED_DiegoM_Aula1_27b314,,,,,
2026-09-12T06:56:06-05:00,PUR_IED_DiegoM_Ext_d80ac8,PUR_IED_DiegoM_Ext_d80ac8,,,,,
2026-09-12T06:56:06-05:00,PUR_IED_DiegoM_S25_da928f,PUR_IED_DiegoM_S25_da928f,,,,,
2026-09-12T06:56:06-05:00,PUR_IED_ELRODEO_360881,PUR_IED_ELRODEO_360881,,,,,
2026-09-12T06:56:06-05:00,PUR_IED_ELRODEO_ext_360881,PUR_IED_ELRODEO_ext_360881,,,,,
2026-09-12T06:56:06-05:00,PUR_IED_EduardoU_Ext_1c1969,PUR_IED_EduardoU_Ext_1c1969,,,,,
2026-09-12T06:56:06-05:00,PUR_IED_EduardoU_SCiencia_4dfb94,PUR_IED_EduardoU_SCiencia_4dfb94,,,,,
2026-09-12T06:56:06-05:00,PUR_IED_EduardoU_SQuimica_5a46e7,PUR_IED_EduardoU_SQuimica_5a46e7,,,,,
2026-09-12T06:56:06-05:00,PUR_IED_ElRodeo_Aula14_676984,PUR_IED_ElRodeo_Aula14_676984,,,,,
2026-09-12T06:56:06-05:00,PUR_IED_ElRodeo_Aula16_2dd35b,PUR_IED_ElRodeo_Aula16_2dd35b,,,,,
2026-09-12T06:56:06-05:00,PUR_IED_ElRodeo_Ext_360881,PUR_IED_ElRodeo_Ext_360881,,,,,
2026-09-12T06:56:06-05:00,PUR_IED_ElRodeo_Exterior_8c6d28,PUR_IED_ElRodeo_Exterior_8c6d28,,,,,
2026-09-12T06:56:06-05:00,PUR_IED_ElRodeo_ext_360881,PUR_IED_ElRodeo_ext_360881,,,,,
2026-09-12T06:56:06-05:00,PUR_IED_EmmaReyes_Ext_987625,PUR_IED_EmmaReyes_Ext_987625,7,21,53,4.6367,-74.1511
2026-09-12T06:56:06-05:00,PUR_IED_Ensueño_Ext_7f0250,PUR_IED_Ensueño_Ext_7f0250,,,,,
2026-09-12T06:56:06-05:00,PUR_IED_EscNormal_Ext_5fef3b,PUR_IED_EscNormal_Ext_5fef3b,2,18,61,4.5852,-74.096901
2026-09-12T06:56:06-05:00,PUR_IED_EscNormal_S309_5b263,PUR_IED_EscNormal_S309_5b263,,,,,
2026-09-12T06:56:06-05:00,PUR_IED_EscNormal_S310_27b3b8,PUR_IED_EscNormal_S310_27b3b8,,,,,
2026-09-12T06:56:06-05:00,PUR_IED_Evangelista_Conta_f6cd4f,PUR_IED_Evangelista_Conta_f6cd4f,,,,,
2026-09-12T06:56:06-05:00,PUR_IED_Evangelista_Cri_5e16a,PUR_IED_Evangelista_Cri_5e16a,,,,,
2026-09-12T06:56:06-05:00,PUR_IED_Evangelista_Exter_754066,PUR_IED_Evangelista_Exter_754066,,,,,
2026-09-12T06:56:06-05:00,PUR_IED_FMiranda_S209_5cc2a3,PUR_IED_FMiranda_S209_5cc2a3,,,,,
2026-09-12T06:56:06-05:00,PUR_IED_FMiranda_S303_19e344,PUR_IED_FMiranda_S303_19e344,,,,,
2026-09-12T06:56:06-05:00,PUR_IED_FMiranda_ext_f53e7c,PUR_IED_FMiranda_ext_f53e7c,,,,,
2026-09-12T06:56:06-05:00,PUR_IED_FabioLozano_Bibli_1cee05,PUR_IED_FabioLozano_Bibli_1cee05,,,,,
2026-09-12T06:56:06-05:00,PUR_IED_FabioLozano_Ext_6ea285,PUR_IED_FabioLozano_Ext_6ea285,,,,,
2026-09-12T06:56:06-05:00,PUR_IED_FabioLozano_SLudi_f09e1e,PUR_IED_FabioLozano_SLudi_f09e1e,,,,,
2026-09-12T06:56:06-05:00,PUR_IED_FaustinoS_Aula07_27a731,PUR_IED_FaustinoS_Aula07_27a731,,,,,
2026-09-12T06:56:06-05:00,PUR_IED_FaustinoS_Ext_7b936f,PUR_IED_FaustinoS_Ext_7b936f,,,,,
2026-09-12T06:56:06-05:00,PUR_IED_FaustinoS_Fisica_da2c60,PUR_IED_FaustinoS_Fisica_da2c60,,,,,
2026-09-12T06:56:06-05:00,PUR_IED_FeGarciaLo_Ext_dc68ee,PUR_IED_FeGarciaLo_Ext_dc68ee,,,,,
2026-09-12T06:56:06-05:00,PUR_IED_FeGarciaLo_SDanza_f70a59,PUR_IED_FeGarciaLo_SDanza_f70a59,,,,,
2026-09-12T06:56:06-05:00,PUR_IED_FeGarciaLo_SMusic_125cdd,PUR_IED_FeGarciaLo_SMusic_125cdd,,,,,
2026-09-12T06:56:06-05:00,PUR_IED_FederalAlema_Exte_50c345,PUR_IED_FederalAlema_Exte_50c345,,,,,
2026-09-12T06:56:06-05:00,PUR_IED_FederalAlema_S31_f18371,PUR_IED_FederalAlema_S31_f18371,,,,,
2026-09-12T06:56:06-05:00,PUR_IED_FederalAlema_S901_a62cd,PUR_IED_FederalAlema_S901_a62cd,,,,,
2026-09-12T06:56:06-05:00,PUR_IED_FilarmonicaS_A5_f35eb1,PUR_IED_FilarmonicaS_A5_f35eb1,,,,,
2026-09-12T06:56:06-05:00,PUR_IED_FilarmonicaS_Ext_8a3bde,PUR_IED_FilarmonicaS_Ext_8a3bde,,,,,
2026-09-12T06:56:06-05:00,PUR_IED_FilarmonicaS_Spol_406114,PUR_IED_FilarmonicaS_Spol_406114,,,,,
2026-09-12T06:56:06-05:00,PUR_IED_FlorentinoG_A13_d1fa59,PUR_IED_FlorentinoG_A13_d1fa59,,,,,
2026-09-12T06:56:06-05:00,PUR_IED_FlorentinoG_Ext_1ce6ce,PUR_IED_FlorentinoG_Ext_1ce6ce,,,,,
2026-09-12T06:56:06-05:00,PUR_IED_FlorentinoG_Idiom_a66aac,PUR_IED_FlorentinoG_Idiom_a66aac,,,,,
2026-09-12T06:56:06-05:00,PUR_IED_FranciscoMati_Ext_e3869d,PUR_IED_FranciscoMati_Ext_e3869d,,,,,
2026-09-12T06:56:06-05:00,PUR_IED_FranciscoMati_S13_f31c67,PUR_IED_FranciscoMati_S13_f31c67,,,,,
2026-09-12T06:56:06-05:00,PUR_IED_FranciscoMati_S14_97dead,PUR_IED_FranciscoMati_S14_97dead,,,,,
2026-09-12T06:56:06-05:00,PUR_IED_FranciscoPS_Ext_7bfa9a,PUR_IED_FranciscoPS_Ext_7bfa9a,2,18,63,4.5899,-74.110397
2026-09-12T06:56:06-05:00,PUR_IED_FranciscoPS_Infor_fb8f4c,PUR_IED_FranciscoPS_Infor_fb8f4c,,,,,
2026-09-12T06:56:06-05:00,PUR_IED_FranciscoPS_Quimi_94d39c,PUR_IED_FranciscoPS_Quimi_94d39c,,,,,
2026-09-12T06:56:06-05:00,PUR_IED_FranciscoP_LabQ_d7e148,PUR_IED_FranciscoP_LabQ_d7e148,,,,,
2026-09-12T06:56:06-05:00,PUR_IED_FranciscoP_S28_cf9b30,PUR_IED_FranciscoP_S28_cf9b30,,,,,
2026-09-12T06:56:06-05:00,PUR_IED_FranciscoP_ext_e2313,PUR_IED_FranciscoP_ext_e2313,,,,,
2026-09-12T06:56:06-05:00,PUR_IED_FriederichN_Ext_8ac92a,PUR_IED_FriederichN_Ext_8ac92a,,,,,
2026-09-12T06:56:06-05:00,PUR_IED_FriederichN_S301_dd7e5a,PUR_IED_FriederichN_S301_dd7e5a,,,,,
2026-09-12T06:56:06-05:00,PUR_IED_FriederichN_S308_761f4f,PUR_IED_FriederichN_S308_761f4f,,,,,
2026-09-12T06:56:06-05:00,PUR_IED_GSantander_Aula10_533dd7,PUR_IED_GSantander_Aula10_533dd7,,,,,
2026-09-12T06:56:06-05:00,PUR_IED_GSantander_Aula12_fd4e4f,PUR_IED_GSantander_Aula12_fd4e4f,,,,,
2026-09-12T06:56:06-05:00,PUR_IED_GSantander_Aula310_533dd7,PUR_IED_GSantander_Aula310_533dd7,,,,,
2026-09-12T06:56:06-05:00,PUR_IED_GSantander_Aula312_fd4e4f,PUR_IED_GSantander_Aula312_fd4e4f,,,,,
2026-09-12T06:56:06-05:00,PUR_IED_GSantander_Ext_5f66b0,PUR_IED_GSantander_Ext_5f66b0,,,,,
2026-09-12T06:56:06-05:00,PUR_IED_GYomasa_Ext_f6bea5,PUR_IED_GYomasa_Ext_f6bea5,,,,,
2026-09-12T06:56:06-05:00,PUR_IED_GYomasa_LBiol_2c41aa,PUR_IED_GYomasa_LBiol_2c41aa,,,,,
2026-09-12T06:56:06-05:00,PUR_IED_GYomasa_LQuim_33c80,PUR_IED_GYomasa_LQuim_33c80,,,,,
2026-09-12T06:56:06-05:00,PUR_IED_GabBetMejia_Cienc_5a99c,PUR_IED_GabBetMejia_Cienc_5a99c,,,,,
2026-09-12T06:56:06-05:00,PUR_IED_GabBetMejia_Ext_9153d0,PUR_IED_GabBetMejia_Ext_9153d0,,,,,
2026-09-12T06:56:06-05:00,PUR_IED_GabBetMejia_Lab_f55347,PUR_IED_GabBetMejia_Lab_f55347,,,,,
2026-09-12T06:56:06-05:00,PUR_IED_GabBetanMejia_Ext_9153d0,PUR_IED_GabBetanMejia_Ext_9153d0,,,,,
2026-09-12T06:56:06-05:00,PUR_IED_Gaitana_Aula13_7aac11,PUR_IED_Gaitana_Aula13_7aac11,,,,,
2026-09-12T06:56:06-05:00,PUR_IED_Gaitana_Ext_5fcf4,PUR_IED_Gaitana_Ext_5fcf4,,,,,
2026-09-12T06:56:06-05:00,PUR_IED_Gaitana_LabFisica_644448,PUR_IED_Gaitana_LabFisica_644448,,,,,
2026-09-12T06:56:06-05:00,PUR_IED_GenSantander_Dise_8ac858,PUR_IED_GenSantander_Dise_8ac858,,,,,
2026-09-12T06:56:06-05:00,PUR_IED_GenSantander_Ext_8d5dfe,PUR_IED_GenSantander_Ext_8d5dfe,,,,,
2026-09-12T06:56:06-05:00,PUR_IED_GenSantander_Info_6c25b,PUR_IED_GenSantander_Info_6c25b,,,,,
2026-09-12T06:56:06-05:00,PUR_IED_GustavoMo_Exterio_75e63d,PUR_IED_GustavoMo_Exterio_75e63d,,,,,
2026-09-12T06:56:06-05:00,PUR_IED_GustavoMo_LabFisi_224d37,PUR_IED_GustavoMo_LabFisi_224d37,,,,,
2026-09-12T06:56:06-05:00,PUR_IED_GustavoMo_S208_3e6918,PUR_IED_GustavoMo_S208_3e6918,,,,,
2026-09-12T06:56:06-05:00,PUR_IED_GustavoR_A02_8cd4a8,PUR_IED_GustavoR_A02_8cd4a8,,,,,
2026-09-12T06:56:06-05:00,PUR_IED_GustavoR_B11_5b0ed,PUR_IED_GustavoR_B11_5b0ed,,,,,
2026-09-12T06:56:06-05:00,PUR_IED_GustavoR_Ext_7a0c90,PUR_IED_GustavoR_Ext_7a0c90,,,,,
2026-09-12T06:56:06-05:00,PUR_IED_HernandoDuran_Ext_8cd82b,PUR_IED_HernandoDuran_Ext_8cd82b,,,,,
2026-09-12T06:56:06-05:00,PUR_IED_HernandoDuran_S24_2772c6,PUR_IED_HernandoDuran_S24_2772c6,,,,,
2026-09-12T06:56:06-05:00,PUR_IED_HernandoDuran_S30_f2de41,PUR_IED_HernandoDuran_S30_f2de41,,,,,
2026-09-12T06:56:06-05:00,PUR_IED_HolguInUr_S1101_8cd732,PUR_IED_HolguInUr_S1101_8cd732,,,,,
2026-09-12T06:56:06-05:00,PUR_IED_HolguinUr_Exter_ddae6d,PUR_IED_HolguinUr_Exter_ddae6d,,,,,
2026-09-12T06:56:06-05:00,PUR_IED_HolguinUr_LabQuim_92b952,PUR_IED_HolguinUr_LabQuim_92b952,,,,,
2026-09-12T06:56:06-05:00,PUR_IED_Isabel-II_Ext_5245cc,PUR_IED_Isabel-II_Ext_5245cc,4,18,61,4.6336,-74.153
2026-09-12T06:56:06-05:00,PUR_IED_Isabel-II_S_idiom_1c29aa,PUR_IED_Isabel-II_S_idiom_1c29aa,,,,,
2026-09-12T06:56:06-05:00,PUR_IED_Isabel-II_S_infor_fd741,PUR_IED_Isabel-II_S_infor_fd741,,,,,
2026-09-12T06:56:06-05:00,PUR_IED_IsidroSur_Exterio_5b90ea,PUR_IED_IsidroSur_Exterio_5b90ea,,,,,
2026-09-12T06:56:06-05:00,PUR_IED_IsidroSur_LabTec_56697a,PUR_IED_IsidroSur_LabTec_56697a,,,,,
2026-09-12T06:56:06-05:00,PUR_IED_IsidroSur_Robotic_b7c38f,PUR_IED_IsidroSur_Robotic_b7c38f,,,,,
2026-09-12T06:56:06-05:00,PUR_IED_IsmaelPerd_Ext_7b6672,PUR_IED_IsmaelPerd_Ext_7b6672,,,,,
2026-09-12T06:56:06-05:00,PUR_IED_IsmaelPerd_Inform_306540,PUR_IED_IsmaelPerd_Inform_306540,,,,,
2026-09-12T06:56:06-05:00,PUR_IED_IsmaelPerd_S30_2e2c83,PUR_IED_IsmaelPerd_S30_2e2c83,,,,,
2026-09-12T06:56:06-05:00,PUR_IED_JLozano_Exter_432910,PUR_IED_JLozano_Exter_432910,,,,,
2026-09-12T06:56:06-05:00,PUR_IED_JLozano_salaMulti_df5125,PUR_IED_JLozano_salaMulti_df5125,,,,,
2026-09-12T06:56:06-05:00,PUR_IED_JMCordoba_206_86f80b,PUR_IED_JMCordoba_206_86f80b,,,,,
2026-09-12T06:56:06-05:00,PUR_IED_JMCordoba_Ext_27ad97,PUR_IED_JMCordoba_Ext_27ad97,,,,,
2026-09-12T06:56:06-05:00,PUR_IED_JMCordoba_S310_d59ab4,PUR_IED_JMCordoba_S310_d59ab4,,,,,
2026-09-12T06:56:06-05:00,PUR_IED_Japon_Ext_549100,PUR_IED_Japon_Ext_549100,,,,,
2026-09-12T06:56:06-05:00,PUR_IED_Japon_Laboratorio_bec51d,PUR_IED_Japon_Laboratorio_bec51d,,,,,
2026-09-12T06:56:06-05:00,PUR_IED_Japon_informatica_d99327,PUR_IED_Japon_informatica_d99327,,,,,
2026-09-12T06:56:06-05:00,PUR_IED_Jazmin_Ext_d27bda,PUR_IED_Jazmin_Ext_d27bda,,,,,
2026-09-12T06:56:06-05:00,PUR_IED_Jazmin_Fisica_8d14d7,PUR_IED_Jazmin_Fisica_8d14d7,,,,,
2026-09-12T06:56:06-05:00,PUR_IED_Jazmin_Quimica_801cb5,PUR_IED_Jazmin_Quimica_801cb5,,,,,
2026-09-12T06:56:06-05:00,PUR_IED_JorgeGaitan_Exter_f098d1,PUR_IED_JorgeGaitan_Exter_f098d1,,,,,
2026-09-12T06:56:06-05:00,PUR_IED_JorgeGaitan_STec1_dc9d1d,PUR_IED_JorgeGaitan_STec1_dc9d1d,,,,,
2026-09-12T06:56:06-05:00,PUR_IED_JorgeGaitan_STec2_281e69,PUR_IED_JorgeGaitan_STec2_281e69,,,,,
2026-09-12T06:56:06-05:00,PUR_IED_JorgeSoto_Exterio_d9d0a2,PUR_IED_JorgeSoto_Exterio_d9d0a2,,,,,
2026-09-12T06:56:06-05:00,PUR_IED_JorgeSoto_LabFisi_209c54,PUR_IED_JorgeSoto_LabFisi_209c54,,,,,
2026-09-12T06:56:06-05:00,PUR_IED_JorgeSoto_S103_27b51a,PUR_IED_JorgeSoto_S103_27b51a,,,,,
2026-09-12T06:56:06-05:00,PUR_IED_JoseAcevedo_A02_e965eb,PUR_IED_JoseAcevedo_A02_e965eb,,,,,
2026-09-12T06:56:06-05:00,PUR_IED_JoseAcevedo_A07_dd5b4,PUR_IED_JoseAcevedo_A07_dd5b4,,,,,
2026-09-12T06:56:06-05:00,PUR_IED_JoseAcevedo_Ext_b47484,PUR_IED_JoseAcevedo_Ext_b47484,,,,,
2026-09-12T06:56:06-05:00,PUR_IED_JoseMarti_Exte_5b9bf,PUR_IED_JoseMarti_Exte_5b9bf,,,,,
2026-09-12T06:56:06-05:00,PUR_IED_JoseMarti_LabQuim_1c6c2d,PUR_IED_JoseMarti_LabQuim_1c6c2d,,,,,
2026-09-12T06:56:06-05:00,PUR_IED_JoseMarti_S_info_f5f177,PUR_IED_JoseMarti_S_info_f5f177,,,,,
2026-09-12T06:56:06-05:00,PUR_IED_Josejoaquin_Ext_dfc5dc,PUR_IED_Josejoaquin_Ext_dfc5dc,,,,,
2026-09-12T06:56:06-05:00,PUR_IED_Josejoaquin_S05_5b2a96,PUR_IED_Josejoaquin_S05_5b2a96,,,,,
2026-09-12T06:56:06-05:00,PUR_IED_Josejoaquin_S06_1ce7d2,PUR_IED_Josejoaquin_S06_1ce7d2,,,,,
2026-09-12T06:56:06-05:00,PUR_IED_JulioFlorez_Danza_9b82dd,PUR_IED_JulioFlorez_Danza_9b82dd,,,,,
2026-09-12T06:56:06-05:00,PUR_IED_JulioFlorez_Exter_f9f314,PUR_IED_JulioFlorez_Exter_f9f314,,,,,
2026-09-12T06:56:06-05:00,PUR_IED_JulioFlorez_info2_6b6e08,PUR_IED_JulioFlorez_info2_6b6e08,,,,,
2026-09-12T06:56:06-05:00,PUR_IED_LaBelleza_Aula13_1d00d8,PUR_IED_LaBelleza_Aula13_1d00d8,,,,,
2026-09-12T06:56:06-05:00,PUR_IED_LaBelleza_Ext_7bc08c,PUR_IED_LaBelleza_Ext_7bc08c,,,,,
2026-09-12T06:56:06-05:00,PUR_IED_LaChucua_Ext_8cd6d2,PUR_IED_LaChucua_Ext_8cd6d2,,,,,
2026-09-12T06:56:06-05:00,PUR_IED_LaChucua_S15_f578ce,PUR_IED_LaChucua_S15_f578ce,,,,,
2026-09-12T06:56:06-05:00,PUR_IED_LaChucua_S16_eebcf9,PUR_IED_LaChucua_S16_eebcf9,,,,,
2026-09-12T06:56:06-05:00,PUR_IED_LaFelicidad_Ext_fb5109,PUR_IED_LaFelicidad_Ext_fb5109,,,,,
2026-09-12T06:56:06-05:00,PUR_IED_LaMerced_206_66ebd,PUR_IED_LaMerced_206_66ebd,,,,,
2026-09-12T06:56:06-05:00,PUR_IED_LaMerced_207_6ebd6,PUR_IED_LaMerced_207_6ebd6,,,,,
2026-09-12T06:56:06-05:00,PUR_IED_LaMerced_ext_304311,PUR_IED_LaMerced_ext_304311,,,,,
2026-09-12T06:56:06-05:00,PUR_IED_Laureano_CiencNat_281e5e,PUR_IED_Laureano_CiencNat_281e5e,,,,,
2026-09-12T06:56:06-05:00,PUR_IED_Laureano_Comedor_f65c0a,PUR_IED_Laureano_Comedor_f65c0a,,,,,
2026-09-12T06:56:06-05:00,PUR_IED_Laureano_Exterior_7ab011,PUR_IED_Laureano_Exterior_7ab011,,,,,
2026-09-12T06:56:06-05:00,PUR_IED_LeonGreiff_Exte_dfe560,PUR_IED_LeonGreiff_Exte_dfe560,,,,,
2026-09-12T06:56:06-05:00,PUR_IED_LeonGreiff_S210_f264ed,PUR_IED_LeonGreiff_S210_f264ed,,,,,
2026-09-12T06:56:06-05:00,PUR_IED_LeonGreiff_SQuimi_e8296f,PUR_IED_LeonGreiff_SQuimi_e8296f,,,,,
2026-09-12T06:56:06-05:00,PUR_IED_LlanoOrientalS208_7b9fcd,PUR_IED_LlanoOrientalS208_7b9fcd,,,,,
2026-09-12T06:56:06-05:00,PUR_IED_LlanoOriental_Ext_fb3766,PUR_IED_LlanoOriental_Ext_fb3766,,,,,
2026-09-12T06:56:06-05:00,PUR_IED_LlanoOriental_S208_7b9fcd,PUR_IED_LlanoOriental_S208_7b9fcd,,,,,
2026-09-12T06:56:06-05:00,PUR_IED_LlanoOriental_S9_27b378,PUR_IED_LlanoOriental_S9_27b378,,,,,
2026-09-12T06:56:06-05:00,PUR_IED_LosTejares_1101_477602,PUR_IED_LosTejares_1101_477602,,,,,
2026-09-12T06:56:06-05:00,PUR_IED_LosTejares_11_d2c595,PUR_IED_LosTejares_11_d2c595,,,,,
2026-09-12T06:56:06-05:00,PUR_IED_LosTejares_12_477602,PUR_IED_LosTejares_12_477602,,,,,
2026-09-12T06:56:06-05:00,PUR_IED_LosTejares_Ext_8e2115,PUR_IED_LosTejares_Ext_8e2115,,,,,
2026-09-12T06:56:06-05:00,PUR_IED_MagdalenaO_B202_5ddda3,PUR_IED_MagdalenaO_B202_5ddda3,,,,,
2026-09-12T06:56:06-05:00,PUR_IED_MagdalenaO_B205_fb76e8,PUR_IED_MagdalenaO_B205_fb76e8,,,,,
2026-09-12T06:56:06-05:00,PUR_IED_MagdalenaO_ext_dc69cd,PUR_IED_MagdalenaO_ext_dc69cd,,,,,
2026-09-12T06:56:06-05:00,PUR_IED_ManueCepeda_artes_eee956,PUR_IED_ManueCepeda_artes_eee956,,,,,
2026-09-12T06:56:06-05:00,PUR_IED_ManuelCepeda_Ext_58313,PUR_IED_ManuelCepeda_Ext_58313,,,,,
2026-09-12T06:56:06-05:00,PUR_IED_ManuelCepeda_tec_1c5731,PUR_IED_ManuelCepeda_tec_1c5731,,,,,
2026-09-12T06:56:06-05:00,PUR_IED_ManuelS_Exterior_5b269,PUR_IED_ManuelS_Exterior_5b269,,,,,
2026-09-12T06:56:06-05:00,PUR_IED_ManuelS_Inform_f369ce,PUR_IED_ManuelS_Inform_f369ce,,,,,
2026-09-12T06:56:06-05:00,PUR_IED_ManuelS_SArtes_7d15f1,PUR_IED_ManuelS_SArtes_7d15f1,,,,,
2026-09-12T06:56:06-05:00,PUR_IED_ManuelZapata_303_3ca6,PUR_IED_ManuelZapata_303_3ca6,,,,,
2026-09-12T06:56:06-05:00,PUR_IED_ManuelZapata_311_bfbabc,PUR_IED_ManuelZapata_311_bfbabc,,,,,
2026-09-12T06:56:06-05:00,PUR_IED_ManuelZapata_Ext_50824a,PUR_IED_ManuelZapata_Ext_50824a,,,,,
2026-09-12T06:56:06-05:00,PUR_IED_ManuelitaS_Exteri_656a92,PUR_IED_ManuelitaS_Exteri_656a92,,,,,
2026-09-12T06:56:06-05:00,PUR_IED_ManuelitaS_JuzgDe_f58ec3,PUR_IED_ManuelitaS_JuzgDe_f58ec3,,,,,
2026-09-12T06:56:06-05:00,PUR_IED_ManuelitaS_Recrea_d793db,PUR_IED_ManuelitaS_Recrea_d793db,,,,,
2026-09-12T06:56:06-05:00,PUR_IED_MarFidSuarez_Ext_c27b19,PUR_IED_MarFidSuarez_Ext_c27b19,,,,,
2026-09-12T06:56:06-05:00,PUR_IED_MarFidSuarez_Info_e384d7,PUR_IED_MarFidSuarez_Info_e384d7,,,,,
2026-09-12T06:56:06-05:00,PUR_IED_MarFidSuarez_S306_1d0032,PUR_IED_MarFidSuarez_S306_1d0032,,,,,
2026-09-12T06:56:06-05:00,PUR_IED_Menorah_301_2a25a3,PUR_IED_Menorah_301_2a25a3,,,,,
2026-09-12T06:56:06-05:00,PUR_IED_Menorah_306_37ed3,PUR_IED_Menorah_306_37ed3,,,,,
2026-09-12T06:56:06-05:00,PUR_IED_Menorah_Ext_3e155b,PUR_IED_Menorah_Ext_3e155b,,,,,
2026-09-12T06:56:06-05:00,PUR_IED_MinutoB.Aires_A11_1b1604,PUR_IED_MinutoB.Aires_A11_1b1604,,,,,
2026-09-12T06:56:06-05:00,PUR_IED_MinutoB.Aires_A12_fb5860,PUR_IED_MinutoB.Aires_A12_fb5860,,,,,
2026-09-12T06:56:06-05:00,PUR_IED_MinutoB.Aires_Ext_81293f,PUR_IED_MinutoB.Aires_Ext_81293f,,,,,
2026-09-12T06:56:06-05:00,PUR_IED_MinutoBAires_A11_1b1604,PUR_IED_MinutoBAires_A11_1b1604,,,,,
2026-09-12T06:56:06-05:00,PUR_IED_MinutoBAires_A12_fb5860,PUR_IED_MinutoBAires_A12_fb5860,,,,,
2026-09-12T06:56:06-05:00,PUR_IED_MinutoBAires_Ext_81293f,PUR_IED_MinutoBAires_Ext_81293f,,,,,
2026-09-12T06:56:06-05:00,PUR_IED_Montreal_Aula10_1e4959,PUR_IED_Montreal_Aula10_1e4959,,,,,
2026-09-12T06:56:06-05:00,PUR_IED_Montreal_Aula6_300367,PUR_IED_Montreal_Aula6_300367,,,,,
2026-09-12T06:56:06-05:00,PUR_IED_Montreal_Exterior_91a179,PUR_IED_Montreal_Exterior_91a179,,,,,
2026-09-12T06:56:06-05:00,PUR_IED_Mqgdalena_B202_5ddda3,PUR_IED_Mqgdalena_B202_5ddda3,,,,,
2026-09-12T06:56:06-05:00,PUR_IED_NACUND_Soc_dc8728,PUR_IED_NACUND_Soc_dc8728,,,,,
2026-09-12T06:56:06-05:00,PUR_IED_NACUND_ext_27ad97,PUR_IED_NACUND_ext_27ad97,,,,,
2026-09-12T06:56:06-05:00,PUR_IED_NEsperanza_Ext_d24b61,PUR_IED_NEsperanza_Ext_d24b61,,,,,
2026-09-12T06:56:06-05:00,PUR_IED_NEsperanza_SElect_7d1807,PUR_IED_NEsperanza_SElect_7d1807,,,,,
2026-09-12T06:56:06-05:00,PUR_IED_NEsperanza_SLabor_8b2d0a,PUR_IED_NEsperanza_SLabor_8b2d0a,,,,,
2026-09-12T06:56:06-05:00,PUR_IED_NacionesU_Ext_f661a9,PUR_IED_NacionesU_Ext_f661a9,,,,,
2026-09-12T06:56:06-05:00,PUR_IED_NacionesU_Quimica_66f0a,PUR_IED_NacionesU_Quimica_66f0a,,,,,
2026-09-12T06:56:06-05:00,PUR_IED_NacionesU_S306_1b4b3d,PUR_IED_NacionesU_S306_1b4b3d,,,,,
2026-09-12T06:56:06-05:00,PUR_IED_NestorFA_Ext_e4201c,PUR_IED_NestorFA_Ext_e4201c,,,,,
2026-09-12T06:56:06-05:00,PUR_IED_NestorFA_Laborato_f22fe0,PUR_IED_NestorFA_Laborato_f22fe0,,,,,
2026-09-12T06:56:06-05:00,PUR_IED_NestorFA_S204_dee996,PUR_IED_NestorFA_S204_dee996,,,,,
2026-09-12T06:56:06-05:00,PUR_IED_NidyaQT_Aula03_76999b,PUR_IED_NidyaQT_Aula03_76999b,,,,,
2026-09-12T06:56:06-05:00,PUR_IED_NidyaQT_Aula10_56325,PUR_IED_NidyaQT_Aula10_56325,,,,,
2026-09-12T06:56:06-05:00,PUR_IED_NidyaQT_Ext_46e32d,PUR_IED_NidyaQT_Ext_46e32d,,,,,
2026-09-12T06:56:06-05:00,PUR_IED_NuevaCol_Exterior_d9b859,PUR_IED_NuevaCol_Exterior_d9b859,,,,,
2026-09-12T06:56:06-05:00,PUR_IED_NuevaCol_S1101_76c43b,PUR_IED_NuevaCol_S1101_76c43b,,,,,
2026-09-12T06:56:06-05:00,PUR_IED_NuevaCol_S1102_1ce0b5,PUR_IED_NuevaCol_S1102_1ce0b5,,,,,
2026-09-12T06:56:06-05:00,PUR_IED_OEA_A202_f7e3f2,PUR_IED_OEA_A202_f7e3f2,,,,,
2026-09-12T06:56:06-05:00,PUR_IED_OEA_A203_7d1b8d,PUR_IED_OEA_A203_7d1b8d,,,,,
2026-09-12T06:56:06-05:00,PUR_IED_OEA_Ext_27b593,PUR_IED_OEA_Ext_27b593,,,,,
2026-09-12T06:56:06-05:00,PUR_IED_Ochoa_Ext_1c29da,PUR_IED_Ochoa_Ext_1c29da,,,,,
2026-09-12T06:56:06-05:00,PUR_IED_Ochoa_S205_8b1121,PUR_IED_Ochoa_S205_8b1121,,,,,
2026-09-12T06:56:06-05:00,PUR_IED_Ochoa_Sistemas_f33af6,PUR_IED_Ochoa_Sistemas_f33af6,,,,,
2026-09-12T06:56:06-05:00,PUR_IED_PQuebec_Ext_1c67c7,PUR_IED_PQuebec_Ext_1c67c7,,,,,
2026-09-12T06:56:06-05:00,PUR_IED_PQuebec_S15_23e8e2,PUR_IED_PQuebec_S15_23e8e2,,,,,
2026-09-12T06:56:06-05:00,PUR_IED_PQuebec_S16_8ec76b,PUR_IED_PQuebec_S16_8ec76b,,,,,
2026-09-12T06:56:06-05:00,PUR_IED_PabloN_Ext_49dc96,PUR_IED_PabloN_Ext_49dc96,,,,,
2026-09-12T06:56:06-05:00,PUR_IED_PabloN_S1102_4e3df5,PUR_IED_PabloN_S1102_4e3df5,,,,,
2026-09-12T06:56:06-05:00,PUR_IED_PabloN_S1103_50c94b,PUR_IED_PabloN_S1103_50c94b,,,,,
2026-09-12T06:56:06-05:00,PUR_IED_Palestina_S1101_db9198,PUR_IED_Palestina_S1101_db9198,,,,,
2026-09-12T06:56:06-05:00,PUR_IED_Palestina_S1102_dc54fa,PUR_IED_Palestina_S1102_dc54fa,,,,,
2026-09-12T06:56:06-05:00,PUR_IED_Palestina_ext_4ccce6,PUR_IED_Palestina_ext_4ccce6,,,,,
2026-09-12T06:56:06-05:00,PUR_IED_Panama_Fisica_4d0794,PUR_IED_Panama_Fisica_4d0794,,,,,
2026-09-12T06:56:06-05:00,PUR_IED_Panama_SIngles_a4077e,PUR_IED_Panama_SIngles_a4077e,,,,,
2026-09-12T06:56:06-05:00,PUR_IED_Panama_ext_4c54b4,PUR_IED_Panama_ext_4c54b4,,,,,
2026-09-12T06:56:06-05:00,PUR_IED_ParaisoM_Exterior_8cd7f0,PUR_IED_ParaisoM_Exterior_8cd7f0,,,,,
2026-09-12T06:56:06-05:00,PUR_IED_ParaisoM_Laborato_27af35,PUR_IED_ParaisoM_Laborato_27af35,,,,,
2026-09-12T06:56:06-05:00,PUR_IED_ParaisoM_S304_d1edca,PUR_IED_ParaisoM_S304_d1edca,,,,,
2026-09-12T06:56:06-05:00,PUR_IED_PorfirioBarba_Ext_301466,PUR_IED_PorfirioBarba_Ext_301466,,,,,
2026-09-12T06:56:06-05:00,PUR_IED_PorfirioBarba_S11_df6cd2,PUR_IED_PorfirioBarba_S11_df6cd2,,,,,
2026-09-12T06:56:06-05:00,PUR_IED_PorfirioBarba_S29_27a7d6,PUR_IED_PorfirioBarba_S29_27a7d6,,,,,
2026-09-12T06:56:06-05:00,PUR_IED_PradoV_Exter_8b27ad,PUR_IED_PradoV_Exter_8b27ad,,,,,
2026-09-12T06:56:06-05:00,PUR_IED_PradoV_S301_de65b5,PUR_IED_PradoV_S301_de65b5,,,,,
2026-09-12T06:56:06-05:00,PUR_IED_PradoV_S302_7d2593,PUR_IED_PradoV_S302_7d2593,,,,,
2026-09-12T06:56:06-05:00,PUR_IED_QuirogaAlz_Ext_1ddc82,PUR_IED_QuirogaAlz_Ext_1ddc82,,,,,
2026-09-12T06:56:06-05:00,PUR_IED_QuirogaAlz_S302_9926a3,PUR_IED_QuirogaAlz_S302_9926a3,,,,,
2026-09-12T06:56:06-05:00,PUR_IED_QuirogaAlz_S305_cdf1f1,PUR_IED_QuirogaAlz_S305_cdf1f1,,,,,
2026-09-12T06:56:06-05:00,PUR_IED_RGuatemala_Biling_dc53b7,PUR_IED_RGuatemala_Biling_dc53b7,,,,,
2026-09-12T06:56:06-05:00,PUR_IED_RGuatemala_Ext_1b89a3,PUR_IED_RGuatemala_Ext_1b89a3,,,,,
2026-09-12T06:56:06-05:00,PUR_IED_RGuatemala_Tecnol_281a34,PUR_IED_RGuatemala_Tecnol_281a34,,,,,
2026-09-12T06:56:06-05:00,PUR_IED_RafaNu_Ext_f7c302,PUR_IED_RafaNu_Ext_f7c302,,,,,
2026-09-12T06:56:06-05:00,PUR_IED_RafaNu_S1101_25fde,PUR_IED_RafaNu_S1101_25fde,,,,,
2026-09-12T06:56:06-05:00,PUR_IED_RafaNu_S1102_281517,PUR_IED_RafaNu_S1102_281517,,,,,
2026-09-12T06:56:06-05:00,PUR_IED_RafaelB_S305_ee2783,PUR_IED_RafaelB_S305_ee2783,,,,,
2026-09-12T06:56:06-05:00,PUR_IED_RafaelB_S306_75fe33,PUR_IED_RafaelB_S306_75fe33,,,,,
2026-09-12T06:56:06-05:00,PUR_IED_RafaelB_ext_283336,PUR_IED_RafaelB_ext_283336,2,18,60,4.6722,-74.0737
2026-09-12T06:56:06-05:00,PUR_IED_RafaelUU_Exterior_281a51,PUR_IED_RafaelUU_Exterior_281a51,,,,,
2026-09-12T06:56:06-05:00,PUR_IED_RafaelUU_Human_806b2,PUR_IED_RafaelUU_Human_806b2,,,,,
2026-09-12T06:56:06-05:00,PUR_IED_RafaelUU_Mate2_5680d4,PUR_IED_RafaelUU_Mate2_5680d4,,,,,
2026-09-12T06:56:06-05:00,PUR_IED_RamonSub_Ext_f9eeb9,PUR_IED_RamonSub_Ext_f9eeb9,,,,,
2026-09-12T06:56:06-05:00,PUR_IED_RamonSub_Media_d1f62f,PUR_IED_RamonSub_Media_d1f62f,,,,,
2026-09-12T06:56:06-05:00,PUR_IED_RamonSub_planta_51b82,PUR_IED_RamonSub_planta_51b82,,,,,
2026-09-12T06:56:06-05:00,PUR_IED_RepBoliVene_Exter_27af7c,PUR_IED_RepBoliVene_Exter_27af7c,,,,,
2026-09-12T06:56:06-05:00,PUR_IED_RepBoliVene_SCPT_5ae2ee,PUR_IED_RepBoliVene_SCPT_5ae2ee,,,,,
2026-09-12T06:56:06-05:00,PUR_IED_RepBoliVene_Socia_4b11d5,PUR_IED_RepBoliVene_Socia_4b11d5,,,,,
2026-09-12T06:56:06-05:00,PUR_IED_RepChina_Ext_76d9ee,PUR_IED_RepChina_Ext_76d9ee,,,,,
2026-09-12T06:56:06-05:00,PUR_IED_RepChina_S404_7c804c,PUR_IED_RepChina_S404_7c804c,,,,,
2026-09-12T06:56:06-05:00,PUR_IED_RepChina_S405_df2c33,PUR_IED_RepChina_S405_df2c33,,,,,
2026-09-12T06:56:06-05:00,PUR_IED_RepublicaC_Exteri_7d1ec9,PUR_IED_RepublicaC_Exteri_7d1ec9,,,,,
2026-09-12T06:56:06-05:00,PUR_IED_RepublicaC_S1101_f544b3,PUR_IED_RepublicaC_S1101_f544b3,,,,,
2026-09-12T06:56:06-05:00,PUR_IED_RepublicaC_S1102_7aafc7,PUR_IED_RepublicaC_S1102_7aafc7,,,,,
2026-09-12T06:56:06-05:00,PUR_IED_Ricaurte_Externo_a0ea1,PUR_IED_Ricaurte_Externo_a0ea1,,,,,
2026-09-12T06:56:06-05:00,PUR_IED_Ricaurte_S210_f546fd,PUR_IED_Ricaurte_S210_f546fd,,,,,
2026-09-12T06:56:06-05:00,PUR_IED_Ricaurte_S309_d4452,PUR_IED_Ricaurte_S309_d4452,,,,,
2026-09-12T06:56:06-05:00,PUR_IED_RogelioS_1102_531e69,PUR_IED_RogelioS_1102_531e69,,,,,
2026-09-12T06:56:06-05:00,PUR_IED_RogelioS_Ext_f25a18,PUR_IED_RogelioS_Ext_f25a18,,,,,
2026-09-12T06:56:06-05:00,PUR_IED_SBernardino_Ext_27aff8,PUR_IED_SBernardino_Ext_27aff8,,,,,
2026-09-12T06:56:06-05:00,PUR_IED_SBernardino_SArte_2ffd33,PUR_IED_SBernardino_SArte_2ffd33,,,,,
2026-09-12T06:56:06-05:00,PUR_IED_SBernardino_SIngl_7c7da5,PUR_IED_SBernardino_SIngl_7c7da5,,,,,
2026-09-12T06:56:06-05:00,PUR_IED_Sago_auditorio_dc9d1d,PUR_IED_Sago_auditorio_dc9d1d,,,,,
2026-09-12T06:56:06-05:00,PUR_IED_Saludcoop_Ext_95aac3,PUR_IED_Saludcoop_Ext_95aac3,,,,,
2026-09-12T06:56:06-05:00,PUR_IED_Saludcoop_InfI_90c854,PUR_IED_Saludcoop_InfI_90c854,,,,,
2026-09-12T06:56:06-05:00,PUR_IED_Saludcoop_SMedia_1b93be,PUR_IED_Saludcoop_SMedia_1b93be,,,,,
2026-09-12T06:56:06-05:00,PUR_IED_SanCarlos_1101_1a2360,PUR_IED_SanCarlos_1101_1a2360,,,,,
2026-09-12T06:56:06-05:00,PUR_IED_SanCarlos_1103_7bafb5,PUR_IED_SanCarlos_1103_7bafb5,,,,,
2026-09-12T06:56:06-05:00,PUR_IED_SanCarlos_Ext_b7cd1,PUR_IED_SanCarlos_Ext_b7cd1,,,,,
2026-09-12T06:56:06-05:00,PUR_IED_SanIgnacioBosa11a_50c26e,PUR_IED_SanIgnacioBosa11a_50c26e,,,,,
2026-09-12T06:56:06-05:00,PUR_IED_SanIgnacioBosa11b_371de8,PUR_IED_SanIgnacioBosa11b_371de8,,,,,
2026-09-12T06:56:06-05:00,PUR_IED_SanIgnacioBosaExt_ef0ffc,PUR_IED_SanIgnacioBosaExt_ef0ffc,,,,,
2026-09-12T06:56:06-05:00,PUR_IED_SanIgnacioBosa_11a_50c26e,PUR_IED_SanIgnacioBosa_11a_50c26e,,,,,
2026-09-12T06:56:06-05:00,PUR_IED_SanIgnacioBosa_Ext_ef0ffc,PUR_IED_SanIgnacioBosa_Ext_ef0ffc,,,,,
2026-09-12T06:56:06-05:00,PUR_IED_SanJoseN_intS1101_31c47f,PUR_IED_SanJoseN_intS1101_31c47f,,,,,
2026-09-12T06:56:06-05:00,PUR_IED_SanJoseUsm_Exter_f5d7e8,PUR_IED_SanJoseUsm_Exter_f5d7e8,,,,,
2026-09-12T06:56:06-05:00,PUR_IED_SanJoseUsm_Int11A_cfdef6,PUR_IED_SanJoseUsm_Int11A_cfdef6,,,,,
2026-09-12T06:56:06-05:00,PUR_IED_SilveriaR_IntB5_905349,PUR_IED_SilveriaR_IntB5_905349,,,,,
2026-09-12T06:56:06-05:00,PUR_IED_SilveriaR_IntSD14_981f93,PUR_IED_SilveriaR_IntSD14_981f93,,,,,
2026-09-12T06:56:06-05:00,PUR_IED_SilveriaR_ext_2b651d,PUR_IED_SilveriaR_ext_2b651d,,,,,
2026-09-12T06:56:06-05:00,PUR_IED_SimonB_Exterior_913975,PUR_IED_SimonB_Exterior_913975,,,,,
2026-09-12T06:56:06-05:00,PUR_IED_SimonB_LabQuimi_c56908,PUR_IED_SimonB_LabQuimi_c56908,,,,,
2026-09-12T06:56:06-05:00,PUR_IED_SimonB_informatic_a28c1,PUR_IED_SimonB_informatic_a28c1,,,,,
2026-09-12T06:56:06-05:00,PUR_IED_Sorrento_1102_315f50,PUR_IED_Sorrento_1102_315f50,,,,,
2026-09-12T06:56:06-05:00,PUR_IED_Sorrento_Minte_214eab,PUR_IED_Sorrento_Minte_214eab,,,,,
2026-09-12T06:56:06-05:00,PUR_IED_Sorrento_ext_7c3a0a,PUR_IED_Sorrento_ext_7c3a0a,,,,,
2026-09-12T06:56:06-05:00,PUR_IED_Tabora_Ext_f048ae,PUR_IED_Tabora_Ext_f048ae,,,,,
2026-09-12T06:56:06-05:00,PUR_IED_Tabora_S1102_b07752,PUR_IED_Tabora_S1102_b07752,,,,,
2026-09-12T06:56:06-05:00,PUR_IED_Tabora_S1103_d988f5,PUR_IED_Tabora_S1103_d988f5,,,,,
2026-09-12T06:56:06-05:00,PUR_IED_Tenerife_Ext_1ab188,PUR_IED_Tenerife_Ext_1ab188,,,,,
2026-09-12T06:56:06-05:00,PUR_IED_Tenerife_SDanzas_7bc02e,PUR_IED_Tenerife_SDanzas_7bc02e,,,,,
2026-09-12T06:56:06-05:00,PUR_IED_Tenerife_SIngles_7cc277,PUR_IED_Tenerife_SIngles_7cc277,,,,,
2026-09-12T06:56:06-05:00,PUR_IED_Tibabuyes_Exter_f2683d,PUR_IED_Tibabuyes_Exter_f2683d,,,,,
2026-09-12T06:56:06-05:00,PUR_IED_Tibabuyes_S10_dc87a8,PUR_IED_Tibabuyes_S10_dc87a8,,,,,
2026-09-12T06:56:06-05:00,PUR_IED_Tibabuyes_S15_dc0526,PUR_IED_Tibabuyes_S15_dc0526,,,,,
2026-09-12T06:56:06-05:00,PUR_IED_UnionE_S301_a1043,PUR_IED_UnionE_S301_a1043,,,,,
2026-09-12T06:56:06-05:00,PUR_IED_UnionE_S307_ff6c2f,PUR_IED_UnionE_S307_ff6c2f,,,,,
2026-09-12T06:56:06-05:00,PUR_IED_UnionE__Ext_5e2468,PUR_IED_UnionE__Ext_5e2468,,,,,
2026-09-12T06:56:06-05:00,PUR_IED_VillaRica_Ext_75be7c,PUR_IED_VillaRica_Ext_75be7c,,,,,
2026-09-12T06:56:06-05:00,PUR_IED_VillaRica_S4_cc5dcd,PUR_IED_VillaRica_S4_cc5dcd,,,,,
2026-09-12T06:56:06-05:00,PUR_IED_VillaRica_Sesp_99f5c,PUR_IED_VillaRica_Sesp_99f5c,,,,,
2026-09-12T07:01:18-05:00,PUR_IED_20deJulio_1101_91b1b9,PUR_IED_20deJulio_1101_91b1b9,,,,,
2026-09-12T07:01:18-05:00,PUR_IED_20deJulio_1102_1cfcf9,PUR_IED_20deJulio_1102_1cfcf9,,,,,
2026-09-12T07:01:18-05:00,PUR_IED_20deJulio_Ext_ab60bd,PUR_IED_20deJulio_Ext_ab60bd,,,,,
2026-09-12T07:01:18-05:00,PUR_IED_AgustinFer_Ext_7b9b77,PUR_IED_AgustinFer_Ext_7b9b77,,,,,
2026-09-12T07:01:18-05:00,PUR_IED_AgustinFer_Info2_27b3a7,PUR_IED_AgustinFer_Info2_27b3a7,,,,,
2026-09-12T07:01:18-05:00,PUR_IED_AgustinFer_Sena_54b4eb,PUR_IED_AgustinFer_Sena_54b4eb,,,,,
2026-09-12T07:01:18-05:00,PUR_IED_AlexanderF_1102_caf07b,PUR_IED_AlexanderF_1102_caf07b,,,,,
2026-09-12T07:01:18-05:00,PUR_IED_AlexanderF_1103_c79e71,PUR_IED_AlexanderF_1103_c79e71,,,,,
2026-09-12T07:01:18-05:00,PUR_IED_AlexanderF_Ext_c5b18b,PUR_IED_AlexanderF_Ext_c5b18b,,,,,
2026-09-12T07:01:18-05:00,PUR_IED_AlfonsoLopez_Ext_281d77,PUR_IED_AlfonsoLopez_Ext_281d77,,,,,
2026-09-12T07:01:18-05:00,PUR_IED_AlfonsoLopez_LabF_888ce0,PUR_IED_AlfonsoLopez_LabF_888ce0,,,,,
2026-09-12T07:01:18-05:00,PUR_IED_AlfonsoLopez_SMed_df6a7f,PUR_IED_AlfonsoLopez_SMed_df6a7f,,,,,
2026-09-12T07:01:18-05:00,PUR_IED_AltamiraSO_A2_209f92,PUR_IED_AltamiraSO_A2_209f92,,,,,
2026-09-12T07:01:18-05:00,PUR_IED_AltamiraSO_Ext_186d66,PUR_IED_AltamiraSO_Ext_186d66,,,,,
2026-09-12T07:01:18-05:00,PUR_IED_AltamiraSO_Sistem_27afe1,PUR_IED_AltamiraSO_Sistem_27afe1,,,,,
2026-09-12T07:01:18-05:00,PUR_IED_AlvaroGom_LabQuim_813179,PUR_IED_AlvaroGom_LabQuim_813179,,,,,
2026-09-12T07:01:18-05:00,PUR_IED_AlvaroGomez_Ext_47c7ca,PUR_IED_AlvaroGomez_Ext_47c7ca,,,,,
2026-09-12T07:01:18-05:00,PUR_IED_AlvaroGomez_LabQuim_813179,PUR_IED_AlvaroGomez_LabQuim_813179,,,,,
2026-09-12T07:01:18-05:00,PUR_IED_AlvaroGomez_S23_7ba89f,PUR_IED_AlvaroGomez_S23_7ba89f,,,,,
2026-09-12T07:01:18-05:00,PUR_IED_Amistad_306_dc8728,PUR_IED_Amistad_306_dc8728,,,,,
2026-09-12T07:01:18-05:00,PUR_IED_Amistad_Ext_8cd55e,PUR_IED_Amistad_Ext_8cd55e,,,,,
2026-09-12T07:01:18-05:00,PUR_IED_Amistad_S202_a41169,PUR_IED_Amistad_S202_a41169,,,,,
2026-09-12T07:01:18-05:00,PUR_IED_AndresBello_Bio_fd5f5e,PUR_IED_AndresBello_Bio_fd5f5e,,,,,
2026-09-12T07:01:18-05:00,PUR_IED_AndresBello_ext_dcad65,PUR_IED_AndresBello_ext_dcad65,,,,,
2026-09-12T07:01:18-05:00,PUR_IED_AndresBello_port_eed3ec,PUR_IED_AndresBello_port_eed3ec,,,,,
2026-09-12T07:01:18-05:00,PUR_IED_AngelaR_11b_d90a6b,PUR_IED_AngelaR_11b_d90a6b,,,,,
2026-09-12T07:01:18-05:00,PUR_IED_AngelaR_ext_7cad3e,PUR_IED_AngelaR_ext_7cad3e,4,17,67,4.5825,-74.164497
2026-09-12T07:01:18-05:00,PUR_IED_AntJoseSucre_10mo_df2575,PUR_IED_AntJoseSucre_10mo_df2575,,,,,
2026-09-12T07:01:18-05:00,PUR_IED_AntJoseSucre_Ext_215b36,PUR_IED_AntJoseSucre_Ext_215b36,,,,,
2026-09-12T07:01:18-05:00,PUR_IED_AntJoseSucre_Lab_3139de,PUR_IED_AntJoseSucre_Lab_3139de,,,,,
2026-09-12T07:01:18-05:00,PUR_IED_AntonioGarcia_301_d6b188,PUR_IED_AntonioGarcia_301_d6b188,,,,,
2026-09-12T07:01:18-05:00,PUR_IED_AntonioGarcia_302_88a82,PUR_IED_AntonioGarcia_302_88a82,,,,,
2026-09-12T07:01:18-05:00,PUR_IED_AntonioGarcia_Ext_20950c,PUR_IED_AntonioGarcia_Ext_20950c,,,,,
2026-09-12T07:01:18-05:00,PUR_IED_AntonioVan_Aula2_6dea02,PUR_IED_AntonioVan_Aula2_6dea02,,,,,
2026-09-12T07:01:18-05:00,PUR_IED_AntonioVan_Aula5_f1557e,PUR_IED_AntonioVan_Aula5_f1557e,,,,,
2026-09-12T07:01:18-05:00,PUR_IED_AntonioVan_Ext_406f2f,PUR_IED_AntonioVan_Ext_406f2f,,,,,
2026-09-12T07:01:18-05:00,PUR_IED_Atabanzha_Ext_cc5af9,PUR_IED_Atabanzha_Ext_cc5af9,,,,,
2026-09-12T07:01:18-05:00,PUR_IED_Atabanzha_SA101_56c37,PUR_IED_Atabanzha_SA101_56c37,,,,,
2026-09-12T07:01:18-05:00,PUR_IED_Atabanzha_SB302_27b374,PUR_IED_Atabanzha_SB302_27b374,,,,,
2026-09-12T07:01:18-05:00,PUR_IED_Atahualpa_Ext_fc1748,PUR_IED_Atahualpa_Ext_fc1748,,,,,
2026-09-12T07:01:18-05:00,PUR_IED_Atahualpa_Informa_dc9a95,PUR_IED_Atahualpa_Informa_dc9a95,,,,,
2026-09-12T07:01:18-05:00,PUR_IED_Atahualpa_S1101_f98056,PUR_IED_Atahualpa_S1101_f98056,,,,,
2026-09-12T07:01:18-05:00,PUR_IED_Bellavista_Ext_f5aa74,PUR_IED_Bellavista_Ext_f5aa74,,,,,
2026-09-12T07:01:18-05:00,PUR_IED_Bilbao_11A_916c41,PUR_IED_Bilbao_11A_916c41,,,,,
2026-09-12T07:01:18-05:00,PUR_IED_Bilbao_Ext_fb579a,PUR_IED_Bilbao_Ext_fb579a,,,,,
2026-09-12T07:01:18-05:00,PUR_IED_BrasiliaU_A125_304280,PUR_IED_BrasiliaU_A125_304280,,,,,
2026-09-12T07:01:18-05:00,PUR_IED_BrasiliaU_A203_7c8ca5,PUR_IED_BrasiliaU_A203_7c8ca5,,,,,
2026-09-12T07:01:18-05:00,PUR_IED_BrasiliaU_Ext_8d6e9f,PUR_IED_BrasiliaU_Ext_8d6e9f,4,16,68,4.5175,-74.116302
2026-09-12T07:01:18-05:00,PUR_IED_Brasilia_Ext_fe6593,PUR_IED_Brasilia_Ext_fe6593,,,,,
2026-09-12T07:01:18-05:00,PUR_IED_Brasilia_S24_7c130d,PUR_IED_Brasilia_S24_7c130d,,,,,
2026-09-12T07:01:18-05:00,PUR_IED_Brasilia_S501_186a54,PUR_IED_Brasilia_S501_186a54,,,,,
2026-09-12T07:01:18-05:00,PUR_IED_CHARRY_EXT_f1d5cd,PUR_IED_CHARRY_EXT_f1d5cd,,,,,
2026-09-12T07:01:18-05:00,PUR_IED_CHARRY_INTDANZAS_7a08e6,PUR_IED_CHARRY_INTDANZAS_7a08e6,,,,,
2026-09-12T07:01:18-05:00,PUR_IED_CHARRY_INT_AULA20_dc998d,PUR_IED_CHARRY_INT_AULA20_dc998d,,,,,
2026-09-12T07:01:18-05:00,PUR_IED_COLVIV_1101_S25_7f520a,PUR_IED_COLVIV_1101_S25_7f520a,,,,,
2026-09-12T07:01:18-05:00,PUR_IED_COLVIV_1102_S16_f570ba,PUR_IED_COLVIV_1102_S16_f570ba,,,,,
2026-09-12T07:01:18-05:00,PUR_IED_COLVIV_Ext_1a26fa,PUR_IED_COLVIV_Ext_1a26fa,,,,,
2026-09-12T07:01:18-05:00,PUR_IED_CULPOP_301A_f660f3,PUR_IED_CULPOP_301A_f660f3,,,,,
2026-09-12T07:01:18-05:00,PUR_IED_CULPOP_303_568afe,PUR_IED_CULPOP_303_568afe,,,,,
2026-09-12T07:01:18-05:00,PUR_IED_CULPOP_Ext_e02ccb,PUR_IED_CULPOP_Ext_e02ccb,,,,,
2026-09-12T07:01:18-05:00,PUR_IED_CVillavicen_Ext_26eb58,PUR_IED_CVillavicen_Ext_26eb58,5,14,83,4.487,-74.102798
2026-09-12T07:01:18-05:00,PUR_IED_CVillavicen_Intel_1ce5c2,PUR_IED_CVillavicen_Intel_1ce5c2,,,,,
2026-09-12T07:01:18-05:00,PUR_IED_CVillavicen_Poliv_e0766c,PUR_IED_CVillavicen_Poliv_e0766c,,,,,
2026-09-12T07:01:18-05:00,PUR_IED_CVillavicen_int_1ba140,PUR_IED_CVillavicen_int_1ba140,,,,,
2026-09-12T07:01:18-05:00,PUR_IED_CVillavicen_intel_1ba140,PUR_IED_CVillavicen_intel_1ba140,,,,,
2026-09-12T07:01:18-05:00,PUR_IED_CarlosPizarro_Ext_e307cc,PUR_IED_CarlosPizarro_Ext_e307cc,,,,,
2026-09-12T07:01:18-05:00,PUR_IED_CarlosPizarro_L36_7e5cdb,PUR_IED_CarlosPizarro_L36_7e5cdb,,,,,
2026-09-12T07:01:18-05:00,PUR_IED_CarlosPizarro_L37_c8566c,PUR_IED_CarlosPizarro_L37_c8566c,,,,,
2026-09-12T07:01:18-05:00,PUR_IED_Castilla_Ext_cf35f,PUR_IED_Castilla_Ext_cf35f,,,,,
2026-09-12T07:01:18-05:00,PUR_IED_Castilla_SFisik_360e38,PUR_IED_Castilla_SFisik_360e38,,,,,
2026-09-12T07:01:18-05:00,PUR_IED_Castilla_Sc304_496fbf,PUR_IED_Castilla_Sc304_496fbf,,,,,
2026-09-12T07:01:18-05:00,PUR_IED_CervantesSa_Ext_6b57b,PUR_IED_CervantesSa_Ext_6b57b,3,16,73,4.5128,-74.117203
2026-09-12T07:01:18-05:00,PUR_IED_CervantesSa_S107_225c2b,PUR_IED_CervantesSa_S107_225c2b,,,,,
2026-09-12T07:01:18-05:00,PUR_IED_CervantesSa_S108_940925,PUR_IED_CervantesSa_S108_940925,,,,,
2026-09-12T07:01:18-05:00,PUR_IED_Charry_A20_f53e7c,PUR_IED_Charry_A20_f53e7c,,,,,
2026-09-12T07:01:18-05:00,PUR_IED_Charry_Ext_f1d5cd,PUR_IED_Charry_Ext_f1d5cd,,,,,
2026-09-12T07:01:18-05:00,PUR_IED_Charry_IntAula20_dc998d,PUR_IED_Charry_IntAula20_dc998d,,,,,
2026-09-12T07:01:18-05:00,PUR_IED_Charry_IntDanzas_7a08e6,PUR_IED_Charry_IntDanzas_7a08e6,,,,,
2026-09-12T07:01:18-05:00,PUR_IED_ClememciaC_203_43e2fc,PUR_IED_ClememciaC_203_43e2fc,,,,,
2026-09-12T07:01:18-05:00,PUR_IED_ClememciaC_Ext_1b411a,PUR_IED_ClememciaC_Ext_1b411a,,,,,
2026-09-12T07:01:18-05:00,PUR_IED_ClememciaC_Quimic_44b5fc,PUR_IED_ClememciaC_Quimic_44b5fc,,,,,
2026-09-12T07:01:18-05:00,PUR_IED_ClemenciaC_203_43e2fc,PUR_IED_ClemenciaC_203_43e2fc,,,,,
2026-09-12T07:01:18-05:00,PUR_IED_ClemenciaC_Ext_1b411a,PUR_IED_ClemenciaC_Ext_1b411a,,,,,
2026-09-12T07:01:18-05:00,PUR_IED_ClemenciaC_Quimic_44b5fc,PUR_IED_ClemenciaC_Quimic_44b5fc,,,,,
2026-09-12T07:01:18-05:00,PUR_IED_ColViva_1101_S25_7f520a,PUR_IED_ColViva_1101_S25_7f520a,,,,,
2026-09-12T07:01:18-05:00,PUR_IED_ColViva_1102_S16_f570ba,PUR_IED_ColViva_1102_S16_f570ba,,,,,
2026-09-12T07:01:18-05:00,PUR_IED_ColViva_Ext_1a26fa,PUR_IED_ColViva_Ext_1a26fa,,,,,
2026-09-12T07:01:18-05:00,PUR_IED_ColegioBici_Asist_7c8798,PUR_IED_ColegioBici_Asist_7c8798,,,,,
2026-09-12T07:01:18-05:00,PUR_IED_ColegioBici_Ext_25cbf6,PUR_IED_ColegioBici_Ext_25cbf6,,,,,
2026-09-12T07:01:18-05:00,PUR_IED_ColegioBici_LabQ_7b57db,PUR_IED_ColegioBici_LabQ_7b57db,,,,,
2026-09-12T07:01:18-05:00,PUR_IED_CostaRica_Ext_5e640,PUR_IED_CostaRica_Ext_5e640,,,,,
2026-09-12T07:01:18-05:00,PUR_IED_CostaRica_Quim1_766d1c,PUR_IED_CostaRica_Quim1_766d1c,,,,,
2026-09-12T07:01:18-05:00,PUR_IED_CostaRica__Fisica_6f0873,PUR_IED_CostaRica__Fisica_6f0873,,,,,
2026-09-12T07:01:18-05:00,PUR_IED_CulPopu_301A_f660f3,PUR_IED_CulPopu_301A_f660f3,,,,,
2026-09-12T07:01:18-05:00,PUR_IED_CulPopu_303_568afe,PUR_IED_CulPopu_303_568afe,,,,,
2026-09-12T07:01:18-05:00,PUR_IED_CulPopu_Ext_e02ccb,PUR_IED_CulPopu_Ext_e02ccb,,,,,
2026-09-12T07:01:18-05:00,PUR_IED_Cundinamarca_Ext_f15985,PUR_IED_Cundinamarca_Ext_f15985,,,,,
2026-09-12T07:01:18-05:00,PUR_IED_Cundinamarca_Info_7aa5d7,PUR_IED_Cundinamarca_Info_7aa5d7,,,,,
2026-09-12T07:01:18-05:00,PUR_IED_Cundinamarca_Tec2_f449c7,PUR_IED_Cundinamarca_Tec2_f449c7,,,,,
2026-09-12T07:01:18-05:00,PUR_IED_DiegoM_Aula1_27b314,PUR_IED_DiegoM_Aula1_27b314,,,,,
2026-09-12T07:01:18-05:00,PUR_IED_DiegoM_Ext_d80ac8,PUR_IED_DiegoM_Ext_d80ac8,,,,,
2026-09-12T07:01:18-05:00,PUR_IED_DiegoM_S25_da928f,PUR_IED_DiegoM_S25_da928f,,,,,
2026-09-12T07:01:18-05:00,PUR_IED_ELRODEO_360881,PUR_IED_ELRODEO_360881,,,,,
2026-09-12T07:01:18-05:00,PUR_IED_ELRODEO_ext_360881,PUR_IED_ELRODEO_ext_360881,,,,,
2026-09-12T07:01:18-05:00,PUR_IED_EduardoU_Ext_1c1969,PUR_IED_EduardoU_Ext_1c1969,,,,,
2026-09-12T07:01:18-05:00,PUR_IED_EduardoU_SCiencia_4dfb94,PUR_IED_EduardoU_SCiencia_4dfb94,,,,,
2026-09-12T07:01:18-05:00,PUR_IED_EduardoU_SQuimica_5a46e7,PUR_IED_EduardoU_SQuimica_5a46e7,,,,,
2026-09-12T07:01:18-05:00,PUR_IED_ElRodeo_Aula14_676984,PUR_IED_ElRodeo_Aula14_676984,,,,,
2026-09-12T07:01:18-05:00,PUR_IED_ElRodeo_Aula16_2dd35b,PUR_IED_ElRodeo_Aula16_2dd35b,,,,,
2026-09-12T07:01:18-05:00,PUR_IED_ElRodeo_Ext_360881,PUR_IED_ElRodeo_Ext_360881,,,,,
2026-09-12T07:01:18-05:00,PUR_IED_ElRodeo_Exterior_8c6d28,PUR_IED_ElRodeo_Exterior_8c6d28,,,,,
2026-09-12T07:01:18-05:00,PUR_IED_ElRodeo_ext_360881,PUR_IED_ElRodeo_ext_360881,,,,,
2026-09-12T07:01:18-05:00,PUR_IED_EmmaReyes_Ext_987625,PUR_IED_EmmaReyes_Ext_987625,6,21,53,4.6367,-74.1511
2026-09-12T07:01:18-05:00,PUR_IED_Ensueño_Ext_7f0250,PUR_IED_Ensueño_Ext_7f0250,,,,,
2026-09-12T07:01:18-05:00,PUR_IED_EscNormal_Ext_5fef3b,PUR_IED_EscNormal_Ext_5fef3b,2,18,61,4.5852,-74.096901
2026-09-12T07:01:18-05:00,PUR_IED_EscNormal_S309_5b263,PUR_IED_EscNormal_S309_5b263,,,,,
2026-09-12T07:01:18-05:00,PUR_IED_EscNormal_S310_27b3b8,PUR_IED_EscNormal_S310_27b3b8,,,,,
2026-09-12T07:01:18-05:00,PUR_IED_Evangelista_Conta_f6cd4f,PUR_IED_Evangelista_Conta_f6cd4f,,,,,
2026-09-12T07:01:18-05:00,PUR_IED_Evangelista_Cri_5e16a,PUR_IED_Evangelista_Cri_5e16a,,,,,
2026-09-12T07:01:18-05:00,PUR_IED_Evangelista_Exter_754066,PUR_IED_Evangelista_Exter_754066,,,,,
2026-09-12T07:01:18-05:00,PUR_IED_FMiranda_S209_5cc2a3,PUR_IED_FMiranda_S209_5cc2a3,,,,,
2026-09-12T07:01:18-05:00,PUR_IED_FMiranda_S303_19e344,PUR_IED_FMiranda_S303_19e344,,,,,
2026-09-12T07:01:18-05:00,PUR_IED_FMiranda_ext_f53e7c,PUR_IED_FMiranda_ext_f53e7c,,,,,
2026-09-12T07:01:18-05:00,PUR_IED_FabioLozano_Bibli_1cee05,PUR_IED_FabioLozano_Bibli_1cee05,,,,,
2026-09-12T07:01:18-05:00,PUR_IED_FabioLozano_Ext_6ea285,PUR_IED_FabioLozano_Ext_6ea285,,,,,
2026-09-12T07:01:18-05:00,PUR_IED_FabioLozano_SLudi_f09e1e,PUR_IED_FabioLozano_SLudi_f09e1e,,,,,
2026-09-12T07:01:18-05:00,PUR_IED_FaustinoS_Aula07_27a731,PUR_IED_FaustinoS_Aula07_27a731,,,,,
2026-09-12T07:01:18-05:00,PUR_IED_FaustinoS_Ext_7b936f,PUR_IED_FaustinoS_Ext_7b936f,,,,,
2026-09-12T07:01:18-05:00,PUR_IED_FaustinoS_Fisica_da2c60,PUR_IED_FaustinoS_Fisica_da2c60,,,,,
2026-09-12T07:01:18-05:00,PUR_IED_FeGarciaLo_Ext_dc68ee,PUR_IED_FeGarciaLo_Ext_dc68ee,,,,,
2026-09-12T07:01:18-05:00,PUR_IED_FeGarciaLo_SDanza_f70a59,PUR_IED_FeGarciaLo_SDanza_f70a59,,,,,
2026-09-12T07:01:18-05:00,PUR_IED_FeGarciaLo_SMusic_125cdd,PUR_IED_FeGarciaLo_SMusic_125cdd,,,,,
2026-09-12T07:01:18-05:00,PUR_IED_FederalAlema_Exte_50c345,PUR_IED_FederalAlema_Exte_50c345,,,,,
2026-09-12T07:01:18-05:00,PUR_IED_FederalAlema_S31_f18371,PUR_IED_FederalAlema_S31_f18371,,,,,
2026-09-12T07:01:18-05:00,PUR_IED_FederalAlema_S901_a62cd,PUR_IED_FederalAlema_S901_a62cd,,,,,
2026-09-12T07:01:18-05:00,PUR_IED_FilarmonicaS_A5_f35eb1,PUR_IED_FilarmonicaS_A5_f35eb1,,,,,
2026-09-12T07:01:18-05:00,PUR_IED_FilarmonicaS_Ext_8a3bde,PUR_IED_FilarmonicaS_Ext_8a3bde,,,,,
2026-09-12T07:01:18-05:00,PUR_IED_FilarmonicaS_Spol_406114,PUR_IED_FilarmonicaS_Spol_406114,,,,,
2026-09-12T07:01:18-05:00,PUR_IED_FlorentinoG_A13_d1fa59,PUR_IED_FlorentinoG_A13_d1fa59,,,,,
2026-09-12T07:01:18-05:00,PUR_IED_FlorentinoG_Ext_1ce6ce,PUR_IED_FlorentinoG_Ext_1ce6ce,,,,,
2026-09-12T07:01:18-05:00,PUR_IED_FlorentinoG_Idiom_a66aac,PUR_IED_FlorentinoG_Idiom_a66aac,,,,,
2026-09-12T07:01:18-05:00,PUR_IED_FranciscoMati_Ext_e3869d,PUR_IED_FranciscoMati_Ext_e3869d,,,,,
2026-09-12T07:01:18-05:00,PUR_IED_FranciscoMati_S13_f31c67,PUR_IED_FranciscoMati_S13_f31c67,,,,,
2026-09-12T07:01:18-05:00,PUR_IED_FranciscoMati_S14_97dead,PUR_IED_FranciscoMati_S14_97dead,,,,,
2026-09-12T07:01:18-05:00,PUR_IED_FranciscoPS_Ext_7bfa9a,PUR_IED_FranciscoPS_Ext_7bfa9a,2,18,63,4.5899,-74.110397
2026-09-12T07:01:18-05:00,PUR_IED_FranciscoPS_Infor_fb8f4c,PUR_IED_FranciscoPS_Infor_fb8f4c,,,,,
2026-09-12T07:01:18-05:00,PUR_IED_FranciscoPS_Quimi_94d39c,PUR_IED_FranciscoPS_Quimi_94d39c,,,,,
2026-09-12T07:01:18-05:00,PUR_IED_FranciscoP_LabQ_d7e148,PUR_IED_FranciscoP_LabQ_d7e148,,,,,
2026-09-12T07:01:18-05:00,PUR_IED_FranciscoP_S28_cf9b30,PUR_IED_FranciscoP_S28_cf9b30,,,,,
2026-09-12T07:01:18-05:00,PUR_IED_FranciscoP_ext_e2313,PUR_IED_FranciscoP_ext_e2313,,,,,
2026-09-12T07:01:18-05:00,PUR_IED_FriederichN_Ext_8ac92a,PUR_IED_FriederichN_Ext_8ac92a,,,,,
2026-09-12T07:01:18-05:00,PUR_IED_FriederichN_S301_dd7e5a,PUR_IED_FriederichN_S301_dd7e5a,,,,,
2026-09-12T07:01:18-05:00,PUR_IED_FriederichN_S308_761f4f,PUR_IED_FriederichN_S308_761f4f,,,,,
2026-09-12T07:01:18-05:00,PUR_IED_GSantander_Aula10_533dd7,PUR_IED_GSantander_Aula10_533dd7,,,,,
2026-09-12T07:01:18-05:00,PUR_IED_GSantander_Aula12_fd4e4f,PUR_IED_GSantander_Aula12_fd4e4f,,,,,
2026-09-12T07:01:18-05:00,PUR_IED_GSantander_Aula310_533dd7,PUR_IED_GSantander_Aula310_533dd7,,,,,
2026-09-12T07:01:18-05:00,PUR_IED_GSantander_Aula312_fd4e4f,PUR_IED_GSantander_Aula312_fd4e4f,,,,,
2026-09-12T07:01:18-05:00,PUR_IED_GSantander_Ext_5f66b0,PUR_IED_GSantander_Ext_5f66b0,,,,,
2026-09-12T07:01:18-05:00,PUR_IED_GYomasa_Ext_f6bea5,PUR_IED_GYomasa_Ext_f6bea5,,,,,
2026-09-12T07:01:18-05:00,PUR_IED_GYomasa_LBiol_2c41aa,PUR_IED_GYomasa_LBiol_2c41aa,,,,,
2026-09-12T07:01:18-05:00,PUR_IED_GYomasa_LQuim_33c80,PUR_IED_GYomasa_LQuim_33c80,,,,,
2026-09-12T07:01:18-05:00,PUR_IED_GabBetMejia_Cienc_5a99c,PUR_IED_GabBetMejia_Cienc_5a99c,,,,,
2026-09-12T07:01:18-05:00,PUR_IED_GabBetMejia_Ext_9153d0,PUR_IED_GabBetMejia_Ext_9153d0,,,,,
2026-09-12T07:01:18-05:00,PUR_IED_GabBetMejia_Lab_f55347,PUR_IED_GabBetMejia_Lab_f55347,,,,,
2026-09-12T07:01:18-05:00,PUR_IED_GabBetanMejia_Ext_9153d0,PUR_IED_GabBetanMejia_Ext_9153d0,,,,,
2026-09-12T07:01:18-05:00,PUR_IED_Gaitana_Aula13_7aac11,PUR_IED_Gaitana_Aula13_7aac11,,,,,
2026-09-12T07:01:18-05:00,PUR_IED_Gaitana_Ext_5fcf4,PUR_IED_Gaitana_Ext_5fcf4,,,,,
2026-09-12T07:01:18-05:00,PUR_IED_Gaitana_LabFisica_644448,PUR_IED_Gaitana_LabFisica_644448,,,,,
2026-09-12T07:01:18-05:00,PUR_IED_GenSantander_Dise_8ac858,PUR_IED_GenSantander_Dise_8ac858,,,,,
2026-09-12T07:01:18-05:00,PUR_IED_GenSantander_Ext_8d5dfe,PUR_IED_GenSantander_Ext_8d5dfe,,,,,
2026-09-12T07:01:18-05:00,PUR_IED_GenSantander_Info_6c25b,PUR_IED_GenSantander_Info_6c25b,,,,,
2026-09-12T07:01:18-05:00,PUR_IED_GustavoMo_Exterio_75e63d,PUR_IED_GustavoMo_Exterio_75e63d,,,,,
2026-09-12T07:01:18-05:00,PUR_IED_GustavoMo_LabFisi_224d37,PUR_IED_GustavoMo_LabFisi_224d37,,,,,
2026-09-12T07:01:18-05:00,PUR_IED_GustavoMo_S208_3e6918,PUR_IED_GustavoMo_S208_3e6918,,,,,
2026-09-12T07:01:18-05:00,PUR_IED_GustavoR_A02_8cd4a8,PUR_IED_GustavoR_A02_8cd4a8,,,,,
2026-09-12T07:01:18-05:00,PUR_IED_GustavoR_B11_5b0ed,PUR_IED_GustavoR_B11_5b0ed,,,,,
2026-09-12T07:01:18-05:00,PUR_IED_GustavoR_Ext_7a0c90,PUR_IED_GustavoR_Ext_7a0c90,,,,,
2026-09-12T07:01:18-05:00,PUR_IED_HernandoDuran_Ext_8cd82b,PUR_IED_HernandoDuran_Ext_8cd82b,,,,,
2026-09-12T07:01:18-05:00,PUR_IED_HernandoDuran_S24_2772c6,PUR_IED_HernandoDuran_S24_2772c6,,,,,
2026-09-12T07:01:18-05:00,PUR_IED_HernandoDuran_S30_f2de41,PUR_IED_HernandoDuran_S30_f2de41,,,,,
2026-09-12T07:01:18-05:00,PUR_IED_HolguInUr_S1101_8cd732,PUR_IED_HolguInUr_S1101_8cd732,,,,,
2026-09-12T07:01:18-05:00,PUR_IED_HolguinUr_Exter_ddae6d,PUR_IED_HolguinUr_Exter_ddae6d,,,,,
2026-09-12T07:01:18-05:00,PUR_IED_HolguinUr_LabQuim_92b952,PUR_IED_HolguinUr_LabQuim_92b952,,,,,
2026-09-12T07:01:18-05:00,PUR_IED_Isabel-II_Ext_5245cc,PUR_IED_Isabel-II_Ext_5245cc,5,18,62,4.6336,-74.153
2026-09-12T07:01:18-05:00,PUR_IED_Isabel-II_S_idiom_1c29aa,PUR_IED_Isabel-II_S_idiom_1c29aa,,,,,
2026-09-12T07:01:18-05:00,PUR_IED_Isabel-II_S_infor_fd741,PUR_IED_Isabel-II_S_infor_fd741,,,,,
2026-09-12T07:01:18-05:00,PUR_IED_IsidroSur_Exterio_5b90ea,PUR_IED_IsidroSur_Exterio_5b90ea,,,,,
2026-09-12T07:01:18-05:00,PUR_IED_IsidroSur_LabTec_56697a,PUR_IED_IsidroSur_LabTec_56697a,,,,,
2026-09-12T07:01:18-05:00,PUR_IED_IsidroSur_Robotic_b7c38f,PUR_IED_IsidroSur_Robotic_b7c38f,,,,,
2026-09-12T07:01:18-05:00,PUR_IED_IsmaelPerd_Ext_7b6672,PUR_IED_IsmaelPerd_Ext_7b6672,,,,,
2026-09-12T07:01:18-05:00,PUR_IED_IsmaelPerd_Inform_306540,PUR_IED_IsmaelPerd_Inform_306540,,,,,
2026-09-12T07:01:18-05:00,PUR_IED_IsmaelPerd_S30_2e2c83,PUR_IED_IsmaelPerd_S30_2e2c83,,,,,
2026-09-12T07:01:18-05:00,PUR_IED_JLozano_Exter_432910,PUR_IED_JLozano_Exter_432910,,,,,
2026-09-12T07:01:18-05:00,PUR_IED_JLozano_salaMulti_df5125,PUR_IED_JLozano_salaMulti_df5125,,,,,
2026-09-12T07:01:18-05:00,PUR_IED_JMCordoba_206_86f80b,PUR_IED_JMCordoba_206_86f80b,,,,,
2026-09-12T07:01:18-05:00,PUR_IED_JMCordoba_Ext_27ad97,PUR_IED_JMCordoba_Ext_27ad97,,,,,
2026-09-12T07:01:18-05:00,PUR_IED_JMCordoba_S310_d59ab4,PUR_IED_JMCordoba_S310_d59ab4,,,,,
2026-09-12T07:01:18-05:00,PUR_IED_Japon_Ext_549100,PUR_IED_Japon_Ext_549100,,,,,
2026-09-12T07:01:18-05:00,PUR_IED_Japon_Laboratorio_bec51d,PUR_IED_Japon_Laboratorio_bec51d,,,,,
2026-09-12T07:01:18-05:00,PUR_IED_Japon_informatica_d99327,PUR_IED_Japon_informatica_d99327,,,,,
2026-09-12T07:01:18-05:00,PUR_IED_Jazmin_Ext_d27bda,PUR_IED_Jazmin_Ext_d27bda,,,,,
2026-09-12T07:01:18-05:00,PUR_IED_Jazmin_Fisica_8d14d7,PUR_IED_Jazmin_Fisica_8d14d7,,,,,
2026-09-12T07:01:18-05:00,PUR_IED_Jazmin_Quimica_801cb5,PUR_IED_Jazmin_Quimica_801cb5,,,,,
2026-09-12T07:01:18-05:00,PUR_IED_JorgeGaitan_Exter_f098d1,PUR_IED_JorgeGaitan_Exter_f098d1,,,,,
2026-09-12T07:01:18-05:00,PUR_IED_JorgeGaitan_STec1_dc9d1d,PUR_IED_JorgeGaitan_STec1_dc9d1d,,,,,
2026-09-12T07:01:18-05:00,PUR_IED_JorgeGaitan_STec2_281e69,PUR_IED_JorgeGaitan_STec2_281e69,,,,,
2026-09-12T07:01:18-05:00,PUR_IED_JorgeSoto_Exterio_d9d0a2,PUR_IED_JorgeSoto_Exterio_d9d0a2,,,,,
2026-09-12T07:01:18-05:00,PUR_IED_JorgeSoto_LabFisi_209c54,PUR_IED_JorgeSoto_LabFisi_209c54,,,,,
2026-09-12T07:01:18-05:00,PUR_IED_JorgeSoto_S103_27b51a,PUR_IED_JorgeSoto_S103_27b51a,,,,,
2026-09-12T07:01:18-05:00,PUR_IED_JoseAcevedo_A02_e965eb,PUR_IED_JoseAcevedo_A02_e965eb,,,,,
2026-09-12T07:01:18-05:00,PUR_IED_JoseAcevedo_A07_dd5b4,PUR_IED_JoseAcevedo_A07_dd5b4,,,,,
2026-09-12T07:01:18-05:00,PUR_IED_JoseAcevedo_Ext_b47484,PUR_IED_JoseAcevedo_Ext_b47484,,,,,
2026-09-12T07:01:18-05:00,PUR_IED_JoseMarti_Exte_5b9bf,PUR_IED_JoseMarti_Exte_5b9bf,,,,,
2026-09-12T07:01:18-05:00,PUR_IED_JoseMarti_LabQuim_1c6c2d,PUR_IED_JoseMarti_LabQuim_1c6c2d,,,,,
2026-09-12T07:01:18-05:00,PUR_IED_JoseMarti_S_info_f5f177,PUR_IED_JoseMarti_S_info_f5f177,,,,,
2026-09-12T07:01:18-05:00,PUR_IED_Josejoaquin_Ext_dfc5dc,PUR_IED_Josejoaquin_Ext_dfc5dc,,,,,
2026-09-12T07:01:18-05:00,PUR_IED_Josejoaquin_S05_5b2a96,PUR_IED_Josejoaquin_S05_5b2a96,,,,,
2026-09-12T07:01:18-05:00,PUR_IED_Josejoaquin_S06_1ce7d2,PUR_IED_Josejoaquin_S06_1ce7d2,,,,,
2026-09-12T07:01:18-05:00,PUR_IED_JulioFlorez_Danza_9b82dd,PUR_IED_JulioFlorez_Danza_9b82dd,,,,,
2026-09-12T07:01:18-05:00,PUR_IED_JulioFlorez_Exter_f9f314,PUR_IED_JulioFlorez_Exter_f9f314,,,,,
2026-09-12T07:01:18-05:00,PUR_IED_JulioFlorez_info2_6b6e08,PUR_IED_JulioFlorez_info2_6b6e08,,,,,
2026-09-12T07:01:18-05:00,PUR_IED_LaBelleza_Aula13_1d00d8,PUR_IED_LaBelleza_Aula13_1d00d8,,,,,
2026-09-12T07:01:18-05:00,PUR_IED_LaBelleza_Ext_7bc08c,PUR_IED_LaBelleza_Ext_7bc08c,,,,,
2026-09-12T07:01:18-05:00,PUR_IED_LaChucua_Ext_8cd6d2,PUR_IED_LaChucua_Ext_8cd6d2,,,,,
2026-09-12T07:01:18-05:00,PUR_IED_LaChucua_S15_f578ce,PUR_IED_LaChucua_S15_f578ce,,,,,
2026-09-12T07:01:18-05:00,PUR_IED_LaChucua_S16_eebcf9,PUR_IED_LaChucua_S16_eebcf9,,,,,
2026-09-12T07:01:18-05:00,PUR_IED_LaFelicidad_Ext_fb5109,PUR_IED_LaFelicidad_Ext_fb5109,,,,,
2026-09-12T07:01:18-05:00,PUR_IED_LaMerced_206_66ebd,PUR_IED_LaMerced_206_66ebd,,,,,
2026-09-12T07:01:18-05:00,PUR_IED_LaMerced_207_6ebd6,PUR_IED_LaMerced_207_6ebd6,,,,,
2026-09-12T07:01:18-05:00,PUR_IED_LaMerced_ext_304311,PUR_IED_LaMerced_ext_304311,,,,,
2026-09-12T07:01:18-05:00,PUR_IED_Laureano_CiencNat_281e5e,PUR_IED_Laureano_CiencNat_281e5e,,,,,
2026-09-12T07:01:18-05:00,PUR_IED_Laureano_Comedor_f65c0a,PUR_IED_Laureano_Comedor_f65c0a,,,,,
2026-09-12T07:01:18-05:00,PUR_IED_Laureano_Exterior_7ab011,PUR_IED_Laureano_Exterior_7ab011,,,,,
2026-09-12T07:01:18-05:00,PUR_IED_LeonGreiff_Exte_dfe560,PUR_IED_LeonGreiff_Exte_dfe560,,,,,
2026-09-12T07:01:18-05:00,PUR_IED_LeonGreiff_S210_f264ed,PUR_IED_LeonGreiff_S210_f264ed,,,,,
2026-09-12T07:01:18-05:00,PUR_IED_LeonGreiff_SQuimi_e8296f,PUR_IED_LeonGreiff_SQuimi_e8296f,,,,,
2026-09-12T07:01:18-05:00,PUR_IED_LlanoOrientalS208_7b9fcd,PUR_IED_LlanoOrientalS208_7b9fcd,,,,,
2026-09-12T07:01:18-05:00,PUR_IED_LlanoOriental_Ext_fb3766,PUR_IED_LlanoOriental_Ext_fb3766,,,,,
2026-09-12T07:01:18-05:00,PUR_IED_LlanoOriental_S208_7b9fcd,PUR_IED_LlanoOriental_S208_7b9fcd,,,,,
2026-09-12T07:01:18-05:00,PUR_IED_LlanoOriental_S9_27b378,PUR_IED_LlanoOriental_S9_27b378,,,,,
2026-09-12T07:01:18-05:00,PUR_IED_LosTejares_1101_477602,PUR_IED_LosTejares_1101_477602,,,,,
2026-09-12T07:01:18-05:00,PUR_IED_LosTejares_11_d2c595,PUR_IED_LosTejares_11_d2c595,,,,,
2026-09-12T07:01:18-05:00,PUR_IED_LosTejares_12_477602,PUR_IED_LosTejares_12_477602,,,,,
2026-09-12T07:01:18-05:00,PUR_IED_LosTejares_Ext_8e2115,PUR_IED_LosTejares_Ext_8e2115,,,,,
2026-09-12T07:01:18-05:00,PUR_IED_MagdalenaO_B202_5ddda3,PUR_IED_MagdalenaO_B202_5ddda3,,,,,
2026-09-12T07:01:18-05:00,PUR_IED_MagdalenaO_B205_fb76e8,PUR_IED_MagdalenaO_B205_fb76e8,,,,,
2026-09-12T07:01:18-05:00,PUR_IED_MagdalenaO_ext_dc69cd,PUR_IED_MagdalenaO_ext_dc69cd,,,,,
2026-09-12T07:01:18-05:00,PUR_IED_ManueCepeda_artes_eee956,PUR_IED_ManueCepeda_artes_eee956,,,,,
2026-09-12T07:01:18-05:00,PUR_IED_ManuelCepeda_Ext_58313,PUR_IED_ManuelCepeda_Ext_58313,,,,,
2026-09-12T07:01:18-05:00,PUR_IED_ManuelCepeda_tec_1c5731,PUR_IED_ManuelCepeda_tec_1c5731,,,,,
2026-09-12T07:01:18-05:00,PUR_IED_ManuelS_Exterior_5b269,PUR_IED_ManuelS_Exterior_5b269,,,,,
2026-09-12T07:01:18-05:00,PUR_IED_ManuelS_Inform_f369ce,PUR_IED_ManuelS_Inform_f369ce,,,,,
2026-09-12T07:01:18-05:00,PUR_IED_ManuelS_SArtes_7d15f1,PUR_IED_ManuelS_SArtes_7d15f1,,,,,
2026-09-12T07:01:18-05:00,PUR_IED_ManuelZapata_303_3ca6,PUR_IED_ManuelZapata_303_3ca6,,,,,
2026-09-12T07:01:18-05:00,PUR_IED_ManuelZapata_311_bfbabc,PUR_IED_ManuelZapata_311_bfbabc,,,,,
2026-09-12T07:01:18-05:00,PUR_IED_ManuelZapata_Ext_50824a,PUR_IED_ManuelZapata_Ext_50824a,,,,,
2026-09-12T07:01:18-05:00,PUR_IED_ManuelitaS_Exteri_656a92,PUR_IED_ManuelitaS_Exteri_656a92,,,,,
2026-09-12T07:01:18-05:00,PUR_IED_ManuelitaS_JuzgDe_f58ec3,PUR_IED_ManuelitaS_JuzgDe_f58ec3,,,,,
2026-09-12T07:01:18-05:00,PUR_IED_ManuelitaS_Recrea_d793db,PUR_IED_ManuelitaS_Recrea_d793db,,,,,
2026-09-12T07:01:18-05:00,PUR_IED_MarFidSuarez_Ext_c27b19,PUR_IED_MarFidSuarez_Ext_c27b19,,,,,
2026-09-12T07:01:18-05:00,PUR_IED_MarFidSuarez_Info_e384d7,PUR_IED_MarFidSuarez_Info_e384d7,,,,,
2026-09-12T07:01:18-05:00,PUR_IED_MarFidSuarez_S306_1d0032,PUR_IED_MarFidSuarez_S306_1d0032,,,,,
2026-09-12T07:01:18-05:00,PUR_IED_Menorah_301_2a25a3,PUR_IED_Menorah_301_2a25a3,,,,,
2026-09-12T07:01:18-05:00,PUR_IED_Menorah_306_37ed3,PUR_IED_Menorah_306_37ed3,,,,,
2026-09-12T07:01:18-05:00,PUR_IED_Menorah_Ext_3e155b,PUR_IED_Menorah_Ext_3e155b,,,,,
2026-09-12T07:01:18-05:00,PUR_IED_MinutoB.Aires_A11_1b1604,PUR_IED_MinutoB.Aires_A11_1b1604,,,,,
2026-09-12T07:01:18-05:00,PUR_IED_MinutoB.Aires_A12_fb5860,PUR_IED_MinutoB.Aires_A12_fb5860,,,,,
2026-09-12T07:01:18-05:00,PUR_IED_MinutoB.Aires_Ext_81293f,PUR_IED_MinutoB.Aires_Ext_81293f,,,,,
2026-09-12T07:01:18-05:00,PUR_IED_MinutoBAires_A11_1b1604,PUR_IED_MinutoBAires_A11_1b1604,,,,,
2026-09-12T07:01:18-05:00,PUR_IED_MinutoBAires_A12_fb5860,PUR_IED_MinutoBAires_A12_fb5860,,,,,
2026-09-12T07:01:18-05:00,PUR_IED_MinutoBAires_Ext_81293f,PUR_IED_MinutoBAires_Ext_81293f,,,,,
2026-09-12T07:01:18-05:00,PUR_IED_Montreal_Aula10_1e4959,PUR_IED_Montreal_Aula10_1e4959,,,,,
2026-09-12T07:01:18-05:00,PUR_IED_Montreal_Aula6_300367,PUR_IED_Montreal_Aula6_300367,,,,,
2026-09-12T07:01:18-05:00,PUR_IED_Montreal_Exterior_91a179,PUR_IED_Montreal_Exterior_91a179,,,,,
2026-09-12T07:01:18-05:00,PUR_IED_Mqgdalena_B202_5ddda3,PUR_IED_Mqgdalena_B202_5ddda3,,,,,
2026-09-12T07:01:18-05:00,PUR_IED_NACUND_Soc_dc8728,PUR_IED_NACUND_Soc_dc8728,,,,,
2026-09-12T07:01:18-05:00,PUR_IED_NACUND_ext_27ad97,PUR_IED_NACUND_ext_27ad97,,,,,
2026-09-12T07:01:18-05:00,PUR_IED_NEsperanza_Ext_d24b61,PUR_IED_NEsperanza_Ext_d24b61,,,,,
2026-09-12T07:01:18-05:00,PUR_IED_NEsperanza_SElect_7d1807,PUR_IED_NEsperanza_SElect_7d1807,,,,,
2026-09-12T07:01:18-05:00,PUR_IED_NEsperanza_SLabor_8b2d0a,PUR_IED_NEsperanza_SLabor_8b2d0a,,,,,
2026-09-12T07:01:18-05:00,PUR_IED_NacionesU_Ext_f661a9,PUR_IED_NacionesU_Ext_f661a9,,,,,
2026-09-12T07:01:18-05:00,PUR_IED_NacionesU_Quimica_66f0a,PUR_IED_NacionesU_Quimica_66f0a,,,,,
2026-09-12T07:01:18-05:00,PUR_IED_NacionesU_S306_1b4b3d,PUR_IED_NacionesU_S306_1b4b3d,,,,,
2026-09-12T07:01:18-05:00,PUR_IED_NestorFA_Ext_e4201c,PUR_IED_NestorFA_Ext_e4201c,,,,,
2026-09-12T07:01:18-05:00,PUR_IED_NestorFA_Laborato_f22fe0,PUR_IED_NestorFA_Laborato_f22fe0,,,,,
2026-09-12T07:01:18-05:00,PUR_IED_NestorFA_S204_dee996,PUR_IED_NestorFA_S204_dee996,,,,,
2026-09-12T07:01:18-05:00,PUR_IED_NidyaQT_Aula03_76999b,PUR_IED_NidyaQT_Aula03_76999b,,,,,
2026-09-12T07:01:18-05:00,PUR_IED_NidyaQT_Aula10_56325,PUR_IED_NidyaQT_Aula10_56325,,,,,
2026-09-12T07:01:18-05:00,PUR_IED_NidyaQT_Ext_46e32d,PUR_IED_NidyaQT_Ext_46e32d,,,,,
2026-09-12T07:01:18-05:00,PUR_IED_NuevaCol_Exterior_d9b859,PUR_IED_NuevaCol_Exterior_d9b859,,,,,
2026-09-12T07:01:18-05:00,PUR_IED_NuevaCol_S1101_76c43b,PUR_IED_NuevaCol_S1101_76c43b,,,,,
2026-09-12T07:01:18-05:00,PUR_IED_NuevaCol_S1102_1ce0b5,PUR_IED_NuevaCol_S1102_1ce0b5,,,,,
2026-09-12T07:01:18-05:00,PUR_IED_OEA_A202_f7e3f2,PUR_IED_OEA_A202_f7e3f2,,,,,
2026-09-12T07:01:18-05:00,PUR_IED_OEA_A203_7d1b8d,PUR_IED_OEA_A203_7d1b8d,,,,,
2026-09-12T07:01:18-05:00,PUR_IED_OEA_Ext_27b593,PUR_IED_OEA_Ext_27b593,,,,,
2026-09-12T07:01:18-05:00,PUR_IED_Ochoa_Ext_1c29da,PUR_IED_Ochoa_Ext_1c29da,4,14,99,4.503,-74.107201
2026-09-12T07:01:18-05:00,PUR_IED_Ochoa_S205_8b1121,PUR_IED_Ochoa_S205_8b1121,,,,,
2026-09-12T07:01:18-05:00,PUR_IED_Ochoa_Sistemas_f33af6,PUR_IED_Ochoa_Sistemas_f33af6,,,,,
2026-09-12T07:01:18-05:00,PUR_IED_PQuebec_Ext_1c67c7,PUR_IED_PQuebec_Ext_1c67c7,,,,,
2026-09-12T07:01:18-05:00,PUR_IED_PQuebec_S15_23e8e2,PUR_IED_PQuebec_S15_23e8e2,,,,,
2026-09-12T07:01:18-05:00,PUR_IED_PQuebec_S16_8ec76b,PUR_IED_PQuebec_S16_8ec76b,,,,,
2026-09-12T07:01:18-05:00,PUR_IED_PabloN_Ext_49dc96,PUR_IED_PabloN_Ext_49dc96,,,,,
2026-09-12T07:01:18-05:00,PUR_IED_PabloN_S1102_4e3df5,PUR_IED_PabloN_S1102_4e3df5,,,,,
2026-09-12T07:01:18-05:00,PUR_IED_PabloN_S1103_50c94b,PUR_IED_PabloN_S1103_50c94b,,,,,
2026-09-12T07:01:18-05:00,PUR_IED_Palestina_S1101_db9198,PUR_IED_Palestina_S1101_db9198,,,,,
2026-09-12T07:01:18-05:00,PUR_IED_Palestina_S1102_dc54fa,PUR_IED_Palestina_S1102_dc54fa,,,,,
2026-09-12T07:01:18-05:00,PUR_IED_Palestina_ext_4ccce6,PUR_IED_Palestina_ext_4ccce6,,,,,
2026-09-12T07:01:18-05:00,PUR_IED_Panama_Fisica_4d0794,PUR_IED_Panama_Fisica_4d0794,,,,,
2026-09-12T07:01:18-05:00,PUR_IED_Panama_SIngles_a4077e,PUR_IED_Panama_SIngles_a4077e,,,,,
2026-09-12T07:01:18-05:00,PUR_IED_Panama_ext_4c54b4,PUR_IED_Panama_ext_4c54b4,,,,,
2026-09-12T07:01:18-05:00,PUR_IED_ParaisoM_Exterior_8cd7f0,PUR_IED_ParaisoM_Exterior_8cd7f0,,,,,
2026-09-12T07:01:18-05:00,PUR_IED_ParaisoM_Laborato_27af35,PUR_IED_ParaisoM_Laborato_27af35,,,,,
2026-09-12T07:01:18-05:00,PUR_IED_ParaisoM_S304_d1edca,PUR_IED_ParaisoM_S304_d1edca,,,,,
2026-09-12T07:01:18-05:00,PUR_IED_PorfirioBarba_Ext_301466,PUR_IED_PorfirioBarba_Ext_301466,,,,,
2026-09-12T07:01:18-05:00,PUR_IED_PorfirioBarba_S11_df6cd2,PUR_IED_PorfirioBarba_S11_df6cd2,,,,,
2026-09-12T07:01:18-05:00,PUR_IED_PorfirioBarba_S29_27a7d6,PUR_IED_PorfirioBarba_S29_27a7d6,,,,,
2026-09-12T07:01:18-05:00,PUR_IED_PradoV_Exter_8b27ad,PUR_IED_PradoV_Exter_8b27ad,,,,,
2026-09-12T07:01:18-05:00,PUR_IED_PradoV_S301_de65b5,PUR_IED_PradoV_S301_de65b5,,,,,
2026-09-12T07:01:18-05:00,PUR_IED_PradoV_S302_7d2593,PUR_IED_PradoV_S302_7d2593,,,,,
2026-09-12T07:01:18-05:00,PUR_IED_QuirogaAlz_Ext_1ddc82,PUR_IED_QuirogaAlz_Ext_1ddc82,,,,,
2026-09-12T07:01:18-05:00,PUR_IED_QuirogaAlz_S302_9926a3,PUR_IED_QuirogaAlz_S302_9926a3,,,,,
2026-09-12T07:01:18-05:00,PUR_IED_QuirogaAlz_S305_cdf1f1,PUR_IED_QuirogaAlz_S305_cdf1f1,,,,,
2026-09-12T07:01:18-05:00,PUR_IED_RGuatemala_Biling_dc53b7,PUR_IED_RGuatemala_Biling_dc53b7,,,,,
2026-09-12T07:01:18-05:00,PUR_IED_RGuatemala_Ext_1b89a3,PUR_IED_RGuatemala_Ext_1b89a3,,,,,
2026-09-12T07:01:18-05:00,PUR_IED_RGuatemala_Tecnol_281a34,PUR_IED_RGuatemala_Tecnol_281a34,,,,,
2026-09-12T07:01:18-05:00,PUR_IED_RafaNu_Ext_f7c302,PUR_IED_RafaNu_Ext_f7c302,,,,,
2026-09-12T07:01:18-05:00,PUR_IED_RafaNu_S1101_25fde,PUR_IED_RafaNu_S1101_25fde,,,,,
2026-09-12T07:01:18-05:00,PUR_IED_RafaNu_S1102_281517,PUR_IED_RafaNu_S1102_281517,,,,,
2026-09-12T07:01:18-05:00,PUR_IED_RafaelB_S305_ee2783,PUR_IED_RafaelB_S305_ee2783,,,,,
2026-09-12T07:01:18-05:00,PUR_IED_RafaelB_S306_75fe33,PUR_IED_RafaelB_S306_75fe33,,,,,
2026-09-12T07:01:18-05:00,PUR_IED_RafaelB_ext_283336,PUR_IED_RafaelB_ext_283336,2,18,59,4.6722,-74.0737
2026-09-12T07:01:18-05:00,PUR_IED_RafaelUU_Exterior_281a51,PUR_IED_RafaelUU_Exterior_281a51,,,,,
2026-09-12T07:01:18-05:00,PUR_IED_RafaelUU_Human_806b2,PUR_IED_RafaelUU_Human_806b2,,,,,
2026-09-12T07:01:18-05:00,PUR_IED_RafaelUU_Mate2_5680d4,PUR_IED_RafaelUU_Mate2_5680d4,,,,,
2026-09-12T07:01:18-05:00,PUR_IED_RamonSub_Ext_f9eeb9,PUR_IED_RamonSub_Ext_f9eeb9,,,,,
2026-09-12T07:01:18-05:00,PUR_IED_RamonSub_Media_d1f62f,PUR_IED_RamonSub_Media_d1f62f,,,,,
2026-09-12T07:01:18-05:00,PUR_IED_RamonSub_planta_51b82,PUR_IED_RamonSub_planta_51b82,,,,,
2026-09-12T07:01:18-05:00,PUR_IED_RepBoliVene_Exter_27af7c,PUR_IED_RepBoliVene_Exter_27af7c,,,,,
2026-09-12T07:01:18-05:00,PUR_IED_RepBoliVene_SCPT_5ae2ee,PUR_IED_RepBoliVene_SCPT_5ae2ee,,,,,
2026-09-12T07:01:18-05:00,PUR_IED_RepBoliVene_Socia_4b11d5,PUR_IED_RepBoliVene_Socia_4b11d5,,,,,
2026-09-12T07:01:18-05:00,PUR_IED_RepChina_Ext_76d9ee,PUR_IED_RepChina_Ext_76d9ee,,,,,
2026-09-12T07:01:18-05:00,PUR_IED_RepChina_S404_7c804c,PUR_IED_RepChina_S404_7c804c,,,,,
2026-09-12T07:01:18-05:00,PUR_IED_RepChina_S405_df2c33,PUR_IED_RepChina_S405_df2c33,,,,,
2026-09-12T07:01:18-05:00,PUR_IED_RepublicaC_Exteri_7d1ec9,PUR_IED_RepublicaC_Exteri_7d1ec9,,,,,
2026-09-12T07:01:18-05:00,PUR_IED_RepublicaC_S1101_f544b3,PUR_IED_RepublicaC_S1101_f544b3,,,,,
2026-09-12T07:01:18-05:00,PUR_IED_RepublicaC_S1102_7aafc7,PUR_IED_RepublicaC_S1102_7aafc7,,,,,
2026-09-12T07:01:18-05:00,PUR_IED_Ricaurte_Externo_a0ea1,PUR_IED_Ricaurte_Externo_a0ea1,,,,,
2026-09-12T07:01:18-05:00,PUR_IED_Ricaurte_S210_f546fd,PUR_IED_Ricaurte_S210_f546fd,,,,,
2026-09-12T07:01:18-05:00,PUR_IED_Ricaurte_S309_d4452,PUR_IED_Ricaurte_S309_d4452,,,,,
2026-09-12T07:01:18-05:00,PUR_IED_RogelioS_1102_531e69,PUR_IED_RogelioS_1102_531e69,,,,,
2026-09-12T07:01:18-05:00,PUR_IED_RogelioS_Ext_f25a18,PUR_IED_RogelioS_Ext_f25a18,,,,,
2026-09-12T07:01:18-05:00,PUR_IED_SBernardino_Ext_27aff8,PUR_IED_SBernardino_Ext_27aff8,,,,,
2026-09-12T07:01:18-05:00,PUR_IED_SBernardino_SArte_2ffd33,PUR_IED_SBernardino_SArte_2ffd33,,,,,
2026-09-12T07:01:18-05:00,PUR_IED_SBernardino_SIngl_7c7da5,PUR_IED_SBernardino_SIngl_7c7da5,,,,,
2026-09-12T07:01:18-05:00,PUR_IED_Sago_auditorio_dc9d1d,PUR_IED_Sago_auditorio_dc9d1d,,,,,
2026-09-12T07:01:18-05:00,PUR_IED_Saludcoop_Ext_95aac3,PUR_IED_Saludcoop_Ext_95aac3,,,,,
2026-09-12T07:01:18-05:00,PUR_IED_Saludcoop_InfI_90c854,PUR_IED_Saludcoop_InfI_90c854,,,,,
2026-09-12T07:01:18-05:00,PUR_IED_Saludcoop_SMedia_1b93be,PUR_IED_Saludcoop_SMedia_1b93be,,,,,
2026-09-12T07:01:18-05:00,PUR_IED_SanCarlos_1101_1a2360,PUR_IED_SanCarlos_1101_1a2360,,,,,
2026-09-12T07:01:18-05:00,PUR_IED_SanCarlos_1103_7bafb5,PUR_IED_SanCarlos_1103_7bafb5,,,,,
2026-09-12T07:01:18-05:00,PUR_IED_SanCarlos_Ext_b7cd1,PUR_IED_SanCarlos_Ext_b7cd1,,,,,
2026-09-12T07:01:18-05:00,PUR_IED_SanIgnacioBosa11a_50c26e,PUR_IED_SanIgnacioBosa11a_50c26e,,,,,
2026-09-12T07:01:18-05:00,PUR_IED_SanIgnacioBosa11b_371de8,PUR_IED_SanIgnacioBosa11b_371de8,,,,,
2026-09-12T07:01:18-05:00,PUR_IED_SanIgnacioBosaExt_ef0ffc,PUR_IED_SanIgnacioBosaExt_ef0ffc,,,,,
2026-09-12T07:01:18-05:00,PUR_IED_SanIgnacioBosa_11a_50c26e,PUR_IED_SanIgnacioBosa_11a_50c26e,,,,,
2026-09-12T07:01:18-05:00,PUR_IED_SanIgnacioBosa_Ext_ef0ffc,PUR_IED_SanIgnacioBosa_Ext_ef0ffc,,,,,
2026-09-12T07:01:18-05:00,PUR_IED_SanJoseN_intS1101_31c47f,PUR_IED_SanJoseN_intS1101_31c47f,,,,,
2026-09-12T07:01:18-05:00,PUR_IED_SanJoseUsm_Exter_f5d7e8,PUR_IED_SanJoseUsm_Exter_f5d7e8,,,,,
2026-09-12T07:01:18-05:00,PUR_IED_SanJoseUsm_Int11A_cfdef6,PUR_IED_SanJoseUsm_Int11A_cfdef6,,,,,
2026-09-12T07:01:18-05:00,PUR_IED_SilveriaR_IntB5_905349,PUR_IED_SilveriaR_IntB5_905349,,,,,
2026-09-12T07:01:18-05:00,PUR_IED_SilveriaR_IntSD14_981f93,PUR_IED_SilveriaR_IntSD14_981f93,,,,,
2026-09-12T07:01:18-05:00,PUR_IED_SilveriaR_ext_2b651d,PUR_IED_SilveriaR_ext_2b651d,,,,,
2026-09-12T07:01:18-05:00,PUR_IED_SimonB_Exterior_913975,PUR_IED_SimonB_Exterior_913975,,,,,
2026-09-12T07:01:18-05:00,PUR_IED_SimonB_LabQuimi_c56908,PUR_IED_SimonB_LabQuimi_c56908,,,,,
2026-09-12T07:01:18-05:00,PUR_IED_SimonB_informatic_a28c1,PUR_IED_SimonB_informatic_a28c1,,,,,
2026-09-12T07:01:18-05:00,PUR_IED_Sorrento_1102_315f50,PUR_IED_Sorrento_1102_315f50,,,,,
2026-09-12T07:01:18-05:00,PUR_IED_Sorrento_Minte_214eab,PUR_IED_Sorrento_Minte_214eab,,,,,
2026-09-12T07:01:18-05:00,PUR_IED_Sorrento_ext_7c3a0a,PUR_IED_Sorrento_ext_7c3a0a,,,,,
2026-09-12T07:01:18-05:00,PUR_IED_Tabora_Ext_f048ae,PUR_IED_Tabora_Ext_f048ae,,,,,
2026-09-12T07:01:18-05:00,PUR_IED_Tabora_S1102_b07752,PUR_IED_Tabora_S1102_b07752,,,,,
2026-09-12T07:01:18-05:00,PUR_IED_Tabora_S1103_d988f5,PUR_IED_Tabora_S1103_d988f5,,,,,
2026-09-12T07:01:18-05:00,PUR_IED_Tenerife_Ext_1ab188,PUR_IED_Tenerife_Ext_1ab188,,,,,
2026-09-12T07:01:18-05:00,PUR_IED_Tenerife_SDanzas_7bc02e,PUR_IED_Tenerife_SDanzas_7bc02e,,,,,
2026-09-12T07:01:18-05:00,PUR_IED_Tenerife_SIngles_7cc277,PUR_IED_Tenerife_SIngles_7cc277,,,,,
2026-09-12T07:01:18-05:00,PUR_IED_Tibabuyes_Exter_f2683d,PUR_IED_Tibabuyes_Exter_f2683d,,,,,
2026-09-12T07:01:18-05:00,PUR_IED_Tibabuyes_S10_dc87a8,PUR_IED_Tibabuyes_S10_dc87a8,,,,,
2026-09-12T07:01:18-05:00,PUR_IED_Tibabuyes_S15_dc0526,PUR_IED_Tibabuyes_S15_dc0526,,,,,
2026-09-12T07:01:18-05:00,PUR_IED_UnionE_S301_a1043,PUR_IED_UnionE_S301_a1043,,,,,
2026-09-12T07:01:18-05:00,PUR_IED_UnionE_S307_ff6c2f,PUR_IED_UnionE_S307_ff6c2f,,,,,
2026-09-12T07:01:18-05:00,PUR_IED_UnionE__Ext_5e2468,PUR_IED_UnionE__Ext_5e2468,,,,,
2026-09-12T07:01:18-05:00,PUR_IED_VillaRica_Ext_75be7c,PUR_IED_VillaRica_Ext_75be7c,,,,,
2026-09-12T07:01:18-05:00,PUR_IED_VillaRica_S4_cc5dcd,PUR_IED_VillaRica_S4_cc5dcd,,,,,
2026-09-12T07:01:18-05:00,PUR_IED_VillaRica_Sesp_99f5c,PUR_IED_VillaRica_Sesp_99f5c,,,,,
2026-09-12T07:06:08-05:00,PUR_IED_20deJulio_1101_91b1b9,PUR_IED_20deJulio_1101_91b1b9,,,,,
2026-09-12T07:06:08-05:00,PUR_IED_20deJulio_1102_1cfcf9,PUR_IED_20deJulio_1102_1cfcf9,,,,,
2026-09-12T07:06:08-05:00,PUR_IED_20deJulio_Ext_ab60bd,PUR_IED_20deJulio_Ext_ab60bd,,,,,
2026-09-12T07:06:08-05:00,PUR_IED_AgustinFer_Ext_7b9b77,PUR_IED_AgustinFer_Ext_7b9b77,,,,,
2026-09-12T07:06:08-05:00,PUR_IED_AgustinFer_Info2_27b3a7,PUR_IED_AgustinFer_Info2_27b3a7,,,,,
2026-09-12T07:06:08-05:00,PUR_IED_AgustinFer_Sena_54b4eb,PUR_IED_AgustinFer_Sena_54b4eb,,,,,
2026-09-12T07:06:08-05:00,PUR_IED_AlexanderF_1102_caf07b,PUR_IED_AlexanderF_1102_caf07b,,,,,
2026-09-12T07:06:08-05:00,PUR_IED_AlexanderF_1103_c79e71,PUR_IED_AlexanderF_1103_c79e71,,,,,
2026-09-12T07:06:08-05:00,PUR_IED_AlexanderF_Ext_c5b18b,PUR_IED_AlexanderF_Ext_c5b18b,,,,,
2026-09-12T07:06:08-05:00,PUR_IED_AlfonsoLopez_Ext_281d77,PUR_IED_AlfonsoLopez_Ext_281d77,,,,,
2026-09-12T07:06:08-05:00,PUR_IED_AlfonsoLopez_LabF_888ce0,PUR_IED_AlfonsoLopez_LabF_888ce0,,,,,
2026-09-12T07:06:08-05:00,PUR_IED_AlfonsoLopez_SMed_df6a7f,PUR_IED_AlfonsoLopez_SMed_df6a7f,,,,,
2026-09-12T07:06:08-05:00,PUR_IED_AltamiraSO_A2_209f92,PUR_IED_AltamiraSO_A2_209f92,,,,,
2026-09-12T07:06:08-05:00,PUR_IED_AltamiraSO_Ext_186d66,PUR_IED_AltamiraSO_Ext_186d66,,,,,
2026-09-12T07:06:08-05:00,PUR_IED_AltamiraSO_Sistem_27afe1,PUR_IED_AltamiraSO_Sistem_27afe1,,,,,
2026-09-12T07:06:08-05:00,PUR_IED_AlvaroGom_LabQuim_813179,PUR_IED_AlvaroGom_LabQuim_813179,,,,,
2026-09-12T07:06:08-05:00,PUR_IED_AlvaroGomez_Ext_47c7ca,PUR_IED_AlvaroGomez_Ext_47c7ca,,,,,
2026-09-12T07:06:08-05:00,PUR_IED_AlvaroGomez_LabQuim_813179,PUR_IED_AlvaroGomez_LabQuim_813179,,,,,
2026-09-12T07:06:08-05:00,PUR_IED_AlvaroGomez_S23_7ba89f,PUR_IED_AlvaroGomez_S23_7ba89f,,,,,
2026-09-12T07:06:08-05:00,PUR_IED_Amistad_306_dc8728,PUR_IED_Amistad_306_dc8728,,,,,
2026-09-12T07:06:08-05:00,PUR_IED_Amistad_Ext_8cd55e,PUR_IED_Amistad_Ext_8cd55e,,,,,
2026-09-12T07:06:08-05:00,PUR_IED_Amistad_S202_a41169,PUR_IED_Amistad_S202_a41169,,,,,
2026-09-12T07:06:08-05:00,PUR_IED_AndresBello_Bio_fd5f5e,PUR_IED_AndresBello_Bio_fd5f5e,,,,,
2026-09-12T07:06:08-05:00,PUR_IED_AndresBello_ext_dcad65,PUR_IED_AndresBello_ext_dcad65,,,,,
2026-09-12T07:06:08-05:00,PUR_IED_AndresBello_port_eed3ec,PUR_IED_AndresBello_port_eed3ec,,,,,
2026-09-12T07:06:08-05:00,PUR_IED_AngelaR_11b_d90a6b,PUR_IED_AngelaR_11b_d90a6b,,,,,
2026-09-12T07:06:08-05:00,PUR_IED_AngelaR_ext_7cad3e,PUR_IED_AngelaR_ext_7cad3e,3,17,67,4.5825,-74.164497
2026-09-12T07:06:08-05:00,PUR_IED_AntJoseSucre_10mo_df2575,PUR_IED_AntJoseSucre_10mo_df2575,,,,,
2026-09-12T07:06:08-05:00,PUR_IED_AntJoseSucre_Ext_215b36,PUR_IED_AntJoseSucre_Ext_215b36,,,,,
2026-09-12T07:06:08-05:00,PUR_IED_AntJoseSucre_Lab_3139de,PUR_IED_AntJoseSucre_Lab_3139de,,,,,
2026-09-12T07:06:08-05:00,PUR_IED_AntonioGarcia_301_d6b188,PUR_IED_AntonioGarcia_301_d6b188,,,,,
2026-09-12T07:06:08-05:00,PUR_IED_AntonioGarcia_302_88a82,PUR_IED_AntonioGarcia_302_88a82,,,,,
2026-09-12T07:06:08-05:00,PUR_IED_AntonioGarcia_Ext_20950c,PUR_IED_AntonioGarcia_Ext_20950c,,,,,
2026-09-12T07:06:08-05:00,PUR_IED_AntonioVan_Aula2_6dea02,PUR_IED_AntonioVan_Aula2_6dea02,,,,,
2026-09-12T07:06:08-05:00,PUR_IED_AntonioVan_Aula5_f1557e,PUR_IED_AntonioVan_Aula5_f1557e,,,,,
2026-09-12T07:06:08-05:00,PUR_IED_AntonioVan_Ext_406f2f,PUR_IED_AntonioVan_Ext_406f2f,,,,,
2026-09-12T07:06:08-05:00,PUR_IED_Atabanzha_Ext_cc5af9,PUR_IED_Atabanzha_Ext_cc5af9,,,,,
2026-09-12T07:06:08-05:00,PUR_IED_Atabanzha_SA101_56c37,PUR_IED_Atabanzha_SA101_56c37,,,,,
2026-09-12T07:06:08-05:00,PUR_IED_Atabanzha_SB302_27b374,PUR_IED_Atabanzha_SB302_27b374,,,,,
2026-09-12T07:06:08-05:00,PUR_IED_Atahualpa_Ext_fc1748,PUR_IED_Atahualpa_Ext_fc1748,,,,,
2026-09-12T07:06:08-05:00,PUR_IED_Atahualpa_Informa_dc9a95,PUR_IED_Atahualpa_Informa_dc9a95,,,,,
2026-09-12T07:06:08-05:00,PUR_IED_Atahualpa_S1101_f98056,PUR_IED_Atahualpa_S1101_f98056,,,,,
2026-09-12T07:06:08-05:00,PUR_IED_Bellavista_Ext_f5aa74,PUR_IED_Bellavista_Ext_f5aa74,,,,,
2026-09-12T07:06:08-05:00,PUR_IED_Bilbao_11A_916c41,PUR_IED_Bilbao_11A_916c41,,,,,
2026-09-12T07:06:08-05:00,PUR_IED_Bilbao_Ext_fb579a,PUR_IED_Bilbao_Ext_fb579a,,,,,
2026-09-12T07:06:08-05:00,PUR_IED_BrasiliaU_A125_304280,PUR_IED_BrasiliaU_A125_304280,,,,,
2026-09-12T07:06:08-05:00,PUR_IED_BrasiliaU_A203_7c8ca5,PUR_IED_BrasiliaU_A203_7c8ca5,,,,,
2026-09-12T07:06:08-05:00,PUR_IED_BrasiliaU_Ext_8d6e9f,PUR_IED_BrasiliaU_Ext_8d6e9f,4,16,68,4.5175,-74.116302
2026-09-12T07:06:08-05:00,PUR_IED_Brasilia_Ext_fe6593,PUR_IED_Brasilia_Ext_fe6593,,,,,
2026-09-12T07:06:08-05:00,PUR_IED_Brasilia_S24_7c130d,PUR_IED_Brasilia_S24_7c130d,,,,,
2026-09-12T07:06:08-05:00,PUR_IED_Brasilia_S501_186a54,PUR_IED_Brasilia_S501_186a54,,,,,
2026-09-12T07:06:08-05:00,PUR_IED_CHARRY_EXT_f1d5cd,PUR_IED_CHARRY_EXT_f1d5cd,,,,,
2026-09-12T07:06:08-05:00,PUR_IED_CHARRY_INTDANZAS_7a08e6,PUR_IED_CHARRY_INTDANZAS_7a08e6,,,,,
2026-09-12T07:06:08-05:00,PUR_IED_CHARRY_INT_AULA20_dc998d,PUR_IED_CHARRY_INT_AULA20_dc998d,,,,,
2026-09-12T07:06:08-05:00,PUR_IED_COLVIV_1101_S25_7f520a,PUR_IED_COLVIV_1101_S25_7f520a,,,,,
2026-09-12T07:06:08-05:00,PUR_IED_COLVIV_1102_S16_f570ba,PUR_IED_COLVIV_1102_S16_f570ba,,,,,
2026-09-12T07:06:08-05:00,PUR_IED_COLVIV_Ext_1a26fa,PUR_IED_COLVIV_Ext_1a26fa,,,,,
2026-09-12T07:06:08-05:00,PUR_IED_CULPOP_301A_f660f3,PUR_IED_CULPOP_301A_f660f3,,,,,
2026-09-12T07:06:08-05:00,PUR_IED_CULPOP_303_568afe,PUR_IED_CULPOP_303_568afe,,,,,
2026-09-12T07:06:08-05:00,PUR_IED_CULPOP_Ext_e02ccb,PUR_IED_CULPOP_Ext_e02ccb,,,,,
2026-09-12T07:06:08-05:00,PUR_IED_CVillavicen_Ext_26eb58,PUR_IED_CVillavicen_Ext_26eb58,4,14,82,4.487,-74.102798
2026-09-12T07:06:08-05:00,PUR_IED_CVillavicen_Intel_1ce5c2,PUR_IED_CVillavicen_Intel_1ce5c2,,,,,
2026-09-12T07:06:08-05:00,PUR_IED_CVillavicen_Poliv_e0766c,PUR_IED_CVillavicen_Poliv_e0766c,,,,,
2026-09-12T07:06:08-05:00,PUR_IED_CVillavicen_int_1ba140,PUR_IED_CVillavicen_int_1ba140,,,,,
2026-09-12T07:06:08-05:00,PUR_IED_CVillavicen_intel_1ba140,PUR_IED_CVillavicen_intel_1ba140,,,,,
2026-09-12T07:06:08-05:00,PUR_IED_CarlosPizarro_Ext_e307cc,PUR_IED_CarlosPizarro_Ext_e307cc,,,,,
2026-09-12T07:06:08-05:00,PUR_IED_CarlosPizarro_L36_7e5cdb,PUR_IED_CarlosPizarro_L36_7e5cdb,,,,,
2026-09-12T07:06:08-05:00,PUR_IED_CarlosPizarro_L37_c8566c,PUR_IED_CarlosPizarro_L37_c8566c,,,,,
2026-09-12T07:06:08-05:00,PUR_IED_Castilla_Ext_cf35f,PUR_IED_Castilla_Ext_cf35f,,,,,
2026-09-12T07:06:08-05:00,PUR_IED_Castilla_SFisik_360e38,PUR_IED_Castilla_SFisik_360e38,,,,,
2026-09-12T07:06:08-05:00,PUR_IED_Castilla_Sc304_496fbf,PUR_IED_Castilla_Sc304_496fbf,,,,,
2026-09-12T07:06:08-05:00,PUR_IED_CervantesSa_Ext_6b57b,PUR_IED_CervantesSa_Ext_6b57b,3,16,73,4.5128,-74.117203
2026-09-12T07:06:08-05:00,PUR_IED_CervantesSa_S107_225c2b,PUR_IED_CervantesSa_S107_225c2b,,,,,
2026-09-12T07:06:08-05:00,PUR_IED_CervantesSa_S108_940925,PUR_IED_CervantesSa_S108_940925,,,,,
2026-09-12T07:06:08-05:00,PUR_IED_Charry_A20_f53e7c,PUR_IED_Charry_A20_f53e7c,,,,,
2026-09-12T07:06:08-05:00,PUR_IED_Charry_Ext_f1d5cd,PUR_IED_Charry_Ext_f1d5cd,,,,,
2026-09-12T07:06:08-05:00,PUR_IED_Charry_IntAula20_dc998d,PUR_IED_Charry_IntAula20_dc998d,,,,,
2026-09-12T07:06:08-05:00,PUR_IED_Charry_IntDanzas_7a08e6,PUR_IED_Charry_IntDanzas_7a08e6,,,,,
2026-09-12T07:06:08-05:00,PUR_IED_ClememciaC_203_43e2fc,PUR_IED_ClememciaC_203_43e2fc,,,,,
2026-09-12T07:06:08-05:00,PUR_IED_ClememciaC_Ext_1b411a,PUR_IED_ClememciaC_Ext_1b411a,,,,,
2026-09-12T07:06:08-05:00,PUR_IED_ClememciaC_Quimic_44b5fc,PUR_IED_ClememciaC_Quimic_44b5fc,,,,,
2026-09-12T07:06:08-05:00,PUR_IED_ClemenciaC_203_43e2fc,PUR_IED_ClemenciaC_203_43e2fc,,,,,
2026-09-12T07:06:08-05:00,PUR_IED_ClemenciaC_Ext_1b411a,PUR_IED_ClemenciaC_Ext_1b411a,,,,,
2026-09-12T07:06:08-05:00,PUR_IED_ClemenciaC_Quimic_44b5fc,PUR_IED_ClemenciaC_Quimic_44b5fc,,,,,
2026-09-12T07:06:08-05:00,PUR_IED_ColViva_1101_S25_7f520a,PUR_IED_ColViva_1101_S25_7f520a,,,,,
2026-09-12T07:06:08-05:00,PUR_IED_ColViva_1102_S16_f570ba,PUR_IED_ColViva_1102_S16_f570ba,,,,,
2026-09-12T07:06:08-05:00,PUR_IED_ColViva_Ext_1a26fa,PUR_IED_ColViva_Ext_1a26fa,,,,,
2026-09-12T07:06:08-05:00,PUR_IED_ColegioBici_Asist_7c8798,PUR_IED_ColegioBici_Asist_7c8798,,,,,
2026-09-12T07:06:08-05:00,PUR_IED_ColegioBici_Ext_25cbf6,PUR_IED_ColegioBici_Ext_25cbf6,,,,,
2026-09-12T07:06:08-05:00,PUR_IED_ColegioBici_LabQ_7b57db,PUR_IED_ColegioBici_LabQ_7b57db,,,,,
2026-09-12T07:06:08-05:00,PUR_IED_CostaRica_Ext_5e640,PUR_IED_CostaRica_Ext_5e640,,,,,
2026-09-12T07:06:08-05:00,PUR_IED_CostaRica_Quim1_766d1c,PUR_IED_CostaRica_Quim1_766d1c,,,,,
2026-09-12T07:06:08-05:00,PUR_IED_CostaRica__Fisica_6f0873,PUR_IED_CostaRica__Fisica_6f0873,,,,,
2026-09-12T07:06:08-05:00,PUR_IED_CulPopu_301A_f660f3,PUR_IED_CulPopu_301A_f660f3,,,,,
2026-09-12T07:06:08-05:00,PUR_IED_CulPopu_303_568afe,PUR_IED_CulPopu_303_568afe,,,,,
2026-09-12T07:06:08-05:00,PUR_IED_CulPopu_Ext_e02ccb,PUR_IED_CulPopu_Ext_e02ccb,,,,,
2026-09-12T07:06:08-05:00,PUR_IED_Cundinamarca_Ext_f15985,PUR_IED_Cundinamarca_Ext_f15985,,,,,
2026-09-12T07:06:08-05:00,PUR_IED_Cundinamarca_Info_7aa5d7,PUR_IED_Cundinamarca_Info_7aa5d7,,,,,
2026-09-12T07:06:08-05:00,PUR_IED_Cundinamarca_Tec2_f449c7,PUR_IED_Cundinamarca_Tec2_f449c7,,,,,
2026-09-12T07:06:08-05:00,PUR_IED_DiegoM_Aula1_27b314,PUR_IED_DiegoM_Aula1_27b314,,,,,
2026-09-12T07:06:08-05:00,PUR_IED_DiegoM_Ext_d80ac8,PUR_IED_DiegoM_Ext_d80ac8,,,,,
2026-09-12T07:06:08-05:00,PUR_IED_DiegoM_S25_da928f,PUR_IED_DiegoM_S25_da928f,,,,,
2026-09-12T07:06:08-05:00,PUR_IED_ELRODEO_360881,PUR_IED_ELRODEO_360881,,,,,
2026-09-12T07:06:08-05:00,PUR_IED_ELRODEO_ext_360881,PUR_IED_ELRODEO_ext_360881,,,,,
2026-09-12T07:06:08-05:00,PUR_IED_EduardoU_Ext_1c1969,PUR_IED_EduardoU_Ext_1c1969,,,,,
2026-09-12T07:06:08-05:00,PUR_IED_EduardoU_SCiencia_4dfb94,PUR_IED_EduardoU_SCiencia_4dfb94,,,,,
2026-09-12T07:06:08-05:00,PUR_IED_EduardoU_SQuimica_5a46e7,PUR_IED_EduardoU_SQuimica_5a46e7,,,,,
2026-09-12T07:06:08-05:00,PUR_IED_ElRodeo_Aula14_676984,PUR_IED_ElRodeo_Aula14_676984,,,,,
2026-09-12T07:06:08-05:00,PUR_IED_ElRodeo_Aula16_2dd35b,PUR_IED_ElRodeo_Aula16_2dd35b,,,,,
2026-09-12T07:06:08-05:00,PUR_IED_ElRodeo_Ext_360881,PUR_IED_ElRodeo_Ext_360881,,,,,
2026-09-12T07:06:08-05:00,PUR_IED_ElRodeo_Exterior_8c6d28,PUR_IED_ElRodeo_Exterior_8c6d28,,,,,
2026-09-12T07:06:08-05:00,PUR_IED_ElRodeo_ext_360881,PUR_IED_ElRodeo_ext_360881,,,,,
2026-09-12T07:06:08-05:00,PUR_IED_EmmaReyes_Ext_987625,PUR_IED_EmmaReyes_Ext_987625,6,21,53,4.6367,-74.1511
2026-09-12T07:06:08-05:00,PUR_IED_Ensueño_Ext_7f0250,PUR_IED_Ensueño_Ext_7f0250,,,,,
2026-09-12T07:06:08-05:00,PUR_IED_EscNormal_Ext_5fef3b,PUR_IED_EscNormal_Ext_5fef3b,2,18,61,4.5852,-74.096901
2026-09-12T07:06:08-05:00,PUR_IED_EscNormal_S309_5b263,PUR_IED_EscNormal_S309_5b263,,,,,
2026-09-12T07:06:08-05:00,PUR_IED_EscNormal_S310_27b3b8,PUR_IED_EscNormal_S310_27b3b8,,,,,
2026-09-12T07:06:08-05:00,PUR_IED_Evangelista_Conta_f6cd4f,PUR_IED_Evangelista_Conta_f6cd4f,,,,,
2026-09-12T07:06:08-05:00,PUR_IED_Evangelista_Cri_5e16a,PUR_IED_Evangelista_Cri_5e16a,,,,,
2026-09-12T07:06:08-05:00,PUR_IED_Evangelista_Exter_754066,PUR_IED_Evangelista_Exter_754066,,,,,
2026-09-12T07:06:08-05:00,PUR_IED_FMiranda_S209_5cc2a3,PUR_IED_FMiranda_S209_5cc2a3,,,,,
2026-09-12T07:06:08-05:00,PUR_IED_FMiranda_S303_19e344,PUR_IED_FMiranda_S303_19e344,,,,,
2026-09-12T07:06:08-05:00,PUR_IED_FMiranda_ext_f53e7c,PUR_IED_FMiranda_ext_f53e7c,,,,,
2026-09-12T07:06:08-05:00,PUR_IED_FabioLozano_Bibli_1cee05,PUR_IED_FabioLozano_Bibli_1cee05,,,,,
2026-09-12T07:06:08-05:00,PUR_IED_FabioLozano_Ext_6ea285,PUR_IED_FabioLozano_Ext_6ea285,,,,,
2026-09-12T07:06:08-05:00,PUR_IED_FabioLozano_SLudi_f09e1e,PUR_IED_FabioLozano_SLudi_f09e1e,,,,,
2026-09-12T07:06:08-05:00,PUR_IED_FaustinoS_Aula07_27a731,PUR_IED_FaustinoS_Aula07_27a731,,,,,
2026-09-12T07:06:08-05:00,PUR_IED_FaustinoS_Ext_7b936f,PUR_IED_FaustinoS_Ext_7b936f,,,,,
2026-09-12T07:06:08-05:00,PUR_IED_FaustinoS_Fisica_da2c60,PUR_IED_FaustinoS_Fisica_da2c60,,,,,
2026-09-12T07:06:08-05:00,PUR_IED_FeGarciaLo_Ext_dc68ee,PUR_IED_FeGarciaLo_Ext_dc68ee,,,,,
2026-09-12T07:06:08-05:00,PUR_IED_FeGarciaLo_SDanza_f70a59,PUR_IED_FeGarciaLo_SDanza_f70a59,,,,,
2026-09-12T07:06:08-05:00,PUR_IED_FeGarciaLo_SMusic_125cdd,PUR_IED_FeGarciaLo_SMusic_125cdd,,,,,
2026-09-12T07:06:08-05:00,PUR_IED_FederalAlema_Exte_50c345,PUR_IED_FederalAlema_Exte_50c345,,,,,
2026-09-12T07:06:08-05:00,PUR_IED_FederalAlema_S31_f18371,PUR_IED_FederalAlema_S31_f18371,,,,,
2026-09-12T07:06:08-05:00,PUR_IED_FederalAlema_S901_a62cd,PUR_IED_FederalAlema_S901_a62cd,,,,,
2026-09-12T07:06:08-05:00,PUR_IED_FilarmonicaS_A5_f35eb1,PUR_IED_FilarmonicaS_A5_f35eb1,,,,,
2026-09-12T07:06:08-05:00,PUR_IED_FilarmonicaS_Ext_8a3bde,PUR_IED_FilarmonicaS_Ext_8a3bde,,,,,
2026-09-12T07:06:08-05:00,PUR_IED_FilarmonicaS_Spol_406114,PUR_IED_FilarmonicaS_Spol_406114,,,,,
2026-09-12T07:06:08-05:00,PUR_IED_FlorentinoG_A13_d1fa59,PUR_IED_FlorentinoG_A13_d1fa59,,,,,
2026-09-12T07:06:08-05:00,PUR_IED_FlorentinoG_Ext_1ce6ce,PUR_IED_FlorentinoG_Ext_1ce6ce,,,,,
2026-09-12T07:06:08-05:00,PUR_IED_FlorentinoG_Idiom_a66aac,PUR_IED_FlorentinoG_Idiom_a66aac,,,,,
2026-09-12T07:06:08-05:00,PUR_IED_FranciscoMati_Ext_e3869d,PUR_IED_FranciscoMati_Ext_e3869d,,,,,
2026-09-12T07:06:08-05:00,PUR_IED_FranciscoMati_S13_f31c67,PUR_IED_FranciscoMati_S13_f31c67,,,,,
2026-09-12T07:06:08-05:00,PUR_IED_FranciscoMati_S14_97dead,PUR_IED_FranciscoMati_S14_97dead,,,,,
2026-09-12T07:06:08-05:00,PUR_IED_FranciscoPS_Ext_7bfa9a,PUR_IED_FranciscoPS_Ext_7bfa9a,2,18,63,4.5899,-74.110397
2026-09-12T07:06:08-05:00,PUR_IED_FranciscoPS_Infor_fb8f4c,PUR_IED_FranciscoPS_Infor_fb8f4c,,,,,
2026-09-12T07:06:08-05:00,PUR_IED_FranciscoPS_Quimi_94d39c,PUR_IED_FranciscoPS_Quimi_94d39c,,,,,
2026-09-12T07:06:08-05:00,PUR_IED_FranciscoP_LabQ_d7e148,PUR_IED_FranciscoP_LabQ_d7e148,,,,,
2026-09-12T07:06:08-05:00,PUR_IED_FranciscoP_S28_cf9b30,PUR_IED_FranciscoP_S28_cf9b30,,,,,
2026-09-12T07:06:08-05:00,PUR_IED_FranciscoP_ext_e2313,PUR_IED_FranciscoP_ext_e2313,,,,,
2026-09-12T07:06:08-05:00,PUR_IED_FriederichN_Ext_8ac92a,PUR_IED_FriederichN_Ext_8ac92a,,,,,
2026-09-12T07:06:08-05:00,PUR_IED_FriederichN_S301_dd7e5a,PUR_IED_FriederichN_S301_dd7e5a,,,,,
2026-09-12T07:06:08-05:00,PUR_IED_FriederichN_S308_761f4f,PUR_IED_FriederichN_S308_761f4f,,,,,
2026-09-12T07:06:08-05:00,PUR_IED_GSantander_Aula10_533dd7,PUR_IED_GSantander_Aula10_533dd7,,,,,
2026-09-12T07:06:08-05:00,PUR_IED_GSantander_Aula12_fd4e4f,PUR_IED_GSantander_Aula12_fd4e4f,,,,,
2026-09-12T07:06:08-05:00,PUR_IED_GSantander_Aula310_533dd7,PUR_IED_GSantander_Aula310_533dd7,,,,,
2026-09-12T07:06:08-05:00,PUR_IED_GSantander_Aula312_fd4e4f,PUR_IED_GSantander_Aula312_fd4e4f,,,,,
2026-09-12T07:06:08-05:00,PUR_IED_GSantander_Ext_5f66b0,PUR_IED_GSantander_Ext_5f66b0,,,,,
2026-09-12T07:06:08-05:00,PUR_IED_GYomasa_Ext_f6bea5,PUR_IED_GYomasa_Ext_f6bea5,,,,,
2026-09-12T07:06:08-05:00,PUR_IED_GYomasa_LBiol_2c41aa,PUR_IED_GYomasa_LBiol_2c41aa,,,,,
2026-09-12T07:06:08-05:00,PUR_IED_GYomasa_LQuim_33c80,PUR_IED_GYomasa_LQuim_33c80,,,,,
2026-09-12T07:06:08-05:00,PUR_IED_GabBetMejia_Cienc_5a99c,PUR_IED_GabBetMejia_Cienc_5a99c,,,,,
2026-09-12T07:06:08-05:00,PUR_IED_GabBetMejia_Ext_9153d0,PUR_IED_GabBetMejia_Ext_9153d0,,,,,
2026-09-12T07:06:08-05:00,PUR_IED_GabBetMejia_Lab_f55347,PUR_IED_GabBetMejia_Lab_f55347,,,,,
2026-09-12T07:06:08-05:00,PUR_IED_GabBetanMejia_Ext_9153d0,PUR_IED_GabBetanMejia_Ext_9153d0,,,,,
2026-09-12T07:06:08-05:00,PUR_IED_Gaitana_Aula13_7aac11,PUR_IED_Gaitana_Aula13_7aac11,,,,,
2026-09-12T07:06:08-05:00,PUR_IED_Gaitana_Ext_5fcf4,PUR_IED_Gaitana_Ext_5fcf4,,,,,
2026-09-12T07:06:08-05:00,PUR_IED_Gaitana_LabFisica_644448,PUR_IED_Gaitana_LabFisica_644448,,,,,
2026-09-12T07:06:08-05:00,PUR_IED_GenSantander_Dise_8ac858,PUR_IED_GenSantander_Dise_8ac858,,,,,
2026-09-12T07:06:08-05:00,PUR_IED_GenSantander_Ext_8d5dfe,PUR_IED_GenSantander_Ext_8d5dfe,,,,,
2026-09-12T07:06:08-05:00,PUR_IED_GenSantander_Info_6c25b,PUR_IED_GenSantander_Info_6c25b,,,,,
2026-09-12T07:06:08-05:00,PUR_IED_GustavoMo_Exterio_75e63d,PUR_IED_GustavoMo_Exterio_75e63d,,,,,
2026-09-12T07:06:08-05:00,PUR_IED_GustavoMo_LabFisi_224d37,PUR_IED_GustavoMo_LabFisi_224d37,,,,,
2026-09-12T07:06:08-05:00,PUR_IED_GustavoMo_S208_3e6918,PUR_IED_GustavoMo_S208_3e6918,,,,,
2026-09-12T07:06:08-05:00,PUR_IED_GustavoR_A02_8cd4a8,PUR_IED_GustavoR_A02_8cd4a8,,,,,
2026-09-12T07:06:08-05:00,PUR_IED_GustavoR_B11_5b0ed,PUR_IED_GustavoR_B11_5b0ed,,,,,
2026-09-12T07:06:08-05:00,PUR_IED_GustavoR_Ext_7a0c90,PUR_IED_GustavoR_Ext_7a0c90,,,,,
2026-09-12T07:06:08-05:00,PUR_IED_HernandoDuran_Ext_8cd82b,PUR_IED_HernandoDuran_Ext_8cd82b,,,,,
2026-09-12T07:06:08-05:00,PUR_IED_HernandoDuran_S24_2772c6,PUR_IED_HernandoDuran_S24_2772c6,,,,,
2026-09-12T07:06:08-05:00,PUR_IED_HernandoDuran_S30_f2de41,PUR_IED_HernandoDuran_S30_f2de41,,,,,
2026-09-12T07:06:08-05:00,PUR_IED_HolguInUr_S1101_8cd732,PUR_IED_HolguInUr_S1101_8cd732,,,,,
2026-09-12T07:06:08-05:00,PUR_IED_HolguinUr_Exter_ddae6d,PUR_IED_HolguinUr_Exter_ddae6d,,,,,
2026-09-12T07:06:08-05:00,PUR_IED_HolguinUr_LabQuim_92b952,PUR_IED_HolguinUr_LabQuim_92b952,,,,,
2026-09-12T07:06:08-05:00,PUR_IED_Isabel-II_Ext_5245cc,PUR_IED_Isabel-II_Ext_5245cc,4,18,62,4.6336,-74.153
2026-09-12T07:06:08-05:00,PUR_IED_Isabel-II_S_idiom_1c29aa,PUR_IED_Isabel-II_S_idiom_1c29aa,,,,,
2026-09-12T07:06:08-05:00,PUR_IED_Isabel-II_S_infor_fd741,PUR_IED_Isabel-II_S_infor_fd741,,,,,
2026-09-12T07:06:08-05:00,PUR_IED_IsidroSur_Exterio_5b90ea,PUR_IED_IsidroSur_Exterio_5b90ea,,,,,
2026-09-12T07:06:08-05:00,PUR_IED_IsidroSur_LabTec_56697a,PUR_IED_IsidroSur_LabTec_56697a,,,,,
2026-09-12T07:06:08-05:00,PUR_IED_IsidroSur_Robotic_b7c38f,PUR_IED_IsidroSur_Robotic_b7c38f,,,,,
2026-09-12T07:06:08-05:00,PUR_IED_IsmaelPerd_Ext_7b6672,PUR_IED_IsmaelPerd_Ext_7b6672,,,,,
2026-09-12T07:06:08-05:00,PUR_IED_IsmaelPerd_Inform_306540,PUR_IED_IsmaelPerd_Inform_306540,,,,,
2026-09-12T07:06:08-05:00,PUR_IED_IsmaelPerd_S30_2e2c83,PUR_IED_IsmaelPerd_S30_2e2c83,,,,,
2026-09-12T07:06:08-05:00,PUR_IED_JLozano_Exter_432910,PUR_IED_JLozano_Exter_432910,,,,,
2026-09-12T07:06:08-05:00,PUR_IED_JLozano_salaMulti_df5125,PUR_IED_JLozano_salaMulti_df5125,,,,,
2026-09-12T07:06:08-05:00,PUR_IED_JMCordoba_206_86f80b,PUR_IED_JMCordoba_206_86f80b,,,,,
2026-09-12T07:06:08-05:00,PUR_IED_JMCordoba_Ext_27ad97,PUR_IED_JMCordoba_Ext_27ad97,,,,,
2026-09-12T07:06:08-05:00,PUR_IED_JMCordoba_S310_d59ab4,PUR_IED_JMCordoba_S310_d59ab4,,,,,
2026-09-12T07:06:08-05:00,PUR_IED_Japon_Ext_549100,PUR_IED_Japon_Ext_549100,,,,,
2026-09-12T07:06:08-05:00,PUR_IED_Japon_Laboratorio_bec51d,PUR_IED_Japon_Laboratorio_bec51d,,,,,
2026-09-12T07:06:08-05:00,PUR_IED_Japon_informatica_d99327,PUR_IED_Japon_informatica_d99327,,,,,
2026-09-12T07:06:08-05:00,PUR_IED_Jazmin_Ext_d27bda,PUR_IED_Jazmin_Ext_d27bda,,,,,
2026-09-12T07:06:08-05:00,PUR_IED_Jazmin_Fisica_8d14d7,PUR_IED_Jazmin_Fisica_8d14d7,,,,,
2026-09-12T07:06:08-05:00,PUR_IED_Jazmin_Quimica_801cb5,PUR_IED_Jazmin_Quimica_801cb5,,,,,
2026-09-12T07:06:08-05:00,PUR_IED_JorgeGaitan_Exter_f098d1,PUR_IED_JorgeGaitan_Exter_f098d1,,,,,
2026-09-12T07:06:08-05:00,PUR_IED_JorgeGaitan_STec1_dc9d1d,PUR_IED_JorgeGaitan_STec1_dc9d1d,,,,,
2026-09-12T07:06:08-05:00,PUR_IED_JorgeGaitan_STec2_281e69,PUR_IED_JorgeGaitan_STec2_281e69,,,,,
2026-09-12T07:06:08-05:00,PUR_IED_JorgeSoto_Exterio_d9d0a2,PUR_IED_JorgeSoto_Exterio_d9d0a2,,,,,
2026-09-12T07:06:08-05:00,PUR_IED_JorgeSoto_LabFisi_209c54,PUR_IED_JorgeSoto_LabFisi_209c54,,,,,
2026-09-12T07:06:08-05:00,PUR_IED_JorgeSoto_S103_27b51a,PUR_IED_JorgeSoto_S103_27b51a,,,,,
2026-09-12T07:06:08-05:00,PUR_IED_JoseAcevedo_A02_e965eb,PUR_IED_JoseAcevedo_A02_e965eb,,,,,
2026-09-12T07:06:08-05:00,PUR_IED_JoseAcevedo_A07_dd5b4,PUR_IED_JoseAcevedo_A07_dd5b4,,,,,
2026-09-12T07:06:08-05:00,PUR_IED_JoseAcevedo_Ext_b47484,PUR_IED_JoseAcevedo_Ext_b47484,,,,,
2026-09-12T07:06:08-05:00,PUR_IED_JoseMarti_Exte_5b9bf,PUR_IED_JoseMarti_Exte_5b9bf,,,,,
2026-09-12T07:06:08-05:00,PUR_IED_JoseMarti_LabQuim_1c6c2d,PUR_IED_JoseMarti_LabQuim_1c6c2d,,,,,
2026-09-12T07:06:08-05:00,PUR_IED_JoseMarti_S_info_f5f177,PUR_IED_JoseMarti_S_info_f5f177,,,,,
2026-09-12T07:06:08-05:00,PUR_IED_Josejoaquin_Ext_dfc5dc,PUR_IED_Josejoaquin_Ext_dfc5dc,,,,,
2026-09-12T07:06:08-05:00,PUR_IED_Josejoaquin_S05_5b2a96,PUR_IED_Josejoaquin_S05_5b2a96,,,,,
2026-09-12T07:06:08-05:00,PUR_IED_Josejoaquin_S06_1ce7d2,PUR_IED_Josejoaquin_S06_1ce7d2,,,,,
2026-09-12T07:06:08-05:00,PUR_IED_JulioFlorez_Danza_9b82dd,PUR_IED_JulioFlorez_Danza_9b82dd,,,,,
2026-09-12T07:06:08-05:00,PUR_IED_JulioFlorez_Exter_f9f314,PUR_IED_JulioFlorez_Exter_f9f314,,,,,
2026-09-12T07:06:08-05:00,PUR_IED_JulioFlorez_info2_6b6e08,PUR_IED_JulioFlorez_info2_6b6e08,,,,,
2026-09-12T07:06:08-05:00,PUR_IED_LaBelleza_Aula13_1d00d8,PUR_IED_LaBelleza_Aula13_1d00d8,,,,,
2026-09-12T07:06:08-05:00,PUR_IED_LaBelleza_Ext_7bc08c,PUR_IED_LaBelleza_Ext_7bc08c,,,,,
2026-09-12T07:06:08-05:00,PUR_IED_LaChucua_Ext_8cd6d2,PUR_IED_LaChucua_Ext_8cd6d2,,,,,
2026-09-12T07:06:08-05:00,PUR_IED_LaChucua_S15_f578ce,PUR_IED_LaChucua_S15_f578ce,,,,,
2026-09-12T07:06:08-05:00,PUR_IED_LaChucua_S16_eebcf9,PUR_IED_LaChucua_S16_eebcf9,,,,,
2026-09-12T07:06:08-05:00,PUR_IED_LaFelicidad_Ext_fb5109,PUR_IED_LaFelicidad_Ext_fb5109,,,,,
2026-09-12T07:06:08-05:00,PUR_IED_LaMerced_206_66ebd,PUR_IED_LaMerced_206_66ebd,,,,,
2026-09-12T07:06:08-05:00,PUR_IED_LaMerced_207_6ebd6,PUR_IED_LaMerced_207_6ebd6,,,,,
2026-09-12T07:06:08-05:00,PUR_IED_LaMerced_ext_304311,PUR_IED_LaMerced_ext_304311,,,,,
2026-09-12T07:06:08-05:00,PUR_IED_Laureano_CiencNat_281e5e,PUR_IED_Laureano_CiencNat_281e5e,,,,,
2026-09-12T07:06:08-05:00,PUR_IED_Laureano_Comedor_f65c0a,PUR_IED_Laureano_Comedor_f65c0a,,,,,
2026-09-12T07:06:08-05:00,PUR_IED_Laureano_Exterior_7ab011,PUR_IED_Laureano_Exterior_7ab011,,,,,
2026-09-12T07:06:08-05:00,PUR_IED_LeonGreiff_Exte_dfe560,PUR_IED_LeonGreiff_Exte_dfe560,,,,,
2026-09-12T07:06:08-05:00,PUR_IED_LeonGreiff_S210_f264ed,PUR_IED_LeonGreiff_S210_f264ed,,,,,
2026-09-12T07:06:08-05:00,PUR_IED_LeonGreiff_SQuimi_e8296f,PUR_IED_LeonGreiff_SQuimi_e8296f,,,,,
2026-09-12T07:06:08-05:00,PUR_IED_LlanoOrientalS208_7b9fcd,PUR_IED_LlanoOrientalS208_7b9fcd,,,,,
2026-09-12T07:06:08-05:00,PUR_IED_LlanoOriental_Ext_fb3766,PUR_IED_LlanoOriental_Ext_fb3766,,,,,
2026-09-12T07:06:08-05:00,PUR_IED_LlanoOriental_S208_7b9fcd,PUR_IED_LlanoOriental_S208_7b9fcd,,,,,
2026-09-12T07:06:08-05:00,PUR_IED_LlanoOriental_S9_27b378,PUR_IED_LlanoOriental_S9_27b378,,,,,
2026-09-12T07:06:08-05:00,PUR_IED_LosTejares_1101_477602,PUR_IED_LosTejares_1101_477602,,,,,
2026-09-12T07:06:08-05:00,PUR_IED_LosTejares_11_d2c595,PUR_IED_LosTejares_11_d2c595,,,,,
2026-09-12T07:06:08-05:00,PUR_IED_LosTejares_12_477602,PUR_IED_LosTejares_12_477602,,,,,
2026-09-12T07:06:08-05:00,PUR_IED_LosTejares_Ext_8e2115,PUR_IED_LosTejares_Ext_8e2115,,,,,
2026-09-12T07:06:08-05:00,PUR_IED_MagdalenaO_B202_5ddda3,PUR_IED_MagdalenaO_B202_5ddda3,,,,,
2026-09-12T07:06:08-05:00,PUR_IED_MagdalenaO_B205_fb76e8,PUR_IED_MagdalenaO_B205_fb76e8,,,,,
2026-09-12T07:06:08-05:00,PUR_IED_MagdalenaO_ext_dc69cd,PUR_IED_MagdalenaO_ext_dc69cd,,,,,
2026-09-12T07:06:08-05:00,PUR_IED_ManueCepeda_artes_eee956,PUR_IED_ManueCepeda_artes_eee956,,,,,
2026-09-12T07:06:08-05:00,PUR_IED_ManuelCepeda_Ext_58313,PUR_IED_ManuelCepeda_Ext_58313,,,,,
2026-09-12T07:06:08-05:00,PUR_IED_ManuelCepeda_tec_1c5731,PUR_IED_ManuelCepeda_tec_1c5731,,,,,
2026-09-12T07:06:08-05:00,PUR_IED_ManuelS_Exterior_5b269,PUR_IED_ManuelS_Exterior_5b269,,,,,
2026-09-12T07:06:08-05:00,PUR_IED_ManuelS_Inform_f369ce,PUR_IED_ManuelS_Inform_f369ce,,,,,
2026-09-12T07:06:08-05:00,PUR_IED_ManuelS_SArtes_7d15f1,PUR_IED_ManuelS_SArtes_7d15f1,,,,,
2026-09-12T07:06:08-05:00,PUR_IED_ManuelZapata_303_3ca6,PUR_IED_ManuelZapata_303_3ca6,,,,,
2026-09-12T07:06:08-05:00,PUR_IED_ManuelZapata_311_bfbabc,PUR_IED_ManuelZapata_311_bfbabc,,,,,
2026-09-12T07:06:08-05:00,PUR_IED_ManuelZapata_Ext_50824a,PUR_IED_ManuelZapata_Ext_50824a,,,,,
2026-09-12T07:06:08-05:00,PUR_IED_ManuelitaS_Exteri_656a92,PUR_IED_ManuelitaS_Exteri_656a92,,,,,
2026-09-12T07:06:08-05:00,PUR_IED_ManuelitaS_JuzgDe_f58ec3,PUR_IED_ManuelitaS_JuzgDe_f58ec3,,,,,
2026-09-12T07:06:08-05:00,PUR_IED_ManuelitaS_Recrea_d793db,PUR_IED_ManuelitaS_Recrea_d793db,,,,,
2026-09-12T07:06:08-05:00,PUR_IED_MarFidSuarez_Ext_c27b19,PUR_IED_MarFidSuarez_Ext_c27b19,,,,,
2026-09-12T07:06:08-05:00,PUR_IED_MarFidSuarez_Info_e384d7,PUR_IED_MarFidSuarez_Info_e384d7,,,,,
2026-09-12T07:06:08-05:00,PUR_IED_MarFidSuarez_S306_1d0032,PUR_IED_MarFidSuarez_S306_1d0032,,,,,
2026-09-12T07:06:08-05:00,PUR_IED_Menorah_301_2a25a3,PUR_IED_Menorah_301_2a25a3,,,,,
2026-09-12T07:06:08-05:00,PUR_IED_Menorah_306_37ed3,PUR_IED_Menorah_306_37ed3,,,,,
2026-09-12T07:06:08-05:00,PUR_IED_Menorah_Ext_3e155b,PUR_IED_Menorah_Ext_3e155b,,,,,
2026-09-12T07:06:08-05:00,PUR_IED_MinutoB.Aires_A11_1b1604,PUR_IED_MinutoB.Aires_A11_1b1604,,,,,
2026-09-12T07:06:08-05:00,PUR_IED_MinutoB.Aires_A12_fb5860,PUR_IED_MinutoB.Aires_A12_fb5860,,,,,
2026-09-12T07:06:08-05:00,PUR_IED_MinutoB.Aires_Ext_81293f,PUR_IED_MinutoB.Aires_Ext_81293f,,,,,
2026-09-12T07:06:08-05:00,PUR_IED_MinutoBAires_A11_1b1604,PUR_IED_MinutoBAires_A11_1b1604,,,,,
2026-09-12T07:06:08-05:00,PUR_IED_MinutoBAires_A12_fb5860,PUR_IED_MinutoBAires_A12_fb5860,,,,,
2026-09-12T07:06:08-05:00,PUR_IED_MinutoBAires_Ext_81293f,PUR_IED_MinutoBAires_Ext_81293f,,,,,
2026-09-12T07:06:08-05:00,PUR_IED_Montreal_Aula10_1e4959,PUR_IED_Montreal_Aula10_1e4959,,,,,
2026-09-12T07:06:08-05:00,PUR_IED_Montreal_Aula6_300367,PUR_IED_Montreal_Aula6_300367,,,,,
2026-09-12T07:06:08-05:00,PUR_IED_Montreal_Exterior_91a179,PUR_IED_Montreal_Exterior_91a179,,,,,
2026-09-12T07:06:08-05:00,PUR_IED_Mqgdalena_B202_5ddda3,PUR_IED_Mqgdalena_B202_5ddda3,,,,,
2026-09-12T07:06:08-05:00,PUR_IED_NACUND_Soc_dc8728,PUR_IED_NACUND_Soc_dc8728,,,,,
2026-09-12T07:06:08-05:00,PUR_IED_NACUND_ext_27ad97,PUR_IED_NACUND_ext_27ad97,,,,,
2026-09-12T07:06:08-05:00,PUR_IED_NEsperanza_Ext_d24b61,PUR_IED_NEsperanza_Ext_d24b61,,,,,
2026-09-12T07:06:08-05:00,PUR_IED_NEsperanza_SElect_7d1807,PUR_IED_NEsperanza_SElect_7d1807,,,,,
2026-09-12T07:06:08-05:00,PUR_IED_NEsperanza_SLabor_8b2d0a,PUR_IED_NEsperanza_SLabor_8b2d0a,,,,,
2026-09-12T07:06:08-05:00,PUR_IED_NacionesU_Ext_f661a9,PUR_IED_NacionesU_Ext_f661a9,,,,,
2026-09-12T07:06:08-05:00,PUR_IED_NacionesU_Quimica_66f0a,PUR_IED_NacionesU_Quimica_66f0a,,,,,
2026-09-12T07:06:08-05:00,PUR_IED_NacionesU_S306_1b4b3d,PUR_IED_NacionesU_S306_1b4b3d,,,,,
2026-09-12T07:06:08-05:00,PUR_IED_NestorFA_Ext_e4201c,PUR_IED_NestorFA_Ext_e4201c,,,,,
2026-09-12T07:06:08-05:00,PUR_IED_NestorFA_Laborato_f22fe0,PUR_IED_NestorFA_Laborato_f22fe0,,,,,
2026-09-12T07:06:08-05:00,PUR_IED_NestorFA_S204_dee996,PUR_IED_NestorFA_S204_dee996,,,,,
2026-09-12T07:06:08-05:00,PUR_IED_NidyaQT_Aula03_76999b,PUR_IED_NidyaQT_Aula03_76999b,,,,,
2026-09-12T07:06:08-05:00,PUR_IED_NidyaQT_Aula10_56325,PUR_IED_NidyaQT_Aula10_56325,,,,,
2026-09-12T07:06:08-05:00,PUR_IED_NidyaQT_Ext_46e32d,PUR_IED_NidyaQT_Ext_46e32d,,,,,
2026-09-12T07:06:08-05:00,PUR_IED_NuevaCol_Exterior_d9b859,PUR_IED_NuevaCol_Exterior_d9b859,,,,,
2026-09-12T07:06:08-05:00,PUR_IED_NuevaCol_S1101_76c43b,PUR_IED_NuevaCol_S1101_76c43b,,,,,
2026-09-12T07:06:08-05:00,PUR_IED_NuevaCol_S1102_1ce0b5,PUR_IED_NuevaCol_S1102_1ce0b5,,,,,
2026-09-12T07:06:08-05:00,PUR_IED_OEA_A202_f7e3f2,PUR_IED_OEA_A202_f7e3f2,,,,,
2026-09-12T07:06:08-05:00,PUR_IED_OEA_A203_7d1b8d,PUR_IED_OEA_A203_7d1b8d,,,,,
2026-09-12T07:06:08-05:00,PUR_IED_OEA_Ext_27b593,PUR_IED_OEA_Ext_27b593,,,,,
2026-09-12T07:06:08-05:00,PUR_IED_Ochoa_Ext_1c29da,PUR_IED_Ochoa_Ext_1c29da,4,14,99,4.503,-74.107201
2026-09-12T07:06:08-05:00,PUR_IED_Ochoa_S205_8b1121,PUR_IED_Ochoa_S205_8b1121,,,,,
2026-09-12T07:06:08-05:00,PUR_IED_Ochoa_Sistemas_f33af6,PUR_IED_Ochoa_Sistemas_f33af6,,,,,
2026-09-12T07:06:08-05:00,PUR_IED_PQuebec_Ext_1c67c7,PUR_IED_PQuebec_Ext_1c67c7,,,,,
2026-09-12T07:06:08-05:00,PUR_IED_PQuebec_S15_23e8e2,PUR_IED_PQuebec_S15_23e8e2,,,,,
2026-09-12T07:06:08-05:00,PUR_IED_PQuebec_S16_8ec76b,PUR_IED_PQuebec_S16_8ec76b,,,,,
2026-09-12T07:06:08-05:00,PUR_IED_PabloN_Ext_49dc96,PUR_IED_PabloN_Ext_49dc96,,,,,
2026-09-12T07:06:08-05:00,PUR_IED_PabloN_S1102_4e3df5,PUR_IED_PabloN_S1102_4e3df5,,,,,
2026-09-12T07:06:08-05:00,PUR_IED_PabloN_S1103_50c94b,PUR_IED_PabloN_S1103_50c94b,,,,,
2026-09-12T07:06:08-05:00,PUR_IED_Palestina_S1101_db9198,PUR_IED_Palestina_S1101_db9198,,,,,
2026-09-12T07:06:08-05:00,PUR_IED_Palestina_S1102_dc54fa,PUR_IED_Palestina_S1102_dc54fa,,,,,
2026-09-12T07:06:08-05:00,PUR_IED_Palestina_ext_4ccce6,PUR_IED_Palestina_ext_4ccce6,,,,,
2026-09-12T07:06:08-05:00,PUR_IED_Panama_Fisica_4d0794,PUR_IED_Panama_Fisica_4d0794,,,,,
2026-09-12T07:06:08-05:00,PUR_IED_Panama_SIngles_a4077e,PUR_IED_Panama_SIngles_a4077e,,,,,
2026-09-12T07:06:08-05:00,PUR_IED_Panama_ext_4c54b4,PUR_IED_Panama_ext_4c54b4,,,,,
2026-09-12T07:06:08-05:00,PUR_IED_ParaisoM_Exterior_8cd7f0,PUR_IED_ParaisoM_Exterior_8cd7f0,,,,,
2026-09-12T07:06:08-05:00,PUR_IED_ParaisoM_Laborato_27af35,PUR_IED_ParaisoM_Laborato_27af35,,,,,
2026-09-12T07:06:08-05:00,PUR_IED_ParaisoM_S304_d1edca,PUR_IED_ParaisoM_S304_d1edca,,,,,
2026-09-12T07:06:08-05:00,PUR_IED_PorfirioBarba_Ext_301466,PUR_IED_PorfirioBarba_Ext_301466,,,,,
2026-09-12T07:06:08-05:00,PUR_IED_PorfirioBarba_S11_df6cd2,PUR_IED_PorfirioBarba_S11_df6cd2,,,,,
2026-09-12T07:06:08-05:00,PUR_IED_PorfirioBarba_S29_27a7d6,PUR_IED_PorfirioBarba_S29_27a7d6,,,,,
2026-09-12T07:06:08-05:00,PUR_IED_PradoV_Exter_8b27ad,PUR_IED_PradoV_Exter_8b27ad,,,,,
2026-09-12T07:06:08-05:00,PUR_IED_PradoV_S301_de65b5,PUR_IED_PradoV_S301_de65b5,,,,,
2026-09-12T07:06:08-05:00,PUR_IED_PradoV_S302_7d2593,PUR_IED_PradoV_S302_7d2593,,,,,
2026-09-12T07:06:08-05:00,PUR_IED_QuirogaAlz_Ext_1ddc82,PUR_IED_QuirogaAlz_Ext_1ddc82,,,,,
2026-09-12T07:06:08-05:00,PUR_IED_QuirogaAlz_S302_9926a3,PUR_IED_QuirogaAlz_S302_9926a3,,,,,
2026-09-12T07:06:08-05:00,PUR_IED_QuirogaAlz_S305_cdf1f1,PUR_IED_QuirogaAlz_S305_cdf1f1,,,,,
2026-09-12T07:06:08-05:00,PUR_IED_RGuatemala_Biling_dc53b7,PUR_IED_RGuatemala_Biling_dc53b7,,,,,
2026-09-12T07:06:08-05:00,PUR_IED_RGuatemala_Ext_1b89a3,PUR_IED_RGuatemala_Ext_1b89a3,,,,,
2026-09-12T07:06:08-05:00,PUR_IED_RGuatemala_Tecnol_281a34,PUR_IED_RGuatemala_Tecnol_281a34,,,,,
2026-09-12T07:06:08-05:00,PUR_IED_RafaNu_Ext_f7c302,PUR_IED_RafaNu_Ext_f7c302,,,,,
2026-09-12T07:06:08-05:00,PUR_IED_RafaNu_S1101_25fde,PUR_IED_RafaNu_S1101_25fde,,,,,
2026-09-12T07:06:08-05:00,PUR_IED_RafaNu_S1102_281517,PUR_IED_RafaNu_S1102_281517,,,,,
2026-09-12T07:06:08-05:00,PUR_IED_RafaelB_S305_ee2783,PUR_IED_RafaelB_S305_ee2783,,,,,
2026-09-12T07:06:08-05:00,PUR_IED_RafaelB_S306_75fe33,PUR_IED_RafaelB_S306_75fe33,,,,,
2026-09-12T07:06:08-05:00,PUR_IED_RafaelB_ext_283336,PUR_IED_RafaelB_ext_283336,2,18,60,4.6722,-74.0737
2026-09-12T07:06:08-05:00,PUR_IED_RafaelUU_Exterior_281a51,PUR_IED_RafaelUU_Exterior_281a51,,,,,
2026-09-12T07:06:08-05:00,PUR_IED_RafaelUU_Human_806b2,PUR_IED_RafaelUU_Human_806b2,,,,,
2026-09-12T07:06:08-05:00,PUR_IED_RafaelUU_Mate2_5680d4,PUR_IED_RafaelUU_Mate2_5680d4,,,,,
2026-09-12T07:06:08-05:00,PUR_IED_RamonSub_Ext_f9eeb9,PUR_IED_RamonSub_Ext_f9eeb9,,,,,
2026-09-12T07:06:08-05:00,PUR_IED_RamonSub_Media_d1f62f,PUR_IED_RamonSub_Media_d1f62f,,,,,
2026-09-12T07:06:08-05:00,PUR_IED_RamonSub_planta_51b82,PUR_IED_RamonSub_planta_51b82,,,,,
2026-09-12T07:06:08-05:00,PUR_IED_RepBoliVene_Exter_27af7c,PUR_IED_RepBoliVene_Exter_27af7c,,,,,
2026-09-12T07:06:08-05:00,PUR_IED_RepBoliVene_SCPT_5ae2ee,PUR_IED_RepBoliVene_SCPT_5ae2ee,,,,,
2026-09-12T07:06:08-05:00,PUR_IED_RepBoliVene_Socia_4b11d5,PUR_IED_RepBoliVene_Socia_4b11d5,,,,,
2026-09-12T07:06:08-05:00,PUR_IED_RepChina_Ext_76d9ee,PUR_IED_RepChina_Ext_76d9ee,,,,,
2026-09-12T07:06:08-05:00,PUR_IED_RepChina_S404_7c804c,PUR_IED_RepChina_S404_7c804c,,,,,
2026-09-12T07:06:08-05:00,PUR_IED_RepChina_S405_df2c33,PUR_IED_RepChina_S405_df2c33,,,,,
2026-09-12T07:06:08-05:00,PUR_IED_RepublicaC_Exteri_7d1ec9,PUR_IED_RepublicaC_Exteri_7d1ec9,,,,,
2026-09-12T07:06:08-05:00,PUR_IED_RepublicaC_S1101_f544b3,PUR_IED_RepublicaC_S1101_f544b3,,,,,
2026-09-12T07:06:08-05:00,PUR_IED_RepublicaC_S1102_7aafc7,PUR_IED_RepublicaC_S1102_7aafc7,,,,,
2026-09-12T07:06:08-05:00,PUR_IED_Ricaurte_Externo_a0ea1,PUR_IED_Ricaurte_Externo_a0ea1,,,,,
2026-09-12T07:06:08-05:00,PUR_IED_Ricaurte_S210_f546fd,PUR_IED_Ricaurte_S210_f546fd,,,,,
2026-09-12T07:06:08-05:00,PUR_IED_Ricaurte_S309_d4452,PUR_IED_Ricaurte_S309_d4452,,,,,
2026-09-12T07:06:08-05:00,PUR_IED_RogelioS_1102_531e69,PUR_IED_RogelioS_1102_531e69,,,,,
2026-09-12T07:06:08-05:00,PUR_IED_RogelioS_Ext_f25a18,PUR_IED_RogelioS_Ext_f25a18,,,,,
2026-09-12T07:06:08-05:00,PUR_IED_SBernardino_Ext_27aff8,PUR_IED_SBernardino_Ext_27aff8,,,,,
2026-09-12T07:06:08-05:00,PUR_IED_SBernardino_SArte_2ffd33,PUR_IED_SBernardino_SArte_2ffd33,,,,,
2026-09-12T07:06:08-05:00,PUR_IED_SBernardino_SIngl_7c7da5,PUR_IED_SBernardino_SIngl_7c7da5,,,,,
2026-09-12T07:06:08-05:00,PUR_IED_Sago_auditorio_dc9d1d,PUR_IED_Sago_auditorio_dc9d1d,,,,,
2026-09-12T07:06:08-05:00,PUR_IED_Saludcoop_Ext_95aac3,PUR_IED_Saludcoop_Ext_95aac3,,,,,
2026-09-12T07:06:08-05:00,PUR_IED_Saludcoop_InfI_90c854,PUR_IED_Saludcoop_InfI_90c854,,,,,
2026-09-12T07:06:08-05:00,PUR_IED_Saludcoop_SMedia_1b93be,PUR_IED_Saludcoop_SMedia_1b93be,,,,,
2026-09-12T07:06:08-05:00,PUR_IED_SanCarlos_1101_1a2360,PUR_IED_SanCarlos_1101_1a2360,,,,,
2026-09-12T07:06:08-05:00,PUR_IED_SanCarlos_1103_7bafb5,PUR_IED_SanCarlos_1103_7bafb5,,,,,
2026-09-12T07:06:08-05:00,PUR_IED_SanCarlos_Ext_b7cd1,PUR_IED_SanCarlos_Ext_b7cd1,,,,,
2026-09-12T07:06:08-05:00,PUR_IED_SanIgnacioBosa11a_50c26e,PUR_IED_SanIgnacioBosa11a_50c26e,,,,,
2026-09-12T07:06:08-05:00,PUR_IED_SanIgnacioBosa11b_371de8,PUR_IED_SanIgnacioBosa11b_371de8,,,,,
2026-09-12T07:06:08-05:00,PUR_IED_SanIgnacioBosaExt_ef0ffc,PUR_IED_SanIgnacioBosaExt_ef0ffc,,,,,
2026-09-12T07:06:08-05:00,PUR_IED_SanIgnacioBosa_11a_50c26e,PUR_IED_SanIgnacioBosa_11a_50c26e,,,,,
2026-09-12T07:06:08-05:00,PUR_IED_SanIgnacioBosa_Ext_ef0ffc,PUR_IED_SanIgnacioBosa_Ext_ef0ffc,,,,,
2026-09-12T07:06:08-05:00,PUR_IED_SanJoseN_intS1101_31c47f,PUR_IED_SanJoseN_intS1101_31c47f,,,,,
2026-09-12T07:06:08-05:00,PUR_IED_SanJoseUsm_Exter_f5d7e8,PUR_IED_SanJoseUsm_Exter_f5d7e8,,,,,
2026-09-12T07:06:08-05:00,PUR_IED_SanJoseUsm_Int11A_cfdef6,PUR_IED_SanJoseUsm_Int11A_cfdef6,,,,,
2026-09-12T07:06:08-05:00,PUR_IED_SilveriaR_IntB5_905349,PUR_IED_SilveriaR_IntB5_905349,,,,,
2026-09-12T07:06:08-05:00,PUR_IED_SilveriaR_IntSD14_981f93,PUR_IED_SilveriaR_IntSD14_981f93,,,,,
2026-09-12T07:06:08-05:00,PUR_IED_SilveriaR_ext_2b651d,PUR_IED_SilveriaR_ext_2b651d,,,,,
2026-09-12T07:06:08-05:00,PUR_IED_SimonB_Exterior_913975,PUR_IED_SimonB_Exterior_913975,,,,,
2026-09-12T07:06:08-05:00,PUR_IED_SimonB_LabQuimi_c56908,PUR_IED_SimonB_LabQuimi_c56908,,,,,
2026-09-12T07:06:08-05:00,PUR_IED_SimonB_informatic_a28c1,PUR_IED_SimonB_informatic_a28c1,,,,,
2026-09-12T07:06:08-05:00,PUR_IED_Sorrento_1102_315f50,PUR_IED_Sorrento_1102_315f50,,,,,
2026-09-12T07:06:08-05:00,PUR_IED_Sorrento_Minte_214eab,PUR_IED_Sorrento_Minte_214eab,,,,,
2026-09-12T07:06:08-05:00,PUR_IED_Sorrento_ext_7c3a0a,PUR_IED_Sorrento_ext_7c3a0a,,,,,
2026-09-12T07:06:08-05:00,PUR_IED_Tabora_Ext_f048ae,PUR_IED_Tabora_Ext_f048ae,,,,,
2026-09-12T07:06:08-05:00,PUR_IED_Tabora_S1102_b07752,PUR_IED_Tabora_S1102_b07752,,,,,
2026-09-12T07:06:08-05:00,PUR_IED_Tabora_S1103_d988f5,PUR_IED_Tabora_S1103_d988f5,,,,,
2026-09-12T07:06:08-05:00,PUR_IED_Tenerife_Ext_1ab188,PUR_IED_Tenerife_Ext_1ab188,,,,,
2026-09-12T07:06:08-05:00,PUR_IED_Tenerife_SDanzas_7bc02e,PUR_IED_Tenerife_SDanzas_7bc02e,,,,,
2026-09-12T07:06:08-05:00,PUR_IED_Tenerife_SIngles_7cc277,PUR_IED_Tenerife_SIngles_7cc277,,,,,
2026-09-12T07:06:08-05:00,PUR_IED_Tibabuyes_Exter_f2683d,PUR_IED_Tibabuyes_Exter_f2683d,,,,,
2026-09-12T07:06:08-05:00,PUR_IED_Tibabuyes_S10_dc87a8,PUR_IED_Tibabuyes_S10_dc87a8,,,,,
2026-09-12T07:06:08-05:00,PUR_IED_Tibabuyes_S15_dc0526,PUR_IED_Tibabuyes_S15_dc0526,,,,,
2026-09-12T07:06:08-05:00,PUR_IED_UnionE_S301_a1043,PUR_IED_UnionE_S301_a1043,,,,,
2026-09-12T07:06:08-05:00,PUR_IED_UnionE_S307_ff6c2f,PUR_IED_UnionE_S307_ff6c2f,,,,,
2026-09-12T07:06:08-05:00,PUR_IED_UnionE__Ext_5e2468,PUR_IED_UnionE__Ext_5e2468,,,,,
2026-09-12T07:06:08-05:00,PUR_IED_VillaRica_Ext_75be7c,PUR_IED_VillaRica_Ext_75be7c,,,,,
2026-09-12T07:06:08-05:00,PUR_IED_VillaRica_S4_cc5dcd,PUR_IED_VillaRica_S4_cc5dcd,,,,,
2026-09-12T07:06:08-05:00,PUR_IED_VillaRica_Sesp_99f5c,PUR_IED_VillaRica_Sesp_99f5c,,,,,
2026-09-12T07:11:09-05:00,PUR_IED_20deJulio_1101_91b1b9,PUR_IED_20deJulio_1101_91b1b9,,,,,
2026-09-12T07:11:09-05:00,PUR_IED_20deJulio_1102_1cfcf9,PUR_IED_20deJulio_1102_1cfcf9,,,,,
2026-09-12T07:11:09-05:00,PUR_IED_20deJulio_Ext_ab60bd,PUR_IED_20deJulio_Ext_ab60bd,,,,,
2026-09-12T07:11:09-05:00,PUR_IED_AgustinFer_Ext_7b9b77,PUR_IED_AgustinFer_Ext_7b9b77,,,,,
2026-09-12T07:11:09-05:00,PUR_IED_AgustinFer_Info2_27b3a7,PUR_IED_AgustinFer_Info2_27b3a7,,,,,
2026-09-12T07:11:09-05:00,PUR_IED_AgustinFer_Sena_54b4eb,PUR_IED_AgustinFer_Sena_54b4eb,,,,,
2026-09-12T07:11:09-05:00,PUR_IED_AlexanderF_1102_caf07b,PUR_IED_AlexanderF_1102_caf07b,,,,,
2026-09-12T07:11:09-05:00,PUR_IED_AlexanderF_1103_c79e71,PUR_IED_AlexanderF_1103_c79e71,,,,,
2026-09-12T07:11:09-05:00,PUR_IED_AlexanderF_Ext_c5b18b,PUR_IED_AlexanderF_Ext_c5b18b,,,,,
2026-09-12T07:11:09-05:00,PUR_IED_AlfonsoLopez_Ext_281d77,PUR_IED_AlfonsoLopez_Ext_281d77,,,,,
2026-09-12T07:11:09-05:00,PUR_IED_AlfonsoLopez_LabF_888ce0,PUR_IED_AlfonsoLopez_LabF_888ce0,,,,,
2026-09-12T07:11:09-05:00,PUR_IED_AlfonsoLopez_SMed_df6a7f,PUR_IED_AlfonsoLopez_SMed_df6a7f,,,,,
2026-09-12T07:11:09-05:00,PUR_IED_AltamiraSO_A2_209f92,PUR_IED_AltamiraSO_A2_209f92,,,,,
2026-09-12T07:11:09-05:00,PUR_IED_AltamiraSO_Ext_186d66,PUR_IED_AltamiraSO_Ext_186d66,,,,,
2026-09-12T07:11:09-05:00,PUR_IED_AltamiraSO_Sistem_27afe1,PUR_IED_AltamiraSO_Sistem_27afe1,,,,,
2026-09-12T07:11:09-05:00,PUR_IED_AlvaroGom_LabQuim_813179,PUR_IED_AlvaroGom_LabQuim_813179,,,,,
2026-09-12T07:11:09-05:00,PUR_IED_AlvaroGomez_Ext_47c7ca,PUR_IED_AlvaroGomez_Ext_47c7ca,,,,,
2026-09-12T07:11:09-05:00,PUR_IED_AlvaroGomez_LabQuim_813179,PUR_IED_AlvaroGomez_LabQuim_813179,,,,,
2026-09-12T07:11:09-05:00,PUR_IED_AlvaroGomez_S23_7ba89f,PUR_IED_AlvaroGomez_S23_7ba89f,,,,,
2026-09-12T07:11:09-05:00,PUR_IED_Amistad_306_dc8728,PUR_IED_Amistad_306_dc8728,,,,,
2026-09-12T07:11:09-05:00,PUR_IED_Amistad_Ext_8cd55e,PUR_IED_Amistad_Ext_8cd55e,,,,,
2026-09-12T07:11:09-05:00,PUR_IED_Amistad_S202_a41169,PUR_IED_Amistad_S202_a41169,,,,,
2026-09-12T07:11:09-05:00,PUR_IED_AndresBello_Bio_fd5f5e,PUR_IED_AndresBello_Bio_fd5f5e,,,,,
2026-09-12T07:11:09-05:00,PUR_IED_AndresBello_ext_dcad65,PUR_IED_AndresBello_ext_dcad65,,,,,
2026-09-12T07:11:09-05:00,PUR_IED_AndresBello_port_eed3ec,PUR_IED_AndresBello_port_eed3ec,,,,,
2026-09-12T07:11:09-05:00,PUR_IED_AngelaR_11b_d90a6b,PUR_IED_AngelaR_11b_d90a6b,,,,,
2026-09-12T07:11:09-05:00,PUR_IED_AngelaR_ext_7cad3e,PUR_IED_AngelaR_ext_7cad3e,3,17,67,4.5825,-74.164497
2026-09-12T07:11:09-05:00,PUR_IED_AntJoseSucre_10mo_df2575,PUR_IED_AntJoseSucre_10mo_df2575,,,,,
2026-09-12T07:11:09-05:00,PUR_IED_AntJoseSucre_Ext_215b36,PUR_IED_AntJoseSucre_Ext_215b36,,,,,
2026-09-12T07:11:09-05:00,PUR_IED_AntJoseSucre_Lab_3139de,PUR_IED_AntJoseSucre_Lab_3139de,,,,,
2026-09-12T07:11:09-05:00,PUR_IED_AntonioGarcia_301_d6b188,PUR_IED_AntonioGarcia_301_d6b188,,,,,
2026-09-12T07:11:09-05:00,PUR_IED_AntonioGarcia_302_88a82,PUR_IED_AntonioGarcia_302_88a82,,,,,
2026-09-12T07:11:09-05:00,PUR_IED_AntonioGarcia_Ext_20950c,PUR_IED_AntonioGarcia_Ext_20950c,,,,,
2026-09-12T07:11:09-05:00,PUR_IED_AntonioVan_Aula2_6dea02,PUR_IED_AntonioVan_Aula2_6dea02,,,,,
2026-09-12T07:11:09-05:00,PUR_IED_AntonioVan_Aula5_f1557e,PUR_IED_AntonioVan_Aula5_f1557e,,,,,
2026-09-12T07:11:09-05:00,PUR_IED_AntonioVan_Ext_406f2f,PUR_IED_AntonioVan_Ext_406f2f,,,,,
2026-09-12T07:11:09-05:00,PUR_IED_Atabanzha_Ext_cc5af9,PUR_IED_Atabanzha_Ext_cc5af9,,,,,
2026-09-12T07:11:09-05:00,PUR_IED_Atabanzha_SA101_56c37,PUR_IED_Atabanzha_SA101_56c37,,,,,
2026-09-12T07:11:09-05:00,PUR_IED_Atabanzha_SB302_27b374,PUR_IED_Atabanzha_SB302_27b374,,,,,
2026-09-12T07:11:09-05:00,PUR_IED_Atahualpa_Ext_fc1748,PUR_IED_Atahualpa_Ext_fc1748,,,,,
2026-09-12T07:11:09-05:00,PUR_IED_Atahualpa_Informa_dc9a95,PUR_IED_Atahualpa_Informa_dc9a95,,,,,
2026-09-12T07:11:09-05:00,PUR_IED_Atahualpa_S1101_f98056,PUR_IED_Atahualpa_S1101_f98056,,,,,
2026-09-12T07:11:09-05:00,PUR_IED_Bellavista_Ext_f5aa74,PUR_IED_Bellavista_Ext_f5aa74,,,,,
2026-09-12T07:11:09-05:00,PUR_IED_Bilbao_11A_916c41,PUR_IED_Bilbao_11A_916c41,,,,,
2026-09-12T07:11:09-05:00,PUR_IED_Bilbao_Ext_fb579a,PUR_IED_Bilbao_Ext_fb579a,,,,,
2026-09-12T07:11:09-05:00,PUR_IED_BrasiliaU_A125_304280,PUR_IED_BrasiliaU_A125_304280,,,,,
2026-09-12T07:11:09-05:00,PUR_IED_BrasiliaU_A203_7c8ca5,PUR_IED_BrasiliaU_A203_7c8ca5,,,,,
2026-09-12T07:11:09-05:00,PUR_IED_BrasiliaU_Ext_8d6e9f,PUR_IED_BrasiliaU_Ext_8d6e9f,4,16,67,4.5175,-74.116302
2026-09-12T07:11:09-05:00,PUR_IED_Brasilia_Ext_fe6593,PUR_IED_Brasilia_Ext_fe6593,,,,,
2026-09-12T07:11:09-05:00,PUR_IED_Brasilia_S24_7c130d,PUR_IED_Brasilia_S24_7c130d,,,,,
2026-09-12T07:11:09-05:00,PUR_IED_Brasilia_S501_186a54,PUR_IED_Brasilia_S501_186a54,,,,,
2026-09-12T07:11:09-05:00,PUR_IED_CHARRY_EXT_f1d5cd,PUR_IED_CHARRY_EXT_f1d5cd,,,,,
2026-09-12T07:11:09-05:00,PUR_IED_CHARRY_INTDANZAS_7a08e6,PUR_IED_CHARRY_INTDANZAS_7a08e6,,,,,
2026-09-12T07:11:09-05:00,PUR_IED_CHARRY_INT_AULA20_dc998d,PUR_IED_CHARRY_INT_AULA20_dc998d,,,,,
2026-09-12T07:11:09-05:00,PUR_IED_COLVIV_1101_S25_7f520a,PUR_IED_COLVIV_1101_S25_7f520a,,,,,
2026-09-12T07:11:09-05:00,PUR_IED_COLVIV_1102_S16_f570ba,PUR_IED_COLVIV_1102_S16_f570ba,,,,,
2026-09-12T07:11:09-05:00,PUR_IED_COLVIV_Ext_1a26fa,PUR_IED_COLVIV_Ext_1a26fa,,,,,
2026-09-12T07:11:09-05:00,PUR_IED_CULPOP_301A_f660f3,PUR_IED_CULPOP_301A_f660f3,,,,,
2026-09-12T07:11:09-05:00,PUR_IED_CULPOP_303_568afe,PUR_IED_CULPOP_303_568afe,,,,,
2026-09-12T07:11:09-05:00,PUR_IED_CULPOP_Ext_e02ccb,PUR_IED_CULPOP_Ext_e02ccb,,,,,
2026-09-12T07:11:09-05:00,PUR_IED_CVillavicen_Ext_26eb58,PUR_IED_CVillavicen_Ext_26eb58,4,14,82,4.487,-74.102798
2026-09-12T07:11:09-05:00,PUR_IED_CVillavicen_Intel_1ce5c2,PUR_IED_CVillavicen_Intel_1ce5c2,,,,,
2026-09-12T07:11:09-05:00,PUR_IED_CVillavicen_Poliv_e0766c,PUR_IED_CVillavicen_Poliv_e0766c,,,,,
2026-09-12T07:11:09-05:00,PUR_IED_CVillavicen_int_1ba140,PUR_IED_CVillavicen_int_1ba140,,,,,
2026-09-12T07:11:09-05:00,PUR_IED_CVillavicen_intel_1ba140,PUR_IED_CVillavicen_intel_1ba140,,,,,
2026-09-12T07:11:09-05:00,PUR_IED_CarlosPizarro_Ext_e307cc,PUR_IED_CarlosPizarro_Ext_e307cc,,,,,
2026-09-12T07:11:09-05:00,PUR_IED_CarlosPizarro_L36_7e5cdb,PUR_IED_CarlosPizarro_L36_7e5cdb,,,,,
2026-09-12T07:11:09-05:00,PUR_IED_CarlosPizarro_L37_c8566c,PUR_IED_CarlosPizarro_L37_c8566c,,,,,
2026-09-12T07:11:09-05:00,PUR_IED_Castilla_Ext_cf35f,PUR_IED_Castilla_Ext_cf35f,,,,,
2026-09-12T07:11:09-05:00,PUR_IED_Castilla_SFisik_360e38,PUR_IED_Castilla_SFisik_360e38,,,,,
2026-09-12T07:11:09-05:00,PUR_IED_Castilla_Sc304_496fbf,PUR_IED_Castilla_Sc304_496fbf,,,,,
2026-09-12T07:11:09-05:00,PUR_IED_CervantesSa_Ext_6b57b,PUR_IED_CervantesSa_Ext_6b57b,3,16,74,4.5128,-74.117203
2026-09-12T07:11:09-05:00,PUR_IED_CervantesSa_S107_225c2b,PUR_IED_CervantesSa_S107_225c2b,,,,,
2026-09-12T07:11:09-05:00,PUR_IED_CervantesSa_S108_940925,PUR_IED_CervantesSa_S108_940925,,,,,
2026-09-12T07:11:09-05:00,PUR_IED_Charry_A20_f53e7c,PUR_IED_Charry_A20_f53e7c,,,,,
2026-09-12T07:11:09-05:00,PUR_IED_Charry_Ext_f1d5cd,PUR_IED_Charry_Ext_f1d5cd,,,,,
2026-09-12T07:11:09-05:00,PUR_IED_Charry_IntAula20_dc998d,PUR_IED_Charry_IntAula20_dc998d,,,,,
2026-09-12T07:11:09-05:00,PUR_IED_Charry_IntDanzas_7a08e6,PUR_IED_Charry_IntDanzas_7a08e6,,,,,
2026-09-12T07:11:09-05:00,PUR_IED_ClememciaC_203_43e2fc,PUR_IED_ClememciaC_203_43e2fc,,,,,
2026-09-12T07:11:09-05:00,PUR_IED_ClememciaC_Ext_1b411a,PUR_IED_ClememciaC_Ext_1b411a,,,,,
2026-09-12T07:11:09-05:00,PUR_IED_ClememciaC_Quimic_44b5fc,PUR_IED_ClememciaC_Quimic_44b5fc,,,,,
2026-09-12T07:11:09-05:00,PUR_IED_ClemenciaC_203_43e2fc,PUR_IED_ClemenciaC_203_43e2fc,,,,,
2026-09-12T07:11:09-05:00,PUR_IED_ClemenciaC_Ext_1b411a,PUR_IED_ClemenciaC_Ext_1b411a,,,,,
2026-09-12T07:11:09-05:00,PUR_IED_ClemenciaC_Quimic_44b5fc,PUR_IED_ClemenciaC_Quimic_44b5fc,,,,,
2026-09-12T07:11:09-05:00,PUR_IED_ColViva_1101_S25_7f520a,PUR_IED_ColViva_1101_S25_7f520a,,,,,
2026-09-12T07:11:09-05:00,PUR_IED_ColViva_1102_S16_f570ba,PUR_IED_ColViva_1102_S16_f570ba,,,,,
2026-09-12T07:11:09-05:00,PUR_IED_ColViva_Ext_1a26fa,PUR_IED_ColViva_Ext_1a26fa,,,,,
2026-09-12T07:11:09-05:00,PUR_IED_ColegioBici_Asist_7c8798,PUR_IED_ColegioBici_Asist_7c8798,,,,,
2026-09-12T07:11:09-05:00,PUR_IED_ColegioBici_Ext_25cbf6,PUR_IED_ColegioBici_Ext_25cbf6,,,,,
2026-09-12T07:11:09-05:00,PUR_IED_ColegioBici_LabQ_7b57db,PUR_IED_ColegioBici_LabQ_7b57db,,,,,
2026-09-12T07:11:09-05:00,PUR_IED_CostaRica_Ext_5e640,PUR_IED_CostaRica_Ext_5e640,,,,,
2026-09-12T07:11:09-05:00,PUR_IED_CostaRica_Quim1_766d1c,PUR_IED_CostaRica_Quim1_766d1c,,,,,
2026-09-12T07:11:09-05:00,PUR_IED_CostaRica__Fisica_6f0873,PUR_IED_CostaRica__Fisica_6f0873,,,,,
2026-09-12T07:11:09-05:00,PUR_IED_CulPopu_301A_f660f3,PUR_IED_CulPopu_301A_f660f3,,,,,
2026-09-12T07:11:09-05:00,PUR_IED_CulPopu_303_568afe,PUR_IED_CulPopu_303_568afe,,,,,
2026-09-12T07:11:09-05:00,PUR_IED_CulPopu_Ext_e02ccb,PUR_IED_CulPopu_Ext_e02ccb,,,,,
2026-09-12T07:11:09-05:00,PUR_IED_Cundinamarca_Ext_f15985,PUR_IED_Cundinamarca_Ext_f15985,,,,,
2026-09-12T07:11:09-05:00,PUR_IED_Cundinamarca_Info_7aa5d7,PUR_IED_Cundinamarca_Info_7aa5d7,,,,,
2026-09-12T07:11:09-05:00,PUR_IED_Cundinamarca_Tec2_f449c7,PUR_IED_Cundinamarca_Tec2_f449c7,,,,,
2026-09-12T07:11:09-05:00,PUR_IED_DiegoM_Aula1_27b314,PUR_IED_DiegoM_Aula1_27b314,,,,,
2026-09-12T07:11:09-05:00,PUR_IED_DiegoM_Ext_d80ac8,PUR_IED_DiegoM_Ext_d80ac8,,,,,
2026-09-12T07:11:09-05:00,PUR_IED_DiegoM_S25_da928f,PUR_IED_DiegoM_S25_da928f,,,,,
2026-09-12T07:11:09-05:00,PUR_IED_ELRODEO_360881,PUR_IED_ELRODEO_360881,,,,,
2026-09-12T07:11:09-05:00,PUR_IED_ELRODEO_ext_360881,PUR_IED_ELRODEO_ext_360881,,,,,
2026-09-12T07:11:09-05:00,PUR_IED_EduardoU_Ext_1c1969,PUR_IED_EduardoU_Ext_1c1969,,,,,
2026-09-12T07:11:09-05:00,PUR_IED_EduardoU_SCiencia_4dfb94,PUR_IED_EduardoU_SCiencia_4dfb94,,,,,
2026-09-12T07:11:09-05:00,PUR_IED_EduardoU_SQuimica_5a46e7,PUR_IED_EduardoU_SQuimica_5a46e7,,,,,
2026-09-12T07:11:09-05:00,PUR_IED_ElRodeo_Aula14_676984,PUR_IED_ElRodeo_Aula14_676984,,,,,
2026-09-12T07:11:09-05:00,PUR_IED_ElRodeo_Aula16_2dd35b,PUR_IED_ElRodeo_Aula16_2dd35b,,,,,
2026-09-12T07:11:09-05:00,PUR_IED_ElRodeo_Ext_360881,PUR_IED_ElRodeo_Ext_360881,,,,,
2026-09-12T07:11:09-05:00,PUR_IED_ElRodeo_Exterior_8c6d28,PUR_IED_ElRodeo_Exterior_8c6d28,,,,,
2026-09-12T07:11:09-05:00,PUR_IED_ElRodeo_ext_360881,PUR_IED_ElRodeo_ext_360881,,,,,
2026-09-12T07:11:09-05:00,PUR_IED_EmmaReyes_Ext_987625,PUR_IED_EmmaReyes_Ext_987625,6,21,53,4.6367,-74.1511
2026-09-12T07:11:09-05:00,PUR_IED_Ensueño_Ext_7f0250,PUR_IED_Ensueño_Ext_7f0250,,,,,
2026-09-12T07:11:09-05:00,PUR_IED_EscNormal_Ext_5fef3b,PUR_IED_EscNormal_Ext_5fef3b,2,18,61,4.5852,-74.096901
2026-09-12T07:11:09-05:00,PUR_IED_EscNormal_S309_5b263,PUR_IED_EscNormal_S309_5b263,,,,,
2026-09-12T07:11:09-05:00,PUR_IED_EscNormal_S310_27b3b8,PUR_IED_EscNormal_S310_27b3b8,,,,,
2026-09-12T07:11:09-05:00,PUR_IED_Evangelista_Conta_f6cd4f,PUR_IED_Evangelista_Conta_f6cd4f,,,,,
2026-09-12T07:11:09-05:00,PUR_IED_Evangelista_Cri_5e16a,PUR_IED_Evangelista_Cri_5e16a,,,,,
2026-09-12T07:11:09-05:00,PUR_IED_Evangelista_Exter_754066,PUR_IED_Evangelista_Exter_754066,,,,,
2026-09-12T07:11:09-05:00,PUR_IED_FMiranda_S209_5cc2a3,PUR_IED_FMiranda_S209_5cc2a3,,,,,
2026-09-12T07:11:09-05:00,PUR_IED_FMiranda_S303_19e344,PUR_IED_FMiranda_S303_19e344,,,,,
2026-09-12T07:11:09-05:00,PUR_IED_FMiranda_ext_f53e7c,PUR_IED_FMiranda_ext_f53e7c,,,,,
2026-09-12T07:11:09-05:00,PUR_IED_FabioLozano_Bibli_1cee05,PUR_IED_FabioLozano_Bibli_1cee05,,,,,
2026-09-12T07:11:09-05:00,PUR_IED_FabioLozano_Ext_6ea285,PUR_IED_FabioLozano_Ext_6ea285,,,,,
2026-09-12T07:11:09-05:00,PUR_IED_FabioLozano_SLudi_f09e1e,PUR_IED_FabioLozano_SLudi_f09e1e,,,,,
2026-09-12T07:11:09-05:00,PUR_IED_FaustinoS_Aula07_27a731,PUR_IED_FaustinoS_Aula07_27a731,,,,,
2026-09-12T07:11:09-05:00,PUR_IED_FaustinoS_Ext_7b936f,PUR_IED_FaustinoS_Ext_7b936f,,,,,
2026-09-12T07:11:09-05:00,PUR_IED_FaustinoS_Fisica_da2c60,PUR_IED_FaustinoS_Fisica_da2c60,,,,,
2026-09-12T07:11:09-05:00,PUR_IED_FeGarciaLo_Ext_dc68ee,PUR_IED_FeGarciaLo_Ext_dc68ee,,,,,
2026-09-12T07:11:09-05:00,PUR_IED_FeGarciaLo_SDanza_f70a59,PUR_IED_FeGarciaLo_SDanza_f70a59,,,,,
2026-09-12T07:11:09-05:00,PUR_IED_FeGarciaLo_SMusic_125cdd,PUR_IED_FeGarciaLo_SMusic_125cdd,,,,,
2026-09-12T07:11:09-05:00,PUR_IED_FederalAlema_Exte_50c345,PUR_IED_FederalAlema_Exte_50c345,,,,,
2026-09-12T07:11:09-05:00,PUR_IED_FederalAlema_S31_f18371,PUR_IED_FederalAlema_S31_f18371,,,,,
2026-09-12T07:11:09-05:00,PUR_IED_FederalAlema_S901_a62cd,PUR_IED_FederalAlema_S901_a62cd,,,,,
2026-09-12T07:11:09-05:00,PUR_IED_FilarmonicaS_A5_f35eb1,PUR_IED_FilarmonicaS_A5_f35eb1,,,,,
2026-09-12T07:11:09-05:00,PUR_IED_FilarmonicaS_Ext_8a3bde,PUR_IED_FilarmonicaS_Ext_8a3bde,,,,,
2026-09-12T07:11:09-05:00,PUR_IED_FilarmonicaS_Spol_406114,PUR_IED_FilarmonicaS_Spol_406114,,,,,
2026-09-12T07:11:09-05:00,PUR_IED_FlorentinoG_A13_d1fa59,PUR_IED_FlorentinoG_A13_d1fa59,,,,,
2026-09-12T07:11:09-05:00,PUR_IED_FlorentinoG_Ext_1ce6ce,PUR_IED_FlorentinoG_Ext_1ce6ce,,,,,
2026-09-12T07:11:09-05:00,PUR_IED_FlorentinoG_Idiom_a66aac,PUR_IED_FlorentinoG_Idiom_a66aac,,,,,
2026-09-12T07:11:09-05:00,PUR_IED_FranciscoMati_Ext_e3869d,PUR_IED_FranciscoMati_Ext_e3869d,,,,,
2026-09-12T07:11:09-05:00,PUR_IED_FranciscoMati_S13_f31c67,PUR_IED_FranciscoMati_S13_f31c67,,,,,
2026-09-12T07:11:09-05:00,PUR_IED_FranciscoMati_S14_97dead,PUR_IED_FranciscoMati_S14_97dead,,,,,
2026-09-12T07:11:09-05:00,PUR_IED_FranciscoPS_Ext_7bfa9a,PUR_IED_FranciscoPS_Ext_7bfa9a,3,18,63,4.5899,-74.110397
2026-09-12T07:11:09-05:00,PUR_IED_FranciscoPS_Infor_fb8f4c,PUR_IED_FranciscoPS_Infor_fb8f4c,,,,,
2026-09-12T07:11:09-05:00,PUR_IED_FranciscoPS_Quimi_94d39c,PUR_IED_FranciscoPS_Quimi_94d39c,,,,,
2026-09-12T07:11:09-05:00,PUR_IED_FranciscoP_LabQ_d7e148,PUR_IED_FranciscoP_LabQ_d7e148,,,,,
2026-09-12T07:11:09-05:00,PUR_IED_FranciscoP_S28_cf9b30,PUR_IED_FranciscoP_S28_cf9b30,,,,,
2026-09-12T07:11:09-05:00,PUR_IED_FranciscoP_ext_e2313,PUR_IED_FranciscoP_ext_e2313,,,,,
2026-09-12T07:11:09-05:00,PUR_IED_FriederichN_Ext_8ac92a,PUR_IED_FriederichN_Ext_8ac92a,,,,,
2026-09-12T07:11:09-05:00,PUR_IED_FriederichN_S301_dd7e5a,PUR_IED_FriederichN_S301_dd7e5a,,,,,
2026-09-12T07:11:09-05:00,PUR_IED_FriederichN_S308_761f4f,PUR_IED_FriederichN_S308_761f4f,,,,,
2026-09-12T07:11:09-05:00,PUR_IED_GSantander_Aula10_533dd7,PUR_IED_GSantander_Aula10_533dd7,,,,,
2026-09-12T07:11:09-05:00,PUR_IED_GSantander_Aula12_fd4e4f,PUR_IED_GSantander_Aula12_fd4e4f,,,,,
2026-09-12T07:11:09-05:00,PUR_IED_GSantander_Aula310_533dd7,PUR_IED_GSantander_Aula310_533dd7,,,,,
2026-09-12T07:11:09-05:00,PUR_IED_GSantander_Aula312_fd4e4f,PUR_IED_GSantander_Aula312_fd4e4f,,,,,
2026-09-12T07:11:09-05:00,PUR_IED_GSantander_Ext_5f66b0,PUR_IED_GSantander_Ext_5f66b0,,,,,
2026-09-12T07:11:09-05:00,PUR_IED_GYomasa_Ext_f6bea5,PUR_IED_GYomasa_Ext_f6bea5,,,,,
2026-09-12T07:11:09-05:00,PUR_IED_GYomasa_LBiol_2c41aa,PUR_IED_GYomasa_LBiol_2c41aa,,,,,
2026-09-12T07:11:09-05:00,PUR_IED_GYomasa_LQuim_33c80,PUR_IED_GYomasa_LQuim_33c80,,,,,
2026-09-12T07:11:09-05:00,PUR_IED_GabBetMejia_Cienc_5a99c,PUR_IED_GabBetMejia_Cienc_5a99c,,,,,
2026-09-12T07:11:09-05:00,PUR_IED_GabBetMejia_Ext_9153d0,PUR_IED_GabBetMejia_Ext_9153d0,,,,,
2026-09-12T07:11:09-05:00,PUR_IED_GabBetMejia_Lab_f55347,PUR_IED_GabBetMejia_Lab_f55347,,,,,
2026-09-12T07:11:09-05:00,PUR_IED_GabBetanMejia_Ext_9153d0,PUR_IED_GabBetanMejia_Ext_9153d0,,,,,
2026-09-12T07:11:09-05:00,PUR_IED_Gaitana_Aula13_7aac11,PUR_IED_Gaitana_Aula13_7aac11,,,,,
2026-09-12T07:11:09-05:00,PUR_IED_Gaitana_Ext_5fcf4,PUR_IED_Gaitana_Ext_5fcf4,,,,,
2026-09-12T07:11:09-05:00,PUR_IED_Gaitana_LabFisica_644448,PUR_IED_Gaitana_LabFisica_644448,,,,,
2026-09-12T07:11:09-05:00,PUR_IED_GenSantander_Dise_8ac858,PUR_IED_GenSantander_Dise_8ac858,,,,,
2026-09-12T07:11:09-05:00,PUR_IED_GenSantander_Ext_8d5dfe,PUR_IED_GenSantander_Ext_8d5dfe,,,,,
2026-09-12T07:11:09-05:00,PUR_IED_GenSantander_Info_6c25b,PUR_IED_GenSantander_Info_6c25b,,,,,
2026-09-12T07:11:09-05:00,PUR_IED_GustavoMo_Exterio_75e63d,PUR_IED_GustavoMo_Exterio_75e63d,,,,,
2026-09-12T07:11:09-05:00,PUR_IED_GustavoMo_LabFisi_224d37,PUR_IED_GustavoMo_LabFisi_224d37,,,,,
2026-09-12T07:11:09-05:00,PUR_IED_GustavoMo_S208_3e6918,PUR_IED_GustavoMo_S208_3e6918,,,,,
2026-09-12T07:11:09-05:00,PUR_IED_GustavoR_A02_8cd4a8,PUR_IED_GustavoR_A02_8cd4a8,,,,,
2026-09-12T07:11:09-05:00,PUR_IED_GustavoR_B11_5b0ed,PUR_IED_GustavoR_B11_5b0ed,,,,,
2026-09-12T07:11:09-05:00,PUR_IED_GustavoR_Ext_7a0c90,PUR_IED_GustavoR_Ext_7a0c90,,,,,
2026-09-12T07:11:09-05:00,PUR_IED_HernandoDuran_Ext_8cd82b,PUR_IED_HernandoDuran_Ext_8cd82b,,,,,
2026-09-12T07:11:09-05:00,PUR_IED_HernandoDuran_S24_2772c6,PUR_IED_HernandoDuran_S24_2772c6,,,,,
2026-09-12T07:11:09-05:00,PUR_IED_HernandoDuran_S30_f2de41,PUR_IED_HernandoDuran_S30_f2de41,,,,,
2026-09-12T07:11:09-05:00,PUR_IED_HolguInUr_S1101_8cd732,PUR_IED_HolguInUr_S1101_8cd732,,,,,
2026-09-12T07:11:09-05:00,PUR_IED_HolguinUr_Exter_ddae6d,PUR_IED_HolguinUr_Exter_ddae6d,,,,,
2026-09-12T07:11:09-05:00,PUR_IED_HolguinUr_LabQuim_92b952,PUR_IED_HolguinUr_LabQuim_92b952,,,,,
2026-09-12T07:11:09-05:00,PUR_IED_Isabel-II_Ext_5245cc,PUR_IED_Isabel-II_Ext_5245cc,5,18,62,4.6336,-74.153
2026-09-12T07:11:09-05:00,PUR_IED_Isabel-II_S_idiom_1c29aa,PUR_IED_Isabel-II_S_idiom_1c29aa,,,,,
2026-09-12T07:11:09-05:00,PUR_IED_Isabel-II_S_infor_fd741,PUR_IED_Isabel-II_S_infor_fd741,,,,,
2026-09-12T07:11:09-05:00,PUR_IED_IsidroSur_Exterio_5b90ea,PUR_IED_IsidroSur_Exterio_5b90ea,,,,,
2026-09-12T07:11:09-05:00,PUR_IED_IsidroSur_LabTec_56697a,PUR_IED_IsidroSur_LabTec_56697a,,,,,
2026-09-12T07:11:09-05:00,PUR_IED_IsidroSur_Robotic_b7c38f,PUR_IED_IsidroSur_Robotic_b7c38f,,,,,
2026-09-12T07:11:09-05:00,PUR_IED_IsmaelPerd_Ext_7b6672,PUR_IED_IsmaelPerd_Ext_7b6672,,,,,
2026-09-12T07:11:09-05:00,PUR_IED_IsmaelPerd_Inform_306540,PUR_IED_IsmaelPerd_Inform_306540,,,,,
2026-09-12T07:11:09-05:00,PUR_IED_IsmaelPerd_S30_2e2c83,PUR_IED_IsmaelPerd_S30_2e2c83,,,,,
2026-09-12T07:11:09-05:00,PUR_IED_JLozano_Exter_432910,PUR_IED_JLozano_Exter_432910,,,,,
2026-09-12T07:11:09-05:00,PUR_IED_JLozano_salaMulti_df5125,PUR_IED_JLozano_salaMulti_df5125,,,,,
2026-09-12T07:11:09-05:00,PUR_IED_JMCordoba_206_86f80b,PUR_IED_JMCordoba_206_86f80b,,,,,
2026-09-12T07:11:09-05:00,PUR_IED_JMCordoba_Ext_27ad97,PUR_IED_JMCordoba_Ext_27ad97,,,,,
2026-09-12T07:11:09-05:00,PUR_IED_JMCordoba_S310_d59ab4,PUR_IED_JMCordoba_S310_d59ab4,,,,,
2026-09-12T07:11:09-05:00,PUR_IED_Japon_Ext_549100,PUR_IED_Japon_Ext_549100,,,,,
2026-09-12T07:11:09-05:00,PUR_IED_Japon_Laboratorio_bec51d,PUR_IED_Japon_Laboratorio_bec51d,,,,,
2026-09-12T07:11:09-05:00,PUR_IED_Japon_informatica_d99327,PUR_IED_Japon_informatica_d99327,,,,,
2026-09-12T07:11:09-05:00,PUR_IED_Jazmin_Ext_d27bda,PUR_IED_Jazmin_Ext_d27bda,,,,,
2026-09-12T07:11:09-05:00,PUR_IED_Jazmin_Fisica_8d14d7,PUR_IED_Jazmin_Fisica_8d14d7,,,,,
2026-09-12T07:11:09-05:00,PUR_IED_Jazmin_Quimica_801cb5,PUR_IED_Jazmin_Quimica_801cb5,,,,,
2026-09-12T07:11:09-05:00,PUR_IED_JorgeGaitan_Exter_f098d1,PUR_IED_JorgeGaitan_Exter_f098d1,,,,,
2026-09-12T07:11:09-05:00,PUR_IED_JorgeGaitan_STec1_dc9d1d,PUR_IED_JorgeGaitan_STec1_dc9d1d,,,,,
2026-09-12T07:11:09-05:00,PUR_IED_JorgeGaitan_STec2_281e69,PUR_IED_JorgeGaitan_STec2_281e69,,,,,
2026-09-12T07:11:09-05:00,PUR_IED_JorgeSoto_Exterio_d9d0a2,PUR_IED_JorgeSoto_Exterio_d9d0a2,,,,,
2026-09-12T07:11:09-05:00,PUR_IED_JorgeSoto_LabFisi_209c54,PUR_IED_JorgeSoto_LabFisi_209c54,,,,,
2026-09-12T07:11:09-05:00,PUR_IED_JorgeSoto_S103_27b51a,PUR_IED_JorgeSoto_S103_27b51a,,,,,
2026-09-12T07:11:09-05:00,PUR_IED_JoseAcevedo_A02_e965eb,PUR_IED_JoseAcevedo_A02_e965eb,,,,,
2026-09-12T07:11:09-05:00,PUR_IED_JoseAcevedo_A07_dd5b4,PUR_IED_JoseAcevedo_A07_dd5b4,,,,,
2026-09-12T07:11:09-05:00,PUR_IED_JoseAcevedo_Ext_b47484,PUR_IED_JoseAcevedo_Ext_b47484,,,,,
2026-09-12T07:11:09-05:00,PUR_IED_JoseMarti_Exte_5b9bf,PUR_IED_JoseMarti_Exte_5b9bf,,,,,
2026-09-12T07:11:09-05:00,PUR_IED_JoseMarti_LabQuim_1c6c2d,PUR_IED_JoseMarti_LabQuim_1c6c2d,,,,,
2026-09-12T07:11:09-05:00,PUR_IED_JoseMarti_S_info_f5f177,PUR_IED_JoseMarti_S_info_f5f177,,,,,
2026-09-12T07:11:09-05:00,PUR_IED_Josejoaquin_Ext_dfc5dc,PUR_IED_Josejoaquin_Ext_dfc5dc,,,,,
2026-09-12T07:11:09-05:00,PUR_IED_Josejoaquin_S05_5b2a96,PUR_IED_Josejoaquin_S05_5b2a96,,,,,
2026-09-12T07:11:09-05:00,PUR_IED_Josejoaquin_S06_1ce7d2,PUR_IED_Josejoaquin_S06_1ce7d2,,,,,
2026-09-12T07:11:09-05:00,PUR_IED_JulioFlorez_Danza_9b82dd,PUR_IED_JulioFlorez_Danza_9b82dd,,,,,
2026-09-12T07:11:09-05:00,PUR_IED_JulioFlorez_Exter_f9f314,PUR_IED_JulioFlorez_Exter_f9f314,,,,,
2026-09-12T07:11:09-05:00,PUR_IED_JulioFlorez_info2_6b6e08,PUR_IED_JulioFlorez_info2_6b6e08,,,,,
2026-09-12T07:11:09-05:00,PUR_IED_LaBelleza_Aula13_1d00d8,PUR_IED_LaBelleza_Aula13_1d00d8,,,,,
2026-09-12T07:11:09-05:00,PUR_IED_LaBelleza_Ext_7bc08c,PUR_IED_LaBelleza_Ext_7bc08c,,,,,
2026-09-12T07:11:09-05:00,PUR_IED_LaChucua_Ext_8cd6d2,PUR_IED_LaChucua_Ext_8cd6d2,,,,,
2026-09-12T07:11:09-05:00,PUR_IED_LaChucua_S15_f578ce,PUR_IED_LaChucua_S15_f578ce,,,,,
2026-09-12T07:11:09-05:00,PUR_IED_LaChucua_S16_eebcf9,PUR_IED_LaChucua_S16_eebcf9,,,,,
2026-09-12T07:11:09-05:00,PUR_IED_LaFelicidad_Ext_fb5109,PUR_IED_LaFelicidad_Ext_fb5109,,,,,
2026-09-12T07:11:09-05:00,PUR_IED_LaMerced_206_66ebd,PUR_IED_LaMerced_206_66ebd,,,,,
2026-09-12T07:11:09-05:00,PUR_IED_LaMerced_207_6ebd6,PUR_IED_LaMerced_207_6ebd6,,,,,
2026-09-12T07:11:09-05:00,PUR_IED_LaMerced_ext_304311,PUR_IED_LaMerced_ext_304311,,,,,
2026-09-12T07:11:09-05:00,PUR_IED_Laureano_CiencNat_281e5e,PUR_IED_Laureano_CiencNat_281e5e,,,,,
2026-09-12T07:11:09-05:00,PUR_IED_Laureano_Comedor_f65c0a,PUR_IED_Laureano_Comedor_f65c0a,,,,,
2026-09-12T07:11:09-05:00,PUR_IED_Laureano_Exterior_7ab011,PUR_IED_Laureano_Exterior_7ab011,,,,,
2026-09-12T07:11:09-05:00,PUR_IED_LeonGreiff_Exte_dfe560,PUR_IED_LeonGreiff_Exte_dfe560,,,,,
2026-09-12T07:11:09-05:00,PUR_IED_LeonGreiff_S210_f264ed,PUR_IED_LeonGreiff_S210_f264ed,,,,,
2026-09-12T07:11:09-05:00,PUR_IED_LeonGreiff_SQuimi_e8296f,PUR_IED_LeonGreiff_SQuimi_e8296f,,,,,
2026-09-12T07:11:09-05:00,PUR_IED_LlanoOrientalS208_7b9fcd,PUR_IED_LlanoOrientalS208_7b9fcd,,,,,
2026-09-12T07:11:09-05:00,PUR_IED_LlanoOriental_Ext_fb3766,PUR_IED_LlanoOriental_Ext_fb3766,,,,,
2026-09-12T07:11:09-05:00,PUR_IED_LlanoOriental_S208_7b9fcd,PUR_IED_LlanoOriental_S208_7b9fcd,,,,,
2026-09-12T07:11:09-05:00,PUR_IED_LlanoOriental_S9_27b378,PUR_IED_LlanoOriental_S9_27b378,,,,,
2026-09-12T07:11:09-05:00,PUR_IED_LosTejares_1101_477602,PUR_IED_LosTejares_1101_477602,,,,,
2026-09-12T07:11:09-05:00,PUR_IED_LosTejares_11_d2c595,PUR_IED_LosTejares_11_d2c595,,,,,
2026-09-12T07:11:09-05:00,PUR_IED_LosTejares_12_477602,PUR_IED_LosTejares_12_477602,,,,,
2026-09-12T07:11:09-05:00,PUR_IED_LosTejares_Ext_8e2115,PUR_IED_LosTejares_Ext_8e2115,,,,,
2026-09-12T07:11:09-05:00,PUR_IED_MagdalenaO_B202_5ddda3,PUR_IED_MagdalenaO_B202_5ddda3,,,,,
2026-09-12T07:11:09-05:00,PUR_IED_MagdalenaO_B205_fb76e8,PUR_IED_MagdalenaO_B205_fb76e8,,,,,
2026-09-12T07:11:09-05:00,PUR_IED_MagdalenaO_ext_dc69cd,PUR_IED_MagdalenaO_ext_dc69cd,,,,,
2026-09-12T07:11:09-05:00,PUR_IED_ManueCepeda_artes_eee956,PUR_IED_ManueCepeda_artes_eee956,,,,,
2026-09-12T07:11:09-05:00,PUR_IED_ManuelCepeda_Ext_58313,PUR_IED_ManuelCepeda_Ext_58313,,,,,
2026-09-12T07:11:09-05:00,PUR_IED_ManuelCepeda_tec_1c5731,PUR_IED_ManuelCepeda_tec_1c5731,,,,,
2026-09-12T07:11:09-05:00,PUR_IED_ManuelS_Exterior_5b269,PUR_IED_ManuelS_Exterior_5b269,,,,,
2026-09-12T07:11:09-05:00,PUR_IED_ManuelS_Inform_f369ce,PUR_IED_ManuelS_Inform_f369ce,,,,,
2026-09-12T07:11:09-05:00,PUR_IED_ManuelS_SArtes_7d15f1,PUR_IED_ManuelS_SArtes_7d15f1,,,,,
2026-09-12T07:11:09-05:00,PUR_IED_ManuelZapata_303_3ca6,PUR_IED_ManuelZapata_303_3ca6,,,,,
2026-09-12T07:11:09-05:00,PUR_IED_ManuelZapata_311_bfbabc,PUR_IED_ManuelZapata_311_bfbabc,,,,,
2026-09-12T07:11:09-05:00,PUR_IED_ManuelZapata_Ext_50824a,PUR_IED_ManuelZapata_Ext_50824a,,,,,
2026-09-12T07:11:09-05:00,PUR_IED_ManuelitaS_Exteri_656a92,PUR_IED_ManuelitaS_Exteri_656a92,,,,,
2026-09-12T07:11:09-05:00,PUR_IED_ManuelitaS_JuzgDe_f58ec3,PUR_IED_ManuelitaS_JuzgDe_f58ec3,,,,,
2026-09-12T07:11:09-05:00,PUR_IED_ManuelitaS_Recrea_d793db,PUR_IED_ManuelitaS_Recrea_d793db,,,,,
2026-09-12T07:11:09-05:00,PUR_IED_MarFidSuarez_Ext_c27b19,PUR_IED_MarFidSuarez_Ext_c27b19,,,,,
2026-09-12T07:11:09-05:00,PUR_IED_MarFidSuarez_Info_e384d7,PUR_IED_MarFidSuarez_Info_e384d7,,,,,
2026-09-12T07:11:09-05:00,PUR_IED_MarFidSuarez_S306_1d0032,PUR_IED_MarFidSuarez_S306_1d0032,,,,,
2026-09-12T07:11:09-05:00,PUR_IED_Menorah_301_2a25a3,PUR_IED_Menorah_301_2a25a3,,,,,
2026-09-12T07:11:09-05:00,PUR_IED_Menorah_306_37ed3,PUR_IED_Menorah_306_37ed3,,,,,
2026-09-12T07:11:09-05:00,PUR_IED_Menorah_Ext_3e155b,PUR_IED_Menorah_Ext_3e155b,,,,,
2026-09-12T07:11:09-05:00,PUR_IED_MinutoB.Aires_A11_1b1604,PUR_IED_MinutoB.Aires_A11_1b1604,,,,,
2026-09-12T07:11:09-05:00,PUR_IED_MinutoB.Aires_A12_fb5860,PUR_IED_MinutoB.Aires_A12_fb5860,,,,,
2026-09-12T07:11:09-05:00,PUR_IED_MinutoB.Aires_Ext_81293f,PUR_IED_MinutoB.Aires_Ext_81293f,,,,,
2026-09-12T07:11:09-05:00,PUR_IED_MinutoBAires_A11_1b1604,PUR_IED_MinutoBAires_A11_1b1604,,,,,
2026-09-12T07:11:09-05:00,PUR_IED_MinutoBAires_A12_fb5860,PUR_IED_MinutoBAires_A12_fb5860,,,,,
2026-09-12T07:11:09-05:00,PUR_IED_MinutoBAires_Ext_81293f,PUR_IED_MinutoBAires_Ext_81293f,,,,,
2026-09-12T07:11:09-05:00,PUR_IED_Montreal_Aula10_1e4959,PUR_IED_Montreal_Aula10_1e4959,,,,,
2026-09-12T07:11:09-05:00,PUR_IED_Montreal_Aula6_300367,PUR_IED_Montreal_Aula6_300367,,,,,
2026-09-12T07:11:09-05:00,PUR_IED_Montreal_Exterior_91a179,PUR_IED_Montreal_Exterior_91a179,,,,,
2026-09-12T07:11:09-05:00,PUR_IED_Mqgdalena_B202_5ddda3,PUR_IED_Mqgdalena_B202_5ddda3,,,,,
2026-09-12T07:11:09-05:00,PUR_IED_NACUND_Soc_dc8728,PUR_IED_NACUND_Soc_dc8728,,,,,
2026-09-12T07:11:09-05:00,PUR_IED_NACUND_ext_27ad97,PUR_IED_NACUND_ext_27ad97,,,,,
2026-09-12T07:11:09-05:00,PUR_IED_NEsperanza_Ext_d24b61,PUR_IED_NEsperanza_Ext_d24b61,,,,,
2026-09-12T07:11:09-05:00,PUR_IED_NEsperanza_SElect_7d1807,PUR_IED_NEsperanza_SElect_7d1807,,,,,
2026-09-12T07:11:09-05:00,PUR_IED_NEsperanza_SLabor_8b2d0a,PUR_IED_NEsperanza_SLabor_8b2d0a,,,,,
2026-09-12T07:11:09-05:00,PUR_IED_NacionesU_Ext_f661a9,PUR_IED_NacionesU_Ext_f661a9,,,,,
2026-09-12T07:11:09-05:00,PUR_IED_NacionesU_Quimica_66f0a,PUR_IED_NacionesU_Quimica_66f0a,,,,,
2026-09-12T07:11:09-05:00,PUR_IED_NacionesU_S306_1b4b3d,PUR_IED_NacionesU_S306_1b4b3d,,,,,
2026-09-12T07:11:09-05:00,PUR_IED_NestorFA_Ext_e4201c,PUR_IED_NestorFA_Ext_e4201c,,,,,
2026-09-12T07:11:09-05:00,PUR_IED_NestorFA_Laborato_f22fe0,PUR_IED_NestorFA_Laborato_f22fe0,,,,,
2026-09-12T07:11:09-05:00,PUR_IED_NestorFA_S204_dee996,PUR_IED_NestorFA_S204_dee996,,,,,
2026-09-12T07:11:09-05:00,PUR_IED_NidyaQT_Aula03_76999b,PUR_IED_NidyaQT_Aula03_76999b,,,,,
2026-09-12T07:11:09-05:00,PUR_IED_NidyaQT_Aula10_56325,PUR_IED_NidyaQT_Aula10_56325,,,,,
2026-09-12T07:11:09-05:00,PUR_IED_NidyaQT_Ext_46e32d,PUR_IED_NidyaQT_Ext_46e32d,,,,,
2026-09-12T07:11:09-05:00,PUR_IED_NuevaCol_Exterior_d9b859,PUR_IED_NuevaCol_Exterior_d9b859,,,,,
2026-09-12T07:11:09-05:00,PUR_IED_NuevaCol_S1101_76c43b,PUR_IED_NuevaCol_S1101_76c43b,,,,,
2026-09-12T07:11:09-05:00,PUR_IED_NuevaCol_S1102_1ce0b5,PUR_IED_NuevaCol_S1102_1ce0b5,,,,,
2026-09-12T07:11:09-05:00,PUR_IED_OEA_A202_f7e3f2,PUR_IED_OEA_A202_f7e3f2,,,,,
2026-09-12T07:11:09-05:00,PUR_IED_OEA_A203_7d1b8d,PUR_IED_OEA_A203_7d1b8d,,,,,
2026-09-12T07:11:09-05:00,PUR_IED_OEA_Ext_27b593,PUR_IED_OEA_Ext_27b593,,,,,
2026-09-12T07:11:09-05:00,PUR_IED_Ochoa_Ext_1c29da,PUR_IED_Ochoa_Ext_1c29da,3,14,99,4.503,-74.107201
2026-09-12T07:11:09-05:00,PUR_IED_Ochoa_S205_8b1121,PUR_IED_Ochoa_S205_8b1121,,,,,
2026-09-12T07:11:09-05:00,PUR_IED_Ochoa_Sistemas_f33af6,PUR_IED_Ochoa_Sistemas_f33af6,,,,,
2026-09-12T07:11:09-05:00,PUR_IED_PQuebec_Ext_1c67c7,PUR_IED_PQuebec_Ext_1c67c7,,,,,
2026-09-12T07:11:09-05:00,PUR_IED_PQuebec_S15_23e8e2,PUR_IED_PQuebec_S15_23e8e2,,,,,
2026-09-12T07:11:09-05:00,PUR_IED_PQuebec_S16_8ec76b,PUR_IED_PQuebec_S16_8ec76b,,,,,
2026-09-12T07:11:09-05:00,PUR_IED_PabloN_Ext_49dc96,PUR_IED_PabloN_Ext_49dc96,,,,,
2026-09-12T07:11:09-05:00,PUR_IED_PabloN_S1102_4e3df5,PUR_IED_PabloN_S1102_4e3df5,,,,,
2026-09-12T07:11:09-05:00,PUR_IED_PabloN_S1103_50c94b,PUR_IED_PabloN_S1103_50c94b,,,,,
2026-09-12T07:11:09-05:00,PUR_IED_Palestina_S1101_db9198,PUR_IED_Palestina_S1101_db9198,,,,,
2026-09-12T07:11:09-05:00,PUR_IED_Palestina_S1102_dc54fa,PUR_IED_Palestina_S1102_dc54fa,,,,,
2026-09-12T07:11:09-05:00,PUR_IED_Palestina_ext_4ccce6,PUR_IED_Palestina_ext_4ccce6,,,,,
2026-09-12T07:11:09-05:00,PUR_IED_Panama_Fisica_4d0794,PUR_IED_Panama_Fisica_4d0794,,,,,
2026-09-12T07:11:09-05:00,PUR_IED_Panama_SIngles_a4077e,PUR_IED_Panama_SIngles_a4077e,,,,,
2026-09-12T07:11:09-05:00,PUR_IED_Panama_ext_4c54b4,PUR_IED_Panama_ext_4c54b4,,,,,
2026-09-12T07:11:09-05:00,PUR_IED_ParaisoM_Exterior_8cd7f0,PUR_IED_ParaisoM_Exterior_8cd7f0,,,,,
2026-09-12T07:11:09-05:00,PUR_IED_ParaisoM_Laborato_27af35,PUR_IED_ParaisoM_Laborato_27af35,,,,,
2026-09-12T07:11:09-05:00,PUR_IED_ParaisoM_S304_d1edca,PUR_IED_ParaisoM_S304_d1edca,,,,,
2026-09-12T07:11:09-05:00,PUR_IED_PorfirioBarba_Ext_301466,PUR_IED_PorfirioBarba_Ext_301466,,,,,
2026-09-12T07:11:09-05:00,PUR_IED_PorfirioBarba_S11_df6cd2,PUR_IED_PorfirioBarba_S11_df6cd2,,,,,
2026-09-12T07:11:09-05:00,PUR_IED_PorfirioBarba_S29_27a7d6,PUR_IED_PorfirioBarba_S29_27a7d6,,,,,
2026-09-12T07:11:09-05:00,PUR_IED_PradoV_Exter_8b27ad,PUR_IED_PradoV_Exter_8b27ad,,,,,
2026-09-12T07:11:09-05:00,PUR_IED_PradoV_S301_de65b5,PUR_IED_PradoV_S301_de65b5,,,,,
2026-09-12T07:11:09-05:00,PUR_IED_PradoV_S302_7d2593,PUR_IED_PradoV_S302_7d2593,,,,,
2026-09-12T07:11:09-05:00,PUR_IED_QuirogaAlz_Ext_1ddc82,PUR_IED_QuirogaAlz_Ext_1ddc82,,,,,
2026-09-12T07:11:09-05:00,PUR_IED_QuirogaAlz_S302_9926a3,PUR_IED_QuirogaAlz_S302_9926a3,,,,,
2026-09-12T07:11:09-05:00,PUR_IED_QuirogaAlz_S305_cdf1f1,PUR_IED_QuirogaAlz_S305_cdf1f1,,,,,
2026-09-12T07:11:09-05:00,PUR_IED_RGuatemala_Biling_dc53b7,PUR_IED_RGuatemala_Biling_dc53b7,,,,,
2026-09-12T07:11:09-05:00,PUR_IED_RGuatemala_Ext_1b89a3,PUR_IED_RGuatemala_Ext_1b89a3,,,,,
2026-09-12T07:11:09-05:00,PUR_IED_RGuatemala_Tecnol_281a34,PUR_IED_RGuatemala_Tecnol_281a34,,,,,
2026-09-12T07:11:09-05:00,PUR_IED_RafaNu_Ext_f7c302,PUR_IED_RafaNu_Ext_f7c302,,,,,
2026-09-12T07:11:09-05:00,PUR_IED_RafaNu_S1101_25fde,PUR_IED_RafaNu_S1101_25fde,,,,,
2026-09-12T07:11:09-05:00,PUR_IED_RafaNu_S1102_281517,PUR_IED_RafaNu_S1102_281517,,,,,
2026-09-12T07:11:09-05:00,PUR_IED_RafaelB_S305_ee2783,PUR_IED_RafaelB_S305_ee2783,,,,,
2026-09-12T07:11:09-05:00,PUR_IED_RafaelB_S306_75fe33,PUR_IED_RafaelB_S306_75fe33,,,,,
2026-09-12T07:11:09-05:00,PUR_IED_RafaelB_ext_283336,PUR_IED_RafaelB_ext_283336,2,18,60,4.6722,-74.0737
2026-09-12T07:11:09-05:00,PUR_IED_RafaelUU_Exterior_281a51,PUR_IED_RafaelUU_Exterior_281a51,,,,,
2026-09-12T07:11:09-05:00,PUR_IED_RafaelUU_Human_806b2,PUR_IED_RafaelUU_Human_806b2,,,,,
2026-09-12T07:11:09-05:00,PUR_IED_RafaelUU_Mate2_5680d4,PUR_IED_RafaelUU_Mate2_5680d4,,,,,
2026-09-12T07:11:09-05:00,PUR_IED_RamonSub_Ext_f9eeb9,PUR_IED_RamonSub_Ext_f9eeb9,,,,,
2026-09-12T07:11:09-05:00,PUR_IED_RamonSub_Media_d1f62f,PUR_IED_RamonSub_Media_d1f62f,,,,,
2026-09-12T07:11:09-05:00,PUR_IED_RamonSub_planta_51b82,PUR_IED_RamonSub_planta_51b82,,,,,
2026-09-12T07:11:09-05:00,PUR_IED_RepBoliVene_Exter_27af7c,PUR_IED_RepBoliVene_Exter_27af7c,,,,,
2026-09-12T07:11:09-05:00,PUR_IED_RepBoliVene_SCPT_5ae2ee,PUR_IED_RepBoliVene_SCPT_5ae2ee,,,,,
2026-09-12T07:11:09-05:00,PUR_IED_RepBoliVene_Socia_4b11d5,PUR_IED_RepBoliVene_Socia_4b11d5,,,,,
2026-09-12T07:11:09-05:00,PUR_IED_RepChina_Ext_76d9ee,PUR_IED_RepChina_Ext_76d9ee,,,,,
2026-09-12T07:11:09-05:00,PUR_IED_RepChina_S404_7c804c,PUR_IED_RepChina_S404_7c804c,,,,,
2026-09-12T07:11:09-05:00,PUR_IED_RepChina_S405_df2c33,PUR_IED_RepChina_S405_df2c33,,,,,
2026-09-12T07:11:09-05:00,PUR_IED_RepublicaC_Exteri_7d1ec9,PUR_IED_RepublicaC_Exteri_7d1ec9,,,,,
2026-09-12T07:11:09-05:00,PUR_IED_RepublicaC_S1101_f544b3,PUR_IED_RepublicaC_S1101_f544b3,,,,,
2026-09-12T07:11:09-05:00,PUR_IED_RepublicaC_S1102_7aafc7,PUR_IED_RepublicaC_S1102_7aafc7,,,,,
2026-09-12T07:11:09-05:00,PUR_IED_Ricaurte_Externo_a0ea1,PUR_IED_Ricaurte_Externo_a0ea1,,,,,
2026-09-12T07:11:09-05:00,PUR_IED_Ricaurte_S210_f546fd,PUR_IED_Ricaurte_S210_f546fd,,,,,
2026-09-12T07:11:09-05:00,PUR_IED_Ricaurte_S309_d4452,PUR_IED_Ricaurte_S309_d4452,,,,,
2026-09-12T07:11:09-05:00,PUR_IED_RogelioS_1102_531e69,PUR_IED_RogelioS_1102_531e69,,,,,
2026-09-12T07:11:09-05:00,PUR_IED_RogelioS_Ext_f25a18,PUR_IED_RogelioS_Ext_f25a18,,,,,
2026-09-12T07:11:09-05:00,PUR_IED_SBernardino_Ext_27aff8,PUR_IED_SBernardino_Ext_27aff8,,,,,
2026-09-12T07:11:09-05:00,PUR_IED_SBernardino_SArte_2ffd33,PUR_IED_SBernardino_SArte_2ffd33,,,,,
2026-09-12T07:11:09-05:00,PUR_IED_SBernardino_SIngl_7c7da5,PUR_IED_SBernardino_SIngl_7c7da5,,,,,
2026-09-12T07:11:09-05:00,PUR_IED_Sago_auditorio_dc9d1d,PUR_IED_Sago_auditorio_dc9d1d,,,,,
2026-09-12T07:11:09-05:00,PUR_IED_Saludcoop_Ext_95aac3,PUR_IED_Saludcoop_Ext_95aac3,,,,,
2026-09-12T07:11:09-05:00,PUR_IED_Saludcoop_InfI_90c854,PUR_IED_Saludcoop_InfI_90c854,,,,,
2026-09-12T07:11:09-05:00,PUR_IED_Saludcoop_SMedia_1b93be,PUR_IED_Saludcoop_SMedia_1b93be,,,,,
2026-09-12T07:11:09-05:00,PUR_IED_SanCarlos_1101_1a2360,PUR_IED_SanCarlos_1101_1a2360,,,,,
2026-09-12T07:11:09-05:00,PUR_IED_SanCarlos_1103_7bafb5,PUR_IED_SanCarlos_1103_7bafb5,,,,,
2026-09-12T07:11:09-05:00,PUR_IED_SanCarlos_Ext_b7cd1,PUR_IED_SanCarlos_Ext_b7cd1,,,,,
2026-09-12T07:11:09-05:00,PUR_IED_SanIgnacioBosa11a_50c26e,PUR_IED_SanIgnacioBosa11a_50c26e,,,,,
2026-09-12T07:11:09-05:00,PUR_IED_SanIgnacioBosa11b_371de8,PUR_IED_SanIgnacioBosa11b_371de8,,,,,
2026-09-12T07:11:09-05:00,PUR_IED_SanIgnacioBosaExt_ef0ffc,PUR_IED_SanIgnacioBosaExt_ef0ffc,,,,,
2026-09-12T07:11:09-05:00,PUR_IED_SanIgnacioBosa_11a_50c26e,PUR_IED_SanIgnacioBosa_11a_50c26e,,,,,
2026-09-12T07:11:09-05:00,PUR_IED_SanIgnacioBosa_Ext_ef0ffc,PUR_IED_SanIgnacioBosa_Ext_ef0ffc,,,,,
2026-09-12T07:11:09-05:00,PUR_IED_SanJoseN_intS1101_31c47f,PUR_IED_SanJoseN_intS1101_31c47f,,,,,
2026-09-12T07:11:09-05:00,PUR_IED_SanJoseUsm_Exter_f5d7e8,PUR_IED_SanJoseUsm_Exter_f5d7e8,,,,,
2026-09-12T07:11:09-05:00,PUR_IED_SanJoseUsm_Int11A_cfdef6,PUR_IED_SanJoseUsm_Int11A_cfdef6,,,,,
2026-09-12T07:11:09-05:00,PUR_IED_SilveriaR_IntB5_905349,PUR_IED_SilveriaR_IntB5_905349,,,,,
2026-09-12T07:11:09-05:00,PUR_IED_SilveriaR_IntSD14_981f93,PUR_IED_SilveriaR_IntSD14_981f93,,,,,
2026-09-12T07:11:09-05:00,PUR_IED_SilveriaR_ext_2b651d,PUR_IED_SilveriaR_ext_2b651d,,,,,
2026-09-12T07:11:09-05:00,PUR_IED_SimonB_Exterior_913975,PUR_IED_SimonB_Exterior_913975,,,,,
2026-09-12T07:11:09-05:00,PUR_IED_SimonB_LabQuimi_c56908,PUR_IED_SimonB_LabQuimi_c56908,,,,,
2026-09-12T07:11:09-05:00,PUR_IED_SimonB_informatic_a28c1,PUR_IED_SimonB_informatic_a28c1,,,,,
2026-09-12T07:11:09-05:00,PUR_IED_Sorrento_1102_315f50,PUR_IED_Sorrento_1102_315f50,,,,,
2026-09-12T07:11:09-05:00,PUR_IED_Sorrento_Minte_214eab,PUR_IED_Sorrento_Minte_214eab,,,,,
2026-09-12T07:11:09-05:00,PUR_IED_Sorrento_ext_7c3a0a,PUR_IED_Sorrento_ext_7c3a0a,,,,,
2026-09-12T07:11:09-05:00,PUR_IED_Tabora_Ext_f048ae,PUR_IED_Tabora_Ext_f048ae,,,,,
2026-09-12T07:11:09-05:00,PUR_IED_Tabora_S1102_b07752,PUR_IED_Tabora_S1102_b07752,,,,,
2026-09-12T07:11:09-05:00,PUR_IED_Tabora_S1103_d988f5,PUR_IED_Tabora_S1103_d988f5,,,,,
2026-09-12T07:11:09-05:00,PUR_IED_Tenerife_Ext_1ab188,PUR_IED_Tenerife_Ext_1ab188,,,,,
2026-09-12T07:11:09-05:00,PUR_IED_Tenerife_SDanzas_7bc02e,PUR_IED_Tenerife_SDanzas_7bc02e,,,,,
2026-09-12T07:11:09-05:00,PUR_IED_Tenerife_SIngles_7cc277,PUR_IED_Tenerife_SIngles_7cc277,,,,,
2026-09-12T07:11:09-05:00,PUR_IED_Tibabuyes_Exter_f2683d,PUR_IED_Tibabuyes_Exter_f2683d,,,,,
2026-09-12T07:11:09-05:00,PUR_IED_Tibabuyes_S10_dc87a8,PUR_IED_Tibabuyes_S10_dc87a8,,,,,
2026-09-12T07:11:09-05:00,PUR_IED_Tibabuyes_S15_dc0526,PUR_IED_Tibabuyes_S15_dc0526,,,,,
2026-09-12T07:11:09-05:00,PUR_IED_UnionE_S301_a1043,PUR_IED_UnionE_S301_a1043,,,,,
2026-09-12T07:11:09-05:00,PUR_IED_UnionE_S307_ff6c2f,PUR_IED_UnionE_S307_ff6c2f,,,,,
2026-09-12T07:11:09-05:00,PUR_IED_UnionE__Ext_5e2468,PUR_IED_UnionE__Ext_5e2468,,,,,
2026-09-12T07:11:09-05:00,PUR_IED_VillaRica_Ext_75be7c,PUR_IED_VillaRica_Ext_75be7c,,,,,
2026-09-12T07:11:09-05:00,PUR_IED_VillaRica_S4_cc5dcd,PUR_IED_VillaRica_S4_cc5dcd,,,,,
2026-09-12T07:11:09-05:00,PUR_IED_VillaRica_Sesp_99f5c,PUR_IED_VillaRica_Sesp_99f5c,,,,,
2026-09-12T07:16:10-05:00,PUR_IED_20deJulio_1101_91b1b9,PUR_IED_20deJulio_1101_91b1b9,,,,,
2026-09-12T07:16:10-05:00,PUR_IED_20deJulio_1102_1cfcf9,PUR_IED_20deJulio_1102_1cfcf9,,,,,
2026-09-12T07:16:10-05:00,PUR_IED_20deJulio_Ext_ab60bd,PUR_IED_20deJulio_Ext_ab60bd,,,,,
2026-09-12T07:16:10-05:00,PUR_IED_AgustinFer_Ext_7b9b77,PUR_IED_AgustinFer_Ext_7b9b77,,,,,
2026-09-12T07:16:10-05:00,PUR_IED_AgustinFer_Info2_27b3a7,PUR_IED_AgustinFer_Info2_27b3a7,,,,,
2026-09-12T07:16:10-05:00,PUR_IED_AgustinFer_Sena_54b4eb,PUR_IED_AgustinFer_Sena_54b4eb,,,,,
2026-09-12T07:16:10-05:00,PUR_IED_AlexanderF_1102_caf07b,PUR_IED_AlexanderF_1102_caf07b,,,,,
2026-09-12T07:16:10-05:00,PUR_IED_AlexanderF_1103_c79e71,PUR_IED_AlexanderF_1103_c79e71,,,,,
2026-09-12T07:16:10-05:00,PUR_IED_AlexanderF_Ext_c5b18b,PUR_IED_AlexanderF_Ext_c5b18b,,,,,
2026-09-12T07:16:10-05:00,PUR_IED_AlfonsoLopez_Ext_281d77,PUR_IED_AlfonsoLopez_Ext_281d77,,,,,
2026-09-12T07:16:10-05:00,PUR_IED_AlfonsoLopez_LabF_888ce0,PUR_IED_AlfonsoLopez_LabF_888ce0,,,,,
2026-09-12T07:16:10-05:00,PUR_IED_AlfonsoLopez_SMed_df6a7f,PUR_IED_AlfonsoLopez_SMed_df6a7f,,,,,
2026-09-12T07:16:10-05:00,PUR_IED_AltamiraSO_A2_209f92,PUR_IED_AltamiraSO_A2_209f92,,,,,
2026-09-12T07:16:10-05:00,PUR_IED_AltamiraSO_Ext_186d66,PUR_IED_AltamiraSO_Ext_186d66,,,,,
2026-09-12T07:16:10-05:00,PUR_IED_AltamiraSO_Sistem_27afe1,PUR_IED_AltamiraSO_Sistem_27afe1,,,,,
2026-09-12T07:16:10-05:00,PUR_IED_AlvaroGom_LabQuim_813179,PUR_IED_AlvaroGom_LabQuim_813179,,,,,
2026-09-12T07:16:10-05:00,PUR_IED_AlvaroGomez_Ext_47c7ca,PUR_IED_AlvaroGomez_Ext_47c7ca,,,,,
2026-09-12T07:16:10-05:00,PUR_IED_AlvaroGomez_LabQuim_813179,PUR_IED_AlvaroGomez_LabQuim_813179,,,,,
2026-09-12T07:16:10-05:00,PUR_IED_AlvaroGomez_S23_7ba89f,PUR_IED_AlvaroGomez_S23_7ba89f,,,,,
2026-09-12T07:16:10-05:00,PUR_IED_Amistad_306_dc8728,PUR_IED_Amistad_306_dc8728,,,,,
2026-09-12T07:16:10-05:00,PUR_IED_Amistad_Ext_8cd55e,PUR_IED_Amistad_Ext_8cd55e,,,,,
2026-09-12T07:16:10-05:00,PUR_IED_Amistad_S202_a41169,PUR_IED_Amistad_S202_a41169,,,,,
2026-09-12T07:16:10-05:00,PUR_IED_AndresBello_Bio_fd5f5e,PUR_IED_AndresBello_Bio_fd5f5e,,,,,
2026-09-12T07:16:10-05:00,PUR_IED_AndresBello_ext_dcad65,PUR_IED_AndresBello_ext_dcad65,,,,,
2026-09-12T07:16:10-05:00,PUR_IED_AndresBello_port_eed3ec,PUR_IED_AndresBello_port_eed3ec,,,,,
2026-09-12T07:16:10-05:00,PUR_IED_AngelaR_11b_d90a6b,PUR_IED_AngelaR_11b_d90a6b,,,,,
2026-09-12T07:16:10-05:00,PUR_IED_AngelaR_ext_7cad3e,PUR_IED_AngelaR_ext_7cad3e,4,17,67,4.5825,-74.164497
2026-09-12T07:16:10-05:00,PUR_IED_AntJoseSucre_10mo_df2575,PUR_IED_AntJoseSucre_10mo_df2575,,,,,
2026-09-12T07:16:10-05:00,PUR_IED_AntJoseSucre_Ext_215b36,PUR_IED_AntJoseSucre_Ext_215b36,,,,,
2026-09-12T07:16:10-05:00,PUR_IED_AntJoseSucre_Lab_3139de,PUR_IED_AntJoseSucre_Lab_3139de,,,,,
2026-09-12T07:16:10-05:00,PUR_IED_AntonioGarcia_301_d6b188,PUR_IED_AntonioGarcia_301_d6b188,,,,,
2026-09-12T07:16:10-05:00,PUR_IED_AntonioGarcia_302_88a82,PUR_IED_AntonioGarcia_302_88a82,,,,,
2026-09-12T07:16:10-05:00,PUR_IED_AntonioGarcia_Ext_20950c,PUR_IED_AntonioGarcia_Ext_20950c,,,,,
2026-09-12T07:16:10-05:00,PUR_IED_AntonioVan_Aula2_6dea02,PUR_IED_AntonioVan_Aula2_6dea02,,,,,
2026-09-12T07:16:10-05:00,PUR_IED_AntonioVan_Aula5_f1557e,PUR_IED_AntonioVan_Aula5_f1557e,,,,,
2026-09-12T07:16:10-05:00,PUR_IED_AntonioVan_Ext_406f2f,PUR_IED_AntonioVan_Ext_406f2f,,,,,
2026-09-12T07:16:10-05:00,PUR_IED_Atabanzha_Ext_cc5af9,PUR_IED_Atabanzha_Ext_cc5af9,,,,,
2026-09-12T07:16:10-05:00,PUR_IED_Atabanzha_SA101_56c37,PUR_IED_Atabanzha_SA101_56c37,,,,,
2026-09-12T07:16:10-05:00,PUR_IED_Atabanzha_SB302_27b374,PUR_IED_Atabanzha_SB302_27b374,,,,,
2026-09-12T07:16:10-05:00,PUR_IED_Atahualpa_Ext_fc1748,PUR_IED_Atahualpa_Ext_fc1748,,,,,
2026-09-12T07:16:10-05:00,PUR_IED_Atahualpa_Informa_dc9a95,PUR_IED_Atahualpa_Informa_dc9a95,,,,,
2026-09-12T07:16:10-05:00,PUR_IED_Atahualpa_S1101_f98056,PUR_IED_Atahualpa_S1101_f98056,,,,,
2026-09-12T07:16:10-05:00,PUR_IED_Bellavista_Ext_f5aa74,PUR_IED_Bellavista_Ext_f5aa74,,,,,
2026-09-12T07:16:10-05:00,PUR_IED_Bilbao_11A_916c41,PUR_IED_Bilbao_11A_916c41,,,,,
2026-09-12T07:16:10-05:00,PUR_IED_Bilbao_Ext_fb579a,PUR_IED_Bilbao_Ext_fb579a,,,,,
2026-09-12T07:16:10-05:00,PUR_IED_BrasiliaU_A125_304280,PUR_IED_BrasiliaU_A125_304280,,,,,
2026-09-12T07:16:10-05:00,PUR_IED_BrasiliaU_A203_7c8ca5,PUR_IED_BrasiliaU_A203_7c8ca5,,,,,
2026-09-12T07:16:10-05:00,PUR_IED_BrasiliaU_Ext_8d6e9f,PUR_IED_BrasiliaU_Ext_8d6e9f,4,16,67,4.5175,-74.116302
2026-09-12T07:16:10-05:00,PUR_IED_Brasilia_Ext_fe6593,PUR_IED_Brasilia_Ext_fe6593,,,,,
2026-09-12T07:16:10-05:00,PUR_IED_Brasilia_S24_7c130d,PUR_IED_Brasilia_S24_7c130d,,,,,
2026-09-12T07:16:10-05:00,PUR_IED_Brasilia_S501_186a54,PUR_IED_Brasilia_S501_186a54,,,,,
2026-09-12T07:16:10-05:00,PUR_IED_CHARRY_EXT_f1d5cd,PUR_IED_CHARRY_EXT_f1d5cd,,,,,
2026-09-12T07:16:10-05:00,PUR_IED_CHARRY_INTDANZAS_7a08e6,PUR_IED_CHARRY_INTDANZAS_7a08e6,,,,,
2026-09-12T07:16:10-05:00,PUR_IED_CHARRY_INT_AULA20_dc998d,PUR_IED_CHARRY_INT_AULA20_dc998d,,,,,
2026-09-12T07:16:10-05:00,PUR_IED_COLVIV_1101_S25_7f520a,PUR_IED_COLVIV_1101_S25_7f520a,,,,,
2026-09-12T07:16:10-05:00,PUR_IED_COLVIV_1102_S16_f570ba,PUR_IED_COLVIV_1102_S16_f570ba,,,,,
2026-09-12T07:16:10-05:00,PUR_IED_COLVIV_Ext_1a26fa,PUR_IED_COLVIV_Ext_1a26fa,,,,,
2026-09-12T07:16:10-05:00,PUR_IED_CULPOP_301A_f660f3,PUR_IED_CULPOP_301A_f660f3,,,,,
2026-09-12T07:16:10-05:00,PUR_IED_CULPOP_303_568afe,PUR_IED_CULPOP_303_568afe,,,,,
2026-09-12T07:16:10-05:00,PUR_IED_CULPOP_Ext_e02ccb,PUR_IED_CULPOP_Ext_e02ccb,,,,,
2026-09-12T07:16:10-05:00,PUR_IED_CVillavicen_Ext_26eb58,PUR_IED_CVillavicen_Ext_26eb58,6,14,82,4.487,-74.102798
2026-09-12T07:16:10-05:00,PUR_IED_CVillavicen_Intel_1ce5c2,PUR_IED_CVillavicen_Intel_1ce5c2,,,,,
2026-09-12T07:16:10-05:00,PUR_IED_CVillavicen_Poliv_e0766c,PUR_IED_CVillavicen_Poliv_e0766c,,,,,
2026-09-12T07:16:10-05:00,PUR_IED_CVillavicen_int_1ba140,PUR_IED_CVillavicen_int_1ba140,,,,,
2026-09-12T07:16:10-05:00,PUR_IED_CVillavicen_intel_1ba140,PUR_IED_CVillavicen_intel_1ba140,,,,,
2026-09-12T07:16:10-05:00,PUR_IED_CarlosPizarro_Ext_e307cc,PUR_IED_CarlosPizarro_Ext_e307cc,,,,,
2026-09-12T07:16:10-05:00,PUR_IED_CarlosPizarro_L36_7e5cdb,PUR_IED_CarlosPizarro_L36_7e5cdb,,,,,
2026-09-12T07:16:10-05:00,PUR_IED_CarlosPizarro_L37_c8566c,PUR_IED_CarlosPizarro_L37_c8566c,,,,,
2026-09-12T07:16:10-05:00,PUR_IED_Castilla_Ext_cf35f,PUR_IED_Castilla_Ext_cf35f,,,,,
2026-09-12T07:16:10-05:00,PUR_IED_Castilla_SFisik_360e38,PUR_IED_Castilla_SFisik_360e38,,,,,
2026-09-12T07:16:10-05:00,PUR_IED_Castilla_Sc304_496fbf,PUR_IED_Castilla_Sc304_496fbf,,,,,
2026-09-12T07:16:10-05:00,PUR_IED_CervantesSa_Ext_6b57b,PUR_IED_CervantesSa_Ext_6b57b,3,16,73,4.5128,-74.117203
2026-09-12T07:16:10-05:00,PUR_IED_CervantesSa_S107_225c2b,PUR_IED_CervantesSa_S107_225c2b,,,,,
2026-09-12T07:16:10-05:00,PUR_IED_CervantesSa_S108_940925,PUR_IED_CervantesSa_S108_940925,,,,,
2026-09-12T07:16:10-05:00,PUR_IED_Charry_A20_f53e7c,PUR_IED_Charry_A20_f53e7c,,,,,
2026-09-12T07:16:10-05:00,PUR_IED_Charry_Ext_f1d5cd,PUR_IED_Charry_Ext_f1d5cd,,,,,
2026-09-12T07:16:10-05:00,PUR_IED_Charry_IntAula20_dc998d,PUR_IED_Charry_IntAula20_dc998d,,,,,
2026-09-12T07:16:10-05:00,PUR_IED_Charry_IntDanzas_7a08e6,PUR_IED_Charry_IntDanzas_7a08e6,,,,,
2026-09-12T07:16:10-05:00,PUR_IED_ClememciaC_203_43e2fc,PUR_IED_ClememciaC_203_43e2fc,,,,,
2026-09-12T07:16:10-05:00,PUR_IED_ClememciaC_Ext_1b411a,PUR_IED_ClememciaC_Ext_1b411a,,,,,
2026-09-12T07:16:10-05:00,PUR_IED_ClememciaC_Quimic_44b5fc,PUR_IED_ClememciaC_Quimic_44b5fc,,,,,
2026-09-12T07:16:10-05:00,PUR_IED_ClemenciaC_203_43e2fc,PUR_IED_ClemenciaC_203_43e2fc,,,,,
2026-09-12T07:16:10-05:00,PUR_IED_ClemenciaC_Ext_1b411a,PUR_IED_ClemenciaC_Ext_1b411a,,,,,
2026-09-12T07:16:10-05:00,PUR_IED_ClemenciaC_Quimic_44b5fc,PUR_IED_ClemenciaC_Quimic_44b5fc,,,,,
2026-09-12T07:16:10-05:00,PUR_IED_ColViva_1101_S25_7f520a,PUR_IED_ColViva_1101_S25_7f520a,,,,,
2026-09-12T07:16:10-05:00,PUR_IED_ColViva_1102_S16_f570ba,PUR_IED_ColViva_1102_S16_f570ba,,,,,
2026-09-12T07:16:10-05:00,PUR_IED_ColViva_Ext_1a26fa,PUR_IED_ColViva_Ext_1a26fa,,,,,
2026-09-12T07:16:10-05:00,PUR_IED_ColegioBici_Asist_7c8798,PUR_IED_ColegioBici_Asist_7c8798,,,,,
2026-09-12T07:16:10-05:00,PUR_IED_ColegioBici_Ext_25cbf6,PUR_IED_ColegioBici_Ext_25cbf6,,,,,
2026-09-12T07:16:10-05:00,PUR_IED_ColegioBici_LabQ_7b57db,PUR_IED_ColegioBici_LabQ_7b57db,,,,,
2026-09-12T07:16:10-05:00,PUR_IED_CostaRica_Ext_5e640,PUR_IED_CostaRica_Ext_5e640,,,,,
2026-09-12T07:16:10-05:00,PUR_IED_CostaRica_Quim1_766d1c,PUR_IED_CostaRica_Quim1_766d1c,,,,,
2026-09-12T07:16:10-05:00,PUR_IED_CostaRica__Fisica_6f0873,PUR_IED_CostaRica__Fisica_6f0873,,,,,
2026-09-12T07:16:10-05:00,PUR_IED_CulPopu_301A_f660f3,PUR_IED_CulPopu_301A_f660f3,,,,,
2026-09-12T07:16:10-05:00,PUR_IED_CulPopu_303_568afe,PUR_IED_CulPopu_303_568afe,,,,,
2026-09-12T07:16:10-05:00,PUR_IED_CulPopu_Ext_e02ccb,PUR_IED_CulPopu_Ext_e02ccb,,,,,
2026-09-12T07:16:10-05:00,PUR_IED_Cundinamarca_Ext_f15985,PUR_IED_Cundinamarca_Ext_f15985,,,,,
2026-09-12T07:16:10-05:00,PUR_IED_Cundinamarca_Info_7aa5d7,PUR_IED_Cundinamarca_Info_7aa5d7,,,,,
2026-09-12T07:16:10-05:00,PUR_IED_Cundinamarca_Tec2_f449c7,PUR_IED_Cundinamarca_Tec2_f449c7,,,,,
2026-09-12T07:16:10-05:00,PUR_IED_DiegoM_Aula1_27b314,PUR_IED_DiegoM_Aula1_27b314,,,,,
2026-09-12T07:16:10-05:00,PUR_IED_DiegoM_Ext_d80ac8,PUR_IED_DiegoM_Ext_d80ac8,,,,,
2026-09-12T07:16:10-05:00,PUR_IED_DiegoM_S25_da928f,PUR_IED_DiegoM_S25_da928f,,,,,
2026-09-12T07:16:10-05:00,PUR_IED_ELRODEO_360881,PUR_IED_ELRODEO_360881,,,,,
2026-09-12T07:16:10-05:00,PUR_IED_ELRODEO_ext_360881,PUR_IED_ELRODEO_ext_360881,,,,,
2026-09-12T07:16:10-05:00,PUR_IED_EduardoU_Ext_1c1969,PUR_IED_EduardoU_Ext_1c1969,,,,,
2026-09-12T07:16:10-05:00,PUR_IED_EduardoU_SCiencia_4dfb94,PUR_IED_EduardoU_SCiencia_4dfb94,,,,,
2026-09-12T07:16:10-05:00,PUR_IED_EduardoU_SQuimica_5a46e7,PUR_IED_EduardoU_SQuimica_5a46e7,,,,,
2026-09-12T07:16:10-05:00,PUR_IED_ElRodeo_Aula14_676984,PUR_IED_ElRodeo_Aula14_676984,,,,,
2026-09-12T07:16:10-05:00,PUR_IED_ElRodeo_Aula16_2dd35b,PUR_IED_ElRodeo_Aula16_2dd35b,,,,,
2026-09-12T07:16:10-05:00,PUR_IED_ElRodeo_Ext_360881,PUR_IED_ElRodeo_Ext_360881,,,,,
2026-09-12T07:16:10-05:00,PUR_IED_ElRodeo_Exterior_8c6d28,PUR_IED_ElRodeo_Exterior_8c6d28,,,,,
2026-09-12T07:16:10-05:00,PUR_IED_ElRodeo_ext_360881,PUR_IED_ElRodeo_ext_360881,,,,,
2026-09-12T07:16:10-05:00,PUR_IED_EmmaReyes_Ext_987625,PUR_IED_EmmaReyes_Ext_987625,6,21,53,4.6367,-74.1511
2026-09-12T07:16:10-05:00,PUR_IED_Ensueño_Ext_7f0250,PUR_IED_Ensueño_Ext_7f0250,,,,,
2026-09-12T07:16:10-05:00,PUR_IED_EscNormal_Ext_5fef3b,PUR_IED_EscNormal_Ext_5fef3b,2,18,61,4.5852,-74.096901
2026-09-12T07:16:10-05:00,PUR_IED_EscNormal_S309_5b263,PUR_IED_EscNormal_S309_5b263,,,,,
2026-09-12T07:16:10-05:00,PUR_IED_EscNormal_S310_27b3b8,PUR_IED_EscNormal_S310_27b3b8,,,,,
2026-09-12T07:16:10-05:00,PUR_IED_Evangelista_Conta_f6cd4f,PUR_IED_Evangelista_Conta_f6cd4f,,,,,
2026-09-12T07:16:10-05:00,PUR_IED_Evangelista_Cri_5e16a,PUR_IED_Evangelista_Cri_5e16a,,,,,
2026-09-12T07:16:10-05:00,PUR_IED_Evangelista_Exter_754066,PUR_IED_Evangelista_Exter_754066,,,,,
2026-09-12T07:16:10-05:00,PUR_IED_FMiranda_S209_5cc2a3,PUR_IED_FMiranda_S209_5cc2a3,,,,,
2026-09-12T07:16:10-05:00,PUR_IED_FMiranda_S303_19e344,PUR_IED_FMiranda_S303_19e344,,,,,
2026-09-12T07:16:10-05:00,PUR_IED_FMiranda_ext_f53e7c,PUR_IED_FMiranda_ext_f53e7c,,,,,
2026-09-12T07:16:10-05:00,PUR_IED_FabioLozano_Bibli_1cee05,PUR_IED_FabioLozano_Bibli_1cee05,,,,,
2026-09-12T07:16:10-05:00,PUR_IED_FabioLozano_Ext_6ea285,PUR_IED_FabioLozano_Ext_6ea285,,,,,
2026-09-12T07:16:10-05:00,PUR_IED_FabioLozano_SLudi_f09e1e,PUR_IED_FabioLozano_SLudi_f09e1e,,,,,
2026-09-12T07:16:10-05:00,PUR_IED_FaustinoS_Aula07_27a731,PUR_IED_FaustinoS_Aula07_27a731,,,,,
2026-09-12T07:16:10-05:00,PUR_IED_FaustinoS_Ext_7b936f,PUR_IED_FaustinoS_Ext_7b936f,,,,,
2026-09-12T07:16:10-05:00,PUR_IED_FaustinoS_Fisica_da2c60,PUR_IED_FaustinoS_Fisica_da2c60,,,,,
2026-09-12T07:16:10-05:00,PUR_IED_FeGarciaLo_Ext_dc68ee,PUR_IED_FeGarciaLo_Ext_dc68ee,,,,,
2026-09-12T07:16:10-05:00,PUR_IED_FeGarciaLo_SDanza_f70a59,PUR_IED_FeGarciaLo_SDanza_f70a59,,,,,
2026-09-12T07:16:10-05:00,PUR_IED_FeGarciaLo_SMusic_125cdd,PUR_IED_FeGarciaLo_SMusic_125cdd,,,,,
2026-09-12T07:16:10-05:00,PUR_IED_FederalAlema_Exte_50c345,PUR_IED_FederalAlema_Exte_50c345,,,,,
2026-09-12T07:16:10-05:00,PUR_IED_FederalAlema_S31_f18371,PUR_IED_FederalAlema_S31_f18371,,,,,
2026-09-12T07:16:10-05:00,PUR_IED_FederalAlema_S901_a62cd,PUR_IED_FederalAlema_S901_a62cd,,,,,
2026-09-12T07:16:10-05:00,PUR_IED_FilarmonicaS_A5_f35eb1,PUR_IED_FilarmonicaS_A5_f35eb1,,,,,
2026-09-12T07:16:10-05:00,PUR_IED_FilarmonicaS_Ext_8a3bde,PUR_IED_FilarmonicaS_Ext_8a3bde,,,,,
2026-09-12T07:16:10-05:00,PUR_IED_FilarmonicaS_Spol_406114,PUR_IED_FilarmonicaS_Spol_406114,,,,,
2026-09-12T07:16:10-05:00,PUR_IED_FlorentinoG_A13_d1fa59,PUR_IED_FlorentinoG_A13_d1fa59,,,,,
2026-09-12T07:16:10-05:00,PUR_IED_FlorentinoG_Ext_1ce6ce,PUR_IED_FlorentinoG_Ext_1ce6ce,,,,,
2026-09-12T07:16:10-05:00,PUR_IED_FlorentinoG_Idiom_a66aac,PUR_IED_FlorentinoG_Idiom_a66aac,,,,,
2026-09-12T07:16:10-05:00,PUR_IED_FranciscoMati_Ext_e3869d,PUR_IED_FranciscoMati_Ext_e3869d,,,,,
2026-09-12T07:16:10-05:00,PUR_IED_FranciscoMati_S13_f31c67,PUR_IED_FranciscoMati_S13_f31c67,,,,,
2026-09-12T07:16:10-05:00,PUR_IED_FranciscoMati_S14_97dead,PUR_IED_FranciscoMati_S14_97dead,,,,,
2026-09-12T07:16:10-05:00,PUR_IED_FranciscoPS_Ext_7bfa9a,PUR_IED_FranciscoPS_Ext_7bfa9a,2,18,63,4.5899,-74.110397
2026-09-12T07:16:10-05:00,PUR_IED_FranciscoPS_Infor_fb8f4c,PUR_IED_FranciscoPS_Infor_fb8f4c,,,,,
2026-09-12T07:16:10-05:00,PUR_IED_FranciscoPS_Quimi_94d39c,PUR_IED_FranciscoPS_Quimi_94d39c,,,,,
2026-09-12T07:16:10-05:00,PUR_IED_FranciscoP_LabQ_d7e148,PUR_IED_FranciscoP_LabQ_d7e148,,,,,
2026-09-12T07:16:10-05:00,PUR_IED_FranciscoP_S28_cf9b30,PUR_IED_FranciscoP_S28_cf9b30,,,,,
2026-09-12T07:16:10-05:00,PUR_IED_FranciscoP_ext_e2313,PUR_IED_FranciscoP_ext_e2313,,,,,
2026-09-12T07:16:10-05:00,PUR_IED_FriederichN_Ext_8ac92a,PUR_IED_FriederichN_Ext_8ac92a,,,,,
2026-09-12T07:16:10-05:00,PUR_IED_FriederichN_S301_dd7e5a,PUR_IED_FriederichN_S301_dd7e5a,,,,,
2026-09-12T07:16:10-05:00,PUR_IED_FriederichN_S308_761f4f,PUR_IED_FriederichN_S308_761f4f,,,,,
2026-09-12T07:16:10-05:00,PUR_IED_GSantander_Aula10_533dd7,PUR_IED_GSantander_Aula10_533dd7,,,,,
2026-09-12T07:16:10-05:00,PUR_IED_GSantander_Aula12_fd4e4f,PUR_IED_GSantander_Aula12_fd4e4f,,,,,
2026-09-12T07:16:10-05:00,PUR_IED_GSantander_Aula310_533dd7,PUR_IED_GSantander_Aula310_533dd7,,,,,
2026-09-12T07:16:10-05:00,PUR_IED_GSantander_Aula312_fd4e4f,PUR_IED_GSantander_Aula312_fd4e4f,,,,,
2026-09-12T07:16:10-05:00,PUR_IED_GSantander_Ext_5f66b0,PUR_IED_GSantander_Ext_5f66b0,,,,,
2026-09-12T07:16:10-05:00,PUR_IED_GYomasa_Ext_f6bea5,PUR_IED_GYomasa_Ext_f6bea5,,,,,
2026-09-12T07:16:10-05:00,PUR_IED_GYomasa_LBiol_2c41aa,PUR_IED_GYomasa_LBiol_2c41aa,,,,,
2026-09-12T07:16:10-05:00,PUR_IED_GYomasa_LQuim_33c80,PUR_IED_GYomasa_LQuim_33c80,,,,,
2026-09-12T07:16:10-05:00,PUR_IED_GabBetMejia_Cienc_5a99c,PUR_IED_GabBetMejia_Cienc_5a99c,,,,,
2026-09-12T07:16:10-05:00,PUR_IED_GabBetMejia_Ext_9153d0,PUR_IED_GabBetMejia_Ext_9153d0,,,,,
2026-09-12T07:16:10-05:00,PUR_IED_GabBetMejia_Lab_f55347,PUR_IED_GabBetMejia_Lab_f55347,,,,,
2026-09-12T07:16:10-05:00,PUR_IED_GabBetanMejia_Ext_9153d0,PUR_IED_GabBetanMejia_Ext_9153d0,,,,,
2026-09-12T07:16:10-05:00,PUR_IED_Gaitana_Aula13_7aac11,PUR_IED_Gaitana_Aula13_7aac11,,,,,
2026-09-12T07:16:10-05:00,PUR_IED_Gaitana_Ext_5fcf4,PUR_IED_Gaitana_Ext_5fcf4,,,,,
2026-09-12T07:16:10-05:00,PUR_IED_Gaitana_LabFisica_644448,PUR_IED_Gaitana_LabFisica_644448,,,,,
2026-09-12T07:16:10-05:00,PUR_IED_GenSantander_Dise_8ac858,PUR_IED_GenSantander_Dise_8ac858,,,,,
2026-09-12T07:16:10-05:00,PUR_IED_GenSantander_Ext_8d5dfe,PUR_IED_GenSantander_Ext_8d5dfe,,,,,
2026-09-12T07:16:10-05:00,PUR_IED_GenSantander_Info_6c25b,PUR_IED_GenSantander_Info_6c25b,,,,,
2026-09-12T07:16:10-05:00,PUR_IED_GustavoMo_Exterio_75e63d,PUR_IED_GustavoMo_Exterio_75e63d,,,,,
2026-09-12T07:16:10-05:00,PUR_IED_GustavoMo_LabFisi_224d37,PUR_IED_GustavoMo_LabFisi_224d37,,,,,
2026-09-12T07:16:10-05:00,PUR_IED_GustavoMo_S208_3e6918,PUR_IED_GustavoMo_S208_3e6918,,,,,
2026-09-12T07:16:10-05:00,PUR_IED_GustavoR_A02_8cd4a8,PUR_IED_GustavoR_A02_8cd4a8,,,,,
2026-09-12T07:16:10-05:00,PUR_IED_GustavoR_B11_5b0ed,PUR_IED_GustavoR_B11_5b0ed,,,,,
2026-09-12T07:16:10-05:00,PUR_IED_GustavoR_Ext_7a0c90,PUR_IED_GustavoR_Ext_7a0c90,,,,,
2026-09-12T07:16:10-05:00,PUR_IED_HernandoDuran_Ext_8cd82b,PUR_IED_HernandoDuran_Ext_8cd82b,,,,,
2026-09-12T07:16:10-05:00,PUR_IED_HernandoDuran_S24_2772c6,PUR_IED_HernandoDuran_S24_2772c6,,,,,
2026-09-12T07:16:10-05:00,PUR_IED_HernandoDuran_S30_f2de41,PUR_IED_HernandoDuran_S30_f2de41,,,,,
2026-09-12T07:16:10-05:00,PUR_IED_HolguInUr_S1101_8cd732,PUR_IED_HolguInUr_S1101_8cd732,,,,,
2026-09-12T07:16:10-05:00,PUR_IED_HolguinUr_Exter_ddae6d,PUR_IED_HolguinUr_Exter_ddae6d,,,,,
2026-09-12T07:16:10-05:00,PUR_IED_HolguinUr_LabQuim_92b952,PUR_IED_HolguinUr_LabQuim_92b952,,,,,
2026-09-12T07:16:10-05:00,PUR_IED_Isabel-II_Ext_5245cc,PUR_IED_Isabel-II_Ext_5245cc,4,18,62,4.6336,-74.153
2026-09-12T07:16:10-05:00,PUR_IED_Isabel-II_S_idiom_1c29aa,PUR_IED_Isabel-II_S_idiom_1c29aa,,,,,
2026-09-12T07:16:10-05:00,PUR_IED_Isabel-II_S_infor_fd741,PUR_IED_Isabel-II_S_infor_fd741,,,,,
2026-09-12T07:16:10-05:00,PUR_IED_IsidroSur_Exterio_5b90ea,PUR_IED_IsidroSur_Exterio_5b90ea,,,,,
2026-09-12T07:16:10-05:00,PUR_IED_IsidroSur_LabTec_56697a,PUR_IED_IsidroSur_LabTec_56697a,,,,,
2026-09-12T07:16:10-05:00,PUR_IED_IsidroSur_Robotic_b7c38f,PUR_IED_IsidroSur_Robotic_b7c38f,,,,,
2026-09-12T07:16:10-05:00,PUR_IED_IsmaelPerd_Ext_7b6672,PUR_IED_IsmaelPerd_Ext_7b6672,,,,,
2026-09-12T07:16:10-05:00,PUR_IED_IsmaelPerd_Inform_306540,PUR_IED_IsmaelPerd_Inform_306540,,,,,
2026-09-12T07:16:10-05:00,PUR_IED_IsmaelPerd_S30_2e2c83,PUR_IED_IsmaelPerd_S30_2e2c83,,,,,
2026-09-12T07:16:10-05:00,PUR_IED_JLozano_Exter_432910,PUR_IED_JLozano_Exter_432910,,,,,
2026-09-12T07:16:10-05:00,PUR_IED_JLozano_salaMulti_df5125,PUR_IED_JLozano_salaMulti_df5125,,,,,
2026-09-12T07:16:10-05:00,PUR_IED_JMCordoba_206_86f80b,PUR_IED_JMCordoba_206_86f80b,,,,,
2026-09-12T07:16:10-05:00,PUR_IED_JMCordoba_Ext_27ad97,PUR_IED_JMCordoba_Ext_27ad97,,,,,
2026-09-12T07:16:10-05:00,PUR_IED_JMCordoba_S310_d59ab4,PUR_IED_JMCordoba_S310_d59ab4,,,,,
2026-09-12T07:16:10-05:00,PUR_IED_Japon_Ext_549100,PUR_IED_Japon_Ext_549100,,,,,
2026-09-12T07:16:10-05:00,PUR_IED_Japon_Laboratorio_bec51d,PUR_IED_Japon_Laboratorio_bec51d,,,,,
2026-09-12T07:16:10-05:00,PUR_IED_Japon_informatica_d99327,PUR_IED_Japon_informatica_d99327,,,,,
2026-09-12T07:16:10-05:00,PUR_IED_Jazmin_Ext_d27bda,PUR_IED_Jazmin_Ext_d27bda,,,,,
2026-09-12T07:16:10-05:00,PUR_IED_Jazmin_Fisica_8d14d7,PUR_IED_Jazmin_Fisica_8d14d7,,,,,
2026-09-12T07:16:10-05:00,PUR_IED_Jazmin_Quimica_801cb5,PUR_IED_Jazmin_Quimica_801cb5,,,,,
2026-09-12T07:16:10-05:00,PUR_IED_JorgeGaitan_Exter_f098d1,PUR_IED_JorgeGaitan_Exter_f098d1,,,,,
2026-09-12T07:16:10-05:00,PUR_IED_JorgeGaitan_STec1_dc9d1d,PUR_IED_JorgeGaitan_STec1_dc9d1d,,,,,
2026-09-12T07:16:10-05:00,PUR_IED_JorgeGaitan_STec2_281e69,PUR_IED_JorgeGaitan_STec2_281e69,,,,,
2026-09-12T07:16:10-05:00,PUR_IED_JorgeSoto_Exterio_d9d0a2,PUR_IED_JorgeSoto_Exterio_d9d0a2,,,,,
2026-09-12T07:16:10-05:00,PUR_IED_JorgeSoto_LabFisi_209c54,PUR_IED_JorgeSoto_LabFisi_209c54,,,,,
2026-09-12T07:16:10-05:00,PUR_IED_JorgeSoto_S103_27b51a,PUR_IED_JorgeSoto_S103_27b51a,,,,,
2026-09-12T07:16:10-05:00,PUR_IED_JoseAcevedo_A02_e965eb,PUR_IED_JoseAcevedo_A02_e965eb,,,,,
2026-09-12T07:16:10-05:00,PUR_IED_JoseAcevedo_A07_dd5b4,PUR_IED_JoseAcevedo_A07_dd5b4,,,,,
2026-09-12T07:16:10-05:00,PUR_IED_JoseAcevedo_Ext_b47484,PUR_IED_JoseAcevedo_Ext_b47484,,,,,
2026-09-12T07:16:10-05:00,PUR_IED_JoseMarti_Exte_5b9bf,PUR_IED_JoseMarti_Exte_5b9bf,,,,,
2026-09-12T07:16:10-05:00,PUR_IED_JoseMarti_LabQuim_1c6c2d,PUR_IED_JoseMarti_LabQuim_1c6c2d,,,,,
2026-09-12T07:16:10-05:00,PUR_IED_JoseMarti_S_info_f5f177,PUR_IED_JoseMarti_S_info_f5f177,,,,,
2026-09-12T07:16:10-05:00,PUR_IED_Josejoaquin_Ext_dfc5dc,PUR_IED_Josejoaquin_Ext_dfc5dc,,,,,
2026-09-12T07:16:10-05:00,PUR_IED_Josejoaquin_S05_5b2a96,PUR_IED_Josejoaquin_S05_5b2a96,,,,,
2026-09-12T07:16:10-05:00,PUR_IED_Josejoaquin_S06_1ce7d2,PUR_IED_Josejoaquin_S06_1ce7d2,,,,,
2026-09-12T07:16:10-05:00,PUR_IED_JulioFlorez_Danza_9b82dd,PUR_IED_JulioFlorez_Danza_9b82dd,,,,,
2026-09-12T07:16:10-05:00,PUR_IED_JulioFlorez_Exter_f9f314,PUR_IED_JulioFlorez_Exter_f9f314,,,,,
2026-09-12T07:16:10-05:00,PUR_IED_JulioFlorez_info2_6b6e08,PUR_IED_JulioFlorez_info2_6b6e08,,,,,
2026-09-12T07:16:10-05:00,PUR_IED_LaBelleza_Aula13_1d00d8,PUR_IED_LaBelleza_Aula13_1d00d8,,,,,
2026-09-12T07:16:10-05:00,PUR_IED_LaBelleza_Ext_7bc08c,PUR_IED_LaBelleza_Ext_7bc08c,,,,,
2026-09-12T07:16:10-05:00,PUR_IED_LaChucua_Ext_8cd6d2,PUR_IED_LaChucua_Ext_8cd6d2,,,,,
2026-09-12T07:16:10-05:00,PUR_IED_LaChucua_S15_f578ce,PUR_IED_LaChucua_S15_f578ce,,,,,
2026-09-12T07:16:10-05:00,PUR_IED_LaChucua_S16_eebcf9,PUR_IED_LaChucua_S16_eebcf9,,,,,
2026-09-12T07:16:10-05:00,PUR_IED_LaFelicidad_Ext_fb5109,PUR_IED_LaFelicidad_Ext_fb5109,,,,,
2026-09-12T07:16:10-05:00,PUR_IED_LaMerced_206_66ebd,PUR_IED_LaMerced_206_66ebd,,,,,
2026-09-12T07:16:10-05:00,PUR_IED_LaMerced_207_6ebd6,PUR_IED_LaMerced_207_6ebd6,,,,,
2026-09-12T07:16:10-05:00,PUR_IED_LaMerced_ext_304311,PUR_IED_LaMerced_ext_304311,,,,,
2026-09-12T07:16:10-05:00,PUR_IED_Laureano_CiencNat_281e5e,PUR_IED_Laureano_CiencNat_281e5e,,,,,
2026-09-12T07:16:10-05:00,PUR_IED_Laureano_Comedor_f65c0a,PUR_IED_Laureano_Comedor_f65c0a,,,,,
2026-09-12T07:16:10-05:00,PUR_IED_Laureano_Exterior_7ab011,PUR_IED_Laureano_Exterior_7ab011,,,,,
2026-09-12T07:16:10-05:00,PUR_IED_LeonGreiff_Exte_dfe560,PUR_IED_LeonGreiff_Exte_dfe560,,,,,
2026-09-12T07:16:10-05:00,PUR_IED_LeonGreiff_S210_f264ed,PUR_IED_LeonGreiff_S210_f264ed,,,,,
2026-09-12T07:16:10-05:00,PUR_IED_LeonGreiff_SQuimi_e8296f,PUR_IED_LeonGreiff_SQuimi_e8296f,,,,,
2026-09-12T07:16:10-05:00,PUR_IED_LlanoOrientalS208_7b9fcd,PUR_IED_LlanoOrientalS208_7b9fcd,,,,,
2026-09-12T07:16:10-05:00,PUR_IED_LlanoOriental_Ext_fb3766,PUR_IED_LlanoOriental_Ext_fb3766,,,,,
2026-09-12T07:16:10-05:00,PUR_IED_LlanoOriental_S208_7b9fcd,PUR_IED_LlanoOriental_S208_7b9fcd,,,,,
2026-09-12T07:16:10-05:00,PUR_IED_LlanoOriental_S9_27b378,PUR_IED_LlanoOriental_S9_27b378,,,,,
2026-09-12T07:16:10-05:00,PUR_IED_LosTejares_1101_477602,PUR_IED_LosTejares_1101_477602,,,,,
2026-09-12T07:16:10-05:00,PUR_IED_LosTejares_11_d2c595,PUR_IED_LosTejares_11_d2c595,,,,,
2026-09-12T07:16:10-05:00,PUR_IED_LosTejares_12_477602,PUR_IED_LosTejares_12_477602,,,,,
2026-09-12T07:16:10-05:00,PUR_IED_LosTejares_Ext_8e2115,PUR_IED_LosTejares_Ext_8e2115,,,,,
2026-09-12T07:16:10-05:00,PUR_IED_MagdalenaO_B202_5ddda3,PUR_IED_MagdalenaO_B202_5ddda3,,,,,
2026-09-12T07:16:10-05:00,PUR_IED_MagdalenaO_B205_fb76e8,PUR_IED_MagdalenaO_B205_fb76e8,,,,,
2026-09-12T07:16:10-05:00,PUR_IED_MagdalenaO_ext_dc69cd,PUR_IED_MagdalenaO_ext_dc69cd,,,,,
2026-09-12T07:16:10-05:00,PUR_IED_ManueCepeda_artes_eee956,PUR_IED_ManueCepeda_artes_eee956,,,,,
2026-09-12T07:16:10-05:00,PUR_IED_ManuelCepeda_Ext_58313,PUR_IED_ManuelCepeda_Ext_58313,,,,,
2026-09-12T07:16:10-05:00,PUR_IED_ManuelCepeda_tec_1c5731,PUR_IED_ManuelCepeda_tec_1c5731,,,,,
2026-09-12T07:16:10-05:00,PUR_IED_ManuelS_Exterior_5b269,PUR_IED_ManuelS_Exterior_5b269,,,,,
2026-09-12T07:16:10-05:00,PUR_IED_ManuelS_Inform_f369ce,PUR_IED_ManuelS_Inform_f369ce,,,,,
2026-09-12T07:16:10-05:00,PUR_IED_ManuelS_SArtes_7d15f1,PUR_IED_ManuelS_SArtes_7d15f1,,,,,
2026-09-12T07:16:10-05:00,PUR_IED_ManuelZapata_303_3ca6,PUR_IED_ManuelZapata_303_3ca6,,,,,
2026-09-12T07:16:10-05:00,PUR_IED_ManuelZapata_311_bfbabc,PUR_IED_ManuelZapata_311_bfbabc,,,,,
2026-09-12T07:16:10-05:00,PUR_IED_ManuelZapata_Ext_50824a,PUR_IED_ManuelZapata_Ext_50824a,,,,,
2026-09-12T07:16:10-05:00,PUR_IED_ManuelitaS_Exteri_656a92,PUR_IED_ManuelitaS_Exteri_656a92,,,,,
2026-09-12T07:16:10-05:00,PUR_IED_ManuelitaS_JuzgDe_f58ec3,PUR_IED_ManuelitaS_JuzgDe_f58ec3,,,,,
2026-09-12T07:16:10-05:00,PUR_IED_ManuelitaS_Recrea_d793db,PUR_IED_ManuelitaS_Recrea_d793db,,,,,
2026-09-12T07:16:10-05:00,PUR_IED_MarFidSuarez_Ext_c27b19,PUR_IED_MarFidSuarez_Ext_c27b19,,,,,
2026-09-12T07:16:10-05:00,PUR_IED_MarFidSuarez_Info_e384d7,PUR_IED_MarFidSuarez_Info_e384d7,,,,,
2026-09-12T07:16:10-05:00,PUR_IED_MarFidSuarez_S306_1d0032,PUR_IED_MarFidSuarez_S306_1d0032,,,,,
2026-09-12T07:16:10-05:00,PUR_IED_Menorah_301_2a25a3,PUR_IED_Menorah_301_2a25a3,,,,,
2026-09-12T07:16:10-05:00,PUR_IED_Menorah_306_37ed3,PUR_IED_Menorah_306_37ed3,,,,,
2026-09-12T07:16:10-05:00,PUR_IED_Menorah_Ext_3e155b,PUR_IED_Menorah_Ext_3e155b,,,,,
2026-09-12T07:16:10-05:00,PUR_IED_MinutoB.Aires_A11_1b1604,PUR_IED_MinutoB.Aires_A11_1b1604,,,,,
2026-09-12T07:16:10-05:00,PUR_IED_MinutoB.Aires_A12_fb5860,PUR_IED_MinutoB.Aires_A12_fb5860,,,,,
2026-09-12T07:16:10-05:00,PUR_IED_MinutoB.Aires_Ext_81293f,PUR_IED_MinutoB.Aires_Ext_81293f,,,,,
2026-09-12T07:16:10-05:00,PUR_IED_MinutoBAires_A11_1b1604,PUR_IED_MinutoBAires_A11_1b1604,,,,,
2026-09-12T07:16:10-05:00,PUR_IED_MinutoBAires_A12_fb5860,PUR_IED_MinutoBAires_A12_fb5860,,,,,
2026-09-12T07:16:10-05:00,PUR_IED_MinutoBAires_Ext_81293f,PUR_IED_MinutoBAires_Ext_81293f,,,,,
2026-09-12T07:16:10-05:00,PUR_IED_Montreal_Aula10_1e4959,PUR_IED_Montreal_Aula10_1e4959,,,,,
2026-09-12T07:16:10-05:00,PUR_IED_Montreal_Aula6_300367,PUR_IED_Montreal_Aula6_300367,,,,,
2026-09-12T07:16:10-05:00,PUR_IED_Montreal_Exterior_91a179,PUR_IED_Montreal_Exterior_91a179,,,,,
2026-09-12T07:16:10-05:00,PUR_IED_Mqgdalena_B202_5ddda3,PUR_IED_Mqgdalena_B202_5ddda3,,,,,
2026-09-12T07:16:10-05:00,PUR_IED_NACUND_Soc_dc8728,PUR_IED_NACUND_Soc_dc8728,,,,,
2026-09-12T07:16:10-05:00,PUR_IED_NACUND_ext_27ad97,PUR_IED_NACUND_ext_27ad97,,,,,
2026-09-12T07:16:10-05:00,PUR_IED_NEsperanza_Ext_d24b61,PUR_IED_NEsperanza_Ext_d24b61,,,,,
2026-09-12T07:16:10-05:00,PUR_IED_NEsperanza_SElect_7d1807,PUR_IED_NEsperanza_SElect_7d1807,,,,,
2026-09-12T07:16:10-05:00,PUR_IED_NEsperanza_SLabor_8b2d0a,PUR_IED_NEsperanza_SLabor_8b2d0a,,,,,
2026-09-12T07:16:10-05:00,PUR_IED_NacionesU_Ext_f661a9,PUR_IED_NacionesU_Ext_f661a9,,,,,
2026-09-12T07:16:10-05:00,PUR_IED_NacionesU_Quimica_66f0a,PUR_IED_NacionesU_Quimica_66f0a,,,,,
2026-09-12T07:16:10-05:00,PUR_IED_NacionesU_S306_1b4b3d,PUR_IED_NacionesU_S306_1b4b3d,,,,,
2026-09-12T07:16:10-05:00,PUR_IED_NestorFA_Ext_e4201c,PUR_IED_NestorFA_Ext_e4201c,,,,,
2026-09-12T07:16:10-05:00,PUR_IED_NestorFA_Laborato_f22fe0,PUR_IED_NestorFA_Laborato_f22fe0,,,,,
2026-09-12T07:16:10-05:00,PUR_IED_NestorFA_S204_dee996,PUR_IED_NestorFA_S204_dee996,,,,,
2026-09-12T07:16:10-05:00,PUR_IED_NidyaQT_Aula03_76999b,PUR_IED_NidyaQT_Aula03_76999b,,,,,
2026-09-12T07:16:10-05:00,PUR_IED_NidyaQT_Aula10_56325,PUR_IED_NidyaQT_Aula10_56325,,,,,
2026-09-12T07:16:10-05:00,PUR_IED_NidyaQT_Ext_46e32d,PUR_IED_NidyaQT_Ext_46e32d,,,,,
2026-09-12T07:16:10-05:00,PUR_IED_NuevaCol_Exterior_d9b859,PUR_IED_NuevaCol_Exterior_d9b859,,,,,
2026-09-12T07:16:10-05:00,PUR_IED_NuevaCol_S1101_76c43b,PUR_IED_NuevaCol_S1101_76c43b,,,,,
2026-09-12T07:16:10-05:00,PUR_IED_NuevaCol_S1102_1ce0b5,PUR_IED_NuevaCol_S1102_1ce0b5,,,,,
2026-09-12T07:16:10-05:00,PUR_IED_OEA_A202_f7e3f2,PUR_IED_OEA_A202_f7e3f2,,,,,
2026-09-12T07:16:10-05:00,PUR_IED_OEA_A203_7d1b8d,PUR_IED_OEA_A203_7d1b8d,,,,,
2026-09-12T07:16:10-05:00,PUR_IED_OEA_Ext_27b593,PUR_IED_OEA_Ext_27b593,,,,,
2026-09-12T07:16:10-05:00,PUR_IED_Ochoa_Ext_1c29da,PUR_IED_Ochoa_Ext_1c29da,,,,,
2026-09-12T07:16:10-05:00,PUR_IED_Ochoa_S205_8b1121,PUR_IED_Ochoa_S205_8b1121,,,,,
2026-09-12T07:16:10-05:00,PUR_IED_Ochoa_Sistemas_f33af6,PUR_IED_Ochoa_Sistemas_f33af6,,,,,
2026-09-12T07:16:10-05:00,PUR_IED_PQuebec_Ext_1c67c7,PUR_IED_PQuebec_Ext_1c67c7,,,,,
2026-09-12T07:16:10-05:00,PUR_IED_PQuebec_S15_23e8e2,PUR_IED_PQuebec_S15_23e8e2,,,,,
2026-09-12T07:16:10-05:00,PUR_IED_PQuebec_S16_8ec76b,PUR_IED_PQuebec_S16_8ec76b,,,,,
2026-09-12T07:16:10-05:00,PUR_IED_PabloN_Ext_49dc96,PUR_IED_PabloN_Ext_49dc96,,,,,
2026-09-12T07:16:10-05:00,PUR_IED_PabloN_S1102_4e3df5,PUR_IED_PabloN_S1102_4e3df5,,,,,
2026-09-12T07:16:10-05:00,PUR_IED_PabloN_S1103_50c94b,PUR_IED_PabloN_S1103_50c94b,,,,,
2026-09-12T07:16:10-05:00,PUR_IED_Palestina_S1101_db9198,PUR_IED_Palestina_S1101_db9198,,,,,
2026-09-12T07:16:10-05:00,PUR_IED_Palestina_S1102_dc54fa,PUR_IED_Palestina_S1102_dc54fa,,,,,
2026-09-12T07:16:10-05:00,PUR_IED_Palestina_ext_4ccce6,PUR_IED_Palestina_ext_4ccce6,,,,,
2026-09-12T07:16:10-05:00,PUR_IED_Panama_Fisica_4d0794,PUR_IED_Panama_Fisica_4d0794,,,,,
2026-09-12T07:16:10-05:00,PUR_IED_Panama_SIngles_a4077e,PUR_IED_Panama_SIngles_a4077e,,,,,
2026-09-12T07:16:10-05:00,PUR_IED_Panama_ext_4c54b4,PUR_IED_Panama_ext_4c54b4,,,,,
2026-09-12T07:16:10-05:00,PUR_IED_ParaisoM_Exterior_8cd7f0,PUR_IED_ParaisoM_Exterior_8cd7f0,,,,,
2026-09-12T07:16:10-05:00,PUR_IED_ParaisoM_Laborato_27af35,PUR_IED_ParaisoM_Laborato_27af35,,,,,
2026-09-12T07:16:10-05:00,PUR_IED_ParaisoM_S304_d1edca,PUR_IED_ParaisoM_S304_d1edca,,,,,
2026-09-12T07:16:10-05:00,PUR_IED_PorfirioBarba_Ext_301466,PUR_IED_PorfirioBarba_Ext_301466,,,,,
2026-09-12T07:16:10-05:00,PUR_IED_PorfirioBarba_S11_df6cd2,PUR_IED_PorfirioBarba_S11_df6cd2,,,,,
2026-09-12T07:16:10-05:00,PUR_IED_PorfirioBarba_S29_27a7d6,PUR_IED_PorfirioBarba_S29_27a7d6,,,,,
2026-09-12T07:16:10-05:00,PUR_IED_PradoV_Exter_8b27ad,PUR_IED_PradoV_Exter_8b27ad,,,,,
2026-09-12T07:16:10-05:00,PUR_IED_PradoV_S301_de65b5,PUR_IED_PradoV_S301_de65b5,,,,,
2026-09-12T07:16:10-05:00,PUR_IED_PradoV_S302_7d2593,PUR_IED_PradoV_S302_7d2593,,,,,
2026-09-12T07:16:10-05:00,PUR_IED_QuirogaAlz_Ext_1ddc82,PUR_IED_QuirogaAlz_Ext_1ddc82,,,,,
2026-09-12T07:16:10-05:00,PUR_IED_QuirogaAlz_S302_9926a3,PUR_IED_QuirogaAlz_S302_9926a3,,,,,
2026-09-12T07:16:10-05:00,PUR_IED_QuirogaAlz_S305_cdf1f1,PUR_IED_QuirogaAlz_S305_cdf1f1,,,,,
2026-09-12T07:16:10-05:00,PUR_IED_RGuatemala_Biling_dc53b7,PUR_IED_RGuatemala_Biling_dc53b7,,,,,
2026-09-12T07:16:10-05:00,PUR_IED_RGuatemala_Ext_1b89a3,PUR_IED_RGuatemala_Ext_1b89a3,,,,,
2026-09-12T07:16:10-05:00,PUR_IED_RGuatemala_Tecnol_281a34,PUR_IED_RGuatemala_Tecnol_281a34,,,,,
2026-09-12T07:16:10-05:00,PUR_IED_RafaNu_Ext_f7c302,PUR_IED_RafaNu_Ext_f7c302,,,,,
2026-09-12T07:16:10-05:00,PUR_IED_RafaNu_S1101_25fde,PUR_IED_RafaNu_S1101_25fde,,,,,
2026-09-12T07:16:10-05:00,PUR_IED_RafaNu_S1102_281517,PUR_IED_RafaNu_S1102_281517,,,,,
2026-09-12T07:16:10-05:00,PUR_IED_RafaelB_S305_ee2783,PUR_IED_RafaelB_S305_ee2783,,,,,
2026-09-12T07:16:10-05:00,PUR_IED_RafaelB_S306_75fe33,PUR_IED_RafaelB_S306_75fe33,,,,,
2026-09-12T07:16:10-05:00,PUR_IED_RafaelB_ext_283336,PUR_IED_RafaelB_ext_283336,,,,,
2026-09-12T07:16:10-05:00,PUR_IED_RafaelUU_Exterior_281a51,PUR_IED_RafaelUU_Exterior_281a51,,,,,
2026-09-12T07:16:10-05:00,PUR_IED_RafaelUU_Human_806b2,PUR_IED_RafaelUU_Human_806b2,,,,,
2026-09-12T07:16:10-05:00,PUR_IED_RafaelUU_Mate2_5680d4,PUR_IED_RafaelUU_Mate2_5680d4,,,,,
2026-09-12T07:16:10-05:00,PUR_IED_RamonSub_Ext_f9eeb9,PUR_IED_RamonSub_Ext_f9eeb9,,,,,
2026-09-12T07:16:10-05:00,PUR_IED_RamonSub_Media_d1f62f,PUR_IED_RamonSub_Media_d1f62f,,,,,
2026-09-12T07:16:10-05:00,PUR_IED_RamonSub_planta_51b82,PUR_IED_RamonSub_planta_51b82,,,,,
2026-09-12T07:16:10-05:00,PUR_IED_RepBoliVene_Exter_27af7c,PUR_IED_RepBoliVene_Exter_27af7c,,,,,
2026-09-12T07:16:10-05:00,PUR_IED_RepBoliVene_SCPT_5ae2ee,PUR_IED_RepBoliVene_SCPT_5ae2ee,,,,,
2026-09-12T07:16:10-05:00,PUR_IED_RepBoliVene_Socia_4b11d5,PUR_IED_RepBoliVene_Socia_4b11d5,,,,,
2026-09-12T07:16:10-05:00,PUR_IED_RepChina_Ext_76d9ee,PUR_IED_RepChina_Ext_76d9ee,,,,,
2026-09-12T07:16:10-05:00,PUR_IED_RepChina_S404_7c804c,PUR_IED_RepChina_S404_7c804c,,,,,
2026-09-12T07:16:10-05:00,PUR_IED_RepChina_S405_df2c33,PUR_IED_RepChina_S405_df2c33,,,,,
2026-09-12T07:16:10-05:00,PUR_IED_RepublicaC_Exteri_7d1ec9,PUR_IED_RepublicaC_Exteri_7d1ec9,,,,,
2026-09-12T07:16:10-05:00,PUR_IED_RepublicaC_S1101_f544b3,PUR_IED_RepublicaC_S1101_f544b3,,,,,
2026-09-12T07:16:10-05:00,PUR_IED_RepublicaC_S1102_7aafc7,PUR_IED_RepublicaC_S1102_7aafc7,,,,,
2026-09-12T07:16:10-05:00,PUR_IED_Ricaurte_Externo_a0ea1,PUR_IED_Ricaurte_Externo_a0ea1,,,,,
2026-09-12T07:16:10-05:00,PUR_IED_Ricaurte_S210_f546fd,PUR_IED_Ricaurte_S210_f546fd,,,,,
2026-09-12T07:16:10-05:00,PUR_IED_Ricaurte_S309_d4452,PUR_IED_Ricaurte_S309_d4452,,,,,
2026-09-12T07:16:10-05:00,PUR_IED_RogelioS_1102_531e69,PUR_IED_RogelioS_1102_531e69,,,,,
2026-09-12T07:16:10-05:00,PUR_IED_RogelioS_Ext_f25a18,PUR_IED_RogelioS_Ext_f25a18,,,,,
2026-09-12T07:16:10-05:00,PUR_IED_SBernardino_Ext_27aff8,PUR_IED_SBernardino_Ext_27aff8,,,,,
2026-09-12T07:16:10-05:00,PUR_IED_SBernardino_SArte_2ffd33,PUR_IED_SBernardino_SArte_2ffd33,,,,,
2026-09-12T07:16:10-05:00,PUR_IED_SBernardino_SIngl_7c7da5,PUR_IED_SBernardino_SIngl_7c7da5,,,,,
2026-09-12T07:16:10-05:00,PUR_IED_Sago_auditorio_dc9d1d,PUR_IED_Sago_auditorio_dc9d1d,,,,,
2026-09-12T07:16:10-05:00,PUR_IED_Saludcoop_Ext_95aac3,PUR_IED_Saludcoop_Ext_95aac3,,,,,
2026-09-12T07:16:10-05:00,PUR_IED_Saludcoop_InfI_90c854,PUR_IED_Saludcoop_InfI_90c854,,,,,
2026-09-12T07:16:10-05:00,PUR_IED_Saludcoop_SMedia_1b93be,PUR_IED_Saludcoop_SMedia_1b93be,,,,,
2026-09-12T07:16:10-05:00,PUR_IED_SanCarlos_1101_1a2360,PUR_IED_SanCarlos_1101_1a2360,,,,,
2026-09-12T07:16:10-05:00,PUR_IED_SanCarlos_1103_7bafb5,PUR_IED_SanCarlos_1103_7bafb5,,,,,
2026-09-12T07:16:10-05:00,PUR_IED_SanCarlos_Ext_b7cd1,PUR_IED_SanCarlos_Ext_b7cd1,,,,,
2026-09-12T07:16:10-05:00,PUR_IED_SanIgnacioBosa11a_50c26e,PUR_IED_SanIgnacioBosa11a_50c26e,,,,,
2026-09-12T07:16:10-05:00,PUR_IED_SanIgnacioBosa11b_371de8,PUR_IED_SanIgnacioBosa11b_371de8,,,,,
2026-09-12T07:16:10-05:00,PUR_IED_SanIgnacioBosaExt_ef0ffc,PUR_IED_SanIgnacioBosaExt_ef0ffc,,,,,
2026-09-12T07:16:10-05:00,PUR_IED_SanIgnacioBosa_11a_50c26e,PUR_IED_SanIgnacioBosa_11a_50c26e,,,,,
2026-09-12T07:16:10-05:00,PUR_IED_SanIgnacioBosa_Ext_ef0ffc,PUR_IED_SanIgnacioBosa_Ext_ef0ffc,,,,,
2026-09-12T07:16:10-05:00,PUR_IED_SanJoseN_intS1101_31c47f,PUR_IED_SanJoseN_intS1101_31c47f,,,,,
2026-09-12T07:16:10-05:00,PUR_IED_SanJoseUsm_Exter_f5d7e8,PUR_IED_SanJoseUsm_Exter_f5d7e8,,,,,
2026-09-12T07:16:10-05:00,PUR_IED_SanJoseUsm_Int11A_cfdef6,PUR_IED_SanJoseUsm_Int11A_cfdef6,,,,,
2026-09-12T07:16:10-05:00,PUR_IED_SilveriaR_IntB5_905349,PUR_IED_SilveriaR_IntB5_905349,,,,,
2026-09-12T07:16:10-05:00,PUR_IED_SilveriaR_IntSD14_981f93,PUR_IED_SilveriaR_IntSD14_981f93,,,,,
2026-09-12T07:16:10-05:00,PUR_IED_SilveriaR_ext_2b651d,PUR_IED_SilveriaR_ext_2b651d,,,,,
2026-09-12T07:16:10-05:00,PUR_IED_SimonB_Exterior_913975,PUR_IED_SimonB_Exterior_913975,,,,,
2026-09-12T07:16:10-05:00,PUR_IED_SimonB_LabQuimi_c56908,PUR_IED_SimonB_LabQuimi_c56908,,,,,
2026-09-12T07:16:10-05:00,PUR_IED_SimonB_informatic_a28c1,PUR_IED_SimonB_informatic_a28c1,,,,,
2026-09-12T07:16:10-05:00,PUR_IED_Sorrento_1102_315f50,PUR_IED_Sorrento_1102_315f50,,,,,
2026-09-12T07:16:10-05:00,PUR_IED_Sorrento_Minte_214eab,PUR_IED_Sorrento_Minte_214eab,,,,,
2026-09-12T07:16:10-05:00,PUR_IED_Sorrento_ext_7c3a0a,PUR_IED_Sorrento_ext_7c3a0a,,,,,
2026-09-12T07:16:10-05:00,PUR_IED_Tabora_Ext_f048ae,PUR_IED_Tabora_Ext_f048ae,,,,,
2026-09-12T07:16:10-05:00,PUR_IED_Tabora_S1102_b07752,PUR_IED_Tabora_S1102_b07752,,,,,
2026-09-12T07:16:10-05:00,PUR_IED_Tabora_S1103_d988f5,PUR_IED_Tabora_S1103_d988f5,,,,,
2026-09-12T07:16:10-05:00,PUR_IED_Tenerife_Ext_1ab188,PUR_IED_Tenerife_Ext_1ab188,,,,,
2026-09-12T07:16:10-05:00,PUR_IED_Tenerife_SDanzas_7bc02e,PUR_IED_Tenerife_SDanzas_7bc02e,,,,,
2026-09-12T07:16:10-05:00,PUR_IED_Tenerife_SIngles_7cc277,PUR_IED_Tenerife_SIngles_7cc277,,,,,
2026-09-12T07:16:10-05:00,PUR_IED_Tibabuyes_Exter_f2683d,PUR_IED_Tibabuyes_Exter_f2683d,,,,,
2026-09-12T07:16:10-05:00,PUR_IED_Tibabuyes_S10_dc87a8,PUR_IED_Tibabuyes_S10_dc87a8,,,,,
2026-09-12T07:16:10-05:00,PUR_IED_Tibabuyes_S15_dc0526,PUR_IED_Tibabuyes_S15_dc0526,,,,,
2026-09-12T07:16:10-05:00,PUR_IED_UnionE_S301_a1043,PUR_IED_UnionE_S301_a1043,,,,,
2026-09-12T07:16:10-05:00,PUR_IED_UnionE_S307_ff6c2f,PUR_IED_UnionE_S307_ff6c2f,,,,,
2026-09-12T07:16:10-05:00,PUR_IED_UnionE__Ext_5e2468,PUR_IED_UnionE__Ext_5e2468,,,,,
2026-09-12T07:16:10-05:00,PUR_IED_VillaRica_Ext_75be7c,PUR_IED_VillaRica_Ext_75be7c,,,,,
2026-09-12T07:16:10-05:00,PUR_IED_VillaRica_S4_cc5dcd,PUR_IED_VillaRica_S4_cc5dcd,,,,,
2026-09-12T07:16:10-05:00,PUR_IED_VillaRica_Sesp_99f5c,PUR_IED_VillaRica_Sesp_99f5c,,,,,
2026-09-12T07:21:11-05:00,PUR_IED_20deJulio_1101_91b1b9,PUR_IED_20deJulio_1101_91b1b9,,,,,
2026-09-12T07:21:11-05:00,PUR_IED_20deJulio_1102_1cfcf9,PUR_IED_20deJulio_1102_1cfcf9,,,,,
2026-09-12T07:21:11-05:00,PUR_IED_20deJulio_Ext_ab60bd,PUR_IED_20deJulio_Ext_ab60bd,,,,,
2026-09-12T07:21:11-05:00,PUR_IED_AgustinFer_Ext_7b9b77,PUR_IED_AgustinFer_Ext_7b9b77,,,,,
2026-09-12T07:21:11-05:00,PUR_IED_AgustinFer_Info2_27b3a7,PUR_IED_AgustinFer_Info2_27b3a7,,,,,
2026-09-12T07:21:11-05:00,PUR_IED_AgustinFer_Sena_54b4eb,PUR_IED_AgustinFer_Sena_54b4eb,,,,,
2026-09-12T07:21:11-05:00,PUR_IED_AlexanderF_1102_caf07b,PUR_IED_AlexanderF_1102_caf07b,,,,,
2026-09-12T07:21:11-05:00,PUR_IED_AlexanderF_1103_c79e71,PUR_IED_AlexanderF_1103_c79e71,,,,,
2026-09-12T07:21:11-05:00,PUR_IED_AlexanderF_Ext_c5b18b,PUR_IED_AlexanderF_Ext_c5b18b,,,,,
2026-09-12T07:21:11-05:00,PUR_IED_AlfonsoLopez_Ext_281d77,PUR_IED_AlfonsoLopez_Ext_281d77,,,,,
2026-09-12T07:21:11-05:00,PUR_IED_AlfonsoLopez_LabF_888ce0,PUR_IED_AlfonsoLopez_LabF_888ce0,,,,,
2026-09-12T07:21:11-05:00,PUR_IED_AlfonsoLopez_SMed_df6a7f,PUR_IED_AlfonsoLopez_SMed_df6a7f,,,,,
2026-09-12T07:21:11-05:00,PUR_IED_AltamiraSO_A2_209f92,PUR_IED_AltamiraSO_A2_209f92,,,,,
2026-09-12T07:21:11-05:00,PUR_IED_AltamiraSO_Ext_186d66,PUR_IED_AltamiraSO_Ext_186d66,,,,,
2026-09-12T07:21:11-05:00,PUR_IED_AltamiraSO_Sistem_27afe1,PUR_IED_AltamiraSO_Sistem_27afe1,,,,,
2026-09-12T07:21:11-05:00,PUR_IED_AlvaroGom_LabQuim_813179,PUR_IED_AlvaroGom_LabQuim_813179,,,,,
2026-09-12T07:21:11-05:00,PUR_IED_AlvaroGomez_Ext_47c7ca,PUR_IED_AlvaroGomez_Ext_47c7ca,,,,,
2026-09-12T07:21:11-05:00,PUR_IED_AlvaroGomez_LabQuim_813179,PUR_IED_AlvaroGomez_LabQuim_813179,,,,,
2026-09-12T07:21:11-05:00,PUR_IED_AlvaroGomez_S23_7ba89f,PUR_IED_AlvaroGomez_S23_7ba89f,,,,,
2026-09-12T07:21:11-05:00,PUR_IED_Amistad_306_dc8728,PUR_IED_Amistad_306_dc8728,,,,,
2026-09-12T07:21:11-05:00,PUR_IED_Amistad_Ext_8cd55e,PUR_IED_Amistad_Ext_8cd55e,,,,,
2026-09-12T07:21:11-05:00,PUR_IED_Amistad_S202_a41169,PUR_IED_Amistad_S202_a41169,,,,,
2026-09-12T07:21:11-05:00,PUR_IED_AndresBello_Bio_fd5f5e,PUR_IED_AndresBello_Bio_fd5f5e,,,,,
2026-09-12T07:21:11-05:00,PUR_IED_AndresBello_ext_dcad65,PUR_IED_AndresBello_ext_dcad65,,,,,
2026-09-12T07:21:11-05:00,PUR_IED_AndresBello_port_eed3ec,PUR_IED_AndresBello_port_eed3ec,,,,,
2026-09-12T07:21:11-05:00,PUR_IED_AngelaR_11b_d90a6b,PUR_IED_AngelaR_11b_d90a6b,,,,,
2026-09-12T07:21:11-05:00,PUR_IED_AngelaR_ext_7cad3e,PUR_IED_AngelaR_ext_7cad3e,,,,,
2026-09-12T07:21:11-05:00,PUR_IED_AntJoseSucre_10mo_df2575,PUR_IED_AntJoseSucre_10mo_df2575,,,,,
2026-09-12T07:21:11-05:00,PUR_IED_AntJoseSucre_Ext_215b36,PUR_IED_AntJoseSucre_Ext_215b36,,,,,
2026-09-12T07:21:11-05:00,PUR_IED_AntJoseSucre_Lab_3139de,PUR_IED_AntJoseSucre_Lab_3139de,,,,,
2026-09-12T07:21:11-05:00,PUR_IED_AntonioGarcia_301_d6b188,PUR_IED_AntonioGarcia_301_d6b188,,,,,
2026-09-12T07:21:11-05:00,PUR_IED_AntonioGarcia_302_88a82,PUR_IED_AntonioGarcia_302_88a82,,,,,
2026-09-12T07:21:11-05:00,PUR_IED_AntonioGarcia_Ext_20950c,PUR_IED_AntonioGarcia_Ext_20950c,,,,,
2026-09-12T07:21:11-05:00,PUR_IED_AntonioVan_Aula2_6dea02,PUR_IED_AntonioVan_Aula2_6dea02,,,,,
2026-09-12T07:21:11-05:00,PUR_IED_AntonioVan_Aula5_f1557e,PUR_IED_AntonioVan_Aula5_f1557e,,,,,
2026-09-12T07:21:11-05:00,PUR_IED_AntonioVan_Ext_406f2f,PUR_IED_AntonioVan_Ext_406f2f,,,,,
2026-09-12T07:21:11-05:00,PUR_IED_Atabanzha_Ext_cc5af9,PUR_IED_Atabanzha_Ext_cc5af9,,,,,
2026-09-12T07:21:11-05:00,PUR_IED_Atabanzha_SA101_56c37,PUR_IED_Atabanzha_SA101_56c37,,,,,
2026-09-12T07:21:11-05:00,PUR_IED_Atabanzha_SB302_27b374,PUR_IED_Atabanzha_SB302_27b374,,,,,
2026-09-12T07:21:11-05:00,PUR_IED_Atahualpa_Ext_fc1748,PUR_IED_Atahualpa_Ext_fc1748,,,,,
2026-09-12T07:21:11-05:00,PUR_IED_Atahualpa_Informa_dc9a95,PUR_IED_Atahualpa_Informa_dc9a95,,,,,
2026-09-12T07:21:11-05:00,PUR_IED_Atahualpa_S1101_f98056,PUR_IED_Atahualpa_S1101_f98056,,,,,
2026-09-12T07:21:11-05:00,PUR_IED_Bellavista_Ext_f5aa74,PUR_IED_Bellavista_Ext_f5aa74,,,,,
2026-09-12T07:21:11-05:00,PUR_IED_Bilbao_11A_916c41,PUR_IED_Bilbao_11A_916c41,,,,,
2026-09-12T07:21:11-05:00,PUR_IED_Bilbao_Ext_fb579a,PUR_IED_Bilbao_Ext_fb579a,,,,,
2026-09-12T07:21:11-05:00,PUR_IED_BrasiliaU_A125_304280,PUR_IED_BrasiliaU_A125_304280,,,,,
2026-09-12T07:21:11-05:00,PUR_IED_BrasiliaU_A203_7c8ca5,PUR_IED_BrasiliaU_A203_7c8ca5,,,,,
2026-09-12T07:21:11-05:00,PUR_IED_BrasiliaU_Ext_8d6e9f,PUR_IED_BrasiliaU_Ext_8d6e9f,3,16,67,4.5175,-74.116302
2026-09-12T07:21:11-05:00,PUR_IED_Brasilia_Ext_fe6593,PUR_IED_Brasilia_Ext_fe6593,,,,,
2026-09-12T07:21:11-05:00,PUR_IED_Brasilia_S24_7c130d,PUR_IED_Brasilia_S24_7c130d,,,,,
2026-09-12T07:21:11-05:00,PUR_IED_Brasilia_S501_186a54,PUR_IED_Brasilia_S501_186a54,,,,,
2026-09-12T07:21:11-05:00,PUR_IED_CHARRY_EXT_f1d5cd,PUR_IED_CHARRY_EXT_f1d5cd,,,,,
2026-09-12T07:21:11-05:00,PUR_IED_CHARRY_INTDANZAS_7a08e6,PUR_IED_CHARRY_INTDANZAS_7a08e6,,,,,
2026-09-12T07:21:11-05:00,PUR_IED_CHARRY_INT_AULA20_dc998d,PUR_IED_CHARRY_INT_AULA20_dc998d,,,,,
2026-09-12T07:21:11-05:00,PUR_IED_COLVIV_1101_S25_7f520a,PUR_IED_COLVIV_1101_S25_7f520a,,,,,
2026-09-12T07:21:11-05:00,PUR_IED_COLVIV_1102_S16_f570ba,PUR_IED_COLVIV_1102_S16_f570ba,,,,,
2026-09-12T07:21:11-05:00,PUR_IED_COLVIV_Ext_1a26fa,PUR_IED_COLVIV_Ext_1a26fa,,,,,
2026-09-12T07:21:11-05:00,PUR_IED_CULPOP_301A_f660f3,PUR_IED_CULPOP_301A_f660f3,,,,,
2026-09-12T07:21:11-05:00,PUR_IED_CULPOP_303_568afe,PUR_IED_CULPOP_303_568afe,,,,,
2026-09-12T07:21:11-05:00,PUR_IED_CULPOP_Ext_e02ccb,PUR_IED_CULPOP_Ext_e02ccb,,,,,
2026-09-12T07:21:11-05:00,PUR_IED_CVillavicen_Ext_26eb58,PUR_IED_CVillavicen_Ext_26eb58,5,14,82,4.487,-74.102798
2026-09-12T07:21:11-05:00,PUR_IED_CVillavicen_Intel_1ce5c2,PUR_IED_CVillavicen_Intel_1ce5c2,,,,,
2026-09-12T07:21:11-05:00,PUR_IED_CVillavicen_Poliv_e0766c,PUR_IED_CVillavicen_Poliv_e0766c,,,,,
2026-09-12T07:21:11-05:00,PUR_IED_CVillavicen_int_1ba140,PUR_IED_CVillavicen_int_1ba140,,,,,
2026-09-12T07:21:11-05:00,PUR_IED_CVillavicen_intel_1ba140,PUR_IED_CVillavicen_intel_1ba140,,,,,
2026-09-12T07:21:11-05:00,PUR_IED_CarlosPizarro_Ext_e307cc,PUR_IED_CarlosPizarro_Ext_e307cc,,,,,
2026-09-12T07:21:11-05:00,PUR_IED_CarlosPizarro_L36_7e5cdb,PUR_IED_CarlosPizarro_L36_7e5cdb,,,,,
2026-09-12T07:21:11-05:00,PUR_IED_CarlosPizarro_L37_c8566c,PUR_IED_CarlosPizarro_L37_c8566c,,,,,
2026-09-12T07:21:11-05:00,PUR_IED_Castilla_Ext_cf35f,PUR_IED_Castilla_Ext_cf35f,,,,,
2026-09-12T07:21:11-05:00,PUR_IED_Castilla_SFisik_360e38,PUR_IED_Castilla_SFisik_360e38,,,,,
2026-09-12T07:21:11-05:00,PUR_IED_Castilla_Sc304_496fbf,PUR_IED_Castilla_Sc304_496fbf,,,,,
2026-09-12T07:21:11-05:00,PUR_IED_CervantesSa_Ext_6b57b,PUR_IED_CervantesSa_Ext_6b57b,3,16,72,4.5128,-74.117203
2026-09-12T07:21:11-05:00,PUR_IED_CervantesSa_S107_225c2b,PUR_IED_CervantesSa_S107_225c2b,,,,,
2026-09-12T07:21:11-05:00,PUR_IED_CervantesSa_S108_940925,PUR_IED_CervantesSa_S108_940925,,,,,
2026-09-12T07:21:11-05:00,PUR_IED_Charry_A20_f53e7c,PUR_IED_Charry_A20_f53e7c,,,,,
2026-09-12T07:21:11-05:00,PUR_IED_Charry_Ext_f1d5cd,PUR_IED_Charry_Ext_f1d5cd,,,,,
2026-09-12T07:21:11-05:00,PUR_IED_Charry_IntAula20_dc998d,PUR_IED_Charry_IntAula20_dc998d,,,,,
2026-09-12T07:21:11-05:00,PUR_IED_Charry_IntDanzas_7a08e6,PUR_IED_Charry_IntDanzas_7a08e6,,,,,
2026-09-12T07:21:11-05:00,PUR_IED_ClememciaC_203_43e2fc,PUR_IED_ClememciaC_203_43e2fc,,,,,
2026-09-12T07:21:11-05:00,PUR_IED_ClememciaC_Ext_1b411a,PUR_IED_ClememciaC_Ext_1b411a,,,,,
2026-09-12T07:21:11-05:00,PUR_IED_ClememciaC_Quimic_44b5fc,PUR_IED_ClememciaC_Quimic_44b5fc,,,,,
2026-09-12T07:21:11-05:00,PUR_IED_ClemenciaC_203_43e2fc,PUR_IED_ClemenciaC_203_43e2fc,,,,,
2026-09-12T07:21:11-05:00,PUR_IED_ClemenciaC_Ext_1b411a,PUR_IED_ClemenciaC_Ext_1b411a,,,,,
2026-09-12T07:21:11-05:00,PUR_IED_ClemenciaC_Quimic_44b5fc,PUR_IED_ClemenciaC_Quimic_44b5fc,,,,,
2026-09-12T07:21:11-05:00,PUR_IED_ColViva_1101_S25_7f520a,PUR_IED_ColViva_1101_S25_7f520a,,,,,
2026-09-12T07:21:11-05:00,PUR_IED_ColViva_1102_S16_f570ba,PUR_IED_ColViva_1102_S16_f570ba,,,,,
2026-09-12T07:21:11-05:00,PUR_IED_ColViva_Ext_1a26fa,PUR_IED_ColViva_Ext_1a26fa,,,,,
2026-09-12T07:21:11-05:00,PUR_IED_ColegioBici_Asist_7c8798,PUR_IED_ColegioBici_Asist_7c8798,,,,,
2026-09-12T07:21:11-05:00,PUR_IED_ColegioBici_Ext_25cbf6,PUR_IED_ColegioBici_Ext_25cbf6,,,,,
2026-09-12T07:21:11-05:00,PUR_IED_ColegioBici_LabQ_7b57db,PUR_IED_ColegioBici_LabQ_7b57db,,,,,
2026-09-12T07:21:11-05:00,PUR_IED_CostaRica_Ext_5e640,PUR_IED_CostaRica_Ext_5e640,,,,,
2026-09-12T07:21:11-05:00,PUR_IED_CostaRica_Quim1_766d1c,PUR_IED_CostaRica_Quim1_766d1c,,,,,
2026-09-12T07:21:11-05:00,PUR_IED_CostaRica__Fisica_6f0873,PUR_IED_CostaRica__Fisica_6f0873,,,,,
2026-09-12T07:21:11-05:00,PUR_IED_CulPopu_301A_f660f3,PUR_IED_CulPopu_301A_f660f3,,,,,
2026-09-12T07:21:11-05:00,PUR_IED_CulPopu_303_568afe,PUR_IED_CulPopu_303_568afe,,,,,
2026-09-12T07:21:11-05:00,PUR_IED_CulPopu_Ext_e02ccb,PUR_IED_CulPopu_Ext_e02ccb,,,,,
2026-09-12T07:21:11-05:00,PUR_IED_Cundinamarca_Ext_f15985,PUR_IED_Cundinamarca_Ext_f15985,,,,,
2026-09-12T07:21:11-05:00,PUR_IED_Cundinamarca_Info_7aa5d7,PUR_IED_Cundinamarca_Info_7aa5d7,,,,,
2026-09-12T07:21:11-05:00,PUR_IED_Cundinamarca_Tec2_f449c7,PUR_IED_Cundinamarca_Tec2_f449c7,,,,,
2026-09-12T07:21:11-05:00,PUR_IED_DiegoM_Aula1_27b314,PUR_IED_DiegoM_Aula1_27b314,,,,,
2026-09-12T07:21:11-05:00,PUR_IED_DiegoM_Ext_d80ac8,PUR_IED_DiegoM_Ext_d80ac8,,,,,
2026-09-12T07:21:11-05:00,PUR_IED_DiegoM_S25_da928f,PUR_IED_DiegoM_S25_da928f,,,,,
2026-09-12T07:21:11-05:00,PUR_IED_ELRODEO_360881,PUR_IED_ELRODEO_360881,,,,,
2026-09-12T07:21:11-05:00,PUR_IED_ELRODEO_ext_360881,PUR_IED_ELRODEO_ext_360881,,,,,
2026-09-12T07:21:11-05:00,PUR_IED_EduardoU_Ext_1c1969,PUR_IED_EduardoU_Ext_1c1969,,,,,
2026-09-12T07:21:11-05:00,PUR_IED_EduardoU_SCiencia_4dfb94,PUR_IED_EduardoU_SCiencia_4dfb94,,,,,
2026-09-12T07:21:11-05:00,PUR_IED_EduardoU_SQuimica_5a46e7,PUR_IED_EduardoU_SQuimica_5a46e7,,,,,
2026-09-12T07:21:11-05:00,PUR_IED_ElRodeo_Aula14_676984,PUR_IED_ElRodeo_Aula14_676984,,,,,
2026-09-12T07:21:11-05:00,PUR_IED_ElRodeo_Aula16_2dd35b,PUR_IED_ElRodeo_Aula16_2dd35b,,,,,
2026-09-12T07:21:11-05:00,PUR_IED_ElRodeo_Ext_360881,PUR_IED_ElRodeo_Ext_360881,,,,,
2026-09-12T07:21:11-05:00,PUR_IED_ElRodeo_Exterior_8c6d28,PUR_IED_ElRodeo_Exterior_8c6d28,,,,,
2026-09-12T07:21:11-05:00,PUR_IED_ElRodeo_ext_360881,PUR_IED_ElRodeo_ext_360881,,,,,
2026-09-12T07:21:11-05:00,PUR_IED_EmmaReyes_Ext_987625,PUR_IED_EmmaReyes_Ext_987625,6,21,53,4.6367,-74.1511
2026-09-12T07:21:11-05:00,PUR_IED_Ensueño_Ext_7f0250,PUR_IED_Ensueño_Ext_7f0250,,,,,
2026-09-12T07:21:11-05:00,PUR_IED_EscNormal_Ext_5fef3b,PUR_IED_EscNormal_Ext_5fef3b,2,18,61,4.5852,-74.096901
2026-09-12T07:21:11-05:00,PUR_IED_EscNormal_S309_5b263,PUR_IED_EscNormal_S309_5b263,,,,,
2026-09-12T07:21:11-05:00,PUR_IED_EscNormal_S310_27b3b8,PUR_IED_EscNormal_S310_27b3b8,,,,,
2026-09-12T07:21:11-05:00,PUR_IED_Evangelista_Conta_f6cd4f,PUR_IED_Evangelista_Conta_f6cd4f,,,,,
2026-09-12T07:21:11-05:00,PUR_IED_Evangelista_Cri_5e16a,PUR_IED_Evangelista_Cri_5e16a,,,,,
2026-09-12T07:21:11-05:00,PUR_IED_Evangelista_Exter_754066,PUR_IED_Evangelista_Exter_754066,,,,,
2026-09-12T07:21:11-05:00,PUR_IED_FMiranda_S209_5cc2a3,PUR_IED_FMiranda_S209_5cc2a3,,,,,
2026-09-12T07:21:11-05:00,PUR_IED_FMiranda_S303_19e344,PUR_IED_FMiranda_S303_19e344,,,,,
2026-09-12T07:21:11-05:00,PUR_IED_FMiranda_ext_f53e7c,PUR_IED_FMiranda_ext_f53e7c,,,,,
2026-09-12T07:21:11-05:00,PUR_IED_FabioLozano_Bibli_1cee05,PUR_IED_FabioLozano_Bibli_1cee05,,,,,
2026-09-12T07:21:11-05:00,PUR_IED_FabioLozano_Ext_6ea285,PUR_IED_FabioLozano_Ext_6ea285,,,,,
2026-09-12T07:21:11-05:00,PUR_IED_FabioLozano_SLudi_f09e1e,PUR_IED_FabioLozano_SLudi_f09e1e,,,,,
2026-09-12T07:21:11-05:00,PUR_IED_FaustinoS_Aula07_27a731,PUR_IED_FaustinoS_Aula07_27a731,,,,,
2026-09-12T07:21:11-05:00,PUR_IED_FaustinoS_Ext_7b936f,PUR_IED_FaustinoS_Ext_7b936f,,,,,
2026-09-12T07:21:11-05:00,PUR_IED_FaustinoS_Fisica_da2c60,PUR_IED_FaustinoS_Fisica_da2c60,,,,,
2026-09-12T07:21:11-05:00,PUR_IED_FeGarciaLo_Ext_dc68ee,PUR_IED_FeGarciaLo_Ext_dc68ee,,,,,
2026-09-12T07:21:11-05:00,PUR_IED_FeGarciaLo_SDanza_f70a59,PUR_IED_FeGarciaLo_SDanza_f70a59,,,,,
2026-09-12T07:21:11-05:00,PUR_IED_FeGarciaLo_SMusic_125cdd,PUR_IED_FeGarciaLo_SMusic_125cdd,,,,,
2026-09-12T07:21:11-05:00,PUR_IED_FederalAlema_Exte_50c345,PUR_IED_FederalAlema_Exte_50c345,,,,,
2026-09-12T07:21:11-05:00,PUR_IED_FederalAlema_S31_f18371,PUR_IED_FederalAlema_S31_f18371,,,,,
2026-09-12T07:21:11-05:00,PUR_IED_FederalAlema_S901_a62cd,PUR_IED_FederalAlema_S901_a62cd,,,,,
2026-09-12T07:21:11-05:00,PUR_IED_FilarmonicaS_A5_f35eb1,PUR_IED_FilarmonicaS_A5_f35eb1,,,,,
2026-09-12T07:21:11-05:00,PUR_IED_FilarmonicaS_Ext_8a3bde,PUR_IED_FilarmonicaS_Ext_8a3bde,,,,,
2026-09-12T07:21:11-05:00,PUR_IED_FilarmonicaS_Spol_406114,PUR_IED_FilarmonicaS_Spol_406114,,,,,
2026-09-12T07:21:11-05:00,PUR_IED_FlorentinoG_A13_d1fa59,PUR_IED_FlorentinoG_A13_d1fa59,,,,,
2026-09-12T07:21:11-05:00,PUR_IED_FlorentinoG_Ext_1ce6ce,PUR_IED_FlorentinoG_Ext_1ce6ce,,,,,
2026-09-12T07:21:11-05:00,PUR_IED_FlorentinoG_Idiom_a66aac,PUR_IED_FlorentinoG_Idiom_a66aac,,,,,
2026-09-12T07:21:11-05:00,PUR_IED_FranciscoMati_Ext_e3869d,PUR_IED_FranciscoMati_Ext_e3869d,,,,,
2026-09-12T07:21:11-05:00,PUR_IED_FranciscoMati_S13_f31c67,PUR_IED_FranciscoMati_S13_f31c67,,,,,
2026-09-12T07:21:11-05:00,PUR_IED_FranciscoMati_S14_97dead,PUR_IED_FranciscoMati_S14_97dead,,,,,
2026-09-12T07:21:11-05:00,PUR_IED_FranciscoPS_Ext_7bfa9a,PUR_IED_FranciscoPS_Ext_7bfa9a,2,18,63,4.5899,-74.110397
2026-09-12T07:21:11-05:00,PUR_IED_FranciscoPS_Infor_fb8f4c,PUR_IED_FranciscoPS_Infor_fb8f4c,,,,,
2026-09-12T07:21:11-05:00,PUR_IED_FranciscoPS_Quimi_94d39c,PUR_IED_FranciscoPS_Quimi_94d39c,,,,,
2026-09-12T07:21:11-05:00,PUR_IED_FranciscoP_LabQ_d7e148,PUR_IED_FranciscoP_LabQ_d7e148,,,,,
2026-09-12T07:21:11-05:00,PUR_IED_FranciscoP_S28_cf9b30,PUR_IED_FranciscoP_S28_cf9b30,,,,,
2026-09-12T07:21:11-05:00,PUR_IED_FranciscoP_ext_e2313,PUR_IED_FranciscoP_ext_e2313,,,,,
2026-09-12T07:21:11-05:00,PUR_IED_FriederichN_Ext_8ac92a,PUR_IED_FriederichN_Ext_8ac92a,,,,,
2026-09-12T07:21:11-05:00,PUR_IED_FriederichN_S301_dd7e5a,PUR_IED_FriederichN_S301_dd7e5a,,,,,
2026-09-12T07:21:11-05:00,PUR_IED_FriederichN_S308_761f4f,PUR_IED_FriederichN_S308_761f4f,,,,,
2026-09-12T07:21:11-05:00,PUR_IED_GSantander_Aula10_533dd7,PUR_IED_GSantander_Aula10_533dd7,,,,,
2026-09-12T07:21:11-05:00,PUR_IED_GSantander_Aula12_fd4e4f,PUR_IED_GSantander_Aula12_fd4e4f,,,,,
2026-09-12T07:21:11-05:00,PUR_IED_GSantander_Aula310_533dd7,PUR_IED_GSantander_Aula310_533dd7,,,,,
2026-09-12T07:21:11-05:00,PUR_IED_GSantander_Aula312_fd4e4f,PUR_IED_GSantander_Aula312_fd4e4f,,,,,
2026-09-12T07:21:11-05:00,PUR_IED_GSantander_Ext_5f66b0,PUR_IED_GSantander_Ext_5f66b0,,,,,
2026-09-12T07:21:11-05:00,PUR_IED_GYomasa_Ext_f6bea5,PUR_IED_GYomasa_Ext_f6bea5,,,,,
2026-09-12T07:21:11-05:00,PUR_IED_GYomasa_LBiol_2c41aa,PUR_IED_GYomasa_LBiol_2c41aa,,,,,
2026-09-12T07:21:11-05:00,PUR_IED_GYomasa_LQuim_33c80,PUR_IED_GYomasa_LQuim_33c80,,,,,
2026-09-12T07:21:11-05:00,PUR_IED_GabBetMejia_Cienc_5a99c,PUR_IED_GabBetMejia_Cienc_5a99c,,,,,
2026-09-12T07:21:11-05:00,PUR_IED_GabBetMejia_Ext_9153d0,PUR_IED_GabBetMejia_Ext_9153d0,,,,,
2026-09-12T07:21:11-05:00,PUR_IED_GabBetMejia_Lab_f55347,PUR_IED_GabBetMejia_Lab_f55347,,,,,
2026-09-12T07:21:11-05:00,PUR_IED_GabBetanMejia_Ext_9153d0,PUR_IED_GabBetanMejia_Ext_9153d0,,,,,
2026-09-12T07:21:11-05:00,PUR_IED_Gaitana_Aula13_7aac11,PUR_IED_Gaitana_Aula13_7aac11,,,,,
2026-09-12T07:21:11-05:00,PUR_IED_Gaitana_Ext_5fcf4,PUR_IED_Gaitana_Ext_5fcf4,,,,,
2026-09-12T07:21:11-05:00,PUR_IED_Gaitana_LabFisica_644448,PUR_IED_Gaitana_LabFisica_644448,,,,,
2026-09-12T07:21:11-05:00,PUR_IED_GenSantander_Dise_8ac858,PUR_IED_GenSantander_Dise_8ac858,,,,,
2026-09-12T07:21:11-05:00,PUR_IED_GenSantander_Ext_8d5dfe,PUR_IED_GenSantander_Ext_8d5dfe,,,,,
2026-09-12T07:21:11-05:00,PUR_IED_GenSantander_Info_6c25b,PUR_IED_GenSantander_Info_6c25b,,,,,
2026-09-12T07:21:11-05:00,PUR_IED_GustavoMo_Exterio_75e63d,PUR_IED_GustavoMo_Exterio_75e63d,,,,,
2026-09-12T07:21:11-05:00,PUR_IED_GustavoMo_LabFisi_224d37,PUR_IED_GustavoMo_LabFisi_224d37,,,,,
2026-09-12T07:21:11-05:00,PUR_IED_GustavoMo_S208_3e6918,PUR_IED_GustavoMo_S208_3e6918,,,,,
2026-09-12T07:21:11-05:00,PUR_IED_GustavoR_A02_8cd4a8,PUR_IED_GustavoR_A02_8cd4a8,,,,,
2026-09-12T07:21:11-05:00,PUR_IED_GustavoR_B11_5b0ed,PUR_IED_GustavoR_B11_5b0ed,,,,,
2026-09-12T07:21:11-05:00,PUR_IED_GustavoR_Ext_7a0c90,PUR_IED_GustavoR_Ext_7a0c90,,,,,
2026-09-12T07:21:11-05:00,PUR_IED_HernandoDuran_Ext_8cd82b,PUR_IED_HernandoDuran_Ext_8cd82b,,,,,
2026-09-12T07:21:11-05:00,PUR_IED_HernandoDuran_S24_2772c6,PUR_IED_HernandoDuran_S24_2772c6,,,,,
2026-09-12T07:21:11-05:00,PUR_IED_HernandoDuran_S30_f2de41,PUR_IED_HernandoDuran_S30_f2de41,,,,,
2026-09-12T07:21:11-05:00,PUR_IED_HolguInUr_S1101_8cd732,PUR_IED_HolguInUr_S1101_8cd732,,,,,
2026-09-12T07:21:11-05:00,PUR_IED_HolguinUr_Exter_ddae6d,PUR_IED_HolguinUr_Exter_ddae6d,,,,,
2026-09-12T07:21:11-05:00,PUR_IED_HolguinUr_LabQuim_92b952,PUR_IED_HolguinUr_LabQuim_92b952,,,,,
2026-09-12T07:21:11-05:00,PUR_IED_Isabel-II_Ext_5245cc,PUR_IED_Isabel-II_Ext_5245cc,4,18,62,4.6336,-74.153
2026-09-12T07:21:11-05:00,PUR_IED_Isabel-II_S_idiom_1c29aa,PUR_IED_Isabel-II_S_idiom_1c29aa,,,,,
2026-09-12T07:21:11-05:00,PUR_IED_Isabel-II_S_infor_fd741,PUR_IED_Isabel-II_S_infor_fd741,,,,,
2026-09-12T07:21:11-05:00,PUR_IED_IsidroSur_Exterio_5b90ea,PUR_IED_IsidroSur_Exterio_5b90ea,,,,,
2026-09-12T07:21:11-05:00,PUR_IED_IsidroSur_LabTec_56697a,PUR_IED_IsidroSur_LabTec_56697a,,,,,
2026-09-12T07:21:11-05:00,PUR_IED_IsidroSur_Robotic_b7c38f,PUR_IED_IsidroSur_Robotic_b7c38f,,,,,
2026-09-12T07:21:11-05:00,PUR_IED_IsmaelPerd_Ext_7b6672,PUR_IED_IsmaelPerd_Ext_7b6672,,,,,
2026-09-12T07:21:11-05:00,PUR_IED_IsmaelPerd_Inform_306540,PUR_IED_IsmaelPerd_Inform_306540,,,,,
2026-09-12T07:21:11-05:00,PUR_IED_IsmaelPerd_S30_2e2c83,PUR_IED_IsmaelPerd_S30_2e2c83,,,,,
2026-09-12T07:21:11-05:00,PUR_IED_JLozano_Exter_432910,PUR_IED_JLozano_Exter_432910,,,,,
2026-09-12T07:21:11-05:00,PUR_IED_JLozano_salaMulti_df5125,PUR_IED_JLozano_salaMulti_df5125,,,,,
2026-09-12T07:21:11-05:00,PUR_IED_JMCordoba_206_86f80b,PUR_IED_JMCordoba_206_86f80b,,,,,
2026-09-12T07:21:11-05:00,PUR_IED_JMCordoba_Ext_27ad97,PUR_IED_JMCordoba_Ext_27ad97,,,,,
2026-09-12T07:21:11-05:00,PUR_IED_JMCordoba_S310_d59ab4,PUR_IED_JMCordoba_S310_d59ab4,,,,,
2026-09-12T07:21:11-05:00,PUR_IED_Japon_Ext_549100,PUR_IED_Japon_Ext_549100,,,,,
2026-09-12T07:21:11-05:00,PUR_IED_Japon_Laboratorio_bec51d,PUR_IED_Japon_Laboratorio_bec51d,,,,,
2026-09-12T07:21:11-05:00,PUR_IED_Japon_informatica_d99327,PUR_IED_Japon_informatica_d99327,,,,,
2026-09-12T07:21:11-05:00,PUR_IED_Jazmin_Ext_d27bda,PUR_IED_Jazmin_Ext_d27bda,,,,,
2026-09-12T07:21:11-05:00,PUR_IED_Jazmin_Fisica_8d14d7,PUR_IED_Jazmin_Fisica_8d14d7,,,,,
2026-09-12T07:21:11-05:00,PUR_IED_Jazmin_Quimica_801cb5,PUR_IED_Jazmin_Quimica_801cb5,,,,,
2026-09-12T07:21:11-05:00,PUR_IED_JorgeGaitan_Exter_f098d1,PUR_IED_JorgeGaitan_Exter_f098d1,,,,,
2026-09-12T07:21:11-05:00,PUR_IED_JorgeGaitan_STec1_dc9d1d,PUR_IED_JorgeGaitan_STec1_dc9d1d,,,,,
2026-09-12T07:21:11-05:00,PUR_IED_JorgeGaitan_STec2_281e69,PUR_IED_JorgeGaitan_STec2_281e69,,,,,
2026-09-12T07:21:11-05:00,PUR_IED_JorgeSoto_Exterio_d9d0a2,PUR_IED_JorgeSoto_Exterio_d9d0a2,,,,,
2026-09-12T07:21:11-05:00,PUR_IED_JorgeSoto_LabFisi_209c54,PUR_IED_JorgeSoto_LabFisi_209c54,,,,,
2026-09-12T07:21:11-05:00,PUR_IED_JorgeSoto_S103_27b51a,PUR_IED_JorgeSoto_S103_27b51a,,,,,
2026-09-12T07:21:11-05:00,PUR_IED_JoseAcevedo_A02_e965eb,PUR_IED_JoseAcevedo_A02_e965eb,,,,,
2026-09-12T07:21:11-05:00,PUR_IED_JoseAcevedo_A07_dd5b4,PUR_IED_JoseAcevedo_A07_dd5b4,,,,,
2026-09-12T07:21:11-05:00,PUR_IED_JoseAcevedo_Ext_b47484,PUR_IED_JoseAcevedo_Ext_b47484,,,,,
2026-09-12T07:21:11-05:00,PUR_IED_JoseMarti_Exte_5b9bf,PUR_IED_JoseMarti_Exte_5b9bf,,,,,
2026-09-12T07:21:11-05:00,PUR_IED_JoseMarti_LabQuim_1c6c2d,PUR_IED_JoseMarti_LabQuim_1c6c2d,,,,,
2026-09-12T07:21:11-05:00,PUR_IED_JoseMarti_S_info_f5f177,PUR_IED_JoseMarti_S_info_f5f177,,,,,
2026-09-12T07:21:11-05:00,PUR_IED_Josejoaquin_Ext_dfc5dc,PUR_IED_Josejoaquin_Ext_dfc5dc,,,,,
2026-09-12T07:21:11-05:00,PUR_IED_Josejoaquin_S05_5b2a96,PUR_IED_Josejoaquin_S05_5b2a96,,,,,
2026-09-12T07:21:11-05:00,PUR_IED_Josejoaquin_S06_1ce7d2,PUR_IED_Josejoaquin_S06_1ce7d2,,,,,
2026-09-12T07:21:11-05:00,PUR_IED_JulioFlorez_Danza_9b82dd,PUR_IED_JulioFlorez_Danza_9b82dd,,,,,
2026-09-12T07:21:11-05:00,PUR_IED_JulioFlorez_Exter_f9f314,PUR_IED_JulioFlorez_Exter_f9f314,,,,,
2026-09-12T07:21:11-05:00,PUR_IED_JulioFlorez_info2_6b6e08,PUR_IED_JulioFlorez_info2_6b6e08,,,,,
2026-09-12T07:21:11-05:00,PUR_IED_LaBelleza_Aula13_1d00d8,PUR_IED_LaBelleza_Aula13_1d00d8,,,,,
2026-09-12T07:21:11-05:00,PUR_IED_LaBelleza_Ext_7bc08c,PUR_IED_LaBelleza_Ext_7bc08c,,,,,
2026-09-12T07:21:11-05:00,PUR_IED_LaChucua_Ext_8cd6d2,PUR_IED_LaChucua_Ext_8cd6d2,,,,,
2026-09-12T07:21:11-05:00,PUR_IED_LaChucua_S15_f578ce,PUR_IED_LaChucua_S15_f578ce,,,,,
2026-09-12T07:21:11-05:00,PUR_IED_LaChucua_S16_eebcf9,PUR_IED_LaChucua_S16_eebcf9,,,,,
2026-09-12T07:21:11-05:00,PUR_IED_LaFelicidad_Ext_fb5109,PUR_IED_LaFelicidad_Ext_fb5109,,,,,
2026-09-12T07:21:11-05:00,PUR_IED_LaMerced_206_66ebd,PUR_IED_LaMerced_206_66ebd,,,,,
2026-09-12T07:21:11-05:00,PUR_IED_LaMerced_207_6ebd6,PUR_IED_LaMerced_207_6ebd6,,,,,
2026-09-12T07:21:11-05:00,PUR_IED_LaMerced_ext_304311,PUR_IED_LaMerced_ext_304311,,,,,
2026-09-12T07:21:11-05:00,PUR_IED_Laureano_CiencNat_281e5e,PUR_IED_Laureano_CiencNat_281e5e,,,,,
2026-09-12T07:21:11-05:00,PUR_IED_Laureano_Comedor_f65c0a,PUR_IED_Laureano_Comedor_f65c0a,,,,,
2026-09-12T07:21:11-05:00,PUR_IED_Laureano_Exterior_7ab011,PUR_IED_Laureano_Exterior_7ab011,,,,,
2026-09-12T07:21:11-05:00,PUR_IED_LeonGreiff_Exte_dfe560,PUR_IED_LeonGreiff_Exte_dfe560,,,,,
2026-09-12T07:21:11-05:00,PUR_IED_LeonGreiff_S210_f264ed,PUR_IED_LeonGreiff_S210_f264ed,,,,,
2026-09-12T07:21:11-05:00,PUR_IED_LeonGreiff_SQuimi_e8296f,PUR_IED_LeonGreiff_SQuimi_e8296f,,,,,
2026-09-12T07:21:11-05:00,PUR_IED_LlanoOrientalS208_7b9fcd,PUR_IED_LlanoOrientalS208_7b9fcd,,,,,
2026-09-12T07:21:11-05:00,PUR_IED_LlanoOriental_Ext_fb3766,PUR_IED_LlanoOriental_Ext_fb3766,,,,,
2026-09-12T07:21:11-05:00,PUR_IED_LlanoOriental_S208_7b9fcd,PUR_IED_LlanoOriental_S208_7b9fcd,,,,,
2026-09-12T07:21:11-05:00,PUR_IED_LlanoOriental_S9_27b378,PUR_IED_LlanoOriental_S9_27b378,,,,,
2026-09-12T07:21:11-05:00,PUR_IED_LosTejares_1101_477602,PUR_IED_LosTejares_1101_477602,,,,,
2026-09-12T07:21:11-05:00,PUR_IED_LosTejares_11_d2c595,PUR_IED_LosTejares_11_d2c595,,,,,
2026-09-12T07:21:11-05:00,PUR_IED_LosTejares_12_477602,PUR_IED_LosTejares_12_477602,,,,,
2026-09-12T07:21:11-05:00,PUR_IED_LosTejares_Ext_8e2115,PUR_IED_LosTejares_Ext_8e2115,,,,,
2026-09-12T07:21:11-05:00,PUR_IED_MagdalenaO_B202_5ddda3,PUR_IED_MagdalenaO_B202_5ddda3,,,,,
2026-09-12T07:21:11-05:00,PUR_IED_MagdalenaO_B205_fb76e8,PUR_IED_MagdalenaO_B205_fb76e8,,,,,
2026-09-12T07:21:11-05:00,PUR_IED_MagdalenaO_ext_dc69cd,PUR_IED_MagdalenaO_ext_dc69cd,,,,,
2026-09-12T07:21:11-05:00,PUR_IED_ManueCepeda_artes_eee956,PUR_IED_ManueCepeda_artes_eee956,,,,,
2026-09-12T07:21:11-05:00,PUR_IED_ManuelCepeda_Ext_58313,PUR_IED_ManuelCepeda_Ext_58313,,,,,
2026-09-12T07:21:11-05:00,PUR_IED_ManuelCepeda_tec_1c5731,PUR_IED_ManuelCepeda_tec_1c5731,,,,,
2026-09-12T07:21:11-05:00,PUR_IED_ManuelS_Exterior_5b269,PUR_IED_ManuelS_Exterior_5b269,,,,,
2026-09-12T07:21:11-05:00,PUR_IED_ManuelS_Inform_f369ce,PUR_IED_ManuelS_Inform_f369ce,,,,,
2026-09-12T07:21:11-05:00,PUR_IED_ManuelS_SArtes_7d15f1,PUR_IED_ManuelS_SArtes_7d15f1,,,,,
2026-09-12T07:21:11-05:00,PUR_IED_ManuelZapata_303_3ca6,PUR_IED_ManuelZapata_303_3ca6,,,,,
2026-09-12T07:21:11-05:00,PUR_IED_ManuelZapata_311_bfbabc,PUR_IED_ManuelZapata_311_bfbabc,,,,,
2026-09-12T07:21:11-05:00,PUR_IED_ManuelZapata_Ext_50824a,PUR_IED_ManuelZapata_Ext_50824a,,,,,
2026-09-12T07:21:11-05:00,PUR_IED_ManuelitaS_Exteri_656a92,PUR_IED_ManuelitaS_Exteri_656a92,,,,,
2026-09-12T07:21:11-05:00,PUR_IED_ManuelitaS_JuzgDe_f58ec3,PUR_IED_ManuelitaS_JuzgDe_f58ec3,,,,,
2026-09-12T07:21:11-05:00,PUR_IED_ManuelitaS_Recrea_d793db,PUR_IED_ManuelitaS_Recrea_d793db,,,,,
2026-09-12T07:21:11-05:00,PUR_IED_MarFidSuarez_Ext_c27b19,PUR_IED_MarFidSuarez_Ext_c27b19,,,,,
2026-09-12T07:21:11-05:00,PUR_IED_MarFidSuarez_Info_e384d7,PUR_IED_MarFidSuarez_Info_e384d7,,,,,
2026-09-12T07:21:11-05:00,PUR_IED_MarFidSuarez_S306_1d0032,PUR_IED_MarFidSuarez_S306_1d0032,,,,,
2026-09-12T07:21:11-05:00,PUR_IED_Menorah_301_2a25a3,PUR_IED_Menorah_301_2a25a3,,,,,
2026-09-12T07:21:11-05:00,PUR_IED_Menorah_306_37ed3,PUR_IED_Menorah_306_37ed3,,,,,
2026-09-12T07:21:11-05:00,PUR_IED_Menorah_Ext_3e155b,PUR_IED_Menorah_Ext_3e155b,,,,,
2026-09-12T07:21:11-05:00,PUR_IED_MinutoB.Aires_A11_1b1604,PUR_IED_MinutoB.Aires_A11_1b1604,,,,,
2026-09-12T07:21:11-05:00,PUR_IED_MinutoB.Aires_A12_fb5860,PUR_IED_MinutoB.Aires_A12_fb5860,,,,,
2026-09-12T07:21:11-05:00,PUR_IED_MinutoB.Aires_Ext_81293f,PUR_IED_MinutoB.Aires_Ext_81293f,,,,,
2026-09-12T07:21:11-05:00,PUR_IED_MinutoBAires_A11_1b1604,PUR_IED_MinutoBAires_A11_1b1604,,,,,
2026-09-12T07:21:11-05:00,PUR_IED_MinutoBAires_A12_fb5860,PUR_IED_MinutoBAires_A12_fb5860,,,,,
2026-09-12T07:21:11-05:00,PUR_IED_MinutoBAires_Ext_81293f,PUR_IED_MinutoBAires_Ext_81293f,,,,,
2026-09-12T07:21:11-05:00,PUR_IED_Montreal_Aula10_1e4959,PUR_IED_Montreal_Aula10_1e4959,,,,,
2026-09-12T07:21:11-05:00,PUR_IED_Montreal_Aula6_300367,PUR_IED_Montreal_Aula6_300367,,,,,
2026-09-12T07:21:11-05:00,PUR_IED_Montreal_Exterior_91a179,PUR_IED_Montreal_Exterior_91a179,,,,,
2026-09-12T07:21:11-05:00,PUR_IED_Mqgdalena_B202_5ddda3,PUR_IED_Mqgdalena_B202_5ddda3,,,,,
2026-09-12T07:21:11-05:00,PUR_IED_NACUND_Soc_dc8728,PUR_IED_NACUND_Soc_dc8728,,,,,
2026-09-12T07:21:11-05:00,PUR_IED_NACUND_ext_27ad97,PUR_IED_NACUND_ext_27ad97,,,,,
2026-09-12T07:21:11-05:00,PUR_IED_NEsperanza_Ext_d24b61,PUR_IED_NEsperanza_Ext_d24b61,,,,,
2026-09-12T07:21:11-05:00,PUR_IED_NEsperanza_SElect_7d1807,PUR_IED_NEsperanza_SElect_7d1807,,,,,
2026-09-12T07:21:11-05:00,PUR_IED_NEsperanza_SLabor_8b2d0a,PUR_IED_NEsperanza_SLabor_8b2d0a,,,,,
2026-09-12T07:21:11-05:00,PUR_IED_NacionesU_Ext_f661a9,PUR_IED_NacionesU_Ext_f661a9,,,,,
2026-09-12T07:21:11-05:00,PUR_IED_NacionesU_Quimica_66f0a,PUR_IED_NacionesU_Quimica_66f0a,,,,,
2026-09-12T07:21:11-05:00,PUR_IED_NacionesU_S306_1b4b3d,PUR_IED_NacionesU_S306_1b4b3d,,,,,
2026-09-12T07:21:11-05:00,PUR_IED_NestorFA_Ext_e4201c,PUR_IED_NestorFA_Ext_e4201c,,,,,
2026-09-12T07:21:11-05:00,PUR_IED_NestorFA_Laborato_f22fe0,PUR_IED_NestorFA_Laborato_f22fe0,,,,,
2026-09-12T07:21:11-05:00,PUR_IED_NestorFA_S204_dee996,PUR_IED_NestorFA_S204_dee996,,,,,
2026-09-12T07:21:11-05:00,PUR_IED_NidyaQT_Aula03_76999b,PUR_IED_NidyaQT_Aula03_76999b,,,,,
2026-09-12T07:21:11-05:00,PUR_IED_NidyaQT_Aula10_56325,PUR_IED_NidyaQT_Aula10_56325,,,,,
2026-09-12T07:21:11-05:00,PUR_IED_NidyaQT_Ext_46e32d,PUR_IED_NidyaQT_Ext_46e32d,,,,,
2026-09-12T07:21:11-05:00,PUR_IED_NuevaCol_Exterior_d9b859,PUR_IED_NuevaCol_Exterior_d9b859,,,,,
2026-09-12T07:21:11-05:00,PUR_IED_NuevaCol_S1101_76c43b,PUR_IED_NuevaCol_S1101_76c43b,,,,,
2026-09-12T07:21:11-05:00,PUR_IED_NuevaCol_S1102_1ce0b5,PUR_IED_NuevaCol_S1102_1ce0b5,,,,,
2026-09-12T07:21:11-05:00,PUR_IED_OEA_A202_f7e3f2,PUR_IED_OEA_A202_f7e3f2,,,,,
2026-09-12T07:21:11-05:00,PUR_IED_OEA_A203_7d1b8d,PUR_IED_OEA_A203_7d1b8d,,,,,
2026-09-12T07:21:11-05:00,PUR_IED_OEA_Ext_27b593,PUR_IED_OEA_Ext_27b593,,,,,
2026-09-12T07:21:11-05:00,PUR_IED_Ochoa_Ext_1c29da,PUR_IED_Ochoa_Ext_1c29da,,,,,
2026-09-12T07:21:11-05:00,PUR_IED_Ochoa_S205_8b1121,PUR_IED_Ochoa_S205_8b1121,,,,,
2026-09-12T07:21:11-05:00,PUR_IED_Ochoa_Sistemas_f33af6,PUR_IED_Ochoa_Sistemas_f33af6,,,,,
2026-09-12T07:21:11-05:00,PUR_IED_PQuebec_Ext_1c67c7,PUR_IED_PQuebec_Ext_1c67c7,,,,,
2026-09-12T07:21:11-05:00,PUR_IED_PQuebec_S15_23e8e2,PUR_IED_PQuebec_S15_23e8e2,,,,,
2026-09-12T07:21:11-05:00,PUR_IED_PQuebec_S16_8ec76b,PUR_IED_PQuebec_S16_8ec76b,,,,,
2026-09-12T07:21:11-05:00,PUR_IED_PabloN_Ext_49dc96,PUR_IED_PabloN_Ext_49dc96,,,,,
2026-09-12T07:21:11-05:00,PUR_IED_PabloN_S1102_4e3df5,PUR_IED_PabloN_S1102_4e3df5,,,,,
2026-09-12T07:21:11-05:00,PUR_IED_PabloN_S1103_50c94b,PUR_IED_PabloN_S1103_50c94b,,,,,
2026-09-12T07:21:11-05:00,PUR_IED_Palestina_S1101_db9198,PUR_IED_Palestina_S1101_db9198,,,,,
2026-09-12T07:21:11-05:00,PUR_IED_Palestina_S1102_dc54fa,PUR_IED_Palestina_S1102_dc54fa,,,,,
2026-09-12T07:21:11-05:00,PUR_IED_Palestina_ext_4ccce6,PUR_IED_Palestina_ext_4ccce6,,,,,
2026-09-12T07:21:11-05:00,PUR_IED_Panama_Fisica_4d0794,PUR_IED_Panama_Fisica_4d0794,,,,,
2026-09-12T07:21:11-05:00,PUR_IED_Panama_SIngles_a4077e,PUR_IED_Panama_SIngles_a4077e,,,,,
2026-09-12T07:21:11-05:00,PUR_IED_Panama_ext_4c54b4,PUR_IED_Panama_ext_4c54b4,,,,,
2026-09-12T07:21:11-05:00,PUR_IED_ParaisoM_Exterior_8cd7f0,PUR_IED_ParaisoM_Exterior_8cd7f0,,,,,
2026-09-12T07:21:11-05:00,PUR_IED_ParaisoM_Laborato_27af35,PUR_IED_ParaisoM_Laborato_27af35,,,,,
2026-09-12T07:21:11-05:00,PUR_IED_ParaisoM_S304_d1edca,PUR_IED_ParaisoM_S304_d1edca,,,,,
2026-09-12T07:21:11-05:00,PUR_IED_PorfirioBarba_Ext_301466,PUR_IED_PorfirioBarba_Ext_301466,,,,,
2026-09-12T07:21:11-05:00,PUR_IED_PorfirioBarba_S11_df6cd2,PUR_IED_PorfirioBarba_S11_df6cd2,,,,,
2026-09-12T07:21:11-05:00,PUR_IED_PorfirioBarba_S29_27a7d6,PUR_IED_PorfirioBarba_S29_27a7d6,,,,,
2026-09-12T07:21:11-05:00,PUR_IED_PradoV_Exter_8b27ad,PUR_IED_PradoV_Exter_8b27ad,,,,,
2026-09-12T07:21:11-05:00,PUR_IED_PradoV_S301_de65b5,PUR_IED_PradoV_S301_de65b5,,,,,
2026-09-12T07:21:11-05:00,PUR_IED_PradoV_S302_7d2593,PUR_IED_PradoV_S302_7d2593,,,,,
2026-09-12T07:21:11-05:00,PUR_IED_QuirogaAlz_Ext_1ddc82,PUR_IED_QuirogaAlz_Ext_1ddc82,,,,,
2026-09-12T07:21:11-05:00,PUR_IED_QuirogaAlz_S302_9926a3,PUR_IED_QuirogaAlz_S302_9926a3,,,,,
2026-09-12T07:21:11-05:00,PUR_IED_QuirogaAlz_S305_cdf1f1,PUR_IED_QuirogaAlz_S305_cdf1f1,,,,,
2026-09-12T07:21:11-05:00,PUR_IED_RGuatemala_Biling_dc53b7,PUR_IED_RGuatemala_Biling_dc53b7,,,,,
2026-09-12T07:21:11-05:00,PUR_IED_RGuatemala_Ext_1b89a3,PUR_IED_RGuatemala_Ext_1b89a3,,,,,
2026-09-12T07:21:11-05:00,PUR_IED_RGuatemala_Tecnol_281a34,PUR_IED_RGuatemala_Tecnol_281a34,,,,,
2026-09-12T07:21:11-05:00,PUR_IED_RafaNu_Ext_f7c302,PUR_IED_RafaNu_Ext_f7c302,,,,,
2026-09-12T07:21:11-05:00,PUR_IED_RafaNu_S1101_25fde,PUR_IED_RafaNu_S1101_25fde,,,,,
2026-09-12T07:21:11-05:00,PUR_IED_RafaNu_S1102_281517,PUR_IED_RafaNu_S1102_281517,,,,,
2026-09-12T07:21:11-05:00,PUR_IED_RafaelB_S305_ee2783,PUR_IED_RafaelB_S305_ee2783,,,,,
2026-09-12T07:21:11-05:00,PUR_IED_RafaelB_S306_75fe33,PUR_IED_RafaelB_S306_75fe33,,,,,
2026-09-12T07:21:11-05:00,PUR_IED_RafaelB_ext_283336,PUR_IED_RafaelB_ext_283336,2,18,60,4.6722,-74.0737
2026-09-12T07:21:11-05:00,PUR_IED_RafaelUU_Exterior_281a51,PUR_IED_RafaelUU_Exterior_281a51,,,,,
2026-09-12T07:21:11-05:00,PUR_IED_RafaelUU_Human_806b2,PUR_IED_RafaelUU_Human_806b2,,,,,
2026-09-12T07:21:11-05:00,PUR_IED_RafaelUU_Mate2_5680d4,PUR_IED_RafaelUU_Mate2_5680d4,,,,,
2026-09-12T07:21:11-05:00,PUR_IED_RamonSub_Ext_f9eeb9,PUR_IED_RamonSub_Ext_f9eeb9,,,,,
2026-09-12T07:21:11-05:00,PUR_IED_RamonSub_Media_d1f62f,PUR_IED_RamonSub_Media_d1f62f,,,,,
2026-09-12T07:21:11-05:00,PUR_IED_RamonSub_planta_51b82,PUR_IED_RamonSub_planta_51b82,,,,,
2026-09-12T07:21:11-05:00,PUR_IED_RepBoliVene_Exter_27af7c,PUR_IED_RepBoliVene_Exter_27af7c,,,,,
2026-09-12T07:21:11-05:00,PUR_IED_RepBoliVene_SCPT_5ae2ee,PUR_IED_RepBoliVene_SCPT_5ae2ee,,,,,
2026-09-12T07:21:11-05:00,PUR_IED_RepBoliVene_Socia_4b11d5,PUR_IED_RepBoliVene_Socia_4b11d5,,,,,
2026-09-12T07:21:11-05:00,PUR_IED_RepChina_Ext_76d9ee,PUR_IED_RepChina_Ext_76d9ee,,,,,
2026-09-12T07:21:11-05:00,PUR_IED_RepChina_S404_7c804c,PUR_IED_RepChina_S404_7c804c,,,,,
2026-09-12T07:21:11-05:00,PUR_IED_RepChina_S405_df2c33,PUR_IED_RepChina_S405_df2c33,,,,,
2026-09-12T07:21:11-05:00,PUR_IED_RepublicaC_Exteri_7d1ec9,PUR_IED_RepublicaC_Exteri_7d1ec9,,,,,
2026-09-12T07:21:11-05:00,PUR_IED_RepublicaC_S1101_f544b3,PUR_IED_RepublicaC_S1101_f544b3,,,,,
2026-09-12T07:21:11-05:00,PUR_IED_RepublicaC_S1102_7aafc7,PUR_IED_RepublicaC_S1102_7aafc7,,,,,
2026-09-12T07:21:11-05:00,PUR_IED_Ricaurte_Externo_a0ea1,PUR_IED_Ricaurte_Externo_a0ea1,,,,,
2026-09-12T07:21:11-05:00,PUR_IED_Ricaurte_S210_f546fd,PUR_IED_Ricaurte_S210_f546fd,,,,,
2026-09-12T07:21:11-05:00,PUR_IED_Ricaurte_S309_d4452,PUR_IED_Ricaurte_S309_d4452,,,,,
2026-09-12T07:21:11-05:00,PUR_IED_RogelioS_1102_531e69,PUR_IED_RogelioS_1102_531e69,,,,,
2026-09-12T07:21:11-05:00,PUR_IED_RogelioS_Ext_f25a18,PUR_IED_RogelioS_Ext_f25a18,,,,,
2026-09-12T07:21:11-05:00,PUR_IED_SBernardino_Ext_27aff8,PUR_IED_SBernardino_Ext_27aff8,,,,,
2026-09-12T07:21:11-05:00,PUR_IED_SBernardino_SArte_2ffd33,PUR_IED_SBernardino_SArte_2ffd33,,,,,
2026-09-12T07:21:11-05:00,PUR_IED_SBernardino_SIngl_7c7da5,PUR_IED_SBernardino_SIngl_7c7da5,,,,,
2026-09-12T07:21:11-05:00,PUR_IED_Sago_auditorio_dc9d1d,PUR_IED_Sago_auditorio_dc9d1d,,,,,
2026-09-12T07:21:11-05:00,PUR_IED_Saludcoop_Ext_95aac3,PUR_IED_Saludcoop_Ext_95aac3,,,,,
2026-09-12T07:21:11-05:00,PUR_IED_Saludcoop_InfI_90c854,PUR_IED_Saludcoop_InfI_90c854,,,,,
2026-09-12T07:21:11-05:00,PUR_IED_Saludcoop_SMedia_1b93be,PUR_IED_Saludcoop_SMedia_1b93be,,,,,
2026-09-12T07:21:11-05:00,PUR_IED_SanCarlos_1101_1a2360,PUR_IED_SanCarlos_1101_1a2360,,,,,
2026-09-12T07:21:11-05:00,PUR_IED_SanCarlos_1103_7bafb5,PUR_IED_SanCarlos_1103_7bafb5,,,,,
2026-09-12T07:21:11-05:00,PUR_IED_SanCarlos_Ext_b7cd1,PUR_IED_SanCarlos_Ext_b7cd1,,,,,
2026-09-12T07:21:11-05:00,PUR_IED_SanIgnacioBosa11a_50c26e,PUR_IED_SanIgnacioBosa11a_50c26e,,,,,
2026-09-12T07:21:11-05:00,PUR_IED_SanIgnacioBosa11b_371de8,PUR_IED_SanIgnacioBosa11b_371de8,,,,,
2026-09-12T07:21:11-05:00,PUR_IED_SanIgnacioBosaExt_ef0ffc,PUR_IED_SanIgnacioBosaExt_ef0ffc,,,,,
2026-09-12T07:21:11-05:00,PUR_IED_SanIgnacioBosa_11a_50c26e,PUR_IED_SanIgnacioBosa_11a_50c26e,,,,,
2026-09-12T07:21:11-05:00,PUR_IED_SanIgnacioBosa_Ext_ef0ffc,PUR_IED_SanIgnacioBosa_Ext_ef0ffc,,,,,
2026-09-12T07:21:11-05:00,PUR_IED_SanJoseN_intS1101_31c47f,PUR_IED_SanJoseN_intS1101_31c47f,,,,,
2026-09-12T07:21:11-05:00,PUR_IED_SanJoseUsm_Exter_f5d7e8,PUR_IED_SanJoseUsm_Exter_f5d7e8,,,,,
2026-09-12T07:21:11-05:00,PUR_IED_SanJoseUsm_Int11A_cfdef6,PUR_IED_SanJoseUsm_Int11A_cfdef6,,,,,
2026-09-12T07:21:11-05:00,PUR_IED_SilveriaR_IntB5_905349,PUR_IED_SilveriaR_IntB5_905349,,,,,
2026-09-12T07:21:11-05:00,PUR_IED_SilveriaR_IntSD14_981f93,PUR_IED_SilveriaR_IntSD14_981f93,,,,,
2026-09-12T07:21:11-05:00,PUR_IED_SilveriaR_ext_2b651d,PUR_IED_SilveriaR_ext_2b651d,,,,,
2026-09-12T07:21:11-05:00,PUR_IED_SimonB_Exterior_913975,PUR_IED_SimonB_Exterior_913975,,,,,
2026-09-12T07:21:11-05:00,PUR_IED_SimonB_LabQuimi_c56908,PUR_IED_SimonB_LabQuimi_c56908,,,,,
2026-09-12T07:21:11-05:00,PUR_IED_SimonB_informatic_a28c1,PUR_IED_SimonB_informatic_a28c1,,,,,
2026-09-12T07:21:11-05:00,PUR_IED_Sorrento_1102_315f50,PUR_IED_Sorrento_1102_315f50,,,,,
2026-09-12T07:21:11-05:00,PUR_IED_Sorrento_Minte_214eab,PUR_IED_Sorrento_Minte_214eab,,,,,
2026-09-12T07:21:11-05:00,PUR_IED_Sorrento_ext_7c3a0a,PUR_IED_Sorrento_ext_7c3a0a,,,,,
2026-09-12T07:21:11-05:00,PUR_IED_Tabora_Ext_f048ae,PUR_IED_Tabora_Ext_f048ae,,,,,
2026-09-12T07:21:11-05:00,PUR_IED_Tabora_S1102_b07752,PUR_IED_Tabora_S1102_b07752,,,,,
2026-09-12T07:21:11-05:00,PUR_IED_Tabora_S1103_d988f5,PUR_IED_Tabora_S1103_d988f5,,,,,
2026-09-12T07:21:11-05:00,PUR_IED_Tenerife_Ext_1ab188,PUR_IED_Tenerife_Ext_1ab188,,,,,
2026-09-12T07:21:11-05:00,PUR_IED_Tenerife_SDanzas_7bc02e,PUR_IED_Tenerife_SDanzas_7bc02e,,,,,
2026-09-12T07:21:11-05:00,PUR_IED_Tenerife_SIngles_7cc277,PUR_IED_Tenerife_SIngles_7cc277,,,,,
2026-09-12T07:21:11-05:00,PUR_IED_Tibabuyes_Exter_f2683d,PUR_IED_Tibabuyes_Exter_f2683d,,,,,
2026-09-12T07:21:11-05:00,PUR_IED_Tibabuyes_S10_dc87a8,PUR_IED_Tibabuyes_S10_dc87a8,,,,,
2026-09-12T07:21:11-05:00,PUR_IED_Tibabuyes_S15_dc0526,PUR_IED_Tibabuyes_S15_dc0526,,,,,
2026-09-12T07:21:11-05:00,PUR_IED_UnionE_S301_a1043,PUR_IED_UnionE_S301_a1043,,,,,
2026-09-12T07:21:11-05:00,PUR_IED_UnionE_S307_ff6c2f,PUR_IED_UnionE_S307_ff6c2f,,,,,
2026-09-12T07:21:11-05:00,PUR_IED_UnionE__Ext_5e2468,PUR_IED_UnionE__Ext_5e2468,,,,,
2026-09-12T07:21:11-05:00,PUR_IED_VillaRica_Ext_75be7c,PUR_IED_VillaRica_Ext_75be7c,,,,,
2026-09-12T07:21:11-05:00,PUR_IED_VillaRica_S4_cc5dcd,PUR_IED_VillaRica_S4_cc5dcd,,,,,
2026-09-12T07:21:11-05:00,PUR_IED_VillaRica_Sesp_99f5c,PUR_IED_VillaRica_Sesp_99f5c,,,,,
2026-09-12T07:26:05-05:00,PUR_IED_20deJulio_1101_91b1b9,PUR_IED_20deJulio_1101_91b1b9,,,,,
2026-09-12T07:26:05-05:00,PUR_IED_20deJulio_1102_1cfcf9,PUR_IED_20deJulio_1102_1cfcf9,,,,,
2026-09-12T07:26:05-05:00,PUR_IED_20deJulio_Ext_ab60bd,PUR_IED_20deJulio_Ext_ab60bd,,,,,
2026-09-12T07:26:05-05:00,PUR_IED_AgustinFer_Ext_7b9b77,PUR_IED_AgustinFer_Ext_7b9b77,,,,,
2026-09-12T07:26:05-05:00,PUR_IED_AgustinFer_Info2_27b3a7,PUR_IED_AgustinFer_Info2_27b3a7,,,,,
2026-09-12T07:26:05-05:00,PUR_IED_AgustinFer_Sena_54b4eb,PUR_IED_AgustinFer_Sena_54b4eb,,,,,
2026-09-12T07:26:05-05:00,PUR_IED_AlexanderF_1102_caf07b,PUR_IED_AlexanderF_1102_caf07b,,,,,
2026-09-12T07:26:05-05:00,PUR_IED_AlexanderF_1103_c79e71,PUR_IED_AlexanderF_1103_c79e71,,,,,
2026-09-12T07:26:05-05:00,PUR_IED_AlexanderF_Ext_c5b18b,PUR_IED_AlexanderF_Ext_c5b18b,,,,,
2026-09-12T07:26:05-05:00,PUR_IED_AlfonsoLopez_Ext_281d77,PUR_IED_AlfonsoLopez_Ext_281d77,,,,,
2026-09-12T07:26:05-05:00,PUR_IED_AlfonsoLopez_LabF_888ce0,PUR_IED_AlfonsoLopez_LabF_888ce0,,,,,
2026-09-12T07:26:05-05:00,PUR_IED_AlfonsoLopez_SMed_df6a7f,PUR_IED_AlfonsoLopez_SMed_df6a7f,,,,,
2026-09-12T07:26:05-05:00,PUR_IED_AltamiraSO_A2_209f92,PUR_IED_AltamiraSO_A2_209f92,,,,,
2026-09-12T07:26:05-05:00,PUR_IED_AltamiraSO_Ext_186d66,PUR_IED_AltamiraSO_Ext_186d66,,,,,
2026-09-12T07:26:05-05:00,PUR_IED_AltamiraSO_Sistem_27afe1,PUR_IED_AltamiraSO_Sistem_27afe1,,,,,
2026-09-12T07:26:05-05:00,PUR_IED_AlvaroGom_LabQuim_813179,PUR_IED_AlvaroGom_LabQuim_813179,,,,,
2026-09-12T07:26:05-05:00,PUR_IED_AlvaroGomez_Ext_47c7ca,PUR_IED_AlvaroGomez_Ext_47c7ca,,,,,
2026-09-12T07:26:05-05:00,PUR_IED_AlvaroGomez_LabQuim_813179,PUR_IED_AlvaroGomez_LabQuim_813179,,,,,
2026-09-12T07:26:05-05:00,PUR_IED_AlvaroGomez_S23_7ba89f,PUR_IED_AlvaroGomez_S23_7ba89f,,,,,
2026-09-12T07:26:05-05:00,PUR_IED_Amistad_306_dc8728,PUR_IED_Amistad_306_dc8728,,,,,
2026-09-12T07:26:05-05:00,PUR_IED_Amistad_Ext_8cd55e,PUR_IED_Amistad_Ext_8cd55e,,,,,
2026-09-12T07:26:05-05:00,PUR_IED_Amistad_S202_a41169,PUR_IED_Amistad_S202_a41169,,,,,
2026-09-12T07:26:05-05:00,PUR_IED_AndresBello_Bio_fd5f5e,PUR_IED_AndresBello_Bio_fd5f5e,,,,,
2026-09-12T07:26:05-05:00,PUR_IED_AndresBello_ext_dcad65,PUR_IED_AndresBello_ext_dcad65,,,,,
2026-09-12T07:26:05-05:00,PUR_IED_AndresBello_port_eed3ec,PUR_IED_AndresBello_port_eed3ec,,,,,
2026-09-12T07:26:05-05:00,PUR_IED_AngelaR_11b_d90a6b,PUR_IED_AngelaR_11b_d90a6b,,,,,
2026-09-12T07:26:05-05:00,PUR_IED_AngelaR_ext_7cad3e,PUR_IED_AngelaR_ext_7cad3e,3,17,67,4.5825,-74.164497
2026-09-12T07:26:05-05:00,PUR_IED_AntJoseSucre_10mo_df2575,PUR_IED_AntJoseSucre_10mo_df2575,,,,,
2026-09-12T07:26:05-05:00,PUR_IED_AntJoseSucre_Ext_215b36,PUR_IED_AntJoseSucre_Ext_215b36,,,,,
2026-09-12T07:26:05-05:00,PUR_IED_AntJoseSucre_Lab_3139de,PUR_IED_AntJoseSucre_Lab_3139de,,,,,
2026-09-12T07:26:05-05:00,PUR_IED_AntonioGarcia_301_d6b188,PUR_IED_AntonioGarcia_301_d6b188,,,,,
2026-09-12T07:26:05-05:00,PUR_IED_AntonioGarcia_302_88a82,PUR_IED_AntonioGarcia_302_88a82,,,,,
2026-09-12T07:26:05-05:00,PUR_IED_AntonioGarcia_Ext_20950c,PUR_IED_AntonioGarcia_Ext_20950c,,,,,
2026-09-12T07:26:05-05:00,PUR_IED_AntonioVan_Aula2_6dea02,PUR_IED_AntonioVan_Aula2_6dea02,,,,,
2026-09-12T07:26:05-05:00,PUR_IED_AntonioVan_Aula5_f1557e,PUR_IED_AntonioVan_Aula5_f1557e,,,,,
2026-09-12T07:26:05-05:00,PUR_IED_AntonioVan_Ext_406f2f,PUR_IED_AntonioVan_Ext_406f2f,,,,,
2026-09-12T07:26:05-05:00,PUR_IED_Atabanzha_Ext_cc5af9,PUR_IED_Atabanzha_Ext_cc5af9,,,,,
2026-09-12T07:26:05-05:00,PUR_IED_Atabanzha_SA101_56c37,PUR_IED_Atabanzha_SA101_56c37,,,,,
2026-09-12T07:26:05-05:00,PUR_IED_Atabanzha_SB302_27b374,PUR_IED_Atabanzha_SB302_27b374,,,,,
2026-09-12T07:26:05-05:00,PUR_IED_Atahualpa_Ext_fc1748,PUR_IED_Atahualpa_Ext_fc1748,,,,,
2026-09-12T07:26:05-05:00,PUR_IED_Atahualpa_Informa_dc9a95,PUR_IED_Atahualpa_Informa_dc9a95,,,,,
2026-09-12T07:26:05-05:00,PUR_IED_Atahualpa_S1101_f98056,PUR_IED_Atahualpa_S1101_f98056,,,,,
2026-09-12T07:26:05-05:00,PUR_IED_Bellavista_Ext_f5aa74,PUR_IED_Bellavista_Ext_f5aa74,,,,,
2026-09-12T07:26:05-05:00,PUR_IED_Bilbao_11A_916c41,PUR_IED_Bilbao_11A_916c41,,,,,
2026-09-12T07:26:05-05:00,PUR_IED_Bilbao_Ext_fb579a,PUR_IED_Bilbao_Ext_fb579a,,,,,
2026-09-12T07:26:05-05:00,PUR_IED_BrasiliaU_A125_304280,PUR_IED_BrasiliaU_A125_304280,,,,,
2026-09-12T07:26:05-05:00,PUR_IED_BrasiliaU_A203_7c8ca5,PUR_IED_BrasiliaU_A203_7c8ca5,,,,,
2026-09-12T07:26:05-05:00,PUR_IED_BrasiliaU_Ext_8d6e9f,PUR_IED_BrasiliaU_Ext_8d6e9f,4,16,67,4.5175,-74.116302
2026-09-12T07:26:05-05:00,PUR_IED_Brasilia_Ext_fe6593,PUR_IED_Brasilia_Ext_fe6593,,,,,
2026-09-12T07:26:05-05:00,PUR_IED_Brasilia_S24_7c130d,PUR_IED_Brasilia_S24_7c130d,,,,,
2026-09-12T07:26:05-05:00,PUR_IED_Brasilia_S501_186a54,PUR_IED_Brasilia_S501_186a54,,,,,
2026-09-12T07:26:05-05:00,PUR_IED_CHARRY_EXT_f1d5cd,PUR_IED_CHARRY_EXT_f1d5cd,,,,,
2026-09-12T07:26:05-05:00,PUR_IED_CHARRY_INTDANZAS_7a08e6,PUR_IED_CHARRY_INTDANZAS_7a08e6,,,,,
2026-09-12T07:26:05-05:00,PUR_IED_CHARRY_INT_AULA20_dc998d,PUR_IED_CHARRY_INT_AULA20_dc998d,,,,,
2026-09-12T07:26:05-05:00,PUR_IED_COLVIV_1101_S25_7f520a,PUR_IED_COLVIV_1101_S25_7f520a,,,,,
2026-09-12T07:26:05-05:00,PUR_IED_COLVIV_1102_S16_f570ba,PUR_IED_COLVIV_1102_S16_f570ba,,,,,
2026-09-12T07:26:05-05:00,PUR_IED_COLVIV_Ext_1a26fa,PUR_IED_COLVIV_Ext_1a26fa,,,,,
2026-09-12T07:26:05-05:00,PUR_IED_CULPOP_301A_f660f3,PUR_IED_CULPOP_301A_f660f3,,,,,
2026-09-12T07:26:05-05:00,PUR_IED_CULPOP_303_568afe,PUR_IED_CULPOP_303_568afe,,,,,
2026-09-12T07:26:05-05:00,PUR_IED_CULPOP_Ext_e02ccb,PUR_IED_CULPOP_Ext_e02ccb,,,,,
2026-09-12T07:26:05-05:00,PUR_IED_CVillavicen_Ext_26eb58,PUR_IED_CVillavicen_Ext_26eb58,4,14,81,4.487,-74.102798
2026-09-12T07:26:05-05:00,PUR_IED_CVillavicen_Intel_1ce5c2,PUR_IED_CVillavicen_Intel_1ce5c2,,,,,
2026-09-12T07:26:05-05:00,PUR_IED_CVillavicen_Poliv_e0766c,PUR_IED_CVillavicen_Poliv_e0766c,,,,,
2026-09-12T07:26:05-05:00,PUR_IED_CVillavicen_int_1ba140,PUR_IED_CVillavicen_int_1ba140,,,,,
2026-09-12T07:26:05-05:00,PUR_IED_CVillavicen_intel_1ba140,PUR_IED_CVillavicen_intel_1ba140,,,,,
2026-09-12T07:26:05-05:00,PUR_IED_CarlosPizarro_Ext_e307cc,PUR_IED_CarlosPizarro_Ext_e307cc,,,,,
2026-09-12T07:26:05-05:00,PUR_IED_CarlosPizarro_L36_7e5cdb,PUR_IED_CarlosPizarro_L36_7e5cdb,,,,,
2026-09-12T07:26:05-05:00,PUR_IED_CarlosPizarro_L37_c8566c,PUR_IED_CarlosPizarro_L37_c8566c,,,,,
2026-09-12T07:26:05-05:00,PUR_IED_Castilla_Ext_cf35f,PUR_IED_Castilla_Ext_cf35f,,,,,
2026-09-12T07:26:05-05:00,PUR_IED_Castilla_SFisik_360e38,PUR_IED_Castilla_SFisik_360e38,,,,,
2026-09-12T07:26:05-05:00,PUR_IED_Castilla_Sc304_496fbf,PUR_IED_Castilla_Sc304_496fbf,,,,,
2026-09-12T07:26:05-05:00,PUR_IED_CervantesSa_Ext_6b57b,PUR_IED_CervantesSa_Ext_6b57b,3,17,72,4.5128,-74.117203
2026-09-12T07:26:05-05:00,PUR_IED_CervantesSa_S107_225c2b,PUR_IED_CervantesSa_S107_225c2b,,,,,
2026-09-12T07:26:05-05:00,PUR_IED_CervantesSa_S108_940925,PUR_IED_CervantesSa_S108_940925,,,,,
2026-09-12T07:26:05-05:00,PUR_IED_Charry_A20_f53e7c,PUR_IED_Charry_A20_f53e7c,,,,,
2026-09-12T07:26:05-05:00,PUR_IED_Charry_Ext_f1d5cd,PUR_IED_Charry_Ext_f1d5cd,,,,,
2026-09-12T07:26:05-05:00,PUR_IED_Charry_IntAula20_dc998d,PUR_IED_Charry_IntAula20_dc998d,,,,,
2026-09-12T07:26:05-05:00,PUR_IED_Charry_IntDanzas_7a08e6,PUR_IED_Charry_IntDanzas_7a08e6,,,,,
2026-09-12T07:26:05-05:00,PUR_IED_ClememciaC_203_43e2fc,PUR_IED_ClememciaC_203_43e2fc,,,,,
2026-09-12T07:26:05-05:00,PUR_IED_ClememciaC_Ext_1b411a,PUR_IED_ClememciaC_Ext_1b411a,,,,,
2026-09-12T07:26:05-05:00,PUR_IED_ClememciaC_Quimic_44b5fc,PUR_IED_ClememciaC_Quimic_44b5fc,,,,,
2026-09-12T07:26:05-05:00,PUR_IED_ClemenciaC_203_43e2fc,PUR_IED_ClemenciaC_203_43e2fc,,,,,
2026-09-12T07:26:05-05:00,PUR_IED_ClemenciaC_Ext_1b411a,PUR_IED_ClemenciaC_Ext_1b411a,,,,,
2026-09-12T07:26:05-05:00,PUR_IED_ClemenciaC_Quimic_44b5fc,PUR_IED_ClemenciaC_Quimic_44b5fc,,,,,
2026-09-12T07:26:05-05:00,PUR_IED_ColViva_1101_S25_7f520a,PUR_IED_ColViva_1101_S25_7f520a,,,,,
2026-09-12T07:26:05-05:00,PUR_IED_ColViva_1102_S16_f570ba,PUR_IED_ColViva_1102_S16_f570ba,,,,,
2026-09-12T07:26:05-05:00,PUR_IED_ColViva_Ext_1a26fa,PUR_IED_ColViva_Ext_1a26fa,,,,,
2026-09-12T07:26:05-05:00,PUR_IED_ColegioBici_Asist_7c8798,PUR_IED_ColegioBici_Asist_7c8798,,,,,
2026-09-12T07:26:05-05:00,PUR_IED_ColegioBici_Ext_25cbf6,PUR_IED_ColegioBici_Ext_25cbf6,,,,,
2026-09-12T07:26:05-05:00,PUR_IED_ColegioBici_LabQ_7b57db,PUR_IED_ColegioBici_LabQ_7b57db,,,,,
2026-09-12T07:26:05-05:00,PUR_IED_CostaRica_Ext_5e640,PUR_IED_CostaRica_Ext_5e640,,,,,
2026-09-12T07:26:05-05:00,PUR_IED_CostaRica_Quim1_766d1c,PUR_IED_CostaRica_Quim1_766d1c,,,,,
2026-09-12T07:26:05-05:00,PUR_IED_CostaRica__Fisica_6f0873,PUR_IED_CostaRica__Fisica_6f0873,,,,,
2026-09-12T07:26:05-05:00,PUR_IED_CulPopu_301A_f660f3,PUR_IED_CulPopu_301A_f660f3,,,,,
2026-09-12T07:26:05-05:00,PUR_IED_CulPopu_303_568afe,PUR_IED_CulPopu_303_568afe,,,,,
2026-09-12T07:26:05-05:00,PUR_IED_CulPopu_Ext_e02ccb,PUR_IED_CulPopu_Ext_e02ccb,,,,,
2026-09-12T07:26:05-05:00,PUR_IED_Cundinamarca_Ext_f15985,PUR_IED_Cundinamarca_Ext_f15985,,,,,
2026-09-12T07:26:05-05:00,PUR_IED_Cundinamarca_Info_7aa5d7,PUR_IED_Cundinamarca_Info_7aa5d7,,,,,
2026-09-12T07:26:05-05:00,PUR_IED_Cundinamarca_Tec2_f449c7,PUR_IED_Cundinamarca_Tec2_f449c7,,,,,
2026-09-12T07:26:05-05:00,PUR_IED_DiegoM_Aula1_27b314,PUR_IED_DiegoM_Aula1_27b314,,,,,
2026-09-12T07:26:05-05:00,PUR_IED_DiegoM_Ext_d80ac8,PUR_IED_DiegoM_Ext_d80ac8,,,,,
2026-09-12T07:26:05-05:00,PUR_IED_DiegoM_S25_da928f,PUR_IED_DiegoM_S25_da928f,,,,,
2026-09-12T07:26:05-05:00,PUR_IED_ELRODEO_360881,PUR_IED_ELRODEO_360881,,,,,
2026-09-12T07:26:05-05:00,PUR_IED_ELRODEO_ext_360881,PUR_IED_ELRODEO_ext_360881,,,,,
2026-09-12T07:26:05-05:00,PUR_IED_EduardoU_Ext_1c1969,PUR_IED_EduardoU_Ext_1c1969,,,,,
2026-09-12T07:26:05-05:00,PUR_IED_EduardoU_SCiencia_4dfb94,PUR_IED_EduardoU_SCiencia_4dfb94,,,,,
2026-09-12T07:26:05-05:00,PUR_IED_EduardoU_SQuimica_5a46e7,PUR_IED_EduardoU_SQuimica_5a46e7,,,,,
2026-09-12T07:26:05-05:00,PUR_IED_ElRodeo_Aula14_676984,PUR_IED_ElRodeo_Aula14_676984,,,,,
2026-09-12T07:26:05-05:00,PUR_IED_ElRodeo_Aula16_2dd35b,PUR_IED_ElRodeo_Aula16_2dd35b,,,,,
2026-09-12T07:26:05-05:00,PUR_IED_ElRodeo_Ext_360881,PUR_IED_ElRodeo_Ext_360881,,,,,
2026-09-12T07:26:05-05:00,PUR_IED_ElRodeo_Exterior_8c6d28,PUR_IED_ElRodeo_Exterior_8c6d28,,,,,
2026-09-12T07:26:05-05:00,PUR_IED_ElRodeo_ext_360881,PUR_IED_ElRodeo_ext_360881,,,,,
2026-09-12T07:26:05-05:00,PUR_IED_EmmaReyes_Ext_987625,PUR_IED_EmmaReyes_Ext_987625,7,21,53,4.6367,-74.1511
2026-09-12T07:26:05-05:00,PUR_IED_Ensueño_Ext_7f0250,PUR_IED_Ensueño_Ext_7f0250,,,,,
2026-09-12T07:26:05-05:00,PUR_IED_EscNormal_Ext_5fef3b,PUR_IED_EscNormal_Ext_5fef3b,2,18,61,4.5852,-74.096901
2026-09-12T07:26:05-05:00,PUR_IED_EscNormal_S309_5b263,PUR_IED_EscNormal_S309_5b263,,,,,
2026-09-12T07:26:05-05:00,PUR_IED_EscNormal_S310_27b3b8,PUR_IED_EscNormal_S310_27b3b8,,,,,
2026-09-12T07:26:05-05:00,PUR_IED_Evangelista_Conta_f6cd4f,PUR_IED_Evangelista_Conta_f6cd4f,,,,,
2026-09-12T07:26:05-05:00,PUR_IED_Evangelista_Cri_5e16a,PUR_IED_Evangelista_Cri_5e16a,,,,,
2026-09-12T07:26:05-05:00,PUR_IED_Evangelista_Exter_754066,PUR_IED_Evangelista_Exter_754066,,,,,
2026-09-12T07:26:05-05:00,PUR_IED_FMiranda_S209_5cc2a3,PUR_IED_FMiranda_S209_5cc2a3,,,,,
2026-09-12T07:26:05-05:00,PUR_IED_FMiranda_S303_19e344,PUR_IED_FMiranda_S303_19e344,,,,,
2026-09-12T07:26:05-05:00,PUR_IED_FMiranda_ext_f53e7c,PUR_IED_FMiranda_ext_f53e7c,,,,,
2026-09-12T07:26:05-05:00,PUR_IED_FabioLozano_Bibli_1cee05,PUR_IED_FabioLozano_Bibli_1cee05,,,,,
2026-09-12T07:26:05-05:00,PUR_IED_FabioLozano_Ext_6ea285,PUR_IED_FabioLozano_Ext_6ea285,,,,,
2026-09-12T07:26:05-05:00,PUR_IED_FabioLozano_SLudi_f09e1e,PUR_IED_FabioLozano_SLudi_f09e1e,,,,,
2026-09-12T07:26:05-05:00,PUR_IED_FaustinoS_Aula07_27a731,PUR_IED_FaustinoS_Aula07_27a731,,,,,
2026-09-12T07:26:05-05:00,PUR_IED_FaustinoS_Ext_7b936f,PUR_IED_FaustinoS_Ext_7b936f,,,,,
2026-09-12T07:26:05-05:00,PUR_IED_FaustinoS_Fisica_da2c60,PUR_IED_FaustinoS_Fisica_da2c60,,,,,
2026-09-12T07:26:05-05:00,PUR_IED_FeGarciaLo_Ext_dc68ee,PUR_IED_FeGarciaLo_Ext_dc68ee,,,,,
2026-09-12T07:26:05-05:00,PUR_IED_FeGarciaLo_SDanza_f70a59,PUR_IED_FeGarciaLo_SDanza_f70a59,,,,,
2026-09-12T07:26:05-05:00,PUR_IED_FeGarciaLo_SMusic_125cdd,PUR_IED_FeGarciaLo_SMusic_125cdd,,,,,
2026-09-12T07:26:05-05:00,PUR_IED_FederalAlema_Exte_50c345,PUR_IED_FederalAlema_Exte_50c345,,,,,
2026-09-12T07:26:05-05:00,PUR_IED_FederalAlema_S31_f18371,PUR_IED_FederalAlema_S31_f18371,,,,,
2026-09-12T07:26:05-05:00,PUR_IED_FederalAlema_S901_a62cd,PUR_IED_FederalAlema_S901_a62cd,,,,,
2026-09-12T07:26:05-05:00,PUR_IED_FilarmonicaS_A5_f35eb1,PUR_IED_FilarmonicaS_A5_f35eb1,,,,,
2026-09-12T07:26:05-05:00,PUR_IED_FilarmonicaS_Ext_8a3bde,PUR_IED_FilarmonicaS_Ext_8a3bde,,,,,
2026-09-12T07:26:05-05:00,PUR_IED_FilarmonicaS_Spol_406114,PUR_IED_FilarmonicaS_Spol_406114,,,,,
2026-09-12T07:26:05-05:00,PUR_IED_FlorentinoG_A13_d1fa59,PUR_IED_FlorentinoG_A13_d1fa59,,,,,
2026-09-12T07:26:05-05:00,PUR_IED_FlorentinoG_Ext_1ce6ce,PUR_IED_FlorentinoG_Ext_1ce6ce,,,,,
2026-09-12T07:26:05-05:00,PUR_IED_FlorentinoG_Idiom_a66aac,PUR_IED_FlorentinoG_Idiom_a66aac,,,,,
2026-09-12T07:26:05-05:00,PUR_IED_FranciscoMati_Ext_e3869d,PUR_IED_FranciscoMati_Ext_e3869d,,,,,
2026-09-12T07:26:05-05:00,PUR_IED_FranciscoMati_S13_f31c67,PUR_IED_FranciscoMati_S13_f31c67,,,,,
2026-09-12T07:26:05-05:00,PUR_IED_FranciscoMati_S14_97dead,PUR_IED_FranciscoMati_S14_97dead,,,,,
2026-09-12T07:26:05-05:00,PUR_IED_FranciscoPS_Ext_7bfa9a,PUR_IED_FranciscoPS_Ext_7bfa9a,2,19,63,4.5899,-74.110397
2026-09-12T07:26:05-05:00,PUR_IED_FranciscoPS_Infor_fb8f4c,PUR_IED_FranciscoPS_Infor_fb8f4c,,,,,
2026-09-12T07:26:05-05:00,PUR_IED_FranciscoPS_Quimi_94d39c,PUR_IED_FranciscoPS_Quimi_94d39c,,,,,
2026-09-12T07:26:05-05:00,PUR_IED_FranciscoP_LabQ_d7e148,PUR_IED_FranciscoP_LabQ_d7e148,,,,,
2026-09-12T07:26:05-05:00,PUR_IED_FranciscoP_S28_cf9b30,PUR_IED_FranciscoP_S28_cf9b30,,,,,
2026-09-12T07:26:05-05:00,PUR_IED_FranciscoP_ext_e2313,PUR_IED_FranciscoP_ext_e2313,,,,,
2026-09-12T07:26:05-05:00,PUR_IED_FriederichN_Ext_8ac92a,PUR_IED_FriederichN_Ext_8ac92a,,,,,
2026-09-12T07:26:05-05:00,PUR_IED_FriederichN_S301_dd7e5a,PUR_IED_FriederichN_S301_dd7e5a,,,,,
2026-09-12T07:26:05-05:00,PUR_IED_FriederichN_S308_761f4f,PUR_IED_FriederichN_S308_761f4f,,,,,
2026-09-12T07:26:05-05:00,PUR_IED_GSantander_Aula10_533dd7,PUR_IED_GSantander_Aula10_533dd7,,,,,
2026-09-12T07:26:05-05:00,PUR_IED_GSantander_Aula12_fd4e4f,PUR_IED_GSantander_Aula12_fd4e4f,,,,,
2026-09-12T07:26:05-05:00,PUR_IED_GSantander_Aula310_533dd7,PUR_IED_GSantander_Aula310_533dd7,,,,,
2026-09-12T07:26:05-05:00,PUR_IED_GSantander_Aula312_fd4e4f,PUR_IED_GSantander_Aula312_fd4e4f,,,,,
2026-09-12T07:26:05-05:00,PUR_IED_GSantander_Ext_5f66b0,PUR_IED_GSantander_Ext_5f66b0,,,,,
2026-09-12T07:26:05-05:00,PUR_IED_GYomasa_Ext_f6bea5,PUR_IED_GYomasa_Ext_f6bea5,,,,,
2026-09-12T07:26:05-05:00,PUR_IED_GYomasa_LBiol_2c41aa,PUR_IED_GYomasa_LBiol_2c41aa,,,,,
2026-09-12T07:26:05-05:00,PUR_IED_GYomasa_LQuim_33c80,PUR_IED_GYomasa_LQuim_33c80,,,,,
2026-09-12T07:26:05-05:00,PUR_IED_GabBetMejia_Cienc_5a99c,PUR_IED_GabBetMejia_Cienc_5a99c,,,,,
2026-09-12T07:26:05-05:00,PUR_IED_GabBetMejia_Ext_9153d0,PUR_IED_GabBetMejia_Ext_9153d0,,,,,
2026-09-12T07:26:05-05:00,PUR_IED_GabBetMejia_Lab_f55347,PUR_IED_GabBetMejia_Lab_f55347,,,,,
2026-09-12T07:26:05-05:00,PUR_IED_GabBetanMejia_Ext_9153d0,PUR_IED_GabBetanMejia_Ext_9153d0,,,,,
2026-09-12T07:26:05-05:00,PUR_IED_Gaitana_Aula13_7aac11,PUR_IED_Gaitana_Aula13_7aac11,,,,,
2026-09-12T07:26:05-05:00,PUR_IED_Gaitana_Ext_5fcf4,PUR_IED_Gaitana_Ext_5fcf4,,,,,
2026-09-12T07:26:05-05:00,PUR_IED_Gaitana_LabFisica_644448,PUR_IED_Gaitana_LabFisica_644448,,,,,
2026-09-12T07:26:05-05:00,PUR_IED_GenSantander_Dise_8ac858,PUR_IED_GenSantander_Dise_8ac858,,,,,
2026-09-12T07:26:05-05:00,PUR_IED_GenSantander_Ext_8d5dfe,PUR_IED_GenSantander_Ext_8d5dfe,,,,,
2026-09-12T07:26:05-05:00,PUR_IED_GenSantander_Info_6c25b,PUR_IED_GenSantander_Info_6c25b,,,,,
2026-09-12T07:26:05-05:00,PUR_IED_GustavoMo_Exterio_75e63d,PUR_IED_GustavoMo_Exterio_75e63d,,,,,
2026-09-12T07:26:05-05:00,PUR_IED_GustavoMo_LabFisi_224d37,PUR_IED_GustavoMo_LabFisi_224d37,,,,,
2026-09-12T07:26:05-05:00,PUR_IED_GustavoMo_S208_3e6918,PUR_IED_GustavoMo_S208_3e6918,,,,,
2026-09-12T07:26:05-05:00,PUR_IED_GustavoR_A02_8cd4a8,PUR_IED_GustavoR_A02_8cd4a8,,,,,
2026-09-12T07:26:05-05:00,PUR_IED_GustavoR_B11_5b0ed,PUR_IED_GustavoR_B11_5b0ed,,,,,
2026-09-12T07:26:05-05:00,PUR_IED_GustavoR_Ext_7a0c90,PUR_IED_GustavoR_Ext_7a0c90,,,,,
2026-09-12T07:26:05-05:00,PUR_IED_HernandoDuran_Ext_8cd82b,PUR_IED_HernandoDuran_Ext_8cd82b,,,,,
2026-09-12T07:26:05-05:00,PUR_IED_HernandoDuran_S24_2772c6,PUR_IED_HernandoDuran_S24_2772c6,,,,,
2026-09-12T07:26:05-05:00,PUR_IED_HernandoDuran_S30_f2de41,PUR_IED_HernandoDuran_S30_f2de41,,,,,
2026-09-12T07:26:05-05:00,PUR_IED_HolguInUr_S1101_8cd732,PUR_IED_HolguInUr_S1101_8cd732,,,,,
2026-09-12T07:26:05-05:00,PUR_IED_HolguinUr_Exter_ddae6d,PUR_IED_HolguinUr_Exter_ddae6d,,,,,
2026-09-12T07:26:05-05:00,PUR_IED_HolguinUr_LabQuim_92b952,PUR_IED_HolguinUr_LabQuim_92b952,,,,,
2026-09-12T07:26:05-05:00,PUR_IED_Isabel-II_Ext_5245cc,PUR_IED_Isabel-II_Ext_5245cc,6,18,61,4.6336,-74.153
2026-09-12T07:26:05-05:00,PUR_IED_Isabel-II_S_idiom_1c29aa,PUR_IED_Isabel-II_S_idiom_1c29aa,,,,,
2026-09-12T07:26:05-05:00,PUR_IED_Isabel-II_S_infor_fd741,PUR_IED_Isabel-II_S_infor_fd741,,,,,
2026-09-12T07:26:05-05:00,PUR_IED_IsidroSur_Exterio_5b90ea,PUR_IED_IsidroSur_Exterio_5b90ea,,,,,
2026-09-12T07:26:05-05:00,PUR_IED_IsidroSur_LabTec_56697a,PUR_IED_IsidroSur_LabTec_56697a,,,,,
2026-09-12T07:26:05-05:00,PUR_IED_IsidroSur_Robotic_b7c38f,PUR_IED_IsidroSur_Robotic_b7c38f,,,,,
2026-09-12T07:26:05-05:00,PUR_IED_IsmaelPerd_Ext_7b6672,PUR_IED_IsmaelPerd_Ext_7b6672,,,,,
2026-09-12T07:26:05-05:00,PUR_IED_IsmaelPerd_Inform_306540,PUR_IED_IsmaelPerd_Inform_306540,,,,,
2026-09-12T07:26:05-05:00,PUR_IED_IsmaelPerd_S30_2e2c83,PUR_IED_IsmaelPerd_S30_2e2c83,,,,,
2026-09-12T07:26:05-05:00,PUR_IED_JLozano_Exter_432910,PUR_IED_JLozano_Exter_432910,,,,,
2026-09-12T07:26:05-05:00,PUR_IED_JLozano_salaMulti_df5125,PUR_IED_JLozano_salaMulti_df5125,,,,,
2026-09-12T07:26:05-05:00,PUR_IED_JMCordoba_206_86f80b,PUR_IED_JMCordoba_206_86f80b,,,,,
2026-09-12T07:26:05-05:00,PUR_IED_JMCordoba_Ext_27ad97,PUR_IED_JMCordoba_Ext_27ad97,,,,,
2026-09-12T07:26:05-05:00,PUR_IED_JMCordoba_S310_d59ab4,PUR_IED_JMCordoba_S310_d59ab4,,,,,
2026-09-12T07:26:05-05:00,PUR_IED_Japon_Ext_549100,PUR_IED_Japon_Ext_549100,,,,,
2026-09-12T07:26:05-05:00,PUR_IED_Japon_Laboratorio_bec51d,PUR_IED_Japon_Laboratorio_bec51d,,,,,
2026-09-12T07:26:05-05:00,PUR_IED_Japon_informatica_d99327,PUR_IED_Japon_informatica_d99327,,,,,
2026-09-12T07:26:05-05:00,PUR_IED_Jazmin_Ext_d27bda,PUR_IED_Jazmin_Ext_d27bda,,,,,
2026-09-12T07:26:05-05:00,PUR_IED_Jazmin_Fisica_8d14d7,PUR_IED_Jazmin_Fisica_8d14d7,,,,,
2026-09-12T07:26:05-05:00,PUR_IED_Jazmin_Quimica_801cb5,PUR_IED_Jazmin_Quimica_801cb5,,,,,
2026-09-12T07:26:05-05:00,PUR_IED_JorgeGaitan_Exter_f098d1,PUR_IED_JorgeGaitan_Exter_f098d1,,,,,
2026-09-12T07:26:05-05:00,PUR_IED_JorgeGaitan_STec1_dc9d1d,PUR_IED_JorgeGaitan_STec1_dc9d1d,,,,,
2026-09-12T07:26:05-05:00,PUR_IED_JorgeGaitan_STec2_281e69,PUR_IED_JorgeGaitan_STec2_281e69,,,,,
2026-09-12T07:26:05-05:00,PUR_IED_JorgeSoto_Exterio_d9d0a2,PUR_IED_JorgeSoto_Exterio_d9d0a2,,,,,
2026-09-12T07:26:05-05:00,PUR_IED_JorgeSoto_LabFisi_209c54,PUR_IED_JorgeSoto_LabFisi_209c54,,,,,
2026-09-12T07:26:05-05:00,PUR_IED_JorgeSoto_S103_27b51a,PUR_IED_JorgeSoto_S103_27b51a,,,,,
2026-09-12T07:26:05-05:00,PUR_IED_JoseAcevedo_A02_e965eb,PUR_IED_JoseAcevedo_A02_e965eb,,,,,
2026-09-12T07:26:05-05:00,PUR_IED_JoseAcevedo_A07_dd5b4,PUR_IED_JoseAcevedo_A07_dd5b4,,,,,
2026-09-12T07:26:05-05:00,PUR_IED_JoseAcevedo_Ext_b47484,PUR_IED_JoseAcevedo_Ext_b47484,,,,,
2026-09-12T07:26:05-05:00,PUR_IED_JoseMarti_Exte_5b9bf,PUR_IED_JoseMarti_Exte_5b9bf,,,,,
2026-09-12T07:26:05-05:00,PUR_IED_JoseMarti_LabQuim_1c6c2d,PUR_IED_JoseMarti_LabQuim_1c6c2d,,,,,
2026-09-12T07:26:05-05:00,PUR_IED_JoseMarti_S_info_f5f177,PUR_IED_JoseMarti_S_info_f5f177,,,,,
2026-09-12T07:26:05-05:00,PUR_IED_Josejoaquin_Ext_dfc5dc,PUR_IED_Josejoaquin_Ext_dfc5dc,,,,,
2026-09-12T07:26:05-05:00,PUR_IED_Josejoaquin_S05_5b2a96,PUR_IED_Josejoaquin_S05_5b2a96,,,,,
2026-09-12T07:26:05-05:00,PUR_IED_Josejoaquin_S06_1ce7d2,PUR_IED_Josejoaquin_S06_1ce7d2,,,,,
2026-09-12T07:26:05-05:00,PUR_IED_JulioFlorez_Danza_9b82dd,PUR_IED_JulioFlorez_Danza_9b82dd,,,,,
2026-09-12T07:26:05-05:00,PUR_IED_JulioFlorez_Exter_f9f314,PUR_IED_JulioFlorez_Exter_f9f314,,,,,
2026-09-12T07:26:05-05:00,PUR_IED_JulioFlorez_info2_6b6e08,PUR_IED_JulioFlorez_info2_6b6e08,,,,,
2026-09-12T07:26:05-05:00,PUR_IED_LaBelleza_Aula13_1d00d8,PUR_IED_LaBelleza_Aula13_1d00d8,,,,,
2026-09-12T07:26:05-05:00,PUR_IED_LaBelleza_Ext_7bc08c,PUR_IED_LaBelleza_Ext_7bc08c,,,,,
2026-09-12T07:26:05-05:00,PUR_IED_LaChucua_Ext_8cd6d2,PUR_IED_LaChucua_Ext_8cd6d2,,,,,
2026-09-12T07:26:05-05:00,PUR_IED_LaChucua_S15_f578ce,PUR_IED_LaChucua_S15_f578ce,,,,,
2026-09-12T07:26:05-05:00,PUR_IED_LaChucua_S16_eebcf9,PUR_IED_LaChucua_S16_eebcf9,,,,,
2026-09-12T07:26:05-05:00,PUR_IED_LaFelicidad_Ext_fb5109,PUR_IED_LaFelicidad_Ext_fb5109,,,,,
2026-09-12T07:26:05-05:00,PUR_IED_LaMerced_206_66ebd,PUR_IED_LaMerced_206_66ebd,,,,,
2026-09-12T07:26:05-05:00,PUR_IED_LaMerced_207_6ebd6,PUR_IED_LaMerced_207_6ebd6,,,,,
2026-09-12T07:26:05-05:00,PUR_IED_LaMerced_ext_304311,PUR_IED_LaMerced_ext_304311,,,,,
2026-09-12T07:26:05-05:00,PUR_IED_Laureano_CiencNat_281e5e,PUR_IED_Laureano_CiencNat_281e5e,,,,,
2026-09-12T07:26:05-05:00,PUR_IED_Laureano_Comedor_f65c0a,PUR_IED_Laureano_Comedor_f65c0a,,,,,
2026-09-12T07:26:05-05:00,PUR_IED_Laureano_Exterior_7ab011,PUR_IED_Laureano_Exterior_7ab011,,,,,
2026-09-12T07:26:05-05:00,PUR_IED_LeonGreiff_Exte_dfe560,PUR_IED_LeonGreiff_Exte_dfe560,,,,,
2026-09-12T07:26:05-05:00,PUR_IED_LeonGreiff_S210_f264ed,PUR_IED_LeonGreiff_S210_f264ed,,,,,
2026-09-12T07:26:05-05:00,PUR_IED_LeonGreiff_SQuimi_e8296f,PUR_IED_LeonGreiff_SQuimi_e8296f,,,,,
2026-09-12T07:26:05-05:00,PUR_IED_LlanoOrientalS208_7b9fcd,PUR_IED_LlanoOrientalS208_7b9fcd,,,,,
2026-09-12T07:26:05-05:00,PUR_IED_LlanoOriental_Ext_fb3766,PUR_IED_LlanoOriental_Ext_fb3766,,,,,
2026-09-12T07:26:05-05:00,PUR_IED_LlanoOriental_S208_7b9fcd,PUR_IED_LlanoOriental_S208_7b9fcd,,,,,
2026-09-12T07:26:05-05:00,PUR_IED_LlanoOriental_S9_27b378,PUR_IED_LlanoOriental_S9_27b378,,,,,
2026-09-12T07:26:05-05:00,PUR_IED_LosTejares_1101_477602,PUR_IED_LosTejares_1101_477602,,,,,
2026-09-12T07:26:05-05:00,PUR_IED_LosTejares_11_d2c595,PUR_IED_LosTejares_11_d2c595,,,,,
2026-09-12T07:26:05-05:00,PUR_IED_LosTejares_12_477602,PUR_IED_LosTejares_12_477602,,,,,
2026-09-12T07:26:05-05:00,PUR_IED_LosTejares_Ext_8e2115,PUR_IED_LosTejares_Ext_8e2115,,,,,
2026-09-12T07:26:05-05:00,PUR_IED_MagdalenaO_B202_5ddda3,PUR_IED_MagdalenaO_B202_5ddda3,,,,,
2026-09-12T07:26:05-05:00,PUR_IED_MagdalenaO_B205_fb76e8,PUR_IED_MagdalenaO_B205_fb76e8,,,,,
2026-09-12T07:26:05-05:00,PUR_IED_MagdalenaO_ext_dc69cd,PUR_IED_MagdalenaO_ext_dc69cd,,,,,
2026-09-12T07:26:05-05:00,PUR_IED_ManueCepeda_artes_eee956,PUR_IED_ManueCepeda_artes_eee956,,,,,
2026-09-12T07:26:05-05:00,PUR_IED_ManuelCepeda_Ext_58313,PUR_IED_ManuelCepeda_Ext_58313,,,,,
2026-09-12T07:26:05-05:00,PUR_IED_ManuelCepeda_tec_1c5731,PUR_IED_ManuelCepeda_tec_1c5731,,,,,
2026-09-12T07:26:05-05:00,PUR_IED_ManuelS_Exterior_5b269,PUR_IED_ManuelS_Exterior_5b269,,,,,
2026-09-12T07:26:05-05:00,PUR_IED_ManuelS_Inform_f369ce,PUR_IED_ManuelS_Inform_f369ce,,,,,
2026-09-12T07:26:05-05:00,PUR_IED_ManuelS_SArtes_7d15f1,PUR_IED_ManuelS_SArtes_7d15f1,,,,,
2026-09-12T07:26:05-05:00,PUR_IED_ManuelZapata_303_3ca6,PUR_IED_ManuelZapata_303_3ca6,,,,,
2026-09-12T07:26:05-05:00,PUR_IED_ManuelZapata_311_bfbabc,PUR_IED_ManuelZapata_311_bfbabc,,,,,
2026-09-12T07:26:05-05:00,PUR_IED_ManuelZapata_Ext_50824a,PUR_IED_ManuelZapata_Ext_50824a,,,,,
2026-09-12T07:26:05-05:00,PUR_IED_ManuelitaS_Exteri_656a92,PUR_IED_ManuelitaS_Exteri_656a92,,,,,
2026-09-12T07:26:05-05:00,PUR_IED_ManuelitaS_JuzgDe_f58ec3,PUR_IED_ManuelitaS_JuzgDe_f58ec3,,,,,
2026-09-12T07:26:05-05:00,PUR_IED_ManuelitaS_Recrea_d793db,PUR_IED_ManuelitaS_Recrea_d793db,,,,,
2026-09-12T07:26:05-05:00,PUR_IED_MarFidSuarez_Ext_c27b19,PUR_IED_MarFidSuarez_Ext_c27b19,,,,,
2026-09-12T07:26:05-05:00,PUR_IED_MarFidSuarez_Info_e384d7,PUR_IED_MarFidSuarez_Info_e384d7,,,,,
2026-09-12T07:26:05-05:00,PUR_IED_MarFidSuarez_S306_1d0032,PUR_IED_MarFidSuarez_S306_1d0032,,,,,
2026-09-12T07:26:05-05:00,PUR_IED_Menorah_301_2a25a3,PUR_IED_Menorah_301_2a25a3,,,,,
2026-09-12T07:26:05-05:00,PUR_IED_Menorah_306_37ed3,PUR_IED_Menorah_306_37ed3,,,,,
2026-09-12T07:26:05-05:00,PUR_IED_Menorah_Ext_3e155b,PUR_IED_Menorah_Ext_3e155b,,,,,
2026-09-12T07:26:05-05:00,PUR_IED_MinutoB.Aires_A11_1b1604,PUR_IED_MinutoB.Aires_A11_1b1604,,,,,
2026-09-12T07:26:05-05:00,PUR_IED_MinutoB.Aires_A12_fb5860,PUR_IED_MinutoB.Aires_A12_fb5860,,,,,
2026-09-12T07:26:05-05:00,PUR_IED_MinutoB.Aires_Ext_81293f,PUR_IED_MinutoB.Aires_Ext_81293f,,,,,
2026-09-12T07:26:05-05:00,PUR_IED_MinutoBAires_A11_1b1604,PUR_IED_MinutoBAires_A11_1b1604,,,,,
2026-09-12T07:26:05-05:00,PUR_IED_MinutoBAires_A12_fb5860,PUR_IED_MinutoBAires_A12_fb5860,,,,,
2026-09-12T07:26:05-05:00,PUR_IED_MinutoBAires_Ext_81293f,PUR_IED_MinutoBAires_Ext_81293f,,,,,
2026-09-12T07:26:05-05:00,PUR_IED_Montreal_Aula10_1e4959,PUR_IED_Montreal_Aula10_1e4959,,,,,
2026-09-12T07:26:05-05:00,PUR_IED_Montreal_Aula6_300367,PUR_IED_Montreal_Aula6_300367,,,,,
2026-09-12T07:26:05-05:00,PUR_IED_Montreal_Exterior_91a179,PUR_IED_Montreal_Exterior_91a179,,,,,
2026-09-12T07:26:05-05:00,PUR_IED_Mqgdalena_B202_5ddda3,PUR_IED_Mqgdalena_B202_5ddda3,,,,,
2026-09-12T07:26:05-05:00,PUR_IED_NACUND_Soc_dc8728,PUR_IED_NACUND_Soc_dc8728,,,,,
2026-09-12T07:26:05-05:00,PUR_IED_NACUND_ext_27ad97,PUR_IED_NACUND_ext_27ad97,,,,,
2026-09-12T07:26:05-05:00,PUR_IED_NEsperanza_Ext_d24b61,PUR_IED_NEsperanza_Ext_d24b61,,,,,
2026-09-12T07:26:05-05:00,PUR_IED_NEsperanza_SElect_7d1807,PUR_IED_NEsperanza_SElect_7d1807,,,,,
2026-09-12T07:26:05-05:00,PUR_IED_NEsperanza_SLabor_8b2d0a,PUR_IED_NEsperanza_SLabor_8b2d0a,,,,,
2026-09-12T07:26:05-05:00,PUR_IED_NacionesU_Ext_f661a9,PUR_IED_NacionesU_Ext_f661a9,,,,,
2026-09-12T07:26:05-05:00,PUR_IED_NacionesU_Quimica_66f0a,PUR_IED_NacionesU_Quimica_66f0a,,,,,
2026-09-12T07:26:05-05:00,PUR_IED_NacionesU_S306_1b4b3d,PUR_IED_NacionesU_S306_1b4b3d,,,,,
2026-09-12T07:26:05-05:00,PUR_IED_NestorFA_Ext_e4201c,PUR_IED_NestorFA_Ext_e4201c,,,,,
2026-09-12T07:26:05-05:00,PUR_IED_NestorFA_Laborato_f22fe0,PUR_IED_NestorFA_Laborato_f22fe0,,,,,
2026-09-12T07:26:05-05:00,PUR_IED_NestorFA_S204_dee996,PUR_IED_NestorFA_S204_dee996,,,,,
2026-09-12T07:26:05-05:00,PUR_IED_NidyaQT_Aula03_76999b,PUR_IED_NidyaQT_Aula03_76999b,,,,,
2026-09-12T07:26:05-05:00,PUR_IED_NidyaQT_Aula10_56325,PUR_IED_NidyaQT_Aula10_56325,,,,,
2026-09-12T07:26:05-05:00,PUR_IED_NidyaQT_Ext_46e32d,PUR_IED_NidyaQT_Ext_46e32d,,,,,
2026-09-12T07:26:05-05:00,PUR_IED_NuevaCol_Exterior_d9b859,PUR_IED_NuevaCol_Exterior_d9b859,,,,,
2026-09-12T07:26:05-05:00,PUR_IED_NuevaCol_S1101_76c43b,PUR_IED_NuevaCol_S1101_76c43b,,,,,
2026-09-12T07:26:05-05:00,PUR_IED_NuevaCol_S1102_1ce0b5,PUR_IED_NuevaCol_S1102_1ce0b5,,,,,
2026-09-12T07:26:05-05:00,PUR_IED_OEA_A202_f7e3f2,PUR_IED_OEA_A202_f7e3f2,,,,,
2026-09-12T07:26:05-05:00,PUR_IED_OEA_A203_7d1b8d,PUR_IED_OEA_A203_7d1b8d,,,,,
2026-09-12T07:26:05-05:00,PUR_IED_OEA_Ext_27b593,PUR_IED_OEA_Ext_27b593,,,,,
2026-09-12T07:26:05-05:00,PUR_IED_Ochoa_Ext_1c29da,PUR_IED_Ochoa_Ext_1c29da,,,,,
2026-09-12T07:26:05-05:00,PUR_IED_Ochoa_S205_8b1121,PUR_IED_Ochoa_S205_8b1121,,,,,
2026-09-12T07:26:05-05:00,PUR_IED_Ochoa_Sistemas_f33af6,PUR_IED_Ochoa_Sistemas_f33af6,,,,,
2026-09-12T07:26:05-05:00,PUR_IED_PQuebec_Ext_1c67c7,PUR_IED_PQuebec_Ext_1c67c7,,,,,
2026-09-12T07:26:05-05:00,PUR_IED_PQuebec_S15_23e8e2,PUR_IED_PQuebec_S15_23e8e2,,,,,
2026-09-12T07:26:05-05:00,PUR_IED_PQuebec_S16_8ec76b,PUR_IED_PQuebec_S16_8ec76b,,,,,
2026-09-12T07:26:05-05:00,PUR_IED_PabloN_Ext_49dc96,PUR_IED_PabloN_Ext_49dc96,,,,,
2026-09-12T07:26:05-05:00,PUR_IED_PabloN_S1102_4e3df5,PUR_IED_PabloN_S1102_4e3df5,,,,,
2026-09-12T07:26:05-05:00,PUR_IED_PabloN_S1103_50c94b,PUR_IED_PabloN_S1103_50c94b,,,,,
2026-09-12T07:26:05-05:00,PUR_IED_Palestina_S1101_db9198,PUR_IED_Palestina_S1101_db9198,,,,,
2026-09-12T07:26:05-05:00,PUR_IED_Palestina_S1102_dc54fa,PUR_IED_Palestina_S1102_dc54fa,,,,,
2026-09-12T07:26:05-05:00,PUR_IED_Palestina_ext_4ccce6,PUR_IED_Palestina_ext_4ccce6,,,,,
2026-09-12T07:26:05-05:00,PUR_IED_Panama_Fisica_4d0794,PUR_IED_Panama_Fisica_4d0794,,,,,
2026-09-12T07:26:05-05:00,PUR_IED_Panama_SIngles_a4077e,PUR_IED_Panama_SIngles_a4077e,,,,,
2026-09-12T07:26:05-05:00,PUR_IED_Panama_ext_4c54b4,PUR_IED_Panama_ext_4c54b4,,,,,
2026-09-12T07:26:05-05:00,PUR_IED_ParaisoM_Exterior_8cd7f0,PUR_IED_ParaisoM_Exterior_8cd7f0,,,,,
2026-09-12T07:26:05-05:00,PUR_IED_ParaisoM_Laborato_27af35,PUR_IED_ParaisoM_Laborato_27af35,,,,,
2026-09-12T07:26:05-05:00,PUR_IED_ParaisoM_S304_d1edca,PUR_IED_ParaisoM_S304_d1edca,,,,,
2026-09-12T07:26:05-05:00,PUR_IED_PorfirioBarba_Ext_301466,PUR_IED_PorfirioBarba_Ext_301466,,,,,
2026-09-12T07:26:05-05:00,PUR_IED_PorfirioBarba_S11_df6cd2,PUR_IED_PorfirioBarba_S11_df6cd2,,,,,
2026-09-12T07:26:05-05:00,PUR_IED_PorfirioBarba_S29_27a7d6,PUR_IED_PorfirioBarba_S29_27a7d6,,,,,
2026-09-12T07:26:05-05:00,PUR_IED_PradoV_Exter_8b27ad,PUR_IED_PradoV_Exter_8b27ad,,,,,
2026-09-12T07:26:05-05:00,PUR_IED_PradoV_S301_de65b5,PUR_IED_PradoV_S301_de65b5,,,,,
2026-09-12T07:26:05-05:00,PUR_IED_PradoV_S302_7d2593,PUR_IED_PradoV_S302_7d2593,,,,,
2026-09-12T07:26:05-05:00,PUR_IED_QuirogaAlz_Ext_1ddc82,PUR_IED_QuirogaAlz_Ext_1ddc82,,,,,
2026-09-12T07:26:05-05:00,PUR_IED_QuirogaAlz_S302_9926a3,PUR_IED_QuirogaAlz_S302_9926a3,,,,,
2026-09-12T07:26:05-05:00,PUR_IED_QuirogaAlz_S305_cdf1f1,PUR_IED_QuirogaAlz_S305_cdf1f1,,,,,
2026-09-12T07:26:05-05:00,PUR_IED_RGuatemala_Biling_dc53b7,PUR_IED_RGuatemala_Biling_dc53b7,,,,,
2026-09-12T07:26:05-05:00,PUR_IED_RGuatemala_Ext_1b89a3,PUR_IED_RGuatemala_Ext_1b89a3,,,,,
2026-09-12T07:26:05-05:00,PUR_IED_RGuatemala_Tecnol_281a34,PUR_IED_RGuatemala_Tecnol_281a34,,,,,
2026-09-12T07:26:05-05:00,PUR_IED_RafaNu_Ext_f7c302,PUR_IED_RafaNu_Ext_f7c302,,,,,
2026-09-12T07:26:05-05:00,PUR_IED_RafaNu_S1101_25fde,PUR_IED_RafaNu_S1101_25fde,,,,,
2026-09-12T07:26:05-05:00,PUR_IED_RafaNu_S1102_281517,PUR_IED_RafaNu_S1102_281517,,,,,
2026-09-12T07:26:05-05:00,PUR_IED_RafaelB_S305_ee2783,PUR_IED_RafaelB_S305_ee2783,,,,,
2026-09-12T07:26:05-05:00,PUR_IED_RafaelB_S306_75fe33,PUR_IED_RafaelB_S306_75fe33,,,,,
2026-09-12T07:26:05-05:00,PUR_IED_RafaelB_ext_283336,PUR_IED_RafaelB_ext_283336,,,,,
2026-09-12T07:26:05-05:00,PUR_IED_RafaelUU_Exterior_281a51,PUR_IED_RafaelUU_Exterior_281a51,,,,,
2026-09-12T07:26:05-05:00,PUR_IED_RafaelUU_Human_806b2,PUR_IED_RafaelUU_Human_806b2,,,,,
2026-09-12T07:26:05-05:00,PUR_IED_RafaelUU_Mate2_5680d4,PUR_IED_RafaelUU_Mate2_5680d4,,,,,
2026-09-12T07:26:05-05:00,PUR_IED_RamonSub_Ext_f9eeb9,PUR_IED_RamonSub_Ext_f9eeb9,,,,,
2026-09-12T07:26:05-05:00,PUR_IED_RamonSub_Media_d1f62f,PUR_IED_RamonSub_Media_d1f62f,,,,,
2026-09-12T07:26:05-05:00,PUR_IED_RamonSub_planta_51b82,PUR_IED_RamonSub_planta_51b82,,,,,
2026-09-12T07:26:05-05:00,PUR_IED_RepBoliVene_Exter_27af7c,PUR_IED_RepBoliVene_Exter_27af7c,,,,,
2026-09-12T07:26:05-05:00,PUR_IED_RepBoliVene_SCPT_5ae2ee,PUR_IED_RepBoliVene_SCPT_5ae2ee,,,,,
2026-09-12T07:26:05-05:00,PUR_IED_RepBoliVene_Socia_4b11d5,PUR_IED_RepBoliVene_Socia_4b11d5,,,,,
2026-09-12T07:26:05-05:00,PUR_IED_RepChina_Ext_76d9ee,PUR_IED_RepChina_Ext_76d9ee,,,,,
2026-09-12T07:26:05-05:00,PUR_IED_RepChina_S404_7c804c,PUR_IED_RepChina_S404_7c804c,,,,,
2026-09-12T07:26:05-05:00,PUR_IED_RepChina_S405_df2c33,PUR_IED_RepChina_S405_df2c33,,,,,
2026-09-12T07:26:05-05:00,PUR_IED_RepublicaC_Exteri_7d1ec9,PUR_IED_RepublicaC_Exteri_7d1ec9,,,,,
2026-09-12T07:26:05-05:00,PUR_IED_RepublicaC_S1101_f544b3,PUR_IED_RepublicaC_S1101_f544b3,,,,,
2026-09-12T07:26:05-05:00,PUR_IED_RepublicaC_S1102_7aafc7,PUR_IED_RepublicaC_S1102_7aafc7,,,,,
2026-09-12T07:26:05-05:00,PUR_IED_Ricaurte_Externo_a0ea1,PUR_IED_Ricaurte_Externo_a0ea1,,,,,
2026-09-12T07:26:05-05:00,PUR_IED_Ricaurte_S210_f546fd,PUR_IED_Ricaurte_S210_f546fd,,,,,
2026-09-12T07:26:05-05:00,PUR_IED_Ricaurte_S309_d4452,PUR_IED_Ricaurte_S309_d4452,,,,,
2026-09-12T07:26:05-05:00,PUR_IED_RogelioS_1102_531e69,PUR_IED_RogelioS_1102_531e69,,,,,
2026-09-12T07:26:05-05:00,PUR_IED_RogelioS_Ext_f25a18,PUR_IED_RogelioS_Ext_f25a18,,,,,
2026-09-12T07:26:05-05:00,PUR_IED_SBernardino_Ext_27aff8,PUR_IED_SBernardino_Ext_27aff8,,,,,
2026-09-12T07:26:05-05:00,PUR_IED_SBernardino_SArte_2ffd33,PUR_IED_SBernardino_SArte_2ffd33,,,,,
2026-09-12T07:26:05-05:00,PUR_IED_SBernardino_SIngl_7c7da5,PUR_IED_SBernardino_SIngl_7c7da5,,,,,
2026-09-12T07:26:05-05:00,PUR_IED_Sago_auditorio_dc9d1d,PUR_IED_Sago_auditorio_dc9d1d,,,,,
2026-09-12T07:26:05-05:00,PUR_IED_Saludcoop_Ext_95aac3,PUR_IED_Saludcoop_Ext_95aac3,,,,,
2026-09-12T07:26:05-05:00,PUR_IED_Saludcoop_InfI_90c854,PUR_IED_Saludcoop_InfI_90c854,,,,,
2026-09-12T07:26:05-05:00,PUR_IED_Saludcoop_SMedia_1b93be,PUR_IED_Saludcoop_SMedia_1b93be,,,,,
2026-09-12T07:26:05-05:00,PUR_IED_SanCarlos_1101_1a2360,PUR_IED_SanCarlos_1101_1a2360,,,,,
2026-09-12T07:26:05-05:00,PUR_IED_SanCarlos_1103_7bafb5,PUR_IED_SanCarlos_1103_7bafb5,,,,,
2026-09-12T07:26:05-05:00,PUR_IED_SanCarlos_Ext_b7cd1,PUR_IED_SanCarlos_Ext_b7cd1,,,,,
2026-09-12T07:26:05-05:00,PUR_IED_SanIgnacioBosa11a_50c26e,PUR_IED_SanIgnacioBosa11a_50c26e,,,,,
2026-09-12T07:26:05-05:00,PUR_IED_SanIgnacioBosa11b_371de8,PUR_IED_SanIgnacioBosa11b_371de8,,,,,
2026-09-12T07:26:05-05:00,PUR_IED_SanIgnacioBosaExt_ef0ffc,PUR_IED_SanIgnacioBosaExt_ef0ffc,,,,,
2026-09-12T07:26:05-05:00,PUR_IED_SanIgnacioBosa_11a_50c26e,PUR_IED_SanIgnacioBosa_11a_50c26e,,,,,
2026-09-12T07:26:05-05:00,PUR_IED_SanIgnacioBosa_Ext_ef0ffc,PUR_IED_SanIgnacioBosa_Ext_ef0ffc,,,,,
2026-09-12T07:26:05-05:00,PUR_IED_SanJoseN_intS1101_31c47f,PUR_IED_SanJoseN_intS1101_31c47f,,,,,
2026-09-12T07:26:05-05:00,PUR_IED_SanJoseUsm_Exter_f5d7e8,PUR_IED_SanJoseUsm_Exter_f5d7e8,,,,,
2026-09-12T07:26:05-05:00,PUR_IED_SanJoseUsm_Int11A_cfdef6,PUR_IED_SanJoseUsm_Int11A_cfdef6,,,,,
2026-09-12T07:26:05-05:00,PUR_IED_SilveriaR_IntB5_905349,PUR_IED_SilveriaR_IntB5_905349,,,,,
2026-09-12T07:26:05-05:00,PUR_IED_SilveriaR_IntSD14_981f93,PUR_IED_SilveriaR_IntSD14_981f93,,,,,
2026-09-12T07:26:05-05:00,PUR_IED_SilveriaR_ext_2b651d,PUR_IED_SilveriaR_ext_2b651d,,,,,
2026-09-12T07:26:05-05:00,PUR_IED_SimonB_Exterior_913975,PUR_IED_SimonB_Exterior_913975,,,,,
2026-09-12T07:26:05-05:00,PUR_IED_SimonB_LabQuimi_c56908,PUR_IED_SimonB_LabQuimi_c56908,,,,,
2026-09-12T07:26:05-05:00,PUR_IED_SimonB_informatic_a28c1,PUR_IED_SimonB_informatic_a28c1,,,,,
2026-09-12T07:26:05-05:00,PUR_IED_Sorrento_1102_315f50,PUR_IED_Sorrento_1102_315f50,,,,,
2026-09-12T07:26:05-05:00,PUR_IED_Sorrento_Minte_214eab,PUR_IED_Sorrento_Minte_214eab,,,,,
2026-09-12T07:26:05-05:00,PUR_IED_Sorrento_ext_7c3a0a,PUR_IED_Sorrento_ext_7c3a0a,,,,,
2026-09-12T07:26:05-05:00,PUR_IED_Tabora_Ext_f048ae,PUR_IED_Tabora_Ext_f048ae,,,,,
2026-09-12T07:26:05-05:00,PUR_IED_Tabora_S1102_b07752,PUR_IED_Tabora_S1102_b07752,,,,,
2026-09-12T07:26:05-05:00,PUR_IED_Tabora_S1103_d988f5,PUR_IED_Tabora_S1103_d988f5,,,,,
2026-09-12T07:26:05-05:00,PUR_IED_Tenerife_Ext_1ab188,PUR_IED_Tenerife_Ext_1ab188,,,,,
2026-09-12T07:26:05-05:00,PUR_IED_Tenerife_SDanzas_7bc02e,PUR_IED_Tenerife_SDanzas_7bc02e,,,,,
2026-09-12T07:26:05-05:00,PUR_IED_Tenerife_SIngles_7cc277,PUR_IED_Tenerife_SIngles_7cc277,,,,,
2026-09-12T07:26:05-05:00,PUR_IED_Tibabuyes_Exter_f2683d,PUR_IED_Tibabuyes_Exter_f2683d,,,,,
2026-09-12T07:26:05-05:00,PUR_IED_Tibabuyes_S10_dc87a8,PUR_IED_Tibabuyes_S10_dc87a8,,,,,
2026-09-12T07:26:05-05:00,PUR_IED_Tibabuyes_S15_dc0526,PUR_IED_Tibabuyes_S15_dc0526,,,,,
2026-09-12T07:26:05-05:00,PUR_IED_UnionE_S301_a1043,PUR_IED_UnionE_S301_a1043,,,,,
2026-09-12T07:26:05-05:00,PUR_IED_UnionE_S307_ff6c2f,PUR_IED_UnionE_S307_ff6c2f,,,,,
2026-09-12T07:26:05-05:00,PUR_IED_UnionE__Ext_5e2468,PUR_IED_UnionE__Ext_5e2468,,,,,
2026-09-12T07:26:05-05:00,PUR_IED_VillaRica_Ext_75be7c,PUR_IED_VillaRica_Ext_75be7c,,,,,
2026-09-12T07:26:05-05:00,PUR_IED_VillaRica_S4_cc5dcd,PUR_IED_VillaRica_S4_cc5dcd,,,,,
2026-09-12T07:26:05-05:00,PUR_IED_VillaRica_Sesp_99f5c,PUR_IED_VillaRica_Sesp_99f5c,,,,,
2026-09-12T07:31:09-05:00,PUR_IED_20deJulio_1101_91b1b9,PUR_IED_20deJulio_1101_91b1b9,,,,,
2026-09-12T07:31:09-05:00,PUR_IED_20deJulio_1102_1cfcf9,PUR_IED_20deJulio_1102_1cfcf9,,,,,
2026-09-12T07:31:09-05:00,PUR_IED_20deJulio_Ext_ab60bd,PUR_IED_20deJulio_Ext_ab60bd,,,,,
2026-09-12T07:31:09-05:00,PUR_IED_AgustinFer_Ext_7b9b77,PUR_IED_AgustinFer_Ext_7b9b77,,,,,
2026-09-12T07:31:09-05:00,PUR_IED_AgustinFer_Info2_27b3a7,PUR_IED_AgustinFer_Info2_27b3a7,,,,,
2026-09-12T07:31:09-05:00,PUR_IED_AgustinFer_Sena_54b4eb,PUR_IED_AgustinFer_Sena_54b4eb,,,,,
2026-09-12T07:31:09-05:00,PUR_IED_AlexanderF_1102_caf07b,PUR_IED_AlexanderF_1102_caf07b,,,,,
2026-09-12T07:31:09-05:00,PUR_IED_AlexanderF_1103_c79e71,PUR_IED_AlexanderF_1103_c79e71,,,,,
2026-09-12T07:31:09-05:00,PUR_IED_AlexanderF_Ext_c5b18b,PUR_IED_AlexanderF_Ext_c5b18b,,,,,
2026-09-12T07:31:09-05:00,PUR_IED_AlfonsoLopez_Ext_281d77,PUR_IED_AlfonsoLopez_Ext_281d77,,,,,
2026-09-12T07:31:09-05:00,PUR_IED_AlfonsoLopez_LabF_888ce0,PUR_IED_AlfonsoLopez_LabF_888ce0,,,,,
2026-09-12T07:31:09-05:00,PUR_IED_AlfonsoLopez_SMed_df6a7f,PUR_IED_AlfonsoLopez_SMed_df6a7f,,,,,
2026-09-12T07:31:09-05:00,PUR_IED_AltamiraSO_A2_209f92,PUR_IED_AltamiraSO_A2_209f92,,,,,
2026-09-12T07:31:09-05:00,PUR_IED_AltamiraSO_Ext_186d66,PUR_IED_AltamiraSO_Ext_186d66,,,,,
2026-09-12T07:31:09-05:00,PUR_IED_AltamiraSO_Sistem_27afe1,PUR_IED_AltamiraSO_Sistem_27afe1,,,,,
2026-09-12T07:31:09-05:00,PUR_IED_AlvaroGom_LabQuim_813179,PUR_IED_AlvaroGom_LabQuim_813179,,,,,
2026-09-12T07:31:09-05:00,PUR_IED_AlvaroGomez_Ext_47c7ca,PUR_IED_AlvaroGomez_Ext_47c7ca,,,,,
2026-09-12T07:31:09-05:00,PUR_IED_AlvaroGomez_LabQuim_813179,PUR_IED_AlvaroGomez_LabQuim_813179,,,,,
2026-09-12T07:31:09-05:00,PUR_IED_AlvaroGomez_S23_7ba89f,PUR_IED_AlvaroGomez_S23_7ba89f,,,,,
2026-09-12T07:31:09-05:00,PUR_IED_Amistad_306_dc8728,PUR_IED_Amistad_306_dc8728,,,,,
2026-09-12T07:31:09-05:00,PUR_IED_Amistad_Ext_8cd55e,PUR_IED_Amistad_Ext_8cd55e,,,,,
2026-09-12T07:31:09-05:00,PUR_IED_Amistad_S202_a41169,PUR_IED_Amistad_S202_a41169,,,,,
2026-09-12T07:31:09-05:00,PUR_IED_AndresBello_Bio_fd5f5e,PUR_IED_AndresBello_Bio_fd5f5e,,,,,
2026-09-12T07:31:09-05:00,PUR_IED_AndresBello_ext_dcad65,PUR_IED_AndresBello_ext_dcad65,,,,,
2026-09-12T07:31:09-05:00,PUR_IED_AndresBello_port_eed3ec,PUR_IED_AndresBello_port_eed3ec,,,,,
2026-09-12T07:31:09-05:00,PUR_IED_AngelaR_11b_d90a6b,PUR_IED_AngelaR_11b_d90a6b,,,,,
2026-09-12T07:31:09-05:00,PUR_IED_AngelaR_ext_7cad3e,PUR_IED_AngelaR_ext_7cad3e,4,17,67,4.5825,-74.164497
2026-09-12T07:31:09-05:00,PUR_IED_AntJoseSucre_10mo_df2575,PUR_IED_AntJoseSucre_10mo_df2575,,,,,
2026-09-12T07:31:09-05:00,PUR_IED_AntJoseSucre_Ext_215b36,PUR_IED_AntJoseSucre_Ext_215b36,,,,,
2026-09-12T07:31:09-05:00,PUR_IED_AntJoseSucre_Lab_3139de,PUR_IED_AntJoseSucre_Lab_3139de,,,,,
2026-09-12T07:31:09-05:00,PUR_IED_AntonioGarcia_301_d6b188,PUR_IED_AntonioGarcia_301_d6b188,,,,,
2026-09-12T07:31:09-05:00,PUR_IED_AntonioGarcia_302_88a82,PUR_IED_AntonioGarcia_302_88a82,,,,,
2026-09-12T07:31:09-05:00,PUR_IED_AntonioGarcia_Ext_20950c,PUR_IED_AntonioGarcia_Ext_20950c,,,,,
2026-09-12T07:31:09-05:00,PUR_IED_AntonioVan_Aula2_6dea02,PUR_IED_AntonioVan_Aula2_6dea02,,,,,
2026-09-12T07:31:09-05:00,PUR_IED_AntonioVan_Aula5_f1557e,PUR_IED_AntonioVan_Aula5_f1557e,,,,,
2026-09-12T07:31:09-05:00,PUR_IED_AntonioVan_Ext_406f2f,PUR_IED_AntonioVan_Ext_406f2f,,,,,
2026-09-12T07:31:09-05:00,PUR_IED_Atabanzha_Ext_cc5af9,PUR_IED_Atabanzha_Ext_cc5af9,,,,,
2026-09-12T07:31:09-05:00,PUR_IED_Atabanzha_SA101_56c37,PUR_IED_Atabanzha_SA101_56c37,,,,,
2026-09-12T07:31:09-05:00,PUR_IED_Atabanzha_SB302_27b374,PUR_IED_Atabanzha_SB302_27b374,,,,,
2026-09-12T07:31:09-05:00,PUR_IED_Atahualpa_Ext_fc1748,PUR_IED_Atahualpa_Ext_fc1748,,,,,
2026-09-12T07:31:09-05:00,PUR_IED_Atahualpa_Informa_dc9a95,PUR_IED_Atahualpa_Informa_dc9a95,,,,,
2026-09-12T07:31:09-05:00,PUR_IED_Atahualpa_S1101_f98056,PUR_IED_Atahualpa_S1101_f98056,,,,,
2026-09-12T07:31:09-05:00,PUR_IED_Bellavista_Ext_f5aa74,PUR_IED_Bellavista_Ext_f5aa74,,,,,
2026-09-12T07:31:09-05:00,PUR_IED_Bilbao_11A_916c41,PUR_IED_Bilbao_11A_916c41,,,,,
2026-09-12T07:31:09-05:00,PUR_IED_Bilbao_Ext_fb579a,PUR_IED_Bilbao_Ext_fb579a,,,,,
2026-09-12T07:31:09-05:00,PUR_IED_BrasiliaU_A125_304280,PUR_IED_BrasiliaU_A125_304280,,,,,
2026-09-12T07:31:09-05:00,PUR_IED_BrasiliaU_A203_7c8ca5,PUR_IED_BrasiliaU_A203_7c8ca5,,,,,
2026-09-12T07:31:09-05:00,PUR_IED_BrasiliaU_Ext_8d6e9f,PUR_IED_BrasiliaU_Ext_8d6e9f,4,16,67,4.5175,-74.116302
2026-09-12T07:31:09-05:00,PUR_IED_Brasilia_Ext_fe6593,PUR_IED_Brasilia_Ext_fe6593,,,,,
2026-09-12T07:31:09-05:00,PUR_IED_Brasilia_S24_7c130d,PUR_IED_Brasilia_S24_7c130d,,,,,
2026-09-12T07:31:09-05:00,PUR_IED_Brasilia_S501_186a54,PUR_IED_Brasilia_S501_186a54,,,,,
2026-09-12T07:31:09-05:00,PUR_IED_CHARRY_EXT_f1d5cd,PUR_IED_CHARRY_EXT_f1d5cd,,,,,
2026-09-12T07:31:09-05:00,PUR_IED_CHARRY_INTDANZAS_7a08e6,PUR_IED_CHARRY_INTDANZAS_7a08e6,,,,,
2026-09-12T07:31:09-05:00,PUR_IED_CHARRY_INT_AULA20_dc998d,PUR_IED_CHARRY_INT_AULA20_dc998d,,,,,
2026-09-12T07:31:09-05:00,PUR_IED_COLVIV_1101_S25_7f520a,PUR_IED_COLVIV_1101_S25_7f520a,,,,,
2026-09-12T07:31:09-05:00,PUR_IED_COLVIV_1102_S16_f570ba,PUR_IED_COLVIV_1102_S16_f570ba,,,,,
2026-09-12T07:31:09-05:00,PUR_IED_COLVIV_Ext_1a26fa,PUR_IED_COLVIV_Ext_1a26fa,,,,,
2026-09-12T07:31:09-05:00,PUR_IED_CULPOP_301A_f660f3,PUR_IED_CULPOP_301A_f660f3,,,,,
2026-09-12T07:31:09-05:00,PUR_IED_CULPOP_303_568afe,PUR_IED_CULPOP_303_568afe,,,,,
2026-09-12T07:31:09-05:00,PUR_IED_CULPOP_Ext_e02ccb,PUR_IED_CULPOP_Ext_e02ccb,,,,,
2026-09-12T07:31:09-05:00,PUR_IED_CVillavicen_Ext_26eb58,PUR_IED_CVillavicen_Ext_26eb58,4,14,82,4.487,-74.102798
2026-09-12T07:31:09-05:00,PUR_IED_CVillavicen_Intel_1ce5c2,PUR_IED_CVillavicen_Intel_1ce5c2,,,,,
2026-09-12T07:31:09-05:00,PUR_IED_CVillavicen_Poliv_e0766c,PUR_IED_CVillavicen_Poliv_e0766c,,,,,
2026-09-12T07:31:09-05:00,PUR_IED_CVillavicen_int_1ba140,PUR_IED_CVillavicen_int_1ba140,,,,,
2026-09-12T07:31:09-05:00,PUR_IED_CVillavicen_intel_1ba140,PUR_IED_CVillavicen_intel_1ba140,,,,,
2026-09-12T07:31:09-05:00,PUR_IED_CarlosPizarro_Ext_e307cc,PUR_IED_CarlosPizarro_Ext_e307cc,,,,,
2026-09-12T07:31:09-05:00,PUR_IED_CarlosPizarro_L36_7e5cdb,PUR_IED_CarlosPizarro_L36_7e5cdb,,,,,
2026-09-12T07:31:09-05:00,PUR_IED_CarlosPizarro_L37_c8566c,PUR_IED_CarlosPizarro_L37_c8566c,,,,,
2026-09-12T07:31:09-05:00,PUR_IED_Castilla_Ext_cf35f,PUR_IED_Castilla_Ext_cf35f,,,,,
2026-09-12T07:31:09-05:00,PUR_IED_Castilla_SFisik_360e38,PUR_IED_Castilla_SFisik_360e38,,,,,
2026-09-12T07:31:09-05:00,PUR_IED_Castilla_Sc304_496fbf,PUR_IED_Castilla_Sc304_496fbf,,,,,
2026-09-12T07:31:09-05:00,PUR_IED_CervantesSa_Ext_6b57b,PUR_IED_CervantesSa_Ext_6b57b,3,17,72,4.5128,-74.117203
2026-09-12T07:31:09-05:00,PUR_IED_CervantesSa_S107_225c2b,PUR_IED_CervantesSa_S107_225c2b,,,,,
2026-09-12T07:31:09-05:00,PUR_IED_CervantesSa_S108_940925,PUR_IED_CervantesSa_S108_940925,,,,,
2026-09-12T07:31:09-05:00,PUR_IED_Charry_A20_f53e7c,PUR_IED_Charry_A20_f53e7c,,,,,
2026-09-12T07:31:09-05:00,PUR_IED_Charry_Ext_f1d5cd,PUR_IED_Charry_Ext_f1d5cd,,,,,
2026-09-12T07:31:09-05:00,PUR_IED_Charry_IntAula20_dc998d,PUR_IED_Charry_IntAula20_dc998d,,,,,
2026-09-12T07:31:09-05:00,PUR_IED_Charry_IntDanzas_7a08e6,PUR_IED_Charry_IntDanzas_7a08e6,,,,,
2026-09-12T07:31:09-05:00,PUR_IED_ClememciaC_203_43e2fc,PUR_IED_ClememciaC_203_43e2fc,,,,,
2026-09-12T07:31:09-05:00,PUR_IED_ClememciaC_Ext_1b411a,PUR_IED_ClememciaC_Ext_1b411a,,,,,
2026-09-12T07:31:09-05:00,PUR_IED_ClememciaC_Quimic_44b5fc,PUR_IED_ClememciaC_Quimic_44b5fc,,,,,
2026-09-12T07:31:09-05:00,PUR_IED_ClemenciaC_203_43e2fc,PUR_IED_ClemenciaC_203_43e2fc,,,,,
2026-09-12T07:31:09-05:00,PUR_IED_ClemenciaC_Ext_1b411a,PUR_IED_ClemenciaC_Ext_1b411a,,,,,
2026-09-12T07:31:09-05:00,PUR_IED_ClemenciaC_Quimic_44b5fc,PUR_IED_ClemenciaC_Quimic_44b5fc,,,,,
2026-09-12T07:31:09-05:00,PUR_IED_ColViva_1101_S25_7f520a,PUR_IED_ColViva_1101_S25_7f520a,,,,,
2026-09-12T07:31:09-05:00,PUR_IED_ColViva_1102_S16_f570ba,PUR_IED_ColViva_1102_S16_f570ba,,,,,
2026-09-12T07:31:09-05:00,PUR_IED_ColViva_Ext_1a26fa,PUR_IED_ColViva_Ext_1a26fa,,,,,
2026-09-12T07:31:09-05:00,PUR_IED_ColegioBici_Asist_7c8798,PUR_IED_ColegioBici_Asist_7c8798,,,,,
2026-09-12T07:31:09-05:00,PUR_IED_ColegioBici_Ext_25cbf6,PUR_IED_ColegioBici_Ext_25cbf6,,,,,
2026-09-12T07:31:09-05:00,PUR_IED_ColegioBici_LabQ_7b57db,PUR_IED_ColegioBici_LabQ_7b57db,,,,,
2026-09-12T07:31:09-05:00,PUR_IED_CostaRica_Ext_5e640,PUR_IED_CostaRica_Ext_5e640,,,,,
2026-09-12T07:31:09-05:00,PUR_IED_CostaRica_Quim1_766d1c,PUR_IED_CostaRica_Quim1_766d1c,,,,,
2026-09-12T07:31:09-05:00,PUR_IED_CostaRica__Fisica_6f0873,PUR_IED_CostaRica__Fisica_6f0873,,,,,
2026-09-12T07:31:09-05:00,PUR_IED_CulPopu_301A_f660f3,PUR_IED_CulPopu_301A_f660f3,,,,,
2026-09-12T07:31:09-05:00,PUR_IED_CulPopu_303_568afe,PUR_IED_CulPopu_303_568afe,,,,,
2026-09-12T07:31:09-05:00,PUR_IED_CulPopu_Ext_e02ccb,PUR_IED_CulPopu_Ext_e02ccb,,,,,
2026-09-12T07:31:09-05:00,PUR_IED_Cundinamarca_Ext_f15985,PUR_IED_Cundinamarca_Ext_f15985,,,,,
2026-09-12T07:31:09-05:00,PUR_IED_Cundinamarca_Info_7aa5d7,PUR_IED_Cundinamarca_Info_7aa5d7,,,,,
2026-09-12T07:31:09-05:00,PUR_IED_Cundinamarca_Tec2_f449c7,PUR_IED_Cundinamarca_Tec2_f449c7,,,,,
2026-09-12T07:31:09-05:00,PUR_IED_DiegoM_Aula1_27b314,PUR_IED_DiegoM_Aula1_27b314,,,,,
2026-09-12T07:31:09-05:00,PUR_IED_DiegoM_Ext_d80ac8,PUR_IED_DiegoM_Ext_d80ac8,,,,,
2026-09-12T07:31:09-05:00,PUR_IED_DiegoM_S25_da928f,PUR_IED_DiegoM_S25_da928f,,,,,
2026-09-12T07:31:09-05:00,PUR_IED_ELRODEO_360881,PUR_IED_ELRODEO_360881,,,,,
2026-09-12T07:31:09-05:00,PUR_IED_ELRODEO_ext_360881,PUR_IED_ELRODEO_ext_360881,,,,,
2026-09-12T07:31:09-05:00,PUR_IED_EduardoU_Ext_1c1969,PUR_IED_EduardoU_Ext_1c1969,,,,,
2026-09-12T07:31:09-05:00,PUR_IED_EduardoU_SCiencia_4dfb94,PUR_IED_EduardoU_SCiencia_4dfb94,,,,,
2026-09-12T07:31:09-05:00,PUR_IED_EduardoU_SQuimica_5a46e7,PUR_IED_EduardoU_SQuimica_5a46e7,,,,,
2026-09-12T07:31:09-05:00,PUR_IED_ElRodeo_Aula14_676984,PUR_IED_ElRodeo_Aula14_676984,,,,,
2026-09-12T07:31:09-05:00,PUR_IED_ElRodeo_Aula16_2dd35b,PUR_IED_ElRodeo_Aula16_2dd35b,,,,,
2026-09-12T07:31:09-05:00,PUR_IED_ElRodeo_Ext_360881,PUR_IED_ElRodeo_Ext_360881,,,,,
2026-09-12T07:31:09-05:00,PUR_IED_ElRodeo_Exterior_8c6d28,PUR_IED_ElRodeo_Exterior_8c6d28,,,,,
2026-09-12T07:31:09-05:00,PUR_IED_ElRodeo_ext_360881,PUR_IED_ElRodeo_ext_360881,,,,,
2026-09-12T07:31:09-05:00,PUR_IED_EmmaReyes_Ext_987625,PUR_IED_EmmaReyes_Ext_987625,6,21,53,4.6367,-74.1511
2026-09-12T07:31:09-05:00,PUR_IED_Ensueño_Ext_7f0250,PUR_IED_Ensueño_Ext_7f0250,,,,,
2026-09-12T07:31:09-05:00,PUR_IED_EscNormal_Ext_5fef3b,PUR_IED_EscNormal_Ext_5fef3b,2,18,61,4.5852,-74.096901
2026-09-12T07:31:09-05:00,PUR_IED_EscNormal_S309_5b263,PUR_IED_EscNormal_S309_5b263,,,,,
2026-09-12T07:31:09-05:00,PUR_IED_EscNormal_S310_27b3b8,PUR_IED_EscNormal_S310_27b3b8,,,,,
2026-09-12T07:31:09-05:00,PUR_IED_Evangelista_Conta_f6cd4f,PUR_IED_Evangelista_Conta_f6cd4f,,,,,
2026-09-12T07:31:09-05:00,PUR_IED_Evangelista_Cri_5e16a,PUR_IED_Evangelista_Cri_5e16a,,,,,
2026-09-12T07:31:09-05:00,PUR_IED_Evangelista_Exter_754066,PUR_IED_Evangelista_Exter_754066,,,,,
2026-09-12T07:31:09-05:00,PUR_IED_FMiranda_S209_5cc2a3,PUR_IED_FMiranda_S209_5cc2a3,,,,,
2026-09-12T07:31:09-05:00,PUR_IED_FMiranda_S303_19e344,PUR_IED_FMiranda_S303_19e344,,,,,
2026-09-12T07:31:09-05:00,PUR_IED_FMiranda_ext_f53e7c,PUR_IED_FMiranda_ext_f53e7c,,,,,
2026-09-12T07:31:09-05:00,PUR_IED_FabioLozano_Bibli_1cee05,PUR_IED_FabioLozano_Bibli_1cee05,,,,,
2026-09-12T07:31:09-05:00,PUR_IED_FabioLozano_Ext_6ea285,PUR_IED_FabioLozano_Ext_6ea285,,,,,
2026-09-12T07:31:09-05:00,PUR_IED_FabioLozano_SLudi_f09e1e,PUR_IED_FabioLozano_SLudi_f09e1e,,,,,
2026-09-12T07:31:09-05:00,PUR_IED_FaustinoS_Aula07_27a731,PUR_IED_FaustinoS_Aula07_27a731,,,,,
2026-09-12T07:31:09-05:00,PUR_IED_FaustinoS_Ext_7b936f,PUR_IED_FaustinoS_Ext_7b936f,,,,,
2026-09-12T07:31:09-05:00,PUR_IED_FaustinoS_Fisica_da2c60,PUR_IED_FaustinoS_Fisica_da2c60,,,,,
2026-09-12T07:31:09-05:00,PUR_IED_FeGarciaLo_Ext_dc68ee,PUR_IED_FeGarciaLo_Ext_dc68ee,,,,,
2026-09-12T07:31:09-05:00,PUR_IED_FeGarciaLo_SDanza_f70a59,PUR_IED_FeGarciaLo_SDanza_f70a59,,,,,
2026-09-12T07:31:09-05:00,PUR_IED_FeGarciaLo_SMusic_125cdd,PUR_IED_FeGarciaLo_SMusic_125cdd,,,,,
2026-09-12T07:31:09-05:00,PUR_IED_FederalAlema_Exte_50c345,PUR_IED_FederalAlema_Exte_50c345,,,,,
2026-09-12T07:31:09-05:00,PUR_IED_FederalAlema_S31_f18371,PUR_IED_FederalAlema_S31_f18371,,,,,
2026-09-12T07:31:09-05:00,PUR_IED_FederalAlema_S901_a62cd,PUR_IED_FederalAlema_S901_a62cd,,,,,
2026-09-12T07:31:09-05:00,PUR_IED_FilarmonicaS_A5_f35eb1,PUR_IED_FilarmonicaS_A5_f35eb1,,,,,
2026-09-12T07:31:09-05:00,PUR_IED_FilarmonicaS_Ext_8a3bde,PUR_IED_FilarmonicaS_Ext_8a3bde,,,,,
2026-09-12T07:31:09-05:00,PUR_IED_FilarmonicaS_Spol_406114,PUR_IED_FilarmonicaS_Spol_406114,,,,,
2026-09-12T07:31:09-05:00,PUR_IED_FlorentinoG_A13_d1fa59,PUR_IED_FlorentinoG_A13_d1fa59,,,,,
2026-09-12T07:31:09-05:00,PUR_IED_FlorentinoG_Ext_1ce6ce,PUR_IED_FlorentinoG_Ext_1ce6ce,,,,,
2026-09-12T07:31:09-05:00,PUR_IED_FlorentinoG_Idiom_a66aac,PUR_IED_FlorentinoG_Idiom_a66aac,,,,,
2026-09-12T07:31:09-05:00,PUR_IED_FranciscoMati_Ext_e3869d,PUR_IED_FranciscoMati_Ext_e3869d,,,,,
2026-09-12T07:31:09-05:00,PUR_IED_FranciscoMati_S13_f31c67,PUR_IED_FranciscoMati_S13_f31c67,,,,,
2026-09-12T07:31:09-05:00,PUR_IED_FranciscoMati_S14_97dead,PUR_IED_FranciscoMati_S14_97dead,,,,,
2026-09-12T07:31:09-05:00,PUR_IED_FranciscoPS_Ext_7bfa9a,PUR_IED_FranciscoPS_Ext_7bfa9a,2,19,63,4.5899,-74.110397
2026-09-12T07:31:09-05:00,PUR_IED_FranciscoPS_Infor_fb8f4c,PUR_IED_FranciscoPS_Infor_fb8f4c,,,,,
2026-09-12T07:31:09-05:00,PUR_IED_FranciscoPS_Quimi_94d39c,PUR_IED_FranciscoPS_Quimi_94d39c,,,,,
2026-09-12T07:31:09-05:00,PUR_IED_FranciscoP_LabQ_d7e148,PUR_IED_FranciscoP_LabQ_d7e148,,,,,
2026-09-12T07:31:09-05:00,PUR_IED_FranciscoP_S28_cf9b30,PUR_IED_FranciscoP_S28_cf9b30,,,,,
2026-09-12T07:31:09-05:00,PUR_IED_FranciscoP_ext_e2313,PUR_IED_FranciscoP_ext_e2313,,,,,
2026-09-12T07:31:09-05:00,PUR_IED_FriederichN_Ext_8ac92a,PUR_IED_FriederichN_Ext_8ac92a,,,,,
2026-09-12T07:31:09-05:00,PUR_IED_FriederichN_S301_dd7e5a,PUR_IED_FriederichN_S301_dd7e5a,,,,,
2026-09-12T07:31:09-05:00,PUR_IED_FriederichN_S308_761f4f,PUR_IED_FriederichN_S308_761f4f,,,,,
2026-09-12T07:31:09-05:00,PUR_IED_GSantander_Aula10_533dd7,PUR_IED_GSantander_Aula10_533dd7,,,,,
2026-09-12T07:31:09-05:00,PUR_IED_GSantander_Aula12_fd4e4f,PUR_IED_GSantander_Aula12_fd4e4f,,,,,
2026-09-12T07:31:09-05:00,PUR_IED_GSantander_Aula310_533dd7,PUR_IED_GSantander_Aula310_533dd7,,,,,
2026-09-12T07:31:09-05:00,PUR_IED_GSantander_Aula312_fd4e4f,PUR_IED_GSantander_Aula312_fd4e4f,,,,,
2026-09-12T07:31:09-05:00,PUR_IED_GSantander_Ext_5f66b0,PUR_IED_GSantander_Ext_5f66b0,,,,,
2026-09-12T07:31:09-05:00,PUR_IED_GYomasa_Ext_f6bea5,PUR_IED_GYomasa_Ext_f6bea5,,,,,
2026-09-12T07:31:09-05:00,PUR_IED_GYomasa_LBiol_2c41aa,PUR_IED_GYomasa_LBiol_2c41aa,,,,,
2026-09-12T07:31:09-05:00,PUR_IED_GYomasa_LQuim_33c80,PUR_IED_GYomasa_LQuim_33c80,,,,,
2026-09-12T07:31:09-05:00,PUR_IED_GabBetMejia_Cienc_5a99c,PUR_IED_GabBetMejia_Cienc_5a99c,,,,,
2026-09-12T07:31:09-05:00,PUR_IED_GabBetMejia_Ext_9153d0,PUR_IED_GabBetMejia_Ext_9153d0,,,,,
2026-09-12T07:31:09-05:00,PUR_IED_GabBetMejia_Lab_f55347,PUR_IED_GabBetMejia_Lab_f55347,,,,,
2026-09-12T07:31:09-05:00,PUR_IED_GabBetanMejia_Ext_9153d0,PUR_IED_GabBetanMejia_Ext_9153d0,,,,,
2026-09-12T07:31:09-05:00,PUR_IED_Gaitana_Aula13_7aac11,PUR_IED_Gaitana_Aula13_7aac11,,,,,
2026-09-12T07:31:09-05:00,PUR_IED_Gaitana_Ext_5fcf4,PUR_IED_Gaitana_Ext_5fcf4,,,,,
2026-09-12T07:31:09-05:00,PUR_IED_Gaitana_LabFisica_644448,PUR_IED_Gaitana_LabFisica_644448,,,,,
2026-09-12T07:31:09-05:00,PUR_IED_GenSantander_Dise_8ac858,PUR_IED_GenSantander_Dise_8ac858,,,,,
2026-09-12T07:31:09-05:00,PUR_IED_GenSantander_Ext_8d5dfe,PUR_IED_GenSantander_Ext_8d5dfe,,,,,
2026-09-12T07:31:09-05:00,PUR_IED_GenSantander_Info_6c25b,PUR_IED_GenSantander_Info_6c25b,,,,,
2026-09-12T07:31:09-05:00,PUR_IED_GustavoMo_Exterio_75e63d,PUR_IED_GustavoMo_Exterio_75e63d,,,,,
2026-09-12T07:31:09-05:00,PUR_IED_GustavoMo_LabFisi_224d37,PUR_IED_GustavoMo_LabFisi_224d37,,,,,
2026-09-12T07:31:09-05:00,PUR_IED_GustavoMo_S208_3e6918,PUR_IED_GustavoMo_S208_3e6918,,,,,
2026-09-12T07:31:09-05:00,PUR_IED_GustavoR_A02_8cd4a8,PUR_IED_GustavoR_A02_8cd4a8,,,,,
2026-09-12T07:31:09-05:00,PUR_IED_GustavoR_B11_5b0ed,PUR_IED_GustavoR_B11_5b0ed,,,,,
2026-09-12T07:31:09-05:00,PUR_IED_GustavoR_Ext_7a0c90,PUR_IED_GustavoR_Ext_7a0c90,,,,,
2026-09-12T07:31:09-05:00,PUR_IED_HernandoDuran_Ext_8cd82b,PUR_IED_HernandoDuran_Ext_8cd82b,,,,,
2026-09-12T07:31:09-05:00,PUR_IED_HernandoDuran_S24_2772c6,PUR_IED_HernandoDuran_S24_2772c6,,,,,
2026-09-12T07:31:09-05:00,PUR_IED_HernandoDuran_S30_f2de41,PUR_IED_HernandoDuran_S30_f2de41,,,,,
2026-09-12T07:31:09-05:00,PUR_IED_HolguInUr_S1101_8cd732,PUR_IED_HolguInUr_S1101_8cd732,,,,,
2026-09-12T07:31:09-05:00,PUR_IED_HolguinUr_Exter_ddae6d,PUR_IED_HolguinUr_Exter_ddae6d,,,,,
2026-09-12T07:31:09-05:00,PUR_IED_HolguinUr_LabQuim_92b952,PUR_IED_HolguinUr_LabQuim_92b952,,,,,
2026-09-12T07:31:09-05:00,PUR_IED_Isabel-II_Ext_5245cc,PUR_IED_Isabel-II_Ext_5245cc,4,18,61,4.6336,-74.153
2026-09-12T07:31:09-05:00,PUR_IED_Isabel-II_S_idiom_1c29aa,PUR_IED_Isabel-II_S_idiom_1c29aa,,,,,
2026-09-12T07:31:09-05:00,PUR_IED_Isabel-II_S_infor_fd741,PUR_IED_Isabel-II_S_infor_fd741,,,,,
2026-09-12T07:31:09-05:00,PUR_IED_IsidroSur_Exterio_5b90ea,PUR_IED_IsidroSur_Exterio_5b90ea,,,,,
2026-09-12T07:31:09-05:00,PUR_IED_IsidroSur_LabTec_56697a,PUR_IED_IsidroSur_LabTec_56697a,,,,,
2026-09-12T07:31:09-05:00,PUR_IED_IsidroSur_Robotic_b7c38f,PUR_IED_IsidroSur_Robotic_b7c38f,,,,,
2026-09-12T07:31:09-05:00,PUR_IED_IsmaelPerd_Ext_7b6672,PUR_IED_IsmaelPerd_Ext_7b6672,,,,,
2026-09-12T07:31:09-05:00,PUR_IED_IsmaelPerd_Inform_306540,PUR_IED_IsmaelPerd_Inform_306540,,,,,
2026-09-12T07:31:09-05:00,PUR_IED_IsmaelPerd_S30_2e2c83,PUR_IED_IsmaelPerd_S30_2e2c83,,,,,
2026-09-12T07:31:09-05:00,PUR_IED_JLozano_Exter_432910,PUR_IED_JLozano_Exter_432910,,,,,
2026-09-12T07:31:09-05:00,PUR_IED_JLozano_salaMulti_df5125,PUR_IED_JLozano_salaMulti_df5125,,,,,
2026-09-12T07:31:09-05:00,PUR_IED_JMCordoba_206_86f80b,PUR_IED_JMCordoba_206_86f80b,,,,,
2026-09-12T07:31:09-05:00,PUR_IED_JMCordoba_Ext_27ad97,PUR_IED_JMCordoba_Ext_27ad97,,,,,
2026-09-12T07:31:09-05:00,PUR_IED_JMCordoba_S310_d59ab4,PUR_IED_JMCordoba_S310_d59ab4,,,,,
2026-09-12T07:31:09-05:00,PUR_IED_Japon_Ext_549100,PUR_IED_Japon_Ext_549100,,,,,
2026-09-12T07:31:09-05:00,PUR_IED_Japon_Laboratorio_bec51d,PUR_IED_Japon_Laboratorio_bec51d,,,,,
2026-09-12T07:31:09-05:00,PUR_IED_Japon_informatica_d99327,PUR_IED_Japon_informatica_d99327,,,,,
2026-09-12T07:31:09-05:00,PUR_IED_Jazmin_Ext_d27bda,PUR_IED_Jazmin_Ext_d27bda,,,,,
2026-09-12T07:31:09-05:00,PUR_IED_Jazmin_Fisica_8d14d7,PUR_IED_Jazmin_Fisica_8d14d7,,,,,
2026-09-12T07:31:09-05:00,PUR_IED_Jazmin_Quimica_801cb5,PUR_IED_Jazmin_Quimica_801cb5,,,,,
2026-09-12T07:31:09-05:00,PUR_IED_JorgeGaitan_Exter_f098d1,PUR_IED_JorgeGaitan_Exter_f098d1,,,,,
2026-09-12T07:31:09-05:00,PUR_IED_JorgeGaitan_STec1_dc9d1d,PUR_IED_JorgeGaitan_STec1_dc9d1d,,,,,
2026-09-12T07:31:09-05:00,PUR_IED_JorgeGaitan_STec2_281e69,PUR_IED_JorgeGaitan_STec2_281e69,,,,,
2026-09-12T07:31:09-05:00,PUR_IED_JorgeSoto_Exterio_d9d0a2,PUR_IED_JorgeSoto_Exterio_d9d0a2,,,,,
2026-09-12T07:31:09-05:00,PUR_IED_JorgeSoto_LabFisi_209c54,PUR_IED_JorgeSoto_LabFisi_209c54,,,,,
2026-09-12T07:31:09-05:00,PUR_IED_JorgeSoto_S103_27b51a,PUR_IED_JorgeSoto_S103_27b51a,,,,,
2026-09-12T07:31:09-05:00,PUR_IED_JoseAcevedo_A02_e965eb,PUR_IED_JoseAcevedo_A02_e965eb,,,,,
2026-09-12T07:31:09-05:00,PUR_IED_JoseAcevedo_A07_dd5b4,PUR_IED_JoseAcevedo_A07_dd5b4,,,,,
2026-09-12T07:31:09-05:00,PUR_IED_JoseAcevedo_Ext_b47484,PUR_IED_JoseAcevedo_Ext_b47484,,,,,
2026-09-12T07:31:09-05:00,PUR_IED_JoseMarti_Exte_5b9bf,PUR_IED_JoseMarti_Exte_5b9bf,,,,,
2026-09-12T07:31:09-05:00,PUR_IED_JoseMarti_LabQuim_1c6c2d,PUR_IED_JoseMarti_LabQuim_1c6c2d,,,,,
2026-09-12T07:31:09-05:00,PUR_IED_JoseMarti_S_info_f5f177,PUR_IED_JoseMarti_S_info_f5f177,,,,,
2026-09-12T07:31:09-05:00,PUR_IED_Josejoaquin_Ext_dfc5dc,PUR_IED_Josejoaquin_Ext_dfc5dc,,,,,
2026-09-12T07:31:09-05:00,PUR_IED_Josejoaquin_S05_5b2a96,PUR_IED_Josejoaquin_S05_5b2a96,,,,,
2026-09-12T07:31:09-05:00,PUR_IED_Josejoaquin_S06_1ce7d2,PUR_IED_Josejoaquin_S06_1ce7d2,,,,,
2026-09-12T07:31:09-05:00,PUR_IED_JulioFlorez_Danza_9b82dd,PUR_IED_JulioFlorez_Danza_9b82dd,,,,,
2026-09-12T07:31:09-05:00,PUR_IED_JulioFlorez_Exter_f9f314,PUR_IED_JulioFlorez_Exter_f9f314,,,,,
2026-09-12T07:31:09-05:00,PUR_IED_JulioFlorez_info2_6b6e08,PUR_IED_JulioFlorez_info2_6b6e08,,,,,
2026-09-12T07:31:09-05:00,PUR_IED_LaBelleza_Aula13_1d00d8,PUR_IED_LaBelleza_Aula13_1d00d8,,,,,
2026-09-12T07:31:09-05:00,PUR_IED_LaBelleza_Ext_7bc08c,PUR_IED_LaBelleza_Ext_7bc08c,,,,,
2026-09-12T07:31:09-05:00,PUR_IED_LaChucua_Ext_8cd6d2,PUR_IED_LaChucua_Ext_8cd6d2,,,,,
2026-09-12T07:31:09-05:00,PUR_IED_LaChucua_S15_f578ce,PUR_IED_LaChucua_S15_f578ce,,,,,
2026-09-12T07:31:09-05:00,PUR_IED_LaChucua_S16_eebcf9,PUR_IED_LaChucua_S16_eebcf9,,,,,
2026-09-12T07:31:09-05:00,PUR_IED_LaFelicidad_Ext_fb5109,PUR_IED_LaFelicidad_Ext_fb5109,,,,,
2026-09-12T07:31:09-05:00,PUR_IED_LaMerced_206_66ebd,PUR_IED_LaMerced_206_66ebd,,,,,
2026-09-12T07:31:09-05:00,PUR_IED_LaMerced_207_6ebd6,PUR_IED_LaMerced_207_6ebd6,,,,,
2026-09-12T07:31:09-05:00,PUR_IED_LaMerced_ext_304311,PUR_IED_LaMerced_ext_304311,,,,,
2026-09-12T07:31:09-05:00,PUR_IED_Laureano_CiencNat_281e5e,PUR_IED_Laureano_CiencNat_281e5e,,,,,
2026-09-12T07:31:09-05:00,PUR_IED_Laureano_Comedor_f65c0a,PUR_IED_Laureano_Comedor_f65c0a,,,,,
2026-09-12T07:31:09-05:00,PUR_IED_Laureano_Exterior_7ab011,PUR_IED_Laureano_Exterior_7ab011,,,,,
2026-09-12T07:31:09-05:00,PUR_IED_LeonGreiff_Exte_dfe560,PUR_IED_LeonGreiff_Exte_dfe560,,,,,
2026-09-12T07:31:09-05:00,PUR_IED_LeonGreiff_S210_f264ed,PUR_IED_LeonGreiff_S210_f264ed,,,,,
2026-09-12T07:31:09-05:00,PUR_IED_LeonGreiff_SQuimi_e8296f,PUR_IED_LeonGreiff_SQuimi_e8296f,,,,,
2026-09-12T07:31:09-05:00,PUR_IED_LlanoOrientalS208_7b9fcd,PUR_IED_LlanoOrientalS208_7b9fcd,,,,,
2026-09-12T07:31:09-05:00,PUR_IED_LlanoOriental_Ext_fb3766,PUR_IED_LlanoOriental_Ext_fb3766,,,,,
2026-09-12T07:31:09-05:00,PUR_IED_LlanoOriental_S208_7b9fcd,PUR_IED_LlanoOriental_S208_7b9fcd,,,,,
2026-09-12T07:31:09-05:00,PUR_IED_LlanoOriental_S9_27b378,PUR_IED_LlanoOriental_S9_27b378,,,,,
2026-09-12T07:31:09-05:00,PUR_IED_LosTejares_1101_477602,PUR_IED_LosTejares_1101_477602,,,,,
2026-09-12T07:31:09-05:00,PUR_IED_LosTejares_11_d2c595,PUR_IED_LosTejares_11_d2c595,,,,,
2026-09-12T07:31:09-05:00,PUR_IED_LosTejares_12_477602,PUR_IED_LosTejares_12_477602,,,,,
2026-09-12T07:31:09-05:00,PUR_IED_LosTejares_Ext_8e2115,PUR_IED_LosTejares_Ext_8e2115,,,,,
2026-09-12T07:31:09-05:00,PUR_IED_MagdalenaO_B202_5ddda3,PUR_IED_MagdalenaO_B202_5ddda3,,,,,
2026-09-12T07:31:09-05:00,PUR_IED_MagdalenaO_B205_fb76e8,PUR_IED_MagdalenaO_B205_fb76e8,,,,,
2026-09-12T07:31:09-05:00,PUR_IED_MagdalenaO_ext_dc69cd,PUR_IED_MagdalenaO_ext_dc69cd,,,,,
2026-09-12T07:31:09-05:00,PUR_IED_ManueCepeda_artes_eee956,PUR_IED_ManueCepeda_artes_eee956,,,,,
2026-09-12T07:31:09-05:00,PUR_IED_ManuelCepeda_Ext_58313,PUR_IED_ManuelCepeda_Ext_58313,,,,,
2026-09-12T07:31:09-05:00,PUR_IED_ManuelCepeda_tec_1c5731,PUR_IED_ManuelCepeda_tec_1c5731,,,,,
2026-09-12T07:31:09-05:00,PUR_IED_ManuelS_Exterior_5b269,PUR_IED_ManuelS_Exterior_5b269,,,,,
2026-09-12T07:31:09-05:00,PUR_IED_ManuelS_Inform_f369ce,PUR_IED_ManuelS_Inform_f369ce,,,,,
2026-09-12T07:31:09-05:00,PUR_IED_ManuelS_SArtes_7d15f1,PUR_IED_ManuelS_SArtes_7d15f1,,,,,
2026-09-12T07:31:09-05:00,PUR_IED_ManuelZapata_303_3ca6,PUR_IED_ManuelZapata_303_3ca6,,,,,
2026-09-12T07:31:09-05:00,PUR_IED_ManuelZapata_311_bfbabc,PUR_IED_ManuelZapata_311_bfbabc,,,,,
2026-09-12T07:31:09-05:00,PUR_IED_ManuelZapata_Ext_50824a,PUR_IED_ManuelZapata_Ext_50824a,,,,,
2026-09-12T07:31:09-05:00,PUR_IED_ManuelitaS_Exteri_656a92,PUR_IED_ManuelitaS_Exteri_656a92,,,,,
2026-09-12T07:31:09-05:00,PUR_IED_ManuelitaS_JuzgDe_f58ec3,PUR_IED_ManuelitaS_JuzgDe_f58ec3,,,,,
2026-09-12T07:31:09-05:00,PUR_IED_ManuelitaS_Recrea_d793db,PUR_IED_ManuelitaS_Recrea_d793db,,,,,
2026-09-12T07:31:09-05:00,PUR_IED_MarFidSuarez_Ext_c27b19,PUR_IED_MarFidSuarez_Ext_c27b19,,,,,
2026-09-12T07:31:09-05:00,PUR_IED_MarFidSuarez_Info_e384d7,PUR_IED_MarFidSuarez_Info_e384d7,,,,,
2026-09-12T07:31:09-05:00,PUR_IED_MarFidSuarez_S306_1d0032,PUR_IED_MarFidSuarez_S306_1d0032,,,,,
2026-09-12T07:31:09-05:00,PUR_IED_Menorah_301_2a25a3,PUR_IED_Menorah_301_2a25a3,,,,,
2026-09-12T07:31:09-05:00,PUR_IED_Menorah_306_37ed3,PUR_IED_Menorah_306_37ed3,,,,,
2026-09-12T07:31:09-05:00,PUR_IED_Menorah_Ext_3e155b,PUR_IED_Menorah_Ext_3e155b,,,,,
2026-09-12T07:31:09-05:00,PUR_IED_MinutoB.Aires_A11_1b1604,PUR_IED_MinutoB.Aires_A11_1b1604,,,,,
2026-09-12T07:31:09-05:00,PUR_IED_MinutoB.Aires_A12_fb5860,PUR_IED_MinutoB.Aires_A12_fb5860,,,,,
2026-09-12T07:31:09-05:00,PUR_IED_MinutoB.Aires_Ext_81293f,PUR_IED_MinutoB.Aires_Ext_81293f,,,,,
2026-09-12T07:31:09-05:00,PUR_IED_MinutoBAires_A11_1b1604,PUR_IED_MinutoBAires_A11_1b1604,,,,,
2026-09-12T07:31:09-05:00,PUR_IED_MinutoBAires_A12_fb5860,PUR_IED_MinutoBAires_A12_fb5860,,,,,
2026-09-12T07:31:09-05:00,PUR_IED_MinutoBAires_Ext_81293f,PUR_IED_MinutoBAires_Ext_81293f,,,,,
2026-09-12T07:31:09-05:00,PUR_IED_Montreal_Aula10_1e4959,PUR_IED_Montreal_Aula10_1e4959,,,,,
2026-09-12T07:31:09-05:00,PUR_IED_Montreal_Aula6_300367,PUR_IED_Montreal_Aula6_300367,,,,,
2026-09-12T07:31:09-05:00,PUR_IED_Montreal_Exterior_91a179,PUR_IED_Montreal_Exterior_91a179,,,,,
2026-09-12T07:31:09-05:00,PUR_IED_Mqgdalena_B202_5ddda3,PUR_IED_Mqgdalena_B202_5ddda3,,,,,
2026-09-12T07:31:09-05:00,PUR_IED_NACUND_Soc_dc8728,PUR_IED_NACUND_Soc_dc8728,,,,,
2026-09-12T07:31:09-05:00,PUR_IED_NACUND_ext_27ad97,PUR_IED_NACUND_ext_27ad97,,,,,
2026-09-12T07:31:09-05:00,PUR_IED_NEsperanza_Ext_d24b61,PUR_IED_NEsperanza_Ext_d24b61,,,,,
2026-09-12T07:31:09-05:00,PUR_IED_NEsperanza_SElect_7d1807,PUR_IED_NEsperanza_SElect_7d1807,,,,,
2026-09-12T07:31:09-05:00,PUR_IED_NEsperanza_SLabor_8b2d0a,PUR_IED_NEsperanza_SLabor_8b2d0a,,,,,
2026-09-12T07:31:09-05:00,PUR_IED_NacionesU_Ext_f661a9,PUR_IED_NacionesU_Ext_f661a9,,,,,
2026-09-12T07:31:09-05:00,PUR_IED_NacionesU_Quimica_66f0a,PUR_IED_NacionesU_Quimica_66f0a,,,,,
2026-09-12T07:31:09-05:00,PUR_IED_NacionesU_S306_1b4b3d,PUR_IED_NacionesU_S306_1b4b3d,,,,,
2026-09-12T07:31:09-05:00,PUR_IED_NestorFA_Ext_e4201c,PUR_IED_NestorFA_Ext_e4201c,,,,,
2026-09-12T07:31:09-05:00,PUR_IED_NestorFA_Laborato_f22fe0,PUR_IED_NestorFA_Laborato_f22fe0,,,,,
2026-09-12T07:31:09-05:00,PUR_IED_NestorFA_S204_dee996,PUR_IED_NestorFA_S204_dee996,,,,,
2026-09-12T07:31:09-05:00,PUR_IED_NidyaQT_Aula03_76999b,PUR_IED_NidyaQT_Aula03_76999b,,,,,
2026-09-12T07:31:09-05:00,PUR_IED_NidyaQT_Aula10_56325,PUR_IED_NidyaQT_Aula10_56325,,,,,
2026-09-12T07:31:09-05:00,PUR_IED_NidyaQT_Ext_46e32d,PUR_IED_NidyaQT_Ext_46e32d,,,,,
2026-09-12T07:31:09-05:00,PUR_IED_NuevaCol_Exterior_d9b859,PUR_IED_NuevaCol_Exterior_d9b859,,,,,
2026-09-12T07:31:09-05:00,PUR_IED_NuevaCol_S1101_76c43b,PUR_IED_NuevaCol_S1101_76c43b,,,,,
2026-09-12T07:31:09-05:00,PUR_IED_NuevaCol_S1102_1ce0b5,PUR_IED_NuevaCol_S1102_1ce0b5,,,,,
2026-09-12T07:31:09-05:00,PUR_IED_OEA_A202_f7e3f2,PUR_IED_OEA_A202_f7e3f2,,,,,
2026-09-12T07:31:09-05:00,PUR_IED_OEA_A203_7d1b8d,PUR_IED_OEA_A203_7d1b8d,,,,,
2026-09-12T07:31:09-05:00,PUR_IED_OEA_Ext_27b593,PUR_IED_OEA_Ext_27b593,,,,,
2026-09-12T07:31:09-05:00,PUR_IED_Ochoa_Ext_1c29da,PUR_IED_Ochoa_Ext_1c29da,,,,,
2026-09-12T07:31:09-05:00,PUR_IED_Ochoa_S205_8b1121,PUR_IED_Ochoa_S205_8b1121,,,,,
2026-09-12T07:31:09-05:00,PUR_IED_Ochoa_Sistemas_f33af6,PUR_IED_Ochoa_Sistemas_f33af6,,,,,
2026-09-12T07:31:09-05:00,PUR_IED_PQuebec_Ext_1c67c7,PUR_IED_PQuebec_Ext_1c67c7,,,,,
2026-09-12T07:31:09-05:00,PUR_IED_PQuebec_S15_23e8e2,PUR_IED_PQuebec_S15_23e8e2,,,,,
2026-09-12T07:31:09-05:00,PUR_IED_PQuebec_S16_8ec76b,PUR_IED_PQuebec_S16_8ec76b,,,,,
2026-09-12T07:31:09-05:00,PUR_IED_PabloN_Ext_49dc96,PUR_IED_PabloN_Ext_49dc96,,,,,
2026-09-12T07:31:09-05:00,PUR_IED_PabloN_S1102_4e3df5,PUR_IED_PabloN_S1102_4e3df5,,,,,
2026-09-12T07:31:09-05:00,PUR_IED_PabloN_S1103_50c94b,PUR_IED_PabloN_S1103_50c94b,,,,,
2026-09-12T07:31:09-05:00,PUR_IED_Palestina_S1101_db9198,PUR_IED_Palestina_S1101_db9198,,,,,
2026-09-12T07:31:09-05:00,PUR_IED_Palestina_S1102_dc54fa,PUR_IED_Palestina_S1102_dc54fa,,,,,
2026-09-12T07:31:09-05:00,PUR_IED_Palestina_ext_4ccce6,PUR_IED_Palestina_ext_4ccce6,,,,,
2026-09-12T07:31:09-05:00,PUR_IED_Panama_Fisica_4d0794,PUR_IED_Panama_Fisica_4d0794,,,,,
2026-09-12T07:31:09-05:00,PUR_IED_Panama_SIngles_a4077e,PUR_IED_Panama_SIngles_a4077e,,,,,
2026-09-12T07:31:09-05:00,PUR_IED_Panama_ext_4c54b4,PUR_IED_Panama_ext_4c54b4,,,,,
2026-09-12T07:31:09-05:00,PUR_IED_ParaisoM_Exterior_8cd7f0,PUR_IED_ParaisoM_Exterior_8cd7f0,,,,,
2026-09-12T07:31:09-05:00,PUR_IED_ParaisoM_Laborato_27af35,PUR_IED_ParaisoM_Laborato_27af35,,,,,
2026-09-12T07:31:09-05:00,PUR_IED_ParaisoM_S304_d1edca,PUR_IED_ParaisoM_S304_d1edca,,,,,
2026-09-12T07:31:09-05:00,PUR_IED_PorfirioBarba_Ext_301466,PUR_IED_PorfirioBarba_Ext_301466,,,,,
2026-09-12T07:31:09-05:00,PUR_IED_PorfirioBarba_S11_df6cd2,PUR_IED_PorfirioBarba_S11_df6cd2,,,,,
2026-09-12T07:31:09-05:00,PUR_IED_PorfirioBarba_S29_27a7d6,PUR_IED_PorfirioBarba_S29_27a7d6,,,,,
2026-09-12T07:31:09-05:00,PUR_IED_PradoV_Exter_8b27ad,PUR_IED_PradoV_Exter_8b27ad,,,,,
2026-09-12T07:31:09-05:00,PUR_IED_PradoV_S301_de65b5,PUR_IED_PradoV_S301_de65b5,,,,,
2026-09-12T07:31:09-05:00,PUR_IED_PradoV_S302_7d2593,PUR_IED_PradoV_S302_7d2593,,,,,
2026-09-12T07:31:09-05:00,PUR_IED_QuirogaAlz_Ext_1ddc82,PUR_IED_QuirogaAlz_Ext_1ddc82,,,,,
2026-09-12T07:31:09-05:00,PUR_IED_QuirogaAlz_S302_9926a3,PUR_IED_QuirogaAlz_S302_9926a3,,,,,
2026-09-12T07:31:09-05:00,PUR_IED_QuirogaAlz_S305_cdf1f1,PUR_IED_QuirogaAlz_S305_cdf1f1,,,,,
2026-09-12T07:31:09-05:00,PUR_IED_RGuatemala_Biling_dc53b7,PUR_IED_RGuatemala_Biling_dc53b7,,,,,
2026-09-12T07:31:09-05:00,PUR_IED_RGuatemala_Ext_1b89a3,PUR_IED_RGuatemala_Ext_1b89a3,,,,,
2026-09-12T07:31:09-05:00,PUR_IED_RGuatemala_Tecnol_281a34,PUR_IED_RGuatemala_Tecnol_281a34,,,,,
2026-09-12T07:31:09-05:00,PUR_IED_RafaNu_Ext_f7c302,PUR_IED_RafaNu_Ext_f7c302,,,,,
2026-09-12T07:31:09-05:00,PUR_IED_RafaNu_S1101_25fde,PUR_IED_RafaNu_S1101_25fde,,,,,
2026-09-12T07:31:09-05:00,PUR_IED_RafaNu_S1102_281517,PUR_IED_RafaNu_S1102_281517,,,,,
2026-09-12T07:31:09-05:00,PUR_IED_RafaelB_S305_ee2783,PUR_IED_RafaelB_S305_ee2783,,,,,
2026-09-12T07:31:09-05:00,PUR_IED_RafaelB_S306_75fe33,PUR_IED_RafaelB_S306_75fe33,,,,,
2026-09-12T07:31:09-05:00,PUR_IED_RafaelB_ext_283336,PUR_IED_RafaelB_ext_283336,,,,,
2026-09-12T07:31:09-05:00,PUR_IED_RafaelUU_Exterior_281a51,PUR_IED_RafaelUU_Exterior_281a51,,,,,
2026-09-12T07:31:09-05:00,PUR_IED_RafaelUU_Human_806b2,PUR_IED_RafaelUU_Human_806b2,,,,,
2026-09-12T07:31:09-05:00,PUR_IED_RafaelUU_Mate2_5680d4,PUR_IED_RafaelUU_Mate2_5680d4,,,,,
2026-09-12T07:31:09-05:00,PUR_IED_RamonSub_Ext_f9eeb9,PUR_IED_RamonSub_Ext_f9eeb9,,,,,
2026-09-12T07:31:09-05:00,PUR_IED_RamonSub_Media_d1f62f,PUR_IED_RamonSub_Media_d1f62f,,,,,
2026-09-12T07:31:09-05:00,PUR_IED_RamonSub_planta_51b82,PUR_IED_RamonSub_planta_51b82,,,,,
2026-09-12T07:31:09-05:00,PUR_IED_RepBoliVene_Exter_27af7c,PUR_IED_RepBoliVene_Exter_27af7c,,,,,
2026-09-12T07:31:09-05:00,PUR_IED_RepBoliVene_SCPT_5ae2ee,PUR_IED_RepBoliVene_SCPT_5ae2ee,,,,,
2026-09-12T07:31:09-05:00,PUR_IED_RepBoliVene_Socia_4b11d5,PUR_IED_RepBoliVene_Socia_4b11d5,,,,,
2026-09-12T07:31:09-05:00,PUR_IED_RepChina_Ext_76d9ee,PUR_IED_RepChina_Ext_76d9ee,,,,,
2026-09-12T07:31:09-05:00,PUR_IED_RepChina_S404_7c804c,PUR_IED_RepChina_S404_7c804c,,,,,
2026-09-12T07:31:09-05:00,PUR_IED_RepChina_S405_df2c33,PUR_IED_RepChina_S405_df2c33,,,,,
2026-09-12T07:31:09-05:00,PUR_IED_RepublicaC_Exteri_7d1ec9,PUR_IED_RepublicaC_Exteri_7d1ec9,,,,,
2026-09-12T07:31:09-05:00,PUR_IED_RepublicaC_S1101_f544b3,PUR_IED_RepublicaC_S1101_f544b3,,,,,
2026-09-12T07:31:09-05:00,PUR_IED_RepublicaC_S1102_7aafc7,PUR_IED_RepublicaC_S1102_7aafc7,,,,,
2026-09-12T07:31:09-05:00,PUR_IED_Ricaurte_Externo_a0ea1,PUR_IED_Ricaurte_Externo_a0ea1,,,,,
2026-09-12T07:31:09-05:00,PUR_IED_Ricaurte_S210_f546fd,PUR_IED_Ricaurte_S210_f546fd,,,,,
2026-09-12T07:31:09-05:00,PUR_IED_Ricaurte_S309_d4452,PUR_IED_Ricaurte_S309_d4452,,,,,
2026-09-12T07:31:09-05:00,PUR_IED_RogelioS_1102_531e69,PUR_IED_RogelioS_1102_531e69,,,,,
2026-09-12T07:31:09-05:00,PUR_IED_RogelioS_Ext_f25a18,PUR_IED_RogelioS_Ext_f25a18,,,,,
2026-09-12T07:31:09-05:00,PUR_IED_SBernardino_Ext_27aff8,PUR_IED_SBernardino_Ext_27aff8,,,,,
2026-09-12T07:31:09-05:00,PUR_IED_SBernardino_SArte_2ffd33,PUR_IED_SBernardino_SArte_2ffd33,,,,,
2026-09-12T07:31:09-05:00,PUR_IED_SBernardino_SIngl_7c7da5,PUR_IED_SBernardino_SIngl_7c7da5,,,,,
2026-09-12T07:31:09-05:00,PUR_IED_Sago_auditorio_dc9d1d,PUR_IED_Sago_auditorio_dc9d1d,,,,,
2026-09-12T07:31:09-05:00,PUR_IED_Saludcoop_Ext_95aac3,PUR_IED_Saludcoop_Ext_95aac3,,,,,
2026-09-12T07:31:09-05:00,PUR_IED_Saludcoop_InfI_90c854,PUR_IED_Saludcoop_InfI_90c854,,,,,
2026-09-12T07:31:09-05:00,PUR_IED_Saludcoop_SMedia_1b93be,PUR_IED_Saludcoop_SMedia_1b93be,,,,,
2026-09-12T07:31:09-05:00,PUR_IED_SanCarlos_1101_1a2360,PUR_IED_SanCarlos_1101_1a2360,,,,,
2026-09-12T07:31:09-05:00,PUR_IED_SanCarlos_1103_7bafb5,PUR_IED_SanCarlos_1103_7bafb5,,,,,
2026-09-12T07:31:09-05:00,PUR_IED_SanCarlos_Ext_b7cd1,PUR_IED_SanCarlos_Ext_b7cd1,,,,,
2026-09-12T07:31:09-05:00,PUR_IED_SanIgnacioBosa11a_50c26e,PUR_IED_SanIgnacioBosa11a_50c26e,,,,,
2026-09-12T07:31:09-05:00,PUR_IED_SanIgnacioBosa11b_371de8,PUR_IED_SanIgnacioBosa11b_371de8,,,,,
2026-09-12T07:31:09-05:00,PUR_IED_SanIgnacioBosaExt_ef0ffc,PUR_IED_SanIgnacioBosaExt_ef0ffc,,,,,
2026-09-12T07:31:09-05:00,PUR_IED_SanIgnacioBosa_11a_50c26e,PUR_IED_SanIgnacioBosa_11a_50c26e,,,,,
2026-09-12T07:31:09-05:00,PUR_IED_SanIgnacioBosa_Ext_ef0ffc,PUR_IED_SanIgnacioBosa_Ext_ef0ffc,,,,,
2026-09-12T07:31:09-05:00,PUR_IED_SanJoseN_intS1101_31c47f,PUR_IED_SanJoseN_intS1101_31c47f,,,,,
2026-09-12T07:31:09-05:00,PUR_IED_SanJoseUsm_Exter_f5d7e8,PUR_IED_SanJoseUsm_Exter_f5d7e8,,,,,
2026-09-12T07:31:09-05:00,PUR_IED_SanJoseUsm_Int11A_cfdef6,PUR_IED_SanJoseUsm_Int11A_cfdef6,,,,,
2026-09-12T07:31:09-05:00,PUR_IED_SilveriaR_IntB5_905349,PUR_IED_SilveriaR_IntB5_905349,,,,,
2026-09-12T07:31:09-05:00,PUR_IED_SilveriaR_IntSD14_981f93,PUR_IED_SilveriaR_IntSD14_981f93,,,,,
2026-09-12T07:31:09-05:00,PUR_IED_SilveriaR_ext_2b651d,PUR_IED_SilveriaR_ext_2b651d,,,,,
2026-09-12T07:31:09-05:00,PUR_IED_SimonB_Exterior_913975,PUR_IED_SimonB_Exterior_913975,,,,,
2026-09-12T07:31:09-05:00,PUR_IED_SimonB_LabQuimi_c56908,PUR_IED_SimonB_LabQuimi_c56908,,,,,
2026-09-12T07:31:09-05:00,PUR_IED_SimonB_informatic_a28c1,PUR_IED_SimonB_informatic_a28c1,,,,,
2026-09-12T07:31:09-05:00,PUR_IED_Sorrento_1102_315f50,PUR_IED_Sorrento_1102_315f50,,,,,
2026-09-12T07:31:09-05:00,PUR_IED_Sorrento_Minte_214eab,PUR_IED_Sorrento_Minte_214eab,,,,,
2026-09-12T07:31:09-05:00,PUR_IED_Sorrento_ext_7c3a0a,PUR_IED_Sorrento_ext_7c3a0a,,,,,
2026-09-12T07:31:09-05:00,PUR_IED_Tabora_Ext_f048ae,PUR_IED_Tabora_Ext_f048ae,,,,,
2026-09-12T07:31:09-05:00,PUR_IED_Tabora_S1102_b07752,PUR_IED_Tabora_S1102_b07752,,,,,
2026-09-12T07:31:09-05:00,PUR_IED_Tabora_S1103_d988f5,PUR_IED_Tabora_S1103_d988f5,,,,,
2026-09-12T07:31:09-05:00,PUR_IED_Tenerife_Ext_1ab188,PUR_IED_Tenerife_Ext_1ab188,,,,,
2026-09-12T07:31:09-05:00,PUR_IED_Tenerife_SDanzas_7bc02e,PUR_IED_Tenerife_SDanzas_7bc02e,,,,,
2026-09-12T07:31:09-05:00,PUR_IED_Tenerife_SIngles_7cc277,PUR_IED_Tenerife_SIngles_7cc277,,,,,
2026-09-12T07:31:09-05:00,PUR_IED_Tibabuyes_Exter_f2683d,PUR_IED_Tibabuyes_Exter_f2683d,,,,,
2026-09-12T07:31:09-05:00,PUR_IED_Tibabuyes_S10_dc87a8,PUR_IED_Tibabuyes_S10_dc87a8,,,,,
2026-09-12T07:31:09-05:00,PUR_IED_Tibabuyes_S15_dc0526,PUR_IED_Tibabuyes_S15_dc0526,,,,,
2026-09-12T07:31:09-05:00,PUR_IED_UnionE_S301_a1043,PUR_IED_UnionE_S301_a1043,,,,,
2026-09-12T07:31:09-05:00,PUR_IED_UnionE_S307_ff6c2f,PUR_IED_UnionE_S307_ff6c2f,,,,,
2026-09-12T07:31:09-05:00,PUR_IED_UnionE__Ext_5e2468,PUR_IED_UnionE__Ext_5e2468,,,,,
2026-09-12T07:31:09-05:00,PUR_IED_VillaRica_Ext_75be7c,PUR_IED_VillaRica_Ext_75be7c,,,,,
2026-09-12T07:31:09-05:00,PUR_IED_VillaRica_S4_cc5dcd,PUR_IED_VillaRica_S4_cc5dcd,,,,,
2026-09-12T07:31:09-05:00,PUR_IED_VillaRica_Sesp_99f5c,PUR_IED_VillaRica_Sesp_99f5c,,,,,
2026-09-12T07:36:13-05:00,PUR_IED_20deJulio_1101_91b1b9,PUR_IED_20deJulio_1101_91b1b9,,,,,
2026-09-12T07:36:13-05:00,PUR_IED_20deJulio_1102_1cfcf9,PUR_IED_20deJulio_1102_1cfcf9,,,,,
2026-09-12T07:36:13-05:00,PUR_IED_20deJulio_Ext_ab60bd,PUR_IED_20deJulio_Ext_ab60bd,,,,,
2026-09-12T07:36:13-05:00,PUR_IED_AgustinFer_Ext_7b9b77,PUR_IED_AgustinFer_Ext_7b9b77,,,,,
2026-09-12T07:36:13-05:00,PUR_IED_AgustinFer_Info2_27b3a7,PUR_IED_AgustinFer_Info2_27b3a7,,,,,
2026-09-12T07:36:13-05:00,PUR_IED_AgustinFer_Sena_54b4eb,PUR_IED_AgustinFer_Sena_54b4eb,,,,,
2026-09-12T07:36:13-05:00,PUR_IED_AlexanderF_1102_caf07b,PUR_IED_AlexanderF_1102_caf07b,,,,,
2026-09-12T07:36:13-05:00,PUR_IED_AlexanderF_1103_c79e71,PUR_IED_AlexanderF_1103_c79e71,,,,,
2026-09-12T07:36:13-05:00,PUR_IED_AlexanderF_Ext_c5b18b,PUR_IED_AlexanderF_Ext_c5b18b,,,,,
2026-09-12T07:36:13-05:00,PUR_IED_AlfonsoLopez_Ext_281d77,PUR_IED_AlfonsoLopez_Ext_281d77,,,,,
2026-09-12T07:36:13-05:00,PUR_IED_AlfonsoLopez_LabF_888ce0,PUR_IED_AlfonsoLopez_LabF_888ce0,,,,,
2026-09-12T07:36:13-05:00,PUR_IED_AlfonsoLopez_SMed_df6a7f,PUR_IED_AlfonsoLopez_SMed_df6a7f,,,,,
2026-09-12T07:36:13-05:00,PUR_IED_AltamiraSO_A2_209f92,PUR_IED_AltamiraSO_A2_209f92,,,,,
2026-09-12T07:36:13-05:00,PUR_IED_AltamiraSO_Ext_186d66,PUR_IED_AltamiraSO_Ext_186d66,,,,,
2026-09-12T07:36:13-05:00,PUR_IED_AltamiraSO_Sistem_27afe1,PUR_IED_AltamiraSO_Sistem_27afe1,,,,,
2026-09-12T07:36:13-05:00,PUR_IED_AlvaroGom_LabQuim_813179,PUR_IED_AlvaroGom_LabQuim_813179,,,,,
2026-09-12T07:36:13-05:00,PUR_IED_AlvaroGomez_Ext_47c7ca,PUR_IED_AlvaroGomez_Ext_47c7ca,,,,,
2026-09-12T07:36:13-05:00,PUR_IED_AlvaroGomez_LabQuim_813179,PUR_IED_AlvaroGomez_LabQuim_813179,,,,,
2026-09-12T07:36:13-05:00,PUR_IED_AlvaroGomez_S23_7ba89f,PUR_IED_AlvaroGomez_S23_7ba89f,,,,,
2026-09-12T07:36:13-05:00,PUR_IED_Amistad_306_dc8728,PUR_IED_Amistad_306_dc8728,,,,,
2026-09-12T07:36:13-05:00,PUR_IED_Amistad_Ext_8cd55e,PUR_IED_Amistad_Ext_8cd55e,,,,,
2026-09-12T07:36:13-05:00,PUR_IED_Amistad_S202_a41169,PUR_IED_Amistad_S202_a41169,,,,,
2026-09-12T07:36:13-05:00,PUR_IED_AndresBello_Bio_fd5f5e,PUR_IED_AndresBello_Bio_fd5f5e,,,,,
2026-09-12T07:36:13-05:00,PUR_IED_AndresBello_ext_dcad65,PUR_IED_AndresBello_ext_dcad65,,,,,
2026-09-12T07:36:13-05:00,PUR_IED_AndresBello_port_eed3ec,PUR_IED_AndresBello_port_eed3ec,,,,,
2026-09-12T07:36:13-05:00,PUR_IED_AngelaR_11b_d90a6b,PUR_IED_AngelaR_11b_d90a6b,,,,,
2026-09-12T07:36:13-05:00,PUR_IED_AngelaR_ext_7cad3e,PUR_IED_AngelaR_ext_7cad3e,4,17,67,4.5825,-74.164497
2026-09-12T07:36:13-05:00,PUR_IED_AntJoseSucre_10mo_df2575,PUR_IED_AntJoseSucre_10mo_df2575,,,,,
2026-09-12T07:36:13-05:00,PUR_IED_AntJoseSucre_Ext_215b36,PUR_IED_AntJoseSucre_Ext_215b36,,,,,
2026-09-12T07:36:13-05:00,PUR_IED_AntJoseSucre_Lab_3139de,PUR_IED_AntJoseSucre_Lab_3139de,,,,,
2026-09-12T07:36:13-05:00,PUR_IED_AntonioGarcia_301_d6b188,PUR_IED_AntonioGarcia_301_d6b188,,,,,
2026-09-12T07:36:13-05:00,PUR_IED_AntonioGarcia_302_88a82,PUR_IED_AntonioGarcia_302_88a82,,,,,
2026-09-12T07:36:13-05:00,PUR_IED_AntonioGarcia_Ext_20950c,PUR_IED_AntonioGarcia_Ext_20950c,,,,,
2026-09-12T07:36:13-05:00,PUR_IED_AntonioVan_Aula2_6dea02,PUR_IED_AntonioVan_Aula2_6dea02,,,,,
2026-09-12T07:36:13-05:00,PUR_IED_AntonioVan_Aula5_f1557e,PUR_IED_AntonioVan_Aula5_f1557e,,,,,
2026-09-12T07:36:13-05:00,PUR_IED_AntonioVan_Ext_406f2f,PUR_IED_AntonioVan_Ext_406f2f,,,,,
2026-09-12T07:36:13-05:00,PUR_IED_Atabanzha_Ext_cc5af9,PUR_IED_Atabanzha_Ext_cc5af9,,,,,
2026-09-12T07:36:13-05:00,PUR_IED_Atabanzha_SA101_56c37,PUR_IED_Atabanzha_SA101_56c37,,,,,
2026-09-12T07:36:13-05:00,PUR_IED_Atabanzha_SB302_27b374,PUR_IED_Atabanzha_SB302_27b374,,,,,
2026-09-12T07:36:13-05:00,PUR_IED_Atahualpa_Ext_fc1748,PUR_IED_Atahualpa_Ext_fc1748,,,,,
2026-09-12T07:36:13-05:00,PUR_IED_Atahualpa_Informa_dc9a95,PUR_IED_Atahualpa_Informa_dc9a95,,,,,
2026-09-12T07:36:13-05:00,PUR_IED_Atahualpa_S1101_f98056,PUR_IED_Atahualpa_S1101_f98056,,,,,
2026-09-12T07:36:13-05:00,PUR_IED_Bellavista_Ext_f5aa74,PUR_IED_Bellavista_Ext_f5aa74,,,,,
2026-09-12T07:36:13-05:00,PUR_IED_Bilbao_11A_916c41,PUR_IED_Bilbao_11A_916c41,,,,,
2026-09-12T07:36:13-05:00,PUR_IED_Bilbao_Ext_fb579a,PUR_IED_Bilbao_Ext_fb579a,,,,,
2026-09-12T07:36:13-05:00,PUR_IED_BrasiliaU_A125_304280,PUR_IED_BrasiliaU_A125_304280,,,,,
2026-09-12T07:36:13-05:00,PUR_IED_BrasiliaU_A203_7c8ca5,PUR_IED_BrasiliaU_A203_7c8ca5,,,,,
2026-09-12T07:36:13-05:00,PUR_IED_BrasiliaU_Ext_8d6e9f,PUR_IED_BrasiliaU_Ext_8d6e9f,4,16,67,4.5175,-74.116302
2026-09-12T07:36:13-05:00,PUR_IED_Brasilia_Ext_fe6593,PUR_IED_Brasilia_Ext_fe6593,,,,,
2026-09-12T07:36:13-05:00,PUR_IED_Brasilia_S24_7c130d,PUR_IED_Brasilia_S24_7c130d,,,,,
2026-09-12T07:36:13-05:00,PUR_IED_Brasilia_S501_186a54,PUR_IED_Brasilia_S501_186a54,,,,,
2026-09-12T07:36:13-05:00,PUR_IED_CHARRY_EXT_f1d5cd,PUR_IED_CHARRY_EXT_f1d5cd,,,,,
2026-09-12T07:36:13-05:00,PUR_IED_CHARRY_INTDANZAS_7a08e6,PUR_IED_CHARRY_INTDANZAS_7a08e6,,,,,
2026-09-12T07:36:13-05:00,PUR_IED_CHARRY_INT_AULA20_dc998d,PUR_IED_CHARRY_INT_AULA20_dc998d,,,,,
2026-09-12T07:36:13-05:00,PUR_IED_COLVIV_1101_S25_7f520a,PUR_IED_COLVIV_1101_S25_7f520a,,,,,
2026-09-12T07:36:13-05:00,PUR_IED_COLVIV_1102_S16_f570ba,PUR_IED_COLVIV_1102_S16_f570ba,,,,,
2026-09-12T07:36:13-05:00,PUR_IED_COLVIV_Ext_1a26fa,PUR_IED_COLVIV_Ext_1a26fa,,,,,
2026-09-12T07:36:13-05:00,PUR_IED_CULPOP_301A_f660f3,PUR_IED_CULPOP_301A_f660f3,,,,,
2026-09-12T07:36:13-05:00,PUR_IED_CULPOP_303_568afe,PUR_IED_CULPOP_303_568afe,,,,,
2026-09-12T07:36:13-05:00,PUR_IED_CULPOP_Ext_e02ccb,PUR_IED_CULPOP_Ext_e02ccb,,,,,
2026-09-12T07:36:13-05:00,PUR_IED_CVillavicen_Ext_26eb58,PUR_IED_CVillavicen_Ext_26eb58,7,14,83,4.487,-74.102798
2026-09-12T07:36:13-05:00,PUR_IED_CVillavicen_Intel_1ce5c2,PUR_IED_CVillavicen_Intel_1ce5c2,,,,,
2026-09-12T07:36:13-05:00,PUR_IED_CVillavicen_Poliv_e0766c,PUR_IED_CVillavicen_Poliv_e0766c,,,,,
2026-09-12T07:36:13-05:00,PUR_IED_CVillavicen_int_1ba140,PUR_IED_CVillavicen_int_1ba140,,,,,
2026-09-12T07:36:13-05:00,PUR_IED_CVillavicen_intel_1ba140,PUR_IED_CVillavicen_intel_1ba140,,,,,
2026-09-12T07:36:13-05:00,PUR_IED_CarlosPizarro_Ext_e307cc,PUR_IED_CarlosPizarro_Ext_e307cc,,,,,
2026-09-12T07:36:13-05:00,PUR_IED_CarlosPizarro_L36_7e5cdb,PUR_IED_CarlosPizarro_L36_7e5cdb,,,,,
2026-09-12T07:36:13-05:00,PUR_IED_CarlosPizarro_L37_c8566c,PUR_IED_CarlosPizarro_L37_c8566c,,,,,
2026-09-12T07:36:13-05:00,PUR_IED_Castilla_Ext_cf35f,PUR_IED_Castilla_Ext_cf35f,,,,,
2026-09-12T07:36:13-05:00,PUR_IED_Castilla_SFisik_360e38,PUR_IED_Castilla_SFisik_360e38,,,,,
2026-09-12T07:36:13-05:00,PUR_IED_Castilla_Sc304_496fbf,PUR_IED_Castilla_Sc304_496fbf,,,,,
2026-09-12T07:36:13-05:00,PUR_IED_CervantesSa_Ext_6b57b,PUR_IED_CervantesSa_Ext_6b57b,3,17,74,4.5128,-74.117203
2026-09-12T07:36:13-05:00,PUR_IED_CervantesSa_S107_225c2b,PUR_IED_CervantesSa_S107_225c2b,,,,,
2026-09-12T07:36:13-05:00,PUR_IED_CervantesSa_S108_940925,PUR_IED_CervantesSa_S108_940925,,,,,
2026-09-12T07:36:13-05:00,PUR_IED_Charry_A20_f53e7c,PUR_IED_Charry_A20_f53e7c,,,,,
2026-09-12T07:36:13-05:00,PUR_IED_Charry_Ext_f1d5cd,PUR_IED_Charry_Ext_f1d5cd,,,,,
2026-09-12T07:36:13-05:00,PUR_IED_Charry_IntAula20_dc998d,PUR_IED_Charry_IntAula20_dc998d,,,,,
2026-09-12T07:36:13-05:00,PUR_IED_Charry_IntDanzas_7a08e6,PUR_IED_Charry_IntDanzas_7a08e6,,,,,
2026-09-12T07:36:13-05:00,PUR_IED_ClememciaC_203_43e2fc,PUR_IED_ClememciaC_203_43e2fc,,,,,
2026-09-12T07:36:13-05:00,PUR_IED_ClememciaC_Ext_1b411a,PUR_IED_ClememciaC_Ext_1b411a,,,,,
2026-09-12T07:36:13-05:00,PUR_IED_ClememciaC_Quimic_44b5fc,PUR_IED_ClememciaC_Quimic_44b5fc,,,,,
2026-09-12T07:36:13-05:00,PUR_IED_ClemenciaC_203_43e2fc,PUR_IED_ClemenciaC_203_43e2fc,,,,,
2026-09-12T07:36:13-05:00,PUR_IED_ClemenciaC_Ext_1b411a,PUR_IED_ClemenciaC_Ext_1b411a,,,,,
2026-09-12T07:36:13-05:00,PUR_IED_ClemenciaC_Quimic_44b5fc,PUR_IED_ClemenciaC_Quimic_44b5fc,,,,,
2026-09-12T07:36:13-05:00,PUR_IED_ColViva_1101_S25_7f520a,PUR_IED_ColViva_1101_S25_7f520a,,,,,
2026-09-12T07:36:13-05:00,PUR_IED_ColViva_1102_S16_f570ba,PUR_IED_ColViva_1102_S16_f570ba,,,,,
2026-09-12T07:36:13-05:00,PUR_IED_ColViva_Ext_1a26fa,PUR_IED_ColViva_Ext_1a26fa,,,,,
2026-09-12T07:36:13-05:00,PUR_IED_ColegioBici_Asist_7c8798,PUR_IED_ColegioBici_Asist_7c8798,,,,,
2026-09-12T07:36:13-05:00,PUR_IED_ColegioBici_Ext_25cbf6,PUR_IED_ColegioBici_Ext_25cbf6,,,,,
2026-09-12T07:36:13-05:00,PUR_IED_ColegioBici_LabQ_7b57db,PUR_IED_ColegioBici_LabQ_7b57db,,,,,
2026-09-12T07:36:13-05:00,PUR_IED_CostaRica_Ext_5e640,PUR_IED_CostaRica_Ext_5e640,,,,,
2026-09-12T07:36:13-05:00,PUR_IED_CostaRica_Quim1_766d1c,PUR_IED_CostaRica_Quim1_766d1c,,,,,
2026-09-12T07:36:13-05:00,PUR_IED_CostaRica__Fisica_6f0873,PUR_IED_CostaRica__Fisica_6f0873,,,,,
2026-09-12T07:36:13-05:00,PUR_IED_CulPopu_301A_f660f3,PUR_IED_CulPopu_301A_f660f3,,,,,
2026-09-12T07:36:13-05:00,PUR_IED_CulPopu_303_568afe,PUR_IED_CulPopu_303_568afe,,,,,
2026-09-12T07:36:13-05:00,PUR_IED_CulPopu_Ext_e02ccb,PUR_IED_CulPopu_Ext_e02ccb,,,,,
2026-09-12T07:36:13-05:00,PUR_IED_Cundinamarca_Ext_f15985,PUR_IED_Cundinamarca_Ext_f15985,,,,,
2026-09-12T07:36:13-05:00,PUR_IED_Cundinamarca_Info_7aa5d7,PUR_IED_Cundinamarca_Info_7aa5d7,,,,,
2026-09-12T07:36:13-05:00,PUR_IED_Cundinamarca_Tec2_f449c7,PUR_IED_Cundinamarca_Tec2_f449c7,,,,,
2026-09-12T07:36:13-05:00,PUR_IED_DiegoM_Aula1_27b314,PUR_IED_DiegoM_Aula1_27b314,,,,,
2026-09-12T07:36:13-05:00,PUR_IED_DiegoM_Ext_d80ac8,PUR_IED_DiegoM_Ext_d80ac8,,,,,
2026-09-12T07:36:13-05:00,PUR_IED_DiegoM_S25_da928f,PUR_IED_DiegoM_S25_da928f,,,,,
2026-09-12T07:36:13-05:00,PUR_IED_ELRODEO_360881,PUR_IED_ELRODEO_360881,,,,,
2026-09-12T07:36:13-05:00,PUR_IED_ELRODEO_ext_360881,PUR_IED_ELRODEO_ext_360881,,,,,
2026-09-12T07:36:13-05:00,PUR_IED_EduardoU_Ext_1c1969,PUR_IED_EduardoU_Ext_1c1969,,,,,
2026-09-12T07:36:13-05:00,PUR_IED_EduardoU_SCiencia_4dfb94,PUR_IED_EduardoU_SCiencia_4dfb94,,,,,
2026-09-12T07:36:13-05:00,PUR_IED_EduardoU_SQuimica_5a46e7,PUR_IED_EduardoU_SQuimica_5a46e7,,,,,
2026-09-12T07:36:13-05:00,PUR_IED_ElRodeo_Aula14_676984,PUR_IED_ElRodeo_Aula14_676984,,,,,
2026-09-12T07:36:13-05:00,PUR_IED_ElRodeo_Aula16_2dd35b,PUR_IED_ElRodeo_Aula16_2dd35b,,,,,
2026-09-12T07:36:13-05:00,PUR_IED_ElRodeo_Ext_360881,PUR_IED_ElRodeo_Ext_360881,,,,,
2026-09-12T07:36:13-05:00,PUR_IED_ElRodeo_Exterior_8c6d28,PUR_IED_ElRodeo_Exterior_8c6d28,,,,,
2026-09-12T07:36:13-05:00,PUR_IED_ElRodeo_ext_360881,PUR_IED_ElRodeo_ext_360881,,,,,
2026-09-12T07:36:13-05:00,PUR_IED_EmmaReyes_Ext_987625,PUR_IED_EmmaReyes_Ext_987625,6,21,53,4.6367,-74.1511
2026-09-12T07:36:13-05:00,PUR_IED_Ensueño_Ext_7f0250,PUR_IED_Ensueño_Ext_7f0250,,,,,
2026-09-12T07:36:13-05:00,PUR_IED_EscNormal_Ext_5fef3b,PUR_IED_EscNormal_Ext_5fef3b,2,18,61,4.5852,-74.096901
2026-09-12T07:36:13-05:00,PUR_IED_EscNormal_S309_5b263,PUR_IED_EscNormal_S309_5b263,,,,,
2026-09-12T07:36:13-05:00,PUR_IED_EscNormal_S310_27b3b8,PUR_IED_EscNormal_S310_27b3b8,,,,,
2026-09-12T07:36:13-05:00,PUR_IED_Evangelista_Conta_f6cd4f,PUR_IED_Evangelista_Conta_f6cd4f,,,,,
2026-09-12T07:36:13-05:00,PUR_IED_Evangelista_Cri_5e16a,PUR_IED_Evangelista_Cri_5e16a,,,,,
2026-09-12T07:36:13-05:00,PUR_IED_Evangelista_Exter_754066,PUR_IED_Evangelista_Exter_754066,,,,,
2026-09-12T07:36:13-05:00,PUR_IED_FMiranda_S209_5cc2a3,PUR_IED_FMiranda_S209_5cc2a3,,,,,
2026-09-12T07:36:13-05:00,PUR_IED_FMiranda_S303_19e344,PUR_IED_FMiranda_S303_19e344,,,,,
2026-09-12T07:36:13-05:00,PUR_IED_FMiranda_ext_f53e7c,PUR_IED_FMiranda_ext_f53e7c,,,,,
2026-09-12T07:36:13-05:00,PUR_IED_FabioLozano_Bibli_1cee05,PUR_IED_FabioLozano_Bibli_1cee05,,,,,
2026-09-12T07:36:13-05:00,PUR_IED_FabioLozano_Ext_6ea285,PUR_IED_FabioLozano_Ext_6ea285,,,,,
2026-09-12T07:36:13-05:00,PUR_IED_FabioLozano_SLudi_f09e1e,PUR_IED_FabioLozano_SLudi_f09e1e,,,,,
2026-09-12T07:36:13-05:00,PUR_IED_FaustinoS_Aula07_27a731,PUR_IED_FaustinoS_Aula07_27a731,,,,,
2026-09-12T07:36:13-05:00,PUR_IED_FaustinoS_Ext_7b936f,PUR_IED_FaustinoS_Ext_7b936f,,,,,
2026-09-12T07:36:13-05:00,PUR_IED_FaustinoS_Fisica_da2c60,PUR_IED_FaustinoS_Fisica_da2c60,,,,,
2026-09-12T07:36:13-05:00,PUR_IED_FeGarciaLo_Ext_dc68ee,PUR_IED_FeGarciaLo_Ext_dc68ee,,,,,
2026-09-12T07:36:13-05:00,PUR_IED_FeGarciaLo_SDanza_f70a59,PUR_IED_FeGarciaLo_SDanza_f70a59,,,,,
2026-09-12T07:36:13-05:00,PUR_IED_FeGarciaLo_SMusic_125cdd,PUR_IED_FeGarciaLo_SMusic_125cdd,,,,,
2026-09-12T07:36:13-05:00,PUR_IED_FederalAlema_Exte_50c345,PUR_IED_FederalAlema_Exte_50c345,,,,,
2026-09-12T07:36:13-05:00,PUR_IED_FederalAlema_S31_f18371,PUR_IED_FederalAlema_S31_f18371,,,,,
2026-09-12T07:36:13-05:00,PUR_IED_FederalAlema_S901_a62cd,PUR_IED_FederalAlema_S901_a62cd,,,,,
2026-09-12T07:36:13-05:00,PUR_IED_FilarmonicaS_A5_f35eb1,PUR_IED_FilarmonicaS_A5_f35eb1,,,,,
2026-09-12T07:36:13-05:00,PUR_IED_FilarmonicaS_Ext_8a3bde,PUR_IED_FilarmonicaS_Ext_8a3bde,,,,,
2026-09-12T07:36:13-05:00,PUR_IED_FilarmonicaS_Spol_406114,PUR_IED_FilarmonicaS_Spol_406114,,,,,
2026-09-12T07:36:13-05:00,PUR_IED_FlorentinoG_A13_d1fa59,PUR_IED_FlorentinoG_A13_d1fa59,,,,,
2026-09-12T07:36:13-05:00,PUR_IED_FlorentinoG_Ext_1ce6ce,PUR_IED_FlorentinoG_Ext_1ce6ce,,,,,
2026-09-12T07:36:13-05:00,PUR_IED_FlorentinoG_Idiom_a66aac,PUR_IED_FlorentinoG_Idiom_a66aac,,,,,
2026-09-12T07:36:13-05:00,PUR_IED_FranciscoMati_Ext_e3869d,PUR_IED_FranciscoMati_Ext_e3869d,,,,,
2026-09-12T07:36:13-05:00,PUR_IED_FranciscoMati_S13_f31c67,PUR_IED_FranciscoMati_S13_f31c67,,,,,
2026-09-12T07:36:13-05:00,PUR_IED_FranciscoMati_S14_97dead,PUR_IED_FranciscoMati_S14_97dead,,,,,
2026-09-12T07:36:13-05:00,PUR_IED_FranciscoPS_Ext_7bfa9a,PUR_IED_FranciscoPS_Ext_7bfa9a,2,19,62,4.5899,-74.110397
2026-09-12T07:36:13-05:00,PUR_IED_FranciscoPS_Infor_fb8f4c,PUR_IED_FranciscoPS_Infor_fb8f4c,,,,,
2026-09-12T07:36:13-05:00,PUR_IED_FranciscoPS_Quimi_94d39c,PUR_IED_FranciscoPS_Quimi_94d39c,,,,,
2026-09-12T07:36:13-05:00,PUR_IED_FranciscoP_LabQ_d7e148,PUR_IED_FranciscoP_LabQ_d7e148,,,,,
2026-09-12T07:36:13-05:00,PUR_IED_FranciscoP_S28_cf9b30,PUR_IED_FranciscoP_S28_cf9b30,,,,,
2026-09-12T07:36:13-05:00,PUR_IED_FranciscoP_ext_e2313,PUR_IED_FranciscoP_ext_e2313,,,,,
2026-09-12T07:36:13-05:00,PUR_IED_FriederichN_Ext_8ac92a,PUR_IED_FriederichN_Ext_8ac92a,,,,,
2026-09-12T07:36:13-05:00,PUR_IED_FriederichN_S301_dd7e5a,PUR_IED_FriederichN_S301_dd7e5a,,,,,
2026-09-12T07:36:13-05:00,PUR_IED_FriederichN_S308_761f4f,PUR_IED_FriederichN_S308_761f4f,,,,,
2026-09-12T07:36:13-05:00,PUR_IED_GSantander_Aula10_533dd7,PUR_IED_GSantander_Aula10_533dd7,,,,,
2026-09-12T07:36:13-05:00,PUR_IED_GSantander_Aula12_fd4e4f,PUR_IED_GSantander_Aula12_fd4e4f,,,,,
2026-09-12T07:36:13-05:00,PUR_IED_GSantander_Aula310_533dd7,PUR_IED_GSantander_Aula310_533dd7,,,,,
2026-09-12T07:36:13-05:00,PUR_IED_GSantander_Aula312_fd4e4f,PUR_IED_GSantander_Aula312_fd4e4f,,,,,
2026-09-12T07:36:13-05:00,PUR_IED_GSantander_Ext_5f66b0,PUR_IED_GSantander_Ext_5f66b0,,,,,
2026-09-12T07:36:13-05:00,PUR_IED_GYomasa_Ext_f6bea5,PUR_IED_GYomasa_Ext_f6bea5,,,,,
2026-09-12T07:36:13-05:00,PUR_IED_GYomasa_LBiol_2c41aa,PUR_IED_GYomasa_LBiol_2c41aa,,,,,
2026-09-12T07:36:13-05:00,PUR_IED_GYomasa_LQuim_33c80,PUR_IED_GYomasa_LQuim_33c80,,,,,
2026-09-12T07:36:13-05:00,PUR_IED_GabBetMejia_Cienc_5a99c,PUR_IED_GabBetMejia_Cienc_5a99c,,,,,
2026-09-12T07:36:13-05:00,PUR_IED_GabBetMejia_Ext_9153d0,PUR_IED_GabBetMejia_Ext_9153d0,,,,,
2026-09-12T07:36:13-05:00,PUR_IED_GabBetMejia_Lab_f55347,PUR_IED_GabBetMejia_Lab_f55347,,,,,
2026-09-12T07:36:13-05:00,PUR_IED_GabBetanMejia_Ext_9153d0,PUR_IED_GabBetanMejia_Ext_9153d0,,,,,
2026-09-12T07:36:13-05:00,PUR_IED_Gaitana_Aula13_7aac11,PUR_IED_Gaitana_Aula13_7aac11,,,,,
2026-09-12T07:36:13-05:00,PUR_IED_Gaitana_Ext_5fcf4,PUR_IED_Gaitana_Ext_5fcf4,,,,,
2026-09-12T07:36:13-05:00,PUR_IED_Gaitana_LabFisica_644448,PUR_IED_Gaitana_LabFisica_644448,,,,,
2026-09-12T07:36:13-05:00,PUR_IED_GenSantander_Dise_8ac858,PUR_IED_GenSantander_Dise_8ac858,,,,,
2026-09-12T07:36:13-05:00,PUR_IED_GenSantander_Ext_8d5dfe,PUR_IED_GenSantander_Ext_8d5dfe,,,,,
2026-09-12T07:36:13-05:00,PUR_IED_GenSantander_Info_6c25b,PUR_IED_GenSantander_Info_6c25b,,,,,
2026-09-12T07:36:13-05:00,PUR_IED_GustavoMo_Exterio_75e63d,PUR_IED_GustavoMo_Exterio_75e63d,,,,,
2026-09-12T07:36:13-05:00,PUR_IED_GustavoMo_LabFisi_224d37,PUR_IED_GustavoMo_LabFisi_224d37,,,,,
2026-09-12T07:36:13-05:00,PUR_IED_GustavoMo_S208_3e6918,PUR_IED_GustavoMo_S208_3e6918,,,,,
2026-09-12T07:36:13-05:00,PUR_IED_GustavoR_A02_8cd4a8,PUR_IED_GustavoR_A02_8cd4a8,,,,,
2026-09-12T07:36:13-05:00,PUR_IED_GustavoR_B11_5b0ed,PUR_IED_GustavoR_B11_5b0ed,,,,,
2026-09-12T07:36:13-05:00,PUR_IED_GustavoR_Ext_7a0c90,PUR_IED_GustavoR_Ext_7a0c90,,,,,
2026-09-12T07:36:13-05:00,PUR_IED_HernandoDuran_Ext_8cd82b,PUR_IED_HernandoDuran_Ext_8cd82b,,,,,
2026-09-12T07:36:13-05:00,PUR_IED_HernandoDuran_S24_2772c6,PUR_IED_HernandoDuran_S24_2772c6,,,,,
2026-09-12T07:36:13-05:00,PUR_IED_HernandoDuran_S30_f2de41,PUR_IED_HernandoDuran_S30_f2de41,,,,,
2026-09-12T07:36:13-05:00,PUR_IED_HolguInUr_S1101_8cd732,PUR_IED_HolguInUr_S1101_8cd732,,,,,
2026-09-12T07:36:13-05:00,PUR_IED_HolguinUr_Exter_ddae6d,PUR_IED_HolguinUr_Exter_ddae6d,,,,,
2026-09-12T07:36:13-05:00,PUR_IED_HolguinUr_LabQuim_92b952,PUR_IED_HolguinUr_LabQuim_92b952,,,,,
2026-09-12T07:36:13-05:00,PUR_IED_Isabel-II_Ext_5245cc,PUR_IED_Isabel-II_Ext_5245cc,5,18,61,4.6336,-74.153
2026-09-12T07:36:13-05:00,PUR_IED_Isabel-II_S_idiom_1c29aa,PUR_IED_Isabel-II_S_idiom_1c29aa,,,,,
2026-09-12T07:36:13-05:00,PUR_IED_Isabel-II_S_infor_fd741,PUR_IED_Isabel-II_S_infor_fd741,,,,,
2026-09-12T07:36:13-05:00,PUR_IED_IsidroSur_Exterio_5b90ea,PUR_IED_IsidroSur_Exterio_5b90ea,,,,,
2026-09-12T07:36:13-05:00,PUR_IED_IsidroSur_LabTec_56697a,PUR_IED_IsidroSur_LabTec_56697a,,,,,
2026-09-12T07:36:13-05:00,PUR_IED_IsidroSur_Robotic_b7c38f,PUR_IED_IsidroSur_Robotic_b7c38f,,,,,
2026-09-12T07:36:13-05:00,PUR_IED_IsmaelPerd_Ext_7b6672,PUR_IED_IsmaelPerd_Ext_7b6672,,,,,
2026-09-12T07:36:13-05:00,PUR_IED_IsmaelPerd_Inform_306540,PUR_IED_IsmaelPerd_Inform_306540,,,,,
2026-09-12T07:36:13-05:00,PUR_IED_IsmaelPerd_S30_2e2c83,PUR_IED_IsmaelPerd_S30_2e2c83,,,,,
2026-09-12T07:36:13-05:00,PUR_IED_JLozano_Exter_432910,PUR_IED_JLozano_Exter_432910,,,,,
2026-09-12T07:36:13-05:00,PUR_IED_JLozano_salaMulti_df5125,PUR_IED_JLozano_salaMulti_df5125,,,,,
2026-09-12T07:36:13-05:00,PUR_IED_JMCordoba_206_86f80b,PUR_IED_JMCordoba_206_86f80b,,,,,
2026-09-12T07:36:13-05:00,PUR_IED_JMCordoba_Ext_27ad97,PUR_IED_JMCordoba_Ext_27ad97,,,,,
2026-09-12T07:36:13-05:00,PUR_IED_JMCordoba_S310_d59ab4,PUR_IED_JMCordoba_S310_d59ab4,,,,,
2026-09-12T07:36:13-05:00,PUR_IED_Japon_Ext_549100,PUR_IED_Japon_Ext_549100,,,,,
2026-09-12T07:36:13-05:00,PUR_IED_Japon_Laboratorio_bec51d,PUR_IED_Japon_Laboratorio_bec51d,,,,,
2026-09-12T07:36:13-05:00,PUR_IED_Japon_informatica_d99327,PUR_IED_Japon_informatica_d99327,,,,,
2026-09-12T07:36:13-05:00,PUR_IED_Jazmin_Ext_d27bda,PUR_IED_Jazmin_Ext_d27bda,,,,,
2026-09-12T07:36:13-05:00,PUR_IED_Jazmin_Fisica_8d14d7,PUR_IED_Jazmin_Fisica_8d14d7,,,,,
2026-09-12T07:36:13-05:00,PUR_IED_Jazmin_Quimica_801cb5,PUR_IED_Jazmin_Quimica_801cb5,,,,,
2026-09-12T07:36:13-05:00,PUR_IED_JorgeGaitan_Exter_f098d1,PUR_IED_JorgeGaitan_Exter_f098d1,,,,,
2026-09-12T07:36:13-05:00,PUR_IED_JorgeGaitan_STec1_dc9d1d,PUR_IED_JorgeGaitan_STec1_dc9d1d,,,,,
2026-09-12T07:36:13-05:00,PUR_IED_JorgeGaitan_STec2_281e69,PUR_IED_JorgeGaitan_STec2_281e69,,,,,
2026-09-12T07:36:13-05:00,PUR_IED_JorgeSoto_Exterio_d9d0a2,PUR_IED_JorgeSoto_Exterio_d9d0a2,,,,,
2026-09-12T07:36:13-05:00,PUR_IED_JorgeSoto_LabFisi_209c54,PUR_IED_JorgeSoto_LabFisi_209c54,,,,,
2026-09-12T07:36:13-05:00,PUR_IED_JorgeSoto_S103_27b51a,PUR_IED_JorgeSoto_S103_27b51a,,,,,
2026-09-12T07:36:13-05:00,PUR_IED_JoseAcevedo_A02_e965eb,PUR_IED_JoseAcevedo_A02_e965eb,,,,,
2026-09-12T07:36:13-05:00,PUR_IED_JoseAcevedo_A07_dd5b4,PUR_IED_JoseAcevedo_A07_dd5b4,,,,,
2026-09-12T07:36:13-05:00,PUR_IED_JoseAcevedo_Ext_b47484,PUR_IED_JoseAcevedo_Ext_b47484,,,,,
2026-09-12T07:36:13-05:00,PUR_IED_JoseMarti_Exte_5b9bf,PUR_IED_JoseMarti_Exte_5b9bf,,,,,
2026-09-12T07:36:13-05:00,PUR_IED_JoseMarti_LabQuim_1c6c2d,PUR_IED_JoseMarti_LabQuim_1c6c2d,,,,,
2026-09-12T07:36:13-05:00,PUR_IED_JoseMarti_S_info_f5f177,PUR_IED_JoseMarti_S_info_f5f177,,,,,
2026-09-12T07:36:13-05:00,PUR_IED_Josejoaquin_Ext_dfc5dc,PUR_IED_Josejoaquin_Ext_dfc5dc,,,,,
2026-09-12T07:36:13-05:00,PUR_IED_Josejoaquin_S05_5b2a96,PUR_IED_Josejoaquin_S05_5b2a96,,,,,
2026-09-12T07:36:13-05:00,PUR_IED_Josejoaquin_S06_1ce7d2,PUR_IED_Josejoaquin_S06_1ce7d2,,,,,
2026-09-12T07:36:13-05:00,PUR_IED_JulioFlorez_Danza_9b82dd,PUR_IED_JulioFlorez_Danza_9b82dd,,,,,
2026-09-12T07:36:13-05:00,PUR_IED_JulioFlorez_Exter_f9f314,PUR_IED_JulioFlorez_Exter_f9f314,,,,,
2026-09-12T07:36:13-05:00,PUR_IED_JulioFlorez_info2_6b6e08,PUR_IED_JulioFlorez_info2_6b6e08,,,,,
2026-09-12T07:36:13-05:00,PUR_IED_LaBelleza_Aula13_1d00d8,PUR_IED_LaBelleza_Aula13_1d00d8,,,,,
2026-09-12T07:36:13-05:00,PUR_IED_LaBelleza_Ext_7bc08c,PUR_IED_LaBelleza_Ext_7bc08c,,,,,
2026-09-12T07:36:13-05:00,PUR_IED_LaChucua_Ext_8cd6d2,PUR_IED_LaChucua_Ext_8cd6d2,,,,,
2026-09-12T07:36:13-05:00,PUR_IED_LaChucua_S15_f578ce,PUR_IED_LaChucua_S15_f578ce,,,,,
2026-09-12T07:36:13-05:00,PUR_IED_LaChucua_S16_eebcf9,PUR_IED_LaChucua_S16_eebcf9,,,,,
2026-09-12T07:36:13-05:00,PUR_IED_LaFelicidad_Ext_fb5109,PUR_IED_LaFelicidad_Ext_fb5109,,,,,
2026-09-12T07:36:13-05:00,PUR_IED_LaMerced_206_66ebd,PUR_IED_LaMerced_206_66ebd,,,,,
2026-09-12T07:36:13-05:00,PUR_IED_LaMerced_207_6ebd6,PUR_IED_LaMerced_207_6ebd6,,,,,
2026-09-12T07:36:13-05:00,PUR_IED_LaMerced_ext_304311,PUR_IED_LaMerced_ext_304311,,,,,
2026-09-12T07:36:13-05:00,PUR_IED_Laureano_CiencNat_281e5e,PUR_IED_Laureano_CiencNat_281e5e,,,,,
2026-09-12T07:36:13-05:00,PUR_IED_Laureano_Comedor_f65c0a,PUR_IED_Laureano_Comedor_f65c0a,,,,,
2026-09-12T07:36:13-05:00,PUR_IED_Laureano_Exterior_7ab011,PUR_IED_Laureano_Exterior_7ab011,,,,,
2026-09-12T07:36:13-05:00,PUR_IED_LeonGreiff_Exte_dfe560,PUR_IED_LeonGreiff_Exte_dfe560,,,,,
2026-09-12T07:36:13-05:00,PUR_IED_LeonGreiff_S210_f264ed,PUR_IED_LeonGreiff_S210_f264ed,,,,,
2026-09-12T07:36:13-05:00,PUR_IED_LeonGreiff_SQuimi_e8296f,PUR_IED_LeonGreiff_SQuimi_e8296f,,,,,
2026-09-12T07:36:13-05:00,PUR_IED_LlanoOrientalS208_7b9fcd,PUR_IED_LlanoOrientalS208_7b9fcd,,,,,
2026-09-12T07:36:13-05:00,PUR_IED_LlanoOriental_Ext_fb3766,PUR_IED_LlanoOriental_Ext_fb3766,,,,,
2026-09-12T07:36:13-05:00,PUR_IED_LlanoOriental_S208_7b9fcd,PUR_IED_LlanoOriental_S208_7b9fcd,,,,,
2026-09-12T07:36:13-05:00,PUR_IED_LlanoOriental_S9_27b378,PUR_IED_LlanoOriental_S9_27b378,,,,,
2026-09-12T07:36:13-05:00,PUR_IED_LosTejares_1101_477602,PUR_IED_LosTejares_1101_477602,,,,,
2026-09-12T07:36:13-05:00,PUR_IED_LosTejares_11_d2c595,PUR_IED_LosTejares_11_d2c595,,,,,
2026-09-12T07:36:13-05:00,PUR_IED_LosTejares_12_477602,PUR_IED_LosTejares_12_477602,,,,,
2026-09-12T07:36:13-05:00,PUR_IED_LosTejares_Ext_8e2115,PUR_IED_LosTejares_Ext_8e2115,,,,,
2026-09-12T07:36:13-05:00,PUR_IED_MagdalenaO_B202_5ddda3,PUR_IED_MagdalenaO_B202_5ddda3,,,,,
2026-09-12T07:36:13-05:00,PUR_IED_MagdalenaO_B205_fb76e8,PUR_IED_MagdalenaO_B205_fb76e8,,,,,
2026-09-12T07:36:13-05:00,PUR_IED_MagdalenaO_ext_dc69cd,PUR_IED_MagdalenaO_ext_dc69cd,,,,,
2026-09-12T07:36:13-05:00,PUR_IED_ManueCepeda_artes_eee956,PUR_IED_ManueCepeda_artes_eee956,,,,,
2026-09-12T07:36:13-05:00,PUR_IED_ManuelCepeda_Ext_58313,PUR_IED_ManuelCepeda_Ext_58313,,,,,
2026-09-12T07:36:13-05:00,PUR_IED_ManuelCepeda_tec_1c5731,PUR_IED_ManuelCepeda_tec_1c5731,,,,,
2026-09-12T07:36:13-05:00,PUR_IED_ManuelS_Exterior_5b269,PUR_IED_ManuelS_Exterior_5b269,,,,,
2026-09-12T07:36:13-05:00,PUR_IED_ManuelS_Inform_f369ce,PUR_IED_ManuelS_Inform_f369ce,,,,,
2026-09-12T07:36:13-05:00,PUR_IED_ManuelS_SArtes_7d15f1,PUR_IED_ManuelS_SArtes_7d15f1,,,,,
2026-09-12T07:36:13-05:00,PUR_IED_ManuelZapata_303_3ca6,PUR_IED_ManuelZapata_303_3ca6,,,,,
2026-09-12T07:36:13-05:00,PUR_IED_ManuelZapata_311_bfbabc,PUR_IED_ManuelZapata_311_bfbabc,,,,,
2026-09-12T07:36:13-05:00,PUR_IED_ManuelZapata_Ext_50824a,PUR_IED_ManuelZapata_Ext_50824a,,,,,
2026-09-12T07:36:13-05:00,PUR_IED_ManuelitaS_Exteri_656a92,PUR_IED_ManuelitaS_Exteri_656a92,,,,,
2026-09-12T07:36:13-05:00,PUR_IED_ManuelitaS_JuzgDe_f58ec3,PUR_IED_ManuelitaS_JuzgDe_f58ec3,,,,,
2026-09-12T07:36:13-05:00,PUR_IED_ManuelitaS_Recrea_d793db,PUR_IED_ManuelitaS_Recrea_d793db,,,,,
2026-09-12T07:36:13-05:00,PUR_IED_MarFidSuarez_Ext_c27b19,PUR_IED_MarFidSuarez_Ext_c27b19,,,,,
2026-09-12T07:36:13-05:00,PUR_IED_MarFidSuarez_Info_e384d7,PUR_IED_MarFidSuarez_Info_e384d7,,,,,
2026-09-12T07:36:13-05:00,PUR_IED_MarFidSuarez_S306_1d0032,PUR_IED_MarFidSuarez_S306_1d0032,,,,,
2026-09-12T07:36:13-05:00,PUR_IED_Menorah_301_2a25a3,PUR_IED_Menorah_301_2a25a3,,,,,
2026-09-12T07:36:13-05:00,PUR_IED_Menorah_306_37ed3,PUR_IED_Menorah_306_37ed3,,,,,
2026-09-12T07:36:13-05:00,PUR_IED_Menorah_Ext_3e155b,PUR_IED_Menorah_Ext_3e155b,,,,,
2026-09-12T07:36:13-05:00,PUR_IED_MinutoB.Aires_A11_1b1604,PUR_IED_MinutoB.Aires_A11_1b1604,,,,,
2026-09-12T07:36:13-05:00,PUR_IED_MinutoB.Aires_A12_fb5860,PUR_IED_MinutoB.Aires_A12_fb5860,,,,,
2026-09-12T07:36:13-05:00,PUR_IED_MinutoB.Aires_Ext_81293f,PUR_IED_MinutoB.Aires_Ext_81293f,,,,,
2026-09-12T07:36:13-05:00,PUR_IED_MinutoBAires_A11_1b1604,PUR_IED_MinutoBAires_A11_1b1604,,,,,
2026-09-12T07:36:13-05:00,PUR_IED_MinutoBAires_A12_fb5860,PUR_IED_MinutoBAires_A12_fb5860,,,,,
2026-09-12T07:36:13-05:00,PUR_IED_MinutoBAires_Ext_81293f,PUR_IED_MinutoBAires_Ext_81293f,,,,,
2026-09-12T07:36:13-05:00,PUR_IED_Montreal_Aula10_1e4959,PUR_IED_Montreal_Aula10_1e4959,,,,,
2026-09-12T07:36:13-05:00,PUR_IED_Montreal_Aula6_300367,PUR_IED_Montreal_Aula6_300367,,,,,
2026-09-12T07:36:13-05:00,PUR_IED_Montreal_Exterior_91a179,PUR_IED_Montreal_Exterior_91a179,,,,,
2026-09-12T07:36:13-05:00,PUR_IED_Mqgdalena_B202_5ddda3,PUR_IED_Mqgdalena_B202_5ddda3,,,,,
2026-09-12T07:36:13-05:00,PUR_IED_NACUND_Soc_dc8728,PUR_IED_NACUND_Soc_dc8728,,,,,
2026-09-12T07:36:13-05:00,PUR_IED_NACUND_ext_27ad97,PUR_IED_NACUND_ext_27ad97,,,,,
2026-09-12T07:36:13-05:00,PUR_IED_NEsperanza_Ext_d24b61,PUR_IED_NEsperanza_Ext_d24b61,,,,,
2026-09-12T07:36:13-05:00,PUR_IED_NEsperanza_SElect_7d1807,PUR_IED_NEsperanza_SElect_7d1807,,,,,
2026-09-12T07:36:13-05:00,PUR_IED_NEsperanza_SLabor_8b2d0a,PUR_IED_NEsperanza_SLabor_8b2d0a,,,,,
2026-09-12T07:36:13-05:00,PUR_IED_NacionesU_Ext_f661a9,PUR_IED_NacionesU_Ext_f661a9,,,,,
2026-09-12T07:36:13-05:00,PUR_IED_NacionesU_Quimica_66f0a,PUR_IED_NacionesU_Quimica_66f0a,,,,,
2026-09-12T07:36:13-05:00,PUR_IED_NacionesU_S306_1b4b3d,PUR_IED_NacionesU_S306_1b4b3d,,,,,
2026-09-12T07:36:13-05:00,PUR_IED_NestorFA_Ext_e4201c,PUR_IED_NestorFA_Ext_e4201c,,,,,
2026-09-12T07:36:13-05:00,PUR_IED_NestorFA_Laborato_f22fe0,PUR_IED_NestorFA_Laborato_f22fe0,,,,,
2026-09-12T07:36:13-05:00,PUR_IED_NestorFA_S204_dee996,PUR_IED_NestorFA_S204_dee996,,,,,
2026-09-12T07:36:13-05:00,PUR_IED_NidyaQT_Aula03_76999b,PUR_IED_NidyaQT_Aula03_76999b,,,,,
2026-09-12T07:36:13-05:00,PUR_IED_NidyaQT_Aula10_56325,PUR_IED_NidyaQT_Aula10_56325,,,,,
2026-09-12T07:36:13-05:00,PUR_IED_NidyaQT_Ext_46e32d,PUR_IED_NidyaQT_Ext_46e32d,,,,,
2026-09-12T07:36:13-05:00,PUR_IED_NuevaCol_Exterior_d9b859,PUR_IED_NuevaCol_Exterior_d9b859,,,,,
2026-09-12T07:36:13-05:00,PUR_IED_NuevaCol_S1101_76c43b,PUR_IED_NuevaCol_S1101_76c43b,,,,,
2026-09-12T07:36:13-05:00,PUR_IED_NuevaCol_S1102_1ce0b5,PUR_IED_NuevaCol_S1102_1ce0b5,,,,,
2026-09-12T07:36:13-05:00,PUR_IED_OEA_A202_f7e3f2,PUR_IED_OEA_A202_f7e3f2,,,,,
2026-09-12T07:36:13-05:00,PUR_IED_OEA_A203_7d1b8d,PUR_IED_OEA_A203_7d1b8d,,,,,
2026-09-12T07:36:13-05:00,PUR_IED_OEA_Ext_27b593,PUR_IED_OEA_Ext_27b593,,,,,
2026-09-12T07:36:13-05:00,PUR_IED_Ochoa_Ext_1c29da,PUR_IED_Ochoa_Ext_1c29da,4,15,97,4.503,-74.107201
2026-09-12T07:36:13-05:00,PUR_IED_Ochoa_S205_8b1121,PUR_IED_Ochoa_S205_8b1121,,,,,
2026-09-12T07:36:13-05:00,PUR_IED_Ochoa_Sistemas_f33af6,PUR_IED_Ochoa_Sistemas_f33af6,,,,,
2026-09-12T07:36:13-05:00,PUR_IED_PQuebec_Ext_1c67c7,PUR_IED_PQuebec_Ext_1c67c7,,,,,
2026-09-12T07:36:13-05:00,PUR_IED_PQuebec_S15_23e8e2,PUR_IED_PQuebec_S15_23e8e2,,,,,
2026-09-12T07:36:13-05:00,PUR_IED_PQuebec_S16_8ec76b,PUR_IED_PQuebec_S16_8ec76b,,,,,
2026-09-12T07:36:13-05:00,PUR_IED_PabloN_Ext_49dc96,PUR_IED_PabloN_Ext_49dc96,,,,,
2026-09-12T07:36:13-05:00,PUR_IED_PabloN_S1102_4e3df5,PUR_IED_PabloN_S1102_4e3df5,,,,,
2026-09-12T07:36:13-05:00,PUR_IED_PabloN_S1103_50c94b,PUR_IED_PabloN_S1103_50c94b,,,,,
2026-09-12T07:36:13-05:00,PUR_IED_Palestina_S1101_db9198,PUR_IED_Palestina_S1101_db9198,,,,,
2026-09-12T07:36:13-05:00,PUR_IED_Palestina_S1102_dc54fa,PUR_IED_Palestina_S1102_dc54fa,,,,,
2026-09-12T07:36:13-05:00,PUR_IED_Palestina_ext_4ccce6,PUR_IED_Palestina_ext_4ccce6,,,,,
2026-09-12T07:36:13-05:00,PUR_IED_Panama_Fisica_4d0794,PUR_IED_Panama_Fisica_4d0794,,,,,
2026-09-12T07:36:13-05:00,PUR_IED_Panama_SIngles_a4077e,PUR_IED_Panama_SIngles_a4077e,,,,,
2026-09-12T07:36:13-05:00,PUR_IED_Panama_ext_4c54b4,PUR_IED_Panama_ext_4c54b4,,,,,
2026-09-12T07:36:13-05:00,PUR_IED_ParaisoM_Exterior_8cd7f0,PUR_IED_ParaisoM_Exterior_8cd7f0,,,,,
2026-09-12T07:36:13-05:00,PUR_IED_ParaisoM_Laborato_27af35,PUR_IED_ParaisoM_Laborato_27af35,,,,,
2026-09-12T07:36:13-05:00,PUR_IED_ParaisoM_S304_d1edca,PUR_IED_ParaisoM_S304_d1edca,,,,,
2026-09-12T07:36:13-05:00,PUR_IED_PorfirioBarba_Ext_301466,PUR_IED_PorfirioBarba_Ext_301466,,,,,
2026-09-12T07:36:13-05:00,PUR_IED_PorfirioBarba_S11_df6cd2,PUR_IED_PorfirioBarba_S11_df6cd2,,,,,
2026-09-12T07:36:13-05:00,PUR_IED_PorfirioBarba_S29_27a7d6,PUR_IED_PorfirioBarba_S29_27a7d6,,,,,
2026-09-12T07:36:13-05:00,PUR_IED_PradoV_Exter_8b27ad,PUR_IED_PradoV_Exter_8b27ad,,,,,
2026-09-12T07:36:13-05:00,PUR_IED_PradoV_S301_de65b5,PUR_IED_PradoV_S301_de65b5,,,,,
2026-09-12T07:36:13-05:00,PUR_IED_PradoV_S302_7d2593,PUR_IED_PradoV_S302_7d2593,,,,,
2026-09-12T07:36:13-05:00,PUR_IED_QuirogaAlz_Ext_1ddc82,PUR_IED_QuirogaAlz_Ext_1ddc82,,,,,
2026-09-12T07:36:13-05:00,PUR_IED_QuirogaAlz_S302_9926a3,PUR_IED_QuirogaAlz_S302_9926a3,,,,,
2026-09-12T07:36:13-05:00,PUR_IED_QuirogaAlz_S305_cdf1f1,PUR_IED_QuirogaAlz_S305_cdf1f1,,,,,
2026-09-12T07:36:13-05:00,PUR_IED_RGuatemala_Biling_dc53b7,PUR_IED_RGuatemala_Biling_dc53b7,,,,,
2026-09-12T07:36:13-05:00,PUR_IED_RGuatemala_Ext_1b89a3,PUR_IED_RGuatemala_Ext_1b89a3,,,,,
2026-09-12T07:36:13-05:00,PUR_IED_RGuatemala_Tecnol_281a34,PUR_IED_RGuatemala_Tecnol_281a34,,,,,
2026-09-12T07:36:13-05:00,PUR_IED_RafaNu_Ext_f7c302,PUR_IED_RafaNu_Ext_f7c302,,,,,
2026-09-12T07:36:13-05:00,PUR_IED_RafaNu_S1101_25fde,PUR_IED_RafaNu_S1101_25fde,,,,,
2026-09-12T07:36:13-05:00,PUR_IED_RafaNu_S1102_281517,PUR_IED_RafaNu_S1102_281517,,,,,
2026-09-12T07:36:13-05:00,PUR_IED_RafaelB_S305_ee2783,PUR_IED_RafaelB_S305_ee2783,,,,,
2026-09-12T07:36:13-05:00,PUR_IED_RafaelB_S306_75fe33,PUR_IED_RafaelB_S306_75fe33,,,,,
2026-09-12T07:36:13-05:00,PUR_IED_RafaelB_ext_283336,PUR_IED_RafaelB_ext_283336,2,18,60,4.6722,-74.0737
2026-09-12T07:36:13-05:00,PUR_IED_RafaelUU_Exterior_281a51,PUR_IED_RafaelUU_Exterior_281a51,,,,,
2026-09-12T07:36:13-05:00,PUR_IED_RafaelUU_Human_806b2,PUR_IED_RafaelUU_Human_806b2,,,,,
2026-09-12T07:36:13-05:00,PUR_IED_RafaelUU_Mate2_5680d4,PUR_IED_RafaelUU_Mate2_5680d4,,,,,
2026-09-12T07:36:13-05:00,PUR_IED_RamonSub_Ext_f9eeb9,PUR_IED_RamonSub_Ext_f9eeb9,,,,,
2026-09-12T07:36:13-05:00,PUR_IED_RamonSub_Media_d1f62f,PUR_IED_RamonSub_Media_d1f62f,,,,,
2026-09-12T07:36:13-05:00,PUR_IED_RamonSub_planta_51b82,PUR_IED_RamonSub_planta_51b82,,,,,
2026-09-12T07:36:13-05:00,PUR_IED_RepBoliVene_Exter_27af7c,PUR_IED_RepBoliVene_Exter_27af7c,,,,,
2026-09-12T07:36:13-05:00,PUR_IED_RepBoliVene_SCPT_5ae2ee,PUR_IED_RepBoliVene_SCPT_5ae2ee,,,,,
2026-09-12T07:36:13-05:00,PUR_IED_RepBoliVene_Socia_4b11d5,PUR_IED_RepBoliVene_Socia_4b11d5,,,,,
2026-09-12T07:36:13-05:00,PUR_IED_RepChina_Ext_76d9ee,PUR_IED_RepChina_Ext_76d9ee,,,,,
2026-09-12T07:36:13-05:00,PUR_IED_RepChina_S404_7c804c,PUR_IED_RepChina_S404_7c804c,,,,,
2026-09-12T07:36:13-05:00,PUR_IED_RepChina_S405_df2c33,PUR_IED_RepChina_S405_df2c33,,,,,
2026-09-12T07:36:13-05:00,PUR_IED_RepublicaC_Exteri_7d1ec9,PUR_IED_RepublicaC_Exteri_7d1ec9,,,,,
2026-09-12T07:36:13-05:00,PUR_IED_RepublicaC_S1101_f544b3,PUR_IED_RepublicaC_S1101_f544b3,,,,,
2026-09-12T07:36:13-05:00,PUR_IED_RepublicaC_S1102_7aafc7,PUR_IED_RepublicaC_S1102_7aafc7,,,,,
2026-09-12T07:36:13-05:00,PUR_IED_Ricaurte_Externo_a0ea1,PUR_IED_Ricaurte_Externo_a0ea1,,,,,
2026-09-12T07:36:13-05:00,PUR_IED_Ricaurte_S210_f546fd,PUR_IED_Ricaurte_S210_f546fd,,,,,
2026-09-12T07:36:13-05:00,PUR_IED_Ricaurte_S309_d4452,PUR_IED_Ricaurte_S309_d4452,,,,,
2026-09-12T07:36:13-05:00,PUR_IED_RogelioS_1102_531e69,PUR_IED_RogelioS_1102_531e69,,,,,
2026-09-12T07:36:13-05:00,PUR_IED_RogelioS_Ext_f25a18,PUR_IED_RogelioS_Ext_f25a18,,,,,
2026-09-12T07:36:13-05:00,PUR_IED_SBernardino_Ext_27aff8,PUR_IED_SBernardino_Ext_27aff8,,,,,
2026-09-12T07:36:13-05:00,PUR_IED_SBernardino_SArte_2ffd33,PUR_IED_SBernardino_SArte_2ffd33,,,,,
2026-09-12T07:36:13-05:00,PUR_IED_SBernardino_SIngl_7c7da5,PUR_IED_SBernardino_SIngl_7c7da5,,,,,
2026-09-12T07:36:13-05:00,PUR_IED_Sago_auditorio_dc9d1d,PUR_IED_Sago_auditorio_dc9d1d,,,,,
2026-09-12T07:36:13-05:00,PUR_IED_Saludcoop_Ext_95aac3,PUR_IED_Saludcoop_Ext_95aac3,,,,,
2026-09-12T07:36:13-05:00,PUR_IED_Saludcoop_InfI_90c854,PUR_IED_Saludcoop_InfI_90c854,,,,,
2026-09-12T07:36:13-05:00,PUR_IED_Saludcoop_SMedia_1b93be,PUR_IED_Saludcoop_SMedia_1b93be,,,,,
2026-09-12T07:36:13-05:00,PUR_IED_SanCarlos_1101_1a2360,PUR_IED_SanCarlos_1101_1a2360,,,,,
2026-09-12T07:36:13-05:00,PUR_IED_SanCarlos_1103_7bafb5,PUR_IED_SanCarlos_1103_7bafb5,,,,,
2026-09-12T07:36:13-05:00,PUR_IED_SanCarlos_Ext_b7cd1,PUR_IED_SanCarlos_Ext_b7cd1,,,,,
2026-09-12T07:36:13-05:00,PUR_IED_SanIgnacioBosa11a_50c26e,PUR_IED_SanIgnacioBosa11a_50c26e,,,,,
2026-09-12T07:36:13-05:00,PUR_IED_SanIgnacioBosa11b_371de8,PUR_IED_SanIgnacioBosa11b_371de8,,,,,
2026-09-12T07:36:13-05:00,PUR_IED_SanIgnacioBosaExt_ef0ffc,PUR_IED_SanIgnacioBosaExt_ef0ffc,,,,,
2026-09-12T07:36:13-05:00,PUR_IED_SanIgnacioBosa_11a_50c26e,PUR_IED_SanIgnacioBosa_11a_50c26e,,,,,
2026-09-12T07:36:13-05:00,PUR_IED_SanIgnacioBosa_Ext_ef0ffc,PUR_IED_SanIgnacioBosa_Ext_ef0ffc,,,,,
2026-09-12T07:36:13-05:00,PUR_IED_SanJoseN_intS1101_31c47f,PUR_IED_SanJoseN_intS1101_31c47f,,,,,
2026-09-12T07:36:13-05:00,PUR_IED_SanJoseUsm_Exter_f5d7e8,PUR_IED_SanJoseUsm_Exter_f5d7e8,,,,,
2026-09-12T07:36:13-05:00,PUR_IED_SanJoseUsm_Int11A_cfdef6,PUR_IED_SanJoseUsm_Int11A_cfdef6,,,,,
2026-09-12T07:36:13-05:00,PUR_IED_SilveriaR_IntB5_905349,PUR_IED_SilveriaR_IntB5_905349,,,,,
2026-09-12T07:36:13-05:00,PUR_IED_SilveriaR_IntSD14_981f93,PUR_IED_SilveriaR_IntSD14_981f93,,,,,
2026-09-12T07:36:13-05:00,PUR_IED_SilveriaR_ext_2b651d,PUR_IED_SilveriaR_ext_2b651d,,,,,
2026-09-12T07:36:13-05:00,PUR_IED_SimonB_Exterior_913975,PUR_IED_SimonB_Exterior_913975,,,,,
2026-09-12T07:36:13-05:00,PUR_IED_SimonB_LabQuimi_c56908,PUR_IED_SimonB_LabQuimi_c56908,,,,,
2026-09-12T07:36:13-05:00,PUR_IED_SimonB_informatic_a28c1,PUR_IED_SimonB_informatic_a28c1,,,,,
2026-09-12T07:36:13-05:00,PUR_IED_Sorrento_1102_315f50,PUR_IED_Sorrento_1102_315f50,,,,,
2026-09-12T07:36:13-05:00,PUR_IED_Sorrento_Minte_214eab,PUR_IED_Sorrento_Minte_214eab,,,,,
2026-09-12T07:36:13-05:00,PUR_IED_Sorrento_ext_7c3a0a,PUR_IED_Sorrento_ext_7c3a0a,,,,,
2026-09-12T07:36:13-05:00,PUR_IED_Tabora_Ext_f048ae,PUR_IED_Tabora_Ext_f048ae,,,,,
2026-09-12T07:36:13-05:00,PUR_IED_Tabora_S1102_b07752,PUR_IED_Tabora_S1102_b07752,,,,,
2026-09-12T07:36:13-05:00,PUR_IED_Tabora_S1103_d988f5,PUR_IED_Tabora_S1103_d988f5,,,,,
2026-09-12T07:36:13-05:00,PUR_IED_Tenerife_Ext_1ab188,PUR_IED_Tenerife_Ext_1ab188,,,,,
2026-09-12T07:36:13-05:00,PUR_IED_Tenerife_SDanzas_7bc02e,PUR_IED_Tenerife_SDanzas_7bc02e,,,,,
2026-09-12T07:36:13-05:00,PUR_IED_Tenerife_SIngles_7cc277,PUR_IED_Tenerife_SIngles_7cc277,,,,,
2026-09-12T07:36:13-05:00,PUR_IED_Tibabuyes_Exter_f2683d,PUR_IED_Tibabuyes_Exter_f2683d,,,,,
2026-09-12T07:36:13-05:00,PUR_IED_Tibabuyes_S10_dc87a8,PUR_IED_Tibabuyes_S10_dc87a8,,,,,
2026-09-12T07:36:13-05:00,PUR_IED_Tibabuyes_S15_dc0526,PUR_IED_Tibabuyes_S15_dc0526,,,,,
2026-09-12T07:36:13-05:00,PUR_IED_UnionE_S301_a1043,PUR_IED_UnionE_S301_a1043,,,,,
2026-09-12T07:36:13-05:00,PUR_IED_UnionE_S307_ff6c2f,PUR_IED_UnionE_S307_ff6c2f,,,,,
2026-09-12T07:36:13-05:00,PUR_IED_UnionE__Ext_5e2468,PUR_IED_UnionE__Ext_5e2468,,,,,
2026-09-12T07:36:13-05:00,PUR_IED_VillaRica_Ext_75be7c,PUR_IED_VillaRica_Ext_75be7c,,,,,
2026-09-12T07:36:13-05:00,PUR_IED_VillaRica_S4_cc5dcd,PUR_IED_VillaRica_S4_cc5dcd,,,,,
2026-09-12T07:36:13-05:00,PUR_IED_VillaRica_Sesp_99f5c,PUR_IED_VillaRica_Sesp_99f5c,,,,,
2026-09-12T07:41:10-05:00,PUR_IED_20deJulio_1101_91b1b9,PUR_IED_20deJulio_1101_91b1b9,,,,,
2026-09-12T07:41:10-05:00,PUR_IED_20deJulio_1102_1cfcf9,PUR_IED_20deJulio_1102_1cfcf9,,,,,
2026-09-12T07:41:10-05:00,PUR_IED_20deJulio_Ext_ab60bd,PUR_IED_20deJulio_Ext_ab60bd,,,,,
2026-09-12T07:41:10-05:00,PUR_IED_AgustinFer_Ext_7b9b77,PUR_IED_AgustinFer_Ext_7b9b77,,,,,
2026-09-12T07:41:10-05:00,PUR_IED_AgustinFer_Info2_27b3a7,PUR_IED_AgustinFer_Info2_27b3a7,,,,,
2026-09-12T07:41:10-05:00,PUR_IED_AgustinFer_Sena_54b4eb,PUR_IED_AgustinFer_Sena_54b4eb,,,,,
2026-09-12T07:41:10-05:00,PUR_IED_AlexanderF_1102_caf07b,PUR_IED_AlexanderF_1102_caf07b,,,,,
2026-09-12T07:41:10-05:00,PUR_IED_AlexanderF_1103_c79e71,PUR_IED_AlexanderF_1103_c79e71,,,,,
2026-09-12T07:41:10-05:00,PUR_IED_AlexanderF_Ext_c5b18b,PUR_IED_AlexanderF_Ext_c5b18b,,,,,
2026-09-12T07:41:10-05:00,PUR_IED_AlfonsoLopez_Ext_281d77,PUR_IED_AlfonsoLopez_Ext_281d77,,,,,
2026-09-12T07:41:10-05:00,PUR_IED_AlfonsoLopez_LabF_888ce0,PUR_IED_AlfonsoLopez_LabF_888ce0,,,,,
2026-09-12T07:41:10-05:00,PUR_IED_AlfonsoLopez_SMed_df6a7f,PUR_IED_AlfonsoLopez_SMed_df6a7f,,,,,
2026-09-12T07:41:10-05:00,PUR_IED_AltamiraSO_A2_209f92,PUR_IED_AltamiraSO_A2_209f92,,,,,
2026-09-12T07:41:10-05:00,PUR_IED_AltamiraSO_Ext_186d66,PUR_IED_AltamiraSO_Ext_186d66,,,,,
2026-09-12T07:41:10-05:00,PUR_IED_AltamiraSO_Sistem_27afe1,PUR_IED_AltamiraSO_Sistem_27afe1,,,,,
2026-09-12T07:41:10-05:00,PUR_IED_AlvaroGom_LabQuim_813179,PUR_IED_AlvaroGom_LabQuim_813179,,,,,
2026-09-12T07:41:10-05:00,PUR_IED_AlvaroGomez_Ext_47c7ca,PUR_IED_AlvaroGomez_Ext_47c7ca,,,,,
2026-09-12T07:41:10-05:00,PUR_IED_AlvaroGomez_LabQuim_813179,PUR_IED_AlvaroGomez_LabQuim_813179,,,,,
2026-09-12T07:41:10-05:00,PUR_IED_AlvaroGomez_S23_7ba89f,PUR_IED_AlvaroGomez_S23_7ba89f,,,,,
2026-09-12T07:41:10-05:00,PUR_IED_Amistad_306_dc8728,PUR_IED_Amistad_306_dc8728,,,,,
2026-09-12T07:41:10-05:00,PUR_IED_Amistad_Ext_8cd55e,PUR_IED_Amistad_Ext_8cd55e,,,,,
2026-09-12T07:41:10-05:00,PUR_IED_Amistad_S202_a41169,PUR_IED_Amistad_S202_a41169,,,,,
2026-09-12T07:41:10-05:00,PUR_IED_AndresBello_Bio_fd5f5e,PUR_IED_AndresBello_Bio_fd5f5e,,,,,
2026-09-12T07:41:10-05:00,PUR_IED_AndresBello_ext_dcad65,PUR_IED_AndresBello_ext_dcad65,,,,,
2026-09-12T07:41:10-05:00,PUR_IED_AndresBello_port_eed3ec,PUR_IED_AndresBello_port_eed3ec,,,,,
2026-09-12T07:41:10-05:00,PUR_IED_AngelaR_11b_d90a6b,PUR_IED_AngelaR_11b_d90a6b,,,,,
2026-09-12T07:41:10-05:00,PUR_IED_AngelaR_ext_7cad3e,PUR_IED_AngelaR_ext_7cad3e,3,17,67,4.5825,-74.164497
2026-09-12T07:41:10-05:00,PUR_IED_AntJoseSucre_10mo_df2575,PUR_IED_AntJoseSucre_10mo_df2575,,,,,
2026-09-12T07:41:10-05:00,PUR_IED_AntJoseSucre_Ext_215b36,PUR_IED_AntJoseSucre_Ext_215b36,,,,,
2026-09-12T07:41:10-05:00,PUR_IED_AntJoseSucre_Lab_3139de,PUR_IED_AntJoseSucre_Lab_3139de,,,,,
2026-09-12T07:41:10-05:00,PUR_IED_AntonioGarcia_301_d6b188,PUR_IED_AntonioGarcia_301_d6b188,,,,,
2026-09-12T07:41:10-05:00,PUR_IED_AntonioGarcia_302_88a82,PUR_IED_AntonioGarcia_302_88a82,,,,,
2026-09-12T07:41:10-05:00,PUR_IED_AntonioGarcia_Ext_20950c,PUR_IED_AntonioGarcia_Ext_20950c,,,,,
2026-09-12T07:41:10-05:00,PUR_IED_AntonioVan_Aula2_6dea02,PUR_IED_AntonioVan_Aula2_6dea02,,,,,
2026-09-12T07:41:10-05:00,PUR_IED_AntonioVan_Aula5_f1557e,PUR_IED_AntonioVan_Aula5_f1557e,,,,,
2026-09-12T07:41:10-05:00,PUR_IED_AntonioVan_Ext_406f2f,PUR_IED_AntonioVan_Ext_406f2f,,,,,
2026-09-12T07:41:10-05:00,PUR_IED_Atabanzha_Ext_cc5af9,PUR_IED_Atabanzha_Ext_cc5af9,,,,,
2026-09-12T07:41:10-05:00,PUR_IED_Atabanzha_SA101_56c37,PUR_IED_Atabanzha_SA101_56c37,,,,,
2026-09-12T07:41:10-05:00,PUR_IED_Atabanzha_SB302_27b374,PUR_IED_Atabanzha_SB302_27b374,,,,,
2026-09-12T07:41:10-05:00,PUR_IED_Atahualpa_Ext_fc1748,PUR_IED_Atahualpa_Ext_fc1748,,,,,
2026-09-12T07:41:10-05:00,PUR_IED_Atahualpa_Informa_dc9a95,PUR_IED_Atahualpa_Informa_dc9a95,,,,,
2026-09-12T07:41:10-05:00,PUR_IED_Atahualpa_S1101_f98056,PUR_IED_Atahualpa_S1101_f98056,,,,,
2026-09-12T07:41:10-05:00,PUR_IED_Bellavista_Ext_f5aa74,PUR_IED_Bellavista_Ext_f5aa74,,,,,
2026-09-12T07:41:10-05:00,PUR_IED_Bilbao_11A_916c41,PUR_IED_Bilbao_11A_916c41,,,,,
2026-09-12T07:41:10-05:00,PUR_IED_Bilbao_Ext_fb579a,PUR_IED_Bilbao_Ext_fb579a,,,,,
2026-09-12T07:41:10-05:00,PUR_IED_BrasiliaU_A125_304280,PUR_IED_BrasiliaU_A125_304280,,,,,
2026-09-12T07:41:10-05:00,PUR_IED_BrasiliaU_A203_7c8ca5,PUR_IED_BrasiliaU_A203_7c8ca5,,,,,
2026-09-12T07:41:10-05:00,PUR_IED_BrasiliaU_Ext_8d6e9f,PUR_IED_BrasiliaU_Ext_8d6e9f,4,17,67,4.5175,-74.116302
2026-09-12T07:41:10-05:00,PUR_IED_Brasilia_Ext_fe6593,PUR_IED_Brasilia_Ext_fe6593,,,,,
2026-09-12T07:41:10-05:00,PUR_IED_Brasilia_S24_7c130d,PUR_IED_Brasilia_S24_7c130d,,,,,
2026-09-12T07:41:10-05:00,PUR_IED_Brasilia_S501_186a54,PUR_IED_Brasilia_S501_186a54,,,,,
2026-09-12T07:41:10-05:00,PUR_IED_CHARRY_EXT_f1d5cd,PUR_IED_CHARRY_EXT_f1d5cd,,,,,
2026-09-12T07:41:10-05:00,PUR_IED_CHARRY_INTDANZAS_7a08e6,PUR_IED_CHARRY_INTDANZAS_7a08e6,,,,,
2026-09-12T07:41:10-05:00,PUR_IED_CHARRY_INT_AULA20_dc998d,PUR_IED_CHARRY_INT_AULA20_dc998d,,,,,
2026-09-12T07:41:10-05:00,PUR_IED_COLVIV_1101_S25_7f520a,PUR_IED_COLVIV_1101_S25_7f520a,,,,,
2026-09-12T07:41:10-05:00,PUR_IED_COLVIV_1102_S16_f570ba,PUR_IED_COLVIV_1102_S16_f570ba,,,,,
2026-09-12T07:41:10-05:00,PUR_IED_COLVIV_Ext_1a26fa,PUR_IED_COLVIV_Ext_1a26fa,,,,,
2026-09-12T07:41:10-05:00,PUR_IED_CULPOP_301A_f660f3,PUR_IED_CULPOP_301A_f660f3,,,,,
2026-09-12T07:41:10-05:00,PUR_IED_CULPOP_303_568afe,PUR_IED_CULPOP_303_568afe,,,,,
2026-09-12T07:41:10-05:00,PUR_IED_CULPOP_Ext_e02ccb,PUR_IED_CULPOP_Ext_e02ccb,,,,,
2026-09-12T07:41:10-05:00,PUR_IED_CVillavicen_Ext_26eb58,PUR_IED_CVillavicen_Ext_26eb58,4,14,82,4.487,-74.102798
2026-09-12T07:41:10-05:00,PUR_IED_CVillavicen_Intel_1ce5c2,PUR_IED_CVillavicen_Intel_1ce5c2,,,,,
2026-09-12T07:41:10-05:00,PUR_IED_CVillavicen_Poliv_e0766c,PUR_IED_CVillavicen_Poliv_e0766c,,,,,
2026-09-12T07:41:10-05:00,PUR_IED_CVillavicen_int_1ba140,PUR_IED_CVillavicen_int_1ba140,,,,,
2026-09-12T07:41:10-05:00,PUR_IED_CVillavicen_intel_1ba140,PUR_IED_CVillavicen_intel_1ba140,,,,,
2026-09-12T07:41:10-05:00,PUR_IED_CarlosPizarro_Ext_e307cc,PUR_IED_CarlosPizarro_Ext_e307cc,,,,,
2026-09-12T07:41:10-05:00,PUR_IED_CarlosPizarro_L36_7e5cdb,PUR_IED_CarlosPizarro_L36_7e5cdb,,,,,
2026-09-12T07:41:10-05:00,PUR_IED_CarlosPizarro_L37_c8566c,PUR_IED_CarlosPizarro_L37_c8566c,,,,,
2026-09-12T07:41:10-05:00,PUR_IED_Castilla_Ext_cf35f,PUR_IED_Castilla_Ext_cf35f,,,,,
2026-09-12T07:41:10-05:00,PUR_IED_Castilla_SFisik_360e38,PUR_IED_Castilla_SFisik_360e38,,,,,
2026-09-12T07:41:10-05:00,PUR_IED_Castilla_Sc304_496fbf,PUR_IED_Castilla_Sc304_496fbf,,,,,
2026-09-12T07:41:10-05:00,PUR_IED_CervantesSa_Ext_6b57b,PUR_IED_CervantesSa_Ext_6b57b,3,17,72,4.5128,-74.117203
2026-09-12T07:41:10-05:00,PUR_IED_CervantesSa_S107_225c2b,PUR_IED_CervantesSa_S107_225c2b,,,,,
2026-09-12T07:41:10-05:00,PUR_IED_CervantesSa_S108_940925,PUR_IED_CervantesSa_S108_940925,,,,,
2026-09-12T07:41:10-05:00,PUR_IED_Charry_A20_f53e7c,PUR_IED_Charry_A20_f53e7c,,,,,
2026-09-12T07:41:10-05:00,PUR_IED_Charry_Ext_f1d5cd,PUR_IED_Charry_Ext_f1d5cd,,,,,
2026-09-12T07:41:10-05:00,PUR_IED_Charry_IntAula20_dc998d,PUR_IED_Charry_IntAula20_dc998d,,,,,
2026-09-12T07:41:10-05:00,PUR_IED_Charry_IntDanzas_7a08e6,PUR_IED_Charry_IntDanzas_7a08e6,,,,,
2026-09-12T07:41:10-05:00,PUR_IED_ClememciaC_203_43e2fc,PUR_IED_ClememciaC_203_43e2fc,,,,,
2026-09-12T07:41:10-05:00,PUR_IED_ClememciaC_Ext_1b411a,PUR_IED_ClememciaC_Ext_1b411a,,,,,
2026-09-12T07:41:10-05:00,PUR_IED_ClememciaC_Quimic_44b5fc,PUR_IED_ClememciaC_Quimic_44b5fc,,,,,
2026-09-12T07:41:10-05:00,PUR_IED_ClemenciaC_203_43e2fc,PUR_IED_ClemenciaC_203_43e2fc,,,,,
2026-09-12T07:41:10-05:00,PUR_IED_ClemenciaC_Ext_1b411a,PUR_IED_ClemenciaC_Ext_1b411a,,,,,
2026-09-12T07:41:10-05:00,PUR_IED_ClemenciaC_Quimic_44b5fc,PUR_IED_ClemenciaC_Quimic_44b5fc,,,,,
2026-09-12T07:41:10-05:00,PUR_IED_ColViva_1101_S25_7f520a,PUR_IED_ColViva_1101_S25_7f520a,,,,,
2026-09-12T07:41:10-05:00,PUR_IED_ColViva_1102_S16_f570ba,PUR_IED_ColViva_1102_S16_f570ba,,,,,
2026-09-12T07:41:10-05:00,PUR_IED_ColViva_Ext_1a26fa,PUR_IED_ColViva_Ext_1a26fa,,,,,
2026-09-12T07:41:10-05:00,PUR_IED_ColegioBici_Asist_7c8798,PUR_IED_ColegioBici_Asist_7c8798,,,,,
2026-09-12T07:41:10-05:00,PUR_IED_ColegioBici_Ext_25cbf6,PUR_IED_ColegioBici_Ext_25cbf6,,,,,
2026-09-12T07:41:10-05:00,PUR_IED_ColegioBici_LabQ_7b57db,PUR_IED_ColegioBici_LabQ_7b57db,,,,,
2026-09-12T07:41:10-05:00,PUR_IED_CostaRica_Ext_5e640,PUR_IED_CostaRica_Ext_5e640,,,,,
2026-09-12T07:41:10-05:00,PUR_IED_CostaRica_Quim1_766d1c,PUR_IED_CostaRica_Quim1_766d1c,,,,,
2026-09-12T07:41:10-05:00,PUR_IED_CostaRica__Fisica_6f0873,PUR_IED_CostaRica__Fisica_6f0873,,,,,
2026-09-12T07:41:10-05:00,PUR_IED_CulPopu_301A_f660f3,PUR_IED_CulPopu_301A_f660f3,,,,,
2026-09-12T07:41:10-05:00,PUR_IED_CulPopu_303_568afe,PUR_IED_CulPopu_303_568afe,,,,,
2026-09-12T07:41:10-05:00,PUR_IED_CulPopu_Ext_e02ccb,PUR_IED_CulPopu_Ext_e02ccb,,,,,
2026-09-12T07:41:10-05:00,PUR_IED_Cundinamarca_Ext_f15985,PUR_IED_Cundinamarca_Ext_f15985,,,,,
2026-09-12T07:41:10-05:00,PUR_IED_Cundinamarca_Info_7aa5d7,PUR_IED_Cundinamarca_Info_7aa5d7,,,,,
2026-09-12T07:41:10-05:00,PUR_IED_Cundinamarca_Tec2_f449c7,PUR_IED_Cundinamarca_Tec2_f449c7,,,,,
2026-09-12T07:41:10-05:00,PUR_IED_DiegoM_Aula1_27b314,PUR_IED_DiegoM_Aula1_27b314,,,,,
2026-09-12T07:41:10-05:00,PUR_IED_DiegoM_Ext_d80ac8,PUR_IED_DiegoM_Ext_d80ac8,,,,,
2026-09-12T07:41:10-05:00,PUR_IED_DiegoM_S25_da928f,PUR_IED_DiegoM_S25_da928f,,,,,
2026-09-12T07:41:10-05:00,PUR_IED_ELRODEO_360881,PUR_IED_ELRODEO_360881,,,,,
2026-09-12T07:41:10-05:00,PUR_IED_ELRODEO_ext_360881,PUR_IED_ELRODEO_ext_360881,,,,,
2026-09-12T07:41:10-05:00,PUR_IED_EduardoU_Ext_1c1969,PUR_IED_EduardoU_Ext_1c1969,,,,,
2026-09-12T07:41:10-05:00,PUR_IED_EduardoU_SCiencia_4dfb94,PUR_IED_EduardoU_SCiencia_4dfb94,,,,,
2026-09-12T07:41:10-05:00,PUR_IED_EduardoU_SQuimica_5a46e7,PUR_IED_EduardoU_SQuimica_5a46e7,,,,,
2026-09-12T07:41:10-05:00,PUR_IED_ElRodeo_Aula14_676984,PUR_IED_ElRodeo_Aula14_676984,,,,,
2026-09-12T07:41:10-05:00,PUR_IED_ElRodeo_Aula16_2dd35b,PUR_IED_ElRodeo_Aula16_2dd35b,,,,,
2026-09-12T07:41:10-05:00,PUR_IED_ElRodeo_Ext_360881,PUR_IED_ElRodeo_Ext_360881,,,,,
2026-09-12T07:41:10-05:00,PUR_IED_ElRodeo_Exterior_8c6d28,PUR_IED_ElRodeo_Exterior_8c6d28,,,,,
2026-09-12T07:41:10-05:00,PUR_IED_ElRodeo_ext_360881,PUR_IED_ElRodeo_ext_360881,,,,,
2026-09-12T07:41:10-05:00,PUR_IED_EmmaReyes_Ext_987625,PUR_IED_EmmaReyes_Ext_987625,6,21,53,4.6367,-74.1511
2026-09-12T07:41:10-05:00,PUR_IED_Ensueño_Ext_7f0250,PUR_IED_Ensueño_Ext_7f0250,,,,,
2026-09-12T07:41:10-05:00,PUR_IED_EscNormal_Ext_5fef3b,PUR_IED_EscNormal_Ext_5fef3b,2,18,61,4.5852,-74.096901
2026-09-12T07:41:10-05:00,PUR_IED_EscNormal_S309_5b263,PUR_IED_EscNormal_S309_5b263,,,,,
2026-09-12T07:41:10-05:00,PUR_IED_EscNormal_S310_27b3b8,PUR_IED_EscNormal_S310_27b3b8,,,,,
2026-09-12T07:41:10-05:00,PUR_IED_Evangelista_Conta_f6cd4f,PUR_IED_Evangelista_Conta_f6cd4f,,,,,
2026-09-12T07:41:10-05:00,PUR_IED_Evangelista_Cri_5e16a,PUR_IED_Evangelista_Cri_5e16a,,,,,
2026-09-12T07:41:10-05:00,PUR_IED_Evangelista_Exter_754066,PUR_IED_Evangelista_Exter_754066,,,,,
2026-09-12T07:41:10-05:00,PUR_IED_FMiranda_S209_5cc2a3,PUR_IED_FMiranda_S209_5cc2a3,,,,,
2026-09-12T07:41:10-05:00,PUR_IED_FMiranda_S303_19e344,PUR_IED_FMiranda_S303_19e344,,,,,
2026-09-12T07:41:10-05:00,PUR_IED_FMiranda_ext_f53e7c,PUR_IED_FMiranda_ext_f53e7c,,,,,
2026-09-12T07:41:10-05:00,PUR_IED_FabioLozano_Bibli_1cee05,PUR_IED_FabioLozano_Bibli_1cee05,,,,,
2026-09-12T07:41:10-05:00,PUR_IED_FabioLozano_Ext_6ea285,PUR_IED_FabioLozano_Ext_6ea285,,,,,
2026-09-12T07:41:10-05:00,PUR_IED_FabioLozano_SLudi_f09e1e,PUR_IED_FabioLozano_SLudi_f09e1e,,,,,
2026-09-12T07:41:10-05:00,PUR_IED_FaustinoS_Aula07_27a731,PUR_IED_FaustinoS_Aula07_27a731,,,,,
2026-09-12T07:41:10-05:00,PUR_IED_FaustinoS_Ext_7b936f,PUR_IED_FaustinoS_Ext_7b936f,,,,,
2026-09-12T07:41:10-05:00,PUR_IED_FaustinoS_Fisica_da2c60,PUR_IED_FaustinoS_Fisica_da2c60,,,,,
2026-09-12T07:41:10-05:00,PUR_IED_FeGarciaLo_Ext_dc68ee,PUR_IED_FeGarciaLo_Ext_dc68ee,,,,,
2026-09-12T07:41:10-05:00,PUR_IED_FeGarciaLo_SDanza_f70a59,PUR_IED_FeGarciaLo_SDanza_f70a59,,,,,
2026-09-12T07:41:10-05:00,PUR_IED_FeGarciaLo_SMusic_125cdd,PUR_IED_FeGarciaLo_SMusic_125cdd,,,,,
2026-09-12T07:41:10-05:00,PUR_IED_FederalAlema_Exte_50c345,PUR_IED_FederalAlema_Exte_50c345,,,,,
2026-09-12T07:41:10-05:00,PUR_IED_FederalAlema_S31_f18371,PUR_IED_FederalAlema_S31_f18371,,,,,
2026-09-12T07:41:10-05:00,PUR_IED_FederalAlema_S901_a62cd,PUR_IED_FederalAlema_S901_a62cd,,,,,
2026-09-12T07:41:10-05:00,PUR_IED_FilarmonicaS_A5_f35eb1,PUR_IED_FilarmonicaS_A5_f35eb1,,,,,
2026-09-12T07:41:10-05:00,PUR_IED_FilarmonicaS_Ext_8a3bde,PUR_IED_FilarmonicaS_Ext_8a3bde,,,,,
2026-09-12T07:41:10-05:00,PUR_IED_FilarmonicaS_Spol_406114,PUR_IED_FilarmonicaS_Spol_406114,,,,,
2026-09-12T07:41:10-05:00,PUR_IED_FlorentinoG_A13_d1fa59,PUR_IED_FlorentinoG_A13_d1fa59,,,,,
2026-09-12T07:41:10-05:00,PUR_IED_FlorentinoG_Ext_1ce6ce,PUR_IED_FlorentinoG_Ext_1ce6ce,,,,,
2026-09-12T07:41:10-05:00,PUR_IED_FlorentinoG_Idiom_a66aac,PUR_IED_FlorentinoG_Idiom_a66aac,,,,,
2026-09-12T07:41:10-05:00,PUR_IED_FranciscoMati_Ext_e3869d,PUR_IED_FranciscoMati_Ext_e3869d,,,,,
2026-09-12T07:41:10-05:00,PUR_IED_FranciscoMati_S13_f31c67,PUR_IED_FranciscoMati_S13_f31c67,,,,,
2026-09-12T07:41:10-05:00,PUR_IED_FranciscoMati_S14_97dead,PUR_IED_FranciscoMati_S14_97dead,,,,,
2026-09-12T07:41:10-05:00,PUR_IED_FranciscoPS_Ext_7bfa9a,PUR_IED_FranciscoPS_Ext_7bfa9a,2,19,61,4.5899,-74.110397
2026-09-12T07:41:10-05:00,PUR_IED_FranciscoPS_Infor_fb8f4c,PUR_IED_FranciscoPS_Infor_fb8f4c,,,,,
2026-09-12T07:41:10-05:00,PUR_IED_FranciscoPS_Quimi_94d39c,PUR_IED_FranciscoPS_Quimi_94d39c,,,,,
2026-09-12T07:41:10-05:00,PUR_IED_FranciscoP_LabQ_d7e148,PUR_IED_FranciscoP_LabQ_d7e148,,,,,
2026-09-12T07:41:10-05:00,PUR_IED_FranciscoP_S28_cf9b30,PUR_IED_FranciscoP_S28_cf9b30,,,,,
2026-09-12T07:41:10-05:00,PUR_IED_FranciscoP_ext_e2313,PUR_IED_FranciscoP_ext_e2313,,,,,
2026-09-12T07:41:10-05:00,PUR_IED_FriederichN_Ext_8ac92a,PUR_IED_FriederichN_Ext_8ac92a,,,,,
2026-09-12T07:41:10-05:00,PUR_IED_FriederichN_S301_dd7e5a,PUR_IED_FriederichN_S301_dd7e5a,,,,,
2026-09-12T07:41:10-05:00,PUR_IED_FriederichN_S308_761f4f,PUR_IED_FriederichN_S308_761f4f,,,,,
2026-09-12T07:41:10-05:00,PUR_IED_GSantander_Aula10_533dd7,PUR_IED_GSantander_Aula10_533dd7,,,,,
2026-09-12T07:41:10-05:00,PUR_IED_GSantander_Aula12_fd4e4f,PUR_IED_GSantander_Aula12_fd4e4f,,,,,
2026-09-12T07:41:10-05:00,PUR_IED_GSantander_Aula310_533dd7,PUR_IED_GSantander_Aula310_533dd7,,,,,
2026-09-12T07:41:10-05:00,PUR_IED_GSantander_Aula312_fd4e4f,PUR_IED_GSantander_Aula312_fd4e4f,,,,,
2026-09-12T07:41:10-05:00,PUR_IED_GSantander_Ext_5f66b0,PUR_IED_GSantander_Ext_5f66b0,,,,,
2026-09-12T07:41:10-05:00,PUR_IED_GYomasa_Ext_f6bea5,PUR_IED_GYomasa_Ext_f6bea5,,,,,
2026-09-12T07:41:10-05:00,PUR_IED_GYomasa_LBiol_2c41aa,PUR_IED_GYomasa_LBiol_2c41aa,,,,,
2026-09-12T07:41:10-05:00,PUR_IED_GYomasa_LQuim_33c80,PUR_IED_GYomasa_LQuim_33c80,,,,,
2026-09-12T07:41:10-05:00,PUR_IED_GabBetMejia_Cienc_5a99c,PUR_IED_GabBetMejia_Cienc_5a99c,,,,,
2026-09-12T07:41:10-05:00,PUR_IED_GabBetMejia_Ext_9153d0,PUR_IED_GabBetMejia_Ext_9153d0,,,,,
2026-09-12T07:41:10-05:00,PUR_IED_GabBetMejia_Lab_f55347,PUR_IED_GabBetMejia_Lab_f55347,,,,,
2026-09-12T07:41:10-05:00,PUR_IED_GabBetanMejia_Ext_9153d0,PUR_IED_GabBetanMejia_Ext_9153d0,,,,,
2026-09-12T07:41:10-05:00,PUR_IED_Gaitana_Aula13_7aac11,PUR_IED_Gaitana_Aula13_7aac11,,,,,
2026-09-12T07:41:10-05:00,PUR_IED_Gaitana_Ext_5fcf4,PUR_IED_Gaitana_Ext_5fcf4,,,,,
2026-09-12T07:41:10-05:00,PUR_IED_Gaitana_LabFisica_644448,PUR_IED_Gaitana_LabFisica_644448,,,,,
2026-09-12T07:41:10-05:00,PUR_IED_GenSantander_Dise_8ac858,PUR_IED_GenSantander_Dise_8ac858,,,,,
2026-09-12T07:41:10-05:00,PUR_IED_GenSantander_Ext_8d5dfe,PUR_IED_GenSantander_Ext_8d5dfe,,,,,
2026-09-12T07:41:10-05:00,PUR_IED_GenSantander_Info_6c25b,PUR_IED_GenSantander_Info_6c25b,,,,,
2026-09-12T07:41:10-05:00,PUR_IED_GustavoMo_Exterio_75e63d,PUR_IED_GustavoMo_Exterio_75e63d,,,,,
2026-09-12T07:41:10-05:00,PUR_IED_GustavoMo_LabFisi_224d37,PUR_IED_GustavoMo_LabFisi_224d37,,,,,
2026-09-12T07:41:10-05:00,PUR_IED_GustavoMo_S208_3e6918,PUR_IED_GustavoMo_S208_3e6918,,,,,
2026-09-12T07:41:10-05:00,PUR_IED_GustavoR_A02_8cd4a8,PUR_IED_GustavoR_A02_8cd4a8,,,,,
2026-09-12T07:41:10-05:00,PUR_IED_GustavoR_B11_5b0ed,PUR_IED_GustavoR_B11_5b0ed,,,,,
2026-09-12T07:41:10-05:00,PUR_IED_GustavoR_Ext_7a0c90,PUR_IED_GustavoR_Ext_7a0c90,,,,,
2026-09-12T07:41:10-05:00,PUR_IED_HernandoDuran_Ext_8cd82b,PUR_IED_HernandoDuran_Ext_8cd82b,,,,,
2026-09-12T07:41:10-05:00,PUR_IED_HernandoDuran_S24_2772c6,PUR_IED_HernandoDuran_S24_2772c6,,,,,
2026-09-12T07:41:10-05:00,PUR_IED_HernandoDuran_S30_f2de41,PUR_IED_HernandoDuran_S30_f2de41,,,,,
2026-09-12T07:41:10-05:00,PUR_IED_HolguInUr_S1101_8cd732,PUR_IED_HolguInUr_S1101_8cd732,,,,,
2026-09-12T07:41:10-05:00,PUR_IED_HolguinUr_Exter_ddae6d,PUR_IED_HolguinUr_Exter_ddae6d,,,,,
2026-09-12T07:41:10-05:00,PUR_IED_HolguinUr_LabQuim_92b952,PUR_IED_HolguinUr_LabQuim_92b952,,,,,
2026-09-12T07:41:10-05:00,PUR_IED_Isabel-II_Ext_5245cc,PUR_IED_Isabel-II_Ext_5245cc,4,18,61,4.6336,-74.153
2026-09-12T07:41:10-05:00,PUR_IED_Isabel-II_S_idiom_1c29aa,PUR_IED_Isabel-II_S_idiom_1c29aa,,,,,
2026-09-12T07:41:10-05:00,PUR_IED_Isabel-II_S_infor_fd741,PUR_IED_Isabel-II_S_infor_fd741,,,,,
2026-09-12T07:41:10-05:00,PUR_IED_IsidroSur_Exterio_5b90ea,PUR_IED_IsidroSur_Exterio_5b90ea,,,,,
2026-09-12T07:41:10-05:00,PUR_IED_IsidroSur_LabTec_56697a,PUR_IED_IsidroSur_LabTec_56697a,,,,,
2026-09-12T07:41:10-05:00,PUR_IED_IsidroSur_Robotic_b7c38f,PUR_IED_IsidroSur_Robotic_b7c38f,,,,,
2026-09-12T07:41:10-05:00,PUR_IED_IsmaelPerd_Ext_7b6672,PUR_IED_IsmaelPerd_Ext_7b6672,,,,,
2026-09-12T07:41:10-05:00,PUR_IED_IsmaelPerd_Inform_306540,PUR_IED_IsmaelPerd_Inform_306540,,,,,
2026-09-12T07:41:10-05:00,PUR_IED_IsmaelPerd_S30_2e2c83,PUR_IED_IsmaelPerd_S30_2e2c83,,,,,
2026-09-12T07:41:10-05:00,PUR_IED_JLozano_Exter_432910,PUR_IED_JLozano_Exter_432910,,,,,
2026-09-12T07:41:10-05:00,PUR_IED_JLozano_salaMulti_df5125,PUR_IED_JLozano_salaMulti_df5125,,,,,
2026-09-12T07:41:10-05:00,PUR_IED_JMCordoba_206_86f80b,PUR_IED_JMCordoba_206_86f80b,,,,,
2026-09-12T07:41:10-05:00,PUR_IED_JMCordoba_Ext_27ad97,PUR_IED_JMCordoba_Ext_27ad97,,,,,
2026-09-12T07:41:10-05:00,PUR_IED_JMCordoba_S310_d59ab4,PUR_IED_JMCordoba_S310_d59ab4,,,,,
2026-09-12T07:41:10-05:00,PUR_IED_Japon_Ext_549100,PUR_IED_Japon_Ext_549100,,,,,
2026-09-12T07:41:10-05:00,PUR_IED_Japon_Laboratorio_bec51d,PUR_IED_Japon_Laboratorio_bec51d,,,,,
2026-09-12T07:41:10-05:00,PUR_IED_Japon_informatica_d99327,PUR_IED_Japon_informatica_d99327,,,,,
2026-09-12T07:41:10-05:00,PUR_IED_Jazmin_Ext_d27bda,PUR_IED_Jazmin_Ext_d27bda,,,,,
2026-09-12T07:41:10-05:00,PUR_IED_Jazmin_Fisica_8d14d7,PUR_IED_Jazmin_Fisica_8d14d7,,,,,
2026-09-12T07:41:10-05:00,PUR_IED_Jazmin_Quimica_801cb5,PUR_IED_Jazmin_Quimica_801cb5,,,,,
2026-09-12T07:41:10-05:00,PUR_IED_JorgeGaitan_Exter_f098d1,PUR_IED_JorgeGaitan_Exter_f098d1,,,,,
2026-09-12T07:41:10-05:00,PUR_IED_JorgeGaitan_STec1_dc9d1d,PUR_IED_JorgeGaitan_STec1_dc9d1d,,,,,
2026-09-12T07:41:10-05:00,PUR_IED_JorgeGaitan_STec2_281e69,PUR_IED_JorgeGaitan_STec2_281e69,,,,,
2026-09-12T07:41:10-05:00,PUR_IED_JorgeSoto_Exterio_d9d0a2,PUR_IED_JorgeSoto_Exterio_d9d0a2,,,,,
2026-09-12T07:41:10-05:00,PUR_IED_JorgeSoto_LabFisi_209c54,PUR_IED_JorgeSoto_LabFisi_209c54,,,,,
2026-09-12T07:41:10-05:00,PUR_IED_JorgeSoto_S103_27b51a,PUR_IED_JorgeSoto_S103_27b51a,,,,,
2026-09-12T07:41:10-05:00,PUR_IED_JoseAcevedo_A02_e965eb,PUR_IED_JoseAcevedo_A02_e965eb,,,,,
2026-09-12T07:41:10-05:00,PUR_IED_JoseAcevedo_A07_dd5b4,PUR_IED_JoseAcevedo_A07_dd5b4,,,,,
2026-09-12T07:41:10-05:00,PUR_IED_JoseAcevedo_Ext_b47484,PUR_IED_JoseAcevedo_Ext_b47484,,,,,
2026-09-12T07:41:10-05:00,PUR_IED_JoseMarti_Exte_5b9bf,PUR_IED_JoseMarti_Exte_5b9bf,,,,,
2026-09-12T07:41:10-05:00,PUR_IED_JoseMarti_LabQuim_1c6c2d,PUR_IED_JoseMarti_LabQuim_1c6c2d,,,,,
2026-09-12T07:41:10-05:00,PUR_IED_JoseMarti_S_info_f5f177,PUR_IED_JoseMarti_S_info_f5f177,,,,,
2026-09-12T07:41:10-05:00,PUR_IED_Josejoaquin_Ext_dfc5dc,PUR_IED_Josejoaquin_Ext_dfc5dc,,,,,
2026-09-12T07:41:10-05:00,PUR_IED_Josejoaquin_S05_5b2a96,PUR_IED_Josejoaquin_S05_5b2a96,,,,,
2026-09-12T07:41:10-05:00,PUR_IED_Josejoaquin_S06_1ce7d2,PUR_IED_Josejoaquin_S06_1ce7d2,,,,,
2026-09-12T07:41:10-05:00,PUR_IED_JulioFlorez_Danza_9b82dd,PUR_IED_JulioFlorez_Danza_9b82dd,,,,,
2026-09-12T07:41:10-05:00,PUR_IED_JulioFlorez_Exter_f9f314,PUR_IED_JulioFlorez_Exter_f9f314,,,,,
2026-09-12T07:41:10-05:00,PUR_IED_JulioFlorez_info2_6b6e08,PUR_IED_JulioFlorez_info2_6b6e08,,,,,
2026-09-12T07:41:10-05:00,PUR_IED_LaBelleza_Aula13_1d00d8,PUR_IED_LaBelleza_Aula13_1d00d8,,,,,
2026-09-12T07:41:10-05:00,PUR_IED_LaBelleza_Ext_7bc08c,PUR_IED_LaBelleza_Ext_7bc08c,,,,,
2026-09-12T07:41:10-05:00,PUR_IED_LaChucua_Ext_8cd6d2,PUR_IED_LaChucua_Ext_8cd6d2,,,,,
2026-09-12T07:41:10-05:00,PUR_IED_LaChucua_S15_f578ce,PUR_IED_LaChucua_S15_f578ce,,,,,
2026-09-12T07:41:10-05:00,PUR_IED_LaChucua_S16_eebcf9,PUR_IED_LaChucua_S16_eebcf9,,,,,
2026-09-12T07:41:10-05:00,PUR_IED_LaFelicidad_Ext_fb5109,PUR_IED_LaFelicidad_Ext_fb5109,,,,,
2026-09-12T07:41:10-05:00,PUR_IED_LaMerced_206_66ebd,PUR_IED_LaMerced_206_66ebd,,,,,
2026-09-12T07:41:10-05:00,PUR_IED_LaMerced_207_6ebd6,PUR_IED_LaMerced_207_6ebd6,,,,,
2026-09-12T07:41:10-05:00,PUR_IED_LaMerced_ext_304311,PUR_IED_LaMerced_ext_304311,,,,,
2026-09-12T07:41:10-05:00,PUR_IED_Laureano_CiencNat_281e5e,PUR_IED_Laureano_CiencNat_281e5e,,,,,
2026-09-12T07:41:10-05:00,PUR_IED_Laureano_Comedor_f65c0a,PUR_IED_Laureano_Comedor_f65c0a,,,,,
2026-09-12T07:41:10-05:00,PUR_IED_Laureano_Exterior_7ab011,PUR_IED_Laureano_Exterior_7ab011,,,,,
2026-09-12T07:41:10-05:00,PUR_IED_LeonGreiff_Exte_dfe560,PUR_IED_LeonGreiff_Exte_dfe560,,,,,
2026-09-12T07:41:10-05:00,PUR_IED_LeonGreiff_S210_f264ed,PUR_IED_LeonGreiff_S210_f264ed,,,,,
2026-09-12T07:41:10-05:00,PUR_IED_LeonGreiff_SQuimi_e8296f,PUR_IED_LeonGreiff_SQuimi_e8296f,,,,,
2026-09-12T07:41:10-05:00,PUR_IED_LlanoOrientalS208_7b9fcd,PUR_IED_LlanoOrientalS208_7b9fcd,,,,,
2026-09-12T07:41:10-05:00,PUR_IED_LlanoOriental_Ext_fb3766,PUR_IED_LlanoOriental_Ext_fb3766,,,,,
2026-09-12T07:41:10-05:00,PUR_IED_LlanoOriental_S208_7b9fcd,PUR_IED_LlanoOriental_S208_7b9fcd,,,,,
2026-09-12T07:41:10-05:00,PUR_IED_LlanoOriental_S9_27b378,PUR_IED_LlanoOriental_S9_27b378,,,,,
2026-09-12T07:41:10-05:00,PUR_IED_LosTejares_1101_477602,PUR_IED_LosTejares_1101_477602,,,,,
2026-09-12T07:41:10-05:00,PUR_IED_LosTejares_11_d2c595,PUR_IED_LosTejares_11_d2c595,,,,,
2026-09-12T07:41:10-05:00,PUR_IED_LosTejares_12_477602,PUR_IED_LosTejares_12_477602,,,,,
2026-09-12T07:41:10-05:00,PUR_IED_LosTejares_Ext_8e2115,PUR_IED_LosTejares_Ext_8e2115,,,,,
2026-09-12T07:41:10-05:00,PUR_IED_MagdalenaO_B202_5ddda3,PUR_IED_MagdalenaO_B202_5ddda3,,,,,
2026-09-12T07:41:10-05:00,PUR_IED_MagdalenaO_B205_fb76e8,PUR_IED_MagdalenaO_B205_fb76e8,,,,,
2026-09-12T07:41:10-05:00,PUR_IED_MagdalenaO_ext_dc69cd,PUR_IED_MagdalenaO_ext_dc69cd,,,,,
2026-09-12T07:41:10-05:00,PUR_IED_ManueCepeda_artes_eee956,PUR_IED_ManueCepeda_artes_eee956,,,,,
2026-09-12T07:41:10-05:00,PUR_IED_ManuelCepeda_Ext_58313,PUR_IED_ManuelCepeda_Ext_58313,,,,,
2026-09-12T07:41:10-05:00,PUR_IED_ManuelCepeda_tec_1c5731,PUR_IED_ManuelCepeda_tec_1c5731,,,,,
2026-09-12T07:41:10-05:00,PUR_IED_ManuelS_Exterior_5b269,PUR_IED_ManuelS_Exterior_5b269,,,,,
2026-09-12T07:41:10-05:00,PUR_IED_ManuelS_Inform_f369ce,PUR_IED_ManuelS_Inform_f369ce,,,,,
2026-09-12T07:41:10-05:00,PUR_IED_ManuelS_SArtes_7d15f1,PUR_IED_ManuelS_SArtes_7d15f1,,,,,
2026-09-12T07:41:10-05:00,PUR_IED_ManuelZapata_303_3ca6,PUR_IED_ManuelZapata_303_3ca6,,,,,
2026-09-12T07:41:10-05:00,PUR_IED_ManuelZapata_311_bfbabc,PUR_IED_ManuelZapata_311_bfbabc,,,,,
2026-09-12T07:41:10-05:00,PUR_IED_ManuelZapata_Ext_50824a,PUR_IED_ManuelZapata_Ext_50824a,,,,,
2026-09-12T07:41:10-05:00,PUR_IED_ManuelitaS_Exteri_656a92,PUR_IED_ManuelitaS_Exteri_656a92,,,,,
2026-09-12T07:41:10-05:00,PUR_IED_ManuelitaS_JuzgDe_f58ec3,PUR_IED_ManuelitaS_JuzgDe_f58ec3,,,,,
2026-09-12T07:41:10-05:00,PUR_IED_ManuelitaS_Recrea_d793db,PUR_IED_ManuelitaS_Recrea_d793db,,,,,
2026-09-12T07:41:10-05:00,PUR_IED_MarFidSuarez_Ext_c27b19,PUR_IED_MarFidSuarez_Ext_c27b19,,,,,
2026-09-12T07:41:10-05:00,PUR_IED_MarFidSuarez_Info_e384d7,PUR_IED_MarFidSuarez_Info_e384d7,,,,,
2026-09-12T07:41:10-05:00,PUR_IED_MarFidSuarez_S306_1d0032,PUR_IED_MarFidSuarez_S306_1d0032,,,,,
2026-09-12T07:41:10-05:00,PUR_IED_Menorah_301_2a25a3,PUR_IED_Menorah_301_2a25a3,,,,,
2026-09-12T07:41:10-05:00,PUR_IED_Menorah_306_37ed3,PUR_IED_Menorah_306_37ed3,,,,,
2026-09-12T07:41:10-05:00,PUR_IED_Menorah_Ext_3e155b,PUR_IED_Menorah_Ext_3e155b,,,,,
2026-09-12T07:41:10-05:00,PUR_IED_MinutoB.Aires_A11_1b1604,PUR_IED_MinutoB.Aires_A11_1b1604,,,,,
2026-09-12T07:41:10-05:00,PUR_IED_MinutoB.Aires_A12_fb5860,PUR_IED_MinutoB.Aires_A12_fb5860,,,,,
2026-09-12T07:41:10-05:00,PUR_IED_MinutoB.Aires_Ext_81293f,PUR_IED_MinutoB.Aires_Ext_81293f,,,,,
2026-09-12T07:41:10-05:00,PUR_IED_MinutoBAires_A11_1b1604,PUR_IED_MinutoBAires_A11_1b1604,,,,,
2026-09-12T07:41:10-05:00,PUR_IED_MinutoBAires_A12_fb5860,PUR_IED_MinutoBAires_A12_fb5860,,,,,
2026-09-12T07:41:10-05:00,PUR_IED_MinutoBAires_Ext_81293f,PUR_IED_MinutoBAires_Ext_81293f,,,,,
2026-09-12T07:41:10-05:00,PUR_IED_Montreal_Aula10_1e4959,PUR_IED_Montreal_Aula10_1e4959,,,,,
2026-09-12T07:41:10-05:00,PUR_IED_Montreal_Aula6_300367,PUR_IED_Montreal_Aula6_300367,,,,,
2026-09-12T07:41:10-05:00,PUR_IED_Montreal_Exterior_91a179,PUR_IED_Montreal_Exterior_91a179,,,,,
2026-09-12T07:41:10-05:00,PUR_IED_Mqgdalena_B202_5ddda3,PUR_IED_Mqgdalena_B202_5ddda3,,,,,
2026-09-12T07:41:10-05:00,PUR_IED_NACUND_Soc_dc8728,PUR_IED_NACUND_Soc_dc8728,,,,,
2026-09-12T07:41:10-05:00,PUR_IED_NACUND_ext_27ad97,PUR_IED_NACUND_ext_27ad97,,,,,
2026-09-12T07:41:10-05:00,PUR_IED_NEsperanza_Ext_d24b61,PUR_IED_NEsperanza_Ext_d24b61,,,,,
2026-09-12T07:41:10-05:00,PUR_IED_NEsperanza_SElect_7d1807,PUR_IED_NEsperanza_SElect_7d1807,,,,,
2026-09-12T07:41:10-05:00,PUR_IED_NEsperanza_SLabor_8b2d0a,PUR_IED_NEsperanza_SLabor_8b2d0a,,,,,
2026-09-12T07:41:10-05:00,PUR_IED_NacionesU_Ext_f661a9,PUR_IED_NacionesU_Ext_f661a9,,,,,
2026-09-12T07:41:10-05:00,PUR_IED_NacionesU_Quimica_66f0a,PUR_IED_NacionesU_Quimica_66f0a,,,,,
2026-09-12T07:41:10-05:00,PUR_IED_NacionesU_S306_1b4b3d,PUR_IED_NacionesU_S306_1b4b3d,,,,,
2026-09-12T07:41:10-05:00,PUR_IED_NestorFA_Ext_e4201c,PUR_IED_NestorFA_Ext_e4201c,,,,,
2026-09-12T07:41:10-05:00,PUR_IED_NestorFA_Laborato_f22fe0,PUR_IED_NestorFA_Laborato_f22fe0,,,,,
2026-09-12T07:41:10-05:00,PUR_IED_NestorFA_S204_dee996,PUR_IED_NestorFA_S204_dee996,,,,,
2026-09-12T07:41:10-05:00,PUR_IED_NidyaQT_Aula03_76999b,PUR_IED_NidyaQT_Aula03_76999b,,,,,
2026-09-12T07:41:10-05:00,PUR_IED_NidyaQT_Aula10_56325,PUR_IED_NidyaQT_Aula10_56325,,,,,
2026-09-12T07:41:10-05:00,PUR_IED_NidyaQT_Ext_46e32d,PUR_IED_NidyaQT_Ext_46e32d,,,,,
2026-09-12T07:41:10-05:00,PUR_IED_NuevaCol_Exterior_d9b859,PUR_IED_NuevaCol_Exterior_d9b859,,,,,
2026-09-12T07:41:10-05:00,PUR_IED_NuevaCol_S1101_76c43b,PUR_IED_NuevaCol_S1101_76c43b,,,,,
2026-09-12T07:41:10-05:00,PUR_IED_NuevaCol_S1102_1ce0b5,PUR_IED_NuevaCol_S1102_1ce0b5,,,,,
2026-09-12T07:41:10-05:00,PUR_IED_OEA_A202_f7e3f2,PUR_IED_OEA_A202_f7e3f2,,,,,
2026-09-12T07:41:10-05:00,PUR_IED_OEA_A203_7d1b8d,PUR_IED_OEA_A203_7d1b8d,,,,,
2026-09-12T07:41:10-05:00,PUR_IED_OEA_Ext_27b593,PUR_IED_OEA_Ext_27b593,,,,,
2026-09-12T07:41:10-05:00,PUR_IED_Ochoa_Ext_1c29da,PUR_IED_Ochoa_Ext_1c29da,4,14,97,4.503,-74.107201
2026-09-12T07:41:10-05:00,PUR_IED_Ochoa_S205_8b1121,PUR_IED_Ochoa_S205_8b1121,,,,,
2026-09-12T07:41:10-05:00,PUR_IED_Ochoa_Sistemas_f33af6,PUR_IED_Ochoa_Sistemas_f33af6,,,,,
2026-09-12T07:41:10-05:00,PUR_IED_PQuebec_Ext_1c67c7,PUR_IED_PQuebec_Ext_1c67c7,,,,,
2026-09-12T07:41:10-05:00,PUR_IED_PQuebec_S15_23e8e2,PUR_IED_PQuebec_S15_23e8e2,,,,,
2026-09-12T07:41:10-05:00,PUR_IED_PQuebec_S16_8ec76b,PUR_IED_PQuebec_S16_8ec76b,,,,,
2026-09-12T07:41:10-05:00,PUR_IED_PabloN_Ext_49dc96,PUR_IED_PabloN_Ext_49dc96,,,,,
2026-09-12T07:41:10-05:00,PUR_IED_PabloN_S1102_4e3df5,PUR_IED_PabloN_S1102_4e3df5,,,,,
2026-09-12T07:41:10-05:00,PUR_IED_PabloN_S1103_50c94b,PUR_IED_PabloN_S1103_50c94b,,,,,
2026-09-12T07:41:10-05:00,PUR_IED_Palestina_S1101_db9198,PUR_IED_Palestina_S1101_db9198,,,,,
2026-09-12T07:41:10-05:00,PUR_IED_Palestina_S1102_dc54fa,PUR_IED_Palestina_S1102_dc54fa,,,,,
2026-09-12T07:41:10-05:00,PUR_IED_Palestina_ext_4ccce6,PUR_IED_Palestina_ext_4ccce6,,,,,
2026-09-12T07:41:10-05:00,PUR_IED_Panama_Fisica_4d0794,PUR_IED_Panama_Fisica_4d0794,,,,,
2026-09-12T07:41:10-05:00,PUR_IED_Panama_SIngles_a4077e,PUR_IED_Panama_SIngles_a4077e,,,,,
2026-09-12T07:41:10-05:00,PUR_IED_Panama_ext_4c54b4,PUR_IED_Panama_ext_4c54b4,,,,,
2026-09-12T07:41:10-05:00,PUR_IED_ParaisoM_Exterior_8cd7f0,PUR_IED_ParaisoM_Exterior_8cd7f0,,,,,
2026-09-12T07:41:10-05:00,PUR_IED_ParaisoM_Laborato_27af35,PUR_IED_ParaisoM_Laborato_27af35,,,,,
2026-09-12T07:41:10-05:00,PUR_IED_ParaisoM_S304_d1edca,PUR_IED_ParaisoM_S304_d1edca,,,,,
2026-09-12T07:41:10-05:00,PUR_IED_PorfirioBarba_Ext_301466,PUR_IED_PorfirioBarba_Ext_301466,,,,,
2026-09-12T07:41:10-05:00,PUR_IED_PorfirioBarba_S11_df6cd2,PUR_IED_PorfirioBarba_S11_df6cd2,,,,,
2026-09-12T07:41:10-05:00,PUR_IED_PorfirioBarba_S29_27a7d6,PUR_IED_PorfirioBarba_S29_27a7d6,,,,,
2026-09-12T07:41:10-05:00,PUR_IED_PradoV_Exter_8b27ad,PUR_IED_PradoV_Exter_8b27ad,,,,,
2026-09-12T07:41:10-05:00,PUR_IED_PradoV_S301_de65b5,PUR_IED_PradoV_S301_de65b5,,,,,
2026-09-12T07:41:10-05:00,PUR_IED_PradoV_S302_7d2593,PUR_IED_PradoV_S302_7d2593,,,,,
2026-09-12T07:41:10-05:00,PUR_IED_QuirogaAlz_Ext_1ddc82,PUR_IED_QuirogaAlz_Ext_1ddc82,,,,,
2026-09-12T07:41:10-05:00,PUR_IED_QuirogaAlz_S302_9926a3,PUR_IED_QuirogaAlz_S302_9926a3,,,,,
2026-09-12T07:41:10-05:00,PUR_IED_QuirogaAlz_S305_cdf1f1,PUR_IED_QuirogaAlz_S305_cdf1f1,,,,,
2026-09-12T07:41:10-05:00,PUR_IED_RGuatemala_Biling_dc53b7,PUR_IED_RGuatemala_Biling_dc53b7,,,,,
2026-09-12T07:41:10-05:00,PUR_IED_RGuatemala_Ext_1b89a3,PUR_IED_RGuatemala_Ext_1b89a3,,,,,
2026-09-12T07:41:10-05:00,PUR_IED_RGuatemala_Tecnol_281a34,PUR_IED_RGuatemala_Tecnol_281a34,,,,,
2026-09-12T07:41:10-05:00,PUR_IED_RafaNu_Ext_f7c302,PUR_IED_RafaNu_Ext_f7c302,,,,,
2026-09-12T07:41:10-05:00,PUR_IED_RafaNu_S1101_25fde,PUR_IED_RafaNu_S1101_25fde,,,,,
2026-09-12T07:41:10-05:00,PUR_IED_RafaNu_S1102_281517,PUR_IED_RafaNu_S1102_281517,,,,,
2026-09-12T07:41:10-05:00,PUR_IED_RafaelB_S305_ee2783,PUR_IED_RafaelB_S305_ee2783,,,,,
2026-09-12T07:41:10-05:00,PUR_IED_RafaelB_S306_75fe33,PUR_IED_RafaelB_S306_75fe33,,,,,
2026-09-12T07:41:10-05:00,PUR_IED_RafaelB_ext_283336,PUR_IED_RafaelB_ext_283336,,,,,
2026-09-12T07:41:10-05:00,PUR_IED_RafaelUU_Exterior_281a51,PUR_IED_RafaelUU_Exterior_281a51,,,,,
2026-09-12T07:41:10-05:00,PUR_IED_RafaelUU_Human_806b2,PUR_IED_RafaelUU_Human_806b2,,,,,
2026-09-12T07:41:10-05:00,PUR_IED_RafaelUU_Mate2_5680d4,PUR_IED_RafaelUU_Mate2_5680d4,,,,,
2026-09-12T07:41:10-05:00,PUR_IED_RamonSub_Ext_f9eeb9,PUR_IED_RamonSub_Ext_f9eeb9,,,,,
2026-09-12T07:41:10-05:00,PUR_IED_RamonSub_Media_d1f62f,PUR_IED_RamonSub_Media_d1f62f,,,,,
2026-09-12T07:41:10-05:00,PUR_IED_RamonSub_planta_51b82,PUR_IED_RamonSub_planta_51b82,,,,,
2026-09-12T07:41:10-05:00,PUR_IED_RepBoliVene_Exter_27af7c,PUR_IED_RepBoliVene_Exter_27af7c,,,,,
2026-09-12T07:41:10-05:00,PUR_IED_RepBoliVene_SCPT_5ae2ee,PUR_IED_RepBoliVene_SCPT_5ae2ee,,,,,
2026-09-12T07:41:10-05:00,PUR_IED_RepBoliVene_Socia_4b11d5,PUR_IED_RepBoliVene_Socia_4b11d5,,,,,
2026-09-12T07:41:10-05:00,PUR_IED_RepChina_Ext_76d9ee,PUR_IED_RepChina_Ext_76d9ee,,,,,
2026-09-12T07:41:10-05:00,PUR_IED_RepChina_S404_7c804c,PUR_IED_RepChina_S404_7c804c,,,,,
2026-09-12T07:41:10-05:00,PUR_IED_RepChina_S405_df2c33,PUR_IED_RepChina_S405_df2c33,,,,,
2026-09-12T07:41:10-05:00,PUR_IED_RepublicaC_Exteri_7d1ec9,PUR_IED_RepublicaC_Exteri_7d1ec9,,,,,
2026-09-12T07:41:10-05:00,PUR_IED_RepublicaC_S1101_f544b3,PUR_IED_RepublicaC_S1101_f544b3,,,,,
2026-09-12T07:41:10-05:00,PUR_IED_RepublicaC_S1102_7aafc7,PUR_IED_RepublicaC_S1102_7aafc7,,,,,
2026-09-12T07:41:10-05:00,PUR_IED_Ricaurte_Externo_a0ea1,PUR_IED_Ricaurte_Externo_a0ea1,,,,,
2026-09-12T07:41:10-05:00,PUR_IED_Ricaurte_S210_f546fd,PUR_IED_Ricaurte_S210_f546fd,,,,,
2026-09-12T07:41:10-05:00,PUR_IED_Ricaurte_S309_d4452,PUR_IED_Ricaurte_S309_d4452,,,,,
2026-09-12T07:41:10-05:00,PUR_IED_RogelioS_1102_531e69,PUR_IED_RogelioS_1102_531e69,,,,,
2026-09-12T07:41:10-05:00,PUR_IED_RogelioS_Ext_f25a18,PUR_IED_RogelioS_Ext_f25a18,,,,,
2026-09-12T07:41:10-05:00,PUR_IED_SBernardino_Ext_27aff8,PUR_IED_SBernardino_Ext_27aff8,,,,,
2026-09-12T07:41:10-05:00,PUR_IED_SBernardino_SArte_2ffd33,PUR_IED_SBernardino_SArte_2ffd33,,,,,
2026-09-12T07:41:10-05:00,PUR_IED_SBernardino_SIngl_7c7da5,PUR_IED_SBernardino_SIngl_7c7da5,,,,,
2026-09-12T07:41:10-05:00,PUR_IED_Sago_auditorio_dc9d1d,PUR_IED_Sago_auditorio_dc9d1d,,,,,
2026-09-12T07:41:10-05:00,PUR_IED_Saludcoop_Ext_95aac3,PUR_IED_Saludcoop_Ext_95aac3,,,,,
2026-09-12T07:41:10-05:00,PUR_IED_Saludcoop_InfI_90c854,PUR_IED_Saludcoop_InfI_90c854,,,,,
2026-09-12T07:41:10-05:00,PUR_IED_Saludcoop_SMedia_1b93be,PUR_IED_Saludcoop_SMedia_1b93be,,,,,
2026-09-12T07:41:10-05:00,PUR_IED_SanCarlos_1101_1a2360,PUR_IED_SanCarlos_1101_1a2360,,,,,
2026-09-12T07:41:10-05:00,PUR_IED_SanCarlos_1103_7bafb5,PUR_IED_SanCarlos_1103_7bafb5,,,,,
2026-09-12T07:41:10-05:00,PUR_IED_SanCarlos_Ext_b7cd1,PUR_IED_SanCarlos_Ext_b7cd1,,,,,
2026-09-12T07:41:10-05:00,PUR_IED_SanIgnacioBosa11a_50c26e,PUR_IED_SanIgnacioBosa11a_50c26e,,,,,
2026-09-12T07:41:10-05:00,PUR_IED_SanIgnacioBosa11b_371de8,PUR_IED_SanIgnacioBosa11b_371de8,,,,,
2026-09-12T07:41:10-05:00,PUR_IED_SanIgnacioBosaExt_ef0ffc,PUR_IED_SanIgnacioBosaExt_ef0ffc,,,,,
2026-09-12T07:41:10-05:00,PUR_IED_SanIgnacioBosa_11a_50c26e,PUR_IED_SanIgnacioBosa_11a_50c26e,,,,,
2026-09-12T07:41:10-05:00,PUR_IED_SanIgnacioBosa_Ext_ef0ffc,PUR_IED_SanIgnacioBosa_Ext_ef0ffc,,,,,
2026-09-12T07:41:10-05:00,PUR_IED_SanJoseN_intS1101_31c47f,PUR_IED_SanJoseN_intS1101_31c47f,,,,,
2026-09-12T07:41:10-05:00,PUR_IED_SanJoseUsm_Exter_f5d7e8,PUR_IED_SanJoseUsm_Exter_f5d7e8,,,,,
2026-09-12T07:41:10-05:00,PUR_IED_SanJoseUsm_Int11A_cfdef6,PUR_IED_SanJoseUsm_Int11A_cfdef6,,,,,
2026-09-12T07:41:10-05:00,PUR_IED_SilveriaR_IntB5_905349,PUR_IED_SilveriaR_IntB5_905349,,,,,
2026-09-12T07:41:10-05:00,PUR_IED_SilveriaR_IntSD14_981f93,PUR_IED_SilveriaR_IntSD14_981f93,,,,,
2026-09-12T07:41:10-05:00,PUR_IED_SilveriaR_ext_2b651d,PUR_IED_SilveriaR_ext_2b651d,,,,,
2026-09-12T07:41:10-05:00,PUR_IED_SimonB_Exterior_913975,PUR_IED_SimonB_Exterior_913975,,,,,
2026-09-12T07:41:10-05:00,PUR_IED_SimonB_LabQuimi_c56908,PUR_IED_SimonB_LabQuimi_c56908,,,,,
2026-09-12T07:41:10-05:00,PUR_IED_SimonB_informatic_a28c1,PUR_IED_SimonB_informatic_a28c1,,,,,
2026-09-12T07:41:10-05:00,PUR_IED_Sorrento_1102_315f50,PUR_IED_Sorrento_1102_315f50,,,,,
2026-09-12T07:41:10-05:00,PUR_IED_Sorrento_Minte_214eab,PUR_IED_Sorrento_Minte_214eab,,,,,
2026-09-12T07:41:10-05:00,PUR_IED_Sorrento_ext_7c3a0a,PUR_IED_Sorrento_ext_7c3a0a,,,,,
2026-09-12T07:41:10-05:00,PUR_IED_Tabora_Ext_f048ae,PUR_IED_Tabora_Ext_f048ae,,,,,
2026-09-12T07:41:10-05:00,PUR_IED_Tabora_S1102_b07752,PUR_IED_Tabora_S1102_b07752,,,,,
2026-09-12T07:41:10-05:00,PUR_IED_Tabora_S1103_d988f5,PUR_IED_Tabora_S1103_d988f5,,,,,
2026-09-12T07:41:10-05:00,PUR_IED_Tenerife_Ext_1ab188,PUR_IED_Tenerife_Ext_1ab188,,,,,
2026-09-12T07:41:10-05:00,PUR_IED_Tenerife_SDanzas_7bc02e,PUR_IED_Tenerife_SDanzas_7bc02e,,,,,
2026-09-12T07:41:10-05:00,PUR_IED_Tenerife_SIngles_7cc277,PUR_IED_Tenerife_SIngles_7cc277,,,,,
2026-09-12T07:41:10-05:00,PUR_IED_Tibabuyes_Exter_f2683d,PUR_IED_Tibabuyes_Exter_f2683d,,,,,
2026-09-12T07:41:10-05:00,PUR_IED_Tibabuyes_S10_dc87a8,PUR_IED_Tibabuyes_S10_dc87a8,,,,,
2026-09-12T07:41:10-05:00,PUR_IED_Tibabuyes_S15_dc0526,PUR_IED_Tibabuyes_S15_dc0526,,,,,
2026-09-12T07:41:10-05:00,PUR_IED_UnionE_S301_a1043,PUR_IED_UnionE_S301_a1043,,,,,
2026-09-12T07:41:10-05:00,PUR_IED_UnionE_S307_ff6c2f,PUR_IED_UnionE_S307_ff6c2f,,,,,
2026-09-12T07:41:10-05:00,PUR_IED_UnionE__Ext_5e2468,PUR_IED_UnionE__Ext_5e2468,,,,,
2026-09-12T07:41:10-05:00,PUR_IED_VillaRica_Ext_75be7c,PUR_IED_VillaRica_Ext_75be7c,,,,,
2026-09-12T07:41:10-05:00,PUR_IED_VillaRica_S4_cc5dcd,PUR_IED_VillaRica_S4_cc5dcd,,,,,
2026-09-12T07:41:10-05:00,PUR_IED_VillaRica_Sesp_99f5c,PUR_IED_VillaRica_Sesp_99f5c,,,,,
2026-09-12T07:46:06-05:00,PUR_IED_20deJulio_1101_91b1b9,PUR_IED_20deJulio_1101_91b1b9,,,,,
2026-09-12T07:46:06-05:00,PUR_IED_20deJulio_1102_1cfcf9,PUR_IED_20deJulio_1102_1cfcf9,,,,,
2026-09-12T07:46:06-05:00,PUR_IED_20deJulio_Ext_ab60bd,PUR_IED_20deJulio_Ext_ab60bd,,,,,
2026-09-12T07:46:06-05:00,PUR_IED_AgustinFer_Ext_7b9b77,PUR_IED_AgustinFer_Ext_7b9b77,,,,,
2026-09-12T07:46:06-05:00,PUR_IED_AgustinFer_Info2_27b3a7,PUR_IED_AgustinFer_Info2_27b3a7,,,,,
2026-09-12T07:46:06-05:00,PUR_IED_AgustinFer_Sena_54b4eb,PUR_IED_AgustinFer_Sena_54b4eb,,,,,
2026-09-12T07:46:06-05:00,PUR_IED_AlexanderF_1102_caf07b,PUR_IED_AlexanderF_1102_caf07b,,,,,
2026-09-12T07:46:06-05:00,PUR_IED_AlexanderF_1103_c79e71,PUR_IED_AlexanderF_1103_c79e71,,,,,
2026-09-12T07:46:06-05:00,PUR_IED_AlexanderF_Ext_c5b18b,PUR_IED_AlexanderF_Ext_c5b18b,,,,,
2026-09-12T07:46:06-05:00,PUR_IED_AlfonsoLopez_Ext_281d77,PUR_IED_AlfonsoLopez_Ext_281d77,,,,,
2026-09-12T07:46:06-05:00,PUR_IED_AlfonsoLopez_LabF_888ce0,PUR_IED_AlfonsoLopez_LabF_888ce0,,,,,
2026-09-12T07:46:06-05:00,PUR_IED_AlfonsoLopez_SMed_df6a7f,PUR_IED_AlfonsoLopez_SMed_df6a7f,,,,,
2026-09-12T07:46:06-05:00,PUR_IED_AltamiraSO_A2_209f92,PUR_IED_AltamiraSO_A2_209f92,,,,,
2026-09-12T07:46:06-05:00,PUR_IED_AltamiraSO_Ext_186d66,PUR_IED_AltamiraSO_Ext_186d66,,,,,
2026-09-12T07:46:06-05:00,PUR_IED_AltamiraSO_Sistem_27afe1,PUR_IED_AltamiraSO_Sistem_27afe1,,,,,
2026-09-12T07:46:06-05:00,PUR_IED_AlvaroGom_LabQuim_813179,PUR_IED_AlvaroGom_LabQuim_813179,,,,,
2026-09-12T07:46:06-05:00,PUR_IED_AlvaroGomez_Ext_47c7ca,PUR_IED_AlvaroGomez_Ext_47c7ca,,,,,
2026-09-12T07:46:06-05:00,PUR_IED_AlvaroGomez_LabQuim_813179,PUR_IED_AlvaroGomez_LabQuim_813179,,,,,
2026-09-12T07:46:06-05:00,PUR_IED_AlvaroGomez_S23_7ba89f,PUR_IED_AlvaroGomez_S23_7ba89f,,,,,
2026-09-12T07:46:06-05:00,PUR_IED_Amistad_306_dc8728,PUR_IED_Amistad_306_dc8728,,,,,
2026-09-12T07:46:06-05:00,PUR_IED_Amistad_Ext_8cd55e,PUR_IED_Amistad_Ext_8cd55e,,,,,
2026-09-12T07:46:06-05:00,PUR_IED_Amistad_S202_a41169,PUR_IED_Amistad_S202_a41169,,,,,
2026-09-12T07:46:06-05:00,PUR_IED_AndresBello_Bio_fd5f5e,PUR_IED_AndresBello_Bio_fd5f5e,,,,,
2026-09-12T07:46:06-05:00,PUR_IED_AndresBello_ext_dcad65,PUR_IED_AndresBello_ext_dcad65,,,,,
2026-09-12T07:46:06-05:00,PUR_IED_AndresBello_port_eed3ec,PUR_IED_AndresBello_port_eed3ec,,,,,
2026-09-12T07:46:06-05:00,PUR_IED_AngelaR_11b_d90a6b,PUR_IED_AngelaR_11b_d90a6b,,,,,
2026-09-12T07:46:06-05:00,PUR_IED_AngelaR_ext_7cad3e,PUR_IED_AngelaR_ext_7cad3e,3,17,67,4.5825,-74.164497
2026-09-12T07:46:06-05:00,PUR_IED_AntJoseSucre_10mo_df2575,PUR_IED_AntJoseSucre_10mo_df2575,,,,,
2026-09-12T07:46:06-05:00,PUR_IED_AntJoseSucre_Ext_215b36,PUR_IED_AntJoseSucre_Ext_215b36,,,,,
2026-09-12T07:46:06-05:00,PUR_IED_AntJoseSucre_Lab_3139de,PUR_IED_AntJoseSucre_Lab_3139de,,,,,
2026-09-12T07:46:06-05:00,PUR_IED_AntonioGarcia_301_d6b188,PUR_IED_AntonioGarcia_301_d6b188,,,,,
2026-09-12T07:46:06-05:00,PUR_IED_AntonioGarcia_302_88a82,PUR_IED_AntonioGarcia_302_88a82,,,,,
2026-09-12T07:46:06-05:00,PUR_IED_AntonioGarcia_Ext_20950c,PUR_IED_AntonioGarcia_Ext_20950c,,,,,
2026-09-12T07:46:06-05:00,PUR_IED_AntonioVan_Aula2_6dea02,PUR_IED_AntonioVan_Aula2_6dea02,,,,,
2026-09-12T07:46:06-05:00,PUR_IED_AntonioVan_Aula5_f1557e,PUR_IED_AntonioVan_Aula5_f1557e,,,,,
2026-09-12T07:46:06-05:00,PUR_IED_AntonioVan_Ext_406f2f,PUR_IED_AntonioVan_Ext_406f2f,,,,,
2026-09-12T07:46:06-05:00,PUR_IED_Atabanzha_Ext_cc5af9,PUR_IED_Atabanzha_Ext_cc5af9,,,,,
2026-09-12T07:46:06-05:00,PUR_IED_Atabanzha_SA101_56c37,PUR_IED_Atabanzha_SA101_56c37,,,,,
2026-09-12T07:46:06-05:00,PUR_IED_Atabanzha_SB302_27b374,PUR_IED_Atabanzha_SB302_27b374,,,,,
2026-09-12T07:46:06-05:00,PUR_IED_Atahualpa_Ext_fc1748,PUR_IED_Atahualpa_Ext_fc1748,,,,,
2026-09-12T07:46:06-05:00,PUR_IED_Atahualpa_Informa_dc9a95,PUR_IED_Atahualpa_Informa_dc9a95,,,,,
2026-09-12T07:46:06-05:00,PUR_IED_Atahualpa_S1101_f98056,PUR_IED_Atahualpa_S1101_f98056,,,,,
2026-09-12T07:46:06-05:00,PUR_IED_Bellavista_Ext_f5aa74,PUR_IED_Bellavista_Ext_f5aa74,,,,,
2026-09-12T07:46:06-05:00,PUR_IED_Bilbao_11A_916c41,PUR_IED_Bilbao_11A_916c41,,,,,
2026-09-12T07:46:06-05:00,PUR_IED_Bilbao_Ext_fb579a,PUR_IED_Bilbao_Ext_fb579a,,,,,
2026-09-12T07:46:06-05:00,PUR_IED_BrasiliaU_A125_304280,PUR_IED_BrasiliaU_A125_304280,,,,,
2026-09-12T07:46:06-05:00,PUR_IED_BrasiliaU_A203_7c8ca5,PUR_IED_BrasiliaU_A203_7c8ca5,,,,,
2026-09-12T07:46:06-05:00,PUR_IED_BrasiliaU_Ext_8d6e9f,PUR_IED_BrasiliaU_Ext_8d6e9f,5,17,67,4.5175,-74.116302
2026-09-12T07:46:06-05:00,PUR_IED_Brasilia_Ext_fe6593,PUR_IED_Brasilia_Ext_fe6593,,,,,
2026-09-12T07:46:06-05:00,PUR_IED_Brasilia_S24_7c130d,PUR_IED_Brasilia_S24_7c130d,,,,,
2026-09-12T07:46:06-05:00,PUR_IED_Brasilia_S501_186a54,PUR_IED_Brasilia_S501_186a54,,,,,
2026-09-12T07:46:06-05:00,PUR_IED_CHARRY_EXT_f1d5cd,PUR_IED_CHARRY_EXT_f1d5cd,,,,,
2026-09-12T07:46:06-05:00,PUR_IED_CHARRY_INTDANZAS_7a08e6,PUR_IED_CHARRY_INTDANZAS_7a08e6,,,,,
2026-09-12T07:46:06-05:00,PUR_IED_CHARRY_INT_AULA20_dc998d,PUR_IED_CHARRY_INT_AULA20_dc998d,,,,,
2026-09-12T07:46:06-05:00,PUR_IED_COLVIV_1101_S25_7f520a,PUR_IED_COLVIV_1101_S25_7f520a,,,,,
2026-09-12T07:46:06-05:00,PUR_IED_COLVIV_1102_S16_f570ba,PUR_IED_COLVIV_1102_S16_f570ba,,,,,
2026-09-12T07:46:06-05:00,PUR_IED_COLVIV_Ext_1a26fa,PUR_IED_COLVIV_Ext_1a26fa,,,,,
2026-09-12T07:46:06-05:00,PUR_IED_CULPOP_301A_f660f3,PUR_IED_CULPOP_301A_f660f3,,,,,
2026-09-12T07:46:06-05:00,PUR_IED_CULPOP_303_568afe,PUR_IED_CULPOP_303_568afe,,,,,
2026-09-12T07:46:06-05:00,PUR_IED_CULPOP_Ext_e02ccb,PUR_IED_CULPOP_Ext_e02ccb,,,,,
2026-09-12T07:46:06-05:00,PUR_IED_CVillavicen_Ext_26eb58,PUR_IED_CVillavicen_Ext_26eb58,7,14,82,4.487,-74.102798
2026-09-12T07:46:06-05:00,PUR_IED_CVillavicen_Intel_1ce5c2,PUR_IED_CVillavicen_Intel_1ce5c2,,,,,
2026-09-12T07:46:06-05:00,PUR_IED_CVillavicen_Poliv_e0766c,PUR_IED_CVillavicen_Poliv_e0766c,,,,,
2026-09-12T07:46:06-05:00,PUR_IED_CVillavicen_int_1ba140,PUR_IED_CVillavicen_int_1ba140,,,,,
2026-09-12T07:46:06-05:00,PUR_IED_CVillavicen_intel_1ba140,PUR_IED_CVillavicen_intel_1ba140,,,,,
2026-09-12T07:46:06-05:00,PUR_IED_CarlosPizarro_Ext_e307cc,PUR_IED_CarlosPizarro_Ext_e307cc,,,,,
2026-09-12T07:46:06-05:00,PUR_IED_CarlosPizarro_L36_7e5cdb,PUR_IED_CarlosPizarro_L36_7e5cdb,,,,,
2026-09-12T07:46:06-05:00,PUR_IED_CarlosPizarro_L37_c8566c,PUR_IED_CarlosPizarro_L37_c8566c,,,,,
2026-09-12T07:46:06-05:00,PUR_IED_Castilla_Ext_cf35f,PUR_IED_Castilla_Ext_cf35f,,,,,
2026-09-12T07:46:06-05:00,PUR_IED_Castilla_SFisik_360e38,PUR_IED_Castilla_SFisik_360e38,,,,,
2026-09-12T07:46:06-05:00,PUR_IED_Castilla_Sc304_496fbf,PUR_IED_Castilla_Sc304_496fbf,,,,,
2026-09-12T07:46:06-05:00,PUR_IED_CervantesSa_Ext_6b57b,PUR_IED_CervantesSa_Ext_6b57b,3,17,72,4.5128,-74.117203
2026-09-12T07:46:06-05:00,PUR_IED_CervantesSa_S107_225c2b,PUR_IED_CervantesSa_S107_225c2b,,,,,
2026-09-12T07:46:06-05:00,PUR_IED_CervantesSa_S108_940925,PUR_IED_CervantesSa_S108_940925,,,,,
2026-09-12T07:46:06-05:00,PUR_IED_Charry_A20_f53e7c,PUR_IED_Charry_A20_f53e7c,,,,,
2026-09-12T07:46:06-05:00,PUR_IED_Charry_Ext_f1d5cd,PUR_IED_Charry_Ext_f1d5cd,,,,,
2026-09-12T07:46:06-05:00,PUR_IED_Charry_IntAula20_dc998d,PUR_IED_Charry_IntAula20_dc998d,,,,,
2026-09-12T07:46:06-05:00,PUR_IED_Charry_IntDanzas_7a08e6,PUR_IED_Charry_IntDanzas_7a08e6,,,,,
2026-09-12T07:46:06-05:00,PUR_IED_ClememciaC_203_43e2fc,PUR_IED_ClememciaC_203_43e2fc,,,,,
2026-09-12T07:46:06-05:00,PUR_IED_ClememciaC_Ext_1b411a,PUR_IED_ClememciaC_Ext_1b411a,,,,,
2026-09-12T07:46:06-05:00,PUR_IED_ClememciaC_Quimic_44b5fc,PUR_IED_ClememciaC_Quimic_44b5fc,,,,,
2026-09-12T07:46:06-05:00,PUR_IED_ClemenciaC_203_43e2fc,PUR_IED_ClemenciaC_203_43e2fc,,,,,
2026-09-12T07:46:06-05:00,PUR_IED_ClemenciaC_Ext_1b411a,PUR_IED_ClemenciaC_Ext_1b411a,,,,,
2026-09-12T07:46:06-05:00,PUR_IED_ClemenciaC_Quimic_44b5fc,PUR_IED_ClemenciaC_Quimic_44b5fc,,,,,
2026-09-12T07:46:06-05:00,PUR_IED_ColViva_1101_S25_7f520a,PUR_IED_ColViva_1101_S25_7f520a,,,,,
2026-09-12T07:46:06-05:00,PUR_IED_ColViva_1102_S16_f570ba,PUR_IED_ColViva_1102_S16_f570ba,,,,,
2026-09-12T07:46:06-05:00,PUR_IED_ColViva_Ext_1a26fa,PUR_IED_ColViva_Ext_1a26fa,,,,,
2026-09-12T07:46:06-05:00,PUR_IED_ColegioBici_Asist_7c8798,PUR_IED_ColegioBici_Asist_7c8798,,,,,
2026-09-12T07:46:06-05:00,PUR_IED_ColegioBici_Ext_25cbf6,PUR_IED_ColegioBici_Ext_25cbf6,,,,,
2026-09-12T07:46:06-05:00,PUR_IED_ColegioBici_LabQ_7b57db,PUR_IED_ColegioBici_LabQ_7b57db,,,,,
2026-09-12T07:46:06-05:00,PUR_IED_CostaRica_Ext_5e640,PUR_IED_CostaRica_Ext_5e640,,,,,
2026-09-12T07:46:06-05:00,PUR_IED_CostaRica_Quim1_766d1c,PUR_IED_CostaRica_Quim1_766d1c,,,,,
2026-09-12T07:46:06-05:00,PUR_IED_CostaRica__Fisica_6f0873,PUR_IED_CostaRica__Fisica_6f0873,,,,,
2026-09-12T07:46:06-05:00,PUR_IED_CulPopu_301A_f660f3,PUR_IED_CulPopu_301A_f660f3,,,,,
2026-09-12T07:46:06-05:00,PUR_IED_CulPopu_303_568afe,PUR_IED_CulPopu_303_568afe,,,,,
2026-09-12T07:46:06-05:00,PUR_IED_CulPopu_Ext_e02ccb,PUR_IED_CulPopu_Ext_e02ccb,,,,,
2026-09-12T07:46:06-05:00,PUR_IED_Cundinamarca_Ext_f15985,PUR_IED_Cundinamarca_Ext_f15985,,,,,
2026-09-12T07:46:06-05:00,PUR_IED_Cundinamarca_Info_7aa5d7,PUR_IED_Cundinamarca_Info_7aa5d7,,,,,
2026-09-12T07:46:06-05:00,PUR_IED_Cundinamarca_Tec2_f449c7,PUR_IED_Cundinamarca_Tec2_f449c7,,,,,
2026-09-12T07:46:06-05:00,PUR_IED_DiegoM_Aula1_27b314,PUR_IED_DiegoM_Aula1_27b314,,,,,
2026-09-12T07:46:06-05:00,PUR_IED_DiegoM_Ext_d80ac8,PUR_IED_DiegoM_Ext_d80ac8,,,,,
2026-09-12T07:46:06-05:00,PUR_IED_DiegoM_S25_da928f,PUR_IED_DiegoM_S25_da928f,,,,,
2026-09-12T07:46:06-05:00,PUR_IED_ELRODEO_360881,PUR_IED_ELRODEO_360881,,,,,
2026-09-12T07:46:06-05:00,PUR_IED_ELRODEO_ext_360881,PUR_IED_ELRODEO_ext_360881,,,,,
2026-09-12T07:46:06-05:00,PUR_IED_EduardoU_Ext_1c1969,PUR_IED_EduardoU_Ext_1c1969,,,,,
2026-09-12T07:46:06-05:00,PUR_IED_EduardoU_SCiencia_4dfb94,PUR_IED_EduardoU_SCiencia_4dfb94,,,,,
2026-09-12T07:46:06-05:00,PUR_IED_EduardoU_SQuimica_5a46e7,PUR_IED_EduardoU_SQuimica_5a46e7,,,,,
2026-09-12T07:46:06-05:00,PUR_IED_ElRodeo_Aula14_676984,PUR_IED_ElRodeo_Aula14_676984,,,,,
2026-09-12T07:46:06-05:00,PUR_IED_ElRodeo_Aula16_2dd35b,PUR_IED_ElRodeo_Aula16_2dd35b,,,,,
2026-09-12T07:46:06-05:00,PUR_IED_ElRodeo_Ext_360881,PUR_IED_ElRodeo_Ext_360881,,,,,
2026-09-12T07:46:06-05:00,PUR_IED_ElRodeo_Exterior_8c6d28,PUR_IED_ElRodeo_Exterior_8c6d28,,,,,
2026-09-12T07:46:06-05:00,PUR_IED_ElRodeo_ext_360881,PUR_IED_ElRodeo_ext_360881,,,,,
2026-09-12T07:46:06-05:00,PUR_IED_EmmaReyes_Ext_987625,PUR_IED_EmmaReyes_Ext_987625,6,21,53,4.6367,-74.1511
2026-09-12T07:46:06-05:00,PUR_IED_Ensueño_Ext_7f0250,PUR_IED_Ensueño_Ext_7f0250,,,,,
2026-09-12T07:46:06-05:00,PUR_IED_EscNormal_Ext_5fef3b,PUR_IED_EscNormal_Ext_5fef3b,2,18,62,4.5852,-74.096901
2026-09-12T07:46:06-05:00,PUR_IED_EscNormal_S309_5b263,PUR_IED_EscNormal_S309_5b263,,,,,
2026-09-12T07:46:06-05:00,PUR_IED_EscNormal_S310_27b3b8,PUR_IED_EscNormal_S310_27b3b8,,,,,
2026-09-12T07:46:06-05:00,PUR_IED_Evangelista_Conta_f6cd4f,PUR_IED_Evangelista_Conta_f6cd4f,,,,,
2026-09-12T07:46:06-05:00,PUR_IED_Evangelista_Cri_5e16a,PUR_IED_Evangelista_Cri_5e16a,,,,,
2026-09-12T07:46:06-05:00,PUR_IED_Evangelista_Exter_754066,PUR_IED_Evangelista_Exter_754066,,,,,
2026-09-12T07:46:06-05:00,PUR_IED_FMiranda_S209_5cc2a3,PUR_IED_FMiranda_S209_5cc2a3,,,,,
2026-09-12T07:46:06-05:00,PUR_IED_FMiranda_S303_19e344,PUR_IED_FMiranda_S303_19e344,,,,,
2026-09-12T07:46:06-05:00,PUR_IED_FMiranda_ext_f53e7c,PUR_IED_FMiranda_ext_f53e7c,,,,,
2026-09-12T07:46:06-05:00,PUR_IED_FabioLozano_Bibli_1cee05,PUR_IED_FabioLozano_Bibli_1cee05,,,,,
2026-09-12T07:46:06-05:00,PUR_IED_FabioLozano_Ext_6ea285,PUR_IED_FabioLozano_Ext_6ea285,,,,,
2026-09-12T07:46:06-05:00,PUR_IED_FabioLozano_SLudi_f09e1e,PUR_IED_FabioLozano_SLudi_f09e1e,,,,,
2026-09-12T07:46:06-05:00,PUR_IED_FaustinoS_Aula07_27a731,PUR_IED_FaustinoS_Aula07_27a731,,,,,
2026-09-12T07:46:06-05:00,PUR_IED_FaustinoS_Ext_7b936f,PUR_IED_FaustinoS_Ext_7b936f,,,,,
2026-09-12T07:46:06-05:00,PUR_IED_FaustinoS_Fisica_da2c60,PUR_IED_FaustinoS_Fisica_da2c60,,,,,
2026-09-12T07:46:06-05:00,PUR_IED_FeGarciaLo_Ext_dc68ee,PUR_IED_FeGarciaLo_Ext_dc68ee,,,,,
2026-09-12T07:46:06-05:00,PUR_IED_FeGarciaLo_SDanza_f70a59,PUR_IED_FeGarciaLo_SDanza_f70a59,,,,,
2026-09-12T07:46:06-05:00,PUR_IED_FeGarciaLo_SMusic_125cdd,PUR_IED_FeGarciaLo_SMusic_125cdd,,,,,
2026-09-12T07:46:06-05:00,PUR_IED_FederalAlema_Exte_50c345,PUR_IED_FederalAlema_Exte_50c345,,,,,
2026-09-12T07:46:06-05:00,PUR_IED_FederalAlema_S31_f18371,PUR_IED_FederalAlema_S31_f18371,,,,,
2026-09-12T07:46:06-05:00,PUR_IED_FederalAlema_S901_a62cd,PUR_IED_FederalAlema_S901_a62cd,,,,,
2026-09-12T07:46:06-05:00,PUR_IED_FilarmonicaS_A5_f35eb1,PUR_IED_FilarmonicaS_A5_f35eb1,,,,,
2026-09-12T07:46:06-05:00,PUR_IED_FilarmonicaS_Ext_8a3bde,PUR_IED_FilarmonicaS_Ext_8a3bde,,,,,
2026-09-12T07:46:06-05:00,PUR_IED_FilarmonicaS_Spol_406114,PUR_IED_FilarmonicaS_Spol_406114,,,,,
2026-09-12T07:46:06-05:00,PUR_IED_FlorentinoG_A13_d1fa59,PUR_IED_FlorentinoG_A13_d1fa59,,,,,
2026-09-12T07:46:06-05:00,PUR_IED_FlorentinoG_Ext_1ce6ce,PUR_IED_FlorentinoG_Ext_1ce6ce,,,,,
2026-09-12T07:46:06-05:00,PUR_IED_FlorentinoG_Idiom_a66aac,PUR_IED_FlorentinoG_Idiom_a66aac,,,,,
2026-09-12T07:46:06-05:00,PUR_IED_FranciscoMati_Ext_e3869d,PUR_IED_FranciscoMati_Ext_e3869d,,,,,
2026-09-12T07:46:06-05:00,PUR_IED_FranciscoMati_S13_f31c67,PUR_IED_FranciscoMati_S13_f31c67,,,,,
2026-09-12T07:46:06-05:00,PUR_IED_FranciscoMati_S14_97dead,PUR_IED_FranciscoMati_S14_97dead,,,,,
2026-09-12T07:46:06-05:00,PUR_IED_FranciscoPS_Ext_7bfa9a,PUR_IED_FranciscoPS_Ext_7bfa9a,2,19,61,4.5899,-74.110397
2026-09-12T07:46:06-05:00,PUR_IED_FranciscoPS_Infor_fb8f4c,PUR_IED_FranciscoPS_Infor_fb8f4c,,,,,
2026-09-12T07:46:06-05:00,PUR_IED_FranciscoPS_Quimi_94d39c,PUR_IED_FranciscoPS_Quimi_94d39c,,,,,
2026-09-12T07:46:06-05:00,PUR_IED_FranciscoP_LabQ_d7e148,PUR_IED_FranciscoP_LabQ_d7e148,,,,,
2026-09-12T07:46:06-05:00,PUR_IED_FranciscoP_S28_cf9b30,PUR_IED_FranciscoP_S28_cf9b30,,,,,
2026-09-12T07:46:06-05:00,PUR_IED_FranciscoP_ext_e2313,PUR_IED_FranciscoP_ext_e2313,,,,,
2026-09-12T07:46:06-05:00,PUR_IED_FriederichN_Ext_8ac92a,PUR_IED_FriederichN_Ext_8ac92a,,,,,
2026-09-12T07:46:06-05:00,PUR_IED_FriederichN_S301_dd7e5a,PUR_IED_FriederichN_S301_dd7e5a,,,,,
2026-09-12T07:46:06-05:00,PUR_IED_FriederichN_S308_761f4f,PUR_IED_FriederichN_S308_761f4f,,,,,
2026-09-12T07:46:06-05:00,PUR_IED_GSantander_Aula10_533dd7,PUR_IED_GSantander_Aula10_533dd7,,,,,
2026-09-12T07:46:06-05:00,PUR_IED_GSantander_Aula12_fd4e4f,PUR_IED_GSantander_Aula12_fd4e4f,,,,,
2026-09-12T07:46:06-05:00,PUR_IED_GSantander_Aula310_533dd7,PUR_IED_GSantander_Aula310_533dd7,,,,,
2026-09-12T07:46:06-05:00,PUR_IED_GSantander_Aula312_fd4e4f,PUR_IED_GSantander_Aula312_fd4e4f,,,,,
2026-09-12T07:46:06-05:00,PUR_IED_GSantander_Ext_5f66b0,PUR_IED_GSantander_Ext_5f66b0,,,,,
2026-09-12T07:46:06-05:00,PUR_IED_GYomasa_Ext_f6bea5,PUR_IED_GYomasa_Ext_f6bea5,,,,,
2026-09-12T07:46:06-05:00,PUR_IED_GYomasa_LBiol_2c41aa,PUR_IED_GYomasa_LBiol_2c41aa,,,,,
2026-09-12T07:46:06-05:00,PUR_IED_GYomasa_LQuim_33c80,PUR_IED_GYomasa_LQuim_33c80,,,,,
2026-09-12T07:46:06-05:00,PUR_IED_GabBetMejia_Cienc_5a99c,PUR_IED_GabBetMejia_Cienc_5a99c,,,,,
2026-09-12T07:46:06-05:00,PUR_IED_GabBetMejia_Ext_9153d0,PUR_IED_GabBetMejia_Ext_9153d0,,,,,
2026-09-12T07:46:06-05:00,PUR_IED_GabBetMejia_Lab_f55347,PUR_IED_GabBetMejia_Lab_f55347,,,,,
2026-09-12T07:46:06-05:00,PUR_IED_GabBetanMejia_Ext_9153d0,PUR_IED_GabBetanMejia_Ext_9153d0,,,,,
2026-09-12T07:46:06-05:00,PUR_IED_Gaitana_Aula13_7aac11,PUR_IED_Gaitana_Aula13_7aac11,,,,,
2026-09-12T07:46:06-05:00,PUR_IED_Gaitana_Ext_5fcf4,PUR_IED_Gaitana_Ext_5fcf4,,,,,
2026-09-12T07:46:06-05:00,PUR_IED_Gaitana_LabFisica_644448,PUR_IED_Gaitana_LabFisica_644448,,,,,
2026-09-12T07:46:06-05:00,PUR_IED_GenSantander_Dise_8ac858,PUR_IED_GenSantander_Dise_8ac858,,,,,
2026-09-12T07:46:06-05:00,PUR_IED_GenSantander_Ext_8d5dfe,PUR_IED_GenSantander_Ext_8d5dfe,,,,,
2026-09-12T07:46:06-05:00,PUR_IED_GenSantander_Info_6c25b,PUR_IED_GenSantander_Info_6c25b,,,,,
2026-09-12T07:46:06-05:00,PUR_IED_GustavoMo_Exterio_75e63d,PUR_IED_GustavoMo_Exterio_75e63d,,,,,
2026-09-12T07:46:06-05:00,PUR_IED_GustavoMo_LabFisi_224d37,PUR_IED_GustavoMo_LabFisi_224d37,,,,,
2026-09-12T07:46:06-05:00,PUR_IED_GustavoMo_S208_3e6918,PUR_IED_GustavoMo_S208_3e6918,,,,,
2026-09-12T07:46:06-05:00,PUR_IED_GustavoR_A02_8cd4a8,PUR_IED_GustavoR_A02_8cd4a8,,,,,
2026-09-12T07:46:06-05:00,PUR_IED_GustavoR_B11_5b0ed,PUR_IED_GustavoR_B11_5b0ed,,,,,
2026-09-12T07:46:06-05:00,PUR_IED_GustavoR_Ext_7a0c90,PUR_IED_GustavoR_Ext_7a0c90,,,,,
2026-09-12T07:46:06-05:00,PUR_IED_HernandoDuran_Ext_8cd82b,PUR_IED_HernandoDuran_Ext_8cd82b,,,,,
2026-09-12T07:46:06-05:00,PUR_IED_HernandoDuran_S24_2772c6,PUR_IED_HernandoDuran_S24_2772c6,,,,,
2026-09-12T07:46:06-05:00,PUR_IED_HernandoDuran_S30_f2de41,PUR_IED_HernandoDuran_S30_f2de41,,,,,
2026-09-12T07:46:06-05:00,PUR_IED_HolguInUr_S1101_8cd732,PUR_IED_HolguInUr_S1101_8cd732,,,,,
2026-09-12T07:46:06-05:00,PUR_IED_HolguinUr_Exter_ddae6d,PUR_IED_HolguinUr_Exter_ddae6d,,,,,
2026-09-12T07:46:06-05:00,PUR_IED_HolguinUr_LabQuim_92b952,PUR_IED_HolguinUr_LabQuim_92b952,,,,,
2026-09-12T07:46:06-05:00,PUR_IED_Isabel-II_Ext_5245cc,PUR_IED_Isabel-II_Ext_5245cc,11,18,62,4.6336,-74.153
2026-09-12T07:46:06-05:00,PUR_IED_Isabel-II_S_idiom_1c29aa,PUR_IED_Isabel-II_S_idiom_1c29aa,,,,,
2026-09-12T07:46:06-05:00,PUR_IED_Isabel-II_S_infor_fd741,PUR_IED_Isabel-II_S_infor_fd741,,,,,
2026-09-12T07:46:06-05:00,PUR_IED_IsidroSur_Exterio_5b90ea,PUR_IED_IsidroSur_Exterio_5b90ea,,,,,
2026-09-12T07:46:06-05:00,PUR_IED_IsidroSur_LabTec_56697a,PUR_IED_IsidroSur_LabTec_56697a,,,,,
2026-09-12T07:46:06-05:00,PUR_IED_IsidroSur_Robotic_b7c38f,PUR_IED_IsidroSur_Robotic_b7c38f,,,,,
2026-09-12T07:46:06-05:00,PUR_IED_IsmaelPerd_Ext_7b6672,PUR_IED_IsmaelPerd_Ext_7b6672,,,,,
2026-09-12T07:46:06-05:00,PUR_IED_IsmaelPerd_Inform_306540,PUR_IED_IsmaelPerd_Inform_306540,,,,,
2026-09-12T07:46:06-05:00,PUR_IED_IsmaelPerd_S30_2e2c83,PUR_IED_IsmaelPerd_S30_2e2c83,,,,,
2026-09-12T07:46:06-05:00,PUR_IED_JLozano_Exter_432910,PUR_IED_JLozano_Exter_432910,,,,,
2026-09-12T07:46:06-05:00,PUR_IED_JLozano_salaMulti_df5125,PUR_IED_JLozano_salaMulti_df5125,,,,,
2026-09-12T07:46:06-05:00,PUR_IED_JMCordoba_206_86f80b,PUR_IED_JMCordoba_206_86f80b,,,,,
2026-09-12T07:46:06-05:00,PUR_IED_JMCordoba_Ext_27ad97,PUR_IED_JMCordoba_Ext_27ad97,,,,,
2026-09-12T07:46:06-05:00,PUR_IED_JMCordoba_S310_d59ab4,PUR_IED_JMCordoba_S310_d59ab4,,,,,
2026-09-12T07:46:06-05:00,PUR_IED_Japon_Ext_549100,PUR_IED_Japon_Ext_549100,,,,,
2026-09-12T07:46:06-05:00,PUR_IED_Japon_Laboratorio_bec51d,PUR_IED_Japon_Laboratorio_bec51d,,,,,
2026-09-12T07:46:06-05:00,PUR_IED_Japon_informatica_d99327,PUR_IED_Japon_informatica_d99327,,,,,
2026-09-12T07:46:06-05:00,PUR_IED_Jazmin_Ext_d27bda,PUR_IED_Jazmin_Ext_d27bda,,,,,
2026-09-12T07:46:06-05:00,PUR_IED_Jazmin_Fisica_8d14d7,PUR_IED_Jazmin_Fisica_8d14d7,,,,,
2026-09-12T07:46:06-05:00,PUR_IED_Jazmin_Quimica_801cb5,PUR_IED_Jazmin_Quimica_801cb5,,,,,
2026-09-12T07:46:06-05:00,PUR_IED_JorgeGaitan_Exter_f098d1,PUR_IED_JorgeGaitan_Exter_f098d1,,,,,
2026-09-12T07:46:06-05:00,PUR_IED_JorgeGaitan_STec1_dc9d1d,PUR_IED_JorgeGaitan_STec1_dc9d1d,,,,,
2026-09-12T07:46:06-05:00,PUR_IED_JorgeGaitan_STec2_281e69,PUR_IED_JorgeGaitan_STec2_281e69,,,,,
2026-09-12T07:46:06-05:00,PUR_IED_JorgeSoto_Exterio_d9d0a2,PUR_IED_JorgeSoto_Exterio_d9d0a2,,,,,
2026-09-12T07:46:06-05:00,PUR_IED_JorgeSoto_LabFisi_209c54,PUR_IED_JorgeSoto_LabFisi_209c54,,,,,
2026-09-12T07:46:06-05:00,PUR_IED_JorgeSoto_S103_27b51a,PUR_IED_JorgeSoto_S103_27b51a,,,,,
2026-09-12T07:46:06-05:00,PUR_IED_JoseAcevedo_A02_e965eb,PUR_IED_JoseAcevedo_A02_e965eb,,,,,
2026-09-12T07:46:06-05:00,PUR_IED_JoseAcevedo_A07_dd5b4,PUR_IED_JoseAcevedo_A07_dd5b4,,,,,
2026-09-12T07:46:06-05:00,PUR_IED_JoseAcevedo_Ext_b47484,PUR_IED_JoseAcevedo_Ext_b47484,,,,,
2026-09-12T07:46:06-05:00,PUR_IED_JoseMarti_Exte_5b9bf,PUR_IED_JoseMarti_Exte_5b9bf,,,,,
2026-09-12T07:46:06-05:00,PUR_IED_JoseMarti_LabQuim_1c6c2d,PUR_IED_JoseMarti_LabQuim_1c6c2d,,,,,
2026-09-12T07:46:06-05:00,PUR_IED_JoseMarti_S_info_f5f177,PUR_IED_JoseMarti_S_info_f5f177,,,,,
2026-09-12T07:46:06-05:00,PUR_IED_Josejoaquin_Ext_dfc5dc,PUR_IED_Josejoaquin_Ext_dfc5dc,,,,,
2026-09-12T07:46:06-05:00,PUR_IED_Josejoaquin_S05_5b2a96,PUR_IED_Josejoaquin_S05_5b2a96,,,,,
2026-09-12T07:46:06-05:00,PUR_IED_Josejoaquin_S06_1ce7d2,PUR_IED_Josejoaquin_S06_1ce7d2,,,,,
2026-09-12T07:46:06-05:00,PUR_IED_JulioFlorez_Danza_9b82dd,PUR_IED_JulioFlorez_Danza_9b82dd,,,,,
2026-09-12T07:46:06-05:00,PUR_IED_JulioFlorez_Exter_f9f314,PUR_IED_JulioFlorez_Exter_f9f314,,,,,
2026-09-12T07:46:06-05:00,PUR_IED_JulioFlorez_info2_6b6e08,PUR_IED_JulioFlorez_info2_6b6e08,,,,,
2026-09-12T07:46:06-05:00,PUR_IED_LaBelleza_Aula13_1d00d8,PUR_IED_LaBelleza_Aula13_1d00d8,,,,,
2026-09-12T07:46:06-05:00,PUR_IED_LaBelleza_Ext_7bc08c,PUR_IED_LaBelleza_Ext_7bc08c,,,,,
2026-09-12T07:46:06-05:00,PUR_IED_LaChucua_Ext_8cd6d2,PUR_IED_LaChucua_Ext_8cd6d2,,,,,
2026-09-12T07:46:06-05:00,PUR_IED_LaChucua_S15_f578ce,PUR_IED_LaChucua_S15_f578ce,,,,,
2026-09-12T07:46:06-05:00,PUR_IED_LaChucua_S16_eebcf9,PUR_IED_LaChucua_S16_eebcf9,,,,,
2026-09-12T07:46:06-05:00,PUR_IED_LaFelicidad_Ext_fb5109,PUR_IED_LaFelicidad_Ext_fb5109,,,,,
2026-09-12T07:46:06-05:00,PUR_IED_LaMerced_206_66ebd,PUR_IED_LaMerced_206_66ebd,,,,,
2026-09-12T07:46:06-05:00,PUR_IED_LaMerced_207_6ebd6,PUR_IED_LaMerced_207_6ebd6,,,,,
2026-09-12T07:46:06-05:00,PUR_IED_LaMerced_ext_304311,PUR_IED_LaMerced_ext_304311,,,,,
2026-09-12T07:46:06-05:00,PUR_IED_Laureano_CiencNat_281e5e,PUR_IED_Laureano_CiencNat_281e5e,,,,,
2026-09-12T07:46:06-05:00,PUR_IED_Laureano_Comedor_f65c0a,PUR_IED_Laureano_Comedor_f65c0a,,,,,
2026-09-12T07:46:06-05:00,PUR_IED_Laureano_Exterior_7ab011,PUR_IED_Laureano_Exterior_7ab011,,,,,
2026-09-12T07:46:06-05:00,PUR_IED_LeonGreiff_Exte_dfe560,PUR_IED_LeonGreiff_Exte_dfe560,,,,,
2026-09-12T07:46:06-05:00,PUR_IED_LeonGreiff_S210_f264ed,PUR_IED_LeonGreiff_S210_f264ed,,,,,
2026-09-12T07:46:06-05:00,PUR_IED_LeonGreiff_SQuimi_e8296f,PUR_IED_LeonGreiff_SQuimi_e8296f,,,,,
2026-09-12T07:46:06-05:00,PUR_IED_LlanoOrientalS208_7b9fcd,PUR_IED_LlanoOrientalS208_7b9fcd,,,,,
2026-09-12T07:46:06-05:00,PUR_IED_LlanoOriental_Ext_fb3766,PUR_IED_LlanoOriental_Ext_fb3766,,,,,
2026-09-12T07:46:06-05:00,PUR_IED_LlanoOriental_S208_7b9fcd,PUR_IED_LlanoOriental_S208_7b9fcd,,,,,
2026-09-12T07:46:06-05:00,PUR_IED_LlanoOriental_S9_27b378,PUR_IED_LlanoOriental_S9_27b378,,,,,
2026-09-12T07:46:06-05:00,PUR_IED_LosTejares_1101_477602,PUR_IED_LosTejares_1101_477602,,,,,
2026-09-12T07:46:06-05:00,PUR_IED_LosTejares_11_d2c595,PUR_IED_LosTejares_11_d2c595,,,,,
2026-09-12T07:46:06-05:00,PUR_IED_LosTejares_12_477602,PUR_IED_LosTejares_12_477602,,,,,
2026-09-12T07:46:06-05:00,PUR_IED_LosTejares_Ext_8e2115,PUR_IED_LosTejares_Ext_8e2115,,,,,
2026-09-12T07:46:06-05:00,PUR_IED_MagdalenaO_B202_5ddda3,PUR_IED_MagdalenaO_B202_5ddda3,,,,,
2026-09-12T07:46:06-05:00,PUR_IED_MagdalenaO_B205_fb76e8,PUR_IED_MagdalenaO_B205_fb76e8,,,,,
2026-09-12T07:46:06-05:00,PUR_IED_MagdalenaO_ext_dc69cd,PUR_IED_MagdalenaO_ext_dc69cd,,,,,
2026-09-12T07:46:06-05:00,PUR_IED_ManueCepeda_artes_eee956,PUR_IED_ManueCepeda_artes_eee956,,,,,
2026-09-12T07:46:06-05:00,PUR_IED_ManuelCepeda_Ext_58313,PUR_IED_ManuelCepeda_Ext_58313,,,,,
2026-09-12T07:46:06-05:00,PUR_IED_ManuelCepeda_tec_1c5731,PUR_IED_ManuelCepeda_tec_1c5731,,,,,
2026-09-12T07:46:06-05:00,PUR_IED_ManuelS_Exterior_5b269,PUR_IED_ManuelS_Exterior_5b269,,,,,
2026-09-12T07:46:06-05:00,PUR_IED_ManuelS_Inform_f369ce,PUR_IED_ManuelS_Inform_f369ce,,,,,
2026-09-12T07:46:06-05:00,PUR_IED_ManuelS_SArtes_7d15f1,PUR_IED_ManuelS_SArtes_7d15f1,,,,,
2026-09-12T07:46:06-05:00,PUR_IED_ManuelZapata_303_3ca6,PUR_IED_ManuelZapata_303_3ca6,,,,,
2026-09-12T07:46:06-05:00,PUR_IED_ManuelZapata_311_bfbabc,PUR_IED_ManuelZapata_311_bfbabc,,,,,
2026-09-12T07:46:06-05:00,PUR_IED_ManuelZapata_Ext_50824a,PUR_IED_ManuelZapata_Ext_50824a,,,,,
2026-09-12T07:46:06-05:00,PUR_IED_ManuelitaS_Exteri_656a92,PUR_IED_ManuelitaS_Exteri_656a92,,,,,
2026-09-12T07:46:06-05:00,PUR_IED_ManuelitaS_JuzgDe_f58ec3,PUR_IED_ManuelitaS_JuzgDe_f58ec3,,,,,
2026-09-12T07:46:06-05:00,PUR_IED_ManuelitaS_Recrea_d793db,PUR_IED_ManuelitaS_Recrea_d793db,,,,,
2026-09-12T07:46:06-05:00,PUR_IED_MarFidSuarez_Ext_c27b19,PUR_IED_MarFidSuarez_Ext_c27b19,,,,,
2026-09-12T07:46:06-05:00,PUR_IED_MarFidSuarez_Info_e384d7,PUR_IED_MarFidSuarez_Info_e384d7,,,,,
2026-09-12T07:46:06-05:00,PUR_IED_MarFidSuarez_S306_1d0032,PUR_IED_MarFidSuarez_S306_1d0032,,,,,
2026-09-12T07:46:06-05:00,PUR_IED_Menorah_301_2a25a3,PUR_IED_Menorah_301_2a25a3,,,,,
2026-09-12T07:46:06-05:00,PUR_IED_Menorah_306_37ed3,PUR_IED_Menorah_306_37ed3,,,,,
2026-09-12T07:46:06-05:00,PUR_IED_Menorah_Ext_3e155b,PUR_IED_Menorah_Ext_3e155b,,,,,
2026-09-12T07:46:06-05:00,PUR_IED_MinutoB.Aires_A11_1b1604,PUR_IED_MinutoB.Aires_A11_1b1604,,,,,
2026-09-12T07:46:06-05:00,PUR_IED_MinutoB.Aires_A12_fb5860,PUR_IED_MinutoB.Aires_A12_fb5860,,,,,
2026-09-12T07:46:06-05:00,PUR_IED_MinutoB.Aires_Ext_81293f,PUR_IED_MinutoB.Aires_Ext_81293f,,,,,
2026-09-12T07:46:06-05:00,PUR_IED_MinutoBAires_A11_1b1604,PUR_IED_MinutoBAires_A11_1b1604,,,,,
2026-09-12T07:46:06-05:00,PUR_IED_MinutoBAires_A12_fb5860,PUR_IED_MinutoBAires_A12_fb5860,,,,,
2026-09-12T07:46:06-05:00,PUR_IED_MinutoBAires_Ext_81293f,PUR_IED_MinutoBAires_Ext_81293f,,,,,
2026-09-12T07:46:06-05:00,PUR_IED_Montreal_Aula10_1e4959,PUR_IED_Montreal_Aula10_1e4959,,,,,
2026-09-12T07:46:06-05:00,PUR_IED_Montreal_Aula6_300367,PUR_IED_Montreal_Aula6_300367,,,,,
2026-09-12T07:46:06-05:00,PUR_IED_Montreal_Exterior_91a179,PUR_IED_Montreal_Exterior_91a179,,,,,
2026-09-12T07:46:06-05:00,PUR_IED_Mqgdalena_B202_5ddda3,PUR_IED_Mqgdalena_B202_5ddda3,,,,,
2026-09-12T07:46:06-05:00,PUR_IED_NACUND_Soc_dc8728,PUR_IED_NACUND_Soc_dc8728,,,,,
2026-09-12T07:46:06-05:00,PUR_IED_NACUND_ext_27ad97,PUR_IED_NACUND_ext_27ad97,,,,,
2026-09-12T07:46:06-05:00,PUR_IED_NEsperanza_Ext_d24b61,PUR_IED_NEsperanza_Ext_d24b61,,,,,
2026-09-12T07:46:06-05:00,PUR_IED_NEsperanza_SElect_7d1807,PUR_IED_NEsperanza_SElect_7d1807,,,,,
2026-09-12T07:46:06-05:00,PUR_IED_NEsperanza_SLabor_8b2d0a,PUR_IED_NEsperanza_SLabor_8b2d0a,,,,,
2026-09-12T07:46:06-05:00,PUR_IED_NacionesU_Ext_f661a9,PUR_IED_NacionesU_Ext_f661a9,,,,,
2026-09-12T07:46:06-05:00,PUR_IED_NacionesU_Quimica_66f0a,PUR_IED_NacionesU_Quimica_66f0a,,,,,
2026-09-12T07:46:06-05:00,PUR_IED_NacionesU_S306_1b4b3d,PUR_IED_NacionesU_S306_1b4b3d,,,,,
2026-09-12T07:46:06-05:00,PUR_IED_NestorFA_Ext_e4201c,PUR_IED_NestorFA_Ext_e4201c,,,,,
2026-09-12T07:46:06-05:00,PUR_IED_NestorFA_Laborato_f22fe0,PUR_IED_NestorFA_Laborato_f22fe0,,,,,
2026-09-12T07:46:06-05:00,PUR_IED_NestorFA_S204_dee996,PUR_IED_NestorFA_S204_dee996,,,,,
2026-09-12T07:46:06-05:00,PUR_IED_NidyaQT_Aula03_76999b,PUR_IED_NidyaQT_Aula03_76999b,,,,,
2026-09-12T07:46:06-05:00,PUR_IED_NidyaQT_Aula10_56325,PUR_IED_NidyaQT_Aula10_56325,,,,,
2026-09-12T07:46:06-05:00,PUR_IED_NidyaQT_Ext_46e32d,PUR_IED_NidyaQT_Ext_46e32d,,,,,
2026-09-12T07:46:06-05:00,PUR_IED_NuevaCol_Exterior_d9b859,PUR_IED_NuevaCol_Exterior_d9b859,,,,,
2026-09-12T07:46:06-05:00,PUR_IED_NuevaCol_S1101_76c43b,PUR_IED_NuevaCol_S1101_76c43b,,,,,
2026-09-12T07:46:06-05:00,PUR_IED_NuevaCol_S1102_1ce0b5,PUR_IED_NuevaCol_S1102_1ce0b5,,,,,
2026-09-12T07:46:06-05:00,PUR_IED_OEA_A202_f7e3f2,PUR_IED_OEA_A202_f7e3f2,,,,,
2026-09-12T07:46:06-05:00,PUR_IED_OEA_A203_7d1b8d,PUR_IED_OEA_A203_7d1b8d,,,,,
2026-09-12T07:46:06-05:00,PUR_IED_OEA_Ext_27b593,PUR_IED_OEA_Ext_27b593,,,,,
2026-09-12T07:46:06-05:00,PUR_IED_Ochoa_Ext_1c29da,PUR_IED_Ochoa_Ext_1c29da,4,15,97,4.503,-74.107201
2026-09-12T07:46:06-05:00,PUR_IED_Ochoa_S205_8b1121,PUR_IED_Ochoa_S205_8b1121,,,,,
2026-09-12T07:46:06-05:00,PUR_IED_Ochoa_Sistemas_f33af6,PUR_IED_Ochoa_Sistemas_f33af6,,,,,
2026-09-12T07:46:06-05:00,PUR_IED_PQuebec_Ext_1c67c7,PUR_IED_PQuebec_Ext_1c67c7,,,,,
2026-09-12T07:46:06-05:00,PUR_IED_PQuebec_S15_23e8e2,PUR_IED_PQuebec_S15_23e8e2,,,,,
2026-09-12T07:46:06-05:00,PUR_IED_PQuebec_S16_8ec76b,PUR_IED_PQuebec_S16_8ec76b,,,,,
2026-09-12T07:46:06-05:00,PUR_IED_PabloN_Ext_49dc96,PUR_IED_PabloN_Ext_49dc96,,,,,
2026-09-12T07:46:06-05:00,PUR_IED_PabloN_S1102_4e3df5,PUR_IED_PabloN_S1102_4e3df5,,,,,
2026-09-12T07:46:06-05:00,PUR_IED_PabloN_S1103_50c94b,PUR_IED_PabloN_S1103_50c94b,,,,,
2026-09-12T07:46:06-05:00,PUR_IED_Palestina_S1101_db9198,PUR_IED_Palestina_S1101_db9198,,,,,
2026-09-12T07:46:06-05:00,PUR_IED_Palestina_S1102_dc54fa,PUR_IED_Palestina_S1102_dc54fa,,,,,
2026-09-12T07:46:06-05:00,PUR_IED_Palestina_ext_4ccce6,PUR_IED_Palestina_ext_4ccce6,,,,,
2026-09-12T07:46:06-05:00,PUR_IED_Panama_Fisica_4d0794,PUR_IED_Panama_Fisica_4d0794,,,,,
2026-09-12T07:46:06-05:00,PUR_IED_Panama_SIngles_a4077e,PUR_IED_Panama_SIngles_a4077e,,,,,
2026-09-12T07:46:06-05:00,PUR_IED_Panama_ext_4c54b4,PUR_IED_Panama_ext_4c54b4,,,,,
2026-09-12T07:46:06-05:00,PUR_IED_ParaisoM_Exterior_8cd7f0,PUR_IED_ParaisoM_Exterior_8cd7f0,,,,,
2026-09-12T07:46:06-05:00,PUR_IED_ParaisoM_Laborato_27af35,PUR_IED_ParaisoM_Laborato_27af35,,,,,
2026-09-12T07:46:06-05:00,PUR_IED_ParaisoM_S304_d1edca,PUR_IED_ParaisoM_S304_d1edca,,,,,
2026-09-12T07:46:06-05:00,PUR_IED_PorfirioBarba_Ext_301466,PUR_IED_PorfirioBarba_Ext_301466,,,,,
2026-09-12T07:46:06-05:00,PUR_IED_PorfirioBarba_S11_df6cd2,PUR_IED_PorfirioBarba_S11_df6cd2,,,,,
2026-09-12T07:46:06-05:00,PUR_IED_PorfirioBarba_S29_27a7d6,PUR_IED_PorfirioBarba_S29_27a7d6,,,,,
2026-09-12T07:46:06-05:00,PUR_IED_PradoV_Exter_8b27ad,PUR_IED_PradoV_Exter_8b27ad,,,,,
2026-09-12T07:46:06-05:00,PUR_IED_PradoV_S301_de65b5,PUR_IED_PradoV_S301_de65b5,,,,,
2026-09-12T07:46:06-05:00,PUR_IED_PradoV_S302_7d2593,PUR_IED_PradoV_S302_7d2593,,,,,
2026-09-12T07:46:06-05:00,PUR_IED_QuirogaAlz_Ext_1ddc82,PUR_IED_QuirogaAlz_Ext_1ddc82,,,,,
2026-09-12T07:46:06-05:00,PUR_IED_QuirogaAlz_S302_9926a3,PUR_IED_QuirogaAlz_S302_9926a3,,,,,
2026-09-12T07:46:06-05:00,PUR_IED_QuirogaAlz_S305_cdf1f1,PUR_IED_QuirogaAlz_S305_cdf1f1,,,,,
2026-09-12T07:46:06-05:00,PUR_IED_RGuatemala_Biling_dc53b7,PUR_IED_RGuatemala_Biling_dc53b7,,,,,
2026-09-12T07:46:06-05:00,PUR_IED_RGuatemala_Ext_1b89a3,PUR_IED_RGuatemala_Ext_1b89a3,,,,,
2026-09-12T07:46:06-05:00,PUR_IED_RGuatemala_Tecnol_281a34,PUR_IED_RGuatemala_Tecnol_281a34,,,,,
2026-09-12T07:46:06-05:00,PUR_IED_RafaNu_Ext_f7c302,PUR_IED_RafaNu_Ext_f7c302,,,,,
2026-09-12T07:46:06-05:00,PUR_IED_RafaNu_S1101_25fde,PUR_IED_RafaNu_S1101_25fde,,,,,
2026-09-12T07:46:06-05:00,PUR_IED_RafaNu_S1102_281517,PUR_IED_RafaNu_S1102_281517,,,,,
2026-09-12T07:46:06-05:00,PUR_IED_RafaelB_S305_ee2783,PUR_IED_RafaelB_S305_ee2783,,,,,
2026-09-12T07:46:06-05:00,PUR_IED_RafaelB_S306_75fe33,PUR_IED_RafaelB_S306_75fe33,,,,,
2026-09-12T07:46:06-05:00,PUR_IED_RafaelB_ext_283336,PUR_IED_RafaelB_ext_283336,2,19,60,4.6722,-74.0737
2026-09-12T07:46:06-05:00,PUR_IED_RafaelUU_Exterior_281a51,PUR_IED_RafaelUU_Exterior_281a51,,,,,
2026-09-12T07:46:06-05:00,PUR_IED_RafaelUU_Human_806b2,PUR_IED_RafaelUU_Human_806b2,,,,,
2026-09-12T07:46:06-05:00,PUR_IED_RafaelUU_Mate2_5680d4,PUR_IED_RafaelUU_Mate2_5680d4,,,,,
2026-09-12T07:46:06-05:00,PUR_IED_RamonSub_Ext_f9eeb9,PUR_IED_RamonSub_Ext_f9eeb9,,,,,
2026-09-12T07:46:06-05:00,PUR_IED_RamonSub_Media_d1f62f,PUR_IED_RamonSub_Media_d1f62f,,,,,
2026-09-12T07:46:06-05:00,PUR_IED_RamonSub_planta_51b82,PUR_IED_RamonSub_planta_51b82,,,,,
2026-09-12T07:46:06-05:00,PUR_IED_RepBoliVene_Exter_27af7c,PUR_IED_RepBoliVene_Exter_27af7c,,,,,
2026-09-12T07:46:06-05:00,PUR_IED_RepBoliVene_SCPT_5ae2ee,PUR_IED_RepBoliVene_SCPT_5ae2ee,,,,,
2026-09-12T07:46:06-05:00,PUR_IED_RepBoliVene_Socia_4b11d5,PUR_IED_RepBoliVene_Socia_4b11d5,,,,,
2026-09-12T07:46:06-05:00,PUR_IED_RepChina_Ext_76d9ee,PUR_IED_RepChina_Ext_76d9ee,,,,,
2026-09-12T07:46:06-05:00,PUR_IED_RepChina_S404_7c804c,PUR_IED_RepChina_S404_7c804c,,,,,
2026-09-12T07:46:06-05:00,PUR_IED_RepChina_S405_df2c33,PUR_IED_RepChina_S405_df2c33,,,,,
2026-09-12T07:46:06-05:00,PUR_IED_RepublicaC_Exteri_7d1ec9,PUR_IED_RepublicaC_Exteri_7d1ec9,,,,,
2026-09-12T07:46:06-05:00,PUR_IED_RepublicaC_S1101_f544b3,PUR_IED_RepublicaC_S1101_f544b3,,,,,
2026-09-12T07:46:06-05:00,PUR_IED_RepublicaC_S1102_7aafc7,PUR_IED_RepublicaC_S1102_7aafc7,,,,,
2026-09-12T07:46:06-05:00,PUR_IED_Ricaurte_Externo_a0ea1,PUR_IED_Ricaurte_Externo_a0ea1,,,,,
2026-09-12T07:46:06-05:00,PUR_IED_Ricaurte_S210_f546fd,PUR_IED_Ricaurte_S210_f546fd,,,,,
2026-09-12T07:46:06-05:00,PUR_IED_Ricaurte_S309_d4452,PUR_IED_Ricaurte_S309_d4452,,,,,
2026-09-12T07:46:06-05:00,PUR_IED_RogelioS_1102_531e69,PUR_IED_RogelioS_1102_531e69,,,,,
2026-09-12T07:46:06-05:00,PUR_IED_RogelioS_Ext_f25a18,PUR_IED_RogelioS_Ext_f25a18,,,,,
2026-09-12T07:46:06-05:00,PUR_IED_SBernardino_Ext_27aff8,PUR_IED_SBernardino_Ext_27aff8,,,,,
2026-09-12T07:46:06-05:00,PUR_IED_SBernardino_SArte_2ffd33,PUR_IED_SBernardino_SArte_2ffd33,,,,,
2026-09-12T07:46:06-05:00,PUR_IED_SBernardino_SIngl_7c7da5,PUR_IED_SBernardino_SIngl_7c7da5,,,,,
2026-09-12T07:46:06-05:00,PUR_IED_Sago_auditorio_dc9d1d,PUR_IED_Sago_auditorio_dc9d1d,,,,,
2026-09-12T07:46:06-05:00,PUR_IED_Saludcoop_Ext_95aac3,PUR_IED_Saludcoop_Ext_95aac3,,,,,
2026-09-12T07:46:06-05:00,PUR_IED_Saludcoop_InfI_90c854,PUR_IED_Saludcoop_InfI_90c854,,,,,
2026-09-12T07:46:06-05:00,PUR_IED_Saludcoop_SMedia_1b93be,PUR_IED_Saludcoop_SMedia_1b93be,,,,,
2026-09-12T07:46:06-05:00,PUR_IED_SanCarlos_1101_1a2360,PUR_IED_SanCarlos_1101_1a2360,,,,,
2026-09-12T07:46:06-05:00,PUR_IED_SanCarlos_1103_7bafb5,PUR_IED_SanCarlos_1103_7bafb5,,,,,
2026-09-12T07:46:06-05:00,PUR_IED_SanCarlos_Ext_b7cd1,PUR_IED_SanCarlos_Ext_b7cd1,,,,,
2026-09-12T07:46:06-05:00,PUR_IED_SanIgnacioBosa11a_50c26e,PUR_IED_SanIgnacioBosa11a_50c26e,,,,,
2026-09-12T07:46:06-05:00,PUR_IED_SanIgnacioBosa11b_371de8,PUR_IED_SanIgnacioBosa11b_371de8,,,,,
2026-09-12T07:46:06-05:00,PUR_IED_SanIgnacioBosaExt_ef0ffc,PUR_IED_SanIgnacioBosaExt_ef0ffc,,,,,
2026-09-12T07:46:06-05:00,PUR_IED_SanIgnacioBosa_11a_50c26e,PUR_IED_SanIgnacioBosa_11a_50c26e,,,,,
2026-09-12T07:46:06-05:00,PUR_IED_SanIgnacioBosa_Ext_ef0ffc,PUR_IED_SanIgnacioBosa_Ext_ef0ffc,,,,,
2026-09-12T07:46:06-05:00,PUR_IED_SanJoseN_intS1101_31c47f,PUR_IED_SanJoseN_intS1101_31c47f,,,,,
2026-09-12T07:46:06-05:00,PUR_IED_SanJoseUsm_Exter_f5d7e8,PUR_IED_SanJoseUsm_Exter_f5d7e8,,,,,
2026-09-12T07:46:06-05:00,PUR_IED_SanJoseUsm_Int11A_cfdef6,PUR_IED_SanJoseUsm_Int11A_cfdef6,,,,,
2026-09-12T07:46:06-05:00,PUR_IED_SilveriaR_IntB5_905349,PUR_IED_SilveriaR_IntB5_905349,,,,,
2026-09-12T07:46:06-05:00,PUR_IED_SilveriaR_IntSD14_981f93,PUR_IED_SilveriaR_IntSD14_981f93,,,,,
2026-09-12T07:46:06-05:00,PUR_IED_SilveriaR_ext_2b651d,PUR_IED_SilveriaR_ext_2b651d,,,,,
2026-09-12T07:46:06-05:00,PUR_IED_SimonB_Exterior_913975,PUR_IED_SimonB_Exterior_913975,,,,,
2026-09-12T07:46:06-05:00,PUR_IED_SimonB_LabQuimi_c56908,PUR_IED_SimonB_LabQuimi_c56908,,,,,
2026-09-12T07:46:06-05:00,PUR_IED_SimonB_informatic_a28c1,PUR_IED_SimonB_informatic_a28c1,,,,,
2026-09-12T07:46:06-05:00,PUR_IED_Sorrento_1102_315f50,PUR_IED_Sorrento_1102_315f50,,,,,
2026-09-12T07:46:06-05:00,PUR_IED_Sorrento_Minte_214eab,PUR_IED_Sorrento_Minte_214eab,,,,,
2026-09-12T07:46:06-05:00,PUR_IED_Sorrento_ext_7c3a0a,PUR_IED_Sorrento_ext_7c3a0a,,,,,
2026-09-12T07:46:06-05:00,PUR_IED_Tabora_Ext_f048ae,PUR_IED_Tabora_Ext_f048ae,,,,,
2026-09-12T07:46:06-05:00,PUR_IED_Tabora_S1102_b07752,PUR_IED_Tabora_S1102_b07752,,,,,
2026-09-12T07:46:06-05:00,PUR_IED_Tabora_S1103_d988f5,PUR_IED_Tabora_S1103_d988f5,,,,,
2026-09-12T07:46:06-05:00,PUR_IED_Tenerife_Ext_1ab188,PUR_IED_Tenerife_Ext_1ab188,,,,,
2026-09-12T07:46:06-05:00,PUR_IED_Tenerife_SDanzas_7bc02e,PUR_IED_Tenerife_SDanzas_7bc02e,,,,,
2026-09-12T07:46:06-05:00,PUR_IED_Tenerife_SIngles_7cc277,PUR_IED_Tenerife_SIngles_7cc277,,,,,
2026-09-12T07:46:06-05:00,PUR_IED_Tibabuyes_Exter_f2683d,PUR_IED_Tibabuyes_Exter_f2683d,,,,,
2026-09-12T07:46:06-05:00,PUR_IED_Tibabuyes_S10_dc87a8,PUR_IED_Tibabuyes_S10_dc87a8,,,,,
2026-09-12T07:46:06-05:00,PUR_IED_Tibabuyes_S15_dc0526,PUR_IED_Tibabuyes_S15_dc0526,,,,,
2026-09-12T07:46:06-05:00,PUR_IED_UnionE_S301_a1043,PUR_IED_UnionE_S301_a1043,,,,,
2026-09-12T07:46:06-05:00,PUR_IED_UnionE_S307_ff6c2f,PUR_IED_UnionE_S307_ff6c2f,,,,,
2026-09-12T07:46:06-05:00,PUR_IED_UnionE__Ext_5e2468,PUR_IED_UnionE__Ext_5e2468,,,,,
2026-09-12T07:46:06-05:00,PUR_IED_VillaRica_Ext_75be7c,PUR_IED_VillaRica_Ext_75be7c,,,,,
2026-09-12T07:46:06-05:00,PUR_IED_VillaRica_S4_cc5dcd,PUR_IED_VillaRica_S4_cc5dcd,,,,,
2026-09-12T07:46:06-05:00,PUR_IED_VillaRica_Sesp_99f5c,PUR_IED_VillaRica_Sesp_99f5c,,,,,
2026-09-12T07:51:10-05:00,PUR_IED_20deJulio_1101_91b1b9,PUR_IED_20deJulio_1101_91b1b9,,,,,
2026-09-12T07:51:10-05:00,PUR_IED_20deJulio_1102_1cfcf9,PUR_IED_20deJulio_1102_1cfcf9,,,,,
2026-09-12T07:51:10-05:00,PUR_IED_20deJulio_Ext_ab60bd,PUR_IED_20deJulio_Ext_ab60bd,,,,,
2026-09-12T07:51:10-05:00,PUR_IED_AgustinFer_Ext_7b9b77,PUR_IED_AgustinFer_Ext_7b9b77,,,,,
2026-09-12T07:51:10-05:00,PUR_IED_AgustinFer_Info2_27b3a7,PUR_IED_AgustinFer_Info2_27b3a7,,,,,
2026-09-12T07:51:10-05:00,PUR_IED_AgustinFer_Sena_54b4eb,PUR_IED_AgustinFer_Sena_54b4eb,,,,,
2026-09-12T07:51:10-05:00,PUR_IED_AlexanderF_1102_caf07b,PUR_IED_AlexanderF_1102_caf07b,,,,,
2026-09-12T07:51:10-05:00,PUR_IED_AlexanderF_1103_c79e71,PUR_IED_AlexanderF_1103_c79e71,,,,,
2026-09-12T07:51:10-05:00,PUR_IED_AlexanderF_Ext_c5b18b,PUR_IED_AlexanderF_Ext_c5b18b,,,,,
2026-09-12T07:51:10-05:00,PUR_IED_AlfonsoLopez_Ext_281d77,PUR_IED_AlfonsoLopez_Ext_281d77,,,,,
2026-09-12T07:51:10-05:00,PUR_IED_AlfonsoLopez_LabF_888ce0,PUR_IED_AlfonsoLopez_LabF_888ce0,,,,,
2026-09-12T07:51:10-05:00,PUR_IED_AlfonsoLopez_SMed_df6a7f,PUR_IED_AlfonsoLopez_SMed_df6a7f,,,,,
2026-09-12T07:51:10-05:00,PUR_IED_AltamiraSO_A2_209f92,PUR_IED_AltamiraSO_A2_209f92,,,,,
2026-09-12T07:51:10-05:00,PUR_IED_AltamiraSO_Ext_186d66,PUR_IED_AltamiraSO_Ext_186d66,,,,,
2026-09-12T07:51:10-05:00,PUR_IED_AltamiraSO_Sistem_27afe1,PUR_IED_AltamiraSO_Sistem_27afe1,,,,,
2026-09-12T07:51:10-05:00,PUR_IED_AlvaroGom_LabQuim_813179,PUR_IED_AlvaroGom_LabQuim_813179,,,,,
2026-09-12T07:51:10-05:00,PUR_IED_AlvaroGomez_Ext_47c7ca,PUR_IED_AlvaroGomez_Ext_47c7ca,,,,,
2026-09-12T07:51:10-05:00,PUR_IED_AlvaroGomez_LabQuim_813179,PUR_IED_AlvaroGomez_LabQuim_813179,,,,,
2026-09-12T07:51:10-05:00,PUR_IED_AlvaroGomez_S23_7ba89f,PUR_IED_AlvaroGomez_S23_7ba89f,,,,,
2026-09-12T07:51:10-05:00,PUR_IED_Amistad_306_dc8728,PUR_IED_Amistad_306_dc8728,,,,,
2026-09-12T07:51:10-05:00,PUR_IED_Amistad_Ext_8cd55e,PUR_IED_Amistad_Ext_8cd55e,,,,,
2026-09-12T07:51:10-05:00,PUR_IED_Amistad_S202_a41169,PUR_IED_Amistad_S202_a41169,,,,,
2026-09-12T07:51:10-05:00,PUR_IED_AndresBello_Bio_fd5f5e,PUR_IED_AndresBello_Bio_fd5f5e,,,,,
2026-09-12T07:51:10-05:00,PUR_IED_AndresBello_ext_dcad65,PUR_IED_AndresBello_ext_dcad65,,,,,
2026-09-12T07:51:10-05:00,PUR_IED_AndresBello_port_eed3ec,PUR_IED_AndresBello_port_eed3ec,,,,,
2026-09-12T07:51:10-05:00,PUR_IED_AngelaR_11b_d90a6b,PUR_IED_AngelaR_11b_d90a6b,,,,,
2026-09-12T07:51:10-05:00,PUR_IED_AngelaR_ext_7cad3e,PUR_IED_AngelaR_ext_7cad3e,3,18,67,4.5825,-74.164497
2026-09-12T07:51:10-05:00,PUR_IED_AntJoseSucre_10mo_df2575,PUR_IED_AntJoseSucre_10mo_df2575,,,,,
2026-09-12T07:51:10-05:00,PUR_IED_AntJoseSucre_Ext_215b36,PUR_IED_AntJoseSucre_Ext_215b36,,,,,
2026-09-12T07:51:10-05:00,PUR_IED_AntJoseSucre_Lab_3139de,PUR_IED_AntJoseSucre_Lab_3139de,,,,,
2026-09-12T07:51:10-05:00,PUR_IED_AntonioGarcia_301_d6b188,PUR_IED_AntonioGarcia_301_d6b188,,,,,
2026-09-12T07:51:10-05:00,PUR_IED_AntonioGarcia_302_88a82,PUR_IED_AntonioGarcia_302_88a82,,,,,
2026-09-12T07:51:10-05:00,PUR_IED_AntonioGarcia_Ext_20950c,PUR_IED_AntonioGarcia_Ext_20950c,,,,,
2026-09-12T07:51:10-05:00,PUR_IED_AntonioVan_Aula2_6dea02,PUR_IED_AntonioVan_Aula2_6dea02,,,,,
2026-09-12T07:51:10-05:00,PUR_IED_AntonioVan_Aula5_f1557e,PUR_IED_AntonioVan_Aula5_f1557e,,,,,
2026-09-12T07:51:10-05:00,PUR_IED_AntonioVan_Ext_406f2f,PUR_IED_AntonioVan_Ext_406f2f,,,,,
2026-09-12T07:51:10-05:00,PUR_IED_Atabanzha_Ext_cc5af9,PUR_IED_Atabanzha_Ext_cc5af9,,,,,
2026-09-12T07:51:10-05:00,PUR_IED_Atabanzha_SA101_56c37,PUR_IED_Atabanzha_SA101_56c37,,,,,
2026-09-12T07:51:10-05:00,PUR_IED_Atabanzha_SB302_27b374,PUR_IED_Atabanzha_SB302_27b374,,,,,
2026-09-12T07:51:10-05:00,PUR_IED_Atahualpa_Ext_fc1748,PUR_IED_Atahualpa_Ext_fc1748,,,,,
2026-09-12T07:51:10-05:00,PUR_IED_Atahualpa_Informa_dc9a95,PUR_IED_Atahualpa_Informa_dc9a95,,,,,
2026-09-12T07:51:10-05:00,PUR_IED_Atahualpa_S1101_f98056,PUR_IED_Atahualpa_S1101_f98056,,,,,
2026-09-12T07:51:10-05:00,PUR_IED_Bellavista_Ext_f5aa74,PUR_IED_Bellavista_Ext_f5aa74,,,,,
2026-09-12T07:51:10-05:00,PUR_IED_Bilbao_11A_916c41,PUR_IED_Bilbao_11A_916c41,,,,,
2026-09-12T07:51:10-05:00,PUR_IED_Bilbao_Ext_fb579a,PUR_IED_Bilbao_Ext_fb579a,,,,,
2026-09-12T07:51:10-05:00,PUR_IED_BrasiliaU_A125_304280,PUR_IED_BrasiliaU_A125_304280,,,,,
2026-09-12T07:51:10-05:00,PUR_IED_BrasiliaU_A203_7c8ca5,PUR_IED_BrasiliaU_A203_7c8ca5,,,,,
2026-09-12T07:51:10-05:00,PUR_IED_BrasiliaU_Ext_8d6e9f,PUR_IED_BrasiliaU_Ext_8d6e9f,4,17,67,4.5175,-74.116302
2026-09-12T07:51:10-05:00,PUR_IED_Brasilia_Ext_fe6593,PUR_IED_Brasilia_Ext_fe6593,,,,,
2026-09-12T07:51:10-05:00,PUR_IED_Brasilia_S24_7c130d,PUR_IED_Brasilia_S24_7c130d,,,,,
2026-09-12T07:51:10-05:00,PUR_IED_Brasilia_S501_186a54,PUR_IED_Brasilia_S501_186a54,,,,,
2026-09-12T07:51:10-05:00,PUR_IED_CHARRY_EXT_f1d5cd,PUR_IED_CHARRY_EXT_f1d5cd,,,,,
2026-09-12T07:51:10-05:00,PUR_IED_CHARRY_INTDANZAS_7a08e6,PUR_IED_CHARRY_INTDANZAS_7a08e6,,,,,
2026-09-12T07:51:10-05:00,PUR_IED_CHARRY_INT_AULA20_dc998d,PUR_IED_CHARRY_INT_AULA20_dc998d,,,,,
2026-09-12T07:51:10-05:00,PUR_IED_COLVIV_1101_S25_7f520a,PUR_IED_COLVIV_1101_S25_7f520a,,,,,
2026-09-12T07:51:10-05:00,PUR_IED_COLVIV_1102_S16_f570ba,PUR_IED_COLVIV_1102_S16_f570ba,,,,,
2026-09-12T07:51:10-05:00,PUR_IED_COLVIV_Ext_1a26fa,PUR_IED_COLVIV_Ext_1a26fa,,,,,
2026-09-12T07:51:10-05:00,PUR_IED_CULPOP_301A_f660f3,PUR_IED_CULPOP_301A_f660f3,,,,,
2026-09-12T07:51:10-05:00,PUR_IED_CULPOP_303_568afe,PUR_IED_CULPOP_303_568afe,,,,,
2026-09-12T07:51:10-05:00,PUR_IED_CULPOP_Ext_e02ccb,PUR_IED_CULPOP_Ext_e02ccb,,,,,
2026-09-12T07:51:10-05:00,PUR_IED_CVillavicen_Ext_26eb58,PUR_IED_CVillavicen_Ext_26eb58,4,14,82,4.487,-74.102798
2026-09-12T07:51:10-05:00,PUR_IED_CVillavicen_Intel_1ce5c2,PUR_IED_CVillavicen_Intel_1ce5c2,,,,,
2026-09-12T07:51:10-05:00,PUR_IED_CVillavicen_Poliv_e0766c,PUR_IED_CVillavicen_Poliv_e0766c,,,,,
2026-09-12T07:51:10-05:00,PUR_IED_CVillavicen_int_1ba140,PUR_IED_CVillavicen_int_1ba140,,,,,
2026-09-12T07:51:10-05:00,PUR_IED_CVillavicen_intel_1ba140,PUR_IED_CVillavicen_intel_1ba140,,,,,
2026-09-12T07:51:10-05:00,PUR_IED_CarlosPizarro_Ext_e307cc,PUR_IED_CarlosPizarro_Ext_e307cc,,,,,
2026-09-12T07:51:10-05:00,PUR_IED_CarlosPizarro_L36_7e5cdb,PUR_IED_CarlosPizarro_L36_7e5cdb,,,,,
2026-09-12T07:51:10-05:00,PUR_IED_CarlosPizarro_L37_c8566c,PUR_IED_CarlosPizarro_L37_c8566c,,,,,
2026-09-12T07:51:10-05:00,PUR_IED_Castilla_Ext_cf35f,PUR_IED_Castilla_Ext_cf35f,,,,,
2026-09-12T07:51:10-05:00,PUR_IED_Castilla_SFisik_360e38,PUR_IED_Castilla_SFisik_360e38,,,,,
2026-09-12T07:51:10-05:00,PUR_IED_Castilla_Sc304_496fbf,PUR_IED_Castilla_Sc304_496fbf,,,,,
2026-09-12T07:51:10-05:00,PUR_IED_CervantesSa_Ext_6b57b,PUR_IED_CervantesSa_Ext_6b57b,3,17,73,4.5128,-74.117203
2026-09-12T07:51:10-05:00,PUR_IED_CervantesSa_S107_225c2b,PUR_IED_CervantesSa_S107_225c2b,,,,,
2026-09-12T07:51:10-05:00,PUR_IED_CervantesSa_S108_940925,PUR_IED_CervantesSa_S108_940925,,,,,
2026-09-12T07:51:10-05:00,PUR_IED_Charry_A20_f53e7c,PUR_IED_Charry_A20_f53e7c,,,,,
2026-09-12T07:51:10-05:00,PUR_IED_Charry_Ext_f1d5cd,PUR_IED_Charry_Ext_f1d5cd,,,,,
2026-09-12T07:51:10-05:00,PUR_IED_Charry_IntAula20_dc998d,PUR_IED_Charry_IntAula20_dc998d,,,,,
2026-09-12T07:51:10-05:00,PUR_IED_Charry_IntDanzas_7a08e6,PUR_IED_Charry_IntDanzas_7a08e6,,,,,
2026-09-12T07:51:10-05:00,PUR_IED_ClememciaC_203_43e2fc,PUR_IED_ClememciaC_203_43e2fc,,,,,
2026-09-12T07:51:10-05:00,PUR_IED_ClememciaC_Ext_1b411a,PUR_IED_ClememciaC_Ext_1b411a,,,,,
2026-09-12T07:51:10-05:00,PUR_IED_ClememciaC_Quimic_44b5fc,PUR_IED_ClememciaC_Quimic_44b5fc,,,,,
2026-09-12T07:51:10-05:00,PUR_IED_ClemenciaC_203_43e2fc,PUR_IED_ClemenciaC_203_43e2fc,,,,,
2026-09-12T07:51:10-05:00,PUR_IED_ClemenciaC_Ext_1b411a,PUR_IED_ClemenciaC_Ext_1b411a,,,,,
2026-09-12T07:51:10-05:00,PUR_IED_ClemenciaC_Quimic_44b5fc,PUR_IED_ClemenciaC_Quimic_44b5fc,,,,,
2026-09-12T07:51:10-05:00,PUR_IED_ColViva_1101_S25_7f520a,PUR_IED_ColViva_1101_S25_7f520a,,,,,
2026-09-12T07:51:10-05:00,PUR_IED_ColViva_1102_S16_f570ba,PUR_IED_ColViva_1102_S16_f570ba,,,,,
2026-09-12T07:51:10-05:00,PUR_IED_ColViva_Ext_1a26fa,PUR_IED_ColViva_Ext_1a26fa,,,,,
2026-09-12T07:51:10-05:00,PUR_IED_ColegioBici_Asist_7c8798,PUR_IED_ColegioBici_Asist_7c8798,,,,,
2026-09-12T07:51:10-05:00,PUR_IED_ColegioBici_Ext_25cbf6,PUR_IED_ColegioBici_Ext_25cbf6,,,,,
2026-09-12T07:51:10-05:00,PUR_IED_ColegioBici_LabQ_7b57db,PUR_IED_ColegioBici_LabQ_7b57db,,,,,
2026-09-12T07:51:10-05:00,PUR_IED_CostaRica_Ext_5e640,PUR_IED_CostaRica_Ext_5e640,,,,,
2026-09-12T07:51:10-05:00,PUR_IED_CostaRica_Quim1_766d1c,PUR_IED_CostaRica_Quim1_766d1c,,,,,
2026-09-12T07:51:10-05:00,PUR_IED_CostaRica__Fisica_6f0873,PUR_IED_CostaRica__Fisica_6f0873,,,,,
2026-09-12T07:51:10-05:00,PUR_IED_CulPopu_301A_f660f3,PUR_IED_CulPopu_301A_f660f3,,,,,
2026-09-12T07:51:10-05:00,PUR_IED_CulPopu_303_568afe,PUR_IED_CulPopu_303_568afe,,,,,
2026-09-12T07:51:10-05:00,PUR_IED_CulPopu_Ext_e02ccb,PUR_IED_CulPopu_Ext_e02ccb,,,,,
2026-09-12T07:51:10-05:00,PUR_IED_Cundinamarca_Ext_f15985,PUR_IED_Cundinamarca_Ext_f15985,,,,,
2026-09-12T07:51:10-05:00,PUR_IED_Cundinamarca_Info_7aa5d7,PUR_IED_Cundinamarca_Info_7aa5d7,,,,,
2026-09-12T07:51:10-05:00,PUR_IED_Cundinamarca_Tec2_f449c7,PUR_IED_Cundinamarca_Tec2_f449c7,,,,,
2026-09-12T07:51:10-05:00,PUR_IED_DiegoM_Aula1_27b314,PUR_IED_DiegoM_Aula1_27b314,,,,,
2026-09-12T07:51:10-05:00,PUR_IED_DiegoM_Ext_d80ac8,PUR_IED_DiegoM_Ext_d80ac8,,,,,
2026-09-12T07:51:10-05:00,PUR_IED_DiegoM_S25_da928f,PUR_IED_DiegoM_S25_da928f,,,,,
2026-09-12T07:51:10-05:00,PUR_IED_ELRODEO_360881,PUR_IED_ELRODEO_360881,,,,,
2026-09-12T07:51:10-05:00,PUR_IED_ELRODEO_ext_360881,PUR_IED_ELRODEO_ext_360881,,,,,
2026-09-12T07:51:10-05:00,PUR_IED_EduardoU_Ext_1c1969,PUR_IED_EduardoU_Ext_1c1969,,,,,
2026-09-12T07:51:10-05:00,PUR_IED_EduardoU_SCiencia_4dfb94,PUR_IED_EduardoU_SCiencia_4dfb94,,,,,
2026-09-12T07:51:10-05:00,PUR_IED_EduardoU_SQuimica_5a46e7,PUR_IED_EduardoU_SQuimica_5a46e7,,,,,
2026-09-12T07:51:10-05:00,PUR_IED_ElRodeo_Aula14_676984,PUR_IED_ElRodeo_Aula14_676984,,,,,
2026-09-12T07:51:10-05:00,PUR_IED_ElRodeo_Aula16_2dd35b,PUR_IED_ElRodeo_Aula16_2dd35b,,,,,
2026-09-12T07:51:10-05:00,PUR_IED_ElRodeo_Ext_360881,PUR_IED_ElRodeo_Ext_360881,,,,,
2026-09-12T07:51:10-05:00,PUR_IED_ElRodeo_Exterior_8c6d28,PUR_IED_ElRodeo_Exterior_8c6d28,,,,,
2026-09-12T07:51:10-05:00,PUR_IED_ElRodeo_ext_360881,PUR_IED_ElRodeo_ext_360881,,,,,
2026-09-12T07:51:10-05:00,PUR_IED_EmmaReyes_Ext_987625,PUR_IED_EmmaReyes_Ext_987625,5,21,53,4.6367,-74.1511
2026-09-12T07:51:10-05:00,PUR_IED_Ensueño_Ext_7f0250,PUR_IED_Ensueño_Ext_7f0250,,,,,
2026-09-12T07:51:10-05:00,PUR_IED_EscNormal_Ext_5fef3b,PUR_IED_EscNormal_Ext_5fef3b,2,18,62,4.5852,-74.096901
2026-09-12T07:51:10-05:00,PUR_IED_EscNormal_S309_5b263,PUR_IED_EscNormal_S309_5b263,,,,,
2026-09-12T07:51:10-05:00,PUR_IED_EscNormal_S310_27b3b8,PUR_IED_EscNormal_S310_27b3b8,,,,,
2026-09-12T07:51:10-05:00,PUR_IED_Evangelista_Conta_f6cd4f,PUR_IED_Evangelista_Conta_f6cd4f,,,,,
2026-09-12T07:51:10-05:00,PUR_IED_Evangelista_Cri_5e16a,PUR_IED_Evangelista_Cri_5e16a,,,,,
2026-09-12T07:51:10-05:00,PUR_IED_Evangelista_Exter_754066,PUR_IED_Evangelista_Exter_754066,,,,,
2026-09-12T07:51:10-05:00,PUR_IED_FMiranda_S209_5cc2a3,PUR_IED_FMiranda_S209_5cc2a3,,,,,
2026-09-12T07:51:10-05:00,PUR_IED_FMiranda_S303_19e344,PUR_IED_FMiranda_S303_19e344,,,,,
2026-09-12T07:51:10-05:00,PUR_IED_FMiranda_ext_f53e7c,PUR_IED_FMiranda_ext_f53e7c,,,,,
2026-09-12T07:51:10-05:00,PUR_IED_FabioLozano_Bibli_1cee05,PUR_IED_FabioLozano_Bibli_1cee05,,,,,
2026-09-12T07:51:10-05:00,PUR_IED_FabioLozano_Ext_6ea285,PUR_IED_FabioLozano_Ext_6ea285,,,,,
2026-09-12T07:51:10-05:00,PUR_IED_FabioLozano_SLudi_f09e1e,PUR_IED_FabioLozano_SLudi_f09e1e,,,,,
2026-09-12T07:51:10-05:00,PUR_IED_FaustinoS_Aula07_27a731,PUR_IED_FaustinoS_Aula07_27a731,,,,,
2026-09-12T07:51:10-05:00,PUR_IED_FaustinoS_Ext_7b936f,PUR_IED_FaustinoS_Ext_7b936f,,,,,
2026-09-12T07:51:10-05:00,PUR_IED_FaustinoS_Fisica_da2c60,PUR_IED_FaustinoS_Fisica_da2c60,,,,,
2026-09-12T07:51:10-05:00,PUR_IED_FeGarciaLo_Ext_dc68ee,PUR_IED_FeGarciaLo_Ext_dc68ee,,,,,
2026-09-12T07:51:10-05:00,PUR_IED_FeGarciaLo_SDanza_f70a59,PUR_IED_FeGarciaLo_SDanza_f70a59,,,,,
2026-09-12T07:51:10-05:00,PUR_IED_FeGarciaLo_SMusic_125cdd,PUR_IED_FeGarciaLo_SMusic_125cdd,,,,,
2026-09-12T07:51:10-05:00,PUR_IED_FederalAlema_Exte_50c345,PUR_IED_FederalAlema_Exte_50c345,,,,,
2026-09-12T07:51:10-05:00,PUR_IED_FederalAlema_S31_f18371,PUR_IED_FederalAlema_S31_f18371,,,,,
2026-09-12T07:51:10-05:00,PUR_IED_FederalAlema_S901_a62cd,PUR_IED_FederalAlema_S901_a62cd,,,,,
2026-09-12T07:51:10-05:00,PUR_IED_FilarmonicaS_A5_f35eb1,PUR_IED_FilarmonicaS_A5_f35eb1,,,,,
2026-09-12T07:51:10-05:00,PUR_IED_FilarmonicaS_Ext_8a3bde,PUR_IED_FilarmonicaS_Ext_8a3bde,,,,,
2026-09-12T07:51:10-05:00,PUR_IED_FilarmonicaS_Spol_406114,PUR_IED_FilarmonicaS_Spol_406114,,,,,
2026-09-12T07:51:10-05:00,PUR_IED_FlorentinoG_A13_d1fa59,PUR_IED_FlorentinoG_A13_d1fa59,,,,,
2026-09-12T07:51:10-05:00,PUR_IED_FlorentinoG_Ext_1ce6ce,PUR_IED_FlorentinoG_Ext_1ce6ce,,,,,
2026-09-12T07:51:10-05:00,PUR_IED_FlorentinoG_Idiom_a66aac,PUR_IED_FlorentinoG_Idiom_a66aac,,,,,
2026-09-12T07:51:10-05:00,PUR_IED_FranciscoMati_Ext_e3869d,PUR_IED_FranciscoMati_Ext_e3869d,,,,,
2026-09-12T07:51:10-05:00,PUR_IED_FranciscoMati_S13_f31c67,PUR_IED_FranciscoMati_S13_f31c67,,,,,
2026-09-12T07:51:10-05:00,PUR_IED_FranciscoMati_S14_97dead,PUR_IED_FranciscoMati_S14_97dead,,,,,
2026-09-12T07:51:10-05:00,PUR_IED_FranciscoPS_Ext_7bfa9a,PUR_IED_FranciscoPS_Ext_7bfa9a,2,19,61,4.5899,-74.110397
2026-09-12T07:51:10-05:00,PUR_IED_FranciscoPS_Infor_fb8f4c,PUR_IED_FranciscoPS_Infor_fb8f4c,,,,,
2026-09-12T07:51:10-05:00,PUR_IED_FranciscoPS_Quimi_94d39c,PUR_IED_FranciscoPS_Quimi_94d39c,,,,,
2026-09-12T07:51:10-05:00,PUR_IED_FranciscoP_LabQ_d7e148,PUR_IED_FranciscoP_LabQ_d7e148,,,,,
2026-09-12T07:51:10-05:00,PUR_IED_FranciscoP_S28_cf9b30,PUR_IED_FranciscoP_S28_cf9b30,,,,,
2026-09-12T07:51:10-05:00,PUR_IED_FranciscoP_ext_e2313,PUR_IED_FranciscoP_ext_e2313,,,,,
2026-09-12T07:51:10-05:00,PUR_IED_FriederichN_Ext_8ac92a,PUR_IED_FriederichN_Ext_8ac92a,,,,,
2026-09-12T07:51:10-05:00,PUR_IED_FriederichN_S301_dd7e5a,PUR_IED_FriederichN_S301_dd7e5a,,,,,
2026-09-12T07:51:10-05:00,PUR_IED_FriederichN_S308_761f4f,PUR_IED_FriederichN_S308_761f4f,,,,,
2026-09-12T07:51:10-05:00,PUR_IED_GSantander_Aula10_533dd7,PUR_IED_GSantander_Aula10_533dd7,,,,,
2026-09-12T07:51:10-05:00,PUR_IED_GSantander_Aula12_fd4e4f,PUR_IED_GSantander_Aula12_fd4e4f,,,,,
2026-09-12T07:51:10-05:00,PUR_IED_GSantander_Aula310_533dd7,PUR_IED_GSantander_Aula310_533dd7,,,,,
2026-09-12T07:51:10-05:00,PUR_IED_GSantander_Aula312_fd4e4f,PUR_IED_GSantander_Aula312_fd4e4f,,,,,
2026-09-12T07:51:10-05:00,PUR_IED_GSantander_Ext_5f66b0,PUR_IED_GSantander_Ext_5f66b0,,,,,
2026-09-12T07:51:10-05:00,PUR_IED_GYomasa_Ext_f6bea5,PUR_IED_GYomasa_Ext_f6bea5,,,,,
2026-09-12T07:51:10-05:00,PUR_IED_GYomasa_LBiol_2c41aa,PUR_IED_GYomasa_LBiol_2c41aa,,,,,
2026-09-12T07:51:10-05:00,PUR_IED_GYomasa_LQuim_33c80,PUR_IED_GYomasa_LQuim_33c80,,,,,
2026-09-12T07:51:10-05:00,PUR_IED_GabBetMejia_Cienc_5a99c,PUR_IED_GabBetMejia_Cienc_5a99c,,,,,
2026-09-12T07:51:10-05:00,PUR_IED_GabBetMejia_Ext_9153d0,PUR_IED_GabBetMejia_Ext_9153d0,,,,,
2026-09-12T07:51:10-05:00,PUR_IED_GabBetMejia_Lab_f55347,PUR_IED_GabBetMejia_Lab_f55347,,,,,
2026-09-12T07:51:10-05:00,PUR_IED_GabBetanMejia_Ext_9153d0,PUR_IED_GabBetanMejia_Ext_9153d0,,,,,
2026-09-12T07:51:10-05:00,PUR_IED_Gaitana_Aula13_7aac11,PUR_IED_Gaitana_Aula13_7aac11,,,,,
2026-09-12T07:51:10-05:00,PUR_IED_Gaitana_Ext_5fcf4,PUR_IED_Gaitana_Ext_5fcf4,,,,,
2026-09-12T07:51:10-05:00,PUR_IED_Gaitana_LabFisica_644448,PUR_IED_Gaitana_LabFisica_644448,,,,,
2026-09-12T07:51:10-05:00,PUR_IED_GenSantander_Dise_8ac858,PUR_IED_GenSantander_Dise_8ac858,,,,,
2026-09-12T07:51:10-05:00,PUR_IED_GenSantander_Ext_8d5dfe,PUR_IED_GenSantander_Ext_8d5dfe,,,,,
2026-09-12T07:51:10-05:00,PUR_IED_GenSantander_Info_6c25b,PUR_IED_GenSantander_Info_6c25b,,,,,
2026-09-12T07:51:10-05:00,PUR_IED_GustavoMo_Exterio_75e63d,PUR_IED_GustavoMo_Exterio_75e63d,,,,,
2026-09-12T07:51:10-05:00,PUR_IED_GustavoMo_LabFisi_224d37,PUR_IED_GustavoMo_LabFisi_224d37,,,,,
2026-09-12T07:51:10-05:00,PUR_IED_GustavoMo_S208_3e6918,PUR_IED_GustavoMo_S208_3e6918,,,,,
2026-09-12T07:51:10-05:00,PUR_IED_GustavoR_A02_8cd4a8,PUR_IED_GustavoR_A02_8cd4a8,,,,,
2026-09-12T07:51:10-05:00,PUR_IED_GustavoR_B11_5b0ed,PUR_IED_GustavoR_B11_5b0ed,,,,,
2026-09-12T07:51:10-05:00,PUR_IED_GustavoR_Ext_7a0c90,PUR_IED_GustavoR_Ext_7a0c90,,,,,
2026-09-12T07:51:10-05:00,PUR_IED_HernandoDuran_Ext_8cd82b,PUR_IED_HernandoDuran_Ext_8cd82b,,,,,
2026-09-12T07:51:10-05:00,PUR_IED_HernandoDuran_S24_2772c6,PUR_IED_HernandoDuran_S24_2772c6,,,,,
2026-09-12T07:51:10-05:00,PUR_IED_HernandoDuran_S30_f2de41,PUR_IED_HernandoDuran_S30_f2de41,,,,,
2026-09-12T07:51:10-05:00,PUR_IED_HolguInUr_S1101_8cd732,PUR_IED_HolguInUr_S1101_8cd732,,,,,
2026-09-12T07:51:10-05:00,PUR_IED_HolguinUr_Exter_ddae6d,PUR_IED_HolguinUr_Exter_ddae6d,,,,,
2026-09-12T07:51:10-05:00,PUR_IED_HolguinUr_LabQuim_92b952,PUR_IED_HolguinUr_LabQuim_92b952,,,,,
2026-09-12T07:51:10-05:00,PUR_IED_Isabel-II_Ext_5245cc,PUR_IED_Isabel-II_Ext_5245cc,6,18,62,4.6336,-74.153
2026-09-12T07:51:10-05:00,PUR_IED_Isabel-II_S_idiom_1c29aa,PUR_IED_Isabel-II_S_idiom_1c29aa,,,,,
2026-09-12T07:51:10-05:00,PUR_IED_Isabel-II_S_infor_fd741,PUR_IED_Isabel-II_S_infor_fd741,,,,,
2026-09-12T07:51:10-05:00,PUR_IED_IsidroSur_Exterio_5b90ea,PUR_IED_IsidroSur_Exterio_5b90ea,,,,,
2026-09-12T07:51:10-05:00,PUR_IED_IsidroSur_LabTec_56697a,PUR_IED_IsidroSur_LabTec_56697a,,,,,
2026-09-12T07:51:10-05:00,PUR_IED_IsidroSur_Robotic_b7c38f,PUR_IED_IsidroSur_Robotic_b7c38f,,,,,
2026-09-12T07:51:10-05:00,PUR_IED_IsmaelPerd_Ext_7b6672,PUR_IED_IsmaelPerd_Ext_7b6672,,,,,
2026-09-12T07:51:10-05:00,PUR_IED_IsmaelPerd_Inform_306540,PUR_IED_IsmaelPerd_Inform_306540,,,,,
2026-09-12T07:51:10-05:00,PUR_IED_IsmaelPerd_S30_2e2c83,PUR_IED_IsmaelPerd_S30_2e2c83,,,,,
2026-09-12T07:51:10-05:00,PUR_IED_JLozano_Exter_432910,PUR_IED_JLozano_Exter_432910,,,,,
2026-09-12T07:51:10-05:00,PUR_IED_JLozano_salaMulti_df5125,PUR_IED_JLozano_salaMulti_df5125,,,,,
2026-09-12T07:51:10-05:00,PUR_IED_JMCordoba_206_86f80b,PUR_IED_JMCordoba_206_86f80b,,,,,
2026-09-12T07:51:10-05:00,PUR_IED_JMCordoba_Ext_27ad97,PUR_IED_JMCordoba_Ext_27ad97,,,,,
2026-09-12T07:51:10-05:00,PUR_IED_JMCordoba_S310_d59ab4,PUR_IED_JMCordoba_S310_d59ab4,,,,,
2026-09-12T07:51:10-05:00,PUR_IED_Japon_Ext_549100,PUR_IED_Japon_Ext_549100,,,,,
2026-09-12T07:51:10-05:00,PUR_IED_Japon_Laboratorio_bec51d,PUR_IED_Japon_Laboratorio_bec51d,,,,,
2026-09-12T07:51:10-05:00,PUR_IED_Japon_informatica_d99327,PUR_IED_Japon_informatica_d99327,,,,,
2026-09-12T07:51:10-05:00,PUR_IED_Jazmin_Ext_d27bda,PUR_IED_Jazmin_Ext_d27bda,,,,,
2026-09-12T07:51:10-05:00,PUR_IED_Jazmin_Fisica_8d14d7,PUR_IED_Jazmin_Fisica_8d14d7,,,,,
2026-09-12T07:51:10-05:00,PUR_IED_Jazmin_Quimica_801cb5,PUR_IED_Jazmin_Quimica_801cb5,,,,,
2026-09-12T07:51:10-05:00,PUR_IED_JorgeGaitan_Exter_f098d1,PUR_IED_JorgeGaitan_Exter_f098d1,,,,,
2026-09-12T07:51:10-05:00,PUR_IED_JorgeGaitan_STec1_dc9d1d,PUR_IED_JorgeGaitan_STec1_dc9d1d,,,,,
2026-09-12T07:51:10-05:00,PUR_IED_JorgeGaitan_STec2_281e69,PUR_IED_JorgeGaitan_STec2_281e69,,,,,
2026-09-12T07:51:10-05:00,PUR_IED_JorgeSoto_Exterio_d9d0a2,PUR_IED_JorgeSoto_Exterio_d9d0a2,,,,,
2026-09-12T07:51:10-05:00,PUR_IED_JorgeSoto_LabFisi_209c54,PUR_IED_JorgeSoto_LabFisi_209c54,,,,,
2026-09-12T07:51:10-05:00,PUR_IED_JorgeSoto_S103_27b51a,PUR_IED_JorgeSoto_S103_27b51a,,,,,
2026-09-12T07:51:10-05:00,PUR_IED_JoseAcevedo_A02_e965eb,PUR_IED_JoseAcevedo_A02_e965eb,,,,,
2026-09-12T07:51:10-05:00,PUR_IED_JoseAcevedo_A07_dd5b4,PUR_IED_JoseAcevedo_A07_dd5b4,,,,,
2026-09-12T07:51:10-05:00,PUR_IED_JoseAcevedo_Ext_b47484,PUR_IED_JoseAcevedo_Ext_b47484,,,,,
2026-09-12T07:51:10-05:00,PUR_IED_JoseMarti_Exte_5b9bf,PUR_IED_JoseMarti_Exte_5b9bf,,,,,
2026-09-12T07:51:10-05:00,PUR_IED_JoseMarti_LabQuim_1c6c2d,PUR_IED_JoseMarti_LabQuim_1c6c2d,,,,,
2026-09-12T07:51:10-05:00,PUR_IED_JoseMarti_S_info_f5f177,PUR_IED_JoseMarti_S_info_f5f177,,,,,
2026-09-12T07:51:10-05:00,PUR_IED_Josejoaquin_Ext_dfc5dc,PUR_IED_Josejoaquin_Ext_dfc5dc,,,,,
2026-09-12T07:51:10-05:00,PUR_IED_Josejoaquin_S05_5b2a96,PUR_IED_Josejoaquin_S05_5b2a96,,,,,
2026-09-12T07:51:10-05:00,PUR_IED_Josejoaquin_S06_1ce7d2,PUR_IED_Josejoaquin_S06_1ce7d2,,,,,
2026-09-12T07:51:10-05:00,PUR_IED_JulioFlorez_Danza_9b82dd,PUR_IED_JulioFlorez_Danza_9b82dd,,,,,
2026-09-12T07:51:10-05:00,PUR_IED_JulioFlorez_Exter_f9f314,PUR_IED_JulioFlorez_Exter_f9f314,,,,,
2026-09-12T07:51:10-05:00,PUR_IED_JulioFlorez_info2_6b6e08,PUR_IED_JulioFlorez_info2_6b6e08,,,,,
2026-09-12T07:51:10-05:00,PUR_IED_LaBelleza_Aula13_1d00d8,PUR_IED_LaBelleza_Aula13_1d00d8,,,,,
2026-09-12T07:51:10-05:00,PUR_IED_LaBelleza_Ext_7bc08c,PUR_IED_LaBelleza_Ext_7bc08c,,,,,
2026-09-12T07:51:10-05:00,PUR_IED_LaChucua_Ext_8cd6d2,PUR_IED_LaChucua_Ext_8cd6d2,,,,,
2026-09-12T07:51:10-05:00,PUR_IED_LaChucua_S15_f578ce,PUR_IED_LaChucua_S15_f578ce,,,,,
2026-09-12T07:51:10-05:00,PUR_IED_LaChucua_S16_eebcf9,PUR_IED_LaChucua_S16_eebcf9,,,,,
2026-09-12T07:51:10-05:00,PUR_IED_LaFelicidad_Ext_fb5109,PUR_IED_LaFelicidad_Ext_fb5109,,,,,
2026-09-12T07:51:10-05:00,PUR_IED_LaMerced_206_66ebd,PUR_IED_LaMerced_206_66ebd,,,,,
2026-09-12T07:51:10-05:00,PUR_IED_LaMerced_207_6ebd6,PUR_IED_LaMerced_207_6ebd6,,,,,
2026-09-12T07:51:10-05:00,PUR_IED_LaMerced_ext_304311,PUR_IED_LaMerced_ext_304311,,,,,
2026-09-12T07:51:10-05:00,PUR_IED_Laureano_CiencNat_281e5e,PUR_IED_Laureano_CiencNat_281e5e,,,,,
2026-09-12T07:51:10-05:00,PUR_IED_Laureano_Comedor_f65c0a,PUR_IED_Laureano_Comedor_f65c0a,,,,,
2026-09-12T07:51:10-05:00,PUR_IED_Laureano_Exterior_7ab011,PUR_IED_Laureano_Exterior_7ab011,,,,,
2026-09-12T07:51:10-05:00,PUR_IED_LeonGreiff_Exte_dfe560,PUR_IED_LeonGreiff_Exte_dfe560,,,,,
2026-09-12T07:51:10-05:00,PUR_IED_LeonGreiff_S210_f264ed,PUR_IED_LeonGreiff_S210_f264ed,,,,,
2026-09-12T07:51:10-05:00,PUR_IED_LeonGreiff_SQuimi_e8296f,PUR_IED_LeonGreiff_SQuimi_e8296f,,,,,
2026-09-12T07:51:10-05:00,PUR_IED_LlanoOrientalS208_7b9fcd,PUR_IED_LlanoOrientalS208_7b9fcd,,,,,
2026-09-12T07:51:10-05:00,PUR_IED_LlanoOriental_Ext_fb3766,PUR_IED_LlanoOriental_Ext_fb3766,,,,,
2026-09-12T07:51:10-05:00,PUR_IED_LlanoOriental_S208_7b9fcd,PUR_IED_LlanoOriental_S208_7b9fcd,,,,,
2026-09-12T07:51:10-05:00,PUR_IED_LlanoOriental_S9_27b378,PUR_IED_LlanoOriental_S9_27b378,,,,,
2026-09-12T07:51:10-05:00,PUR_IED_LosTejares_1101_477602,PUR_IED_LosTejares_1101_477602,,,,,
2026-09-12T07:51:10-05:00,PUR_IED_LosTejares_11_d2c595,PUR_IED_LosTejares_11_d2c595,,,,,
2026-09-12T07:51:10-05:00,PUR_IED_LosTejares_12_477602,PUR_IED_LosTejares_12_477602,,,,,
2026-09-12T07:51:10-05:00,PUR_IED_LosTejares_Ext_8e2115,PUR_IED_LosTejares_Ext_8e2115,,,,,
2026-09-12T07:51:10-05:00,PUR_IED_MagdalenaO_B202_5ddda3,PUR_IED_MagdalenaO_B202_5ddda3,,,,,
2026-09-12T07:51:10-05:00,PUR_IED_MagdalenaO_B205_fb76e8,PUR_IED_MagdalenaO_B205_fb76e8,,,,,
2026-09-12T07:51:10-05:00,PUR_IED_MagdalenaO_ext_dc69cd,PUR_IED_MagdalenaO_ext_dc69cd,,,,,
2026-09-12T07:51:10-05:00,PUR_IED_ManueCepeda_artes_eee956,PUR_IED_ManueCepeda_artes_eee956,,,,,
2026-09-12T07:51:10-05:00,PUR_IED_ManuelCepeda_Ext_58313,PUR_IED_ManuelCepeda_Ext_58313,,,,,
2026-09-12T07:51:10-05:00,PUR_IED_ManuelCepeda_tec_1c5731,PUR_IED_ManuelCepeda_tec_1c5731,,,,,
2026-09-12T07:51:10-05:00,PUR_IED_ManuelS_Exterior_5b269,PUR_IED_ManuelS_Exterior_5b269,,,,,
2026-09-12T07:51:10-05:00,PUR_IED_ManuelS_Inform_f369ce,PUR_IED_ManuelS_Inform_f369ce,,,,,
2026-09-12T07:51:10-05:00,PUR_IED_ManuelS_SArtes_7d15f1,PUR_IED_ManuelS_SArtes_7d15f1,,,,,
2026-09-12T07:51:10-05:00,PUR_IED_ManuelZapata_303_3ca6,PUR_IED_ManuelZapata_303_3ca6,,,,,
2026-09-12T07:51:10-05:00,PUR_IED_ManuelZapata_311_bfbabc,PUR_IED_ManuelZapata_311_bfbabc,,,,,
2026-09-12T07:51:10-05:00,PUR_IED_ManuelZapata_Ext_50824a,PUR_IED_ManuelZapata_Ext_50824a,,,,,
2026-09-12T07:51:10-05:00,PUR_IED_ManuelitaS_Exteri_656a92,PUR_IED_ManuelitaS_Exteri_656a92,,,,,
2026-09-12T07:51:10-05:00,PUR_IED_ManuelitaS_JuzgDe_f58ec3,PUR_IED_ManuelitaS_JuzgDe_f58ec3,,,,,
2026-09-12T07:51:10-05:00,PUR_IED_ManuelitaS_Recrea_d793db,PUR_IED_ManuelitaS_Recrea_d793db,,,,,
2026-09-12T07:51:10-05:00,PUR_IED_MarFidSuarez_Ext_c27b19,PUR_IED_MarFidSuarez_Ext_c27b19,,,,,
2026-09-12T07:51:10-05:00,PUR_IED_MarFidSuarez_Info_e384d7,PUR_IED_MarFidSuarez_Info_e384d7,,,,,
2026-09-12T07:51:10-05:00,PUR_IED_MarFidSuarez_S306_1d0032,PUR_IED_MarFidSuarez_S306_1d0032,,,,,
2026-09-12T07:51:10-05:00,PUR_IED_Menorah_301_2a25a3,PUR_IED_Menorah_301_2a25a3,,,,,
2026-09-12T07:51:10-05:00,PUR_IED_Menorah_306_37ed3,PUR_IED_Menorah_306_37ed3,,,,,
2026-09-12T07:51:10-05:00,PUR_IED_Menorah_Ext_3e155b,PUR_IED_Menorah_Ext_3e155b,,,,,
2026-09-12T07:51:10-05:00,PUR_IED_MinutoB.Aires_A11_1b1604,PUR_IED_MinutoB.Aires_A11_1b1604,,,,,
2026-09-12T07:51:10-05:00,PUR_IED_MinutoB.Aires_A12_fb5860,PUR_IED_MinutoB.Aires_A12_fb5860,,,,,
2026-09-12T07:51:10-05:00,PUR_IED_MinutoB.Aires_Ext_81293f,PUR_IED_MinutoB.Aires_Ext_81293f,,,,,
2026-09-12T07:51:10-05:00,PUR_IED_MinutoBAires_A11_1b1604,PUR_IED_MinutoBAires_A11_1b1604,,,,,
2026-09-12T07:51:10-05:00,PUR_IED_MinutoBAires_A12_fb5860,PUR_IED_MinutoBAires_A12_fb5860,,,,,
2026-09-12T07:51:10-05:00,PUR_IED_MinutoBAires_Ext_81293f,PUR_IED_MinutoBAires_Ext_81293f,,,,,
2026-09-12T07:51:10-05:00,PUR_IED_Montreal_Aula10_1e4959,PUR_IED_Montreal_Aula10_1e4959,,,,,
2026-09-12T07:51:10-05:00,PUR_IED_Montreal_Aula6_300367,PUR_IED_Montreal_Aula6_300367,,,,,
2026-09-12T07:51:10-05:00,PUR_IED_Montreal_Exterior_91a179,PUR_IED_Montreal_Exterior_91a179,,,,,
2026-09-12T07:51:10-05:00,PUR_IED_Mqgdalena_B202_5ddda3,PUR_IED_Mqgdalena_B202_5ddda3,,,,,
2026-09-12T07:51:10-05:00,PUR_IED_NACUND_Soc_dc8728,PUR_IED_NACUND_Soc_dc8728,,,,,
2026-09-12T07:51:10-05:00,PUR_IED_NACUND_ext_27ad97,PUR_IED_NACUND_ext_27ad97,,,,,
2026-09-12T07:51:10-05:00,PUR_IED_NEsperanza_Ext_d24b61,PUR_IED_NEsperanza_Ext_d24b61,,,,,
2026-09-12T07:51:10-05:00,PUR_IED_NEsperanza_SElect_7d1807,PUR_IED_NEsperanza_SElect_7d1807,,,,,
2026-09-12T07:51:10-05:00,PUR_IED_NEsperanza_SLabor_8b2d0a,PUR_IED_NEsperanza_SLabor_8b2d0a,,,,,
2026-09-12T07:51:10-05:00,PUR_IED_NacionesU_Ext_f661a9,PUR_IED_NacionesU_Ext_f661a9,,,,,
2026-09-12T07:51:10-05:00,PUR_IED_NacionesU_Quimica_66f0a,PUR_IED_NacionesU_Quimica_66f0a,,,,,
2026-09-12T07:51:10-05:00,PUR_IED_NacionesU_S306_1b4b3d,PUR_IED_NacionesU_S306_1b4b3d,,,,,
2026-09-12T07:51:10-05:00,PUR_IED_NestorFA_Ext_e4201c,PUR_IED_NestorFA_Ext_e4201c,,,,,
2026-09-12T07:51:10-05:00,PUR_IED_NestorFA_Laborato_f22fe0,PUR_IED_NestorFA_Laborato_f22fe0,,,,,
2026-09-12T07:51:10-05:00,PUR_IED_NestorFA_S204_dee996,PUR_IED_NestorFA_S204_dee996,,,,,
2026-09-12T07:51:10-05:00,PUR_IED_NidyaQT_Aula03_76999b,PUR_IED_NidyaQT_Aula03_76999b,,,,,
2026-09-12T07:51:10-05:00,PUR_IED_NidyaQT_Aula10_56325,PUR_IED_NidyaQT_Aula10_56325,,,,,
2026-09-12T07:51:10-05:00,PUR_IED_NidyaQT_Ext_46e32d,PUR_IED_NidyaQT_Ext_46e32d,,,,,
2026-09-12T07:51:10-05:00,PUR_IED_NuevaCol_Exterior_d9b859,PUR_IED_NuevaCol_Exterior_d9b859,,,,,
2026-09-12T07:51:10-05:00,PUR_IED_NuevaCol_S1101_76c43b,PUR_IED_NuevaCol_S1101_76c43b,,,,,
2026-09-12T07:51:10-05:00,PUR_IED_NuevaCol_S1102_1ce0b5,PUR_IED_NuevaCol_S1102_1ce0b5,,,,,
2026-09-12T07:51:10-05:00,PUR_IED_OEA_A202_f7e3f2,PUR_IED_OEA_A202_f7e3f2,,,,,
2026-09-12T07:51:10-05:00,PUR_IED_OEA_A203_7d1b8d,PUR_IED_OEA_A203_7d1b8d,,,,,
2026-09-12T07:51:10-05:00,PUR_IED_OEA_Ext_27b593,PUR_IED_OEA_Ext_27b593,,,,,
2026-09-12T07:51:10-05:00,PUR_IED_Ochoa_Ext_1c29da,PUR_IED_Ochoa_Ext_1c29da,4,15,97,4.503,-74.107201
2026-09-12T07:51:10-05:00,PUR_IED_Ochoa_S205_8b1121,PUR_IED_Ochoa_S205_8b1121,,,,,
2026-09-12T07:51:10-05:00,PUR_IED_Ochoa_Sistemas_f33af6,PUR_IED_Ochoa_Sistemas_f33af6,,,,,
2026-09-12T07:51:10-05:00,PUR_IED_PQuebec_Ext_1c67c7,PUR_IED_PQuebec_Ext_1c67c7,,,,,
2026-09-12T07:51:10-05:00,PUR_IED_PQuebec_S15_23e8e2,PUR_IED_PQuebec_S15_23e8e2,,,,,
2026-09-12T07:51:10-05:00,PUR_IED_PQuebec_S16_8ec76b,PUR_IED_PQuebec_S16_8ec76b,,,,,
2026-09-12T07:51:10-05:00,PUR_IED_PabloN_Ext_49dc96,PUR_IED_PabloN_Ext_49dc96,,,,,
2026-09-12T07:51:10-05:00,PUR_IED_PabloN_S1102_4e3df5,PUR_IED_PabloN_S1102_4e3df5,,,,,
2026-09-12T07:51:10-05:00,PUR_IED_PabloN_S1103_50c94b,PUR_IED_PabloN_S1103_50c94b,,,,,
2026-09-12T07:51:10-05:00,PUR_IED_Palestina_S1101_db9198,PUR_IED_Palestina_S1101_db9198,,,,,
2026-09-12T07:51:10-05:00,PUR_IED_Palestina_S1102_dc54fa,PUR_IED_Palestina_S1102_dc54fa,,,,,
2026-09-12T07:51:10-05:00,PUR_IED_Palestina_ext_4ccce6,PUR_IED_Palestina_ext_4ccce6,,,,,
2026-09-12T07:51:10-05:00,PUR_IED_Panama_Fisica_4d0794,PUR_IED_Panama_Fisica_4d0794,,,,,
2026-09-12T07:51:10-05:00,PUR_IED_Panama_SIngles_a4077e,PUR_IED_Panama_SIngles_a4077e,,,,,
2026-09-12T07:51:10-05:00,PUR_IED_Panama_ext_4c54b4,PUR_IED_Panama_ext_4c54b4,,,,,
2026-09-12T07:51:10-05:00,PUR_IED_ParaisoM_Exterior_8cd7f0,PUR_IED_ParaisoM_Exterior_8cd7f0,,,,,
2026-09-12T07:51:10-05:00,PUR_IED_ParaisoM_Laborato_27af35,PUR_IED_ParaisoM_Laborato_27af35,,,,,
2026-09-12T07:51:10-05:00,PUR_IED_ParaisoM_S304_d1edca,PUR_IED_ParaisoM_S304_d1edca,,,,,
2026-09-12T07:51:10-05:00,PUR_IED_PorfirioBarba_Ext_301466,PUR_IED_PorfirioBarba_Ext_301466,,,,,
2026-09-12T07:51:10-05:00,PUR_IED_PorfirioBarba_S11_df6cd2,PUR_IED_PorfirioBarba_S11_df6cd2,,,,,
2026-09-12T07:51:10-05:00,PUR_IED_PorfirioBarba_S29_27a7d6,PUR_IED_PorfirioBarba_S29_27a7d6,,,,,
2026-09-12T07:51:10-05:00,PUR_IED_PradoV_Exter_8b27ad,PUR_IED_PradoV_Exter_8b27ad,,,,,
2026-09-12T07:51:10-05:00,PUR_IED_PradoV_S301_de65b5,PUR_IED_PradoV_S301_de65b5,,,,,
2026-09-12T07:51:10-05:00,PUR_IED_PradoV_S302_7d2593,PUR_IED_PradoV_S302_7d2593,,,,,
2026-09-12T07:51:10-05:00,PUR_IED_QuirogaAlz_Ext_1ddc82,PUR_IED_QuirogaAlz_Ext_1ddc82,,,,,
2026-09-12T07:51:10-05:00,PUR_IED_QuirogaAlz_S302_9926a3,PUR_IED_QuirogaAlz_S302_9926a3,,,,,
2026-09-12T07:51:10-05:00,PUR_IED_QuirogaAlz_S305_cdf1f1,PUR_IED_QuirogaAlz_S305_cdf1f1,,,,,
2026-09-12T07:51:10-05:00,PUR_IED_RGuatemala_Biling_dc53b7,PUR_IED_RGuatemala_Biling_dc53b7,,,,,
2026-09-12T07:51:10-05:00,PUR_IED_RGuatemala_Ext_1b89a3,PUR_IED_RGuatemala_Ext_1b89a3,,,,,
2026-09-12T07:51:10-05:00,PUR_IED_RGuatemala_Tecnol_281a34,PUR_IED_RGuatemala_Tecnol_281a34,,,,,
2026-09-12T07:51:10-05:00,PUR_IED_RafaNu_Ext_f7c302,PUR_IED_RafaNu_Ext_f7c302,,,,,
2026-09-12T07:51:10-05:00,PUR_IED_RafaNu_S1101_25fde,PUR_IED_RafaNu_S1101_25fde,,,,,
2026-09-12T07:51:10-05:00,PUR_IED_RafaNu_S1102_281517,PUR_IED_RafaNu_S1102_281517,,,,,
2026-09-12T07:51:10-05:00,PUR_IED_RafaelB_S305_ee2783,PUR_IED_RafaelB_S305_ee2783,,,,,
2026-09-12T07:51:10-05:00,PUR_IED_RafaelB_S306_75fe33,PUR_IED_RafaelB_S306_75fe33,,,,,
2026-09-12T07:51:10-05:00,PUR_IED_RafaelB_ext_283336,PUR_IED_RafaelB_ext_283336,3,19,60,4.6722,-74.0737
2026-09-12T07:51:10-05:00,PUR_IED_RafaelUU_Exterior_281a51,PUR_IED_RafaelUU_Exterior_281a51,,,,,
2026-09-12T07:51:10-05:00,PUR_IED_RafaelUU_Human_806b2,PUR_IED_RafaelUU_Human_806b2,,,,,
2026-09-12T07:51:10-05:00,PUR_IED_RafaelUU_Mate2_5680d4,PUR_IED_RafaelUU_Mate2_5680d4,,,,,
2026-09-12T07:51:10-05:00,PUR_IED_RamonSub_Ext_f9eeb9,PUR_IED_RamonSub_Ext_f9eeb9,,,,,
2026-09-12T07:51:10-05:00,PUR_IED_RamonSub_Media_d1f62f,PUR_IED_RamonSub_Media_d1f62f,,,,,
2026-09-12T07:51:10-05:00,PUR_IED_RamonSub_planta_51b82,PUR_IED_RamonSub_planta_51b82,,,,,
2026-09-12T07:51:10-05:00,PUR_IED_RepBoliVene_Exter_27af7c,PUR_IED_RepBoliVene_Exter_27af7c,,,,,
2026-09-12T07:51:10-05:00,PUR_IED_RepBoliVene_SCPT_5ae2ee,PUR_IED_RepBoliVene_SCPT_5ae2ee,,,,,
2026-09-12T07:51:10-05:00,PUR_IED_RepBoliVene_Socia_4b11d5,PUR_IED_RepBoliVene_Socia_4b11d5,,,,,
2026-09-12T07:51:10-05:00,PUR_IED_RepChina_Ext_76d9ee,PUR_IED_RepChina_Ext_76d9ee,,,,,
2026-09-12T07:51:10-05:00,PUR_IED_RepChina_S404_7c804c,PUR_IED_RepChina_S404_7c804c,,,,,
2026-09-12T07:51:10-05:00,PUR_IED_RepChina_S405_df2c33,PUR_IED_RepChina_S405_df2c33,,,,,
2026-09-12T07:51:10-05:00,PUR_IED_RepublicaC_Exteri_7d1ec9,PUR_IED_RepublicaC_Exteri_7d1ec9,,,,,
2026-09-12T07:51:10-05:00,PUR_IED_RepublicaC_S1101_f544b3,PUR_IED_RepublicaC_S1101_f544b3,,,,,
2026-09-12T07:51:10-05:00,PUR_IED_RepublicaC_S1102_7aafc7,PUR_IED_RepublicaC_S1102_7aafc7,,,,,
2026-09-12T07:51:10-05:00,PUR_IED_Ricaurte_Externo_a0ea1,PUR_IED_Ricaurte_Externo_a0ea1,,,,,
2026-09-12T07:51:10-05:00,PUR_IED_Ricaurte_S210_f546fd,PUR_IED_Ricaurte_S210_f546fd,,,,,
2026-09-12T07:51:10-05:00,PUR_IED_Ricaurte_S309_d4452,PUR_IED_Ricaurte_S309_d4452,,,,,
2026-09-12T07:51:10-05:00,PUR_IED_RogelioS_1102_531e69,PUR_IED_RogelioS_1102_531e69,,,,,
2026-09-12T07:51:10-05:00,PUR_IED_RogelioS_Ext_f25a18,PUR_IED_RogelioS_Ext_f25a18,,,,,
2026-09-12T07:51:10-05:00,PUR_IED_SBernardino_Ext_27aff8,PUR_IED_SBernardino_Ext_27aff8,,,,,
2026-09-12T07:51:10-05:00,PUR_IED_SBernardino_SArte_2ffd33,PUR_IED_SBernardino_SArte_2ffd33,,,,,
2026-09-12T07:51:10-05:00,PUR_IED_SBernardino_SIngl_7c7da5,PUR_IED_SBernardino_SIngl_7c7da5,,,,,
2026-09-12T07:51:10-05:00,PUR_IED_Sago_auditorio_dc9d1d,PUR_IED_Sago_auditorio_dc9d1d,,,,,
2026-09-12T07:51:10-05:00,PUR_IED_Saludcoop_Ext_95aac3,PUR_IED_Saludcoop_Ext_95aac3,,,,,
2026-09-12T07:51:10-05:00,PUR_IED_Saludcoop_InfI_90c854,PUR_IED_Saludcoop_InfI_90c854,,,,,
2026-09-12T07:51:10-05:00,PUR_IED_Saludcoop_SMedia_1b93be,PUR_IED_Saludcoop_SMedia_1b93be,,,,,
2026-09-12T07:51:10-05:00,PUR_IED_SanCarlos_1101_1a2360,PUR_IED_SanCarlos_1101_1a2360,,,,,
2026-09-12T07:51:10-05:00,PUR_IED_SanCarlos_1103_7bafb5,PUR_IED_SanCarlos_1103_7bafb5,,,,,
2026-09-12T07:51:10-05:00,PUR_IED_SanCarlos_Ext_b7cd1,PUR_IED_SanCarlos_Ext_b7cd1,,,,,
2026-09-12T07:51:10-05:00,PUR_IED_SanIgnacioBosa11a_50c26e,PUR_IED_SanIgnacioBosa11a_50c26e,,,,,
2026-09-12T07:51:10-05:00,PUR_IED_SanIgnacioBosa11b_371de8,PUR_IED_SanIgnacioBosa11b_371de8,,,,,
2026-09-12T07:51:10-05:00,PUR_IED_SanIgnacioBosaExt_ef0ffc,PUR_IED_SanIgnacioBosaExt_ef0ffc,,,,,
2026-09-12T07:51:10-05:00,PUR_IED_SanIgnacioBosa_11a_50c26e,PUR_IED_SanIgnacioBosa_11a_50c26e,,,,,
2026-09-12T07:51:10-05:00,PUR_IED_SanIgnacioBosa_Ext_ef0ffc,PUR_IED_SanIgnacioBosa_Ext_ef0ffc,,,,,
2026-09-12T07:51:10-05:00,PUR_IED_SanJoseN_intS1101_31c47f,PUR_IED_SanJoseN_intS1101_31c47f,,,,,
2026-09-12T07:51:10-05:00,PUR_IED_SanJoseUsm_Exter_f5d7e8,PUR_IED_SanJoseUsm_Exter_f5d7e8,,,,,
2026-09-12T07:51:10-05:00,PUR_IED_SanJoseUsm_Int11A_cfdef6,PUR_IED_SanJoseUsm_Int11A_cfdef6,,,,,
2026-09-12T07:51:10-05:00,PUR_IED_SilveriaR_IntB5_905349,PUR_IED_SilveriaR_IntB5_905349,,,,,
2026-09-12T07:51:10-05:00,PUR_IED_SilveriaR_IntSD14_981f93,PUR_IED_SilveriaR_IntSD14_981f93,,,,,
2026-09-12T07:51:10-05:00,PUR_IED_SilveriaR_ext_2b651d,PUR_IED_SilveriaR_ext_2b651d,,,,,
2026-09-12T07:51:10-05:00,PUR_IED_SimonB_Exterior_913975,PUR_IED_SimonB_Exterior_913975,,,,,
2026-09-12T07:51:10-05:00,PUR_IED_SimonB_LabQuimi_c56908,PUR_IED_SimonB_LabQuimi_c56908,,,,,
2026-09-12T07:51:10-05:00,PUR_IED_SimonB_informatic_a28c1,PUR_IED_SimonB_informatic_a28c1,,,,,
2026-09-12T07:51:10-05:00,PUR_IED_Sorrento_1102_315f50,PUR_IED_Sorrento_1102_315f50,,,,,
2026-09-12T07:51:10-05:00,PUR_IED_Sorrento_Minte_214eab,PUR_IED_Sorrento_Minte_214eab,,,,,
2026-09-12T07:51:10-05:00,PUR_IED_Sorrento_ext_7c3a0a,PUR_IED_Sorrento_ext_7c3a0a,,,,,
2026-09-12T07:51:10-05:00,PUR_IED_Tabora_Ext_f048ae,PUR_IED_Tabora_Ext_f048ae,,,,,
2026-09-12T07:51:10-05:00,PUR_IED_Tabora_S1102_b07752,PUR_IED_Tabora_S1102_b07752,,,,,
2026-09-12T07:51:10-05:00,PUR_IED_Tabora_S1103_d988f5,PUR_IED_Tabora_S1103_d988f5,,,,,
2026-09-12T07:51:10-05:00,PUR_IED_Tenerife_Ext_1ab188,PUR_IED_Tenerife_Ext_1ab188,,,,,
2026-09-12T07:51:10-05:00,PUR_IED_Tenerife_SDanzas_7bc02e,PUR_IED_Tenerife_SDanzas_7bc02e,,,,,
2026-09-12T07:51:10-05:00,PUR_IED_Tenerife_SIngles_7cc277,PUR_IED_Tenerife_SIngles_7cc277,,,,,
2026-09-12T07:51:10-05:00,PUR_IED_Tibabuyes_Exter_f2683d,PUR_IED_Tibabuyes_Exter_f2683d,,,,,
2026-09-12T07:51:10-05:00,PUR_IED_Tibabuyes_S10_dc87a8,PUR_IED_Tibabuyes_S10_dc87a8,,,,,
2026-09-12T07:51:10-05:00,PUR_IED_Tibabuyes_S15_dc0526,PUR_IED_Tibabuyes_S15_dc0526,,,,,
2026-09-12T07:51:10-05:00,PUR_IED_UnionE_S301_a1043,PUR_IED_UnionE_S301_a1043,,,,,
2026-09-12T07:51:10-05:00,PUR_IED_UnionE_S307_ff6c2f,PUR_IED_UnionE_S307_ff6c2f,,,,,
2026-09-12T07:51:10-05:00,PUR_IED_UnionE__Ext_5e2468,PUR_IED_UnionE__Ext_5e2468,,,,,
2026-09-12T07:51:10-05:00,PUR_IED_VillaRica_Ext_75be7c,PUR_IED_VillaRica_Ext_75be7c,,,,,
2026-09-12T07:51:10-05:00,PUR_IED_VillaRica_S4_cc5dcd,PUR_IED_VillaRica_S4_cc5dcd,,,,,
2026-09-12T07:51:10-05:00,PUR_IED_VillaRica_Sesp_99f5c,PUR_IED_VillaRica_Sesp_99f5c,,,,,
2026-09-12T07:56:06-05:00,PUR_IED_20deJulio_1101_91b1b9,PUR_IED_20deJulio_1101_91b1b9,,,,,
2026-09-12T07:56:06-05:00,PUR_IED_20deJulio_1102_1cfcf9,PUR_IED_20deJulio_1102_1cfcf9,,,,,
2026-09-12T07:56:06-05:00,PUR_IED_20deJulio_Ext_ab60bd,PUR_IED_20deJulio_Ext_ab60bd,,,,,
2026-09-12T07:56:06-05:00,PUR_IED_AgustinFer_Ext_7b9b77,PUR_IED_AgustinFer_Ext_7b9b77,,,,,
2026-09-12T07:56:06-05:00,PUR_IED_AgustinFer_Info2_27b3a7,PUR_IED_AgustinFer_Info2_27b3a7,,,,,
2026-09-12T07:56:06-05:00,PUR_IED_AgustinFer_Sena_54b4eb,PUR_IED_AgustinFer_Sena_54b4eb,,,,,
2026-09-12T07:56:06-05:00,PUR_IED_AlexanderF_1102_caf07b,PUR_IED_AlexanderF_1102_caf07b,,,,,
2026-09-12T07:56:06-05:00,PUR_IED_AlexanderF_1103_c79e71,PUR_IED_AlexanderF_1103_c79e71,,,,,
2026-09-12T07:56:06-05:00,PUR_IED_AlexanderF_Ext_c5b18b,PUR_IED_AlexanderF_Ext_c5b18b,,,,,
2026-09-12T07:56:06-05:00,PUR_IED_AlfonsoLopez_Ext_281d77,PUR_IED_AlfonsoLopez_Ext_281d77,,,,,
2026-09-12T07:56:06-05:00,PUR_IED_AlfonsoLopez_LabF_888ce0,PUR_IED_AlfonsoLopez_LabF_888ce0,,,,,
2026-09-12T07:56:06-05:00,PUR_IED_AlfonsoLopez_SMed_df6a7f,PUR_IED_AlfonsoLopez_SMed_df6a7f,,,,,
2026-09-12T07:56:06-05:00,PUR_IED_AltamiraSO_A2_209f92,PUR_IED_AltamiraSO_A2_209f92,,,,,
2026-09-12T07:56:06-05:00,PUR_IED_AltamiraSO_Ext_186d66,PUR_IED_AltamiraSO_Ext_186d66,,,,,
2026-09-12T07:56:06-05:00,PUR_IED_AltamiraSO_Sistem_27afe1,PUR_IED_AltamiraSO_Sistem_27afe1,,,,,
2026-09-12T07:56:06-05:00,PUR_IED_AlvaroGom_LabQuim_813179,PUR_IED_AlvaroGom_LabQuim_813179,,,,,
2026-09-12T07:56:06-05:00,PUR_IED_AlvaroGomez_Ext_47c7ca,PUR_IED_AlvaroGomez_Ext_47c7ca,,,,,
2026-09-12T07:56:06-05:00,PUR_IED_AlvaroGomez_LabQuim_813179,PUR_IED_AlvaroGomez_LabQuim_813179,,,,,
2026-09-12T07:56:06-05:00,PUR_IED_AlvaroGomez_S23_7ba89f,PUR_IED_AlvaroGomez_S23_7ba89f,,,,,
2026-09-12T07:56:06-05:00,PUR_IED_Amistad_306_dc8728,PUR_IED_Amistad_306_dc8728,,,,,
2026-09-12T07:56:06-05:00,PUR_IED_Amistad_Ext_8cd55e,PUR_IED_Amistad_Ext_8cd55e,,,,,
2026-09-12T07:56:06-05:00,PUR_IED_Amistad_S202_a41169,PUR_IED_Amistad_S202_a41169,,,,,
2026-09-12T07:56:06-05:00,PUR_IED_AndresBello_Bio_fd5f5e,PUR_IED_AndresBello_Bio_fd5f5e,,,,,
2026-09-12T07:56:06-05:00,PUR_IED_AndresBello_ext_dcad65,PUR_IED_AndresBello_ext_dcad65,,,,,
2026-09-12T07:56:06-05:00,PUR_IED_AndresBello_port_eed3ec,PUR_IED_AndresBello_port_eed3ec,,,,,
2026-09-12T07:56:06-05:00,PUR_IED_AngelaR_11b_d90a6b,PUR_IED_AngelaR_11b_d90a6b,,,,,
2026-09-12T07:56:06-05:00,PUR_IED_AngelaR_ext_7cad3e,PUR_IED_AngelaR_ext_7cad3e,,,,,
2026-09-12T07:56:06-05:00,PUR_IED_AntJoseSucre_10mo_df2575,PUR_IED_AntJoseSucre_10mo_df2575,,,,,
2026-09-12T07:56:06-05:00,PUR_IED_AntJoseSucre_Ext_215b36,PUR_IED_AntJoseSucre_Ext_215b36,,,,,
2026-09-12T07:56:06-05:00,PUR_IED_AntJoseSucre_Lab_3139de,PUR_IED_AntJoseSucre_Lab_3139de,,,,,
2026-09-12T07:56:06-05:00,PUR_IED_AntonioGarcia_301_d6b188,PUR_IED_AntonioGarcia_301_d6b188,,,,,
2026-09-12T07:56:06-05:00,PUR_IED_AntonioGarcia_302_88a82,PUR_IED_AntonioGarcia_302_88a82,,,,,
2026-09-12T07:56:06-05:00,PUR_IED_AntonioGarcia_Ext_20950c,PUR_IED_AntonioGarcia_Ext_20950c,,,,,
2026-09-12T07:56:06-05:00,PUR_IED_AntonioVan_Aula2_6dea02,PUR_IED_AntonioVan_Aula2_6dea02,,,,,
2026-09-12T07:56:06-05:00,PUR_IED_AntonioVan_Aula5_f1557e,PUR_IED_AntonioVan_Aula5_f1557e,,,,,
2026-09-12T07:56:06-05:00,PUR_IED_AntonioVan_Ext_406f2f,PUR_IED_AntonioVan_Ext_406f2f,,,,,
2026-09-12T07:56:06-05:00,PUR_IED_Atabanzha_Ext_cc5af9,PUR_IED_Atabanzha_Ext_cc5af9,,,,,
2026-09-12T07:56:06-05:00,PUR_IED_Atabanzha_SA101_56c37,PUR_IED_Atabanzha_SA101_56c37,,,,,
2026-09-12T07:56:06-05:00,PUR_IED_Atabanzha_SB302_27b374,PUR_IED_Atabanzha_SB302_27b374,,,,,
2026-09-12T07:56:06-05:00,PUR_IED_Atahualpa_Ext_fc1748,PUR_IED_Atahualpa_Ext_fc1748,,,,,
2026-09-12T07:56:06-05:00,PUR_IED_Atahualpa_Informa_dc9a95,PUR_IED_Atahualpa_Informa_dc9a95,,,,,
2026-09-12T07:56:06-05:00,PUR_IED_Atahualpa_S1101_f98056,PUR_IED_Atahualpa_S1101_f98056,,,,,
2026-09-12T07:56:06-05:00,PUR_IED_Bellavista_Ext_f5aa74,PUR_IED_Bellavista_Ext_f5aa74,,,,,
2026-09-12T07:56:06-05:00,PUR_IED_Bilbao_11A_916c41,PUR_IED_Bilbao_11A_916c41,,,,,
2026-09-12T07:56:06-05:00,PUR_IED_Bilbao_Ext_fb579a,PUR_IED_Bilbao_Ext_fb579a,,,,,
2026-09-12T07:56:06-05:00,PUR_IED_BrasiliaU_A125_304280,PUR_IED_BrasiliaU_A125_304280,,,,,
2026-09-12T07:56:06-05:00,PUR_IED_BrasiliaU_A203_7c8ca5,PUR_IED_BrasiliaU_A203_7c8ca5,,,,,
2026-09-12T07:56:06-05:00,PUR_IED_BrasiliaU_Ext_8d6e9f,PUR_IED_BrasiliaU_Ext_8d6e9f,4,17,67,4.5175,-74.116302
2026-09-12T07:56:06-05:00,PUR_IED_Brasilia_Ext_fe6593,PUR_IED_Brasilia_Ext_fe6593,,,,,
2026-09-12T07:56:06-05:00,PUR_IED_Brasilia_S24_7c130d,PUR_IED_Brasilia_S24_7c130d,,,,,
2026-09-12T07:56:06-05:00,PUR_IED_Brasilia_S501_186a54,PUR_IED_Brasilia_S501_186a54,,,,,
2026-09-12T07:56:06-05:00,PUR_IED_CHARRY_EXT_f1d5cd,PUR_IED_CHARRY_EXT_f1d5cd,,,,,
2026-09-12T07:56:06-05:00,PUR_IED_CHARRY_INTDANZAS_7a08e6,PUR_IED_CHARRY_INTDANZAS_7a08e6,,,,,
2026-09-12T07:56:06-05:00,PUR_IED_CHARRY_INT_AULA20_dc998d,PUR_IED_CHARRY_INT_AULA20_dc998d,,,,,
2026-09-12T07:56:06-05:00,PUR_IED_COLVIV_1101_S25_7f520a,PUR_IED_COLVIV_1101_S25_7f520a,,,,,
2026-09-12T07:56:06-05:00,PUR_IED_COLVIV_1102_S16_f570ba,PUR_IED_COLVIV_1102_S16_f570ba,,,,,
2026-09-12T07:56:06-05:00,PUR_IED_COLVIV_Ext_1a26fa,PUR_IED_COLVIV_Ext_1a26fa,,,,,
2026-09-12T07:56:06-05:00,PUR_IED_CULPOP_301A_f660f3,PUR_IED_CULPOP_301A_f660f3,,,,,
2026-09-12T07:56:06-05:00,PUR_IED_CULPOP_303_568afe,PUR_IED_CULPOP_303_568afe,,,,,
2026-09-12T07:56:06-05:00,PUR_IED_CULPOP_Ext_e02ccb,PUR_IED_CULPOP_Ext_e02ccb,,,,,
2026-09-12T07:56:06-05:00,PUR_IED_CVillavicen_Ext_26eb58,PUR_IED_CVillavicen_Ext_26eb58,5,14,82,4.487,-74.102798
2026-09-12T07:56:06-05:00,PUR_IED_CVillavicen_Intel_1ce5c2,PUR_IED_CVillavicen_Intel_1ce5c2,,,,,
2026-09-12T07:56:06-05:00,PUR_IED_CVillavicen_Poliv_e0766c,PUR_IED_CVillavicen_Poliv_e0766c,,,,,
2026-09-12T07:56:06-05:00,PUR_IED_CVillavicen_int_1ba140,PUR_IED_CVillavicen_int_1ba140,,,,,
2026-09-12T07:56:06-05:00,PUR_IED_CVillavicen_intel_1ba140,PUR_IED_CVillavicen_intel_1ba140,,,,,
2026-09-12T07:56:06-05:00,PUR_IED_CarlosPizarro_Ext_e307cc,PUR_IED_CarlosPizarro_Ext_e307cc,,,,,
2026-09-12T07:56:06-05:00,PUR_IED_CarlosPizarro_L36_7e5cdb,PUR_IED_CarlosPizarro_L36_7e5cdb,,,,,
2026-09-12T07:56:06-05:00,PUR_IED_CarlosPizarro_L37_c8566c,PUR_IED_CarlosPizarro_L37_c8566c,,,,,
2026-09-12T07:56:06-05:00,PUR_IED_Castilla_Ext_cf35f,PUR_IED_Castilla_Ext_cf35f,,,,,
2026-09-12T07:56:06-05:00,PUR_IED_Castilla_SFisik_360e38,PUR_IED_Castilla_SFisik_360e38,,,,,
2026-09-12T07:56:06-05:00,PUR_IED_Castilla_Sc304_496fbf,PUR_IED_Castilla_Sc304_496fbf,,,,,
2026-09-12T07:56:06-05:00,PUR_IED_CervantesSa_Ext_6b57b,PUR_IED_CervantesSa_Ext_6b57b,4,17,73,4.5128,-74.117203
2026-09-12T07:56:06-05:00,PUR_IED_CervantesSa_S107_225c2b,PUR_IED_CervantesSa_S107_225c2b,,,,,
2026-09-12T07:56:06-05:00,PUR_IED_CervantesSa_S108_940925,PUR_IED_CervantesSa_S108_940925,,,,,
2026-09-12T07:56:06-05:00,PUR_IED_Charry_A20_f53e7c,PUR_IED_Charry_A20_f53e7c,,,,,
2026-09-12T07:56:06-05:00,PUR_IED_Charry_Ext_f1d5cd,PUR_IED_Charry_Ext_f1d5cd,,,,,
2026-09-12T07:56:06-05:00,PUR_IED_Charry_IntAula20_dc998d,PUR_IED_Charry_IntAula20_dc998d,,,,,
2026-09-12T07:56:06-05:00,PUR_IED_Charry_IntDanzas_7a08e6,PUR_IED_Charry_IntDanzas_7a08e6,,,,,
2026-09-12T07:56:06-05:00,PUR_IED_ClememciaC_203_43e2fc,PUR_IED_ClememciaC_203_43e2fc,,,,,
2026-09-12T07:56:06-05:00,PUR_IED_ClememciaC_Ext_1b411a,PUR_IED_ClememciaC_Ext_1b411a,,,,,
2026-09-12T07:56:06-05:00,PUR_IED_ClememciaC_Quimic_44b5fc,PUR_IED_ClememciaC_Quimic_44b5fc,,,,,
2026-09-12T07:56:06-05:00,PUR_IED_ClemenciaC_203_43e2fc,PUR_IED_ClemenciaC_203_43e2fc,,,,,
2026-09-12T07:56:06-05:00,PUR_IED_ClemenciaC_Ext_1b411a,PUR_IED_ClemenciaC_Ext_1b411a,,,,,
2026-09-12T07:56:06-05:00,PUR_IED_ClemenciaC_Quimic_44b5fc,PUR_IED_ClemenciaC_Quimic_44b5fc,,,,,
2026-09-12T07:56:06-05:00,PUR_IED_ColViva_1101_S25_7f520a,PUR_IED_ColViva_1101_S25_7f520a,,,,,
2026-09-12T07:56:06-05:00,PUR_IED_ColViva_1102_S16_f570ba,PUR_IED_ColViva_1102_S16_f570ba,,,,,
2026-09-12T07:56:06-05:00,PUR_IED_ColViva_Ext_1a26fa,PUR_IED_ColViva_Ext_1a26fa,,,,,
2026-09-12T07:56:06-05:00,PUR_IED_ColegioBici_Asist_7c8798,PUR_IED_ColegioBici_Asist_7c8798,,,,,
2026-09-12T07:56:06-05:00,PUR_IED_ColegioBici_Ext_25cbf6,PUR_IED_ColegioBici_Ext_25cbf6,,,,,
2026-09-12T07:56:06-05:00,PUR_IED_ColegioBici_LabQ_7b57db,PUR_IED_ColegioBici_LabQ_7b57db,,,,,
2026-09-12T07:56:06-05:00,PUR_IED_CostaRica_Ext_5e640,PUR_IED_CostaRica_Ext_5e640,,,,,
2026-09-12T07:56:06-05:00,PUR_IED_CostaRica_Quim1_766d1c,PUR_IED_CostaRica_Quim1_766d1c,,,,,
2026-09-12T07:56:06-05:00,PUR_IED_CostaRica__Fisica_6f0873,PUR_IED_CostaRica__Fisica_6f0873,,,,,
2026-09-12T07:56:06-05:00,PUR_IED_CulPopu_301A_f660f3,PUR_IED_CulPopu_301A_f660f3,,,,,
2026-09-12T07:56:06-05:00,PUR_IED_CulPopu_303_568afe,PUR_IED_CulPopu_303_568afe,,,,,
2026-09-12T07:56:06-05:00,PUR_IED_CulPopu_Ext_e02ccb,PUR_IED_CulPopu_Ext_e02ccb,,,,,
2026-09-12T07:56:06-05:00,PUR_IED_Cundinamarca_Ext_f15985,PUR_IED_Cundinamarca_Ext_f15985,,,,,
2026-09-12T07:56:06-05:00,PUR_IED_Cundinamarca_Info_7aa5d7,PUR_IED_Cundinamarca_Info_7aa5d7,,,,,
2026-09-12T07:56:06-05:00,PUR_IED_Cundinamarca_Tec2_f449c7,PUR_IED_Cundinamarca_Tec2_f449c7,,,,,
2026-09-12T07:56:06-05:00,PUR_IED_DiegoM_Aula1_27b314,PUR_IED_DiegoM_Aula1_27b314,,,,,
2026-09-12T07:56:06-05:00,PUR_IED_DiegoM_Ext_d80ac8,PUR_IED_DiegoM_Ext_d80ac8,,,,,
2026-09-12T07:56:06-05:00,PUR_IED_DiegoM_S25_da928f,PUR_IED_DiegoM_S25_da928f,,,,,
2026-09-12T07:56:06-05:00,PUR_IED_ELRODEO_360881,PUR_IED_ELRODEO_360881,,,,,
2026-09-12T07:56:06-05:00,PUR_IED_ELRODEO_ext_360881,PUR_IED_ELRODEO_ext_360881,,,,,
2026-09-12T07:56:06-05:00,PUR_IED_EduardoU_Ext_1c1969,PUR_IED_EduardoU_Ext_1c1969,,,,,
2026-09-12T07:56:06-05:00,PUR_IED_EduardoU_SCiencia_4dfb94,PUR_IED_EduardoU_SCiencia_4dfb94,,,,,
2026-09-12T07:56:06-05:00,PUR_IED_EduardoU_SQuimica_5a46e7,PUR_IED_EduardoU_SQuimica_5a46e7,,,,,
2026-09-12T07:56:06-05:00,PUR_IED_ElRodeo_Aula14_676984,PUR_IED_ElRodeo_Aula14_676984,,,,,
2026-09-12T07:56:06-05:00,PUR_IED_ElRodeo_Aula16_2dd35b,PUR_IED_ElRodeo_Aula16_2dd35b,,,,,
2026-09-12T07:56:06-05:00,PUR_IED_ElRodeo_Ext_360881,PUR_IED_ElRodeo_Ext_360881,,,,,
2026-09-12T07:56:06-05:00,PUR_IED_ElRodeo_Exterior_8c6d28,PUR_IED_ElRodeo_Exterior_8c6d28,,,,,
2026-09-12T07:56:06-05:00,PUR_IED_ElRodeo_ext_360881,PUR_IED_ElRodeo_ext_360881,,,,,
2026-09-12T07:56:06-05:00,PUR_IED_EmmaReyes_Ext_987625,PUR_IED_EmmaReyes_Ext_987625,6,21,53,4.6367,-74.1511
2026-09-12T07:56:06-05:00,PUR_IED_Ensueño_Ext_7f0250,PUR_IED_Ensueño_Ext_7f0250,,,,,
2026-09-12T07:56:06-05:00,PUR_IED_EscNormal_Ext_5fef3b,PUR_IED_EscNormal_Ext_5fef3b,2,18,62,4.5852,-74.096901
2026-09-12T07:56:06-05:00,PUR_IED_EscNormal_S309_5b263,PUR_IED_EscNormal_S309_5b263,,,,,
2026-09-12T07:56:06-05:00,PUR_IED_EscNormal_S310_27b3b8,PUR_IED_EscNormal_S310_27b3b8,,,,,
2026-09-12T07:56:06-05:00,PUR_IED_Evangelista_Conta_f6cd4f,PUR_IED_Evangelista_Conta_f6cd4f,,,,,
2026-09-12T07:56:06-05:00,PUR_IED_Evangelista_Cri_5e16a,PUR_IED_Evangelista_Cri_5e16a,,,,,
2026-09-12T07:56:06-05:00,PUR_IED_Evangelista_Exter_754066,PUR_IED_Evangelista_Exter_754066,,,,,
2026-09-12T07:56:06-05:00,PUR_IED_FMiranda_S209_5cc2a3,PUR_IED_FMiranda_S209_5cc2a3,,,,,
2026-09-12T07:56:06-05:00,PUR_IED_FMiranda_S303_19e344,PUR_IED_FMiranda_S303_19e344,,,,,
2026-09-12T07:56:06-05:00,PUR_IED_FMiranda_ext_f53e7c,PUR_IED_FMiranda_ext_f53e7c,,,,,
2026-09-12T07:56:06-05:00,PUR_IED_FabioLozano_Bibli_1cee05,PUR_IED_FabioLozano_Bibli_1cee05,,,,,
2026-09-12T07:56:06-05:00,PUR_IED_FabioLozano_Ext_6ea285,PUR_IED_FabioLozano_Ext_6ea285,,,,,
2026-09-12T07:56:06-05:00,PUR_IED_FabioLozano_SLudi_f09e1e,PUR_IED_FabioLozano_SLudi_f09e1e,,,,,
2026-09-12T07:56:06-05:00,PUR_IED_FaustinoS_Aula07_27a731,PUR_IED_FaustinoS_Aula07_27a731,,,,,
2026-09-12T07:56:06-05:00,PUR_IED_FaustinoS_Ext_7b936f,PUR_IED_FaustinoS_Ext_7b936f,,,,,
2026-09-12T07:56:06-05:00,PUR_IED_FaustinoS_Fisica_da2c60,PUR_IED_FaustinoS_Fisica_da2c60,,,,,
2026-09-12T07:56:06-05:00,PUR_IED_FeGarciaLo_Ext_dc68ee,PUR_IED_FeGarciaLo_Ext_dc68ee,,,,,
2026-09-12T07:56:06-05:00,PUR_IED_FeGarciaLo_SDanza_f70a59,PUR_IED_FeGarciaLo_SDanza_f70a59,,,,,
2026-09-12T07:56:06-05:00,PUR_IED_FeGarciaLo_SMusic_125cdd,PUR_IED_FeGarciaLo_SMusic_125cdd,,,,,
2026-09-12T07:56:06-05:00,PUR_IED_FederalAlema_Exte_50c345,PUR_IED_FederalAlema_Exte_50c345,,,,,
2026-09-12T07:56:06-05:00,PUR_IED_FederalAlema_S31_f18371,PUR_IED_FederalAlema_S31_f18371,,,,,
2026-09-12T07:56:06-05:00,PUR_IED_FederalAlema_S901_a62cd,PUR_IED_FederalAlema_S901_a62cd,,,,,
2026-09-12T07:56:06-05:00,PUR_IED_FilarmonicaS_A5_f35eb1,PUR_IED_FilarmonicaS_A5_f35eb1,,,,,
2026-09-12T07:56:06-05:00,PUR_IED_FilarmonicaS_Ext_8a3bde,PUR_IED_FilarmonicaS_Ext_8a3bde,,,,,
2026-09-12T07:56:06-05:00,PUR_IED_FilarmonicaS_Spol_406114,PUR_IED_FilarmonicaS_Spol_406114,,,,,
2026-09-12T07:56:06-05:00,PUR_IED_FlorentinoG_A13_d1fa59,PUR_IED_FlorentinoG_A13_d1fa59,,,,,
2026-09-12T07:56:06-05:00,PUR_IED_FlorentinoG_Ext_1ce6ce,PUR_IED_FlorentinoG_Ext_1ce6ce,,,,,
2026-09-12T07:56:06-05:00,PUR_IED_FlorentinoG_Idiom_a66aac,PUR_IED_FlorentinoG_Idiom_a66aac,,,,,
2026-09-12T07:56:06-05:00,PUR_IED_FranciscoMati_Ext_e3869d,PUR_IED_FranciscoMati_Ext_e3869d,,,,,
2026-09-12T07:56:06-05:00,PUR_IED_FranciscoMati_S13_f31c67,PUR_IED_FranciscoMati_S13_f31c67,,,,,
2026-09-12T07:56:06-05:00,PUR_IED_FranciscoMati_S14_97dead,PUR_IED_FranciscoMati_S14_97dead,,,,,
2026-09-12T07:56:06-05:00,PUR_IED_FranciscoPS_Ext_7bfa9a,PUR_IED_FranciscoPS_Ext_7bfa9a,2,19,60,4.5899,-74.110397
2026-09-12T07:56:06-05:00,PUR_IED_FranciscoPS_Infor_fb8f4c,PUR_IED_FranciscoPS_Infor_fb8f4c,,,,,
2026-09-12T07:56:06-05:00,PUR_IED_FranciscoPS_Quimi_94d39c,PUR_IED_FranciscoPS_Quimi_94d39c,,,,,
2026-09-12T07:56:06-05:00,PUR_IED_FranciscoP_LabQ_d7e148,PUR_IED_FranciscoP_LabQ_d7e148,,,,,
2026-09-12T07:56:06-05:00,PUR_IED_FranciscoP_S28_cf9b30,PUR_IED_FranciscoP_S28_cf9b30,,,,,
2026-09-12T07:56:06-05:00,PUR_IED_FranciscoP_ext_e2313,PUR_IED_FranciscoP_ext_e2313,,,,,
2026-09-12T07:56:06-05:00,PUR_IED_FriederichN_Ext_8ac92a,PUR_IED_FriederichN_Ext_8ac92a,,,,,
2026-09-12T07:56:06-05:00,PUR_IED_FriederichN_S301_dd7e5a,PUR_IED_FriederichN_S301_dd7e5a,,,,,
2026-09-12T07:56:06-05:00,PUR_IED_FriederichN_S308_761f4f,PUR_IED_FriederichN_S308_761f4f,,,,,
2026-09-12T07:56:06-05:00,PUR_IED_GSantander_Aula10_533dd7,PUR_IED_GSantander_Aula10_533dd7,,,,,
2026-09-12T07:56:06-05:00,PUR_IED_GSantander_Aula12_fd4e4f,PUR_IED_GSantander_Aula12_fd4e4f,,,,,
2026-09-12T07:56:06-05:00,PUR_IED_GSantander_Aula310_533dd7,PUR_IED_GSantander_Aula310_533dd7,,,,,
2026-09-12T07:56:06-05:00,PUR_IED_GSantander_Aula312_fd4e4f,PUR_IED_GSantander_Aula312_fd4e4f,,,,,
2026-09-12T07:56:06-05:00,PUR_IED_GSantander_Ext_5f66b0,PUR_IED_GSantander_Ext_5f66b0,,,,,
2026-09-12T07:56:06-05:00,PUR_IED_GYomasa_Ext_f6bea5,PUR_IED_GYomasa_Ext_f6bea5,,,,,
2026-09-12T07:56:06-05:00,PUR_IED_GYomasa_LBiol_2c41aa,PUR_IED_GYomasa_LBiol_2c41aa,,,,,
2026-09-12T07:56:06-05:00,PUR_IED_GYomasa_LQuim_33c80,PUR_IED_GYomasa_LQuim_33c80,,,,,
2026-09-12T07:56:06-05:00,PUR_IED_GabBetMejia_Cienc_5a99c,PUR_IED_GabBetMejia_Cienc_5a99c,,,,,
2026-09-12T07:56:06-05:00,PUR_IED_GabBetMejia_Ext_9153d0,PUR_IED_GabBetMejia_Ext_9153d0,,,,,
2026-09-12T07:56:06-05:00,PUR_IED_GabBetMejia_Lab_f55347,PUR_IED_GabBetMejia_Lab_f55347,,,,,
2026-09-12T07:56:06-05:00,PUR_IED_GabBetanMejia_Ext_9153d0,PUR_IED_GabBetanMejia_Ext_9153d0,,,,,
2026-09-12T07:56:06-05:00,PUR_IED_Gaitana_Aula13_7aac11,PUR_IED_Gaitana_Aula13_7aac11,,,,,
2026-09-12T07:56:06-05:00,PUR_IED_Gaitana_Ext_5fcf4,PUR_IED_Gaitana_Ext_5fcf4,,,,,
2026-09-12T07:56:06-05:00,PUR_IED_Gaitana_LabFisica_644448,PUR_IED_Gaitana_LabFisica_644448,,,,,
2026-09-12T07:56:06-05:00,PUR_IED_GenSantander_Dise_8ac858,PUR_IED_GenSantander_Dise_8ac858,,,,,
2026-09-12T07:56:06-05:00,PUR_IED_GenSantander_Ext_8d5dfe,PUR_IED_GenSantander_Ext_8d5dfe,,,,,
2026-09-12T07:56:06-05:00,PUR_IED_GenSantander_Info_6c25b,PUR_IED_GenSantander_Info_6c25b,,,,,
2026-09-12T07:56:06-05:00,PUR_IED_GustavoMo_Exterio_75e63d,PUR_IED_GustavoMo_Exterio_75e63d,,,,,
2026-09-12T07:56:06-05:00,PUR_IED_GustavoMo_LabFisi_224d37,PUR_IED_GustavoMo_LabFisi_224d37,,,,,
2026-09-12T07:56:06-05:00,PUR_IED_GustavoMo_S208_3e6918,PUR_IED_GustavoMo_S208_3e6918,,,,,
2026-09-12T07:56:06-05:00,PUR_IED_GustavoR_A02_8cd4a8,PUR_IED_GustavoR_A02_8cd4a8,,,,,
2026-09-12T07:56:06-05:00,PUR_IED_GustavoR_B11_5b0ed,PUR_IED_GustavoR_B11_5b0ed,,,,,
2026-09-12T07:56:06-05:00,PUR_IED_GustavoR_Ext_7a0c90,PUR_IED_GustavoR_Ext_7a0c90,,,,,
2026-09-12T07:56:06-05:00,PUR_IED_HernandoDuran_Ext_8cd82b,PUR_IED_HernandoDuran_Ext_8cd82b,,,,,
2026-09-12T07:56:06-05:00,PUR_IED_HernandoDuran_S24_2772c6,PUR_IED_HernandoDuran_S24_2772c6,,,,,
2026-09-12T07:56:06-05:00,PUR_IED_HernandoDuran_S30_f2de41,PUR_IED_HernandoDuran_S30_f2de41,,,,,
2026-09-12T07:56:06-05:00,PUR_IED_HolguInUr_S1101_8cd732,PUR_IED_HolguInUr_S1101_8cd732,,,,,
2026-09-12T07:56:06-05:00,PUR_IED_HolguinUr_Exter_ddae6d,PUR_IED_HolguinUr_Exter_ddae6d,,,,,
2026-09-12T07:56:06-05:00,PUR_IED_HolguinUr_LabQuim_92b952,PUR_IED_HolguinUr_LabQuim_92b952,,,,,
2026-09-12T07:56:06-05:00,PUR_IED_Isabel-II_Ext_5245cc,PUR_IED_Isabel-II_Ext_5245cc,16,18,64,4.6336,-74.153
2026-09-12T07:56:06-05:00,PUR_IED_Isabel-II_S_idiom_1c29aa,PUR_IED_Isabel-II_S_idiom_1c29aa,,,,,
2026-09-12T07:56:06-05:00,PUR_IED_Isabel-II_S_infor_fd741,PUR_IED_Isabel-II_S_infor_fd741,,,,,
2026-09-12T07:56:06-05:00,PUR_IED_IsidroSur_Exterio_5b90ea,PUR_IED_IsidroSur_Exterio_5b90ea,,,,,
2026-09-12T07:56:06-05:00,PUR_IED_IsidroSur_LabTec_56697a,PUR_IED_IsidroSur_LabTec_56697a,,,,,
2026-09-12T07:56:06-05:00,PUR_IED_IsidroSur_Robotic_b7c38f,PUR_IED_IsidroSur_Robotic_b7c38f,,,,,
2026-09-12T07:56:06-05:00,PUR_IED_IsmaelPerd_Ext_7b6672,PUR_IED_IsmaelPerd_Ext_7b6672,,,,,
2026-09-12T07:56:06-05:00,PUR_IED_IsmaelPerd_Inform_306540,PUR_IED_IsmaelPerd_Inform_306540,,,,,
2026-09-12T07:56:06-05:00,PUR_IED_IsmaelPerd_S30_2e2c83,PUR_IED_IsmaelPerd_S30_2e2c83,,,,,
2026-09-12T07:56:06-05:00,PUR_IED_JLozano_Exter_432910,PUR_IED_JLozano_Exter_432910,,,,,
2026-09-12T07:56:06-05:00,PUR_IED_JLozano_salaMulti_df5125,PUR_IED_JLozano_salaMulti_df5125,,,,,
2026-09-12T07:56:06-05:00,PUR_IED_JMCordoba_206_86f80b,PUR_IED_JMCordoba_206_86f80b,,,,,
2026-09-12T07:56:06-05:00,PUR_IED_JMCordoba_Ext_27ad97,PUR_IED_JMCordoba_Ext_27ad97,,,,,
2026-09-12T07:56:06-05:00,PUR_IED_JMCordoba_S310_d59ab4,PUR_IED_JMCordoba_S310_d59ab4,,,,,
2026-09-12T07:56:06-05:00,PUR_IED_Japon_Ext_549100,PUR_IED_Japon_Ext_549100,,,,,
2026-09-12T07:56:06-05:00,PUR_IED_Japon_Laboratorio_bec51d,PUR_IED_Japon_Laboratorio_bec51d,,,,,
2026-09-12T07:56:06-05:00,PUR_IED_Japon_informatica_d99327,PUR_IED_Japon_informatica_d99327,,,,,
2026-09-12T07:56:06-05:00,PUR_IED_Jazmin_Ext_d27bda,PUR_IED_Jazmin_Ext_d27bda,,,,,
2026-09-12T07:56:06-05:00,PUR_IED_Jazmin_Fisica_8d14d7,PUR_IED_Jazmin_Fisica_8d14d7,,,,,
2026-09-12T07:56:06-05:00,PUR_IED_Jazmin_Quimica_801cb5,PUR_IED_Jazmin_Quimica_801cb5,,,,,
2026-09-12T07:56:06-05:00,PUR_IED_JorgeGaitan_Exter_f098d1,PUR_IED_JorgeGaitan_Exter_f098d1,,,,,
2026-09-12T07:56:06-05:00,PUR_IED_JorgeGaitan_STec1_dc9d1d,PUR_IED_JorgeGaitan_STec1_dc9d1d,,,,,
2026-09-12T07:56:06-05:00,PUR_IED_JorgeGaitan_STec2_281e69,PUR_IED_JorgeGaitan_STec2_281e69,,,,,
2026-09-12T07:56:06-05:00,PUR_IED_JorgeSoto_Exterio_d9d0a2,PUR_IED_JorgeSoto_Exterio_d9d0a2,,,,,
2026-09-12T07:56:06-05:00,PUR_IED_JorgeSoto_LabFisi_209c54,PUR_IED_JorgeSoto_LabFisi_209c54,,,,,
2026-09-12T07:56:06-05:00,PUR_IED_JorgeSoto_S103_27b51a,PUR_IED_JorgeSoto_S103_27b51a,,,,,
2026-09-12T07:56:06-05:00,PUR_IED_JoseAcevedo_A02_e965eb,PUR_IED_JoseAcevedo_A02_e965eb,,,,,
2026-09-12T07:56:06-05:00,PUR_IED_JoseAcevedo_A07_dd5b4,PUR_IED_JoseAcevedo_A07_dd5b4,,,,,
2026-09-12T07:56:06-05:00,PUR_IED_JoseAcevedo_Ext_b47484,PUR_IED_JoseAcevedo_Ext_b47484,,,,,
2026-09-12T07:56:06-05:00,PUR_IED_JoseMarti_Exte_5b9bf,PUR_IED_JoseMarti_Exte_5b9bf,,,,,
2026-09-12T07:56:06-05:00,PUR_IED_JoseMarti_LabQuim_1c6c2d,PUR_IED_JoseMarti_LabQuim_1c6c2d,,,,,
2026-09-12T07:56:06-05:00,PUR_IED_JoseMarti_S_info_f5f177,PUR_IED_JoseMarti_S_info_f5f177,,,,,
2026-09-12T07:56:06-05:00,PUR_IED_Josejoaquin_Ext_dfc5dc,PUR_IED_Josejoaquin_Ext_dfc5dc,,,,,
2026-09-12T07:56:06-05:00,PUR_IED_Josejoaquin_S05_5b2a96,PUR_IED_Josejoaquin_S05_5b2a96,,,,,
2026-09-12T07:56:06-05:00,PUR_IED_Josejoaquin_S06_1ce7d2,PUR_IED_Josejoaquin_S06_1ce7d2,,,,,
2026-09-12T07:56:06-05:00,PUR_IED_JulioFlorez_Danza_9b82dd,PUR_IED_JulioFlorez_Danza_9b82dd,,,,,
2026-09-12T07:56:06-05:00,PUR_IED_JulioFlorez_Exter_f9f314,PUR_IED_JulioFlorez_Exter_f9f314,,,,,
2026-09-12T07:56:06-05:00,PUR_IED_JulioFlorez_info2_6b6e08,PUR_IED_JulioFlorez_info2_6b6e08,,,,,
2026-09-12T07:56:06-05:00,PUR_IED_LaBelleza_Aula13_1d00d8,PUR_IED_LaBelleza_Aula13_1d00d8,,,,,
2026-09-12T07:56:06-05:00,PUR_IED_LaBelleza_Ext_7bc08c,PUR_IED_LaBelleza_Ext_7bc08c,,,,,
2026-09-12T07:56:06-05:00,PUR_IED_LaChucua_Ext_8cd6d2,PUR_IED_LaChucua_Ext_8cd6d2,,,,,
2026-09-12T07:56:06-05:00,PUR_IED_LaChucua_S15_f578ce,PUR_IED_LaChucua_S15_f578ce,,,,,
2026-09-12T07:56:06-05:00,PUR_IED_LaChucua_S16_eebcf9,PUR_IED_LaChucua_S16_eebcf9,,,,,
2026-09-12T07:56:06-05:00,PUR_IED_LaFelicidad_Ext_fb5109,PUR_IED_LaFelicidad_Ext_fb5109,,,,,
2026-09-12T07:56:06-05:00,PUR_IED_LaMerced_206_66ebd,PUR_IED_LaMerced_206_66ebd,,,,,
2026-09-12T07:56:06-05:00,PUR_IED_LaMerced_207_6ebd6,PUR_IED_LaMerced_207_6ebd6,,,,,
2026-09-12T07:56:06-05:00,PUR_IED_LaMerced_ext_304311,PUR_IED_LaMerced_ext_304311,,,,,
2026-09-12T07:56:06-05:00,PUR_IED_Laureano_CiencNat_281e5e,PUR_IED_Laureano_CiencNat_281e5e,,,,,
2026-09-12T07:56:06-05:00,PUR_IED_Laureano_Comedor_f65c0a,PUR_IED_Laureano_Comedor_f65c0a,,,,,
2026-09-12T07:56:06-05:00,PUR_IED_Laureano_Exterior_7ab011,PUR_IED_Laureano_Exterior_7ab011,,,,,
2026-09-12T07:56:06-05:00,PUR_IED_LeonGreiff_Exte_dfe560,PUR_IED_LeonGreiff_Exte_dfe560,,,,,
2026-09-12T07:56:06-05:00,PUR_IED_LeonGreiff_S210_f264ed,PUR_IED_LeonGreiff_S210_f264ed,,,,,
2026-09-12T07:56:06-05:00,PUR_IED_LeonGreiff_SQuimi_e8296f,PUR_IED_LeonGreiff_SQuimi_e8296f,,,,,
2026-09-12T07:56:06-05:00,PUR_IED_LlanoOrientalS208_7b9fcd,PUR_IED_LlanoOrientalS208_7b9fcd,,,,,
2026-09-12T07:56:06-05:00,PUR_IED_LlanoOriental_Ext_fb3766,PUR_IED_LlanoOriental_Ext_fb3766,,,,,
2026-09-12T07:56:06-05:00,PUR_IED_LlanoOriental_S208_7b9fcd,PUR_IED_LlanoOriental_S208_7b9fcd,,,,,
2026-09-12T07:56:06-05:00,PUR_IED_LlanoOriental_S9_27b378,PUR_IED_LlanoOriental_S9_27b378,,,,,
2026-09-12T07:56:06-05:00,PUR_IED_LosTejares_1101_477602,PUR_IED_LosTejares_1101_477602,,,,,
2026-09-12T07:56:06-05:00,PUR_IED_LosTejares_11_d2c595,PUR_IED_LosTejares_11_d2c595,,,,,
2026-09-12T07:56:06-05:00,PUR_IED_LosTejares_12_477602,PUR_IED_LosTejares_12_477602,,,,,
2026-09-12T07:56:06-05:00,PUR_IED_LosTejares_Ext_8e2115,PUR_IED_LosTejares_Ext_8e2115,,,,,
2026-09-12T07:56:06-05:00,PUR_IED_MagdalenaO_B202_5ddda3,PUR_IED_MagdalenaO_B202_5ddda3,,,,,
2026-09-12T07:56:06-05:00,PUR_IED_MagdalenaO_B205_fb76e8,PUR_IED_MagdalenaO_B205_fb76e8,,,,,
2026-09-12T07:56:06-05:00,PUR_IED_MagdalenaO_ext_dc69cd,PUR_IED_MagdalenaO_ext_dc69cd,,,,,
2026-09-12T07:56:06-05:00,PUR_IED_ManueCepeda_artes_eee956,PUR_IED_ManueCepeda_artes_eee956,,,,,
2026-09-12T07:56:06-05:00,PUR_IED_ManuelCepeda_Ext_58313,PUR_IED_ManuelCepeda_Ext_58313,,,,,
2026-09-12T07:56:06-05:00,PUR_IED_ManuelCepeda_tec_1c5731,PUR_IED_ManuelCepeda_tec_1c5731,,,,,
2026-09-12T07:56:06-05:00,PUR_IED_ManuelS_Exterior_5b269,PUR_IED_ManuelS_Exterior_5b269,,,,,
2026-09-12T07:56:06-05:00,PUR_IED_ManuelS_Inform_f369ce,PUR_IED_ManuelS_Inform_f369ce,,,,,
2026-09-12T07:56:06-05:00,PUR_IED_ManuelS_SArtes_7d15f1,PUR_IED_ManuelS_SArtes_7d15f1,,,,,
2026-09-12T07:56:06-05:00,PUR_IED_ManuelZapata_303_3ca6,PUR_IED_ManuelZapata_303_3ca6,,,,,
2026-09-12T07:56:06-05:00,PUR_IED_ManuelZapata_311_bfbabc,PUR_IED_ManuelZapata_311_bfbabc,,,,,
2026-09-12T07:56:06-05:00,PUR_IED_ManuelZapata_Ext_50824a,PUR_IED_ManuelZapata_Ext_50824a,,,,,
2026-09-12T07:56:06-05:00,PUR_IED_ManuelitaS_Exteri_656a92,PUR_IED_ManuelitaS_Exteri_656a92,,,,,
2026-09-12T07:56:06-05:00,PUR_IED_ManuelitaS_JuzgDe_f58ec3,PUR_IED_ManuelitaS_JuzgDe_f58ec3,,,,,
2026-09-12T07:56:06-05:00,PUR_IED_ManuelitaS_Recrea_d793db,PUR_IED_ManuelitaS_Recrea_d793db,,,,,
2026-09-12T07:56:06-05:00,PUR_IED_MarFidSuarez_Ext_c27b19,PUR_IED_MarFidSuarez_Ext_c27b19,,,,,
2026-09-12T07:56:06-05:00,PUR_IED_MarFidSuarez_Info_e384d7,PUR_IED_MarFidSuarez_Info_e384d7,,,,,
2026-09-12T07:56:06-05:00,PUR_IED_MarFidSuarez_S306_1d0032,PUR_IED_MarFidSuarez_S306_1d0032,,,,,
2026-09-12T07:56:06-05:00,PUR_IED_Menorah_301_2a25a3,PUR_IED_Menorah_301_2a25a3,,,,,
2026-09-12T07:56:06-05:00,PUR_IED_Menorah_306_37ed3,PUR_IED_Menorah_306_37ed3,,,,,
2026-09-12T07:56:06-05:00,PUR_IED_Menorah_Ext_3e155b,PUR_IED_Menorah_Ext_3e155b,,,,,
2026-09-12T07:56:06-05:00,PUR_IED_MinutoB.Aires_A11_1b1604,PUR_IED_MinutoB.Aires_A11_1b1604,,,,,
2026-09-12T07:56:06-05:00,PUR_IED_MinutoB.Aires_A12_fb5860,PUR_IED_MinutoB.Aires_A12_fb5860,,,,,
2026-09-12T07:56:06-05:00,PUR_IED_MinutoB.Aires_Ext_81293f,PUR_IED_MinutoB.Aires_Ext_81293f,,,,,
2026-09-12T07:56:06-05:00,PUR_IED_MinutoBAires_A11_1b1604,PUR_IED_MinutoBAires_A11_1b1604,,,,,
2026-09-12T07:56:06-05:00,PUR_IED_MinutoBAires_A12_fb5860,PUR_IED_MinutoBAires_A12_fb5860,,,,,
2026-09-12T07:56:06-05:00,PUR_IED_MinutoBAires_Ext_81293f,PUR_IED_MinutoBAires_Ext_81293f,,,,,
2026-09-12T07:56:06-05:00,PUR_IED_Montreal_Aula10_1e4959,PUR_IED_Montreal_Aula10_1e4959,,,,,
2026-09-12T07:56:06-05:00,PUR_IED_Montreal_Aula6_300367,PUR_IED_Montreal_Aula6_300367,,,,,
2026-09-12T07:56:06-05:00,PUR_IED_Montreal_Exterior_91a179,PUR_IED_Montreal_Exterior_91a179,,,,,
2026-09-12T07:56:06-05:00,PUR_IED_Mqgdalena_B202_5ddda3,PUR_IED_Mqgdalena_B202_5ddda3,,,,,
2026-09-12T07:56:06-05:00,PUR_IED_NACUND_Soc_dc8728,PUR_IED_NACUND_Soc_dc8728,,,,,
2026-09-12T07:56:06-05:00,PUR_IED_NACUND_ext_27ad97,PUR_IED_NACUND_ext_27ad97,,,,,
2026-09-12T07:56:06-05:00,PUR_IED_NEsperanza_Ext_d24b61,PUR_IED_NEsperanza_Ext_d24b61,,,,,
2026-09-12T07:56:06-05:00,PUR_IED_NEsperanza_SElect_7d1807,PUR_IED_NEsperanza_SElect_7d1807,,,,,
2026-09-12T07:56:06-05:00,PUR_IED_NEsperanza_SLabor_8b2d0a,PUR_IED_NEsperanza_SLabor_8b2d0a,,,,,
2026-09-12T07:56:06-05:00,PUR_IED_NacionesU_Ext_f661a9,PUR_IED_NacionesU_Ext_f661a9,,,,,
2026-09-12T07:56:06-05:00,PUR_IED_NacionesU_Quimica_66f0a,PUR_IED_NacionesU_Quimica_66f0a,,,,,
2026-09-12T07:56:06-05:00,PUR_IED_NacionesU_S306_1b4b3d,PUR_IED_NacionesU_S306_1b4b3d,,,,,
2026-09-12T07:56:06-05:00,PUR_IED_NestorFA_Ext_e4201c,PUR_IED_NestorFA_Ext_e4201c,,,,,
2026-09-12T07:56:06-05:00,PUR_IED_NestorFA_Laborato_f22fe0,PUR_IED_NestorFA_Laborato_f22fe0,,,,,
2026-09-12T07:56:06-05:00,PUR_IED_NestorFA_S204_dee996,PUR_IED_NestorFA_S204_dee996,,,,,
2026-09-12T07:56:06-05:00,PUR_IED_NidyaQT_Aula03_76999b,PUR_IED_NidyaQT_Aula03_76999b,,,,,
2026-09-12T07:56:06-05:00,PUR_IED_NidyaQT_Aula10_56325,PUR_IED_NidyaQT_Aula10_56325,,,,,
2026-09-12T07:56:06-05:00,PUR_IED_NidyaQT_Ext_46e32d,PUR_IED_NidyaQT_Ext_46e32d,,,,,
2026-09-12T07:56:06-05:00,PUR_IED_NuevaCol_Exterior_d9b859,PUR_IED_NuevaCol_Exterior_d9b859,,,,,
2026-09-12T07:56:06-05:00,PUR_IED_NuevaCol_S1101_76c43b,PUR_IED_NuevaCol_S1101_76c43b,,,,,
2026-09-12T07:56:06-05:00,PUR_IED_NuevaCol_S1102_1ce0b5,PUR_IED_NuevaCol_S1102_1ce0b5,,,,,
2026-09-12T07:56:06-05:00,PUR_IED_OEA_A202_f7e3f2,PUR_IED_OEA_A202_f7e3f2,,,,,
2026-09-12T07:56:06-05:00,PUR_IED_OEA_A203_7d1b8d,PUR_IED_OEA_A203_7d1b8d,,,,,
2026-09-12T07:56:06-05:00,PUR_IED_OEA_Ext_27b593,PUR_IED_OEA_Ext_27b593,,,,,
2026-09-12T07:56:06-05:00,PUR_IED_Ochoa_Ext_1c29da,PUR_IED_Ochoa_Ext_1c29da,4,15,97,4.503,-74.107201
2026-09-12T07:56:06-05:00,PUR_IED_Ochoa_S205_8b1121,PUR_IED_Ochoa_S205_8b1121,,,,,
2026-09-12T07:56:06-05:00,PUR_IED_Ochoa_Sistemas_f33af6,PUR_IED_Ochoa_Sistemas_f33af6,,,,,
2026-09-12T07:56:06-05:00,PUR_IED_PQuebec_Ext_1c67c7,PUR_IED_PQuebec_Ext_1c67c7,,,,,
2026-09-12T07:56:06-05:00,PUR_IED_PQuebec_S15_23e8e2,PUR_IED_PQuebec_S15_23e8e2,,,,,
2026-09-12T07:56:06-05:00,PUR_IED_PQuebec_S16_8ec76b,PUR_IED_PQuebec_S16_8ec76b,,,,,
2026-09-12T07:56:06-05:00,PUR_IED_PabloN_Ext_49dc96,PUR_IED_PabloN_Ext_49dc96,,,,,
2026-09-12T07:56:06-05:00,PUR_IED_PabloN_S1102_4e3df5,PUR_IED_PabloN_S1102_4e3df5,,,,,
2026-09-12T07:56:06-05:00,PUR_IED_PabloN_S1103_50c94b,PUR_IED_PabloN_S1103_50c94b,,,,,
2026-09-12T07:56:06-05:00,PUR_IED_Palestina_S1101_db9198,PUR_IED_Palestina_S1101_db9198,,,,,
2026-09-12T07:56:06-05:00,PUR_IED_Palestina_S1102_dc54fa,PUR_IED_Palestina_S1102_dc54fa,,,,,
2026-09-12T07:56:06-05:00,PUR_IED_Palestina_ext_4ccce6,PUR_IED_Palestina_ext_4ccce6,,,,,
2026-09-12T07:56:06-05:00,PUR_IED_Panama_Fisica_4d0794,PUR_IED_Panama_Fisica_4d0794,,,,,
2026-09-12T07:56:06-05:00,PUR_IED_Panama_SIngles_a4077e,PUR_IED_Panama_SIngles_a4077e,,,,,
2026-09-12T07:56:06-05:00,PUR_IED_Panama_ext_4c54b4,PUR_IED_Panama_ext_4c54b4,,,,,
2026-09-12T07:56:06-05:00,PUR_IED_ParaisoM_Exterior_8cd7f0,PUR_IED_ParaisoM_Exterior_8cd7f0,,,,,
2026-09-12T07:56:06-05:00,PUR_IED_ParaisoM_Laborato_27af35,PUR_IED_ParaisoM_Laborato_27af35,,,,,
2026-09-12T07:56:06-05:00,PUR_IED_ParaisoM_S304_d1edca,PUR_IED_ParaisoM_S304_d1edca,,,,,
2026-09-12T07:56:06-05:00,PUR_IED_PorfirioBarba_Ext_301466,PUR_IED_PorfirioBarba_Ext_301466,,,,,
2026-09-12T07:56:06-05:00,PUR_IED_PorfirioBarba_S11_df6cd2,PUR_IED_PorfirioBarba_S11_df6cd2,,,,,
2026-09-12T07:56:06-05:00,PUR_IED_PorfirioBarba_S29_27a7d6,PUR_IED_PorfirioBarba_S29_27a7d6,,,,,
2026-09-12T07:56:06-05:00,PUR_IED_PradoV_Exter_8b27ad,PUR_IED_PradoV_Exter_8b27ad,,,,,
2026-09-12T07:56:06-05:00,PUR_IED_PradoV_S301_de65b5,PUR_IED_PradoV_S301_de65b5,,,,,
2026-09-12T07:56:06-05:00,PUR_IED_PradoV_S302_7d2593,PUR_IED_PradoV_S302_7d2593,,,,,
2026-09-12T07:56:06-05:00,PUR_IED_QuirogaAlz_Ext_1ddc82,PUR_IED_QuirogaAlz_Ext_1ddc82,,,,,
2026-09-12T07:56:06-05:00,PUR_IED_QuirogaAlz_S302_9926a3,PUR_IED_QuirogaAlz_S302_9926a3,,,,,
2026-09-12T07:56:06-05:00,PUR_IED_QuirogaAlz_S305_cdf1f1,PUR_IED_QuirogaAlz_S305_cdf1f1,,,,,
2026-09-12T07:56:06-05:00,PUR_IED_RGuatemala_Biling_dc53b7,PUR_IED_RGuatemala_Biling_dc53b7,,,,,
2026-09-12T07:56:06-05:00,PUR_IED_RGuatemala_Ext_1b89a3,PUR_IED_RGuatemala_Ext_1b89a3,,,,,
2026-09-12T07:56:06-05:00,PUR_IED_RGuatemala_Tecnol_281a34,PUR_IED_RGuatemala_Tecnol_281a34,,,,,
2026-09-12T07:56:06-05:00,PUR_IED_RafaNu_Ext_f7c302,PUR_IED_RafaNu_Ext_f7c302,,,,,
2026-09-12T07:56:06-05:00,PUR_IED_RafaNu_S1101_25fde,PUR_IED_RafaNu_S1101_25fde,,,,,
2026-09-12T07:56:06-05:00,PUR_IED_RafaNu_S1102_281517,PUR_IED_RafaNu_S1102_281517,,,,,
2026-09-12T07:56:06-05:00,PUR_IED_RafaelB_S305_ee2783,PUR_IED_RafaelB_S305_ee2783,,,,,
2026-09-12T07:56:06-05:00,PUR_IED_RafaelB_S306_75fe33,PUR_IED_RafaelB_S306_75fe33,,,,,
2026-09-12T07:56:06-05:00,PUR_IED_RafaelB_ext_283336,PUR_IED_RafaelB_ext_283336,2,18,60,4.6722,-74.0737
2026-09-12T07:56:06-05:00,PUR_IED_RafaelUU_Exterior_281a51,PUR_IED_RafaelUU_Exterior_281a51,,,,,
2026-09-12T07:56:06-05:00,PUR_IED_RafaelUU_Human_806b2,PUR_IED_RafaelUU_Human_806b2,,,,,
2026-09-12T07:56:06-05:00,PUR_IED_RafaelUU_Mate2_5680d4,PUR_IED_RafaelUU_Mate2_5680d4,,,,,
2026-09-12T07:56:06-05:00,PUR_IED_RamonSub_Ext_f9eeb9,PUR_IED_RamonSub_Ext_f9eeb9,,,,,
2026-09-12T07:56:06-05:00,PUR_IED_RamonSub_Media_d1f62f,PUR_IED_RamonSub_Media_d1f62f,,,,,
2026-09-12T07:56:06-05:00,PUR_IED_RamonSub_planta_51b82,PUR_IED_RamonSub_planta_51b82,,,,,
2026-09-12T07:56:06-05:00,PUR_IED_RepBoliVene_Exter_27af7c,PUR_IED_RepBoliVene_Exter_27af7c,,,,,
2026-09-12T07:56:06-05:00,PUR_IED_RepBoliVene_SCPT_5ae2ee,PUR_IED_RepBoliVene_SCPT_5ae2ee,,,,,
2026-09-12T07:56:06-05:00,PUR_IED_RepBoliVene_Socia_4b11d5,PUR_IED_RepBoliVene_Socia_4b11d5,,,,,
2026-09-12T07:56:06-05:00,PUR_IED_RepChina_Ext_76d9ee,PUR_IED_RepChina_Ext_76d9ee,,,,,
2026-09-12T07:56:06-05:00,PUR_IED_RepChina_S404_7c804c,PUR_IED_RepChina_S404_7c804c,,,,,
2026-09-12T07:56:06-05:00,PUR_IED_RepChina_S405_df2c33,PUR_IED_RepChina_S405_df2c33,,,,,
2026-09-12T07:56:06-05:00,PUR_IED_RepublicaC_Exteri_7d1ec9,PUR_IED_RepublicaC_Exteri_7d1ec9,,,,,
2026-09-12T07:56:06-05:00,PUR_IED_RepublicaC_S1101_f544b3,PUR_IED_RepublicaC_S1101_f544b3,,,,,
2026-09-12T07:56:06-05:00,PUR_IED_RepublicaC_S1102_7aafc7,PUR_IED_RepublicaC_S1102_7aafc7,,,,,
2026-09-12T07:56:06-05:00,PUR_IED_Ricaurte_Externo_a0ea1,PUR_IED_Ricaurte_Externo_a0ea1,,,,,
2026-09-12T07:56:06-05:00,PUR_IED_Ricaurte_S210_f546fd,PUR_IED_Ricaurte_S210_f546fd,,,,,
2026-09-12T07:56:06-05:00,PUR_IED_Ricaurte_S309_d4452,PUR_IED_Ricaurte_S309_d4452,,,,,
2026-09-12T07:56:06-05:00,PUR_IED_RogelioS_1102_531e69,PUR_IED_RogelioS_1102_531e69,,,,,
2026-09-12T07:56:06-05:00,PUR_IED_RogelioS_Ext_f25a18,PUR_IED_RogelioS_Ext_f25a18,,,,,
2026-09-12T07:56:06-05:00,PUR_IED_SBernardino_Ext_27aff8,PUR_IED_SBernardino_Ext_27aff8,,,,,
2026-09-12T07:56:06-05:00,PUR_IED_SBernardino_SArte_2ffd33,PUR_IED_SBernardino_SArte_2ffd33,,,,,
2026-09-12T07:56:06-05:00,PUR_IED_SBernardino_SIngl_7c7da5,PUR_IED_SBernardino_SIngl_7c7da5,,,,,
2026-09-12T07:56:06-05:00,PUR_IED_Sago_auditorio_dc9d1d,PUR_IED_Sago_auditorio_dc9d1d,,,,,
2026-09-12T07:56:06-05:00,PUR_IED_Saludcoop_Ext_95aac3,PUR_IED_Saludcoop_Ext_95aac3,,,,,
2026-09-12T07:56:06-05:00,PUR_IED_Saludcoop_InfI_90c854,PUR_IED_Saludcoop_InfI_90c854,,,,,
2026-09-12T07:56:06-05:00,PUR_IED_Saludcoop_SMedia_1b93be,PUR_IED_Saludcoop_SMedia_1b93be,,,,,
2026-09-12T07:56:06-05:00,PUR_IED_SanCarlos_1101_1a2360,PUR_IED_SanCarlos_1101_1a2360,,,,,
2026-09-12T07:56:06-05:00,PUR_IED_SanCarlos_1103_7bafb5,PUR_IED_SanCarlos_1103_7bafb5,,,,,
2026-09-12T07:56:06-05:00,PUR_IED_SanCarlos_Ext_b7cd1,PUR_IED_SanCarlos_Ext_b7cd1,,,,,
2026-09-12T07:56:06-05:00,PUR_IED_SanIgnacioBosa11a_50c26e,PUR_IED_SanIgnacioBosa11a_50c26e,,,,,
2026-09-12T07:56:06-05:00,PUR_IED_SanIgnacioBosa11b_371de8,PUR_IED_SanIgnacioBosa11b_371de8,,,,,
2026-09-12T07:56:06-05:00,PUR_IED_SanIgnacioBosaExt_ef0ffc,PUR_IED_SanIgnacioBosaExt_ef0ffc,,,,,
2026-09-12T07:56:06-05:00,PUR_IED_SanIgnacioBosa_11a_50c26e,PUR_IED_SanIgnacioBosa_11a_50c26e,,,,,
2026-09-12T07:56:06-05:00,PUR_IED_SanIgnacioBosa_Ext_ef0ffc,PUR_IED_SanIgnacioBosa_Ext_ef0ffc,,,,,
2026-09-12T07:56:06-05:00,PUR_IED_SanJoseN_intS1101_31c47f,PUR_IED_SanJoseN_intS1101_31c47f,,,,,
2026-09-12T07:56:06-05:00,PUR_IED_SanJoseUsm_Exter_f5d7e8,PUR_IED_SanJoseUsm_Exter_f5d7e8,,,,,
2026-09-12T07:56:06-05:00,PUR_IED_SanJoseUsm_Int11A_cfdef6,PUR_IED_SanJoseUsm_Int11A_cfdef6,,,,,
2026-09-12T07:56:06-05:00,PUR_IED_SilveriaR_IntB5_905349,PUR_IED_SilveriaR_IntB5_905349,,,,,
2026-09-12T07:56:06-05:00,PUR_IED_SilveriaR_IntSD14_981f93,PUR_IED_SilveriaR_IntSD14_981f93,,,,,
2026-09-12T07:56:06-05:00,PUR_IED_SilveriaR_ext_2b651d,PUR_IED_SilveriaR_ext_2b651d,,,,,
2026-09-12T07:56:06-05:00,PUR_IED_SimonB_Exterior_913975,PUR_IED_SimonB_Exterior_913975,,,,,
2026-09-12T07:56:06-05:00,PUR_IED_SimonB_LabQuimi_c56908,PUR_IED_SimonB_LabQuimi_c56908,,,,,
2026-09-12T07:56:06-05:00,PUR_IED_SimonB_informatic_a28c1,PUR_IED_SimonB_informatic_a28c1,,,,,
2026-09-12T07:56:06-05:00,PUR_IED_Sorrento_1102_315f50,PUR_IED_Sorrento_1102_315f50,,,,,
2026-09-12T07:56:06-05:00,PUR_IED_Sorrento_Minte_214eab,PUR_IED_Sorrento_Minte_214eab,,,,,
2026-09-12T07:56:06-05:00,PUR_IED_Sorrento_ext_7c3a0a,PUR_IED_Sorrento_ext_7c3a0a,,,,,
2026-09-12T07:56:06-05:00,PUR_IED_Tabora_Ext_f048ae,PUR_IED_Tabora_Ext_f048ae,,,,,
2026-09-12T07:56:06-05:00,PUR_IED_Tabora_S1102_b07752,PUR_IED_Tabora_S1102_b07752,,,,,
2026-09-12T07:56:06-05:00,PUR_IED_Tabora_S1103_d988f5,PUR_IED_Tabora_S1103_d988f5,,,,,
2026-09-12T07:56:06-05:00,PUR_IED_Tenerife_Ext_1ab188,PUR_IED_Tenerife_Ext_1ab188,,,,,
2026-09-12T07:56:06-05:00,PUR_IED_Tenerife_SDanzas_7bc02e,PUR_IED_Tenerife_SDanzas_7bc02e,,,,,
2026-09-12T07:56:06-05:00,PUR_IED_Tenerife_SIngles_7cc277,PUR_IED_Tenerife_SIngles_7cc277,,,,,
2026-09-12T07:56:06-05:00,PUR_IED_Tibabuyes_Exter_f2683d,PUR_IED_Tibabuyes_Exter_f2683d,,,,,
2026-09-12T07:56:06-05:00,PUR_IED_Tibabuyes_S10_dc87a8,PUR_IED_Tibabuyes_S10_dc87a8,,,,,
2026-09-12T07:56:06-05:00,PUR_IED_Tibabuyes_S15_dc0526,PUR_IED_Tibabuyes_S15_dc0526,,,,,
2026-09-12T07:56:06-05:00,PUR_IED_UnionE_S301_a1043,PUR_IED_UnionE_S301_a1043,,,,,
2026-09-12T07:56:06-05:00,PUR_IED_UnionE_S307_ff6c2f,PUR_IED_UnionE_S307_ff6c2f,,,,,
2026-09-12T07:56:06-05:00,PUR_IED_UnionE__Ext_5e2468,PUR_IED_UnionE__Ext_5e2468,,,,,
2026-09-12T07:56:06-05:00,PUR_IED_VillaRica_Ext_75be7c,PUR_IED_VillaRica_Ext_75be7c,,,,,
2026-09-12T07:56:06-05:00,PUR_IED_VillaRica_S4_cc5dcd,PUR_IED_VillaRica_S4_cc5dcd,,,,,
2026-09-12T07:56:06-05:00,PUR_IED_VillaRica_Sesp_99f5c,PUR_IED_VillaRica_Sesp_99f5c,,,,,
2026-09-12T08:01:11-05:00,PUR_IED_20deJulio_1101_91b1b9,PUR_IED_20deJulio_1101_91b1b9,,,,,
2026-09-12T08:01:11-05:00,PUR_IED_20deJulio_1102_1cfcf9,PUR_IED_20deJulio_1102_1cfcf9,,,,,
2026-09-12T08:01:11-05:00,PUR_IED_20deJulio_Ext_ab60bd,PUR_IED_20deJulio_Ext_ab60bd,,,,,
2026-09-12T08:01:11-05:00,PUR_IED_AgustinFer_Ext_7b9b77,PUR_IED_AgustinFer_Ext_7b9b77,,,,,
2026-09-12T08:01:11-05:00,PUR_IED_AgustinFer_Info2_27b3a7,PUR_IED_AgustinFer_Info2_27b3a7,,,,,
2026-09-12T08:01:11-05:00,PUR_IED_AgustinFer_Sena_54b4eb,PUR_IED_AgustinFer_Sena_54b4eb,,,,,
2026-09-12T08:01:11-05:00,PUR_IED_AlexanderF_1102_caf07b,PUR_IED_AlexanderF_1102_caf07b,,,,,
2026-09-12T08:01:11-05:00,PUR_IED_AlexanderF_1103_c79e71,PUR_IED_AlexanderF_1103_c79e71,,,,,
2026-09-12T08:01:11-05:00,PUR_IED_AlexanderF_Ext_c5b18b,PUR_IED_AlexanderF_Ext_c5b18b,,,,,
2026-09-12T08:01:11-05:00,PUR_IED_AlfonsoLopez_Ext_281d77,PUR_IED_AlfonsoLopez_Ext_281d77,,,,,
2026-09-12T08:01:11-05:00,PUR_IED_AlfonsoLopez_LabF_888ce0,PUR_IED_AlfonsoLopez_LabF_888ce0,,,,,
2026-09-12T08:01:11-05:00,PUR_IED_AlfonsoLopez_SMed_df6a7f,PUR_IED_AlfonsoLopez_SMed_df6a7f,,,,,
2026-09-12T08:01:11-05:00,PUR_IED_AltamiraSO_A2_209f92,PUR_IED_AltamiraSO_A2_209f92,,,,,
2026-09-12T08:01:11-05:00,PUR_IED_AltamiraSO_Ext_186d66,PUR_IED_AltamiraSO_Ext_186d66,,,,,
2026-09-12T08:01:11-05:00,PUR_IED_AltamiraSO_Sistem_27afe1,PUR_IED_AltamiraSO_Sistem_27afe1,,,,,
2026-09-12T08:01:11-05:00,PUR_IED_AlvaroGom_LabQuim_813179,PUR_IED_AlvaroGom_LabQuim_813179,,,,,
2026-09-12T08:01:11-05:00,PUR_IED_AlvaroGomez_Ext_47c7ca,PUR_IED_AlvaroGomez_Ext_47c7ca,,,,,
2026-09-12T08:01:11-05:00,PUR_IED_AlvaroGomez_LabQuim_813179,PUR_IED_AlvaroGomez_LabQuim_813179,,,,,
2026-09-12T08:01:11-05:00,PUR_IED_AlvaroGomez_S23_7ba89f,PUR_IED_AlvaroGomez_S23_7ba89f,,,,,
2026-09-12T08:01:11-05:00,PUR_IED_Amistad_306_dc8728,PUR_IED_Amistad_306_dc8728,,,,,
2026-09-12T08:01:11-05:00,PUR_IED_Amistad_Ext_8cd55e,PUR_IED_Amistad_Ext_8cd55e,,,,,
2026-09-12T08:01:11-05:00,PUR_IED_Amistad_S202_a41169,PUR_IED_Amistad_S202_a41169,,,,,
2026-09-12T08:01:11-05:00,PUR_IED_AndresBello_Bio_fd5f5e,PUR_IED_AndresBello_Bio_fd5f5e,,,,,
2026-09-12T08:01:11-05:00,PUR_IED_AndresBello_ext_dcad65,PUR_IED_AndresBello_ext_dcad65,,,,,
2026-09-12T08:01:11-05:00,PUR_IED_AndresBello_port_eed3ec,PUR_IED_AndresBello_port_eed3ec,,,,,
2026-09-12T08:01:11-05:00,PUR_IED_AngelaR_11b_d90a6b,PUR_IED_AngelaR_11b_d90a6b,,,,,
2026-09-12T08:01:11-05:00,PUR_IED_AngelaR_ext_7cad3e,PUR_IED_AngelaR_ext_7cad3e,4,17,67,4.5825,-74.164497
2026-09-12T08:01:11-05:00,PUR_IED_AntJoseSucre_10mo_df2575,PUR_IED_AntJoseSucre_10mo_df2575,,,,,
2026-09-12T08:01:11-05:00,PUR_IED_AntJoseSucre_Ext_215b36,PUR_IED_AntJoseSucre_Ext_215b36,,,,,
2026-09-12T08:01:11-05:00,PUR_IED_AntJoseSucre_Lab_3139de,PUR_IED_AntJoseSucre_Lab_3139de,,,,,
2026-09-12T08:01:11-05:00,PUR_IED_AntonioGarcia_301_d6b188,PUR_IED_AntonioGarcia_301_d6b188,,,,,
2026-09-12T08:01:11-05:00,PUR_IED_AntonioGarcia_302_88a82,PUR_IED_AntonioGarcia_302_88a82,,,,,
2026-09-12T08:01:11-05:00,PUR_IED_AntonioGarcia_Ext_20950c,PUR_IED_AntonioGarcia_Ext_20950c,,,,,
2026-09-12T08:01:11-05:00,PUR_IED_AntonioVan_Aula2_6dea02,PUR_IED_AntonioVan_Aula2_6dea02,,,,,
2026-09-12T08:01:11-05:00,PUR_IED_AntonioVan_Aula5_f1557e,PUR_IED_AntonioVan_Aula5_f1557e,,,,,
2026-09-12T08:01:11-05:00,PUR_IED_AntonioVan_Ext_406f2f,PUR_IED_AntonioVan_Ext_406f2f,,,,,
2026-09-12T08:01:11-05:00,PUR_IED_Atabanzha_Ext_cc5af9,PUR_IED_Atabanzha_Ext_cc5af9,,,,,
2026-09-12T08:01:11-05:00,PUR_IED_Atabanzha_SA101_56c37,PUR_IED_Atabanzha_SA101_56c37,,,,,
2026-09-12T08:01:11-05:00,PUR_IED_Atabanzha_SB302_27b374,PUR_IED_Atabanzha_SB302_27b374,,,,,
2026-09-12T08:01:11-05:00,PUR_IED_Atahualpa_Ext_fc1748,PUR_IED_Atahualpa_Ext_fc1748,,,,,
2026-09-12T08:01:11-05:00,PUR_IED_Atahualpa_Informa_dc9a95,PUR_IED_Atahualpa_Informa_dc9a95,,,,,
2026-09-12T08:01:11-05:00,PUR_IED_Atahualpa_S1101_f98056,PUR_IED_Atahualpa_S1101_f98056,,,,,
2026-09-12T08:01:11-05:00,PUR_IED_Bellavista_Ext_f5aa74,PUR_IED_Bellavista_Ext_f5aa74,,,,,
2026-09-12T08:01:11-05:00,PUR_IED_Bilbao_11A_916c41,PUR_IED_Bilbao_11A_916c41,,,,,
2026-09-12T08:01:11-05:00,PUR_IED_Bilbao_Ext_fb579a,PUR_IED_Bilbao_Ext_fb579a,,,,,
2026-09-12T08:01:11-05:00,PUR_IED_BrasiliaU_A125_304280,PUR_IED_BrasiliaU_A125_304280,,,,,
2026-09-12T08:01:11-05:00,PUR_IED_BrasiliaU_A203_7c8ca5,PUR_IED_BrasiliaU_A203_7c8ca5,,,,,
2026-09-12T08:01:11-05:00,PUR_IED_BrasiliaU_Ext_8d6e9f,PUR_IED_BrasiliaU_Ext_8d6e9f,4,17,67,4.5175,-74.116302
2026-09-12T08:01:11-05:00,PUR_IED_Brasilia_Ext_fe6593,PUR_IED_Brasilia_Ext_fe6593,,,,,
2026-09-12T08:01:11-05:00,PUR_IED_Brasilia_S24_7c130d,PUR_IED_Brasilia_S24_7c130d,,,,,
2026-09-12T08:01:11-05:00,PUR_IED_Brasilia_S501_186a54,PUR_IED_Brasilia_S501_186a54,,,,,
2026-09-12T08:01:11-05:00,PUR_IED_CHARRY_EXT_f1d5cd,PUR_IED_CHARRY_EXT_f1d5cd,,,,,
2026-09-12T08:01:11-05:00,PUR_IED_CHARRY_INTDANZAS_7a08e6,PUR_IED_CHARRY_INTDANZAS_7a08e6,,,,,
2026-09-12T08:01:11-05:00,PUR_IED_CHARRY_INT_AULA20_dc998d,PUR_IED_CHARRY_INT_AULA20_dc998d,,,,,
2026-09-12T08:01:11-05:00,PUR_IED_COLVIV_1101_S25_7f520a,PUR_IED_COLVIV_1101_S25_7f520a,,,,,
2026-09-12T08:01:11-05:00,PUR_IED_COLVIV_1102_S16_f570ba,PUR_IED_COLVIV_1102_S16_f570ba,,,,,
2026-09-12T08:01:11-05:00,PUR_IED_COLVIV_Ext_1a26fa,PUR_IED_COLVIV_Ext_1a26fa,,,,,
2026-09-12T08:01:11-05:00,PUR_IED_CULPOP_301A_f660f3,PUR_IED_CULPOP_301A_f660f3,,,,,
2026-09-12T08:01:11-05:00,PUR_IED_CULPOP_303_568afe,PUR_IED_CULPOP_303_568afe,,,,,
2026-09-12T08:01:11-05:00,PUR_IED_CULPOP_Ext_e02ccb,PUR_IED_CULPOP_Ext_e02ccb,,,,,
2026-09-12T08:01:11-05:00,PUR_IED_CVillavicen_Ext_26eb58,PUR_IED_CVillavicen_Ext_26eb58,5,14,82,4.487,-74.102798
2026-09-12T08:01:11-05:00,PUR_IED_CVillavicen_Intel_1ce5c2,PUR_IED_CVillavicen_Intel_1ce5c2,,,,,
2026-09-12T08:01:11-05:00,PUR_IED_CVillavicen_Poliv_e0766c,PUR_IED_CVillavicen_Poliv_e0766c,,,,,
2026-09-12T08:01:11-05:00,PUR_IED_CVillavicen_int_1ba140,PUR_IED_CVillavicen_int_1ba140,,,,,
2026-09-12T08:01:11-05:00,PUR_IED_CVillavicen_intel_1ba140,PUR_IED_CVillavicen_intel_1ba140,,,,,
2026-09-12T08:01:11-05:00,PUR_IED_CarlosPizarro_Ext_e307cc,PUR_IED_CarlosPizarro_Ext_e307cc,,,,,
2026-09-12T08:01:11-05:00,PUR_IED_CarlosPizarro_L36_7e5cdb,PUR_IED_CarlosPizarro_L36_7e5cdb,,,,,
2026-09-12T08:01:11-05:00,PUR_IED_CarlosPizarro_L37_c8566c,PUR_IED_CarlosPizarro_L37_c8566c,,,,,
2026-09-12T08:01:11-05:00,PUR_IED_Castilla_Ext_cf35f,PUR_IED_Castilla_Ext_cf35f,,,,,
2026-09-12T08:01:11-05:00,PUR_IED_Castilla_SFisik_360e38,PUR_IED_Castilla_SFisik_360e38,,,,,
2026-09-12T08:01:11-05:00,PUR_IED_Castilla_Sc304_496fbf,PUR_IED_Castilla_Sc304_496fbf,,,,,
2026-09-12T08:01:11-05:00,PUR_IED_CervantesSa_Ext_6b57b,PUR_IED_CervantesSa_Ext_6b57b,3,17,73,4.5128,-74.117203
2026-09-12T08:01:11-05:00,PUR_IED_CervantesSa_S107_225c2b,PUR_IED_CervantesSa_S107_225c2b,,,,,
2026-09-12T08:01:11-05:00,PUR_IED_CervantesSa_S108_940925,PUR_IED_CervantesSa_S108_940925,,,,,
2026-09-12T08:01:11-05:00,PUR_IED_Charry_A20_f53e7c,PUR_IED_Charry_A20_f53e7c,,,,,
2026-09-12T08:01:11-05:00,PUR_IED_Charry_Ext_f1d5cd,PUR_IED_Charry_Ext_f1d5cd,,,,,
2026-09-12T08:01:11-05:00,PUR_IED_Charry_IntAula20_dc998d,PUR_IED_Charry_IntAula20_dc998d,,,,,
2026-09-12T08:01:11-05:00,PUR_IED_Charry_IntDanzas_7a08e6,PUR_IED_Charry_IntDanzas_7a08e6,,,,,
2026-09-12T08:01:11-05:00,PUR_IED_ClememciaC_203_43e2fc,PUR_IED_ClememciaC_203_43e2fc,,,,,
2026-09-12T08:01:11-05:00,PUR_IED_ClememciaC_Ext_1b411a,PUR_IED_ClememciaC_Ext_1b411a,,,,,
2026-09-12T08:01:11-05:00,PUR_IED_ClememciaC_Quimic_44b5fc,PUR_IED_ClememciaC_Quimic_44b5fc,,,,,
2026-09-12T08:01:11-05:00,PUR_IED_ClemenciaC_203_43e2fc,PUR_IED_ClemenciaC_203_43e2fc,,,,,
2026-09-12T08:01:11-05:00,PUR_IED_ClemenciaC_Ext_1b411a,PUR_IED_ClemenciaC_Ext_1b411a,,,,,
2026-09-12T08:01:11-05:00,PUR_IED_ClemenciaC_Quimic_44b5fc,PUR_IED_ClemenciaC_Quimic_44b5fc,,,,,
2026-09-12T08:01:11-05:00,PUR_IED_ColViva_1101_S25_7f520a,PUR_IED_ColViva_1101_S25_7f520a,,,,,
2026-09-12T08:01:11-05:00,PUR_IED_ColViva_1102_S16_f570ba,PUR_IED_ColViva_1102_S16_f570ba,,,,,
2026-09-12T08:01:11-05:00,PUR_IED_ColViva_Ext_1a26fa,PUR_IED_ColViva_Ext_1a26fa,,,,,
2026-09-12T08:01:11-05:00,PUR_IED_ColegioBici_Asist_7c8798,PUR_IED_ColegioBici_Asist_7c8798,,,,,
2026-09-12T08:01:11-05:00,PUR_IED_ColegioBici_Ext_25cbf6,PUR_IED_ColegioBici_Ext_25cbf6,,,,,
2026-09-12T08:01:11-05:00,PUR_IED_ColegioBici_LabQ_7b57db,PUR_IED_ColegioBici_LabQ_7b57db,,,,,
2026-09-12T08:01:11-05:00,PUR_IED_CostaRica_Ext_5e640,PUR_IED_CostaRica_Ext_5e640,,,,,
2026-09-12T08:01:11-05:00,PUR_IED_CostaRica_Quim1_766d1c,PUR_IED_CostaRica_Quim1_766d1c,,,,,
2026-09-12T08:01:11-05:00,PUR_IED_CostaRica__Fisica_6f0873,PUR_IED_CostaRica__Fisica_6f0873,,,,,
2026-09-12T08:01:11-05:00,PUR_IED_CulPopu_301A_f660f3,PUR_IED_CulPopu_301A_f660f3,,,,,
2026-09-12T08:01:11-05:00,PUR_IED_CulPopu_303_568afe,PUR_IED_CulPopu_303_568afe,,,,,
2026-09-12T08:01:11-05:00,PUR_IED_CulPopu_Ext_e02ccb,PUR_IED_CulPopu_Ext_e02ccb,,,,,
2026-09-12T08:01:11-05:00,PUR_IED_Cundinamarca_Ext_f15985,PUR_IED_Cundinamarca_Ext_f15985,,,,,
2026-09-12T08:01:11-05:00,PUR_IED_Cundinamarca_Info_7aa5d7,PUR_IED_Cundinamarca_Info_7aa5d7,,,,,
2026-09-12T08:01:11-05:00,PUR_IED_Cundinamarca_Tec2_f449c7,PUR_IED_Cundinamarca_Tec2_f449c7,,,,,
2026-09-12T08:01:11-05:00,PUR_IED_DiegoM_Aula1_27b314,PUR_IED_DiegoM_Aula1_27b314,,,,,
2026-09-12T08:01:11-05:00,PUR_IED_DiegoM_Ext_d80ac8,PUR_IED_DiegoM_Ext_d80ac8,,,,,
2026-09-12T08:01:11-05:00,PUR_IED_DiegoM_S25_da928f,PUR_IED_DiegoM_S25_da928f,,,,,
2026-09-12T08:01:11-05:00,PUR_IED_ELRODEO_360881,PUR_IED_ELRODEO_360881,,,,,
2026-09-12T08:01:11-05:00,PUR_IED_ELRODEO_ext_360881,PUR_IED_ELRODEO_ext_360881,,,,,
2026-09-12T08:01:11-05:00,PUR_IED_EduardoU_Ext_1c1969,PUR_IED_EduardoU_Ext_1c1969,,,,,
2026-09-12T08:01:11-05:00,PUR_IED_EduardoU_SCiencia_4dfb94,PUR_IED_EduardoU_SCiencia_4dfb94,,,,,
2026-09-12T08:01:11-05:00,PUR_IED_EduardoU_SQuimica_5a46e7,PUR_IED_EduardoU_SQuimica_5a46e7,,,,,
2026-09-12T08:01:11-05:00,PUR_IED_ElRodeo_Aula14_676984,PUR_IED_ElRodeo_Aula14_676984,,,,,
2026-09-12T08:01:11-05:00,PUR_IED_ElRodeo_Aula16_2dd35b,PUR_IED_ElRodeo_Aula16_2dd35b,,,,,
2026-09-12T08:01:11-05:00,PUR_IED_ElRodeo_Ext_360881,PUR_IED_ElRodeo_Ext_360881,,,,,
2026-09-12T08:01:11-05:00,PUR_IED_ElRodeo_Exterior_8c6d28,PUR_IED_ElRodeo_Exterior_8c6d28,,,,,
2026-09-12T08:01:11-05:00,PUR_IED_ElRodeo_ext_360881,PUR_IED_ElRodeo_ext_360881,,,,,
2026-09-12T08:01:11-05:00,PUR_IED_EmmaReyes_Ext_987625,PUR_IED_EmmaReyes_Ext_987625,6,21,53,4.6367,-74.1511
2026-09-12T08:01:11-05:00,PUR_IED_Ensueño_Ext_7f0250,PUR_IED_Ensueño_Ext_7f0250,,,,,
2026-09-12T08:01:11-05:00,PUR_IED_EscNormal_Ext_5fef3b,PUR_IED_EscNormal_Ext_5fef3b,2,18,63,4.5852,-74.096901
2026-09-12T08:01:11-05:00,PUR_IED_EscNormal_S309_5b263,PUR_IED_EscNormal_S309_5b263,,,,,
2026-09-12T08:01:11-05:00,PUR_IED_EscNormal_S310_27b3b8,PUR_IED_EscNormal_S310_27b3b8,,,,,
2026-09-12T08:01:11-05:00,PUR_IED_Evangelista_Conta_f6cd4f,PUR_IED_Evangelista_Conta_f6cd4f,,,,,
2026-09-12T08:01:11-05:00,PUR_IED_Evangelista_Cri_5e16a,PUR_IED_Evangelista_Cri_5e16a,,,,,
2026-09-12T08:01:11-05:00,PUR_IED_Evangelista_Exter_754066,PUR_IED_Evangelista_Exter_754066,,,,,
2026-09-12T08:01:11-05:00,PUR_IED_FMiranda_S209_5cc2a3,PUR_IED_FMiranda_S209_5cc2a3,,,,,
2026-09-12T08:01:11-05:00,PUR_IED_FMiranda_S303_19e344,PUR_IED_FMiranda_S303_19e344,,,,,
2026-09-12T08:01:11-05:00,PUR_IED_FMiranda_ext_f53e7c,PUR_IED_FMiranda_ext_f53e7c,,,,,
2026-09-12T08:01:11-05:00,PUR_IED_FabioLozano_Bibli_1cee05,PUR_IED_FabioLozano_Bibli_1cee05,,,,,
2026-09-12T08:01:11-05:00,PUR_IED_FabioLozano_Ext_6ea285,PUR_IED_FabioLozano_Ext_6ea285,,,,,
2026-09-12T08:01:11-05:00,PUR_IED_FabioLozano_SLudi_f09e1e,PUR_IED_FabioLozano_SLudi_f09e1e,,,,,
2026-09-12T08:01:11-05:00,PUR_IED_FaustinoS_Aula07_27a731,PUR_IED_FaustinoS_Aula07_27a731,,,,,
2026-09-12T08:01:11-05:00,PUR_IED_FaustinoS_Ext_7b936f,PUR_IED_FaustinoS_Ext_7b936f,,,,,
2026-09-12T08:01:11-05:00,PUR_IED_FaustinoS_Fisica_da2c60,PUR_IED_FaustinoS_Fisica_da2c60,,,,,
2026-09-12T08:01:11-05:00,PUR_IED_FeGarciaLo_Ext_dc68ee,PUR_IED_FeGarciaLo_Ext_dc68ee,,,,,
2026-09-12T08:01:11-05:00,PUR_IED_FeGarciaLo_SDanza_f70a59,PUR_IED_FeGarciaLo_SDanza_f70a59,,,,,
2026-09-12T08:01:11-05:00,PUR_IED_FeGarciaLo_SMusic_125cdd,PUR_IED_FeGarciaLo_SMusic_125cdd,,,,,
2026-09-12T08:01:11-05:00,PUR_IED_FederalAlema_Exte_50c345,PUR_IED_FederalAlema_Exte_50c345,,,,,
2026-09-12T08:01:11-05:00,PUR_IED_FederalAlema_S31_f18371,PUR_IED_FederalAlema_S31_f18371,,,,,
2026-09-12T08:01:11-05:00,PUR_IED_FederalAlema_S901_a62cd,PUR_IED_FederalAlema_S901_a62cd,,,,,
2026-09-12T08:01:11-05:00,PUR_IED_FilarmonicaS_A5_f35eb1,PUR_IED_FilarmonicaS_A5_f35eb1,,,,,
2026-09-12T08:01:11-05:00,PUR_IED_FilarmonicaS_Ext_8a3bde,PUR_IED_FilarmonicaS_Ext_8a3bde,,,,,
2026-09-12T08:01:11-05:00,PUR_IED_FilarmonicaS_Spol_406114,PUR_IED_FilarmonicaS_Spol_406114,,,,,
2026-09-12T08:01:11-05:00,PUR_IED_FlorentinoG_A13_d1fa59,PUR_IED_FlorentinoG_A13_d1fa59,,,,,
2026-09-12T08:01:11-05:00,PUR_IED_FlorentinoG_Ext_1ce6ce,PUR_IED_FlorentinoG_Ext_1ce6ce,,,,,
2026-09-12T08:01:11-05:00,PUR_IED_FlorentinoG_Idiom_a66aac,PUR_IED_FlorentinoG_Idiom_a66aac,,,,,
2026-09-12T08:01:11-05:00,PUR_IED_FranciscoMati_Ext_e3869d,PUR_IED_FranciscoMati_Ext_e3869d,,,,,
2026-09-12T08:01:11-05:00,PUR_IED_FranciscoMati_S13_f31c67,PUR_IED_FranciscoMati_S13_f31c67,,,,,
2026-09-12T08:01:11-05:00,PUR_IED_FranciscoMati_S14_97dead,PUR_IED_FranciscoMati_S14_97dead,,,,,
2026-09-12T08:01:11-05:00,PUR_IED_FranciscoPS_Ext_7bfa9a,PUR_IED_FranciscoPS_Ext_7bfa9a,2,19,60,4.5899,-74.110397
2026-09-12T08:01:11-05:00,PUR_IED_FranciscoPS_Infor_fb8f4c,PUR_IED_FranciscoPS_Infor_fb8f4c,,,,,
2026-09-12T08:01:11-05:00,PUR_IED_FranciscoPS_Quimi_94d39c,PUR_IED_FranciscoPS_Quimi_94d39c,,,,,
2026-09-12T08:01:11-05:00,PUR_IED_FranciscoP_LabQ_d7e148,PUR_IED_FranciscoP_LabQ_d7e148,,,,,
2026-09-12T08:01:11-05:00,PUR_IED_FranciscoP_S28_cf9b30,PUR_IED_FranciscoP_S28_cf9b30,,,,,
2026-09-12T08:01:11-05:00,PUR_IED_FranciscoP_ext_e2313,PUR_IED_FranciscoP_ext_e2313,,,,,
2026-09-12T08:01:11-05:00,PUR_IED_FriederichN_Ext_8ac92a,PUR_IED_FriederichN_Ext_8ac92a,,,,,
2026-09-12T08:01:11-05:00,PUR_IED_FriederichN_S301_dd7e5a,PUR_IED_FriederichN_S301_dd7e5a,,,,,
2026-09-12T08:01:11-05:00,PUR_IED_FriederichN_S308_761f4f,PUR_IED_FriederichN_S308_761f4f,,,,,
2026-09-12T08:01:11-05:00,PUR_IED_GSantander_Aula10_533dd7,PUR_IED_GSantander_Aula10_533dd7,,,,,
2026-09-12T08:01:11-05:00,PUR_IED_GSantander_Aula12_fd4e4f,PUR_IED_GSantander_Aula12_fd4e4f,,,,,
2026-09-12T08:01:11-05:00,PUR_IED_GSantander_Aula310_533dd7,PUR_IED_GSantander_Aula310_533dd7,,,,,
2026-09-12T08:01:11-05:00,PUR_IED_GSantander_Aula312_fd4e4f,PUR_IED_GSantander_Aula312_fd4e4f,,,,,
2026-09-12T08:01:11-05:00,PUR_IED_GSantander_Ext_5f66b0,PUR_IED_GSantander_Ext_5f66b0,,,,,
2026-09-12T08:01:11-05:00,PUR_IED_GYomasa_Ext_f6bea5,PUR_IED_GYomasa_Ext_f6bea5,,,,,
2026-09-12T08:01:11-05:00,PUR_IED_GYomasa_LBiol_2c41aa,PUR_IED_GYomasa_LBiol_2c41aa,,,,,
2026-09-12T08:01:11-05:00,PUR_IED_GYomasa_LQuim_33c80,PUR_IED_GYomasa_LQuim_33c80,,,,,
2026-09-12T08:01:11-05:00,PUR_IED_GabBetMejia_Cienc_5a99c,PUR_IED_GabBetMejia_Cienc_5a99c,,,,,
2026-09-12T08:01:11-05:00,PUR_IED_GabBetMejia_Ext_9153d0,PUR_IED_GabBetMejia_Ext_9153d0,,,,,
2026-09-12T08:01:11-05:00,PUR_IED_GabBetMejia_Lab_f55347,PUR_IED_GabBetMejia_Lab_f55347,,,,,
2026-09-12T08:01:11-05:00,PUR_IED_GabBetanMejia_Ext_9153d0,PUR_IED_GabBetanMejia_Ext_9153d0,,,,,
2026-09-12T08:01:11-05:00,PUR_IED_Gaitana_Aula13_7aac11,PUR_IED_Gaitana_Aula13_7aac11,,,,,
2026-09-12T08:01:11-05:00,PUR_IED_Gaitana_Ext_5fcf4,PUR_IED_Gaitana_Ext_5fcf4,,,,,
2026-09-12T08:01:11-05:00,PUR_IED_Gaitana_LabFisica_644448,PUR_IED_Gaitana_LabFisica_644448,,,,,
2026-09-12T08:01:11-05:00,PUR_IED_GenSantander_Dise_8ac858,PUR_IED_GenSantander_Dise_8ac858,,,,,
2026-09-12T08:01:11-05:00,PUR_IED_GenSantander_Ext_8d5dfe,PUR_IED_GenSantander_Ext_8d5dfe,,,,,
2026-09-12T08:01:11-05:00,PUR_IED_GenSantander_Info_6c25b,PUR_IED_GenSantander_Info_6c25b,,,,,
2026-09-12T08:01:11-05:00,PUR_IED_GustavoMo_Exterio_75e63d,PUR_IED_GustavoMo_Exterio_75e63d,,,,,
2026-09-12T08:01:11-05:00,PUR_IED_GustavoMo_LabFisi_224d37,PUR_IED_GustavoMo_LabFisi_224d37,,,,,
2026-09-12T08:01:11-05:00,PUR_IED_GustavoMo_S208_3e6918,PUR_IED_GustavoMo_S208_3e6918,,,,,
2026-09-12T08:01:11-05:00,PUR_IED_GustavoR_A02_8cd4a8,PUR_IED_GustavoR_A02_8cd4a8,,,,,
2026-09-12T08:01:11-05:00,PUR_IED_GustavoR_B11_5b0ed,PUR_IED_GustavoR_B11_5b0ed,,,,,
2026-09-12T08:01:11-05:00,PUR_IED_GustavoR_Ext_7a0c90,PUR_IED_GustavoR_Ext_7a0c90,,,,,
2026-09-12T08:01:11-05:00,PUR_IED_HernandoDuran_Ext_8cd82b,PUR_IED_HernandoDuran_Ext_8cd82b,,,,,
2026-09-12T08:01:11-05:00,PUR_IED_HernandoDuran_S24_2772c6,PUR_IED_HernandoDuran_S24_2772c6,,,,,
2026-09-12T08:01:11-05:00,PUR_IED_HernandoDuran_S30_f2de41,PUR_IED_HernandoDuran_S30_f2de41,,,,,
2026-09-12T08:01:11-05:00,PUR_IED_HolguInUr_S1101_8cd732,PUR_IED_HolguInUr_S1101_8cd732,,,,,
2026-09-12T08:01:11-05:00,PUR_IED_HolguinUr_Exter_ddae6d,PUR_IED_HolguinUr_Exter_ddae6d,,,,,
2026-09-12T08:01:11-05:00,PUR_IED_HolguinUr_LabQuim_92b952,PUR_IED_HolguinUr_LabQuim_92b952,,,,,
2026-09-12T08:01:11-05:00,PUR_IED_Isabel-II_Ext_5245cc,PUR_IED_Isabel-II_Ext_5245cc,11,18,64,4.6336,-74.153
2026-09-12T08:01:11-05:00,PUR_IED_Isabel-II_S_idiom_1c29aa,PUR_IED_Isabel-II_S_idiom_1c29aa,,,,,
2026-09-12T08:01:11-05:00,PUR_IED_Isabel-II_S_infor_fd741,PUR_IED_Isabel-II_S_infor_fd741,,,,,
2026-09-12T08:01:11-05:00,PUR_IED_IsidroSur_Exterio_5b90ea,PUR_IED_IsidroSur_Exterio_5b90ea,,,,,
2026-09-12T08:01:11-05:00,PUR_IED_IsidroSur_LabTec_56697a,PUR_IED_IsidroSur_LabTec_56697a,,,,,
2026-09-12T08:01:11-05:00,PUR_IED_IsidroSur_Robotic_b7c38f,PUR_IED_IsidroSur_Robotic_b7c38f,,,,,
2026-09-12T08:01:11-05:00,PUR_IED_IsmaelPerd_Ext_7b6672,PUR_IED_IsmaelPerd_Ext_7b6672,,,,,
2026-09-12T08:01:11-05:00,PUR_IED_IsmaelPerd_Inform_306540,PUR_IED_IsmaelPerd_Inform_306540,,,,,
2026-09-12T08:01:11-05:00,PUR_IED_IsmaelPerd_S30_2e2c83,PUR_IED_IsmaelPerd_S30_2e2c83,,,,,
2026-09-12T08:01:11-05:00,PUR_IED_JLozano_Exter_432910,PUR_IED_JLozano_Exter_432910,,,,,
2026-09-12T08:01:11-05:00,PUR_IED_JLozano_salaMulti_df5125,PUR_IED_JLozano_salaMulti_df5125,,,,,
2026-09-12T08:01:11-05:00,PUR_IED_JMCordoba_206_86f80b,PUR_IED_JMCordoba_206_86f80b,,,,,
2026-09-12T08:01:11-05:00,PUR_IED_JMCordoba_Ext_27ad97,PUR_IED_JMCordoba_Ext_27ad97,,,,,
2026-09-12T08:01:11-05:00,PUR_IED_JMCordoba_S310_d59ab4,PUR_IED_JMCordoba_S310_d59ab4,,,,,
2026-09-12T08:01:11-05:00,PUR_IED_Japon_Ext_549100,PUR_IED_Japon_Ext_549100,,,,,
2026-09-12T08:01:11-05:00,PUR_IED_Japon_Laboratorio_bec51d,PUR_IED_Japon_Laboratorio_bec51d,,,,,
2026-09-12T08:01:11-05:00,PUR_IED_Japon_informatica_d99327,PUR_IED_Japon_informatica_d99327,,,,,
2026-09-12T08:01:11-05:00,PUR_IED_Jazmin_Ext_d27bda,PUR_IED_Jazmin_Ext_d27bda,,,,,
2026-09-12T08:01:11-05:00,PUR_IED_Jazmin_Fisica_8d14d7,PUR_IED_Jazmin_Fisica_8d14d7,,,,,
2026-09-12T08:01:11-05:00,PUR_IED_Jazmin_Quimica_801cb5,PUR_IED_Jazmin_Quimica_801cb5,,,,,
2026-09-12T08:01:11-05:00,PUR_IED_JorgeGaitan_Exter_f098d1,PUR_IED_JorgeGaitan_Exter_f098d1,,,,,
2026-09-12T08:01:11-05:00,PUR_IED_JorgeGaitan_STec1_dc9d1d,PUR_IED_JorgeGaitan_STec1_dc9d1d,,,,,
2026-09-12T08:01:11-05:00,PUR_IED_JorgeGaitan_STec2_281e69,PUR_IED_JorgeGaitan_STec2_281e69,,,,,
2026-09-12T08:01:11-05:00,PUR_IED_JorgeSoto_Exterio_d9d0a2,PUR_IED_JorgeSoto_Exterio_d9d0a2,,,,,
2026-09-12T08:01:11-05:00,PUR_IED_JorgeSoto_LabFisi_209c54,PUR_IED_JorgeSoto_LabFisi_209c54,,,,,
2026-09-12T08:01:11-05:00,PUR_IED_JorgeSoto_S103_27b51a,PUR_IED_JorgeSoto_S103_27b51a,,,,,
2026-09-12T08:01:11-05:00,PUR_IED_JoseAcevedo_A02_e965eb,PUR_IED_JoseAcevedo_A02_e965eb,,,,,
2026-09-12T08:01:11-05:00,PUR_IED_JoseAcevedo_A07_dd5b4,PUR_IED_JoseAcevedo_A07_dd5b4,,,,,
2026-09-12T08:01:11-05:00,PUR_IED_JoseAcevedo_Ext_b47484,PUR_IED_JoseAcevedo_Ext_b47484,,,,,
2026-09-12T08:01:11-05:00,PUR_IED_JoseMarti_Exte_5b9bf,PUR_IED_JoseMarti_Exte_5b9bf,,,,,
2026-09-12T08:01:11-05:00,PUR_IED_JoseMarti_LabQuim_1c6c2d,PUR_IED_JoseMarti_LabQuim_1c6c2d,,,,,
2026-09-12T08:01:11-05:00,PUR_IED_JoseMarti_S_info_f5f177,PUR_IED_JoseMarti_S_info_f5f177,,,,,
2026-09-12T08:01:11-05:00,PUR_IED_Josejoaquin_Ext_dfc5dc,PUR_IED_Josejoaquin_Ext_dfc5dc,,,,,
2026-09-12T08:01:11-05:00,PUR_IED_Josejoaquin_S05_5b2a96,PUR_IED_Josejoaquin_S05_5b2a96,,,,,
2026-09-12T08:01:11-05:00,PUR_IED_Josejoaquin_S06_1ce7d2,PUR_IED_Josejoaquin_S06_1ce7d2,,,,,
2026-09-12T08:01:11-05:00,PUR_IED_JulioFlorez_Danza_9b82dd,PUR_IED_JulioFlorez_Danza_9b82dd,,,,,
2026-09-12T08:01:11-05:00,PUR_IED_JulioFlorez_Exter_f9f314,PUR_IED_JulioFlorez_Exter_f9f314,,,,,
2026-09-12T08:01:11-05:00,PUR_IED_JulioFlorez_info2_6b6e08,PUR_IED_JulioFlorez_info2_6b6e08,,,,,
2026-09-12T08:01:11-05:00,PUR_IED_LaBelleza_Aula13_1d00d8,PUR_IED_LaBelleza_Aula13_1d00d8,,,,,
2026-09-12T08:01:11-05:00,PUR_IED_LaBelleza_Ext_7bc08c,PUR_IED_LaBelleza_Ext_7bc08c,,,,,
2026-09-12T08:01:11-05:00,PUR_IED_LaChucua_Ext_8cd6d2,PUR_IED_LaChucua_Ext_8cd6d2,,,,,
2026-09-12T08:01:11-05:00,PUR_IED_LaChucua_S15_f578ce,PUR_IED_LaChucua_S15_f578ce,,,,,
2026-09-12T08:01:11-05:00,PUR_IED_LaChucua_S16_eebcf9,PUR_IED_LaChucua_S16_eebcf9,,,,,
2026-09-12T08:01:11-05:00,PUR_IED_LaFelicidad_Ext_fb5109,PUR_IED_LaFelicidad_Ext_fb5109,,,,,
2026-09-12T08:01:11-05:00,PUR_IED_LaMerced_206_66ebd,PUR_IED_LaMerced_206_66ebd,,,,,
2026-09-12T08:01:11-05:00,PUR_IED_LaMerced_207_6ebd6,PUR_IED_LaMerced_207_6ebd6,,,,,
2026-09-12T08:01:11-05:00,PUR_IED_LaMerced_ext_304311,PUR_IED_LaMerced_ext_304311,,,,,
2026-09-12T08:01:11-05:00,PUR_IED_Laureano_CiencNat_281e5e,PUR_IED_Laureano_CiencNat_281e5e,,,,,
2026-09-12T08:01:11-05:00,PUR_IED_Laureano_Comedor_f65c0a,PUR_IED_Laureano_Comedor_f65c0a,,,,,
2026-09-12T08:01:11-05:00,PUR_IED_Laureano_Exterior_7ab011,PUR_IED_Laureano_Exterior_7ab011,,,,,
2026-09-12T08:01:11-05:00,PUR_IED_LeonGreiff_Exte_dfe560,PUR_IED_LeonGreiff_Exte_dfe560,,,,,
2026-09-12T08:01:11-05:00,PUR_IED_LeonGreiff_S210_f264ed,PUR_IED_LeonGreiff_S210_f264ed,,,,,
2026-09-12T08:01:11-05:00,PUR_IED_LeonGreiff_SQuimi_e8296f,PUR_IED_LeonGreiff_SQuimi_e8296f,,,,,
2026-09-12T08:01:11-05:00,PUR_IED_LlanoOrientalS208_7b9fcd,PUR_IED_LlanoOrientalS208_7b9fcd,,,,,
2026-09-12T08:01:11-05:00,PUR_IED_LlanoOriental_Ext_fb3766,PUR_IED_LlanoOriental_Ext_fb3766,,,,,
2026-09-12T08:01:11-05:00,PUR_IED_LlanoOriental_S208_7b9fcd,PUR_IED_LlanoOriental_S208_7b9fcd,,,,,
2026-09-12T08:01:11-05:00,PUR_IED_LlanoOriental_S9_27b378,PUR_IED_LlanoOriental_S9_27b378,,,,,
2026-09-12T08:01:11-05:00,PUR_IED_LosTejares_1101_477602,PUR_IED_LosTejares_1101_477602,,,,,
2026-09-12T08:01:11-05:00,PUR_IED_LosTejares_11_d2c595,PUR_IED_LosTejares_11_d2c595,,,,,
2026-09-12T08:01:11-05:00,PUR_IED_LosTejares_12_477602,PUR_IED_LosTejares_12_477602,,,,,
2026-09-12T08:01:11-05:00,PUR_IED_LosTejares_Ext_8e2115,PUR_IED_LosTejares_Ext_8e2115,,,,,
2026-09-12T08:01:11-05:00,PUR_IED_MagdalenaO_B202_5ddda3,PUR_IED_MagdalenaO_B202_5ddda3,,,,,
2026-09-12T08:01:11-05:00,PUR_IED_MagdalenaO_B205_fb76e8,PUR_IED_MagdalenaO_B205_fb76e8,,,,,
2026-09-12T08:01:11-05:00,PUR_IED_MagdalenaO_ext_dc69cd,PUR_IED_MagdalenaO_ext_dc69cd,,,,,
2026-09-12T08:01:11-05:00,PUR_IED_ManueCepeda_artes_eee956,PUR_IED_ManueCepeda_artes_eee956,,,,,
2026-09-12T08:01:11-05:00,PUR_IED_ManuelCepeda_Ext_58313,PUR_IED_ManuelCepeda_Ext_58313,,,,,
2026-09-12T08:01:11-05:00,PUR_IED_ManuelCepeda_tec_1c5731,PUR_IED_ManuelCepeda_tec_1c5731,,,,,
2026-09-12T08:01:11-05:00,PUR_IED_ManuelS_Exterior_5b269,PUR_IED_ManuelS_Exterior_5b269,,,,,
2026-09-12T08:01:11-05:00,PUR_IED_ManuelS_Inform_f369ce,PUR_IED_ManuelS_Inform_f369ce,,,,,
2026-09-12T08:01:11-05:00,PUR_IED_ManuelS_SArtes_7d15f1,PUR_IED_ManuelS_SArtes_7d15f1,,,,,
2026-09-12T08:01:11-05:00,PUR_IED_ManuelZapata_303_3ca6,PUR_IED_ManuelZapata_303_3ca6,,,,,
2026-09-12T08:01:11-05:00,PUR_IED_ManuelZapata_311_bfbabc,PUR_IED_ManuelZapata_311_bfbabc,,,,,
2026-09-12T08:01:11-05:00,PUR_IED_ManuelZapata_Ext_50824a,PUR_IED_ManuelZapata_Ext_50824a,,,,,
2026-09-12T08:01:11-05:00,PUR_IED_ManuelitaS_Exteri_656a92,PUR_IED_ManuelitaS_Exteri_656a92,,,,,
2026-09-12T08:01:11-05:00,PUR_IED_ManuelitaS_JuzgDe_f58ec3,PUR_IED_ManuelitaS_JuzgDe_f58ec3,,,,,
2026-09-12T08:01:11-05:00,PUR_IED_ManuelitaS_Recrea_d793db,PUR_IED_ManuelitaS_Recrea_d793db,,,,,
2026-09-12T08:01:11-05:00,PUR_IED_MarFidSuarez_Ext_c27b19,PUR_IED_MarFidSuarez_Ext_c27b19,,,,,
2026-09-12T08:01:11-05:00,PUR_IED_MarFidSuarez_Info_e384d7,PUR_IED_MarFidSuarez_Info_e384d7,,,,,
2026-09-12T08:01:11-05:00,PUR_IED_MarFidSuarez_S306_1d0032,PUR_IED_MarFidSuarez_S306_1d0032,,,,,
2026-09-12T08:01:11-05:00,PUR_IED_Menorah_301_2a25a3,PUR_IED_Menorah_301_2a25a3,,,,,
2026-09-12T08:01:11-05:00,PUR_IED_Menorah_306_37ed3,PUR_IED_Menorah_306_37ed3,,,,,
2026-09-12T08:01:11-05:00,PUR_IED_Menorah_Ext_3e155b,PUR_IED_Menorah_Ext_3e155b,,,,,
2026-09-12T08:01:11-05:00,PUR_IED_MinutoB.Aires_A11_1b1604,PUR_IED_MinutoB.Aires_A11_1b1604,,,,,
2026-09-12T08:01:11-05:00,PUR_IED_MinutoB.Aires_A12_fb5860,PUR_IED_MinutoB.Aires_A12_fb5860,,,,,
2026-09-12T08:01:11-05:00,PUR_IED_MinutoB.Aires_Ext_81293f,PUR_IED_MinutoB.Aires_Ext_81293f,,,,,
2026-09-12T08:01:11-05:00,PUR_IED_MinutoBAires_A11_1b1604,PUR_IED_MinutoBAires_A11_1b1604,,,,,
2026-09-12T08:01:11-05:00,PUR_IED_MinutoBAires_A12_fb5860,PUR_IED_MinutoBAires_A12_fb5860,,,,,
2026-09-12T08:01:11-05:00,PUR_IED_MinutoBAires_Ext_81293f,PUR_IED_MinutoBAires_Ext_81293f,,,,,
2026-09-12T08:01:11-05:00,PUR_IED_Montreal_Aula10_1e4959,PUR_IED_Montreal_Aula10_1e4959,,,,,
2026-09-12T08:01:11-05:00,PUR_IED_Montreal_Aula6_300367,PUR_IED_Montreal_Aula6_300367,,,,,
2026-09-12T08:01:11-05:00,PUR_IED_Montreal_Exterior_91a179,PUR_IED_Montreal_Exterior_91a179,,,,,
2026-09-12T08:01:11-05:00,PUR_IED_Mqgdalena_B202_5ddda3,PUR_IED_Mqgdalena_B202_5ddda3,,,,,
2026-09-12T08:01:11-05:00,PUR_IED_NACUND_Soc_dc8728,PUR_IED_NACUND_Soc_dc8728,,,,,
2026-09-12T08:01:11-05:00,PUR_IED_NACUND_ext_27ad97,PUR_IED_NACUND_ext_27ad97,,,,,
2026-09-12T08:01:11-05:00,PUR_IED_NEsperanza_Ext_d24b61,PUR_IED_NEsperanza_Ext_d24b61,,,,,
2026-09-12T08:01:11-05:00,PUR_IED_NEsperanza_SElect_7d1807,PUR_IED_NEsperanza_SElect_7d1807,,,,,
2026-09-12T08:01:11-05:00,PUR_IED_NEsperanza_SLabor_8b2d0a,PUR_IED_NEsperanza_SLabor_8b2d0a,,,,,
2026-09-12T08:01:11-05:00,PUR_IED_NacionesU_Ext_f661a9,PUR_IED_NacionesU_Ext_f661a9,,,,,
2026-09-12T08:01:11-05:00,PUR_IED_NacionesU_Quimica_66f0a,PUR_IED_NacionesU_Quimica_66f0a,,,,,
2026-09-12T08:01:11-05:00,PUR_IED_NacionesU_S306_1b4b3d,PUR_IED_NacionesU_S306_1b4b3d,,,,,
2026-09-12T08:01:11-05:00,PUR_IED_NestorFA_Ext_e4201c,PUR_IED_NestorFA_Ext_e4201c,,,,,
2026-09-12T08:01:11-05:00,PUR_IED_NestorFA_Laborato_f22fe0,PUR_IED_NestorFA_Laborato_f22fe0,,,,,
2026-09-12T08:01:11-05:00,PUR_IED_NestorFA_S204_dee996,PUR_IED_NestorFA_S204_dee996,,,,,
2026-09-12T08:01:11-05:00,PUR_IED_NidyaQT_Aula03_76999b,PUR_IED_NidyaQT_Aula03_76999b,,,,,
2026-09-12T08:01:11-05:00,PUR_IED_NidyaQT_Aula10_56325,PUR_IED_NidyaQT_Aula10_56325,,,,,
2026-09-12T08:01:11-05:00,PUR_IED_NidyaQT_Ext_46e32d,PUR_IED_NidyaQT_Ext_46e32d,,,,,
2026-09-12T08:01:11-05:00,PUR_IED_NuevaCol_Exterior_d9b859,PUR_IED_NuevaCol_Exterior_d9b859,,,,,
2026-09-12T08:01:11-05:00,PUR_IED_NuevaCol_S1101_76c43b,PUR_IED_NuevaCol_S1101_76c43b,,,,,
2026-09-12T08:01:11-05:00,PUR_IED_NuevaCol_S1102_1ce0b5,PUR_IED_NuevaCol_S1102_1ce0b5,,,,,
2026-09-12T08:01:11-05:00,PUR_IED_OEA_A202_f7e3f2,PUR_IED_OEA_A202_f7e3f2,,,,,
2026-09-12T08:01:11-05:00,PUR_IED_OEA_A203_7d1b8d,PUR_IED_OEA_A203_7d1b8d,,,,,
2026-09-12T08:01:11-05:00,PUR_IED_OEA_Ext_27b593,PUR_IED_OEA_Ext_27b593,,,,,
2026-09-12T08:01:11-05:00,PUR_IED_Ochoa_Ext_1c29da,PUR_IED_Ochoa_Ext_1c29da,,,,,
2026-09-12T08:01:11-05:00,PUR_IED_Ochoa_S205_8b1121,PUR_IED_Ochoa_S205_8b1121,,,,,
2026-09-12T08:01:11-05:00,PUR_IED_Ochoa_Sistemas_f33af6,PUR_IED_Ochoa_Sistemas_f33af6,,,,,
2026-09-12T08:01:11-05:00,PUR_IED_PQuebec_Ext_1c67c7,PUR_IED_PQuebec_Ext_1c67c7,,,,,
2026-09-12T08:01:11-05:00,PUR_IED_PQuebec_S15_23e8e2,PUR_IED_PQuebec_S15_23e8e2,,,,,
2026-09-12T08:01:11-05:00,PUR_IED_PQuebec_S16_8ec76b,PUR_IED_PQuebec_S16_8ec76b,,,,,
2026-09-12T08:01:11-05:00,PUR_IED_PabloN_Ext_49dc96,PUR_IED_PabloN_Ext_49dc96,,,,,
2026-09-12T08:01:11-05:00,PUR_IED_PabloN_S1102_4e3df5,PUR_IED_PabloN_S1102_4e3df5,,,,,
2026-09-12T08:01:11-05:00,PUR_IED_PabloN_S1103_50c94b,PUR_IED_PabloN_S1103_50c94b,,,,,
2026-09-12T08:01:11-05:00,PUR_IED_Palestina_S1101_db9198,PUR_IED_Palestina_S1101_db9198,,,,,
2026-09-12T08:01:11-05:00,PUR_IED_Palestina_S1102_dc54fa,PUR_IED_Palestina_S1102_dc54fa,,,,,
2026-09-12T08:01:11-05:00,PUR_IED_Palestina_ext_4ccce6,PUR_IED_Palestina_ext_4ccce6,,,,,
2026-09-12T08:01:11-05:00,PUR_IED_Panama_Fisica_4d0794,PUR_IED_Panama_Fisica_4d0794,,,,,
2026-09-12T08:01:11-05:00,PUR_IED_Panama_SIngles_a4077e,PUR_IED_Panama_SIngles_a4077e,,,,,
2026-09-12T08:01:11-05:00,PUR_IED_Panama_ext_4c54b4,PUR_IED_Panama_ext_4c54b4,,,,,
2026-09-12T08:01:11-05:00,PUR_IED_ParaisoM_Exterior_8cd7f0,PUR_IED_ParaisoM_Exterior_8cd7f0,,,,,
2026-09-12T08:01:11-05:00,PUR_IED_ParaisoM_Laborato_27af35,PUR_IED_ParaisoM_Laborato_27af35,,,,,
2026-09-12T08:01:11-05:00,PUR_IED_ParaisoM_S304_d1edca,PUR_IED_ParaisoM_S304_d1edca,,,,,
2026-09-12T08:01:11-05:00,PUR_IED_PorfirioBarba_Ext_301466,PUR_IED_PorfirioBarba_Ext_301466,,,,,
2026-09-12T08:01:11-05:00,PUR_IED_PorfirioBarba_S11_df6cd2,PUR_IED_PorfirioBarba_S11_df6cd2,,,,,
2026-09-12T08:01:11-05:00,PUR_IED_PorfirioBarba_S29_27a7d6,PUR_IED_PorfirioBarba_S29_27a7d6,,,,,
2026-09-12T08:01:11-05:00,PUR_IED_PradoV_Exter_8b27ad,PUR_IED_PradoV_Exter_8b27ad,,,,,
2026-09-12T08:01:11-05:00,PUR_IED_PradoV_S301_de65b5,PUR_IED_PradoV_S301_de65b5,,,,,
2026-09-12T08:01:11-05:00,PUR_IED_PradoV_S302_7d2593,PUR_IED_PradoV_S302_7d2593,,,,,
2026-09-12T08:01:11-05:00,PUR_IED_QuirogaAlz_Ext_1ddc82,PUR_IED_QuirogaAlz_Ext_1ddc82,,,,,
2026-09-12T08:01:11-05:00,PUR_IED_QuirogaAlz_S302_9926a3,PUR_IED_QuirogaAlz_S302_9926a3,,,,,
2026-09-12T08:01:11-05:00,PUR_IED_QuirogaAlz_S305_cdf1f1,PUR_IED_QuirogaAlz_S305_cdf1f1,,,,,
2026-09-12T08:01:11-05:00,PUR_IED_RGuatemala_Biling_dc53b7,PUR_IED_RGuatemala_Biling_dc53b7,,,,,
2026-09-12T08:01:11-05:00,PUR_IED_RGuatemala_Ext_1b89a3,PUR_IED_RGuatemala_Ext_1b89a3,,,,,
2026-09-12T08:01:11-05:00,PUR_IED_RGuatemala_Tecnol_281a34,PUR_IED_RGuatemala_Tecnol_281a34,,,,,
2026-09-12T08:01:11-05:00,PUR_IED_RafaNu_Ext_f7c302,PUR_IED_RafaNu_Ext_f7c302,,,,,
2026-09-12T08:01:11-05:00,PUR_IED_RafaNu_S1101_25fde,PUR_IED_RafaNu_S1101_25fde,,,,,
2026-09-12T08:01:11-05:00,PUR_IED_RafaNu_S1102_281517,PUR_IED_RafaNu_S1102_281517,,,,,
2026-09-12T08:01:11-05:00,PUR_IED_RafaelB_S305_ee2783,PUR_IED_RafaelB_S305_ee2783,,,,,
2026-09-12T08:01:11-05:00,PUR_IED_RafaelB_S306_75fe33,PUR_IED_RafaelB_S306_75fe33,,,,,
2026-09-12T08:01:11-05:00,PUR_IED_RafaelB_ext_283336,PUR_IED_RafaelB_ext_283336,2,19,61,4.6722,-74.0737
2026-09-12T08:01:11-05:00,PUR_IED_RafaelUU_Exterior_281a51,PUR_IED_RafaelUU_Exterior_281a51,,,,,
2026-09-12T08:01:11-05:00,PUR_IED_RafaelUU_Human_806b2,PUR_IED_RafaelUU_Human_806b2,,,,,
2026-09-12T08:01:11-05:00,PUR_IED_RafaelUU_Mate2_5680d4,PUR_IED_RafaelUU_Mate2_5680d4,,,,,
2026-09-12T08:01:11-05:00,PUR_IED_RamonSub_Ext_f9eeb9,PUR_IED_RamonSub_Ext_f9eeb9,,,,,
2026-09-12T08:01:11-05:00,PUR_IED_RamonSub_Media_d1f62f,PUR_IED_RamonSub_Media_d1f62f,,,,,
2026-09-12T08:01:11-05:00,PUR_IED_RamonSub_planta_51b82,PUR_IED_RamonSub_planta_51b82,,,,,
2026-09-12T08:01:11-05:00,PUR_IED_RepBoliVene_Exter_27af7c,PUR_IED_RepBoliVene_Exter_27af7c,,,,,
2026-09-12T08:01:11-05:00,PUR_IED_RepBoliVene_SCPT_5ae2ee,PUR_IED_RepBoliVene_SCPT_5ae2ee,,,,,
2026-09-12T08:01:11-05:00,PUR_IED_RepBoliVene_Socia_4b11d5,PUR_IED_RepBoliVene_Socia_4b11d5,,,,,
2026-09-12T08:01:11-05:00,PUR_IED_RepChina_Ext_76d9ee,PUR_IED_RepChina_Ext_76d9ee,,,,,
2026-09-12T08:01:11-05:00,PUR_IED_RepChina_S404_7c804c,PUR_IED_RepChina_S404_7c804c,,,,,
2026-09-12T08:01:11-05:00,PUR_IED_RepChina_S405_df2c33,PUR_IED_RepChina_S405_df2c33,,,,,
2026-09-12T08:01:11-05:00,PUR_IED_RepublicaC_Exteri_7d1ec9,PUR_IED_RepublicaC_Exteri_7d1ec9,,,,,
2026-09-12T08:01:11-05:00,PUR_IED_RepublicaC_S1101_f544b3,PUR_IED_RepublicaC_S1101_f544b3,,,,,
2026-09-12T08:01:11-05:00,PUR_IED_RepublicaC_S1102_7aafc7,PUR_IED_RepublicaC_S1102_7aafc7,,,,,
2026-09-12T08:01:11-05:00,PUR_IED_Ricaurte_Externo_a0ea1,PUR_IED_Ricaurte_Externo_a0ea1,,,,,
2026-09-12T08:01:11-05:00,PUR_IED_Ricaurte_S210_f546fd,PUR_IED_Ricaurte_S210_f546fd,,,,,
2026-09-12T08:01:11-05:00,PUR_IED_Ricaurte_S309_d4452,PUR_IED_Ricaurte_S309_d4452,,,,,
2026-09-12T08:01:11-05:00,PUR_IED_RogelioS_1102_531e69,PUR_IED_RogelioS_1102_531e69,,,,,
2026-09-12T08:01:11-05:00,PUR_IED_RogelioS_Ext_f25a18,PUR_IED_RogelioS_Ext_f25a18,,,,,
2026-09-12T08:01:11-05:00,PUR_IED_SBernardino_Ext_27aff8,PUR_IED_SBernardino_Ext_27aff8,,,,,
2026-09-12T08:01:11-05:00,PUR_IED_SBernardino_SArte_2ffd33,PUR_IED_SBernardino_SArte_2ffd33,,,,,
2026-09-12T08:01:11-05:00,PUR_IED_SBernardino_SIngl_7c7da5,PUR_IED_SBernardino_SIngl_7c7da5,,,,,
2026-09-12T08:01:11-05:00,PUR_IED_Sago_auditorio_dc9d1d,PUR_IED_Sago_auditorio_dc9d1d,,,,,
2026-09-12T08:01:11-05:00,PUR_IED_Saludcoop_Ext_95aac3,PUR_IED_Saludcoop_Ext_95aac3,,,,,
2026-09-12T08:01:11-05:00,PUR_IED_Saludcoop_InfI_90c854,PUR_IED_Saludcoop_InfI_90c854,,,,,
2026-09-12T08:01:11-05:00,PUR_IED_Saludcoop_SMedia_1b93be,PUR_IED_Saludcoop_SMedia_1b93be,,,,,
2026-09-12T08:01:11-05:00,PUR_IED_SanCarlos_1101_1a2360,PUR_IED_SanCarlos_1101_1a2360,,,,,
2026-09-12T08:01:11-05:00,PUR_IED_SanCarlos_1103_7bafb5,PUR_IED_SanCarlos_1103_7bafb5,,,,,
2026-09-12T08:01:11-05:00,PUR_IED_SanCarlos_Ext_b7cd1,PUR_IED_SanCarlos_Ext_b7cd1,,,,,
2026-09-12T08:01:11-05:00,PUR_IED_SanIgnacioBosa11a_50c26e,PUR_IED_SanIgnacioBosa11a_50c26e,,,,,
2026-09-12T08:01:11-05:00,PUR_IED_SanIgnacioBosa11b_371de8,PUR_IED_SanIgnacioBosa11b_371de8,,,,,
2026-09-12T08:01:11-05:00,PUR_IED_SanIgnacioBosaExt_ef0ffc,PUR_IED_SanIgnacioBosaExt_ef0ffc,,,,,
2026-09-12T08:01:11-05:00,PUR_IED_SanIgnacioBosa_11a_50c26e,PUR_IED_SanIgnacioBosa_11a_50c26e,,,,,
2026-09-12T08:01:11-05:00,PUR_IED_SanIgnacioBosa_Ext_ef0ffc,PUR_IED_SanIgnacioBosa_Ext_ef0ffc,,,,,
2026-09-12T08:01:11-05:00,PUR_IED_SanJoseN_intS1101_31c47f,PUR_IED_SanJoseN_intS1101_31c47f,,,,,
2026-09-12T08:01:11-05:00,PUR_IED_SanJoseUsm_Exter_f5d7e8,PUR_IED_SanJoseUsm_Exter_f5d7e8,,,,,
2026-09-12T08:01:11-05:00,PUR_IED_SanJoseUsm_Int11A_cfdef6,PUR_IED_SanJoseUsm_Int11A_cfdef6,,,,,
2026-09-12T08:01:11-05:00,PUR_IED_SilveriaR_IntB5_905349,PUR_IED_SilveriaR_IntB5_905349,,,,,
2026-09-12T08:01:11-05:00,PUR_IED_SilveriaR_IntSD14_981f93,PUR_IED_SilveriaR_IntSD14_981f93,,,,,
2026-09-12T08:01:11-05:00,PUR_IED_SilveriaR_ext_2b651d,PUR_IED_SilveriaR_ext_2b651d,,,,,
2026-09-12T08:01:11-05:00,PUR_IED_SimonB_Exterior_913975,PUR_IED_SimonB_Exterior_913975,,,,,
2026-09-12T08:01:11-05:00,PUR_IED_SimonB_LabQuimi_c56908,PUR_IED_SimonB_LabQuimi_c56908,,,,,
2026-09-12T08:01:11-05:00,PUR_IED_SimonB_informatic_a28c1,PUR_IED_SimonB_informatic_a28c1,,,,,
2026-09-12T08:01:11-05:00,PUR_IED_Sorrento_1102_315f50,PUR_IED_Sorrento_1102_315f50,,,,,
2026-09-12T08:01:11-05:00,PUR_IED_Sorrento_Minte_214eab,PUR_IED_Sorrento_Minte_214eab,,,,,
2026-09-12T08:01:11-05:00,PUR_IED_Sorrento_ext_7c3a0a,PUR_IED_Sorrento_ext_7c3a0a,,,,,
2026-09-12T08:01:11-05:00,PUR_IED_Tabora_Ext_f048ae,PUR_IED_Tabora_Ext_f048ae,,,,,
2026-09-12T08:01:11-05:00,PUR_IED_Tabora_S1102_b07752,PUR_IED_Tabora_S1102_b07752,,,,,
2026-09-12T08:01:11-05:00,PUR_IED_Tabora_S1103_d988f5,PUR_IED_Tabora_S1103_d988f5,,,,,
2026-09-12T08:01:11-05:00,PUR_IED_Tenerife_Ext_1ab188,PUR_IED_Tenerife_Ext_1ab188,,,,,
2026-09-12T08:01:11-05:00,PUR_IED_Tenerife_SDanzas_7bc02e,PUR_IED_Tenerife_SDanzas_7bc02e,,,,,
2026-09-12T08:01:11-05:00,PUR_IED_Tenerife_SIngles_7cc277,PUR_IED_Tenerife_SIngles_7cc277,,,,,
2026-09-12T08:01:11-05:00,PUR_IED_Tibabuyes_Exter_f2683d,PUR_IED_Tibabuyes_Exter_f2683d,,,,,
2026-09-12T08:01:11-05:00,PUR_IED_Tibabuyes_S10_dc87a8,PUR_IED_Tibabuyes_S10_dc87a8,,,,,
2026-09-12T08:01:11-05:00,PUR_IED_Tibabuyes_S15_dc0526,PUR_IED_Tibabuyes_S15_dc0526,,,,,
2026-09-12T08:01:11-05:00,PUR_IED_UnionE_S301_a1043,PUR_IED_UnionE_S301_a1043,,,,,
2026-09-12T08:01:11-05:00,PUR_IED_UnionE_S307_ff6c2f,PUR_IED_UnionE_S307_ff6c2f,,,,,
2026-09-12T08:01:11-05:00,PUR_IED_UnionE__Ext_5e2468,PUR_IED_UnionE__Ext_5e2468,,,,,
2026-09-12T08:01:11-05:00,PUR_IED_VillaRica_Ext_75be7c,PUR_IED_VillaRica_Ext_75be7c,,,,,
2026-09-12T08:01:11-05:00,PUR_IED_VillaRica_S4_cc5dcd,PUR_IED_VillaRica_S4_cc5dcd,,,,,
2026-09-12T08:01:11-05:00,PUR_IED_VillaRica_Sesp_99f5c,PUR_IED_VillaRica_Sesp_99f5c,,,,,
2026-09-12T08:06:04-05:00,PUR_IED_20deJulio_1101_91b1b9,PUR_IED_20deJulio_1101_91b1b9,,,,,
2026-09-12T08:06:04-05:00,PUR_IED_20deJulio_1102_1cfcf9,PUR_IED_20deJulio_1102_1cfcf9,,,,,
2026-09-12T08:06:04-05:00,PUR_IED_20deJulio_Ext_ab60bd,PUR_IED_20deJulio_Ext_ab60bd,,,,,
2026-09-12T08:06:04-05:00,PUR_IED_AgustinFer_Ext_7b9b77,PUR_IED_AgustinFer_Ext_7b9b77,,,,,
2026-09-12T08:06:04-05:00,PUR_IED_AgustinFer_Info2_27b3a7,PUR_IED_AgustinFer_Info2_27b3a7,,,,,
2026-09-12T08:06:04-05:00,PUR_IED_AgustinFer_Sena_54b4eb,PUR_IED_AgustinFer_Sena_54b4eb,,,,,
2026-09-12T08:06:04-05:00,PUR_IED_AlexanderF_1102_caf07b,PUR_IED_AlexanderF_1102_caf07b,,,,,
2026-09-12T08:06:04-05:00,PUR_IED_AlexanderF_1103_c79e71,PUR_IED_AlexanderF_1103_c79e71,,,,,
2026-09-12T08:06:04-05:00,PUR_IED_AlexanderF_Ext_c5b18b,PUR_IED_AlexanderF_Ext_c5b18b,,,,,
2026-09-12T08:06:04-05:00,PUR_IED_AlfonsoLopez_Ext_281d77,PUR_IED_AlfonsoLopez_Ext_281d77,,,,,
2026-09-12T08:06:04-05:00,PUR_IED_AlfonsoLopez_LabF_888ce0,PUR_IED_AlfonsoLopez_LabF_888ce0,,,,,
2026-09-12T08:06:04-05:00,PUR_IED_AlfonsoLopez_SMed_df6a7f,PUR_IED_AlfonsoLopez_SMed_df6a7f,,,,,
2026-09-12T08:06:04-05:00,PUR_IED_AltamiraSO_A2_209f92,PUR_IED_AltamiraSO_A2_209f92,,,,,
2026-09-12T08:06:04-05:00,PUR_IED_AltamiraSO_Ext_186d66,PUR_IED_AltamiraSO_Ext_186d66,,,,,
2026-09-12T08:06:04-05:00,PUR_IED_AltamiraSO_Sistem_27afe1,PUR_IED_AltamiraSO_Sistem_27afe1,,,,,
2026-09-12T08:06:04-05:00,PUR_IED_AlvaroGom_LabQuim_813179,PUR_IED_AlvaroGom_LabQuim_813179,,,,,
2026-09-12T08:06:04-05:00,PUR_IED_AlvaroGomez_Ext_47c7ca,PUR_IED_AlvaroGomez_Ext_47c7ca,,,,,
2026-09-12T08:06:04-05:00,PUR_IED_AlvaroGomez_LabQuim_813179,PUR_IED_AlvaroGomez_LabQuim_813179,,,,,
2026-09-12T08:06:04-05:00,PUR_IED_AlvaroGomez_S23_7ba89f,PUR_IED_AlvaroGomez_S23_7ba89f,,,,,
2026-09-12T08:06:04-05:00,PUR_IED_Amistad_306_dc8728,PUR_IED_Amistad_306_dc8728,,,,,
2026-09-12T08:06:04-05:00,PUR_IED_Amistad_Ext_8cd55e,PUR_IED_Amistad_Ext_8cd55e,,,,,
2026-09-12T08:06:04-05:00,PUR_IED_Amistad_S202_a41169,PUR_IED_Amistad_S202_a41169,,,,,
2026-09-12T08:06:04-05:00,PUR_IED_AndresBello_Bio_fd5f5e,PUR_IED_AndresBello_Bio_fd5f5e,,,,,
2026-09-12T08:06:04-05:00,PUR_IED_AndresBello_ext_dcad65,PUR_IED_AndresBello_ext_dcad65,,,,,
2026-09-12T08:06:04-05:00,PUR_IED_AndresBello_port_eed3ec,PUR_IED_AndresBello_port_eed3ec,,,,,
2026-09-12T08:06:04-05:00,PUR_IED_AngelaR_11b_d90a6b,PUR_IED_AngelaR_11b_d90a6b,,,,,
2026-09-12T08:06:04-05:00,PUR_IED_AngelaR_ext_7cad3e,PUR_IED_AngelaR_ext_7cad3e,3,17,67,4.5825,-74.164497
2026-09-12T08:06:04-05:00,PUR_IED_AntJoseSucre_10mo_df2575,PUR_IED_AntJoseSucre_10mo_df2575,,,,,
2026-09-12T08:06:04-05:00,PUR_IED_AntJoseSucre_Ext_215b36,PUR_IED_AntJoseSucre_Ext_215b36,,,,,
2026-09-12T08:06:04-05:00,PUR_IED_AntJoseSucre_Lab_3139de,PUR_IED_AntJoseSucre_Lab_3139de,,,,,
2026-09-12T08:06:04-05:00,PUR_IED_AntonioGarcia_301_d6b188,PUR_IED_AntonioGarcia_301_d6b188,,,,,
2026-09-12T08:06:04-05:00,PUR_IED_AntonioGarcia_302_88a82,PUR_IED_AntonioGarcia_302_88a82,,,,,
2026-09-12T08:06:04-05:00,PUR_IED_AntonioGarcia_Ext_20950c,PUR_IED_AntonioGarcia_Ext_20950c,,,,,
2026-09-12T08:06:04-05:00,PUR_IED_AntonioVan_Aula2_6dea02,PUR_IED_AntonioVan_Aula2_6dea02,,,,,
2026-09-12T08:06:04-05:00,PUR_IED_AntonioVan_Aula5_f1557e,PUR_IED_AntonioVan_Aula5_f1557e,,,,,
2026-09-12T08:06:04-05:00,PUR_IED_AntonioVan_Ext_406f2f,PUR_IED_AntonioVan_Ext_406f2f,,,,,
2026-09-12T08:06:04-05:00,PUR_IED_Atabanzha_Ext_cc5af9,PUR_IED_Atabanzha_Ext_cc5af9,,,,,
2026-09-12T08:06:04-05:00,PUR_IED_Atabanzha_SA101_56c37,PUR_IED_Atabanzha_SA101_56c37,,,,,
2026-09-12T08:06:04-05:00,PUR_IED_Atabanzha_SB302_27b374,PUR_IED_Atabanzha_SB302_27b374,,,,,
2026-09-12T08:06:04-05:00,PUR_IED_Atahualpa_Ext_fc1748,PUR_IED_Atahualpa_Ext_fc1748,,,,,
2026-09-12T08:06:04-05:00,PUR_IED_Atahualpa_Informa_dc9a95,PUR_IED_Atahualpa_Informa_dc9a95,,,,,
2026-09-12T08:06:04-05:00,PUR_IED_Atahualpa_S1101_f98056,PUR_IED_Atahualpa_S1101_f98056,,,,,
2026-09-12T08:06:04-05:00,PUR_IED_Bellavista_Ext_f5aa74,PUR_IED_Bellavista_Ext_f5aa74,,,,,
2026-09-12T08:06:04-05:00,PUR_IED_Bilbao_11A_916c41,PUR_IED_Bilbao_11A_916c41,,,,,
2026-09-12T08:06:04-05:00,PUR_IED_Bilbao_Ext_fb579a,PUR_IED_Bilbao_Ext_fb579a,,,,,
2026-09-12T08:06:04-05:00,PUR_IED_BrasiliaU_A125_304280,PUR_IED_BrasiliaU_A125_304280,,,,,
2026-09-12T08:06:04-05:00,PUR_IED_BrasiliaU_A203_7c8ca5,PUR_IED_BrasiliaU_A203_7c8ca5,,,,,
2026-09-12T08:06:04-05:00,PUR_IED_BrasiliaU_Ext_8d6e9f,PUR_IED_BrasiliaU_Ext_8d6e9f,5,17,67,4.5175,-74.116302
2026-09-12T08:06:04-05:00,PUR_IED_Brasilia_Ext_fe6593,PUR_IED_Brasilia_Ext_fe6593,,,,,
2026-09-12T08:06:04-05:00,PUR_IED_Brasilia_S24_7c130d,PUR_IED_Brasilia_S24_7c130d,,,,,
2026-09-12T08:06:04-05:00,PUR_IED_Brasilia_S501_186a54,PUR_IED_Brasilia_S501_186a54,,,,,
2026-09-12T08:06:04-05:00,PUR_IED_CHARRY_EXT_f1d5cd,PUR_IED_CHARRY_EXT_f1d5cd,,,,,
2026-09-12T08:06:04-05:00,PUR_IED_CHARRY_INTDANZAS_7a08e6,PUR_IED_CHARRY_INTDANZAS_7a08e6,,,,,
2026-09-12T08:06:04-05:00,PUR_IED_CHARRY_INT_AULA20_dc998d,PUR_IED_CHARRY_INT_AULA20_dc998d,,,,,
2026-09-12T08:06:04-05:00,PUR_IED_COLVIV_1101_S25_7f520a,PUR_IED_COLVIV_1101_S25_7f520a,,,,,
2026-09-12T08:06:04-05:00,PUR_IED_COLVIV_1102_S16_f570ba,PUR_IED_COLVIV_1102_S16_f570ba,,,,,
2026-09-12T08:06:04-05:00,PUR_IED_COLVIV_Ext_1a26fa,PUR_IED_COLVIV_Ext_1a26fa,,,,,
2026-09-12T08:06:04-05:00,PUR_IED_CULPOP_301A_f660f3,PUR_IED_CULPOP_301A_f660f3,,,,,
2026-09-12T08:06:04-05:00,PUR_IED_CULPOP_303_568afe,PUR_IED_CULPOP_303_568afe,,,,,
2026-09-12T08:06:04-05:00,PUR_IED_CULPOP_Ext_e02ccb,PUR_IED_CULPOP_Ext_e02ccb,,,,,
2026-09-12T08:06:04-05:00,PUR_IED_CVillavicen_Ext_26eb58,PUR_IED_CVillavicen_Ext_26eb58,5,14,82,4.487,-74.102798
2026-09-12T08:06:04-05:00,PUR_IED_CVillavicen_Intel_1ce5c2,PUR_IED_CVillavicen_Intel_1ce5c2,,,,,
2026-09-12T08:06:04-05:00,PUR_IED_CVillavicen_Poliv_e0766c,PUR_IED_CVillavicen_Poliv_e0766c,,,,,
2026-09-12T08:06:04-05:00,PUR_IED_CVillavicen_int_1ba140,PUR_IED_CVillavicen_int_1ba140,,,,,
2026-09-12T08:06:04-05:00,PUR_IED_CVillavicen_intel_1ba140,PUR_IED_CVillavicen_intel_1ba140,,,,,
2026-09-12T08:06:04-05:00,PUR_IED_CarlosPizarro_Ext_e307cc,PUR_IED_CarlosPizarro_Ext_e307cc,,,,,
2026-09-12T08:06:04-05:00,PUR_IED_CarlosPizarro_L36_7e5cdb,PUR_IED_CarlosPizarro_L36_7e5cdb,,,,,
2026-09-12T08:06:04-05:00,PUR_IED_CarlosPizarro_L37_c8566c,PUR_IED_CarlosPizarro_L37_c8566c,,,,,
2026-09-12T08:06:04-05:00,PUR_IED_Castilla_Ext_cf35f,PUR_IED_Castilla_Ext_cf35f,,,,,
2026-09-12T08:06:04-05:00,PUR_IED_Castilla_SFisik_360e38,PUR_IED_Castilla_SFisik_360e38,,,,,
2026-09-12T08:06:04-05:00,PUR_IED_Castilla_Sc304_496fbf,PUR_IED_Castilla_Sc304_496fbf,,,,,
2026-09-12T08:06:04-05:00,PUR_IED_CervantesSa_Ext_6b57b,PUR_IED_CervantesSa_Ext_6b57b,3,17,73,4.5128,-74.117203
2026-09-12T08:06:04-05:00,PUR_IED_CervantesSa_S107_225c2b,PUR_IED_CervantesSa_S107_225c2b,,,,,
2026-09-12T08:06:04-05:00,PUR_IED_CervantesSa_S108_940925,PUR_IED_CervantesSa_S108_940925,,,,,
2026-09-12T08:06:04-05:00,PUR_IED_Charry_A20_f53e7c,PUR_IED_Charry_A20_f53e7c,,,,,
2026-09-12T08:06:04-05:00,PUR_IED_Charry_Ext_f1d5cd,PUR_IED_Charry_Ext_f1d5cd,,,,,
2026-09-12T08:06:04-05:00,PUR_IED_Charry_IntAula20_dc998d,PUR_IED_Charry_IntAula20_dc998d,,,,,
2026-09-12T08:06:04-05:00,PUR_IED_Charry_IntDanzas_7a08e6,PUR_IED_Charry_IntDanzas_7a08e6,,,,,
2026-09-12T08:06:04-05:00,PUR_IED_ClememciaC_203_43e2fc,PUR_IED_ClememciaC_203_43e2fc,,,,,
2026-09-12T08:06:04-05:00,PUR_IED_ClememciaC_Ext_1b411a,PUR_IED_ClememciaC_Ext_1b411a,,,,,
2026-09-12T08:06:04-05:00,PUR_IED_ClememciaC_Quimic_44b5fc,PUR_IED_ClememciaC_Quimic_44b5fc,,,,,
2026-09-12T08:06:04-05:00,PUR_IED_ClemenciaC_203_43e2fc,PUR_IED_ClemenciaC_203_43e2fc,,,,,
2026-09-12T08:06:04-05:00,PUR_IED_ClemenciaC_Ext_1b411a,PUR_IED_ClemenciaC_Ext_1b411a,,,,,
2026-09-12T08:06:04-05:00,PUR_IED_ClemenciaC_Quimic_44b5fc,PUR_IED_ClemenciaC_Quimic_44b5fc,,,,,
2026-09-12T08:06:04-05:00,PUR_IED_ColViva_1101_S25_7f520a,PUR_IED_ColViva_1101_S25_7f520a,,,,,
2026-09-12T08:06:04-05:00,PUR_IED_ColViva_1102_S16_f570ba,PUR_IED_ColViva_1102_S16_f570ba,,,,,
2026-09-12T08:06:04-05:00,PUR_IED_ColViva_Ext_1a26fa,PUR_IED_ColViva_Ext_1a26fa,,,,,
2026-09-12T08:06:04-05:00,PUR_IED_ColegioBici_Asist_7c8798,PUR_IED_ColegioBici_Asist_7c8798,,,,,
2026-09-12T08:06:04-05:00,PUR_IED_ColegioBici_Ext_25cbf6,PUR_IED_ColegioBici_Ext_25cbf6,,,,,
2026-09-12T08:06:04-05:00,PUR_IED_ColegioBici_LabQ_7b57db,PUR_IED_ColegioBici_LabQ_7b57db,,,,,
2026-09-12T08:06:04-05:00,PUR_IED_CostaRica_Ext_5e640,PUR_IED_CostaRica_Ext_5e640,,,,,
2026-09-12T08:06:04-05:00,PUR_IED_CostaRica_Quim1_766d1c,PUR_IED_CostaRica_Quim1_766d1c,,,,,
2026-09-12T08:06:04-05:00,PUR_IED_CostaRica__Fisica_6f0873,PUR_IED_CostaRica__Fisica_6f0873,,,,,
2026-09-12T08:06:04-05:00,PUR_IED_CulPopu_301A_f660f3,PUR_IED_CulPopu_301A_f660f3,,,,,
2026-09-12T08:06:04-05:00,PUR_IED_CulPopu_303_568afe,PUR_IED_CulPopu_303_568afe,,,,,
2026-09-12T08:06:04-05:00,PUR_IED_CulPopu_Ext_e02ccb,PUR_IED_CulPopu_Ext_e02ccb,,,,,
2026-09-12T08:06:04-05:00,PUR_IED_Cundinamarca_Ext_f15985,PUR_IED_Cundinamarca_Ext_f15985,,,,,
2026-09-12T08:06:04-05:00,PUR_IED_Cundinamarca_Info_7aa5d7,PUR_IED_Cundinamarca_Info_7aa5d7,,,,,
2026-09-12T08:06:04-05:00,PUR_IED_Cundinamarca_Tec2_f449c7,PUR_IED_Cundinamarca_Tec2_f449c7,,,,,
2026-09-12T08:06:04-05:00,PUR_IED_DiegoM_Aula1_27b314,PUR_IED_DiegoM_Aula1_27b314,,,,,
2026-09-12T08:06:04-05:00,PUR_IED_DiegoM_Ext_d80ac8,PUR_IED_DiegoM_Ext_d80ac8,,,,,
2026-09-12T08:06:04-05:00,PUR_IED_DiegoM_S25_da928f,PUR_IED_DiegoM_S25_da928f,,,,,
2026-09-12T08:06:04-05:00,PUR_IED_ELRODEO_360881,PUR_IED_ELRODEO_360881,,,,,
2026-09-12T08:06:04-05:00,PUR_IED_ELRODEO_ext_360881,PUR_IED_ELRODEO_ext_360881,,,,,
2026-09-12T08:06:04-05:00,PUR_IED_EduardoU_Ext_1c1969,PUR_IED_EduardoU_Ext_1c1969,,,,,
2026-09-12T08:06:04-05:00,PUR_IED_EduardoU_SCiencia_4dfb94,PUR_IED_EduardoU_SCiencia_4dfb94,,,,,
2026-09-12T08:06:04-05:00,PUR_IED_EduardoU_SQuimica_5a46e7,PUR_IED_EduardoU_SQuimica_5a46e7,,,,,
2026-09-12T08:06:04-05:00,PUR_IED_ElRodeo_Aula14_676984,PUR_IED_ElRodeo_Aula14_676984,,,,,
2026-09-12T08:06:04-05:00,PUR_IED_ElRodeo_Aula16_2dd35b,PUR_IED_ElRodeo_Aula16_2dd35b,,,,,
2026-09-12T08:06:04-05:00,PUR_IED_ElRodeo_Ext_360881,PUR_IED_ElRodeo_Ext_360881,,,,,
2026-09-12T08:06:04-05:00,PUR_IED_ElRodeo_Exterior_8c6d28,PUR_IED_ElRodeo_Exterior_8c6d28,,,,,
2026-09-12T08:06:04-05:00,PUR_IED_ElRodeo_ext_360881,PUR_IED_ElRodeo_ext_360881,,,,,
2026-09-12T08:06:04-05:00,PUR_IED_EmmaReyes_Ext_987625,PUR_IED_EmmaReyes_Ext_987625,7,21,53,4.6367,-74.1511
2026-09-12T08:06:04-05:00,PUR_IED_Ensueño_Ext_7f0250,PUR_IED_Ensueño_Ext_7f0250,,,,,
2026-09-12T08:06:04-05:00,PUR_IED_EscNormal_Ext_5fef3b,PUR_IED_EscNormal_Ext_5fef3b,2,18,63,4.5852,-74.096901
2026-09-12T08:06:04-05:00,PUR_IED_EscNormal_S309_5b263,PUR_IED_EscNormal_S309_5b263,,,,,
2026-09-12T08:06:04-05:00,PUR_IED_EscNormal_S310_27b3b8,PUR_IED_EscNormal_S310_27b3b8,,,,,
2026-09-12T08:06:04-05:00,PUR_IED_Evangelista_Conta_f6cd4f,PUR_IED_Evangelista_Conta_f6cd4f,,,,,
2026-09-12T08:06:04-05:00,PUR_IED_Evangelista_Cri_5e16a,PUR_IED_Evangelista_Cri_5e16a,,,,,
2026-09-12T08:06:04-05:00,PUR_IED_Evangelista_Exter_754066,PUR_IED_Evangelista_Exter_754066,,,,,
2026-09-12T08:06:04-05:00,PUR_IED_FMiranda_S209_5cc2a3,PUR_IED_FMiranda_S209_5cc2a3,,,,,
2026-09-12T08:06:04-05:00,PUR_IED_FMiranda_S303_19e344,PUR_IED_FMiranda_S303_19e344,,,,,
2026-09-12T08:06:04-05:00,PUR_IED_FMiranda_ext_f53e7c,PUR_IED_FMiranda_ext_f53e7c,,,,,
2026-09-12T08:06:04-05:00,PUR_IED_FabioLozano_Bibli_1cee05,PUR_IED_FabioLozano_Bibli_1cee05,,,,,
2026-09-12T08:06:04-05:00,PUR_IED_FabioLozano_Ext_6ea285,PUR_IED_FabioLozano_Ext_6ea285,,,,,
2026-09-12T08:06:04-05:00,PUR_IED_FabioLozano_SLudi_f09e1e,PUR_IED_FabioLozano_SLudi_f09e1e,,,,,
2026-09-12T08:06:04-05:00,PUR_IED_FaustinoS_Aula07_27a731,PUR_IED_FaustinoS_Aula07_27a731,,,,,
2026-09-12T08:06:04-05:00,PUR_IED_FaustinoS_Ext_7b936f,PUR_IED_FaustinoS_Ext_7b936f,,,,,
2026-09-12T08:06:04-05:00,PUR_IED_FaustinoS_Fisica_da2c60,PUR_IED_FaustinoS_Fisica_da2c60,,,,,
2026-09-12T08:06:04-05:00,PUR_IED_FeGarciaLo_Ext_dc68ee,PUR_IED_FeGarciaLo_Ext_dc68ee,,,,,
2026-09-12T08:06:04-05:00,PUR_IED_FeGarciaLo_SDanza_f70a59,PUR_IED_FeGarciaLo_SDanza_f70a59,,,,,
2026-09-12T08:06:04-05:00,PUR_IED_FeGarciaLo_SMusic_125cdd,PUR_IED_FeGarciaLo_SMusic_125cdd,,,,,
2026-09-12T08:06:04-05:00,PUR_IED_FederalAlema_Exte_50c345,PUR_IED_FederalAlema_Exte_50c345,,,,,
2026-09-12T08:06:04-05:00,PUR_IED_FederalAlema_S31_f18371,PUR_IED_FederalAlema_S31_f18371,,,,,
2026-09-12T08:06:04-05:00,PUR_IED_FederalAlema_S901_a62cd,PUR_IED_FederalAlema_S901_a62cd,,,,,
2026-09-12T08:06:04-05:00,PUR_IED_FilarmonicaS_A5_f35eb1,PUR_IED_FilarmonicaS_A5_f35eb1,,,,,
2026-09-12T08:06:04-05:00,PUR_IED_FilarmonicaS_Ext_8a3bde,PUR_IED_FilarmonicaS_Ext_8a3bde,,,,,
2026-09-12T08:06:04-05:00,PUR_IED_FilarmonicaS_Spol_406114,PUR_IED_FilarmonicaS_Spol_406114,,,,,
2026-09-12T08:06:04-05:00,PUR_IED_FlorentinoG_A13_d1fa59,PUR_IED_FlorentinoG_A13_d1fa59,,,,,
2026-09-12T08:06:04-05:00,PUR_IED_FlorentinoG_Ext_1ce6ce,PUR_IED_FlorentinoG_Ext_1ce6ce,,,,,
2026-09-12T08:06:04-05:00,PUR_IED_FlorentinoG_Idiom_a66aac,PUR_IED_FlorentinoG_Idiom_a66aac,,,,,
2026-09-12T08:06:04-05:00,PUR_IED_FranciscoMati_Ext_e3869d,PUR_IED_FranciscoMati_Ext_e3869d,,,,,
2026-09-12T08:06:04-05:00,PUR_IED_FranciscoMati_S13_f31c67,PUR_IED_FranciscoMati_S13_f31c67,,,,,
2026-09-12T08:06:04-05:00,PUR_IED_FranciscoMati_S14_97dead,PUR_IED_FranciscoMati_S14_97dead,,,,,
2026-09-12T08:06:04-05:00,PUR_IED_FranciscoPS_Ext_7bfa9a,PUR_IED_FranciscoPS_Ext_7bfa9a,2,19,61,4.5899,-74.110397
2026-09-12T08:06:04-05:00,PUR_IED_FranciscoPS_Infor_fb8f4c,PUR_IED_FranciscoPS_Infor_fb8f4c,,,,,
2026-09-12T08:06:04-05:00,PUR_IED_FranciscoPS_Quimi_94d39c,PUR_IED_FranciscoPS_Quimi_94d39c,,,,,
2026-09-12T08:06:04-05:00,PUR_IED_FranciscoP_LabQ_d7e148,PUR_IED_FranciscoP_LabQ_d7e148,,,,,
2026-09-12T08:06:04-05:00,PUR_IED_FranciscoP_S28_cf9b30,PUR_IED_FranciscoP_S28_cf9b30,,,,,
2026-09-12T08:06:04-05:00,PUR_IED_FranciscoP_ext_e2313,PUR_IED_FranciscoP_ext_e2313,,,,,
2026-09-12T08:06:04-05:00,PUR_IED_FriederichN_Ext_8ac92a,PUR_IED_FriederichN_Ext_8ac92a,,,,,
2026-09-12T08:06:04-05:00,PUR_IED_FriederichN_S301_dd7e5a,PUR_IED_FriederichN_S301_dd7e5a,,,,,
2026-09-12T08:06:04-05:00,PUR_IED_FriederichN_S308_761f4f,PUR_IED_FriederichN_S308_761f4f,,,,,
2026-09-12T08:06:04-05:00,PUR_IED_GSantander_Aula10_533dd7,PUR_IED_GSantander_Aula10_533dd7,,,,,
2026-09-12T08:06:04-05:00,PUR_IED_GSantander_Aula12_fd4e4f,PUR_IED_GSantander_Aula12_fd4e4f,,,,,
2026-09-12T08:06:04-05:00,PUR_IED_GSantander_Aula310_533dd7,PUR_IED_GSantander_Aula310_533dd7,,,,,
2026-09-12T08:06:04-05:00,PUR_IED_GSantander_Aula312_fd4e4f,PUR_IED_GSantander_Aula312_fd4e4f,,,,,
2026-09-12T08:06:04-05:00,PUR_IED_GSantander_Ext_5f66b0,PUR_IED_GSantander_Ext_5f66b0,,,,,
2026-09-12T08:06:04-05:00,PUR_IED_GYomasa_Ext_f6bea5,PUR_IED_GYomasa_Ext_f6bea5,,,,,
2026-09-12T08:06:04-05:00,PUR_IED_GYomasa_LBiol_2c41aa,PUR_IED_GYomasa_LBiol_2c41aa,,,,,
2026-09-12T08:06:04-05:00,PUR_IED_GYomasa_LQuim_33c80,PUR_IED_GYomasa_LQuim_33c80,,,,,
2026-09-12T08:06:04-05:00,PUR_IED_GabBetMejia_Cienc_5a99c,PUR_IED_GabBetMejia_Cienc_5a99c,,,,,
2026-09-12T08:06:04-05:00,PUR_IED_GabBetMejia_Ext_9153d0,PUR_IED_GabBetMejia_Ext_9153d0,,,,,
2026-09-12T08:06:04-05:00,PUR_IED_GabBetMejia_Lab_f55347,PUR_IED_GabBetMejia_Lab_f55347,,,,,
2026-09-12T08:06:04-05:00,PUR_IED_GabBetanMejia_Ext_9153d0,PUR_IED_GabBetanMejia_Ext_9153d0,,,,,
2026-09-12T08:06:04-05:00,PUR_IED_Gaitana_Aula13_7aac11,PUR_IED_Gaitana_Aula13_7aac11,,,,,
2026-09-12T08:06:04-05:00,PUR_IED_Gaitana_Ext_5fcf4,PUR_IED_Gaitana_Ext_5fcf4,,,,,
2026-09-12T08:06:04-05:00,PUR_IED_Gaitana_LabFisica_644448,PUR_IED_Gaitana_LabFisica_644448,,,,,
2026-09-12T08:06:04-05:00,PUR_IED_GenSantander_Dise_8ac858,PUR_IED_GenSantander_Dise_8ac858,,,,,
2026-09-12T08:06:04-05:00,PUR_IED_GenSantander_Ext_8d5dfe,PUR_IED_GenSantander_Ext_8d5dfe,,,,,
2026-09-12T08:06:04-05:00,PUR_IED_GenSantander_Info_6c25b,PUR_IED_GenSantander_Info_6c25b,,,,,
2026-09-12T08:06:04-05:00,PUR_IED_GustavoMo_Exterio_75e63d,PUR_IED_GustavoMo_Exterio_75e63d,,,,,
2026-09-12T08:06:04-05:00,PUR_IED_GustavoMo_LabFisi_224d37,PUR_IED_GustavoMo_LabFisi_224d37,,,,,
2026-09-12T08:06:04-05:00,PUR_IED_GustavoMo_S208_3e6918,PUR_IED_GustavoMo_S208_3e6918,,,,,
2026-09-12T08:06:04-05:00,PUR_IED_GustavoR_A02_8cd4a8,PUR_IED_GustavoR_A02_8cd4a8,,,,,
2026-09-12T08:06:04-05:00,PUR_IED_GustavoR_B11_5b0ed,PUR_IED_GustavoR_B11_5b0ed,,,,,
2026-09-12T08:06:04-05:00,PUR_IED_GustavoR_Ext_7a0c90,PUR_IED_GustavoR_Ext_7a0c90,,,,,
2026-09-12T08:06:04-05:00,PUR_IED_HernandoDuran_Ext_8cd82b,PUR_IED_HernandoDuran_Ext_8cd82b,,,,,
2026-09-12T08:06:04-05:00,PUR_IED_HernandoDuran_S24_2772c6,PUR_IED_HernandoDuran_S24_2772c6,,,,,
2026-09-12T08:06:04-05:00,PUR_IED_HernandoDuran_S30_f2de41,PUR_IED_HernandoDuran_S30_f2de41,,,,,
2026-09-12T08:06:04-05:00,PUR_IED_HolguInUr_S1101_8cd732,PUR_IED_HolguInUr_S1101_8cd732,,,,,
2026-09-12T08:06:04-05:00,PUR_IED_HolguinUr_Exter_ddae6d,PUR_IED_HolguinUr_Exter_ddae6d,,,,,
2026-09-12T08:06:04-05:00,PUR_IED_HolguinUr_LabQuim_92b952,PUR_IED_HolguinUr_LabQuim_92b952,,,,,
2026-09-12T08:06:04-05:00,PUR_IED_Isabel-II_Ext_5245cc,PUR_IED_Isabel-II_Ext_5245cc,11,18,64,4.6336,-74.153
2026-09-12T08:06:04-05:00,PUR_IED_Isabel-II_S_idiom_1c29aa,PUR_IED_Isabel-II_S_idiom_1c29aa,,,,,
2026-09-12T08:06:04-05:00,PUR_IED_Isabel-II_S_infor_fd741,PUR_IED_Isabel-II_S_infor_fd741,,,,,
2026-09-12T08:06:04-05:00,PUR_IED_IsidroSur_Exterio_5b90ea,PUR_IED_IsidroSur_Exterio_5b90ea,,,,,
2026-09-12T08:06:04-05:00,PUR_IED_IsidroSur_LabTec_56697a,PUR_IED_IsidroSur_LabTec_56697a,,,,,
2026-09-12T08:06:04-05:00,PUR_IED_IsidroSur_Robotic_b7c38f,PUR_IED_IsidroSur_Robotic_b7c38f,,,,,
2026-09-12T08:06:04-05:00,PUR_IED_IsmaelPerd_Ext_7b6672,PUR_IED_IsmaelPerd_Ext_7b6672,,,,,
2026-09-12T08:06:04-05:00,PUR_IED_IsmaelPerd_Inform_306540,PUR_IED_IsmaelPerd_Inform_306540,,,,,
2026-09-12T08:06:04-05:00,PUR_IED_IsmaelPerd_S30_2e2c83,PUR_IED_IsmaelPerd_S30_2e2c83,,,,,
2026-09-12T08:06:04-05:00,PUR_IED_JLozano_Exter_432910,PUR_IED_JLozano_Exter_432910,,,,,
2026-09-12T08:06:04-05:00,PUR_IED_JLozano_salaMulti_df5125,PUR_IED_JLozano_salaMulti_df5125,,,,,
2026-09-12T08:06:04-05:00,PUR_IED_JMCordoba_206_86f80b,PUR_IED_JMCordoba_206_86f80b,,,,,
2026-09-12T08:06:04-05:00,PUR_IED_JMCordoba_Ext_27ad97,PUR_IED_JMCordoba_Ext_27ad97,,,,,
2026-09-12T08:06:04-05:00,PUR_IED_JMCordoba_S310_d59ab4,PUR_IED_JMCordoba_S310_d59ab4,,,,,
2026-09-12T08:06:04-05:00,PUR_IED_Japon_Ext_549100,PUR_IED_Japon_Ext_549100,,,,,
2026-09-12T08:06:04-05:00,PUR_IED_Japon_Laboratorio_bec51d,PUR_IED_Japon_Laboratorio_bec51d,,,,,
2026-09-12T08:06:04-05:00,PUR_IED_Japon_informatica_d99327,PUR_IED_Japon_informatica_d99327,,,,,
2026-09-12T08:06:04-05:00,PUR_IED_Jazmin_Ext_d27bda,PUR_IED_Jazmin_Ext_d27bda,,,,,
2026-09-12T08:06:04-05:00,PUR_IED_Jazmin_Fisica_8d14d7,PUR_IED_Jazmin_Fisica_8d14d7,,,,,
2026-09-12T08:06:04-05:00,PUR_IED_Jazmin_Quimica_801cb5,PUR_IED_Jazmin_Quimica_801cb5,,,,,
2026-09-12T08:06:04-05:00,PUR_IED_JorgeGaitan_Exter_f098d1,PUR_IED_JorgeGaitan_Exter_f098d1,,,,,
2026-09-12T08:06:04-05:00,PUR_IED_JorgeGaitan_STec1_dc9d1d,PUR_IED_JorgeGaitan_STec1_dc9d1d,,,,,
2026-09-12T08:06:04-05:00,PUR_IED_JorgeGaitan_STec2_281e69,PUR_IED_JorgeGaitan_STec2_281e69,,,,,
2026-09-12T08:06:04-05:00,PUR_IED_JorgeSoto_Exterio_d9d0a2,PUR_IED_JorgeSoto_Exterio_d9d0a2,,,,,
2026-09-12T08:06:04-05:00,PUR_IED_JorgeSoto_LabFisi_209c54,PUR_IED_JorgeSoto_LabFisi_209c54,,,,,
2026-09-12T08:06:04-05:00,PUR_IED_JorgeSoto_S103_27b51a,PUR_IED_JorgeSoto_S103_27b51a,,,,,
2026-09-12T08:06:04-05:00,PUR_IED_JoseAcevedo_A02_e965eb,PUR_IED_JoseAcevedo_A02_e965eb,,,,,
2026-09-12T08:06:04-05:00,PUR_IED_JoseAcevedo_A07_dd5b4,PUR_IED_JoseAcevedo_A07_dd5b4,,,,,
2026-09-12T08:06:04-05:00,PUR_IED_JoseAcevedo_Ext_b47484,PUR_IED_JoseAcevedo_Ext_b47484,,,,,
2026-09-12T08:06:04-05:00,PUR_IED_JoseMarti_Exte_5b9bf,PUR_IED_JoseMarti_Exte_5b9bf,,,,,
2026-09-12T08:06:04-05:00,PUR_IED_JoseMarti_LabQuim_1c6c2d,PUR_IED_JoseMarti_LabQuim_1c6c2d,,,,,
2026-09-12T08:06:04-05:00,PUR_IED_JoseMarti_S_info_f5f177,PUR_IED_JoseMarti_S_info_f5f177,,,,,
2026-09-12T08:06:04-05:00,PUR_IED_Josejoaquin_Ext_dfc5dc,PUR_IED_Josejoaquin_Ext_dfc5dc,,,,,
2026-09-12T08:06:04-05:00,PUR_IED_Josejoaquin_S05_5b2a96,PUR_IED_Josejoaquin_S05_5b2a96,,,,,
2026-09-12T08:06:04-05:00,PUR_IED_Josejoaquin_S06_1ce7d2,PUR_IED_Josejoaquin_S06_1ce7d2,,,,,
2026-09-12T08:06:04-05:00,PUR_IED_JulioFlorez_Danza_9b82dd,PUR_IED_JulioFlorez_Danza_9b82dd,,,,,
2026-09-12T08:06:04-05:00,PUR_IED_JulioFlorez_Exter_f9f314,PUR_IED_JulioFlorez_Exter_f9f314,,,,,
2026-09-12T08:06:04-05:00,PUR_IED_JulioFlorez_info2_6b6e08,PUR_IED_JulioFlorez_info2_6b6e08,,,,,
2026-09-12T08:06:04-05:00,PUR_IED_LaBelleza_Aula13_1d00d8,PUR_IED_LaBelleza_Aula13_1d00d8,,,,,
2026-09-12T08:06:04-05:00,PUR_IED_LaBelleza_Ext_7bc08c,PUR_IED_LaBelleza_Ext_7bc08c,,,,,
2026-09-12T08:06:04-05:00,PUR_IED_LaChucua_Ext_8cd6d2,PUR_IED_LaChucua_Ext_8cd6d2,,,,,
2026-09-12T08:06:04-05:00,PUR_IED_LaChucua_S15_f578ce,PUR_IED_LaChucua_S15_f578ce,,,,,
2026-09-12T08:06:04-05:00,PUR_IED_LaChucua_S16_eebcf9,PUR_IED_LaChucua_S16_eebcf9,,,,,
2026-09-12T08:06:04-05:00,PUR_IED_LaFelicidad_Ext_fb5109,PUR_IED_LaFelicidad_Ext_fb5109,,,,,
2026-09-12T08:06:04-05:00,PUR_IED_LaMerced_206_66ebd,PUR_IED_LaMerced_206_66ebd,,,,,
2026-09-12T08:06:04-05:00,PUR_IED_LaMerced_207_6ebd6,PUR_IED_LaMerced_207_6ebd6,,,,,
2026-09-12T08:06:04-05:00,PUR_IED_LaMerced_ext_304311,PUR_IED_LaMerced_ext_304311,,,,,
2026-09-12T08:06:04-05:00,PUR_IED_Laureano_CiencNat_281e5e,PUR_IED_Laureano_CiencNat_281e5e,,,,,
2026-09-12T08:06:04-05:00,PUR_IED_Laureano_Comedor_f65c0a,PUR_IED_Laureano_Comedor_f65c0a,,,,,
2026-09-12T08:06:04-05:00,PUR_IED_Laureano_Exterior_7ab011,PUR_IED_Laureano_Exterior_7ab011,,,,,
2026-09-12T08:06:04-05:00,PUR_IED_LeonGreiff_Exte_dfe560,PUR_IED_LeonGreiff_Exte_dfe560,,,,,
2026-09-12T08:06:04-05:00,PUR_IED_LeonGreiff_S210_f264ed,PUR_IED_LeonGreiff_S210_f264ed,,,,,
2026-09-12T08:06:04-05:00,PUR_IED_LeonGreiff_SQuimi_e8296f,PUR_IED_LeonGreiff_SQuimi_e8296f,,,,,
2026-09-12T08:06:04-05:00,PUR_IED_LlanoOrientalS208_7b9fcd,PUR_IED_LlanoOrientalS208_7b9fcd,,,,,
2026-09-12T08:06:04-05:00,PUR_IED_LlanoOriental_Ext_fb3766,PUR_IED_LlanoOriental_Ext_fb3766,,,,,
2026-09-12T08:06:04-05:00,PUR_IED_LlanoOriental_S208_7b9fcd,PUR_IED_LlanoOriental_S208_7b9fcd,,,,,
2026-09-12T08:06:04-05:00,PUR_IED_LlanoOriental_S9_27b378,PUR_IED_LlanoOriental_S9_27b378,,,,,
2026-09-12T08:06:04-05:00,PUR_IED_LosTejares_1101_477602,PUR_IED_LosTejares_1101_477602,,,,,
2026-09-12T08:06:04-05:00,PUR_IED_LosTejares_11_d2c595,PUR_IED_LosTejares_11_d2c595,,,,,
2026-09-12T08:06:04-05:00,PUR_IED_LosTejares_12_477602,PUR_IED_LosTejares_12_477602,,,,,
2026-09-12T08:06:04-05:00,PUR_IED_LosTejares_Ext_8e2115,PUR_IED_LosTejares_Ext_8e2115,,,,,
2026-09-12T08:06:04-05:00,PUR_IED_MagdalenaO_B202_5ddda3,PUR_IED_MagdalenaO_B202_5ddda3,,,,,
2026-09-12T08:06:04-05:00,PUR_IED_MagdalenaO_B205_fb76e8,PUR_IED_MagdalenaO_B205_fb76e8,,,,,
2026-09-12T08:06:04-05:00,PUR_IED_MagdalenaO_ext_dc69cd,PUR_IED_MagdalenaO_ext_dc69cd,,,,,
2026-09-12T08:06:04-05:00,PUR_IED_ManueCepeda_artes_eee956,PUR_IED_ManueCepeda_artes_eee956,,,,,
2026-09-12T08:06:04-05:00,PUR_IED_ManuelCepeda_Ext_58313,PUR_IED_ManuelCepeda_Ext_58313,,,,,
2026-09-12T08:06:04-05:00,PUR_IED_ManuelCepeda_tec_1c5731,PUR_IED_ManuelCepeda_tec_1c5731,,,,,
2026-09-12T08:06:04-05:00,PUR_IED_ManuelS_Exterior_5b269,PUR_IED_ManuelS_Exterior_5b269,,,,,
2026-09-12T08:06:04-05:00,PUR_IED_ManuelS_Inform_f369ce,PUR_IED_ManuelS_Inform_f369ce,,,,,
2026-09-12T08:06:04-05:00,PUR_IED_ManuelS_SArtes_7d15f1,PUR_IED_ManuelS_SArtes_7d15f1,,,,,
2026-09-12T08:06:04-05:00,PUR_IED_ManuelZapata_303_3ca6,PUR_IED_ManuelZapata_303_3ca6,,,,,
2026-09-12T08:06:04-05:00,PUR_IED_ManuelZapata_311_bfbabc,PUR_IED_ManuelZapata_311_bfbabc,,,,,
2026-09-12T08:06:04-05:00,PUR_IED_ManuelZapata_Ext_50824a,PUR_IED_ManuelZapata_Ext_50824a,,,,,
2026-09-12T08:06:04-05:00,PUR_IED_ManuelitaS_Exteri_656a92,PUR_IED_ManuelitaS_Exteri_656a92,,,,,
2026-09-12T08:06:04-05:00,PUR_IED_ManuelitaS_JuzgDe_f58ec3,PUR_IED_ManuelitaS_JuzgDe_f58ec3,,,,,
2026-09-12T08:06:04-05:00,PUR_IED_ManuelitaS_Recrea_d793db,PUR_IED_ManuelitaS_Recrea_d793db,,,,,
2026-09-12T08:06:04-05:00,PUR_IED_MarFidSuarez_Ext_c27b19,PUR_IED_MarFidSuarez_Ext_c27b19,,,,,
2026-09-12T08:06:04-05:00,PUR_IED_MarFidSuarez_Info_e384d7,PUR_IED_MarFidSuarez_Info_e384d7,,,,,
2026-09-12T08:06:04-05:00,PUR_IED_MarFidSuarez_S306_1d0032,PUR_IED_MarFidSuarez_S306_1d0032,,,,,
2026-09-12T08:06:04-05:00,PUR_IED_Menorah_301_2a25a3,PUR_IED_Menorah_301_2a25a3,,,,,
2026-09-12T08:06:04-05:00,PUR_IED_Menorah_306_37ed3,PUR_IED_Menorah_306_37ed3,,,,,
2026-09-12T08:06:04-05:00,PUR_IED_Menorah_Ext_3e155b,PUR_IED_Menorah_Ext_3e155b,,,,,
2026-09-12T08:06:04-05:00,PUR_IED_MinutoB.Aires_A11_1b1604,PUR_IED_MinutoB.Aires_A11_1b1604,,,,,
2026-09-12T08:06:04-05:00,PUR_IED_MinutoB.Aires_A12_fb5860,PUR_IED_MinutoB.Aires_A12_fb5860,,,,,
2026-09-12T08:06:04-05:00,PUR_IED_MinutoB.Aires_Ext_81293f,PUR_IED_MinutoB.Aires_Ext_81293f,,,,,
2026-09-12T08:06:04-05:00,PUR_IED_MinutoBAires_A11_1b1604,PUR_IED_MinutoBAires_A11_1b1604,,,,,
2026-09-12T08:06:04-05:00,PUR_IED_MinutoBAires_A12_fb5860,PUR_IED_MinutoBAires_A12_fb5860,,,,,
2026-09-12T08:06:04-05:00,PUR_IED_MinutoBAires_Ext_81293f,PUR_IED_MinutoBAires_Ext_81293f,,,,,
2026-09-12T08:06:04-05:00,PUR_IED_Montreal_Aula10_1e4959,PUR_IED_Montreal_Aula10_1e4959,,,,,
2026-09-12T08:06:04-05:00,PUR_IED_Montreal_Aula6_300367,PUR_IED_Montreal_Aula6_300367,,,,,
2026-09-12T08:06:04-05:00,PUR_IED_Montreal_Exterior_91a179,PUR_IED_Montreal_Exterior_91a179,,,,,
2026-09-12T08:06:04-05:00,PUR_IED_Mqgdalena_B202_5ddda3,PUR_IED_Mqgdalena_B202_5ddda3,,,,,
2026-09-12T08:06:04-05:00,PUR_IED_NACUND_Soc_dc8728,PUR_IED_NACUND_Soc_dc8728,,,,,
2026-09-12T08:06:04-05:00,PUR_IED_NACUND_ext_27ad97,PUR_IED_NACUND_ext_27ad97,,,,,
2026-09-12T08:06:04-05:00,PUR_IED_NEsperanza_Ext_d24b61,PUR_IED_NEsperanza_Ext_d24b61,,,,,
2026-09-12T08:06:04-05:00,PUR_IED_NEsperanza_SElect_7d1807,PUR_IED_NEsperanza_SElect_7d1807,,,,,
2026-09-12T08:06:04-05:00,PUR_IED_NEsperanza_SLabor_8b2d0a,PUR_IED_NEsperanza_SLabor_8b2d0a,,,,,
2026-09-12T08:06:04-05:00,PUR_IED_NacionesU_Ext_f661a9,PUR_IED_NacionesU_Ext_f661a9,,,,,
2026-09-12T08:06:04-05:00,PUR_IED_NacionesU_Quimica_66f0a,PUR_IED_NacionesU_Quimica_66f0a,,,,,
2026-09-12T08:06:04-05:00,PUR_IED_NacionesU_S306_1b4b3d,PUR_IED_NacionesU_S306_1b4b3d,,,,,
2026-09-12T08:06:04-05:00,PUR_IED_NestorFA_Ext_e4201c,PUR_IED_NestorFA_Ext_e4201c,,,,,
2026-09-12T08:06:04-05:00,PUR_IED_NestorFA_Laborato_f22fe0,PUR_IED_NestorFA_Laborato_f22fe0,,,,,
2026-09-12T08:06:04-05:00,PUR_IED_NestorFA_S204_dee996,PUR_IED_NestorFA_S204_dee996,,,,,
2026-09-12T08:06:04-05:00,PUR_IED_NidyaQT_Aula03_76999b,PUR_IED_NidyaQT_Aula03_76999b,,,,,
2026-09-12T08:06:04-05:00,PUR_IED_NidyaQT_Aula10_56325,PUR_IED_NidyaQT_Aula10_56325,,,,,
2026-09-12T08:06:04-05:00,PUR_IED_NidyaQT_Ext_46e32d,PUR_IED_NidyaQT_Ext_46e32d,,,,,
2026-09-12T08:06:04-05:00,PUR_IED_NuevaCol_Exterior_d9b859,PUR_IED_NuevaCol_Exterior_d9b859,,,,,
2026-09-12T08:06:04-05:00,PUR_IED_NuevaCol_S1101_76c43b,PUR_IED_NuevaCol_S1101_76c43b,,,,,
2026-09-12T08:06:04-05:00,PUR_IED_NuevaCol_S1102_1ce0b5,PUR_IED_NuevaCol_S1102_1ce0b5,,,,,
2026-09-12T08:06:04-05:00,PUR_IED_OEA_A202_f7e3f2,PUR_IED_OEA_A202_f7e3f2,,,,,
2026-09-12T08:06:04-05:00,PUR_IED_OEA_A203_7d1b8d,PUR_IED_OEA_A203_7d1b8d,,,,,
2026-09-12T08:06:04-05:00,PUR_IED_OEA_Ext_27b593,PUR_IED_OEA_Ext_27b593,,,,,
2026-09-12T08:06:04-05:00,PUR_IED_Ochoa_Ext_1c29da,PUR_IED_Ochoa_Ext_1c29da,,,,,
2026-09-12T08:06:04-05:00,PUR_IED_Ochoa_S205_8b1121,PUR_IED_Ochoa_S205_8b1121,,,,,
2026-09-12T08:06:04-05:00,PUR_IED_Ochoa_Sistemas_f33af6,PUR_IED_Ochoa_Sistemas_f33af6,,,,,
2026-09-12T08:06:04-05:00,PUR_IED_PQuebec_Ext_1c67c7,PUR_IED_PQuebec_Ext_1c67c7,,,,,
2026-09-12T08:06:04-05:00,PUR_IED_PQuebec_S15_23e8e2,PUR_IED_PQuebec_S15_23e8e2,,,,,
2026-09-12T08:06:04-05:00,PUR_IED_PQuebec_S16_8ec76b,PUR_IED_PQuebec_S16_8ec76b,,,,,
2026-09-12T08:06:04-05:00,PUR_IED_PabloN_Ext_49dc96,PUR_IED_PabloN_Ext_49dc96,,,,,
2026-09-12T08:06:04-05:00,PUR_IED_PabloN_S1102_4e3df5,PUR_IED_PabloN_S1102_4e3df5,,,,,
2026-09-12T08:06:04-05:00,PUR_IED_PabloN_S1103_50c94b,PUR_IED_PabloN_S1103_50c94b,,,,,
2026-09-12T08:06:04-05:00,PUR_IED_Palestina_S1101_db9198,PUR_IED_Palestina_S1101_db9198,,,,,
2026-09-12T08:06:04-05:00,PUR_IED_Palestina_S1102_dc54fa,PUR_IED_Palestina_S1102_dc54fa,,,,,
2026-09-12T08:06:04-05:00,PUR_IED_Palestina_ext_4ccce6,PUR_IED_Palestina_ext_4ccce6,,,,,
2026-09-12T08:06:04-05:00,PUR_IED_Panama_Fisica_4d0794,PUR_IED_Panama_Fisica_4d0794,,,,,
2026-09-12T08:06:04-05:00,PUR_IED_Panama_SIngles_a4077e,PUR_IED_Panama_SIngles_a4077e,,,,,
2026-09-12T08:06:04-05:00,PUR_IED_Panama_ext_4c54b4,PUR_IED_Panama_ext_4c54b4,,,,,
2026-09-12T08:06:04-05:00,PUR_IED_ParaisoM_Exterior_8cd7f0,PUR_IED_ParaisoM_Exterior_8cd7f0,,,,,
2026-09-12T08:06:04-05:00,PUR_IED_ParaisoM_Laborato_27af35,PUR_IED_ParaisoM_Laborato_27af35,,,,,
2026-09-12T08:06:04-05:00,PUR_IED_ParaisoM_S304_d1edca,PUR_IED_ParaisoM_S304_d1edca,,,,,
2026-09-12T08:06:04-05:00,PUR_IED_PorfirioBarba_Ext_301466,PUR_IED_PorfirioBarba_Ext_301466,,,,,
2026-09-12T08:06:04-05:00,PUR_IED_PorfirioBarba_S11_df6cd2,PUR_IED_PorfirioBarba_S11_df6cd2,,,,,
2026-09-12T08:06:04-05:00,PUR_IED_PorfirioBarba_S29_27a7d6,PUR_IED_PorfirioBarba_S29_27a7d6,,,,,
2026-09-12T08:06:04-05:00,PUR_IED_PradoV_Exter_8b27ad,PUR_IED_PradoV_Exter_8b27ad,,,,,
2026-09-12T08:06:04-05:00,PUR_IED_PradoV_S301_de65b5,PUR_IED_PradoV_S301_de65b5,,,,,
2026-09-12T08:06:04-05:00,PUR_IED_PradoV_S302_7d2593,PUR_IED_PradoV_S302_7d2593,,,,,
2026-09-12T08:06:04-05:00,PUR_IED_QuirogaAlz_Ext_1ddc82,PUR_IED_QuirogaAlz_Ext_1ddc82,,,,,
2026-09-12T08:06:04-05:00,PUR_IED_QuirogaAlz_S302_9926a3,PUR_IED_QuirogaAlz_S302_9926a3,,,,,
2026-09-12T08:06:04-05:00,PUR_IED_QuirogaAlz_S305_cdf1f1,PUR_IED_QuirogaAlz_S305_cdf1f1,,,,,
2026-09-12T08:06:04-05:00,PUR_IED_RGuatemala_Biling_dc53b7,PUR_IED_RGuatemala_Biling_dc53b7,,,,,
2026-09-12T08:06:04-05:00,PUR_IED_RGuatemala_Ext_1b89a3,PUR_IED_RGuatemala_Ext_1b89a3,,,,,
2026-09-12T08:06:04-05:00,PUR_IED_RGuatemala_Tecnol_281a34,PUR_IED_RGuatemala_Tecnol_281a34,,,,,
2026-09-12T08:06:04-05:00,PUR_IED_RafaNu_Ext_f7c302,PUR_IED_RafaNu_Ext_f7c302,,,,,
2026-09-12T08:06:04-05:00,PUR_IED_RafaNu_S1101_25fde,PUR_IED_RafaNu_S1101_25fde,,,,,
2026-09-12T08:06:04-05:00,PUR_IED_RafaNu_S1102_281517,PUR_IED_RafaNu_S1102_281517,,,,,
2026-09-12T08:06:04-05:00,PUR_IED_RafaelB_S305_ee2783,PUR_IED_RafaelB_S305_ee2783,,,,,
2026-09-12T08:06:04-05:00,PUR_IED_RafaelB_S306_75fe33,PUR_IED_RafaelB_S306_75fe33,,,,,
2026-09-12T08:06:04-05:00,PUR_IED_RafaelB_ext_283336,PUR_IED_RafaelB_ext_283336,2,18,60,4.6722,-74.0737
2026-09-12T08:06:04-05:00,PUR_IED_RafaelUU_Exterior_281a51,PUR_IED_RafaelUU_Exterior_281a51,,,,,
2026-09-12T08:06:04-05:00,PUR_IED_RafaelUU_Human_806b2,PUR_IED_RafaelUU_Human_806b2,,,,,
2026-09-12T08:06:04-05:00,PUR_IED_RafaelUU_Mate2_5680d4,PUR_IED_RafaelUU_Mate2_5680d4,,,,,
2026-09-12T08:06:04-05:00,PUR_IED_RamonSub_Ext_f9eeb9,PUR_IED_RamonSub_Ext_f9eeb9,,,,,
2026-09-12T08:06:04-05:00,PUR_IED_RamonSub_Media_d1f62f,PUR_IED_RamonSub_Media_d1f62f,,,,,
2026-09-12T08:06:04-05:00,PUR_IED_RamonSub_planta_51b82,PUR_IED_RamonSub_planta_51b82,,,,,
2026-09-12T08:06:04-05:00,PUR_IED_RepBoliVene_Exter_27af7c,PUR_IED_RepBoliVene_Exter_27af7c,,,,,
2026-09-12T08:06:04-05:00,PUR_IED_RepBoliVene_SCPT_5ae2ee,PUR_IED_RepBoliVene_SCPT_5ae2ee,,,,,
2026-09-12T08:06:04-05:00,PUR_IED_RepBoliVene_Socia_4b11d5,PUR_IED_RepBoliVene_Socia_4b11d5,,,,,
2026-09-12T08:06:04-05:00,PUR_IED_RepChina_Ext_76d9ee,PUR_IED_RepChina_Ext_76d9ee,,,,,
2026-09-12T08:06:04-05:00,PUR_IED_RepChina_S404_7c804c,PUR_IED_RepChina_S404_7c804c,,,,,
2026-09-12T08:06:04-05:00,PUR_IED_RepChina_S405_df2c33,PUR_IED_RepChina_S405_df2c33,,,,,
2026-09-12T08:06:04-05:00,PUR_IED_RepublicaC_Exteri_7d1ec9,PUR_IED_RepublicaC_Exteri_7d1ec9,,,,,
2026-09-12T08:06:04-05:00,PUR_IED_RepublicaC_S1101_f544b3,PUR_IED_RepublicaC_S1101_f544b3,,,,,
2026-09-12T08:06:04-05:00,PUR_IED_RepublicaC_S1102_7aafc7,PUR_IED_RepublicaC_S1102_7aafc7,,,,,
2026-09-12T08:06:04-05:00,PUR_IED_Ricaurte_Externo_a0ea1,PUR_IED_Ricaurte_Externo_a0ea1,,,,,
2026-09-12T08:06:04-05:00,PUR_IED_Ricaurte_S210_f546fd,PUR_IED_Ricaurte_S210_f546fd,,,,,
2026-09-12T08:06:04-05:00,PUR_IED_Ricaurte_S309_d4452,PUR_IED_Ricaurte_S309_d4452,,,,,
2026-09-12T08:06:04-05:00,PUR_IED_RogelioS_1102_531e69,PUR_IED_RogelioS_1102_531e69,,,,,
2026-09-12T08:06:04-05:00,PUR_IED_RogelioS_Ext_f25a18,PUR_IED_RogelioS_Ext_f25a18,,,,,
2026-09-12T08:06:04-05:00,PUR_IED_SBernardino_Ext_27aff8,PUR_IED_SBernardino_Ext_27aff8,,,,,
2026-09-12T08:06:04-05:00,PUR_IED_SBernardino_SArte_2ffd33,PUR_IED_SBernardino_SArte_2ffd33,,,,,
2026-09-12T08:06:04-05:00,PUR_IED_SBernardino_SIngl_7c7da5,PUR_IED_SBernardino_SIngl_7c7da5,,,,,
2026-09-12T08:06:04-05:00,PUR_IED_Sago_auditorio_dc9d1d,PUR_IED_Sago_auditorio_dc9d1d,,,,,
2026-09-12T08:06:04-05:00,PUR_IED_Saludcoop_Ext_95aac3,PUR_IED_Saludcoop_Ext_95aac3,,,,,
2026-09-12T08:06:04-05:00,PUR_IED_Saludcoop_InfI_90c854,PUR_IED_Saludcoop_InfI_90c854,,,,,
2026-09-12T08:06:04-05:00,PUR_IED_Saludcoop_SMedia_1b93be,PUR_IED_Saludcoop_SMedia_1b93be,,,,,
2026-09-12T08:06:04-05:00,PUR_IED_SanCarlos_1101_1a2360,PUR_IED_SanCarlos_1101_1a2360,,,,,
2026-09-12T08:06:04-05:00,PUR_IED_SanCarlos_1103_7bafb5,PUR_IED_SanCarlos_1103_7bafb5,,,,,
2026-09-12T08:06:04-05:00,PUR_IED_SanCarlos_Ext_b7cd1,PUR_IED_SanCarlos_Ext_b7cd1,,,,,
2026-09-12T08:06:04-05:00,PUR_IED_SanIgnacioBosa11a_50c26e,PUR_IED_SanIgnacioBosa11a_50c26e,,,,,
2026-09-12T08:06:04-05:00,PUR_IED_SanIgnacioBosa11b_371de8,PUR_IED_SanIgnacioBosa11b_371de8,,,,,
2026-09-12T08:06:04-05:00,PUR_IED_SanIgnacioBosaExt_ef0ffc,PUR_IED_SanIgnacioBosaExt_ef0ffc,,,,,
2026-09-12T08:06:04-05:00,PUR_IED_SanIgnacioBosa_11a_50c26e,PUR_IED_SanIgnacioBosa_11a_50c26e,,,,,
2026-09-12T08:06:04-05:00,PUR_IED_SanIgnacioBosa_Ext_ef0ffc,PUR_IED_SanIgnacioBosa_Ext_ef0ffc,,,,,
2026-09-12T08:06:04-05:00,PUR_IED_SanJoseN_intS1101_31c47f,PUR_IED_SanJoseN_intS1101_31c47f,,,,,
2026-09-12T08:06:04-05:00,PUR_IED_SanJoseUsm_Exter_f5d7e8,PUR_IED_SanJoseUsm_Exter_f5d7e8,,,,,
2026-09-12T08:06:04-05:00,PUR_IED_SanJoseUsm_Int11A_cfdef6,PUR_IED_SanJoseUsm_Int11A_cfdef6,,,,,
2026-09-12T08:06:04-05:00,PUR_IED_SilveriaR_IntB5_905349,PUR_IED_SilveriaR_IntB5_905349,,,,,
2026-09-12T08:06:04-05:00,PUR_IED_SilveriaR_IntSD14_981f93,PUR_IED_SilveriaR_IntSD14_981f93,,,,,
2026-09-12T08:06:04-05:00,PUR_IED_SilveriaR_ext_2b651d,PUR_IED_SilveriaR_ext_2b651d,,,,,
2026-09-12T08:06:04-05:00,PUR_IED_SimonB_Exterior_913975,PUR_IED_SimonB_Exterior_913975,,,,,
2026-09-12T08:06:04-05:00,PUR_IED_SimonB_LabQuimi_c56908,PUR_IED_SimonB_LabQuimi_c56908,,,,,
2026-09-12T08:06:04-05:00,PUR_IED_SimonB_informatic_a28c1,PUR_IED_SimonB_informatic_a28c1,,,,,
2026-09-12T08:06:04-05:00,PUR_IED_Sorrento_1102_315f50,PUR_IED_Sorrento_1102_315f50,,,,,
2026-09-12T08:06:04-05:00,PUR_IED_Sorrento_Minte_214eab,PUR_IED_Sorrento_Minte_214eab,,,,,
2026-09-12T08:06:04-05:00,PUR_IED_Sorrento_ext_7c3a0a,PUR_IED_Sorrento_ext_7c3a0a,,,,,
2026-09-12T08:06:04-05:00,PUR_IED_Tabora_Ext_f048ae,PUR_IED_Tabora_Ext_f048ae,,,,,
2026-09-12T08:06:04-05:00,PUR_IED_Tabora_S1102_b07752,PUR_IED_Tabora_S1102_b07752,,,,,
2026-09-12T08:06:04-05:00,PUR_IED_Tabora_S1103_d988f5,PUR_IED_Tabora_S1103_d988f5,,,,,
2026-09-12T08:06:04-05:00,PUR_IED_Tenerife_Ext_1ab188,PUR_IED_Tenerife_Ext_1ab188,,,,,
2026-09-12T08:06:04-05:00,PUR_IED_Tenerife_SDanzas_7bc02e,PUR_IED_Tenerife_SDanzas_7bc02e,,,,,
2026-09-12T08:06:04-05:00,PUR_IED_Tenerife_SIngles_7cc277,PUR_IED_Tenerife_SIngles_7cc277,,,,,
2026-09-12T08:06:04-05:00,PUR_IED_Tibabuyes_Exter_f2683d,PUR_IED_Tibabuyes_Exter_f2683d,,,,,
2026-09-12T08:06:04-05:00,PUR_IED_Tibabuyes_S10_dc87a8,PUR_IED_Tibabuyes_S10_dc87a8,,,,,
2026-09-12T08:06:04-05:00,PUR_IED_Tibabuyes_S15_dc0526,PUR_IED_Tibabuyes_S15_dc0526,,,,,
2026-09-12T08:06:04-05:00,PUR_IED_UnionE_S301_a1043,PUR_IED_UnionE_S301_a1043,,,,,
2026-09-12T08:06:04-05:00,PUR_IED_UnionE_S307_ff6c2f,PUR_IED_UnionE_S307_ff6c2f,,,,,
2026-09-12T08:06:04-05:00,PUR_IED_UnionE__Ext_5e2468,PUR_IED_UnionE__Ext_5e2468,,,,,
2026-09-12T08:06:04-05:00,PUR_IED_VillaRica_Ext_75be7c,PUR_IED_VillaRica_Ext_75be7c,,,,,
2026-09-12T08:06:04-05:00,PUR_IED_VillaRica_S4_cc5dcd,PUR_IED_VillaRica_S4_cc5dcd,,,,,
2026-09-12T08:06:04-05:00,PUR_IED_VillaRica_Sesp_99f5c,PUR_IED_VillaRica_Sesp_99f5c,,,,,
2026-09-12T08:11:04-05:00,PUR_IED_20deJulio_1101_91b1b9,PUR_IED_20deJulio_1101_91b1b9,,,,,
2026-09-12T08:11:04-05:00,PUR_IED_20deJulio_1102_1cfcf9,PUR_IED_20deJulio_1102_1cfcf9,,,,,
2026-09-12T08:11:04-05:00,PUR_IED_20deJulio_Ext_ab60bd,PUR_IED_20deJulio_Ext_ab60bd,,,,,
2026-09-12T08:11:04-05:00,PUR_IED_AgustinFer_Ext_7b9b77,PUR_IED_AgustinFer_Ext_7b9b77,,,,,
2026-09-12T08:11:04-05:00,PUR_IED_AgustinFer_Info2_27b3a7,PUR_IED_AgustinFer_Info2_27b3a7,,,,,
2026-09-12T08:11:04-05:00,PUR_IED_AgustinFer_Sena_54b4eb,PUR_IED_AgustinFer_Sena_54b4eb,,,,,
2026-09-12T08:11:04-05:00,PUR_IED_AlexanderF_1102_caf07b,PUR_IED_AlexanderF_1102_caf07b,,,,,
2026-09-12T08:11:04-05:00,PUR_IED_AlexanderF_1103_c79e71,PUR_IED_AlexanderF_1103_c79e71,,,,,
2026-09-12T08:11:04-05:00,PUR_IED_AlexanderF_Ext_c5b18b,PUR_IED_AlexanderF_Ext_c5b18b,,,,,
2026-09-12T08:11:04-05:00,PUR_IED_AlfonsoLopez_Ext_281d77,PUR_IED_AlfonsoLopez_Ext_281d77,,,,,
2026-09-12T08:11:04-05:00,PUR_IED_AlfonsoLopez_LabF_888ce0,PUR_IED_AlfonsoLopez_LabF_888ce0,,,,,
2026-09-12T08:11:04-05:00,PUR_IED_AlfonsoLopez_SMed_df6a7f,PUR_IED_AlfonsoLopez_SMed_df6a7f,,,,,
2026-09-12T08:11:04-05:00,PUR_IED_AltamiraSO_A2_209f92,PUR_IED_AltamiraSO_A2_209f92,,,,,
2026-09-12T08:11:04-05:00,PUR_IED_AltamiraSO_Ext_186d66,PUR_IED_AltamiraSO_Ext_186d66,,,,,
2026-09-12T08:11:04-05:00,PUR_IED_AltamiraSO_Sistem_27afe1,PUR_IED_AltamiraSO_Sistem_27afe1,,,,,
2026-09-12T08:11:04-05:00,PUR_IED_AlvaroGom_LabQuim_813179,PUR_IED_AlvaroGom_LabQuim_813179,,,,,
2026-09-12T08:11:04-05:00,PUR_IED_AlvaroGomez_Ext_47c7ca,PUR_IED_AlvaroGomez_Ext_47c7ca,,,,,
2026-09-12T08:11:04-05:00,PUR_IED_AlvaroGomez_LabQuim_813179,PUR_IED_AlvaroGomez_LabQuim_813179,,,,,
2026-09-12T08:11:04-05:00,PUR_IED_AlvaroGomez_S23_7ba89f,PUR_IED_AlvaroGomez_S23_7ba89f,,,,,
2026-09-12T08:11:04-05:00,PUR_IED_Amistad_306_dc8728,PUR_IED_Amistad_306_dc8728,,,,,
2026-09-12T08:11:04-05:00,PUR_IED_Amistad_Ext_8cd55e,PUR_IED_Amistad_Ext_8cd55e,,,,,
2026-09-12T08:11:04-05:00,PUR_IED_Amistad_S202_a41169,PUR_IED_Amistad_S202_a41169,,,,,
2026-09-12T08:11:04-05:00,PUR_IED_AndresBello_Bio_fd5f5e,PUR_IED_AndresBello_Bio_fd5f5e,,,,,
2026-09-12T08:11:04-05:00,PUR_IED_AndresBello_ext_dcad65,PUR_IED_AndresBello_ext_dcad65,,,,,
2026-09-12T08:11:04-05:00,PUR_IED_AndresBello_port_eed3ec,PUR_IED_AndresBello_port_eed3ec,,,,,
2026-09-12T08:11:04-05:00,PUR_IED_AngelaR_11b_d90a6b,PUR_IED_AngelaR_11b_d90a6b,,,,,
2026-09-12T08:11:04-05:00,PUR_IED_AngelaR_ext_7cad3e,PUR_IED_AngelaR_ext_7cad3e,3,17,67,4.5825,-74.164497
2026-09-12T08:11:04-05:00,PUR_IED_AntJoseSucre_10mo_df2575,PUR_IED_AntJoseSucre_10mo_df2575,,,,,
2026-09-12T08:11:04-05:00,PUR_IED_AntJoseSucre_Ext_215b36,PUR_IED_AntJoseSucre_Ext_215b36,,,,,
2026-09-12T08:11:04-05:00,PUR_IED_AntJoseSucre_Lab_3139de,PUR_IED_AntJoseSucre_Lab_3139de,,,,,
2026-09-12T08:11:04-05:00,PUR_IED_AntonioGarcia_301_d6b188,PUR_IED_AntonioGarcia_301_d6b188,,,,,
2026-09-12T08:11:04-05:00,PUR_IED_AntonioGarcia_302_88a82,PUR_IED_AntonioGarcia_302_88a82,,,,,
2026-09-12T08:11:04-05:00,PUR_IED_AntonioGarcia_Ext_20950c,PUR_IED_AntonioGarcia_Ext_20950c,,,,,
2026-09-12T08:11:04-05:00,PUR_IED_AntonioVan_Aula2_6dea02,PUR_IED_AntonioVan_Aula2_6dea02,,,,,
2026-09-12T08:11:04-05:00,PUR_IED_AntonioVan_Aula5_f1557e,PUR_IED_AntonioVan_Aula5_f1557e,,,,,
2026-09-12T08:11:04-05:00,PUR_IED_AntonioVan_Ext_406f2f,PUR_IED_AntonioVan_Ext_406f2f,,,,,
2026-09-12T08:11:04-05:00,PUR_IED_Atabanzha_Ext_cc5af9,PUR_IED_Atabanzha_Ext_cc5af9,,,,,
2026-09-12T08:11:04-05:00,PUR_IED_Atabanzha_SA101_56c37,PUR_IED_Atabanzha_SA101_56c37,,,,,
2026-09-12T08:11:04-05:00,PUR_IED_Atabanzha_SB302_27b374,PUR_IED_Atabanzha_SB302_27b374,,,,,
2026-09-12T08:11:04-05:00,PUR_IED_Atahualpa_Ext_fc1748,PUR_IED_Atahualpa_Ext_fc1748,,,,,
2026-09-12T08:11:04-05:00,PUR_IED_Atahualpa_Informa_dc9a95,PUR_IED_Atahualpa_Informa_dc9a95,,,,,
2026-09-12T08:11:04-05:00,PUR_IED_Atahualpa_S1101_f98056,PUR_IED_Atahualpa_S1101_f98056,,,,,
2026-09-12T08:11:04-05:00,PUR_IED_Bellavista_Ext_f5aa74,PUR_IED_Bellavista_Ext_f5aa74,,,,,
2026-09-12T08:11:04-05:00,PUR_IED_Bilbao_11A_916c41,PUR_IED_Bilbao_11A_916c41,,,,,
2026-09-12T08:11:04-05:00,PUR_IED_Bilbao_Ext_fb579a,PUR_IED_Bilbao_Ext_fb579a,,,,,
2026-09-12T08:11:04-05:00,PUR_IED_BrasiliaU_A125_304280,PUR_IED_BrasiliaU_A125_304280,,,,,
2026-09-12T08:11:04-05:00,PUR_IED_BrasiliaU_A203_7c8ca5,PUR_IED_BrasiliaU_A203_7c8ca5,,,,,
2026-09-12T08:11:04-05:00,PUR_IED_BrasiliaU_Ext_8d6e9f,PUR_IED_BrasiliaU_Ext_8d6e9f,4,17,67,4.5175,-74.116302
2026-09-12T08:11:04-05:00,PUR_IED_Brasilia_Ext_fe6593,PUR_IED_Brasilia_Ext_fe6593,,,,,
2026-09-12T08:11:04-05:00,PUR_IED_Brasilia_S24_7c130d,PUR_IED_Brasilia_S24_7c130d,,,,,
2026-09-12T08:11:04-05:00,PUR_IED_Brasilia_S501_186a54,PUR_IED_Brasilia_S501_186a54,,,,,
2026-09-12T08:11:04-05:00,PUR_IED_CHARRY_EXT_f1d5cd,PUR_IED_CHARRY_EXT_f1d5cd,,,,,
2026-09-12T08:11:04-05:00,PUR_IED_CHARRY_INTDANZAS_7a08e6,PUR_IED_CHARRY_INTDANZAS_7a08e6,,,,,
2026-09-12T08:11:04-05:00,PUR_IED_CHARRY_INT_AULA20_dc998d,PUR_IED_CHARRY_INT_AULA20_dc998d,,,,,
2026-09-12T08:11:04-05:00,PUR_IED_COLVIV_1101_S25_7f520a,PUR_IED_COLVIV_1101_S25_7f520a,,,,,
2026-09-12T08:11:04-05:00,PUR_IED_COLVIV_1102_S16_f570ba,PUR_IED_COLVIV_1102_S16_f570ba,,,,,
2026-09-12T08:11:04-05:00,PUR_IED_COLVIV_Ext_1a26fa,PUR_IED_COLVIV_Ext_1a26fa,,,,,
2026-09-12T08:11:04-05:00,PUR_IED_CULPOP_301A_f660f3,PUR_IED_CULPOP_301A_f660f3,,,,,
2026-09-12T08:11:04-05:00,PUR_IED_CULPOP_303_568afe,PUR_IED_CULPOP_303_568afe,,,,,
2026-09-12T08:11:04-05:00,PUR_IED_CULPOP_Ext_e02ccb,PUR_IED_CULPOP_Ext_e02ccb,,,,,
2026-09-12T08:11:04-05:00,PUR_IED_CVillavicen_Ext_26eb58,PUR_IED_CVillavicen_Ext_26eb58,6,15,82,4.487,-74.102798
2026-09-12T08:11:04-05:00,PUR_IED_CVillavicen_Intel_1ce5c2,PUR_IED_CVillavicen_Intel_1ce5c2,,,,,
2026-09-12T08:11:04-05:00,PUR_IED_CVillavicen_Poliv_e0766c,PUR_IED_CVillavicen_Poliv_e0766c,,,,,
2026-09-12T08:11:04-05:00,PUR_IED_CVillavicen_int_1ba140,PUR_IED_CVillavicen_int_1ba140,,,,,
2026-09-12T08:11:04-05:00,PUR_IED_CVillavicen_intel_1ba140,PUR_IED_CVillavicen_intel_1ba140,,,,,
2026-09-12T08:11:04-05:00,PUR_IED_CarlosPizarro_Ext_e307cc,PUR_IED_CarlosPizarro_Ext_e307cc,,,,,
2026-09-12T08:11:04-05:00,PUR_IED_CarlosPizarro_L36_7e5cdb,PUR_IED_CarlosPizarro_L36_7e5cdb,,,,,
2026-09-12T08:11:04-05:00,PUR_IED_CarlosPizarro_L37_c8566c,PUR_IED_CarlosPizarro_L37_c8566c,,,,,
2026-09-12T08:11:04-05:00,PUR_IED_Castilla_Ext_cf35f,PUR_IED_Castilla_Ext_cf35f,,,,,
2026-09-12T08:11:04-05:00,PUR_IED_Castilla_SFisik_360e38,PUR_IED_Castilla_SFisik_360e38,,,,,
2026-09-12T08:11:04-05:00,PUR_IED_Castilla_Sc304_496fbf,PUR_IED_Castilla_Sc304_496fbf,,,,,
2026-09-12T08:11:04-05:00,PUR_IED_CervantesSa_Ext_6b57b,PUR_IED_CervantesSa_Ext_6b57b,4,17,73,4.5128,-74.117203
2026-09-12T08:11:04-05:00,PUR_IED_CervantesSa_S107_225c2b,PUR_IED_CervantesSa_S107_225c2b,,,,,
2026-09-12T08:11:04-05:00,PUR_IED_CervantesSa_S108_940925,PUR_IED_CervantesSa_S108_940925,,,,,
2026-09-12T08:11:04-05:00,PUR_IED_Charry_A20_f53e7c,PUR_IED_Charry_A20_f53e7c,,,,,
2026-09-12T08:11:04-05:00,PUR_IED_Charry_Ext_f1d5cd,PUR_IED_Charry_Ext_f1d5cd,,,,,
2026-09-12T08:11:04-05:00,PUR_IED_Charry_IntAula20_dc998d,PUR_IED_Charry_IntAula20_dc998d,,,,,
2026-09-12T08:11:04-05:00,PUR_IED_Charry_IntDanzas_7a08e6,PUR_IED_Charry_IntDanzas_7a08e6,,,,,
2026-09-12T08:11:04-05:00,PUR_IED_ClememciaC_203_43e2fc,PUR_IED_ClememciaC_203_43e2fc,,,,,
2026-09-12T08:11:04-05:00,PUR_IED_ClememciaC_Ext_1b411a,PUR_IED_ClememciaC_Ext_1b411a,,,,,
2026-09-12T08:11:04-05:00,PUR_IED_ClememciaC_Quimic_44b5fc,PUR_IED_ClememciaC_Quimic_44b5fc,,,,,
2026-09-12T08:11:04-05:00,PUR_IED_ClemenciaC_203_43e2fc,PUR_IED_ClemenciaC_203_43e2fc,,,,,
2026-09-12T08:11:04-05:00,PUR_IED_ClemenciaC_Ext_1b411a,PUR_IED_ClemenciaC_Ext_1b411a,,,,,
2026-09-12T08:11:04-05:00,PUR_IED_ClemenciaC_Quimic_44b5fc,PUR_IED_ClemenciaC_Quimic_44b5fc,,,,,
2026-09-12T08:11:04-05:00,PUR_IED_ColViva_1101_S25_7f520a,PUR_IED_ColViva_1101_S25_7f520a,,,,,
2026-09-12T08:11:04-05:00,PUR_IED_ColViva_1102_S16_f570ba,PUR_IED_ColViva_1102_S16_f570ba,,,,,
2026-09-12T08:11:04-05:00,PUR_IED_ColViva_Ext_1a26fa,PUR_IED_ColViva_Ext_1a26fa,,,,,
2026-09-12T08:11:04-05:00,PUR_IED_ColegioBici_Asist_7c8798,PUR_IED_ColegioBici_Asist_7c8798,,,,,
2026-09-12T08:11:04-05:00,PUR_IED_ColegioBici_Ext_25cbf6,PUR_IED_ColegioBici_Ext_25cbf6,,,,,
2026-09-12T08:11:04-05:00,PUR_IED_ColegioBici_LabQ_7b57db,PUR_IED_ColegioBici_LabQ_7b57db,,,,,
2026-09-12T08:11:04-05:00,PUR_IED_CostaRica_Ext_5e640,PUR_IED_CostaRica_Ext_5e640,,,,,
2026-09-12T08:11:04-05:00,PUR_IED_CostaRica_Quim1_766d1c,PUR_IED_CostaRica_Quim1_766d1c,,,,,
2026-09-12T08:11:04-05:00,PUR_IED_CostaRica__Fisica_6f0873,PUR_IED_CostaRica__Fisica_6f0873,,,,,
2026-09-12T08:11:04-05:00,PUR_IED_CulPopu_301A_f660f3,PUR_IED_CulPopu_301A_f660f3,,,,,
2026-09-12T08:11:04-05:00,PUR_IED_CulPopu_303_568afe,PUR_IED_CulPopu_303_568afe,,,,,
2026-09-12T08:11:04-05:00,PUR_IED_CulPopu_Ext_e02ccb,PUR_IED_CulPopu_Ext_e02ccb,,,,,
2026-09-12T08:11:04-05:00,PUR_IED_Cundinamarca_Ext_f15985,PUR_IED_Cundinamarca_Ext_f15985,,,,,
2026-09-12T08:11:04-05:00,PUR_IED_Cundinamarca_Info_7aa5d7,PUR_IED_Cundinamarca_Info_7aa5d7,,,,,
2026-09-12T08:11:04-05:00,PUR_IED_Cundinamarca_Tec2_f449c7,PUR_IED_Cundinamarca_Tec2_f449c7,,,,,
2026-09-12T08:11:04-05:00,PUR_IED_DiegoM_Aula1_27b314,PUR_IED_DiegoM_Aula1_27b314,,,,,
2026-09-12T08:11:04-05:00,PUR_IED_DiegoM_Ext_d80ac8,PUR_IED_DiegoM_Ext_d80ac8,,,,,
2026-09-12T08:11:04-05:00,PUR_IED_DiegoM_S25_da928f,PUR_IED_DiegoM_S25_da928f,,,,,
2026-09-12T08:11:04-05:00,PUR_IED_ELRODEO_360881,PUR_IED_ELRODEO_360881,,,,,
2026-09-12T08:11:04-05:00,PUR_IED_ELRODEO_ext_360881,PUR_IED_ELRODEO_ext_360881,,,,,
2026-09-12T08:11:04-05:00,PUR_IED_EduardoU_Ext_1c1969,PUR_IED_EduardoU_Ext_1c1969,,,,,
2026-09-12T08:11:04-05:00,PUR_IED_EduardoU_SCiencia_4dfb94,PUR_IED_EduardoU_SCiencia_4dfb94,,,,,
2026-09-12T08:11:04-05:00,PUR_IED_EduardoU_SQuimica_5a46e7,PUR_IED_EduardoU_SQuimica_5a46e7,,,,,
2026-09-12T08:11:04-05:00,PUR_IED_ElRodeo_Aula14_676984,PUR_IED_ElRodeo_Aula14_676984,,,,,
2026-09-12T08:11:04-05:00,PUR_IED_ElRodeo_Aula16_2dd35b,PUR_IED_ElRodeo_Aula16_2dd35b,,,,,
2026-09-12T08:11:04-05:00,PUR_IED_ElRodeo_Ext_360881,PUR_IED_ElRodeo_Ext_360881,,,,,
2026-09-12T08:11:04-05:00,PUR_IED_ElRodeo_Exterior_8c6d28,PUR_IED_ElRodeo_Exterior_8c6d28,,,,,
2026-09-12T08:11:04-05:00,PUR_IED_ElRodeo_ext_360881,PUR_IED_ElRodeo_ext_360881,,,,,
2026-09-12T08:11:04-05:00,PUR_IED_EmmaReyes_Ext_987625,PUR_IED_EmmaReyes_Ext_987625,7,21,53,4.6367,-74.1511
2026-09-12T08:11:04-05:00,PUR_IED_Ensueño_Ext_7f0250,PUR_IED_Ensueño_Ext_7f0250,,,,,
2026-09-12T08:11:04-05:00,PUR_IED_EscNormal_Ext_5fef3b,PUR_IED_EscNormal_Ext_5fef3b,2,18,62,4.5852,-74.096901
2026-09-12T08:11:04-05:00,PUR_IED_EscNormal_S309_5b263,PUR_IED_EscNormal_S309_5b263,,,,,
2026-09-12T08:11:04-05:00,PUR_IED_EscNormal_S310_27b3b8,PUR_IED_EscNormal_S310_27b3b8,,,,,
2026-09-12T08:11:04-05:00,PUR_IED_Evangelista_Conta_f6cd4f,PUR_IED_Evangelista_Conta_f6cd4f,,,,,
2026-09-12T08:11:04-05:00,PUR_IED_Evangelista_Cri_5e16a,PUR_IED_Evangelista_Cri_5e16a,,,,,
2026-09-12T08:11:04-05:00,PUR_IED_Evangelista_Exter_754066,PUR_IED_Evangelista_Exter_754066,,,,,
2026-09-12T08:11:04-05:00,PUR_IED_FMiranda_S209_5cc2a3,PUR_IED_FMiranda_S209_5cc2a3,,,,,
2026-09-12T08:11:04-05:00,PUR_IED_FMiranda_S303_19e344,PUR_IED_FMiranda_S303_19e344,,,,,
2026-09-12T08:11:04-05:00,PUR_IED_FMiranda_ext_f53e7c,PUR_IED_FMiranda_ext_f53e7c,,,,,
2026-09-12T08:11:04-05:00,PUR_IED_FabioLozano_Bibli_1cee05,PUR_IED_FabioLozano_Bibli_1cee05,,,,,
2026-09-12T08:11:04-05:00,PUR_IED_FabioLozano_Ext_6ea285,PUR_IED_FabioLozano_Ext_6ea285,,,,,
2026-09-12T08:11:04-05:00,PUR_IED_FabioLozano_SLudi_f09e1e,PUR_IED_FabioLozano_SLudi_f09e1e,,,,,
2026-09-12T08:11:04-05:00,PUR_IED_FaustinoS_Aula07_27a731,PUR_IED_FaustinoS_Aula07_27a731,,,,,
2026-09-12T08:11:04-05:00,PUR_IED_FaustinoS_Ext_7b936f,PUR_IED_FaustinoS_Ext_7b936f,,,,,
2026-09-12T08:11:04-05:00,PUR_IED_FaustinoS_Fisica_da2c60,PUR_IED_FaustinoS_Fisica_da2c60,,,,,
2026-09-12T08:11:04-05:00,PUR_IED_FeGarciaLo_Ext_dc68ee,PUR_IED_FeGarciaLo_Ext_dc68ee,,,,,
2026-09-12T08:11:04-05:00,PUR_IED_FeGarciaLo_SDanza_f70a59,PUR_IED_FeGarciaLo_SDanza_f70a59,,,,,
2026-09-12T08:11:04-05:00,PUR_IED_FeGarciaLo_SMusic_125cdd,PUR_IED_FeGarciaLo_SMusic_125cdd,,,,,
2026-09-12T08:11:04-05:00,PUR_IED_FederalAlema_Exte_50c345,PUR_IED_FederalAlema_Exte_50c345,,,,,
2026-09-12T08:11:04-05:00,PUR_IED_FederalAlema_S31_f18371,PUR_IED_FederalAlema_S31_f18371,,,,,
2026-09-12T08:11:04-05:00,PUR_IED_FederalAlema_S901_a62cd,PUR_IED_FederalAlema_S901_a62cd,,,,,
2026-09-12T08:11:04-05:00,PUR_IED_FilarmonicaS_A5_f35eb1,PUR_IED_FilarmonicaS_A5_f35eb1,,,,,
2026-09-12T08:11:04-05:00,PUR_IED_FilarmonicaS_Ext_8a3bde,PUR_IED_FilarmonicaS_Ext_8a3bde,,,,,
2026-09-12T08:11:04-05:00,PUR_IED_FilarmonicaS_Spol_406114,PUR_IED_FilarmonicaS_Spol_406114,,,,,
2026-09-12T08:11:04-05:00,PUR_IED_FlorentinoG_A13_d1fa59,PUR_IED_FlorentinoG_A13_d1fa59,,,,,
2026-09-12T08:11:04-05:00,PUR_IED_FlorentinoG_Ext_1ce6ce,PUR_IED_FlorentinoG_Ext_1ce6ce,,,,,
2026-09-12T08:11:04-05:00,PUR_IED_FlorentinoG_Idiom_a66aac,PUR_IED_FlorentinoG_Idiom_a66aac,,,,,
2026-09-12T08:11:04-05:00,PUR_IED_FranciscoMati_Ext_e3869d,PUR_IED_FranciscoMati_Ext_e3869d,,,,,
2026-09-12T08:11:04-05:00,PUR_IED_FranciscoMati_S13_f31c67,PUR_IED_FranciscoMati_S13_f31c67,,,,,
2026-09-12T08:11:04-05:00,PUR_IED_FranciscoMati_S14_97dead,PUR_IED_FranciscoMati_S14_97dead,,,,,
2026-09-12T08:11:04-05:00,PUR_IED_FranciscoPS_Ext_7bfa9a,PUR_IED_FranciscoPS_Ext_7bfa9a,2,19,60,4.5899,-74.110397
2026-09-12T08:11:04-05:00,PUR_IED_FranciscoPS_Infor_fb8f4c,PUR_IED_FranciscoPS_Infor_fb8f4c,,,,,
2026-09-12T08:11:04-05:00,PUR_IED_FranciscoPS_Quimi_94d39c,PUR_IED_FranciscoPS_Quimi_94d39c,,,,,
2026-09-12T08:11:04-05:00,PUR_IED_FranciscoP_LabQ_d7e148,PUR_IED_FranciscoP_LabQ_d7e148,,,,,
2026-09-12T08:11:04-05:00,PUR_IED_FranciscoP_S28_cf9b30,PUR_IED_FranciscoP_S28_cf9b30,,,,,
2026-09-12T08:11:04-05:00,PUR_IED_FranciscoP_ext_e2313,PUR_IED_FranciscoP_ext_e2313,,,,,
2026-09-12T08:11:04-05:00,PUR_IED_FriederichN_Ext_8ac92a,PUR_IED_FriederichN_Ext_8ac92a,,,,,
2026-09-12T08:11:04-05:00,PUR_IED_FriederichN_S301_dd7e5a,PUR_IED_FriederichN_S301_dd7e5a,,,,,
2026-09-12T08:11:04-05:00,PUR_IED_FriederichN_S308_761f4f,PUR_IED_FriederichN_S308_761f4f,,,,,
2026-09-12T08:11:04-05:00,PUR_IED_GSantander_Aula10_533dd7,PUR_IED_GSantander_Aula10_533dd7,,,,,
2026-09-12T08:11:04-05:00,PUR_IED_GSantander_Aula12_fd4e4f,PUR_IED_GSantander_Aula12_fd4e4f,,,,,
2026-09-12T08:11:04-05:00,PUR_IED_GSantander_Aula310_533dd7,PUR_IED_GSantander_Aula310_533dd7,,,,,
2026-09-12T08:11:04-05:00,PUR_IED_GSantander_Aula312_fd4e4f,PUR_IED_GSantander_Aula312_fd4e4f,,,,,
2026-09-12T08:11:04-05:00,PUR_IED_GSantander_Ext_5f66b0,PUR_IED_GSantander_Ext_5f66b0,,,,,
2026-09-12T08:11:04-05:00,PUR_IED_GYomasa_Ext_f6bea5,PUR_IED_GYomasa_Ext_f6bea5,,,,,
2026-09-12T08:11:04-05:00,PUR_IED_GYomasa_LBiol_2c41aa,PUR_IED_GYomasa_LBiol_2c41aa,,,,,
2026-09-12T08:11:04-05:00,PUR_IED_GYomasa_LQuim_33c80,PUR_IED_GYomasa_LQuim_33c80,,,,,
2026-09-12T08:11:04-05:00,PUR_IED_GabBetMejia_Cienc_5a99c,PUR_IED_GabBetMejia_Cienc_5a99c,,,,,
2026-09-12T08:11:04-05:00,PUR_IED_GabBetMejia_Ext_9153d0,PUR_IED_GabBetMejia_Ext_9153d0,,,,,
2026-09-12T08:11:04-05:00,PUR_IED_GabBetMejia_Lab_f55347,PUR_IED_GabBetMejia_Lab_f55347,,,,,
2026-09-12T08:11:04-05:00,PUR_IED_GabBetanMejia_Ext_9153d0,PUR_IED_GabBetanMejia_Ext_9153d0,,,,,
2026-09-12T08:11:04-05:00,PUR_IED_Gaitana_Aula13_7aac11,PUR_IED_Gaitana_Aula13_7aac11,,,,,
2026-09-12T08:11:04-05:00,PUR_IED_Gaitana_Ext_5fcf4,PUR_IED_Gaitana_Ext_5fcf4,,,,,
2026-09-12T08:11:04-05:00,PUR_IED_Gaitana_LabFisica_644448,PUR_IED_Gaitana_LabFisica_644448,,,,,
2026-09-12T08:11:04-05:00,PUR_IED_GenSantander_Dise_8ac858,PUR_IED_GenSantander_Dise_8ac858,,,,,
2026-09-12T08:11:04-05:00,PUR_IED_GenSantander_Ext_8d5dfe,PUR_IED_GenSantander_Ext_8d5dfe,,,,,
2026-09-12T08:11:04-05:00,PUR_IED_GenSantander_Info_6c25b,PUR_IED_GenSantander_Info_6c25b,,,,,
2026-09-12T08:11:04-05:00,PUR_IED_GustavoMo_Exterio_75e63d,PUR_IED_GustavoMo_Exterio_75e63d,,,,,
2026-09-12T08:11:04-05:00,PUR_IED_GustavoMo_LabFisi_224d37,PUR_IED_GustavoMo_LabFisi_224d37,,,,,
2026-09-12T08:11:04-05:00,PUR_IED_GustavoMo_S208_3e6918,PUR_IED_GustavoMo_S208_3e6918,,,,,
2026-09-12T08:11:04-05:00,PUR_IED_GustavoR_A02_8cd4a8,PUR_IED_GustavoR_A02_8cd4a8,,,,,
2026-09-12T08:11:04-05:00,PUR_IED_GustavoR_B11_5b0ed,PUR_IED_GustavoR_B11_5b0ed,,,,,
2026-09-12T08:11:04-05:00,PUR_IED_GustavoR_Ext_7a0c90,PUR_IED_GustavoR_Ext_7a0c90,,,,,
2026-09-12T08:11:04-05:00,PUR_IED_HernandoDuran_Ext_8cd82b,PUR_IED_HernandoDuran_Ext_8cd82b,,,,,
2026-09-12T08:11:04-05:00,PUR_IED_HernandoDuran_S24_2772c6,PUR_IED_HernandoDuran_S24_2772c6,,,,,
2026-09-12T08:11:04-05:00,PUR_IED_HernandoDuran_S30_f2de41,PUR_IED_HernandoDuran_S30_f2de41,,,,,
2026-09-12T08:11:04-05:00,PUR_IED_HolguInUr_S1101_8cd732,PUR_IED_HolguInUr_S1101_8cd732,,,,,
2026-09-12T08:11:04-05:00,PUR_IED_HolguinUr_Exter_ddae6d,PUR_IED_HolguinUr_Exter_ddae6d,,,,,
2026-09-12T08:11:04-05:00,PUR_IED_HolguinUr_LabQuim_92b952,PUR_IED_HolguinUr_LabQuim_92b952,,,,,
2026-09-12T08:11:04-05:00,PUR_IED_Isabel-II_Ext_5245cc,PUR_IED_Isabel-II_Ext_5245cc,9,18,63,4.6336,-74.153
2026-09-12T08:11:04-05:00,PUR_IED_Isabel-II_S_idiom_1c29aa,PUR_IED_Isabel-II_S_idiom_1c29aa,,,,,
2026-09-12T08:11:04-05:00,PUR_IED_Isabel-II_S_infor_fd741,PUR_IED_Isabel-II_S_infor_fd741,,,,,
2026-09-12T08:11:04-05:00,PUR_IED_IsidroSur_Exterio_5b90ea,PUR_IED_IsidroSur_Exterio_5b90ea,,,,,
2026-09-12T08:11:04-05:00,PUR_IED_IsidroSur_LabTec_56697a,PUR_IED_IsidroSur_LabTec_56697a,,,,,
2026-09-12T08:11:04-05:00,PUR_IED_IsidroSur_Robotic_b7c38f,PUR_IED_IsidroSur_Robotic_b7c38f,,,,,
2026-09-12T08:11:04-05:00,PUR_IED_IsmaelPerd_Ext_7b6672,PUR_IED_IsmaelPerd_Ext_7b6672,,,,,
2026-09-12T08:11:04-05:00,PUR_IED_IsmaelPerd_Inform_306540,PUR_IED_IsmaelPerd_Inform_306540,,,,,
2026-09-12T08:11:04-05:00,PUR_IED_IsmaelPerd_S30_2e2c83,PUR_IED_IsmaelPerd_S30_2e2c83,,,,,
2026-09-12T08:11:04-05:00,PUR_IED_JLozano_Exter_432910,PUR_IED_JLozano_Exter_432910,,,,,
2026-09-12T08:11:04-05:00,PUR_IED_JLozano_salaMulti_df5125,PUR_IED_JLozano_salaMulti_df5125,,,,,
2026-09-12T08:11:04-05:00,PUR_IED_JMCordoba_206_86f80b,PUR_IED_JMCordoba_206_86f80b,,,,,
2026-09-12T08:11:04-05:00,PUR_IED_JMCordoba_Ext_27ad97,PUR_IED_JMCordoba_Ext_27ad97,,,,,
2026-09-12T08:11:04-05:00,PUR_IED_JMCordoba_S310_d59ab4,PUR_IED_JMCordoba_S310_d59ab4,,,,,
2026-09-12T08:11:04-05:00,PUR_IED_Japon_Ext_549100,PUR_IED_Japon_Ext_549100,,,,,
2026-09-12T08:11:04-05:00,PUR_IED_Japon_Laboratorio_bec51d,PUR_IED_Japon_Laboratorio_bec51d,,,,,
2026-09-12T08:11:04-05:00,PUR_IED_Japon_informatica_d99327,PUR_IED_Japon_informatica_d99327,,,,,
2026-09-12T08:11:04-05:00,PUR_IED_Jazmin_Ext_d27bda,PUR_IED_Jazmin_Ext_d27bda,,,,,
2026-09-12T08:11:04-05:00,PUR_IED_Jazmin_Fisica_8d14d7,PUR_IED_Jazmin_Fisica_8d14d7,,,,,
2026-09-12T08:11:04-05:00,PUR_IED_Jazmin_Quimica_801cb5,PUR_IED_Jazmin_Quimica_801cb5,,,,,
2026-09-12T08:11:04-05:00,PUR_IED_JorgeGaitan_Exter_f098d1,PUR_IED_JorgeGaitan_Exter_f098d1,,,,,
2026-09-12T08:11:04-05:00,PUR_IED_JorgeGaitan_STec1_dc9d1d,PUR_IED_JorgeGaitan_STec1_dc9d1d,,,,,
2026-09-12T08:11:04-05:00,PUR_IED_JorgeGaitan_STec2_281e69,PUR_IED_JorgeGaitan_STec2_281e69,,,,,
2026-09-12T08:11:04-05:00,PUR_IED_JorgeSoto_Exterio_d9d0a2,PUR_IED_JorgeSoto_Exterio_d9d0a2,,,,,
2026-09-12T08:11:04-05:00,PUR_IED_JorgeSoto_LabFisi_209c54,PUR_IED_JorgeSoto_LabFisi_209c54,,,,,
2026-09-12T08:11:04-05:00,PUR_IED_JorgeSoto_S103_27b51a,PUR_IED_JorgeSoto_S103_27b51a,,,,,
2026-09-12T08:11:04-05:00,PUR_IED_JoseAcevedo_A02_e965eb,PUR_IED_JoseAcevedo_A02_e965eb,,,,,
2026-09-12T08:11:04-05:00,PUR_IED_JoseAcevedo_A07_dd5b4,PUR_IED_JoseAcevedo_A07_dd5b4,,,,,
2026-09-12T08:11:04-05:00,PUR_IED_JoseAcevedo_Ext_b47484,PUR_IED_JoseAcevedo_Ext_b47484,,,,,
2026-09-12T08:11:04-05:00,PUR_IED_JoseMarti_Exte_5b9bf,PUR_IED_JoseMarti_Exte_5b9bf,,,,,
2026-09-12T08:11:04-05:00,PUR_IED_JoseMarti_LabQuim_1c6c2d,PUR_IED_JoseMarti_LabQuim_1c6c2d,,,,,
2026-09-12T08:11:04-05:00,PUR_IED_JoseMarti_S_info_f5f177,PUR_IED_JoseMarti_S_info_f5f177,,,,,
2026-09-12T08:11:04-05:00,PUR_IED_Josejoaquin_Ext_dfc5dc,PUR_IED_Josejoaquin_Ext_dfc5dc,,,,,
2026-09-12T08:11:04-05:00,PUR_IED_Josejoaquin_S05_5b2a96,PUR_IED_Josejoaquin_S05_5b2a96,,,,,
2026-09-12T08:11:04-05:00,PUR_IED_Josejoaquin_S06_1ce7d2,PUR_IED_Josejoaquin_S06_1ce7d2,,,,,
2026-09-12T08:11:04-05:00,PUR_IED_JulioFlorez_Danza_9b82dd,PUR_IED_JulioFlorez_Danza_9b82dd,,,,,
2026-09-12T08:11:04-05:00,PUR_IED_JulioFlorez_Exter_f9f314,PUR_IED_JulioFlorez_Exter_f9f314,,,,,
2026-09-12T08:11:04-05:00,PUR_IED_JulioFlorez_info2_6b6e08,PUR_IED_JulioFlorez_info2_6b6e08,,,,,
2026-09-12T08:11:04-05:00,PUR_IED_LaBelleza_Aula13_1d00d8,PUR_IED_LaBelleza_Aula13_1d00d8,,,,,
2026-09-12T08:11:04-05:00,PUR_IED_LaBelleza_Ext_7bc08c,PUR_IED_LaBelleza_Ext_7bc08c,,,,,
2026-09-12T08:11:04-05:00,PUR_IED_LaChucua_Ext_8cd6d2,PUR_IED_LaChucua_Ext_8cd6d2,,,,,
2026-09-12T08:11:04-05:00,PUR_IED_LaChucua_S15_f578ce,PUR_IED_LaChucua_S15_f578ce,,,,,
2026-09-12T08:11:04-05:00,PUR_IED_LaChucua_S16_eebcf9,PUR_IED_LaChucua_S16_eebcf9,,,,,
2026-09-12T08:11:04-05:00,PUR_IED_LaFelicidad_Ext_fb5109,PUR_IED_LaFelicidad_Ext_fb5109,,,,,
2026-09-12T08:11:04-05:00,PUR_IED_LaMerced_206_66ebd,PUR_IED_LaMerced_206_66ebd,,,,,
2026-09-12T08:11:04-05:00,PUR_IED_LaMerced_207_6ebd6,PUR_IED_LaMerced_207_6ebd6,,,,,
2026-09-12T08:11:04-05:00,PUR_IED_LaMerced_ext_304311,PUR_IED_LaMerced_ext_304311,,,,,
2026-09-12T08:11:04-05:00,PUR_IED_Laureano_CiencNat_281e5e,PUR_IED_Laureano_CiencNat_281e5e,,,,,
2026-09-12T08:11:04-05:00,PUR_IED_Laureano_Comedor_f65c0a,PUR_IED_Laureano_Comedor_f65c0a,,,,,
2026-09-12T08:11:04-05:00,PUR_IED_Laureano_Exterior_7ab011,PUR_IED_Laureano_Exterior_7ab011,,,,,
2026-09-12T08:11:04-05:00,PUR_IED_LeonGreiff_Exte_dfe560,PUR_IED_LeonGreiff_Exte_dfe560,,,,,
2026-09-12T08:11:04-05:00,PUR_IED_LeonGreiff_S210_f264ed,PUR_IED_LeonGreiff_S210_f264ed,,,,,
2026-09-12T08:11:04-05:00,PUR_IED_LeonGreiff_SQuimi_e8296f,PUR_IED_LeonGreiff_SQuimi_e8296f,,,,,
2026-09-12T08:11:04-05:00,PUR_IED_LlanoOrientalS208_7b9fcd,PUR_IED_LlanoOrientalS208_7b9fcd,,,,,
2026-09-12T08:11:04-05:00,PUR_IED_LlanoOriental_Ext_fb3766,PUR_IED_LlanoOriental_Ext_fb3766,,,,,
2026-09-12T08:11:04-05:00,PUR_IED_LlanoOriental_S208_7b9fcd,PUR_IED_LlanoOriental_S208_7b9fcd,,,,,
2026-09-12T08:11:04-05:00,PUR_IED_LlanoOriental_S9_27b378,PUR_IED_LlanoOriental_S9_27b378,,,,,
2026-09-12T08:11:04-05:00,PUR_IED_LosTejares_1101_477602,PUR_IED_LosTejares_1101_477602,,,,,
2026-09-12T08:11:04-05:00,PUR_IED_LosTejares_11_d2c595,PUR_IED_LosTejares_11_d2c595,,,,,
2026-09-12T08:11:04-05:00,PUR_IED_LosTejares_12_477602,PUR_IED_LosTejares_12_477602,,,,,
2026-09-12T08:11:04-05:00,PUR_IED_LosTejares_Ext_8e2115,PUR_IED_LosTejares_Ext_8e2115,,,,,
2026-09-12T08:11:04-05:00,PUR_IED_MagdalenaO_B202_5ddda3,PUR_IED_MagdalenaO_B202_5ddda3,,,,,
2026-09-12T08:11:04-05:00,PUR_IED_MagdalenaO_B205_fb76e8,PUR_IED_MagdalenaO_B205_fb76e8,,,,,
2026-09-12T08:11:04-05:00,PUR_IED_MagdalenaO_ext_dc69cd,PUR_IED_MagdalenaO_ext_dc69cd,,,,,
2026-09-12T08:11:04-05:00,PUR_IED_ManueCepeda_artes_eee956,PUR_IED_ManueCepeda_artes_eee956,,,,,
2026-09-12T08:11:04-05:00,PUR_IED_ManuelCepeda_Ext_58313,PUR_IED_ManuelCepeda_Ext_58313,,,,,
2026-09-12T08:11:04-05:00,PUR_IED_ManuelCepeda_tec_1c5731,PUR_IED_ManuelCepeda_tec_1c5731,,,,,
2026-09-12T08:11:04-05:00,PUR_IED_ManuelS_Exterior_5b269,PUR_IED_ManuelS_Exterior_5b269,,,,,
2026-09-12T08:11:04-05:00,PUR_IED_ManuelS_Inform_f369ce,PUR_IED_ManuelS_Inform_f369ce,,,,,
2026-09-12T08:11:04-05:00,PUR_IED_ManuelS_SArtes_7d15f1,PUR_IED_ManuelS_SArtes_7d15f1,,,,,
2026-09-12T08:11:04-05:00,PUR_IED_ManuelZapata_303_3ca6,PUR_IED_ManuelZapata_303_3ca6,,,,,
2026-09-12T08:11:04-05:00,PUR_IED_ManuelZapata_311_bfbabc,PUR_IED_ManuelZapata_311_bfbabc,,,,,
2026-09-12T08:11:04-05:00,PUR_IED_ManuelZapata_Ext_50824a,PUR_IED_ManuelZapata_Ext_50824a,,,,,
2026-09-12T08:11:04-05:00,PUR_IED_ManuelitaS_Exteri_656a92,PUR_IED_ManuelitaS_Exteri_656a92,,,,,
2026-09-12T08:11:04-05:00,PUR_IED_ManuelitaS_JuzgDe_f58ec3,PUR_IED_ManuelitaS_JuzgDe_f58ec3,,,,,
2026-09-12T08:11:04-05:00,PUR_IED_ManuelitaS_Recrea_d793db,PUR_IED_ManuelitaS_Recrea_d793db,,,,,
2026-09-12T08:11:04-05:00,PUR_IED_MarFidSuarez_Ext_c27b19,PUR_IED_MarFidSuarez_Ext_c27b19,,,,,
2026-09-12T08:11:04-05:00,PUR_IED_MarFidSuarez_Info_e384d7,PUR_IED_MarFidSuarez_Info_e384d7,,,,,
2026-09-12T08:11:04-05:00,PUR_IED_MarFidSuarez_S306_1d0032,PUR_IED_MarFidSuarez_S306_1d0032,,,,,
2026-09-12T08:11:04-05:00,PUR_IED_Menorah_301_2a25a3,PUR_IED_Menorah_301_2a25a3,,,,,
2026-09-12T08:11:04-05:00,PUR_IED_Menorah_306_37ed3,PUR_IED_Menorah_306_37ed3,,,,,
2026-09-12T08:11:04-05:00,PUR_IED_Menorah_Ext_3e155b,PUR_IED_Menorah_Ext_3e155b,,,,,
2026-09-12T08:11:04-05:00,PUR_IED_MinutoB.Aires_A11_1b1604,PUR_IED_MinutoB.Aires_A11_1b1604,,,,,
2026-09-12T08:11:04-05:00,PUR_IED_MinutoB.Aires_A12_fb5860,PUR_IED_MinutoB.Aires_A12_fb5860,,,,,
2026-09-12T08:11:04-05:00,PUR_IED_MinutoB.Aires_Ext_81293f,PUR_IED_MinutoB.Aires_Ext_81293f,,,,,
2026-09-12T08:11:04-05:00,PUR_IED_MinutoBAires_A11_1b1604,PUR_IED_MinutoBAires_A11_1b1604,,,,,
2026-09-12T08:11:04-05:00,PUR_IED_MinutoBAires_A12_fb5860,PUR_IED_MinutoBAires_A12_fb5860,,,,,
2026-09-12T08:11:04-05:00,PUR_IED_MinutoBAires_Ext_81293f,PUR_IED_MinutoBAires_Ext_81293f,,,,,
2026-09-12T08:11:04-05:00,PUR_IED_Montreal_Aula10_1e4959,PUR_IED_Montreal_Aula10_1e4959,,,,,
2026-09-12T08:11:04-05:00,PUR_IED_Montreal_Aula6_300367,PUR_IED_Montreal_Aula6_300367,,,,,
2026-09-12T08:11:04-05:00,PUR_IED_Montreal_Exterior_91a179,PUR_IED_Montreal_Exterior_91a179,,,,,
2026-09-12T08:11:04-05:00,PUR_IED_Mqgdalena_B202_5ddda3,PUR_IED_Mqgdalena_B202_5ddda3,,,,,
2026-09-12T08:11:04-05:00,PUR_IED_NACUND_Soc_dc8728,PUR_IED_NACUND_Soc_dc8728,,,,,
2026-09-12T08:11:04-05:00,PUR_IED_NACUND_ext_27ad97,PUR_IED_NACUND_ext_27ad97,,,,,
2026-09-12T08:11:04-05:00,PUR_IED_NEsperanza_Ext_d24b61,PUR_IED_NEsperanza_Ext_d24b61,,,,,
2026-09-12T08:11:04-05:00,PUR_IED_NEsperanza_SElect_7d1807,PUR_IED_NEsperanza_SElect_7d1807,,,,,
2026-09-12T08:11:04-05:00,PUR_IED_NEsperanza_SLabor_8b2d0a,PUR_IED_NEsperanza_SLabor_8b2d0a,,,,,
2026-09-12T08:11:04-05:00,PUR_IED_NacionesU_Ext_f661a9,PUR_IED_NacionesU_Ext_f661a9,,,,,
2026-09-12T08:11:04-05:00,PUR_IED_NacionesU_Quimica_66f0a,PUR_IED_NacionesU_Quimica_66f0a,,,,,
2026-09-12T08:11:04-05:00,PUR_IED_NacionesU_S306_1b4b3d,PUR_IED_NacionesU_S306_1b4b3d,,,,,
2026-09-12T08:11:04-05:00,PUR_IED_NestorFA_Ext_e4201c,PUR_IED_NestorFA_Ext_e4201c,,,,,
2026-09-12T08:11:04-05:00,PUR_IED_NestorFA_Laborato_f22fe0,PUR_IED_NestorFA_Laborato_f22fe0,,,,,
2026-09-12T08:11:04-05:00,PUR_IED_NestorFA_S204_dee996,PUR_IED_NestorFA_S204_dee996,,,,,
2026-09-12T08:11:04-05:00,PUR_IED_NidyaQT_Aula03_76999b,PUR_IED_NidyaQT_Aula03_76999b,,,,,
2026-09-12T08:11:04-05:00,PUR_IED_NidyaQT_Aula10_56325,PUR_IED_NidyaQT_Aula10_56325,,,,,
2026-09-12T08:11:04-05:00,PUR_IED_NidyaQT_Ext_46e32d,PUR_IED_NidyaQT_Ext_46e32d,,,,,
2026-09-12T08:11:04-05:00,PUR_IED_NuevaCol_Exterior_d9b859,PUR_IED_NuevaCol_Exterior_d9b859,,,,,
2026-09-12T08:11:04-05:00,PUR_IED_NuevaCol_S1101_76c43b,PUR_IED_NuevaCol_S1101_76c43b,,,,,
2026-09-12T08:11:04-05:00,PUR_IED_NuevaCol_S1102_1ce0b5,PUR_IED_NuevaCol_S1102_1ce0b5,,,,,
2026-09-12T08:11:04-05:00,PUR_IED_OEA_A202_f7e3f2,PUR_IED_OEA_A202_f7e3f2,,,,,
2026-09-12T08:11:04-05:00,PUR_IED_OEA_A203_7d1b8d,PUR_IED_OEA_A203_7d1b8d,,,,,
2026-09-12T08:11:04-05:00,PUR_IED_OEA_Ext_27b593,PUR_IED_OEA_Ext_27b593,,,,,
2026-09-12T08:11:04-05:00,PUR_IED_Ochoa_Ext_1c29da,PUR_IED_Ochoa_Ext_1c29da,4,15,96,4.503,-74.107201
2026-09-12T08:11:04-05:00,PUR_IED_Ochoa_S205_8b1121,PUR_IED_Ochoa_S205_8b1121,,,,,
2026-09-12T08:11:04-05:00,PUR_IED_Ochoa_Sistemas_f33af6,PUR_IED_Ochoa_Sistemas_f33af6,,,,,
2026-09-12T08:11:04-05:00,PUR_IED_PQuebec_Ext_1c67c7,PUR_IED_PQuebec_Ext_1c67c7,,,,,
2026-09-12T08:11:04-05:00,PUR_IED_PQuebec_S15_23e8e2,PUR_IED_PQuebec_S15_23e8e2,,,,,
2026-09-12T08:11:04-05:00,PUR_IED_PQuebec_S16_8ec76b,PUR_IED_PQuebec_S16_8ec76b,,,,,
2026-09-12T08:11:04-05:00,PUR_IED_PabloN_Ext_49dc96,PUR_IED_PabloN_Ext_49dc96,,,,,
2026-09-12T08:11:04-05:00,PUR_IED_PabloN_S1102_4e3df5,PUR_IED_PabloN_S1102_4e3df5,,,,,
2026-09-12T08:11:04-05:00,PUR_IED_PabloN_S1103_50c94b,PUR_IED_PabloN_S1103_50c94b,,,,,
2026-09-12T08:11:04-05:00,PUR_IED_Palestina_S1101_db9198,PUR_IED_Palestina_S1101_db9198,,,,,
2026-09-12T08:11:04-05:00,PUR_IED_Palestina_S1102_dc54fa,PUR_IED_Palestina_S1102_dc54fa,,,,,
2026-09-12T08:11:04-05:00,PUR_IED_Palestina_ext_4ccce6,PUR_IED_Palestina_ext_4ccce6,,,,,
2026-09-12T08:11:04-05:00,PUR_IED_Panama_Fisica_4d0794,PUR_IED_Panama_Fisica_4d0794,,,,,
2026-09-12T08:11:04-05:00,PUR_IED_Panama_SIngles_a4077e,PUR_IED_Panama_SIngles_a4077e,,,,,
2026-09-12T08:11:04-05:00,PUR_IED_Panama_ext_4c54b4,PUR_IED_Panama_ext_4c54b4,,,,,
2026-09-12T08:11:04-05:00,PUR_IED_ParaisoM_Exterior_8cd7f0,PUR_IED_ParaisoM_Exterior_8cd7f0,,,,,
2026-09-12T08:11:04-05:00,PUR_IED_ParaisoM_Laborato_27af35,PUR_IED_ParaisoM_Laborato_27af35,,,,,
2026-09-12T08:11:04-05:00,PUR_IED_ParaisoM_S304_d1edca,PUR_IED_ParaisoM_S304_d1edca,,,,,
2026-09-12T08:11:04-05:00,PUR_IED_PorfirioBarba_Ext_301466,PUR_IED_PorfirioBarba_Ext_301466,,,,,
2026-09-12T08:11:04-05:00,PUR_IED_PorfirioBarba_S11_df6cd2,PUR_IED_PorfirioBarba_S11_df6cd2,,,,,
2026-09-12T08:11:04-05:00,PUR_IED_PorfirioBarba_S29_27a7d6,PUR_IED_PorfirioBarba_S29_27a7d6,,,,,
2026-09-12T08:11:04-05:00,PUR_IED_PradoV_Exter_8b27ad,PUR_IED_PradoV_Exter_8b27ad,,,,,
2026-09-12T08:11:04-05:00,PUR_IED_PradoV_S301_de65b5,PUR_IED_PradoV_S301_de65b5,,,,,
2026-09-12T08:11:04-05:00,PUR_IED_PradoV_S302_7d2593,PUR_IED_PradoV_S302_7d2593,,,,,
2026-09-12T08:11:04-05:00,PUR_IED_QuirogaAlz_Ext_1ddc82,PUR_IED_QuirogaAlz_Ext_1ddc82,,,,,
2026-09-12T08:11:04-05:00,PUR_IED_QuirogaAlz_S302_9926a3,PUR_IED_QuirogaAlz_S302_9926a3,,,,,
2026-09-12T08:11:04-05:00,PUR_IED_QuirogaAlz_S305_cdf1f1,PUR_IED_QuirogaAlz_S305_cdf1f1,,,,,
2026-09-12T08:11:04-05:00,PUR_IED_RGuatemala_Biling_dc53b7,PUR_IED_RGuatemala_Biling_dc53b7,,,,,
2026-09-12T08:11:04-05:00,PUR_IED_RGuatemala_Ext_1b89a3,PUR_IED_RGuatemala_Ext_1b89a3,,,,,
2026-09-12T08:11:04-05:00,PUR_IED_RGuatemala_Tecnol_281a34,PUR_IED_RGuatemala_Tecnol_281a34,,,,,
2026-09-12T08:11:04-05:00,PUR_IED_RafaNu_Ext_f7c302,PUR_IED_RafaNu_Ext_f7c302,,,,,
2026-09-12T08:11:04-05:00,PUR_IED_RafaNu_S1101_25fde,PUR_IED_RafaNu_S1101_25fde,,,,,
2026-09-12T08:11:04-05:00,PUR_IED_RafaNu_S1102_281517,PUR_IED_RafaNu_S1102_281517,,,,,
2026-09-12T08:11:04-05:00,PUR_IED_RafaelB_S305_ee2783,PUR_IED_RafaelB_S305_ee2783,,,,,
2026-09-12T08:11:04-05:00,PUR_IED_RafaelB_S306_75fe33,PUR_IED_RafaelB_S306_75fe33,,,,,
2026-09-12T08:11:04-05:00,PUR_IED_RafaelB_ext_283336,PUR_IED_RafaelB_ext_283336,2,18,61,4.6722,-74.0737
2026-09-12T08:11:04-05:00,PUR_IED_RafaelUU_Exterior_281a51,PUR_IED_RafaelUU_Exterior_281a51,,,,,
2026-09-12T08:11:04-05:00,PUR_IED_RafaelUU_Human_806b2,PUR_IED_RafaelUU_Human_806b2,,,,,
2026-09-12T08:11:04-05:00,PUR_IED_RafaelUU_Mate2_5680d4,PUR_IED_RafaelUU_Mate2_5680d4,,,,,
2026-09-12T08:11:04-05:00,PUR_IED_RamonSub_Ext_f9eeb9,PUR_IED_RamonSub_Ext_f9eeb9,,,,,
2026-09-12T08:11:04-05:00,PUR_IED_RamonSub_Media_d1f62f,PUR_IED_RamonSub_Media_d1f62f,,,,,
2026-09-12T08:11:04-05:00,PUR_IED_RamonSub_planta_51b82,PUR_IED_RamonSub_planta_51b82,,,,,
2026-09-12T08:11:04-05:00,PUR_IED_RepBoliVene_Exter_27af7c,PUR_IED_RepBoliVene_Exter_27af7c,,,,,
2026-09-12T08:11:04-05:00,PUR_IED_RepBoliVene_SCPT_5ae2ee,PUR_IED_RepBoliVene_SCPT_5ae2ee,,,,,
2026-09-12T08:11:04-05:00,PUR_IED_RepBoliVene_Socia_4b11d5,PUR_IED_RepBoliVene_Socia_4b11d5,,,,,
2026-09-12T08:11:04-05:00,PUR_IED_RepChina_Ext_76d9ee,PUR_IED_RepChina_Ext_76d9ee,,,,,
2026-09-12T08:11:04-05:00,PUR_IED_RepChina_S404_7c804c,PUR_IED_RepChina_S404_7c804c,,,,,
2026-09-12T08:11:04-05:00,PUR_IED_RepChina_S405_df2c33,PUR_IED_RepChina_S405_df2c33,,,,,
2026-09-12T08:11:04-05:00,PUR_IED_RepublicaC_Exteri_7d1ec9,PUR_IED_RepublicaC_Exteri_7d1ec9,,,,,
2026-09-12T08:11:04-05:00,PUR_IED_RepublicaC_S1101_f544b3,PUR_IED_RepublicaC_S1101_f544b3,,,,,
2026-09-12T08:11:04-05:00,PUR_IED_RepublicaC_S1102_7aafc7,PUR_IED_RepublicaC_S1102_7aafc7,,,,,
2026-09-12T08:11:04-05:00,PUR_IED_Ricaurte_Externo_a0ea1,PUR_IED_Ricaurte_Externo_a0ea1,,,,,
2026-09-12T08:11:04-05:00,PUR_IED_Ricaurte_S210_f546fd,PUR_IED_Ricaurte_S210_f546fd,,,,,
2026-09-12T08:11:04-05:00,PUR_IED_Ricaurte_S309_d4452,PUR_IED_Ricaurte_S309_d4452,,,,,
2026-09-12T08:11:04-05:00,PUR_IED_RogelioS_1102_531e69,PUR_IED_RogelioS_1102_531e69,,,,,
2026-09-12T08:11:04-05:00,PUR_IED_RogelioS_Ext_f25a18,PUR_IED_RogelioS_Ext_f25a18,,,,,
2026-09-12T08:11:04-05:00,PUR_IED_SBernardino_Ext_27aff8,PUR_IED_SBernardino_Ext_27aff8,,,,,
2026-09-12T08:11:04-05:00,PUR_IED_SBernardino_SArte_2ffd33,PUR_IED_SBernardino_SArte_2ffd33,,,,,
2026-09-12T08:11:04-05:00,PUR_IED_SBernardino_SIngl_7c7da5,PUR_IED_SBernardino_SIngl_7c7da5,,,,,
2026-09-12T08:11:04-05:00,PUR_IED_Sago_auditorio_dc9d1d,PUR_IED_Sago_auditorio_dc9d1d,,,,,
2026-09-12T08:11:04-05:00,PUR_IED_Saludcoop_Ext_95aac3,PUR_IED_Saludcoop_Ext_95aac3,,,,,
2026-09-12T08:11:04-05:00,PUR_IED_Saludcoop_InfI_90c854,PUR_IED_Saludcoop_InfI_90c854,,,,,
2026-09-12T08:11:04-05:00,PUR_IED_Saludcoop_SMedia_1b93be,PUR_IED_Saludcoop_SMedia_1b93be,,,,,
2026-09-12T08:11:04-05:00,PUR_IED_SanCarlos_1101_1a2360,PUR_IED_SanCarlos_1101_1a2360,,,,,
2026-09-12T08:11:04-05:00,PUR_IED_SanCarlos_1103_7bafb5,PUR_IED_SanCarlos_1103_7bafb5,,,,,
2026-09-12T08:11:04-05:00,PUR_IED_SanCarlos_Ext_b7cd1,PUR_IED_SanCarlos_Ext_b7cd1,,,,,
2026-09-12T08:11:04-05:00,PUR_IED_SanIgnacioBosa11a_50c26e,PUR_IED_SanIgnacioBosa11a_50c26e,,,,,
2026-09-12T08:11:04-05:00,PUR_IED_SanIgnacioBosa11b_371de8,PUR_IED_SanIgnacioBosa11b_371de8,,,,,
2026-09-12T08:11:04-05:00,PUR_IED_SanIgnacioBosaExt_ef0ffc,PUR_IED_SanIgnacioBosaExt_ef0ffc,,,,,
2026-09-12T08:11:04-05:00,PUR_IED_SanIgnacioBosa_11a_50c26e,PUR_IED_SanIgnacioBosa_11a_50c26e,,,,,
2026-09-12T08:11:04-05:00,PUR_IED_SanIgnacioBosa_Ext_ef0ffc,PUR_IED_SanIgnacioBosa_Ext_ef0ffc,,,,,
2026-09-12T08:11:04-05:00,PUR_IED_SanJoseN_intS1101_31c47f,PUR_IED_SanJoseN_intS1101_31c47f,,,,,
2026-09-12T08:11:04-05:00,PUR_IED_SanJoseUsm_Exter_f5d7e8,PUR_IED_SanJoseUsm_Exter_f5d7e8,,,,,
2026-09-12T08:11:04-05:00,PUR_IED_SanJoseUsm_Int11A_cfdef6,PUR_IED_SanJoseUsm_Int11A_cfdef6,,,,,
2026-09-12T08:11:04-05:00,PUR_IED_SilveriaR_IntB5_905349,PUR_IED_SilveriaR_IntB5_905349,,,,,
2026-09-12T08:11:04-05:00,PUR_IED_SilveriaR_IntSD14_981f93,PUR_IED_SilveriaR_IntSD14_981f93,,,,,
2026-09-12T08:11:04-05:00,PUR_IED_SilveriaR_ext_2b651d,PUR_IED_SilveriaR_ext_2b651d,,,,,
2026-09-12T08:11:04-05:00,PUR_IED_SimonB_Exterior_913975,PUR_IED_SimonB_Exterior_913975,,,,,
2026-09-12T08:11:04-05:00,PUR_IED_SimonB_LabQuimi_c56908,PUR_IED_SimonB_LabQuimi_c56908,,,,,
2026-09-12T08:11:04-05:00,PUR_IED_SimonB_informatic_a28c1,PUR_IED_SimonB_informatic_a28c1,,,,,
2026-09-12T08:11:04-05:00,PUR_IED_Sorrento_1102_315f50,PUR_IED_Sorrento_1102_315f50,,,,,
2026-09-12T08:11:04-05:00,PUR_IED_Sorrento_Minte_214eab,PUR_IED_Sorrento_Minte_214eab,,,,,
2026-09-12T08:11:04-05:00,PUR_IED_Sorrento_ext_7c3a0a,PUR_IED_Sorrento_ext_7c3a0a,,,,,
2026-09-12T08:11:04-05:00,PUR_IED_Tabora_Ext_f048ae,PUR_IED_Tabora_Ext_f048ae,,,,,
2026-09-12T08:11:04-05:00,PUR_IED_Tabora_S1102_b07752,PUR_IED_Tabora_S1102_b07752,,,,,
2026-09-12T08:11:04-05:00,PUR_IED_Tabora_S1103_d988f5,PUR_IED_Tabora_S1103_d988f5,,,,,
2026-09-12T08:11:04-05:00,PUR_IED_Tenerife_Ext_1ab188,PUR_IED_Tenerife_Ext_1ab188,,,,,
2026-09-12T08:11:04-05:00,PUR_IED_Tenerife_SDanzas_7bc02e,PUR_IED_Tenerife_SDanzas_7bc02e,,,,,
2026-09-12T08:11:04-05:00,PUR_IED_Tenerife_SIngles_7cc277,PUR_IED_Tenerife_SIngles_7cc277,,,,,
2026-09-12T08:11:04-05:00,PUR_IED_Tibabuyes_Exter_f2683d,PUR_IED_Tibabuyes_Exter_f2683d,,,,,
2026-09-12T08:11:04-05:00,PUR_IED_Tibabuyes_S10_dc87a8,PUR_IED_Tibabuyes_S10_dc87a8,,,,,
2026-09-12T08:11:04-05:00,PUR_IED_Tibabuyes_S15_dc0526,PUR_IED_Tibabuyes_S15_dc0526,,,,,
2026-09-12T08:11:04-05:00,PUR_IED_UnionE_S301_a1043,PUR_IED_UnionE_S301_a1043,,,,,
2026-09-12T08:11:04-05:00,PUR_IED_UnionE_S307_ff6c2f,PUR_IED_UnionE_S307_ff6c2f,,,,,
2026-09-12T08:11:04-05:00,PUR_IED_UnionE__Ext_5e2468,PUR_IED_UnionE__Ext_5e2468,,,,,
2026-09-12T08:11:04-05:00,PUR_IED_VillaRica_Ext_75be7c,PUR_IED_VillaRica_Ext_75be7c,,,,,
2026-09-12T08:11:04-05:00,PUR_IED_VillaRica_S4_cc5dcd,PUR_IED_VillaRica_S4_cc5dcd,,,,,
2026-09-12T08:11:04-05:00,PUR_IED_VillaRica_Sesp_99f5c,PUR_IED_VillaRica_Sesp_99f5c,,,,,
2026-09-12T08:16:08-05:00,PUR_IED_20deJulio_1101_91b1b9,PUR_IED_20deJulio_1101_91b1b9,,,,,
2026-09-12T08:16:08-05:00,PUR_IED_20deJulio_1102_1cfcf9,PUR_IED_20deJulio_1102_1cfcf9,,,,,
2026-09-12T08:16:08-05:00,PUR_IED_20deJulio_Ext_ab60bd,PUR_IED_20deJulio_Ext_ab60bd,,,,,
2026-09-12T08:16:08-05:00,PUR_IED_AgustinFer_Ext_7b9b77,PUR_IED_AgustinFer_Ext_7b9b77,,,,,
2026-09-12T08:16:08-05:00,PUR_IED_AgustinFer_Info2_27b3a7,PUR_IED_AgustinFer_Info2_27b3a7,,,,,
2026-09-12T08:16:08-05:00,PUR_IED_AgustinFer_Sena_54b4eb,PUR_IED_AgustinFer_Sena_54b4eb,,,,,
2026-09-12T08:16:08-05:00,PUR_IED_AlexanderF_1102_caf07b,PUR_IED_AlexanderF_1102_caf07b,,,,,
2026-09-12T08:16:08-05:00,PUR_IED_AlexanderF_1103_c79e71,PUR_IED_AlexanderF_1103_c79e71,,,,,
2026-09-12T08:16:08-05:00,PUR_IED_AlexanderF_Ext_c5b18b,PUR_IED_AlexanderF_Ext_c5b18b,,,,,
2026-09-12T08:16:08-05:00,PUR_IED_AlfonsoLopez_Ext_281d77,PUR_IED_AlfonsoLopez_Ext_281d77,,,,,
2026-09-12T08:16:08-05:00,PUR_IED_AlfonsoLopez_LabF_888ce0,PUR_IED_AlfonsoLopez_LabF_888ce0,,,,,
2026-09-12T08:16:08-05:00,PUR_IED_AlfonsoLopez_SMed_df6a7f,PUR_IED_AlfonsoLopez_SMed_df6a7f,,,,,
2026-09-12T08:16:08-05:00,PUR_IED_AltamiraSO_A2_209f92,PUR_IED_AltamiraSO_A2_209f92,,,,,
2026-09-12T08:16:08-05:00,PUR_IED_AltamiraSO_Ext_186d66,PUR_IED_AltamiraSO_Ext_186d66,,,,,
2026-09-12T08:16:08-05:00,PUR_IED_AltamiraSO_Sistem_27afe1,PUR_IED_AltamiraSO_Sistem_27afe1,,,,,
2026-09-12T08:16:08-05:00,PUR_IED_AlvaroGom_LabQuim_813179,PUR_IED_AlvaroGom_LabQuim_813179,,,,,
2026-09-12T08:16:08-05:00,PUR_IED_AlvaroGomez_Ext_47c7ca,PUR_IED_AlvaroGomez_Ext_47c7ca,,,,,
2026-09-12T08:16:08-05:00,PUR_IED_AlvaroGomez_LabQuim_813179,PUR_IED_AlvaroGomez_LabQuim_813179,,,,,
2026-09-12T08:16:08-05:00,PUR_IED_AlvaroGomez_S23_7ba89f,PUR_IED_AlvaroGomez_S23_7ba89f,,,,,
2026-09-12T08:16:08-05:00,PUR_IED_Amistad_306_dc8728,PUR_IED_Amistad_306_dc8728,,,,,
2026-09-12T08:16:08-05:00,PUR_IED_Amistad_Ext_8cd55e,PUR_IED_Amistad_Ext_8cd55e,,,,,
2026-09-12T08:16:08-05:00,PUR_IED_Amistad_S202_a41169,PUR_IED_Amistad_S202_a41169,,,,,
2026-09-12T08:16:08-05:00,PUR_IED_AndresBello_Bio_fd5f5e,PUR_IED_AndresBello_Bio_fd5f5e,,,,,
2026-09-12T08:16:08-05:00,PUR_IED_AndresBello_ext_dcad65,PUR_IED_AndresBello_ext_dcad65,,,,,
2026-09-12T08:16:08-05:00,PUR_IED_AndresBello_port_eed3ec,PUR_IED_AndresBello_port_eed3ec,,,,,
2026-09-12T08:16:08-05:00,PUR_IED_AngelaR_11b_d90a6b,PUR_IED_AngelaR_11b_d90a6b,,,,,
2026-09-12T08:16:08-05:00,PUR_IED_AngelaR_ext_7cad3e,PUR_IED_AngelaR_ext_7cad3e,,,,,
2026-09-12T08:16:08-05:00,PUR_IED_AntJoseSucre_10mo_df2575,PUR_IED_AntJoseSucre_10mo_df2575,,,,,
2026-09-12T08:16:08-05:00,PUR_IED_AntJoseSucre_Ext_215b36,PUR_IED_AntJoseSucre_Ext_215b36,,,,,
2026-09-12T08:16:08-05:00,PUR_IED_AntJoseSucre_Lab_3139de,PUR_IED_AntJoseSucre_Lab_3139de,,,,,
2026-09-12T08:16:08-05:00,PUR_IED_AntonioGarcia_301_d6b188,PUR_IED_AntonioGarcia_301_d6b188,,,,,
2026-09-12T08:16:08-05:00,PUR_IED_AntonioGarcia_302_88a82,PUR_IED_AntonioGarcia_302_88a82,,,,,
2026-09-12T08:16:08-05:00,PUR_IED_AntonioGarcia_Ext_20950c,PUR_IED_AntonioGarcia_Ext_20950c,,,,,
2026-09-12T08:16:08-05:00,PUR_IED_AntonioVan_Aula2_6dea02,PUR_IED_AntonioVan_Aula2_6dea02,,,,,
2026-09-12T08:16:08-05:00,PUR_IED_AntonioVan_Aula5_f1557e,PUR_IED_AntonioVan_Aula5_f1557e,,,,,
2026-09-12T08:16:08-05:00,PUR_IED_AntonioVan_Ext_406f2f,PUR_IED_AntonioVan_Ext_406f2f,,,,,
2026-09-12T08:16:08-05:00,PUR_IED_Atabanzha_Ext_cc5af9,PUR_IED_Atabanzha_Ext_cc5af9,,,,,
2026-09-12T08:16:08-05:00,PUR_IED_Atabanzha_SA101_56c37,PUR_IED_Atabanzha_SA101_56c37,,,,,
2026-09-12T08:16:08-05:00,PUR_IED_Atabanzha_SB302_27b374,PUR_IED_Atabanzha_SB302_27b374,,,,,
2026-09-12T08:16:08-05:00,PUR_IED_Atahualpa_Ext_fc1748,PUR_IED_Atahualpa_Ext_fc1748,,,,,
2026-09-12T08:16:08-05:00,PUR_IED_Atahualpa_Informa_dc9a95,PUR_IED_Atahualpa_Informa_dc9a95,,,,,
2026-09-12T08:16:08-05:00,PUR_IED_Atahualpa_S1101_f98056,PUR_IED_Atahualpa_S1101_f98056,,,,,
2026-09-12T08:16:08-05:00,PUR_IED_Bellavista_Ext_f5aa74,PUR_IED_Bellavista_Ext_f5aa74,,,,,
2026-09-12T08:16:08-05:00,PUR_IED_Bilbao_11A_916c41,PUR_IED_Bilbao_11A_916c41,,,,,
2026-09-12T08:16:08-05:00,PUR_IED_Bilbao_Ext_fb579a,PUR_IED_Bilbao_Ext_fb579a,,,,,
2026-09-12T08:16:08-05:00,PUR_IED_BrasiliaU_A125_304280,PUR_IED_BrasiliaU_A125_304280,,,,,
2026-09-12T08:16:08-05:00,PUR_IED_BrasiliaU_A203_7c8ca5,PUR_IED_BrasiliaU_A203_7c8ca5,,,,,
2026-09-12T08:16:08-05:00,PUR_IED_BrasiliaU_Ext_8d6e9f,PUR_IED_BrasiliaU_Ext_8d6e9f,4,17,67,4.5175,-74.116302
2026-09-12T08:16:08-05:00,PUR_IED_Brasilia_Ext_fe6593,PUR_IED_Brasilia_Ext_fe6593,,,,,
2026-09-12T08:16:08-05:00,PUR_IED_Brasilia_S24_7c130d,PUR_IED_Brasilia_S24_7c130d,,,,,
2026-09-12T08:16:08-05:00,PUR_IED_Brasilia_S501_186a54,PUR_IED_Brasilia_S501_186a54,,,,,
2026-09-12T08:16:08-05:00,PUR_IED_CHARRY_EXT_f1d5cd,PUR_IED_CHARRY_EXT_f1d5cd,,,,,
2026-09-12T08:16:08-05:00,PUR_IED_CHARRY_INTDANZAS_7a08e6,PUR_IED_CHARRY_INTDANZAS_7a08e6,,,,,
2026-09-12T08:16:08-05:00,PUR_IED_CHARRY_INT_AULA20_dc998d,PUR_IED_CHARRY_INT_AULA20_dc998d,,,,,
2026-09-12T08:16:08-05:00,PUR_IED_COLVIV_1101_S25_7f520a,PUR_IED_COLVIV_1101_S25_7f520a,,,,,
2026-09-12T08:16:08-05:00,PUR_IED_COLVIV_1102_S16_f570ba,PUR_IED_COLVIV_1102_S16_f570ba,,,,,
2026-09-12T08:16:08-05:00,PUR_IED_COLVIV_Ext_1a26fa,PUR_IED_COLVIV_Ext_1a26fa,,,,,
2026-09-12T08:16:08-05:00,PUR_IED_CULPOP_301A_f660f3,PUR_IED_CULPOP_301A_f660f3,,,,,
2026-09-12T08:16:08-05:00,PUR_IED_CULPOP_303_568afe,PUR_IED_CULPOP_303_568afe,,,,,
2026-09-12T08:16:08-05:00,PUR_IED_CULPOP_Ext_e02ccb,PUR_IED_CULPOP_Ext_e02ccb,,,,,
2026-09-12T08:16:08-05:00,PUR_IED_CVillavicen_Ext_26eb58,PUR_IED_CVillavicen_Ext_26eb58,7,15,82,4.487,-74.102798
2026-09-12T08:16:08-05:00,PUR_IED_CVillavicen_Intel_1ce5c2,PUR_IED_CVillavicen_Intel_1ce5c2,,,,,
2026-09-12T08:16:08-05:00,PUR_IED_CVillavicen_Poliv_e0766c,PUR_IED_CVillavicen_Poliv_e0766c,,,,,
2026-09-12T08:16:08-05:00,PUR_IED_CVillavicen_int_1ba140,PUR_IED_CVillavicen_int_1ba140,,,,,
2026-09-12T08:16:08-05:00,PUR_IED_CVillavicen_intel_1ba140,PUR_IED_CVillavicen_intel_1ba140,,,,,
2026-09-12T08:16:08-05:00,PUR_IED_CarlosPizarro_Ext_e307cc,PUR_IED_CarlosPizarro_Ext_e307cc,,,,,
2026-09-12T08:16:08-05:00,PUR_IED_CarlosPizarro_L36_7e5cdb,PUR_IED_CarlosPizarro_L36_7e5cdb,,,,,
2026-09-12T08:16:08-05:00,PUR_IED_CarlosPizarro_L37_c8566c,PUR_IED_CarlosPizarro_L37_c8566c,,,,,
2026-09-12T08:16:08-05:00,PUR_IED_Castilla_Ext_cf35f,PUR_IED_Castilla_Ext_cf35f,,,,,
2026-09-12T08:16:08-05:00,PUR_IED_Castilla_SFisik_360e38,PUR_IED_Castilla_SFisik_360e38,,,,,
2026-09-12T08:16:08-05:00,PUR_IED_Castilla_Sc304_496fbf,PUR_IED_Castilla_Sc304_496fbf,,,,,
2026-09-12T08:16:08-05:00,PUR_IED_CervantesSa_Ext_6b57b,PUR_IED_CervantesSa_Ext_6b57b,4,17,74,4.5128,-74.117203
2026-09-12T08:16:08-05:00,PUR_IED_CervantesSa_S107_225c2b,PUR_IED_CervantesSa_S107_225c2b,,,,,
2026-09-12T08:16:08-05:00,PUR_IED_CervantesSa_S108_940925,PUR_IED_CervantesSa_S108_940925,,,,,
2026-09-12T08:16:08-05:00,PUR_IED_Charry_A20_f53e7c,PUR_IED_Charry_A20_f53e7c,,,,,
2026-09-12T08:16:08-05:00,PUR_IED_Charry_Ext_f1d5cd,PUR_IED_Charry_Ext_f1d5cd,,,,,
2026-09-12T08:16:08-05:00,PUR_IED_Charry_IntAula20_dc998d,PUR_IED_Charry_IntAula20_dc998d,,,,,
2026-09-12T08:16:08-05:00,PUR_IED_Charry_IntDanzas_7a08e6,PUR_IED_Charry_IntDanzas_7a08e6,,,,,
2026-09-12T08:16:08-05:00,PUR_IED_ClememciaC_203_43e2fc,PUR_IED_ClememciaC_203_43e2fc,,,,,
2026-09-12T08:16:08-05:00,PUR_IED_ClememciaC_Ext_1b411a,PUR_IED_ClememciaC_Ext_1b411a,,,,,
2026-09-12T08:16:08-05:00,PUR_IED_ClememciaC_Quimic_44b5fc,PUR_IED_ClememciaC_Quimic_44b5fc,,,,,
2026-09-12T08:16:08-05:00,PUR_IED_ClemenciaC_203_43e2fc,PUR_IED_ClemenciaC_203_43e2fc,,,,,
2026-09-12T08:16:08-05:00,PUR_IED_ClemenciaC_Ext_1b411a,PUR_IED_ClemenciaC_Ext_1b411a,,,,,
2026-09-12T08:16:08-05:00,PUR_IED_ClemenciaC_Quimic_44b5fc,PUR_IED_ClemenciaC_Quimic_44b5fc,,,,,
2026-09-12T08:16:08-05:00,PUR_IED_ColViva_1101_S25_7f520a,PUR_IED_ColViva_1101_S25_7f520a,,,,,
2026-09-12T08:16:08-05:00,PUR_IED_ColViva_1102_S16_f570ba,PUR_IED_ColViva_1102_S16_f570ba,,,,,
2026-09-12T08:16:08-05:00,PUR_IED_ColViva_Ext_1a26fa,PUR_IED_ColViva_Ext_1a26fa,,,,,
2026-09-12T08:16:08-05:00,PUR_IED_ColegioBici_Asist_7c8798,PUR_IED_ColegioBici_Asist_7c8798,,,,,
2026-09-12T08:16:08-05:00,PUR_IED_ColegioBici_Ext_25cbf6,PUR_IED_ColegioBici_Ext_25cbf6,,,,,
2026-09-12T08:16:08-05:00,PUR_IED_ColegioBici_LabQ_7b57db,PUR_IED_ColegioBici_LabQ_7b57db,,,,,
2026-09-12T08:16:08-05:00,PUR_IED_CostaRica_Ext_5e640,PUR_IED_CostaRica_Ext_5e640,,,,,
2026-09-12T08:16:08-05:00,PUR_IED_CostaRica_Quim1_766d1c,PUR_IED_CostaRica_Quim1_766d1c,,,,,
2026-09-12T08:16:08-05:00,PUR_IED_CostaRica__Fisica_6f0873,PUR_IED_CostaRica__Fisica_6f0873,,,,,
2026-09-12T08:16:08-05:00,PUR_IED_CulPopu_301A_f660f3,PUR_IED_CulPopu_301A_f660f3,,,,,
2026-09-12T08:16:08-05:00,PUR_IED_CulPopu_303_568afe,PUR_IED_CulPopu_303_568afe,,,,,
2026-09-12T08:16:08-05:00,PUR_IED_CulPopu_Ext_e02ccb,PUR_IED_CulPopu_Ext_e02ccb,,,,,
2026-09-12T08:16:08-05:00,PUR_IED_Cundinamarca_Ext_f15985,PUR_IED_Cundinamarca_Ext_f15985,,,,,
2026-09-12T08:16:08-05:00,PUR_IED_Cundinamarca_Info_7aa5d7,PUR_IED_Cundinamarca_Info_7aa5d7,,,,,
2026-09-12T08:16:08-05:00,PUR_IED_Cundinamarca_Tec2_f449c7,PUR_IED_Cundinamarca_Tec2_f449c7,,,,,
2026-09-12T08:16:08-05:00,PUR_IED_DiegoM_Aula1_27b314,PUR_IED_DiegoM_Aula1_27b314,,,,,
2026-09-12T08:16:08-05:00,PUR_IED_DiegoM_Ext_d80ac8,PUR_IED_DiegoM_Ext_d80ac8,,,,,
2026-09-12T08:16:08-05:00,PUR_IED_DiegoM_S25_da928f,PUR_IED_DiegoM_S25_da928f,,,,,
2026-09-12T08:16:08-05:00,PUR_IED_ELRODEO_360881,PUR_IED_ELRODEO_360881,,,,,
2026-09-12T08:16:08-05:00,PUR_IED_ELRODEO_ext_360881,PUR_IED_ELRODEO_ext_360881,,,,,
2026-09-12T08:16:08-05:00,PUR_IED_EduardoU_Ext_1c1969,PUR_IED_EduardoU_Ext_1c1969,,,,,
2026-09-12T08:16:08-05:00,PUR_IED_EduardoU_SCiencia_4dfb94,PUR_IED_EduardoU_SCiencia_4dfb94,,,,,
2026-09-12T08:16:08-05:00,PUR_IED_EduardoU_SQuimica_5a46e7,PUR_IED_EduardoU_SQuimica_5a46e7,,,,,
2026-09-12T08:16:08-05:00,PUR_IED_ElRodeo_Aula14_676984,PUR_IED_ElRodeo_Aula14_676984,,,,,
2026-09-12T08:16:08-05:00,PUR_IED_ElRodeo_Aula16_2dd35b,PUR_IED_ElRodeo_Aula16_2dd35b,,,,,
2026-09-12T08:16:08-05:00,PUR_IED_ElRodeo_Ext_360881,PUR_IED_ElRodeo_Ext_360881,,,,,
2026-09-12T08:16:08-05:00,PUR_IED_ElRodeo_Exterior_8c6d28,PUR_IED_ElRodeo_Exterior_8c6d28,,,,,
2026-09-12T08:16:08-05:00,PUR_IED_ElRodeo_ext_360881,PUR_IED_ElRodeo_ext_360881,,,,,
2026-09-12T08:16:08-05:00,PUR_IED_EmmaReyes_Ext_987625,PUR_IED_EmmaReyes_Ext_987625,7,21,53,4.6367,-74.1511
2026-09-12T08:16:08-05:00,PUR_IED_Ensueño_Ext_7f0250,PUR_IED_Ensueño_Ext_7f0250,,,,,
2026-09-12T08:16:08-05:00,PUR_IED_EscNormal_Ext_5fef3b,PUR_IED_EscNormal_Ext_5fef3b,2,18,63,4.5852,-74.096901
2026-09-12T08:16:08-05:00,PUR_IED_EscNormal_S309_5b263,PUR_IED_EscNormal_S309_5b263,,,,,
2026-09-12T08:16:08-05:00,PUR_IED_EscNormal_S310_27b3b8,PUR_IED_EscNormal_S310_27b3b8,,,,,
2026-09-12T08:16:08-05:00,PUR_IED_Evangelista_Conta_f6cd4f,PUR_IED_Evangelista_Conta_f6cd4f,,,,,
2026-09-12T08:16:08-05:00,PUR_IED_Evangelista_Cri_5e16a,PUR_IED_Evangelista_Cri_5e16a,,,,,
2026-09-12T08:16:08-05:00,PUR_IED_Evangelista_Exter_754066,PUR_IED_Evangelista_Exter_754066,,,,,
2026-09-12T08:16:08-05:00,PUR_IED_FMiranda_S209_5cc2a3,PUR_IED_FMiranda_S209_5cc2a3,,,,,
2026-09-12T08:16:08-05:00,PUR_IED_FMiranda_S303_19e344,PUR_IED_FMiranda_S303_19e344,,,,,
2026-09-12T08:16:08-05:00,PUR_IED_FMiranda_ext_f53e7c,PUR_IED_FMiranda_ext_f53e7c,,,,,
2026-09-12T08:16:08-05:00,PUR_IED_FabioLozano_Bibli_1cee05,PUR_IED_FabioLozano_Bibli_1cee05,,,,,
2026-09-12T08:16:08-05:00,PUR_IED_FabioLozano_Ext_6ea285,PUR_IED_FabioLozano_Ext_6ea285,,,,,
2026-09-12T08:16:08-05:00,PUR_IED_FabioLozano_SLudi_f09e1e,PUR_IED_FabioLozano_SLudi_f09e1e,,,,,
2026-09-12T08:16:08-05:00,PUR_IED_FaustinoS_Aula07_27a731,PUR_IED_FaustinoS_Aula07_27a731,,,,,
2026-09-12T08:16:08-05:00,PUR_IED_FaustinoS_Ext_7b936f,PUR_IED_FaustinoS_Ext_7b936f,,,,,
2026-09-12T08:16:08-05:00,PUR_IED_FaustinoS_Fisica_da2c60,PUR_IED_FaustinoS_Fisica_da2c60,,,,,
2026-09-12T08:16:08-05:00,PUR_IED_FeGarciaLo_Ext_dc68ee,PUR_IED_FeGarciaLo_Ext_dc68ee,,,,,
2026-09-12T08:16:08-05:00,PUR_IED_FeGarciaLo_SDanza_f70a59,PUR_IED_FeGarciaLo_SDanza_f70a59,,,,,
2026-09-12T08:16:08-05:00,PUR_IED_FeGarciaLo_SMusic_125cdd,PUR_IED_FeGarciaLo_SMusic_125cdd,,,,,
2026-09-12T08:16:08-05:00,PUR_IED_FederalAlema_Exte_50c345,PUR_IED_FederalAlema_Exte_50c345,,,,,
2026-09-12T08:16:08-05:00,PUR_IED_FederalAlema_S31_f18371,PUR_IED_FederalAlema_S31_f18371,,,,,
2026-09-12T08:16:08-05:00,PUR_IED_FederalAlema_S901_a62cd,PUR_IED_FederalAlema_S901_a62cd,,,,,
2026-09-12T08:16:08-05:00,PUR_IED_FilarmonicaS_A5_f35eb1,PUR_IED_FilarmonicaS_A5_f35eb1,,,,,
2026-09-12T08:16:08-05:00,PUR_IED_FilarmonicaS_Ext_8a3bde,PUR_IED_FilarmonicaS_Ext_8a3bde,,,,,
2026-09-12T08:16:08-05:00,PUR_IED_FilarmonicaS_Spol_406114,PUR_IED_FilarmonicaS_Spol_406114,,,,,
2026-09-12T08:16:08-05:00,PUR_IED_FlorentinoG_A13_d1fa59,PUR_IED_FlorentinoG_A13_d1fa59,,,,,
2026-09-12T08:16:08-05:00,PUR_IED_FlorentinoG_Ext_1ce6ce,PUR_IED_FlorentinoG_Ext_1ce6ce,,,,,
2026-09-12T08:16:08-05:00,PUR_IED_FlorentinoG_Idiom_a66aac,PUR_IED_FlorentinoG_Idiom_a66aac,,,,,
2026-09-12T08:16:08-05:00,PUR_IED_FranciscoMati_Ext_e3869d,PUR_IED_FranciscoMati_Ext_e3869d,,,,,
2026-09-12T08:16:08-05:00,PUR_IED_FranciscoMati_S13_f31c67,PUR_IED_FranciscoMati_S13_f31c67,,,,,
2026-09-12T08:16:08-05:00,PUR_IED_FranciscoMati_S14_97dead,PUR_IED_FranciscoMati_S14_97dead,,,,,
2026-09-12T08:16:08-05:00,PUR_IED_FranciscoPS_Ext_7bfa9a,PUR_IED_FranciscoPS_Ext_7bfa9a,2,19,61,4.5899,-74.110397
2026-09-12T08:16:08-05:00,PUR_IED_FranciscoPS_Infor_fb8f4c,PUR_IED_FranciscoPS_Infor_fb8f4c,,,,,
2026-09-12T08:16:08-05:00,PUR_IED_FranciscoPS_Quimi_94d39c,PUR_IED_FranciscoPS_Quimi_94d39c,,,,,
2026-09-12T08:16:08-05:00,PUR_IED_FranciscoP_LabQ_d7e148,PUR_IED_FranciscoP_LabQ_d7e148,,,,,
2026-09-12T08:16:08-05:00,PUR_IED_FranciscoP_S28_cf9b30,PUR_IED_FranciscoP_S28_cf9b30,,,,,
2026-09-12T08:16:08-05:00,PUR_IED_FranciscoP_ext_e2313,PUR_IED_FranciscoP_ext_e2313,,,,,
2026-09-12T08:16:08-05:00,PUR_IED_FriederichN_Ext_8ac92a,PUR_IED_FriederichN_Ext_8ac92a,,,,,
2026-09-12T08:16:08-05:00,PUR_IED_FriederichN_S301_dd7e5a,PUR_IED_FriederichN_S301_dd7e5a,,,,,
2026-09-12T08:16:08-05:00,PUR_IED_FriederichN_S308_761f4f,PUR_IED_FriederichN_S308_761f4f,,,,,
2026-09-12T08:16:08-05:00,PUR_IED_GSantander_Aula10_533dd7,PUR_IED_GSantander_Aula10_533dd7,,,,,
2026-09-12T08:16:08-05:00,PUR_IED_GSantander_Aula12_fd4e4f,PUR_IED_GSantander_Aula12_fd4e4f,,,,,
2026-09-12T08:16:08-05:00,PUR_IED_GSantander_Aula310_533dd7,PUR_IED_GSantander_Aula310_533dd7,,,,,
2026-09-12T08:16:08-05:00,PUR_IED_GSantander_Aula312_fd4e4f,PUR_IED_GSantander_Aula312_fd4e4f,,,,,
2026-09-12T08:16:08-05:00,PUR_IED_GSantander_Ext_5f66b0,PUR_IED_GSantander_Ext_5f66b0,,,,,
2026-09-12T08:16:08-05:00,PUR_IED_GYomasa_Ext_f6bea5,PUR_IED_GYomasa_Ext_f6bea5,,,,,
2026-09-12T08:16:08-05:00,PUR_IED_GYomasa_LBiol_2c41aa,PUR_IED_GYomasa_LBiol_2c41aa,,,,,
2026-09-12T08:16:08-05:00,PUR_IED_GYomasa_LQuim_33c80,PUR_IED_GYomasa_LQuim_33c80,,,,,
2026-09-12T08:16:08-05:00,PUR_IED_GabBetMejia_Cienc_5a99c,PUR_IED_GabBetMejia_Cienc_5a99c,,,,,
2026-09-12T08:16:08-05:00,PUR_IED_GabBetMejia_Ext_9153d0,PUR_IED_GabBetMejia_Ext_9153d0,,,,,
2026-09-12T08:16:08-05:00,PUR_IED_GabBetMejia_Lab_f55347,PUR_IED_GabBetMejia_Lab_f55347,,,,,
2026-09-12T08:16:08-05:00,PUR_IED_GabBetanMejia_Ext_9153d0,PUR_IED_GabBetanMejia_Ext_9153d0,,,,,
2026-09-12T08:16:08-05:00,PUR_IED_Gaitana_Aula13_7aac11,PUR_IED_Gaitana_Aula13_7aac11,,,,,
2026-09-12T08:16:08-05:00,PUR_IED_Gaitana_Ext_5fcf4,PUR_IED_Gaitana_Ext_5fcf4,,,,,
2026-09-12T08:16:08-05:00,PUR_IED_Gaitana_LabFisica_644448,PUR_IED_Gaitana_LabFisica_644448,,,,,
2026-09-12T08:16:08-05:00,PUR_IED_GenSantander_Dise_8ac858,PUR_IED_GenSantander_Dise_8ac858,,,,,
2026-09-12T08:16:08-05:00,PUR_IED_GenSantander_Ext_8d5dfe,PUR_IED_GenSantander_Ext_8d5dfe,,,,,
2026-09-12T08:16:08-05:00,PUR_IED_GenSantander_Info_6c25b,PUR_IED_GenSantander_Info_6c25b,,,,,
2026-09-12T08:16:08-05:00,PUR_IED_GustavoMo_Exterio_75e63d,PUR_IED_GustavoMo_Exterio_75e63d,,,,,
2026-09-12T08:16:08-05:00,PUR_IED_GustavoMo_LabFisi_224d37,PUR_IED_GustavoMo_LabFisi_224d37,,,,,
2026-09-12T08:16:08-05:00,PUR_IED_GustavoMo_S208_3e6918,PUR_IED_GustavoMo_S208_3e6918,,,,,
2026-09-12T08:16:08-05:00,PUR_IED_GustavoR_A02_8cd4a8,PUR_IED_GustavoR_A02_8cd4a8,,,,,
2026-09-12T08:16:08-05:00,PUR_IED_GustavoR_B11_5b0ed,PUR_IED_GustavoR_B11_5b0ed,,,,,
2026-09-12T08:16:08-05:00,PUR_IED_GustavoR_Ext_7a0c90,PUR_IED_GustavoR_Ext_7a0c90,,,,,
2026-09-12T08:16:08-05:00,PUR_IED_HernandoDuran_Ext_8cd82b,PUR_IED_HernandoDuran_Ext_8cd82b,,,,,
2026-09-12T08:16:08-05:00,PUR_IED_HernandoDuran_S24_2772c6,PUR_IED_HernandoDuran_S24_2772c6,,,,,
2026-09-12T08:16:08-05:00,PUR_IED_HernandoDuran_S30_f2de41,PUR_IED_HernandoDuran_S30_f2de41,,,,,
2026-09-12T08:16:08-05:00,PUR_IED_HolguInUr_S1101_8cd732,PUR_IED_HolguInUr_S1101_8cd732,,,,,
2026-09-12T08:16:08-05:00,PUR_IED_HolguinUr_Exter_ddae6d,PUR_IED_HolguinUr_Exter_ddae6d,,,,,
2026-09-12T08:16:08-05:00,PUR_IED_HolguinUr_LabQuim_92b952,PUR_IED_HolguinUr_LabQuim_92b952,,,,,
2026-09-12T08:16:08-05:00,PUR_IED_Isabel-II_Ext_5245cc,PUR_IED_Isabel-II_Ext_5245cc,9,18,63,4.6336,-74.153
2026-09-12T08:16:08-05:00,PUR_IED_Isabel-II_S_idiom_1c29aa,PUR_IED_Isabel-II_S_idiom_1c29aa,,,,,
2026-09-12T08:16:08-05:00,PUR_IED_Isabel-II_S_infor_fd741,PUR_IED_Isabel-II_S_infor_fd741,,,,,
2026-09-12T08:16:08-05:00,PUR_IED_IsidroSur_Exterio_5b90ea,PUR_IED_IsidroSur_Exterio_5b90ea,,,,,
2026-09-12T08:16:08-05:00,PUR_IED_IsidroSur_LabTec_56697a,PUR_IED_IsidroSur_LabTec_56697a,,,,,
2026-09-12T08:16:08-05:00,PUR_IED_IsidroSur_Robotic_b7c38f,PUR_IED_IsidroSur_Robotic_b7c38f,,,,,
2026-09-12T08:16:08-05:00,PUR_IED_IsmaelPerd_Ext_7b6672,PUR_IED_IsmaelPerd_Ext_7b6672,,,,,
2026-09-12T08:16:08-05:00,PUR_IED_IsmaelPerd_Inform_306540,PUR_IED_IsmaelPerd_Inform_306540,,,,,
2026-09-12T08:16:08-05:00,PUR_IED_IsmaelPerd_S30_2e2c83,PUR_IED_IsmaelPerd_S30_2e2c83,,,,,
2026-09-12T08:16:08-05:00,PUR_IED_JLozano_Exter_432910,PUR_IED_JLozano_Exter_432910,,,,,
2026-09-12T08:16:08-05:00,PUR_IED_JLozano_salaMulti_df5125,PUR_IED_JLozano_salaMulti_df5125,,,,,
2026-09-12T08:16:08-05:00,PUR_IED_JMCordoba_206_86f80b,PUR_IED_JMCordoba_206_86f80b,,,,,
2026-09-12T08:16:08-05:00,PUR_IED_JMCordoba_Ext_27ad97,PUR_IED_JMCordoba_Ext_27ad97,,,,,
2026-09-12T08:16:08-05:00,PUR_IED_JMCordoba_S310_d59ab4,PUR_IED_JMCordoba_S310_d59ab4,,,,,
2026-09-12T08:16:08-05:00,PUR_IED_Japon_Ext_549100,PUR_IED_Japon_Ext_549100,,,,,
2026-09-12T08:16:08-05:00,PUR_IED_Japon_Laboratorio_bec51d,PUR_IED_Japon_Laboratorio_bec51d,,,,,
2026-09-12T08:16:08-05:00,PUR_IED_Japon_informatica_d99327,PUR_IED_Japon_informatica_d99327,,,,,
2026-09-12T08:16:08-05:00,PUR_IED_Jazmin_Ext_d27bda,PUR_IED_Jazmin_Ext_d27bda,,,,,
2026-09-12T08:16:08-05:00,PUR_IED_Jazmin_Fisica_8d14d7,PUR_IED_Jazmin_Fisica_8d14d7,,,,,
2026-09-12T08:16:08-05:00,PUR_IED_Jazmin_Quimica_801cb5,PUR_IED_Jazmin_Quimica_801cb5,,,,,
2026-09-12T08:16:08-05:00,PUR_IED_JorgeGaitan_Exter_f098d1,PUR_IED_JorgeGaitan_Exter_f098d1,,,,,
2026-09-12T08:16:08-05:00,PUR_IED_JorgeGaitan_STec1_dc9d1d,PUR_IED_JorgeGaitan_STec1_dc9d1d,,,,,
2026-09-12T08:16:08-05:00,PUR_IED_JorgeGaitan_STec2_281e69,PUR_IED_JorgeGaitan_STec2_281e69,,,,,
2026-09-12T08:16:08-05:00,PUR_IED_JorgeSoto_Exterio_d9d0a2,PUR_IED_JorgeSoto_Exterio_d9d0a2,,,,,
2026-09-12T08:16:08-05:00,PUR_IED_JorgeSoto_LabFisi_209c54,PUR_IED_JorgeSoto_LabFisi_209c54,,,,,
2026-09-12T08:16:08-05:00,PUR_IED_JorgeSoto_S103_27b51a,PUR_IED_JorgeSoto_S103_27b51a,,,,,
2026-09-12T08:16:08-05:00,PUR_IED_JoseAcevedo_A02_e965eb,PUR_IED_JoseAcevedo_A02_e965eb,,,,,
2026-09-12T08:16:08-05:00,PUR_IED_JoseAcevedo_A07_dd5b4,PUR_IED_JoseAcevedo_A07_dd5b4,,,,,
2026-09-12T08:16:08-05:00,PUR_IED_JoseAcevedo_Ext_b47484,PUR_IED_JoseAcevedo_Ext_b47484,,,,,
2026-09-12T08:16:08-05:00,PUR_IED_JoseMarti_Exte_5b9bf,PUR_IED_JoseMarti_Exte_5b9bf,,,,,
2026-09-12T08:16:08-05:00,PUR_IED_JoseMarti_LabQuim_1c6c2d,PUR_IED_JoseMarti_LabQuim_1c6c2d,,,,,
2026-09-12T08:16:08-05:00,PUR_IED_JoseMarti_S_info_f5f177,PUR_IED_JoseMarti_S_info_f5f177,,,,,
2026-09-12T08:16:08-05:00,PUR_IED_Josejoaquin_Ext_dfc5dc,PUR_IED_Josejoaquin_Ext_dfc5dc,,,,,
2026-09-12T08:16:08-05:00,PUR_IED_Josejoaquin_S05_5b2a96,PUR_IED_Josejoaquin_S05_5b2a96,,,,,
2026-09-12T08:16:08-05:00,PUR_IED_Josejoaquin_S06_1ce7d2,PUR_IED_Josejoaquin_S06_1ce7d2,,,,,
2026-09-12T08:16:08-05:00,PUR_IED_JulioFlorez_Danza_9b82dd,PUR_IED_JulioFlorez_Danza_9b82dd,,,,,
2026-09-12T08:16:08-05:00,PUR_IED_JulioFlorez_Exter_f9f314,PUR_IED_JulioFlorez_Exter_f9f314,,,,,
2026-09-12T08:16:08-05:00,PUR_IED_JulioFlorez_info2_6b6e08,PUR_IED_JulioFlorez_info2_6b6e08,,,,,
2026-09-12T08:16:08-05:00,PUR_IED_LaBelleza_Aula13_1d00d8,PUR_IED_LaBelleza_Aula13_1d00d8,,,,,
2026-09-12T08:16:08-05:00,PUR_IED_LaBelleza_Ext_7bc08c,PUR_IED_LaBelleza_Ext_7bc08c,,,,,
2026-09-12T08:16:08-05:00,PUR_IED_LaChucua_Ext_8cd6d2,PUR_IED_LaChucua_Ext_8cd6d2,,,,,
2026-09-12T08:16:08-05:00,PUR_IED_LaChucua_S15_f578ce,PUR_IED_LaChucua_S15_f578ce,,,,,
2026-09-12T08:16:08-05:00,PUR_IED_LaChucua_S16_eebcf9,PUR_IED_LaChucua_S16_eebcf9,,,,,
2026-09-12T08:16:08-05:00,PUR_IED_LaFelicidad_Ext_fb5109,PUR_IED_LaFelicidad_Ext_fb5109,,,,,
2026-09-12T08:16:08-05:00,PUR_IED_LaMerced_206_66ebd,PUR_IED_LaMerced_206_66ebd,,,,,
2026-09-12T08:16:08-05:00,PUR_IED_LaMerced_207_6ebd6,PUR_IED_LaMerced_207_6ebd6,,,,,
2026-09-12T08:16:08-05:00,PUR_IED_LaMerced_ext_304311,PUR_IED_LaMerced_ext_304311,,,,,
2026-09-12T08:16:08-05:00,PUR_IED_Laureano_CiencNat_281e5e,PUR_IED_Laureano_CiencNat_281e5e,,,,,
2026-09-12T08:16:08-05:00,PUR_IED_Laureano_Comedor_f65c0a,PUR_IED_Laureano_Comedor_f65c0a,,,,,
2026-09-12T08:16:08-05:00,PUR_IED_Laureano_Exterior_7ab011,PUR_IED_Laureano_Exterior_7ab011,,,,,
2026-09-12T08:16:08-05:00,PUR_IED_LeonGreiff_Exte_dfe560,PUR_IED_LeonGreiff_Exte_dfe560,,,,,
2026-09-12T08:16:08-05:00,PUR_IED_LeonGreiff_S210_f264ed,PUR_IED_LeonGreiff_S210_f264ed,,,,,
2026-09-12T08:16:08-05:00,PUR_IED_LeonGreiff_SQuimi_e8296f,PUR_IED_LeonGreiff_SQuimi_e8296f,,,,,
2026-09-12T08:16:08-05:00,PUR_IED_LlanoOrientalS208_7b9fcd,PUR_IED_LlanoOrientalS208_7b9fcd,,,,,
2026-09-12T08:16:08-05:00,PUR_IED_LlanoOriental_Ext_fb3766,PUR_IED_LlanoOriental_Ext_fb3766,,,,,
2026-09-12T08:16:08-05:00,PUR_IED_LlanoOriental_S208_7b9fcd,PUR_IED_LlanoOriental_S208_7b9fcd,,,,,
2026-09-12T08:16:08-05:00,PUR_IED_LlanoOriental_S9_27b378,PUR_IED_LlanoOriental_S9_27b378,,,,,
2026-09-12T08:16:08-05:00,PUR_IED_LosTejares_1101_477602,PUR_IED_LosTejares_1101_477602,,,,,
2026-09-12T08:16:08-05:00,PUR_IED_LosTejares_11_d2c595,PUR_IED_LosTejares_11_d2c595,,,,,
2026-09-12T08:16:08-05:00,PUR_IED_LosTejares_12_477602,PUR_IED_LosTejares_12_477602,,,,,
2026-09-12T08:16:08-05:00,PUR_IED_LosTejares_Ext_8e2115,PUR_IED_LosTejares_Ext_8e2115,,,,,
2026-09-12T08:16:08-05:00,PUR_IED_MagdalenaO_B202_5ddda3,PUR_IED_MagdalenaO_B202_5ddda3,,,,,
2026-09-12T08:16:08-05:00,PUR_IED_MagdalenaO_B205_fb76e8,PUR_IED_MagdalenaO_B205_fb76e8,,,,,
2026-09-12T08:16:08-05:00,PUR_IED_MagdalenaO_ext_dc69cd,PUR_IED_MagdalenaO_ext_dc69cd,,,,,
2026-09-12T08:16:08-05:00,PUR_IED_ManueCepeda_artes_eee956,PUR_IED_ManueCepeda_artes_eee956,,,,,
2026-09-12T08:16:08-05:00,PUR_IED_ManuelCepeda_Ext_58313,PUR_IED_ManuelCepeda_Ext_58313,,,,,
2026-09-12T08:16:08-05:00,PUR_IED_ManuelCepeda_tec_1c5731,PUR_IED_ManuelCepeda_tec_1c5731,,,,,
2026-09-12T08:16:08-05:00,PUR_IED_ManuelS_Exterior_5b269,PUR_IED_ManuelS_Exterior_5b269,,,,,
2026-09-12T08:16:08-05:00,PUR_IED_ManuelS_Inform_f369ce,PUR_IED_ManuelS_Inform_f369ce,,,,,
2026-09-12T08:16:08-05:00,PUR_IED_ManuelS_SArtes_7d15f1,PUR_IED_ManuelS_SArtes_7d15f1,,,,,
2026-09-12T08:16:08-05:00,PUR_IED_ManuelZapata_303_3ca6,PUR_IED_ManuelZapata_303_3ca6,,,,,
2026-09-12T08:16:08-05:00,PUR_IED_ManuelZapata_311_bfbabc,PUR_IED_ManuelZapata_311_bfbabc,,,,,
2026-09-12T08:16:08-05:00,PUR_IED_ManuelZapata_Ext_50824a,PUR_IED_ManuelZapata_Ext_50824a,,,,,
2026-09-12T08:16:08-05:00,PUR_IED_ManuelitaS_Exteri_656a92,PUR_IED_ManuelitaS_Exteri_656a92,,,,,
2026-09-12T08:16:08-05:00,PUR_IED_ManuelitaS_JuzgDe_f58ec3,PUR_IED_ManuelitaS_JuzgDe_f58ec3,,,,,
2026-09-12T08:16:08-05:00,PUR_IED_ManuelitaS_Recrea_d793db,PUR_IED_ManuelitaS_Recrea_d793db,,,,,
2026-09-12T08:16:08-05:00,PUR_IED_MarFidSuarez_Ext_c27b19,PUR_IED_MarFidSuarez_Ext_c27b19,,,,,
2026-09-12T08:16:08-05:00,PUR_IED_MarFidSuarez_Info_e384d7,PUR_IED_MarFidSuarez_Info_e384d7,,,,,
2026-09-12T08:16:08-05:00,PUR_IED_MarFidSuarez_S306_1d0032,PUR_IED_MarFidSuarez_S306_1d0032,,,,,
2026-09-12T08:16:08-05:00,PUR_IED_Menorah_301_2a25a3,PUR_IED_Menorah_301_2a25a3,,,,,
2026-09-12T08:16:08-05:00,PUR_IED_Menorah_306_37ed3,PUR_IED_Menorah_306_37ed3,,,,,
2026-09-12T08:16:08-05:00,PUR_IED_Menorah_Ext_3e155b,PUR_IED_Menorah_Ext_3e155b,,,,,
2026-09-12T08:16:08-05:00,PUR_IED_MinutoB.Aires_A11_1b1604,PUR_IED_MinutoB.Aires_A11_1b1604,,,,,
2026-09-12T08:16:08-05:00,PUR_IED_MinutoB.Aires_A12_fb5860,PUR_IED_MinutoB.Aires_A12_fb5860,,,,,
2026-09-12T08:16:08-05:00,PUR_IED_MinutoB.Aires_Ext_81293f,PUR_IED_MinutoB.Aires_Ext_81293f,,,,,
2026-09-12T08:16:08-05:00,PUR_IED_MinutoBAires_A11_1b1604,PUR_IED_MinutoBAires_A11_1b1604,,,,,
2026-09-12T08:16:08-05:00,PUR_IED_MinutoBAires_A12_fb5860,PUR_IED_MinutoBAires_A12_fb5860,,,,,
2026-09-12T08:16:08-05:00,PUR_IED_MinutoBAires_Ext_81293f,PUR_IED_MinutoBAires_Ext_81293f,,,,,
2026-09-12T08:16:08-05:00,PUR_IED_Montreal_Aula10_1e4959,PUR_IED_Montreal_Aula10_1e4959,,,,,
2026-09-12T08:16:08-05:00,PUR_IED_Montreal_Aula6_300367,PUR_IED_Montreal_Aula6_300367,,,,,
2026-09-12T08:16:08-05:00,PUR_IED_Montreal_Exterior_91a179,PUR_IED_Montreal_Exterior_91a179,,,,,
2026-09-12T08:16:08-05:00,PUR_IED_Mqgdalena_B202_5ddda3,PUR_IED_Mqgdalena_B202_5ddda3,,,,,
2026-09-12T08:16:08-05:00,PUR_IED_NACUND_Soc_dc8728,PUR_IED_NACUND_Soc_dc8728,,,,,
2026-09-12T08:16:08-05:00,PUR_IED_NACUND_ext_27ad97,PUR_IED_NACUND_ext_27ad97,,,,,
2026-09-12T08:16:08-05:00,PUR_IED_NEsperanza_Ext_d24b61,PUR_IED_NEsperanza_Ext_d24b61,,,,,
2026-09-12T08:16:08-05:00,PUR_IED_NEsperanza_SElect_7d1807,PUR_IED_NEsperanza_SElect_7d1807,,,,,
2026-09-12T08:16:08-05:00,PUR_IED_NEsperanza_SLabor_8b2d0a,PUR_IED_NEsperanza_SLabor_8b2d0a,,,,,
2026-09-12T08:16:08-05:00,PUR_IED_NacionesU_Ext_f661a9,PUR_IED_NacionesU_Ext_f661a9,,,,,
2026-09-12T08:16:08-05:00,PUR_IED_NacionesU_Quimica_66f0a,PUR_IED_NacionesU_Quimica_66f0a,,,,,
2026-09-12T08:16:08-05:00,PUR_IED_NacionesU_S306_1b4b3d,PUR_IED_NacionesU_S306_1b4b3d,,,,,
2026-09-12T08:16:08-05:00,PUR_IED_NestorFA_Ext_e4201c,PUR_IED_NestorFA_Ext_e4201c,,,,,
2026-09-12T08:16:08-05:00,PUR_IED_NestorFA_Laborato_f22fe0,PUR_IED_NestorFA_Laborato_f22fe0,,,,,
2026-09-12T08:16:08-05:00,PUR_IED_NestorFA_S204_dee996,PUR_IED_NestorFA_S204_dee996,,,,,
2026-09-12T08:16:08-05:00,PUR_IED_NidyaQT_Aula03_76999b,PUR_IED_NidyaQT_Aula03_76999b,,,,,
2026-09-12T08:16:08-05:00,PUR_IED_NidyaQT_Aula10_56325,PUR_IED_NidyaQT_Aula10_56325,,,,,
2026-09-12T08:16:08-05:00,PUR_IED_NidyaQT_Ext_46e32d,PUR_IED_NidyaQT_Ext_46e32d,,,,,
2026-09-12T08:16:08-05:00,PUR_IED_NuevaCol_Exterior_d9b859,PUR_IED_NuevaCol_Exterior_d9b859,,,,,
2026-09-12T08:16:08-05:00,PUR_IED_NuevaCol_S1101_76c43b,PUR_IED_NuevaCol_S1101_76c43b,,,,,
2026-09-12T08:16:08-05:00,PUR_IED_NuevaCol_S1102_1ce0b5,PUR_IED_NuevaCol_S1102_1ce0b5,,,,,
2026-09-12T08:16:08-05:00,PUR_IED_OEA_A202_f7e3f2,PUR_IED_OEA_A202_f7e3f2,,,,,
2026-09-12T08:16:08-05:00,PUR_IED_OEA_A203_7d1b8d,PUR_IED_OEA_A203_7d1b8d,,,,,
2026-09-12T08:16:08-05:00,PUR_IED_OEA_Ext_27b593,PUR_IED_OEA_Ext_27b593,,,,,
2026-09-12T08:16:08-05:00,PUR_IED_Ochoa_Ext_1c29da,PUR_IED_Ochoa_Ext_1c29da,5,15,96,4.503,-74.107201
2026-09-12T08:16:08-05:00,PUR_IED_Ochoa_S205_8b1121,PUR_IED_Ochoa_S205_8b1121,,,,,
2026-09-12T08:16:08-05:00,PUR_IED_Ochoa_Sistemas_f33af6,PUR_IED_Ochoa_Sistemas_f33af6,,,,,
2026-09-12T08:16:08-05:00,PUR_IED_PQuebec_Ext_1c67c7,PUR_IED_PQuebec_Ext_1c67c7,,,,,
2026-09-12T08:16:08-05:00,PUR_IED_PQuebec_S15_23e8e2,PUR_IED_PQuebec_S15_23e8e2,,,,,
2026-09-12T08:16:08-05:00,PUR_IED_PQuebec_S16_8ec76b,PUR_IED_PQuebec_S16_8ec76b,,,,,
2026-09-12T08:16:08-05:00,PUR_IED_PabloN_Ext_49dc96,PUR_IED_PabloN_Ext_49dc96,,,,,
2026-09-12T08:16:08-05:00,PUR_IED_PabloN_S1102_4e3df5,PUR_IED_PabloN_S1102_4e3df5,,,,,
2026-09-12T08:16:08-05:00,PUR_IED_PabloN_S1103_50c94b,PUR_IED_PabloN_S1103_50c94b,,,,,
2026-09-12T08:16:08-05:00,PUR_IED_Palestina_S1101_db9198,PUR_IED_Palestina_S1101_db9198,,,,,
2026-09-12T08:16:08-05:00,PUR_IED_Palestina_S1102_dc54fa,PUR_IED_Palestina_S1102_dc54fa,,,,,
2026-09-12T08:16:08-05:00,PUR_IED_Palestina_ext_4ccce6,PUR_IED_Palestina_ext_4ccce6,,,,,
2026-09-12T08:16:08-05:00,PUR_IED_Panama_Fisica_4d0794,PUR_IED_Panama_Fisica_4d0794,,,,,
2026-09-12T08:16:08-05:00,PUR_IED_Panama_SIngles_a4077e,PUR_IED_Panama_SIngles_a4077e,,,,,
2026-09-12T08:16:08-05:00,PUR_IED_Panama_ext_4c54b4,PUR_IED_Panama_ext_4c54b4,,,,,
2026-09-12T08:16:08-05:00,PUR_IED_ParaisoM_Exterior_8cd7f0,PUR_IED_ParaisoM_Exterior_8cd7f0,,,,,
2026-09-12T08:16:08-05:00,PUR_IED_ParaisoM_Laborato_27af35,PUR_IED_ParaisoM_Laborato_27af35,,,,,
2026-09-12T08:16:08-05:00,PUR_IED_ParaisoM_S304_d1edca,PUR_IED_ParaisoM_S304_d1edca,,,,,
2026-09-12T08:16:08-05:00,PUR_IED_PorfirioBarba_Ext_301466,PUR_IED_PorfirioBarba_Ext_301466,,,,,
2026-09-12T08:16:08-05:00,PUR_IED_PorfirioBarba_S11_df6cd2,PUR_IED_PorfirioBarba_S11_df6cd2,,,,,
2026-09-12T08:16:08-05:00,PUR_IED_PorfirioBarba_S29_27a7d6,PUR_IED_PorfirioBarba_S29_27a7d6,,,,,
2026-09-12T08:16:08-05:00,PUR_IED_PradoV_Exter_8b27ad,PUR_IED_PradoV_Exter_8b27ad,,,,,
2026-09-12T08:16:08-05:00,PUR_IED_PradoV_S301_de65b5,PUR_IED_PradoV_S301_de65b5,,,,,
2026-09-12T08:16:08-05:00,PUR_IED_PradoV_S302_7d2593,PUR_IED_PradoV_S302_7d2593,,,,,
2026-09-12T08:16:08-05:00,PUR_IED_QuirogaAlz_Ext_1ddc82,PUR_IED_QuirogaAlz_Ext_1ddc82,,,,,
2026-09-12T08:16:08-05:00,PUR_IED_QuirogaAlz_S302_9926a3,PUR_IED_QuirogaAlz_S302_9926a3,,,,,
2026-09-12T08:16:08-05:00,PUR_IED_QuirogaAlz_S305_cdf1f1,PUR_IED_QuirogaAlz_S305_cdf1f1,,,,,
2026-09-12T08:16:08-05:00,PUR_IED_RGuatemala_Biling_dc53b7,PUR_IED_RGuatemala_Biling_dc53b7,,,,,
2026-09-12T08:16:08-05:00,PUR_IED_RGuatemala_Ext_1b89a3,PUR_IED_RGuatemala_Ext_1b89a3,,,,,
2026-09-12T08:16:08-05:00,PUR_IED_RGuatemala_Tecnol_281a34,PUR_IED_RGuatemala_Tecnol_281a34,,,,,
2026-09-12T08:16:08-05:00,PUR_IED_RafaNu_Ext_f7c302,PUR_IED_RafaNu_Ext_f7c302,,,,,
2026-09-12T08:16:08-05:00,PUR_IED_RafaNu_S1101_25fde,PUR_IED_RafaNu_S1101_25fde,,,,,
2026-09-12T08:16:08-05:00,PUR_IED_RafaNu_S1102_281517,PUR_IED_RafaNu_S1102_281517,,,,,
2026-09-12T08:16:08-05:00,PUR_IED_RafaelB_S305_ee2783,PUR_IED_RafaelB_S305_ee2783,,,,,
2026-09-12T08:16:08-05:00,PUR_IED_RafaelB_S306_75fe33,PUR_IED_RafaelB_S306_75fe33,,,,,
2026-09-12T08:16:08-05:00,PUR_IED_RafaelB_ext_283336,PUR_IED_RafaelB_ext_283336,3,19,60,4.6722,-74.0737
2026-09-12T08:16:08-05:00,PUR_IED_RafaelUU_Exterior_281a51,PUR_IED_RafaelUU_Exterior_281a51,,,,,
2026-09-12T08:16:08-05:00,PUR_IED_RafaelUU_Human_806b2,PUR_IED_RafaelUU_Human_806b2,,,,,
2026-09-12T08:16:08-05:00,PUR_IED_RafaelUU_Mate2_5680d4,PUR_IED_RafaelUU_Mate2_5680d4,,,,,
2026-09-12T08:16:08-05:00,PUR_IED_RamonSub_Ext_f9eeb9,PUR_IED_RamonSub_Ext_f9eeb9,,,,,
2026-09-12T08:16:08-05:00,PUR_IED_RamonSub_Media_d1f62f,PUR_IED_RamonSub_Media_d1f62f,,,,,
2026-09-12T08:16:08-05:00,PUR_IED_RamonSub_planta_51b82,PUR_IED_RamonSub_planta_51b82,,,,,
2026-09-12T08:16:08-05:00,PUR_IED_RepBoliVene_Exter_27af7c,PUR_IED_RepBoliVene_Exter_27af7c,,,,,
2026-09-12T08:16:08-05:00,PUR_IED_RepBoliVene_SCPT_5ae2ee,PUR_IED_RepBoliVene_SCPT_5ae2ee,,,,,
2026-09-12T08:16:08-05:00,PUR_IED_RepBoliVene_Socia_4b11d5,PUR_IED_RepBoliVene_Socia_4b11d5,,,,,
2026-09-12T08:16:08-05:00,PUR_IED_RepChina_Ext_76d9ee,PUR_IED_RepChina_Ext_76d9ee,,,,,
2026-09-12T08:16:08-05:00,PUR_IED_RepChina_S404_7c804c,PUR_IED_RepChina_S404_7c804c,,,,,
2026-09-12T08:16:08-05:00,PUR_IED_RepChina_S405_df2c33,PUR_IED_RepChina_S405_df2c33,,,,,
2026-09-12T08:16:08-05:00,PUR_IED_RepublicaC_Exteri_7d1ec9,PUR_IED_RepublicaC_Exteri_7d1ec9,,,,,
2026-09-12T08:16:08-05:00,PUR_IED_RepublicaC_S1101_f544b3,PUR_IED_RepublicaC_S1101_f544b3,,,,,
2026-09-12T08:16:08-05:00,PUR_IED_RepublicaC_S1102_7aafc7,PUR_IED_RepublicaC_S1102_7aafc7,,,,,
2026-09-12T08:16:08-05:00,PUR_IED_Ricaurte_Externo_a0ea1,PUR_IED_Ricaurte_Externo_a0ea1,,,,,
2026-09-12T08:16:08-05:00,PUR_IED_Ricaurte_S210_f546fd,PUR_IED_Ricaurte_S210_f546fd,,,,,
2026-09-12T08:16:08-05:00,PUR_IED_Ricaurte_S309_d4452,PUR_IED_Ricaurte_S309_d4452,,,,,
2026-09-12T08:16:08-05:00,PUR_IED_RogelioS_1102_531e69,PUR_IED_RogelioS_1102_531e69,,,,,
2026-09-12T08:16:08-05:00,PUR_IED_RogelioS_Ext_f25a18,PUR_IED_RogelioS_Ext_f25a18,,,,,
2026-09-12T08:16:08-05:00,PUR_IED_SBernardino_Ext_27aff8,PUR_IED_SBernardino_Ext_27aff8,,,,,
2026-09-12T08:16:08-05:00,PUR_IED_SBernardino_SArte_2ffd33,PUR_IED_SBernardino_SArte_2ffd33,,,,,
2026-09-12T08:16:08-05:00,PUR_IED_SBernardino_SIngl_7c7da5,PUR_IED_SBernardino_SIngl_7c7da5,,,,,
2026-09-12T08:16:08-05:00,PUR_IED_Sago_auditorio_dc9d1d,PUR_IED_Sago_auditorio_dc9d1d,,,,,
2026-09-12T08:16:08-05:00,PUR_IED_Saludcoop_Ext_95aac3,PUR_IED_Saludcoop_Ext_95aac3,,,,,
2026-09-12T08:16:08-05:00,PUR_IED_Saludcoop_InfI_90c854,PUR_IED_Saludcoop_InfI_90c854,,,,,
2026-09-12T08:16:08-05:00,PUR_IED_Saludcoop_SMedia_1b93be,PUR_IED_Saludcoop_SMedia_1b93be,,,,,
2026-09-12T08:16:08-05:00,PUR_IED_SanCarlos_1101_1a2360,PUR_IED_SanCarlos_1101_1a2360,,,,,
2026-09-12T08:16:08-05:00,PUR_IED_SanCarlos_1103_7bafb5,PUR_IED_SanCarlos_1103_7bafb5,,,,,
2026-09-12T08:16:08-05:00,PUR_IED_SanCarlos_Ext_b7cd1,PUR_IED_SanCarlos_Ext_b7cd1,,,,,
2026-09-12T08:16:08-05:00,PUR_IED_SanIgnacioBosa11a_50c26e,PUR_IED_SanIgnacioBosa11a_50c26e,,,,,
2026-09-12T08:16:08-05:00,PUR_IED_SanIgnacioBosa11b_371de8,PUR_IED_SanIgnacioBosa11b_371de8,,,,,
2026-09-12T08:16:08-05:00,PUR_IED_SanIgnacioBosaExt_ef0ffc,PUR_IED_SanIgnacioBosaExt_ef0ffc,,,,,
2026-09-12T08:16:08-05:00,PUR_IED_SanIgnacioBosa_11a_50c26e,PUR_IED_SanIgnacioBosa_11a_50c26e,,,,,
2026-09-12T08:16:08-05:00,PUR_IED_SanIgnacioBosa_Ext_ef0ffc,PUR_IED_SanIgnacioBosa_Ext_ef0ffc,,,,,
2026-09-12T08:16:08-05:00,PUR_IED_SanJoseN_intS1101_31c47f,PUR_IED_SanJoseN_intS1101_31c47f,,,,,
2026-09-12T08:16:08-05:00,PUR_IED_SanJoseUsm_Exter_f5d7e8,PUR_IED_SanJoseUsm_Exter_f5d7e8,,,,,
2026-09-12T08:16:08-05:00,PUR_IED_SanJoseUsm_Int11A_cfdef6,PUR_IED_SanJoseUsm_Int11A_cfdef6,,,,,
2026-09-12T08:16:08-05:00,PUR_IED_SilveriaR_IntB5_905349,PUR_IED_SilveriaR_IntB5_905349,,,,,
2026-09-12T08:16:08-05:00,PUR_IED_SilveriaR_IntSD14_981f93,PUR_IED_SilveriaR_IntSD14_981f93,,,,,
2026-09-12T08:16:08-05:00,PUR_IED_SilveriaR_ext_2b651d,PUR_IED_SilveriaR_ext_2b651d,,,,,
2026-09-12T08:16:08-05:00,PUR_IED_SimonB_Exterior_913975,PUR_IED_SimonB_Exterior_913975,,,,,
2026-09-12T08:16:08-05:00,PUR_IED_SimonB_LabQuimi_c56908,PUR_IED_SimonB_LabQuimi_c56908,,,,,
2026-09-12T08:16:08-05:00,PUR_IED_SimonB_informatic_a28c1,PUR_IED_SimonB_informatic_a28c1,,,,,
2026-09-12T08:16:08-05:00,PUR_IED_Sorrento_1102_315f50,PUR_IED_Sorrento_1102_315f50,,,,,
2026-09-12T08:16:08-05:00,PUR_IED_Sorrento_Minte_214eab,PUR_IED_Sorrento_Minte_214eab,,,,,
2026-09-12T08:16:08-05:00,PUR_IED_Sorrento_ext_7c3a0a,PUR_IED_Sorrento_ext_7c3a0a,,,,,
2026-09-12T08:16:08-05:00,PUR_IED_Tabora_Ext_f048ae,PUR_IED_Tabora_Ext_f048ae,,,,,
2026-09-12T08:16:08-05:00,PUR_IED_Tabora_S1102_b07752,PUR_IED_Tabora_S1102_b07752,,,,,
2026-09-12T08:16:08-05:00,PUR_IED_Tabora_S1103_d988f5,PUR_IED_Tabora_S1103_d988f5,,,,,
2026-09-12T08:16:08-05:00,PUR_IED_Tenerife_Ext_1ab188,PUR_IED_Tenerife_Ext_1ab188,,,,,
2026-09-12T08:16:08-05:00,PUR_IED_Tenerife_SDanzas_7bc02e,PUR_IED_Tenerife_SDanzas_7bc02e,,,,,
2026-09-12T08:16:08-05:00,PUR_IED_Tenerife_SIngles_7cc277,PUR_IED_Tenerife_SIngles_7cc277,,,,,
2026-09-12T08:16:08-05:00,PUR_IED_Tibabuyes_Exter_f2683d,PUR_IED_Tibabuyes_Exter_f2683d,,,,,
2026-09-12T08:16:08-05:00,PUR_IED_Tibabuyes_S10_dc87a8,PUR_IED_Tibabuyes_S10_dc87a8,,,,,
2026-09-12T08:16:08-05:00,PUR_IED_Tibabuyes_S15_dc0526,PUR_IED_Tibabuyes_S15_dc0526,,,,,
2026-09-12T08:16:08-05:00,PUR_IED_UnionE_S301_a1043,PUR_IED_UnionE_S301_a1043,,,,,
2026-09-12T08:16:08-05:00,PUR_IED_UnionE_S307_ff6c2f,PUR_IED_UnionE_S307_ff6c2f,,,,,
2026-09-12T08:16:08-05:00,PUR_IED_UnionE__Ext_5e2468,PUR_IED_UnionE__Ext_5e2468,,,,,
2026-09-12T08:16:08-05:00,PUR_IED_VillaRica_Ext_75be7c,PUR_IED_VillaRica_Ext_75be7c,,,,,
2026-09-12T08:16:08-05:00,PUR_IED_VillaRica_S4_cc5dcd,PUR_IED_VillaRica_S4_cc5dcd,,,,,
2026-09-12T08:16:08-05:00,PUR_IED_VillaRica_Sesp_99f5c,PUR_IED_VillaRica_Sesp_99f5c,,,,,
2026-09-12T08:21:08-05:00,PUR_IED_20deJulio_1101_91b1b9,PUR_IED_20deJulio_1101_91b1b9,,,,,
2026-09-12T08:21:08-05:00,PUR_IED_20deJulio_1102_1cfcf9,PUR_IED_20deJulio_1102_1cfcf9,,,,,
2026-09-12T08:21:08-05:00,PUR_IED_20deJulio_Ext_ab60bd,PUR_IED_20deJulio_Ext_ab60bd,,,,,
2026-09-12T08:21:08-05:00,PUR_IED_AgustinFer_Ext_7b9b77,PUR_IED_AgustinFer_Ext_7b9b77,,,,,
2026-09-12T08:21:08-05:00,PUR_IED_AgustinFer_Info2_27b3a7,PUR_IED_AgustinFer_Info2_27b3a7,,,,,
2026-09-12T08:21:08-05:00,PUR_IED_AgustinFer_Sena_54b4eb,PUR_IED_AgustinFer_Sena_54b4eb,,,,,
2026-09-12T08:21:08-05:00,PUR_IED_AlexanderF_1102_caf07b,PUR_IED_AlexanderF_1102_caf07b,,,,,
2026-09-12T08:21:08-05:00,PUR_IED_AlexanderF_1103_c79e71,PUR_IED_AlexanderF_1103_c79e71,,,,,
2026-09-12T08:21:08-05:00,PUR_IED_AlexanderF_Ext_c5b18b,PUR_IED_AlexanderF_Ext_c5b18b,,,,,
2026-09-12T08:21:08-05:00,PUR_IED_AlfonsoLopez_Ext_281d77,PUR_IED_AlfonsoLopez_Ext_281d77,,,,,
2026-09-12T08:21:08-05:00,PUR_IED_AlfonsoLopez_LabF_888ce0,PUR_IED_AlfonsoLopez_LabF_888ce0,,,,,
2026-09-12T08:21:08-05:00,PUR_IED_AlfonsoLopez_SMed_df6a7f,PUR_IED_AlfonsoLopez_SMed_df6a7f,,,,,
2026-09-12T08:21:08-05:00,PUR_IED_AltamiraSO_A2_209f92,PUR_IED_AltamiraSO_A2_209f92,,,,,
2026-09-12T08:21:08-05:00,PUR_IED_AltamiraSO_Ext_186d66,PUR_IED_AltamiraSO_Ext_186d66,,,,,
2026-09-12T08:21:08-05:00,PUR_IED_AltamiraSO_Sistem_27afe1,PUR_IED_AltamiraSO_Sistem_27afe1,,,,,
2026-09-12T08:21:08-05:00,PUR_IED_AlvaroGom_LabQuim_813179,PUR_IED_AlvaroGom_LabQuim_813179,,,,,
2026-09-12T08:21:08-05:00,PUR_IED_AlvaroGomez_Ext_47c7ca,PUR_IED_AlvaroGomez_Ext_47c7ca,,,,,
2026-09-12T08:21:08-05:00,PUR_IED_AlvaroGomez_LabQuim_813179,PUR_IED_AlvaroGomez_LabQuim_813179,,,,,
2026-09-12T08:21:08-05:00,PUR_IED_AlvaroGomez_S23_7ba89f,PUR_IED_AlvaroGomez_S23_7ba89f,,,,,
2026-09-12T08:21:08-05:00,PUR_IED_Amistad_306_dc8728,PUR_IED_Amistad_306_dc8728,,,,,
2026-09-12T08:21:08-05:00,PUR_IED_Amistad_Ext_8cd55e,PUR_IED_Amistad_Ext_8cd55e,,,,,
2026-09-12T08:21:08-05:00,PUR_IED_Amistad_S202_a41169,PUR_IED_Amistad_S202_a41169,,,,,
2026-09-12T08:21:08-05:00,PUR_IED_AndresBello_Bio_fd5f5e,PUR_IED_AndresBello_Bio_fd5f5e,,,,,
2026-09-12T08:21:08-05:00,PUR_IED_AndresBello_ext_dcad65,PUR_IED_AndresBello_ext_dcad65,,,,,
2026-09-12T08:21:08-05:00,PUR_IED_AndresBello_port_eed3ec,PUR_IED_AndresBello_port_eed3ec,,,,,
2026-09-12T08:21:08-05:00,PUR_IED_AngelaR_11b_d90a6b,PUR_IED_AngelaR_11b_d90a6b,,,,,
2026-09-12T08:21:08-05:00,PUR_IED_AngelaR_ext_7cad3e,PUR_IED_AngelaR_ext_7cad3e,4,18,66,4.5825,-74.164497
2026-09-12T08:21:08-05:00,PUR_IED_AntJoseSucre_10mo_df2575,PUR_IED_AntJoseSucre_10mo_df2575,,,,,
2026-09-12T08:21:08-05:00,PUR_IED_AntJoseSucre_Ext_215b36,PUR_IED_AntJoseSucre_Ext_215b36,,,,,
2026-09-12T08:21:08-05:00,PUR_IED_AntJoseSucre_Lab_3139de,PUR_IED_AntJoseSucre_Lab_3139de,,,,,
2026-09-12T08:21:08-05:00,PUR_IED_AntonioGarcia_301_d6b188,PUR_IED_AntonioGarcia_301_d6b188,,,,,
2026-09-12T08:21:08-05:00,PUR_IED_AntonioGarcia_302_88a82,PUR_IED_AntonioGarcia_302_88a82,,,,,
2026-09-12T08:21:08-05:00,PUR_IED_AntonioGarcia_Ext_20950c,PUR_IED_AntonioGarcia_Ext_20950c,,,,,
2026-09-12T08:21:08-05:00,PUR_IED_AntonioVan_Aula2_6dea02,PUR_IED_AntonioVan_Aula2_6dea02,,,,,
2026-09-12T08:21:08-05:00,PUR_IED_AntonioVan_Aula5_f1557e,PUR_IED_AntonioVan_Aula5_f1557e,,,,,
2026-09-12T08:21:08-05:00,PUR_IED_AntonioVan_Ext_406f2f,PUR_IED_AntonioVan_Ext_406f2f,,,,,
2026-09-12T08:21:08-05:00,PUR_IED_Atabanzha_Ext_cc5af9,PUR_IED_Atabanzha_Ext_cc5af9,,,,,
2026-09-12T08:21:08-05:00,PUR_IED_Atabanzha_SA101_56c37,PUR_IED_Atabanzha_SA101_56c37,,,,,
2026-09-12T08:21:08-05:00,PUR_IED_Atabanzha_SB302_27b374,PUR_IED_Atabanzha_SB302_27b374,,,,,
2026-09-12T08:21:08-05:00,PUR_IED_Atahualpa_Ext_fc1748,PUR_IED_Atahualpa_Ext_fc1748,,,,,
2026-09-12T08:21:08-05:00,PUR_IED_Atahualpa_Informa_dc9a95,PUR_IED_Atahualpa_Informa_dc9a95,,,,,
2026-09-12T08:21:08-05:00,PUR_IED_Atahualpa_S1101_f98056,PUR_IED_Atahualpa_S1101_f98056,,,,,
2026-09-12T08:21:08-05:00,PUR_IED_Bellavista_Ext_f5aa74,PUR_IED_Bellavista_Ext_f5aa74,,,,,
2026-09-12T08:21:08-05:00,PUR_IED_Bilbao_11A_916c41,PUR_IED_Bilbao_11A_916c41,,,,,
2026-09-12T08:21:08-05:00,PUR_IED_Bilbao_Ext_fb579a,PUR_IED_Bilbao_Ext_fb579a,,,,,
2026-09-12T08:21:08-05:00,PUR_IED_BrasiliaU_A125_304280,PUR_IED_BrasiliaU_A125_304280,,,,,
2026-09-12T08:21:08-05:00,PUR_IED_BrasiliaU_A203_7c8ca5,PUR_IED_BrasiliaU_A203_7c8ca5,,,,,
2026-09-12T08:21:08-05:00,PUR_IED_BrasiliaU_Ext_8d6e9f,PUR_IED_BrasiliaU_Ext_8d6e9f,5,17,67,4.5175,-74.116302
2026-09-12T08:21:08-05:00,PUR_IED_Brasilia_Ext_fe6593,PUR_IED_Brasilia_Ext_fe6593,,,,,
2026-09-12T08:21:08-05:00,PUR_IED_Brasilia_S24_7c130d,PUR_IED_Brasilia_S24_7c130d,,,,,
2026-09-12T08:21:08-05:00,PUR_IED_Brasilia_S501_186a54,PUR_IED_Brasilia_S501_186a54,,,,,
2026-09-12T08:21:08-05:00,PUR_IED_CHARRY_EXT_f1d5cd,PUR_IED_CHARRY_EXT_f1d5cd,,,,,
2026-09-12T08:21:08-05:00,PUR_IED_CHARRY_INTDANZAS_7a08e6,PUR_IED_CHARRY_INTDANZAS_7a08e6,,,,,
2026-09-12T08:21:08-05:00,PUR_IED_CHARRY_INT_AULA20_dc998d,PUR_IED_CHARRY_INT_AULA20_dc998d,,,,,
2026-09-12T08:21:08-05:00,PUR_IED_COLVIV_1101_S25_7f520a,PUR_IED_COLVIV_1101_S25_7f520a,,,,,
2026-09-12T08:21:08-05:00,PUR_IED_COLVIV_1102_S16_f570ba,PUR_IED_COLVIV_1102_S16_f570ba,,,,,
2026-09-12T08:21:08-05:00,PUR_IED_COLVIV_Ext_1a26fa,PUR_IED_COLVIV_Ext_1a26fa,,,,,
2026-09-12T08:21:08-05:00,PUR_IED_CULPOP_301A_f660f3,PUR_IED_CULPOP_301A_f660f3,,,,,
2026-09-12T08:21:08-05:00,PUR_IED_CULPOP_303_568afe,PUR_IED_CULPOP_303_568afe,,,,,
2026-09-12T08:21:08-05:00,PUR_IED_CULPOP_Ext_e02ccb,PUR_IED_CULPOP_Ext_e02ccb,,,,,
2026-09-12T08:21:08-05:00,PUR_IED_CVillavicen_Ext_26eb58,PUR_IED_CVillavicen_Ext_26eb58,7,15,83,4.487,-74.102798
2026-09-12T08:21:08-05:00,PUR_IED_CVillavicen_Intel_1ce5c2,PUR_IED_CVillavicen_Intel_1ce5c2,,,,,
2026-09-12T08:21:08-05:00,PUR_IED_CVillavicen_Poliv_e0766c,PUR_IED_CVillavicen_Poliv_e0766c,,,,,
2026-09-12T08:21:08-05:00,PUR_IED_CVillavicen_int_1ba140,PUR_IED_CVillavicen_int_1ba140,,,,,
2026-09-12T08:21:08-05:00,PUR_IED_CVillavicen_intel_1ba140,PUR_IED_CVillavicen_intel_1ba140,,,,,
2026-09-12T08:21:08-05:00,PUR_IED_CarlosPizarro_Ext_e307cc,PUR_IED_CarlosPizarro_Ext_e307cc,,,,,
2026-09-12T08:21:08-05:00,PUR_IED_CarlosPizarro_L36_7e5cdb,PUR_IED_CarlosPizarro_L36_7e5cdb,,,,,
2026-09-12T08:21:08-05:00,PUR_IED_CarlosPizarro_L37_c8566c,PUR_IED_CarlosPizarro_L37_c8566c,,,,,
2026-09-12T08:21:08-05:00,PUR_IED_Castilla_Ext_cf35f,PUR_IED_Castilla_Ext_cf35f,,,,,
2026-09-12T08:21:08-05:00,PUR_IED_Castilla_SFisik_360e38,PUR_IED_Castilla_SFisik_360e38,,,,,
2026-09-12T08:21:08-05:00,PUR_IED_Castilla_Sc304_496fbf,PUR_IED_Castilla_Sc304_496fbf,,,,,
2026-09-12T08:21:08-05:00,PUR_IED_CervantesSa_Ext_6b57b,PUR_IED_CervantesSa_Ext_6b57b,4,17,73,4.5128,-74.117203
2026-09-12T08:21:08-05:00,PUR_IED_CervantesSa_S107_225c2b,PUR_IED_CervantesSa_S107_225c2b,,,,,
2026-09-12T08:21:08-05:00,PUR_IED_CervantesSa_S108_940925,PUR_IED_CervantesSa_S108_940925,,,,,
2026-09-12T08:21:08-05:00,PUR_IED_Charry_A20_f53e7c,PUR_IED_Charry_A20_f53e7c,,,,,
2026-09-12T08:21:08-05:00,PUR_IED_Charry_Ext_f1d5cd,PUR_IED_Charry_Ext_f1d5cd,,,,,
2026-09-12T08:21:08-05:00,PUR_IED_Charry_IntAula20_dc998d,PUR_IED_Charry_IntAula20_dc998d,,,,,
2026-09-12T08:21:08-05:00,PUR_IED_Charry_IntDanzas_7a08e6,PUR_IED_Charry_IntDanzas_7a08e6,,,,,
2026-09-12T08:21:08-05:00,PUR_IED_ClememciaC_203_43e2fc,PUR_IED_ClememciaC_203_43e2fc,,,,,
2026-09-12T08:21:08-05:00,PUR_IED_ClememciaC_Ext_1b411a,PUR_IED_ClememciaC_Ext_1b411a,,,,,
2026-09-12T08:21:08-05:00,PUR_IED_ClememciaC_Quimic_44b5fc,PUR_IED_ClememciaC_Quimic_44b5fc,,,,,
2026-09-12T08:21:08-05:00,PUR_IED_ClemenciaC_203_43e2fc,PUR_IED_ClemenciaC_203_43e2fc,,,,,
2026-09-12T08:21:08-05:00,PUR_IED_ClemenciaC_Ext_1b411a,PUR_IED_ClemenciaC_Ext_1b411a,,,,,
2026-09-12T08:21:08-05:00,PUR_IED_ClemenciaC_Quimic_44b5fc,PUR_IED_ClemenciaC_Quimic_44b5fc,,,,,
2026-09-12T08:21:08-05:00,PUR_IED_ColViva_1101_S25_7f520a,PUR_IED_ColViva_1101_S25_7f520a,,,,,
2026-09-12T08:21:08-05:00,PUR_IED_ColViva_1102_S16_f570ba,PUR_IED_ColViva_1102_S16_f570ba,,,,,
2026-09-12T08:21:08-05:00,PUR_IED_ColViva_Ext_1a26fa,PUR_IED_ColViva_Ext_1a26fa,,,,,
2026-09-12T08:21:08-05:00,PUR_IED_ColegioBici_Asist_7c8798,PUR_IED_ColegioBici_Asist_7c8798,,,,,
2026-09-12T08:21:08-05:00,PUR_IED_ColegioBici_Ext_25cbf6,PUR_IED_ColegioBici_Ext_25cbf6,,,,,
2026-09-12T08:21:08-05:00,PUR_IED_ColegioBici_LabQ_7b57db,PUR_IED_ColegioBici_LabQ_7b57db,,,,,
2026-09-12T08:21:08-05:00,PUR_IED_CostaRica_Ext_5e640,PUR_IED_CostaRica_Ext_5e640,,,,,
2026-09-12T08:21:08-05:00,PUR_IED_CostaRica_Quim1_766d1c,PUR_IED_CostaRica_Quim1_766d1c,,,,,
2026-09-12T08:21:08-05:00,PUR_IED_CostaRica__Fisica_6f0873,PUR_IED_CostaRica__Fisica_6f0873,,,,,
2026-09-12T08:21:08-05:00,PUR_IED_CulPopu_301A_f660f3,PUR_IED_CulPopu_301A_f660f3,,,,,
2026-09-12T08:21:08-05:00,PUR_IED_CulPopu_303_568afe,PUR_IED_CulPopu_303_568afe,,,,,
2026-09-12T08:21:08-05:00,PUR_IED_CulPopu_Ext_e02ccb,PUR_IED_CulPopu_Ext_e02ccb,,,,,
2026-09-12T08:21:08-05:00,PUR_IED_Cundinamarca_Ext_f15985,PUR_IED_Cundinamarca_Ext_f15985,,,,,
2026-09-12T08:21:08-05:00,PUR_IED_Cundinamarca_Info_7aa5d7,PUR_IED_Cundinamarca_Info_7aa5d7,,,,,
2026-09-12T08:21:08-05:00,PUR_IED_Cundinamarca_Tec2_f449c7,PUR_IED_Cundinamarca_Tec2_f449c7,,,,,
2026-09-12T08:21:08-05:00,PUR_IED_DiegoM_Aula1_27b314,PUR_IED_DiegoM_Aula1_27b314,,,,,
2026-09-12T08:21:08-05:00,PUR_IED_DiegoM_Ext_d80ac8,PUR_IED_DiegoM_Ext_d80ac8,,,,,
2026-09-12T08:21:08-05:00,PUR_IED_DiegoM_S25_da928f,PUR_IED_DiegoM_S25_da928f,,,,,
2026-09-12T08:21:08-05:00,PUR_IED_ELRODEO_360881,PUR_IED_ELRODEO_360881,,,,,
2026-09-12T08:21:08-05:00,PUR_IED_ELRODEO_ext_360881,PUR_IED_ELRODEO_ext_360881,,,,,
2026-09-12T08:21:08-05:00,PUR_IED_EduardoU_Ext_1c1969,PUR_IED_EduardoU_Ext_1c1969,,,,,
2026-09-12T08:21:08-05:00,PUR_IED_EduardoU_SCiencia_4dfb94,PUR_IED_EduardoU_SCiencia_4dfb94,,,,,
2026-09-12T08:21:08-05:00,PUR_IED_EduardoU_SQuimica_5a46e7,PUR_IED_EduardoU_SQuimica_5a46e7,,,,,
2026-09-12T08:21:08-05:00,PUR_IED_ElRodeo_Aula14_676984,PUR_IED_ElRodeo_Aula14_676984,,,,,
2026-09-12T08:21:08-05:00,PUR_IED_ElRodeo_Aula16_2dd35b,PUR_IED_ElRodeo_Aula16_2dd35b,,,,,
2026-09-12T08:21:08-05:00,PUR_IED_ElRodeo_Ext_360881,PUR_IED_ElRodeo_Ext_360881,,,,,
2026-09-12T08:21:08-05:00,PUR_IED_ElRodeo_Exterior_8c6d28,PUR_IED_ElRodeo_Exterior_8c6d28,,,,,
2026-09-12T08:21:08-05:00,PUR_IED_ElRodeo_ext_360881,PUR_IED_ElRodeo_ext_360881,,,,,
2026-09-12T08:21:08-05:00,PUR_IED_EmmaReyes_Ext_987625,PUR_IED_EmmaReyes_Ext_987625,7,21,53,4.6367,-74.1511
2026-09-12T08:21:08-05:00,PUR_IED_Ensueño_Ext_7f0250,PUR_IED_Ensueño_Ext_7f0250,,,,,
2026-09-12T08:21:08-05:00,PUR_IED_EscNormal_Ext_5fef3b,PUR_IED_EscNormal_Ext_5fef3b,2,19,62,4.5852,-74.096901
2026-09-12T08:21:08-05:00,PUR_IED_EscNormal_S309_5b263,PUR_IED_EscNormal_S309_5b263,,,,,
2026-09-12T08:21:08-05:00,PUR_IED_EscNormal_S310_27b3b8,PUR_IED_EscNormal_S310_27b3b8,,,,,
2026-09-12T08:21:08-05:00,PUR_IED_Evangelista_Conta_f6cd4f,PUR_IED_Evangelista_Conta_f6cd4f,,,,,
2026-09-12T08:21:08-05:00,PUR_IED_Evangelista_Cri_5e16a,PUR_IED_Evangelista_Cri_5e16a,,,,,
2026-09-12T08:21:08-05:00,PUR_IED_Evangelista_Exter_754066,PUR_IED_Evangelista_Exter_754066,,,,,
2026-09-12T08:21:08-05:00,PUR_IED_FMiranda_S209_5cc2a3,PUR_IED_FMiranda_S209_5cc2a3,,,,,
2026-09-12T08:21:08-05:00,PUR_IED_FMiranda_S303_19e344,PUR_IED_FMiranda_S303_19e344,,,,,
2026-09-12T08:21:08-05:00,PUR_IED_FMiranda_ext_f53e7c,PUR_IED_FMiranda_ext_f53e7c,,,,,
2026-09-12T08:21:08-05:00,PUR_IED_FabioLozano_Bibli_1cee05,PUR_IED_FabioLozano_Bibli_1cee05,,,,,
2026-09-12T08:21:08-05:00,PUR_IED_FabioLozano_Ext_6ea285,PUR_IED_FabioLozano_Ext_6ea285,,,,,
2026-09-12T08:21:08-05:00,PUR_IED_FabioLozano_SLudi_f09e1e,PUR_IED_FabioLozano_SLudi_f09e1e,,,,,
2026-09-12T08:21:08-05:00,PUR_IED_FaustinoS_Aula07_27a731,PUR_IED_FaustinoS_Aula07_27a731,,,,,
2026-09-12T08:21:08-05:00,PUR_IED_FaustinoS_Ext_7b936f,PUR_IED_FaustinoS_Ext_7b936f,,,,,
2026-09-12T08:21:08-05:00,PUR_IED_FaustinoS_Fisica_da2c60,PUR_IED_FaustinoS_Fisica_da2c60,,,,,
2026-09-12T08:21:08-05:00,PUR_IED_FeGarciaLo_Ext_dc68ee,PUR_IED_FeGarciaLo_Ext_dc68ee,,,,,
2026-09-12T08:21:08-05:00,PUR_IED_FeGarciaLo_SDanza_f70a59,PUR_IED_FeGarciaLo_SDanza_f70a59,,,,,
2026-09-12T08:21:08-05:00,PUR_IED_FeGarciaLo_SMusic_125cdd,PUR_IED_FeGarciaLo_SMusic_125cdd,,,,,
2026-09-12T08:21:08-05:00,PUR_IED_FederalAlema_Exte_50c345,PUR_IED_FederalAlema_Exte_50c345,,,,,
2026-09-12T08:21:08-05:00,PUR_IED_FederalAlema_S31_f18371,PUR_IED_FederalAlema_S31_f18371,,,,,
2026-09-12T08:21:08-05:00,PUR_IED_FederalAlema_S901_a62cd,PUR_IED_FederalAlema_S901_a62cd,,,,,
2026-09-12T08:21:08-05:00,PUR_IED_FilarmonicaS_A5_f35eb1,PUR_IED_FilarmonicaS_A5_f35eb1,,,,,
2026-09-12T08:21:08-05:00,PUR_IED_FilarmonicaS_Ext_8a3bde,PUR_IED_FilarmonicaS_Ext_8a3bde,,,,,
2026-09-12T08:21:08-05:00,PUR_IED_FilarmonicaS_Spol_406114,PUR_IED_FilarmonicaS_Spol_406114,,,,,
2026-09-12T08:21:08-05:00,PUR_IED_FlorentinoG_A13_d1fa59,PUR_IED_FlorentinoG_A13_d1fa59,,,,,
2026-09-12T08:21:08-05:00,PUR_IED_FlorentinoG_Ext_1ce6ce,PUR_IED_FlorentinoG_Ext_1ce6ce,,,,,
2026-09-12T08:21:08-05:00,PUR_IED_FlorentinoG_Idiom_a66aac,PUR_IED_FlorentinoG_Idiom_a66aac,,,,,
2026-09-12T08:21:08-05:00,PUR_IED_FranciscoMati_Ext_e3869d,PUR_IED_FranciscoMati_Ext_e3869d,,,,,
2026-09-12T08:21:08-05:00,PUR_IED_FranciscoMati_S13_f31c67,PUR_IED_FranciscoMati_S13_f31c67,,,,,
2026-09-12T08:21:08-05:00,PUR_IED_FranciscoMati_S14_97dead,PUR_IED_FranciscoMati_S14_97dead,,,,,
2026-09-12T08:21:08-05:00,PUR_IED_FranciscoPS_Ext_7bfa9a,PUR_IED_FranciscoPS_Ext_7bfa9a,2,19,60,4.5899,-74.110397
2026-09-12T08:21:08-05:00,PUR_IED_FranciscoPS_Infor_fb8f4c,PUR_IED_FranciscoPS_Infor_fb8f4c,,,,,
2026-09-12T08:21:08-05:00,PUR_IED_FranciscoPS_Quimi_94d39c,PUR_IED_FranciscoPS_Quimi_94d39c,,,,,
2026-09-12T08:21:08-05:00,PUR_IED_FranciscoP_LabQ_d7e148,PUR_IED_FranciscoP_LabQ_d7e148,,,,,
2026-09-12T08:21:08-05:00,PUR_IED_FranciscoP_S28_cf9b30,PUR_IED_FranciscoP_S28_cf9b30,,,,,
2026-09-12T08:21:08-05:00,PUR_IED_FranciscoP_ext_e2313,PUR_IED_FranciscoP_ext_e2313,,,,,
2026-09-12T08:21:08-05:00,PUR_IED_FriederichN_Ext_8ac92a,PUR_IED_FriederichN_Ext_8ac92a,,,,,
2026-09-12T08:21:08-05:00,PUR_IED_FriederichN_S301_dd7e5a,PUR_IED_FriederichN_S301_dd7e5a,,,,,
2026-09-12T08:21:08-05:00,PUR_IED_FriederichN_S308_761f4f,PUR_IED_FriederichN_S308_761f4f,,,,,
2026-09-12T08:21:08-05:00,PUR_IED_GSantander_Aula10_533dd7,PUR_IED_GSantander_Aula10_533dd7,,,,,
2026-09-12T08:21:08-05:00,PUR_IED_GSantander_Aula12_fd4e4f,PUR_IED_GSantander_Aula12_fd4e4f,,,,,
2026-09-12T08:21:08-05:00,PUR_IED_GSantander_Aula310_533dd7,PUR_IED_GSantander_Aula310_533dd7,,,,,
2026-09-12T08:21:08-05:00,PUR_IED_GSantander_Aula312_fd4e4f,PUR_IED_GSantander_Aula312_fd4e4f,,,,,
2026-09-12T08:21:08-05:00,PUR_IED_GSantander_Ext_5f66b0,PUR_IED_GSantander_Ext_5f66b0,,,,,
2026-09-12T08:21:08-05:00,PUR_IED_GYomasa_Ext_f6bea5,PUR_IED_GYomasa_Ext_f6bea5,,,,,
2026-09-12T08:21:08-05:00,PUR_IED_GYomasa_LBiol_2c41aa,PUR_IED_GYomasa_LBiol_2c41aa,,,,,
2026-09-12T08:21:08-05:00,PUR_IED_GYomasa_LQuim_33c80,PUR_IED_GYomasa_LQuim_33c80,,,,,
2026-09-12T08:21:08-05:00,PUR_IED_GabBetMejia_Cienc_5a99c,PUR_IED_GabBetMejia_Cienc_5a99c,,,,,
2026-09-12T08:21:08-05:00,PUR_IED_GabBetMejia_Ext_9153d0,PUR_IED_GabBetMejia_Ext_9153d0,,,,,
2026-09-12T08:21:08-05:00,PUR_IED_GabBetMejia_Lab_f55347,PUR_IED_GabBetMejia_Lab_f55347,,,,,
2026-09-12T08:21:08-05:00,PUR_IED_GabBetanMejia_Ext_9153d0,PUR_IED_GabBetanMejia_Ext_9153d0,,,,,
2026-09-12T08:21:08-05:00,PUR_IED_Gaitana_Aula13_7aac11,PUR_IED_Gaitana_Aula13_7aac11,,,,,
2026-09-12T08:21:08-05:00,PUR_IED_Gaitana_Ext_5fcf4,PUR_IED_Gaitana_Ext_5fcf4,,,,,
2026-09-12T08:21:08-05:00,PUR_IED_Gaitana_LabFisica_644448,PUR_IED_Gaitana_LabFisica_644448,,,,,
2026-09-12T08:21:08-05:00,PUR_IED_GenSantander_Dise_8ac858,PUR_IED_GenSantander_Dise_8ac858,,,,,
2026-09-12T08:21:08-05:00,PUR_IED_GenSantander_Ext_8d5dfe,PUR_IED_GenSantander_Ext_8d5dfe,,,,,
2026-09-12T08:21:08-05:00,PUR_IED_GenSantander_Info_6c25b,PUR_IED_GenSantander_Info_6c25b,,,,,
2026-09-12T08:21:08-05:00,PUR_IED_GustavoMo_Exterio_75e63d,PUR_IED_GustavoMo_Exterio_75e63d,,,,,
2026-09-12T08:21:08-05:00,PUR_IED_GustavoMo_LabFisi_224d37,PUR_IED_GustavoMo_LabFisi_224d37,,,,,
2026-09-12T08:21:08-05:00,PUR_IED_GustavoMo_S208_3e6918,PUR_IED_GustavoMo_S208_3e6918,,,,,
2026-09-12T08:21:08-05:00,PUR_IED_GustavoR_A02_8cd4a8,PUR_IED_GustavoR_A02_8cd4a8,,,,,
2026-09-12T08:21:08-05:00,PUR_IED_GustavoR_B11_5b0ed,PUR_IED_GustavoR_B11_5b0ed,,,,,
2026-09-12T08:21:08-05:00,PUR_IED_GustavoR_Ext_7a0c90,PUR_IED_GustavoR_Ext_7a0c90,,,,,
2026-09-12T08:21:08-05:00,PUR_IED_HernandoDuran_Ext_8cd82b,PUR_IED_HernandoDuran_Ext_8cd82b,,,,,
2026-09-12T08:21:08-05:00,PUR_IED_HernandoDuran_S24_2772c6,PUR_IED_HernandoDuran_S24_2772c6,,,,,
2026-09-12T08:21:08-05:00,PUR_IED_HernandoDuran_S30_f2de41,PUR_IED_HernandoDuran_S30_f2de41,,,,,
2026-09-12T08:21:08-05:00,PUR_IED_HolguInUr_S1101_8cd732,PUR_IED_HolguInUr_S1101_8cd732,,,,,
2026-09-12T08:21:08-05:00,PUR_IED_HolguinUr_Exter_ddae6d,PUR_IED_HolguinUr_Exter_ddae6d,,,,,
2026-09-12T08:21:08-05:00,PUR_IED_HolguinUr_LabQuim_92b952,PUR_IED_HolguinUr_LabQuim_92b952,,,,,
2026-09-12T08:21:08-05:00,PUR_IED_Isabel-II_Ext_5245cc,PUR_IED_Isabel-II_Ext_5245cc,5,18,61,4.6336,-74.153
2026-09-12T08:21:08-05:00,PUR_IED_Isabel-II_S_idiom_1c29aa,PUR_IED_Isabel-II_S_idiom_1c29aa,,,,,
2026-09-12T08:21:08-05:00,PUR_IED_Isabel-II_S_infor_fd741,PUR_IED_Isabel-II_S_infor_fd741,,,,,
2026-09-12T08:21:08-05:00,PUR_IED_IsidroSur_Exterio_5b90ea,PUR_IED_IsidroSur_Exterio_5b90ea,,,,,
2026-09-12T08:21:08-05:00,PUR_IED_IsidroSur_LabTec_56697a,PUR_IED_IsidroSur_LabTec_56697a,,,,,
2026-09-12T08:21:08-05:00,PUR_IED_IsidroSur_Robotic_b7c38f,PUR_IED_IsidroSur_Robotic_b7c38f,,,,,
2026-09-12T08:21:08-05:00,PUR_IED_IsmaelPerd_Ext_7b6672,PUR_IED_IsmaelPerd_Ext_7b6672,,,,,
2026-09-12T08:21:08-05:00,PUR_IED_IsmaelPerd_Inform_306540,PUR_IED_IsmaelPerd_Inform_306540,,,,,
2026-09-12T08:21:08-05:00,PUR_IED_IsmaelPerd_S30_2e2c83,PUR_IED_IsmaelPerd_S30_2e2c83,,,,,
2026-09-12T08:21:08-05:00,PUR_IED_JLozano_Exter_432910,PUR_IED_JLozano_Exter_432910,,,,,
2026-09-12T08:21:08-05:00,PUR_IED_JLozano_salaMulti_df5125,PUR_IED_JLozano_salaMulti_df5125,,,,,
2026-09-12T08:21:08-05:00,PUR_IED_JMCordoba_206_86f80b,PUR_IED_JMCordoba_206_86f80b,,,,,
2026-09-12T08:21:08-05:00,PUR_IED_JMCordoba_Ext_27ad97,PUR_IED_JMCordoba_Ext_27ad97,,,,,
2026-09-12T08:21:08-05:00,PUR_IED_JMCordoba_S310_d59ab4,PUR_IED_JMCordoba_S310_d59ab4,,,,,
2026-09-12T08:21:08-05:00,PUR_IED_Japon_Ext_549100,PUR_IED_Japon_Ext_549100,,,,,
2026-09-12T08:21:08-05:00,PUR_IED_Japon_Laboratorio_bec51d,PUR_IED_Japon_Laboratorio_bec51d,,,,,
2026-09-12T08:21:08-05:00,PUR_IED_Japon_informatica_d99327,PUR_IED_Japon_informatica_d99327,,,,,
2026-09-12T08:21:08-05:00,PUR_IED_Jazmin_Ext_d27bda,PUR_IED_Jazmin_Ext_d27bda,,,,,
2026-09-12T08:21:08-05:00,PUR_IED_Jazmin_Fisica_8d14d7,PUR_IED_Jazmin_Fisica_8d14d7,,,,,
2026-09-12T08:21:08-05:00,PUR_IED_Jazmin_Quimica_801cb5,PUR_IED_Jazmin_Quimica_801cb5,,,,,
2026-09-12T08:21:08-05:00,PUR_IED_JorgeGaitan_Exter_f098d1,PUR_IED_JorgeGaitan_Exter_f098d1,,,,,
2026-09-12T08:21:08-05:00,PUR_IED_JorgeGaitan_STec1_dc9d1d,PUR_IED_JorgeGaitan_STec1_dc9d1d,,,,,
2026-09-12T08:21:08-05:00,PUR_IED_JorgeGaitan_STec2_281e69,PUR_IED_JorgeGaitan_STec2_281e69,,,,,
2026-09-12T08:21:08-05:00,PUR_IED_JorgeSoto_Exterio_d9d0a2,PUR_IED_JorgeSoto_Exterio_d9d0a2,,,,,
2026-09-12T08:21:08-05:00,PUR_IED_JorgeSoto_LabFisi_209c54,PUR_IED_JorgeSoto_LabFisi_209c54,,,,,
2026-09-12T08:21:08-05:00,PUR_IED_JorgeSoto_S103_27b51a,PUR_IED_JorgeSoto_S103_27b51a,,,,,
2026-09-12T08:21:08-05:00,PUR_IED_JoseAcevedo_A02_e965eb,PUR_IED_JoseAcevedo_A02_e965eb,,,,,
2026-09-12T08:21:08-05:00,PUR_IED_JoseAcevedo_A07_dd5b4,PUR_IED_JoseAcevedo_A07_dd5b4,,,,,
2026-09-12T08:21:08-05:00,PUR_IED_JoseAcevedo_Ext_b47484,PUR_IED_JoseAcevedo_Ext_b47484,,,,,
2026-09-12T08:21:08-05:00,PUR_IED_JoseMarti_Exte_5b9bf,PUR_IED_JoseMarti_Exte_5b9bf,,,,,
2026-09-12T08:21:08-05:00,PUR_IED_JoseMarti_LabQuim_1c6c2d,PUR_IED_JoseMarti_LabQuim_1c6c2d,,,,,
2026-09-12T08:21:08-05:00,PUR_IED_JoseMarti_S_info_f5f177,PUR_IED_JoseMarti_S_info_f5f177,,,,,
2026-09-12T08:21:08-05:00,PUR_IED_Josejoaquin_Ext_dfc5dc,PUR_IED_Josejoaquin_Ext_dfc5dc,,,,,
2026-09-12T08:21:08-05:00,PUR_IED_Josejoaquin_S05_5b2a96,PUR_IED_Josejoaquin_S05_5b2a96,,,,,
2026-09-12T08:21:08-05:00,PUR_IED_Josejoaquin_S06_1ce7d2,PUR_IED_Josejoaquin_S06_1ce7d2,,,,,
2026-09-12T08:21:08-05:00,PUR_IED_JulioFlorez_Danza_9b82dd,PUR_IED_JulioFlorez_Danza_9b82dd,,,,,
2026-09-12T08:21:08-05:00,PUR_IED_JulioFlorez_Exter_f9f314,PUR_IED_JulioFlorez_Exter_f9f314,,,,,
2026-09-12T08:21:08-05:00,PUR_IED_JulioFlorez_info2_6b6e08,PUR_IED_JulioFlorez_info2_6b6e08,,,,,
2026-09-12T08:21:08-05:00,PUR_IED_LaBelleza_Aula13_1d00d8,PUR_IED_LaBelleza_Aula13_1d00d8,,,,,
2026-09-12T08:21:08-05:00,PUR_IED_LaBelleza_Ext_7bc08c,PUR_IED_LaBelleza_Ext_7bc08c,,,,,
2026-09-12T08:21:08-05:00,PUR_IED_LaChucua_Ext_8cd6d2,PUR_IED_LaChucua_Ext_8cd6d2,,,,,
2026-09-12T08:21:08-05:00,PUR_IED_LaChucua_S15_f578ce,PUR_IED_LaChucua_S15_f578ce,,,,,
2026-09-12T08:21:08-05:00,PUR_IED_LaChucua_S16_eebcf9,PUR_IED_LaChucua_S16_eebcf9,,,,,
2026-09-12T08:21:08-05:00,PUR_IED_LaFelicidad_Ext_fb5109,PUR_IED_LaFelicidad_Ext_fb5109,,,,,
2026-09-12T08:21:08-05:00,PUR_IED_LaMerced_206_66ebd,PUR_IED_LaMerced_206_66ebd,,,,,
2026-09-12T08:21:08-05:00,PUR_IED_LaMerced_207_6ebd6,PUR_IED_LaMerced_207_6ebd6,,,,,
2026-09-12T08:21:08-05:00,PUR_IED_LaMerced_ext_304311,PUR_IED_LaMerced_ext_304311,,,,,
2026-09-12T08:21:08-05:00,PUR_IED_Laureano_CiencNat_281e5e,PUR_IED_Laureano_CiencNat_281e5e,,,,,
2026-09-12T08:21:08-05:00,PUR_IED_Laureano_Comedor_f65c0a,PUR_IED_Laureano_Comedor_f65c0a,,,,,
2026-09-12T08:21:08-05:00,PUR_IED_Laureano_Exterior_7ab011,PUR_IED_Laureano_Exterior_7ab011,,,,,
2026-09-12T08:21:08-05:00,PUR_IED_LeonGreiff_Exte_dfe560,PUR_IED_LeonGreiff_Exte_dfe560,,,,,
2026-09-12T08:21:08-05:00,PUR_IED_LeonGreiff_S210_f264ed,PUR_IED_LeonGreiff_S210_f264ed,,,,,
2026-09-12T08:21:08-05:00,PUR_IED_LeonGreiff_SQuimi_e8296f,PUR_IED_LeonGreiff_SQuimi_e8296f,,,,,
2026-09-12T08:21:08-05:00,PUR_IED_LlanoOrientalS208_7b9fcd,PUR_IED_LlanoOrientalS208_7b9fcd,,,,,
2026-09-12T08:21:08-05:00,PUR_IED_LlanoOriental_Ext_fb3766,PUR_IED_LlanoOriental_Ext_fb3766,,,,,
2026-09-12T08:21:08-05:00,PUR_IED_LlanoOriental_S208_7b9fcd,PUR_IED_LlanoOriental_S208_7b9fcd,,,,,
2026-09-12T08:21:08-05:00,PUR_IED_LlanoOriental_S9_27b378,PUR_IED_LlanoOriental_S9_27b378,,,,,
2026-09-12T08:21:08-05:00,PUR_IED_LosTejares_1101_477602,PUR_IED_LosTejares_1101_477602,,,,,
2026-09-12T08:21:08-05:00,PUR_IED_LosTejares_11_d2c595,PUR_IED_LosTejares_11_d2c595,,,,,
2026-09-12T08:21:08-05:00,PUR_IED_LosTejares_12_477602,PUR_IED_LosTejares_12_477602,,,,,
2026-09-12T08:21:08-05:00,PUR_IED_LosTejares_Ext_8e2115,PUR_IED_LosTejares_Ext_8e2115,,,,,
2026-09-12T08:21:08-05:00,PUR_IED_MagdalenaO_B202_5ddda3,PUR_IED_MagdalenaO_B202_5ddda3,,,,,
2026-09-12T08:21:08-05:00,PUR_IED_MagdalenaO_B205_fb76e8,PUR_IED_MagdalenaO_B205_fb76e8,,,,,
2026-09-12T08:21:08-05:00,PUR_IED_MagdalenaO_ext_dc69cd,PUR_IED_MagdalenaO_ext_dc69cd,,,,,
2026-09-12T08:21:08-05:00,PUR_IED_ManueCepeda_artes_eee956,PUR_IED_ManueCepeda_artes_eee956,,,,,
2026-09-12T08:21:08-05:00,PUR_IED_ManuelCepeda_Ext_58313,PUR_IED_ManuelCepeda_Ext_58313,,,,,
2026-09-12T08:21:08-05:00,PUR_IED_ManuelCepeda_tec_1c5731,PUR_IED_ManuelCepeda_tec_1c5731,,,,,
2026-09-12T08:21:08-05:00,PUR_IED_ManuelS_Exterior_5b269,PUR_IED_ManuelS_Exterior_5b269,,,,,
2026-09-12T08:21:08-05:00,PUR_IED_ManuelS_Inform_f369ce,PUR_IED_ManuelS_Inform_f369ce,,,,,
2026-09-12T08:21:08-05:00,PUR_IED_ManuelS_SArtes_7d15f1,PUR_IED_ManuelS_SArtes_7d15f1,,,,,
2026-09-12T08:21:08-05:00,PUR_IED_ManuelZapata_303_3ca6,PUR_IED_ManuelZapata_303_3ca6,,,,,
2026-09-12T08:21:08-05:00,PUR_IED_ManuelZapata_311_bfbabc,PUR_IED_ManuelZapata_311_bfbabc,,,,,
2026-09-12T08:21:08-05:00,PUR_IED_ManuelZapata_Ext_50824a,PUR_IED_ManuelZapata_Ext_50824a,,,,,
2026-09-12T08:21:08-05:00,PUR_IED_ManuelitaS_Exteri_656a92,PUR_IED_ManuelitaS_Exteri_656a92,,,,,
2026-09-12T08:21:08-05:00,PUR_IED_ManuelitaS_JuzgDe_f58ec3,PUR_IED_ManuelitaS_JuzgDe_f58ec3,,,,,
2026-09-12T08:21:08-05:00,PUR_IED_ManuelitaS_Recrea_d793db,PUR_IED_ManuelitaS_Recrea_d793db,,,,,
2026-09-12T08:21:08-05:00,PUR_IED_MarFidSuarez_Ext_c27b19,PUR_IED_MarFidSuarez_Ext_c27b19,,,,,
2026-09-12T08:21:08-05:00,PUR_IED_MarFidSuarez_Info_e384d7,PUR_IED_MarFidSuarez_Info_e384d7,,,,,
2026-09-12T08:21:08-05:00,PUR_IED_MarFidSuarez_S306_1d0032,PUR_IED_MarFidSuarez_S306_1d0032,,,,,
2026-09-12T08:21:08-05:00,PUR_IED_Menorah_301_2a25a3,PUR_IED_Menorah_301_2a25a3,,,,,
2026-09-12T08:21:08-05:00,PUR_IED_Menorah_306_37ed3,PUR_IED_Menorah_306_37ed3,,,,,
2026-09-12T08:21:08-05:00,PUR_IED_Menorah_Ext_3e155b,PUR_IED_Menorah_Ext_3e155b,,,,,
2026-09-12T08:21:08-05:00,PUR_IED_MinutoB.Aires_A11_1b1604,PUR_IED_MinutoB.Aires_A11_1b1604,,,,,
2026-09-12T08:21:08-05:00,PUR_IED_MinutoB.Aires_A12_fb5860,PUR_IED_MinutoB.Aires_A12_fb5860,,,,,
2026-09-12T08:21:08-05:00,PUR_IED_MinutoB.Aires_Ext_81293f,PUR_IED_MinutoB.Aires_Ext_81293f,,,,,
2026-09-12T08:21:08-05:00,PUR_IED_MinutoBAires_A11_1b1604,PUR_IED_MinutoBAires_A11_1b1604,,,,,
2026-09-12T08:21:08-05:00,PUR_IED_MinutoBAires_A12_fb5860,PUR_IED_MinutoBAires_A12_fb5860,,,,,
2026-09-12T08:21:08-05:00,PUR_IED_MinutoBAires_Ext_81293f,PUR_IED_MinutoBAires_Ext_81293f,,,,,
2026-09-12T08:21:08-05:00,PUR_IED_Montreal_Aula10_1e4959,PUR_IED_Montreal_Aula10_1e4959,,,,,
2026-09-12T08:21:08-05:00,PUR_IED_Montreal_Aula6_300367,PUR_IED_Montreal_Aula6_300367,,,,,
2026-09-12T08:21:08-05:00,PUR_IED_Montreal_Exterior_91a179,PUR_IED_Montreal_Exterior_91a179,,,,,
2026-09-12T08:21:08-05:00,PUR_IED_Mqgdalena_B202_5ddda3,PUR_IED_Mqgdalena_B202_5ddda3,,,,,
2026-09-12T08:21:08-05:00,PUR_IED_NACUND_Soc_dc8728,PUR_IED_NACUND_Soc_dc8728,,,,,
2026-09-12T08:21:08-05:00,PUR_IED_NACUND_ext_27ad97,PUR_IED_NACUND_ext_27ad97,,,,,
2026-09-12T08:21:08-05:00,PUR_IED_NEsperanza_Ext_d24b61,PUR_IED_NEsperanza_Ext_d24b61,,,,,
2026-09-12T08:21:08-05:00,PUR_IED_NEsperanza_SElect_7d1807,PUR_IED_NEsperanza_SElect_7d1807,,,,,
2026-09-12T08:21:08-05:00,PUR_IED_NEsperanza_SLabor_8b2d0a,PUR_IED_NEsperanza_SLabor_8b2d0a,,,,,
2026-09-12T08:21:08-05:00,PUR_IED_NacionesU_Ext_f661a9,PUR_IED_NacionesU_Ext_f661a9,,,,,
2026-09-12T08:21:08-05:00,PUR_IED_NacionesU_Quimica_66f0a,PUR_IED_NacionesU_Quimica_66f0a,,,,,
2026-09-12T08:21:08-05:00,PUR_IED_NacionesU_S306_1b4b3d,PUR_IED_NacionesU_S306_1b4b3d,,,,,
2026-09-12T08:21:08-05:00,PUR_IED_NestorFA_Ext_e4201c,PUR_IED_NestorFA_Ext_e4201c,,,,,
2026-09-12T08:21:08-05:00,PUR_IED_NestorFA_Laborato_f22fe0,PUR_IED_NestorFA_Laborato_f22fe0,,,,,
2026-09-12T08:21:08-05:00,PUR_IED_NestorFA_S204_dee996,PUR_IED_NestorFA_S204_dee996,,,,,
2026-09-12T08:21:08-05:00,PUR_IED_NidyaQT_Aula03_76999b,PUR_IED_NidyaQT_Aula03_76999b,,,,,
2026-09-12T08:21:08-05:00,PUR_IED_NidyaQT_Aula10_56325,PUR_IED_NidyaQT_Aula10_56325,,,,,
2026-09-12T08:21:08-05:00,PUR_IED_NidyaQT_Ext_46e32d,PUR_IED_NidyaQT_Ext_46e32d,,,,,
2026-09-12T08:21:08-05:00,PUR_IED_NuevaCol_Exterior_d9b859,PUR_IED_NuevaCol_Exterior_d9b859,,,,,
2026-09-12T08:21:08-05:00,PUR_IED_NuevaCol_S1101_76c43b,PUR_IED_NuevaCol_S1101_76c43b,,,,,
2026-09-12T08:21:08-05:00,PUR_IED_NuevaCol_S1102_1ce0b5,PUR_IED_NuevaCol_S1102_1ce0b5,,,,,
2026-09-12T08:21:08-05:00,PUR_IED_OEA_A202_f7e3f2,PUR_IED_OEA_A202_f7e3f2,,,,,
2026-09-12T08:21:08-05:00,PUR_IED_OEA_A203_7d1b8d,PUR_IED_OEA_A203_7d1b8d,,,,,
2026-09-12T08:21:08-05:00,PUR_IED_OEA_Ext_27b593,PUR_IED_OEA_Ext_27b593,,,,,
2026-09-12T08:21:08-05:00,PUR_IED_Ochoa_Ext_1c29da,PUR_IED_Ochoa_Ext_1c29da,5,15,97,4.503,-74.107201
2026-09-12T08:21:08-05:00,PUR_IED_Ochoa_S205_8b1121,PUR_IED_Ochoa_S205_8b1121,,,,,
2026-09-12T08:21:08-05:00,PUR_IED_Ochoa_Sistemas_f33af6,PUR_IED_Ochoa_Sistemas_f33af6,,,,,
2026-09-12T08:21:08-05:00,PUR_IED_PQuebec_Ext_1c67c7,PUR_IED_PQuebec_Ext_1c67c7,,,,,
2026-09-12T08:21:08-05:00,PUR_IED_PQuebec_S15_23e8e2,PUR_IED_PQuebec_S15_23e8e2,,,,,
2026-09-12T08:21:08-05:00,PUR_IED_PQuebec_S16_8ec76b,PUR_IED_PQuebec_S16_8ec76b,,,,,
2026-09-12T08:21:08-05:00,PUR_IED_PabloN_Ext_49dc96,PUR_IED_PabloN_Ext_49dc96,,,,,
2026-09-12T08:21:08-05:00,PUR_IED_PabloN_S1102_4e3df5,PUR_IED_PabloN_S1102_4e3df5,,,,,
2026-09-12T08:21:08-05:00,PUR_IED_PabloN_S1103_50c94b,PUR_IED_PabloN_S1103_50c94b,,,,,
2026-09-12T08:21:08-05:00,PUR_IED_Palestina_S1101_db9198,PUR_IED_Palestina_S1101_db9198,,,,,
2026-09-12T08:21:08-05:00,PUR_IED_Palestina_S1102_dc54fa,PUR_IED_Palestina_S1102_dc54fa,,,,,
2026-09-12T08:21:08-05:00,PUR_IED_Palestina_ext_4ccce6,PUR_IED_Palestina_ext_4ccce6,,,,,
2026-09-12T08:21:08-05:00,PUR_IED_Panama_Fisica_4d0794,PUR_IED_Panama_Fisica_4d0794,,,,,
2026-09-12T08:21:08-05:00,PUR_IED_Panama_SIngles_a4077e,PUR_IED_Panama_SIngles_a4077e,,,,,
2026-09-12T08:21:08-05:00,PUR_IED_Panama_ext_4c54b4,PUR_IED_Panama_ext_4c54b4,,,,,
2026-09-12T08:21:08-05:00,PUR_IED_ParaisoM_Exterior_8cd7f0,PUR_IED_ParaisoM_Exterior_8cd7f0,,,,,
2026-09-12T08:21:08-05:00,PUR_IED_ParaisoM_Laborato_27af35,PUR_IED_ParaisoM_Laborato_27af35,,,,,
2026-09-12T08:21:08-05:00,PUR_IED_ParaisoM_S304_d1edca,PUR_IED_ParaisoM_S304_d1edca,,,,,
2026-09-12T08:21:08-05:00,PUR_IED_PorfirioBarba_Ext_301466,PUR_IED_PorfirioBarba_Ext_301466,,,,,
2026-09-12T08:21:08-05:00,PUR_IED_PorfirioBarba_S11_df6cd2,PUR_IED_PorfirioBarba_S11_df6cd2,,,,,
2026-09-12T08:21:08-05:00,PUR_IED_PorfirioBarba_S29_27a7d6,PUR_IED_PorfirioBarba_S29_27a7d6,,,,,
2026-09-12T08:21:08-05:00,PUR_IED_PradoV_Exter_8b27ad,PUR_IED_PradoV_Exter_8b27ad,,,,,
2026-09-12T08:21:08-05:00,PUR_IED_PradoV_S301_de65b5,PUR_IED_PradoV_S301_de65b5,,,,,
2026-09-12T08:21:08-05:00,PUR_IED_PradoV_S302_7d2593,PUR_IED_PradoV_S302_7d2593,,,,,
2026-09-12T08:21:08-05:00,PUR_IED_QuirogaAlz_Ext_1ddc82,PUR_IED_QuirogaAlz_Ext_1ddc82,,,,,
2026-09-12T08:21:08-05:00,PUR_IED_QuirogaAlz_S302_9926a3,PUR_IED_QuirogaAlz_S302_9926a3,,,,,
2026-09-12T08:21:08-05:00,PUR_IED_QuirogaAlz_S305_cdf1f1,PUR_IED_QuirogaAlz_S305_cdf1f1,,,,,
2026-09-12T08:21:08-05:00,PUR_IED_RGuatemala_Biling_dc53b7,PUR_IED_RGuatemala_Biling_dc53b7,,,,,
2026-09-12T08:21:08-05:00,PUR_IED_RGuatemala_Ext_1b89a3,PUR_IED_RGuatemala_Ext_1b89a3,,,,,
2026-09-12T08:21:08-05:00,PUR_IED_RGuatemala_Tecnol_281a34,PUR_IED_RGuatemala_Tecnol_281a34,,,,,
2026-09-12T08:21:08-05:00,PUR_IED_RafaNu_Ext_f7c302,PUR_IED_RafaNu_Ext_f7c302,,,,,
2026-09-12T08:21:08-05:00,PUR_IED_RafaNu_S1101_25fde,PUR_IED_RafaNu_S1101_25fde,,,,,
2026-09-12T08:21:08-05:00,PUR_IED_RafaNu_S1102_281517,PUR_IED_RafaNu_S1102_281517,,,,,
2026-09-12T08:21:08-05:00,PUR_IED_RafaelB_S305_ee2783,PUR_IED_RafaelB_S305_ee2783,,,,,
2026-09-12T08:21:08-05:00,PUR_IED_RafaelB_S306_75fe33,PUR_IED_RafaelB_S306_75fe33,,,,,
2026-09-12T08:21:08-05:00,PUR_IED_RafaelB_ext_283336,PUR_IED_RafaelB_ext_283336,4,19,60,4.6722,-74.0737
2026-09-12T08:21:08-05:00,PUR_IED_RafaelUU_Exterior_281a51,PUR_IED_RafaelUU_Exterior_281a51,,,,,
2026-09-12T08:21:08-05:00,PUR_IED_RafaelUU_Human_806b2,PUR_IED_RafaelUU_Human_806b2,,,,,
2026-09-12T08:21:08-05:00,PUR_IED_RafaelUU_Mate2_5680d4,PUR_IED_RafaelUU_Mate2_5680d4,,,,,
2026-09-12T08:21:08-05:00,PUR_IED_RamonSub_Ext_f9eeb9,PUR_IED_RamonSub_Ext_f9eeb9,,,,,
2026-09-12T08:21:08-05:00,PUR_IED_RamonSub_Media_d1f62f,PUR_IED_RamonSub_Media_d1f62f,,,,,
2026-09-12T08:21:08-05:00,PUR_IED_RamonSub_planta_51b82,PUR_IED_RamonSub_planta_51b82,,,,,
2026-09-12T08:21:08-05:00,PUR_IED_RepBoliVene_Exter_27af7c,PUR_IED_RepBoliVene_Exter_27af7c,,,,,
2026-09-12T08:21:08-05:00,PUR_IED_RepBoliVene_SCPT_5ae2ee,PUR_IED_RepBoliVene_SCPT_5ae2ee,,,,,
2026-09-12T08:21:08-05:00,PUR_IED_RepBoliVene_Socia_4b11d5,PUR_IED_RepBoliVene_Socia_4b11d5,,,,,
2026-09-12T08:21:08-05:00,PUR_IED_RepChina_Ext_76d9ee,PUR_IED_RepChina_Ext_76d9ee,,,,,
2026-09-12T08:21:08-05:00,PUR_IED_RepChina_S404_7c804c,PUR_IED_RepChina_S404_7c804c,,,,,
2026-09-12T08:21:08-05:00,PUR_IED_RepChina_S405_df2c33,PUR_IED_RepChina_S405_df2c33,,,,,
2026-09-12T08:21:08-05:00,PUR_IED_RepublicaC_Exteri_7d1ec9,PUR_IED_RepublicaC_Exteri_7d1ec9,,,,,
2026-09-12T08:21:08-05:00,PUR_IED_RepublicaC_S1101_f544b3,PUR_IED_RepublicaC_S1101_f544b3,,,,,
2026-09-12T08:21:08-05:00,PUR_IED_RepublicaC_S1102_7aafc7,PUR_IED_RepublicaC_S1102_7aafc7,,,,,
2026-09-12T08:21:08-05:00,PUR_IED_Ricaurte_Externo_a0ea1,PUR_IED_Ricaurte_Externo_a0ea1,,,,,
2026-09-12T08:21:08-05:00,PUR_IED_Ricaurte_S210_f546fd,PUR_IED_Ricaurte_S210_f546fd,,,,,
2026-09-12T08:21:08-05:00,PUR_IED_Ricaurte_S309_d4452,PUR_IED_Ricaurte_S309_d4452,,,,,
2026-09-12T08:21:08-05:00,PUR_IED_RogelioS_1102_531e69,PUR_IED_RogelioS_1102_531e69,,,,,
2026-09-12T08:21:08-05:00,PUR_IED_RogelioS_Ext_f25a18,PUR_IED_RogelioS_Ext_f25a18,,,,,
2026-09-12T08:21:08-05:00,PUR_IED_SBernardino_Ext_27aff8,PUR_IED_SBernardino_Ext_27aff8,,,,,
2026-09-12T08:21:08-05:00,PUR_IED_SBernardino_SArte_2ffd33,PUR_IED_SBernardino_SArte_2ffd33,,,,,
2026-09-12T08:21:08-05:00,PUR_IED_SBernardino_SIngl_7c7da5,PUR_IED_SBernardino_SIngl_7c7da5,,,,,
2026-09-12T08:21:08-05:00,PUR_IED_Sago_auditorio_dc9d1d,PUR_IED_Sago_auditorio_dc9d1d,,,,,
2026-09-12T08:21:08-05:00,PUR_IED_Saludcoop_Ext_95aac3,PUR_IED_Saludcoop_Ext_95aac3,,,,,
2026-09-12T08:21:08-05:00,PUR_IED_Saludcoop_InfI_90c854,PUR_IED_Saludcoop_InfI_90c854,,,,,
2026-09-12T08:21:08-05:00,PUR_IED_Saludcoop_SMedia_1b93be,PUR_IED_Saludcoop_SMedia_1b93be,,,,,
2026-09-12T08:21:08-05:00,PUR_IED_SanCarlos_1101_1a2360,PUR_IED_SanCarlos_1101_1a2360,,,,,
2026-09-12T08:21:08-05:00,PUR_IED_SanCarlos_1103_7bafb5,PUR_IED_SanCarlos_1103_7bafb5,,,,,
2026-09-12T08:21:08-05:00,PUR_IED_SanCarlos_Ext_b7cd1,PUR_IED_SanCarlos_Ext_b7cd1,,,,,
2026-09-12T08:21:08-05:00,PUR_IED_SanIgnacioBosa11a_50c26e,PUR_IED_SanIgnacioBosa11a_50c26e,,,,,
2026-09-12T08:21:08-05:00,PUR_IED_SanIgnacioBosa11b_371de8,PUR_IED_SanIgnacioBosa11b_371de8,,,,,
2026-09-12T08:21:08-05:00,PUR_IED_SanIgnacioBosaExt_ef0ffc,PUR_IED_SanIgnacioBosaExt_ef0ffc,,,,,
2026-09-12T08:21:08-05:00,PUR_IED_SanIgnacioBosa_11a_50c26e,PUR_IED_SanIgnacioBosa_11a_50c26e,,,,,
2026-09-12T08:21:08-05:00,PUR_IED_SanIgnacioBosa_Ext_ef0ffc,PUR_IED_SanIgnacioBosa_Ext_ef0ffc,,,,,
2026-09-12T08:21:08-05:00,PUR_IED_SanJoseN_intS1101_31c47f,PUR_IED_SanJoseN_intS1101_31c47f,,,,,
2026-09-12T08:21:08-05:00,PUR_IED_SanJoseUsm_Exter_f5d7e8,PUR_IED_SanJoseUsm_Exter_f5d7e8,,,,,
2026-09-12T08:21:08-05:00,PUR_IED_SanJoseUsm_Int11A_cfdef6,PUR_IED_SanJoseUsm_Int11A_cfdef6,,,,,
2026-09-12T08:21:08-05:00,PUR_IED_SilveriaR_IntB5_905349,PUR_IED_SilveriaR_IntB5_905349,,,,,
2026-09-12T08:21:08-05:00,PUR_IED_SilveriaR_IntSD14_981f93,PUR_IED_SilveriaR_IntSD14_981f93,,,,,
2026-09-12T08:21:08-05:00,PUR_IED_SilveriaR_ext_2b651d,PUR_IED_SilveriaR_ext_2b651d,,,,,
2026-09-12T08:21:08-05:00,PUR_IED_SimonB_Exterior_913975,PUR_IED_SimonB_Exterior_913975,,,,,
2026-09-12T08:21:08-05:00,PUR_IED_SimonB_LabQuimi_c56908,PUR_IED_SimonB_LabQuimi_c56908,,,,,
2026-09-12T08:21:08-05:00,PUR_IED_SimonB_informatic_a28c1,PUR_IED_SimonB_informatic_a28c1,,,,,
2026-09-12T08:21:08-05:00,PUR_IED_Sorrento_1102_315f50,PUR_IED_Sorrento_1102_315f50,,,,,
2026-09-12T08:21:08-05:00,PUR_IED_Sorrento_Minte_214eab,PUR_IED_Sorrento_Minte_214eab,,,,,
2026-09-12T08:21:08-05:00,PUR_IED_Sorrento_ext_7c3a0a,PUR_IED_Sorrento_ext_7c3a0a,,,,,
2026-09-12T08:21:08-05:00,PUR_IED_Tabora_Ext_f048ae,PUR_IED_Tabora_Ext_f048ae,,,,,
2026-09-12T08:21:08-05:00,PUR_IED_Tabora_S1102_b07752,PUR_IED_Tabora_S1102_b07752,,,,,
2026-09-12T08:21:08-05:00,PUR_IED_Tabora_S1103_d988f5,PUR_IED_Tabora_S1103_d988f5,,,,,
2026-09-12T08:21:08-05:00,PUR_IED_Tenerife_Ext_1ab188,PUR_IED_Tenerife_Ext_1ab188,,,,,
2026-09-12T08:21:08-05:00,PUR_IED_Tenerife_SDanzas_7bc02e,PUR_IED_Tenerife_SDanzas_7bc02e,,,,,
2026-09-12T08:21:08-05:00,PUR_IED_Tenerife_SIngles_7cc277,PUR_IED_Tenerife_SIngles_7cc277,,,,,
2026-09-12T08:21:08-05:00,PUR_IED_Tibabuyes_Exter_f2683d,PUR_IED_Tibabuyes_Exter_f2683d,,,,,
2026-09-12T08:21:08-05:00,PUR_IED_Tibabuyes_S10_dc87a8,PUR_IED_Tibabuyes_S10_dc87a8,,,,,
2026-09-12T08:21:08-05:00,PUR_IED_Tibabuyes_S15_dc0526,PUR_IED_Tibabuyes_S15_dc0526,,,,,
2026-09-12T08:21:08-05:00,PUR_IED_UnionE_S301_a1043,PUR_IED_UnionE_S301_a1043,,,,,
2026-09-12T08:21:08-05:00,PUR_IED_UnionE_S307_ff6c2f,PUR_IED_UnionE_S307_ff6c2f,,,,,
2026-09-12T08:21:08-05:00,PUR_IED_UnionE__Ext_5e2468,PUR_IED_UnionE__Ext_5e2468,,,,,
2026-09-12T08:21:08-05:00,PUR_IED_VillaRica_Ext_75be7c,PUR_IED_VillaRica_Ext_75be7c,,,,,
2026-09-12T08:21:08-05:00,PUR_IED_VillaRica_S4_cc5dcd,PUR_IED_VillaRica_S4_cc5dcd,,,,,
2026-09-12T08:21:08-05:00,PUR_IED_VillaRica_Sesp_99f5c,PUR_IED_VillaRica_Sesp_99f5c,,,,,
2026-09-12T08:26:05-05:00,PUR_IED_20deJulio_1101_91b1b9,PUR_IED_20deJulio_1101_91b1b9,,,,,
2026-09-12T08:26:05-05:00,PUR_IED_20deJulio_1102_1cfcf9,PUR_IED_20deJulio_1102_1cfcf9,,,,,
2026-09-12T08:26:05-05:00,PUR_IED_20deJulio_Ext_ab60bd,PUR_IED_20deJulio_Ext_ab60bd,,,,,
2026-09-12T08:26:05-05:00,PUR_IED_AgustinFer_Ext_7b9b77,PUR_IED_AgustinFer_Ext_7b9b77,,,,,
2026-09-12T08:26:05-05:00,PUR_IED_AgustinFer_Info2_27b3a7,PUR_IED_AgustinFer_Info2_27b3a7,,,,,
2026-09-12T08:26:05-05:00,PUR_IED_AgustinFer_Sena_54b4eb,PUR_IED_AgustinFer_Sena_54b4eb,,,,,
2026-09-12T08:26:05-05:00,PUR_IED_AlexanderF_1102_caf07b,PUR_IED_AlexanderF_1102_caf07b,,,,,
2026-09-12T08:26:05-05:00,PUR_IED_AlexanderF_1103_c79e71,PUR_IED_AlexanderF_1103_c79e71,,,,,
2026-09-12T08:26:05-05:00,PUR_IED_AlexanderF_Ext_c5b18b,PUR_IED_AlexanderF_Ext_c5b18b,,,,,
2026-09-12T08:26:05-05:00,PUR_IED_AlfonsoLopez_Ext_281d77,PUR_IED_AlfonsoLopez_Ext_281d77,,,,,
2026-09-12T08:26:05-05:00,PUR_IED_AlfonsoLopez_LabF_888ce0,PUR_IED_AlfonsoLopez_LabF_888ce0,,,,,
2026-09-12T08:26:05-05:00,PUR_IED_AlfonsoLopez_SMed_df6a7f,PUR_IED_AlfonsoLopez_SMed_df6a7f,,,,,
2026-09-12T08:26:05-05:00,PUR_IED_AltamiraSO_A2_209f92,PUR_IED_AltamiraSO_A2_209f92,,,,,
2026-09-12T08:26:05-05:00,PUR_IED_AltamiraSO_Ext_186d66,PUR_IED_AltamiraSO_Ext_186d66,,,,,
2026-09-12T08:26:05-05:00,PUR_IED_AltamiraSO_Sistem_27afe1,PUR_IED_AltamiraSO_Sistem_27afe1,,,,,
2026-09-12T08:26:05-05:00,PUR_IED_AlvaroGom_LabQuim_813179,PUR_IED_AlvaroGom_LabQuim_813179,,,,,
2026-09-12T08:26:05-05:00,PUR_IED_AlvaroGomez_Ext_47c7ca,PUR_IED_AlvaroGomez_Ext_47c7ca,,,,,
2026-09-12T08:26:05-05:00,PUR_IED_AlvaroGomez_LabQuim_813179,PUR_IED_AlvaroGomez_LabQuim_813179,,,,,
2026-09-12T08:26:05-05:00,PUR_IED_AlvaroGomez_S23_7ba89f,PUR_IED_AlvaroGomez_S23_7ba89f,,,,,
2026-09-12T08:26:05-05:00,PUR_IED_Amistad_306_dc8728,PUR_IED_Amistad_306_dc8728,,,,,
2026-09-12T08:26:05-05:00,PUR_IED_Amistad_Ext_8cd55e,PUR_IED_Amistad_Ext_8cd55e,,,,,
2026-09-12T08:26:05-05:00,PUR_IED_Amistad_S202_a41169,PUR_IED_Amistad_S202_a41169,,,,,
2026-09-12T08:26:05-05:00,PUR_IED_AndresBello_Bio_fd5f5e,PUR_IED_AndresBello_Bio_fd5f5e,,,,,
2026-09-12T08:26:05-05:00,PUR_IED_AndresBello_ext_dcad65,PUR_IED_AndresBello_ext_dcad65,,,,,
2026-09-12T08:26:05-05:00,PUR_IED_AndresBello_port_eed3ec,PUR_IED_AndresBello_port_eed3ec,,,,,
2026-09-12T08:26:05-05:00,PUR_IED_AngelaR_11b_d90a6b,PUR_IED_AngelaR_11b_d90a6b,,,,,
2026-09-12T08:26:05-05:00,PUR_IED_AngelaR_ext_7cad3e,PUR_IED_AngelaR_ext_7cad3e,4,18,67,4.5825,-74.164497
2026-09-12T08:26:05-05:00,PUR_IED_AntJoseSucre_10mo_df2575,PUR_IED_AntJoseSucre_10mo_df2575,,,,,
2026-09-12T08:26:05-05:00,PUR_IED_AntJoseSucre_Ext_215b36,PUR_IED_AntJoseSucre_Ext_215b36,,,,,
2026-09-12T08:26:05-05:00,PUR_IED_AntJoseSucre_Lab_3139de,PUR_IED_AntJoseSucre_Lab_3139de,,,,,
2026-09-12T08:26:05-05:00,PUR_IED_AntonioGarcia_301_d6b188,PUR_IED_AntonioGarcia_301_d6b188,,,,,
2026-09-12T08:26:05-05:00,PUR_IED_AntonioGarcia_302_88a82,PUR_IED_AntonioGarcia_302_88a82,,,,,
2026-09-12T08:26:05-05:00,PUR_IED_AntonioGarcia_Ext_20950c,PUR_IED_AntonioGarcia_Ext_20950c,,,,,
2026-09-12T08:26:05-05:00,PUR_IED_AntonioVan_Aula2_6dea02,PUR_IED_AntonioVan_Aula2_6dea02,,,,,
2026-09-12T08:26:05-05:00,PUR_IED_AntonioVan_Aula5_f1557e,PUR_IED_AntonioVan_Aula5_f1557e,,,,,
2026-09-12T08:26:05-05:00,PUR_IED_AntonioVan_Ext_406f2f,PUR_IED_AntonioVan_Ext_406f2f,,,,,
2026-09-12T08:26:05-05:00,PUR_IED_Atabanzha_Ext_cc5af9,PUR_IED_Atabanzha_Ext_cc5af9,,,,,
2026-09-12T08:26:05-05:00,PUR_IED_Atabanzha_SA101_56c37,PUR_IED_Atabanzha_SA101_56c37,,,,,
2026-09-12T08:26:05-05:00,PUR_IED_Atabanzha_SB302_27b374,PUR_IED_Atabanzha_SB302_27b374,,,,,
2026-09-12T08:26:05-05:00,PUR_IED_Atahualpa_Ext_fc1748,PUR_IED_Atahualpa_Ext_fc1748,,,,,
2026-09-12T08:26:05-05:00,PUR_IED_Atahualpa_Informa_dc9a95,PUR_IED_Atahualpa_Informa_dc9a95,,,,,
2026-09-12T08:26:05-05:00,PUR_IED_Atahualpa_S1101_f98056,PUR_IED_Atahualpa_S1101_f98056,,,,,
2026-09-12T08:26:05-05:00,PUR_IED_Bellavista_Ext_f5aa74,PUR_IED_Bellavista_Ext_f5aa74,,,,,
2026-09-12T08:26:05-05:00,PUR_IED_Bilbao_11A_916c41,PUR_IED_Bilbao_11A_916c41,,,,,
2026-09-12T08:26:05-05:00,PUR_IED_Bilbao_Ext_fb579a,PUR_IED_Bilbao_Ext_fb579a,,,,,
2026-09-12T08:26:05-05:00,PUR_IED_BrasiliaU_A125_304280,PUR_IED_BrasiliaU_A125_304280,,,,,
2026-09-12T08:26:05-05:00,PUR_IED_BrasiliaU_A203_7c8ca5,PUR_IED_BrasiliaU_A203_7c8ca5,,,,,
2026-09-12T08:26:05-05:00,PUR_IED_BrasiliaU_Ext_8d6e9f,PUR_IED_BrasiliaU_Ext_8d6e9f,6,17,68,4.5175,-74.116302
2026-09-12T08:26:05-05:00,PUR_IED_Brasilia_Ext_fe6593,PUR_IED_Brasilia_Ext_fe6593,,,,,
2026-09-12T08:26:05-05:00,PUR_IED_Brasilia_S24_7c130d,PUR_IED_Brasilia_S24_7c130d,,,,,
2026-09-12T08:26:05-05:00,PUR_IED_Brasilia_S501_186a54,PUR_IED_Brasilia_S501_186a54,,,,,
2026-09-12T08:26:05-05:00,PUR_IED_CHARRY_EXT_f1d5cd,PUR_IED_CHARRY_EXT_f1d5cd,,,,,
2026-09-12T08:26:05-05:00,PUR_IED_CHARRY_INTDANZAS_7a08e6,PUR_IED_CHARRY_INTDANZAS_7a08e6,,,,,
2026-09-12T08:26:05-05:00,PUR_IED_CHARRY_INT_AULA20_dc998d,PUR_IED_CHARRY_INT_AULA20_dc998d,,,,,
2026-09-12T08:26:05-05:00,PUR_IED_COLVIV_1101_S25_7f520a,PUR_IED_COLVIV_1101_S25_7f520a,,,,,
2026-09-12T08:26:05-05:00,PUR_IED_COLVIV_1102_S16_f570ba,PUR_IED_COLVIV_1102_S16_f570ba,,,,,
2026-09-12T08:26:05-05:00,PUR_IED_COLVIV_Ext_1a26fa,PUR_IED_COLVIV_Ext_1a26fa,,,,,
2026-09-12T08:26:05-05:00,PUR_IED_CULPOP_301A_f660f3,PUR_IED_CULPOP_301A_f660f3,,,,,
2026-09-12T08:26:05-05:00,PUR_IED_CULPOP_303_568afe,PUR_IED_CULPOP_303_568afe,,,,,
2026-09-12T08:26:05-05:00,PUR_IED_CULPOP_Ext_e02ccb,PUR_IED_CULPOP_Ext_e02ccb,,,,,
2026-09-12T08:26:05-05:00,PUR_IED_CVillavicen_Ext_26eb58,PUR_IED_CVillavicen_Ext_26eb58,6,15,82,4.487,-74.102798
2026-09-12T08:26:05-05:00,PUR_IED_CVillavicen_Intel_1ce5c2,PUR_IED_CVillavicen_Intel_1ce5c2,,,,,
2026-09-12T08:26:05-05:00,PUR_IED_CVillavicen_Poliv_e0766c,PUR_IED_CVillavicen_Poliv_e0766c,,,,,
2026-09-12T08:26:05-05:00,PUR_IED_CVillavicen_int_1ba140,PUR_IED_CVillavicen_int_1ba140,,,,,
2026-09-12T08:26:05-05:00,PUR_IED_CVillavicen_intel_1ba140,PUR_IED_CVillavicen_intel_1ba140,,,,,
2026-09-12T08:26:05-05:00,PUR_IED_CarlosPizarro_Ext_e307cc,PUR_IED_CarlosPizarro_Ext_e307cc,,,,,
2026-09-12T08:26:05-05:00,PUR_IED_CarlosPizarro_L36_7e5cdb,PUR_IED_CarlosPizarro_L36_7e5cdb,,,,,
2026-09-12T08:26:05-05:00,PUR_IED_CarlosPizarro_L37_c8566c,PUR_IED_CarlosPizarro_L37_c8566c,,,,,
2026-09-12T08:26:05-05:00,PUR_IED_Castilla_Ext_cf35f,PUR_IED_Castilla_Ext_cf35f,,,,,
2026-09-12T08:26:05-05:00,PUR_IED_Castilla_SFisik_360e38,PUR_IED_Castilla_SFisik_360e38,,,,,
2026-09-12T08:26:05-05:00,PUR_IED_Castilla_Sc304_496fbf,PUR_IED_Castilla_Sc304_496fbf,,,,,
2026-09-12T08:26:05-05:00,PUR_IED_CervantesSa_Ext_6b57b,PUR_IED_CervantesSa_Ext_6b57b,4,17,74,4.5128,-74.117203
2026-09-12T08:26:05-05:00,PUR_IED_CervantesSa_S107_225c2b,PUR_IED_CervantesSa_S107_225c2b,,,,,
2026-09-12T08:26:05-05:00,PUR_IED_CervantesSa_S108_940925,PUR_IED_CervantesSa_S108_940925,,,,,
2026-09-12T08:26:05-05:00,PUR_IED_Charry_A20_f53e7c,PUR_IED_Charry_A20_f53e7c,,,,,
2026-09-12T08:26:05-05:00,PUR_IED_Charry_Ext_f1d5cd,PUR_IED_Charry_Ext_f1d5cd,,,,,
2026-09-12T08:26:05-05:00,PUR_IED_Charry_IntAula20_dc998d,PUR_IED_Charry_IntAula20_dc998d,,,,,
2026-09-12T08:26:05-05:00,PUR_IED_Charry_IntDanzas_7a08e6,PUR_IED_Charry_IntDanzas_7a08e6,,,,,
2026-09-12T08:26:05-05:00,PUR_IED_ClememciaC_203_43e2fc,PUR_IED_ClememciaC_203_43e2fc,,,,,
2026-09-12T08:26:05-05:00,PUR_IED_ClememciaC_Ext_1b411a,PUR_IED_ClememciaC_Ext_1b411a,,,,,
2026-09-12T08:26:05-05:00,PUR_IED_ClememciaC_Quimic_44b5fc,PUR_IED_ClememciaC_Quimic_44b5fc,,,,,
2026-09-12T08:26:05-05:00,PUR_IED_ClemenciaC_203_43e2fc,PUR_IED_ClemenciaC_203_43e2fc,,,,,
2026-09-12T08:26:05-05:00,PUR_IED_ClemenciaC_Ext_1b411a,PUR_IED_ClemenciaC_Ext_1b411a,,,,,
2026-09-12T08:26:05-05:00,PUR_IED_ClemenciaC_Quimic_44b5fc,PUR_IED_ClemenciaC_Quimic_44b5fc,,,,,
2026-09-12T08:26:05-05:00,PUR_IED_ColViva_1101_S25_7f520a,PUR_IED_ColViva_1101_S25_7f520a,,,,,
2026-09-12T08:26:05-05:00,PUR_IED_ColViva_1102_S16_f570ba,PUR_IED_ColViva_1102_S16_f570ba,,,,,
2026-09-12T08:26:05-05:00,PUR_IED_ColViva_Ext_1a26fa,PUR_IED_ColViva_Ext_1a26fa,,,,,
2026-09-12T08:26:05-05:00,PUR_IED_ColegioBici_Asist_7c8798,PUR_IED_ColegioBici_Asist_7c8798,,,,,
2026-09-12T08:26:05-05:00,PUR_IED_ColegioBici_Ext_25cbf6,PUR_IED_ColegioBici_Ext_25cbf6,,,,,
2026-09-12T08:26:05-05:00,PUR_IED_ColegioBici_LabQ_7b57db,PUR_IED_ColegioBici_LabQ_7b57db,,,,,
2026-09-12T08:26:05-05:00,PUR_IED_CostaRica_Ext_5e640,PUR_IED_CostaRica_Ext_5e640,,,,,
2026-09-12T08:26:05-05:00,PUR_IED_CostaRica_Quim1_766d1c,PUR_IED_CostaRica_Quim1_766d1c,,,,,
2026-09-12T08:26:05-05:00,PUR_IED_CostaRica__Fisica_6f0873,PUR_IED_CostaRica__Fisica_6f0873,,,,,
2026-09-12T08:26:05-05:00,PUR_IED_CulPopu_301A_f660f3,PUR_IED_CulPopu_301A_f660f3,,,,,
2026-09-12T08:26:05-05:00,PUR_IED_CulPopu_303_568afe,PUR_IED_CulPopu_303_568afe,,,,,
2026-09-12T08:26:05-05:00,PUR_IED_CulPopu_Ext_e02ccb,PUR_IED_CulPopu_Ext_e02ccb,,,,,
2026-09-12T08:26:05-05:00,PUR_IED_Cundinamarca_Ext_f15985,PUR_IED_Cundinamarca_Ext_f15985,,,,,
2026-09-12T08:26:05-05:00,PUR_IED_Cundinamarca_Info_7aa5d7,PUR_IED_Cundinamarca_Info_7aa5d7,,,,,
2026-09-12T08:26:05-05:00,PUR_IED_Cundinamarca_Tec2_f449c7,PUR_IED_Cundinamarca_Tec2_f449c7,,,,,
2026-09-12T08:26:05-05:00,PUR_IED_DiegoM_Aula1_27b314,PUR_IED_DiegoM_Aula1_27b314,,,,,
2026-09-12T08:26:05-05:00,PUR_IED_DiegoM_Ext_d80ac8,PUR_IED_DiegoM_Ext_d80ac8,,,,,
2026-09-12T08:26:05-05:00,PUR_IED_DiegoM_S25_da928f,PUR_IED_DiegoM_S25_da928f,,,,,
2026-09-12T08:26:05-05:00,PUR_IED_ELRODEO_360881,PUR_IED_ELRODEO_360881,,,,,
2026-09-12T08:26:05-05:00,PUR_IED_ELRODEO_ext_360881,PUR_IED_ELRODEO_ext_360881,,,,,
2026-09-12T08:26:05-05:00,PUR_IED_EduardoU_Ext_1c1969,PUR_IED_EduardoU_Ext_1c1969,,,,,
2026-09-12T08:26:05-05:00,PUR_IED_EduardoU_SCiencia_4dfb94,PUR_IED_EduardoU_SCiencia_4dfb94,,,,,
2026-09-12T08:26:05-05:00,PUR_IED_EduardoU_SQuimica_5a46e7,PUR_IED_EduardoU_SQuimica_5a46e7,,,,,
2026-09-12T08:26:05-05:00,PUR_IED_ElRodeo_Aula14_676984,PUR_IED_ElRodeo_Aula14_676984,,,,,
2026-09-12T08:26:05-05:00,PUR_IED_ElRodeo_Aula16_2dd35b,PUR_IED_ElRodeo_Aula16_2dd35b,,,,,
2026-09-12T08:26:05-05:00,PUR_IED_ElRodeo_Ext_360881,PUR_IED_ElRodeo_Ext_360881,,,,,
2026-09-12T08:26:05-05:00,PUR_IED_ElRodeo_Exterior_8c6d28,PUR_IED_ElRodeo_Exterior_8c6d28,,,,,
2026-09-12T08:26:05-05:00,PUR_IED_ElRodeo_ext_360881,PUR_IED_ElRodeo_ext_360881,,,,,
2026-09-12T08:26:05-05:00,PUR_IED_EmmaReyes_Ext_987625,PUR_IED_EmmaReyes_Ext_987625,8,21,53,4.6367,-74.1511
2026-09-12T08:26:05-05:00,PUR_IED_Ensueño_Ext_7f0250,PUR_IED_Ensueño_Ext_7f0250,,,,,
2026-09-12T08:26:05-05:00,PUR_IED_EscNormal_Ext_5fef3b,PUR_IED_EscNormal_Ext_5fef3b,2,19,62,4.5852,-74.096901
2026-09-12T08:26:05-05:00,PUR_IED_EscNormal_S309_5b263,PUR_IED_EscNormal_S309_5b263,,,,,
2026-09-12T08:26:05-05:00,PUR_IED_EscNormal_S310_27b3b8,PUR_IED_EscNormal_S310_27b3b8,,,,,
2026-09-12T08:26:05-05:00,PUR_IED_Evangelista_Conta_f6cd4f,PUR_IED_Evangelista_Conta_f6cd4f,,,,,
2026-09-12T08:26:05-05:00,PUR_IED_Evangelista_Cri_5e16a,PUR_IED_Evangelista_Cri_5e16a,,,,,
2026-09-12T08:26:05-05:00,PUR_IED_Evangelista_Exter_754066,PUR_IED_Evangelista_Exter_754066,,,,,
2026-09-12T08:26:05-05:00,PUR_IED_FMiranda_S209_5cc2a3,PUR_IED_FMiranda_S209_5cc2a3,,,,,
2026-09-12T08:26:05-05:00,PUR_IED_FMiranda_S303_19e344,PUR_IED_FMiranda_S303_19e344,,,,,
2026-09-12T08:26:05-05:00,PUR_IED_FMiranda_ext_f53e7c,PUR_IED_FMiranda_ext_f53e7c,,,,,
2026-09-12T08:26:05-05:00,PUR_IED_FabioLozano_Bibli_1cee05,PUR_IED_FabioLozano_Bibli_1cee05,,,,,
2026-09-12T08:26:05-05:00,PUR_IED_FabioLozano_Ext_6ea285,PUR_IED_FabioLozano_Ext_6ea285,,,,,
2026-09-12T08:26:05-05:00,PUR_IED_FabioLozano_SLudi_f09e1e,PUR_IED_FabioLozano_SLudi_f09e1e,,,,,
2026-09-12T08:26:05-05:00,PUR_IED_FaustinoS_Aula07_27a731,PUR_IED_FaustinoS_Aula07_27a731,,,,,
2026-09-12T08:26:05-05:00,PUR_IED_FaustinoS_Ext_7b936f,PUR_IED_FaustinoS_Ext_7b936f,,,,,
2026-09-12T08:26:05-05:00,PUR_IED_FaustinoS_Fisica_da2c60,PUR_IED_FaustinoS_Fisica_da2c60,,,,,
2026-09-12T08:26:05-05:00,PUR_IED_FeGarciaLo_Ext_dc68ee,PUR_IED_FeGarciaLo_Ext_dc68ee,,,,,
2026-09-12T08:26:05-05:00,PUR_IED_FeGarciaLo_SDanza_f70a59,PUR_IED_FeGarciaLo_SDanza_f70a59,,,,,
2026-09-12T08:26:05-05:00,PUR_IED_FeGarciaLo_SMusic_125cdd,PUR_IED_FeGarciaLo_SMusic_125cdd,,,,,
2026-09-12T08:26:05-05:00,PUR_IED_FederalAlema_Exte_50c345,PUR_IED_FederalAlema_Exte_50c345,,,,,
2026-09-12T08:26:05-05:00,PUR_IED_FederalAlema_S31_f18371,PUR_IED_FederalAlema_S31_f18371,,,,,
2026-09-12T08:26:05-05:00,PUR_IED_FederalAlema_S901_a62cd,PUR_IED_FederalAlema_S901_a62cd,,,,,
2026-09-12T08:26:05-05:00,PUR_IED_FilarmonicaS_A5_f35eb1,PUR_IED_FilarmonicaS_A5_f35eb1,,,,,
2026-09-12T08:26:05-05:00,PUR_IED_FilarmonicaS_Ext_8a3bde,PUR_IED_FilarmonicaS_Ext_8a3bde,,,,,
2026-09-12T08:26:05-05:00,PUR_IED_FilarmonicaS_Spol_406114,PUR_IED_FilarmonicaS_Spol_406114,,,,,
2026-09-12T08:26:05-05:00,PUR_IED_FlorentinoG_A13_d1fa59,PUR_IED_FlorentinoG_A13_d1fa59,,,,,
2026-09-12T08:26:05-05:00,PUR_IED_FlorentinoG_Ext_1ce6ce,PUR_IED_FlorentinoG_Ext_1ce6ce,,,,,
2026-09-12T08:26:05-05:00,PUR_IED_FlorentinoG_Idiom_a66aac,PUR_IED_FlorentinoG_Idiom_a66aac,,,,,
2026-09-12T08:26:05-05:00,PUR_IED_FranciscoMati_Ext_e3869d,PUR_IED_FranciscoMati_Ext_e3869d,,,,,
2026-09-12T08:26:05-05:00,PUR_IED_FranciscoMati_S13_f31c67,PUR_IED_FranciscoMati_S13_f31c67,,,,,
2026-09-12T08:26:05-05:00,PUR_IED_FranciscoMati_S14_97dead,PUR_IED_FranciscoMati_S14_97dead,,,,,
2026-09-12T08:26:05-05:00,PUR_IED_FranciscoPS_Ext_7bfa9a,PUR_IED_FranciscoPS_Ext_7bfa9a,2,19,60,4.5899,-74.110397
2026-09-12T08:26:05-05:00,PUR_IED_FranciscoPS_Infor_fb8f4c,PUR_IED_FranciscoPS_Infor_fb8f4c,,,,,
2026-09-12T08:26:05-05:00,PUR_IED_FranciscoPS_Quimi_94d39c,PUR_IED_FranciscoPS_Quimi_94d39c,,,,,
2026-09-12T08:26:05-05:00,PUR_IED_FranciscoP_LabQ_d7e148,PUR_IED_FranciscoP_LabQ_d7e148,,,,,
2026-09-12T08:26:05-05:00,PUR_IED_FranciscoP_S28_cf9b30,PUR_IED_FranciscoP_S28_cf9b30,,,,,
2026-09-12T08:26:05-05:00,PUR_IED_FranciscoP_ext_e2313,PUR_IED_FranciscoP_ext_e2313,,,,,
2026-09-12T08:26:05-05:00,PUR_IED_FriederichN_Ext_8ac92a,PUR_IED_FriederichN_Ext_8ac92a,,,,,
2026-09-12T08:26:05-05:00,PUR_IED_FriederichN_S301_dd7e5a,PUR_IED_FriederichN_S301_dd7e5a,,,,,
2026-09-12T08:26:05-05:00,PUR_IED_FriederichN_S308_761f4f,PUR_IED_FriederichN_S308_761f4f,,,,,
2026-09-12T08:26:05-05:00,PUR_IED_GSantander_Aula10_533dd7,PUR_IED_GSantander_Aula10_533dd7,,,,,
2026-09-12T08:26:05-05:00,PUR_IED_GSantander_Aula12_fd4e4f,PUR_IED_GSantander_Aula12_fd4e4f,,,,,
2026-09-12T08:26:05-05:00,PUR_IED_GSantander_Aula310_533dd7,PUR_IED_GSantander_Aula310_533dd7,,,,,
2026-09-12T08:26:05-05:00,PUR_IED_GSantander_Aula312_fd4e4f,PUR_IED_GSantander_Aula312_fd4e4f,,,,,
2026-09-12T08:26:05-05:00,PUR_IED_GSantander_Ext_5f66b0,PUR_IED_GSantander_Ext_5f66b0,,,,,
2026-09-12T08:26:05-05:00,PUR_IED_GYomasa_Ext_f6bea5,PUR_IED_GYomasa_Ext_f6bea5,,,,,
2026-09-12T08:26:05-05:00,PUR_IED_GYomasa_LBiol_2c41aa,PUR_IED_GYomasa_LBiol_2c41aa,,,,,
2026-09-12T08:26:05-05:00,PUR_IED_GYomasa_LQuim_33c80,PUR_IED_GYomasa_LQuim_33c80,,,,,
2026-09-12T08:26:05-05:00,PUR_IED_GabBetMejia_Cienc_5a99c,PUR_IED_GabBetMejia_Cienc_5a99c,,,,,
2026-09-12T08:26:05-05:00,PUR_IED_GabBetMejia_Ext_9153d0,PUR_IED_GabBetMejia_Ext_9153d0,,,,,
2026-09-12T08:26:05-05:00,PUR_IED_GabBetMejia_Lab_f55347,PUR_IED_GabBetMejia_Lab_f55347,,,,,
2026-09-12T08:26:05-05:00,PUR_IED_GabBetanMejia_Ext_9153d0,PUR_IED_GabBetanMejia_Ext_9153d0,,,,,
2026-09-12T08:26:05-05:00,PUR_IED_Gaitana_Aula13_7aac11,PUR_IED_Gaitana_Aula13_7aac11,,,,,
2026-09-12T08:26:05-05:00,PUR_IED_Gaitana_Ext_5fcf4,PUR_IED_Gaitana_Ext_5fcf4,,,,,
2026-09-12T08:26:05-05:00,PUR_IED_Gaitana_LabFisica_644448,PUR_IED_Gaitana_LabFisica_644448,,,,,
2026-09-12T08:26:05-05:00,PUR_IED_GenSantander_Dise_8ac858,PUR_IED_GenSantander_Dise_8ac858,,,,,
2026-09-12T08:26:05-05:00,PUR_IED_GenSantander_Ext_8d5dfe,PUR_IED_GenSantander_Ext_8d5dfe,,,,,
2026-09-12T08:26:05-05:00,PUR_IED_GenSantander_Info_6c25b,PUR_IED_GenSantander_Info_6c25b,,,,,
2026-09-12T08:26:05-05:00,PUR_IED_GustavoMo_Exterio_75e63d,PUR_IED_GustavoMo_Exterio_75e63d,,,,,
2026-09-12T08:26:05-05:00,PUR_IED_GustavoMo_LabFisi_224d37,PUR_IED_GustavoMo_LabFisi_224d37,,,,,
2026-09-12T08:26:05-05:00,PUR_IED_GustavoMo_S208_3e6918,PUR_IED_GustavoMo_S208_3e6918,,,,,
2026-09-12T08:26:05-05:00,PUR_IED_GustavoR_A02_8cd4a8,PUR_IED_GustavoR_A02_8cd4a8,,,,,
2026-09-12T08:26:05-05:00,PUR_IED_GustavoR_B11_5b0ed,PUR_IED_GustavoR_B11_5b0ed,,,,,
2026-09-12T08:26:05-05:00,PUR_IED_GustavoR_Ext_7a0c90,PUR_IED_GustavoR_Ext_7a0c90,,,,,
2026-09-12T08:26:05-05:00,PUR_IED_HernandoDuran_Ext_8cd82b,PUR_IED_HernandoDuran_Ext_8cd82b,,,,,
2026-09-12T08:26:05-05:00,PUR_IED_HernandoDuran_S24_2772c6,PUR_IED_HernandoDuran_S24_2772c6,,,,,
2026-09-12T08:26:05-05:00,PUR_IED_HernandoDuran_S30_f2de41,PUR_IED_HernandoDuran_S30_f2de41,,,,,
2026-09-12T08:26:05-05:00,PUR_IED_HolguInUr_S1101_8cd732,PUR_IED_HolguInUr_S1101_8cd732,,,,,
2026-09-12T08:26:05-05:00,PUR_IED_HolguinUr_Exter_ddae6d,PUR_IED_HolguinUr_Exter_ddae6d,,,,,
2026-09-12T08:26:05-05:00,PUR_IED_HolguinUr_LabQuim_92b952,PUR_IED_HolguinUr_LabQuim_92b952,,,,,
2026-09-12T08:26:05-05:00,PUR_IED_Isabel-II_Ext_5245cc,PUR_IED_Isabel-II_Ext_5245cc,5,18,61,4.6336,-74.153
2026-09-12T08:26:05-05:00,PUR_IED_Isabel-II_S_idiom_1c29aa,PUR_IED_Isabel-II_S_idiom_1c29aa,,,,,
2026-09-12T08:26:05-05:00,PUR_IED_Isabel-II_S_infor_fd741,PUR_IED_Isabel-II_S_infor_fd741,,,,,
2026-09-12T08:26:05-05:00,PUR_IED_IsidroSur_Exterio_5b90ea,PUR_IED_IsidroSur_Exterio_5b90ea,,,,,
2026-09-12T08:26:05-05:00,PUR_IED_IsidroSur_LabTec_56697a,PUR_IED_IsidroSur_LabTec_56697a,,,,,
2026-09-12T08:26:05-05:00,PUR_IED_IsidroSur_Robotic_b7c38f,PUR_IED_IsidroSur_Robotic_b7c38f,,,,,
2026-09-12T08:26:05-05:00,PUR_IED_IsmaelPerd_Ext_7b6672,PUR_IED_IsmaelPerd_Ext_7b6672,,,,,
2026-09-12T08:26:05-05:00,PUR_IED_IsmaelPerd_Inform_306540,PUR_IED_IsmaelPerd_Inform_306540,,,,,
2026-09-12T08:26:05-05:00,PUR_IED_IsmaelPerd_S30_2e2c83,PUR_IED_IsmaelPerd_S30_2e2c83,,,,,
2026-09-12T08:26:05-05:00,PUR_IED_JLozano_Exter_432910,PUR_IED_JLozano_Exter_432910,,,,,
2026-09-12T08:26:05-05:00,PUR_IED_JLozano_salaMulti_df5125,PUR_IED_JLozano_salaMulti_df5125,,,,,
2026-09-12T08:26:05-05:00,PUR_IED_JMCordoba_206_86f80b,PUR_IED_JMCordoba_206_86f80b,,,,,
2026-09-12T08:26:05-05:00,PUR_IED_JMCordoba_Ext_27ad97,PUR_IED_JMCordoba_Ext_27ad97,,,,,
2026-09-12T08:26:05-05:00,PUR_IED_JMCordoba_S310_d59ab4,PUR_IED_JMCordoba_S310_d59ab4,,,,,
2026-09-12T08:26:05-05:00,PUR_IED_Japon_Ext_549100,PUR_IED_Japon_Ext_549100,,,,,
2026-09-12T08:26:05-05:00,PUR_IED_Japon_Laboratorio_bec51d,PUR_IED_Japon_Laboratorio_bec51d,,,,,
2026-09-12T08:26:05-05:00,PUR_IED_Japon_informatica_d99327,PUR_IED_Japon_informatica_d99327,,,,,
2026-09-12T08:26:05-05:00,PUR_IED_Jazmin_Ext_d27bda,PUR_IED_Jazmin_Ext_d27bda,,,,,
2026-09-12T08:26:05-05:00,PUR_IED_Jazmin_Fisica_8d14d7,PUR_IED_Jazmin_Fisica_8d14d7,,,,,
2026-09-12T08:26:05-05:00,PUR_IED_Jazmin_Quimica_801cb5,PUR_IED_Jazmin_Quimica_801cb5,,,,,
2026-09-12T08:26:05-05:00,PUR_IED_JorgeGaitan_Exter_f098d1,PUR_IED_JorgeGaitan_Exter_f098d1,,,,,
2026-09-12T08:26:05-05:00,PUR_IED_JorgeGaitan_STec1_dc9d1d,PUR_IED_JorgeGaitan_STec1_dc9d1d,,,,,
2026-09-12T08:26:05-05:00,PUR_IED_JorgeGaitan_STec2_281e69,PUR_IED_JorgeGaitan_STec2_281e69,,,,,
2026-09-12T08:26:05-05:00,PUR_IED_JorgeSoto_Exterio_d9d0a2,PUR_IED_JorgeSoto_Exterio_d9d0a2,,,,,
2026-09-12T08:26:05-05:00,PUR_IED_JorgeSoto_LabFisi_209c54,PUR_IED_JorgeSoto_LabFisi_209c54,,,,,
2026-09-12T08:26:05-05:00,PUR_IED_JorgeSoto_S103_27b51a,PUR_IED_JorgeSoto_S103_27b51a,,,,,
2026-09-12T08:26:05-05:00,PUR_IED_JoseAcevedo_A02_e965eb,PUR_IED_JoseAcevedo_A02_e965eb,,,,,
2026-09-12T08:26:05-05:00,PUR_IED_JoseAcevedo_A07_dd5b4,PUR_IED_JoseAcevedo_A07_dd5b4,,,,,
2026-09-12T08:26:05-05:00,PUR_IED_JoseAcevedo_Ext_b47484,PUR_IED_JoseAcevedo_Ext_b47484,,,,,
2026-09-12T08:26:05-05:00,PUR_IED_JoseMarti_Exte_5b9bf,PUR_IED_JoseMarti_Exte_5b9bf,,,,,
2026-09-12T08:26:05-05:00,PUR_IED_JoseMarti_LabQuim_1c6c2d,PUR_IED_JoseMarti_LabQuim_1c6c2d,,,,,
2026-09-12T08:26:05-05:00,PUR_IED_JoseMarti_S_info_f5f177,PUR_IED_JoseMarti_S_info_f5f177,,,,,
2026-09-12T08:26:05-05:00,PUR_IED_Josejoaquin_Ext_dfc5dc,PUR_IED_Josejoaquin_Ext_dfc5dc,,,,,
2026-09-12T08:26:05-05:00,PUR_IED_Josejoaquin_S05_5b2a96,PUR_IED_Josejoaquin_S05_5b2a96,,,,,
2026-09-12T08:26:05-05:00,PUR_IED_Josejoaquin_S06_1ce7d2,PUR_IED_Josejoaquin_S06_1ce7d2,,,,,
2026-09-12T08:26:05-05:00,PUR_IED_JulioFlorez_Danza_9b82dd,PUR_IED_JulioFlorez_Danza_9b82dd,,,,,
2026-09-12T08:26:05-05:00,PUR_IED_JulioFlorez_Exter_f9f314,PUR_IED_JulioFlorez_Exter_f9f314,,,,,
2026-09-12T08:26:05-05:00,PUR_IED_JulioFlorez_info2_6b6e08,PUR_IED_JulioFlorez_info2_6b6e08,,,,,
2026-09-12T08:26:05-05:00,PUR_IED_LaBelleza_Aula13_1d00d8,PUR_IED_LaBelleza_Aula13_1d00d8,,,,,
2026-09-12T08:26:05-05:00,PUR_IED_LaBelleza_Ext_7bc08c,PUR_IED_LaBelleza_Ext_7bc08c,,,,,
2026-09-12T08:26:05-05:00,PUR_IED_LaChucua_Ext_8cd6d2,PUR_IED_LaChucua_Ext_8cd6d2,,,,,
2026-09-12T08:26:05-05:00,PUR_IED_LaChucua_S15_f578ce,PUR_IED_LaChucua_S15_f578ce,,,,,
2026-09-12T08:26:05-05:00,PUR_IED_LaChucua_S16_eebcf9,PUR_IED_LaChucua_S16_eebcf9,,,,,
2026-09-12T08:26:05-05:00,PUR_IED_LaFelicidad_Ext_fb5109,PUR_IED_LaFelicidad_Ext_fb5109,,,,,
2026-09-12T08:26:05-05:00,PUR_IED_LaMerced_206_66ebd,PUR_IED_LaMerced_206_66ebd,,,,,
2026-09-12T08:26:05-05:00,PUR_IED_LaMerced_207_6ebd6,PUR_IED_LaMerced_207_6ebd6,,,,,
2026-09-12T08:26:05-05:00,PUR_IED_LaMerced_ext_304311,PUR_IED_LaMerced_ext_304311,,,,,
2026-09-12T08:26:05-05:00,PUR_IED_Laureano_CiencNat_281e5e,PUR_IED_Laureano_CiencNat_281e5e,,,,,
2026-09-12T08:26:05-05:00,PUR_IED_Laureano_Comedor_f65c0a,PUR_IED_Laureano_Comedor_f65c0a,,,,,
2026-09-12T08:26:05-05:00,PUR_IED_Laureano_Exterior_7ab011,PUR_IED_Laureano_Exterior_7ab011,,,,,
2026-09-12T08:26:05-05:00,PUR_IED_LeonGreiff_Exte_dfe560,PUR_IED_LeonGreiff_Exte_dfe560,,,,,
2026-09-12T08:26:05-05:00,PUR_IED_LeonGreiff_S210_f264ed,PUR_IED_LeonGreiff_S210_f264ed,,,,,
2026-09-12T08:26:05-05:00,PUR_IED_LeonGreiff_SQuimi_e8296f,PUR_IED_LeonGreiff_SQuimi_e8296f,,,,,
2026-09-12T08:26:05-05:00,PUR_IED_LlanoOrientalS208_7b9fcd,PUR_IED_LlanoOrientalS208_7b9fcd,,,,,
2026-09-12T08:26:05-05:00,PUR_IED_LlanoOriental_Ext_fb3766,PUR_IED_LlanoOriental_Ext_fb3766,,,,,
2026-09-12T08:26:05-05:00,PUR_IED_LlanoOriental_S208_7b9fcd,PUR_IED_LlanoOriental_S208_7b9fcd,,,,,
2026-09-12T08:26:05-05:00,PUR_IED_LlanoOriental_S9_27b378,PUR_IED_LlanoOriental_S9_27b378,,,,,
2026-09-12T08:26:05-05:00,PUR_IED_LosTejares_1101_477602,PUR_IED_LosTejares_1101_477602,,,,,
2026-09-12T08:26:05-05:00,PUR_IED_LosTejares_11_d2c595,PUR_IED_LosTejares_11_d2c595,,,,,
2026-09-12T08:26:05-05:00,PUR_IED_LosTejares_12_477602,PUR_IED_LosTejares_12_477602,,,,,
2026-09-12T08:26:05-05:00,PUR_IED_LosTejares_Ext_8e2115,PUR_IED_LosTejares_Ext_8e2115,,,,,
2026-09-12T08:26:05-05:00,PUR_IED_MagdalenaO_B202_5ddda3,PUR_IED_MagdalenaO_B202_5ddda3,,,,,
2026-09-12T08:26:05-05:00,PUR_IED_MagdalenaO_B205_fb76e8,PUR_IED_MagdalenaO_B205_fb76e8,,,,,
2026-09-12T08:26:05-05:00,PUR_IED_MagdalenaO_ext_dc69cd,PUR_IED_MagdalenaO_ext_dc69cd,,,,,
2026-09-12T08:26:05-05:00,PUR_IED_ManueCepeda_artes_eee956,PUR_IED_ManueCepeda_artes_eee956,,,,,
2026-09-12T08:26:05-05:00,PUR_IED_ManuelCepeda_Ext_58313,PUR_IED_ManuelCepeda_Ext_58313,,,,,
2026-09-12T08:26:05-05:00,PUR_IED_ManuelCepeda_tec_1c5731,PUR_IED_ManuelCepeda_tec_1c5731,,,,,
2026-09-12T08:26:05-05:00,PUR_IED_ManuelS_Exterior_5b269,PUR_IED_ManuelS_Exterior_5b269,,,,,
2026-09-12T08:26:05-05:00,PUR_IED_ManuelS_Inform_f369ce,PUR_IED_ManuelS_Inform_f369ce,,,,,
2026-09-12T08:26:05-05:00,PUR_IED_ManuelS_SArtes_7d15f1,PUR_IED_ManuelS_SArtes_7d15f1,,,,,
2026-09-12T08:26:05-05:00,PUR_IED_ManuelZapata_303_3ca6,PUR_IED_ManuelZapata_303_3ca6,,,,,
2026-09-12T08:26:05-05:00,PUR_IED_ManuelZapata_311_bfbabc,PUR_IED_ManuelZapata_311_bfbabc,,,,,
2026-09-12T08:26:05-05:00,PUR_IED_ManuelZapata_Ext_50824a,PUR_IED_ManuelZapata_Ext_50824a,,,,,
2026-09-12T08:26:05-05:00,PUR_IED_ManuelitaS_Exteri_656a92,PUR_IED_ManuelitaS_Exteri_656a92,,,,,
2026-09-12T08:26:05-05:00,PUR_IED_ManuelitaS_JuzgDe_f58ec3,PUR_IED_ManuelitaS_JuzgDe_f58ec3,,,,,
2026-09-12T08:26:05-05:00,PUR_IED_ManuelitaS_Recrea_d793db,PUR_IED_ManuelitaS_Recrea_d793db,,,,,
2026-09-12T08:26:05-05:00,PUR_IED_MarFidSuarez_Ext_c27b19,PUR_IED_MarFidSuarez_Ext_c27b19,,,,,
2026-09-12T08:26:05-05:00,PUR_IED_MarFidSuarez_Info_e384d7,PUR_IED_MarFidSuarez_Info_e384d7,,,,,
2026-09-12T08:26:05-05:00,PUR_IED_MarFidSuarez_S306_1d0032,PUR_IED_MarFidSuarez_S306_1d0032,,,,,
2026-09-12T08:26:05-05:00,PUR_IED_Menorah_301_2a25a3,PUR_IED_Menorah_301_2a25a3,,,,,
2026-09-12T08:26:05-05:00,PUR_IED_Menorah_306_37ed3,PUR_IED_Menorah_306_37ed3,,,,,
2026-09-12T08:26:05-05:00,PUR_IED_Menorah_Ext_3e155b,PUR_IED_Menorah_Ext_3e155b,,,,,
2026-09-12T08:26:05-05:00,PUR_IED_MinutoB.Aires_A11_1b1604,PUR_IED_MinutoB.Aires_A11_1b1604,,,,,
2026-09-12T08:26:05-05:00,PUR_IED_MinutoB.Aires_A12_fb5860,PUR_IED_MinutoB.Aires_A12_fb5860,,,,,
2026-09-12T08:26:05-05:00,PUR_IED_MinutoB.Aires_Ext_81293f,PUR_IED_MinutoB.Aires_Ext_81293f,,,,,
2026-09-12T08:26:05-05:00,PUR_IED_MinutoBAires_A11_1b1604,PUR_IED_MinutoBAires_A11_1b1604,,,,,
2026-09-12T08:26:05-05:00,PUR_IED_MinutoBAires_A12_fb5860,PUR_IED_MinutoBAires_A12_fb5860,,,,,
2026-09-12T08:26:05-05:00,PUR_IED_MinutoBAires_Ext_81293f,PUR_IED_MinutoBAires_Ext_81293f,,,,,
2026-09-12T08:26:05-05:00,PUR_IED_Montreal_Aula10_1e4959,PUR_IED_Montreal_Aula10_1e4959,,,,,
2026-09-12T08:26:05-05:00,PUR_IED_Montreal_Aula6_300367,PUR_IED_Montreal_Aula6_300367,,,,,
2026-09-12T08:26:05-05:00,PUR_IED_Montreal_Exterior_91a179,PUR_IED_Montreal_Exterior_91a179,,,,,
2026-09-12T08:26:05-05:00,PUR_IED_Mqgdalena_B202_5ddda3,PUR_IED_Mqgdalena_B202_5ddda3,,,,,
2026-09-12T08:26:05-05:00,PUR_IED_NACUND_Soc_dc8728,PUR_IED_NACUND_Soc_dc8728,,,,,
2026-09-12T08:26:05-05:00,PUR_IED_NACUND_ext_27ad97,PUR_IED_NACUND_ext_27ad97,,,,,
2026-09-12T08:26:05-05:00,PUR_IED_NEsperanza_Ext_d24b61,PUR_IED_NEsperanza_Ext_d24b61,,,,,
2026-09-12T08:26:05-05:00,PUR_IED_NEsperanza_SElect_7d1807,PUR_IED_NEsperanza_SElect_7d1807,,,,,
2026-09-12T08:26:05-05:00,PUR_IED_NEsperanza_SLabor_8b2d0a,PUR_IED_NEsperanza_SLabor_8b2d0a,,,,,
2026-09-12T08:26:05-05:00,PUR_IED_NacionesU_Ext_f661a9,PUR_IED_NacionesU_Ext_f661a9,,,,,
2026-09-12T08:26:05-05:00,PUR_IED_NacionesU_Quimica_66f0a,PUR_IED_NacionesU_Quimica_66f0a,,,,,
2026-09-12T08:26:05-05:00,PUR_IED_NacionesU_S306_1b4b3d,PUR_IED_NacionesU_S306_1b4b3d,,,,,
2026-09-12T08:26:05-05:00,PUR_IED_NestorFA_Ext_e4201c,PUR_IED_NestorFA_Ext_e4201c,,,,,
2026-09-12T08:26:05-05:00,PUR_IED_NestorFA_Laborato_f22fe0,PUR_IED_NestorFA_Laborato_f22fe0,,,,,
2026-09-12T08:26:05-05:00,PUR_IED_NestorFA_S204_dee996,PUR_IED_NestorFA_S204_dee996,,,,,
2026-09-12T08:26:05-05:00,PUR_IED_NidyaQT_Aula03_76999b,PUR_IED_NidyaQT_Aula03_76999b,,,,,
2026-09-12T08:26:05-05:00,PUR_IED_NidyaQT_Aula10_56325,PUR_IED_NidyaQT_Aula10_56325,,,,,
2026-09-12T08:26:05-05:00,PUR_IED_NidyaQT_Ext_46e32d,PUR_IED_NidyaQT_Ext_46e32d,,,,,
2026-09-12T08:26:05-05:00,PUR_IED_NuevaCol_Exterior_d9b859,PUR_IED_NuevaCol_Exterior_d9b859,,,,,
2026-09-12T08:26:05-05:00,PUR_IED_NuevaCol_S1101_76c43b,PUR_IED_NuevaCol_S1101_76c43b,,,,,
2026-09-12T08:26:05-05:00,PUR_IED_NuevaCol_S1102_1ce0b5,PUR_IED_NuevaCol_S1102_1ce0b5,,,,,
2026-09-12T08:26:05-05:00,PUR_IED_OEA_A202_f7e3f2,PUR_IED_OEA_A202_f7e3f2,,,,,
2026-09-12T08:26:05-05:00,PUR_IED_OEA_A203_7d1b8d,PUR_IED_OEA_A203_7d1b8d,,,,,
2026-09-12T08:26:05-05:00,PUR_IED_OEA_Ext_27b593,PUR_IED_OEA_Ext_27b593,,,,,
2026-09-12T08:26:05-05:00,PUR_IED_Ochoa_Ext_1c29da,PUR_IED_Ochoa_Ext_1c29da,,,,,
2026-09-12T08:26:05-05:00,PUR_IED_Ochoa_S205_8b1121,PUR_IED_Ochoa_S205_8b1121,,,,,
2026-09-12T08:26:05-05:00,PUR_IED_Ochoa_Sistemas_f33af6,PUR_IED_Ochoa_Sistemas_f33af6,,,,,
2026-09-12T08:26:05-05:00,PUR_IED_PQuebec_Ext_1c67c7,PUR_IED_PQuebec_Ext_1c67c7,,,,,
2026-09-12T08:26:05-05:00,PUR_IED_PQuebec_S15_23e8e2,PUR_IED_PQuebec_S15_23e8e2,,,,,
2026-09-12T08:26:05-05:00,PUR_IED_PQuebec_S16_8ec76b,PUR_IED_PQuebec_S16_8ec76b,,,,,
2026-09-12T08:26:05-05:00,PUR_IED_PabloN_Ext_49dc96,PUR_IED_PabloN_Ext_49dc96,,,,,
2026-09-12T08:26:05-05:00,PUR_IED_PabloN_S1102_4e3df5,PUR_IED_PabloN_S1102_4e3df5,,,,,
2026-09-12T08:26:05-05:00,PUR_IED_PabloN_S1103_50c94b,PUR_IED_PabloN_S1103_50c94b,,,,,
2026-09-12T08:26:05-05:00,PUR_IED_Palestina_S1101_db9198,PUR_IED_Palestina_S1101_db9198,,,,,
2026-09-12T08:26:05-05:00,PUR_IED_Palestina_S1102_dc54fa,PUR_IED_Palestina_S1102_dc54fa,,,,,
2026-09-12T08:26:05-05:00,PUR_IED_Palestina_ext_4ccce6,PUR_IED_Palestina_ext_4ccce6,,,,,
2026-09-12T08:26:05-05:00,PUR_IED_Panama_Fisica_4d0794,PUR_IED_Panama_Fisica_4d0794,,,,,
2026-09-12T08:26:05-05:00,PUR_IED_Panama_SIngles_a4077e,PUR_IED_Panama_SIngles_a4077e,,,,,
2026-09-12T08:26:05-05:00,PUR_IED_Panama_ext_4c54b4,PUR_IED_Panama_ext_4c54b4,,,,,
2026-09-12T08:26:05-05:00,PUR_IED_ParaisoM_Exterior_8cd7f0,PUR_IED_ParaisoM_Exterior_8cd7f0,,,,,
2026-09-12T08:26:05-05:00,PUR_IED_ParaisoM_Laborato_27af35,PUR_IED_ParaisoM_Laborato_27af35,,,,,
2026-09-12T08:26:05-05:00,PUR_IED_ParaisoM_S304_d1edca,PUR_IED_ParaisoM_S304_d1edca,,,,,
2026-09-12T08:26:05-05:00,PUR_IED_PorfirioBarba_Ext_301466,PUR_IED_PorfirioBarba_Ext_301466,,,,,
2026-09-12T08:26:05-05:00,PUR_IED_PorfirioBarba_S11_df6cd2,PUR_IED_PorfirioBarba_S11_df6cd2,,,,,
2026-09-12T08:26:05-05:00,PUR_IED_PorfirioBarba_S29_27a7d6,PUR_IED_PorfirioBarba_S29_27a7d6,,,,,
2026-09-12T08:26:05-05:00,PUR_IED_PradoV_Exter_8b27ad,PUR_IED_PradoV_Exter_8b27ad,,,,,
2026-09-12T08:26:05-05:00,PUR_IED_PradoV_S301_de65b5,PUR_IED_PradoV_S301_de65b5,,,,,
2026-09-12T08:26:05-05:00,PUR_IED_PradoV_S302_7d2593,PUR_IED_PradoV_S302_7d2593,,,,,
2026-09-12T08:26:05-05:00,PUR_IED_QuirogaAlz_Ext_1ddc82,PUR_IED_QuirogaAlz_Ext_1ddc82,,,,,
2026-09-12T08:26:05-05:00,PUR_IED_QuirogaAlz_S302_9926a3,PUR_IED_QuirogaAlz_S302_9926a3,,,,,
2026-09-12T08:26:05-05:00,PUR_IED_QuirogaAlz_S305_cdf1f1,PUR_IED_QuirogaAlz_S305_cdf1f1,,,,,
2026-09-12T08:26:05-05:00,PUR_IED_RGuatemala_Biling_dc53b7,PUR_IED_RGuatemala_Biling_dc53b7,,,,,
2026-09-12T08:26:05-05:00,PUR_IED_RGuatemala_Ext_1b89a3,PUR_IED_RGuatemala_Ext_1b89a3,,,,,
2026-09-12T08:26:05-05:00,PUR_IED_RGuatemala_Tecnol_281a34,PUR_IED_RGuatemala_Tecnol_281a34,,,,,
2026-09-12T08:26:05-05:00,PUR_IED_RafaNu_Ext_f7c302,PUR_IED_RafaNu_Ext_f7c302,,,,,
2026-09-12T08:26:05-05:00,PUR_IED_RafaNu_S1101_25fde,PUR_IED_RafaNu_S1101_25fde,,,,,
2026-09-12T08:26:05-05:00,PUR_IED_RafaNu_S1102_281517,PUR_IED_RafaNu_S1102_281517,,,,,
2026-09-12T08:26:05-05:00,PUR_IED_RafaelB_S305_ee2783,PUR_IED_RafaelB_S305_ee2783,,,,,
2026-09-12T08:26:05-05:00,PUR_IED_RafaelB_S306_75fe33,PUR_IED_RafaelB_S306_75fe33,,,,,
2026-09-12T08:26:05-05:00,PUR_IED_RafaelB_ext_283336,PUR_IED_RafaelB_ext_283336,3,19,59,4.6722,-74.0737
2026-09-12T08:26:05-05:00,PUR_IED_RafaelUU_Exterior_281a51,PUR_IED_RafaelUU_Exterior_281a51,,,,,
2026-09-12T08:26:05-05:00,PUR_IED_RafaelUU_Human_806b2,PUR_IED_RafaelUU_Human_806b2,,,,,
2026-09-12T08:26:05-05:00,PUR_IED_RafaelUU_Mate2_5680d4,PUR_IED_RafaelUU_Mate2_5680d4,,,,,
2026-09-12T08:26:05-05:00,PUR_IED_RamonSub_Ext_f9eeb9,PUR_IED_RamonSub_Ext_f9eeb9,,,,,
2026-09-12T08:26:05-05:00,PUR_IED_RamonSub_Media_d1f62f,PUR_IED_RamonSub_Media_d1f62f,,,,,
2026-09-12T08:26:05-05:00,PUR_IED_RamonSub_planta_51b82,PUR_IED_RamonSub_planta_51b82,,,,,
2026-09-12T08:26:05-05:00,PUR_IED_RepBoliVene_Exter_27af7c,PUR_IED_RepBoliVene_Exter_27af7c,,,,,
2026-09-12T08:26:05-05:00,PUR_IED_RepBoliVene_SCPT_5ae2ee,PUR_IED_RepBoliVene_SCPT_5ae2ee,,,,,
2026-09-12T08:26:05-05:00,PUR_IED_RepBoliVene_Socia_4b11d5,PUR_IED_RepBoliVene_Socia_4b11d5,,,,,
2026-09-12T08:26:05-05:00,PUR_IED_RepChina_Ext_76d9ee,PUR_IED_RepChina_Ext_76d9ee,,,,,
2026-09-12T08:26:05-05:00,PUR_IED_RepChina_S404_7c804c,PUR_IED_RepChina_S404_7c804c,,,,,
2026-09-12T08:26:05-05:00,PUR_IED_RepChina_S405_df2c33,PUR_IED_RepChina_S405_df2c33,,,,,
2026-09-12T08:26:05-05:00,PUR_IED_RepublicaC_Exteri_7d1ec9,PUR_IED_RepublicaC_Exteri_7d1ec9,,,,,
2026-09-12T08:26:05-05:00,PUR_IED_RepublicaC_S1101_f544b3,PUR_IED_RepublicaC_S1101_f544b3,,,,,
2026-09-12T08:26:05-05:00,PUR_IED_RepublicaC_S1102_7aafc7,PUR_IED_RepublicaC_S1102_7aafc7,,,,,
2026-09-12T08:26:05-05:00,PUR_IED_Ricaurte_Externo_a0ea1,PUR_IED_Ricaurte_Externo_a0ea1,,,,,
2026-09-12T08:26:05-05:00,PUR_IED_Ricaurte_S210_f546fd,PUR_IED_Ricaurte_S210_f546fd,,,,,
2026-09-12T08:26:05-05:00,PUR_IED_Ricaurte_S309_d4452,PUR_IED_Ricaurte_S309_d4452,,,,,
2026-09-12T08:26:05-05:00,PUR_IED_RogelioS_1102_531e69,PUR_IED_RogelioS_1102_531e69,,,,,
2026-09-12T08:26:05-05:00,PUR_IED_RogelioS_Ext_f25a18,PUR_IED_RogelioS_Ext_f25a18,,,,,
2026-09-12T08:26:05-05:00,PUR_IED_SBernardino_Ext_27aff8,PUR_IED_SBernardino_Ext_27aff8,,,,,
2026-09-12T08:26:05-05:00,PUR_IED_SBernardino_SArte_2ffd33,PUR_IED_SBernardino_SArte_2ffd33,,,,,
2026-09-12T08:26:05-05:00,PUR_IED_SBernardino_SIngl_7c7da5,PUR_IED_SBernardino_SIngl_7c7da5,,,,,
2026-09-12T08:26:05-05:00,PUR_IED_Sago_auditorio_dc9d1d,PUR_IED_Sago_auditorio_dc9d1d,,,,,
2026-09-12T08:26:05-05:00,PUR_IED_Saludcoop_Ext_95aac3,PUR_IED_Saludcoop_Ext_95aac3,,,,,
2026-09-12T08:26:05-05:00,PUR_IED_Saludcoop_InfI_90c854,PUR_IED_Saludcoop_InfI_90c854,,,,,
2026-09-12T08:26:05-05:00,PUR_IED_Saludcoop_SMedia_1b93be,PUR_IED_Saludcoop_SMedia_1b93be,,,,,
2026-09-12T08:26:05-05:00,PUR_IED_SanCarlos_1101_1a2360,PUR_IED_SanCarlos_1101_1a2360,,,,,
2026-09-12T08:26:05-05:00,PUR_IED_SanCarlos_1103_7bafb5,PUR_IED_SanCarlos_1103_7bafb5,,,,,
2026-09-12T08:26:05-05:00,PUR_IED_SanCarlos_Ext_b7cd1,PUR_IED_SanCarlos_Ext_b7cd1,,,,,
2026-09-12T08:26:05-05:00,PUR_IED_SanIgnacioBosa11a_50c26e,PUR_IED_SanIgnacioBosa11a_50c26e,,,,,
2026-09-12T08:26:05-05:00,PUR_IED_SanIgnacioBosa11b_371de8,PUR_IED_SanIgnacioBosa11b_371de8,,,,,
2026-09-12T08:26:05-05:00,PUR_IED_SanIgnacioBosaExt_ef0ffc,PUR_IED_SanIgnacioBosaExt_ef0ffc,,,,,
2026-09-12T08:26:05-05:00,PUR_IED_SanIgnacioBosa_11a_50c26e,PUR_IED_SanIgnacioBosa_11a_50c26e,,,,,
2026-09-12T08:26:05-05:00,PUR_IED_SanIgnacioBosa_Ext_ef0ffc,PUR_IED_SanIgnacioBosa_Ext_ef0ffc,,,,,
2026-09-12T08:26:05-05:00,PUR_IED_SanJoseN_intS1101_31c47f,PUR_IED_SanJoseN_intS1101_31c47f,,,,,
2026-09-12T08:26:05-05:00,PUR_IED_SanJoseUsm_Exter_f5d7e8,PUR_IED_SanJoseUsm_Exter_f5d7e8,,,,,
2026-09-12T08:26:05-05:00,PUR_IED_SanJoseUsm_Int11A_cfdef6,PUR_IED_SanJoseUsm_Int11A_cfdef6,,,,,
2026-09-12T08:26:05-05:00,PUR_IED_SilveriaR_IntB5_905349,PUR_IED_SilveriaR_IntB5_905349,,,,,
2026-09-12T08:26:05-05:00,PUR_IED_SilveriaR_IntSD14_981f93,PUR_IED_SilveriaR_IntSD14_981f93,,,,,
2026-09-12T08:26:05-05:00,PUR_IED_SilveriaR_ext_2b651d,PUR_IED_SilveriaR_ext_2b651d,,,,,
2026-09-12T08:26:05-05:00,PUR_IED_SimonB_Exterior_913975,PUR_IED_SimonB_Exterior_913975,,,,,
2026-09-12T08:26:05-05:00,PUR_IED_SimonB_LabQuimi_c56908,PUR_IED_SimonB_LabQuimi_c56908,,,,,
2026-09-12T08:26:05-05:00,PUR_IED_SimonB_informatic_a28c1,PUR_IED_SimonB_informatic_a28c1,,,,,
2026-09-12T08:26:05-05:00,PUR_IED_Sorrento_1102_315f50,PUR_IED_Sorrento_1102_315f50,,,,,
2026-09-12T08:26:05-05:00,PUR_IED_Sorrento_Minte_214eab,PUR_IED_Sorrento_Minte_214eab,,,,,
2026-09-12T08:26:05-05:00,PUR_IED_Sorrento_ext_7c3a0a,PUR_IED_Sorrento_ext_7c3a0a,,,,,
2026-09-12T08:26:05-05:00,PUR_IED_Tabora_Ext_f048ae,PUR_IED_Tabora_Ext_f048ae,,,,,
2026-09-12T08:26:05-05:00,PUR_IED_Tabora_S1102_b07752,PUR_IED_Tabora_S1102_b07752,,,,,
2026-09-12T08:26:05-05:00,PUR_IED_Tabora_S1103_d988f5,PUR_IED_Tabora_S1103_d988f5,,,,,
2026-09-12T08:26:05-05:00,PUR_IED_Tenerife_Ext_1ab188,PUR_IED_Tenerife_Ext_1ab188,,,,,
2026-09-12T08:26:05-05:00,PUR_IED_Tenerife_SDanzas_7bc02e,PUR_IED_Tenerife_SDanzas_7bc02e,,,,,
2026-09-12T08:26:05-05:00,PUR_IED_Tenerife_SIngles_7cc277,PUR_IED_Tenerife_SIngles_7cc277,,,,,
2026-09-12T08:26:05-05:00,PUR_IED_Tibabuyes_Exter_f2683d,PUR_IED_Tibabuyes_Exter_f2683d,,,,,
2026-09-12T08:26:05-05:00,PUR_IED_Tibabuyes_S10_dc87a8,PUR_IED_Tibabuyes_S10_dc87a8,,,,,
2026-09-12T08:26:05-05:00,PUR_IED_Tibabuyes_S15_dc0526,PUR_IED_Tibabuyes_S15_dc0526,,,,,
2026-09-12T08:26:05-05:00,PUR_IED_UnionE_S301_a1043,PUR_IED_UnionE_S301_a1043,,,,,
2026-09-12T08:26:05-05:00,PUR_IED_UnionE_S307_ff6c2f,PUR_IED_UnionE_S307_ff6c2f,,,,,
2026-09-12T08:26:05-05:00,PUR_IED_UnionE__Ext_5e2468,PUR_IED_UnionE__Ext_5e2468,,,,,
2026-09-12T08:26:05-05:00,PUR_IED_VillaRica_Ext_75be7c,PUR_IED_VillaRica_Ext_75be7c,,,,,
2026-09-12T08:26:05-05:00,PUR_IED_VillaRica_S4_cc5dcd,PUR_IED_VillaRica_S4_cc5dcd,,,,,
2026-09-12T08:26:05-05:00,PUR_IED_VillaRica_Sesp_99f5c,PUR_IED_VillaRica_Sesp_99f5c,,,,,
2026-09-12T08:31:11-05:00,PUR_IED_20deJulio_1101_91b1b9,PUR_IED_20deJulio_1101_91b1b9,,,,,
2026-09-12T08:31:11-05:00,PUR_IED_20deJulio_1102_1cfcf9,PUR_IED_20deJulio_1102_1cfcf9,,,,,
2026-09-12T08:31:11-05:00,PUR_IED_20deJulio_Ext_ab60bd,PUR_IED_20deJulio_Ext_ab60bd,,,,,
2026-09-12T08:31:11-05:00,PUR_IED_AgustinFer_Ext_7b9b77,PUR_IED_AgustinFer_Ext_7b9b77,,,,,
2026-09-12T08:31:11-05:00,PUR_IED_AgustinFer_Info2_27b3a7,PUR_IED_AgustinFer_Info2_27b3a7,,,,,
2026-09-12T08:31:11-05:00,PUR_IED_AgustinFer_Sena_54b4eb,PUR_IED_AgustinFer_Sena_54b4eb,,,,,
2026-09-12T08:31:11-05:00,PUR_IED_AlexanderF_1102_caf07b,PUR_IED_AlexanderF_1102_caf07b,,,,,
2026-09-12T08:31:11-05:00,PUR_IED_AlexanderF_1103_c79e71,PUR_IED_AlexanderF_1103_c79e71,,,,,
2026-09-12T08:31:11-05:00,PUR_IED_AlexanderF_Ext_c5b18b,PUR_IED_AlexanderF_Ext_c5b18b,,,,,
2026-09-12T08:31:11-05:00,PUR_IED_AlfonsoLopez_Ext_281d77,PUR_IED_AlfonsoLopez_Ext_281d77,,,,,
2026-09-12T08:31:11-05:00,PUR_IED_AlfonsoLopez_LabF_888ce0,PUR_IED_AlfonsoLopez_LabF_888ce0,,,,,
2026-09-12T08:31:11-05:00,PUR_IED_AlfonsoLopez_SMed_df6a7f,PUR_IED_AlfonsoLopez_SMed_df6a7f,,,,,
2026-09-12T08:31:11-05:00,PUR_IED_AltamiraSO_A2_209f92,PUR_IED_AltamiraSO_A2_209f92,,,,,
2026-09-12T08:31:11-05:00,PUR_IED_AltamiraSO_Ext_186d66,PUR_IED_AltamiraSO_Ext_186d66,,,,,
2026-09-12T08:31:11-05:00,PUR_IED_AltamiraSO_Sistem_27afe1,PUR_IED_AltamiraSO_Sistem_27afe1,,,,,
2026-09-12T08:31:11-05:00,PUR_IED_AlvaroGom_LabQuim_813179,PUR_IED_AlvaroGom_LabQuim_813179,,,,,
2026-09-12T08:31:11-05:00,PUR_IED_AlvaroGomez_Ext_47c7ca,PUR_IED_AlvaroGomez_Ext_47c7ca,,,,,
2026-09-12T08:31:11-05:00,PUR_IED_AlvaroGomez_LabQuim_813179,PUR_IED_AlvaroGomez_LabQuim_813179,,,,,
2026-09-12T08:31:11-05:00,PUR_IED_AlvaroGomez_S23_7ba89f,PUR_IED_AlvaroGomez_S23_7ba89f,,,,,
2026-09-12T08:31:11-05:00,PUR_IED_Amistad_306_dc8728,PUR_IED_Amistad_306_dc8728,,,,,
2026-09-12T08:31:11-05:00,PUR_IED_Amistad_Ext_8cd55e,PUR_IED_Amistad_Ext_8cd55e,,,,,
2026-09-12T08:31:11-05:00,PUR_IED_Amistad_S202_a41169,PUR_IED_Amistad_S202_a41169,,,,,
2026-09-12T08:31:11-05:00,PUR_IED_AndresBello_Bio_fd5f5e,PUR_IED_AndresBello_Bio_fd5f5e,,,,,
2026-09-12T08:31:11-05:00,PUR_IED_AndresBello_ext_dcad65,PUR_IED_AndresBello_ext_dcad65,,,,,
2026-09-12T08:31:11-05:00,PUR_IED_AndresBello_port_eed3ec,PUR_IED_AndresBello_port_eed3ec,,,,,
2026-09-12T08:31:11-05:00,PUR_IED_AngelaR_11b_d90a6b,PUR_IED_AngelaR_11b_d90a6b,,,,,
2026-09-12T08:31:11-05:00,PUR_IED_AngelaR_ext_7cad3e,PUR_IED_AngelaR_ext_7cad3e,4,18,67,4.5825,-74.164497
2026-09-12T08:31:11-05:00,PUR_IED_AntJoseSucre_10mo_df2575,PUR_IED_AntJoseSucre_10mo_df2575,,,,,
2026-09-12T08:31:11-05:00,PUR_IED_AntJoseSucre_Ext_215b36,PUR_IED_AntJoseSucre_Ext_215b36,,,,,
2026-09-12T08:31:11-05:00,PUR_IED_AntJoseSucre_Lab_3139de,PUR_IED_AntJoseSucre_Lab_3139de,,,,,
2026-09-12T08:31:11-05:00,PUR_IED_AntonioGarcia_301_d6b188,PUR_IED_AntonioGarcia_301_d6b188,,,,,
2026-09-12T08:31:11-05:00,PUR_IED_AntonioGarcia_302_88a82,PUR_IED_AntonioGarcia_302_88a82,,,,,
2026-09-12T08:31:11-05:00,PUR_IED_AntonioGarcia_Ext_20950c,PUR_IED_AntonioGarcia_Ext_20950c,,,,,
2026-09-12T08:31:11-05:00,PUR_IED_AntonioVan_Aula2_6dea02,PUR_IED_AntonioVan_Aula2_6dea02,,,,,
2026-09-12T08:31:11-05:00,PUR_IED_AntonioVan_Aula5_f1557e,PUR_IED_AntonioVan_Aula5_f1557e,,,,,
2026-09-12T08:31:11-05:00,PUR_IED_AntonioVan_Ext_406f2f,PUR_IED_AntonioVan_Ext_406f2f,,,,,
2026-09-12T08:31:11-05:00,PUR_IED_Atabanzha_Ext_cc5af9,PUR_IED_Atabanzha_Ext_cc5af9,,,,,
2026-09-12T08:31:11-05:00,PUR_IED_Atabanzha_SA101_56c37,PUR_IED_Atabanzha_SA101_56c37,,,,,
2026-09-12T08:31:11-05:00,PUR_IED_Atabanzha_SB302_27b374,PUR_IED_Atabanzha_SB302_27b374,,,,,
2026-09-12T08:31:11-05:00,PUR_IED_Atahualpa_Ext_fc1748,PUR_IED_Atahualpa_Ext_fc1748,,,,,
2026-09-12T08:31:11-05:00,PUR_IED_Atahualpa_Informa_dc9a95,PUR_IED_Atahualpa_Informa_dc9a95,,,,,
2026-09-12T08:31:11-05:00,PUR_IED_Atahualpa_S1101_f98056,PUR_IED_Atahualpa_S1101_f98056,,,,,
2026-09-12T08:31:11-05:00,PUR_IED_Bellavista_Ext_f5aa74,PUR_IED_Bellavista_Ext_f5aa74,,,,,
2026-09-12T08:31:11-05:00,PUR_IED_Bilbao_11A_916c41,PUR_IED_Bilbao_11A_916c41,,,,,
2026-09-12T08:31:11-05:00,PUR_IED_Bilbao_Ext_fb579a,PUR_IED_Bilbao_Ext_fb579a,,,,,
2026-09-12T08:31:11-05:00,PUR_IED_BrasiliaU_A125_304280,PUR_IED_BrasiliaU_A125_304280,,,,,
2026-09-12T08:31:11-05:00,PUR_IED_BrasiliaU_A203_7c8ca5,PUR_IED_BrasiliaU_A203_7c8ca5,,,,,
2026-09-12T08:31:11-05:00,PUR_IED_BrasiliaU_Ext_8d6e9f,PUR_IED_BrasiliaU_Ext_8d6e9f,6,17,67,4.5175,-74.116302
2026-09-12T08:31:11-05:00,PUR_IED_Brasilia_Ext_fe6593,PUR_IED_Brasilia_Ext_fe6593,,,,,
2026-09-12T08:31:11-05:00,PUR_IED_Brasilia_S24_7c130d,PUR_IED_Brasilia_S24_7c130d,,,,,
2026-09-12T08:31:11-05:00,PUR_IED_Brasilia_S501_186a54,PUR_IED_Brasilia_S501_186a54,,,,,
2026-09-12T08:31:11-05:00,PUR_IED_CHARRY_EXT_f1d5cd,PUR_IED_CHARRY_EXT_f1d5cd,,,,,
2026-09-12T08:31:11-05:00,PUR_IED_CHARRY_INTDANZAS_7a08e6,PUR_IED_CHARRY_INTDANZAS_7a08e6,,,,,
2026-09-12T08:31:11-05:00,PUR_IED_CHARRY_INT_AULA20_dc998d,PUR_IED_CHARRY_INT_AULA20_dc998d,,,,,
2026-09-12T08:31:11-05:00,PUR_IED_COLVIV_1101_S25_7f520a,PUR_IED_COLVIV_1101_S25_7f520a,,,,,
2026-09-12T08:31:11-05:00,PUR_IED_COLVIV_1102_S16_f570ba,PUR_IED_COLVIV_1102_S16_f570ba,,,,,
2026-09-12T08:31:11-05:00,PUR_IED_COLVIV_Ext_1a26fa,PUR_IED_COLVIV_Ext_1a26fa,,,,,
2026-09-12T08:31:11-05:00,PUR_IED_CULPOP_301A_f660f3,PUR_IED_CULPOP_301A_f660f3,,,,,
2026-09-12T08:31:11-05:00,PUR_IED_CULPOP_303_568afe,PUR_IED_CULPOP_303_568afe,,,,,
2026-09-12T08:31:11-05:00,PUR_IED_CULPOP_Ext_e02ccb,PUR_IED_CULPOP_Ext_e02ccb,,,,,
2026-09-12T08:31:11-05:00,PUR_IED_CVillavicen_Ext_26eb58,PUR_IED_CVillavicen_Ext_26eb58,6,15,82,4.487,-74.102798
2026-09-12T08:31:11-05:00,PUR_IED_CVillavicen_Intel_1ce5c2,PUR_IED_CVillavicen_Intel_1ce5c2,,,,,
2026-09-12T08:31:11-05:00,PUR_IED_CVillavicen_Poliv_e0766c,PUR_IED_CVillavicen_Poliv_e0766c,,,,,
2026-09-12T08:31:11-05:00,PUR_IED_CVillavicen_int_1ba140,PUR_IED_CVillavicen_int_1ba140,,,,,
2026-09-12T08:31:11-05:00,PUR_IED_CVillavicen_intel_1ba140,PUR_IED_CVillavicen_intel_1ba140,,,,,
2026-09-12T08:31:11-05:00,PUR_IED_CarlosPizarro_Ext_e307cc,PUR_IED_CarlosPizarro_Ext_e307cc,,,,,
2026-09-12T08:31:11-05:00,PUR_IED_CarlosPizarro_L36_7e5cdb,PUR_IED_CarlosPizarro_L36_7e5cdb,,,,,
2026-09-12T08:31:11-05:00,PUR_IED_CarlosPizarro_L37_c8566c,PUR_IED_CarlosPizarro_L37_c8566c,,,,,
2026-09-12T08:31:11-05:00,PUR_IED_Castilla_Ext_cf35f,PUR_IED_Castilla_Ext_cf35f,,,,,
2026-09-12T08:31:11-05:00,PUR_IED_Castilla_SFisik_360e38,PUR_IED_Castilla_SFisik_360e38,,,,,
2026-09-12T08:31:11-05:00,PUR_IED_Castilla_Sc304_496fbf,PUR_IED_Castilla_Sc304_496fbf,,,,,
2026-09-12T08:31:11-05:00,PUR_IED_CervantesSa_Ext_6b57b,PUR_IED_CervantesSa_Ext_6b57b,5,17,79,4.5128,-74.117203
2026-09-12T08:31:11-05:00,PUR_IED_CervantesSa_S107_225c2b,PUR_IED_CervantesSa_S107_225c2b,,,,,
2026-09-12T08:31:11-05:00,PUR_IED_CervantesSa_S108_940925,PUR_IED_CervantesSa_S108_940925,,,,,
2026-09-12T08:31:11-05:00,PUR_IED_Charry_A20_f53e7c,PUR_IED_Charry_A20_f53e7c,,,,,
2026-09-12T08:31:11-05:00,PUR_IED_Charry_Ext_f1d5cd,PUR_IED_Charry_Ext_f1d5cd,,,,,
2026-09-12T08:31:11-05:00,PUR_IED_Charry_IntAula20_dc998d,PUR_IED_Charry_IntAula20_dc998d,,,,,
2026-09-12T08:31:11-05:00,PUR_IED_Charry_IntDanzas_7a08e6,PUR_IED_Charry_IntDanzas_7a08e6,,,,,
2026-09-12T08:31:11-05:00,PUR_IED_ClememciaC_203_43e2fc,PUR_IED_ClememciaC_203_43e2fc,,,,,
2026-09-12T08:31:11-05:00,PUR_IED_ClememciaC_Ext_1b411a,PUR_IED_ClememciaC_Ext_1b411a,,,,,
2026-09-12T08:31:11-05:00,PUR_IED_ClememciaC_Quimic_44b5fc,PUR_IED_ClememciaC_Quimic_44b5fc,,,,,
2026-09-12T08:31:11-05:00,PUR_IED_ClemenciaC_203_43e2fc,PUR_IED_ClemenciaC_203_43e2fc,,,,,
2026-09-12T08:31:11-05:00,PUR_IED_ClemenciaC_Ext_1b411a,PUR_IED_ClemenciaC_Ext_1b411a,,,,,
2026-09-12T08:31:11-05:00,PUR_IED_ClemenciaC_Quimic_44b5fc,PUR_IED_ClemenciaC_Quimic_44b5fc,,,,,
2026-09-12T08:31:11-05:00,PUR_IED_ColViva_1101_S25_7f520a,PUR_IED_ColViva_1101_S25_7f520a,,,,,
2026-09-12T08:31:11-05:00,PUR_IED_ColViva_1102_S16_f570ba,PUR_IED_ColViva_1102_S16_f570ba,,,,,
2026-09-12T08:31:11-05:00,PUR_IED_ColViva_Ext_1a26fa,PUR_IED_ColViva_Ext_1a26fa,,,,,
2026-09-12T08:31:11-05:00,PUR_IED_ColegioBici_Asist_7c8798,PUR_IED_ColegioBici_Asist_7c8798,,,,,
2026-09-12T08:31:11-05:00,PUR_IED_ColegioBici_Ext_25cbf6,PUR_IED_ColegioBici_Ext_25cbf6,,,,,
2026-09-12T08:31:11-05:00,PUR_IED_ColegioBici_LabQ_7b57db,PUR_IED_ColegioBici_LabQ_7b57db,,,,,
2026-09-12T08:31:11-05:00,PUR_IED_CostaRica_Ext_5e640,PUR_IED_CostaRica_Ext_5e640,,,,,
2026-09-12T08:31:11-05:00,PUR_IED_CostaRica_Quim1_766d1c,PUR_IED_CostaRica_Quim1_766d1c,,,,,
2026-09-12T08:31:11-05:00,PUR_IED_CostaRica__Fisica_6f0873,PUR_IED_CostaRica__Fisica_6f0873,,,,,
2026-09-12T08:31:11-05:00,PUR_IED_CulPopu_301A_f660f3,PUR_IED_CulPopu_301A_f660f3,,,,,
2026-09-12T08:31:11-05:00,PUR_IED_CulPopu_303_568afe,PUR_IED_CulPopu_303_568afe,,,,,
2026-09-12T08:31:11-05:00,PUR_IED_CulPopu_Ext_e02ccb,PUR_IED_CulPopu_Ext_e02ccb,,,,,
2026-09-12T08:31:11-05:00,PUR_IED_Cundinamarca_Ext_f15985,PUR_IED_Cundinamarca_Ext_f15985,,,,,
2026-09-12T08:31:11-05:00,PUR_IED_Cundinamarca_Info_7aa5d7,PUR_IED_Cundinamarca_Info_7aa5d7,,,,,
2026-09-12T08:31:11-05:00,PUR_IED_Cundinamarca_Tec2_f449c7,PUR_IED_Cundinamarca_Tec2_f449c7,,,,,
2026-09-12T08:31:11-05:00,PUR_IED_DiegoM_Aula1_27b314,PUR_IED_DiegoM_Aula1_27b314,,,,,
2026-09-12T08:31:11-05:00,PUR_IED_DiegoM_Ext_d80ac8,PUR_IED_DiegoM_Ext_d80ac8,,,,,
2026-09-12T08:31:11-05:00,PUR_IED_DiegoM_S25_da928f,PUR_IED_DiegoM_S25_da928f,,,,,
2026-09-12T08:31:11-05:00,PUR_IED_ELRODEO_360881,PUR_IED_ELRODEO_360881,,,,,
2026-09-12T08:31:11-05:00,PUR_IED_ELRODEO_ext_360881,PUR_IED_ELRODEO_ext_360881,,,,,
2026-09-12T08:31:11-05:00,PUR_IED_EduardoU_Ext_1c1969,PUR_IED_EduardoU_Ext_1c1969,,,,,
2026-09-12T08:31:11-05:00,PUR_IED_EduardoU_SCiencia_4dfb94,PUR_IED_EduardoU_SCiencia_4dfb94,,,,,
2026-09-12T08:31:11-05:00,PUR_IED_EduardoU_SQuimica_5a46e7,PUR_IED_EduardoU_SQuimica_5a46e7,,,,,
2026-09-12T08:31:11-05:00,PUR_IED_ElRodeo_Aula14_676984,PUR_IED_ElRodeo_Aula14_676984,,,,,
2026-09-12T08:31:11-05:00,PUR_IED_ElRodeo_Aula16_2dd35b,PUR_IED_ElRodeo_Aula16_2dd35b,,,,,
2026-09-12T08:31:11-05:00,PUR_IED_ElRodeo_Ext_360881,PUR_IED_ElRodeo_Ext_360881,,,,,
2026-09-12T08:31:11-05:00,PUR_IED_ElRodeo_Exterior_8c6d28,PUR_IED_ElRodeo_Exterior_8c6d28,,,,,
2026-09-12T08:31:11-05:00,PUR_IED_ElRodeo_ext_360881,PUR_IED_ElRodeo_ext_360881,,,,,
2026-09-12T08:31:11-05:00,PUR_IED_EmmaReyes_Ext_987625,PUR_IED_EmmaReyes_Ext_987625,7,21,53,4.6367,-74.1511
2026-09-12T08:31:11-05:00,PUR_IED_Ensueño_Ext_7f0250,PUR_IED_Ensueño_Ext_7f0250,,,,,
2026-09-12T08:31:11-05:00,PUR_IED_EscNormal_Ext_5fef3b,PUR_IED_EscNormal_Ext_5fef3b,2,19,62,4.5852,-74.096901
2026-09-12T08:31:11-05:00,PUR_IED_EscNormal_S309_5b263,PUR_IED_EscNormal_S309_5b263,,,,,
2026-09-12T08:31:11-05:00,PUR_IED_EscNormal_S310_27b3b8,PUR_IED_EscNormal_S310_27b3b8,,,,,
2026-09-12T08:31:11-05:00,PUR_IED_Evangelista_Conta_f6cd4f,PUR_IED_Evangelista_Conta_f6cd4f,,,,,
2026-09-12T08:31:11-05:00,PUR_IED_Evangelista_Cri_5e16a,PUR_IED_Evangelista_Cri_5e16a,,,,,
2026-09-12T08:31:11-05:00,PUR_IED_Evangelista_Exter_754066,PUR_IED_Evangelista_Exter_754066,,,,,
2026-09-12T08:31:11-05:00,PUR_IED_FMiranda_S209_5cc2a3,PUR_IED_FMiranda_S209_5cc2a3,,,,,
2026-09-12T08:31:11-05:00,PUR_IED_FMiranda_S303_19e344,PUR_IED_FMiranda_S303_19e344,,,,,
2026-09-12T08:31:11-05:00,PUR_IED_FMiranda_ext_f53e7c,PUR_IED_FMiranda_ext_f53e7c,,,,,
2026-09-12T08:31:11-05:00,PUR_IED_FabioLozano_Bibli_1cee05,PUR_IED_FabioLozano_Bibli_1cee05,,,,,
2026-09-12T08:31:11-05:00,PUR_IED_FabioLozano_Ext_6ea285,PUR_IED_FabioLozano_Ext_6ea285,,,,,
2026-09-12T08:31:11-05:00,PUR_IED_FabioLozano_SLudi_f09e1e,PUR_IED_FabioLozano_SLudi_f09e1e,,,,,
2026-09-12T08:31:11-05:00,PUR_IED_FaustinoS_Aula07_27a731,PUR_IED_FaustinoS_Aula07_27a731,,,,,
2026-09-12T08:31:11-05:00,PUR_IED_FaustinoS_Ext_7b936f,PUR_IED_FaustinoS_Ext_7b936f,,,,,
2026-09-12T08:31:11-05:00,PUR_IED_FaustinoS_Fisica_da2c60,PUR_IED_FaustinoS_Fisica_da2c60,,,,,
2026-09-12T08:31:11-05:00,PUR_IED_FeGarciaLo_Ext_dc68ee,PUR_IED_FeGarciaLo_Ext_dc68ee,,,,,
2026-09-12T08:31:11-05:00,PUR_IED_FeGarciaLo_SDanza_f70a59,PUR_IED_FeGarciaLo_SDanza_f70a59,,,,,
2026-09-12T08:31:11-05:00,PUR_IED_FeGarciaLo_SMusic_125cdd,PUR_IED_FeGarciaLo_SMusic_125cdd,,,,,
2026-09-12T08:31:11-05:00,PUR_IED_FederalAlema_Exte_50c345,PUR_IED_FederalAlema_Exte_50c345,,,,,
2026-09-12T08:31:11-05:00,PUR_IED_FederalAlema_S31_f18371,PUR_IED_FederalAlema_S31_f18371,,,,,
2026-09-12T08:31:11-05:00,PUR_IED_FederalAlema_S901_a62cd,PUR_IED_FederalAlema_S901_a62cd,,,,,
2026-09-12T08:31:11-05:00,PUR_IED_FilarmonicaS_A5_f35eb1,PUR_IED_FilarmonicaS_A5_f35eb1,,,,,
2026-09-12T08:31:11-05:00,PUR_IED_FilarmonicaS_Ext_8a3bde,PUR_IED_FilarmonicaS_Ext_8a3bde,,,,,
2026-09-12T08:31:11-05:00,PUR_IED_FilarmonicaS_Spol_406114,PUR_IED_FilarmonicaS_Spol_406114,,,,,
2026-09-12T08:31:11-05:00,PUR_IED_FlorentinoG_A13_d1fa59,PUR_IED_FlorentinoG_A13_d1fa59,,,,,
2026-09-12T08:31:11-05:00,PUR_IED_FlorentinoG_Ext_1ce6ce,PUR_IED_FlorentinoG_Ext_1ce6ce,,,,,
2026-09-12T08:31:11-05:00,PUR_IED_FlorentinoG_Idiom_a66aac,PUR_IED_FlorentinoG_Idiom_a66aac,,,,,
2026-09-12T08:31:11-05:00,PUR_IED_FranciscoMati_Ext_e3869d,PUR_IED_FranciscoMati_Ext_e3869d,,,,,
2026-09-12T08:31:11-05:00,PUR_IED_FranciscoMati_S13_f31c67,PUR_IED_FranciscoMati_S13_f31c67,,,,,
2026-09-12T08:31:11-05:00,PUR_IED_FranciscoMati_S14_97dead,PUR_IED_FranciscoMati_S14_97dead,,,,,
2026-09-12T08:31:11-05:00,PUR_IED_FranciscoPS_Ext_7bfa9a,PUR_IED_FranciscoPS_Ext_7bfa9a,2,19,60,4.5899,-74.110397
2026-09-12T08:31:11-05:00,PUR_IED_FranciscoPS_Infor_fb8f4c,PUR_IED_FranciscoPS_Infor_fb8f4c,,,,,
2026-09-12T08:31:11-05:00,PUR_IED_FranciscoPS_Quimi_94d39c,PUR_IED_FranciscoPS_Quimi_94d39c,,,,,
2026-09-12T08:31:11-05:00,PUR_IED_FranciscoP_LabQ_d7e148,PUR_IED_FranciscoP_LabQ_d7e148,,,,,
2026-09-12T08:31:11-05:00,PUR_IED_FranciscoP_S28_cf9b30,PUR_IED_FranciscoP_S28_cf9b30,,,,,
2026-09-12T08:31:11-05:00,PUR_IED_FranciscoP_ext_e2313,PUR_IED_FranciscoP_ext_e2313,,,,,
2026-09-12T08:31:11-05:00,PUR_IED_FriederichN_Ext_8ac92a,PUR_IED_FriederichN_Ext_8ac92a,,,,,
2026-09-12T08:31:11-05:00,PUR_IED_FriederichN_S301_dd7e5a,PUR_IED_FriederichN_S301_dd7e5a,,,,,
2026-09-12T08:31:11-05:00,PUR_IED_FriederichN_S308_761f4f,PUR_IED_FriederichN_S308_761f4f,,,,,
2026-09-12T08:31:11-05:00,PUR_IED_GSantander_Aula10_533dd7,PUR_IED_GSantander_Aula10_533dd7,,,,,
2026-09-12T08:31:11-05:00,PUR_IED_GSantander_Aula12_fd4e4f,PUR_IED_GSantander_Aula12_fd4e4f,,,,,
2026-09-12T08:31:11-05:00,PUR_IED_GSantander_Aula310_533dd7,PUR_IED_GSantander_Aula310_533dd7,,,,,
2026-09-12T08:31:11-05:00,PUR_IED_GSantander_Aula312_fd4e4f,PUR_IED_GSantander_Aula312_fd4e4f,,,,,
2026-09-12T08:31:11-05:00,PUR_IED_GSantander_Ext_5f66b0,PUR_IED_GSantander_Ext_5f66b0,,,,,
2026-09-12T08:31:11-05:00,PUR_IED_GYomasa_Ext_f6bea5,PUR_IED_GYomasa_Ext_f6bea5,,,,,
2026-09-12T08:31:11-05:00,PUR_IED_GYomasa_LBiol_2c41aa,PUR_IED_GYomasa_LBiol_2c41aa,,,,,
2026-09-12T08:31:11-05:00,PUR_IED_GYomasa_LQuim_33c80,PUR_IED_GYomasa_LQuim_33c80,,,,,
2026-09-12T08:31:11-05:00,PUR_IED_GabBetMejia_Cienc_5a99c,PUR_IED_GabBetMejia_Cienc_5a99c,,,,,
2026-09-12T08:31:11-05:00,PUR_IED_GabBetMejia_Ext_9153d0,PUR_IED_GabBetMejia_Ext_9153d0,,,,,
2026-09-12T08:31:11-05:00,PUR_IED_GabBetMejia_Lab_f55347,PUR_IED_GabBetMejia_Lab_f55347,,,,,
2026-09-12T08:31:11-05:00,PUR_IED_GabBetanMejia_Ext_9153d0,PUR_IED_GabBetanMejia_Ext_9153d0,,,,,
2026-09-12T08:31:11-05:00,PUR_IED_Gaitana_Aula13_7aac11,PUR_IED_Gaitana_Aula13_7aac11,,,,,
2026-09-12T08:31:11-05:00,PUR_IED_Gaitana_Ext_5fcf4,PUR_IED_Gaitana_Ext_5fcf4,,,,,
2026-09-12T08:31:11-05:00,PUR_IED_Gaitana_LabFisica_644448,PUR_IED_Gaitana_LabFisica_644448,,,,,
2026-09-12T08:31:11-05:00,PUR_IED_GenSantander_Dise_8ac858,PUR_IED_GenSantander_Dise_8ac858,,,,,
2026-09-12T08:31:11-05:00,PUR_IED_GenSantander_Ext_8d5dfe,PUR_IED_GenSantander_Ext_8d5dfe,,,,,
2026-09-12T08:31:11-05:00,PUR_IED_GenSantander_Info_6c25b,PUR_IED_GenSantander_Info_6c25b,,,,,
2026-09-12T08:31:11-05:00,PUR_IED_GustavoMo_Exterio_75e63d,PUR_IED_GustavoMo_Exterio_75e63d,,,,,
2026-09-12T08:31:11-05:00,PUR_IED_GustavoMo_LabFisi_224d37,PUR_IED_GustavoMo_LabFisi_224d37,,,,,
2026-09-12T08:31:11-05:00,PUR_IED_GustavoMo_S208_3e6918,PUR_IED_GustavoMo_S208_3e6918,,,,,
2026-09-12T08:31:11-05:00,PUR_IED_GustavoR_A02_8cd4a8,PUR_IED_GustavoR_A02_8cd4a8,,,,,
2026-09-12T08:31:11-05:00,PUR_IED_GustavoR_B11_5b0ed,PUR_IED_GustavoR_B11_5b0ed,,,,,
2026-09-12T08:31:11-05:00,PUR_IED_GustavoR_Ext_7a0c90,PUR_IED_GustavoR_Ext_7a0c90,,,,,
2026-09-12T08:31:11-05:00,PUR_IED_HernandoDuran_Ext_8cd82b,PUR_IED_HernandoDuran_Ext_8cd82b,,,,,
2026-09-12T08:31:11-05:00,PUR_IED_HernandoDuran_S24_2772c6,PUR_IED_HernandoDuran_S24_2772c6,,,,,
2026-09-12T08:31:11-05:00,PUR_IED_HernandoDuran_S30_f2de41,PUR_IED_HernandoDuran_S30_f2de41,,,,,
2026-09-12T08:31:11-05:00,PUR_IED_HolguInUr_S1101_8cd732,PUR_IED_HolguInUr_S1101_8cd732,,,,,
2026-09-12T08:31:11-05:00,PUR_IED_HolguinUr_Exter_ddae6d,PUR_IED_HolguinUr_Exter_ddae6d,,,,,
2026-09-12T08:31:11-05:00,PUR_IED_HolguinUr_LabQuim_92b952,PUR_IED_HolguinUr_LabQuim_92b952,,,,,
2026-09-12T08:31:11-05:00,PUR_IED_Isabel-II_Ext_5245cc,PUR_IED_Isabel-II_Ext_5245cc,3,18,60,4.6336,-74.153
2026-09-12T08:31:11-05:00,PUR_IED_Isabel-II_S_idiom_1c29aa,PUR_IED_Isabel-II_S_idiom_1c29aa,,,,,
2026-09-12T08:31:11-05:00,PUR_IED_Isabel-II_S_infor_fd741,PUR_IED_Isabel-II_S_infor_fd741,,,,,
2026-09-12T08:31:11-05:00,PUR_IED_IsidroSur_Exterio_5b90ea,PUR_IED_IsidroSur_Exterio_5b90ea,,,,,
2026-09-12T08:31:11-05:00,PUR_IED_IsidroSur_LabTec_56697a,PUR_IED_IsidroSur_LabTec_56697a,,,,,
2026-09-12T08:31:11-05:00,PUR_IED_IsidroSur_Robotic_b7c38f,PUR_IED_IsidroSur_Robotic_b7c38f,,,,,
2026-09-12T08:31:11-05:00,PUR_IED_IsmaelPerd_Ext_7b6672,PUR_IED_IsmaelPerd_Ext_7b6672,,,,,
2026-09-12T08:31:11-05:00,PUR_IED_IsmaelPerd_Inform_306540,PUR_IED_IsmaelPerd_Inform_306540,,,,,
2026-09-12T08:31:11-05:00,PUR_IED_IsmaelPerd_S30_2e2c83,PUR_IED_IsmaelPerd_S30_2e2c83,,,,,
2026-09-12T08:31:11-05:00,PUR_IED_JLozano_Exter_432910,PUR_IED_JLozano_Exter_432910,,,,,
2026-09-12T08:31:11-05:00,PUR_IED_JLozano_salaMulti_df5125,PUR_IED_JLozano_salaMulti_df5125,,,,,
2026-09-12T08:31:11-05:00,PUR_IED_JMCordoba_206_86f80b,PUR_IED_JMCordoba_206_86f80b,,,,,
2026-09-12T08:31:11-05:00,PUR_IED_JMCordoba_Ext_27ad97,PUR_IED_JMCordoba_Ext_27ad97,,,,,
2026-09-12T08:31:11-05:00,PUR_IED_JMCordoba_S310_d59ab4,PUR_IED_JMCordoba_S310_d59ab4,,,,,
2026-09-12T08:31:11-05:00,PUR_IED_Japon_Ext_549100,PUR_IED_Japon_Ext_549100,,,,,
2026-09-12T08:31:11-05:00,PUR_IED_Japon_Laboratorio_bec51d,PUR_IED_Japon_Laboratorio_bec51d,,,,,
2026-09-12T08:31:11-05:00,PUR_IED_Japon_informatica_d99327,PUR_IED_Japon_informatica_d99327,,,,,
2026-09-12T08:31:11-05:00,PUR_IED_Jazmin_Ext_d27bda,PUR_IED_Jazmin_Ext_d27bda,,,,,
2026-09-12T08:31:11-05:00,PUR_IED_Jazmin_Fisica_8d14d7,PUR_IED_Jazmin_Fisica_8d14d7,,,,,
2026-09-12T08:31:11-05:00,PUR_IED_Jazmin_Quimica_801cb5,PUR_IED_Jazmin_Quimica_801cb5,,,,,
2026-09-12T08:31:11-05:00,PUR_IED_JorgeGaitan_Exter_f098d1,PUR_IED_JorgeGaitan_Exter_f098d1,,,,,
2026-09-12T08:31:11-05:00,PUR_IED_JorgeGaitan_STec1_dc9d1d,PUR_IED_JorgeGaitan_STec1_dc9d1d,,,,,
2026-09-12T08:31:11-05:00,PUR_IED_JorgeGaitan_STec2_281e69,PUR_IED_JorgeGaitan_STec2_281e69,,,,,
2026-09-12T08:31:11-05:00,PUR_IED_JorgeSoto_Exterio_d9d0a2,PUR_IED_JorgeSoto_Exterio_d9d0a2,,,,,
2026-09-12T08:31:11-05:00,PUR_IED_JorgeSoto_LabFisi_209c54,PUR_IED_JorgeSoto_LabFisi_209c54,,,,,
2026-09-12T08:31:11-05:00,PUR_IED_JorgeSoto_S103_27b51a,PUR_IED_JorgeSoto_S103_27b51a,,,,,
2026-09-12T08:31:11-05:00,PUR_IED_JoseAcevedo_A02_e965eb,PUR_IED_JoseAcevedo_A02_e965eb,,,,,
2026-09-12T08:31:11-05:00,PUR_IED_JoseAcevedo_A07_dd5b4,PUR_IED_JoseAcevedo_A07_dd5b4,,,,,
2026-09-12T08:31:11-05:00,PUR_IED_JoseAcevedo_Ext_b47484,PUR_IED_JoseAcevedo_Ext_b47484,,,,,
2026-09-12T08:31:11-05:00,PUR_IED_JoseMarti_Exte_5b9bf,PUR_IED_JoseMarti_Exte_5b9bf,,,,,
2026-09-12T08:31:11-05:00,PUR_IED_JoseMarti_LabQuim_1c6c2d,PUR_IED_JoseMarti_LabQuim_1c6c2d,,,,,
2026-09-12T08:31:11-05:00,PUR_IED_JoseMarti_S_info_f5f177,PUR_IED_JoseMarti_S_info_f5f177,,,,,
2026-09-12T08:31:11-05:00,PUR_IED_Josejoaquin_Ext_dfc5dc,PUR_IED_Josejoaquin_Ext_dfc5dc,,,,,
2026-09-12T08:31:11-05:00,PUR_IED_Josejoaquin_S05_5b2a96,PUR_IED_Josejoaquin_S05_5b2a96,,,,,
2026-09-12T08:31:11-05:00,PUR_IED_Josejoaquin_S06_1ce7d2,PUR_IED_Josejoaquin_S06_1ce7d2,,,,,
2026-09-12T08:31:11-05:00,PUR_IED_JulioFlorez_Danza_9b82dd,PUR_IED_JulioFlorez_Danza_9b82dd,,,,,
2026-09-12T08:31:11-05:00,PUR_IED_JulioFlorez_Exter_f9f314,PUR_IED_JulioFlorez_Exter_f9f314,,,,,
2026-09-12T08:31:11-05:00,PUR_IED_JulioFlorez_info2_6b6e08,PUR_IED_JulioFlorez_info2_6b6e08,,,,,
2026-09-12T08:31:11-05:00,PUR_IED_LaBelleza_Aula13_1d00d8,PUR_IED_LaBelleza_Aula13_1d00d8,,,,,
2026-09-12T08:31:11-05:00,PUR_IED_LaBelleza_Ext_7bc08c,PUR_IED_LaBelleza_Ext_7bc08c,,,,,
2026-09-12T08:31:11-05:00,PUR_IED_LaChucua_Ext_8cd6d2,PUR_IED_LaChucua_Ext_8cd6d2,,,,,
2026-09-12T08:31:11-05:00,PUR_IED_LaChucua_S15_f578ce,PUR_IED_LaChucua_S15_f578ce,,,,,
2026-09-12T08:31:11-05:00,PUR_IED_LaChucua_S16_eebcf9,PUR_IED_LaChucua_S16_eebcf9,,,,,
2026-09-12T08:31:11-05:00,PUR_IED_LaFelicidad_Ext_fb5109,PUR_IED_LaFelicidad_Ext_fb5109,,,,,
2026-09-12T08:31:11-05:00,PUR_IED_LaMerced_206_66ebd,PUR_IED_LaMerced_206_66ebd,,,,,
2026-09-12T08:31:11-05:00,PUR_IED_LaMerced_207_6ebd6,PUR_IED_LaMerced_207_6ebd6,,,,,
2026-09-12T08:31:11-05:00,PUR_IED_LaMerced_ext_304311,PUR_IED_LaMerced_ext_304311,,,,,
2026-09-12T08:31:11-05:00,PUR_IED_Laureano_CiencNat_281e5e,PUR_IED_Laureano_CiencNat_281e5e,,,,,
2026-09-12T08:31:11-05:00,PUR_IED_Laureano_Comedor_f65c0a,PUR_IED_Laureano_Comedor_f65c0a,,,,,
2026-09-12T08:31:11-05:00,PUR_IED_Laureano_Exterior_7ab011,PUR_IED_Laureano_Exterior_7ab011,,,,,
2026-09-12T08:31:11-05:00,PUR_IED_LeonGreiff_Exte_dfe560,PUR_IED_LeonGreiff_Exte_dfe560,,,,,
2026-09-12T08:31:11-05:00,PUR_IED_LeonGreiff_S210_f264ed,PUR_IED_LeonGreiff_S210_f264ed,,,,,
2026-09-12T08:31:11-05:00,PUR_IED_LeonGreiff_SQuimi_e8296f,PUR_IED_LeonGreiff_SQuimi_e8296f,,,,,
2026-09-12T08:31:11-05:00,PUR_IED_LlanoOrientalS208_7b9fcd,PUR_IED_LlanoOrientalS208_7b9fcd,,,,,
2026-09-12T08:31:11-05:00,PUR_IED_LlanoOriental_Ext_fb3766,PUR_IED_LlanoOriental_Ext_fb3766,,,,,
2026-09-12T08:31:11-05:00,PUR_IED_LlanoOriental_S208_7b9fcd,PUR_IED_LlanoOriental_S208_7b9fcd,,,,,
2026-09-12T08:31:11-05:00,PUR_IED_LlanoOriental_S9_27b378,PUR_IED_LlanoOriental_S9_27b378,,,,,
2026-09-12T08:31:11-05:00,PUR_IED_LosTejares_1101_477602,PUR_IED_LosTejares_1101_477602,,,,,
2026-09-12T08:31:11-05:00,PUR_IED_LosTejares_11_d2c595,PUR_IED_LosTejares_11_d2c595,,,,,
2026-09-12T08:31:11-05:00,PUR_IED_LosTejares_12_477602,PUR_IED_LosTejares_12_477602,,,,,
2026-09-12T08:31:11-05:00,PUR_IED_LosTejares_Ext_8e2115,PUR_IED_LosTejares_Ext_8e2115,,,,,
2026-09-12T08:31:11-05:00,PUR_IED_MagdalenaO_B202_5ddda3,PUR_IED_MagdalenaO_B202_5ddda3,,,,,
2026-09-12T08:31:11-05:00,PUR_IED_MagdalenaO_B205_fb76e8,PUR_IED_MagdalenaO_B205_fb76e8,,,,,
2026-09-12T08:31:11-05:00,PUR_IED_MagdalenaO_ext_dc69cd,PUR_IED_MagdalenaO_ext_dc69cd,,,,,
2026-09-12T08:31:11-05:00,PUR_IED_ManueCepeda_artes_eee956,PUR_IED_ManueCepeda_artes_eee956,,,,,
2026-09-12T08:31:11-05:00,PUR_IED_ManuelCepeda_Ext_58313,PUR_IED_ManuelCepeda_Ext_58313,,,,,
2026-09-12T08:31:11-05:00,PUR_IED_ManuelCepeda_tec_1c5731,PUR_IED_ManuelCepeda_tec_1c5731,,,,,
2026-09-12T08:31:11-05:00,PUR_IED_ManuelS_Exterior_5b269,PUR_IED_ManuelS_Exterior_5b269,,,,,
2026-09-12T08:31:11-05:00,PUR_IED_ManuelS_Inform_f369ce,PUR_IED_ManuelS_Inform_f369ce,,,,,
2026-09-12T08:31:11-05:00,PUR_IED_ManuelS_SArtes_7d15f1,PUR_IED_ManuelS_SArtes_7d15f1,,,,,
2026-09-12T08:31:11-05:00,PUR_IED_ManuelZapata_303_3ca6,PUR_IED_ManuelZapata_303_3ca6,,,,,
2026-09-12T08:31:11-05:00,PUR_IED_ManuelZapata_311_bfbabc,PUR_IED_ManuelZapata_311_bfbabc,,,,,
2026-09-12T08:31:11-05:00,PUR_IED_ManuelZapata_Ext_50824a,PUR_IED_ManuelZapata_Ext_50824a,,,,,
2026-09-12T08:31:11-05:00,PUR_IED_ManuelitaS_Exteri_656a92,PUR_IED_ManuelitaS_Exteri_656a92,,,,,
2026-09-12T08:31:11-05:00,PUR_IED_ManuelitaS_JuzgDe_f58ec3,PUR_IED_ManuelitaS_JuzgDe_f58ec3,,,,,
2026-09-12T08:31:11-05:00,PUR_IED_ManuelitaS_Recrea_d793db,PUR_IED_ManuelitaS_Recrea_d793db,,,,,
2026-09-12T08:31:11-05:00,PUR_IED_MarFidSuarez_Ext_c27b19,PUR_IED_MarFidSuarez_Ext_c27b19,,,,,
2026-09-12T08:31:11-05:00,PUR_IED_MarFidSuarez_Info_e384d7,PUR_IED_MarFidSuarez_Info_e384d7,,,,,
2026-09-12T08:31:11-05:00,PUR_IED_MarFidSuarez_S306_1d0032,PUR_IED_MarFidSuarez_S306_1d0032,,,,,
2026-09-12T08:31:11-05:00,PUR_IED_Menorah_301_2a25a3,PUR_IED_Menorah_301_2a25a3,,,,,
2026-09-12T08:31:11-05:00,PUR_IED_Menorah_306_37ed3,PUR_IED_Menorah_306_37ed3,,,,,
2026-09-12T08:31:11-05:00,PUR_IED_Menorah_Ext_3e155b,PUR_IED_Menorah_Ext_3e155b,,,,,
2026-09-12T08:31:11-05:00,PUR_IED_MinutoB.Aires_A11_1b1604,PUR_IED_MinutoB.Aires_A11_1b1604,,,,,
2026-09-12T08:31:11-05:00,PUR_IED_MinutoB.Aires_A12_fb5860,PUR_IED_MinutoB.Aires_A12_fb5860,,,,,
2026-09-12T08:31:11-05:00,PUR_IED_MinutoB.Aires_Ext_81293f,PUR_IED_MinutoB.Aires_Ext_81293f,,,,,
2026-09-12T08:31:11-05:00,PUR_IED_MinutoBAires_A11_1b1604,PUR_IED_MinutoBAires_A11_1b1604,,,,,
2026-09-12T08:31:11-05:00,PUR_IED_MinutoBAires_A12_fb5860,PUR_IED_MinutoBAires_A12_fb5860,,,,,
2026-09-12T08:31:11-05:00,PUR_IED_MinutoBAires_Ext_81293f,PUR_IED_MinutoBAires_Ext_81293f,,,,,
2026-09-12T08:31:11-05:00,PUR_IED_Montreal_Aula10_1e4959,PUR_IED_Montreal_Aula10_1e4959,,,,,
2026-09-12T08:31:11-05:00,PUR_IED_Montreal_Aula6_300367,PUR_IED_Montreal_Aula6_300367,,,,,
2026-09-12T08:31:11-05:00,PUR_IED_Montreal_Exterior_91a179,PUR_IED_Montreal_Exterior_91a179,,,,,
2026-09-12T08:31:11-05:00,PUR_IED_Mqgdalena_B202_5ddda3,PUR_IED_Mqgdalena_B202_5ddda3,,,,,
2026-09-12T08:31:11-05:00,PUR_IED_NACUND_Soc_dc8728,PUR_IED_NACUND_Soc_dc8728,,,,,
2026-09-12T08:31:11-05:00,PUR_IED_NACUND_ext_27ad97,PUR_IED_NACUND_ext_27ad97,,,,,
2026-09-12T08:31:11-05:00,PUR_IED_NEsperanza_Ext_d24b61,PUR_IED_NEsperanza_Ext_d24b61,,,,,
2026-09-12T08:31:11-05:00,PUR_IED_NEsperanza_SElect_7d1807,PUR_IED_NEsperanza_SElect_7d1807,,,,,
2026-09-12T08:31:11-05:00,PUR_IED_NEsperanza_SLabor_8b2d0a,PUR_IED_NEsperanza_SLabor_8b2d0a,,,,,
2026-09-12T08:31:11-05:00,PUR_IED_NacionesU_Ext_f661a9,PUR_IED_NacionesU_Ext_f661a9,,,,,
2026-09-12T08:31:11-05:00,PUR_IED_NacionesU_Quimica_66f0a,PUR_IED_NacionesU_Quimica_66f0a,,,,,
2026-09-12T08:31:11-05:00,PUR_IED_NacionesU_S306_1b4b3d,PUR_IED_NacionesU_S306_1b4b3d,,,,,
2026-09-12T08:31:11-05:00,PUR_IED_NestorFA_Ext_e4201c,PUR_IED_NestorFA_Ext_e4201c,,,,,
2026-09-12T08:31:11-05:00,PUR_IED_NestorFA_Laborato_f22fe0,PUR_IED_NestorFA_Laborato_f22fe0,,,,,
2026-09-12T08:31:11-05:00,PUR_IED_NestorFA_S204_dee996,PUR_IED_NestorFA_S204_dee996,,,,,
2026-09-12T08:31:11-05:00,PUR_IED_NidyaQT_Aula03_76999b,PUR_IED_NidyaQT_Aula03_76999b,,,,,
2026-09-12T08:31:11-05:00,PUR_IED_NidyaQT_Aula10_56325,PUR_IED_NidyaQT_Aula10_56325,,,,,
2026-09-12T08:31:11-05:00,PUR_IED_NidyaQT_Ext_46e32d,PUR_IED_NidyaQT_Ext_46e32d,,,,,
2026-09-12T08:31:11-05:00,PUR_IED_NuevaCol_Exterior_d9b859,PUR_IED_NuevaCol_Exterior_d9b859,,,,,
2026-09-12T08:31:11-05:00,PUR_IED_NuevaCol_S1101_76c43b,PUR_IED_NuevaCol_S1101_76c43b,,,,,
2026-09-12T08:31:11-05:00,PUR_IED_NuevaCol_S1102_1ce0b5,PUR_IED_NuevaCol_S1102_1ce0b5,,,,,
2026-09-12T08:31:11-05:00,PUR_IED_OEA_A202_f7e3f2,PUR_IED_OEA_A202_f7e3f2,,,,,
2026-09-12T08:31:11-05:00,PUR_IED_OEA_A203_7d1b8d,PUR_IED_OEA_A203_7d1b8d,,,,,
2026-09-12T08:31:11-05:00,PUR_IED_OEA_Ext_27b593,PUR_IED_OEA_Ext_27b593,,,,,
2026-09-12T08:31:11-05:00,PUR_IED_Ochoa_Ext_1c29da,PUR_IED_Ochoa_Ext_1c29da,,,,,
2026-09-12T08:31:11-05:00,PUR_IED_Ochoa_S205_8b1121,PUR_IED_Ochoa_S205_8b1121,,,,,
2026-09-12T08:31:11-05:00,PUR_IED_Ochoa_Sistemas_f33af6,PUR_IED_Ochoa_Sistemas_f33af6,,,,,
2026-09-12T08:31:11-05:00,PUR_IED_PQuebec_Ext_1c67c7,PUR_IED_PQuebec_Ext_1c67c7,,,,,
2026-09-12T08:31:11-05:00,PUR_IED_PQuebec_S15_23e8e2,PUR_IED_PQuebec_S15_23e8e2,,,,,
2026-09-12T08:31:11-05:00,PUR_IED_PQuebec_S16_8ec76b,PUR_IED_PQuebec_S16_8ec76b,,,,,
2026-09-12T08:31:11-05:00,PUR_IED_PabloN_Ext_49dc96,PUR_IED_PabloN_Ext_49dc96,,,,,
2026-09-12T08:31:11-05:00,PUR_IED_PabloN_S1102_4e3df5,PUR_IED_PabloN_S1102_4e3df5,,,,,
2026-09-12T08:31:11-05:00,PUR_IED_PabloN_S1103_50c94b,PUR_IED_PabloN_S1103_50c94b,,,,,
2026-09-12T08:31:11-05:00,PUR_IED_Palestina_S1101_db9198,PUR_IED_Palestina_S1101_db9198,,,,,
2026-09-12T08:31:11-05:00,PUR_IED_Palestina_S1102_dc54fa,PUR_IED_Palestina_S1102_dc54fa,,,,,
2026-09-12T08:31:11-05:00,PUR_IED_Palestina_ext_4ccce6,PUR_IED_Palestina_ext_4ccce6,,,,,
2026-09-12T08:31:11-05:00,PUR_IED_Panama_Fisica_4d0794,PUR_IED_Panama_Fisica_4d0794,,,,,
2026-09-12T08:31:11-05:00,PUR_IED_Panama_SIngles_a4077e,PUR_IED_Panama_SIngles_a4077e,,,,,
2026-09-12T08:31:11-05:00,PUR_IED_Panama_ext_4c54b4,PUR_IED_Panama_ext_4c54b4,,,,,
2026-09-12T08:31:11-05:00,PUR_IED_ParaisoM_Exterior_8cd7f0,PUR_IED_ParaisoM_Exterior_8cd7f0,,,,,
2026-09-12T08:31:11-05:00,PUR_IED_ParaisoM_Laborato_27af35,PUR_IED_ParaisoM_Laborato_27af35,,,,,
2026-09-12T08:31:11-05:00,PUR_IED_ParaisoM_S304_d1edca,PUR_IED_ParaisoM_S304_d1edca,,,,,
2026-09-12T08:31:11-05:00,PUR_IED_PorfirioBarba_Ext_301466,PUR_IED_PorfirioBarba_Ext_301466,,,,,
2026-09-12T08:31:11-05:00,PUR_IED_PorfirioBarba_S11_df6cd2,PUR_IED_PorfirioBarba_S11_df6cd2,,,,,
2026-09-12T08:31:11-05:00,PUR_IED_PorfirioBarba_S29_27a7d6,PUR_IED_PorfirioBarba_S29_27a7d6,,,,,
2026-09-12T08:31:11-05:00,PUR_IED_PradoV_Exter_8b27ad,PUR_IED_PradoV_Exter_8b27ad,,,,,
2026-09-12T08:31:11-05:00,PUR_IED_PradoV_S301_de65b5,PUR_IED_PradoV_S301_de65b5,,,,,
2026-09-12T08:31:11-05:00,PUR_IED_PradoV_S302_7d2593,PUR_IED_PradoV_S302_7d2593,,,,,
2026-09-12T08:31:11-05:00,PUR_IED_QuirogaAlz_Ext_1ddc82,PUR_IED_QuirogaAlz_Ext_1ddc82,,,,,
2026-09-12T08:31:11-05:00,PUR_IED_QuirogaAlz_S302_9926a3,PUR_IED_QuirogaAlz_S302_9926a3,,,,,
2026-09-12T08:31:11-05:00,PUR_IED_QuirogaAlz_S305_cdf1f1,PUR_IED_QuirogaAlz_S305_cdf1f1,,,,,
2026-09-12T08:31:11-05:00,PUR_IED_RGuatemala_Biling_dc53b7,PUR_IED_RGuatemala_Biling_dc53b7,,,,,
2026-09-12T08:31:11-05:00,PUR_IED_RGuatemala_Ext_1b89a3,PUR_IED_RGuatemala_Ext_1b89a3,,,,,
2026-09-12T08:31:11-05:00,PUR_IED_RGuatemala_Tecnol_281a34,PUR_IED_RGuatemala_Tecnol_281a34,,,,,
2026-09-12T08:31:11-05:00,PUR_IED_RafaNu_Ext_f7c302,PUR_IED_RafaNu_Ext_f7c302,,,,,
2026-09-12T08:31:11-05:00,PUR_IED_RafaNu_S1101_25fde,PUR_IED_RafaNu_S1101_25fde,,,,,
2026-09-12T08:31:11-05:00,PUR_IED_RafaNu_S1102_281517,PUR_IED_RafaNu_S1102_281517,,,,,
2026-09-12T08:31:11-05:00,PUR_IED_RafaelB_S305_ee2783,PUR_IED_RafaelB_S305_ee2783,,,,,
2026-09-12T08:31:11-05:00,PUR_IED_RafaelB_S306_75fe33,PUR_IED_RafaelB_S306_75fe33,,,,,
2026-09-12T08:31:11-05:00,PUR_IED_RafaelB_ext_283336,PUR_IED_RafaelB_ext_283336,2,19,59,4.6722,-74.0737
2026-09-12T08:31:11-05:00,PUR_IED_RafaelUU_Exterior_281a51,PUR_IED_RafaelUU_Exterior_281a51,,,,,
2026-09-12T08:31:11-05:00,PUR_IED_RafaelUU_Human_806b2,PUR_IED_RafaelUU_Human_806b2,,,,,
2026-09-12T08:31:11-05:00,PUR_IED_RafaelUU_Mate2_5680d4,PUR_IED_RafaelUU_Mate2_5680d4,,,,,
2026-09-12T08:31:11-05:00,PUR_IED_RamonSub_Ext_f9eeb9,PUR_IED_RamonSub_Ext_f9eeb9,,,,,
2026-09-12T08:31:11-05:00,PUR_IED_RamonSub_Media_d1f62f,PUR_IED_RamonSub_Media_d1f62f,,,,,
2026-09-12T08:31:11-05:00,PUR_IED_RamonSub_planta_51b82,PUR_IED_RamonSub_planta_51b82,,,,,
2026-09-12T08:31:11-05:00,PUR_IED_RepBoliVene_Exter_27af7c,PUR_IED_RepBoliVene_Exter_27af7c,,,,,
2026-09-12T08:31:11-05:00,PUR_IED_RepBoliVene_SCPT_5ae2ee,PUR_IED_RepBoliVene_SCPT_5ae2ee,,,,,
2026-09-12T08:31:11-05:00,PUR_IED_RepBoliVene_Socia_4b11d5,PUR_IED_RepBoliVene_Socia_4b11d5,,,,,
2026-09-12T08:31:11-05:00,PUR_IED_RepChina_Ext_76d9ee,PUR_IED_RepChina_Ext_76d9ee,,,,,
2026-09-12T08:31:11-05:00,PUR_IED_RepChina_S404_7c804c,PUR_IED_RepChina_S404_7c804c,,,,,
2026-09-12T08:31:11-05:00,PUR_IED_RepChina_S405_df2c33,PUR_IED_RepChina_S405_df2c33,,,,,
2026-09-12T08:31:11-05:00,PUR_IED_RepublicaC_Exteri_7d1ec9,PUR_IED_RepublicaC_Exteri_7d1ec9,,,,,
2026-09-12T08:31:11-05:00,PUR_IED_RepublicaC_S1101_f544b3,PUR_IED_RepublicaC_S1101_f544b3,,,,,
2026-09-12T08:31:11-05:00,PUR_IED_RepublicaC_S1102_7aafc7,PUR_IED_RepublicaC_S1102_7aafc7,,,,,
2026-09-12T08:31:11-05:00,PUR_IED_Ricaurte_Externo_a0ea1,PUR_IED_Ricaurte_Externo_a0ea1,,,,,
2026-09-12T08:31:11-05:00,PUR_IED_Ricaurte_S210_f546fd,PUR_IED_Ricaurte_S210_f546fd,,,,,
2026-09-12T08:31:11-05:00,PUR_IED_Ricaurte_S309_d4452,PUR_IED_Ricaurte_S309_d4452,,,,,
2026-09-12T08:31:11-05:00,PUR_IED_RogelioS_1102_531e69,PUR_IED_RogelioS_1102_531e69,,,,,
2026-09-12T08:31:11-05:00,PUR_IED_RogelioS_Ext_f25a18,PUR_IED_RogelioS_Ext_f25a18,,,,,
2026-09-12T08:31:11-05:00,PUR_IED_SBernardino_Ext_27aff8,PUR_IED_SBernardino_Ext_27aff8,,,,,
2026-09-12T08:31:11-05:00,PUR_IED_SBernardino_SArte_2ffd33,PUR_IED_SBernardino_SArte_2ffd33,,,,,
2026-09-12T08:31:11-05:00,PUR_IED_SBernardino_SIngl_7c7da5,PUR_IED_SBernardino_SIngl_7c7da5,,,,,
2026-09-12T08:31:11-05:00,PUR_IED_Sago_auditorio_dc9d1d,PUR_IED_Sago_auditorio_dc9d1d,,,,,
2026-09-12T08:31:11-05:00,PUR_IED_Saludcoop_Ext_95aac3,PUR_IED_Saludcoop_Ext_95aac3,,,,,
2026-09-12T08:31:11-05:00,PUR_IED_Saludcoop_InfI_90c854,PUR_IED_Saludcoop_InfI_90c854,,,,,
2026-09-12T08:31:11-05:00,PUR_IED_Saludcoop_SMedia_1b93be,PUR_IED_Saludcoop_SMedia_1b93be,,,,,
2026-09-12T08:31:11-05:00,PUR_IED_SanCarlos_1101_1a2360,PUR_IED_SanCarlos_1101_1a2360,,,,,
2026-09-12T08:31:11-05:00,PUR_IED_SanCarlos_1103_7bafb5,PUR_IED_SanCarlos_1103_7bafb5,,,,,
2026-09-12T08:31:11-05:00,PUR_IED_SanCarlos_Ext_b7cd1,PUR_IED_SanCarlos_Ext_b7cd1,,,,,
2026-09-12T08:31:11-05:00,PUR_IED_SanIgnacioBosa11a_50c26e,PUR_IED_SanIgnacioBosa11a_50c26e,,,,,
2026-09-12T08:31:11-05:00,PUR_IED_SanIgnacioBosa11b_371de8,PUR_IED_SanIgnacioBosa11b_371de8,,,,,
2026-09-12T08:31:11-05:00,PUR_IED_SanIgnacioBosaExt_ef0ffc,PUR_IED_SanIgnacioBosaExt_ef0ffc,,,,,
2026-09-12T08:31:11-05:00,PUR_IED_SanIgnacioBosa_11a_50c26e,PUR_IED_SanIgnacioBosa_11a_50c26e,,,,,
2026-09-12T08:31:11-05:00,PUR_IED_SanIgnacioBosa_Ext_ef0ffc,PUR_IED_SanIgnacioBosa_Ext_ef0ffc,,,,,
2026-09-12T08:31:11-05:00,PUR_IED_SanJoseN_intS1101_31c47f,PUR_IED_SanJoseN_intS1101_31c47f,,,,,
2026-09-12T08:31:11-05:00,PUR_IED_SanJoseUsm_Exter_f5d7e8,PUR_IED_SanJoseUsm_Exter_f5d7e8,,,,,
2026-09-12T08:31:11-05:00,PUR_IED_SanJoseUsm_Int11A_cfdef6,PUR_IED_SanJoseUsm_Int11A_cfdef6,,,,,
2026-09-12T08:31:11-05:00,PUR_IED_SilveriaR_IntB5_905349,PUR_IED_SilveriaR_IntB5_905349,,,,,
2026-09-12T08:31:11-05:00,PUR_IED_SilveriaR_IntSD14_981f93,PUR_IED_SilveriaR_IntSD14_981f93,,,,,
2026-09-12T08:31:11-05:00,PUR_IED_SilveriaR_ext_2b651d,PUR_IED_SilveriaR_ext_2b651d,,,,,
2026-09-12T08:31:11-05:00,PUR_IED_SimonB_Exterior_913975,PUR_IED_SimonB_Exterior_913975,,,,,
2026-09-12T08:31:11-05:00,PUR_IED_SimonB_LabQuimi_c56908,PUR_IED_SimonB_LabQuimi_c56908,,,,,
2026-09-12T08:31:11-05:00,PUR_IED_SimonB_informatic_a28c1,PUR_IED_SimonB_informatic_a28c1,,,,,
2026-09-12T08:31:11-05:00,PUR_IED_Sorrento_1102_315f50,PUR_IED_Sorrento_1102_315f50,,,,,
2026-09-12T08:31:11-05:00,PUR_IED_Sorrento_Minte_214eab,PUR_IED_Sorrento_Minte_214eab,,,,,
2026-09-12T08:31:11-05:00,PUR_IED_Sorrento_ext_7c3a0a,PUR_IED_Sorrento_ext_7c3a0a,,,,,
2026-09-12T08:31:11-05:00,PUR_IED_Tabora_Ext_f048ae,PUR_IED_Tabora_Ext_f048ae,,,,,
2026-09-12T08:31:11-05:00,PUR_IED_Tabora_S1102_b07752,PUR_IED_Tabora_S1102_b07752,,,,,
2026-09-12T08:31:11-05:00,PUR_IED_Tabora_S1103_d988f5,PUR_IED_Tabora_S1103_d988f5,,,,,
2026-09-12T08:31:11-05:00,PUR_IED_Tenerife_Ext_1ab188,PUR_IED_Tenerife_Ext_1ab188,,,,,
2026-09-12T08:31:11-05:00,PUR_IED_Tenerife_SDanzas_7bc02e,PUR_IED_Tenerife_SDanzas_7bc02e,,,,,
2026-09-12T08:31:11-05:00,PUR_IED_Tenerife_SIngles_7cc277,PUR_IED_Tenerife_SIngles_7cc277,,,,,
2026-09-12T08:31:11-05:00,PUR_IED_Tibabuyes_Exter_f2683d,PUR_IED_Tibabuyes_Exter_f2683d,,,,,
2026-09-12T08:31:11-05:00,PUR_IED_Tibabuyes_S10_dc87a8,PUR_IED_Tibabuyes_S10_dc87a8,,,,,
2026-09-12T08:31:11-05:00,PUR_IED_Tibabuyes_S15_dc0526,PUR_IED_Tibabuyes_S15_dc0526,,,,,
2026-09-12T08:31:11-05:00,PUR_IED_UnionE_S301_a1043,PUR_IED_UnionE_S301_a1043,,,,,
2026-09-12T08:31:11-05:00,PUR_IED_UnionE_S307_ff6c2f,PUR_IED_UnionE_S307_ff6c2f,,,,,
2026-09-12T08:31:11-05:00,PUR_IED_UnionE__Ext_5e2468,PUR_IED_UnionE__Ext_5e2468,,,,,
2026-09-12T08:31:11-05:00,PUR_IED_VillaRica_Ext_75be7c,PUR_IED_VillaRica_Ext_75be7c,,,,,
2026-09-12T08:31:11-05:00,PUR_IED_VillaRica_S4_cc5dcd,PUR_IED_VillaRica_S4_cc5dcd,,,,,
2026-09-12T08:31:11-05:00,PUR_IED_VillaRica_Sesp_99f5c,PUR_IED_VillaRica_Sesp_99f5c,,,,,
2026-09-12T08:36:06-05:00,PUR_IED_20deJulio_1101_91b1b9,PUR_IED_20deJulio_1101_91b1b9,,,,,
2026-09-12T08:36:06-05:00,PUR_IED_20deJulio_1102_1cfcf9,PUR_IED_20deJulio_1102_1cfcf9,,,,,
2026-09-12T08:36:06-05:00,PUR_IED_20deJulio_Ext_ab60bd,PUR_IED_20deJulio_Ext_ab60bd,,,,,
2026-09-12T08:36:06-05:00,PUR_IED_AgustinFer_Ext_7b9b77,PUR_IED_AgustinFer_Ext_7b9b77,,,,,
2026-09-12T08:36:06-05:00,PUR_IED_AgustinFer_Info2_27b3a7,PUR_IED_AgustinFer_Info2_27b3a7,,,,,
2026-09-12T08:36:06-05:00,PUR_IED_AgustinFer_Sena_54b4eb,PUR_IED_AgustinFer_Sena_54b4eb,,,,,
2026-09-12T08:36:06-05:00,PUR_IED_AlexanderF_1102_caf07b,PUR_IED_AlexanderF_1102_caf07b,,,,,
2026-09-12T08:36:06-05:00,PUR_IED_AlexanderF_1103_c79e71,PUR_IED_AlexanderF_1103_c79e71,,,,,
2026-09-12T08:36:06-05:00,PUR_IED_AlexanderF_Ext_c5b18b,PUR_IED_AlexanderF_Ext_c5b18b,,,,,
2026-09-12T08:36:06-05:00,PUR_IED_AlfonsoLopez_Ext_281d77,PUR_IED_AlfonsoLopez_Ext_281d77,,,,,
2026-09-12T08:36:06-05:00,PUR_IED_AlfonsoLopez_LabF_888ce0,PUR_IED_AlfonsoLopez_LabF_888ce0,,,,,
2026-09-12T08:36:06-05:00,PUR_IED_AlfonsoLopez_SMed_df6a7f,PUR_IED_AlfonsoLopez_SMed_df6a7f,,,,,
2026-09-12T08:36:06-05:00,PUR_IED_AltamiraSO_A2_209f92,PUR_IED_AltamiraSO_A2_209f92,,,,,
2026-09-12T08:36:06-05:00,PUR_IED_AltamiraSO_Ext_186d66,PUR_IED_AltamiraSO_Ext_186d66,,,,,
2026-09-12T08:36:06-05:00,PUR_IED_AltamiraSO_Sistem_27afe1,PUR_IED_AltamiraSO_Sistem_27afe1,,,,,
2026-09-12T08:36:06-05:00,PUR_IED_AlvaroGom_LabQuim_813179,PUR_IED_AlvaroGom_LabQuim_813179,,,,,
2026-09-12T08:36:06-05:00,PUR_IED_AlvaroGomez_Ext_47c7ca,PUR_IED_AlvaroGomez_Ext_47c7ca,,,,,
2026-09-12T08:36:06-05:00,PUR_IED_AlvaroGomez_LabQuim_813179,PUR_IED_AlvaroGomez_LabQuim_813179,,,,,
2026-09-12T08:36:06-05:00,PUR_IED_AlvaroGomez_S23_7ba89f,PUR_IED_AlvaroGomez_S23_7ba89f,,,,,
2026-09-12T08:36:06-05:00,PUR_IED_Amistad_306_dc8728,PUR_IED_Amistad_306_dc8728,,,,,
2026-09-12T08:36:06-05:00,PUR_IED_Amistad_Ext_8cd55e,PUR_IED_Amistad_Ext_8cd55e,,,,,
2026-09-12T08:36:06-05:00,PUR_IED_Amistad_S202_a41169,PUR_IED_Amistad_S202_a41169,,,,,
2026-09-12T08:36:06-05:00,PUR_IED_AndresBello_Bio_fd5f5e,PUR_IED_AndresBello_Bio_fd5f5e,,,,,
2026-09-12T08:36:06-05:00,PUR_IED_AndresBello_ext_dcad65,PUR_IED_AndresBello_ext_dcad65,,,,,
2026-09-12T08:36:06-05:00,PUR_IED_AndresBello_port_eed3ec,PUR_IED_AndresBello_port_eed3ec,,,,,
2026-09-12T08:36:06-05:00,PUR_IED_AngelaR_11b_d90a6b,PUR_IED_AngelaR_11b_d90a6b,,,,,
2026-09-12T08:36:06-05:00,PUR_IED_AngelaR_ext_7cad3e,PUR_IED_AngelaR_ext_7cad3e,,,,,
2026-09-12T08:36:06-05:00,PUR_IED_AntJoseSucre_10mo_df2575,PUR_IED_AntJoseSucre_10mo_df2575,,,,,
2026-09-12T08:36:06-05:00,PUR_IED_AntJoseSucre_Ext_215b36,PUR_IED_AntJoseSucre_Ext_215b36,,,,,
2026-09-12T08:36:06-05:00,PUR_IED_AntJoseSucre_Lab_3139de,PUR_IED_AntJoseSucre_Lab_3139de,,,,,
2026-09-12T08:36:06-05:00,PUR_IED_AntonioGarcia_301_d6b188,PUR_IED_AntonioGarcia_301_d6b188,,,,,
2026-09-12T08:36:06-05:00,PUR_IED_AntonioGarcia_302_88a82,PUR_IED_AntonioGarcia_302_88a82,,,,,
2026-09-12T08:36:06-05:00,PUR_IED_AntonioGarcia_Ext_20950c,PUR_IED_AntonioGarcia_Ext_20950c,,,,,
2026-09-12T08:36:06-05:00,PUR_IED_AntonioVan_Aula2_6dea02,PUR_IED_AntonioVan_Aula2_6dea02,,,,,
2026-09-12T08:36:06-05:00,PUR_IED_AntonioVan_Aula5_f1557e,PUR_IED_AntonioVan_Aula5_f1557e,,,,,
2026-09-12T08:36:06-05:00,PUR_IED_AntonioVan_Ext_406f2f,PUR_IED_AntonioVan_Ext_406f2f,,,,,
2026-09-12T08:36:06-05:00,PUR_IED_Atabanzha_Ext_cc5af9,PUR_IED_Atabanzha_Ext_cc5af9,,,,,
2026-09-12T08:36:06-05:00,PUR_IED_Atabanzha_SA101_56c37,PUR_IED_Atabanzha_SA101_56c37,,,,,
2026-09-12T08:36:06-05:00,PUR_IED_Atabanzha_SB302_27b374,PUR_IED_Atabanzha_SB302_27b374,,,,,
2026-09-12T08:36:06-05:00,PUR_IED_Atahualpa_Ext_fc1748,PUR_IED_Atahualpa_Ext_fc1748,,,,,
2026-09-12T08:36:06-05:00,PUR_IED_Atahualpa_Informa_dc9a95,PUR_IED_Atahualpa_Informa_dc9a95,,,,,
2026-09-12T08:36:06-05:00,PUR_IED_Atahualpa_S1101_f98056,PUR_IED_Atahualpa_S1101_f98056,,,,,
2026-09-12T08:36:06-05:00,PUR_IED_Bellavista_Ext_f5aa74,PUR_IED_Bellavista_Ext_f5aa74,,,,,
2026-09-12T08:36:06-05:00,PUR_IED_Bilbao_11A_916c41,PUR_IED_Bilbao_11A_916c41,,,,,
2026-09-12T08:36:06-05:00,PUR_IED_Bilbao_Ext_fb579a,PUR_IED_Bilbao_Ext_fb579a,,,,,
2026-09-12T08:36:06-05:00,PUR_IED_BrasiliaU_A125_304280,PUR_IED_BrasiliaU_A125_304280,,,,,
2026-09-12T08:36:06-05:00,PUR_IED_BrasiliaU_A203_7c8ca5,PUR_IED_BrasiliaU_A203_7c8ca5,,,,,
2026-09-12T08:36:06-05:00,PUR_IED_BrasiliaU_Ext_8d6e9f,PUR_IED_BrasiliaU_Ext_8d6e9f,6,17,67,4.5175,-74.116302
2026-09-12T08:36:06-05:00,PUR_IED_Brasilia_Ext_fe6593,PUR_IED_Brasilia_Ext_fe6593,,,,,
2026-09-12T08:36:06-05:00,PUR_IED_Brasilia_S24_7c130d,PUR_IED_Brasilia_S24_7c130d,,,,,
2026-09-12T08:36:06-05:00,PUR_IED_Brasilia_S501_186a54,PUR_IED_Brasilia_S501_186a54,,,,,
2026-09-12T08:36:06-05:00,PUR_IED_CHARRY_EXT_f1d5cd,PUR_IED_CHARRY_EXT_f1d5cd,,,,,
2026-09-12T08:36:06-05:00,PUR_IED_CHARRY_INTDANZAS_7a08e6,PUR_IED_CHARRY_INTDANZAS_7a08e6,,,,,
2026-09-12T08:36:06-05:00,PUR_IED_CHARRY_INT_AULA20_dc998d,PUR_IED_CHARRY_INT_AULA20_dc998d,,,,,
2026-09-12T08:36:06-05:00,PUR_IED_COLVIV_1101_S25_7f520a,PUR_IED_COLVIV_1101_S25_7f520a,,,,,
2026-09-12T08:36:06-05:00,PUR_IED_COLVIV_1102_S16_f570ba,PUR_IED_COLVIV_1102_S16_f570ba,,,,,
2026-09-12T08:36:06-05:00,PUR_IED_COLVIV_Ext_1a26fa,PUR_IED_COLVIV_Ext_1a26fa,,,,,
2026-09-12T08:36:06-05:00,PUR_IED_CULPOP_301A_f660f3,PUR_IED_CULPOP_301A_f660f3,,,,,
2026-09-12T08:36:06-05:00,PUR_IED_CULPOP_303_568afe,PUR_IED_CULPOP_303_568afe,,,,,
2026-09-12T08:36:06-05:00,PUR_IED_CULPOP_Ext_e02ccb,PUR_IED_CULPOP_Ext_e02ccb,,,,,
2026-09-12T08:36:06-05:00,PUR_IED_CVillavicen_Ext_26eb58,PUR_IED_CVillavicen_Ext_26eb58,6,15,83,4.487,-74.102798
2026-09-12T08:36:06-05:00,PUR_IED_CVillavicen_Intel_1ce5c2,PUR_IED_CVillavicen_Intel_1ce5c2,,,,,
2026-09-12T08:36:06-05:00,PUR_IED_CVillavicen_Poliv_e0766c,PUR_IED_CVillavicen_Poliv_e0766c,,,,,
2026-09-12T08:36:06-05:00,PUR_IED_CVillavicen_int_1ba140,PUR_IED_CVillavicen_int_1ba140,,,,,
2026-09-12T08:36:06-05:00,PUR_IED_CVillavicen_intel_1ba140,PUR_IED_CVillavicen_intel_1ba140,,,,,
2026-09-12T08:36:06-05:00,PUR_IED_CarlosPizarro_Ext_e307cc,PUR_IED_CarlosPizarro_Ext_e307cc,,,,,
2026-09-12T08:36:06-05:00,PUR_IED_CarlosPizarro_L36_7e5cdb,PUR_IED_CarlosPizarro_L36_7e5cdb,,,,,
2026-09-12T08:36:06-05:00,PUR_IED_CarlosPizarro_L37_c8566c,PUR_IED_CarlosPizarro_L37_c8566c,,,,,
2026-09-12T08:36:06-05:00,PUR_IED_Castilla_Ext_cf35f,PUR_IED_Castilla_Ext_cf35f,,,,,
2026-09-12T08:36:06-05:00,PUR_IED_Castilla_SFisik_360e38,PUR_IED_Castilla_SFisik_360e38,,,,,
2026-09-12T08:36:06-05:00,PUR_IED_Castilla_Sc304_496fbf,PUR_IED_Castilla_Sc304_496fbf,,,,,
2026-09-12T08:36:06-05:00,PUR_IED_CervantesSa_Ext_6b57b,PUR_IED_CervantesSa_Ext_6b57b,4,17,77,4.5128,-74.117203
2026-09-12T08:36:06-05:00,PUR_IED_CervantesSa_S107_225c2b,PUR_IED_CervantesSa_S107_225c2b,,,,,
2026-09-12T08:36:06-05:00,PUR_IED_CervantesSa_S108_940925,PUR_IED_CervantesSa_S108_940925,,,,,
2026-09-12T08:36:06-05:00,PUR_IED_Charry_A20_f53e7c,PUR_IED_Charry_A20_f53e7c,,,,,
2026-09-12T08:36:06-05:00,PUR_IED_Charry_Ext_f1d5cd,PUR_IED_Charry_Ext_f1d5cd,,,,,
2026-09-12T08:36:06-05:00,PUR_IED_Charry_IntAula20_dc998d,PUR_IED_Charry_IntAula20_dc998d,,,,,
2026-09-12T08:36:06-05:00,PUR_IED_Charry_IntDanzas_7a08e6,PUR_IED_Charry_IntDanzas_7a08e6,,,,,
2026-09-12T08:36:06-05:00,PUR_IED_ClememciaC_203_43e2fc,PUR_IED_ClememciaC_203_43e2fc,,,,,
2026-09-12T08:36:06-05:00,PUR_IED_ClememciaC_Ext_1b411a,PUR_IED_ClememciaC_Ext_1b411a,,,,,
2026-09-12T08:36:06-05:00,PUR_IED_ClememciaC_Quimic_44b5fc,PUR_IED_ClememciaC_Quimic_44b5fc,,,,,
2026-09-12T08:36:06-05:00,PUR_IED_ClemenciaC_203_43e2fc,PUR_IED_ClemenciaC_203_43e2fc,,,,,
2026-09-12T08:36:06-05:00,PUR_IED_ClemenciaC_Ext_1b411a,PUR_IED_ClemenciaC_Ext_1b411a,,,,,
2026-09-12T08:36:06-05:00,PUR_IED_ClemenciaC_Quimic_44b5fc,PUR_IED_ClemenciaC_Quimic_44b5fc,,,,,
2026-09-12T08:36:06-05:00,PUR_IED_ColViva_1101_S25_7f520a,PUR_IED_ColViva_1101_S25_7f520a,,,,,
2026-09-12T08:36:06-05:00,PUR_IED_ColViva_1102_S16_f570ba,PUR_IED_ColViva_1102_S16_f570ba,,,,,
2026-09-12T08:36:06-05:00,PUR_IED_ColViva_Ext_1a26fa,PUR_IED_ColViva_Ext_1a26fa,,,,,
2026-09-12T08:36:06-05:00,PUR_IED_ColegioBici_Asist_7c8798,PUR_IED_ColegioBici_Asist_7c8798,,,,,
2026-09-12T08:36:06-05:00,PUR_IED_ColegioBici_Ext_25cbf6,PUR_IED_ColegioBici_Ext_25cbf6,,,,,
2026-09-12T08:36:06-05:00,PUR_IED_ColegioBici_LabQ_7b57db,PUR_IED_ColegioBici_LabQ_7b57db,,,,,
2026-09-12T08:36:06-05:00,PUR_IED_CostaRica_Ext_5e640,PUR_IED_CostaRica_Ext_5e640,,,,,
2026-09-12T08:36:06-05:00,PUR_IED_CostaRica_Quim1_766d1c,PUR_IED_CostaRica_Quim1_766d1c,,,,,
2026-09-12T08:36:06-05:00,PUR_IED_CostaRica__Fisica_6f0873,PUR_IED_CostaRica__Fisica_6f0873,,,,,
2026-09-12T08:36:06-05:00,PUR_IED_CulPopu_301A_f660f3,PUR_IED_CulPopu_301A_f660f3,,,,,
2026-09-12T08:36:06-05:00,PUR_IED_CulPopu_303_568afe,PUR_IED_CulPopu_303_568afe,,,,,
2026-09-12T08:36:06-05:00,PUR_IED_CulPopu_Ext_e02ccb,PUR_IED_CulPopu_Ext_e02ccb,,,,,
2026-09-12T08:36:06-05:00,PUR_IED_Cundinamarca_Ext_f15985,PUR_IED_Cundinamarca_Ext_f15985,,,,,
2026-09-12T08:36:06-05:00,PUR_IED_Cundinamarca_Info_7aa5d7,PUR_IED_Cundinamarca_Info_7aa5d7,,,,,
2026-09-12T08:36:06-05:00,PUR_IED_Cundinamarca_Tec2_f449c7,PUR_IED_Cundinamarca_Tec2_f449c7,,,,,
2026-09-12T08:36:06-05:00,PUR_IED_DiegoM_Aula1_27b314,PUR_IED_DiegoM_Aula1_27b314,,,,,
2026-09-12T08:36:06-05:00,PUR_IED_DiegoM_Ext_d80ac8,PUR_IED_DiegoM_Ext_d80ac8,,,,,
2026-09-12T08:36:06-05:00,PUR_IED_DiegoM_S25_da928f,PUR_IED_DiegoM_S25_da928f,,,,,
2026-09-12T08:36:06-05:00,PUR_IED_ELRODEO_360881,PUR_IED_ELRODEO_360881,,,,,
2026-09-12T08:36:06-05:00,PUR_IED_ELRODEO_ext_360881,PUR_IED_ELRODEO_ext_360881,,,,,
2026-09-12T08:36:06-05:00,PUR_IED_EduardoU_Ext_1c1969,PUR_IED_EduardoU_Ext_1c1969,,,,,
2026-09-12T08:36:06-05:00,PUR_IED_EduardoU_SCiencia_4dfb94,PUR_IED_EduardoU_SCiencia_4dfb94,,,,,
2026-09-12T08:36:06-05:00,PUR_IED_EduardoU_SQuimica_5a46e7,PUR_IED_EduardoU_SQuimica_5a46e7,,,,,
2026-09-12T08:36:06-05:00,PUR_IED_ElRodeo_Aula14_676984,PUR_IED_ElRodeo_Aula14_676984,,,,,
2026-09-12T08:36:06-05:00,PUR_IED_ElRodeo_Aula16_2dd35b,PUR_IED_ElRodeo_Aula16_2dd35b,,,,,
2026-09-12T08:36:06-05:00,PUR_IED_ElRodeo_Ext_360881,PUR_IED_ElRodeo_Ext_360881,,,,,
2026-09-12T08:36:06-05:00,PUR_IED_ElRodeo_Exterior_8c6d28,PUR_IED_ElRodeo_Exterior_8c6d28,,,,,
2026-09-12T08:36:06-05:00,PUR_IED_ElRodeo_ext_360881,PUR_IED_ElRodeo_ext_360881,,,,,
2026-09-12T08:36:06-05:00,PUR_IED_EmmaReyes_Ext_987625,PUR_IED_EmmaReyes_Ext_987625,7,21,53,4.6367,-74.1511
2026-09-12T08:36:06-05:00,PUR_IED_Ensueño_Ext_7f0250,PUR_IED_Ensueño_Ext_7f0250,,,,,
2026-09-12T08:36:06-05:00,PUR_IED_EscNormal_Ext_5fef3b,PUR_IED_EscNormal_Ext_5fef3b,2,19,62,4.5852,-74.096901
2026-09-12T08:36:06-05:00,PUR_IED_EscNormal_S309_5b263,PUR_IED_EscNormal_S309_5b263,,,,,
2026-09-12T08:36:06-05:00,PUR_IED_EscNormal_S310_27b3b8,PUR_IED_EscNormal_S310_27b3b8,,,,,
2026-09-12T08:36:06-05:00,PUR_IED_Evangelista_Conta_f6cd4f,PUR_IED_Evangelista_Conta_f6cd4f,,,,,
2026-09-12T08:36:06-05:00,PUR_IED_Evangelista_Cri_5e16a,PUR_IED_Evangelista_Cri_5e16a,,,,,
2026-09-12T08:36:06-05:00,PUR_IED_Evangelista_Exter_754066,PUR_IED_Evangelista_Exter_754066,,,,,
2026-09-12T08:36:06-05:00,PUR_IED_FMiranda_S209_5cc2a3,PUR_IED_FMiranda_S209_5cc2a3,,,,,
2026-09-12T08:36:06-05:00,PUR_IED_FMiranda_S303_19e344,PUR_IED_FMiranda_S303_19e344,,,,,
2026-09-12T08:36:06-05:00,PUR_IED_FMiranda_ext_f53e7c,PUR_IED_FMiranda_ext_f53e7c,,,,,
2026-09-12T08:36:06-05:00,PUR_IED_FabioLozano_Bibli_1cee05,PUR_IED_FabioLozano_Bibli_1cee05,,,,,
2026-09-12T08:36:06-05:00,PUR_IED_FabioLozano_Ext_6ea285,PUR_IED_FabioLozano_Ext_6ea285,,,,,
2026-09-12T08:36:06-05:00,PUR_IED_FabioLozano_SLudi_f09e1e,PUR_IED_FabioLozano_SLudi_f09e1e,,,,,
2026-09-12T08:36:06-05:00,PUR_IED_FaustinoS_Aula07_27a731,PUR_IED_FaustinoS_Aula07_27a731,,,,,
2026-09-12T08:36:06-05:00,PUR_IED_FaustinoS_Ext_7b936f,PUR_IED_FaustinoS_Ext_7b936f,,,,,
2026-09-12T08:36:06-05:00,PUR_IED_FaustinoS_Fisica_da2c60,PUR_IED_FaustinoS_Fisica_da2c60,,,,,
2026-09-12T08:36:06-05:00,PUR_IED_FeGarciaLo_Ext_dc68ee,PUR_IED_FeGarciaLo_Ext_dc68ee,,,,,
2026-09-12T08:36:06-05:00,PUR_IED_FeGarciaLo_SDanza_f70a59,PUR_IED_FeGarciaLo_SDanza_f70a59,,,,,
2026-09-12T08:36:06-05:00,PUR_IED_FeGarciaLo_SMusic_125cdd,PUR_IED_FeGarciaLo_SMusic_125cdd,,,,,
2026-09-12T08:36:06-05:00,PUR_IED_FederalAlema_Exte_50c345,PUR_IED_FederalAlema_Exte_50c345,,,,,
2026-09-12T08:36:06-05:00,PUR_IED_FederalAlema_S31_f18371,PUR_IED_FederalAlema_S31_f18371,,,,,
2026-09-12T08:36:06-05:00,PUR_IED_FederalAlema_S901_a62cd,PUR_IED_FederalAlema_S901_a62cd,,,,,
2026-09-12T08:36:06-05:00,PUR_IED_FilarmonicaS_A5_f35eb1,PUR_IED_FilarmonicaS_A5_f35eb1,,,,,
2026-09-12T08:36:06-05:00,PUR_IED_FilarmonicaS_Ext_8a3bde,PUR_IED_FilarmonicaS_Ext_8a3bde,,,,,
2026-09-12T08:36:06-05:00,PUR_IED_FilarmonicaS_Spol_406114,PUR_IED_FilarmonicaS_Spol_406114,,,,,
2026-09-12T08:36:06-05:00,PUR_IED_FlorentinoG_A13_d1fa59,PUR_IED_FlorentinoG_A13_d1fa59,,,,,
2026-09-12T08:36:06-05:00,PUR_IED_FlorentinoG_Ext_1ce6ce,PUR_IED_FlorentinoG_Ext_1ce6ce,,,,,
2026-09-12T08:36:06-05:00,PUR_IED_FlorentinoG_Idiom_a66aac,PUR_IED_FlorentinoG_Idiom_a66aac,,,,,
2026-09-12T08:36:06-05:00,PUR_IED_FranciscoMati_Ext_e3869d,PUR_IED_FranciscoMati_Ext_e3869d,,,,,
2026-09-12T08:36:06-05:00,PUR_IED_FranciscoMati_S13_f31c67,PUR_IED_FranciscoMati_S13_f31c67,,,,,
2026-09-12T08:36:06-05:00,PUR_IED_FranciscoMati_S14_97dead,PUR_IED_FranciscoMati_S14_97dead,,,,,
2026-09-12T08:36:06-05:00,PUR_IED_FranciscoPS_Ext_7bfa9a,PUR_IED_FranciscoPS_Ext_7bfa9a,2,19,60,4.5899,-74.110397
2026-09-12T08:36:06-05:00,PUR_IED_FranciscoPS_Infor_fb8f4c,PUR_IED_FranciscoPS_Infor_fb8f4c,,,,,
2026-09-12T08:36:06-05:00,PUR_IED_FranciscoPS_Quimi_94d39c,PUR_IED_FranciscoPS_Quimi_94d39c,,,,,
2026-09-12T08:36:06-05:00,PUR_IED_FranciscoP_LabQ_d7e148,PUR_IED_FranciscoP_LabQ_d7e148,,,,,
2026-09-12T08:36:06-05:00,PUR_IED_FranciscoP_S28_cf9b30,PUR_IED_FranciscoP_S28_cf9b30,,,,,
2026-09-12T08:36:06-05:00,PUR_IED_FranciscoP_ext_e2313,PUR_IED_FranciscoP_ext_e2313,,,,,
2026-09-12T08:36:06-05:00,PUR_IED_FriederichN_Ext_8ac92a,PUR_IED_FriederichN_Ext_8ac92a,,,,,
2026-09-12T08:36:06-05:00,PUR_IED_FriederichN_S301_dd7e5a,PUR_IED_FriederichN_S301_dd7e5a,,,,,
2026-09-12T08:36:06-05:00,PUR_IED_FriederichN_S308_761f4f,PUR_IED_FriederichN_S308_761f4f,,,,,
2026-09-12T08:36:06-05:00,PUR_IED_GSantander_Aula10_533dd7,PUR_IED_GSantander_Aula10_533dd7,,,,,
2026-09-12T08:36:06-05:00,PUR_IED_GSantander_Aula12_fd4e4f,PUR_IED_GSantander_Aula12_fd4e4f,,,,,
2026-09-12T08:36:06-05:00,PUR_IED_GSantander_Aula310_533dd7,PUR_IED_GSantander_Aula310_533dd7,,,,,
2026-09-12T08:36:06-05:00,PUR_IED_GSantander_Aula312_fd4e4f,PUR_IED_GSantander_Aula312_fd4e4f,,,,,
2026-09-12T08:36:06-05:00,PUR_IED_GSantander_Ext_5f66b0,PUR_IED_GSantander_Ext_5f66b0,,,,,
2026-09-12T08:36:06-05:00,PUR_IED_GYomasa_Ext_f6bea5,PUR_IED_GYomasa_Ext_f6bea5,,,,,
2026-09-12T08:36:06-05:00,PUR_IED_GYomasa_LBiol_2c41aa,PUR_IED_GYomasa_LBiol_2c41aa,,,,,
2026-09-12T08:36:06-05:00,PUR_IED_GYomasa_LQuim_33c80,PUR_IED_GYomasa_LQuim_33c80,,,,,
2026-09-12T08:36:06-05:00,PUR_IED_GabBetMejia_Cienc_5a99c,PUR_IED_GabBetMejia_Cienc_5a99c,,,,,
2026-09-12T08:36:06-05:00,PUR_IED_GabBetMejia_Ext_9153d0,PUR_IED_GabBetMejia_Ext_9153d0,,,,,
2026-09-12T08:36:06-05:00,PUR_IED_GabBetMejia_Lab_f55347,PUR_IED_GabBetMejia_Lab_f55347,,,,,
2026-09-12T08:36:06-05:00,PUR_IED_GabBetanMejia_Ext_9153d0,PUR_IED_GabBetanMejia_Ext_9153d0,,,,,
2026-09-12T08:36:06-05:00,PUR_IED_Gaitana_Aula13_7aac11,PUR_IED_Gaitana_Aula13_7aac11,,,,,
2026-09-12T08:36:06-05:00,PUR_IED_Gaitana_Ext_5fcf4,PUR_IED_Gaitana_Ext_5fcf4,,,,,
2026-09-12T08:36:06-05:00,PUR_IED_Gaitana_LabFisica_644448,PUR_IED_Gaitana_LabFisica_644448,,,,,
2026-09-12T08:36:06-05:00,PUR_IED_GenSantander_Dise_8ac858,PUR_IED_GenSantander_Dise_8ac858,,,,,
2026-09-12T08:36:06-05:00,PUR_IED_GenSantander_Ext_8d5dfe,PUR_IED_GenSantander_Ext_8d5dfe,,,,,
2026-09-12T08:36:06-05:00,PUR_IED_GenSantander_Info_6c25b,PUR_IED_GenSantander_Info_6c25b,,,,,
2026-09-12T08:36:06-05:00,PUR_IED_GustavoMo_Exterio_75e63d,PUR_IED_GustavoMo_Exterio_75e63d,,,,,
2026-09-12T08:36:06-05:00,PUR_IED_GustavoMo_LabFisi_224d37,PUR_IED_GustavoMo_LabFisi_224d37,,,,,
2026-09-12T08:36:06-05:00,PUR_IED_GustavoMo_S208_3e6918,PUR_IED_GustavoMo_S208_3e6918,,,,,
2026-09-12T08:36:06-05:00,PUR_IED_GustavoR_A02_8cd4a8,PUR_IED_GustavoR_A02_8cd4a8,,,,,
2026-09-12T08:36:06-05:00,PUR_IED_GustavoR_B11_5b0ed,PUR_IED_GustavoR_B11_5b0ed,,,,,
2026-09-12T08:36:06-05:00,PUR_IED_GustavoR_Ext_7a0c90,PUR_IED_GustavoR_Ext_7a0c90,,,,,
2026-09-12T08:36:06-05:00,PUR_IED_HernandoDuran_Ext_8cd82b,PUR_IED_HernandoDuran_Ext_8cd82b,,,,,
2026-09-12T08:36:06-05:00,PUR_IED_HernandoDuran_S24_2772c6,PUR_IED_HernandoDuran_S24_2772c6,,,,,
2026-09-12T08:36:06-05:00,PUR_IED_HernandoDuran_S30_f2de41,PUR_IED_HernandoDuran_S30_f2de41,,,,,
2026-09-12T08:36:06-05:00,PUR_IED_HolguInUr_S1101_8cd732,PUR_IED_HolguInUr_S1101_8cd732,,,,,
2026-09-12T08:36:06-05:00,PUR_IED_HolguinUr_Exter_ddae6d,PUR_IED_HolguinUr_Exter_ddae6d,,,,,
2026-09-12T08:36:06-05:00,PUR_IED_HolguinUr_LabQuim_92b952,PUR_IED_HolguinUr_LabQuim_92b952,,,,,
2026-09-12T08:36:06-05:00,PUR_IED_Isabel-II_Ext_5245cc,PUR_IED_Isabel-II_Ext_5245cc,2,18,60,4.6336,-74.153
2026-09-12T08:36:06-05:00,PUR_IED_Isabel-II_S_idiom_1c29aa,PUR_IED_Isabel-II_S_idiom_1c29aa,,,,,
2026-09-12T08:36:06-05:00,PUR_IED_Isabel-II_S_infor_fd741,PUR_IED_Isabel-II_S_infor_fd741,,,,,
2026-09-12T08:36:06-05:00,PUR_IED_IsidroSur_Exterio_5b90ea,PUR_IED_IsidroSur_Exterio_5b90ea,,,,,
2026-09-12T08:36:06-05:00,PUR_IED_IsidroSur_LabTec_56697a,PUR_IED_IsidroSur_LabTec_56697a,,,,,
2026-09-12T08:36:06-05:00,PUR_IED_IsidroSur_Robotic_b7c38f,PUR_IED_IsidroSur_Robotic_b7c38f,,,,,
2026-09-12T08:36:06-05:00,PUR_IED_IsmaelPerd_Ext_7b6672,PUR_IED_IsmaelPerd_Ext_7b6672,,,,,
2026-09-12T08:36:06-05:00,PUR_IED_IsmaelPerd_Inform_306540,PUR_IED_IsmaelPerd_Inform_306540,,,,,
2026-09-12T08:36:06-05:00,PUR_IED_IsmaelPerd_S30_2e2c83,PUR_IED_IsmaelPerd_S30_2e2c83,,,,,
2026-09-12T08:36:06-05:00,PUR_IED_JLozano_Exter_432910,PUR_IED_JLozano_Exter_432910,,,,,
2026-09-12T08:36:06-05:00,PUR_IED_JLozano_salaMulti_df5125,PUR_IED_JLozano_salaMulti_df5125,,,,,
2026-09-12T08:36:06-05:00,PUR_IED_JMCordoba_206_86f80b,PUR_IED_JMCordoba_206_86f80b,,,,,
2026-09-12T08:36:06-05:00,PUR_IED_JMCordoba_Ext_27ad97,PUR_IED_JMCordoba_Ext_27ad97,,,,,
2026-09-12T08:36:06-05:00,PUR_IED_JMCordoba_S310_d59ab4,PUR_IED_JMCordoba_S310_d59ab4,,,,,
2026-09-12T08:36:06-05:00,PUR_IED_Japon_Ext_549100,PUR_IED_Japon_Ext_549100,,,,,
2026-09-12T08:36:06-05:00,PUR_IED_Japon_Laboratorio_bec51d,PUR_IED_Japon_Laboratorio_bec51d,,,,,
2026-09-12T08:36:06-05:00,PUR_IED_Japon_informatica_d99327,PUR_IED_Japon_informatica_d99327,,,,,
2026-09-12T08:36:06-05:00,PUR_IED_Jazmin_Ext_d27bda,PUR_IED_Jazmin_Ext_d27bda,,,,,
2026-09-12T08:36:06-05:00,PUR_IED_Jazmin_Fisica_8d14d7,PUR_IED_Jazmin_Fisica_8d14d7,,,,,
2026-09-12T08:36:06-05:00,PUR_IED_Jazmin_Quimica_801cb5,PUR_IED_Jazmin_Quimica_801cb5,,,,,
2026-09-12T08:36:06-05:00,PUR_IED_JorgeGaitan_Exter_f098d1,PUR_IED_JorgeGaitan_Exter_f098d1,,,,,
2026-09-12T08:36:06-05:00,PUR_IED_JorgeGaitan_STec1_dc9d1d,PUR_IED_JorgeGaitan_STec1_dc9d1d,,,,,
2026-09-12T08:36:06-05:00,PUR_IED_JorgeGaitan_STec2_281e69,PUR_IED_JorgeGaitan_STec2_281e69,,,,,
2026-09-12T08:36:06-05:00,PUR_IED_JorgeSoto_Exterio_d9d0a2,PUR_IED_JorgeSoto_Exterio_d9d0a2,,,,,
2026-09-12T08:36:06-05:00,PUR_IED_JorgeSoto_LabFisi_209c54,PUR_IED_JorgeSoto_LabFisi_209c54,,,,,
2026-09-12T08:36:06-05:00,PUR_IED_JorgeSoto_S103_27b51a,PUR_IED_JorgeSoto_S103_27b51a,,,,,
2026-09-12T08:36:06-05:00,PUR_IED_JoseAcevedo_A02_e965eb,PUR_IED_JoseAcevedo_A02_e965eb,,,,,
2026-09-12T08:36:06-05:00,PUR_IED_JoseAcevedo_A07_dd5b4,PUR_IED_JoseAcevedo_A07_dd5b4,,,,,
2026-09-12T08:36:06-05:00,PUR_IED_JoseAcevedo_Ext_b47484,PUR_IED_JoseAcevedo_Ext_b47484,,,,,
2026-09-12T08:36:06-05:00,PUR_IED_JoseMarti_Exte_5b9bf,PUR_IED_JoseMarti_Exte_5b9bf,,,,,
2026-09-12T08:36:06-05:00,PUR_IED_JoseMarti_LabQuim_1c6c2d,PUR_IED_JoseMarti_LabQuim_1c6c2d,,,,,
2026-09-12T08:36:06-05:00,PUR_IED_JoseMarti_S_info_f5f177,PUR_IED_JoseMarti_S_info_f5f177,,,,,
2026-09-12T08:36:06-05:00,PUR_IED_Josejoaquin_Ext_dfc5dc,PUR_IED_Josejoaquin_Ext_dfc5dc,,,,,
2026-09-12T08:36:06-05:00,PUR_IED_Josejoaquin_S05_5b2a96,PUR_IED_Josejoaquin_S05_5b2a96,,,,,
2026-09-12T08:36:06-05:00,PUR_IED_Josejoaquin_S06_1ce7d2,PUR_IED_Josejoaquin_S06_1ce7d2,,,,,
2026-09-12T08:36:06-05:00,PUR_IED_JulioFlorez_Danza_9b82dd,PUR_IED_JulioFlorez_Danza_9b82dd,,,,,
2026-09-12T08:36:06-05:00,PUR_IED_JulioFlorez_Exter_f9f314,PUR_IED_JulioFlorez_Exter_f9f314,,,,,
2026-09-12T08:36:06-05:00,PUR_IED_JulioFlorez_info2_6b6e08,PUR_IED_JulioFlorez_info2_6b6e08,,,,,
2026-09-12T08:36:06-05:00,PUR_IED_LaBelleza_Aula13_1d00d8,PUR_IED_LaBelleza_Aula13_1d00d8,,,,,
2026-09-12T08:36:06-05:00,PUR_IED_LaBelleza_Ext_7bc08c,PUR_IED_LaBelleza_Ext_7bc08c,,,,,
2026-09-12T08:36:06-05:00,PUR_IED_LaChucua_Ext_8cd6d2,PUR_IED_LaChucua_Ext_8cd6d2,,,,,
2026-09-12T08:36:06-05:00,PUR_IED_LaChucua_S15_f578ce,PUR_IED_LaChucua_S15_f578ce,,,,,
2026-09-12T08:36:06-05:00,PUR_IED_LaChucua_S16_eebcf9,PUR_IED_LaChucua_S16_eebcf9,,,,,
2026-09-12T08:36:06-05:00,PUR_IED_LaFelicidad_Ext_fb5109,PUR_IED_LaFelicidad_Ext_fb5109,,,,,
2026-09-12T08:36:06-05:00,PUR_IED_LaMerced_206_66ebd,PUR_IED_LaMerced_206_66ebd,,,,,
2026-09-12T08:36:06-05:00,PUR_IED_LaMerced_207_6ebd6,PUR_IED_LaMerced_207_6ebd6,,,,,
2026-09-12T08:36:06-05:00,PUR_IED_LaMerced_ext_304311,PUR_IED_LaMerced_ext_304311,,,,,
2026-09-12T08:36:06-05:00,PUR_IED_Laureano_CiencNat_281e5e,PUR_IED_Laureano_CiencNat_281e5e,,,,,
2026-09-12T08:36:06-05:00,PUR_IED_Laureano_Comedor_f65c0a,PUR_IED_Laureano_Comedor_f65c0a,,,,,
2026-09-12T08:36:06-05:00,PUR_IED_Laureano_Exterior_7ab011,PUR_IED_Laureano_Exterior_7ab011,,,,,
2026-09-12T08:36:06-05:00,PUR_IED_LeonGreiff_Exte_dfe560,PUR_IED_LeonGreiff_Exte_dfe560,,,,,
2026-09-12T08:36:06-05:00,PUR_IED_LeonGreiff_S210_f264ed,PUR_IED_LeonGreiff_S210_f264ed,,,,,
2026-09-12T08:36:06-05:00,PUR_IED_LeonGreiff_SQuimi_e8296f,PUR_IED_LeonGreiff_SQuimi_e8296f,,,,,
2026-09-12T08:36:06-05:00,PUR_IED_LlanoOrientalS208_7b9fcd,PUR_IED_LlanoOrientalS208_7b9fcd,,,,,
2026-09-12T08:36:06-05:00,PUR_IED_LlanoOriental_Ext_fb3766,PUR_IED_LlanoOriental_Ext_fb3766,,,,,
2026-09-12T08:36:06-05:00,PUR_IED_LlanoOriental_S208_7b9fcd,PUR_IED_LlanoOriental_S208_7b9fcd,,,,,
2026-09-12T08:36:06-05:00,PUR_IED_LlanoOriental_S9_27b378,PUR_IED_LlanoOriental_S9_27b378,,,,,
2026-09-12T08:36:06-05:00,PUR_IED_LosTejares_1101_477602,PUR_IED_LosTejares_1101_477602,,,,,
2026-09-12T08:36:06-05:00,PUR_IED_LosTejares_11_d2c595,PUR_IED_LosTejares_11_d2c595,,,,,
2026-09-12T08:36:06-05:00,PUR_IED_LosTejares_12_477602,PUR_IED_LosTejares_12_477602,,,,,
2026-09-12T08:36:06-05:00,PUR_IED_LosTejares_Ext_8e2115,PUR_IED_LosTejares_Ext_8e2115,,,,,
2026-09-12T08:36:06-05:00,PUR_IED_MagdalenaO_B202_5ddda3,PUR_IED_MagdalenaO_B202_5ddda3,,,,,
2026-09-12T08:36:06-05:00,PUR_IED_MagdalenaO_B205_fb76e8,PUR_IED_MagdalenaO_B205_fb76e8,,,,,
2026-09-12T08:36:06-05:00,PUR_IED_MagdalenaO_ext_dc69cd,PUR_IED_MagdalenaO_ext_dc69cd,,,,,
2026-09-12T08:36:06-05:00,PUR_IED_ManueCepeda_artes_eee956,PUR_IED_ManueCepeda_artes_eee956,,,,,
2026-09-12T08:36:06-05:00,PUR_IED_ManuelCepeda_Ext_58313,PUR_IED_ManuelCepeda_Ext_58313,,,,,
2026-09-12T08:36:06-05:00,PUR_IED_ManuelCepeda_tec_1c5731,PUR_IED_ManuelCepeda_tec_1c5731,,,,,
2026-09-12T08:36:06-05:00,PUR_IED_ManuelS_Exterior_5b269,PUR_IED_ManuelS_Exterior_5b269,,,,,
2026-09-12T08:36:06-05:00,PUR_IED_ManuelS_Inform_f369ce,PUR_IED_ManuelS_Inform_f369ce,,,,,
2026-09-12T08:36:06-05:00,PUR_IED_ManuelS_SArtes_7d15f1,PUR_IED_ManuelS_SArtes_7d15f1,,,,,
2026-09-12T08:36:06-05:00,PUR_IED_ManuelZapata_303_3ca6,PUR_IED_ManuelZapata_303_3ca6,,,,,
2026-09-12T08:36:06-05:00,PUR_IED_ManuelZapata_311_bfbabc,PUR_IED_ManuelZapata_311_bfbabc,,,,,
2026-09-12T08:36:06-05:00,PUR_IED_ManuelZapata_Ext_50824a,PUR_IED_ManuelZapata_Ext_50824a,,,,,
2026-09-12T08:36:06-05:00,PUR_IED_ManuelitaS_Exteri_656a92,PUR_IED_ManuelitaS_Exteri_656a92,,,,,
2026-09-12T08:36:06-05:00,PUR_IED_ManuelitaS_JuzgDe_f58ec3,PUR_IED_ManuelitaS_JuzgDe_f58ec3,,,,,
2026-09-12T08:36:06-05:00,PUR_IED_ManuelitaS_Recrea_d793db,PUR_IED_ManuelitaS_Recrea_d793db,,,,,
2026-09-12T08:36:06-05:00,PUR_IED_MarFidSuarez_Ext_c27b19,PUR_IED_MarFidSuarez_Ext_c27b19,,,,,
2026-09-12T08:36:06-05:00,PUR_IED_MarFidSuarez_Info_e384d7,PUR_IED_MarFidSuarez_Info_e384d7,,,,,
2026-09-12T08:36:06-05:00,PUR_IED_MarFidSuarez_S306_1d0032,PUR_IED_MarFidSuarez_S306_1d0032,,,,,
2026-09-12T08:36:06-05:00,PUR_IED_Menorah_301_2a25a3,PUR_IED_Menorah_301_2a25a3,,,,,
2026-09-12T08:36:06-05:00,PUR_IED_Menorah_306_37ed3,PUR_IED_Menorah_306_37ed3,,,,,
2026-09-12T08:36:06-05:00,PUR_IED_Menorah_Ext_3e155b,PUR_IED_Menorah_Ext_3e155b,,,,,
2026-09-12T08:36:06-05:00,PUR_IED_MinutoB.Aires_A11_1b1604,PUR_IED_MinutoB.Aires_A11_1b1604,,,,,
2026-09-12T08:36:06-05:00,PUR_IED_MinutoB.Aires_A12_fb5860,PUR_IED_MinutoB.Aires_A12_fb5860,,,,,
2026-09-12T08:36:06-05:00,PUR_IED_MinutoB.Aires_Ext_81293f,PUR_IED_MinutoB.Aires_Ext_81293f,,,,,
2026-09-12T08:36:06-05:00,PUR_IED_MinutoBAires_A11_1b1604,PUR_IED_MinutoBAires_A11_1b1604,,,,,
2026-09-12T08:36:06-05:00,PUR_IED_MinutoBAires_A12_fb5860,PUR_IED_MinutoBAires_A12_fb5860,,,,,
2026-09-12T08:36:06-05:00,PUR_IED_MinutoBAires_Ext_81293f,PUR_IED_MinutoBAires_Ext_81293f,,,,,
2026-09-12T08:36:06-05:00,PUR_IED_Montreal_Aula10_1e4959,PUR_IED_Montreal_Aula10_1e4959,,,,,
2026-09-12T08:36:06-05:00,PUR_IED_Montreal_Aula6_300367,PUR_IED_Montreal_Aula6_300367,,,,,
2026-09-12T08:36:06-05:00,PUR_IED_Montreal_Exterior_91a179,PUR_IED_Montreal_Exterior_91a179,,,,,
2026-09-12T08:36:06-05:00,PUR_IED_Mqgdalena_B202_5ddda3,PUR_IED_Mqgdalena_B202_5ddda3,,,,,
2026-09-12T08:36:06-05:00,PUR_IED_NACUND_Soc_dc8728,PUR_IED_NACUND_Soc_dc8728,,,,,
2026-09-12T08:36:06-05:00,PUR_IED_NACUND_ext_27ad97,PUR_IED_NACUND_ext_27ad97,,,,,
2026-09-12T08:36:06-05:00,PUR_IED_NEsperanza_Ext_d24b61,PUR_IED_NEsperanza_Ext_d24b61,,,,,
2026-09-12T08:36:06-05:00,PUR_IED_NEsperanza_SElect_7d1807,PUR_IED_NEsperanza_SElect_7d1807,,,,,
2026-09-12T08:36:06-05:00,PUR_IED_NEsperanza_SLabor_8b2d0a,PUR_IED_NEsperanza_SLabor_8b2d0a,,,,,
2026-09-12T08:36:06-05:00,PUR_IED_NacionesU_Ext_f661a9,PUR_IED_NacionesU_Ext_f661a9,,,,,
2026-09-12T08:36:06-05:00,PUR_IED_NacionesU_Quimica_66f0a,PUR_IED_NacionesU_Quimica_66f0a,,,,,
2026-09-12T08:36:06-05:00,PUR_IED_NacionesU_S306_1b4b3d,PUR_IED_NacionesU_S306_1b4b3d,,,,,
2026-09-12T08:36:06-05:00,PUR_IED_NestorFA_Ext_e4201c,PUR_IED_NestorFA_Ext_e4201c,,,,,
2026-09-12T08:36:06-05:00,PUR_IED_NestorFA_Laborato_f22fe0,PUR_IED_NestorFA_Laborato_f22fe0,,,,,
2026-09-12T08:36:06-05:00,PUR_IED_NestorFA_S204_dee996,PUR_IED_NestorFA_S204_dee996,,,,,
2026-09-12T08:36:06-05:00,PUR_IED_NidyaQT_Aula03_76999b,PUR_IED_NidyaQT_Aula03_76999b,,,,,
2026-09-12T08:36:06-05:00,PUR_IED_NidyaQT_Aula10_56325,PUR_IED_NidyaQT_Aula10_56325,,,,,
2026-09-12T08:36:06-05:00,PUR_IED_NidyaQT_Ext_46e32d,PUR_IED_NidyaQT_Ext_46e32d,,,,,
2026-09-12T08:36:06-05:00,PUR_IED_NuevaCol_Exterior_d9b859,PUR_IED_NuevaCol_Exterior_d9b859,,,,,
2026-09-12T08:36:06-05:00,PUR_IED_NuevaCol_S1101_76c43b,PUR_IED_NuevaCol_S1101_76c43b,,,,,
2026-09-12T08:36:06-05:00,PUR_IED_NuevaCol_S1102_1ce0b5,PUR_IED_NuevaCol_S1102_1ce0b5,,,,,
2026-09-12T08:36:06-05:00,PUR_IED_OEA_A202_f7e3f2,PUR_IED_OEA_A202_f7e3f2,,,,,
2026-09-12T08:36:06-05:00,PUR_IED_OEA_A203_7d1b8d,PUR_IED_OEA_A203_7d1b8d,,,,,
2026-09-12T08:36:06-05:00,PUR_IED_OEA_Ext_27b593,PUR_IED_OEA_Ext_27b593,,,,,
2026-09-12T08:36:06-05:00,PUR_IED_Ochoa_Ext_1c29da,PUR_IED_Ochoa_Ext_1c29da,,,,,
2026-09-12T08:36:06-05:00,PUR_IED_Ochoa_S205_8b1121,PUR_IED_Ochoa_S205_8b1121,,,,,
2026-09-12T08:36:06-05:00,PUR_IED_Ochoa_Sistemas_f33af6,PUR_IED_Ochoa_Sistemas_f33af6,,,,,
2026-09-12T08:36:06-05:00,PUR_IED_PQuebec_Ext_1c67c7,PUR_IED_PQuebec_Ext_1c67c7,,,,,
2026-09-12T08:36:06-05:00,PUR_IED_PQuebec_S15_23e8e2,PUR_IED_PQuebec_S15_23e8e2,,,,,
2026-09-12T08:36:06-05:00,PUR_IED_PQuebec_S16_8ec76b,PUR_IED_PQuebec_S16_8ec76b,,,,,
2026-09-12T08:36:06-05:00,PUR_IED_PabloN_Ext_49dc96,PUR_IED_PabloN_Ext_49dc96,,,,,
2026-09-12T08:36:06-05:00,PUR_IED_PabloN_S1102_4e3df5,PUR_IED_PabloN_S1102_4e3df5,,,,,
2026-09-12T08:36:06-05:00,PUR_IED_PabloN_S1103_50c94b,PUR_IED_PabloN_S1103_50c94b,,,,,
2026-09-12T08:36:06-05:00,PUR_IED_Palestina_S1101_db9198,PUR_IED_Palestina_S1101_db9198,,,,,
2026-09-12T08:36:06-05:00,PUR_IED_Palestina_S1102_dc54fa,PUR_IED_Palestina_S1102_dc54fa,,,,,
2026-09-12T08:36:06-05:00,PUR_IED_Palestina_ext_4ccce6,PUR_IED_Palestina_ext_4ccce6,,,,,
2026-09-12T08:36:06-05:00,PUR_IED_Panama_Fisica_4d0794,PUR_IED_Panama_Fisica_4d0794,,,,,
2026-09-12T08:36:06-05:00,PUR_IED_Panama_SIngles_a4077e,PUR_IED_Panama_SIngles_a4077e,,,,,
2026-09-12T08:36:06-05:00,PUR_IED_Panama_ext_4c54b4,PUR_IED_Panama_ext_4c54b4,,,,,
2026-09-12T08:36:06-05:00,PUR_IED_ParaisoM_Exterior_8cd7f0,PUR_IED_ParaisoM_Exterior_8cd7f0,,,,,
2026-09-12T08:36:06-05:00,PUR_IED_ParaisoM_Laborato_27af35,PUR_IED_ParaisoM_Laborato_27af35,,,,,
2026-09-12T08:36:06-05:00,PUR_IED_ParaisoM_S304_d1edca,PUR_IED_ParaisoM_S304_d1edca,,,,,
2026-09-12T08:36:06-05:00,PUR_IED_PorfirioBarba_Ext_301466,PUR_IED_PorfirioBarba_Ext_301466,,,,,
2026-09-12T08:36:06-05:00,PUR_IED_PorfirioBarba_S11_df6cd2,PUR_IED_PorfirioBarba_S11_df6cd2,,,,,
2026-09-12T08:36:06-05:00,PUR_IED_PorfirioBarba_S29_27a7d6,PUR_IED_PorfirioBarba_S29_27a7d6,,,,,
2026-09-12T08:36:06-05:00,PUR_IED_PradoV_Exter_8b27ad,PUR_IED_PradoV_Exter_8b27ad,,,,,
2026-09-12T08:36:06-05:00,PUR_IED_PradoV_S301_de65b5,PUR_IED_PradoV_S301_de65b5,,,,,
2026-09-12T08:36:06-05:00,PUR_IED_PradoV_S302_7d2593,PUR_IED_PradoV_S302_7d2593,,,,,
2026-09-12T08:36:06-05:00,PUR_IED_QuirogaAlz_Ext_1ddc82,PUR_IED_QuirogaAlz_Ext_1ddc82,,,,,
2026-09-12T08:36:06-05:00,PUR_IED_QuirogaAlz_S302_9926a3,PUR_IED_QuirogaAlz_S302_9926a3,,,,,
2026-09-12T08:36:06-05:00,PUR_IED_QuirogaAlz_S305_cdf1f1,PUR_IED_QuirogaAlz_S305_cdf1f1,,,,,
2026-09-12T08:36:06-05:00,PUR_IED_RGuatemala_Biling_dc53b7,PUR_IED_RGuatemala_Biling_dc53b7,,,,,
2026-09-12T08:36:06-05:00,PUR_IED_RGuatemala_Ext_1b89a3,PUR_IED_RGuatemala_Ext_1b89a3,,,,,
2026-09-12T08:36:06-05:00,PUR_IED_RGuatemala_Tecnol_281a34,PUR_IED_RGuatemala_Tecnol_281a34,,,,,
2026-09-12T08:36:06-05:00,PUR_IED_RafaNu_Ext_f7c302,PUR_IED_RafaNu_Ext_f7c302,,,,,
2026-09-12T08:36:06-05:00,PUR_IED_RafaNu_S1101_25fde,PUR_IED_RafaNu_S1101_25fde,,,,,
2026-09-12T08:36:06-05:00,PUR_IED_RafaNu_S1102_281517,PUR_IED_RafaNu_S1102_281517,,,,,
2026-09-12T08:36:06-05:00,PUR_IED_RafaelB_S305_ee2783,PUR_IED_RafaelB_S305_ee2783,,,,,
2026-09-12T08:36:06-05:00,PUR_IED_RafaelB_S306_75fe33,PUR_IED_RafaelB_S306_75fe33,,,,,
2026-09-12T08:36:06-05:00,PUR_IED_RafaelB_ext_283336,PUR_IED_RafaelB_ext_283336,2,19,59,4.6722,-74.0737
2026-09-12T08:36:06-05:00,PUR_IED_RafaelUU_Exterior_281a51,PUR_IED_RafaelUU_Exterior_281a51,,,,,
2026-09-12T08:36:06-05:00,PUR_IED_RafaelUU_Human_806b2,PUR_IED_RafaelUU_Human_806b2,,,,,
2026-09-12T08:36:06-05:00,PUR_IED_RafaelUU_Mate2_5680d4,PUR_IED_RafaelUU_Mate2_5680d4,,,,,
2026-09-12T08:36:06-05:00,PUR_IED_RamonSub_Ext_f9eeb9,PUR_IED_RamonSub_Ext_f9eeb9,,,,,
2026-09-12T08:36:06-05:00,PUR_IED_RamonSub_Media_d1f62f,PUR_IED_RamonSub_Media_d1f62f,,,,,
2026-09-12T08:36:06-05:00,PUR_IED_RamonSub_planta_51b82,PUR_IED_RamonSub_planta_51b82,,,,,
2026-09-12T08:36:06-05:00,PUR_IED_RepBoliVene_Exter_27af7c,PUR_IED_RepBoliVene_Exter_27af7c,,,,,
2026-09-12T08:36:06-05:00,PUR_IED_RepBoliVene_SCPT_5ae2ee,PUR_IED_RepBoliVene_SCPT_5ae2ee,,,,,
2026-09-12T08:36:06-05:00,PUR_IED_RepBoliVene_Socia_4b11d5,PUR_IED_RepBoliVene_Socia_4b11d5,,,,,
2026-09-12T08:36:06-05:00,PUR_IED_RepChina_Ext_76d9ee,PUR_IED_RepChina_Ext_76d9ee,,,,,
2026-09-12T08:36:06-05:00,PUR_IED_RepChina_S404_7c804c,PUR_IED_RepChina_S404_7c804c,,,,,
2026-09-12T08:36:06-05:00,PUR_IED_RepChina_S405_df2c33,PUR_IED_RepChina_S405_df2c33,,,,,
2026-09-12T08:36:06-05:00,PUR_IED_RepublicaC_Exteri_7d1ec9,PUR_IED_RepublicaC_Exteri_7d1ec9,,,,,
2026-09-12T08:36:06-05:00,PUR_IED_RepublicaC_S1101_f544b3,PUR_IED_RepublicaC_S1101_f544b3,,,,,
2026-09-12T08:36:06-05:00,PUR_IED_RepublicaC_S1102_7aafc7,PUR_IED_RepublicaC_S1102_7aafc7,,,,,
2026-09-12T08:36:06-05:00,PUR_IED_Ricaurte_Externo_a0ea1,PUR_IED_Ricaurte_Externo_a0ea1,,,,,
2026-09-12T08:36:06-05:00,PUR_IED_Ricaurte_S210_f546fd,PUR_IED_Ricaurte_S210_f546fd,,,,,
2026-09-12T08:36:06-05:00,PUR_IED_Ricaurte_S309_d4452,PUR_IED_Ricaurte_S309_d4452,,,,,
2026-09-12T08:36:06-05:00,PUR_IED_RogelioS_1102_531e69,PUR_IED_RogelioS_1102_531e69,,,,,
2026-09-12T08:36:06-05:00,PUR_IED_RogelioS_Ext_f25a18,PUR_IED_RogelioS_Ext_f25a18,,,,,
2026-09-12T08:36:06-05:00,PUR_IED_SBernardino_Ext_27aff8,PUR_IED_SBernardino_Ext_27aff8,,,,,
2026-09-12T08:36:06-05:00,PUR_IED_SBernardino_SArte_2ffd33,PUR_IED_SBernardino_SArte_2ffd33,,,,,
2026-09-12T08:36:06-05:00,PUR_IED_SBernardino_SIngl_7c7da5,PUR_IED_SBernardino_SIngl_7c7da5,,,,,
2026-09-12T08:36:06-05:00,PUR_IED_Sago_auditorio_dc9d1d,PUR_IED_Sago_auditorio_dc9d1d,,,,,
2026-09-12T08:36:06-05:00,PUR_IED_Saludcoop_Ext_95aac3,PUR_IED_Saludcoop_Ext_95aac3,,,,,
2026-09-12T08:36:06-05:00,PUR_IED_Saludcoop_InfI_90c854,PUR_IED_Saludcoop_InfI_90c854,,,,,
2026-09-12T08:36:06-05:00,PUR_IED_Saludcoop_SMedia_1b93be,PUR_IED_Saludcoop_SMedia_1b93be,,,,,
2026-09-12T08:36:06-05:00,PUR_IED_SanCarlos_1101_1a2360,PUR_IED_SanCarlos_1101_1a2360,,,,,
2026-09-12T08:36:06-05:00,PUR_IED_SanCarlos_1103_7bafb5,PUR_IED_SanCarlos_1103_7bafb5,,,,,
2026-09-12T08:36:06-05:00,PUR_IED_SanCarlos_Ext_b7cd1,PUR_IED_SanCarlos_Ext_b7cd1,,,,,
2026-09-12T08:36:06-05:00,PUR_IED_SanIgnacioBosa11a_50c26e,PUR_IED_SanIgnacioBosa11a_50c26e,,,,,
2026-09-12T08:36:06-05:00,PUR_IED_SanIgnacioBosa11b_371de8,PUR_IED_SanIgnacioBosa11b_371de8,,,,,
2026-09-12T08:36:06-05:00,PUR_IED_SanIgnacioBosaExt_ef0ffc,PUR_IED_SanIgnacioBosaExt_ef0ffc,,,,,
2026-09-12T08:36:06-05:00,PUR_IED_SanIgnacioBosa_11a_50c26e,PUR_IED_SanIgnacioBosa_11a_50c26e,,,,,
2026-09-12T08:36:06-05:00,PUR_IED_SanIgnacioBosa_Ext_ef0ffc,PUR_IED_SanIgnacioBosa_Ext_ef0ffc,,,,,
2026-09-12T08:36:06-05:00,PUR_IED_SanJoseN_intS1101_31c47f,PUR_IED_SanJoseN_intS1101_31c47f,,,,,
2026-09-12T08:36:06-05:00,PUR_IED_SanJoseUsm_Exter_f5d7e8,PUR_IED_SanJoseUsm_Exter_f5d7e8,,,,,
2026-09-12T08:36:06-05:00,PUR_IED_SanJoseUsm_Int11A_cfdef6,PUR_IED_SanJoseUsm_Int11A_cfdef6,,,,,
2026-09-12T08:36:06-05:00,PUR_IED_SilveriaR_IntB5_905349,PUR_IED_SilveriaR_IntB5_905349,,,,,
2026-09-12T08:36:06-05:00,PUR_IED_SilveriaR_IntSD14_981f93,PUR_IED_SilveriaR_IntSD14_981f93,,,,,
2026-09-12T08:36:06-05:00,PUR_IED_SilveriaR_ext_2b651d,PUR_IED_SilveriaR_ext_2b651d,,,,,
2026-09-12T08:36:06-05:00,PUR_IED_SimonB_Exterior_913975,PUR_IED_SimonB_Exterior_913975,,,,,
2026-09-12T08:36:06-05:00,PUR_IED_SimonB_LabQuimi_c56908,PUR_IED_SimonB_LabQuimi_c56908,,,,,
2026-09-12T08:36:06-05:00,PUR_IED_SimonB_informatic_a28c1,PUR_IED_SimonB_informatic_a28c1,,,,,
2026-09-12T08:36:06-05:00,PUR_IED_Sorrento_1102_315f50,PUR_IED_Sorrento_1102_315f50,,,,,
2026-09-12T08:36:06-05:00,PUR_IED_Sorrento_Minte_214eab,PUR_IED_Sorrento_Minte_214eab,,,,,
2026-09-12T08:36:06-05:00,PUR_IED_Sorrento_ext_7c3a0a,PUR_IED_Sorrento_ext_7c3a0a,,,,,
2026-09-12T08:36:06-05:00,PUR_IED_Tabora_Ext_f048ae,PUR_IED_Tabora_Ext_f048ae,,,,,
2026-09-12T08:36:06-05:00,PUR_IED_Tabora_S1102_b07752,PUR_IED_Tabora_S1102_b07752,,,,,
2026-09-12T08:36:06-05:00,PUR_IED_Tabora_S1103_d988f5,PUR_IED_Tabora_S1103_d988f5,,,,,
2026-09-12T08:36:06-05:00,PUR_IED_Tenerife_Ext_1ab188,PUR_IED_Tenerife_Ext_1ab188,,,,,
2026-09-12T08:36:06-05:00,PUR_IED_Tenerife_SDanzas_7bc02e,PUR_IED_Tenerife_SDanzas_7bc02e,,,,,
2026-09-12T08:36:06-05:00,PUR_IED_Tenerife_SIngles_7cc277,PUR_IED_Tenerife_SIngles_7cc277,,,,,
2026-09-12T08:36:06-05:00,PUR_IED_Tibabuyes_Exter_f2683d,PUR_IED_Tibabuyes_Exter_f2683d,,,,,
2026-09-12T08:36:06-05:00,PUR_IED_Tibabuyes_S10_dc87a8,PUR_IED_Tibabuyes_S10_dc87a8,,,,,
2026-09-12T08:36:06-05:00,PUR_IED_Tibabuyes_S15_dc0526,PUR_IED_Tibabuyes_S15_dc0526,,,,,
2026-09-12T08:36:06-05:00,PUR_IED_UnionE_S301_a1043,PUR_IED_UnionE_S301_a1043,,,,,
2026-09-12T08:36:06-05:00,PUR_IED_UnionE_S307_ff6c2f,PUR_IED_UnionE_S307_ff6c2f,,,,,
2026-09-12T08:36:06-05:00,PUR_IED_UnionE__Ext_5e2468,PUR_IED_UnionE__Ext_5e2468,,,,,
2026-09-12T08:36:06-05:00,PUR_IED_VillaRica_Ext_75be7c,PUR_IED_VillaRica_Ext_75be7c,,,,,
2026-09-12T08:36:06-05:00,PUR_IED_VillaRica_S4_cc5dcd,PUR_IED_VillaRica_S4_cc5dcd,,,,,
2026-09-12T08:36:06-05:00,PUR_IED_VillaRica_Sesp_99f5c,PUR_IED_VillaRica_Sesp_99f5c,,,,,
2026-09-12T08:41:06-05:00,PUR_IED_20deJulio_1101_91b1b9,PUR_IED_20deJulio_1101_91b1b9,,,,,
2026-09-12T08:41:06-05:00,PUR_IED_20deJulio_1102_1cfcf9,PUR_IED_20deJulio_1102_1cfcf9,,,,,
2026-09-12T08:41:06-05:00,PUR_IED_20deJulio_Ext_ab60bd,PUR_IED_20deJulio_Ext_ab60bd,,,,,
2026-09-12T08:41:06-05:00,PUR_IED_AgustinFer_Ext_7b9b77,PUR_IED_AgustinFer_Ext_7b9b77,,,,,
2026-09-12T08:41:06-05:00,PUR_IED_AgustinFer_Info2_27b3a7,PUR_IED_AgustinFer_Info2_27b3a7,,,,,
2026-09-12T08:41:06-05:00,PUR_IED_AgustinFer_Sena_54b4eb,PUR_IED_AgustinFer_Sena_54b4eb,,,,,
2026-09-12T08:41:06-05:00,PUR_IED_AlexanderF_1102_caf07b,PUR_IED_AlexanderF_1102_caf07b,,,,,
2026-09-12T08:41:06-05:00,PUR_IED_AlexanderF_1103_c79e71,PUR_IED_AlexanderF_1103_c79e71,,,,,
2026-09-12T08:41:06-05:00,PUR_IED_AlexanderF_Ext_c5b18b,PUR_IED_AlexanderF_Ext_c5b18b,,,,,
2026-09-12T08:41:06-05:00,PUR_IED_AlfonsoLopez_Ext_281d77,PUR_IED_AlfonsoLopez_Ext_281d77,,,,,
2026-09-12T08:41:06-05:00,PUR_IED_AlfonsoLopez_LabF_888ce0,PUR_IED_AlfonsoLopez_LabF_888ce0,,,,,
2026-09-12T08:41:06-05:00,PUR_IED_AlfonsoLopez_SMed_df6a7f,PUR_IED_AlfonsoLopez_SMed_df6a7f,,,,,
2026-09-12T08:41:06-05:00,PUR_IED_AltamiraSO_A2_209f92,PUR_IED_AltamiraSO_A2_209f92,,,,,
2026-09-12T08:41:06-05:00,PUR_IED_AltamiraSO_Ext_186d66,PUR_IED_AltamiraSO_Ext_186d66,,,,,
2026-09-12T08:41:06-05:00,PUR_IED_AltamiraSO_Sistem_27afe1,PUR_IED_AltamiraSO_Sistem_27afe1,,,,,
2026-09-12T08:41:06-05:00,PUR_IED_AlvaroGom_LabQuim_813179,PUR_IED_AlvaroGom_LabQuim_813179,,,,,
2026-09-12T08:41:06-05:00,PUR_IED_AlvaroGomez_Ext_47c7ca,PUR_IED_AlvaroGomez_Ext_47c7ca,,,,,
2026-09-12T08:41:06-05:00,PUR_IED_AlvaroGomez_LabQuim_813179,PUR_IED_AlvaroGomez_LabQuim_813179,,,,,
2026-09-12T08:41:06-05:00,PUR_IED_AlvaroGomez_S23_7ba89f,PUR_IED_AlvaroGomez_S23_7ba89f,,,,,
2026-09-12T08:41:06-05:00,PUR_IED_Amistad_306_dc8728,PUR_IED_Amistad_306_dc8728,,,,,
2026-09-12T08:41:06-05:00,PUR_IED_Amistad_Ext_8cd55e,PUR_IED_Amistad_Ext_8cd55e,,,,,
2026-09-12T08:41:06-05:00,PUR_IED_Amistad_S202_a41169,PUR_IED_Amistad_S202_a41169,,,,,
2026-09-12T08:41:06-05:00,PUR_IED_AndresBello_Bio_fd5f5e,PUR_IED_AndresBello_Bio_fd5f5e,,,,,
2026-09-12T08:41:06-05:00,PUR_IED_AndresBello_ext_dcad65,PUR_IED_AndresBello_ext_dcad65,,,,,
2026-09-12T08:41:06-05:00,PUR_IED_AndresBello_port_eed3ec,PUR_IED_AndresBello_port_eed3ec,,,,,
2026-09-12T08:41:06-05:00,PUR_IED_AngelaR_11b_d90a6b,PUR_IED_AngelaR_11b_d90a6b,,,,,
2026-09-12T08:41:06-05:00,PUR_IED_AngelaR_ext_7cad3e,PUR_IED_AngelaR_ext_7cad3e,,,,,
2026-09-12T08:41:06-05:00,PUR_IED_AntJoseSucre_10mo_df2575,PUR_IED_AntJoseSucre_10mo_df2575,,,,,
2026-09-12T08:41:06-05:00,PUR_IED_AntJoseSucre_Ext_215b36,PUR_IED_AntJoseSucre_Ext_215b36,,,,,
2026-09-12T08:41:06-05:00,PUR_IED_AntJoseSucre_Lab_3139de,PUR_IED_AntJoseSucre_Lab_3139de,,,,,
2026-09-12T08:41:06-05:00,PUR_IED_AntonioGarcia_301_d6b188,PUR_IED_AntonioGarcia_301_d6b188,,,,,
2026-09-12T08:41:06-05:00,PUR_IED_AntonioGarcia_302_88a82,PUR_IED_AntonioGarcia_302_88a82,,,,,
2026-09-12T08:41:06-05:00,PUR_IED_AntonioGarcia_Ext_20950c,PUR_IED_AntonioGarcia_Ext_20950c,,,,,
2026-09-12T08:41:06-05:00,PUR_IED_AntonioVan_Aula2_6dea02,PUR_IED_AntonioVan_Aula2_6dea02,,,,,
2026-09-12T08:41:06-05:00,PUR_IED_AntonioVan_Aula5_f1557e,PUR_IED_AntonioVan_Aula5_f1557e,,,,,
2026-09-12T08:41:06-05:00,PUR_IED_AntonioVan_Ext_406f2f,PUR_IED_AntonioVan_Ext_406f2f,,,,,
2026-09-12T08:41:06-05:00,PUR_IED_Atabanzha_Ext_cc5af9,PUR_IED_Atabanzha_Ext_cc5af9,,,,,
2026-09-12T08:41:06-05:00,PUR_IED_Atabanzha_SA101_56c37,PUR_IED_Atabanzha_SA101_56c37,,,,,
2026-09-12T08:41:06-05:00,PUR_IED_Atabanzha_SB302_27b374,PUR_IED_Atabanzha_SB302_27b374,,,,,
2026-09-12T08:41:06-05:00,PUR_IED_Atahualpa_Ext_fc1748,PUR_IED_Atahualpa_Ext_fc1748,,,,,
2026-09-12T08:41:06-05:00,PUR_IED_Atahualpa_Informa_dc9a95,PUR_IED_Atahualpa_Informa_dc9a95,,,,,
2026-09-12T08:41:06-05:00,PUR_IED_Atahualpa_S1101_f98056,PUR_IED_Atahualpa_S1101_f98056,,,,,
2026-09-12T08:41:06-05:00,PUR_IED_Bellavista_Ext_f5aa74,PUR_IED_Bellavista_Ext_f5aa74,,,,,
2026-09-12T08:41:06-05:00,PUR_IED_Bilbao_11A_916c41,PUR_IED_Bilbao_11A_916c41,,,,,
2026-09-12T08:41:06-05:00,PUR_IED_Bilbao_Ext_fb579a,PUR_IED_Bilbao_Ext_fb579a,,,,,
2026-09-12T08:41:06-05:00,PUR_IED_BrasiliaU_A125_304280,PUR_IED_BrasiliaU_A125_304280,,,,,
2026-09-12T08:41:06-05:00,PUR_IED_BrasiliaU_A203_7c8ca5,PUR_IED_BrasiliaU_A203_7c8ca5,,,,,
2026-09-12T08:41:06-05:00,PUR_IED_BrasiliaU_Ext_8d6e9f,PUR_IED_BrasiliaU_Ext_8d6e9f,6,17,68,4.5175,-74.116302
2026-09-12T08:41:06-05:00,PUR_IED_Brasilia_Ext_fe6593,PUR_IED_Brasilia_Ext_fe6593,,,,,
2026-09-12T08:41:06-05:00,PUR_IED_Brasilia_S24_7c130d,PUR_IED_Brasilia_S24_7c130d,,,,,
2026-09-12T08:41:06-05:00,PUR_IED_Brasilia_S501_186a54,PUR_IED_Brasilia_S501_186a54,,,,,
2026-09-12T08:41:06-05:00,PUR_IED_CHARRY_EXT_f1d5cd,PUR_IED_CHARRY_EXT_f1d5cd,,,,,
2026-09-12T08:41:06-05:00,PUR_IED_CHARRY_INTDANZAS_7a08e6,PUR_IED_CHARRY_INTDANZAS_7a08e6,,,,,
2026-09-12T08:41:06-05:00,PUR_IED_CHARRY_INT_AULA20_dc998d,PUR_IED_CHARRY_INT_AULA20_dc998d,,,,,
2026-09-12T08:41:06-05:00,PUR_IED_COLVIV_1101_S25_7f520a,PUR_IED_COLVIV_1101_S25_7f520a,,,,,
2026-09-12T08:41:06-05:00,PUR_IED_COLVIV_1102_S16_f570ba,PUR_IED_COLVIV_1102_S16_f570ba,,,,,
2026-09-12T08:41:06-05:00,PUR_IED_COLVIV_Ext_1a26fa,PUR_IED_COLVIV_Ext_1a26fa,,,,,
2026-09-12T08:41:06-05:00,PUR_IED_CULPOP_301A_f660f3,PUR_IED_CULPOP_301A_f660f3,,,,,
2026-09-12T08:41:06-05:00,PUR_IED_CULPOP_303_568afe,PUR_IED_CULPOP_303_568afe,,,,,
2026-09-12T08:41:06-05:00,PUR_IED_CULPOP_Ext_e02ccb,PUR_IED_CULPOP_Ext_e02ccb,,,,,
2026-09-12T08:41:06-05:00,PUR_IED_CVillavicen_Ext_26eb58,PUR_IED_CVillavicen_Ext_26eb58,7,15,83,4.487,-74.102798
2026-09-12T08:41:06-05:00,PUR_IED_CVillavicen_Intel_1ce5c2,PUR_IED_CVillavicen_Intel_1ce5c2,,,,,
2026-09-12T08:41:06-05:00,PUR_IED_CVillavicen_Poliv_e0766c,PUR_IED_CVillavicen_Poliv_e0766c,,,,,
2026-09-12T08:41:06-05:00,PUR_IED_CVillavicen_int_1ba140,PUR_IED_CVillavicen_int_1ba140,,,,,
2026-09-12T08:41:06-05:00,PUR_IED_CVillavicen_intel_1ba140,PUR_IED_CVillavicen_intel_1ba140,,,,,
2026-09-12T08:41:06-05:00,PUR_IED_CarlosPizarro_Ext_e307cc,PUR_IED_CarlosPizarro_Ext_e307cc,,,,,
2026-09-12T08:41:06-05:00,PUR_IED_CarlosPizarro_L36_7e5cdb,PUR_IED_CarlosPizarro_L36_7e5cdb,,,,,
2026-09-12T08:41:06-05:00,PUR_IED_CarlosPizarro_L37_c8566c,PUR_IED_CarlosPizarro_L37_c8566c,,,,,
2026-09-12T08:41:06-05:00,PUR_IED_Castilla_Ext_cf35f,PUR_IED_Castilla_Ext_cf35f,,,,,
2026-09-12T08:41:06-05:00,PUR_IED_Castilla_SFisik_360e38,PUR_IED_Castilla_SFisik_360e38,,,,,
2026-09-12T08:41:06-05:00,PUR_IED_Castilla_Sc304_496fbf,PUR_IED_Castilla_Sc304_496fbf,,,,,
2026-09-12T08:41:06-05:00,PUR_IED_CervantesSa_Ext_6b57b,PUR_IED_CervantesSa_Ext_6b57b,5,17,76,4.5128,-74.117203
2026-09-12T08:41:06-05:00,PUR_IED_CervantesSa_S107_225c2b,PUR_IED_CervantesSa_S107_225c2b,,,,,
2026-09-12T08:41:06-05:00,PUR_IED_CervantesSa_S108_940925,PUR_IED_CervantesSa_S108_940925,,,,,
2026-09-12T08:41:06-05:00,PUR_IED_Charry_A20_f53e7c,PUR_IED_Charry_A20_f53e7c,,,,,
2026-09-12T08:41:06-05:00,PUR_IED_Charry_Ext_f1d5cd,PUR_IED_Charry_Ext_f1d5cd,,,,,
2026-09-12T08:41:06-05:00,PUR_IED_Charry_IntAula20_dc998d,PUR_IED_Charry_IntAula20_dc998d,,,,,
2026-09-12T08:41:06-05:00,PUR_IED_Charry_IntDanzas_7a08e6,PUR_IED_Charry_IntDanzas_7a08e6,,,,,
2026-09-12T08:41:06-05:00,PUR_IED_ClememciaC_203_43e2fc,PUR_IED_ClememciaC_203_43e2fc,,,,,
2026-09-12T08:41:06-05:00,PUR_IED_ClememciaC_Ext_1b411a,PUR_IED_ClememciaC_Ext_1b411a,,,,,
2026-09-12T08:41:06-05:00,PUR_IED_ClememciaC_Quimic_44b5fc,PUR_IED_ClememciaC_Quimic_44b5fc,,,,,
2026-09-12T08:41:06-05:00,PUR_IED_ClemenciaC_203_43e2fc,PUR_IED_ClemenciaC_203_43e2fc,,,,,
2026-09-12T08:41:06-05:00,PUR_IED_ClemenciaC_Ext_1b411a,PUR_IED_ClemenciaC_Ext_1b411a,,,,,
2026-09-12T08:41:06-05:00,PUR_IED_ClemenciaC_Quimic_44b5fc,PUR_IED_ClemenciaC_Quimic_44b5fc,,,,,
2026-09-12T08:41:06-05:00,PUR_IED_ColViva_1101_S25_7f520a,PUR_IED_ColViva_1101_S25_7f520a,,,,,
2026-09-12T08:41:06-05:00,PUR_IED_ColViva_1102_S16_f570ba,PUR_IED_ColViva_1102_S16_f570ba,,,,,
2026-09-12T08:41:06-05:00,PUR_IED_ColViva_Ext_1a26fa,PUR_IED_ColViva_Ext_1a26fa,,,,,
2026-09-12T08:41:06-05:00,PUR_IED_ColegioBici_Asist_7c8798,PUR_IED_ColegioBici_Asist_7c8798,,,,,
2026-09-12T08:41:06-05:00,PUR_IED_ColegioBici_Ext_25cbf6,PUR_IED_ColegioBici_Ext_25cbf6,,,,,
2026-09-12T08:41:06-05:00,PUR_IED_ColegioBici_LabQ_7b57db,PUR_IED_ColegioBici_LabQ_7b57db,,,,,
2026-09-12T08:41:06-05:00,PUR_IED_CostaRica_Ext_5e640,PUR_IED_CostaRica_Ext_5e640,,,,,
2026-09-12T08:41:06-05:00,PUR_IED_CostaRica_Quim1_766d1c,PUR_IED_CostaRica_Quim1_766d1c,,,,,
2026-09-12T08:41:06-05:00,PUR_IED_CostaRica__Fisica_6f0873,PUR_IED_CostaRica__Fisica_6f0873,,,,,
2026-09-12T08:41:06-05:00,PUR_IED_CulPopu_301A_f660f3,PUR_IED_CulPopu_301A_f660f3,,,,,
2026-09-12T08:41:06-05:00,PUR_IED_CulPopu_303_568afe,PUR_IED_CulPopu_303_568afe,,,,,
2026-09-12T08:41:06-05:00,PUR_IED_CulPopu_Ext_e02ccb,PUR_IED_CulPopu_Ext_e02ccb,,,,,
2026-09-12T08:41:06-05:00,PUR_IED_Cundinamarca_Ext_f15985,PUR_IED_Cundinamarca_Ext_f15985,,,,,
2026-09-12T08:41:06-05:00,PUR_IED_Cundinamarca_Info_7aa5d7,PUR_IED_Cundinamarca_Info_7aa5d7,,,,,
2026-09-12T08:41:06-05:00,PUR_IED_Cundinamarca_Tec2_f449c7,PUR_IED_Cundinamarca_Tec2_f449c7,,,,,
2026-09-12T08:41:06-05:00,PUR_IED_DiegoM_Aula1_27b314,PUR_IED_DiegoM_Aula1_27b314,,,,,
2026-09-12T08:41:06-05:00,PUR_IED_DiegoM_Ext_d80ac8,PUR_IED_DiegoM_Ext_d80ac8,,,,,
2026-09-12T08:41:06-05:00,PUR_IED_DiegoM_S25_da928f,PUR_IED_DiegoM_S25_da928f,,,,,
2026-09-12T08:41:06-05:00,PUR_IED_ELRODEO_360881,PUR_IED_ELRODEO_360881,,,,,
2026-09-12T08:41:06-05:00,PUR_IED_ELRODEO_ext_360881,PUR_IED_ELRODEO_ext_360881,,,,,
2026-09-12T08:41:06-05:00,PUR_IED_EduardoU_Ext_1c1969,PUR_IED_EduardoU_Ext_1c1969,,,,,
2026-09-12T08:41:06-05:00,PUR_IED_EduardoU_SCiencia_4dfb94,PUR_IED_EduardoU_SCiencia_4dfb94,,,,,
2026-09-12T08:41:06-05:00,PUR_IED_EduardoU_SQuimica_5a46e7,PUR_IED_EduardoU_SQuimica_5a46e7,,,,,
2026-09-12T08:41:06-05:00,PUR_IED_ElRodeo_Aula14_676984,PUR_IED_ElRodeo_Aula14_676984,,,,,
2026-09-12T08:41:06-05:00,PUR_IED_ElRodeo_Aula16_2dd35b,PUR_IED_ElRodeo_Aula16_2dd35b,,,,,
2026-09-12T08:41:06-05:00,PUR_IED_ElRodeo_Ext_360881,PUR_IED_ElRodeo_Ext_360881,,,,,
2026-09-12T08:41:06-05:00,PUR_IED_ElRodeo_Exterior_8c6d28,PUR_IED_ElRodeo_Exterior_8c6d28,,,,,
2026-09-12T08:41:06-05:00,PUR_IED_ElRodeo_ext_360881,PUR_IED_ElRodeo_ext_360881,,,,,
2026-09-12T08:41:06-05:00,PUR_IED_EmmaReyes_Ext_987625,PUR_IED_EmmaReyes_Ext_987625,6,21,53,4.6367,-74.1511
2026-09-12T08:41:06-05:00,PUR_IED_Ensueño_Ext_7f0250,PUR_IED_Ensueño_Ext_7f0250,,,,,
2026-09-12T08:41:06-05:00,PUR_IED_EscNormal_Ext_5fef3b,PUR_IED_EscNormal_Ext_5fef3b,2,19,61,4.5852,-74.096901
2026-09-12T08:41:06-05:00,PUR_IED_EscNormal_S309_5b263,PUR_IED_EscNormal_S309_5b263,,,,,
2026-09-12T08:41:06-05:00,PUR_IED_EscNormal_S310_27b3b8,PUR_IED_EscNormal_S310_27b3b8,,,,,
2026-09-12T08:41:06-05:00,PUR_IED_Evangelista_Conta_f6cd4f,PUR_IED_Evangelista_Conta_f6cd4f,,,,,
2026-09-12T08:41:06-05:00,PUR_IED_Evangelista_Cri_5e16a,PUR_IED_Evangelista_Cri_5e16a,,,,,
2026-09-12T08:41:06-05:00,PUR_IED_Evangelista_Exter_754066,PUR_IED_Evangelista_Exter_754066,,,,,
2026-09-12T08:41:06-05:00,PUR_IED_FMiranda_S209_5cc2a3,PUR_IED_FMiranda_S209_5cc2a3,,,,,
2026-09-12T08:41:06-05:00,PUR_IED_FMiranda_S303_19e344,PUR_IED_FMiranda_S303_19e344,,,,,
2026-09-12T08:41:06-05:00,PUR_IED_FMiranda_ext_f53e7c,PUR_IED_FMiranda_ext_f53e7c,,,,,
2026-09-12T08:41:06-05:00,PUR_IED_FabioLozano_Bibli_1cee05,PUR_IED_FabioLozano_Bibli_1cee05,,,,,
2026-09-12T08:41:06-05:00,PUR_IED_FabioLozano_Ext_6ea285,PUR_IED_FabioLozano_Ext_6ea285,,,,,
2026-09-12T08:41:06-05:00,PUR_IED_FabioLozano_SLudi_f09e1e,PUR_IED_FabioLozano_SLudi_f09e1e,,,,,
2026-09-12T08:41:06-05:00,PUR_IED_FaustinoS_Aula07_27a731,PUR_IED_FaustinoS_Aula07_27a731,,,,,
2026-09-12T08:41:06-05:00,PUR_IED_FaustinoS_Ext_7b936f,PUR_IED_FaustinoS_Ext_7b936f,,,,,
2026-09-12T08:41:06-05:00,PUR_IED_FaustinoS_Fisica_da2c60,PUR_IED_FaustinoS_Fisica_da2c60,,,,,
2026-09-12T08:41:06-05:00,PUR_IED_FeGarciaLo_Ext_dc68ee,PUR_IED_FeGarciaLo_Ext_dc68ee,,,,,
2026-09-12T08:41:06-05:00,PUR_IED_FeGarciaLo_SDanza_f70a59,PUR_IED_FeGarciaLo_SDanza_f70a59,,,,,
2026-09-12T08:41:06-05:00,PUR_IED_FeGarciaLo_SMusic_125cdd,PUR_IED_FeGarciaLo_SMusic_125cdd,,,,,
2026-09-12T08:41:06-05:00,PUR_IED_FederalAlema_Exte_50c345,PUR_IED_FederalAlema_Exte_50c345,,,,,
2026-09-12T08:41:06-05:00,PUR_IED_FederalAlema_S31_f18371,PUR_IED_FederalAlema_S31_f18371,,,,,
2026-09-12T08:41:06-05:00,PUR_IED_FederalAlema_S901_a62cd,PUR_IED_FederalAlema_S901_a62cd,,,,,
2026-09-12T08:41:06-05:00,PUR_IED_FilarmonicaS_A5_f35eb1,PUR_IED_FilarmonicaS_A5_f35eb1,,,,,
2026-09-12T08:41:06-05:00,PUR_IED_FilarmonicaS_Ext_8a3bde,PUR_IED_FilarmonicaS_Ext_8a3bde,,,,,
2026-09-12T08:41:06-05:00,PUR_IED_FilarmonicaS_Spol_406114,PUR_IED_FilarmonicaS_Spol_406114,,,,,
2026-09-12T08:41:06-05:00,PUR_IED_FlorentinoG_A13_d1fa59,PUR_IED_FlorentinoG_A13_d1fa59,,,,,
2026-09-12T08:41:06-05:00,PUR_IED_FlorentinoG_Ext_1ce6ce,PUR_IED_FlorentinoG_Ext_1ce6ce,,,,,
2026-09-12T08:41:06-05:00,PUR_IED_FlorentinoG_Idiom_a66aac,PUR_IED_FlorentinoG_Idiom_a66aac,,,,,
2026-09-12T08:41:06-05:00,PUR_IED_FranciscoMati_Ext_e3869d,PUR_IED_FranciscoMati_Ext_e3869d,,,,,
2026-09-12T08:41:06-05:00,PUR_IED_FranciscoMati_S13_f31c67,PUR_IED_FranciscoMati_S13_f31c67,,,,,
2026-09-12T08:41:06-05:00,PUR_IED_FranciscoMati_S14_97dead,PUR_IED_FranciscoMati_S14_97dead,,,,,
2026-09-12T08:41:06-05:00,PUR_IED_FranciscoPS_Ext_7bfa9a,PUR_IED_FranciscoPS_Ext_7bfa9a,2,20,60,4.5899,-74.110397
2026-09-12T08:41:06-05:00,PUR_IED_FranciscoPS_Infor_fb8f4c,PUR_IED_FranciscoPS_Infor_fb8f4c,,,,,
2026-09-12T08:41:06-05:00,PUR_IED_FranciscoPS_Quimi_94d39c,PUR_IED_FranciscoPS_Quimi_94d39c,,,,,
2026-09-12T08:41:06-05:00,PUR_IED_FranciscoP_LabQ_d7e148,PUR_IED_FranciscoP_LabQ_d7e148,,,,,
2026-09-12T08:41:06-05:00,PUR_IED_FranciscoP_S28_cf9b30,PUR_IED_FranciscoP_S28_cf9b30,,,,,
2026-09-12T08:41:06-05:00,PUR_IED_FranciscoP_ext_e2313,PUR_IED_FranciscoP_ext_e2313,,,,,
2026-09-12T08:41:06-05:00,PUR_IED_FriederichN_Ext_8ac92a,PUR_IED_FriederichN_Ext_8ac92a,,,,,
2026-09-12T08:41:06-05:00,PUR_IED_FriederichN_S301_dd7e5a,PUR_IED_FriederichN_S301_dd7e5a,,,,,
2026-09-12T08:41:06-05:00,PUR_IED_FriederichN_S308_761f4f,PUR_IED_FriederichN_S308_761f4f,,,,,
2026-09-12T08:41:06-05:00,PUR_IED_GSantander_Aula10_533dd7,PUR_IED_GSantander_Aula10_533dd7,,,,,
2026-09-12T08:41:06-05:00,PUR_IED_GSantander_Aula12_fd4e4f,PUR_IED_GSantander_Aula12_fd4e4f,,,,,
2026-09-12T08:41:06-05:00,PUR_IED_GSantander_Aula310_533dd7,PUR_IED_GSantander_Aula310_533dd7,,,,,
2026-09-12T08:41:06-05:00,PUR_IED_GSantander_Aula312_fd4e4f,PUR_IED_GSantander_Aula312_fd4e4f,,,,,
2026-09-12T08:41:06-05:00,PUR_IED_GSantander_Ext_5f66b0,PUR_IED_GSantander_Ext_5f66b0,,,,,
2026-09-12T08:41:06-05:00,PUR_IED_GYomasa_Ext_f6bea5,PUR_IED_GYomasa_Ext_f6bea5,,,,,
2026-09-12T08:41:06-05:00,PUR_IED_GYomasa_LBiol_2c41aa,PUR_IED_GYomasa_LBiol_2c41aa,,,,,
2026-09-12T08:41:06-05:00,PUR_IED_GYomasa_LQuim_33c80,PUR_IED_GYomasa_LQuim_33c80,,,,,
2026-09-12T08:41:06-05:00,PUR_IED_GabBetMejia_Cienc_5a99c,PUR_IED_GabBetMejia_Cienc_5a99c,,,,,
2026-09-12T08:41:06-05:00,PUR_IED_GabBetMejia_Ext_9153d0,PUR_IED_GabBetMejia_Ext_9153d0,,,,,
2026-09-12T08:41:06-05:00,PUR_IED_GabBetMejia_Lab_f55347,PUR_IED_GabBetMejia_Lab_f55347,,,,,
2026-09-12T08:41:06-05:00,PUR_IED_GabBetanMejia_Ext_9153d0,PUR_IED_GabBetanMejia_Ext_9153d0,,,,,
2026-09-12T08:41:06-05:00,PUR_IED_Gaitana_Aula13_7aac11,PUR_IED_Gaitana_Aula13_7aac11,,,,,
2026-09-12T08:41:06-05:00,PUR_IED_Gaitana_Ext_5fcf4,PUR_IED_Gaitana_Ext_5fcf4,,,,,
2026-09-12T08:41:06-05:00,PUR_IED_Gaitana_LabFisica_644448,PUR_IED_Gaitana_LabFisica_644448,,,,,
2026-09-12T08:41:06-05:00,PUR_IED_GenSantander_Dise_8ac858,PUR_IED_GenSantander_Dise_8ac858,,,,,
2026-09-12T08:41:06-05:00,PUR_IED_GenSantander_Ext_8d5dfe,PUR_IED_GenSantander_Ext_8d5dfe,,,,,
2026-09-12T08:41:06-05:00,PUR_IED_GenSantander_Info_6c25b,PUR_IED_GenSantander_Info_6c25b,,,,,
2026-09-12T08:41:06-05:00,PUR_IED_GustavoMo_Exterio_75e63d,PUR_IED_GustavoMo_Exterio_75e63d,,,,,
2026-09-12T08:41:06-05:00,PUR_IED_GustavoMo_LabFisi_224d37,PUR_IED_GustavoMo_LabFisi_224d37,,,,,
2026-09-12T08:41:06-05:00,PUR_IED_GustavoMo_S208_3e6918,PUR_IED_GustavoMo_S208_3e6918,,,,,
2026-09-12T08:41:06-05:00,PUR_IED_GustavoR_A02_8cd4a8,PUR_IED_GustavoR_A02_8cd4a8,,,,,
2026-09-12T08:41:06-05:00,PUR_IED_GustavoR_B11_5b0ed,PUR_IED_GustavoR_B11_5b0ed,,,,,
2026-09-12T08:41:06-05:00,PUR_IED_GustavoR_Ext_7a0c90,PUR_IED_GustavoR_Ext_7a0c90,,,,,
2026-09-12T08:41:06-05:00,PUR_IED_HernandoDuran_Ext_8cd82b,PUR_IED_HernandoDuran_Ext_8cd82b,,,,,
2026-09-12T08:41:06-05:00,PUR_IED_HernandoDuran_S24_2772c6,PUR_IED_HernandoDuran_S24_2772c6,,,,,
2026-09-12T08:41:06-05:00,PUR_IED_HernandoDuran_S30_f2de41,PUR_IED_HernandoDuran_S30_f2de41,,,,,
2026-09-12T08:41:06-05:00,PUR_IED_HolguInUr_S1101_8cd732,PUR_IED_HolguInUr_S1101_8cd732,,,,,
2026-09-12T08:41:06-05:00,PUR_IED_HolguinUr_Exter_ddae6d,PUR_IED_HolguinUr_Exter_ddae6d,,,,,
2026-09-12T08:41:06-05:00,PUR_IED_HolguinUr_LabQuim_92b952,PUR_IED_HolguinUr_LabQuim_92b952,,,,,
2026-09-12T08:41:06-05:00,PUR_IED_Isabel-II_Ext_5245cc,PUR_IED_Isabel-II_Ext_5245cc,2,18,60,4.6336,-74.153
2026-09-12T08:41:06-05:00,PUR_IED_Isabel-II_S_idiom_1c29aa,PUR_IED_Isabel-II_S_idiom_1c29aa,,,,,
2026-09-12T08:41:06-05:00,PUR_IED_Isabel-II_S_infor_fd741,PUR_IED_Isabel-II_S_infor_fd741,,,,,
2026-09-12T08:41:06-05:00,PUR_IED_IsidroSur_Exterio_5b90ea,PUR_IED_IsidroSur_Exterio_5b90ea,,,,,
2026-09-12T08:41:06-05:00,PUR_IED_IsidroSur_LabTec_56697a,PUR_IED_IsidroSur_LabTec_56697a,,,,,
2026-09-12T08:41:06-05:00,PUR_IED_IsidroSur_Robotic_b7c38f,PUR_IED_IsidroSur_Robotic_b7c38f,,,,,
2026-09-12T08:41:06-05:00,PUR_IED_IsmaelPerd_Ext_7b6672,PUR_IED_IsmaelPerd_Ext_7b6672,,,,,
2026-09-12T08:41:06-05:00,PUR_IED_IsmaelPerd_Inform_306540,PUR_IED_IsmaelPerd_Inform_306540,,,,,
2026-09-12T08:41:06-05:00,PUR_IED_IsmaelPerd_S30_2e2c83,PUR_IED_IsmaelPerd_S30_2e2c83,,,,,
2026-09-12T08:41:06-05:00,PUR_IED_JLozano_Exter_432910,PUR_IED_JLozano_Exter_432910,,,,,
2026-09-12T08:41:06-05:00,PUR_IED_JLozano_salaMulti_df5125,PUR_IED_JLozano_salaMulti_df5125,,,,,
2026-09-12T08:41:06-05:00,PUR_IED_JMCordoba_206_86f80b,PUR_IED_JMCordoba_206_86f80b,,,,,
2026-09-12T08:41:06-05:00,PUR_IED_JMCordoba_Ext_27ad97,PUR_IED_JMCordoba_Ext_27ad97,,,,,
2026-09-12T08:41:06-05:00,PUR_IED_JMCordoba_S310_d59ab4,PUR_IED_JMCordoba_S310_d59ab4,,,,,
2026-09-12T08:41:06-05:00,PUR_IED_Japon_Ext_549100,PUR_IED_Japon_Ext_549100,,,,,
2026-09-12T08:41:06-05:00,PUR_IED_Japon_Laboratorio_bec51d,PUR_IED_Japon_Laboratorio_bec51d,,,,,
2026-09-12T08:41:06-05:00,PUR_IED_Japon_informatica_d99327,PUR_IED_Japon_informatica_d99327,,,,,
2026-09-12T08:41:06-05:00,PUR_IED_Jazmin_Ext_d27bda,PUR_IED_Jazmin_Ext_d27bda,,,,,
2026-09-12T08:41:06-05:00,PUR_IED_Jazmin_Fisica_8d14d7,PUR_IED_Jazmin_Fisica_8d14d7,,,,,
2026-09-12T08:41:06-05:00,PUR_IED_Jazmin_Quimica_801cb5,PUR_IED_Jazmin_Quimica_801cb5,,,,,
2026-09-12T08:41:06-05:00,PUR_IED_JorgeGaitan_Exter_f098d1,PUR_IED_JorgeGaitan_Exter_f098d1,,,,,
2026-09-12T08:41:06-05:00,PUR_IED_JorgeGaitan_STec1_dc9d1d,PUR_IED_JorgeGaitan_STec1_dc9d1d,,,,,
2026-09-12T08:41:06-05:00,PUR_IED_JorgeGaitan_STec2_281e69,PUR_IED_JorgeGaitan_STec2_281e69,,,,,
2026-09-12T08:41:06-05:00,PUR_IED_JorgeSoto_Exterio_d9d0a2,PUR_IED_JorgeSoto_Exterio_d9d0a2,,,,,
2026-09-12T08:41:06-05:00,PUR_IED_JorgeSoto_LabFisi_209c54,PUR_IED_JorgeSoto_LabFisi_209c54,,,,,
2026-09-12T08:41:06-05:00,PUR_IED_JorgeSoto_S103_27b51a,PUR_IED_JorgeSoto_S103_27b51a,,,,,
2026-09-12T08:41:06-05:00,PUR_IED_JoseAcevedo_A02_e965eb,PUR_IED_JoseAcevedo_A02_e965eb,,,,,
2026-09-12T08:41:06-05:00,PUR_IED_JoseAcevedo_A07_dd5b4,PUR_IED_JoseAcevedo_A07_dd5b4,,,,,
2026-09-12T08:41:06-05:00,PUR_IED_JoseAcevedo_Ext_b47484,PUR_IED_JoseAcevedo_Ext_b47484,,,,,
2026-09-12T08:41:06-05:00,PUR_IED_JoseMarti_Exte_5b9bf,PUR_IED_JoseMarti_Exte_5b9bf,,,,,
2026-09-12T08:41:06-05:00,PUR_IED_JoseMarti_LabQuim_1c6c2d,PUR_IED_JoseMarti_LabQuim_1c6c2d,,,,,
2026-09-12T08:41:06-05:00,PUR_IED_JoseMarti_S_info_f5f177,PUR_IED_JoseMarti_S_info_f5f177,,,,,
2026-09-12T08:41:06-05:00,PUR_IED_Josejoaquin_Ext_dfc5dc,PUR_IED_Josejoaquin_Ext_dfc5dc,,,,,
2026-09-12T08:41:06-05:00,PUR_IED_Josejoaquin_S05_5b2a96,PUR_IED_Josejoaquin_S05_5b2a96,,,,,
2026-09-12T08:41:06-05:00,PUR_IED_Josejoaquin_S06_1ce7d2,PUR_IED_Josejoaquin_S06_1ce7d2,,,,,
2026-09-12T08:41:06-05:00,PUR_IED_JulioFlorez_Danza_9b82dd,PUR_IED_JulioFlorez_Danza_9b82dd,,,,,
2026-09-12T08:41:06-05:00,PUR_IED_JulioFlorez_Exter_f9f314,PUR_IED_JulioFlorez_Exter_f9f314,,,,,
2026-09-12T08:41:06-05:00,PUR_IED_JulioFlorez_info2_6b6e08,PUR_IED_JulioFlorez_info2_6b6e08,,,,,
2026-09-12T08:41:06-05:00,PUR_IED_LaBelleza_Aula13_1d00d8,PUR_IED_LaBelleza_Aula13_1d00d8,,,,,
2026-09-12T08:41:06-05:00,PUR_IED_LaBelleza_Ext_7bc08c,PUR_IED_LaBelleza_Ext_7bc08c,,,,,
2026-09-12T08:41:06-05:00,PUR_IED_LaChucua_Ext_8cd6d2,PUR_IED_LaChucua_Ext_8cd6d2,,,,,
2026-09-12T08:41:06-05:00,PUR_IED_LaChucua_S15_f578ce,PUR_IED_LaChucua_S15_f578ce,,,,,
2026-09-12T08:41:06-05:00,PUR_IED_LaChucua_S16_eebcf9,PUR_IED_LaChucua_S16_eebcf9,,,,,
2026-09-12T08:41:06-05:00,PUR_IED_LaFelicidad_Ext_fb5109,PUR_IED_LaFelicidad_Ext_fb5109,,,,,
2026-09-12T08:41:06-05:00,PUR_IED_LaMerced_206_66ebd,PUR_IED_LaMerced_206_66ebd,,,,,
2026-09-12T08:41:06-05:00,PUR_IED_LaMerced_207_6ebd6,PUR_IED_LaMerced_207_6ebd6,,,,,
2026-09-12T08:41:06-05:00,PUR_IED_LaMerced_ext_304311,PUR_IED_LaMerced_ext_304311,,,,,
2026-09-12T08:41:06-05:00,PUR_IED_Laureano_CiencNat_281e5e,PUR_IED_Laureano_CiencNat_281e5e,,,,,
2026-09-12T08:41:06-05:00,PUR_IED_Laureano_Comedor_f65c0a,PUR_IED_Laureano_Comedor_f65c0a,,,,,
2026-09-12T08:41:06-05:00,PUR_IED_Laureano_Exterior_7ab011,PUR_IED_Laureano_Exterior_7ab011,,,,,
2026-09-12T08:41:06-05:00,PUR_IED_LeonGreiff_Exte_dfe560,PUR_IED_LeonGreiff_Exte_dfe560,,,,,
2026-09-12T08:41:06-05:00,PUR_IED_LeonGreiff_S210_f264ed,PUR_IED_LeonGreiff_S210_f264ed,,,,,
2026-09-12T08:41:06-05:00,PUR_IED_LeonGreiff_SQuimi_e8296f,PUR_IED_LeonGreiff_SQuimi_e8296f,,,,,
2026-09-12T08:41:06-05:00,PUR_IED_LlanoOrientalS208_7b9fcd,PUR_IED_LlanoOrientalS208_7b9fcd,,,,,
2026-09-12T08:41:06-05:00,PUR_IED_LlanoOriental_Ext_fb3766,PUR_IED_LlanoOriental_Ext_fb3766,,,,,
2026-09-12T08:41:06-05:00,PUR_IED_LlanoOriental_S208_7b9fcd,PUR_IED_LlanoOriental_S208_7b9fcd,,,,,
2026-09-12T08:41:06-05:00,PUR_IED_LlanoOriental_S9_27b378,PUR_IED_LlanoOriental_S9_27b378,,,,,
2026-09-12T08:41:06-05:00,PUR_IED_LosTejares_1101_477602,PUR_IED_LosTejares_1101_477602,,,,,
2026-09-12T08:41:06-05:00,PUR_IED_LosTejares_11_d2c595,PUR_IED_LosTejares_11_d2c595,,,,,
2026-09-12T08:41:06-05:00,PUR_IED_LosTejares_12_477602,PUR_IED_LosTejares_12_477602,,,,,
2026-09-12T08:41:06-05:00,PUR_IED_LosTejares_Ext_8e2115,PUR_IED_LosTejares_Ext_8e2115,,,,,
2026-09-12T08:41:06-05:00,PUR_IED_MagdalenaO_B202_5ddda3,PUR_IED_MagdalenaO_B202_5ddda3,,,,,
2026-09-12T08:41:06-05:00,PUR_IED_MagdalenaO_B205_fb76e8,PUR_IED_MagdalenaO_B205_fb76e8,,,,,
2026-09-12T08:41:06-05:00,PUR_IED_MagdalenaO_ext_dc69cd,PUR_IED_MagdalenaO_ext_dc69cd,,,,,
2026-09-12T08:41:06-05:00,PUR_IED_ManueCepeda_artes_eee956,PUR_IED_ManueCepeda_artes_eee956,,,,,
2026-09-12T08:41:06-05:00,PUR_IED_ManuelCepeda_Ext_58313,PUR_IED_ManuelCepeda_Ext_58313,,,,,
2026-09-12T08:41:06-05:00,PUR_IED_ManuelCepeda_tec_1c5731,PUR_IED_ManuelCepeda_tec_1c5731,,,,,
2026-09-12T08:41:06-05:00,PUR_IED_ManuelS_Exterior_5b269,PUR_IED_ManuelS_Exterior_5b269,,,,,
2026-09-12T08:41:06-05:00,PUR_IED_ManuelS_Inform_f369ce,PUR_IED_ManuelS_Inform_f369ce,,,,,
2026-09-12T08:41:06-05:00,PUR_IED_ManuelS_SArtes_7d15f1,PUR_IED_ManuelS_SArtes_7d15f1,,,,,
2026-09-12T08:41:06-05:00,PUR_IED_ManuelZapata_303_3ca6,PUR_IED_ManuelZapata_303_3ca6,,,,,
2026-09-12T08:41:06-05:00,PUR_IED_ManuelZapata_311_bfbabc,PUR_IED_ManuelZapata_311_bfbabc,,,,,
2026-09-12T08:41:06-05:00,PUR_IED_ManuelZapata_Ext_50824a,PUR_IED_ManuelZapata_Ext_50824a,,,,,
2026-09-12T08:41:06-05:00,PUR_IED_ManuelitaS_Exteri_656a92,PUR_IED_ManuelitaS_Exteri_656a92,,,,,
2026-09-12T08:41:06-05:00,PUR_IED_ManuelitaS_JuzgDe_f58ec3,PUR_IED_ManuelitaS_JuzgDe_f58ec3,,,,,
2026-09-12T08:41:06-05:00,PUR_IED_ManuelitaS_Recrea_d793db,PUR_IED_ManuelitaS_Recrea_d793db,,,,,
2026-09-12T08:41:06-05:00,PUR_IED_MarFidSuarez_Ext_c27b19,PUR_IED_MarFidSuarez_Ext_c27b19,,,,,
2026-09-12T08:41:06-05:00,PUR_IED_MarFidSuarez_Info_e384d7,PUR_IED_MarFidSuarez_Info_e384d7,,,,,
2026-09-12T08:41:06-05:00,PUR_IED_MarFidSuarez_S306_1d0032,PUR_IED_MarFidSuarez_S306_1d0032,,,,,
2026-09-12T08:41:06-05:00,PUR_IED_Menorah_301_2a25a3,PUR_IED_Menorah_301_2a25a3,,,,,
2026-09-12T08:41:06-05:00,PUR_IED_Menorah_306_37ed3,PUR_IED_Menorah_306_37ed3,,,,,
2026-09-12T08:41:06-05:00,PUR_IED_Menorah_Ext_3e155b,PUR_IED_Menorah_Ext_3e155b,,,,,
2026-09-12T08:41:06-05:00,PUR_IED_MinutoB.Aires_A11_1b1604,PUR_IED_MinutoB.Aires_A11_1b1604,,,,,
2026-09-12T08:41:06-05:00,PUR_IED_MinutoB.Aires_A12_fb5860,PUR_IED_MinutoB.Aires_A12_fb5860,,,,,
2026-09-12T08:41:06-05:00,PUR_IED_MinutoB.Aires_Ext_81293f,PUR_IED_MinutoB.Aires_Ext_81293f,,,,,
2026-09-12T08:41:06-05:00,PUR_IED_MinutoBAires_A11_1b1604,PUR_IED_MinutoBAires_A11_1b1604,,,,,
2026-09-12T08:41:06-05:00,PUR_IED_MinutoBAires_A12_fb5860,PUR_IED_MinutoBAires_A12_fb5860,,,,,
2026-09-12T08:41:06-05:00,PUR_IED_MinutoBAires_Ext_81293f,PUR_IED_MinutoBAires_Ext_81293f,,,,,
2026-09-12T08:41:06-05:00,PUR_IED_Montreal_Aula10_1e4959,PUR_IED_Montreal_Aula10_1e4959,,,,,
2026-09-12T08:41:06-05:00,PUR_IED_Montreal_Aula6_300367,PUR_IED_Montreal_Aula6_300367,,,,,
2026-09-12T08:41:06-05:00,PUR_IED_Montreal_Exterior_91a179,PUR_IED_Montreal_Exterior_91a179,,,,,
2026-09-12T08:41:06-05:00,PUR_IED_Mqgdalena_B202_5ddda3,PUR_IED_Mqgdalena_B202_5ddda3,,,,,
2026-09-12T08:41:06-05:00,PUR_IED_NACUND_Soc_dc8728,PUR_IED_NACUND_Soc_dc8728,,,,,
2026-09-12T08:41:06-05:00,PUR_IED_NACUND_ext_27ad97,PUR_IED_NACUND_ext_27ad97,,,,,
2026-09-12T08:41:06-05:00,PUR_IED_NEsperanza_Ext_d24b61,PUR_IED_NEsperanza_Ext_d24b61,,,,,
2026-09-12T08:41:06-05:00,PUR_IED_NEsperanza_SElect_7d1807,PUR_IED_NEsperanza_SElect_7d1807,,,,,
2026-09-12T08:41:06-05:00,PUR_IED_NEsperanza_SLabor_8b2d0a,PUR_IED_NEsperanza_SLabor_8b2d0a,,,,,
2026-09-12T08:41:06-05:00,PUR_IED_NacionesU_Ext_f661a9,PUR_IED_NacionesU_Ext_f661a9,,,,,
2026-09-12T08:41:06-05:00,PUR_IED_NacionesU_Quimica_66f0a,PUR_IED_NacionesU_Quimica_66f0a,,,,,
2026-09-12T08:41:06-05:00,PUR_IED_NacionesU_S306_1b4b3d,PUR_IED_NacionesU_S306_1b4b3d,,,,,
2026-09-12T08:41:06-05:00,PUR_IED_NestorFA_Ext_e4201c,PUR_IED_NestorFA_Ext_e4201c,,,,,
2026-09-12T08:41:06-05:00,PUR_IED_NestorFA_Laborato_f22fe0,PUR_IED_NestorFA_Laborato_f22fe0,,,,,
2026-09-12T08:41:06-05:00,PUR_IED_NestorFA_S204_dee996,PUR_IED_NestorFA_S204_dee996,,,,,
2026-09-12T08:41:06-05:00,PUR_IED_NidyaQT_Aula03_76999b,PUR_IED_NidyaQT_Aula03_76999b,,,,,
2026-09-12T08:41:06-05:00,PUR_IED_NidyaQT_Aula10_56325,PUR_IED_NidyaQT_Aula10_56325,,,,,
2026-09-12T08:41:06-05:00,PUR_IED_NidyaQT_Ext_46e32d,PUR_IED_NidyaQT_Ext_46e32d,,,,,
2026-09-12T08:41:06-05:00,PUR_IED_NuevaCol_Exterior_d9b859,PUR_IED_NuevaCol_Exterior_d9b859,,,,,
2026-09-12T08:41:06-05:00,PUR_IED_NuevaCol_S1101_76c43b,PUR_IED_NuevaCol_S1101_76c43b,,,,,
2026-09-12T08:41:06-05:00,PUR_IED_NuevaCol_S1102_1ce0b5,PUR_IED_NuevaCol_S1102_1ce0b5,,,,,
2026-09-12T08:41:06-05:00,PUR_IED_OEA_A202_f7e3f2,PUR_IED_OEA_A202_f7e3f2,,,,,
2026-09-12T08:41:06-05:00,PUR_IED_OEA_A203_7d1b8d,PUR_IED_OEA_A203_7d1b8d,,,,,
2026-09-12T08:41:06-05:00,PUR_IED_OEA_Ext_27b593,PUR_IED_OEA_Ext_27b593,,,,,
2026-09-12T08:41:06-05:00,PUR_IED_Ochoa_Ext_1c29da,PUR_IED_Ochoa_Ext_1c29da,,,,,
2026-09-12T08:41:06-05:00,PUR_IED_Ochoa_S205_8b1121,PUR_IED_Ochoa_S205_8b1121,,,,,
2026-09-12T08:41:06-05:00,PUR_IED_Ochoa_Sistemas_f33af6,PUR_IED_Ochoa_Sistemas_f33af6,,,,,
2026-09-12T08:41:06-05:00,PUR_IED_PQuebec_Ext_1c67c7,PUR_IED_PQuebec_Ext_1c67c7,,,,,
2026-09-12T08:41:06-05:00,PUR_IED_PQuebec_S15_23e8e2,PUR_IED_PQuebec_S15_23e8e2,,,,,
2026-09-12T08:41:06-05:00,PUR_IED_PQuebec_S16_8ec76b,PUR_IED_PQuebec_S16_8ec76b,,,,,
2026-09-12T08:41:06-05:00,PUR_IED_PabloN_Ext_49dc96,PUR_IED_PabloN_Ext_49dc96,,,,,
2026-09-12T08:41:06-05:00,PUR_IED_PabloN_S1102_4e3df5,PUR_IED_PabloN_S1102_4e3df5,,,,,
2026-09-12T08:41:06-05:00,PUR_IED_PabloN_S1103_50c94b,PUR_IED_PabloN_S1103_50c94b,,,,,
2026-09-12T08:41:06-05:00,PUR_IED_Palestina_S1101_db9198,PUR_IED_Palestina_S1101_db9198,,,,,
2026-09-12T08:41:06-05:00,PUR_IED_Palestina_S1102_dc54fa,PUR_IED_Palestina_S1102_dc54fa,,,,,
2026-09-12T08:41:06-05:00,PUR_IED_Palestina_ext_4ccce6,PUR_IED_Palestina_ext_4ccce6,,,,,
2026-09-12T08:41:06-05:00,PUR_IED_Panama_Fisica_4d0794,PUR_IED_Panama_Fisica_4d0794,,,,,
2026-09-12T08:41:06-05:00,PUR_IED_Panama_SIngles_a4077e,PUR_IED_Panama_SIngles_a4077e,,,,,
2026-09-12T08:41:06-05:00,PUR_IED_Panama_ext_4c54b4,PUR_IED_Panama_ext_4c54b4,,,,,
2026-09-12T08:41:06-05:00,PUR_IED_ParaisoM_Exterior_8cd7f0,PUR_IED_ParaisoM_Exterior_8cd7f0,,,,,
2026-09-12T08:41:06-05:00,PUR_IED_ParaisoM_Laborato_27af35,PUR_IED_ParaisoM_Laborato_27af35,,,,,
2026-09-12T08:41:06-05:00,PUR_IED_ParaisoM_S304_d1edca,PUR_IED_ParaisoM_S304_d1edca,,,,,
2026-09-12T08:41:06-05:00,PUR_IED_PorfirioBarba_Ext_301466,PUR_IED_PorfirioBarba_Ext_301466,,,,,
2026-09-12T08:41:06-05:00,PUR_IED_PorfirioBarba_S11_df6cd2,PUR_IED_PorfirioBarba_S11_df6cd2,,,,,
2026-09-12T08:41:06-05:00,PUR_IED_PorfirioBarba_S29_27a7d6,PUR_IED_PorfirioBarba_S29_27a7d6,,,,,
2026-09-12T08:41:06-05:00,PUR_IED_PradoV_Exter_8b27ad,PUR_IED_PradoV_Exter_8b27ad,,,,,
2026-09-12T08:41:06-05:00,PUR_IED_PradoV_S301_de65b5,PUR_IED_PradoV_S301_de65b5,,,,,
2026-09-12T08:41:06-05:00,PUR_IED_PradoV_S302_7d2593,PUR_IED_PradoV_S302_7d2593,,,,,
2026-09-12T08:41:06-05:00,PUR_IED_QuirogaAlz_Ext_1ddc82,PUR_IED_QuirogaAlz_Ext_1ddc82,,,,,
2026-09-12T08:41:06-05:00,PUR_IED_QuirogaAlz_S302_9926a3,PUR_IED_QuirogaAlz_S302_9926a3,,,,,
2026-09-12T08:41:06-05:00,PUR_IED_QuirogaAlz_S305_cdf1f1,PUR_IED_QuirogaAlz_S305_cdf1f1,,,,,
2026-09-12T08:41:06-05:00,PUR_IED_RGuatemala_Biling_dc53b7,PUR_IED_RGuatemala_Biling_dc53b7,,,,,
2026-09-12T08:41:06-05:00,PUR_IED_RGuatemala_Ext_1b89a3,PUR_IED_RGuatemala_Ext_1b89a3,,,,,
2026-09-12T08:41:06-05:00,PUR_IED_RGuatemala_Tecnol_281a34,PUR_IED_RGuatemala_Tecnol_281a34,,,,,
2026-09-12T08:41:06-05:00,PUR_IED_RafaNu_Ext_f7c302,PUR_IED_RafaNu_Ext_f7c302,,,,,
2026-09-12T08:41:06-05:00,PUR_IED_RafaNu_S1101_25fde,PUR_IED_RafaNu_S1101_25fde,,,,,
2026-09-12T08:41:06-05:00,PUR_IED_RafaNu_S1102_281517,PUR_IED_RafaNu_S1102_281517,,,,,
2026-09-12T08:41:06-05:00,PUR_IED_RafaelB_S305_ee2783,PUR_IED_RafaelB_S305_ee2783,,,,,
2026-09-12T08:41:06-05:00,PUR_IED_RafaelB_S306_75fe33,PUR_IED_RafaelB_S306_75fe33,,,,,
2026-09-12T08:41:06-05:00,PUR_IED_RafaelB_ext_283336,PUR_IED_RafaelB_ext_283336,2,19,59,4.6722,-74.0737
2026-09-12T08:41:06-05:00,PUR_IED_RafaelUU_Exterior_281a51,PUR_IED_RafaelUU_Exterior_281a51,,,,,
2026-09-12T08:41:06-05:00,PUR_IED_RafaelUU_Human_806b2,PUR_IED_RafaelUU_Human_806b2,,,,,
2026-09-12T08:41:06-05:00,PUR_IED_RafaelUU_Mate2_5680d4,PUR_IED_RafaelUU_Mate2_5680d4,,,,,
2026-09-12T08:41:06-05:00,PUR_IED_RamonSub_Ext_f9eeb9,PUR_IED_RamonSub_Ext_f9eeb9,,,,,
2026-09-12T08:41:06-05:00,PUR_IED_RamonSub_Media_d1f62f,PUR_IED_RamonSub_Media_d1f62f,,,,,
2026-09-12T08:41:06-05:00,PUR_IED_RamonSub_planta_51b82,PUR_IED_RamonSub_planta_51b82,,,,,
2026-09-12T08:41:06-05:00,PUR_IED_RepBoliVene_Exter_27af7c,PUR_IED_RepBoliVene_Exter_27af7c,,,,,
2026-09-12T08:41:06-05:00,PUR_IED_RepBoliVene_SCPT_5ae2ee,PUR_IED_RepBoliVene_SCPT_5ae2ee,,,,,
2026-09-12T08:41:06-05:00,PUR_IED_RepBoliVene_Socia_4b11d5,PUR_IED_RepBoliVene_Socia_4b11d5,,,,,
2026-09-12T08:41:06-05:00,PUR_IED_RepChina_Ext_76d9ee,PUR_IED_RepChina_Ext_76d9ee,,,,,
2026-09-12T08:41:06-05:00,PUR_IED_RepChina_S404_7c804c,PUR_IED_RepChina_S404_7c804c,,,,,
2026-09-12T08:41:06-05:00,PUR_IED_RepChina_S405_df2c33,PUR_IED_RepChina_S405_df2c33,,,,,
2026-09-12T08:41:06-05:00,PUR_IED_RepublicaC_Exteri_7d1ec9,PUR_IED_RepublicaC_Exteri_7d1ec9,,,,,
2026-09-12T08:41:06-05:00,PUR_IED_RepublicaC_S1101_f544b3,PUR_IED_RepublicaC_S1101_f544b3,,,,,
2026-09-12T08:41:06-05:00,PUR_IED_RepublicaC_S1102_7aafc7,PUR_IED_RepublicaC_S1102_7aafc7,,,,,
2026-09-12T08:41:06-05:00,PUR_IED_Ricaurte_Externo_a0ea1,PUR_IED_Ricaurte_Externo_a0ea1,,,,,
2026-09-12T08:41:06-05:00,PUR_IED_Ricaurte_S210_f546fd,PUR_IED_Ricaurte_S210_f546fd,,,,,
2026-09-12T08:41:06-05:00,PUR_IED_Ricaurte_S309_d4452,PUR_IED_Ricaurte_S309_d4452,,,,,
2026-09-12T08:41:06-05:00,PUR_IED_RogelioS_1102_531e69,PUR_IED_RogelioS_1102_531e69,,,,,
2026-09-12T08:41:06-05:00,PUR_IED_RogelioS_Ext_f25a18,PUR_IED_RogelioS_Ext_f25a18,,,,,
2026-09-12T08:41:06-05:00,PUR_IED_SBernardino_Ext_27aff8,PUR_IED_SBernardino_Ext_27aff8,,,,,
2026-09-12T08:41:06-05:00,PUR_IED_SBernardino_SArte_2ffd33,PUR_IED_SBernardino_SArte_2ffd33,,,,,
2026-09-12T08:41:06-05:00,PUR_IED_SBernardino_SIngl_7c7da5,PUR_IED_SBernardino_SIngl_7c7da5,,,,,
2026-09-12T08:41:06-05:00,PUR_IED_Sago_auditorio_dc9d1d,PUR_IED_Sago_auditorio_dc9d1d,,,,,
2026-09-12T08:41:06-05:00,PUR_IED_Saludcoop_Ext_95aac3,PUR_IED_Saludcoop_Ext_95aac3,,,,,
2026-09-12T08:41:06-05:00,PUR_IED_Saludcoop_InfI_90c854,PUR_IED_Saludcoop_InfI_90c854,,,,,
2026-09-12T08:41:06-05:00,PUR_IED_Saludcoop_SMedia_1b93be,PUR_IED_Saludcoop_SMedia_1b93be,,,,,
2026-09-12T08:41:06-05:00,PUR_IED_SanCarlos_1101_1a2360,PUR_IED_SanCarlos_1101_1a2360,,,,,
2026-09-12T08:41:06-05:00,PUR_IED_SanCarlos_1103_7bafb5,PUR_IED_SanCarlos_1103_7bafb5,,,,,
2026-09-12T08:41:06-05:00,PUR_IED_SanCarlos_Ext_b7cd1,PUR_IED_SanCarlos_Ext_b7cd1,,,,,
2026-09-12T08:41:06-05:00,PUR_IED_SanIgnacioBosa11a_50c26e,PUR_IED_SanIgnacioBosa11a_50c26e,,,,,
2026-09-12T08:41:06-05:00,PUR_IED_SanIgnacioBosa11b_371de8,PUR_IED_SanIgnacioBosa11b_371de8,,,,,
2026-09-12T08:41:06-05:00,PUR_IED_SanIgnacioBosaExt_ef0ffc,PUR_IED_SanIgnacioBosaExt_ef0ffc,,,,,
2026-09-12T08:41:06-05:00,PUR_IED_SanIgnacioBosa_11a_50c26e,PUR_IED_SanIgnacioBosa_11a_50c26e,,,,,
2026-09-12T08:41:06-05:00,PUR_IED_SanIgnacioBosa_Ext_ef0ffc,PUR_IED_SanIgnacioBosa_Ext_ef0ffc,,,,,
2026-09-12T08:41:06-05:00,PUR_IED_SanJoseN_intS1101_31c47f,PUR_IED_SanJoseN_intS1101_31c47f,,,,,
2026-09-12T08:41:06-05:00,PUR_IED_SanJoseUsm_Exter_f5d7e8,PUR_IED_SanJoseUsm_Exter_f5d7e8,,,,,
2026-09-12T08:41:06-05:00,PUR_IED_SanJoseUsm_Int11A_cfdef6,PUR_IED_SanJoseUsm_Int11A_cfdef6,,,,,
2026-09-12T08:41:06-05:00,PUR_IED_SilveriaR_IntB5_905349,PUR_IED_SilveriaR_IntB5_905349,,,,,
2026-09-12T08:41:06-05:00,PUR_IED_SilveriaR_IntSD14_981f93,PUR_IED_SilveriaR_IntSD14_981f93,,,,,
2026-09-12T08:41:06-05:00,PUR_IED_SilveriaR_ext_2b651d,PUR_IED_SilveriaR_ext_2b651d,,,,,
2026-09-12T08:41:06-05:00,PUR_IED_SimonB_Exterior_913975,PUR_IED_SimonB_Exterior_913975,,,,,
2026-09-12T08:41:06-05:00,PUR_IED_SimonB_LabQuimi_c56908,PUR_IED_SimonB_LabQuimi_c56908,,,,,
2026-09-12T08:41:06-05:00,PUR_IED_SimonB_informatic_a28c1,PUR_IED_SimonB_informatic_a28c1,,,,,
2026-09-12T08:41:06-05:00,PUR_IED_Sorrento_1102_315f50,PUR_IED_Sorrento_1102_315f50,,,,,
2026-09-12T08:41:06-05:00,PUR_IED_Sorrento_Minte_214eab,PUR_IED_Sorrento_Minte_214eab,,,,,
2026-09-12T08:41:06-05:00,PUR_IED_Sorrento_ext_7c3a0a,PUR_IED_Sorrento_ext_7c3a0a,,,,,
2026-09-12T08:41:06-05:00,PUR_IED_Tabora_Ext_f048ae,PUR_IED_Tabora_Ext_f048ae,,,,,
2026-09-12T08:41:06-05:00,PUR_IED_Tabora_S1102_b07752,PUR_IED_Tabora_S1102_b07752,,,,,
2026-09-12T08:41:06-05:00,PUR_IED_Tabora_S1103_d988f5,PUR_IED_Tabora_S1103_d988f5,,,,,
2026-09-12T08:41:06-05:00,PUR_IED_Tenerife_Ext_1ab188,PUR_IED_Tenerife_Ext_1ab188,,,,,
2026-09-12T08:41:06-05:00,PUR_IED_Tenerife_SDanzas_7bc02e,PUR_IED_Tenerife_SDanzas_7bc02e,,,,,
2026-09-12T08:41:06-05:00,PUR_IED_Tenerife_SIngles_7cc277,PUR_IED_Tenerife_SIngles_7cc277,,,,,
2026-09-12T08:41:06-05:00,PUR_IED_Tibabuyes_Exter_f2683d,PUR_IED_Tibabuyes_Exter_f2683d,,,,,
2026-09-12T08:41:06-05:00,PUR_IED_Tibabuyes_S10_dc87a8,PUR_IED_Tibabuyes_S10_dc87a8,,,,,
2026-09-12T08:41:06-05:00,PUR_IED_Tibabuyes_S15_dc0526,PUR_IED_Tibabuyes_S15_dc0526,,,,,
2026-09-12T08:41:06-05:00,PUR_IED_UnionE_S301_a1043,PUR_IED_UnionE_S301_a1043,,,,,
2026-09-12T08:41:06-05:00,PUR_IED_UnionE_S307_ff6c2f,PUR_IED_UnionE_S307_ff6c2f,,,,,
2026-09-12T08:41:06-05:00,PUR_IED_UnionE__Ext_5e2468,PUR_IED_UnionE__Ext_5e2468,,,,,
2026-09-12T08:41:06-05:00,PUR_IED_VillaRica_Ext_75be7c,PUR_IED_VillaRica_Ext_75be7c,,,,,
2026-09-12T08:41:06-05:00,PUR_IED_VillaRica_S4_cc5dcd,PUR_IED_VillaRica_S4_cc5dcd,,,,,
2026-09-12T08:41:06-05:00,PUR_IED_VillaRica_Sesp_99f5c,PUR_IED_VillaRica_Sesp_99f5c,,,,,
2026-09-12T08:46:06-05:00,PUR_IED_20deJulio_1101_91b1b9,PUR_IED_20deJulio_1101_91b1b9,,,,,
2026-09-12T08:46:06-05:00,PUR_IED_20deJulio_1102_1cfcf9,PUR_IED_20deJulio_1102_1cfcf9,,,,,
2026-09-12T08:46:06-05:00,PUR_IED_20deJulio_Ext_ab60bd,PUR_IED_20deJulio_Ext_ab60bd,,,,,
2026-09-12T08:46:06-05:00,PUR_IED_AgustinFer_Ext_7b9b77,PUR_IED_AgustinFer_Ext_7b9b77,,,,,
2026-09-12T08:46:06-05:00,PUR_IED_AgustinFer_Info2_27b3a7,PUR_IED_AgustinFer_Info2_27b3a7,,,,,
2026-09-12T08:46:06-05:00,PUR_IED_AgustinFer_Sena_54b4eb,PUR_IED_AgustinFer_Sena_54b4eb,,,,,
2026-09-12T08:46:06-05:00,PUR_IED_AlexanderF_1102_caf07b,PUR_IED_AlexanderF_1102_caf07b,,,,,
2026-09-12T08:46:06-05:00,PUR_IED_AlexanderF_1103_c79e71,PUR_IED_AlexanderF_1103_c79e71,,,,,
2026-09-12T08:46:06-05:00,PUR_IED_AlexanderF_Ext_c5b18b,PUR_IED_AlexanderF_Ext_c5b18b,,,,,
2026-09-12T08:46:06-05:00,PUR_IED_AlfonsoLopez_Ext_281d77,PUR_IED_AlfonsoLopez_Ext_281d77,,,,,
2026-09-12T08:46:06-05:00,PUR_IED_AlfonsoLopez_LabF_888ce0,PUR_IED_AlfonsoLopez_LabF_888ce0,,,,,
2026-09-12T08:46:06-05:00,PUR_IED_AlfonsoLopez_SMed_df6a7f,PUR_IED_AlfonsoLopez_SMed_df6a7f,,,,,
2026-09-12T08:46:06-05:00,PUR_IED_AltamiraSO_A2_209f92,PUR_IED_AltamiraSO_A2_209f92,,,,,
2026-09-12T08:46:06-05:00,PUR_IED_AltamiraSO_Ext_186d66,PUR_IED_AltamiraSO_Ext_186d66,,,,,
2026-09-12T08:46:06-05:00,PUR_IED_AltamiraSO_Sistem_27afe1,PUR_IED_AltamiraSO_Sistem_27afe1,,,,,
2026-09-12T08:46:06-05:00,PUR_IED_AlvaroGom_LabQuim_813179,PUR_IED_AlvaroGom_LabQuim_813179,,,,,
2026-09-12T08:46:06-05:00,PUR_IED_AlvaroGomez_Ext_47c7ca,PUR_IED_AlvaroGomez_Ext_47c7ca,,,,,
2026-09-12T08:46:06-05:00,PUR_IED_AlvaroGomez_LabQuim_813179,PUR_IED_AlvaroGomez_LabQuim_813179,,,,,
2026-09-12T08:46:06-05:00,PUR_IED_AlvaroGomez_S23_7ba89f,PUR_IED_AlvaroGomez_S23_7ba89f,,,,,
2026-09-12T08:46:06-05:00,PUR_IED_Amistad_306_dc8728,PUR_IED_Amistad_306_dc8728,,,,,
2026-09-12T08:46:06-05:00,PUR_IED_Amistad_Ext_8cd55e,PUR_IED_Amistad_Ext_8cd55e,,,,,
2026-09-12T08:46:06-05:00,PUR_IED_Amistad_S202_a41169,PUR_IED_Amistad_S202_a41169,,,,,
2026-09-12T08:46:06-05:00,PUR_IED_AndresBello_Bio_fd5f5e,PUR_IED_AndresBello_Bio_fd5f5e,,,,,
2026-09-12T08:46:06-05:00,PUR_IED_AndresBello_ext_dcad65,PUR_IED_AndresBello_ext_dcad65,,,,,
2026-09-12T08:46:06-05:00,PUR_IED_AndresBello_port_eed3ec,PUR_IED_AndresBello_port_eed3ec,,,,,
2026-09-12T08:46:06-05:00,PUR_IED_AngelaR_11b_d90a6b,PUR_IED_AngelaR_11b_d90a6b,,,,,
2026-09-12T08:46:06-05:00,PUR_IED_AngelaR_ext_7cad3e,PUR_IED_AngelaR_ext_7cad3e,,,,,
2026-09-12T08:46:06-05:00,PUR_IED_AntJoseSucre_10mo_df2575,PUR_IED_AntJoseSucre_10mo_df2575,,,,,
2026-09-12T08:46:06-05:00,PUR_IED_AntJoseSucre_Ext_215b36,PUR_IED_AntJoseSucre_Ext_215b36,,,,,
2026-09-12T08:46:06-05:00,PUR_IED_AntJoseSucre_Lab_3139de,PUR_IED_AntJoseSucre_Lab_3139de,,,,,
2026-09-12T08:46:06-05:00,PUR_IED_AntonioGarcia_301_d6b188,PUR_IED_AntonioGarcia_301_d6b188,,,,,
2026-09-12T08:46:06-05:00,PUR_IED_AntonioGarcia_302_88a82,PUR_IED_AntonioGarcia_302_88a82,,,,,
2026-09-12T08:46:06-05:00,PUR_IED_AntonioGarcia_Ext_20950c,PUR_IED_AntonioGarcia_Ext_20950c,,,,,
2026-09-12T08:46:06-05:00,PUR_IED_AntonioVan_Aula2_6dea02,PUR_IED_AntonioVan_Aula2_6dea02,,,,,
2026-09-12T08:46:06-05:00,PUR_IED_AntonioVan_Aula5_f1557e,PUR_IED_AntonioVan_Aula5_f1557e,,,,,
2026-09-12T08:46:06-05:00,PUR_IED_AntonioVan_Ext_406f2f,PUR_IED_AntonioVan_Ext_406f2f,,,,,
2026-09-12T08:46:06-05:00,PUR_IED_Atabanzha_Ext_cc5af9,PUR_IED_Atabanzha_Ext_cc5af9,,,,,
2026-09-12T08:46:06-05:00,PUR_IED_Atabanzha_SA101_56c37,PUR_IED_Atabanzha_SA101_56c37,,,,,
2026-09-12T08:46:06-05:00,PUR_IED_Atabanzha_SB302_27b374,PUR_IED_Atabanzha_SB302_27b374,,,,,
2026-09-12T08:46:06-05:00,PUR_IED_Atahualpa_Ext_fc1748,PUR_IED_Atahualpa_Ext_fc1748,,,,,
2026-09-12T08:46:06-05:00,PUR_IED_Atahualpa_Informa_dc9a95,PUR_IED_Atahualpa_Informa_dc9a95,,,,,
2026-09-12T08:46:06-05:00,PUR_IED_Atahualpa_S1101_f98056,PUR_IED_Atahualpa_S1101_f98056,,,,,
2026-09-12T08:46:06-05:00,PUR_IED_Bellavista_Ext_f5aa74,PUR_IED_Bellavista_Ext_f5aa74,,,,,
2026-09-12T08:46:06-05:00,PUR_IED_Bilbao_11A_916c41,PUR_IED_Bilbao_11A_916c41,,,,,
2026-09-12T08:46:06-05:00,PUR_IED_Bilbao_Ext_fb579a,PUR_IED_Bilbao_Ext_fb579a,,,,,
2026-09-12T08:46:06-05:00,PUR_IED_BrasiliaU_A125_304280,PUR_IED_BrasiliaU_A125_304280,,,,,
2026-09-12T08:46:06-05:00,PUR_IED_BrasiliaU_A203_7c8ca5,PUR_IED_BrasiliaU_A203_7c8ca5,,,,,
2026-09-12T08:46:06-05:00,PUR_IED_BrasiliaU_Ext_8d6e9f,PUR_IED_BrasiliaU_Ext_8d6e9f,6,17,68,4.5175,-74.116302
2026-09-12T08:46:06-05:00,PUR_IED_Brasilia_Ext_fe6593,PUR_IED_Brasilia_Ext_fe6593,,,,,
2026-09-12T08:46:06-05:00,PUR_IED_Brasilia_S24_7c130d,PUR_IED_Brasilia_S24_7c130d,,,,,
2026-09-12T08:46:06-05:00,PUR_IED_Brasilia_S501_186a54,PUR_IED_Brasilia_S501_186a54,,,,,
2026-09-12T08:46:06-05:00,PUR_IED_CHARRY_EXT_f1d5cd,PUR_IED_CHARRY_EXT_f1d5cd,,,,,
2026-09-12T08:46:06-05:00,PUR_IED_CHARRY_INTDANZAS_7a08e6,PUR_IED_CHARRY_INTDANZAS_7a08e6,,,,,
2026-09-12T08:46:06-05:00,PUR_IED_CHARRY_INT_AULA20_dc998d,PUR_IED_CHARRY_INT_AULA20_dc998d,,,,,
2026-09-12T08:46:06-05:00,PUR_IED_COLVIV_1101_S25_7f520a,PUR_IED_COLVIV_1101_S25_7f520a,,,,,
2026-09-12T08:46:06-05:00,PUR_IED_COLVIV_1102_S16_f570ba,PUR_IED_COLVIV_1102_S16_f570ba,,,,,
2026-09-12T08:46:06-05:00,PUR_IED_COLVIV_Ext_1a26fa,PUR_IED_COLVIV_Ext_1a26fa,,,,,
2026-09-12T08:46:06-05:00,PUR_IED_CULPOP_301A_f660f3,PUR_IED_CULPOP_301A_f660f3,,,,,
2026-09-12T08:46:06-05:00,PUR_IED_CULPOP_303_568afe,PUR_IED_CULPOP_303_568afe,,,,,
2026-09-12T08:46:06-05:00,PUR_IED_CULPOP_Ext_e02ccb,PUR_IED_CULPOP_Ext_e02ccb,,,,,
2026-09-12T08:46:06-05:00,PUR_IED_CVillavicen_Ext_26eb58,PUR_IED_CVillavicen_Ext_26eb58,7,15,82,4.487,-74.102798
2026-09-12T08:46:06-05:00,PUR_IED_CVillavicen_Intel_1ce5c2,PUR_IED_CVillavicen_Intel_1ce5c2,,,,,
2026-09-12T08:46:06-05:00,PUR_IED_CVillavicen_Poliv_e0766c,PUR_IED_CVillavicen_Poliv_e0766c,,,,,
2026-09-12T08:46:06-05:00,PUR_IED_CVillavicen_int_1ba140,PUR_IED_CVillavicen_int_1ba140,,,,,
2026-09-12T08:46:06-05:00,PUR_IED_CVillavicen_intel_1ba140,PUR_IED_CVillavicen_intel_1ba140,,,,,
2026-09-12T08:46:06-05:00,PUR_IED_CarlosPizarro_Ext_e307cc,PUR_IED_CarlosPizarro_Ext_e307cc,,,,,
2026-09-12T08:46:06-05:00,PUR_IED_CarlosPizarro_L36_7e5cdb,PUR_IED_CarlosPizarro_L36_7e5cdb,,,,,
2026-09-12T08:46:06-05:00,PUR_IED_CarlosPizarro_L37_c8566c,PUR_IED_CarlosPizarro_L37_c8566c,,,,,
2026-09-12T08:46:06-05:00,PUR_IED_Castilla_Ext_cf35f,PUR_IED_Castilla_Ext_cf35f,,,,,
2026-09-12T08:46:06-05:00,PUR_IED_Castilla_SFisik_360e38,PUR_IED_Castilla_SFisik_360e38,,,,,
2026-09-12T08:46:06-05:00,PUR_IED_Castilla_Sc304_496fbf,PUR_IED_Castilla_Sc304_496fbf,,,,,
2026-09-12T08:46:06-05:00,PUR_IED_CervantesSa_Ext_6b57b,PUR_IED_CervantesSa_Ext_6b57b,4,17,73,4.5128,-74.117203
2026-09-12T08:46:06-05:00,PUR_IED_CervantesSa_S107_225c2b,PUR_IED_CervantesSa_S107_225c2b,,,,,
2026-09-12T08:46:06-05:00,PUR_IED_CervantesSa_S108_940925,PUR_IED_CervantesSa_S108_940925,,,,,
2026-09-12T08:46:06-05:00,PUR_IED_Charry_A20_f53e7c,PUR_IED_Charry_A20_f53e7c,,,,,
2026-09-12T08:46:06-05:00,PUR_IED_Charry_Ext_f1d5cd,PUR_IED_Charry_Ext_f1d5cd,,,,,
2026-09-12T08:46:06-05:00,PUR_IED_Charry_IntAula20_dc998d,PUR_IED_Charry_IntAula20_dc998d,,,,,
2026-09-12T08:46:06-05:00,PUR_IED_Charry_IntDanzas_7a08e6,PUR_IED_Charry_IntDanzas_7a08e6,,,,,
2026-09-12T08:46:06-05:00,PUR_IED_ClememciaC_203_43e2fc,PUR_IED_ClememciaC_203_43e2fc,,,,,
2026-09-12T08:46:06-05:00,PUR_IED_ClememciaC_Ext_1b411a,PUR_IED_ClememciaC_Ext_1b411a,,,,,
2026-09-12T08:46:06-05:00,PUR_IED_ClememciaC_Quimic_44b5fc,PUR_IED_ClememciaC_Quimic_44b5fc,,,,,
2026-09-12T08:46:06-05:00,PUR_IED_ClemenciaC_203_43e2fc,PUR_IED_ClemenciaC_203_43e2fc,,,,,
2026-09-12T08:46:06-05:00,PUR_IED_ClemenciaC_Ext_1b411a,PUR_IED_ClemenciaC_Ext_1b411a,,,,,
2026-09-12T08:46:06-05:00,PUR_IED_ClemenciaC_Quimic_44b5fc,PUR_IED_ClemenciaC_Quimic_44b5fc,,,,,
2026-09-12T08:46:06-05:00,PUR_IED_ColViva_1101_S25_7f520a,PUR_IED_ColViva_1101_S25_7f520a,,,,,
2026-09-12T08:46:06-05:00,PUR_IED_ColViva_1102_S16_f570ba,PUR_IED_ColViva_1102_S16_f570ba,,,,,
2026-09-12T08:46:06-05:00,PUR_IED_ColViva_Ext_1a26fa,PUR_IED_ColViva_Ext_1a26fa,,,,,
2026-09-12T08:46:06-05:00,PUR_IED_ColegioBici_Asist_7c8798,PUR_IED_ColegioBici_Asist_7c8798,,,,,
2026-09-12T08:46:06-05:00,PUR_IED_ColegioBici_Ext_25cbf6,PUR_IED_ColegioBici_Ext_25cbf6,,,,,
2026-09-12T08:46:06-05:00,PUR_IED_ColegioBici_LabQ_7b57db,PUR_IED_ColegioBici_LabQ_7b57db,,,,,
2026-09-12T08:46:06-05:00,PUR_IED_CostaRica_Ext_5e640,PUR_IED_CostaRica_Ext_5e640,,,,,
2026-09-12T08:46:06-05:00,PUR_IED_CostaRica_Quim1_766d1c,PUR_IED_CostaRica_Quim1_766d1c,,,,,
2026-09-12T08:46:06-05:00,PUR_IED_CostaRica__Fisica_6f0873,PUR_IED_CostaRica__Fisica_6f0873,,,,,
2026-09-12T08:46:06-05:00,PUR_IED_CulPopu_301A_f660f3,PUR_IED_CulPopu_301A_f660f3,,,,,
2026-09-12T08:46:06-05:00,PUR_IED_CulPopu_303_568afe,PUR_IED_CulPopu_303_568afe,,,,,
2026-09-12T08:46:06-05:00,PUR_IED_CulPopu_Ext_e02ccb,PUR_IED_CulPopu_Ext_e02ccb,,,,,
2026-09-12T08:46:06-05:00,PUR_IED_Cundinamarca_Ext_f15985,PUR_IED_Cundinamarca_Ext_f15985,,,,,
2026-09-12T08:46:06-05:00,PUR_IED_Cundinamarca_Info_7aa5d7,PUR_IED_Cundinamarca_Info_7aa5d7,,,,,
2026-09-12T08:46:06-05:00,PUR_IED_Cundinamarca_Tec2_f449c7,PUR_IED_Cundinamarca_Tec2_f449c7,,,,,
2026-09-12T08:46:06-05:00,PUR_IED_DiegoM_Aula1_27b314,PUR_IED_DiegoM_Aula1_27b314,,,,,
2026-09-12T08:46:06-05:00,PUR_IED_DiegoM_Ext_d80ac8,PUR_IED_DiegoM_Ext_d80ac8,,,,,
2026-09-12T08:46:06-05:00,PUR_IED_DiegoM_S25_da928f,PUR_IED_DiegoM_S25_da928f,,,,,
2026-09-12T08:46:06-05:00,PUR_IED_ELRODEO_360881,PUR_IED_ELRODEO_360881,,,,,
2026-09-12T08:46:06-05:00,PUR_IED_ELRODEO_ext_360881,PUR_IED_ELRODEO_ext_360881,,,,,
2026-09-12T08:46:06-05:00,PUR_IED_EduardoU_Ext_1c1969,PUR_IED_EduardoU_Ext_1c1969,,,,,
2026-09-12T08:46:06-05:00,PUR_IED_EduardoU_SCiencia_4dfb94,PUR_IED_EduardoU_SCiencia_4dfb94,,,,,
2026-09-12T08:46:06-05:00,PUR_IED_EduardoU_SQuimica_5a46e7,PUR_IED_EduardoU_SQuimica_5a46e7,,,,,
2026-09-12T08:46:06-05:00,PUR_IED_ElRodeo_Aula14_676984,PUR_IED_ElRodeo_Aula14_676984,,,,,
2026-09-12T08:46:06-05:00,PUR_IED_ElRodeo_Aula16_2dd35b,PUR_IED_ElRodeo_Aula16_2dd35b,,,,,
2026-09-12T08:46:06-05:00,PUR_IED_ElRodeo_Ext_360881,PUR_IED_ElRodeo_Ext_360881,,,,,
2026-09-12T08:46:06-05:00,PUR_IED_ElRodeo_Exterior_8c6d28,PUR_IED_ElRodeo_Exterior_8c6d28,,,,,
2026-09-12T08:46:06-05:00,PUR_IED_ElRodeo_ext_360881,PUR_IED_ElRodeo_ext_360881,,,,,
2026-09-12T08:46:06-05:00,PUR_IED_EmmaReyes_Ext_987625,PUR_IED_EmmaReyes_Ext_987625,6,21,53,4.6367,-74.1511
2026-09-12T08:46:06-05:00,PUR_IED_Ensueño_Ext_7f0250,PUR_IED_Ensueño_Ext_7f0250,,,,,
2026-09-12T08:46:06-05:00,PUR_IED_EscNormal_Ext_5fef3b,PUR_IED_EscNormal_Ext_5fef3b,2,19,61,4.5852,-74.096901
2026-09-12T08:46:06-05:00,PUR_IED_EscNormal_S309_5b263,PUR_IED_EscNormal_S309_5b263,,,,,
2026-09-12T08:46:06-05:00,PUR_IED_EscNormal_S310_27b3b8,PUR_IED_EscNormal_S310_27b3b8,,,,,
2026-09-12T08:46:06-05:00,PUR_IED_Evangelista_Conta_f6cd4f,PUR_IED_Evangelista_Conta_f6cd4f,,,,,
2026-09-12T08:46:06-05:00,PUR_IED_Evangelista_Cri_5e16a,PUR_IED_Evangelista_Cri_5e16a,,,,,
2026-09-12T08:46:06-05:00,PUR_IED_Evangelista_Exter_754066,PUR_IED_Evangelista_Exter_754066,,,,,
2026-09-12T08:46:06-05:00,PUR_IED_FMiranda_S209_5cc2a3,PUR_IED_FMiranda_S209_5cc2a3,,,,,
2026-09-12T08:46:06-05:00,PUR_IED_FMiranda_S303_19e344,PUR_IED_FMiranda_S303_19e344,,,,,
2026-09-12T08:46:06-05:00,PUR_IED_FMiranda_ext_f53e7c,PUR_IED_FMiranda_ext_f53e7c,,,,,
2026-09-12T08:46:06-05:00,PUR_IED_FabioLozano_Bibli_1cee05,PUR_IED_FabioLozano_Bibli_1cee05,,,,,
2026-09-12T08:46:06-05:00,PUR_IED_FabioLozano_Ext_6ea285,PUR_IED_FabioLozano_Ext_6ea285,,,,,
2026-09-12T08:46:06-05:00,PUR_IED_FabioLozano_SLudi_f09e1e,PUR_IED_FabioLozano_SLudi_f09e1e,,,,,
2026-09-12T08:46:06-05:00,PUR_IED_FaustinoS_Aula07_27a731,PUR_IED_FaustinoS_Aula07_27a731,,,,,
2026-09-12T08:46:06-05:00,PUR_IED_FaustinoS_Ext_7b936f,PUR_IED_FaustinoS_Ext_7b936f,,,,,
2026-09-12T08:46:06-05:00,PUR_IED_FaustinoS_Fisica_da2c60,PUR_IED_FaustinoS_Fisica_da2c60,,,,,
2026-09-12T08:46:06-05:00,PUR_IED_FeGarciaLo_Ext_dc68ee,PUR_IED_FeGarciaLo_Ext_dc68ee,,,,,
2026-09-12T08:46:06-05:00,PUR_IED_FeGarciaLo_SDanza_f70a59,PUR_IED_FeGarciaLo_SDanza_f70a59,,,,,
2026-09-12T08:46:06-05:00,PUR_IED_FeGarciaLo_SMusic_125cdd,PUR_IED_FeGarciaLo_SMusic_125cdd,,,,,
2026-09-12T08:46:06-05:00,PUR_IED_FederalAlema_Exte_50c345,PUR_IED_FederalAlema_Exte_50c345,,,,,
2026-09-12T08:46:06-05:00,PUR_IED_FederalAlema_S31_f18371,PUR_IED_FederalAlema_S31_f18371,,,,,
2026-09-12T08:46:06-05:00,PUR_IED_FederalAlema_S901_a62cd,PUR_IED_FederalAlema_S901_a62cd,,,,,
2026-09-12T08:46:06-05:00,PUR_IED_FilarmonicaS_A5_f35eb1,PUR_IED_FilarmonicaS_A5_f35eb1,,,,,
2026-09-12T08:46:06-05:00,PUR_IED_FilarmonicaS_Ext_8a3bde,PUR_IED_FilarmonicaS_Ext_8a3bde,,,,,
2026-09-12T08:46:06-05:00,PUR_IED_FilarmonicaS_Spol_406114,PUR_IED_FilarmonicaS_Spol_406114,,,,,
2026-09-12T08:46:06-05:00,PUR_IED_FlorentinoG_A13_d1fa59,PUR_IED_FlorentinoG_A13_d1fa59,,,,,
2026-09-12T08:46:06-05:00,PUR_IED_FlorentinoG_Ext_1ce6ce,PUR_IED_FlorentinoG_Ext_1ce6ce,,,,,
2026-09-12T08:46:06-05:00,PUR_IED_FlorentinoG_Idiom_a66aac,PUR_IED_FlorentinoG_Idiom_a66aac,,,,,
2026-09-12T08:46:06-05:00,PUR_IED_FranciscoMati_Ext_e3869d,PUR_IED_FranciscoMati_Ext_e3869d,,,,,
2026-09-12T08:46:06-05:00,PUR_IED_FranciscoMati_S13_f31c67,PUR_IED_FranciscoMati_S13_f31c67,,,,,
2026-09-12T08:46:06-05:00,PUR_IED_FranciscoMati_S14_97dead,PUR_IED_FranciscoMati_S14_97dead,,,,,
2026-09-12T08:46:06-05:00,PUR_IED_FranciscoPS_Ext_7bfa9a,PUR_IED_FranciscoPS_Ext_7bfa9a,2,20,59,4.5899,-74.110397
2026-09-12T08:46:06-05:00,PUR_IED_FranciscoPS_Infor_fb8f4c,PUR_IED_FranciscoPS_Infor_fb8f4c,,,,,
2026-09-12T08:46:06-05:00,PUR_IED_FranciscoPS_Quimi_94d39c,PUR_IED_FranciscoPS_Quimi_94d39c,,,,,
2026-09-12T08:46:06-05:00,PUR_IED_FranciscoP_LabQ_d7e148,PUR_IED_FranciscoP_LabQ_d7e148,,,,,
2026-09-12T08:46:06-05:00,PUR_IED_FranciscoP_S28_cf9b30,PUR_IED_FranciscoP_S28_cf9b30,,,,,
2026-09-12T08:46:06-05:00,PUR_IED_FranciscoP_ext_e2313,PUR_IED_FranciscoP_ext_e2313,,,,,
2026-09-12T08:46:06-05:00,PUR_IED_FriederichN_Ext_8ac92a,PUR_IED_FriederichN_Ext_8ac92a,,,,,
2026-09-12T08:46:06-05:00,PUR_IED_FriederichN_S301_dd7e5a,PUR_IED_FriederichN_S301_dd7e5a,,,,,
2026-09-12T08:46:06-05:00,PUR_IED_FriederichN_S308_761f4f,PUR_IED_FriederichN_S308_761f4f,,,,,
2026-09-12T08:46:06-05:00,PUR_IED_GSantander_Aula10_533dd7,PUR_IED_GSantander_Aula10_533dd7,,,,,
2026-09-12T08:46:06-05:00,PUR_IED_GSantander_Aula12_fd4e4f,PUR_IED_GSantander_Aula12_fd4e4f,,,,,
2026-09-12T08:46:06-05:00,PUR_IED_GSantander_Aula310_533dd7,PUR_IED_GSantander_Aula310_533dd7,,,,,
2026-09-12T08:46:06-05:00,PUR_IED_GSantander_Aula312_fd4e4f,PUR_IED_GSantander_Aula312_fd4e4f,,,,,
2026-09-12T08:46:06-05:00,PUR_IED_GSantander_Ext_5f66b0,PUR_IED_GSantander_Ext_5f66b0,,,,,
2026-09-12T08:46:06-05:00,PUR_IED_GYomasa_Ext_f6bea5,PUR_IED_GYomasa_Ext_f6bea5,,,,,
2026-09-12T08:46:06-05:00,PUR_IED_GYomasa_LBiol_2c41aa,PUR_IED_GYomasa_LBiol_2c41aa,,,,,
2026-09-12T08:46:06-05:00,PUR_IED_GYomasa_LQuim_33c80,PUR_IED_GYomasa_LQuim_33c80,,,,,
2026-09-12T08:46:06-05:00,PUR_IED_GabBetMejia_Cienc_5a99c,PUR_IED_GabBetMejia_Cienc_5a99c,,,,,
2026-09-12T08:46:06-05:00,PUR_IED_GabBetMejia_Ext_9153d0,PUR_IED_GabBetMejia_Ext_9153d0,,,,,
2026-09-12T08:46:06-05:00,PUR_IED_GabBetMejia_Lab_f55347,PUR_IED_GabBetMejia_Lab_f55347,,,,,
2026-09-12T08:46:06-05:00,PUR_IED_GabBetanMejia_Ext_9153d0,PUR_IED_GabBetanMejia_Ext_9153d0,,,,,
2026-09-12T08:46:06-05:00,PUR_IED_Gaitana_Aula13_7aac11,PUR_IED_Gaitana_Aula13_7aac11,,,,,
2026-09-12T08:46:06-05:00,PUR_IED_Gaitana_Ext_5fcf4,PUR_IED_Gaitana_Ext_5fcf4,,,,,
2026-09-12T08:46:06-05:00,PUR_IED_Gaitana_LabFisica_644448,PUR_IED_Gaitana_LabFisica_644448,,,,,
2026-09-12T08:46:06-05:00,PUR_IED_GenSantander_Dise_8ac858,PUR_IED_GenSantander_Dise_8ac858,,,,,
2026-09-12T08:46:06-05:00,PUR_IED_GenSantander_Ext_8d5dfe,PUR_IED_GenSantander_Ext_8d5dfe,,,,,
2026-09-12T08:46:06-05:00,PUR_IED_GenSantander_Info_6c25b,PUR_IED_GenSantander_Info_6c25b,,,,,
2026-09-12T08:46:06-05:00,PUR_IED_GustavoMo_Exterio_75e63d,PUR_IED_GustavoMo_Exterio_75e63d,,,,,
2026-09-12T08:46:06-05:00,PUR_IED_GustavoMo_LabFisi_224d37,PUR_IED_GustavoMo_LabFisi_224d37,,,,,
2026-09-12T08:46:06-05:00,PUR_IED_GustavoMo_S208_3e6918,PUR_IED_GustavoMo_S208_3e6918,,,,,
2026-09-12T08:46:06-05:00,PUR_IED_GustavoR_A02_8cd4a8,PUR_IED_GustavoR_A02_8cd4a8,,,,,
2026-09-12T08:46:06-05:00,PUR_IED_GustavoR_B11_5b0ed,PUR_IED_GustavoR_B11_5b0ed,,,,,
2026-09-12T08:46:06-05:00,PUR_IED_GustavoR_Ext_7a0c90,PUR_IED_GustavoR_Ext_7a0c90,,,,,
2026-09-12T08:46:06-05:00,PUR_IED_HernandoDuran_Ext_8cd82b,PUR_IED_HernandoDuran_Ext_8cd82b,,,,,
2026-09-12T08:46:06-05:00,PUR_IED_HernandoDuran_S24_2772c6,PUR_IED_HernandoDuran_S24_2772c6,,,,,
2026-09-12T08:46:06-05:00,PUR_IED_HernandoDuran_S30_f2de41,PUR_IED_HernandoDuran_S30_f2de41,,,,,
2026-09-12T08:46:06-05:00,PUR_IED_HolguInUr_S1101_8cd732,PUR_IED_HolguInUr_S1101_8cd732,,,,,
2026-09-12T08:46:06-05:00,PUR_IED_HolguinUr_Exter_ddae6d,PUR_IED_HolguinUr_Exter_ddae6d,,,,,
2026-09-12T08:46:06-05:00,PUR_IED_HolguinUr_LabQuim_92b952,PUR_IED_HolguinUr_LabQuim_92b952,,,,,
2026-09-12T08:46:06-05:00,PUR_IED_Isabel-II_Ext_5245cc,PUR_IED_Isabel-II_Ext_5245cc,2,18,60,4.6336,-74.153
2026-09-12T08:46:06-05:00,PUR_IED_Isabel-II_S_idiom_1c29aa,PUR_IED_Isabel-II_S_idiom_1c29aa,,,,,
2026-09-12T08:46:06-05:00,PUR_IED_Isabel-II_S_infor_fd741,PUR_IED_Isabel-II_S_infor_fd741,,,,,
2026-09-12T08:46:06-05:00,PUR_IED_IsidroSur_Exterio_5b90ea,PUR_IED_IsidroSur_Exterio_5b90ea,,,,,
2026-09-12T08:46:06-05:00,PUR_IED_IsidroSur_LabTec_56697a,PUR_IED_IsidroSur_LabTec_56697a,,,,,
2026-09-12T08:46:06-05:00,PUR_IED_IsidroSur_Robotic_b7c38f,PUR_IED_IsidroSur_Robotic_b7c38f,,,,,
2026-09-12T08:46:06-05:00,PUR_IED_IsmaelPerd_Ext_7b6672,PUR_IED_IsmaelPerd_Ext_7b6672,,,,,
2026-09-12T08:46:06-05:00,PUR_IED_IsmaelPerd_Inform_306540,PUR_IED_IsmaelPerd_Inform_306540,,,,,
2026-09-12T08:46:06-05:00,PUR_IED_IsmaelPerd_S30_2e2c83,PUR_IED_IsmaelPerd_S30_2e2c83,,,,,
2026-09-12T08:46:06-05:00,PUR_IED_JLozano_Exter_432910,PUR_IED_JLozano_Exter_432910,,,,,
2026-09-12T08:46:06-05:00,PUR_IED_JLozano_salaMulti_df5125,PUR_IED_JLozano_salaMulti_df5125,,,,,
2026-09-12T08:46:06-05:00,PUR_IED_JMCordoba_206_86f80b,PUR_IED_JMCordoba_206_86f80b,,,,,
2026-09-12T08:46:06-05:00,PUR_IED_JMCordoba_Ext_27ad97,PUR_IED_JMCordoba_Ext_27ad97,,,,,
2026-09-12T08:46:06-05:00,PUR_IED_JMCordoba_S310_d59ab4,PUR_IED_JMCordoba_S310_d59ab4,,,,,
2026-09-12T08:46:06-05:00,PUR_IED_Japon_Ext_549100,PUR_IED_Japon_Ext_549100,,,,,
2026-09-12T08:46:06-05:00,PUR_IED_Japon_Laboratorio_bec51d,PUR_IED_Japon_Laboratorio_bec51d,,,,,
2026-09-12T08:46:06-05:00,PUR_IED_Japon_informatica_d99327,PUR_IED_Japon_informatica_d99327,,,,,
2026-09-12T08:46:06-05:00,PUR_IED_Jazmin_Ext_d27bda,PUR_IED_Jazmin_Ext_d27bda,,,,,
2026-09-12T08:46:06-05:00,PUR_IED_Jazmin_Fisica_8d14d7,PUR_IED_Jazmin_Fisica_8d14d7,,,,,
2026-09-12T08:46:06-05:00,PUR_IED_Jazmin_Quimica_801cb5,PUR_IED_Jazmin_Quimica_801cb5,,,,,
2026-09-12T08:46:06-05:00,PUR_IED_JorgeGaitan_Exter_f098d1,PUR_IED_JorgeGaitan_Exter_f098d1,,,,,
2026-09-12T08:46:06-05:00,PUR_IED_JorgeGaitan_STec1_dc9d1d,PUR_IED_JorgeGaitan_STec1_dc9d1d,,,,,
2026-09-12T08:46:06-05:00,PUR_IED_JorgeGaitan_STec2_281e69,PUR_IED_JorgeGaitan_STec2_281e69,,,,,
2026-09-12T08:46:06-05:00,PUR_IED_JorgeSoto_Exterio_d9d0a2,PUR_IED_JorgeSoto_Exterio_d9d0a2,,,,,
2026-09-12T08:46:06-05:00,PUR_IED_JorgeSoto_LabFisi_209c54,PUR_IED_JorgeSoto_LabFisi_209c54,,,,,
2026-09-12T08:46:06-05:00,PUR_IED_JorgeSoto_S103_27b51a,PUR_IED_JorgeSoto_S103_27b51a,,,,,
2026-09-12T08:46:06-05:00,PUR_IED_JoseAcevedo_A02_e965eb,PUR_IED_JoseAcevedo_A02_e965eb,,,,,
2026-09-12T08:46:06-05:00,PUR_IED_JoseAcevedo_A07_dd5b4,PUR_IED_JoseAcevedo_A07_dd5b4,,,,,
2026-09-12T08:46:06-05:00,PUR_IED_JoseAcevedo_Ext_b47484,PUR_IED_JoseAcevedo_Ext_b47484,,,,,
2026-09-12T08:46:06-05:00,PUR_IED_JoseMarti_Exte_5b9bf,PUR_IED_JoseMarti_Exte_5b9bf,,,,,
2026-09-12T08:46:06-05:00,PUR_IED_JoseMarti_LabQuim_1c6c2d,PUR_IED_JoseMarti_LabQuim_1c6c2d,,,,,
2026-09-12T08:46:06-05:00,PUR_IED_JoseMarti_S_info_f5f177,PUR_IED_JoseMarti_S_info_f5f177,,,,,
2026-09-12T08:46:06-05:00,PUR_IED_Josejoaquin_Ext_dfc5dc,PUR_IED_Josejoaquin_Ext_dfc5dc,,,,,
2026-09-12T08:46:06-05:00,PUR_IED_Josejoaquin_S05_5b2a96,PUR_IED_Josejoaquin_S05_5b2a96,,,,,
2026-09-12T08:46:06-05:00,PUR_IED_Josejoaquin_S06_1ce7d2,PUR_IED_Josejoaquin_S06_1ce7d2,,,,,
2026-09-12T08:46:06-05:00,PUR_IED_JulioFlorez_Danza_9b82dd,PUR_IED_JulioFlorez_Danza_9b82dd,,,,,
2026-09-12T08:46:06-05:00,PUR_IED_JulioFlorez_Exter_f9f314,PUR_IED_JulioFlorez_Exter_f9f314,,,,,
2026-09-12T08:46:06-05:00,PUR_IED_JulioFlorez_info2_6b6e08,PUR_IED_JulioFlorez_info2_6b6e08,,,,,
2026-09-12T08:46:06-05:00,PUR_IED_LaBelleza_Aula13_1d00d8,PUR_IED_LaBelleza_Aula13_1d00d8,,,,,
2026-09-12T08:46:06-05:00,PUR_IED_LaBelleza_Ext_7bc08c,PUR_IED_LaBelleza_Ext_7bc08c,,,,,
2026-09-12T08:46:06-05:00,PUR_IED_LaChucua_Ext_8cd6d2,PUR_IED_LaChucua_Ext_8cd6d2,,,,,
2026-09-12T08:46:06-05:00,PUR_IED_LaChucua_S15_f578ce,PUR_IED_LaChucua_S15_f578ce,,,,,
2026-09-12T08:46:06-05:00,PUR_IED_LaChucua_S16_eebcf9,PUR_IED_LaChucua_S16_eebcf9,,,,,
2026-09-12T08:46:06-05:00,PUR_IED_LaFelicidad_Ext_fb5109,PUR_IED_LaFelicidad_Ext_fb5109,,,,,
2026-09-12T08:46:06-05:00,PUR_IED_LaMerced_206_66ebd,PUR_IED_LaMerced_206_66ebd,,,,,
2026-09-12T08:46:06-05:00,PUR_IED_LaMerced_207_6ebd6,PUR_IED_LaMerced_207_6ebd6,,,,,
2026-09-12T08:46:06-05:00,PUR_IED_LaMerced_ext_304311,PUR_IED_LaMerced_ext_304311,,,,,
2026-09-12T08:46:06-05:00,PUR_IED_Laureano_CiencNat_281e5e,PUR_IED_Laureano_CiencNat_281e5e,,,,,
2026-09-12T08:46:06-05:00,PUR_IED_Laureano_Comedor_f65c0a,PUR_IED_Laureano_Comedor_f65c0a,,,,,
2026-09-12T08:46:06-05:00,PUR_IED_Laureano_Exterior_7ab011,PUR_IED_Laureano_Exterior_7ab011,,,,,
2026-09-12T08:46:06-05:00,PUR_IED_LeonGreiff_Exte_dfe560,PUR_IED_LeonGreiff_Exte_dfe560,,,,,
2026-09-12T08:46:06-05:00,PUR_IED_LeonGreiff_S210_f264ed,PUR_IED_LeonGreiff_S210_f264ed,,,,,
2026-09-12T08:46:06-05:00,PUR_IED_LeonGreiff_SQuimi_e8296f,PUR_IED_LeonGreiff_SQuimi_e8296f,,,,,
2026-09-12T08:46:06-05:00,PUR_IED_LlanoOrientalS208_7b9fcd,PUR_IED_LlanoOrientalS208_7b9fcd,,,,,
2026-09-12T08:46:06-05:00,PUR_IED_LlanoOriental_Ext_fb3766,PUR_IED_LlanoOriental_Ext_fb3766,,,,,
2026-09-12T08:46:06-05:00,PUR_IED_LlanoOriental_S208_7b9fcd,PUR_IED_LlanoOriental_S208_7b9fcd,,,,,
2026-09-12T08:46:06-05:00,PUR_IED_LlanoOriental_S9_27b378,PUR_IED_LlanoOriental_S9_27b378,,,,,
2026-09-12T08:46:06-05:00,PUR_IED_LosTejares_1101_477602,PUR_IED_LosTejares_1101_477602,,,,,
2026-09-12T08:46:06-05:00,PUR_IED_LosTejares_11_d2c595,PUR_IED_LosTejares_11_d2c595,,,,,
2026-09-12T08:46:06-05:00,PUR_IED_LosTejares_12_477602,PUR_IED_LosTejares_12_477602,,,,,
2026-09-12T08:46:06-05:00,PUR_IED_LosTejares_Ext_8e2115,PUR_IED_LosTejares_Ext_8e2115,,,,,
2026-09-12T08:46:06-05:00,PUR_IED_MagdalenaO_B202_5ddda3,PUR_IED_MagdalenaO_B202_5ddda3,,,,,
2026-09-12T08:46:06-05:00,PUR_IED_MagdalenaO_B205_fb76e8,PUR_IED_MagdalenaO_B205_fb76e8,,,,,
2026-09-12T08:46:06-05:00,PUR_IED_MagdalenaO_ext_dc69cd,PUR_IED_MagdalenaO_ext_dc69cd,,,,,
2026-09-12T08:46:06-05:00,PUR_IED_ManueCepeda_artes_eee956,PUR_IED_ManueCepeda_artes_eee956,,,,,
2026-09-12T08:46:06-05:00,PUR_IED_ManuelCepeda_Ext_58313,PUR_IED_ManuelCepeda_Ext_58313,,,,,
2026-09-12T08:46:06-05:00,PUR_IED_ManuelCepeda_tec_1c5731,PUR_IED_ManuelCepeda_tec_1c5731,,,,,
2026-09-12T08:46:06-05:00,PUR_IED_ManuelS_Exterior_5b269,PUR_IED_ManuelS_Exterior_5b269,,,,,
2026-09-12T08:46:06-05:00,PUR_IED_ManuelS_Inform_f369ce,PUR_IED_ManuelS_Inform_f369ce,,,,,
2026-09-12T08:46:06-05:00,PUR_IED_ManuelS_SArtes_7d15f1,PUR_IED_ManuelS_SArtes_7d15f1,,,,,
2026-09-12T08:46:06-05:00,PUR_IED_ManuelZapata_303_3ca6,PUR_IED_ManuelZapata_303_3ca6,,,,,
2026-09-12T08:46:06-05:00,PUR_IED_ManuelZapata_311_bfbabc,PUR_IED_ManuelZapata_311_bfbabc,,,,,
2026-09-12T08:46:06-05:00,PUR_IED_ManuelZapata_Ext_50824a,PUR_IED_ManuelZapata_Ext_50824a,,,,,
2026-09-12T08:46:06-05:00,PUR_IED_ManuelitaS_Exteri_656a92,PUR_IED_ManuelitaS_Exteri_656a92,,,,,
2026-09-12T08:46:06-05:00,PUR_IED_ManuelitaS_JuzgDe_f58ec3,PUR_IED_ManuelitaS_JuzgDe_f58ec3,,,,,
2026-09-12T08:46:06-05:00,PUR_IED_ManuelitaS_Recrea_d793db,PUR_IED_ManuelitaS_Recrea_d793db,,,,,
2026-09-12T08:46:06-05:00,PUR_IED_MarFidSuarez_Ext_c27b19,PUR_IED_MarFidSuarez_Ext_c27b19,,,,,
2026-09-12T08:46:06-05:00,PUR_IED_MarFidSuarez_Info_e384d7,PUR_IED_MarFidSuarez_Info_e384d7,,,,,
2026-09-12T08:46:06-05:00,PUR_IED_MarFidSuarez_S306_1d0032,PUR_IED_MarFidSuarez_S306_1d0032,,,,,
2026-09-12T08:46:06-05:00,PUR_IED_Menorah_301_2a25a3,PUR_IED_Menorah_301_2a25a3,,,,,
2026-09-12T08:46:06-05:00,PUR_IED_Menorah_306_37ed3,PUR_IED_Menorah_306_37ed3,,,,,
2026-09-12T08:46:06-05:00,PUR_IED_Menorah_Ext_3e155b,PUR_IED_Menorah_Ext_3e155b,,,,,
2026-09-12T08:46:06-05:00,PUR_IED_MinutoB.Aires_A11_1b1604,PUR_IED_MinutoB.Aires_A11_1b1604,,,,,
2026-09-12T08:46:06-05:00,PUR_IED_MinutoB.Aires_A12_fb5860,PUR_IED_MinutoB.Aires_A12_fb5860,,,,,
2026-09-12T08:46:06-05:00,PUR_IED_MinutoB.Aires_Ext_81293f,PUR_IED_MinutoB.Aires_Ext_81293f,,,,,
2026-09-12T08:46:06-05:00,PUR_IED_MinutoBAires_A11_1b1604,PUR_IED_MinutoBAires_A11_1b1604,,,,,
2026-09-12T08:46:06-05:00,PUR_IED_MinutoBAires_A12_fb5860,PUR_IED_MinutoBAires_A12_fb5860,,,,,
2026-09-12T08:46:06-05:00,PUR_IED_MinutoBAires_Ext_81293f,PUR_IED_MinutoBAires_Ext_81293f,,,,,
2026-09-12T08:46:06-05:00,PUR_IED_Montreal_Aula10_1e4959,PUR_IED_Montreal_Aula10_1e4959,,,,,
2026-09-12T08:46:06-05:00,PUR_IED_Montreal_Aula6_300367,PUR_IED_Montreal_Aula6_300367,,,,,
2026-09-12T08:46:06-05:00,PUR_IED_Montreal_Exterior_91a179,PUR_IED_Montreal_Exterior_91a179,,,,,
2026-09-12T08:46:06-05:00,PUR_IED_Mqgdalena_B202_5ddda3,PUR_IED_Mqgdalena_B202_5ddda3,,,,,
2026-09-12T08:46:06-05:00,PUR_IED_NACUND_Soc_dc8728,PUR_IED_NACUND_Soc_dc8728,,,,,
2026-09-12T08:46:06-05:00,PUR_IED_NACUND_ext_27ad97,PUR_IED_NACUND_ext_27ad97,,,,,
2026-09-12T08:46:06-05:00,PUR_IED_NEsperanza_Ext_d24b61,PUR_IED_NEsperanza_Ext_d24b61,,,,,
2026-09-12T08:46:06-05:00,PUR_IED_NEsperanza_SElect_7d1807,PUR_IED_NEsperanza_SElect_7d1807,,,,,
2026-09-12T08:46:06-05:00,PUR_IED_NEsperanza_SLabor_8b2d0a,PUR_IED_NEsperanza_SLabor_8b2d0a,,,,,
2026-09-12T08:46:06-05:00,PUR_IED_NacionesU_Ext_f661a9,PUR_IED_NacionesU_Ext_f661a9,,,,,
2026-09-12T08:46:06-05:00,PUR_IED_NacionesU_Quimica_66f0a,PUR_IED_NacionesU_Quimica_66f0a,,,,,
2026-09-12T08:46:06-05:00,PUR_IED_NacionesU_S306_1b4b3d,PUR_IED_NacionesU_S306_1b4b3d,,,,,
2026-09-12T08:46:06-05:00,PUR_IED_NestorFA_Ext_e4201c,PUR_IED_NestorFA_Ext_e4201c,,,,,
2026-09-12T08:46:06-05:00,PUR_IED_NestorFA_Laborato_f22fe0,PUR_IED_NestorFA_Laborato_f22fe0,,,,,
2026-09-12T08:46:06-05:00,PUR_IED_NestorFA_S204_dee996,PUR_IED_NestorFA_S204_dee996,,,,,
2026-09-12T08:46:06-05:00,PUR_IED_NidyaQT_Aula03_76999b,PUR_IED_NidyaQT_Aula03_76999b,,,,,
2026-09-12T08:46:06-05:00,PUR_IED_NidyaQT_Aula10_56325,PUR_IED_NidyaQT_Aula10_56325,,,,,
2026-09-12T08:46:06-05:00,PUR_IED_NidyaQT_Ext_46e32d,PUR_IED_NidyaQT_Ext_46e32d,,,,,
2026-09-12T08:46:06-05:00,PUR_IED_NuevaCol_Exterior_d9b859,PUR_IED_NuevaCol_Exterior_d9b859,,,,,
2026-09-12T08:46:06-05:00,PUR_IED_NuevaCol_S1101_76c43b,PUR_IED_NuevaCol_S1101_76c43b,,,,,
2026-09-12T08:46:06-05:00,PUR_IED_NuevaCol_S1102_1ce0b5,PUR_IED_NuevaCol_S1102_1ce0b5,,,,,
2026-09-12T08:46:06-05:00,PUR_IED_OEA_A202_f7e3f2,PUR_IED_OEA_A202_f7e3f2,,,,,
2026-09-12T08:46:06-05:00,PUR_IED_OEA_A203_7d1b8d,PUR_IED_OEA_A203_7d1b8d,,,,,
2026-09-12T08:46:06-05:00,PUR_IED_OEA_Ext_27b593,PUR_IED_OEA_Ext_27b593,,,,,
2026-09-12T08:46:06-05:00,PUR_IED_Ochoa_Ext_1c29da,PUR_IED_Ochoa_Ext_1c29da,,,,,
2026-09-12T08:46:06-05:00,PUR_IED_Ochoa_S205_8b1121,PUR_IED_Ochoa_S205_8b1121,,,,,
2026-09-12T08:46:06-05:00,PUR_IED_Ochoa_Sistemas_f33af6,PUR_IED_Ochoa_Sistemas_f33af6,,,,,
2026-09-12T08:46:06-05:00,PUR_IED_PQuebec_Ext_1c67c7,PUR_IED_PQuebec_Ext_1c67c7,,,,,
2026-09-12T08:46:06-05:00,PUR_IED_PQuebec_S15_23e8e2,PUR_IED_PQuebec_S15_23e8e2,,,,,
2026-09-12T08:46:06-05:00,PUR_IED_PQuebec_S16_8ec76b,PUR_IED_PQuebec_S16_8ec76b,,,,,
2026-09-12T08:46:06-05:00,PUR_IED_PabloN_Ext_49dc96,PUR_IED_PabloN_Ext_49dc96,,,,,
2026-09-12T08:46:06-05:00,PUR_IED_PabloN_S1102_4e3df5,PUR_IED_PabloN_S1102_4e3df5,,,,,
2026-09-12T08:46:06-05:00,PUR_IED_PabloN_S1103_50c94b,PUR_IED_PabloN_S1103_50c94b,,,,,
2026-09-12T08:46:06-05:00,PUR_IED_Palestina_S1101_db9198,PUR_IED_Palestina_S1101_db9198,,,,,
2026-09-12T08:46:06-05:00,PUR_IED_Palestina_S1102_dc54fa,PUR_IED_Palestina_S1102_dc54fa,,,,,
2026-09-12T08:46:06-05:00,PUR_IED_Palestina_ext_4ccce6,PUR_IED_Palestina_ext_4ccce6,,,,,
2026-09-12T08:46:06-05:00,PUR_IED_Panama_Fisica_4d0794,PUR_IED_Panama_Fisica_4d0794,,,,,
2026-09-12T08:46:06-05:00,PUR_IED_Panama_SIngles_a4077e,PUR_IED_Panama_SIngles_a4077e,,,,,
2026-09-12T08:46:06-05:00,PUR_IED_Panama_ext_4c54b4,PUR_IED_Panama_ext_4c54b4,,,,,
2026-09-12T08:46:06-05:00,PUR_IED_ParaisoM_Exterior_8cd7f0,PUR_IED_ParaisoM_Exterior_8cd7f0,,,,,
2026-09-12T08:46:06-05:00,PUR_IED_ParaisoM_Laborato_27af35,PUR_IED_ParaisoM_Laborato_27af35,,,,,
2026-09-12T08:46:06-05:00,PUR_IED_ParaisoM_S304_d1edca,PUR_IED_ParaisoM_S304_d1edca,,,,,
2026-09-12T08:46:06-05:00,PUR_IED_PorfirioBarba_Ext_301466,PUR_IED_PorfirioBarba_Ext_301466,,,,,
2026-09-12T08:46:06-05:00,PUR_IED_PorfirioBarba_S11_df6cd2,PUR_IED_PorfirioBarba_S11_df6cd2,,,,,
2026-09-12T08:46:06-05:00,PUR_IED_PorfirioBarba_S29_27a7d6,PUR_IED_PorfirioBarba_S29_27a7d6,,,,,
2026-09-12T08:46:06-05:00,PUR_IED_PradoV_Exter_8b27ad,PUR_IED_PradoV_Exter_8b27ad,,,,,
2026-09-12T08:46:06-05:00,PUR_IED_PradoV_S301_de65b5,PUR_IED_PradoV_S301_de65b5,,,,,
2026-09-12T08:46:06-05:00,PUR_IED_PradoV_S302_7d2593,PUR_IED_PradoV_S302_7d2593,,,,,
2026-09-12T08:46:06-05:00,PUR_IED_QuirogaAlz_Ext_1ddc82,PUR_IED_QuirogaAlz_Ext_1ddc82,,,,,
2026-09-12T08:46:06-05:00,PUR_IED_QuirogaAlz_S302_9926a3,PUR_IED_QuirogaAlz_S302_9926a3,,,,,
2026-09-12T08:46:06-05:00,PUR_IED_QuirogaAlz_S305_cdf1f1,PUR_IED_QuirogaAlz_S305_cdf1f1,,,,,
2026-09-12T08:46:06-05:00,PUR_IED_RGuatemala_Biling_dc53b7,PUR_IED_RGuatemala_Biling_dc53b7,,,,,
2026-09-12T08:46:06-05:00,PUR_IED_RGuatemala_Ext_1b89a3,PUR_IED_RGuatemala_Ext_1b89a3,,,,,
2026-09-12T08:46:06-05:00,PUR_IED_RGuatemala_Tecnol_281a34,PUR_IED_RGuatemala_Tecnol_281a34,,,,,
2026-09-12T08:46:06-05:00,PUR_IED_RafaNu_Ext_f7c302,PUR_IED_RafaNu_Ext_f7c302,,,,,
2026-09-12T08:46:06-05:00,PUR_IED_RafaNu_S1101_25fde,PUR_IED_RafaNu_S1101_25fde,,,,,
2026-09-12T08:46:06-05:00,PUR_IED_RafaNu_S1102_281517,PUR_IED_RafaNu_S1102_281517,,,,,
2026-09-12T08:46:06-05:00,PUR_IED_RafaelB_S305_ee2783,PUR_IED_RafaelB_S305_ee2783,,,,,
2026-09-12T08:46:06-05:00,PUR_IED_RafaelB_S306_75fe33,PUR_IED_RafaelB_S306_75fe33,,,,,
2026-09-12T08:46:06-05:00,PUR_IED_RafaelB_ext_283336,PUR_IED_RafaelB_ext_283336,,,,,
2026-09-12T08:46:06-05:00,PUR_IED_RafaelUU_Exterior_281a51,PUR_IED_RafaelUU_Exterior_281a51,,,,,
2026-09-12T08:46:06-05:00,PUR_IED_RafaelUU_Human_806b2,PUR_IED_RafaelUU_Human_806b2,,,,,
2026-09-12T08:46:06-05:00,PUR_IED_RafaelUU_Mate2_5680d4,PUR_IED_RafaelUU_Mate2_5680d4,,,,,
2026-09-12T08:46:06-05:00,PUR_IED_RamonSub_Ext_f9eeb9,PUR_IED_RamonSub_Ext_f9eeb9,,,,,
2026-09-12T08:46:06-05:00,PUR_IED_RamonSub_Media_d1f62f,PUR_IED_RamonSub_Media_d1f62f,,,,,
2026-09-12T08:46:06-05:00,PUR_IED_RamonSub_planta_51b82,PUR_IED_RamonSub_planta_51b82,,,,,
2026-09-12T08:46:06-05:00,PUR_IED_RepBoliVene_Exter_27af7c,PUR_IED_RepBoliVene_Exter_27af7c,,,,,
2026-09-12T08:46:06-05:00,PUR_IED_RepBoliVene_SCPT_5ae2ee,PUR_IED_RepBoliVene_SCPT_5ae2ee,,,,,
2026-09-12T08:46:06-05:00,PUR_IED_RepBoliVene_Socia_4b11d5,PUR_IED_RepBoliVene_Socia_4b11d5,,,,,
2026-09-12T08:46:06-05:00,PUR_IED_RepChina_Ext_76d9ee,PUR_IED_RepChina_Ext_76d9ee,,,,,
2026-09-12T08:46:06-05:00,PUR_IED_RepChina_S404_7c804c,PUR_IED_RepChina_S404_7c804c,,,,,
2026-09-12T08:46:06-05:00,PUR_IED_RepChina_S405_df2c33,PUR_IED_RepChina_S405_df2c33,,,,,
2026-09-12T08:46:06-05:00,PUR_IED_RepublicaC_Exteri_7d1ec9,PUR_IED_RepublicaC_Exteri_7d1ec9,,,,,
2026-09-12T08:46:06-05:00,PUR_IED_RepublicaC_S1101_f544b3,PUR_IED_RepublicaC_S1101_f544b3,,,,,
2026-09-12T08:46:06-05:00,PUR_IED_RepublicaC_S1102_7aafc7,PUR_IED_RepublicaC_S1102_7aafc7,,,,,
2026-09-12T08:46:06-05:00,PUR_IED_Ricaurte_Externo_a0ea1,PUR_IED_Ricaurte_Externo_a0ea1,,,,,
2026-09-12T08:46:06-05:00,PUR_IED_Ricaurte_S210_f546fd,PUR_IED_Ricaurte_S210_f546fd,,,,,
2026-09-12T08:46:06-05:00,PUR_IED_Ricaurte_S309_d4452,PUR_IED_Ricaurte_S309_d4452,,,,,
2026-09-12T08:46:06-05:00,PUR_IED_RogelioS_1102_531e69,PUR_IED_RogelioS_1102_531e69,,,,,
2026-09-12T08:46:06-05:00,PUR_IED_RogelioS_Ext_f25a18,PUR_IED_RogelioS_Ext_f25a18,,,,,
2026-09-12T08:46:06-05:00,PUR_IED_SBernardino_Ext_27aff8,PUR_IED_SBernardino_Ext_27aff8,,,,,
2026-09-12T08:46:06-05:00,PUR_IED_SBernardino_SArte_2ffd33,PUR_IED_SBernardino_SArte_2ffd33,,,,,
2026-09-12T08:46:06-05:00,PUR_IED_SBernardino_SIngl_7c7da5,PUR_IED_SBernardino_SIngl_7c7da5,,,,,
2026-09-12T08:46:06-05:00,PUR_IED_Sago_auditorio_dc9d1d,PUR_IED_Sago_auditorio_dc9d1d,,,,,
2026-09-12T08:46:06-05:00,PUR_IED_Saludcoop_Ext_95aac3,PUR_IED_Saludcoop_Ext_95aac3,,,,,
2026-09-12T08:46:06-05:00,PUR_IED_Saludcoop_InfI_90c854,PUR_IED_Saludcoop_InfI_90c854,,,,,
2026-09-12T08:46:06-05:00,PUR_IED_Saludcoop_SMedia_1b93be,PUR_IED_Saludcoop_SMedia_1b93be,,,,,
2026-09-12T08:46:06-05:00,PUR_IED_SanCarlos_1101_1a2360,PUR_IED_SanCarlos_1101_1a2360,,,,,
2026-09-12T08:46:06-05:00,PUR_IED_SanCarlos_1103_7bafb5,PUR_IED_SanCarlos_1103_7bafb5,,,,,
2026-09-12T08:46:06-05:00,PUR_IED_SanCarlos_Ext_b7cd1,PUR_IED_SanCarlos_Ext_b7cd1,,,,,
2026-09-12T08:46:06-05:00,PUR_IED_SanIgnacioBosa11a_50c26e,PUR_IED_SanIgnacioBosa11a_50c26e,,,,,
2026-09-12T08:46:06-05:00,PUR_IED_SanIgnacioBosa11b_371de8,PUR_IED_SanIgnacioBosa11b_371de8,,,,,
2026-09-12T08:46:06-05:00,PUR_IED_SanIgnacioBosaExt_ef0ffc,PUR_IED_SanIgnacioBosaExt_ef0ffc,,,,,
2026-09-12T08:46:06-05:00,PUR_IED_SanIgnacioBosa_11a_50c26e,PUR_IED_SanIgnacioBosa_11a_50c26e,,,,,
2026-09-12T08:46:06-05:00,PUR_IED_SanIgnacioBosa_Ext_ef0ffc,PUR_IED_SanIgnacioBosa_Ext_ef0ffc,,,,,
2026-09-12T08:46:06-05:00,PUR_IED_SanJoseN_intS1101_31c47f,PUR_IED_SanJoseN_intS1101_31c47f,,,,,
2026-09-12T08:46:06-05:00,PUR_IED_SanJoseUsm_Exter_f5d7e8,PUR_IED_SanJoseUsm_Exter_f5d7e8,,,,,
2026-09-12T08:46:06-05:00,PUR_IED_SanJoseUsm_Int11A_cfdef6,PUR_IED_SanJoseUsm_Int11A_cfdef6,,,,,
2026-09-12T08:46:06-05:00,PUR_IED_SilveriaR_IntB5_905349,PUR_IED_SilveriaR_IntB5_905349,,,,,
2026-09-12T08:46:06-05:00,PUR_IED_SilveriaR_IntSD14_981f93,PUR_IED_SilveriaR_IntSD14_981f93,,,,,
2026-09-12T08:46:06-05:00,PUR_IED_SilveriaR_ext_2b651d,PUR_IED_SilveriaR_ext_2b651d,,,,,
2026-09-12T08:46:06-05:00,PUR_IED_SimonB_Exterior_913975,PUR_IED_SimonB_Exterior_913975,,,,,
2026-09-12T08:46:06-05:00,PUR_IED_SimonB_LabQuimi_c56908,PUR_IED_SimonB_LabQuimi_c56908,,,,,
2026-09-12T08:46:06-05:00,PUR_IED_SimonB_informatic_a28c1,PUR_IED_SimonB_informatic_a28c1,,,,,
2026-09-12T08:46:06-05:00,PUR_IED_Sorrento_1102_315f50,PUR_IED_Sorrento_1102_315f50,,,,,
2026-09-12T08:46:06-05:00,PUR_IED_Sorrento_Minte_214eab,PUR_IED_Sorrento_Minte_214eab,,,,,
2026-09-12T08:46:06-05:00,PUR_IED_Sorrento_ext_7c3a0a,PUR_IED_Sorrento_ext_7c3a0a,,,,,
2026-09-12T08:46:06-05:00,PUR_IED_Tabora_Ext_f048ae,PUR_IED_Tabora_Ext_f048ae,,,,,
2026-09-12T08:46:06-05:00,PUR_IED_Tabora_S1102_b07752,PUR_IED_Tabora_S1102_b07752,,,,,
2026-09-12T08:46:06-05:00,PUR_IED_Tabora_S1103_d988f5,PUR_IED_Tabora_S1103_d988f5,,,,,
2026-09-12T08:46:06-05:00,PUR_IED_Tenerife_Ext_1ab188,PUR_IED_Tenerife_Ext_1ab188,,,,,
2026-09-12T08:46:06-05:00,PUR_IED_Tenerife_SDanzas_7bc02e,PUR_IED_Tenerife_SDanzas_7bc02e,,,,,
2026-09-12T08:46:06-05:00,PUR_IED_Tenerife_SIngles_7cc277,PUR_IED_Tenerife_SIngles_7cc277,,,,,
2026-09-12T08:46:06-05:00,PUR_IED_Tibabuyes_Exter_f2683d,PUR_IED_Tibabuyes_Exter_f2683d,,,,,
2026-09-12T08:46:06-05:00,PUR_IED_Tibabuyes_S10_dc87a8,PUR_IED_Tibabuyes_S10_dc87a8,,,,,
2026-09-12T08:46:06-05:00,PUR_IED_Tibabuyes_S15_dc0526,PUR_IED_Tibabuyes_S15_dc0526,,,,,
2026-09-12T08:46:06-05:00,PUR_IED_UnionE_S301_a1043,PUR_IED_UnionE_S301_a1043,,,,,
2026-09-12T08:46:06-05:00,PUR_IED_UnionE_S307_ff6c2f,PUR_IED_UnionE_S307_ff6c2f,,,,,
2026-09-12T08:46:06-05:00,PUR_IED_UnionE__Ext_5e2468,PUR_IED_UnionE__Ext_5e2468,,,,,
2026-09-12T08:46:06-05:00,PUR_IED_VillaRica_Ext_75be7c,PUR_IED_VillaRica_Ext_75be7c,,,,,
2026-09-12T08:46:06-05:00,PUR_IED_VillaRica_S4_cc5dcd,PUR_IED_VillaRica_S4_cc5dcd,,,,,
2026-09-12T08:46:06-05:00,PUR_IED_VillaRica_Sesp_99f5c,PUR_IED_VillaRica_Sesp_99f5c,,,,,
2026-09-12T08:51:10-05:00,PUR_IED_20deJulio_1101_91b1b9,PUR_IED_20deJulio_1101_91b1b9,,,,,
2026-09-12T08:51:10-05:00,PUR_IED_20deJulio_1102_1cfcf9,PUR_IED_20deJulio_1102_1cfcf9,,,,,
2026-09-12T08:51:10-05:00,PUR_IED_20deJulio_Ext_ab60bd,PUR_IED_20deJulio_Ext_ab60bd,,,,,
2026-09-12T08:51:10-05:00,PUR_IED_AgustinFer_Ext_7b9b77,PUR_IED_AgustinFer_Ext_7b9b77,,,,,
2026-09-12T08:51:10-05:00,PUR_IED_AgustinFer_Info2_27b3a7,PUR_IED_AgustinFer_Info2_27b3a7,,,,,
2026-09-12T08:51:10-05:00,PUR_IED_AgustinFer_Sena_54b4eb,PUR_IED_AgustinFer_Sena_54b4eb,,,,,
2026-09-12T08:51:10-05:00,PUR_IED_AlexanderF_1102_caf07b,PUR_IED_AlexanderF_1102_caf07b,,,,,
2026-09-12T08:51:10-05:00,PUR_IED_AlexanderF_1103_c79e71,PUR_IED_AlexanderF_1103_c79e71,,,,,
2026-09-12T08:51:10-05:00,PUR_IED_AlexanderF_Ext_c5b18b,PUR_IED_AlexanderF_Ext_c5b18b,,,,,
2026-09-12T08:51:10-05:00,PUR_IED_AlfonsoLopez_Ext_281d77,PUR_IED_AlfonsoLopez_Ext_281d77,,,,,
2026-09-12T08:51:10-05:00,PUR_IED_AlfonsoLopez_LabF_888ce0,PUR_IED_AlfonsoLopez_LabF_888ce0,,,,,
2026-09-12T08:51:10-05:00,PUR_IED_AlfonsoLopez_SMed_df6a7f,PUR_IED_AlfonsoLopez_SMed_df6a7f,,,,,
2026-09-12T08:51:10-05:00,PUR_IED_AltamiraSO_A2_209f92,PUR_IED_AltamiraSO_A2_209f92,,,,,
2026-09-12T08:51:10-05:00,PUR_IED_AltamiraSO_Ext_186d66,PUR_IED_AltamiraSO_Ext_186d66,,,,,
2026-09-12T08:51:10-05:00,PUR_IED_AltamiraSO_Sistem_27afe1,PUR_IED_AltamiraSO_Sistem_27afe1,,,,,
2026-09-12T08:51:10-05:00,PUR_IED_AlvaroGom_LabQuim_813179,PUR_IED_AlvaroGom_LabQuim_813179,,,,,
2026-09-12T08:51:10-05:00,PUR_IED_AlvaroGomez_Ext_47c7ca,PUR_IED_AlvaroGomez_Ext_47c7ca,,,,,
2026-09-12T08:51:10-05:00,PUR_IED_AlvaroGomez_LabQuim_813179,PUR_IED_AlvaroGomez_LabQuim_813179,,,,,
2026-09-12T08:51:10-05:00,PUR_IED_AlvaroGomez_S23_7ba89f,PUR_IED_AlvaroGomez_S23_7ba89f,,,,,
2026-09-12T08:51:10-05:00,PUR_IED_Amistad_306_dc8728,PUR_IED_Amistad_306_dc8728,,,,,
2026-09-12T08:51:10-05:00,PUR_IED_Amistad_Ext_8cd55e,PUR_IED_Amistad_Ext_8cd55e,,,,,
2026-09-12T08:51:10-05:00,PUR_IED_Amistad_S202_a41169,PUR_IED_Amistad_S202_a41169,,,,,
2026-09-12T08:51:10-05:00,PUR_IED_AndresBello_Bio_fd5f5e,PUR_IED_AndresBello_Bio_fd5f5e,,,,,
2026-09-12T08:51:10-05:00,PUR_IED_AndresBello_ext_dcad65,PUR_IED_AndresBello_ext_dcad65,,,,,
2026-09-12T08:51:10-05:00,PUR_IED_AndresBello_port_eed3ec,PUR_IED_AndresBello_port_eed3ec,,,,,
2026-09-12T08:51:10-05:00,PUR_IED_AngelaR_11b_d90a6b,PUR_IED_AngelaR_11b_d90a6b,,,,,
2026-09-12T08:51:10-05:00,PUR_IED_AngelaR_ext_7cad3e,PUR_IED_AngelaR_ext_7cad3e,5,18,67,4.5825,-74.164497
2026-09-12T08:51:10-05:00,PUR_IED_AntJoseSucre_10mo_df2575,PUR_IED_AntJoseSucre_10mo_df2575,,,,,
2026-09-12T08:51:10-05:00,PUR_IED_AntJoseSucre_Ext_215b36,PUR_IED_AntJoseSucre_Ext_215b36,,,,,
2026-09-12T08:51:10-05:00,PUR_IED_AntJoseSucre_Lab_3139de,PUR_IED_AntJoseSucre_Lab_3139de,,,,,
2026-09-12T08:51:10-05:00,PUR_IED_AntonioGarcia_301_d6b188,PUR_IED_AntonioGarcia_301_d6b188,,,,,
2026-09-12T08:51:10-05:00,PUR_IED_AntonioGarcia_302_88a82,PUR_IED_AntonioGarcia_302_88a82,,,,,
2026-09-12T08:51:10-05:00,PUR_IED_AntonioGarcia_Ext_20950c,PUR_IED_AntonioGarcia_Ext_20950c,,,,,
2026-09-12T08:51:10-05:00,PUR_IED_AntonioVan_Aula2_6dea02,PUR_IED_AntonioVan_Aula2_6dea02,,,,,
2026-09-12T08:51:10-05:00,PUR_IED_AntonioVan_Aula5_f1557e,PUR_IED_AntonioVan_Aula5_f1557e,,,,,
2026-09-12T08:51:10-05:00,PUR_IED_AntonioVan_Ext_406f2f,PUR_IED_AntonioVan_Ext_406f2f,,,,,
2026-09-12T08:51:10-05:00,PUR_IED_Atabanzha_Ext_cc5af9,PUR_IED_Atabanzha_Ext_cc5af9,,,,,
2026-09-12T08:51:10-05:00,PUR_IED_Atabanzha_SA101_56c37,PUR_IED_Atabanzha_SA101_56c37,,,,,
2026-09-12T08:51:10-05:00,PUR_IED_Atabanzha_SB302_27b374,PUR_IED_Atabanzha_SB302_27b374,,,,,
2026-09-12T08:51:10-05:00,PUR_IED_Atahualpa_Ext_fc1748,PUR_IED_Atahualpa_Ext_fc1748,,,,,
2026-09-12T08:51:10-05:00,PUR_IED_Atahualpa_Informa_dc9a95,PUR_IED_Atahualpa_Informa_dc9a95,,,,,
2026-09-12T08:51:10-05:00,PUR_IED_Atahualpa_S1101_f98056,PUR_IED_Atahualpa_S1101_f98056,,,,,
2026-09-12T08:51:10-05:00,PUR_IED_Bellavista_Ext_f5aa74,PUR_IED_Bellavista_Ext_f5aa74,,,,,
2026-09-12T08:51:10-05:00,PUR_IED_Bilbao_11A_916c41,PUR_IED_Bilbao_11A_916c41,,,,,
2026-09-12T08:51:10-05:00,PUR_IED_Bilbao_Ext_fb579a,PUR_IED_Bilbao_Ext_fb579a,,,,,
2026-09-12T08:51:10-05:00,PUR_IED_BrasiliaU_A125_304280,PUR_IED_BrasiliaU_A125_304280,,,,,
2026-09-12T08:51:10-05:00,PUR_IED_BrasiliaU_A203_7c8ca5,PUR_IED_BrasiliaU_A203_7c8ca5,,,,,
2026-09-12T08:51:10-05:00,PUR_IED_BrasiliaU_Ext_8d6e9f,PUR_IED_BrasiliaU_Ext_8d6e9f,8,17,68,4.5175,-74.116302
2026-09-12T08:51:10-05:00,PUR_IED_Brasilia_Ext_fe6593,PUR_IED_Brasilia_Ext_fe6593,,,,,
2026-09-12T08:51:10-05:00,PUR_IED_Brasilia_S24_7c130d,PUR_IED_Brasilia_S24_7c130d,,,,,
2026-09-12T08:51:10-05:00,PUR_IED_Brasilia_S501_186a54,PUR_IED_Brasilia_S501_186a54,,,,,
2026-09-12T08:51:10-05:00,PUR_IED_CHARRY_EXT_f1d5cd,PUR_IED_CHARRY_EXT_f1d5cd,,,,,
2026-09-12T08:51:10-05:00,PUR_IED_CHARRY_INTDANZAS_7a08e6,PUR_IED_CHARRY_INTDANZAS_7a08e6,,,,,
2026-09-12T08:51:10-05:00,PUR_IED_CHARRY_INT_AULA20_dc998d,PUR_IED_CHARRY_INT_AULA20_dc998d,,,,,
2026-09-12T08:51:10-05:00,PUR_IED_COLVIV_1101_S25_7f520a,PUR_IED_COLVIV_1101_S25_7f520a,,,,,
2026-09-12T08:51:10-05:00,PUR_IED_COLVIV_1102_S16_f570ba,PUR_IED_COLVIV_1102_S16_f570ba,,,,,
2026-09-12T08:51:10-05:00,PUR_IED_COLVIV_Ext_1a26fa,PUR_IED_COLVIV_Ext_1a26fa,,,,,
2026-09-12T08:51:10-05:00,PUR_IED_CULPOP_301A_f660f3,PUR_IED_CULPOP_301A_f660f3,,,,,
2026-09-12T08:51:10-05:00,PUR_IED_CULPOP_303_568afe,PUR_IED_CULPOP_303_568afe,,,,,
2026-09-12T08:51:10-05:00,PUR_IED_CULPOP_Ext_e02ccb,PUR_IED_CULPOP_Ext_e02ccb,,,,,
2026-09-12T08:51:10-05:00,PUR_IED_CVillavicen_Ext_26eb58,PUR_IED_CVillavicen_Ext_26eb58,7,15,82,4.487,-74.102798
2026-09-12T08:51:10-05:00,PUR_IED_CVillavicen_Intel_1ce5c2,PUR_IED_CVillavicen_Intel_1ce5c2,,,,,
2026-09-12T08:51:10-05:00,PUR_IED_CVillavicen_Poliv_e0766c,PUR_IED_CVillavicen_Poliv_e0766c,,,,,
2026-09-12T08:51:10-05:00,PUR_IED_CVillavicen_int_1ba140,PUR_IED_CVillavicen_int_1ba140,,,,,
2026-09-12T08:51:10-05:00,PUR_IED_CVillavicen_intel_1ba140,PUR_IED_CVillavicen_intel_1ba140,,,,,
2026-09-12T08:51:10-05:00,PUR_IED_CarlosPizarro_Ext_e307cc,PUR_IED_CarlosPizarro_Ext_e307cc,,,,,
2026-09-12T08:51:10-05:00,PUR_IED_CarlosPizarro_L36_7e5cdb,PUR_IED_CarlosPizarro_L36_7e5cdb,,,,,
2026-09-12T08:51:10-05:00,PUR_IED_CarlosPizarro_L37_c8566c,PUR_IED_CarlosPizarro_L37_c8566c,,,,,
2026-09-12T08:51:10-05:00,PUR_IED_Castilla_Ext_cf35f,PUR_IED_Castilla_Ext_cf35f,,,,,
2026-09-12T08:51:10-05:00,PUR_IED_Castilla_SFisik_360e38,PUR_IED_Castilla_SFisik_360e38,,,,,
2026-09-12T08:51:10-05:00,PUR_IED_Castilla_Sc304_496fbf,PUR_IED_Castilla_Sc304_496fbf,,,,,
2026-09-12T08:51:10-05:00,PUR_IED_CervantesSa_Ext_6b57b,PUR_IED_CervantesSa_Ext_6b57b,4,17,74,4.5128,-74.117203
2026-09-12T08:51:10-05:00,PUR_IED_CervantesSa_S107_225c2b,PUR_IED_CervantesSa_S107_225c2b,,,,,
2026-09-12T08:51:10-05:00,PUR_IED_CervantesSa_S108_940925,PUR_IED_CervantesSa_S108_940925,,,,,
2026-09-12T08:51:10-05:00,PUR_IED_Charry_A20_f53e7c,PUR_IED_Charry_A20_f53e7c,,,,,
2026-09-12T08:51:10-05:00,PUR_IED_Charry_Ext_f1d5cd,PUR_IED_Charry_Ext_f1d5cd,,,,,
2026-09-12T08:51:10-05:00,PUR_IED_Charry_IntAula20_dc998d,PUR_IED_Charry_IntAula20_dc998d,,,,,
2026-09-12T08:51:10-05:00,PUR_IED_Charry_IntDanzas_7a08e6,PUR_IED_Charry_IntDanzas_7a08e6,,,,,
2026-09-12T08:51:10-05:00,PUR_IED_ClememciaC_203_43e2fc,PUR_IED_ClememciaC_203_43e2fc,,,,,
2026-09-12T08:51:10-05:00,PUR_IED_ClememciaC_Ext_1b411a,PUR_IED_ClememciaC_Ext_1b411a,,,,,
2026-09-12T08:51:10-05:00,PUR_IED_ClememciaC_Quimic_44b5fc,PUR_IED_ClememciaC_Quimic_44b5fc,,,,,
2026-09-12T08:51:10-05:00,PUR_IED_ClemenciaC_203_43e2fc,PUR_IED_ClemenciaC_203_43e2fc,,,,,
2026-09-12T08:51:10-05:00,PUR_IED_ClemenciaC_Ext_1b411a,PUR_IED_ClemenciaC_Ext_1b411a,,,,,
2026-09-12T08:51:10-05:00,PUR_IED_ClemenciaC_Quimic_44b5fc,PUR_IED_ClemenciaC_Quimic_44b5fc,,,,,
2026-09-12T08:51:10-05:00,PUR_IED_ColViva_1101_S25_7f520a,PUR_IED_ColViva_1101_S25_7f520a,,,,,
2026-09-12T08:51:10-05:00,PUR_IED_ColViva_1102_S16_f570ba,PUR_IED_ColViva_1102_S16_f570ba,,,,,
2026-09-12T08:51:10-05:00,PUR_IED_ColViva_Ext_1a26fa,PUR_IED_ColViva_Ext_1a26fa,,,,,
2026-09-12T08:51:10-05:00,PUR_IED_ColegioBici_Asist_7c8798,PUR_IED_ColegioBici_Asist_7c8798,,,,,
2026-09-12T08:51:10-05:00,PUR_IED_ColegioBici_Ext_25cbf6,PUR_IED_ColegioBici_Ext_25cbf6,,,,,
2026-09-12T08:51:10-05:00,PUR_IED_ColegioBici_LabQ_7b57db,PUR_IED_ColegioBici_LabQ_7b57db,,,,,
2026-09-12T08:51:10-05:00,PUR_IED_CostaRica_Ext_5e640,PUR_IED_CostaRica_Ext_5e640,,,,,
2026-09-12T08:51:10-05:00,PUR_IED_CostaRica_Quim1_766d1c,PUR_IED_CostaRica_Quim1_766d1c,,,,,
2026-09-12T08:51:10-05:00,PUR_IED_CostaRica__Fisica_6f0873,PUR_IED_CostaRica__Fisica_6f0873,,,,,
2026-09-12T08:51:10-05:00,PUR_IED_CulPopu_301A_f660f3,PUR_IED_CulPopu_301A_f660f3,,,,,
2026-09-12T08:51:10-05:00,PUR_IED_CulPopu_303_568afe,PUR_IED_CulPopu_303_568afe,,,,,
2026-09-12T08:51:10-05:00,PUR_IED_CulPopu_Ext_e02ccb,PUR_IED_CulPopu_Ext_e02ccb,,,,,
2026-09-12T08:51:10-05:00,PUR_IED_Cundinamarca_Ext_f15985,PUR_IED_Cundinamarca_Ext_f15985,,,,,
2026-09-12T08:51:10-05:00,PUR_IED_Cundinamarca_Info_7aa5d7,PUR_IED_Cundinamarca_Info_7aa5d7,,,,,
2026-09-12T08:51:10-05:00,PUR_IED_Cundinamarca_Tec2_f449c7,PUR_IED_Cundinamarca_Tec2_f449c7,,,,,
2026-09-12T08:51:10-05:00,PUR_IED_DiegoM_Aula1_27b314,PUR_IED_DiegoM_Aula1_27b314,,,,,
2026-09-12T08:51:10-05:00,PUR_IED_DiegoM_Ext_d80ac8,PUR_IED_DiegoM_Ext_d80ac8,,,,,
2026-09-12T08:51:10-05:00,PUR_IED_DiegoM_S25_da928f,PUR_IED_DiegoM_S25_da928f,,,,,
2026-09-12T08:51:10-05:00,PUR_IED_ELRODEO_360881,PUR_IED_ELRODEO_360881,,,,,
2026-09-12T08:51:10-05:00,PUR_IED_ELRODEO_ext_360881,PUR_IED_ELRODEO_ext_360881,,,,,
2026-09-12T08:51:10-05:00,PUR_IED_EduardoU_Ext_1c1969,PUR_IED_EduardoU_Ext_1c1969,,,,,
2026-09-12T08:51:10-05:00,PUR_IED_EduardoU_SCiencia_4dfb94,PUR_IED_EduardoU_SCiencia_4dfb94,,,,,
2026-09-12T08:51:10-05:00,PUR_IED_EduardoU_SQuimica_5a46e7,PUR_IED_EduardoU_SQuimica_5a46e7,,,,,
2026-09-12T08:51:10-05:00,PUR_IED_ElRodeo_Aula14_676984,PUR_IED_ElRodeo_Aula14_676984,,,,,
2026-09-12T08:51:10-05:00,PUR_IED_ElRodeo_Aula16_2dd35b,PUR_IED_ElRodeo_Aula16_2dd35b,,,,,
2026-09-12T08:51:10-05:00,PUR_IED_ElRodeo_Ext_360881,PUR_IED_ElRodeo_Ext_360881,,,,,
2026-09-12T08:51:10-05:00,PUR_IED_ElRodeo_Exterior_8c6d28,PUR_IED_ElRodeo_Exterior_8c6d28,,,,,
2026-09-12T08:51:10-05:00,PUR_IED_ElRodeo_ext_360881,PUR_IED_ElRodeo_ext_360881,,,,,
2026-09-12T08:51:10-05:00,PUR_IED_EmmaReyes_Ext_987625,PUR_IED_EmmaReyes_Ext_987625,5,21,53,4.6367,-74.1511
2026-09-12T08:51:10-05:00,PUR_IED_Ensueño_Ext_7f0250,PUR_IED_Ensueño_Ext_7f0250,,,,,
2026-09-12T08:51:10-05:00,PUR_IED_EscNormal_Ext_5fef3b,PUR_IED_EscNormal_Ext_5fef3b,2,19,61,4.5852,-74.096901
2026-09-12T08:51:10-05:00,PUR_IED_EscNormal_S309_5b263,PUR_IED_EscNormal_S309_5b263,,,,,
2026-09-12T08:51:10-05:00,PUR_IED_EscNormal_S310_27b3b8,PUR_IED_EscNormal_S310_27b3b8,,,,,
2026-09-12T08:51:10-05:00,PUR_IED_Evangelista_Conta_f6cd4f,PUR_IED_Evangelista_Conta_f6cd4f,,,,,
2026-09-12T08:51:10-05:00,PUR_IED_Evangelista_Cri_5e16a,PUR_IED_Evangelista_Cri_5e16a,,,,,
2026-09-12T08:51:10-05:00,PUR_IED_Evangelista_Exter_754066,PUR_IED_Evangelista_Exter_754066,,,,,
2026-09-12T08:51:10-05:00,PUR_IED_FMiranda_S209_5cc2a3,PUR_IED_FMiranda_S209_5cc2a3,,,,,
2026-09-12T08:51:10-05:00,PUR_IED_FMiranda_S303_19e344,PUR_IED_FMiranda_S303_19e344,,,,,
2026-09-12T08:51:10-05:00,PUR_IED_FMiranda_ext_f53e7c,PUR_IED_FMiranda_ext_f53e7c,,,,,
2026-09-12T08:51:10-05:00,PUR_IED_FabioLozano_Bibli_1cee05,PUR_IED_FabioLozano_Bibli_1cee05,,,,,
2026-09-12T08:51:10-05:00,PUR_IED_FabioLozano_Ext_6ea285,PUR_IED_FabioLozano_Ext_6ea285,,,,,
2026-09-12T08:51:10-05:00,PUR_IED_FabioLozano_SLudi_f09e1e,PUR_IED_FabioLozano_SLudi_f09e1e,,,,,
2026-09-12T08:51:10-05:00,PUR_IED_FaustinoS_Aula07_27a731,PUR_IED_FaustinoS_Aula07_27a731,,,,,
2026-09-12T08:51:10-05:00,PUR_IED_FaustinoS_Ext_7b936f,PUR_IED_FaustinoS_Ext_7b936f,,,,,
2026-09-12T08:51:10-05:00,PUR_IED_FaustinoS_Fisica_da2c60,PUR_IED_FaustinoS_Fisica_da2c60,,,,,
2026-09-12T08:51:10-05:00,PUR_IED_FeGarciaLo_Ext_dc68ee,PUR_IED_FeGarciaLo_Ext_dc68ee,,,,,
2026-09-12T08:51:10-05:00,PUR_IED_FeGarciaLo_SDanza_f70a59,PUR_IED_FeGarciaLo_SDanza_f70a59,,,,,
2026-09-12T08:51:10-05:00,PUR_IED_FeGarciaLo_SMusic_125cdd,PUR_IED_FeGarciaLo_SMusic_125cdd,,,,,
2026-09-12T08:51:10-05:00,PUR_IED_FederalAlema_Exte_50c345,PUR_IED_FederalAlema_Exte_50c345,,,,,
2026-09-12T08:51:10-05:00,PUR_IED_FederalAlema_S31_f18371,PUR_IED_FederalAlema_S31_f18371,,,,,
2026-09-12T08:51:10-05:00,PUR_IED_FederalAlema_S901_a62cd,PUR_IED_FederalAlema_S901_a62cd,,,,,
2026-09-12T08:51:10-05:00,PUR_IED_FilarmonicaS_A5_f35eb1,PUR_IED_FilarmonicaS_A5_f35eb1,,,,,
2026-09-12T08:51:10-05:00,PUR_IED_FilarmonicaS_Ext_8a3bde,PUR_IED_FilarmonicaS_Ext_8a3bde,,,,,
2026-09-12T08:51:10-05:00,PUR_IED_FilarmonicaS_Spol_406114,PUR_IED_FilarmonicaS_Spol_406114,,,,,
2026-09-12T08:51:10-05:00,PUR_IED_FlorentinoG_A13_d1fa59,PUR_IED_FlorentinoG_A13_d1fa59,,,,,
2026-09-12T08:51:10-05:00,PUR_IED_FlorentinoG_Ext_1ce6ce,PUR_IED_FlorentinoG_Ext_1ce6ce,,,,,
2026-09-12T08:51:10-05:00,PUR_IED_FlorentinoG_Idiom_a66aac,PUR_IED_FlorentinoG_Idiom_a66aac,,,,,
2026-09-12T08:51:10-05:00,PUR_IED_FranciscoMati_Ext_e3869d,PUR_IED_FranciscoMati_Ext_e3869d,,,,,
2026-09-12T08:51:10-05:00,PUR_IED_FranciscoMati_S13_f31c67,PUR_IED_FranciscoMati_S13_f31c67,,,,,
2026-09-12T08:51:10-05:00,PUR_IED_FranciscoMati_S14_97dead,PUR_IED_FranciscoMati_S14_97dead,,,,,
2026-09-12T08:51:10-05:00,PUR_IED_FranciscoPS_Ext_7bfa9a,PUR_IED_FranciscoPS_Ext_7bfa9a,2,20,59,4.5899,-74.110397
2026-09-12T08:51:10-05:00,PUR_IED_FranciscoPS_Infor_fb8f4c,PUR_IED_FranciscoPS_Infor_fb8f4c,,,,,
2026-09-12T08:51:10-05:00,PUR_IED_FranciscoPS_Quimi_94d39c,PUR_IED_FranciscoPS_Quimi_94d39c,,,,,
2026-09-12T08:51:10-05:00,PUR_IED_FranciscoP_LabQ_d7e148,PUR_IED_FranciscoP_LabQ_d7e148,,,,,
2026-09-12T08:51:10-05:00,PUR_IED_FranciscoP_S28_cf9b30,PUR_IED_FranciscoP_S28_cf9b30,,,,,
2026-09-12T08:51:10-05:00,PUR_IED_FranciscoP_ext_e2313,PUR_IED_FranciscoP_ext_e2313,,,,,
2026-09-12T08:51:10-05:00,PUR_IED_FriederichN_Ext_8ac92a,PUR_IED_FriederichN_Ext_8ac92a,,,,,
2026-09-12T08:51:10-05:00,PUR_IED_FriederichN_S301_dd7e5a,PUR_IED_FriederichN_S301_dd7e5a,,,,,
2026-09-12T08:51:10-05:00,PUR_IED_FriederichN_S308_761f4f,PUR_IED_FriederichN_S308_761f4f,,,,,
2026-09-12T08:51:10-05:00,PUR_IED_GSantander_Aula10_533dd7,PUR_IED_GSantander_Aula10_533dd7,,,,,
2026-09-12T08:51:10-05:00,PUR_IED_GSantander_Aula12_fd4e4f,PUR_IED_GSantander_Aula12_fd4e4f,,,,,
2026-09-12T08:51:10-05:00,PUR_IED_GSantander_Aula310_533dd7,PUR_IED_GSantander_Aula310_533dd7,,,,,
2026-09-12T08:51:10-05:00,PUR_IED_GSantander_Aula312_fd4e4f,PUR_IED_GSantander_Aula312_fd4e4f,,,,,
2026-09-12T08:51:10-05:00,PUR_IED_GSantander_Ext_5f66b0,PUR_IED_GSantander_Ext_5f66b0,,,,,
2026-09-12T08:51:10-05:00,PUR_IED_GYomasa_Ext_f6bea5,PUR_IED_GYomasa_Ext_f6bea5,,,,,
2026-09-12T08:51:10-05:00,PUR_IED_GYomasa_LBiol_2c41aa,PUR_IED_GYomasa_LBiol_2c41aa,,,,,
2026-09-12T08:51:10-05:00,PUR_IED_GYomasa_LQuim_33c80,PUR_IED_GYomasa_LQuim_33c80,,,,,
2026-09-12T08:51:10-05:00,PUR_IED_GabBetMejia_Cienc_5a99c,PUR_IED_GabBetMejia_Cienc_5a99c,,,,,
2026-09-12T08:51:10-05:00,PUR_IED_GabBetMejia_Ext_9153d0,PUR_IED_GabBetMejia_Ext_9153d0,,,,,
2026-09-12T08:51:10-05:00,PUR_IED_GabBetMejia_Lab_f55347,PUR_IED_GabBetMejia_Lab_f55347,,,,,
2026-09-12T08:51:10-05:00,PUR_IED_GabBetanMejia_Ext_9153d0,PUR_IED_GabBetanMejia_Ext_9153d0,,,,,
2026-09-12T08:51:10-05:00,PUR_IED_Gaitana_Aula13_7aac11,PUR_IED_Gaitana_Aula13_7aac11,,,,,
2026-09-12T08:51:10-05:00,PUR_IED_Gaitana_Ext_5fcf4,PUR_IED_Gaitana_Ext_5fcf4,,,,,
2026-09-12T08:51:10-05:00,PUR_IED_Gaitana_LabFisica_644448,PUR_IED_Gaitana_LabFisica_644448,,,,,
2026-09-12T08:51:10-05:00,PUR_IED_GenSantander_Dise_8ac858,PUR_IED_GenSantander_Dise_8ac858,,,,,
2026-09-12T08:51:10-05:00,PUR_IED_GenSantander_Ext_8d5dfe,PUR_IED_GenSantander_Ext_8d5dfe,,,,,
2026-09-12T08:51:10-05:00,PUR_IED_GenSantander_Info_6c25b,PUR_IED_GenSantander_Info_6c25b,,,,,
2026-09-12T08:51:10-05:00,PUR_IED_GustavoMo_Exterio_75e63d,PUR_IED_GustavoMo_Exterio_75e63d,,,,,
2026-09-12T08:51:10-05:00,PUR_IED_GustavoMo_LabFisi_224d37,PUR_IED_GustavoMo_LabFisi_224d37,,,,,
2026-09-12T08:51:10-05:00,PUR_IED_GustavoMo_S208_3e6918,PUR_IED_GustavoMo_S208_3e6918,,,,,
2026-09-12T08:51:10-05:00,PUR_IED_GustavoR_A02_8cd4a8,PUR_IED_GustavoR_A02_8cd4a8,,,,,
2026-09-12T08:51:10-05:00,PUR_IED_GustavoR_B11_5b0ed,PUR_IED_GustavoR_B11_5b0ed,,,,,
2026-09-12T08:51:10-05:00,PUR_IED_GustavoR_Ext_7a0c90,PUR_IED_GustavoR_Ext_7a0c90,,,,,
2026-09-12T08:51:10-05:00,PUR_IED_HernandoDuran_Ext_8cd82b,PUR_IED_HernandoDuran_Ext_8cd82b,,,,,
2026-09-12T08:51:10-05:00,PUR_IED_HernandoDuran_S24_2772c6,PUR_IED_HernandoDuran_S24_2772c6,,,,,
2026-09-12T08:51:10-05:00,PUR_IED_HernandoDuran_S30_f2de41,PUR_IED_HernandoDuran_S30_f2de41,,,,,
2026-09-12T08:51:10-05:00,PUR_IED_HolguInUr_S1101_8cd732,PUR_IED_HolguInUr_S1101_8cd732,,,,,
2026-09-12T08:51:10-05:00,PUR_IED_HolguinUr_Exter_ddae6d,PUR_IED_HolguinUr_Exter_ddae6d,,,,,
2026-09-12T08:51:10-05:00,PUR_IED_HolguinUr_LabQuim_92b952,PUR_IED_HolguinUr_LabQuim_92b952,,,,,
2026-09-12T08:51:10-05:00,PUR_IED_Isabel-II_Ext_5245cc,PUR_IED_Isabel-II_Ext_5245cc,2,18,60,4.6336,-74.153
2026-09-12T08:51:10-05:00,PUR_IED_Isabel-II_S_idiom_1c29aa,PUR_IED_Isabel-II_S_idiom_1c29aa,,,,,
2026-09-12T08:51:10-05:00,PUR_IED_Isabel-II_S_infor_fd741,PUR_IED_Isabel-II_S_infor_fd741,,,,,
2026-09-12T08:51:10-05:00,PUR_IED_IsidroSur_Exterio_5b90ea,PUR_IED_IsidroSur_Exterio_5b90ea,,,,,
2026-09-12T08:51:10-05:00,PUR_IED_IsidroSur_LabTec_56697a,PUR_IED_IsidroSur_LabTec_56697a,,,,,
2026-09-12T08:51:10-05:00,PUR_IED_IsidroSur_Robotic_b7c38f,PUR_IED_IsidroSur_Robotic_b7c38f,,,,,
2026-09-12T08:51:10-05:00,PUR_IED_IsmaelPerd_Ext_7b6672,PUR_IED_IsmaelPerd_Ext_7b6672,,,,,
2026-09-12T08:51:10-05:00,PUR_IED_IsmaelPerd_Inform_306540,PUR_IED_IsmaelPerd_Inform_306540,,,,,
2026-09-12T08:51:10-05:00,PUR_IED_IsmaelPerd_S30_2e2c83,PUR_IED_IsmaelPerd_S30_2e2c83,,,,,
2026-09-12T08:51:10-05:00,PUR_IED_JLozano_Exter_432910,PUR_IED_JLozano_Exter_432910,,,,,
2026-09-12T08:51:10-05:00,PUR_IED_JLozano_salaMulti_df5125,PUR_IED_JLozano_salaMulti_df5125,,,,,
2026-09-12T08:51:10-05:00,PUR_IED_JMCordoba_206_86f80b,PUR_IED_JMCordoba_206_86f80b,,,,,
2026-09-12T08:51:10-05:00,PUR_IED_JMCordoba_Ext_27ad97,PUR_IED_JMCordoba_Ext_27ad97,,,,,
2026-09-12T08:51:10-05:00,PUR_IED_JMCordoba_S310_d59ab4,PUR_IED_JMCordoba_S310_d59ab4,,,,,
2026-09-12T08:51:10-05:00,PUR_IED_Japon_Ext_549100,PUR_IED_Japon_Ext_549100,,,,,
2026-09-12T08:51:10-05:00,PUR_IED_Japon_Laboratorio_bec51d,PUR_IED_Japon_Laboratorio_bec51d,,,,,
2026-09-12T08:51:10-05:00,PUR_IED_Japon_informatica_d99327,PUR_IED_Japon_informatica_d99327,,,,,
2026-09-12T08:51:10-05:00,PUR_IED_Jazmin_Ext_d27bda,PUR_IED_Jazmin_Ext_d27bda,,,,,
2026-09-12T08:51:10-05:00,PUR_IED_Jazmin_Fisica_8d14d7,PUR_IED_Jazmin_Fisica_8d14d7,,,,,
2026-09-12T08:51:10-05:00,PUR_IED_Jazmin_Quimica_801cb5,PUR_IED_Jazmin_Quimica_801cb5,,,,,
2026-09-12T08:51:10-05:00,PUR_IED_JorgeGaitan_Exter_f098d1,PUR_IED_JorgeGaitan_Exter_f098d1,,,,,
2026-09-12T08:51:10-05:00,PUR_IED_JorgeGaitan_STec1_dc9d1d,PUR_IED_JorgeGaitan_STec1_dc9d1d,,,,,
2026-09-12T08:51:10-05:00,PUR_IED_JorgeGaitan_STec2_281e69,PUR_IED_JorgeGaitan_STec2_281e69,,,,,
2026-09-12T08:51:10-05:00,PUR_IED_JorgeSoto_Exterio_d9d0a2,PUR_IED_JorgeSoto_Exterio_d9d0a2,,,,,
2026-09-12T08:51:10-05:00,PUR_IED_JorgeSoto_LabFisi_209c54,PUR_IED_JorgeSoto_LabFisi_209c54,,,,,
2026-09-12T08:51:10-05:00,PUR_IED_JorgeSoto_S103_27b51a,PUR_IED_JorgeSoto_S103_27b51a,,,,,
2026-09-12T08:51:10-05:00,PUR_IED_JoseAcevedo_A02_e965eb,PUR_IED_JoseAcevedo_A02_e965eb,,,,,
2026-09-12T08:51:10-05:00,PUR_IED_JoseAcevedo_A07_dd5b4,PUR_IED_JoseAcevedo_A07_dd5b4,,,,,
2026-09-12T08:51:10-05:00,PUR_IED_JoseAcevedo_Ext_b47484,PUR_IED_JoseAcevedo_Ext_b47484,,,,,
2026-09-12T08:51:10-05:00,PUR_IED_JoseMarti_Exte_5b9bf,PUR_IED_JoseMarti_Exte_5b9bf,,,,,
2026-09-12T08:51:10-05:00,PUR_IED_JoseMarti_LabQuim_1c6c2d,PUR_IED_JoseMarti_LabQuim_1c6c2d,,,,,
2026-09-12T08:51:10-05:00,PUR_IED_JoseMarti_S_info_f5f177,PUR_IED_JoseMarti_S_info_f5f177,,,,,
2026-09-12T08:51:10-05:00,PUR_IED_Josejoaquin_Ext_dfc5dc,PUR_IED_Josejoaquin_Ext_dfc5dc,,,,,
2026-09-12T08:51:10-05:00,PUR_IED_Josejoaquin_S05_5b2a96,PUR_IED_Josejoaquin_S05_5b2a96,,,,,
2026-09-12T08:51:10-05:00,PUR_IED_Josejoaquin_S06_1ce7d2,PUR_IED_Josejoaquin_S06_1ce7d2,,,,,
2026-09-12T08:51:10-05:00,PUR_IED_JulioFlorez_Danza_9b82dd,PUR_IED_JulioFlorez_Danza_9b82dd,,,,,
2026-09-12T08:51:10-05:00,PUR_IED_JulioFlorez_Exter_f9f314,PUR_IED_JulioFlorez_Exter_f9f314,,,,,
2026-09-12T08:51:10-05:00,PUR_IED_JulioFlorez_info2_6b6e08,PUR_IED_JulioFlorez_info2_6b6e08,,,,,
2026-09-12T08:51:10-05:00,PUR_IED_LaBelleza_Aula13_1d00d8,PUR_IED_LaBelleza_Aula13_1d00d8,,,,,
2026-09-12T08:51:10-05:00,PUR_IED_LaBelleza_Ext_7bc08c,PUR_IED_LaBelleza_Ext_7bc08c,,,,,
2026-09-12T08:51:10-05:00,PUR_IED_LaChucua_Ext_8cd6d2,PUR_IED_LaChucua_Ext_8cd6d2,,,,,
2026-09-12T08:51:10-05:00,PUR_IED_LaChucua_S15_f578ce,PUR_IED_LaChucua_S15_f578ce,,,,,
2026-09-12T08:51:10-05:00,PUR_IED_LaChucua_S16_eebcf9,PUR_IED_LaChucua_S16_eebcf9,,,,,
2026-09-12T08:51:10-05:00,PUR_IED_LaFelicidad_Ext_fb5109,PUR_IED_LaFelicidad_Ext_fb5109,,,,,
2026-09-12T08:51:10-05:00,PUR_IED_LaMerced_206_66ebd,PUR_IED_LaMerced_206_66ebd,,,,,
2026-09-12T08:51:10-05:00,PUR_IED_LaMerced_207_6ebd6,PUR_IED_LaMerced_207_6ebd6,,,,,
2026-09-12T08:51:10-05:00,PUR_IED_LaMerced_ext_304311,PUR_IED_LaMerced_ext_304311,,,,,
2026-09-12T08:51:10-05:00,PUR_IED_Laureano_CiencNat_281e5e,PUR_IED_Laureano_CiencNat_281e5e,,,,,
2026-09-12T08:51:10-05:00,PUR_IED_Laureano_Comedor_f65c0a,PUR_IED_Laureano_Comedor_f65c0a,,,,,
2026-09-12T08:51:10-05:00,PUR_IED_Laureano_Exterior_7ab011,PUR_IED_Laureano_Exterior_7ab011,,,,,
2026-09-12T08:51:10-05:00,PUR_IED_LeonGreiff_Exte_dfe560,PUR_IED_LeonGreiff_Exte_dfe560,,,,,
2026-09-12T08:51:10-05:00,PUR_IED_LeonGreiff_S210_f264ed,PUR_IED_LeonGreiff_S210_f264ed,,,,,
2026-09-12T08:51:10-05:00,PUR_IED_LeonGreiff_SQuimi_e8296f,PUR_IED_LeonGreiff_SQuimi_e8296f,,,,,
2026-09-12T08:51:10-05:00,PUR_IED_LlanoOrientalS208_7b9fcd,PUR_IED_LlanoOrientalS208_7b9fcd,,,,,
2026-09-12T08:51:10-05:00,PUR_IED_LlanoOriental_Ext_fb3766,PUR_IED_LlanoOriental_Ext_fb3766,,,,,
2026-09-12T08:51:10-05:00,PUR_IED_LlanoOriental_S208_7b9fcd,PUR_IED_LlanoOriental_S208_7b9fcd,,,,,
2026-09-12T08:51:10-05:00,PUR_IED_LlanoOriental_S9_27b378,PUR_IED_LlanoOriental_S9_27b378,,,,,
2026-09-12T08:51:10-05:00,PUR_IED_LosTejares_1101_477602,PUR_IED_LosTejares_1101_477602,,,,,
2026-09-12T08:51:10-05:00,PUR_IED_LosTejares_11_d2c595,PUR_IED_LosTejares_11_d2c595,,,,,
2026-09-12T08:51:10-05:00,PUR_IED_LosTejares_12_477602,PUR_IED_LosTejares_12_477602,,,,,
2026-09-12T08:51:10-05:00,PUR_IED_LosTejares_Ext_8e2115,PUR_IED_LosTejares_Ext_8e2115,,,,,
2026-09-12T08:51:10-05:00,PUR_IED_MagdalenaO_B202_5ddda3,PUR_IED_MagdalenaO_B202_5ddda3,,,,,
2026-09-12T08:51:10-05:00,PUR_IED_MagdalenaO_B205_fb76e8,PUR_IED_MagdalenaO_B205_fb76e8,,,,,
2026-09-12T08:51:10-05:00,PUR_IED_MagdalenaO_ext_dc69cd,PUR_IED_MagdalenaO_ext_dc69cd,,,,,
2026-09-12T08:51:10-05:00,PUR_IED_ManueCepeda_artes_eee956,PUR_IED_ManueCepeda_artes_eee956,,,,,
2026-09-12T08:51:10-05:00,PUR_IED_ManuelCepeda_Ext_58313,PUR_IED_ManuelCepeda_Ext_58313,,,,,
2026-09-12T08:51:10-05:00,PUR_IED_ManuelCepeda_tec_1c5731,PUR_IED_ManuelCepeda_tec_1c5731,,,,,
2026-09-12T08:51:10-05:00,PUR_IED_ManuelS_Exterior_5b269,PUR_IED_ManuelS_Exterior_5b269,,,,,
2026-09-12T08:51:10-05:00,PUR_IED_ManuelS_Inform_f369ce,PUR_IED_ManuelS_Inform_f369ce,,,,,
2026-09-12T08:51:10-05:00,PUR_IED_ManuelS_SArtes_7d15f1,PUR_IED_ManuelS_SArtes_7d15f1,,,,,
2026-09-12T08:51:10-05:00,PUR_IED_ManuelZapata_303_3ca6,PUR_IED_ManuelZapata_303_3ca6,,,,,
2026-09-12T08:51:10-05:00,PUR_IED_ManuelZapata_311_bfbabc,PUR_IED_ManuelZapata_311_bfbabc,,,,,
2026-09-12T08:51:10-05:00,PUR_IED_ManuelZapata_Ext_50824a,PUR_IED_ManuelZapata_Ext_50824a,,,,,
2026-09-12T08:51:10-05:00,PUR_IED_ManuelitaS_Exteri_656a92,PUR_IED_ManuelitaS_Exteri_656a92,,,,,
2026-09-12T08:51:10-05:00,PUR_IED_ManuelitaS_JuzgDe_f58ec3,PUR_IED_ManuelitaS_JuzgDe_f58ec3,,,,,
2026-09-12T08:51:10-05:00,PUR_IED_ManuelitaS_Recrea_d793db,PUR_IED_ManuelitaS_Recrea_d793db,,,,,
2026-09-12T08:51:10-05:00,PUR_IED_MarFidSuarez_Ext_c27b19,PUR_IED_MarFidSuarez_Ext_c27b19,,,,,
2026-09-12T08:51:10-05:00,PUR_IED_MarFidSuarez_Info_e384d7,PUR_IED_MarFidSuarez_Info_e384d7,,,,,
2026-09-12T08:51:10-05:00,PUR_IED_MarFidSuarez_S306_1d0032,PUR_IED_MarFidSuarez_S306_1d0032,,,,,
2026-09-12T08:51:10-05:00,PUR_IED_Menorah_301_2a25a3,PUR_IED_Menorah_301_2a25a3,,,,,
2026-09-12T08:51:10-05:00,PUR_IED_Menorah_306_37ed3,PUR_IED_Menorah_306_37ed3,,,,,
2026-09-12T08:51:10-05:00,PUR_IED_Menorah_Ext_3e155b,PUR_IED_Menorah_Ext_3e155b,,,,,
2026-09-12T08:51:10-05:00,PUR_IED_MinutoB.Aires_A11_1b1604,PUR_IED_MinutoB.Aires_A11_1b1604,,,,,
2026-09-12T08:51:10-05:00,PUR_IED_MinutoB.Aires_A12_fb5860,PUR_IED_MinutoB.Aires_A12_fb5860,,,,,
2026-09-12T08:51:10-05:00,PUR_IED_MinutoB.Aires_Ext_81293f,PUR_IED_MinutoB.Aires_Ext_81293f,,,,,
2026-09-12T08:51:10-05:00,PUR_IED_MinutoBAires_A11_1b1604,PUR_IED_MinutoBAires_A11_1b1604,,,,,
2026-09-12T08:51:10-05:00,PUR_IED_MinutoBAires_A12_fb5860,PUR_IED_MinutoBAires_A12_fb5860,,,,,
2026-09-12T08:51:10-05:00,PUR_IED_MinutoBAires_Ext_81293f,PUR_IED_MinutoBAires_Ext_81293f,,,,,
2026-09-12T08:51:10-05:00,PUR_IED_Montreal_Aula10_1e4959,PUR_IED_Montreal_Aula10_1e4959,,,,,
2026-09-12T08:51:10-05:00,PUR_IED_Montreal_Aula6_300367,PUR_IED_Montreal_Aula6_300367,,,,,
2026-09-12T08:51:10-05:00,PUR_IED_Montreal_Exterior_91a179,PUR_IED_Montreal_Exterior_91a179,,,,,
2026-09-12T08:51:10-05:00,PUR_IED_Mqgdalena_B202_5ddda3,PUR_IED_Mqgdalena_B202_5ddda3,,,,,
2026-09-12T08:51:10-05:00,PUR_IED_NACUND_Soc_dc8728,PUR_IED_NACUND_Soc_dc8728,,,,,
2026-09-12T08:51:10-05:00,PUR_IED_NACUND_ext_27ad97,PUR_IED_NACUND_ext_27ad97,,,,,
2026-09-12T08:51:10-05:00,PUR_IED_NEsperanza_Ext_d24b61,PUR_IED_NEsperanza_Ext_d24b61,,,,,
2026-09-12T08:51:10-05:00,PUR_IED_NEsperanza_SElect_7d1807,PUR_IED_NEsperanza_SElect_7d1807,,,,,
2026-09-12T08:51:10-05:00,PUR_IED_NEsperanza_SLabor_8b2d0a,PUR_IED_NEsperanza_SLabor_8b2d0a,,,,,
2026-09-12T08:51:10-05:00,PUR_IED_NacionesU_Ext_f661a9,PUR_IED_NacionesU_Ext_f661a9,,,,,
2026-09-12T08:51:10-05:00,PUR_IED_NacionesU_Quimica_66f0a,PUR_IED_NacionesU_Quimica_66f0a,,,,,
2026-09-12T08:51:10-05:00,PUR_IED_NacionesU_S306_1b4b3d,PUR_IED_NacionesU_S306_1b4b3d,,,,,
2026-09-12T08:51:10-05:00,PUR_IED_NestorFA_Ext_e4201c,PUR_IED_NestorFA_Ext_e4201c,,,,,
2026-09-12T08:51:10-05:00,PUR_IED_NestorFA_Laborato_f22fe0,PUR_IED_NestorFA_Laborato_f22fe0,,,,,
2026-09-12T08:51:10-05:00,PUR_IED_NestorFA_S204_dee996,PUR_IED_NestorFA_S204_dee996,,,,,
2026-09-12T08:51:10-05:00,PUR_IED_NidyaQT_Aula03_76999b,PUR_IED_NidyaQT_Aula03_76999b,,,,,
2026-09-12T08:51:10-05:00,PUR_IED_NidyaQT_Aula10_56325,PUR_IED_NidyaQT_Aula10_56325,,,,,
2026-09-12T08:51:10-05:00,PUR_IED_NidyaQT_Ext_46e32d,PUR_IED_NidyaQT_Ext_46e32d,,,,,
2026-09-12T08:51:10-05:00,PUR_IED_NuevaCol_Exterior_d9b859,PUR_IED_NuevaCol_Exterior_d9b859,,,,,
2026-09-12T08:51:10-05:00,PUR_IED_NuevaCol_S1101_76c43b,PUR_IED_NuevaCol_S1101_76c43b,,,,,
2026-09-12T08:51:10-05:00,PUR_IED_NuevaCol_S1102_1ce0b5,PUR_IED_NuevaCol_S1102_1ce0b5,,,,,
2026-09-12T08:51:10-05:00,PUR_IED_OEA_A202_f7e3f2,PUR_IED_OEA_A202_f7e3f2,,,,,
2026-09-12T08:51:10-05:00,PUR_IED_OEA_A203_7d1b8d,PUR_IED_OEA_A203_7d1b8d,,,,,
2026-09-12T08:51:10-05:00,PUR_IED_OEA_Ext_27b593,PUR_IED_OEA_Ext_27b593,,,,,
2026-09-12T08:51:10-05:00,PUR_IED_Ochoa_Ext_1c29da,PUR_IED_Ochoa_Ext_1c29da,,,,,
2026-09-12T08:51:10-05:00,PUR_IED_Ochoa_S205_8b1121,PUR_IED_Ochoa_S205_8b1121,,,,,
2026-09-12T08:51:10-05:00,PUR_IED_Ochoa_Sistemas_f33af6,PUR_IED_Ochoa_Sistemas_f33af6,,,,,
2026-09-12T08:51:10-05:00,PUR_IED_PQuebec_Ext_1c67c7,PUR_IED_PQuebec_Ext_1c67c7,,,,,
2026-09-12T08:51:10-05:00,PUR_IED_PQuebec_S15_23e8e2,PUR_IED_PQuebec_S15_23e8e2,,,,,
2026-09-12T08:51:10-05:00,PUR_IED_PQuebec_S16_8ec76b,PUR_IED_PQuebec_S16_8ec76b,,,,,
2026-09-12T08:51:10-05:00,PUR_IED_PabloN_Ext_49dc96,PUR_IED_PabloN_Ext_49dc96,,,,,
2026-09-12T08:51:10-05:00,PUR_IED_PabloN_S1102_4e3df5,PUR_IED_PabloN_S1102_4e3df5,,,,,
2026-09-12T08:51:10-05:00,PUR_IED_PabloN_S1103_50c94b,PUR_IED_PabloN_S1103_50c94b,,,,,
2026-09-12T08:51:10-05:00,PUR_IED_Palestina_S1101_db9198,PUR_IED_Palestina_S1101_db9198,,,,,
2026-09-12T08:51:10-05:00,PUR_IED_Palestina_S1102_dc54fa,PUR_IED_Palestina_S1102_dc54fa,,,,,
2026-09-12T08:51:10-05:00,PUR_IED_Palestina_ext_4ccce6,PUR_IED_Palestina_ext_4ccce6,,,,,
2026-09-12T08:51:10-05:00,PUR_IED_Panama_Fisica_4d0794,PUR_IED_Panama_Fisica_4d0794,,,,,
2026-09-12T08:51:10-05:00,PUR_IED_Panama_SIngles_a4077e,PUR_IED_Panama_SIngles_a4077e,,,,,
2026-09-12T08:51:10-05:00,PUR_IED_Panama_ext_4c54b4,PUR_IED_Panama_ext_4c54b4,,,,,
2026-09-12T08:51:10-05:00,PUR_IED_ParaisoM_Exterior_8cd7f0,PUR_IED_ParaisoM_Exterior_8cd7f0,,,,,
2026-09-12T08:51:10-05:00,PUR_IED_ParaisoM_Laborato_27af35,PUR_IED_ParaisoM_Laborato_27af35,,,,,
2026-09-12T08:51:10-05:00,PUR_IED_ParaisoM_S304_d1edca,PUR_IED_ParaisoM_S304_d1edca,,,,,
2026-09-12T08:51:10-05:00,PUR_IED_PorfirioBarba_Ext_301466,PUR_IED_PorfirioBarba_Ext_301466,,,,,
2026-09-12T08:51:10-05:00,PUR_IED_PorfirioBarba_S11_df6cd2,PUR_IED_PorfirioBarba_S11_df6cd2,,,,,
2026-09-12T08:51:10-05:00,PUR_IED_PorfirioBarba_S29_27a7d6,PUR_IED_PorfirioBarba_S29_27a7d6,,,,,
2026-09-12T08:51:10-05:00,PUR_IED_PradoV_Exter_8b27ad,PUR_IED_PradoV_Exter_8b27ad,,,,,
2026-09-12T08:51:10-05:00,PUR_IED_PradoV_S301_de65b5,PUR_IED_PradoV_S301_de65b5,,,,,
2026-09-12T08:51:10-05:00,PUR_IED_PradoV_S302_7d2593,PUR_IED_PradoV_S302_7d2593,,,,,
2026-09-12T08:51:10-05:00,PUR_IED_QuirogaAlz_Ext_1ddc82,PUR_IED_QuirogaAlz_Ext_1ddc82,,,,,
2026-09-12T08:51:10-05:00,PUR_IED_QuirogaAlz_S302_9926a3,PUR_IED_QuirogaAlz_S302_9926a3,,,,,
2026-09-12T08:51:10-05:00,PUR_IED_QuirogaAlz_S305_cdf1f1,PUR_IED_QuirogaAlz_S305_cdf1f1,,,,,
2026-09-12T08:51:10-05:00,PUR_IED_RGuatemala_Biling_dc53b7,PUR_IED_RGuatemala_Biling_dc53b7,,,,,
2026-09-12T08:51:10-05:00,PUR_IED_RGuatemala_Ext_1b89a3,PUR_IED_RGuatemala_Ext_1b89a3,,,,,
2026-09-12T08:51:10-05:00,PUR_IED_RGuatemala_Tecnol_281a34,PUR_IED_RGuatemala_Tecnol_281a34,,,,,
2026-09-12T08:51:10-05:00,PUR_IED_RafaNu_Ext_f7c302,PUR_IED_RafaNu_Ext_f7c302,,,,,
2026-09-12T08:51:10-05:00,PUR_IED_RafaNu_S1101_25fde,PUR_IED_RafaNu_S1101_25fde,,,,,
2026-09-12T08:51:10-05:00,PUR_IED_RafaNu_S1102_281517,PUR_IED_RafaNu_S1102_281517,,,,,
2026-09-12T08:51:10-05:00,PUR_IED_RafaelB_S305_ee2783,PUR_IED_RafaelB_S305_ee2783,,,,,
2026-09-12T08:51:10-05:00,PUR_IED_RafaelB_S306_75fe33,PUR_IED_RafaelB_S306_75fe33,,,,,
2026-09-12T08:51:10-05:00,PUR_IED_RafaelB_ext_283336,PUR_IED_RafaelB_ext_283336,2,19,59,4.6722,-74.0737
2026-09-12T08:51:10-05:00,PUR_IED_RafaelUU_Exterior_281a51,PUR_IED_RafaelUU_Exterior_281a51,,,,,
2026-09-12T08:51:10-05:00,PUR_IED_RafaelUU_Human_806b2,PUR_IED_RafaelUU_Human_806b2,,,,,
2026-09-12T08:51:10-05:00,PUR_IED_RafaelUU_Mate2_5680d4,PUR_IED_RafaelUU_Mate2_5680d4,,,,,
2026-09-12T08:51:10-05:00,PUR_IED_RamonSub_Ext_f9eeb9,PUR_IED_RamonSub_Ext_f9eeb9,,,,,
2026-09-12T08:51:10-05:00,PUR_IED_RamonSub_Media_d1f62f,PUR_IED_RamonSub_Media_d1f62f,,,,,
2026-09-12T08:51:10-05:00,PUR_IED_RamonSub_planta_51b82,PUR_IED_RamonSub_planta_51b82,,,,,
2026-09-12T08:51:10-05:00,PUR_IED_RepBoliVene_Exter_27af7c,PUR_IED_RepBoliVene_Exter_27af7c,,,,,
2026-09-12T08:51:10-05:00,PUR_IED_RepBoliVene_SCPT_5ae2ee,PUR_IED_RepBoliVene_SCPT_5ae2ee,,,,,
2026-09-12T08:51:10-05:00,PUR_IED_RepBoliVene_Socia_4b11d5,PUR_IED_RepBoliVene_Socia_4b11d5,,,,,
2026-09-12T08:51:10-05:00,PUR_IED_RepChina_Ext_76d9ee,PUR_IED_RepChina_Ext_76d9ee,,,,,
2026-09-12T08:51:10-05:00,PUR_IED_RepChina_S404_7c804c,PUR_IED_RepChina_S404_7c804c,,,,,
2026-09-12T08:51:10-05:00,PUR_IED_RepChina_S405_df2c33,PUR_IED_RepChina_S405_df2c33,,,,,
2026-09-12T08:51:10-05:00,PUR_IED_RepublicaC_Exteri_7d1ec9,PUR_IED_RepublicaC_Exteri_7d1ec9,,,,,
2026-09-12T08:51:10-05:00,PUR_IED_RepublicaC_S1101_f544b3,PUR_IED_RepublicaC_S1101_f544b3,,,,,
2026-09-12T08:51:10-05:00,PUR_IED_RepublicaC_S1102_7aafc7,PUR_IED_RepublicaC_S1102_7aafc7,,,,,
2026-09-12T08:51:10-05:00,PUR_IED_Ricaurte_Externo_a0ea1,PUR_IED_Ricaurte_Externo_a0ea1,,,,,
2026-09-12T08:51:10-05:00,PUR_IED_Ricaurte_S210_f546fd,PUR_IED_Ricaurte_S210_f546fd,,,,,
2026-09-12T08:51:10-05:00,PUR_IED_Ricaurte_S309_d4452,PUR_IED_Ricaurte_S309_d4452,,,,,
2026-09-12T08:51:10-05:00,PUR_IED_RogelioS_1102_531e69,PUR_IED_RogelioS_1102_531e69,,,,,
2026-09-12T08:51:10-05:00,PUR_IED_RogelioS_Ext_f25a18,PUR_IED_RogelioS_Ext_f25a18,,,,,
2026-09-12T08:51:10-05:00,PUR_IED_SBernardino_Ext_27aff8,PUR_IED_SBernardino_Ext_27aff8,,,,,
2026-09-12T08:51:10-05:00,PUR_IED_SBernardino_SArte_2ffd33,PUR_IED_SBernardino_SArte_2ffd33,,,,,
2026-09-12T08:51:10-05:00,PUR_IED_SBernardino_SIngl_7c7da5,PUR_IED_SBernardino_SIngl_7c7da5,,,,,
2026-09-12T08:51:10-05:00,PUR_IED_Sago_auditorio_dc9d1d,PUR_IED_Sago_auditorio_dc9d1d,,,,,
2026-09-12T08:51:10-05:00,PUR_IED_Saludcoop_Ext_95aac3,PUR_IED_Saludcoop_Ext_95aac3,,,,,
2026-09-12T08:51:10-05:00,PUR_IED_Saludcoop_InfI_90c854,PUR_IED_Saludcoop_InfI_90c854,,,,,
2026-09-12T08:51:10-05:00,PUR_IED_Saludcoop_SMedia_1b93be,PUR_IED_Saludcoop_SMedia_1b93be,,,,,
2026-09-12T08:51:10-05:00,PUR_IED_SanCarlos_1101_1a2360,PUR_IED_SanCarlos_1101_1a2360,,,,,
2026-09-12T08:51:10-05:00,PUR_IED_SanCarlos_1103_7bafb5,PUR_IED_SanCarlos_1103_7bafb5,,,,,
2026-09-12T08:51:10-05:00,PUR_IED_SanCarlos_Ext_b7cd1,PUR_IED_SanCarlos_Ext_b7cd1,,,,,
2026-09-12T08:51:10-05:00,PUR_IED_SanIgnacioBosa11a_50c26e,PUR_IED_SanIgnacioBosa11a_50c26e,,,,,
2026-09-12T08:51:10-05:00,PUR_IED_SanIgnacioBosa11b_371de8,PUR_IED_SanIgnacioBosa11b_371de8,,,,,
2026-09-12T08:51:10-05:00,PUR_IED_SanIgnacioBosaExt_ef0ffc,PUR_IED_SanIgnacioBosaExt_ef0ffc,,,,,
2026-09-12T08:51:10-05:00,PUR_IED_SanIgnacioBosa_11a_50c26e,PUR_IED_SanIgnacioBosa_11a_50c26e,,,,,
2026-09-12T08:51:10-05:00,PUR_IED_SanIgnacioBosa_Ext_ef0ffc,PUR_IED_SanIgnacioBosa_Ext_ef0ffc,,,,,
2026-09-12T08:51:10-05:00,PUR_IED_SanJoseN_intS1101_31c47f,PUR_IED_SanJoseN_intS1101_31c47f,,,,,
2026-09-12T08:51:10-05:00,PUR_IED_SanJoseUsm_Exter_f5d7e8,PUR_IED_SanJoseUsm_Exter_f5d7e8,,,,,
2026-09-12T08:51:10-05:00,PUR_IED_SanJoseUsm_Int11A_cfdef6,PUR_IED_SanJoseUsm_Int11A_cfdef6,,,,,
2026-09-12T08:51:10-05:00,PUR_IED_SilveriaR_IntB5_905349,PUR_IED_SilveriaR_IntB5_905349,,,,,
2026-09-12T08:51:10-05:00,PUR_IED_SilveriaR_IntSD14_981f93,PUR_IED_SilveriaR_IntSD14_981f93,,,,,
2026-09-12T08:51:10-05:00,PUR_IED_SilveriaR_ext_2b651d,PUR_IED_SilveriaR_ext_2b651d,,,,,
2026-09-12T08:51:10-05:00,PUR_IED_SimonB_Exterior_913975,PUR_IED_SimonB_Exterior_913975,,,,,
2026-09-12T08:51:10-05:00,PUR_IED_SimonB_LabQuimi_c56908,PUR_IED_SimonB_LabQuimi_c56908,,,,,
2026-09-12T08:51:10-05:00,PUR_IED_SimonB_informatic_a28c1,PUR_IED_SimonB_informatic_a28c1,,,,,
2026-09-12T08:51:10-05:00,PUR_IED_Sorrento_1102_315f50,PUR_IED_Sorrento_1102_315f50,,,,,
2026-09-12T08:51:10-05:00,PUR_IED_Sorrento_Minte_214eab,PUR_IED_Sorrento_Minte_214eab,,,,,
2026-09-12T08:51:10-05:00,PUR_IED_Sorrento_ext_7c3a0a,PUR_IED_Sorrento_ext_7c3a0a,,,,,
2026-09-12T08:51:10-05:00,PUR_IED_Tabora_Ext_f048ae,PUR_IED_Tabora_Ext_f048ae,,,,,
2026-09-12T08:51:10-05:00,PUR_IED_Tabora_S1102_b07752,PUR_IED_Tabora_S1102_b07752,,,,,
2026-09-12T08:51:10-05:00,PUR_IED_Tabora_S1103_d988f5,PUR_IED_Tabora_S1103_d988f5,,,,,
2026-09-12T08:51:10-05:00,PUR_IED_Tenerife_Ext_1ab188,PUR_IED_Tenerife_Ext_1ab188,,,,,
2026-09-12T08:51:10-05:00,PUR_IED_Tenerife_SDanzas_7bc02e,PUR_IED_Tenerife_SDanzas_7bc02e,,,,,
2026-09-12T08:51:10-05:00,PUR_IED_Tenerife_SIngles_7cc277,PUR_IED_Tenerife_SIngles_7cc277,,,,,
2026-09-12T08:51:10-05:00,PUR_IED_Tibabuyes_Exter_f2683d,PUR_IED_Tibabuyes_Exter_f2683d,,,,,
2026-09-12T08:51:10-05:00,PUR_IED_Tibabuyes_S10_dc87a8,PUR_IED_Tibabuyes_S10_dc87a8,,,,,
2026-09-12T08:51:10-05:00,PUR_IED_Tibabuyes_S15_dc0526,PUR_IED_Tibabuyes_S15_dc0526,,,,,
2026-09-12T08:51:10-05:00,PUR_IED_UnionE_S301_a1043,PUR_IED_UnionE_S301_a1043,,,,,
2026-09-12T08:51:10-05:00,PUR_IED_UnionE_S307_ff6c2f,PUR_IED_UnionE_S307_ff6c2f,,,,,
2026-09-12T08:51:10-05:00,PUR_IED_UnionE__Ext_5e2468,PUR_IED_UnionE__Ext_5e2468,,,,,
2026-09-12T08:51:10-05:00,PUR_IED_VillaRica_Ext_75be7c,PUR_IED_VillaRica_Ext_75be7c,,,,,
2026-09-12T08:51:10-05:00,PUR_IED_VillaRica_S4_cc5dcd,PUR_IED_VillaRica_S4_cc5dcd,,,,,
2026-09-12T08:51:10-05:00,PUR_IED_VillaRica_Sesp_99f5c,PUR_IED_VillaRica_Sesp_99f5c,,,,,
2026-09-12T08:56:07-05:00,PUR_IED_20deJulio_1101_91b1b9,PUR_IED_20deJulio_1101_91b1b9,,,,,
2026-09-12T08:56:07-05:00,PUR_IED_20deJulio_1102_1cfcf9,PUR_IED_20deJulio_1102_1cfcf9,,,,,
2026-09-12T08:56:07-05:00,PUR_IED_20deJulio_Ext_ab60bd,PUR_IED_20deJulio_Ext_ab60bd,,,,,
2026-09-12T08:56:07-05:00,PUR_IED_AgustinFer_Ext_7b9b77,PUR_IED_AgustinFer_Ext_7b9b77,,,,,
2026-09-12T08:56:07-05:00,PUR_IED_AgustinFer_Info2_27b3a7,PUR_IED_AgustinFer_Info2_27b3a7,,,,,
2026-09-12T08:56:07-05:00,PUR_IED_AgustinFer_Sena_54b4eb,PUR_IED_AgustinFer_Sena_54b4eb,,,,,
2026-09-12T08:56:07-05:00,PUR_IED_AlexanderF_1102_caf07b,PUR_IED_AlexanderF_1102_caf07b,,,,,
2026-09-12T08:56:07-05:00,PUR_IED_AlexanderF_1103_c79e71,PUR_IED_AlexanderF_1103_c79e71,,,,,
2026-09-12T08:56:07-05:00,PUR_IED_AlexanderF_Ext_c5b18b,PUR_IED_AlexanderF_Ext_c5b18b,,,,,
2026-09-12T08:56:07-05:00,PUR_IED_AlfonsoLopez_Ext_281d77,PUR_IED_AlfonsoLopez_Ext_281d77,,,,,
2026-09-12T08:56:07-05:00,PUR_IED_AlfonsoLopez_LabF_888ce0,PUR_IED_AlfonsoLopez_LabF_888ce0,,,,,
2026-09-12T08:56:07-05:00,PUR_IED_AlfonsoLopez_SMed_df6a7f,PUR_IED_AlfonsoLopez_SMed_df6a7f,,,,,
2026-09-12T08:56:07-05:00,PUR_IED_AltamiraSO_A2_209f92,PUR_IED_AltamiraSO_A2_209f92,,,,,
2026-09-12T08:56:07-05:00,PUR_IED_AltamiraSO_Ext_186d66,PUR_IED_AltamiraSO_Ext_186d66,,,,,
2026-09-12T08:56:07-05:00,PUR_IED_AltamiraSO_Sistem_27afe1,PUR_IED_AltamiraSO_Sistem_27afe1,,,,,
2026-09-12T08:56:07-05:00,PUR_IED_AlvaroGom_LabQuim_813179,PUR_IED_AlvaroGom_LabQuim_813179,,,,,
2026-09-12T08:56:07-05:00,PUR_IED_AlvaroGomez_Ext_47c7ca,PUR_IED_AlvaroGomez_Ext_47c7ca,,,,,
2026-09-12T08:56:07-05:00,PUR_IED_AlvaroGomez_LabQuim_813179,PUR_IED_AlvaroGomez_LabQuim_813179,,,,,
2026-09-12T08:56:07-05:00,PUR_IED_AlvaroGomez_S23_7ba89f,PUR_IED_AlvaroGomez_S23_7ba89f,,,,,
2026-09-12T08:56:07-05:00,PUR_IED_Amistad_306_dc8728,PUR_IED_Amistad_306_dc8728,,,,,
2026-09-12T08:56:07-05:00,PUR_IED_Amistad_Ext_8cd55e,PUR_IED_Amistad_Ext_8cd55e,,,,,
2026-09-12T08:56:07-05:00,PUR_IED_Amistad_S202_a41169,PUR_IED_Amistad_S202_a41169,,,,,
2026-09-12T08:56:07-05:00,PUR_IED_AndresBello_Bio_fd5f5e,PUR_IED_AndresBello_Bio_fd5f5e,,,,,
2026-09-12T08:56:07-05:00,PUR_IED_AndresBello_ext_dcad65,PUR_IED_AndresBello_ext_dcad65,,,,,
2026-09-12T08:56:07-05:00,PUR_IED_AndresBello_port_eed3ec,PUR_IED_AndresBello_port_eed3ec,,,,,
2026-09-12T08:56:07-05:00,PUR_IED_AngelaR_11b_d90a6b,PUR_IED_AngelaR_11b_d90a6b,,,,,
2026-09-12T08:56:07-05:00,PUR_IED_AngelaR_ext_7cad3e,PUR_IED_AngelaR_ext_7cad3e,4,18,68,4.5825,-74.164497
2026-09-12T08:56:07-05:00,PUR_IED_AntJoseSucre_10mo_df2575,PUR_IED_AntJoseSucre_10mo_df2575,,,,,
2026-09-12T08:56:07-05:00,PUR_IED_AntJoseSucre_Ext_215b36,PUR_IED_AntJoseSucre_Ext_215b36,,,,,
2026-09-12T08:56:07-05:00,PUR_IED_AntJoseSucre_Lab_3139de,PUR_IED_AntJoseSucre_Lab_3139de,,,,,
2026-09-12T08:56:07-05:00,PUR_IED_AntonioGarcia_301_d6b188,PUR_IED_AntonioGarcia_301_d6b188,,,,,
2026-09-12T08:56:07-05:00,PUR_IED_AntonioGarcia_302_88a82,PUR_IED_AntonioGarcia_302_88a82,,,,,
2026-09-12T08:56:07-05:00,PUR_IED_AntonioGarcia_Ext_20950c,PUR_IED_AntonioGarcia_Ext_20950c,,,,,
2026-09-12T08:56:07-05:00,PUR_IED_AntonioVan_Aula2_6dea02,PUR_IED_AntonioVan_Aula2_6dea02,,,,,
2026-09-12T08:56:07-05:00,PUR_IED_AntonioVan_Aula5_f1557e,PUR_IED_AntonioVan_Aula5_f1557e,,,,,
2026-09-12T08:56:07-05:00,PUR_IED_AntonioVan_Ext_406f2f,PUR_IED_AntonioVan_Ext_406f2f,,,,,
2026-09-12T08:56:07-05:00,PUR_IED_Atabanzha_Ext_cc5af9,PUR_IED_Atabanzha_Ext_cc5af9,,,,,
2026-09-12T08:56:07-05:00,PUR_IED_Atabanzha_SA101_56c37,PUR_IED_Atabanzha_SA101_56c37,,,,,
2026-09-12T08:56:07-05:00,PUR_IED_Atabanzha_SB302_27b374,PUR_IED_Atabanzha_SB302_27b374,,,,,
2026-09-12T08:56:07-05:00,PUR_IED_Atahualpa_Ext_fc1748,PUR_IED_Atahualpa_Ext_fc1748,,,,,
2026-09-12T08:56:07-05:00,PUR_IED_Atahualpa_Informa_dc9a95,PUR_IED_Atahualpa_Informa_dc9a95,,,,,
2026-09-12T08:56:07-05:00,PUR_IED_Atahualpa_S1101_f98056,PUR_IED_Atahualpa_S1101_f98056,,,,,
2026-09-12T08:56:07-05:00,PUR_IED_Bellavista_Ext_f5aa74,PUR_IED_Bellavista_Ext_f5aa74,,,,,
2026-09-12T08:56:07-05:00,PUR_IED_Bilbao_11A_916c41,PUR_IED_Bilbao_11A_916c41,,,,,
2026-09-12T08:56:07-05:00,PUR_IED_Bilbao_Ext_fb579a,PUR_IED_Bilbao_Ext_fb579a,,,,,
2026-09-12T08:56:07-05:00,PUR_IED_BrasiliaU_A125_304280,PUR_IED_BrasiliaU_A125_304280,,,,,
2026-09-12T08:56:07-05:00,PUR_IED_BrasiliaU_A203_7c8ca5,PUR_IED_BrasiliaU_A203_7c8ca5,,,,,
2026-09-12T08:56:07-05:00,PUR_IED_BrasiliaU_Ext_8d6e9f,PUR_IED_BrasiliaU_Ext_8d6e9f,5,17,68,4.5175,-74.116302
2026-09-12T08:56:07-05:00,PUR_IED_Brasilia_Ext_fe6593,PUR_IED_Brasilia_Ext_fe6593,,,,,
2026-09-12T08:56:07-05:00,PUR_IED_Brasilia_S24_7c130d,PUR_IED_Brasilia_S24_7c130d,,,,,
2026-09-12T08:56:07-05:00,PUR_IED_Brasilia_S501_186a54,PUR_IED_Brasilia_S501_186a54,,,,,
2026-09-12T08:56:07-05:00,PUR_IED_CHARRY_EXT_f1d5cd,PUR_IED_CHARRY_EXT_f1d5cd,,,,,
2026-09-12T08:56:07-05:00,PUR_IED_CHARRY_INTDANZAS_7a08e6,PUR_IED_CHARRY_INTDANZAS_7a08e6,,,,,
2026-09-12T08:56:07-05:00,PUR_IED_CHARRY_INT_AULA20_dc998d,PUR_IED_CHARRY_INT_AULA20_dc998d,,,,,
2026-09-12T08:56:07-05:00,PUR_IED_COLVIV_1101_S25_7f520a,PUR_IED_COLVIV_1101_S25_7f520a,,,,,
2026-09-12T08:56:07-05:00,PUR_IED_COLVIV_1102_S16_f570ba,PUR_IED_COLVIV_1102_S16_f570ba,,,,,
2026-09-12T08:56:07-05:00,PUR_IED_COLVIV_Ext_1a26fa,PUR_IED_COLVIV_Ext_1a26fa,,,,,
2026-09-12T08:56:07-05:00,PUR_IED_CULPOP_301A_f660f3,PUR_IED_CULPOP_301A_f660f3,,,,,
2026-09-12T08:56:07-05:00,PUR_IED_CULPOP_303_568afe,PUR_IED_CULPOP_303_568afe,,,,,
2026-09-12T08:56:07-05:00,PUR_IED_CULPOP_Ext_e02ccb,PUR_IED_CULPOP_Ext_e02ccb,,,,,
2026-09-12T08:56:07-05:00,PUR_IED_CVillavicen_Ext_26eb58,PUR_IED_CVillavicen_Ext_26eb58,6,15,81,4.487,-74.102798
2026-09-12T08:56:07-05:00,PUR_IED_CVillavicen_Intel_1ce5c2,PUR_IED_CVillavicen_Intel_1ce5c2,,,,,
2026-09-12T08:56:07-05:00,PUR_IED_CVillavicen_Poliv_e0766c,PUR_IED_CVillavicen_Poliv_e0766c,,,,,
2026-09-12T08:56:07-05:00,PUR_IED_CVillavicen_int_1ba140,PUR_IED_CVillavicen_int_1ba140,,,,,
2026-09-12T08:56:07-05:00,PUR_IED_CVillavicen_intel_1ba140,PUR_IED_CVillavicen_intel_1ba140,,,,,
2026-09-12T08:56:07-05:00,PUR_IED_CarlosPizarro_Ext_e307cc,PUR_IED_CarlosPizarro_Ext_e307cc,,,,,
2026-09-12T08:56:07-05:00,PUR_IED_CarlosPizarro_L36_7e5cdb,PUR_IED_CarlosPizarro_L36_7e5cdb,,,,,
2026-09-12T08:56:07-05:00,PUR_IED_CarlosPizarro_L37_c8566c,PUR_IED_CarlosPizarro_L37_c8566c,,,,,
2026-09-12T08:56:07-05:00,PUR_IED_Castilla_Ext_cf35f,PUR_IED_Castilla_Ext_cf35f,,,,,
2026-09-12T08:56:07-05:00,PUR_IED_Castilla_SFisik_360e38,PUR_IED_Castilla_SFisik_360e38,,,,,
2026-09-12T08:56:07-05:00,PUR_IED_Castilla_Sc304_496fbf,PUR_IED_Castilla_Sc304_496fbf,,,,,
2026-09-12T08:56:07-05:00,PUR_IED_CervantesSa_Ext_6b57b,PUR_IED_CervantesSa_Ext_6b57b,4,17,77,4.5128,-74.117203
2026-09-12T08:56:07-05:00,PUR_IED_CervantesSa_S107_225c2b,PUR_IED_CervantesSa_S107_225c2b,,,,,
2026-09-12T08:56:07-05:00,PUR_IED_CervantesSa_S108_940925,PUR_IED_CervantesSa_S108_940925,,,,,
2026-09-12T08:56:07-05:00,PUR_IED_Charry_A20_f53e7c,PUR_IED_Charry_A20_f53e7c,,,,,
2026-09-12T08:56:07-05:00,PUR_IED_Charry_Ext_f1d5cd,PUR_IED_Charry_Ext_f1d5cd,,,,,
2026-09-12T08:56:07-05:00,PUR_IED_Charry_IntAula20_dc998d,PUR_IED_Charry_IntAula20_dc998d,,,,,
2026-09-12T08:56:07-05:00,PUR_IED_Charry_IntDanzas_7a08e6,PUR_IED_Charry_IntDanzas_7a08e6,,,,,
2026-09-12T08:56:07-05:00,PUR_IED_ClememciaC_203_43e2fc,PUR_IED_ClememciaC_203_43e2fc,,,,,
2026-09-12T08:56:07-05:00,PUR_IED_ClememciaC_Ext_1b411a,PUR_IED_ClememciaC_Ext_1b411a,,,,,
2026-09-12T08:56:07-05:00,PUR_IED_ClememciaC_Quimic_44b5fc,PUR_IED_ClememciaC_Quimic_44b5fc,,,,,
2026-09-12T08:56:07-05:00,PUR_IED_ClemenciaC_203_43e2fc,PUR_IED_ClemenciaC_203_43e2fc,,,,,
2026-09-12T08:56:07-05:00,PUR_IED_ClemenciaC_Ext_1b411a,PUR_IED_ClemenciaC_Ext_1b411a,,,,,
2026-09-12T08:56:07-05:00,PUR_IED_ClemenciaC_Quimic_44b5fc,PUR_IED_ClemenciaC_Quimic_44b5fc,,,,,
2026-09-12T08:56:07-05:00,PUR_IED_ColViva_1101_S25_7f520a,PUR_IED_ColViva_1101_S25_7f520a,,,,,
2026-09-12T08:56:07-05:00,PUR_IED_ColViva_1102_S16_f570ba,PUR_IED_ColViva_1102_S16_f570ba,,,,,
2026-09-12T08:56:07-05:00,PUR_IED_ColViva_Ext_1a26fa,PUR_IED_ColViva_Ext_1a26fa,,,,,
2026-09-12T08:56:07-05:00,PUR_IED_ColegioBici_Asist_7c8798,PUR_IED_ColegioBici_Asist_7c8798,,,,,
2026-09-12T08:56:07-05:00,PUR_IED_ColegioBici_Ext_25cbf6,PUR_IED_ColegioBici_Ext_25cbf6,,,,,
2026-09-12T08:56:07-05:00,PUR_IED_ColegioBici_LabQ_7b57db,PUR_IED_ColegioBici_LabQ_7b57db,,,,,
2026-09-12T08:56:07-05:00,PUR_IED_CostaRica_Ext_5e640,PUR_IED_CostaRica_Ext_5e640,,,,,
2026-09-12T08:56:07-05:00,PUR_IED_CostaRica_Quim1_766d1c,PUR_IED_CostaRica_Quim1_766d1c,,,,,
2026-09-12T08:56:07-05:00,PUR_IED_CostaRica__Fisica_6f0873,PUR_IED_CostaRica__Fisica_6f0873,,,,,
2026-09-12T08:56:07-05:00,PUR_IED_CulPopu_301A_f660f3,PUR_IED_CulPopu_301A_f660f3,,,,,
2026-09-12T08:56:07-05:00,PUR_IED_CulPopu_303_568afe,PUR_IED_CulPopu_303_568afe,,,,,
2026-09-12T08:56:07-05:00,PUR_IED_CulPopu_Ext_e02ccb,PUR_IED_CulPopu_Ext_e02ccb,,,,,
2026-09-12T08:56:07-05:00,PUR_IED_Cundinamarca_Ext_f15985,PUR_IED_Cundinamarca_Ext_f15985,,,,,
2026-09-12T08:56:07-05:00,PUR_IED_Cundinamarca_Info_7aa5d7,PUR_IED_Cundinamarca_Info_7aa5d7,,,,,
2026-09-12T08:56:07-05:00,PUR_IED_Cundinamarca_Tec2_f449c7,PUR_IED_Cundinamarca_Tec2_f449c7,,,,,
2026-09-12T08:56:07-05:00,PUR_IED_DiegoM_Aula1_27b314,PUR_IED_DiegoM_Aula1_27b314,,,,,
2026-09-12T08:56:07-05:00,PUR_IED_DiegoM_Ext_d80ac8,PUR_IED_DiegoM_Ext_d80ac8,,,,,
2026-09-12T08:56:07-05:00,PUR_IED_DiegoM_S25_da928f,PUR_IED_DiegoM_S25_da928f,,,,,
2026-09-12T08:56:07-05:00,PUR_IED_ELRODEO_360881,PUR_IED_ELRODEO_360881,,,,,
2026-09-12T08:56:07-05:00,PUR_IED_ELRODEO_ext_360881,PUR_IED_ELRODEO_ext_360881,,,,,
2026-09-12T08:56:07-05:00,PUR_IED_EduardoU_Ext_1c1969,PUR_IED_EduardoU_Ext_1c1969,,,,,
2026-09-12T08:56:07-05:00,PUR_IED_EduardoU_SCiencia_4dfb94,PUR_IED_EduardoU_SCiencia_4dfb94,,,,,
2026-09-12T08:56:07-05:00,PUR_IED_EduardoU_SQuimica_5a46e7,PUR_IED_EduardoU_SQuimica_5a46e7,,,,,
2026-09-12T08:56:07-05:00,PUR_IED_ElRodeo_Aula14_676984,PUR_IED_ElRodeo_Aula14_676984,,,,,
2026-09-12T08:56:07-05:00,PUR_IED_ElRodeo_Aula16_2dd35b,PUR_IED_ElRodeo_Aula16_2dd35b,,,,,
2026-09-12T08:56:07-05:00,PUR_IED_ElRodeo_Ext_360881,PUR_IED_ElRodeo_Ext_360881,,,,,
2026-09-12T08:56:07-05:00,PUR_IED_ElRodeo_Exterior_8c6d28,PUR_IED_ElRodeo_Exterior_8c6d28,,,,,
2026-09-12T08:56:07-05:00,PUR_IED_ElRodeo_ext_360881,PUR_IED_ElRodeo_ext_360881,,,,,
2026-09-12T08:56:07-05:00,PUR_IED_EmmaReyes_Ext_987625,PUR_IED_EmmaReyes_Ext_987625,5,21,53,4.6367,-74.1511
2026-09-12T08:56:07-05:00,PUR_IED_Ensueño_Ext_7f0250,PUR_IED_Ensueño_Ext_7f0250,,,,,
2026-09-12T08:56:07-05:00,PUR_IED_EscNormal_Ext_5fef3b,PUR_IED_EscNormal_Ext_5fef3b,2,19,61,4.5852,-74.096901
2026-09-12T08:56:07-05:00,PUR_IED_EscNormal_S309_5b263,PUR_IED_EscNormal_S309_5b263,,,,,
2026-09-12T08:56:07-05:00,PUR_IED_EscNormal_S310_27b3b8,PUR_IED_EscNormal_S310_27b3b8,,,,,
2026-09-12T08:56:07-05:00,PUR_IED_Evangelista_Conta_f6cd4f,PUR_IED_Evangelista_Conta_f6cd4f,,,,,
2026-09-12T08:56:07-05:00,PUR_IED_Evangelista_Cri_5e16a,PUR_IED_Evangelista_Cri_5e16a,,,,,
2026-09-12T08:56:07-05:00,PUR_IED_Evangelista_Exter_754066,PUR_IED_Evangelista_Exter_754066,,,,,
2026-09-12T08:56:07-05:00,PUR_IED_FMiranda_S209_5cc2a3,PUR_IED_FMiranda_S209_5cc2a3,,,,,
2026-09-12T08:56:07-05:00,PUR_IED_FMiranda_S303_19e344,PUR_IED_FMiranda_S303_19e344,,,,,
2026-09-12T08:56:07-05:00,PUR_IED_FMiranda_ext_f53e7c,PUR_IED_FMiranda_ext_f53e7c,,,,,
2026-09-12T08:56:07-05:00,PUR_IED_FabioLozano_Bibli_1cee05,PUR_IED_FabioLozano_Bibli_1cee05,,,,,
2026-09-12T08:56:07-05:00,PUR_IED_FabioLozano_Ext_6ea285,PUR_IED_FabioLozano_Ext_6ea285,,,,,
2026-09-12T08:56:07-05:00,PUR_IED_FabioLozano_SLudi_f09e1e,PUR_IED_FabioLozano_SLudi_f09e1e,,,,,
2026-09-12T08:56:07-05:00,PUR_IED_FaustinoS_Aula07_27a731,PUR_IED_FaustinoS_Aula07_27a731,,,,,
2026-09-12T08:56:07-05:00,PUR_IED_FaustinoS_Ext_7b936f,PUR_IED_FaustinoS_Ext_7b936f,,,,,
2026-09-12T08:56:07-05:00,PUR_IED_FaustinoS_Fisica_da2c60,PUR_IED_FaustinoS_Fisica_da2c60,,,,,
2026-09-12T08:56:07-05:00,PUR_IED_FeGarciaLo_Ext_dc68ee,PUR_IED_FeGarciaLo_Ext_dc68ee,,,,,
2026-09-12T08:56:07-05:00,PUR_IED_FeGarciaLo_SDanza_f70a59,PUR_IED_FeGarciaLo_SDanza_f70a59,,,,,
2026-09-12T08:56:07-05:00,PUR_IED_FeGarciaLo_SMusic_125cdd,PUR_IED_FeGarciaLo_SMusic_125cdd,,,,,
2026-09-12T08:56:07-05:00,PUR_IED_FederalAlema_Exte_50c345,PUR_IED_FederalAlema_Exte_50c345,,,,,
2026-09-12T08:56:07-05:00,PUR_IED_FederalAlema_S31_f18371,PUR_IED_FederalAlema_S31_f18371,,,,,
2026-09-12T08:56:07-05:00,PUR_IED_FederalAlema_S901_a62cd,PUR_IED_FederalAlema_S901_a62cd,,,,,
2026-09-12T08:56:07-05:00,PUR_IED_FilarmonicaS_A5_f35eb1,PUR_IED_FilarmonicaS_A5_f35eb1,,,,,
2026-09-12T08:56:07-05:00,PUR_IED_FilarmonicaS_Ext_8a3bde,PUR_IED_FilarmonicaS_Ext_8a3bde,,,,,
2026-09-12T08:56:07-05:00,PUR_IED_FilarmonicaS_Spol_406114,PUR_IED_FilarmonicaS_Spol_406114,,,,,
2026-09-12T08:56:07-05:00,PUR_IED_FlorentinoG_A13_d1fa59,PUR_IED_FlorentinoG_A13_d1fa59,,,,,
2026-09-12T08:56:07-05:00,PUR_IED_FlorentinoG_Ext_1ce6ce,PUR_IED_FlorentinoG_Ext_1ce6ce,,,,,
2026-09-12T08:56:07-05:00,PUR_IED_FlorentinoG_Idiom_a66aac,PUR_IED_FlorentinoG_Idiom_a66aac,,,,,
2026-09-12T08:56:07-05:00,PUR_IED_FranciscoMati_Ext_e3869d,PUR_IED_FranciscoMati_Ext_e3869d,,,,,
2026-09-12T08:56:07-05:00,PUR_IED_FranciscoMati_S13_f31c67,PUR_IED_FranciscoMati_S13_f31c67,,,,,
2026-09-12T08:56:07-05:00,PUR_IED_FranciscoMati_S14_97dead,PUR_IED_FranciscoMati_S14_97dead,,,,,
2026-09-12T08:56:07-05:00,PUR_IED_FranciscoPS_Ext_7bfa9a,PUR_IED_FranciscoPS_Ext_7bfa9a,2,20,59,4.5899,-74.110397
2026-09-12T08:56:07-05:00,PUR_IED_FranciscoPS_Infor_fb8f4c,PUR_IED_FranciscoPS_Infor_fb8f4c,,,,,
2026-09-12T08:56:07-05:00,PUR_IED_FranciscoPS_Quimi_94d39c,PUR_IED_FranciscoPS_Quimi_94d39c,,,,,
2026-09-12T08:56:07-05:00,PUR_IED_FranciscoP_LabQ_d7e148,PUR_IED_FranciscoP_LabQ_d7e148,,,,,
2026-09-12T08:56:07-05:00,PUR_IED_FranciscoP_S28_cf9b30,PUR_IED_FranciscoP_S28_cf9b30,,,,,
2026-09-12T08:56:07-05:00,PUR_IED_FranciscoP_ext_e2313,PUR_IED_FranciscoP_ext_e2313,,,,,
2026-09-12T08:56:07-05:00,PUR_IED_FriederichN_Ext_8ac92a,PUR_IED_FriederichN_Ext_8ac92a,,,,,
2026-09-12T08:56:07-05:00,PUR_IED_FriederichN_S301_dd7e5a,PUR_IED_FriederichN_S301_dd7e5a,,,,,
2026-09-12T08:56:07-05:00,PUR_IED_FriederichN_S308_761f4f,PUR_IED_FriederichN_S308_761f4f,,,,,
2026-09-12T08:56:07-05:00,PUR_IED_GSantander_Aula10_533dd7,PUR_IED_GSantander_Aula10_533dd7,,,,,
2026-09-12T08:56:07-05:00,PUR_IED_GSantander_Aula12_fd4e4f,PUR_IED_GSantander_Aula12_fd4e4f,,,,,
2026-09-12T08:56:07-05:00,PUR_IED_GSantander_Aula310_533dd7,PUR_IED_GSantander_Aula310_533dd7,,,,,
2026-09-12T08:56:07-05:00,PUR_IED_GSantander_Aula312_fd4e4f,PUR_IED_GSantander_Aula312_fd4e4f,,,,,
2026-09-12T08:56:07-05:00,PUR_IED_GSantander_Ext_5f66b0,PUR_IED_GSantander_Ext_5f66b0,,,,,
2026-09-12T08:56:07-05:00,PUR_IED_GYomasa_Ext_f6bea5,PUR_IED_GYomasa_Ext_f6bea5,,,,,
2026-09-12T08:56:07-05:00,PUR_IED_GYomasa_LBiol_2c41aa,PUR_IED_GYomasa_LBiol_2c41aa,,,,,
2026-09-12T08:56:07-05:00,PUR_IED_GYomasa_LQuim_33c80,PUR_IED_GYomasa_LQuim_33c80,,,,,
2026-09-12T08:56:07-05:00,PUR_IED_GabBetMejia_Cienc_5a99c,PUR_IED_GabBetMejia_Cienc_5a99c,,,,,
2026-09-12T08:56:07-05:00,PUR_IED_GabBetMejia_Ext_9153d0,PUR_IED_GabBetMejia_Ext_9153d0,,,,,
2026-09-12T08:56:07-05:00,PUR_IED_GabBetMejia_Lab_f55347,PUR_IED_GabBetMejia_Lab_f55347,,,,,
2026-09-12T08:56:07-05:00,PUR_IED_GabBetanMejia_Ext_9153d0,PUR_IED_GabBetanMejia_Ext_9153d0,,,,,
2026-09-12T08:56:07-05:00,PUR_IED_Gaitana_Aula13_7aac11,PUR_IED_Gaitana_Aula13_7aac11,,,,,
2026-09-12T08:56:07-05:00,PUR_IED_Gaitana_Ext_5fcf4,PUR_IED_Gaitana_Ext_5fcf4,,,,,
2026-09-12T08:56:07-05:00,PUR_IED_Gaitana_LabFisica_644448,PUR_IED_Gaitana_LabFisica_644448,,,,,
2026-09-12T08:56:07-05:00,PUR_IED_GenSantander_Dise_8ac858,PUR_IED_GenSantander_Dise_8ac858,,,,,
2026-09-12T08:56:07-05:00,PUR_IED_GenSantander_Ext_8d5dfe,PUR_IED_GenSantander_Ext_8d5dfe,,,,,
2026-09-12T08:56:07-05:00,PUR_IED_GenSantander_Info_6c25b,PUR_IED_GenSantander_Info_6c25b,,,,,
2026-09-12T08:56:07-05:00,PUR_IED_GustavoMo_Exterio_75e63d,PUR_IED_GustavoMo_Exterio_75e63d,,,,,
2026-09-12T08:56:07-05:00,PUR_IED_GustavoMo_LabFisi_224d37,PUR_IED_GustavoMo_LabFisi_224d37,,,,,
2026-09-12T08:56:07-05:00,PUR_IED_GustavoMo_S208_3e6918,PUR_IED_GustavoMo_S208_3e6918,,,,,
2026-09-12T08:56:07-05:00,PUR_IED_GustavoR_A02_8cd4a8,PUR_IED_GustavoR_A02_8cd4a8,,,,,
2026-09-12T08:56:07-05:00,PUR_IED_GustavoR_B11_5b0ed,PUR_IED_GustavoR_B11_5b0ed,,,,,
2026-09-12T08:56:07-05:00,PUR_IED_GustavoR_Ext_7a0c90,PUR_IED_GustavoR_Ext_7a0c90,,,,,
2026-09-12T08:56:07-05:00,PUR_IED_HernandoDuran_Ext_8cd82b,PUR_IED_HernandoDuran_Ext_8cd82b,,,,,
2026-09-12T08:56:07-05:00,PUR_IED_HernandoDuran_S24_2772c6,PUR_IED_HernandoDuran_S24_2772c6,,,,,
2026-09-12T08:56:07-05:00,PUR_IED_HernandoDuran_S30_f2de41,PUR_IED_HernandoDuran_S30_f2de41,,,,,
2026-09-12T08:56:07-05:00,PUR_IED_HolguInUr_S1101_8cd732,PUR_IED_HolguInUr_S1101_8cd732,,,,,
2026-09-12T08:56:07-05:00,PUR_IED_HolguinUr_Exter_ddae6d,PUR_IED_HolguinUr_Exter_ddae6d,,,,,
2026-09-12T08:56:07-05:00,PUR_IED_HolguinUr_LabQuim_92b952,PUR_IED_HolguinUr_LabQuim_92b952,,,,,
2026-09-12T08:56:07-05:00,PUR_IED_Isabel-II_Ext_5245cc,PUR_IED_Isabel-II_Ext_5245cc,2,18,60,4.6336,-74.153
2026-09-12T08:56:07-05:00,PUR_IED_Isabel-II_S_idiom_1c29aa,PUR_IED_Isabel-II_S_idiom_1c29aa,,,,,
2026-09-12T08:56:07-05:00,PUR_IED_Isabel-II_S_infor_fd741,PUR_IED_Isabel-II_S_infor_fd741,,,,,
2026-09-12T08:56:07-05:00,PUR_IED_IsidroSur_Exterio_5b90ea,PUR_IED_IsidroSur_Exterio_5b90ea,,,,,
2026-09-12T08:56:07-05:00,PUR_IED_IsidroSur_LabTec_56697a,PUR_IED_IsidroSur_LabTec_56697a,,,,,
2026-09-12T08:56:07-05:00,PUR_IED_IsidroSur_Robotic_b7c38f,PUR_IED_IsidroSur_Robotic_b7c38f,,,,,
2026-09-12T08:56:07-05:00,PUR_IED_IsmaelPerd_Ext_7b6672,PUR_IED_IsmaelPerd_Ext_7b6672,,,,,
2026-09-12T08:56:07-05:00,PUR_IED_IsmaelPerd_Inform_306540,PUR_IED_IsmaelPerd_Inform_306540,,,,,
2026-09-12T08:56:07-05:00,PUR_IED_IsmaelPerd_S30_2e2c83,PUR_IED_IsmaelPerd_S30_2e2c83,,,,,
2026-09-12T08:56:07-05:00,PUR_IED_JLozano_Exter_432910,PUR_IED_JLozano_Exter_432910,,,,,
2026-09-12T08:56:07-05:00,PUR_IED_JLozano_salaMulti_df5125,PUR_IED_JLozano_salaMulti_df5125,,,,,
2026-09-12T08:56:07-05:00,PUR_IED_JMCordoba_206_86f80b,PUR_IED_JMCordoba_206_86f80b,,,,,
2026-09-12T08:56:07-05:00,PUR_IED_JMCordoba_Ext_27ad97,PUR_IED_JMCordoba_Ext_27ad97,,,,,
2026-09-12T08:56:07-05:00,PUR_IED_JMCordoba_S310_d59ab4,PUR_IED_JMCordoba_S310_d59ab4,,,,,
2026-09-12T08:56:07-05:00,PUR_IED_Japon_Ext_549100,PUR_IED_Japon_Ext_549100,,,,,
2026-09-12T08:56:07-05:00,PUR_IED_Japon_Laboratorio_bec51d,PUR_IED_Japon_Laboratorio_bec51d,,,,,
2026-09-12T08:56:07-05:00,PUR_IED_Japon_informatica_d99327,PUR_IED_Japon_informatica_d99327,,,,,
2026-09-12T08:56:07-05:00,PUR_IED_Jazmin_Ext_d27bda,PUR_IED_Jazmin_Ext_d27bda,,,,,
2026-09-12T08:56:07-05:00,PUR_IED_Jazmin_Fisica_8d14d7,PUR_IED_Jazmin_Fisica_8d14d7,,,,,
2026-09-12T08:56:07-05:00,PUR_IED_Jazmin_Quimica_801cb5,PUR_IED_Jazmin_Quimica_801cb5,,,,,
2026-09-12T08:56:07-05:00,PUR_IED_JorgeGaitan_Exter_f098d1,PUR_IED_JorgeGaitan_Exter_f098d1,,,,,
2026-09-12T08:56:07-05:00,PUR_IED_JorgeGaitan_STec1_dc9d1d,PUR_IED_JorgeGaitan_STec1_dc9d1d,,,,,
2026-09-12T08:56:07-05:00,PUR_IED_JorgeGaitan_STec2_281e69,PUR_IED_JorgeGaitan_STec2_281e69,,,,,
2026-09-12T08:56:07-05:00,PUR_IED_JorgeSoto_Exterio_d9d0a2,PUR_IED_JorgeSoto_Exterio_d9d0a2,,,,,
2026-09-12T08:56:07-05:00,PUR_IED_JorgeSoto_LabFisi_209c54,PUR_IED_JorgeSoto_LabFisi_209c54,,,,,
2026-09-12T08:56:07-05:00,PUR_IED_JorgeSoto_S103_27b51a,PUR_IED_JorgeSoto_S103_27b51a,,,,,
2026-09-12T08:56:07-05:00,PUR_IED_JoseAcevedo_A02_e965eb,PUR_IED_JoseAcevedo_A02_e965eb,,,,,
2026-09-12T08:56:07-05:00,PUR_IED_JoseAcevedo_A07_dd5b4,PUR_IED_JoseAcevedo_A07_dd5b4,,,,,
2026-09-12T08:56:07-05:00,PUR_IED_JoseAcevedo_Ext_b47484,PUR_IED_JoseAcevedo_Ext_b47484,,,,,
2026-09-12T08:56:07-05:00,PUR_IED_JoseMarti_Exte_5b9bf,PUR_IED_JoseMarti_Exte_5b9bf,,,,,
2026-09-12T08:56:07-05:00,PUR_IED_JoseMarti_LabQuim_1c6c2d,PUR_IED_JoseMarti_LabQuim_1c6c2d,,,,,
2026-09-12T08:56:07-05:00,PUR_IED_JoseMarti_S_info_f5f177,PUR_IED_JoseMarti_S_info_f5f177,,,,,
2026-09-12T08:56:07-05:00,PUR_IED_Josejoaquin_Ext_dfc5dc,PUR_IED_Josejoaquin_Ext_dfc5dc,,,,,
2026-09-12T08:56:07-05:00,PUR_IED_Josejoaquin_S05_5b2a96,PUR_IED_Josejoaquin_S05_5b2a96,,,,,
2026-09-12T08:56:07-05:00,PUR_IED_Josejoaquin_S06_1ce7d2,PUR_IED_Josejoaquin_S06_1ce7d2,,,,,
2026-09-12T08:56:07-05:00,PUR_IED_JulioFlorez_Danza_9b82dd,PUR_IED_JulioFlorez_Danza_9b82dd,,,,,
2026-09-12T08:56:07-05:00,PUR_IED_JulioFlorez_Exter_f9f314,PUR_IED_JulioFlorez_Exter_f9f314,,,,,
2026-09-12T08:56:07-05:00,PUR_IED_JulioFlorez_info2_6b6e08,PUR_IED_JulioFlorez_info2_6b6e08,,,,,
2026-09-12T08:56:07-05:00,PUR_IED_LaBelleza_Aula13_1d00d8,PUR_IED_LaBelleza_Aula13_1d00d8,,,,,
2026-09-12T08:56:07-05:00,PUR_IED_LaBelleza_Ext_7bc08c,PUR_IED_LaBelleza_Ext_7bc08c,,,,,
2026-09-12T08:56:07-05:00,PUR_IED_LaChucua_Ext_8cd6d2,PUR_IED_LaChucua_Ext_8cd6d2,,,,,
2026-09-12T08:56:07-05:00,PUR_IED_LaChucua_S15_f578ce,PUR_IED_LaChucua_S15_f578ce,,,,,
2026-09-12T08:56:07-05:00,PUR_IED_LaChucua_S16_eebcf9,PUR_IED_LaChucua_S16_eebcf9,,,,,
2026-09-12T08:56:07-05:00,PUR_IED_LaFelicidad_Ext_fb5109,PUR_IED_LaFelicidad_Ext_fb5109,,,,,
2026-09-12T08:56:07-05:00,PUR_IED_LaMerced_206_66ebd,PUR_IED_LaMerced_206_66ebd,,,,,
2026-09-12T08:56:07-05:00,PUR_IED_LaMerced_207_6ebd6,PUR_IED_LaMerced_207_6ebd6,,,,,
2026-09-12T08:56:07-05:00,PUR_IED_LaMerced_ext_304311,PUR_IED_LaMerced_ext_304311,,,,,
2026-09-12T08:56:07-05:00,PUR_IED_Laureano_CiencNat_281e5e,PUR_IED_Laureano_CiencNat_281e5e,,,,,
2026-09-12T08:56:07-05:00,PUR_IED_Laureano_Comedor_f65c0a,PUR_IED_Laureano_Comedor_f65c0a,,,,,
2026-09-12T08:56:07-05:00,PUR_IED_Laureano_Exterior_7ab011,PUR_IED_Laureano_Exterior_7ab011,,,,,
2026-09-12T08:56:07-05:00,PUR_IED_LeonGreiff_Exte_dfe560,PUR_IED_LeonGreiff_Exte_dfe560,,,,,
2026-09-12T08:56:07-05:00,PUR_IED_LeonGreiff_S210_f264ed,PUR_IED_LeonGreiff_S210_f264ed,,,,,
2026-09-12T08:56:07-05:00,PUR_IED_LeonGreiff_SQuimi_e8296f,PUR_IED_LeonGreiff_SQuimi_e8296f,,,,,
2026-09-12T08:56:07-05:00,PUR_IED_LlanoOrientalS208_7b9fcd,PUR_IED_LlanoOrientalS208_7b9fcd,,,,,
2026-09-12T08:56:07-05:00,PUR_IED_LlanoOriental_Ext_fb3766,PUR_IED_LlanoOriental_Ext_fb3766,,,,,
2026-09-12T08:56:07-05:00,PUR_IED_LlanoOriental_S208_7b9fcd,PUR_IED_LlanoOriental_S208_7b9fcd,,,,,
2026-09-12T08:56:07-05:00,PUR_IED_LlanoOriental_S9_27b378,PUR_IED_LlanoOriental_S9_27b378,,,,,
2026-09-12T08:56:07-05:00,PUR_IED_LosTejares_1101_477602,PUR_IED_LosTejares_1101_477602,,,,,
2026-09-12T08:56:07-05:00,PUR_IED_LosTejares_11_d2c595,PUR_IED_LosTejares_11_d2c595,,,,,
2026-09-12T08:56:07-05:00,PUR_IED_LosTejares_12_477602,PUR_IED_LosTejares_12_477602,,,,,
2026-09-12T08:56:07-05:00,PUR_IED_LosTejares_Ext_8e2115,PUR_IED_LosTejares_Ext_8e2115,,,,,
2026-09-12T08:56:07-05:00,PUR_IED_MagdalenaO_B202_5ddda3,PUR_IED_MagdalenaO_B202_5ddda3,,,,,
2026-09-12T08:56:07-05:00,PUR_IED_MagdalenaO_B205_fb76e8,PUR_IED_MagdalenaO_B205_fb76e8,,,,,
2026-09-12T08:56:07-05:00,PUR_IED_MagdalenaO_ext_dc69cd,PUR_IED_MagdalenaO_ext_dc69cd,,,,,
2026-09-12T08:56:07-05:00,PUR_IED_ManueCepeda_artes_eee956,PUR_IED_ManueCepeda_artes_eee956,,,,,
2026-09-12T08:56:07-05:00,PUR_IED_ManuelCepeda_Ext_58313,PUR_IED_ManuelCepeda_Ext_58313,,,,,
2026-09-12T08:56:07-05:00,PUR_IED_ManuelCepeda_tec_1c5731,PUR_IED_ManuelCepeda_tec_1c5731,,,,,
2026-09-12T08:56:07-05:00,PUR_IED_ManuelS_Exterior_5b269,PUR_IED_ManuelS_Exterior_5b269,,,,,
2026-09-12T08:56:07-05:00,PUR_IED_ManuelS_Inform_f369ce,PUR_IED_ManuelS_Inform_f369ce,,,,,
2026-09-12T08:56:07-05:00,PUR_IED_ManuelS_SArtes_7d15f1,PUR_IED_ManuelS_SArtes_7d15f1,,,,,
2026-09-12T08:56:07-05:00,PUR_IED_ManuelZapata_303_3ca6,PUR_IED_ManuelZapata_303_3ca6,,,,,
2026-09-12T08:56:07-05:00,PUR_IED_ManuelZapata_311_bfbabc,PUR_IED_ManuelZapata_311_bfbabc,,,,,
2026-09-12T08:56:07-05:00,PUR_IED_ManuelZapata_Ext_50824a,PUR_IED_ManuelZapata_Ext_50824a,,,,,
2026-09-12T08:56:07-05:00,PUR_IED_ManuelitaS_Exteri_656a92,PUR_IED_ManuelitaS_Exteri_656a92,,,,,
2026-09-12T08:56:07-05:00,PUR_IED_ManuelitaS_JuzgDe_f58ec3,PUR_IED_ManuelitaS_JuzgDe_f58ec3,,,,,
2026-09-12T08:56:07-05:00,PUR_IED_ManuelitaS_Recrea_d793db,PUR_IED_ManuelitaS_Recrea_d793db,,,,,
2026-09-12T08:56:07-05:00,PUR_IED_MarFidSuarez_Ext_c27b19,PUR_IED_MarFidSuarez_Ext_c27b19,,,,,
2026-09-12T08:56:07-05:00,PUR_IED_MarFidSuarez_Info_e384d7,PUR_IED_MarFidSuarez_Info_e384d7,,,,,
2026-09-12T08:56:07-05:00,PUR_IED_MarFidSuarez_S306_1d0032,PUR_IED_MarFidSuarez_S306_1d0032,,,,,
2026-09-12T08:56:07-05:00,PUR_IED_Menorah_301_2a25a3,PUR_IED_Menorah_301_2a25a3,,,,,
2026-09-12T08:56:07-05:00,PUR_IED_Menorah_306_37ed3,PUR_IED_Menorah_306_37ed3,,,,,
2026-09-12T08:56:07-05:00,PUR_IED_Menorah_Ext_3e155b,PUR_IED_Menorah_Ext_3e155b,,,,,
2026-09-12T08:56:07-05:00,PUR_IED_MinutoB.Aires_A11_1b1604,PUR_IED_MinutoB.Aires_A11_1b1604,,,,,
2026-09-12T08:56:07-05:00,PUR_IED_MinutoB.Aires_A12_fb5860,PUR_IED_MinutoB.Aires_A12_fb5860,,,,,
2026-09-12T08:56:07-05:00,PUR_IED_MinutoB.Aires_Ext_81293f,PUR_IED_MinutoB.Aires_Ext_81293f,,,,,
2026-09-12T08:56:07-05:00,PUR_IED_MinutoBAires_A11_1b1604,PUR_IED_MinutoBAires_A11_1b1604,,,,,
2026-09-12T08:56:07-05:00,PUR_IED_MinutoBAires_A12_fb5860,PUR_IED_MinutoBAires_A12_fb5860,,,,,
2026-09-12T08:56:07-05:00,PUR_IED_MinutoBAires_Ext_81293f,PUR_IED_MinutoBAires_Ext_81293f,,,,,
2026-09-12T08:56:07-05:00,PUR_IED_Montreal_Aula10_1e4959,PUR_IED_Montreal_Aula10_1e4959,,,,,
2026-09-12T08:56:07-05:00,PUR_IED_Montreal_Aula6_300367,PUR_IED_Montreal_Aula6_300367,,,,,
2026-09-12T08:56:07-05:00,PUR_IED_Montreal_Exterior_91a179,PUR_IED_Montreal_Exterior_91a179,,,,,
2026-09-12T08:56:07-05:00,PUR_IED_Mqgdalena_B202_5ddda3,PUR_IED_Mqgdalena_B202_5ddda3,,,,,
2026-09-12T08:56:07-05:00,PUR_IED_NACUND_Soc_dc8728,PUR_IED_NACUND_Soc_dc8728,,,,,
2026-09-12T08:56:07-05:00,PUR_IED_NACUND_ext_27ad97,PUR_IED_NACUND_ext_27ad97,,,,,
2026-09-12T08:56:07-05:00,PUR_IED_NEsperanza_Ext_d24b61,PUR_IED_NEsperanza_Ext_d24b61,,,,,
2026-09-12T08:56:07-05:00,PUR_IED_NEsperanza_SElect_7d1807,PUR_IED_NEsperanza_SElect_7d1807,,,,,
2026-09-12T08:56:07-05:00,PUR_IED_NEsperanza_SLabor_8b2d0a,PUR_IED_NEsperanza_SLabor_8b2d0a,,,,,
2026-09-12T08:56:07-05:00,PUR_IED_NacionesU_Ext_f661a9,PUR_IED_NacionesU_Ext_f661a9,,,,,
2026-09-12T08:56:07-05:00,PUR_IED_NacionesU_Quimica_66f0a,PUR_IED_NacionesU_Quimica_66f0a,,,,,
2026-09-12T08:56:07-05:00,PUR_IED_NacionesU_S306_1b4b3d,PUR_IED_NacionesU_S306_1b4b3d,,,,,
2026-09-12T08:56:07-05:00,PUR_IED_NestorFA_Ext_e4201c,PUR_IED_NestorFA_Ext_e4201c,,,,,
2026-09-12T08:56:07-05:00,PUR_IED_NestorFA_Laborato_f22fe0,PUR_IED_NestorFA_Laborato_f22fe0,,,,,
2026-09-12T08:56:07-05:00,PUR_IED_NestorFA_S204_dee996,PUR_IED_NestorFA_S204_dee996,,,,,
2026-09-12T08:56:07-05:00,PUR_IED_NidyaQT_Aula03_76999b,PUR_IED_NidyaQT_Aula03_76999b,,,,,
2026-09-12T08:56:07-05:00,PUR_IED_NidyaQT_Aula10_56325,PUR_IED_NidyaQT_Aula10_56325,,,,,
2026-09-12T08:56:07-05:00,PUR_IED_NidyaQT_Ext_46e32d,PUR_IED_NidyaQT_Ext_46e32d,,,,,
2026-09-12T08:56:07-05:00,PUR_IED_NuevaCol_Exterior_d9b859,PUR_IED_NuevaCol_Exterior_d9b859,,,,,
2026-09-12T08:56:07-05:00,PUR_IED_NuevaCol_S1101_76c43b,PUR_IED_NuevaCol_S1101_76c43b,,,,,
2026-09-12T08:56:07-05:00,PUR_IED_NuevaCol_S1102_1ce0b5,PUR_IED_NuevaCol_S1102_1ce0b5,,,,,
2026-09-12T08:56:07-05:00,PUR_IED_OEA_A202_f7e3f2,PUR_IED_OEA_A202_f7e3f2,,,,,
2026-09-12T08:56:07-05:00,PUR_IED_OEA_A203_7d1b8d,PUR_IED_OEA_A203_7d1b8d,,,,,
2026-09-12T08:56:07-05:00,PUR_IED_OEA_Ext_27b593,PUR_IED_OEA_Ext_27b593,,,,,
2026-09-12T08:56:07-05:00,PUR_IED_Ochoa_Ext_1c29da,PUR_IED_Ochoa_Ext_1c29da,,,,,
2026-09-12T08:56:07-05:00,PUR_IED_Ochoa_S205_8b1121,PUR_IED_Ochoa_S205_8b1121,,,,,
2026-09-12T08:56:07-05:00,PUR_IED_Ochoa_Sistemas_f33af6,PUR_IED_Ochoa_Sistemas_f33af6,,,,,
2026-09-12T08:56:07-05:00,PUR_IED_PQuebec_Ext_1c67c7,PUR_IED_PQuebec_Ext_1c67c7,,,,,
2026-09-12T08:56:07-05:00,PUR_IED_PQuebec_S15_23e8e2,PUR_IED_PQuebec_S15_23e8e2,,,,,
2026-09-12T08:56:07-05:00,PUR_IED_PQuebec_S16_8ec76b,PUR_IED_PQuebec_S16_8ec76b,,,,,
2026-09-12T08:56:07-05:00,PUR_IED_PabloN_Ext_49dc96,PUR_IED_PabloN_Ext_49dc96,,,,,
2026-09-12T08:56:07-05:00,PUR_IED_PabloN_S1102_4e3df5,PUR_IED_PabloN_S1102_4e3df5,,,,,
2026-09-12T08:56:07-05:00,PUR_IED_PabloN_S1103_50c94b,PUR_IED_PabloN_S1103_50c94b,,,,,
2026-09-12T08:56:07-05:00,PUR_IED_Palestina_S1101_db9198,PUR_IED_Palestina_S1101_db9198,,,,,
2026-09-12T08:56:07-05:00,PUR_IED_Palestina_S1102_dc54fa,PUR_IED_Palestina_S1102_dc54fa,,,,,
2026-09-12T08:56:07-05:00,PUR_IED_Palestina_ext_4ccce6,PUR_IED_Palestina_ext_4ccce6,,,,,
2026-09-12T08:56:07-05:00,PUR_IED_Panama_Fisica_4d0794,PUR_IED_Panama_Fisica_4d0794,,,,,
2026-09-12T08:56:07-05:00,PUR_IED_Panama_SIngles_a4077e,PUR_IED_Panama_SIngles_a4077e,,,,,
2026-09-12T08:56:07-05:00,PUR_IED_Panama_ext_4c54b4,PUR_IED_Panama_ext_4c54b4,,,,,
2026-09-12T08:56:07-05:00,PUR_IED_ParaisoM_Exterior_8cd7f0,PUR_IED_ParaisoM_Exterior_8cd7f0,,,,,
2026-09-12T08:56:07-05:00,PUR_IED_ParaisoM_Laborato_27af35,PUR_IED_ParaisoM_Laborato_27af35,,,,,
2026-09-12T08:56:07-05:00,PUR_IED_ParaisoM_S304_d1edca,PUR_IED_ParaisoM_S304_d1edca,,,,,
2026-09-12T08:56:07-05:00,PUR_IED_PorfirioBarba_Ext_301466,PUR_IED_PorfirioBarba_Ext_301466,,,,,
2026-09-12T08:56:07-05:00,PUR_IED_PorfirioBarba_S11_df6cd2,PUR_IED_PorfirioBarba_S11_df6cd2,,,,,
2026-09-12T08:56:07-05:00,PUR_IED_PorfirioBarba_S29_27a7d6,PUR_IED_PorfirioBarba_S29_27a7d6,,,,,
2026-09-12T08:56:07-05:00,PUR_IED_PradoV_Exter_8b27ad,PUR_IED_PradoV_Exter_8b27ad,,,,,
2026-09-12T08:56:07-05:00,PUR_IED_PradoV_S301_de65b5,PUR_IED_PradoV_S301_de65b5,,,,,
2026-09-12T08:56:07-05:00,PUR_IED_PradoV_S302_7d2593,PUR_IED_PradoV_S302_7d2593,,,,,
2026-09-12T08:56:07-05:00,PUR_IED_QuirogaAlz_Ext_1ddc82,PUR_IED_QuirogaAlz_Ext_1ddc82,,,,,
2026-09-12T08:56:07-05:00,PUR_IED_QuirogaAlz_S302_9926a3,PUR_IED_QuirogaAlz_S302_9926a3,,,,,
2026-09-12T08:56:07-05:00,PUR_IED_QuirogaAlz_S305_cdf1f1,PUR_IED_QuirogaAlz_S305_cdf1f1,,,,,
2026-09-12T08:56:07-05:00,PUR_IED_RGuatemala_Biling_dc53b7,PUR_IED_RGuatemala_Biling_dc53b7,,,,,
2026-09-12T08:56:07-05:00,PUR_IED_RGuatemala_Ext_1b89a3,PUR_IED_RGuatemala_Ext_1b89a3,,,,,
2026-09-12T08:56:07-05:00,PUR_IED_RGuatemala_Tecnol_281a34,PUR_IED_RGuatemala_Tecnol_281a34,,,,,
2026-09-12T08:56:07-05:00,PUR_IED_RafaNu_Ext_f7c302,PUR_IED_RafaNu_Ext_f7c302,,,,,
2026-09-12T08:56:07-05:00,PUR_IED_RafaNu_S1101_25fde,PUR_IED_RafaNu_S1101_25fde,,,,,
2026-09-12T08:56:07-05:00,PUR_IED_RafaNu_S1102_281517,PUR_IED_RafaNu_S1102_281517,,,,,
2026-09-12T08:56:07-05:00,PUR_IED_RafaelB_S305_ee2783,PUR_IED_RafaelB_S305_ee2783,,,,,
2026-09-12T08:56:07-05:00,PUR_IED_RafaelB_S306_75fe33,PUR_IED_RafaelB_S306_75fe33,,,,,
2026-09-12T08:56:07-05:00,PUR_IED_RafaelB_ext_283336,PUR_IED_RafaelB_ext_283336,,,,,
2026-09-12T08:56:07-05:00,PUR_IED_RafaelUU_Exterior_281a51,PUR_IED_RafaelUU_Exterior_281a51,,,,,
2026-09-12T08:56:07-05:00,PUR_IED_RafaelUU_Human_806b2,PUR_IED_RafaelUU_Human_806b2,,,,,
2026-09-12T08:56:07-05:00,PUR_IED_RafaelUU_Mate2_5680d4,PUR_IED_RafaelUU_Mate2_5680d4,,,,,
2026-09-12T08:56:07-05:00,PUR_IED_RamonSub_Ext_f9eeb9,PUR_IED_RamonSub_Ext_f9eeb9,,,,,
2026-09-12T08:56:07-05:00,PUR_IED_RamonSub_Media_d1f62f,PUR_IED_RamonSub_Media_d1f62f,,,,,
2026-09-12T08:56:07-05:00,PUR_IED_RamonSub_planta_51b82,PUR_IED_RamonSub_planta_51b82,,,,,
2026-09-12T08:56:07-05:00,PUR_IED_RepBoliVene_Exter_27af7c,PUR_IED_RepBoliVene_Exter_27af7c,,,,,
2026-09-12T08:56:07-05:00,PUR_IED_RepBoliVene_SCPT_5ae2ee,PUR_IED_RepBoliVene_SCPT_5ae2ee,,,,,
2026-09-12T08:56:07-05:00,PUR_IED_RepBoliVene_Socia_4b11d5,PUR_IED_RepBoliVene_Socia_4b11d5,,,,,
2026-09-12T08:56:07-05:00,PUR_IED_RepChina_Ext_76d9ee,PUR_IED_RepChina_Ext_76d9ee,,,,,
2026-09-12T08:56:07-05:00,PUR_IED_RepChina_S404_7c804c,PUR_IED_RepChina_S404_7c804c,,,,,
2026-09-12T08:56:07-05:00,PUR_IED_RepChina_S405_df2c33,PUR_IED_RepChina_S405_df2c33,,,,,
2026-09-12T08:56:07-05:00,PUR_IED_RepublicaC_Exteri_7d1ec9,PUR_IED_RepublicaC_Exteri_7d1ec9,,,,,
2026-09-12T08:56:07-05:00,PUR_IED_RepublicaC_S1101_f544b3,PUR_IED_RepublicaC_S1101_f544b3,,,,,
2026-09-12T08:56:07-05:00,PUR_IED_RepublicaC_S1102_7aafc7,PUR_IED_RepublicaC_S1102_7aafc7,,,,,
2026-09-12T08:56:07-05:00,PUR_IED_Ricaurte_Externo_a0ea1,PUR_IED_Ricaurte_Externo_a0ea1,,,,,
2026-09-12T08:56:07-05:00,PUR_IED_Ricaurte_S210_f546fd,PUR_IED_Ricaurte_S210_f546fd,,,,,
2026-09-12T08:56:07-05:00,PUR_IED_Ricaurte_S309_d4452,PUR_IED_Ricaurte_S309_d4452,,,,,
2026-09-12T08:56:07-05:00,PUR_IED_RogelioS_1102_531e69,PUR_IED_RogelioS_1102_531e69,,,,,
2026-09-12T08:56:07-05:00,PUR_IED_RogelioS_Ext_f25a18,PUR_IED_RogelioS_Ext_f25a18,,,,,
2026-09-12T08:56:07-05:00,PUR_IED_SBernardino_Ext_27aff8,PUR_IED_SBernardino_Ext_27aff8,,,,,
2026-09-12T08:56:07-05:00,PUR_IED_SBernardino_SArte_2ffd33,PUR_IED_SBernardino_SArte_2ffd33,,,,,
2026-09-12T08:56:07-05:00,PUR_IED_SBernardino_SIngl_7c7da5,PUR_IED_SBernardino_SIngl_7c7da5,,,,,
2026-09-12T08:56:07-05:00,PUR_IED_Sago_auditorio_dc9d1d,PUR_IED_Sago_auditorio_dc9d1d,,,,,
2026-09-12T08:56:07-05:00,PUR_IED_Saludcoop_Ext_95aac3,PUR_IED_Saludcoop_Ext_95aac3,,,,,
2026-09-12T08:56:07-05:00,PUR_IED_Saludcoop_InfI_90c854,PUR_IED_Saludcoop_InfI_90c854,,,,,
2026-09-12T08:56:07-05:00,PUR_IED_Saludcoop_SMedia_1b93be,PUR_IED_Saludcoop_SMedia_1b93be,,,,,
2026-09-12T08:56:07-05:00,PUR_IED_SanCarlos_1101_1a2360,PUR_IED_SanCarlos_1101_1a2360,,,,,
2026-09-12T08:56:07-05:00,PUR_IED_SanCarlos_1103_7bafb5,PUR_IED_SanCarlos_1103_7bafb5,,,,,
2026-09-12T08:56:07-05:00,PUR_IED_SanCarlos_Ext_b7cd1,PUR_IED_SanCarlos_Ext_b7cd1,,,,,
2026-09-12T08:56:07-05:00,PUR_IED_SanIgnacioBosa11a_50c26e,PUR_IED_SanIgnacioBosa11a_50c26e,,,,,
2026-09-12T08:56:07-05:00,PUR_IED_SanIgnacioBosa11b_371de8,PUR_IED_SanIgnacioBosa11b_371de8,,,,,
2026-09-12T08:56:07-05:00,PUR_IED_SanIgnacioBosaExt_ef0ffc,PUR_IED_SanIgnacioBosaExt_ef0ffc,,,,,
2026-09-12T08:56:07-05:00,PUR_IED_SanIgnacioBosa_11a_50c26e,PUR_IED_SanIgnacioBosa_11a_50c26e,,,,,
2026-09-12T08:56:07-05:00,PUR_IED_SanIgnacioBosa_Ext_ef0ffc,PUR_IED_SanIgnacioBosa_Ext_ef0ffc,,,,,
2026-09-12T08:56:07-05:00,PUR_IED_SanJoseN_intS1101_31c47f,PUR_IED_SanJoseN_intS1101_31c47f,,,,,
2026-09-12T08:56:07-05:00,PUR_IED_SanJoseUsm_Exter_f5d7e8,PUR_IED_SanJoseUsm_Exter_f5d7e8,,,,,
2026-09-12T08:56:07-05:00,PUR_IED_SanJoseUsm_Int11A_cfdef6,PUR_IED_SanJoseUsm_Int11A_cfdef6,,,,,
2026-09-12T08:56:07-05:00,PUR_IED_SilveriaR_IntB5_905349,PUR_IED_SilveriaR_IntB5_905349,,,,,
2026-09-12T08:56:07-05:00,PUR_IED_SilveriaR_IntSD14_981f93,PUR_IED_SilveriaR_IntSD14_981f93,,,,,
2026-09-12T08:56:07-05:00,PUR_IED_SilveriaR_ext_2b651d,PUR_IED_SilveriaR_ext_2b651d,,,,,
2026-09-12T08:56:07-05:00,PUR_IED_SimonB_Exterior_913975,PUR_IED_SimonB_Exterior_913975,,,,,
2026-09-12T08:56:07-05:00,PUR_IED_SimonB_LabQuimi_c56908,PUR_IED_SimonB_LabQuimi_c56908,,,,,
2026-09-12T08:56:07-05:00,PUR_IED_SimonB_informatic_a28c1,PUR_IED_SimonB_informatic_a28c1,,,,,
2026-09-12T08:56:07-05:00,PUR_IED_Sorrento_1102_315f50,PUR_IED_Sorrento_1102_315f50,,,,,
2026-09-12T08:56:07-05:00,PUR_IED_Sorrento_Minte_214eab,PUR_IED_Sorrento_Minte_214eab,,,,,
2026-09-12T08:56:07-05:00,PUR_IED_Sorrento_ext_7c3a0a,PUR_IED_Sorrento_ext_7c3a0a,,,,,
2026-09-12T08:56:07-05:00,PUR_IED_Tabora_Ext_f048ae,PUR_IED_Tabora_Ext_f048ae,,,,,
2026-09-12T08:56:07-05:00,PUR_IED_Tabora_S1102_b07752,PUR_IED_Tabora_S1102_b07752,,,,,
2026-09-12T08:56:07-05:00,PUR_IED_Tabora_S1103_d988f5,PUR_IED_Tabora_S1103_d988f5,,,,,
2026-09-12T08:56:07-05:00,PUR_IED_Tenerife_Ext_1ab188,PUR_IED_Tenerife_Ext_1ab188,,,,,
2026-09-12T08:56:07-05:00,PUR_IED_Tenerife_SDanzas_7bc02e,PUR_IED_Tenerife_SDanzas_7bc02e,,,,,
2026-09-12T08:56:07-05:00,PUR_IED_Tenerife_SIngles_7cc277,PUR_IED_Tenerife_SIngles_7cc277,,,,,
2026-09-12T08:56:07-05:00,PUR_IED_Tibabuyes_Exter_f2683d,PUR_IED_Tibabuyes_Exter_f2683d,,,,,
2026-09-12T08:56:07-05:00,PUR_IED_Tibabuyes_S10_dc87a8,PUR_IED_Tibabuyes_S10_dc87a8,,,,,
2026-09-12T08:56:07-05:00,PUR_IED_Tibabuyes_S15_dc0526,PUR_IED_Tibabuyes_S15_dc0526,,,,,
2026-09-12T08:56:07-05:00,PUR_IED_UnionE_S301_a1043,PUR_IED_UnionE_S301_a1043,,,,,
2026-09-12T08:56:07-05:00,PUR_IED_UnionE_S307_ff6c2f,PUR_IED_UnionE_S307_ff6c2f,,,,,
2026-09-12T08:56:07-05:00,PUR_IED_UnionE__Ext_5e2468,PUR_IED_UnionE__Ext_5e2468,,,,,
2026-09-12T08:56:07-05:00,PUR_IED_VillaRica_Ext_75be7c,PUR_IED_VillaRica_Ext_75be7c,,,,,
2026-09-12T08:56:07-05:00,PUR_IED_VillaRica_S4_cc5dcd,PUR_IED_VillaRica_S4_cc5dcd,,,,,
2026-09-12T08:56:07-05:00,PUR_IED_VillaRica_Sesp_99f5c,PUR_IED_VillaRica_Sesp_99f5c,,,,,
2026-09-12T09:01:11-05:00,PUR_IED_20deJulio_1101_91b1b9,PUR_IED_20deJulio_1101_91b1b9,,,,,
2026-09-12T09:01:11-05:00,PUR_IED_20deJulio_1102_1cfcf9,PUR_IED_20deJulio_1102_1cfcf9,,,,,
2026-09-12T09:01:11-05:00,PUR_IED_20deJulio_Ext_ab60bd,PUR_IED_20deJulio_Ext_ab60bd,,,,,
2026-09-12T09:01:11-05:00,PUR_IED_AgustinFer_Ext_7b9b77,PUR_IED_AgustinFer_Ext_7b9b77,,,,,
2026-09-12T09:01:11-05:00,PUR_IED_AgustinFer_Info2_27b3a7,PUR_IED_AgustinFer_Info2_27b3a7,,,,,
2026-09-12T09:01:11-05:00,PUR_IED_AgustinFer_Sena_54b4eb,PUR_IED_AgustinFer_Sena_54b4eb,,,,,
2026-09-12T09:01:11-05:00,PUR_IED_AlexanderF_1102_caf07b,PUR_IED_AlexanderF_1102_caf07b,,,,,
2026-09-12T09:01:11-05:00,PUR_IED_AlexanderF_1103_c79e71,PUR_IED_AlexanderF_1103_c79e71,,,,,
2026-09-12T09:01:11-05:00,PUR_IED_AlexanderF_Ext_c5b18b,PUR_IED_AlexanderF_Ext_c5b18b,,,,,
2026-09-12T09:01:11-05:00,PUR_IED_AlfonsoLopez_Ext_281d77,PUR_IED_AlfonsoLopez_Ext_281d77,,,,,
2026-09-12T09:01:11-05:00,PUR_IED_AlfonsoLopez_LabF_888ce0,PUR_IED_AlfonsoLopez_LabF_888ce0,,,,,
2026-09-12T09:01:11-05:00,PUR_IED_AlfonsoLopez_SMed_df6a7f,PUR_IED_AlfonsoLopez_SMed_df6a7f,,,,,
2026-09-12T09:01:11-05:00,PUR_IED_AltamiraSO_A2_209f92,PUR_IED_AltamiraSO_A2_209f92,,,,,
2026-09-12T09:01:11-05:00,PUR_IED_AltamiraSO_Ext_186d66,PUR_IED_AltamiraSO_Ext_186d66,,,,,
2026-09-12T09:01:11-05:00,PUR_IED_AltamiraSO_Sistem_27afe1,PUR_IED_AltamiraSO_Sistem_27afe1,,,,,
2026-09-12T09:01:11-05:00,PUR_IED_AlvaroGom_LabQuim_813179,PUR_IED_AlvaroGom_LabQuim_813179,,,,,
2026-09-12T09:01:11-05:00,PUR_IED_AlvaroGomez_Ext_47c7ca,PUR_IED_AlvaroGomez_Ext_47c7ca,,,,,
2026-09-12T09:01:11-05:00,PUR_IED_AlvaroGomez_LabQuim_813179,PUR_IED_AlvaroGomez_LabQuim_813179,,,,,
2026-09-12T09:01:11-05:00,PUR_IED_AlvaroGomez_S23_7ba89f,PUR_IED_AlvaroGomez_S23_7ba89f,,,,,
2026-09-12T09:01:11-05:00,PUR_IED_Amistad_306_dc8728,PUR_IED_Amistad_306_dc8728,,,,,
2026-09-12T09:01:11-05:00,PUR_IED_Amistad_Ext_8cd55e,PUR_IED_Amistad_Ext_8cd55e,,,,,
2026-09-12T09:01:11-05:00,PUR_IED_Amistad_S202_a41169,PUR_IED_Amistad_S202_a41169,,,,,
2026-09-12T09:01:11-05:00,PUR_IED_AndresBello_Bio_fd5f5e,PUR_IED_AndresBello_Bio_fd5f5e,,,,,
2026-09-12T09:01:11-05:00,PUR_IED_AndresBello_ext_dcad65,PUR_IED_AndresBello_ext_dcad65,,,,,
2026-09-12T09:01:11-05:00,PUR_IED_AndresBello_port_eed3ec,PUR_IED_AndresBello_port_eed3ec,,,,,
2026-09-12T09:01:11-05:00,PUR_IED_AngelaR_11b_d90a6b,PUR_IED_AngelaR_11b_d90a6b,,,,,
2026-09-12T09:01:11-05:00,PUR_IED_AngelaR_ext_7cad3e,PUR_IED_AngelaR_ext_7cad3e,4,18,68,4.5825,-74.164497
2026-09-12T09:01:11-05:00,PUR_IED_AntJoseSucre_10mo_df2575,PUR_IED_AntJoseSucre_10mo_df2575,,,,,
2026-09-12T09:01:11-05:00,PUR_IED_AntJoseSucre_Ext_215b36,PUR_IED_AntJoseSucre_Ext_215b36,,,,,
2026-09-12T09:01:11-05:00,PUR_IED_AntJoseSucre_Lab_3139de,PUR_IED_AntJoseSucre_Lab_3139de,,,,,
2026-09-12T09:01:11-05:00,PUR_IED_AntonioGarcia_301_d6b188,PUR_IED_AntonioGarcia_301_d6b188,,,,,
2026-09-12T09:01:11-05:00,PUR_IED_AntonioGarcia_302_88a82,PUR_IED_AntonioGarcia_302_88a82,,,,,
2026-09-12T09:01:11-05:00,PUR_IED_AntonioGarcia_Ext_20950c,PUR_IED_AntonioGarcia_Ext_20950c,,,,,
2026-09-12T09:01:11-05:00,PUR_IED_AntonioVan_Aula2_6dea02,PUR_IED_AntonioVan_Aula2_6dea02,,,,,
2026-09-12T09:01:11-05:00,PUR_IED_AntonioVan_Aula5_f1557e,PUR_IED_AntonioVan_Aula5_f1557e,,,,,
2026-09-12T09:01:11-05:00,PUR_IED_AntonioVan_Ext_406f2f,PUR_IED_AntonioVan_Ext_406f2f,,,,,
2026-09-12T09:01:11-05:00,PUR_IED_Atabanzha_Ext_cc5af9,PUR_IED_Atabanzha_Ext_cc5af9,,,,,
2026-09-12T09:01:11-05:00,PUR_IED_Atabanzha_SA101_56c37,PUR_IED_Atabanzha_SA101_56c37,,,,,
2026-09-12T09:01:11-05:00,PUR_IED_Atabanzha_SB302_27b374,PUR_IED_Atabanzha_SB302_27b374,,,,,
2026-09-12T09:01:11-05:00,PUR_IED_Atahualpa_Ext_fc1748,PUR_IED_Atahualpa_Ext_fc1748,,,,,
2026-09-12T09:01:11-05:00,PUR_IED_Atahualpa_Informa_dc9a95,PUR_IED_Atahualpa_Informa_dc9a95,,,,,
2026-09-12T09:01:11-05:00,PUR_IED_Atahualpa_S1101_f98056,PUR_IED_Atahualpa_S1101_f98056,,,,,
2026-09-12T09:01:11-05:00,PUR_IED_Bellavista_Ext_f5aa74,PUR_IED_Bellavista_Ext_f5aa74,,,,,
2026-09-12T09:01:11-05:00,PUR_IED_Bilbao_11A_916c41,PUR_IED_Bilbao_11A_916c41,,,,,
2026-09-12T09:01:11-05:00,PUR_IED_Bilbao_Ext_fb579a,PUR_IED_Bilbao_Ext_fb579a,,,,,
2026-09-12T09:01:11-05:00,PUR_IED_BrasiliaU_A125_304280,PUR_IED_BrasiliaU_A125_304280,,,,,
2026-09-12T09:01:11-05:00,PUR_IED_BrasiliaU_A203_7c8ca5,PUR_IED_BrasiliaU_A203_7c8ca5,,,,,
2026-09-12T09:01:11-05:00,PUR_IED_BrasiliaU_Ext_8d6e9f,PUR_IED_BrasiliaU_Ext_8d6e9f,5,17,68,4.5175,-74.116302
2026-09-12T09:01:11-05:00,PUR_IED_Brasilia_Ext_fe6593,PUR_IED_Brasilia_Ext_fe6593,,,,,
2026-09-12T09:01:11-05:00,PUR_IED_Brasilia_S24_7c130d,PUR_IED_Brasilia_S24_7c130d,,,,,
2026-09-12T09:01:11-05:00,PUR_IED_Brasilia_S501_186a54,PUR_IED_Brasilia_S501_186a54,,,,,
2026-09-12T09:01:11-05:00,PUR_IED_CHARRY_EXT_f1d5cd,PUR_IED_CHARRY_EXT_f1d5cd,,,,,
2026-09-12T09:01:11-05:00,PUR_IED_CHARRY_INTDANZAS_7a08e6,PUR_IED_CHARRY_INTDANZAS_7a08e6,,,,,
2026-09-12T09:01:11-05:00,PUR_IED_CHARRY_INT_AULA20_dc998d,PUR_IED_CHARRY_INT_AULA20_dc998d,,,,,
2026-09-12T09:01:11-05:00,PUR_IED_COLVIV_1101_S25_7f520a,PUR_IED_COLVIV_1101_S25_7f520a,,,,,
2026-09-12T09:01:11-05:00,PUR_IED_COLVIV_1102_S16_f570ba,PUR_IED_COLVIV_1102_S16_f570ba,,,,,
2026-09-12T09:01:11-05:00,PUR_IED_COLVIV_Ext_1a26fa,PUR_IED_COLVIV_Ext_1a26fa,,,,,
2026-09-12T09:01:11-05:00,PUR_IED_CULPOP_301A_f660f3,PUR_IED_CULPOP_301A_f660f3,,,,,
2026-09-12T09:01:11-05:00,PUR_IED_CULPOP_303_568afe,PUR_IED_CULPOP_303_568afe,,,,,
2026-09-12T09:01:11-05:00,PUR_IED_CULPOP_Ext_e02ccb,PUR_IED_CULPOP_Ext_e02ccb,,,,,
2026-09-12T09:01:11-05:00,PUR_IED_CVillavicen_Ext_26eb58,PUR_IED_CVillavicen_Ext_26eb58,5,15,81,4.487,-74.102798
2026-09-12T09:01:11-05:00,PUR_IED_CVillavicen_Intel_1ce5c2,PUR_IED_CVillavicen_Intel_1ce5c2,,,,,
2026-09-12T09:01:11-05:00,PUR_IED_CVillavicen_Poliv_e0766c,PUR_IED_CVillavicen_Poliv_e0766c,,,,,
2026-09-12T09:01:11-05:00,PUR_IED_CVillavicen_int_1ba140,PUR_IED_CVillavicen_int_1ba140,,,,,
2026-09-12T09:01:11-05:00,PUR_IED_CVillavicen_intel_1ba140,PUR_IED_CVillavicen_intel_1ba140,,,,,
2026-09-12T09:01:11-05:00,PUR_IED_CarlosPizarro_Ext_e307cc,PUR_IED_CarlosPizarro_Ext_e307cc,,,,,
2026-09-12T09:01:11-05:00,PUR_IED_CarlosPizarro_L36_7e5cdb,PUR_IED_CarlosPizarro_L36_7e5cdb,,,,,
2026-09-12T09:01:11-05:00,PUR_IED_CarlosPizarro_L37_c8566c,PUR_IED_CarlosPizarro_L37_c8566c,,,,,
2026-09-12T09:01:11-05:00,PUR_IED_Castilla_Ext_cf35f,PUR_IED_Castilla_Ext_cf35f,,,,,
2026-09-12T09:01:11-05:00,PUR_IED_Castilla_SFisik_360e38,PUR_IED_Castilla_SFisik_360e38,,,,,
2026-09-12T09:01:11-05:00,PUR_IED_Castilla_Sc304_496fbf,PUR_IED_Castilla_Sc304_496fbf,,,,,
2026-09-12T09:01:11-05:00,PUR_IED_CervantesSa_Ext_6b57b,PUR_IED_CervantesSa_Ext_6b57b,4,17,72,4.5128,-74.117203
2026-09-12T09:01:11-05:00,PUR_IED_CervantesSa_S107_225c2b,PUR_IED_CervantesSa_S107_225c2b,,,,,
2026-09-12T09:01:11-05:00,PUR_IED_CervantesSa_S108_940925,PUR_IED_CervantesSa_S108_940925,,,,,
2026-09-12T09:01:11-05:00,PUR_IED_Charry_A20_f53e7c,PUR_IED_Charry_A20_f53e7c,,,,,
2026-09-12T09:01:11-05:00,PUR_IED_Charry_Ext_f1d5cd,PUR_IED_Charry_Ext_f1d5cd,,,,,
2026-09-12T09:01:11-05:00,PUR_IED_Charry_IntAula20_dc998d,PUR_IED_Charry_IntAula20_dc998d,,,,,
2026-09-12T09:01:11-05:00,PUR_IED_Charry_IntDanzas_7a08e6,PUR_IED_Charry_IntDanzas_7a08e6,,,,,
2026-09-12T09:01:11-05:00,PUR_IED_ClememciaC_203_43e2fc,PUR_IED_ClememciaC_203_43e2fc,,,,,
2026-09-12T09:01:11-05:00,PUR_IED_ClememciaC_Ext_1b411a,PUR_IED_ClememciaC_Ext_1b411a,,,,,
2026-09-12T09:01:11-05:00,PUR_IED_ClememciaC_Quimic_44b5fc,PUR_IED_ClememciaC_Quimic_44b5fc,,,,,
2026-09-12T09:01:11-05:00,PUR_IED_ClemenciaC_203_43e2fc,PUR_IED_ClemenciaC_203_43e2fc,,,,,
2026-09-12T09:01:11-05:00,PUR_IED_ClemenciaC_Ext_1b411a,PUR_IED_ClemenciaC_Ext_1b411a,,,,,
2026-09-12T09:01:11-05:00,PUR_IED_ClemenciaC_Quimic_44b5fc,PUR_IED_ClemenciaC_Quimic_44b5fc,,,,,
2026-09-12T09:01:11-05:00,PUR_IED_ColViva_1101_S25_7f520a,PUR_IED_ColViva_1101_S25_7f520a,,,,,
2026-09-12T09:01:11-05:00,PUR_IED_ColViva_1102_S16_f570ba,PUR_IED_ColViva_1102_S16_f570ba,,,,,
2026-09-12T09:01:11-05:00,PUR_IED_ColViva_Ext_1a26fa,PUR_IED_ColViva_Ext_1a26fa,,,,,
2026-09-12T09:01:11-05:00,PUR_IED_ColegioBici_Asist_7c8798,PUR_IED_ColegioBici_Asist_7c8798,,,,,
2026-09-12T09:01:11-05:00,PUR_IED_ColegioBici_Ext_25cbf6,PUR_IED_ColegioBici_Ext_25cbf6,,,,,
2026-09-12T09:01:11-05:00,PUR_IED_ColegioBici_LabQ_7b57db,PUR_IED_ColegioBici_LabQ_7b57db,,,,,
2026-09-12T09:01:11-05:00,PUR_IED_CostaRica_Ext_5e640,PUR_IED_CostaRica_Ext_5e640,,,,,
2026-09-12T09:01:11-05:00,PUR_IED_CostaRica_Quim1_766d1c,PUR_IED_CostaRica_Quim1_766d1c,,,,,
2026-09-12T09:01:11-05:00,PUR_IED_CostaRica__Fisica_6f0873,PUR_IED_CostaRica__Fisica_6f0873,,,,,
2026-09-12T09:01:11-05:00,PUR_IED_CulPopu_301A_f660f3,PUR_IED_CulPopu_301A_f660f3,,,,,
2026-09-12T09:01:11-05:00,PUR_IED_CulPopu_303_568afe,PUR_IED_CulPopu_303_568afe,,,,,
2026-09-12T09:01:11-05:00,PUR_IED_CulPopu_Ext_e02ccb,PUR_IED_CulPopu_Ext_e02ccb,,,,,
2026-09-12T09:01:11-05:00,PUR_IED_Cundinamarca_Ext_f15985,PUR_IED_Cundinamarca_Ext_f15985,,,,,
2026-09-12T09:01:11-05:00,PUR_IED_Cundinamarca_Info_7aa5d7,PUR_IED_Cundinamarca_Info_7aa5d7,,,,,
2026-09-12T09:01:11-05:00,PUR_IED_Cundinamarca_Tec2_f449c7,PUR_IED_Cundinamarca_Tec2_f449c7,,,,,
2026-09-12T09:01:11-05:00,PUR_IED_DiegoM_Aula1_27b314,PUR_IED_DiegoM_Aula1_27b314,,,,,
2026-09-12T09:01:11-05:00,PUR_IED_DiegoM_Ext_d80ac8,PUR_IED_DiegoM_Ext_d80ac8,,,,,
2026-09-12T09:01:11-05:00,PUR_IED_DiegoM_S25_da928f,PUR_IED_DiegoM_S25_da928f,,,,,
2026-09-12T09:01:11-05:00,PUR_IED_ELRODEO_360881,PUR_IED_ELRODEO_360881,,,,,
2026-09-12T09:01:11-05:00,PUR_IED_ELRODEO_ext_360881,PUR_IED_ELRODEO_ext_360881,,,,,
2026-09-12T09:01:11-05:00,PUR_IED_EduardoU_Ext_1c1969,PUR_IED_EduardoU_Ext_1c1969,,,,,
2026-09-12T09:01:11-05:00,PUR_IED_EduardoU_SCiencia_4dfb94,PUR_IED_EduardoU_SCiencia_4dfb94,,,,,
2026-09-12T09:01:11-05:00,PUR_IED_EduardoU_SQuimica_5a46e7,PUR_IED_EduardoU_SQuimica_5a46e7,,,,,
2026-09-12T09:01:11-05:00,PUR_IED_ElRodeo_Aula14_676984,PUR_IED_ElRodeo_Aula14_676984,,,,,
2026-09-12T09:01:11-05:00,PUR_IED_ElRodeo_Aula16_2dd35b,PUR_IED_ElRodeo_Aula16_2dd35b,,,,,
2026-09-12T09:01:11-05:00,PUR_IED_ElRodeo_Ext_360881,PUR_IED_ElRodeo_Ext_360881,,,,,
2026-09-12T09:01:11-05:00,PUR_IED_ElRodeo_Exterior_8c6d28,PUR_IED_ElRodeo_Exterior_8c6d28,,,,,
2026-09-12T09:01:11-05:00,PUR_IED_ElRodeo_ext_360881,PUR_IED_ElRodeo_ext_360881,,,,,
2026-09-12T09:01:11-05:00,PUR_IED_EmmaReyes_Ext_987625,PUR_IED_EmmaReyes_Ext_987625,5,21,53,4.6367,-74.1511
2026-09-12T09:01:11-05:00,PUR_IED_Ensueño_Ext_7f0250,PUR_IED_Ensueño_Ext_7f0250,,,,,
2026-09-12T09:01:11-05:00,PUR_IED_EscNormal_Ext_5fef3b,PUR_IED_EscNormal_Ext_5fef3b,2,19,62,4.5852,-74.096901
2026-09-12T09:01:11-05:00,PUR_IED_EscNormal_S309_5b263,PUR_IED_EscNormal_S309_5b263,,,,,
2026-09-12T09:01:11-05:00,PUR_IED_EscNormal_S310_27b3b8,PUR_IED_EscNormal_S310_27b3b8,,,,,
2026-09-12T09:01:11-05:00,PUR_IED_Evangelista_Conta_f6cd4f,PUR_IED_Evangelista_Conta_f6cd4f,,,,,
2026-09-12T09:01:11-05:00,PUR_IED_Evangelista_Cri_5e16a,PUR_IED_Evangelista_Cri_5e16a,,,,,
2026-09-12T09:01:11-05:00,PUR_IED_Evangelista_Exter_754066,PUR_IED_Evangelista_Exter_754066,,,,,
2026-09-12T09:01:11-05:00,PUR_IED_FMiranda_S209_5cc2a3,PUR_IED_FMiranda_S209_5cc2a3,,,,,
2026-09-12T09:01:11-05:00,PUR_IED_FMiranda_S303_19e344,PUR_IED_FMiranda_S303_19e344,,,,,
2026-09-12T09:01:11-05:00,PUR_IED_FMiranda_ext_f53e7c,PUR_IED_FMiranda_ext_f53e7c,,,,,
2026-09-12T09:01:11-05:00,PUR_IED_FabioLozano_Bibli_1cee05,PUR_IED_FabioLozano_Bibli_1cee05,,,,,
2026-09-12T09:01:11-05:00,PUR_IED_FabioLozano_Ext_6ea285,PUR_IED_FabioLozano_Ext_6ea285,,,,,
2026-09-12T09:01:11-05:00,PUR_IED_FabioLozano_SLudi_f09e1e,PUR_IED_FabioLozano_SLudi_f09e1e,,,,,
2026-09-12T09:01:11-05:00,PUR_IED_FaustinoS_Aula07_27a731,PUR_IED_FaustinoS_Aula07_27a731,,,,,
2026-09-12T09:01:11-05:00,PUR_IED_FaustinoS_Ext_7b936f,PUR_IED_FaustinoS_Ext_7b936f,,,,,
2026-09-12T09:01:11-05:00,PUR_IED_FaustinoS_Fisica_da2c60,PUR_IED_FaustinoS_Fisica_da2c60,,,,,
2026-09-12T09:01:11-05:00,PUR_IED_FeGarciaLo_Ext_dc68ee,PUR_IED_FeGarciaLo_Ext_dc68ee,,,,,
2026-09-12T09:01:11-05:00,PUR_IED_FeGarciaLo_SDanza_f70a59,PUR_IED_FeGarciaLo_SDanza_f70a59,,,,,
2026-09-12T09:01:11-05:00,PUR_IED_FeGarciaLo_SMusic_125cdd,PUR_IED_FeGarciaLo_SMusic_125cdd,,,,,
2026-09-12T09:01:11-05:00,PUR_IED_FederalAlema_Exte_50c345,PUR_IED_FederalAlema_Exte_50c345,,,,,
2026-09-12T09:01:11-05:00,PUR_IED_FederalAlema_S31_f18371,PUR_IED_FederalAlema_S31_f18371,,,,,
2026-09-12T09:01:11-05:00,PUR_IED_FederalAlema_S901_a62cd,PUR_IED_FederalAlema_S901_a62cd,,,,,
2026-09-12T09:01:11-05:00,PUR_IED_FilarmonicaS_A5_f35eb1,PUR_IED_FilarmonicaS_A5_f35eb1,,,,,
2026-09-12T09:01:11-05:00,PUR_IED_FilarmonicaS_Ext_8a3bde,PUR_IED_FilarmonicaS_Ext_8a3bde,,,,,
2026-09-12T09:01:11-05:00,PUR_IED_FilarmonicaS_Spol_406114,PUR_IED_FilarmonicaS_Spol_406114,,,,,
2026-09-12T09:01:11-05:00,PUR_IED_FlorentinoG_A13_d1fa59,PUR_IED_FlorentinoG_A13_d1fa59,,,,,
2026-09-12T09:01:11-05:00,PUR_IED_FlorentinoG_Ext_1ce6ce,PUR_IED_FlorentinoG_Ext_1ce6ce,,,,,
2026-09-12T09:01:11-05:00,PUR_IED_FlorentinoG_Idiom_a66aac,PUR_IED_FlorentinoG_Idiom_a66aac,,,,,
2026-09-12T09:01:11-05:00,PUR_IED_FranciscoMati_Ext_e3869d,PUR_IED_FranciscoMati_Ext_e3869d,,,,,
2026-09-12T09:01:11-05:00,PUR_IED_FranciscoMati_S13_f31c67,PUR_IED_FranciscoMati_S13_f31c67,,,,,
2026-09-12T09:01:11-05:00,PUR_IED_FranciscoMati_S14_97dead,PUR_IED_FranciscoMati_S14_97dead,,,,,
2026-09-12T09:01:11-05:00,PUR_IED_FranciscoPS_Ext_7bfa9a,PUR_IED_FranciscoPS_Ext_7bfa9a,4,20,59,4.5899,-74.110397
2026-09-12T09:01:11-05:00,PUR_IED_FranciscoPS_Infor_fb8f4c,PUR_IED_FranciscoPS_Infor_fb8f4c,,,,,
2026-09-12T09:01:11-05:00,PUR_IED_FranciscoPS_Quimi_94d39c,PUR_IED_FranciscoPS_Quimi_94d39c,,,,,
2026-09-12T09:01:11-05:00,PUR_IED_FranciscoP_LabQ_d7e148,PUR_IED_FranciscoP_LabQ_d7e148,,,,,
2026-09-12T09:01:11-05:00,PUR_IED_FranciscoP_S28_cf9b30,PUR_IED_FranciscoP_S28_cf9b30,,,,,
2026-09-12T09:01:11-05:00,PUR_IED_FranciscoP_ext_e2313,PUR_IED_FranciscoP_ext_e2313,,,,,
2026-09-12T09:01:11-05:00,PUR_IED_FriederichN_Ext_8ac92a,PUR_IED_FriederichN_Ext_8ac92a,,,,,
2026-09-12T09:01:11-05:00,PUR_IED_FriederichN_S301_dd7e5a,PUR_IED_FriederichN_S301_dd7e5a,,,,,
2026-09-12T09:01:11-05:00,PUR_IED_FriederichN_S308_761f4f,PUR_IED_FriederichN_S308_761f4f,,,,,
2026-09-12T09:01:11-05:00,PUR_IED_GSantander_Aula10_533dd7,PUR_IED_GSantander_Aula10_533dd7,,,,,
2026-09-12T09:01:11-05:00,PUR_IED_GSantander_Aula12_fd4e4f,PUR_IED_GSantander_Aula12_fd4e4f,,,,,
2026-09-12T09:01:11-05:00,PUR_IED_GSantander_Aula310_533dd7,PUR_IED_GSantander_Aula310_533dd7,,,,,
2026-09-12T09:01:11-05:00,PUR_IED_GSantander_Aula312_fd4e4f,PUR_IED_GSantander_Aula312_fd4e4f,,,,,
2026-09-12T09:01:11-05:00,PUR_IED_GSantander_Ext_5f66b0,PUR_IED_GSantander_Ext_5f66b0,,,,,
2026-09-12T09:01:11-05:00,PUR_IED_GYomasa_Ext_f6bea5,PUR_IED_GYomasa_Ext_f6bea5,,,,,
2026-09-12T09:01:11-05:00,PUR_IED_GYomasa_LBiol_2c41aa,PUR_IED_GYomasa_LBiol_2c41aa,,,,,
2026-09-12T09:01:11-05:00,PUR_IED_GYomasa_LQuim_33c80,PUR_IED_GYomasa_LQuim_33c80,,,,,
2026-09-12T09:01:11-05:00,PUR_IED_GabBetMejia_Cienc_5a99c,PUR_IED_GabBetMejia_Cienc_5a99c,,,,,
2026-09-12T09:01:11-05:00,PUR_IED_GabBetMejia_Ext_9153d0,PUR_IED_GabBetMejia_Ext_9153d0,,,,,
2026-09-12T09:01:11-05:00,PUR_IED_GabBetMejia_Lab_f55347,PUR_IED_GabBetMejia_Lab_f55347,,,,,
2026-09-12T09:01:11-05:00,PUR_IED_GabBetanMejia_Ext_9153d0,PUR_IED_GabBetanMejia_Ext_9153d0,,,,,
2026-09-12T09:01:11-05:00,PUR_IED_Gaitana_Aula13_7aac11,PUR_IED_Gaitana_Aula13_7aac11,,,,,
2026-09-12T09:01:11-05:00,PUR_IED_Gaitana_Ext_5fcf4,PUR_IED_Gaitana_Ext_5fcf4,,,,,
2026-09-12T09:01:11-05:00,PUR_IED_Gaitana_LabFisica_644448,PUR_IED_Gaitana_LabFisica_644448,,,,,
2026-09-12T09:01:11-05:00,PUR_IED_GenSantander_Dise_8ac858,PUR_IED_GenSantander_Dise_8ac858,,,,,
2026-09-12T09:01:11-05:00,PUR_IED_GenSantander_Ext_8d5dfe,PUR_IED_GenSantander_Ext_8d5dfe,,,,,
2026-09-12T09:01:11-05:00,PUR_IED_GenSantander_Info_6c25b,PUR_IED_GenSantander_Info_6c25b,,,,,
2026-09-12T09:01:11-05:00,PUR_IED_GustavoMo_Exterio_75e63d,PUR_IED_GustavoMo_Exterio_75e63d,,,,,
2026-09-12T09:01:11-05:00,PUR_IED_GustavoMo_LabFisi_224d37,PUR_IED_GustavoMo_LabFisi_224d37,,,,,
2026-09-12T09:01:11-05:00,PUR_IED_GustavoMo_S208_3e6918,PUR_IED_GustavoMo_S208_3e6918,,,,,
2026-09-12T09:01:11-05:00,PUR_IED_GustavoR_A02_8cd4a8,PUR_IED_GustavoR_A02_8cd4a8,,,,,
2026-09-12T09:01:11-05:00,PUR_IED_GustavoR_B11_5b0ed,PUR_IED_GustavoR_B11_5b0ed,,,,,
2026-09-12T09:01:11-05:00,PUR_IED_GustavoR_Ext_7a0c90,PUR_IED_GustavoR_Ext_7a0c90,,,,,
2026-09-12T09:01:11-05:00,PUR_IED_HernandoDuran_Ext_8cd82b,PUR_IED_HernandoDuran_Ext_8cd82b,,,,,
2026-09-12T09:01:11-05:00,PUR_IED_HernandoDuran_S24_2772c6,PUR_IED_HernandoDuran_S24_2772c6,,,,,
2026-09-12T09:01:11-05:00,PUR_IED_HernandoDuran_S30_f2de41,PUR_IED_HernandoDuran_S30_f2de41,,,,,
2026-09-12T09:01:11-05:00,PUR_IED_HolguInUr_S1101_8cd732,PUR_IED_HolguInUr_S1101_8cd732,,,,,
2026-09-12T09:01:11-05:00,PUR_IED_HolguinUr_Exter_ddae6d,PUR_IED_HolguinUr_Exter_ddae6d,,,,,
2026-09-12T09:01:11-05:00,PUR_IED_HolguinUr_LabQuim_92b952,PUR_IED_HolguinUr_LabQuim_92b952,,,,,
2026-09-12T09:01:11-05:00,PUR_IED_Isabel-II_Ext_5245cc,PUR_IED_Isabel-II_Ext_5245cc,2,18,60,4.6336,-74.153
2026-09-12T09:01:11-05:00,PUR_IED_Isabel-II_S_idiom_1c29aa,PUR_IED_Isabel-II_S_idiom_1c29aa,,,,,
2026-09-12T09:01:11-05:00,PUR_IED_Isabel-II_S_infor_fd741,PUR_IED_Isabel-II_S_infor_fd741,,,,,
2026-09-12T09:01:11-05:00,PUR_IED_IsidroSur_Exterio_5b90ea,PUR_IED_IsidroSur_Exterio_5b90ea,,,,,
2026-09-12T09:01:11-05:00,PUR_IED_IsidroSur_LabTec_56697a,PUR_IED_IsidroSur_LabTec_56697a,,,,,
2026-09-12T09:01:11-05:00,PUR_IED_IsidroSur_Robotic_b7c38f,PUR_IED_IsidroSur_Robotic_b7c38f,,,,,
2026-09-12T09:01:11-05:00,PUR_IED_IsmaelPerd_Ext_7b6672,PUR_IED_IsmaelPerd_Ext_7b6672,,,,,
2026-09-12T09:01:11-05:00,PUR_IED_IsmaelPerd_Inform_306540,PUR_IED_IsmaelPerd_Inform_306540,,,,,
2026-09-12T09:01:11-05:00,PUR_IED_IsmaelPerd_S30_2e2c83,PUR_IED_IsmaelPerd_S30_2e2c83,,,,,
2026-09-12T09:01:11-05:00,PUR_IED_JLozano_Exter_432910,PUR_IED_JLozano_Exter_432910,,,,,
2026-09-12T09:01:11-05:00,PUR_IED_JLozano_salaMulti_df5125,PUR_IED_JLozano_salaMulti_df5125,,,,,
2026-09-12T09:01:11-05:00,PUR_IED_JMCordoba_206_86f80b,PUR_IED_JMCordoba_206_86f80b,,,,,
2026-09-12T09:01:11-05:00,PUR_IED_JMCordoba_Ext_27ad97,PUR_IED_JMCordoba_Ext_27ad97,,,,,
2026-09-12T09:01:11-05:00,PUR_IED_JMCordoba_S310_d59ab4,PUR_IED_JMCordoba_S310_d59ab4,,,,,
2026-09-12T09:01:11-05:00,PUR_IED_Japon_Ext_549100,PUR_IED_Japon_Ext_549100,,,,,
2026-09-12T09:01:11-05:00,PUR_IED_Japon_Laboratorio_bec51d,PUR_IED_Japon_Laboratorio_bec51d,,,,,
2026-09-12T09:01:11-05:00,PUR_IED_Japon_informatica_d99327,PUR_IED_Japon_informatica_d99327,,,,,
2026-09-12T09:01:11-05:00,PUR_IED_Jazmin_Ext_d27bda,PUR_IED_Jazmin_Ext_d27bda,,,,,
2026-09-12T09:01:11-05:00,PUR_IED_Jazmin_Fisica_8d14d7,PUR_IED_Jazmin_Fisica_8d14d7,,,,,
2026-09-12T09:01:11-05:00,PUR_IED_Jazmin_Quimica_801cb5,PUR_IED_Jazmin_Quimica_801cb5,,,,,
2026-09-12T09:01:11-05:00,PUR_IED_JorgeGaitan_Exter_f098d1,PUR_IED_JorgeGaitan_Exter_f098d1,,,,,
2026-09-12T09:01:11-05:00,PUR_IED_JorgeGaitan_STec1_dc9d1d,PUR_IED_JorgeGaitan_STec1_dc9d1d,,,,,
2026-09-12T09:01:11-05:00,PUR_IED_JorgeGaitan_STec2_281e69,PUR_IED_JorgeGaitan_STec2_281e69,,,,,
2026-09-12T09:01:11-05:00,PUR_IED_JorgeSoto_Exterio_d9d0a2,PUR_IED_JorgeSoto_Exterio_d9d0a2,,,,,
2026-09-12T09:01:11-05:00,PUR_IED_JorgeSoto_LabFisi_209c54,PUR_IED_JorgeSoto_LabFisi_209c54,,,,,
2026-09-12T09:01:11-05:00,PUR_IED_JorgeSoto_S103_27b51a,PUR_IED_JorgeSoto_S103_27b51a,,,,,
2026-09-12T09:01:11-05:00,PUR_IED_JoseAcevedo_A02_e965eb,PUR_IED_JoseAcevedo_A02_e965eb,,,,,
2026-09-12T09:01:11-05:00,PUR_IED_JoseAcevedo_A07_dd5b4,PUR_IED_JoseAcevedo_A07_dd5b4,,,,,
2026-09-12T09:01:11-05:00,PUR_IED_JoseAcevedo_Ext_b47484,PUR_IED_JoseAcevedo_Ext_b47484,,,,,
2026-09-12T09:01:11-05:00,PUR_IED_JoseMarti_Exte_5b9bf,PUR_IED_JoseMarti_Exte_5b9bf,,,,,
2026-09-12T09:01:11-05:00,PUR_IED_JoseMarti_LabQuim_1c6c2d,PUR_IED_JoseMarti_LabQuim_1c6c2d,,,,,
2026-09-12T09:01:11-05:00,PUR_IED_JoseMarti_S_info_f5f177,PUR_IED_JoseMarti_S_info_f5f177,,,,,
2026-09-12T09:01:11-05:00,PUR_IED_Josejoaquin_Ext_dfc5dc,PUR_IED_Josejoaquin_Ext_dfc5dc,,,,,
2026-09-12T09:01:11-05:00,PUR_IED_Josejoaquin_S05_5b2a96,PUR_IED_Josejoaquin_S05_5b2a96,,,,,
2026-09-12T09:01:11-05:00,PUR_IED_Josejoaquin_S06_1ce7d2,PUR_IED_Josejoaquin_S06_1ce7d2,,,,,
2026-09-12T09:01:11-05:00,PUR_IED_JulioFlorez_Danza_9b82dd,PUR_IED_JulioFlorez_Danza_9b82dd,,,,,
2026-09-12T09:01:11-05:00,PUR_IED_JulioFlorez_Exter_f9f314,PUR_IED_JulioFlorez_Exter_f9f314,,,,,
2026-09-12T09:01:11-05:00,PUR_IED_JulioFlorez_info2_6b6e08,PUR_IED_JulioFlorez_info2_6b6e08,,,,,
2026-09-12T09:01:11-05:00,PUR_IED_LaBelleza_Aula13_1d00d8,PUR_IED_LaBelleza_Aula13_1d00d8,,,,,
2026-09-12T09:01:11-05:00,PUR_IED_LaBelleza_Ext_7bc08c,PUR_IED_LaBelleza_Ext_7bc08c,,,,,
2026-09-12T09:01:11-05:00,PUR_IED_LaChucua_Ext_8cd6d2,PUR_IED_LaChucua_Ext_8cd6d2,,,,,
2026-09-12T09:01:11-05:00,PUR_IED_LaChucua_S15_f578ce,PUR_IED_LaChucua_S15_f578ce,,,,,
2026-09-12T09:01:11-05:00,PUR_IED_LaChucua_S16_eebcf9,PUR_IED_LaChucua_S16_eebcf9,,,,,
2026-09-12T09:01:11-05:00,PUR_IED_LaFelicidad_Ext_fb5109,PUR_IED_LaFelicidad_Ext_fb5109,,,,,
2026-09-12T09:01:11-05:00,PUR_IED_LaMerced_206_66ebd,PUR_IED_LaMerced_206_66ebd,,,,,
2026-09-12T09:01:11-05:00,PUR_IED_LaMerced_207_6ebd6,PUR_IED_LaMerced_207_6ebd6,,,,,
2026-09-12T09:01:11-05:00,PUR_IED_LaMerced_ext_304311,PUR_IED_LaMerced_ext_304311,,,,,
2026-09-12T09:01:11-05:00,PUR_IED_Laureano_CiencNat_281e5e,PUR_IED_Laureano_CiencNat_281e5e,,,,,
2026-09-12T09:01:11-05:00,PUR_IED_Laureano_Comedor_f65c0a,PUR_IED_Laureano_Comedor_f65c0a,,,,,
2026-09-12T09:01:11-05:00,PUR_IED_Laureano_Exterior_7ab011,PUR_IED_Laureano_Exterior_7ab011,,,,,
2026-09-12T09:01:11-05:00,PUR_IED_LeonGreiff_Exte_dfe560,PUR_IED_LeonGreiff_Exte_dfe560,,,,,
2026-09-12T09:01:11-05:00,PUR_IED_LeonGreiff_S210_f264ed,PUR_IED_LeonGreiff_S210_f264ed,,,,,
2026-09-12T09:01:11-05:00,PUR_IED_LeonGreiff_SQuimi_e8296f,PUR_IED_LeonGreiff_SQuimi_e8296f,,,,,
2026-09-12T09:01:11-05:00,PUR_IED_LlanoOrientalS208_7b9fcd,PUR_IED_LlanoOrientalS208_7b9fcd,,,,,
2026-09-12T09:01:11-05:00,PUR_IED_LlanoOriental_Ext_fb3766,PUR_IED_LlanoOriental_Ext_fb3766,,,,,
2026-09-12T09:01:11-05:00,PUR_IED_LlanoOriental_S208_7b9fcd,PUR_IED_LlanoOriental_S208_7b9fcd,,,,,
2026-09-12T09:01:11-05:00,PUR_IED_LlanoOriental_S9_27b378,PUR_IED_LlanoOriental_S9_27b378,,,,,
2026-09-12T09:01:11-05:00,PUR_IED_LosTejares_1101_477602,PUR_IED_LosTejares_1101_477602,,,,,
2026-09-12T09:01:11-05:00,PUR_IED_LosTejares_11_d2c595,PUR_IED_LosTejares_11_d2c595,,,,,
2026-09-12T09:01:11-05:00,PUR_IED_LosTejares_12_477602,PUR_IED_LosTejares_12_477602,,,,,
2026-09-12T09:01:11-05:00,PUR_IED_LosTejares_Ext_8e2115,PUR_IED_LosTejares_Ext_8e2115,,,,,
2026-09-12T09:01:11-05:00,PUR_IED_MagdalenaO_B202_5ddda3,PUR_IED_MagdalenaO_B202_5ddda3,,,,,
2026-09-12T09:01:11-05:00,PUR_IED_MagdalenaO_B205_fb76e8,PUR_IED_MagdalenaO_B205_fb76e8,,,,,
2026-09-12T09:01:11-05:00,PUR_IED_MagdalenaO_ext_dc69cd,PUR_IED_MagdalenaO_ext_dc69cd,,,,,
2026-09-12T09:01:11-05:00,PUR_IED_ManueCepeda_artes_eee956,PUR_IED_ManueCepeda_artes_eee956,,,,,
2026-09-12T09:01:11-05:00,PUR_IED_ManuelCepeda_Ext_58313,PUR_IED_ManuelCepeda_Ext_58313,,,,,
2026-09-12T09:01:11-05:00,PUR_IED_ManuelCepeda_tec_1c5731,PUR_IED_ManuelCepeda_tec_1c5731,,,,,
2026-09-12T09:01:11-05:00,PUR_IED_ManuelS_Exterior_5b269,PUR_IED_ManuelS_Exterior_5b269,,,,,
2026-09-12T09:01:11-05:00,PUR_IED_ManuelS_Inform_f369ce,PUR_IED_ManuelS_Inform_f369ce,,,,,
2026-09-12T09:01:11-05:00,PUR_IED_ManuelS_SArtes_7d15f1,PUR_IED_ManuelS_SArtes_7d15f1,,,,,
2026-09-12T09:01:11-05:00,PUR_IED_ManuelZapata_303_3ca6,PUR_IED_ManuelZapata_303_3ca6,,,,,
2026-09-12T09:01:11-05:00,PUR_IED_ManuelZapata_311_bfbabc,PUR_IED_ManuelZapata_311_bfbabc,,,,,
2026-09-12T09:01:11-05:00,PUR_IED_ManuelZapata_Ext_50824a,PUR_IED_ManuelZapata_Ext_50824a,,,,,
2026-09-12T09:01:11-05:00,PUR_IED_ManuelitaS_Exteri_656a92,PUR_IED_ManuelitaS_Exteri_656a92,,,,,
2026-09-12T09:01:11-05:00,PUR_IED_ManuelitaS_JuzgDe_f58ec3,PUR_IED_ManuelitaS_JuzgDe_f58ec3,,,,,
2026-09-12T09:01:11-05:00,PUR_IED_ManuelitaS_Recrea_d793db,PUR_IED_ManuelitaS_Recrea_d793db,,,,,
2026-09-12T09:01:11-05:00,PUR_IED_MarFidSuarez_Ext_c27b19,PUR_IED_MarFidSuarez_Ext_c27b19,,,,,
2026-09-12T09:01:11-05:00,PUR_IED_MarFidSuarez_Info_e384d7,PUR_IED_MarFidSuarez_Info_e384d7,,,,,
2026-09-12T09:01:11-05:00,PUR_IED_MarFidSuarez_S306_1d0032,PUR_IED_MarFidSuarez_S306_1d0032,,,,,
2026-09-12T09:01:11-05:00,PUR_IED_Menorah_301_2a25a3,PUR_IED_Menorah_301_2a25a3,,,,,
2026-09-12T09:01:11-05:00,PUR_IED_Menorah_306_37ed3,PUR_IED_Menorah_306_37ed3,,,,,
2026-09-12T09:01:11-05:00,PUR_IED_Menorah_Ext_3e155b,PUR_IED_Menorah_Ext_3e155b,,,,,
2026-09-12T09:01:11-05:00,PUR_IED_MinutoB.Aires_A11_1b1604,PUR_IED_MinutoB.Aires_A11_1b1604,,,,,
2026-09-12T09:01:11-05:00,PUR_IED_MinutoB.Aires_A12_fb5860,PUR_IED_MinutoB.Aires_A12_fb5860,,,,,
2026-09-12T09:01:11-05:00,PUR_IED_MinutoB.Aires_Ext_81293f,PUR_IED_MinutoB.Aires_Ext_81293f,,,,,
2026-09-12T09:01:11-05:00,PUR_IED_MinutoBAires_A11_1b1604,PUR_IED_MinutoBAires_A11_1b1604,,,,,
2026-09-12T09:01:11-05:00,PUR_IED_MinutoBAires_A12_fb5860,PUR_IED_MinutoBAires_A12_fb5860,,,,,
2026-09-12T09:01:11-05:00,PUR_IED_MinutoBAires_Ext_81293f,PUR_IED_MinutoBAires_Ext_81293f,,,,,
2026-09-12T09:01:11-05:00,PUR_IED_Montreal_Aula10_1e4959,PUR_IED_Montreal_Aula10_1e4959,,,,,
2026-09-12T09:01:11-05:00,PUR_IED_Montreal_Aula6_300367,PUR_IED_Montreal_Aula6_300367,,,,,
2026-09-12T09:01:11-05:00,PUR_IED_Montreal_Exterior_91a179,PUR_IED_Montreal_Exterior_91a179,,,,,
2026-09-12T09:01:11-05:00,PUR_IED_Mqgdalena_B202_5ddda3,PUR_IED_Mqgdalena_B202_5ddda3,,,,,
2026-09-12T09:01:11-05:00,PUR_IED_NACUND_Soc_dc8728,PUR_IED_NACUND_Soc_dc8728,,,,,
2026-09-12T09:01:11-05:00,PUR_IED_NACUND_ext_27ad97,PUR_IED_NACUND_ext_27ad97,,,,,
2026-09-12T09:01:11-05:00,PUR_IED_NEsperanza_Ext_d24b61,PUR_IED_NEsperanza_Ext_d24b61,,,,,
2026-09-12T09:01:11-05:00,PUR_IED_NEsperanza_SElect_7d1807,PUR_IED_NEsperanza_SElect_7d1807,,,,,
2026-09-12T09:01:11-05:00,PUR_IED_NEsperanza_SLabor_8b2d0a,PUR_IED_NEsperanza_SLabor_8b2d0a,,,,,
2026-09-12T09:01:11-05:00,PUR_IED_NacionesU_Ext_f661a9,PUR_IED_NacionesU_Ext_f661a9,,,,,
2026-09-12T09:01:11-05:00,PUR_IED_NacionesU_Quimica_66f0a,PUR_IED_NacionesU_Quimica_66f0a,,,,,
2026-09-12T09:01:11-05:00,PUR_IED_NacionesU_S306_1b4b3d,PUR_IED_NacionesU_S306_1b4b3d,,,,,
2026-09-12T09:01:11-05:00,PUR_IED_NestorFA_Ext_e4201c,PUR_IED_NestorFA_Ext_e4201c,,,,,
2026-09-12T09:01:11-05:00,PUR_IED_NestorFA_Laborato_f22fe0,PUR_IED_NestorFA_Laborato_f22fe0,,,,,
2026-09-12T09:01:11-05:00,PUR_IED_NestorFA_S204_dee996,PUR_IED_NestorFA_S204_dee996,,,,,
2026-09-12T09:01:11-05:00,PUR_IED_NidyaQT_Aula03_76999b,PUR_IED_NidyaQT_Aula03_76999b,,,,,
2026-09-12T09:01:11-05:00,PUR_IED_NidyaQT_Aula10_56325,PUR_IED_NidyaQT_Aula10_56325,,,,,
2026-09-12T09:01:11-05:00,PUR_IED_NidyaQT_Ext_46e32d,PUR_IED_NidyaQT_Ext_46e32d,,,,,
2026-09-12T09:01:11-05:00,PUR_IED_NuevaCol_Exterior_d9b859,PUR_IED_NuevaCol_Exterior_d9b859,,,,,
2026-09-12T09:01:11-05:00,PUR_IED_NuevaCol_S1101_76c43b,PUR_IED_NuevaCol_S1101_76c43b,,,,,
2026-09-12T09:01:11-05:00,PUR_IED_NuevaCol_S1102_1ce0b5,PUR_IED_NuevaCol_S1102_1ce0b5,,,,,
2026-09-12T09:01:11-05:00,PUR_IED_OEA_A202_f7e3f2,PUR_IED_OEA_A202_f7e3f2,,,,,
2026-09-12T09:01:11-05:00,PUR_IED_OEA_A203_7d1b8d,PUR_IED_OEA_A203_7d1b8d,,,,,
2026-09-12T09:01:11-05:00,PUR_IED_OEA_Ext_27b593,PUR_IED_OEA_Ext_27b593,,,,,
2026-09-12T09:01:11-05:00,PUR_IED_Ochoa_Ext_1c29da,PUR_IED_Ochoa_Ext_1c29da,,,,,
2026-09-12T09:01:11-05:00,PUR_IED_Ochoa_S205_8b1121,PUR_IED_Ochoa_S205_8b1121,,,,,
2026-09-12T09:01:11-05:00,PUR_IED_Ochoa_Sistemas_f33af6,PUR_IED_Ochoa_Sistemas_f33af6,,,,,
2026-09-12T09:01:11-05:00,PUR_IED_PQuebec_Ext_1c67c7,PUR_IED_PQuebec_Ext_1c67c7,,,,,
2026-09-12T09:01:11-05:00,PUR_IED_PQuebec_S15_23e8e2,PUR_IED_PQuebec_S15_23e8e2,,,,,
2026-09-12T09:01:11-05:00,PUR_IED_PQuebec_S16_8ec76b,PUR_IED_PQuebec_S16_8ec76b,,,,,
2026-09-12T09:01:11-05:00,PUR_IED_PabloN_Ext_49dc96,PUR_IED_PabloN_Ext_49dc96,,,,,
2026-09-12T09:01:11-05:00,PUR_IED_PabloN_S1102_4e3df5,PUR_IED_PabloN_S1102_4e3df5,,,,,
2026-09-12T09:01:11-05:00,PUR_IED_PabloN_S1103_50c94b,PUR_IED_PabloN_S1103_50c94b,,,,,
2026-09-12T09:01:11-05:00,PUR_IED_Palestina_S1101_db9198,PUR_IED_Palestina_S1101_db9198,,,,,
2026-09-12T09:01:11-05:00,PUR_IED_Palestina_S1102_dc54fa,PUR_IED_Palestina_S1102_dc54fa,,,,,
2026-09-12T09:01:11-05:00,PUR_IED_Palestina_ext_4ccce6,PUR_IED_Palestina_ext_4ccce6,,,,,
2026-09-12T09:01:11-05:00,PUR_IED_Panama_Fisica_4d0794,PUR_IED_Panama_Fisica_4d0794,,,,,
2026-09-12T09:01:11-05:00,PUR_IED_Panama_SIngles_a4077e,PUR_IED_Panama_SIngles_a4077e,,,,,
2026-09-12T09:01:11-05:00,PUR_IED_Panama_ext_4c54b4,PUR_IED_Panama_ext_4c54b4,,,,,
2026-09-12T09:01:11-05:00,PUR_IED_ParaisoM_Exterior_8cd7f0,PUR_IED_ParaisoM_Exterior_8cd7f0,,,,,
2026-09-12T09:01:11-05:00,PUR_IED_ParaisoM_Laborato_27af35,PUR_IED_ParaisoM_Laborato_27af35,,,,,
2026-09-12T09:01:11-05:00,PUR_IED_ParaisoM_S304_d1edca,PUR_IED_ParaisoM_S304_d1edca,,,,,
2026-09-12T09:01:11-05:00,PUR_IED_PorfirioBarba_Ext_301466,PUR_IED_PorfirioBarba_Ext_301466,,,,,
2026-09-12T09:01:11-05:00,PUR_IED_PorfirioBarba_S11_df6cd2,PUR_IED_PorfirioBarba_S11_df6cd2,,,,,
2026-09-12T09:01:11-05:00,PUR_IED_PorfirioBarba_S29_27a7d6,PUR_IED_PorfirioBarba_S29_27a7d6,,,,,
2026-09-12T09:01:11-05:00,PUR_IED_PradoV_Exter_8b27ad,PUR_IED_PradoV_Exter_8b27ad,,,,,
2026-09-12T09:01:11-05:00,PUR_IED_PradoV_S301_de65b5,PUR_IED_PradoV_S301_de65b5,,,,,
2026-09-12T09:01:11-05:00,PUR_IED_PradoV_S302_7d2593,PUR_IED_PradoV_S302_7d2593,,,,,
2026-09-12T09:01:11-05:00,PUR_IED_QuirogaAlz_Ext_1ddc82,PUR_IED_QuirogaAlz_Ext_1ddc82,,,,,
2026-09-12T09:01:11-05:00,PUR_IED_QuirogaAlz_S302_9926a3,PUR_IED_QuirogaAlz_S302_9926a3,,,,,
2026-09-12T09:01:11-05:00,PUR_IED_QuirogaAlz_S305_cdf1f1,PUR_IED_QuirogaAlz_S305_cdf1f1,,,,,
2026-09-12T09:01:11-05:00,PUR_IED_RGuatemala_Biling_dc53b7,PUR_IED_RGuatemala_Biling_dc53b7,,,,,
2026-09-12T09:01:11-05:00,PUR_IED_RGuatemala_Ext_1b89a3,PUR_IED_RGuatemala_Ext_1b89a3,,,,,
2026-09-12T09:01:11-05:00,PUR_IED_RGuatemala_Tecnol_281a34,PUR_IED_RGuatemala_Tecnol_281a34,,,,,
2026-09-12T09:01:11-05:00,PUR_IED_RafaNu_Ext_f7c302,PUR_IED_RafaNu_Ext_f7c302,,,,,
2026-09-12T09:01:11-05:00,PUR_IED_RafaNu_S1101_25fde,PUR_IED_RafaNu_S1101_25fde,,,,,
2026-09-12T09:01:11-05:00,PUR_IED_RafaNu_S1102_281517,PUR_IED_RafaNu_S1102_281517,,,,,
2026-09-12T09:01:11-05:00,PUR_IED_RafaelB_S305_ee2783,PUR_IED_RafaelB_S305_ee2783,,,,,
2026-09-12T09:01:11-05:00,PUR_IED_RafaelB_S306_75fe33,PUR_IED_RafaelB_S306_75fe33,,,,,
2026-09-12T09:01:11-05:00,PUR_IED_RafaelB_ext_283336,PUR_IED_RafaelB_ext_283336,,,,,
2026-09-12T09:01:11-05:00,PUR_IED_RafaelUU_Exterior_281a51,PUR_IED_RafaelUU_Exterior_281a51,,,,,
2026-09-12T09:01:11-05:00,PUR_IED_RafaelUU_Human_806b2,PUR_IED_RafaelUU_Human_806b2,,,,,
2026-09-12T09:01:11-05:00,PUR_IED_RafaelUU_Mate2_5680d4,PUR_IED_RafaelUU_Mate2_5680d4,,,,,
2026-09-12T09:01:11-05:00,PUR_IED_RamonSub_Ext_f9eeb9,PUR_IED_RamonSub_Ext_f9eeb9,,,,,
2026-09-12T09:01:11-05:00,PUR_IED_RamonSub_Media_d1f62f,PUR_IED_RamonSub_Media_d1f62f,,,,,
2026-09-12T09:01:11-05:00,PUR_IED_RamonSub_planta_51b82,PUR_IED_RamonSub_planta_51b82,,,,,
2026-09-12T09:01:11-05:00,PUR_IED_RepBoliVene_Exter_27af7c,PUR_IED_RepBoliVene_Exter_27af7c,,,,,
2026-09-12T09:01:11-05:00,PUR_IED_RepBoliVene_SCPT_5ae2ee,PUR_IED_RepBoliVene_SCPT_5ae2ee,,,,,
2026-09-12T09:01:11-05:00,PUR_IED_RepBoliVene_Socia_4b11d5,PUR_IED_RepBoliVene_Socia_4b11d5,,,,,
2026-09-12T09:01:11-05:00,PUR_IED_RepChina_Ext_76d9ee,PUR_IED_RepChina_Ext_76d9ee,,,,,
2026-09-12T09:01:11-05:00,PUR_IED_RepChina_S404_7c804c,PUR_IED_RepChina_S404_7c804c,,,,,
2026-09-12T09:01:11-05:00,PUR_IED_RepChina_S405_df2c33,PUR_IED_RepChina_S405_df2c33,,,,,
2026-09-12T09:01:11-05:00,PUR_IED_RepublicaC_Exteri_7d1ec9,PUR_IED_RepublicaC_Exteri_7d1ec9,,,,,
2026-09-12T09:01:11-05:00,PUR_IED_RepublicaC_S1101_f544b3,PUR_IED_RepublicaC_S1101_f544b3,,,,,
2026-09-12T09:01:11-05:00,PUR_IED_RepublicaC_S1102_7aafc7,PUR_IED_RepublicaC_S1102_7aafc7,,,,,
2026-09-12T09:01:11-05:00,PUR_IED_Ricaurte_Externo_a0ea1,PUR_IED_Ricaurte_Externo_a0ea1,,,,,
2026-09-12T09:01:11-05:00,PUR_IED_Ricaurte_S210_f546fd,PUR_IED_Ricaurte_S210_f546fd,,,,,
2026-09-12T09:01:11-05:00,PUR_IED_Ricaurte_S309_d4452,PUR_IED_Ricaurte_S309_d4452,,,,,
2026-09-12T09:01:11-05:00,PUR_IED_RogelioS_1102_531e69,PUR_IED_RogelioS_1102_531e69,,,,,
2026-09-12T09:01:11-05:00,PUR_IED_RogelioS_Ext_f25a18,PUR_IED_RogelioS_Ext_f25a18,,,,,
2026-09-12T09:01:11-05:00,PUR_IED_SBernardino_Ext_27aff8,PUR_IED_SBernardino_Ext_27aff8,,,,,
2026-09-12T09:01:11-05:00,PUR_IED_SBernardino_SArte_2ffd33,PUR_IED_SBernardino_SArte_2ffd33,,,,,
2026-09-12T09:01:11-05:00,PUR_IED_SBernardino_SIngl_7c7da5,PUR_IED_SBernardino_SIngl_7c7da5,,,,,
2026-09-12T09:01:11-05:00,PUR_IED_Sago_auditorio_dc9d1d,PUR_IED_Sago_auditorio_dc9d1d,,,,,
2026-09-12T09:01:11-05:00,PUR_IED_Saludcoop_Ext_95aac3,PUR_IED_Saludcoop_Ext_95aac3,,,,,
2026-09-12T09:01:11-05:00,PUR_IED_Saludcoop_InfI_90c854,PUR_IED_Saludcoop_InfI_90c854,,,,,
2026-09-12T09:01:11-05:00,PUR_IED_Saludcoop_SMedia_1b93be,PUR_IED_Saludcoop_SMedia_1b93be,,,,,
2026-09-12T09:01:11-05:00,PUR_IED_SanCarlos_1101_1a2360,PUR_IED_SanCarlos_1101_1a2360,,,,,
2026-09-12T09:01:11-05:00,PUR_IED_SanCarlos_1103_7bafb5,PUR_IED_SanCarlos_1103_7bafb5,,,,,
2026-09-12T09:01:11-05:00,PUR_IED_SanCarlos_Ext_b7cd1,PUR_IED_SanCarlos_Ext_b7cd1,,,,,
2026-09-12T09:01:11-05:00,PUR_IED_SanIgnacioBosa11a_50c26e,PUR_IED_SanIgnacioBosa11a_50c26e,,,,,
2026-09-12T09:01:11-05:00,PUR_IED_SanIgnacioBosa11b_371de8,PUR_IED_SanIgnacioBosa11b_371de8,,,,,
2026-09-12T09:01:11-05:00,PUR_IED_SanIgnacioBosaExt_ef0ffc,PUR_IED_SanIgnacioBosaExt_ef0ffc,,,,,
2026-09-12T09:01:11-05:00,PUR_IED_SanIgnacioBosa_11a_50c26e,PUR_IED_SanIgnacioBosa_11a_50c26e,,,,,
2026-09-12T09:01:11-05:00,PUR_IED_SanIgnacioBosa_Ext_ef0ffc,PUR_IED_SanIgnacioBosa_Ext_ef0ffc,,,,,
2026-09-12T09:01:11-05:00,PUR_IED_SanJoseN_intS1101_31c47f,PUR_IED_SanJoseN_intS1101_31c47f,,,,,
2026-09-12T09:01:11-05:00,PUR_IED_SanJoseUsm_Exter_f5d7e8,PUR_IED_SanJoseUsm_Exter_f5d7e8,,,,,
2026-09-12T09:01:11-05:00,PUR_IED_SanJoseUsm_Int11A_cfdef6,PUR_IED_SanJoseUsm_Int11A_cfdef6,,,,,
2026-09-12T09:01:11-05:00,PUR_IED_SilveriaR_IntB5_905349,PUR_IED_SilveriaR_IntB5_905349,,,,,
2026-09-12T09:01:11-05:00,PUR_IED_SilveriaR_IntSD14_981f93,PUR_IED_SilveriaR_IntSD14_981f93,,,,,
2026-09-12T09:01:11-05:00,PUR_IED_SilveriaR_ext_2b651d,PUR_IED_SilveriaR_ext_2b651d,,,,,
2026-09-12T09:01:11-05:00,PUR_IED_SimonB_Exterior_913975,PUR_IED_SimonB_Exterior_913975,,,,,
2026-09-12T09:01:11-05:00,PUR_IED_SimonB_LabQuimi_c56908,PUR_IED_SimonB_LabQuimi_c56908,,,,,
2026-09-12T09:01:11-05:00,PUR_IED_SimonB_informatic_a28c1,PUR_IED_SimonB_informatic_a28c1,,,,,
2026-09-12T09:01:11-05:00,PUR_IED_Sorrento_1102_315f50,PUR_IED_Sorrento_1102_315f50,,,,,
2026-09-12T09:01:11-05:00,PUR_IED_Sorrento_Minte_214eab,PUR_IED_Sorrento_Minte_214eab,,,,,
2026-09-12T09:01:11-05:00,PUR_IED_Sorrento_ext_7c3a0a,PUR_IED_Sorrento_ext_7c3a0a,,,,,
2026-09-12T09:01:11-05:00,PUR_IED_Tabora_Ext_f048ae,PUR_IED_Tabora_Ext_f048ae,,,,,
2026-09-12T09:01:11-05:00,PUR_IED_Tabora_S1102_b07752,PUR_IED_Tabora_S1102_b07752,,,,,
2026-09-12T09:01:11-05:00,PUR_IED_Tabora_S1103_d988f5,PUR_IED_Tabora_S1103_d988f5,,,,,
2026-09-12T09:01:11-05:00,PUR_IED_Tenerife_Ext_1ab188,PUR_IED_Tenerife_Ext_1ab188,,,,,
2026-09-12T09:01:11-05:00,PUR_IED_Tenerife_SDanzas_7bc02e,PUR_IED_Tenerife_SDanzas_7bc02e,,,,,
2026-09-12T09:01:11-05:00,PUR_IED_Tenerife_SIngles_7cc277,PUR_IED_Tenerife_SIngles_7cc277,,,,,
2026-09-12T09:01:11-05:00,PUR_IED_Tibabuyes_Exter_f2683d,PUR_IED_Tibabuyes_Exter_f2683d,,,,,
2026-09-12T09:01:11-05:00,PUR_IED_Tibabuyes_S10_dc87a8,PUR_IED_Tibabuyes_S10_dc87a8,,,,,
2026-09-12T09:01:11-05:00,PUR_IED_Tibabuyes_S15_dc0526,PUR_IED_Tibabuyes_S15_dc0526,,,,,
2026-09-12T09:01:11-05:00,PUR_IED_UnionE_S301_a1043,PUR_IED_UnionE_S301_a1043,,,,,
2026-09-12T09:01:11-05:00,PUR_IED_UnionE_S307_ff6c2f,PUR_IED_UnionE_S307_ff6c2f,,,,,
2026-09-12T09:01:11-05:00,PUR_IED_UnionE__Ext_5e2468,PUR_IED_UnionE__Ext_5e2468,,,,,
2026-09-12T09:01:11-05:00,PUR_IED_VillaRica_Ext_75be7c,PUR_IED_VillaRica_Ext_75be7c,,,,,
2026-09-12T09:01:11-05:00,PUR_IED_VillaRica_S4_cc5dcd,PUR_IED_VillaRica_S4_cc5dcd,,,,,
2026-09-12T09:01:11-05:00,PUR_IED_VillaRica_Sesp_99f5c,PUR_IED_VillaRica_Sesp_99f5c,,,,,
2026-09-12T09:06:09-05:00,PUR_IED_20deJulio_1101_91b1b9,PUR_IED_20deJulio_1101_91b1b9,,,,,
2026-09-12T09:06:09-05:00,PUR_IED_20deJulio_1102_1cfcf9,PUR_IED_20deJulio_1102_1cfcf9,,,,,
2026-09-12T09:06:09-05:00,PUR_IED_20deJulio_Ext_ab60bd,PUR_IED_20deJulio_Ext_ab60bd,,,,,
2026-09-12T09:06:09-05:00,PUR_IED_AgustinFer_Ext_7b9b77,PUR_IED_AgustinFer_Ext_7b9b77,,,,,
2026-09-12T09:06:09-05:00,PUR_IED_AgustinFer_Info2_27b3a7,PUR_IED_AgustinFer_Info2_27b3a7,,,,,
2026-09-12T09:06:09-05:00,PUR_IED_AgustinFer_Sena_54b4eb,PUR_IED_AgustinFer_Sena_54b4eb,,,,,
2026-09-12T09:06:09-05:00,PUR_IED_AlexanderF_1102_caf07b,PUR_IED_AlexanderF_1102_caf07b,,,,,
2026-09-12T09:06:09-05:00,PUR_IED_AlexanderF_1103_c79e71,PUR_IED_AlexanderF_1103_c79e71,,,,,
2026-09-12T09:06:09-05:00,PUR_IED_AlexanderF_Ext_c5b18b,PUR_IED_AlexanderF_Ext_c5b18b,,,,,
2026-09-12T09:06:09-05:00,PUR_IED_AlfonsoLopez_Ext_281d77,PUR_IED_AlfonsoLopez_Ext_281d77,,,,,
2026-09-12T09:06:09-05:00,PUR_IED_AlfonsoLopez_LabF_888ce0,PUR_IED_AlfonsoLopez_LabF_888ce0,,,,,
2026-09-12T09:06:09-05:00,PUR_IED_AlfonsoLopez_SMed_df6a7f,PUR_IED_AlfonsoLopez_SMed_df6a7f,,,,,
2026-09-12T09:06:09-05:00,PUR_IED_AltamiraSO_A2_209f92,PUR_IED_AltamiraSO_A2_209f92,,,,,
2026-09-12T09:06:09-05:00,PUR_IED_AltamiraSO_Ext_186d66,PUR_IED_AltamiraSO_Ext_186d66,,,,,
2026-09-12T09:06:09-05:00,PUR_IED_AltamiraSO_Sistem_27afe1,PUR_IED_AltamiraSO_Sistem_27afe1,,,,,
2026-09-12T09:06:09-05:00,PUR_IED_AlvaroGom_LabQuim_813179,PUR_IED_AlvaroGom_LabQuim_813179,,,,,
2026-09-12T09:06:09-05:00,PUR_IED_AlvaroGomez_Ext_47c7ca,PUR_IED_AlvaroGomez_Ext_47c7ca,,,,,
2026-09-12T09:06:09-05:00,PUR_IED_AlvaroGomez_LabQuim_813179,PUR_IED_AlvaroGomez_LabQuim_813179,,,,,
2026-09-12T09:06:09-05:00,PUR_IED_AlvaroGomez_S23_7ba89f,PUR_IED_AlvaroGomez_S23_7ba89f,,,,,
2026-09-12T09:06:09-05:00,PUR_IED_Amistad_306_dc8728,PUR_IED_Amistad_306_dc8728,,,,,
2026-09-12T09:06:09-05:00,PUR_IED_Amistad_Ext_8cd55e,PUR_IED_Amistad_Ext_8cd55e,,,,,
2026-09-12T09:06:09-05:00,PUR_IED_Amistad_S202_a41169,PUR_IED_Amistad_S202_a41169,,,,,
2026-09-12T09:06:09-05:00,PUR_IED_AndresBello_Bio_fd5f5e,PUR_IED_AndresBello_Bio_fd5f5e,,,,,
2026-09-12T09:06:09-05:00,PUR_IED_AndresBello_ext_dcad65,PUR_IED_AndresBello_ext_dcad65,,,,,
2026-09-12T09:06:09-05:00,PUR_IED_AndresBello_port_eed3ec,PUR_IED_AndresBello_port_eed3ec,,,,,
2026-09-12T09:06:09-05:00,PUR_IED_AngelaR_11b_d90a6b,PUR_IED_AngelaR_11b_d90a6b,,,,,
2026-09-12T09:06:09-05:00,PUR_IED_AngelaR_ext_7cad3e,PUR_IED_AngelaR_ext_7cad3e,,,,,
2026-09-12T09:06:09-05:00,PUR_IED_AntJoseSucre_10mo_df2575,PUR_IED_AntJoseSucre_10mo_df2575,,,,,
2026-09-12T09:06:09-05:00,PUR_IED_AntJoseSucre_Ext_215b36,PUR_IED_AntJoseSucre_Ext_215b36,,,,,
2026-09-12T09:06:09-05:00,PUR_IED_AntJoseSucre_Lab_3139de,PUR_IED_AntJoseSucre_Lab_3139de,,,,,
2026-09-12T09:06:09-05:00,PUR_IED_AntonioGarcia_301_d6b188,PUR_IED_AntonioGarcia_301_d6b188,,,,,
2026-09-12T09:06:09-05:00,PUR_IED_AntonioGarcia_302_88a82,PUR_IED_AntonioGarcia_302_88a82,,,,,
2026-09-12T09:06:09-05:00,PUR_IED_AntonioGarcia_Ext_20950c,PUR_IED_AntonioGarcia_Ext_20950c,,,,,
2026-09-12T09:06:09-05:00,PUR_IED_AntonioVan_Aula2_6dea02,PUR_IED_AntonioVan_Aula2_6dea02,,,,,
2026-09-12T09:06:09-05:00,PUR_IED_AntonioVan_Aula5_f1557e,PUR_IED_AntonioVan_Aula5_f1557e,,,,,
2026-09-12T09:06:09-05:00,PUR_IED_AntonioVan_Ext_406f2f,PUR_IED_AntonioVan_Ext_406f2f,,,,,
2026-09-12T09:06:09-05:00,PUR_IED_Atabanzha_Ext_cc5af9,PUR_IED_Atabanzha_Ext_cc5af9,,,,,
2026-09-12T09:06:09-05:00,PUR_IED_Atabanzha_SA101_56c37,PUR_IED_Atabanzha_SA101_56c37,,,,,
2026-09-12T09:06:09-05:00,PUR_IED_Atabanzha_SB302_27b374,PUR_IED_Atabanzha_SB302_27b374,,,,,
2026-09-12T09:06:09-05:00,PUR_IED_Atahualpa_Ext_fc1748,PUR_IED_Atahualpa_Ext_fc1748,,,,,
2026-09-12T09:06:09-05:00,PUR_IED_Atahualpa_Informa_dc9a95,PUR_IED_Atahualpa_Informa_dc9a95,,,,,
2026-09-12T09:06:09-05:00,PUR_IED_Atahualpa_S1101_f98056,PUR_IED_Atahualpa_S1101_f98056,,,,,
2026-09-12T09:06:09-05:00,PUR_IED_Bellavista_Ext_f5aa74,PUR_IED_Bellavista_Ext_f5aa74,,,,,
2026-09-12T09:06:09-05:00,PUR_IED_Bilbao_11A_916c41,PUR_IED_Bilbao_11A_916c41,,,,,
2026-09-12T09:06:09-05:00,PUR_IED_Bilbao_Ext_fb579a,PUR_IED_Bilbao_Ext_fb579a,,,,,
2026-09-12T09:06:09-05:00,PUR_IED_BrasiliaU_A125_304280,PUR_IED_BrasiliaU_A125_304280,,,,,
2026-09-12T09:06:09-05:00,PUR_IED_BrasiliaU_A203_7c8ca5,PUR_IED_BrasiliaU_A203_7c8ca5,,,,,
2026-09-12T09:06:09-05:00,PUR_IED_BrasiliaU_Ext_8d6e9f,PUR_IED_BrasiliaU_Ext_8d6e9f,,,,,
2026-09-12T09:06:09-05:00,PUR_IED_Brasilia_Ext_fe6593,PUR_IED_Brasilia_Ext_fe6593,,,,,
2026-09-12T09:06:09-05:00,PUR_IED_Brasilia_S24_7c130d,PUR_IED_Brasilia_S24_7c130d,,,,,
2026-09-12T09:06:09-05:00,PUR_IED_Brasilia_S501_186a54,PUR_IED_Brasilia_S501_186a54,,,,,
2026-09-12T09:06:09-05:00,PUR_IED_CHARRY_EXT_f1d5cd,PUR_IED_CHARRY_EXT_f1d5cd,,,,,
2026-09-12T09:06:09-05:00,PUR_IED_CHARRY_INTDANZAS_7a08e6,PUR_IED_CHARRY_INTDANZAS_7a08e6,,,,,
2026-09-12T09:06:09-05:00,PUR_IED_CHARRY_INT_AULA20_dc998d,PUR_IED_CHARRY_INT_AULA20_dc998d,,,,,
2026-09-12T09:06:09-05:00,PUR_IED_COLVIV_1101_S25_7f520a,PUR_IED_COLVIV_1101_S25_7f520a,,,,,
2026-09-12T09:06:09-05:00,PUR_IED_COLVIV_1102_S16_f570ba,PUR_IED_COLVIV_1102_S16_f570ba,,,,,
2026-09-12T09:06:09-05:00,PUR_IED_COLVIV_Ext_1a26fa,PUR_IED_COLVIV_Ext_1a26fa,,,,,
2026-09-12T09:06:09-05:00,PUR_IED_CULPOP_301A_f660f3,PUR_IED_CULPOP_301A_f660f3,,,,,
2026-09-12T09:06:09-05:00,PUR_IED_CULPOP_303_568afe,PUR_IED_CULPOP_303_568afe,,,,,
2026-09-12T09:06:09-05:00,PUR_IED_CULPOP_Ext_e02ccb,PUR_IED_CULPOP_Ext_e02ccb,,,,,
2026-09-12T09:06:09-05:00,PUR_IED_CVillavicen_Ext_26eb58,PUR_IED_CVillavicen_Ext_26eb58,8,15,81,4.487,-74.102798
2026-09-12T09:06:09-05:00,PUR_IED_CVillavicen_Intel_1ce5c2,PUR_IED_CVillavicen_Intel_1ce5c2,,,,,
2026-09-12T09:06:09-05:00,PUR_IED_CVillavicen_Poliv_e0766c,PUR_IED_CVillavicen_Poliv_e0766c,,,,,
2026-09-12T09:06:09-05:00,PUR_IED_CVillavicen_int_1ba140,PUR_IED_CVillavicen_int_1ba140,,,,,
2026-09-12T09:06:09-05:00,PUR_IED_CVillavicen_intel_1ba140,PUR_IED_CVillavicen_intel_1ba140,,,,,
2026-09-12T09:06:09-05:00,PUR_IED_CarlosPizarro_Ext_e307cc,PUR_IED_CarlosPizarro_Ext_e307cc,,,,,
2026-09-12T09:06:09-05:00,PUR_IED_CarlosPizarro_L36_7e5cdb,PUR_IED_CarlosPizarro_L36_7e5cdb,,,,,
2026-09-12T09:06:09-05:00,PUR_IED_CarlosPizarro_L37_c8566c,PUR_IED_CarlosPizarro_L37_c8566c,,,,,
2026-09-12T09:06:09-05:00,PUR_IED_Castilla_Ext_cf35f,PUR_IED_Castilla_Ext_cf35f,,,,,
2026-09-12T09:06:09-05:00,PUR_IED_Castilla_SFisik_360e38,PUR_IED_Castilla_SFisik_360e38,,,,,
2026-09-12T09:06:09-05:00,PUR_IED_Castilla_Sc304_496fbf,PUR_IED_Castilla_Sc304_496fbf,,,,,
2026-09-12T09:06:09-05:00,PUR_IED_CervantesSa_Ext_6b57b,PUR_IED_CervantesSa_Ext_6b57b,4,17,72,4.5128,-74.117203
2026-09-12T09:06:09-05:00,PUR_IED_CervantesSa_S107_225c2b,PUR_IED_CervantesSa_S107_225c2b,,,,,
2026-09-12T09:06:09-05:00,PUR_IED_CervantesSa_S108_940925,PUR_IED_CervantesSa_S108_940925,,,,,
2026-09-12T09:06:09-05:00,PUR_IED_Charry_A20_f53e7c,PUR_IED_Charry_A20_f53e7c,,,,,
2026-09-12T09:06:09-05:00,PUR_IED_Charry_Ext_f1d5cd,PUR_IED_Charry_Ext_f1d5cd,,,,,
2026-09-12T09:06:09-05:00,PUR_IED_Charry_IntAula20_dc998d,PUR_IED_Charry_IntAula20_dc998d,,,,,
2026-09-12T09:06:09-05:00,PUR_IED_Charry_IntDanzas_7a08e6,PUR_IED_Charry_IntDanzas_7a08e6,,,,,
2026-09-12T09:06:09-05:00,PUR_IED_ClememciaC_203_43e2fc,PUR_IED_ClememciaC_203_43e2fc,,,,,
2026-09-12T09:06:09-05:00,PUR_IED_ClememciaC_Ext_1b411a,PUR_IED_ClememciaC_Ext_1b411a,,,,,
2026-09-12T09:06:09-05:00,PUR_IED_ClememciaC_Quimic_44b5fc,PUR_IED_ClememciaC_Quimic_44b5fc,,,,,
2026-09-12T09:06:09-05:00,PUR_IED_ClemenciaC_203_43e2fc,PUR_IED_ClemenciaC_203_43e2fc,,,,,
2026-09-12T09:06:09-05:00,PUR_IED_ClemenciaC_Ext_1b411a,PUR_IED_ClemenciaC_Ext_1b411a,,,,,
2026-09-12T09:06:09-05:00,PUR_IED_ClemenciaC_Quimic_44b5fc,PUR_IED_ClemenciaC_Quimic_44b5fc,,,,,
2026-09-12T09:06:09-05:00,PUR_IED_ColViva_1101_S25_7f520a,PUR_IED_ColViva_1101_S25_7f520a,,,,,
2026-09-12T09:06:09-05:00,PUR_IED_ColViva_1102_S16_f570ba,PUR_IED_ColViva_1102_S16_f570ba,,,,,
2026-09-12T09:06:09-05:00,PUR_IED_ColViva_Ext_1a26fa,PUR_IED_ColViva_Ext_1a26fa,,,,,
2026-09-12T09:06:09-05:00,PUR_IED_ColegioBici_Asist_7c8798,PUR_IED_ColegioBici_Asist_7c8798,,,,,
2026-09-12T09:06:09-05:00,PUR_IED_ColegioBici_Ext_25cbf6,PUR_IED_ColegioBici_Ext_25cbf6,,,,,
2026-09-12T09:06:09-05:00,PUR_IED_ColegioBici_LabQ_7b57db,PUR_IED_ColegioBici_LabQ_7b57db,,,,,
2026-09-12T09:06:09-05:00,PUR_IED_CostaRica_Ext_5e640,PUR_IED_CostaRica_Ext_5e640,,,,,
2026-09-12T09:06:09-05:00,PUR_IED_CostaRica_Quim1_766d1c,PUR_IED_CostaRica_Quim1_766d1c,,,,,
2026-09-12T09:06:09-05:00,PUR_IED_CostaRica__Fisica_6f0873,PUR_IED_CostaRica__Fisica_6f0873,,,,,
2026-09-12T09:06:09-05:00,PUR_IED_CulPopu_301A_f660f3,PUR_IED_CulPopu_301A_f660f3,,,,,
2026-09-12T09:06:09-05:00,PUR_IED_CulPopu_303_568afe,PUR_IED_CulPopu_303_568afe,,,,,
2026-09-12T09:06:09-05:00,PUR_IED_CulPopu_Ext_e02ccb,PUR_IED_CulPopu_Ext_e02ccb,,,,,
2026-09-12T09:06:09-05:00,PUR_IED_Cundinamarca_Ext_f15985,PUR_IED_Cundinamarca_Ext_f15985,,,,,
2026-09-12T09:06:09-05:00,PUR_IED_Cundinamarca_Info_7aa5d7,PUR_IED_Cundinamarca_Info_7aa5d7,,,,,
2026-09-12T09:06:09-05:00,PUR_IED_Cundinamarca_Tec2_f449c7,PUR_IED_Cundinamarca_Tec2_f449c7,,,,,
2026-09-12T09:06:09-05:00,PUR_IED_DiegoM_Aula1_27b314,PUR_IED_DiegoM_Aula1_27b314,,,,,
2026-09-12T09:06:09-05:00,PUR_IED_DiegoM_Ext_d80ac8,PUR_IED_DiegoM_Ext_d80ac8,,,,,
2026-09-12T09:06:09-05:00,PUR_IED_DiegoM_S25_da928f,PUR_IED_DiegoM_S25_da928f,,,,,
2026-09-12T09:06:09-05:00,PUR_IED_ELRODEO_360881,PUR_IED_ELRODEO_360881,,,,,
2026-09-12T09:06:09-05:00,PUR_IED_ELRODEO_ext_360881,PUR_IED_ELRODEO_ext_360881,,,,,
2026-09-12T09:06:09-05:00,PUR_IED_EduardoU_Ext_1c1969,PUR_IED_EduardoU_Ext_1c1969,,,,,
2026-09-12T09:06:09-05:00,PUR_IED_EduardoU_SCiencia_4dfb94,PUR_IED_EduardoU_SCiencia_4dfb94,,,,,
2026-09-12T09:06:09-05:00,PUR_IED_EduardoU_SQuimica_5a46e7,PUR_IED_EduardoU_SQuimica_5a46e7,,,,,
2026-09-12T09:06:09-05:00,PUR_IED_ElRodeo_Aula14_676984,PUR_IED_ElRodeo_Aula14_676984,,,,,
2026-09-12T09:06:09-05:00,PUR_IED_ElRodeo_Aula16_2dd35b,PUR_IED_ElRodeo_Aula16_2dd35b,,,,,
2026-09-12T09:06:09-05:00,PUR_IED_ElRodeo_Ext_360881,PUR_IED_ElRodeo_Ext_360881,,,,,
2026-09-12T09:06:09-05:00,PUR_IED_ElRodeo_Exterior_8c6d28,PUR_IED_ElRodeo_Exterior_8c6d28,,,,,
2026-09-12T09:06:09-05:00,PUR_IED_ElRodeo_ext_360881,PUR_IED_ElRodeo_ext_360881,,,,,
2026-09-12T09:06:09-05:00,PUR_IED_EmmaReyes_Ext_987625,PUR_IED_EmmaReyes_Ext_987625,4,21,53,4.6367,-74.1511
2026-09-12T09:06:09-05:00,PUR_IED_Ensueño_Ext_7f0250,PUR_IED_Ensueño_Ext_7f0250,,,,,
2026-09-12T09:06:09-05:00,PUR_IED_EscNormal_Ext_5fef3b,PUR_IED_EscNormal_Ext_5fef3b,2,19,61,4.5852,-74.096901
2026-09-12T09:06:09-05:00,PUR_IED_EscNormal_S309_5b263,PUR_IED_EscNormal_S309_5b263,,,,,
2026-09-12T09:06:09-05:00,PUR_IED_EscNormal_S310_27b3b8,PUR_IED_EscNormal_S310_27b3b8,,,,,
2026-09-12T09:06:09-05:00,PUR_IED_Evangelista_Conta_f6cd4f,PUR_IED_Evangelista_Conta_f6cd4f,,,,,
2026-09-12T09:06:09-05:00,PUR_IED_Evangelista_Cri_5e16a,PUR_IED_Evangelista_Cri_5e16a,,,,,
2026-09-12T09:06:09-05:00,PUR_IED_Evangelista_Exter_754066,PUR_IED_Evangelista_Exter_754066,,,,,
2026-09-12T09:06:09-05:00,PUR_IED_FMiranda_S209_5cc2a3,PUR_IED_FMiranda_S209_5cc2a3,,,,,
2026-09-12T09:06:09-05:00,PUR_IED_FMiranda_S303_19e344,PUR_IED_FMiranda_S303_19e344,,,,,
2026-09-12T09:06:09-05:00,PUR_IED_FMiranda_ext_f53e7c,PUR_IED_FMiranda_ext_f53e7c,,,,,
2026-09-12T09:06:09-05:00,PUR_IED_FabioLozano_Bibli_1cee05,PUR_IED_FabioLozano_Bibli_1cee05,,,,,
2026-09-12T09:06:09-05:00,PUR_IED_FabioLozano_Ext_6ea285,PUR_IED_FabioLozano_Ext_6ea285,,,,,
2026-09-12T09:06:09-05:00,PUR_IED_FabioLozano_SLudi_f09e1e,PUR_IED_FabioLozano_SLudi_f09e1e,,,,,
2026-09-12T09:06:09-05:00,PUR_IED_FaustinoS_Aula07_27a731,PUR_IED_FaustinoS_Aula07_27a731,,,,,
2026-09-12T09:06:09-05:00,PUR_IED_FaustinoS_Ext_7b936f,PUR_IED_FaustinoS_Ext_7b936f,,,,,
2026-09-12T09:06:09-05:00,PUR_IED_FaustinoS_Fisica_da2c60,PUR_IED_FaustinoS_Fisica_da2c60,,,,,
2026-09-12T09:06:09-05:00,PUR_IED_FeGarciaLo_Ext_dc68ee,PUR_IED_FeGarciaLo_Ext_dc68ee,,,,,
2026-09-12T09:06:09-05:00,PUR_IED_FeGarciaLo_SDanza_f70a59,PUR_IED_FeGarciaLo_SDanza_f70a59,,,,,
2026-09-12T09:06:09-05:00,PUR_IED_FeGarciaLo_SMusic_125cdd,PUR_IED_FeGarciaLo_SMusic_125cdd,,,,,
2026-09-12T09:06:09-05:00,PUR_IED_FederalAlema_Exte_50c345,PUR_IED_FederalAlema_Exte_50c345,,,,,
2026-09-12T09:06:09-05:00,PUR_IED_FederalAlema_S31_f18371,PUR_IED_FederalAlema_S31_f18371,,,,,
2026-09-12T09:06:09-05:00,PUR_IED_FederalAlema_S901_a62cd,PUR_IED_FederalAlema_S901_a62cd,,,,,
2026-09-12T09:06:09-05:00,PUR_IED_FilarmonicaS_A5_f35eb1,PUR_IED_FilarmonicaS_A5_f35eb1,,,,,
2026-09-12T09:06:09-05:00,PUR_IED_FilarmonicaS_Ext_8a3bde,PUR_IED_FilarmonicaS_Ext_8a3bde,,,,,
2026-09-12T09:06:09-05:00,PUR_IED_FilarmonicaS_Spol_406114,PUR_IED_FilarmonicaS_Spol_406114,,,,,
2026-09-12T09:06:09-05:00,PUR_IED_FlorentinoG_A13_d1fa59,PUR_IED_FlorentinoG_A13_d1fa59,,,,,
2026-09-12T09:06:09-05:00,PUR_IED_FlorentinoG_Ext_1ce6ce,PUR_IED_FlorentinoG_Ext_1ce6ce,,,,,
2026-09-12T09:06:09-05:00,PUR_IED_FlorentinoG_Idiom_a66aac,PUR_IED_FlorentinoG_Idiom_a66aac,,,,,
2026-09-12T09:06:09-05:00,PUR_IED_FranciscoMati_Ext_e3869d,PUR_IED_FranciscoMati_Ext_e3869d,,,,,
2026-09-12T09:06:09-05:00,PUR_IED_FranciscoMati_S13_f31c67,PUR_IED_FranciscoMati_S13_f31c67,,,,,
2026-09-12T09:06:09-05:00,PUR_IED_FranciscoMati_S14_97dead,PUR_IED_FranciscoMati_S14_97dead,,,,,
2026-09-12T09:06:09-05:00,PUR_IED_FranciscoPS_Ext_7bfa9a,PUR_IED_FranciscoPS_Ext_7bfa9a,2,20,59,4.5899,-74.110397
2026-09-12T09:06:09-05:00,PUR_IED_FranciscoPS_Infor_fb8f4c,PUR_IED_FranciscoPS_Infor_fb8f4c,,,,,
2026-09-12T09:06:09-05:00,PUR_IED_FranciscoPS_Quimi_94d39c,PUR_IED_FranciscoPS_Quimi_94d39c,,,,,
2026-09-12T09:06:09-05:00,PUR_IED_FranciscoP_LabQ_d7e148,PUR_IED_FranciscoP_LabQ_d7e148,,,,,
2026-09-12T09:06:09-05:00,PUR_IED_FranciscoP_S28_cf9b30,PUR_IED_FranciscoP_S28_cf9b30,,,,,
2026-09-12T09:06:09-05:00,PUR_IED_FranciscoP_ext_e2313,PUR_IED_FranciscoP_ext_e2313,,,,,
2026-09-12T09:06:09-05:00,PUR_IED_FriederichN_Ext_8ac92a,PUR_IED_FriederichN_Ext_8ac92a,,,,,
2026-09-12T09:06:09-05:00,PUR_IED_FriederichN_S301_dd7e5a,PUR_IED_FriederichN_S301_dd7e5a,,,,,
2026-09-12T09:06:09-05:00,PUR_IED_FriederichN_S308_761f4f,PUR_IED_FriederichN_S308_761f4f,,,,,
2026-09-12T09:06:09-05:00,PUR_IED_GSantander_Aula10_533dd7,PUR_IED_GSantander_Aula10_533dd7,,,,,
2026-09-12T09:06:09-05:00,PUR_IED_GSantander_Aula12_fd4e4f,PUR_IED_GSantander_Aula12_fd4e4f,,,,,
2026-09-12T09:06:09-05:00,PUR_IED_GSantander_Aula310_533dd7,PUR_IED_GSantander_Aula310_533dd7,,,,,
2026-09-12T09:06:09-05:00,PUR_IED_GSantander_Aula312_fd4e4f,PUR_IED_GSantander_Aula312_fd4e4f,,,,,
2026-09-12T09:06:09-05:00,PUR_IED_GSantander_Ext_5f66b0,PUR_IED_GSantander_Ext_5f66b0,,,,,
2026-09-12T09:06:09-05:00,PUR_IED_GYomasa_Ext_f6bea5,PUR_IED_GYomasa_Ext_f6bea5,,,,,
2026-09-12T09:06:09-05:00,PUR_IED_GYomasa_LBiol_2c41aa,PUR_IED_GYomasa_LBiol_2c41aa,,,,,
2026-09-12T09:06:09-05:00,PUR_IED_GYomasa_LQuim_33c80,PUR_IED_GYomasa_LQuim_33c80,,,,,
2026-09-12T09:06:09-05:00,PUR_IED_GabBetMejia_Cienc_5a99c,PUR_IED_GabBetMejia_Cienc_5a99c,,,,,
2026-09-12T09:06:09-05:00,PUR_IED_GabBetMejia_Ext_9153d0,PUR_IED_GabBetMejia_Ext_9153d0,,,,,
2026-09-12T09:06:09-05:00,PUR_IED_GabBetMejia_Lab_f55347,PUR_IED_GabBetMejia_Lab_f55347,,,,,
2026-09-12T09:06:09-05:00,PUR_IED_GabBetanMejia_Ext_9153d0,PUR_IED_GabBetanMejia_Ext_9153d0,,,,,
2026-09-12T09:06:09-05:00,PUR_IED_Gaitana_Aula13_7aac11,PUR_IED_Gaitana_Aula13_7aac11,,,,,
2026-09-12T09:06:09-05:00,PUR_IED_Gaitana_Ext_5fcf4,PUR_IED_Gaitana_Ext_5fcf4,,,,,
2026-09-12T09:06:09-05:00,PUR_IED_Gaitana_LabFisica_644448,PUR_IED_Gaitana_LabFisica_644448,,,,,
2026-09-12T09:06:09-05:00,PUR_IED_GenSantander_Dise_8ac858,PUR_IED_GenSantander_Dise_8ac858,,,,,
2026-09-12T09:06:09-05:00,PUR_IED_GenSantander_Ext_8d5dfe,PUR_IED_GenSantander_Ext_8d5dfe,,,,,
2026-09-12T09:06:09-05:00,PUR_IED_GenSantander_Info_6c25b,PUR_IED_GenSantander_Info_6c25b,,,,,
2026-09-12T09:06:09-05:00,PUR_IED_GustavoMo_Exterio_75e63d,PUR_IED_GustavoMo_Exterio_75e63d,,,,,
2026-09-12T09:06:09-05:00,PUR_IED_GustavoMo_LabFisi_224d37,PUR_IED_GustavoMo_LabFisi_224d37,,,,,
2026-09-12T09:06:09-05:00,PUR_IED_GustavoMo_S208_3e6918,PUR_IED_GustavoMo_S208_3e6918,,,,,
2026-09-12T09:06:09-05:00,PUR_IED_GustavoR_A02_8cd4a8,PUR_IED_GustavoR_A02_8cd4a8,,,,,
2026-09-12T09:06:09-05:00,PUR_IED_GustavoR_B11_5b0ed,PUR_IED_GustavoR_B11_5b0ed,,,,,
2026-09-12T09:06:09-05:00,PUR_IED_GustavoR_Ext_7a0c90,PUR_IED_GustavoR_Ext_7a0c90,,,,,
2026-09-12T09:06:09-05:00,PUR_IED_HernandoDuran_Ext_8cd82b,PUR_IED_HernandoDuran_Ext_8cd82b,,,,,
2026-09-12T09:06:09-05:00,PUR_IED_HernandoDuran_S24_2772c6,PUR_IED_HernandoDuran_S24_2772c6,,,,,
2026-09-12T09:06:09-05:00,PUR_IED_HernandoDuran_S30_f2de41,PUR_IED_HernandoDuran_S30_f2de41,,,,,
2026-09-12T09:06:09-05:00,PUR_IED_HolguInUr_S1101_8cd732,PUR_IED_HolguInUr_S1101_8cd732,,,,,
2026-09-12T09:06:09-05:00,PUR_IED_HolguinUr_Exter_ddae6d,PUR_IED_HolguinUr_Exter_ddae6d,,,,,
2026-09-12T09:06:09-05:00,PUR_IED_HolguinUr_LabQuim_92b952,PUR_IED_HolguinUr_LabQuim_92b952,,,,,
2026-09-12T09:06:09-05:00,PUR_IED_Isabel-II_Ext_5245cc,PUR_IED_Isabel-II_Ext_5245cc,2,18,60,4.6336,-74.153
2026-09-12T09:06:09-05:00,PUR_IED_Isabel-II_S_idiom_1c29aa,PUR_IED_Isabel-II_S_idiom_1c29aa,,,,,
2026-09-12T09:06:09-05:00,PUR_IED_Isabel-II_S_infor_fd741,PUR_IED_Isabel-II_S_infor_fd741,,,,,
2026-09-12T09:06:09-05:00,PUR_IED_IsidroSur_Exterio_5b90ea,PUR_IED_IsidroSur_Exterio_5b90ea,,,,,
2026-09-12T09:06:09-05:00,PUR_IED_IsidroSur_LabTec_56697a,PUR_IED_IsidroSur_LabTec_56697a,,,,,
2026-09-12T09:06:09-05:00,PUR_IED_IsidroSur_Robotic_b7c38f,PUR_IED_IsidroSur_Robotic_b7c38f,,,,,
2026-09-12T09:06:09-05:00,PUR_IED_IsmaelPerd_Ext_7b6672,PUR_IED_IsmaelPerd_Ext_7b6672,,,,,
2026-09-12T09:06:09-05:00,PUR_IED_IsmaelPerd_Inform_306540,PUR_IED_IsmaelPerd_Inform_306540,,,,,
2026-09-12T09:06:09-05:00,PUR_IED_IsmaelPerd_S30_2e2c83,PUR_IED_IsmaelPerd_S30_2e2c83,,,,,
2026-09-12T09:06:09-05:00,PUR_IED_JLozano_Exter_432910,PUR_IED_JLozano_Exter_432910,,,,,
2026-09-12T09:06:09-05:00,PUR_IED_JLozano_salaMulti_df5125,PUR_IED_JLozano_salaMulti_df5125,,,,,
2026-09-12T09:06:09-05:00,PUR_IED_JMCordoba_206_86f80b,PUR_IED_JMCordoba_206_86f80b,,,,,
2026-09-12T09:06:09-05:00,PUR_IED_JMCordoba_Ext_27ad97,PUR_IED_JMCordoba_Ext_27ad97,,,,,
2026-09-12T09:06:09-05:00,PUR_IED_JMCordoba_S310_d59ab4,PUR_IED_JMCordoba_S310_d59ab4,,,,,
2026-09-12T09:06:09-05:00,PUR_IED_Japon_Ext_549100,PUR_IED_Japon_Ext_549100,,,,,
2026-09-12T09:06:09-05:00,PUR_IED_Japon_Laboratorio_bec51d,PUR_IED_Japon_Laboratorio_bec51d,,,,,
2026-09-12T09:06:09-05:00,PUR_IED_Japon_informatica_d99327,PUR_IED_Japon_informatica_d99327,,,,,
2026-09-12T09:06:09-05:00,PUR_IED_Jazmin_Ext_d27bda,PUR_IED_Jazmin_Ext_d27bda,,,,,
2026-09-12T09:06:09-05:00,PUR_IED_Jazmin_Fisica_8d14d7,PUR_IED_Jazmin_Fisica_8d14d7,,,,,
2026-09-12T09:06:09-05:00,PUR_IED_Jazmin_Quimica_801cb5,PUR_IED_Jazmin_Quimica_801cb5,,,,,
2026-09-12T09:06:09-05:00,PUR_IED_JorgeGaitan_Exter_f098d1,PUR_IED_JorgeGaitan_Exter_f098d1,,,,,
2026-09-12T09:06:09-05:00,PUR_IED_JorgeGaitan_STec1_dc9d1d,PUR_IED_JorgeGaitan_STec1_dc9d1d,,,,,
2026-09-12T09:06:09-05:00,PUR_IED_JorgeGaitan_STec2_281e69,PUR_IED_JorgeGaitan_STec2_281e69,,,,,
2026-09-12T09:06:09-05:00,PUR_IED_JorgeSoto_Exterio_d9d0a2,PUR_IED_JorgeSoto_Exterio_d9d0a2,,,,,
2026-09-12T09:06:09-05:00,PUR_IED_JorgeSoto_LabFisi_209c54,PUR_IED_JorgeSoto_LabFisi_209c54,,,,,
2026-09-12T09:06:09-05:00,PUR_IED_JorgeSoto_S103_27b51a,PUR_IED_JorgeSoto_S103_27b51a,,,,,
2026-09-12T09:06:09-05:00,PUR_IED_JoseAcevedo_A02_e965eb,PUR_IED_JoseAcevedo_A02_e965eb,,,,,
2026-09-12T09:06:09-05:00,PUR_IED_JoseAcevedo_A07_dd5b4,PUR_IED_JoseAcevedo_A07_dd5b4,,,,,
2026-09-12T09:06:09-05:00,PUR_IED_JoseAcevedo_Ext_b47484,PUR_IED_JoseAcevedo_Ext_b47484,,,,,
2026-09-12T09:06:09-05:00,PUR_IED_JoseMarti_Exte_5b9bf,PUR_IED_JoseMarti_Exte_5b9bf,,,,,
2026-09-12T09:06:09-05:00,PUR_IED_JoseMarti_LabQuim_1c6c2d,PUR_IED_JoseMarti_LabQuim_1c6c2d,,,,,
2026-09-12T09:06:09-05:00,PUR_IED_JoseMarti_S_info_f5f177,PUR_IED_JoseMarti_S_info_f5f177,,,,,
2026-09-12T09:06:09-05:00,PUR_IED_Josejoaquin_Ext_dfc5dc,PUR_IED_Josejoaquin_Ext_dfc5dc,,,,,
2026-09-12T09:06:09-05:00,PUR_IED_Josejoaquin_S05_5b2a96,PUR_IED_Josejoaquin_S05_5b2a96,,,,,
2026-09-12T09:06:09-05:00,PUR_IED_Josejoaquin_S06_1ce7d2,PUR_IED_Josejoaquin_S06_1ce7d2,,,,,
2026-09-12T09:06:09-05:00,PUR_IED_JulioFlorez_Danza_9b82dd,PUR_IED_JulioFlorez_Danza_9b82dd,,,,,
2026-09-12T09:06:09-05:00,PUR_IED_JulioFlorez_Exter_f9f314,PUR_IED_JulioFlorez_Exter_f9f314,,,,,
2026-09-12T09:06:09-05:00,PUR_IED_JulioFlorez_info2_6b6e08,PUR_IED_JulioFlorez_info2_6b6e08,,,,,
2026-09-12T09:06:09-05:00,PUR_IED_LaBelleza_Aula13_1d00d8,PUR_IED_LaBelleza_Aula13_1d00d8,,,,,
2026-09-12T09:06:09-05:00,PUR_IED_LaBelleza_Ext_7bc08c,PUR_IED_LaBelleza_Ext_7bc08c,,,,,
2026-09-12T09:06:09-05:00,PUR_IED_LaChucua_Ext_8cd6d2,PUR_IED_LaChucua_Ext_8cd6d2,,,,,
2026-09-12T09:06:09-05:00,PUR_IED_LaChucua_S15_f578ce,PUR_IED_LaChucua_S15_f578ce,,,,,
2026-09-12T09:06:09-05:00,PUR_IED_LaChucua_S16_eebcf9,PUR_IED_LaChucua_S16_eebcf9,,,,,
2026-09-12T09:06:09-05:00,PUR_IED_LaFelicidad_Ext_fb5109,PUR_IED_LaFelicidad_Ext_fb5109,,,,,
2026-09-12T09:06:09-05:00,PUR_IED_LaMerced_206_66ebd,PUR_IED_LaMerced_206_66ebd,,,,,
2026-09-12T09:06:09-05:00,PUR_IED_LaMerced_207_6ebd6,PUR_IED_LaMerced_207_6ebd6,,,,,
2026-09-12T09:06:09-05:00,PUR_IED_LaMerced_ext_304311,PUR_IED_LaMerced_ext_304311,,,,,
2026-09-12T09:06:09-05:00,PUR_IED_Laureano_CiencNat_281e5e,PUR_IED_Laureano_CiencNat_281e5e,,,,,
2026-09-12T09:06:09-05:00,PUR_IED_Laureano_Comedor_f65c0a,PUR_IED_Laureano_Comedor_f65c0a,,,,,
2026-09-12T09:06:09-05:00,PUR_IED_Laureano_Exterior_7ab011,PUR_IED_Laureano_Exterior_7ab011,,,,,
2026-09-12T09:06:09-05:00,PUR_IED_LeonGreiff_Exte_dfe560,PUR_IED_LeonGreiff_Exte_dfe560,,,,,
2026-09-12T09:06:09-05:00,PUR_IED_LeonGreiff_S210_f264ed,PUR_IED_LeonGreiff_S210_f264ed,,,,,
2026-09-12T09:06:09-05:00,PUR_IED_LeonGreiff_SQuimi_e8296f,PUR_IED_LeonGreiff_SQuimi_e8296f,,,,,
2026-09-12T09:06:09-05:00,PUR_IED_LlanoOrientalS208_7b9fcd,PUR_IED_LlanoOrientalS208_7b9fcd,,,,,
2026-09-12T09:06:09-05:00,PUR_IED_LlanoOriental_Ext_fb3766,PUR_IED_LlanoOriental_Ext_fb3766,,,,,
2026-09-12T09:06:09-05:00,PUR_IED_LlanoOriental_S208_7b9fcd,PUR_IED_LlanoOriental_S208_7b9fcd,,,,,
2026-09-12T09:06:09-05:00,PUR_IED_LlanoOriental_S9_27b378,PUR_IED_LlanoOriental_S9_27b378,,,,,
2026-09-12T09:06:09-05:00,PUR_IED_LosTejares_1101_477602,PUR_IED_LosTejares_1101_477602,,,,,
2026-09-12T09:06:09-05:00,PUR_IED_LosTejares_11_d2c595,PUR_IED_LosTejares_11_d2c595,,,,,
2026-09-12T09:06:09-05:00,PUR_IED_LosTejares_12_477602,PUR_IED_LosTejares_12_477602,,,,,
2026-09-12T09:06:09-05:00,PUR_IED_LosTejares_Ext_8e2115,PUR_IED_LosTejares_Ext_8e2115,,,,,
2026-09-12T09:06:09-05:00,PUR_IED_MagdalenaO_B202_5ddda3,PUR_IED_MagdalenaO_B202_5ddda3,,,,,
2026-09-12T09:06:09-05:00,PUR_IED_MagdalenaO_B205_fb76e8,PUR_IED_MagdalenaO_B205_fb76e8,,,,,
2026-09-12T09:06:09-05:00,PUR_IED_MagdalenaO_ext_dc69cd,PUR_IED_MagdalenaO_ext_dc69cd,,,,,
2026-09-12T09:06:09-05:00,PUR_IED_ManueCepeda_artes_eee956,PUR_IED_ManueCepeda_artes_eee956,,,,,
2026-09-12T09:06:09-05:00,PUR_IED_ManuelCepeda_Ext_58313,PUR_IED_ManuelCepeda_Ext_58313,,,,,
2026-09-12T09:06:09-05:00,PUR_IED_ManuelCepeda_tec_1c5731,PUR_IED_ManuelCepeda_tec_1c5731,,,,,
2026-09-12T09:06:09-05:00,PUR_IED_ManuelS_Exterior_5b269,PUR_IED_ManuelS_Exterior_5b269,,,,,
2026-09-12T09:06:09-05:00,PUR_IED_ManuelS_Inform_f369ce,PUR_IED_ManuelS_Inform_f369ce,,,,,
2026-09-12T09:06:09-05:00,PUR_IED_ManuelS_SArtes_7d15f1,PUR_IED_ManuelS_SArtes_7d15f1,,,,,
2026-09-12T09:06:09-05:00,PUR_IED_ManuelZapata_303_3ca6,PUR_IED_ManuelZapata_303_3ca6,,,,,
2026-09-12T09:06:09-05:00,PUR_IED_ManuelZapata_311_bfbabc,PUR_IED_ManuelZapata_311_bfbabc,,,,,
2026-09-12T09:06:09-05:00,PUR_IED_ManuelZapata_Ext_50824a,PUR_IED_ManuelZapata_Ext_50824a,,,,,
2026-09-12T09:06:09-05:00,PUR_IED_ManuelitaS_Exteri_656a92,PUR_IED_ManuelitaS_Exteri_656a92,,,,,
2026-09-12T09:06:09-05:00,PUR_IED_ManuelitaS_JuzgDe_f58ec3,PUR_IED_ManuelitaS_JuzgDe_f58ec3,,,,,
2026-09-12T09:06:09-05:00,PUR_IED_ManuelitaS_Recrea_d793db,PUR_IED_ManuelitaS_Recrea_d793db,,,,,
2026-09-12T09:06:09-05:00,PUR_IED_MarFidSuarez_Ext_c27b19,PUR_IED_MarFidSuarez_Ext_c27b19,,,,,
2026-09-12T09:06:09-05:00,PUR_IED_MarFidSuarez_Info_e384d7,PUR_IED_MarFidSuarez_Info_e384d7,,,,,
2026-09-12T09:06:09-05:00,PUR_IED_MarFidSuarez_S306_1d0032,PUR_IED_MarFidSuarez_S306_1d0032,,,,,
2026-09-12T09:06:09-05:00,PUR_IED_Menorah_301_2a25a3,PUR_IED_Menorah_301_2a25a3,,,,,
2026-09-12T09:06:09-05:00,PUR_IED_Menorah_306_37ed3,PUR_IED_Menorah_306_37ed3,,,,,
2026-09-12T09:06:09-05:00,PUR_IED_Menorah_Ext_3e155b,PUR_IED_Menorah_Ext_3e155b,,,,,
2026-09-12T09:06:09-05:00,PUR_IED_MinutoB.Aires_A11_1b1604,PUR_IED_MinutoB.Aires_A11_1b1604,,,,,
2026-09-12T09:06:09-05:00,PUR_IED_MinutoB.Aires_A12_fb5860,PUR_IED_MinutoB.Aires_A12_fb5860,,,,,
2026-09-12T09:06:09-05:00,PUR_IED_MinutoB.Aires_Ext_81293f,PUR_IED_MinutoB.Aires_Ext_81293f,,,,,
2026-09-12T09:06:09-05:00,PUR_IED_MinutoBAires_A11_1b1604,PUR_IED_MinutoBAires_A11_1b1604,,,,,
2026-09-12T09:06:09-05:00,PUR_IED_MinutoBAires_A12_fb5860,PUR_IED_MinutoBAires_A12_fb5860,,,,,
2026-09-12T09:06:09-05:00,PUR_IED_MinutoBAires_Ext_81293f,PUR_IED_MinutoBAires_Ext_81293f,,,,,
2026-09-12T09:06:09-05:00,PUR_IED_Montreal_Aula10_1e4959,PUR_IED_Montreal_Aula10_1e4959,,,,,
2026-09-12T09:06:09-05:00,PUR_IED_Montreal_Aula6_300367,PUR_IED_Montreal_Aula6_300367,,,,,
2026-09-12T09:06:09-05:00,PUR_IED_Montreal_Exterior_91a179,PUR_IED_Montreal_Exterior_91a179,,,,,
2026-09-12T09:06:09-05:00,PUR_IED_Mqgdalena_B202_5ddda3,PUR_IED_Mqgdalena_B202_5ddda3,,,,,
2026-09-12T09:06:09-05:00,PUR_IED_NACUND_Soc_dc8728,PUR_IED_NACUND_Soc_dc8728,,,,,
2026-09-12T09:06:09-05:00,PUR_IED_NACUND_ext_27ad97,PUR_IED_NACUND_ext_27ad97,,,,,
2026-09-12T09:06:09-05:00,PUR_IED_NEsperanza_Ext_d24b61,PUR_IED_NEsperanza_Ext_d24b61,,,,,
2026-09-12T09:06:09-05:00,PUR_IED_NEsperanza_SElect_7d1807,PUR_IED_NEsperanza_SElect_7d1807,,,,,
2026-09-12T09:06:09-05:00,PUR_IED_NEsperanza_SLabor_8b2d0a,PUR_IED_NEsperanza_SLabor_8b2d0a,,,,,
2026-09-12T09:06:09-05:00,PUR_IED_NacionesU_Ext_f661a9,PUR_IED_NacionesU_Ext_f661a9,,,,,
2026-09-12T09:06:09-05:00,PUR_IED_NacionesU_Quimica_66f0a,PUR_IED_NacionesU_Quimica_66f0a,,,,,
2026-09-12T09:06:09-05:00,PUR_IED_NacionesU_S306_1b4b3d,PUR_IED_NacionesU_S306_1b4b3d,,,,,
2026-09-12T09:06:09-05:00,PUR_IED_NestorFA_Ext_e4201c,PUR_IED_NestorFA_Ext_e4201c,,,,,
2026-09-12T09:06:09-05:00,PUR_IED_NestorFA_Laborato_f22fe0,PUR_IED_NestorFA_Laborato_f22fe0,,,,,
2026-09-12T09:06:09-05:00,PUR_IED_NestorFA_S204_dee996,PUR_IED_NestorFA_S204_dee996,,,,,
2026-09-12T09:06:09-05:00,PUR_IED_NidyaQT_Aula03_76999b,PUR_IED_NidyaQT_Aula03_76999b,,,,,
2026-09-12T09:06:09-05:00,PUR_IED_NidyaQT_Aula10_56325,PUR_IED_NidyaQT_Aula10_56325,,,,,
2026-09-12T09:06:09-05:00,PUR_IED_NidyaQT_Ext_46e32d,PUR_IED_NidyaQT_Ext_46e32d,,,,,
2026-09-12T09:06:09-05:00,PUR_IED_NuevaCol_Exterior_d9b859,PUR_IED_NuevaCol_Exterior_d9b859,,,,,
2026-09-12T09:06:09-05:00,PUR_IED_NuevaCol_S1101_76c43b,PUR_IED_NuevaCol_S1101_76c43b,,,,,
2026-09-12T09:06:09-05:00,PUR_IED_NuevaCol_S1102_1ce0b5,PUR_IED_NuevaCol_S1102_1ce0b5,,,,,
2026-09-12T09:06:09-05:00,PUR_IED_OEA_A202_f7e3f2,PUR_IED_OEA_A202_f7e3f2,,,,,
2026-09-12T09:06:09-05:00,PUR_IED_OEA_A203_7d1b8d,PUR_IED_OEA_A203_7d1b8d,,,,,
2026-09-12T09:06:09-05:00,PUR_IED_OEA_Ext_27b593,PUR_IED_OEA_Ext_27b593,,,,,
2026-09-12T09:06:09-05:00,PUR_IED_Ochoa_Ext_1c29da,PUR_IED_Ochoa_Ext_1c29da,,,,,
2026-09-12T09:06:09-05:00,PUR_IED_Ochoa_S205_8b1121,PUR_IED_Ochoa_S205_8b1121,,,,,
2026-09-12T09:06:09-05:00,PUR_IED_Ochoa_Sistemas_f33af6,PUR_IED_Ochoa_Sistemas_f33af6,,,,,
2026-09-12T09:06:09-05:00,PUR_IED_PQuebec_Ext_1c67c7,PUR_IED_PQuebec_Ext_1c67c7,,,,,
2026-09-12T09:06:09-05:00,PUR_IED_PQuebec_S15_23e8e2,PUR_IED_PQuebec_S15_23e8e2,,,,,
2026-09-12T09:06:09-05:00,PUR_IED_PQuebec_S16_8ec76b,PUR_IED_PQuebec_S16_8ec76b,,,,,
2026-09-12T09:06:09-05:00,PUR_IED_PabloN_Ext_49dc96,PUR_IED_PabloN_Ext_49dc96,,,,,
2026-09-12T09:06:09-05:00,PUR_IED_PabloN_S1102_4e3df5,PUR_IED_PabloN_S1102_4e3df5,,,,,
2026-09-12T09:06:09-05:00,PUR_IED_PabloN_S1103_50c94b,PUR_IED_PabloN_S1103_50c94b,,,,,
2026-09-12T09:06:09-05:00,PUR_IED_Palestina_S1101_db9198,PUR_IED_Palestina_S1101_db9198,,,,,
2026-09-12T09:06:09-05:00,PUR_IED_Palestina_S1102_dc54fa,PUR_IED_Palestina_S1102_dc54fa,,,,,
2026-09-12T09:06:09-05:00,PUR_IED_Palestina_ext_4ccce6,PUR_IED_Palestina_ext_4ccce6,,,,,
2026-09-12T09:06:09-05:00,PUR_IED_Panama_Fisica_4d0794,PUR_IED_Panama_Fisica_4d0794,,,,,
2026-09-12T09:06:09-05:00,PUR_IED_Panama_SIngles_a4077e,PUR_IED_Panama_SIngles_a4077e,,,,,
2026-09-12T09:06:09-05:00,PUR_IED_Panama_ext_4c54b4,PUR_IED_Panama_ext_4c54b4,,,,,
2026-09-12T09:06:09-05:00,PUR_IED_ParaisoM_Exterior_8cd7f0,PUR_IED_ParaisoM_Exterior_8cd7f0,,,,,
2026-09-12T09:06:09-05:00,PUR_IED_ParaisoM_Laborato_27af35,PUR_IED_ParaisoM_Laborato_27af35,,,,,
2026-09-12T09:06:09-05:00,PUR_IED_ParaisoM_S304_d1edca,PUR_IED_ParaisoM_S304_d1edca,,,,,
2026-09-12T09:06:09-05:00,PUR_IED_PorfirioBarba_Ext_301466,PUR_IED_PorfirioBarba_Ext_301466,,,,,
2026-09-12T09:06:09-05:00,PUR_IED_PorfirioBarba_S11_df6cd2,PUR_IED_PorfirioBarba_S11_df6cd2,,,,,
2026-09-12T09:06:09-05:00,PUR_IED_PorfirioBarba_S29_27a7d6,PUR_IED_PorfirioBarba_S29_27a7d6,,,,,
2026-09-12T09:06:09-05:00,PUR_IED_PradoV_Exter_8b27ad,PUR_IED_PradoV_Exter_8b27ad,,,,,
2026-09-12T09:06:09-05:00,PUR_IED_PradoV_S301_de65b5,PUR_IED_PradoV_S301_de65b5,,,,,
2026-09-12T09:06:09-05:00,PUR_IED_PradoV_S302_7d2593,PUR_IED_PradoV_S302_7d2593,,,,,
2026-09-12T09:06:09-05:00,PUR_IED_QuirogaAlz_Ext_1ddc82,PUR_IED_QuirogaAlz_Ext_1ddc82,,,,,
2026-09-12T09:06:09-05:00,PUR_IED_QuirogaAlz_S302_9926a3,PUR_IED_QuirogaAlz_S302_9926a3,,,,,
2026-09-12T09:06:09-05:00,PUR_IED_QuirogaAlz_S305_cdf1f1,PUR_IED_QuirogaAlz_S305_cdf1f1,,,,,
2026-09-12T09:06:09-05:00,PUR_IED_RGuatemala_Biling_dc53b7,PUR_IED_RGuatemala_Biling_dc53b7,,,,,
2026-09-12T09:06:09-05:00,PUR_IED_RGuatemala_Ext_1b89a3,PUR_IED_RGuatemala_Ext_1b89a3,,,,,
2026-09-12T09:06:09-05:00,PUR_IED_RGuatemala_Tecnol_281a34,PUR_IED_RGuatemala_Tecnol_281a34,,,,,
2026-09-12T09:06:09-05:00,PUR_IED_RafaNu_Ext_f7c302,PUR_IED_RafaNu_Ext_f7c302,,,,,
2026-09-12T09:06:09-05:00,PUR_IED_RafaNu_S1101_25fde,PUR_IED_RafaNu_S1101_25fde,,,,,
2026-09-12T09:06:09-05:00,PUR_IED_RafaNu_S1102_281517,PUR_IED_RafaNu_S1102_281517,,,,,
2026-09-12T09:06:09-05:00,PUR_IED_RafaelB_S305_ee2783,PUR_IED_RafaelB_S305_ee2783,,,,,
2026-09-12T09:06:09-05:00,PUR_IED_RafaelB_S306_75fe33,PUR_IED_RafaelB_S306_75fe33,,,,,
2026-09-12T09:06:09-05:00,PUR_IED_RafaelB_ext_283336,PUR_IED_RafaelB_ext_283336,,,,,
2026-09-12T09:06:09-05:00,PUR_IED_RafaelUU_Exterior_281a51,PUR_IED_RafaelUU_Exterior_281a51,,,,,
2026-09-12T09:06:09-05:00,PUR_IED_RafaelUU_Human_806b2,PUR_IED_RafaelUU_Human_806b2,,,,,
2026-09-12T09:06:09-05:00,PUR_IED_RafaelUU_Mate2_5680d4,PUR_IED_RafaelUU_Mate2_5680d4,,,,,
2026-09-12T09:06:09-05:00,PUR_IED_RamonSub_Ext_f9eeb9,PUR_IED_RamonSub_Ext_f9eeb9,,,,,
2026-09-12T09:06:09-05:00,PUR_IED_RamonSub_Media_d1f62f,PUR_IED_RamonSub_Media_d1f62f,,,,,
2026-09-12T09:06:09-05:00,PUR_IED_RamonSub_planta_51b82,PUR_IED_RamonSub_planta_51b82,,,,,
2026-09-12T09:06:09-05:00,PUR_IED_RepBoliVene_Exter_27af7c,PUR_IED_RepBoliVene_Exter_27af7c,,,,,
2026-09-12T09:06:09-05:00,PUR_IED_RepBoliVene_SCPT_5ae2ee,PUR_IED_RepBoliVene_SCPT_5ae2ee,,,,,
2026-09-12T09:06:09-05:00,PUR_IED_RepBoliVene_Socia_4b11d5,PUR_IED_RepBoliVene_Socia_4b11d5,,,,,
2026-09-12T09:06:09-05:00,PUR_IED_RepChina_Ext_76d9ee,PUR_IED_RepChina_Ext_76d9ee,,,,,
2026-09-12T09:06:09-05:00,PUR_IED_RepChina_S404_7c804c,PUR_IED_RepChina_S404_7c804c,,,,,
2026-09-12T09:06:09-05:00,PUR_IED_RepChina_S405_df2c33,PUR_IED_RepChina_S405_df2c33,,,,,
2026-09-12T09:06:09-05:00,PUR_IED_RepublicaC_Exteri_7d1ec9,PUR_IED_RepublicaC_Exteri_7d1ec9,,,,,
2026-09-12T09:06:09-05:00,PUR_IED_RepublicaC_S1101_f544b3,PUR_IED_RepublicaC_S1101_f544b3,,,,,
2026-09-12T09:06:09-05:00,PUR_IED_RepublicaC_S1102_7aafc7,PUR_IED_RepublicaC_S1102_7aafc7,,,,,
2026-09-12T09:06:09-05:00,PUR_IED_Ricaurte_Externo_a0ea1,PUR_IED_Ricaurte_Externo_a0ea1,,,,,
2026-09-12T09:06:09-05:00,PUR_IED_Ricaurte_S210_f546fd,PUR_IED_Ricaurte_S210_f546fd,,,,,
2026-09-12T09:06:09-05:00,PUR_IED_Ricaurte_S309_d4452,PUR_IED_Ricaurte_S309_d4452,,,,,
2026-09-12T09:06:09-05:00,PUR_IED_RogelioS_1102_531e69,PUR_IED_RogelioS_1102_531e69,,,,,
2026-09-12T09:06:09-05:00,PUR_IED_RogelioS_Ext_f25a18,PUR_IED_RogelioS_Ext_f25a18,,,,,
2026-09-12T09:06:09-05:00,PUR_IED_SBernardino_Ext_27aff8,PUR_IED_SBernardino_Ext_27aff8,,,,,
2026-09-12T09:06:09-05:00,PUR_IED_SBernardino_SArte_2ffd33,PUR_IED_SBernardino_SArte_2ffd33,,,,,
2026-09-12T09:06:09-05:00,PUR_IED_SBernardino_SIngl_7c7da5,PUR_IED_SBernardino_SIngl_7c7da5,,,,,
2026-09-12T09:06:09-05:00,PUR_IED_Sago_auditorio_dc9d1d,PUR_IED_Sago_auditorio_dc9d1d,,,,,
2026-09-12T09:06:09-05:00,PUR_IED_Saludcoop_Ext_95aac3,PUR_IED_Saludcoop_Ext_95aac3,,,,,
2026-09-12T09:06:09-05:00,PUR_IED_Saludcoop_InfI_90c854,PUR_IED_Saludcoop_InfI_90c854,,,,,
2026-09-12T09:06:09-05:00,PUR_IED_Saludcoop_SMedia_1b93be,PUR_IED_Saludcoop_SMedia_1b93be,,,,,
2026-09-12T09:06:09-05:00,PUR_IED_SanCarlos_1101_1a2360,PUR_IED_SanCarlos_1101_1a2360,,,,,
2026-09-12T09:06:09-05:00,PUR_IED_SanCarlos_1103_7bafb5,PUR_IED_SanCarlos_1103_7bafb5,,,,,
2026-09-12T09:06:09-05:00,PUR_IED_SanCarlos_Ext_b7cd1,PUR_IED_SanCarlos_Ext_b7cd1,,,,,
2026-09-12T09:06:09-05:00,PUR_IED_SanIgnacioBosa11a_50c26e,PUR_IED_SanIgnacioBosa11a_50c26e,,,,,
2026-09-12T09:06:09-05:00,PUR_IED_SanIgnacioBosa11b_371de8,PUR_IED_SanIgnacioBosa11b_371de8,,,,,
2026-09-12T09:06:09-05:00,PUR_IED_SanIgnacioBosaExt_ef0ffc,PUR_IED_SanIgnacioBosaExt_ef0ffc,,,,,
2026-09-12T09:06:09-05:00,PUR_IED_SanIgnacioBosa_11a_50c26e,PUR_IED_SanIgnacioBosa_11a_50c26e,,,,,
2026-09-12T09:06:09-05:00,PUR_IED_SanIgnacioBosa_Ext_ef0ffc,PUR_IED_SanIgnacioBosa_Ext_ef0ffc,,,,,
2026-09-12T09:06:09-05:00,PUR_IED_SanJoseN_intS1101_31c47f,PUR_IED_SanJoseN_intS1101_31c47f,,,,,
2026-09-12T09:06:09-05:00,PUR_IED_SanJoseUsm_Exter_f5d7e8,PUR_IED_SanJoseUsm_Exter_f5d7e8,,,,,
2026-09-12T09:06:09-05:00,PUR_IED_SanJoseUsm_Int11A_cfdef6,PUR_IED_SanJoseUsm_Int11A_cfdef6,,,,,
2026-09-12T09:06:09-05:00,PUR_IED_SilveriaR_IntB5_905349,PUR_IED_SilveriaR_IntB5_905349,,,,,
2026-09-12T09:06:09-05:00,PUR_IED_SilveriaR_IntSD14_981f93,PUR_IED_SilveriaR_IntSD14_981f93,,,,,
2026-09-12T09:06:09-05:00,PUR_IED_SilveriaR_ext_2b651d,PUR_IED_SilveriaR_ext_2b651d,,,,,
2026-09-12T09:06:09-05:00,PUR_IED_SimonB_Exterior_913975,PUR_IED_SimonB_Exterior_913975,,,,,
2026-09-12T09:06:09-05:00,PUR_IED_SimonB_LabQuimi_c56908,PUR_IED_SimonB_LabQuimi_c56908,,,,,
2026-09-12T09:06:09-05:00,PUR_IED_SimonB_informatic_a28c1,PUR_IED_SimonB_informatic_a28c1,,,,,
2026-09-12T09:06:09-05:00,PUR_IED_Sorrento_1102_315f50,PUR_IED_Sorrento_1102_315f50,,,,,
2026-09-12T09:06:09-05:00,PUR_IED_Sorrento_Minte_214eab,PUR_IED_Sorrento_Minte_214eab,,,,,
2026-09-12T09:06:09-05:00,PUR_IED_Sorrento_ext_7c3a0a,PUR_IED_Sorrento_ext_7c3a0a,,,,,
2026-09-12T09:06:09-05:00,PUR_IED_Tabora_Ext_f048ae,PUR_IED_Tabora_Ext_f048ae,,,,,
2026-09-12T09:06:09-05:00,PUR_IED_Tabora_S1102_b07752,PUR_IED_Tabora_S1102_b07752,,,,,
2026-09-12T09:06:09-05:00,PUR_IED_Tabora_S1103_d988f5,PUR_IED_Tabora_S1103_d988f5,,,,,
2026-09-12T09:06:09-05:00,PUR_IED_Tenerife_Ext_1ab188,PUR_IED_Tenerife_Ext_1ab188,,,,,
2026-09-12T09:06:09-05:00,PUR_IED_Tenerife_SDanzas_7bc02e,PUR_IED_Tenerife_SDanzas_7bc02e,,,,,
2026-09-12T09:06:09-05:00,PUR_IED_Tenerife_SIngles_7cc277,PUR_IED_Tenerife_SIngles_7cc277,,,,,
2026-09-12T09:06:09-05:00,PUR_IED_Tibabuyes_Exter_f2683d,PUR_IED_Tibabuyes_Exter_f2683d,,,,,
2026-09-12T09:06:09-05:00,PUR_IED_Tibabuyes_S10_dc87a8,PUR_IED_Tibabuyes_S10_dc87a8,,,,,
2026-09-12T09:06:09-05:00,PUR_IED_Tibabuyes_S15_dc0526,PUR_IED_Tibabuyes_S15_dc0526,,,,,
2026-09-12T09:06:09-05:00,PUR_IED_UnionE_S301_a1043,PUR_IED_UnionE_S301_a1043,,,,,
2026-09-12T09:06:09-05:00,PUR_IED_UnionE_S307_ff6c2f,PUR_IED_UnionE_S307_ff6c2f,,,,,
2026-09-12T09:06:09-05:00,PUR_IED_UnionE__Ext_5e2468,PUR_IED_UnionE__Ext_5e2468,,,,,
2026-09-12T09:06:09-05:00,PUR_IED_VillaRica_Ext_75be7c,PUR_IED_VillaRica_Ext_75be7c,,,,,
2026-09-12T09:06:09-05:00,PUR_IED_VillaRica_S4_cc5dcd,PUR_IED_VillaRica_S4_cc5dcd,,,,,
2026-09-12T09:06:09-05:00,PUR_IED_VillaRica_Sesp_99f5c,PUR_IED_VillaRica_Sesp_99f5c,,,,,
2026-09-12T09:11:07-05:00,PUR_IED_20deJulio_1101_91b1b9,PUR_IED_20deJulio_1101_91b1b9,,,,,
2026-09-12T09:11:07-05:00,PUR_IED_20deJulio_1102_1cfcf9,PUR_IED_20deJulio_1102_1cfcf9,,,,,
2026-09-12T09:11:07-05:00,PUR_IED_20deJulio_Ext_ab60bd,PUR_IED_20deJulio_Ext_ab60bd,,,,,
2026-09-12T09:11:07-05:00,PUR_IED_AgustinFer_Ext_7b9b77,PUR_IED_AgustinFer_Ext_7b9b77,,,,,
2026-09-12T09:11:07-05:00,PUR_IED_AgustinFer_Info2_27b3a7,PUR_IED_AgustinFer_Info2_27b3a7,,,,,
2026-09-12T09:11:07-05:00,PUR_IED_AgustinFer_Sena_54b4eb,PUR_IED_AgustinFer_Sena_54b4eb,,,,,
2026-09-12T09:11:07-05:00,PUR_IED_AlexanderF_1102_caf07b,PUR_IED_AlexanderF_1102_caf07b,,,,,
2026-09-12T09:11:07-05:00,PUR_IED_AlexanderF_1103_c79e71,PUR_IED_AlexanderF_1103_c79e71,,,,,
2026-09-12T09:11:07-05:00,PUR_IED_AlexanderF_Ext_c5b18b,PUR_IED_AlexanderF_Ext_c5b18b,,,,,
2026-09-12T09:11:07-05:00,PUR_IED_AlfonsoLopez_Ext_281d77,PUR_IED_AlfonsoLopez_Ext_281d77,,,,,
2026-09-12T09:11:07-05:00,PUR_IED_AlfonsoLopez_LabF_888ce0,PUR_IED_AlfonsoLopez_LabF_888ce0,,,,,
2026-09-12T09:11:07-05:00,PUR_IED_AlfonsoLopez_SMed_df6a7f,PUR_IED_AlfonsoLopez_SMed_df6a7f,,,,,
2026-09-12T09:11:07-05:00,PUR_IED_AltamiraSO_A2_209f92,PUR_IED_AltamiraSO_A2_209f92,,,,,
2026-09-12T09:11:07-05:00,PUR_IED_AltamiraSO_Ext_186d66,PUR_IED_AltamiraSO_Ext_186d66,,,,,
2026-09-12T09:11:07-05:00,PUR_IED_AltamiraSO_Sistem_27afe1,PUR_IED_AltamiraSO_Sistem_27afe1,,,,,
2026-09-12T09:11:07-05:00,PUR_IED_AlvaroGom_LabQuim_813179,PUR_IED_AlvaroGom_LabQuim_813179,,,,,
2026-09-12T09:11:07-05:00,PUR_IED_AlvaroGomez_Ext_47c7ca,PUR_IED_AlvaroGomez_Ext_47c7ca,,,,,
2026-09-12T09:11:07-05:00,PUR_IED_AlvaroGomez_LabQuim_813179,PUR_IED_AlvaroGomez_LabQuim_813179,,,,,
2026-09-12T09:11:07-05:00,PUR_IED_AlvaroGomez_S23_7ba89f,PUR_IED_AlvaroGomez_S23_7ba89f,,,,,
2026-09-12T09:11:07-05:00,PUR_IED_Amistad_306_dc8728,PUR_IED_Amistad_306_dc8728,,,,,
2026-09-12T09:11:07-05:00,PUR_IED_Amistad_Ext_8cd55e,PUR_IED_Amistad_Ext_8cd55e,,,,,
2026-09-12T09:11:07-05:00,PUR_IED_Amistad_S202_a41169,PUR_IED_Amistad_S202_a41169,,,,,
2026-09-12T09:11:07-05:00,PUR_IED_AndresBello_Bio_fd5f5e,PUR_IED_AndresBello_Bio_fd5f5e,,,,,
2026-09-12T09:11:07-05:00,PUR_IED_AndresBello_ext_dcad65,PUR_IED_AndresBello_ext_dcad65,,,,,
2026-09-12T09:11:07-05:00,PUR_IED_AndresBello_port_eed3ec,PUR_IED_AndresBello_port_eed3ec,,,,,
2026-09-12T09:11:07-05:00,PUR_IED_AngelaR_11b_d90a6b,PUR_IED_AngelaR_11b_d90a6b,,,,,
2026-09-12T09:11:07-05:00,PUR_IED_AngelaR_ext_7cad3e,PUR_IED_AngelaR_ext_7cad3e,,,,,
2026-09-12T09:11:07-05:00,PUR_IED_AntJoseSucre_10mo_df2575,PUR_IED_AntJoseSucre_10mo_df2575,,,,,
2026-09-12T09:11:07-05:00,PUR_IED_AntJoseSucre_Ext_215b36,PUR_IED_AntJoseSucre_Ext_215b36,,,,,
2026-09-12T09:11:07-05:00,PUR_IED_AntJoseSucre_Lab_3139de,PUR_IED_AntJoseSucre_Lab_3139de,,,,,
2026-09-12T09:11:07-05:00,PUR_IED_AntonioGarcia_301_d6b188,PUR_IED_AntonioGarcia_301_d6b188,,,,,
2026-09-12T09:11:07-05:00,PUR_IED_AntonioGarcia_302_88a82,PUR_IED_AntonioGarcia_302_88a82,,,,,
2026-09-12T09:11:07-05:00,PUR_IED_AntonioGarcia_Ext_20950c,PUR_IED_AntonioGarcia_Ext_20950c,,,,,
2026-09-12T09:11:07-05:00,PUR_IED_AntonioVan_Aula2_6dea02,PUR_IED_AntonioVan_Aula2_6dea02,,,,,
2026-09-12T09:11:07-05:00,PUR_IED_AntonioVan_Aula5_f1557e,PUR_IED_AntonioVan_Aula5_f1557e,,,,,
2026-09-12T09:11:07-05:00,PUR_IED_AntonioVan_Ext_406f2f,PUR_IED_AntonioVan_Ext_406f2f,,,,,
2026-09-12T09:11:07-05:00,PUR_IED_Atabanzha_Ext_cc5af9,PUR_IED_Atabanzha_Ext_cc5af9,,,,,
2026-09-12T09:11:07-05:00,PUR_IED_Atabanzha_SA101_56c37,PUR_IED_Atabanzha_SA101_56c37,,,,,
2026-09-12T09:11:07-05:00,PUR_IED_Atabanzha_SB302_27b374,PUR_IED_Atabanzha_SB302_27b374,,,,,
2026-09-12T09:11:07-05:00,PUR_IED_Atahualpa_Ext_fc1748,PUR_IED_Atahualpa_Ext_fc1748,,,,,
2026-09-12T09:11:07-05:00,PUR_IED_Atahualpa_Informa_dc9a95,PUR_IED_Atahualpa_Informa_dc9a95,,,,,
2026-09-12T09:11:07-05:00,PUR_IED_Atahualpa_S1101_f98056,PUR_IED_Atahualpa_S1101_f98056,,,,,
2026-09-12T09:11:07-05:00,PUR_IED_Bellavista_Ext_f5aa74,PUR_IED_Bellavista_Ext_f5aa74,,,,,
2026-09-12T09:11:07-05:00,PUR_IED_Bilbao_11A_916c41,PUR_IED_Bilbao_11A_916c41,,,,,
2026-09-12T09:11:07-05:00,PUR_IED_Bilbao_Ext_fb579a,PUR_IED_Bilbao_Ext_fb579a,,,,,
2026-09-12T09:11:07-05:00,PUR_IED_BrasiliaU_A125_304280,PUR_IED_BrasiliaU_A125_304280,,,,,
2026-09-12T09:11:07-05:00,PUR_IED_BrasiliaU_A203_7c8ca5,PUR_IED_BrasiliaU_A203_7c8ca5,,,,,
2026-09-12T09:11:07-05:00,PUR_IED_BrasiliaU_Ext_8d6e9f,PUR_IED_BrasiliaU_Ext_8d6e9f,5,17,67,4.5175,-74.116302
2026-09-12T09:11:07-05:00,PUR_IED_Brasilia_Ext_fe6593,PUR_IED_Brasilia_Ext_fe6593,,,,,
2026-09-12T09:11:07-05:00,PUR_IED_Brasilia_S24_7c130d,PUR_IED_Brasilia_S24_7c130d,,,,,
2026-09-12T09:11:07-05:00,PUR_IED_Brasilia_S501_186a54,PUR_IED_Brasilia_S501_186a54,,,,,
2026-09-12T09:11:07-05:00,PUR_IED_CHARRY_EXT_f1d5cd,PUR_IED_CHARRY_EXT_f1d5cd,,,,,
2026-09-12T09:11:07-05:00,PUR_IED_CHARRY_INTDANZAS_7a08e6,PUR_IED_CHARRY_INTDANZAS_7a08e6,,,,,
2026-09-12T09:11:07-05:00,PUR_IED_CHARRY_INT_AULA20_dc998d,PUR_IED_CHARRY_INT_AULA20_dc998d,,,,,
2026-09-12T09:11:07-05:00,PUR_IED_COLVIV_1101_S25_7f520a,PUR_IED_COLVIV_1101_S25_7f520a,,,,,
2026-09-12T09:11:07-05:00,PUR_IED_COLVIV_1102_S16_f570ba,PUR_IED_COLVIV_1102_S16_f570ba,,,,,
2026-09-12T09:11:07-05:00,PUR_IED_COLVIV_Ext_1a26fa,PUR_IED_COLVIV_Ext_1a26fa,,,,,
2026-09-12T09:11:07-05:00,PUR_IED_CULPOP_301A_f660f3,PUR_IED_CULPOP_301A_f660f3,,,,,
2026-09-12T09:11:07-05:00,PUR_IED_CULPOP_303_568afe,PUR_IED_CULPOP_303_568afe,,,,,
2026-09-12T09:11:07-05:00,PUR_IED_CULPOP_Ext_e02ccb,PUR_IED_CULPOP_Ext_e02ccb,,,,,
2026-09-12T09:11:07-05:00,PUR_IED_CVillavicen_Ext_26eb58,PUR_IED_CVillavicen_Ext_26eb58,6,15,81,4.487,-74.102798
2026-09-12T09:11:07-05:00,PUR_IED_CVillavicen_Intel_1ce5c2,PUR_IED_CVillavicen_Intel_1ce5c2,,,,,
2026-09-12T09:11:07-05:00,PUR_IED_CVillavicen_Poliv_e0766c,PUR_IED_CVillavicen_Poliv_e0766c,,,,,
2026-09-12T09:11:07-05:00,PUR_IED_CVillavicen_int_1ba140,PUR_IED_CVillavicen_int_1ba140,,,,,
2026-09-12T09:11:07-05:00,PUR_IED_CVillavicen_intel_1ba140,PUR_IED_CVillavicen_intel_1ba140,,,,,
2026-09-12T09:11:07-05:00,PUR_IED_CarlosPizarro_Ext_e307cc,PUR_IED_CarlosPizarro_Ext_e307cc,,,,,
2026-09-12T09:11:07-05:00,PUR_IED_CarlosPizarro_L36_7e5cdb,PUR_IED_CarlosPizarro_L36_7e5cdb,,,,,
2026-09-12T09:11:07-05:00,PUR_IED_CarlosPizarro_L37_c8566c,PUR_IED_CarlosPizarro_L37_c8566c,,,,,
2026-09-12T09:11:07-05:00,PUR_IED_Castilla_Ext_cf35f,PUR_IED_Castilla_Ext_cf35f,,,,,
2026-09-12T09:11:07-05:00,PUR_IED_Castilla_SFisik_360e38,PUR_IED_Castilla_SFisik_360e38,,,,,
2026-09-12T09:11:07-05:00,PUR_IED_Castilla_Sc304_496fbf,PUR_IED_Castilla_Sc304_496fbf,,,,,
2026-09-12T09:11:07-05:00,PUR_IED_CervantesSa_Ext_6b57b,PUR_IED_CervantesSa_Ext_6b57b,3,17,72,4.5128,-74.117203
2026-09-12T09:11:07-05:00,PUR_IED_CervantesSa_S107_225c2b,PUR_IED_CervantesSa_S107_225c2b,,,,,
2026-09-12T09:11:07-05:00,PUR_IED_CervantesSa_S108_940925,PUR_IED_CervantesSa_S108_940925,,,,,
2026-09-12T09:11:07-05:00,PUR_IED_Charry_A20_f53e7c,PUR_IED_Charry_A20_f53e7c,,,,,
2026-09-12T09:11:07-05:00,PUR_IED_Charry_Ext_f1d5cd,PUR_IED_Charry_Ext_f1d5cd,,,,,
2026-09-12T09:11:07-05:00,PUR_IED_Charry_IntAula20_dc998d,PUR_IED_Charry_IntAula20_dc998d,,,,,
2026-09-12T09:11:07-05:00,PUR_IED_Charry_IntDanzas_7a08e6,PUR_IED_Charry_IntDanzas_7a08e6,,,,,
2026-09-12T09:11:07-05:00,PUR_IED_ClememciaC_203_43e2fc,PUR_IED_ClememciaC_203_43e2fc,,,,,
2026-09-12T09:11:07-05:00,PUR_IED_ClememciaC_Ext_1b411a,PUR_IED_ClememciaC_Ext_1b411a,,,,,
2026-09-12T09:11:07-05:00,PUR_IED_ClememciaC_Quimic_44b5fc,PUR_IED_ClememciaC_Quimic_44b5fc,,,,,
2026-09-12T09:11:07-05:00,PUR_IED_ClemenciaC_203_43e2fc,PUR_IED_ClemenciaC_203_43e2fc,,,,,
2026-09-12T09:11:07-05:00,PUR_IED_ClemenciaC_Ext_1b411a,PUR_IED_ClemenciaC_Ext_1b411a,,,,,
2026-09-12T09:11:07-05:00,PUR_IED_ClemenciaC_Quimic_44b5fc,PUR_IED_ClemenciaC_Quimic_44b5fc,,,,,
2026-09-12T09:11:07-05:00,PUR_IED_ColViva_1101_S25_7f520a,PUR_IED_ColViva_1101_S25_7f520a,,,,,
2026-09-12T09:11:07-05:00,PUR_IED_ColViva_1102_S16_f570ba,PUR_IED_ColViva_1102_S16_f570ba,,,,,
2026-09-12T09:11:07-05:00,PUR_IED_ColViva_Ext_1a26fa,PUR_IED_ColViva_Ext_1a26fa,,,,,
2026-09-12T09:11:07-05:00,PUR_IED_ColegioBici_Asist_7c8798,PUR_IED_ColegioBici_Asist_7c8798,,,,,
2026-09-12T09:11:07-05:00,PUR_IED_ColegioBici_Ext_25cbf6,PUR_IED_ColegioBici_Ext_25cbf6,,,,,
2026-09-12T09:11:07-05:00,PUR_IED_ColegioBici_LabQ_7b57db,PUR_IED_ColegioBici_LabQ_7b57db,,,,,
2026-09-12T09:11:07-05:00,PUR_IED_CostaRica_Ext_5e640,PUR_IED_CostaRica_Ext_5e640,,,,,
2026-09-12T09:11:07-05:00,PUR_IED_CostaRica_Quim1_766d1c,PUR_IED_CostaRica_Quim1_766d1c,,,,,
2026-09-12T09:11:07-05:00,PUR_IED_CostaRica__Fisica_6f0873,PUR_IED_CostaRica__Fisica_6f0873,,,,,
2026-09-12T09:11:07-05:00,PUR_IED_CulPopu_301A_f660f3,PUR_IED_CulPopu_301A_f660f3,,,,,
2026-09-12T09:11:07-05:00,PUR_IED_CulPopu_303_568afe,PUR_IED_CulPopu_303_568afe,,,,,
2026-09-12T09:11:07-05:00,PUR_IED_CulPopu_Ext_e02ccb,PUR_IED_CulPopu_Ext_e02ccb,,,,,
2026-09-12T09:11:07-05:00,PUR_IED_Cundinamarca_Ext_f15985,PUR_IED_Cundinamarca_Ext_f15985,,,,,
2026-09-12T09:11:07-05:00,PUR_IED_Cundinamarca_Info_7aa5d7,PUR_IED_Cundinamarca_Info_7aa5d7,,,,,
2026-09-12T09:11:07-05:00,PUR_IED_Cundinamarca_Tec2_f449c7,PUR_IED_Cundinamarca_Tec2_f449c7,,,,,
2026-09-12T09:11:07-05:00,PUR_IED_DiegoM_Aula1_27b314,PUR_IED_DiegoM_Aula1_27b314,,,,,
2026-09-12T09:11:07-05:00,PUR_IED_DiegoM_Ext_d80ac8,PUR_IED_DiegoM_Ext_d80ac8,,,,,
2026-09-12T09:11:07-05:00,PUR_IED_DiegoM_S25_da928f,PUR_IED_DiegoM_S25_da928f,,,,,
2026-09-12T09:11:07-05:00,PUR_IED_ELRODEO_360881,PUR_IED_ELRODEO_360881,,,,,
2026-09-12T09:11:07-05:00,PUR_IED_ELRODEO_ext_360881,PUR_IED_ELRODEO_ext_360881,,,,,
2026-09-12T09:11:07-05:00,PUR_IED_EduardoU_Ext_1c1969,PUR_IED_EduardoU_Ext_1c1969,,,,,
2026-09-12T09:11:07-05:00,PUR_IED_EduardoU_SCiencia_4dfb94,PUR_IED_EduardoU_SCiencia_4dfb94,,,,,
2026-09-12T09:11:07-05:00,PUR_IED_EduardoU_SQuimica_5a46e7,PUR_IED_EduardoU_SQuimica_5a46e7,,,,,
2026-09-12T09:11:07-05:00,PUR_IED_ElRodeo_Aula14_676984,PUR_IED_ElRodeo_Aula14_676984,,,,,
2026-09-12T09:11:07-05:00,PUR_IED_ElRodeo_Aula16_2dd35b,PUR_IED_ElRodeo_Aula16_2dd35b,,,,,
2026-09-12T09:11:07-05:00,PUR_IED_ElRodeo_Ext_360881,PUR_IED_ElRodeo_Ext_360881,,,,,
2026-09-12T09:11:07-05:00,PUR_IED_ElRodeo_Exterior_8c6d28,PUR_IED_ElRodeo_Exterior_8c6d28,,,,,
2026-09-12T09:11:07-05:00,PUR_IED_ElRodeo_ext_360881,PUR_IED_ElRodeo_ext_360881,,,,,
2026-09-12T09:11:07-05:00,PUR_IED_EmmaReyes_Ext_987625,PUR_IED_EmmaReyes_Ext_987625,4,21,53,4.6367,-74.1511
2026-09-12T09:11:07-05:00,PUR_IED_Ensueño_Ext_7f0250,PUR_IED_Ensueño_Ext_7f0250,,,,,
2026-09-12T09:11:07-05:00,PUR_IED_EscNormal_Ext_5fef3b,PUR_IED_EscNormal_Ext_5fef3b,2,19,61,4.5852,-74.096901
2026-09-12T09:11:07-05:00,PUR_IED_EscNormal_S309_5b263,PUR_IED_EscNormal_S309_5b263,,,,,
2026-09-12T09:11:07-05:00,PUR_IED_EscNormal_S310_27b3b8,PUR_IED_EscNormal_S310_27b3b8,,,,,
2026-09-12T09:11:07-05:00,PUR_IED_Evangelista_Conta_f6cd4f,PUR_IED_Evangelista_Conta_f6cd4f,,,,,
2026-09-12T09:11:07-05:00,PUR_IED_Evangelista_Cri_5e16a,PUR_IED_Evangelista_Cri_5e16a,,,,,
2026-09-12T09:11:07-05:00,PUR_IED_Evangelista_Exter_754066,PUR_IED_Evangelista_Exter_754066,,,,,
2026-09-12T09:11:07-05:00,PUR_IED_FMiranda_S209_5cc2a3,PUR_IED_FMiranda_S209_5cc2a3,,,,,
2026-09-12T09:11:07-05:00,PUR_IED_FMiranda_S303_19e344,PUR_IED_FMiranda_S303_19e344,,,,,
2026-09-12T09:11:07-05:00,PUR_IED_FMiranda_ext_f53e7c,PUR_IED_FMiranda_ext_f53e7c,,,,,
2026-09-12T09:11:07-05:00,PUR_IED_FabioLozano_Bibli_1cee05,PUR_IED_FabioLozano_Bibli_1cee05,,,,,
2026-09-12T09:11:07-05:00,PUR_IED_FabioLozano_Ext_6ea285,PUR_IED_FabioLozano_Ext_6ea285,,,,,
2026-09-12T09:11:07-05:00,PUR_IED_FabioLozano_SLudi_f09e1e,PUR_IED_FabioLozano_SLudi_f09e1e,,,,,
2026-09-12T09:11:07-05:00,PUR_IED_FaustinoS_Aula07_27a731,PUR_IED_FaustinoS_Aula07_27a731,,,,,
2026-09-12T09:11:07-05:00,PUR_IED_FaustinoS_Ext_7b936f,PUR_IED_FaustinoS_Ext_7b936f,,,,,
2026-09-12T09:11:07-05:00,PUR_IED_FaustinoS_Fisica_da2c60,PUR_IED_FaustinoS_Fisica_da2c60,,,,,
2026-09-12T09:11:07-05:00,PUR_IED_FeGarciaLo_Ext_dc68ee,PUR_IED_FeGarciaLo_Ext_dc68ee,,,,,
2026-09-12T09:11:07-05:00,PUR_IED_FeGarciaLo_SDanza_f70a59,PUR_IED_FeGarciaLo_SDanza_f70a59,,,,,
2026-09-12T09:11:07-05:00,PUR_IED_FeGarciaLo_SMusic_125cdd,PUR_IED_FeGarciaLo_SMusic_125cdd,,,,,
2026-09-12T09:11:07-05:00,PUR_IED_FederalAlema_Exte_50c345,PUR_IED_FederalAlema_Exte_50c345,,,,,
2026-09-12T09:11:07-05:00,PUR_IED_FederalAlema_S31_f18371,PUR_IED_FederalAlema_S31_f18371,,,,,
2026-09-12T09:11:07-05:00,PUR_IED_FederalAlema_S901_a62cd,PUR_IED_FederalAlema_S901_a62cd,,,,,
2026-09-12T09:11:07-05:00,PUR_IED_FilarmonicaS_A5_f35eb1,PUR_IED_FilarmonicaS_A5_f35eb1,,,,,
2026-09-12T09:11:07-05:00,PUR_IED_FilarmonicaS_Ext_8a3bde,PUR_IED_FilarmonicaS_Ext_8a3bde,,,,,
2026-09-12T09:11:07-05:00,PUR_IED_FilarmonicaS_Spol_406114,PUR_IED_FilarmonicaS_Spol_406114,,,,,
2026-09-12T09:11:07-05:00,PUR_IED_FlorentinoG_A13_d1fa59,PUR_IED_FlorentinoG_A13_d1fa59,,,,,
2026-09-12T09:11:07-05:00,PUR_IED_FlorentinoG_Ext_1ce6ce,PUR_IED_FlorentinoG_Ext_1ce6ce,,,,,
2026-09-12T09:11:07-05:00,PUR_IED_FlorentinoG_Idiom_a66aac,PUR_IED_FlorentinoG_Idiom_a66aac,,,,,
2026-09-12T09:11:07-05:00,PUR_IED_FranciscoMati_Ext_e3869d,PUR_IED_FranciscoMati_Ext_e3869d,,,,,
2026-09-12T09:11:07-05:00,PUR_IED_FranciscoMati_S13_f31c67,PUR_IED_FranciscoMati_S13_f31c67,,,,,
2026-09-12T09:11:07-05:00,PUR_IED_FranciscoMati_S14_97dead,PUR_IED_FranciscoMati_S14_97dead,,,,,
2026-09-12T09:11:07-05:00,PUR_IED_FranciscoPS_Ext_7bfa9a,PUR_IED_FranciscoPS_Ext_7bfa9a,2,20,59,4.5899,-74.110397
2026-09-12T09:11:07-05:00,PUR_IED_FranciscoPS_Infor_fb8f4c,PUR_IED_FranciscoPS_Infor_fb8f4c,,,,,
2026-09-12T09:11:07-05:00,PUR_IED_FranciscoPS_Quimi_94d39c,PUR_IED_FranciscoPS_Quimi_94d39c,,,,,
2026-09-12T09:11:07-05:00,PUR_IED_FranciscoP_LabQ_d7e148,PUR_IED_FranciscoP_LabQ_d7e148,,,,,
2026-09-12T09:11:07-05:00,PUR_IED_FranciscoP_S28_cf9b30,PUR_IED_FranciscoP_S28_cf9b30,,,,,
2026-09-12T09:11:07-05:00,PUR_IED_FranciscoP_ext_e2313,PUR_IED_FranciscoP_ext_e2313,,,,,
2026-09-12T09:11:07-05:00,PUR_IED_FriederichN_Ext_8ac92a,PUR_IED_FriederichN_Ext_8ac92a,,,,,
2026-09-12T09:11:07-05:00,PUR_IED_FriederichN_S301_dd7e5a,PUR_IED_FriederichN_S301_dd7e5a,,,,,
2026-09-12T09:11:07-05:00,PUR_IED_FriederichN_S308_761f4f,PUR_IED_FriederichN_S308_761f4f,,,,,
2026-09-12T09:11:07-05:00,PUR_IED_GSantander_Aula10_533dd7,PUR_IED_GSantander_Aula10_533dd7,,,,,
2026-09-12T09:11:07-05:00,PUR_IED_GSantander_Aula12_fd4e4f,PUR_IED_GSantander_Aula12_fd4e4f,,,,,
2026-09-12T09:11:07-05:00,PUR_IED_GSantander_Aula310_533dd7,PUR_IED_GSantander_Aula310_533dd7,,,,,
2026-09-12T09:11:07-05:00,PUR_IED_GSantander_Aula312_fd4e4f,PUR_IED_GSantander_Aula312_fd4e4f,,,,,
2026-09-12T09:11:07-05:00,PUR_IED_GSantander_Ext_5f66b0,PUR_IED_GSantander_Ext_5f66b0,,,,,
2026-09-12T09:11:07-05:00,PUR_IED_GYomasa_Ext_f6bea5,PUR_IED_GYomasa_Ext_f6bea5,,,,,
2026-09-12T09:11:07-05:00,PUR_IED_GYomasa_LBiol_2c41aa,PUR_IED_GYomasa_LBiol_2c41aa,,,,,
2026-09-12T09:11:07-05:00,PUR_IED_GYomasa_LQuim_33c80,PUR_IED_GYomasa_LQuim_33c80,,,,,
2026-09-12T09:11:07-05:00,PUR_IED_GabBetMejia_Cienc_5a99c,PUR_IED_GabBetMejia_Cienc_5a99c,,,,,
2026-09-12T09:11:07-05:00,PUR_IED_GabBetMejia_Ext_9153d0,PUR_IED_GabBetMejia_Ext_9153d0,,,,,
2026-09-12T09:11:07-05:00,PUR_IED_GabBetMejia_Lab_f55347,PUR_IED_GabBetMejia_Lab_f55347,,,,,
2026-09-12T09:11:07-05:00,PUR_IED_GabBetanMejia_Ext_9153d0,PUR_IED_GabBetanMejia_Ext_9153d0,,,,,
2026-09-12T09:11:07-05:00,PUR_IED_Gaitana_Aula13_7aac11,PUR_IED_Gaitana_Aula13_7aac11,,,,,
2026-09-12T09:11:07-05:00,PUR_IED_Gaitana_Ext_5fcf4,PUR_IED_Gaitana_Ext_5fcf4,,,,,
2026-09-12T09:11:07-05:00,PUR_IED_Gaitana_LabFisica_644448,PUR_IED_Gaitana_LabFisica_644448,,,,,
2026-09-12T09:11:07-05:00,PUR_IED_GenSantander_Dise_8ac858,PUR_IED_GenSantander_Dise_8ac858,,,,,
2026-09-12T09:11:07-05:00,PUR_IED_GenSantander_Ext_8d5dfe,PUR_IED_GenSantander_Ext_8d5dfe,,,,,
2026-09-12T09:11:07-05:00,PUR_IED_GenSantander_Info_6c25b,PUR_IED_GenSantander_Info_6c25b,,,,,
2026-09-12T09:11:07-05:00,PUR_IED_GustavoMo_Exterio_75e63d,PUR_IED_GustavoMo_Exterio_75e63d,,,,,
2026-09-12T09:11:07-05:00,PUR_IED_GustavoMo_LabFisi_224d37,PUR_IED_GustavoMo_LabFisi_224d37,,,,,
2026-09-12T09:11:07-05:00,PUR_IED_GustavoMo_S208_3e6918,PUR_IED_GustavoMo_S208_3e6918,,,,,
2026-09-12T09:11:07-05:00,PUR_IED_GustavoR_A02_8cd4a8,PUR_IED_GustavoR_A02_8cd4a8,,,,,
2026-09-12T09:11:07-05:00,PUR_IED_GustavoR_B11_5b0ed,PUR_IED_GustavoR_B11_5b0ed,,,,,
2026-09-12T09:11:07-05:00,PUR_IED_GustavoR_Ext_7a0c90,PUR_IED_GustavoR_Ext_7a0c90,,,,,
2026-09-12T09:11:07-05:00,PUR_IED_HernandoDuran_Ext_8cd82b,PUR_IED_HernandoDuran_Ext_8cd82b,,,,,
2026-09-12T09:11:07-05:00,PUR_IED_HernandoDuran_S24_2772c6,PUR_IED_HernandoDuran_S24_2772c6,,,,,
2026-09-12T09:11:07-05:00,PUR_IED_HernandoDuran_S30_f2de41,PUR_IED_HernandoDuran_S30_f2de41,,,,,
2026-09-12T09:11:07-05:00,PUR_IED_HolguInUr_S1101_8cd732,PUR_IED_HolguInUr_S1101_8cd732,,,,,
2026-09-12T09:11:07-05:00,PUR_IED_HolguinUr_Exter_ddae6d,PUR_IED_HolguinUr_Exter_ddae6d,,,,,
2026-09-12T09:11:07-05:00,PUR_IED_HolguinUr_LabQuim_92b952,PUR_IED_HolguinUr_LabQuim_92b952,,,,,
2026-09-12T09:11:07-05:00,PUR_IED_Isabel-II_Ext_5245cc,PUR_IED_Isabel-II_Ext_5245cc,2,18,60,4.6336,-74.153
2026-09-12T09:11:07-05:00,PUR_IED_Isabel-II_S_idiom_1c29aa,PUR_IED_Isabel-II_S_idiom_1c29aa,,,,,
2026-09-12T09:11:07-05:00,PUR_IED_Isabel-II_S_infor_fd741,PUR_IED_Isabel-II_S_infor_fd741,,,,,
2026-09-12T09:11:07-05:00,PUR_IED_IsidroSur_Exterio_5b90ea,PUR_IED_IsidroSur_Exterio_5b90ea,,,,,
2026-09-12T09:11:07-05:00,PUR_IED_IsidroSur_LabTec_56697a,PUR_IED_IsidroSur_LabTec_56697a,,,,,
2026-09-12T09:11:07-05:00,PUR_IED_IsidroSur_Robotic_b7c38f,PUR_IED_IsidroSur_Robotic_b7c38f,,,,,
2026-09-12T09:11:07-05:00,PUR_IED_IsmaelPerd_Ext_7b6672,PUR_IED_IsmaelPerd_Ext_7b6672,,,,,
2026-09-12T09:11:07-05:00,PUR_IED_IsmaelPerd_Inform_306540,PUR_IED_IsmaelPerd_Inform_306540,,,,,
2026-09-12T09:11:07-05:00,PUR_IED_IsmaelPerd_S30_2e2c83,PUR_IED_IsmaelPerd_S30_2e2c83,,,,,
2026-09-12T09:11:07-05:00,PUR_IED_JLozano_Exter_432910,PUR_IED_JLozano_Exter_432910,,,,,
2026-09-12T09:11:07-05:00,PUR_IED_JLozano_salaMulti_df5125,PUR_IED_JLozano_salaMulti_df5125,,,,,
2026-09-12T09:11:07-05:00,PUR_IED_JMCordoba_206_86f80b,PUR_IED_JMCordoba_206_86f80b,,,,,
2026-09-12T09:11:07-05:00,PUR_IED_JMCordoba_Ext_27ad97,PUR_IED_JMCordoba_Ext_27ad97,,,,,
2026-09-12T09:11:07-05:00,PUR_IED_JMCordoba_S310_d59ab4,PUR_IED_JMCordoba_S310_d59ab4,,,,,
2026-09-12T09:11:07-05:00,PUR_IED_Japon_Ext_549100,PUR_IED_Japon_Ext_549100,,,,,
2026-09-12T09:11:07-05:00,PUR_IED_Japon_Laboratorio_bec51d,PUR_IED_Japon_Laboratorio_bec51d,,,,,
2026-09-12T09:11:07-05:00,PUR_IED_Japon_informatica_d99327,PUR_IED_Japon_informatica_d99327,,,,,
2026-09-12T09:11:07-05:00,PUR_IED_Jazmin_Ext_d27bda,PUR_IED_Jazmin_Ext_d27bda,,,,,
2026-09-12T09:11:07-05:00,PUR_IED_Jazmin_Fisica_8d14d7,PUR_IED_Jazmin_Fisica_8d14d7,,,,,
2026-09-12T09:11:07-05:00,PUR_IED_Jazmin_Quimica_801cb5,PUR_IED_Jazmin_Quimica_801cb5,,,,,
2026-09-12T09:11:07-05:00,PUR_IED_JorgeGaitan_Exter_f098d1,PUR_IED_JorgeGaitan_Exter_f098d1,,,,,
2026-09-12T09:11:07-05:00,PUR_IED_JorgeGaitan_STec1_dc9d1d,PUR_IED_JorgeGaitan_STec1_dc9d1d,,,,,
2026-09-12T09:11:07-05:00,PUR_IED_JorgeGaitan_STec2_281e69,PUR_IED_JorgeGaitan_STec2_281e69,,,,,
2026-09-12T09:11:07-05:00,PUR_IED_JorgeSoto_Exterio_d9d0a2,PUR_IED_JorgeSoto_Exterio_d9d0a2,,,,,
2026-09-12T09:11:07-05:00,PUR_IED_JorgeSoto_LabFisi_209c54,PUR_IED_JorgeSoto_LabFisi_209c54,,,,,
2026-09-12T09:11:07-05:00,PUR_IED_JorgeSoto_S103_27b51a,PUR_IED_JorgeSoto_S103_27b51a,,,,,
2026-09-12T09:11:07-05:00,PUR_IED_JoseAcevedo_A02_e965eb,PUR_IED_JoseAcevedo_A02_e965eb,,,,,
2026-09-12T09:11:07-05:00,PUR_IED_JoseAcevedo_A07_dd5b4,PUR_IED_JoseAcevedo_A07_dd5b4,,,,,
2026-09-12T09:11:07-05:00,PUR_IED_JoseAcevedo_Ext_b47484,PUR_IED_JoseAcevedo_Ext_b47484,,,,,
2026-09-12T09:11:07-05:00,PUR_IED_JoseMarti_Exte_5b9bf,PUR_IED_JoseMarti_Exte_5b9bf,,,,,
2026-09-12T09:11:07-05:00,PUR_IED_JoseMarti_LabQuim_1c6c2d,PUR_IED_JoseMarti_LabQuim_1c6c2d,,,,,
2026-09-12T09:11:07-05:00,PUR_IED_JoseMarti_S_info_f5f177,PUR_IED_JoseMarti_S_info_f5f177,,,,,
2026-09-12T09:11:07-05:00,PUR_IED_Josejoaquin_Ext_dfc5dc,PUR_IED_Josejoaquin_Ext_dfc5dc,,,,,
2026-09-12T09:11:07-05:00,PUR_IED_Josejoaquin_S05_5b2a96,PUR_IED_Josejoaquin_S05_5b2a96,,,,,
2026-09-12T09:11:07-05:00,PUR_IED_Josejoaquin_S06_1ce7d2,PUR_IED_Josejoaquin_S06_1ce7d2,,,,,
2026-09-12T09:11:07-05:00,PUR_IED_JulioFlorez_Danza_9b82dd,PUR_IED_JulioFlorez_Danza_9b82dd,,,,,
2026-09-12T09:11:07-05:00,PUR_IED_JulioFlorez_Exter_f9f314,PUR_IED_JulioFlorez_Exter_f9f314,,,,,
2026-09-12T09:11:07-05:00,PUR_IED_JulioFlorez_info2_6b6e08,PUR_IED_JulioFlorez_info2_6b6e08,,,,,
2026-09-12T09:11:07-05:00,PUR_IED_LaBelleza_Aula13_1d00d8,PUR_IED_LaBelleza_Aula13_1d00d8,,,,,
2026-09-12T09:11:07-05:00,PUR_IED_LaBelleza_Ext_7bc08c,PUR_IED_LaBelleza_Ext_7bc08c,,,,,
2026-09-12T09:11:07-05:00,PUR_IED_LaChucua_Ext_8cd6d2,PUR_IED_LaChucua_Ext_8cd6d2,,,,,
2026-09-12T09:11:07-05:00,PUR_IED_LaChucua_S15_f578ce,PUR_IED_LaChucua_S15_f578ce,,,,,
2026-09-12T09:11:07-05:00,PUR_IED_LaChucua_S16_eebcf9,PUR_IED_LaChucua_S16_eebcf9,,,,,
2026-09-12T09:11:07-05:00,PUR_IED_LaFelicidad_Ext_fb5109,PUR_IED_LaFelicidad_Ext_fb5109,,,,,
2026-09-12T09:11:07-05:00,PUR_IED_LaMerced_206_66ebd,PUR_IED_LaMerced_206_66ebd,,,,,
2026-09-12T09:11:07-05:00,PUR_IED_LaMerced_207_6ebd6,PUR_IED_LaMerced_207_6ebd6,,,,,
2026-09-12T09:11:07-05:00,PUR_IED_LaMerced_ext_304311,PUR_IED_LaMerced_ext_304311,,,,,
2026-09-12T09:11:07-05:00,PUR_IED_Laureano_CiencNat_281e5e,PUR_IED_Laureano_CiencNat_281e5e,,,,,
2026-09-12T09:11:07-05:00,PUR_IED_Laureano_Comedor_f65c0a,PUR_IED_Laureano_Comedor_f65c0a,,,,,
2026-09-12T09:11:07-05:00,PUR_IED_Laureano_Exterior_7ab011,PUR_IED_Laureano_Exterior_7ab011,,,,,
2026-09-12T09:11:07-05:00,PUR_IED_LeonGreiff_Exte_dfe560,PUR_IED_LeonGreiff_Exte_dfe560,,,,,
2026-09-12T09:11:07-05:00,PUR_IED_LeonGreiff_S210_f264ed,PUR_IED_LeonGreiff_S210_f264ed,,,,,
2026-09-12T09:11:07-05:00,PUR_IED_LeonGreiff_SQuimi_e8296f,PUR_IED_LeonGreiff_SQuimi_e8296f,,,,,
2026-09-12T09:11:07-05:00,PUR_IED_LlanoOrientalS208_7b9fcd,PUR_IED_LlanoOrientalS208_7b9fcd,,,,,
2026-09-12T09:11:07-05:00,PUR_IED_LlanoOriental_Ext_fb3766,PUR_IED_LlanoOriental_Ext_fb3766,,,,,
2026-09-12T09:11:07-05:00,PUR_IED_LlanoOriental_S208_7b9fcd,PUR_IED_LlanoOriental_S208_7b9fcd,,,,,
2026-09-12T09:11:07-05:00,PUR_IED_LlanoOriental_S9_27b378,PUR_IED_LlanoOriental_S9_27b378,,,,,
2026-09-12T09:11:07-05:00,PUR_IED_LosTejares_1101_477602,PUR_IED_LosTejares_1101_477602,,,,,
2026-09-12T09:11:07-05:00,PUR_IED_LosTejares_11_d2c595,PUR_IED_LosTejares_11_d2c595,,,,,
2026-09-12T09:11:07-05:00,PUR_IED_LosTejares_12_477602,PUR_IED_LosTejares_12_477602,,,,,
2026-09-12T09:11:07-05:00,PUR_IED_LosTejares_Ext_8e2115,PUR_IED_LosTejares_Ext_8e2115,,,,,
2026-09-12T09:11:07-05:00,PUR_IED_MagdalenaO_B202_5ddda3,PUR_IED_MagdalenaO_B202_5ddda3,,,,,
2026-09-12T09:11:07-05:00,PUR_IED_MagdalenaO_B205_fb76e8,PUR_IED_MagdalenaO_B205_fb76e8,,,,,
2026-09-12T09:11:07-05:00,PUR_IED_MagdalenaO_ext_dc69cd,PUR_IED_MagdalenaO_ext_dc69cd,,,,,
2026-09-12T09:11:07-05:00,PUR_IED_ManueCepeda_artes_eee956,PUR_IED_ManueCepeda_artes_eee956,,,,,
2026-09-12T09:11:07-05:00,PUR_IED_ManuelCepeda_Ext_58313,PUR_IED_ManuelCepeda_Ext_58313,,,,,
2026-09-12T09:11:07-05:00,PUR_IED_ManuelCepeda_tec_1c5731,PUR_IED_ManuelCepeda_tec_1c5731,,,,,
2026-09-12T09:11:07-05:00,PUR_IED_ManuelS_Exterior_5b269,PUR_IED_ManuelS_Exterior_5b269,,,,,
2026-09-12T09:11:07-05:00,PUR_IED_ManuelS_Inform_f369ce,PUR_IED_ManuelS_Inform_f369ce,,,,,
2026-09-12T09:11:07-05:00,PUR_IED_ManuelS_SArtes_7d15f1,PUR_IED_ManuelS_SArtes_7d15f1,,,,,
2026-09-12T09:11:07-05:00,PUR_IED_ManuelZapata_303_3ca6,PUR_IED_ManuelZapata_303_3ca6,,,,,
2026-09-12T09:11:07-05:00,PUR_IED_ManuelZapata_311_bfbabc,PUR_IED_ManuelZapata_311_bfbabc,,,,,
2026-09-12T09:11:07-05:00,PUR_IED_ManuelZapata_Ext_50824a,PUR_IED_ManuelZapata_Ext_50824a,,,,,
2026-09-12T09:11:07-05:00,PUR_IED_ManuelitaS_Exteri_656a92,PUR_IED_ManuelitaS_Exteri_656a92,,,,,
2026-09-12T09:11:07-05:00,PUR_IED_ManuelitaS_JuzgDe_f58ec3,PUR_IED_ManuelitaS_JuzgDe_f58ec3,,,,,
2026-09-12T09:11:07-05:00,PUR_IED_ManuelitaS_Recrea_d793db,PUR_IED_ManuelitaS_Recrea_d793db,,,,,
2026-09-12T09:11:07-05:00,PUR_IED_MarFidSuarez_Ext_c27b19,PUR_IED_MarFidSuarez_Ext_c27b19,,,,,
2026-09-12T09:11:07-05:00,PUR_IED_MarFidSuarez_Info_e384d7,PUR_IED_MarFidSuarez_Info_e384d7,,,,,
2026-09-12T09:11:07-05:00,PUR_IED_MarFidSuarez_S306_1d0032,PUR_IED_MarFidSuarez_S306_1d0032,,,,,
2026-09-12T09:11:07-05:00,PUR_IED_Menorah_301_2a25a3,PUR_IED_Menorah_301_2a25a3,,,,,
2026-09-12T09:11:07-05:00,PUR_IED_Menorah_306_37ed3,PUR_IED_Menorah_306_37ed3,,,,,
2026-09-12T09:11:07-05:00,PUR_IED_Menorah_Ext_3e155b,PUR_IED_Menorah_Ext_3e155b,,,,,
2026-09-12T09:11:07-05:00,PUR_IED_MinutoB.Aires_A11_1b1604,PUR_IED_MinutoB.Aires_A11_1b1604,,,,,
2026-09-12T09:11:07-05:00,PUR_IED_MinutoB.Aires_A12_fb5860,PUR_IED_MinutoB.Aires_A12_fb5860,,,,,
2026-09-12T09:11:07-05:00,PUR_IED_MinutoB.Aires_Ext_81293f,PUR_IED_MinutoB.Aires_Ext_81293f,,,,,
2026-09-12T09:11:07-05:00,PUR_IED_MinutoBAires_A11_1b1604,PUR_IED_MinutoBAires_A11_1b1604,,,,,
2026-09-12T09:11:07-05:00,PUR_IED_MinutoBAires_A12_fb5860,PUR_IED_MinutoBAires_A12_fb5860,,,,,
2026-09-12T09:11:07-05:00,PUR_IED_MinutoBAires_Ext_81293f,PUR_IED_MinutoBAires_Ext_81293f,,,,,
2026-09-12T09:11:07-05:00,PUR_IED_Montreal_Aula10_1e4959,PUR_IED_Montreal_Aula10_1e4959,,,,,
2026-09-12T09:11:07-05:00,PUR_IED_Montreal_Aula6_300367,PUR_IED_Montreal_Aula6_300367,,,,,
2026-09-12T09:11:07-05:00,PUR_IED_Montreal_Exterior_91a179,PUR_IED_Montreal_Exterior_91a179,,,,,
2026-09-12T09:11:07-05:00,PUR_IED_Mqgdalena_B202_5ddda3,PUR_IED_Mqgdalena_B202_5ddda3,,,,,
2026-09-12T09:11:07-05:00,PUR_IED_NACUND_Soc_dc8728,PUR_IED_NACUND_Soc_dc8728,,,,,
2026-09-12T09:11:07-05:00,PUR_IED_NACUND_ext_27ad97,PUR_IED_NACUND_ext_27ad97,,,,,
2026-09-12T09:11:07-05:00,PUR_IED_NEsperanza_Ext_d24b61,PUR_IED_NEsperanza_Ext_d24b61,,,,,
2026-09-12T09:11:07-05:00,PUR_IED_NEsperanza_SElect_7d1807,PUR_IED_NEsperanza_SElect_7d1807,,,,,
2026-09-12T09:11:07-05:00,PUR_IED_NEsperanza_SLabor_8b2d0a,PUR_IED_NEsperanza_SLabor_8b2d0a,,,,,
2026-09-12T09:11:07-05:00,PUR_IED_NacionesU_Ext_f661a9,PUR_IED_NacionesU_Ext_f661a9,,,,,
2026-09-12T09:11:07-05:00,PUR_IED_NacionesU_Quimica_66f0a,PUR_IED_NacionesU_Quimica_66f0a,,,,,
2026-09-12T09:11:07-05:00,PUR_IED_NacionesU_S306_1b4b3d,PUR_IED_NacionesU_S306_1b4b3d,,,,,
2026-09-12T09:11:07-05:00,PUR_IED_NestorFA_Ext_e4201c,PUR_IED_NestorFA_Ext_e4201c,,,,,
2026-09-12T09:11:07-05:00,PUR_IED_NestorFA_Laborato_f22fe0,PUR_IED_NestorFA_Laborato_f22fe0,,,,,
2026-09-12T09:11:07-05:00,PUR_IED_NestorFA_S204_dee996,PUR_IED_NestorFA_S204_dee996,,,,,
2026-09-12T09:11:07-05:00,PUR_IED_NidyaQT_Aula03_76999b,PUR_IED_NidyaQT_Aula03_76999b,,,,,
2026-09-12T09:11:07-05:00,PUR_IED_NidyaQT_Aula10_56325,PUR_IED_NidyaQT_Aula10_56325,,,,,
2026-09-12T09:11:07-05:00,PUR_IED_NidyaQT_Ext_46e32d,PUR_IED_NidyaQT_Ext_46e32d,,,,,
2026-09-12T09:11:07-05:00,PUR_IED_NuevaCol_Exterior_d9b859,PUR_IED_NuevaCol_Exterior_d9b859,,,,,
2026-09-12T09:11:07-05:00,PUR_IED_NuevaCol_S1101_76c43b,PUR_IED_NuevaCol_S1101_76c43b,,,,,
2026-09-12T09:11:07-05:00,PUR_IED_NuevaCol_S1102_1ce0b5,PUR_IED_NuevaCol_S1102_1ce0b5,,,,,
2026-09-12T09:11:07-05:00,PUR_IED_OEA_A202_f7e3f2,PUR_IED_OEA_A202_f7e3f2,,,,,
2026-09-12T09:11:07-05:00,PUR_IED_OEA_A203_7d1b8d,PUR_IED_OEA_A203_7d1b8d,,,,,
2026-09-12T09:11:07-05:00,PUR_IED_OEA_Ext_27b593,PUR_IED_OEA_Ext_27b593,,,,,
2026-09-12T09:11:07-05:00,PUR_IED_Ochoa_Ext_1c29da,PUR_IED_Ochoa_Ext_1c29da,,,,,
2026-09-12T09:11:07-05:00,PUR_IED_Ochoa_S205_8b1121,PUR_IED_Ochoa_S205_8b1121,,,,,
2026-09-12T09:11:07-05:00,PUR_IED_Ochoa_Sistemas_f33af6,PUR_IED_Ochoa_Sistemas_f33af6,,,,,
2026-09-12T09:11:07-05:00,PUR_IED_PQuebec_Ext_1c67c7,PUR_IED_PQuebec_Ext_1c67c7,,,,,
2026-09-12T09:11:07-05:00,PUR_IED_PQuebec_S15_23e8e2,PUR_IED_PQuebec_S15_23e8e2,,,,,
2026-09-12T09:11:07-05:00,PUR_IED_PQuebec_S16_8ec76b,PUR_IED_PQuebec_S16_8ec76b,,,,,
2026-09-12T09:11:07-05:00,PUR_IED_PabloN_Ext_49dc96,PUR_IED_PabloN_Ext_49dc96,,,,,
2026-09-12T09:11:07-05:00,PUR_IED_PabloN_S1102_4e3df5,PUR_IED_PabloN_S1102_4e3df5,,,,,
2026-09-12T09:11:07-05:00,PUR_IED_PabloN_S1103_50c94b,PUR_IED_PabloN_S1103_50c94b,,,,,
2026-09-12T09:11:07-05:00,PUR_IED_Palestina_S1101_db9198,PUR_IED_Palestina_S1101_db9198,,,,,
2026-09-12T09:11:07-05:00,PUR_IED_Palestina_S1102_dc54fa,PUR_IED_Palestina_S1102_dc54fa,,,,,
2026-09-12T09:11:07-05:00,PUR_IED_Palestina_ext_4ccce6,PUR_IED_Palestina_ext_4ccce6,,,,,
2026-09-12T09:11:07-05:00,PUR_IED_Panama_Fisica_4d0794,PUR_IED_Panama_Fisica_4d0794,,,,,
2026-09-12T09:11:07-05:00,PUR_IED_Panama_SIngles_a4077e,PUR_IED_Panama_SIngles_a4077e,,,,,
2026-09-12T09:11:07-05:00,PUR_IED_Panama_ext_4c54b4,PUR_IED_Panama_ext_4c54b4,,,,,
2026-09-12T09:11:07-05:00,PUR_IED_ParaisoM_Exterior_8cd7f0,PUR_IED_ParaisoM_Exterior_8cd7f0,,,,,
2026-09-12T09:11:07-05:00,PUR_IED_ParaisoM_Laborato_27af35,PUR_IED_ParaisoM_Laborato_27af35,,,,,
2026-09-12T09:11:07-05:00,PUR_IED_ParaisoM_S304_d1edca,PUR_IED_ParaisoM_S304_d1edca,,,,,
2026-09-12T09:11:07-05:00,PUR_IED_PorfirioBarba_Ext_301466,PUR_IED_PorfirioBarba_Ext_301466,,,,,
2026-09-12T09:11:07-05:00,PUR_IED_PorfirioBarba_S11_df6cd2,PUR_IED_PorfirioBarba_S11_df6cd2,,,,,
2026-09-12T09:11:07-05:00,PUR_IED_PorfirioBarba_S29_27a7d6,PUR_IED_PorfirioBarba_S29_27a7d6,,,,,
2026-09-12T09:11:07-05:00,PUR_IED_PradoV_Exter_8b27ad,PUR_IED_PradoV_Exter_8b27ad,,,,,
2026-09-12T09:11:07-05:00,PUR_IED_PradoV_S301_de65b5,PUR_IED_PradoV_S301_de65b5,,,,,
2026-09-12T09:11:07-05:00,PUR_IED_PradoV_S302_7d2593,PUR_IED_PradoV_S302_7d2593,,,,,
2026-09-12T09:11:07-05:00,PUR_IED_QuirogaAlz_Ext_1ddc82,PUR_IED_QuirogaAlz_Ext_1ddc82,,,,,
2026-09-12T09:11:07-05:00,PUR_IED_QuirogaAlz_S302_9926a3,PUR_IED_QuirogaAlz_S302_9926a3,,,,,
2026-09-12T09:11:07-05:00,PUR_IED_QuirogaAlz_S305_cdf1f1,PUR_IED_QuirogaAlz_S305_cdf1f1,,,,,
2026-09-12T09:11:07-05:00,PUR_IED_RGuatemala_Biling_dc53b7,PUR_IED_RGuatemala_Biling_dc53b7,,,,,
2026-09-12T09:11:07-05:00,PUR_IED_RGuatemala_Ext_1b89a3,PUR_IED_RGuatemala_Ext_1b89a3,,,,,
2026-09-12T09:11:07-05:00,PUR_IED_RGuatemala_Tecnol_281a34,PUR_IED_RGuatemala_Tecnol_281a34,,,,,
2026-09-12T09:11:07-05:00,PUR_IED_RafaNu_Ext_f7c302,PUR_IED_RafaNu_Ext_f7c302,,,,,
2026-09-12T09:11:07-05:00,PUR_IED_RafaNu_S1101_25fde,PUR_IED_RafaNu_S1101_25fde,,,,,
2026-09-12T09:11:07-05:00,PUR_IED_RafaNu_S1102_281517,PUR_IED_RafaNu_S1102_281517,,,,,
2026-09-12T09:11:07-05:00,PUR_IED_RafaelB_S305_ee2783,PUR_IED_RafaelB_S305_ee2783,,,,,
2026-09-12T09:11:07-05:00,PUR_IED_RafaelB_S306_75fe33,PUR_IED_RafaelB_S306_75fe33,,,,,
2026-09-12T09:11:07-05:00,PUR_IED_RafaelB_ext_283336,PUR_IED_RafaelB_ext_283336,,,,,
2026-09-12T09:11:07-05:00,PUR_IED_RafaelUU_Exterior_281a51,PUR_IED_RafaelUU_Exterior_281a51,,,,,
2026-09-12T09:11:07-05:00,PUR_IED_RafaelUU_Human_806b2,PUR_IED_RafaelUU_Human_806b2,,,,,
2026-09-12T09:11:07-05:00,PUR_IED_RafaelUU_Mate2_5680d4,PUR_IED_RafaelUU_Mate2_5680d4,,,,,
2026-09-12T09:11:07-05:00,PUR_IED_RamonSub_Ext_f9eeb9,PUR_IED_RamonSub_Ext_f9eeb9,,,,,
2026-09-12T09:11:07-05:00,PUR_IED_RamonSub_Media_d1f62f,PUR_IED_RamonSub_Media_d1f62f,,,,,
2026-09-12T09:11:07-05:00,PUR_IED_RamonSub_planta_51b82,PUR_IED_RamonSub_planta_51b82,,,,,
2026-09-12T09:11:07-05:00,PUR_IED_RepBoliVene_Exter_27af7c,PUR_IED_RepBoliVene_Exter_27af7c,,,,,
2026-09-12T09:11:07-05:00,PUR_IED_RepBoliVene_SCPT_5ae2ee,PUR_IED_RepBoliVene_SCPT_5ae2ee,,,,,
2026-09-12T09:11:07-05:00,PUR_IED_RepBoliVene_Socia_4b11d5,PUR_IED_RepBoliVene_Socia_4b11d5,,,,,
2026-09-12T09:11:07-05:00,PUR_IED_RepChina_Ext_76d9ee,PUR_IED_RepChina_Ext_76d9ee,,,,,
2026-09-12T09:11:07-05:00,PUR_IED_RepChina_S404_7c804c,PUR_IED_RepChina_S404_7c804c,,,,,
2026-09-12T09:11:07-05:00,PUR_IED_RepChina_S405_df2c33,PUR_IED_RepChina_S405_df2c33,,,,,
2026-09-12T09:11:07-05:00,PUR_IED_RepublicaC_Exteri_7d1ec9,PUR_IED_RepublicaC_Exteri_7d1ec9,,,,,
2026-09-12T09:11:07-05:00,PUR_IED_RepublicaC_S1101_f544b3,PUR_IED_RepublicaC_S1101_f544b3,,,,,
2026-09-12T09:11:07-05:00,PUR_IED_RepublicaC_S1102_7aafc7,PUR_IED_RepublicaC_S1102_7aafc7,,,,,
2026-09-12T09:11:07-05:00,PUR_IED_Ricaurte_Externo_a0ea1,PUR_IED_Ricaurte_Externo_a0ea1,,,,,
2026-09-12T09:11:07-05:00,PUR_IED_Ricaurte_S210_f546fd,PUR_IED_Ricaurte_S210_f546fd,,,,,
2026-09-12T09:11:07-05:00,PUR_IED_Ricaurte_S309_d4452,PUR_IED_Ricaurte_S309_d4452,,,,,
2026-09-12T09:11:07-05:00,PUR_IED_RogelioS_1102_531e69,PUR_IED_RogelioS_1102_531e69,,,,,
2026-09-12T09:11:07-05:00,PUR_IED_RogelioS_Ext_f25a18,PUR_IED_RogelioS_Ext_f25a18,,,,,
2026-09-12T09:11:07-05:00,PUR_IED_SBernardino_Ext_27aff8,PUR_IED_SBernardino_Ext_27aff8,,,,,
2026-09-12T09:11:07-05:00,PUR_IED_SBernardino_SArte_2ffd33,PUR_IED_SBernardino_SArte_2ffd33,,,,,
2026-09-12T09:11:07-05:00,PUR_IED_SBernardino_SIngl_7c7da5,PUR_IED_SBernardino_SIngl_7c7da5,,,,,
2026-09-12T09:11:07-05:00,PUR_IED_Sago_auditorio_dc9d1d,PUR_IED_Sago_auditorio_dc9d1d,,,,,
2026-09-12T09:11:07-05:00,PUR_IED_Saludcoop_Ext_95aac3,PUR_IED_Saludcoop_Ext_95aac3,,,,,
2026-09-12T09:11:07-05:00,PUR_IED_Saludcoop_InfI_90c854,PUR_IED_Saludcoop_InfI_90c854,,,,,
2026-09-12T09:11:07-05:00,PUR_IED_Saludcoop_SMedia_1b93be,PUR_IED_Saludcoop_SMedia_1b93be,,,,,
2026-09-12T09:11:07-05:00,PUR_IED_SanCarlos_1101_1a2360,PUR_IED_SanCarlos_1101_1a2360,,,,,
2026-09-12T09:11:07-05:00,PUR_IED_SanCarlos_1103_7bafb5,PUR_IED_SanCarlos_1103_7bafb5,,,,,
2026-09-12T09:11:07-05:00,PUR_IED_SanCarlos_Ext_b7cd1,PUR_IED_SanCarlos_Ext_b7cd1,,,,,
2026-09-12T09:11:07-05:00,PUR_IED_SanIgnacioBosa11a_50c26e,PUR_IED_SanIgnacioBosa11a_50c26e,,,,,
2026-09-12T09:11:07-05:00,PUR_IED_SanIgnacioBosa11b_371de8,PUR_IED_SanIgnacioBosa11b_371de8,,,,,
2026-09-12T09:11:07-05:00,PUR_IED_SanIgnacioBosaExt_ef0ffc,PUR_IED_SanIgnacioBosaExt_ef0ffc,,,,,
2026-09-12T09:11:07-05:00,PUR_IED_SanIgnacioBosa_11a_50c26e,PUR_IED_SanIgnacioBosa_11a_50c26e,,,,,
2026-09-12T09:11:07-05:00,PUR_IED_SanIgnacioBosa_Ext_ef0ffc,PUR_IED_SanIgnacioBosa_Ext_ef0ffc,,,,,
2026-09-12T09:11:07-05:00,PUR_IED_SanJoseN_intS1101_31c47f,PUR_IED_SanJoseN_intS1101_31c47f,,,,,
2026-09-12T09:11:07-05:00,PUR_IED_SanJoseUsm_Exter_f5d7e8,PUR_IED_SanJoseUsm_Exter_f5d7e8,,,,,
2026-09-12T09:11:07-05:00,PUR_IED_SanJoseUsm_Int11A_cfdef6,PUR_IED_SanJoseUsm_Int11A_cfdef6,,,,,
2026-09-12T09:11:07-05:00,PUR_IED_SilveriaR_IntB5_905349,PUR_IED_SilveriaR_IntB5_905349,,,,,
2026-09-12T09:11:07-05:00,PUR_IED_SilveriaR_IntSD14_981f93,PUR_IED_SilveriaR_IntSD14_981f93,,,,,
2026-09-12T09:11:07-05:00,PUR_IED_SilveriaR_ext_2b651d,PUR_IED_SilveriaR_ext_2b651d,,,,,
2026-09-12T09:11:07-05:00,PUR_IED_SimonB_Exterior_913975,PUR_IED_SimonB_Exterior_913975,,,,,
2026-09-12T09:11:07-05:00,PUR_IED_SimonB_LabQuimi_c56908,PUR_IED_SimonB_LabQuimi_c56908,,,,,
2026-09-12T09:11:07-05:00,PUR_IED_SimonB_informatic_a28c1,PUR_IED_SimonB_informatic_a28c1,,,,,
2026-09-12T09:11:07-05:00,PUR_IED_Sorrento_1102_315f50,PUR_IED_Sorrento_1102_315f50,,,,,
2026-09-12T09:11:07-05:00,PUR_IED_Sorrento_Minte_214eab,PUR_IED_Sorrento_Minte_214eab,,,,,
2026-09-12T09:11:07-05:00,PUR_IED_Sorrento_ext_7c3a0a,PUR_IED_Sorrento_ext_7c3a0a,,,,,
2026-09-12T09:11:07-05:00,PUR_IED_Tabora_Ext_f048ae,PUR_IED_Tabora_Ext_f048ae,,,,,
2026-09-12T09:11:07-05:00,PUR_IED_Tabora_S1102_b07752,PUR_IED_Tabora_S1102_b07752,,,,,
2026-09-12T09:11:07-05:00,PUR_IED_Tabora_S1103_d988f5,PUR_IED_Tabora_S1103_d988f5,,,,,
2026-09-12T09:11:07-05:00,PUR_IED_Tenerife_Ext_1ab188,PUR_IED_Tenerife_Ext_1ab188,,,,,
2026-09-12T09:11:07-05:00,PUR_IED_Tenerife_SDanzas_7bc02e,PUR_IED_Tenerife_SDanzas_7bc02e,,,,,
2026-09-12T09:11:07-05:00,PUR_IED_Tenerife_SIngles_7cc277,PUR_IED_Tenerife_SIngles_7cc277,,,,,
2026-09-12T09:11:07-05:00,PUR_IED_Tibabuyes_Exter_f2683d,PUR_IED_Tibabuyes_Exter_f2683d,,,,,
2026-09-12T09:11:07-05:00,PUR_IED_Tibabuyes_S10_dc87a8,PUR_IED_Tibabuyes_S10_dc87a8,,,,,
2026-09-12T09:11:07-05:00,PUR_IED_Tibabuyes_S15_dc0526,PUR_IED_Tibabuyes_S15_dc0526,,,,,
2026-09-12T09:11:07-05:00,PUR_IED_UnionE_S301_a1043,PUR_IED_UnionE_S301_a1043,,,,,
2026-09-12T09:11:07-05:00,PUR_IED_UnionE_S307_ff6c2f,PUR_IED_UnionE_S307_ff6c2f,,,,,
2026-09-12T09:11:07-05:00,PUR_IED_UnionE__Ext_5e2468,PUR_IED_UnionE__Ext_5e2468,,,,,
2026-09-12T09:11:07-05:00,PUR_IED_VillaRica_Ext_75be7c,PUR_IED_VillaRica_Ext_75be7c,,,,,
2026-09-12T09:11:07-05:00,PUR_IED_VillaRica_S4_cc5dcd,PUR_IED_VillaRica_S4_cc5dcd,,,,,
2026-09-12T09:11:07-05:00,PUR_IED_VillaRica_Sesp_99f5c,PUR_IED_VillaRica_Sesp_99f5c,,,,,
2026-09-12T09:16:10-05:00,PUR_IED_20deJulio_1101_91b1b9,PUR_IED_20deJulio_1101_91b1b9,,,,,
2026-09-12T09:16:10-05:00,PUR_IED_20deJulio_1102_1cfcf9,PUR_IED_20deJulio_1102_1cfcf9,,,,,
2026-09-12T09:16:10-05:00,PUR_IED_20deJulio_Ext_ab60bd,PUR_IED_20deJulio_Ext_ab60bd,,,,,
2026-09-12T09:16:10-05:00,PUR_IED_AgustinFer_Ext_7b9b77,PUR_IED_AgustinFer_Ext_7b9b77,,,,,
2026-09-12T09:16:10-05:00,PUR_IED_AgustinFer_Info2_27b3a7,PUR_IED_AgustinFer_Info2_27b3a7,,,,,
2026-09-12T09:16:10-05:00,PUR_IED_AgustinFer_Sena_54b4eb,PUR_IED_AgustinFer_Sena_54b4eb,,,,,
2026-09-12T09:16:10-05:00,PUR_IED_AlexanderF_1102_caf07b,PUR_IED_AlexanderF_1102_caf07b,,,,,
2026-09-12T09:16:10-05:00,PUR_IED_AlexanderF_1103_c79e71,PUR_IED_AlexanderF_1103_c79e71,,,,,
2026-09-12T09:16:10-05:00,PUR_IED_AlexanderF_Ext_c5b18b,PUR_IED_AlexanderF_Ext_c5b18b,,,,,
2026-09-12T09:16:10-05:00,PUR_IED_AlfonsoLopez_Ext_281d77,PUR_IED_AlfonsoLopez_Ext_281d77,,,,,
2026-09-12T09:16:10-05:00,PUR_IED_AlfonsoLopez_LabF_888ce0,PUR_IED_AlfonsoLopez_LabF_888ce0,,,,,
2026-09-12T09:16:10-05:00,PUR_IED_AlfonsoLopez_SMed_df6a7f,PUR_IED_AlfonsoLopez_SMed_df6a7f,,,,,
2026-09-12T09:16:10-05:00,PUR_IED_AltamiraSO_A2_209f92,PUR_IED_AltamiraSO_A2_209f92,,,,,
2026-09-12T09:16:10-05:00,PUR_IED_AltamiraSO_Ext_186d66,PUR_IED_AltamiraSO_Ext_186d66,,,,,
2026-09-12T09:16:10-05:00,PUR_IED_AltamiraSO_Sistem_27afe1,PUR_IED_AltamiraSO_Sistem_27afe1,,,,,
2026-09-12T09:16:10-05:00,PUR_IED_AlvaroGom_LabQuim_813179,PUR_IED_AlvaroGom_LabQuim_813179,,,,,
2026-09-12T09:16:10-05:00,PUR_IED_AlvaroGomez_Ext_47c7ca,PUR_IED_AlvaroGomez_Ext_47c7ca,,,,,
2026-09-12T09:16:10-05:00,PUR_IED_AlvaroGomez_LabQuim_813179,PUR_IED_AlvaroGomez_LabQuim_813179,,,,,
2026-09-12T09:16:10-05:00,PUR_IED_AlvaroGomez_S23_7ba89f,PUR_IED_AlvaroGomez_S23_7ba89f,,,,,
2026-09-12T09:16:10-05:00,PUR_IED_Amistad_306_dc8728,PUR_IED_Amistad_306_dc8728,,,,,
2026-09-12T09:16:10-05:00,PUR_IED_Amistad_Ext_8cd55e,PUR_IED_Amistad_Ext_8cd55e,,,,,
2026-09-12T09:16:10-05:00,PUR_IED_Amistad_S202_a41169,PUR_IED_Amistad_S202_a41169,,,,,
2026-09-12T09:16:10-05:00,PUR_IED_AndresBello_Bio_fd5f5e,PUR_IED_AndresBello_Bio_fd5f5e,,,,,
2026-09-12T09:16:10-05:00,PUR_IED_AndresBello_ext_dcad65,PUR_IED_AndresBello_ext_dcad65,,,,,
2026-09-12T09:16:10-05:00,PUR_IED_AndresBello_port_eed3ec,PUR_IED_AndresBello_port_eed3ec,,,,,
2026-09-12T09:16:10-05:00,PUR_IED_AngelaR_11b_d90a6b,PUR_IED_AngelaR_11b_d90a6b,,,,,
2026-09-12T09:16:10-05:00,PUR_IED_AngelaR_ext_7cad3e,PUR_IED_AngelaR_ext_7cad3e,,,,,
2026-09-12T09:16:10-05:00,PUR_IED_AntJoseSucre_10mo_df2575,PUR_IED_AntJoseSucre_10mo_df2575,,,,,
2026-09-12T09:16:10-05:00,PUR_IED_AntJoseSucre_Ext_215b36,PUR_IED_AntJoseSucre_Ext_215b36,,,,,
2026-09-12T09:16:10-05:00,PUR_IED_AntJoseSucre_Lab_3139de,PUR_IED_AntJoseSucre_Lab_3139de,,,,,
2026-09-12T09:16:10-05:00,PUR_IED_AntonioGarcia_301_d6b188,PUR_IED_AntonioGarcia_301_d6b188,,,,,
2026-09-12T09:16:10-05:00,PUR_IED_AntonioGarcia_302_88a82,PUR_IED_AntonioGarcia_302_88a82,,,,,
2026-09-12T09:16:10-05:00,PUR_IED_AntonioGarcia_Ext_20950c,PUR_IED_AntonioGarcia_Ext_20950c,,,,,
2026-09-12T09:16:10-05:00,PUR_IED_AntonioVan_Aula2_6dea02,PUR_IED_AntonioVan_Aula2_6dea02,,,,,
2026-09-12T09:16:10-05:00,PUR_IED_AntonioVan_Aula5_f1557e,PUR_IED_AntonioVan_Aula5_f1557e,,,,,
2026-09-12T09:16:10-05:00,PUR_IED_AntonioVan_Ext_406f2f,PUR_IED_AntonioVan_Ext_406f2f,,,,,
2026-09-12T09:16:10-05:00,PUR_IED_Atabanzha_Ext_cc5af9,PUR_IED_Atabanzha_Ext_cc5af9,,,,,
2026-09-12T09:16:10-05:00,PUR_IED_Atabanzha_SA101_56c37,PUR_IED_Atabanzha_SA101_56c37,,,,,
2026-09-12T09:16:10-05:00,PUR_IED_Atabanzha_SB302_27b374,PUR_IED_Atabanzha_SB302_27b374,,,,,
2026-09-12T09:16:10-05:00,PUR_IED_Atahualpa_Ext_fc1748,PUR_IED_Atahualpa_Ext_fc1748,,,,,
2026-09-12T09:16:10-05:00,PUR_IED_Atahualpa_Informa_dc9a95,PUR_IED_Atahualpa_Informa_dc9a95,,,,,
2026-09-12T09:16:10-05:00,PUR_IED_Atahualpa_S1101_f98056,PUR_IED_Atahualpa_S1101_f98056,,,,,
2026-09-12T09:16:10-05:00,PUR_IED_Bellavista_Ext_f5aa74,PUR_IED_Bellavista_Ext_f5aa74,,,,,
2026-09-12T09:16:10-05:00,PUR_IED_Bilbao_11A_916c41,PUR_IED_Bilbao_11A_916c41,,,,,
2026-09-12T09:16:10-05:00,PUR_IED_Bilbao_Ext_fb579a,PUR_IED_Bilbao_Ext_fb579a,,,,,
2026-09-12T09:16:10-05:00,PUR_IED_BrasiliaU_A125_304280,PUR_IED_BrasiliaU_A125_304280,,,,,
2026-09-12T09:16:10-05:00,PUR_IED_BrasiliaU_A203_7c8ca5,PUR_IED_BrasiliaU_A203_7c8ca5,,,,,
2026-09-12T09:16:10-05:00,PUR_IED_BrasiliaU_Ext_8d6e9f,PUR_IED_BrasiliaU_Ext_8d6e9f,5,17,68,4.5175,-74.116302
2026-09-12T09:16:10-05:00,PUR_IED_Brasilia_Ext_fe6593,PUR_IED_Brasilia_Ext_fe6593,,,,,
2026-09-12T09:16:10-05:00,PUR_IED_Brasilia_S24_7c130d,PUR_IED_Brasilia_S24_7c130d,,,,,
2026-09-12T09:16:10-05:00,PUR_IED_Brasilia_S501_186a54,PUR_IED_Brasilia_S501_186a54,,,,,
2026-09-12T09:16:10-05:00,PUR_IED_CHARRY_EXT_f1d5cd,PUR_IED_CHARRY_EXT_f1d5cd,,,,,
2026-09-12T09:16:10-05:00,PUR_IED_CHARRY_INTDANZAS_7a08e6,PUR_IED_CHARRY_INTDANZAS_7a08e6,,,,,
2026-09-12T09:16:10-05:00,PUR_IED_CHARRY_INT_AULA20_dc998d,PUR_IED_CHARRY_INT_AULA20_dc998d,,,,,
2026-09-12T09:16:10-05:00,PUR_IED_COLVIV_1101_S25_7f520a,PUR_IED_COLVIV_1101_S25_7f520a,,,,,
2026-09-12T09:16:10-05:00,PUR_IED_COLVIV_1102_S16_f570ba,PUR_IED_COLVIV_1102_S16_f570ba,,,,,
2026-09-12T09:16:10-05:00,PUR_IED_COLVIV_Ext_1a26fa,PUR_IED_COLVIV_Ext_1a26fa,,,,,
2026-09-12T09:16:10-05:00,PUR_IED_CULPOP_301A_f660f3,PUR_IED_CULPOP_301A_f660f3,,,,,
2026-09-12T09:16:10-05:00,PUR_IED_CULPOP_303_568afe,PUR_IED_CULPOP_303_568afe,,,,,
2026-09-12T09:16:10-05:00,PUR_IED_CULPOP_Ext_e02ccb,PUR_IED_CULPOP_Ext_e02ccb,,,,,
2026-09-12T09:16:10-05:00,PUR_IED_CVillavicen_Ext_26eb58,PUR_IED_CVillavicen_Ext_26eb58,5,16,80,4.487,-74.102798
2026-09-12T09:16:10-05:00,PUR_IED_CVillavicen_Intel_1ce5c2,PUR_IED_CVillavicen_Intel_1ce5c2,,,,,
2026-09-12T09:16:10-05:00,PUR_IED_CVillavicen_Poliv_e0766c,PUR_IED_CVillavicen_Poliv_e0766c,,,,,
2026-09-12T09:16:10-05:00,PUR_IED_CVillavicen_int_1ba140,PUR_IED_CVillavicen_int_1ba140,,,,,
2026-09-12T09:16:10-05:00,PUR_IED_CVillavicen_intel_1ba140,PUR_IED_CVillavicen_intel_1ba140,,,,,
2026-09-12T09:16:10-05:00,PUR_IED_CarlosPizarro_Ext_e307cc,PUR_IED_CarlosPizarro_Ext_e307cc,,,,,
2026-09-12T09:16:10-05:00,PUR_IED_CarlosPizarro_L36_7e5cdb,PUR_IED_CarlosPizarro_L36_7e5cdb,,,,,
2026-09-12T09:16:10-05:00,PUR_IED_CarlosPizarro_L37_c8566c,PUR_IED_CarlosPizarro_L37_c8566c,,,,,
2026-09-12T09:16:10-05:00,PUR_IED_Castilla_Ext_cf35f,PUR_IED_Castilla_Ext_cf35f,,,,,
2026-09-12T09:16:10-05:00,PUR_IED_Castilla_SFisik_360e38,PUR_IED_Castilla_SFisik_360e38,,,,,
2026-09-12T09:16:10-05:00,PUR_IED_Castilla_Sc304_496fbf,PUR_IED_Castilla_Sc304_496fbf,,,,,
2026-09-12T09:16:10-05:00,PUR_IED_CervantesSa_Ext_6b57b,PUR_IED_CervantesSa_Ext_6b57b,3,17,73,4.5128,-74.117203
2026-09-12T09:16:10-05:00,PUR_IED_CervantesSa_S107_225c2b,PUR_IED_CervantesSa_S107_225c2b,,,,,
2026-09-12T09:16:10-05:00,PUR_IED_CervantesSa_S108_940925,PUR_IED_CervantesSa_S108_940925,,,,,
2026-09-12T09:16:10-05:00,PUR_IED_Charry_A20_f53e7c,PUR_IED_Charry_A20_f53e7c,,,,,
2026-09-12T09:16:10-05:00,PUR_IED_Charry_Ext_f1d5cd,PUR_IED_Charry_Ext_f1d5cd,,,,,
2026-09-12T09:16:10-05:00,PUR_IED_Charry_IntAula20_dc998d,PUR_IED_Charry_IntAula20_dc998d,,,,,
2026-09-12T09:16:10-05:00,PUR_IED_Charry_IntDanzas_7a08e6,PUR_IED_Charry_IntDanzas_7a08e6,,,,,
2026-09-12T09:16:10-05:00,PUR_IED_ClememciaC_203_43e2fc,PUR_IED_ClememciaC_203_43e2fc,,,,,
2026-09-12T09:16:10-05:00,PUR_IED_ClememciaC_Ext_1b411a,PUR_IED_ClememciaC_Ext_1b411a,,,,,
2026-09-12T09:16:10-05:00,PUR_IED_ClememciaC_Quimic_44b5fc,PUR_IED_ClememciaC_Quimic_44b5fc,,,,,
2026-09-12T09:16:10-05:00,PUR_IED_ClemenciaC_203_43e2fc,PUR_IED_ClemenciaC_203_43e2fc,,,,,
2026-09-12T09:16:10-05:00,PUR_IED_ClemenciaC_Ext_1b411a,PUR_IED_ClemenciaC_Ext_1b411a,,,,,
2026-09-12T09:16:10-05:00,PUR_IED_ClemenciaC_Quimic_44b5fc,PUR_IED_ClemenciaC_Quimic_44b5fc,,,,,
2026-09-12T09:16:10-05:00,PUR_IED_ColViva_1101_S25_7f520a,PUR_IED_ColViva_1101_S25_7f520a,,,,,
2026-09-12T09:16:10-05:00,PUR_IED_ColViva_1102_S16_f570ba,PUR_IED_ColViva_1102_S16_f570ba,,,,,
2026-09-12T09:16:10-05:00,PUR_IED_ColViva_Ext_1a26fa,PUR_IED_ColViva_Ext_1a26fa,,,,,
2026-09-12T09:16:10-05:00,PUR_IED_ColegioBici_Asist_7c8798,PUR_IED_ColegioBici_Asist_7c8798,,,,,
2026-09-12T09:16:10-05:00,PUR_IED_ColegioBici_Ext_25cbf6,PUR_IED_ColegioBici_Ext_25cbf6,,,,,
2026-09-12T09:16:10-05:00,PUR_IED_ColegioBici_LabQ_7b57db,PUR_IED_ColegioBici_LabQ_7b57db,,,,,
2026-09-12T09:16:10-05:00,PUR_IED_CostaRica_Ext_5e640,PUR_IED_CostaRica_Ext_5e640,,,,,
2026-09-12T09:16:10-05:00,PUR_IED_CostaRica_Quim1_766d1c,PUR_IED_CostaRica_Quim1_766d1c,,,,,
2026-09-12T09:16:10-05:00,PUR_IED_CostaRica__Fisica_6f0873,PUR_IED_CostaRica__Fisica_6f0873,,,,,
2026-09-12T09:16:10-05:00,PUR_IED_CulPopu_301A_f660f3,PUR_IED_CulPopu_301A_f660f3,,,,,
2026-09-12T09:16:10-05:00,PUR_IED_CulPopu_303_568afe,PUR_IED_CulPopu_303_568afe,,,,,
2026-09-12T09:16:10-05:00,PUR_IED_CulPopu_Ext_e02ccb,PUR_IED_CulPopu_Ext_e02ccb,,,,,
2026-09-12T09:16:10-05:00,PUR_IED_Cundinamarca_Ext_f15985,PUR_IED_Cundinamarca_Ext_f15985,,,,,
2026-09-12T09:16:10-05:00,PUR_IED_Cundinamarca_Info_7aa5d7,PUR_IED_Cundinamarca_Info_7aa5d7,,,,,
2026-09-12T09:16:10-05:00,PUR_IED_Cundinamarca_Tec2_f449c7,PUR_IED_Cundinamarca_Tec2_f449c7,,,,,
2026-09-12T09:16:10-05:00,PUR_IED_DiegoM_Aula1_27b314,PUR_IED_DiegoM_Aula1_27b314,,,,,
2026-09-12T09:16:10-05:00,PUR_IED_DiegoM_Ext_d80ac8,PUR_IED_DiegoM_Ext_d80ac8,,,,,
2026-09-12T09:16:10-05:00,PUR_IED_DiegoM_S25_da928f,PUR_IED_DiegoM_S25_da928f,,,,,
2026-09-12T09:16:10-05:00,PUR_IED_ELRODEO_360881,PUR_IED_ELRODEO_360881,,,,,
2026-09-12T09:16:10-05:00,PUR_IED_ELRODEO_ext_360881,PUR_IED_ELRODEO_ext_360881,,,,,
2026-09-12T09:16:10-05:00,PUR_IED_EduardoU_Ext_1c1969,PUR_IED_EduardoU_Ext_1c1969,,,,,
2026-09-12T09:16:10-05:00,PUR_IED_EduardoU_SCiencia_4dfb94,PUR_IED_EduardoU_SCiencia_4dfb94,,,,,
2026-09-12T09:16:10-05:00,PUR_IED_EduardoU_SQuimica_5a46e7,PUR_IED_EduardoU_SQuimica_5a46e7,,,,,
2026-09-12T09:16:10-05:00,PUR_IED_ElRodeo_Aula14_676984,PUR_IED_ElRodeo_Aula14_676984,,,,,
2026-09-12T09:16:10-05:00,PUR_IED_ElRodeo_Aula16_2dd35b,PUR_IED_ElRodeo_Aula16_2dd35b,,,,,
2026-09-12T09:16:10-05:00,PUR_IED_ElRodeo_Ext_360881,PUR_IED_ElRodeo_Ext_360881,,,,,
2026-09-12T09:16:10-05:00,PUR_IED_ElRodeo_Exterior_8c6d28,PUR_IED_ElRodeo_Exterior_8c6d28,,,,,
2026-09-12T09:16:10-05:00,PUR_IED_ElRodeo_ext_360881,PUR_IED_ElRodeo_ext_360881,,,,,
2026-09-12T09:16:10-05:00,PUR_IED_EmmaReyes_Ext_987625,PUR_IED_EmmaReyes_Ext_987625,4,21,53,4.6367,-74.1511
2026-09-12T09:16:10-05:00,PUR_IED_Ensueño_Ext_7f0250,PUR_IED_Ensueño_Ext_7f0250,,,,,
2026-09-12T09:16:10-05:00,PUR_IED_EscNormal_Ext_5fef3b,PUR_IED_EscNormal_Ext_5fef3b,2,19,60,4.5852,-74.096901
2026-09-12T09:16:10-05:00,PUR_IED_EscNormal_S309_5b263,PUR_IED_EscNormal_S309_5b263,,,,,
2026-09-12T09:16:10-05:00,PUR_IED_EscNormal_S310_27b3b8,PUR_IED_EscNormal_S310_27b3b8,,,,,
2026-09-12T09:16:10-05:00,PUR_IED_Evangelista_Conta_f6cd4f,PUR_IED_Evangelista_Conta_f6cd4f,,,,,
2026-09-12T09:16:10-05:00,PUR_IED_Evangelista_Cri_5e16a,PUR_IED_Evangelista_Cri_5e16a,,,,,
2026-09-12T09:16:10-05:00,PUR_IED_Evangelista_Exter_754066,PUR_IED_Evangelista_Exter_754066,,,,,
2026-09-12T09:16:10-05:00,PUR_IED_FMiranda_S209_5cc2a3,PUR_IED_FMiranda_S209_5cc2a3,,,,,
2026-09-12T09:16:10-05:00,PUR_IED_FMiranda_S303_19e344,PUR_IED_FMiranda_S303_19e344,,,,,
2026-09-12T09:16:10-05:00,PUR_IED_FMiranda_ext_f53e7c,PUR_IED_FMiranda_ext_f53e7c,,,,,
2026-09-12T09:16:10-05:00,PUR_IED_FabioLozano_Bibli_1cee05,PUR_IED_FabioLozano_Bibli_1cee05,,,,,
2026-09-12T09:16:10-05:00,PUR_IED_FabioLozano_Ext_6ea285,PUR_IED_FabioLozano_Ext_6ea285,,,,,
2026-09-12T09:16:10-05:00,PUR_IED_FabioLozano_SLudi_f09e1e,PUR_IED_FabioLozano_SLudi_f09e1e,,,,,
2026-09-12T09:16:10-05:00,PUR_IED_FaustinoS_Aula07_27a731,PUR_IED_FaustinoS_Aula07_27a731,,,,,
2026-09-12T09:16:10-05:00,PUR_IED_FaustinoS_Ext_7b936f,PUR_IED_FaustinoS_Ext_7b936f,,,,,
2026-09-12T09:16:10-05:00,PUR_IED_FaustinoS_Fisica_da2c60,PUR_IED_FaustinoS_Fisica_da2c60,,,,,
2026-09-12T09:16:10-05:00,PUR_IED_FeGarciaLo_Ext_dc68ee,PUR_IED_FeGarciaLo_Ext_dc68ee,,,,,
2026-09-12T09:16:10-05:00,PUR_IED_FeGarciaLo_SDanza_f70a59,PUR_IED_FeGarciaLo_SDanza_f70a59,,,,,
2026-09-12T09:16:10-05:00,PUR_IED_FeGarciaLo_SMusic_125cdd,PUR_IED_FeGarciaLo_SMusic_125cdd,,,,,
2026-09-12T09:16:10-05:00,PUR_IED_FederalAlema_Exte_50c345,PUR_IED_FederalAlema_Exte_50c345,,,,,
2026-09-12T09:16:10-05:00,PUR_IED_FederalAlema_S31_f18371,PUR_IED_FederalAlema_S31_f18371,,,,,
2026-09-12T09:16:10-05:00,PUR_IED_FederalAlema_S901_a62cd,PUR_IED_FederalAlema_S901_a62cd,,,,,
2026-09-12T09:16:10-05:00,PUR_IED_FilarmonicaS_A5_f35eb1,PUR_IED_FilarmonicaS_A5_f35eb1,,,,,
2026-09-12T09:16:10-05:00,PUR_IED_FilarmonicaS_Ext_8a3bde,PUR_IED_FilarmonicaS_Ext_8a3bde,,,,,
2026-09-12T09:16:10-05:00,PUR_IED_FilarmonicaS_Spol_406114,PUR_IED_FilarmonicaS_Spol_406114,,,,,
2026-09-12T09:16:10-05:00,PUR_IED_FlorentinoG_A13_d1fa59,PUR_IED_FlorentinoG_A13_d1fa59,,,,,
2026-09-12T09:16:10-05:00,PUR_IED_FlorentinoG_Ext_1ce6ce,PUR_IED_FlorentinoG_Ext_1ce6ce,,,,,
2026-09-12T09:16:10-05:00,PUR_IED_FlorentinoG_Idiom_a66aac,PUR_IED_FlorentinoG_Idiom_a66aac,,,,,
2026-09-12T09:16:10-05:00,PUR_IED_FranciscoMati_Ext_e3869d,PUR_IED_FranciscoMati_Ext_e3869d,,,,,
2026-09-12T09:16:10-05:00,PUR_IED_FranciscoMati_S13_f31c67,PUR_IED_FranciscoMati_S13_f31c67,,,,,
2026-09-12T09:16:10-05:00,PUR_IED_FranciscoMati_S14_97dead,PUR_IED_FranciscoMati_S14_97dead,,,,,
2026-09-12T09:16:10-05:00,PUR_IED_FranciscoPS_Ext_7bfa9a,PUR_IED_FranciscoPS_Ext_7bfa9a,2,21,59,4.5899,-74.110397
2026-09-12T09:16:10-05:00,PUR_IED_FranciscoPS_Infor_fb8f4c,PUR_IED_FranciscoPS_Infor_fb8f4c,,,,,
2026-09-12T09:16:10-05:00,PUR_IED_FranciscoPS_Quimi_94d39c,PUR_IED_FranciscoPS_Quimi_94d39c,,,,,
2026-09-12T09:16:10-05:00,PUR_IED_FranciscoP_LabQ_d7e148,PUR_IED_FranciscoP_LabQ_d7e148,,,,,
2026-09-12T09:16:10-05:00,PUR_IED_FranciscoP_S28_cf9b30,PUR_IED_FranciscoP_S28_cf9b30,,,,,
2026-09-12T09:16:10-05:00,PUR_IED_FranciscoP_ext_e2313,PUR_IED_FranciscoP_ext_e2313,,,,,
2026-09-12T09:16:10-05:00,PUR_IED_FriederichN_Ext_8ac92a,PUR_IED_FriederichN_Ext_8ac92a,,,,,
2026-09-12T09:16:10-05:00,PUR_IED_FriederichN_S301_dd7e5a,PUR_IED_FriederichN_S301_dd7e5a,,,,,
2026-09-12T09:16:10-05:00,PUR_IED_FriederichN_S308_761f4f,PUR_IED_FriederichN_S308_761f4f,,,,,
2026-09-12T09:16:10-05:00,PUR_IED_GSantander_Aula10_533dd7,PUR_IED_GSantander_Aula10_533dd7,,,,,
2026-09-12T09:16:10-05:00,PUR_IED_GSantander_Aula12_fd4e4f,PUR_IED_GSantander_Aula12_fd4e4f,,,,,
2026-09-12T09:16:10-05:00,PUR_IED_GSantander_Aula310_533dd7,PUR_IED_GSantander_Aula310_533dd7,,,,,
2026-09-12T09:16:10-05:00,PUR_IED_GSantander_Aula312_fd4e4f,PUR_IED_GSantander_Aula312_fd4e4f,,,,,
2026-09-12T09:16:10-05:00,PUR_IED_GSantander_Ext_5f66b0,PUR_IED_GSantander_Ext_5f66b0,,,,,
2026-09-12T09:16:10-05:00,PUR_IED_GYomasa_Ext_f6bea5,PUR_IED_GYomasa_Ext_f6bea5,,,,,
2026-09-12T09:16:10-05:00,PUR_IED_GYomasa_LBiol_2c41aa,PUR_IED_GYomasa_LBiol_2c41aa,,,,,
2026-09-12T09:16:10-05:00,PUR_IED_GYomasa_LQuim_33c80,PUR_IED_GYomasa_LQuim_33c80,,,,,
2026-09-12T09:16:10-05:00,PUR_IED_GabBetMejia_Cienc_5a99c,PUR_IED_GabBetMejia_Cienc_5a99c,,,,,
2026-09-12T09:16:10-05:00,PUR_IED_GabBetMejia_Ext_9153d0,PUR_IED_GabBetMejia_Ext_9153d0,,,,,
2026-09-12T09:16:10-05:00,PUR_IED_GabBetMejia_Lab_f55347,PUR_IED_GabBetMejia_Lab_f55347,,,,,
2026-09-12T09:16:10-05:00,PUR_IED_GabBetanMejia_Ext_9153d0,PUR_IED_GabBetanMejia_Ext_9153d0,,,,,
2026-09-12T09:16:10-05:00,PUR_IED_Gaitana_Aula13_7aac11,PUR_IED_Gaitana_Aula13_7aac11,,,,,
2026-09-12T09:16:10-05:00,PUR_IED_Gaitana_Ext_5fcf4,PUR_IED_Gaitana_Ext_5fcf4,,,,,
2026-09-12T09:16:10-05:00,PUR_IED_Gaitana_LabFisica_644448,PUR_IED_Gaitana_LabFisica_644448,,,,,
2026-09-12T09:16:10-05:00,PUR_IED_GenSantander_Dise_8ac858,PUR_IED_GenSantander_Dise_8ac858,,,,,
2026-09-12T09:16:10-05:00,PUR_IED_GenSantander_Ext_8d5dfe,PUR_IED_GenSantander_Ext_8d5dfe,,,,,
2026-09-12T09:16:10-05:00,PUR_IED_GenSantander_Info_6c25b,PUR_IED_GenSantander_Info_6c25b,,,,,
2026-09-12T09:16:10-05:00,PUR_IED_GustavoMo_Exterio_75e63d,PUR_IED_GustavoMo_Exterio_75e63d,,,,,
2026-09-12T09:16:10-05:00,PUR_IED_GustavoMo_LabFisi_224d37,PUR_IED_GustavoMo_LabFisi_224d37,,,,,
2026-09-12T09:16:10-05:00,PUR_IED_GustavoMo_S208_3e6918,PUR_IED_GustavoMo_S208_3e6918,,,,,
2026-09-12T09:16:10-05:00,PUR_IED_GustavoR_A02_8cd4a8,PUR_IED_GustavoR_A02_8cd4a8,,,,,
2026-09-12T09:16:10-05:00,PUR_IED_GustavoR_B11_5b0ed,PUR_IED_GustavoR_B11_5b0ed,,,,,
2026-09-12T09:16:10-05:00,PUR_IED_GustavoR_Ext_7a0c90,PUR_IED_GustavoR_Ext_7a0c90,,,,,
2026-09-12T09:16:10-05:00,PUR_IED_HernandoDuran_Ext_8cd82b,PUR_IED_HernandoDuran_Ext_8cd82b,,,,,
2026-09-12T09:16:10-05:00,PUR_IED_HernandoDuran_S24_2772c6,PUR_IED_HernandoDuran_S24_2772c6,,,,,
2026-09-12T09:16:10-05:00,PUR_IED_HernandoDuran_S30_f2de41,PUR_IED_HernandoDuran_S30_f2de41,,,,,
2026-09-12T09:16:10-05:00,PUR_IED_HolguInUr_S1101_8cd732,PUR_IED_HolguInUr_S1101_8cd732,,,,,
2026-09-12T09:16:10-05:00,PUR_IED_HolguinUr_Exter_ddae6d,PUR_IED_HolguinUr_Exter_ddae6d,,,,,
2026-09-12T09:16:10-05:00,PUR_IED_HolguinUr_LabQuim_92b952,PUR_IED_HolguinUr_LabQuim_92b952,,,,,
2026-09-12T09:16:10-05:00,PUR_IED_Isabel-II_Ext_5245cc,PUR_IED_Isabel-II_Ext_5245cc,2,18,61,4.6336,-74.153
2026-09-12T09:16:10-05:00,PUR_IED_Isabel-II_S_idiom_1c29aa,PUR_IED_Isabel-II_S_idiom_1c29aa,,,,,
2026-09-12T09:16:10-05:00,PUR_IED_Isabel-II_S_infor_fd741,PUR_IED_Isabel-II_S_infor_fd741,,,,,
2026-09-12T09:16:10-05:00,PUR_IED_IsidroSur_Exterio_5b90ea,PUR_IED_IsidroSur_Exterio_5b90ea,,,,,
2026-09-12T09:16:10-05:00,PUR_IED_IsidroSur_LabTec_56697a,PUR_IED_IsidroSur_LabTec_56697a,,,,,
2026-09-12T09:16:10-05:00,PUR_IED_IsidroSur_Robotic_b7c38f,PUR_IED_IsidroSur_Robotic_b7c38f,,,,,
2026-09-12T09:16:10-05:00,PUR_IED_IsmaelPerd_Ext_7b6672,PUR_IED_IsmaelPerd_Ext_7b6672,,,,,
2026-09-12T09:16:10-05:00,PUR_IED_IsmaelPerd_Inform_306540,PUR_IED_IsmaelPerd_Inform_306540,,,,,
2026-09-12T09:16:10-05:00,PUR_IED_IsmaelPerd_S30_2e2c83,PUR_IED_IsmaelPerd_S30_2e2c83,,,,,
2026-09-12T09:16:10-05:00,PUR_IED_JLozano_Exter_432910,PUR_IED_JLozano_Exter_432910,,,,,
2026-09-12T09:16:10-05:00,PUR_IED_JLozano_salaMulti_df5125,PUR_IED_JLozano_salaMulti_df5125,,,,,
2026-09-12T09:16:10-05:00,PUR_IED_JMCordoba_206_86f80b,PUR_IED_JMCordoba_206_86f80b,,,,,
2026-09-12T09:16:10-05:00,PUR_IED_JMCordoba_Ext_27ad97,PUR_IED_JMCordoba_Ext_27ad97,,,,,
2026-09-12T09:16:10-05:00,PUR_IED_JMCordoba_S310_d59ab4,PUR_IED_JMCordoba_S310_d59ab4,,,,,
2026-09-12T09:16:10-05:00,PUR_IED_Japon_Ext_549100,PUR_IED_Japon_Ext_549100,,,,,
2026-09-12T09:16:10-05:00,PUR_IED_Japon_Laboratorio_bec51d,PUR_IED_Japon_Laboratorio_bec51d,,,,,
2026-09-12T09:16:10-05:00,PUR_IED_Japon_informatica_d99327,PUR_IED_Japon_informatica_d99327,,,,,
2026-09-12T09:16:10-05:00,PUR_IED_Jazmin_Ext_d27bda,PUR_IED_Jazmin_Ext_d27bda,,,,,
2026-09-12T09:16:10-05:00,PUR_IED_Jazmin_Fisica_8d14d7,PUR_IED_Jazmin_Fisica_8d14d7,,,,,
2026-09-12T09:16:10-05:00,PUR_IED_Jazmin_Quimica_801cb5,PUR_IED_Jazmin_Quimica_801cb5,,,,,
2026-09-12T09:16:10-05:00,PUR_IED_JorgeGaitan_Exter_f098d1,PUR_IED_JorgeGaitan_Exter_f098d1,,,,,
2026-09-12T09:16:10-05:00,PUR_IED_JorgeGaitan_STec1_dc9d1d,PUR_IED_JorgeGaitan_STec1_dc9d1d,,,,,
2026-09-12T09:16:10-05:00,PUR_IED_JorgeGaitan_STec2_281e69,PUR_IED_JorgeGaitan_STec2_281e69,,,,,
2026-09-12T09:16:10-05:00,PUR_IED_JorgeSoto_Exterio_d9d0a2,PUR_IED_JorgeSoto_Exterio_d9d0a2,,,,,
2026-09-12T09:16:10-05:00,PUR_IED_JorgeSoto_LabFisi_209c54,PUR_IED_JorgeSoto_LabFisi_209c54,,,,,
2026-09-12T09:16:10-05:00,PUR_IED_JorgeSoto_S103_27b51a,PUR_IED_JorgeSoto_S103_27b51a,,,,,
2026-09-12T09:16:10-05:00,PUR_IED_JoseAcevedo_A02_e965eb,PUR_IED_JoseAcevedo_A02_e965eb,,,,,
2026-09-12T09:16:10-05:00,PUR_IED_JoseAcevedo_A07_dd5b4,PUR_IED_JoseAcevedo_A07_dd5b4,,,,,
2026-09-12T09:16:10-05:00,PUR_IED_JoseAcevedo_Ext_b47484,PUR_IED_JoseAcevedo_Ext_b47484,,,,,
2026-09-12T09:16:10-05:00,PUR_IED_JoseMarti_Exte_5b9bf,PUR_IED_JoseMarti_Exte_5b9bf,,,,,
2026-09-12T09:16:10-05:00,PUR_IED_JoseMarti_LabQuim_1c6c2d,PUR_IED_JoseMarti_LabQuim_1c6c2d,,,,,
2026-09-12T09:16:10-05:00,PUR_IED_JoseMarti_S_info_f5f177,PUR_IED_JoseMarti_S_info_f5f177,,,,,
2026-09-12T09:16:10-05:00,PUR_IED_Josejoaquin_Ext_dfc5dc,PUR_IED_Josejoaquin_Ext_dfc5dc,,,,,
2026-09-12T09:16:10-05:00,PUR_IED_Josejoaquin_S05_5b2a96,PUR_IED_Josejoaquin_S05_5b2a96,,,,,
2026-09-12T09:16:10-05:00,PUR_IED_Josejoaquin_S06_1ce7d2,PUR_IED_Josejoaquin_S06_1ce7d2,,,,,
2026-09-12T09:16:10-05:00,PUR_IED_JulioFlorez_Danza_9b82dd,PUR_IED_JulioFlorez_Danza_9b82dd,,,,,
2026-09-12T09:16:10-05:00,PUR_IED_JulioFlorez_Exter_f9f314,PUR_IED_JulioFlorez_Exter_f9f314,,,,,
2026-09-12T09:16:10-05:00,PUR_IED_JulioFlorez_info2_6b6e08,PUR_IED_JulioFlorez_info2_6b6e08,,,,,
2026-09-12T09:16:10-05:00,PUR_IED_LaBelleza_Aula13_1d00d8,PUR_IED_LaBelleza_Aula13_1d00d8,,,,,
2026-09-12T09:16:10-05:00,PUR_IED_LaBelleza_Ext_7bc08c,PUR_IED_LaBelleza_Ext_7bc08c,,,,,
2026-09-12T09:16:10-05:00,PUR_IED_LaChucua_Ext_8cd6d2,PUR_IED_LaChucua_Ext_8cd6d2,,,,,
2026-09-12T09:16:10-05:00,PUR_IED_LaChucua_S15_f578ce,PUR_IED_LaChucua_S15_f578ce,,,,,
2026-09-12T09:16:10-05:00,PUR_IED_LaChucua_S16_eebcf9,PUR_IED_LaChucua_S16_eebcf9,,,,,
2026-09-12T09:16:10-05:00,PUR_IED_LaFelicidad_Ext_fb5109,PUR_IED_LaFelicidad_Ext_fb5109,,,,,
2026-09-12T09:16:10-05:00,PUR_IED_LaMerced_206_66ebd,PUR_IED_LaMerced_206_66ebd,,,,,
2026-09-12T09:16:10-05:00,PUR_IED_LaMerced_207_6ebd6,PUR_IED_LaMerced_207_6ebd6,,,,,
2026-09-12T09:16:10-05:00,PUR_IED_LaMerced_ext_304311,PUR_IED_LaMerced_ext_304311,,,,,
2026-09-12T09:16:10-05:00,PUR_IED_Laureano_CiencNat_281e5e,PUR_IED_Laureano_CiencNat_281e5e,,,,,
2026-09-12T09:16:10-05:00,PUR_IED_Laureano_Comedor_f65c0a,PUR_IED_Laureano_Comedor_f65c0a,,,,,
2026-09-12T09:16:10-05:00,PUR_IED_Laureano_Exterior_7ab011,PUR_IED_Laureano_Exterior_7ab011,,,,,
2026-09-12T09:16:10-05:00,PUR_IED_LeonGreiff_Exte_dfe560,PUR_IED_LeonGreiff_Exte_dfe560,,,,,
2026-09-12T09:16:10-05:00,PUR_IED_LeonGreiff_S210_f264ed,PUR_IED_LeonGreiff_S210_f264ed,,,,,
2026-09-12T09:16:10-05:00,PUR_IED_LeonGreiff_SQuimi_e8296f,PUR_IED_LeonGreiff_SQuimi_e8296f,,,,,
2026-09-12T09:16:10-05:00,PUR_IED_LlanoOrientalS208_7b9fcd,PUR_IED_LlanoOrientalS208_7b9fcd,,,,,
2026-09-12T09:16:10-05:00,PUR_IED_LlanoOriental_Ext_fb3766,PUR_IED_LlanoOriental_Ext_fb3766,,,,,
2026-09-12T09:16:10-05:00,PUR_IED_LlanoOriental_S208_7b9fcd,PUR_IED_LlanoOriental_S208_7b9fcd,,,,,
2026-09-12T09:16:10-05:00,PUR_IED_LlanoOriental_S9_27b378,PUR_IED_LlanoOriental_S9_27b378,,,,,
2026-09-12T09:16:10-05:00,PUR_IED_LosTejares_1101_477602,PUR_IED_LosTejares_1101_477602,,,,,
2026-09-12T09:16:10-05:00,PUR_IED_LosTejares_11_d2c595,PUR_IED_LosTejares_11_d2c595,,,,,
2026-09-12T09:16:10-05:00,PUR_IED_LosTejares_12_477602,PUR_IED_LosTejares_12_477602,,,,,
2026-09-12T09:16:10-05:00,PUR_IED_LosTejares_Ext_8e2115,PUR_IED_LosTejares_Ext_8e2115,,,,,
2026-09-12T09:16:10-05:00,PUR_IED_MagdalenaO_B202_5ddda3,PUR_IED_MagdalenaO_B202_5ddda3,,,,,
2026-09-12T09:16:10-05:00,PUR_IED_MagdalenaO_B205_fb76e8,PUR_IED_MagdalenaO_B205_fb76e8,,,,,
2026-09-12T09:16:10-05:00,PUR_IED_MagdalenaO_ext_dc69cd,PUR_IED_MagdalenaO_ext_dc69cd,,,,,
2026-09-12T09:16:10-05:00,PUR_IED_ManueCepeda_artes_eee956,PUR_IED_ManueCepeda_artes_eee956,,,,,
2026-09-12T09:16:10-05:00,PUR_IED_ManuelCepeda_Ext_58313,PUR_IED_ManuelCepeda_Ext_58313,,,,,
2026-09-12T09:16:10-05:00,PUR_IED_ManuelCepeda_tec_1c5731,PUR_IED_ManuelCepeda_tec_1c5731,,,,,
2026-09-12T09:16:10-05:00,PUR_IED_ManuelS_Exterior_5b269,PUR_IED_ManuelS_Exterior_5b269,,,,,
2026-09-12T09:16:10-05:00,PUR_IED_ManuelS_Inform_f369ce,PUR_IED_ManuelS_Inform_f369ce,,,,,
2026-09-12T09:16:10-05:00,PUR_IED_ManuelS_SArtes_7d15f1,PUR_IED_ManuelS_SArtes_7d15f1,,,,,
2026-09-12T09:16:10-05:00,PUR_IED_ManuelZapata_303_3ca6,PUR_IED_ManuelZapata_303_3ca6,,,,,
2026-09-12T09:16:10-05:00,PUR_IED_ManuelZapata_311_bfbabc,PUR_IED_ManuelZapata_311_bfbabc,,,,,
2026-09-12T09:16:10-05:00,PUR_IED_ManuelZapata_Ext_50824a,PUR_IED_ManuelZapata_Ext_50824a,,,,,
2026-09-12T09:16:10-05:00,PUR_IED_ManuelitaS_Exteri_656a92,PUR_IED_ManuelitaS_Exteri_656a92,,,,,
2026-09-12T09:16:10-05:00,PUR_IED_ManuelitaS_JuzgDe_f58ec3,PUR_IED_ManuelitaS_JuzgDe_f58ec3,,,,,
2026-09-12T09:16:10-05:00,PUR_IED_ManuelitaS_Recrea_d793db,PUR_IED_ManuelitaS_Recrea_d793db,,,,,
2026-09-12T09:16:10-05:00,PUR_IED_MarFidSuarez_Ext_c27b19,PUR_IED_MarFidSuarez_Ext_c27b19,,,,,
2026-09-12T09:16:10-05:00,PUR_IED_MarFidSuarez_Info_e384d7,PUR_IED_MarFidSuarez_Info_e384d7,,,,,
2026-09-12T09:16:10-05:00,PUR_IED_MarFidSuarez_S306_1d0032,PUR_IED_MarFidSuarez_S306_1d0032,,,,,
2026-09-12T09:16:10-05:00,PUR_IED_Menorah_301_2a25a3,PUR_IED_Menorah_301_2a25a3,,,,,
2026-09-12T09:16:10-05:00,PUR_IED_Menorah_306_37ed3,PUR_IED_Menorah_306_37ed3,,,,,
2026-09-12T09:16:10-05:00,PUR_IED_Menorah_Ext_3e155b,PUR_IED_Menorah_Ext_3e155b,,,,,
2026-09-12T09:16:10-05:00,PUR_IED_MinutoB.Aires_A11_1b1604,PUR_IED_MinutoB.Aires_A11_1b1604,,,,,
2026-09-12T09:16:10-05:00,PUR_IED_MinutoB.Aires_A12_fb5860,PUR_IED_MinutoB.Aires_A12_fb5860,,,,,
2026-09-12T09:16:10-05:00,PUR_IED_MinutoB.Aires_Ext_81293f,PUR_IED_MinutoB.Aires_Ext_81293f,,,,,
2026-09-12T09:16:10-05:00,PUR_IED_MinutoBAires_A11_1b1604,PUR_IED_MinutoBAires_A11_1b1604,,,,,
2026-09-12T09:16:10-05:00,PUR_IED_MinutoBAires_A12_fb5860,PUR_IED_MinutoBAires_A12_fb5860,,,,,
2026-09-12T09:16:10-05:00,PUR_IED_MinutoBAires_Ext_81293f,PUR_IED_MinutoBAires_Ext_81293f,,,,,
2026-09-12T09:16:10-05:00,PUR_IED_Montreal_Aula10_1e4959,PUR_IED_Montreal_Aula10_1e4959,,,,,
2026-09-12T09:16:10-05:00,PUR_IED_Montreal_Aula6_300367,PUR_IED_Montreal_Aula6_300367,,,,,
2026-09-12T09:16:10-05:00,PUR_IED_Montreal_Exterior_91a179,PUR_IED_Montreal_Exterior_91a179,,,,,
2026-09-12T09:16:10-05:00,PUR_IED_Mqgdalena_B202_5ddda3,PUR_IED_Mqgdalena_B202_5ddda3,,,,,
2026-09-12T09:16:10-05:00,PUR_IED_NACUND_Soc_dc8728,PUR_IED_NACUND_Soc_dc8728,,,,,
2026-09-12T09:16:10-05:00,PUR_IED_NACUND_ext_27ad97,PUR_IED_NACUND_ext_27ad97,,,,,
2026-09-12T09:16:10-05:00,PUR_IED_NEsperanza_Ext_d24b61,PUR_IED_NEsperanza_Ext_d24b61,,,,,
2026-09-12T09:16:10-05:00,PUR_IED_NEsperanza_SElect_7d1807,PUR_IED_NEsperanza_SElect_7d1807,,,,,
2026-09-12T09:16:10-05:00,PUR_IED_NEsperanza_SLabor_8b2d0a,PUR_IED_NEsperanza_SLabor_8b2d0a,,,,,
2026-09-12T09:16:10-05:00,PUR_IED_NacionesU_Ext_f661a9,PUR_IED_NacionesU_Ext_f661a9,,,,,
2026-09-12T09:16:10-05:00,PUR_IED_NacionesU_Quimica_66f0a,PUR_IED_NacionesU_Quimica_66f0a,,,,,
2026-09-12T09:16:10-05:00,PUR_IED_NacionesU_S306_1b4b3d,PUR_IED_NacionesU_S306_1b4b3d,,,,,
2026-09-12T09:16:10-05:00,PUR_IED_NestorFA_Ext_e4201c,PUR_IED_NestorFA_Ext_e4201c,,,,,
2026-09-12T09:16:10-05:00,PUR_IED_NestorFA_Laborato_f22fe0,PUR_IED_NestorFA_Laborato_f22fe0,,,,,
2026-09-12T09:16:10-05:00,PUR_IED_NestorFA_S204_dee996,PUR_IED_NestorFA_S204_dee996,,,,,
2026-09-12T09:16:10-05:00,PUR_IED_NidyaQT_Aula03_76999b,PUR_IED_NidyaQT_Aula03_76999b,,,,,
2026-09-12T09:16:10-05:00,PUR_IED_NidyaQT_Aula10_56325,PUR_IED_NidyaQT_Aula10_56325,,,,,
2026-09-12T09:16:10-05:00,PUR_IED_NidyaQT_Ext_46e32d,PUR_IED_NidyaQT_Ext_46e32d,,,,,
2026-09-12T09:16:10-05:00,PUR_IED_NuevaCol_Exterior_d9b859,PUR_IED_NuevaCol_Exterior_d9b859,,,,,
2026-09-12T09:16:10-05:00,PUR_IED_NuevaCol_S1101_76c43b,PUR_IED_NuevaCol_S1101_76c43b,,,,,
2026-09-12T09:16:10-05:00,PUR_IED_NuevaCol_S1102_1ce0b5,PUR_IED_NuevaCol_S1102_1ce0b5,,,,,
2026-09-12T09:16:10-05:00,PUR_IED_OEA_A202_f7e3f2,PUR_IED_OEA_A202_f7e3f2,,,,,
2026-09-12T09:16:10-05:00,PUR_IED_OEA_A203_7d1b8d,PUR_IED_OEA_A203_7d1b8d,,,,,
2026-09-12T09:16:10-05:00,PUR_IED_OEA_Ext_27b593,PUR_IED_OEA_Ext_27b593,,,,,
2026-09-12T09:16:10-05:00,PUR_IED_Ochoa_Ext_1c29da,PUR_IED_Ochoa_Ext_1c29da,,,,,
2026-09-12T09:16:10-05:00,PUR_IED_Ochoa_S205_8b1121,PUR_IED_Ochoa_S205_8b1121,,,,,
2026-09-12T09:16:10-05:00,PUR_IED_Ochoa_Sistemas_f33af6,PUR_IED_Ochoa_Sistemas_f33af6,,,,,
2026-09-12T09:16:10-05:00,PUR_IED_PQuebec_Ext_1c67c7,PUR_IED_PQuebec_Ext_1c67c7,,,,,
2026-09-12T09:16:10-05:00,PUR_IED_PQuebec_S15_23e8e2,PUR_IED_PQuebec_S15_23e8e2,,,,,
2026-09-12T09:16:10-05:00,PUR_IED_PQuebec_S16_8ec76b,PUR_IED_PQuebec_S16_8ec76b,,,,,
2026-09-12T09:16:10-05:00,PUR_IED_PabloN_Ext_49dc96,PUR_IED_PabloN_Ext_49dc96,,,,,
2026-09-12T09:16:10-05:00,PUR_IED_PabloN_S1102_4e3df5,PUR_IED_PabloN_S1102_4e3df5,,,,,
2026-09-12T09:16:10-05:00,PUR_IED_PabloN_S1103_50c94b,PUR_IED_PabloN_S1103_50c94b,,,,,
2026-09-12T09:16:10-05:00,PUR_IED_Palestina_S1101_db9198,PUR_IED_Palestina_S1101_db9198,,,,,
2026-09-12T09:16:10-05:00,PUR_IED_Palestina_S1102_dc54fa,PUR_IED_Palestina_S1102_dc54fa,,,,,
2026-09-12T09:16:10-05:00,PUR_IED_Palestina_ext_4ccce6,PUR_IED_Palestina_ext_4ccce6,,,,,
2026-09-12T09:16:10-05:00,PUR_IED_Panama_Fisica_4d0794,PUR_IED_Panama_Fisica_4d0794,,,,,
2026-09-12T09:16:10-05:00,PUR_IED_Panama_SIngles_a4077e,PUR_IED_Panama_SIngles_a4077e,,,,,
2026-09-12T09:16:10-05:00,PUR_IED_Panama_ext_4c54b4,PUR_IED_Panama_ext_4c54b4,,,,,
2026-09-12T09:16:10-05:00,PUR_IED_ParaisoM_Exterior_8cd7f0,PUR_IED_ParaisoM_Exterior_8cd7f0,,,,,
2026-09-12T09:16:10-05:00,PUR_IED_ParaisoM_Laborato_27af35,PUR_IED_ParaisoM_Laborato_27af35,,,,,
2026-09-12T09:16:10-05:00,PUR_IED_ParaisoM_S304_d1edca,PUR_IED_ParaisoM_S304_d1edca,,,,,
2026-09-12T09:16:10-05:00,PUR_IED_PorfirioBarba_Ext_301466,PUR_IED_PorfirioBarba_Ext_301466,,,,,
2026-09-12T09:16:10-05:00,PUR_IED_PorfirioBarba_S11_df6cd2,PUR_IED_PorfirioBarba_S11_df6cd2,,,,,
2026-09-12T09:16:10-05:00,PUR_IED_PorfirioBarba_S29_27a7d6,PUR_IED_PorfirioBarba_S29_27a7d6,,,,,
2026-09-12T09:16:10-05:00,PUR_IED_PradoV_Exter_8b27ad,PUR_IED_PradoV_Exter_8b27ad,,,,,
2026-09-12T09:16:10-05:00,PUR_IED_PradoV_S301_de65b5,PUR_IED_PradoV_S301_de65b5,,,,,
2026-09-12T09:16:10-05:00,PUR_IED_PradoV_S302_7d2593,PUR_IED_PradoV_S302_7d2593,,,,,
2026-09-12T09:16:10-05:00,PUR_IED_QuirogaAlz_Ext_1ddc82,PUR_IED_QuirogaAlz_Ext_1ddc82,,,,,
2026-09-12T09:16:10-05:00,PUR_IED_QuirogaAlz_S302_9926a3,PUR_IED_QuirogaAlz_S302_9926a3,,,,,
2026-09-12T09:16:10-05:00,PUR_IED_QuirogaAlz_S305_cdf1f1,PUR_IED_QuirogaAlz_S305_cdf1f1,,,,,
2026-09-12T09:16:10-05:00,PUR_IED_RGuatemala_Biling_dc53b7,PUR_IED_RGuatemala_Biling_dc53b7,,,,,
2026-09-12T09:16:10-05:00,PUR_IED_RGuatemala_Ext_1b89a3,PUR_IED_RGuatemala_Ext_1b89a3,,,,,
2026-09-12T09:16:10-05:00,PUR_IED_RGuatemala_Tecnol_281a34,PUR_IED_RGuatemala_Tecnol_281a34,,,,,
2026-09-12T09:16:10-05:00,PUR_IED_RafaNu_Ext_f7c302,PUR_IED_RafaNu_Ext_f7c302,,,,,
2026-09-12T09:16:10-05:00,PUR_IED_RafaNu_S1101_25fde,PUR_IED_RafaNu_S1101_25fde,,,,,
2026-09-12T09:16:10-05:00,PUR_IED_RafaNu_S1102_281517,PUR_IED_RafaNu_S1102_281517,,,,,
2026-09-12T09:16:10-05:00,PUR_IED_RafaelB_S305_ee2783,PUR_IED_RafaelB_S305_ee2783,,,,,
2026-09-12T09:16:10-05:00,PUR_IED_RafaelB_S306_75fe33,PUR_IED_RafaelB_S306_75fe33,,,,,
2026-09-12T09:16:10-05:00,PUR_IED_RafaelB_ext_283336,PUR_IED_RafaelB_ext_283336,,,,,
2026-09-12T09:16:10-05:00,PUR_IED_RafaelUU_Exterior_281a51,PUR_IED_RafaelUU_Exterior_281a51,,,,,
2026-09-12T09:16:10-05:00,PUR_IED_RafaelUU_Human_806b2,PUR_IED_RafaelUU_Human_806b2,,,,,
2026-09-12T09:16:10-05:00,PUR_IED_RafaelUU_Mate2_5680d4,PUR_IED_RafaelUU_Mate2_5680d4,,,,,
2026-09-12T09:16:10-05:00,PUR_IED_RamonSub_Ext_f9eeb9,PUR_IED_RamonSub_Ext_f9eeb9,,,,,
2026-09-12T09:16:10-05:00,PUR_IED_RamonSub_Media_d1f62f,PUR_IED_RamonSub_Media_d1f62f,,,,,
2026-09-12T09:16:10-05:00,PUR_IED_RamonSub_planta_51b82,PUR_IED_RamonSub_planta_51b82,,,,,
2026-09-12T09:16:10-05:00,PUR_IED_RepBoliVene_Exter_27af7c,PUR_IED_RepBoliVene_Exter_27af7c,,,,,
2026-09-12T09:16:10-05:00,PUR_IED_RepBoliVene_SCPT_5ae2ee,PUR_IED_RepBoliVene_SCPT_5ae2ee,,,,,
2026-09-12T09:16:10-05:00,PUR_IED_RepBoliVene_Socia_4b11d5,PUR_IED_RepBoliVene_Socia_4b11d5,,,,,
2026-09-12T09:16:10-05:00,PUR_IED_RepChina_Ext_76d9ee,PUR_IED_RepChina_Ext_76d9ee,,,,,
2026-09-12T09:16:10-05:00,PUR_IED_RepChina_S404_7c804c,PUR_IED_RepChina_S404_7c804c,,,,,
2026-09-12T09:16:10-05:00,PUR_IED_RepChina_S405_df2c33,PUR_IED_RepChina_S405_df2c33,,,,,
2026-09-12T09:16:10-05:00,PUR_IED_RepublicaC_Exteri_7d1ec9,PUR_IED_RepublicaC_Exteri_7d1ec9,,,,,
2026-09-12T09:16:10-05:00,PUR_IED_RepublicaC_S1101_f544b3,PUR_IED_RepublicaC_S1101_f544b3,,,,,
2026-09-12T09:16:10-05:00,PUR_IED_RepublicaC_S1102_7aafc7,PUR_IED_RepublicaC_S1102_7aafc7,,,,,
2026-09-12T09:16:10-05:00,PUR_IED_Ricaurte_Externo_a0ea1,PUR_IED_Ricaurte_Externo_a0ea1,,,,,
2026-09-12T09:16:10-05:00,PUR_IED_Ricaurte_S210_f546fd,PUR_IED_Ricaurte_S210_f546fd,,,,,
2026-09-12T09:16:10-05:00,PUR_IED_Ricaurte_S309_d4452,PUR_IED_Ricaurte_S309_d4452,,,,,
2026-09-12T09:16:10-05:00,PUR_IED_RogelioS_1102_531e69,PUR_IED_RogelioS_1102_531e69,,,,,
2026-09-12T09:16:10-05:00,PUR_IED_RogelioS_Ext_f25a18,PUR_IED_RogelioS_Ext_f25a18,,,,,
2026-09-12T09:16:10-05:00,PUR_IED_SBernardino_Ext_27aff8,PUR_IED_SBernardino_Ext_27aff8,,,,,
2026-09-12T09:16:10-05:00,PUR_IED_SBernardino_SArte_2ffd33,PUR_IED_SBernardino_SArte_2ffd33,,,,,
2026-09-12T09:16:10-05:00,PUR_IED_SBernardino_SIngl_7c7da5,PUR_IED_SBernardino_SIngl_7c7da5,,,,,
2026-09-12T09:16:10-05:00,PUR_IED_Sago_auditorio_dc9d1d,PUR_IED_Sago_auditorio_dc9d1d,,,,,
2026-09-12T09:16:10-05:00,PUR_IED_Saludcoop_Ext_95aac3,PUR_IED_Saludcoop_Ext_95aac3,,,,,
2026-09-12T09:16:10-05:00,PUR_IED_Saludcoop_InfI_90c854,PUR_IED_Saludcoop_InfI_90c854,,,,,
2026-09-12T09:16:10-05:00,PUR_IED_Saludcoop_SMedia_1b93be,PUR_IED_Saludcoop_SMedia_1b93be,,,,,
2026-09-12T09:16:10-05:00,PUR_IED_SanCarlos_1101_1a2360,PUR_IED_SanCarlos_1101_1a2360,,,,,
2026-09-12T09:16:10-05:00,PUR_IED_SanCarlos_1103_7bafb5,PUR_IED_SanCarlos_1103_7bafb5,,,,,
2026-09-12T09:16:10-05:00,PUR_IED_SanCarlos_Ext_b7cd1,PUR_IED_SanCarlos_Ext_b7cd1,,,,,
2026-09-12T09:16:10-05:00,PUR_IED_SanIgnacioBosa11a_50c26e,PUR_IED_SanIgnacioBosa11a_50c26e,,,,,
2026-09-12T09:16:10-05:00,PUR_IED_SanIgnacioBosa11b_371de8,PUR_IED_SanIgnacioBosa11b_371de8,,,,,
2026-09-12T09:16:10-05:00,PUR_IED_SanIgnacioBosaExt_ef0ffc,PUR_IED_SanIgnacioBosaExt_ef0ffc,,,,,
2026-09-12T09:16:10-05:00,PUR_IED_SanIgnacioBosa_11a_50c26e,PUR_IED_SanIgnacioBosa_11a_50c26e,,,,,
2026-09-12T09:16:10-05:00,PUR_IED_SanIgnacioBosa_Ext_ef0ffc,PUR_IED_SanIgnacioBosa_Ext_ef0ffc,,,,,
2026-09-12T09:16:10-05:00,PUR_IED_SanJoseN_intS1101_31c47f,PUR_IED_SanJoseN_intS1101_31c47f,,,,,
2026-09-12T09:16:10-05:00,PUR_IED_SanJoseUsm_Exter_f5d7e8,PUR_IED_SanJoseUsm_Exter_f5d7e8,,,,,
2026-09-12T09:16:10-05:00,PUR_IED_SanJoseUsm_Int11A_cfdef6,PUR_IED_SanJoseUsm_Int11A_cfdef6,,,,,
2026-09-12T09:16:10-05:00,PUR_IED_SilveriaR_IntB5_905349,PUR_IED_SilveriaR_IntB5_905349,,,,,
2026-09-12T09:16:10-05:00,PUR_IED_SilveriaR_IntSD14_981f93,PUR_IED_SilveriaR_IntSD14_981f93,,,,,
2026-09-12T09:16:10-05:00,PUR_IED_SilveriaR_ext_2b651d,PUR_IED_SilveriaR_ext_2b651d,,,,,
2026-09-12T09:16:10-05:00,PUR_IED_SimonB_Exterior_913975,PUR_IED_SimonB_Exterior_913975,,,,,
2026-09-12T09:16:10-05:00,PUR_IED_SimonB_LabQuimi_c56908,PUR_IED_SimonB_LabQuimi_c56908,,,,,
2026-09-12T09:16:10-05:00,PUR_IED_SimonB_informatic_a28c1,PUR_IED_SimonB_informatic_a28c1,,,,,
2026-09-12T09:16:10-05:00,PUR_IED_Sorrento_1102_315f50,PUR_IED_Sorrento_1102_315f50,,,,,
2026-09-12T09:16:10-05:00,PUR_IED_Sorrento_Minte_214eab,PUR_IED_Sorrento_Minte_214eab,,,,,
2026-09-12T09:16:10-05:00,PUR_IED_Sorrento_ext_7c3a0a,PUR_IED_Sorrento_ext_7c3a0a,,,,,
2026-09-12T09:16:10-05:00,PUR_IED_Tabora_Ext_f048ae,PUR_IED_Tabora_Ext_f048ae,,,,,
2026-09-12T09:16:10-05:00,PUR_IED_Tabora_S1102_b07752,PUR_IED_Tabora_S1102_b07752,,,,,
2026-09-12T09:16:10-05:00,PUR_IED_Tabora_S1103_d988f5,PUR_IED_Tabora_S1103_d988f5,,,,,
2026-09-12T09:16:10-05:00,PUR_IED_Tenerife_Ext_1ab188,PUR_IED_Tenerife_Ext_1ab188,,,,,
2026-09-12T09:16:10-05:00,PUR_IED_Tenerife_SDanzas_7bc02e,PUR_IED_Tenerife_SDanzas_7bc02e,,,,,
2026-09-12T09:16:10-05:00,PUR_IED_Tenerife_SIngles_7cc277,PUR_IED_Tenerife_SIngles_7cc277,,,,,
2026-09-12T09:16:10-05:00,PUR_IED_Tibabuyes_Exter_f2683d,PUR_IED_Tibabuyes_Exter_f2683d,,,,,
2026-09-12T09:16:10-05:00,PUR_IED_Tibabuyes_S10_dc87a8,PUR_IED_Tibabuyes_S10_dc87a8,,,,,
2026-09-12T09:16:10-05:00,PUR_IED_Tibabuyes_S15_dc0526,PUR_IED_Tibabuyes_S15_dc0526,,,,,
2026-09-12T09:16:10-05:00,PUR_IED_UnionE_S301_a1043,PUR_IED_UnionE_S301_a1043,,,,,
2026-09-12T09:16:10-05:00,PUR_IED_UnionE_S307_ff6c2f,PUR_IED_UnionE_S307_ff6c2f,,,,,
2026-09-12T09:16:10-05:00,PUR_IED_UnionE__Ext_5e2468,PUR_IED_UnionE__Ext_5e2468,,,,,
2026-09-12T09:16:10-05:00,PUR_IED_VillaRica_Ext_75be7c,PUR_IED_VillaRica_Ext_75be7c,,,,,
2026-09-12T09:16:10-05:00,PUR_IED_VillaRica_S4_cc5dcd,PUR_IED_VillaRica_S4_cc5dcd,,,,,
2026-09-12T09:16:10-05:00,PUR_IED_VillaRica_Sesp_99f5c,PUR_IED_VillaRica_Sesp_99f5c,,,,,
2026-09-12T09:21:13-05:00,PUR_IED_20deJulio_1101_91b1b9,PUR_IED_20deJulio_1101_91b1b9,,,,,
2026-09-12T09:21:13-05:00,PUR_IED_20deJulio_1102_1cfcf9,PUR_IED_20deJulio_1102_1cfcf9,,,,,
2026-09-12T09:21:13-05:00,PUR_IED_20deJulio_Ext_ab60bd,PUR_IED_20deJulio_Ext_ab60bd,,,,,
2026-09-12T09:21:13-05:00,PUR_IED_AgustinFer_Ext_7b9b77,PUR_IED_AgustinFer_Ext_7b9b77,,,,,
2026-09-12T09:21:13-05:00,PUR_IED_AgustinFer_Info2_27b3a7,PUR_IED_AgustinFer_Info2_27b3a7,,,,,
2026-09-12T09:21:13-05:00,PUR_IED_AgustinFer_Sena_54b4eb,PUR_IED_AgustinFer_Sena_54b4eb,,,,,
2026-09-12T09:21:13-05:00,PUR_IED_AlexanderF_1102_caf07b,PUR_IED_AlexanderF_1102_caf07b,,,,,
2026-09-12T09:21:13-05:00,PUR_IED_AlexanderF_1103_c79e71,PUR_IED_AlexanderF_1103_c79e71,,,,,
2026-09-12T09:21:13-05:00,PUR_IED_AlexanderF_Ext_c5b18b,PUR_IED_AlexanderF_Ext_c5b18b,,,,,
2026-09-12T09:21:13-05:00,PUR_IED_AlfonsoLopez_Ext_281d77,PUR_IED_AlfonsoLopez_Ext_281d77,,,,,
2026-09-12T09:21:13-05:00,PUR_IED_AlfonsoLopez_LabF_888ce0,PUR_IED_AlfonsoLopez_LabF_888ce0,,,,,
2026-09-12T09:21:13-05:00,PUR_IED_AlfonsoLopez_SMed_df6a7f,PUR_IED_AlfonsoLopez_SMed_df6a7f,,,,,
2026-09-12T09:21:13-05:00,PUR_IED_AltamiraSO_A2_209f92,PUR_IED_AltamiraSO_A2_209f92,,,,,
2026-09-12T09:21:13-05:00,PUR_IED_AltamiraSO_Ext_186d66,PUR_IED_AltamiraSO_Ext_186d66,,,,,
2026-09-12T09:21:13-05:00,PUR_IED_AltamiraSO_Sistem_27afe1,PUR_IED_AltamiraSO_Sistem_27afe1,,,,,
2026-09-12T09:21:13-05:00,PUR_IED_AlvaroGom_LabQuim_813179,PUR_IED_AlvaroGom_LabQuim_813179,,,,,
2026-09-12T09:21:13-05:00,PUR_IED_AlvaroGomez_Ext_47c7ca,PUR_IED_AlvaroGomez_Ext_47c7ca,,,,,
2026-09-12T09:21:13-05:00,PUR_IED_AlvaroGomez_LabQuim_813179,PUR_IED_AlvaroGomez_LabQuim_813179,,,,,
2026-09-12T09:21:13-05:00,PUR_IED_AlvaroGomez_S23_7ba89f,PUR_IED_AlvaroGomez_S23_7ba89f,,,,,
2026-09-12T09:21:13-05:00,PUR_IED_Amistad_306_dc8728,PUR_IED_Amistad_306_dc8728,,,,,
2026-09-12T09:21:13-05:00,PUR_IED_Amistad_Ext_8cd55e,PUR_IED_Amistad_Ext_8cd55e,,,,,
2026-09-12T09:21:13-05:00,PUR_IED_Amistad_S202_a41169,PUR_IED_Amistad_S202_a41169,,,,,
2026-09-12T09:21:13-05:00,PUR_IED_AndresBello_Bio_fd5f5e,PUR_IED_AndresBello_Bio_fd5f5e,,,,,
2026-09-12T09:21:13-05:00,PUR_IED_AndresBello_ext_dcad65,PUR_IED_AndresBello_ext_dcad65,,,,,
2026-09-12T09:21:13-05:00,PUR_IED_AndresBello_port_eed3ec,PUR_IED_AndresBello_port_eed3ec,,,,,
2026-09-12T09:21:13-05:00,PUR_IED_AngelaR_11b_d90a6b,PUR_IED_AngelaR_11b_d90a6b,,,,,
2026-09-12T09:21:13-05:00,PUR_IED_AngelaR_ext_7cad3e,PUR_IED_AngelaR_ext_7cad3e,,,,,
2026-09-12T09:21:13-05:00,PUR_IED_AntJoseSucre_10mo_df2575,PUR_IED_AntJoseSucre_10mo_df2575,,,,,
2026-09-12T09:21:13-05:00,PUR_IED_AntJoseSucre_Ext_215b36,PUR_IED_AntJoseSucre_Ext_215b36,,,,,
2026-09-12T09:21:13-05:00,PUR_IED_AntJoseSucre_Lab_3139de,PUR_IED_AntJoseSucre_Lab_3139de,,,,,
2026-09-12T09:21:13-05:00,PUR_IED_AntonioGarcia_301_d6b188,PUR_IED_AntonioGarcia_301_d6b188,,,,,
2026-09-12T09:21:13-05:00,PUR_IED_AntonioGarcia_302_88a82,PUR_IED_AntonioGarcia_302_88a82,,,,,
2026-09-12T09:21:13-05:00,PUR_IED_AntonioGarcia_Ext_20950c,PUR_IED_AntonioGarcia_Ext_20950c,,,,,
2026-09-12T09:21:13-05:00,PUR_IED_AntonioVan_Aula2_6dea02,PUR_IED_AntonioVan_Aula2_6dea02,,,,,
2026-09-12T09:21:13-05:00,PUR_IED_AntonioVan_Aula5_f1557e,PUR_IED_AntonioVan_Aula5_f1557e,,,,,
2026-09-12T09:21:13-05:00,PUR_IED_AntonioVan_Ext_406f2f,PUR_IED_AntonioVan_Ext_406f2f,,,,,
2026-09-12T09:21:13-05:00,PUR_IED_Atabanzha_Ext_cc5af9,PUR_IED_Atabanzha_Ext_cc5af9,,,,,
2026-09-12T09:21:13-05:00,PUR_IED_Atabanzha_SA101_56c37,PUR_IED_Atabanzha_SA101_56c37,,,,,
2026-09-12T09:21:13-05:00,PUR_IED_Atabanzha_SB302_27b374,PUR_IED_Atabanzha_SB302_27b374,,,,,
2026-09-12T09:21:13-05:00,PUR_IED_Atahualpa_Ext_fc1748,PUR_IED_Atahualpa_Ext_fc1748,,,,,
2026-09-12T09:21:13-05:00,PUR_IED_Atahualpa_Informa_dc9a95,PUR_IED_Atahualpa_Informa_dc9a95,,,,,
2026-09-12T09:21:13-05:00,PUR_IED_Atahualpa_S1101_f98056,PUR_IED_Atahualpa_S1101_f98056,,,,,
2026-09-12T09:21:13-05:00,PUR_IED_Bellavista_Ext_f5aa74,PUR_IED_Bellavista_Ext_f5aa74,,,,,
2026-09-12T09:21:13-05:00,PUR_IED_Bilbao_11A_916c41,PUR_IED_Bilbao_11A_916c41,,,,,
2026-09-12T09:21:13-05:00,PUR_IED_Bilbao_Ext_fb579a,PUR_IED_Bilbao_Ext_fb579a,,,,,
2026-09-12T09:21:13-05:00,PUR_IED_BrasiliaU_A125_304280,PUR_IED_BrasiliaU_A125_304280,,,,,
2026-09-12T09:21:13-05:00,PUR_IED_BrasiliaU_A203_7c8ca5,PUR_IED_BrasiliaU_A203_7c8ca5,,,,,
2026-09-12T09:21:13-05:00,PUR_IED_BrasiliaU_Ext_8d6e9f,PUR_IED_BrasiliaU_Ext_8d6e9f,5,17,68,4.5175,-74.116302
2026-09-12T09:21:13-05:00,PUR_IED_Brasilia_Ext_fe6593,PUR_IED_Brasilia_Ext_fe6593,,,,,
2026-09-12T09:21:13-05:00,PUR_IED_Brasilia_S24_7c130d,PUR_IED_Brasilia_S24_7c130d,,,,,
2026-09-12T09:21:13-05:00,PUR_IED_Brasilia_S501_186a54,PUR_IED_Brasilia_S501_186a54,,,,,
2026-09-12T09:21:13-05:00,PUR_IED_CHARRY_EXT_f1d5cd,PUR_IED_CHARRY_EXT_f1d5cd,,,,,
2026-09-12T09:21:13-05:00,PUR_IED_CHARRY_INTDANZAS_7a08e6,PUR_IED_CHARRY_INTDANZAS_7a08e6,,,,,
2026-09-12T09:21:13-05:00,PUR_IED_CHARRY_INT_AULA20_dc998d,PUR_IED_CHARRY_INT_AULA20_dc998d,,,,,
2026-09-12T09:21:13-05:00,PUR_IED_COLVIV_1101_S25_7f520a,PUR_IED_COLVIV_1101_S25_7f520a,,,,,
2026-09-12T09:21:13-05:00,PUR_IED_COLVIV_1102_S16_f570ba,PUR_IED_COLVIV_1102_S16_f570ba,,,,,
2026-09-12T09:21:13-05:00,PUR_IED_COLVIV_Ext_1a26fa,PUR_IED_COLVIV_Ext_1a26fa,,,,,
2026-09-12T09:21:13-05:00,PUR_IED_CULPOP_301A_f660f3,PUR_IED_CULPOP_301A_f660f3,,,,,
2026-09-12T09:21:13-05:00,PUR_IED_CULPOP_303_568afe,PUR_IED_CULPOP_303_568afe,,,,,
2026-09-12T09:21:13-05:00,PUR_IED_CULPOP_Ext_e02ccb,PUR_IED_CULPOP_Ext_e02ccb,,,,,
2026-09-12T09:21:13-05:00,PUR_IED_CVillavicen_Ext_26eb58,PUR_IED_CVillavicen_Ext_26eb58,4,16,80,4.487,-74.102798
2026-09-12T09:21:13-05:00,PUR_IED_CVillavicen_Intel_1ce5c2,PUR_IED_CVillavicen_Intel_1ce5c2,,,,,
2026-09-12T09:21:13-05:00,PUR_IED_CVillavicen_Poliv_e0766c,PUR_IED_CVillavicen_Poliv_e0766c,,,,,
2026-09-12T09:21:13-05:00,PUR_IED_CVillavicen_int_1ba140,PUR_IED_CVillavicen_int_1ba140,,,,,
2026-09-12T09:21:13-05:00,PUR_IED_CVillavicen_intel_1ba140,PUR_IED_CVillavicen_intel_1ba140,,,,,
2026-09-12T09:21:13-05:00,PUR_IED_CarlosPizarro_Ext_e307cc,PUR_IED_CarlosPizarro_Ext_e307cc,,,,,
2026-09-12T09:21:13-05:00,PUR_IED_CarlosPizarro_L36_7e5cdb,PUR_IED_CarlosPizarro_L36_7e5cdb,,,,,
2026-09-12T09:21:13-05:00,PUR_IED_CarlosPizarro_L37_c8566c,PUR_IED_CarlosPizarro_L37_c8566c,,,,,
2026-09-12T09:21:13-05:00,PUR_IED_Castilla_Ext_cf35f,PUR_IED_Castilla_Ext_cf35f,,,,,
2026-09-12T09:21:13-05:00,PUR_IED_Castilla_SFisik_360e38,PUR_IED_Castilla_SFisik_360e38,,,,,
2026-09-12T09:21:13-05:00,PUR_IED_Castilla_Sc304_496fbf,PUR_IED_Castilla_Sc304_496fbf,,,,,
2026-09-12T09:21:13-05:00,PUR_IED_CervantesSa_Ext_6b57b,PUR_IED_CervantesSa_Ext_6b57b,3,18,71,4.5128,-74.117203
2026-09-12T09:21:13-05:00,PUR_IED_CervantesSa_S107_225c2b,PUR_IED_CervantesSa_S107_225c2b,,,,,
2026-09-12T09:21:13-05:00,PUR_IED_CervantesSa_S108_940925,PUR_IED_CervantesSa_S108_940925,,,,,
2026-09-12T09:21:13-05:00,PUR_IED_Charry_A20_f53e7c,PUR_IED_Charry_A20_f53e7c,,,,,
2026-09-12T09:21:13-05:00,PUR_IED_Charry_Ext_f1d5cd,PUR_IED_Charry_Ext_f1d5cd,,,,,
2026-09-12T09:21:13-05:00,PUR_IED_Charry_IntAula20_dc998d,PUR_IED_Charry_IntAula20_dc998d,,,,,
2026-09-12T09:21:13-05:00,PUR_IED_Charry_IntDanzas_7a08e6,PUR_IED_Charry_IntDanzas_7a08e6,,,,,
2026-09-12T09:21:13-05:00,PUR_IED_ClememciaC_203_43e2fc,PUR_IED_ClememciaC_203_43e2fc,,,,,
2026-09-12T09:21:13-05:00,PUR_IED_ClememciaC_Ext_1b411a,PUR_IED_ClememciaC_Ext_1b411a,,,,,
2026-09-12T09:21:13-05:00,PUR_IED_ClememciaC_Quimic_44b5fc,PUR_IED_ClememciaC_Quimic_44b5fc,,,,,
2026-09-12T09:21:13-05:00,PUR_IED_ClemenciaC_203_43e2fc,PUR_IED_ClemenciaC_203_43e2fc,,,,,
2026-09-12T09:21:13-05:00,PUR_IED_ClemenciaC_Ext_1b411a,PUR_IED_ClemenciaC_Ext_1b411a,,,,,
2026-09-12T09:21:13-05:00,PUR_IED_ClemenciaC_Quimic_44b5fc,PUR_IED_ClemenciaC_Quimic_44b5fc,,,,,
2026-09-12T09:21:13-05:00,PUR_IED_ColViva_1101_S25_7f520a,PUR_IED_ColViva_1101_S25_7f520a,,,,,
2026-09-12T09:21:13-05:00,PUR_IED_ColViva_1102_S16_f570ba,PUR_IED_ColViva_1102_S16_f570ba,,,,,
2026-09-12T09:21:13-05:00,PUR_IED_ColViva_Ext_1a26fa,PUR_IED_ColViva_Ext_1a26fa,,,,,
2026-09-12T09:21:13-05:00,PUR_IED_ColegioBici_Asist_7c8798,PUR_IED_ColegioBici_Asist_7c8798,,,,,
2026-09-12T09:21:13-05:00,PUR_IED_ColegioBici_Ext_25cbf6,PUR_IED_ColegioBici_Ext_25cbf6,,,,,
2026-09-12T09:21:13-05:00,PUR_IED_ColegioBici_LabQ_7b57db,PUR_IED_ColegioBici_LabQ_7b57db,,,,,
2026-09-12T09:21:13-05:00,PUR_IED_CostaRica_Ext_5e640,PUR_IED_CostaRica_Ext_5e640,,,,,
2026-09-12T09:21:13-05:00,PUR_IED_CostaRica_Quim1_766d1c,PUR_IED_CostaRica_Quim1_766d1c,,,,,
2026-09-12T09:21:13-05:00,PUR_IED_CostaRica__Fisica_6f0873,PUR_IED_CostaRica__Fisica_6f0873,,,,,
2026-09-12T09:21:13-05:00,PUR_IED_CulPopu_301A_f660f3,PUR_IED_CulPopu_301A_f660f3,,,,,
2026-09-12T09:21:13-05:00,PUR_IED_CulPopu_303_568afe,PUR_IED_CulPopu_303_568afe,,,,,
2026-09-12T09:21:13-05:00,PUR_IED_CulPopu_Ext_e02ccb,PUR_IED_CulPopu_Ext_e02ccb,,,,,
2026-09-12T09:21:13-05:00,PUR_IED_Cundinamarca_Ext_f15985,PUR_IED_Cundinamarca_Ext_f15985,,,,,
2026-09-12T09:21:13-05:00,PUR_IED_Cundinamarca_Info_7aa5d7,PUR_IED_Cundinamarca_Info_7aa5d7,,,,,
2026-09-12T09:21:13-05:00,PUR_IED_Cundinamarca_Tec2_f449c7,PUR_IED_Cundinamarca_Tec2_f449c7,,,,,
2026-09-12T09:21:13-05:00,PUR_IED_DiegoM_Aula1_27b314,PUR_IED_DiegoM_Aula1_27b314,,,,,
2026-09-12T09:21:13-05:00,PUR_IED_DiegoM_Ext_d80ac8,PUR_IED_DiegoM_Ext_d80ac8,,,,,
2026-09-12T09:21:13-05:00,PUR_IED_DiegoM_S25_da928f,PUR_IED_DiegoM_S25_da928f,,,,,
2026-09-12T09:21:13-05:00,PUR_IED_ELRODEO_360881,PUR_IED_ELRODEO_360881,,,,,
2026-09-12T09:21:13-05:00,PUR_IED_ELRODEO_ext_360881,PUR_IED_ELRODEO_ext_360881,,,,,
2026-09-12T09:21:13-05:00,PUR_IED_EduardoU_Ext_1c1969,PUR_IED_EduardoU_Ext_1c1969,,,,,
2026-09-12T09:21:13-05:00,PUR_IED_EduardoU_SCiencia_4dfb94,PUR_IED_EduardoU_SCiencia_4dfb94,,,,,
2026-09-12T09:21:13-05:00,PUR_IED_EduardoU_SQuimica_5a46e7,PUR_IED_EduardoU_SQuimica_5a46e7,,,,,
2026-09-12T09:21:13-05:00,PUR_IED_ElRodeo_Aula14_676984,PUR_IED_ElRodeo_Aula14_676984,,,,,
2026-09-12T09:21:13-05:00,PUR_IED_ElRodeo_Aula16_2dd35b,PUR_IED_ElRodeo_Aula16_2dd35b,,,,,
2026-09-12T09:21:13-05:00,PUR_IED_ElRodeo_Ext_360881,PUR_IED_ElRodeo_Ext_360881,,,,,
2026-09-12T09:21:13-05:00,PUR_IED_ElRodeo_Exterior_8c6d28,PUR_IED_ElRodeo_Exterior_8c6d28,,,,,
2026-09-12T09:21:13-05:00,PUR_IED_ElRodeo_ext_360881,PUR_IED_ElRodeo_ext_360881,,,,,
2026-09-12T09:21:13-05:00,PUR_IED_EmmaReyes_Ext_987625,PUR_IED_EmmaReyes_Ext_987625,4,21,53,4.6367,-74.1511
2026-09-12T09:21:13-05:00,PUR_IED_Ensueño_Ext_7f0250,PUR_IED_Ensueño_Ext_7f0250,,,,,
2026-09-12T09:21:13-05:00,PUR_IED_EscNormal_Ext_5fef3b,PUR_IED_EscNormal_Ext_5fef3b,2,20,60,4.5852,-74.096901
2026-09-12T09:21:13-05:00,PUR_IED_EscNormal_S309_5b263,PUR_IED_EscNormal_S309_5b263,,,,,
2026-09-12T09:21:13-05:00,PUR_IED_EscNormal_S310_27b3b8,PUR_IED_EscNormal_S310_27b3b8,,,,,
2026-09-12T09:21:13-05:00,PUR_IED_Evangelista_Conta_f6cd4f,PUR_IED_Evangelista_Conta_f6cd4f,,,,,
2026-09-12T09:21:13-05:00,PUR_IED_Evangelista_Cri_5e16a,PUR_IED_Evangelista_Cri_5e16a,,,,,
2026-09-12T09:21:13-05:00,PUR_IED_Evangelista_Exter_754066,PUR_IED_Evangelista_Exter_754066,,,,,
2026-09-12T09:21:13-05:00,PUR_IED_FMiranda_S209_5cc2a3,PUR_IED_FMiranda_S209_5cc2a3,,,,,
2026-09-12T09:21:13-05:00,PUR_IED_FMiranda_S303_19e344,PUR_IED_FMiranda_S303_19e344,,,,,
2026-09-12T09:21:13-05:00,PUR_IED_FMiranda_ext_f53e7c,PUR_IED_FMiranda_ext_f53e7c,,,,,
2026-09-12T09:21:13-05:00,PUR_IED_FabioLozano_Bibli_1cee05,PUR_IED_FabioLozano_Bibli_1cee05,,,,,
2026-09-12T09:21:13-05:00,PUR_IED_FabioLozano_Ext_6ea285,PUR_IED_FabioLozano_Ext_6ea285,,,,,
2026-09-12T09:21:13-05:00,PUR_IED_FabioLozano_SLudi_f09e1e,PUR_IED_FabioLozano_SLudi_f09e1e,,,,,
2026-09-12T09:21:13-05:00,PUR_IED_FaustinoS_Aula07_27a731,PUR_IED_FaustinoS_Aula07_27a731,,,,,
2026-09-12T09:21:13-05:00,PUR_IED_FaustinoS_Ext_7b936f,PUR_IED_FaustinoS_Ext_7b936f,,,,,
2026-09-12T09:21:13-05:00,PUR_IED_FaustinoS_Fisica_da2c60,PUR_IED_FaustinoS_Fisica_da2c60,,,,,
2026-09-12T09:21:13-05:00,PUR_IED_FeGarciaLo_Ext_dc68ee,PUR_IED_FeGarciaLo_Ext_dc68ee,,,,,
2026-09-12T09:21:13-05:00,PUR_IED_FeGarciaLo_SDanza_f70a59,PUR_IED_FeGarciaLo_SDanza_f70a59,,,,,
2026-09-12T09:21:13-05:00,PUR_IED_FeGarciaLo_SMusic_125cdd,PUR_IED_FeGarciaLo_SMusic_125cdd,,,,,
2026-09-12T09:21:13-05:00,PUR_IED_FederalAlema_Exte_50c345,PUR_IED_FederalAlema_Exte_50c345,,,,,
2026-09-12T09:21:13-05:00,PUR_IED_FederalAlema_S31_f18371,PUR_IED_FederalAlema_S31_f18371,,,,,
2026-09-12T09:21:13-05:00,PUR_IED_FederalAlema_S901_a62cd,PUR_IED_FederalAlema_S901_a62cd,,,,,
2026-09-12T09:21:13-05:00,PUR_IED_FilarmonicaS_A5_f35eb1,PUR_IED_FilarmonicaS_A5_f35eb1,,,,,
2026-09-12T09:21:13-05:00,PUR_IED_FilarmonicaS_Ext_8a3bde,PUR_IED_FilarmonicaS_Ext_8a3bde,,,,,
2026-09-12T09:21:13-05:00,PUR_IED_FilarmonicaS_Spol_406114,PUR_IED_FilarmonicaS_Spol_406114,,,,,
2026-09-12T09:21:13-05:00,PUR_IED_FlorentinoG_A13_d1fa59,PUR_IED_FlorentinoG_A13_d1fa59,,,,,
2026-09-12T09:21:13-05:00,PUR_IED_FlorentinoG_Ext_1ce6ce,PUR_IED_FlorentinoG_Ext_1ce6ce,,,,,
2026-09-12T09:21:13-05:00,PUR_IED_FlorentinoG_Idiom_a66aac,PUR_IED_FlorentinoG_Idiom_a66aac,,,,,
2026-09-12T09:21:13-05:00,PUR_IED_FranciscoMati_Ext_e3869d,PUR_IED_FranciscoMati_Ext_e3869d,,,,,
2026-09-12T09:21:13-05:00,PUR_IED_FranciscoMati_S13_f31c67,PUR_IED_FranciscoMati_S13_f31c67,,,,,
2026-09-12T09:21:13-05:00,PUR_IED_FranciscoMati_S14_97dead,PUR_IED_FranciscoMati_S14_97dead,,,,,
2026-09-12T09:21:13-05:00,PUR_IED_FranciscoPS_Ext_7bfa9a,PUR_IED_FranciscoPS_Ext_7bfa9a,3,21,58,4.5899,-74.110397
2026-09-12T09:21:13-05:00,PUR_IED_FranciscoPS_Infor_fb8f4c,PUR_IED_FranciscoPS_Infor_fb8f4c,,,,,
2026-09-12T09:21:13-05:00,PUR_IED_FranciscoPS_Quimi_94d39c,PUR_IED_FranciscoPS_Quimi_94d39c,,,,,
2026-09-12T09:21:13-05:00,PUR_IED_FranciscoP_LabQ_d7e148,PUR_IED_FranciscoP_LabQ_d7e148,,,,,
2026-09-12T09:21:13-05:00,PUR_IED_FranciscoP_S28_cf9b30,PUR_IED_FranciscoP_S28_cf9b30,,,,,
2026-09-12T09:21:13-05:00,PUR_IED_FranciscoP_ext_e2313,PUR_IED_FranciscoP_ext_e2313,,,,,
2026-09-12T09:21:13-05:00,PUR_IED_FriederichN_Ext_8ac92a,PUR_IED_FriederichN_Ext_8ac92a,,,,,
2026-09-12T09:21:13-05:00,PUR_IED_FriederichN_S301_dd7e5a,PUR_IED_FriederichN_S301_dd7e5a,,,,,
2026-09-12T09:21:13-05:00,PUR_IED_FriederichN_S308_761f4f,PUR_IED_FriederichN_S308_761f4f,,,,,
2026-09-12T09:21:13-05:00,PUR_IED_GSantander_Aula10_533dd7,PUR_IED_GSantander_Aula10_533dd7,,,,,
2026-09-12T09:21:13-05:00,PUR_IED_GSantander_Aula12_fd4e4f,PUR_IED_GSantander_Aula12_fd4e4f,,,,,
2026-09-12T09:21:13-05:00,PUR_IED_GSantander_Aula310_533dd7,PUR_IED_GSantander_Aula310_533dd7,,,,,
2026-09-12T09:21:13-05:00,PUR_IED_GSantander_Aula312_fd4e4f,PUR_IED_GSantander_Aula312_fd4e4f,,,,,
2026-09-12T09:21:13-05:00,PUR_IED_GSantander_Ext_5f66b0,PUR_IED_GSantander_Ext_5f66b0,,,,,
2026-09-12T09:21:13-05:00,PUR_IED_GYomasa_Ext_f6bea5,PUR_IED_GYomasa_Ext_f6bea5,,,,,
2026-09-12T09:21:13-05:00,PUR_IED_GYomasa_LBiol_2c41aa,PUR_IED_GYomasa_LBiol_2c41aa,,,,,
2026-09-12T09:21:13-05:00,PUR_IED_GYomasa_LQuim_33c80,PUR_IED_GYomasa_LQuim_33c80,,,,,
2026-09-12T09:21:13-05:00,PUR_IED_GabBetMejia_Cienc_5a99c,PUR_IED_GabBetMejia_Cienc_5a99c,,,,,
2026-09-12T09:21:13-05:00,PUR_IED_GabBetMejia_Ext_9153d0,PUR_IED_GabBetMejia_Ext_9153d0,,,,,
2026-09-12T09:21:13-05:00,PUR_IED_GabBetMejia_Lab_f55347,PUR_IED_GabBetMejia_Lab_f55347,,,,,
2026-09-12T09:21:13-05:00,PUR_IED_GabBetanMejia_Ext_9153d0,PUR_IED_GabBetanMejia_Ext_9153d0,,,,,
2026-09-12T09:21:13-05:00,PUR_IED_Gaitana_Aula13_7aac11,PUR_IED_Gaitana_Aula13_7aac11,,,,,
2026-09-12T09:21:13-05:00,PUR_IED_Gaitana_Ext_5fcf4,PUR_IED_Gaitana_Ext_5fcf4,,,,,
2026-09-12T09:21:13-05:00,PUR_IED_Gaitana_LabFisica_644448,PUR_IED_Gaitana_LabFisica_644448,,,,,
2026-09-12T09:21:13-05:00,PUR_IED_GenSantander_Dise_8ac858,PUR_IED_GenSantander_Dise_8ac858,,,,,
2026-09-12T09:21:13-05:00,PUR_IED_GenSantander_Ext_8d5dfe,PUR_IED_GenSantander_Ext_8d5dfe,,,,,
2026-09-12T09:21:13-05:00,PUR_IED_GenSantander_Info_6c25b,PUR_IED_GenSantander_Info_6c25b,,,,,
2026-09-12T09:21:13-05:00,PUR_IED_GustavoMo_Exterio_75e63d,PUR_IED_GustavoMo_Exterio_75e63d,,,,,
2026-09-12T09:21:13-05:00,PUR_IED_GustavoMo_LabFisi_224d37,PUR_IED_GustavoMo_LabFisi_224d37,,,,,
2026-09-12T09:21:13-05:00,PUR_IED_GustavoMo_S208_3e6918,PUR_IED_GustavoMo_S208_3e6918,,,,,
2026-09-12T09:21:13-05:00,PUR_IED_GustavoR_A02_8cd4a8,PUR_IED_GustavoR_A02_8cd4a8,,,,,
2026-09-12T09:21:13-05:00,PUR_IED_GustavoR_B11_5b0ed,PUR_IED_GustavoR_B11_5b0ed,,,,,
2026-09-12T09:21:13-05:00,PUR_IED_GustavoR_Ext_7a0c90,PUR_IED_GustavoR_Ext_7a0c90,,,,,
2026-09-12T09:21:13-05:00,PUR_IED_HernandoDuran_Ext_8cd82b,PUR_IED_HernandoDuran_Ext_8cd82b,,,,,
2026-09-12T09:21:13-05:00,PUR_IED_HernandoDuran_S24_2772c6,PUR_IED_HernandoDuran_S24_2772c6,,,,,
2026-09-12T09:21:13-05:00,PUR_IED_HernandoDuran_S30_f2de41,PUR_IED_HernandoDuran_S30_f2de41,,,,,
2026-09-12T09:21:13-05:00,PUR_IED_HolguInUr_S1101_8cd732,PUR_IED_HolguInUr_S1101_8cd732,,,,,
2026-09-12T09:21:13-05:00,PUR_IED_HolguinUr_Exter_ddae6d,PUR_IED_HolguinUr_Exter_ddae6d,,,,,
2026-09-12T09:21:13-05:00,PUR_IED_HolguinUr_LabQuim_92b952,PUR_IED_HolguinUr_LabQuim_92b952,,,,,
2026-09-12T09:21:13-05:00,PUR_IED_Isabel-II_Ext_5245cc,PUR_IED_Isabel-II_Ext_5245cc,2,18,60,4.6336,-74.153
2026-09-12T09:21:13-05:00,PUR_IED_Isabel-II_S_idiom_1c29aa,PUR_IED_Isabel-II_S_idiom_1c29aa,,,,,
2026-09-12T09:21:13-05:00,PUR_IED_Isabel-II_S_infor_fd741,PUR_IED_Isabel-II_S_infor_fd741,,,,,
2026-09-12T09:21:13-05:00,PUR_IED_IsidroSur_Exterio_5b90ea,PUR_IED_IsidroSur_Exterio_5b90ea,,,,,
2026-09-12T09:21:13-05:00,PUR_IED_IsidroSur_LabTec_56697a,PUR_IED_IsidroSur_LabTec_56697a,,,,,
2026-09-12T09:21:13-05:00,PUR_IED_IsidroSur_Robotic_b7c38f,PUR_IED_IsidroSur_Robotic_b7c38f,,,,,
2026-09-12T09:21:13-05:00,PUR_IED_IsmaelPerd_Ext_7b6672,PUR_IED_IsmaelPerd_Ext_7b6672,,,,,
2026-09-12T09:21:13-05:00,PUR_IED_IsmaelPerd_Inform_306540,PUR_IED_IsmaelPerd_Inform_306540,,,,,
2026-09-12T09:21:13-05:00,PUR_IED_IsmaelPerd_S30_2e2c83,PUR_IED_IsmaelPerd_S30_2e2c83,,,,,
2026-09-12T09:21:13-05:00,PUR_IED_JLozano_Exter_432910,PUR_IED_JLozano_Exter_432910,,,,,
2026-09-12T09:21:13-05:00,PUR_IED_JLozano_salaMulti_df5125,PUR_IED_JLozano_salaMulti_df5125,,,,,
2026-09-12T09:21:13-05:00,PUR_IED_JMCordoba_206_86f80b,PUR_IED_JMCordoba_206_86f80b,,,,,
2026-09-12T09:21:13-05:00,PUR_IED_JMCordoba_Ext_27ad97,PUR_IED_JMCordoba_Ext_27ad97,,,,,
2026-09-12T09:21:13-05:00,PUR_IED_JMCordoba_S310_d59ab4,PUR_IED_JMCordoba_S310_d59ab4,,,,,
2026-09-12T09:21:13-05:00,PUR_IED_Japon_Ext_549100,PUR_IED_Japon_Ext_549100,,,,,
2026-09-12T09:21:13-05:00,PUR_IED_Japon_Laboratorio_bec51d,PUR_IED_Japon_Laboratorio_bec51d,,,,,
2026-09-12T09:21:13-05:00,PUR_IED_Japon_informatica_d99327,PUR_IED_Japon_informatica_d99327,,,,,
2026-09-12T09:21:13-05:00,PUR_IED_Jazmin_Ext_d27bda,PUR_IED_Jazmin_Ext_d27bda,,,,,
2026-09-12T09:21:13-05:00,PUR_IED_Jazmin_Fisica_8d14d7,PUR_IED_Jazmin_Fisica_8d14d7,,,,,
2026-09-12T09:21:13-05:00,PUR_IED_Jazmin_Quimica_801cb5,PUR_IED_Jazmin_Quimica_801cb5,,,,,
2026-09-12T09:21:13-05:00,PUR_IED_JorgeGaitan_Exter_f098d1,PUR_IED_JorgeGaitan_Exter_f098d1,,,,,
2026-09-12T09:21:13-05:00,PUR_IED_JorgeGaitan_STec1_dc9d1d,PUR_IED_JorgeGaitan_STec1_dc9d1d,,,,,
2026-09-12T09:21:13-05:00,PUR_IED_JorgeGaitan_STec2_281e69,PUR_IED_JorgeGaitan_STec2_281e69,,,,,
2026-09-12T09:21:13-05:00,PUR_IED_JorgeSoto_Exterio_d9d0a2,PUR_IED_JorgeSoto_Exterio_d9d0a2,,,,,
2026-09-12T09:21:13-05:00,PUR_IED_JorgeSoto_LabFisi_209c54,PUR_IED_JorgeSoto_LabFisi_209c54,,,,,
2026-09-12T09:21:13-05:00,PUR_IED_JorgeSoto_S103_27b51a,PUR_IED_JorgeSoto_S103_27b51a,,,,,
2026-09-12T09:21:13-05:00,PUR_IED_JoseAcevedo_A02_e965eb,PUR_IED_JoseAcevedo_A02_e965eb,,,,,
2026-09-12T09:21:13-05:00,PUR_IED_JoseAcevedo_A07_dd5b4,PUR_IED_JoseAcevedo_A07_dd5b4,,,,,
2026-09-12T09:21:13-05:00,PUR_IED_JoseAcevedo_Ext_b47484,PUR_IED_JoseAcevedo_Ext_b47484,,,,,
2026-09-12T09:21:13-05:00,PUR_IED_JoseMarti_Exte_5b9bf,PUR_IED_JoseMarti_Exte_5b9bf,,,,,
2026-09-12T09:21:13-05:00,PUR_IED_JoseMarti_LabQuim_1c6c2d,PUR_IED_JoseMarti_LabQuim_1c6c2d,,,,,
2026-09-12T09:21:13-05:00,PUR_IED_JoseMarti_S_info_f5f177,PUR_IED_JoseMarti_S_info_f5f177,,,,,
2026-09-12T09:21:13-05:00,PUR_IED_Josejoaquin_Ext_dfc5dc,PUR_IED_Josejoaquin_Ext_dfc5dc,,,,,
2026-09-12T09:21:13-05:00,PUR_IED_Josejoaquin_S05_5b2a96,PUR_IED_Josejoaquin_S05_5b2a96,,,,,
2026-09-12T09:21:13-05:00,PUR_IED_Josejoaquin_S06_1ce7d2,PUR_IED_Josejoaquin_S06_1ce7d2,,,,,
2026-09-12T09:21:13-05:00,PUR_IED_JulioFlorez_Danza_9b82dd,PUR_IED_JulioFlorez_Danza_9b82dd,,,,,
2026-09-12T09:21:13-05:00,PUR_IED_JulioFlorez_Exter_f9f314,PUR_IED_JulioFlorez_Exter_f9f314,,,,,
2026-09-12T09:21:13-05:00,PUR_IED_JulioFlorez_info2_6b6e08,PUR_IED_JulioFlorez_info2_6b6e08,,,,,
2026-09-12T09:21:13-05:00,PUR_IED_LaBelleza_Aula13_1d00d8,PUR_IED_LaBelleza_Aula13_1d00d8,,,,,
2026-09-12T09:21:13-05:00,PUR_IED_LaBelleza_Ext_7bc08c,PUR_IED_LaBelleza_Ext_7bc08c,,,,,
2026-09-12T09:21:13-05:00,PUR_IED_LaChucua_Ext_8cd6d2,PUR_IED_LaChucua_Ext_8cd6d2,,,,,
2026-09-12T09:21:13-05:00,PUR_IED_LaChucua_S15_f578ce,PUR_IED_LaChucua_S15_f578ce,,,,,
2026-09-12T09:21:13-05:00,PUR_IED_LaChucua_S16_eebcf9,PUR_IED_LaChucua_S16_eebcf9,,,,,
2026-09-12T09:21:13-05:00,PUR_IED_LaFelicidad_Ext_fb5109,PUR_IED_LaFelicidad_Ext_fb5109,,,,,
2026-09-12T09:21:13-05:00,PUR_IED_LaMerced_206_66ebd,PUR_IED_LaMerced_206_66ebd,,,,,
2026-09-12T09:21:13-05:00,PUR_IED_LaMerced_207_6ebd6,PUR_IED_LaMerced_207_6ebd6,,,,,
2026-09-12T09:21:13-05:00,PUR_IED_LaMerced_ext_304311,PUR_IED_LaMerced_ext_304311,,,,,
2026-09-12T09:21:13-05:00,PUR_IED_Laureano_CiencNat_281e5e,PUR_IED_Laureano_CiencNat_281e5e,,,,,
2026-09-12T09:21:13-05:00,PUR_IED_Laureano_Comedor_f65c0a,PUR_IED_Laureano_Comedor_f65c0a,,,,,
2026-09-12T09:21:13-05:00,PUR_IED_Laureano_Exterior_7ab011,PUR_IED_Laureano_Exterior_7ab011,,,,,
2026-09-12T09:21:13-05:00,PUR_IED_LeonGreiff_Exte_dfe560,PUR_IED_LeonGreiff_Exte_dfe560,,,,,
2026-09-12T09:21:13-05:00,PUR_IED_LeonGreiff_S210_f264ed,PUR_IED_LeonGreiff_S210_f264ed,,,,,
2026-09-12T09:21:13-05:00,PUR_IED_LeonGreiff_SQuimi_e8296f,PUR_IED_LeonGreiff_SQuimi_e8296f,,,,,
2026-09-12T09:21:13-05:00,PUR_IED_LlanoOrientalS208_7b9fcd,PUR_IED_LlanoOrientalS208_7b9fcd,,,,,
2026-09-12T09:21:13-05:00,PUR_IED_LlanoOriental_Ext_fb3766,PUR_IED_LlanoOriental_Ext_fb3766,,,,,
2026-09-12T09:21:13-05:00,PUR_IED_LlanoOriental_S208_7b9fcd,PUR_IED_LlanoOriental_S208_7b9fcd,,,,,
2026-09-12T09:21:13-05:00,PUR_IED_LlanoOriental_S9_27b378,PUR_IED_LlanoOriental_S9_27b378,,,,,
2026-09-12T09:21:13-05:00,PUR_IED_LosTejares_1101_477602,PUR_IED_LosTejares_1101_477602,,,,,
2026-09-12T09:21:13-05:00,PUR_IED_LosTejares_11_d2c595,PUR_IED_LosTejares_11_d2c595,,,,,
2026-09-12T09:21:13-05:00,PUR_IED_LosTejares_12_477602,PUR_IED_LosTejares_12_477602,,,,,
2026-09-12T09:21:13-05:00,PUR_IED_LosTejares_Ext_8e2115,PUR_IED_LosTejares_Ext_8e2115,,,,,
2026-09-12T09:21:13-05:00,PUR_IED_MagdalenaO_B202_5ddda3,PUR_IED_MagdalenaO_B202_5ddda3,,,,,
2026-09-12T09:21:13-05:00,PUR_IED_MagdalenaO_B205_fb76e8,PUR_IED_MagdalenaO_B205_fb76e8,,,,,
2026-09-12T09:21:13-05:00,PUR_IED_MagdalenaO_ext_dc69cd,PUR_IED_MagdalenaO_ext_dc69cd,,,,,
2026-09-12T09:21:13-05:00,PUR_IED_ManueCepeda_artes_eee956,PUR_IED_ManueCepeda_artes_eee956,,,,,
2026-09-12T09:21:13-05:00,PUR_IED_ManuelCepeda_Ext_58313,PUR_IED_ManuelCepeda_Ext_58313,,,,,
2026-09-12T09:21:13-05:00,PUR_IED_ManuelCepeda_tec_1c5731,PUR_IED_ManuelCepeda_tec_1c5731,,,,,
2026-09-12T09:21:13-05:00,PUR_IED_ManuelS_Exterior_5b269,PUR_IED_ManuelS_Exterior_5b269,,,,,
2026-09-12T09:21:13-05:00,PUR_IED_ManuelS_Inform_f369ce,PUR_IED_ManuelS_Inform_f369ce,,,,,
2026-09-12T09:21:13-05:00,PUR_IED_ManuelS_SArtes_7d15f1,PUR_IED_ManuelS_SArtes_7d15f1,,,,,
2026-09-12T09:21:13-05:00,PUR_IED_ManuelZapata_303_3ca6,PUR_IED_ManuelZapata_303_3ca6,,,,,
2026-09-12T09:21:13-05:00,PUR_IED_ManuelZapata_311_bfbabc,PUR_IED_ManuelZapata_311_bfbabc,,,,,
2026-09-12T09:21:13-05:00,PUR_IED_ManuelZapata_Ext_50824a,PUR_IED_ManuelZapata_Ext_50824a,,,,,
2026-09-12T09:21:13-05:00,PUR_IED_ManuelitaS_Exteri_656a92,PUR_IED_ManuelitaS_Exteri_656a92,,,,,
2026-09-12T09:21:13-05:00,PUR_IED_ManuelitaS_JuzgDe_f58ec3,PUR_IED_ManuelitaS_JuzgDe_f58ec3,,,,,
2026-09-12T09:21:13-05:00,PUR_IED_ManuelitaS_Recrea_d793db,PUR_IED_ManuelitaS_Recrea_d793db,,,,,
2026-09-12T09:21:13-05:00,PUR_IED_MarFidSuarez_Ext_c27b19,PUR_IED_MarFidSuarez_Ext_c27b19,,,,,
2026-09-12T09:21:13-05:00,PUR_IED_MarFidSuarez_Info_e384d7,PUR_IED_MarFidSuarez_Info_e384d7,,,,,
2026-09-12T09:21:13-05:00,PUR_IED_MarFidSuarez_S306_1d0032,PUR_IED_MarFidSuarez_S306_1d0032,,,,,
2026-09-12T09:21:13-05:00,PUR_IED_Menorah_301_2a25a3,PUR_IED_Menorah_301_2a25a3,,,,,
2026-09-12T09:21:13-05:00,PUR_IED_Menorah_306_37ed3,PUR_IED_Menorah_306_37ed3,,,,,
2026-09-12T09:21:13-05:00,PUR_IED_Menorah_Ext_3e155b,PUR_IED_Menorah_Ext_3e155b,,,,,
2026-09-12T09:21:13-05:00,PUR_IED_MinutoB.Aires_A11_1b1604,PUR_IED_MinutoB.Aires_A11_1b1604,,,,,
2026-09-12T09:21:13-05:00,PUR_IED_MinutoB.Aires_A12_fb5860,PUR_IED_MinutoB.Aires_A12_fb5860,,,,,
2026-09-12T09:21:13-05:00,PUR_IED_MinutoB.Aires_Ext_81293f,PUR_IED_MinutoB.Aires_Ext_81293f,,,,,
2026-09-12T09:21:13-05:00,PUR_IED_MinutoBAires_A11_1b1604,PUR_IED_MinutoBAires_A11_1b1604,,,,,
2026-09-12T09:21:13-05:00,PUR_IED_MinutoBAires_A12_fb5860,PUR_IED_MinutoBAires_A12_fb5860,,,,,
2026-09-12T09:21:13-05:00,PUR_IED_MinutoBAires_Ext_81293f,PUR_IED_MinutoBAires_Ext_81293f,,,,,
2026-09-12T09:21:13-05:00,PUR_IED_Montreal_Aula10_1e4959,PUR_IED_Montreal_Aula10_1e4959,,,,,
2026-09-12T09:21:13-05:00,PUR_IED_Montreal_Aula6_300367,PUR_IED_Montreal_Aula6_300367,,,,,
2026-09-12T09:21:13-05:00,PUR_IED_Montreal_Exterior_91a179,PUR_IED_Montreal_Exterior_91a179,,,,,
2026-09-12T09:21:13-05:00,PUR_IED_Mqgdalena_B202_5ddda3,PUR_IED_Mqgdalena_B202_5ddda3,,,,,
2026-09-12T09:21:13-05:00,PUR_IED_NACUND_Soc_dc8728,PUR_IED_NACUND_Soc_dc8728,,,,,
2026-09-12T09:21:13-05:00,PUR_IED_NACUND_ext_27ad97,PUR_IED_NACUND_ext_27ad97,,,,,
2026-09-12T09:21:13-05:00,PUR_IED_NEsperanza_Ext_d24b61,PUR_IED_NEsperanza_Ext_d24b61,,,,,
2026-09-12T09:21:13-05:00,PUR_IED_NEsperanza_SElect_7d1807,PUR_IED_NEsperanza_SElect_7d1807,,,,,
2026-09-12T09:21:13-05:00,PUR_IED_NEsperanza_SLabor_8b2d0a,PUR_IED_NEsperanza_SLabor_8b2d0a,,,,,
2026-09-12T09:21:13-05:00,PUR_IED_NacionesU_Ext_f661a9,PUR_IED_NacionesU_Ext_f661a9,,,,,
2026-09-12T09:21:13-05:00,PUR_IED_NacionesU_Quimica_66f0a,PUR_IED_NacionesU_Quimica_66f0a,,,,,
2026-09-12T09:21:13-05:00,PUR_IED_NacionesU_S306_1b4b3d,PUR_IED_NacionesU_S306_1b4b3d,,,,,
2026-09-12T09:21:13-05:00,PUR_IED_NestorFA_Ext_e4201c,PUR_IED_NestorFA_Ext_e4201c,,,,,
2026-09-12T09:21:13-05:00,PUR_IED_NestorFA_Laborato_f22fe0,PUR_IED_NestorFA_Laborato_f22fe0,,,,,
2026-09-12T09:21:13-05:00,PUR_IED_NestorFA_S204_dee996,PUR_IED_NestorFA_S204_dee996,,,,,
2026-09-12T09:21:13-05:00,PUR_IED_NidyaQT_Aula03_76999b,PUR_IED_NidyaQT_Aula03_76999b,,,,,
2026-09-12T09:21:13-05:00,PUR_IED_NidyaQT_Aula10_56325,PUR_IED_NidyaQT_Aula10_56325,,,,,
2026-09-12T09:21:13-05:00,PUR_IED_NidyaQT_Ext_46e32d,PUR_IED_NidyaQT_Ext_46e32d,,,,,
2026-09-12T09:21:13-05:00,PUR_IED_NuevaCol_Exterior_d9b859,PUR_IED_NuevaCol_Exterior_d9b859,,,,,
2026-09-12T09:21:13-05:00,PUR_IED_NuevaCol_S1101_76c43b,PUR_IED_NuevaCol_S1101_76c43b,,,,,
2026-09-12T09:21:13-05:00,PUR_IED_NuevaCol_S1102_1ce0b5,PUR_IED_NuevaCol_S1102_1ce0b5,,,,,
2026-09-12T09:21:13-05:00,PUR_IED_OEA_A202_f7e3f2,PUR_IED_OEA_A202_f7e3f2,,,,,
2026-09-12T09:21:13-05:00,PUR_IED_OEA_A203_7d1b8d,PUR_IED_OEA_A203_7d1b8d,,,,,
2026-09-12T09:21:13-05:00,PUR_IED_OEA_Ext_27b593,PUR_IED_OEA_Ext_27b593,,,,,
2026-09-12T09:21:13-05:00,PUR_IED_Ochoa_Ext_1c29da,PUR_IED_Ochoa_Ext_1c29da,,,,,
2026-09-12T09:21:13-05:00,PUR_IED_Ochoa_S205_8b1121,PUR_IED_Ochoa_S205_8b1121,,,,,
2026-09-12T09:21:13-05:00,PUR_IED_Ochoa_Sistemas_f33af6,PUR_IED_Ochoa_Sistemas_f33af6,,,,,
2026-09-12T09:21:13-05:00,PUR_IED_PQuebec_Ext_1c67c7,PUR_IED_PQuebec_Ext_1c67c7,,,,,
2026-09-12T09:21:13-05:00,PUR_IED_PQuebec_S15_23e8e2,PUR_IED_PQuebec_S15_23e8e2,,,,,
2026-09-12T09:21:13-05:00,PUR_IED_PQuebec_S16_8ec76b,PUR_IED_PQuebec_S16_8ec76b,,,,,
2026-09-12T09:21:13-05:00,PUR_IED_PabloN_Ext_49dc96,PUR_IED_PabloN_Ext_49dc96,,,,,
2026-09-12T09:21:13-05:00,PUR_IED_PabloN_S1102_4e3df5,PUR_IED_PabloN_S1102_4e3df5,,,,,
2026-09-12T09:21:13-05:00,PUR_IED_PabloN_S1103_50c94b,PUR_IED_PabloN_S1103_50c94b,,,,,
2026-09-12T09:21:13-05:00,PUR_IED_Palestina_S1101_db9198,PUR_IED_Palestina_S1101_db9198,,,,,
2026-09-12T09:21:13-05:00,PUR_IED_Palestina_S1102_dc54fa,PUR_IED_Palestina_S1102_dc54fa,,,,,
2026-09-12T09:21:13-05:00,PUR_IED_Palestina_ext_4ccce6,PUR_IED_Palestina_ext_4ccce6,,,,,
2026-09-12T09:21:13-05:00,PUR_IED_Panama_Fisica_4d0794,PUR_IED_Panama_Fisica_4d0794,,,,,
2026-09-12T09:21:13-05:00,PUR_IED_Panama_SIngles_a4077e,PUR_IED_Panama_SIngles_a4077e,,,,,
2026-09-12T09:21:13-05:00,PUR_IED_Panama_ext_4c54b4,PUR_IED_Panama_ext_4c54b4,,,,,
2026-09-12T09:21:13-05:00,PUR_IED_ParaisoM_Exterior_8cd7f0,PUR_IED_ParaisoM_Exterior_8cd7f0,,,,,
2026-09-12T09:21:13-05:00,PUR_IED_ParaisoM_Laborato_27af35,PUR_IED_ParaisoM_Laborato_27af35,,,,,
2026-09-12T09:21:13-05:00,PUR_IED_ParaisoM_S304_d1edca,PUR_IED_ParaisoM_S304_d1edca,,,,,
2026-09-12T09:21:13-05:00,PUR_IED_PorfirioBarba_Ext_301466,PUR_IED_PorfirioBarba_Ext_301466,,,,,
2026-09-12T09:21:13-05:00,PUR_IED_PorfirioBarba_S11_df6cd2,PUR_IED_PorfirioBarba_S11_df6cd2,,,,,
2026-09-12T09:21:13-05:00,PUR_IED_PorfirioBarba_S29_27a7d6,PUR_IED_PorfirioBarba_S29_27a7d6,,,,,
2026-09-12T09:21:13-05:00,PUR_IED_PradoV_Exter_8b27ad,PUR_IED_PradoV_Exter_8b27ad,,,,,
2026-09-12T09:21:13-05:00,PUR_IED_PradoV_S301_de65b5,PUR_IED_PradoV_S301_de65b5,,,,,
2026-09-12T09:21:13-05:00,PUR_IED_PradoV_S302_7d2593,PUR_IED_PradoV_S302_7d2593,,,,,
2026-09-12T09:21:13-05:00,PUR_IED_QuirogaAlz_Ext_1ddc82,PUR_IED_QuirogaAlz_Ext_1ddc82,,,,,
2026-09-12T09:21:13-05:00,PUR_IED_QuirogaAlz_S302_9926a3,PUR_IED_QuirogaAlz_S302_9926a3,,,,,
2026-09-12T09:21:13-05:00,PUR_IED_QuirogaAlz_S305_cdf1f1,PUR_IED_QuirogaAlz_S305_cdf1f1,,,,,
2026-09-12T09:21:13-05:00,PUR_IED_RGuatemala_Biling_dc53b7,PUR_IED_RGuatemala_Biling_dc53b7,,,,,
2026-09-12T09:21:13-05:00,PUR_IED_RGuatemala_Ext_1b89a3,PUR_IED_RGuatemala_Ext_1b89a3,,,,,
2026-09-12T09:21:13-05:00,PUR_IED_RGuatemala_Tecnol_281a34,PUR_IED_RGuatemala_Tecnol_281a34,,,,,
2026-09-12T09:21:13-05:00,PUR_IED_RafaNu_Ext_f7c302,PUR_IED_RafaNu_Ext_f7c302,,,,,
2026-09-12T09:21:13-05:00,PUR_IED_RafaNu_S1101_25fde,PUR_IED_RafaNu_S1101_25fde,,,,,
2026-09-12T09:21:13-05:00,PUR_IED_RafaNu_S1102_281517,PUR_IED_RafaNu_S1102_281517,,,,,
2026-09-12T09:21:13-05:00,PUR_IED_RafaelB_S305_ee2783,PUR_IED_RafaelB_S305_ee2783,,,,,
2026-09-12T09:21:13-05:00,PUR_IED_RafaelB_S306_75fe33,PUR_IED_RafaelB_S306_75fe33,,,,,
2026-09-12T09:21:13-05:00,PUR_IED_RafaelB_ext_283336,PUR_IED_RafaelB_ext_283336,,,,,
2026-09-12T09:21:13-05:00,PUR_IED_RafaelUU_Exterior_281a51,PUR_IED_RafaelUU_Exterior_281a51,,,,,
2026-09-12T09:21:13-05:00,PUR_IED_RafaelUU_Human_806b2,PUR_IED_RafaelUU_Human_806b2,,,,,
2026-09-12T09:21:13-05:00,PUR_IED_RafaelUU_Mate2_5680d4,PUR_IED_RafaelUU_Mate2_5680d4,,,,,
2026-09-12T09:21:13-05:00,PUR_IED_RamonSub_Ext_f9eeb9,PUR_IED_RamonSub_Ext_f9eeb9,,,,,
2026-09-12T09:21:13-05:00,PUR_IED_RamonSub_Media_d1f62f,PUR_IED_RamonSub_Media_d1f62f,,,,,
2026-09-12T09:21:13-05:00,PUR_IED_RamonSub_planta_51b82,PUR_IED_RamonSub_planta_51b82,,,,,
2026-09-12T09:21:13-05:00,PUR_IED_RepBoliVene_Exter_27af7c,PUR_IED_RepBoliVene_Exter_27af7c,,,,,
2026-09-12T09:21:13-05:00,PUR_IED_RepBoliVene_SCPT_5ae2ee,PUR_IED_RepBoliVene_SCPT_5ae2ee,,,,,
2026-09-12T09:21:13-05:00,PUR_IED_RepBoliVene_Socia_4b11d5,PUR_IED_RepBoliVene_Socia_4b11d5,,,,,
2026-09-12T09:21:13-05:00,PUR_IED_RepChina_Ext_76d9ee,PUR_IED_RepChina_Ext_76d9ee,,,,,
2026-09-12T09:21:13-05:00,PUR_IED_RepChina_S404_7c804c,PUR_IED_RepChina_S404_7c804c,,,,,
2026-09-12T09:21:13-05:00,PUR_IED_RepChina_S405_df2c33,PUR_IED_RepChina_S405_df2c33,,,,,
2026-09-12T09:21:13-05:00,PUR_IED_RepublicaC_Exteri_7d1ec9,PUR_IED_RepublicaC_Exteri_7d1ec9,,,,,
2026-09-12T09:21:13-05:00,PUR_IED_RepublicaC_S1101_f544b3,PUR_IED_RepublicaC_S1101_f544b3,,,,,
2026-09-12T09:21:13-05:00,PUR_IED_RepublicaC_S1102_7aafc7,PUR_IED_RepublicaC_S1102_7aafc7,,,,,
2026-09-12T09:21:13-05:00,PUR_IED_Ricaurte_Externo_a0ea1,PUR_IED_Ricaurte_Externo_a0ea1,,,,,
2026-09-12T09:21:13-05:00,PUR_IED_Ricaurte_S210_f546fd,PUR_IED_Ricaurte_S210_f546fd,,,,,
2026-09-12T09:21:13-05:00,PUR_IED_Ricaurte_S309_d4452,PUR_IED_Ricaurte_S309_d4452,,,,,
2026-09-12T09:21:13-05:00,PUR_IED_RogelioS_1102_531e69,PUR_IED_RogelioS_1102_531e69,,,,,
2026-09-12T09:21:13-05:00,PUR_IED_RogelioS_Ext_f25a18,PUR_IED_RogelioS_Ext_f25a18,,,,,
2026-09-12T09:21:13-05:00,PUR_IED_SBernardino_Ext_27aff8,PUR_IED_SBernardino_Ext_27aff8,,,,,
2026-09-12T09:21:13-05:00,PUR_IED_SBernardino_SArte_2ffd33,PUR_IED_SBernardino_SArte_2ffd33,,,,,
2026-09-12T09:21:13-05:00,PUR_IED_SBernardino_SIngl_7c7da5,PUR_IED_SBernardino_SIngl_7c7da5,,,,,
2026-09-12T09:21:13-05:00,PUR_IED_Sago_auditorio_dc9d1d,PUR_IED_Sago_auditorio_dc9d1d,,,,,
2026-09-12T09:21:13-05:00,PUR_IED_Saludcoop_Ext_95aac3,PUR_IED_Saludcoop_Ext_95aac3,,,,,
2026-09-12T09:21:13-05:00,PUR_IED_Saludcoop_InfI_90c854,PUR_IED_Saludcoop_InfI_90c854,,,,,
2026-09-12T09:21:13-05:00,PUR_IED_Saludcoop_SMedia_1b93be,PUR_IED_Saludcoop_SMedia_1b93be,,,,,
2026-09-12T09:21:13-05:00,PUR_IED_SanCarlos_1101_1a2360,PUR_IED_SanCarlos_1101_1a2360,,,,,
2026-09-12T09:21:13-05:00,PUR_IED_SanCarlos_1103_7bafb5,PUR_IED_SanCarlos_1103_7bafb5,,,,,
2026-09-12T09:21:13-05:00,PUR_IED_SanCarlos_Ext_b7cd1,PUR_IED_SanCarlos_Ext_b7cd1,,,,,
2026-09-12T09:21:13-05:00,PUR_IED_SanIgnacioBosa11a_50c26e,PUR_IED_SanIgnacioBosa11a_50c26e,,,,,
2026-09-12T09:21:13-05:00,PUR_IED_SanIgnacioBosa11b_371de8,PUR_IED_SanIgnacioBosa11b_371de8,,,,,
2026-09-12T09:21:13-05:00,PUR_IED_SanIgnacioBosaExt_ef0ffc,PUR_IED_SanIgnacioBosaExt_ef0ffc,,,,,
2026-09-12T09:21:13-05:00,PUR_IED_SanIgnacioBosa_11a_50c26e,PUR_IED_SanIgnacioBosa_11a_50c26e,,,,,
2026-09-12T09:21:13-05:00,PUR_IED_SanIgnacioBosa_Ext_ef0ffc,PUR_IED_SanIgnacioBosa_Ext_ef0ffc,,,,,
2026-09-12T09:21:13-05:00,PUR_IED_SanJoseN_intS1101_31c47f,PUR_IED_SanJoseN_intS1101_31c47f,,,,,
2026-09-12T09:21:13-05:00,PUR_IED_SanJoseUsm_Exter_f5d7e8,PUR_IED_SanJoseUsm_Exter_f5d7e8,,,,,
2026-09-12T09:21:13-05:00,PUR_IED_SanJoseUsm_Int11A_cfdef6,PUR_IED_SanJoseUsm_Int11A_cfdef6,,,,,
2026-09-12T09:21:13-05:00,PUR_IED_SilveriaR_IntB5_905349,PUR_IED_SilveriaR_IntB5_905349,,,,,
2026-09-12T09:21:13-05:00,PUR_IED_SilveriaR_IntSD14_981f93,PUR_IED_SilveriaR_IntSD14_981f93,,,,,
2026-09-12T09:21:13-05:00,PUR_IED_SilveriaR_ext_2b651d,PUR_IED_SilveriaR_ext_2b651d,,,,,
2026-09-12T09:21:13-05:00,PUR_IED_SimonB_Exterior_913975,PUR_IED_SimonB_Exterior_913975,,,,,
2026-09-12T09:21:13-05:00,PUR_IED_SimonB_LabQuimi_c56908,PUR_IED_SimonB_LabQuimi_c56908,,,,,
2026-09-12T09:21:13-05:00,PUR_IED_SimonB_informatic_a28c1,PUR_IED_SimonB_informatic_a28c1,,,,,
2026-09-12T09:21:13-05:00,PUR_IED_Sorrento_1102_315f50,PUR_IED_Sorrento_1102_315f50,,,,,
2026-09-12T09:21:13-05:00,PUR_IED_Sorrento_Minte_214eab,PUR_IED_Sorrento_Minte_214eab,,,,,
2026-09-12T09:21:13-05:00,PUR_IED_Sorrento_ext_7c3a0a,PUR_IED_Sorrento_ext_7c3a0a,,,,,
2026-09-12T09:21:13-05:00,PUR_IED_Tabora_Ext_f048ae,PUR_IED_Tabora_Ext_f048ae,,,,,
2026-09-12T09:21:13-05:00,PUR_IED_Tabora_S1102_b07752,PUR_IED_Tabora_S1102_b07752,,,,,
2026-09-12T09:21:13-05:00,PUR_IED_Tabora_S1103_d988f5,PUR_IED_Tabora_S1103_d988f5,,,,,
2026-09-12T09:21:13-05:00,PUR_IED_Tenerife_Ext_1ab188,PUR_IED_Tenerife_Ext_1ab188,,,,,
2026-09-12T09:21:13-05:00,PUR_IED_Tenerife_SDanzas_7bc02e,PUR_IED_Tenerife_SDanzas_7bc02e,,,,,
2026-09-12T09:21:13-05:00,PUR_IED_Tenerife_SIngles_7cc277,PUR_IED_Tenerife_SIngles_7cc277,,,,,
2026-09-12T09:21:13-05:00,PUR_IED_Tibabuyes_Exter_f2683d,PUR_IED_Tibabuyes_Exter_f2683d,,,,,
2026-09-12T09:21:13-05:00,PUR_IED_Tibabuyes_S10_dc87a8,PUR_IED_Tibabuyes_S10_dc87a8,,,,,
2026-09-12T09:21:13-05:00,PUR_IED_Tibabuyes_S15_dc0526,PUR_IED_Tibabuyes_S15_dc0526,,,,,
2026-09-12T09:21:13-05:00,PUR_IED_UnionE_S301_a1043,PUR_IED_UnionE_S301_a1043,,,,,
2026-09-12T09:21:13-05:00,PUR_IED_UnionE_S307_ff6c2f,PUR_IED_UnionE_S307_ff6c2f,,,,,
2026-09-12T09:21:13-05:00,PUR_IED_UnionE__Ext_5e2468,PUR_IED_UnionE__Ext_5e2468,,,,,
2026-09-12T09:21:13-05:00,PUR_IED_VillaRica_Ext_75be7c,PUR_IED_VillaRica_Ext_75be7c,,,,,
2026-09-12T09:21:13-05:00,PUR_IED_VillaRica_S4_cc5dcd,PUR_IED_VillaRica_S4_cc5dcd,,,,,
2026-09-12T09:21:13-05:00,PUR_IED_VillaRica_Sesp_99f5c,PUR_IED_VillaRica_Sesp_99f5c,,,,,
2026-09-12T09:26:09-05:00,PUR_IED_20deJulio_1101_91b1b9,PUR_IED_20deJulio_1101_91b1b9,,,,,
2026-09-12T09:26:09-05:00,PUR_IED_20deJulio_1102_1cfcf9,PUR_IED_20deJulio_1102_1cfcf9,,,,,
2026-09-12T09:26:09-05:00,PUR_IED_20deJulio_Ext_ab60bd,PUR_IED_20deJulio_Ext_ab60bd,,,,,
2026-09-12T09:26:09-05:00,PUR_IED_AgustinFer_Ext_7b9b77,PUR_IED_AgustinFer_Ext_7b9b77,,,,,
2026-09-12T09:26:09-05:00,PUR_IED_AgustinFer_Info2_27b3a7,PUR_IED_AgustinFer_Info2_27b3a7,,,,,
2026-09-12T09:26:09-05:00,PUR_IED_AgustinFer_Sena_54b4eb,PUR_IED_AgustinFer_Sena_54b4eb,,,,,
2026-09-12T09:26:09-05:00,PUR_IED_AlexanderF_1102_caf07b,PUR_IED_AlexanderF_1102_caf07b,,,,,
2026-09-12T09:26:09-05:00,PUR_IED_AlexanderF_1103_c79e71,PUR_IED_AlexanderF_1103_c79e71,,,,,
2026-09-12T09:26:09-05:00,PUR_IED_AlexanderF_Ext_c5b18b,PUR_IED_AlexanderF_Ext_c5b18b,,,,,
2026-09-12T09:26:09-05:00,PUR_IED_AlfonsoLopez_Ext_281d77,PUR_IED_AlfonsoLopez_Ext_281d77,,,,,
2026-09-12T09:26:09-05:00,PUR_IED_AlfonsoLopez_LabF_888ce0,PUR_IED_AlfonsoLopez_LabF_888ce0,,,,,
2026-09-12T09:26:09-05:00,PUR_IED_AlfonsoLopez_SMed_df6a7f,PUR_IED_AlfonsoLopez_SMed_df6a7f,,,,,
2026-09-12T09:26:09-05:00,PUR_IED_AltamiraSO_A2_209f92,PUR_IED_AltamiraSO_A2_209f92,,,,,
2026-09-12T09:26:09-05:00,PUR_IED_AltamiraSO_Ext_186d66,PUR_IED_AltamiraSO_Ext_186d66,,,,,
2026-09-12T09:26:09-05:00,PUR_IED_AltamiraSO_Sistem_27afe1,PUR_IED_AltamiraSO_Sistem_27afe1,,,,,
2026-09-12T09:26:09-05:00,PUR_IED_AlvaroGom_LabQuim_813179,PUR_IED_AlvaroGom_LabQuim_813179,,,,,
2026-09-12T09:26:09-05:00,PUR_IED_AlvaroGomez_Ext_47c7ca,PUR_IED_AlvaroGomez_Ext_47c7ca,,,,,
2026-09-12T09:26:09-05:00,PUR_IED_AlvaroGomez_LabQuim_813179,PUR_IED_AlvaroGomez_LabQuim_813179,,,,,
2026-09-12T09:26:09-05:00,PUR_IED_AlvaroGomez_S23_7ba89f,PUR_IED_AlvaroGomez_S23_7ba89f,,,,,
2026-09-12T09:26:09-05:00,PUR_IED_Amistad_306_dc8728,PUR_IED_Amistad_306_dc8728,,,,,
2026-09-12T09:26:09-05:00,PUR_IED_Amistad_Ext_8cd55e,PUR_IED_Amistad_Ext_8cd55e,,,,,
2026-09-12T09:26:09-05:00,PUR_IED_Amistad_S202_a41169,PUR_IED_Amistad_S202_a41169,,,,,
2026-09-12T09:26:09-05:00,PUR_IED_AndresBello_Bio_fd5f5e,PUR_IED_AndresBello_Bio_fd5f5e,,,,,
2026-09-12T09:26:09-05:00,PUR_IED_AndresBello_ext_dcad65,PUR_IED_AndresBello_ext_dcad65,,,,,
2026-09-12T09:26:09-05:00,PUR_IED_AndresBello_port_eed3ec,PUR_IED_AndresBello_port_eed3ec,,,,,
2026-09-12T09:26:09-05:00,PUR_IED_AngelaR_11b_d90a6b,PUR_IED_AngelaR_11b_d90a6b,,,,,
2026-09-12T09:26:09-05:00,PUR_IED_AngelaR_ext_7cad3e,PUR_IED_AngelaR_ext_7cad3e,,,,,
2026-09-12T09:26:09-05:00,PUR_IED_AntJoseSucre_10mo_df2575,PUR_IED_AntJoseSucre_10mo_df2575,,,,,
2026-09-12T09:26:09-05:00,PUR_IED_AntJoseSucre_Ext_215b36,PUR_IED_AntJoseSucre_Ext_215b36,,,,,
2026-09-12T09:26:09-05:00,PUR_IED_AntJoseSucre_Lab_3139de,PUR_IED_AntJoseSucre_Lab_3139de,,,,,
2026-09-12T09:26:09-05:00,PUR_IED_AntonioGarcia_301_d6b188,PUR_IED_AntonioGarcia_301_d6b188,,,,,
2026-09-12T09:26:09-05:00,PUR_IED_AntonioGarcia_302_88a82,PUR_IED_AntonioGarcia_302_88a82,,,,,
2026-09-12T09:26:09-05:00,PUR_IED_AntonioGarcia_Ext_20950c,PUR_IED_AntonioGarcia_Ext_20950c,,,,,
2026-09-12T09:26:09-05:00,PUR_IED_AntonioVan_Aula2_6dea02,PUR_IED_AntonioVan_Aula2_6dea02,,,,,
2026-09-12T09:26:09-05:00,PUR_IED_AntonioVan_Aula5_f1557e,PUR_IED_AntonioVan_Aula5_f1557e,,,,,
2026-09-12T09:26:09-05:00,PUR_IED_AntonioVan_Ext_406f2f,PUR_IED_AntonioVan_Ext_406f2f,,,,,
2026-09-12T09:26:09-05:00,PUR_IED_Atabanzha_Ext_cc5af9,PUR_IED_Atabanzha_Ext_cc5af9,,,,,
2026-09-12T09:26:09-05:00,PUR_IED_Atabanzha_SA101_56c37,PUR_IED_Atabanzha_SA101_56c37,,,,,
2026-09-12T09:26:09-05:00,PUR_IED_Atabanzha_SB302_27b374,PUR_IED_Atabanzha_SB302_27b374,,,,,
2026-09-12T09:26:09-05:00,PUR_IED_Atahualpa_Ext_fc1748,PUR_IED_Atahualpa_Ext_fc1748,,,,,
2026-09-12T09:26:09-05:00,PUR_IED_Atahualpa_Informa_dc9a95,PUR_IED_Atahualpa_Informa_dc9a95,,,,,
2026-09-12T09:26:09-05:00,PUR_IED_Atahualpa_S1101_f98056,PUR_IED_Atahualpa_S1101_f98056,,,,,
2026-09-12T09:26:09-05:00,PUR_IED_Bellavista_Ext_f5aa74,PUR_IED_Bellavista_Ext_f5aa74,,,,,
2026-09-12T09:26:09-05:00,PUR_IED_Bilbao_11A_916c41,PUR_IED_Bilbao_11A_916c41,,,,,
2026-09-12T09:26:09-05:00,PUR_IED_Bilbao_Ext_fb579a,PUR_IED_Bilbao_Ext_fb579a,,,,,
2026-09-12T09:26:09-05:00,PUR_IED_BrasiliaU_A125_304280,PUR_IED_BrasiliaU_A125_304280,,,,,
2026-09-12T09:26:09-05:00,PUR_IED_BrasiliaU_A203_7c8ca5,PUR_IED_BrasiliaU_A203_7c8ca5,,,,,
2026-09-12T09:26:09-05:00,PUR_IED_BrasiliaU_Ext_8d6e9f,PUR_IED_BrasiliaU_Ext_8d6e9f,,,,,
2026-09-12T09:26:09-05:00,PUR_IED_Brasilia_Ext_fe6593,PUR_IED_Brasilia_Ext_fe6593,,,,,
2026-09-12T09:26:09-05:00,PUR_IED_Brasilia_S24_7c130d,PUR_IED_Brasilia_S24_7c130d,,,,,
2026-09-12T09:26:09-05:00,PUR_IED_Brasilia_S501_186a54,PUR_IED_Brasilia_S501_186a54,,,,,
2026-09-12T09:26:09-05:00,PUR_IED_CHARRY_EXT_f1d5cd,PUR_IED_CHARRY_EXT_f1d5cd,,,,,
2026-09-12T09:26:09-05:00,PUR_IED_CHARRY_INTDANZAS_7a08e6,PUR_IED_CHARRY_INTDANZAS_7a08e6,,,,,
2026-09-12T09:26:09-05:00,PUR_IED_CHARRY_INT_AULA20_dc998d,PUR_IED_CHARRY_INT_AULA20_dc998d,,,,,
2026-09-12T09:26:09-05:00,PUR_IED_COLVIV_1101_S25_7f520a,PUR_IED_COLVIV_1101_S25_7f520a,,,,,
2026-09-12T09:26:09-05:00,PUR_IED_COLVIV_1102_S16_f570ba,PUR_IED_COLVIV_1102_S16_f570ba,,,,,
2026-09-12T09:26:09-05:00,PUR_IED_COLVIV_Ext_1a26fa,PUR_IED_COLVIV_Ext_1a26fa,,,,,
2026-09-12T09:26:09-05:00,PUR_IED_CULPOP_301A_f660f3,PUR_IED_CULPOP_301A_f660f3,,,,,
2026-09-12T09:26:09-05:00,PUR_IED_CULPOP_303_568afe,PUR_IED_CULPOP_303_568afe,,,,,
2026-09-12T09:26:09-05:00,PUR_IED_CULPOP_Ext_e02ccb,PUR_IED_CULPOP_Ext_e02ccb,,,,,
2026-09-12T09:26:09-05:00,PUR_IED_CVillavicen_Ext_26eb58,PUR_IED_CVillavicen_Ext_26eb58,5,16,80,4.487,-74.102798
2026-09-12T09:26:09-05:00,PUR_IED_CVillavicen_Intel_1ce5c2,PUR_IED_CVillavicen_Intel_1ce5c2,,,,,
2026-09-12T09:26:09-05:00,PUR_IED_CVillavicen_Poliv_e0766c,PUR_IED_CVillavicen_Poliv_e0766c,,,,,
2026-09-12T09:26:09-05:00,PUR_IED_CVillavicen_int_1ba140,PUR_IED_CVillavicen_int_1ba140,,,,,
2026-09-12T09:26:09-05:00,PUR_IED_CVillavicen_intel_1ba140,PUR_IED_CVillavicen_intel_1ba140,,,,,
2026-09-12T09:26:09-05:00,PUR_IED_CarlosPizarro_Ext_e307cc,PUR_IED_CarlosPizarro_Ext_e307cc,,,,,
2026-09-12T09:26:09-05:00,PUR_IED_CarlosPizarro_L36_7e5cdb,PUR_IED_CarlosPizarro_L36_7e5cdb,,,,,
2026-09-12T09:26:09-05:00,PUR_IED_CarlosPizarro_L37_c8566c,PUR_IED_CarlosPizarro_L37_c8566c,,,,,
2026-09-12T09:26:09-05:00,PUR_IED_Castilla_Ext_cf35f,PUR_IED_Castilla_Ext_cf35f,,,,,
2026-09-12T09:26:09-05:00,PUR_IED_Castilla_SFisik_360e38,PUR_IED_Castilla_SFisik_360e38,,,,,
2026-09-12T09:26:09-05:00,PUR_IED_Castilla_Sc304_496fbf,PUR_IED_Castilla_Sc304_496fbf,,,,,
2026-09-12T09:26:09-05:00,PUR_IED_CervantesSa_Ext_6b57b,PUR_IED_CervantesSa_Ext_6b57b,3,18,75,4.5128,-74.117203
2026-09-12T09:26:09-05:00,PUR_IED_CervantesSa_S107_225c2b,PUR_IED_CervantesSa_S107_225c2b,,,,,
2026-09-12T09:26:09-05:00,PUR_IED_CervantesSa_S108_940925,PUR_IED_CervantesSa_S108_940925,,,,,
2026-09-12T09:26:09-05:00,PUR_IED_Charry_A20_f53e7c,PUR_IED_Charry_A20_f53e7c,,,,,
2026-09-12T09:26:09-05:00,PUR_IED_Charry_Ext_f1d5cd,PUR_IED_Charry_Ext_f1d5cd,,,,,
2026-09-12T09:26:09-05:00,PUR_IED_Charry_IntAula20_dc998d,PUR_IED_Charry_IntAula20_dc998d,,,,,
2026-09-12T09:26:09-05:00,PUR_IED_Charry_IntDanzas_7a08e6,PUR_IED_Charry_IntDanzas_7a08e6,,,,,
2026-09-12T09:26:09-05:00,PUR_IED_ClememciaC_203_43e2fc,PUR_IED_ClememciaC_203_43e2fc,,,,,
2026-09-12T09:26:09-05:00,PUR_IED_ClememciaC_Ext_1b411a,PUR_IED_ClememciaC_Ext_1b411a,,,,,
2026-09-12T09:26:09-05:00,PUR_IED_ClememciaC_Quimic_44b5fc,PUR_IED_ClememciaC_Quimic_44b5fc,,,,,
2026-09-12T09:26:09-05:00,PUR_IED_ClemenciaC_203_43e2fc,PUR_IED_ClemenciaC_203_43e2fc,,,,,
2026-09-12T09:26:09-05:00,PUR_IED_ClemenciaC_Ext_1b411a,PUR_IED_ClemenciaC_Ext_1b411a,,,,,
2026-09-12T09:26:09-05:00,PUR_IED_ClemenciaC_Quimic_44b5fc,PUR_IED_ClemenciaC_Quimic_44b5fc,,,,,
2026-09-12T09:26:09-05:00,PUR_IED_ColViva_1101_S25_7f520a,PUR_IED_ColViva_1101_S25_7f520a,,,,,
2026-09-12T09:26:09-05:00,PUR_IED_ColViva_1102_S16_f570ba,PUR_IED_ColViva_1102_S16_f570ba,,,,,
2026-09-12T09:26:09-05:00,PUR_IED_ColViva_Ext_1a26fa,PUR_IED_ColViva_Ext_1a26fa,,,,,
2026-09-12T09:26:09-05:00,PUR_IED_ColegioBici_Asist_7c8798,PUR_IED_ColegioBici_Asist_7c8798,,,,,
2026-09-12T09:26:09-05:00,PUR_IED_ColegioBici_Ext_25cbf6,PUR_IED_ColegioBici_Ext_25cbf6,,,,,
2026-09-12T09:26:09-05:00,PUR_IED_ColegioBici_LabQ_7b57db,PUR_IED_ColegioBici_LabQ_7b57db,,,,,
2026-09-12T09:26:09-05:00,PUR_IED_CostaRica_Ext_5e640,PUR_IED_CostaRica_Ext_5e640,,,,,
2026-09-12T09:26:09-05:00,PUR_IED_CostaRica_Quim1_766d1c,PUR_IED_CostaRica_Quim1_766d1c,,,,,
2026-09-12T09:26:09-05:00,PUR_IED_CostaRica__Fisica_6f0873,PUR_IED_CostaRica__Fisica_6f0873,,,,,
2026-09-12T09:26:09-05:00,PUR_IED_CulPopu_301A_f660f3,PUR_IED_CulPopu_301A_f660f3,,,,,
2026-09-12T09:26:09-05:00,PUR_IED_CulPopu_303_568afe,PUR_IED_CulPopu_303_568afe,,,,,
2026-09-12T09:26:09-05:00,PUR_IED_CulPopu_Ext_e02ccb,PUR_IED_CulPopu_Ext_e02ccb,,,,,
2026-09-12T09:26:09-05:00,PUR_IED_Cundinamarca_Ext_f15985,PUR_IED_Cundinamarca_Ext_f15985,,,,,
2026-09-12T09:26:09-05:00,PUR_IED_Cundinamarca_Info_7aa5d7,PUR_IED_Cundinamarca_Info_7aa5d7,,,,,
2026-09-12T09:26:09-05:00,PUR_IED_Cundinamarca_Tec2_f449c7,PUR_IED_Cundinamarca_Tec2_f449c7,,,,,
2026-09-12T09:26:09-05:00,PUR_IED_DiegoM_Aula1_27b314,PUR_IED_DiegoM_Aula1_27b314,,,,,
2026-09-12T09:26:09-05:00,PUR_IED_DiegoM_Ext_d80ac8,PUR_IED_DiegoM_Ext_d80ac8,,,,,
2026-09-12T09:26:09-05:00,PUR_IED_DiegoM_S25_da928f,PUR_IED_DiegoM_S25_da928f,,,,,
2026-09-12T09:26:09-05:00,PUR_IED_ELRODEO_360881,PUR_IED_ELRODEO_360881,,,,,
2026-09-12T09:26:09-05:00,PUR_IED_ELRODEO_ext_360881,PUR_IED_ELRODEO_ext_360881,,,,,
2026-09-12T09:26:09-05:00,PUR_IED_EduardoU_Ext_1c1969,PUR_IED_EduardoU_Ext_1c1969,,,,,
2026-09-12T09:26:09-05:00,PUR_IED_EduardoU_SCiencia_4dfb94,PUR_IED_EduardoU_SCiencia_4dfb94,,,,,
2026-09-12T09:26:09-05:00,PUR_IED_EduardoU_SQuimica_5a46e7,PUR_IED_EduardoU_SQuimica_5a46e7,,,,,
2026-09-12T09:26:09-05:00,PUR_IED_ElRodeo_Aula14_676984,PUR_IED_ElRodeo_Aula14_676984,,,,,
2026-09-12T09:26:09-05:00,PUR_IED_ElRodeo_Aula16_2dd35b,PUR_IED_ElRodeo_Aula16_2dd35b,,,,,
2026-09-12T09:26:09-05:00,PUR_IED_ElRodeo_Ext_360881,PUR_IED_ElRodeo_Ext_360881,,,,,
2026-09-12T09:26:09-05:00,PUR_IED_ElRodeo_Exterior_8c6d28,PUR_IED_ElRodeo_Exterior_8c6d28,,,,,
2026-09-12T09:26:09-05:00,PUR_IED_ElRodeo_ext_360881,PUR_IED_ElRodeo_ext_360881,,,,,
2026-09-12T09:26:09-05:00,PUR_IED_EmmaReyes_Ext_987625,PUR_IED_EmmaReyes_Ext_987625,4,21,53,4.6367,-74.1511
2026-09-12T09:26:09-05:00,PUR_IED_Ensueño_Ext_7f0250,PUR_IED_Ensueño_Ext_7f0250,,,,,
2026-09-12T09:26:09-05:00,PUR_IED_EscNormal_Ext_5fef3b,PUR_IED_EscNormal_Ext_5fef3b,2,20,58,4.5852,-74.096901
2026-09-12T09:26:09-05:00,PUR_IED_EscNormal_S309_5b263,PUR_IED_EscNormal_S309_5b263,,,,,
2026-09-12T09:26:09-05:00,PUR_IED_EscNormal_S310_27b3b8,PUR_IED_EscNormal_S310_27b3b8,,,,,
2026-09-12T09:26:09-05:00,PUR_IED_Evangelista_Conta_f6cd4f,PUR_IED_Evangelista_Conta_f6cd4f,,,,,
2026-09-12T09:26:09-05:00,PUR_IED_Evangelista_Cri_5e16a,PUR_IED_Evangelista_Cri_5e16a,,,,,
2026-09-12T09:26:09-05:00,PUR_IED_Evangelista_Exter_754066,PUR_IED_Evangelista_Exter_754066,,,,,
2026-09-12T09:26:09-05:00,PUR_IED_FMiranda_S209_5cc2a3,PUR_IED_FMiranda_S209_5cc2a3,,,,,
2026-09-12T09:26:09-05:00,PUR_IED_FMiranda_S303_19e344,PUR_IED_FMiranda_S303_19e344,,,,,
2026-09-12T09:26:09-05:00,PUR_IED_FMiranda_ext_f53e7c,PUR_IED_FMiranda_ext_f53e7c,,,,,
2026-09-12T09:26:09-05:00,PUR_IED_FabioLozano_Bibli_1cee05,PUR_IED_FabioLozano_Bibli_1cee05,,,,,
2026-09-12T09:26:09-05:00,PUR_IED_FabioLozano_Ext_6ea285,PUR_IED_FabioLozano_Ext_6ea285,,,,,
2026-09-12T09:26:09-05:00,PUR_IED_FabioLozano_SLudi_f09e1e,PUR_IED_FabioLozano_SLudi_f09e1e,,,,,
2026-09-12T09:26:09-05:00,PUR_IED_FaustinoS_Aula07_27a731,PUR_IED_FaustinoS_Aula07_27a731,,,,,
2026-09-12T09:26:09-05:00,PUR_IED_FaustinoS_Ext_7b936f,PUR_IED_FaustinoS_Ext_7b936f,,,,,
2026-09-12T09:26:09-05:00,PUR_IED_FaustinoS_Fisica_da2c60,PUR_IED_FaustinoS_Fisica_da2c60,,,,,
2026-09-12T09:26:09-05:00,PUR_IED_FeGarciaLo_Ext_dc68ee,PUR_IED_FeGarciaLo_Ext_dc68ee,,,,,
2026-09-12T09:26:09-05:00,PUR_IED_FeGarciaLo_SDanza_f70a59,PUR_IED_FeGarciaLo_SDanza_f70a59,,,,,
2026-09-12T09:26:09-05:00,PUR_IED_FeGarciaLo_SMusic_125cdd,PUR_IED_FeGarciaLo_SMusic_125cdd,,,,,
2026-09-12T09:26:09-05:00,PUR_IED_FederalAlema_Exte_50c345,PUR_IED_FederalAlema_Exte_50c345,,,,,
2026-09-12T09:26:09-05:00,PUR_IED_FederalAlema_S31_f18371,PUR_IED_FederalAlema_S31_f18371,,,,,
2026-09-12T09:26:09-05:00,PUR_IED_FederalAlema_S901_a62cd,PUR_IED_FederalAlema_S901_a62cd,,,,,
2026-09-12T09:26:09-05:00,PUR_IED_FilarmonicaS_A5_f35eb1,PUR_IED_FilarmonicaS_A5_f35eb1,,,,,
2026-09-12T09:26:09-05:00,PUR_IED_FilarmonicaS_Ext_8a3bde,PUR_IED_FilarmonicaS_Ext_8a3bde,,,,,
2026-09-12T09:26:09-05:00,PUR_IED_FilarmonicaS_Spol_406114,PUR_IED_FilarmonicaS_Spol_406114,,,,,
2026-09-12T09:26:09-05:00,PUR_IED_FlorentinoG_A13_d1fa59,PUR_IED_FlorentinoG_A13_d1fa59,,,,,
2026-09-12T09:26:09-05:00,PUR_IED_FlorentinoG_Ext_1ce6ce,PUR_IED_FlorentinoG_Ext_1ce6ce,,,,,
2026-09-12T09:26:09-05:00,PUR_IED_FlorentinoG_Idiom_a66aac,PUR_IED_FlorentinoG_Idiom_a66aac,,,,,
2026-09-12T09:26:09-05:00,PUR_IED_FranciscoMati_Ext_e3869d,PUR_IED_FranciscoMati_Ext_e3869d,,,,,
2026-09-12T09:26:09-05:00,PUR_IED_FranciscoMati_S13_f31c67,PUR_IED_FranciscoMati_S13_f31c67,,,,,
2026-09-12T09:26:09-05:00,PUR_IED_FranciscoMati_S14_97dead,PUR_IED_FranciscoMati_S14_97dead,,,,,
2026-09-12T09:26:09-05:00,PUR_IED_FranciscoPS_Ext_7bfa9a,PUR_IED_FranciscoPS_Ext_7bfa9a,2,21,58,4.5899,-74.110397
2026-09-12T09:26:09-05:00,PUR_IED_FranciscoPS_Infor_fb8f4c,PUR_IED_FranciscoPS_Infor_fb8f4c,,,,,
2026-09-12T09:26:09-05:00,PUR_IED_FranciscoPS_Quimi_94d39c,PUR_IED_FranciscoPS_Quimi_94d39c,,,,,
2026-09-12T09:26:09-05:00,PUR_IED_FranciscoP_LabQ_d7e148,PUR_IED_FranciscoP_LabQ_d7e148,,,,,
2026-09-12T09:26:09-05:00,PUR_IED_FranciscoP_S28_cf9b30,PUR_IED_FranciscoP_S28_cf9b30,,,,,
2026-09-12T09:26:09-05:00,PUR_IED_FranciscoP_ext_e2313,PUR_IED_FranciscoP_ext_e2313,,,,,
2026-09-12T09:26:09-05:00,PUR_IED_FriederichN_Ext_8ac92a,PUR_IED_FriederichN_Ext_8ac92a,,,,,
2026-09-12T09:26:09-05:00,PUR_IED_FriederichN_S301_dd7e5a,PUR_IED_FriederichN_S301_dd7e5a,,,,,
2026-09-12T09:26:09-05:00,PUR_IED_FriederichN_S308_761f4f,PUR_IED_FriederichN_S308_761f4f,,,,,
2026-09-12T09:26:09-05:00,PUR_IED_GSantander_Aula10_533dd7,PUR_IED_GSantander_Aula10_533dd7,,,,,
2026-09-12T09:26:09-05:00,PUR_IED_GSantander_Aula12_fd4e4f,PUR_IED_GSantander_Aula12_fd4e4f,,,,,
2026-09-12T09:26:09-05:00,PUR_IED_GSantander_Aula310_533dd7,PUR_IED_GSantander_Aula310_533dd7,,,,,
2026-09-12T09:26:09-05:00,PUR_IED_GSantander_Aula312_fd4e4f,PUR_IED_GSantander_Aula312_fd4e4f,,,,,
2026-09-12T09:26:09-05:00,PUR_IED_GSantander_Ext_5f66b0,PUR_IED_GSantander_Ext_5f66b0,,,,,
2026-09-12T09:26:09-05:00,PUR_IED_GYomasa_Ext_f6bea5,PUR_IED_GYomasa_Ext_f6bea5,,,,,
2026-09-12T09:26:09-05:00,PUR_IED_GYomasa_LBiol_2c41aa,PUR_IED_GYomasa_LBiol_2c41aa,,,,,
2026-09-12T09:26:09-05:00,PUR_IED_GYomasa_LQuim_33c80,PUR_IED_GYomasa_LQuim_33c80,,,,,
2026-09-12T09:26:09-05:00,PUR_IED_GabBetMejia_Cienc_5a99c,PUR_IED_GabBetMejia_Cienc_5a99c,,,,,
2026-09-12T09:26:09-05:00,PUR_IED_GabBetMejia_Ext_9153d0,PUR_IED_GabBetMejia_Ext_9153d0,,,,,
2026-09-12T09:26:09-05:00,PUR_IED_GabBetMejia_Lab_f55347,PUR_IED_GabBetMejia_Lab_f55347,,,,,
2026-09-12T09:26:09-05:00,PUR_IED_GabBetanMejia_Ext_9153d0,PUR_IED_GabBetanMejia_Ext_9153d0,,,,,
2026-09-12T09:26:09-05:00,PUR_IED_Gaitana_Aula13_7aac11,PUR_IED_Gaitana_Aula13_7aac11,,,,,
2026-09-12T09:26:09-05:00,PUR_IED_Gaitana_Ext_5fcf4,PUR_IED_Gaitana_Ext_5fcf4,,,,,
2026-09-12T09:26:09-05:00,PUR_IED_Gaitana_LabFisica_644448,PUR_IED_Gaitana_LabFisica_644448,,,,,
2026-09-12T09:26:09-05:00,PUR_IED_GenSantander_Dise_8ac858,PUR_IED_GenSantander_Dise_8ac858,,,,,
2026-09-12T09:26:09-05:00,PUR_IED_GenSantander_Ext_8d5dfe,PUR_IED_GenSantander_Ext_8d5dfe,,,,,
2026-09-12T09:26:09-05:00,PUR_IED_GenSantander_Info_6c25b,PUR_IED_GenSantander_Info_6c25b,,,,,
2026-09-12T09:26:09-05:00,PUR_IED_GustavoMo_Exterio_75e63d,PUR_IED_GustavoMo_Exterio_75e63d,,,,,
2026-09-12T09:26:09-05:00,PUR_IED_GustavoMo_LabFisi_224d37,PUR_IED_GustavoMo_LabFisi_224d37,,,,,
2026-09-12T09:26:09-05:00,PUR_IED_GustavoMo_S208_3e6918,PUR_IED_GustavoMo_S208_3e6918,,,,,
2026-09-12T09:26:09-05:00,PUR_IED_GustavoR_A02_8cd4a8,PUR_IED_GustavoR_A02_8cd4a8,,,,,
2026-09-12T09:26:09-05:00,PUR_IED_GustavoR_B11_5b0ed,PUR_IED_GustavoR_B11_5b0ed,,,,,
2026-09-12T09:26:09-05:00,PUR_IED_GustavoR_Ext_7a0c90,PUR_IED_GustavoR_Ext_7a0c90,,,,,
2026-09-12T09:26:09-05:00,PUR_IED_HernandoDuran_Ext_8cd82b,PUR_IED_HernandoDuran_Ext_8cd82b,,,,,
2026-09-12T09:26:09-05:00,PUR_IED_HernandoDuran_S24_2772c6,PUR_IED_HernandoDuran_S24_2772c6,,,,,
2026-09-12T09:26:09-05:00,PUR_IED_HernandoDuran_S30_f2de41,PUR_IED_HernandoDuran_S30_f2de41,,,,,
2026-09-12T09:26:09-05:00,PUR_IED_HolguInUr_S1101_8cd732,PUR_IED_HolguInUr_S1101_8cd732,,,,,
2026-09-12T09:26:09-05:00,PUR_IED_HolguinUr_Exter_ddae6d,PUR_IED_HolguinUr_Exter_ddae6d,,,,,
2026-09-12T09:26:09-05:00,PUR_IED_HolguinUr_LabQuim_92b952,PUR_IED_HolguinUr_LabQuim_92b952,,,,,
2026-09-12T09:26:09-05:00,PUR_IED_Isabel-II_Ext_5245cc,PUR_IED_Isabel-II_Ext_5245cc,2,18,60,4.6336,-74.153
2026-09-12T09:26:09-05:00,PUR_IED_Isabel-II_S_idiom_1c29aa,PUR_IED_Isabel-II_S_idiom_1c29aa,,,,,
2026-09-12T09:26:09-05:00,PUR_IED_Isabel-II_S_infor_fd741,PUR_IED_Isabel-II_S_infor_fd741,,,,,
2026-09-12T09:26:09-05:00,PUR_IED_IsidroSur_Exterio_5b90ea,PUR_IED_IsidroSur_Exterio_5b90ea,,,,,
2026-09-12T09:26:09-05:00,PUR_IED_IsidroSur_LabTec_56697a,PUR_IED_IsidroSur_LabTec_56697a,,,,,
2026-09-12T09:26:09-05:00,PUR_IED_IsidroSur_Robotic_b7c38f,PUR_IED_IsidroSur_Robotic_b7c38f,,,,,
2026-09-12T09:26:09-05:00,PUR_IED_IsmaelPerd_Ext_7b6672,PUR_IED_IsmaelPerd_Ext_7b6672,,,,,
2026-09-12T09:26:09-05:00,PUR_IED_IsmaelPerd_Inform_306540,PUR_IED_IsmaelPerd_Inform_306540,,,,,
2026-09-12T09:26:09-05:00,PUR_IED_IsmaelPerd_S30_2e2c83,PUR_IED_IsmaelPerd_S30_2e2c83,,,,,
2026-09-12T09:26:09-05:00,PUR_IED_JLozano_Exter_432910,PUR_IED_JLozano_Exter_432910,,,,,
2026-09-12T09:26:09-05:00,PUR_IED_JLozano_salaMulti_df5125,PUR_IED_JLozano_salaMulti_df5125,,,,,
2026-09-12T09:26:09-05:00,PUR_IED_JMCordoba_206_86f80b,PUR_IED_JMCordoba_206_86f80b,,,,,
2026-09-12T09:26:09-05:00,PUR_IED_JMCordoba_Ext_27ad97,PUR_IED_JMCordoba_Ext_27ad97,,,,,
2026-09-12T09:26:09-05:00,PUR_IED_JMCordoba_S310_d59ab4,PUR_IED_JMCordoba_S310_d59ab4,,,,,
2026-09-12T09:26:09-05:00,PUR_IED_Japon_Ext_549100,PUR_IED_Japon_Ext_549100,,,,,
2026-09-12T09:26:09-05:00,PUR_IED_Japon_Laboratorio_bec51d,PUR_IED_Japon_Laboratorio_bec51d,,,,,
2026-09-12T09:26:09-05:00,PUR_IED_Japon_informatica_d99327,PUR_IED_Japon_informatica_d99327,,,,,
2026-09-12T09:26:09-05:00,PUR_IED_Jazmin_Ext_d27bda,PUR_IED_Jazmin_Ext_d27bda,,,,,
2026-09-12T09:26:09-05:00,PUR_IED_Jazmin_Fisica_8d14d7,PUR_IED_Jazmin_Fisica_8d14d7,,,,,
2026-09-12T09:26:09-05:00,PUR_IED_Jazmin_Quimica_801cb5,PUR_IED_Jazmin_Quimica_801cb5,,,,,
2026-09-12T09:26:09-05:00,PUR_IED_JorgeGaitan_Exter_f098d1,PUR_IED_JorgeGaitan_Exter_f098d1,,,,,
2026-09-12T09:26:09-05:00,PUR_IED_JorgeGaitan_STec1_dc9d1d,PUR_IED_JorgeGaitan_STec1_dc9d1d,,,,,
2026-09-12T09:26:09-05:00,PUR_IED_JorgeGaitan_STec2_281e69,PUR_IED_JorgeGaitan_STec2_281e69,,,,,
2026-09-12T09:26:09-05:00,PUR_IED_JorgeSoto_Exterio_d9d0a2,PUR_IED_JorgeSoto_Exterio_d9d0a2,,,,,
2026-09-12T09:26:09-05:00,PUR_IED_JorgeSoto_LabFisi_209c54,PUR_IED_JorgeSoto_LabFisi_209c54,,,,,
2026-09-12T09:26:09-05:00,PUR_IED_JorgeSoto_S103_27b51a,PUR_IED_JorgeSoto_S103_27b51a,,,,,
2026-09-12T09:26:09-05:00,PUR_IED_JoseAcevedo_A02_e965eb,PUR_IED_JoseAcevedo_A02_e965eb,,,,,
2026-09-12T09:26:09-05:00,PUR_IED_JoseAcevedo_A07_dd5b4,PUR_IED_JoseAcevedo_A07_dd5b4,,,,,
2026-09-12T09:26:09-05:00,PUR_IED_JoseAcevedo_Ext_b47484,PUR_IED_JoseAcevedo_Ext_b47484,,,,,
2026-09-12T09:26:09-05:00,PUR_IED_JoseMarti_Exte_5b9bf,PUR_IED_JoseMarti_Exte_5b9bf,,,,,
2026-09-12T09:26:09-05:00,PUR_IED_JoseMarti_LabQuim_1c6c2d,PUR_IED_JoseMarti_LabQuim_1c6c2d,,,,,
2026-09-12T09:26:09-05:00,PUR_IED_JoseMarti_S_info_f5f177,PUR_IED_JoseMarti_S_info_f5f177,,,,,
2026-09-12T09:26:09-05:00,PUR_IED_Josejoaquin_Ext_dfc5dc,PUR_IED_Josejoaquin_Ext_dfc5dc,,,,,
2026-09-12T09:26:09-05:00,PUR_IED_Josejoaquin_S05_5b2a96,PUR_IED_Josejoaquin_S05_5b2a96,,,,,
2026-09-12T09:26:09-05:00,PUR_IED_Josejoaquin_S06_1ce7d2,PUR_IED_Josejoaquin_S06_1ce7d2,,,,,
2026-09-12T09:26:09-05:00,PUR_IED_JulioFlorez_Danza_9b82dd,PUR_IED_JulioFlorez_Danza_9b82dd,,,,,
2026-09-12T09:26:09-05:00,PUR_IED_JulioFlorez_Exter_f9f314,PUR_IED_JulioFlorez_Exter_f9f314,,,,,
2026-09-12T09:26:09-05:00,PUR_IED_JulioFlorez_info2_6b6e08,PUR_IED_JulioFlorez_info2_6b6e08,,,,,
2026-09-12T09:26:09-05:00,PUR_IED_LaBelleza_Aula13_1d00d8,PUR_IED_LaBelleza_Aula13_1d00d8,,,,,
2026-09-12T09:26:09-05:00,PUR_IED_LaBelleza_Ext_7bc08c,PUR_IED_LaBelleza_Ext_7bc08c,,,,,
2026-09-12T09:26:09-05:00,PUR_IED_LaChucua_Ext_8cd6d2,PUR_IED_LaChucua_Ext_8cd6d2,,,,,
2026-09-12T09:26:09-05:00,PUR_IED_LaChucua_S15_f578ce,PUR_IED_LaChucua_S15_f578ce,,,,,
2026-09-12T09:26:09-05:00,PUR_IED_LaChucua_S16_eebcf9,PUR_IED_LaChucua_S16_eebcf9,,,,,
2026-09-12T09:26:09-05:00,PUR_IED_LaFelicidad_Ext_fb5109,PUR_IED_LaFelicidad_Ext_fb5109,,,,,
2026-09-12T09:26:09-05:00,PUR_IED_LaMerced_206_66ebd,PUR_IED_LaMerced_206_66ebd,,,,,
2026-09-12T09:26:09-05:00,PUR_IED_LaMerced_207_6ebd6,PUR_IED_LaMerced_207_6ebd6,,,,,
2026-09-12T09:26:09-05:00,PUR_IED_LaMerced_ext_304311,PUR_IED_LaMerced_ext_304311,,,,,
2026-09-12T09:26:09-05:00,PUR_IED_Laureano_CiencNat_281e5e,PUR_IED_Laureano_CiencNat_281e5e,,,,,
2026-09-12T09:26:09-05:00,PUR_IED_Laureano_Comedor_f65c0a,PUR_IED_Laureano_Comedor_f65c0a,,,,,
2026-09-12T09:26:09-05:00,PUR_IED_Laureano_Exterior_7ab011,PUR_IED_Laureano_Exterior_7ab011,,,,,
2026-09-12T09:26:09-05:00,PUR_IED_LeonGreiff_Exte_dfe560,PUR_IED_LeonGreiff_Exte_dfe560,,,,,
2026-09-12T09:26:09-05:00,PUR_IED_LeonGreiff_S210_f264ed,PUR_IED_LeonGreiff_S210_f264ed,,,,,
2026-09-12T09:26:09-05:00,PUR_IED_LeonGreiff_SQuimi_e8296f,PUR_IED_LeonGreiff_SQuimi_e8296f,,,,,
2026-09-12T09:26:09-05:00,PUR_IED_LlanoOrientalS208_7b9fcd,PUR_IED_LlanoOrientalS208_7b9fcd,,,,,
2026-09-12T09:26:09-05:00,PUR_IED_LlanoOriental_Ext_fb3766,PUR_IED_LlanoOriental_Ext_fb3766,,,,,
2026-09-12T09:26:09-05:00,PUR_IED_LlanoOriental_S208_7b9fcd,PUR_IED_LlanoOriental_S208_7b9fcd,,,,,
2026-09-12T09:26:09-05:00,PUR_IED_LlanoOriental_S9_27b378,PUR_IED_LlanoOriental_S9_27b378,,,,,
2026-09-12T09:26:09-05:00,PUR_IED_LosTejares_1101_477602,PUR_IED_LosTejares_1101_477602,,,,,
2026-09-12T09:26:09-05:00,PUR_IED_LosTejares_11_d2c595,PUR_IED_LosTejares_11_d2c595,,,,,
2026-09-12T09:26:09-05:00,PUR_IED_LosTejares_12_477602,PUR_IED_LosTejares_12_477602,,,,,
2026-09-12T09:26:09-05:00,PUR_IED_LosTejares_Ext_8e2115,PUR_IED_LosTejares_Ext_8e2115,,,,,
2026-09-12T09:26:09-05:00,PUR_IED_MagdalenaO_B202_5ddda3,PUR_IED_MagdalenaO_B202_5ddda3,,,,,
2026-09-12T09:26:09-05:00,PUR_IED_MagdalenaO_B205_fb76e8,PUR_IED_MagdalenaO_B205_fb76e8,,,,,
2026-09-12T09:26:09-05:00,PUR_IED_MagdalenaO_ext_dc69cd,PUR_IED_MagdalenaO_ext_dc69cd,,,,,
2026-09-12T09:26:09-05:00,PUR_IED_ManueCepeda_artes_eee956,PUR_IED_ManueCepeda_artes_eee956,,,,,
2026-09-12T09:26:09-05:00,PUR_IED_ManuelCepeda_Ext_58313,PUR_IED_ManuelCepeda_Ext_58313,,,,,
2026-09-12T09:26:09-05:00,PUR_IED_ManuelCepeda_tec_1c5731,PUR_IED_ManuelCepeda_tec_1c5731,,,,,
2026-09-12T09:26:09-05:00,PUR_IED_ManuelS_Exterior_5b269,PUR_IED_ManuelS_Exterior_5b269,,,,,
2026-09-12T09:26:09-05:00,PUR_IED_ManuelS_Inform_f369ce,PUR_IED_ManuelS_Inform_f369ce,,,,,
2026-09-12T09:26:09-05:00,PUR_IED_ManuelS_SArtes_7d15f1,PUR_IED_ManuelS_SArtes_7d15f1,,,,,
2026-09-12T09:26:09-05:00,PUR_IED_ManuelZapata_303_3ca6,PUR_IED_ManuelZapata_303_3ca6,,,,,
2026-09-12T09:26:09-05:00,PUR_IED_ManuelZapata_311_bfbabc,PUR_IED_ManuelZapata_311_bfbabc,,,,,
2026-09-12T09:26:09-05:00,PUR_IED_ManuelZapata_Ext_50824a,PUR_IED_ManuelZapata_Ext_50824a,,,,,
2026-09-12T09:26:09-05:00,PUR_IED_ManuelitaS_Exteri_656a92,PUR_IED_ManuelitaS_Exteri_656a92,,,,,
2026-09-12T09:26:09-05:00,PUR_IED_ManuelitaS_JuzgDe_f58ec3,PUR_IED_ManuelitaS_JuzgDe_f58ec3,,,,,
2026-09-12T09:26:09-05:00,PUR_IED_ManuelitaS_Recrea_d793db,PUR_IED_ManuelitaS_Recrea_d793db,,,,,
2026-09-12T09:26:09-05:00,PUR_IED_MarFidSuarez_Ext_c27b19,PUR_IED_MarFidSuarez_Ext_c27b19,,,,,
2026-09-12T09:26:09-05:00,PUR_IED_MarFidSuarez_Info_e384d7,PUR_IED_MarFidSuarez_Info_e384d7,,,,,
2026-09-12T09:26:09-05:00,PUR_IED_MarFidSuarez_S306_1d0032,PUR_IED_MarFidSuarez_S306_1d0032,,,,,
2026-09-12T09:26:09-05:00,PUR_IED_Menorah_301_2a25a3,PUR_IED_Menorah_301_2a25a3,,,,,
2026-09-12T09:26:09-05:00,PUR_IED_Menorah_306_37ed3,PUR_IED_Menorah_306_37ed3,,,,,
2026-09-12T09:26:09-05:00,PUR_IED_Menorah_Ext_3e155b,PUR_IED_Menorah_Ext_3e155b,,,,,
2026-09-12T09:26:09-05:00,PUR_IED_MinutoB.Aires_A11_1b1604,PUR_IED_MinutoB.Aires_A11_1b1604,,,,,
2026-09-12T09:26:09-05:00,PUR_IED_MinutoB.Aires_A12_fb5860,PUR_IED_MinutoB.Aires_A12_fb5860,,,,,
2026-09-12T09:26:09-05:00,PUR_IED_MinutoB.Aires_Ext_81293f,PUR_IED_MinutoB.Aires_Ext_81293f,,,,,
2026-09-12T09:26:09-05:00,PUR_IED_MinutoBAires_A11_1b1604,PUR_IED_MinutoBAires_A11_1b1604,,,,,
2026-09-12T09:26:09-05:00,PUR_IED_MinutoBAires_A12_fb5860,PUR_IED_MinutoBAires_A12_fb5860,,,,,
2026-09-12T09:26:09-05:00,PUR_IED_MinutoBAires_Ext_81293f,PUR_IED_MinutoBAires_Ext_81293f,,,,,
2026-09-12T09:26:09-05:00,PUR_IED_Montreal_Aula10_1e4959,PUR_IED_Montreal_Aula10_1e4959,,,,,
2026-09-12T09:26:09-05:00,PUR_IED_Montreal_Aula6_300367,PUR_IED_Montreal_Aula6_300367,,,,,
2026-09-12T09:26:09-05:00,PUR_IED_Montreal_Exterior_91a179,PUR_IED_Montreal_Exterior_91a179,,,,,
2026-09-12T09:26:09-05:00,PUR_IED_Mqgdalena_B202_5ddda3,PUR_IED_Mqgdalena_B202_5ddda3,,,,,
2026-09-12T09:26:09-05:00,PUR_IED_NACUND_Soc_dc8728,PUR_IED_NACUND_Soc_dc8728,,,,,
2026-09-12T09:26:09-05:00,PUR_IED_NACUND_ext_27ad97,PUR_IED_NACUND_ext_27ad97,,,,,
2026-09-12T09:26:09-05:00,PUR_IED_NEsperanza_Ext_d24b61,PUR_IED_NEsperanza_Ext_d24b61,,,,,
2026-09-12T09:26:09-05:00,PUR_IED_NEsperanza_SElect_7d1807,PUR_IED_NEsperanza_SElect_7d1807,,,,,
2026-09-12T09:26:09-05:00,PUR_IED_NEsperanza_SLabor_8b2d0a,PUR_IED_NEsperanza_SLabor_8b2d0a,,,,,
2026-09-12T09:26:09-05:00,PUR_IED_NacionesU_Ext_f661a9,PUR_IED_NacionesU_Ext_f661a9,,,,,
2026-09-12T09:26:09-05:00,PUR_IED_NacionesU_Quimica_66f0a,PUR_IED_NacionesU_Quimica_66f0a,,,,,
2026-09-12T09:26:09-05:00,PUR_IED_NacionesU_S306_1b4b3d,PUR_IED_NacionesU_S306_1b4b3d,,,,,
2026-09-12T09:26:09-05:00,PUR_IED_NestorFA_Ext_e4201c,PUR_IED_NestorFA_Ext_e4201c,,,,,
2026-09-12T09:26:09-05:00,PUR_IED_NestorFA_Laborato_f22fe0,PUR_IED_NestorFA_Laborato_f22fe0,,,,,
2026-09-12T09:26:09-05:00,PUR_IED_NestorFA_S204_dee996,PUR_IED_NestorFA_S204_dee996,,,,,
2026-09-12T09:26:09-05:00,PUR_IED_NidyaQT_Aula03_76999b,PUR_IED_NidyaQT_Aula03_76999b,,,,,
2026-09-12T09:26:09-05:00,PUR_IED_NidyaQT_Aula10_56325,PUR_IED_NidyaQT_Aula10_56325,,,,,
2026-09-12T09:26:09-05:00,PUR_IED_NidyaQT_Ext_46e32d,PUR_IED_NidyaQT_Ext_46e32d,,,,,
2026-09-12T09:26:09-05:00,PUR_IED_NuevaCol_Exterior_d9b859,PUR_IED_NuevaCol_Exterior_d9b859,,,,,
2026-09-12T09:26:09-05:00,PUR_IED_NuevaCol_S1101_76c43b,PUR_IED_NuevaCol_S1101_76c43b,,,,,
2026-09-12T09:26:09-05:00,PUR_IED_NuevaCol_S1102_1ce0b5,PUR_IED_NuevaCol_S1102_1ce0b5,,,,,
2026-09-12T09:26:09-05:00,PUR_IED_OEA_A202_f7e3f2,PUR_IED_OEA_A202_f7e3f2,,,,,
2026-09-12T09:26:09-05:00,PUR_IED_OEA_A203_7d1b8d,PUR_IED_OEA_A203_7d1b8d,,,,,
2026-09-12T09:26:09-05:00,PUR_IED_OEA_Ext_27b593,PUR_IED_OEA_Ext_27b593,,,,,
2026-09-12T09:26:09-05:00,PUR_IED_Ochoa_Ext_1c29da,PUR_IED_Ochoa_Ext_1c29da,,,,,
2026-09-12T09:26:09-05:00,PUR_IED_Ochoa_S205_8b1121,PUR_IED_Ochoa_S205_8b1121,,,,,
2026-09-12T09:26:09-05:00,PUR_IED_Ochoa_Sistemas_f33af6,PUR_IED_Ochoa_Sistemas_f33af6,,,,,
2026-09-12T09:26:09-05:00,PUR_IED_PQuebec_Ext_1c67c7,PUR_IED_PQuebec_Ext_1c67c7,,,,,
2026-09-12T09:26:09-05:00,PUR_IED_PQuebec_S15_23e8e2,PUR_IED_PQuebec_S15_23e8e2,,,,,
2026-09-12T09:26:09-05:00,PUR_IED_PQuebec_S16_8ec76b,PUR_IED_PQuebec_S16_8ec76b,,,,,
2026-09-12T09:26:09-05:00,PUR_IED_PabloN_Ext_49dc96,PUR_IED_PabloN_Ext_49dc96,,,,,
2026-09-12T09:26:09-05:00,PUR_IED_PabloN_S1102_4e3df5,PUR_IED_PabloN_S1102_4e3df5,,,,,
2026-09-12T09:26:09-05:00,PUR_IED_PabloN_S1103_50c94b,PUR_IED_PabloN_S1103_50c94b,,,,,
2026-09-12T09:26:09-05:00,PUR_IED_Palestina_S1101_db9198,PUR_IED_Palestina_S1101_db9198,,,,,
2026-09-12T09:26:09-05:00,PUR_IED_Palestina_S1102_dc54fa,PUR_IED_Palestina_S1102_dc54fa,,,,,
2026-09-12T09:26:09-05:00,PUR_IED_Palestina_ext_4ccce6,PUR_IED_Palestina_ext_4ccce6,,,,,
2026-09-12T09:26:09-05:00,PUR_IED_Panama_Fisica_4d0794,PUR_IED_Panama_Fisica_4d0794,,,,,
2026-09-12T09:26:09-05:00,PUR_IED_Panama_SIngles_a4077e,PUR_IED_Panama_SIngles_a4077e,,,,,
2026-09-12T09:26:09-05:00,PUR_IED_Panama_ext_4c54b4,PUR_IED_Panama_ext_4c54b4,,,,,
2026-09-12T09:26:09-05:00,PUR_IED_ParaisoM_Exterior_8cd7f0,PUR_IED_ParaisoM_Exterior_8cd7f0,,,,,
2026-09-12T09:26:09-05:00,PUR_IED_ParaisoM_Laborato_27af35,PUR_IED_ParaisoM_Laborato_27af35,,,,,
2026-09-12T09:26:09-05:00,PUR_IED_ParaisoM_S304_d1edca,PUR_IED_ParaisoM_S304_d1edca,,,,,
2026-09-12T09:26:09-05:00,PUR_IED_PorfirioBarba_Ext_301466,PUR_IED_PorfirioBarba_Ext_301466,,,,,
2026-09-12T09:26:09-05:00,PUR_IED_PorfirioBarba_S11_df6cd2,PUR_IED_PorfirioBarba_S11_df6cd2,,,,,
2026-09-12T09:26:09-05:00,PUR_IED_PorfirioBarba_S29_27a7d6,PUR_IED_PorfirioBarba_S29_27a7d6,,,,,
2026-09-12T09:26:09-05:00,PUR_IED_PradoV_Exter_8b27ad,PUR_IED_PradoV_Exter_8b27ad,,,,,
2026-09-12T09:26:09-05:00,PUR_IED_PradoV_S301_de65b5,PUR_IED_PradoV_S301_de65b5,,,,,
2026-09-12T09:26:09-05:00,PUR_IED_PradoV_S302_7d2593,PUR_IED_PradoV_S302_7d2593,,,,,
2026-09-12T09:26:09-05:00,PUR_IED_QuirogaAlz_Ext_1ddc82,PUR_IED_QuirogaAlz_Ext_1ddc82,,,,,
2026-09-12T09:26:09-05:00,PUR_IED_QuirogaAlz_S302_9926a3,PUR_IED_QuirogaAlz_S302_9926a3,,,,,
2026-09-12T09:26:09-05:00,PUR_IED_QuirogaAlz_S305_cdf1f1,PUR_IED_QuirogaAlz_S305_cdf1f1,,,,,
2026-09-12T09:26:09-05:00,PUR_IED_RGuatemala_Biling_dc53b7,PUR_IED_RGuatemala_Biling_dc53b7,,,,,
2026-09-12T09:26:09-05:00,PUR_IED_RGuatemala_Ext_1b89a3,PUR_IED_RGuatemala_Ext_1b89a3,,,,,
2026-09-12T09:26:09-05:00,PUR_IED_RGuatemala_Tecnol_281a34,PUR_IED_RGuatemala_Tecnol_281a34,,,,,
2026-09-12T09:26:09-05:00,PUR_IED_RafaNu_Ext_f7c302,PUR_IED_RafaNu_Ext_f7c302,,,,,
2026-09-12T09:26:09-05:00,PUR_IED_RafaNu_S1101_25fde,PUR_IED_RafaNu_S1101_25fde,,,,,
2026-09-12T09:26:09-05:00,PUR_IED_RafaNu_S1102_281517,PUR_IED_RafaNu_S1102_281517,,,,,
2026-09-12T09:26:09-05:00,PUR_IED_RafaelB_S305_ee2783,PUR_IED_RafaelB_S305_ee2783,,,,,
2026-09-12T09:26:09-05:00,PUR_IED_RafaelB_S306_75fe33,PUR_IED_RafaelB_S306_75fe33,,,,,
2026-09-12T09:26:09-05:00,PUR_IED_RafaelB_ext_283336,PUR_IED_RafaelB_ext_283336,2,19,60,4.6722,-74.0737
2026-09-12T09:26:09-05:00,PUR_IED_RafaelUU_Exterior_281a51,PUR_IED_RafaelUU_Exterior_281a51,,,,,
2026-09-12T09:26:09-05:00,PUR_IED_RafaelUU_Human_806b2,PUR_IED_RafaelUU_Human_806b2,,,,,
2026-09-12T09:26:09-05:00,PUR_IED_RafaelUU_Mate2_5680d4,PUR_IED_RafaelUU_Mate2_5680d4,,,,,
2026-09-12T09:26:09-05:00,PUR_IED_RamonSub_Ext_f9eeb9,PUR_IED_RamonSub_Ext_f9eeb9,,,,,
2026-09-12T09:26:09-05:00,PUR_IED_RamonSub_Media_d1f62f,PUR_IED_RamonSub_Media_d1f62f,,,,,
2026-09-12T09:26:09-05:00,PUR_IED_RamonSub_planta_51b82,PUR_IED_RamonSub_planta_51b82,,,,,
2026-09-12T09:26:09-05:00,PUR_IED_RepBoliVene_Exter_27af7c,PUR_IED_RepBoliVene_Exter_27af7c,,,,,
2026-09-12T09:26:09-05:00,PUR_IED_RepBoliVene_SCPT_5ae2ee,PUR_IED_RepBoliVene_SCPT_5ae2ee,,,,,
2026-09-12T09:26:09-05:00,PUR_IED_RepBoliVene_Socia_4b11d5,PUR_IED_RepBoliVene_Socia_4b11d5,,,,,
2026-09-12T09:26:09-05:00,PUR_IED_RepChina_Ext_76d9ee,PUR_IED_RepChina_Ext_76d9ee,,,,,
2026-09-12T09:26:09-05:00,PUR_IED_RepChina_S404_7c804c,PUR_IED_RepChina_S404_7c804c,,,,,
2026-09-12T09:26:09-05:00,PUR_IED_RepChina_S405_df2c33,PUR_IED_RepChina_S405_df2c33,,,,,
2026-09-12T09:26:09-05:00,PUR_IED_RepublicaC_Exteri_7d1ec9,PUR_IED_RepublicaC_Exteri_7d1ec9,,,,,
2026-09-12T09:26:09-05:00,PUR_IED_RepublicaC_S1101_f544b3,PUR_IED_RepublicaC_S1101_f544b3,,,,,
2026-09-12T09:26:09-05:00,PUR_IED_RepublicaC_S1102_7aafc7,PUR_IED_RepublicaC_S1102_7aafc7,,,,,
2026-09-12T09:26:09-05:00,PUR_IED_Ricaurte_Externo_a0ea1,PUR_IED_Ricaurte_Externo_a0ea1,,,,,
2026-09-12T09:26:09-05:00,PUR_IED_Ricaurte_S210_f546fd,PUR_IED_Ricaurte_S210_f546fd,,,,,
2026-09-12T09:26:09-05:00,PUR_IED_Ricaurte_S309_d4452,PUR_IED_Ricaurte_S309_d4452,,,,,
2026-09-12T09:26:09-05:00,PUR_IED_RogelioS_1102_531e69,PUR_IED_RogelioS_1102_531e69,,,,,
2026-09-12T09:26:09-05:00,PUR_IED_RogelioS_Ext_f25a18,PUR_IED_RogelioS_Ext_f25a18,,,,,
2026-09-12T09:26:09-05:00,PUR_IED_SBernardino_Ext_27aff8,PUR_IED_SBernardino_Ext_27aff8,,,,,
2026-09-12T09:26:09-05:00,PUR_IED_SBernardino_SArte_2ffd33,PUR_IED_SBernardino_SArte_2ffd33,,,,,
2026-09-12T09:26:09-05:00,PUR_IED_SBernardino_SIngl_7c7da5,PUR_IED_SBernardino_SIngl_7c7da5,,,,,
2026-09-12T09:26:09-05:00,PUR_IED_Sago_auditorio_dc9d1d,PUR_IED_Sago_auditorio_dc9d1d,,,,,
2026-09-12T09:26:09-05:00,PUR_IED_Saludcoop_Ext_95aac3,PUR_IED_Saludcoop_Ext_95aac3,,,,,
2026-09-12T09:26:09-05:00,PUR_IED_Saludcoop_InfI_90c854,PUR_IED_Saludcoop_InfI_90c854,,,,,
2026-09-12T09:26:09-05:00,PUR_IED_Saludcoop_SMedia_1b93be,PUR_IED_Saludcoop_SMedia_1b93be,,,,,
2026-09-12T09:26:09-05:00,PUR_IED_SanCarlos_1101_1a2360,PUR_IED_SanCarlos_1101_1a2360,,,,,
2026-09-12T09:26:09-05:00,PUR_IED_SanCarlos_1103_7bafb5,PUR_IED_SanCarlos_1103_7bafb5,,,,,
2026-09-12T09:26:09-05:00,PUR_IED_SanCarlos_Ext_b7cd1,PUR_IED_SanCarlos_Ext_b7cd1,,,,,
2026-09-12T09:26:09-05:00,PUR_IED_SanIgnacioBosa11a_50c26e,PUR_IED_SanIgnacioBosa11a_50c26e,,,,,
2026-09-12T09:26:09-05:00,PUR_IED_SanIgnacioBosa11b_371de8,PUR_IED_SanIgnacioBosa11b_371de8,,,,,
2026-09-12T09:26:09-05:00,PUR_IED_SanIgnacioBosaExt_ef0ffc,PUR_IED_SanIgnacioBosaExt_ef0ffc,,,,,
2026-09-12T09:26:09-05:00,PUR_IED_SanIgnacioBosa_11a_50c26e,PUR_IED_SanIgnacioBosa_11a_50c26e,,,,,
2026-09-12T09:26:09-05:00,PUR_IED_SanIgnacioBosa_Ext_ef0ffc,PUR_IED_SanIgnacioBosa_Ext_ef0ffc,,,,,
2026-09-12T09:26:09-05:00,PUR_IED_SanJoseN_intS1101_31c47f,PUR_IED_SanJoseN_intS1101_31c47f,,,,,
2026-09-12T09:26:09-05:00,PUR_IED_SanJoseUsm_Exter_f5d7e8,PUR_IED_SanJoseUsm_Exter_f5d7e8,,,,,
2026-09-12T09:26:09-05:00,PUR_IED_SanJoseUsm_Int11A_cfdef6,PUR_IED_SanJoseUsm_Int11A_cfdef6,,,,,
2026-09-12T09:26:09-05:00,PUR_IED_SilveriaR_IntB5_905349,PUR_IED_SilveriaR_IntB5_905349,,,,,
2026-09-12T09:26:09-05:00,PUR_IED_SilveriaR_IntSD14_981f93,PUR_IED_SilveriaR_IntSD14_981f93,,,,,
2026-09-12T09:26:09-05:00,PUR_IED_SilveriaR_ext_2b651d,PUR_IED_SilveriaR_ext_2b651d,,,,,
2026-09-12T09:26:09-05:00,PUR_IED_SimonB_Exterior_913975,PUR_IED_SimonB_Exterior_913975,,,,,
2026-09-12T09:26:09-05:00,PUR_IED_SimonB_LabQuimi_c56908,PUR_IED_SimonB_LabQuimi_c56908,,,,,
2026-09-12T09:26:09-05:00,PUR_IED_SimonB_informatic_a28c1,PUR_IED_SimonB_informatic_a28c1,,,,,
2026-09-12T09:26:09-05:00,PUR_IED_Sorrento_1102_315f50,PUR_IED_Sorrento_1102_315f50,,,,,
2026-09-12T09:26:09-05:00,PUR_IED_Sorrento_Minte_214eab,PUR_IED_Sorrento_Minte_214eab,,,,,
2026-09-12T09:26:09-05:00,PUR_IED_Sorrento_ext_7c3a0a,PUR_IED_Sorrento_ext_7c3a0a,,,,,
2026-09-12T09:26:09-05:00,PUR_IED_Tabora_Ext_f048ae,PUR_IED_Tabora_Ext_f048ae,,,,,
2026-09-12T09:26:09-05:00,PUR_IED_Tabora_S1102_b07752,PUR_IED_Tabora_S1102_b07752,,,,,
2026-09-12T09:26:09-05:00,PUR_IED_Tabora_S1103_d988f5,PUR_IED_Tabora_S1103_d988f5,,,,,
2026-09-12T09:26:09-05:00,PUR_IED_Tenerife_Ext_1ab188,PUR_IED_Tenerife_Ext_1ab188,,,,,
2026-09-12T09:26:09-05:00,PUR_IED_Tenerife_SDanzas_7bc02e,PUR_IED_Tenerife_SDanzas_7bc02e,,,,,
2026-09-12T09:26:09-05:00,PUR_IED_Tenerife_SIngles_7cc277,PUR_IED_Tenerife_SIngles_7cc277,,,,,
2026-09-12T09:26:09-05:00,PUR_IED_Tibabuyes_Exter_f2683d,PUR_IED_Tibabuyes_Exter_f2683d,,,,,
2026-09-12T09:26:09-05:00,PUR_IED_Tibabuyes_S10_dc87a8,PUR_IED_Tibabuyes_S10_dc87a8,,,,,
2026-09-12T09:26:09-05:00,PUR_IED_Tibabuyes_S15_dc0526,PUR_IED_Tibabuyes_S15_dc0526,,,,,
2026-09-12T09:26:09-05:00,PUR_IED_UnionE_S301_a1043,PUR_IED_UnionE_S301_a1043,,,,,
2026-09-12T09:26:09-05:00,PUR_IED_UnionE_S307_ff6c2f,PUR_IED_UnionE_S307_ff6c2f,,,,,
2026-09-12T09:26:09-05:00,PUR_IED_UnionE__Ext_5e2468,PUR_IED_UnionE__Ext_5e2468,,,,,
2026-09-12T09:26:09-05:00,PUR_IED_VillaRica_Ext_75be7c,PUR_IED_VillaRica_Ext_75be7c,,,,,
2026-09-12T09:26:09-05:00,PUR_IED_VillaRica_S4_cc5dcd,PUR_IED_VillaRica_S4_cc5dcd,,,,,
2026-09-12T09:26:09-05:00,PUR_IED_VillaRica_Sesp_99f5c,PUR_IED_VillaRica_Sesp_99f5c,,,,,
2026-09-12T09:31:13-05:00,PUR_IED_20deJulio_1101_91b1b9,PUR_IED_20deJulio_1101_91b1b9,,,,,
2026-09-12T09:31:13-05:00,PUR_IED_20deJulio_1102_1cfcf9,PUR_IED_20deJulio_1102_1cfcf9,,,,,
2026-09-12T09:31:13-05:00,PUR_IED_20deJulio_Ext_ab60bd,PUR_IED_20deJulio_Ext_ab60bd,,,,,
2026-09-12T09:31:13-05:00,PUR_IED_AgustinFer_Ext_7b9b77,PUR_IED_AgustinFer_Ext_7b9b77,,,,,
2026-09-12T09:31:13-05:00,PUR_IED_AgustinFer_Info2_27b3a7,PUR_IED_AgustinFer_Info2_27b3a7,,,,,
2026-09-12T09:31:13-05:00,PUR_IED_AgustinFer_Sena_54b4eb,PUR_IED_AgustinFer_Sena_54b4eb,,,,,
2026-09-12T09:31:13-05:00,PUR_IED_AlexanderF_1102_caf07b,PUR_IED_AlexanderF_1102_caf07b,,,,,
2026-09-12T09:31:13-05:00,PUR_IED_AlexanderF_1103_c79e71,PUR_IED_AlexanderF_1103_c79e71,,,,,
2026-09-12T09:31:13-05:00,PUR_IED_AlexanderF_Ext_c5b18b,PUR_IED_AlexanderF_Ext_c5b18b,,,,,
2026-09-12T09:31:13-05:00,PUR_IED_AlfonsoLopez_Ext_281d77,PUR_IED_AlfonsoLopez_Ext_281d77,,,,,
2026-09-12T09:31:13-05:00,PUR_IED_AlfonsoLopez_LabF_888ce0,PUR_IED_AlfonsoLopez_LabF_888ce0,,,,,
2026-09-12T09:31:13-05:00,PUR_IED_AlfonsoLopez_SMed_df6a7f,PUR_IED_AlfonsoLopez_SMed_df6a7f,,,,,
2026-09-12T09:31:13-05:00,PUR_IED_AltamiraSO_A2_209f92,PUR_IED_AltamiraSO_A2_209f92,,,,,
2026-09-12T09:31:13-05:00,PUR_IED_AltamiraSO_Ext_186d66,PUR_IED_AltamiraSO_Ext_186d66,,,,,
2026-09-12T09:31:13-05:00,PUR_IED_AltamiraSO_Sistem_27afe1,PUR_IED_AltamiraSO_Sistem_27afe1,,,,,
2026-09-12T09:31:13-05:00,PUR_IED_AlvaroGom_LabQuim_813179,PUR_IED_AlvaroGom_LabQuim_813179,,,,,
2026-09-12T09:31:13-05:00,PUR_IED_AlvaroGomez_Ext_47c7ca,PUR_IED_AlvaroGomez_Ext_47c7ca,,,,,
2026-09-12T09:31:13-05:00,PUR_IED_AlvaroGomez_LabQuim_813179,PUR_IED_AlvaroGomez_LabQuim_813179,,,,,
2026-09-12T09:31:13-05:00,PUR_IED_AlvaroGomez_S23_7ba89f,PUR_IED_AlvaroGomez_S23_7ba89f,,,,,
2026-09-12T09:31:13-05:00,PUR_IED_Amistad_306_dc8728,PUR_IED_Amistad_306_dc8728,,,,,
2026-09-12T09:31:13-05:00,PUR_IED_Amistad_Ext_8cd55e,PUR_IED_Amistad_Ext_8cd55e,,,,,
2026-09-12T09:31:13-05:00,PUR_IED_Amistad_S202_a41169,PUR_IED_Amistad_S202_a41169,,,,,
2026-09-12T09:31:13-05:00,PUR_IED_AndresBello_Bio_fd5f5e,PUR_IED_AndresBello_Bio_fd5f5e,,,,,
2026-09-12T09:31:13-05:00,PUR_IED_AndresBello_ext_dcad65,PUR_IED_AndresBello_ext_dcad65,,,,,
2026-09-12T09:31:13-05:00,PUR_IED_AndresBello_port_eed3ec,PUR_IED_AndresBello_port_eed3ec,,,,,
2026-09-12T09:31:13-05:00,PUR_IED_AngelaR_11b_d90a6b,PUR_IED_AngelaR_11b_d90a6b,,,,,
2026-09-12T09:31:13-05:00,PUR_IED_AngelaR_ext_7cad3e,PUR_IED_AngelaR_ext_7cad3e,4,19,65,4.5825,-74.164497
2026-09-12T09:31:13-05:00,PUR_IED_AntJoseSucre_10mo_df2575,PUR_IED_AntJoseSucre_10mo_df2575,,,,,
2026-09-12T09:31:13-05:00,PUR_IED_AntJoseSucre_Ext_215b36,PUR_IED_AntJoseSucre_Ext_215b36,,,,,
2026-09-12T09:31:13-05:00,PUR_IED_AntJoseSucre_Lab_3139de,PUR_IED_AntJoseSucre_Lab_3139de,,,,,
2026-09-12T09:31:13-05:00,PUR_IED_AntonioGarcia_301_d6b188,PUR_IED_AntonioGarcia_301_d6b188,,,,,
2026-09-12T09:31:13-05:00,PUR_IED_AntonioGarcia_302_88a82,PUR_IED_AntonioGarcia_302_88a82,,,,,
2026-09-12T09:31:13-05:00,PUR_IED_AntonioGarcia_Ext_20950c,PUR_IED_AntonioGarcia_Ext_20950c,,,,,
2026-09-12T09:31:13-05:00,PUR_IED_AntonioVan_Aula2_6dea02,PUR_IED_AntonioVan_Aula2_6dea02,,,,,
2026-09-12T09:31:13-05:00,PUR_IED_AntonioVan_Aula5_f1557e,PUR_IED_AntonioVan_Aula5_f1557e,,,,,
2026-09-12T09:31:13-05:00,PUR_IED_AntonioVan_Ext_406f2f,PUR_IED_AntonioVan_Ext_406f2f,,,,,
2026-09-12T09:31:13-05:00,PUR_IED_Atabanzha_Ext_cc5af9,PUR_IED_Atabanzha_Ext_cc5af9,,,,,
2026-09-12T09:31:13-05:00,PUR_IED_Atabanzha_SA101_56c37,PUR_IED_Atabanzha_SA101_56c37,,,,,
2026-09-12T09:31:13-05:00,PUR_IED_Atabanzha_SB302_27b374,PUR_IED_Atabanzha_SB302_27b374,,,,,
2026-09-12T09:31:13-05:00,PUR_IED_Atahualpa_Ext_fc1748,PUR_IED_Atahualpa_Ext_fc1748,,,,,
2026-09-12T09:31:13-05:00,PUR_IED_Atahualpa_Informa_dc9a95,PUR_IED_Atahualpa_Informa_dc9a95,,,,,
2026-09-12T09:31:13-05:00,PUR_IED_Atahualpa_S1101_f98056,PUR_IED_Atahualpa_S1101_f98056,,,,,
2026-09-12T09:31:13-05:00,PUR_IED_Bellavista_Ext_f5aa74,PUR_IED_Bellavista_Ext_f5aa74,,,,,
2026-09-12T09:31:13-05:00,PUR_IED_Bilbao_11A_916c41,PUR_IED_Bilbao_11A_916c41,,,,,
2026-09-12T09:31:13-05:00,PUR_IED_Bilbao_Ext_fb579a,PUR_IED_Bilbao_Ext_fb579a,,,,,
2026-09-12T09:31:13-05:00,PUR_IED_BrasiliaU_A125_304280,PUR_IED_BrasiliaU_A125_304280,,,,,
2026-09-12T09:31:13-05:00,PUR_IED_BrasiliaU_A203_7c8ca5,PUR_IED_BrasiliaU_A203_7c8ca5,,,,,
2026-09-12T09:31:13-05:00,PUR_IED_BrasiliaU_Ext_8d6e9f,PUR_IED_BrasiliaU_Ext_8d6e9f,,,,,
2026-09-12T09:31:13-05:00,PUR_IED_Brasilia_Ext_fe6593,PUR_IED_Brasilia_Ext_fe6593,,,,,
2026-09-12T09:31:13-05:00,PUR_IED_Brasilia_S24_7c130d,PUR_IED_Brasilia_S24_7c130d,,,,,
2026-09-12T09:31:13-05:00,PUR_IED_Brasilia_S501_186a54,PUR_IED_Brasilia_S501_186a54,,,,,
2026-09-12T09:31:13-05:00,PUR_IED_CHARRY_EXT_f1d5cd,PUR_IED_CHARRY_EXT_f1d5cd,,,,,
2026-09-12T09:31:13-05:00,PUR_IED_CHARRY_INTDANZAS_7a08e6,PUR_IED_CHARRY_INTDANZAS_7a08e6,,,,,
2026-09-12T09:31:13-05:00,PUR_IED_CHARRY_INT_AULA20_dc998d,PUR_IED_CHARRY_INT_AULA20_dc998d,,,,,
2026-09-12T09:31:13-05:00,PUR_IED_COLVIV_1101_S25_7f520a,PUR_IED_COLVIV_1101_S25_7f520a,,,,,
2026-09-12T09:31:13-05:00,PUR_IED_COLVIV_1102_S16_f570ba,PUR_IED_COLVIV_1102_S16_f570ba,,,,,
2026-09-12T09:31:13-05:00,PUR_IED_COLVIV_Ext_1a26fa,PUR_IED_COLVIV_Ext_1a26fa,,,,,
2026-09-12T09:31:13-05:00,PUR_IED_CULPOP_301A_f660f3,PUR_IED_CULPOP_301A_f660f3,,,,,
2026-09-12T09:31:13-05:00,PUR_IED_CULPOP_303_568afe,PUR_IED_CULPOP_303_568afe,,,,,
2026-09-12T09:31:13-05:00,PUR_IED_CULPOP_Ext_e02ccb,PUR_IED_CULPOP_Ext_e02ccb,,,,,
2026-09-12T09:31:13-05:00,PUR_IED_CVillavicen_Ext_26eb58,PUR_IED_CVillavicen_Ext_26eb58,4,16,79,4.487,-74.102798
2026-09-12T09:31:13-05:00,PUR_IED_CVillavicen_Intel_1ce5c2,PUR_IED_CVillavicen_Intel_1ce5c2,,,,,
2026-09-12T09:31:13-05:00,PUR_IED_CVillavicen_Poliv_e0766c,PUR_IED_CVillavicen_Poliv_e0766c,,,,,
2026-09-12T09:31:13-05:00,PUR_IED_CVillavicen_int_1ba140,PUR_IED_CVillavicen_int_1ba140,,,,,
2026-09-12T09:31:13-05:00,PUR_IED_CVillavicen_intel_1ba140,PUR_IED_CVillavicen_intel_1ba140,,,,,
2026-09-12T09:31:13-05:00,PUR_IED_CarlosPizarro_Ext_e307cc,PUR_IED_CarlosPizarro_Ext_e307cc,,,,,
2026-09-12T09:31:13-05:00,PUR_IED_CarlosPizarro_L36_7e5cdb,PUR_IED_CarlosPizarro_L36_7e5cdb,,,,,
2026-09-12T09:31:13-05:00,PUR_IED_CarlosPizarro_L37_c8566c,PUR_IED_CarlosPizarro_L37_c8566c,,,,,
2026-09-12T09:31:13-05:00,PUR_IED_Castilla_Ext_cf35f,PUR_IED_Castilla_Ext_cf35f,,,,,
2026-09-12T09:31:13-05:00,PUR_IED_Castilla_SFisik_360e38,PUR_IED_Castilla_SFisik_360e38,,,,,
2026-09-12T09:31:13-05:00,PUR_IED_Castilla_Sc304_496fbf,PUR_IED_Castilla_Sc304_496fbf,,,,,
2026-09-12T09:31:13-05:00,PUR_IED_CervantesSa_Ext_6b57b,PUR_IED_CervantesSa_Ext_6b57b,3,18,69,4.5128,-74.117203
2026-09-12T09:31:13-05:00,PUR_IED_CervantesSa_S107_225c2b,PUR_IED_CervantesSa_S107_225c2b,,,,,
2026-09-12T09:31:13-05:00,PUR_IED_CervantesSa_S108_940925,PUR_IED_CervantesSa_S108_940925,,,,,
2026-09-12T09:31:13-05:00,PUR_IED_Charry_A20_f53e7c,PUR_IED_Charry_A20_f53e7c,,,,,
2026-09-12T09:31:13-05:00,PUR_IED_Charry_Ext_f1d5cd,PUR_IED_Charry_Ext_f1d5cd,,,,,
2026-09-12T09:31:13-05:00,PUR_IED_Charry_IntAula20_dc998d,PUR_IED_Charry_IntAula20_dc998d,,,,,
2026-09-12T09:31:13-05:00,PUR_IED_Charry_IntDanzas_7a08e6,PUR_IED_Charry_IntDanzas_7a08e6,,,,,
2026-09-12T09:31:13-05:00,PUR_IED_ClememciaC_203_43e2fc,PUR_IED_ClememciaC_203_43e2fc,,,,,
2026-09-12T09:31:13-05:00,PUR_IED_ClememciaC_Ext_1b411a,PUR_IED_ClememciaC_Ext_1b411a,,,,,
2026-09-12T09:31:13-05:00,PUR_IED_ClememciaC_Quimic_44b5fc,PUR_IED_ClememciaC_Quimic_44b5fc,,,,,
2026-09-12T09:31:13-05:00,PUR_IED_ClemenciaC_203_43e2fc,PUR_IED_ClemenciaC_203_43e2fc,,,,,
2026-09-12T09:31:13-05:00,PUR_IED_ClemenciaC_Ext_1b411a,PUR_IED_ClemenciaC_Ext_1b411a,,,,,
2026-09-12T09:31:13-05:00,PUR_IED_ClemenciaC_Quimic_44b5fc,PUR_IED_ClemenciaC_Quimic_44b5fc,,,,,
2026-09-12T09:31:13-05:00,PUR_IED_ColViva_1101_S25_7f520a,PUR_IED_ColViva_1101_S25_7f520a,,,,,
2026-09-12T09:31:13-05:00,PUR_IED_ColViva_1102_S16_f570ba,PUR_IED_ColViva_1102_S16_f570ba,,,,,
2026-09-12T09:31:13-05:00,PUR_IED_ColViva_Ext_1a26fa,PUR_IED_ColViva_Ext_1a26fa,,,,,
2026-09-12T09:31:13-05:00,PUR_IED_ColegioBici_Asist_7c8798,PUR_IED_ColegioBici_Asist_7c8798,,,,,
2026-09-12T09:31:13-05:00,PUR_IED_ColegioBici_Ext_25cbf6,PUR_IED_ColegioBici_Ext_25cbf6,,,,,
2026-09-12T09:31:13-05:00,PUR_IED_ColegioBici_LabQ_7b57db,PUR_IED_ColegioBici_LabQ_7b57db,,,,,
2026-09-12T09:31:13-05:00,PUR_IED_CostaRica_Ext_5e640,PUR_IED_CostaRica_Ext_5e640,,,,,
2026-09-12T09:31:13-05:00,PUR_IED_CostaRica_Quim1_766d1c,PUR_IED_CostaRica_Quim1_766d1c,,,,,
2026-09-12T09:31:13-05:00,PUR_IED_CostaRica__Fisica_6f0873,PUR_IED_CostaRica__Fisica_6f0873,,,,,
2026-09-12T09:31:13-05:00,PUR_IED_CulPopu_301A_f660f3,PUR_IED_CulPopu_301A_f660f3,,,,,
2026-09-12T09:31:13-05:00,PUR_IED_CulPopu_303_568afe,PUR_IED_CulPopu_303_568afe,,,,,
2026-09-12T09:31:13-05:00,PUR_IED_CulPopu_Ext_e02ccb,PUR_IED_CulPopu_Ext_e02ccb,,,,,
2026-09-12T09:31:13-05:00,PUR_IED_Cundinamarca_Ext_f15985,PUR_IED_Cundinamarca_Ext_f15985,,,,,
2026-09-12T09:31:13-05:00,PUR_IED_Cundinamarca_Info_7aa5d7,PUR_IED_Cundinamarca_Info_7aa5d7,,,,,
2026-09-12T09:31:13-05:00,PUR_IED_Cundinamarca_Tec2_f449c7,PUR_IED_Cundinamarca_Tec2_f449c7,,,,,
2026-09-12T09:31:13-05:00,PUR_IED_DiegoM_Aula1_27b314,PUR_IED_DiegoM_Aula1_27b314,,,,,
2026-09-12T09:31:13-05:00,PUR_IED_DiegoM_Ext_d80ac8,PUR_IED_DiegoM_Ext_d80ac8,,,,,
2026-09-12T09:31:13-05:00,PUR_IED_DiegoM_S25_da928f,PUR_IED_DiegoM_S25_da928f,,,,,
2026-09-12T09:31:13-05:00,PUR_IED_ELRODEO_360881,PUR_IED_ELRODEO_360881,,,,,
2026-09-12T09:31:13-05:00,PUR_IED_ELRODEO_ext_360881,PUR_IED_ELRODEO_ext_360881,,,,,
2026-09-12T09:31:13-05:00,PUR_IED_EduardoU_Ext_1c1969,PUR_IED_EduardoU_Ext_1c1969,,,,,
2026-09-12T09:31:13-05:00,PUR_IED_EduardoU_SCiencia_4dfb94,PUR_IED_EduardoU_SCiencia_4dfb94,,,,,
2026-09-12T09:31:13-05:00,PUR_IED_EduardoU_SQuimica_5a46e7,PUR_IED_EduardoU_SQuimica_5a46e7,,,,,
2026-09-12T09:31:13-05:00,PUR_IED_ElRodeo_Aula14_676984,PUR_IED_ElRodeo_Aula14_676984,,,,,
2026-09-12T09:31:13-05:00,PUR_IED_ElRodeo_Aula16_2dd35b,PUR_IED_ElRodeo_Aula16_2dd35b,,,,,
2026-09-12T09:31:13-05:00,PUR_IED_ElRodeo_Ext_360881,PUR_IED_ElRodeo_Ext_360881,,,,,
2026-09-12T09:31:13-05:00,PUR_IED_ElRodeo_Exterior_8c6d28,PUR_IED_ElRodeo_Exterior_8c6d28,,,,,
2026-09-12T09:31:13-05:00,PUR_IED_ElRodeo_ext_360881,PUR_IED_ElRodeo_ext_360881,,,,,
2026-09-12T09:31:13-05:00,PUR_IED_EmmaReyes_Ext_987625,PUR_IED_EmmaReyes_Ext_987625,4,21,52,4.6367,-74.1511
2026-09-12T09:31:13-05:00,PUR_IED_Ensueño_Ext_7f0250,PUR_IED_Ensueño_Ext_7f0250,,,,,
2026-09-12T09:31:13-05:00,PUR_IED_EscNormal_Ext_5fef3b,PUR_IED_EscNormal_Ext_5fef3b,2,20,58,4.5852,-74.096901
2026-09-12T09:31:13-05:00,PUR_IED_EscNormal_S309_5b263,PUR_IED_EscNormal_S309_5b263,,,,,
2026-09-12T09:31:13-05:00,PUR_IED_EscNormal_S310_27b3b8,PUR_IED_EscNormal_S310_27b3b8,,,,,
2026-09-12T09:31:13-05:00,PUR_IED_Evangelista_Conta_f6cd4f,PUR_IED_Evangelista_Conta_f6cd4f,,,,,
2026-09-12T09:31:13-05:00,PUR_IED_Evangelista_Cri_5e16a,PUR_IED_Evangelista_Cri_5e16a,,,,,
2026-09-12T09:31:13-05:00,PUR_IED_Evangelista_Exter_754066,PUR_IED_Evangelista_Exter_754066,,,,,
2026-09-12T09:31:13-05:00,PUR_IED_FMiranda_S209_5cc2a3,PUR_IED_FMiranda_S209_5cc2a3,,,,,
2026-09-12T09:31:13-05:00,PUR_IED_FMiranda_S303_19e344,PUR_IED_FMiranda_S303_19e344,,,,,
2026-09-12T09:31:13-05:00,PUR_IED_FMiranda_ext_f53e7c,PUR_IED_FMiranda_ext_f53e7c,,,,,
2026-09-12T09:31:13-05:00,PUR_IED_FabioLozano_Bibli_1cee05,PUR_IED_FabioLozano_Bibli_1cee05,,,,,
2026-09-12T09:31:13-05:00,PUR_IED_FabioLozano_Ext_6ea285,PUR_IED_FabioLozano_Ext_6ea285,,,,,
2026-09-12T09:31:13-05:00,PUR_IED_FabioLozano_SLudi_f09e1e,PUR_IED_FabioLozano_SLudi_f09e1e,,,,,
2026-09-12T09:31:13-05:00,PUR_IED_FaustinoS_Aula07_27a731,PUR_IED_FaustinoS_Aula07_27a731,,,,,
2026-09-12T09:31:13-05:00,PUR_IED_FaustinoS_Ext_7b936f,PUR_IED_FaustinoS_Ext_7b936f,,,,,
2026-09-12T09:31:13-05:00,PUR_IED_FaustinoS_Fisica_da2c60,PUR_IED_FaustinoS_Fisica_da2c60,,,,,
2026-09-12T09:31:13-05:00,PUR_IED_FeGarciaLo_Ext_dc68ee,PUR_IED_FeGarciaLo_Ext_dc68ee,,,,,
2026-09-12T09:31:13-05:00,PUR_IED_FeGarciaLo_SDanza_f70a59,PUR_IED_FeGarciaLo_SDanza_f70a59,,,,,
2026-09-12T09:31:13-05:00,PUR_IED_FeGarciaLo_SMusic_125cdd,PUR_IED_FeGarciaLo_SMusic_125cdd,,,,,
2026-09-12T09:31:13-05:00,PUR_IED_FederalAlema_Exte_50c345,PUR_IED_FederalAlema_Exte_50c345,,,,,
2026-09-12T09:31:13-05:00,PUR_IED_FederalAlema_S31_f18371,PUR_IED_FederalAlema_S31_f18371,,,,,
2026-09-12T09:31:13-05:00,PUR_IED_FederalAlema_S901_a62cd,PUR_IED_FederalAlema_S901_a62cd,,,,,
2026-09-12T09:31:13-05:00,PUR_IED_FilarmonicaS_A5_f35eb1,PUR_IED_FilarmonicaS_A5_f35eb1,,,,,
2026-09-12T09:31:13-05:00,PUR_IED_FilarmonicaS_Ext_8a3bde,PUR_IED_FilarmonicaS_Ext_8a3bde,,,,,
2026-09-12T09:31:13-05:00,PUR_IED_FilarmonicaS_Spol_406114,PUR_IED_FilarmonicaS_Spol_406114,,,,,
2026-09-12T09:31:13-05:00,PUR_IED_FlorentinoG_A13_d1fa59,PUR_IED_FlorentinoG_A13_d1fa59,,,,,
2026-09-12T09:31:13-05:00,PUR_IED_FlorentinoG_Ext_1ce6ce,PUR_IED_FlorentinoG_Ext_1ce6ce,,,,,
2026-09-12T09:31:13-05:00,PUR_IED_FlorentinoG_Idiom_a66aac,PUR_IED_FlorentinoG_Idiom_a66aac,,,,,
2026-09-12T09:31:13-05:00,PUR_IED_FranciscoMati_Ext_e3869d,PUR_IED_FranciscoMati_Ext_e3869d,,,,,
2026-09-12T09:31:13-05:00,PUR_IED_FranciscoMati_S13_f31c67,PUR_IED_FranciscoMati_S13_f31c67,,,,,
2026-09-12T09:31:13-05:00,PUR_IED_FranciscoMati_S14_97dead,PUR_IED_FranciscoMati_S14_97dead,,,,,
2026-09-12T09:31:13-05:00,PUR_IED_FranciscoPS_Ext_7bfa9a,PUR_IED_FranciscoPS_Ext_7bfa9a,2,21,56,4.5899,-74.110397
2026-09-12T09:31:13-05:00,PUR_IED_FranciscoPS_Infor_fb8f4c,PUR_IED_FranciscoPS_Infor_fb8f4c,,,,,
2026-09-12T09:31:13-05:00,PUR_IED_FranciscoPS_Quimi_94d39c,PUR_IED_FranciscoPS_Quimi_94d39c,,,,,
2026-09-12T09:31:13-05:00,PUR_IED_FranciscoP_LabQ_d7e148,PUR_IED_FranciscoP_LabQ_d7e148,,,,,
2026-09-12T09:31:13-05:00,PUR_IED_FranciscoP_S28_cf9b30,PUR_IED_FranciscoP_S28_cf9b30,,,,,
2026-09-12T09:31:13-05:00,PUR_IED_FranciscoP_ext_e2313,PUR_IED_FranciscoP_ext_e2313,,,,,
2026-09-12T09:31:13-05:00,PUR_IED_FriederichN_Ext_8ac92a,PUR_IED_FriederichN_Ext_8ac92a,,,,,
2026-09-12T09:31:13-05:00,PUR_IED_FriederichN_S301_dd7e5a,PUR_IED_FriederichN_S301_dd7e5a,,,,,
2026-09-12T09:31:13-05:00,PUR_IED_FriederichN_S308_761f4f,PUR_IED_FriederichN_S308_761f4f,,,,,
2026-09-12T09:31:13-05:00,PUR_IED_GSantander_Aula10_533dd7,PUR_IED_GSantander_Aula10_533dd7,,,,,
2026-09-12T09:31:13-05:00,PUR_IED_GSantander_Aula12_fd4e4f,PUR_IED_GSantander_Aula12_fd4e4f,,,,,
2026-09-12T09:31:13-05:00,PUR_IED_GSantander_Aula310_533dd7,PUR_IED_GSantander_Aula310_533dd7,,,,,
2026-09-12T09:31:13-05:00,PUR_IED_GSantander_Aula312_fd4e4f,PUR_IED_GSantander_Aula312_fd4e4f,,,,,
2026-09-12T09:31:13-05:00,PUR_IED_GSantander_Ext_5f66b0,PUR_IED_GSantander_Ext_5f66b0,,,,,
2026-09-12T09:31:13-05:00,PUR_IED_GYomasa_Ext_f6bea5,PUR_IED_GYomasa_Ext_f6bea5,,,,,
2026-09-12T09:31:13-05:00,PUR_IED_GYomasa_LBiol_2c41aa,PUR_IED_GYomasa_LBiol_2c41aa,,,,,
2026-09-12T09:31:13-05:00,PUR_IED_GYomasa_LQuim_33c80,PUR_IED_GYomasa_LQuim_33c80,,,,,
2026-09-12T09:31:13-05:00,PUR_IED_GabBetMejia_Cienc_5a99c,PUR_IED_GabBetMejia_Cienc_5a99c,,,,,
2026-09-12T09:31:13-05:00,PUR_IED_GabBetMejia_Ext_9153d0,PUR_IED_GabBetMejia_Ext_9153d0,,,,,
2026-09-12T09:31:13-05:00,PUR_IED_GabBetMejia_Lab_f55347,PUR_IED_GabBetMejia_Lab_f55347,,,,,
2026-09-12T09:31:13-05:00,PUR_IED_GabBetanMejia_Ext_9153d0,PUR_IED_GabBetanMejia_Ext_9153d0,,,,,
2026-09-12T09:31:13-05:00,PUR_IED_Gaitana_Aula13_7aac11,PUR_IED_Gaitana_Aula13_7aac11,,,,,
2026-09-12T09:31:13-05:00,PUR_IED_Gaitana_Ext_5fcf4,PUR_IED_Gaitana_Ext_5fcf4,,,,,
2026-09-12T09:31:13-05:00,PUR_IED_Gaitana_LabFisica_644448,PUR_IED_Gaitana_LabFisica_644448,,,,,
2026-09-12T09:31:13-05:00,PUR_IED_GenSantander_Dise_8ac858,PUR_IED_GenSantander_Dise_8ac858,,,,,
2026-09-12T09:31:13-05:00,PUR_IED_GenSantander_Ext_8d5dfe,PUR_IED_GenSantander_Ext_8d5dfe,,,,,
2026-09-12T09:31:13-05:00,PUR_IED_GenSantander_Info_6c25b,PUR_IED_GenSantander_Info_6c25b,,,,,
2026-09-12T09:31:13-05:00,PUR_IED_GustavoMo_Exterio_75e63d,PUR_IED_GustavoMo_Exterio_75e63d,,,,,
2026-09-12T09:31:13-05:00,PUR_IED_GustavoMo_LabFisi_224d37,PUR_IED_GustavoMo_LabFisi_224d37,,,,,
2026-09-12T09:31:13-05:00,PUR_IED_GustavoMo_S208_3e6918,PUR_IED_GustavoMo_S208_3e6918,,,,,
2026-09-12T09:31:13-05:00,PUR_IED_GustavoR_A02_8cd4a8,PUR_IED_GustavoR_A02_8cd4a8,,,,,
2026-09-12T09:31:13-05:00,PUR_IED_GustavoR_B11_5b0ed,PUR_IED_GustavoR_B11_5b0ed,,,,,
2026-09-12T09:31:13-05:00,PUR_IED_GustavoR_Ext_7a0c90,PUR_IED_GustavoR_Ext_7a0c90,,,,,
2026-09-12T09:31:13-05:00,PUR_IED_HernandoDuran_Ext_8cd82b,PUR_IED_HernandoDuran_Ext_8cd82b,,,,,
2026-09-12T09:31:13-05:00,PUR_IED_HernandoDuran_S24_2772c6,PUR_IED_HernandoDuran_S24_2772c6,,,,,
2026-09-12T09:31:13-05:00,PUR_IED_HernandoDuran_S30_f2de41,PUR_IED_HernandoDuran_S30_f2de41,,,,,
2026-09-12T09:31:13-05:00,PUR_IED_HolguInUr_S1101_8cd732,PUR_IED_HolguInUr_S1101_8cd732,,,,,
2026-09-12T09:31:13-05:00,PUR_IED_HolguinUr_Exter_ddae6d,PUR_IED_HolguinUr_Exter_ddae6d,,,,,
2026-09-12T09:31:13-05:00,PUR_IED_HolguinUr_LabQuim_92b952,PUR_IED_HolguinUr_LabQuim_92b952,,,,,
2026-09-12T09:31:13-05:00,PUR_IED_Isabel-II_Ext_5245cc,PUR_IED_Isabel-II_Ext_5245cc,2,18,60,4.6336,-74.153
2026-09-12T09:31:13-05:00,PUR_IED_Isabel-II_S_idiom_1c29aa,PUR_IED_Isabel-II_S_idiom_1c29aa,,,,,
2026-09-12T09:31:13-05:00,PUR_IED_Isabel-II_S_infor_fd741,PUR_IED_Isabel-II_S_infor_fd741,,,,,
2026-09-12T09:31:13-05:00,PUR_IED_IsidroSur_Exterio_5b90ea,PUR_IED_IsidroSur_Exterio_5b90ea,,,,,
2026-09-12T09:31:13-05:00,PUR_IED_IsidroSur_LabTec_56697a,PUR_IED_IsidroSur_LabTec_56697a,,,,,
2026-09-12T09:31:13-05:00,PUR_IED_IsidroSur_Robotic_b7c38f,PUR_IED_IsidroSur_Robotic_b7c38f,,,,,
2026-09-12T09:31:13-05:00,PUR_IED_IsmaelPerd_Ext_7b6672,PUR_IED_IsmaelPerd_Ext_7b6672,,,,,
2026-09-12T09:31:13-05:00,PUR_IED_IsmaelPerd_Inform_306540,PUR_IED_IsmaelPerd_Inform_306540,,,,,
2026-09-12T09:31:13-05:00,PUR_IED_IsmaelPerd_S30_2e2c83,PUR_IED_IsmaelPerd_S30_2e2c83,,,,,
2026-09-12T09:31:13-05:00,PUR_IED_JLozano_Exter_432910,PUR_IED_JLozano_Exter_432910,,,,,
2026-09-12T09:31:13-05:00,PUR_IED_JLozano_salaMulti_df5125,PUR_IED_JLozano_salaMulti_df5125,,,,,
2026-09-12T09:31:13-05:00,PUR_IED_JMCordoba_206_86f80b,PUR_IED_JMCordoba_206_86f80b,,,,,
2026-09-12T09:31:13-05:00,PUR_IED_JMCordoba_Ext_27ad97,PUR_IED_JMCordoba_Ext_27ad97,,,,,
2026-09-12T09:31:13-05:00,PUR_IED_JMCordoba_S310_d59ab4,PUR_IED_JMCordoba_S310_d59ab4,,,,,
2026-09-12T09:31:13-05:00,PUR_IED_Japon_Ext_549100,PUR_IED_Japon_Ext_549100,,,,,
2026-09-12T09:31:13-05:00,PUR_IED_Japon_Laboratorio_bec51d,PUR_IED_Japon_Laboratorio_bec51d,,,,,
2026-09-12T09:31:13-05:00,PUR_IED_Japon_informatica_d99327,PUR_IED_Japon_informatica_d99327,,,,,
2026-09-12T09:31:13-05:00,PUR_IED_Jazmin_Ext_d27bda,PUR_IED_Jazmin_Ext_d27bda,,,,,
2026-09-12T09:31:13-05:00,PUR_IED_Jazmin_Fisica_8d14d7,PUR_IED_Jazmin_Fisica_8d14d7,,,,,
2026-09-12T09:31:13-05:00,PUR_IED_Jazmin_Quimica_801cb5,PUR_IED_Jazmin_Quimica_801cb5,,,,,
2026-09-12T09:31:13-05:00,PUR_IED_JorgeGaitan_Exter_f098d1,PUR_IED_JorgeGaitan_Exter_f098d1,,,,,
2026-09-12T09:31:13-05:00,PUR_IED_JorgeGaitan_STec1_dc9d1d,PUR_IED_JorgeGaitan_STec1_dc9d1d,,,,,
2026-09-12T09:31:13-05:00,PUR_IED_JorgeGaitan_STec2_281e69,PUR_IED_JorgeGaitan_STec2_281e69,,,,,
2026-09-12T09:31:13-05:00,PUR_IED_JorgeSoto_Exterio_d9d0a2,PUR_IED_JorgeSoto_Exterio_d9d0a2,,,,,
2026-09-12T09:31:13-05:00,PUR_IED_JorgeSoto_LabFisi_209c54,PUR_IED_JorgeSoto_LabFisi_209c54,,,,,
2026-09-12T09:31:13-05:00,PUR_IED_JorgeSoto_S103_27b51a,PUR_IED_JorgeSoto_S103_27b51a,,,,,
2026-09-12T09:31:13-05:00,PUR_IED_JoseAcevedo_A02_e965eb,PUR_IED_JoseAcevedo_A02_e965eb,,,,,
2026-09-12T09:31:13-05:00,PUR_IED_JoseAcevedo_A07_dd5b4,PUR_IED_JoseAcevedo_A07_dd5b4,,,,,
2026-09-12T09:31:13-05:00,PUR_IED_JoseAcevedo_Ext_b47484,PUR_IED_JoseAcevedo_Ext_b47484,,,,,
2026-09-12T09:31:13-05:00,PUR_IED_JoseMarti_Exte_5b9bf,PUR_IED_JoseMarti_Exte_5b9bf,,,,,
2026-09-12T09:31:13-05:00,PUR_IED_JoseMarti_LabQuim_1c6c2d,PUR_IED_JoseMarti_LabQuim_1c6c2d,,,,,
2026-09-12T09:31:13-05:00,PUR_IED_JoseMarti_S_info_f5f177,PUR_IED_JoseMarti_S_info_f5f177,,,,,
2026-09-12T09:31:13-05:00,PUR_IED_Josejoaquin_Ext_dfc5dc,PUR_IED_Josejoaquin_Ext_dfc5dc,,,,,
2026-09-12T09:31:13-05:00,PUR_IED_Josejoaquin_S05_5b2a96,PUR_IED_Josejoaquin_S05_5b2a96,,,,,
2026-09-12T09:31:13-05:00,PUR_IED_Josejoaquin_S06_1ce7d2,PUR_IED_Josejoaquin_S06_1ce7d2,,,,,
2026-09-12T09:31:13-05:00,PUR_IED_JulioFlorez_Danza_9b82dd,PUR_IED_JulioFlorez_Danza_9b82dd,,,,,
2026-09-12T09:31:13-05:00,PUR_IED_JulioFlorez_Exter_f9f314,PUR_IED_JulioFlorez_Exter_f9f314,,,,,
2026-09-12T09:31:13-05:00,PUR_IED_JulioFlorez_info2_6b6e08,PUR_IED_JulioFlorez_info2_6b6e08,,,,,
2026-09-12T09:31:13-05:00,PUR_IED_LaBelleza_Aula13_1d00d8,PUR_IED_LaBelleza_Aula13_1d00d8,,,,,
2026-09-12T09:31:13-05:00,PUR_IED_LaBelleza_Ext_7bc08c,PUR_IED_LaBelleza_Ext_7bc08c,,,,,
2026-09-12T09:31:13-05:00,PUR_IED_LaChucua_Ext_8cd6d2,PUR_IED_LaChucua_Ext_8cd6d2,,,,,
2026-09-12T09:31:13-05:00,PUR_IED_LaChucua_S15_f578ce,PUR_IED_LaChucua_S15_f578ce,,,,,
2026-09-12T09:31:13-05:00,PUR_IED_LaChucua_S16_eebcf9,PUR_IED_LaChucua_S16_eebcf9,,,,,
2026-09-12T09:31:13-05:00,PUR_IED_LaFelicidad_Ext_fb5109,PUR_IED_LaFelicidad_Ext_fb5109,,,,,
2026-09-12T09:31:13-05:00,PUR_IED_LaMerced_206_66ebd,PUR_IED_LaMerced_206_66ebd,,,,,
2026-09-12T09:31:13-05:00,PUR_IED_LaMerced_207_6ebd6,PUR_IED_LaMerced_207_6ebd6,,,,,
2026-09-12T09:31:13-05:00,PUR_IED_LaMerced_ext_304311,PUR_IED_LaMerced_ext_304311,,,,,
2026-09-12T09:31:13-05:00,PUR_IED_Laureano_CiencNat_281e5e,PUR_IED_Laureano_CiencNat_281e5e,,,,,
2026-09-12T09:31:13-05:00,PUR_IED_Laureano_Comedor_f65c0a,PUR_IED_Laureano_Comedor_f65c0a,,,,,
2026-09-12T09:31:13-05:00,PUR_IED_Laureano_Exterior_7ab011,PUR_IED_Laureano_Exterior_7ab011,,,,,
2026-09-12T09:31:13-05:00,PUR_IED_LeonGreiff_Exte_dfe560,PUR_IED_LeonGreiff_Exte_dfe560,,,,,
2026-09-12T09:31:13-05:00,PUR_IED_LeonGreiff_S210_f264ed,PUR_IED_LeonGreiff_S210_f264ed,,,,,
2026-09-12T09:31:13-05:00,PUR_IED_LeonGreiff_SQuimi_e8296f,PUR_IED_LeonGreiff_SQuimi_e8296f,,,,,
2026-09-12T09:31:13-05:00,PUR_IED_LlanoOrientalS208_7b9fcd,PUR_IED_LlanoOrientalS208_7b9fcd,,,,,
2026-09-12T09:31:13-05:00,PUR_IED_LlanoOriental_Ext_fb3766,PUR_IED_LlanoOriental_Ext_fb3766,,,,,
2026-09-12T09:31:13-05:00,PUR_IED_LlanoOriental_S208_7b9fcd,PUR_IED_LlanoOriental_S208_7b9fcd,,,,,
2026-09-12T09:31:13-05:00,PUR_IED_LlanoOriental_S9_27b378,PUR_IED_LlanoOriental_S9_27b378,,,,,
2026-09-12T09:31:13-05:00,PUR_IED_LosTejares_1101_477602,PUR_IED_LosTejares_1101_477602,,,,,
2026-09-12T09:31:13-05:00,PUR_IED_LosTejares_11_d2c595,PUR_IED_LosTejares_11_d2c595,,,,,
2026-09-12T09:31:13-05:00,PUR_IED_LosTejares_12_477602,PUR_IED_LosTejares_12_477602,,,,,
2026-09-12T09:31:13-05:00,PUR_IED_LosTejares_Ext_8e2115,PUR_IED_LosTejares_Ext_8e2115,,,,,
2026-09-12T09:31:13-05:00,PUR_IED_MagdalenaO_B202_5ddda3,PUR_IED_MagdalenaO_B202_5ddda3,,,,,
2026-09-12T09:31:13-05:00,PUR_IED_MagdalenaO_B205_fb76e8,PUR_IED_MagdalenaO_B205_fb76e8,,,,,
2026-09-12T09:31:13-05:00,PUR_IED_MagdalenaO_ext_dc69cd,PUR_IED_MagdalenaO_ext_dc69cd,,,,,
2026-09-12T09:31:13-05:00,PUR_IED_ManueCepeda_artes_eee956,PUR_IED_ManueCepeda_artes_eee956,,,,,
2026-09-12T09:31:13-05:00,PUR_IED_ManuelCepeda_Ext_58313,PUR_IED_ManuelCepeda_Ext_58313,,,,,
2026-09-12T09:31:13-05:00,PUR_IED_ManuelCepeda_tec_1c5731,PUR_IED_ManuelCepeda_tec_1c5731,,,,,
2026-09-12T09:31:13-05:00,PUR_IED_ManuelS_Exterior_5b269,PUR_IED_ManuelS_Exterior_5b269,,,,,
2026-09-12T09:31:13-05:00,PUR_IED_ManuelS_Inform_f369ce,PUR_IED_ManuelS_Inform_f369ce,,,,,
2026-09-12T09:31:13-05:00,PUR_IED_ManuelS_SArtes_7d15f1,PUR_IED_ManuelS_SArtes_7d15f1,,,,,
2026-09-12T09:31:13-05:00,PUR_IED_ManuelZapata_303_3ca6,PUR_IED_ManuelZapata_303_3ca6,,,,,
2026-09-12T09:31:13-05:00,PUR_IED_ManuelZapata_311_bfbabc,PUR_IED_ManuelZapata_311_bfbabc,,,,,
2026-09-12T09:31:13-05:00,PUR_IED_ManuelZapata_Ext_50824a,PUR_IED_ManuelZapata_Ext_50824a,,,,,
2026-09-12T09:31:13-05:00,PUR_IED_ManuelitaS_Exteri_656a92,PUR_IED_ManuelitaS_Exteri_656a92,,,,,
2026-09-12T09:31:13-05:00,PUR_IED_ManuelitaS_JuzgDe_f58ec3,PUR_IED_ManuelitaS_JuzgDe_f58ec3,,,,,
2026-09-12T09:31:13-05:00,PUR_IED_ManuelitaS_Recrea_d793db,PUR_IED_ManuelitaS_Recrea_d793db,,,,,
2026-09-12T09:31:13-05:00,PUR_IED_MarFidSuarez_Ext_c27b19,PUR_IED_MarFidSuarez_Ext_c27b19,,,,,
2026-09-12T09:31:13-05:00,PUR_IED_MarFidSuarez_Info_e384d7,PUR_IED_MarFidSuarez_Info_e384d7,,,,,
2026-09-12T09:31:13-05:00,PUR_IED_MarFidSuarez_S306_1d0032,PUR_IED_MarFidSuarez_S306_1d0032,,,,,
2026-09-12T09:31:13-05:00,PUR_IED_Menorah_301_2a25a3,PUR_IED_Menorah_301_2a25a3,,,,,
2026-09-12T09:31:13-05:00,PUR_IED_Menorah_306_37ed3,PUR_IED_Menorah_306_37ed3,,,,,
2026-09-12T09:31:13-05:00,PUR_IED_Menorah_Ext_3e155b,PUR_IED_Menorah_Ext_3e155b,,,,,
2026-09-12T09:31:13-05:00,PUR_IED_MinutoB.Aires_A11_1b1604,PUR_IED_MinutoB.Aires_A11_1b1604,,,,,
2026-09-12T09:31:13-05:00,PUR_IED_MinutoB.Aires_A12_fb5860,PUR_IED_MinutoB.Aires_A12_fb5860,,,,,
2026-09-12T09:31:13-05:00,PUR_IED_MinutoB.Aires_Ext_81293f,PUR_IED_MinutoB.Aires_Ext_81293f,,,,,
2026-09-12T09:31:13-05:00,PUR_IED_MinutoBAires_A11_1b1604,PUR_IED_MinutoBAires_A11_1b1604,,,,,
2026-09-12T09:31:13-05:00,PUR_IED_MinutoBAires_A12_fb5860,PUR_IED_MinutoBAires_A12_fb5860,,,,,
2026-09-12T09:31:13-05:00,PUR_IED_MinutoBAires_Ext_81293f,PUR_IED_MinutoBAires_Ext_81293f,,,,,
2026-09-12T09:31:13-05:00,PUR_IED_Montreal_Aula10_1e4959,PUR_IED_Montreal_Aula10_1e4959,,,,,
2026-09-12T09:31:13-05:00,PUR_IED_Montreal_Aula6_300367,PUR_IED_Montreal_Aula6_300367,,,,,
2026-09-12T09:31:13-05:00,PUR_IED_Montreal_Exterior_91a179,PUR_IED_Montreal_Exterior_91a179,,,,,
2026-09-12T09:31:13-05:00,PUR_IED_Mqgdalena_B202_5ddda3,PUR_IED_Mqgdalena_B202_5ddda3,,,,,
2026-09-12T09:31:13-05:00,PUR_IED_NACUND_Soc_dc8728,PUR_IED_NACUND_Soc_dc8728,,,,,
2026-09-12T09:31:13-05:00,PUR_IED_NACUND_ext_27ad97,PUR_IED_NACUND_ext_27ad97,,,,,
2026-09-12T09:31:13-05:00,PUR_IED_NEsperanza_Ext_d24b61,PUR_IED_NEsperanza_Ext_d24b61,,,,,
2026-09-12T09:31:13-05:00,PUR_IED_NEsperanza_SElect_7d1807,PUR_IED_NEsperanza_SElect_7d1807,,,,,
2026-09-12T09:31:13-05:00,PUR_IED_NEsperanza_SLabor_8b2d0a,PUR_IED_NEsperanza_SLabor_8b2d0a,,,,,
2026-09-12T09:31:13-05:00,PUR_IED_NacionesU_Ext_f661a9,PUR_IED_NacionesU_Ext_f661a9,,,,,
2026-09-12T09:31:13-05:00,PUR_IED_NacionesU_Quimica_66f0a,PUR_IED_NacionesU_Quimica_66f0a,,,,,
2026-09-12T09:31:13-05:00,PUR_IED_NacionesU_S306_1b4b3d,PUR_IED_NacionesU_S306_1b4b3d,,,,,
2026-09-12T09:31:13-05:00,PUR_IED_NestorFA_Ext_e4201c,PUR_IED_NestorFA_Ext_e4201c,,,,,
2026-09-12T09:31:13-05:00,PUR_IED_NestorFA_Laborato_f22fe0,PUR_IED_NestorFA_Laborato_f22fe0,,,,,
2026-09-12T09:31:13-05:00,PUR_IED_NestorFA_S204_dee996,PUR_IED_NestorFA_S204_dee996,,,,,
2026-09-12T09:31:13-05:00,PUR_IED_NidyaQT_Aula03_76999b,PUR_IED_NidyaQT_Aula03_76999b,,,,,
2026-09-12T09:31:13-05:00,PUR_IED_NidyaQT_Aula10_56325,PUR_IED_NidyaQT_Aula10_56325,,,,,
2026-09-12T09:31:13-05:00,PUR_IED_NidyaQT_Ext_46e32d,PUR_IED_NidyaQT_Ext_46e32d,,,,,
2026-09-12T09:31:13-05:00,PUR_IED_NuevaCol_Exterior_d9b859,PUR_IED_NuevaCol_Exterior_d9b859,,,,,
2026-09-12T09:31:13-05:00,PUR_IED_NuevaCol_S1101_76c43b,PUR_IED_NuevaCol_S1101_76c43b,,,,,
2026-09-12T09:31:13-05:00,PUR_IED_NuevaCol_S1102_1ce0b5,PUR_IED_NuevaCol_S1102_1ce0b5,,,,,
2026-09-12T09:31:13-05:00,PUR_IED_OEA_A202_f7e3f2,PUR_IED_OEA_A202_f7e3f2,,,,,
2026-09-12T09:31:13-05:00,PUR_IED_OEA_A203_7d1b8d,PUR_IED_OEA_A203_7d1b8d,,,,,
2026-09-12T09:31:13-05:00,PUR_IED_OEA_Ext_27b593,PUR_IED_OEA_Ext_27b593,,,,,
2026-09-12T09:31:13-05:00,PUR_IED_Ochoa_Ext_1c29da,PUR_IED_Ochoa_Ext_1c29da,,,,,
2026-09-12T09:31:13-05:00,PUR_IED_Ochoa_S205_8b1121,PUR_IED_Ochoa_S205_8b1121,,,,,
2026-09-12T09:31:13-05:00,PUR_IED_Ochoa_Sistemas_f33af6,PUR_IED_Ochoa_Sistemas_f33af6,,,,,
2026-09-12T09:31:13-05:00,PUR_IED_PQuebec_Ext_1c67c7,PUR_IED_PQuebec_Ext_1c67c7,,,,,
2026-09-12T09:31:13-05:00,PUR_IED_PQuebec_S15_23e8e2,PUR_IED_PQuebec_S15_23e8e2,,,,,
2026-09-12T09:31:13-05:00,PUR_IED_PQuebec_S16_8ec76b,PUR_IED_PQuebec_S16_8ec76b,,,,,
2026-09-12T09:31:13-05:00,PUR_IED_PabloN_Ext_49dc96,PUR_IED_PabloN_Ext_49dc96,,,,,
2026-09-12T09:31:13-05:00,PUR_IED_PabloN_S1102_4e3df5,PUR_IED_PabloN_S1102_4e3df5,,,,,
2026-09-12T09:31:13-05:00,PUR_IED_PabloN_S1103_50c94b,PUR_IED_PabloN_S1103_50c94b,,,,,
2026-09-12T09:31:13-05:00,PUR_IED_Palestina_S1101_db9198,PUR_IED_Palestina_S1101_db9198,,,,,
2026-09-12T09:31:13-05:00,PUR_IED_Palestina_S1102_dc54fa,PUR_IED_Palestina_S1102_dc54fa,,,,,
2026-09-12T09:31:13-05:00,PUR_IED_Palestina_ext_4ccce6,PUR_IED_Palestina_ext_4ccce6,,,,,
2026-09-12T09:31:13-05:00,PUR_IED_Panama_Fisica_4d0794,PUR_IED_Panama_Fisica_4d0794,,,,,
2026-09-12T09:31:13-05:00,PUR_IED_Panama_SIngles_a4077e,PUR_IED_Panama_SIngles_a4077e,,,,,
2026-09-12T09:31:13-05:00,PUR_IED_Panama_ext_4c54b4,PUR_IED_Panama_ext_4c54b4,,,,,
2026-09-12T09:31:13-05:00,PUR_IED_ParaisoM_Exterior_8cd7f0,PUR_IED_ParaisoM_Exterior_8cd7f0,,,,,
2026-09-12T09:31:13-05:00,PUR_IED_ParaisoM_Laborato_27af35,PUR_IED_ParaisoM_Laborato_27af35,,,,,
2026-09-12T09:31:13-05:00,PUR_IED_ParaisoM_S304_d1edca,PUR_IED_ParaisoM_S304_d1edca,,,,,
2026-09-12T09:31:13-05:00,PUR_IED_PorfirioBarba_Ext_301466,PUR_IED_PorfirioBarba_Ext_301466,,,,,
2026-09-12T09:31:13-05:00,PUR_IED_PorfirioBarba_S11_df6cd2,PUR_IED_PorfirioBarba_S11_df6cd2,,,,,
2026-09-12T09:31:13-05:00,PUR_IED_PorfirioBarba_S29_27a7d6,PUR_IED_PorfirioBarba_S29_27a7d6,,,,,
2026-09-12T09:31:13-05:00,PUR_IED_PradoV_Exter_8b27ad,PUR_IED_PradoV_Exter_8b27ad,,,,,
2026-09-12T09:31:13-05:00,PUR_IED_PradoV_S301_de65b5,PUR_IED_PradoV_S301_de65b5,,,,,
2026-09-12T09:31:13-05:00,PUR_IED_PradoV_S302_7d2593,PUR_IED_PradoV_S302_7d2593,,,,,
2026-09-12T09:31:13-05:00,PUR_IED_QuirogaAlz_Ext_1ddc82,PUR_IED_QuirogaAlz_Ext_1ddc82,,,,,
2026-09-12T09:31:13-05:00,PUR_IED_QuirogaAlz_S302_9926a3,PUR_IED_QuirogaAlz_S302_9926a3,,,,,
2026-09-12T09:31:13-05:00,PUR_IED_QuirogaAlz_S305_cdf1f1,PUR_IED_QuirogaAlz_S305_cdf1f1,,,,,
2026-09-12T09:31:13-05:00,PUR_IED_RGuatemala_Biling_dc53b7,PUR_IED_RGuatemala_Biling_dc53b7,,,,,
2026-09-12T09:31:13-05:00,PUR_IED_RGuatemala_Ext_1b89a3,PUR_IED_RGuatemala_Ext_1b89a3,,,,,
2026-09-12T09:31:13-05:00,PUR_IED_RGuatemala_Tecnol_281a34,PUR_IED_RGuatemala_Tecnol_281a34,,,,,
2026-09-12T09:31:13-05:00,PUR_IED_RafaNu_Ext_f7c302,PUR_IED_RafaNu_Ext_f7c302,,,,,
2026-09-12T09:31:13-05:00,PUR_IED_RafaNu_S1101_25fde,PUR_IED_RafaNu_S1101_25fde,,,,,
2026-09-12T09:31:13-05:00,PUR_IED_RafaNu_S1102_281517,PUR_IED_RafaNu_S1102_281517,,,,,
2026-09-12T09:31:13-05:00,PUR_IED_RafaelB_S305_ee2783,PUR_IED_RafaelB_S305_ee2783,,,,,
2026-09-12T09:31:13-05:00,PUR_IED_RafaelB_S306_75fe33,PUR_IED_RafaelB_S306_75fe33,,,,,
2026-09-12T09:31:13-05:00,PUR_IED_RafaelB_ext_283336,PUR_IED_RafaelB_ext_283336,2,19,58,4.6722,-74.0737
2026-09-12T09:31:13-05:00,PUR_IED_RafaelUU_Exterior_281a51,PUR_IED_RafaelUU_Exterior_281a51,,,,,
2026-09-12T09:31:13-05:00,PUR_IED_RafaelUU_Human_806b2,PUR_IED_RafaelUU_Human_806b2,,,,,
2026-09-12T09:31:13-05:00,PUR_IED_RafaelUU_Mate2_5680d4,PUR_IED_RafaelUU_Mate2_5680d4,,,,,
2026-09-12T09:31:13-05:00,PUR_IED_RamonSub_Ext_f9eeb9,PUR_IED_RamonSub_Ext_f9eeb9,,,,,
2026-09-12T09:31:13-05:00,PUR_IED_RamonSub_Media_d1f62f,PUR_IED_RamonSub_Media_d1f62f,,,,,
2026-09-12T09:31:13-05:00,PUR_IED_RamonSub_planta_51b82,PUR_IED_RamonSub_planta_51b82,,,,,
2026-09-12T09:31:13-05:00,PUR_IED_RepBoliVene_Exter_27af7c,PUR_IED_RepBoliVene_Exter_27af7c,,,,,
2026-09-12T09:31:13-05:00,PUR_IED_RepBoliVene_SCPT_5ae2ee,PUR_IED_RepBoliVene_SCPT_5ae2ee,,,,,
2026-09-12T09:31:13-05:00,PUR_IED_RepBoliVene_Socia_4b11d5,PUR_IED_RepBoliVene_Socia_4b11d5,,,,,
2026-09-12T09:31:13-05:00,PUR_IED_RepChina_Ext_76d9ee,PUR_IED_RepChina_Ext_76d9ee,,,,,
2026-09-12T09:31:13-05:00,PUR_IED_RepChina_S404_7c804c,PUR_IED_RepChina_S404_7c804c,,,,,
2026-09-12T09:31:13-05:00,PUR_IED_RepChina_S405_df2c33,PUR_IED_RepChina_S405_df2c33,,,,,
2026-09-12T09:31:13-05:00,PUR_IED_RepublicaC_Exteri_7d1ec9,PUR_IED_RepublicaC_Exteri_7d1ec9,,,,,
2026-09-12T09:31:13-05:00,PUR_IED_RepublicaC_S1101_f544b3,PUR_IED_RepublicaC_S1101_f544b3,,,,,
2026-09-12T09:31:13-05:00,PUR_IED_RepublicaC_S1102_7aafc7,PUR_IED_RepublicaC_S1102_7aafc7,,,,,
2026-09-12T09:31:13-05:00,PUR_IED_Ricaurte_Externo_a0ea1,PUR_IED_Ricaurte_Externo_a0ea1,,,,,
2026-09-12T09:31:13-05:00,PUR_IED_Ricaurte_S210_f546fd,PUR_IED_Ricaurte_S210_f546fd,,,,,
2026-09-12T09:31:13-05:00,PUR_IED_Ricaurte_S309_d4452,PUR_IED_Ricaurte_S309_d4452,,,,,
2026-09-12T09:31:13-05:00,PUR_IED_RogelioS_1102_531e69,PUR_IED_RogelioS_1102_531e69,,,,,
2026-09-12T09:31:13-05:00,PUR_IED_RogelioS_Ext_f25a18,PUR_IED_RogelioS_Ext_f25a18,,,,,
2026-09-12T09:31:13-05:00,PUR_IED_SBernardino_Ext_27aff8,PUR_IED_SBernardino_Ext_27aff8,,,,,
2026-09-12T09:31:13-05:00,PUR_IED_SBernardino_SArte_2ffd33,PUR_IED_SBernardino_SArte_2ffd33,,,,,
2026-09-12T09:31:13-05:00,PUR_IED_SBernardino_SIngl_7c7da5,PUR_IED_SBernardino_SIngl_7c7da5,,,,,
2026-09-12T09:31:13-05:00,PUR_IED_Sago_auditorio_dc9d1d,PUR_IED_Sago_auditorio_dc9d1d,,,,,
2026-09-12T09:31:13-05:00,PUR_IED_Saludcoop_Ext_95aac3,PUR_IED_Saludcoop_Ext_95aac3,,,,,
2026-09-12T09:31:13-05:00,PUR_IED_Saludcoop_InfI_90c854,PUR_IED_Saludcoop_InfI_90c854,,,,,
2026-09-12T09:31:13-05:00,PUR_IED_Saludcoop_SMedia_1b93be,PUR_IED_Saludcoop_SMedia_1b93be,,,,,
2026-09-12T09:31:13-05:00,PUR_IED_SanCarlos_1101_1a2360,PUR_IED_SanCarlos_1101_1a2360,,,,,
2026-09-12T09:31:13-05:00,PUR_IED_SanCarlos_1103_7bafb5,PUR_IED_SanCarlos_1103_7bafb5,,,,,
2026-09-12T09:31:13-05:00,PUR_IED_SanCarlos_Ext_b7cd1,PUR_IED_SanCarlos_Ext_b7cd1,,,,,
2026-09-12T09:31:13-05:00,PUR_IED_SanIgnacioBosa11a_50c26e,PUR_IED_SanIgnacioBosa11a_50c26e,,,,,
2026-09-12T09:31:13-05:00,PUR_IED_SanIgnacioBosa11b_371de8,PUR_IED_SanIgnacioBosa11b_371de8,,,,,
2026-09-12T09:31:13-05:00,PUR_IED_SanIgnacioBosaExt_ef0ffc,PUR_IED_SanIgnacioBosaExt_ef0ffc,,,,,
2026-09-12T09:31:13-05:00,PUR_IED_SanIgnacioBosa_11a_50c26e,PUR_IED_SanIgnacioBosa_11a_50c26e,,,,,
2026-09-12T09:31:13-05:00,PUR_IED_SanIgnacioBosa_Ext_ef0ffc,PUR_IED_SanIgnacioBosa_Ext_ef0ffc,,,,,
2026-09-12T09:31:13-05:00,PUR_IED_SanJoseN_intS1101_31c47f,PUR_IED_SanJoseN_intS1101_31c47f,,,,,
2026-09-12T09:31:13-05:00,PUR_IED_SanJoseUsm_Exter_f5d7e8,PUR_IED_SanJoseUsm_Exter_f5d7e8,,,,,
2026-09-12T09:31:13-05:00,PUR_IED_SanJoseUsm_Int11A_cfdef6,PUR_IED_SanJoseUsm_Int11A_cfdef6,,,,,
2026-09-12T09:31:13-05:00,PUR_IED_SilveriaR_IntB5_905349,PUR_IED_SilveriaR_IntB5_905349,,,,,
2026-09-12T09:31:13-05:00,PUR_IED_SilveriaR_IntSD14_981f93,PUR_IED_SilveriaR_IntSD14_981f93,,,,,
2026-09-12T09:31:13-05:00,PUR_IED_SilveriaR_ext_2b651d,PUR_IED_SilveriaR_ext_2b651d,,,,,
2026-09-12T09:31:13-05:00,PUR_IED_SimonB_Exterior_913975,PUR_IED_SimonB_Exterior_913975,,,,,
2026-09-12T09:31:13-05:00,PUR_IED_SimonB_LabQuimi_c56908,PUR_IED_SimonB_LabQuimi_c56908,,,,,
2026-09-12T09:31:13-05:00,PUR_IED_SimonB_informatic_a28c1,PUR_IED_SimonB_informatic_a28c1,,,,,
2026-09-12T09:31:13-05:00,PUR_IED_Sorrento_1102_315f50,PUR_IED_Sorrento_1102_315f50,,,,,
2026-09-12T09:31:13-05:00,PUR_IED_Sorrento_Minte_214eab,PUR_IED_Sorrento_Minte_214eab,,,,,
2026-09-12T09:31:13-05:00,PUR_IED_Sorrento_ext_7c3a0a,PUR_IED_Sorrento_ext_7c3a0a,,,,,
2026-09-12T09:31:13-05:00,PUR_IED_Tabora_Ext_f048ae,PUR_IED_Tabora_Ext_f048ae,,,,,
2026-09-12T09:31:13-05:00,PUR_IED_Tabora_S1102_b07752,PUR_IED_Tabora_S1102_b07752,,,,,
2026-09-12T09:31:13-05:00,PUR_IED_Tabora_S1103_d988f5,PUR_IED_Tabora_S1103_d988f5,,,,,
2026-09-12T09:31:13-05:00,PUR_IED_Tenerife_Ext_1ab188,PUR_IED_Tenerife_Ext_1ab188,,,,,
2026-09-12T09:31:13-05:00,PUR_IED_Tenerife_SDanzas_7bc02e,PUR_IED_Tenerife_SDanzas_7bc02e,,,,,
2026-09-12T09:31:13-05:00,PUR_IED_Tenerife_SIngles_7cc277,PUR_IED_Tenerife_SIngles_7cc277,,,,,
2026-09-12T09:31:13-05:00,PUR_IED_Tibabuyes_Exter_f2683d,PUR_IED_Tibabuyes_Exter_f2683d,,,,,
2026-09-12T09:31:13-05:00,PUR_IED_Tibabuyes_S10_dc87a8,PUR_IED_Tibabuyes_S10_dc87a8,,,,,
2026-09-12T09:31:13-05:00,PUR_IED_Tibabuyes_S15_dc0526,PUR_IED_Tibabuyes_S15_dc0526,,,,,
2026-09-12T09:31:13-05:00,PUR_IED_UnionE_S301_a1043,PUR_IED_UnionE_S301_a1043,,,,,
2026-09-12T09:31:13-05:00,PUR_IED_UnionE_S307_ff6c2f,PUR_IED_UnionE_S307_ff6c2f,,,,,
2026-09-12T09:31:13-05:00,PUR_IED_UnionE__Ext_5e2468,PUR_IED_UnionE__Ext_5e2468,,,,,
2026-09-12T09:31:13-05:00,PUR_IED_VillaRica_Ext_75be7c,PUR_IED_VillaRica_Ext_75be7c,,,,,
2026-09-12T09:31:13-05:00,PUR_IED_VillaRica_S4_cc5dcd,PUR_IED_VillaRica_S4_cc5dcd,,,,,
2026-09-12T09:31:13-05:00,PUR_IED_VillaRica_Sesp_99f5c,PUR_IED_VillaRica_Sesp_99f5c,,,,,
2026-09-12T09:36:07-05:00,PUR_IED_20deJulio_1101_91b1b9,PUR_IED_20deJulio_1101_91b1b9,,,,,
2026-09-12T09:36:07-05:00,PUR_IED_20deJulio_1102_1cfcf9,PUR_IED_20deJulio_1102_1cfcf9,,,,,
2026-09-12T09:36:07-05:00,PUR_IED_20deJulio_Ext_ab60bd,PUR_IED_20deJulio_Ext_ab60bd,,,,,
2026-09-12T09:36:07-05:00,PUR_IED_AgustinFer_Ext_7b9b77,PUR_IED_AgustinFer_Ext_7b9b77,,,,,
2026-09-12T09:36:07-05:00,PUR_IED_AgustinFer_Info2_27b3a7,PUR_IED_AgustinFer_Info2_27b3a7,,,,,
2026-09-12T09:36:07-05:00,PUR_IED_AgustinFer_Sena_54b4eb,PUR_IED_AgustinFer_Sena_54b4eb,,,,,
2026-09-12T09:36:07-05:00,PUR_IED_AlexanderF_1102_caf07b,PUR_IED_AlexanderF_1102_caf07b,,,,,
2026-09-12T09:36:07-05:00,PUR_IED_AlexanderF_1103_c79e71,PUR_IED_AlexanderF_1103_c79e71,,,,,
2026-09-12T09:36:07-05:00,PUR_IED_AlexanderF_Ext_c5b18b,PUR_IED_AlexanderF_Ext_c5b18b,,,,,
2026-09-12T09:36:07-05:00,PUR_IED_AlfonsoLopez_Ext_281d77,PUR_IED_AlfonsoLopez_Ext_281d77,,,,,
2026-09-12T09:36:07-05:00,PUR_IED_AlfonsoLopez_LabF_888ce0,PUR_IED_AlfonsoLopez_LabF_888ce0,,,,,
2026-09-12T09:36:07-05:00,PUR_IED_AlfonsoLopez_SMed_df6a7f,PUR_IED_AlfonsoLopez_SMed_df6a7f,,,,,
2026-09-12T09:36:07-05:00,PUR_IED_AltamiraSO_A2_209f92,PUR_IED_AltamiraSO_A2_209f92,,,,,
2026-09-12T09:36:07-05:00,PUR_IED_AltamiraSO_Ext_186d66,PUR_IED_AltamiraSO_Ext_186d66,,,,,
2026-09-12T09:36:07-05:00,PUR_IED_AltamiraSO_Sistem_27afe1,PUR_IED_AltamiraSO_Sistem_27afe1,,,,,
2026-09-12T09:36:07-05:00,PUR_IED_AlvaroGom_LabQuim_813179,PUR_IED_AlvaroGom_LabQuim_813179,,,,,
2026-09-12T09:36:07-05:00,PUR_IED_AlvaroGomez_Ext_47c7ca,PUR_IED_AlvaroGomez_Ext_47c7ca,,,,,
2026-09-12T09:36:07-05:00,PUR_IED_AlvaroGomez_LabQuim_813179,PUR_IED_AlvaroGomez_LabQuim_813179,,,,,
2026-09-12T09:36:07-05:00,PUR_IED_AlvaroGomez_S23_7ba89f,PUR_IED_AlvaroGomez_S23_7ba89f,,,,,
2026-09-12T09:36:07-05:00,PUR_IED_Amistad_306_dc8728,PUR_IED_Amistad_306_dc8728,,,,,
2026-09-12T09:36:07-05:00,PUR_IED_Amistad_Ext_8cd55e,PUR_IED_Amistad_Ext_8cd55e,,,,,
2026-09-12T09:36:07-05:00,PUR_IED_Amistad_S202_a41169,PUR_IED_Amistad_S202_a41169,,,,,
2026-09-12T09:36:07-05:00,PUR_IED_AndresBello_Bio_fd5f5e,PUR_IED_AndresBello_Bio_fd5f5e,,,,,
2026-09-12T09:36:07-05:00,PUR_IED_AndresBello_ext_dcad65,PUR_IED_AndresBello_ext_dcad65,,,,,
2026-09-12T09:36:07-05:00,PUR_IED_AndresBello_port_eed3ec,PUR_IED_AndresBello_port_eed3ec,,,,,
2026-09-12T09:36:07-05:00,PUR_IED_AngelaR_11b_d90a6b,PUR_IED_AngelaR_11b_d90a6b,,,,,
2026-09-12T09:36:07-05:00,PUR_IED_AngelaR_ext_7cad3e,PUR_IED_AngelaR_ext_7cad3e,3,19,64,4.5825,-74.164497
2026-09-12T09:36:07-05:00,PUR_IED_AntJoseSucre_10mo_df2575,PUR_IED_AntJoseSucre_10mo_df2575,,,,,
2026-09-12T09:36:07-05:00,PUR_IED_AntJoseSucre_Ext_215b36,PUR_IED_AntJoseSucre_Ext_215b36,,,,,
2026-09-12T09:36:07-05:00,PUR_IED_AntJoseSucre_Lab_3139de,PUR_IED_AntJoseSucre_Lab_3139de,,,,,
2026-09-12T09:36:07-05:00,PUR_IED_AntonioGarcia_301_d6b188,PUR_IED_AntonioGarcia_301_d6b188,,,,,
2026-09-12T09:36:07-05:00,PUR_IED_AntonioGarcia_302_88a82,PUR_IED_AntonioGarcia_302_88a82,,,,,
2026-09-12T09:36:07-05:00,PUR_IED_AntonioGarcia_Ext_20950c,PUR_IED_AntonioGarcia_Ext_20950c,,,,,
2026-09-12T09:36:07-05:00,PUR_IED_AntonioVan_Aula2_6dea02,PUR_IED_AntonioVan_Aula2_6dea02,,,,,
2026-09-12T09:36:07-05:00,PUR_IED_AntonioVan_Aula5_f1557e,PUR_IED_AntonioVan_Aula5_f1557e,,,,,
2026-09-12T09:36:07-05:00,PUR_IED_AntonioVan_Ext_406f2f,PUR_IED_AntonioVan_Ext_406f2f,,,,,
2026-09-12T09:36:07-05:00,PUR_IED_Atabanzha_Ext_cc5af9,PUR_IED_Atabanzha_Ext_cc5af9,,,,,
2026-09-12T09:36:07-05:00,PUR_IED_Atabanzha_SA101_56c37,PUR_IED_Atabanzha_SA101_56c37,,,,,
2026-09-12T09:36:07-05:00,PUR_IED_Atabanzha_SB302_27b374,PUR_IED_Atabanzha_SB302_27b374,,,,,
2026-09-12T09:36:07-05:00,PUR_IED_Atahualpa_Ext_fc1748,PUR_IED_Atahualpa_Ext_fc1748,,,,,
2026-09-12T09:36:07-05:00,PUR_IED_Atahualpa_Informa_dc9a95,PUR_IED_Atahualpa_Informa_dc9a95,,,,,
2026-09-12T09:36:07-05:00,PUR_IED_Atahualpa_S1101_f98056,PUR_IED_Atahualpa_S1101_f98056,,,,,
2026-09-12T09:36:07-05:00,PUR_IED_Bellavista_Ext_f5aa74,PUR_IED_Bellavista_Ext_f5aa74,,,,,
2026-09-12T09:36:07-05:00,PUR_IED_Bilbao_11A_916c41,PUR_IED_Bilbao_11A_916c41,,,,,
2026-09-12T09:36:07-05:00,PUR_IED_Bilbao_Ext_fb579a,PUR_IED_Bilbao_Ext_fb579a,,,,,
2026-09-12T09:36:07-05:00,PUR_IED_BrasiliaU_A125_304280,PUR_IED_BrasiliaU_A125_304280,,,,,
2026-09-12T09:36:07-05:00,PUR_IED_BrasiliaU_A203_7c8ca5,PUR_IED_BrasiliaU_A203_7c8ca5,,,,,
2026-09-12T09:36:07-05:00,PUR_IED_BrasiliaU_Ext_8d6e9f,PUR_IED_BrasiliaU_Ext_8d6e9f,,,,,
2026-09-12T09:36:07-05:00,PUR_IED_Brasilia_Ext_fe6593,PUR_IED_Brasilia_Ext_fe6593,,,,,
2026-09-12T09:36:07-05:00,PUR_IED_Brasilia_S24_7c130d,PUR_IED_Brasilia_S24_7c130d,,,,,
2026-09-12T09:36:07-05:00,PUR_IED_Brasilia_S501_186a54,PUR_IED_Brasilia_S501_186a54,,,,,
2026-09-12T09:36:07-05:00,PUR_IED_CHARRY_EXT_f1d5cd,PUR_IED_CHARRY_EXT_f1d5cd,,,,,
2026-09-12T09:36:07-05:00,PUR_IED_CHARRY_INTDANZAS_7a08e6,PUR_IED_CHARRY_INTDANZAS_7a08e6,,,,,
2026-09-12T09:36:07-05:00,PUR_IED_CHARRY_INT_AULA20_dc998d,PUR_IED_CHARRY_INT_AULA20_dc998d,,,,,
2026-09-12T09:36:07-05:00,PUR_IED_COLVIV_1101_S25_7f520a,PUR_IED_COLVIV_1101_S25_7f520a,,,,,
2026-09-12T09:36:07-05:00,PUR_IED_COLVIV_1102_S16_f570ba,PUR_IED_COLVIV_1102_S16_f570ba,,,,,
2026-09-12T09:36:07-05:00,PUR_IED_COLVIV_Ext_1a26fa,PUR_IED_COLVIV_Ext_1a26fa,,,,,
2026-09-12T09:36:07-05:00,PUR_IED_CULPOP_301A_f660f3,PUR_IED_CULPOP_301A_f660f3,,,,,
2026-09-12T09:36:07-05:00,PUR_IED_CULPOP_303_568afe,PUR_IED_CULPOP_303_568afe,,,,,
2026-09-12T09:36:07-05:00,PUR_IED_CULPOP_Ext_e02ccb,PUR_IED_CULPOP_Ext_e02ccb,,,,,
2026-09-12T09:36:07-05:00,PUR_IED_CVillavicen_Ext_26eb58,PUR_IED_CVillavicen_Ext_26eb58,7,16,80,4.487,-74.102798
2026-09-12T09:36:07-05:00,PUR_IED_CVillavicen_Intel_1ce5c2,PUR_IED_CVillavicen_Intel_1ce5c2,,,,,
2026-09-12T09:36:07-05:00,PUR_IED_CVillavicen_Poliv_e0766c,PUR_IED_CVillavicen_Poliv_e0766c,,,,,
2026-09-12T09:36:07-05:00,PUR_IED_CVillavicen_int_1ba140,PUR_IED_CVillavicen_int_1ba140,,,,,
2026-09-12T09:36:07-05:00,PUR_IED_CVillavicen_intel_1ba140,PUR_IED_CVillavicen_intel_1ba140,,,,,
2026-09-12T09:36:07-05:00,PUR_IED_CarlosPizarro_Ext_e307cc,PUR_IED_CarlosPizarro_Ext_e307cc,,,,,
2026-09-12T09:36:07-05:00,PUR_IED_CarlosPizarro_L36_7e5cdb,PUR_IED_CarlosPizarro_L36_7e5cdb,,,,,
2026-09-12T09:36:07-05:00,PUR_IED_CarlosPizarro_L37_c8566c,PUR_IED_CarlosPizarro_L37_c8566c,,,,,
2026-09-12T09:36:07-05:00,PUR_IED_Castilla_Ext_cf35f,PUR_IED_Castilla_Ext_cf35f,,,,,
2026-09-12T09:36:07-05:00,PUR_IED_Castilla_SFisik_360e38,PUR_IED_Castilla_SFisik_360e38,,,,,
2026-09-12T09:36:07-05:00,PUR_IED_Castilla_Sc304_496fbf,PUR_IED_Castilla_Sc304_496fbf,,,,,
2026-09-12T09:36:07-05:00,PUR_IED_CervantesSa_Ext_6b57b,PUR_IED_CervantesSa_Ext_6b57b,2,18,70,4.5128,-74.117203
2026-09-12T09:36:07-05:00,PUR_IED_CervantesSa_S107_225c2b,PUR_IED_CervantesSa_S107_225c2b,,,,,
2026-09-12T09:36:07-05:00,PUR_IED_CervantesSa_S108_940925,PUR_IED_CervantesSa_S108_940925,,,,,
2026-09-12T09:36:07-05:00,PUR_IED_Charry_A20_f53e7c,PUR_IED_Charry_A20_f53e7c,,,,,
2026-09-12T09:36:07-05:00,PUR_IED_Charry_Ext_f1d5cd,PUR_IED_Charry_Ext_f1d5cd,,,,,
2026-09-12T09:36:07-05:00,PUR_IED_Charry_IntAula20_dc998d,PUR_IED_Charry_IntAula20_dc998d,,,,,
2026-09-12T09:36:07-05:00,PUR_IED_Charry_IntDanzas_7a08e6,PUR_IED_Charry_IntDanzas_7a08e6,,,,,
2026-09-12T09:36:07-05:00,PUR_IED_ClememciaC_203_43e2fc,PUR_IED_ClememciaC_203_43e2fc,,,,,
2026-09-12T09:36:07-05:00,PUR_IED_ClememciaC_Ext_1b411a,PUR_IED_ClememciaC_Ext_1b411a,,,,,
2026-09-12T09:36:07-05:00,PUR_IED_ClememciaC_Quimic_44b5fc,PUR_IED_ClememciaC_Quimic_44b5fc,,,,,
2026-09-12T09:36:07-05:00,PUR_IED_ClemenciaC_203_43e2fc,PUR_IED_ClemenciaC_203_43e2fc,,,,,
2026-09-12T09:36:07-05:00,PUR_IED_ClemenciaC_Ext_1b411a,PUR_IED_ClemenciaC_Ext_1b411a,,,,,
2026-09-12T09:36:07-05:00,PUR_IED_ClemenciaC_Quimic_44b5fc,PUR_IED_ClemenciaC_Quimic_44b5fc,,,,,
2026-09-12T09:36:07-05:00,PUR_IED_ColViva_1101_S25_7f520a,PUR_IED_ColViva_1101_S25_7f520a,,,,,
2026-09-12T09:36:07-05:00,PUR_IED_ColViva_1102_S16_f570ba,PUR_IED_ColViva_1102_S16_f570ba,,,,,
2026-09-12T09:36:07-05:00,PUR_IED_ColViva_Ext_1a26fa,PUR_IED_ColViva_Ext_1a26fa,,,,,
2026-09-12T09:36:07-05:00,PUR_IED_ColegioBici_Asist_7c8798,PUR_IED_ColegioBici_Asist_7c8798,,,,,
2026-09-12T09:36:07-05:00,PUR_IED_ColegioBici_Ext_25cbf6,PUR_IED_ColegioBici_Ext_25cbf6,,,,,
2026-09-12T09:36:07-05:00,PUR_IED_ColegioBici_LabQ_7b57db,PUR_IED_ColegioBici_LabQ_7b57db,,,,,
2026-09-12T09:36:07-05:00,PUR_IED_CostaRica_Ext_5e640,PUR_IED_CostaRica_Ext_5e640,,,,,
2026-09-12T09:36:07-05:00,PUR_IED_CostaRica_Quim1_766d1c,PUR_IED_CostaRica_Quim1_766d1c,,,,,
2026-09-12T09:36:07-05:00,PUR_IED_CostaRica__Fisica_6f0873,PUR_IED_CostaRica__Fisica_6f0873,,,,,
2026-09-12T09:36:07-05:00,PUR_IED_CulPopu_301A_f660f3,PUR_IED_CulPopu_301A_f660f3,,,,,
2026-09-12T09:36:07-05:00,PUR_IED_CulPopu_303_568afe,PUR_IED_CulPopu_303_568afe,,,,,
2026-09-12T09:36:07-05:00,PUR_IED_CulPopu_Ext_e02ccb,PUR_IED_CulPopu_Ext_e02ccb,,,,,
2026-09-12T09:36:07-05:00,PUR_IED_Cundinamarca_Ext_f15985,PUR_IED_Cundinamarca_Ext_f15985,,,,,
2026-09-12T09:36:07-05:00,PUR_IED_Cundinamarca_Info_7aa5d7,PUR_IED_Cundinamarca_Info_7aa5d7,,,,,
2026-09-12T09:36:07-05:00,PUR_IED_Cundinamarca_Tec2_f449c7,PUR_IED_Cundinamarca_Tec2_f449c7,,,,,
2026-09-12T09:36:07-05:00,PUR_IED_DiegoM_Aula1_27b314,PUR_IED_DiegoM_Aula1_27b314,,,,,
2026-09-12T09:36:07-05:00,PUR_IED_DiegoM_Ext_d80ac8,PUR_IED_DiegoM_Ext_d80ac8,,,,,
2026-09-12T09:36:07-05:00,PUR_IED_DiegoM_S25_da928f,PUR_IED_DiegoM_S25_da928f,,,,,
2026-09-12T09:36:07-05:00,PUR_IED_ELRODEO_360881,PUR_IED_ELRODEO_360881,,,,,
2026-09-12T09:36:07-05:00,PUR_IED_ELRODEO_ext_360881,PUR_IED_ELRODEO_ext_360881,,,,,
2026-09-12T09:36:07-05:00,PUR_IED_EduardoU_Ext_1c1969,PUR_IED_EduardoU_Ext_1c1969,,,,,
2026-09-12T09:36:07-05:00,PUR_IED_EduardoU_SCiencia_4dfb94,PUR_IED_EduardoU_SCiencia_4dfb94,,,,,
2026-09-12T09:36:07-05:00,PUR_IED_EduardoU_SQuimica_5a46e7,PUR_IED_EduardoU_SQuimica_5a46e7,,,,,
2026-09-12T09:36:07-05:00,PUR_IED_ElRodeo_Aula14_676984,PUR_IED_ElRodeo_Aula14_676984,,,,,
2026-09-12T09:36:07-05:00,PUR_IED_ElRodeo_Aula16_2dd35b,PUR_IED_ElRodeo_Aula16_2dd35b,,,,,
2026-09-12T09:36:07-05:00,PUR_IED_ElRodeo_Ext_360881,PUR_IED_ElRodeo_Ext_360881,,,,,
2026-09-12T09:36:07-05:00,PUR_IED_ElRodeo_Exterior_8c6d28,PUR_IED_ElRodeo_Exterior_8c6d28,,,,,
2026-09-12T09:36:07-05:00,PUR_IED_ElRodeo_ext_360881,PUR_IED_ElRodeo_ext_360881,,,,,
2026-09-12T09:36:07-05:00,PUR_IED_EmmaReyes_Ext_987625,PUR_IED_EmmaReyes_Ext_987625,3,21,52,4.6367,-74.1511
2026-09-12T09:36:07-05:00,PUR_IED_Ensueño_Ext_7f0250,PUR_IED_Ensueño_Ext_7f0250,,,,,
2026-09-12T09:36:07-05:00,PUR_IED_EscNormal_Ext_5fef3b,PUR_IED_EscNormal_Ext_5fef3b,2,20,58,4.5852,-74.096901
2026-09-12T09:36:07-05:00,PUR_IED_EscNormal_S309_5b263,PUR_IED_EscNormal_S309_5b263,,,,,
2026-09-12T09:36:07-05:00,PUR_IED_EscNormal_S310_27b3b8,PUR_IED_EscNormal_S310_27b3b8,,,,,
2026-09-12T09:36:07-05:00,PUR_IED_Evangelista_Conta_f6cd4f,PUR_IED_Evangelista_Conta_f6cd4f,,,,,
2026-09-12T09:36:07-05:00,PUR_IED_Evangelista_Cri_5e16a,PUR_IED_Evangelista_Cri_5e16a,,,,,
2026-09-12T09:36:07-05:00,PUR_IED_Evangelista_Exter_754066,PUR_IED_Evangelista_Exter_754066,,,,,
2026-09-12T09:36:07-05:00,PUR_IED_FMiranda_S209_5cc2a3,PUR_IED_FMiranda_S209_5cc2a3,,,,,
2026-09-12T09:36:07-05:00,PUR_IED_FMiranda_S303_19e344,PUR_IED_FMiranda_S303_19e344,,,,,
2026-09-12T09:36:07-05:00,PUR_IED_FMiranda_ext_f53e7c,PUR_IED_FMiranda_ext_f53e7c,,,,,
2026-09-12T09:36:07-05:00,PUR_IED_FabioLozano_Bibli_1cee05,PUR_IED_FabioLozano_Bibli_1cee05,,,,,
2026-09-12T09:36:07-05:00,PUR_IED_FabioLozano_Ext_6ea285,PUR_IED_FabioLozano_Ext_6ea285,,,,,
2026-09-12T09:36:07-05:00,PUR_IED_FabioLozano_SLudi_f09e1e,PUR_IED_FabioLozano_SLudi_f09e1e,,,,,
2026-09-12T09:36:07-05:00,PUR_IED_FaustinoS_Aula07_27a731,PUR_IED_FaustinoS_Aula07_27a731,,,,,
2026-09-12T09:36:07-05:00,PUR_IED_FaustinoS_Ext_7b936f,PUR_IED_FaustinoS_Ext_7b936f,,,,,
2026-09-12T09:36:07-05:00,PUR_IED_FaustinoS_Fisica_da2c60,PUR_IED_FaustinoS_Fisica_da2c60,,,,,
2026-09-12T09:36:07-05:00,PUR_IED_FeGarciaLo_Ext_dc68ee,PUR_IED_FeGarciaLo_Ext_dc68ee,,,,,
2026-09-12T09:36:07-05:00,PUR_IED_FeGarciaLo_SDanza_f70a59,PUR_IED_FeGarciaLo_SDanza_f70a59,,,,,
2026-09-12T09:36:07-05:00,PUR_IED_FeGarciaLo_SMusic_125cdd,PUR_IED_FeGarciaLo_SMusic_125cdd,,,,,
2026-09-12T09:36:07-05:00,PUR_IED_FederalAlema_Exte_50c345,PUR_IED_FederalAlema_Exte_50c345,,,,,
2026-09-12T09:36:07-05:00,PUR_IED_FederalAlema_S31_f18371,PUR_IED_FederalAlema_S31_f18371,,,,,
2026-09-12T09:36:07-05:00,PUR_IED_FederalAlema_S901_a62cd,PUR_IED_FederalAlema_S901_a62cd,,,,,
2026-09-12T09:36:07-05:00,PUR_IED_FilarmonicaS_A5_f35eb1,PUR_IED_FilarmonicaS_A5_f35eb1,,,,,
2026-09-12T09:36:07-05:00,PUR_IED_FilarmonicaS_Ext_8a3bde,PUR_IED_FilarmonicaS_Ext_8a3bde,,,,,
2026-09-12T09:36:07-05:00,PUR_IED_FilarmonicaS_Spol_406114,PUR_IED_FilarmonicaS_Spol_406114,,,,,
2026-09-12T09:36:07-05:00,PUR_IED_FlorentinoG_A13_d1fa59,PUR_IED_FlorentinoG_A13_d1fa59,,,,,
2026-09-12T09:36:07-05:00,PUR_IED_FlorentinoG_Ext_1ce6ce,PUR_IED_FlorentinoG_Ext_1ce6ce,,,,,
2026-09-12T09:36:07-05:00,PUR_IED_FlorentinoG_Idiom_a66aac,PUR_IED_FlorentinoG_Idiom_a66aac,,,,,
2026-09-12T09:36:07-05:00,PUR_IED_FranciscoMati_Ext_e3869d,PUR_IED_FranciscoMati_Ext_e3869d,,,,,
2026-09-12T09:36:07-05:00,PUR_IED_FranciscoMati_S13_f31c67,PUR_IED_FranciscoMati_S13_f31c67,,,,,
2026-09-12T09:36:07-05:00,PUR_IED_FranciscoMati_S14_97dead,PUR_IED_FranciscoMati_S14_97dead,,,,,
2026-09-12T09:36:07-05:00,PUR_IED_FranciscoPS_Ext_7bfa9a,PUR_IED_FranciscoPS_Ext_7bfa9a,2,21,57,4.5899,-74.110397
2026-09-12T09:36:07-05:00,PUR_IED_FranciscoPS_Infor_fb8f4c,PUR_IED_FranciscoPS_Infor_fb8f4c,,,,,
2026-09-12T09:36:07-05:00,PUR_IED_FranciscoPS_Quimi_94d39c,PUR_IED_FranciscoPS_Quimi_94d39c,,,,,
2026-09-12T09:36:07-05:00,PUR_IED_FranciscoP_LabQ_d7e148,PUR_IED_FranciscoP_LabQ_d7e148,,,,,
2026-09-12T09:36:07-05:00,PUR_IED_FranciscoP_S28_cf9b30,PUR_IED_FranciscoP_S28_cf9b30,,,,,
2026-09-12T09:36:07-05:00,PUR_IED_FranciscoP_ext_e2313,PUR_IED_FranciscoP_ext_e2313,,,,,
2026-09-12T09:36:07-05:00,PUR_IED_FriederichN_Ext_8ac92a,PUR_IED_FriederichN_Ext_8ac92a,,,,,
2026-09-12T09:36:07-05:00,PUR_IED_FriederichN_S301_dd7e5a,PUR_IED_FriederichN_S301_dd7e5a,,,,,
2026-09-12T09:36:07-05:00,PUR_IED_FriederichN_S308_761f4f,PUR_IED_FriederichN_S308_761f4f,,,,,
2026-09-12T09:36:07-05:00,PUR_IED_GSantander_Aula10_533dd7,PUR_IED_GSantander_Aula10_533dd7,,,,,
2026-09-12T09:36:07-05:00,PUR_IED_GSantander_Aula12_fd4e4f,PUR_IED_GSantander_Aula12_fd4e4f,,,,,
2026-09-12T09:36:07-05:00,PUR_IED_GSantander_Aula310_533dd7,PUR_IED_GSantander_Aula310_533dd7,,,,,
2026-09-12T09:36:07-05:00,PUR_IED_GSantander_Aula312_fd4e4f,PUR_IED_GSantander_Aula312_fd4e4f,,,,,
2026-09-12T09:36:07-05:00,PUR_IED_GSantander_Ext_5f66b0,PUR_IED_GSantander_Ext_5f66b0,,,,,
2026-09-12T09:36:07-05:00,PUR_IED_GYomasa_Ext_f6bea5,PUR_IED_GYomasa_Ext_f6bea5,,,,,
2026-09-12T09:36:07-05:00,PUR_IED_GYomasa_LBiol_2c41aa,PUR_IED_GYomasa_LBiol_2c41aa,,,,,
2026-09-12T09:36:07-05:00,PUR_IED_GYomasa_LQuim_33c80,PUR_IED_GYomasa_LQuim_33c80,,,,,
2026-09-12T09:36:07-05:00,PUR_IED_GabBetMejia_Cienc_5a99c,PUR_IED_GabBetMejia_Cienc_5a99c,,,,,
2026-09-12T09:36:07-05:00,PUR_IED_GabBetMejia_Ext_9153d0,PUR_IED_GabBetMejia_Ext_9153d0,,,,,
2026-09-12T09:36:07-05:00,PUR_IED_GabBetMejia_Lab_f55347,PUR_IED_GabBetMejia_Lab_f55347,,,,,
2026-09-12T09:36:07-05:00,PUR_IED_GabBetanMejia_Ext_9153d0,PUR_IED_GabBetanMejia_Ext_9153d0,,,,,
2026-09-12T09:36:07-05:00,PUR_IED_Gaitana_Aula13_7aac11,PUR_IED_Gaitana_Aula13_7aac11,,,,,
2026-09-12T09:36:07-05:00,PUR_IED_Gaitana_Ext_5fcf4,PUR_IED_Gaitana_Ext_5fcf4,,,,,
2026-09-12T09:36:07-05:00,PUR_IED_Gaitana_LabFisica_644448,PUR_IED_Gaitana_LabFisica_644448,,,,,
2026-09-12T09:36:07-05:00,PUR_IED_GenSantander_Dise_8ac858,PUR_IED_GenSantander_Dise_8ac858,,,,,
2026-09-12T09:36:07-05:00,PUR_IED_GenSantander_Ext_8d5dfe,PUR_IED_GenSantander_Ext_8d5dfe,,,,,
2026-09-12T09:36:07-05:00,PUR_IED_GenSantander_Info_6c25b,PUR_IED_GenSantander_Info_6c25b,,,,,
2026-09-12T09:36:07-05:00,PUR_IED_GustavoMo_Exterio_75e63d,PUR_IED_GustavoMo_Exterio_75e63d,,,,,
2026-09-12T09:36:07-05:00,PUR_IED_GustavoMo_LabFisi_224d37,PUR_IED_GustavoMo_LabFisi_224d37,,,,,
2026-09-12T09:36:07-05:00,PUR_IED_GustavoMo_S208_3e6918,PUR_IED_GustavoMo_S208_3e6918,,,,,
2026-09-12T09:36:07-05:00,PUR_IED_GustavoR_A02_8cd4a8,PUR_IED_GustavoR_A02_8cd4a8,,,,,
2026-09-12T09:36:07-05:00,PUR_IED_GustavoR_B11_5b0ed,PUR_IED_GustavoR_B11_5b0ed,,,,,
2026-09-12T09:36:07-05:00,PUR_IED_GustavoR_Ext_7a0c90,PUR_IED_GustavoR_Ext_7a0c90,,,,,
2026-09-12T09:36:07-05:00,PUR_IED_HernandoDuran_Ext_8cd82b,PUR_IED_HernandoDuran_Ext_8cd82b,,,,,
2026-09-12T09:36:07-05:00,PUR_IED_HernandoDuran_S24_2772c6,PUR_IED_HernandoDuran_S24_2772c6,,,,,
2026-09-12T09:36:07-05:00,PUR_IED_HernandoDuran_S30_f2de41,PUR_IED_HernandoDuran_S30_f2de41,,,,,
2026-09-12T09:36:07-05:00,PUR_IED_HolguInUr_S1101_8cd732,PUR_IED_HolguInUr_S1101_8cd732,,,,,
2026-09-12T09:36:07-05:00,PUR_IED_HolguinUr_Exter_ddae6d,PUR_IED_HolguinUr_Exter_ddae6d,,,,,
2026-09-12T09:36:07-05:00,PUR_IED_HolguinUr_LabQuim_92b952,PUR_IED_HolguinUr_LabQuim_92b952,,,,,
2026-09-12T09:36:07-05:00,PUR_IED_Isabel-II_Ext_5245cc,PUR_IED_Isabel-II_Ext_5245cc,2,19,59,4.6336,-74.153
2026-09-12T09:36:07-05:00,PUR_IED_Isabel-II_S_idiom_1c29aa,PUR_IED_Isabel-II_S_idiom_1c29aa,,,,,
2026-09-12T09:36:07-05:00,PUR_IED_Isabel-II_S_infor_fd741,PUR_IED_Isabel-II_S_infor_fd741,,,,,
2026-09-12T09:36:07-05:00,PUR_IED_IsidroSur_Exterio_5b90ea,PUR_IED_IsidroSur_Exterio_5b90ea,,,,,
2026-09-12T09:36:07-05:00,PUR_IED_IsidroSur_LabTec_56697a,PUR_IED_IsidroSur_LabTec_56697a,,,,,
2026-09-12T09:36:07-05:00,PUR_IED_IsidroSur_Robotic_b7c38f,PUR_IED_IsidroSur_Robotic_b7c38f,,,,,
2026-09-12T09:36:07-05:00,PUR_IED_IsmaelPerd_Ext_7b6672,PUR_IED_IsmaelPerd_Ext_7b6672,,,,,
2026-09-12T09:36:07-05:00,PUR_IED_IsmaelPerd_Inform_306540,PUR_IED_IsmaelPerd_Inform_306540,,,,,
2026-09-12T09:36:07-05:00,PUR_IED_IsmaelPerd_S30_2e2c83,PUR_IED_IsmaelPerd_S30_2e2c83,,,,,
2026-09-12T09:36:07-05:00,PUR_IED_JLozano_Exter_432910,PUR_IED_JLozano_Exter_432910,,,,,
2026-09-12T09:36:07-05:00,PUR_IED_JLozano_salaMulti_df5125,PUR_IED_JLozano_salaMulti_df5125,,,,,
2026-09-12T09:36:07-05:00,PUR_IED_JMCordoba_206_86f80b,PUR_IED_JMCordoba_206_86f80b,,,,,
2026-09-12T09:36:07-05:00,PUR_IED_JMCordoba_Ext_27ad97,PUR_IED_JMCordoba_Ext_27ad97,,,,,
2026-09-12T09:36:07-05:00,PUR_IED_JMCordoba_S310_d59ab4,PUR_IED_JMCordoba_S310_d59ab4,,,,,
2026-09-12T09:36:07-05:00,PUR_IED_Japon_Ext_549100,PUR_IED_Japon_Ext_549100,,,,,
2026-09-12T09:36:07-05:00,PUR_IED_Japon_Laboratorio_bec51d,PUR_IED_Japon_Laboratorio_bec51d,,,,,
2026-09-12T09:36:07-05:00,PUR_IED_Japon_informatica_d99327,PUR_IED_Japon_informatica_d99327,,,,,
2026-09-12T09:36:07-05:00,PUR_IED_Jazmin_Ext_d27bda,PUR_IED_Jazmin_Ext_d27bda,,,,,
2026-09-12T09:36:07-05:00,PUR_IED_Jazmin_Fisica_8d14d7,PUR_IED_Jazmin_Fisica_8d14d7,,,,,
2026-09-12T09:36:07-05:00,PUR_IED_Jazmin_Quimica_801cb5,PUR_IED_Jazmin_Quimica_801cb5,,,,,
2026-09-12T09:36:07-05:00,PUR_IED_JorgeGaitan_Exter_f098d1,PUR_IED_JorgeGaitan_Exter_f098d1,,,,,
2026-09-12T09:36:07-05:00,PUR_IED_JorgeGaitan_STec1_dc9d1d,PUR_IED_JorgeGaitan_STec1_dc9d1d,,,,,
2026-09-12T09:36:07-05:00,PUR_IED_JorgeGaitan_STec2_281e69,PUR_IED_JorgeGaitan_STec2_281e69,,,,,
2026-09-12T09:36:07-05:00,PUR_IED_JorgeSoto_Exterio_d9d0a2,PUR_IED_JorgeSoto_Exterio_d9d0a2,,,,,
2026-09-12T09:36:07-05:00,PUR_IED_JorgeSoto_LabFisi_209c54,PUR_IED_JorgeSoto_LabFisi_209c54,,,,,
2026-09-12T09:36:07-05:00,PUR_IED_JorgeSoto_S103_27b51a,PUR_IED_JorgeSoto_S103_27b51a,,,,,
2026-09-12T09:36:07-05:00,PUR_IED_JoseAcevedo_A02_e965eb,PUR_IED_JoseAcevedo_A02_e965eb,,,,,
2026-09-12T09:36:07-05:00,PUR_IED_JoseAcevedo_A07_dd5b4,PUR_IED_JoseAcevedo_A07_dd5b4,,,,,
2026-09-12T09:36:07-05:00,PUR_IED_JoseAcevedo_Ext_b47484,PUR_IED_JoseAcevedo_Ext_b47484,,,,,
2026-09-12T09:36:07-05:00,PUR_IED_JoseMarti_Exte_5b9bf,PUR_IED_JoseMarti_Exte_5b9bf,,,,,
2026-09-12T09:36:07-05:00,PUR_IED_JoseMarti_LabQuim_1c6c2d,PUR_IED_JoseMarti_LabQuim_1c6c2d,,,,,
2026-09-12T09:36:07-05:00,PUR_IED_JoseMarti_S_info_f5f177,PUR_IED_JoseMarti_S_info_f5f177,,,,,
2026-09-12T09:36:07-05:00,PUR_IED_Josejoaquin_Ext_dfc5dc,PUR_IED_Josejoaquin_Ext_dfc5dc,,,,,
2026-09-12T09:36:07-05:00,PUR_IED_Josejoaquin_S05_5b2a96,PUR_IED_Josejoaquin_S05_5b2a96,,,,,
2026-09-12T09:36:07-05:00,PUR_IED_Josejoaquin_S06_1ce7d2,PUR_IED_Josejoaquin_S06_1ce7d2,,,,,
2026-09-12T09:36:07-05:00,PUR_IED_JulioFlorez_Danza_9b82dd,PUR_IED_JulioFlorez_Danza_9b82dd,,,,,
2026-09-12T09:36:07-05:00,PUR_IED_JulioFlorez_Exter_f9f314,PUR_IED_JulioFlorez_Exter_f9f314,,,,,
2026-09-12T09:36:07-05:00,PUR_IED_JulioFlorez_info2_6b6e08,PUR_IED_JulioFlorez_info2_6b6e08,,,,,
2026-09-12T09:36:07-05:00,PUR_IED_LaBelleza_Aula13_1d00d8,PUR_IED_LaBelleza_Aula13_1d00d8,,,,,
2026-09-12T09:36:07-05:00,PUR_IED_LaBelleza_Ext_7bc08c,PUR_IED_LaBelleza_Ext_7bc08c,,,,,
2026-09-12T09:36:07-05:00,PUR_IED_LaChucua_Ext_8cd6d2,PUR_IED_LaChucua_Ext_8cd6d2,,,,,
2026-09-12T09:36:07-05:00,PUR_IED_LaChucua_S15_f578ce,PUR_IED_LaChucua_S15_f578ce,,,,,
2026-09-12T09:36:07-05:00,PUR_IED_LaChucua_S16_eebcf9,PUR_IED_LaChucua_S16_eebcf9,,,,,
2026-09-12T09:36:07-05:00,PUR_IED_LaFelicidad_Ext_fb5109,PUR_IED_LaFelicidad_Ext_fb5109,,,,,
2026-09-12T09:36:07-05:00,PUR_IED_LaMerced_206_66ebd,PUR_IED_LaMerced_206_66ebd,,,,,
2026-09-12T09:36:07-05:00,PUR_IED_LaMerced_207_6ebd6,PUR_IED_LaMerced_207_6ebd6,,,,,
2026-09-12T09:36:07-05:00,PUR_IED_LaMerced_ext_304311,PUR_IED_LaMerced_ext_304311,,,,,
2026-09-12T09:36:07-05:00,PUR_IED_Laureano_CiencNat_281e5e,PUR_IED_Laureano_CiencNat_281e5e,,,,,
2026-09-12T09:36:07-05:00,PUR_IED_Laureano_Comedor_f65c0a,PUR_IED_Laureano_Comedor_f65c0a,,,,,
2026-09-12T09:36:07-05:00,PUR_IED_Laureano_Exterior_7ab011,PUR_IED_Laureano_Exterior_7ab011,,,,,
2026-09-12T09:36:07-05:00,PUR_IED_LeonGreiff_Exte_dfe560,PUR_IED_LeonGreiff_Exte_dfe560,,,,,
2026-09-12T09:36:07-05:00,PUR_IED_LeonGreiff_S210_f264ed,PUR_IED_LeonGreiff_S210_f264ed,,,,,
2026-09-12T09:36:07-05:00,PUR_IED_LeonGreiff_SQuimi_e8296f,PUR_IED_LeonGreiff_SQuimi_e8296f,,,,,
2026-09-12T09:36:07-05:00,PUR_IED_LlanoOrientalS208_7b9fcd,PUR_IED_LlanoOrientalS208_7b9fcd,,,,,
2026-09-12T09:36:07-05:00,PUR_IED_LlanoOriental_Ext_fb3766,PUR_IED_LlanoOriental_Ext_fb3766,,,,,
2026-09-12T09:36:07-05:00,PUR_IED_LlanoOriental_S208_7b9fcd,PUR_IED_LlanoOriental_S208_7b9fcd,,,,,
2026-09-12T09:36:07-05:00,PUR_IED_LlanoOriental_S9_27b378,PUR_IED_LlanoOriental_S9_27b378,,,,,
2026-09-12T09:36:07-05:00,PUR_IED_LosTejares_1101_477602,PUR_IED_LosTejares_1101_477602,,,,,
2026-09-12T09:36:07-05:00,PUR_IED_LosTejares_11_d2c595,PUR_IED_LosTejares_11_d2c595,,,,,
2026-09-12T09:36:07-05:00,PUR_IED_LosTejares_12_477602,PUR_IED_LosTejares_12_477602,,,,,
2026-09-12T09:36:07-05:00,PUR_IED_LosTejares_Ext_8e2115,PUR_IED_LosTejares_Ext_8e2115,,,,,
2026-09-12T09:36:07-05:00,PUR_IED_MagdalenaO_B202_5ddda3,PUR_IED_MagdalenaO_B202_5ddda3,,,,,
2026-09-12T09:36:07-05:00,PUR_IED_MagdalenaO_B205_fb76e8,PUR_IED_MagdalenaO_B205_fb76e8,,,,,
2026-09-12T09:36:07-05:00,PUR_IED_MagdalenaO_ext_dc69cd,PUR_IED_MagdalenaO_ext_dc69cd,,,,,
2026-09-12T09:36:07-05:00,PUR_IED_ManueCepeda_artes_eee956,PUR_IED_ManueCepeda_artes_eee956,,,,,
2026-09-12T09:36:07-05:00,PUR_IED_ManuelCepeda_Ext_58313,PUR_IED_ManuelCepeda_Ext_58313,,,,,
2026-09-12T09:36:07-05:00,PUR_IED_ManuelCepeda_tec_1c5731,PUR_IED_ManuelCepeda_tec_1c5731,,,,,
2026-09-12T09:36:07-05:00,PUR_IED_ManuelS_Exterior_5b269,PUR_IED_ManuelS_Exterior_5b269,,,,,
2026-09-12T09:36:07-05:00,PUR_IED_ManuelS_Inform_f369ce,PUR_IED_ManuelS_Inform_f369ce,,,,,
2026-09-12T09:36:07-05:00,PUR_IED_ManuelS_SArtes_7d15f1,PUR_IED_ManuelS_SArtes_7d15f1,,,,,
2026-09-12T09:36:07-05:00,PUR_IED_ManuelZapata_303_3ca6,PUR_IED_ManuelZapata_303_3ca6,,,,,
2026-09-12T09:36:07-05:00,PUR_IED_ManuelZapata_311_bfbabc,PUR_IED_ManuelZapata_311_bfbabc,,,,,
2026-09-12T09:36:07-05:00,PUR_IED_ManuelZapata_Ext_50824a,PUR_IED_ManuelZapata_Ext_50824a,,,,,
2026-09-12T09:36:07-05:00,PUR_IED_ManuelitaS_Exteri_656a92,PUR_IED_ManuelitaS_Exteri_656a92,,,,,
2026-09-12T09:36:07-05:00,PUR_IED_ManuelitaS_JuzgDe_f58ec3,PUR_IED_ManuelitaS_JuzgDe_f58ec3,,,,,
2026-09-12T09:36:07-05:00,PUR_IED_ManuelitaS_Recrea_d793db,PUR_IED_ManuelitaS_Recrea_d793db,,,,,
2026-09-12T09:36:07-05:00,PUR_IED_MarFidSuarez_Ext_c27b19,PUR_IED_MarFidSuarez_Ext_c27b19,,,,,
2026-09-12T09:36:07-05:00,PUR_IED_MarFidSuarez_Info_e384d7,PUR_IED_MarFidSuarez_Info_e384d7,,,,,
2026-09-12T09:36:07-05:00,PUR_IED_MarFidSuarez_S306_1d0032,PUR_IED_MarFidSuarez_S306_1d0032,,,,,
2026-09-12T09:36:07-05:00,PUR_IED_Menorah_301_2a25a3,PUR_IED_Menorah_301_2a25a3,,,,,
2026-09-12T09:36:07-05:00,PUR_IED_Menorah_306_37ed3,PUR_IED_Menorah_306_37ed3,,,,,
2026-09-12T09:36:07-05:00,PUR_IED_Menorah_Ext_3e155b,PUR_IED_Menorah_Ext_3e155b,,,,,
2026-09-12T09:36:07-05:00,PUR_IED_MinutoB.Aires_A11_1b1604,PUR_IED_MinutoB.Aires_A11_1b1604,,,,,
2026-09-12T09:36:07-05:00,PUR_IED_MinutoB.Aires_A12_fb5860,PUR_IED_MinutoB.Aires_A12_fb5860,,,,,
2026-09-12T09:36:07-05:00,PUR_IED_MinutoB.Aires_Ext_81293f,PUR_IED_MinutoB.Aires_Ext_81293f,,,,,
2026-09-12T09:36:07-05:00,PUR_IED_MinutoBAires_A11_1b1604,PUR_IED_MinutoBAires_A11_1b1604,,,,,
2026-09-12T09:36:07-05:00,PUR_IED_MinutoBAires_A12_fb5860,PUR_IED_MinutoBAires_A12_fb5860,,,,,
2026-09-12T09:36:07-05:00,PUR_IED_MinutoBAires_Ext_81293f,PUR_IED_MinutoBAires_Ext_81293f,,,,,
2026-09-12T09:36:07-05:00,PUR_IED_Montreal_Aula10_1e4959,PUR_IED_Montreal_Aula10_1e4959,,,,,
2026-09-12T09:36:07-05:00,PUR_IED_Montreal_Aula6_300367,PUR_IED_Montreal_Aula6_300367,,,,,
2026-09-12T09:36:07-05:00,PUR_IED_Montreal_Exterior_91a179,PUR_IED_Montreal_Exterior_91a179,,,,,
2026-09-12T09:36:07-05:00,PUR_IED_Mqgdalena_B202_5ddda3,PUR_IED_Mqgdalena_B202_5ddda3,,,,,
2026-09-12T09:36:07-05:00,PUR_IED_NACUND_Soc_dc8728,PUR_IED_NACUND_Soc_dc8728,,,,,
2026-09-12T09:36:07-05:00,PUR_IED_NACUND_ext_27ad97,PUR_IED_NACUND_ext_27ad97,,,,,
2026-09-12T09:36:07-05:00,PUR_IED_NEsperanza_Ext_d24b61,PUR_IED_NEsperanza_Ext_d24b61,,,,,
2026-09-12T09:36:07-05:00,PUR_IED_NEsperanza_SElect_7d1807,PUR_IED_NEsperanza_SElect_7d1807,,,,,
2026-09-12T09:36:07-05:00,PUR_IED_NEsperanza_SLabor_8b2d0a,PUR_IED_NEsperanza_SLabor_8b2d0a,,,,,
2026-09-12T09:36:07-05:00,PUR_IED_NacionesU_Ext_f661a9,PUR_IED_NacionesU_Ext_f661a9,,,,,
2026-09-12T09:36:07-05:00,PUR_IED_NacionesU_Quimica_66f0a,PUR_IED_NacionesU_Quimica_66f0a,,,,,
2026-09-12T09:36:07-05:00,PUR_IED_NacionesU_S306_1b4b3d,PUR_IED_NacionesU_S306_1b4b3d,,,,,
2026-09-12T09:36:07-05:00,PUR_IED_NestorFA_Ext_e4201c,PUR_IED_NestorFA_Ext_e4201c,,,,,
2026-09-12T09:36:07-05:00,PUR_IED_NestorFA_Laborato_f22fe0,PUR_IED_NestorFA_Laborato_f22fe0,,,,,
2026-09-12T09:36:07-05:00,PUR_IED_NestorFA_S204_dee996,PUR_IED_NestorFA_S204_dee996,,,,,
2026-09-12T09:36:07-05:00,PUR_IED_NidyaQT_Aula03_76999b,PUR_IED_NidyaQT_Aula03_76999b,,,,,
2026-09-12T09:36:07-05:00,PUR_IED_NidyaQT_Aula10_56325,PUR_IED_NidyaQT_Aula10_56325,,,,,
2026-09-12T09:36:07-05:00,PUR_IED_NidyaQT_Ext_46e32d,PUR_IED_NidyaQT_Ext_46e32d,,,,,
2026-09-12T09:36:07-05:00,PUR_IED_NuevaCol_Exterior_d9b859,PUR_IED_NuevaCol_Exterior_d9b859,,,,,
2026-09-12T09:36:07-05:00,PUR_IED_NuevaCol_S1101_76c43b,PUR_IED_NuevaCol_S1101_76c43b,,,,,
2026-09-12T09:36:07-05:00,PUR_IED_NuevaCol_S1102_1ce0b5,PUR_IED_NuevaCol_S1102_1ce0b5,,,,,
2026-09-12T09:36:07-05:00,PUR_IED_OEA_A202_f7e3f2,PUR_IED_OEA_A202_f7e3f2,,,,,
2026-09-12T09:36:07-05:00,PUR_IED_OEA_A203_7d1b8d,PUR_IED_OEA_A203_7d1b8d,,,,,
2026-09-12T09:36:07-05:00,PUR_IED_OEA_Ext_27b593,PUR_IED_OEA_Ext_27b593,,,,,
2026-09-12T09:36:07-05:00,PUR_IED_Ochoa_Ext_1c29da,PUR_IED_Ochoa_Ext_1c29da,,,,,
2026-09-12T09:36:07-05:00,PUR_IED_Ochoa_S205_8b1121,PUR_IED_Ochoa_S205_8b1121,,,,,
2026-09-12T09:36:07-05:00,PUR_IED_Ochoa_Sistemas_f33af6,PUR_IED_Ochoa_Sistemas_f33af6,,,,,
2026-09-12T09:36:07-05:00,PUR_IED_PQuebec_Ext_1c67c7,PUR_IED_PQuebec_Ext_1c67c7,,,,,
2026-09-12T09:36:07-05:00,PUR_IED_PQuebec_S15_23e8e2,PUR_IED_PQuebec_S15_23e8e2,,,,,
2026-09-12T09:36:07-05:00,PUR_IED_PQuebec_S16_8ec76b,PUR_IED_PQuebec_S16_8ec76b,,,,,
2026-09-12T09:36:07-05:00,PUR_IED_PabloN_Ext_49dc96,PUR_IED_PabloN_Ext_49dc96,,,,,
2026-09-12T09:36:07-05:00,PUR_IED_PabloN_S1102_4e3df5,PUR_IED_PabloN_S1102_4e3df5,,,,,
2026-09-12T09:36:07-05:00,PUR_IED_PabloN_S1103_50c94b,PUR_IED_PabloN_S1103_50c94b,,,,,
2026-09-12T09:36:07-05:00,PUR_IED_Palestina_S1101_db9198,PUR_IED_Palestina_S1101_db9198,,,,,
2026-09-12T09:36:07-05:00,PUR_IED_Palestina_S1102_dc54fa,PUR_IED_Palestina_S1102_dc54fa,,,,,
2026-09-12T09:36:07-05:00,PUR_IED_Palestina_ext_4ccce6,PUR_IED_Palestina_ext_4ccce6,,,,,
2026-09-12T09:36:07-05:00,PUR_IED_Panama_Fisica_4d0794,PUR_IED_Panama_Fisica_4d0794,,,,,
2026-09-12T09:36:07-05:00,PUR_IED_Panama_SIngles_a4077e,PUR_IED_Panama_SIngles_a4077e,,,,,
2026-09-12T09:36:07-05:00,PUR_IED_Panama_ext_4c54b4,PUR_IED_Panama_ext_4c54b4,,,,,
2026-09-12T09:36:07-05:00,PUR_IED_ParaisoM_Exterior_8cd7f0,PUR_IED_ParaisoM_Exterior_8cd7f0,,,,,
2026-09-12T09:36:07-05:00,PUR_IED_ParaisoM_Laborato_27af35,PUR_IED_ParaisoM_Laborato_27af35,,,,,
2026-09-12T09:36:07-05:00,PUR_IED_ParaisoM_S304_d1edca,PUR_IED_ParaisoM_S304_d1edca,,,,,
2026-09-12T09:36:07-05:00,PUR_IED_PorfirioBarba_Ext_301466,PUR_IED_PorfirioBarba_Ext_301466,,,,,
2026-09-12T09:36:07-05:00,PUR_IED_PorfirioBarba_S11_df6cd2,PUR_IED_PorfirioBarba_S11_df6cd2,,,,,
2026-09-12T09:36:07-05:00,PUR_IED_PorfirioBarba_S29_27a7d6,PUR_IED_PorfirioBarba_S29_27a7d6,,,,,
2026-09-12T09:36:07-05:00,PUR_IED_PradoV_Exter_8b27ad,PUR_IED_PradoV_Exter_8b27ad,,,,,
2026-09-12T09:36:07-05:00,PUR_IED_PradoV_S301_de65b5,PUR_IED_PradoV_S301_de65b5,,,,,
2026-09-12T09:36:07-05:00,PUR_IED_PradoV_S302_7d2593,PUR_IED_PradoV_S302_7d2593,,,,,
2026-09-12T09:36:07-05:00,PUR_IED_QuirogaAlz_Ext_1ddc82,PUR_IED_QuirogaAlz_Ext_1ddc82,,,,,
2026-09-12T09:36:07-05:00,PUR_IED_QuirogaAlz_S302_9926a3,PUR_IED_QuirogaAlz_S302_9926a3,,,,,
2026-09-12T09:36:07-05:00,PUR_IED_QuirogaAlz_S305_cdf1f1,PUR_IED_QuirogaAlz_S305_cdf1f1,,,,,
2026-09-12T09:36:07-05:00,PUR_IED_RGuatemala_Biling_dc53b7,PUR_IED_RGuatemala_Biling_dc53b7,,,,,
2026-09-12T09:36:07-05:00,PUR_IED_RGuatemala_Ext_1b89a3,PUR_IED_RGuatemala_Ext_1b89a3,,,,,
2026-09-12T09:36:07-05:00,PUR_IED_RGuatemala_Tecnol_281a34,PUR_IED_RGuatemala_Tecnol_281a34,,,,,
2026-09-12T09:36:07-05:00,PUR_IED_RafaNu_Ext_f7c302,PUR_IED_RafaNu_Ext_f7c302,,,,,
2026-09-12T09:36:07-05:00,PUR_IED_RafaNu_S1101_25fde,PUR_IED_RafaNu_S1101_25fde,,,,,
2026-09-12T09:36:07-05:00,PUR_IED_RafaNu_S1102_281517,PUR_IED_RafaNu_S1102_281517,,,,,
2026-09-12T09:36:07-05:00,PUR_IED_RafaelB_S305_ee2783,PUR_IED_RafaelB_S305_ee2783,,,,,
2026-09-12T09:36:07-05:00,PUR_IED_RafaelB_S306_75fe33,PUR_IED_RafaelB_S306_75fe33,,,,,
2026-09-12T09:36:07-05:00,PUR_IED_RafaelB_ext_283336,PUR_IED_RafaelB_ext_283336,2,19,58,4.6722,-74.0737
2026-09-12T09:36:07-05:00,PUR_IED_RafaelUU_Exterior_281a51,PUR_IED_RafaelUU_Exterior_281a51,,,,,
2026-09-12T09:36:07-05:00,PUR_IED_RafaelUU_Human_806b2,PUR_IED_RafaelUU_Human_806b2,,,,,
2026-09-12T09:36:07-05:00,PUR_IED_RafaelUU_Mate2_5680d4,PUR_IED_RafaelUU_Mate2_5680d4,,,,,
2026-09-12T09:36:07-05:00,PUR_IED_RamonSub_Ext_f9eeb9,PUR_IED_RamonSub_Ext_f9eeb9,,,,,
2026-09-12T09:36:07-05:00,PUR_IED_RamonSub_Media_d1f62f,PUR_IED_RamonSub_Media_d1f62f,,,,,
2026-09-12T09:36:07-05:00,PUR_IED_RamonSub_planta_51b82,PUR_IED_RamonSub_planta_51b82,,,,,
2026-09-12T09:36:07-05:00,PUR_IED_RepBoliVene_Exter_27af7c,PUR_IED_RepBoliVene_Exter_27af7c,,,,,
2026-09-12T09:36:07-05:00,PUR_IED_RepBoliVene_SCPT_5ae2ee,PUR_IED_RepBoliVene_SCPT_5ae2ee,,,,,
2026-09-12T09:36:07-05:00,PUR_IED_RepBoliVene_Socia_4b11d5,PUR_IED_RepBoliVene_Socia_4b11d5,,,,,
2026-09-12T09:36:07-05:00,PUR_IED_RepChina_Ext_76d9ee,PUR_IED_RepChina_Ext_76d9ee,,,,,
2026-09-12T09:36:07-05:00,PUR_IED_RepChina_S404_7c804c,PUR_IED_RepChina_S404_7c804c,,,,,
2026-09-12T09:36:07-05:00,PUR_IED_RepChina_S405_df2c33,PUR_IED_RepChina_S405_df2c33,,,,,
2026-09-12T09:36:07-05:00,PUR_IED_RepublicaC_Exteri_7d1ec9,PUR_IED_RepublicaC_Exteri_7d1ec9,,,,,
2026-09-12T09:36:07-05:00,PUR_IED_RepublicaC_S1101_f544b3,PUR_IED_RepublicaC_S1101_f544b3,,,,,
2026-09-12T09:36:07-05:00,PUR_IED_RepublicaC_S1102_7aafc7,PUR_IED_RepublicaC_S1102_7aafc7,,,,,
2026-09-12T09:36:07-05:00,PUR_IED_Ricaurte_Externo_a0ea1,PUR_IED_Ricaurte_Externo_a0ea1,,,,,
2026-09-12T09:36:07-05:00,PUR_IED_Ricaurte_S210_f546fd,PUR_IED_Ricaurte_S210_f546fd,,,,,
2026-09-12T09:36:07-05:00,PUR_IED_Ricaurte_S309_d4452,PUR_IED_Ricaurte_S309_d4452,,,,,
2026-09-12T09:36:07-05:00,PUR_IED_RogelioS_1102_531e69,PUR_IED_RogelioS_1102_531e69,,,,,
2026-09-12T09:36:07-05:00,PUR_IED_RogelioS_Ext_f25a18,PUR_IED_RogelioS_Ext_f25a18,,,,,
2026-09-12T09:36:07-05:00,PUR_IED_SBernardino_Ext_27aff8,PUR_IED_SBernardino_Ext_27aff8,,,,,
2026-09-12T09:36:07-05:00,PUR_IED_SBernardino_SArte_2ffd33,PUR_IED_SBernardino_SArte_2ffd33,,,,,
2026-09-12T09:36:07-05:00,PUR_IED_SBernardino_SIngl_7c7da5,PUR_IED_SBernardino_SIngl_7c7da5,,,,,
2026-09-12T09:36:07-05:00,PUR_IED_Sago_auditorio_dc9d1d,PUR_IED_Sago_auditorio_dc9d1d,,,,,
2026-09-12T09:36:07-05:00,PUR_IED_Saludcoop_Ext_95aac3,PUR_IED_Saludcoop_Ext_95aac3,,,,,
2026-09-12T09:36:07-05:00,PUR_IED_Saludcoop_InfI_90c854,PUR_IED_Saludcoop_InfI_90c854,,,,,
2026-09-12T09:36:07-05:00,PUR_IED_Saludcoop_SMedia_1b93be,PUR_IED_Saludcoop_SMedia_1b93be,,,,,
2026-09-12T09:36:07-05:00,PUR_IED_SanCarlos_1101_1a2360,PUR_IED_SanCarlos_1101_1a2360,,,,,
2026-09-12T09:36:07-05:00,PUR_IED_SanCarlos_1103_7bafb5,PUR_IED_SanCarlos_1103_7bafb5,,,,,
2026-09-12T09:36:07-05:00,PUR_IED_SanCarlos_Ext_b7cd1,PUR_IED_SanCarlos_Ext_b7cd1,,,,,
2026-09-12T09:36:07-05:00,PUR_IED_SanIgnacioBosa11a_50c26e,PUR_IED_SanIgnacioBosa11a_50c26e,,,,,
2026-09-12T09:36:07-05:00,PUR_IED_SanIgnacioBosa11b_371de8,PUR_IED_SanIgnacioBosa11b_371de8,,,,,
2026-09-12T09:36:07-05:00,PUR_IED_SanIgnacioBosaExt_ef0ffc,PUR_IED_SanIgnacioBosaExt_ef0ffc,,,,,
2026-09-12T09:36:07-05:00,PUR_IED_SanIgnacioBosa_11a_50c26e,PUR_IED_SanIgnacioBosa_11a_50c26e,,,,,
2026-09-12T09:36:07-05:00,PUR_IED_SanIgnacioBosa_Ext_ef0ffc,PUR_IED_SanIgnacioBosa_Ext_ef0ffc,,,,,
2026-09-12T09:36:07-05:00,PUR_IED_SanJoseN_intS1101_31c47f,PUR_IED_SanJoseN_intS1101_31c47f,,,,,
2026-09-12T09:36:07-05:00,PUR_IED_SanJoseUsm_Exter_f5d7e8,PUR_IED_SanJoseUsm_Exter_f5d7e8,,,,,
2026-09-12T09:36:07-05:00,PUR_IED_SanJoseUsm_Int11A_cfdef6,PUR_IED_SanJoseUsm_Int11A_cfdef6,,,,,
2026-09-12T09:36:07-05:00,PUR_IED_SilveriaR_IntB5_905349,PUR_IED_SilveriaR_IntB5_905349,,,,,
2026-09-12T09:36:07-05:00,PUR_IED_SilveriaR_IntSD14_981f93,PUR_IED_SilveriaR_IntSD14_981f93,,,,,
2026-09-12T09:36:07-05:00,PUR_IED_SilveriaR_ext_2b651d,PUR_IED_SilveriaR_ext_2b651d,,,,,
2026-09-12T09:36:07-05:00,PUR_IED_SimonB_Exterior_913975,PUR_IED_SimonB_Exterior_913975,,,,,
2026-09-12T09:36:07-05:00,PUR_IED_SimonB_LabQuimi_c56908,PUR_IED_SimonB_LabQuimi_c56908,,,,,
2026-09-12T09:36:07-05:00,PUR_IED_SimonB_informatic_a28c1,PUR_IED_SimonB_informatic_a28c1,,,,,
2026-09-12T09:36:07-05:00,PUR_IED_Sorrento_1102_315f50,PUR_IED_Sorrento_1102_315f50,,,,,
2026-09-12T09:36:07-05:00,PUR_IED_Sorrento_Minte_214eab,PUR_IED_Sorrento_Minte_214eab,,,,,
2026-09-12T09:36:07-05:00,PUR_IED_Sorrento_ext_7c3a0a,PUR_IED_Sorrento_ext_7c3a0a,,,,,
2026-09-12T09:36:07-05:00,PUR_IED_Tabora_Ext_f048ae,PUR_IED_Tabora_Ext_f048ae,,,,,
2026-09-12T09:36:07-05:00,PUR_IED_Tabora_S1102_b07752,PUR_IED_Tabora_S1102_b07752,,,,,
2026-09-12T09:36:07-05:00,PUR_IED_Tabora_S1103_d988f5,PUR_IED_Tabora_S1103_d988f5,,,,,
2026-09-12T09:36:07-05:00,PUR_IED_Tenerife_Ext_1ab188,PUR_IED_Tenerife_Ext_1ab188,,,,,
2026-09-12T09:36:07-05:00,PUR_IED_Tenerife_SDanzas_7bc02e,PUR_IED_Tenerife_SDanzas_7bc02e,,,,,
2026-09-12T09:36:07-05:00,PUR_IED_Tenerife_SIngles_7cc277,PUR_IED_Tenerife_SIngles_7cc277,,,,,
2026-09-12T09:36:07-05:00,PUR_IED_Tibabuyes_Exter_f2683d,PUR_IED_Tibabuyes_Exter_f2683d,,,,,
2026-09-12T09:36:07-05:00,PUR_IED_Tibabuyes_S10_dc87a8,PUR_IED_Tibabuyes_S10_dc87a8,,,,,
2026-09-12T09:36:07-05:00,PUR_IED_Tibabuyes_S15_dc0526,PUR_IED_Tibabuyes_S15_dc0526,,,,,
2026-09-12T09:36:07-05:00,PUR_IED_UnionE_S301_a1043,PUR_IED_UnionE_S301_a1043,,,,,
2026-09-12T09:36:07-05:00,PUR_IED_UnionE_S307_ff6c2f,PUR_IED_UnionE_S307_ff6c2f,,,,,
2026-09-12T09:36:07-05:00,PUR_IED_UnionE__Ext_5e2468,PUR_IED_UnionE__Ext_5e2468,,,,,
2026-09-12T09:36:07-05:00,PUR_IED_VillaRica_Ext_75be7c,PUR_IED_VillaRica_Ext_75be7c,,,,,
2026-09-12T09:36:07-05:00,PUR_IED_VillaRica_S4_cc5dcd,PUR_IED_VillaRica_S4_cc5dcd,,,,,
2026-09-12T09:36:07-05:00,PUR_IED_VillaRica_Sesp_99f5c,PUR_IED_VillaRica_Sesp_99f5c,,,,,
2026-09-12T09:41:09-05:00,PUR_IED_20deJulio_1101_91b1b9,PUR_IED_20deJulio_1101_91b1b9,,,,,
2026-09-12T09:41:09-05:00,PUR_IED_20deJulio_1102_1cfcf9,PUR_IED_20deJulio_1102_1cfcf9,,,,,
2026-09-12T09:41:09-05:00,PUR_IED_20deJulio_Ext_ab60bd,PUR_IED_20deJulio_Ext_ab60bd,,,,,
2026-09-12T09:41:09-05:00,PUR_IED_AgustinFer_Ext_7b9b77,PUR_IED_AgustinFer_Ext_7b9b77,,,,,
2026-09-12T09:41:09-05:00,PUR_IED_AgustinFer_Info2_27b3a7,PUR_IED_AgustinFer_Info2_27b3a7,,,,,
2026-09-12T09:41:09-05:00,PUR_IED_AgustinFer_Sena_54b4eb,PUR_IED_AgustinFer_Sena_54b4eb,,,,,
2026-09-12T09:41:09-05:00,PUR_IED_AlexanderF_1102_caf07b,PUR_IED_AlexanderF_1102_caf07b,,,,,
2026-09-12T09:41:09-05:00,PUR_IED_AlexanderF_1103_c79e71,PUR_IED_AlexanderF_1103_c79e71,,,,,
2026-09-12T09:41:09-05:00,PUR_IED_AlexanderF_Ext_c5b18b,PUR_IED_AlexanderF_Ext_c5b18b,,,,,
2026-09-12T09:41:09-05:00,PUR_IED_AlfonsoLopez_Ext_281d77,PUR_IED_AlfonsoLopez_Ext_281d77,,,,,
2026-09-12T09:41:09-05:00,PUR_IED_AlfonsoLopez_LabF_888ce0,PUR_IED_AlfonsoLopez_LabF_888ce0,,,,,
2026-09-12T09:41:09-05:00,PUR_IED_AlfonsoLopez_SMed_df6a7f,PUR_IED_AlfonsoLopez_SMed_df6a7f,,,,,
2026-09-12T09:41:09-05:00,PUR_IED_AltamiraSO_A2_209f92,PUR_IED_AltamiraSO_A2_209f92,,,,,
2026-09-12T09:41:09-05:00,PUR_IED_AltamiraSO_Ext_186d66,PUR_IED_AltamiraSO_Ext_186d66,,,,,
2026-09-12T09:41:09-05:00,PUR_IED_AltamiraSO_Sistem_27afe1,PUR_IED_AltamiraSO_Sistem_27afe1,,,,,
2026-09-12T09:41:09-05:00,PUR_IED_AlvaroGom_LabQuim_813179,PUR_IED_AlvaroGom_LabQuim_813179,,,,,
2026-09-12T09:41:09-05:00,PUR_IED_AlvaroGomez_Ext_47c7ca,PUR_IED_AlvaroGomez_Ext_47c7ca,,,,,
2026-09-12T09:41:09-05:00,PUR_IED_AlvaroGomez_LabQuim_813179,PUR_IED_AlvaroGomez_LabQuim_813179,,,,,
2026-09-12T09:41:09-05:00,PUR_IED_AlvaroGomez_S23_7ba89f,PUR_IED_AlvaroGomez_S23_7ba89f,,,,,
2026-09-12T09:41:09-05:00,PUR_IED_Amistad_306_dc8728,PUR_IED_Amistad_306_dc8728,,,,,
2026-09-12T09:41:09-05:00,PUR_IED_Amistad_Ext_8cd55e,PUR_IED_Amistad_Ext_8cd55e,,,,,
2026-09-12T09:41:09-05:00,PUR_IED_Amistad_S202_a41169,PUR_IED_Amistad_S202_a41169,,,,,
2026-09-12T09:41:09-05:00,PUR_IED_AndresBello_Bio_fd5f5e,PUR_IED_AndresBello_Bio_fd5f5e,,,,,
2026-09-12T09:41:09-05:00,PUR_IED_AndresBello_ext_dcad65,PUR_IED_AndresBello_ext_dcad65,,,,,
2026-09-12T09:41:09-05:00,PUR_IED_AndresBello_port_eed3ec,PUR_IED_AndresBello_port_eed3ec,,,,,
2026-09-12T09:41:09-05:00,PUR_IED_AngelaR_11b_d90a6b,PUR_IED_AngelaR_11b_d90a6b,,,,,
2026-09-12T09:41:09-05:00,PUR_IED_AngelaR_ext_7cad3e,PUR_IED_AngelaR_ext_7cad3e,,,,,
2026-09-12T09:41:09-05:00,PUR_IED_AntJoseSucre_10mo_df2575,PUR_IED_AntJoseSucre_10mo_df2575,,,,,
2026-09-12T09:41:09-05:00,PUR_IED_AntJoseSucre_Ext_215b36,PUR_IED_AntJoseSucre_Ext_215b36,,,,,
2026-09-12T09:41:09-05:00,PUR_IED_AntJoseSucre_Lab_3139de,PUR_IED_AntJoseSucre_Lab_3139de,,,,,
2026-09-12T09:41:09-05:00,PUR_IED_AntonioGarcia_301_d6b188,PUR_IED_AntonioGarcia_301_d6b188,,,,,
2026-09-12T09:41:09-05:00,PUR_IED_AntonioGarcia_302_88a82,PUR_IED_AntonioGarcia_302_88a82,,,,,
2026-09-12T09:41:09-05:00,PUR_IED_AntonioGarcia_Ext_20950c,PUR_IED_AntonioGarcia_Ext_20950c,,,,,
2026-09-12T09:41:09-05:00,PUR_IED_AntonioVan_Aula2_6dea02,PUR_IED_AntonioVan_Aula2_6dea02,,,,,
2026-09-12T09:41:09-05:00,PUR_IED_AntonioVan_Aula5_f1557e,PUR_IED_AntonioVan_Aula5_f1557e,,,,,
2026-09-12T09:41:09-05:00,PUR_IED_AntonioVan_Ext_406f2f,PUR_IED_AntonioVan_Ext_406f2f,,,,,
2026-09-12T09:41:09-05:00,PUR_IED_Atabanzha_Ext_cc5af9,PUR_IED_Atabanzha_Ext_cc5af9,,,,,
2026-09-12T09:41:09-05:00,PUR_IED_Atabanzha_SA101_56c37,PUR_IED_Atabanzha_SA101_56c37,,,,,
2026-09-12T09:41:09-05:00,PUR_IED_Atabanzha_SB302_27b374,PUR_IED_Atabanzha_SB302_27b374,,,,,
2026-09-12T09:41:09-05:00,PUR_IED_Atahualpa_Ext_fc1748,PUR_IED_Atahualpa_Ext_fc1748,,,,,
2026-09-12T09:41:09-05:00,PUR_IED_Atahualpa_Informa_dc9a95,PUR_IED_Atahualpa_Informa_dc9a95,,,,,
2026-09-12T09:41:09-05:00,PUR_IED_Atahualpa_S1101_f98056,PUR_IED_Atahualpa_S1101_f98056,,,,,
2026-09-12T09:41:09-05:00,PUR_IED_Bellavista_Ext_f5aa74,PUR_IED_Bellavista_Ext_f5aa74,,,,,
2026-09-12T09:41:09-05:00,PUR_IED_Bilbao_11A_916c41,PUR_IED_Bilbao_11A_916c41,,,,,
2026-09-12T09:41:09-05:00,PUR_IED_Bilbao_Ext_fb579a,PUR_IED_Bilbao_Ext_fb579a,,,,,
2026-09-12T09:41:09-05:00,PUR_IED_BrasiliaU_A125_304280,PUR_IED_BrasiliaU_A125_304280,,,,,
2026-09-12T09:41:09-05:00,PUR_IED_BrasiliaU_A203_7c8ca5,PUR_IED_BrasiliaU_A203_7c8ca5,,,,,
2026-09-12T09:41:09-05:00,PUR_IED_BrasiliaU_Ext_8d6e9f,PUR_IED_BrasiliaU_Ext_8d6e9f,5,17,65,4.5175,-74.116302
2026-09-12T09:41:09-05:00,PUR_IED_Brasilia_Ext_fe6593,PUR_IED_Brasilia_Ext_fe6593,,,,,
2026-09-12T09:41:09-05:00,PUR_IED_Brasilia_S24_7c130d,PUR_IED_Brasilia_S24_7c130d,,,,,
2026-09-12T09:41:09-05:00,PUR_IED_Brasilia_S501_186a54,PUR_IED_Brasilia_S501_186a54,,,,,
2026-09-12T09:41:09-05:00,PUR_IED_CHARRY_EXT_f1d5cd,PUR_IED_CHARRY_EXT_f1d5cd,,,,,
2026-09-12T09:41:09-05:00,PUR_IED_CHARRY_INTDANZAS_7a08e6,PUR_IED_CHARRY_INTDANZAS_7a08e6,,,,,
2026-09-12T09:41:09-05:00,PUR_IED_CHARRY_INT_AULA20_dc998d,PUR_IED_CHARRY_INT_AULA20_dc998d,,,,,
2026-09-12T09:41:09-05:00,PUR_IED_COLVIV_1101_S25_7f520a,PUR_IED_COLVIV_1101_S25_7f520a,,,,,
2026-09-12T09:41:09-05:00,PUR_IED_COLVIV_1102_S16_f570ba,PUR_IED_COLVIV_1102_S16_f570ba,,,,,
2026-09-12T09:41:09-05:00,PUR_IED_COLVIV_Ext_1a26fa,PUR_IED_COLVIV_Ext_1a26fa,,,,,
2026-09-12T09:41:09-05:00,PUR_IED_CULPOP_301A_f660f3,PUR_IED_CULPOP_301A_f660f3,,,,,
2026-09-12T09:41:09-05:00,PUR_IED_CULPOP_303_568afe,PUR_IED_CULPOP_303_568afe,,,,,
2026-09-12T09:41:09-05:00,PUR_IED_CULPOP_Ext_e02ccb,PUR_IED_CULPOP_Ext_e02ccb,,,,,
2026-09-12T09:41:09-05:00,PUR_IED_CVillavicen_Ext_26eb58,PUR_IED_CVillavicen_Ext_26eb58,8,16,80,4.487,-74.102798
2026-09-12T09:41:09-05:00,PUR_IED_CVillavicen_Intel_1ce5c2,PUR_IED_CVillavicen_Intel_1ce5c2,,,,,
2026-09-12T09:41:09-05:00,PUR_IED_CVillavicen_Poliv_e0766c,PUR_IED_CVillavicen_Poliv_e0766c,,,,,
2026-09-12T09:41:09-05:00,PUR_IED_CVillavicen_int_1ba140,PUR_IED_CVillavicen_int_1ba140,,,,,
2026-09-12T09:41:09-05:00,PUR_IED_CVillavicen_intel_1ba140,PUR_IED_CVillavicen_intel_1ba140,,,,,
2026-09-12T09:41:09-05:00,PUR_IED_CarlosPizarro_Ext_e307cc,PUR_IED_CarlosPizarro_Ext_e307cc,,,,,
2026-09-12T09:41:09-05:00,PUR_IED_CarlosPizarro_L36_7e5cdb,PUR_IED_CarlosPizarro_L36_7e5cdb,,,,,
2026-09-12T09:41:09-05:00,PUR_IED_CarlosPizarro_L37_c8566c,PUR_IED_CarlosPizarro_L37_c8566c,,,,,
2026-09-12T09:41:09-05:00,PUR_IED_Castilla_Ext_cf35f,PUR_IED_Castilla_Ext_cf35f,,,,,
2026-09-12T09:41:09-05:00,PUR_IED_Castilla_SFisik_360e38,PUR_IED_Castilla_SFisik_360e38,,,,,
2026-09-12T09:41:09-05:00,PUR_IED_Castilla_Sc304_496fbf,PUR_IED_Castilla_Sc304_496fbf,,,,,
2026-09-12T09:41:09-05:00,PUR_IED_CervantesSa_Ext_6b57b,PUR_IED_CervantesSa_Ext_6b57b,3,18,71,4.5128,-74.117203
2026-09-12T09:41:09-05:00,PUR_IED_CervantesSa_S107_225c2b,PUR_IED_CervantesSa_S107_225c2b,,,,,
2026-09-12T09:41:09-05:00,PUR_IED_CervantesSa_S108_940925,PUR_IED_CervantesSa_S108_940925,,,,,
2026-09-12T09:41:09-05:00,PUR_IED_Charry_A20_f53e7c,PUR_IED_Charry_A20_f53e7c,,,,,
2026-09-12T09:41:09-05:00,PUR_IED_Charry_Ext_f1d5cd,PUR_IED_Charry_Ext_f1d5cd,,,,,
2026-09-12T09:41:09-05:00,PUR_IED_Charry_IntAula20_dc998d,PUR_IED_Charry_IntAula20_dc998d,,,,,
2026-09-12T09:41:09-05:00,PUR_IED_Charry_IntDanzas_7a08e6,PUR_IED_Charry_IntDanzas_7a08e6,,,,,
2026-09-12T09:41:09-05:00,PUR_IED_ClememciaC_203_43e2fc,PUR_IED_ClememciaC_203_43e2fc,,,,,
2026-09-12T09:41:09-05:00,PUR_IED_ClememciaC_Ext_1b411a,PUR_IED_ClememciaC_Ext_1b411a,,,,,
2026-09-12T09:41:09-05:00,PUR_IED_ClememciaC_Quimic_44b5fc,PUR_IED_ClememciaC_Quimic_44b5fc,,,,,
2026-09-12T09:41:09-05:00,PUR_IED_ClemenciaC_203_43e2fc,PUR_IED_ClemenciaC_203_43e2fc,,,,,
2026-09-12T09:41:09-05:00,PUR_IED_ClemenciaC_Ext_1b411a,PUR_IED_ClemenciaC_Ext_1b411a,,,,,
2026-09-12T09:41:09-05:00,PUR_IED_ClemenciaC_Quimic_44b5fc,PUR_IED_ClemenciaC_Quimic_44b5fc,,,,,
2026-09-12T09:41:09-05:00,PUR_IED_ColViva_1101_S25_7f520a,PUR_IED_ColViva_1101_S25_7f520a,,,,,
2026-09-12T09:41:09-05:00,PUR_IED_ColViva_1102_S16_f570ba,PUR_IED_ColViva_1102_S16_f570ba,,,,,
2026-09-12T09:41:09-05:00,PUR_IED_ColViva_Ext_1a26fa,PUR_IED_ColViva_Ext_1a26fa,,,,,
2026-09-12T09:41:09-05:00,PUR_IED_ColegioBici_Asist_7c8798,PUR_IED_ColegioBici_Asist_7c8798,,,,,
2026-09-12T09:41:09-05:00,PUR_IED_ColegioBici_Ext_25cbf6,PUR_IED_ColegioBici_Ext_25cbf6,,,,,
2026-09-12T09:41:09-05:00,PUR_IED_ColegioBici_LabQ_7b57db,PUR_IED_ColegioBici_LabQ_7b57db,,,,,
2026-09-12T09:41:09-05:00,PUR_IED_CostaRica_Ext_5e640,PUR_IED_CostaRica_Ext_5e640,,,,,
2026-09-12T09:41:09-05:00,PUR_IED_CostaRica_Quim1_766d1c,PUR_IED_CostaRica_Quim1_766d1c,,,,,
2026-09-12T09:41:09-05:00,PUR_IED_CostaRica__Fisica_6f0873,PUR_IED_CostaRica__Fisica_6f0873,,,,,
2026-09-12T09:41:09-05:00,PUR_IED_CulPopu_301A_f660f3,PUR_IED_CulPopu_301A_f660f3,,,,,
2026-09-12T09:41:09-05:00,PUR_IED_CulPopu_303_568afe,PUR_IED_CulPopu_303_568afe,,,,,
2026-09-12T09:41:09-05:00,PUR_IED_CulPopu_Ext_e02ccb,PUR_IED_CulPopu_Ext_e02ccb,,,,,
2026-09-12T09:41:09-05:00,PUR_IED_Cundinamarca_Ext_f15985,PUR_IED_Cundinamarca_Ext_f15985,,,,,
2026-09-12T09:41:09-05:00,PUR_IED_Cundinamarca_Info_7aa5d7,PUR_IED_Cundinamarca_Info_7aa5d7,,,,,
2026-09-12T09:41:09-05:00,PUR_IED_Cundinamarca_Tec2_f449c7,PUR_IED_Cundinamarca_Tec2_f449c7,,,,,
2026-09-12T09:41:09-05:00,PUR_IED_DiegoM_Aula1_27b314,PUR_IED_DiegoM_Aula1_27b314,,,,,
2026-09-12T09:41:09-05:00,PUR_IED_DiegoM_Ext_d80ac8,PUR_IED_DiegoM_Ext_d80ac8,,,,,
2026-09-12T09:41:09-05:00,PUR_IED_DiegoM_S25_da928f,PUR_IED_DiegoM_S25_da928f,,,,,
2026-09-12T09:41:09-05:00,PUR_IED_ELRODEO_360881,PUR_IED_ELRODEO_360881,,,,,
2026-09-12T09:41:09-05:00,PUR_IED_ELRODEO_ext_360881,PUR_IED_ELRODEO_ext_360881,,,,,
2026-09-12T09:41:09-05:00,PUR_IED_EduardoU_Ext_1c1969,PUR_IED_EduardoU_Ext_1c1969,,,,,
2026-09-12T09:41:09-05:00,PUR_IED_EduardoU_SCiencia_4dfb94,PUR_IED_EduardoU_SCiencia_4dfb94,,,,,
2026-09-12T09:41:09-05:00,PUR_IED_EduardoU_SQuimica_5a46e7,PUR_IED_EduardoU_SQuimica_5a46e7,,,,,
2026-09-12T09:41:09-05:00,PUR_IED_ElRodeo_Aula14_676984,PUR_IED_ElRodeo_Aula14_676984,,,,,
2026-09-12T09:41:09-05:00,PUR_IED_ElRodeo_Aula16_2dd35b,PUR_IED_ElRodeo_Aula16_2dd35b,,,,,
2026-09-12T09:41:09-05:00,PUR_IED_ElRodeo_Ext_360881,PUR_IED_ElRodeo_Ext_360881,,,,,
2026-09-12T09:41:09-05:00,PUR_IED_ElRodeo_Exterior_8c6d28,PUR_IED_ElRodeo_Exterior_8c6d28,,,,,
2026-09-12T09:41:09-05:00,PUR_IED_ElRodeo_ext_360881,PUR_IED_ElRodeo_ext_360881,,,,,
2026-09-12T09:41:09-05:00,PUR_IED_EmmaReyes_Ext_987625,PUR_IED_EmmaReyes_Ext_987625,3,21,52,4.6367,-74.1511
2026-09-12T09:41:09-05:00,PUR_IED_Ensueño_Ext_7f0250,PUR_IED_Ensueño_Ext_7f0250,,,,,
2026-09-12T09:41:09-05:00,PUR_IED_EscNormal_Ext_5fef3b,PUR_IED_EscNormal_Ext_5fef3b,2,20,58,4.5852,-74.096901
2026-09-12T09:41:09-05:00,PUR_IED_EscNormal_S309_5b263,PUR_IED_EscNormal_S309_5b263,,,,,
2026-09-12T09:41:09-05:00,PUR_IED_EscNormal_S310_27b3b8,PUR_IED_EscNormal_S310_27b3b8,,,,,
2026-09-12T09:41:09-05:00,PUR_IED_Evangelista_Conta_f6cd4f,PUR_IED_Evangelista_Conta_f6cd4f,,,,,
2026-09-12T09:41:09-05:00,PUR_IED_Evangelista_Cri_5e16a,PUR_IED_Evangelista_Cri_5e16a,,,,,
2026-09-12T09:41:09-05:00,PUR_IED_Evangelista_Exter_754066,PUR_IED_Evangelista_Exter_754066,,,,,
2026-09-12T09:41:09-05:00,PUR_IED_FMiranda_S209_5cc2a3,PUR_IED_FMiranda_S209_5cc2a3,,,,,
2026-09-12T09:41:09-05:00,PUR_IED_FMiranda_S303_19e344,PUR_IED_FMiranda_S303_19e344,,,,,
2026-09-12T09:41:09-05:00,PUR_IED_FMiranda_ext_f53e7c,PUR_IED_FMiranda_ext_f53e7c,,,,,
2026-09-12T09:41:09-05:00,PUR_IED_FabioLozano_Bibli_1cee05,PUR_IED_FabioLozano_Bibli_1cee05,,,,,
2026-09-12T09:41:09-05:00,PUR_IED_FabioLozano_Ext_6ea285,PUR_IED_FabioLozano_Ext_6ea285,,,,,
2026-09-12T09:41:09-05:00,PUR_IED_FabioLozano_SLudi_f09e1e,PUR_IED_FabioLozano_SLudi_f09e1e,,,,,
2026-09-12T09:41:09-05:00,PUR_IED_FaustinoS_Aula07_27a731,PUR_IED_FaustinoS_Aula07_27a731,,,,,
2026-09-12T09:41:09-05:00,PUR_IED_FaustinoS_Ext_7b936f,PUR_IED_FaustinoS_Ext_7b936f,,,,,
2026-09-12T09:41:09-05:00,PUR_IED_FaustinoS_Fisica_da2c60,PUR_IED_FaustinoS_Fisica_da2c60,,,,,
2026-09-12T09:41:09-05:00,PUR_IED_FeGarciaLo_Ext_dc68ee,PUR_IED_FeGarciaLo_Ext_dc68ee,,,,,
2026-09-12T09:41:09-05:00,PUR_IED_FeGarciaLo_SDanza_f70a59,PUR_IED_FeGarciaLo_SDanza_f70a59,,,,,
2026-09-12T09:41:09-05:00,PUR_IED_FeGarciaLo_SMusic_125cdd,PUR_IED_FeGarciaLo_SMusic_125cdd,,,,,
2026-09-12T09:41:09-05:00,PUR_IED_FederalAlema_Exte_50c345,PUR_IED_FederalAlema_Exte_50c345,,,,,
2026-09-12T09:41:09-05:00,PUR_IED_FederalAlema_S31_f18371,PUR_IED_FederalAlema_S31_f18371,,,,,
2026-09-12T09:41:09-05:00,PUR_IED_FederalAlema_S901_a62cd,PUR_IED_FederalAlema_S901_a62cd,,,,,
2026-09-12T09:41:09-05:00,PUR_IED_FilarmonicaS_A5_f35eb1,PUR_IED_FilarmonicaS_A5_f35eb1,,,,,
2026-09-12T09:41:09-05:00,PUR_IED_FilarmonicaS_Ext_8a3bde,PUR_IED_FilarmonicaS_Ext_8a3bde,,,,,
2026-09-12T09:41:09-05:00,PUR_IED_FilarmonicaS_Spol_406114,PUR_IED_FilarmonicaS_Spol_406114,,,,,
2026-09-12T09:41:09-05:00,PUR_IED_FlorentinoG_A13_d1fa59,PUR_IED_FlorentinoG_A13_d1fa59,,,,,
2026-09-12T09:41:09-05:00,PUR_IED_FlorentinoG_Ext_1ce6ce,PUR_IED_FlorentinoG_Ext_1ce6ce,,,,,
2026-09-12T09:41:09-05:00,PUR_IED_FlorentinoG_Idiom_a66aac,PUR_IED_FlorentinoG_Idiom_a66aac,,,,,
2026-09-12T09:41:09-05:00,PUR_IED_FranciscoMati_Ext_e3869d,PUR_IED_FranciscoMati_Ext_e3869d,,,,,
2026-09-12T09:41:09-05:00,PUR_IED_FranciscoMati_S13_f31c67,PUR_IED_FranciscoMati_S13_f31c67,,,,,
2026-09-12T09:41:09-05:00,PUR_IED_FranciscoMati_S14_97dead,PUR_IED_FranciscoMati_S14_97dead,,,,,
2026-09-12T09:41:09-05:00,PUR_IED_FranciscoPS_Ext_7bfa9a,PUR_IED_FranciscoPS_Ext_7bfa9a,2,21,57,4.5899,-74.110397
2026-09-12T09:41:09-05:00,PUR_IED_FranciscoPS_Infor_fb8f4c,PUR_IED_FranciscoPS_Infor_fb8f4c,,,,,
2026-09-12T09:41:09-05:00,PUR_IED_FranciscoPS_Quimi_94d39c,PUR_IED_FranciscoPS_Quimi_94d39c,,,,,
2026-09-12T09:41:09-05:00,PUR_IED_FranciscoP_LabQ_d7e148,PUR_IED_FranciscoP_LabQ_d7e148,,,,,
2026-09-12T09:41:09-05:00,PUR_IED_FranciscoP_S28_cf9b30,PUR_IED_FranciscoP_S28_cf9b30,,,,,
2026-09-12T09:41:09-05:00,PUR_IED_FranciscoP_ext_e2313,PUR_IED_FranciscoP_ext_e2313,,,,,
2026-09-12T09:41:09-05:00,PUR_IED_FriederichN_Ext_8ac92a,PUR_IED_FriederichN_Ext_8ac92a,,,,,
2026-09-12T09:41:09-05:00,PUR_IED_FriederichN_S301_dd7e5a,PUR_IED_FriederichN_S301_dd7e5a,,,,,
2026-09-12T09:41:09-05:00,PUR_IED_FriederichN_S308_761f4f,PUR_IED_FriederichN_S308_761f4f,,,,,
2026-09-12T09:41:09-05:00,PUR_IED_GSantander_Aula10_533dd7,PUR_IED_GSantander_Aula10_533dd7,,,,,
2026-09-12T09:41:09-05:00,PUR_IED_GSantander_Aula12_fd4e4f,PUR_IED_GSantander_Aula12_fd4e4f,,,,,
2026-09-12T09:41:09-05:00,PUR_IED_GSantander_Aula310_533dd7,PUR_IED_GSantander_Aula310_533dd7,,,,,
2026-09-12T09:41:09-05:00,PUR_IED_GSantander_Aula312_fd4e4f,PUR_IED_GSantander_Aula312_fd4e4f,,,,,
2026-09-12T09:41:09-05:00,PUR_IED_GSantander_Ext_5f66b0,PUR_IED_GSantander_Ext_5f66b0,,,,,
2026-09-12T09:41:09-05:00,PUR_IED_GYomasa_Ext_f6bea5,PUR_IED_GYomasa_Ext_f6bea5,,,,,
2026-09-12T09:41:09-05:00,PUR_IED_GYomasa_LBiol_2c41aa,PUR_IED_GYomasa_LBiol_2c41aa,,,,,
2026-09-12T09:41:09-05:00,PUR_IED_GYomasa_LQuim_33c80,PUR_IED_GYomasa_LQuim_33c80,,,,,
2026-09-12T09:41:09-05:00,PUR_IED_GabBetMejia_Cienc_5a99c,PUR_IED_GabBetMejia_Cienc_5a99c,,,,,
2026-09-12T09:41:09-05:00,PUR_IED_GabBetMejia_Ext_9153d0,PUR_IED_GabBetMejia_Ext_9153d0,,,,,
2026-09-12T09:41:09-05:00,PUR_IED_GabBetMejia_Lab_f55347,PUR_IED_GabBetMejia_Lab_f55347,,,,,
2026-09-12T09:41:09-05:00,PUR_IED_GabBetanMejia_Ext_9153d0,PUR_IED_GabBetanMejia_Ext_9153d0,,,,,
2026-09-12T09:41:09-05:00,PUR_IED_Gaitana_Aula13_7aac11,PUR_IED_Gaitana_Aula13_7aac11,,,,,
2026-09-12T09:41:09-05:00,PUR_IED_Gaitana_Ext_5fcf4,PUR_IED_Gaitana_Ext_5fcf4,,,,,
2026-09-12T09:41:09-05:00,PUR_IED_Gaitana_LabFisica_644448,PUR_IED_Gaitana_LabFisica_644448,,,,,
2026-09-12T09:41:09-05:00,PUR_IED_GenSantander_Dise_8ac858,PUR_IED_GenSantander_Dise_8ac858,,,,,
2026-09-12T09:41:09-05:00,PUR_IED_GenSantander_Ext_8d5dfe,PUR_IED_GenSantander_Ext_8d5dfe,,,,,
2026-09-12T09:41:09-05:00,PUR_IED_GenSantander_Info_6c25b,PUR_IED_GenSantander_Info_6c25b,,,,,
2026-09-12T09:41:09-05:00,PUR_IED_GustavoMo_Exterio_75e63d,PUR_IED_GustavoMo_Exterio_75e63d,,,,,
2026-09-12T09:41:09-05:00,PUR_IED_GustavoMo_LabFisi_224d37,PUR_IED_GustavoMo_LabFisi_224d37,,,,,
2026-09-12T09:41:09-05:00,PUR_IED_GustavoMo_S208_3e6918,PUR_IED_GustavoMo_S208_3e6918,,,,,
2026-09-12T09:41:09-05:00,PUR_IED_GustavoR_A02_8cd4a8,PUR_IED_GustavoR_A02_8cd4a8,,,,,
2026-09-12T09:41:09-05:00,PUR_IED_GustavoR_B11_5b0ed,PUR_IED_GustavoR_B11_5b0ed,,,,,
2026-09-12T09:41:09-05:00,PUR_IED_GustavoR_Ext_7a0c90,PUR_IED_GustavoR_Ext_7a0c90,,,,,
2026-09-12T09:41:09-05:00,PUR_IED_HernandoDuran_Ext_8cd82b,PUR_IED_HernandoDuran_Ext_8cd82b,,,,,
2026-09-12T09:41:09-05:00,PUR_IED_HernandoDuran_S24_2772c6,PUR_IED_HernandoDuran_S24_2772c6,,,,,
2026-09-12T09:41:09-05:00,PUR_IED_HernandoDuran_S30_f2de41,PUR_IED_HernandoDuran_S30_f2de41,,,,,
2026-09-12T09:41:09-05:00,PUR_IED_HolguInUr_S1101_8cd732,PUR_IED_HolguInUr_S1101_8cd732,,,,,
2026-09-12T09:41:09-05:00,PUR_IED_HolguinUr_Exter_ddae6d,PUR_IED_HolguinUr_Exter_ddae6d,,,,,
2026-09-12T09:41:09-05:00,PUR_IED_HolguinUr_LabQuim_92b952,PUR_IED_HolguinUr_LabQuim_92b952,,,,,
2026-09-12T09:41:09-05:00,PUR_IED_Isabel-II_Ext_5245cc,PUR_IED_Isabel-II_Ext_5245cc,2,19,58,4.6336,-74.153
2026-09-12T09:41:09-05:00,PUR_IED_Isabel-II_S_idiom_1c29aa,PUR_IED_Isabel-II_S_idiom_1c29aa,,,,,
2026-09-12T09:41:09-05:00,PUR_IED_Isabel-II_S_infor_fd741,PUR_IED_Isabel-II_S_infor_fd741,,,,,
2026-09-12T09:41:09-05:00,PUR_IED_IsidroSur_Exterio_5b90ea,PUR_IED_IsidroSur_Exterio_5b90ea,,,,,
2026-09-12T09:41:09-05:00,PUR_IED_IsidroSur_LabTec_56697a,PUR_IED_IsidroSur_LabTec_56697a,,,,,
2026-09-12T09:41:09-05:00,PUR_IED_IsidroSur_Robotic_b7c38f,PUR_IED_IsidroSur_Robotic_b7c38f,,,,,
2026-09-12T09:41:09-05:00,PUR_IED_IsmaelPerd_Ext_7b6672,PUR_IED_IsmaelPerd_Ext_7b6672,,,,,
2026-09-12T09:41:09-05:00,PUR_IED_IsmaelPerd_Inform_306540,PUR_IED_IsmaelPerd_Inform_306540,,,,,
2026-09-12T09:41:09-05:00,PUR_IED_IsmaelPerd_S30_2e2c83,PUR_IED_IsmaelPerd_S30_2e2c83,,,,,
2026-09-12T09:41:09-05:00,PUR_IED_JLozano_Exter_432910,PUR_IED_JLozano_Exter_432910,,,,,
2026-09-12T09:41:09-05:00,PUR_IED_JLozano_salaMulti_df5125,PUR_IED_JLozano_salaMulti_df5125,,,,,
2026-09-12T09:41:09-05:00,PUR_IED_JMCordoba_206_86f80b,PUR_IED_JMCordoba_206_86f80b,,,,,
2026-09-12T09:41:09-05:00,PUR_IED_JMCordoba_Ext_27ad97,PUR_IED_JMCordoba_Ext_27ad97,,,,,
2026-09-12T09:41:09-05:00,PUR_IED_JMCordoba_S310_d59ab4,PUR_IED_JMCordoba_S310_d59ab4,,,,,
2026-09-12T09:41:09-05:00,PUR_IED_Japon_Ext_549100,PUR_IED_Japon_Ext_549100,,,,,
2026-09-12T09:41:09-05:00,PUR_IED_Japon_Laboratorio_bec51d,PUR_IED_Japon_Laboratorio_bec51d,,,,,
2026-09-12T09:41:09-05:00,PUR_IED_Japon_informatica_d99327,PUR_IED_Japon_informatica_d99327,,,,,
2026-09-12T09:41:09-05:00,PUR_IED_Jazmin_Ext_d27bda,PUR_IED_Jazmin_Ext_d27bda,,,,,
2026-09-12T09:41:09-05:00,PUR_IED_Jazmin_Fisica_8d14d7,PUR_IED_Jazmin_Fisica_8d14d7,,,,,
2026-09-12T09:41:09-05:00,PUR_IED_Jazmin_Quimica_801cb5,PUR_IED_Jazmin_Quimica_801cb5,,,,,
2026-09-12T09:41:09-05:00,PUR_IED_JorgeGaitan_Exter_f098d1,PUR_IED_JorgeGaitan_Exter_f098d1,,,,,
2026-09-12T09:41:09-05:00,PUR_IED_JorgeGaitan_STec1_dc9d1d,PUR_IED_JorgeGaitan_STec1_dc9d1d,,,,,
2026-09-12T09:41:09-05:00,PUR_IED_JorgeGaitan_STec2_281e69,PUR_IED_JorgeGaitan_STec2_281e69,,,,,
2026-09-12T09:41:09-05:00,PUR_IED_JorgeSoto_Exterio_d9d0a2,PUR_IED_JorgeSoto_Exterio_d9d0a2,,,,,
2026-09-12T09:41:09-05:00,PUR_IED_JorgeSoto_LabFisi_209c54,PUR_IED_JorgeSoto_LabFisi_209c54,,,,,
2026-09-12T09:41:09-05:00,PUR_IED_JorgeSoto_S103_27b51a,PUR_IED_JorgeSoto_S103_27b51a,,,,,
2026-09-12T09:41:09-05:00,PUR_IED_JoseAcevedo_A02_e965eb,PUR_IED_JoseAcevedo_A02_e965eb,,,,,
2026-09-12T09:41:09-05:00,PUR_IED_JoseAcevedo_A07_dd5b4,PUR_IED_JoseAcevedo_A07_dd5b4,,,,,
2026-09-12T09:41:09-05:00,PUR_IED_JoseAcevedo_Ext_b47484,PUR_IED_JoseAcevedo_Ext_b47484,,,,,
2026-09-12T09:41:09-05:00,PUR_IED_JoseMarti_Exte_5b9bf,PUR_IED_JoseMarti_Exte_5b9bf,,,,,
2026-09-12T09:41:09-05:00,PUR_IED_JoseMarti_LabQuim_1c6c2d,PUR_IED_JoseMarti_LabQuim_1c6c2d,,,,,
2026-09-12T09:41:09-05:00,PUR_IED_JoseMarti_S_info_f5f177,PUR_IED_JoseMarti_S_info_f5f177,,,,,
2026-09-12T09:41:09-05:00,PUR_IED_Josejoaquin_Ext_dfc5dc,PUR_IED_Josejoaquin_Ext_dfc5dc,,,,,
2026-09-12T09:41:09-05:00,PUR_IED_Josejoaquin_S05_5b2a96,PUR_IED_Josejoaquin_S05_5b2a96,,,,,
2026-09-12T09:41:09-05:00,PUR_IED_Josejoaquin_S06_1ce7d2,PUR_IED_Josejoaquin_S06_1ce7d2,,,,,
2026-09-12T09:41:09-05:00,PUR_IED_JulioFlorez_Danza_9b82dd,PUR_IED_JulioFlorez_Danza_9b82dd,,,,,
2026-09-12T09:41:09-05:00,PUR_IED_JulioFlorez_Exter_f9f314,PUR_IED_JulioFlorez_Exter_f9f314,,,,,
2026-09-12T09:41:09-05:00,PUR_IED_JulioFlorez_info2_6b6e08,PUR_IED_JulioFlorez_info2_6b6e08,,,,,
2026-09-12T09:41:09-05:00,PUR_IED_LaBelleza_Aula13_1d00d8,PUR_IED_LaBelleza_Aula13_1d00d8,,,,,
2026-09-12T09:41:09-05:00,PUR_IED_LaBelleza_Ext_7bc08c,PUR_IED_LaBelleza_Ext_7bc08c,,,,,
2026-09-12T09:41:09-05:00,PUR_IED_LaChucua_Ext_8cd6d2,PUR_IED_LaChucua_Ext_8cd6d2,,,,,
2026-09-12T09:41:09-05:00,PUR_IED_LaChucua_S15_f578ce,PUR_IED_LaChucua_S15_f578ce,,,,,
2026-09-12T09:41:09-05:00,PUR_IED_LaChucua_S16_eebcf9,PUR_IED_LaChucua_S16_eebcf9,,,,,
2026-09-12T09:41:09-05:00,PUR_IED_LaFelicidad_Ext_fb5109,PUR_IED_LaFelicidad_Ext_fb5109,,,,,
2026-09-12T09:41:09-05:00,PUR_IED_LaMerced_206_66ebd,PUR_IED_LaMerced_206_66ebd,,,,,
2026-09-12T09:41:09-05:00,PUR_IED_LaMerced_207_6ebd6,PUR_IED_LaMerced_207_6ebd6,,,,,
2026-09-12T09:41:09-05:00,PUR_IED_LaMerced_ext_304311,PUR_IED_LaMerced_ext_304311,,,,,
2026-09-12T09:41:09-05:00,PUR_IED_Laureano_CiencNat_281e5e,PUR_IED_Laureano_CiencNat_281e5e,,,,,
2026-09-12T09:41:09-05:00,PUR_IED_Laureano_Comedor_f65c0a,PUR_IED_Laureano_Comedor_f65c0a,,,,,
2026-09-12T09:41:09-05:00,PUR_IED_Laureano_Exterior_7ab011,PUR_IED_Laureano_Exterior_7ab011,,,,,
2026-09-12T09:41:09-05:00,PUR_IED_LeonGreiff_Exte_dfe560,PUR_IED_LeonGreiff_Exte_dfe560,,,,,
2026-09-12T09:41:09-05:00,PUR_IED_LeonGreiff_S210_f264ed,PUR_IED_LeonGreiff_S210_f264ed,,,,,
2026-09-12T09:41:09-05:00,PUR_IED_LeonGreiff_SQuimi_e8296f,PUR_IED_LeonGreiff_SQuimi_e8296f,,,,,
2026-09-12T09:41:09-05:00,PUR_IED_LlanoOrientalS208_7b9fcd,PUR_IED_LlanoOrientalS208_7b9fcd,,,,,
2026-09-12T09:41:09-05:00,PUR_IED_LlanoOriental_Ext_fb3766,PUR_IED_LlanoOriental_Ext_fb3766,,,,,
2026-09-12T09:41:09-05:00,PUR_IED_LlanoOriental_S208_7b9fcd,PUR_IED_LlanoOriental_S208_7b9fcd,,,,,
2026-09-12T09:41:09-05:00,PUR_IED_LlanoOriental_S9_27b378,PUR_IED_LlanoOriental_S9_27b378,,,,,
2026-09-12T09:41:09-05:00,PUR_IED_LosTejares_1101_477602,PUR_IED_LosTejares_1101_477602,,,,,
2026-09-12T09:41:09-05:00,PUR_IED_LosTejares_11_d2c595,PUR_IED_LosTejares_11_d2c595,,,,,
2026-09-12T09:41:09-05:00,PUR_IED_LosTejares_12_477602,PUR_IED_LosTejares_12_477602,,,,,
2026-09-12T09:41:09-05:00,PUR_IED_LosTejares_Ext_8e2115,PUR_IED_LosTejares_Ext_8e2115,,,,,
2026-09-12T09:41:09-05:00,PUR_IED_MagdalenaO_B202_5ddda3,PUR_IED_MagdalenaO_B202_5ddda3,,,,,
2026-09-12T09:41:09-05:00,PUR_IED_MagdalenaO_B205_fb76e8,PUR_IED_MagdalenaO_B205_fb76e8,,,,,
2026-09-12T09:41:09-05:00,PUR_IED_MagdalenaO_ext_dc69cd,PUR_IED_MagdalenaO_ext_dc69cd,,,,,
2026-09-12T09:41:09-05:00,PUR_IED_ManueCepeda_artes_eee956,PUR_IED_ManueCepeda_artes_eee956,,,,,
2026-09-12T09:41:09-05:00,PUR_IED_ManuelCepeda_Ext_58313,PUR_IED_ManuelCepeda_Ext_58313,,,,,
2026-09-12T09:41:09-05:00,PUR_IED_ManuelCepeda_tec_1c5731,PUR_IED_ManuelCepeda_tec_1c5731,,,,,
2026-09-12T09:41:09-05:00,PUR_IED_ManuelS_Exterior_5b269,PUR_IED_ManuelS_Exterior_5b269,,,,,
2026-09-12T09:41:09-05:00,PUR_IED_ManuelS_Inform_f369ce,PUR_IED_ManuelS_Inform_f369ce,,,,,
2026-09-12T09:41:09-05:00,PUR_IED_ManuelS_SArtes_7d15f1,PUR_IED_ManuelS_SArtes_7d15f1,,,,,
2026-09-12T09:41:09-05:00,PUR_IED_ManuelZapata_303_3ca6,PUR_IED_ManuelZapata_303_3ca6,,,,,
2026-09-12T09:41:09-05:00,PUR_IED_ManuelZapata_311_bfbabc,PUR_IED_ManuelZapata_311_bfbabc,,,,,
2026-09-12T09:41:09-05:00,PUR_IED_ManuelZapata_Ext_50824a,PUR_IED_ManuelZapata_Ext_50824a,,,,,
2026-09-12T09:41:09-05:00,PUR_IED_ManuelitaS_Exteri_656a92,PUR_IED_ManuelitaS_Exteri_656a92,,,,,
2026-09-12T09:41:09-05:00,PUR_IED_ManuelitaS_JuzgDe_f58ec3,PUR_IED_ManuelitaS_JuzgDe_f58ec3,,,,,
2026-09-12T09:41:09-05:00,PUR_IED_ManuelitaS_Recrea_d793db,PUR_IED_ManuelitaS_Recrea_d793db,,,,,
2026-09-12T09:41:09-05:00,PUR_IED_MarFidSuarez_Ext_c27b19,PUR_IED_MarFidSuarez_Ext_c27b19,,,,,
2026-09-12T09:41:09-05:00,PUR_IED_MarFidSuarez_Info_e384d7,PUR_IED_MarFidSuarez_Info_e384d7,,,,,
2026-09-12T09:41:09-05:00,PUR_IED_MarFidSuarez_S306_1d0032,PUR_IED_MarFidSuarez_S306_1d0032,,,,,
2026-09-12T09:41:09-05:00,PUR_IED_Menorah_301_2a25a3,PUR_IED_Menorah_301_2a25a3,,,,,
2026-09-12T09:41:09-05:00,PUR_IED_Menorah_306_37ed3,PUR_IED_Menorah_306_37ed3,,,,,
2026-09-12T09:41:09-05:00,PUR_IED_Menorah_Ext_3e155b,PUR_IED_Menorah_Ext_3e155b,,,,,
2026-09-12T09:41:09-05:00,PUR_IED_MinutoB.Aires_A11_1b1604,PUR_IED_MinutoB.Aires_A11_1b1604,,,,,
2026-09-12T09:41:09-05:00,PUR_IED_MinutoB.Aires_A12_fb5860,PUR_IED_MinutoB.Aires_A12_fb5860,,,,,
2026-09-12T09:41:09-05:00,PUR_IED_MinutoB.Aires_Ext_81293f,PUR_IED_MinutoB.Aires_Ext_81293f,,,,,
2026-09-12T09:41:09-05:00,PUR_IED_MinutoBAires_A11_1b1604,PUR_IED_MinutoBAires_A11_1b1604,,,,,
2026-09-12T09:41:09-05:00,PUR_IED_MinutoBAires_A12_fb5860,PUR_IED_MinutoBAires_A12_fb5860,,,,,
2026-09-12T09:41:09-05:00,PUR_IED_MinutoBAires_Ext_81293f,PUR_IED_MinutoBAires_Ext_81293f,,,,,
2026-09-12T09:41:09-05:00,PUR_IED_Montreal_Aula10_1e4959,PUR_IED_Montreal_Aula10_1e4959,,,,,
2026-09-12T09:41:09-05:00,PUR_IED_Montreal_Aula6_300367,PUR_IED_Montreal_Aula6_300367,,,,,
2026-09-12T09:41:09-05:00,PUR_IED_Montreal_Exterior_91a179,PUR_IED_Montreal_Exterior_91a179,,,,,
2026-09-12T09:41:09-05:00,PUR_IED_Mqgdalena_B202_5ddda3,PUR_IED_Mqgdalena_B202_5ddda3,,,,,
2026-09-12T09:41:09-05:00,PUR_IED_NACUND_Soc_dc8728,PUR_IED_NACUND_Soc_dc8728,,,,,
2026-09-12T09:41:09-05:00,PUR_IED_NACUND_ext_27ad97,PUR_IED_NACUND_ext_27ad97,,,,,
2026-09-12T09:41:09-05:00,PUR_IED_NEsperanza_Ext_d24b61,PUR_IED_NEsperanza_Ext_d24b61,,,,,
2026-09-12T09:41:09-05:00,PUR_IED_NEsperanza_SElect_7d1807,PUR_IED_NEsperanza_SElect_7d1807,,,,,
2026-09-12T09:41:09-05:00,PUR_IED_NEsperanza_SLabor_8b2d0a,PUR_IED_NEsperanza_SLabor_8b2d0a,,,,,
2026-09-12T09:41:09-05:00,PUR_IED_NacionesU_Ext_f661a9,PUR_IED_NacionesU_Ext_f661a9,,,,,
2026-09-12T09:41:09-05:00,PUR_IED_NacionesU_Quimica_66f0a,PUR_IED_NacionesU_Quimica_66f0a,,,,,
2026-09-12T09:41:09-05:00,PUR_IED_NacionesU_S306_1b4b3d,PUR_IED_NacionesU_S306_1b4b3d,,,,,
2026-09-12T09:41:09-05:00,PUR_IED_NestorFA_Ext_e4201c,PUR_IED_NestorFA_Ext_e4201c,,,,,
2026-09-12T09:41:09-05:00,PUR_IED_NestorFA_Laborato_f22fe0,PUR_IED_NestorFA_Laborato_f22fe0,,,,,
2026-09-12T09:41:09-05:00,PUR_IED_NestorFA_S204_dee996,PUR_IED_NestorFA_S204_dee996,,,,,
2026-09-12T09:41:09-05:00,PUR_IED_NidyaQT_Aula03_76999b,PUR_IED_NidyaQT_Aula03_76999b,,,,,
2026-09-12T09:41:09-05:00,PUR_IED_NidyaQT_Aula10_56325,PUR_IED_NidyaQT_Aula10_56325,,,,,
2026-09-12T09:41:09-05:00,PUR_IED_NidyaQT_Ext_46e32d,PUR_IED_NidyaQT_Ext_46e32d,,,,,
2026-09-12T09:41:09-05:00,PUR_IED_NuevaCol_Exterior_d9b859,PUR_IED_NuevaCol_Exterior_d9b859,,,,,
2026-09-12T09:41:09-05:00,PUR_IED_NuevaCol_S1101_76c43b,PUR_IED_NuevaCol_S1101_76c43b,,,,,
2026-09-12T09:41:09-05:00,PUR_IED_NuevaCol_S1102_1ce0b5,PUR_IED_NuevaCol_S1102_1ce0b5,,,,,
2026-09-12T09:41:09-05:00,PUR_IED_OEA_A202_f7e3f2,PUR_IED_OEA_A202_f7e3f2,,,,,
2026-09-12T09:41:09-05:00,PUR_IED_OEA_A203_7d1b8d,PUR_IED_OEA_A203_7d1b8d,,,,,
2026-09-12T09:41:09-05:00,PUR_IED_OEA_Ext_27b593,PUR_IED_OEA_Ext_27b593,,,,,
2026-09-12T09:41:09-05:00,PUR_IED_Ochoa_Ext_1c29da,PUR_IED_Ochoa_Ext_1c29da,,,,,
2026-09-12T09:41:09-05:00,PUR_IED_Ochoa_S205_8b1121,PUR_IED_Ochoa_S205_8b1121,,,,,
2026-09-12T09:41:09-05:00,PUR_IED_Ochoa_Sistemas_f33af6,PUR_IED_Ochoa_Sistemas_f33af6,,,,,
2026-09-12T09:41:09-05:00,PUR_IED_PQuebec_Ext_1c67c7,PUR_IED_PQuebec_Ext_1c67c7,,,,,
2026-09-12T09:41:09-05:00,PUR_IED_PQuebec_S15_23e8e2,PUR_IED_PQuebec_S15_23e8e2,,,,,
2026-09-12T09:41:09-05:00,PUR_IED_PQuebec_S16_8ec76b,PUR_IED_PQuebec_S16_8ec76b,,,,,
2026-09-12T09:41:09-05:00,PUR_IED_PabloN_Ext_49dc96,PUR_IED_PabloN_Ext_49dc96,,,,,
2026-09-12T09:41:09-05:00,PUR_IED_PabloN_S1102_4e3df5,PUR_IED_PabloN_S1102_4e3df5,,,,,
2026-09-12T09:41:09-05:00,PUR_IED_PabloN_S1103_50c94b,PUR_IED_PabloN_S1103_50c94b,,,,,
2026-09-12T09:41:09-05:00,PUR_IED_Palestina_S1101_db9198,PUR_IED_Palestina_S1101_db9198,,,,,
2026-09-12T09:41:09-05:00,PUR_IED_Palestina_S1102_dc54fa,PUR_IED_Palestina_S1102_dc54fa,,,,,
2026-09-12T09:41:09-05:00,PUR_IED_Palestina_ext_4ccce6,PUR_IED_Palestina_ext_4ccce6,,,,,
2026-09-12T09:41:09-05:00,PUR_IED_Panama_Fisica_4d0794,PUR_IED_Panama_Fisica_4d0794,,,,,
2026-09-12T09:41:09-05:00,PUR_IED_Panama_SIngles_a4077e,PUR_IED_Panama_SIngles_a4077e,,,,,
2026-09-12T09:41:09-05:00,PUR_IED_Panama_ext_4c54b4,PUR_IED_Panama_ext_4c54b4,,,,,
2026-09-12T09:41:09-05:00,PUR_IED_ParaisoM_Exterior_8cd7f0,PUR_IED_ParaisoM_Exterior_8cd7f0,,,,,
2026-09-12T09:41:09-05:00,PUR_IED_ParaisoM_Laborato_27af35,PUR_IED_ParaisoM_Laborato_27af35,,,,,
2026-09-12T09:41:09-05:00,PUR_IED_ParaisoM_S304_d1edca,PUR_IED_ParaisoM_S304_d1edca,,,,,
2026-09-12T09:41:09-05:00,PUR_IED_PorfirioBarba_Ext_301466,PUR_IED_PorfirioBarba_Ext_301466,,,,,
2026-09-12T09:41:09-05:00,PUR_IED_PorfirioBarba_S11_df6cd2,PUR_IED_PorfirioBarba_S11_df6cd2,,,,,
2026-09-12T09:41:09-05:00,PUR_IED_PorfirioBarba_S29_27a7d6,PUR_IED_PorfirioBarba_S29_27a7d6,,,,,
2026-09-12T09:41:09-05:00,PUR_IED_PradoV_Exter_8b27ad,PUR_IED_PradoV_Exter_8b27ad,,,,,
2026-09-12T09:41:09-05:00,PUR_IED_PradoV_S301_de65b5,PUR_IED_PradoV_S301_de65b5,,,,,
2026-09-12T09:41:09-05:00,PUR_IED_PradoV_S302_7d2593,PUR_IED_PradoV_S302_7d2593,,,,,
2026-09-12T09:41:09-05:00,PUR_IED_QuirogaAlz_Ext_1ddc82,PUR_IED_QuirogaAlz_Ext_1ddc82,,,,,
2026-09-12T09:41:09-05:00,PUR_IED_QuirogaAlz_S302_9926a3,PUR_IED_QuirogaAlz_S302_9926a3,,,,,
2026-09-12T09:41:09-05:00,PUR_IED_QuirogaAlz_S305_cdf1f1,PUR_IED_QuirogaAlz_S305_cdf1f1,,,,,
2026-09-12T09:41:09-05:00,PUR_IED_RGuatemala_Biling_dc53b7,PUR_IED_RGuatemala_Biling_dc53b7,,,,,
2026-09-12T09:41:09-05:00,PUR_IED_RGuatemala_Ext_1b89a3,PUR_IED_RGuatemala_Ext_1b89a3,,,,,
2026-09-12T09:41:09-05:00,PUR_IED_RGuatemala_Tecnol_281a34,PUR_IED_RGuatemala_Tecnol_281a34,,,,,
2026-09-12T09:41:09-05:00,PUR_IED_RafaNu_Ext_f7c302,PUR_IED_RafaNu_Ext_f7c302,,,,,
2026-09-12T09:41:09-05:00,PUR_IED_RafaNu_S1101_25fde,PUR_IED_RafaNu_S1101_25fde,,,,,
2026-09-12T09:41:09-05:00,PUR_IED_RafaNu_S1102_281517,PUR_IED_RafaNu_S1102_281517,,,,,
2026-09-12T09:41:09-05:00,PUR_IED_RafaelB_S305_ee2783,PUR_IED_RafaelB_S305_ee2783,,,,,
2026-09-12T09:41:09-05:00,PUR_IED_RafaelB_S306_75fe33,PUR_IED_RafaelB_S306_75fe33,,,,,
2026-09-12T09:41:09-05:00,PUR_IED_RafaelB_ext_283336,PUR_IED_RafaelB_ext_283336,2,19,58,4.6722,-74.0737
2026-09-12T09:41:09-05:00,PUR_IED_RafaelUU_Exterior_281a51,PUR_IED_RafaelUU_Exterior_281a51,,,,,
2026-09-12T09:41:09-05:00,PUR_IED_RafaelUU_Human_806b2,PUR_IED_RafaelUU_Human_806b2,,,,,
2026-09-12T09:41:09-05:00,PUR_IED_RafaelUU_Mate2_5680d4,PUR_IED_RafaelUU_Mate2_5680d4,,,,,
2026-09-12T09:41:09-05:00,PUR_IED_RamonSub_Ext_f9eeb9,PUR_IED_RamonSub_Ext_f9eeb9,,,,,
2026-09-12T09:41:09-05:00,PUR_IED_RamonSub_Media_d1f62f,PUR_IED_RamonSub_Media_d1f62f,,,,,
2026-09-12T09:41:09-05:00,PUR_IED_RamonSub_planta_51b82,PUR_IED_RamonSub_planta_51b82,,,,,
2026-09-12T09:41:09-05:00,PUR_IED_RepBoliVene_Exter_27af7c,PUR_IED_RepBoliVene_Exter_27af7c,,,,,
2026-09-12T09:41:09-05:00,PUR_IED_RepBoliVene_SCPT_5ae2ee,PUR_IED_RepBoliVene_SCPT_5ae2ee,,,,,
2026-09-12T09:41:09-05:00,PUR_IED_RepBoliVene_Socia_4b11d5,PUR_IED_RepBoliVene_Socia_4b11d5,,,,,
2026-09-12T09:41:09-05:00,PUR_IED_RepChina_Ext_76d9ee,PUR_IED_RepChina_Ext_76d9ee,,,,,
2026-09-12T09:41:09-05:00,PUR_IED_RepChina_S404_7c804c,PUR_IED_RepChina_S404_7c804c,,,,,
2026-09-12T09:41:09-05:00,PUR_IED_RepChina_S405_df2c33,PUR_IED_RepChina_S405_df2c33,,,,,
2026-09-12T09:41:09-05:00,PUR_IED_RepublicaC_Exteri_7d1ec9,PUR_IED_RepublicaC_Exteri_7d1ec9,,,,,
2026-09-12T09:41:09-05:00,PUR_IED_RepublicaC_S1101_f544b3,PUR_IED_RepublicaC_S1101_f544b3,,,,,
2026-09-12T09:41:09-05:00,PUR_IED_RepublicaC_S1102_7aafc7,PUR_IED_RepublicaC_S1102_7aafc7,,,,,
2026-09-12T09:41:09-05:00,PUR_IED_Ricaurte_Externo_a0ea1,PUR_IED_Ricaurte_Externo_a0ea1,,,,,
2026-09-12T09:41:09-05:00,PUR_IED_Ricaurte_S210_f546fd,PUR_IED_Ricaurte_S210_f546fd,,,,,
2026-09-12T09:41:09-05:00,PUR_IED_Ricaurte_S309_d4452,PUR_IED_Ricaurte_S309_d4452,,,,,
2026-09-12T09:41:09-05:00,PUR_IED_RogelioS_1102_531e69,PUR_IED_RogelioS_1102_531e69,,,,,
2026-09-12T09:41:09-05:00,PUR_IED_RogelioS_Ext_f25a18,PUR_IED_RogelioS_Ext_f25a18,,,,,
2026-09-12T09:41:09-05:00,PUR_IED_SBernardino_Ext_27aff8,PUR_IED_SBernardino_Ext_27aff8,,,,,
2026-09-12T09:41:09-05:00,PUR_IED_SBernardino_SArte_2ffd33,PUR_IED_SBernardino_SArte_2ffd33,,,,,
2026-09-12T09:41:09-05:00,PUR_IED_SBernardino_SIngl_7c7da5,PUR_IED_SBernardino_SIngl_7c7da5,,,,,
2026-09-12T09:41:09-05:00,PUR_IED_Sago_auditorio_dc9d1d,PUR_IED_Sago_auditorio_dc9d1d,,,,,
2026-09-12T09:41:09-05:00,PUR_IED_Saludcoop_Ext_95aac3,PUR_IED_Saludcoop_Ext_95aac3,,,,,
2026-09-12T09:41:09-05:00,PUR_IED_Saludcoop_InfI_90c854,PUR_IED_Saludcoop_InfI_90c854,,,,,
2026-09-12T09:41:09-05:00,PUR_IED_Saludcoop_SMedia_1b93be,PUR_IED_Saludcoop_SMedia_1b93be,,,,,
2026-09-12T09:41:09-05:00,PUR_IED_SanCarlos_1101_1a2360,PUR_IED_SanCarlos_1101_1a2360,,,,,
2026-09-12T09:41:09-05:00,PUR_IED_SanCarlos_1103_7bafb5,PUR_IED_SanCarlos_1103_7bafb5,,,,,
2026-09-12T09:41:09-05:00,PUR_IED_SanCarlos_Ext_b7cd1,PUR_IED_SanCarlos_Ext_b7cd1,,,,,
2026-09-12T09:41:09-05:00,PUR_IED_SanIgnacioBosa11a_50c26e,PUR_IED_SanIgnacioBosa11a_50c26e,,,,,
2026-09-12T09:41:09-05:00,PUR_IED_SanIgnacioBosa11b_371de8,PUR_IED_SanIgnacioBosa11b_371de8,,,,,
2026-09-12T09:41:09-05:00,PUR_IED_SanIgnacioBosaExt_ef0ffc,PUR_IED_SanIgnacioBosaExt_ef0ffc,,,,,
2026-09-12T09:41:09-05:00,PUR_IED_SanIgnacioBosa_11a_50c26e,PUR_IED_SanIgnacioBosa_11a_50c26e,,,,,
2026-09-12T09:41:09-05:00,PUR_IED_SanIgnacioBosa_Ext_ef0ffc,PUR_IED_SanIgnacioBosa_Ext_ef0ffc,,,,,
2026-09-12T09:41:09-05:00,PUR_IED_SanJoseN_intS1101_31c47f,PUR_IED_SanJoseN_intS1101_31c47f,,,,,
2026-09-12T09:41:09-05:00,PUR_IED_SanJoseUsm_Exter_f5d7e8,PUR_IED_SanJoseUsm_Exter_f5d7e8,,,,,
2026-09-12T09:41:09-05:00,PUR_IED_SanJoseUsm_Int11A_cfdef6,PUR_IED_SanJoseUsm_Int11A_cfdef6,,,,,
2026-09-12T09:41:09-05:00,PUR_IED_SilveriaR_IntB5_905349,PUR_IED_SilveriaR_IntB5_905349,,,,,
2026-09-12T09:41:09-05:00,PUR_IED_SilveriaR_IntSD14_981f93,PUR_IED_SilveriaR_IntSD14_981f93,,,,,
2026-09-12T09:41:09-05:00,PUR_IED_SilveriaR_ext_2b651d,PUR_IED_SilveriaR_ext_2b651d,,,,,
2026-09-12T09:41:09-05:00,PUR_IED_SimonB_Exterior_913975,PUR_IED_SimonB_Exterior_913975,,,,,
2026-09-12T09:41:09-05:00,PUR_IED_SimonB_LabQuimi_c56908,PUR_IED_SimonB_LabQuimi_c56908,,,,,
2026-09-12T09:41:09-05:00,PUR_IED_SimonB_informatic_a28c1,PUR_IED_SimonB_informatic_a28c1,,,,,
2026-09-12T09:41:09-05:00,PUR_IED_Sorrento_1102_315f50,PUR_IED_Sorrento_1102_315f50,,,,,
2026-09-12T09:41:09-05:00,PUR_IED_Sorrento_Minte_214eab,PUR_IED_Sorrento_Minte_214eab,,,,,
2026-09-12T09:41:09-05:00,PUR_IED_Sorrento_ext_7c3a0a,PUR_IED_Sorrento_ext_7c3a0a,,,,,
2026-09-12T09:41:09-05:00,PUR_IED_Tabora_Ext_f048ae,PUR_IED_Tabora_Ext_f048ae,,,,,
2026-09-12T09:41:09-05:00,PUR_IED_Tabora_S1102_b07752,PUR_IED_Tabora_S1102_b07752,,,,,
2026-09-12T09:41:09-05:00,PUR_IED_Tabora_S1103_d988f5,PUR_IED_Tabora_S1103_d988f5,,,,,
2026-09-12T09:41:09-05:00,PUR_IED_Tenerife_Ext_1ab188,PUR_IED_Tenerife_Ext_1ab188,,,,,
2026-09-12T09:41:09-05:00,PUR_IED_Tenerife_SDanzas_7bc02e,PUR_IED_Tenerife_SDanzas_7bc02e,,,,,
2026-09-12T09:41:09-05:00,PUR_IED_Tenerife_SIngles_7cc277,PUR_IED_Tenerife_SIngles_7cc277,,,,,
2026-09-12T09:41:09-05:00,PUR_IED_Tibabuyes_Exter_f2683d,PUR_IED_Tibabuyes_Exter_f2683d,,,,,
2026-09-12T09:41:09-05:00,PUR_IED_Tibabuyes_S10_dc87a8,PUR_IED_Tibabuyes_S10_dc87a8,,,,,
2026-09-12T09:41:09-05:00,PUR_IED_Tibabuyes_S15_dc0526,PUR_IED_Tibabuyes_S15_dc0526,,,,,
2026-09-12T09:41:09-05:00,PUR_IED_UnionE_S301_a1043,PUR_IED_UnionE_S301_a1043,,,,,
2026-09-12T09:41:09-05:00,PUR_IED_UnionE_S307_ff6c2f,PUR_IED_UnionE_S307_ff6c2f,,,,,
2026-09-12T09:41:09-05:00,PUR_IED_UnionE__Ext_5e2468,PUR_IED_UnionE__Ext_5e2468,,,,,
2026-09-12T09:41:09-05:00,PUR_IED_VillaRica_Ext_75be7c,PUR_IED_VillaRica_Ext_75be7c,,,,,
2026-09-12T09:41:09-05:00,PUR_IED_VillaRica_S4_cc5dcd,PUR_IED_VillaRica_S4_cc5dcd,,,,,
2026-09-12T09:41:09-05:00,PUR_IED_VillaRica_Sesp_99f5c,PUR_IED_VillaRica_Sesp_99f5c,,,,,
2026-09-12T09:46:05-05:00,PUR_IED_20deJulio_1101_91b1b9,PUR_IED_20deJulio_1101_91b1b9,,,,,
2026-09-12T09:46:05-05:00,PUR_IED_20deJulio_1102_1cfcf9,PUR_IED_20deJulio_1102_1cfcf9,,,,,
2026-09-12T09:46:05-05:00,PUR_IED_20deJulio_Ext_ab60bd,PUR_IED_20deJulio_Ext_ab60bd,,,,,
2026-09-12T09:46:05-05:00,PUR_IED_AgustinFer_Ext_7b9b77,PUR_IED_AgustinFer_Ext_7b9b77,,,,,
2026-09-12T09:46:05-05:00,PUR_IED_AgustinFer_Info2_27b3a7,PUR_IED_AgustinFer_Info2_27b3a7,,,,,
2026-09-12T09:46:05-05:00,PUR_IED_AgustinFer_Sena_54b4eb,PUR_IED_AgustinFer_Sena_54b4eb,,,,,
2026-09-12T09:46:05-05:00,PUR_IED_AlexanderF_1102_caf07b,PUR_IED_AlexanderF_1102_caf07b,,,,,
2026-09-12T09:46:05-05:00,PUR_IED_AlexanderF_1103_c79e71,PUR_IED_AlexanderF_1103_c79e71,,,,,
2026-09-12T09:46:05-05:00,PUR_IED_AlexanderF_Ext_c5b18b,PUR_IED_AlexanderF_Ext_c5b18b,,,,,
2026-09-12T09:46:05-05:00,PUR_IED_AlfonsoLopez_Ext_281d77,PUR_IED_AlfonsoLopez_Ext_281d77,,,,,
2026-09-12T09:46:05-05:00,PUR_IED_AlfonsoLopez_LabF_888ce0,PUR_IED_AlfonsoLopez_LabF_888ce0,,,,,
2026-09-12T09:46:05-05:00,PUR_IED_AlfonsoLopez_SMed_df6a7f,PUR_IED_AlfonsoLopez_SMed_df6a7f,,,,,
2026-09-12T09:46:05-05:00,PUR_IED_AltamiraSO_A2_209f92,PUR_IED_AltamiraSO_A2_209f92,,,,,
2026-09-12T09:46:05-05:00,PUR_IED_AltamiraSO_Ext_186d66,PUR_IED_AltamiraSO_Ext_186d66,,,,,
2026-09-12T09:46:05-05:00,PUR_IED_AltamiraSO_Sistem_27afe1,PUR_IED_AltamiraSO_Sistem_27afe1,,,,,
2026-09-12T09:46:05-05:00,PUR_IED_AlvaroGom_LabQuim_813179,PUR_IED_AlvaroGom_LabQuim_813179,,,,,
2026-09-12T09:46:05-05:00,PUR_IED_AlvaroGomez_Ext_47c7ca,PUR_IED_AlvaroGomez_Ext_47c7ca,,,,,
2026-09-12T09:46:05-05:00,PUR_IED_AlvaroGomez_LabQuim_813179,PUR_IED_AlvaroGomez_LabQuim_813179,,,,,
2026-09-12T09:46:05-05:00,PUR_IED_AlvaroGomez_S23_7ba89f,PUR_IED_AlvaroGomez_S23_7ba89f,,,,,
2026-09-12T09:46:05-05:00,PUR_IED_Amistad_306_dc8728,PUR_IED_Amistad_306_dc8728,,,,,
2026-09-12T09:46:05-05:00,PUR_IED_Amistad_Ext_8cd55e,PUR_IED_Amistad_Ext_8cd55e,,,,,
2026-09-12T09:46:05-05:00,PUR_IED_Amistad_S202_a41169,PUR_IED_Amistad_S202_a41169,,,,,
2026-09-12T09:46:05-05:00,PUR_IED_AndresBello_Bio_fd5f5e,PUR_IED_AndresBello_Bio_fd5f5e,,,,,
2026-09-12T09:46:05-05:00,PUR_IED_AndresBello_ext_dcad65,PUR_IED_AndresBello_ext_dcad65,,,,,
2026-09-12T09:46:05-05:00,PUR_IED_AndresBello_port_eed3ec,PUR_IED_AndresBello_port_eed3ec,,,,,
2026-09-12T09:46:05-05:00,PUR_IED_AngelaR_11b_d90a6b,PUR_IED_AngelaR_11b_d90a6b,,,,,
2026-09-12T09:46:05-05:00,PUR_IED_AngelaR_ext_7cad3e,PUR_IED_AngelaR_ext_7cad3e,3,19,62,4.5825,-74.164497
2026-09-12T09:46:05-05:00,PUR_IED_AntJoseSucre_10mo_df2575,PUR_IED_AntJoseSucre_10mo_df2575,,,,,
2026-09-12T09:46:05-05:00,PUR_IED_AntJoseSucre_Ext_215b36,PUR_IED_AntJoseSucre_Ext_215b36,,,,,
2026-09-12T09:46:05-05:00,PUR_IED_AntJoseSucre_Lab_3139de,PUR_IED_AntJoseSucre_Lab_3139de,,,,,
2026-09-12T09:46:05-05:00,PUR_IED_AntonioGarcia_301_d6b188,PUR_IED_AntonioGarcia_301_d6b188,,,,,
2026-09-12T09:46:05-05:00,PUR_IED_AntonioGarcia_302_88a82,PUR_IED_AntonioGarcia_302_88a82,,,,,
2026-09-12T09:46:05-05:00,PUR_IED_AntonioGarcia_Ext_20950c,PUR_IED_AntonioGarcia_Ext_20950c,,,,,
2026-09-12T09:46:05-05:00,PUR_IED_AntonioVan_Aula2_6dea02,PUR_IED_AntonioVan_Aula2_6dea02,,,,,
2026-09-12T09:46:05-05:00,PUR_IED_AntonioVan_Aula5_f1557e,PUR_IED_AntonioVan_Aula5_f1557e,,,,,
2026-09-12T09:46:05-05:00,PUR_IED_AntonioVan_Ext_406f2f,PUR_IED_AntonioVan_Ext_406f2f,,,,,
2026-09-12T09:46:05-05:00,PUR_IED_Atabanzha_Ext_cc5af9,PUR_IED_Atabanzha_Ext_cc5af9,,,,,
2026-09-12T09:46:05-05:00,PUR_IED_Atabanzha_SA101_56c37,PUR_IED_Atabanzha_SA101_56c37,,,,,
2026-09-12T09:46:05-05:00,PUR_IED_Atabanzha_SB302_27b374,PUR_IED_Atabanzha_SB302_27b374,,,,,
2026-09-12T09:46:05-05:00,PUR_IED_Atahualpa_Ext_fc1748,PUR_IED_Atahualpa_Ext_fc1748,,,,,
2026-09-12T09:46:05-05:00,PUR_IED_Atahualpa_Informa_dc9a95,PUR_IED_Atahualpa_Informa_dc9a95,,,,,
2026-09-12T09:46:05-05:00,PUR_IED_Atahualpa_S1101_f98056,PUR_IED_Atahualpa_S1101_f98056,,,,,
2026-09-12T09:46:05-05:00,PUR_IED_Bellavista_Ext_f5aa74,PUR_IED_Bellavista_Ext_f5aa74,,,,,
2026-09-12T09:46:05-05:00,PUR_IED_Bilbao_11A_916c41,PUR_IED_Bilbao_11A_916c41,,,,,
2026-09-12T09:46:05-05:00,PUR_IED_Bilbao_Ext_fb579a,PUR_IED_Bilbao_Ext_fb579a,,,,,
2026-09-12T09:46:05-05:00,PUR_IED_BrasiliaU_A125_304280,PUR_IED_BrasiliaU_A125_304280,,,,,
2026-09-12T09:46:05-05:00,PUR_IED_BrasiliaU_A203_7c8ca5,PUR_IED_BrasiliaU_A203_7c8ca5,,,,,
2026-09-12T09:46:05-05:00,PUR_IED_BrasiliaU_Ext_8d6e9f,PUR_IED_BrasiliaU_Ext_8d6e9f,5,18,65,4.5175,-74.116302
2026-09-12T09:46:05-05:00,PUR_IED_Brasilia_Ext_fe6593,PUR_IED_Brasilia_Ext_fe6593,,,,,
2026-09-12T09:46:05-05:00,PUR_IED_Brasilia_S24_7c130d,PUR_IED_Brasilia_S24_7c130d,,,,,
2026-09-12T09:46:05-05:00,PUR_IED_Brasilia_S501_186a54,PUR_IED_Brasilia_S501_186a54,,,,,
2026-09-12T09:46:05-05:00,PUR_IED_CHARRY_EXT_f1d5cd,PUR_IED_CHARRY_EXT_f1d5cd,,,,,
2026-09-12T09:46:05-05:00,PUR_IED_CHARRY_INTDANZAS_7a08e6,PUR_IED_CHARRY_INTDANZAS_7a08e6,,,,,
2026-09-12T09:46:05-05:00,PUR_IED_CHARRY_INT_AULA20_dc998d,PUR_IED_CHARRY_INT_AULA20_dc998d,,,,,
2026-09-12T09:46:05-05:00,PUR_IED_COLVIV_1101_S25_7f520a,PUR_IED_COLVIV_1101_S25_7f520a,,,,,
2026-09-12T09:46:05-05:00,PUR_IED_COLVIV_1102_S16_f570ba,PUR_IED_COLVIV_1102_S16_f570ba,,,,,
2026-09-12T09:46:05-05:00,PUR_IED_COLVIV_Ext_1a26fa,PUR_IED_COLVIV_Ext_1a26fa,,,,,
2026-09-12T09:46:05-05:00,PUR_IED_CULPOP_301A_f660f3,PUR_IED_CULPOP_301A_f660f3,,,,,
2026-09-12T09:46:05-05:00,PUR_IED_CULPOP_303_568afe,PUR_IED_CULPOP_303_568afe,,,,,
2026-09-12T09:46:05-05:00,PUR_IED_CULPOP_Ext_e02ccb,PUR_IED_CULPOP_Ext_e02ccb,,,,,
2026-09-12T09:46:05-05:00,PUR_IED_CVillavicen_Ext_26eb58,PUR_IED_CVillavicen_Ext_26eb58,6,16,79,4.487,-74.102798
2026-09-12T09:46:05-05:00,PUR_IED_CVillavicen_Intel_1ce5c2,PUR_IED_CVillavicen_Intel_1ce5c2,,,,,
2026-09-12T09:46:05-05:00,PUR_IED_CVillavicen_Poliv_e0766c,PUR_IED_CVillavicen_Poliv_e0766c,,,,,
2026-09-12T09:46:05-05:00,PUR_IED_CVillavicen_int_1ba140,PUR_IED_CVillavicen_int_1ba140,,,,,
2026-09-12T09:46:05-05:00,PUR_IED_CVillavicen_intel_1ba140,PUR_IED_CVillavicen_intel_1ba140,,,,,
2026-09-12T09:46:05-05:00,PUR_IED_CarlosPizarro_Ext_e307cc,PUR_IED_CarlosPizarro_Ext_e307cc,,,,,
2026-09-12T09:46:05-05:00,PUR_IED_CarlosPizarro_L36_7e5cdb,PUR_IED_CarlosPizarro_L36_7e5cdb,,,,,
2026-09-12T09:46:05-05:00,PUR_IED_CarlosPizarro_L37_c8566c,PUR_IED_CarlosPizarro_L37_c8566c,,,,,
2026-09-12T09:46:05-05:00,PUR_IED_Castilla_Ext_cf35f,PUR_IED_Castilla_Ext_cf35f,,,,,
2026-09-12T09:46:05-05:00,PUR_IED_Castilla_SFisik_360e38,PUR_IED_Castilla_SFisik_360e38,,,,,
2026-09-12T09:46:05-05:00,PUR_IED_Castilla_Sc304_496fbf,PUR_IED_Castilla_Sc304_496fbf,,,,,
2026-09-12T09:46:05-05:00,PUR_IED_CervantesSa_Ext_6b57b,PUR_IED_CervantesSa_Ext_6b57b,3,19,68,4.5128,-74.117203
2026-09-12T09:46:05-05:00,PUR_IED_CervantesSa_S107_225c2b,PUR_IED_CervantesSa_S107_225c2b,,,,,
2026-09-12T09:46:05-05:00,PUR_IED_CervantesSa_S108_940925,PUR_IED_CervantesSa_S108_940925,,,,,
2026-09-12T09:46:05-05:00,PUR_IED_Charry_A20_f53e7c,PUR_IED_Charry_A20_f53e7c,,,,,
2026-09-12T09:46:05-05:00,PUR_IED_Charry_Ext_f1d5cd,PUR_IED_Charry_Ext_f1d5cd,,,,,
2026-09-12T09:46:05-05:00,PUR_IED_Charry_IntAula20_dc998d,PUR_IED_Charry_IntAula20_dc998d,,,,,
2026-09-12T09:46:05-05:00,PUR_IED_Charry_IntDanzas_7a08e6,PUR_IED_Charry_IntDanzas_7a08e6,,,,,
2026-09-12T09:46:05-05:00,PUR_IED_ClememciaC_203_43e2fc,PUR_IED_ClememciaC_203_43e2fc,,,,,
2026-09-12T09:46:05-05:00,PUR_IED_ClememciaC_Ext_1b411a,PUR_IED_ClememciaC_Ext_1b411a,,,,,
2026-09-12T09:46:05-05:00,PUR_IED_ClememciaC_Quimic_44b5fc,PUR_IED_ClememciaC_Quimic_44b5fc,,,,,
2026-09-12T09:46:05-05:00,PUR_IED_ClemenciaC_203_43e2fc,PUR_IED_ClemenciaC_203_43e2fc,,,,,
2026-09-12T09:46:05-05:00,PUR_IED_ClemenciaC_Ext_1b411a,PUR_IED_ClemenciaC_Ext_1b411a,,,,,
2026-09-12T09:46:05-05:00,PUR_IED_ClemenciaC_Quimic_44b5fc,PUR_IED_ClemenciaC_Quimic_44b5fc,,,,,
2026-09-12T09:46:05-05:00,PUR_IED_ColViva_1101_S25_7f520a,PUR_IED_ColViva_1101_S25_7f520a,,,,,
2026-09-12T09:46:05-05:00,PUR_IED_ColViva_1102_S16_f570ba,PUR_IED_ColViva_1102_S16_f570ba,,,,,
2026-09-12T09:46:05-05:00,PUR_IED_ColViva_Ext_1a26fa,PUR_IED_ColViva_Ext_1a26fa,,,,,
2026-09-12T09:46:05-05:00,PUR_IED_ColegioBici_Asist_7c8798,PUR_IED_ColegioBici_Asist_7c8798,,,,,
2026-09-12T09:46:05-05:00,PUR_IED_ColegioBici_Ext_25cbf6,PUR_IED_ColegioBici_Ext_25cbf6,,,,,
2026-09-12T09:46:05-05:00,PUR_IED_ColegioBici_LabQ_7b57db,PUR_IED_ColegioBici_LabQ_7b57db,,,,,
2026-09-12T09:46:05-05:00,PUR_IED_CostaRica_Ext_5e640,PUR_IED_CostaRica_Ext_5e640,,,,,
2026-09-12T09:46:05-05:00,PUR_IED_CostaRica_Quim1_766d1c,PUR_IED_CostaRica_Quim1_766d1c,,,,,
2026-09-12T09:46:05-05:00,PUR_IED_CostaRica__Fisica_6f0873,PUR_IED_CostaRica__Fisica_6f0873,,,,,
2026-09-12T09:46:05-05:00,PUR_IED_CulPopu_301A_f660f3,PUR_IED_CulPopu_301A_f660f3,,,,,
2026-09-12T09:46:05-05:00,PUR_IED_CulPopu_303_568afe,PUR_IED_CulPopu_303_568afe,,,,,
2026-09-12T09:46:05-05:00,PUR_IED_CulPopu_Ext_e02ccb,PUR_IED_CulPopu_Ext_e02ccb,,,,,
2026-09-12T09:46:05-05:00,PUR_IED_Cundinamarca_Ext_f15985,PUR_IED_Cundinamarca_Ext_f15985,,,,,
2026-09-12T09:46:05-05:00,PUR_IED_Cundinamarca_Info_7aa5d7,PUR_IED_Cundinamarca_Info_7aa5d7,,,,,
2026-09-12T09:46:05-05:00,PUR_IED_Cundinamarca_Tec2_f449c7,PUR_IED_Cundinamarca_Tec2_f449c7,,,,,
2026-09-12T09:46:05-05:00,PUR_IED_DiegoM_Aula1_27b314,PUR_IED_DiegoM_Aula1_27b314,,,,,
2026-09-12T09:46:05-05:00,PUR_IED_DiegoM_Ext_d80ac8,PUR_IED_DiegoM_Ext_d80ac8,,,,,
2026-09-12T09:46:05-05:00,PUR_IED_DiegoM_S25_da928f,PUR_IED_DiegoM_S25_da928f,,,,,
2026-09-12T09:46:05-05:00,PUR_IED_ELRODEO_360881,PUR_IED_ELRODEO_360881,,,,,
2026-09-12T09:46:05-05:00,PUR_IED_ELRODEO_ext_360881,PUR_IED_ELRODEO_ext_360881,,,,,
2026-09-12T09:46:05-05:00,PUR_IED_EduardoU_Ext_1c1969,PUR_IED_EduardoU_Ext_1c1969,,,,,
2026-09-12T09:46:05-05:00,PUR_IED_EduardoU_SCiencia_4dfb94,PUR_IED_EduardoU_SCiencia_4dfb94,,,,,
2026-09-12T09:46:05-05:00,PUR_IED_EduardoU_SQuimica_5a46e7,PUR_IED_EduardoU_SQuimica_5a46e7,,,,,
2026-09-12T09:46:05-05:00,PUR_IED_ElRodeo_Aula14_676984,PUR_IED_ElRodeo_Aula14_676984,,,,,
2026-09-12T09:46:05-05:00,PUR_IED_ElRodeo_Aula16_2dd35b,PUR_IED_ElRodeo_Aula16_2dd35b,,,,,
2026-09-12T09:46:05-05:00,PUR_IED_ElRodeo_Ext_360881,PUR_IED_ElRodeo_Ext_360881,,,,,
2026-09-12T09:46:05-05:00,PUR_IED_ElRodeo_Exterior_8c6d28,PUR_IED_ElRodeo_Exterior_8c6d28,,,,,
2026-09-12T09:46:05-05:00,PUR_IED_ElRodeo_ext_360881,PUR_IED_ElRodeo_ext_360881,,,,,
2026-09-12T09:46:05-05:00,PUR_IED_EmmaReyes_Ext_987625,PUR_IED_EmmaReyes_Ext_987625,3,21,51,4.6367,-74.1511
2026-09-12T09:46:05-05:00,PUR_IED_Ensueño_Ext_7f0250,PUR_IED_Ensueño_Ext_7f0250,,,,,
2026-09-12T09:46:05-05:00,PUR_IED_EscNormal_Ext_5fef3b,PUR_IED_EscNormal_Ext_5fef3b,2,20,57,4.5852,-74.096901
2026-09-12T09:46:05-05:00,PUR_IED_EscNormal_S309_5b263,PUR_IED_EscNormal_S309_5b263,,,,,
2026-09-12T09:46:05-05:00,PUR_IED_EscNormal_S310_27b3b8,PUR_IED_EscNormal_S310_27b3b8,,,,,
2026-09-12T09:46:05-05:00,PUR_IED_Evangelista_Conta_f6cd4f,PUR_IED_Evangelista_Conta_f6cd4f,,,,,
2026-09-12T09:46:05-05:00,PUR_IED_Evangelista_Cri_5e16a,PUR_IED_Evangelista_Cri_5e16a,,,,,
2026-09-12T09:46:05-05:00,PUR_IED_Evangelista_Exter_754066,PUR_IED_Evangelista_Exter_754066,,,,,
2026-09-12T09:46:05-05:00,PUR_IED_FMiranda_S209_5cc2a3,PUR_IED_FMiranda_S209_5cc2a3,,,,,
2026-09-12T09:46:05-05:00,PUR_IED_FMiranda_S303_19e344,PUR_IED_FMiranda_S303_19e344,,,,,
2026-09-12T09:46:05-05:00,PUR_IED_FMiranda_ext_f53e7c,PUR_IED_FMiranda_ext_f53e7c,,,,,
2026-09-12T09:46:05-05:00,PUR_IED_FabioLozano_Bibli_1cee05,PUR_IED_FabioLozano_Bibli_1cee05,,,,,
2026-09-12T09:46:05-05:00,PUR_IED_FabioLozano_Ext_6ea285,PUR_IED_FabioLozano_Ext_6ea285,,,,,
2026-09-12T09:46:05-05:00,PUR_IED_FabioLozano_SLudi_f09e1e,PUR_IED_FabioLozano_SLudi_f09e1e,,,,,
2026-09-12T09:46:05-05:00,PUR_IED_FaustinoS_Aula07_27a731,PUR_IED_FaustinoS_Aula07_27a731,,,,,
2026-09-12T09:46:05-05:00,PUR_IED_FaustinoS_Ext_7b936f,PUR_IED_FaustinoS_Ext_7b936f,,,,,
2026-09-12T09:46:05-05:00,PUR_IED_FaustinoS_Fisica_da2c60,PUR_IED_FaustinoS_Fisica_da2c60,,,,,
2026-09-12T09:46:05-05:00,PUR_IED_FeGarciaLo_Ext_dc68ee,PUR_IED_FeGarciaLo_Ext_dc68ee,,,,,
2026-09-12T09:46:05-05:00,PUR_IED_FeGarciaLo_SDanza_f70a59,PUR_IED_FeGarciaLo_SDanza_f70a59,,,,,
2026-09-12T09:46:05-05:00,PUR_IED_FeGarciaLo_SMusic_125cdd,PUR_IED_FeGarciaLo_SMusic_125cdd,,,,,
2026-09-12T09:46:05-05:00,PUR_IED_FederalAlema_Exte_50c345,PUR_IED_FederalAlema_Exte_50c345,,,,,
2026-09-12T09:46:05-05:00,PUR_IED_FederalAlema_S31_f18371,PUR_IED_FederalAlema_S31_f18371,,,,,
2026-09-12T09:46:05-05:00,PUR_IED_FederalAlema_S901_a62cd,PUR_IED_FederalAlema_S901_a62cd,,,,,
2026-09-12T09:46:05-05:00,PUR_IED_FilarmonicaS_A5_f35eb1,PUR_IED_FilarmonicaS_A5_f35eb1,,,,,
2026-09-12T09:46:05-05:00,PUR_IED_FilarmonicaS_Ext_8a3bde,PUR_IED_FilarmonicaS_Ext_8a3bde,,,,,
2026-09-12T09:46:05-05:00,PUR_IED_FilarmonicaS_Spol_406114,PUR_IED_FilarmonicaS_Spol_406114,,,,,
2026-09-12T09:46:05-05:00,PUR_IED_FlorentinoG_A13_d1fa59,PUR_IED_FlorentinoG_A13_d1fa59,,,,,
2026-09-12T09:46:05-05:00,PUR_IED_FlorentinoG_Ext_1ce6ce,PUR_IED_FlorentinoG_Ext_1ce6ce,,,,,
2026-09-12T09:46:05-05:00,PUR_IED_FlorentinoG_Idiom_a66aac,PUR_IED_FlorentinoG_Idiom_a66aac,,,,,
2026-09-12T09:46:05-05:00,PUR_IED_FranciscoMati_Ext_e3869d,PUR_IED_FranciscoMati_Ext_e3869d,,,,,
2026-09-12T09:46:05-05:00,PUR_IED_FranciscoMati_S13_f31c67,PUR_IED_FranciscoMati_S13_f31c67,,,,,
2026-09-12T09:46:05-05:00,PUR_IED_FranciscoMati_S14_97dead,PUR_IED_FranciscoMati_S14_97dead,,,,,
2026-09-12T09:46:05-05:00,PUR_IED_FranciscoPS_Ext_7bfa9a,PUR_IED_FranciscoPS_Ext_7bfa9a,2,21,57,4.5899,-74.110397
2026-09-12T09:46:05-05:00,PUR_IED_FranciscoPS_Infor_fb8f4c,PUR_IED_FranciscoPS_Infor_fb8f4c,,,,,
2026-09-12T09:46:05-05:00,PUR_IED_FranciscoPS_Quimi_94d39c,PUR_IED_FranciscoPS_Quimi_94d39c,,,,,
2026-09-12T09:46:05-05:00,PUR_IED_FranciscoP_LabQ_d7e148,PUR_IED_FranciscoP_LabQ_d7e148,,,,,
2026-09-12T09:46:05-05:00,PUR_IED_FranciscoP_S28_cf9b30,PUR_IED_FranciscoP_S28_cf9b30,,,,,
2026-09-12T09:46:05-05:00,PUR_IED_FranciscoP_ext_e2313,PUR_IED_FranciscoP_ext_e2313,,,,,
2026-09-12T09:46:05-05:00,PUR_IED_FriederichN_Ext_8ac92a,PUR_IED_FriederichN_Ext_8ac92a,,,,,
2026-09-12T09:46:05-05:00,PUR_IED_FriederichN_S301_dd7e5a,PUR_IED_FriederichN_S301_dd7e5a,,,,,
2026-09-12T09:46:05-05:00,PUR_IED_FriederichN_S308_761f4f,PUR_IED_FriederichN_S308_761f4f,,,,,
2026-09-12T09:46:05-05:00,PUR_IED_GSantander_Aula10_533dd7,PUR_IED_GSantander_Aula10_533dd7,,,,,
2026-09-12T09:46:05-05:00,PUR_IED_GSantander_Aula12_fd4e4f,PUR_IED_GSantander_Aula12_fd4e4f,,,,,
2026-09-12T09:46:05-05:00,PUR_IED_GSantander_Aula310_533dd7,PUR_IED_GSantander_Aula310_533dd7,,,,,
2026-09-12T09:46:05-05:00,PUR_IED_GSantander_Aula312_fd4e4f,PUR_IED_GSantander_Aula312_fd4e4f,,,,,
2026-09-12T09:46:05-05:00,PUR_IED_GSantander_Ext_5f66b0,PUR_IED_GSantander_Ext_5f66b0,,,,,
2026-09-12T09:46:05-05:00,PUR_IED_GYomasa_Ext_f6bea5,PUR_IED_GYomasa_Ext_f6bea5,,,,,
2026-09-12T09:46:05-05:00,PUR_IED_GYomasa_LBiol_2c41aa,PUR_IED_GYomasa_LBiol_2c41aa,,,,,
2026-09-12T09:46:05-05:00,PUR_IED_GYomasa_LQuim_33c80,PUR_IED_GYomasa_LQuim_33c80,,,,,
2026-09-12T09:46:05-05:00,PUR_IED_GabBetMejia_Cienc_5a99c,PUR_IED_GabBetMejia_Cienc_5a99c,,,,,
2026-09-12T09:46:05-05:00,PUR_IED_GabBetMejia_Ext_9153d0,PUR_IED_GabBetMejia_Ext_9153d0,,,,,
2026-09-12T09:46:05-05:00,PUR_IED_GabBetMejia_Lab_f55347,PUR_IED_GabBetMejia_Lab_f55347,,,,,
2026-09-12T09:46:05-05:00,PUR_IED_GabBetanMejia_Ext_9153d0,PUR_IED_GabBetanMejia_Ext_9153d0,,,,,
2026-09-12T09:46:05-05:00,PUR_IED_Gaitana_Aula13_7aac11,PUR_IED_Gaitana_Aula13_7aac11,,,,,
2026-09-12T09:46:05-05:00,PUR_IED_Gaitana_Ext_5fcf4,PUR_IED_Gaitana_Ext_5fcf4,,,,,
2026-09-12T09:46:05-05:00,PUR_IED_Gaitana_LabFisica_644448,PUR_IED_Gaitana_LabFisica_644448,,,,,
2026-09-12T09:46:05-05:00,PUR_IED_GenSantander_Dise_8ac858,PUR_IED_GenSantander_Dise_8ac858,,,,,
2026-09-12T09:46:05-05:00,PUR_IED_GenSantander_Ext_8d5dfe,PUR_IED_GenSantander_Ext_8d5dfe,,,,,
2026-09-12T09:46:05-05:00,PUR_IED_GenSantander_Info_6c25b,PUR_IED_GenSantander_Info_6c25b,,,,,
2026-09-12T09:46:05-05:00,PUR_IED_GustavoMo_Exterio_75e63d,PUR_IED_GustavoMo_Exterio_75e63d,,,,,
2026-09-12T09:46:05-05:00,PUR_IED_GustavoMo_LabFisi_224d37,PUR_IED_GustavoMo_LabFisi_224d37,,,,,
2026-09-12T09:46:05-05:00,PUR_IED_GustavoMo_S208_3e6918,PUR_IED_GustavoMo_S208_3e6918,,,,,
2026-09-12T09:46:05-05:00,PUR_IED_GustavoR_A02_8cd4a8,PUR_IED_GustavoR_A02_8cd4a8,,,,,
2026-09-12T09:46:05-05:00,PUR_IED_GustavoR_B11_5b0ed,PUR_IED_GustavoR_B11_5b0ed,,,,,
2026-09-12T09:46:05-05:00,PUR_IED_GustavoR_Ext_7a0c90,PUR_IED_GustavoR_Ext_7a0c90,,,,,
2026-09-12T09:46:05-05:00,PUR_IED_HernandoDuran_Ext_8cd82b,PUR_IED_HernandoDuran_Ext_8cd82b,,,,,
2026-09-12T09:46:05-05:00,PUR_IED_HernandoDuran_S24_2772c6,PUR_IED_HernandoDuran_S24_2772c6,,,,,
2026-09-12T09:46:05-05:00,PUR_IED_HernandoDuran_S30_f2de41,PUR_IED_HernandoDuran_S30_f2de41,,,,,
2026-09-12T09:46:05-05:00,PUR_IED_HolguInUr_S1101_8cd732,PUR_IED_HolguInUr_S1101_8cd732,,,,,
2026-09-12T09:46:05-05:00,PUR_IED_HolguinUr_Exter_ddae6d,PUR_IED_HolguinUr_Exter_ddae6d,,,,,
2026-09-12T09:46:05-05:00,PUR_IED_HolguinUr_LabQuim_92b952,PUR_IED_HolguinUr_LabQuim_92b952,,,,,
2026-09-12T09:46:05-05:00,PUR_IED_Isabel-II_Ext_5245cc,PUR_IED_Isabel-II_Ext_5245cc,2,19,58,4.6336,-74.153
2026-09-12T09:46:05-05:00,PUR_IED_Isabel-II_S_idiom_1c29aa,PUR_IED_Isabel-II_S_idiom_1c29aa,,,,,
2026-09-12T09:46:05-05:00,PUR_IED_Isabel-II_S_infor_fd741,PUR_IED_Isabel-II_S_infor_fd741,,,,,
2026-09-12T09:46:05-05:00,PUR_IED_IsidroSur_Exterio_5b90ea,PUR_IED_IsidroSur_Exterio_5b90ea,,,,,
2026-09-12T09:46:05-05:00,PUR_IED_IsidroSur_LabTec_56697a,PUR_IED_IsidroSur_LabTec_56697a,,,,,
2026-09-12T09:46:05-05:00,PUR_IED_IsidroSur_Robotic_b7c38f,PUR_IED_IsidroSur_Robotic_b7c38f,,,,,
2026-09-12T09:46:05-05:00,PUR_IED_IsmaelPerd_Ext_7b6672,PUR_IED_IsmaelPerd_Ext_7b6672,,,,,
2026-09-12T09:46:05-05:00,PUR_IED_IsmaelPerd_Inform_306540,PUR_IED_IsmaelPerd_Inform_306540,,,,,
2026-09-12T09:46:05-05:00,PUR_IED_IsmaelPerd_S30_2e2c83,PUR_IED_IsmaelPerd_S30_2e2c83,,,,,
2026-09-12T09:46:05-05:00,PUR_IED_JLozano_Exter_432910,PUR_IED_JLozano_Exter_432910,,,,,
2026-09-12T09:46:05-05:00,PUR_IED_JLozano_salaMulti_df5125,PUR_IED_JLozano_salaMulti_df5125,,,,,
2026-09-12T09:46:05-05:00,PUR_IED_JMCordoba_206_86f80b,PUR_IED_JMCordoba_206_86f80b,,,,,
2026-09-12T09:46:05-05:00,PUR_IED_JMCordoba_Ext_27ad97,PUR_IED_JMCordoba_Ext_27ad97,,,,,
2026-09-12T09:46:05-05:00,PUR_IED_JMCordoba_S310_d59ab4,PUR_IED_JMCordoba_S310_d59ab4,,,,,
2026-09-12T09:46:05-05:00,PUR_IED_Japon_Ext_549100,PUR_IED_Japon_Ext_549100,,,,,
2026-09-12T09:46:05-05:00,PUR_IED_Japon_Laboratorio_bec51d,PUR_IED_Japon_Laboratorio_bec51d,,,,,
2026-09-12T09:46:05-05:00,PUR_IED_Japon_informatica_d99327,PUR_IED_Japon_informatica_d99327,,,,,
2026-09-12T09:46:05-05:00,PUR_IED_Jazmin_Ext_d27bda,PUR_IED_Jazmin_Ext_d27bda,,,,,
2026-09-12T09:46:05-05:00,PUR_IED_Jazmin_Fisica_8d14d7,PUR_IED_Jazmin_Fisica_8d14d7,,,,,
2026-09-12T09:46:05-05:00,PUR_IED_Jazmin_Quimica_801cb5,PUR_IED_Jazmin_Quimica_801cb5,,,,,
2026-09-12T09:46:05-05:00,PUR_IED_JorgeGaitan_Exter_f098d1,PUR_IED_JorgeGaitan_Exter_f098d1,,,,,
2026-09-12T09:46:05-05:00,PUR_IED_JorgeGaitan_STec1_dc9d1d,PUR_IED_JorgeGaitan_STec1_dc9d1d,,,,,
2026-09-12T09:46:05-05:00,PUR_IED_JorgeGaitan_STec2_281e69,PUR_IED_JorgeGaitan_STec2_281e69,,,,,
2026-09-12T09:46:05-05:00,PUR_IED_JorgeSoto_Exterio_d9d0a2,PUR_IED_JorgeSoto_Exterio_d9d0a2,,,,,
2026-09-12T09:46:05-05:00,PUR_IED_JorgeSoto_LabFisi_209c54,PUR_IED_JorgeSoto_LabFisi_209c54,,,,,
2026-09-12T09:46:05-05:00,PUR_IED_JorgeSoto_S103_27b51a,PUR_IED_JorgeSoto_S103_27b51a,,,,,
2026-09-12T09:46:05-05:00,PUR_IED_JoseAcevedo_A02_e965eb,PUR_IED_JoseAcevedo_A02_e965eb,,,,,
2026-09-12T09:46:05-05:00,PUR_IED_JoseAcevedo_A07_dd5b4,PUR_IED_JoseAcevedo_A07_dd5b4,,,,,
2026-09-12T09:46:05-05:00,PUR_IED_JoseAcevedo_Ext_b47484,PUR_IED_JoseAcevedo_Ext_b47484,,,,,
2026-09-12T09:46:05-05:00,PUR_IED_JoseMarti_Exte_5b9bf,PUR_IED_JoseMarti_Exte_5b9bf,,,,,
2026-09-12T09:46:05-05:00,PUR_IED_JoseMarti_LabQuim_1c6c2d,PUR_IED_JoseMarti_LabQuim_1c6c2d,,,,,
2026-09-12T09:46:05-05:00,PUR_IED_JoseMarti_S_info_f5f177,PUR_IED_JoseMarti_S_info_f5f177,,,,,
2026-09-12T09:46:05-05:00,PUR_IED_Josejoaquin_Ext_dfc5dc,PUR_IED_Josejoaquin_Ext_dfc5dc,,,,,
2026-09-12T09:46:05-05:00,PUR_IED_Josejoaquin_S05_5b2a96,PUR_IED_Josejoaquin_S05_5b2a96,,,,,
2026-09-12T09:46:05-05:00,PUR_IED_Josejoaquin_S06_1ce7d2,PUR_IED_Josejoaquin_S06_1ce7d2,,,,,
2026-09-12T09:46:05-05:00,PUR_IED_JulioFlorez_Danza_9b82dd,PUR_IED_JulioFlorez_Danza_9b82dd,,,,,
2026-09-12T09:46:05-05:00,PUR_IED_JulioFlorez_Exter_f9f314,PUR_IED_JulioFlorez_Exter_f9f314,,,,,
2026-09-12T09:46:05-05:00,PUR_IED_JulioFlorez_info2_6b6e08,PUR_IED_JulioFlorez_info2_6b6e08,,,,,
2026-09-12T09:46:05-05:00,PUR_IED_LaBelleza_Aula13_1d00d8,PUR_IED_LaBelleza_Aula13_1d00d8,,,,,
2026-09-12T09:46:05-05:00,PUR_IED_LaBelleza_Ext_7bc08c,PUR_IED_LaBelleza_Ext_7bc08c,,,,,
2026-09-12T09:46:05-05:00,PUR_IED_LaChucua_Ext_8cd6d2,PUR_IED_LaChucua_Ext_8cd6d2,,,,,
2026-09-12T09:46:05-05:00,PUR_IED_LaChucua_S15_f578ce,PUR_IED_LaChucua_S15_f578ce,,,,,
2026-09-12T09:46:05-05:00,PUR_IED_LaChucua_S16_eebcf9,PUR_IED_LaChucua_S16_eebcf9,,,,,
2026-09-12T09:46:05-05:00,PUR_IED_LaFelicidad_Ext_fb5109,PUR_IED_LaFelicidad_Ext_fb5109,,,,,
2026-09-12T09:46:05-05:00,PUR_IED_LaMerced_206_66ebd,PUR_IED_LaMerced_206_66ebd,,,,,
2026-09-12T09:46:05-05:00,PUR_IED_LaMerced_207_6ebd6,PUR_IED_LaMerced_207_6ebd6,,,,,
2026-09-12T09:46:05-05:00,PUR_IED_LaMerced_ext_304311,PUR_IED_LaMerced_ext_304311,,,,,
2026-09-12T09:46:05-05:00,PUR_IED_Laureano_CiencNat_281e5e,PUR_IED_Laureano_CiencNat_281e5e,,,,,
2026-09-12T09:46:05-05:00,PUR_IED_Laureano_Comedor_f65c0a,PUR_IED_Laureano_Comedor_f65c0a,,,,,
2026-09-12T09:46:05-05:00,PUR_IED_Laureano_Exterior_7ab011,PUR_IED_Laureano_Exterior_7ab011,,,,,
2026-09-12T09:46:05-05:00,PUR_IED_LeonGreiff_Exte_dfe560,PUR_IED_LeonGreiff_Exte_dfe560,,,,,
2026-09-12T09:46:05-05:00,PUR_IED_LeonGreiff_S210_f264ed,PUR_IED_LeonGreiff_S210_f264ed,,,,,
2026-09-12T09:46:05-05:00,PUR_IED_LeonGreiff_SQuimi_e8296f,PUR_IED_LeonGreiff_SQuimi_e8296f,,,,,
2026-09-12T09:46:05-05:00,PUR_IED_LlanoOrientalS208_7b9fcd,PUR_IED_LlanoOrientalS208_7b9fcd,,,,,
2026-09-12T09:46:05-05:00,PUR_IED_LlanoOriental_Ext_fb3766,PUR_IED_LlanoOriental_Ext_fb3766,,,,,
2026-09-12T09:46:05-05:00,PUR_IED_LlanoOriental_S208_7b9fcd,PUR_IED_LlanoOriental_S208_7b9fcd,,,,,
2026-09-12T09:46:05-05:00,PUR_IED_LlanoOriental_S9_27b378,PUR_IED_LlanoOriental_S9_27b378,,,,,
2026-09-12T09:46:05-05:00,PUR_IED_LosTejares_1101_477602,PUR_IED_LosTejares_1101_477602,,,,,
2026-09-12T09:46:05-05:00,PUR_IED_LosTejares_11_d2c595,PUR_IED_LosTejares_11_d2c595,,,,,
2026-09-12T09:46:05-05:00,PUR_IED_LosTejares_12_477602,PUR_IED_LosTejares_12_477602,,,,,
2026-09-12T09:46:05-05:00,PUR_IED_LosTejares_Ext_8e2115,PUR_IED_LosTejares_Ext_8e2115,,,,,
2026-09-12T09:46:05-05:00,PUR_IED_MagdalenaO_B202_5ddda3,PUR_IED_MagdalenaO_B202_5ddda3,,,,,
2026-09-12T09:46:05-05:00,PUR_IED_MagdalenaO_B205_fb76e8,PUR_IED_MagdalenaO_B205_fb76e8,,,,,
2026-09-12T09:46:05-05:00,PUR_IED_MagdalenaO_ext_dc69cd,PUR_IED_MagdalenaO_ext_dc69cd,,,,,
2026-09-12T09:46:05-05:00,PUR_IED_ManueCepeda_artes_eee956,PUR_IED_ManueCepeda_artes_eee956,,,,,
2026-09-12T09:46:05-05:00,PUR_IED_ManuelCepeda_Ext_58313,PUR_IED_ManuelCepeda_Ext_58313,,,,,
2026-09-12T09:46:05-05:00,PUR_IED_ManuelCepeda_tec_1c5731,PUR_IED_ManuelCepeda_tec_1c5731,,,,,
2026-09-12T09:46:05-05:00,PUR_IED_ManuelS_Exterior_5b269,PUR_IED_ManuelS_Exterior_5b269,,,,,
2026-09-12T09:46:05-05:00,PUR_IED_ManuelS_Inform_f369ce,PUR_IED_ManuelS_Inform_f369ce,,,,,
2026-09-12T09:46:05-05:00,PUR_IED_ManuelS_SArtes_7d15f1,PUR_IED_ManuelS_SArtes_7d15f1,,,,,
2026-09-12T09:46:05-05:00,PUR_IED_ManuelZapata_303_3ca6,PUR_IED_ManuelZapata_303_3ca6,,,,,
2026-09-12T09:46:05-05:00,PUR_IED_ManuelZapata_311_bfbabc,PUR_IED_ManuelZapata_311_bfbabc,,,,,
2026-09-12T09:46:05-05:00,PUR_IED_ManuelZapata_Ext_50824a,PUR_IED_ManuelZapata_Ext_50824a,,,,,
2026-09-12T09:46:05-05:00,PUR_IED_ManuelitaS_Exteri_656a92,PUR_IED_ManuelitaS_Exteri_656a92,,,,,
2026-09-12T09:46:05-05:00,PUR_IED_ManuelitaS_JuzgDe_f58ec3,PUR_IED_ManuelitaS_JuzgDe_f58ec3,,,,,
2026-09-12T09:46:05-05:00,PUR_IED_ManuelitaS_Recrea_d793db,PUR_IED_ManuelitaS_Recrea_d793db,,,,,
2026-09-12T09:46:05-05:00,PUR_IED_MarFidSuarez_Ext_c27b19,PUR_IED_MarFidSuarez_Ext_c27b19,,,,,
2026-09-12T09:46:05-05:00,PUR_IED_MarFidSuarez_Info_e384d7,PUR_IED_MarFidSuarez_Info_e384d7,,,,,
2026-09-12T09:46:05-05:00,PUR_IED_MarFidSuarez_S306_1d0032,PUR_IED_MarFidSuarez_S306_1d0032,,,,,
2026-09-12T09:46:05-05:00,PUR_IED_Menorah_301_2a25a3,PUR_IED_Menorah_301_2a25a3,,,,,
2026-09-12T09:46:05-05:00,PUR_IED_Menorah_306_37ed3,PUR_IED_Menorah_306_37ed3,,,,,
2026-09-12T09:46:05-05:00,PUR_IED_Menorah_Ext_3e155b,PUR_IED_Menorah_Ext_3e155b,,,,,
2026-09-12T09:46:05-05:00,PUR_IED_MinutoB.Aires_A11_1b1604,PUR_IED_MinutoB.Aires_A11_1b1604,,,,,
2026-09-12T09:46:05-05:00,PUR_IED_MinutoB.Aires_A12_fb5860,PUR_IED_MinutoB.Aires_A12_fb5860,,,,,
2026-09-12T09:46:05-05:00,PUR_IED_MinutoB.Aires_Ext_81293f,PUR_IED_MinutoB.Aires_Ext_81293f,,,,,
2026-09-12T09:46:05-05:00,PUR_IED_MinutoBAires_A11_1b1604,PUR_IED_MinutoBAires_A11_1b1604,,,,,
2026-09-12T09:46:05-05:00,PUR_IED_MinutoBAires_A12_fb5860,PUR_IED_MinutoBAires_A12_fb5860,,,,,
2026-09-12T09:46:05-05:00,PUR_IED_MinutoBAires_Ext_81293f,PUR_IED_MinutoBAires_Ext_81293f,,,,,
2026-09-12T09:46:05-05:00,PUR_IED_Montreal_Aula10_1e4959,PUR_IED_Montreal_Aula10_1e4959,,,,,
2026-09-12T09:46:05-05:00,PUR_IED_Montreal_Aula6_300367,PUR_IED_Montreal_Aula6_300367,,,,,
2026-09-12T09:46:05-05:00,PUR_IED_Montreal_Exterior_91a179,PUR_IED_Montreal_Exterior_91a179,,,,,
2026-09-12T09:46:05-05:00,PUR_IED_Mqgdalena_B202_5ddda3,PUR_IED_Mqgdalena_B202_5ddda3,,,,,
2026-09-12T09:46:05-05:00,PUR_IED_NACUND_Soc_dc8728,PUR_IED_NACUND_Soc_dc8728,,,,,
2026-09-12T09:46:05-05:00,PUR_IED_NACUND_ext_27ad97,PUR_IED_NACUND_ext_27ad97,,,,,
2026-09-12T09:46:05-05:00,PUR_IED_NEsperanza_Ext_d24b61,PUR_IED_NEsperanza_Ext_d24b61,,,,,
2026-09-12T09:46:05-05:00,PUR_IED_NEsperanza_SElect_7d1807,PUR_IED_NEsperanza_SElect_7d1807,,,,,
2026-09-12T09:46:05-05:00,PUR_IED_NEsperanza_SLabor_8b2d0a,PUR_IED_NEsperanza_SLabor_8b2d0a,,,,,
2026-09-12T09:46:05-05:00,PUR_IED_NacionesU_Ext_f661a9,PUR_IED_NacionesU_Ext_f661a9,,,,,
2026-09-12T09:46:05-05:00,PUR_IED_NacionesU_Quimica_66f0a,PUR_IED_NacionesU_Quimica_66f0a,,,,,
2026-09-12T09:46:05-05:00,PUR_IED_NacionesU_S306_1b4b3d,PUR_IED_NacionesU_S306_1b4b3d,,,,,
2026-09-12T09:46:05-05:00,PUR_IED_NestorFA_Ext_e4201c,PUR_IED_NestorFA_Ext_e4201c,,,,,
2026-09-12T09:46:05-05:00,PUR_IED_NestorFA_Laborato_f22fe0,PUR_IED_NestorFA_Laborato_f22fe0,,,,,
2026-09-12T09:46:05-05:00,PUR_IED_NestorFA_S204_dee996,PUR_IED_NestorFA_S204_dee996,,,,,
2026-09-12T09:46:05-05:00,PUR_IED_NidyaQT_Aula03_76999b,PUR_IED_NidyaQT_Aula03_76999b,,,,,
2026-09-12T09:46:05-05:00,PUR_IED_NidyaQT_Aula10_56325,PUR_IED_NidyaQT_Aula10_56325,,,,,
2026-09-12T09:46:05-05:00,PUR_IED_NidyaQT_Ext_46e32d,PUR_IED_NidyaQT_Ext_46e32d,,,,,
2026-09-12T09:46:05-05:00,PUR_IED_NuevaCol_Exterior_d9b859,PUR_IED_NuevaCol_Exterior_d9b859,,,,,
2026-09-12T09:46:05-05:00,PUR_IED_NuevaCol_S1101_76c43b,PUR_IED_NuevaCol_S1101_76c43b,,,,,
2026-09-12T09:46:05-05:00,PUR_IED_NuevaCol_S1102_1ce0b5,PUR_IED_NuevaCol_S1102_1ce0b5,,,,,
2026-09-12T09:46:05-05:00,PUR_IED_OEA_A202_f7e3f2,PUR_IED_OEA_A202_f7e3f2,,,,,
2026-09-12T09:46:05-05:00,PUR_IED_OEA_A203_7d1b8d,PUR_IED_OEA_A203_7d1b8d,,,,,
2026-09-12T09:46:05-05:00,PUR_IED_OEA_Ext_27b593,PUR_IED_OEA_Ext_27b593,,,,,
2026-09-12T09:46:05-05:00,PUR_IED_Ochoa_Ext_1c29da,PUR_IED_Ochoa_Ext_1c29da,,,,,
2026-09-12T09:46:05-05:00,PUR_IED_Ochoa_S205_8b1121,PUR_IED_Ochoa_S205_8b1121,,,,,
2026-09-12T09:46:05-05:00,PUR_IED_Ochoa_Sistemas_f33af6,PUR_IED_Ochoa_Sistemas_f33af6,,,,,
2026-09-12T09:46:05-05:00,PUR_IED_PQuebec_Ext_1c67c7,PUR_IED_PQuebec_Ext_1c67c7,,,,,
2026-09-12T09:46:05-05:00,PUR_IED_PQuebec_S15_23e8e2,PUR_IED_PQuebec_S15_23e8e2,,,,,
2026-09-12T09:46:05-05:00,PUR_IED_PQuebec_S16_8ec76b,PUR_IED_PQuebec_S16_8ec76b,,,,,
2026-09-12T09:46:05-05:00,PUR_IED_PabloN_Ext_49dc96,PUR_IED_PabloN_Ext_49dc96,,,,,
2026-09-12T09:46:05-05:00,PUR_IED_PabloN_S1102_4e3df5,PUR_IED_PabloN_S1102_4e3df5,,,,,
2026-09-12T09:46:05-05:00,PUR_IED_PabloN_S1103_50c94b,PUR_IED_PabloN_S1103_50c94b,,,,,
2026-09-12T09:46:05-05:00,PUR_IED_Palestina_S1101_db9198,PUR_IED_Palestina_S1101_db9198,,,,,
2026-09-12T09:46:05-05:00,PUR_IED_Palestina_S1102_dc54fa,PUR_IED_Palestina_S1102_dc54fa,,,,,
2026-09-12T09:46:05-05:00,PUR_IED_Palestina_ext_4ccce6,PUR_IED_Palestina_ext_4ccce6,,,,,
2026-09-12T09:46:05-05:00,PUR_IED_Panama_Fisica_4d0794,PUR_IED_Panama_Fisica_4d0794,,,,,
2026-09-12T09:46:05-05:00,PUR_IED_Panama_SIngles_a4077e,PUR_IED_Panama_SIngles_a4077e,,,,,
2026-09-12T09:46:05-05:00,PUR_IED_Panama_ext_4c54b4,PUR_IED_Panama_ext_4c54b4,,,,,
2026-09-12T09:46:05-05:00,PUR_IED_ParaisoM_Exterior_8cd7f0,PUR_IED_ParaisoM_Exterior_8cd7f0,,,,,
2026-09-12T09:46:05-05:00,PUR_IED_ParaisoM_Laborato_27af35,PUR_IED_ParaisoM_Laborato_27af35,,,,,
2026-09-12T09:46:05-05:00,PUR_IED_ParaisoM_S304_d1edca,PUR_IED_ParaisoM_S304_d1edca,,,,,
2026-09-12T09:46:05-05:00,PUR_IED_PorfirioBarba_Ext_301466,PUR_IED_PorfirioBarba_Ext_301466,,,,,
2026-09-12T09:46:05-05:00,PUR_IED_PorfirioBarba_S11_df6cd2,PUR_IED_PorfirioBarba_S11_df6cd2,,,,,
2026-09-12T09:46:05-05:00,PUR_IED_PorfirioBarba_S29_27a7d6,PUR_IED_PorfirioBarba_S29_27a7d6,,,,,
2026-09-12T09:46:05-05:00,PUR_IED_PradoV_Exter_8b27ad,PUR_IED_PradoV_Exter_8b27ad,,,,,
2026-09-12T09:46:05-05:00,PUR_IED_PradoV_S301_de65b5,PUR_IED_PradoV_S301_de65b5,,,,,
2026-09-12T09:46:05-05:00,PUR_IED_PradoV_S302_7d2593,PUR_IED_PradoV_S302_7d2593,,,,,
2026-09-12T09:46:05-05:00,PUR_IED_QuirogaAlz_Ext_1ddc82,PUR_IED_QuirogaAlz_Ext_1ddc82,,,,,
2026-09-12T09:46:05-05:00,PUR_IED_QuirogaAlz_S302_9926a3,PUR_IED_QuirogaAlz_S302_9926a3,,,,,
2026-09-12T09:46:05-05:00,PUR_IED_QuirogaAlz_S305_cdf1f1,PUR_IED_QuirogaAlz_S305_cdf1f1,,,,,
2026-09-12T09:46:05-05:00,PUR_IED_RGuatemala_Biling_dc53b7,PUR_IED_RGuatemala_Biling_dc53b7,,,,,
2026-09-12T09:46:05-05:00,PUR_IED_RGuatemala_Ext_1b89a3,PUR_IED_RGuatemala_Ext_1b89a3,,,,,
2026-09-12T09:46:05-05:00,PUR_IED_RGuatemala_Tecnol_281a34,PUR_IED_RGuatemala_Tecnol_281a34,,,,,
2026-09-12T09:46:05-05:00,PUR_IED_RafaNu_Ext_f7c302,PUR_IED_RafaNu_Ext_f7c302,,,,,
2026-09-12T09:46:05-05:00,PUR_IED_RafaNu_S1101_25fde,PUR_IED_RafaNu_S1101_25fde,,,,,
2026-09-12T09:46:05-05:00,PUR_IED_RafaNu_S1102_281517,PUR_IED_RafaNu_S1102_281517,,,,,
2026-09-12T09:46:05-05:00,PUR_IED_RafaelB_S305_ee2783,PUR_IED_RafaelB_S305_ee2783,,,,,
2026-09-12T09:46:05-05:00,PUR_IED_RafaelB_S306_75fe33,PUR_IED_RafaelB_S306_75fe33,,,,,
2026-09-12T09:46:05-05:00,PUR_IED_RafaelB_ext_283336,PUR_IED_RafaelB_ext_283336,2,19,57,4.6722,-74.0737
2026-09-12T09:46:05-05:00,PUR_IED_RafaelUU_Exterior_281a51,PUR_IED_RafaelUU_Exterior_281a51,,,,,
2026-09-12T09:46:05-05:00,PUR_IED_RafaelUU_Human_806b2,PUR_IED_RafaelUU_Human_806b2,,,,,
2026-09-12T09:46:05-05:00,PUR_IED_RafaelUU_Mate2_5680d4,PUR_IED_RafaelUU_Mate2_5680d4,,,,,
2026-09-12T09:46:05-05:00,PUR_IED_RamonSub_Ext_f9eeb9,PUR_IED_RamonSub_Ext_f9eeb9,,,,,
2026-09-12T09:46:05-05:00,PUR_IED_RamonSub_Media_d1f62f,PUR_IED_RamonSub_Media_d1f62f,,,,,
2026-09-12T09:46:05-05:00,PUR_IED_RamonSub_planta_51b82,PUR_IED_RamonSub_planta_51b82,,,,,
2026-09-12T09:46:05-05:00,PUR_IED_RepBoliVene_Exter_27af7c,PUR_IED_RepBoliVene_Exter_27af7c,,,,,
2026-09-12T09:46:05-05:00,PUR_IED_RepBoliVene_SCPT_5ae2ee,PUR_IED_RepBoliVene_SCPT_5ae2ee,,,,,
2026-09-12T09:46:05-05:00,PUR_IED_RepBoliVene_Socia_4b11d5,PUR_IED_RepBoliVene_Socia_4b11d5,,,,,
2026-09-12T09:46:05-05:00,PUR_IED_RepChina_Ext_76d9ee,PUR_IED_RepChina_Ext_76d9ee,,,,,
2026-09-12T09:46:05-05:00,PUR_IED_RepChina_S404_7c804c,PUR_IED_RepChina_S404_7c804c,,,,,
2026-09-12T09:46:05-05:00,PUR_IED_RepChina_S405_df2c33,PUR_IED_RepChina_S405_df2c33,,,,,
2026-09-12T09:46:05-05:00,PUR_IED_RepublicaC_Exteri_7d1ec9,PUR_IED_RepublicaC_Exteri_7d1ec9,,,,,
2026-09-12T09:46:05-05:00,PUR_IED_RepublicaC_S1101_f544b3,PUR_IED_RepublicaC_S1101_f544b3,,,,,
2026-09-12T09:46:05-05:00,PUR_IED_RepublicaC_S1102_7aafc7,PUR_IED_RepublicaC_S1102_7aafc7,,,,,
2026-09-12T09:46:05-05:00,PUR_IED_Ricaurte_Externo_a0ea1,PUR_IED_Ricaurte_Externo_a0ea1,,,,,
2026-09-12T09:46:05-05:00,PUR_IED_Ricaurte_S210_f546fd,PUR_IED_Ricaurte_S210_f546fd,,,,,
2026-09-12T09:46:05-05:00,PUR_IED_Ricaurte_S309_d4452,PUR_IED_Ricaurte_S309_d4452,,,,,
2026-09-12T09:46:05-05:00,PUR_IED_RogelioS_1102_531e69,PUR_IED_RogelioS_1102_531e69,,,,,
2026-09-12T09:46:05-05:00,PUR_IED_RogelioS_Ext_f25a18,PUR_IED_RogelioS_Ext_f25a18,,,,,
2026-09-12T09:46:05-05:00,PUR_IED_SBernardino_Ext_27aff8,PUR_IED_SBernardino_Ext_27aff8,,,,,
2026-09-12T09:46:05-05:00,PUR_IED_SBernardino_SArte_2ffd33,PUR_IED_SBernardino_SArte_2ffd33,,,,,
2026-09-12T09:46:05-05:00,PUR_IED_SBernardino_SIngl_7c7da5,PUR_IED_SBernardino_SIngl_7c7da5,,,,,
2026-09-12T09:46:05-05:00,PUR_IED_Sago_auditorio_dc9d1d,PUR_IED_Sago_auditorio_dc9d1d,,,,,
2026-09-12T09:46:05-05:00,PUR_IED_Saludcoop_Ext_95aac3,PUR_IED_Saludcoop_Ext_95aac3,,,,,
2026-09-12T09:46:05-05:00,PUR_IED_Saludcoop_InfI_90c854,PUR_IED_Saludcoop_InfI_90c854,,,,,
2026-09-12T09:46:05-05:00,PUR_IED_Saludcoop_SMedia_1b93be,PUR_IED_Saludcoop_SMedia_1b93be,,,,,
2026-09-12T09:46:05-05:00,PUR_IED_SanCarlos_1101_1a2360,PUR_IED_SanCarlos_1101_1a2360,,,,,
2026-09-12T09:46:05-05:00,PUR_IED_SanCarlos_1103_7bafb5,PUR_IED_SanCarlos_1103_7bafb5,,,,,
2026-09-12T09:46:05-05:00,PUR_IED_SanCarlos_Ext_b7cd1,PUR_IED_SanCarlos_Ext_b7cd1,,,,,
2026-09-12T09:46:05-05:00,PUR_IED_SanIgnacioBosa11a_50c26e,PUR_IED_SanIgnacioBosa11a_50c26e,,,,,
2026-09-12T09:46:05-05:00,PUR_IED_SanIgnacioBosa11b_371de8,PUR_IED_SanIgnacioBosa11b_371de8,,,,,
2026-09-12T09:46:05-05:00,PUR_IED_SanIgnacioBosaExt_ef0ffc,PUR_IED_SanIgnacioBosaExt_ef0ffc,,,,,
2026-09-12T09:46:05-05:00,PUR_IED_SanIgnacioBosa_11a_50c26e,PUR_IED_SanIgnacioBosa_11a_50c26e,,,,,
2026-09-12T09:46:05-05:00,PUR_IED_SanIgnacioBosa_Ext_ef0ffc,PUR_IED_SanIgnacioBosa_Ext_ef0ffc,,,,,
2026-09-12T09:46:05-05:00,PUR_IED_SanJoseN_intS1101_31c47f,PUR_IED_SanJoseN_intS1101_31c47f,,,,,
2026-09-12T09:46:05-05:00,PUR_IED_SanJoseUsm_Exter_f5d7e8,PUR_IED_SanJoseUsm_Exter_f5d7e8,,,,,
2026-09-12T09:46:05-05:00,PUR_IED_SanJoseUsm_Int11A_cfdef6,PUR_IED_SanJoseUsm_Int11A_cfdef6,,,,,
2026-09-12T09:46:05-05:00,PUR_IED_SilveriaR_IntB5_905349,PUR_IED_SilveriaR_IntB5_905349,,,,,
2026-09-12T09:46:05-05:00,PUR_IED_SilveriaR_IntSD14_981f93,PUR_IED_SilveriaR_IntSD14_981f93,,,,,
2026-09-12T09:46:05-05:00,PUR_IED_SilveriaR_ext_2b651d,PUR_IED_SilveriaR_ext_2b651d,,,,,
2026-09-12T09:46:05-05:00,PUR_IED_SimonB_Exterior_913975,PUR_IED_SimonB_Exterior_913975,,,,,
2026-09-12T09:46:05-05:00,PUR_IED_SimonB_LabQuimi_c56908,PUR_IED_SimonB_LabQuimi_c56908,,,,,
2026-09-12T09:46:05-05:00,PUR_IED_SimonB_informatic_a28c1,PUR_IED_SimonB_informatic_a28c1,,,,,
2026-09-12T09:46:05-05:00,PUR_IED_Sorrento_1102_315f50,PUR_IED_Sorrento_1102_315f50,,,,,
2026-09-12T09:46:05-05:00,PUR_IED_Sorrento_Minte_214eab,PUR_IED_Sorrento_Minte_214eab,,,,,
2026-09-12T09:46:05-05:00,PUR_IED_Sorrento_ext_7c3a0a,PUR_IED_Sorrento_ext_7c3a0a,,,,,
2026-09-12T09:46:05-05:00,PUR_IED_Tabora_Ext_f048ae,PUR_IED_Tabora_Ext_f048ae,,,,,
2026-09-12T09:46:05-05:00,PUR_IED_Tabora_S1102_b07752,PUR_IED_Tabora_S1102_b07752,,,,,
2026-09-12T09:46:05-05:00,PUR_IED_Tabora_S1103_d988f5,PUR_IED_Tabora_S1103_d988f5,,,,,
2026-09-12T09:46:05-05:00,PUR_IED_Tenerife_Ext_1ab188,PUR_IED_Tenerife_Ext_1ab188,,,,,
2026-09-12T09:46:05-05:00,PUR_IED_Tenerife_SDanzas_7bc02e,PUR_IED_Tenerife_SDanzas_7bc02e,,,,,
2026-09-12T09:46:05-05:00,PUR_IED_Tenerife_SIngles_7cc277,PUR_IED_Tenerife_SIngles_7cc277,,,,,
2026-09-12T09:46:05-05:00,PUR_IED_Tibabuyes_Exter_f2683d,PUR_IED_Tibabuyes_Exter_f2683d,,,,,
2026-09-12T09:46:05-05:00,PUR_IED_Tibabuyes_S10_dc87a8,PUR_IED_Tibabuyes_S10_dc87a8,,,,,
2026-09-12T09:46:05-05:00,PUR_IED_Tibabuyes_S15_dc0526,PUR_IED_Tibabuyes_S15_dc0526,,,,,
2026-09-12T09:46:05-05:00,PUR_IED_UnionE_S301_a1043,PUR_IED_UnionE_S301_a1043,,,,,
2026-09-12T09:46:05-05:00,PUR_IED_UnionE_S307_ff6c2f,PUR_IED_UnionE_S307_ff6c2f,,,,,
2026-09-12T09:46:05-05:00,PUR_IED_UnionE__Ext_5e2468,PUR_IED_UnionE__Ext_5e2468,,,,,
2026-09-12T09:46:05-05:00,PUR_IED_VillaRica_Ext_75be7c,PUR_IED_VillaRica_Ext_75be7c,,,,,
2026-09-12T09:46:05-05:00,PUR_IED_VillaRica_S4_cc5dcd,PUR_IED_VillaRica_S4_cc5dcd,,,,,
2026-09-12T09:46:05-05:00,PUR_IED_VillaRica_Sesp_99f5c,PUR_IED_VillaRica_Sesp_99f5c,,,,,
2026-09-12T09:51:11-05:00,PUR_IED_20deJulio_1101_91b1b9,PUR_IED_20deJulio_1101_91b1b9,,,,,
2026-09-12T09:51:11-05:00,PUR_IED_20deJulio_1102_1cfcf9,PUR_IED_20deJulio_1102_1cfcf9,,,,,
2026-09-12T09:51:11-05:00,PUR_IED_20deJulio_Ext_ab60bd,PUR_IED_20deJulio_Ext_ab60bd,,,,,
2026-09-12T09:51:11-05:00,PUR_IED_AgustinFer_Ext_7b9b77,PUR_IED_AgustinFer_Ext_7b9b77,,,,,
2026-09-12T09:51:11-05:00,PUR_IED_AgustinFer_Info2_27b3a7,PUR_IED_AgustinFer_Info2_27b3a7,,,,,
2026-09-12T09:51:11-05:00,PUR_IED_AgustinFer_Sena_54b4eb,PUR_IED_AgustinFer_Sena_54b4eb,,,,,
2026-09-12T09:51:11-05:00,PUR_IED_AlexanderF_1102_caf07b,PUR_IED_AlexanderF_1102_caf07b,,,,,
2026-09-12T09:51:11-05:00,PUR_IED_AlexanderF_1103_c79e71,PUR_IED_AlexanderF_1103_c79e71,,,,,
2026-09-12T09:51:11-05:00,PUR_IED_AlexanderF_Ext_c5b18b,PUR_IED_AlexanderF_Ext_c5b18b,,,,,
2026-09-12T09:51:11-05:00,PUR_IED_AlfonsoLopez_Ext_281d77,PUR_IED_AlfonsoLopez_Ext_281d77,,,,,
2026-09-12T09:51:11-05:00,PUR_IED_AlfonsoLopez_LabF_888ce0,PUR_IED_AlfonsoLopez_LabF_888ce0,,,,,
2026-09-12T09:51:11-05:00,PUR_IED_AlfonsoLopez_SMed_df6a7f,PUR_IED_AlfonsoLopez_SMed_df6a7f,,,,,
2026-09-12T09:51:11-05:00,PUR_IED_AltamiraSO_A2_209f92,PUR_IED_AltamiraSO_A2_209f92,,,,,
2026-09-12T09:51:11-05:00,PUR_IED_AltamiraSO_Ext_186d66,PUR_IED_AltamiraSO_Ext_186d66,,,,,
2026-09-12T09:51:11-05:00,PUR_IED_AltamiraSO_Sistem_27afe1,PUR_IED_AltamiraSO_Sistem_27afe1,,,,,
2026-09-12T09:51:11-05:00,PUR_IED_AlvaroGom_LabQuim_813179,PUR_IED_AlvaroGom_LabQuim_813179,,,,,
2026-09-12T09:51:11-05:00,PUR_IED_AlvaroGomez_Ext_47c7ca,PUR_IED_AlvaroGomez_Ext_47c7ca,,,,,
2026-09-12T09:51:11-05:00,PUR_IED_AlvaroGomez_LabQuim_813179,PUR_IED_AlvaroGomez_LabQuim_813179,,,,,
2026-09-12T09:51:11-05:00,PUR_IED_AlvaroGomez_S23_7ba89f,PUR_IED_AlvaroGomez_S23_7ba89f,,,,,
2026-09-12T09:51:11-05:00,PUR_IED_Amistad_306_dc8728,PUR_IED_Amistad_306_dc8728,,,,,
2026-09-12T09:51:11-05:00,PUR_IED_Amistad_Ext_8cd55e,PUR_IED_Amistad_Ext_8cd55e,,,,,
2026-09-12T09:51:11-05:00,PUR_IED_Amistad_S202_a41169,PUR_IED_Amistad_S202_a41169,,,,,
2026-09-12T09:51:11-05:00,PUR_IED_AndresBello_Bio_fd5f5e,PUR_IED_AndresBello_Bio_fd5f5e,,,,,
2026-09-12T09:51:11-05:00,PUR_IED_AndresBello_ext_dcad65,PUR_IED_AndresBello_ext_dcad65,,,,,
2026-09-12T09:51:11-05:00,PUR_IED_AndresBello_port_eed3ec,PUR_IED_AndresBello_port_eed3ec,,,,,
2026-09-12T09:51:11-05:00,PUR_IED_AngelaR_11b_d90a6b,PUR_IED_AngelaR_11b_d90a6b,,,,,
2026-09-12T09:51:11-05:00,PUR_IED_AngelaR_ext_7cad3e,PUR_IED_AngelaR_ext_7cad3e,3,19,63,4.5825,-74.164497
2026-09-12T09:51:11-05:00,PUR_IED_AntJoseSucre_10mo_df2575,PUR_IED_AntJoseSucre_10mo_df2575,,,,,
2026-09-12T09:51:11-05:00,PUR_IED_AntJoseSucre_Ext_215b36,PUR_IED_AntJoseSucre_Ext_215b36,,,,,
2026-09-12T09:51:11-05:00,PUR_IED_AntJoseSucre_Lab_3139de,PUR_IED_AntJoseSucre_Lab_3139de,,,,,
2026-09-12T09:51:11-05:00,PUR_IED_AntonioGarcia_301_d6b188,PUR_IED_AntonioGarcia_301_d6b188,,,,,
2026-09-12T09:51:11-05:00,PUR_IED_AntonioGarcia_302_88a82,PUR_IED_AntonioGarcia_302_88a82,,,,,
2026-09-12T09:51:11-05:00,PUR_IED_AntonioGarcia_Ext_20950c,PUR_IED_AntonioGarcia_Ext_20950c,,,,,
2026-09-12T09:51:11-05:00,PUR_IED_AntonioVan_Aula2_6dea02,PUR_IED_AntonioVan_Aula2_6dea02,,,,,
2026-09-12T09:51:11-05:00,PUR_IED_AntonioVan_Aula5_f1557e,PUR_IED_AntonioVan_Aula5_f1557e,,,,,
2026-09-12T09:51:11-05:00,PUR_IED_AntonioVan_Ext_406f2f,PUR_IED_AntonioVan_Ext_406f2f,,,,,
2026-09-12T09:51:11-05:00,PUR_IED_Atabanzha_Ext_cc5af9,PUR_IED_Atabanzha_Ext_cc5af9,,,,,
2026-09-12T09:51:11-05:00,PUR_IED_Atabanzha_SA101_56c37,PUR_IED_Atabanzha_SA101_56c37,,,,,
2026-09-12T09:51:11-05:00,PUR_IED_Atabanzha_SB302_27b374,PUR_IED_Atabanzha_SB302_27b374,,,,,
2026-09-12T09:51:11-05:00,PUR_IED_Atahualpa_Ext_fc1748,PUR_IED_Atahualpa_Ext_fc1748,,,,,
2026-09-12T09:51:11-05:00,PUR_IED_Atahualpa_Informa_dc9a95,PUR_IED_Atahualpa_Informa_dc9a95,,,,,
2026-09-12T09:51:11-05:00,PUR_IED_Atahualpa_S1101_f98056,PUR_IED_Atahualpa_S1101_f98056,,,,,
2026-09-12T09:51:11-05:00,PUR_IED_Bellavista_Ext_f5aa74,PUR_IED_Bellavista_Ext_f5aa74,,,,,
2026-09-12T09:51:11-05:00,PUR_IED_Bilbao_11A_916c41,PUR_IED_Bilbao_11A_916c41,,,,,
2026-09-12T09:51:11-05:00,PUR_IED_Bilbao_Ext_fb579a,PUR_IED_Bilbao_Ext_fb579a,,,,,
2026-09-12T09:51:11-05:00,PUR_IED_BrasiliaU_A125_304280,PUR_IED_BrasiliaU_A125_304280,,,,,
2026-09-12T09:51:11-05:00,PUR_IED_BrasiliaU_A203_7c8ca5,PUR_IED_BrasiliaU_A203_7c8ca5,,,,,
2026-09-12T09:51:11-05:00,PUR_IED_BrasiliaU_Ext_8d6e9f,PUR_IED_BrasiliaU_Ext_8d6e9f,5,18,65,4.5175,-74.116302
2026-09-12T09:51:11-05:00,PUR_IED_Brasilia_Ext_fe6593,PUR_IED_Brasilia_Ext_fe6593,,,,,
2026-09-12T09:51:11-05:00,PUR_IED_Brasilia_S24_7c130d,PUR_IED_Brasilia_S24_7c130d,,,,,
2026-09-12T09:51:11-05:00,PUR_IED_Brasilia_S501_186a54,PUR_IED_Brasilia_S501_186a54,,,,,
2026-09-12T09:51:11-05:00,PUR_IED_CHARRY_EXT_f1d5cd,PUR_IED_CHARRY_EXT_f1d5cd,,,,,
2026-09-12T09:51:11-05:00,PUR_IED_CHARRY_INTDANZAS_7a08e6,PUR_IED_CHARRY_INTDANZAS_7a08e6,,,,,
2026-09-12T09:51:11-05:00,PUR_IED_CHARRY_INT_AULA20_dc998d,PUR_IED_CHARRY_INT_AULA20_dc998d,,,,,
2026-09-12T09:51:11-05:00,PUR_IED_COLVIV_1101_S25_7f520a,PUR_IED_COLVIV_1101_S25_7f520a,,,,,
2026-09-12T09:51:11-05:00,PUR_IED_COLVIV_1102_S16_f570ba,PUR_IED_COLVIV_1102_S16_f570ba,,,,,
2026-09-12T09:51:11-05:00,PUR_IED_COLVIV_Ext_1a26fa,PUR_IED_COLVIV_Ext_1a26fa,,,,,
2026-09-12T09:51:11-05:00,PUR_IED_CULPOP_301A_f660f3,PUR_IED_CULPOP_301A_f660f3,,,,,
2026-09-12T09:51:11-05:00,PUR_IED_CULPOP_303_568afe,PUR_IED_CULPOP_303_568afe,,,,,
2026-09-12T09:51:11-05:00,PUR_IED_CULPOP_Ext_e02ccb,PUR_IED_CULPOP_Ext_e02ccb,,,,,
2026-09-12T09:51:11-05:00,PUR_IED_CVillavicen_Ext_26eb58,PUR_IED_CVillavicen_Ext_26eb58,5,16,80,4.487,-74.102798
2026-09-12T09:51:11-05:00,PUR_IED_CVillavicen_Intel_1ce5c2,PUR_IED_CVillavicen_Intel_1ce5c2,,,,,
2026-09-12T09:51:11-05:00,PUR_IED_CVillavicen_Poliv_e0766c,PUR_IED_CVillavicen_Poliv_e0766c,,,,,
2026-09-12T09:51:11-05:00,PUR_IED_CVillavicen_int_1ba140,PUR_IED_CVillavicen_int_1ba140,,,,,
2026-09-12T09:51:11-05:00,PUR_IED_CVillavicen_intel_1ba140,PUR_IED_CVillavicen_intel_1ba140,,,,,
2026-09-12T09:51:11-05:00,PUR_IED_CarlosPizarro_Ext_e307cc,PUR_IED_CarlosPizarro_Ext_e307cc,,,,,
2026-09-12T09:51:11-05:00,PUR_IED_CarlosPizarro_L36_7e5cdb,PUR_IED_CarlosPizarro_L36_7e5cdb,,,,,
2026-09-12T09:51:11-05:00,PUR_IED_CarlosPizarro_L37_c8566c,PUR_IED_CarlosPizarro_L37_c8566c,,,,,
2026-09-12T09:51:11-05:00,PUR_IED_Castilla_Ext_cf35f,PUR_IED_Castilla_Ext_cf35f,,,,,
2026-09-12T09:51:11-05:00,PUR_IED_Castilla_SFisik_360e38,PUR_IED_Castilla_SFisik_360e38,,,,,
2026-09-12T09:51:11-05:00,PUR_IED_Castilla_Sc304_496fbf,PUR_IED_Castilla_Sc304_496fbf,,,,,
2026-09-12T09:51:11-05:00,PUR_IED_CervantesSa_Ext_6b57b,PUR_IED_CervantesSa_Ext_6b57b,3,18,70,4.5128,-74.117203
2026-09-12T09:51:11-05:00,PUR_IED_CervantesSa_S107_225c2b,PUR_IED_CervantesSa_S107_225c2b,,,,,
2026-09-12T09:51:11-05:00,PUR_IED_CervantesSa_S108_940925,PUR_IED_CervantesSa_S108_940925,,,,,
2026-09-12T09:51:11-05:00,PUR_IED_Charry_A20_f53e7c,PUR_IED_Charry_A20_f53e7c,,,,,
2026-09-12T09:51:11-05:00,PUR_IED_Charry_Ext_f1d5cd,PUR_IED_Charry_Ext_f1d5cd,,,,,
2026-09-12T09:51:11-05:00,PUR_IED_Charry_IntAula20_dc998d,PUR_IED_Charry_IntAula20_dc998d,,,,,
2026-09-12T09:51:11-05:00,PUR_IED_Charry_IntDanzas_7a08e6,PUR_IED_Charry_IntDanzas_7a08e6,,,,,
2026-09-12T09:51:11-05:00,PUR_IED_ClememciaC_203_43e2fc,PUR_IED_ClememciaC_203_43e2fc,,,,,
2026-09-12T09:51:11-05:00,PUR_IED_ClememciaC_Ext_1b411a,PUR_IED_ClememciaC_Ext_1b411a,,,,,
2026-09-12T09:51:11-05:00,PUR_IED_ClememciaC_Quimic_44b5fc,PUR_IED_ClememciaC_Quimic_44b5fc,,,,,
2026-09-12T09:51:11-05:00,PUR_IED_ClemenciaC_203_43e2fc,PUR_IED_ClemenciaC_203_43e2fc,,,,,
2026-09-12T09:51:11-05:00,PUR_IED_ClemenciaC_Ext_1b411a,PUR_IED_ClemenciaC_Ext_1b411a,,,,,
2026-09-12T09:51:11-05:00,PUR_IED_ClemenciaC_Quimic_44b5fc,PUR_IED_ClemenciaC_Quimic_44b5fc,,,,,
2026-09-12T09:51:11-05:00,PUR_IED_ColViva_1101_S25_7f520a,PUR_IED_ColViva_1101_S25_7f520a,,,,,
2026-09-12T09:51:11-05:00,PUR_IED_ColViva_1102_S16_f570ba,PUR_IED_ColViva_1102_S16_f570ba,,,,,
2026-09-12T09:51:11-05:00,PUR_IED_ColViva_Ext_1a26fa,PUR_IED_ColViva_Ext_1a26fa,,,,,
2026-09-12T09:51:11-05:00,PUR_IED_ColegioBici_Asist_7c8798,PUR_IED_ColegioBici_Asist_7c8798,,,,,
2026-09-12T09:51:11-05:00,PUR_IED_ColegioBici_Ext_25cbf6,PUR_IED_ColegioBici_Ext_25cbf6,,,,,
2026-09-12T09:51:11-05:00,PUR_IED_ColegioBici_LabQ_7b57db,PUR_IED_ColegioBici_LabQ_7b57db,,,,,
2026-09-12T09:51:11-05:00,PUR_IED_CostaRica_Ext_5e640,PUR_IED_CostaRica_Ext_5e640,,,,,
2026-09-12T09:51:11-05:00,PUR_IED_CostaRica_Quim1_766d1c,PUR_IED_CostaRica_Quim1_766d1c,,,,,
2026-09-12T09:51:11-05:00,PUR_IED_CostaRica__Fisica_6f0873,PUR_IED_CostaRica__Fisica_6f0873,,,,,
2026-09-12T09:51:11-05:00,PUR_IED_CulPopu_301A_f660f3,PUR_IED_CulPopu_301A_f660f3,,,,,
2026-09-12T09:51:11-05:00,PUR_IED_CulPopu_303_568afe,PUR_IED_CulPopu_303_568afe,,,,,
2026-09-12T09:51:11-05:00,PUR_IED_CulPopu_Ext_e02ccb,PUR_IED_CulPopu_Ext_e02ccb,,,,,
2026-09-12T09:51:11-05:00,PUR_IED_Cundinamarca_Ext_f15985,PUR_IED_Cundinamarca_Ext_f15985,,,,,
2026-09-12T09:51:11-05:00,PUR_IED_Cundinamarca_Info_7aa5d7,PUR_IED_Cundinamarca_Info_7aa5d7,,,,,
2026-09-12T09:51:11-05:00,PUR_IED_Cundinamarca_Tec2_f449c7,PUR_IED_Cundinamarca_Tec2_f449c7,,,,,
2026-09-12T09:51:11-05:00,PUR_IED_DiegoM_Aula1_27b314,PUR_IED_DiegoM_Aula1_27b314,,,,,
2026-09-12T09:51:11-05:00,PUR_IED_DiegoM_Ext_d80ac8,PUR_IED_DiegoM_Ext_d80ac8,,,,,
2026-09-12T09:51:11-05:00,PUR_IED_DiegoM_S25_da928f,PUR_IED_DiegoM_S25_da928f,,,,,
2026-09-12T09:51:11-05:00,PUR_IED_ELRODEO_360881,PUR_IED_ELRODEO_360881,,,,,
2026-09-12T09:51:11-05:00,PUR_IED_ELRODEO_ext_360881,PUR_IED_ELRODEO_ext_360881,,,,,
2026-09-12T09:51:11-05:00,PUR_IED_EduardoU_Ext_1c1969,PUR_IED_EduardoU_Ext_1c1969,,,,,
2026-09-12T09:51:11-05:00,PUR_IED_EduardoU_SCiencia_4dfb94,PUR_IED_EduardoU_SCiencia_4dfb94,,,,,
2026-09-12T09:51:11-05:00,PUR_IED_EduardoU_SQuimica_5a46e7,PUR_IED_EduardoU_SQuimica_5a46e7,,,,,
2026-09-12T09:51:11-05:00,PUR_IED_ElRodeo_Aula14_676984,PUR_IED_ElRodeo_Aula14_676984,,,,,
2026-09-12T09:51:11-05:00,PUR_IED_ElRodeo_Aula16_2dd35b,PUR_IED_ElRodeo_Aula16_2dd35b,,,,,
2026-09-12T09:51:11-05:00,PUR_IED_ElRodeo_Ext_360881,PUR_IED_ElRodeo_Ext_360881,,,,,
2026-09-12T09:51:11-05:00,PUR_IED_ElRodeo_Exterior_8c6d28,PUR_IED_ElRodeo_Exterior_8c6d28,,,,,
2026-09-12T09:51:11-05:00,PUR_IED_ElRodeo_ext_360881,PUR_IED_ElRodeo_ext_360881,,,,,
2026-09-12T09:51:11-05:00,PUR_IED_EmmaReyes_Ext_987625,PUR_IED_EmmaReyes_Ext_987625,3,21,51,4.6367,-74.1511
2026-09-12T09:51:11-05:00,PUR_IED_Ensueño_Ext_7f0250,PUR_IED_Ensueño_Ext_7f0250,,,,,
2026-09-12T09:51:11-05:00,PUR_IED_EscNormal_Ext_5fef3b,PUR_IED_EscNormal_Ext_5fef3b,2,20,57,4.5852,-74.096901
2026-09-12T09:51:11-05:00,PUR_IED_EscNormal_S309_5b263,PUR_IED_EscNormal_S309_5b263,,,,,
2026-09-12T09:51:11-05:00,PUR_IED_EscNormal_S310_27b3b8,PUR_IED_EscNormal_S310_27b3b8,,,,,
2026-09-12T09:51:11-05:00,PUR_IED_Evangelista_Conta_f6cd4f,PUR_IED_Evangelista_Conta_f6cd4f,,,,,
2026-09-12T09:51:11-05:00,PUR_IED_Evangelista_Cri_5e16a,PUR_IED_Evangelista_Cri_5e16a,,,,,
2026-09-12T09:51:11-05:00,PUR_IED_Evangelista_Exter_754066,PUR_IED_Evangelista_Exter_754066,,,,,
2026-09-12T09:51:11-05:00,PUR_IED_FMiranda_S209_5cc2a3,PUR_IED_FMiranda_S209_5cc2a3,,,,,
2026-09-12T09:51:11-05:00,PUR_IED_FMiranda_S303_19e344,PUR_IED_FMiranda_S303_19e344,,,,,
2026-09-12T09:51:11-05:00,PUR_IED_FMiranda_ext_f53e7c,PUR_IED_FMiranda_ext_f53e7c,,,,,
2026-09-12T09:51:11-05:00,PUR_IED_FabioLozano_Bibli_1cee05,PUR_IED_FabioLozano_Bibli_1cee05,,,,,
2026-09-12T09:51:11-05:00,PUR_IED_FabioLozano_Ext_6ea285,PUR_IED_FabioLozano_Ext_6ea285,,,,,
2026-09-12T09:51:11-05:00,PUR_IED_FabioLozano_SLudi_f09e1e,PUR_IED_FabioLozano_SLudi_f09e1e,,,,,
2026-09-12T09:51:11-05:00,PUR_IED_FaustinoS_Aula07_27a731,PUR_IED_FaustinoS_Aula07_27a731,,,,,
2026-09-12T09:51:11-05:00,PUR_IED_FaustinoS_Ext_7b936f,PUR_IED_FaustinoS_Ext_7b936f,,,,,
2026-09-12T09:51:11-05:00,PUR_IED_FaustinoS_Fisica_da2c60,PUR_IED_FaustinoS_Fisica_da2c60,,,,,
2026-09-12T09:51:11-05:00,PUR_IED_FeGarciaLo_Ext_dc68ee,PUR_IED_FeGarciaLo_Ext_dc68ee,,,,,
2026-09-12T09:51:11-05:00,PUR_IED_FeGarciaLo_SDanza_f70a59,PUR_IED_FeGarciaLo_SDanza_f70a59,,,,,
2026-09-12T09:51:11-05:00,PUR_IED_FeGarciaLo_SMusic_125cdd,PUR_IED_FeGarciaLo_SMusic_125cdd,,,,,
2026-09-12T09:51:11-05:00,PUR_IED_FederalAlema_Exte_50c345,PUR_IED_FederalAlema_Exte_50c345,,,,,
2026-09-12T09:51:11-05:00,PUR_IED_FederalAlema_S31_f18371,PUR_IED_FederalAlema_S31_f18371,,,,,
2026-09-12T09:51:11-05:00,PUR_IED_FederalAlema_S901_a62cd,PUR_IED_FederalAlema_S901_a62cd,,,,,
2026-09-12T09:51:11-05:00,PUR_IED_FilarmonicaS_A5_f35eb1,PUR_IED_FilarmonicaS_A5_f35eb1,,,,,
2026-09-12T09:51:11-05:00,PUR_IED_FilarmonicaS_Ext_8a3bde,PUR_IED_FilarmonicaS_Ext_8a3bde,,,,,
2026-09-12T09:51:11-05:00,PUR_IED_FilarmonicaS_Spol_406114,PUR_IED_FilarmonicaS_Spol_406114,,,,,
2026-09-12T09:51:11-05:00,PUR_IED_FlorentinoG_A13_d1fa59,PUR_IED_FlorentinoG_A13_d1fa59,,,,,
2026-09-12T09:51:11-05:00,PUR_IED_FlorentinoG_Ext_1ce6ce,PUR_IED_FlorentinoG_Ext_1ce6ce,,,,,
2026-09-12T09:51:11-05:00,PUR_IED_FlorentinoG_Idiom_a66aac,PUR_IED_FlorentinoG_Idiom_a66aac,,,,,
2026-09-12T09:51:11-05:00,PUR_IED_FranciscoMati_Ext_e3869d,PUR_IED_FranciscoMati_Ext_e3869d,,,,,
2026-09-12T09:51:11-05:00,PUR_IED_FranciscoMati_S13_f31c67,PUR_IED_FranciscoMati_S13_f31c67,,,,,
2026-09-12T09:51:11-05:00,PUR_IED_FranciscoMati_S14_97dead,PUR_IED_FranciscoMati_S14_97dead,,,,,
2026-09-12T09:51:11-05:00,PUR_IED_FranciscoPS_Ext_7bfa9a,PUR_IED_FranciscoPS_Ext_7bfa9a,2,21,56,4.5899,-74.110397
2026-09-12T09:51:11-05:00,PUR_IED_FranciscoPS_Infor_fb8f4c,PUR_IED_FranciscoPS_Infor_fb8f4c,,,,,
2026-09-12T09:51:11-05:00,PUR_IED_FranciscoPS_Quimi_94d39c,PUR_IED_FranciscoPS_Quimi_94d39c,,,,,
2026-09-12T09:51:11-05:00,PUR_IED_FranciscoP_LabQ_d7e148,PUR_IED_FranciscoP_LabQ_d7e148,,,,,
2026-09-12T09:51:11-05:00,PUR_IED_FranciscoP_S28_cf9b30,PUR_IED_FranciscoP_S28_cf9b30,,,,,
2026-09-12T09:51:11-05:00,PUR_IED_FranciscoP_ext_e2313,PUR_IED_FranciscoP_ext_e2313,,,,,
2026-09-12T09:51:11-05:00,PUR_IED_FriederichN_Ext_8ac92a,PUR_IED_FriederichN_Ext_8ac92a,,,,,
2026-09-12T09:51:11-05:00,PUR_IED_FriederichN_S301_dd7e5a,PUR_IED_FriederichN_S301_dd7e5a,,,,,
2026-09-12T09:51:11-05:00,PUR_IED_FriederichN_S308_761f4f,PUR_IED_FriederichN_S308_761f4f,,,,,
2026-09-12T09:51:11-05:00,PUR_IED_GSantander_Aula10_533dd7,PUR_IED_GSantander_Aula10_533dd7,,,,,
2026-09-12T09:51:11-05:00,PUR_IED_GSantander_Aula12_fd4e4f,PUR_IED_GSantander_Aula12_fd4e4f,,,,,
2026-09-12T09:51:11-05:00,PUR_IED_GSantander_Aula310_533dd7,PUR_IED_GSantander_Aula310_533dd7,,,,,
2026-09-12T09:51:11-05:00,PUR_IED_GSantander_Aula312_fd4e4f,PUR_IED_GSantander_Aula312_fd4e4f,,,,,
2026-09-12T09:51:11-05:00,PUR_IED_GSantander_Ext_5f66b0,PUR_IED_GSantander_Ext_5f66b0,,,,,
2026-09-12T09:51:11-05:00,PUR_IED_GYomasa_Ext_f6bea5,PUR_IED_GYomasa_Ext_f6bea5,,,,,
2026-09-12T09:51:11-05:00,PUR_IED_GYomasa_LBiol_2c41aa,PUR_IED_GYomasa_LBiol_2c41aa,,,,,
2026-09-12T09:51:11-05:00,PUR_IED_GYomasa_LQuim_33c80,PUR_IED_GYomasa_LQuim_33c80,,,,,
2026-09-12T09:51:11-05:00,PUR_IED_GabBetMejia_Cienc_5a99c,PUR_IED_GabBetMejia_Cienc_5a99c,,,,,
2026-09-12T09:51:11-05:00,PUR_IED_GabBetMejia_Ext_9153d0,PUR_IED_GabBetMejia_Ext_9153d0,,,,,
2026-09-12T09:51:11-05:00,PUR_IED_GabBetMejia_Lab_f55347,PUR_IED_GabBetMejia_Lab_f55347,,,,,
2026-09-12T09:51:11-05:00,PUR_IED_GabBetanMejia_Ext_9153d0,PUR_IED_GabBetanMejia_Ext_9153d0,,,,,
2026-09-12T09:51:11-05:00,PUR_IED_Gaitana_Aula13_7aac11,PUR_IED_Gaitana_Aula13_7aac11,,,,,
2026-09-12T09:51:11-05:00,PUR_IED_Gaitana_Ext_5fcf4,PUR_IED_Gaitana_Ext_5fcf4,,,,,
2026-09-12T09:51:11-05:00,PUR_IED_Gaitana_LabFisica_644448,PUR_IED_Gaitana_LabFisica_644448,,,,,
2026-09-12T09:51:11-05:00,PUR_IED_GenSantander_Dise_8ac858,PUR_IED_GenSantander_Dise_8ac858,,,,,
2026-09-12T09:51:11-05:00,PUR_IED_GenSantander_Ext_8d5dfe,PUR_IED_GenSantander_Ext_8d5dfe,,,,,
2026-09-12T09:51:11-05:00,PUR_IED_GenSantander_Info_6c25b,PUR_IED_GenSantander_Info_6c25b,,,,,
2026-09-12T09:51:11-05:00,PUR_IED_GustavoMo_Exterio_75e63d,PUR_IED_GustavoMo_Exterio_75e63d,,,,,
2026-09-12T09:51:11-05:00,PUR_IED_GustavoMo_LabFisi_224d37,PUR_IED_GustavoMo_LabFisi_224d37,,,,,
2026-09-12T09:51:11-05:00,PUR_IED_GustavoMo_S208_3e6918,PUR_IED_GustavoMo_S208_3e6918,,,,,
2026-09-12T09:51:11-05:00,PUR_IED_GustavoR_A02_8cd4a8,PUR_IED_GustavoR_A02_8cd4a8,,,,,
2026-09-12T09:51:11-05:00,PUR_IED_GustavoR_B11_5b0ed,PUR_IED_GustavoR_B11_5b0ed,,,,,
2026-09-12T09:51:11-05:00,PUR_IED_GustavoR_Ext_7a0c90,PUR_IED_GustavoR_Ext_7a0c90,,,,,
2026-09-12T09:51:11-05:00,PUR_IED_HernandoDuran_Ext_8cd82b,PUR_IED_HernandoDuran_Ext_8cd82b,,,,,
2026-09-12T09:51:11-05:00,PUR_IED_HernandoDuran_S24_2772c6,PUR_IED_HernandoDuran_S24_2772c6,,,,,
2026-09-12T09:51:11-05:00,PUR_IED_HernandoDuran_S30_f2de41,PUR_IED_HernandoDuran_S30_f2de41,,,,,
2026-09-12T09:51:11-05:00,PUR_IED_HolguInUr_S1101_8cd732,PUR_IED_HolguInUr_S1101_8cd732,,,,,
2026-09-12T09:51:11-05:00,PUR_IED_HolguinUr_Exter_ddae6d,PUR_IED_HolguinUr_Exter_ddae6d,,,,,
2026-09-12T09:51:11-05:00,PUR_IED_HolguinUr_LabQuim_92b952,PUR_IED_HolguinUr_LabQuim_92b952,,,,,
2026-09-12T09:51:11-05:00,PUR_IED_Isabel-II_Ext_5245cc,PUR_IED_Isabel-II_Ext_5245cc,2,19,57,4.6336,-74.153
2026-09-12T09:51:11-05:00,PUR_IED_Isabel-II_S_idiom_1c29aa,PUR_IED_Isabel-II_S_idiom_1c29aa,,,,,
2026-09-12T09:51:11-05:00,PUR_IED_Isabel-II_S_infor_fd741,PUR_IED_Isabel-II_S_infor_fd741,,,,,
2026-09-12T09:51:11-05:00,PUR_IED_IsidroSur_Exterio_5b90ea,PUR_IED_IsidroSur_Exterio_5b90ea,,,,,
2026-09-12T09:51:11-05:00,PUR_IED_IsidroSur_LabTec_56697a,PUR_IED_IsidroSur_LabTec_56697a,,,,,
2026-09-12T09:51:11-05:00,PUR_IED_IsidroSur_Robotic_b7c38f,PUR_IED_IsidroSur_Robotic_b7c38f,,,,,
2026-09-12T09:51:11-05:00,PUR_IED_IsmaelPerd_Ext_7b6672,PUR_IED_IsmaelPerd_Ext_7b6672,,,,,
2026-09-12T09:51:11-05:00,PUR_IED_IsmaelPerd_Inform_306540,PUR_IED_IsmaelPerd_Inform_306540,,,,,
2026-09-12T09:51:11-05:00,PUR_IED_IsmaelPerd_S30_2e2c83,PUR_IED_IsmaelPerd_S30_2e2c83,,,,,
2026-09-12T09:51:11-05:00,PUR_IED_JLozano_Exter_432910,PUR_IED_JLozano_Exter_432910,,,,,
2026-09-12T09:51:11-05:00,PUR_IED_JLozano_salaMulti_df5125,PUR_IED_JLozano_salaMulti_df5125,,,,,
2026-09-12T09:51:11-05:00,PUR_IED_JMCordoba_206_86f80b,PUR_IED_JMCordoba_206_86f80b,,,,,
2026-09-12T09:51:11-05:00,PUR_IED_JMCordoba_Ext_27ad97,PUR_IED_JMCordoba_Ext_27ad97,,,,,
2026-09-12T09:51:11-05:00,PUR_IED_JMCordoba_S310_d59ab4,PUR_IED_JMCordoba_S310_d59ab4,,,,,
2026-09-12T09:51:11-05:00,PUR_IED_Japon_Ext_549100,PUR_IED_Japon_Ext_549100,,,,,
2026-09-12T09:51:11-05:00,PUR_IED_Japon_Laboratorio_bec51d,PUR_IED_Japon_Laboratorio_bec51d,,,,,
2026-09-12T09:51:11-05:00,PUR_IED_Japon_informatica_d99327,PUR_IED_Japon_informatica_d99327,,,,,
2026-09-12T09:51:11-05:00,PUR_IED_Jazmin_Ext_d27bda,PUR_IED_Jazmin_Ext_d27bda,,,,,
2026-09-12T09:51:11-05:00,PUR_IED_Jazmin_Fisica_8d14d7,PUR_IED_Jazmin_Fisica_8d14d7,,,,,
2026-09-12T09:51:11-05:00,PUR_IED_Jazmin_Quimica_801cb5,PUR_IED_Jazmin_Quimica_801cb5,,,,,
2026-09-12T09:51:11-05:00,PUR_IED_JorgeGaitan_Exter_f098d1,PUR_IED_JorgeGaitan_Exter_f098d1,,,,,
2026-09-12T09:51:11-05:00,PUR_IED_JorgeGaitan_STec1_dc9d1d,PUR_IED_JorgeGaitan_STec1_dc9d1d,,,,,
2026-09-12T09:51:11-05:00,PUR_IED_JorgeGaitan_STec2_281e69,PUR_IED_JorgeGaitan_STec2_281e69,,,,,
2026-09-12T09:51:11-05:00,PUR_IED_JorgeSoto_Exterio_d9d0a2,PUR_IED_JorgeSoto_Exterio_d9d0a2,,,,,
2026-09-12T09:51:11-05:00,PUR_IED_JorgeSoto_LabFisi_209c54,PUR_IED_JorgeSoto_LabFisi_209c54,,,,,
2026-09-12T09:51:11-05:00,PUR_IED_JorgeSoto_S103_27b51a,PUR_IED_JorgeSoto_S103_27b51a,,,,,
2026-09-12T09:51:11-05:00,PUR_IED_JoseAcevedo_A02_e965eb,PUR_IED_JoseAcevedo_A02_e965eb,,,,,
2026-09-12T09:51:11-05:00,PUR_IED_JoseAcevedo_A07_dd5b4,PUR_IED_JoseAcevedo_A07_dd5b4,,,,,
2026-09-12T09:51:11-05:00,PUR_IED_JoseAcevedo_Ext_b47484,PUR_IED_JoseAcevedo_Ext_b47484,,,,,
2026-09-12T09:51:11-05:00,PUR_IED_JoseMarti_Exte_5b9bf,PUR_IED_JoseMarti_Exte_5b9bf,,,,,
2026-09-12T09:51:11-05:00,PUR_IED_JoseMarti_LabQuim_1c6c2d,PUR_IED_JoseMarti_LabQuim_1c6c2d,,,,,
2026-09-12T09:51:11-05:00,PUR_IED_JoseMarti_S_info_f5f177,PUR_IED_JoseMarti_S_info_f5f177,,,,,
2026-09-12T09:51:11-05:00,PUR_IED_Josejoaquin_Ext_dfc5dc,PUR_IED_Josejoaquin_Ext_dfc5dc,,,,,
2026-09-12T09:51:11-05:00,PUR_IED_Josejoaquin_S05_5b2a96,PUR_IED_Josejoaquin_S05_5b2a96,,,,,
2026-09-12T09:51:11-05:00,PUR_IED_Josejoaquin_S06_1ce7d2,PUR_IED_Josejoaquin_S06_1ce7d2,,,,,
2026-09-12T09:51:11-05:00,PUR_IED_JulioFlorez_Danza_9b82dd,PUR_IED_JulioFlorez_Danza_9b82dd,,,,,
2026-09-12T09:51:11-05:00,PUR_IED_JulioFlorez_Exter_f9f314,PUR_IED_JulioFlorez_Exter_f9f314,,,,,
2026-09-12T09:51:11-05:00,PUR_IED_JulioFlorez_info2_6b6e08,PUR_IED_JulioFlorez_info2_6b6e08,,,,,
2026-09-12T09:51:11-05:00,PUR_IED_LaBelleza_Aula13_1d00d8,PUR_IED_LaBelleza_Aula13_1d00d8,,,,,
2026-09-12T09:51:11-05:00,PUR_IED_LaBelleza_Ext_7bc08c,PUR_IED_LaBelleza_Ext_7bc08c,,,,,
2026-09-12T09:51:11-05:00,PUR_IED_LaChucua_Ext_8cd6d2,PUR_IED_LaChucua_Ext_8cd6d2,,,,,
2026-09-12T09:51:11-05:00,PUR_IED_LaChucua_S15_f578ce,PUR_IED_LaChucua_S15_f578ce,,,,,
2026-09-12T09:51:11-05:00,PUR_IED_LaChucua_S16_eebcf9,PUR_IED_LaChucua_S16_eebcf9,,,,,
2026-09-12T09:51:11-05:00,PUR_IED_LaFelicidad_Ext_fb5109,PUR_IED_LaFelicidad_Ext_fb5109,,,,,
2026-09-12T09:51:11-05:00,PUR_IED_LaMerced_206_66ebd,PUR_IED_LaMerced_206_66ebd,,,,,
2026-09-12T09:51:11-05:00,PUR_IED_LaMerced_207_6ebd6,PUR_IED_LaMerced_207_6ebd6,,,,,
2026-09-12T09:51:11-05:00,PUR_IED_LaMerced_ext_304311,PUR_IED_LaMerced_ext_304311,,,,,
2026-09-12T09:51:11-05:00,PUR_IED_Laureano_CiencNat_281e5e,PUR_IED_Laureano_CiencNat_281e5e,,,,,
2026-09-12T09:51:11-05:00,PUR_IED_Laureano_Comedor_f65c0a,PUR_IED_Laureano_Comedor_f65c0a,,,,,
2026-09-12T09:51:11-05:00,PUR_IED_Laureano_Exterior_7ab011,PUR_IED_Laureano_Exterior_7ab011,,,,,
2026-09-12T09:51:11-05:00,PUR_IED_LeonGreiff_Exte_dfe560,PUR_IED_LeonGreiff_Exte_dfe560,,,,,
2026-09-12T09:51:11-05:00,PUR_IED_LeonGreiff_S210_f264ed,PUR_IED_LeonGreiff_S210_f264ed,,,,,
2026-09-12T09:51:11-05:00,PUR_IED_LeonGreiff_SQuimi_e8296f,PUR_IED_LeonGreiff_SQuimi_e8296f,,,,,
2026-09-12T09:51:11-05:00,PUR_IED_LlanoOrientalS208_7b9fcd,PUR_IED_LlanoOrientalS208_7b9fcd,,,,,
2026-09-12T09:51:11-05:00,PUR_IED_LlanoOriental_Ext_fb3766,PUR_IED_LlanoOriental_Ext_fb3766,,,,,
2026-09-12T09:51:11-05:00,PUR_IED_LlanoOriental_S208_7b9fcd,PUR_IED_LlanoOriental_S208_7b9fcd,,,,,
2026-09-12T09:51:11-05:00,PUR_IED_LlanoOriental_S9_27b378,PUR_IED_LlanoOriental_S9_27b378,,,,,
2026-09-12T09:51:11-05:00,PUR_IED_LosTejares_1101_477602,PUR_IED_LosTejares_1101_477602,,,,,
2026-09-12T09:51:11-05:00,PUR_IED_LosTejares_11_d2c595,PUR_IED_LosTejares_11_d2c595,,,,,
2026-09-12T09:51:11-05:00,PUR_IED_LosTejares_12_477602,PUR_IED_LosTejares_12_477602,,,,,
2026-09-12T09:51:11-05:00,PUR_IED_LosTejares_Ext_8e2115,PUR_IED_LosTejares_Ext_8e2115,,,,,
2026-09-12T09:51:11-05:00,PUR_IED_MagdalenaO_B202_5ddda3,PUR_IED_MagdalenaO_B202_5ddda3,,,,,
2026-09-12T09:51:11-05:00,PUR_IED_MagdalenaO_B205_fb76e8,PUR_IED_MagdalenaO_B205_fb76e8,,,,,
2026-09-12T09:51:11-05:00,PUR_IED_MagdalenaO_ext_dc69cd,PUR_IED_MagdalenaO_ext_dc69cd,,,,,
2026-09-12T09:51:11-05:00,PUR_IED_ManueCepeda_artes_eee956,PUR_IED_ManueCepeda_artes_eee956,,,,,
2026-09-12T09:51:11-05:00,PUR_IED_ManuelCepeda_Ext_58313,PUR_IED_ManuelCepeda_Ext_58313,,,,,
2026-09-12T09:51:11-05:00,PUR_IED_ManuelCepeda_tec_1c5731,PUR_IED_ManuelCepeda_tec_1c5731,,,,,
2026-09-12T09:51:11-05:00,PUR_IED_ManuelS_Exterior_5b269,PUR_IED_ManuelS_Exterior_5b269,,,,,
2026-09-12T09:51:11-05:00,PUR_IED_ManuelS_Inform_f369ce,PUR_IED_ManuelS_Inform_f369ce,,,,,
2026-09-12T09:51:11-05:00,PUR_IED_ManuelS_SArtes_7d15f1,PUR_IED_ManuelS_SArtes_7d15f1,,,,,
2026-09-12T09:51:11-05:00,PUR_IED_ManuelZapata_303_3ca6,PUR_IED_ManuelZapata_303_3ca6,,,,,
2026-09-12T09:51:11-05:00,PUR_IED_ManuelZapata_311_bfbabc,PUR_IED_ManuelZapata_311_bfbabc,,,,,
2026-09-12T09:51:11-05:00,PUR_IED_ManuelZapata_Ext_50824a,PUR_IED_ManuelZapata_Ext_50824a,,,,,
2026-09-12T09:51:11-05:00,PUR_IED_ManuelitaS_Exteri_656a92,PUR_IED_ManuelitaS_Exteri_656a92,,,,,
2026-09-12T09:51:11-05:00,PUR_IED_ManuelitaS_JuzgDe_f58ec3,PUR_IED_ManuelitaS_JuzgDe_f58ec3,,,,,
2026-09-12T09:51:11-05:00,PUR_IED_ManuelitaS_Recrea_d793db,PUR_IED_ManuelitaS_Recrea_d793db,,,,,
2026-09-12T09:51:11-05:00,PUR_IED_MarFidSuarez_Ext_c27b19,PUR_IED_MarFidSuarez_Ext_c27b19,,,,,
2026-09-12T09:51:11-05:00,PUR_IED_MarFidSuarez_Info_e384d7,PUR_IED_MarFidSuarez_Info_e384d7,,,,,
2026-09-12T09:51:11-05:00,PUR_IED_MarFidSuarez_S306_1d0032,PUR_IED_MarFidSuarez_S306_1d0032,,,,,
2026-09-12T09:51:11-05:00,PUR_IED_Menorah_301_2a25a3,PUR_IED_Menorah_301_2a25a3,,,,,
2026-09-12T09:51:11-05:00,PUR_IED_Menorah_306_37ed3,PUR_IED_Menorah_306_37ed3,,,,,
2026-09-12T09:51:11-05:00,PUR_IED_Menorah_Ext_3e155b,PUR_IED_Menorah_Ext_3e155b,,,,,
2026-09-12T09:51:11-05:00,PUR_IED_MinutoB.Aires_A11_1b1604,PUR_IED_MinutoB.Aires_A11_1b1604,,,,,
2026-09-12T09:51:11-05:00,PUR_IED_MinutoB.Aires_A12_fb5860,PUR_IED_MinutoB.Aires_A12_fb5860,,,,,
2026-09-12T09:51:11-05:00,PUR_IED_MinutoB.Aires_Ext_81293f,PUR_IED_MinutoB.Aires_Ext_81293f,,,,,
2026-09-12T09:51:11-05:00,PUR_IED_MinutoBAires_A11_1b1604,PUR_IED_MinutoBAires_A11_1b1604,,,,,
2026-09-12T09:51:11-05:00,PUR_IED_MinutoBAires_A12_fb5860,PUR_IED_MinutoBAires_A12_fb5860,,,,,
2026-09-12T09:51:11-05:00,PUR_IED_MinutoBAires_Ext_81293f,PUR_IED_MinutoBAires_Ext_81293f,,,,,
2026-09-12T09:51:11-05:00,PUR_IED_Montreal_Aula10_1e4959,PUR_IED_Montreal_Aula10_1e4959,,,,,
2026-09-12T09:51:11-05:00,PUR_IED_Montreal_Aula6_300367,PUR_IED_Montreal_Aula6_300367,,,,,
2026-09-12T09:51:11-05:00,PUR_IED_Montreal_Exterior_91a179,PUR_IED_Montreal_Exterior_91a179,,,,,
2026-09-12T09:51:11-05:00,PUR_IED_Mqgdalena_B202_5ddda3,PUR_IED_Mqgdalena_B202_5ddda3,,,,,
2026-09-12T09:51:11-05:00,PUR_IED_NACUND_Soc_dc8728,PUR_IED_NACUND_Soc_dc8728,,,,,
2026-09-12T09:51:11-05:00,PUR_IED_NACUND_ext_27ad97,PUR_IED_NACUND_ext_27ad97,,,,,
2026-09-12T09:51:11-05:00,PUR_IED_NEsperanza_Ext_d24b61,PUR_IED_NEsperanza_Ext_d24b61,,,,,
2026-09-12T09:51:11-05:00,PUR_IED_NEsperanza_SElect_7d1807,PUR_IED_NEsperanza_SElect_7d1807,,,,,
2026-09-12T09:51:11-05:00,PUR_IED_NEsperanza_SLabor_8b2d0a,PUR_IED_NEsperanza_SLabor_8b2d0a,,,,,
2026-09-12T09:51:11-05:00,PUR_IED_NacionesU_Ext_f661a9,PUR_IED_NacionesU_Ext_f661a9,,,,,
2026-09-12T09:51:11-05:00,PUR_IED_NacionesU_Quimica_66f0a,PUR_IED_NacionesU_Quimica_66f0a,,,,,
2026-09-12T09:51:11-05:00,PUR_IED_NacionesU_S306_1b4b3d,PUR_IED_NacionesU_S306_1b4b3d,,,,,
2026-09-12T09:51:11-05:00,PUR_IED_NestorFA_Ext_e4201c,PUR_IED_NestorFA_Ext_e4201c,,,,,
2026-09-12T09:51:11-05:00,PUR_IED_NestorFA_Laborato_f22fe0,PUR_IED_NestorFA_Laborato_f22fe0,,,,,
2026-09-12T09:51:11-05:00,PUR_IED_NestorFA_S204_dee996,PUR_IED_NestorFA_S204_dee996,,,,,
2026-09-12T09:51:11-05:00,PUR_IED_NidyaQT_Aula03_76999b,PUR_IED_NidyaQT_Aula03_76999b,,,,,
2026-09-12T09:51:11-05:00,PUR_IED_NidyaQT_Aula10_56325,PUR_IED_NidyaQT_Aula10_56325,,,,,
2026-09-12T09:51:11-05:00,PUR_IED_NidyaQT_Ext_46e32d,PUR_IED_NidyaQT_Ext_46e32d,,,,,
2026-09-12T09:51:11-05:00,PUR_IED_NuevaCol_Exterior_d9b859,PUR_IED_NuevaCol_Exterior_d9b859,,,,,
2026-09-12T09:51:11-05:00,PUR_IED_NuevaCol_S1101_76c43b,PUR_IED_NuevaCol_S1101_76c43b,,,,,
2026-09-12T09:51:11-05:00,PUR_IED_NuevaCol_S1102_1ce0b5,PUR_IED_NuevaCol_S1102_1ce0b5,,,,,
2026-09-12T09:51:11-05:00,PUR_IED_OEA_A202_f7e3f2,PUR_IED_OEA_A202_f7e3f2,,,,,
2026-09-12T09:51:11-05:00,PUR_IED_OEA_A203_7d1b8d,PUR_IED_OEA_A203_7d1b8d,,,,,
2026-09-12T09:51:11-05:00,PUR_IED_OEA_Ext_27b593,PUR_IED_OEA_Ext_27b593,,,,,
2026-09-12T09:51:11-05:00,PUR_IED_Ochoa_Ext_1c29da,PUR_IED_Ochoa_Ext_1c29da,,,,,
2026-09-12T09:51:11-05:00,PUR_IED_Ochoa_S205_8b1121,PUR_IED_Ochoa_S205_8b1121,,,,,
2026-09-12T09:51:11-05:00,PUR_IED_Ochoa_Sistemas_f33af6,PUR_IED_Ochoa_Sistemas_f33af6,,,,,
2026-09-12T09:51:11-05:00,PUR_IED_PQuebec_Ext_1c67c7,PUR_IED_PQuebec_Ext_1c67c7,,,,,
2026-09-12T09:51:11-05:00,PUR_IED_PQuebec_S15_23e8e2,PUR_IED_PQuebec_S15_23e8e2,,,,,
2026-09-12T09:51:11-05:00,PUR_IED_PQuebec_S16_8ec76b,PUR_IED_PQuebec_S16_8ec76b,,,,,
2026-09-12T09:51:11-05:00,PUR_IED_PabloN_Ext_49dc96,PUR_IED_PabloN_Ext_49dc96,,,,,
2026-09-12T09:51:11-05:00,PUR_IED_PabloN_S1102_4e3df5,PUR_IED_PabloN_S1102_4e3df5,,,,,
2026-09-12T09:51:11-05:00,PUR_IED_PabloN_S1103_50c94b,PUR_IED_PabloN_S1103_50c94b,,,,,
2026-09-12T09:51:11-05:00,PUR_IED_Palestina_S1101_db9198,PUR_IED_Palestina_S1101_db9198,,,,,
2026-09-12T09:51:11-05:00,PUR_IED_Palestina_S1102_dc54fa,PUR_IED_Palestina_S1102_dc54fa,,,,,
2026-09-12T09:51:11-05:00,PUR_IED_Palestina_ext_4ccce6,PUR_IED_Palestina_ext_4ccce6,,,,,
2026-09-12T09:51:11-05:00,PUR_IED_Panama_Fisica_4d0794,PUR_IED_Panama_Fisica_4d0794,,,,,
2026-09-12T09:51:11-05:00,PUR_IED_Panama_SIngles_a4077e,PUR_IED_Panama_SIngles_a4077e,,,,,
2026-09-12T09:51:11-05:00,PUR_IED_Panama_ext_4c54b4,PUR_IED_Panama_ext_4c54b4,,,,,
2026-09-12T09:51:11-05:00,PUR_IED_ParaisoM_Exterior_8cd7f0,PUR_IED_ParaisoM_Exterior_8cd7f0,,,,,
2026-09-12T09:51:11-05:00,PUR_IED_ParaisoM_Laborato_27af35,PUR_IED_ParaisoM_Laborato_27af35,,,,,
2026-09-12T09:51:11-05:00,PUR_IED_ParaisoM_S304_d1edca,PUR_IED_ParaisoM_S304_d1edca,,,,,
2026-09-12T09:51:11-05:00,PUR_IED_PorfirioBarba_Ext_301466,PUR_IED_PorfirioBarba_Ext_301466,,,,,
2026-09-12T09:51:11-05:00,PUR_IED_PorfirioBarba_S11_df6cd2,PUR_IED_PorfirioBarba_S11_df6cd2,,,,,
2026-09-12T09:51:11-05:00,PUR_IED_PorfirioBarba_S29_27a7d6,PUR_IED_PorfirioBarba_S29_27a7d6,,,,,
2026-09-12T09:51:11-05:00,PUR_IED_PradoV_Exter_8b27ad,PUR_IED_PradoV_Exter_8b27ad,,,,,
2026-09-12T09:51:11-05:00,PUR_IED_PradoV_S301_de65b5,PUR_IED_PradoV_S301_de65b5,,,,,
2026-09-12T09:51:11-05:00,PUR_IED_PradoV_S302_7d2593,PUR_IED_PradoV_S302_7d2593,,,,,
2026-09-12T09:51:11-05:00,PUR_IED_QuirogaAlz_Ext_1ddc82,PUR_IED_QuirogaAlz_Ext_1ddc82,,,,,
2026-09-12T09:51:11-05:00,PUR_IED_QuirogaAlz_S302_9926a3,PUR_IED_QuirogaAlz_S302_9926a3,,,,,
2026-09-12T09:51:11-05:00,PUR_IED_QuirogaAlz_S305_cdf1f1,PUR_IED_QuirogaAlz_S305_cdf1f1,,,,,
2026-09-12T09:51:11-05:00,PUR_IED_RGuatemala_Biling_dc53b7,PUR_IED_RGuatemala_Biling_dc53b7,,,,,
2026-09-12T09:51:11-05:00,PUR_IED_RGuatemala_Ext_1b89a3,PUR_IED_RGuatemala_Ext_1b89a3,,,,,
2026-09-12T09:51:11-05:00,PUR_IED_RGuatemala_Tecnol_281a34,PUR_IED_RGuatemala_Tecnol_281a34,,,,,
2026-09-12T09:51:11-05:00,PUR_IED_RafaNu_Ext_f7c302,PUR_IED_RafaNu_Ext_f7c302,,,,,
2026-09-12T09:51:11-05:00,PUR_IED_RafaNu_S1101_25fde,PUR_IED_RafaNu_S1101_25fde,,,,,
2026-09-12T09:51:11-05:00,PUR_IED_RafaNu_S1102_281517,PUR_IED_RafaNu_S1102_281517,,,,,
2026-09-12T09:51:11-05:00,PUR_IED_RafaelB_S305_ee2783,PUR_IED_RafaelB_S305_ee2783,,,,,
2026-09-12T09:51:11-05:00,PUR_IED_RafaelB_S306_75fe33,PUR_IED_RafaelB_S306_75fe33,,,,,
2026-09-12T09:51:11-05:00,PUR_IED_RafaelB_ext_283336,PUR_IED_RafaelB_ext_283336,2,19,57,4.6722,-74.0737
2026-09-12T09:51:11-05:00,PUR_IED_RafaelUU_Exterior_281a51,PUR_IED_RafaelUU_Exterior_281a51,,,,,
2026-09-12T09:51:11-05:00,PUR_IED_RafaelUU_Human_806b2,PUR_IED_RafaelUU_Human_806b2,,,,,
2026-09-12T09:51:11-05:00,PUR_IED_RafaelUU_Mate2_5680d4,PUR_IED_RafaelUU_Mate2_5680d4,,,,,
2026-09-12T09:51:11-05:00,PUR_IED_RamonSub_Ext_f9eeb9,PUR_IED_RamonSub_Ext_f9eeb9,,,,,
2026-09-12T09:51:11-05:00,PUR_IED_RamonSub_Media_d1f62f,PUR_IED_RamonSub_Media_d1f62f,,,,,
2026-09-12T09:51:11-05:00,PUR_IED_RamonSub_planta_51b82,PUR_IED_RamonSub_planta_51b82,,,,,
2026-09-12T09:51:11-05:00,PUR_IED_RepBoliVene_Exter_27af7c,PUR_IED_RepBoliVene_Exter_27af7c,,,,,
2026-09-12T09:51:11-05:00,PUR_IED_RepBoliVene_SCPT_5ae2ee,PUR_IED_RepBoliVene_SCPT_5ae2ee,,,,,
2026-09-12T09:51:11-05:00,PUR_IED_RepBoliVene_Socia_4b11d5,PUR_IED_RepBoliVene_Socia_4b11d5,,,,,
2026-09-12T09:51:11-05:00,PUR_IED_RepChina_Ext_76d9ee,PUR_IED_RepChina_Ext_76d9ee,,,,,
2026-09-12T09:51:11-05:00,PUR_IED_RepChina_S404_7c804c,PUR_IED_RepChina_S404_7c804c,,,,,
2026-09-12T09:51:11-05:00,PUR_IED_RepChina_S405_df2c33,PUR_IED_RepChina_S405_df2c33,,,,,
2026-09-12T09:51:11-05:00,PUR_IED_RepublicaC_Exteri_7d1ec9,PUR_IED_RepublicaC_Exteri_7d1ec9,,,,,
2026-09-12T09:51:11-05:00,PUR_IED_RepublicaC_S1101_f544b3,PUR_IED_RepublicaC_S1101_f544b3,,,,,
2026-09-12T09:51:11-05:00,PUR_IED_RepublicaC_S1102_7aafc7,PUR_IED_RepublicaC_S1102_7aafc7,,,,,
2026-09-12T09:51:11-05:00,PUR_IED_Ricaurte_Externo_a0ea1,PUR_IED_Ricaurte_Externo_a0ea1,,,,,
2026-09-12T09:51:11-05:00,PUR_IED_Ricaurte_S210_f546fd,PUR_IED_Ricaurte_S210_f546fd,,,,,
2026-09-12T09:51:11-05:00,PUR_IED_Ricaurte_S309_d4452,PUR_IED_Ricaurte_S309_d4452,,,,,
2026-09-12T09:51:11-05:00,PUR_IED_RogelioS_1102_531e69,PUR_IED_RogelioS_1102_531e69,,,,,
2026-09-12T09:51:11-05:00,PUR_IED_RogelioS_Ext_f25a18,PUR_IED_RogelioS_Ext_f25a18,,,,,
2026-09-12T09:51:11-05:00,PUR_IED_SBernardino_Ext_27aff8,PUR_IED_SBernardino_Ext_27aff8,,,,,
2026-09-12T09:51:11-05:00,PUR_IED_SBernardino_SArte_2ffd33,PUR_IED_SBernardino_SArte_2ffd33,,,,,
2026-09-12T09:51:11-05:00,PUR_IED_SBernardino_SIngl_7c7da5,PUR_IED_SBernardino_SIngl_7c7da5,,,,,
2026-09-12T09:51:11-05:00,PUR_IED_Sago_auditorio_dc9d1d,PUR_IED_Sago_auditorio_dc9d1d,,,,,
2026-09-12T09:51:11-05:00,PUR_IED_Saludcoop_Ext_95aac3,PUR_IED_Saludcoop_Ext_95aac3,,,,,
2026-09-12T09:51:11-05:00,PUR_IED_Saludcoop_InfI_90c854,PUR_IED_Saludcoop_InfI_90c854,,,,,
2026-09-12T09:51:11-05:00,PUR_IED_Saludcoop_SMedia_1b93be,PUR_IED_Saludcoop_SMedia_1b93be,,,,,
2026-09-12T09:51:11-05:00,PUR_IED_SanCarlos_1101_1a2360,PUR_IED_SanCarlos_1101_1a2360,,,,,
2026-09-12T09:51:11-05:00,PUR_IED_SanCarlos_1103_7bafb5,PUR_IED_SanCarlos_1103_7bafb5,,,,,
2026-09-12T09:51:11-05:00,PUR_IED_SanCarlos_Ext_b7cd1,PUR_IED_SanCarlos_Ext_b7cd1,,,,,
2026-09-12T09:51:11-05:00,PUR_IED_SanIgnacioBosa11a_50c26e,PUR_IED_SanIgnacioBosa11a_50c26e,,,,,
2026-09-12T09:51:11-05:00,PUR_IED_SanIgnacioBosa11b_371de8,PUR_IED_SanIgnacioBosa11b_371de8,,,,,
2026-09-12T09:51:11-05:00,PUR_IED_SanIgnacioBosaExt_ef0ffc,PUR_IED_SanIgnacioBosaExt_ef0ffc,,,,,
2026-09-12T09:51:11-05:00,PUR_IED_SanIgnacioBosa_11a_50c26e,PUR_IED_SanIgnacioBosa_11a_50c26e,,,,,
2026-09-12T09:51:11-05:00,PUR_IED_SanIgnacioBosa_Ext_ef0ffc,PUR_IED_SanIgnacioBosa_Ext_ef0ffc,,,,,
2026-09-12T09:51:11-05:00,PUR_IED_SanJoseN_intS1101_31c47f,PUR_IED_SanJoseN_intS1101_31c47f,,,,,
2026-09-12T09:51:11-05:00,PUR_IED_SanJoseUsm_Exter_f5d7e8,PUR_IED_SanJoseUsm_Exter_f5d7e8,,,,,
2026-09-12T09:51:11-05:00,PUR_IED_SanJoseUsm_Int11A_cfdef6,PUR_IED_SanJoseUsm_Int11A_cfdef6,,,,,
2026-09-12T09:51:11-05:00,PUR_IED_SilveriaR_IntB5_905349,PUR_IED_SilveriaR_IntB5_905349,,,,,
2026-09-12T09:51:11-05:00,PUR_IED_SilveriaR_IntSD14_981f93,PUR_IED_SilveriaR_IntSD14_981f93,,,,,
2026-09-12T09:51:11-05:00,PUR_IED_SilveriaR_ext_2b651d,PUR_IED_SilveriaR_ext_2b651d,,,,,
2026-09-12T09:51:11-05:00,PUR_IED_SimonB_Exterior_913975,PUR_IED_SimonB_Exterior_913975,,,,,
2026-09-12T09:51:11-05:00,PUR_IED_SimonB_LabQuimi_c56908,PUR_IED_SimonB_LabQuimi_c56908,,,,,
2026-09-12T09:51:11-05:00,PUR_IED_SimonB_informatic_a28c1,PUR_IED_SimonB_informatic_a28c1,,,,,
2026-09-12T09:51:11-05:00,PUR_IED_Sorrento_1102_315f50,PUR_IED_Sorrento_1102_315f50,,,,,
2026-09-12T09:51:11-05:00,PUR_IED_Sorrento_Minte_214eab,PUR_IED_Sorrento_Minte_214eab,,,,,
2026-09-12T09:51:11-05:00,PUR_IED_Sorrento_ext_7c3a0a,PUR_IED_Sorrento_ext_7c3a0a,,,,,
2026-09-12T09:51:11-05:00,PUR_IED_Tabora_Ext_f048ae,PUR_IED_Tabora_Ext_f048ae,,,,,
2026-09-12T09:51:11-05:00,PUR_IED_Tabora_S1102_b07752,PUR_IED_Tabora_S1102_b07752,,,,,
2026-09-12T09:51:11-05:00,PUR_IED_Tabora_S1103_d988f5,PUR_IED_Tabora_S1103_d988f5,,,,,
2026-09-12T09:51:11-05:00,PUR_IED_Tenerife_Ext_1ab188,PUR_IED_Tenerife_Ext_1ab188,,,,,
2026-09-12T09:51:11-05:00,PUR_IED_Tenerife_SDanzas_7bc02e,PUR_IED_Tenerife_SDanzas_7bc02e,,,,,
2026-09-12T09:51:11-05:00,PUR_IED_Tenerife_SIngles_7cc277,PUR_IED_Tenerife_SIngles_7cc277,,,,,
2026-09-12T09:51:11-05:00,PUR_IED_Tibabuyes_Exter_f2683d,PUR_IED_Tibabuyes_Exter_f2683d,,,,,
2026-09-12T09:51:11-05:00,PUR_IED_Tibabuyes_S10_dc87a8,PUR_IED_Tibabuyes_S10_dc87a8,,,,,
2026-09-12T09:51:11-05:00,PUR_IED_Tibabuyes_S15_dc0526,PUR_IED_Tibabuyes_S15_dc0526,,,,,
2026-09-12T09:51:11-05:00,PUR_IED_UnionE_S301_a1043,PUR_IED_UnionE_S301_a1043,,,,,
2026-09-12T09:51:11-05:00,PUR_IED_UnionE_S307_ff6c2f,PUR_IED_UnionE_S307_ff6c2f,,,,,
2026-09-12T09:51:11-05:00,PUR_IED_UnionE__Ext_5e2468,PUR_IED_UnionE__Ext_5e2468,,,,,
2026-09-12T09:51:11-05:00,PUR_IED_VillaRica_Ext_75be7c,PUR_IED_VillaRica_Ext_75be7c,,,,,
2026-09-12T09:51:11-05:00,PUR_IED_VillaRica_S4_cc5dcd,PUR_IED_VillaRica_S4_cc5dcd,,,,,
2026-09-12T09:51:11-05:00,PUR_IED_VillaRica_Sesp_99f5c,PUR_IED_VillaRica_Sesp_99f5c,,,,,
2026-09-12T09:56:04-05:00,PUR_IED_20deJulio_1101_91b1b9,PUR_IED_20deJulio_1101_91b1b9,,,,,
2026-09-12T09:56:04-05:00,PUR_IED_20deJulio_1102_1cfcf9,PUR_IED_20deJulio_1102_1cfcf9,,,,,
2026-09-12T09:56:04-05:00,PUR_IED_20deJulio_Ext_ab60bd,PUR_IED_20deJulio_Ext_ab60bd,,,,,
2026-09-12T09:56:04-05:00,PUR_IED_AgustinFer_Ext_7b9b77,PUR_IED_AgustinFer_Ext_7b9b77,,,,,
2026-09-12T09:56:04-05:00,PUR_IED_AgustinFer_Info2_27b3a7,PUR_IED_AgustinFer_Info2_27b3a7,,,,,
2026-09-12T09:56:04-05:00,PUR_IED_AgustinFer_Sena_54b4eb,PUR_IED_AgustinFer_Sena_54b4eb,,,,,
2026-09-12T09:56:04-05:00,PUR_IED_AlexanderF_1102_caf07b,PUR_IED_AlexanderF_1102_caf07b,,,,,
2026-09-12T09:56:04-05:00,PUR_IED_AlexanderF_1103_c79e71,PUR_IED_AlexanderF_1103_c79e71,,,,,
2026-09-12T09:56:04-05:00,PUR_IED_AlexanderF_Ext_c5b18b,PUR_IED_AlexanderF_Ext_c5b18b,,,,,
2026-09-12T09:56:04-05:00,PUR_IED_AlfonsoLopez_Ext_281d77,PUR_IED_AlfonsoLopez_Ext_281d77,,,,,
2026-09-12T09:56:04-05:00,PUR_IED_AlfonsoLopez_LabF_888ce0,PUR_IED_AlfonsoLopez_LabF_888ce0,,,,,
2026-09-12T09:56:04-05:00,PUR_IED_AlfonsoLopez_SMed_df6a7f,PUR_IED_AlfonsoLopez_SMed_df6a7f,,,,,
2026-09-12T09:56:04-05:00,PUR_IED_AltamiraSO_A2_209f92,PUR_IED_AltamiraSO_A2_209f92,,,,,
2026-09-12T09:56:04-05:00,PUR_IED_AltamiraSO_Ext_186d66,PUR_IED_AltamiraSO_Ext_186d66,,,,,
2026-09-12T09:56:04-05:00,PUR_IED_AltamiraSO_Sistem_27afe1,PUR_IED_AltamiraSO_Sistem_27afe1,,,,,
2026-09-12T09:56:04-05:00,PUR_IED_AlvaroGom_LabQuim_813179,PUR_IED_AlvaroGom_LabQuim_813179,,,,,
2026-09-12T09:56:04-05:00,PUR_IED_AlvaroGomez_Ext_47c7ca,PUR_IED_AlvaroGomez_Ext_47c7ca,,,,,
2026-09-12T09:56:04-05:00,PUR_IED_AlvaroGomez_LabQuim_813179,PUR_IED_AlvaroGomez_LabQuim_813179,,,,,
2026-09-12T09:56:04-05:00,PUR_IED_AlvaroGomez_S23_7ba89f,PUR_IED_AlvaroGomez_S23_7ba89f,,,,,
2026-09-12T09:56:04-05:00,PUR_IED_Amistad_306_dc8728,PUR_IED_Amistad_306_dc8728,,,,,
2026-09-12T09:56:04-05:00,PUR_IED_Amistad_Ext_8cd55e,PUR_IED_Amistad_Ext_8cd55e,,,,,
2026-09-12T09:56:04-05:00,PUR_IED_Amistad_S202_a41169,PUR_IED_Amistad_S202_a41169,,,,,
2026-09-12T09:56:04-05:00,PUR_IED_AndresBello_Bio_fd5f5e,PUR_IED_AndresBello_Bio_fd5f5e,,,,,
2026-09-12T09:56:04-05:00,PUR_IED_AndresBello_ext_dcad65,PUR_IED_AndresBello_ext_dcad65,,,,,
2026-09-12T09:56:04-05:00,PUR_IED_AndresBello_port_eed3ec,PUR_IED_AndresBello_port_eed3ec,,,,,
2026-09-12T09:56:04-05:00,PUR_IED_AngelaR_11b_d90a6b,PUR_IED_AngelaR_11b_d90a6b,,,,,
2026-09-12T09:56:04-05:00,PUR_IED_AngelaR_ext_7cad3e,PUR_IED_AngelaR_ext_7cad3e,3,19,62,4.5825,-74.164497
2026-09-12T09:56:04-05:00,PUR_IED_AntJoseSucre_10mo_df2575,PUR_IED_AntJoseSucre_10mo_df2575,,,,,
2026-09-12T09:56:04-05:00,PUR_IED_AntJoseSucre_Ext_215b36,PUR_IED_AntJoseSucre_Ext_215b36,,,,,
2026-09-12T09:56:04-05:00,PUR_IED_AntJoseSucre_Lab_3139de,PUR_IED_AntJoseSucre_Lab_3139de,,,,,
2026-09-12T09:56:04-05:00,PUR_IED_AntonioGarcia_301_d6b188,PUR_IED_AntonioGarcia_301_d6b188,,,,,
2026-09-12T09:56:04-05:00,PUR_IED_AntonioGarcia_302_88a82,PUR_IED_AntonioGarcia_302_88a82,,,,,
2026-09-12T09:56:04-05:00,PUR_IED_AntonioGarcia_Ext_20950c,PUR_IED_AntonioGarcia_Ext_20950c,,,,,
2026-09-12T09:56:04-05:00,PUR_IED_AntonioVan_Aula2_6dea02,PUR_IED_AntonioVan_Aula2_6dea02,,,,,
2026-09-12T09:56:04-05:00,PUR_IED_AntonioVan_Aula5_f1557e,PUR_IED_AntonioVan_Aula5_f1557e,,,,,
2026-09-12T09:56:04-05:00,PUR_IED_AntonioVan_Ext_406f2f,PUR_IED_AntonioVan_Ext_406f2f,,,,,
2026-09-12T09:56:04-05:00,PUR_IED_Atabanzha_Ext_cc5af9,PUR_IED_Atabanzha_Ext_cc5af9,,,,,
2026-09-12T09:56:04-05:00,PUR_IED_Atabanzha_SA101_56c37,PUR_IED_Atabanzha_SA101_56c37,,,,,
2026-09-12T09:56:04-05:00,PUR_IED_Atabanzha_SB302_27b374,PUR_IED_Atabanzha_SB302_27b374,,,,,
2026-09-12T09:56:04-05:00,PUR_IED_Atahualpa_Ext_fc1748,PUR_IED_Atahualpa_Ext_fc1748,,,,,
2026-09-12T09:56:04-05:00,PUR_IED_Atahualpa_Informa_dc9a95,PUR_IED_Atahualpa_Informa_dc9a95,,,,,
2026-09-12T09:56:04-05:00,PUR_IED_Atahualpa_S1101_f98056,PUR_IED_Atahualpa_S1101_f98056,,,,,
2026-09-12T09:56:04-05:00,PUR_IED_Bellavista_Ext_f5aa74,PUR_IED_Bellavista_Ext_f5aa74,,,,,
2026-09-12T09:56:04-05:00,PUR_IED_Bilbao_11A_916c41,PUR_IED_Bilbao_11A_916c41,,,,,
2026-09-12T09:56:04-05:00,PUR_IED_Bilbao_Ext_fb579a,PUR_IED_Bilbao_Ext_fb579a,,,,,
2026-09-12T09:56:04-05:00,PUR_IED_BrasiliaU_A125_304280,PUR_IED_BrasiliaU_A125_304280,,,,,
2026-09-12T09:56:04-05:00,PUR_IED_BrasiliaU_A203_7c8ca5,PUR_IED_BrasiliaU_A203_7c8ca5,,,,,
2026-09-12T09:56:04-05:00,PUR_IED_BrasiliaU_Ext_8d6e9f,PUR_IED_BrasiliaU_Ext_8d6e9f,4,18,65,4.5175,-74.116302
2026-09-12T09:56:04-05:00,PUR_IED_Brasilia_Ext_fe6593,PUR_IED_Brasilia_Ext_fe6593,,,,,
2026-09-12T09:56:04-05:00,PUR_IED_Brasilia_S24_7c130d,PUR_IED_Brasilia_S24_7c130d,,,,,
2026-09-12T09:56:04-05:00,PUR_IED_Brasilia_S501_186a54,PUR_IED_Brasilia_S501_186a54,,,,,
2026-09-12T09:56:04-05:00,PUR_IED_CHARRY_EXT_f1d5cd,PUR_IED_CHARRY_EXT_f1d5cd,,,,,
2026-09-12T09:56:04-05:00,PUR_IED_CHARRY_INTDANZAS_7a08e6,PUR_IED_CHARRY_INTDANZAS_7a08e6,,,,,
2026-09-12T09:56:04-05:00,PUR_IED_CHARRY_INT_AULA20_dc998d,PUR_IED_CHARRY_INT_AULA20_dc998d,,,,,
2026-09-12T09:56:04-05:00,PUR_IED_COLVIV_1101_S25_7f520a,PUR_IED_COLVIV_1101_S25_7f520a,,,,,
2026-09-12T09:56:04-05:00,PUR_IED_COLVIV_1102_S16_f570ba,PUR_IED_COLVIV_1102_S16_f570ba,,,,,
2026-09-12T09:56:04-05:00,PUR_IED_COLVIV_Ext_1a26fa,PUR_IED_COLVIV_Ext_1a26fa,,,,,
2026-09-12T09:56:04-05:00,PUR_IED_CULPOP_301A_f660f3,PUR_IED_CULPOP_301A_f660f3,,,,,
2026-09-12T09:56:04-05:00,PUR_IED_CULPOP_303_568afe,PUR_IED_CULPOP_303_568afe,,,,,
2026-09-12T09:56:04-05:00,PUR_IED_CULPOP_Ext_e02ccb,PUR_IED_CULPOP_Ext_e02ccb,,,,,
2026-09-12T09:56:04-05:00,PUR_IED_CVillavicen_Ext_26eb58,PUR_IED_CVillavicen_Ext_26eb58,6,16,80,4.487,-74.102798
2026-09-12T09:56:04-05:00,PUR_IED_CVillavicen_Intel_1ce5c2,PUR_IED_CVillavicen_Intel_1ce5c2,,,,,
2026-09-12T09:56:04-05:00,PUR_IED_CVillavicen_Poliv_e0766c,PUR_IED_CVillavicen_Poliv_e0766c,,,,,
2026-09-12T09:56:04-05:00,PUR_IED_CVillavicen_int_1ba140,PUR_IED_CVillavicen_int_1ba140,,,,,
2026-09-12T09:56:04-05:00,PUR_IED_CVillavicen_intel_1ba140,PUR_IED_CVillavicen_intel_1ba140,,,,,
2026-09-12T09:56:04-05:00,PUR_IED_CarlosPizarro_Ext_e307cc,PUR_IED_CarlosPizarro_Ext_e307cc,,,,,
2026-09-12T09:56:04-05:00,PUR_IED_CarlosPizarro_L36_7e5cdb,PUR_IED_CarlosPizarro_L36_7e5cdb,,,,,
2026-09-12T09:56:04-05:00,PUR_IED_CarlosPizarro_L37_c8566c,PUR_IED_CarlosPizarro_L37_c8566c,,,,,
2026-09-12T09:56:04-05:00,PUR_IED_Castilla_Ext_cf35f,PUR_IED_Castilla_Ext_cf35f,,,,,
2026-09-12T09:56:04-05:00,PUR_IED_Castilla_SFisik_360e38,PUR_IED_Castilla_SFisik_360e38,,,,,
2026-09-12T09:56:04-05:00,PUR_IED_Castilla_Sc304_496fbf,PUR_IED_Castilla_Sc304_496fbf,,,,,
2026-09-12T09:56:04-05:00,PUR_IED_CervantesSa_Ext_6b57b,PUR_IED_CervantesSa_Ext_6b57b,3,18,70,4.5128,-74.117203
2026-09-12T09:56:04-05:00,PUR_IED_CervantesSa_S107_225c2b,PUR_IED_CervantesSa_S107_225c2b,,,,,
2026-09-12T09:56:04-05:00,PUR_IED_CervantesSa_S108_940925,PUR_IED_CervantesSa_S108_940925,,,,,
2026-09-12T09:56:04-05:00,PUR_IED_Charry_A20_f53e7c,PUR_IED_Charry_A20_f53e7c,,,,,
2026-09-12T09:56:04-05:00,PUR_IED_Charry_Ext_f1d5cd,PUR_IED_Charry_Ext_f1d5cd,,,,,
2026-09-12T09:56:04-05:00,PUR_IED_Charry_IntAula20_dc998d,PUR_IED_Charry_IntAula20_dc998d,,,,,
2026-09-12T09:56:04-05:00,PUR_IED_Charry_IntDanzas_7a08e6,PUR_IED_Charry_IntDanzas_7a08e6,,,,,
2026-09-12T09:56:04-05:00,PUR_IED_ClememciaC_203_43e2fc,PUR_IED_ClememciaC_203_43e2fc,,,,,
2026-09-12T09:56:04-05:00,PUR_IED_ClememciaC_Ext_1b411a,PUR_IED_ClememciaC_Ext_1b411a,,,,,
2026-09-12T09:56:04-05:00,PUR_IED_ClememciaC_Quimic_44b5fc,PUR_IED_ClememciaC_Quimic_44b5fc,,,,,
2026-09-12T09:56:04-05:00,PUR_IED_ClemenciaC_203_43e2fc,PUR_IED_ClemenciaC_203_43e2fc,,,,,
2026-09-12T09:56:04-05:00,PUR_IED_ClemenciaC_Ext_1b411a,PUR_IED_ClemenciaC_Ext_1b411a,,,,,
2026-09-12T09:56:04-05:00,PUR_IED_ClemenciaC_Quimic_44b5fc,PUR_IED_ClemenciaC_Quimic_44b5fc,,,,,
2026-09-12T09:56:04-05:00,PUR_IED_ColViva_1101_S25_7f520a,PUR_IED_ColViva_1101_S25_7f520a,,,,,
2026-09-12T09:56:04-05:00,PUR_IED_ColViva_1102_S16_f570ba,PUR_IED_ColViva_1102_S16_f570ba,,,,,
2026-09-12T09:56:04-05:00,PUR_IED_ColViva_Ext_1a26fa,PUR_IED_ColViva_Ext_1a26fa,,,,,
2026-09-12T09:56:04-05:00,PUR_IED_ColegioBici_Asist_7c8798,PUR_IED_ColegioBici_Asist_7c8798,,,,,
2026-09-12T09:56:04-05:00,PUR_IED_ColegioBici_Ext_25cbf6,PUR_IED_ColegioBici_Ext_25cbf6,,,,,
2026-09-12T09:56:04-05:00,PUR_IED_ColegioBici_LabQ_7b57db,PUR_IED_ColegioBici_LabQ_7b57db,,,,,
2026-09-12T09:56:04-05:00,PUR_IED_CostaRica_Ext_5e640,PUR_IED_CostaRica_Ext_5e640,,,,,
2026-09-12T09:56:04-05:00,PUR_IED_CostaRica_Quim1_766d1c,PUR_IED_CostaRica_Quim1_766d1c,,,,,
2026-09-12T09:56:04-05:00,PUR_IED_CostaRica__Fisica_6f0873,PUR_IED_CostaRica__Fisica_6f0873,,,,,
2026-09-12T09:56:04-05:00,PUR_IED_CulPopu_301A_f660f3,PUR_IED_CulPopu_301A_f660f3,,,,,
2026-09-12T09:56:04-05:00,PUR_IED_CulPopu_303_568afe,PUR_IED_CulPopu_303_568afe,,,,,
2026-09-12T09:56:04-05:00,PUR_IED_CulPopu_Ext_e02ccb,PUR_IED_CulPopu_Ext_e02ccb,,,,,
2026-09-12T09:56:04-05:00,PUR_IED_Cundinamarca_Ext_f15985,PUR_IED_Cundinamarca_Ext_f15985,,,,,
2026-09-12T09:56:04-05:00,PUR_IED_Cundinamarca_Info_7aa5d7,PUR_IED_Cundinamarca_Info_7aa5d7,,,,,
2026-09-12T09:56:04-05:00,PUR_IED_Cundinamarca_Tec2_f449c7,PUR_IED_Cundinamarca_Tec2_f449c7,,,,,
2026-09-12T09:56:04-05:00,PUR_IED_DiegoM_Aula1_27b314,PUR_IED_DiegoM_Aula1_27b314,,,,,
2026-09-12T09:56:04-05:00,PUR_IED_DiegoM_Ext_d80ac8,PUR_IED_DiegoM_Ext_d80ac8,,,,,
2026-09-12T09:56:04-05:00,PUR_IED_DiegoM_S25_da928f,PUR_IED_DiegoM_S25_da928f,,,,,
2026-09-12T09:56:04-05:00,PUR_IED_ELRODEO_360881,PUR_IED_ELRODEO_360881,,,,,
2026-09-12T09:56:04-05:00,PUR_IED_ELRODEO_ext_360881,PUR_IED_ELRODEO_ext_360881,,,,,
2026-09-12T09:56:04-05:00,PUR_IED_EduardoU_Ext_1c1969,PUR_IED_EduardoU_Ext_1c1969,,,,,
2026-09-12T09:56:04-05:00,PUR_IED_EduardoU_SCiencia_4dfb94,PUR_IED_EduardoU_SCiencia_4dfb94,,,,,
2026-09-12T09:56:04-05:00,PUR_IED_EduardoU_SQuimica_5a46e7,PUR_IED_EduardoU_SQuimica_5a46e7,,,,,
2026-09-12T09:56:04-05:00,PUR_IED_ElRodeo_Aula14_676984,PUR_IED_ElRodeo_Aula14_676984,,,,,
2026-09-12T09:56:04-05:00,PUR_IED_ElRodeo_Aula16_2dd35b,PUR_IED_ElRodeo_Aula16_2dd35b,,,,,
2026-09-12T09:56:04-05:00,PUR_IED_ElRodeo_Ext_360881,PUR_IED_ElRodeo_Ext_360881,,,,,
2026-09-12T09:56:04-05:00,PUR_IED_ElRodeo_Exterior_8c6d28,PUR_IED_ElRodeo_Exterior_8c6d28,,,,,
2026-09-12T09:56:04-05:00,PUR_IED_ElRodeo_ext_360881,PUR_IED_ElRodeo_ext_360881,,,,,
2026-09-12T09:56:04-05:00,PUR_IED_EmmaReyes_Ext_987625,PUR_IED_EmmaReyes_Ext_987625,2,21,50,4.6367,-74.1511
2026-09-12T09:56:04-05:00,PUR_IED_Ensueño_Ext_7f0250,PUR_IED_Ensueño_Ext_7f0250,,,,,
2026-09-12T09:56:04-05:00,PUR_IED_EscNormal_Ext_5fef3b,PUR_IED_EscNormal_Ext_5fef3b,2,20,57,4.5852,-74.096901
2026-09-12T09:56:04-05:00,PUR_IED_EscNormal_S309_5b263,PUR_IED_EscNormal_S309_5b263,,,,,
2026-09-12T09:56:04-05:00,PUR_IED_EscNormal_S310_27b3b8,PUR_IED_EscNormal_S310_27b3b8,,,,,
2026-09-12T09:56:04-05:00,PUR_IED_Evangelista_Conta_f6cd4f,PUR_IED_Evangelista_Conta_f6cd4f,,,,,
2026-09-12T09:56:04-05:00,PUR_IED_Evangelista_Cri_5e16a,PUR_IED_Evangelista_Cri_5e16a,,,,,
2026-09-12T09:56:04-05:00,PUR_IED_Evangelista_Exter_754066,PUR_IED_Evangelista_Exter_754066,,,,,
2026-09-12T09:56:04-05:00,PUR_IED_FMiranda_S209_5cc2a3,PUR_IED_FMiranda_S209_5cc2a3,,,,,
2026-09-12T09:56:04-05:00,PUR_IED_FMiranda_S303_19e344,PUR_IED_FMiranda_S303_19e344,,,,,
2026-09-12T09:56:04-05:00,PUR_IED_FMiranda_ext_f53e7c,PUR_IED_FMiranda_ext_f53e7c,,,,,
2026-09-12T09:56:04-05:00,PUR_IED_FabioLozano_Bibli_1cee05,PUR_IED_FabioLozano_Bibli_1cee05,,,,,
2026-09-12T09:56:04-05:00,PUR_IED_FabioLozano_Ext_6ea285,PUR_IED_FabioLozano_Ext_6ea285,,,,,
2026-09-12T09:56:04-05:00,PUR_IED_FabioLozano_SLudi_f09e1e,PUR_IED_FabioLozano_SLudi_f09e1e,,,,,
2026-09-12T09:56:04-05:00,PUR_IED_FaustinoS_Aula07_27a731,PUR_IED_FaustinoS_Aula07_27a731,,,,,
2026-09-12T09:56:04-05:00,PUR_IED_FaustinoS_Ext_7b936f,PUR_IED_FaustinoS_Ext_7b936f,,,,,
2026-09-12T09:56:04-05:00,PUR_IED_FaustinoS_Fisica_da2c60,PUR_IED_FaustinoS_Fisica_da2c60,,,,,
2026-09-12T09:56:04-05:00,PUR_IED_FeGarciaLo_Ext_dc68ee,PUR_IED_FeGarciaLo_Ext_dc68ee,,,,,
2026-09-12T09:56:04-05:00,PUR_IED_FeGarciaLo_SDanza_f70a59,PUR_IED_FeGarciaLo_SDanza_f70a59,,,,,
2026-09-12T09:56:04-05:00,PUR_IED_FeGarciaLo_SMusic_125cdd,PUR_IED_FeGarciaLo_SMusic_125cdd,,,,,
2026-09-12T09:56:04-05:00,PUR_IED_FederalAlema_Exte_50c345,PUR_IED_FederalAlema_Exte_50c345,,,,,
2026-09-12T09:56:04-05:00,PUR_IED_FederalAlema_S31_f18371,PUR_IED_FederalAlema_S31_f18371,,,,,
2026-09-12T09:56:04-05:00,PUR_IED_FederalAlema_S901_a62cd,PUR_IED_FederalAlema_S901_a62cd,,,,,
2026-09-12T09:56:04-05:00,PUR_IED_FilarmonicaS_A5_f35eb1,PUR_IED_FilarmonicaS_A5_f35eb1,,,,,
2026-09-12T09:56:04-05:00,PUR_IED_FilarmonicaS_Ext_8a3bde,PUR_IED_FilarmonicaS_Ext_8a3bde,,,,,
2026-09-12T09:56:04-05:00,PUR_IED_FilarmonicaS_Spol_406114,PUR_IED_FilarmonicaS_Spol_406114,,,,,
2026-09-12T09:56:04-05:00,PUR_IED_FlorentinoG_A13_d1fa59,PUR_IED_FlorentinoG_A13_d1fa59,,,,,
2026-09-12T09:56:04-05:00,PUR_IED_FlorentinoG_Ext_1ce6ce,PUR_IED_FlorentinoG_Ext_1ce6ce,,,,,
2026-09-12T09:56:04-05:00,PUR_IED_FlorentinoG_Idiom_a66aac,PUR_IED_FlorentinoG_Idiom_a66aac,,,,,
2026-09-12T09:56:04-05:00,PUR_IED_FranciscoMati_Ext_e3869d,PUR_IED_FranciscoMati_Ext_e3869d,,,,,
2026-09-12T09:56:04-05:00,PUR_IED_FranciscoMati_S13_f31c67,PUR_IED_FranciscoMati_S13_f31c67,,,,,
2026-09-12T09:56:04-05:00,PUR_IED_FranciscoMati_S14_97dead,PUR_IED_FranciscoMati_S14_97dead,,,,,
2026-09-12T09:56:04-05:00,PUR_IED_FranciscoPS_Ext_7bfa9a,PUR_IED_FranciscoPS_Ext_7bfa9a,2,22,55,4.5899,-74.110397
2026-09-12T09:56:04-05:00,PUR_IED_FranciscoPS_Infor_fb8f4c,PUR_IED_FranciscoPS_Infor_fb8f4c,,,,,
2026-09-12T09:56:04-05:00,PUR_IED_FranciscoPS_Quimi_94d39c,PUR_IED_FranciscoPS_Quimi_94d39c,,,,,
2026-09-12T09:56:04-05:00,PUR_IED_FranciscoP_LabQ_d7e148,PUR_IED_FranciscoP_LabQ_d7e148,,,,,
2026-09-12T09:56:04-05:00,PUR_IED_FranciscoP_S28_cf9b30,PUR_IED_FranciscoP_S28_cf9b30,,,,,
2026-09-12T09:56:04-05:00,PUR_IED_FranciscoP_ext_e2313,PUR_IED_FranciscoP_ext_e2313,,,,,
2026-09-12T09:56:04-05:00,PUR_IED_FriederichN_Ext_8ac92a,PUR_IED_FriederichN_Ext_8ac92a,,,,,
2026-09-12T09:56:04-05:00,PUR_IED_FriederichN_S301_dd7e5a,PUR_IED_FriederichN_S301_dd7e5a,,,,,
2026-09-12T09:56:04-05:00,PUR_IED_FriederichN_S308_761f4f,PUR_IED_FriederichN_S308_761f4f,,,,,
2026-09-12T09:56:04-05:00,PUR_IED_GSantander_Aula10_533dd7,PUR_IED_GSantander_Aula10_533dd7,,,,,
2026-09-12T09:56:04-05:00,PUR_IED_GSantander_Aula12_fd4e4f,PUR_IED_GSantander_Aula12_fd4e4f,,,,,
2026-09-12T09:56:04-05:00,PUR_IED_GSantander_Aula310_533dd7,PUR_IED_GSantander_Aula310_533dd7,,,,,
2026-09-12T09:56:04-05:00,PUR_IED_GSantander_Aula312_fd4e4f,PUR_IED_GSantander_Aula312_fd4e4f,,,,,
2026-09-12T09:56:04-05:00,PUR_IED_GSantander_Ext_5f66b0,PUR_IED_GSantander_Ext_5f66b0,,,,,
2026-09-12T09:56:04-05:00,PUR_IED_GYomasa_Ext_f6bea5,PUR_IED_GYomasa_Ext_f6bea5,,,,,
2026-09-12T09:56:04-05:00,PUR_IED_GYomasa_LBiol_2c41aa,PUR_IED_GYomasa_LBiol_2c41aa,,,,,
2026-09-12T09:56:04-05:00,PUR_IED_GYomasa_LQuim_33c80,PUR_IED_GYomasa_LQuim_33c80,,,,,
2026-09-12T09:56:04-05:00,PUR_IED_GabBetMejia_Cienc_5a99c,PUR_IED_GabBetMejia_Cienc_5a99c,,,,,
2026-09-12T09:56:04-05:00,PUR_IED_GabBetMejia_Ext_9153d0,PUR_IED_GabBetMejia_Ext_9153d0,,,,,
2026-09-12T09:56:04-05:00,PUR_IED_GabBetMejia_Lab_f55347,PUR_IED_GabBetMejia_Lab_f55347,,,,,
2026-09-12T09:56:04-05:00,PUR_IED_GabBetanMejia_Ext_9153d0,PUR_IED_GabBetanMejia_Ext_9153d0,,,,,
2026-09-12T09:56:04-05:00,PUR_IED_Gaitana_Aula13_7aac11,PUR_IED_Gaitana_Aula13_7aac11,,,,,
2026-09-12T09:56:04-05:00,PUR_IED_Gaitana_Ext_5fcf4,PUR_IED_Gaitana_Ext_5fcf4,,,,,
2026-09-12T09:56:04-05:00,PUR_IED_Gaitana_LabFisica_644448,PUR_IED_Gaitana_LabFisica_644448,,,,,
2026-09-12T09:56:04-05:00,PUR_IED_GenSantander_Dise_8ac858,PUR_IED_GenSantander_Dise_8ac858,,,,,
2026-09-12T09:56:04-05:00,PUR_IED_GenSantander_Ext_8d5dfe,PUR_IED_GenSantander_Ext_8d5dfe,,,,,
2026-09-12T09:56:04-05:00,PUR_IED_GenSantander_Info_6c25b,PUR_IED_GenSantander_Info_6c25b,,,,,
2026-09-12T09:56:04-05:00,PUR_IED_GustavoMo_Exterio_75e63d,PUR_IED_GustavoMo_Exterio_75e63d,,,,,
2026-09-12T09:56:04-05:00,PUR_IED_GustavoMo_LabFisi_224d37,PUR_IED_GustavoMo_LabFisi_224d37,,,,,
2026-09-12T09:56:04-05:00,PUR_IED_GustavoMo_S208_3e6918,PUR_IED_GustavoMo_S208_3e6918,,,,,
2026-09-12T09:56:04-05:00,PUR_IED_GustavoR_A02_8cd4a8,PUR_IED_GustavoR_A02_8cd4a8,,,,,
2026-09-12T09:56:04-05:00,PUR_IED_GustavoR_B11_5b0ed,PUR_IED_GustavoR_B11_5b0ed,,,,,
2026-09-12T09:56:04-05:00,PUR_IED_GustavoR_Ext_7a0c90,PUR_IED_GustavoR_Ext_7a0c90,,,,,
2026-09-12T09:56:04-05:00,PUR_IED_HernandoDuran_Ext_8cd82b,PUR_IED_HernandoDuran_Ext_8cd82b,,,,,
2026-09-12T09:56:04-05:00,PUR_IED_HernandoDuran_S24_2772c6,PUR_IED_HernandoDuran_S24_2772c6,,,,,
2026-09-12T09:56:04-05:00,PUR_IED_HernandoDuran_S30_f2de41,PUR_IED_HernandoDuran_S30_f2de41,,,,,
2026-09-12T09:56:04-05:00,PUR_IED_HolguInUr_S1101_8cd732,PUR_IED_HolguInUr_S1101_8cd732,,,,,
2026-09-12T09:56:04-05:00,PUR_IED_HolguinUr_Exter_ddae6d,PUR_IED_HolguinUr_Exter_ddae6d,,,,,
2026-09-12T09:56:04-05:00,PUR_IED_HolguinUr_LabQuim_92b952,PUR_IED_HolguinUr_LabQuim_92b952,,,,,
2026-09-12T09:56:04-05:00,PUR_IED_Isabel-II_Ext_5245cc,PUR_IED_Isabel-II_Ext_5245cc,2,19,57,4.6336,-74.153
2026-09-12T09:56:04-05:00,PUR_IED_Isabel-II_S_idiom_1c29aa,PUR_IED_Isabel-II_S_idiom_1c29aa,,,,,
2026-09-12T09:56:04-05:00,PUR_IED_Isabel-II_S_infor_fd741,PUR_IED_Isabel-II_S_infor_fd741,,,,,
2026-09-12T09:56:04-05:00,PUR_IED_IsidroSur_Exterio_5b90ea,PUR_IED_IsidroSur_Exterio_5b90ea,,,,,
2026-09-12T09:56:04-05:00,PUR_IED_IsidroSur_LabTec_56697a,PUR_IED_IsidroSur_LabTec_56697a,,,,,
2026-09-12T09:56:04-05:00,PUR_IED_IsidroSur_Robotic_b7c38f,PUR_IED_IsidroSur_Robotic_b7c38f,,,,,
2026-09-12T09:56:04-05:00,PUR_IED_IsmaelPerd_Ext_7b6672,PUR_IED_IsmaelPerd_Ext_7b6672,,,,,
2026-09-12T09:56:04-05:00,PUR_IED_IsmaelPerd_Inform_306540,PUR_IED_IsmaelPerd_Inform_306540,,,,,
2026-09-12T09:56:04-05:00,PUR_IED_IsmaelPerd_S30_2e2c83,PUR_IED_IsmaelPerd_S30_2e2c83,,,,,
2026-09-12T09:56:04-05:00,PUR_IED_JLozano_Exter_432910,PUR_IED_JLozano_Exter_432910,,,,,
2026-09-12T09:56:04-05:00,PUR_IED_JLozano_salaMulti_df5125,PUR_IED_JLozano_salaMulti_df5125,,,,,
2026-09-12T09:56:04-05:00,PUR_IED_JMCordoba_206_86f80b,PUR_IED_JMCordoba_206_86f80b,,,,,
2026-09-12T09:56:04-05:00,PUR_IED_JMCordoba_Ext_27ad97,PUR_IED_JMCordoba_Ext_27ad97,,,,,
2026-09-12T09:56:04-05:00,PUR_IED_JMCordoba_S310_d59ab4,PUR_IED_JMCordoba_S310_d59ab4,,,,,
2026-09-12T09:56:04-05:00,PUR_IED_Japon_Ext_549100,PUR_IED_Japon_Ext_549100,,,,,
2026-09-12T09:56:04-05:00,PUR_IED_Japon_Laboratorio_bec51d,PUR_IED_Japon_Laboratorio_bec51d,,,,,
2026-09-12T09:56:04-05:00,PUR_IED_Japon_informatica_d99327,PUR_IED_Japon_informatica_d99327,,,,,
2026-09-12T09:56:04-05:00,PUR_IED_Jazmin_Ext_d27bda,PUR_IED_Jazmin_Ext_d27bda,,,,,
2026-09-12T09:56:04-05:00,PUR_IED_Jazmin_Fisica_8d14d7,PUR_IED_Jazmin_Fisica_8d14d7,,,,,
2026-09-12T09:56:04-05:00,PUR_IED_Jazmin_Quimica_801cb5,PUR_IED_Jazmin_Quimica_801cb5,,,,,
2026-09-12T09:56:04-05:00,PUR_IED_JorgeGaitan_Exter_f098d1,PUR_IED_JorgeGaitan_Exter_f098d1,,,,,
2026-09-12T09:56:04-05:00,PUR_IED_JorgeGaitan_STec1_dc9d1d,PUR_IED_JorgeGaitan_STec1_dc9d1d,,,,,
2026-09-12T09:56:04-05:00,PUR_IED_JorgeGaitan_STec2_281e69,PUR_IED_JorgeGaitan_STec2_281e69,,,,,
2026-09-12T09:56:04-05:00,PUR_IED_JorgeSoto_Exterio_d9d0a2,PUR_IED_JorgeSoto_Exterio_d9d0a2,,,,,
2026-09-12T09:56:04-05:00,PUR_IED_JorgeSoto_LabFisi_209c54,PUR_IED_JorgeSoto_LabFisi_209c54,,,,,
2026-09-12T09:56:04-05:00,PUR_IED_JorgeSoto_S103_27b51a,PUR_IED_JorgeSoto_S103_27b51a,,,,,
2026-09-12T09:56:04-05:00,PUR_IED_JoseAcevedo_A02_e965eb,PUR_IED_JoseAcevedo_A02_e965eb,,,,,
2026-09-12T09:56:04-05:00,PUR_IED_JoseAcevedo_A07_dd5b4,PUR_IED_JoseAcevedo_A07_dd5b4,,,,,
2026-09-12T09:56:04-05:00,PUR_IED_JoseAcevedo_Ext_b47484,PUR_IED_JoseAcevedo_Ext_b47484,,,,,
2026-09-12T09:56:04-05:00,PUR_IED_JoseMarti_Exte_5b9bf,PUR_IED_JoseMarti_Exte_5b9bf,,,,,
2026-09-12T09:56:04-05:00,PUR_IED_JoseMarti_LabQuim_1c6c2d,PUR_IED_JoseMarti_LabQuim_1c6c2d,,,,,
2026-09-12T09:56:04-05:00,PUR_IED_JoseMarti_S_info_f5f177,PUR_IED_JoseMarti_S_info_f5f177,,,,,
2026-09-12T09:56:04-05:00,PUR_IED_Josejoaquin_Ext_dfc5dc,PUR_IED_Josejoaquin_Ext_dfc5dc,,,,,
2026-09-12T09:56:04-05:00,PUR_IED_Josejoaquin_S05_5b2a96,PUR_IED_Josejoaquin_S05_5b2a96,,,,,
2026-09-12T09:56:04-05:00,PUR_IED_Josejoaquin_S06_1ce7d2,PUR_IED_Josejoaquin_S06_1ce7d2,,,,,
2026-09-12T09:56:04-05:00,PUR_IED_JulioFlorez_Danza_9b82dd,PUR_IED_JulioFlorez_Danza_9b82dd,,,,,
2026-09-12T09:56:04-05:00,PUR_IED_JulioFlorez_Exter_f9f314,PUR_IED_JulioFlorez_Exter_f9f314,,,,,
2026-09-12T09:56:04-05:00,PUR_IED_JulioFlorez_info2_6b6e08,PUR_IED_JulioFlorez_info2_6b6e08,,,,,
2026-09-12T09:56:04-05:00,PUR_IED_LaBelleza_Aula13_1d00d8,PUR_IED_LaBelleza_Aula13_1d00d8,,,,,
2026-09-12T09:56:04-05:00,PUR_IED_LaBelleza_Ext_7bc08c,PUR_IED_LaBelleza_Ext_7bc08c,,,,,
2026-09-12T09:56:04-05:00,PUR_IED_LaChucua_Ext_8cd6d2,PUR_IED_LaChucua_Ext_8cd6d2,,,,,
2026-09-12T09:56:04-05:00,PUR_IED_LaChucua_S15_f578ce,PUR_IED_LaChucua_S15_f578ce,,,,,
2026-09-12T09:56:04-05:00,PUR_IED_LaChucua_S16_eebcf9,PUR_IED_LaChucua_S16_eebcf9,,,,,
2026-09-12T09:56:04-05:00,PUR_IED_LaFelicidad_Ext_fb5109,PUR_IED_LaFelicidad_Ext_fb5109,,,,,
2026-09-12T09:56:04-05:00,PUR_IED_LaMerced_206_66ebd,PUR_IED_LaMerced_206_66ebd,,,,,
2026-09-12T09:56:04-05:00,PUR_IED_LaMerced_207_6ebd6,PUR_IED_LaMerced_207_6ebd6,,,,,
2026-09-12T09:56:04-05:00,PUR_IED_LaMerced_ext_304311,PUR_IED_LaMerced_ext_304311,,,,,
2026-09-12T09:56:04-05:00,PUR_IED_Laureano_CiencNat_281e5e,PUR_IED_Laureano_CiencNat_281e5e,,,,,
2026-09-12T09:56:04-05:00,PUR_IED_Laureano_Comedor_f65c0a,PUR_IED_Laureano_Comedor_f65c0a,,,,,
2026-09-12T09:56:04-05:00,PUR_IED_Laureano_Exterior_7ab011,PUR_IED_Laureano_Exterior_7ab011,,,,,
2026-09-12T09:56:04-05:00,PUR_IED_LeonGreiff_Exte_dfe560,PUR_IED_LeonGreiff_Exte_dfe560,,,,,
2026-09-12T09:56:04-05:00,PUR_IED_LeonGreiff_S210_f264ed,PUR_IED_LeonGreiff_S210_f264ed,,,,,
2026-09-12T09:56:04-05:00,PUR_IED_LeonGreiff_SQuimi_e8296f,PUR_IED_LeonGreiff_SQuimi_e8296f,,,,,
2026-09-12T09:56:04-05:00,PUR_IED_LlanoOrientalS208_7b9fcd,PUR_IED_LlanoOrientalS208_7b9fcd,,,,,
2026-09-12T09:56:04-05:00,PUR_IED_LlanoOriental_Ext_fb3766,PUR_IED_LlanoOriental_Ext_fb3766,,,,,
2026-09-12T09:56:04-05:00,PUR_IED_LlanoOriental_S208_7b9fcd,PUR_IED_LlanoOriental_S208_7b9fcd,,,,,
2026-09-12T09:56:04-05:00,PUR_IED_LlanoOriental_S9_27b378,PUR_IED_LlanoOriental_S9_27b378,,,,,
2026-09-12T09:56:04-05:00,PUR_IED_LosTejares_1101_477602,PUR_IED_LosTejares_1101_477602,,,,,
2026-09-12T09:56:04-05:00,PUR_IED_LosTejares_11_d2c595,PUR_IED_LosTejares_11_d2c595,,,,,
2026-09-12T09:56:04-05:00,PUR_IED_LosTejares_12_477602,PUR_IED_LosTejares_12_477602,,,,,
2026-09-12T09:56:04-05:00,PUR_IED_LosTejares_Ext_8e2115,PUR_IED_LosTejares_Ext_8e2115,,,,,
2026-09-12T09:56:04-05:00,PUR_IED_MagdalenaO_B202_5ddda3,PUR_IED_MagdalenaO_B202_5ddda3,,,,,
2026-09-12T09:56:04-05:00,PUR_IED_MagdalenaO_B205_fb76e8,PUR_IED_MagdalenaO_B205_fb76e8,,,,,
2026-09-12T09:56:04-05:00,PUR_IED_MagdalenaO_ext_dc69cd,PUR_IED_MagdalenaO_ext_dc69cd,,,,,
2026-09-12T09:56:04-05:00,PUR_IED_ManueCepeda_artes_eee956,PUR_IED_ManueCepeda_artes_eee956,,,,,
2026-09-12T09:56:04-05:00,PUR_IED_ManuelCepeda_Ext_58313,PUR_IED_ManuelCepeda_Ext_58313,,,,,
2026-09-12T09:56:04-05:00,PUR_IED_ManuelCepeda_tec_1c5731,PUR_IED_ManuelCepeda_tec_1c5731,,,,,
2026-09-12T09:56:04-05:00,PUR_IED_ManuelS_Exterior_5b269,PUR_IED_ManuelS_Exterior_5b269,,,,,
2026-09-12T09:56:04-05:00,PUR_IED_ManuelS_Inform_f369ce,PUR_IED_ManuelS_Inform_f369ce,,,,,
2026-09-12T09:56:04-05:00,PUR_IED_ManuelS_SArtes_7d15f1,PUR_IED_ManuelS_SArtes_7d15f1,,,,,
2026-09-12T09:56:04-05:00,PUR_IED_ManuelZapata_303_3ca6,PUR_IED_ManuelZapata_303_3ca6,,,,,
2026-09-12T09:56:04-05:00,PUR_IED_ManuelZapata_311_bfbabc,PUR_IED_ManuelZapata_311_bfbabc,,,,,
2026-09-12T09:56:04-05:00,PUR_IED_ManuelZapata_Ext_50824a,PUR_IED_ManuelZapata_Ext_50824a,,,,,
2026-09-12T09:56:04-05:00,PUR_IED_ManuelitaS_Exteri_656a92,PUR_IED_ManuelitaS_Exteri_656a92,,,,,
2026-09-12T09:56:04-05:00,PUR_IED_ManuelitaS_JuzgDe_f58ec3,PUR_IED_ManuelitaS_JuzgDe_f58ec3,,,,,
2026-09-12T09:56:04-05:00,PUR_IED_ManuelitaS_Recrea_d793db,PUR_IED_ManuelitaS_Recrea_d793db,,,,,
2026-09-12T09:56:04-05:00,PUR_IED_MarFidSuarez_Ext_c27b19,PUR_IED_MarFidSuarez_Ext_c27b19,,,,,
2026-09-12T09:56:04-05:00,PUR_IED_MarFidSuarez_Info_e384d7,PUR_IED_MarFidSuarez_Info_e384d7,,,,,
2026-09-12T09:56:04-05:00,PUR_IED_MarFidSuarez_S306_1d0032,PUR_IED_MarFidSuarez_S306_1d0032,,,,,
2026-09-12T09:56:04-05:00,PUR_IED_Menorah_301_2a25a3,PUR_IED_Menorah_301_2a25a3,,,,,
2026-09-12T09:56:04-05:00,PUR_IED_Menorah_306_37ed3,PUR_IED_Menorah_306_37ed3,,,,,
2026-09-12T09:56:04-05:00,PUR_IED_Menorah_Ext_3e155b,PUR_IED_Menorah_Ext_3e155b,,,,,
2026-09-12T09:56:04-05:00,PUR_IED_MinutoB.Aires_A11_1b1604,PUR_IED_MinutoB.Aires_A11_1b1604,,,,,
2026-09-12T09:56:04-05:00,PUR_IED_MinutoB.Aires_A12_fb5860,PUR_IED_MinutoB.Aires_A12_fb5860,,,,,
2026-09-12T09:56:04-05:00,PUR_IED_MinutoB.Aires_Ext_81293f,PUR_IED_MinutoB.Aires_Ext_81293f,,,,,
2026-09-12T09:56:04-05:00,PUR_IED_MinutoBAires_A11_1b1604,PUR_IED_MinutoBAires_A11_1b1604,,,,,
2026-09-12T09:56:04-05:00,PUR_IED_MinutoBAires_A12_fb5860,PUR_IED_MinutoBAires_A12_fb5860,,,,,
2026-09-12T09:56:04-05:00,PUR_IED_MinutoBAires_Ext_81293f,PUR_IED_MinutoBAires_Ext_81293f,,,,,
2026-09-12T09:56:04-05:00,PUR_IED_Montreal_Aula10_1e4959,PUR_IED_Montreal_Aula10_1e4959,,,,,
2026-09-12T09:56:04-05:00,PUR_IED_Montreal_Aula6_300367,PUR_IED_Montreal_Aula6_300367,,,,,
2026-09-12T09:56:04-05:00,PUR_IED_Montreal_Exterior_91a179,PUR_IED_Montreal_Exterior_91a179,,,,,
2026-09-12T09:56:04-05:00,PUR_IED_Mqgdalena_B202_5ddda3,PUR_IED_Mqgdalena_B202_5ddda3,,,,,
2026-09-12T09:56:04-05:00,PUR_IED_NACUND_Soc_dc8728,PUR_IED_NACUND_Soc_dc8728,,,,,
2026-09-12T09:56:04-05:00,PUR_IED_NACUND_ext_27ad97,PUR_IED_NACUND_ext_27ad97,,,,,
2026-09-12T09:56:04-05:00,PUR_IED_NEsperanza_Ext_d24b61,PUR_IED_NEsperanza_Ext_d24b61,,,,,
2026-09-12T09:56:04-05:00,PUR_IED_NEsperanza_SElect_7d1807,PUR_IED_NEsperanza_SElect_7d1807,,,,,
2026-09-12T09:56:04-05:00,PUR_IED_NEsperanza_SLabor_8b2d0a,PUR_IED_NEsperanza_SLabor_8b2d0a,,,,,
2026-09-12T09:56:04-05:00,PUR_IED_NacionesU_Ext_f661a9,PUR_IED_NacionesU_Ext_f661a9,,,,,
2026-09-12T09:56:04-05:00,PUR_IED_NacionesU_Quimica_66f0a,PUR_IED_NacionesU_Quimica_66f0a,,,,,
2026-09-12T09:56:04-05:00,PUR_IED_NacionesU_S306_1b4b3d,PUR_IED_NacionesU_S306_1b4b3d,,,,,
2026-09-12T09:56:04-05:00,PUR_IED_NestorFA_Ext_e4201c,PUR_IED_NestorFA_Ext_e4201c,,,,,
2026-09-12T09:56:04-05:00,PUR_IED_NestorFA_Laborato_f22fe0,PUR_IED_NestorFA_Laborato_f22fe0,,,,,
2026-09-12T09:56:04-05:00,PUR_IED_NestorFA_S204_dee996,PUR_IED_NestorFA_S204_dee996,,,,,
2026-09-12T09:56:04-05:00,PUR_IED_NidyaQT_Aula03_76999b,PUR_IED_NidyaQT_Aula03_76999b,,,,,
2026-09-12T09:56:04-05:00,PUR_IED_NidyaQT_Aula10_56325,PUR_IED_NidyaQT_Aula10_56325,,,,,
2026-09-12T09:56:04-05:00,PUR_IED_NidyaQT_Ext_46e32d,PUR_IED_NidyaQT_Ext_46e32d,,,,,
2026-09-12T09:56:04-05:00,PUR_IED_NuevaCol_Exterior_d9b859,PUR_IED_NuevaCol_Exterior_d9b859,,,,,
2026-09-12T09:56:04-05:00,PUR_IED_NuevaCol_S1101_76c43b,PUR_IED_NuevaCol_S1101_76c43b,,,,,
2026-09-12T09:56:04-05:00,PUR_IED_NuevaCol_S1102_1ce0b5,PUR_IED_NuevaCol_S1102_1ce0b5,,,,,
2026-09-12T09:56:04-05:00,PUR_IED_OEA_A202_f7e3f2,PUR_IED_OEA_A202_f7e3f2,,,,,
2026-09-12T09:56:04-05:00,PUR_IED_OEA_A203_7d1b8d,PUR_IED_OEA_A203_7d1b8d,,,,,
2026-09-12T09:56:04-05:00,PUR_IED_OEA_Ext_27b593,PUR_IED_OEA_Ext_27b593,,,,,
2026-09-12T09:56:04-05:00,PUR_IED_Ochoa_Ext_1c29da,PUR_IED_Ochoa_Ext_1c29da,,,,,
2026-09-12T09:56:04-05:00,PUR_IED_Ochoa_S205_8b1121,PUR_IED_Ochoa_S205_8b1121,,,,,
2026-09-12T09:56:04-05:00,PUR_IED_Ochoa_Sistemas_f33af6,PUR_IED_Ochoa_Sistemas_f33af6,,,,,
2026-09-12T09:56:04-05:00,PUR_IED_PQuebec_Ext_1c67c7,PUR_IED_PQuebec_Ext_1c67c7,,,,,
2026-09-12T09:56:04-05:00,PUR_IED_PQuebec_S15_23e8e2,PUR_IED_PQuebec_S15_23e8e2,,,,,
2026-09-12T09:56:04-05:00,PUR_IED_PQuebec_S16_8ec76b,PUR_IED_PQuebec_S16_8ec76b,,,,,
2026-09-12T09:56:04-05:00,PUR_IED_PabloN_Ext_49dc96,PUR_IED_PabloN_Ext_49dc96,,,,,
2026-09-12T09:56:04-05:00,PUR_IED_PabloN_S1102_4e3df5,PUR_IED_PabloN_S1102_4e3df5,,,,,
2026-09-12T09:56:04-05:00,PUR_IED_PabloN_S1103_50c94b,PUR_IED_PabloN_S1103_50c94b,,,,,
2026-09-12T09:56:04-05:00,PUR_IED_Palestina_S1101_db9198,PUR_IED_Palestina_S1101_db9198,,,,,
2026-09-12T09:56:04-05:00,PUR_IED_Palestina_S1102_dc54fa,PUR_IED_Palestina_S1102_dc54fa,,,,,
2026-09-12T09:56:04-05:00,PUR_IED_Palestina_ext_4ccce6,PUR_IED_Palestina_ext_4ccce6,,,,,
2026-09-12T09:56:04-05:00,PUR_IED_Panama_Fisica_4d0794,PUR_IED_Panama_Fisica_4d0794,,,,,
2026-09-12T09:56:04-05:00,PUR_IED_Panama_SIngles_a4077e,PUR_IED_Panama_SIngles_a4077e,,,,,
2026-09-12T09:56:04-05:00,PUR_IED_Panama_ext_4c54b4,PUR_IED_Panama_ext_4c54b4,,,,,
2026-09-12T09:56:04-05:00,PUR_IED_ParaisoM_Exterior_8cd7f0,PUR_IED_ParaisoM_Exterior_8cd7f0,,,,,
2026-09-12T09:56:04-05:00,PUR_IED_ParaisoM_Laborato_27af35,PUR_IED_ParaisoM_Laborato_27af35,,,,,
2026-09-12T09:56:04-05:00,PUR_IED_ParaisoM_S304_d1edca,PUR_IED_ParaisoM_S304_d1edca,,,,,
2026-09-12T09:56:04-05:00,PUR_IED_PorfirioBarba_Ext_301466,PUR_IED_PorfirioBarba_Ext_301466,,,,,
2026-09-12T09:56:04-05:00,PUR_IED_PorfirioBarba_S11_df6cd2,PUR_IED_PorfirioBarba_S11_df6cd2,,,,,
2026-09-12T09:56:04-05:00,PUR_IED_PorfirioBarba_S29_27a7d6,PUR_IED_PorfirioBarba_S29_27a7d6,,,,,
2026-09-12T09:56:04-05:00,PUR_IED_PradoV_Exter_8b27ad,PUR_IED_PradoV_Exter_8b27ad,,,,,
2026-09-12T09:56:04-05:00,PUR_IED_PradoV_S301_de65b5,PUR_IED_PradoV_S301_de65b5,,,,,
2026-09-12T09:56:04-05:00,PUR_IED_PradoV_S302_7d2593,PUR_IED_PradoV_S302_7d2593,,,,,
2026-09-12T09:56:04-05:00,PUR_IED_QuirogaAlz_Ext_1ddc82,PUR_IED_QuirogaAlz_Ext_1ddc82,,,,,
2026-09-12T09:56:04-05:00,PUR_IED_QuirogaAlz_S302_9926a3,PUR_IED_QuirogaAlz_S302_9926a3,,,,,
2026-09-12T09:56:04-05:00,PUR_IED_QuirogaAlz_S305_cdf1f1,PUR_IED_QuirogaAlz_S305_cdf1f1,,,,,
2026-09-12T09:56:04-05:00,PUR_IED_RGuatemala_Biling_dc53b7,PUR_IED_RGuatemala_Biling_dc53b7,,,,,
2026-09-12T09:56:04-05:00,PUR_IED_RGuatemala_Ext_1b89a3,PUR_IED_RGuatemala_Ext_1b89a3,,,,,
2026-09-12T09:56:04-05:00,PUR_IED_RGuatemala_Tecnol_281a34,PUR_IED_RGuatemala_Tecnol_281a34,,,,,
2026-09-12T09:56:04-05:00,PUR_IED_RafaNu_Ext_f7c302,PUR_IED_RafaNu_Ext_f7c302,,,,,
2026-09-12T09:56:04-05:00,PUR_IED_RafaNu_S1101_25fde,PUR_IED_RafaNu_S1101_25fde,,,,,
2026-09-12T09:56:04-05:00,PUR_IED_RafaNu_S1102_281517,PUR_IED_RafaNu_S1102_281517,,,,,
2026-09-12T09:56:04-05:00,PUR_IED_RafaelB_S305_ee2783,PUR_IED_RafaelB_S305_ee2783,,,,,
2026-09-12T09:56:04-05:00,PUR_IED_RafaelB_S306_75fe33,PUR_IED_RafaelB_S306_75fe33,,,,,
2026-09-12T09:56:04-05:00,PUR_IED_RafaelB_ext_283336,PUR_IED_RafaelB_ext_283336,2,20,57,4.6722,-74.0737
2026-09-12T09:56:04-05:00,PUR_IED_RafaelUU_Exterior_281a51,PUR_IED_RafaelUU_Exterior_281a51,,,,,
2026-09-12T09:56:04-05:00,PUR_IED_RafaelUU_Human_806b2,PUR_IED_RafaelUU_Human_806b2,,,,,
2026-09-12T09:56:04-05:00,PUR_IED_RafaelUU_Mate2_5680d4,PUR_IED_RafaelUU_Mate2_5680d4,,,,,
2026-09-12T09:56:04-05:00,PUR_IED_RamonSub_Ext_f9eeb9,PUR_IED_RamonSub_Ext_f9eeb9,,,,,
2026-09-12T09:56:04-05:00,PUR_IED_RamonSub_Media_d1f62f,PUR_IED_RamonSub_Media_d1f62f,,,,,
2026-09-12T09:56:04-05:00,PUR_IED_RamonSub_planta_51b82,PUR_IED_RamonSub_planta_51b82,,,,,
2026-09-12T09:56:04-05:00,PUR_IED_RepBoliVene_Exter_27af7c,PUR_IED_RepBoliVene_Exter_27af7c,,,,,
2026-09-12T09:56:04-05:00,PUR_IED_RepBoliVene_SCPT_5ae2ee,PUR_IED_RepBoliVene_SCPT_5ae2ee,,,,,
2026-09-12T09:56:04-05:00,PUR_IED_RepBoliVene_Socia_4b11d5,PUR_IED_RepBoliVene_Socia_4b11d5,,,,,
2026-09-12T09:56:04-05:00,PUR_IED_RepChina_Ext_76d9ee,PUR_IED_RepChina_Ext_76d9ee,,,,,
2026-09-12T09:56:04-05:00,PUR_IED_RepChina_S404_7c804c,PUR_IED_RepChina_S404_7c804c,,,,,
2026-09-12T09:56:04-05:00,PUR_IED_RepChina_S405_df2c33,PUR_IED_RepChina_S405_df2c33,,,,,
2026-09-12T09:56:04-05:00,PUR_IED_RepublicaC_Exteri_7d1ec9,PUR_IED_RepublicaC_Exteri_7d1ec9,,,,,
2026-09-12T09:56:04-05:00,PUR_IED_RepublicaC_S1101_f544b3,PUR_IED_RepublicaC_S1101_f544b3,,,,,
2026-09-12T09:56:04-05:00,PUR_IED_RepublicaC_S1102_7aafc7,PUR_IED_RepublicaC_S1102_7aafc7,,,,,
2026-09-12T09:56:04-05:00,PUR_IED_Ricaurte_Externo_a0ea1,PUR_IED_Ricaurte_Externo_a0ea1,,,,,
2026-09-12T09:56:04-05:00,PUR_IED_Ricaurte_S210_f546fd,PUR_IED_Ricaurte_S210_f546fd,,,,,
2026-09-12T09:56:04-05:00,PUR_IED_Ricaurte_S309_d4452,PUR_IED_Ricaurte_S309_d4452,,,,,
2026-09-12T09:56:04-05:00,PUR_IED_RogelioS_1102_531e69,PUR_IED_RogelioS_1102_531e69,,,,,
2026-09-12T09:56:04-05:00,PUR_IED_RogelioS_Ext_f25a18,PUR_IED_RogelioS_Ext_f25a18,,,,,
2026-09-12T09:56:04-05:00,PUR_IED_SBernardino_Ext_27aff8,PUR_IED_SBernardino_Ext_27aff8,,,,,
2026-09-12T09:56:04-05:00,PUR_IED_SBernardino_SArte_2ffd33,PUR_IED_SBernardino_SArte_2ffd33,,,,,
2026-09-12T09:56:04-05:00,PUR_IED_SBernardino_SIngl_7c7da5,PUR_IED_SBernardino_SIngl_7c7da5,,,,,
2026-09-12T09:56:04-05:00,PUR_IED_Sago_auditorio_dc9d1d,PUR_IED_Sago_auditorio_dc9d1d,,,,,
2026-09-12T09:56:04-05:00,PUR_IED_Saludcoop_Ext_95aac3,PUR_IED_Saludcoop_Ext_95aac3,,,,,
2026-09-12T09:56:04-05:00,PUR_IED_Saludcoop_InfI_90c854,PUR_IED_Saludcoop_InfI_90c854,,,,,
2026-09-12T09:56:04-05:00,PUR_IED_Saludcoop_SMedia_1b93be,PUR_IED_Saludcoop_SMedia_1b93be,,,,,
2026-09-12T09:56:04-05:00,PUR_IED_SanCarlos_1101_1a2360,PUR_IED_SanCarlos_1101_1a2360,,,,,
2026-09-12T09:56:04-05:00,PUR_IED_SanCarlos_1103_7bafb5,PUR_IED_SanCarlos_1103_7bafb5,,,,,
2026-09-12T09:56:04-05:00,PUR_IED_SanCarlos_Ext_b7cd1,PUR_IED_SanCarlos_Ext_b7cd1,,,,,
2026-09-12T09:56:04-05:00,PUR_IED_SanIgnacioBosa11a_50c26e,PUR_IED_SanIgnacioBosa11a_50c26e,,,,,
2026-09-12T09:56:04-05:00,PUR_IED_SanIgnacioBosa11b_371de8,PUR_IED_SanIgnacioBosa11b_371de8,,,,,
2026-09-12T09:56:04-05:00,PUR_IED_SanIgnacioBosaExt_ef0ffc,PUR_IED_SanIgnacioBosaExt_ef0ffc,,,,,
2026-09-12T09:56:04-05:00,PUR_IED_SanIgnacioBosa_11a_50c26e,PUR_IED_SanIgnacioBosa_11a_50c26e,,,,,
2026-09-12T09:56:04-05:00,PUR_IED_SanIgnacioBosa_Ext_ef0ffc,PUR_IED_SanIgnacioBosa_Ext_ef0ffc,,,,,
2026-09-12T09:56:04-05:00,PUR_IED_SanJoseN_intS1101_31c47f,PUR_IED_SanJoseN_intS1101_31c47f,,,,,
2026-09-12T09:56:04-05:00,PUR_IED_SanJoseUsm_Exter_f5d7e8,PUR_IED_SanJoseUsm_Exter_f5d7e8,,,,,
2026-09-12T09:56:04-05:00,PUR_IED_SanJoseUsm_Int11A_cfdef6,PUR_IED_SanJoseUsm_Int11A_cfdef6,,,,,
2026-09-12T09:56:04-05:00,PUR_IED_SilveriaR_IntB5_905349,PUR_IED_SilveriaR_IntB5_905349,,,,,
2026-09-12T09:56:04-05:00,PUR_IED_SilveriaR_IntSD14_981f93,PUR_IED_SilveriaR_IntSD14_981f93,,,,,
2026-09-12T09:56:04-05:00,PUR_IED_SilveriaR_ext_2b651d,PUR_IED_SilveriaR_ext_2b651d,,,,,
2026-09-12T09:56:04-05:00,PUR_IED_SimonB_Exterior_913975,PUR_IED_SimonB_Exterior_913975,,,,,
2026-09-12T09:56:04-05:00,PUR_IED_SimonB_LabQuimi_c56908,PUR_IED_SimonB_LabQuimi_c56908,,,,,
2026-09-12T09:56:04-05:00,PUR_IED_SimonB_informatic_a28c1,PUR_IED_SimonB_informatic_a28c1,,,,,
2026-09-12T09:56:04-05:00,PUR_IED_Sorrento_1102_315f50,PUR_IED_Sorrento_1102_315f50,,,,,
2026-09-12T09:56:04-05:00,PUR_IED_Sorrento_Minte_214eab,PUR_IED_Sorrento_Minte_214eab,,,,,
2026-09-12T09:56:04-05:00,PUR_IED_Sorrento_ext_7c3a0a,PUR_IED_Sorrento_ext_7c3a0a,,,,,
2026-09-12T09:56:04-05:00,PUR_IED_Tabora_Ext_f048ae,PUR_IED_Tabora_Ext_f048ae,,,,,
2026-09-12T09:56:04-05:00,PUR_IED_Tabora_S1102_b07752,PUR_IED_Tabora_S1102_b07752,,,,,
2026-09-12T09:56:04-05:00,PUR_IED_Tabora_S1103_d988f5,PUR_IED_Tabora_S1103_d988f5,,,,,
2026-09-12T09:56:04-05:00,PUR_IED_Tenerife_Ext_1ab188,PUR_IED_Tenerife_Ext_1ab188,,,,,
2026-09-12T09:56:04-05:00,PUR_IED_Tenerife_SDanzas_7bc02e,PUR_IED_Tenerife_SDanzas_7bc02e,,,,,
2026-09-12T09:56:04-05:00,PUR_IED_Tenerife_SIngles_7cc277,PUR_IED_Tenerife_SIngles_7cc277,,,,,
2026-09-12T09:56:04-05:00,PUR_IED_Tibabuyes_Exter_f2683d,PUR_IED_Tibabuyes_Exter_f2683d,,,,,
2026-09-12T09:56:04-05:00,PUR_IED_Tibabuyes_S10_dc87a8,PUR_IED_Tibabuyes_S10_dc87a8,,,,,
2026-09-12T09:56:04-05:00,PUR_IED_Tibabuyes_S15_dc0526,PUR_IED_Tibabuyes_S15_dc0526,,,,,
2026-09-12T09:56:04-05:00,PUR_IED_UnionE_S301_a1043,PUR_IED_UnionE_S301_a1043,,,,,
2026-09-12T09:56:04-05:00,PUR_IED_UnionE_S307_ff6c2f,PUR_IED_UnionE_S307_ff6c2f,,,,,
2026-09-12T09:56:04-05:00,PUR_IED_UnionE__Ext_5e2468,PUR_IED_UnionE__Ext_5e2468,,,,,
2026-09-12T09:56:04-05:00,PUR_IED_VillaRica_Ext_75be7c,PUR_IED_VillaRica_Ext_75be7c,,,,,
2026-09-12T09:56:04-05:00,PUR_IED_VillaRica_S4_cc5dcd,PUR_IED_VillaRica_S4_cc5dcd,,,,,
2026-09-12T09:56:04-05:00,PUR_IED_VillaRica_Sesp_99f5c,PUR_IED_VillaRica_Sesp_99f5c,,,,,
2026-09-12T10:01:16-05:00,PUR_IED_20deJulio_1101_91b1b9,PUR_IED_20deJulio_1101_91b1b9,,,,,
2026-09-12T10:01:16-05:00,PUR_IED_20deJulio_1102_1cfcf9,PUR_IED_20deJulio_1102_1cfcf9,,,,,
2026-09-12T10:01:16-05:00,PUR_IED_20deJulio_Ext_ab60bd,PUR_IED_20deJulio_Ext_ab60bd,,,,,
2026-09-12T10:01:16-05:00,PUR_IED_AgustinFer_Ext_7b9b77,PUR_IED_AgustinFer_Ext_7b9b77,,,,,
2026-09-12T10:01:16-05:00,PUR_IED_AgustinFer_Info2_27b3a7,PUR_IED_AgustinFer_Info2_27b3a7,,,,,
2026-09-12T10:01:16-05:00,PUR_IED_AgustinFer_Sena_54b4eb,PUR_IED_AgustinFer_Sena_54b4eb,,,,,
2026-09-12T10:01:16-05:00,PUR_IED_AlexanderF_1102_caf07b,PUR_IED_AlexanderF_1102_caf07b,,,,,
2026-09-12T10:01:16-05:00,PUR_IED_AlexanderF_1103_c79e71,PUR_IED_AlexanderF_1103_c79e71,,,,,
2026-09-12T10:01:16-05:00,PUR_IED_AlexanderF_Ext_c5b18b,PUR_IED_AlexanderF_Ext_c5b18b,,,,,
2026-09-12T10:01:16-05:00,PUR_IED_AlfonsoLopez_Ext_281d77,PUR_IED_AlfonsoLopez_Ext_281d77,,,,,
2026-09-12T10:01:16-05:00,PUR_IED_AlfonsoLopez_LabF_888ce0,PUR_IED_AlfonsoLopez_LabF_888ce0,,,,,
2026-09-12T10:01:16-05:00,PUR_IED_AlfonsoLopez_SMed_df6a7f,PUR_IED_AlfonsoLopez_SMed_df6a7f,,,,,
2026-09-12T10:01:16-05:00,PUR_IED_AltamiraSO_A2_209f92,PUR_IED_AltamiraSO_A2_209f92,,,,,
2026-09-12T10:01:16-05:00,PUR_IED_AltamiraSO_Ext_186d66,PUR_IED_AltamiraSO_Ext_186d66,,,,,
2026-09-12T10:01:16-05:00,PUR_IED_AltamiraSO_Sistem_27afe1,PUR_IED_AltamiraSO_Sistem_27afe1,,,,,
2026-09-12T10:01:16-05:00,PUR_IED_AlvaroGom_LabQuim_813179,PUR_IED_AlvaroGom_LabQuim_813179,,,,,
2026-09-12T10:01:16-05:00,PUR_IED_AlvaroGomez_Ext_47c7ca,PUR_IED_AlvaroGomez_Ext_47c7ca,,,,,
2026-09-12T10:01:16-05:00,PUR_IED_AlvaroGomez_LabQuim_813179,PUR_IED_AlvaroGomez_LabQuim_813179,,,,,
2026-09-12T10:01:16-05:00,PUR_IED_AlvaroGomez_S23_7ba89f,PUR_IED_AlvaroGomez_S23_7ba89f,,,,,
2026-09-12T10:01:16-05:00,PUR_IED_Amistad_306_dc8728,PUR_IED_Amistad_306_dc8728,,,,,
2026-09-12T10:01:16-05:00,PUR_IED_Amistad_Ext_8cd55e,PUR_IED_Amistad_Ext_8cd55e,,,,,
2026-09-12T10:01:16-05:00,PUR_IED_Amistad_S202_a41169,PUR_IED_Amistad_S202_a41169,,,,,
2026-09-12T10:01:16-05:00,PUR_IED_AndresBello_Bio_fd5f5e,PUR_IED_AndresBello_Bio_fd5f5e,,,,,
2026-09-12T10:01:16-05:00,PUR_IED_AndresBello_ext_dcad65,PUR_IED_AndresBello_ext_dcad65,,,,,
2026-09-12T10:01:16-05:00,PUR_IED_AndresBello_port_eed3ec,PUR_IED_AndresBello_port_eed3ec,,,,,
2026-09-12T10:01:16-05:00,PUR_IED_AngelaR_11b_d90a6b,PUR_IED_AngelaR_11b_d90a6b,,,,,
2026-09-12T10:01:16-05:00,PUR_IED_AngelaR_ext_7cad3e,PUR_IED_AngelaR_ext_7cad3e,,,,,
2026-09-12T10:01:16-05:00,PUR_IED_AntJoseSucre_10mo_df2575,PUR_IED_AntJoseSucre_10mo_df2575,,,,,
2026-09-12T10:01:16-05:00,PUR_IED_AntJoseSucre_Ext_215b36,PUR_IED_AntJoseSucre_Ext_215b36,,,,,
2026-09-12T10:01:16-05:00,PUR_IED_AntJoseSucre_Lab_3139de,PUR_IED_AntJoseSucre_Lab_3139de,,,,,
2026-09-12T10:01:16-05:00,PUR_IED_AntonioGarcia_301_d6b188,PUR_IED_AntonioGarcia_301_d6b188,,,,,
2026-09-12T10:01:16-05:00,PUR_IED_AntonioGarcia_302_88a82,PUR_IED_AntonioGarcia_302_88a82,,,,,
2026-09-12T10:01:16-05:00,PUR_IED_AntonioGarcia_Ext_20950c,PUR_IED_AntonioGarcia_Ext_20950c,,,,,
2026-09-12T10:01:16-05:00,PUR_IED_AntonioVan_Aula2_6dea02,PUR_IED_AntonioVan_Aula2_6dea02,,,,,
2026-09-12T10:01:16-05:00,PUR_IED_AntonioVan_Aula5_f1557e,PUR_IED_AntonioVan_Aula5_f1557e,,,,,
2026-09-12T10:01:16-05:00,PUR_IED_AntonioVan_Ext_406f2f,PUR_IED_AntonioVan_Ext_406f2f,,,,,
2026-09-12T10:01:16-05:00,PUR_IED_Atabanzha_Ext_cc5af9,PUR_IED_Atabanzha_Ext_cc5af9,,,,,
2026-09-12T10:01:16-05:00,PUR_IED_Atabanzha_SA101_56c37,PUR_IED_Atabanzha_SA101_56c37,,,,,
2026-09-12T10:01:16-05:00,PUR_IED_Atabanzha_SB302_27b374,PUR_IED_Atabanzha_SB302_27b374,,,,,
2026-09-12T10:01:16-05:00,PUR_IED_Atahualpa_Ext_fc1748,PUR_IED_Atahualpa_Ext_fc1748,,,,,
2026-09-12T10:01:16-05:00,PUR_IED_Atahualpa_Informa_dc9a95,PUR_IED_Atahualpa_Informa_dc9a95,,,,,
2026-09-12T10:01:16-05:00,PUR_IED_Atahualpa_S1101_f98056,PUR_IED_Atahualpa_S1101_f98056,,,,,
2026-09-12T10:01:16-05:00,PUR_IED_Bellavista_Ext_f5aa74,PUR_IED_Bellavista_Ext_f5aa74,,,,,
2026-09-12T10:01:16-05:00,PUR_IED_Bilbao_11A_916c41,PUR_IED_Bilbao_11A_916c41,,,,,
2026-09-12T10:01:16-05:00,PUR_IED_Bilbao_Ext_fb579a,PUR_IED_Bilbao_Ext_fb579a,,,,,
2026-09-12T10:01:16-05:00,PUR_IED_BrasiliaU_A125_304280,PUR_IED_BrasiliaU_A125_304280,,,,,
2026-09-12T10:01:16-05:00,PUR_IED_BrasiliaU_A203_7c8ca5,PUR_IED_BrasiliaU_A203_7c8ca5,,,,,
2026-09-12T10:01:16-05:00,PUR_IED_BrasiliaU_Ext_8d6e9f,PUR_IED_BrasiliaU_Ext_8d6e9f,4,18,64,4.5175,-74.116302
2026-09-12T10:01:16-05:00,PUR_IED_Brasilia_Ext_fe6593,PUR_IED_Brasilia_Ext_fe6593,,,,,
2026-09-12T10:01:16-05:00,PUR_IED_Brasilia_S24_7c130d,PUR_IED_Brasilia_S24_7c130d,,,,,
2026-09-12T10:01:16-05:00,PUR_IED_Brasilia_S501_186a54,PUR_IED_Brasilia_S501_186a54,,,,,
2026-09-12T10:01:16-05:00,PUR_IED_CHARRY_EXT_f1d5cd,PUR_IED_CHARRY_EXT_f1d5cd,,,,,
2026-09-12T10:01:16-05:00,PUR_IED_CHARRY_INTDANZAS_7a08e6,PUR_IED_CHARRY_INTDANZAS_7a08e6,,,,,
2026-09-12T10:01:16-05:00,PUR_IED_CHARRY_INT_AULA20_dc998d,PUR_IED_CHARRY_INT_AULA20_dc998d,,,,,
2026-09-12T10:01:16-05:00,PUR_IED_COLVIV_1101_S25_7f520a,PUR_IED_COLVIV_1101_S25_7f520a,,,,,
2026-09-12T10:01:16-05:00,PUR_IED_COLVIV_1102_S16_f570ba,PUR_IED_COLVIV_1102_S16_f570ba,,,,,
2026-09-12T10:01:16-05:00,PUR_IED_COLVIV_Ext_1a26fa,PUR_IED_COLVIV_Ext_1a26fa,,,,,
2026-09-12T10:01:16-05:00,PUR_IED_CULPOP_301A_f660f3,PUR_IED_CULPOP_301A_f660f3,,,,,
2026-09-12T10:01:16-05:00,PUR_IED_CULPOP_303_568afe,PUR_IED_CULPOP_303_568afe,,,,,
2026-09-12T10:01:16-05:00,PUR_IED_CULPOP_Ext_e02ccb,PUR_IED_CULPOP_Ext_e02ccb,,,,,
2026-09-12T10:01:16-05:00,PUR_IED_CVillavicen_Ext_26eb58,PUR_IED_CVillavicen_Ext_26eb58,6,16,79,4.487,-74.102798
2026-09-12T10:01:16-05:00,PUR_IED_CVillavicen_Intel_1ce5c2,PUR_IED_CVillavicen_Intel_1ce5c2,,,,,
2026-09-12T10:01:16-05:00,PUR_IED_CVillavicen_Poliv_e0766c,PUR_IED_CVillavicen_Poliv_e0766c,,,,,
2026-09-12T10:01:16-05:00,PUR_IED_CVillavicen_int_1ba140,PUR_IED_CVillavicen_int_1ba140,,,,,
2026-09-12T10:01:16-05:00,PUR_IED_CVillavicen_intel_1ba140,PUR_IED_CVillavicen_intel_1ba140,,,,,
2026-09-12T10:01:16-05:00,PUR_IED_CarlosPizarro_Ext_e307cc,PUR_IED_CarlosPizarro_Ext_e307cc,,,,,
2026-09-12T10:01:16-05:00,PUR_IED_CarlosPizarro_L36_7e5cdb,PUR_IED_CarlosPizarro_L36_7e5cdb,,,,,
2026-09-12T10:01:16-05:00,PUR_IED_CarlosPizarro_L37_c8566c,PUR_IED_CarlosPizarro_L37_c8566c,,,,,
2026-09-12T10:01:16-05:00,PUR_IED_Castilla_Ext_cf35f,PUR_IED_Castilla_Ext_cf35f,,,,,
2026-09-12T10:01:16-05:00,PUR_IED_Castilla_SFisik_360e38,PUR_IED_Castilla_SFisik_360e38,,,,,
2026-09-12T10:01:16-05:00,PUR_IED_Castilla_Sc304_496fbf,PUR_IED_Castilla_Sc304_496fbf,,,,,
2026-09-12T10:01:16-05:00,PUR_IED_CervantesSa_Ext_6b57b,PUR_IED_CervantesSa_Ext_6b57b,4,18,68,4.5128,-74.117203
2026-09-12T10:01:16-05:00,PUR_IED_CervantesSa_S107_225c2b,PUR_IED_CervantesSa_S107_225c2b,,,,,
2026-09-12T10:01:16-05:00,PUR_IED_CervantesSa_S108_940925,PUR_IED_CervantesSa_S108_940925,,,,,
2026-09-12T10:01:16-05:00,PUR_IED_Charry_A20_f53e7c,PUR_IED_Charry_A20_f53e7c,,,,,
2026-09-12T10:01:16-05:00,PUR_IED_Charry_Ext_f1d5cd,PUR_IED_Charry_Ext_f1d5cd,,,,,
2026-09-12T10:01:16-05:00,PUR_IED_Charry_IntAula20_dc998d,PUR_IED_Charry_IntAula20_dc998d,,,,,
2026-09-12T10:01:16-05:00,PUR_IED_Charry_IntDanzas_7a08e6,PUR_IED_Charry_IntDanzas_7a08e6,,,,,
2026-09-12T10:01:16-05:00,PUR_IED_ClememciaC_203_43e2fc,PUR_IED_ClememciaC_203_43e2fc,,,,,
2026-09-12T10:01:16-05:00,PUR_IED_ClememciaC_Ext_1b411a,PUR_IED_ClememciaC_Ext_1b411a,,,,,
2026-09-12T10:01:16-05:00,PUR_IED_ClememciaC_Quimic_44b5fc,PUR_IED_ClememciaC_Quimic_44b5fc,,,,,
2026-09-12T10:01:16-05:00,PUR_IED_ClemenciaC_203_43e2fc,PUR_IED_ClemenciaC_203_43e2fc,,,,,
2026-09-12T10:01:16-05:00,PUR_IED_ClemenciaC_Ext_1b411a,PUR_IED_ClemenciaC_Ext_1b411a,,,,,
2026-09-12T10:01:16-05:00,PUR_IED_ClemenciaC_Quimic_44b5fc,PUR_IED_ClemenciaC_Quimic_44b5fc,,,,,
2026-09-12T10:01:16-05:00,PUR_IED_ColViva_1101_S25_7f520a,PUR_IED_ColViva_1101_S25_7f520a,,,,,
2026-09-12T10:01:16-05:00,PUR_IED_ColViva_1102_S16_f570ba,PUR_IED_ColViva_1102_S16_f570ba,,,,,
2026-09-12T10:01:16-05:00,PUR_IED_ColViva_Ext_1a26fa,PUR_IED_ColViva_Ext_1a26fa,,,,,
2026-09-12T10:01:16-05:00,PUR_IED_ColegioBici_Asist_7c8798,PUR_IED_ColegioBici_Asist_7c8798,,,,,
2026-09-12T10:01:16-05:00,PUR_IED_ColegioBici_Ext_25cbf6,PUR_IED_ColegioBici_Ext_25cbf6,,,,,
2026-09-12T10:01:16-05:00,PUR_IED_ColegioBici_LabQ_7b57db,PUR_IED_ColegioBici_LabQ_7b57db,,,,,
2026-09-12T10:01:16-05:00,PUR_IED_CostaRica_Ext_5e640,PUR_IED_CostaRica_Ext_5e640,,,,,
2026-09-12T10:01:16-05:00,PUR_IED_CostaRica_Quim1_766d1c,PUR_IED_CostaRica_Quim1_766d1c,,,,,
2026-09-12T10:01:16-05:00,PUR_IED_CostaRica__Fisica_6f0873,PUR_IED_CostaRica__Fisica_6f0873,,,,,
2026-09-12T10:01:16-05:00,PUR_IED_CulPopu_301A_f660f3,PUR_IED_CulPopu_301A_f660f3,,,,,
2026-09-12T10:01:16-05:00,PUR_IED_CulPopu_303_568afe,PUR_IED_CulPopu_303_568afe,,,,,
2026-09-12T10:01:16-05:00,PUR_IED_CulPopu_Ext_e02ccb,PUR_IED_CulPopu_Ext_e02ccb,,,,,
2026-09-12T10:01:16-05:00,PUR_IED_Cundinamarca_Ext_f15985,PUR_IED_Cundinamarca_Ext_f15985,,,,,
2026-09-12T10:01:16-05:00,PUR_IED_Cundinamarca_Info_7aa5d7,PUR_IED_Cundinamarca_Info_7aa5d7,,,,,
2026-09-12T10:01:16-05:00,PUR_IED_Cundinamarca_Tec2_f449c7,PUR_IED_Cundinamarca_Tec2_f449c7,,,,,
2026-09-12T10:01:16-05:00,PUR_IED_DiegoM_Aula1_27b314,PUR_IED_DiegoM_Aula1_27b314,,,,,
2026-09-12T10:01:16-05:00,PUR_IED_DiegoM_Ext_d80ac8,PUR_IED_DiegoM_Ext_d80ac8,,,,,
2026-09-12T10:01:16-05:00,PUR_IED_DiegoM_S25_da928f,PUR_IED_DiegoM_S25_da928f,,,,,
2026-09-12T10:01:16-05:00,PUR_IED_ELRODEO_360881,PUR_IED_ELRODEO_360881,,,,,
2026-09-12T10:01:16-05:00,PUR_IED_ELRODEO_ext_360881,PUR_IED_ELRODEO_ext_360881,,,,,
2026-09-12T10:01:16-05:00,PUR_IED_EduardoU_Ext_1c1969,PUR_IED_EduardoU_Ext_1c1969,,,,,
2026-09-12T10:01:16-05:00,PUR_IED_EduardoU_SCiencia_4dfb94,PUR_IED_EduardoU_SCiencia_4dfb94,,,,,
2026-09-12T10:01:16-05:00,PUR_IED_EduardoU_SQuimica_5a46e7,PUR_IED_EduardoU_SQuimica_5a46e7,,,,,
2026-09-12T10:01:16-05:00,PUR_IED_ElRodeo_Aula14_676984,PUR_IED_ElRodeo_Aula14_676984,,,,,
2026-09-12T10:01:16-05:00,PUR_IED_ElRodeo_Aula16_2dd35b,PUR_IED_ElRodeo_Aula16_2dd35b,,,,,
2026-09-12T10:01:16-05:00,PUR_IED_ElRodeo_Ext_360881,PUR_IED_ElRodeo_Ext_360881,,,,,
2026-09-12T10:01:16-05:00,PUR_IED_ElRodeo_Exterior_8c6d28,PUR_IED_ElRodeo_Exterior_8c6d28,,,,,
2026-09-12T10:01:16-05:00,PUR_IED_ElRodeo_ext_360881,PUR_IED_ElRodeo_ext_360881,,,,,
2026-09-12T10:01:16-05:00,PUR_IED_EmmaReyes_Ext_987625,PUR_IED_EmmaReyes_Ext_987625,2,21,51,4.6367,-74.1511
2026-09-12T10:01:16-05:00,PUR_IED_Ensueño_Ext_7f0250,PUR_IED_Ensueño_Ext_7f0250,,,,,
2026-09-12T10:01:16-05:00,PUR_IED_EscNormal_Ext_5fef3b,PUR_IED_EscNormal_Ext_5fef3b,2,20,57,4.5852,-74.096901
2026-09-12T10:01:16-05:00,PUR_IED_EscNormal_S309_5b263,PUR_IED_EscNormal_S309_5b263,,,,,
2026-09-12T10:01:16-05:00,PUR_IED_EscNormal_S310_27b3b8,PUR_IED_EscNormal_S310_27b3b8,,,,,
2026-09-12T10:01:16-05:00,PUR_IED_Evangelista_Conta_f6cd4f,PUR_IED_Evangelista_Conta_f6cd4f,,,,,
2026-09-12T10:01:16-05:00,PUR_IED_Evangelista_Cri_5e16a,PUR_IED_Evangelista_Cri_5e16a,,,,,
2026-09-12T10:01:16-05:00,PUR_IED_Evangelista_Exter_754066,PUR_IED_Evangelista_Exter_754066,,,,,
2026-09-12T10:01:16-05:00,PUR_IED_FMiranda_S209_5cc2a3,PUR_IED_FMiranda_S209_5cc2a3,,,,,
2026-09-12T10:01:16-05:00,PUR_IED_FMiranda_S303_19e344,PUR_IED_FMiranda_S303_19e344,,,,,
2026-09-12T10:01:16-05:00,PUR_IED_FMiranda_ext_f53e7c,PUR_IED_FMiranda_ext_f53e7c,,,,,
2026-09-12T10:01:16-05:00,PUR_IED_FabioLozano_Bibli_1cee05,PUR_IED_FabioLozano_Bibli_1cee05,,,,,
2026-09-12T10:01:16-05:00,PUR_IED_FabioLozano_Ext_6ea285,PUR_IED_FabioLozano_Ext_6ea285,,,,,
2026-09-12T10:01:16-05:00,PUR_IED_FabioLozano_SLudi_f09e1e,PUR_IED_FabioLozano_SLudi_f09e1e,,,,,
2026-09-12T10:01:16-05:00,PUR_IED_FaustinoS_Aula07_27a731,PUR_IED_FaustinoS_Aula07_27a731,,,,,
2026-09-12T10:01:16-05:00,PUR_IED_FaustinoS_Ext_7b936f,PUR_IED_FaustinoS_Ext_7b936f,,,,,
2026-09-12T10:01:16-05:00,PUR_IED_FaustinoS_Fisica_da2c60,PUR_IED_FaustinoS_Fisica_da2c60,,,,,
2026-09-12T10:01:16-05:00,PUR_IED_FeGarciaLo_Ext_dc68ee,PUR_IED_FeGarciaLo_Ext_dc68ee,,,,,
2026-09-12T10:01:16-05:00,PUR_IED_FeGarciaLo_SDanza_f70a59,PUR_IED_FeGarciaLo_SDanza_f70a59,,,,,
2026-09-12T10:01:16-05:00,PUR_IED_FeGarciaLo_SMusic_125cdd,PUR_IED_FeGarciaLo_SMusic_125cdd,,,,,
2026-09-12T10:01:16-05:00,PUR_IED_FederalAlema_Exte_50c345,PUR_IED_FederalAlema_Exte_50c345,,,,,
2026-09-12T10:01:16-05:00,PUR_IED_FederalAlema_S31_f18371,PUR_IED_FederalAlema_S31_f18371,,,,,
2026-09-12T10:01:16-05:00,PUR_IED_FederalAlema_S901_a62cd,PUR_IED_FederalAlema_S901_a62cd,,,,,
2026-09-12T10:01:16-05:00,PUR_IED_FilarmonicaS_A5_f35eb1,PUR_IED_FilarmonicaS_A5_f35eb1,,,,,
2026-09-12T10:01:16-05:00,PUR_IED_FilarmonicaS_Ext_8a3bde,PUR_IED_FilarmonicaS_Ext_8a3bde,,,,,
2026-09-12T10:01:16-05:00,PUR_IED_FilarmonicaS_Spol_406114,PUR_IED_FilarmonicaS_Spol_406114,,,,,
2026-09-12T10:01:16-05:00,PUR_IED_FlorentinoG_A13_d1fa59,PUR_IED_FlorentinoG_A13_d1fa59,,,,,
2026-09-12T10:01:16-05:00,PUR_IED_FlorentinoG_Ext_1ce6ce,PUR_IED_FlorentinoG_Ext_1ce6ce,,,,,
2026-09-12T10:01:16-05:00,PUR_IED_FlorentinoG_Idiom_a66aac,PUR_IED_FlorentinoG_Idiom_a66aac,,,,,
2026-09-12T10:01:16-05:00,PUR_IED_FranciscoMati_Ext_e3869d,PUR_IED_FranciscoMati_Ext_e3869d,,,,,
2026-09-12T10:01:16-05:00,PUR_IED_FranciscoMati_S13_f31c67,PUR_IED_FranciscoMati_S13_f31c67,,,,,
2026-09-12T10:01:16-05:00,PUR_IED_FranciscoMati_S14_97dead,PUR_IED_FranciscoMati_S14_97dead,,,,,
2026-09-12T10:01:16-05:00,PUR_IED_FranciscoPS_Ext_7bfa9a,PUR_IED_FranciscoPS_Ext_7bfa9a,2,22,54,4.5899,-74.110397
2026-09-12T10:01:16-05:00,PUR_IED_FranciscoPS_Infor_fb8f4c,PUR_IED_FranciscoPS_Infor_fb8f4c,,,,,
2026-09-12T10:01:16-05:00,PUR_IED_FranciscoPS_Quimi_94d39c,PUR_IED_FranciscoPS_Quimi_94d39c,,,,,
2026-09-12T10:01:16-05:00,PUR_IED_FranciscoP_LabQ_d7e148,PUR_IED_FranciscoP_LabQ_d7e148,,,,,
2026-09-12T10:01:16-05:00,PUR_IED_FranciscoP_S28_cf9b30,PUR_IED_FranciscoP_S28_cf9b30,,,,,
2026-09-12T10:01:16-05:00,PUR_IED_FranciscoP_ext_e2313,PUR_IED_FranciscoP_ext_e2313,,,,,
2026-09-12T10:01:16-05:00,PUR_IED_FriederichN_Ext_8ac92a,PUR_IED_FriederichN_Ext_8ac92a,,,,,
2026-09-12T10:01:16-05:00,PUR_IED_FriederichN_S301_dd7e5a,PUR_IED_FriederichN_S301_dd7e5a,,,,,
2026-09-12T10:01:16-05:00,PUR_IED_FriederichN_S308_761f4f,PUR_IED_FriederichN_S308_761f4f,,,,,
2026-09-12T10:01:16-05:00,PUR_IED_GSantander_Aula10_533dd7,PUR_IED_GSantander_Aula10_533dd7,,,,,
2026-09-12T10:01:16-05:00,PUR_IED_GSantander_Aula12_fd4e4f,PUR_IED_GSantander_Aula12_fd4e4f,,,,,
2026-09-12T10:01:16-05:00,PUR_IED_GSantander_Aula310_533dd7,PUR_IED_GSantander_Aula310_533dd7,,,,,
2026-09-12T10:01:16-05:00,PUR_IED_GSantander_Aula312_fd4e4f,PUR_IED_GSantander_Aula312_fd4e4f,,,,,
2026-09-12T10:01:16-05:00,PUR_IED_GSantander_Ext_5f66b0,PUR_IED_GSantander_Ext_5f66b0,,,,,
2026-09-12T10:01:16-05:00,PUR_IED_GYomasa_Ext_f6bea5,PUR_IED_GYomasa_Ext_f6bea5,,,,,
2026-09-12T10:01:16-05:00,PUR_IED_GYomasa_LBiol_2c41aa,PUR_IED_GYomasa_LBiol_2c41aa,,,,,
2026-09-12T10:01:16-05:00,PUR_IED_GYomasa_LQuim_33c80,PUR_IED_GYomasa_LQuim_33c80,,,,,
2026-09-12T10:01:16-05:00,PUR_IED_GabBetMejia_Cienc_5a99c,PUR_IED_GabBetMejia_Cienc_5a99c,,,,,
2026-09-12T10:01:16-05:00,PUR_IED_GabBetMejia_Ext_9153d0,PUR_IED_GabBetMejia_Ext_9153d0,,,,,
2026-09-12T10:01:16-05:00,PUR_IED_GabBetMejia_Lab_f55347,PUR_IED_GabBetMejia_Lab_f55347,,,,,
2026-09-12T10:01:16-05:00,PUR_IED_GabBetanMejia_Ext_9153d0,PUR_IED_GabBetanMejia_Ext_9153d0,,,,,
2026-09-12T10:01:16-05:00,PUR_IED_Gaitana_Aula13_7aac11,PUR_IED_Gaitana_Aula13_7aac11,,,,,
2026-09-12T10:01:16-05:00,PUR_IED_Gaitana_Ext_5fcf4,PUR_IED_Gaitana_Ext_5fcf4,,,,,
2026-09-12T10:01:16-05:00,PUR_IED_Gaitana_LabFisica_644448,PUR_IED_Gaitana_LabFisica_644448,,,,,
2026-09-12T10:01:16-05:00,PUR_IED_GenSantander_Dise_8ac858,PUR_IED_GenSantander_Dise_8ac858,,,,,
2026-09-12T10:01:16-05:00,PUR_IED_GenSantander_Ext_8d5dfe,PUR_IED_GenSantander_Ext_8d5dfe,,,,,
2026-09-12T10:01:16-05:00,PUR_IED_GenSantander_Info_6c25b,PUR_IED_GenSantander_Info_6c25b,,,,,
2026-09-12T10:01:16-05:00,PUR_IED_GustavoMo_Exterio_75e63d,PUR_IED_GustavoMo_Exterio_75e63d,,,,,
2026-09-12T10:01:16-05:00,PUR_IED_GustavoMo_LabFisi_224d37,PUR_IED_GustavoMo_LabFisi_224d37,,,,,
2026-09-12T10:01:16-05:00,PUR_IED_GustavoMo_S208_3e6918,PUR_IED_GustavoMo_S208_3e6918,,,,,
2026-09-12T10:01:16-05:00,PUR_IED_GustavoR_A02_8cd4a8,PUR_IED_GustavoR_A02_8cd4a8,,,,,
2026-09-12T10:01:16-05:00,PUR_IED_GustavoR_B11_5b0ed,PUR_IED_GustavoR_B11_5b0ed,,,,,
2026-09-12T10:01:16-05:00,PUR_IED_GustavoR_Ext_7a0c90,PUR_IED_GustavoR_Ext_7a0c90,,,,,
2026-09-12T10:01:16-05:00,PUR_IED_HernandoDuran_Ext_8cd82b,PUR_IED_HernandoDuran_Ext_8cd82b,,,,,
2026-09-12T10:01:16-05:00,PUR_IED_HernandoDuran_S24_2772c6,PUR_IED_HernandoDuran_S24_2772c6,,,,,
2026-09-12T10:01:16-05:00,PUR_IED_HernandoDuran_S30_f2de41,PUR_IED_HernandoDuran_S30_f2de41,,,,,
2026-09-12T10:01:16-05:00,PUR_IED_HolguInUr_S1101_8cd732,PUR_IED_HolguInUr_S1101_8cd732,,,,,
2026-09-12T10:01:16-05:00,PUR_IED_HolguinUr_Exter_ddae6d,PUR_IED_HolguinUr_Exter_ddae6d,,,,,
2026-09-12T10:01:16-05:00,PUR_IED_HolguinUr_LabQuim_92b952,PUR_IED_HolguinUr_LabQuim_92b952,,,,,
2026-09-12T10:01:16-05:00,PUR_IED_Isabel-II_Ext_5245cc,PUR_IED_Isabel-II_Ext_5245cc,2,19,56,4.6336,-74.153
2026-09-12T10:01:16-05:00,PUR_IED_Isabel-II_S_idiom_1c29aa,PUR_IED_Isabel-II_S_idiom_1c29aa,,,,,
2026-09-12T10:01:16-05:00,PUR_IED_Isabel-II_S_infor_fd741,PUR_IED_Isabel-II_S_infor_fd741,,,,,
2026-09-12T10:01:16-05:00,PUR_IED_IsidroSur_Exterio_5b90ea,PUR_IED_IsidroSur_Exterio_5b90ea,,,,,
2026-09-12T10:01:16-05:00,PUR_IED_IsidroSur_LabTec_56697a,PUR_IED_IsidroSur_LabTec_56697a,,,,,
2026-09-12T10:01:16-05:00,PUR_IED_IsidroSur_Robotic_b7c38f,PUR_IED_IsidroSur_Robotic_b7c38f,,,,,
2026-09-12T10:01:16-05:00,PUR_IED_IsmaelPerd_Ext_7b6672,PUR_IED_IsmaelPerd_Ext_7b6672,,,,,
2026-09-12T10:01:16-05:00,PUR_IED_IsmaelPerd_Inform_306540,PUR_IED_IsmaelPerd_Inform_306540,,,,,
2026-09-12T10:01:16-05:00,PUR_IED_IsmaelPerd_S30_2e2c83,PUR_IED_IsmaelPerd_S30_2e2c83,,,,,
2026-09-12T10:01:16-05:00,PUR_IED_JLozano_Exter_432910,PUR_IED_JLozano_Exter_432910,,,,,
2026-09-12T10:01:16-05:00,PUR_IED_JLozano_salaMulti_df5125,PUR_IED_JLozano_salaMulti_df5125,,,,,
2026-09-12T10:01:16-05:00,PUR_IED_JMCordoba_206_86f80b,PUR_IED_JMCordoba_206_86f80b,,,,,
2026-09-12T10:01:16-05:00,PUR_IED_JMCordoba_Ext_27ad97,PUR_IED_JMCordoba_Ext_27ad97,,,,,
2026-09-12T10:01:16-05:00,PUR_IED_JMCordoba_S310_d59ab4,PUR_IED_JMCordoba_S310_d59ab4,,,,,
2026-09-12T10:01:16-05:00,PUR_IED_Japon_Ext_549100,PUR_IED_Japon_Ext_549100,,,,,
2026-09-12T10:01:16-05:00,PUR_IED_Japon_Laboratorio_bec51d,PUR_IED_Japon_Laboratorio_bec51d,,,,,
2026-09-12T10:01:16-05:00,PUR_IED_Japon_informatica_d99327,PUR_IED_Japon_informatica_d99327,,,,,
2026-09-12T10:01:16-05:00,PUR_IED_Jazmin_Ext_d27bda,PUR_IED_Jazmin_Ext_d27bda,,,,,
2026-09-12T10:01:16-05:00,PUR_IED_Jazmin_Fisica_8d14d7,PUR_IED_Jazmin_Fisica_8d14d7,,,,,
2026-09-12T10:01:16-05:00,PUR_IED_Jazmin_Quimica_801cb5,PUR_IED_Jazmin_Quimica_801cb5,,,,,
2026-09-12T10:01:16-05:00,PUR_IED_JorgeGaitan_Exter_f098d1,PUR_IED_JorgeGaitan_Exter_f098d1,,,,,
2026-09-12T10:01:16-05:00,PUR_IED_JorgeGaitan_STec1_dc9d1d,PUR_IED_JorgeGaitan_STec1_dc9d1d,,,,,
2026-09-12T10:01:16-05:00,PUR_IED_JorgeGaitan_STec2_281e69,PUR_IED_JorgeGaitan_STec2_281e69,,,,,
2026-09-12T10:01:16-05:00,PUR_IED_JorgeSoto_Exterio_d9d0a2,PUR_IED_JorgeSoto_Exterio_d9d0a2,,,,,
2026-09-12T10:01:16-05:00,PUR_IED_JorgeSoto_LabFisi_209c54,PUR_IED_JorgeSoto_LabFisi_209c54,,,,,
2026-09-12T10:01:16-05:00,PUR_IED_JorgeSoto_S103_27b51a,PUR_IED_JorgeSoto_S103_27b51a,,,,,
2026-09-12T10:01:16-05:00,PUR_IED_JoseAcevedo_A02_e965eb,PUR_IED_JoseAcevedo_A02_e965eb,,,,,
2026-09-12T10:01:16-05:00,PUR_IED_JoseAcevedo_A07_dd5b4,PUR_IED_JoseAcevedo_A07_dd5b4,,,,,
2026-09-12T10:01:16-05:00,PUR_IED_JoseAcevedo_Ext_b47484,PUR_IED_JoseAcevedo_Ext_b47484,,,,,
2026-09-12T10:01:16-05:00,PUR_IED_JoseMarti_Exte_5b9bf,PUR_IED_JoseMarti_Exte_5b9bf,,,,,
2026-09-12T10:01:16-05:00,PUR_IED_JoseMarti_LabQuim_1c6c2d,PUR_IED_JoseMarti_LabQuim_1c6c2d,,,,,
2026-09-12T10:01:16-05:00,PUR_IED_JoseMarti_S_info_f5f177,PUR_IED_JoseMarti_S_info_f5f177,,,,,
2026-09-12T10:01:16-05:00,PUR_IED_Josejoaquin_Ext_dfc5dc,PUR_IED_Josejoaquin_Ext_dfc5dc,,,,,
2026-09-12T10:01:16-05:00,PUR_IED_Josejoaquin_S05_5b2a96,PUR_IED_Josejoaquin_S05_5b2a96,,,,,
2026-09-12T10:01:16-05:00,PUR_IED_Josejoaquin_S06_1ce7d2,PUR_IED_Josejoaquin_S06_1ce7d2,,,,,
2026-09-12T10:01:16-05:00,PUR_IED_JulioFlorez_Danza_9b82dd,PUR_IED_JulioFlorez_Danza_9b82dd,,,,,
2026-09-12T10:01:16-05:00,PUR_IED_JulioFlorez_Exter_f9f314,PUR_IED_JulioFlorez_Exter_f9f314,,,,,
2026-09-12T10:01:16-05:00,PUR_IED_JulioFlorez_info2_6b6e08,PUR_IED_JulioFlorez_info2_6b6e08,,,,,
2026-09-12T10:01:16-05:00,PUR_IED_LaBelleza_Aula13_1d00d8,PUR_IED_LaBelleza_Aula13_1d00d8,,,,,
2026-09-12T10:01:16-05:00,PUR_IED_LaBelleza_Ext_7bc08c,PUR_IED_LaBelleza_Ext_7bc08c,,,,,
2026-09-12T10:01:16-05:00,PUR_IED_LaChucua_Ext_8cd6d2,PUR_IED_LaChucua_Ext_8cd6d2,,,,,
2026-09-12T10:01:16-05:00,PUR_IED_LaChucua_S15_f578ce,PUR_IED_LaChucua_S15_f578ce,,,,,
2026-09-12T10:01:16-05:00,PUR_IED_LaChucua_S16_eebcf9,PUR_IED_LaChucua_S16_eebcf9,,,,,
2026-09-12T10:01:16-05:00,PUR_IED_LaFelicidad_Ext_fb5109,PUR_IED_LaFelicidad_Ext_fb5109,,,,,
2026-09-12T10:01:16-05:00,PUR_IED_LaMerced_206_66ebd,PUR_IED_LaMerced_206_66ebd,,,,,
2026-09-12T10:01:16-05:00,PUR_IED_LaMerced_207_6ebd6,PUR_IED_LaMerced_207_6ebd6,,,,,
2026-09-12T10:01:16-05:00,PUR_IED_LaMerced_ext_304311,PUR_IED_LaMerced_ext_304311,,,,,
2026-09-12T10:01:16-05:00,PUR_IED_Laureano_CiencNat_281e5e,PUR_IED_Laureano_CiencNat_281e5e,,,,,
2026-09-12T10:01:16-05:00,PUR_IED_Laureano_Comedor_f65c0a,PUR_IED_Laureano_Comedor_f65c0a,,,,,
2026-09-12T10:01:16-05:00,PUR_IED_Laureano_Exterior_7ab011,PUR_IED_Laureano_Exterior_7ab011,,,,,
2026-09-12T10:01:16-05:00,PUR_IED_LeonGreiff_Exte_dfe560,PUR_IED_LeonGreiff_Exte_dfe560,,,,,
2026-09-12T10:01:16-05:00,PUR_IED_LeonGreiff_S210_f264ed,PUR_IED_LeonGreiff_S210_f264ed,,,,,
2026-09-12T10:01:16-05:00,PUR_IED_LeonGreiff_SQuimi_e8296f,PUR_IED_LeonGreiff_SQuimi_e8296f,,,,,
2026-09-12T10:01:16-05:00,PUR_IED_LlanoOrientalS208_7b9fcd,PUR_IED_LlanoOrientalS208_7b9fcd,,,,,
2026-09-12T10:01:16-05:00,PUR_IED_LlanoOriental_Ext_fb3766,PUR_IED_LlanoOriental_Ext_fb3766,,,,,
2026-09-12T10:01:16-05:00,PUR_IED_LlanoOriental_S208_7b9fcd,PUR_IED_LlanoOriental_S208_7b9fcd,,,,,
2026-09-12T10:01:16-05:00,PUR_IED_LlanoOriental_S9_27b378,PUR_IED_LlanoOriental_S9_27b378,,,,,
2026-09-12T10:01:16-05:00,PUR_IED_LosTejares_1101_477602,PUR_IED_LosTejares_1101_477602,,,,,
2026-09-12T10:01:16-05:00,PUR_IED_LosTejares_11_d2c595,PUR_IED_LosTejares_11_d2c595,,,,,
2026-09-12T10:01:16-05:00,PUR_IED_LosTejares_12_477602,PUR_IED_LosTejares_12_477602,,,,,
2026-09-12T10:01:16-05:00,PUR_IED_LosTejares_Ext_8e2115,PUR_IED_LosTejares_Ext_8e2115,,,,,
2026-09-12T10:01:16-05:00,PUR_IED_MagdalenaO_B202_5ddda3,PUR_IED_MagdalenaO_B202_5ddda3,,,,,
2026-09-12T10:01:16-05:00,PUR_IED_MagdalenaO_B205_fb76e8,PUR_IED_MagdalenaO_B205_fb76e8,,,,,
2026-09-12T10:01:16-05:00,PUR_IED_MagdalenaO_ext_dc69cd,PUR_IED_MagdalenaO_ext_dc69cd,,,,,
2026-09-12T10:01:16-05:00,PUR_IED_ManueCepeda_artes_eee956,PUR_IED_ManueCepeda_artes_eee956,,,,,
2026-09-12T10:01:16-05:00,PUR_IED_ManuelCepeda_Ext_58313,PUR_IED_ManuelCepeda_Ext_58313,,,,,
2026-09-12T10:01:16-05:00,PUR_IED_ManuelCepeda_tec_1c5731,PUR_IED_ManuelCepeda_tec_1c5731,,,,,
2026-09-12T10:01:16-05:00,PUR_IED_ManuelS_Exterior_5b269,PUR_IED_ManuelS_Exterior_5b269,,,,,
2026-09-12T10:01:16-05:00,PUR_IED_ManuelS_Inform_f369ce,PUR_IED_ManuelS_Inform_f369ce,,,,,
2026-09-12T10:01:16-05:00,PUR_IED_ManuelS_SArtes_7d15f1,PUR_IED_ManuelS_SArtes_7d15f1,,,,,
2026-09-12T10:01:16-05:00,PUR_IED_ManuelZapata_303_3ca6,PUR_IED_ManuelZapata_303_3ca6,,,,,
2026-09-12T10:01:16-05:00,PUR_IED_ManuelZapata_311_bfbabc,PUR_IED_ManuelZapata_311_bfbabc,,,,,
2026-09-12T10:01:16-05:00,PUR_IED_ManuelZapata_Ext_50824a,PUR_IED_ManuelZapata_Ext_50824a,,,,,
2026-09-12T10:01:16-05:00,PUR_IED_ManuelitaS_Exteri_656a92,PUR_IED_ManuelitaS_Exteri_656a92,,,,,
2026-09-12T10:01:16-05:00,PUR_IED_ManuelitaS_JuzgDe_f58ec3,PUR_IED_ManuelitaS_JuzgDe_f58ec3,,,,,
2026-09-12T10:01:16-05:00,PUR_IED_ManuelitaS_Recrea_d793db,PUR_IED_ManuelitaS_Recrea_d793db,,,,,
2026-09-12T10:01:16-05:00,PUR_IED_MarFidSuarez_Ext_c27b19,PUR_IED_MarFidSuarez_Ext_c27b19,,,,,
2026-09-12T10:01:16-05:00,PUR_IED_MarFidSuarez_Info_e384d7,PUR_IED_MarFidSuarez_Info_e384d7,,,,,
2026-09-12T10:01:16-05:00,PUR_IED_MarFidSuarez_S306_1d0032,PUR_IED_MarFidSuarez_S306_1d0032,,,,,
2026-09-12T10:01:16-05:00,PUR_IED_Menorah_301_2a25a3,PUR_IED_Menorah_301_2a25a3,,,,,
2026-09-12T10:01:16-05:00,PUR_IED_Menorah_306_37ed3,PUR_IED_Menorah_306_37ed3,,,,,
2026-09-12T10:01:16-05:00,PUR_IED_Menorah_Ext_3e155b,PUR_IED_Menorah_Ext_3e155b,,,,,
2026-09-12T10:01:16-05:00,PUR_IED_MinutoB.Aires_A11_1b1604,PUR_IED_MinutoB.Aires_A11_1b1604,,,,,
2026-09-12T10:01:16-05:00,PUR_IED_MinutoB.Aires_A12_fb5860,PUR_IED_MinutoB.Aires_A12_fb5860,,,,,
2026-09-12T10:01:16-05:00,PUR_IED_MinutoB.Aires_Ext_81293f,PUR_IED_MinutoB.Aires_Ext_81293f,,,,,
2026-09-12T10:01:16-05:00,PUR_IED_MinutoBAires_A11_1b1604,PUR_IED_MinutoBAires_A11_1b1604,,,,,
2026-09-12T10:01:16-05:00,PUR_IED_MinutoBAires_A12_fb5860,PUR_IED_MinutoBAires_A12_fb5860,,,,,
2026-09-12T10:01:16-05:00,PUR_IED_MinutoBAires_Ext_81293f,PUR_IED_MinutoBAires_Ext_81293f,,,,,
2026-09-12T10:01:16-05:00,PUR_IED_Montreal_Aula10_1e4959,PUR_IED_Montreal_Aula10_1e4959,,,,,
2026-09-12T10:01:16-05:00,PUR_IED_Montreal_Aula6_300367,PUR_IED_Montreal_Aula6_300367,,,,,
2026-09-12T10:01:16-05:00,PUR_IED_Montreal_Exterior_91a179,PUR_IED_Montreal_Exterior_91a179,,,,,
2026-09-12T10:01:16-05:00,PUR_IED_Mqgdalena_B202_5ddda3,PUR_IED_Mqgdalena_B202_5ddda3,,,,,
2026-09-12T10:01:16-05:00,PUR_IED_NACUND_Soc_dc8728,PUR_IED_NACUND_Soc_dc8728,,,,,
2026-09-12T10:01:16-05:00,PUR_IED_NACUND_ext_27ad97,PUR_IED_NACUND_ext_27ad97,,,,,
2026-09-12T10:01:16-05:00,PUR_IED_NEsperanza_Ext_d24b61,PUR_IED_NEsperanza_Ext_d24b61,,,,,
2026-09-12T10:01:16-05:00,PUR_IED_NEsperanza_SElect_7d1807,PUR_IED_NEsperanza_SElect_7d1807,,,,,
2026-09-12T10:01:16-05:00,PUR_IED_NEsperanza_SLabor_8b2d0a,PUR_IED_NEsperanza_SLabor_8b2d0a,,,,,
2026-09-12T10:01:16-05:00,PUR_IED_NacionesU_Ext_f661a9,PUR_IED_NacionesU_Ext_f661a9,,,,,
2026-09-12T10:01:16-05:00,PUR_IED_NacionesU_Quimica_66f0a,PUR_IED_NacionesU_Quimica_66f0a,,,,,
2026-09-12T10:01:16-05:00,PUR_IED_NacionesU_S306_1b4b3d,PUR_IED_NacionesU_S306_1b4b3d,,,,,
2026-09-12T10:01:16-05:00,PUR_IED_NestorFA_Ext_e4201c,PUR_IED_NestorFA_Ext_e4201c,,,,,
2026-09-12T10:01:16-05:00,PUR_IED_NestorFA_Laborato_f22fe0,PUR_IED_NestorFA_Laborato_f22fe0,,,,,
2026-09-12T10:01:16-05:00,PUR_IED_NestorFA_S204_dee996,PUR_IED_NestorFA_S204_dee996,,,,,
2026-09-12T10:01:16-05:00,PUR_IED_NidyaQT_Aula03_76999b,PUR_IED_NidyaQT_Aula03_76999b,,,,,
2026-09-12T10:01:16-05:00,PUR_IED_NidyaQT_Aula10_56325,PUR_IED_NidyaQT_Aula10_56325,,,,,
2026-09-12T10:01:16-05:00,PUR_IED_NidyaQT_Ext_46e32d,PUR_IED_NidyaQT_Ext_46e32d,,,,,
2026-09-12T10:01:16-05:00,PUR_IED_NuevaCol_Exterior_d9b859,PUR_IED_NuevaCol_Exterior_d9b859,,,,,
2026-09-12T10:01:16-05:00,PUR_IED_NuevaCol_S1101_76c43b,PUR_IED_NuevaCol_S1101_76c43b,,,,,
2026-09-12T10:01:16-05:00,PUR_IED_NuevaCol_S1102_1ce0b5,PUR_IED_NuevaCol_S1102_1ce0b5,,,,,
2026-09-12T10:01:16-05:00,PUR_IED_OEA_A202_f7e3f2,PUR_IED_OEA_A202_f7e3f2,,,,,
2026-09-12T10:01:16-05:00,PUR_IED_OEA_A203_7d1b8d,PUR_IED_OEA_A203_7d1b8d,,,,,
2026-09-12T10:01:16-05:00,PUR_IED_OEA_Ext_27b593,PUR_IED_OEA_Ext_27b593,,,,,
2026-09-12T10:01:16-05:00,PUR_IED_Ochoa_Ext_1c29da,PUR_IED_Ochoa_Ext_1c29da,,,,,
2026-09-12T10:01:16-05:00,PUR_IED_Ochoa_S205_8b1121,PUR_IED_Ochoa_S205_8b1121,,,,,
2026-09-12T10:01:16-05:00,PUR_IED_Ochoa_Sistemas_f33af6,PUR_IED_Ochoa_Sistemas_f33af6,,,,,
2026-09-12T10:01:16-05:00,PUR_IED_PQuebec_Ext_1c67c7,PUR_IED_PQuebec_Ext_1c67c7,,,,,
2026-09-12T10:01:16-05:00,PUR_IED_PQuebec_S15_23e8e2,PUR_IED_PQuebec_S15_23e8e2,,,,,
2026-09-12T10:01:16-05:00,PUR_IED_PQuebec_S16_8ec76b,PUR_IED_PQuebec_S16_8ec76b,,,,,
2026-09-12T10:01:16-05:00,PUR_IED_PabloN_Ext_49dc96,PUR_IED_PabloN_Ext_49dc96,,,,,
2026-09-12T10:01:16-05:00,PUR_IED_PabloN_S1102_4e3df5,PUR_IED_PabloN_S1102_4e3df5,,,,,
2026-09-12T10:01:16-05:00,PUR_IED_PabloN_S1103_50c94b,PUR_IED_PabloN_S1103_50c94b,,,,,
2026-09-12T10:01:16-05:00,PUR_IED_Palestina_S1101_db9198,PUR_IED_Palestina_S1101_db9198,,,,,
2026-09-12T10:01:16-05:00,PUR_IED_Palestina_S1102_dc54fa,PUR_IED_Palestina_S1102_dc54fa,,,,,
2026-09-12T10:01:16-05:00,PUR_IED_Palestina_ext_4ccce6,PUR_IED_Palestina_ext_4ccce6,,,,,
2026-09-12T10:01:16-05:00,PUR_IED_Panama_Fisica_4d0794,PUR_IED_Panama_Fisica_4d0794,,,,,
2026-09-12T10:01:16-05:00,PUR_IED_Panama_SIngles_a4077e,PUR_IED_Panama_SIngles_a4077e,,,,,
2026-09-12T10:01:16-05:00,PUR_IED_Panama_ext_4c54b4,PUR_IED_Panama_ext_4c54b4,,,,,
2026-09-12T10:01:16-05:00,PUR_IED_ParaisoM_Exterior_8cd7f0,PUR_IED_ParaisoM_Exterior_8cd7f0,,,,,
2026-09-12T10:01:16-05:00,PUR_IED_ParaisoM_Laborato_27af35,PUR_IED_ParaisoM_Laborato_27af35,,,,,
2026-09-12T10:01:16-05:00,PUR_IED_ParaisoM_S304_d1edca,PUR_IED_ParaisoM_S304_d1edca,,,,,
2026-09-12T10:01:16-05:00,PUR_IED_PorfirioBarba_Ext_301466,PUR_IED_PorfirioBarba_Ext_301466,,,,,
2026-09-12T10:01:16-05:00,PUR_IED_PorfirioBarba_S11_df6cd2,PUR_IED_PorfirioBarba_S11_df6cd2,,,,,
2026-09-12T10:01:16-05:00,PUR_IED_PorfirioBarba_S29_27a7d6,PUR_IED_PorfirioBarba_S29_27a7d6,,,,,
2026-09-12T10:01:16-05:00,PUR_IED_PradoV_Exter_8b27ad,PUR_IED_PradoV_Exter_8b27ad,,,,,
2026-09-12T10:01:16-05:00,PUR_IED_PradoV_S301_de65b5,PUR_IED_PradoV_S301_de65b5,,,,,
2026-09-12T10:01:16-05:00,PUR_IED_PradoV_S302_7d2593,PUR_IED_PradoV_S302_7d2593,,,,,
2026-09-12T10:01:16-05:00,PUR_IED_QuirogaAlz_Ext_1ddc82,PUR_IED_QuirogaAlz_Ext_1ddc82,,,,,
2026-09-12T10:01:16-05:00,PUR_IED_QuirogaAlz_S302_9926a3,PUR_IED_QuirogaAlz_S302_9926a3,,,,,
2026-09-12T10:01:16-05:00,PUR_IED_QuirogaAlz_S305_cdf1f1,PUR_IED_QuirogaAlz_S305_cdf1f1,,,,,
2026-09-12T10:01:16-05:00,PUR_IED_RGuatemala_Biling_dc53b7,PUR_IED_RGuatemala_Biling_dc53b7,,,,,
2026-09-12T10:01:16-05:00,PUR_IED_RGuatemala_Ext_1b89a3,PUR_IED_RGuatemala_Ext_1b89a3,,,,,
2026-09-12T10:01:16-05:00,PUR_IED_RGuatemala_Tecnol_281a34,PUR_IED_RGuatemala_Tecnol_281a34,,,,,
2026-09-12T10:01:16-05:00,PUR_IED_RafaNu_Ext_f7c302,PUR_IED_RafaNu_Ext_f7c302,,,,,
2026-09-12T10:01:16-05:00,PUR_IED_RafaNu_S1101_25fde,PUR_IED_RafaNu_S1101_25fde,,,,,
2026-09-12T10:01:16-05:00,PUR_IED_RafaNu_S1102_281517,PUR_IED_RafaNu_S1102_281517,,,,,
2026-09-12T10:01:16-05:00,PUR_IED_RafaelB_S305_ee2783,PUR_IED_RafaelB_S305_ee2783,,,,,
2026-09-12T10:01:16-05:00,PUR_IED_RafaelB_S306_75fe33,PUR_IED_RafaelB_S306_75fe33,,,,,
2026-09-12T10:01:16-05:00,PUR_IED_RafaelB_ext_283336,PUR_IED_RafaelB_ext_283336,2,20,56,4.6722,-74.0737
2026-09-12T10:01:16-05:00,PUR_IED_RafaelUU_Exterior_281a51,PUR_IED_RafaelUU_Exterior_281a51,,,,,
2026-09-12T10:01:16-05:00,PUR_IED_RafaelUU_Human_806b2,PUR_IED_RafaelUU_Human_806b2,,,,,
2026-09-12T10:01:16-05:00,PUR_IED_RafaelUU_Mate2_5680d4,PUR_IED_RafaelUU_Mate2_5680d4,,,,,
2026-09-12T10:01:16-05:00,PUR_IED_RamonSub_Ext_f9eeb9,PUR_IED_RamonSub_Ext_f9eeb9,,,,,
2026-09-12T10:01:16-05:00,PUR_IED_RamonSub_Media_d1f62f,PUR_IED_RamonSub_Media_d1f62f,,,,,
2026-09-12T10:01:16-05:00,PUR_IED_RamonSub_planta_51b82,PUR_IED_RamonSub_planta_51b82,,,,,
2026-09-12T10:01:16-05:00,PUR_IED_RepBoliVene_Exter_27af7c,PUR_IED_RepBoliVene_Exter_27af7c,,,,,
2026-09-12T10:01:16-05:00,PUR_IED_RepBoliVene_SCPT_5ae2ee,PUR_IED_RepBoliVene_SCPT_5ae2ee,,,,,
2026-09-12T10:01:16-05:00,PUR_IED_RepBoliVene_Socia_4b11d5,PUR_IED_RepBoliVene_Socia_4b11d5,,,,,
2026-09-12T10:01:16-05:00,PUR_IED_RepChina_Ext_76d9ee,PUR_IED_RepChina_Ext_76d9ee,,,,,
2026-09-12T10:01:16-05:00,PUR_IED_RepChina_S404_7c804c,PUR_IED_RepChina_S404_7c804c,,,,,
2026-09-12T10:01:16-05:00,PUR_IED_RepChina_S405_df2c33,PUR_IED_RepChina_S405_df2c33,,,,,
2026-09-12T10:01:16-05:00,PUR_IED_RepublicaC_Exteri_7d1ec9,PUR_IED_RepublicaC_Exteri_7d1ec9,,,,,
2026-09-12T10:01:16-05:00,PUR_IED_RepublicaC_S1101_f544b3,PUR_IED_RepublicaC_S1101_f544b3,,,,,
2026-09-12T10:01:16-05:00,PUR_IED_RepublicaC_S1102_7aafc7,PUR_IED_RepublicaC_S1102_7aafc7,,,,,
2026-09-12T10:01:16-05:00,PUR_IED_Ricaurte_Externo_a0ea1,PUR_IED_Ricaurte_Externo_a0ea1,,,,,
2026-09-12T10:01:16-05:00,PUR_IED_Ricaurte_S210_f546fd,PUR_IED_Ricaurte_S210_f546fd,,,,,
2026-09-12T10:01:16-05:00,PUR_IED_Ricaurte_S309_d4452,PUR_IED_Ricaurte_S309_d4452,,,,,
2026-09-12T10:01:16-05:00,PUR_IED_RogelioS_1102_531e69,PUR_IED_RogelioS_1102_531e69,,,,,
2026-09-12T10:01:16-05:00,PUR_IED_RogelioS_Ext_f25a18,PUR_IED_RogelioS_Ext_f25a18,,,,,
2026-09-12T10:01:16-05:00,PUR_IED_SBernardino_Ext_27aff8,PUR_IED_SBernardino_Ext_27aff8,,,,,
2026-09-12T10:01:16-05:00,PUR_IED_SBernardino_SArte_2ffd33,PUR_IED_SBernardino_SArte_2ffd33,,,,,
2026-09-12T10:01:16-05:00,PUR_IED_SBernardino_SIngl_7c7da5,PUR_IED_SBernardino_SIngl_7c7da5,,,,,
2026-09-12T10:01:16-05:00,PUR_IED_Sago_auditorio_dc9d1d,PUR_IED_Sago_auditorio_dc9d1d,,,,,
2026-09-12T10:01:16-05:00,PUR_IED_Saludcoop_Ext_95aac3,PUR_IED_Saludcoop_Ext_95aac3,,,,,
2026-09-12T10:01:16-05:00,PUR_IED_Saludcoop_InfI_90c854,PUR_IED_Saludcoop_InfI_90c854,,,,,
2026-09-12T10:01:16-05:00,PUR_IED_Saludcoop_SMedia_1b93be,PUR_IED_Saludcoop_SMedia_1b93be,,,,,
2026-09-12T10:01:16-05:00,PUR_IED_SanCarlos_1101_1a2360,PUR_IED_SanCarlos_1101_1a2360,,,,,
2026-09-12T10:01:16-05:00,PUR_IED_SanCarlos_1103_7bafb5,PUR_IED_SanCarlos_1103_7bafb5,,,,,
2026-09-12T10:01:16-05:00,PUR_IED_SanCarlos_Ext_b7cd1,PUR_IED_SanCarlos_Ext_b7cd1,,,,,
2026-09-12T10:01:16-05:00,PUR_IED_SanIgnacioBosa11a_50c26e,PUR_IED_SanIgnacioBosa11a_50c26e,,,,,
2026-09-12T10:01:16-05:00,PUR_IED_SanIgnacioBosa11b_371de8,PUR_IED_SanIgnacioBosa11b_371de8,,,,,
2026-09-12T10:01:16-05:00,PUR_IED_SanIgnacioBosaExt_ef0ffc,PUR_IED_SanIgnacioBosaExt_ef0ffc,,,,,
2026-09-12T10:01:16-05:00,PUR_IED_SanIgnacioBosa_11a_50c26e,PUR_IED_SanIgnacioBosa_11a_50c26e,,,,,
2026-09-12T10:01:16-05:00,PUR_IED_SanIgnacioBosa_Ext_ef0ffc,PUR_IED_SanIgnacioBosa_Ext_ef0ffc,,,,,
2026-09-12T10:01:16-05:00,PUR_IED_SanJoseN_intS1101_31c47f,PUR_IED_SanJoseN_intS1101_31c47f,,,,,
2026-09-12T10:01:16-05:00,PUR_IED_SanJoseUsm_Exter_f5d7e8,PUR_IED_SanJoseUsm_Exter_f5d7e8,,,,,
2026-09-12T10:01:16-05:00,PUR_IED_SanJoseUsm_Int11A_cfdef6,PUR_IED_SanJoseUsm_Int11A_cfdef6,,,,,
2026-09-12T10:01:16-05:00,PUR_IED_SilveriaR_IntB5_905349,PUR_IED_SilveriaR_IntB5_905349,,,,,
2026-09-12T10:01:16-05:00,PUR_IED_SilveriaR_IntSD14_981f93,PUR_IED_SilveriaR_IntSD14_981f93,,,,,
2026-09-12T10:01:16-05:00,PUR_IED_SilveriaR_ext_2b651d,PUR_IED_SilveriaR_ext_2b651d,,,,,
2026-09-12T10:01:16-05:00,PUR_IED_SimonB_Exterior_913975,PUR_IED_SimonB_Exterior_913975,,,,,
2026-09-12T10:01:16-05:00,PUR_IED_SimonB_LabQuimi_c56908,PUR_IED_SimonB_LabQuimi_c56908,,,,,
2026-09-12T10:01:16-05:00,PUR_IED_SimonB_informatic_a28c1,PUR_IED_SimonB_informatic_a28c1,,,,,
2026-09-12T10:01:16-05:00,PUR_IED_Sorrento_1102_315f50,PUR_IED_Sorrento_1102_315f50,,,,,
2026-09-12T10:01:16-05:00,PUR_IED_Sorrento_Minte_214eab,PUR_IED_Sorrento_Minte_214eab,,,,,
2026-09-12T10:01:16-05:00,PUR_IED_Sorrento_ext_7c3a0a,PUR_IED_Sorrento_ext_7c3a0a,,,,,
2026-09-12T10:01:16-05:00,PUR_IED_Tabora_Ext_f048ae,PUR_IED_Tabora_Ext_f048ae,,,,,
2026-09-12T10:01:16-05:00,PUR_IED_Tabora_S1102_b07752,PUR_IED_Tabora_S1102_b07752,,,,,
2026-09-12T10:01:16-05:00,PUR_IED_Tabora_S1103_d988f5,PUR_IED_Tabora_S1103_d988f5,,,,,
2026-09-12T10:01:16-05:00,PUR_IED_Tenerife_Ext_1ab188,PUR_IED_Tenerife_Ext_1ab188,,,,,
2026-09-12T10:01:16-05:00,PUR_IED_Tenerife_SDanzas_7bc02e,PUR_IED_Tenerife_SDanzas_7bc02e,,,,,
2026-09-12T10:01:16-05:00,PUR_IED_Tenerife_SIngles_7cc277,PUR_IED_Tenerife_SIngles_7cc277,,,,,
2026-09-12T10:01:16-05:00,PUR_IED_Tibabuyes_Exter_f2683d,PUR_IED_Tibabuyes_Exter_f2683d,,,,,
2026-09-12T10:01:16-05:00,PUR_IED_Tibabuyes_S10_dc87a8,PUR_IED_Tibabuyes_S10_dc87a8,,,,,
2026-09-12T10:01:16-05:00,PUR_IED_Tibabuyes_S15_dc0526,PUR_IED_Tibabuyes_S15_dc0526,,,,,
2026-09-12T10:01:16-05:00,PUR_IED_UnionE_S301_a1043,PUR_IED_UnionE_S301_a1043,,,,,
2026-09-12T10:01:16-05:00,PUR_IED_UnionE_S307_ff6c2f,PUR_IED_UnionE_S307_ff6c2f,,,,,
2026-09-12T10:01:16-05:00,PUR_IED_UnionE__Ext_5e2468,PUR_IED_UnionE__Ext_5e2468,,,,,
2026-09-12T10:01:16-05:00,PUR_IED_VillaRica_Ext_75be7c,PUR_IED_VillaRica_Ext_75be7c,,,,,
2026-09-12T10:01:16-05:00,PUR_IED_VillaRica_S4_cc5dcd,PUR_IED_VillaRica_S4_cc5dcd,,,,,
2026-09-12T10:01:16-05:00,PUR_IED_VillaRica_Sesp_99f5c,PUR_IED_VillaRica_Sesp_99f5c,,,,,
2026-09-12T10:06:06-05:00,PUR_IED_20deJulio_1101_91b1b9,PUR_IED_20deJulio_1101_91b1b9,,,,,
2026-09-12T10:06:06-05:00,PUR_IED_20deJulio_1102_1cfcf9,PUR_IED_20deJulio_1102_1cfcf9,,,,,
2026-09-12T10:06:06-05:00,PUR_IED_20deJulio_Ext_ab60bd,PUR_IED_20deJulio_Ext_ab60bd,,,,,
2026-09-12T10:06:06-05:00,PUR_IED_AgustinFer_Ext_7b9b77,PUR_IED_AgustinFer_Ext_7b9b77,,,,,
2026-09-12T10:06:06-05:00,PUR_IED_AgustinFer_Info2_27b3a7,PUR_IED_AgustinFer_Info2_27b3a7,,,,,
2026-09-12T10:06:06-05:00,PUR_IED_AgustinFer_Sena_54b4eb,PUR_IED_AgustinFer_Sena_54b4eb,,,,,
2026-09-12T10:06:06-05:00,PUR_IED_AlexanderF_1102_caf07b,PUR_IED_AlexanderF_1102_caf07b,,,,,
2026-09-12T10:06:06-05:00,PUR_IED_AlexanderF_1103_c79e71,PUR_IED_AlexanderF_1103_c79e71,,,,,
2026-09-12T10:06:06-05:00,PUR_IED_AlexanderF_Ext_c5b18b,PUR_IED_AlexanderF_Ext_c5b18b,,,,,
2026-09-12T10:06:06-05:00,PUR_IED_AlfonsoLopez_Ext_281d77,PUR_IED_AlfonsoLopez_Ext_281d77,,,,,
2026-09-12T10:06:06-05:00,PUR_IED_AlfonsoLopez_LabF_888ce0,PUR_IED_AlfonsoLopez_LabF_888ce0,,,,,
2026-09-12T10:06:06-05:00,PUR_IED_AlfonsoLopez_SMed_df6a7f,PUR_IED_AlfonsoLopez_SMed_df6a7f,,,,,
2026-09-12T10:06:06-05:00,PUR_IED_AltamiraSO_A2_209f92,PUR_IED_AltamiraSO_A2_209f92,,,,,
2026-09-12T10:06:06-05:00,PUR_IED_AltamiraSO_Ext_186d66,PUR_IED_AltamiraSO_Ext_186d66,,,,,
2026-09-12T10:06:06-05:00,PUR_IED_AltamiraSO_Sistem_27afe1,PUR_IED_AltamiraSO_Sistem_27afe1,,,,,
2026-09-12T10:06:06-05:00,PUR_IED_AlvaroGom_LabQuim_813179,PUR_IED_AlvaroGom_LabQuim_813179,,,,,
2026-09-12T10:06:06-05:00,PUR_IED_AlvaroGomez_Ext_47c7ca,PUR_IED_AlvaroGomez_Ext_47c7ca,,,,,
2026-09-12T10:06:06-05:00,PUR_IED_AlvaroGomez_LabQuim_813179,PUR_IED_AlvaroGomez_LabQuim_813179,,,,,
2026-09-12T10:06:06-05:00,PUR_IED_AlvaroGomez_S23_7ba89f,PUR_IED_AlvaroGomez_S23_7ba89f,,,,,
2026-09-12T10:06:06-05:00,PUR_IED_Amistad_306_dc8728,PUR_IED_Amistad_306_dc8728,,,,,
2026-09-12T10:06:06-05:00,PUR_IED_Amistad_Ext_8cd55e,PUR_IED_Amistad_Ext_8cd55e,,,,,
2026-09-12T10:06:06-05:00,PUR_IED_Amistad_S202_a41169,PUR_IED_Amistad_S202_a41169,,,,,
2026-09-12T10:06:06-05:00,PUR_IED_AndresBello_Bio_fd5f5e,PUR_IED_AndresBello_Bio_fd5f5e,,,,,
2026-09-12T10:06:06-05:00,PUR_IED_AndresBello_ext_dcad65,PUR_IED_AndresBello_ext_dcad65,,,,,
2026-09-12T10:06:06-05:00,PUR_IED_AndresBello_port_eed3ec,PUR_IED_AndresBello_port_eed3ec,,,,,
2026-09-12T10:06:06-05:00,PUR_IED_AngelaR_11b_d90a6b,PUR_IED_AngelaR_11b_d90a6b,,,,,
2026-09-12T10:06:06-05:00,PUR_IED_AngelaR_ext_7cad3e,PUR_IED_AngelaR_ext_7cad3e,,,,,
2026-09-12T10:06:06-05:00,PUR_IED_AntJoseSucre_10mo_df2575,PUR_IED_AntJoseSucre_10mo_df2575,,,,,
2026-09-12T10:06:06-05:00,PUR_IED_AntJoseSucre_Ext_215b36,PUR_IED_AntJoseSucre_Ext_215b36,,,,,
2026-09-12T10:06:06-05:00,PUR_IED_AntJoseSucre_Lab_3139de,PUR_IED_AntJoseSucre_Lab_3139de,,,,,
2026-09-12T10:06:06-05:00,PUR_IED_AntonioGarcia_301_d6b188,PUR_IED_AntonioGarcia_301_d6b188,,,,,
2026-09-12T10:06:06-05:00,PUR_IED_AntonioGarcia_302_88a82,PUR_IED_AntonioGarcia_302_88a82,,,,,
2026-09-12T10:06:06-05:00,PUR_IED_AntonioGarcia_Ext_20950c,PUR_IED_AntonioGarcia_Ext_20950c,,,,,
2026-09-12T10:06:06-05:00,PUR_IED_AntonioVan_Aula2_6dea02,PUR_IED_AntonioVan_Aula2_6dea02,,,,,
2026-09-12T10:06:06-05:00,PUR_IED_AntonioVan_Aula5_f1557e,PUR_IED_AntonioVan_Aula5_f1557e,,,,,
2026-09-12T10:06:06-05:00,PUR_IED_AntonioVan_Ext_406f2f,PUR_IED_AntonioVan_Ext_406f2f,,,,,
2026-09-12T10:06:06-05:00,PUR_IED_Atabanzha_Ext_cc5af9,PUR_IED_Atabanzha_Ext_cc5af9,,,,,
2026-09-12T10:06:06-05:00,PUR_IED_Atabanzha_SA101_56c37,PUR_IED_Atabanzha_SA101_56c37,,,,,
2026-09-12T10:06:06-05:00,PUR_IED_Atabanzha_SB302_27b374,PUR_IED_Atabanzha_SB302_27b374,,,,,
2026-09-12T10:06:06-05:00,PUR_IED_Atahualpa_Ext_fc1748,PUR_IED_Atahualpa_Ext_fc1748,,,,,
2026-09-12T10:06:06-05:00,PUR_IED_Atahualpa_Informa_dc9a95,PUR_IED_Atahualpa_Informa_dc9a95,,,,,
2026-09-12T10:06:06-05:00,PUR_IED_Atahualpa_S1101_f98056,PUR_IED_Atahualpa_S1101_f98056,,,,,
2026-09-12T10:06:06-05:00,PUR_IED_Bellavista_Ext_f5aa74,PUR_IED_Bellavista_Ext_f5aa74,,,,,
2026-09-12T10:06:06-05:00,PUR_IED_Bilbao_11A_916c41,PUR_IED_Bilbao_11A_916c41,,,,,
2026-09-12T10:06:06-05:00,PUR_IED_Bilbao_Ext_fb579a,PUR_IED_Bilbao_Ext_fb579a,,,,,
2026-09-12T10:06:06-05:00,PUR_IED_BrasiliaU_A125_304280,PUR_IED_BrasiliaU_A125_304280,,,,,
2026-09-12T10:06:06-05:00,PUR_IED_BrasiliaU_A203_7c8ca5,PUR_IED_BrasiliaU_A203_7c8ca5,,,,,
2026-09-12T10:06:06-05:00,PUR_IED_BrasiliaU_Ext_8d6e9f,PUR_IED_BrasiliaU_Ext_8d6e9f,5,18,64,4.5175,-74.116302
2026-09-12T10:06:06-05:00,PUR_IED_Brasilia_Ext_fe6593,PUR_IED_Brasilia_Ext_fe6593,,,,,
2026-09-12T10:06:06-05:00,PUR_IED_Brasilia_S24_7c130d,PUR_IED_Brasilia_S24_7c130d,,,,,
2026-09-12T10:06:06-05:00,PUR_IED_Brasilia_S501_186a54,PUR_IED_Brasilia_S501_186a54,,,,,
2026-09-12T10:06:06-05:00,PUR_IED_CHARRY_EXT_f1d5cd,PUR_IED_CHARRY_EXT_f1d5cd,,,,,
2026-09-12T10:06:06-05:00,PUR_IED_CHARRY_INTDANZAS_7a08e6,PUR_IED_CHARRY_INTDANZAS_7a08e6,,,,,
2026-09-12T10:06:06-05:00,PUR_IED_CHARRY_INT_AULA20_dc998d,PUR_IED_CHARRY_INT_AULA20_dc998d,,,,,
2026-09-12T10:06:06-05:00,PUR_IED_COLVIV_1101_S25_7f520a,PUR_IED_COLVIV_1101_S25_7f520a,,,,,
2026-09-12T10:06:06-05:00,PUR_IED_COLVIV_1102_S16_f570ba,PUR_IED_COLVIV_1102_S16_f570ba,,,,,
2026-09-12T10:06:06-05:00,PUR_IED_COLVIV_Ext_1a26fa,PUR_IED_COLVIV_Ext_1a26fa,,,,,
2026-09-12T10:06:06-05:00,PUR_IED_CULPOP_301A_f660f3,PUR_IED_CULPOP_301A_f660f3,,,,,
2026-09-12T10:06:06-05:00,PUR_IED_CULPOP_303_568afe,PUR_IED_CULPOP_303_568afe,,,,,
2026-09-12T10:06:06-05:00,PUR_IED_CULPOP_Ext_e02ccb,PUR_IED_CULPOP_Ext_e02ccb,,,,,
2026-09-12T10:06:06-05:00,PUR_IED_CVillavicen_Ext_26eb58,PUR_IED_CVillavicen_Ext_26eb58,7,16,80,4.487,-74.102798
2026-09-12T10:06:06-05:00,PUR_IED_CVillavicen_Intel_1ce5c2,PUR_IED_CVillavicen_Intel_1ce5c2,,,,,
2026-09-12T10:06:06-05:00,PUR_IED_CVillavicen_Poliv_e0766c,PUR_IED_CVillavicen_Poliv_e0766c,,,,,
2026-09-12T10:06:06-05:00,PUR_IED_CVillavicen_int_1ba140,PUR_IED_CVillavicen_int_1ba140,,,,,
2026-09-12T10:06:06-05:00,PUR_IED_CVillavicen_intel_1ba140,PUR_IED_CVillavicen_intel_1ba140,,,,,
2026-09-12T10:06:06-05:00,PUR_IED_CarlosPizarro_Ext_e307cc,PUR_IED_CarlosPizarro_Ext_e307cc,,,,,
2026-09-12T10:06:06-05:00,PUR_IED_CarlosPizarro_L36_7e5cdb,PUR_IED_CarlosPizarro_L36_7e5cdb,,,,,
2026-09-12T10:06:06-05:00,PUR_IED_CarlosPizarro_L37_c8566c,PUR_IED_CarlosPizarro_L37_c8566c,,,,,
2026-09-12T10:06:06-05:00,PUR_IED_Castilla_Ext_cf35f,PUR_IED_Castilla_Ext_cf35f,,,,,
2026-09-12T10:06:06-05:00,PUR_IED_Castilla_SFisik_360e38,PUR_IED_Castilla_SFisik_360e38,,,,,
2026-09-12T10:06:06-05:00,PUR_IED_Castilla_Sc304_496fbf,PUR_IED_Castilla_Sc304_496fbf,,,,,
2026-09-12T10:06:06-05:00,PUR_IED_CervantesSa_Ext_6b57b,PUR_IED_CervantesSa_Ext_6b57b,4,18,69,4.5128,-74.117203
2026-09-12T10:06:06-05:00,PUR_IED_CervantesSa_S107_225c2b,PUR_IED_CervantesSa_S107_225c2b,,,,,
2026-09-12T10:06:06-05:00,PUR_IED_CervantesSa_S108_940925,PUR_IED_CervantesSa_S108_940925,,,,,
2026-09-12T10:06:06-05:00,PUR_IED_Charry_A20_f53e7c,PUR_IED_Charry_A20_f53e7c,,,,,
2026-09-12T10:06:06-05:00,PUR_IED_Charry_Ext_f1d5cd,PUR_IED_Charry_Ext_f1d5cd,,,,,
2026-09-12T10:06:06-05:00,PUR_IED_Charry_IntAula20_dc998d,PUR_IED_Charry_IntAula20_dc998d,,,,,
2026-09-12T10:06:06-05:00,PUR_IED_Charry_IntDanzas_7a08e6,PUR_IED_Charry_IntDanzas_7a08e6,,,,,
2026-09-12T10:06:06-05:00,PUR_IED_ClememciaC_203_43e2fc,PUR_IED_ClememciaC_203_43e2fc,,,,,
2026-09-12T10:06:06-05:00,PUR_IED_ClememciaC_Ext_1b411a,PUR_IED_ClememciaC_Ext_1b411a,,,,,
2026-09-12T10:06:06-05:00,PUR_IED_ClememciaC_Quimic_44b5fc,PUR_IED_ClememciaC_Quimic_44b5fc,,,,,
2026-09-12T10:06:06-05:00,PUR_IED_ClemenciaC_203_43e2fc,PUR_IED_ClemenciaC_203_43e2fc,,,,,
2026-09-12T10:06:06-05:00,PUR_IED_ClemenciaC_Ext_1b411a,PUR_IED_ClemenciaC_Ext_1b411a,,,,,
2026-09-12T10:06:06-05:00,PUR_IED_ClemenciaC_Quimic_44b5fc,PUR_IED_ClemenciaC_Quimic_44b5fc,,,,,
2026-09-12T10:06:06-05:00,PUR_IED_ColViva_1101_S25_7f520a,PUR_IED_ColViva_1101_S25_7f520a,,,,,
2026-09-12T10:06:06-05:00,PUR_IED_ColViva_1102_S16_f570ba,PUR_IED_ColViva_1102_S16_f570ba,,,,,
2026-09-12T10:06:06-05:00,PUR_IED_ColViva_Ext_1a26fa,PUR_IED_ColViva_Ext_1a26fa,,,,,
2026-09-12T10:06:06-05:00,PUR_IED_ColegioBici_Asist_7c8798,PUR_IED_ColegioBici_Asist_7c8798,,,,,
2026-09-12T10:06:06-05:00,PUR_IED_ColegioBici_Ext_25cbf6,PUR_IED_ColegioBici_Ext_25cbf6,,,,,
2026-09-12T10:06:06-05:00,PUR_IED_ColegioBici_LabQ_7b57db,PUR_IED_ColegioBici_LabQ_7b57db,,,,,
2026-09-12T10:06:06-05:00,PUR_IED_CostaRica_Ext_5e640,PUR_IED_CostaRica_Ext_5e640,,,,,
2026-09-12T10:06:06-05:00,PUR_IED_CostaRica_Quim1_766d1c,PUR_IED_CostaRica_Quim1_766d1c,,,,,
2026-09-12T10:06:06-05:00,PUR_IED_CostaRica__Fisica_6f0873,PUR_IED_CostaRica__Fisica_6f0873,,,,,
2026-09-12T10:06:06-05:00,PUR_IED_CulPopu_301A_f660f3,PUR_IED_CulPopu_301A_f660f3,,,,,
2026-09-12T10:06:06-05:00,PUR_IED_CulPopu_303_568afe,PUR_IED_CulPopu_303_568afe,,,,,
2026-09-12T10:06:06-05:00,PUR_IED_CulPopu_Ext_e02ccb,PUR_IED_CulPopu_Ext_e02ccb,,,,,
2026-09-12T10:06:06-05:00,PUR_IED_Cundinamarca_Ext_f15985,PUR_IED_Cundinamarca_Ext_f15985,,,,,
2026-09-12T10:06:06-05:00,PUR_IED_Cundinamarca_Info_7aa5d7,PUR_IED_Cundinamarca_Info_7aa5d7,,,,,
2026-09-12T10:06:06-05:00,PUR_IED_Cundinamarca_Tec2_f449c7,PUR_IED_Cundinamarca_Tec2_f449c7,,,,,
2026-09-12T10:06:06-05:00,PUR_IED_DiegoM_Aula1_27b314,PUR_IED_DiegoM_Aula1_27b314,,,,,
2026-09-12T10:06:06-05:00,PUR_IED_DiegoM_Ext_d80ac8,PUR_IED_DiegoM_Ext_d80ac8,,,,,
2026-09-12T10:06:06-05:00,PUR_IED_DiegoM_S25_da928f,PUR_IED_DiegoM_S25_da928f,,,,,
2026-09-12T10:06:06-05:00,PUR_IED_ELRODEO_360881,PUR_IED_ELRODEO_360881,,,,,
2026-09-12T10:06:06-05:00,PUR_IED_ELRODEO_ext_360881,PUR_IED_ELRODEO_ext_360881,,,,,
2026-09-12T10:06:06-05:00,PUR_IED_EduardoU_Ext_1c1969,PUR_IED_EduardoU_Ext_1c1969,,,,,
2026-09-12T10:06:06-05:00,PUR_IED_EduardoU_SCiencia_4dfb94,PUR_IED_EduardoU_SCiencia_4dfb94,,,,,
2026-09-12T10:06:06-05:00,PUR_IED_EduardoU_SQuimica_5a46e7,PUR_IED_EduardoU_SQuimica_5a46e7,,,,,
2026-09-12T10:06:06-05:00,PUR_IED_ElRodeo_Aula14_676984,PUR_IED_ElRodeo_Aula14_676984,,,,,
2026-09-12T10:06:06-05:00,PUR_IED_ElRodeo_Aula16_2dd35b,PUR_IED_ElRodeo_Aula16_2dd35b,,,,,
2026-09-12T10:06:06-05:00,PUR_IED_ElRodeo_Ext_360881,PUR_IED_ElRodeo_Ext_360881,,,,,
2026-09-12T10:06:06-05:00,PUR_IED_ElRodeo_Exterior_8c6d28,PUR_IED_ElRodeo_Exterior_8c6d28,,,,,
2026-09-12T10:06:06-05:00,PUR_IED_ElRodeo_ext_360881,PUR_IED_ElRodeo_ext_360881,,,,,
2026-09-12T10:06:06-05:00,PUR_IED_EmmaReyes_Ext_987625,PUR_IED_EmmaReyes_Ext_987625,2,21,51,4.6367,-74.1511
2026-09-12T10:06:06-05:00,PUR_IED_Ensueño_Ext_7f0250,PUR_IED_Ensueño_Ext_7f0250,,,,,
2026-09-12T10:06:06-05:00,PUR_IED_EscNormal_Ext_5fef3b,PUR_IED_EscNormal_Ext_5fef3b,2,20,56,4.5852,-74.096901
2026-09-12T10:06:06-05:00,PUR_IED_EscNormal_S309_5b263,PUR_IED_EscNormal_S309_5b263,,,,,
2026-09-12T10:06:06-05:00,PUR_IED_EscNormal_S310_27b3b8,PUR_IED_EscNormal_S310_27b3b8,,,,,
2026-09-12T10:06:06-05:00,PUR_IED_Evangelista_Conta_f6cd4f,PUR_IED_Evangelista_Conta_f6cd4f,,,,,
2026-09-12T10:06:06-05:00,PUR_IED_Evangelista_Cri_5e16a,PUR_IED_Evangelista_Cri_5e16a,,,,,
2026-09-12T10:06:06-05:00,PUR_IED_Evangelista_Exter_754066,PUR_IED_Evangelista_Exter_754066,,,,,
2026-09-12T10:06:06-05:00,PUR_IED_FMiranda_S209_5cc2a3,PUR_IED_FMiranda_S209_5cc2a3,,,,,
2026-09-12T10:06:06-05:00,PUR_IED_FMiranda_S303_19e344,PUR_IED_FMiranda_S303_19e344,,,,,
2026-09-12T10:06:06-05:00,PUR_IED_FMiranda_ext_f53e7c,PUR_IED_FMiranda_ext_f53e7c,,,,,
2026-09-12T10:06:06-05:00,PUR_IED_FabioLozano_Bibli_1cee05,PUR_IED_FabioLozano_Bibli_1cee05,,,,,
2026-09-12T10:06:06-05:00,PUR_IED_FabioLozano_Ext_6ea285,PUR_IED_FabioLozano_Ext_6ea285,,,,,
2026-09-12T10:06:06-05:00,PUR_IED_FabioLozano_SLudi_f09e1e,PUR_IED_FabioLozano_SLudi_f09e1e,,,,,
2026-09-12T10:06:06-05:00,PUR_IED_FaustinoS_Aula07_27a731,PUR_IED_FaustinoS_Aula07_27a731,,,,,
2026-09-12T10:06:06-05:00,PUR_IED_FaustinoS_Ext_7b936f,PUR_IED_FaustinoS_Ext_7b936f,,,,,
2026-09-12T10:06:06-05:00,PUR_IED_FaustinoS_Fisica_da2c60,PUR_IED_FaustinoS_Fisica_da2c60,,,,,
2026-09-12T10:06:06-05:00,PUR_IED_FeGarciaLo_Ext_dc68ee,PUR_IED_FeGarciaLo_Ext_dc68ee,,,,,
2026-09-12T10:06:06-05:00,PUR_IED_FeGarciaLo_SDanza_f70a59,PUR_IED_FeGarciaLo_SDanza_f70a59,,,,,
2026-09-12T10:06:06-05:00,PUR_IED_FeGarciaLo_SMusic_125cdd,PUR_IED_FeGarciaLo_SMusic_125cdd,,,,,
2026-09-12T10:06:06-05:00,PUR_IED_FederalAlema_Exte_50c345,PUR_IED_FederalAlema_Exte_50c345,,,,,
2026-09-12T10:06:06-05:00,PUR_IED_FederalAlema_S31_f18371,PUR_IED_FederalAlema_S31_f18371,,,,,
2026-09-12T10:06:06-05:00,PUR_IED_FederalAlema_S901_a62cd,PUR_IED_FederalAlema_S901_a62cd,,,,,
2026-09-12T10:06:06-05:00,PUR_IED_FilarmonicaS_A5_f35eb1,PUR_IED_FilarmonicaS_A5_f35eb1,,,,,
2026-09-12T10:06:06-05:00,PUR_IED_FilarmonicaS_Ext_8a3bde,PUR_IED_FilarmonicaS_Ext_8a3bde,,,,,
2026-09-12T10:06:06-05:00,PUR_IED_FilarmonicaS_Spol_406114,PUR_IED_FilarmonicaS_Spol_406114,,,,,
2026-09-12T10:06:06-05:00,PUR_IED_FlorentinoG_A13_d1fa59,PUR_IED_FlorentinoG_A13_d1fa59,,,,,
2026-09-12T10:06:06-05:00,PUR_IED_FlorentinoG_Ext_1ce6ce,PUR_IED_FlorentinoG_Ext_1ce6ce,,,,,
2026-09-12T10:06:06-05:00,PUR_IED_FlorentinoG_Idiom_a66aac,PUR_IED_FlorentinoG_Idiom_a66aac,,,,,
2026-09-12T10:06:06-05:00,PUR_IED_FranciscoMati_Ext_e3869d,PUR_IED_FranciscoMati_Ext_e3869d,,,,,
2026-09-12T10:06:06-05:00,PUR_IED_FranciscoMati_S13_f31c67,PUR_IED_FranciscoMati_S13_f31c67,,,,,
2026-09-12T10:06:06-05:00,PUR_IED_FranciscoMati_S14_97dead,PUR_IED_FranciscoMati_S14_97dead,,,,,
2026-09-12T10:06:06-05:00,PUR_IED_FranciscoPS_Ext_7bfa9a,PUR_IED_FranciscoPS_Ext_7bfa9a,2,22,54,4.5899,-74.110397
2026-09-12T10:06:06-05:00,PUR_IED_FranciscoPS_Infor_fb8f4c,PUR_IED_FranciscoPS_Infor_fb8f4c,,,,,
2026-09-12T10:06:06-05:00,PUR_IED_FranciscoPS_Quimi_94d39c,PUR_IED_FranciscoPS_Quimi_94d39c,,,,,
2026-09-12T10:06:06-05:00,PUR_IED_FranciscoP_LabQ_d7e148,PUR_IED_FranciscoP_LabQ_d7e148,,,,,
2026-09-12T10:06:06-05:00,PUR_IED_FranciscoP_S28_cf9b30,PUR_IED_FranciscoP_S28_cf9b30,,,,,
2026-09-12T10:06:06-05:00,PUR_IED_FranciscoP_ext_e2313,PUR_IED_FranciscoP_ext_e2313,,,,,
2026-09-12T10:06:06-05:00,PUR_IED_FriederichN_Ext_8ac92a,PUR_IED_FriederichN_Ext_8ac92a,,,,,
2026-09-12T10:06:06-05:00,PUR_IED_FriederichN_S301_dd7e5a,PUR_IED_FriederichN_S301_dd7e5a,,,,,
2026-09-12T10:06:06-05:00,PUR_IED_FriederichN_S308_761f4f,PUR_IED_FriederichN_S308_761f4f,,,,,
2026-09-12T10:06:06-05:00,PUR_IED_GSantander_Aula10_533dd7,PUR_IED_GSantander_Aula10_533dd7,,,,,
2026-09-12T10:06:06-05:00,PUR_IED_GSantander_Aula12_fd4e4f,PUR_IED_GSantander_Aula12_fd4e4f,,,,,
2026-09-12T10:06:06-05:00,PUR_IED_GSantander_Aula310_533dd7,PUR_IED_GSantander_Aula310_533dd7,,,,,
2026-09-12T10:06:06-05:00,PUR_IED_GSantander_Aula312_fd4e4f,PUR_IED_GSantander_Aula312_fd4e4f,,,,,
2026-09-12T10:06:06-05:00,PUR_IED_GSantander_Ext_5f66b0,PUR_IED_GSantander_Ext_5f66b0,,,,,
2026-09-12T10:06:06-05:00,PUR_IED_GYomasa_Ext_f6bea5,PUR_IED_GYomasa_Ext_f6bea5,,,,,
2026-09-12T10:06:06-05:00,PUR_IED_GYomasa_LBiol_2c41aa,PUR_IED_GYomasa_LBiol_2c41aa,,,,,
2026-09-12T10:06:06-05:00,PUR_IED_GYomasa_LQuim_33c80,PUR_IED_GYomasa_LQuim_33c80,,,,,
2026-09-12T10:06:06-05:00,PUR_IED_GabBetMejia_Cienc_5a99c,PUR_IED_GabBetMejia_Cienc_5a99c,,,,,
2026-09-12T10:06:06-05:00,PUR_IED_GabBetMejia_Ext_9153d0,PUR_IED_GabBetMejia_Ext_9153d0,,,,,
2026-09-12T10:06:06-05:00,PUR_IED_GabBetMejia_Lab_f55347,PUR_IED_GabBetMejia_Lab_f55347,,,,,
2026-09-12T10:06:06-05:00,PUR_IED_GabBetanMejia_Ext_9153d0,PUR_IED_GabBetanMejia_Ext_9153d0,,,,,
2026-09-12T10:06:06-05:00,PUR_IED_Gaitana_Aula13_7aac11,PUR_IED_Gaitana_Aula13_7aac11,,,,,
2026-09-12T10:06:06-05:00,PUR_IED_Gaitana_Ext_5fcf4,PUR_IED_Gaitana_Ext_5fcf4,,,,,
2026-09-12T10:06:06-05:00,PUR_IED_Gaitana_LabFisica_644448,PUR_IED_Gaitana_LabFisica_644448,,,,,
2026-09-12T10:06:06-05:00,PUR_IED_GenSantander_Dise_8ac858,PUR_IED_GenSantander_Dise_8ac858,,,,,
2026-09-12T10:06:06-05:00,PUR_IED_GenSantander_Ext_8d5dfe,PUR_IED_GenSantander_Ext_8d5dfe,,,,,
2026-09-12T10:06:06-05:00,PUR_IED_GenSantander_Info_6c25b,PUR_IED_GenSantander_Info_6c25b,,,,,
2026-09-12T10:06:06-05:00,PUR_IED_GustavoMo_Exterio_75e63d,PUR_IED_GustavoMo_Exterio_75e63d,,,,,
2026-09-12T10:06:06-05:00,PUR_IED_GustavoMo_LabFisi_224d37,PUR_IED_GustavoMo_LabFisi_224d37,,,,,
2026-09-12T10:06:06-05:00,PUR_IED_GustavoMo_S208_3e6918,PUR_IED_GustavoMo_S208_3e6918,,,,,
2026-09-12T10:06:06-05:00,PUR_IED_GustavoR_A02_8cd4a8,PUR_IED_GustavoR_A02_8cd4a8,,,,,
2026-09-12T10:06:06-05:00,PUR_IED_GustavoR_B11_5b0ed,PUR_IED_GustavoR_B11_5b0ed,,,,,
2026-09-12T10:06:06-05:00,PUR_IED_GustavoR_Ext_7a0c90,PUR_IED_GustavoR_Ext_7a0c90,,,,,
2026-09-12T10:06:06-05:00,PUR_IED_HernandoDuran_Ext_8cd82b,PUR_IED_HernandoDuran_Ext_8cd82b,,,,,
2026-09-12T10:06:06-05:00,PUR_IED_HernandoDuran_S24_2772c6,PUR_IED_HernandoDuran_S24_2772c6,,,,,
2026-09-12T10:06:06-05:00,PUR_IED_HernandoDuran_S30_f2de41,PUR_IED_HernandoDuran_S30_f2de41,,,,,
2026-09-12T10:06:06-05:00,PUR_IED_HolguInUr_S1101_8cd732,PUR_IED_HolguInUr_S1101_8cd732,,,,,
2026-09-12T10:06:06-05:00,PUR_IED_HolguinUr_Exter_ddae6d,PUR_IED_HolguinUr_Exter_ddae6d,,,,,
2026-09-12T10:06:06-05:00,PUR_IED_HolguinUr_LabQuim_92b952,PUR_IED_HolguinUr_LabQuim_92b952,,,,,
2026-09-12T10:06:06-05:00,PUR_IED_Isabel-II_Ext_5245cc,PUR_IED_Isabel-II_Ext_5245cc,3,19,57,4.6336,-74.153
2026-09-12T10:06:06-05:00,PUR_IED_Isabel-II_S_idiom_1c29aa,PUR_IED_Isabel-II_S_idiom_1c29aa,,,,,
2026-09-12T10:06:06-05:00,PUR_IED_Isabel-II_S_infor_fd741,PUR_IED_Isabel-II_S_infor_fd741,,,,,
2026-09-12T10:06:06-05:00,PUR_IED_IsidroSur_Exterio_5b90ea,PUR_IED_IsidroSur_Exterio_5b90ea,,,,,
2026-09-12T10:06:06-05:00,PUR_IED_IsidroSur_LabTec_56697a,PUR_IED_IsidroSur_LabTec_56697a,,,,,
2026-09-12T10:06:06-05:00,PUR_IED_IsidroSur_Robotic_b7c38f,PUR_IED_IsidroSur_Robotic_b7c38f,,,,,
2026-09-12T10:06:06-05:00,PUR_IED_IsmaelPerd_Ext_7b6672,PUR_IED_IsmaelPerd_Ext_7b6672,,,,,
2026-09-12T10:06:06-05:00,PUR_IED_IsmaelPerd_Inform_306540,PUR_IED_IsmaelPerd_Inform_306540,,,,,
2026-09-12T10:06:06-05:00,PUR_IED_IsmaelPerd_S30_2e2c83,PUR_IED_IsmaelPerd_S30_2e2c83,,,,,
2026-09-12T10:06:06-05:00,PUR_IED_JLozano_Exter_432910,PUR_IED_JLozano_Exter_432910,,,,,
2026-09-12T10:06:06-05:00,PUR_IED_JLozano_salaMulti_df5125,PUR_IED_JLozano_salaMulti_df5125,,,,,
2026-09-12T10:06:06-05:00,PUR_IED_JMCordoba_206_86f80b,PUR_IED_JMCordoba_206_86f80b,,,,,
2026-09-12T10:06:06-05:00,PUR_IED_JMCordoba_Ext_27ad97,PUR_IED_JMCordoba_Ext_27ad97,,,,,
2026-09-12T10:06:06-05:00,PUR_IED_JMCordoba_S310_d59ab4,PUR_IED_JMCordoba_S310_d59ab4,,,,,
2026-09-12T10:06:06-05:00,PUR_IED_Japon_Ext_549100,PUR_IED_Japon_Ext_549100,,,,,
2026-09-12T10:06:06-05:00,PUR_IED_Japon_Laboratorio_bec51d,PUR_IED_Japon_Laboratorio_bec51d,,,,,
2026-09-12T10:06:06-05:00,PUR_IED_Japon_informatica_d99327,PUR_IED_Japon_informatica_d99327,,,,,
2026-09-12T10:06:06-05:00,PUR_IED_Jazmin_Ext_d27bda,PUR_IED_Jazmin_Ext_d27bda,,,,,
2026-09-12T10:06:06-05:00,PUR_IED_Jazmin_Fisica_8d14d7,PUR_IED_Jazmin_Fisica_8d14d7,,,,,
2026-09-12T10:06:06-05:00,PUR_IED_Jazmin_Quimica_801cb5,PUR_IED_Jazmin_Quimica_801cb5,,,,,
2026-09-12T10:06:06-05:00,PUR_IED_JorgeGaitan_Exter_f098d1,PUR_IED_JorgeGaitan_Exter_f098d1,,,,,
2026-09-12T10:06:06-05:00,PUR_IED_JorgeGaitan_STec1_dc9d1d,PUR_IED_JorgeGaitan_STec1_dc9d1d,,,,,
2026-09-12T10:06:06-05:00,PUR_IED_JorgeGaitan_STec2_281e69,PUR_IED_JorgeGaitan_STec2_281e69,,,,,
2026-09-12T10:06:06-05:00,PUR_IED_JorgeSoto_Exterio_d9d0a2,PUR_IED_JorgeSoto_Exterio_d9d0a2,,,,,
2026-09-12T10:06:06-05:00,PUR_IED_JorgeSoto_LabFisi_209c54,PUR_IED_JorgeSoto_LabFisi_209c54,,,,,
2026-09-12T10:06:06-05:00,PUR_IED_JorgeSoto_S103_27b51a,PUR_IED_JorgeSoto_S103_27b51a,,,,,
2026-09-12T10:06:06-05:00,PUR_IED_JoseAcevedo_A02_e965eb,PUR_IED_JoseAcevedo_A02_e965eb,,,,,
2026-09-12T10:06:06-05:00,PUR_IED_JoseAcevedo_A07_dd5b4,PUR_IED_JoseAcevedo_A07_dd5b4,,,,,
2026-09-12T10:06:06-05:00,PUR_IED_JoseAcevedo_Ext_b47484,PUR_IED_JoseAcevedo_Ext_b47484,,,,,
2026-09-12T10:06:06-05:00,PUR_IED_JoseMarti_Exte_5b9bf,PUR_IED_JoseMarti_Exte_5b9bf,,,,,
2026-09-12T10:06:06-05:00,PUR_IED_JoseMarti_LabQuim_1c6c2d,PUR_IED_JoseMarti_LabQuim_1c6c2d,,,,,
2026-09-12T10:06:06-05:00,PUR_IED_JoseMarti_S_info_f5f177,PUR_IED_JoseMarti_S_info_f5f177,,,,,
2026-09-12T10:06:06-05:00,PUR_IED_Josejoaquin_Ext_dfc5dc,PUR_IED_Josejoaquin_Ext_dfc5dc,,,,,
2026-09-12T10:06:06-05:00,PUR_IED_Josejoaquin_S05_5b2a96,PUR_IED_Josejoaquin_S05_5b2a96,,,,,
2026-09-12T10:06:06-05:00,PUR_IED_Josejoaquin_S06_1ce7d2,PUR_IED_Josejoaquin_S06_1ce7d2,,,,,
2026-09-12T10:06:06-05:00,PUR_IED_JulioFlorez_Danza_9b82dd,PUR_IED_JulioFlorez_Danza_9b82dd,,,,,
2026-09-12T10:06:06-05:00,PUR_IED_JulioFlorez_Exter_f9f314,PUR_IED_JulioFlorez_Exter_f9f314,,,,,
2026-09-12T10:06:06-05:00,PUR_IED_JulioFlorez_info2_6b6e08,PUR_IED_JulioFlorez_info2_6b6e08,,,,,
2026-09-12T10:06:06-05:00,PUR_IED_LaBelleza_Aula13_1d00d8,PUR_IED_LaBelleza_Aula13_1d00d8,,,,,
2026-09-12T10:06:06-05:00,PUR_IED_LaBelleza_Ext_7bc08c,PUR_IED_LaBelleza_Ext_7bc08c,,,,,
2026-09-12T10:06:06-05:00,PUR_IED_LaChucua_Ext_8cd6d2,PUR_IED_LaChucua_Ext_8cd6d2,,,,,
2026-09-12T10:06:06-05:00,PUR_IED_LaChucua_S15_f578ce,PUR_IED_LaChucua_S15_f578ce,,,,,
2026-09-12T10:06:06-05:00,PUR_IED_LaChucua_S16_eebcf9,PUR_IED_LaChucua_S16_eebcf9,,,,,
2026-09-12T10:06:06-05:00,PUR_IED_LaFelicidad_Ext_fb5109,PUR_IED_LaFelicidad_Ext_fb5109,,,,,
2026-09-12T10:06:06-05:00,PUR_IED_LaMerced_206_66ebd,PUR_IED_LaMerced_206_66ebd,,,,,
2026-09-12T10:06:06-05:00,PUR_IED_LaMerced_207_6ebd6,PUR_IED_LaMerced_207_6ebd6,,,,,
2026-09-12T10:06:06-05:00,PUR_IED_LaMerced_ext_304311,PUR_IED_LaMerced_ext_304311,,,,,
2026-09-12T10:06:06-05:00,PUR_IED_Laureano_CiencNat_281e5e,PUR_IED_Laureano_CiencNat_281e5e,,,,,
2026-09-12T10:06:06-05:00,PUR_IED_Laureano_Comedor_f65c0a,PUR_IED_Laureano_Comedor_f65c0a,,,,,
2026-09-12T10:06:06-05:00,PUR_IED_Laureano_Exterior_7ab011,PUR_IED_Laureano_Exterior_7ab011,,,,,
2026-09-12T10:06:06-05:00,PUR_IED_LeonGreiff_Exte_dfe560,PUR_IED_LeonGreiff_Exte_dfe560,,,,,
2026-09-12T10:06:06-05:00,PUR_IED_LeonGreiff_S210_f264ed,PUR_IED_LeonGreiff_S210_f264ed,,,,,
2026-09-12T10:06:06-05:00,PUR_IED_LeonGreiff_SQuimi_e8296f,PUR_IED_LeonGreiff_SQuimi_e8296f,,,,,
2026-09-12T10:06:06-05:00,PUR_IED_LlanoOrientalS208_7b9fcd,PUR_IED_LlanoOrientalS208_7b9fcd,,,,,
2026-09-12T10:06:06-05:00,PUR_IED_LlanoOriental_Ext_fb3766,PUR_IED_LlanoOriental_Ext_fb3766,,,,,
2026-09-12T10:06:06-05:00,PUR_IED_LlanoOriental_S208_7b9fcd,PUR_IED_LlanoOriental_S208_7b9fcd,,,,,
2026-09-12T10:06:06-05:00,PUR_IED_LlanoOriental_S9_27b378,PUR_IED_LlanoOriental_S9_27b378,,,,,
2026-09-12T10:06:06-05:00,PUR_IED_LosTejares_1101_477602,PUR_IED_LosTejares_1101_477602,,,,,
2026-09-12T10:06:06-05:00,PUR_IED_LosTejares_11_d2c595,PUR_IED_LosTejares_11_d2c595,,,,,
2026-09-12T10:06:06-05:00,PUR_IED_LosTejares_12_477602,PUR_IED_LosTejares_12_477602,,,,,
2026-09-12T10:06:06-05:00,PUR_IED_LosTejares_Ext_8e2115,PUR_IED_LosTejares_Ext_8e2115,,,,,
2026-09-12T10:06:06-05:00,PUR_IED_MagdalenaO_B202_5ddda3,PUR_IED_MagdalenaO_B202_5ddda3,,,,,
2026-09-12T10:06:06-05:00,PUR_IED_MagdalenaO_B205_fb76e8,PUR_IED_MagdalenaO_B205_fb76e8,,,,,
2026-09-12T10:06:06-05:00,PUR_IED_MagdalenaO_ext_dc69cd,PUR_IED_MagdalenaO_ext_dc69cd,,,,,
2026-09-12T10:06:06-05:00,PUR_IED_ManueCepeda_artes_eee956,PUR_IED_ManueCepeda_artes_eee956,,,,,
2026-09-12T10:06:06-05:00,PUR_IED_ManuelCepeda_Ext_58313,PUR_IED_ManuelCepeda_Ext_58313,,,,,
2026-09-12T10:06:06-05:00,PUR_IED_ManuelCepeda_tec_1c5731,PUR_IED_ManuelCepeda_tec_1c5731,,,,,
2026-09-12T10:06:06-05:00,PUR_IED_ManuelS_Exterior_5b269,PUR_IED_ManuelS_Exterior_5b269,,,,,
2026-09-12T10:06:06-05:00,PUR_IED_ManuelS_Inform_f369ce,PUR_IED_ManuelS_Inform_f369ce,,,,,
2026-09-12T10:06:06-05:00,PUR_IED_ManuelS_SArtes_7d15f1,PUR_IED_ManuelS_SArtes_7d15f1,,,,,
2026-09-12T10:06:06-05:00,PUR_IED_ManuelZapata_303_3ca6,PUR_IED_ManuelZapata_303_3ca6,,,,,
2026-09-12T10:06:06-05:00,PUR_IED_ManuelZapata_311_bfbabc,PUR_IED_ManuelZapata_311_bfbabc,,,,,
2026-09-12T10:06:06-05:00,PUR_IED_ManuelZapata_Ext_50824a,PUR_IED_ManuelZapata_Ext_50824a,,,,,
2026-09-12T10:06:06-05:00,PUR_IED_ManuelitaS_Exteri_656a92,PUR_IED_ManuelitaS_Exteri_656a92,,,,,
2026-09-12T10:06:06-05:00,PUR_IED_ManuelitaS_JuzgDe_f58ec3,PUR_IED_ManuelitaS_JuzgDe_f58ec3,,,,,
2026-09-12T10:06:06-05:00,PUR_IED_ManuelitaS_Recrea_d793db,PUR_IED_ManuelitaS_Recrea_d793db,,,,,
2026-09-12T10:06:06-05:00,PUR_IED_MarFidSuarez_Ext_c27b19,PUR_IED_MarFidSuarez_Ext_c27b19,,,,,
2026-09-12T10:06:06-05:00,PUR_IED_MarFidSuarez_Info_e384d7,PUR_IED_MarFidSuarez_Info_e384d7,,,,,
2026-09-12T10:06:06-05:00,PUR_IED_MarFidSuarez_S306_1d0032,PUR_IED_MarFidSuarez_S306_1d0032,,,,,
2026-09-12T10:06:06-05:00,PUR_IED_Menorah_301_2a25a3,PUR_IED_Menorah_301_2a25a3,,,,,
2026-09-12T10:06:06-05:00,PUR_IED_Menorah_306_37ed3,PUR_IED_Menorah_306_37ed3,,,,,
2026-09-12T10:06:06-05:00,PUR_IED_Menorah_Ext_3e155b,PUR_IED_Menorah_Ext_3e155b,,,,,
2026-09-12T10:06:06-05:00,PUR_IED_MinutoB.Aires_A11_1b1604,PUR_IED_MinutoB.Aires_A11_1b1604,,,,,
2026-09-12T10:06:06-05:00,PUR_IED_MinutoB.Aires_A12_fb5860,PUR_IED_MinutoB.Aires_A12_fb5860,,,,,
2026-09-12T10:06:06-05:00,PUR_IED_MinutoB.Aires_Ext_81293f,PUR_IED_MinutoB.Aires_Ext_81293f,,,,,
2026-09-12T10:06:06-05:00,PUR_IED_MinutoBAires_A11_1b1604,PUR_IED_MinutoBAires_A11_1b1604,,,,,
2026-09-12T10:06:06-05:00,PUR_IED_MinutoBAires_A12_fb5860,PUR_IED_MinutoBAires_A12_fb5860,,,,,
2026-09-12T10:06:06-05:00,PUR_IED_MinutoBAires_Ext_81293f,PUR_IED_MinutoBAires_Ext_81293f,,,,,
2026-09-12T10:06:06-05:00,PUR_IED_Montreal_Aula10_1e4959,PUR_IED_Montreal_Aula10_1e4959,,,,,
2026-09-12T10:06:06-05:00,PUR_IED_Montreal_Aula6_300367,PUR_IED_Montreal_Aula6_300367,,,,,
2026-09-12T10:06:06-05:00,PUR_IED_Montreal_Exterior_91a179,PUR_IED_Montreal_Exterior_91a179,,,,,
2026-09-12T10:06:06-05:00,PUR_IED_Mqgdalena_B202_5ddda3,PUR_IED_Mqgdalena_B202_5ddda3,,,,,
2026-09-12T10:06:06-05:00,PUR_IED_NACUND_Soc_dc8728,PUR_IED_NACUND_Soc_dc8728,,,,,
2026-09-12T10:06:06-05:00,PUR_IED_NACUND_ext_27ad97,PUR_IED_NACUND_ext_27ad97,,,,,
2026-09-12T10:06:06-05:00,PUR_IED_NEsperanza_Ext_d24b61,PUR_IED_NEsperanza_Ext_d24b61,,,,,
2026-09-12T10:06:06-05:00,PUR_IED_NEsperanza_SElect_7d1807,PUR_IED_NEsperanza_SElect_7d1807,,,,,
2026-09-12T10:06:06-05:00,PUR_IED_NEsperanza_SLabor_8b2d0a,PUR_IED_NEsperanza_SLabor_8b2d0a,,,,,
2026-09-12T10:06:06-05:00,PUR_IED_NacionesU_Ext_f661a9,PUR_IED_NacionesU_Ext_f661a9,,,,,
2026-09-12T10:06:06-05:00,PUR_IED_NacionesU_Quimica_66f0a,PUR_IED_NacionesU_Quimica_66f0a,,,,,
2026-09-12T10:06:06-05:00,PUR_IED_NacionesU_S306_1b4b3d,PUR_IED_NacionesU_S306_1b4b3d,,,,,
2026-09-12T10:06:06-05:00,PUR_IED_NestorFA_Ext_e4201c,PUR_IED_NestorFA_Ext_e4201c,,,,,
2026-09-12T10:06:06-05:00,PUR_IED_NestorFA_Laborato_f22fe0,PUR_IED_NestorFA_Laborato_f22fe0,,,,,
2026-09-12T10:06:06-05:00,PUR_IED_NestorFA_S204_dee996,PUR_IED_NestorFA_S204_dee996,,,,,
2026-09-12T10:06:06-05:00,PUR_IED_NidyaQT_Aula03_76999b,PUR_IED_NidyaQT_Aula03_76999b,,,,,
2026-09-12T10:06:06-05:00,PUR_IED_NidyaQT_Aula10_56325,PUR_IED_NidyaQT_Aula10_56325,,,,,
2026-09-12T10:06:06-05:00,PUR_IED_NidyaQT_Ext_46e32d,PUR_IED_NidyaQT_Ext_46e32d,,,,,
2026-09-12T10:06:06-05:00,PUR_IED_NuevaCol_Exterior_d9b859,PUR_IED_NuevaCol_Exterior_d9b859,,,,,
2026-09-12T10:06:06-05:00,PUR_IED_NuevaCol_S1101_76c43b,PUR_IED_NuevaCol_S1101_76c43b,,,,,
2026-09-12T10:06:06-05:00,PUR_IED_NuevaCol_S1102_1ce0b5,PUR_IED_NuevaCol_S1102_1ce0b5,,,,,
2026-09-12T10:06:06-05:00,PUR_IED_OEA_A202_f7e3f2,PUR_IED_OEA_A202_f7e3f2,,,,,
2026-09-12T10:06:06-05:00,PUR_IED_OEA_A203_7d1b8d,PUR_IED_OEA_A203_7d1b8d,,,,,
2026-09-12T10:06:06-05:00,PUR_IED_OEA_Ext_27b593,PUR_IED_OEA_Ext_27b593,,,,,
2026-09-12T10:06:06-05:00,PUR_IED_Ochoa_Ext_1c29da,PUR_IED_Ochoa_Ext_1c29da,,,,,
2026-09-12T10:06:06-05:00,PUR_IED_Ochoa_S205_8b1121,PUR_IED_Ochoa_S205_8b1121,,,,,
2026-09-12T10:06:06-05:00,PUR_IED_Ochoa_Sistemas_f33af6,PUR_IED_Ochoa_Sistemas_f33af6,,,,,
2026-09-12T10:06:06-05:00,PUR_IED_PQuebec_Ext_1c67c7,PUR_IED_PQuebec_Ext_1c67c7,,,,,
2026-09-12T10:06:06-05:00,PUR_IED_PQuebec_S15_23e8e2,PUR_IED_PQuebec_S15_23e8e2,,,,,
2026-09-12T10:06:06-05:00,PUR_IED_PQuebec_S16_8ec76b,PUR_IED_PQuebec_S16_8ec76b,,,,,
2026-09-12T10:06:06-05:00,PUR_IED_PabloN_Ext_49dc96,PUR_IED_PabloN_Ext_49dc96,,,,,
2026-09-12T10:06:06-05:00,PUR_IED_PabloN_S1102_4e3df5,PUR_IED_PabloN_S1102_4e3df5,,,,,
2026-09-12T10:06:06-05:00,PUR_IED_PabloN_S1103_50c94b,PUR_IED_PabloN_S1103_50c94b,,,,,
2026-09-12T10:06:06-05:00,PUR_IED_Palestina_S1101_db9198,PUR_IED_Palestina_S1101_db9198,,,,,
2026-09-12T10:06:06-05:00,PUR_IED_Palestina_S1102_dc54fa,PUR_IED_Palestina_S1102_dc54fa,,,,,
2026-09-12T10:06:06-05:00,PUR_IED_Palestina_ext_4ccce6,PUR_IED_Palestina_ext_4ccce6,,,,,
2026-09-12T10:06:06-05:00,PUR_IED_Panama_Fisica_4d0794,PUR_IED_Panama_Fisica_4d0794,,,,,
2026-09-12T10:06:06-05:00,PUR_IED_Panama_SIngles_a4077e,PUR_IED_Panama_SIngles_a4077e,,,,,
2026-09-12T10:06:06-05:00,PUR_IED_Panama_ext_4c54b4,PUR_IED_Panama_ext_4c54b4,,,,,
2026-09-12T10:06:06-05:00,PUR_IED_ParaisoM_Exterior_8cd7f0,PUR_IED_ParaisoM_Exterior_8cd7f0,,,,,
2026-09-12T10:06:06-05:00,PUR_IED_ParaisoM_Laborato_27af35,PUR_IED_ParaisoM_Laborato_27af35,,,,,
2026-09-12T10:06:06-05:00,PUR_IED_ParaisoM_S304_d1edca,PUR_IED_ParaisoM_S304_d1edca,,,,,
2026-09-12T10:06:06-05:00,PUR_IED_PorfirioBarba_Ext_301466,PUR_IED_PorfirioBarba_Ext_301466,,,,,
2026-09-12T10:06:06-05:00,PUR_IED_PorfirioBarba_S11_df6cd2,PUR_IED_PorfirioBarba_S11_df6cd2,,,,,
2026-09-12T10:06:06-05:00,PUR_IED_PorfirioBarba_S29_27a7d6,PUR_IED_PorfirioBarba_S29_27a7d6,,,,,
2026-09-12T10:06:06-05:00,PUR_IED_PradoV_Exter_8b27ad,PUR_IED_PradoV_Exter_8b27ad,,,,,
2026-09-12T10:06:06-05:00,PUR_IED_PradoV_S301_de65b5,PUR_IED_PradoV_S301_de65b5,,,,,
2026-09-12T10:06:06-05:00,PUR_IED_PradoV_S302_7d2593,PUR_IED_PradoV_S302_7d2593,,,,,
2026-09-12T10:06:06-05:00,PUR_IED_QuirogaAlz_Ext_1ddc82,PUR_IED_QuirogaAlz_Ext_1ddc82,,,,,
2026-09-12T10:06:06-05:00,PUR_IED_QuirogaAlz_S302_9926a3,PUR_IED_QuirogaAlz_S302_9926a3,,,,,
2026-09-12T10:06:06-05:00,PUR_IED_QuirogaAlz_S305_cdf1f1,PUR_IED_QuirogaAlz_S305_cdf1f1,,,,,
2026-09-12T10:06:06-05:00,PUR_IED_RGuatemala_Biling_dc53b7,PUR_IED_RGuatemala_Biling_dc53b7,,,,,
2026-09-12T10:06:06-05:00,PUR_IED_RGuatemala_Ext_1b89a3,PUR_IED_RGuatemala_Ext_1b89a3,,,,,
2026-09-12T10:06:06-05:00,PUR_IED_RGuatemala_Tecnol_281a34,PUR_IED_RGuatemala_Tecnol_281a34,,,,,
2026-09-12T10:06:06-05:00,PUR_IED_RafaNu_Ext_f7c302,PUR_IED_RafaNu_Ext_f7c302,,,,,
2026-09-12T10:06:06-05:00,PUR_IED_RafaNu_S1101_25fde,PUR_IED_RafaNu_S1101_25fde,,,,,
2026-09-12T10:06:06-05:00,PUR_IED_RafaNu_S1102_281517,PUR_IED_RafaNu_S1102_281517,,,,,
2026-09-12T10:06:06-05:00,PUR_IED_RafaelB_S305_ee2783,PUR_IED_RafaelB_S305_ee2783,,,,,
2026-09-12T10:06:06-05:00,PUR_IED_RafaelB_S306_75fe33,PUR_IED_RafaelB_S306_75fe33,,,,,
2026-09-12T10:06:06-05:00,PUR_IED_RafaelB_ext_283336,PUR_IED_RafaelB_ext_283336,2,20,56,4.6722,-74.0737
2026-09-12T10:06:06-05:00,PUR_IED_RafaelUU_Exterior_281a51,PUR_IED_RafaelUU_Exterior_281a51,,,,,
2026-09-12T10:06:06-05:00,PUR_IED_RafaelUU_Human_806b2,PUR_IED_RafaelUU_Human_806b2,,,,,
2026-09-12T10:06:06-05:00,PUR_IED_RafaelUU_Mate2_5680d4,PUR_IED_RafaelUU_Mate2_5680d4,,,,,
2026-09-12T10:06:06-05:00,PUR_IED_RamonSub_Ext_f9eeb9,PUR_IED_RamonSub_Ext_f9eeb9,,,,,
2026-09-12T10:06:06-05:00,PUR_IED_RamonSub_Media_d1f62f,PUR_IED_RamonSub_Media_d1f62f,,,,,
2026-09-12T10:06:06-05:00,PUR_IED_RamonSub_planta_51b82,PUR_IED_RamonSub_planta_51b82,,,,,
2026-09-12T10:06:06-05:00,PUR_IED_RepBoliVene_Exter_27af7c,PUR_IED_RepBoliVene_Exter_27af7c,,,,,
2026-09-12T10:06:06-05:00,PUR_IED_RepBoliVene_SCPT_5ae2ee,PUR_IED_RepBoliVene_SCPT_5ae2ee,,,,,
2026-09-12T10:06:06-05:00,PUR_IED_RepBoliVene_Socia_4b11d5,PUR_IED_RepBoliVene_Socia_4b11d5,,,,,
2026-09-12T10:06:06-05:00,PUR_IED_RepChina_Ext_76d9ee,PUR_IED_RepChina_Ext_76d9ee,,,,,
2026-09-12T10:06:06-05:00,PUR_IED_RepChina_S404_7c804c,PUR_IED_RepChina_S404_7c804c,,,,,
2026-09-12T10:06:06-05:00,PUR_IED_RepChina_S405_df2c33,PUR_IED_RepChina_S405_df2c33,,,,,
2026-09-12T10:06:06-05:00,PUR_IED_RepublicaC_Exteri_7d1ec9,PUR_IED_RepublicaC_Exteri_7d1ec9,,,,,
2026-09-12T10:06:06-05:00,PUR_IED_RepublicaC_S1101_f544b3,PUR_IED_RepublicaC_S1101_f544b3,,,,,
2026-09-12T10:06:06-05:00,PUR_IED_RepublicaC_S1102_7aafc7,PUR_IED_RepublicaC_S1102_7aafc7,,,,,
2026-09-12T10:06:06-05:00,PUR_IED_Ricaurte_Externo_a0ea1,PUR_IED_Ricaurte_Externo_a0ea1,,,,,
2026-09-12T10:06:06-05:00,PUR_IED_Ricaurte_S210_f546fd,PUR_IED_Ricaurte_S210_f546fd,,,,,
2026-09-12T10:06:06-05:00,PUR_IED_Ricaurte_S309_d4452,PUR_IED_Ricaurte_S309_d4452,,,,,
2026-09-12T10:06:06-05:00,PUR_IED_RogelioS_1102_531e69,PUR_IED_RogelioS_1102_531e69,,,,,
2026-09-12T10:06:06-05:00,PUR_IED_RogelioS_Ext_f25a18,PUR_IED_RogelioS_Ext_f25a18,,,,,
2026-09-12T10:06:06-05:00,PUR_IED_SBernardino_Ext_27aff8,PUR_IED_SBernardino_Ext_27aff8,,,,,
2026-09-12T10:06:06-05:00,PUR_IED_SBernardino_SArte_2ffd33,PUR_IED_SBernardino_SArte_2ffd33,,,,,
2026-09-12T10:06:06-05:00,PUR_IED_SBernardino_SIngl_7c7da5,PUR_IED_SBernardino_SIngl_7c7da5,,,,,
2026-09-12T10:06:06-05:00,PUR_IED_Sago_auditorio_dc9d1d,PUR_IED_Sago_auditorio_dc9d1d,,,,,
2026-09-12T10:06:06-05:00,PUR_IED_Saludcoop_Ext_95aac3,PUR_IED_Saludcoop_Ext_95aac3,,,,,
2026-09-12T10:06:06-05:00,PUR_IED_Saludcoop_InfI_90c854,PUR_IED_Saludcoop_InfI_90c854,,,,,
2026-09-12T10:06:06-05:00,PUR_IED_Saludcoop_SMedia_1b93be,PUR_IED_Saludcoop_SMedia_1b93be,,,,,
2026-09-12T10:06:06-05:00,PUR_IED_SanCarlos_1101_1a2360,PUR_IED_SanCarlos_1101_1a2360,,,,,
2026-09-12T10:06:06-05:00,PUR_IED_SanCarlos_1103_7bafb5,PUR_IED_SanCarlos_1103_7bafb5,,,,,
2026-09-12T10:06:06-05:00,PUR_IED_SanCarlos_Ext_b7cd1,PUR_IED_SanCarlos_Ext_b7cd1,,,,,
2026-09-12T10:06:06-05:00,PUR_IED_SanIgnacioBosa11a_50c26e,PUR_IED_SanIgnacioBosa11a_50c26e,,,,,
2026-09-12T10:06:06-05:00,PUR_IED_SanIgnacioBosa11b_371de8,PUR_IED_SanIgnacioBosa11b_371de8,,,,,
2026-09-12T10:06:06-05:00,PUR_IED_SanIgnacioBosaExt_ef0ffc,PUR_IED_SanIgnacioBosaExt_ef0ffc,,,,,
2026-09-12T10:06:06-05:00,PUR_IED_SanIgnacioBosa_11a_50c26e,PUR_IED_SanIgnacioBosa_11a_50c26e,,,,,
2026-09-12T10:06:06-05:00,PUR_IED_SanIgnacioBosa_Ext_ef0ffc,PUR_IED_SanIgnacioBosa_Ext_ef0ffc,,,,,
2026-09-12T10:06:06-05:00,PUR_IED_SanJoseN_intS1101_31c47f,PUR_IED_SanJoseN_intS1101_31c47f,,,,,
2026-09-12T10:06:06-05:00,PUR_IED_SanJoseUsm_Exter_f5d7e8,PUR_IED_SanJoseUsm_Exter_f5d7e8,,,,,
2026-09-12T10:06:06-05:00,PUR_IED_SanJoseUsm_Int11A_cfdef6,PUR_IED_SanJoseUsm_Int11A_cfdef6,,,,,
2026-09-12T10:06:06-05:00,PUR_IED_SilveriaR_IntB5_905349,PUR_IED_SilveriaR_IntB5_905349,,,,,
2026-09-12T10:06:06-05:00,PUR_IED_SilveriaR_IntSD14_981f93,PUR_IED_SilveriaR_IntSD14_981f93,,,,,
2026-09-12T10:06:06-05:00,PUR_IED_SilveriaR_ext_2b651d,PUR_IED_SilveriaR_ext_2b651d,,,,,
2026-09-12T10:06:06-05:00,PUR_IED_SimonB_Exterior_913975,PUR_IED_SimonB_Exterior_913975,,,,,
2026-09-12T10:06:06-05:00,PUR_IED_SimonB_LabQuimi_c56908,PUR_IED_SimonB_LabQuimi_c56908,,,,,
2026-09-12T10:06:06-05:00,PUR_IED_SimonB_informatic_a28c1,PUR_IED_SimonB_informatic_a28c1,,,,,
2026-09-12T10:06:06-05:00,PUR_IED_Sorrento_1102_315f50,PUR_IED_Sorrento_1102_315f50,,,,,
2026-09-12T10:06:06-05:00,PUR_IED_Sorrento_Minte_214eab,PUR_IED_Sorrento_Minte_214eab,,,,,
2026-09-12T10:06:06-05:00,PUR_IED_Sorrento_ext_7c3a0a,PUR_IED_Sorrento_ext_7c3a0a,,,,,
2026-09-12T10:06:06-05:00,PUR_IED_Tabora_Ext_f048ae,PUR_IED_Tabora_Ext_f048ae,,,,,
2026-09-12T10:06:06-05:00,PUR_IED_Tabora_S1102_b07752,PUR_IED_Tabora_S1102_b07752,,,,,
2026-09-12T10:06:06-05:00,PUR_IED_Tabora_S1103_d988f5,PUR_IED_Tabora_S1103_d988f5,,,,,
2026-09-12T10:06:06-05:00,PUR_IED_Tenerife_Ext_1ab188,PUR_IED_Tenerife_Ext_1ab188,,,,,
2026-09-12T10:06:06-05:00,PUR_IED_Tenerife_SDanzas_7bc02e,PUR_IED_Tenerife_SDanzas_7bc02e,,,,,
2026-09-12T10:06:06-05:00,PUR_IED_Tenerife_SIngles_7cc277,PUR_IED_Tenerife_SIngles_7cc277,,,,,
2026-09-12T10:06:06-05:00,PUR_IED_Tibabuyes_Exter_f2683d,PUR_IED_Tibabuyes_Exter_f2683d,,,,,
2026-09-12T10:06:06-05:00,PUR_IED_Tibabuyes_S10_dc87a8,PUR_IED_Tibabuyes_S10_dc87a8,,,,,
2026-09-12T10:06:06-05:00,PUR_IED_Tibabuyes_S15_dc0526,PUR_IED_Tibabuyes_S15_dc0526,,,,,
2026-09-12T10:06:06-05:00,PUR_IED_UnionE_S301_a1043,PUR_IED_UnionE_S301_a1043,,,,,
2026-09-12T10:06:06-05:00,PUR_IED_UnionE_S307_ff6c2f,PUR_IED_UnionE_S307_ff6c2f,,,,,
2026-09-12T10:06:06-05:00,PUR_IED_UnionE__Ext_5e2468,PUR_IED_UnionE__Ext_5e2468,,,,,
2026-09-12T10:06:06-05:00,PUR_IED_VillaRica_Ext_75be7c,PUR_IED_VillaRica_Ext_75be7c,,,,,
2026-09-12T10:06:06-05:00,PUR_IED_VillaRica_S4_cc5dcd,PUR_IED_VillaRica_S4_cc5dcd,,,,,
2026-09-12T10:06:06-05:00,PUR_IED_VillaRica_Sesp_99f5c,PUR_IED_VillaRica_Sesp_99f5c,,,,,
2026-09-12T10:11:09-05:00,PUR_IED_20deJulio_1101_91b1b9,PUR_IED_20deJulio_1101_91b1b9,,,,,
2026-09-12T10:11:09-05:00,PUR_IED_20deJulio_1102_1cfcf9,PUR_IED_20deJulio_1102_1cfcf9,,,,,
2026-09-12T10:11:09-05:00,PUR_IED_20deJulio_Ext_ab60bd,PUR_IED_20deJulio_Ext_ab60bd,,,,,
2026-09-12T10:11:09-05:00,PUR_IED_AgustinFer_Ext_7b9b77,PUR_IED_AgustinFer_Ext_7b9b77,,,,,
2026-09-12T10:11:09-05:00,PUR_IED_AgustinFer_Info2_27b3a7,PUR_IED_AgustinFer_Info2_27b3a7,,,,,
2026-09-12T10:11:09-05:00,PUR_IED_AgustinFer_Sena_54b4eb,PUR_IED_AgustinFer_Sena_54b4eb,,,,,
2026-09-12T10:11:09-05:00,PUR_IED_AlexanderF_1102_caf07b,PUR_IED_AlexanderF_1102_caf07b,,,,,
2026-09-12T10:11:09-05:00,PUR_IED_AlexanderF_1103_c79e71,PUR_IED_AlexanderF_1103_c79e71,,,,,
2026-09-12T10:11:09-05:00,PUR_IED_AlexanderF_Ext_c5b18b,PUR_IED_AlexanderF_Ext_c5b18b,,,,,
2026-09-12T10:11:09-05:00,PUR_IED_AlfonsoLopez_Ext_281d77,PUR_IED_AlfonsoLopez_Ext_281d77,,,,,
2026-09-12T10:11:09-05:00,PUR_IED_AlfonsoLopez_LabF_888ce0,PUR_IED_AlfonsoLopez_LabF_888ce0,,,,,
2026-09-12T10:11:09-05:00,PUR_IED_AlfonsoLopez_SMed_df6a7f,PUR_IED_AlfonsoLopez_SMed_df6a7f,,,,,
2026-09-12T10:11:09-05:00,PUR_IED_AltamiraSO_A2_209f92,PUR_IED_AltamiraSO_A2_209f92,,,,,
2026-09-12T10:11:09-05:00,PUR_IED_AltamiraSO_Ext_186d66,PUR_IED_AltamiraSO_Ext_186d66,,,,,
2026-09-12T10:11:09-05:00,PUR_IED_AltamiraSO_Sistem_27afe1,PUR_IED_AltamiraSO_Sistem_27afe1,,,,,
2026-09-12T10:11:09-05:00,PUR_IED_AlvaroGom_LabQuim_813179,PUR_IED_AlvaroGom_LabQuim_813179,,,,,
2026-09-12T10:11:09-05:00,PUR_IED_AlvaroGomez_Ext_47c7ca,PUR_IED_AlvaroGomez_Ext_47c7ca,,,,,
2026-09-12T10:11:09-05:00,PUR_IED_AlvaroGomez_LabQuim_813179,PUR_IED_AlvaroGomez_LabQuim_813179,,,,,
2026-09-12T10:11:09-05:00,PUR_IED_AlvaroGomez_S23_7ba89f,PUR_IED_AlvaroGomez_S23_7ba89f,,,,,
2026-09-12T10:11:09-05:00,PUR_IED_Amistad_306_dc8728,PUR_IED_Amistad_306_dc8728,,,,,
2026-09-12T10:11:09-05:00,PUR_IED_Amistad_Ext_8cd55e,PUR_IED_Amistad_Ext_8cd55e,,,,,
2026-09-12T10:11:09-05:00,PUR_IED_Amistad_S202_a41169,PUR_IED_Amistad_S202_a41169,,,,,
2026-09-12T10:11:09-05:00,PUR_IED_AndresBello_Bio_fd5f5e,PUR_IED_AndresBello_Bio_fd5f5e,,,,,
2026-09-12T10:11:09-05:00,PUR_IED_AndresBello_ext_dcad65,PUR_IED_AndresBello_ext_dcad65,,,,,
2026-09-12T10:11:09-05:00,PUR_IED_AndresBello_port_eed3ec,PUR_IED_AndresBello_port_eed3ec,,,,,
2026-09-12T10:11:09-05:00,PUR_IED_AngelaR_11b_d90a6b,PUR_IED_AngelaR_11b_d90a6b,,,,,
2026-09-12T10:11:09-05:00,PUR_IED_AngelaR_ext_7cad3e,PUR_IED_AngelaR_ext_7cad3e,3,20,62,4.5825,-74.164497
2026-09-12T10:11:09-05:00,PUR_IED_AntJoseSucre_10mo_df2575,PUR_IED_AntJoseSucre_10mo_df2575,,,,,
2026-09-12T10:11:09-05:00,PUR_IED_AntJoseSucre_Ext_215b36,PUR_IED_AntJoseSucre_Ext_215b36,,,,,
2026-09-12T10:11:09-05:00,PUR_IED_AntJoseSucre_Lab_3139de,PUR_IED_AntJoseSucre_Lab_3139de,,,,,
2026-09-12T10:11:09-05:00,PUR_IED_AntonioGarcia_301_d6b188,PUR_IED_AntonioGarcia_301_d6b188,,,,,
2026-09-12T10:11:09-05:00,PUR_IED_AntonioGarcia_302_88a82,PUR_IED_AntonioGarcia_302_88a82,,,,,
2026-09-12T10:11:09-05:00,PUR_IED_AntonioGarcia_Ext_20950c,PUR_IED_AntonioGarcia_Ext_20950c,,,,,
2026-09-12T10:11:09-05:00,PUR_IED_AntonioVan_Aula2_6dea02,PUR_IED_AntonioVan_Aula2_6dea02,,,,,
2026-09-12T10:11:09-05:00,PUR_IED_AntonioVan_Aula5_f1557e,PUR_IED_AntonioVan_Aula5_f1557e,,,,,
2026-09-12T10:11:09-05:00,PUR_IED_AntonioVan_Ext_406f2f,PUR_IED_AntonioVan_Ext_406f2f,,,,,
2026-09-12T10:11:09-05:00,PUR_IED_Atabanzha_Ext_cc5af9,PUR_IED_Atabanzha_Ext_cc5af9,,,,,
2026-09-12T10:11:09-05:00,PUR_IED_Atabanzha_SA101_56c37,PUR_IED_Atabanzha_SA101_56c37,,,,,
2026-09-12T10:11:09-05:00,PUR_IED_Atabanzha_SB302_27b374,PUR_IED_Atabanzha_SB302_27b374,,,,,
2026-09-12T10:11:09-05:00,PUR_IED_Atahualpa_Ext_fc1748,PUR_IED_Atahualpa_Ext_fc1748,,,,,
2026-09-12T10:11:09-05:00,PUR_IED_Atahualpa_Informa_dc9a95,PUR_IED_Atahualpa_Informa_dc9a95,,,,,
2026-09-12T10:11:09-05:00,PUR_IED_Atahualpa_S1101_f98056,PUR_IED_Atahualpa_S1101_f98056,,,,,
2026-09-12T10:11:09-05:00,PUR_IED_Bellavista_Ext_f5aa74,PUR_IED_Bellavista_Ext_f5aa74,,,,,
2026-09-12T10:11:09-05:00,PUR_IED_Bilbao_11A_916c41,PUR_IED_Bilbao_11A_916c41,,,,,
2026-09-12T10:11:09-05:00,PUR_IED_Bilbao_Ext_fb579a,PUR_IED_Bilbao_Ext_fb579a,,,,,
2026-09-12T10:11:09-05:00,PUR_IED_BrasiliaU_A125_304280,PUR_IED_BrasiliaU_A125_304280,,,,,
2026-09-12T10:11:09-05:00,PUR_IED_BrasiliaU_A203_7c8ca5,PUR_IED_BrasiliaU_A203_7c8ca5,,,,,
2026-09-12T10:11:09-05:00,PUR_IED_BrasiliaU_Ext_8d6e9f,PUR_IED_BrasiliaU_Ext_8d6e9f,5,18,63,4.5175,-74.116302
2026-09-12T10:11:09-05:00,PUR_IED_Brasilia_Ext_fe6593,PUR_IED_Brasilia_Ext_fe6593,,,,,
2026-09-12T10:11:09-05:00,PUR_IED_Brasilia_S24_7c130d,PUR_IED_Brasilia_S24_7c130d,,,,,
2026-09-12T10:11:09-05:00,PUR_IED_Brasilia_S501_186a54,PUR_IED_Brasilia_S501_186a54,,,,,
2026-09-12T10:11:09-05:00,PUR_IED_CHARRY_EXT_f1d5cd,PUR_IED_CHARRY_EXT_f1d5cd,,,,,
2026-09-12T10:11:09-05:00,PUR_IED_CHARRY_INTDANZAS_7a08e6,PUR_IED_CHARRY_INTDANZAS_7a08e6,,,,,
2026-09-12T10:11:09-05:00,PUR_IED_CHARRY_INT_AULA20_dc998d,PUR_IED_CHARRY_INT_AULA20_dc998d,,,,,
2026-09-12T10:11:09-05:00,PUR_IED_COLVIV_1101_S25_7f520a,PUR_IED_COLVIV_1101_S25_7f520a,,,,,
2026-09-12T10:11:09-05:00,PUR_IED_COLVIV_1102_S16_f570ba,PUR_IED_COLVIV_1102_S16_f570ba,,,,,
2026-09-12T10:11:09-05:00,PUR_IED_COLVIV_Ext_1a26fa,PUR_IED_COLVIV_Ext_1a26fa,,,,,
2026-09-12T10:11:09-05:00,PUR_IED_CULPOP_301A_f660f3,PUR_IED_CULPOP_301A_f660f3,,,,,
2026-09-12T10:11:09-05:00,PUR_IED_CULPOP_303_568afe,PUR_IED_CULPOP_303_568afe,,,,,
2026-09-12T10:11:09-05:00,PUR_IED_CULPOP_Ext_e02ccb,PUR_IED_CULPOP_Ext_e02ccb,,,,,
2026-09-12T10:11:09-05:00,PUR_IED_CVillavicen_Ext_26eb58,PUR_IED_CVillavicen_Ext_26eb58,6,16,79,4.487,-74.102798
2026-09-12T10:11:09-05:00,PUR_IED_CVillavicen_Intel_1ce5c2,PUR_IED_CVillavicen_Intel_1ce5c2,,,,,
2026-09-12T10:11:09-05:00,PUR_IED_CVillavicen_Poliv_e0766c,PUR_IED_CVillavicen_Poliv_e0766c,,,,,
2026-09-12T10:11:09-05:00,PUR_IED_CVillavicen_int_1ba140,PUR_IED_CVillavicen_int_1ba140,,,,,
2026-09-12T10:11:09-05:00,PUR_IED_CVillavicen_intel_1ba140,PUR_IED_CVillavicen_intel_1ba140,,,,,
2026-09-12T10:11:09-05:00,PUR_IED_CarlosPizarro_Ext_e307cc,PUR_IED_CarlosPizarro_Ext_e307cc,,,,,
2026-09-12T10:11:09-05:00,PUR_IED_CarlosPizarro_L36_7e5cdb,PUR_IED_CarlosPizarro_L36_7e5cdb,,,,,
2026-09-12T10:11:09-05:00,PUR_IED_CarlosPizarro_L37_c8566c,PUR_IED_CarlosPizarro_L37_c8566c,,,,,
2026-09-12T10:11:09-05:00,PUR_IED_Castilla_Ext_cf35f,PUR_IED_Castilla_Ext_cf35f,,,,,
2026-09-12T10:11:09-05:00,PUR_IED_Castilla_SFisik_360e38,PUR_IED_Castilla_SFisik_360e38,,,,,
2026-09-12T10:11:09-05:00,PUR_IED_Castilla_Sc304_496fbf,PUR_IED_Castilla_Sc304_496fbf,,,,,
2026-09-12T10:11:09-05:00,PUR_IED_CervantesSa_Ext_6b57b,PUR_IED_CervantesSa_Ext_6b57b,4,19,68,4.5128,-74.117203
2026-09-12T10:11:09-05:00,PUR_IED_CervantesSa_S107_225c2b,PUR_IED_CervantesSa_S107_225c2b,,,,,
2026-09-12T10:11:09-05:00,PUR_IED_CervantesSa_S108_940925,PUR_IED_CervantesSa_S108_940925,,,,,
2026-09-12T10:11:09-05:00,PUR_IED_Charry_A20_f53e7c,PUR_IED_Charry_A20_f53e7c,,,,,
2026-09-12T10:11:09-05:00,PUR_IED_Charry_Ext_f1d5cd,PUR_IED_Charry_Ext_f1d5cd,,,,,
2026-09-12T10:11:09-05:00,PUR_IED_Charry_IntAula20_dc998d,PUR_IED_Charry_IntAula20_dc998d,,,,,
2026-09-12T10:11:09-05:00,PUR_IED_Charry_IntDanzas_7a08e6,PUR_IED_Charry_IntDanzas_7a08e6,,,,,
2026-09-12T10:11:09-05:00,PUR_IED_ClememciaC_203_43e2fc,PUR_IED_ClememciaC_203_43e2fc,,,,,
2026-09-12T10:11:09-05:00,PUR_IED_ClememciaC_Ext_1b411a,PUR_IED_ClememciaC_Ext_1b411a,,,,,
2026-09-12T10:11:09-05:00,PUR_IED_ClememciaC_Quimic_44b5fc,PUR_IED_ClememciaC_Quimic_44b5fc,,,,,
2026-09-12T10:11:09-05:00,PUR_IED_ClemenciaC_203_43e2fc,PUR_IED_ClemenciaC_203_43e2fc,,,,,
2026-09-12T10:11:09-05:00,PUR_IED_ClemenciaC_Ext_1b411a,PUR_IED_ClemenciaC_Ext_1b411a,,,,,
2026-09-12T10:11:09-05:00,PUR_IED_ClemenciaC_Quimic_44b5fc,PUR_IED_ClemenciaC_Quimic_44b5fc,,,,,
2026-09-12T10:11:09-05:00,PUR_IED_ColViva_1101_S25_7f520a,PUR_IED_ColViva_1101_S25_7f520a,,,,,
2026-09-12T10:11:09-05:00,PUR_IED_ColViva_1102_S16_f570ba,PUR_IED_ColViva_1102_S16_f570ba,,,,,
2026-09-12T10:11:09-05:00,PUR_IED_ColViva_Ext_1a26fa,PUR_IED_ColViva_Ext_1a26fa,,,,,
2026-09-12T10:11:09-05:00,PUR_IED_ColegioBici_Asist_7c8798,PUR_IED_ColegioBici_Asist_7c8798,,,,,
2026-09-12T10:11:09-05:00,PUR_IED_ColegioBici_Ext_25cbf6,PUR_IED_ColegioBici_Ext_25cbf6,,,,,
2026-09-12T10:11:09-05:00,PUR_IED_ColegioBici_LabQ_7b57db,PUR_IED_ColegioBici_LabQ_7b57db,,,,,
2026-09-12T10:11:09-05:00,PUR_IED_CostaRica_Ext_5e640,PUR_IED_CostaRica_Ext_5e640,,,,,
2026-09-12T10:11:09-05:00,PUR_IED_CostaRica_Quim1_766d1c,PUR_IED_CostaRica_Quim1_766d1c,,,,,
2026-09-12T10:11:09-05:00,PUR_IED_CostaRica__Fisica_6f0873,PUR_IED_CostaRica__Fisica_6f0873,,,,,
2026-09-12T10:11:09-05:00,PUR_IED_CulPopu_301A_f660f3,PUR_IED_CulPopu_301A_f660f3,,,,,
2026-09-12T10:11:09-05:00,PUR_IED_CulPopu_303_568afe,PUR_IED_CulPopu_303_568afe,,,,,
2026-09-12T10:11:09-05:00,PUR_IED_CulPopu_Ext_e02ccb,PUR_IED_CulPopu_Ext_e02ccb,,,,,
2026-09-12T10:11:09-05:00,PUR_IED_Cundinamarca_Ext_f15985,PUR_IED_Cundinamarca_Ext_f15985,,,,,
2026-09-12T10:11:09-05:00,PUR_IED_Cundinamarca_Info_7aa5d7,PUR_IED_Cundinamarca_Info_7aa5d7,,,,,
2026-09-12T10:11:09-05:00,PUR_IED_Cundinamarca_Tec2_f449c7,PUR_IED_Cundinamarca_Tec2_f449c7,,,,,
2026-09-12T10:11:09-05:00,PUR_IED_DiegoM_Aula1_27b314,PUR_IED_DiegoM_Aula1_27b314,,,,,
2026-09-12T10:11:09-05:00,PUR_IED_DiegoM_Ext_d80ac8,PUR_IED_DiegoM_Ext_d80ac8,,,,,
2026-09-12T10:11:09-05:00,PUR_IED_DiegoM_S25_da928f,PUR_IED_DiegoM_S25_da928f,,,,,
2026-09-12T10:11:09-05:00,PUR_IED_ELRODEO_360881,PUR_IED_ELRODEO_360881,,,,,
2026-09-12T10:11:09-05:00,PUR_IED_ELRODEO_ext_360881,PUR_IED_ELRODEO_ext_360881,,,,,
2026-09-12T10:11:09-05:00,PUR_IED_EduardoU_Ext_1c1969,PUR_IED_EduardoU_Ext_1c1969,,,,,
2026-09-12T10:11:09-05:00,PUR_IED_EduardoU_SCiencia_4dfb94,PUR_IED_EduardoU_SCiencia_4dfb94,,,,,
2026-09-12T10:11:09-05:00,PUR_IED_EduardoU_SQuimica_5a46e7,PUR_IED_EduardoU_SQuimica_5a46e7,,,,,
2026-09-12T10:11:09-05:00,PUR_IED_ElRodeo_Aula14_676984,PUR_IED_ElRodeo_Aula14_676984,,,,,
2026-09-12T10:11:09-05:00,PUR_IED_ElRodeo_Aula16_2dd35b,PUR_IED_ElRodeo_Aula16_2dd35b,,,,,
2026-09-12T10:11:09-05:00,PUR_IED_ElRodeo_Ext_360881,PUR_IED_ElRodeo_Ext_360881,,,,,
2026-09-12T10:11:09-05:00,PUR_IED_ElRodeo_Exterior_8c6d28,PUR_IED_ElRodeo_Exterior_8c6d28,,,,,
2026-09-12T10:11:09-05:00,PUR_IED_ElRodeo_ext_360881,PUR_IED_ElRodeo_ext_360881,,,,,
2026-09-12T10:11:09-05:00,PUR_IED_EmmaReyes_Ext_987625,PUR_IED_EmmaReyes_Ext_987625,3,21,51,4.6367,-74.1511
2026-09-12T10:11:09-05:00,PUR_IED_Ensueño_Ext_7f0250,PUR_IED_Ensueño_Ext_7f0250,,,,,
2026-09-12T10:11:09-05:00,PUR_IED_EscNormal_Ext_5fef3b,PUR_IED_EscNormal_Ext_5fef3b,2,21,56,4.5852,-74.096901
2026-09-12T10:11:09-05:00,PUR_IED_EscNormal_S309_5b263,PUR_IED_EscNormal_S309_5b263,,,,,
2026-09-12T10:11:09-05:00,PUR_IED_EscNormal_S310_27b3b8,PUR_IED_EscNormal_S310_27b3b8,,,,,
2026-09-12T10:11:09-05:00,PUR_IED_Evangelista_Conta_f6cd4f,PUR_IED_Evangelista_Conta_f6cd4f,,,,,
2026-09-12T10:11:09-05:00,PUR_IED_Evangelista_Cri_5e16a,PUR_IED_Evangelista_Cri_5e16a,,,,,
2026-09-12T10:11:09-05:00,PUR_IED_Evangelista_Exter_754066,PUR_IED_Evangelista_Exter_754066,,,,,
2026-09-12T10:11:09-05:00,PUR_IED_FMiranda_S209_5cc2a3,PUR_IED_FMiranda_S209_5cc2a3,,,,,
2026-09-12T10:11:09-05:00,PUR_IED_FMiranda_S303_19e344,PUR_IED_FMiranda_S303_19e344,,,,,
2026-09-12T10:11:09-05:00,PUR_IED_FMiranda_ext_f53e7c,PUR_IED_FMiranda_ext_f53e7c,,,,,
2026-09-12T10:11:09-05:00,PUR_IED_FabioLozano_Bibli_1cee05,PUR_IED_FabioLozano_Bibli_1cee05,,,,,
2026-09-12T10:11:09-05:00,PUR_IED_FabioLozano_Ext_6ea285,PUR_IED_FabioLozano_Ext_6ea285,,,,,
2026-09-12T10:11:09-05:00,PUR_IED_FabioLozano_SLudi_f09e1e,PUR_IED_FabioLozano_SLudi_f09e1e,,,,,
2026-09-12T10:11:09-05:00,PUR_IED_FaustinoS_Aula07_27a731,PUR_IED_FaustinoS_Aula07_27a731,,,,,
2026-09-12T10:11:09-05:00,PUR_IED_FaustinoS_Ext_7b936f,PUR_IED_FaustinoS_Ext_7b936f,,,,,
2026-09-12T10:11:09-05:00,PUR_IED_FaustinoS_Fisica_da2c60,PUR_IED_FaustinoS_Fisica_da2c60,,,,,
2026-09-12T10:11:09-05:00,PUR_IED_FeGarciaLo_Ext_dc68ee,PUR_IED_FeGarciaLo_Ext_dc68ee,,,,,
2026-09-12T10:11:09-05:00,PUR_IED_FeGarciaLo_SDanza_f70a59,PUR_IED_FeGarciaLo_SDanza_f70a59,,,,,
2026-09-12T10:11:09-05:00,PUR_IED_FeGarciaLo_SMusic_125cdd,PUR_IED_FeGarciaLo_SMusic_125cdd,,,,,
2026-09-12T10:11:09-05:00,PUR_IED_FederalAlema_Exte_50c345,PUR_IED_FederalAlema_Exte_50c345,,,,,
2026-09-12T10:11:09-05:00,PUR_IED_FederalAlema_S31_f18371,PUR_IED_FederalAlema_S31_f18371,,,,,
2026-09-12T10:11:09-05:00,PUR_IED_FederalAlema_S901_a62cd,PUR_IED_FederalAlema_S901_a62cd,,,,,
2026-09-12T10:11:09-05:00,PUR_IED_FilarmonicaS_A5_f35eb1,PUR_IED_FilarmonicaS_A5_f35eb1,,,,,
2026-09-12T10:11:09-05:00,PUR_IED_FilarmonicaS_Ext_8a3bde,PUR_IED_FilarmonicaS_Ext_8a3bde,,,,,
2026-09-12T10:11:09-05:00,PUR_IED_FilarmonicaS_Spol_406114,PUR_IED_FilarmonicaS_Spol_406114,,,,,
2026-09-12T10:11:09-05:00,PUR_IED_FlorentinoG_A13_d1fa59,PUR_IED_FlorentinoG_A13_d1fa59,,,,,
2026-09-12T10:11:09-05:00,PUR_IED_FlorentinoG_Ext_1ce6ce,PUR_IED_FlorentinoG_Ext_1ce6ce,,,,,
2026-09-12T10:11:09-05:00,PUR_IED_FlorentinoG_Idiom_a66aac,PUR_IED_FlorentinoG_Idiom_a66aac,,,,,
2026-09-12T10:11:09-05:00,PUR_IED_FranciscoMati_Ext_e3869d,PUR_IED_FranciscoMati_Ext_e3869d,,,,,
2026-09-12T10:11:09-05:00,PUR_IED_FranciscoMati_S13_f31c67,PUR_IED_FranciscoMati_S13_f31c67,,,,,
2026-09-12T10:11:09-05:00,PUR_IED_FranciscoMati_S14_97dead,PUR_IED_FranciscoMati_S14_97dead,,,,,
2026-09-12T10:11:09-05:00,PUR_IED_FranciscoPS_Ext_7bfa9a,PUR_IED_FranciscoPS_Ext_7bfa9a,2,22,54,4.5899,-74.110397
2026-09-12T10:11:09-05:00,PUR_IED_FranciscoPS_Infor_fb8f4c,PUR_IED_FranciscoPS_Infor_fb8f4c,,,,,
2026-09-12T10:11:09-05:00,PUR_IED_FranciscoPS_Quimi_94d39c,PUR_IED_FranciscoPS_Quimi_94d39c,,,,,
2026-09-12T10:11:09-05:00,PUR_IED_FranciscoP_LabQ_d7e148,PUR_IED_FranciscoP_LabQ_d7e148,,,,,
2026-09-12T10:11:09-05:00,PUR_IED_FranciscoP_S28_cf9b30,PUR_IED_FranciscoP_S28_cf9b30,,,,,
2026-09-12T10:11:09-05:00,PUR_IED_FranciscoP_ext_e2313,PUR_IED_FranciscoP_ext_e2313,,,,,
2026-09-12T10:11:09-05:00,PUR_IED_FriederichN_Ext_8ac92a,PUR_IED_FriederichN_Ext_8ac92a,,,,,
2026-09-12T10:11:09-05:00,PUR_IED_FriederichN_S301_dd7e5a,PUR_IED_FriederichN_S301_dd7e5a,,,,,
2026-09-12T10:11:09-05:00,PUR_IED_FriederichN_S308_761f4f,PUR_IED_FriederichN_S308_761f4f,,,,,
2026-09-12T10:11:09-05:00,PUR_IED_GSantander_Aula10_533dd7,PUR_IED_GSantander_Aula10_533dd7,,,,,
2026-09-12T10:11:09-05:00,PUR_IED_GSantander_Aula12_fd4e4f,PUR_IED_GSantander_Aula12_fd4e4f,,,,,
2026-09-12T10:11:09-05:00,PUR_IED_GSantander_Aula310_533dd7,PUR_IED_GSantander_Aula310_533dd7,,,,,
2026-09-12T10:11:09-05:00,PUR_IED_GSantander_Aula312_fd4e4f,PUR_IED_GSantander_Aula312_fd4e4f,,,,,
2026-09-12T10:11:09-05:00,PUR_IED_GSantander_Ext_5f66b0,PUR_IED_GSantander_Ext_5f66b0,,,,,
2026-09-12T10:11:09-05:00,PUR_IED_GYomasa_Ext_f6bea5,PUR_IED_GYomasa_Ext_f6bea5,,,,,
2026-09-12T10:11:09-05:00,PUR_IED_GYomasa_LBiol_2c41aa,PUR_IED_GYomasa_LBiol_2c41aa,,,,,
2026-09-12T10:11:09-05:00,PUR_IED_GYomasa_LQuim_33c80,PUR_IED_GYomasa_LQuim_33c80,,,,,
2026-09-12T10:11:09-05:00,PUR_IED_GabBetMejia_Cienc_5a99c,PUR_IED_GabBetMejia_Cienc_5a99c,,,,,
2026-09-12T10:11:09-05:00,PUR_IED_GabBetMejia_Ext_9153d0,PUR_IED_GabBetMejia_Ext_9153d0,,,,,
2026-09-12T10:11:09-05:00,PUR_IED_GabBetMejia_Lab_f55347,PUR_IED_GabBetMejia_Lab_f55347,,,,,
2026-09-12T10:11:09-05:00,PUR_IED_GabBetanMejia_Ext_9153d0,PUR_IED_GabBetanMejia_Ext_9153d0,,,,,
2026-09-12T10:11:09-05:00,PUR_IED_Gaitana_Aula13_7aac11,PUR_IED_Gaitana_Aula13_7aac11,,,,,
2026-09-12T10:11:09-05:00,PUR_IED_Gaitana_Ext_5fcf4,PUR_IED_Gaitana_Ext_5fcf4,,,,,
2026-09-12T10:11:09-05:00,PUR_IED_Gaitana_LabFisica_644448,PUR_IED_Gaitana_LabFisica_644448,,,,,
2026-09-12T10:11:09-05:00,PUR_IED_GenSantander_Dise_8ac858,PUR_IED_GenSantander_Dise_8ac858,,,,,
2026-09-12T10:11:09-05:00,PUR_IED_GenSantander_Ext_8d5dfe,PUR_IED_GenSantander_Ext_8d5dfe,,,,,
2026-09-12T10:11:09-05:00,PUR_IED_GenSantander_Info_6c25b,PUR_IED_GenSantander_Info_6c25b,,,,,
2026-09-12T10:11:09-05:00,PUR_IED_GustavoMo_Exterio_75e63d,PUR_IED_GustavoMo_Exterio_75e63d,,,,,
2026-09-12T10:11:09-05:00,PUR_IED_GustavoMo_LabFisi_224d37,PUR_IED_GustavoMo_LabFisi_224d37,,,,,
2026-09-12T10:11:09-05:00,PUR_IED_GustavoMo_S208_3e6918,PUR_IED_GustavoMo_S208_3e6918,,,,,
2026-09-12T10:11:09-05:00,PUR_IED_GustavoR_A02_8cd4a8,PUR_IED_GustavoR_A02_8cd4a8,,,,,
2026-09-12T10:11:09-05:00,PUR_IED_GustavoR_B11_5b0ed,PUR_IED_GustavoR_B11_5b0ed,,,,,
2026-09-12T10:11:09-05:00,PUR_IED_GustavoR_Ext_7a0c90,PUR_IED_GustavoR_Ext_7a0c90,,,,,
2026-09-12T10:11:09-05:00,PUR_IED_HernandoDuran_Ext_8cd82b,PUR_IED_HernandoDuran_Ext_8cd82b,,,,,
2026-09-12T10:11:09-05:00,PUR_IED_HernandoDuran_S24_2772c6,PUR_IED_HernandoDuran_S24_2772c6,,,,,
2026-09-12T10:11:09-05:00,PUR_IED_HernandoDuran_S30_f2de41,PUR_IED_HernandoDuran_S30_f2de41,,,,,
2026-09-12T10:11:09-05:00,PUR_IED_HolguInUr_S1101_8cd732,PUR_IED_HolguInUr_S1101_8cd732,,,,,
2026-09-12T10:11:09-05:00,PUR_IED_HolguinUr_Exter_ddae6d,PUR_IED_HolguinUr_Exter_ddae6d,,,,,
2026-09-12T10:11:09-05:00,PUR_IED_HolguinUr_LabQuim_92b952,PUR_IED_HolguinUr_LabQuim_92b952,,,,,
2026-09-12T10:11:09-05:00,PUR_IED_Isabel-II_Ext_5245cc,PUR_IED_Isabel-II_Ext_5245cc,4,19,57,4.6336,-74.153
2026-09-12T10:11:09-05:00,PUR_IED_Isabel-II_S_idiom_1c29aa,PUR_IED_Isabel-II_S_idiom_1c29aa,,,,,
2026-09-12T10:11:09-05:00,PUR_IED_Isabel-II_S_infor_fd741,PUR_IED_Isabel-II_S_infor_fd741,,,,,
2026-09-12T10:11:09-05:00,PUR_IED_IsidroSur_Exterio_5b90ea,PUR_IED_IsidroSur_Exterio_5b90ea,,,,,
2026-09-12T10:11:09-05:00,PUR_IED_IsidroSur_LabTec_56697a,PUR_IED_IsidroSur_LabTec_56697a,,,,,
2026-09-12T10:11:09-05:00,PUR_IED_IsidroSur_Robotic_b7c38f,PUR_IED_IsidroSur_Robotic_b7c38f,,,,,
2026-09-12T10:11:09-05:00,PUR_IED_IsmaelPerd_Ext_7b6672,PUR_IED_IsmaelPerd_Ext_7b6672,,,,,
2026-09-12T10:11:09-05:00,PUR_IED_IsmaelPerd_Inform_306540,PUR_IED_IsmaelPerd_Inform_306540,,,,,
2026-09-12T10:11:09-05:00,PUR_IED_IsmaelPerd_S30_2e2c83,PUR_IED_IsmaelPerd_S30_2e2c83,,,,,
2026-09-12T10:11:09-05:00,PUR_IED_JLozano_Exter_432910,PUR_IED_JLozano_Exter_432910,,,,,
2026-09-12T10:11:09-05:00,PUR_IED_JLozano_salaMulti_df5125,PUR_IED_JLozano_salaMulti_df5125,,,,,
2026-09-12T10:11:09-05:00,PUR_IED_JMCordoba_206_86f80b,PUR_IED_JMCordoba_206_86f80b,,,,,
2026-09-12T10:11:09-05:00,PUR_IED_JMCordoba_Ext_27ad97,PUR_IED_JMCordoba_Ext_27ad97,,,,,
2026-09-12T10:11:09-05:00,PUR_IED_JMCordoba_S310_d59ab4,PUR_IED_JMCordoba_S310_d59ab4,,,,,
2026-09-12T10:11:09-05:00,PUR_IED_Japon_Ext_549100,PUR_IED_Japon_Ext_549100,,,,,
2026-09-12T10:11:09-05:00,PUR_IED_Japon_Laboratorio_bec51d,PUR_IED_Japon_Laboratorio_bec51d,,,,,
2026-09-12T10:11:09-05:00,PUR_IED_Japon_informatica_d99327,PUR_IED_Japon_informatica_d99327,,,,,
2026-09-12T10:11:09-05:00,PUR_IED_Jazmin_Ext_d27bda,PUR_IED_Jazmin_Ext_d27bda,,,,,
2026-09-12T10:11:09-05:00,PUR_IED_Jazmin_Fisica_8d14d7,PUR_IED_Jazmin_Fisica_8d14d7,,,,,
2026-09-12T10:11:09-05:00,PUR_IED_Jazmin_Quimica_801cb5,PUR_IED_Jazmin_Quimica_801cb5,,,,,
2026-09-12T10:11:09-05:00,PUR_IED_JorgeGaitan_Exter_f098d1,PUR_IED_JorgeGaitan_Exter_f098d1,,,,,
2026-09-12T10:11:09-05:00,PUR_IED_JorgeGaitan_STec1_dc9d1d,PUR_IED_JorgeGaitan_STec1_dc9d1d,,,,,
2026-09-12T10:11:09-05:00,PUR_IED_JorgeGaitan_STec2_281e69,PUR_IED_JorgeGaitan_STec2_281e69,,,,,
2026-09-12T10:11:09-05:00,PUR_IED_JorgeSoto_Exterio_d9d0a2,PUR_IED_JorgeSoto_Exterio_d9d0a2,,,,,
2026-09-12T10:11:09-05:00,PUR_IED_JorgeSoto_LabFisi_209c54,PUR_IED_JorgeSoto_LabFisi_209c54,,,,,
2026-09-12T10:11:09-05:00,PUR_IED_JorgeSoto_S103_27b51a,PUR_IED_JorgeSoto_S103_27b51a,,,,,
2026-09-12T10:11:09-05:00,PUR_IED_JoseAcevedo_A02_e965eb,PUR_IED_JoseAcevedo_A02_e965eb,,,,,
2026-09-12T10:11:09-05:00,PUR_IED_JoseAcevedo_A07_dd5b4,PUR_IED_JoseAcevedo_A07_dd5b4,,,,,
2026-09-12T10:11:09-05:00,PUR_IED_JoseAcevedo_Ext_b47484,PUR_IED_JoseAcevedo_Ext_b47484,,,,,
2026-09-12T10:11:09-05:00,PUR_IED_JoseMarti_Exte_5b9bf,PUR_IED_JoseMarti_Exte_5b9bf,,,,,
2026-09-12T10:11:09-05:00,PUR_IED_JoseMarti_LabQuim_1c6c2d,PUR_IED_JoseMarti_LabQuim_1c6c2d,,,,,
2026-09-12T10:11:09-05:00,PUR_IED_JoseMarti_S_info_f5f177,PUR_IED_JoseMarti_S_info_f5f177,,,,,
2026-09-12T10:11:09-05:00,PUR_IED_Josejoaquin_Ext_dfc5dc,PUR_IED_Josejoaquin_Ext_dfc5dc,,,,,
2026-09-12T10:11:09-05:00,PUR_IED_Josejoaquin_S05_5b2a96,PUR_IED_Josejoaquin_S05_5b2a96,,,,,
2026-09-12T10:11:09-05:00,PUR_IED_Josejoaquin_S06_1ce7d2,PUR_IED_Josejoaquin_S06_1ce7d2,,,,,
2026-09-12T10:11:09-05:00,PUR_IED_JulioFlorez_Danza_9b82dd,PUR_IED_JulioFlorez_Danza_9b82dd,,,,,
2026-09-12T10:11:09-05:00,PUR_IED_JulioFlorez_Exter_f9f314,PUR_IED_JulioFlorez_Exter_f9f314,,,,,
2026-09-12T10:11:09-05:00,PUR_IED_JulioFlorez_info2_6b6e08,PUR_IED_JulioFlorez_info2_6b6e08,,,,,
2026-09-12T10:11:09-05:00,PUR_IED_LaBelleza_Aula13_1d00d8,PUR_IED_LaBelleza_Aula13_1d00d8,,,,,
2026-09-12T10:11:09-05:00,PUR_IED_LaBelleza_Ext_7bc08c,PUR_IED_LaBelleza_Ext_7bc08c,,,,,
2026-09-12T10:11:09-05:00,PUR_IED_LaChucua_Ext_8cd6d2,PUR_IED_LaChucua_Ext_8cd6d2,,,,,
2026-09-12T10:11:09-05:00,PUR_IED_LaChucua_S15_f578ce,PUR_IED_LaChucua_S15_f578ce,,,,,
2026-09-12T10:11:09-05:00,PUR_IED_LaChucua_S16_eebcf9,PUR_IED_LaChucua_S16_eebcf9,,,,,
2026-09-12T10:11:09-05:00,PUR_IED_LaFelicidad_Ext_fb5109,PUR_IED_LaFelicidad_Ext_fb5109,,,,,
2026-09-12T10:11:09-05:00,PUR_IED_LaMerced_206_66ebd,PUR_IED_LaMerced_206_66ebd,,,,,
2026-09-12T10:11:09-05:00,PUR_IED_LaMerced_207_6ebd6,PUR_IED_LaMerced_207_6ebd6,,,,,
2026-09-12T10:11:09-05:00,PUR_IED_LaMerced_ext_304311,PUR_IED_LaMerced_ext_304311,,,,,
2026-09-12T10:11:09-05:00,PUR_IED_Laureano_CiencNat_281e5e,PUR_IED_Laureano_CiencNat_281e5e,,,,,
2026-09-12T10:11:09-05:00,PUR_IED_Laureano_Comedor_f65c0a,PUR_IED_Laureano_Comedor_f65c0a,,,,,
2026-09-12T10:11:09-05:00,PUR_IED_Laureano_Exterior_7ab011,PUR_IED_Laureano_Exterior_7ab011,,,,,
2026-09-12T10:11:09-05:00,PUR_IED_LeonGreiff_Exte_dfe560,PUR_IED_LeonGreiff_Exte_dfe560,,,,,
2026-09-12T10:11:09-05:00,PUR_IED_LeonGreiff_S210_f264ed,PUR_IED_LeonGreiff_S210_f264ed,,,,,
2026-09-12T10:11:09-05:00,PUR_IED_LeonGreiff_SQuimi_e8296f,PUR_IED_LeonGreiff_SQuimi_e8296f,,,,,
2026-09-12T10:11:09-05:00,PUR_IED_LlanoOrientalS208_7b9fcd,PUR_IED_LlanoOrientalS208_7b9fcd,,,,,
2026-09-12T10:11:09-05:00,PUR_IED_LlanoOriental_Ext_fb3766,PUR_IED_LlanoOriental_Ext_fb3766,,,,,
2026-09-12T10:11:09-05:00,PUR_IED_LlanoOriental_S208_7b9fcd,PUR_IED_LlanoOriental_S208_7b9fcd,,,,,
2026-09-12T10:11:09-05:00,PUR_IED_LlanoOriental_S9_27b378,PUR_IED_LlanoOriental_S9_27b378,,,,,
2026-09-12T10:11:09-05:00,PUR_IED_LosTejares_1101_477602,PUR_IED_LosTejares_1101_477602,,,,,
2026-09-12T10:11:09-05:00,PUR_IED_LosTejares_11_d2c595,PUR_IED_LosTejares_11_d2c595,,,,,
2026-09-12T10:11:09-05:00,PUR_IED_LosTejares_12_477602,PUR_IED_LosTejares_12_477602,,,,,
2026-09-12T10:11:09-05:00,PUR_IED_LosTejares_Ext_8e2115,PUR_IED_LosTejares_Ext_8e2115,,,,,
2026-09-12T10:11:09-05:00,PUR_IED_MagdalenaO_B202_5ddda3,PUR_IED_MagdalenaO_B202_5ddda3,,,,,
2026-09-12T10:11:09-05:00,PUR_IED_MagdalenaO_B205_fb76e8,PUR_IED_MagdalenaO_B205_fb76e8,,,,,
2026-09-12T10:11:09-05:00,PUR_IED_MagdalenaO_ext_dc69cd,PUR_IED_MagdalenaO_ext_dc69cd,,,,,
2026-09-12T10:11:09-05:00,PUR_IED_ManueCepeda_artes_eee956,PUR_IED_ManueCepeda_artes_eee956,,,,,
2026-09-12T10:11:09-05:00,PUR_IED_ManuelCepeda_Ext_58313,PUR_IED_ManuelCepeda_Ext_58313,,,,,
2026-09-12T10:11:09-05:00,PUR_IED_ManuelCepeda_tec_1c5731,PUR_IED_ManuelCepeda_tec_1c5731,,,,,
2026-09-12T10:11:09-05:00,PUR_IED_ManuelS_Exterior_5b269,PUR_IED_ManuelS_Exterior_5b269,,,,,
2026-09-12T10:11:09-05:00,PUR_IED_ManuelS_Inform_f369ce,PUR_IED_ManuelS_Inform_f369ce,,,,,
2026-09-12T10:11:09-05:00,PUR_IED_ManuelS_SArtes_7d15f1,PUR_IED_ManuelS_SArtes_7d15f1,,,,,
2026-09-12T10:11:09-05:00,PUR_IED_ManuelZapata_303_3ca6,PUR_IED_ManuelZapata_303_3ca6,,,,,
2026-09-12T10:11:09-05:00,PUR_IED_ManuelZapata_311_bfbabc,PUR_IED_ManuelZapata_311_bfbabc,,,,,
2026-09-12T10:11:09-05:00,PUR_IED_ManuelZapata_Ext_50824a,PUR_IED_ManuelZapata_Ext_50824a,,,,,
2026-09-12T10:11:09-05:00,PUR_IED_ManuelitaS_Exteri_656a92,PUR_IED_ManuelitaS_Exteri_656a92,,,,,
2026-09-12T10:11:09-05:00,PUR_IED_ManuelitaS_JuzgDe_f58ec3,PUR_IED_ManuelitaS_JuzgDe_f58ec3,,,,,
2026-09-12T10:11:09-05:00,PUR_IED_ManuelitaS_Recrea_d793db,PUR_IED_ManuelitaS_Recrea_d793db,,,,,
2026-09-12T10:11:09-05:00,PUR_IED_MarFidSuarez_Ext_c27b19,PUR_IED_MarFidSuarez_Ext_c27b19,,,,,
2026-09-12T10:11:09-05:00,PUR_IED_MarFidSuarez_Info_e384d7,PUR_IED_MarFidSuarez_Info_e384d7,,,,,
2026-09-12T10:11:09-05:00,PUR_IED_MarFidSuarez_S306_1d0032,PUR_IED_MarFidSuarez_S306_1d0032,,,,,
2026-09-12T10:11:09-05:00,PUR_IED_Menorah_301_2a25a3,PUR_IED_Menorah_301_2a25a3,,,,,
2026-09-12T10:11:09-05:00,PUR_IED_Menorah_306_37ed3,PUR_IED_Menorah_306_37ed3,,,,,
2026-09-12T10:11:09-05:00,PUR_IED_Menorah_Ext_3e155b,PUR_IED_Menorah_Ext_3e155b,,,,,
2026-09-12T10:11:09-05:00,PUR_IED_MinutoB.Aires_A11_1b1604,PUR_IED_MinutoB.Aires_A11_1b1604,,,,,
2026-09-12T10:11:09-05:00,PUR_IED_MinutoB.Aires_A12_fb5860,PUR_IED_MinutoB.Aires_A12_fb5860,,,,,
2026-09-12T10:11:09-05:00,PUR_IED_MinutoB.Aires_Ext_81293f,PUR_IED_MinutoB.Aires_Ext_81293f,,,,,
2026-09-12T10:11:09-05:00,PUR_IED_MinutoBAires_A11_1b1604,PUR_IED_MinutoBAires_A11_1b1604,,,,,
2026-09-12T10:11:09-05:00,PUR_IED_MinutoBAires_A12_fb5860,PUR_IED_MinutoBAires_A12_fb5860,,,,,
2026-09-12T10:11:09-05:00,PUR_IED_MinutoBAires_Ext_81293f,PUR_IED_MinutoBAires_Ext_81293f,,,,,
2026-09-12T10:11:09-05:00,PUR_IED_Montreal_Aula10_1e4959,PUR_IED_Montreal_Aula10_1e4959,,,,,
2026-09-12T10:11:09-05:00,PUR_IED_Montreal_Aula6_300367,PUR_IED_Montreal_Aula6_300367,,,,,
2026-09-12T10:11:09-05:00,PUR_IED_Montreal_Exterior_91a179,PUR_IED_Montreal_Exterior_91a179,,,,,
2026-09-12T10:11:09-05:00,PUR_IED_Mqgdalena_B202_5ddda3,PUR_IED_Mqgdalena_B202_5ddda3,,,,,
2026-09-12T10:11:09-05:00,PUR_IED_NACUND_Soc_dc8728,PUR_IED_NACUND_Soc_dc8728,,,,,
2026-09-12T10:11:09-05:00,PUR_IED_NACUND_ext_27ad97,PUR_IED_NACUND_ext_27ad97,,,,,
2026-09-12T10:11:09-05:00,PUR_IED_NEsperanza_Ext_d24b61,PUR_IED_NEsperanza_Ext_d24b61,,,,,
2026-09-12T10:11:09-05:00,PUR_IED_NEsperanza_SElect_7d1807,PUR_IED_NEsperanza_SElect_7d1807,,,,,
2026-09-12T10:11:09-05:00,PUR_IED_NEsperanza_SLabor_8b2d0a,PUR_IED_NEsperanza_SLabor_8b2d0a,,,,,
2026-09-12T10:11:09-05:00,PUR_IED_NacionesU_Ext_f661a9,PUR_IED_NacionesU_Ext_f661a9,,,,,
2026-09-12T10:11:09-05:00,PUR_IED_NacionesU_Quimica_66f0a,PUR_IED_NacionesU_Quimica_66f0a,,,,,
2026-09-12T10:11:09-05:00,PUR_IED_NacionesU_S306_1b4b3d,PUR_IED_NacionesU_S306_1b4b3d,,,,,
2026-09-12T10:11:09-05:00,PUR_IED_NestorFA_Ext_e4201c,PUR_IED_NestorFA_Ext_e4201c,,,,,
2026-09-12T10:11:09-05:00,PUR_IED_NestorFA_Laborato_f22fe0,PUR_IED_NestorFA_Laborato_f22fe0,,,,,
2026-09-12T10:11:09-05:00,PUR_IED_NestorFA_S204_dee996,PUR_IED_NestorFA_S204_dee996,,,,,
2026-09-12T10:11:09-05:00,PUR_IED_NidyaQT_Aula03_76999b,PUR_IED_NidyaQT_Aula03_76999b,,,,,
2026-09-12T10:11:09-05:00,PUR_IED_NidyaQT_Aula10_56325,PUR_IED_NidyaQT_Aula10_56325,,,,,
2026-09-12T10:11:09-05:00,PUR_IED_NidyaQT_Ext_46e32d,PUR_IED_NidyaQT_Ext_46e32d,,,,,
2026-09-12T10:11:09-05:00,PUR_IED_NuevaCol_Exterior_d9b859,PUR_IED_NuevaCol_Exterior_d9b859,,,,,
2026-09-12T10:11:09-05:00,PUR_IED_NuevaCol_S1101_76c43b,PUR_IED_NuevaCol_S1101_76c43b,,,,,
2026-09-12T10:11:09-05:00,PUR_IED_NuevaCol_S1102_1ce0b5,PUR_IED_NuevaCol_S1102_1ce0b5,,,,,
2026-09-12T10:11:09-05:00,PUR_IED_OEA_A202_f7e3f2,PUR_IED_OEA_A202_f7e3f2,,,,,
2026-09-12T10:11:09-05:00,PUR_IED_OEA_A203_7d1b8d,PUR_IED_OEA_A203_7d1b8d,,,,,
2026-09-12T10:11:09-05:00,PUR_IED_OEA_Ext_27b593,PUR_IED_OEA_Ext_27b593,,,,,
2026-09-12T10:11:09-05:00,PUR_IED_Ochoa_Ext_1c29da,PUR_IED_Ochoa_Ext_1c29da,,,,,
2026-09-12T10:11:09-05:00,PUR_IED_Ochoa_S205_8b1121,PUR_IED_Ochoa_S205_8b1121,,,,,
2026-09-12T10:11:09-05:00,PUR_IED_Ochoa_Sistemas_f33af6,PUR_IED_Ochoa_Sistemas_f33af6,,,,,
2026-09-12T10:11:09-05:00,PUR_IED_PQuebec_Ext_1c67c7,PUR_IED_PQuebec_Ext_1c67c7,,,,,
2026-09-12T10:11:09-05:00,PUR_IED_PQuebec_S15_23e8e2,PUR_IED_PQuebec_S15_23e8e2,,,,,
2026-09-12T10:11:09-05:00,PUR_IED_PQuebec_S16_8ec76b,PUR_IED_PQuebec_S16_8ec76b,,,,,
2026-09-12T10:11:09-05:00,PUR_IED_PabloN_Ext_49dc96,PUR_IED_PabloN_Ext_49dc96,,,,,
2026-09-12T10:11:09-05:00,PUR_IED_PabloN_S1102_4e3df5,PUR_IED_PabloN_S1102_4e3df5,,,,,
2026-09-12T10:11:09-05:00,PUR_IED_PabloN_S1103_50c94b,PUR_IED_PabloN_S1103_50c94b,,,,,
2026-09-12T10:11:09-05:00,PUR_IED_Palestina_S1101_db9198,PUR_IED_Palestina_S1101_db9198,,,,,
2026-09-12T10:11:09-05:00,PUR_IED_Palestina_S1102_dc54fa,PUR_IED_Palestina_S1102_dc54fa,,,,,
2026-09-12T10:11:09-05:00,PUR_IED_Palestina_ext_4ccce6,PUR_IED_Palestina_ext_4ccce6,,,,,
2026-09-12T10:11:09-05:00,PUR_IED_Panama_Fisica_4d0794,PUR_IED_Panama_Fisica_4d0794,,,,,
2026-09-12T10:11:09-05:00,PUR_IED_Panama_SIngles_a4077e,PUR_IED_Panama_SIngles_a4077e,,,,,
2026-09-12T10:11:09-05:00,PUR_IED_Panama_ext_4c54b4,PUR_IED_Panama_ext_4c54b4,,,,,
2026-09-12T10:11:09-05:00,PUR_IED_ParaisoM_Exterior_8cd7f0,PUR_IED_ParaisoM_Exterior_8cd7f0,,,,,
2026-09-12T10:11:09-05:00,PUR_IED_ParaisoM_Laborato_27af35,PUR_IED_ParaisoM_Laborato_27af35,,,,,
2026-09-12T10:11:09-05:00,PUR_IED_ParaisoM_S304_d1edca,PUR_IED_ParaisoM_S304_d1edca,,,,,
2026-09-12T10:11:09-05:00,PUR_IED_PorfirioBarba_Ext_301466,PUR_IED_PorfirioBarba_Ext_301466,,,,,
2026-09-12T10:11:09-05:00,PUR_IED_PorfirioBarba_S11_df6cd2,PUR_IED_PorfirioBarba_S11_df6cd2,,,,,
2026-09-12T10:11:09-05:00,PUR_IED_PorfirioBarba_S29_27a7d6,PUR_IED_PorfirioBarba_S29_27a7d6,,,,,
2026-09-12T10:11:09-05:00,PUR_IED_PradoV_Exter_8b27ad,PUR_IED_PradoV_Exter_8b27ad,,,,,
2026-09-12T10:11:09-05:00,PUR_IED_PradoV_S301_de65b5,PUR_IED_PradoV_S301_de65b5,,,,,
2026-09-12T10:11:09-05:00,PUR_IED_PradoV_S302_7d2593,PUR_IED_PradoV_S302_7d2593,,,,,
2026-09-12T10:11:09-05:00,PUR_IED_QuirogaAlz_Ext_1ddc82,PUR_IED_QuirogaAlz_Ext_1ddc82,,,,,
2026-09-12T10:11:09-05:00,PUR_IED_QuirogaAlz_S302_9926a3,PUR_IED_QuirogaAlz_S302_9926a3,,,,,
2026-09-12T10:11:09-05:00,PUR_IED_QuirogaAlz_S305_cdf1f1,PUR_IED_QuirogaAlz_S305_cdf1f1,,,,,
2026-09-12T10:11:09-05:00,PUR_IED_RGuatemala_Biling_dc53b7,PUR_IED_RGuatemala_Biling_dc53b7,,,,,
2026-09-12T10:11:09-05:00,PUR_IED_RGuatemala_Ext_1b89a3,PUR_IED_RGuatemala_Ext_1b89a3,,,,,
2026-09-12T10:11:09-05:00,PUR_IED_RGuatemala_Tecnol_281a34,PUR_IED_RGuatemala_Tecnol_281a34,,,,,
2026-09-12T10:11:09-05:00,PUR_IED_RafaNu_Ext_f7c302,PUR_IED_RafaNu_Ext_f7c302,,,,,
2026-09-12T10:11:09-05:00,PUR_IED_RafaNu_S1101_25fde,PUR_IED_RafaNu_S1101_25fde,,,,,
2026-09-12T10:11:09-05:00,PUR_IED_RafaNu_S1102_281517,PUR_IED_RafaNu_S1102_281517,,,,,
2026-09-12T10:11:09-05:00,PUR_IED_RafaelB_S305_ee2783,PUR_IED_RafaelB_S305_ee2783,,,,,
2026-09-12T10:11:09-05:00,PUR_IED_RafaelB_S306_75fe33,PUR_IED_RafaelB_S306_75fe33,,,,,
2026-09-12T10:11:09-05:00,PUR_IED_RafaelB_ext_283336,PUR_IED_RafaelB_ext_283336,2,20,56,4.6722,-74.0737
2026-09-12T10:11:09-05:00,PUR_IED_RafaelUU_Exterior_281a51,PUR_IED_RafaelUU_Exterior_281a51,,,,,
2026-09-12T10:11:09-05:00,PUR_IED_RafaelUU_Human_806b2,PUR_IED_RafaelUU_Human_806b2,,,,,
2026-09-12T10:11:09-05:00,PUR_IED_RafaelUU_Mate2_5680d4,PUR_IED_RafaelUU_Mate2_5680d4,,,,,
2026-09-12T10:11:09-05:00,PUR_IED_RamonSub_Ext_f9eeb9,PUR_IED_RamonSub_Ext_f9eeb9,,,,,
2026-09-12T10:11:09-05:00,PUR_IED_RamonSub_Media_d1f62f,PUR_IED_RamonSub_Media_d1f62f,,,,,
2026-09-12T10:11:09-05:00,PUR_IED_RamonSub_planta_51b82,PUR_IED_RamonSub_planta_51b82,,,,,
2026-09-12T10:11:09-05:00,PUR_IED_RepBoliVene_Exter_27af7c,PUR_IED_RepBoliVene_Exter_27af7c,,,,,
2026-09-12T10:11:09-05:00,PUR_IED_RepBoliVene_SCPT_5ae2ee,PUR_IED_RepBoliVene_SCPT_5ae2ee,,,,,
2026-09-12T10:11:09-05:00,PUR_IED_RepBoliVene_Socia_4b11d5,PUR_IED_RepBoliVene_Socia_4b11d5,,,,,
2026-09-12T10:11:09-05:00,PUR_IED_RepChina_Ext_76d9ee,PUR_IED_RepChina_Ext_76d9ee,,,,,
2026-09-12T10:11:09-05:00,PUR_IED_RepChina_S404_7c804c,PUR_IED_RepChina_S404_7c804c,,,,,
2026-09-12T10:11:09-05:00,PUR_IED_RepChina_S405_df2c33,PUR_IED_RepChina_S405_df2c33,,,,,
2026-09-12T10:11:09-05:00,PUR_IED_RepublicaC_Exteri_7d1ec9,PUR_IED_RepublicaC_Exteri_7d1ec9,,,,,
2026-09-12T10:11:09-05:00,PUR_IED_RepublicaC_S1101_f544b3,PUR_IED_RepublicaC_S1101_f544b3,,,,,
2026-09-12T10:11:09-05:00,PUR_IED_RepublicaC_S1102_7aafc7,PUR_IED_RepublicaC_S1102_7aafc7,,,,,
2026-09-12T10:11:09-05:00,PUR_IED_Ricaurte_Externo_a0ea1,PUR_IED_Ricaurte_Externo_a0ea1,,,,,
2026-09-12T10:11:09-05:00,PUR_IED_Ricaurte_S210_f546fd,PUR_IED_Ricaurte_S210_f546fd,,,,,
2026-09-12T10:11:09-05:00,PUR_IED_Ricaurte_S309_d4452,PUR_IED_Ricaurte_S309_d4452,,,,,
2026-09-12T10:11:09-05:00,PUR_IED_RogelioS_1102_531e69,PUR_IED_RogelioS_1102_531e69,,,,,
2026-09-12T10:11:09-05:00,PUR_IED_RogelioS_Ext_f25a18,PUR_IED_RogelioS_Ext_f25a18,,,,,
2026-09-12T10:11:09-05:00,PUR_IED_SBernardino_Ext_27aff8,PUR_IED_SBernardino_Ext_27aff8,,,,,
2026-09-12T10:11:09-05:00,PUR_IED_SBernardino_SArte_2ffd33,PUR_IED_SBernardino_SArte_2ffd33,,,,,
2026-09-12T10:11:09-05:00,PUR_IED_SBernardino_SIngl_7c7da5,PUR_IED_SBernardino_SIngl_7c7da5,,,,,
2026-09-12T10:11:09-05:00,PUR_IED_Sago_auditorio_dc9d1d,PUR_IED_Sago_auditorio_dc9d1d,,,,,
2026-09-12T10:11:09-05:00,PUR_IED_Saludcoop_Ext_95aac3,PUR_IED_Saludcoop_Ext_95aac3,,,,,
2026-09-12T10:11:09-05:00,PUR_IED_Saludcoop_InfI_90c854,PUR_IED_Saludcoop_InfI_90c854,,,,,
2026-09-12T10:11:09-05:00,PUR_IED_Saludcoop_SMedia_1b93be,PUR_IED_Saludcoop_SMedia_1b93be,,,,,
2026-09-12T10:11:09-05:00,PUR_IED_SanCarlos_1101_1a2360,PUR_IED_SanCarlos_1101_1a2360,,,,,
2026-09-12T10:11:09-05:00,PUR_IED_SanCarlos_1103_7bafb5,PUR_IED_SanCarlos_1103_7bafb5,,,,,
2026-09-12T10:11:09-05:00,PUR_IED_SanCarlos_Ext_b7cd1,PUR_IED_SanCarlos_Ext_b7cd1,,,,,
2026-09-12T10:11:09-05:00,PUR_IED_SanIgnacioBosa11a_50c26e,PUR_IED_SanIgnacioBosa11a_50c26e,,,,,
2026-09-12T10:11:09-05:00,PUR_IED_SanIgnacioBosa11b_371de8,PUR_IED_SanIgnacioBosa11b_371de8,,,,,
2026-09-12T10:11:09-05:00,PUR_IED_SanIgnacioBosaExt_ef0ffc,PUR_IED_SanIgnacioBosaExt_ef0ffc,,,,,
2026-09-12T10:11:09-05:00,PUR_IED_SanIgnacioBosa_11a_50c26e,PUR_IED_SanIgnacioBosa_11a_50c26e,,,,,
2026-09-12T10:11:09-05:00,PUR_IED_SanIgnacioBosa_Ext_ef0ffc,PUR_IED_SanIgnacioBosa_Ext_ef0ffc,,,,,
2026-09-12T10:11:09-05:00,PUR_IED_SanJoseN_intS1101_31c47f,PUR_IED_SanJoseN_intS1101_31c47f,,,,,
2026-09-12T10:11:09-05:00,PUR_IED_SanJoseUsm_Exter_f5d7e8,PUR_IED_SanJoseUsm_Exter_f5d7e8,,,,,
2026-09-12T10:11:09-05:00,PUR_IED_SanJoseUsm_Int11A_cfdef6,PUR_IED_SanJoseUsm_Int11A_cfdef6,,,,,
2026-09-12T10:11:09-05:00,PUR_IED_SilveriaR_IntB5_905349,PUR_IED_SilveriaR_IntB5_905349,,,,,
2026-09-12T10:11:09-05:00,PUR_IED_SilveriaR_IntSD14_981f93,PUR_IED_SilveriaR_IntSD14_981f93,,,,,
2026-09-12T10:11:09-05:00,PUR_IED_SilveriaR_ext_2b651d,PUR_IED_SilveriaR_ext_2b651d,,,,,
2026-09-12T10:11:09-05:00,PUR_IED_SimonB_Exterior_913975,PUR_IED_SimonB_Exterior_913975,,,,,
2026-09-12T10:11:09-05:00,PUR_IED_SimonB_LabQuimi_c56908,PUR_IED_SimonB_LabQuimi_c56908,,,,,
2026-09-12T10:11:09-05:00,PUR_IED_SimonB_informatic_a28c1,PUR_IED_SimonB_informatic_a28c1,,,,,
2026-09-12T10:11:09-05:00,PUR_IED_Sorrento_1102_315f50,PUR_IED_Sorrento_1102_315f50,,,,,
2026-09-12T10:11:09-05:00,PUR_IED_Sorrento_Minte_214eab,PUR_IED_Sorrento_Minte_214eab,,,,,
2026-09-12T10:11:09-05:00,PUR_IED_Sorrento_ext_7c3a0a,PUR_IED_Sorrento_ext_7c3a0a,,,,,
2026-09-12T10:11:09-05:00,PUR_IED_Tabora_Ext_f048ae,PUR_IED_Tabora_Ext_f048ae,,,,,
2026-09-12T10:11:09-05:00,PUR_IED_Tabora_S1102_b07752,PUR_IED_Tabora_S1102_b07752,,,,,
2026-09-12T10:11:09-05:00,PUR_IED_Tabora_S1103_d988f5,PUR_IED_Tabora_S1103_d988f5,,,,,
2026-09-12T10:11:09-05:00,PUR_IED_Tenerife_Ext_1ab188,PUR_IED_Tenerife_Ext_1ab188,,,,,
2026-09-12T10:11:09-05:00,PUR_IED_Tenerife_SDanzas_7bc02e,PUR_IED_Tenerife_SDanzas_7bc02e,,,,,
2026-09-12T10:11:09-05:00,PUR_IED_Tenerife_SIngles_7cc277,PUR_IED_Tenerife_SIngles_7cc277,,,,,
2026-09-12T10:11:09-05:00,PUR_IED_Tibabuyes_Exter_f2683d,PUR_IED_Tibabuyes_Exter_f2683d,,,,,
2026-09-12T10:11:09-05:00,PUR_IED_Tibabuyes_S10_dc87a8,PUR_IED_Tibabuyes_S10_dc87a8,,,,,
2026-09-12T10:11:09-05:00,PUR_IED_Tibabuyes_S15_dc0526,PUR_IED_Tibabuyes_S15_dc0526,,,,,
2026-09-12T10:11:09-05:00,PUR_IED_UnionE_S301_a1043,PUR_IED_UnionE_S301_a1043,,,,,
2026-09-12T10:11:09-05:00,PUR_IED_UnionE_S307_ff6c2f,PUR_IED_UnionE_S307_ff6c2f,,,,,
2026-09-12T10:11:09-05:00,PUR_IED_UnionE__Ext_5e2468,PUR_IED_UnionE__Ext_5e2468,,,,,
2026-09-12T10:11:09-05:00,PUR_IED_VillaRica_Ext_75be7c,PUR_IED_VillaRica_Ext_75be7c,,,,,
2026-09-12T10:11:09-05:00,PUR_IED_VillaRica_S4_cc5dcd,PUR_IED_VillaRica_S4_cc5dcd,,,,,
2026-09-12T10:11:09-05:00,PUR_IED_VillaRica_Sesp_99f5c,PUR_IED_VillaRica_Sesp_99f5c,,,,,
2026-09-12T10:16:06-05:00,PUR_IED_20deJulio_1101_91b1b9,PUR_IED_20deJulio_1101_91b1b9,,,,,
2026-09-12T10:16:06-05:00,PUR_IED_20deJulio_1102_1cfcf9,PUR_IED_20deJulio_1102_1cfcf9,,,,,
2026-09-12T10:16:06-05:00,PUR_IED_20deJulio_Ext_ab60bd,PUR_IED_20deJulio_Ext_ab60bd,,,,,
2026-09-12T10:16:06-05:00,PUR_IED_AgustinFer_Ext_7b9b77,PUR_IED_AgustinFer_Ext_7b9b77,,,,,
2026-09-12T10:16:06-05:00,PUR_IED_AgustinFer_Info2_27b3a7,PUR_IED_AgustinFer_Info2_27b3a7,,,,,
2026-09-12T10:16:06-05:00,PUR_IED_AgustinFer_Sena_54b4eb,PUR_IED_AgustinFer_Sena_54b4eb,,,,,
2026-09-12T10:16:06-05:00,PUR_IED_AlexanderF_1102_caf07b,PUR_IED_AlexanderF_1102_caf07b,,,,,
2026-09-12T10:16:06-05:00,PUR_IED_AlexanderF_1103_c79e71,PUR_IED_AlexanderF_1103_c79e71,,,,,
2026-09-12T10:16:06-05:00,PUR_IED_AlexanderF_Ext_c5b18b,PUR_IED_AlexanderF_Ext_c5b18b,,,,,
2026-09-12T10:16:06-05:00,PUR_IED_AlfonsoLopez_Ext_281d77,PUR_IED_AlfonsoLopez_Ext_281d77,,,,,
2026-09-12T10:16:06-05:00,PUR_IED_AlfonsoLopez_LabF_888ce0,PUR_IED_AlfonsoLopez_LabF_888ce0,,,,,
2026-09-12T10:16:06-05:00,PUR_IED_AlfonsoLopez_SMed_df6a7f,PUR_IED_AlfonsoLopez_SMed_df6a7f,,,,,
2026-09-12T10:16:06-05:00,PUR_IED_AltamiraSO_A2_209f92,PUR_IED_AltamiraSO_A2_209f92,,,,,
2026-09-12T10:16:06-05:00,PUR_IED_AltamiraSO_Ext_186d66,PUR_IED_AltamiraSO_Ext_186d66,,,,,
2026-09-12T10:16:06-05:00,PUR_IED_AltamiraSO_Sistem_27afe1,PUR_IED_AltamiraSO_Sistem_27afe1,,,,,
2026-09-12T10:16:06-05:00,PUR_IED_AlvaroGom_LabQuim_813179,PUR_IED_AlvaroGom_LabQuim_813179,,,,,
2026-09-12T10:16:06-05:00,PUR_IED_AlvaroGomez_Ext_47c7ca,PUR_IED_AlvaroGomez_Ext_47c7ca,,,,,
2026-09-12T10:16:06-05:00,PUR_IED_AlvaroGomez_LabQuim_813179,PUR_IED_AlvaroGomez_LabQuim_813179,,,,,
2026-09-12T10:16:06-05:00,PUR_IED_AlvaroGomez_S23_7ba89f,PUR_IED_AlvaroGomez_S23_7ba89f,,,,,
2026-09-12T10:16:06-05:00,PUR_IED_Amistad_306_dc8728,PUR_IED_Amistad_306_dc8728,,,,,
2026-09-12T10:16:06-05:00,PUR_IED_Amistad_Ext_8cd55e,PUR_IED_Amistad_Ext_8cd55e,,,,,
2026-09-12T10:16:06-05:00,PUR_IED_Amistad_S202_a41169,PUR_IED_Amistad_S202_a41169,,,,,
2026-09-12T10:16:06-05:00,PUR_IED_AndresBello_Bio_fd5f5e,PUR_IED_AndresBello_Bio_fd5f5e,,,,,
2026-09-12T10:16:06-05:00,PUR_IED_AndresBello_ext_dcad65,PUR_IED_AndresBello_ext_dcad65,,,,,
2026-09-12T10:16:06-05:00,PUR_IED_AndresBello_port_eed3ec,PUR_IED_AndresBello_port_eed3ec,,,,,
2026-09-12T10:16:06-05:00,PUR_IED_AngelaR_11b_d90a6b,PUR_IED_AngelaR_11b_d90a6b,,,,,
2026-09-12T10:16:06-05:00,PUR_IED_AngelaR_ext_7cad3e,PUR_IED_AngelaR_ext_7cad3e,8,20,61,4.5825,-74.164497
2026-09-12T10:16:06-05:00,PUR_IED_AntJoseSucre_10mo_df2575,PUR_IED_AntJoseSucre_10mo_df2575,,,,,
2026-09-12T10:16:06-05:00,PUR_IED_AntJoseSucre_Ext_215b36,PUR_IED_AntJoseSucre_Ext_215b36,,,,,
2026-09-12T10:16:06-05:00,PUR_IED_AntJoseSucre_Lab_3139de,PUR_IED_AntJoseSucre_Lab_3139de,,,,,
2026-09-12T10:16:06-05:00,PUR_IED_AntonioGarcia_301_d6b188,PUR_IED_AntonioGarcia_301_d6b188,,,,,
2026-09-12T10:16:06-05:00,PUR_IED_AntonioGarcia_302_88a82,PUR_IED_AntonioGarcia_302_88a82,,,,,
2026-09-12T10:16:06-05:00,PUR_IED_AntonioGarcia_Ext_20950c,PUR_IED_AntonioGarcia_Ext_20950c,,,,,
2026-09-12T10:16:06-05:00,PUR_IED_AntonioVan_Aula2_6dea02,PUR_IED_AntonioVan_Aula2_6dea02,,,,,
2026-09-12T10:16:06-05:00,PUR_IED_AntonioVan_Aula5_f1557e,PUR_IED_AntonioVan_Aula5_f1557e,,,,,
2026-09-12T10:16:06-05:00,PUR_IED_AntonioVan_Ext_406f2f,PUR_IED_AntonioVan_Ext_406f2f,,,,,
2026-09-12T10:16:06-05:00,PUR_IED_Atabanzha_Ext_cc5af9,PUR_IED_Atabanzha_Ext_cc5af9,,,,,
2026-09-12T10:16:06-05:00,PUR_IED_Atabanzha_SA101_56c37,PUR_IED_Atabanzha_SA101_56c37,,,,,
2026-09-12T10:16:06-05:00,PUR_IED_Atabanzha_SB302_27b374,PUR_IED_Atabanzha_SB302_27b374,,,,,
2026-09-12T10:16:06-05:00,PUR_IED_Atahualpa_Ext_fc1748,PUR_IED_Atahualpa_Ext_fc1748,,,,,
2026-09-12T10:16:06-05:00,PUR_IED_Atahualpa_Informa_dc9a95,PUR_IED_Atahualpa_Informa_dc9a95,,,,,
2026-09-12T10:16:06-05:00,PUR_IED_Atahualpa_S1101_f98056,PUR_IED_Atahualpa_S1101_f98056,,,,,
2026-09-12T10:16:06-05:00,PUR_IED_Bellavista_Ext_f5aa74,PUR_IED_Bellavista_Ext_f5aa74,,,,,
2026-09-12T10:16:06-05:00,PUR_IED_Bilbao_11A_916c41,PUR_IED_Bilbao_11A_916c41,,,,,
2026-09-12T10:16:06-05:00,PUR_IED_Bilbao_Ext_fb579a,PUR_IED_Bilbao_Ext_fb579a,,,,,
2026-09-12T10:16:06-05:00,PUR_IED_BrasiliaU_A125_304280,PUR_IED_BrasiliaU_A125_304280,,,,,
2026-09-12T10:16:06-05:00,PUR_IED_BrasiliaU_A203_7c8ca5,PUR_IED_BrasiliaU_A203_7c8ca5,,,,,
2026-09-12T10:16:06-05:00,PUR_IED_BrasiliaU_Ext_8d6e9f,PUR_IED_BrasiliaU_Ext_8d6e9f,5,18,63,4.5175,-74.116302
2026-09-12T10:16:06-05:00,PUR_IED_Brasilia_Ext_fe6593,PUR_IED_Brasilia_Ext_fe6593,,,,,
2026-09-12T10:16:06-05:00,PUR_IED_Brasilia_S24_7c130d,PUR_IED_Brasilia_S24_7c130d,,,,,
2026-09-12T10:16:06-05:00,PUR_IED_Brasilia_S501_186a54,PUR_IED_Brasilia_S501_186a54,,,,,
2026-09-12T10:16:06-05:00,PUR_IED_CHARRY_EXT_f1d5cd,PUR_IED_CHARRY_EXT_f1d5cd,,,,,
2026-09-12T10:16:06-05:00,PUR_IED_CHARRY_INTDANZAS_7a08e6,PUR_IED_CHARRY_INTDANZAS_7a08e6,,,,,
2026-09-12T10:16:06-05:00,PUR_IED_CHARRY_INT_AULA20_dc998d,PUR_IED_CHARRY_INT_AULA20_dc998d,,,,,
2026-09-12T10:16:06-05:00,PUR_IED_COLVIV_1101_S25_7f520a,PUR_IED_COLVIV_1101_S25_7f520a,,,,,
2026-09-12T10:16:06-05:00,PUR_IED_COLVIV_1102_S16_f570ba,PUR_IED_COLVIV_1102_S16_f570ba,,,,,
2026-09-12T10:16:06-05:00,PUR_IED_COLVIV_Ext_1a26fa,PUR_IED_COLVIV_Ext_1a26fa,,,,,
2026-09-12T10:16:06-05:00,PUR_IED_CULPOP_301A_f660f3,PUR_IED_CULPOP_301A_f660f3,,,,,
2026-09-12T10:16:06-05:00,PUR_IED_CULPOP_303_568afe,PUR_IED_CULPOP_303_568afe,,,,,
2026-09-12T10:16:06-05:00,PUR_IED_CULPOP_Ext_e02ccb,PUR_IED_CULPOP_Ext_e02ccb,,,,,
2026-09-12T10:16:06-05:00,PUR_IED_CVillavicen_Ext_26eb58,PUR_IED_CVillavicen_Ext_26eb58,7,16,78,4.487,-74.102798
2026-09-12T10:16:06-05:00,PUR_IED_CVillavicen_Intel_1ce5c2,PUR_IED_CVillavicen_Intel_1ce5c2,,,,,
2026-09-12T10:16:06-05:00,PUR_IED_CVillavicen_Poliv_e0766c,PUR_IED_CVillavicen_Poliv_e0766c,,,,,
2026-09-12T10:16:06-05:00,PUR_IED_CVillavicen_int_1ba140,PUR_IED_CVillavicen_int_1ba140,,,,,
2026-09-12T10:16:06-05:00,PUR_IED_CVillavicen_intel_1ba140,PUR_IED_CVillavicen_intel_1ba140,,,,,
2026-09-12T10:16:06-05:00,PUR_IED_CarlosPizarro_Ext_e307cc,PUR_IED_CarlosPizarro_Ext_e307cc,,,,,
2026-09-12T10:16:06-05:00,PUR_IED_CarlosPizarro_L36_7e5cdb,PUR_IED_CarlosPizarro_L36_7e5cdb,,,,,
2026-09-12T10:16:06-05:00,PUR_IED_CarlosPizarro_L37_c8566c,PUR_IED_CarlosPizarro_L37_c8566c,,,,,
2026-09-12T10:16:06-05:00,PUR_IED_Castilla_Ext_cf35f,PUR_IED_Castilla_Ext_cf35f,,,,,
2026-09-12T10:16:06-05:00,PUR_IED_Castilla_SFisik_360e38,PUR_IED_Castilla_SFisik_360e38,,,,,
2026-09-12T10:16:06-05:00,PUR_IED_Castilla_Sc304_496fbf,PUR_IED_Castilla_Sc304_496fbf,,,,,
2026-09-12T10:16:06-05:00,PUR_IED_CervantesSa_Ext_6b57b,PUR_IED_CervantesSa_Ext_6b57b,4,19,67,4.5128,-74.117203
2026-09-12T10:16:06-05:00,PUR_IED_CervantesSa_S107_225c2b,PUR_IED_CervantesSa_S107_225c2b,,,,,
2026-09-12T10:16:06-05:00,PUR_IED_CervantesSa_S108_940925,PUR_IED_CervantesSa_S108_940925,,,,,
2026-09-12T10:16:06-05:00,PUR_IED_Charry_A20_f53e7c,PUR_IED_Charry_A20_f53e7c,,,,,
2026-09-12T10:16:06-05:00,PUR_IED_Charry_Ext_f1d5cd,PUR_IED_Charry_Ext_f1d5cd,,,,,
2026-09-12T10:16:06-05:00,PUR_IED_Charry_IntAula20_dc998d,PUR_IED_Charry_IntAula20_dc998d,,,,,
2026-09-12T10:16:06-05:00,PUR_IED_Charry_IntDanzas_7a08e6,PUR_IED_Charry_IntDanzas_7a08e6,,,,,
2026-09-12T10:16:06-05:00,PUR_IED_ClememciaC_203_43e2fc,PUR_IED_ClememciaC_203_43e2fc,,,,,
2026-09-12T10:16:06-05:00,PUR_IED_ClememciaC_Ext_1b411a,PUR_IED_ClememciaC_Ext_1b411a,,,,,
2026-09-12T10:16:06-05:00,PUR_IED_ClememciaC_Quimic_44b5fc,PUR_IED_ClememciaC_Quimic_44b5fc,,,,,
2026-09-12T10:16:06-05:00,PUR_IED_ClemenciaC_203_43e2fc,PUR_IED_ClemenciaC_203_43e2fc,,,,,
2026-09-12T10:16:06-05:00,PUR_IED_ClemenciaC_Ext_1b411a,PUR_IED_ClemenciaC_Ext_1b411a,,,,,
2026-09-12T10:16:06-05:00,PUR_IED_ClemenciaC_Quimic_44b5fc,PUR_IED_ClemenciaC_Quimic_44b5fc,,,,,
2026-09-12T10:16:06-05:00,PUR_IED_ColViva_1101_S25_7f520a,PUR_IED_ColViva_1101_S25_7f520a,,,,,
2026-09-12T10:16:06-05:00,PUR_IED_ColViva_1102_S16_f570ba,PUR_IED_ColViva_1102_S16_f570ba,,,,,
2026-09-12T10:16:06-05:00,PUR_IED_ColViva_Ext_1a26fa,PUR_IED_ColViva_Ext_1a26fa,,,,,
2026-09-12T10:16:06-05:00,PUR_IED_ColegioBici_Asist_7c8798,PUR_IED_ColegioBici_Asist_7c8798,,,,,
2026-09-12T10:16:06-05:00,PUR_IED_ColegioBici_Ext_25cbf6,PUR_IED_ColegioBici_Ext_25cbf6,,,,,
2026-09-12T10:16:06-05:00,PUR_IED_ColegioBici_LabQ_7b57db,PUR_IED_ColegioBici_LabQ_7b57db,,,,,
2026-09-12T10:16:06-05:00,PUR_IED_CostaRica_Ext_5e640,PUR_IED_CostaRica_Ext_5e640,,,,,
2026-09-12T10:16:06-05:00,PUR_IED_CostaRica_Quim1_766d1c,PUR_IED_CostaRica_Quim1_766d1c,,,,,
2026-09-12T10:16:06-05:00,PUR_IED_CostaRica__Fisica_6f0873,PUR_IED_CostaRica__Fisica_6f0873,,,,,
2026-09-12T10:16:06-05:00,PUR_IED_CulPopu_301A_f660f3,PUR_IED_CulPopu_301A_f660f3,,,,,
2026-09-12T10:16:06-05:00,PUR_IED_CulPopu_303_568afe,PUR_IED_CulPopu_303_568afe,,,,,
2026-09-12T10:16:06-05:00,PUR_IED_CulPopu_Ext_e02ccb,PUR_IED_CulPopu_Ext_e02ccb,,,,,
2026-09-12T10:16:06-05:00,PUR_IED_Cundinamarca_Ext_f15985,PUR_IED_Cundinamarca_Ext_f15985,,,,,
2026-09-12T10:16:06-05:00,PUR_IED_Cundinamarca_Info_7aa5d7,PUR_IED_Cundinamarca_Info_7aa5d7,,,,,
2026-09-12T10:16:06-05:00,PUR_IED_Cundinamarca_Tec2_f449c7,PUR_IED_Cundinamarca_Tec2_f449c7,,,,,
2026-09-12T10:16:06-05:00,PUR_IED_DiegoM_Aula1_27b314,PUR_IED_DiegoM_Aula1_27b314,,,,,
2026-09-12T10:16:06-05:00,PUR_IED_DiegoM_Ext_d80ac8,PUR_IED_DiegoM_Ext_d80ac8,,,,,
2026-09-12T10:16:06-05:00,PUR_IED_DiegoM_S25_da928f,PUR_IED_DiegoM_S25_da928f,,,,,
2026-09-12T10:16:06-05:00,PUR_IED_ELRODEO_360881,PUR_IED_ELRODEO_360881,,,,,
2026-09-12T10:16:06-05:00,PUR_IED_ELRODEO_ext_360881,PUR_IED_ELRODEO_ext_360881,,,,,
2026-09-12T10:16:06-05:00,PUR_IED_EduardoU_Ext_1c1969,PUR_IED_EduardoU_Ext_1c1969,,,,,
2026-09-12T10:16:06-05:00,PUR_IED_EduardoU_SCiencia_4dfb94,PUR_IED_EduardoU_SCiencia_4dfb94,,,,,
2026-09-12T10:16:06-05:00,PUR_IED_EduardoU_SQuimica_5a46e7,PUR_IED_EduardoU_SQuimica_5a46e7,,,,,
2026-09-12T10:16:06-05:00,PUR_IED_ElRodeo_Aula14_676984,PUR_IED_ElRodeo_Aula14_676984,,,,,
2026-09-12T10:16:06-05:00,PUR_IED_ElRodeo_Aula16_2dd35b,PUR_IED_ElRodeo_Aula16_2dd35b,,,,,
2026-09-12T10:16:06-05:00,PUR_IED_ElRodeo_Ext_360881,PUR_IED_ElRodeo_Ext_360881,,,,,
2026-09-12T10:16:06-05:00,PUR_IED_ElRodeo_Exterior_8c6d28,PUR_IED_ElRodeo_Exterior_8c6d28,,,,,
2026-09-12T10:16:06-05:00,PUR_IED_ElRodeo_ext_360881,PUR_IED_ElRodeo_ext_360881,,,,,
2026-09-12T10:16:06-05:00,PUR_IED_EmmaReyes_Ext_987625,PUR_IED_EmmaReyes_Ext_987625,3,21,50,4.6367,-74.1511
2026-09-12T10:16:06-05:00,PUR_IED_Ensueño_Ext_7f0250,PUR_IED_Ensueño_Ext_7f0250,,,,,
2026-09-12T10:16:06-05:00,PUR_IED_EscNormal_Ext_5fef3b,PUR_IED_EscNormal_Ext_5fef3b,2,21,57,4.5852,-74.096901
2026-09-12T10:16:06-05:00,PUR_IED_EscNormal_S309_5b263,PUR_IED_EscNormal_S309_5b263,,,,,
2026-09-12T10:16:06-05:00,PUR_IED_EscNormal_S310_27b3b8,PUR_IED_EscNormal_S310_27b3b8,,,,,
2026-09-12T10:16:06-05:00,PUR_IED_Evangelista_Conta_f6cd4f,PUR_IED_Evangelista_Conta_f6cd4f,,,,,
2026-09-12T10:16:06-05:00,PUR_IED_Evangelista_Cri_5e16a,PUR_IED_Evangelista_Cri_5e16a,,,,,
2026-09-12T10:16:06-05:00,PUR_IED_Evangelista_Exter_754066,PUR_IED_Evangelista_Exter_754066,,,,,
2026-09-12T10:16:06-05:00,PUR_IED_FMiranda_S209_5cc2a3,PUR_IED_FMiranda_S209_5cc2a3,,,,,
2026-09-12T10:16:06-05:00,PUR_IED_FMiranda_S303_19e344,PUR_IED_FMiranda_S303_19e344,,,,,
2026-09-12T10:16:06-05:00,PUR_IED_FMiranda_ext_f53e7c,PUR_IED_FMiranda_ext_f53e7c,,,,,
2026-09-12T10:16:06-05:00,PUR_IED_FabioLozano_Bibli_1cee05,PUR_IED_FabioLozano_Bibli_1cee05,,,,,
2026-09-12T10:16:06-05:00,PUR_IED_FabioLozano_Ext_6ea285,PUR_IED_FabioLozano_Ext_6ea285,,,,,
2026-09-12T10:16:06-05:00,PUR_IED_FabioLozano_SLudi_f09e1e,PUR_IED_FabioLozano_SLudi_f09e1e,,,,,
2026-09-12T10:16:06-05:00,PUR_IED_FaustinoS_Aula07_27a731,PUR_IED_FaustinoS_Aula07_27a731,,,,,
2026-09-12T10:16:06-05:00,PUR_IED_FaustinoS_Ext_7b936f,PUR_IED_FaustinoS_Ext_7b936f,,,,,
2026-09-12T10:16:06-05:00,PUR_IED_FaustinoS_Fisica_da2c60,PUR_IED_FaustinoS_Fisica_da2c60,,,,,
2026-09-12T10:16:06-05:00,PUR_IED_FeGarciaLo_Ext_dc68ee,PUR_IED_FeGarciaLo_Ext_dc68ee,,,,,
2026-09-12T10:16:06-05:00,PUR_IED_FeGarciaLo_SDanza_f70a59,PUR_IED_FeGarciaLo_SDanza_f70a59,,,,,
2026-09-12T10:16:06-05:00,PUR_IED_FeGarciaLo_SMusic_125cdd,PUR_IED_FeGarciaLo_SMusic_125cdd,,,,,
2026-09-12T10:16:06-05:00,PUR_IED_FederalAlema_Exte_50c345,PUR_IED_FederalAlema_Exte_50c345,,,,,
2026-09-12T10:16:06-05:00,PUR_IED_FederalAlema_S31_f18371,PUR_IED_FederalAlema_S31_f18371,,,,,
2026-09-12T10:16:06-05:00,PUR_IED_FederalAlema_S901_a62cd,PUR_IED_FederalAlema_S901_a62cd,,,,,
2026-09-12T10:16:06-05:00,PUR_IED_FilarmonicaS_A5_f35eb1,PUR_IED_FilarmonicaS_A5_f35eb1,,,,,
2026-09-12T10:16:06-05:00,PUR_IED_FilarmonicaS_Ext_8a3bde,PUR_IED_FilarmonicaS_Ext_8a3bde,,,,,
2026-09-12T10:16:06-05:00,PUR_IED_FilarmonicaS_Spol_406114,PUR_IED_FilarmonicaS_Spol_406114,,,,,
2026-09-12T10:16:06-05:00,PUR_IED_FlorentinoG_A13_d1fa59,PUR_IED_FlorentinoG_A13_d1fa59,,,,,
2026-09-12T10:16:06-05:00,PUR_IED_FlorentinoG_Ext_1ce6ce,PUR_IED_FlorentinoG_Ext_1ce6ce,,,,,
2026-09-12T10:16:06-05:00,PUR_IED_FlorentinoG_Idiom_a66aac,PUR_IED_FlorentinoG_Idiom_a66aac,,,,,
2026-09-12T10:16:06-05:00,PUR_IED_FranciscoMati_Ext_e3869d,PUR_IED_FranciscoMati_Ext_e3869d,,,,,
2026-09-12T10:16:06-05:00,PUR_IED_FranciscoMati_S13_f31c67,PUR_IED_FranciscoMati_S13_f31c67,,,,,
2026-09-12T10:16:06-05:00,PUR_IED_FranciscoMati_S14_97dead,PUR_IED_FranciscoMati_S14_97dead,,,,,
2026-09-12T10:16:06-05:00,PUR_IED_FranciscoPS_Ext_7bfa9a,PUR_IED_FranciscoPS_Ext_7bfa9a,2,22,53,4.5899,-74.110397
2026-09-12T10:16:06-05:00,PUR_IED_FranciscoPS_Infor_fb8f4c,PUR_IED_FranciscoPS_Infor_fb8f4c,,,,,
2026-09-12T10:16:06-05:00,PUR_IED_FranciscoPS_Quimi_94d39c,PUR_IED_FranciscoPS_Quimi_94d39c,,,,,
2026-09-12T10:16:06-05:00,PUR_IED_FranciscoP_LabQ_d7e148,PUR_IED_FranciscoP_LabQ_d7e148,,,,,
2026-09-12T10:16:06-05:00,PUR_IED_FranciscoP_S28_cf9b30,PUR_IED_FranciscoP_S28_cf9b30,,,,,
2026-09-12T10:16:06-05:00,PUR_IED_FranciscoP_ext_e2313,PUR_IED_FranciscoP_ext_e2313,,,,,
2026-09-12T10:16:06-05:00,PUR_IED_FriederichN_Ext_8ac92a,PUR_IED_FriederichN_Ext_8ac92a,,,,,
2026-09-12T10:16:06-05:00,PUR_IED_FriederichN_S301_dd7e5a,PUR_IED_FriederichN_S301_dd7e5a,,,,,
2026-09-12T10:16:06-05:00,PUR_IED_FriederichN_S308_761f4f,PUR_IED_FriederichN_S308_761f4f,,,,,
2026-09-12T10:16:06-05:00,PUR_IED_GSantander_Aula10_533dd7,PUR_IED_GSantander_Aula10_533dd7,,,,,
2026-09-12T10:16:06-05:00,PUR_IED_GSantander_Aula12_fd4e4f,PUR_IED_GSantander_Aula12_fd4e4f,,,,,
2026-09-12T10:16:06-05:00,PUR_IED_GSantander_Aula310_533dd7,PUR_IED_GSantander_Aula310_533dd7,,,,,
2026-09-12T10:16:06-05:00,PUR_IED_GSantander_Aula312_fd4e4f,PUR_IED_GSantander_Aula312_fd4e4f,,,,,
2026-09-12T10:16:06-05:00,PUR_IED_GSantander_Ext_5f66b0,PUR_IED_GSantander_Ext_5f66b0,,,,,
2026-09-12T10:16:06-05:00,PUR_IED_GYomasa_Ext_f6bea5,PUR_IED_GYomasa_Ext_f6bea5,,,,,
2026-09-12T10:16:06-05:00,PUR_IED_GYomasa_LBiol_2c41aa,PUR_IED_GYomasa_LBiol_2c41aa,,,,,
2026-09-12T10:16:06-05:00,PUR_IED_GYomasa_LQuim_33c80,PUR_IED_GYomasa_LQuim_33c80,,,,,
2026-09-12T10:16:06-05:00,PUR_IED_GabBetMejia_Cienc_5a99c,PUR_IED_GabBetMejia_Cienc_5a99c,,,,,
2026-09-12T10:16:06-05:00,PUR_IED_GabBetMejia_Ext_9153d0,PUR_IED_GabBetMejia_Ext_9153d0,,,,,
2026-09-12T10:16:06-05:00,PUR_IED_GabBetMejia_Lab_f55347,PUR_IED_GabBetMejia_Lab_f55347,,,,,
2026-09-12T10:16:06-05:00,PUR_IED_GabBetanMejia_Ext_9153d0,PUR_IED_GabBetanMejia_Ext_9153d0,,,,,
2026-09-12T10:16:06-05:00,PUR_IED_Gaitana_Aula13_7aac11,PUR_IED_Gaitana_Aula13_7aac11,,,,,
2026-09-12T10:16:06-05:00,PUR_IED_Gaitana_Ext_5fcf4,PUR_IED_Gaitana_Ext_5fcf4,,,,,
2026-09-12T10:16:06-05:00,PUR_IED_Gaitana_LabFisica_644448,PUR_IED_Gaitana_LabFisica_644448,,,,,
2026-09-12T10:16:06-05:00,PUR_IED_GenSantander_Dise_8ac858,PUR_IED_GenSantander_Dise_8ac858,,,,,
2026-09-12T10:16:06-05:00,PUR_IED_GenSantander_Ext_8d5dfe,PUR_IED_GenSantander_Ext_8d5dfe,,,,,
2026-09-12T10:16:06-05:00,PUR_IED_GenSantander_Info_6c25b,PUR_IED_GenSantander_Info_6c25b,,,,,
2026-09-12T10:16:06-05:00,PUR_IED_GustavoMo_Exterio_75e63d,PUR_IED_GustavoMo_Exterio_75e63d,,,,,
2026-09-12T10:16:06-05:00,PUR_IED_GustavoMo_LabFisi_224d37,PUR_IED_GustavoMo_LabFisi_224d37,,,,,
2026-09-12T10:16:06-05:00,PUR_IED_GustavoMo_S208_3e6918,PUR_IED_GustavoMo_S208_3e6918,,,,,
2026-09-12T10:16:06-05:00,PUR_IED_GustavoR_A02_8cd4a8,PUR_IED_GustavoR_A02_8cd4a8,,,,,
2026-09-12T10:16:06-05:00,PUR_IED_GustavoR_B11_5b0ed,PUR_IED_GustavoR_B11_5b0ed,,,,,
2026-09-12T10:16:06-05:00,PUR_IED_GustavoR_Ext_7a0c90,PUR_IED_GustavoR_Ext_7a0c90,,,,,
2026-09-12T10:16:06-05:00,PUR_IED_HernandoDuran_Ext_8cd82b,PUR_IED_HernandoDuran_Ext_8cd82b,,,,,
2026-09-12T10:16:06-05:00,PUR_IED_HernandoDuran_S24_2772c6,PUR_IED_HernandoDuran_S24_2772c6,,,,,
2026-09-12T10:16:06-05:00,PUR_IED_HernandoDuran_S30_f2de41,PUR_IED_HernandoDuran_S30_f2de41,,,,,
2026-09-12T10:16:06-05:00,PUR_IED_HolguInUr_S1101_8cd732,PUR_IED_HolguInUr_S1101_8cd732,,,,,
2026-09-12T10:16:06-05:00,PUR_IED_HolguinUr_Exter_ddae6d,PUR_IED_HolguinUr_Exter_ddae6d,,,,,
2026-09-12T10:16:06-05:00,PUR_IED_HolguinUr_LabQuim_92b952,PUR_IED_HolguinUr_LabQuim_92b952,,,,,
2026-09-12T10:16:06-05:00,PUR_IED_Isabel-II_Ext_5245cc,PUR_IED_Isabel-II_Ext_5245cc,4,19,58,4.6336,-74.153
2026-09-12T10:16:06-05:00,PUR_IED_Isabel-II_S_idiom_1c29aa,PUR_IED_Isabel-II_S_idiom_1c29aa,,,,,
2026-09-12T10:16:06-05:00,PUR_IED_Isabel-II_S_infor_fd741,PUR_IED_Isabel-II_S_infor_fd741,,,,,
2026-09-12T10:16:06-05:00,PUR_IED_IsidroSur_Exterio_5b90ea,PUR_IED_IsidroSur_Exterio_5b90ea,,,,,
2026-09-12T10:16:06-05:00,PUR_IED_IsidroSur_LabTec_56697a,PUR_IED_IsidroSur_LabTec_56697a,,,,,
2026-09-12T10:16:06-05:00,PUR_IED_IsidroSur_Robotic_b7c38f,PUR_IED_IsidroSur_Robotic_b7c38f,,,,,
2026-09-12T10:16:06-05:00,PUR_IED_IsmaelPerd_Ext_7b6672,PUR_IED_IsmaelPerd_Ext_7b6672,,,,,
2026-09-12T10:16:06-05:00,PUR_IED_IsmaelPerd_Inform_306540,PUR_IED_IsmaelPerd_Inform_306540,,,,,
2026-09-12T10:16:06-05:00,PUR_IED_IsmaelPerd_S30_2e2c83,PUR_IED_IsmaelPerd_S30_2e2c83,,,,,
2026-09-12T10:16:06-05:00,PUR_IED_JLozano_Exter_432910,PUR_IED_JLozano_Exter_432910,,,,,
2026-09-12T10:16:06-05:00,PUR_IED_JLozano_salaMulti_df5125,PUR_IED_JLozano_salaMulti_df5125,,,,,
2026-09-12T10:16:06-05:00,PUR_IED_JMCordoba_206_86f80b,PUR_IED_JMCordoba_206_86f80b,,,,,
2026-09-12T10:16:06-05:00,PUR_IED_JMCordoba_Ext_27ad97,PUR_IED_JMCordoba_Ext_27ad97,,,,,
2026-09-12T10:16:06-05:00,PUR_IED_JMCordoba_S310_d59ab4,PUR_IED_JMCordoba_S310_d59ab4,,,,,
2026-09-12T10:16:06-05:00,PUR_IED_Japon_Ext_549100,PUR_IED_Japon_Ext_549100,,,,,
2026-09-12T10:16:06-05:00,PUR_IED_Japon_Laboratorio_bec51d,PUR_IED_Japon_Laboratorio_bec51d,,,,,
2026-09-12T10:16:06-05:00,PUR_IED_Japon_informatica_d99327,PUR_IED_Japon_informatica_d99327,,,,,
2026-09-12T10:16:06-05:00,PUR_IED_Jazmin_Ext_d27bda,PUR_IED_Jazmin_Ext_d27bda,,,,,
2026-09-12T10:16:06-05:00,PUR_IED_Jazmin_Fisica_8d14d7,PUR_IED_Jazmin_Fisica_8d14d7,,,,,
2026-09-12T10:16:06-05:00,PUR_IED_Jazmin_Quimica_801cb5,PUR_IED_Jazmin_Quimica_801cb5,,,,,
2026-09-12T10:16:06-05:00,PUR_IED_JorgeGaitan_Exter_f098d1,PUR_IED_JorgeGaitan_Exter_f098d1,,,,,
2026-09-12T10:16:06-05:00,PUR_IED_JorgeGaitan_STec1_dc9d1d,PUR_IED_JorgeGaitan_STec1_dc9d1d,,,,,
2026-09-12T10:16:06-05:00,PUR_IED_JorgeGaitan_STec2_281e69,PUR_IED_JorgeGaitan_STec2_281e69,,,,,
2026-09-12T10:16:06-05:00,PUR_IED_JorgeSoto_Exterio_d9d0a2,PUR_IED_JorgeSoto_Exterio_d9d0a2,,,,,
2026-09-12T10:16:06-05:00,PUR_IED_JorgeSoto_LabFisi_209c54,PUR_IED_JorgeSoto_LabFisi_209c54,,,,,
2026-09-12T10:16:06-05:00,PUR_IED_JorgeSoto_S103_27b51a,PUR_IED_JorgeSoto_S103_27b51a,,,,,
2026-09-12T10:16:06-05:00,PUR_IED_JoseAcevedo_A02_e965eb,PUR_IED_JoseAcevedo_A02_e965eb,,,,,
2026-09-12T10:16:06-05:00,PUR_IED_JoseAcevedo_A07_dd5b4,PUR_IED_JoseAcevedo_A07_dd5b4,,,,,
2026-09-12T10:16:06-05:00,PUR_IED_JoseAcevedo_Ext_b47484,PUR_IED_JoseAcevedo_Ext_b47484,,,,,
2026-09-12T10:16:06-05:00,PUR_IED_JoseMarti_Exte_5b9bf,PUR_IED_JoseMarti_Exte_5b9bf,,,,,
2026-09-12T10:16:06-05:00,PUR_IED_JoseMarti_LabQuim_1c6c2d,PUR_IED_JoseMarti_LabQuim_1c6c2d,,,,,
2026-09-12T10:16:06-05:00,PUR_IED_JoseMarti_S_info_f5f177,PUR_IED_JoseMarti_S_info_f5f177,,,,,
2026-09-12T10:16:06-05:00,PUR_IED_Josejoaquin_Ext_dfc5dc,PUR_IED_Josejoaquin_Ext_dfc5dc,,,,,
2026-09-12T10:16:06-05:00,PUR_IED_Josejoaquin_S05_5b2a96,PUR_IED_Josejoaquin_S05_5b2a96,,,,,
2026-09-12T10:16:06-05:00,PUR_IED_Josejoaquin_S06_1ce7d2,PUR_IED_Josejoaquin_S06_1ce7d2,,,,,
2026-09-12T10:16:06-05:00,PUR_IED_JulioFlorez_Danza_9b82dd,PUR_IED_JulioFlorez_Danza_9b82dd,,,,,
2026-09-12T10:16:06-05:00,PUR_IED_JulioFlorez_Exter_f9f314,PUR_IED_JulioFlorez_Exter_f9f314,,,,,
2026-09-12T10:16:06-05:00,PUR_IED_JulioFlorez_info2_6b6e08,PUR_IED_JulioFlorez_info2_6b6e08,,,,,
2026-09-12T10:16:06-05:00,PUR_IED_LaBelleza_Aula13_1d00d8,PUR_IED_LaBelleza_Aula13_1d00d8,,,,,
2026-09-12T10:16:06-05:00,PUR_IED_LaBelleza_Ext_7bc08c,PUR_IED_LaBelleza_Ext_7bc08c,,,,,
2026-09-12T10:16:06-05:00,PUR_IED_LaChucua_Ext_8cd6d2,PUR_IED_LaChucua_Ext_8cd6d2,,,,,
2026-09-12T10:16:06-05:00,PUR_IED_LaChucua_S15_f578ce,PUR_IED_LaChucua_S15_f578ce,,,,,
2026-09-12T10:16:06-05:00,PUR_IED_LaChucua_S16_eebcf9,PUR_IED_LaChucua_S16_eebcf9,,,,,
2026-09-12T10:16:06-05:00,PUR_IED_LaFelicidad_Ext_fb5109,PUR_IED_LaFelicidad_Ext_fb5109,,,,,
2026-09-12T10:16:06-05:00,PUR_IED_LaMerced_206_66ebd,PUR_IED_LaMerced_206_66ebd,,,,,
2026-09-12T10:16:06-05:00,PUR_IED_LaMerced_207_6ebd6,PUR_IED_LaMerced_207_6ebd6,,,,,
2026-09-12T10:16:06-05:00,PUR_IED_LaMerced_ext_304311,PUR_IED_LaMerced_ext_304311,,,,,
2026-09-12T10:16:06-05:00,PUR_IED_Laureano_CiencNat_281e5e,PUR_IED_Laureano_CiencNat_281e5e,,,,,
2026-09-12T10:16:06-05:00,PUR_IED_Laureano_Comedor_f65c0a,PUR_IED_Laureano_Comedor_f65c0a,,,,,
2026-09-12T10:16:06-05:00,PUR_IED_Laureano_Exterior_7ab011,PUR_IED_Laureano_Exterior_7ab011,,,,,
2026-09-12T10:16:06-05:00,PUR_IED_LeonGreiff_Exte_dfe560,PUR_IED_LeonGreiff_Exte_dfe560,,,,,
2026-09-12T10:16:06-05:00,PUR_IED_LeonGreiff_S210_f264ed,PUR_IED_LeonGreiff_S210_f264ed,,,,,
2026-09-12T10:16:06-05:00,PUR_IED_LeonGreiff_SQuimi_e8296f,PUR_IED_LeonGreiff_SQuimi_e8296f,,,,,
2026-09-12T10:16:06-05:00,PUR_IED_LlanoOrientalS208_7b9fcd,PUR_IED_LlanoOrientalS208_7b9fcd,,,,,
2026-09-12T10:16:06-05:00,PUR_IED_LlanoOriental_Ext_fb3766,PUR_IED_LlanoOriental_Ext_fb3766,,,,,
2026-09-12T10:16:06-05:00,PUR_IED_LlanoOriental_S208_7b9fcd,PUR_IED_LlanoOriental_S208_7b9fcd,,,,,
2026-09-12T10:16:06-05:00,PUR_IED_LlanoOriental_S9_27b378,PUR_IED_LlanoOriental_S9_27b378,,,,,
2026-09-12T10:16:06-05:00,PUR_IED_LosTejares_1101_477602,PUR_IED_LosTejares_1101_477602,,,,,
2026-09-12T10:16:06-05:00,PUR_IED_LosTejares_11_d2c595,PUR_IED_LosTejares_11_d2c595,,,,,
2026-09-12T10:16:06-05:00,PUR_IED_LosTejares_12_477602,PUR_IED_LosTejares_12_477602,,,,,
2026-09-12T10:16:06-05:00,PUR_IED_LosTejares_Ext_8e2115,PUR_IED_LosTejares_Ext_8e2115,,,,,
2026-09-12T10:16:06-05:00,PUR_IED_MagdalenaO_B202_5ddda3,PUR_IED_MagdalenaO_B202_5ddda3,,,,,
2026-09-12T10:16:06-05:00,PUR_IED_MagdalenaO_B205_fb76e8,PUR_IED_MagdalenaO_B205_fb76e8,,,,,
2026-09-12T10:16:06-05:00,PUR_IED_MagdalenaO_ext_dc69cd,PUR_IED_MagdalenaO_ext_dc69cd,,,,,
2026-09-12T10:16:06-05:00,PUR_IED_ManueCepeda_artes_eee956,PUR_IED_ManueCepeda_artes_eee956,,,,,
2026-09-12T10:16:06-05:00,PUR_IED_ManuelCepeda_Ext_58313,PUR_IED_ManuelCepeda_Ext_58313,,,,,
2026-09-12T10:16:06-05:00,PUR_IED_ManuelCepeda_tec_1c5731,PUR_IED_ManuelCepeda_tec_1c5731,,,,,
2026-09-12T10:16:06-05:00,PUR_IED_ManuelS_Exterior_5b269,PUR_IED_ManuelS_Exterior_5b269,,,,,
2026-09-12T10:16:06-05:00,PUR_IED_ManuelS_Inform_f369ce,PUR_IED_ManuelS_Inform_f369ce,,,,,
2026-09-12T10:16:06-05:00,PUR_IED_ManuelS_SArtes_7d15f1,PUR_IED_ManuelS_SArtes_7d15f1,,,,,
2026-09-12T10:16:06-05:00,PUR_IED_ManuelZapata_303_3ca6,PUR_IED_ManuelZapata_303_3ca6,,,,,
2026-09-12T10:16:06-05:00,PUR_IED_ManuelZapata_311_bfbabc,PUR_IED_ManuelZapata_311_bfbabc,,,,,
2026-09-12T10:16:06-05:00,PUR_IED_ManuelZapata_Ext_50824a,PUR_IED_ManuelZapata_Ext_50824a,,,,,
2026-09-12T10:16:06-05:00,PUR_IED_ManuelitaS_Exteri_656a92,PUR_IED_ManuelitaS_Exteri_656a92,,,,,
2026-09-12T10:16:06-05:00,PUR_IED_ManuelitaS_JuzgDe_f58ec3,PUR_IED_ManuelitaS_JuzgDe_f58ec3,,,,,
2026-09-12T10:16:06-05:00,PUR_IED_ManuelitaS_Recrea_d793db,PUR_IED_ManuelitaS_Recrea_d793db,,,,,
2026-09-12T10:16:06-05:00,PUR_IED_MarFidSuarez_Ext_c27b19,PUR_IED_MarFidSuarez_Ext_c27b19,,,,,
2026-09-12T10:16:06-05:00,PUR_IED_MarFidSuarez_Info_e384d7,PUR_IED_MarFidSuarez_Info_e384d7,,,,,
2026-09-12T10:16:06-05:00,PUR_IED_MarFidSuarez_S306_1d0032,PUR_IED_MarFidSuarez_S306_1d0032,,,,,
2026-09-12T10:16:06-05:00,PUR_IED_Menorah_301_2a25a3,PUR_IED_Menorah_301_2a25a3,,,,,
2026-09-12T10:16:06-05:00,PUR_IED_Menorah_306_37ed3,PUR_IED_Menorah_306_37ed3,,,,,
2026-09-12T10:16:06-05:00,PUR_IED_Menorah_Ext_3e155b,PUR_IED_Menorah_Ext_3e155b,,,,,
2026-09-12T10:16:06-05:00,PUR_IED_MinutoB.Aires_A11_1b1604,PUR_IED_MinutoB.Aires_A11_1b1604,,,,,
2026-09-12T10:16:06-05:00,PUR_IED_MinutoB.Aires_A12_fb5860,PUR_IED_MinutoB.Aires_A12_fb5860,,,,,
2026-09-12T10:16:06-05:00,PUR_IED_MinutoB.Aires_Ext_81293f,PUR_IED_MinutoB.Aires_Ext_81293f,,,,,
2026-09-12T10:16:06-05:00,PUR_IED_MinutoBAires_A11_1b1604,PUR_IED_MinutoBAires_A11_1b1604,,,,,
2026-09-12T10:16:06-05:00,PUR_IED_MinutoBAires_A12_fb5860,PUR_IED_MinutoBAires_A12_fb5860,,,,,
2026-09-12T10:16:06-05:00,PUR_IED_MinutoBAires_Ext_81293f,PUR_IED_MinutoBAires_Ext_81293f,,,,,
2026-09-12T10:16:06-05:00,PUR_IED_Montreal_Aula10_1e4959,PUR_IED_Montreal_Aula10_1e4959,,,,,
2026-09-12T10:16:06-05:00,PUR_IED_Montreal_Aula6_300367,PUR_IED_Montreal_Aula6_300367,,,,,
2026-09-12T10:16:06-05:00,PUR_IED_Montreal_Exterior_91a179,PUR_IED_Montreal_Exterior_91a179,,,,,
2026-09-12T10:16:06-05:00,PUR_IED_Mqgdalena_B202_5ddda3,PUR_IED_Mqgdalena_B202_5ddda3,,,,,
2026-09-12T10:16:06-05:00,PUR_IED_NACUND_Soc_dc8728,PUR_IED_NACUND_Soc_dc8728,,,,,
2026-09-12T10:16:06-05:00,PUR_IED_NACUND_ext_27ad97,PUR_IED_NACUND_ext_27ad97,,,,,
2026-09-12T10:16:06-05:00,PUR_IED_NEsperanza_Ext_d24b61,PUR_IED_NEsperanza_Ext_d24b61,,,,,
2026-09-12T10:16:06-05:00,PUR_IED_NEsperanza_SElect_7d1807,PUR_IED_NEsperanza_SElect_7d1807,,,,,
2026-09-12T10:16:06-05:00,PUR_IED_NEsperanza_SLabor_8b2d0a,PUR_IED_NEsperanza_SLabor_8b2d0a,,,,,
2026-09-12T10:16:06-05:00,PUR_IED_NacionesU_Ext_f661a9,PUR_IED_NacionesU_Ext_f661a9,,,,,
2026-09-12T10:16:06-05:00,PUR_IED_NacionesU_Quimica_66f0a,PUR_IED_NacionesU_Quimica_66f0a,,,,,
2026-09-12T10:16:06-05:00,PUR_IED_NacionesU_S306_1b4b3d,PUR_IED_NacionesU_S306_1b4b3d,,,,,
2026-09-12T10:16:06-05:00,PUR_IED_NestorFA_Ext_e4201c,PUR_IED_NestorFA_Ext_e4201c,,,,,
2026-09-12T10:16:06-05:00,PUR_IED_NestorFA_Laborato_f22fe0,PUR_IED_NestorFA_Laborato_f22fe0,,,,,
2026-09-12T10:16:06-05:00,PUR_IED_NestorFA_S204_dee996,PUR_IED_NestorFA_S204_dee996,,,,,
2026-09-12T10:16:06-05:00,PUR_IED_NidyaQT_Aula03_76999b,PUR_IED_NidyaQT_Aula03_76999b,,,,,
2026-09-12T10:16:06-05:00,PUR_IED_NidyaQT_Aula10_56325,PUR_IED_NidyaQT_Aula10_56325,,,,,
2026-09-12T10:16:06-05:00,PUR_IED_NidyaQT_Ext_46e32d,PUR_IED_NidyaQT_Ext_46e32d,,,,,
2026-09-12T10:16:06-05:00,PUR_IED_NuevaCol_Exterior_d9b859,PUR_IED_NuevaCol_Exterior_d9b859,,,,,
2026-09-12T10:16:06-05:00,PUR_IED_NuevaCol_S1101_76c43b,PUR_IED_NuevaCol_S1101_76c43b,,,,,
2026-09-12T10:16:06-05:00,PUR_IED_NuevaCol_S1102_1ce0b5,PUR_IED_NuevaCol_S1102_1ce0b5,,,,,
2026-09-12T10:16:06-05:00,PUR_IED_OEA_A202_f7e3f2,PUR_IED_OEA_A202_f7e3f2,,,,,
2026-09-12T10:16:06-05:00,PUR_IED_OEA_A203_7d1b8d,PUR_IED_OEA_A203_7d1b8d,,,,,
2026-09-12T10:16:06-05:00,PUR_IED_OEA_Ext_27b593,PUR_IED_OEA_Ext_27b593,,,,,
2026-09-12T10:16:06-05:00,PUR_IED_Ochoa_Ext_1c29da,PUR_IED_Ochoa_Ext_1c29da,,,,,
2026-09-12T10:16:06-05:00,PUR_IED_Ochoa_S205_8b1121,PUR_IED_Ochoa_S205_8b1121,,,,,
2026-09-12T10:16:06-05:00,PUR_IED_Ochoa_Sistemas_f33af6,PUR_IED_Ochoa_Sistemas_f33af6,,,,,
2026-09-12T10:16:06-05:00,PUR_IED_PQuebec_Ext_1c67c7,PUR_IED_PQuebec_Ext_1c67c7,,,,,
2026-09-12T10:16:06-05:00,PUR_IED_PQuebec_S15_23e8e2,PUR_IED_PQuebec_S15_23e8e2,,,,,
2026-09-12T10:16:06-05:00,PUR_IED_PQuebec_S16_8ec76b,PUR_IED_PQuebec_S16_8ec76b,,,,,
2026-09-12T10:16:06-05:00,PUR_IED_PabloN_Ext_49dc96,PUR_IED_PabloN_Ext_49dc96,,,,,
2026-09-12T10:16:06-05:00,PUR_IED_PabloN_S1102_4e3df5,PUR_IED_PabloN_S1102_4e3df5,,,,,
2026-09-12T10:16:06-05:00,PUR_IED_PabloN_S1103_50c94b,PUR_IED_PabloN_S1103_50c94b,,,,,
2026-09-12T10:16:06-05:00,PUR_IED_Palestina_S1101_db9198,PUR_IED_Palestina_S1101_db9198,,,,,
2026-09-12T10:16:06-05:00,PUR_IED_Palestina_S1102_dc54fa,PUR_IED_Palestina_S1102_dc54fa,,,,,
2026-09-12T10:16:06-05:00,PUR_IED_Palestina_ext_4ccce6,PUR_IED_Palestina_ext_4ccce6,,,,,
2026-09-12T10:16:06-05:00,PUR_IED_Panama_Fisica_4d0794,PUR_IED_Panama_Fisica_4d0794,,,,,
2026-09-12T10:16:06-05:00,PUR_IED_Panama_SIngles_a4077e,PUR_IED_Panama_SIngles_a4077e,,,,,
2026-09-12T10:16:06-05:00,PUR_IED_Panama_ext_4c54b4,PUR_IED_Panama_ext_4c54b4,,,,,
2026-09-12T10:16:06-05:00,PUR_IED_ParaisoM_Exterior_8cd7f0,PUR_IED_ParaisoM_Exterior_8cd7f0,,,,,
2026-09-12T10:16:06-05:00,PUR_IED_ParaisoM_Laborato_27af35,PUR_IED_ParaisoM_Laborato_27af35,,,,,
2026-09-12T10:16:06-05:00,PUR_IED_ParaisoM_S304_d1edca,PUR_IED_ParaisoM_S304_d1edca,,,,,
2026-09-12T10:16:06-05:00,PUR_IED_PorfirioBarba_Ext_301466,PUR_IED_PorfirioBarba_Ext_301466,,,,,
2026-09-12T10:16:06-05:00,PUR_IED_PorfirioBarba_S11_df6cd2,PUR_IED_PorfirioBarba_S11_df6cd2,,,,,
2026-09-12T10:16:06-05:00,PUR_IED_PorfirioBarba_S29_27a7d6,PUR_IED_PorfirioBarba_S29_27a7d6,,,,,
2026-09-12T10:16:06-05:00,PUR_IED_PradoV_Exter_8b27ad,PUR_IED_PradoV_Exter_8b27ad,,,,,
2026-09-12T10:16:06-05:00,PUR_IED_PradoV_S301_de65b5,PUR_IED_PradoV_S301_de65b5,,,,,
2026-09-12T10:16:06-05:00,PUR_IED_PradoV_S302_7d2593,PUR_IED_PradoV_S302_7d2593,,,,,
2026-09-12T10:16:06-05:00,PUR_IED_QuirogaAlz_Ext_1ddc82,PUR_IED_QuirogaAlz_Ext_1ddc82,,,,,
2026-09-12T10:16:06-05:00,PUR_IED_QuirogaAlz_S302_9926a3,PUR_IED_QuirogaAlz_S302_9926a3,,,,,
2026-09-12T10:16:06-05:00,PUR_IED_QuirogaAlz_S305_cdf1f1,PUR_IED_QuirogaAlz_S305_cdf1f1,,,,,
2026-09-12T10:16:06-05:00,PUR_IED_RGuatemala_Biling_dc53b7,PUR_IED_RGuatemala_Biling_dc53b7,,,,,
2026-09-12T10:16:06-05:00,PUR_IED_RGuatemala_Ext_1b89a3,PUR_IED_RGuatemala_Ext_1b89a3,,,,,
2026-09-12T10:16:06-05:00,PUR_IED_RGuatemala_Tecnol_281a34,PUR_IED_RGuatemala_Tecnol_281a34,,,,,
2026-09-12T10:16:06-05:00,PUR_IED_RafaNu_Ext_f7c302,PUR_IED_RafaNu_Ext_f7c302,,,,,
2026-09-12T10:16:06-05:00,PUR_IED_RafaNu_S1101_25fde,PUR_IED_RafaNu_S1101_25fde,,,,,
2026-09-12T10:16:06-05:00,PUR_IED_RafaNu_S1102_281517,PUR_IED_RafaNu_S1102_281517,,,,,
2026-09-12T10:16:06-05:00,PUR_IED_RafaelB_S305_ee2783,PUR_IED_RafaelB_S305_ee2783,,,,,
2026-09-12T10:16:06-05:00,PUR_IED_RafaelB_S306_75fe33,PUR_IED_RafaelB_S306_75fe33,,,,,
2026-09-12T10:16:06-05:00,PUR_IED_RafaelB_ext_283336,PUR_IED_RafaelB_ext_283336,2,20,56,4.6722,-74.0737
2026-09-12T10:16:06-05:00,PUR_IED_RafaelUU_Exterior_281a51,PUR_IED_RafaelUU_Exterior_281a51,,,,,
2026-09-12T10:16:06-05:00,PUR_IED_RafaelUU_Human_806b2,PUR_IED_RafaelUU_Human_806b2,,,,,
2026-09-12T10:16:06-05:00,PUR_IED_RafaelUU_Mate2_5680d4,PUR_IED_RafaelUU_Mate2_5680d4,,,,,
2026-09-12T10:16:06-05:00,PUR_IED_RamonSub_Ext_f9eeb9,PUR_IED_RamonSub_Ext_f9eeb9,,,,,
2026-09-12T10:16:06-05:00,PUR_IED_RamonSub_Media_d1f62f,PUR_IED_RamonSub_Media_d1f62f,,,,,
2026-09-12T10:16:06-05:00,PUR_IED_RamonSub_planta_51b82,PUR_IED_RamonSub_planta_51b82,,,,,
2026-09-12T10:16:06-05:00,PUR_IED_RepBoliVene_Exter_27af7c,PUR_IED_RepBoliVene_Exter_27af7c,,,,,
2026-09-12T10:16:06-05:00,PUR_IED_RepBoliVene_SCPT_5ae2ee,PUR_IED_RepBoliVene_SCPT_5ae2ee,,,,,
2026-09-12T10:16:06-05:00,PUR_IED_RepBoliVene_Socia_4b11d5,PUR_IED_RepBoliVene_Socia_4b11d5,,,,,
2026-09-12T10:16:06-05:00,PUR_IED_RepChina_Ext_76d9ee,PUR_IED_RepChina_Ext_76d9ee,,,,,
2026-09-12T10:16:06-05:00,PUR_IED_RepChina_S404_7c804c,PUR_IED_RepChina_S404_7c804c,,,,,
2026-09-12T10:16:06-05:00,PUR_IED_RepChina_S405_df2c33,PUR_IED_RepChina_S405_df2c33,,,,,
2026-09-12T10:16:06-05:00,PUR_IED_RepublicaC_Exteri_7d1ec9,PUR_IED_RepublicaC_Exteri_7d1ec9,,,,,
2026-09-12T10:16:06-05:00,PUR_IED_RepublicaC_S1101_f544b3,PUR_IED_RepublicaC_S1101_f544b3,,,,,
2026-09-12T10:16:06-05:00,PUR_IED_RepublicaC_S1102_7aafc7,PUR_IED_RepublicaC_S1102_7aafc7,,,,,
2026-09-12T10:16:06-05:00,PUR_IED_Ricaurte_Externo_a0ea1,PUR_IED_Ricaurte_Externo_a0ea1,,,,,
2026-09-12T10:16:06-05:00,PUR_IED_Ricaurte_S210_f546fd,PUR_IED_Ricaurte_S210_f546fd,,,,,
2026-09-12T10:16:06-05:00,PUR_IED_Ricaurte_S309_d4452,PUR_IED_Ricaurte_S309_d4452,,,,,
2026-09-12T10:16:06-05:00,PUR_IED_RogelioS_1102_531e69,PUR_IED_RogelioS_1102_531e69,,,,,
2026-09-12T10:16:06-05:00,PUR_IED_RogelioS_Ext_f25a18,PUR_IED_RogelioS_Ext_f25a18,,,,,
2026-09-12T10:16:06-05:00,PUR_IED_SBernardino_Ext_27aff8,PUR_IED_SBernardino_Ext_27aff8,,,,,
2026-09-12T10:16:06-05:00,PUR_IED_SBernardino_SArte_2ffd33,PUR_IED_SBernardino_SArte_2ffd33,,,,,
2026-09-12T10:16:06-05:00,PUR_IED_SBernardino_SIngl_7c7da5,PUR_IED_SBernardino_SIngl_7c7da5,,,,,
2026-09-12T10:16:06-05:00,PUR_IED_Sago_auditorio_dc9d1d,PUR_IED_Sago_auditorio_dc9d1d,,,,,
2026-09-12T10:16:06-05:00,PUR_IED_Saludcoop_Ext_95aac3,PUR_IED_Saludcoop_Ext_95aac3,,,,,
2026-09-12T10:16:06-05:00,PUR_IED_Saludcoop_InfI_90c854,PUR_IED_Saludcoop_InfI_90c854,,,,,
2026-09-12T10:16:06-05:00,PUR_IED_Saludcoop_SMedia_1b93be,PUR_IED_Saludcoop_SMedia_1b93be,,,,,
2026-09-12T10:16:06-05:00,PUR_IED_SanCarlos_1101_1a2360,PUR_IED_SanCarlos_1101_1a2360,,,,,
2026-09-12T10:16:06-05:00,PUR_IED_SanCarlos_1103_7bafb5,PUR_IED_SanCarlos_1103_7bafb5,,,,,
2026-09-12T10:16:06-05:00,PUR_IED_SanCarlos_Ext_b7cd1,PUR_IED_SanCarlos_Ext_b7cd1,,,,,
2026-09-12T10:16:06-05:00,PUR_IED_SanIgnacioBosa11a_50c26e,PUR_IED_SanIgnacioBosa11a_50c26e,,,,,
2026-09-12T10:16:06-05:00,PUR_IED_SanIgnacioBosa11b_371de8,PUR_IED_SanIgnacioBosa11b_371de8,,,,,
2026-09-12T10:16:06-05:00,PUR_IED_SanIgnacioBosaExt_ef0ffc,PUR_IED_SanIgnacioBosaExt_ef0ffc,,,,,
2026-09-12T10:16:06-05:00,PUR_IED_SanIgnacioBosa_11a_50c26e,PUR_IED_SanIgnacioBosa_11a_50c26e,,,,,
2026-09-12T10:16:06-05:00,PUR_IED_SanIgnacioBosa_Ext_ef0ffc,PUR_IED_SanIgnacioBosa_Ext_ef0ffc,,,,,
2026-09-12T10:16:06-05:00,PUR_IED_SanJoseN_intS1101_31c47f,PUR_IED_SanJoseN_intS1101_31c47f,,,,,
2026-09-12T10:16:06-05:00,PUR_IED_SanJoseUsm_Exter_f5d7e8,PUR_IED_SanJoseUsm_Exter_f5d7e8,,,,,
2026-09-12T10:16:06-05:00,PUR_IED_SanJoseUsm_Int11A_cfdef6,PUR_IED_SanJoseUsm_Int11A_cfdef6,,,,,
2026-09-12T10:16:06-05:00,PUR_IED_SilveriaR_IntB5_905349,PUR_IED_SilveriaR_IntB5_905349,,,,,
2026-09-12T10:16:06-05:00,PUR_IED_SilveriaR_IntSD14_981f93,PUR_IED_SilveriaR_IntSD14_981f93,,,,,
2026-09-12T10:16:06-05:00,PUR_IED_SilveriaR_ext_2b651d,PUR_IED_SilveriaR_ext_2b651d,,,,,
2026-09-12T10:16:06-05:00,PUR_IED_SimonB_Exterior_913975,PUR_IED_SimonB_Exterior_913975,,,,,
2026-09-12T10:16:06-05:00,PUR_IED_SimonB_LabQuimi_c56908,PUR_IED_SimonB_LabQuimi_c56908,,,,,
2026-09-12T10:16:06-05:00,PUR_IED_SimonB_informatic_a28c1,PUR_IED_SimonB_informatic_a28c1,,,,,
2026-09-12T10:16:06-05:00,PUR_IED_Sorrento_1102_315f50,PUR_IED_Sorrento_1102_315f50,,,,,
2026-09-12T10:16:06-05:00,PUR_IED_Sorrento_Minte_214eab,PUR_IED_Sorrento_Minte_214eab,,,,,
2026-09-12T10:16:06-05:00,PUR_IED_Sorrento_ext_7c3a0a,PUR_IED_Sorrento_ext_7c3a0a,,,,,
2026-09-12T10:16:06-05:00,PUR_IED_Tabora_Ext_f048ae,PUR_IED_Tabora_Ext_f048ae,,,,,
2026-09-12T10:16:06-05:00,PUR_IED_Tabora_S1102_b07752,PUR_IED_Tabora_S1102_b07752,,,,,
2026-09-12T10:16:06-05:00,PUR_IED_Tabora_S1103_d988f5,PUR_IED_Tabora_S1103_d988f5,,,,,
2026-09-12T10:16:06-05:00,PUR_IED_Tenerife_Ext_1ab188,PUR_IED_Tenerife_Ext_1ab188,,,,,
2026-09-12T10:16:06-05:00,PUR_IED_Tenerife_SDanzas_7bc02e,PUR_IED_Tenerife_SDanzas_7bc02e,,,,,
2026-09-12T10:16:06-05:00,PUR_IED_Tenerife_SIngles_7cc277,PUR_IED_Tenerife_SIngles_7cc277,,,,,
2026-09-12T10:16:06-05:00,PUR_IED_Tibabuyes_Exter_f2683d,PUR_IED_Tibabuyes_Exter_f2683d,,,,,
2026-09-12T10:16:06-05:00,PUR_IED_Tibabuyes_S10_dc87a8,PUR_IED_Tibabuyes_S10_dc87a8,,,,,
2026-09-12T10:16:06-05:00,PUR_IED_Tibabuyes_S15_dc0526,PUR_IED_Tibabuyes_S15_dc0526,,,,,
2026-09-12T10:16:06-05:00,PUR_IED_UnionE_S301_a1043,PUR_IED_UnionE_S301_a1043,,,,,
2026-09-12T10:16:06-05:00,PUR_IED_UnionE_S307_ff6c2f,PUR_IED_UnionE_S307_ff6c2f,,,,,
2026-09-12T10:16:06-05:00,PUR_IED_UnionE__Ext_5e2468,PUR_IED_UnionE__Ext_5e2468,,,,,
2026-09-12T10:16:06-05:00,PUR_IED_VillaRica_Ext_75be7c,PUR_IED_VillaRica_Ext_75be7c,,,,,
2026-09-12T10:16:06-05:00,PUR_IED_VillaRica_S4_cc5dcd,PUR_IED_VillaRica_S4_cc5dcd,,,,,
2026-09-12T10:16:06-05:00,PUR_IED_VillaRica_Sesp_99f5c,PUR_IED_VillaRica_Sesp_99f5c,,,,,
2026-09-12T10:21:11-05:00,PUR_IED_20deJulio_1101_91b1b9,PUR_IED_20deJulio_1101_91b1b9,,,,,
2026-09-12T10:21:11-05:00,PUR_IED_20deJulio_1102_1cfcf9,PUR_IED_20deJulio_1102_1cfcf9,,,,,
2026-09-12T10:21:11-05:00,PUR_IED_20deJulio_Ext_ab60bd,PUR_IED_20deJulio_Ext_ab60bd,,,,,
2026-09-12T10:21:11-05:00,PUR_IED_AgustinFer_Ext_7b9b77,PUR_IED_AgustinFer_Ext_7b9b77,,,,,
2026-09-12T10:21:11-05:00,PUR_IED_AgustinFer_Info2_27b3a7,PUR_IED_AgustinFer_Info2_27b3a7,,,,,
2026-09-12T10:21:11-05:00,PUR_IED_AgustinFer_Sena_54b4eb,PUR_IED_AgustinFer_Sena_54b4eb,,,,,
2026-09-12T10:21:11-05:00,PUR_IED_AlexanderF_1102_caf07b,PUR_IED_AlexanderF_1102_caf07b,,,,,
2026-09-12T10:21:11-05:00,PUR_IED_AlexanderF_1103_c79e71,PUR_IED_AlexanderF_1103_c79e71,,,,,
2026-09-12T10:21:11-05:00,PUR_IED_AlexanderF_Ext_c5b18b,PUR_IED_AlexanderF_Ext_c5b18b,,,,,
2026-09-12T10:21:11-05:00,PUR_IED_AlfonsoLopez_Ext_281d77,PUR_IED_AlfonsoLopez_Ext_281d77,,,,,
2026-09-12T10:21:11-05:00,PUR_IED_AlfonsoLopez_LabF_888ce0,PUR_IED_AlfonsoLopez_LabF_888ce0,,,,,
2026-09-12T10:21:11-05:00,PUR_IED_AlfonsoLopez_SMed_df6a7f,PUR_IED_AlfonsoLopez_SMed_df6a7f,,,,,
2026-09-12T10:21:11-05:00,PUR_IED_AltamiraSO_A2_209f92,PUR_IED_AltamiraSO_A2_209f92,,,,,
2026-09-12T10:21:11-05:00,PUR_IED_AltamiraSO_Ext_186d66,PUR_IED_AltamiraSO_Ext_186d66,,,,,
2026-09-12T10:21:11-05:00,PUR_IED_AltamiraSO_Sistem_27afe1,PUR_IED_AltamiraSO_Sistem_27afe1,,,,,
2026-09-12T10:21:11-05:00,PUR_IED_AlvaroGom_LabQuim_813179,PUR_IED_AlvaroGom_LabQuim_813179,,,,,
2026-09-12T10:21:11-05:00,PUR_IED_AlvaroGomez_Ext_47c7ca,PUR_IED_AlvaroGomez_Ext_47c7ca,,,,,
2026-09-12T10:21:11-05:00,PUR_IED_AlvaroGomez_LabQuim_813179,PUR_IED_AlvaroGomez_LabQuim_813179,,,,,
2026-09-12T10:21:11-05:00,PUR_IED_AlvaroGomez_S23_7ba89f,PUR_IED_AlvaroGomez_S23_7ba89f,,,,,
2026-09-12T10:21:11-05:00,PUR_IED_Amistad_306_dc8728,PUR_IED_Amistad_306_dc8728,,,,,
2026-09-12T10:21:11-05:00,PUR_IED_Amistad_Ext_8cd55e,PUR_IED_Amistad_Ext_8cd55e,,,,,
2026-09-12T10:21:11-05:00,PUR_IED_Amistad_S202_a41169,PUR_IED_Amistad_S202_a41169,,,,,
2026-09-12T10:21:11-05:00,PUR_IED_AndresBello_Bio_fd5f5e,PUR_IED_AndresBello_Bio_fd5f5e,,,,,
2026-09-12T10:21:11-05:00,PUR_IED_AndresBello_ext_dcad65,PUR_IED_AndresBello_ext_dcad65,,,,,
2026-09-12T10:21:11-05:00,PUR_IED_AndresBello_port_eed3ec,PUR_IED_AndresBello_port_eed3ec,,,,,
2026-09-12T10:21:11-05:00,PUR_IED_AngelaR_11b_d90a6b,PUR_IED_AngelaR_11b_d90a6b,,,,,
2026-09-12T10:21:11-05:00,PUR_IED_AngelaR_ext_7cad3e,PUR_IED_AngelaR_ext_7cad3e,,,,,
2026-09-12T10:21:11-05:00,PUR_IED_AntJoseSucre_10mo_df2575,PUR_IED_AntJoseSucre_10mo_df2575,,,,,
2026-09-12T10:21:11-05:00,PUR_IED_AntJoseSucre_Ext_215b36,PUR_IED_AntJoseSucre_Ext_215b36,,,,,
2026-09-12T10:21:11-05:00,PUR_IED_AntJoseSucre_Lab_3139de,PUR_IED_AntJoseSucre_Lab_3139de,,,,,
2026-09-12T10:21:11-05:00,PUR_IED_AntonioGarcia_301_d6b188,PUR_IED_AntonioGarcia_301_d6b188,,,,,
2026-09-12T10:21:11-05:00,PUR_IED_AntonioGarcia_302_88a82,PUR_IED_AntonioGarcia_302_88a82,,,,,
2026-09-12T10:21:11-05:00,PUR_IED_AntonioGarcia_Ext_20950c,PUR_IED_AntonioGarcia_Ext_20950c,,,,,
2026-09-12T10:21:11-05:00,PUR_IED_AntonioVan_Aula2_6dea02,PUR_IED_AntonioVan_Aula2_6dea02,,,,,
2026-09-12T10:21:11-05:00,PUR_IED_AntonioVan_Aula5_f1557e,PUR_IED_AntonioVan_Aula5_f1557e,,,,,
2026-09-12T10:21:11-05:00,PUR_IED_AntonioVan_Ext_406f2f,PUR_IED_AntonioVan_Ext_406f2f,,,,,
2026-09-12T10:21:11-05:00,PUR_IED_Atabanzha_Ext_cc5af9,PUR_IED_Atabanzha_Ext_cc5af9,,,,,
2026-09-12T10:21:11-05:00,PUR_IED_Atabanzha_SA101_56c37,PUR_IED_Atabanzha_SA101_56c37,,,,,
2026-09-12T10:21:11-05:00,PUR_IED_Atabanzha_SB302_27b374,PUR_IED_Atabanzha_SB302_27b374,,,,,
2026-09-12T10:21:11-05:00,PUR_IED_Atahualpa_Ext_fc1748,PUR_IED_Atahualpa_Ext_fc1748,,,,,
2026-09-12T10:21:11-05:00,PUR_IED_Atahualpa_Informa_dc9a95,PUR_IED_Atahualpa_Informa_dc9a95,,,,,
2026-09-12T10:21:11-05:00,PUR_IED_Atahualpa_S1101_f98056,PUR_IED_Atahualpa_S1101_f98056,,,,,
2026-09-12T10:21:11-05:00,PUR_IED_Bellavista_Ext_f5aa74,PUR_IED_Bellavista_Ext_f5aa74,,,,,
2026-09-12T10:21:11-05:00,PUR_IED_Bilbao_11A_916c41,PUR_IED_Bilbao_11A_916c41,,,,,
2026-09-12T10:21:11-05:00,PUR_IED_Bilbao_Ext_fb579a,PUR_IED_Bilbao_Ext_fb579a,,,,,
2026-09-12T10:21:11-05:00,PUR_IED_BrasiliaU_A125_304280,PUR_IED_BrasiliaU_A125_304280,,,,,
2026-09-12T10:21:11-05:00,PUR_IED_BrasiliaU_A203_7c8ca5,PUR_IED_BrasiliaU_A203_7c8ca5,,,,,
2026-09-12T10:21:11-05:00,PUR_IED_BrasiliaU_Ext_8d6e9f,PUR_IED_BrasiliaU_Ext_8d6e9f,5,18,63,4.5175,-74.116302
2026-09-12T10:21:11-05:00,PUR_IED_Brasilia_Ext_fe6593,PUR_IED_Brasilia_Ext_fe6593,,,,,
2026-09-12T10:21:11-05:00,PUR_IED_Brasilia_S24_7c130d,PUR_IED_Brasilia_S24_7c130d,,,,,
2026-09-12T10:21:11-05:00,PUR_IED_Brasilia_S501_186a54,PUR_IED_Brasilia_S501_186a54,,,,,
2026-09-12T10:21:11-05:00,PUR_IED_CHARRY_EXT_f1d5cd,PUR_IED_CHARRY_EXT_f1d5cd,,,,,
2026-09-12T10:21:11-05:00,PUR_IED_CHARRY_INTDANZAS_7a08e6,PUR_IED_CHARRY_INTDANZAS_7a08e6,,,,,
2026-09-12T10:21:11-05:00,PUR_IED_CHARRY_INT_AULA20_dc998d,PUR_IED_CHARRY_INT_AULA20_dc998d,,,,,
2026-09-12T10:21:11-05:00,PUR_IED_COLVIV_1101_S25_7f520a,PUR_IED_COLVIV_1101_S25_7f520a,,,,,
2026-09-12T10:21:11-05:00,PUR_IED_COLVIV_1102_S16_f570ba,PUR_IED_COLVIV_1102_S16_f570ba,,,,,
2026-09-12T10:21:11-05:00,PUR_IED_COLVIV_Ext_1a26fa,PUR_IED_COLVIV_Ext_1a26fa,,,,,
2026-09-12T10:21:11-05:00,PUR_IED_CULPOP_301A_f660f3,PUR_IED_CULPOP_301A_f660f3,,,,,
2026-09-12T10:21:11-05:00,PUR_IED_CULPOP_303_568afe,PUR_IED_CULPOP_303_568afe,,,,,
2026-09-12T10:21:11-05:00,PUR_IED_CULPOP_Ext_e02ccb,PUR_IED_CULPOP_Ext_e02ccb,,,,,
2026-09-12T10:21:11-05:00,PUR_IED_CVillavicen_Ext_26eb58,PUR_IED_CVillavicen_Ext_26eb58,6,16,78,4.487,-74.102798
2026-09-12T10:21:11-05:00,PUR_IED_CVillavicen_Intel_1ce5c2,PUR_IED_CVillavicen_Intel_1ce5c2,,,,,
2026-09-12T10:21:11-05:00,PUR_IED_CVillavicen_Poliv_e0766c,PUR_IED_CVillavicen_Poliv_e0766c,,,,,
2026-09-12T10:21:11-05:00,PUR_IED_CVillavicen_int_1ba140,PUR_IED_CVillavicen_int_1ba140,,,,,
2026-09-12T10:21:11-05:00,PUR_IED_CVillavicen_intel_1ba140,PUR_IED_CVillavicen_intel_1ba140,,,,,
2026-09-12T10:21:11-05:00,PUR_IED_CarlosPizarro_Ext_e307cc,PUR_IED_CarlosPizarro_Ext_e307cc,,,,,
2026-09-12T10:21:11-05:00,PUR_IED_CarlosPizarro_L36_7e5cdb,PUR_IED_CarlosPizarro_L36_7e5cdb,,,,,
2026-09-12T10:21:11-05:00,PUR_IED_CarlosPizarro_L37_c8566c,PUR_IED_CarlosPizarro_L37_c8566c,,,,,
2026-09-12T10:21:11-05:00,PUR_IED_Castilla_Ext_cf35f,PUR_IED_Castilla_Ext_cf35f,,,,,
2026-09-12T10:21:11-05:00,PUR_IED_Castilla_SFisik_360e38,PUR_IED_Castilla_SFisik_360e38,,,,,
2026-09-12T10:21:11-05:00,PUR_IED_Castilla_Sc304_496fbf,PUR_IED_Castilla_Sc304_496fbf,,,,,
2026-09-12T10:21:11-05:00,PUR_IED_CervantesSa_Ext_6b57b,PUR_IED_CervantesSa_Ext_6b57b,5,19,68,4.5128,-74.117203
2026-09-12T10:21:11-05:00,PUR_IED_CervantesSa_S107_225c2b,PUR_IED_CervantesSa_S107_225c2b,,,,,
2026-09-12T10:21:11-05:00,PUR_IED_CervantesSa_S108_940925,PUR_IED_CervantesSa_S108_940925,,,,,
2026-09-12T10:21:11-05:00,PUR_IED_Charry_A20_f53e7c,PUR_IED_Charry_A20_f53e7c,,,,,
2026-09-12T10:21:11-05:00,PUR_IED_Charry_Ext_f1d5cd,PUR_IED_Charry_Ext_f1d5cd,,,,,
2026-09-12T10:21:11-05:00,PUR_IED_Charry_IntAula20_dc998d,PUR_IED_Charry_IntAula20_dc998d,,,,,
2026-09-12T10:21:11-05:00,PUR_IED_Charry_IntDanzas_7a08e6,PUR_IED_Charry_IntDanzas_7a08e6,,,,,
2026-09-12T10:21:11-05:00,PUR_IED_ClememciaC_203_43e2fc,PUR_IED_ClememciaC_203_43e2fc,,,,,
2026-09-12T10:21:11-05:00,PUR_IED_ClememciaC_Ext_1b411a,PUR_IED_ClememciaC_Ext_1b411a,,,,,
2026-09-12T10:21:11-05:00,PUR_IED_ClememciaC_Quimic_44b5fc,PUR_IED_ClememciaC_Quimic_44b5fc,,,,,
2026-09-12T10:21:11-05:00,PUR_IED_ClemenciaC_203_43e2fc,PUR_IED_ClemenciaC_203_43e2fc,,,,,
2026-09-12T10:21:11-05:00,PUR_IED_ClemenciaC_Ext_1b411a,PUR_IED_ClemenciaC_Ext_1b411a,,,,,
2026-09-12T10:21:11-05:00,PUR_IED_ClemenciaC_Quimic_44b5fc,PUR_IED_ClemenciaC_Quimic_44b5fc,,,,,
2026-09-12T10:21:11-05:00,PUR_IED_ColViva_1101_S25_7f520a,PUR_IED_ColViva_1101_S25_7f520a,,,,,
2026-09-12T10:21:11-05:00,PUR_IED_ColViva_1102_S16_f570ba,PUR_IED_ColViva_1102_S16_f570ba,,,,,
2026-09-12T10:21:11-05:00,PUR_IED_ColViva_Ext_1a26fa,PUR_IED_ColViva_Ext_1a26fa,,,,,
2026-09-12T10:21:11-05:00,PUR_IED_ColegioBici_Asist_7c8798,PUR_IED_ColegioBici_Asist_7c8798,,,,,
2026-09-12T10:21:11-05:00,PUR_IED_ColegioBici_Ext_25cbf6,PUR_IED_ColegioBici_Ext_25cbf6,,,,,
2026-09-12T10:21:11-05:00,PUR_IED_ColegioBici_LabQ_7b57db,PUR_IED_ColegioBici_LabQ_7b57db,,,,,
2026-09-12T10:21:11-05:00,PUR_IED_CostaRica_Ext_5e640,PUR_IED_CostaRica_Ext_5e640,,,,,
2026-09-12T10:21:11-05:00,PUR_IED_CostaRica_Quim1_766d1c,PUR_IED_CostaRica_Quim1_766d1c,,,,,
2026-09-12T10:21:11-05:00,PUR_IED_CostaRica__Fisica_6f0873,PUR_IED_CostaRica__Fisica_6f0873,,,,,
2026-09-12T10:21:11-05:00,PUR_IED_CulPopu_301A_f660f3,PUR_IED_CulPopu_301A_f660f3,,,,,
2026-09-12T10:21:11-05:00,PUR_IED_CulPopu_303_568afe,PUR_IED_CulPopu_303_568afe,,,,,
2026-09-12T10:21:11-05:00,PUR_IED_CulPopu_Ext_e02ccb,PUR_IED_CulPopu_Ext_e02ccb,,,,,
2026-09-12T10:21:11-05:00,PUR_IED_Cundinamarca_Ext_f15985,PUR_IED_Cundinamarca_Ext_f15985,,,,,
2026-09-12T10:21:11-05:00,PUR_IED_Cundinamarca_Info_7aa5d7,PUR_IED_Cundinamarca_Info_7aa5d7,,,,,
2026-09-12T10:21:11-05:00,PUR_IED_Cundinamarca_Tec2_f449c7,PUR_IED_Cundinamarca_Tec2_f449c7,,,,,
2026-09-12T10:21:11-05:00,PUR_IED_DiegoM_Aula1_27b314,PUR_IED_DiegoM_Aula1_27b314,,,,,
2026-09-12T10:21:11-05:00,PUR_IED_DiegoM_Ext_d80ac8,PUR_IED_DiegoM_Ext_d80ac8,,,,,
2026-09-12T10:21:11-05:00,PUR_IED_DiegoM_S25_da928f,PUR_IED_DiegoM_S25_da928f,,,,,
2026-09-12T10:21:11-05:00,PUR_IED_ELRODEO_360881,PUR_IED_ELRODEO_360881,,,,,
2026-09-12T10:21:11-05:00,PUR_IED_ELRODEO_ext_360881,PUR_IED_ELRODEO_ext_360881,,,,,
2026-09-12T10:21:11-05:00,PUR_IED_EduardoU_Ext_1c1969,PUR_IED_EduardoU_Ext_1c1969,,,,,
2026-09-12T10:21:11-05:00,PUR_IED_EduardoU_SCiencia_4dfb94,PUR_IED_EduardoU_SCiencia_4dfb94,,,,,
2026-09-12T10:21:11-05:00,PUR_IED_EduardoU_SQuimica_5a46e7,PUR_IED_EduardoU_SQuimica_5a46e7,,,,,
2026-09-12T10:21:11-05:00,PUR_IED_ElRodeo_Aula14_676984,PUR_IED_ElRodeo_Aula14_676984,,,,,
2026-09-12T10:21:11-05:00,PUR_IED_ElRodeo_Aula16_2dd35b,PUR_IED_ElRodeo_Aula16_2dd35b,,,,,
2026-09-12T10:21:11-05:00,PUR_IED_ElRodeo_Ext_360881,PUR_IED_ElRodeo_Ext_360881,,,,,
2026-09-12T10:21:11-05:00,PUR_IED_ElRodeo_Exterior_8c6d28,PUR_IED_ElRodeo_Exterior_8c6d28,,,,,
2026-09-12T10:21:11-05:00,PUR_IED_ElRodeo_ext_360881,PUR_IED_ElRodeo_ext_360881,,,,,
2026-09-12T10:21:11-05:00,PUR_IED_EmmaReyes_Ext_987625,PUR_IED_EmmaReyes_Ext_987625,3,21,50,4.6367,-74.1511
2026-09-12T10:21:11-05:00,PUR_IED_Ensueño_Ext_7f0250,PUR_IED_Ensueño_Ext_7f0250,,,,,
2026-09-12T10:21:11-05:00,PUR_IED_EscNormal_Ext_5fef3b,PUR_IED_EscNormal_Ext_5fef3b,2,21,56,4.5852,-74.096901
2026-09-12T10:21:11-05:00,PUR_IED_EscNormal_S309_5b263,PUR_IED_EscNormal_S309_5b263,,,,,
2026-09-12T10:21:11-05:00,PUR_IED_EscNormal_S310_27b3b8,PUR_IED_EscNormal_S310_27b3b8,,,,,
2026-09-12T10:21:11-05:00,PUR_IED_Evangelista_Conta_f6cd4f,PUR_IED_Evangelista_Conta_f6cd4f,,,,,
2026-09-12T10:21:11-05:00,PUR_IED_Evangelista_Cri_5e16a,PUR_IED_Evangelista_Cri_5e16a,,,,,
2026-09-12T10:21:11-05:00,PUR_IED_Evangelista_Exter_754066,PUR_IED_Evangelista_Exter_754066,,,,,
2026-09-12T10:21:11-05:00,PUR_IED_FMiranda_S209_5cc2a3,PUR_IED_FMiranda_S209_5cc2a3,,,,,
2026-09-12T10:21:11-05:00,PUR_IED_FMiranda_S303_19e344,PUR_IED_FMiranda_S303_19e344,,,,,
2026-09-12T10:21:11-05:00,PUR_IED_FMiranda_ext_f53e7c,PUR_IED_FMiranda_ext_f53e7c,,,,,
2026-09-12T10:21:11-05:00,PUR_IED_FabioLozano_Bibli_1cee05,PUR_IED_FabioLozano_Bibli_1cee05,,,,,
2026-09-12T10:21:11-05:00,PUR_IED_FabioLozano_Ext_6ea285,PUR_IED_FabioLozano_Ext_6ea285,,,,,
2026-09-12T10:21:11-05:00,PUR_IED_FabioLozano_SLudi_f09e1e,PUR_IED_FabioLozano_SLudi_f09e1e,,,,,
2026-09-12T10:21:11-05:00,PUR_IED_FaustinoS_Aula07_27a731,PUR_IED_FaustinoS_Aula07_27a731,,,,,
2026-09-12T10:21:11-05:00,PUR_IED_FaustinoS_Ext_7b936f,PUR_IED_FaustinoS_Ext_7b936f,,,,,
2026-09-12T10:21:11-05:00,PUR_IED_FaustinoS_Fisica_da2c60,PUR_IED_FaustinoS_Fisica_da2c60,,,,,
2026-09-12T10:21:11-05:00,PUR_IED_FeGarciaLo_Ext_dc68ee,PUR_IED_FeGarciaLo_Ext_dc68ee,,,,,
2026-09-12T10:21:11-05:00,PUR_IED_FeGarciaLo_SDanza_f70a59,PUR_IED_FeGarciaLo_SDanza_f70a59,,,,,
2026-09-12T10:21:11-05:00,PUR_IED_FeGarciaLo_SMusic_125cdd,PUR_IED_FeGarciaLo_SMusic_125cdd,,,,,
2026-09-12T10:21:11-05:00,PUR_IED_FederalAlema_Exte_50c345,PUR_IED_FederalAlema_Exte_50c345,,,,,
2026-09-12T10:21:11-05:00,PUR_IED_FederalAlema_S31_f18371,PUR_IED_FederalAlema_S31_f18371,,,,,
2026-09-12T10:21:11-05:00,PUR_IED_FederalAlema_S901_a62cd,PUR_IED_FederalAlema_S901_a62cd,,,,,
2026-09-12T10:21:11-05:00,PUR_IED_FilarmonicaS_A5_f35eb1,PUR_IED_FilarmonicaS_A5_f35eb1,,,,,
2026-09-12T10:21:11-05:00,PUR_IED_FilarmonicaS_Ext_8a3bde,PUR_IED_FilarmonicaS_Ext_8a3bde,,,,,
2026-09-12T10:21:11-05:00,PUR_IED_FilarmonicaS_Spol_406114,PUR_IED_FilarmonicaS_Spol_406114,,,,,
2026-09-12T10:21:11-05:00,PUR_IED_FlorentinoG_A13_d1fa59,PUR_IED_FlorentinoG_A13_d1fa59,,,,,
2026-09-12T10:21:11-05:00,PUR_IED_FlorentinoG_Ext_1ce6ce,PUR_IED_FlorentinoG_Ext_1ce6ce,,,,,
2026-09-12T10:21:11-05:00,PUR_IED_FlorentinoG_Idiom_a66aac,PUR_IED_FlorentinoG_Idiom_a66aac,,,,,
2026-09-12T10:21:11-05:00,PUR_IED_FranciscoMati_Ext_e3869d,PUR_IED_FranciscoMati_Ext_e3869d,,,,,
2026-09-12T10:21:11-05:00,PUR_IED_FranciscoMati_S13_f31c67,PUR_IED_FranciscoMati_S13_f31c67,,,,,
2026-09-12T10:21:11-05:00,PUR_IED_FranciscoMati_S14_97dead,PUR_IED_FranciscoMati_S14_97dead,,,,,
2026-09-12T10:21:11-05:00,PUR_IED_FranciscoPS_Ext_7bfa9a,PUR_IED_FranciscoPS_Ext_7bfa9a,2,23,53,4.5899,-74.110397
2026-09-12T10:21:11-05:00,PUR_IED_FranciscoPS_Infor_fb8f4c,PUR_IED_FranciscoPS_Infor_fb8f4c,,,,,
2026-09-12T10:21:11-05:00,PUR_IED_FranciscoPS_Quimi_94d39c,PUR_IED_FranciscoPS_Quimi_94d39c,,,,,
2026-09-12T10:21:11-05:00,PUR_IED_FranciscoP_LabQ_d7e148,PUR_IED_FranciscoP_LabQ_d7e148,,,,,
2026-09-12T10:21:11-05:00,PUR_IED_FranciscoP_S28_cf9b30,PUR_IED_FranciscoP_S28_cf9b30,,,,,
2026-09-12T10:21:11-05:00,PUR_IED_FranciscoP_ext_e2313,PUR_IED_FranciscoP_ext_e2313,,,,,
2026-09-12T10:21:11-05:00,PUR_IED_FriederichN_Ext_8ac92a,PUR_IED_FriederichN_Ext_8ac92a,,,,,
2026-09-12T10:21:11-05:00,PUR_IED_FriederichN_S301_dd7e5a,PUR_IED_FriederichN_S301_dd7e5a,,,,,
2026-09-12T10:21:11-05:00,PUR_IED_FriederichN_S308_761f4f,PUR_IED_FriederichN_S308_761f4f,,,,,
2026-09-12T10:21:11-05:00,PUR_IED_GSantander_Aula10_533dd7,PUR_IED_GSantander_Aula10_533dd7,,,,,
2026-09-12T10:21:11-05:00,PUR_IED_GSantander_Aula12_fd4e4f,PUR_IED_GSantander_Aula12_fd4e4f,,,,,
2026-09-12T10:21:11-05:00,PUR_IED_GSantander_Aula310_533dd7,PUR_IED_GSantander_Aula310_533dd7,,,,,
2026-09-12T10:21:11-05:00,PUR_IED_GSantander_Aula312_fd4e4f,PUR_IED_GSantander_Aula312_fd4e4f,,,,,
2026-09-12T10:21:11-05:00,PUR_IED_GSantander_Ext_5f66b0,PUR_IED_GSantander_Ext_5f66b0,,,,,
2026-09-12T10:21:11-05:00,PUR_IED_GYomasa_Ext_f6bea5,PUR_IED_GYomasa_Ext_f6bea5,,,,,
2026-09-12T10:21:11-05:00,PUR_IED_GYomasa_LBiol_2c41aa,PUR_IED_GYomasa_LBiol_2c41aa,,,,,
2026-09-12T10:21:11-05:00,PUR_IED_GYomasa_LQuim_33c80,PUR_IED_GYomasa_LQuim_33c80,,,,,
2026-09-12T10:21:11-05:00,PUR_IED_GabBetMejia_Cienc_5a99c,PUR_IED_GabBetMejia_Cienc_5a99c,,,,,
2026-09-12T10:21:11-05:00,PUR_IED_GabBetMejia_Ext_9153d0,PUR_IED_GabBetMejia_Ext_9153d0,,,,,
2026-09-12T10:21:11-05:00,PUR_IED_GabBetMejia_Lab_f55347,PUR_IED_GabBetMejia_Lab_f55347,,,,,
2026-09-12T10:21:11-05:00,PUR_IED_GabBetanMejia_Ext_9153d0,PUR_IED_GabBetanMejia_Ext_9153d0,,,,,
2026-09-12T10:21:11-05:00,PUR_IED_Gaitana_Aula13_7aac11,PUR_IED_Gaitana_Aula13_7aac11,,,,,
2026-09-12T10:21:11-05:00,PUR_IED_Gaitana_Ext_5fcf4,PUR_IED_Gaitana_Ext_5fcf4,,,,,
2026-09-12T10:21:11-05:00,PUR_IED_Gaitana_LabFisica_644448,PUR_IED_Gaitana_LabFisica_644448,,,,,
2026-09-12T10:21:11-05:00,PUR_IED_GenSantander_Dise_8ac858,PUR_IED_GenSantander_Dise_8ac858,,,,,
2026-09-12T10:21:11-05:00,PUR_IED_GenSantander_Ext_8d5dfe,PUR_IED_GenSantander_Ext_8d5dfe,,,,,
2026-09-12T10:21:11-05:00,PUR_IED_GenSantander_Info_6c25b,PUR_IED_GenSantander_Info_6c25b,,,,,
2026-09-12T10:21:11-05:00,PUR_IED_GustavoMo_Exterio_75e63d,PUR_IED_GustavoMo_Exterio_75e63d,,,,,
2026-09-12T10:21:11-05:00,PUR_IED_GustavoMo_LabFisi_224d37,PUR_IED_GustavoMo_LabFisi_224d37,,,,,
2026-09-12T10:21:11-05:00,PUR_IED_GustavoMo_S208_3e6918,PUR_IED_GustavoMo_S208_3e6918,,,,,
2026-09-12T10:21:11-05:00,PUR_IED_GustavoR_A02_8cd4a8,PUR_IED_GustavoR_A02_8cd4a8,,,,,
2026-09-12T10:21:11-05:00,PUR_IED_GustavoR_B11_5b0ed,PUR_IED_GustavoR_B11_5b0ed,,,,,
2026-09-12T10:21:11-05:00,PUR_IED_GustavoR_Ext_7a0c90,PUR_IED_GustavoR_Ext_7a0c90,,,,,
2026-09-12T10:21:11-05:00,PUR_IED_HernandoDuran_Ext_8cd82b,PUR_IED_HernandoDuran_Ext_8cd82b,,,,,
2026-09-12T10:21:11-05:00,PUR_IED_HernandoDuran_S24_2772c6,PUR_IED_HernandoDuran_S24_2772c6,,,,,
2026-09-12T10:21:11-05:00,PUR_IED_HernandoDuran_S30_f2de41,PUR_IED_HernandoDuran_S30_f2de41,,,,,
2026-09-12T10:21:11-05:00,PUR_IED_HolguInUr_S1101_8cd732,PUR_IED_HolguInUr_S1101_8cd732,,,,,
2026-09-12T10:21:11-05:00,PUR_IED_HolguinUr_Exter_ddae6d,PUR_IED_HolguinUr_Exter_ddae6d,,,,,
2026-09-12T10:21:11-05:00,PUR_IED_HolguinUr_LabQuim_92b952,PUR_IED_HolguinUr_LabQuim_92b952,,,,,
2026-09-12T10:21:11-05:00,PUR_IED_Isabel-II_Ext_5245cc,PUR_IED_Isabel-II_Ext_5245cc,3,20,57,4.6336,-74.153
2026-09-12T10:21:11-05:00,PUR_IED_Isabel-II_S_idiom_1c29aa,PUR_IED_Isabel-II_S_idiom_1c29aa,,,,,
2026-09-12T10:21:11-05:00,PUR_IED_Isabel-II_S_infor_fd741,PUR_IED_Isabel-II_S_infor_fd741,,,,,
2026-09-12T10:21:11-05:00,PUR_IED_IsidroSur_Exterio_5b90ea,PUR_IED_IsidroSur_Exterio_5b90ea,,,,,
2026-09-12T10:21:11-05:00,PUR_IED_IsidroSur_LabTec_56697a,PUR_IED_IsidroSur_LabTec_56697a,,,,,
2026-09-12T10:21:11-05:00,PUR_IED_IsidroSur_Robotic_b7c38f,PUR_IED_IsidroSur_Robotic_b7c38f,,,,,
2026-09-12T10:21:11-05:00,PUR_IED_IsmaelPerd_Ext_7b6672,PUR_IED_IsmaelPerd_Ext_7b6672,,,,,
2026-09-12T10:21:11-05:00,PUR_IED_IsmaelPerd_Inform_306540,PUR_IED_IsmaelPerd_Inform_306540,,,,,
2026-09-12T10:21:11-05:00,PUR_IED_IsmaelPerd_S30_2e2c83,PUR_IED_IsmaelPerd_S30_2e2c83,,,,,
2026-09-12T10:21:11-05:00,PUR_IED_JLozano_Exter_432910,PUR_IED_JLozano_Exter_432910,,,,,
2026-09-12T10:21:11-05:00,PUR_IED_JLozano_salaMulti_df5125,PUR_IED_JLozano_salaMulti_df5125,,,,,
2026-09-12T10:21:11-05:00,PUR_IED_JMCordoba_206_86f80b,PUR_IED_JMCordoba_206_86f80b,,,,,
2026-09-12T10:21:11-05:00,PUR_IED_JMCordoba_Ext_27ad97,PUR_IED_JMCordoba_Ext_27ad97,,,,,
2026-09-12T10:21:11-05:00,PUR_IED_JMCordoba_S310_d59ab4,PUR_IED_JMCordoba_S310_d59ab4,,,,,
2026-09-12T10:21:11-05:00,PUR_IED_Japon_Ext_549100,PUR_IED_Japon_Ext_549100,,,,,
2026-09-12T10:21:11-05:00,PUR_IED_Japon_Laboratorio_bec51d,PUR_IED_Japon_Laboratorio_bec51d,,,,,
2026-09-12T10:21:11-05:00,PUR_IED_Japon_informatica_d99327,PUR_IED_Japon_informatica_d99327,,,,,
2026-09-12T10:21:11-05:00,PUR_IED_Jazmin_Ext_d27bda,PUR_IED_Jazmin_Ext_d27bda,,,,,
2026-09-12T10:21:11-05:00,PUR_IED_Jazmin_Fisica_8d14d7,PUR_IED_Jazmin_Fisica_8d14d7,,,,,
2026-09-12T10:21:11-05:00,PUR_IED_Jazmin_Quimica_801cb5,PUR_IED_Jazmin_Quimica_801cb5,,,,,
2026-09-12T10:21:11-05:00,PUR_IED_JorgeGaitan_Exter_f098d1,PUR_IED_JorgeGaitan_Exter_f098d1,,,,,
2026-09-12T10:21:11-05:00,PUR_IED_JorgeGaitan_STec1_dc9d1d,PUR_IED_JorgeGaitan_STec1_dc9d1d,,,,,
2026-09-12T10:21:11-05:00,PUR_IED_JorgeGaitan_STec2_281e69,PUR_IED_JorgeGaitan_STec2_281e69,,,,,
2026-09-12T10:21:11-05:00,PUR_IED_JorgeSoto_Exterio_d9d0a2,PUR_IED_JorgeSoto_Exterio_d9d0a2,,,,,
2026-09-12T10:21:11-05:00,PUR_IED_JorgeSoto_LabFisi_209c54,PUR_IED_JorgeSoto_LabFisi_209c54,,,,,
2026-09-12T10:21:11-05:00,PUR_IED_JorgeSoto_S103_27b51a,PUR_IED_JorgeSoto_S103_27b51a,,,,,
2026-09-12T10:21:11-05:00,PUR_IED_JoseAcevedo_A02_e965eb,PUR_IED_JoseAcevedo_A02_e965eb,,,,,
2026-09-12T10:21:11-05:00,PUR_IED_JoseAcevedo_A07_dd5b4,PUR_IED_JoseAcevedo_A07_dd5b4,,,,,
2026-09-12T10:21:11-05:00,PUR_IED_JoseAcevedo_Ext_b47484,PUR_IED_JoseAcevedo_Ext_b47484,,,,,
2026-09-12T10:21:11-05:00,PUR_IED_JoseMarti_Exte_5b9bf,PUR_IED_JoseMarti_Exte_5b9bf,,,,,
2026-09-12T10:21:11-05:00,PUR_IED_JoseMarti_LabQuim_1c6c2d,PUR_IED_JoseMarti_LabQuim_1c6c2d,,,,,
2026-09-12T10:21:11-05:00,PUR_IED_JoseMarti_S_info_f5f177,PUR_IED_JoseMarti_S_info_f5f177,,,,,
2026-09-12T10:21:11-05:00,PUR_IED_Josejoaquin_Ext_dfc5dc,PUR_IED_Josejoaquin_Ext_dfc5dc,,,,,
2026-09-12T10:21:11-05:00,PUR_IED_Josejoaquin_S05_5b2a96,PUR_IED_Josejoaquin_S05_5b2a96,,,,,
2026-09-12T10:21:11-05:00,PUR_IED_Josejoaquin_S06_1ce7d2,PUR_IED_Josejoaquin_S06_1ce7d2,,,,,
2026-09-12T10:21:11-05:00,PUR_IED_JulioFlorez_Danza_9b82dd,PUR_IED_JulioFlorez_Danza_9b82dd,,,,,
2026-09-12T10:21:11-05:00,PUR_IED_JulioFlorez_Exter_f9f314,PUR_IED_JulioFlorez_Exter_f9f314,,,,,
2026-09-12T10:21:11-05:00,PUR_IED_JulioFlorez_info2_6b6e08,PUR_IED_JulioFlorez_info2_6b6e08,,,,,
2026-09-12T10:21:11-05:00,PUR_IED_LaBelleza_Aula13_1d00d8,PUR_IED_LaBelleza_Aula13_1d00d8,,,,,
2026-09-12T10:21:11-05:00,PUR_IED_LaBelleza_Ext_7bc08c,PUR_IED_LaBelleza_Ext_7bc08c,,,,,
2026-09-12T10:21:11-05:00,PUR_IED_LaChucua_Ext_8cd6d2,PUR_IED_LaChucua_Ext_8cd6d2,,,,,
2026-09-12T10:21:11-05:00,PUR_IED_LaChucua_S15_f578ce,PUR_IED_LaChucua_S15_f578ce,,,,,
2026-09-12T10:21:11-05:00,PUR_IED_LaChucua_S16_eebcf9,PUR_IED_LaChucua_S16_eebcf9,,,,,
2026-09-12T10:21:11-05:00,PUR_IED_LaFelicidad_Ext_fb5109,PUR_IED_LaFelicidad_Ext_fb5109,,,,,
2026-09-12T10:21:11-05:00,PUR_IED_LaMerced_206_66ebd,PUR_IED_LaMerced_206_66ebd,,,,,
2026-09-12T10:21:11-05:00,PUR_IED_LaMerced_207_6ebd6,PUR_IED_LaMerced_207_6ebd6,,,,,
2026-09-12T10:21:11-05:00,PUR_IED_LaMerced_ext_304311,PUR_IED_LaMerced_ext_304311,,,,,
2026-09-12T10:21:11-05:00,PUR_IED_Laureano_CiencNat_281e5e,PUR_IED_Laureano_CiencNat_281e5e,,,,,
2026-09-12T10:21:11-05:00,PUR_IED_Laureano_Comedor_f65c0a,PUR_IED_Laureano_Comedor_f65c0a,,,,,
2026-09-12T10:21:11-05:00,PUR_IED_Laureano_Exterior_7ab011,PUR_IED_Laureano_Exterior_7ab011,,,,,
2026-09-12T10:21:11-05:00,PUR_IED_LeonGreiff_Exte_dfe560,PUR_IED_LeonGreiff_Exte_dfe560,,,,,
2026-09-12T10:21:11-05:00,PUR_IED_LeonGreiff_S210_f264ed,PUR_IED_LeonGreiff_S210_f264ed,,,,,
2026-09-12T10:21:11-05:00,PUR_IED_LeonGreiff_SQuimi_e8296f,PUR_IED_LeonGreiff_SQuimi_e8296f,,,,,
2026-09-12T10:21:11-05:00,PUR_IED_LlanoOrientalS208_7b9fcd,PUR_IED_LlanoOrientalS208_7b9fcd,,,,,
2026-09-12T10:21:11-05:00,PUR_IED_LlanoOriental_Ext_fb3766,PUR_IED_LlanoOriental_Ext_fb3766,,,,,
2026-09-12T10:21:11-05:00,PUR_IED_LlanoOriental_S208_7b9fcd,PUR_IED_LlanoOriental_S208_7b9fcd,,,,,
2026-09-12T10:21:11-05:00,PUR_IED_LlanoOriental_S9_27b378,PUR_IED_LlanoOriental_S9_27b378,,,,,
2026-09-12T10:21:11-05:00,PUR_IED_LosTejares_1101_477602,PUR_IED_LosTejares_1101_477602,,,,,
2026-09-12T10:21:11-05:00,PUR_IED_LosTejares_11_d2c595,PUR_IED_LosTejares_11_d2c595,,,,,
2026-09-12T10:21:11-05:00,PUR_IED_LosTejares_12_477602,PUR_IED_LosTejares_12_477602,,,,,
2026-09-12T10:21:11-05:00,PUR_IED_LosTejares_Ext_8e2115,PUR_IED_LosTejares_Ext_8e2115,,,,,
2026-09-12T10:21:11-05:00,PUR_IED_MagdalenaO_B202_5ddda3,PUR_IED_MagdalenaO_B202_5ddda3,,,,,
2026-09-12T10:21:11-05:00,PUR_IED_MagdalenaO_B205_fb76e8,PUR_IED_MagdalenaO_B205_fb76e8,,,,,
2026-09-12T10:21:11-05:00,PUR_IED_MagdalenaO_ext_dc69cd,PUR_IED_MagdalenaO_ext_dc69cd,,,,,
2026-09-12T10:21:11-05:00,PUR_IED_ManueCepeda_artes_eee956,PUR_IED_ManueCepeda_artes_eee956,,,,,
2026-09-12T10:21:11-05:00,PUR_IED_ManuelCepeda_Ext_58313,PUR_IED_ManuelCepeda_Ext_58313,,,,,
2026-09-12T10:21:11-05:00,PUR_IED_ManuelCepeda_tec_1c5731,PUR_IED_ManuelCepeda_tec_1c5731,,,,,
2026-09-12T10:21:11-05:00,PUR_IED_ManuelS_Exterior_5b269,PUR_IED_ManuelS_Exterior_5b269,,,,,
2026-09-12T10:21:11-05:00,PUR_IED_ManuelS_Inform_f369ce,PUR_IED_ManuelS_Inform_f369ce,,,,,
2026-09-12T10:21:11-05:00,PUR_IED_ManuelS_SArtes_7d15f1,PUR_IED_ManuelS_SArtes_7d15f1,,,,,
2026-09-12T10:21:11-05:00,PUR_IED_ManuelZapata_303_3ca6,PUR_IED_ManuelZapata_303_3ca6,,,,,
2026-09-12T10:21:11-05:00,PUR_IED_ManuelZapata_311_bfbabc,PUR_IED_ManuelZapata_311_bfbabc,,,,,
2026-09-12T10:21:11-05:00,PUR_IED_ManuelZapata_Ext_50824a,PUR_IED_ManuelZapata_Ext_50824a,,,,,
2026-09-12T10:21:11-05:00,PUR_IED_ManuelitaS_Exteri_656a92,PUR_IED_ManuelitaS_Exteri_656a92,,,,,
2026-09-12T10:21:11-05:00,PUR_IED_ManuelitaS_JuzgDe_f58ec3,PUR_IED_ManuelitaS_JuzgDe_f58ec3,,,,,
2026-09-12T10:21:11-05:00,PUR_IED_ManuelitaS_Recrea_d793db,PUR_IED_ManuelitaS_Recrea_d793db,,,,,
2026-09-12T10:21:11-05:00,PUR_IED_MarFidSuarez_Ext_c27b19,PUR_IED_MarFidSuarez_Ext_c27b19,,,,,
2026-09-12T10:21:11-05:00,PUR_IED_MarFidSuarez_Info_e384d7,PUR_IED_MarFidSuarez_Info_e384d7,,,,,
2026-09-12T10:21:11-05:00,PUR_IED_MarFidSuarez_S306_1d0032,PUR_IED_MarFidSuarez_S306_1d0032,,,,,
2026-09-12T10:21:11-05:00,PUR_IED_Menorah_301_2a25a3,PUR_IED_Menorah_301_2a25a3,,,,,
2026-09-12T10:21:11-05:00,PUR_IED_Menorah_306_37ed3,PUR_IED_Menorah_306_37ed3,,,,,
2026-09-12T10:21:11-05:00,PUR_IED_Menorah_Ext_3e155b,PUR_IED_Menorah_Ext_3e155b,,,,,
2026-09-12T10:21:11-05:00,PUR_IED_MinutoB.Aires_A11_1b1604,PUR_IED_MinutoB.Aires_A11_1b1604,,,,,
2026-09-12T10:21:11-05:00,PUR_IED_MinutoB.Aires_A12_fb5860,PUR_IED_MinutoB.Aires_A12_fb5860,,,,,
2026-09-12T10:21:11-05:00,PUR_IED_MinutoB.Aires_Ext_81293f,PUR_IED_MinutoB.Aires_Ext_81293f,,,,,
2026-09-12T10:21:11-05:00,PUR_IED_MinutoBAires_A11_1b1604,PUR_IED_MinutoBAires_A11_1b1604,,,,,
2026-09-12T10:21:11-05:00,PUR_IED_MinutoBAires_A12_fb5860,PUR_IED_MinutoBAires_A12_fb5860,,,,,
2026-09-12T10:21:11-05:00,PUR_IED_MinutoBAires_Ext_81293f,PUR_IED_MinutoBAires_Ext_81293f,,,,,
2026-09-12T10:21:11-05:00,PUR_IED_Montreal_Aula10_1e4959,PUR_IED_Montreal_Aula10_1e4959,,,,,
2026-09-12T10:21:11-05:00,PUR_IED_Montreal_Aula6_300367,PUR_IED_Montreal_Aula6_300367,,,,,
2026-09-12T10:21:11-05:00,PUR_IED_Montreal_Exterior_91a179,PUR_IED_Montreal_Exterior_91a179,,,,,
2026-09-12T10:21:11-05:00,PUR_IED_Mqgdalena_B202_5ddda3,PUR_IED_Mqgdalena_B202_5ddda3,,,,,
2026-09-12T10:21:11-05:00,PUR_IED_NACUND_Soc_dc8728,PUR_IED_NACUND_Soc_dc8728,,,,,
2026-09-12T10:21:11-05:00,PUR_IED_NACUND_ext_27ad97,PUR_IED_NACUND_ext_27ad97,,,,,
2026-09-12T10:21:11-05:00,PUR_IED_NEsperanza_Ext_d24b61,PUR_IED_NEsperanza_Ext_d24b61,,,,,
2026-09-12T10:21:11-05:00,PUR_IED_NEsperanza_SElect_7d1807,PUR_IED_NEsperanza_SElect_7d1807,,,,,
2026-09-12T10:21:11-05:00,PUR_IED_NEsperanza_SLabor_8b2d0a,PUR_IED_NEsperanza_SLabor_8b2d0a,,,,,
2026-09-12T10:21:11-05:00,PUR_IED_NacionesU_Ext_f661a9,PUR_IED_NacionesU_Ext_f661a9,,,,,
2026-09-12T10:21:11-05:00,PUR_IED_NacionesU_Quimica_66f0a,PUR_IED_NacionesU_Quimica_66f0a,,,,,
2026-09-12T10:21:11-05:00,PUR_IED_NacionesU_S306_1b4b3d,PUR_IED_NacionesU_S306_1b4b3d,,,,,
2026-09-12T10:21:11-05:00,PUR_IED_NestorFA_Ext_e4201c,PUR_IED_NestorFA_Ext_e4201c,,,,,
2026-09-12T10:21:11-05:00,PUR_IED_NestorFA_Laborato_f22fe0,PUR_IED_NestorFA_Laborato_f22fe0,,,,,
2026-09-12T10:21:11-05:00,PUR_IED_NestorFA_S204_dee996,PUR_IED_NestorFA_S204_dee996,,,,,
2026-09-12T10:21:11-05:00,PUR_IED_NidyaQT_Aula03_76999b,PUR_IED_NidyaQT_Aula03_76999b,,,,,
2026-09-12T10:21:11-05:00,PUR_IED_NidyaQT_Aula10_56325,PUR_IED_NidyaQT_Aula10_56325,,,,,
2026-09-12T10:21:11-05:00,PUR_IED_NidyaQT_Ext_46e32d,PUR_IED_NidyaQT_Ext_46e32d,,,,,
2026-09-12T10:21:11-05:00,PUR_IED_NuevaCol_Exterior_d9b859,PUR_IED_NuevaCol_Exterior_d9b859,,,,,
2026-09-12T10:21:11-05:00,PUR_IED_NuevaCol_S1101_76c43b,PUR_IED_NuevaCol_S1101_76c43b,,,,,
2026-09-12T10:21:11-05:00,PUR_IED_NuevaCol_S1102_1ce0b5,PUR_IED_NuevaCol_S1102_1ce0b5,,,,,
2026-09-12T10:21:11-05:00,PUR_IED_OEA_A202_f7e3f2,PUR_IED_OEA_A202_f7e3f2,,,,,
2026-09-12T10:21:11-05:00,PUR_IED_OEA_A203_7d1b8d,PUR_IED_OEA_A203_7d1b8d,,,,,
2026-09-12T10:21:11-05:00,PUR_IED_OEA_Ext_27b593,PUR_IED_OEA_Ext_27b593,,,,,
2026-09-12T10:21:11-05:00,PUR_IED_Ochoa_Ext_1c29da,PUR_IED_Ochoa_Ext_1c29da,,,,,
2026-09-12T10:21:11-05:00,PUR_IED_Ochoa_S205_8b1121,PUR_IED_Ochoa_S205_8b1121,,,,,
2026-09-12T10:21:11-05:00,PUR_IED_Ochoa_Sistemas_f33af6,PUR_IED_Ochoa_Sistemas_f33af6,,,,,
2026-09-12T10:21:11-05:00,PUR_IED_PQuebec_Ext_1c67c7,PUR_IED_PQuebec_Ext_1c67c7,,,,,
2026-09-12T10:21:11-05:00,PUR_IED_PQuebec_S15_23e8e2,PUR_IED_PQuebec_S15_23e8e2,,,,,
2026-09-12T10:21:11-05:00,PUR_IED_PQuebec_S16_8ec76b,PUR_IED_PQuebec_S16_8ec76b,,,,,
2026-09-12T10:21:11-05:00,PUR_IED_PabloN_Ext_49dc96,PUR_IED_PabloN_Ext_49dc96,,,,,
2026-09-12T10:21:11-05:00,PUR_IED_PabloN_S1102_4e3df5,PUR_IED_PabloN_S1102_4e3df5,,,,,
2026-09-12T10:21:11-05:00,PUR_IED_PabloN_S1103_50c94b,PUR_IED_PabloN_S1103_50c94b,,,,,
2026-09-12T10:21:11-05:00,PUR_IED_Palestina_S1101_db9198,PUR_IED_Palestina_S1101_db9198,,,,,
2026-09-12T10:21:11-05:00,PUR_IED_Palestina_S1102_dc54fa,PUR_IED_Palestina_S1102_dc54fa,,,,,
2026-09-12T10:21:11-05:00,PUR_IED_Palestina_ext_4ccce6,PUR_IED_Palestina_ext_4ccce6,,,,,
2026-09-12T10:21:11-05:00,PUR_IED_Panama_Fisica_4d0794,PUR_IED_Panama_Fisica_4d0794,,,,,
2026-09-12T10:21:11-05:00,PUR_IED_Panama_SIngles_a4077e,PUR_IED_Panama_SIngles_a4077e,,,,,
2026-09-12T10:21:11-05:00,PUR_IED_Panama_ext_4c54b4,PUR_IED_Panama_ext_4c54b4,,,,,
2026-09-12T10:21:11-05:00,PUR_IED_ParaisoM_Exterior_8cd7f0,PUR_IED_ParaisoM_Exterior_8cd7f0,,,,,
2026-09-12T10:21:11-05:00,PUR_IED_ParaisoM_Laborato_27af35,PUR_IED_ParaisoM_Laborato_27af35,,,,,
2026-09-12T10:21:11-05:00,PUR_IED_ParaisoM_S304_d1edca,PUR_IED_ParaisoM_S304_d1edca,,,,,
2026-09-12T10:21:11-05:00,PUR_IED_PorfirioBarba_Ext_301466,PUR_IED_PorfirioBarba_Ext_301466,,,,,
2026-09-12T10:21:11-05:00,PUR_IED_PorfirioBarba_S11_df6cd2,PUR_IED_PorfirioBarba_S11_df6cd2,,,,,
2026-09-12T10:21:11-05:00,PUR_IED_PorfirioBarba_S29_27a7d6,PUR_IED_PorfirioBarba_S29_27a7d6,,,,,
2026-09-12T10:21:11-05:00,PUR_IED_PradoV_Exter_8b27ad,PUR_IED_PradoV_Exter_8b27ad,,,,,
2026-09-12T10:21:11-05:00,PUR_IED_PradoV_S301_de65b5,PUR_IED_PradoV_S301_de65b5,,,,,
2026-09-12T10:21:11-05:00,PUR_IED_PradoV_S302_7d2593,PUR_IED_PradoV_S302_7d2593,,,,,
2026-09-12T10:21:11-05:00,PUR_IED_QuirogaAlz_Ext_1ddc82,PUR_IED_QuirogaAlz_Ext_1ddc82,,,,,
2026-09-12T10:21:11-05:00,PUR_IED_QuirogaAlz_S302_9926a3,PUR_IED_QuirogaAlz_S302_9926a3,,,,,
2026-09-12T10:21:11-05:00,PUR_IED_QuirogaAlz_S305_cdf1f1,PUR_IED_QuirogaAlz_S305_cdf1f1,,,,,
2026-09-12T10:21:11-05:00,PUR_IED_RGuatemala_Biling_dc53b7,PUR_IED_RGuatemala_Biling_dc53b7,,,,,
2026-09-12T10:21:11-05:00,PUR_IED_RGuatemala_Ext_1b89a3,PUR_IED_RGuatemala_Ext_1b89a3,,,,,
2026-09-12T10:21:11-05:00,PUR_IED_RGuatemala_Tecnol_281a34,PUR_IED_RGuatemala_Tecnol_281a34,,,,,
2026-09-12T10:21:11-05:00,PUR_IED_RafaNu_Ext_f7c302,PUR_IED_RafaNu_Ext_f7c302,,,,,
2026-09-12T10:21:11-05:00,PUR_IED_RafaNu_S1101_25fde,PUR_IED_RafaNu_S1101_25fde,,,,,
2026-09-12T10:21:11-05:00,PUR_IED_RafaNu_S1102_281517,PUR_IED_RafaNu_S1102_281517,,,,,
2026-09-12T10:21:11-05:00,PUR_IED_RafaelB_S305_ee2783,PUR_IED_RafaelB_S305_ee2783,,,,,
2026-09-12T10:21:11-05:00,PUR_IED_RafaelB_S306_75fe33,PUR_IED_RafaelB_S306_75fe33,,,,,
2026-09-12T10:21:11-05:00,PUR_IED_RafaelB_ext_283336,PUR_IED_RafaelB_ext_283336,2,20,56,4.6722,-74.0737
2026-09-12T10:21:11-05:00,PUR_IED_RafaelUU_Exterior_281a51,PUR_IED_RafaelUU_Exterior_281a51,,,,,
2026-09-12T10:21:11-05:00,PUR_IED_RafaelUU_Human_806b2,PUR_IED_RafaelUU_Human_806b2,,,,,
2026-09-12T10:21:11-05:00,PUR_IED_RafaelUU_Mate2_5680d4,PUR_IED_RafaelUU_Mate2_5680d4,,,,,
2026-09-12T10:21:11-05:00,PUR_IED_RamonSub_Ext_f9eeb9,PUR_IED_RamonSub_Ext_f9eeb9,,,,,
2026-09-12T10:21:11-05:00,PUR_IED_RamonSub_Media_d1f62f,PUR_IED_RamonSub_Media_d1f62f,,,,,
2026-09-12T10:21:11-05:00,PUR_IED_RamonSub_planta_51b82,PUR_IED_RamonSub_planta_51b82,,,,,
2026-09-12T10:21:11-05:00,PUR_IED_RepBoliVene_Exter_27af7c,PUR_IED_RepBoliVene_Exter_27af7c,,,,,
2026-09-12T10:21:11-05:00,PUR_IED_RepBoliVene_SCPT_5ae2ee,PUR_IED_RepBoliVene_SCPT_5ae2ee,,,,,
2026-09-12T10:21:11-05:00,PUR_IED_RepBoliVene_Socia_4b11d5,PUR_IED_RepBoliVene_Socia_4b11d5,,,,,
2026-09-12T10:21:11-05:00,PUR_IED_RepChina_Ext_76d9ee,PUR_IED_RepChina_Ext_76d9ee,,,,,
2026-09-12T10:21:11-05:00,PUR_IED_RepChina_S404_7c804c,PUR_IED_RepChina_S404_7c804c,,,,,
2026-09-12T10:21:11-05:00,PUR_IED_RepChina_S405_df2c33,PUR_IED_RepChina_S405_df2c33,,,,,
2026-09-12T10:21:11-05:00,PUR_IED_RepublicaC_Exteri_7d1ec9,PUR_IED_RepublicaC_Exteri_7d1ec9,,,,,
2026-09-12T10:21:11-05:00,PUR_IED_RepublicaC_S1101_f544b3,PUR_IED_RepublicaC_S1101_f544b3,,,,,
2026-09-12T10:21:11-05:00,PUR_IED_RepublicaC_S1102_7aafc7,PUR_IED_RepublicaC_S1102_7aafc7,,,,,
2026-09-12T10:21:11-05:00,PUR_IED_Ricaurte_Externo_a0ea1,PUR_IED_Ricaurte_Externo_a0ea1,,,,,
2026-09-12T10:21:11-05:00,PUR_IED_Ricaurte_S210_f546fd,PUR_IED_Ricaurte_S210_f546fd,,,,,
2026-09-12T10:21:11-05:00,PUR_IED_Ricaurte_S309_d4452,PUR_IED_Ricaurte_S309_d4452,,,,,
2026-09-12T10:21:11-05:00,PUR_IED_RogelioS_1102_531e69,PUR_IED_RogelioS_1102_531e69,,,,,
2026-09-12T10:21:11-05:00,PUR_IED_RogelioS_Ext_f25a18,PUR_IED_RogelioS_Ext_f25a18,,,,,
2026-09-12T10:21:11-05:00,PUR_IED_SBernardino_Ext_27aff8,PUR_IED_SBernardino_Ext_27aff8,,,,,
2026-09-12T10:21:11-05:00,PUR_IED_SBernardino_SArte_2ffd33,PUR_IED_SBernardino_SArte_2ffd33,,,,,
2026-09-12T10:21:11-05:00,PUR_IED_SBernardino_SIngl_7c7da5,PUR_IED_SBernardino_SIngl_7c7da5,,,,,
2026-09-12T10:21:11-05:00,PUR_IED_Sago_auditorio_dc9d1d,PUR_IED_Sago_auditorio_dc9d1d,,,,,
2026-09-12T10:21:11-05:00,PUR_IED_Saludcoop_Ext_95aac3,PUR_IED_Saludcoop_Ext_95aac3,,,,,
2026-09-12T10:21:11-05:00,PUR_IED_Saludcoop_InfI_90c854,PUR_IED_Saludcoop_InfI_90c854,,,,,
2026-09-12T10:21:11-05:00,PUR_IED_Saludcoop_SMedia_1b93be,PUR_IED_Saludcoop_SMedia_1b93be,,,,,
2026-09-12T10:21:11-05:00,PUR_IED_SanCarlos_1101_1a2360,PUR_IED_SanCarlos_1101_1a2360,,,,,
2026-09-12T10:21:11-05:00,PUR_IED_SanCarlos_1103_7bafb5,PUR_IED_SanCarlos_1103_7bafb5,,,,,
2026-09-12T10:21:11-05:00,PUR_IED_SanCarlos_Ext_b7cd1,PUR_IED_SanCarlos_Ext_b7cd1,,,,,
2026-09-12T10:21:11-05:00,PUR_IED_SanIgnacioBosa11a_50c26e,PUR_IED_SanIgnacioBosa11a_50c26e,,,,,
2026-09-12T10:21:11-05:00,PUR_IED_SanIgnacioBosa11b_371de8,PUR_IED_SanIgnacioBosa11b_371de8,,,,,
2026-09-12T10:21:11-05:00,PUR_IED_SanIgnacioBosaExt_ef0ffc,PUR_IED_SanIgnacioBosaExt_ef0ffc,,,,,
2026-09-12T10:21:11-05:00,PUR_IED_SanIgnacioBosa_11a_50c26e,PUR_IED_SanIgnacioBosa_11a_50c26e,,,,,
2026-09-12T10:21:11-05:00,PUR_IED_SanIgnacioBosa_Ext_ef0ffc,PUR_IED_SanIgnacioBosa_Ext_ef0ffc,,,,,
2026-09-12T10:21:11-05:00,PUR_IED_SanJoseN_intS1101_31c47f,PUR_IED_SanJoseN_intS1101_31c47f,,,,,
2026-09-12T10:21:11-05:00,PUR_IED_SanJoseUsm_Exter_f5d7e8,PUR_IED_SanJoseUsm_Exter_f5d7e8,,,,,
2026-09-12T10:21:11-05:00,PUR_IED_SanJoseUsm_Int11A_cfdef6,PUR_IED_SanJoseUsm_Int11A_cfdef6,,,,,
2026-09-12T10:21:11-05:00,PUR_IED_SilveriaR_IntB5_905349,PUR_IED_SilveriaR_IntB5_905349,,,,,
2026-09-12T10:21:11-05:00,PUR_IED_SilveriaR_IntSD14_981f93,PUR_IED_SilveriaR_IntSD14_981f93,,,,,
2026-09-12T10:21:11-05:00,PUR_IED_SilveriaR_ext_2b651d,PUR_IED_SilveriaR_ext_2b651d,,,,,
2026-09-12T10:21:11-05:00,PUR_IED_SimonB_Exterior_913975,PUR_IED_SimonB_Exterior_913975,,,,,
2026-09-12T10:21:11-05:00,PUR_IED_SimonB_LabQuimi_c56908,PUR_IED_SimonB_LabQuimi_c56908,,,,,
2026-09-12T10:21:11-05:00,PUR_IED_SimonB_informatic_a28c1,PUR_IED_SimonB_informatic_a28c1,,,,,
2026-09-12T10:21:11-05:00,PUR_IED_Sorrento_1102_315f50,PUR_IED_Sorrento_1102_315f50,,,,,
2026-09-12T10:21:11-05:00,PUR_IED_Sorrento_Minte_214eab,PUR_IED_Sorrento_Minte_214eab,,,,,
2026-09-12T10:21:11-05:00,PUR_IED_Sorrento_ext_7c3a0a,PUR_IED_Sorrento_ext_7c3a0a,,,,,
2026-09-12T10:21:11-05:00,PUR_IED_Tabora_Ext_f048ae,PUR_IED_Tabora_Ext_f048ae,,,,,
2026-09-12T10:21:11-05:00,PUR_IED_Tabora_S1102_b07752,PUR_IED_Tabora_S1102_b07752,,,,,
2026-09-12T10:21:11-05:00,PUR_IED_Tabora_S1103_d988f5,PUR_IED_Tabora_S1103_d988f5,,,,,
2026-09-12T10:21:11-05:00,PUR_IED_Tenerife_Ext_1ab188,PUR_IED_Tenerife_Ext_1ab188,,,,,
2026-09-12T10:21:11-05:00,PUR_IED_Tenerife_SDanzas_7bc02e,PUR_IED_Tenerife_SDanzas_7bc02e,,,,,
2026-09-12T10:21:11-05:00,PUR_IED_Tenerife_SIngles_7cc277,PUR_IED_Tenerife_SIngles_7cc277,,,,,
2026-09-12T10:21:11-05:00,PUR_IED_Tibabuyes_Exter_f2683d,PUR_IED_Tibabuyes_Exter_f2683d,,,,,
2026-09-12T10:21:11-05:00,PUR_IED_Tibabuyes_S10_dc87a8,PUR_IED_Tibabuyes_S10_dc87a8,,,,,
2026-09-12T10:21:11-05:00,PUR_IED_Tibabuyes_S15_dc0526,PUR_IED_Tibabuyes_S15_dc0526,,,,,
2026-09-12T10:21:11-05:00,PUR_IED_UnionE_S301_a1043,PUR_IED_UnionE_S301_a1043,,,,,
2026-09-12T10:21:11-05:00,PUR_IED_UnionE_S307_ff6c2f,PUR_IED_UnionE_S307_ff6c2f,,,,,
2026-09-12T10:21:11-05:00,PUR_IED_UnionE__Ext_5e2468,PUR_IED_UnionE__Ext_5e2468,,,,,
2026-09-12T10:21:11-05:00,PUR_IED_VillaRica_Ext_75be7c,PUR_IED_VillaRica_Ext_75be7c,,,,,
2026-09-12T10:21:11-05:00,PUR_IED_VillaRica_S4_cc5dcd,PUR_IED_VillaRica_S4_cc5dcd,,,,,
2026-09-12T10:21:11-05:00,PUR_IED_VillaRica_Sesp_99f5c,PUR_IED_VillaRica_Sesp_99f5c,,,,,
2026-09-12T10:26:09-05:00,PUR_IED_20deJulio_1101_91b1b9,PUR_IED_20deJulio_1101_91b1b9,,,,,
2026-09-12T10:26:09-05:00,PUR_IED_20deJulio_1102_1cfcf9,PUR_IED_20deJulio_1102_1cfcf9,,,,,
2026-09-12T10:26:09-05:00,PUR_IED_20deJulio_Ext_ab60bd,PUR_IED_20deJulio_Ext_ab60bd,,,,,
2026-09-12T10:26:09-05:00,PUR_IED_AgustinFer_Ext_7b9b77,PUR_IED_AgustinFer_Ext_7b9b77,,,,,
2026-09-12T10:26:09-05:00,PUR_IED_AgustinFer_Info2_27b3a7,PUR_IED_AgustinFer_Info2_27b3a7,,,,,
2026-09-12T10:26:09-05:00,PUR_IED_AgustinFer_Sena_54b4eb,PUR_IED_AgustinFer_Sena_54b4eb,,,,,
2026-09-12T10:26:09-05:00,PUR_IED_AlexanderF_1102_caf07b,PUR_IED_AlexanderF_1102_caf07b,,,,,
2026-09-12T10:26:09-05:00,PUR_IED_AlexanderF_1103_c79e71,PUR_IED_AlexanderF_1103_c79e71,,,,,
2026-09-12T10:26:09-05:00,PUR_IED_AlexanderF_Ext_c5b18b,PUR_IED_AlexanderF_Ext_c5b18b,,,,,
2026-09-12T10:26:09-05:00,PUR_IED_AlfonsoLopez_Ext_281d77,PUR_IED_AlfonsoLopez_Ext_281d77,,,,,
2026-09-12T10:26:09-05:00,PUR_IED_AlfonsoLopez_LabF_888ce0,PUR_IED_AlfonsoLopez_LabF_888ce0,,,,,
2026-09-12T10:26:09-05:00,PUR_IED_AlfonsoLopez_SMed_df6a7f,PUR_IED_AlfonsoLopez_SMed_df6a7f,,,,,
2026-09-12T10:26:09-05:00,PUR_IED_AltamiraSO_A2_209f92,PUR_IED_AltamiraSO_A2_209f92,,,,,
2026-09-12T10:26:09-05:00,PUR_IED_AltamiraSO_Ext_186d66,PUR_IED_AltamiraSO_Ext_186d66,,,,,
2026-09-12T10:26:09-05:00,PUR_IED_AltamiraSO_Sistem_27afe1,PUR_IED_AltamiraSO_Sistem_27afe1,,,,,
2026-09-12T10:26:09-05:00,PUR_IED_AlvaroGom_LabQuim_813179,PUR_IED_AlvaroGom_LabQuim_813179,,,,,
2026-09-12T10:26:09-05:00,PUR_IED_AlvaroGomez_Ext_47c7ca,PUR_IED_AlvaroGomez_Ext_47c7ca,,,,,
2026-09-12T10:26:09-05:00,PUR_IED_AlvaroGomez_LabQuim_813179,PUR_IED_AlvaroGomez_LabQuim_813179,,,,,
2026-09-12T10:26:09-05:00,PUR_IED_AlvaroGomez_S23_7ba89f,PUR_IED_AlvaroGomez_S23_7ba89f,,,,,
2026-09-12T10:26:09-05:00,PUR_IED_Amistad_306_dc8728,PUR_IED_Amistad_306_dc8728,,,,,
2026-09-12T10:26:09-05:00,PUR_IED_Amistad_Ext_8cd55e,PUR_IED_Amistad_Ext_8cd55e,,,,,
2026-09-12T10:26:09-05:00,PUR_IED_Amistad_S202_a41169,PUR_IED_Amistad_S202_a41169,,,,,
2026-09-12T10:26:09-05:00,PUR_IED_AndresBello_Bio_fd5f5e,PUR_IED_AndresBello_Bio_fd5f5e,,,,,
2026-09-12T10:26:09-05:00,PUR_IED_AndresBello_ext_dcad65,PUR_IED_AndresBello_ext_dcad65,,,,,
2026-09-12T10:26:09-05:00,PUR_IED_AndresBello_port_eed3ec,PUR_IED_AndresBello_port_eed3ec,,,,,
2026-09-12T10:26:09-05:00,PUR_IED_AngelaR_11b_d90a6b,PUR_IED_AngelaR_11b_d90a6b,,,,,
2026-09-12T10:26:09-05:00,PUR_IED_AngelaR_ext_7cad3e,PUR_IED_AngelaR_ext_7cad3e,,,,,
2026-09-12T10:26:09-05:00,PUR_IED_AntJoseSucre_10mo_df2575,PUR_IED_AntJoseSucre_10mo_df2575,,,,,
2026-09-12T10:26:09-05:00,PUR_IED_AntJoseSucre_Ext_215b36,PUR_IED_AntJoseSucre_Ext_215b36,,,,,
2026-09-12T10:26:09-05:00,PUR_IED_AntJoseSucre_Lab_3139de,PUR_IED_AntJoseSucre_Lab_3139de,,,,,
2026-09-12T10:26:09-05:00,PUR_IED_AntonioGarcia_301_d6b188,PUR_IED_AntonioGarcia_301_d6b188,,,,,
2026-09-12T10:26:09-05:00,PUR_IED_AntonioGarcia_302_88a82,PUR_IED_AntonioGarcia_302_88a82,,,,,
2026-09-12T10:26:09-05:00,PUR_IED_AntonioGarcia_Ext_20950c,PUR_IED_AntonioGarcia_Ext_20950c,,,,,
2026-09-12T10:26:09-05:00,PUR_IED_AntonioVan_Aula2_6dea02,PUR_IED_AntonioVan_Aula2_6dea02,,,,,
2026-09-12T10:26:09-05:00,PUR_IED_AntonioVan_Aula5_f1557e,PUR_IED_AntonioVan_Aula5_f1557e,,,,,
2026-09-12T10:26:09-05:00,PUR_IED_AntonioVan_Ext_406f2f,PUR_IED_AntonioVan_Ext_406f2f,,,,,
2026-09-12T10:26:09-05:00,PUR_IED_Atabanzha_Ext_cc5af9,PUR_IED_Atabanzha_Ext_cc5af9,,,,,
2026-09-12T10:26:09-05:00,PUR_IED_Atabanzha_SA101_56c37,PUR_IED_Atabanzha_SA101_56c37,,,,,
2026-09-12T10:26:09-05:00,PUR_IED_Atabanzha_SB302_27b374,PUR_IED_Atabanzha_SB302_27b374,,,,,
2026-09-12T10:26:09-05:00,PUR_IED_Atahualpa_Ext_fc1748,PUR_IED_Atahualpa_Ext_fc1748,,,,,
2026-09-12T10:26:09-05:00,PUR_IED_Atahualpa_Informa_dc9a95,PUR_IED_Atahualpa_Informa_dc9a95,,,,,
2026-09-12T10:26:09-05:00,PUR_IED_Atahualpa_S1101_f98056,PUR_IED_Atahualpa_S1101_f98056,,,,,
2026-09-12T10:26:09-05:00,PUR_IED_Bellavista_Ext_f5aa74,PUR_IED_Bellavista_Ext_f5aa74,,,,,
2026-09-12T10:26:09-05:00,PUR_IED_Bilbao_11A_916c41,PUR_IED_Bilbao_11A_916c41,,,,,
2026-09-12T10:26:09-05:00,PUR_IED_Bilbao_Ext_fb579a,PUR_IED_Bilbao_Ext_fb579a,,,,,
2026-09-12T10:26:09-05:00,PUR_IED_BrasiliaU_A125_304280,PUR_IED_BrasiliaU_A125_304280,,,,,
2026-09-12T10:26:09-05:00,PUR_IED_BrasiliaU_A203_7c8ca5,PUR_IED_BrasiliaU_A203_7c8ca5,,,,,
2026-09-12T10:26:09-05:00,PUR_IED_BrasiliaU_Ext_8d6e9f,PUR_IED_BrasiliaU_Ext_8d6e9f,7,18,63,4.5175,-74.116302
2026-09-12T10:26:09-05:00,PUR_IED_Brasilia_Ext_fe6593,PUR_IED_Brasilia_Ext_fe6593,,,,,
2026-09-12T10:26:09-05:00,PUR_IED_Brasilia_S24_7c130d,PUR_IED_Brasilia_S24_7c130d,,,,,
2026-09-12T10:26:09-05:00,PUR_IED_Brasilia_S501_186a54,PUR_IED_Brasilia_S501_186a54,,,,,
2026-09-12T10:26:09-05:00,PUR_IED_CHARRY_EXT_f1d5cd,PUR_IED_CHARRY_EXT_f1d5cd,,,,,
2026-09-12T10:26:09-05:00,PUR_IED_CHARRY_INTDANZAS_7a08e6,PUR_IED_CHARRY_INTDANZAS_7a08e6,,,,,
2026-09-12T10:26:09-05:00,PUR_IED_CHARRY_INT_AULA20_dc998d,PUR_IED_CHARRY_INT_AULA20_dc998d,,,,,
2026-09-12T10:26:09-05:00,PUR_IED_COLVIV_1101_S25_7f520a,PUR_IED_COLVIV_1101_S25_7f520a,,,,,
2026-09-12T10:26:09-05:00,PUR_IED_COLVIV_1102_S16_f570ba,PUR_IED_COLVIV_1102_S16_f570ba,,,,,
2026-09-12T10:26:09-05:00,PUR_IED_COLVIV_Ext_1a26fa,PUR_IED_COLVIV_Ext_1a26fa,,,,,
2026-09-12T10:26:09-05:00,PUR_IED_CULPOP_301A_f660f3,PUR_IED_CULPOP_301A_f660f3,,,,,
2026-09-12T10:26:09-05:00,PUR_IED_CULPOP_303_568afe,PUR_IED_CULPOP_303_568afe,,,,,
2026-09-12T10:26:09-05:00,PUR_IED_CULPOP_Ext_e02ccb,PUR_IED_CULPOP_Ext_e02ccb,,,,,
2026-09-12T10:26:09-05:00,PUR_IED_CVillavicen_Ext_26eb58,PUR_IED_CVillavicen_Ext_26eb58,7,16,78,4.487,-74.102798
2026-09-12T10:26:09-05:00,PUR_IED_CVillavicen_Intel_1ce5c2,PUR_IED_CVillavicen_Intel_1ce5c2,,,,,
2026-09-12T10:26:09-05:00,PUR_IED_CVillavicen_Poliv_e0766c,PUR_IED_CVillavicen_Poliv_e0766c,,,,,
2026-09-12T10:26:09-05:00,PUR_IED_CVillavicen_int_1ba140,PUR_IED_CVillavicen_int_1ba140,,,,,
2026-09-12T10:26:09-05:00,PUR_IED_CVillavicen_intel_1ba140,PUR_IED_CVillavicen_intel_1ba140,,,,,
2026-09-12T10:26:09-05:00,PUR_IED_CarlosPizarro_Ext_e307cc,PUR_IED_CarlosPizarro_Ext_e307cc,,,,,
2026-09-12T10:26:09-05:00,PUR_IED_CarlosPizarro_L36_7e5cdb,PUR_IED_CarlosPizarro_L36_7e5cdb,,,,,
2026-09-12T10:26:09-05:00,PUR_IED_CarlosPizarro_L37_c8566c,PUR_IED_CarlosPizarro_L37_c8566c,,,,,
2026-09-12T10:26:09-05:00,PUR_IED_Castilla_Ext_cf35f,PUR_IED_Castilla_Ext_cf35f,,,,,
2026-09-12T10:26:09-05:00,PUR_IED_Castilla_SFisik_360e38,PUR_IED_Castilla_SFisik_360e38,,,,,
2026-09-12T10:26:09-05:00,PUR_IED_Castilla_Sc304_496fbf,PUR_IED_Castilla_Sc304_496fbf,,,,,
2026-09-12T10:26:09-05:00,PUR_IED_CervantesSa_Ext_6b57b,PUR_IED_CervantesSa_Ext_6b57b,4,19,67,4.5128,-74.117203
2026-09-12T10:26:09-05:00,PUR_IED_CervantesSa_S107_225c2b,PUR_IED_CervantesSa_S107_225c2b,,,,,
2026-09-12T10:26:09-05:00,PUR_IED_CervantesSa_S108_940925,PUR_IED_CervantesSa_S108_940925,,,,,
2026-09-12T10:26:09-05:00,PUR_IED_Charry_A20_f53e7c,PUR_IED_Charry_A20_f53e7c,,,,,
2026-09-12T10:26:09-05:00,PUR_IED_Charry_Ext_f1d5cd,PUR_IED_Charry_Ext_f1d5cd,,,,,
2026-09-12T10:26:09-05:00,PUR_IED_Charry_IntAula20_dc998d,PUR_IED_Charry_IntAula20_dc998d,,,,,
2026-09-12T10:26:09-05:00,PUR_IED_Charry_IntDanzas_7a08e6,PUR_IED_Charry_IntDanzas_7a08e6,,,,,
2026-09-12T10:26:09-05:00,PUR_IED_ClememciaC_203_43e2fc,PUR_IED_ClememciaC_203_43e2fc,,,,,
2026-09-12T10:26:09-05:00,PUR_IED_ClememciaC_Ext_1b411a,PUR_IED_ClememciaC_Ext_1b411a,,,,,
2026-09-12T10:26:09-05:00,PUR_IED_ClememciaC_Quimic_44b5fc,PUR_IED_ClememciaC_Quimic_44b5fc,,,,,
2026-09-12T10:26:09-05:00,PUR_IED_ClemenciaC_203_43e2fc,PUR_IED_ClemenciaC_203_43e2fc,,,,,
2026-09-12T10:26:09-05:00,PUR_IED_ClemenciaC_Ext_1b411a,PUR_IED_ClemenciaC_Ext_1b411a,,,,,
2026-09-12T10:26:09-05:00,PUR_IED_ClemenciaC_Quimic_44b5fc,PUR_IED_ClemenciaC_Quimic_44b5fc,,,,,
2026-09-12T10:26:09-05:00,PUR_IED_ColViva_1101_S25_7f520a,PUR_IED_ColViva_1101_S25_7f520a,,,,,
2026-09-12T10:26:09-05:00,PUR_IED_ColViva_1102_S16_f570ba,PUR_IED_ColViva_1102_S16_f570ba,,,,,
2026-09-12T10:26:09-05:00,PUR_IED_ColViva_Ext_1a26fa,PUR_IED_ColViva_Ext_1a26fa,,,,,
2026-09-12T10:26:09-05:00,PUR_IED_ColegioBici_Asist_7c8798,PUR_IED_ColegioBici_Asist_7c8798,,,,,
2026-09-12T10:26:09-05:00,PUR_IED_ColegioBici_Ext_25cbf6,PUR_IED_ColegioBici_Ext_25cbf6,,,,,
2026-09-12T10:26:09-05:00,PUR_IED_ColegioBici_LabQ_7b57db,PUR_IED_ColegioBici_LabQ_7b57db,,,,,
2026-09-12T10:26:09-05:00,PUR_IED_CostaRica_Ext_5e640,PUR_IED_CostaRica_Ext_5e640,,,,,
2026-09-12T10:26:09-05:00,PUR_IED_CostaRica_Quim1_766d1c,PUR_IED_CostaRica_Quim1_766d1c,,,,,
2026-09-12T10:26:09-05:00,PUR_IED_CostaRica__Fisica_6f0873,PUR_IED_CostaRica__Fisica_6f0873,,,,,
2026-09-12T10:26:09-05:00,PUR_IED_CulPopu_301A_f660f3,PUR_IED_CulPopu_301A_f660f3,,,,,
2026-09-12T10:26:09-05:00,PUR_IED_CulPopu_303_568afe,PUR_IED_CulPopu_303_568afe,,,,,
2026-09-12T10:26:09-05:00,PUR_IED_CulPopu_Ext_e02ccb,PUR_IED_CulPopu_Ext_e02ccb,,,,,
2026-09-12T10:26:09-05:00,PUR_IED_Cundinamarca_Ext_f15985,PUR_IED_Cundinamarca_Ext_f15985,,,,,
2026-09-12T10:26:09-05:00,PUR_IED_Cundinamarca_Info_7aa5d7,PUR_IED_Cundinamarca_Info_7aa5d7,,,,,
2026-09-12T10:26:09-05:00,PUR_IED_Cundinamarca_Tec2_f449c7,PUR_IED_Cundinamarca_Tec2_f449c7,,,,,
2026-09-12T10:26:09-05:00,PUR_IED_DiegoM_Aula1_27b314,PUR_IED_DiegoM_Aula1_27b314,,,,,
2026-09-12T10:26:09-05:00,PUR_IED_DiegoM_Ext_d80ac8,PUR_IED_DiegoM_Ext_d80ac8,,,,,
2026-09-12T10:26:09-05:00,PUR_IED_DiegoM_S25_da928f,PUR_IED_DiegoM_S25_da928f,,,,,
2026-09-12T10:26:09-05:00,PUR_IED_ELRODEO_360881,PUR_IED_ELRODEO_360881,,,,,
2026-09-12T10:26:09-05:00,PUR_IED_ELRODEO_ext_360881,PUR_IED_ELRODEO_ext_360881,,,,,
2026-09-12T10:26:09-05:00,PUR_IED_EduardoU_Ext_1c1969,PUR_IED_EduardoU_Ext_1c1969,,,,,
2026-09-12T10:26:09-05:00,PUR_IED_EduardoU_SCiencia_4dfb94,PUR_IED_EduardoU_SCiencia_4dfb94,,,,,
2026-09-12T10:26:09-05:00,PUR_IED_EduardoU_SQuimica_5a46e7,PUR_IED_EduardoU_SQuimica_5a46e7,,,,,
2026-09-12T10:26:09-05:00,PUR_IED_ElRodeo_Aula14_676984,PUR_IED_ElRodeo_Aula14_676984,,,,,
2026-09-12T10:26:09-05:00,PUR_IED_ElRodeo_Aula16_2dd35b,PUR_IED_ElRodeo_Aula16_2dd35b,,,,,
2026-09-12T10:26:09-05:00,PUR_IED_ElRodeo_Ext_360881,PUR_IED_ElRodeo_Ext_360881,,,,,
2026-09-12T10:26:09-05:00,PUR_IED_ElRodeo_Exterior_8c6d28,PUR_IED_ElRodeo_Exterior_8c6d28,,,,,
2026-09-12T10:26:09-05:00,PUR_IED_ElRodeo_ext_360881,PUR_IED_ElRodeo_ext_360881,,,,,
2026-09-12T10:26:09-05:00,PUR_IED_EmmaReyes_Ext_987625,PUR_IED_EmmaReyes_Ext_987625,2,21,50,4.6367,-74.1511
2026-09-12T10:26:09-05:00,PUR_IED_Ensueño_Ext_7f0250,PUR_IED_Ensueño_Ext_7f0250,,,,,
2026-09-12T10:26:09-05:00,PUR_IED_EscNormal_Ext_5fef3b,PUR_IED_EscNormal_Ext_5fef3b,2,21,56,4.5852,-74.096901
2026-09-12T10:26:09-05:00,PUR_IED_EscNormal_S309_5b263,PUR_IED_EscNormal_S309_5b263,,,,,
2026-09-12T10:26:09-05:00,PUR_IED_EscNormal_S310_27b3b8,PUR_IED_EscNormal_S310_27b3b8,,,,,
2026-09-12T10:26:09-05:00,PUR_IED_Evangelista_Conta_f6cd4f,PUR_IED_Evangelista_Conta_f6cd4f,,,,,
2026-09-12T10:26:09-05:00,PUR_IED_Evangelista_Cri_5e16a,PUR_IED_Evangelista_Cri_5e16a,,,,,
2026-09-12T10:26:09-05:00,PUR_IED_Evangelista_Exter_754066,PUR_IED_Evangelista_Exter_754066,,,,,
2026-09-12T10:26:09-05:00,PUR_IED_FMiranda_S209_5cc2a3,PUR_IED_FMiranda_S209_5cc2a3,,,,,
2026-09-12T10:26:09-05:00,PUR_IED_FMiranda_S303_19e344,PUR_IED_FMiranda_S303_19e344,,,,,
2026-09-12T10:26:09-05:00,PUR_IED_FMiranda_ext_f53e7c,PUR_IED_FMiranda_ext_f53e7c,,,,,
2026-09-12T10:26:09-05:00,PUR_IED_FabioLozano_Bibli_1cee05,PUR_IED_FabioLozano_Bibli_1cee05,,,,,
2026-09-12T10:26:09-05:00,PUR_IED_FabioLozano_Ext_6ea285,PUR_IED_FabioLozano_Ext_6ea285,,,,,
2026-09-12T10:26:09-05:00,PUR_IED_FabioLozano_SLudi_f09e1e,PUR_IED_FabioLozano_SLudi_f09e1e,,,,,
2026-09-12T10:26:09-05:00,PUR_IED_FaustinoS_Aula07_27a731,PUR_IED_FaustinoS_Aula07_27a731,,,,,
2026-09-12T10:26:09-05:00,PUR_IED_FaustinoS_Ext_7b936f,PUR_IED_FaustinoS_Ext_7b936f,,,,,
2026-09-12T10:26:09-05:00,PUR_IED_FaustinoS_Fisica_da2c60,PUR_IED_FaustinoS_Fisica_da2c60,,,,,
2026-09-12T10:26:09-05:00,PUR_IED_FeGarciaLo_Ext_dc68ee,PUR_IED_FeGarciaLo_Ext_dc68ee,,,,,
2026-09-12T10:26:09-05:00,PUR_IED_FeGarciaLo_SDanza_f70a59,PUR_IED_FeGarciaLo_SDanza_f70a59,,,,,
2026-09-12T10:26:09-05:00,PUR_IED_FeGarciaLo_SMusic_125cdd,PUR_IED_FeGarciaLo_SMusic_125cdd,,,,,
2026-09-12T10:26:09-05:00,PUR_IED_FederalAlema_Exte_50c345,PUR_IED_FederalAlema_Exte_50c345,,,,,
2026-09-12T10:26:09-05:00,PUR_IED_FederalAlema_S31_f18371,PUR_IED_FederalAlema_S31_f18371,,,,,
2026-09-12T10:26:09-05:00,PUR_IED_FederalAlema_S901_a62cd,PUR_IED_FederalAlema_S901_a62cd,,,,,
2026-09-12T10:26:09-05:00,PUR_IED_FilarmonicaS_A5_f35eb1,PUR_IED_FilarmonicaS_A5_f35eb1,,,,,
2026-09-12T10:26:09-05:00,PUR_IED_FilarmonicaS_Ext_8a3bde,PUR_IED_FilarmonicaS_Ext_8a3bde,,,,,
2026-09-12T10:26:09-05:00,PUR_IED_FilarmonicaS_Spol_406114,PUR_IED_FilarmonicaS_Spol_406114,,,,,
2026-09-12T10:26:09-05:00,PUR_IED_FlorentinoG_A13_d1fa59,PUR_IED_FlorentinoG_A13_d1fa59,,,,,
2026-09-12T10:26:09-05:00,PUR_IED_FlorentinoG_Ext_1ce6ce,PUR_IED_FlorentinoG_Ext_1ce6ce,,,,,
2026-09-12T10:26:09-05:00,PUR_IED_FlorentinoG_Idiom_a66aac,PUR_IED_FlorentinoG_Idiom_a66aac,,,,,
2026-09-12T10:26:09-05:00,PUR_IED_FranciscoMati_Ext_e3869d,PUR_IED_FranciscoMati_Ext_e3869d,,,,,
2026-09-12T10:26:09-05:00,PUR_IED_FranciscoMati_S13_f31c67,PUR_IED_FranciscoMati_S13_f31c67,,,,,
2026-09-12T10:26:09-05:00,PUR_IED_FranciscoMati_S14_97dead,PUR_IED_FranciscoMati_S14_97dead,,,,,
2026-09-12T10:26:09-05:00,PUR_IED_FranciscoPS_Ext_7bfa9a,PUR_IED_FranciscoPS_Ext_7bfa9a,2,23,53,4.5899,-74.110397
2026-09-12T10:26:09-05:00,PUR_IED_FranciscoPS_Infor_fb8f4c,PUR_IED_FranciscoPS_Infor_fb8f4c,,,,,
2026-09-12T10:26:09-05:00,PUR_IED_FranciscoPS_Quimi_94d39c,PUR_IED_FranciscoPS_Quimi_94d39c,,,,,
2026-09-12T10:26:09-05:00,PUR_IED_FranciscoP_LabQ_d7e148,PUR_IED_FranciscoP_LabQ_d7e148,,,,,
2026-09-12T10:26:09-05:00,PUR_IED_FranciscoP_S28_cf9b30,PUR_IED_FranciscoP_S28_cf9b30,,,,,
2026-09-12T10:26:09-05:00,PUR_IED_FranciscoP_ext_e2313,PUR_IED_FranciscoP_ext_e2313,,,,,
2026-09-12T10:26:09-05:00,PUR_IED_FriederichN_Ext_8ac92a,PUR_IED_FriederichN_Ext_8ac92a,,,,,
2026-09-12T10:26:09-05:00,PUR_IED_FriederichN_S301_dd7e5a,PUR_IED_FriederichN_S301_dd7e5a,,,,,
2026-09-12T10:26:09-05:00,PUR_IED_FriederichN_S308_761f4f,PUR_IED_FriederichN_S308_761f4f,,,,,
2026-09-12T10:26:09-05:00,PUR_IED_GSantander_Aula10_533dd7,PUR_IED_GSantander_Aula10_533dd7,,,,,
2026-09-12T10:26:09-05:00,PUR_IED_GSantander_Aula12_fd4e4f,PUR_IED_GSantander_Aula12_fd4e4f,,,,,
2026-09-12T10:26:09-05:00,PUR_IED_GSantander_Aula310_533dd7,PUR_IED_GSantander_Aula310_533dd7,,,,,
2026-09-12T10:26:09-05:00,PUR_IED_GSantander_Aula312_fd4e4f,PUR_IED_GSantander_Aula312_fd4e4f,,,,,
2026-09-12T10:26:09-05:00,PUR_IED_GSantander_Ext_5f66b0,PUR_IED_GSantander_Ext_5f66b0,,,,,
2026-09-12T10:26:09-05:00,PUR_IED_GYomasa_Ext_f6bea5,PUR_IED_GYomasa_Ext_f6bea5,,,,,
2026-09-12T10:26:09-05:00,PUR_IED_GYomasa_LBiol_2c41aa,PUR_IED_GYomasa_LBiol_2c41aa,,,,,
2026-09-12T10:26:09-05:00,PUR_IED_GYomasa_LQuim_33c80,PUR_IED_GYomasa_LQuim_33c80,,,,,
2026-09-12T10:26:09-05:00,PUR_IED_GabBetMejia_Cienc_5a99c,PUR_IED_GabBetMejia_Cienc_5a99c,,,,,
2026-09-12T10:26:09-05:00,PUR_IED_GabBetMejia_Ext_9153d0,PUR_IED_GabBetMejia_Ext_9153d0,,,,,
2026-09-12T10:26:09-05:00,PUR_IED_GabBetMejia_Lab_f55347,PUR_IED_GabBetMejia_Lab_f55347,,,,,
2026-09-12T10:26:09-05:00,PUR_IED_GabBetanMejia_Ext_9153d0,PUR_IED_GabBetanMejia_Ext_9153d0,,,,,
2026-09-12T10:26:09-05:00,PUR_IED_Gaitana_Aula13_7aac11,PUR_IED_Gaitana_Aula13_7aac11,,,,,
2026-09-12T10:26:09-05:00,PUR_IED_Gaitana_Ext_5fcf4,PUR_IED_Gaitana_Ext_5fcf4,,,,,
2026-09-12T10:26:09-05:00,PUR_IED_Gaitana_LabFisica_644448,PUR_IED_Gaitana_LabFisica_644448,,,,,
2026-09-12T10:26:09-05:00,PUR_IED_GenSantander_Dise_8ac858,PUR_IED_GenSantander_Dise_8ac858,,,,,
2026-09-12T10:26:09-05:00,PUR_IED_GenSantander_Ext_8d5dfe,PUR_IED_GenSantander_Ext_8d5dfe,,,,,
2026-09-12T10:26:09-05:00,PUR_IED_GenSantander_Info_6c25b,PUR_IED_GenSantander_Info_6c25b,,,,,
2026-09-12T10:26:09-05:00,PUR_IED_GustavoMo_Exterio_75e63d,PUR_IED_GustavoMo_Exterio_75e63d,,,,,
2026-09-12T10:26:09-05:00,PUR_IED_GustavoMo_LabFisi_224d37,PUR_IED_GustavoMo_LabFisi_224d37,,,,,
2026-09-12T10:26:09-05:00,PUR_IED_GustavoMo_S208_3e6918,PUR_IED_GustavoMo_S208_3e6918,,,,,
2026-09-12T10:26:09-05:00,PUR_IED_GustavoR_A02_8cd4a8,PUR_IED_GustavoR_A02_8cd4a8,,,,,
2026-09-12T10:26:09-05:00,PUR_IED_GustavoR_B11_5b0ed,PUR_IED_GustavoR_B11_5b0ed,,,,,
2026-09-12T10:26:09-05:00,PUR_IED_GustavoR_Ext_7a0c90,PUR_IED_GustavoR_Ext_7a0c90,,,,,
2026-09-12T10:26:09-05:00,PUR_IED_HernandoDuran_Ext_8cd82b,PUR_IED_HernandoDuran_Ext_8cd82b,,,,,
2026-09-12T10:26:09-05:00,PUR_IED_HernandoDuran_S24_2772c6,PUR_IED_HernandoDuran_S24_2772c6,,,,,
2026-09-12T10:26:09-05:00,PUR_IED_HernandoDuran_S30_f2de41,PUR_IED_HernandoDuran_S30_f2de41,,,,,
2026-09-12T10:26:09-05:00,PUR_IED_HolguInUr_S1101_8cd732,PUR_IED_HolguInUr_S1101_8cd732,,,,,
2026-09-12T10:26:09-05:00,PUR_IED_HolguinUr_Exter_ddae6d,PUR_IED_HolguinUr_Exter_ddae6d,,,,,
2026-09-12T10:26:09-05:00,PUR_IED_HolguinUr_LabQuim_92b952,PUR_IED_HolguinUr_LabQuim_92b952,,,,,
2026-09-12T10:26:09-05:00,PUR_IED_Isabel-II_Ext_5245cc,PUR_IED_Isabel-II_Ext_5245cc,2,20,54,4.6336,-74.153
2026-09-12T10:26:09-05:00,PUR_IED_Isabel-II_S_idiom_1c29aa,PUR_IED_Isabel-II_S_idiom_1c29aa,,,,,
2026-09-12T10:26:09-05:00,PUR_IED_Isabel-II_S_infor_fd741,PUR_IED_Isabel-II_S_infor_fd741,,,,,
2026-09-12T10:26:09-05:00,PUR_IED_IsidroSur_Exterio_5b90ea,PUR_IED_IsidroSur_Exterio_5b90ea,,,,,
2026-09-12T10:26:09-05:00,PUR_IED_IsidroSur_LabTec_56697a,PUR_IED_IsidroSur_LabTec_56697a,,,,,
2026-09-12T10:26:09-05:00,PUR_IED_IsidroSur_Robotic_b7c38f,PUR_IED_IsidroSur_Robotic_b7c38f,,,,,
2026-09-12T10:26:09-05:00,PUR_IED_IsmaelPerd_Ext_7b6672,PUR_IED_IsmaelPerd_Ext_7b6672,,,,,
2026-09-12T10:26:09-05:00,PUR_IED_IsmaelPerd_Inform_306540,PUR_IED_IsmaelPerd_Inform_306540,,,,,
2026-09-12T10:26:09-05:00,PUR_IED_IsmaelPerd_S30_2e2c83,PUR_IED_IsmaelPerd_S30_2e2c83,,,,,
2026-09-12T10:26:09-05:00,PUR_IED_JLozano_Exter_432910,PUR_IED_JLozano_Exter_432910,,,,,
2026-09-12T10:26:09-05:00,PUR_IED_JLozano_salaMulti_df5125,PUR_IED_JLozano_salaMulti_df5125,,,,,
2026-09-12T10:26:09-05:00,PUR_IED_JMCordoba_206_86f80b,PUR_IED_JMCordoba_206_86f80b,,,,,
2026-09-12T10:26:09-05:00,PUR_IED_JMCordoba_Ext_27ad97,PUR_IED_JMCordoba_Ext_27ad97,,,,,
2026-09-12T10:26:09-05:00,PUR_IED_JMCordoba_S310_d59ab4,PUR_IED_JMCordoba_S310_d59ab4,,,,,
2026-09-12T10:26:09-05:00,PUR_IED_Japon_Ext_549100,PUR_IED_Japon_Ext_549100,,,,,
2026-09-12T10:26:09-05:00,PUR_IED_Japon_Laboratorio_bec51d,PUR_IED_Japon_Laboratorio_bec51d,,,,,
2026-09-12T10:26:09-05:00,PUR_IED_Japon_informatica_d99327,PUR_IED_Japon_informatica_d99327,,,,,
2026-09-12T10:26:09-05:00,PUR_IED_Jazmin_Ext_d27bda,PUR_IED_Jazmin_Ext_d27bda,,,,,
2026-09-12T10:26:09-05:00,PUR_IED_Jazmin_Fisica_8d14d7,PUR_IED_Jazmin_Fisica_8d14d7,,,,,
2026-09-12T10:26:09-05:00,PUR_IED_Jazmin_Quimica_801cb5,PUR_IED_Jazmin_Quimica_801cb5,,,,,
2026-09-12T10:26:09-05:00,PUR_IED_JorgeGaitan_Exter_f098d1,PUR_IED_JorgeGaitan_Exter_f098d1,,,,,
2026-09-12T10:26:09-05:00,PUR_IED_JorgeGaitan_STec1_dc9d1d,PUR_IED_JorgeGaitan_STec1_dc9d1d,,,,,
2026-09-12T10:26:09-05:00,PUR_IED_JorgeGaitan_STec2_281e69,PUR_IED_JorgeGaitan_STec2_281e69,,,,,
2026-09-12T10:26:09-05:00,PUR_IED_JorgeSoto_Exterio_d9d0a2,PUR_IED_JorgeSoto_Exterio_d9d0a2,,,,,
2026-09-12T10:26:09-05:00,PUR_IED_JorgeSoto_LabFisi_209c54,PUR_IED_JorgeSoto_LabFisi_209c54,,,,,
2026-09-12T10:26:09-05:00,PUR_IED_JorgeSoto_S103_27b51a,PUR_IED_JorgeSoto_S103_27b51a,,,,,
2026-09-12T10:26:09-05:00,PUR_IED_JoseAcevedo_A02_e965eb,PUR_IED_JoseAcevedo_A02_e965eb,,,,,
2026-09-12T10:26:09-05:00,PUR_IED_JoseAcevedo_A07_dd5b4,PUR_IED_JoseAcevedo_A07_dd5b4,,,,,
2026-09-12T10:26:09-05:00,PUR_IED_JoseAcevedo_Ext_b47484,PUR_IED_JoseAcevedo_Ext_b47484,,,,,
2026-09-12T10:26:09-05:00,PUR_IED_JoseMarti_Exte_5b9bf,PUR_IED_JoseMarti_Exte_5b9bf,,,,,
2026-09-12T10:26:09-05:00,PUR_IED_JoseMarti_LabQuim_1c6c2d,PUR_IED_JoseMarti_LabQuim_1c6c2d,,,,,
2026-09-12T10:26:09-05:00,PUR_IED_JoseMarti_S_info_f5f177,PUR_IED_JoseMarti_S_info_f5f177,,,,,
2026-09-12T10:26:09-05:00,PUR_IED_Josejoaquin_Ext_dfc5dc,PUR_IED_Josejoaquin_Ext_dfc5dc,,,,,
2026-09-12T10:26:09-05:00,PUR_IED_Josejoaquin_S05_5b2a96,PUR_IED_Josejoaquin_S05_5b2a96,,,,,
2026-09-12T10:26:09-05:00,PUR_IED_Josejoaquin_S06_1ce7d2,PUR_IED_Josejoaquin_S06_1ce7d2,,,,,
2026-09-12T10:26:09-05:00,PUR_IED_JulioFlorez_Danza_9b82dd,PUR_IED_JulioFlorez_Danza_9b82dd,,,,,
2026-09-12T10:26:09-05:00,PUR_IED_JulioFlorez_Exter_f9f314,PUR_IED_JulioFlorez_Exter_f9f314,,,,,
2026-09-12T10:26:09-05:00,PUR_IED_JulioFlorez_info2_6b6e08,PUR_IED_JulioFlorez_info2_6b6e08,,,,,
2026-09-12T10:26:09-05:00,PUR_IED_LaBelleza_Aula13_1d00d8,PUR_IED_LaBelleza_Aula13_1d00d8,,,,,
2026-09-12T10:26:09-05:00,PUR_IED_LaBelleza_Ext_7bc08c,PUR_IED_LaBelleza_Ext_7bc08c,,,,,
2026-09-12T10:26:09-05:00,PUR_IED_LaChucua_Ext_8cd6d2,PUR_IED_LaChucua_Ext_8cd6d2,,,,,
2026-09-12T10:26:09-05:00,PUR_IED_LaChucua_S15_f578ce,PUR_IED_LaChucua_S15_f578ce,,,,,
2026-09-12T10:26:09-05:00,PUR_IED_LaChucua_S16_eebcf9,PUR_IED_LaChucua_S16_eebcf9,,,,,
2026-09-12T10:26:09-05:00,PUR_IED_LaFelicidad_Ext_fb5109,PUR_IED_LaFelicidad_Ext_fb5109,,,,,
2026-09-12T10:26:09-05:00,PUR_IED_LaMerced_206_66ebd,PUR_IED_LaMerced_206_66ebd,,,,,
2026-09-12T10:26:09-05:00,PUR_IED_LaMerced_207_6ebd6,PUR_IED_LaMerced_207_6ebd6,,,,,
2026-09-12T10:26:09-05:00,PUR_IED_LaMerced_ext_304311,PUR_IED_LaMerced_ext_304311,,,,,
2026-09-12T10:26:09-05:00,PUR_IED_Laureano_CiencNat_281e5e,PUR_IED_Laureano_CiencNat_281e5e,,,,,
2026-09-12T10:26:09-05:00,PUR_IED_Laureano_Comedor_f65c0a,PUR_IED_Laureano_Comedor_f65c0a,,,,,
2026-09-12T10:26:09-05:00,PUR_IED_Laureano_Exterior_7ab011,PUR_IED_Laureano_Exterior_7ab011,,,,,
2026-09-12T10:26:09-05:00,PUR_IED_LeonGreiff_Exte_dfe560,PUR_IED_LeonGreiff_Exte_dfe560,,,,,
2026-09-12T10:26:09-05:00,PUR_IED_LeonGreiff_S210_f264ed,PUR_IED_LeonGreiff_S210_f264ed,,,,,
2026-09-12T10:26:09-05:00,PUR_IED_LeonGreiff_SQuimi_e8296f,PUR_IED_LeonGreiff_SQuimi_e8296f,,,,,
2026-09-12T10:26:09-05:00,PUR_IED_LlanoOrientalS208_7b9fcd,PUR_IED_LlanoOrientalS208_7b9fcd,,,,,
2026-09-12T10:26:09-05:00,PUR_IED_LlanoOriental_Ext_fb3766,PUR_IED_LlanoOriental_Ext_fb3766,,,,,
2026-09-12T10:26:09-05:00,PUR_IED_LlanoOriental_S208_7b9fcd,PUR_IED_LlanoOriental_S208_7b9fcd,,,,,
2026-09-12T10:26:09-05:00,PUR_IED_LlanoOriental_S9_27b378,PUR_IED_LlanoOriental_S9_27b378,,,,,
2026-09-12T10:26:09-05:00,PUR_IED_LosTejares_1101_477602,PUR_IED_LosTejares_1101_477602,,,,,
2026-09-12T10:26:09-05:00,PUR_IED_LosTejares_11_d2c595,PUR_IED_LosTejares_11_d2c595,,,,,
2026-09-12T10:26:09-05:00,PUR_IED_LosTejares_12_477602,PUR_IED_LosTejares_12_477602,,,,,
2026-09-12T10:26:09-05:00,PUR_IED_LosTejares_Ext_8e2115,PUR_IED_LosTejares_Ext_8e2115,,,,,
2026-09-12T10:26:09-05:00,PUR_IED_MagdalenaO_B202_5ddda3,PUR_IED_MagdalenaO_B202_5ddda3,,,,,
2026-09-12T10:26:09-05:00,PUR_IED_MagdalenaO_B205_fb76e8,PUR_IED_MagdalenaO_B205_fb76e8,,,,,
2026-09-12T10:26:09-05:00,PUR_IED_MagdalenaO_ext_dc69cd,PUR_IED_MagdalenaO_ext_dc69cd,,,,,
2026-09-12T10:26:09-05:00,PUR_IED_ManueCepeda_artes_eee956,PUR_IED_ManueCepeda_artes_eee956,,,,,
2026-09-12T10:26:09-05:00,PUR_IED_ManuelCepeda_Ext_58313,PUR_IED_ManuelCepeda_Ext_58313,,,,,
2026-09-12T10:26:09-05:00,PUR_IED_ManuelCepeda_tec_1c5731,PUR_IED_ManuelCepeda_tec_1c5731,,,,,
2026-09-12T10:26:09-05:00,PUR_IED_ManuelS_Exterior_5b269,PUR_IED_ManuelS_Exterior_5b269,,,,,
2026-09-12T10:26:09-05:00,PUR_IED_ManuelS_Inform_f369ce,PUR_IED_ManuelS_Inform_f369ce,,,,,
2026-09-12T10:26:09-05:00,PUR_IED_ManuelS_SArtes_7d15f1,PUR_IED_ManuelS_SArtes_7d15f1,,,,,
2026-09-12T10:26:09-05:00,PUR_IED_ManuelZapata_303_3ca6,PUR_IED_ManuelZapata_303_3ca6,,,,,
2026-09-12T10:26:09-05:00,PUR_IED_ManuelZapata_311_bfbabc,PUR_IED_ManuelZapata_311_bfbabc,,,,,
2026-09-12T10:26:09-05:00,PUR_IED_ManuelZapata_Ext_50824a,PUR_IED_ManuelZapata_Ext_50824a,,,,,
2026-09-12T10:26:09-05:00,PUR_IED_ManuelitaS_Exteri_656a92,PUR_IED_ManuelitaS_Exteri_656a92,,,,,
2026-09-12T10:26:09-05:00,PUR_IED_ManuelitaS_JuzgDe_f58ec3,PUR_IED_ManuelitaS_JuzgDe_f58ec3,,,,,
2026-09-12T10:26:09-05:00,PUR_IED_ManuelitaS_Recrea_d793db,PUR_IED_ManuelitaS_Recrea_d793db,,,,,
2026-09-12T10:26:09-05:00,PUR_IED_MarFidSuarez_Ext_c27b19,PUR_IED_MarFidSuarez_Ext_c27b19,,,,,
2026-09-12T10:26:09-05:00,PUR_IED_MarFidSuarez_Info_e384d7,PUR_IED_MarFidSuarez_Info_e384d7,,,,,
2026-09-12T10:26:09-05:00,PUR_IED_MarFidSuarez_S306_1d0032,PUR_IED_MarFidSuarez_S306_1d0032,,,,,
2026-09-12T10:26:09-05:00,PUR_IED_Menorah_301_2a25a3,PUR_IED_Menorah_301_2a25a3,,,,,
2026-09-12T10:26:09-05:00,PUR_IED_Menorah_306_37ed3,PUR_IED_Menorah_306_37ed3,,,,,
2026-09-12T10:26:09-05:00,PUR_IED_Menorah_Ext_3e155b,PUR_IED_Menorah_Ext_3e155b,,,,,
2026-09-12T10:26:09-05:00,PUR_IED_MinutoB.Aires_A11_1b1604,PUR_IED_MinutoB.Aires_A11_1b1604,,,,,
2026-09-12T10:26:09-05:00,PUR_IED_MinutoB.Aires_A12_fb5860,PUR_IED_MinutoB.Aires_A12_fb5860,,,,,
2026-09-12T10:26:09-05:00,PUR_IED_MinutoB.Aires_Ext_81293f,PUR_IED_MinutoB.Aires_Ext_81293f,,,,,
2026-09-12T10:26:09-05:00,PUR_IED_MinutoBAires_A11_1b1604,PUR_IED_MinutoBAires_A11_1b1604,,,,,
2026-09-12T10:26:09-05:00,PUR_IED_MinutoBAires_A12_fb5860,PUR_IED_MinutoBAires_A12_fb5860,,,,,
2026-09-12T10:26:09-05:00,PUR_IED_MinutoBAires_Ext_81293f,PUR_IED_MinutoBAires_Ext_81293f,,,,,
2026-09-12T10:26:09-05:00,PUR_IED_Montreal_Aula10_1e4959,PUR_IED_Montreal_Aula10_1e4959,,,,,
2026-09-12T10:26:09-05:00,PUR_IED_Montreal_Aula6_300367,PUR_IED_Montreal_Aula6_300367,,,,,
2026-09-12T10:26:09-05:00,PUR_IED_Montreal_Exterior_91a179,PUR_IED_Montreal_Exterior_91a179,,,,,
2026-09-12T10:26:09-05:00,PUR_IED_Mqgdalena_B202_5ddda3,PUR_IED_Mqgdalena_B202_5ddda3,,,,,
2026-09-12T10:26:09-05:00,PUR_IED_NACUND_Soc_dc8728,PUR_IED_NACUND_Soc_dc8728,,,,,
2026-09-12T10:26:09-05:00,PUR_IED_NACUND_ext_27ad97,PUR_IED_NACUND_ext_27ad97,,,,,
2026-09-12T10:26:09-05:00,PUR_IED_NEsperanza_Ext_d24b61,PUR_IED_NEsperanza_Ext_d24b61,,,,,
2026-09-12T10:26:09-05:00,PUR_IED_NEsperanza_SElect_7d1807,PUR_IED_NEsperanza_SElect_7d1807,,,,,
2026-09-12T10:26:09-05:00,PUR_IED_NEsperanza_SLabor_8b2d0a,PUR_IED_NEsperanza_SLabor_8b2d0a,,,,,
2026-09-12T10:26:09-05:00,PUR_IED_NacionesU_Ext_f661a9,PUR_IED_NacionesU_Ext_f661a9,,,,,
2026-09-12T10:26:09-05:00,PUR_IED_NacionesU_Quimica_66f0a,PUR_IED_NacionesU_Quimica_66f0a,,,,,
2026-09-12T10:26:09-05:00,PUR_IED_NacionesU_S306_1b4b3d,PUR_IED_NacionesU_S306_1b4b3d,,,,,
2026-09-12T10:26:09-05:00,PUR_IED_NestorFA_Ext_e4201c,PUR_IED_NestorFA_Ext_e4201c,,,,,
2026-09-12T10:26:09-05:00,PUR_IED_NestorFA_Laborato_f22fe0,PUR_IED_NestorFA_Laborato_f22fe0,,,,,
2026-09-12T10:26:09-05:00,PUR_IED_NestorFA_S204_dee996,PUR_IED_NestorFA_S204_dee996,,,,,
2026-09-12T10:26:09-05:00,PUR_IED_NidyaQT_Aula03_76999b,PUR_IED_NidyaQT_Aula03_76999b,,,,,
2026-09-12T10:26:09-05:00,PUR_IED_NidyaQT_Aula10_56325,PUR_IED_NidyaQT_Aula10_56325,,,,,
2026-09-12T10:26:09-05:00,PUR_IED_NidyaQT_Ext_46e32d,PUR_IED_NidyaQT_Ext_46e32d,,,,,
2026-09-12T10:26:09-05:00,PUR_IED_NuevaCol_Exterior_d9b859,PUR_IED_NuevaCol_Exterior_d9b859,,,,,
2026-09-12T10:26:09-05:00,PUR_IED_NuevaCol_S1101_76c43b,PUR_IED_NuevaCol_S1101_76c43b,,,,,
2026-09-12T10:26:09-05:00,PUR_IED_NuevaCol_S1102_1ce0b5,PUR_IED_NuevaCol_S1102_1ce0b5,,,,,
2026-09-12T10:26:09-05:00,PUR_IED_OEA_A202_f7e3f2,PUR_IED_OEA_A202_f7e3f2,,,,,
2026-09-12T10:26:09-05:00,PUR_IED_OEA_A203_7d1b8d,PUR_IED_OEA_A203_7d1b8d,,,,,
2026-09-12T10:26:09-05:00,PUR_IED_OEA_Ext_27b593,PUR_IED_OEA_Ext_27b593,,,,,
2026-09-12T10:26:09-05:00,PUR_IED_Ochoa_Ext_1c29da,PUR_IED_Ochoa_Ext_1c29da,,,,,
2026-09-12T10:26:09-05:00,PUR_IED_Ochoa_S205_8b1121,PUR_IED_Ochoa_S205_8b1121,,,,,
2026-09-12T10:26:09-05:00,PUR_IED_Ochoa_Sistemas_f33af6,PUR_IED_Ochoa_Sistemas_f33af6,,,,,
2026-09-12T10:26:09-05:00,PUR_IED_PQuebec_Ext_1c67c7,PUR_IED_PQuebec_Ext_1c67c7,,,,,
2026-09-12T10:26:09-05:00,PUR_IED_PQuebec_S15_23e8e2,PUR_IED_PQuebec_S15_23e8e2,,,,,
2026-09-12T10:26:09-05:00,PUR_IED_PQuebec_S16_8ec76b,PUR_IED_PQuebec_S16_8ec76b,,,,,
2026-09-12T10:26:09-05:00,PUR_IED_PabloN_Ext_49dc96,PUR_IED_PabloN_Ext_49dc96,,,,,
2026-09-12T10:26:09-05:00,PUR_IED_PabloN_S1102_4e3df5,PUR_IED_PabloN_S1102_4e3df5,,,,,
2026-09-12T10:26:09-05:00,PUR_IED_PabloN_S1103_50c94b,PUR_IED_PabloN_S1103_50c94b,,,,,
2026-09-12T10:26:09-05:00,PUR_IED_Palestina_S1101_db9198,PUR_IED_Palestina_S1101_db9198,,,,,
2026-09-12T10:26:09-05:00,PUR_IED_Palestina_S1102_dc54fa,PUR_IED_Palestina_S1102_dc54fa,,,,,
2026-09-12T10:26:09-05:00,PUR_IED_Palestina_ext_4ccce6,PUR_IED_Palestina_ext_4ccce6,,,,,
2026-09-12T10:26:09-05:00,PUR_IED_Panama_Fisica_4d0794,PUR_IED_Panama_Fisica_4d0794,,,,,
2026-09-12T10:26:09-05:00,PUR_IED_Panama_SIngles_a4077e,PUR_IED_Panama_SIngles_a4077e,,,,,
2026-09-12T10:26:09-05:00,PUR_IED_Panama_ext_4c54b4,PUR_IED_Panama_ext_4c54b4,,,,,
2026-09-12T10:26:09-05:00,PUR_IED_ParaisoM_Exterior_8cd7f0,PUR_IED_ParaisoM_Exterior_8cd7f0,,,,,
2026-09-12T10:26:09-05:00,PUR_IED_ParaisoM_Laborato_27af35,PUR_IED_ParaisoM_Laborato_27af35,,,,,
2026-09-12T10:26:09-05:00,PUR_IED_ParaisoM_S304_d1edca,PUR_IED_ParaisoM_S304_d1edca,,,,,
2026-09-12T10:26:09-05:00,PUR_IED_PorfirioBarba_Ext_301466,PUR_IED_PorfirioBarba_Ext_301466,,,,,
2026-09-12T10:26:09-05:00,PUR_IED_PorfirioBarba_S11_df6cd2,PUR_IED_PorfirioBarba_S11_df6cd2,,,,,
2026-09-12T10:26:09-05:00,PUR_IED_PorfirioBarba_S29_27a7d6,PUR_IED_PorfirioBarba_S29_27a7d6,,,,,
2026-09-12T10:26:09-05:00,PUR_IED_PradoV_Exter_8b27ad,PUR_IED_PradoV_Exter_8b27ad,,,,,
2026-09-12T10:26:09-05:00,PUR_IED_PradoV_S301_de65b5,PUR_IED_PradoV_S301_de65b5,,,,,
2026-09-12T10:26:09-05:00,PUR_IED_PradoV_S302_7d2593,PUR_IED_PradoV_S302_7d2593,,,,,
2026-09-12T10:26:09-05:00,PUR_IED_QuirogaAlz_Ext_1ddc82,PUR_IED_QuirogaAlz_Ext_1ddc82,,,,,
2026-09-12T10:26:09-05:00,PUR_IED_QuirogaAlz_S302_9926a3,PUR_IED_QuirogaAlz_S302_9926a3,,,,,
2026-09-12T10:26:09-05:00,PUR_IED_QuirogaAlz_S305_cdf1f1,PUR_IED_QuirogaAlz_S305_cdf1f1,,,,,
2026-09-12T10:26:09-05:00,PUR_IED_RGuatemala_Biling_dc53b7,PUR_IED_RGuatemala_Biling_dc53b7,,,,,
2026-09-12T10:26:09-05:00,PUR_IED_RGuatemala_Ext_1b89a3,PUR_IED_RGuatemala_Ext_1b89a3,,,,,
2026-09-12T10:26:09-05:00,PUR_IED_RGuatemala_Tecnol_281a34,PUR_IED_RGuatemala_Tecnol_281a34,,,,,
2026-09-12T10:26:09-05:00,PUR_IED_RafaNu_Ext_f7c302,PUR_IED_RafaNu_Ext_f7c302,,,,,
2026-09-12T10:26:09-05:00,PUR_IED_RafaNu_S1101_25fde,PUR_IED_RafaNu_S1101_25fde,,,,,
2026-09-12T10:26:09-05:00,PUR_IED_RafaNu_S1102_281517,PUR_IED_RafaNu_S1102_281517,,,,,
2026-09-12T10:26:09-05:00,PUR_IED_RafaelB_S305_ee2783,PUR_IED_RafaelB_S305_ee2783,,,,,
2026-09-12T10:26:09-05:00,PUR_IED_RafaelB_S306_75fe33,PUR_IED_RafaelB_S306_75fe33,,,,,
2026-09-12T10:26:09-05:00,PUR_IED_RafaelB_ext_283336,PUR_IED_RafaelB_ext_283336,,,,,
2026-09-12T10:26:09-05:00,PUR_IED_RafaelUU_Exterior_281a51,PUR_IED_RafaelUU_Exterior_281a51,,,,,
2026-09-12T10:26:09-05:00,PUR_IED_RafaelUU_Human_806b2,PUR_IED_RafaelUU_Human_806b2,,,,,
2026-09-12T10:26:09-05:00,PUR_IED_RafaelUU_Mate2_5680d4,PUR_IED_RafaelUU_Mate2_5680d4,,,,,
2026-09-12T10:26:09-05:00,PUR_IED_RamonSub_Ext_f9eeb9,PUR_IED_RamonSub_Ext_f9eeb9,,,,,
2026-09-12T10:26:09-05:00,PUR_IED_RamonSub_Media_d1f62f,PUR_IED_RamonSub_Media_d1f62f,,,,,
2026-09-12T10:26:09-05:00,PUR_IED_RamonSub_planta_51b82,PUR_IED_RamonSub_planta_51b82,,,,,
2026-09-12T10:26:09-05:00,PUR_IED_RepBoliVene_Exter_27af7c,PUR_IED_RepBoliVene_Exter_27af7c,,,,,
2026-09-12T10:26:09-05:00,PUR_IED_RepBoliVene_SCPT_5ae2ee,PUR_IED_RepBoliVene_SCPT_5ae2ee,,,,,
2026-09-12T10:26:09-05:00,PUR_IED_RepBoliVene_Socia_4b11d5,PUR_IED_RepBoliVene_Socia_4b11d5,,,,,
2026-09-12T10:26:09-05:00,PUR_IED_RepChina_Ext_76d9ee,PUR_IED_RepChina_Ext_76d9ee,,,,,
2026-09-12T10:26:09-05:00,PUR_IED_RepChina_S404_7c804c,PUR_IED_RepChina_S404_7c804c,,,,,
2026-09-12T10:26:09-05:00,PUR_IED_RepChina_S405_df2c33,PUR_IED_RepChina_S405_df2c33,,,,,
2026-09-12T10:26:09-05:00,PUR_IED_RepublicaC_Exteri_7d1ec9,PUR_IED_RepublicaC_Exteri_7d1ec9,,,,,
2026-09-12T10:26:09-05:00,PUR_IED_RepublicaC_S1101_f544b3,PUR_IED_RepublicaC_S1101_f544b3,,,,,
2026-09-12T10:26:09-05:00,PUR_IED_RepublicaC_S1102_7aafc7,PUR_IED_RepublicaC_S1102_7aafc7,,,,,
2026-09-12T10:26:09-05:00,PUR_IED_Ricaurte_Externo_a0ea1,PUR_IED_Ricaurte_Externo_a0ea1,,,,,
2026-09-12T10:26:09-05:00,PUR_IED_Ricaurte_S210_f546fd,PUR_IED_Ricaurte_S210_f546fd,,,,,
2026-09-12T10:26:09-05:00,PUR_IED_Ricaurte_S309_d4452,PUR_IED_Ricaurte_S309_d4452,,,,,
2026-09-12T10:26:09-05:00,PUR_IED_RogelioS_1102_531e69,PUR_IED_RogelioS_1102_531e69,,,,,
2026-09-12T10:26:09-05:00,PUR_IED_RogelioS_Ext_f25a18,PUR_IED_RogelioS_Ext_f25a18,,,,,
2026-09-12T10:26:09-05:00,PUR_IED_SBernardino_Ext_27aff8,PUR_IED_SBernardino_Ext_27aff8,,,,,
2026-09-12T10:26:09-05:00,PUR_IED_SBernardino_SArte_2ffd33,PUR_IED_SBernardino_SArte_2ffd33,,,,,
2026-09-12T10:26:09-05:00,PUR_IED_SBernardino_SIngl_7c7da5,PUR_IED_SBernardino_SIngl_7c7da5,,,,,
2026-09-12T10:26:09-05:00,PUR_IED_Sago_auditorio_dc9d1d,PUR_IED_Sago_auditorio_dc9d1d,,,,,
2026-09-12T10:26:09-05:00,PUR_IED_Saludcoop_Ext_95aac3,PUR_IED_Saludcoop_Ext_95aac3,,,,,
2026-09-12T10:26:09-05:00,PUR_IED_Saludcoop_InfI_90c854,PUR_IED_Saludcoop_InfI_90c854,,,,,
2026-09-12T10:26:09-05:00,PUR_IED_Saludcoop_SMedia_1b93be,PUR_IED_Saludcoop_SMedia_1b93be,,,,,
2026-09-12T10:26:09-05:00,PUR_IED_SanCarlos_1101_1a2360,PUR_IED_SanCarlos_1101_1a2360,,,,,
2026-09-12T10:26:09-05:00,PUR_IED_SanCarlos_1103_7bafb5,PUR_IED_SanCarlos_1103_7bafb5,,,,,
2026-09-12T10:26:09-05:00,PUR_IED_SanCarlos_Ext_b7cd1,PUR_IED_SanCarlos_Ext_b7cd1,,,,,
2026-09-12T10:26:09-05:00,PUR_IED_SanIgnacioBosa11a_50c26e,PUR_IED_SanIgnacioBosa11a_50c26e,,,,,
2026-09-12T10:26:09-05:00,PUR_IED_SanIgnacioBosa11b_371de8,PUR_IED_SanIgnacioBosa11b_371de8,,,,,
2026-09-12T10:26:09-05:00,PUR_IED_SanIgnacioBosaExt_ef0ffc,PUR_IED_SanIgnacioBosaExt_ef0ffc,,,,,
2026-09-12T10:26:09-05:00,PUR_IED_SanIgnacioBosa_11a_50c26e,PUR_IED_SanIgnacioBosa_11a_50c26e,,,,,
2026-09-12T10:26:09-05:00,PUR_IED_SanIgnacioBosa_Ext_ef0ffc,PUR_IED_SanIgnacioBosa_Ext_ef0ffc,,,,,
2026-09-12T10:26:09-05:00,PUR_IED_SanJoseN_intS1101_31c47f,PUR_IED_SanJoseN_intS1101_31c47f,,,,,
2026-09-12T10:26:09-05:00,PUR_IED_SanJoseUsm_Exter_f5d7e8,PUR_IED_SanJoseUsm_Exter_f5d7e8,,,,,
2026-09-12T10:26:09-05:00,PUR_IED_SanJoseUsm_Int11A_cfdef6,PUR_IED_SanJoseUsm_Int11A_cfdef6,,,,,
2026-09-12T10:26:09-05:00,PUR_IED_SilveriaR_IntB5_905349,PUR_IED_SilveriaR_IntB5_905349,,,,,
2026-09-12T10:26:09-05:00,PUR_IED_SilveriaR_IntSD14_981f93,PUR_IED_SilveriaR_IntSD14_981f93,,,,,
2026-09-12T10:26:09-05:00,PUR_IED_SilveriaR_ext_2b651d,PUR_IED_SilveriaR_ext_2b651d,,,,,
2026-09-12T10:26:09-05:00,PUR_IED_SimonB_Exterior_913975,PUR_IED_SimonB_Exterior_913975,,,,,
2026-09-12T10:26:09-05:00,PUR_IED_SimonB_LabQuimi_c56908,PUR_IED_SimonB_LabQuimi_c56908,,,,,
2026-09-12T10:26:09-05:00,PUR_IED_SimonB_informatic_a28c1,PUR_IED_SimonB_informatic_a28c1,,,,,
2026-09-12T10:26:09-05:00,PUR_IED_Sorrento_1102_315f50,PUR_IED_Sorrento_1102_315f50,,,,,
2026-09-12T10:26:09-05:00,PUR_IED_Sorrento_Minte_214eab,PUR_IED_Sorrento_Minte_214eab,,,,,
2026-09-12T10:26:09-05:00,PUR_IED_Sorrento_ext_7c3a0a,PUR_IED_Sorrento_ext_7c3a0a,,,,,
2026-09-12T10:26:09-05:00,PUR_IED_Tabora_Ext_f048ae,PUR_IED_Tabora_Ext_f048ae,,,,,
2026-09-12T10:26:09-05:00,PUR_IED_Tabora_S1102_b07752,PUR_IED_Tabora_S1102_b07752,,,,,
2026-09-12T10:26:09-05:00,PUR_IED_Tabora_S1103_d988f5,PUR_IED_Tabora_S1103_d988f5,,,,,
2026-09-12T10:26:09-05:00,PUR_IED_Tenerife_Ext_1ab188,PUR_IED_Tenerife_Ext_1ab188,,,,,
2026-09-12T10:26:09-05:00,PUR_IED_Tenerife_SDanzas_7bc02e,PUR_IED_Tenerife_SDanzas_7bc02e,,,,,
2026-09-12T10:26:09-05:00,PUR_IED_Tenerife_SIngles_7cc277,PUR_IED_Tenerife_SIngles_7cc277,,,,,
2026-09-12T10:26:09-05:00,PUR_IED_Tibabuyes_Exter_f2683d,PUR_IED_Tibabuyes_Exter_f2683d,,,,,
2026-09-12T10:26:09-05:00,PUR_IED_Tibabuyes_S10_dc87a8,PUR_IED_Tibabuyes_S10_dc87a8,,,,,
2026-09-12T10:26:09-05:00,PUR_IED_Tibabuyes_S15_dc0526,PUR_IED_Tibabuyes_S15_dc0526,,,,,
2026-09-12T10:26:09-05:00,PUR_IED_UnionE_S301_a1043,PUR_IED_UnionE_S301_a1043,,,,,
2026-09-12T10:26:09-05:00,PUR_IED_UnionE_S307_ff6c2f,PUR_IED_UnionE_S307_ff6c2f,,,,,
2026-09-12T10:26:09-05:00,PUR_IED_UnionE__Ext_5e2468,PUR_IED_UnionE__Ext_5e2468,,,,,
2026-09-12T10:26:09-05:00,PUR_IED_VillaRica_Ext_75be7c,PUR_IED_VillaRica_Ext_75be7c,,,,,
2026-09-12T10:26:09-05:00,PUR_IED_VillaRica_S4_cc5dcd,PUR_IED_VillaRica_S4_cc5dcd,,,,,
2026-09-12T10:26:09-05:00,PUR_IED_VillaRica_Sesp_99f5c,PUR_IED_VillaRica_Sesp_99f5c,,,,,
2026-09-12T10:31:07-05:00,PUR_IED_20deJulio_1101_91b1b9,PUR_IED_20deJulio_1101_91b1b9,,,,,
2026-09-12T10:31:07-05:00,PUR_IED_20deJulio_1102_1cfcf9,PUR_IED_20deJulio_1102_1cfcf9,,,,,
2026-09-12T10:31:07-05:00,PUR_IED_20deJulio_Ext_ab60bd,PUR_IED_20deJulio_Ext_ab60bd,,,,,
2026-09-12T10:31:07-05:00,PUR_IED_AgustinFer_Ext_7b9b77,PUR_IED_AgustinFer_Ext_7b9b77,,,,,
2026-09-12T10:31:07-05:00,PUR_IED_AgustinFer_Info2_27b3a7,PUR_IED_AgustinFer_Info2_27b3a7,,,,,
2026-09-12T10:31:07-05:00,PUR_IED_AgustinFer_Sena_54b4eb,PUR_IED_AgustinFer_Sena_54b4eb,,,,,
2026-09-12T10:31:07-05:00,PUR_IED_AlexanderF_1102_caf07b,PUR_IED_AlexanderF_1102_caf07b,,,,,
2026-09-12T10:31:07-05:00,PUR_IED_AlexanderF_1103_c79e71,PUR_IED_AlexanderF_1103_c79e71,,,,,
2026-09-12T10:31:07-05:00,PUR_IED_AlexanderF_Ext_c5b18b,PUR_IED_AlexanderF_Ext_c5b18b,,,,,
2026-09-12T10:31:07-05:00,PUR_IED_AlfonsoLopez_Ext_281d77,PUR_IED_AlfonsoLopez_Ext_281d77,,,,,
2026-09-12T10:31:07-05:00,PUR_IED_AlfonsoLopez_LabF_888ce0,PUR_IED_AlfonsoLopez_LabF_888ce0,,,,,
2026-09-12T10:31:07-05:00,PUR_IED_AlfonsoLopez_SMed_df6a7f,PUR_IED_AlfonsoLopez_SMed_df6a7f,,,,,
2026-09-12T10:31:07-05:00,PUR_IED_AltamiraSO_A2_209f92,PUR_IED_AltamiraSO_A2_209f92,,,,,
2026-09-12T10:31:07-05:00,PUR_IED_AltamiraSO_Ext_186d66,PUR_IED_AltamiraSO_Ext_186d66,,,,,
2026-09-12T10:31:07-05:00,PUR_IED_AltamiraSO_Sistem_27afe1,PUR_IED_AltamiraSO_Sistem_27afe1,,,,,
2026-09-12T10:31:07-05:00,PUR_IED_AlvaroGom_LabQuim_813179,PUR_IED_AlvaroGom_LabQuim_813179,,,,,
2026-09-12T10:31:07-05:00,PUR_IED_AlvaroGomez_Ext_47c7ca,PUR_IED_AlvaroGomez_Ext_47c7ca,,,,,
2026-09-12T10:31:07-05:00,PUR_IED_AlvaroGomez_LabQuim_813179,PUR_IED_AlvaroGomez_LabQuim_813179,,,,,
2026-09-12T10:31:07-05:00,PUR_IED_AlvaroGomez_S23_7ba89f,PUR_IED_AlvaroGomez_S23_7ba89f,,,,,
2026-09-12T10:31:07-05:00,PUR_IED_Amistad_306_dc8728,PUR_IED_Amistad_306_dc8728,,,,,
2026-09-12T10:31:07-05:00,PUR_IED_Amistad_Ext_8cd55e,PUR_IED_Amistad_Ext_8cd55e,,,,,
2026-09-12T10:31:07-05:00,PUR_IED_Amistad_S202_a41169,PUR_IED_Amistad_S202_a41169,,,,,
2026-09-12T10:31:07-05:00,PUR_IED_AndresBello_Bio_fd5f5e,PUR_IED_AndresBello_Bio_fd5f5e,,,,,
2026-09-12T10:31:07-05:00,PUR_IED_AndresBello_ext_dcad65,PUR_IED_AndresBello_ext_dcad65,,,,,
2026-09-12T10:31:07-05:00,PUR_IED_AndresBello_port_eed3ec,PUR_IED_AndresBello_port_eed3ec,,,,,
2026-09-12T10:31:07-05:00,PUR_IED_AngelaR_11b_d90a6b,PUR_IED_AngelaR_11b_d90a6b,,,,,
2026-09-12T10:31:07-05:00,PUR_IED_AngelaR_ext_7cad3e,PUR_IED_AngelaR_ext_7cad3e,,,,,
2026-09-12T10:31:07-05:00,PUR_IED_AntJoseSucre_10mo_df2575,PUR_IED_AntJoseSucre_10mo_df2575,,,,,
2026-09-12T10:31:07-05:00,PUR_IED_AntJoseSucre_Ext_215b36,PUR_IED_AntJoseSucre_Ext_215b36,,,,,
2026-09-12T10:31:07-05:00,PUR_IED_AntJoseSucre_Lab_3139de,PUR_IED_AntJoseSucre_Lab_3139de,,,,,
2026-09-12T10:31:07-05:00,PUR_IED_AntonioGarcia_301_d6b188,PUR_IED_AntonioGarcia_301_d6b188,,,,,
2026-09-12T10:31:07-05:00,PUR_IED_AntonioGarcia_302_88a82,PUR_IED_AntonioGarcia_302_88a82,,,,,
2026-09-12T10:31:07-05:00,PUR_IED_AntonioGarcia_Ext_20950c,PUR_IED_AntonioGarcia_Ext_20950c,,,,,
2026-09-12T10:31:07-05:00,PUR_IED_AntonioVan_Aula2_6dea02,PUR_IED_AntonioVan_Aula2_6dea02,,,,,
2026-09-12T10:31:07-05:00,PUR_IED_AntonioVan_Aula5_f1557e,PUR_IED_AntonioVan_Aula5_f1557e,,,,,
2026-09-12T10:31:07-05:00,PUR_IED_AntonioVan_Ext_406f2f,PUR_IED_AntonioVan_Ext_406f2f,,,,,
2026-09-12T10:31:07-05:00,PUR_IED_Atabanzha_Ext_cc5af9,PUR_IED_Atabanzha_Ext_cc5af9,,,,,
2026-09-12T10:31:07-05:00,PUR_IED_Atabanzha_SA101_56c37,PUR_IED_Atabanzha_SA101_56c37,,,,,
2026-09-12T10:31:07-05:00,PUR_IED_Atabanzha_SB302_27b374,PUR_IED_Atabanzha_SB302_27b374,,,,,
2026-09-12T10:31:07-05:00,PUR_IED_Atahualpa_Ext_fc1748,PUR_IED_Atahualpa_Ext_fc1748,,,,,
2026-09-12T10:31:07-05:00,PUR_IED_Atahualpa_Informa_dc9a95,PUR_IED_Atahualpa_Informa_dc9a95,,,,,
2026-09-12T10:31:07-05:00,PUR_IED_Atahualpa_S1101_f98056,PUR_IED_Atahualpa_S1101_f98056,,,,,
2026-09-12T10:31:07-05:00,PUR_IED_Bellavista_Ext_f5aa74,PUR_IED_Bellavista_Ext_f5aa74,,,,,
2026-09-12T10:31:07-05:00,PUR_IED_Bilbao_11A_916c41,PUR_IED_Bilbao_11A_916c41,,,,,
2026-09-12T10:31:07-05:00,PUR_IED_Bilbao_Ext_fb579a,PUR_IED_Bilbao_Ext_fb579a,,,,,
2026-09-12T10:31:07-05:00,PUR_IED_BrasiliaU_A125_304280,PUR_IED_BrasiliaU_A125_304280,,,,,
2026-09-12T10:31:07-05:00,PUR_IED_BrasiliaU_A203_7c8ca5,PUR_IED_BrasiliaU_A203_7c8ca5,,,,,
2026-09-12T10:31:07-05:00,PUR_IED_BrasiliaU_Ext_8d6e9f,PUR_IED_BrasiliaU_Ext_8d6e9f,6,18,62,4.5175,-74.116302
2026-09-12T10:31:07-05:00,PUR_IED_Brasilia_Ext_fe6593,PUR_IED_Brasilia_Ext_fe6593,,,,,
2026-09-12T10:31:07-05:00,PUR_IED_Brasilia_S24_7c130d,PUR_IED_Brasilia_S24_7c130d,,,,,
2026-09-12T10:31:07-05:00,PUR_IED_Brasilia_S501_186a54,PUR_IED_Brasilia_S501_186a54,,,,,
2026-09-12T10:31:07-05:00,PUR_IED_CHARRY_EXT_f1d5cd,PUR_IED_CHARRY_EXT_f1d5cd,,,,,
2026-09-12T10:31:07-05:00,PUR_IED_CHARRY_INTDANZAS_7a08e6,PUR_IED_CHARRY_INTDANZAS_7a08e6,,,,,
2026-09-12T10:31:07-05:00,PUR_IED_CHARRY_INT_AULA20_dc998d,PUR_IED_CHARRY_INT_AULA20_dc998d,,,,,
2026-09-12T10:31:07-05:00,PUR_IED_COLVIV_1101_S25_7f520a,PUR_IED_COLVIV_1101_S25_7f520a,,,,,
2026-09-12T10:31:07-05:00,PUR_IED_COLVIV_1102_S16_f570ba,PUR_IED_COLVIV_1102_S16_f570ba,,,,,
2026-09-12T10:31:07-05:00,PUR_IED_COLVIV_Ext_1a26fa,PUR_IED_COLVIV_Ext_1a26fa,,,,,
2026-09-12T10:31:07-05:00,PUR_IED_CULPOP_301A_f660f3,PUR_IED_CULPOP_301A_f660f3,,,,,
2026-09-12T10:31:07-05:00,PUR_IED_CULPOP_303_568afe,PUR_IED_CULPOP_303_568afe,,,,,
2026-09-12T10:31:07-05:00,PUR_IED_CULPOP_Ext_e02ccb,PUR_IED_CULPOP_Ext_e02ccb,,,,,
2026-09-12T10:31:07-05:00,PUR_IED_CVillavicen_Ext_26eb58,PUR_IED_CVillavicen_Ext_26eb58,6,16,78,4.487,-74.102798
2026-09-12T10:31:07-05:00,PUR_IED_CVillavicen_Intel_1ce5c2,PUR_IED_CVillavicen_Intel_1ce5c2,,,,,
2026-09-12T10:31:07-05:00,PUR_IED_CVillavicen_Poliv_e0766c,PUR_IED_CVillavicen_Poliv_e0766c,,,,,
2026-09-12T10:31:07-05:00,PUR_IED_CVillavicen_int_1ba140,PUR_IED_CVillavicen_int_1ba140,,,,,
2026-09-12T10:31:07-05:00,PUR_IED_CVillavicen_intel_1ba140,PUR_IED_CVillavicen_intel_1ba140,,,,,
2026-09-12T10:31:07-05:00,PUR_IED_CarlosPizarro_Ext_e307cc,PUR_IED_CarlosPizarro_Ext_e307cc,,,,,
2026-09-12T10:31:07-05:00,PUR_IED_CarlosPizarro_L36_7e5cdb,PUR_IED_CarlosPizarro_L36_7e5cdb,,,,,
2026-09-12T10:31:07-05:00,PUR_IED_CarlosPizarro_L37_c8566c,PUR_IED_CarlosPizarro_L37_c8566c,,,,,
2026-09-12T10:31:07-05:00,PUR_IED_Castilla_Ext_cf35f,PUR_IED_Castilla_Ext_cf35f,,,,,
2026-09-12T10:31:07-05:00,PUR_IED_Castilla_SFisik_360e38,PUR_IED_Castilla_SFisik_360e38,,,,,
2026-09-12T10:31:07-05:00,PUR_IED_Castilla_Sc304_496fbf,PUR_IED_Castilla_Sc304_496fbf,,,,,
2026-09-12T10:31:07-05:00,PUR_IED_CervantesSa_Ext_6b57b,PUR_IED_CervantesSa_Ext_6b57b,5,19,66,4.5128,-74.117203
2026-09-12T10:31:07-05:00,PUR_IED_CervantesSa_S107_225c2b,PUR_IED_CervantesSa_S107_225c2b,,,,,
2026-09-12T10:31:07-05:00,PUR_IED_CervantesSa_S108_940925,PUR_IED_CervantesSa_S108_940925,,,,,
2026-09-12T10:31:07-05:00,PUR_IED_Charry_A20_f53e7c,PUR_IED_Charry_A20_f53e7c,,,,,
2026-09-12T10:31:07-05:00,PUR_IED_Charry_Ext_f1d5cd,PUR_IED_Charry_Ext_f1d5cd,,,,,
2026-09-12T10:31:07-05:00,PUR_IED_Charry_IntAula20_dc998d,PUR_IED_Charry_IntAula20_dc998d,,,,,
2026-09-12T10:31:07-05:00,PUR_IED_Charry_IntDanzas_7a08e6,PUR_IED_Charry_IntDanzas_7a08e6,,,,,
2026-09-12T10:31:07-05:00,PUR_IED_ClememciaC_203_43e2fc,PUR_IED_ClememciaC_203_43e2fc,,,,,
2026-09-12T10:31:07-05:00,PUR_IED_ClememciaC_Ext_1b411a,PUR_IED_ClememciaC_Ext_1b411a,,,,,
2026-09-12T10:31:07-05:00,PUR_IED_ClememciaC_Quimic_44b5fc,PUR_IED_ClememciaC_Quimic_44b5fc,,,,,
2026-09-12T10:31:07-05:00,PUR_IED_ClemenciaC_203_43e2fc,PUR_IED_ClemenciaC_203_43e2fc,,,,,
2026-09-12T10:31:07-05:00,PUR_IED_ClemenciaC_Ext_1b411a,PUR_IED_ClemenciaC_Ext_1b411a,,,,,
2026-09-12T10:31:07-05:00,PUR_IED_ClemenciaC_Quimic_44b5fc,PUR_IED_ClemenciaC_Quimic_44b5fc,,,,,
2026-09-12T10:31:07-05:00,PUR_IED_ColViva_1101_S25_7f520a,PUR_IED_ColViva_1101_S25_7f520a,,,,,
2026-09-12T10:31:07-05:00,PUR_IED_ColViva_1102_S16_f570ba,PUR_IED_ColViva_1102_S16_f570ba,,,,,
2026-09-12T10:31:07-05:00,PUR_IED_ColViva_Ext_1a26fa,PUR_IED_ColViva_Ext_1a26fa,,,,,
2026-09-12T10:31:07-05:00,PUR_IED_ColegioBici_Asist_7c8798,PUR_IED_ColegioBici_Asist_7c8798,,,,,
2026-09-12T10:31:07-05:00,PUR_IED_ColegioBici_Ext_25cbf6,PUR_IED_ColegioBici_Ext_25cbf6,,,,,
2026-09-12T10:31:07-05:00,PUR_IED_ColegioBici_LabQ_7b57db,PUR_IED_ColegioBici_LabQ_7b57db,,,,,
2026-09-12T10:31:07-05:00,PUR_IED_CostaRica_Ext_5e640,PUR_IED_CostaRica_Ext_5e640,,,,,
2026-09-12T10:31:07-05:00,PUR_IED_CostaRica_Quim1_766d1c,PUR_IED_CostaRica_Quim1_766d1c,,,,,
2026-09-12T10:31:07-05:00,PUR_IED_CostaRica__Fisica_6f0873,PUR_IED_CostaRica__Fisica_6f0873,,,,,
2026-09-12T10:31:07-05:00,PUR_IED_CulPopu_301A_f660f3,PUR_IED_CulPopu_301A_f660f3,,,,,
2026-09-12T10:31:07-05:00,PUR_IED_CulPopu_303_568afe,PUR_IED_CulPopu_303_568afe,,,,,
2026-09-12T10:31:07-05:00,PUR_IED_CulPopu_Ext_e02ccb,PUR_IED_CulPopu_Ext_e02ccb,,,,,
2026-09-12T10:31:07-05:00,PUR_IED_Cundinamarca_Ext_f15985,PUR_IED_Cundinamarca_Ext_f15985,,,,,
2026-09-12T10:31:07-05:00,PUR_IED_Cundinamarca_Info_7aa5d7,PUR_IED_Cundinamarca_Info_7aa5d7,,,,,
2026-09-12T10:31:07-05:00,PUR_IED_Cundinamarca_Tec2_f449c7,PUR_IED_Cundinamarca_Tec2_f449c7,,,,,
2026-09-12T10:31:07-05:00,PUR_IED_DiegoM_Aula1_27b314,PUR_IED_DiegoM_Aula1_27b314,,,,,
2026-09-12T10:31:07-05:00,PUR_IED_DiegoM_Ext_d80ac8,PUR_IED_DiegoM_Ext_d80ac8,,,,,
2026-09-12T10:31:07-05:00,PUR_IED_DiegoM_S25_da928f,PUR_IED_DiegoM_S25_da928f,,,,,
2026-09-12T10:31:07-05:00,PUR_IED_ELRODEO_360881,PUR_IED_ELRODEO_360881,,,,,
2026-09-12T10:31:07-05:00,PUR_IED_ELRODEO_ext_360881,PUR_IED_ELRODEO_ext_360881,,,,,
2026-09-12T10:31:07-05:00,PUR_IED_EduardoU_Ext_1c1969,PUR_IED_EduardoU_Ext_1c1969,,,,,
2026-09-12T10:31:07-05:00,PUR_IED_EduardoU_SCiencia_4dfb94,PUR_IED_EduardoU_SCiencia_4dfb94,,,,,
2026-09-12T10:31:07-05:00,PUR_IED_EduardoU_SQuimica_5a46e7,PUR_IED_EduardoU_SQuimica_5a46e7,,,,,
2026-09-12T10:31:07-05:00,PUR_IED_ElRodeo_Aula14_676984,PUR_IED_ElRodeo_Aula14_676984,,,,,
2026-09-12T10:31:07-05:00,PUR_IED_ElRodeo_Aula16_2dd35b,PUR_IED_ElRodeo_Aula16_2dd35b,,,,,
2026-09-12T10:31:07-05:00,PUR_IED_ElRodeo_Ext_360881,PUR_IED_ElRodeo_Ext_360881,,,,,
2026-09-12T10:31:07-05:00,PUR_IED_ElRodeo_Exterior_8c6d28,PUR_IED_ElRodeo_Exterior_8c6d28,,,,,
2026-09-12T10:31:07-05:00,PUR_IED_ElRodeo_ext_360881,PUR_IED_ElRodeo_ext_360881,,,,,
2026-09-12T10:31:07-05:00,PUR_IED_EmmaReyes_Ext_987625,PUR_IED_EmmaReyes_Ext_987625,3,21,49,4.6367,-74.1511
2026-09-12T10:31:07-05:00,PUR_IED_Ensueño_Ext_7f0250,PUR_IED_Ensueño_Ext_7f0250,,,,,
2026-09-12T10:31:07-05:00,PUR_IED_EscNormal_Ext_5fef3b,PUR_IED_EscNormal_Ext_5fef3b,2,21,56,4.5852,-74.096901
2026-09-12T10:31:07-05:00,PUR_IED_EscNormal_S309_5b263,PUR_IED_EscNormal_S309_5b263,,,,,
2026-09-12T10:31:07-05:00,PUR_IED_EscNormal_S310_27b3b8,PUR_IED_EscNormal_S310_27b3b8,,,,,
2026-09-12T10:31:07-05:00,PUR_IED_Evangelista_Conta_f6cd4f,PUR_IED_Evangelista_Conta_f6cd4f,,,,,
2026-09-12T10:31:07-05:00,PUR_IED_Evangelista_Cri_5e16a,PUR_IED_Evangelista_Cri_5e16a,,,,,
2026-09-12T10:31:07-05:00,PUR_IED_Evangelista_Exter_754066,PUR_IED_Evangelista_Exter_754066,,,,,
2026-09-12T10:31:07-05:00,PUR_IED_FMiranda_S209_5cc2a3,PUR_IED_FMiranda_S209_5cc2a3,,,,,
2026-09-12T10:31:07-05:00,PUR_IED_FMiranda_S303_19e344,PUR_IED_FMiranda_S303_19e344,,,,,
2026-09-12T10:31:07-05:00,PUR_IED_FMiranda_ext_f53e7c,PUR_IED_FMiranda_ext_f53e7c,,,,,
2026-09-12T10:31:07-05:00,PUR_IED_FabioLozano_Bibli_1cee05,PUR_IED_FabioLozano_Bibli_1cee05,,,,,
2026-09-12T10:31:07-05:00,PUR_IED_FabioLozano_Ext_6ea285,PUR_IED_FabioLozano_Ext_6ea285,,,,,
2026-09-12T10:31:07-05:00,PUR_IED_FabioLozano_SLudi_f09e1e,PUR_IED_FabioLozano_SLudi_f09e1e,,,,,
2026-09-12T10:31:07-05:00,PUR_IED_FaustinoS_Aula07_27a731,PUR_IED_FaustinoS_Aula07_27a731,,,,,
2026-09-12T10:31:07-05:00,PUR_IED_FaustinoS_Ext_7b936f,PUR_IED_FaustinoS_Ext_7b936f,,,,,
2026-09-12T10:31:07-05:00,PUR_IED_FaustinoS_Fisica_da2c60,PUR_IED_FaustinoS_Fisica_da2c60,,,,,
2026-09-12T10:31:07-05:00,PUR_IED_FeGarciaLo_Ext_dc68ee,PUR_IED_FeGarciaLo_Ext_dc68ee,,,,,
2026-09-12T10:31:07-05:00,PUR_IED_FeGarciaLo_SDanza_f70a59,PUR_IED_FeGarciaLo_SDanza_f70a59,,,,,
2026-09-12T10:31:07-05:00,PUR_IED_FeGarciaLo_SMusic_125cdd,PUR_IED_FeGarciaLo_SMusic_125cdd,,,,,
2026-09-12T10:31:07-05:00,PUR_IED_FederalAlema_Exte_50c345,PUR_IED_FederalAlema_Exte_50c345,,,,,
2026-09-12T10:31:07-05:00,PUR_IED_FederalAlema_S31_f18371,PUR_IED_FederalAlema_S31_f18371,,,,,
2026-09-12T10:31:07-05:00,PUR_IED_FederalAlema_S901_a62cd,PUR_IED_FederalAlema_S901_a62cd,,,,,
2026-09-12T10:31:07-05:00,PUR_IED_FilarmonicaS_A5_f35eb1,PUR_IED_FilarmonicaS_A5_f35eb1,,,,,
2026-09-12T10:31:07-05:00,PUR_IED_FilarmonicaS_Ext_8a3bde,PUR_IED_FilarmonicaS_Ext_8a3bde,,,,,
2026-09-12T10:31:07-05:00,PUR_IED_FilarmonicaS_Spol_406114,PUR_IED_FilarmonicaS_Spol_406114,,,,,
2026-09-12T10:31:07-05:00,PUR_IED_FlorentinoG_A13_d1fa59,PUR_IED_FlorentinoG_A13_d1fa59,,,,,
2026-09-12T10:31:07-05:00,PUR_IED_FlorentinoG_Ext_1ce6ce,PUR_IED_FlorentinoG_Ext_1ce6ce,,,,,
2026-09-12T10:31:07-05:00,PUR_IED_FlorentinoG_Idiom_a66aac,PUR_IED_FlorentinoG_Idiom_a66aac,,,,,
2026-09-12T10:31:07-05:00,PUR_IED_FranciscoMati_Ext_e3869d,PUR_IED_FranciscoMati_Ext_e3869d,,,,,
2026-09-12T10:31:07-05:00,PUR_IED_FranciscoMati_S13_f31c67,PUR_IED_FranciscoMati_S13_f31c67,,,,,
2026-09-12T10:31:07-05:00,PUR_IED_FranciscoMati_S14_97dead,PUR_IED_FranciscoMati_S14_97dead,,,,,
2026-09-12T10:31:07-05:00,PUR_IED_FranciscoPS_Ext_7bfa9a,PUR_IED_FranciscoPS_Ext_7bfa9a,2,23,52,4.5899,-74.110397
2026-09-12T10:31:07-05:00,PUR_IED_FranciscoPS_Infor_fb8f4c,PUR_IED_FranciscoPS_Infor_fb8f4c,,,,,
2026-09-12T10:31:07-05:00,PUR_IED_FranciscoPS_Quimi_94d39c,PUR_IED_FranciscoPS_Quimi_94d39c,,,,,
2026-09-12T10:31:07-05:00,PUR_IED_FranciscoP_LabQ_d7e148,PUR_IED_FranciscoP_LabQ_d7e148,,,,,
2026-09-12T10:31:07-05:00,PUR_IED_FranciscoP_S28_cf9b30,PUR_IED_FranciscoP_S28_cf9b30,,,,,
2026-09-12T10:31:07-05:00,PUR_IED_FranciscoP_ext_e2313,PUR_IED_FranciscoP_ext_e2313,,,,,
2026-09-12T10:31:07-05:00,PUR_IED_FriederichN_Ext_8ac92a,PUR_IED_FriederichN_Ext_8ac92a,,,,,
2026-09-12T10:31:07-05:00,PUR_IED_FriederichN_S301_dd7e5a,PUR_IED_FriederichN_S301_dd7e5a,,,,,
2026-09-12T10:31:07-05:00,PUR_IED_FriederichN_S308_761f4f,PUR_IED_FriederichN_S308_761f4f,,,,,
2026-09-12T10:31:07-05:00,PUR_IED_GSantander_Aula10_533dd7,PUR_IED_GSantander_Aula10_533dd7,,,,,
2026-09-12T10:31:07-05:00,PUR_IED_GSantander_Aula12_fd4e4f,PUR_IED_GSantander_Aula12_fd4e4f,,,,,
2026-09-12T10:31:07-05:00,PUR_IED_GSantander_Aula310_533dd7,PUR_IED_GSantander_Aula310_533dd7,,,,,
2026-09-12T10:31:07-05:00,PUR_IED_GSantander_Aula312_fd4e4f,PUR_IED_GSantander_Aula312_fd4e4f,,,,,
2026-09-12T10:31:07-05:00,PUR_IED_GSantander_Ext_5f66b0,PUR_IED_GSantander_Ext_5f66b0,,,,,
2026-09-12T10:31:07-05:00,PUR_IED_GYomasa_Ext_f6bea5,PUR_IED_GYomasa_Ext_f6bea5,,,,,
2026-09-12T10:31:07-05:00,PUR_IED_GYomasa_LBiol_2c41aa,PUR_IED_GYomasa_LBiol_2c41aa,,,,,
2026-09-12T10:31:07-05:00,PUR_IED_GYomasa_LQuim_33c80,PUR_IED_GYomasa_LQuim_33c80,,,,,
2026-09-12T10:31:07-05:00,PUR_IED_GabBetMejia_Cienc_5a99c,PUR_IED_GabBetMejia_Cienc_5a99c,,,,,
2026-09-12T10:31:07-05:00,PUR_IED_GabBetMejia_Ext_9153d0,PUR_IED_GabBetMejia_Ext_9153d0,,,,,
2026-09-12T10:31:07-05:00,PUR_IED_GabBetMejia_Lab_f55347,PUR_IED_GabBetMejia_Lab_f55347,,,,,
2026-09-12T10:31:07-05:00,PUR_IED_GabBetanMejia_Ext_9153d0,PUR_IED_GabBetanMejia_Ext_9153d0,,,,,
2026-09-12T10:31:07-05:00,PUR_IED_Gaitana_Aula13_7aac11,PUR_IED_Gaitana_Aula13_7aac11,,,,,
2026-09-12T10:31:07-05:00,PUR_IED_Gaitana_Ext_5fcf4,PUR_IED_Gaitana_Ext_5fcf4,,,,,
2026-09-12T10:31:07-05:00,PUR_IED_Gaitana_LabFisica_644448,PUR_IED_Gaitana_LabFisica_644448,,,,,
2026-09-12T10:31:07-05:00,PUR_IED_GenSantander_Dise_8ac858,PUR_IED_GenSantander_Dise_8ac858,,,,,
2026-09-12T10:31:07-05:00,PUR_IED_GenSantander_Ext_8d5dfe,PUR_IED_GenSantander_Ext_8d5dfe,,,,,
2026-09-12T10:31:07-05:00,PUR_IED_GenSantander_Info_6c25b,PUR_IED_GenSantander_Info_6c25b,,,,,
2026-09-12T10:31:07-05:00,PUR_IED_GustavoMo_Exterio_75e63d,PUR_IED_GustavoMo_Exterio_75e63d,,,,,
2026-09-12T10:31:07-05:00,PUR_IED_GustavoMo_LabFisi_224d37,PUR_IED_GustavoMo_LabFisi_224d37,,,,,
2026-09-12T10:31:07-05:00,PUR_IED_GustavoMo_S208_3e6918,PUR_IED_GustavoMo_S208_3e6918,,,,,
2026-09-12T10:31:07-05:00,PUR_IED_GustavoR_A02_8cd4a8,PUR_IED_GustavoR_A02_8cd4a8,,,,,
2026-09-12T10:31:07-05:00,PUR_IED_GustavoR_B11_5b0ed,PUR_IED_GustavoR_B11_5b0ed,,,,,
2026-09-12T10:31:07-05:00,PUR_IED_GustavoR_Ext_7a0c90,PUR_IED_GustavoR_Ext_7a0c90,,,,,
2026-09-12T10:31:07-05:00,PUR_IED_HernandoDuran_Ext_8cd82b,PUR_IED_HernandoDuran_Ext_8cd82b,,,,,
2026-09-12T10:31:07-05:00,PUR_IED_HernandoDuran_S24_2772c6,PUR_IED_HernandoDuran_S24_2772c6,,,,,
2026-09-12T10:31:07-05:00,PUR_IED_HernandoDuran_S30_f2de41,PUR_IED_HernandoDuran_S30_f2de41,,,,,
2026-09-12T10:31:07-05:00,PUR_IED_HolguInUr_S1101_8cd732,PUR_IED_HolguInUr_S1101_8cd732,,,,,
2026-09-12T10:31:07-05:00,PUR_IED_HolguinUr_Exter_ddae6d,PUR_IED_HolguinUr_Exter_ddae6d,,,,,
2026-09-12T10:31:07-05:00,PUR_IED_HolguinUr_LabQuim_92b952,PUR_IED_HolguinUr_LabQuim_92b952,,,,,
2026-09-12T10:31:07-05:00,PUR_IED_Isabel-II_Ext_5245cc,PUR_IED_Isabel-II_Ext_5245cc,2,20,54,4.6336,-74.153
2026-09-12T10:31:07-05:00,PUR_IED_Isabel-II_S_idiom_1c29aa,PUR_IED_Isabel-II_S_idiom_1c29aa,,,,,
2026-09-12T10:31:07-05:00,PUR_IED_Isabel-II_S_infor_fd741,PUR_IED_Isabel-II_S_infor_fd741,,,,,
2026-09-12T10:31:07-05:00,PUR_IED_IsidroSur_Exterio_5b90ea,PUR_IED_IsidroSur_Exterio_5b90ea,,,,,
2026-09-12T10:31:07-05:00,PUR_IED_IsidroSur_LabTec_56697a,PUR_IED_IsidroSur_LabTec_56697a,,,,,
2026-09-12T10:31:07-05:00,PUR_IED_IsidroSur_Robotic_b7c38f,PUR_IED_IsidroSur_Robotic_b7c38f,,,,,
2026-09-12T10:31:07-05:00,PUR_IED_IsmaelPerd_Ext_7b6672,PUR_IED_IsmaelPerd_Ext_7b6672,,,,,
2026-09-12T10:31:07-05:00,PUR_IED_IsmaelPerd_Inform_306540,PUR_IED_IsmaelPerd_Inform_306540,,,,,
2026-09-12T10:31:07-05:00,PUR_IED_IsmaelPerd_S30_2e2c83,PUR_IED_IsmaelPerd_S30_2e2c83,,,,,
2026-09-12T10:31:07-05:00,PUR_IED_JLozano_Exter_432910,PUR_IED_JLozano_Exter_432910,,,,,
2026-09-12T10:31:07-05:00,PUR_IED_JLozano_salaMulti_df5125,PUR_IED_JLozano_salaMulti_df5125,,,,,
2026-09-12T10:31:07-05:00,PUR_IED_JMCordoba_206_86f80b,PUR_IED_JMCordoba_206_86f80b,,,,,
2026-09-12T10:31:07-05:00,PUR_IED_JMCordoba_Ext_27ad97,PUR_IED_JMCordoba_Ext_27ad97,,,,,
2026-09-12T10:31:07-05:00,PUR_IED_JMCordoba_S310_d59ab4,PUR_IED_JMCordoba_S310_d59ab4,,,,,
2026-09-12T10:31:07-05:00,PUR_IED_Japon_Ext_549100,PUR_IED_Japon_Ext_549100,,,,,
2026-09-12T10:31:07-05:00,PUR_IED_Japon_Laboratorio_bec51d,PUR_IED_Japon_Laboratorio_bec51d,,,,,
2026-09-12T10:31:07-05:00,PUR_IED_Japon_informatica_d99327,PUR_IED_Japon_informatica_d99327,,,,,
2026-09-12T10:31:07-05:00,PUR_IED_Jazmin_Ext_d27bda,PUR_IED_Jazmin_Ext_d27bda,,,,,
2026-09-12T10:31:07-05:00,PUR_IED_Jazmin_Fisica_8d14d7,PUR_IED_Jazmin_Fisica_8d14d7,,,,,
2026-09-12T10:31:07-05:00,PUR_IED_Jazmin_Quimica_801cb5,PUR_IED_Jazmin_Quimica_801cb5,,,,,
2026-09-12T10:31:07-05:00,PUR_IED_JorgeGaitan_Exter_f098d1,PUR_IED_JorgeGaitan_Exter_f098d1,,,,,
2026-09-12T10:31:07-05:00,PUR_IED_JorgeGaitan_STec1_dc9d1d,PUR_IED_JorgeGaitan_STec1_dc9d1d,,,,,
2026-09-12T10:31:07-05:00,PUR_IED_JorgeGaitan_STec2_281e69,PUR_IED_JorgeGaitan_STec2_281e69,,,,,
2026-09-12T10:31:07-05:00,PUR_IED_JorgeSoto_Exterio_d9d0a2,PUR_IED_JorgeSoto_Exterio_d9d0a2,,,,,
2026-09-12T10:31:07-05:00,PUR_IED_JorgeSoto_LabFisi_209c54,PUR_IED_JorgeSoto_LabFisi_209c54,,,,,
2026-09-12T10:31:07-05:00,PUR_IED_JorgeSoto_S103_27b51a,PUR_IED_JorgeSoto_S103_27b51a,,,,,
2026-09-12T10:31:07-05:00,PUR_IED_JoseAcevedo_A02_e965eb,PUR_IED_JoseAcevedo_A02_e965eb,,,,,
2026-09-12T10:31:07-05:00,PUR_IED_JoseAcevedo_A07_dd5b4,PUR_IED_JoseAcevedo_A07_dd5b4,,,,,
2026-09-12T10:31:07-05:00,PUR_IED_JoseAcevedo_Ext_b47484,PUR_IED_JoseAcevedo_Ext_b47484,,,,,
2026-09-12T10:31:07-05:00,PUR_IED_JoseMarti_Exte_5b9bf,PUR_IED_JoseMarti_Exte_5b9bf,,,,,
2026-09-12T10:31:07-05:00,PUR_IED_JoseMarti_LabQuim_1c6c2d,PUR_IED_JoseMarti_LabQuim_1c6c2d,,,,,
2026-09-12T10:31:07-05:00,PUR_IED_JoseMarti_S_info_f5f177,PUR_IED_JoseMarti_S_info_f5f177,,,,,
2026-09-12T10:31:07-05:00,PUR_IED_Josejoaquin_Ext_dfc5dc,PUR_IED_Josejoaquin_Ext_dfc5dc,,,,,
2026-09-12T10:31:07-05:00,PUR_IED_Josejoaquin_S05_5b2a96,PUR_IED_Josejoaquin_S05_5b2a96,,,,,
2026-09-12T10:31:07-05:00,PUR_IED_Josejoaquin_S06_1ce7d2,PUR_IED_Josejoaquin_S06_1ce7d2,,,,,
2026-09-12T10:31:07-05:00,PUR_IED_JulioFlorez_Danza_9b82dd,PUR_IED_JulioFlorez_Danza_9b82dd,,,,,
2026-09-12T10:31:07-05:00,PUR_IED_JulioFlorez_Exter_f9f314,PUR_IED_JulioFlorez_Exter_f9f314,,,,,
2026-09-12T10:31:07-05:00,PUR_IED_JulioFlorez_info2_6b6e08,PUR_IED_JulioFlorez_info2_6b6e08,,,,,
2026-09-12T10:31:07-05:00,PUR_IED_LaBelleza_Aula13_1d00d8,PUR_IED_LaBelleza_Aula13_1d00d8,,,,,
2026-09-12T10:31:07-05:00,PUR_IED_LaBelleza_Ext_7bc08c,PUR_IED_LaBelleza_Ext_7bc08c,,,,,
2026-09-12T10:31:07-05:00,PUR_IED_LaChucua_Ext_8cd6d2,PUR_IED_LaChucua_Ext_8cd6d2,,,,,
2026-09-12T10:31:07-05:00,PUR_IED_LaChucua_S15_f578ce,PUR_IED_LaChucua_S15_f578ce,,,,,
2026-09-12T10:31:07-05:00,PUR_IED_LaChucua_S16_eebcf9,PUR_IED_LaChucua_S16_eebcf9,,,,,
2026-09-12T10:31:07-05:00,PUR_IED_LaFelicidad_Ext_fb5109,PUR_IED_LaFelicidad_Ext_fb5109,,,,,
2026-09-12T10:31:07-05:00,PUR_IED_LaMerced_206_66ebd,PUR_IED_LaMerced_206_66ebd,,,,,
2026-09-12T10:31:07-05:00,PUR_IED_LaMerced_207_6ebd6,PUR_IED_LaMerced_207_6ebd6,,,,,
2026-09-12T10:31:07-05:00,PUR_IED_LaMerced_ext_304311,PUR_IED_LaMerced_ext_304311,,,,,
2026-09-12T10:31:07-05:00,PUR_IED_Laureano_CiencNat_281e5e,PUR_IED_Laureano_CiencNat_281e5e,,,,,
2026-09-12T10:31:07-05:00,PUR_IED_Laureano_Comedor_f65c0a,PUR_IED_Laureano_Comedor_f65c0a,,,,,
2026-09-12T10:31:07-05:00,PUR_IED_Laureano_Exterior_7ab011,PUR_IED_Laureano_Exterior_7ab011,,,,,
2026-09-12T10:31:07-05:00,PUR_IED_LeonGreiff_Exte_dfe560,PUR_IED_LeonGreiff_Exte_dfe560,,,,,
2026-09-12T10:31:07-05:00,PUR_IED_LeonGreiff_S210_f264ed,PUR_IED_LeonGreiff_S210_f264ed,,,,,
2026-09-12T10:31:07-05:00,PUR_IED_LeonGreiff_SQuimi_e8296f,PUR_IED_LeonGreiff_SQuimi_e8296f,,,,,
2026-09-12T10:31:07-05:00,PUR_IED_LlanoOrientalS208_7b9fcd,PUR_IED_LlanoOrientalS208_7b9fcd,,,,,
2026-09-12T10:31:07-05:00,PUR_IED_LlanoOriental_Ext_fb3766,PUR_IED_LlanoOriental_Ext_fb3766,,,,,
2026-09-12T10:31:07-05:00,PUR_IED_LlanoOriental_S208_7b9fcd,PUR_IED_LlanoOriental_S208_7b9fcd,,,,,
2026-09-12T10:31:07-05:00,PUR_IED_LlanoOriental_S9_27b378,PUR_IED_LlanoOriental_S9_27b378,,,,,
2026-09-12T10:31:07-05:00,PUR_IED_LosTejares_1101_477602,PUR_IED_LosTejares_1101_477602,,,,,
2026-09-12T10:31:07-05:00,PUR_IED_LosTejares_11_d2c595,PUR_IED_LosTejares_11_d2c595,,,,,
2026-09-12T10:31:07-05:00,PUR_IED_LosTejares_12_477602,PUR_IED_LosTejares_12_477602,,,,,
2026-09-12T10:31:07-05:00,PUR_IED_LosTejares_Ext_8e2115,PUR_IED_LosTejares_Ext_8e2115,,,,,
2026-09-12T10:31:07-05:00,PUR_IED_MagdalenaO_B202_5ddda3,PUR_IED_MagdalenaO_B202_5ddda3,,,,,
2026-09-12T10:31:07-05:00,PUR_IED_MagdalenaO_B205_fb76e8,PUR_IED_MagdalenaO_B205_fb76e8,,,,,
2026-09-12T10:31:07-05:00,PUR_IED_MagdalenaO_ext_dc69cd,PUR_IED_MagdalenaO_ext_dc69cd,,,,,
2026-09-12T10:31:07-05:00,PUR_IED_ManueCepeda_artes_eee956,PUR_IED_ManueCepeda_artes_eee956,,,,,
2026-09-12T10:31:07-05:00,PUR_IED_ManuelCepeda_Ext_58313,PUR_IED_ManuelCepeda_Ext_58313,,,,,
2026-09-12T10:31:07-05:00,PUR_IED_ManuelCepeda_tec_1c5731,PUR_IED_ManuelCepeda_tec_1c5731,,,,,
2026-09-12T10:31:07-05:00,PUR_IED_ManuelS_Exterior_5b269,PUR_IED_ManuelS_Exterior_5b269,,,,,
2026-09-12T10:31:07-05:00,PUR_IED_ManuelS_Inform_f369ce,PUR_IED_ManuelS_Inform_f369ce,,,,,
2026-09-12T10:31:07-05:00,PUR_IED_ManuelS_SArtes_7d15f1,PUR_IED_ManuelS_SArtes_7d15f1,,,,,
2026-09-12T10:31:07-05:00,PUR_IED_ManuelZapata_303_3ca6,PUR_IED_ManuelZapata_303_3ca6,,,,,
2026-09-12T10:31:07-05:00,PUR_IED_ManuelZapata_311_bfbabc,PUR_IED_ManuelZapata_311_bfbabc,,,,,
2026-09-12T10:31:07-05:00,PUR_IED_ManuelZapata_Ext_50824a,PUR_IED_ManuelZapata_Ext_50824a,,,,,
2026-09-12T10:31:07-05:00,PUR_IED_ManuelitaS_Exteri_656a92,PUR_IED_ManuelitaS_Exteri_656a92,,,,,
2026-09-12T10:31:07-05:00,PUR_IED_ManuelitaS_JuzgDe_f58ec3,PUR_IED_ManuelitaS_JuzgDe_f58ec3,,,,,
2026-09-12T10:31:07-05:00,PUR_IED_ManuelitaS_Recrea_d793db,PUR_IED_ManuelitaS_Recrea_d793db,,,,,
2026-09-12T10:31:07-05:00,PUR_IED_MarFidSuarez_Ext_c27b19,PUR_IED_MarFidSuarez_Ext_c27b19,,,,,
2026-09-12T10:31:07-05:00,PUR_IED_MarFidSuarez_Info_e384d7,PUR_IED_MarFidSuarez_Info_e384d7,,,,,
2026-09-12T10:31:07-05:00,PUR_IED_MarFidSuarez_S306_1d0032,PUR_IED_MarFidSuarez_S306_1d0032,,,,,
2026-09-12T10:31:07-05:00,PUR_IED_Menorah_301_2a25a3,PUR_IED_Menorah_301_2a25a3,,,,,
2026-09-12T10:31:07-05:00,PUR_IED_Menorah_306_37ed3,PUR_IED_Menorah_306_37ed3,,,,,
2026-09-12T10:31:07-05:00,PUR_IED_Menorah_Ext_3e155b,PUR_IED_Menorah_Ext_3e155b,,,,,
2026-09-12T10:31:07-05:00,PUR_IED_MinutoB.Aires_A11_1b1604,PUR_IED_MinutoB.Aires_A11_1b1604,,,,,
2026-09-12T10:31:07-05:00,PUR_IED_MinutoB.Aires_A12_fb5860,PUR_IED_MinutoB.Aires_A12_fb5860,,,,,
2026-09-12T10:31:07-05:00,PUR_IED_MinutoB.Aires_Ext_81293f,PUR_IED_MinutoB.Aires_Ext_81293f,,,,,
2026-09-12T10:31:07-05:00,PUR_IED_MinutoBAires_A11_1b1604,PUR_IED_MinutoBAires_A11_1b1604,,,,,
2026-09-12T10:31:07-05:00,PUR_IED_MinutoBAires_A12_fb5860,PUR_IED_MinutoBAires_A12_fb5860,,,,,
2026-09-12T10:31:07-05:00,PUR_IED_MinutoBAires_Ext_81293f,PUR_IED_MinutoBAires_Ext_81293f,,,,,
2026-09-12T10:31:07-05:00,PUR_IED_Montreal_Aula10_1e4959,PUR_IED_Montreal_Aula10_1e4959,,,,,
2026-09-12T10:31:07-05:00,PUR_IED_Montreal_Aula6_300367,PUR_IED_Montreal_Aula6_300367,,,,,
2026-09-12T10:31:07-05:00,PUR_IED_Montreal_Exterior_91a179,PUR_IED_Montreal_Exterior_91a179,,,,,
2026-09-12T10:31:07-05:00,PUR_IED_Mqgdalena_B202_5ddda3,PUR_IED_Mqgdalena_B202_5ddda3,,,,,
2026-09-12T10:31:07-05:00,PUR_IED_NACUND_Soc_dc8728,PUR_IED_NACUND_Soc_dc8728,,,,,
2026-09-12T10:31:07-05:00,PUR_IED_NACUND_ext_27ad97,PUR_IED_NACUND_ext_27ad97,,,,,
2026-09-12T10:31:07-05:00,PUR_IED_NEsperanza_Ext_d24b61,PUR_IED_NEsperanza_Ext_d24b61,,,,,
2026-09-12T10:31:07-05:00,PUR_IED_NEsperanza_SElect_7d1807,PUR_IED_NEsperanza_SElect_7d1807,,,,,
2026-09-12T10:31:07-05:00,PUR_IED_NEsperanza_SLabor_8b2d0a,PUR_IED_NEsperanza_SLabor_8b2d0a,,,,,
2026-09-12T10:31:07-05:00,PUR_IED_NacionesU_Ext_f661a9,PUR_IED_NacionesU_Ext_f661a9,,,,,
2026-09-12T10:31:07-05:00,PUR_IED_NacionesU_Quimica_66f0a,PUR_IED_NacionesU_Quimica_66f0a,,,,,
2026-09-12T10:31:07-05:00,PUR_IED_NacionesU_S306_1b4b3d,PUR_IED_NacionesU_S306_1b4b3d,,,,,
2026-09-12T10:31:07-05:00,PUR_IED_NestorFA_Ext_e4201c,PUR_IED_NestorFA_Ext_e4201c,,,,,
2026-09-12T10:31:07-05:00,PUR_IED_NestorFA_Laborato_f22fe0,PUR_IED_NestorFA_Laborato_f22fe0,,,,,
2026-09-12T10:31:07-05:00,PUR_IED_NestorFA_S204_dee996,PUR_IED_NestorFA_S204_dee996,,,,,
2026-09-12T10:31:07-05:00,PUR_IED_NidyaQT_Aula03_76999b,PUR_IED_NidyaQT_Aula03_76999b,,,,,
2026-09-12T10:31:07-05:00,PUR_IED_NidyaQT_Aula10_56325,PUR_IED_NidyaQT_Aula10_56325,,,,,
2026-09-12T10:31:07-05:00,PUR_IED_NidyaQT_Ext_46e32d,PUR_IED_NidyaQT_Ext_46e32d,,,,,
2026-09-12T10:31:07-05:00,PUR_IED_NuevaCol_Exterior_d9b859,PUR_IED_NuevaCol_Exterior_d9b859,,,,,
2026-09-12T10:31:07-05:00,PUR_IED_NuevaCol_S1101_76c43b,PUR_IED_NuevaCol_S1101_76c43b,,,,,
2026-09-12T10:31:07-05:00,PUR_IED_NuevaCol_S1102_1ce0b5,PUR_IED_NuevaCol_S1102_1ce0b5,,,,,
2026-09-12T10:31:07-05:00,PUR_IED_OEA_A202_f7e3f2,PUR_IED_OEA_A202_f7e3f2,,,,,
2026-09-12T10:31:07-05:00,PUR_IED_OEA_A203_7d1b8d,PUR_IED_OEA_A203_7d1b8d,,,,,
2026-09-12T10:31:07-05:00,PUR_IED_OEA_Ext_27b593,PUR_IED_OEA_Ext_27b593,,,,,
2026-09-12T10:31:07-05:00,PUR_IED_Ochoa_Ext_1c29da,PUR_IED_Ochoa_Ext_1c29da,,,,,
2026-09-12T10:31:07-05:00,PUR_IED_Ochoa_S205_8b1121,PUR_IED_Ochoa_S205_8b1121,,,,,
2026-09-12T10:31:07-05:00,PUR_IED_Ochoa_Sistemas_f33af6,PUR_IED_Ochoa_Sistemas_f33af6,,,,,
2026-09-12T10:31:07-05:00,PUR_IED_PQuebec_Ext_1c67c7,PUR_IED_PQuebec_Ext_1c67c7,,,,,
2026-09-12T10:31:07-05:00,PUR_IED_PQuebec_S15_23e8e2,PUR_IED_PQuebec_S15_23e8e2,,,,,
2026-09-12T10:31:07-05:00,PUR_IED_PQuebec_S16_8ec76b,PUR_IED_PQuebec_S16_8ec76b,,,,,
2026-09-12T10:31:07-05:00,PUR_IED_PabloN_Ext_49dc96,PUR_IED_PabloN_Ext_49dc96,,,,,
2026-09-12T10:31:07-05:00,PUR_IED_PabloN_S1102_4e3df5,PUR_IED_PabloN_S1102_4e3df5,,,,,
2026-09-12T10:31:07-05:00,PUR_IED_PabloN_S1103_50c94b,PUR_IED_PabloN_S1103_50c94b,,,,,
2026-09-12T10:31:07-05:00,PUR_IED_Palestina_S1101_db9198,PUR_IED_Palestina_S1101_db9198,,,,,
2026-09-12T10:31:07-05:00,PUR_IED_Palestina_S1102_dc54fa,PUR_IED_Palestina_S1102_dc54fa,,,,,
2026-09-12T10:31:07-05:00,PUR_IED_Palestina_ext_4ccce6,PUR_IED_Palestina_ext_4ccce6,,,,,
2026-09-12T10:31:07-05:00,PUR_IED_Panama_Fisica_4d0794,PUR_IED_Panama_Fisica_4d0794,,,,,
2026-09-12T10:31:07-05:00,PUR_IED_Panama_SIngles_a4077e,PUR_IED_Panama_SIngles_a4077e,,,,,
2026-09-12T10:31:07-05:00,PUR_IED_Panama_ext_4c54b4,PUR_IED_Panama_ext_4c54b4,,,,,
2026-09-12T10:31:07-05:00,PUR_IED_ParaisoM_Exterior_8cd7f0,PUR_IED_ParaisoM_Exterior_8cd7f0,,,,,
2026-09-12T10:31:07-05:00,PUR_IED_ParaisoM_Laborato_27af35,PUR_IED_ParaisoM_Laborato_27af35,,,,,
2026-09-12T10:31:07-05:00,PUR_IED_ParaisoM_S304_d1edca,PUR_IED_ParaisoM_S304_d1edca,,,,,
2026-09-12T10:31:07-05:00,PUR_IED_PorfirioBarba_Ext_301466,PUR_IED_PorfirioBarba_Ext_301466,,,,,
2026-09-12T10:31:07-05:00,PUR_IED_PorfirioBarba_S11_df6cd2,PUR_IED_PorfirioBarba_S11_df6cd2,,,,,
2026-09-12T10:31:07-05:00,PUR_IED_PorfirioBarba_S29_27a7d6,PUR_IED_PorfirioBarba_S29_27a7d6,,,,,
2026-09-12T10:31:07-05:00,PUR_IED_PradoV_Exter_8b27ad,PUR_IED_PradoV_Exter_8b27ad,,,,,
2026-09-12T10:31:07-05:00,PUR_IED_PradoV_S301_de65b5,PUR_IED_PradoV_S301_de65b5,,,,,
2026-09-12T10:31:07-05:00,PUR_IED_PradoV_S302_7d2593,PUR_IED_PradoV_S302_7d2593,,,,,
2026-09-12T10:31:07-05:00,PUR_IED_QuirogaAlz_Ext_1ddc82,PUR_IED_QuirogaAlz_Ext_1ddc82,,,,,
2026-09-12T10:31:07-05:00,PUR_IED_QuirogaAlz_S302_9926a3,PUR_IED_QuirogaAlz_S302_9926a3,,,,,
2026-09-12T10:31:07-05:00,PUR_IED_QuirogaAlz_S305_cdf1f1,PUR_IED_QuirogaAlz_S305_cdf1f1,,,,,
2026-09-12T10:31:07-05:00,PUR_IED_RGuatemala_Biling_dc53b7,PUR_IED_RGuatemala_Biling_dc53b7,,,,,
2026-09-12T10:31:07-05:00,PUR_IED_RGuatemala_Ext_1b89a3,PUR_IED_RGuatemala_Ext_1b89a3,,,,,
2026-09-12T10:31:07-05:00,PUR_IED_RGuatemala_Tecnol_281a34,PUR_IED_RGuatemala_Tecnol_281a34,,,,,
2026-09-12T10:31:07-05:00,PUR_IED_RafaNu_Ext_f7c302,PUR_IED_RafaNu_Ext_f7c302,,,,,
2026-09-12T10:31:07-05:00,PUR_IED_RafaNu_S1101_25fde,PUR_IED_RafaNu_S1101_25fde,,,,,
2026-09-12T10:31:07-05:00,PUR_IED_RafaNu_S1102_281517,PUR_IED_RafaNu_S1102_281517,,,,,
2026-09-12T10:31:07-05:00,PUR_IED_RafaelB_S305_ee2783,PUR_IED_RafaelB_S305_ee2783,,,,,
2026-09-12T10:31:07-05:00,PUR_IED_RafaelB_S306_75fe33,PUR_IED_RafaelB_S306_75fe33,,,,,
2026-09-12T10:31:07-05:00,PUR_IED_RafaelB_ext_283336,PUR_IED_RafaelB_ext_283336,,,,,
2026-09-12T10:31:07-05:00,PUR_IED_RafaelUU_Exterior_281a51,PUR_IED_RafaelUU_Exterior_281a51,,,,,
2026-09-12T10:31:07-05:00,PUR_IED_RafaelUU_Human_806b2,PUR_IED_RafaelUU_Human_806b2,,,,,
2026-09-12T10:31:07-05:00,PUR_IED_RafaelUU_Mate2_5680d4,PUR_IED_RafaelUU_Mate2_5680d4,,,,,
2026-09-12T10:31:07-05:00,PUR_IED_RamonSub_Ext_f9eeb9,PUR_IED_RamonSub_Ext_f9eeb9,,,,,
2026-09-12T10:31:07-05:00,PUR_IED_RamonSub_Media_d1f62f,PUR_IED_RamonSub_Media_d1f62f,,,,,
2026-09-12T10:31:07-05:00,PUR_IED_RamonSub_planta_51b82,PUR_IED_RamonSub_planta_51b82,,,,,
2026-09-12T10:31:07-05:00,PUR_IED_RepBoliVene_Exter_27af7c,PUR_IED_RepBoliVene_Exter_27af7c,,,,,
2026-09-12T10:31:07-05:00,PUR_IED_RepBoliVene_SCPT_5ae2ee,PUR_IED_RepBoliVene_SCPT_5ae2ee,,,,,
2026-09-12T10:31:07-05:00,PUR_IED_RepBoliVene_Socia_4b11d5,PUR_IED_RepBoliVene_Socia_4b11d5,,,,,
2026-09-12T10:31:07-05:00,PUR_IED_RepChina_Ext_76d9ee,PUR_IED_RepChina_Ext_76d9ee,,,,,
2026-09-12T10:31:07-05:00,PUR_IED_RepChina_S404_7c804c,PUR_IED_RepChina_S404_7c804c,,,,,
2026-09-12T10:31:07-05:00,PUR_IED_RepChina_S405_df2c33,PUR_IED_RepChina_S405_df2c33,,,,,
2026-09-12T10:31:07-05:00,PUR_IED_RepublicaC_Exteri_7d1ec9,PUR_IED_RepublicaC_Exteri_7d1ec9,,,,,
2026-09-12T10:31:07-05:00,PUR_IED_RepublicaC_S1101_f544b3,PUR_IED_RepublicaC_S1101_f544b3,,,,,
2026-09-12T10:31:07-05:00,PUR_IED_RepublicaC_S1102_7aafc7,PUR_IED_RepublicaC_S1102_7aafc7,,,,,
2026-09-12T10:31:07-05:00,PUR_IED_Ricaurte_Externo_a0ea1,PUR_IED_Ricaurte_Externo_a0ea1,,,,,
2026-09-12T10:31:07-05:00,PUR_IED_Ricaurte_S210_f546fd,PUR_IED_Ricaurte_S210_f546fd,,,,,
2026-09-12T10:31:07-05:00,PUR_IED_Ricaurte_S309_d4452,PUR_IED_Ricaurte_S309_d4452,,,,,
2026-09-12T10:31:07-05:00,PUR_IED_RogelioS_1102_531e69,PUR_IED_RogelioS_1102_531e69,,,,,
2026-09-12T10:31:07-05:00,PUR_IED_RogelioS_Ext_f25a18,PUR_IED_RogelioS_Ext_f25a18,,,,,
2026-09-12T10:31:07-05:00,PUR_IED_SBernardino_Ext_27aff8,PUR_IED_SBernardino_Ext_27aff8,,,,,
2026-09-12T10:31:07-05:00,PUR_IED_SBernardino_SArte_2ffd33,PUR_IED_SBernardino_SArte_2ffd33,,,,,
2026-09-12T10:31:07-05:00,PUR_IED_SBernardino_SIngl_7c7da5,PUR_IED_SBernardino_SIngl_7c7da5,,,,,
2026-09-12T10:31:07-05:00,PUR_IED_Sago_auditorio_dc9d1d,PUR_IED_Sago_auditorio_dc9d1d,,,,,
2026-09-12T10:31:07-05:00,PUR_IED_Saludcoop_Ext_95aac3,PUR_IED_Saludcoop_Ext_95aac3,,,,,
2026-09-12T10:31:07-05:00,PUR_IED_Saludcoop_InfI_90c854,PUR_IED_Saludcoop_InfI_90c854,,,,,
2026-09-12T10:31:07-05:00,PUR_IED_Saludcoop_SMedia_1b93be,PUR_IED_Saludcoop_SMedia_1b93be,,,,,
2026-09-12T10:31:07-05:00,PUR_IED_SanCarlos_1101_1a2360,PUR_IED_SanCarlos_1101_1a2360,,,,,
2026-09-12T10:31:07-05:00,PUR_IED_SanCarlos_1103_7bafb5,PUR_IED_SanCarlos_1103_7bafb5,,,,,
2026-09-12T10:31:07-05:00,PUR_IED_SanCarlos_Ext_b7cd1,PUR_IED_SanCarlos_Ext_b7cd1,,,,,
2026-09-12T10:31:07-05:00,PUR_IED_SanIgnacioBosa11a_50c26e,PUR_IED_SanIgnacioBosa11a_50c26e,,,,,
2026-09-12T10:31:07-05:00,PUR_IED_SanIgnacioBosa11b_371de8,PUR_IED_SanIgnacioBosa11b_371de8,,,,,
2026-09-12T10:31:07-05:00,PUR_IED_SanIgnacioBosaExt_ef0ffc,PUR_IED_SanIgnacioBosaExt_ef0ffc,,,,,
2026-09-12T10:31:07-05:00,PUR_IED_SanIgnacioBosa_11a_50c26e,PUR_IED_SanIgnacioBosa_11a_50c26e,,,,,
2026-09-12T10:31:07-05:00,PUR_IED_SanIgnacioBosa_Ext_ef0ffc,PUR_IED_SanIgnacioBosa_Ext_ef0ffc,,,,,
2026-09-12T10:31:07-05:00,PUR_IED_SanJoseN_intS1101_31c47f,PUR_IED_SanJoseN_intS1101_31c47f,,,,,
2026-09-12T10:31:07-05:00,PUR_IED_SanJoseUsm_Exter_f5d7e8,PUR_IED_SanJoseUsm_Exter_f5d7e8,,,,,
2026-09-12T10:31:07-05:00,PUR_IED_SanJoseUsm_Int11A_cfdef6,PUR_IED_SanJoseUsm_Int11A_cfdef6,,,,,
2026-09-12T10:31:07-05:00,PUR_IED_SilveriaR_IntB5_905349,PUR_IED_SilveriaR_IntB5_905349,,,,,
2026-09-12T10:31:07-05:00,PUR_IED_SilveriaR_IntSD14_981f93,PUR_IED_SilveriaR_IntSD14_981f93,,,,,
2026-09-12T10:31:07-05:00,PUR_IED_SilveriaR_ext_2b651d,PUR_IED_SilveriaR_ext_2b651d,,,,,
2026-09-12T10:31:07-05:00,PUR_IED_SimonB_Exterior_913975,PUR_IED_SimonB_Exterior_913975,,,,,
2026-09-12T10:31:07-05:00,PUR_IED_SimonB_LabQuimi_c56908,PUR_IED_SimonB_LabQuimi_c56908,,,,,
2026-09-12T10:31:07-05:00,PUR_IED_SimonB_informatic_a28c1,PUR_IED_SimonB_informatic_a28c1,,,,,
2026-09-12T10:31:07-05:00,PUR_IED_Sorrento_1102_315f50,PUR_IED_Sorrento_1102_315f50,,,,,
2026-09-12T10:31:07-05:00,PUR_IED_Sorrento_Minte_214eab,PUR_IED_Sorrento_Minte_214eab,,,,,
2026-09-12T10:31:07-05:00,PUR_IED_Sorrento_ext_7c3a0a,PUR_IED_Sorrento_ext_7c3a0a,,,,,
2026-09-12T10:31:07-05:00,PUR_IED_Tabora_Ext_f048ae,PUR_IED_Tabora_Ext_f048ae,,,,,
2026-09-12T10:31:07-05:00,PUR_IED_Tabora_S1102_b07752,PUR_IED_Tabora_S1102_b07752,,,,,
2026-09-12T10:31:07-05:00,PUR_IED_Tabora_S1103_d988f5,PUR_IED_Tabora_S1103_d988f5,,,,,
2026-09-12T10:31:07-05:00,PUR_IED_Tenerife_Ext_1ab188,PUR_IED_Tenerife_Ext_1ab188,,,,,
2026-09-12T10:31:07-05:00,PUR_IED_Tenerife_SDanzas_7bc02e,PUR_IED_Tenerife_SDanzas_7bc02e,,,,,
2026-09-12T10:31:07-05:00,PUR_IED_Tenerife_SIngles_7cc277,PUR_IED_Tenerife_SIngles_7cc277,,,,,
2026-09-12T10:31:07-05:00,PUR_IED_Tibabuyes_Exter_f2683d,PUR_IED_Tibabuyes_Exter_f2683d,,,,,
2026-09-12T10:31:07-05:00,PUR_IED_Tibabuyes_S10_dc87a8,PUR_IED_Tibabuyes_S10_dc87a8,,,,,
2026-09-12T10:31:07-05:00,PUR_IED_Tibabuyes_S15_dc0526,PUR_IED_Tibabuyes_S15_dc0526,,,,,
2026-09-12T10:31:07-05:00,PUR_IED_UnionE_S301_a1043,PUR_IED_UnionE_S301_a1043,,,,,
2026-09-12T10:31:07-05:00,PUR_IED_UnionE_S307_ff6c2f,PUR_IED_UnionE_S307_ff6c2f,,,,,
2026-09-12T10:31:07-05:00,PUR_IED_UnionE__Ext_5e2468,PUR_IED_UnionE__Ext_5e2468,,,,,
2026-09-12T10:31:07-05:00,PUR_IED_VillaRica_Ext_75be7c,PUR_IED_VillaRica_Ext_75be7c,,,,,
2026-09-12T10:31:07-05:00,PUR_IED_VillaRica_S4_cc5dcd,PUR_IED_VillaRica_S4_cc5dcd,,,,,
2026-09-12T10:31:07-05:00,PUR_IED_VillaRica_Sesp_99f5c,PUR_IED_VillaRica_Sesp_99f5c,,,,,
2026-09-12T10:36:05-05:00,PUR_IED_20deJulio_1101_91b1b9,PUR_IED_20deJulio_1101_91b1b9,,,,,
2026-09-12T10:36:05-05:00,PUR_IED_20deJulio_1102_1cfcf9,PUR_IED_20deJulio_1102_1cfcf9,,,,,
2026-09-12T10:36:05-05:00,PUR_IED_20deJulio_Ext_ab60bd,PUR_IED_20deJulio_Ext_ab60bd,,,,,
2026-09-12T10:36:05-05:00,PUR_IED_AgustinFer_Ext_7b9b77,PUR_IED_AgustinFer_Ext_7b9b77,,,,,
2026-09-12T10:36:05-05:00,PUR_IED_AgustinFer_Info2_27b3a7,PUR_IED_AgustinFer_Info2_27b3a7,,,,,
2026-09-12T10:36:05-05:00,PUR_IED_AgustinFer_Sena_54b4eb,PUR_IED_AgustinFer_Sena_54b4eb,,,,,
2026-09-12T10:36:05-05:00,PUR_IED_AlexanderF_1102_caf07b,PUR_IED_AlexanderF_1102_caf07b,,,,,
2026-09-12T10:36:05-05:00,PUR_IED_AlexanderF_1103_c79e71,PUR_IED_AlexanderF_1103_c79e71,,,,,
2026-09-12T10:36:05-05:00,PUR_IED_AlexanderF_Ext_c5b18b,PUR_IED_AlexanderF_Ext_c5b18b,,,,,
2026-09-12T10:36:05-05:00,PUR_IED_AlfonsoLopez_Ext_281d77,PUR_IED_AlfonsoLopez_Ext_281d77,,,,,
2026-09-12T10:36:05-05:00,PUR_IED_AlfonsoLopez_LabF_888ce0,PUR_IED_AlfonsoLopez_LabF_888ce0,,,,,
2026-09-12T10:36:05-05:00,PUR_IED_AlfonsoLopez_SMed_df6a7f,PUR_IED_AlfonsoLopez_SMed_df6a7f,,,,,
2026-09-12T10:36:05-05:00,PUR_IED_AltamiraSO_A2_209f92,PUR_IED_AltamiraSO_A2_209f92,,,,,
2026-09-12T10:36:05-05:00,PUR_IED_AltamiraSO_Ext_186d66,PUR_IED_AltamiraSO_Ext_186d66,,,,,
2026-09-12T10:36:05-05:00,PUR_IED_AltamiraSO_Sistem_27afe1,PUR_IED_AltamiraSO_Sistem_27afe1,,,,,
2026-09-12T10:36:05-05:00,PUR_IED_AlvaroGom_LabQuim_813179,PUR_IED_AlvaroGom_LabQuim_813179,,,,,
2026-09-12T10:36:05-05:00,PUR_IED_AlvaroGomez_Ext_47c7ca,PUR_IED_AlvaroGomez_Ext_47c7ca,,,,,
2026-09-12T10:36:05-05:00,PUR_IED_AlvaroGomez_LabQuim_813179,PUR_IED_AlvaroGomez_LabQuim_813179,,,,,
2026-09-12T10:36:05-05:00,PUR_IED_AlvaroGomez_S23_7ba89f,PUR_IED_AlvaroGomez_S23_7ba89f,,,,,
2026-09-12T10:36:05-05:00,PUR_IED_Amistad_306_dc8728,PUR_IED_Amistad_306_dc8728,,,,,
2026-09-12T10:36:05-05:00,PUR_IED_Amistad_Ext_8cd55e,PUR_IED_Amistad_Ext_8cd55e,,,,,
2026-09-12T10:36:05-05:00,PUR_IED_Amistad_S202_a41169,PUR_IED_Amistad_S202_a41169,,,,,
2026-09-12T10:36:05-05:00,PUR_IED_AndresBello_Bio_fd5f5e,PUR_IED_AndresBello_Bio_fd5f5e,,,,,
2026-09-12T10:36:05-05:00,PUR_IED_AndresBello_ext_dcad65,PUR_IED_AndresBello_ext_dcad65,,,,,
2026-09-12T10:36:05-05:00,PUR_IED_AndresBello_port_eed3ec,PUR_IED_AndresBello_port_eed3ec,,,,,
2026-09-12T10:36:05-05:00,PUR_IED_AngelaR_11b_d90a6b,PUR_IED_AngelaR_11b_d90a6b,,,,,
2026-09-12T10:36:05-05:00,PUR_IED_AngelaR_ext_7cad3e,PUR_IED_AngelaR_ext_7cad3e,4,20,60,4.5825,-74.164497
2026-09-12T10:36:05-05:00,PUR_IED_AntJoseSucre_10mo_df2575,PUR_IED_AntJoseSucre_10mo_df2575,,,,,
2026-09-12T10:36:05-05:00,PUR_IED_AntJoseSucre_Ext_215b36,PUR_IED_AntJoseSucre_Ext_215b36,,,,,
2026-09-12T10:36:05-05:00,PUR_IED_AntJoseSucre_Lab_3139de,PUR_IED_AntJoseSucre_Lab_3139de,,,,,
2026-09-12T10:36:05-05:00,PUR_IED_AntonioGarcia_301_d6b188,PUR_IED_AntonioGarcia_301_d6b188,,,,,
2026-09-12T10:36:05-05:00,PUR_IED_AntonioGarcia_302_88a82,PUR_IED_AntonioGarcia_302_88a82,,,,,
2026-09-12T10:36:05-05:00,PUR_IED_AntonioGarcia_Ext_20950c,PUR_IED_AntonioGarcia_Ext_20950c,,,,,
2026-09-12T10:36:05-05:00,PUR_IED_AntonioVan_Aula2_6dea02,PUR_IED_AntonioVan_Aula2_6dea02,,,,,
2026-09-12T10:36:05-05:00,PUR_IED_AntonioVan_Aula5_f1557e,PUR_IED_AntonioVan_Aula5_f1557e,,,,,
2026-09-12T10:36:05-05:00,PUR_IED_AntonioVan_Ext_406f2f,PUR_IED_AntonioVan_Ext_406f2f,,,,,
2026-09-12T10:36:05-05:00,PUR_IED_Atabanzha_Ext_cc5af9,PUR_IED_Atabanzha_Ext_cc5af9,,,,,
2026-09-12T10:36:05-05:00,PUR_IED_Atabanzha_SA101_56c37,PUR_IED_Atabanzha_SA101_56c37,,,,,
2026-09-12T10:36:05-05:00,PUR_IED_Atabanzha_SB302_27b374,PUR_IED_Atabanzha_SB302_27b374,,,,,
2026-09-12T10:36:05-05:00,PUR_IED_Atahualpa_Ext_fc1748,PUR_IED_Atahualpa_Ext_fc1748,,,,,
2026-09-12T10:36:05-05:00,PUR_IED_Atahualpa_Informa_dc9a95,PUR_IED_Atahualpa_Informa_dc9a95,,,,,
2026-09-12T10:36:05-05:00,PUR_IED_Atahualpa_S1101_f98056,PUR_IED_Atahualpa_S1101_f98056,,,,,
2026-09-12T10:36:05-05:00,PUR_IED_Bellavista_Ext_f5aa74,PUR_IED_Bellavista_Ext_f5aa74,,,,,
2026-09-12T10:36:05-05:00,PUR_IED_Bilbao_11A_916c41,PUR_IED_Bilbao_11A_916c41,,,,,
2026-09-12T10:36:05-05:00,PUR_IED_Bilbao_Ext_fb579a,PUR_IED_Bilbao_Ext_fb579a,,,,,
2026-09-12T10:36:05-05:00,PUR_IED_BrasiliaU_A125_304280,PUR_IED_BrasiliaU_A125_304280,,,,,
2026-09-12T10:36:05-05:00,PUR_IED_BrasiliaU_A203_7c8ca5,PUR_IED_BrasiliaU_A203_7c8ca5,,,,,
2026-09-12T10:36:05-05:00,PUR_IED_BrasiliaU_Ext_8d6e9f,PUR_IED_BrasiliaU_Ext_8d6e9f,6,18,61,4.5175,-74.116302
2026-09-12T10:36:05-05:00,PUR_IED_Brasilia_Ext_fe6593,PUR_IED_Brasilia_Ext_fe6593,,,,,
2026-09-12T10:36:05-05:00,PUR_IED_Brasilia_S24_7c130d,PUR_IED_Brasilia_S24_7c130d,,,,,
2026-09-12T10:36:05-05:00,PUR_IED_Brasilia_S501_186a54,PUR_IED_Brasilia_S501_186a54,,,,,
2026-09-12T10:36:05-05:00,PUR_IED_CHARRY_EXT_f1d5cd,PUR_IED_CHARRY_EXT_f1d5cd,,,,,
2026-09-12T10:36:05-05:00,PUR_IED_CHARRY_INTDANZAS_7a08e6,PUR_IED_CHARRY_INTDANZAS_7a08e6,,,,,
2026-09-12T10:36:05-05:00,PUR_IED_CHARRY_INT_AULA20_dc998d,PUR_IED_CHARRY_INT_AULA20_dc998d,,,,,
2026-09-12T10:36:05-05:00,PUR_IED_COLVIV_1101_S25_7f520a,PUR_IED_COLVIV_1101_S25_7f520a,,,,,
2026-09-12T10:36:05-05:00,PUR_IED_COLVIV_1102_S16_f570ba,PUR_IED_COLVIV_1102_S16_f570ba,,,,,
2026-09-12T10:36:05-05:00,PUR_IED_COLVIV_Ext_1a26fa,PUR_IED_COLVIV_Ext_1a26fa,,,,,
2026-09-12T10:36:05-05:00,PUR_IED_CULPOP_301A_f660f3,PUR_IED_CULPOP_301A_f660f3,,,,,
2026-09-12T10:36:05-05:00,PUR_IED_CULPOP_303_568afe,PUR_IED_CULPOP_303_568afe,,,,,
2026-09-12T10:36:05-05:00,PUR_IED_CULPOP_Ext_e02ccb,PUR_IED_CULPOP_Ext_e02ccb,,,,,
2026-09-12T10:36:05-05:00,PUR_IED_CVillavicen_Ext_26eb58,PUR_IED_CVillavicen_Ext_26eb58,6,16,78,4.487,-74.102798
2026-09-12T10:36:05-05:00,PUR_IED_CVillavicen_Intel_1ce5c2,PUR_IED_CVillavicen_Intel_1ce5c2,,,,,
2026-09-12T10:36:05-05:00,PUR_IED_CVillavicen_Poliv_e0766c,PUR_IED_CVillavicen_Poliv_e0766c,,,,,
2026-09-12T10:36:05-05:00,PUR_IED_CVillavicen_int_1ba140,PUR_IED_CVillavicen_int_1ba140,,,,,
2026-09-12T10:36:05-05:00,PUR_IED_CVillavicen_intel_1ba140,PUR_IED_CVillavicen_intel_1ba140,,,,,
2026-09-12T10:36:05-05:00,PUR_IED_CarlosPizarro_Ext_e307cc,PUR_IED_CarlosPizarro_Ext_e307cc,,,,,
2026-09-12T10:36:05-05:00,PUR_IED_CarlosPizarro_L36_7e5cdb,PUR_IED_CarlosPizarro_L36_7e5cdb,,,,,
2026-09-12T10:36:05-05:00,PUR_IED_CarlosPizarro_L37_c8566c,PUR_IED_CarlosPizarro_L37_c8566c,,,,,
2026-09-12T10:36:05-05:00,PUR_IED_Castilla_Ext_cf35f,PUR_IED_Castilla_Ext_cf35f,,,,,
2026-09-12T10:36:05-05:00,PUR_IED_Castilla_SFisik_360e38,PUR_IED_Castilla_SFisik_360e38,,,,,
2026-09-12T10:36:05-05:00,PUR_IED_Castilla_Sc304_496fbf,PUR_IED_Castilla_Sc304_496fbf,,,,,
2026-09-12T10:36:05-05:00,PUR_IED_CervantesSa_Ext_6b57b,PUR_IED_CervantesSa_Ext_6b57b,4,19,67,4.5128,-74.117203
2026-09-12T10:36:05-05:00,PUR_IED_CervantesSa_S107_225c2b,PUR_IED_CervantesSa_S107_225c2b,,,,,
2026-09-12T10:36:05-05:00,PUR_IED_CervantesSa_S108_940925,PUR_IED_CervantesSa_S108_940925,,,,,
2026-09-12T10:36:05-05:00,PUR_IED_Charry_A20_f53e7c,PUR_IED_Charry_A20_f53e7c,,,,,
2026-09-12T10:36:05-05:00,PUR_IED_Charry_Ext_f1d5cd,PUR_IED_Charry_Ext_f1d5cd,,,,,
2026-09-12T10:36:05-05:00,PUR_IED_Charry_IntAula20_dc998d,PUR_IED_Charry_IntAula20_dc998d,,,,,
2026-09-12T10:36:05-05:00,PUR_IED_Charry_IntDanzas_7a08e6,PUR_IED_Charry_IntDanzas_7a08e6,,,,,
2026-09-12T10:36:05-05:00,PUR_IED_ClememciaC_203_43e2fc,PUR_IED_ClememciaC_203_43e2fc,,,,,
2026-09-12T10:36:05-05:00,PUR_IED_ClememciaC_Ext_1b411a,PUR_IED_ClememciaC_Ext_1b411a,,,,,
2026-09-12T10:36:05-05:00,PUR_IED_ClememciaC_Quimic_44b5fc,PUR_IED_ClememciaC_Quimic_44b5fc,,,,,
2026-09-12T10:36:05-05:00,PUR_IED_ClemenciaC_203_43e2fc,PUR_IED_ClemenciaC_203_43e2fc,,,,,
2026-09-12T10:36:05-05:00,PUR_IED_ClemenciaC_Ext_1b411a,PUR_IED_ClemenciaC_Ext_1b411a,,,,,
2026-09-12T10:36:05-05:00,PUR_IED_ClemenciaC_Quimic_44b5fc,PUR_IED_ClemenciaC_Quimic_44b5fc,,,,,
2026-09-12T10:36:05-05:00,PUR_IED_ColViva_1101_S25_7f520a,PUR_IED_ColViva_1101_S25_7f520a,,,,,
2026-09-12T10:36:05-05:00,PUR_IED_ColViva_1102_S16_f570ba,PUR_IED_ColViva_1102_S16_f570ba,,,,,
2026-09-12T10:36:05-05:00,PUR_IED_ColViva_Ext_1a26fa,PUR_IED_ColViva_Ext_1a26fa,,,,,
2026-09-12T10:36:05-05:00,PUR_IED_ColegioBici_Asist_7c8798,PUR_IED_ColegioBici_Asist_7c8798,,,,,
2026-09-12T10:36:05-05:00,PUR_IED_ColegioBici_Ext_25cbf6,PUR_IED_ColegioBici_Ext_25cbf6,,,,,
2026-09-12T10:36:05-05:00,PUR_IED_ColegioBici_LabQ_7b57db,PUR_IED_ColegioBici_LabQ_7b57db,,,,,
2026-09-12T10:36:05-05:00,PUR_IED_CostaRica_Ext_5e640,PUR_IED_CostaRica_Ext_5e640,,,,,
2026-09-12T10:36:05-05:00,PUR_IED_CostaRica_Quim1_766d1c,PUR_IED_CostaRica_Quim1_766d1c,,,,,
2026-09-12T10:36:05-05:00,PUR_IED_CostaRica__Fisica_6f0873,PUR_IED_CostaRica__Fisica_6f0873,,,,,
2026-09-12T10:36:05-05:00,PUR_IED_CulPopu_301A_f660f3,PUR_IED_CulPopu_301A_f660f3,,,,,
2026-09-12T10:36:05-05:00,PUR_IED_CulPopu_303_568afe,PUR_IED_CulPopu_303_568afe,,,,,
2026-09-12T10:36:05-05:00,PUR_IED_CulPopu_Ext_e02ccb,PUR_IED_CulPopu_Ext_e02ccb,,,,,
2026-09-12T10:36:05-05:00,PUR_IED_Cundinamarca_Ext_f15985,PUR_IED_Cundinamarca_Ext_f15985,,,,,
2026-09-12T10:36:05-05:00,PUR_IED_Cundinamarca_Info_7aa5d7,PUR_IED_Cundinamarca_Info_7aa5d7,,,,,
2026-09-12T10:36:05-05:00,PUR_IED_Cundinamarca_Tec2_f449c7,PUR_IED_Cundinamarca_Tec2_f449c7,,,,,
2026-09-12T10:36:05-05:00,PUR_IED_DiegoM_Aula1_27b314,PUR_IED_DiegoM_Aula1_27b314,,,,,
2026-09-12T10:36:05-05:00,PUR_IED_DiegoM_Ext_d80ac8,PUR_IED_DiegoM_Ext_d80ac8,,,,,
2026-09-12T10:36:05-05:00,PUR_IED_DiegoM_S25_da928f,PUR_IED_DiegoM_S25_da928f,,,,,
2026-09-12T10:36:05-05:00,PUR_IED_ELRODEO_360881,PUR_IED_ELRODEO_360881,,,,,
2026-09-12T10:36:05-05:00,PUR_IED_ELRODEO_ext_360881,PUR_IED_ELRODEO_ext_360881,,,,,
2026-09-12T10:36:05-05:00,PUR_IED_EduardoU_Ext_1c1969,PUR_IED_EduardoU_Ext_1c1969,,,,,
2026-09-12T10:36:05-05:00,PUR_IED_EduardoU_SCiencia_4dfb94,PUR_IED_EduardoU_SCiencia_4dfb94,,,,,
2026-09-12T10:36:05-05:00,PUR_IED_EduardoU_SQuimica_5a46e7,PUR_IED_EduardoU_SQuimica_5a46e7,,,,,
2026-09-12T10:36:05-05:00,PUR_IED_ElRodeo_Aula14_676984,PUR_IED_ElRodeo_Aula14_676984,,,,,
2026-09-12T10:36:05-05:00,PUR_IED_ElRodeo_Aula16_2dd35b,PUR_IED_ElRodeo_Aula16_2dd35b,,,,,
2026-09-12T10:36:05-05:00,PUR_IED_ElRodeo_Ext_360881,PUR_IED_ElRodeo_Ext_360881,,,,,
2026-09-12T10:36:05-05:00,PUR_IED_ElRodeo_Exterior_8c6d28,PUR_IED_ElRodeo_Exterior_8c6d28,,,,,
2026-09-12T10:36:05-05:00,PUR_IED_ElRodeo_ext_360881,PUR_IED_ElRodeo_ext_360881,,,,,
2026-09-12T10:36:05-05:00,PUR_IED_EmmaReyes_Ext_987625,PUR_IED_EmmaReyes_Ext_987625,2,21,49,4.6367,-74.1511
2026-09-12T10:36:05-05:00,PUR_IED_Ensueño_Ext_7f0250,PUR_IED_Ensueño_Ext_7f0250,,,,,
2026-09-12T10:36:05-05:00,PUR_IED_EscNormal_Ext_5fef3b,PUR_IED_EscNormal_Ext_5fef3b,2,21,55,4.5852,-74.096901
2026-09-12T10:36:05-05:00,PUR_IED_EscNormal_S309_5b263,PUR_IED_EscNormal_S309_5b263,,,,,
2026-09-12T10:36:05-05:00,PUR_IED_EscNormal_S310_27b3b8,PUR_IED_EscNormal_S310_27b3b8,,,,,
2026-09-12T10:36:05-05:00,PUR_IED_Evangelista_Conta_f6cd4f,PUR_IED_Evangelista_Conta_f6cd4f,,,,,
2026-09-12T10:36:05-05:00,PUR_IED_Evangelista_Cri_5e16a,PUR_IED_Evangelista_Cri_5e16a,,,,,
2026-09-12T10:36:05-05:00,PUR_IED_Evangelista_Exter_754066,PUR_IED_Evangelista_Exter_754066,,,,,
2026-09-12T10:36:05-05:00,PUR_IED_FMiranda_S209_5cc2a3,PUR_IED_FMiranda_S209_5cc2a3,,,,,
2026-09-12T10:36:05-05:00,PUR_IED_FMiranda_S303_19e344,PUR_IED_FMiranda_S303_19e344,,,,,
2026-09-12T10:36:05-05:00,PUR_IED_FMiranda_ext_f53e7c,PUR_IED_FMiranda_ext_f53e7c,,,,,
2026-09-12T10:36:05-05:00,PUR_IED_FabioLozano_Bibli_1cee05,PUR_IED_FabioLozano_Bibli_1cee05,,,,,
2026-09-12T10:36:05-05:00,PUR_IED_FabioLozano_Ext_6ea285,PUR_IED_FabioLozano_Ext_6ea285,,,,,
2026-09-12T10:36:05-05:00,PUR_IED_FabioLozano_SLudi_f09e1e,PUR_IED_FabioLozano_SLudi_f09e1e,,,,,
2026-09-12T10:36:05-05:00,PUR_IED_FaustinoS_Aula07_27a731,PUR_IED_FaustinoS_Aula07_27a731,,,,,
2026-09-12T10:36:05-05:00,PUR_IED_FaustinoS_Ext_7b936f,PUR_IED_FaustinoS_Ext_7b936f,,,,,
2026-09-12T10:36:05-05:00,PUR_IED_FaustinoS_Fisica_da2c60,PUR_IED_FaustinoS_Fisica_da2c60,,,,,
2026-09-12T10:36:05-05:00,PUR_IED_FeGarciaLo_Ext_dc68ee,PUR_IED_FeGarciaLo_Ext_dc68ee,,,,,
2026-09-12T10:36:05-05:00,PUR_IED_FeGarciaLo_SDanza_f70a59,PUR_IED_FeGarciaLo_SDanza_f70a59,,,,,
2026-09-12T10:36:05-05:00,PUR_IED_FeGarciaLo_SMusic_125cdd,PUR_IED_FeGarciaLo_SMusic_125cdd,,,,,
2026-09-12T10:36:05-05:00,PUR_IED_FederalAlema_Exte_50c345,PUR_IED_FederalAlema_Exte_50c345,,,,,
2026-09-12T10:36:05-05:00,PUR_IED_FederalAlema_S31_f18371,PUR_IED_FederalAlema_S31_f18371,,,,,
2026-09-12T10:36:05-05:00,PUR_IED_FederalAlema_S901_a62cd,PUR_IED_FederalAlema_S901_a62cd,,,,,
2026-09-12T10:36:05-05:00,PUR_IED_FilarmonicaS_A5_f35eb1,PUR_IED_FilarmonicaS_A5_f35eb1,,,,,
2026-09-12T10:36:05-05:00,PUR_IED_FilarmonicaS_Ext_8a3bde,PUR_IED_FilarmonicaS_Ext_8a3bde,,,,,
2026-09-12T10:36:05-05:00,PUR_IED_FilarmonicaS_Spol_406114,PUR_IED_FilarmonicaS_Spol_406114,,,,,
2026-09-12T10:36:05-05:00,PUR_IED_FlorentinoG_A13_d1fa59,PUR_IED_FlorentinoG_A13_d1fa59,,,,,
2026-09-12T10:36:05-05:00,PUR_IED_FlorentinoG_Ext_1ce6ce,PUR_IED_FlorentinoG_Ext_1ce6ce,,,,,
2026-09-12T10:36:05-05:00,PUR_IED_FlorentinoG_Idiom_a66aac,PUR_IED_FlorentinoG_Idiom_a66aac,,,,,
2026-09-12T10:36:05-05:00,PUR_IED_FranciscoMati_Ext_e3869d,PUR_IED_FranciscoMati_Ext_e3869d,,,,,
2026-09-12T10:36:05-05:00,PUR_IED_FranciscoMati_S13_f31c67,PUR_IED_FranciscoMati_S13_f31c67,,,,,
2026-09-12T10:36:05-05:00,PUR_IED_FranciscoMati_S14_97dead,PUR_IED_FranciscoMati_S14_97dead,,,,,
2026-09-12T10:36:05-05:00,PUR_IED_FranciscoPS_Ext_7bfa9a,PUR_IED_FranciscoPS_Ext_7bfa9a,2,23,52,4.5899,-74.110397
2026-09-12T10:36:05-05:00,PUR_IED_FranciscoPS_Infor_fb8f4c,PUR_IED_FranciscoPS_Infor_fb8f4c,,,,,
2026-09-12T10:36:05-05:00,PUR_IED_FranciscoPS_Quimi_94d39c,PUR_IED_FranciscoPS_Quimi_94d39c,,,,,
2026-09-12T10:36:05-05:00,PUR_IED_FranciscoP_LabQ_d7e148,PUR_IED_FranciscoP_LabQ_d7e148,,,,,
2026-09-12T10:36:05-05:00,PUR_IED_FranciscoP_S28_cf9b30,PUR_IED_FranciscoP_S28_cf9b30,,,,,
2026-09-12T10:36:05-05:00,PUR_IED_FranciscoP_ext_e2313,PUR_IED_FranciscoP_ext_e2313,,,,,
2026-09-12T10:36:05-05:00,PUR_IED_FriederichN_Ext_8ac92a,PUR_IED_FriederichN_Ext_8ac92a,,,,,
2026-09-12T10:36:05-05:00,PUR_IED_FriederichN_S301_dd7e5a,PUR_IED_FriederichN_S301_dd7e5a,,,,,
2026-09-12T10:36:05-05:00,PUR_IED_FriederichN_S308_761f4f,PUR_IED_FriederichN_S308_761f4f,,,,,
2026-09-12T10:36:05-05:00,PUR_IED_GSantander_Aula10_533dd7,PUR_IED_GSantander_Aula10_533dd7,,,,,
2026-09-12T10:36:05-05:00,PUR_IED_GSantander_Aula12_fd4e4f,PUR_IED_GSantander_Aula12_fd4e4f,,,,,
2026-09-12T10:36:05-05:00,PUR_IED_GSantander_Aula310_533dd7,PUR_IED_GSantander_Aula310_533dd7,,,,,
2026-09-12T10:36:05-05:00,PUR_IED_GSantander_Aula312_fd4e4f,PUR_IED_GSantander_Aula312_fd4e4f,,,,,
2026-09-12T10:36:05-05:00,PUR_IED_GSantander_Ext_5f66b0,PUR_IED_GSantander_Ext_5f66b0,,,,,
2026-09-12T10:36:05-05:00,PUR_IED_GYomasa_Ext_f6bea5,PUR_IED_GYomasa_Ext_f6bea5,,,,,
2026-09-12T10:36:05-05:00,PUR_IED_GYomasa_LBiol_2c41aa,PUR_IED_GYomasa_LBiol_2c41aa,,,,,
2026-09-12T10:36:05-05:00,PUR_IED_GYomasa_LQuim_33c80,PUR_IED_GYomasa_LQuim_33c80,,,,,
2026-09-12T10:36:05-05:00,PUR_IED_GabBetMejia_Cienc_5a99c,PUR_IED_GabBetMejia_Cienc_5a99c,,,,,
2026-09-12T10:36:05-05:00,PUR_IED_GabBetMejia_Ext_9153d0,PUR_IED_GabBetMejia_Ext_9153d0,,,,,
2026-09-12T10:36:05-05:00,PUR_IED_GabBetMejia_Lab_f55347,PUR_IED_GabBetMejia_Lab_f55347,,,,,
2026-09-12T10:36:05-05:00,PUR_IED_GabBetanMejia_Ext_9153d0,PUR_IED_GabBetanMejia_Ext_9153d0,,,,,
2026-09-12T10:36:05-05:00,PUR_IED_Gaitana_Aula13_7aac11,PUR_IED_Gaitana_Aula13_7aac11,,,,,
2026-09-12T10:36:05-05:00,PUR_IED_Gaitana_Ext_5fcf4,PUR_IED_Gaitana_Ext_5fcf4,,,,,
2026-09-12T10:36:05-05:00,PUR_IED_Gaitana_LabFisica_644448,PUR_IED_Gaitana_LabFisica_644448,,,,,
2026-09-12T10:36:05-05:00,PUR_IED_GenSantander_Dise_8ac858,PUR_IED_GenSantander_Dise_8ac858,,,,,
2026-09-12T10:36:05-05:00,PUR_IED_GenSantander_Ext_8d5dfe,PUR_IED_GenSantander_Ext_8d5dfe,,,,,
2026-09-12T10:36:05-05:00,PUR_IED_GenSantander_Info_6c25b,PUR_IED_GenSantander_Info_6c25b,,,,,
2026-09-12T10:36:05-05:00,PUR_IED_GustavoMo_Exterio_75e63d,PUR_IED_GustavoMo_Exterio_75e63d,,,,,
2026-09-12T10:36:05-05:00,PUR_IED_GustavoMo_LabFisi_224d37,PUR_IED_GustavoMo_LabFisi_224d37,,,,,
2026-09-12T10:36:05-05:00,PUR_IED_GustavoMo_S208_3e6918,PUR_IED_GustavoMo_S208_3e6918,,,,,
2026-09-12T10:36:05-05:00,PUR_IED_GustavoR_A02_8cd4a8,PUR_IED_GustavoR_A02_8cd4a8,,,,,
2026-09-12T10:36:05-05:00,PUR_IED_GustavoR_B11_5b0ed,PUR_IED_GustavoR_B11_5b0ed,,,,,
2026-09-12T10:36:05-05:00,PUR_IED_GustavoR_Ext_7a0c90,PUR_IED_GustavoR_Ext_7a0c90,,,,,
2026-09-12T10:36:05-05:00,PUR_IED_HernandoDuran_Ext_8cd82b,PUR_IED_HernandoDuran_Ext_8cd82b,,,,,
2026-09-12T10:36:05-05:00,PUR_IED_HernandoDuran_S24_2772c6,PUR_IED_HernandoDuran_S24_2772c6,,,,,
2026-09-12T10:36:05-05:00,PUR_IED_HernandoDuran_S30_f2de41,PUR_IED_HernandoDuran_S30_f2de41,,,,,
2026-09-12T10:36:05-05:00,PUR_IED_HolguInUr_S1101_8cd732,PUR_IED_HolguInUr_S1101_8cd732,,,,,
2026-09-12T10:36:05-05:00,PUR_IED_HolguinUr_Exter_ddae6d,PUR_IED_HolguinUr_Exter_ddae6d,,,,,
2026-09-12T10:36:05-05:00,PUR_IED_HolguinUr_LabQuim_92b952,PUR_IED_HolguinUr_LabQuim_92b952,,,,,
2026-09-12T10:36:05-05:00,PUR_IED_Isabel-II_Ext_5245cc,PUR_IED_Isabel-II_Ext_5245cc,2,20,54,4.6336,-74.153
2026-09-12T10:36:05-05:00,PUR_IED_Isabel-II_S_idiom_1c29aa,PUR_IED_Isabel-II_S_idiom_1c29aa,,,,,
2026-09-12T10:36:05-05:00,PUR_IED_Isabel-II_S_infor_fd741,PUR_IED_Isabel-II_S_infor_fd741,,,,,
2026-09-12T10:36:05-05:00,PUR_IED_IsidroSur_Exterio_5b90ea,PUR_IED_IsidroSur_Exterio_5b90ea,,,,,
2026-09-12T10:36:05-05:00,PUR_IED_IsidroSur_LabTec_56697a,PUR_IED_IsidroSur_LabTec_56697a,,,,,
2026-09-12T10:36:05-05:00,PUR_IED_IsidroSur_Robotic_b7c38f,PUR_IED_IsidroSur_Robotic_b7c38f,,,,,
2026-09-12T10:36:05-05:00,PUR_IED_IsmaelPerd_Ext_7b6672,PUR_IED_IsmaelPerd_Ext_7b6672,,,,,
2026-09-12T10:36:05-05:00,PUR_IED_IsmaelPerd_Inform_306540,PUR_IED_IsmaelPerd_Inform_306540,,,,,
2026-09-12T10:36:05-05:00,PUR_IED_IsmaelPerd_S30_2e2c83,PUR_IED_IsmaelPerd_S30_2e2c83,,,,,
2026-09-12T10:36:05-05:00,PUR_IED_JLozano_Exter_432910,PUR_IED_JLozano_Exter_432910,,,,,
2026-09-12T10:36:05-05:00,PUR_IED_JLozano_salaMulti_df5125,PUR_IED_JLozano_salaMulti_df5125,,,,,
2026-09-12T10:36:05-05:00,PUR_IED_JMCordoba_206_86f80b,PUR_IED_JMCordoba_206_86f80b,,,,,
2026-09-12T10:36:05-05:00,PUR_IED_JMCordoba_Ext_27ad97,PUR_IED_JMCordoba_Ext_27ad97,,,,,
2026-09-12T10:36:05-05:00,PUR_IED_JMCordoba_S310_d59ab4,PUR_IED_JMCordoba_S310_d59ab4,,,,,
2026-09-12T10:36:05-05:00,PUR_IED_Japon_Ext_549100,PUR_IED_Japon_Ext_549100,,,,,
2026-09-12T10:36:05-05:00,PUR_IED_Japon_Laboratorio_bec51d,PUR_IED_Japon_Laboratorio_bec51d,,,,,
2026-09-12T10:36:05-05:00,PUR_IED_Japon_informatica_d99327,PUR_IED_Japon_informatica_d99327,,,,,
2026-09-12T10:36:05-05:00,PUR_IED_Jazmin_Ext_d27bda,PUR_IED_Jazmin_Ext_d27bda,,,,,
2026-09-12T10:36:05-05:00,PUR_IED_Jazmin_Fisica_8d14d7,PUR_IED_Jazmin_Fisica_8d14d7,,,,,
2026-09-12T10:36:05-05:00,PUR_IED_Jazmin_Quimica_801cb5,PUR_IED_Jazmin_Quimica_801cb5,,,,,
2026-09-12T10:36:05-05:00,PUR_IED_JorgeGaitan_Exter_f098d1,PUR_IED_JorgeGaitan_Exter_f098d1,,,,,
2026-09-12T10:36:05-05:00,PUR_IED_JorgeGaitan_STec1_dc9d1d,PUR_IED_JorgeGaitan_STec1_dc9d1d,,,,,
2026-09-12T10:36:05-05:00,PUR_IED_JorgeGaitan_STec2_281e69,PUR_IED_JorgeGaitan_STec2_281e69,,,,,
2026-09-12T10:36:05-05:00,PUR_IED_JorgeSoto_Exterio_d9d0a2,PUR_IED_JorgeSoto_Exterio_d9d0a2,,,,,
2026-09-12T10:36:05-05:00,PUR_IED_JorgeSoto_LabFisi_209c54,PUR_IED_JorgeSoto_LabFisi_209c54,,,,,
2026-09-12T10:36:05-05:00,PUR_IED_JorgeSoto_S103_27b51a,PUR_IED_JorgeSoto_S103_27b51a,,,,,
2026-09-12T10:36:05-05:00,PUR_IED_JoseAcevedo_A02_e965eb,PUR_IED_JoseAcevedo_A02_e965eb,,,,,
2026-09-12T10:36:05-05:00,PUR_IED_JoseAcevedo_A07_dd5b4,PUR_IED_JoseAcevedo_A07_dd5b4,,,,,
2026-09-12T10:36:05-05:00,PUR_IED_JoseAcevedo_Ext_b47484,PUR_IED_JoseAcevedo_Ext_b47484,,,,,
2026-09-12T10:36:05-05:00,PUR_IED_JoseMarti_Exte_5b9bf,PUR_IED_JoseMarti_Exte_5b9bf,,,,,
2026-09-12T10:36:05-05:00,PUR_IED_JoseMarti_LabQuim_1c6c2d,PUR_IED_JoseMarti_LabQuim_1c6c2d,,,,,
2026-09-12T10:36:05-05:00,PUR_IED_JoseMarti_S_info_f5f177,PUR_IED_JoseMarti_S_info_f5f177,,,,,
2026-09-12T10:36:05-05:00,PUR_IED_Josejoaquin_Ext_dfc5dc,PUR_IED_Josejoaquin_Ext_dfc5dc,,,,,
2026-09-12T10:36:05-05:00,PUR_IED_Josejoaquin_S05_5b2a96,PUR_IED_Josejoaquin_S05_5b2a96,,,,,
2026-09-12T10:36:05-05:00,PUR_IED_Josejoaquin_S06_1ce7d2,PUR_IED_Josejoaquin_S06_1ce7d2,,,,,
2026-09-12T10:36:05-05:00,PUR_IED_JulioFlorez_Danza_9b82dd,PUR_IED_JulioFlorez_Danza_9b82dd,,,,,
2026-09-12T10:36:05-05:00,PUR_IED_JulioFlorez_Exter_f9f314,PUR_IED_JulioFlorez_Exter_f9f314,,,,,
2026-09-12T10:36:05-05:00,PUR_IED_JulioFlorez_info2_6b6e08,PUR_IED_JulioFlorez_info2_6b6e08,,,,,
2026-09-12T10:36:05-05:00,PUR_IED_LaBelleza_Aula13_1d00d8,PUR_IED_LaBelleza_Aula13_1d00d8,,,,,
2026-09-12T10:36:05-05:00,PUR_IED_LaBelleza_Ext_7bc08c,PUR_IED_LaBelleza_Ext_7bc08c,,,,,
2026-09-12T10:36:05-05:00,PUR_IED_LaChucua_Ext_8cd6d2,PUR_IED_LaChucua_Ext_8cd6d2,,,,,
2026-09-12T10:36:05-05:00,PUR_IED_LaChucua_S15_f578ce,PUR_IED_LaChucua_S15_f578ce,,,,,
2026-09-12T10:36:05-05:00,PUR_IED_LaChucua_S16_eebcf9,PUR_IED_LaChucua_S16_eebcf9,,,,,
2026-09-12T10:36:05-05:00,PUR_IED_LaFelicidad_Ext_fb5109,PUR_IED_LaFelicidad_Ext_fb5109,,,,,
2026-09-12T10:36:05-05:00,PUR_IED_LaMerced_206_66ebd,PUR_IED_LaMerced_206_66ebd,,,,,
2026-09-12T10:36:05-05:00,PUR_IED_LaMerced_207_6ebd6,PUR_IED_LaMerced_207_6ebd6,,,,,
2026-09-12T10:36:05-05:00,PUR_IED_LaMerced_ext_304311,PUR_IED_LaMerced_ext_304311,,,,,
2026-09-12T10:36:05-05:00,PUR_IED_Laureano_CiencNat_281e5e,PUR_IED_Laureano_CiencNat_281e5e,,,,,
2026-09-12T10:36:05-05:00,PUR_IED_Laureano_Comedor_f65c0a,PUR_IED_Laureano_Comedor_f65c0a,,,,,
2026-09-12T10:36:05-05:00,PUR_IED_Laureano_Exterior_7ab011,PUR_IED_Laureano_Exterior_7ab011,,,,,
2026-09-12T10:36:05-05:00,PUR_IED_LeonGreiff_Exte_dfe560,PUR_IED_LeonGreiff_Exte_dfe560,,,,,
2026-09-12T10:36:05-05:00,PUR_IED_LeonGreiff_S210_f264ed,PUR_IED_LeonGreiff_S210_f264ed,,,,,
2026-09-12T10:36:05-05:00,PUR_IED_LeonGreiff_SQuimi_e8296f,PUR_IED_LeonGreiff_SQuimi_e8296f,,,,,
2026-09-12T10:36:05-05:00,PUR_IED_LlanoOrientalS208_7b9fcd,PUR_IED_LlanoOrientalS208_7b9fcd,,,,,
2026-09-12T10:36:05-05:00,PUR_IED_LlanoOriental_Ext_fb3766,PUR_IED_LlanoOriental_Ext_fb3766,,,,,
2026-09-12T10:36:05-05:00,PUR_IED_LlanoOriental_S208_7b9fcd,PUR_IED_LlanoOriental_S208_7b9fcd,,,,,
2026-09-12T10:36:05-05:00,PUR_IED_LlanoOriental_S9_27b378,PUR_IED_LlanoOriental_S9_27b378,,,,,
2026-09-12T10:36:05-05:00,PUR_IED_LosTejares_1101_477602,PUR_IED_LosTejares_1101_477602,,,,,
2026-09-12T10:36:05-05:00,PUR_IED_LosTejares_11_d2c595,PUR_IED_LosTejares_11_d2c595,,,,,
2026-09-12T10:36:05-05:00,PUR_IED_LosTejares_12_477602,PUR_IED_LosTejares_12_477602,,,,,
2026-09-12T10:36:05-05:00,PUR_IED_LosTejares_Ext_8e2115,PUR_IED_LosTejares_Ext_8e2115,,,,,
2026-09-12T10:36:05-05:00,PUR_IED_MagdalenaO_B202_5ddda3,PUR_IED_MagdalenaO_B202_5ddda3,,,,,
2026-09-12T10:36:05-05:00,PUR_IED_MagdalenaO_B205_fb76e8,PUR_IED_MagdalenaO_B205_fb76e8,,,,,
2026-09-12T10:36:05-05:00,PUR_IED_MagdalenaO_ext_dc69cd,PUR_IED_MagdalenaO_ext_dc69cd,,,,,
2026-09-12T10:36:05-05:00,PUR_IED_ManueCepeda_artes_eee956,PUR_IED_ManueCepeda_artes_eee956,,,,,
2026-09-12T10:36:05-05:00,PUR_IED_ManuelCepeda_Ext_58313,PUR_IED_ManuelCepeda_Ext_58313,,,,,
2026-09-12T10:36:05-05:00,PUR_IED_ManuelCepeda_tec_1c5731,PUR_IED_ManuelCepeda_tec_1c5731,,,,,
2026-09-12T10:36:05-05:00,PUR_IED_ManuelS_Exterior_5b269,PUR_IED_ManuelS_Exterior_5b269,,,,,
2026-09-12T10:36:05-05:00,PUR_IED_ManuelS_Inform_f369ce,PUR_IED_ManuelS_Inform_f369ce,,,,,
2026-09-12T10:36:05-05:00,PUR_IED_ManuelS_SArtes_7d15f1,PUR_IED_ManuelS_SArtes_7d15f1,,,,,
2026-09-12T10:36:05-05:00,PUR_IED_ManuelZapata_303_3ca6,PUR_IED_ManuelZapata_303_3ca6,,,,,
2026-09-12T10:36:05-05:00,PUR_IED_ManuelZapata_311_bfbabc,PUR_IED_ManuelZapata_311_bfbabc,,,,,
2026-09-12T10:36:05-05:00,PUR_IED_ManuelZapata_Ext_50824a,PUR_IED_ManuelZapata_Ext_50824a,,,,,
2026-09-12T10:36:05-05:00,PUR_IED_ManuelitaS_Exteri_656a92,PUR_IED_ManuelitaS_Exteri_656a92,,,,,
2026-09-12T10:36:05-05:00,PUR_IED_ManuelitaS_JuzgDe_f58ec3,PUR_IED_ManuelitaS_JuzgDe_f58ec3,,,,,
2026-09-12T10:36:05-05:00,PUR_IED_ManuelitaS_Recrea_d793db,PUR_IED_ManuelitaS_Recrea_d793db,,,,,
2026-09-12T10:36:05-05:00,PUR_IED_MarFidSuarez_Ext_c27b19,PUR_IED_MarFidSuarez_Ext_c27b19,,,,,
2026-09-12T10:36:05-05:00,PUR_IED_MarFidSuarez_Info_e384d7,PUR_IED_MarFidSuarez_Info_e384d7,,,,,
2026-09-12T10:36:05-05:00,PUR_IED_MarFidSuarez_S306_1d0032,PUR_IED_MarFidSuarez_S306_1d0032,,,,,
2026-09-12T10:36:05-05:00,PUR_IED_Menorah_301_2a25a3,PUR_IED_Menorah_301_2a25a3,,,,,
2026-09-12T10:36:05-05:00,PUR_IED_Menorah_306_37ed3,PUR_IED_Menorah_306_37ed3,,,,,
2026-09-12T10:36:05-05:00,PUR_IED_Menorah_Ext_3e155b,PUR_IED_Menorah_Ext_3e155b,,,,,
2026-09-12T10:36:05-05:00,PUR_IED_MinutoB.Aires_A11_1b1604,PUR_IED_MinutoB.Aires_A11_1b1604,,,,,
2026-09-12T10:36:05-05:00,PUR_IED_MinutoB.Aires_A12_fb5860,PUR_IED_MinutoB.Aires_A12_fb5860,,,,,
2026-09-12T10:36:05-05:00,PUR_IED_MinutoB.Aires_Ext_81293f,PUR_IED_MinutoB.Aires_Ext_81293f,,,,,
2026-09-12T10:36:05-05:00,PUR_IED_MinutoBAires_A11_1b1604,PUR_IED_MinutoBAires_A11_1b1604,,,,,
2026-09-12T10:36:05-05:00,PUR_IED_MinutoBAires_A12_fb5860,PUR_IED_MinutoBAires_A12_fb5860,,,,,
2026-09-12T10:36:05-05:00,PUR_IED_MinutoBAires_Ext_81293f,PUR_IED_MinutoBAires_Ext_81293f,,,,,
2026-09-12T10:36:05-05:00,PUR_IED_Montreal_Aula10_1e4959,PUR_IED_Montreal_Aula10_1e4959,,,,,
2026-09-12T10:36:05-05:00,PUR_IED_Montreal_Aula6_300367,PUR_IED_Montreal_Aula6_300367,,,,,
2026-09-12T10:36:05-05:00,PUR_IED_Montreal_Exterior_91a179,PUR_IED_Montreal_Exterior_91a179,,,,,
2026-09-12T10:36:05-05:00,PUR_IED_Mqgdalena_B202_5ddda3,PUR_IED_Mqgdalena_B202_5ddda3,,,,,
2026-09-12T10:36:05-05:00,PUR_IED_NACUND_Soc_dc8728,PUR_IED_NACUND_Soc_dc8728,,,,,
2026-09-12T10:36:05-05:00,PUR_IED_NACUND_ext_27ad97,PUR_IED_NACUND_ext_27ad97,,,,,
2026-09-12T10:36:05-05:00,PUR_IED_NEsperanza_Ext_d24b61,PUR_IED_NEsperanza_Ext_d24b61,,,,,
2026-09-12T10:36:05-05:00,PUR_IED_NEsperanza_SElect_7d1807,PUR_IED_NEsperanza_SElect_7d1807,,,,,
2026-09-12T10:36:05-05:00,PUR_IED_NEsperanza_SLabor_8b2d0a,PUR_IED_NEsperanza_SLabor_8b2d0a,,,,,
2026-09-12T10:36:05-05:00,PUR_IED_NacionesU_Ext_f661a9,PUR_IED_NacionesU_Ext_f661a9,,,,,
2026-09-12T10:36:05-05:00,PUR_IED_NacionesU_Quimica_66f0a,PUR_IED_NacionesU_Quimica_66f0a,,,,,
2026-09-12T10:36:05-05:00,PUR_IED_NacionesU_S306_1b4b3d,PUR_IED_NacionesU_S306_1b4b3d,,,,,
2026-09-12T10:36:05-05:00,PUR_IED_NestorFA_Ext_e4201c,PUR_IED_NestorFA_Ext_e4201c,,,,,
2026-09-12T10:36:05-05:00,PUR_IED_NestorFA_Laborato_f22fe0,PUR_IED_NestorFA_Laborato_f22fe0,,,,,
2026-09-12T10:36:05-05:00,PUR_IED_NestorFA_S204_dee996,PUR_IED_NestorFA_S204_dee996,,,,,
2026-09-12T10:36:05-05:00,PUR_IED_NidyaQT_Aula03_76999b,PUR_IED_NidyaQT_Aula03_76999b,,,,,
2026-09-12T10:36:05-05:00,PUR_IED_NidyaQT_Aula10_56325,PUR_IED_NidyaQT_Aula10_56325,,,,,
2026-09-12T10:36:05-05:00,PUR_IED_NidyaQT_Ext_46e32d,PUR_IED_NidyaQT_Ext_46e32d,,,,,
2026-09-12T10:36:05-05:00,PUR_IED_NuevaCol_Exterior_d9b859,PUR_IED_NuevaCol_Exterior_d9b859,,,,,
2026-09-12T10:36:05-05:00,PUR_IED_NuevaCol_S1101_76c43b,PUR_IED_NuevaCol_S1101_76c43b,,,,,
2026-09-12T10:36:05-05:00,PUR_IED_NuevaCol_S1102_1ce0b5,PUR_IED_NuevaCol_S1102_1ce0b5,,,,,
2026-09-12T10:36:05-05:00,PUR_IED_OEA_A202_f7e3f2,PUR_IED_OEA_A202_f7e3f2,,,,,
2026-09-12T10:36:05-05:00,PUR_IED_OEA_A203_7d1b8d,PUR_IED_OEA_A203_7d1b8d,,,,,
2026-09-12T10:36:05-05:00,PUR_IED_OEA_Ext_27b593,PUR_IED_OEA_Ext_27b593,,,,,
2026-09-12T10:36:05-05:00,PUR_IED_Ochoa_Ext_1c29da,PUR_IED_Ochoa_Ext_1c29da,,,,,
2026-09-12T10:36:05-05:00,PUR_IED_Ochoa_S205_8b1121,PUR_IED_Ochoa_S205_8b1121,,,,,
2026-09-12T10:36:05-05:00,PUR_IED_Ochoa_Sistemas_f33af6,PUR_IED_Ochoa_Sistemas_f33af6,,,,,
2026-09-12T10:36:05-05:00,PUR_IED_PQuebec_Ext_1c67c7,PUR_IED_PQuebec_Ext_1c67c7,,,,,
2026-09-12T10:36:05-05:00,PUR_IED_PQuebec_S15_23e8e2,PUR_IED_PQuebec_S15_23e8e2,,,,,
2026-09-12T10:36:05-05:00,PUR_IED_PQuebec_S16_8ec76b,PUR_IED_PQuebec_S16_8ec76b,,,,,
2026-09-12T10:36:05-05:00,PUR_IED_PabloN_Ext_49dc96,PUR_IED_PabloN_Ext_49dc96,,,,,
2026-09-12T10:36:05-05:00,PUR_IED_PabloN_S1102_4e3df5,PUR_IED_PabloN_S1102_4e3df5,,,,,
2026-09-12T10:36:05-05:00,PUR_IED_PabloN_S1103_50c94b,PUR_IED_PabloN_S1103_50c94b,,,,,
2026-09-12T10:36:05-05:00,PUR_IED_Palestina_S1101_db9198,PUR_IED_Palestina_S1101_db9198,,,,,
2026-09-12T10:36:05-05:00,PUR_IED_Palestina_S1102_dc54fa,PUR_IED_Palestina_S1102_dc54fa,,,,,
2026-09-12T10:36:05-05:00,PUR_IED_Palestina_ext_4ccce6,PUR_IED_Palestina_ext_4ccce6,,,,,
2026-09-12T10:36:05-05:00,PUR_IED_Panama_Fisica_4d0794,PUR_IED_Panama_Fisica_4d0794,,,,,
2026-09-12T10:36:05-05:00,PUR_IED_Panama_SIngles_a4077e,PUR_IED_Panama_SIngles_a4077e,,,,,
2026-09-12T10:36:05-05:00,PUR_IED_Panama_ext_4c54b4,PUR_IED_Panama_ext_4c54b4,,,,,
2026-09-12T10:36:05-05:00,PUR_IED_ParaisoM_Exterior_8cd7f0,PUR_IED_ParaisoM_Exterior_8cd7f0,,,,,
2026-09-12T10:36:05-05:00,PUR_IED_ParaisoM_Laborato_27af35,PUR_IED_ParaisoM_Laborato_27af35,,,,,
2026-09-12T10:36:05-05:00,PUR_IED_ParaisoM_S304_d1edca,PUR_IED_ParaisoM_S304_d1edca,,,,,
2026-09-12T10:36:05-05:00,PUR_IED_PorfirioBarba_Ext_301466,PUR_IED_PorfirioBarba_Ext_301466,,,,,
2026-09-12T10:36:05-05:00,PUR_IED_PorfirioBarba_S11_df6cd2,PUR_IED_PorfirioBarba_S11_df6cd2,,,,,
2026-09-12T10:36:05-05:00,PUR_IED_PorfirioBarba_S29_27a7d6,PUR_IED_PorfirioBarba_S29_27a7d6,,,,,
2026-09-12T10:36:05-05:00,PUR_IED_PradoV_Exter_8b27ad,PUR_IED_PradoV_Exter_8b27ad,,,,,
2026-09-12T10:36:05-05:00,PUR_IED_PradoV_S301_de65b5,PUR_IED_PradoV_S301_de65b5,,,,,
2026-09-12T10:36:05-05:00,PUR_IED_PradoV_S302_7d2593,PUR_IED_PradoV_S302_7d2593,,,,,
2026-09-12T10:36:05-05:00,PUR_IED_QuirogaAlz_Ext_1ddc82,PUR_IED_QuirogaAlz_Ext_1ddc82,,,,,
2026-09-12T10:36:05-05:00,PUR_IED_QuirogaAlz_S302_9926a3,PUR_IED_QuirogaAlz_S302_9926a3,,,,,
2026-09-12T10:36:05-05:00,PUR_IED_QuirogaAlz_S305_cdf1f1,PUR_IED_QuirogaAlz_S305_cdf1f1,,,,,
2026-09-12T10:36:05-05:00,PUR_IED_RGuatemala_Biling_dc53b7,PUR_IED_RGuatemala_Biling_dc53b7,,,,,
2026-09-12T10:36:05-05:00,PUR_IED_RGuatemala_Ext_1b89a3,PUR_IED_RGuatemala_Ext_1b89a3,,,,,
2026-09-12T10:36:05-05:00,PUR_IED_RGuatemala_Tecnol_281a34,PUR_IED_RGuatemala_Tecnol_281a34,,,,,
2026-09-12T10:36:05-05:00,PUR_IED_RafaNu_Ext_f7c302,PUR_IED_RafaNu_Ext_f7c302,,,,,
2026-09-12T10:36:05-05:00,PUR_IED_RafaNu_S1101_25fde,PUR_IED_RafaNu_S1101_25fde,,,,,
2026-09-12T10:36:05-05:00,PUR_IED_RafaNu_S1102_281517,PUR_IED_RafaNu_S1102_281517,,,,,
2026-09-12T10:36:05-05:00,PUR_IED_RafaelB_S305_ee2783,PUR_IED_RafaelB_S305_ee2783,,,,,
2026-09-12T10:36:05-05:00,PUR_IED_RafaelB_S306_75fe33,PUR_IED_RafaelB_S306_75fe33,,,,,
2026-09-12T10:36:05-05:00,PUR_IED_RafaelB_ext_283336,PUR_IED_RafaelB_ext_283336,2,20,56,4.6722,-74.0737
2026-09-12T10:36:05-05:00,PUR_IED_RafaelUU_Exterior_281a51,PUR_IED_RafaelUU_Exterior_281a51,,,,,
2026-09-12T10:36:05-05:00,PUR_IED_RafaelUU_Human_806b2,PUR_IED_RafaelUU_Human_806b2,,,,,
2026-09-12T10:36:05-05:00,PUR_IED_RafaelUU_Mate2_5680d4,PUR_IED_RafaelUU_Mate2_5680d4,,,,,
2026-09-12T10:36:05-05:00,PUR_IED_RamonSub_Ext_f9eeb9,PUR_IED_RamonSub_Ext_f9eeb9,,,,,
2026-09-12T10:36:05-05:00,PUR_IED_RamonSub_Media_d1f62f,PUR_IED_RamonSub_Media_d1f62f,,,,,
2026-09-12T10:36:05-05:00,PUR_IED_RamonSub_planta_51b82,PUR_IED_RamonSub_planta_51b82,,,,,
2026-09-12T10:36:05-05:00,PUR_IED_RepBoliVene_Exter_27af7c,PUR_IED_RepBoliVene_Exter_27af7c,,,,,
2026-09-12T10:36:05-05:00,PUR_IED_RepBoliVene_SCPT_5ae2ee,PUR_IED_RepBoliVene_SCPT_5ae2ee,,,,,
2026-09-12T10:36:05-05:00,PUR_IED_RepBoliVene_Socia_4b11d5,PUR_IED_RepBoliVene_Socia_4b11d5,,,,,
2026-09-12T10:36:05-05:00,PUR_IED_RepChina_Ext_76d9ee,PUR_IED_RepChina_Ext_76d9ee,,,,,
2026-09-12T10:36:05-05:00,PUR_IED_RepChina_S404_7c804c,PUR_IED_RepChina_S404_7c804c,,,,,
2026-09-12T10:36:05-05:00,PUR_IED_RepChina_S405_df2c33,PUR_IED_RepChina_S405_df2c33,,,,,
2026-09-12T10:36:05-05:00,PUR_IED_RepublicaC_Exteri_7d1ec9,PUR_IED_RepublicaC_Exteri_7d1ec9,,,,,
2026-09-12T10:36:05-05:00,PUR_IED_RepublicaC_S1101_f544b3,PUR_IED_RepublicaC_S1101_f544b3,,,,,
2026-09-12T10:36:05-05:00,PUR_IED_RepublicaC_S1102_7aafc7,PUR_IED_RepublicaC_S1102_7aafc7,,,,,
2026-09-12T10:36:05-05:00,PUR_IED_Ricaurte_Externo_a0ea1,PUR_IED_Ricaurte_Externo_a0ea1,,,,,
2026-09-12T10:36:05-05:00,PUR_IED_Ricaurte_S210_f546fd,PUR_IED_Ricaurte_S210_f546fd,,,,,
2026-09-12T10:36:05-05:00,PUR_IED_Ricaurte_S309_d4452,PUR_IED_Ricaurte_S309_d4452,,,,,
2026-09-12T10:36:05-05:00,PUR_IED_RogelioS_1102_531e69,PUR_IED_RogelioS_1102_531e69,,,,,
2026-09-12T10:36:05-05:00,PUR_IED_RogelioS_Ext_f25a18,PUR_IED_RogelioS_Ext_f25a18,,,,,
2026-09-12T10:36:05-05:00,PUR_IED_SBernardino_Ext_27aff8,PUR_IED_SBernardino_Ext_27aff8,,,,,
2026-09-12T10:36:05-05:00,PUR_IED_SBernardino_SArte_2ffd33,PUR_IED_SBernardino_SArte_2ffd33,,,,,
2026-09-12T10:36:05-05:00,PUR_IED_SBernardino_SIngl_7c7da5,PUR_IED_SBernardino_SIngl_7c7da5,,,,,
2026-09-12T10:36:05-05:00,PUR_IED_Sago_auditorio_dc9d1d,PUR_IED_Sago_auditorio_dc9d1d,,,,,
2026-09-12T10:36:05-05:00,PUR_IED_Saludcoop_Ext_95aac3,PUR_IED_Saludcoop_Ext_95aac3,,,,,
2026-09-12T10:36:05-05:00,PUR_IED_Saludcoop_InfI_90c854,PUR_IED_Saludcoop_InfI_90c854,,,,,
2026-09-12T10:36:05-05:00,PUR_IED_Saludcoop_SMedia_1b93be,PUR_IED_Saludcoop_SMedia_1b93be,,,,,
2026-09-12T10:36:05-05:00,PUR_IED_SanCarlos_1101_1a2360,PUR_IED_SanCarlos_1101_1a2360,,,,,
2026-09-12T10:36:05-05:00,PUR_IED_SanCarlos_1103_7bafb5,PUR_IED_SanCarlos_1103_7bafb5,,,,,
2026-09-12T10:36:05-05:00,PUR_IED_SanCarlos_Ext_b7cd1,PUR_IED_SanCarlos_Ext_b7cd1,,,,,
2026-09-12T10:36:05-05:00,PUR_IED_SanIgnacioBosa11a_50c26e,PUR_IED_SanIgnacioBosa11a_50c26e,,,,,
2026-09-12T10:36:05-05:00,PUR_IED_SanIgnacioBosa11b_371de8,PUR_IED_SanIgnacioBosa11b_371de8,,,,,
2026-09-12T10:36:05-05:00,PUR_IED_SanIgnacioBosaExt_ef0ffc,PUR_IED_SanIgnacioBosaExt_ef0ffc,,,,,
2026-09-12T10:36:05-05:00,PUR_IED_SanIgnacioBosa_11a_50c26e,PUR_IED_SanIgnacioBosa_11a_50c26e,,,,,
2026-09-12T10:36:05-05:00,PUR_IED_SanIgnacioBosa_Ext_ef0ffc,PUR_IED_SanIgnacioBosa_Ext_ef0ffc,,,,,
2026-09-12T10:36:05-05:00,PUR_IED_SanJoseN_intS1101_31c47f,PUR_IED_SanJoseN_intS1101_31c47f,,,,,
2026-09-12T10:36:05-05:00,PUR_IED_SanJoseUsm_Exter_f5d7e8,PUR_IED_SanJoseUsm_Exter_f5d7e8,,,,,
2026-09-12T10:36:05-05:00,PUR_IED_SanJoseUsm_Int11A_cfdef6,PUR_IED_SanJoseUsm_Int11A_cfdef6,,,,,
2026-09-12T10:36:05-05:00,PUR_IED_SilveriaR_IntB5_905349,PUR_IED_SilveriaR_IntB5_905349,,,,,
2026-09-12T10:36:05-05:00,PUR_IED_SilveriaR_IntSD14_981f93,PUR_IED_SilveriaR_IntSD14_981f93,,,,,
2026-09-12T10:36:05-05:00,PUR_IED_SilveriaR_ext_2b651d,PUR_IED_SilveriaR_ext_2b651d,,,,,
2026-09-12T10:36:05-05:00,PUR_IED_SimonB_Exterior_913975,PUR_IED_SimonB_Exterior_913975,,,,,
2026-09-12T10:36:05-05:00,PUR_IED_SimonB_LabQuimi_c56908,PUR_IED_SimonB_LabQuimi_c56908,,,,,
2026-09-12T10:36:05-05:00,PUR_IED_SimonB_informatic_a28c1,PUR_IED_SimonB_informatic_a28c1,,,,,
2026-09-12T10:36:05-05:00,PUR_IED_Sorrento_1102_315f50,PUR_IED_Sorrento_1102_315f50,,,,,
2026-09-12T10:36:05-05:00,PUR_IED_Sorrento_Minte_214eab,PUR_IED_Sorrento_Minte_214eab,,,,,
2026-09-12T10:36:05-05:00,PUR_IED_Sorrento_ext_7c3a0a,PUR_IED_Sorrento_ext_7c3a0a,,,,,
2026-09-12T10:36:05-05:00,PUR_IED_Tabora_Ext_f048ae,PUR_IED_Tabora_Ext_f048ae,,,,,
2026-09-12T10:36:05-05:00,PUR_IED_Tabora_S1102_b07752,PUR_IED_Tabora_S1102_b07752,,,,,
2026-09-12T10:36:05-05:00,PUR_IED_Tabora_S1103_d988f5,PUR_IED_Tabora_S1103_d988f5,,,,,
2026-09-12T10:36:05-05:00,PUR_IED_Tenerife_Ext_1ab188,PUR_IED_Tenerife_Ext_1ab188,,,,,
2026-09-12T10:36:05-05:00,PUR_IED_Tenerife_SDanzas_7bc02e,PUR_IED_Tenerife_SDanzas_7bc02e,,,,,
2026-09-12T10:36:05-05:00,PUR_IED_Tenerife_SIngles_7cc277,PUR_IED_Tenerife_SIngles_7cc277,,,,,
2026-09-12T10:36:05-05:00,PUR_IED_Tibabuyes_Exter_f2683d,PUR_IED_Tibabuyes_Exter_f2683d,,,,,
2026-09-12T10:36:05-05:00,PUR_IED_Tibabuyes_S10_dc87a8,PUR_IED_Tibabuyes_S10_dc87a8,,,,,
2026-09-12T10:36:05-05:00,PUR_IED_Tibabuyes_S15_dc0526,PUR_IED_Tibabuyes_S15_dc0526,,,,,
2026-09-12T10:36:05-05:00,PUR_IED_UnionE_S301_a1043,PUR_IED_UnionE_S301_a1043,,,,,
2026-09-12T10:36:05-05:00,PUR_IED_UnionE_S307_ff6c2f,PUR_IED_UnionE_S307_ff6c2f,,,,,
2026-09-12T10:36:05-05:00,PUR_IED_UnionE__Ext_5e2468,PUR_IED_UnionE__Ext_5e2468,,,,,
2026-09-12T10:36:05-05:00,PUR_IED_VillaRica_Ext_75be7c,PUR_IED_VillaRica_Ext_75be7c,,,,,
2026-09-12T10:36:05-05:00,PUR_IED_VillaRica_S4_cc5dcd,PUR_IED_VillaRica_S4_cc5dcd,,,,,
2026-09-12T10:36:05-05:00,PUR_IED_VillaRica_Sesp_99f5c,PUR_IED_VillaRica_Sesp_99f5c,,,,,
2026-09-12T10:41:13-05:00,PUR_IED_20deJulio_1101_91b1b9,PUR_IED_20deJulio_1101_91b1b9,,,,,
2026-09-12T10:41:13-05:00,PUR_IED_20deJulio_1102_1cfcf9,PUR_IED_20deJulio_1102_1cfcf9,,,,,
2026-09-12T10:41:13-05:00,PUR_IED_20deJulio_Ext_ab60bd,PUR_IED_20deJulio_Ext_ab60bd,,,,,
2026-09-12T10:41:13-05:00,PUR_IED_AgustinFer_Ext_7b9b77,PUR_IED_AgustinFer_Ext_7b9b77,,,,,
2026-09-12T10:41:13-05:00,PUR_IED_AgustinFer_Info2_27b3a7,PUR_IED_AgustinFer_Info2_27b3a7,,,,,
2026-09-12T10:41:13-05:00,PUR_IED_AgustinFer_Sena_54b4eb,PUR_IED_AgustinFer_Sena_54b4eb,,,,,
2026-09-12T10:41:13-05:00,PUR_IED_AlexanderF_1102_caf07b,PUR_IED_AlexanderF_1102_caf07b,,,,,
2026-09-12T10:41:13-05:00,PUR_IED_AlexanderF_1103_c79e71,PUR_IED_AlexanderF_1103_c79e71,,,,,
2026-09-12T10:41:13-05:00,PUR_IED_AlexanderF_Ext_c5b18b,PUR_IED_AlexanderF_Ext_c5b18b,,,,,
2026-09-12T10:41:13-05:00,PUR_IED_AlfonsoLopez_Ext_281d77,PUR_IED_AlfonsoLopez_Ext_281d77,,,,,
2026-09-12T10:41:13-05:00,PUR_IED_AlfonsoLopez_LabF_888ce0,PUR_IED_AlfonsoLopez_LabF_888ce0,,,,,
2026-09-12T10:41:13-05:00,PUR_IED_AlfonsoLopez_SMed_df6a7f,PUR_IED_AlfonsoLopez_SMed_df6a7f,,,,,
2026-09-12T10:41:13-05:00,PUR_IED_AltamiraSO_A2_209f92,PUR_IED_AltamiraSO_A2_209f92,,,,,
2026-09-12T10:41:13-05:00,PUR_IED_AltamiraSO_Ext_186d66,PUR_IED_AltamiraSO_Ext_186d66,,,,,
2026-09-12T10:41:13-05:00,PUR_IED_AltamiraSO_Sistem_27afe1,PUR_IED_AltamiraSO_Sistem_27afe1,,,,,
2026-09-12T10:41:13-05:00,PUR_IED_AlvaroGom_LabQuim_813179,PUR_IED_AlvaroGom_LabQuim_813179,,,,,
2026-09-12T10:41:13-05:00,PUR_IED_AlvaroGomez_Ext_47c7ca,PUR_IED_AlvaroGomez_Ext_47c7ca,,,,,
2026-09-12T10:41:13-05:00,PUR_IED_AlvaroGomez_LabQuim_813179,PUR_IED_AlvaroGomez_LabQuim_813179,,,,,
2026-09-12T10:41:13-05:00,PUR_IED_AlvaroGomez_S23_7ba89f,PUR_IED_AlvaroGomez_S23_7ba89f,,,,,
2026-09-12T10:41:13-05:00,PUR_IED_Amistad_306_dc8728,PUR_IED_Amistad_306_dc8728,,,,,
2026-09-12T10:41:13-05:00,PUR_IED_Amistad_Ext_8cd55e,PUR_IED_Amistad_Ext_8cd55e,,,,,
2026-09-12T10:41:13-05:00,PUR_IED_Amistad_S202_a41169,PUR_IED_Amistad_S202_a41169,,,,,
2026-09-12T10:41:13-05:00,PUR_IED_AndresBello_Bio_fd5f5e,PUR_IED_AndresBello_Bio_fd5f5e,,,,,
2026-09-12T10:41:13-05:00,PUR_IED_AndresBello_ext_dcad65,PUR_IED_AndresBello_ext_dcad65,,,,,
2026-09-12T10:41:13-05:00,PUR_IED_AndresBello_port_eed3ec,PUR_IED_AndresBello_port_eed3ec,,,,,
2026-09-12T10:41:13-05:00,PUR_IED_AngelaR_11b_d90a6b,PUR_IED_AngelaR_11b_d90a6b,,,,,
2026-09-12T10:41:13-05:00,PUR_IED_AngelaR_ext_7cad3e,PUR_IED_AngelaR_ext_7cad3e,,,,,
2026-09-12T10:41:13-05:00,PUR_IED_AntJoseSucre_10mo_df2575,PUR_IED_AntJoseSucre_10mo_df2575,,,,,
2026-09-12T10:41:13-05:00,PUR_IED_AntJoseSucre_Ext_215b36,PUR_IED_AntJoseSucre_Ext_215b36,,,,,
2026-09-12T10:41:13-05:00,PUR_IED_AntJoseSucre_Lab_3139de,PUR_IED_AntJoseSucre_Lab_3139de,,,,,
2026-09-12T10:41:13-05:00,PUR_IED_AntonioGarcia_301_d6b188,PUR_IED_AntonioGarcia_301_d6b188,,,,,
2026-09-12T10:41:13-05:00,PUR_IED_AntonioGarcia_302_88a82,PUR_IED_AntonioGarcia_302_88a82,,,,,
2026-09-12T10:41:13-05:00,PUR_IED_AntonioGarcia_Ext_20950c,PUR_IED_AntonioGarcia_Ext_20950c,,,,,
2026-09-12T10:41:13-05:00,PUR_IED_AntonioVan_Aula2_6dea02,PUR_IED_AntonioVan_Aula2_6dea02,,,,,
2026-09-12T10:41:13-05:00,PUR_IED_AntonioVan_Aula5_f1557e,PUR_IED_AntonioVan_Aula5_f1557e,,,,,
2026-09-12T10:41:13-05:00,PUR_IED_AntonioVan_Ext_406f2f,PUR_IED_AntonioVan_Ext_406f2f,,,,,
2026-09-12T10:41:13-05:00,PUR_IED_Atabanzha_Ext_cc5af9,PUR_IED_Atabanzha_Ext_cc5af9,,,,,
2026-09-12T10:41:13-05:00,PUR_IED_Atabanzha_SA101_56c37,PUR_IED_Atabanzha_SA101_56c37,,,,,
2026-09-12T10:41:13-05:00,PUR_IED_Atabanzha_SB302_27b374,PUR_IED_Atabanzha_SB302_27b374,,,,,
2026-09-12T10:41:13-05:00,PUR_IED_Atahualpa_Ext_fc1748,PUR_IED_Atahualpa_Ext_fc1748,,,,,
2026-09-12T10:41:13-05:00,PUR_IED_Atahualpa_Informa_dc9a95,PUR_IED_Atahualpa_Informa_dc9a95,,,,,
2026-09-12T10:41:13-05:00,PUR_IED_Atahualpa_S1101_f98056,PUR_IED_Atahualpa_S1101_f98056,,,,,
2026-09-12T10:41:13-05:00,PUR_IED_Bellavista_Ext_f5aa74,PUR_IED_Bellavista_Ext_f5aa74,,,,,
2026-09-12T10:41:13-05:00,PUR_IED_Bilbao_11A_916c41,PUR_IED_Bilbao_11A_916c41,,,,,
2026-09-12T10:41:13-05:00,PUR_IED_Bilbao_Ext_fb579a,PUR_IED_Bilbao_Ext_fb579a,,,,,
2026-09-12T10:41:13-05:00,PUR_IED_BrasiliaU_A125_304280,PUR_IED_BrasiliaU_A125_304280,,,,,
2026-09-12T10:41:13-05:00,PUR_IED_BrasiliaU_A203_7c8ca5,PUR_IED_BrasiliaU_A203_7c8ca5,,,,,
2026-09-12T10:41:13-05:00,PUR_IED_BrasiliaU_Ext_8d6e9f,PUR_IED_BrasiliaU_Ext_8d6e9f,6,18,61,4.5175,-74.116302
2026-09-12T10:41:13-05:00,PUR_IED_Brasilia_Ext_fe6593,PUR_IED_Brasilia_Ext_fe6593,,,,,
2026-09-12T10:41:13-05:00,PUR_IED_Brasilia_S24_7c130d,PUR_IED_Brasilia_S24_7c130d,,,,,
2026-09-12T10:41:13-05:00,PUR_IED_Brasilia_S501_186a54,PUR_IED_Brasilia_S501_186a54,,,,,
2026-09-12T10:41:13-05:00,PUR_IED_CHARRY_EXT_f1d5cd,PUR_IED_CHARRY_EXT_f1d5cd,,,,,
2026-09-12T10:41:13-05:00,PUR_IED_CHARRY_INTDANZAS_7a08e6,PUR_IED_CHARRY_INTDANZAS_7a08e6,,,,,
2026-09-12T10:41:13-05:00,PUR_IED_CHARRY_INT_AULA20_dc998d,PUR_IED_CHARRY_INT_AULA20_dc998d,,,,,
2026-09-12T10:41:13-05:00,PUR_IED_COLVIV_1101_S25_7f520a,PUR_IED_COLVIV_1101_S25_7f520a,,,,,
2026-09-12T10:41:13-05:00,PUR_IED_COLVIV_1102_S16_f570ba,PUR_IED_COLVIV_1102_S16_f570ba,,,,,
2026-09-12T10:41:13-05:00,PUR_IED_COLVIV_Ext_1a26fa,PUR_IED_COLVIV_Ext_1a26fa,,,,,
2026-09-12T10:41:13-05:00,PUR_IED_CULPOP_301A_f660f3,PUR_IED_CULPOP_301A_f660f3,,,,,
2026-09-12T10:41:13-05:00,PUR_IED_CULPOP_303_568afe,PUR_IED_CULPOP_303_568afe,,,,,
2026-09-12T10:41:13-05:00,PUR_IED_CULPOP_Ext_e02ccb,PUR_IED_CULPOP_Ext_e02ccb,,,,,
2026-09-12T10:41:13-05:00,PUR_IED_CVillavicen_Ext_26eb58,PUR_IED_CVillavicen_Ext_26eb58,6,16,78,4.487,-74.102798
2026-09-12T10:41:13-05:00,PUR_IED_CVillavicen_Intel_1ce5c2,PUR_IED_CVillavicen_Intel_1ce5c2,,,,,
2026-09-12T10:41:13-05:00,PUR_IED_CVillavicen_Poliv_e0766c,PUR_IED_CVillavicen_Poliv_e0766c,,,,,
2026-09-12T10:41:13-05:00,PUR_IED_CVillavicen_int_1ba140,PUR_IED_CVillavicen_int_1ba140,,,,,
2026-09-12T10:41:13-05:00,PUR_IED_CVillavicen_intel_1ba140,PUR_IED_CVillavicen_intel_1ba140,,,,,
2026-09-12T10:41:13-05:00,PUR_IED_CarlosPizarro_Ext_e307cc,PUR_IED_CarlosPizarro_Ext_e307cc,,,,,
2026-09-12T10:41:13-05:00,PUR_IED_CarlosPizarro_L36_7e5cdb,PUR_IED_CarlosPizarro_L36_7e5cdb,,,,,
2026-09-12T10:41:13-05:00,PUR_IED_CarlosPizarro_L37_c8566c,PUR_IED_CarlosPizarro_L37_c8566c,,,,,
2026-09-12T10:41:13-05:00,PUR_IED_Castilla_Ext_cf35f,PUR_IED_Castilla_Ext_cf35f,,,,,
2026-09-12T10:41:13-05:00,PUR_IED_Castilla_SFisik_360e38,PUR_IED_Castilla_SFisik_360e38,,,,,
2026-09-12T10:41:13-05:00,PUR_IED_Castilla_Sc304_496fbf,PUR_IED_Castilla_Sc304_496fbf,,,,,
2026-09-12T10:41:13-05:00,PUR_IED_CervantesSa_Ext_6b57b,PUR_IED_CervantesSa_Ext_6b57b,4,19,66,4.5128,-74.117203
2026-09-12T10:41:13-05:00,PUR_IED_CervantesSa_S107_225c2b,PUR_IED_CervantesSa_S107_225c2b,,,,,
2026-09-12T10:41:13-05:00,PUR_IED_CervantesSa_S108_940925,PUR_IED_CervantesSa_S108_940925,,,,,
2026-09-12T10:41:13-05:00,PUR_IED_Charry_A20_f53e7c,PUR_IED_Charry_A20_f53e7c,,,,,
2026-09-12T10:41:13-05:00,PUR_IED_Charry_Ext_f1d5cd,PUR_IED_Charry_Ext_f1d5cd,,,,,
2026-09-12T10:41:13-05:00,PUR_IED_Charry_IntAula20_dc998d,PUR_IED_Charry_IntAula20_dc998d,,,,,
2026-09-12T10:41:13-05:00,PUR_IED_Charry_IntDanzas_7a08e6,PUR_IED_Charry_IntDanzas_7a08e6,,,,,
2026-09-12T10:41:13-05:00,PUR_IED_ClememciaC_203_43e2fc,PUR_IED_ClememciaC_203_43e2fc,,,,,
2026-09-12T10:41:13-05:00,PUR_IED_ClememciaC_Ext_1b411a,PUR_IED_ClememciaC_Ext_1b411a,,,,,
2026-09-12T10:41:13-05:00,PUR_IED_ClememciaC_Quimic_44b5fc,PUR_IED_ClememciaC_Quimic_44b5fc,,,,,
2026-09-12T10:41:13-05:00,PUR_IED_ClemenciaC_203_43e2fc,PUR_IED_ClemenciaC_203_43e2fc,,,,,
2026-09-12T10:41:13-05:00,PUR_IED_ClemenciaC_Ext_1b411a,PUR_IED_ClemenciaC_Ext_1b411a,,,,,
2026-09-12T10:41:13-05:00,PUR_IED_ClemenciaC_Quimic_44b5fc,PUR_IED_ClemenciaC_Quimic_44b5fc,,,,,
2026-09-12T10:41:13-05:00,PUR_IED_ColViva_1101_S25_7f520a,PUR_IED_ColViva_1101_S25_7f520a,,,,,
2026-09-12T10:41:13-05:00,PUR_IED_ColViva_1102_S16_f570ba,PUR_IED_ColViva_1102_S16_f570ba,,,,,
2026-09-12T10:41:13-05:00,PUR_IED_ColViva_Ext_1a26fa,PUR_IED_ColViva_Ext_1a26fa,,,,,
2026-09-12T10:41:13-05:00,PUR_IED_ColegioBici_Asist_7c8798,PUR_IED_ColegioBici_Asist_7c8798,,,,,
2026-09-12T10:41:13-05:00,PUR_IED_ColegioBici_Ext_25cbf6,PUR_IED_ColegioBici_Ext_25cbf6,,,,,
2026-09-12T10:41:13-05:00,PUR_IED_ColegioBici_LabQ_7b57db,PUR_IED_ColegioBici_LabQ_7b57db,,,,,
2026-09-12T10:41:13-05:00,PUR_IED_CostaRica_Ext_5e640,PUR_IED_CostaRica_Ext_5e640,,,,,
2026-09-12T10:41:13-05:00,PUR_IED_CostaRica_Quim1_766d1c,PUR_IED_CostaRica_Quim1_766d1c,,,,,
2026-09-12T10:41:13-05:00,PUR_IED_CostaRica__Fisica_6f0873,PUR_IED_CostaRica__Fisica_6f0873,,,,,
2026-09-12T10:41:13-05:00,PUR_IED_CulPopu_301A_f660f3,PUR_IED_CulPopu_301A_f660f3,,,,,
2026-09-12T10:41:13-05:00,PUR_IED_CulPopu_303_568afe,PUR_IED_CulPopu_303_568afe,,,,,
2026-09-12T10:41:13-05:00,PUR_IED_CulPopu_Ext_e02ccb,PUR_IED_CulPopu_Ext_e02ccb,,,,,
2026-09-12T10:41:13-05:00,PUR_IED_Cundinamarca_Ext_f15985,PUR_IED_Cundinamarca_Ext_f15985,,,,,
2026-09-12T10:41:13-05:00,PUR_IED_Cundinamarca_Info_7aa5d7,PUR_IED_Cundinamarca_Info_7aa5d7,,,,,
2026-09-12T10:41:13-05:00,PUR_IED_Cundinamarca_Tec2_f449c7,PUR_IED_Cundinamarca_Tec2_f449c7,,,,,
2026-09-12T10:41:13-05:00,PUR_IED_DiegoM_Aula1_27b314,PUR_IED_DiegoM_Aula1_27b314,,,,,
2026-09-12T10:41:13-05:00,PUR_IED_DiegoM_Ext_d80ac8,PUR_IED_DiegoM_Ext_d80ac8,,,,,
2026-09-12T10:41:13-05:00,PUR_IED_DiegoM_S25_da928f,PUR_IED_DiegoM_S25_da928f,,,,,
2026-09-12T10:41:13-05:00,PUR_IED_ELRODEO_360881,PUR_IED_ELRODEO_360881,,,,,
2026-09-12T10:41:13-05:00,PUR_IED_ELRODEO_ext_360881,PUR_IED_ELRODEO_ext_360881,,,,,
2026-09-12T10:41:13-05:00,PUR_IED_EduardoU_Ext_1c1969,PUR_IED_EduardoU_Ext_1c1969,,,,,
2026-09-12T10:41:13-05:00,PUR_IED_EduardoU_SCiencia_4dfb94,PUR_IED_EduardoU_SCiencia_4dfb94,,,,,
2026-09-12T10:41:13-05:00,PUR_IED_EduardoU_SQuimica_5a46e7,PUR_IED_EduardoU_SQuimica_5a46e7,,,,,
2026-09-12T10:41:13-05:00,PUR_IED_ElRodeo_Aula14_676984,PUR_IED_ElRodeo_Aula14_676984,,,,,
2026-09-12T10:41:13-05:00,PUR_IED_ElRodeo_Aula16_2dd35b,PUR_IED_ElRodeo_Aula16_2dd35b,,,,,
2026-09-12T10:41:13-05:00,PUR_IED_ElRodeo_Ext_360881,PUR_IED_ElRodeo_Ext_360881,,,,,
2026-09-12T10:41:13-05:00,PUR_IED_ElRodeo_Exterior_8c6d28,PUR_IED_ElRodeo_Exterior_8c6d28,,,,,
2026-09-12T10:41:13-05:00,PUR_IED_ElRodeo_ext_360881,PUR_IED_ElRodeo_ext_360881,,,,,
2026-09-12T10:41:13-05:00,PUR_IED_EmmaReyes_Ext_987625,PUR_IED_EmmaReyes_Ext_987625,2,21,48,4.6367,-74.1511
2026-09-12T10:41:13-05:00,PUR_IED_Ensueño_Ext_7f0250,PUR_IED_Ensueño_Ext_7f0250,,,,,
2026-09-12T10:41:13-05:00,PUR_IED_EscNormal_Ext_5fef3b,PUR_IED_EscNormal_Ext_5fef3b,2,21,55,4.5852,-74.096901
2026-09-12T10:41:13-05:00,PUR_IED_EscNormal_S309_5b263,PUR_IED_EscNormal_S309_5b263,,,,,
2026-09-12T10:41:13-05:00,PUR_IED_EscNormal_S310_27b3b8,PUR_IED_EscNormal_S310_27b3b8,,,,,
2026-09-12T10:41:13-05:00,PUR_IED_Evangelista_Conta_f6cd4f,PUR_IED_Evangelista_Conta_f6cd4f,,,,,
2026-09-12T10:41:13-05:00,PUR_IED_Evangelista_Cri_5e16a,PUR_IED_Evangelista_Cri_5e16a,,,,,
2026-09-12T10:41:13-05:00,PUR_IED_Evangelista_Exter_754066,PUR_IED_Evangelista_Exter_754066,,,,,
2026-09-12T10:41:13-05:00,PUR_IED_FMiranda_S209_5cc2a3,PUR_IED_FMiranda_S209_5cc2a3,,,,,
2026-09-12T10:41:13-05:00,PUR_IED_FMiranda_S303_19e344,PUR_IED_FMiranda_S303_19e344,,,,,
2026-09-12T10:41:13-05:00,PUR_IED_FMiranda_ext_f53e7c,PUR_IED_FMiranda_ext_f53e7c,,,,,
2026-09-12T10:41:13-05:00,PUR_IED_FabioLozano_Bibli_1cee05,PUR_IED_FabioLozano_Bibli_1cee05,,,,,
2026-09-12T10:41:13-05:00,PUR_IED_FabioLozano_Ext_6ea285,PUR_IED_FabioLozano_Ext_6ea285,,,,,
2026-09-12T10:41:13-05:00,PUR_IED_FabioLozano_SLudi_f09e1e,PUR_IED_FabioLozano_SLudi_f09e1e,,,,,
2026-09-12T10:41:13-05:00,PUR_IED_FaustinoS_Aula07_27a731,PUR_IED_FaustinoS_Aula07_27a731,,,,,
2026-09-12T10:41:13-05:00,PUR_IED_FaustinoS_Ext_7b936f,PUR_IED_FaustinoS_Ext_7b936f,,,,,
2026-09-12T10:41:13-05:00,PUR_IED_FaustinoS_Fisica_da2c60,PUR_IED_FaustinoS_Fisica_da2c60,,,,,
2026-09-12T10:41:13-05:00,PUR_IED_FeGarciaLo_Ext_dc68ee,PUR_IED_FeGarciaLo_Ext_dc68ee,,,,,
2026-09-12T10:41:13-05:00,PUR_IED_FeGarciaLo_SDanza_f70a59,PUR_IED_FeGarciaLo_SDanza_f70a59,,,,,
2026-09-12T10:41:13-05:00,PUR_IED_FeGarciaLo_SMusic_125cdd,PUR_IED_FeGarciaLo_SMusic_125cdd,,,,,
2026-09-12T10:41:13-05:00,PUR_IED_FederalAlema_Exte_50c345,PUR_IED_FederalAlema_Exte_50c345,,,,,
2026-09-12T10:41:13-05:00,PUR_IED_FederalAlema_S31_f18371,PUR_IED_FederalAlema_S31_f18371,,,,,
2026-09-12T10:41:13-05:00,PUR_IED_FederalAlema_S901_a62cd,PUR_IED_FederalAlema_S901_a62cd,,,,,
2026-09-12T10:41:13-05:00,PUR_IED_FilarmonicaS_A5_f35eb1,PUR_IED_FilarmonicaS_A5_f35eb1,,,,,
2026-09-12T10:41:13-05:00,PUR_IED_FilarmonicaS_Ext_8a3bde,PUR_IED_FilarmonicaS_Ext_8a3bde,,,,,
2026-09-12T10:41:13-05:00,PUR_IED_FilarmonicaS_Spol_406114,PUR_IED_FilarmonicaS_Spol_406114,,,,,
2026-09-12T10:41:13-05:00,PUR_IED_FlorentinoG_A13_d1fa59,PUR_IED_FlorentinoG_A13_d1fa59,,,,,
2026-09-12T10:41:13-05:00,PUR_IED_FlorentinoG_Ext_1ce6ce,PUR_IED_FlorentinoG_Ext_1ce6ce,,,,,
2026-09-12T10:41:13-05:00,PUR_IED_FlorentinoG_Idiom_a66aac,PUR_IED_FlorentinoG_Idiom_a66aac,,,,,
2026-09-12T10:41:13-05:00,PUR_IED_FranciscoMati_Ext_e3869d,PUR_IED_FranciscoMati_Ext_e3869d,,,,,
2026-09-12T10:41:13-05:00,PUR_IED_FranciscoMati_S13_f31c67,PUR_IED_FranciscoMati_S13_f31c67,,,,,
2026-09-12T10:41:13-05:00,PUR_IED_FranciscoMati_S14_97dead,PUR_IED_FranciscoMati_S14_97dead,,,,,
2026-09-12T10:41:13-05:00,PUR_IED_FranciscoPS_Ext_7bfa9a,PUR_IED_FranciscoPS_Ext_7bfa9a,2,23,51,4.5899,-74.110397
2026-09-12T10:41:13-05:00,PUR_IED_FranciscoPS_Infor_fb8f4c,PUR_IED_FranciscoPS_Infor_fb8f4c,,,,,
2026-09-12T10:41:13-05:00,PUR_IED_FranciscoPS_Quimi_94d39c,PUR_IED_FranciscoPS_Quimi_94d39c,,,,,
2026-09-12T10:41:13-05:00,PUR_IED_FranciscoP_LabQ_d7e148,PUR_IED_FranciscoP_LabQ_d7e148,,,,,
2026-09-12T10:41:13-05:00,PUR_IED_FranciscoP_S28_cf9b30,PUR_IED_FranciscoP_S28_cf9b30,,,,,
2026-09-12T10:41:13-05:00,PUR_IED_FranciscoP_ext_e2313,PUR_IED_FranciscoP_ext_e2313,,,,,
2026-09-12T10:41:13-05:00,PUR_IED_FriederichN_Ext_8ac92a,PUR_IED_FriederichN_Ext_8ac92a,,,,,
2026-09-12T10:41:13-05:00,PUR_IED_FriederichN_S301_dd7e5a,PUR_IED_FriederichN_S301_dd7e5a,,,,,
2026-09-12T10:41:13-05:00,PUR_IED_FriederichN_S308_761f4f,PUR_IED_FriederichN_S308_761f4f,,,,,
2026-09-12T10:41:13-05:00,PUR_IED_GSantander_Aula10_533dd7,PUR_IED_GSantander_Aula10_533dd7,,,,,
2026-09-12T10:41:13-05:00,PUR_IED_GSantander_Aula12_fd4e4f,PUR_IED_GSantander_Aula12_fd4e4f,,,,,
2026-09-12T10:41:13-05:00,PUR_IED_GSantander_Aula310_533dd7,PUR_IED_GSantander_Aula310_533dd7,,,,,
2026-09-12T10:41:13-05:00,PUR_IED_GSantander_Aula312_fd4e4f,PUR_IED_GSantander_Aula312_fd4e4f,,,,,
2026-09-12T10:41:13-05:00,PUR_IED_GSantander_Ext_5f66b0,PUR_IED_GSantander_Ext_5f66b0,,,,,
2026-09-12T10:41:13-05:00,PUR_IED_GYomasa_Ext_f6bea5,PUR_IED_GYomasa_Ext_f6bea5,,,,,
2026-09-12T10:41:13-05:00,PUR_IED_GYomasa_LBiol_2c41aa,PUR_IED_GYomasa_LBiol_2c41aa,,,,,
2026-09-12T10:41:13-05:00,PUR_IED_GYomasa_LQuim_33c80,PUR_IED_GYomasa_LQuim_33c80,,,,,
2026-09-12T10:41:13-05:00,PUR_IED_GabBetMejia_Cienc_5a99c,PUR_IED_GabBetMejia_Cienc_5a99c,,,,,
2026-09-12T10:41:13-05:00,PUR_IED_GabBetMejia_Ext_9153d0,PUR_IED_GabBetMejia_Ext_9153d0,,,,,
2026-09-12T10:41:13-05:00,PUR_IED_GabBetMejia_Lab_f55347,PUR_IED_GabBetMejia_Lab_f55347,,,,,
2026-09-12T10:41:13-05:00,PUR_IED_GabBetanMejia_Ext_9153d0,PUR_IED_GabBetanMejia_Ext_9153d0,,,,,
2026-09-12T10:41:13-05:00,PUR_IED_Gaitana_Aula13_7aac11,PUR_IED_Gaitana_Aula13_7aac11,,,,,
2026-09-12T10:41:13-05:00,PUR_IED_Gaitana_Ext_5fcf4,PUR_IED_Gaitana_Ext_5fcf4,,,,,
2026-09-12T10:41:13-05:00,PUR_IED_Gaitana_LabFisica_644448,PUR_IED_Gaitana_LabFisica_644448,,,,,
2026-09-12T10:41:13-05:00,PUR_IED_GenSantander_Dise_8ac858,PUR_IED_GenSantander_Dise_8ac858,,,,,
2026-09-12T10:41:13-05:00,PUR_IED_GenSantander_Ext_8d5dfe,PUR_IED_GenSantander_Ext_8d5dfe,,,,,
2026-09-12T10:41:13-05:00,PUR_IED_GenSantander_Info_6c25b,PUR_IED_GenSantander_Info_6c25b,,,,,
2026-09-12T10:41:13-05:00,PUR_IED_GustavoMo_Exterio_75e63d,PUR_IED_GustavoMo_Exterio_75e63d,,,,,
2026-09-12T10:41:13-05:00,PUR_IED_GustavoMo_LabFisi_224d37,PUR_IED_GustavoMo_LabFisi_224d37,,,,,
2026-09-12T10:41:13-05:00,PUR_IED_GustavoMo_S208_3e6918,PUR_IED_GustavoMo_S208_3e6918,,,,,
2026-09-12T10:41:13-05:00,PUR_IED_GustavoR_A02_8cd4a8,PUR_IED_GustavoR_A02_8cd4a8,,,,,
2026-09-12T10:41:13-05:00,PUR_IED_GustavoR_B11_5b0ed,PUR_IED_GustavoR_B11_5b0ed,,,,,
2026-09-12T10:41:13-05:00,PUR_IED_GustavoR_Ext_7a0c90,PUR_IED_GustavoR_Ext_7a0c90,,,,,
2026-09-12T10:41:13-05:00,PUR_IED_HernandoDuran_Ext_8cd82b,PUR_IED_HernandoDuran_Ext_8cd82b,,,,,
2026-09-12T10:41:13-05:00,PUR_IED_HernandoDuran_S24_2772c6,PUR_IED_HernandoDuran_S24_2772c6,,,,,
2026-09-12T10:41:13-05:00,PUR_IED_HernandoDuran_S30_f2de41,PUR_IED_HernandoDuran_S30_f2de41,,,,,
2026-09-12T10:41:13-05:00,PUR_IED_HolguInUr_S1101_8cd732,PUR_IED_HolguInUr_S1101_8cd732,,,,,
2026-09-12T10:41:13-05:00,PUR_IED_HolguinUr_Exter_ddae6d,PUR_IED_HolguinUr_Exter_ddae6d,,,,,
2026-09-12T10:41:13-05:00,PUR_IED_HolguinUr_LabQuim_92b952,PUR_IED_HolguinUr_LabQuim_92b952,,,,,
2026-09-12T10:41:13-05:00,PUR_IED_Isabel-II_Ext_5245cc,PUR_IED_Isabel-II_Ext_5245cc,2,20,52,4.6336,-74.153
2026-09-12T10:41:13-05:00,PUR_IED_Isabel-II_S_idiom_1c29aa,PUR_IED_Isabel-II_S_idiom_1c29aa,,,,,
2026-09-12T10:41:13-05:00,PUR_IED_Isabel-II_S_infor_fd741,PUR_IED_Isabel-II_S_infor_fd741,,,,,
2026-09-12T10:41:13-05:00,PUR_IED_IsidroSur_Exterio_5b90ea,PUR_IED_IsidroSur_Exterio_5b90ea,,,,,
2026-09-12T10:41:13-05:00,PUR_IED_IsidroSur_LabTec_56697a,PUR_IED_IsidroSur_LabTec_56697a,,,,,
2026-09-12T10:41:13-05:00,PUR_IED_IsidroSur_Robotic_b7c38f,PUR_IED_IsidroSur_Robotic_b7c38f,,,,,
2026-09-12T10:41:13-05:00,PUR_IED_IsmaelPerd_Ext_7b6672,PUR_IED_IsmaelPerd_Ext_7b6672,,,,,
2026-09-12T10:41:13-05:00,PUR_IED_IsmaelPerd_Inform_306540,PUR_IED_IsmaelPerd_Inform_306540,,,,,
2026-09-12T10:41:13-05:00,PUR_IED_IsmaelPerd_S30_2e2c83,PUR_IED_IsmaelPerd_S30_2e2c83,,,,,
2026-09-12T10:41:13-05:00,PUR_IED_JLozano_Exter_432910,PUR_IED_JLozano_Exter_432910,,,,,
2026-09-12T10:41:13-05:00,PUR_IED_JLozano_salaMulti_df5125,PUR_IED_JLozano_salaMulti_df5125,,,,,
2026-09-12T10:41:13-05:00,PUR_IED_JMCordoba_206_86f80b,PUR_IED_JMCordoba_206_86f80b,,,,,
2026-09-12T10:41:13-05:00,PUR_IED_JMCordoba_Ext_27ad97,PUR_IED_JMCordoba_Ext_27ad97,,,,,
2026-09-12T10:41:13-05:00,PUR_IED_JMCordoba_S310_d59ab4,PUR_IED_JMCordoba_S310_d59ab4,,,,,
2026-09-12T10:41:13-05:00,PUR_IED_Japon_Ext_549100,PUR_IED_Japon_Ext_549100,,,,,
2026-09-12T10:41:13-05:00,PUR_IED_Japon_Laboratorio_bec51d,PUR_IED_Japon_Laboratorio_bec51d,,,,,
2026-09-12T10:41:13-05:00,PUR_IED_Japon_informatica_d99327,PUR_IED_Japon_informatica_d99327,,,,,
2026-09-12T10:41:13-05:00,PUR_IED_Jazmin_Ext_d27bda,PUR_IED_Jazmin_Ext_d27bda,,,,,
2026-09-12T10:41:13-05:00,PUR_IED_Jazmin_Fisica_8d14d7,PUR_IED_Jazmin_Fisica_8d14d7,,,,,
2026-09-12T10:41:13-05:00,PUR_IED_Jazmin_Quimica_801cb5,PUR_IED_Jazmin_Quimica_801cb5,,,,,
2026-09-12T10:41:13-05:00,PUR_IED_JorgeGaitan_Exter_f098d1,PUR_IED_JorgeGaitan_Exter_f098d1,,,,,
2026-09-12T10:41:13-05:00,PUR_IED_JorgeGaitan_STec1_dc9d1d,PUR_IED_JorgeGaitan_STec1_dc9d1d,,,,,
2026-09-12T10:41:13-05:00,PUR_IED_JorgeGaitan_STec2_281e69,PUR_IED_JorgeGaitan_STec2_281e69,,,,,
2026-09-12T10:41:13-05:00,PUR_IED_JorgeSoto_Exterio_d9d0a2,PUR_IED_JorgeSoto_Exterio_d9d0a2,,,,,
2026-09-12T10:41:13-05:00,PUR_IED_JorgeSoto_LabFisi_209c54,PUR_IED_JorgeSoto_LabFisi_209c54,,,,,
2026-09-12T10:41:13-05:00,PUR_IED_JorgeSoto_S103_27b51a,PUR_IED_JorgeSoto_S103_27b51a,,,,,
2026-09-12T10:41:13-05:00,PUR_IED_JoseAcevedo_A02_e965eb,PUR_IED_JoseAcevedo_A02_e965eb,,,,,
2026-09-12T10:41:13-05:00,PUR_IED_JoseAcevedo_A07_dd5b4,PUR_IED_JoseAcevedo_A07_dd5b4,,,,,
2026-09-12T10:41:13-05:00,PUR_IED_JoseAcevedo_Ext_b47484,PUR_IED_JoseAcevedo_Ext_b47484,,,,,
2026-09-12T10:41:13-05:00,PUR_IED_JoseMarti_Exte_5b9bf,PUR_IED_JoseMarti_Exte_5b9bf,,,,,
2026-09-12T10:41:13-05:00,PUR_IED_JoseMarti_LabQuim_1c6c2d,PUR_IED_JoseMarti_LabQuim_1c6c2d,,,,,
2026-09-12T10:41:13-05:00,PUR_IED_JoseMarti_S_info_f5f177,PUR_IED_JoseMarti_S_info_f5f177,,,,,
2026-09-12T10:41:13-05:00,PUR_IED_Josejoaquin_Ext_dfc5dc,PUR_IED_Josejoaquin_Ext_dfc5dc,,,,,
2026-09-12T10:41:13-05:00,PUR_IED_Josejoaquin_S05_5b2a96,PUR_IED_Josejoaquin_S05_5b2a96,,,,,
2026-09-12T10:41:13-05:00,PUR_IED_Josejoaquin_S06_1ce7d2,PUR_IED_Josejoaquin_S06_1ce7d2,,,,,
2026-09-12T10:41:13-05:00,PUR_IED_JulioFlorez_Danza_9b82dd,PUR_IED_JulioFlorez_Danza_9b82dd,,,,,
2026-09-12T10:41:13-05:00,PUR_IED_JulioFlorez_Exter_f9f314,PUR_IED_JulioFlorez_Exter_f9f314,,,,,
2026-09-12T10:41:13-05:00,PUR_IED_JulioFlorez_info2_6b6e08,PUR_IED_JulioFlorez_info2_6b6e08,,,,,
2026-09-12T10:41:13-05:00,PUR_IED_LaBelleza_Aula13_1d00d8,PUR_IED_LaBelleza_Aula13_1d00d8,,,,,
2026-09-12T10:41:13-05:00,PUR_IED_LaBelleza_Ext_7bc08c,PUR_IED_LaBelleza_Ext_7bc08c,,,,,
2026-09-12T10:41:13-05:00,PUR_IED_LaChucua_Ext_8cd6d2,PUR_IED_LaChucua_Ext_8cd6d2,,,,,
2026-09-12T10:41:13-05:00,PUR_IED_LaChucua_S15_f578ce,PUR_IED_LaChucua_S15_f578ce,,,,,
2026-09-12T10:41:13-05:00,PUR_IED_LaChucua_S16_eebcf9,PUR_IED_LaChucua_S16_eebcf9,,,,,
2026-09-12T10:41:13-05:00,PUR_IED_LaFelicidad_Ext_fb5109,PUR_IED_LaFelicidad_Ext_fb5109,,,,,
2026-09-12T10:41:13-05:00,PUR_IED_LaMerced_206_66ebd,PUR_IED_LaMerced_206_66ebd,,,,,
2026-09-12T10:41:13-05:00,PUR_IED_LaMerced_207_6ebd6,PUR_IED_LaMerced_207_6ebd6,,,,,
2026-09-12T10:41:13-05:00,PUR_IED_LaMerced_ext_304311,PUR_IED_LaMerced_ext_304311,,,,,
2026-09-12T10:41:13-05:00,PUR_IED_Laureano_CiencNat_281e5e,PUR_IED_Laureano_CiencNat_281e5e,,,,,
2026-09-12T10:41:13-05:00,PUR_IED_Laureano_Comedor_f65c0a,PUR_IED_Laureano_Comedor_f65c0a,,,,,
2026-09-12T10:41:13-05:00,PUR_IED_Laureano_Exterior_7ab011,PUR_IED_Laureano_Exterior_7ab011,,,,,
2026-09-12T10:41:13-05:00,PUR_IED_LeonGreiff_Exte_dfe560,PUR_IED_LeonGreiff_Exte_dfe560,,,,,
2026-09-12T10:41:13-05:00,PUR_IED_LeonGreiff_S210_f264ed,PUR_IED_LeonGreiff_S210_f264ed,,,,,
2026-09-12T10:41:13-05:00,PUR_IED_LeonGreiff_SQuimi_e8296f,PUR_IED_LeonGreiff_SQuimi_e8296f,,,,,
2026-09-12T10:41:13-05:00,PUR_IED_LlanoOrientalS208_7b9fcd,PUR_IED_LlanoOrientalS208_7b9fcd,,,,,
2026-09-12T10:41:13-05:00,PUR_IED_LlanoOriental_Ext_fb3766,PUR_IED_LlanoOriental_Ext_fb3766,,,,,
2026-09-12T10:41:13-05:00,PUR_IED_LlanoOriental_S208_7b9fcd,PUR_IED_LlanoOriental_S208_7b9fcd,,,,,
2026-09-12T10:41:13-05:00,PUR_IED_LlanoOriental_S9_27b378,PUR_IED_LlanoOriental_S9_27b378,,,,,
2026-09-12T10:41:13-05:00,PUR_IED_LosTejares_1101_477602,PUR_IED_LosTejares_1101_477602,,,,,
2026-09-12T10:41:13-05:00,PUR_IED_LosTejares_11_d2c595,PUR_IED_LosTejares_11_d2c595,,,,,
2026-09-12T10:41:13-05:00,PUR_IED_LosTejares_12_477602,PUR_IED_LosTejares_12_477602,,,,,
2026-09-12T10:41:13-05:00,PUR_IED_LosTejares_Ext_8e2115,PUR_IED_LosTejares_Ext_8e2115,,,,,
2026-09-12T10:41:13-05:00,PUR_IED_MagdalenaO_B202_5ddda3,PUR_IED_MagdalenaO_B202_5ddda3,,,,,
2026-09-12T10:41:13-05:00,PUR_IED_MagdalenaO_B205_fb76e8,PUR_IED_MagdalenaO_B205_fb76e8,,,,,
2026-09-12T10:41:13-05:00,PUR_IED_MagdalenaO_ext_dc69cd,PUR_IED_MagdalenaO_ext_dc69cd,,,,,
2026-09-12T10:41:13-05:00,PUR_IED_ManueCepeda_artes_eee956,PUR_IED_ManueCepeda_artes_eee956,,,,,
2026-09-12T10:41:13-05:00,PUR_IED_ManuelCepeda_Ext_58313,PUR_IED_ManuelCepeda_Ext_58313,,,,,
2026-09-12T10:41:13-05:00,PUR_IED_ManuelCepeda_tec_1c5731,PUR_IED_ManuelCepeda_tec_1c5731,,,,,
2026-09-12T10:41:13-05:00,PUR_IED_ManuelS_Exterior_5b269,PUR_IED_ManuelS_Exterior_5b269,,,,,
2026-09-12T10:41:13-05:00,PUR_IED_ManuelS_Inform_f369ce,PUR_IED_ManuelS_Inform_f369ce,,,,,
2026-09-12T10:41:13-05:00,PUR_IED_ManuelS_SArtes_7d15f1,PUR_IED_ManuelS_SArtes_7d15f1,,,,,
2026-09-12T10:41:13-05:00,PUR_IED_ManuelZapata_303_3ca6,PUR_IED_ManuelZapata_303_3ca6,,,,,
2026-09-12T10:41:13-05:00,PUR_IED_ManuelZapata_311_bfbabc,PUR_IED_ManuelZapata_311_bfbabc,,,,,
2026-09-12T10:41:13-05:00,PUR_IED_ManuelZapata_Ext_50824a,PUR_IED_ManuelZapata_Ext_50824a,,,,,
2026-09-12T10:41:13-05:00,PUR_IED_ManuelitaS_Exteri_656a92,PUR_IED_ManuelitaS_Exteri_656a92,,,,,
2026-09-12T10:41:13-05:00,PUR_IED_ManuelitaS_JuzgDe_f58ec3,PUR_IED_ManuelitaS_JuzgDe_f58ec3,,,,,
2026-09-12T10:41:13-05:00,PUR_IED_ManuelitaS_Recrea_d793db,PUR_IED_ManuelitaS_Recrea_d793db,,,,,
2026-09-12T10:41:13-05:00,PUR_IED_MarFidSuarez_Ext_c27b19,PUR_IED_MarFidSuarez_Ext_c27b19,,,,,
2026-09-12T10:41:13-05:00,PUR_IED_MarFidSuarez_Info_e384d7,PUR_IED_MarFidSuarez_Info_e384d7,,,,,
2026-09-12T10:41:13-05:00,PUR_IED_MarFidSuarez_S306_1d0032,PUR_IED_MarFidSuarez_S306_1d0032,,,,,
2026-09-12T10:41:13-05:00,PUR_IED_Menorah_301_2a25a3,PUR_IED_Menorah_301_2a25a3,,,,,
2026-09-12T10:41:13-05:00,PUR_IED_Menorah_306_37ed3,PUR_IED_Menorah_306_37ed3,,,,,
2026-09-12T10:41:13-05:00,PUR_IED_Menorah_Ext_3e155b,PUR_IED_Menorah_Ext_3e155b,,,,,
2026-09-12T10:41:13-05:00,PUR_IED_MinutoB.Aires_A11_1b1604,PUR_IED_MinutoB.Aires_A11_1b1604,,,,,
2026-09-12T10:41:13-05:00,PUR_IED_MinutoB.Aires_A12_fb5860,PUR_IED_MinutoB.Aires_A12_fb5860,,,,,
2026-09-12T10:41:13-05:00,PUR_IED_MinutoB.Aires_Ext_81293f,PUR_IED_MinutoB.Aires_Ext_81293f,,,,,
2026-09-12T10:41:13-05:00,PUR_IED_MinutoBAires_A11_1b1604,PUR_IED_MinutoBAires_A11_1b1604,,,,,
2026-09-12T10:41:13-05:00,PUR_IED_MinutoBAires_A12_fb5860,PUR_IED_MinutoBAires_A12_fb5860,,,,,
2026-09-12T10:41:13-05:00,PUR_IED_MinutoBAires_Ext_81293f,PUR_IED_MinutoBAires_Ext_81293f,,,,,
2026-09-12T10:41:13-05:00,PUR_IED_Montreal_Aula10_1e4959,PUR_IED_Montreal_Aula10_1e4959,,,,,
2026-09-12T10:41:13-05:00,PUR_IED_Montreal_Aula6_300367,PUR_IED_Montreal_Aula6_300367,,,,,
2026-09-12T10:41:13-05:00,PUR_IED_Montreal_Exterior_91a179,PUR_IED_Montreal_Exterior_91a179,,,,,
2026-09-12T10:41:13-05:00,PUR_IED_Mqgdalena_B202_5ddda3,PUR_IED_Mqgdalena_B202_5ddda3,,,,,
2026-09-12T10:41:13-05:00,PUR_IED_NACUND_Soc_dc8728,PUR_IED_NACUND_Soc_dc8728,,,,,
2026-09-12T10:41:13-05:00,PUR_IED_NACUND_ext_27ad97,PUR_IED_NACUND_ext_27ad97,,,,,
2026-09-12T10:41:13-05:00,PUR_IED_NEsperanza_Ext_d24b61,PUR_IED_NEsperanza_Ext_d24b61,,,,,
2026-09-12T10:41:13-05:00,PUR_IED_NEsperanza_SElect_7d1807,PUR_IED_NEsperanza_SElect_7d1807,,,,,
2026-09-12T10:41:13-05:00,PUR_IED_NEsperanza_SLabor_8b2d0a,PUR_IED_NEsperanza_SLabor_8b2d0a,,,,,
2026-09-12T10:41:13-05:00,PUR_IED_NacionesU_Ext_f661a9,PUR_IED_NacionesU_Ext_f661a9,,,,,
2026-09-12T10:41:13-05:00,PUR_IED_NacionesU_Quimica_66f0a,PUR_IED_NacionesU_Quimica_66f0a,,,,,
2026-09-12T10:41:13-05:00,PUR_IED_NacionesU_S306_1b4b3d,PUR_IED_NacionesU_S306_1b4b3d,,,,,
2026-09-12T10:41:13-05:00,PUR_IED_NestorFA_Ext_e4201c,PUR_IED_NestorFA_Ext_e4201c,,,,,
2026-09-12T10:41:13-05:00,PUR_IED_NestorFA_Laborato_f22fe0,PUR_IED_NestorFA_Laborato_f22fe0,,,,,
2026-09-12T10:41:13-05:00,PUR_IED_NestorFA_S204_dee996,PUR_IED_NestorFA_S204_dee996,,,,,
2026-09-12T10:41:13-05:00,PUR_IED_NidyaQT_Aula03_76999b,PUR_IED_NidyaQT_Aula03_76999b,,,,,
2026-09-12T10:41:13-05:00,PUR_IED_NidyaQT_Aula10_56325,PUR_IED_NidyaQT_Aula10_56325,,,,,
2026-09-12T10:41:13-05:00,PUR_IED_NidyaQT_Ext_46e32d,PUR_IED_NidyaQT_Ext_46e32d,,,,,
2026-09-12T10:41:13-05:00,PUR_IED_NuevaCol_Exterior_d9b859,PUR_IED_NuevaCol_Exterior_d9b859,,,,,
2026-09-12T10:41:13-05:00,PUR_IED_NuevaCol_S1101_76c43b,PUR_IED_NuevaCol_S1101_76c43b,,,,,
2026-09-12T10:41:13-05:00,PUR_IED_NuevaCol_S1102_1ce0b5,PUR_IED_NuevaCol_S1102_1ce0b5,,,,,
2026-09-12T10:41:13-05:00,PUR_IED_OEA_A202_f7e3f2,PUR_IED_OEA_A202_f7e3f2,,,,,
2026-09-12T10:41:13-05:00,PUR_IED_OEA_A203_7d1b8d,PUR_IED_OEA_A203_7d1b8d,,,,,
2026-09-12T10:41:13-05:00,PUR_IED_OEA_Ext_27b593,PUR_IED_OEA_Ext_27b593,,,,,
2026-09-12T10:41:13-05:00,PUR_IED_Ochoa_Ext_1c29da,PUR_IED_Ochoa_Ext_1c29da,,,,,
2026-09-12T10:41:13-05:00,PUR_IED_Ochoa_S205_8b1121,PUR_IED_Ochoa_S205_8b1121,,,,,
2026-09-12T10:41:13-05:00,PUR_IED_Ochoa_Sistemas_f33af6,PUR_IED_Ochoa_Sistemas_f33af6,,,,,
2026-09-12T10:41:13-05:00,PUR_IED_PQuebec_Ext_1c67c7,PUR_IED_PQuebec_Ext_1c67c7,,,,,
2026-09-12T10:41:13-05:00,PUR_IED_PQuebec_S15_23e8e2,PUR_IED_PQuebec_S15_23e8e2,,,,,
2026-09-12T10:41:13-05:00,PUR_IED_PQuebec_S16_8ec76b,PUR_IED_PQuebec_S16_8ec76b,,,,,
2026-09-12T10:41:13-05:00,PUR_IED_PabloN_Ext_49dc96,PUR_IED_PabloN_Ext_49dc96,,,,,
2026-09-12T10:41:13-05:00,PUR_IED_PabloN_S1102_4e3df5,PUR_IED_PabloN_S1102_4e3df5,,,,,
2026-09-12T10:41:13-05:00,PUR_IED_PabloN_S1103_50c94b,PUR_IED_PabloN_S1103_50c94b,,,,,
2026-09-12T10:41:13-05:00,PUR_IED_Palestina_S1101_db9198,PUR_IED_Palestina_S1101_db9198,,,,,
2026-09-12T10:41:13-05:00,PUR_IED_Palestina_S1102_dc54fa,PUR_IED_Palestina_S1102_dc54fa,,,,,
2026-09-12T10:41:13-05:00,PUR_IED_Palestina_ext_4ccce6,PUR_IED_Palestina_ext_4ccce6,,,,,
2026-09-12T10:41:13-05:00,PUR_IED_Panama_Fisica_4d0794,PUR_IED_Panama_Fisica_4d0794,,,,,
2026-09-12T10:41:13-05:00,PUR_IED_Panama_SIngles_a4077e,PUR_IED_Panama_SIngles_a4077e,,,,,
2026-09-12T10:41:13-05:00,PUR_IED_Panama_ext_4c54b4,PUR_IED_Panama_ext_4c54b4,,,,,
2026-09-12T10:41:13-05:00,PUR_IED_ParaisoM_Exterior_8cd7f0,PUR_IED_ParaisoM_Exterior_8cd7f0,,,,,
2026-09-12T10:41:13-05:00,PUR_IED_ParaisoM_Laborato_27af35,PUR_IED_ParaisoM_Laborato_27af35,,,,,
2026-09-12T10:41:13-05:00,PUR_IED_ParaisoM_S304_d1edca,PUR_IED_ParaisoM_S304_d1edca,,,,,
2026-09-12T10:41:13-05:00,PUR_IED_PorfirioBarba_Ext_301466,PUR_IED_PorfirioBarba_Ext_301466,,,,,
2026-09-12T10:41:13-05:00,PUR_IED_PorfirioBarba_S11_df6cd2,PUR_IED_PorfirioBarba_S11_df6cd2,,,,,
2026-09-12T10:41:13-05:00,PUR_IED_PorfirioBarba_S29_27a7d6,PUR_IED_PorfirioBarba_S29_27a7d6,,,,,
2026-09-12T10:41:13-05:00,PUR_IED_PradoV_Exter_8b27ad,PUR_IED_PradoV_Exter_8b27ad,,,,,
2026-09-12T10:41:13-05:00,PUR_IED_PradoV_S301_de65b5,PUR_IED_PradoV_S301_de65b5,,,,,
2026-09-12T10:41:13-05:00,PUR_IED_PradoV_S302_7d2593,PUR_IED_PradoV_S302_7d2593,,,,,
2026-09-12T10:41:13-05:00,PUR_IED_QuirogaAlz_Ext_1ddc82,PUR_IED_QuirogaAlz_Ext_1ddc82,,,,,
2026-09-12T10:41:13-05:00,PUR_IED_QuirogaAlz_S302_9926a3,PUR_IED_QuirogaAlz_S302_9926a3,,,,,
2026-09-12T10:41:13-05:00,PUR_IED_QuirogaAlz_S305_cdf1f1,PUR_IED_QuirogaAlz_S305_cdf1f1,,,,,
2026-09-12T10:41:13-05:00,PUR_IED_RGuatemala_Biling_dc53b7,PUR_IED_RGuatemala_Biling_dc53b7,,,,,
2026-09-12T10:41:13-05:00,PUR_IED_RGuatemala_Ext_1b89a3,PUR_IED_RGuatemala_Ext_1b89a3,,,,,
2026-09-12T10:41:13-05:00,PUR_IED_RGuatemala_Tecnol_281a34,PUR_IED_RGuatemala_Tecnol_281a34,,,,,
2026-09-12T10:41:13-05:00,PUR_IED_RafaNu_Ext_f7c302,PUR_IED_RafaNu_Ext_f7c302,,,,,
2026-09-12T10:41:13-05:00,PUR_IED_RafaNu_S1101_25fde,PUR_IED_RafaNu_S1101_25fde,,,,,
2026-09-12T10:41:13-05:00,PUR_IED_RafaNu_S1102_281517,PUR_IED_RafaNu_S1102_281517,,,,,
2026-09-12T10:41:13-05:00,PUR_IED_RafaelB_S305_ee2783,PUR_IED_RafaelB_S305_ee2783,,,,,
2026-09-12T10:41:13-05:00,PUR_IED_RafaelB_S306_75fe33,PUR_IED_RafaelB_S306_75fe33,,,,,
2026-09-12T10:41:13-05:00,PUR_IED_RafaelB_ext_283336,PUR_IED_RafaelB_ext_283336,2,20,56,4.6722,-74.0737
2026-09-12T10:41:13-05:00,PUR_IED_RafaelUU_Exterior_281a51,PUR_IED_RafaelUU_Exterior_281a51,,,,,
2026-09-12T10:41:13-05:00,PUR_IED_RafaelUU_Human_806b2,PUR_IED_RafaelUU_Human_806b2,,,,,
2026-09-12T10:41:13-05:00,PUR_IED_RafaelUU_Mate2_5680d4,PUR_IED_RafaelUU_Mate2_5680d4,,,,,
2026-09-12T10:41:13-05:00,PUR_IED_RamonSub_Ext_f9eeb9,PUR_IED_RamonSub_Ext_f9eeb9,,,,,
2026-09-12T10:41:13-05:00,PUR_IED_RamonSub_Media_d1f62f,PUR_IED_RamonSub_Media_d1f62f,,,,,
2026-09-12T10:41:13-05:00,PUR_IED_RamonSub_planta_51b82,PUR_IED_RamonSub_planta_51b82,,,,,
2026-09-12T10:41:13-05:00,PUR_IED_RepBoliVene_Exter_27af7c,PUR_IED_RepBoliVene_Exter_27af7c,,,,,
2026-09-12T10:41:13-05:00,PUR_IED_RepBoliVene_SCPT_5ae2ee,PUR_IED_RepBoliVene_SCPT_5ae2ee,,,,,
2026-09-12T10:41:13-05:00,PUR_IED_RepBoliVene_Socia_4b11d5,PUR_IED_RepBoliVene_Socia_4b11d5,,,,,
2026-09-12T10:41:13-05:00,PUR_IED_RepChina_Ext_76d9ee,PUR_IED_RepChina_Ext_76d9ee,,,,,
2026-09-12T10:41:13-05:00,PUR_IED_RepChina_S404_7c804c,PUR_IED_RepChina_S404_7c804c,,,,,
2026-09-12T10:41:13-05:00,PUR_IED_RepChina_S405_df2c33,PUR_IED_RepChina_S405_df2c33,,,,,
2026-09-12T10:41:13-05:00,PUR_IED_RepublicaC_Exteri_7d1ec9,PUR_IED_RepublicaC_Exteri_7d1ec9,,,,,
2026-09-12T10:41:13-05:00,PUR_IED_RepublicaC_S1101_f544b3,PUR_IED_RepublicaC_S1101_f544b3,,,,,
2026-09-12T10:41:13-05:00,PUR_IED_RepublicaC_S1102_7aafc7,PUR_IED_RepublicaC_S1102_7aafc7,,,,,
2026-09-12T10:41:13-05:00,PUR_IED_Ricaurte_Externo_a0ea1,PUR_IED_Ricaurte_Externo_a0ea1,,,,,
2026-09-12T10:41:13-05:00,PUR_IED_Ricaurte_S210_f546fd,PUR_IED_Ricaurte_S210_f546fd,,,,,
2026-09-12T10:41:13-05:00,PUR_IED_Ricaurte_S309_d4452,PUR_IED_Ricaurte_S309_d4452,,,,,
2026-09-12T10:41:13-05:00,PUR_IED_RogelioS_1102_531e69,PUR_IED_RogelioS_1102_531e69,,,,,
2026-09-12T10:41:13-05:00,PUR_IED_RogelioS_Ext_f25a18,PUR_IED_RogelioS_Ext_f25a18,,,,,
2026-09-12T10:41:13-05:00,PUR_IED_SBernardino_Ext_27aff8,PUR_IED_SBernardino_Ext_27aff8,,,,,
2026-09-12T10:41:13-05:00,PUR_IED_SBernardino_SArte_2ffd33,PUR_IED_SBernardino_SArte_2ffd33,,,,,
2026-09-12T10:41:13-05:00,PUR_IED_SBernardino_SIngl_7c7da5,PUR_IED_SBernardino_SIngl_7c7da5,,,,,
2026-09-12T10:41:13-05:00,PUR_IED_Sago_auditorio_dc9d1d,PUR_IED_Sago_auditorio_dc9d1d,,,,,
2026-09-12T10:41:13-05:00,PUR_IED_Saludcoop_Ext_95aac3,PUR_IED_Saludcoop_Ext_95aac3,,,,,
2026-09-12T10:41:13-05:00,PUR_IED_Saludcoop_InfI_90c854,PUR_IED_Saludcoop_InfI_90c854,,,,,
2026-09-12T10:41:13-05:00,PUR_IED_Saludcoop_SMedia_1b93be,PUR_IED_Saludcoop_SMedia_1b93be,,,,,
2026-09-12T10:41:13-05:00,PUR_IED_SanCarlos_1101_1a2360,PUR_IED_SanCarlos_1101_1a2360,,,,,
2026-09-12T10:41:13-05:00,PUR_IED_SanCarlos_1103_7bafb5,PUR_IED_SanCarlos_1103_7bafb5,,,,,
2026-09-12T10:41:13-05:00,PUR_IED_SanCarlos_Ext_b7cd1,PUR_IED_SanCarlos_Ext_b7cd1,,,,,
2026-09-12T10:41:13-05:00,PUR_IED_SanIgnacioBosa11a_50c26e,PUR_IED_SanIgnacioBosa11a_50c26e,,,,,
2026-09-12T10:41:13-05:00,PUR_IED_SanIgnacioBosa11b_371de8,PUR_IED_SanIgnacioBosa11b_371de8,,,,,
2026-09-12T10:41:13-05:00,PUR_IED_SanIgnacioBosaExt_ef0ffc,PUR_IED_SanIgnacioBosaExt_ef0ffc,,,,,
2026-09-12T10:41:13-05:00,PUR_IED_SanIgnacioBosa_11a_50c26e,PUR_IED_SanIgnacioBosa_11a_50c26e,,,,,
2026-09-12T10:41:13-05:00,PUR_IED_SanIgnacioBosa_Ext_ef0ffc,PUR_IED_SanIgnacioBosa_Ext_ef0ffc,,,,,
2026-09-12T10:41:13-05:00,PUR_IED_SanJoseN_intS1101_31c47f,PUR_IED_SanJoseN_intS1101_31c47f,,,,,
2026-09-12T10:41:13-05:00,PUR_IED_SanJoseUsm_Exter_f5d7e8,PUR_IED_SanJoseUsm_Exter_f5d7e8,,,,,
2026-09-12T10:41:13-05:00,PUR_IED_SanJoseUsm_Int11A_cfdef6,PUR_IED_SanJoseUsm_Int11A_cfdef6,,,,,
2026-09-12T10:41:13-05:00,PUR_IED_SilveriaR_IntB5_905349,PUR_IED_SilveriaR_IntB5_905349,,,,,
2026-09-12T10:41:13-05:00,PUR_IED_SilveriaR_IntSD14_981f93,PUR_IED_SilveriaR_IntSD14_981f93,,,,,
2026-09-12T10:41:13-05:00,PUR_IED_SilveriaR_ext_2b651d,PUR_IED_SilveriaR_ext_2b651d,,,,,
2026-09-12T10:41:13-05:00,PUR_IED_SimonB_Exterior_913975,PUR_IED_SimonB_Exterior_913975,,,,,
2026-09-12T10:41:13-05:00,PUR_IED_SimonB_LabQuimi_c56908,PUR_IED_SimonB_LabQuimi_c56908,,,,,
2026-09-12T10:41:13-05:00,PUR_IED_SimonB_informatic_a28c1,PUR_IED_SimonB_informatic_a28c1,,,,,
2026-09-12T10:41:13-05:00,PUR_IED_Sorrento_1102_315f50,PUR_IED_Sorrento_1102_315f50,,,,,
2026-09-12T10:41:13-05:00,PUR_IED_Sorrento_Minte_214eab,PUR_IED_Sorrento_Minte_214eab,,,,,
2026-09-12T10:41:13-05:00,PUR_IED_Sorrento_ext_7c3a0a,PUR_IED_Sorrento_ext_7c3a0a,,,,,
2026-09-12T10:41:13-05:00,PUR_IED_Tabora_Ext_f048ae,PUR_IED_Tabora_Ext_f048ae,,,,,
2026-09-12T10:41:13-05:00,PUR_IED_Tabora_S1102_b07752,PUR_IED_Tabora_S1102_b07752,,,,,
2026-09-12T10:41:13-05:00,PUR_IED_Tabora_S1103_d988f5,PUR_IED_Tabora_S1103_d988f5,,,,,
2026-09-12T10:41:13-05:00,PUR_IED_Tenerife_Ext_1ab188,PUR_IED_Tenerife_Ext_1ab188,,,,,
2026-09-12T10:41:13-05:00,PUR_IED_Tenerife_SDanzas_7bc02e,PUR_IED_Tenerife_SDanzas_7bc02e,,,,,
2026-09-12T10:41:13-05:00,PUR_IED_Tenerife_SIngles_7cc277,PUR_IED_Tenerife_SIngles_7cc277,,,,,
2026-09-12T10:41:13-05:00,PUR_IED_Tibabuyes_Exter_f2683d,PUR_IED_Tibabuyes_Exter_f2683d,,,,,
2026-09-12T10:41:13-05:00,PUR_IED_Tibabuyes_S10_dc87a8,PUR_IED_Tibabuyes_S10_dc87a8,,,,,
2026-09-12T10:41:13-05:00,PUR_IED_Tibabuyes_S15_dc0526,PUR_IED_Tibabuyes_S15_dc0526,,,,,
2026-09-12T10:41:13-05:00,PUR_IED_UnionE_S301_a1043,PUR_IED_UnionE_S301_a1043,,,,,
2026-09-12T10:41:13-05:00,PUR_IED_UnionE_S307_ff6c2f,PUR_IED_UnionE_S307_ff6c2f,,,,,
2026-09-12T10:41:13-05:00,PUR_IED_UnionE__Ext_5e2468,PUR_IED_UnionE__Ext_5e2468,,,,,
2026-09-12T10:41:13-05:00,PUR_IED_VillaRica_Ext_75be7c,PUR_IED_VillaRica_Ext_75be7c,,,,,
2026-09-12T10:41:13-05:00,PUR_IED_VillaRica_S4_cc5dcd,PUR_IED_VillaRica_S4_cc5dcd,,,,,
2026-09-12T10:41:13-05:00,PUR_IED_VillaRica_Sesp_99f5c,PUR_IED_VillaRica_Sesp_99f5c,,,,,
2026-09-12T10:46:05-05:00,PUR_IED_20deJulio_1101_91b1b9,PUR_IED_20deJulio_1101_91b1b9,,,,,
2026-09-12T10:46:05-05:00,PUR_IED_20deJulio_1102_1cfcf9,PUR_IED_20deJulio_1102_1cfcf9,,,,,
2026-09-12T10:46:05-05:00,PUR_IED_20deJulio_Ext_ab60bd,PUR_IED_20deJulio_Ext_ab60bd,,,,,
2026-09-12T10:46:05-05:00,PUR_IED_AgustinFer_Ext_7b9b77,PUR_IED_AgustinFer_Ext_7b9b77,,,,,
2026-09-12T10:46:05-05:00,PUR_IED_AgustinFer_Info2_27b3a7,PUR_IED_AgustinFer_Info2_27b3a7,,,,,
2026-09-12T10:46:05-05:00,PUR_IED_AgustinFer_Sena_54b4eb,PUR_IED_AgustinFer_Sena_54b4eb,,,,,
2026-09-12T10:46:05-05:00,PUR_IED_AlexanderF_1102_caf07b,PUR_IED_AlexanderF_1102_caf07b,,,,,
2026-09-12T10:46:05-05:00,PUR_IED_AlexanderF_1103_c79e71,PUR_IED_AlexanderF_1103_c79e71,,,,,
2026-09-12T10:46:05-05:00,PUR_IED_AlexanderF_Ext_c5b18b,PUR_IED_AlexanderF_Ext_c5b18b,,,,,
2026-09-12T10:46:05-05:00,PUR_IED_AlfonsoLopez_Ext_281d77,PUR_IED_AlfonsoLopez_Ext_281d77,,,,,
2026-09-12T10:46:05-05:00,PUR_IED_AlfonsoLopez_LabF_888ce0,PUR_IED_AlfonsoLopez_LabF_888ce0,,,,,
2026-09-12T10:46:05-05:00,PUR_IED_AlfonsoLopez_SMed_df6a7f,PUR_IED_AlfonsoLopez_SMed_df6a7f,,,,,
2026-09-12T10:46:05-05:00,PUR_IED_AltamiraSO_A2_209f92,PUR_IED_AltamiraSO_A2_209f92,,,,,
2026-09-12T10:46:05-05:00,PUR_IED_AltamiraSO_Ext_186d66,PUR_IED_AltamiraSO_Ext_186d66,,,,,
2026-09-12T10:46:05-05:00,PUR_IED_AltamiraSO_Sistem_27afe1,PUR_IED_AltamiraSO_Sistem_27afe1,,,,,
2026-09-12T10:46:05-05:00,PUR_IED_AlvaroGom_LabQuim_813179,PUR_IED_AlvaroGom_LabQuim_813179,,,,,
2026-09-12T10:46:05-05:00,PUR_IED_AlvaroGomez_Ext_47c7ca,PUR_IED_AlvaroGomez_Ext_47c7ca,,,,,
2026-09-12T10:46:05-05:00,PUR_IED_AlvaroGomez_LabQuim_813179,PUR_IED_AlvaroGomez_LabQuim_813179,,,,,
2026-09-12T10:46:05-05:00,PUR_IED_AlvaroGomez_S23_7ba89f,PUR_IED_AlvaroGomez_S23_7ba89f,,,,,
2026-09-12T10:46:05-05:00,PUR_IED_Amistad_306_dc8728,PUR_IED_Amistad_306_dc8728,,,,,
2026-09-12T10:46:05-05:00,PUR_IED_Amistad_Ext_8cd55e,PUR_IED_Amistad_Ext_8cd55e,,,,,
2026-09-12T10:46:05-05:00,PUR_IED_Amistad_S202_a41169,PUR_IED_Amistad_S202_a41169,,,,,
2026-09-12T10:46:05-05:00,PUR_IED_AndresBello_Bio_fd5f5e,PUR_IED_AndresBello_Bio_fd5f5e,,,,,
2026-09-12T10:46:05-05:00,PUR_IED_AndresBello_ext_dcad65,PUR_IED_AndresBello_ext_dcad65,,,,,
2026-09-12T10:46:05-05:00,PUR_IED_AndresBello_port_eed3ec,PUR_IED_AndresBello_port_eed3ec,,,,,
2026-09-12T10:46:05-05:00,PUR_IED_AngelaR_11b_d90a6b,PUR_IED_AngelaR_11b_d90a6b,,,,,
2026-09-12T10:46:05-05:00,PUR_IED_AngelaR_ext_7cad3e,PUR_IED_AngelaR_ext_7cad3e,,,,,
2026-09-12T10:46:05-05:00,PUR_IED_AntJoseSucre_10mo_df2575,PUR_IED_AntJoseSucre_10mo_df2575,,,,,
2026-09-12T10:46:05-05:00,PUR_IED_AntJoseSucre_Ext_215b36,PUR_IED_AntJoseSucre_Ext_215b36,,,,,
2026-09-12T10:46:05-05:00,PUR_IED_AntJoseSucre_Lab_3139de,PUR_IED_AntJoseSucre_Lab_3139de,,,,,
2026-09-12T10:46:05-05:00,PUR_IED_AntonioGarcia_301_d6b188,PUR_IED_AntonioGarcia_301_d6b188,,,,,
2026-09-12T10:46:05-05:00,PUR_IED_AntonioGarcia_302_88a82,PUR_IED_AntonioGarcia_302_88a82,,,,,
2026-09-12T10:46:05-05:00,PUR_IED_AntonioGarcia_Ext_20950c,PUR_IED_AntonioGarcia_Ext_20950c,,,,,
2026-09-12T10:46:05-05:00,PUR_IED_AntonioVan_Aula2_6dea02,PUR_IED_AntonioVan_Aula2_6dea02,,,,,
2026-09-12T10:46:05-05:00,PUR_IED_AntonioVan_Aula5_f1557e,PUR_IED_AntonioVan_Aula5_f1557e,,,,,
2026-09-12T10:46:05-05:00,PUR_IED_AntonioVan_Ext_406f2f,PUR_IED_AntonioVan_Ext_406f2f,,,,,
2026-09-12T10:46:05-05:00,PUR_IED_Atabanzha_Ext_cc5af9,PUR_IED_Atabanzha_Ext_cc5af9,,,,,
2026-09-12T10:46:05-05:00,PUR_IED_Atabanzha_SA101_56c37,PUR_IED_Atabanzha_SA101_56c37,,,,,
2026-09-12T10:46:05-05:00,PUR_IED_Atabanzha_SB302_27b374,PUR_IED_Atabanzha_SB302_27b374,,,,,
2026-09-12T10:46:05-05:00,PUR_IED_Atahualpa_Ext_fc1748,PUR_IED_Atahualpa_Ext_fc1748,,,,,
2026-09-12T10:46:05-05:00,PUR_IED_Atahualpa_Informa_dc9a95,PUR_IED_Atahualpa_Informa_dc9a95,,,,,
2026-09-12T10:46:05-05:00,PUR_IED_Atahualpa_S1101_f98056,PUR_IED_Atahualpa_S1101_f98056,,,,,
2026-09-12T10:46:05-05:00,PUR_IED_Bellavista_Ext_f5aa74,PUR_IED_Bellavista_Ext_f5aa74,,,,,
2026-09-12T10:46:05-05:00,PUR_IED_Bilbao_11A_916c41,PUR_IED_Bilbao_11A_916c41,,,,,
2026-09-12T10:46:05-05:00,PUR_IED_Bilbao_Ext_fb579a,PUR_IED_Bilbao_Ext_fb579a,,,,,
2026-09-12T10:46:05-05:00,PUR_IED_BrasiliaU_A125_304280,PUR_IED_BrasiliaU_A125_304280,,,,,
2026-09-12T10:46:05-05:00,PUR_IED_BrasiliaU_A203_7c8ca5,PUR_IED_BrasiliaU_A203_7c8ca5,,,,,
2026-09-12T10:46:05-05:00,PUR_IED_BrasiliaU_Ext_8d6e9f,PUR_IED_BrasiliaU_Ext_8d6e9f,6,18,61,4.5175,-74.116302
2026-09-12T10:46:05-05:00,PUR_IED_Brasilia_Ext_fe6593,PUR_IED_Brasilia_Ext_fe6593,,,,,
2026-09-12T10:46:05-05:00,PUR_IED_Brasilia_S24_7c130d,PUR_IED_Brasilia_S24_7c130d,,,,,
2026-09-12T10:46:05-05:00,PUR_IED_Brasilia_S501_186a54,PUR_IED_Brasilia_S501_186a54,,,,,
2026-09-12T10:46:05-05:00,PUR_IED_CHARRY_EXT_f1d5cd,PUR_IED_CHARRY_EXT_f1d5cd,,,,,
2026-09-12T10:46:05-05:00,PUR_IED_CHARRY_INTDANZAS_7a08e6,PUR_IED_CHARRY_INTDANZAS_7a08e6,,,,,
2026-09-12T10:46:05-05:00,PUR_IED_CHARRY_INT_AULA20_dc998d,PUR_IED_CHARRY_INT_AULA20_dc998d,,,,,
2026-09-12T10:46:05-05:00,PUR_IED_COLVIV_1101_S25_7f520a,PUR_IED_COLVIV_1101_S25_7f520a,,,,,
2026-09-12T10:46:05-05:00,PUR_IED_COLVIV_1102_S16_f570ba,PUR_IED_COLVIV_1102_S16_f570ba,,,,,
2026-09-12T10:46:05-05:00,PUR_IED_COLVIV_Ext_1a26fa,PUR_IED_COLVIV_Ext_1a26fa,,,,,
2026-09-12T10:46:05-05:00,PUR_IED_CULPOP_301A_f660f3,PUR_IED_CULPOP_301A_f660f3,,,,,
2026-09-12T10:46:05-05:00,PUR_IED_CULPOP_303_568afe,PUR_IED_CULPOP_303_568afe,,,,,
2026-09-12T10:46:05-05:00,PUR_IED_CULPOP_Ext_e02ccb,PUR_IED_CULPOP_Ext_e02ccb,,,,,
2026-09-12T10:46:05-05:00,PUR_IED_CVillavicen_Ext_26eb58,PUR_IED_CVillavicen_Ext_26eb58,5,16,76,4.487,-74.102798
2026-09-12T10:46:05-05:00,PUR_IED_CVillavicen_Intel_1ce5c2,PUR_IED_CVillavicen_Intel_1ce5c2,,,,,
2026-09-12T10:46:05-05:00,PUR_IED_CVillavicen_Poliv_e0766c,PUR_IED_CVillavicen_Poliv_e0766c,,,,,
2026-09-12T10:46:05-05:00,PUR_IED_CVillavicen_int_1ba140,PUR_IED_CVillavicen_int_1ba140,,,,,
2026-09-12T10:46:05-05:00,PUR_IED_CVillavicen_intel_1ba140,PUR_IED_CVillavicen_intel_1ba140,,,,,
2026-09-12T10:46:05-05:00,PUR_IED_CarlosPizarro_Ext_e307cc,PUR_IED_CarlosPizarro_Ext_e307cc,,,,,
2026-09-12T10:46:05-05:00,PUR_IED_CarlosPizarro_L36_7e5cdb,PUR_IED_CarlosPizarro_L36_7e5cdb,,,,,
2026-09-12T10:46:05-05:00,PUR_IED_CarlosPizarro_L37_c8566c,PUR_IED_CarlosPizarro_L37_c8566c,,,,,
2026-09-12T10:46:05-05:00,PUR_IED_Castilla_Ext_cf35f,PUR_IED_Castilla_Ext_cf35f,,,,,
2026-09-12T10:46:05-05:00,PUR_IED_Castilla_SFisik_360e38,PUR_IED_Castilla_SFisik_360e38,,,,,
2026-09-12T10:46:05-05:00,PUR_IED_Castilla_Sc304_496fbf,PUR_IED_Castilla_Sc304_496fbf,,,,,
2026-09-12T10:46:05-05:00,PUR_IED_CervantesSa_Ext_6b57b,PUR_IED_CervantesSa_Ext_6b57b,3,19,65,4.5128,-74.117203
2026-09-12T10:46:05-05:00,PUR_IED_CervantesSa_S107_225c2b,PUR_IED_CervantesSa_S107_225c2b,,,,,
2026-09-12T10:46:05-05:00,PUR_IED_CervantesSa_S108_940925,PUR_IED_CervantesSa_S108_940925,,,,,
2026-09-12T10:46:05-05:00,PUR_IED_Charry_A20_f53e7c,PUR_IED_Charry_A20_f53e7c,,,,,
2026-09-12T10:46:05-05:00,PUR_IED_Charry_Ext_f1d5cd,PUR_IED_Charry_Ext_f1d5cd,,,,,
2026-09-12T10:46:05-05:00,PUR_IED_Charry_IntAula20_dc998d,PUR_IED_Charry_IntAula20_dc998d,,,,,
2026-09-12T10:46:05-05:00,PUR_IED_Charry_IntDanzas_7a08e6,PUR_IED_Charry_IntDanzas_7a08e6,,,,,
2026-09-12T10:46:05-05:00,PUR_IED_ClememciaC_203_43e2fc,PUR_IED_ClememciaC_203_43e2fc,,,,,
2026-09-12T10:46:05-05:00,PUR_IED_ClememciaC_Ext_1b411a,PUR_IED_ClememciaC_Ext_1b411a,,,,,
2026-09-12T10:46:05-05:00,PUR_IED_ClememciaC_Quimic_44b5fc,PUR_IED_ClememciaC_Quimic_44b5fc,,,,,
2026-09-12T10:46:05-05:00,PUR_IED_ClemenciaC_203_43e2fc,PUR_IED_ClemenciaC_203_43e2fc,,,,,
2026-09-12T10:46:05-05:00,PUR_IED_ClemenciaC_Ext_1b411a,PUR_IED_ClemenciaC_Ext_1b411a,,,,,
2026-09-12T10:46:05-05:00,PUR_IED_ClemenciaC_Quimic_44b5fc,PUR_IED_ClemenciaC_Quimic_44b5fc,,,,,
2026-09-12T10:46:05-05:00,PUR_IED_ColViva_1101_S25_7f520a,PUR_IED_ColViva_1101_S25_7f520a,,,,,
2026-09-12T10:46:05-05:00,PUR_IED_ColViva_1102_S16_f570ba,PUR_IED_ColViva_1102_S16_f570ba,,,,,
2026-09-12T10:46:05-05:00,PUR_IED_ColViva_Ext_1a26fa,PUR_IED_ColViva_Ext_1a26fa,,,,,
2026-09-12T10:46:05-05:00,PUR_IED_ColegioBici_Asist_7c8798,PUR_IED_ColegioBici_Asist_7c8798,,,,,
2026-09-12T10:46:05-05:00,PUR_IED_ColegioBici_Ext_25cbf6,PUR_IED_ColegioBici_Ext_25cbf6,,,,,
2026-09-12T10:46:05-05:00,PUR_IED_ColegioBici_LabQ_7b57db,PUR_IED_ColegioBici_LabQ_7b57db,,,,,
2026-09-12T10:46:05-05:00,PUR_IED_CostaRica_Ext_5e640,PUR_IED_CostaRica_Ext_5e640,,,,,
2026-09-12T10:46:05-05:00,PUR_IED_CostaRica_Quim1_766d1c,PUR_IED_CostaRica_Quim1_766d1c,,,,,
2026-09-12T10:46:05-05:00,PUR_IED_CostaRica__Fisica_6f0873,PUR_IED_CostaRica__Fisica_6f0873,,,,,
2026-09-12T10:46:05-05:00,PUR_IED_CulPopu_301A_f660f3,PUR_IED_CulPopu_301A_f660f3,,,,,
2026-09-12T10:46:05-05:00,PUR_IED_CulPopu_303_568afe,PUR_IED_CulPopu_303_568afe,,,,,
2026-09-12T10:46:05-05:00,PUR_IED_CulPopu_Ext_e02ccb,PUR_IED_CulPopu_Ext_e02ccb,,,,,
2026-09-12T10:46:05-05:00,PUR_IED_Cundinamarca_Ext_f15985,PUR_IED_Cundinamarca_Ext_f15985,,,,,
2026-09-12T10:46:05-05:00,PUR_IED_Cundinamarca_Info_7aa5d7,PUR_IED_Cundinamarca_Info_7aa5d7,,,,,
2026-09-12T10:46:05-05:00,PUR_IED_Cundinamarca_Tec2_f449c7,PUR_IED_Cundinamarca_Tec2_f449c7,,,,,
2026-09-12T10:46:05-05:00,PUR_IED_DiegoM_Aula1_27b314,PUR_IED_DiegoM_Aula1_27b314,,,,,
2026-09-12T10:46:05-05:00,PUR_IED_DiegoM_Ext_d80ac8,PUR_IED_DiegoM_Ext_d80ac8,,,,,
2026-09-12T10:46:05-05:00,PUR_IED_DiegoM_S25_da928f,PUR_IED_DiegoM_S25_da928f,,,,,
2026-09-12T10:46:05-05:00,PUR_IED_ELRODEO_360881,PUR_IED_ELRODEO_360881,,,,,
2026-09-12T10:46:05-05:00,PUR_IED_ELRODEO_ext_360881,PUR_IED_ELRODEO_ext_360881,,,,,
2026-09-12T10:46:05-05:00,PUR_IED_EduardoU_Ext_1c1969,PUR_IED_EduardoU_Ext_1c1969,,,,,
2026-09-12T10:46:05-05:00,PUR_IED_EduardoU_SCiencia_4dfb94,PUR_IED_EduardoU_SCiencia_4dfb94,,,,,
2026-09-12T10:46:05-05:00,PUR_IED_EduardoU_SQuimica_5a46e7,PUR_IED_EduardoU_SQuimica_5a46e7,,,,,
2026-09-12T10:46:05-05:00,PUR_IED_ElRodeo_Aula14_676984,PUR_IED_ElRodeo_Aula14_676984,,,,,
2026-09-12T10:46:05-05:00,PUR_IED_ElRodeo_Aula16_2dd35b,PUR_IED_ElRodeo_Aula16_2dd35b,,,,,
2026-09-12T10:46:05-05:00,PUR_IED_ElRodeo_Ext_360881,PUR_IED_ElRodeo_Ext_360881,,,,,
2026-09-12T10:46:05-05:00,PUR_IED_ElRodeo_Exterior_8c6d28,PUR_IED_ElRodeo_Exterior_8c6d28,,,,,
2026-09-12T10:46:05-05:00,PUR_IED_ElRodeo_ext_360881,PUR_IED_ElRodeo_ext_360881,,,,,
2026-09-12T10:46:05-05:00,PUR_IED_EmmaReyes_Ext_987625,PUR_IED_EmmaReyes_Ext_987625,3,21,49,4.6367,-74.1511
2026-09-12T10:46:05-05:00,PUR_IED_Ensueño_Ext_7f0250,PUR_IED_Ensueño_Ext_7f0250,,,,,
2026-09-12T10:46:05-05:00,PUR_IED_EscNormal_Ext_5fef3b,PUR_IED_EscNormal_Ext_5fef3b,2,21,54,4.5852,-74.096901
2026-09-12T10:46:05-05:00,PUR_IED_EscNormal_S309_5b263,PUR_IED_EscNormal_S309_5b263,,,,,
2026-09-12T10:46:05-05:00,PUR_IED_EscNormal_S310_27b3b8,PUR_IED_EscNormal_S310_27b3b8,,,,,
2026-09-12T10:46:05-05:00,PUR_IED_Evangelista_Conta_f6cd4f,PUR_IED_Evangelista_Conta_f6cd4f,,,,,
2026-09-12T10:46:05-05:00,PUR_IED_Evangelista_Cri_5e16a,PUR_IED_Evangelista_Cri_5e16a,,,,,
2026-09-12T10:46:05-05:00,PUR_IED_Evangelista_Exter_754066,PUR_IED_Evangelista_Exter_754066,,,,,
2026-09-12T10:46:05-05:00,PUR_IED_FMiranda_S209_5cc2a3,PUR_IED_FMiranda_S209_5cc2a3,,,,,
2026-09-12T10:46:05-05:00,PUR_IED_FMiranda_S303_19e344,PUR_IED_FMiranda_S303_19e344,,,,,
2026-09-12T10:46:05-05:00,PUR_IED_FMiranda_ext_f53e7c,PUR_IED_FMiranda_ext_f53e7c,,,,,
2026-09-12T10:46:05-05:00,PUR_IED_FabioLozano_Bibli_1cee05,PUR_IED_FabioLozano_Bibli_1cee05,,,,,
2026-09-12T10:46:05-05:00,PUR_IED_FabioLozano_Ext_6ea285,PUR_IED_FabioLozano_Ext_6ea285,,,,,
2026-09-12T10:46:05-05:00,PUR_IED_FabioLozano_SLudi_f09e1e,PUR_IED_FabioLozano_SLudi_f09e1e,,,,,
2026-09-12T10:46:05-05:00,PUR_IED_FaustinoS_Aula07_27a731,PUR_IED_FaustinoS_Aula07_27a731,,,,,
2026-09-12T10:46:05-05:00,PUR_IED_FaustinoS_Ext_7b936f,PUR_IED_FaustinoS_Ext_7b936f,,,,,
2026-09-12T10:46:05-05:00,PUR_IED_FaustinoS_Fisica_da2c60,PUR_IED_FaustinoS_Fisica_da2c60,,,,,
2026-09-12T10:46:05-05:00,PUR_IED_FeGarciaLo_Ext_dc68ee,PUR_IED_FeGarciaLo_Ext_dc68ee,,,,,
2026-09-12T10:46:05-05:00,PUR_IED_FeGarciaLo_SDanza_f70a59,PUR_IED_FeGarciaLo_SDanza_f70a59,,,,,
2026-09-12T10:46:05-05:00,PUR_IED_FeGarciaLo_SMusic_125cdd,PUR_IED_FeGarciaLo_SMusic_125cdd,,,,,
2026-09-12T10:46:05-05:00,PUR_IED_FederalAlema_Exte_50c345,PUR_IED_FederalAlema_Exte_50c345,,,,,
2026-09-12T10:46:05-05:00,PUR_IED_FederalAlema_S31_f18371,PUR_IED_FederalAlema_S31_f18371,,,,,
2026-09-12T10:46:05-05:00,PUR_IED_FederalAlema_S901_a62cd,PUR_IED_FederalAlema_S901_a62cd,,,,,
2026-09-12T10:46:05-05:00,PUR_IED_FilarmonicaS_A5_f35eb1,PUR_IED_FilarmonicaS_A5_f35eb1,,,,,
2026-09-12T10:46:05-05:00,PUR_IED_FilarmonicaS_Ext_8a3bde,PUR_IED_FilarmonicaS_Ext_8a3bde,,,,,
2026-09-12T10:46:05-05:00,PUR_IED_FilarmonicaS_Spol_406114,PUR_IED_FilarmonicaS_Spol_406114,,,,,
2026-09-12T10:46:05-05:00,PUR_IED_FlorentinoG_A13_d1fa59,PUR_IED_FlorentinoG_A13_d1fa59,,,,,
2026-09-12T10:46:05-05:00,PUR_IED_FlorentinoG_Ext_1ce6ce,PUR_IED_FlorentinoG_Ext_1ce6ce,,,,,
2026-09-12T10:46:05-05:00,PUR_IED_FlorentinoG_Idiom_a66aac,PUR_IED_FlorentinoG_Idiom_a66aac,,,,,
2026-09-12T10:46:05-05:00,PUR_IED_FranciscoMati_Ext_e3869d,PUR_IED_FranciscoMati_Ext_e3869d,,,,,
2026-09-12T10:46:05-05:00,PUR_IED_FranciscoMati_S13_f31c67,PUR_IED_FranciscoMati_S13_f31c67,,,,,
2026-09-12T10:46:05-05:00,PUR_IED_FranciscoMati_S14_97dead,PUR_IED_FranciscoMati_S14_97dead,,,,,
2026-09-12T10:46:05-05:00,PUR_IED_FranciscoPS_Ext_7bfa9a,PUR_IED_FranciscoPS_Ext_7bfa9a,2,23,51,4.5899,-74.110397
2026-09-12T10:46:05-05:00,PUR_IED_FranciscoPS_Infor_fb8f4c,PUR_IED_FranciscoPS_Infor_fb8f4c,,,,,
2026-09-12T10:46:05-05:00,PUR_IED_FranciscoPS_Quimi_94d39c,PUR_IED_FranciscoPS_Quimi_94d39c,,,,,
2026-09-12T10:46:05-05:00,PUR_IED_FranciscoP_LabQ_d7e148,PUR_IED_FranciscoP_LabQ_d7e148,,,,,
2026-09-12T10:46:05-05:00,PUR_IED_FranciscoP_S28_cf9b30,PUR_IED_FranciscoP_S28_cf9b30,,,,,
2026-09-12T10:46:05-05:00,PUR_IED_FranciscoP_ext_e2313,PUR_IED_FranciscoP_ext_e2313,,,,,
2026-09-12T10:46:05-05:00,PUR_IED_FriederichN_Ext_8ac92a,PUR_IED_FriederichN_Ext_8ac92a,,,,,
2026-09-12T10:46:05-05:00,PUR_IED_FriederichN_S301_dd7e5a,PUR_IED_FriederichN_S301_dd7e5a,,,,,
2026-09-12T10:46:05-05:00,PUR_IED_FriederichN_S308_761f4f,PUR_IED_FriederichN_S308_761f4f,,,,,
2026-09-12T10:46:05-05:00,PUR_IED_GSantander_Aula10_533dd7,PUR_IED_GSantander_Aula10_533dd7,,,,,
2026-09-12T10:46:05-05:00,PUR_IED_GSantander_Aula12_fd4e4f,PUR_IED_GSantander_Aula12_fd4e4f,,,,,
2026-09-12T10:46:05-05:00,PUR_IED_GSantander_Aula310_533dd7,PUR_IED_GSantander_Aula310_533dd7,,,,,
2026-09-12T10:46:05-05:00,PUR_IED_GSantander_Aula312_fd4e4f,PUR_IED_GSantander_Aula312_fd4e4f,,,,,
2026-09-12T10:46:05-05:00,PUR_IED_GSantander_Ext_5f66b0,PUR_IED_GSantander_Ext_5f66b0,,,,,
2026-09-12T10:46:05-05:00,PUR_IED_GYomasa_Ext_f6bea5,PUR_IED_GYomasa_Ext_f6bea5,,,,,
2026-09-12T10:46:05-05:00,PUR_IED_GYomasa_LBiol_2c41aa,PUR_IED_GYomasa_LBiol_2c41aa,,,,,
2026-09-12T10:46:05-05:00,PUR_IED_GYomasa_LQuim_33c80,PUR_IED_GYomasa_LQuim_33c80,,,,,
2026-09-12T10:46:05-05:00,PUR_IED_GabBetMejia_Cienc_5a99c,PUR_IED_GabBetMejia_Cienc_5a99c,,,,,
2026-09-12T10:46:05-05:00,PUR_IED_GabBetMejia_Ext_9153d0,PUR_IED_GabBetMejia_Ext_9153d0,,,,,
2026-09-12T10:46:05-05:00,PUR_IED_GabBetMejia_Lab_f55347,PUR_IED_GabBetMejia_Lab_f55347,,,,,
2026-09-12T10:46:05-05:00,PUR_IED_GabBetanMejia_Ext_9153d0,PUR_IED_GabBetanMejia_Ext_9153d0,,,,,
2026-09-12T10:46:05-05:00,PUR_IED_Gaitana_Aula13_7aac11,PUR_IED_Gaitana_Aula13_7aac11,,,,,
2026-09-12T10:46:05-05:00,PUR_IED_Gaitana_Ext_5fcf4,PUR_IED_Gaitana_Ext_5fcf4,,,,,
2026-09-12T10:46:05-05:00,PUR_IED_Gaitana_LabFisica_644448,PUR_IED_Gaitana_LabFisica_644448,,,,,
2026-09-12T10:46:05-05:00,PUR_IED_GenSantander_Dise_8ac858,PUR_IED_GenSantander_Dise_8ac858,,,,,
2026-09-12T10:46:05-05:00,PUR_IED_GenSantander_Ext_8d5dfe,PUR_IED_GenSantander_Ext_8d5dfe,,,,,
2026-09-12T10:46:05-05:00,PUR_IED_GenSantander_Info_6c25b,PUR_IED_GenSantander_Info_6c25b,,,,,
2026-09-12T10:46:05-05:00,PUR_IED_GustavoMo_Exterio_75e63d,PUR_IED_GustavoMo_Exterio_75e63d,,,,,
2026-09-12T10:46:05-05:00,PUR_IED_GustavoMo_LabFisi_224d37,PUR_IED_GustavoMo_LabFisi_224d37,,,,,
2026-09-12T10:46:05-05:00,PUR_IED_GustavoMo_S208_3e6918,PUR_IED_GustavoMo_S208_3e6918,,,,,
2026-09-12T10:46:05-05:00,PUR_IED_GustavoR_A02_8cd4a8,PUR_IED_GustavoR_A02_8cd4a8,,,,,
2026-09-12T10:46:05-05:00,PUR_IED_GustavoR_B11_5b0ed,PUR_IED_GustavoR_B11_5b0ed,,,,,
2026-09-12T10:46:05-05:00,PUR_IED_GustavoR_Ext_7a0c90,PUR_IED_GustavoR_Ext_7a0c90,,,,,
2026-09-12T10:46:05-05:00,PUR_IED_HernandoDuran_Ext_8cd82b,PUR_IED_HernandoDuran_Ext_8cd82b,,,,,
2026-09-12T10:46:05-05:00,PUR_IED_HernandoDuran_S24_2772c6,PUR_IED_HernandoDuran_S24_2772c6,,,,,
2026-09-12T10:46:05-05:00,PUR_IED_HernandoDuran_S30_f2de41,PUR_IED_HernandoDuran_S30_f2de41,,,,,
2026-09-12T10:46:05-05:00,PUR_IED_HolguInUr_S1101_8cd732,PUR_IED_HolguInUr_S1101_8cd732,,,,,
2026-09-12T10:46:05-05:00,PUR_IED_HolguinUr_Exter_ddae6d,PUR_IED_HolguinUr_Exter_ddae6d,,,,,
2026-09-12T10:46:05-05:00,PUR_IED_HolguinUr_LabQuim_92b952,PUR_IED_HolguinUr_LabQuim_92b952,,,,,
2026-09-12T10:46:05-05:00,PUR_IED_Isabel-II_Ext_5245cc,PUR_IED_Isabel-II_Ext_5245cc,2,20,53,4.6336,-74.153
2026-09-12T10:46:05-05:00,PUR_IED_Isabel-II_S_idiom_1c29aa,PUR_IED_Isabel-II_S_idiom_1c29aa,,,,,
2026-09-12T10:46:05-05:00,PUR_IED_Isabel-II_S_infor_fd741,PUR_IED_Isabel-II_S_infor_fd741,,,,,
2026-09-12T10:46:05-05:00,PUR_IED_IsidroSur_Exterio_5b90ea,PUR_IED_IsidroSur_Exterio_5b90ea,,,,,
2026-09-12T10:46:05-05:00,PUR_IED_IsidroSur_LabTec_56697a,PUR_IED_IsidroSur_LabTec_56697a,,,,,
2026-09-12T10:46:05-05:00,PUR_IED_IsidroSur_Robotic_b7c38f,PUR_IED_IsidroSur_Robotic_b7c38f,,,,,
2026-09-12T10:46:05-05:00,PUR_IED_IsmaelPerd_Ext_7b6672,PUR_IED_IsmaelPerd_Ext_7b6672,,,,,
2026-09-12T10:46:05-05:00,PUR_IED_IsmaelPerd_Inform_306540,PUR_IED_IsmaelPerd_Inform_306540,,,,,
2026-09-12T10:46:05-05:00,PUR_IED_IsmaelPerd_S30_2e2c83,PUR_IED_IsmaelPerd_S30_2e2c83,,,,,
2026-09-12T10:46:05-05:00,PUR_IED_JLozano_Exter_432910,PUR_IED_JLozano_Exter_432910,,,,,
2026-09-12T10:46:05-05:00,PUR_IED_JLozano_salaMulti_df5125,PUR_IED_JLozano_salaMulti_df5125,,,,,
2026-09-12T10:46:05-05:00,PUR_IED_JMCordoba_206_86f80b,PUR_IED_JMCordoba_206_86f80b,,,,,
2026-09-12T10:46:05-05:00,PUR_IED_JMCordoba_Ext_27ad97,PUR_IED_JMCordoba_Ext_27ad97,,,,,
2026-09-12T10:46:05-05:00,PUR_IED_JMCordoba_S310_d59ab4,PUR_IED_JMCordoba_S310_d59ab4,,,,,
2026-09-12T10:46:05-05:00,PUR_IED_Japon_Ext_549100,PUR_IED_Japon_Ext_549100,,,,,
2026-09-12T10:46:05-05:00,PUR_IED_Japon_Laboratorio_bec51d,PUR_IED_Japon_Laboratorio_bec51d,,,,,
2026-09-12T10:46:05-05:00,PUR_IED_Japon_informatica_d99327,PUR_IED_Japon_informatica_d99327,,,,,
2026-09-12T10:46:05-05:00,PUR_IED_Jazmin_Ext_d27bda,PUR_IED_Jazmin_Ext_d27bda,,,,,
2026-09-12T10:46:05-05:00,PUR_IED_Jazmin_Fisica_8d14d7,PUR_IED_Jazmin_Fisica_8d14d7,,,,,
2026-09-12T10:46:05-05:00,PUR_IED_Jazmin_Quimica_801cb5,PUR_IED_Jazmin_Quimica_801cb5,,,,,
2026-09-12T10:46:05-05:00,PUR_IED_JorgeGaitan_Exter_f098d1,PUR_IED_JorgeGaitan_Exter_f098d1,,,,,
2026-09-12T10:46:05-05:00,PUR_IED_JorgeGaitan_STec1_dc9d1d,PUR_IED_JorgeGaitan_STec1_dc9d1d,,,,,
2026-09-12T10:46:05-05:00,PUR_IED_JorgeGaitan_STec2_281e69,PUR_IED_JorgeGaitan_STec2_281e69,,,,,
2026-09-12T10:46:05-05:00,PUR_IED_JorgeSoto_Exterio_d9d0a2,PUR_IED_JorgeSoto_Exterio_d9d0a2,,,,,
2026-09-12T10:46:05-05:00,PUR_IED_JorgeSoto_LabFisi_209c54,PUR_IED_JorgeSoto_LabFisi_209c54,,,,,
2026-09-12T10:46:05-05:00,PUR_IED_JorgeSoto_S103_27b51a,PUR_IED_JorgeSoto_S103_27b51a,,,,,
2026-09-12T10:46:05-05:00,PUR_IED_JoseAcevedo_A02_e965eb,PUR_IED_JoseAcevedo_A02_e965eb,,,,,
2026-09-12T10:46:05-05:00,PUR_IED_JoseAcevedo_A07_dd5b4,PUR_IED_JoseAcevedo_A07_dd5b4,,,,,
2026-09-12T10:46:05-05:00,PUR_IED_JoseAcevedo_Ext_b47484,PUR_IED_JoseAcevedo_Ext_b47484,,,,,
2026-09-12T10:46:05-05:00,PUR_IED_JoseMarti_Exte_5b9bf,PUR_IED_JoseMarti_Exte_5b9bf,,,,,
2026-09-12T10:46:05-05:00,PUR_IED_JoseMarti_LabQuim_1c6c2d,PUR_IED_JoseMarti_LabQuim_1c6c2d,,,,,
2026-09-12T10:46:05-05:00,PUR_IED_JoseMarti_S_info_f5f177,PUR_IED_JoseMarti_S_info_f5f177,,,,,
2026-09-12T10:46:05-05:00,PUR_IED_Josejoaquin_Ext_dfc5dc,PUR_IED_Josejoaquin_Ext_dfc5dc,,,,,
2026-09-12T10:46:05-05:00,PUR_IED_Josejoaquin_S05_5b2a96,PUR_IED_Josejoaquin_S05_5b2a96,,,,,
2026-09-12T10:46:05-05:00,PUR_IED_Josejoaquin_S06_1ce7d2,PUR_IED_Josejoaquin_S06_1ce7d2,,,,,
2026-09-12T10:46:05-05:00,PUR_IED_JulioFlorez_Danza_9b82dd,PUR_IED_JulioFlorez_Danza_9b82dd,,,,,
2026-09-12T10:46:05-05:00,PUR_IED_JulioFlorez_Exter_f9f314,PUR_IED_JulioFlorez_Exter_f9f314,,,,,
2026-09-12T10:46:05-05:00,PUR_IED_JulioFlorez_info2_6b6e08,PUR_IED_JulioFlorez_info2_6b6e08,,,,,
2026-09-12T10:46:05-05:00,PUR_IED_LaBelleza_Aula13_1d00d8,PUR_IED_LaBelleza_Aula13_1d00d8,,,,,
2026-09-12T10:46:05-05:00,PUR_IED_LaBelleza_Ext_7bc08c,PUR_IED_LaBelleza_Ext_7bc08c,,,,,
2026-09-12T10:46:05-05:00,PUR_IED_LaChucua_Ext_8cd6d2,PUR_IED_LaChucua_Ext_8cd6d2,,,,,
2026-09-12T10:46:05-05:00,PUR_IED_LaChucua_S15_f578ce,PUR_IED_LaChucua_S15_f578ce,,,,,
2026-09-12T10:46:05-05:00,PUR_IED_LaChucua_S16_eebcf9,PUR_IED_LaChucua_S16_eebcf9,,,,,
2026-09-12T10:46:05-05:00,PUR_IED_LaFelicidad_Ext_fb5109,PUR_IED_LaFelicidad_Ext_fb5109,,,,,
2026-09-12T10:46:05-05:00,PUR_IED_LaMerced_206_66ebd,PUR_IED_LaMerced_206_66ebd,,,,,
2026-09-12T10:46:05-05:00,PUR_IED_LaMerced_207_6ebd6,PUR_IED_LaMerced_207_6ebd6,,,,,
2026-09-12T10:46:05-05:00,PUR_IED_LaMerced_ext_304311,PUR_IED_LaMerced_ext_304311,,,,,
2026-09-12T10:46:05-05:00,PUR_IED_Laureano_CiencNat_281e5e,PUR_IED_Laureano_CiencNat_281e5e,,,,,
2026-09-12T10:46:05-05:00,PUR_IED_Laureano_Comedor_f65c0a,PUR_IED_Laureano_Comedor_f65c0a,,,,,
2026-09-12T10:46:05-05:00,PUR_IED_Laureano_Exterior_7ab011,PUR_IED_Laureano_Exterior_7ab011,,,,,
2026-09-12T10:46:05-05:00,PUR_IED_LeonGreiff_Exte_dfe560,PUR_IED_LeonGreiff_Exte_dfe560,,,,,
2026-09-12T10:46:05-05:00,PUR_IED_LeonGreiff_S210_f264ed,PUR_IED_LeonGreiff_S210_f264ed,,,,,
2026-09-12T10:46:05-05:00,PUR_IED_LeonGreiff_SQuimi_e8296f,PUR_IED_LeonGreiff_SQuimi_e8296f,,,,,
2026-09-12T10:46:05-05:00,PUR_IED_LlanoOrientalS208_7b9fcd,PUR_IED_LlanoOrientalS208_7b9fcd,,,,,
2026-09-12T10:46:05-05:00,PUR_IED_LlanoOriental_Ext_fb3766,PUR_IED_LlanoOriental_Ext_fb3766,,,,,
2026-09-12T10:46:05-05:00,PUR_IED_LlanoOriental_S208_7b9fcd,PUR_IED_LlanoOriental_S208_7b9fcd,,,,,
2026-09-12T10:46:05-05:00,PUR_IED_LlanoOriental_S9_27b378,PUR_IED_LlanoOriental_S9_27b378,,,,,
2026-09-12T10:46:05-05:00,PUR_IED_LosTejares_1101_477602,PUR_IED_LosTejares_1101_477602,,,,,
2026-09-12T10:46:05-05:00,PUR_IED_LosTejares_11_d2c595,PUR_IED_LosTejares_11_d2c595,,,,,
2026-09-12T10:46:05-05:00,PUR_IED_LosTejares_12_477602,PUR_IED_LosTejares_12_477602,,,,,
2026-09-12T10:46:05-05:00,PUR_IED_LosTejares_Ext_8e2115,PUR_IED_LosTejares_Ext_8e2115,,,,,
2026-09-12T10:46:05-05:00,PUR_IED_MagdalenaO_B202_5ddda3,PUR_IED_MagdalenaO_B202_5ddda3,,,,,
2026-09-12T10:46:05-05:00,PUR_IED_MagdalenaO_B205_fb76e8,PUR_IED_MagdalenaO_B205_fb76e8,,,,,
2026-09-12T10:46:05-05:00,PUR_IED_MagdalenaO_ext_dc69cd,PUR_IED_MagdalenaO_ext_dc69cd,,,,,
2026-09-12T10:46:05-05:00,PUR_IED_ManueCepeda_artes_eee956,PUR_IED_ManueCepeda_artes_eee956,,,,,
2026-09-12T10:46:05-05:00,PUR_IED_ManuelCepeda_Ext_58313,PUR_IED_ManuelCepeda_Ext_58313,,,,,
2026-09-12T10:46:05-05:00,PUR_IED_ManuelCepeda_tec_1c5731,PUR_IED_ManuelCepeda_tec_1c5731,,,,,
2026-09-12T10:46:05-05:00,PUR_IED_ManuelS_Exterior_5b269,PUR_IED_ManuelS_Exterior_5b269,,,,,
2026-09-12T10:46:05-05:00,PUR_IED_ManuelS_Inform_f369ce,PUR_IED_ManuelS_Inform_f369ce,,,,,
2026-09-12T10:46:05-05:00,PUR_IED_ManuelS_SArtes_7d15f1,PUR_IED_ManuelS_SArtes_7d15f1,,,,,
2026-09-12T10:46:05-05:00,PUR_IED_ManuelZapata_303_3ca6,PUR_IED_ManuelZapata_303_3ca6,,,,,
2026-09-12T10:46:05-05:00,PUR_IED_ManuelZapata_311_bfbabc,PUR_IED_ManuelZapata_311_bfbabc,,,,,
2026-09-12T10:46:05-05:00,PUR_IED_ManuelZapata_Ext_50824a,PUR_IED_ManuelZapata_Ext_50824a,,,,,
2026-09-12T10:46:05-05:00,PUR_IED_ManuelitaS_Exteri_656a92,PUR_IED_ManuelitaS_Exteri_656a92,,,,,
2026-09-12T10:46:05-05:00,PUR_IED_ManuelitaS_JuzgDe_f58ec3,PUR_IED_ManuelitaS_JuzgDe_f58ec3,,,,,
2026-09-12T10:46:05-05:00,PUR_IED_ManuelitaS_Recrea_d793db,PUR_IED_ManuelitaS_Recrea_d793db,,,,,
2026-09-12T10:46:05-05:00,PUR_IED_MarFidSuarez_Ext_c27b19,PUR_IED_MarFidSuarez_Ext_c27b19,,,,,
2026-09-12T10:46:05-05:00,PUR_IED_MarFidSuarez_Info_e384d7,PUR_IED_MarFidSuarez_Info_e384d7,,,,,
2026-09-12T10:46:05-05:00,PUR_IED_MarFidSuarez_S306_1d0032,PUR_IED_MarFidSuarez_S306_1d0032,,,,,
2026-09-12T10:46:05-05:00,PUR_IED_Menorah_301_2a25a3,PUR_IED_Menorah_301_2a25a3,,,,,
2026-09-12T10:46:05-05:00,PUR_IED_Menorah_306_37ed3,PUR_IED_Menorah_306_37ed3,,,,,
2026-09-12T10:46:05-05:00,PUR_IED_Menorah_Ext_3e155b,PUR_IED_Menorah_Ext_3e155b,,,,,
2026-09-12T10:46:05-05:00,PUR_IED_MinutoB.Aires_A11_1b1604,PUR_IED_MinutoB.Aires_A11_1b1604,,,,,
2026-09-12T10:46:05-05:00,PUR_IED_MinutoB.Aires_A12_fb5860,PUR_IED_MinutoB.Aires_A12_fb5860,,,,,
2026-09-12T10:46:05-05:00,PUR_IED_MinutoB.Aires_Ext_81293f,PUR_IED_MinutoB.Aires_Ext_81293f,,,,,
2026-09-12T10:46:05-05:00,PUR_IED_MinutoBAires_A11_1b1604,PUR_IED_MinutoBAires_A11_1b1604,,,,,
2026-09-12T10:46:05-05:00,PUR_IED_MinutoBAires_A12_fb5860,PUR_IED_MinutoBAires_A12_fb5860,,,,,
2026-09-12T10:46:05-05:00,PUR_IED_MinutoBAires_Ext_81293f,PUR_IED_MinutoBAires_Ext_81293f,,,,,
2026-09-12T10:46:05-05:00,PUR_IED_Montreal_Aula10_1e4959,PUR_IED_Montreal_Aula10_1e4959,,,,,
2026-09-12T10:46:05-05:00,PUR_IED_Montreal_Aula6_300367,PUR_IED_Montreal_Aula6_300367,,,,,
2026-09-12T10:46:05-05:00,PUR_IED_Montreal_Exterior_91a179,PUR_IED_Montreal_Exterior_91a179,,,,,
2026-09-12T10:46:05-05:00,PUR_IED_Mqgdalena_B202_5ddda3,PUR_IED_Mqgdalena_B202_5ddda3,,,,,
2026-09-12T10:46:05-05:00,PUR_IED_NACUND_Soc_dc8728,PUR_IED_NACUND_Soc_dc8728,,,,,
2026-09-12T10:46:05-05:00,PUR_IED_NACUND_ext_27ad97,PUR_IED_NACUND_ext_27ad97,,,,,
2026-09-12T10:46:05-05:00,PUR_IED_NEsperanza_Ext_d24b61,PUR_IED_NEsperanza_Ext_d24b61,,,,,
2026-09-12T10:46:05-05:00,PUR_IED_NEsperanza_SElect_7d1807,PUR_IED_NEsperanza_SElect_7d1807,,,,,
2026-09-12T10:46:05-05:00,PUR_IED_NEsperanza_SLabor_8b2d0a,PUR_IED_NEsperanza_SLabor_8b2d0a,,,,,
2026-09-12T10:46:05-05:00,PUR_IED_NacionesU_Ext_f661a9,PUR_IED_NacionesU_Ext_f661a9,,,,,
2026-09-12T10:46:05-05:00,PUR_IED_NacionesU_Quimica_66f0a,PUR_IED_NacionesU_Quimica_66f0a,,,,,
2026-09-12T10:46:05-05:00,PUR_IED_NacionesU_S306_1b4b3d,PUR_IED_NacionesU_S306_1b4b3d,,,,,
2026-09-12T10:46:05-05:00,PUR_IED_NestorFA_Ext_e4201c,PUR_IED_NestorFA_Ext_e4201c,,,,,
2026-09-12T10:46:05-05:00,PUR_IED_NestorFA_Laborato_f22fe0,PUR_IED_NestorFA_Laborato_f22fe0,,,,,
2026-09-12T10:46:05-05:00,PUR_IED_NestorFA_S204_dee996,PUR_IED_NestorFA_S204_dee996,,,,,
2026-09-12T10:46:05-05:00,PUR_IED_NidyaQT_Aula03_76999b,PUR_IED_NidyaQT_Aula03_76999b,,,,,
2026-09-12T10:46:05-05:00,PUR_IED_NidyaQT_Aula10_56325,PUR_IED_NidyaQT_Aula10_56325,,,,,
2026-09-12T10:46:05-05:00,PUR_IED_NidyaQT_Ext_46e32d,PUR_IED_NidyaQT_Ext_46e32d,,,,,
2026-09-12T10:46:05-05:00,PUR_IED_NuevaCol_Exterior_d9b859,PUR_IED_NuevaCol_Exterior_d9b859,,,,,
2026-09-12T10:46:05-05:00,PUR_IED_NuevaCol_S1101_76c43b,PUR_IED_NuevaCol_S1101_76c43b,,,,,
2026-09-12T10:46:05-05:00,PUR_IED_NuevaCol_S1102_1ce0b5,PUR_IED_NuevaCol_S1102_1ce0b5,,,,,
2026-09-12T10:46:05-05:00,PUR_IED_OEA_A202_f7e3f2,PUR_IED_OEA_A202_f7e3f2,,,,,
2026-09-12T10:46:05-05:00,PUR_IED_OEA_A203_7d1b8d,PUR_IED_OEA_A203_7d1b8d,,,,,
2026-09-12T10:46:05-05:00,PUR_IED_OEA_Ext_27b593,PUR_IED_OEA_Ext_27b593,,,,,
2026-09-12T10:46:05-05:00,PUR_IED_Ochoa_Ext_1c29da,PUR_IED_Ochoa_Ext_1c29da,,,,,
2026-09-12T10:46:05-05:00,PUR_IED_Ochoa_S205_8b1121,PUR_IED_Ochoa_S205_8b1121,,,,,
2026-09-12T10:46:05-05:00,PUR_IED_Ochoa_Sistemas_f33af6,PUR_IED_Ochoa_Sistemas_f33af6,,,,,
2026-09-12T10:46:05-05:00,PUR_IED_PQuebec_Ext_1c67c7,PUR_IED_PQuebec_Ext_1c67c7,,,,,
2026-09-12T10:46:05-05:00,PUR_IED_PQuebec_S15_23e8e2,PUR_IED_PQuebec_S15_23e8e2,,,,,
2026-09-12T10:46:05-05:00,PUR_IED_PQuebec_S16_8ec76b,PUR_IED_PQuebec_S16_8ec76b,,,,,
2026-09-12T10:46:05-05:00,PUR_IED_PabloN_Ext_49dc96,PUR_IED_PabloN_Ext_49dc96,,,,,
2026-09-12T10:46:05-05:00,PUR_IED_PabloN_S1102_4e3df5,PUR_IED_PabloN_S1102_4e3df5,,,,,
2026-09-12T10:46:05-05:00,PUR_IED_PabloN_S1103_50c94b,PUR_IED_PabloN_S1103_50c94b,,,,,
2026-09-12T10:46:05-05:00,PUR_IED_Palestina_S1101_db9198,PUR_IED_Palestina_S1101_db9198,,,,,
2026-09-12T10:46:05-05:00,PUR_IED_Palestina_S1102_dc54fa,PUR_IED_Palestina_S1102_dc54fa,,,,,
2026-09-12T10:46:05-05:00,PUR_IED_Palestina_ext_4ccce6,PUR_IED_Palestina_ext_4ccce6,,,,,
2026-09-12T10:46:05-05:00,PUR_IED_Panama_Fisica_4d0794,PUR_IED_Panama_Fisica_4d0794,,,,,
2026-09-12T10:46:05-05:00,PUR_IED_Panama_SIngles_a4077e,PUR_IED_Panama_SIngles_a4077e,,,,,
2026-09-12T10:46:05-05:00,PUR_IED_Panama_ext_4c54b4,PUR_IED_Panama_ext_4c54b4,,,,,
2026-09-12T10:46:05-05:00,PUR_IED_ParaisoM_Exterior_8cd7f0,PUR_IED_ParaisoM_Exterior_8cd7f0,,,,,
2026-09-12T10:46:05-05:00,PUR_IED_ParaisoM_Laborato_27af35,PUR_IED_ParaisoM_Laborato_27af35,,,,,
2026-09-12T10:46:05-05:00,PUR_IED_ParaisoM_S304_d1edca,PUR_IED_ParaisoM_S304_d1edca,,,,,
2026-09-12T10:46:05-05:00,PUR_IED_PorfirioBarba_Ext_301466,PUR_IED_PorfirioBarba_Ext_301466,,,,,
2026-09-12T10:46:05-05:00,PUR_IED_PorfirioBarba_S11_df6cd2,PUR_IED_PorfirioBarba_S11_df6cd2,,,,,
2026-09-12T10:46:05-05:00,PUR_IED_PorfirioBarba_S29_27a7d6,PUR_IED_PorfirioBarba_S29_27a7d6,,,,,
2026-09-12T10:46:05-05:00,PUR_IED_PradoV_Exter_8b27ad,PUR_IED_PradoV_Exter_8b27ad,,,,,
2026-09-12T10:46:05-05:00,PUR_IED_PradoV_S301_de65b5,PUR_IED_PradoV_S301_de65b5,,,,,
2026-09-12T10:46:05-05:00,PUR_IED_PradoV_S302_7d2593,PUR_IED_PradoV_S302_7d2593,,,,,
2026-09-12T10:46:05-05:00,PUR_IED_QuirogaAlz_Ext_1ddc82,PUR_IED_QuirogaAlz_Ext_1ddc82,,,,,
2026-09-12T10:46:05-05:00,PUR_IED_QuirogaAlz_S302_9926a3,PUR_IED_QuirogaAlz_S302_9926a3,,,,,
2026-09-12T10:46:05-05:00,PUR_IED_QuirogaAlz_S305_cdf1f1,PUR_IED_QuirogaAlz_S305_cdf1f1,,,,,
2026-09-12T10:46:05-05:00,PUR_IED_RGuatemala_Biling_dc53b7,PUR_IED_RGuatemala_Biling_dc53b7,,,,,
2026-09-12T10:46:05-05:00,PUR_IED_RGuatemala_Ext_1b89a3,PUR_IED_RGuatemala_Ext_1b89a3,,,,,
2026-09-12T10:46:05-05:00,PUR_IED_RGuatemala_Tecnol_281a34,PUR_IED_RGuatemala_Tecnol_281a34,,,,,
2026-09-12T10:46:05-05:00,PUR_IED_RafaNu_Ext_f7c302,PUR_IED_RafaNu_Ext_f7c302,,,,,
2026-09-12T10:46:05-05:00,PUR_IED_RafaNu_S1101_25fde,PUR_IED_RafaNu_S1101_25fde,,,,,
2026-09-12T10:46:05-05:00,PUR_IED_RafaNu_S1102_281517,PUR_IED_RafaNu_S1102_281517,,,,,
2026-09-12T10:46:05-05:00,PUR_IED_RafaelB_S305_ee2783,PUR_IED_RafaelB_S305_ee2783,,,,,
2026-09-12T10:46:05-05:00,PUR_IED_RafaelB_S306_75fe33,PUR_IED_RafaelB_S306_75fe33,,,,,
2026-09-12T10:46:05-05:00,PUR_IED_RafaelB_ext_283336,PUR_IED_RafaelB_ext_283336,2,20,55,4.6722,-74.0737
2026-09-12T10:46:05-05:00,PUR_IED_RafaelUU_Exterior_281a51,PUR_IED_RafaelUU_Exterior_281a51,,,,,
2026-09-12T10:46:05-05:00,PUR_IED_RafaelUU_Human_806b2,PUR_IED_RafaelUU_Human_806b2,,,,,
2026-09-12T10:46:05-05:00,PUR_IED_RafaelUU_Mate2_5680d4,PUR_IED_RafaelUU_Mate2_5680d4,,,,,
2026-09-12T10:46:05-05:00,PUR_IED_RamonSub_Ext_f9eeb9,PUR_IED_RamonSub_Ext_f9eeb9,,,,,
2026-09-12T10:46:05-05:00,PUR_IED_RamonSub_Media_d1f62f,PUR_IED_RamonSub_Media_d1f62f,,,,,
2026-09-12T10:46:05-05:00,PUR_IED_RamonSub_planta_51b82,PUR_IED_RamonSub_planta_51b82,,,,,
2026-09-12T10:46:05-05:00,PUR_IED_RepBoliVene_Exter_27af7c,PUR_IED_RepBoliVene_Exter_27af7c,,,,,
2026-09-12T10:46:05-05:00,PUR_IED_RepBoliVene_SCPT_5ae2ee,PUR_IED_RepBoliVene_SCPT_5ae2ee,,,,,
2026-09-12T10:46:05-05:00,PUR_IED_RepBoliVene_Socia_4b11d5,PUR_IED_RepBoliVene_Socia_4b11d5,,,,,
2026-09-12T10:46:05-05:00,PUR_IED_RepChina_Ext_76d9ee,PUR_IED_RepChina_Ext_76d9ee,,,,,
2026-09-12T10:46:05-05:00,PUR_IED_RepChina_S404_7c804c,PUR_IED_RepChina_S404_7c804c,,,,,
2026-09-12T10:46:05-05:00,PUR_IED_RepChina_S405_df2c33,PUR_IED_RepChina_S405_df2c33,,,,,
2026-09-12T10:46:05-05:00,PUR_IED_RepublicaC_Exteri_7d1ec9,PUR_IED_RepublicaC_Exteri_7d1ec9,,,,,
2026-09-12T10:46:05-05:00,PUR_IED_RepublicaC_S1101_f544b3,PUR_IED_RepublicaC_S1101_f544b3,,,,,
2026-09-12T10:46:05-05:00,PUR_IED_RepublicaC_S1102_7aafc7,PUR_IED_RepublicaC_S1102_7aafc7,,,,,
2026-09-12T10:46:05-05:00,PUR_IED_Ricaurte_Externo_a0ea1,PUR_IED_Ricaurte_Externo_a0ea1,,,,,
2026-09-12T10:46:05-05:00,PUR_IED_Ricaurte_S210_f546fd,PUR_IED_Ricaurte_S210_f546fd,,,,,
2026-09-12T10:46:05-05:00,PUR_IED_Ricaurte_S309_d4452,PUR_IED_Ricaurte_S309_d4452,,,,,
2026-09-12T10:46:05-05:00,PUR_IED_RogelioS_1102_531e69,PUR_IED_RogelioS_1102_531e69,,,,,
2026-09-12T10:46:05-05:00,PUR_IED_RogelioS_Ext_f25a18,PUR_IED_RogelioS_Ext_f25a18,,,,,
2026-09-12T10:46:05-05:00,PUR_IED_SBernardino_Ext_27aff8,PUR_IED_SBernardino_Ext_27aff8,,,,,
2026-09-12T10:46:05-05:00,PUR_IED_SBernardino_SArte_2ffd33,PUR_IED_SBernardino_SArte_2ffd33,,,,,
2026-09-12T10:46:05-05:00,PUR_IED_SBernardino_SIngl_7c7da5,PUR_IED_SBernardino_SIngl_7c7da5,,,,,
2026-09-12T10:46:05-05:00,PUR_IED_Sago_auditorio_dc9d1d,PUR_IED_Sago_auditorio_dc9d1d,,,,,
2026-09-12T10:46:05-05:00,PUR_IED_Saludcoop_Ext_95aac3,PUR_IED_Saludcoop_Ext_95aac3,,,,,
2026-09-12T10:46:05-05:00,PUR_IED_Saludcoop_InfI_90c854,PUR_IED_Saludcoop_InfI_90c854,,,,,
2026-09-12T10:46:05-05:00,PUR_IED_Saludcoop_SMedia_1b93be,PUR_IED_Saludcoop_SMedia_1b93be,,,,,
2026-09-12T10:46:05-05:00,PUR_IED_SanCarlos_1101_1a2360,PUR_IED_SanCarlos_1101_1a2360,,,,,
2026-09-12T10:46:05-05:00,PUR_IED_SanCarlos_1103_7bafb5,PUR_IED_SanCarlos_1103_7bafb5,,,,,
2026-09-12T10:46:05-05:00,PUR_IED_SanCarlos_Ext_b7cd1,PUR_IED_SanCarlos_Ext_b7cd1,,,,,
2026-09-12T10:46:05-05:00,PUR_IED_SanIgnacioBosa11a_50c26e,PUR_IED_SanIgnacioBosa11a_50c26e,,,,,
2026-09-12T10:46:05-05:00,PUR_IED_SanIgnacioBosa11b_371de8,PUR_IED_SanIgnacioBosa11b_371de8,,,,,
2026-09-12T10:46:05-05:00,PUR_IED_SanIgnacioBosaExt_ef0ffc,PUR_IED_SanIgnacioBosaExt_ef0ffc,,,,,
2026-09-12T10:46:05-05:00,PUR_IED_SanIgnacioBosa_11a_50c26e,PUR_IED_SanIgnacioBosa_11a_50c26e,,,,,
2026-09-12T10:46:05-05:00,PUR_IED_SanIgnacioBosa_Ext_ef0ffc,PUR_IED_SanIgnacioBosa_Ext_ef0ffc,,,,,
2026-09-12T10:46:05-05:00,PUR_IED_SanJoseN_intS1101_31c47f,PUR_IED_SanJoseN_intS1101_31c47f,,,,,
2026-09-12T10:46:05-05:00,PUR_IED_SanJoseUsm_Exter_f5d7e8,PUR_IED_SanJoseUsm_Exter_f5d7e8,,,,,
2026-09-12T10:46:05-05:00,PUR_IED_SanJoseUsm_Int11A_cfdef6,PUR_IED_SanJoseUsm_Int11A_cfdef6,,,,,
2026-09-12T10:46:05-05:00,PUR_IED_SilveriaR_IntB5_905349,PUR_IED_SilveriaR_IntB5_905349,,,,,
2026-09-12T10:46:05-05:00,PUR_IED_SilveriaR_IntSD14_981f93,PUR_IED_SilveriaR_IntSD14_981f93,,,,,
2026-09-12T10:46:05-05:00,PUR_IED_SilveriaR_ext_2b651d,PUR_IED_SilveriaR_ext_2b651d,,,,,
2026-09-12T10:46:05-05:00,PUR_IED_SimonB_Exterior_913975,PUR_IED_SimonB_Exterior_913975,,,,,
2026-09-12T10:46:05-05:00,PUR_IED_SimonB_LabQuimi_c56908,PUR_IED_SimonB_LabQuimi_c56908,,,,,
2026-09-12T10:46:05-05:00,PUR_IED_SimonB_informatic_a28c1,PUR_IED_SimonB_informatic_a28c1,,,,,
2026-09-12T10:46:05-05:00,PUR_IED_Sorrento_1102_315f50,PUR_IED_Sorrento_1102_315f50,,,,,
2026-09-12T10:46:05-05:00,PUR_IED_Sorrento_Minte_214eab,PUR_IED_Sorrento_Minte_214eab,,,,,
2026-09-12T10:46:05-05:00,PUR_IED_Sorrento_ext_7c3a0a,PUR_IED_Sorrento_ext_7c3a0a,,,,,
2026-09-12T10:46:05-05:00,PUR_IED_Tabora_Ext_f048ae,PUR_IED_Tabora_Ext_f048ae,,,,,
2026-09-12T10:46:05-05:00,PUR_IED_Tabora_S1102_b07752,PUR_IED_Tabora_S1102_b07752,,,,,
2026-09-12T10:46:05-05:00,PUR_IED_Tabora_S1103_d988f5,PUR_IED_Tabora_S1103_d988f5,,,,,
2026-09-12T10:46:05-05:00,PUR_IED_Tenerife_Ext_1ab188,PUR_IED_Tenerife_Ext_1ab188,,,,,
2026-09-12T10:46:05-05:00,PUR_IED_Tenerife_SDanzas_7bc02e,PUR_IED_Tenerife_SDanzas_7bc02e,,,,,
2026-09-12T10:46:05-05:00,PUR_IED_Tenerife_SIngles_7cc277,PUR_IED_Tenerife_SIngles_7cc277,,,,,
2026-09-12T10:46:05-05:00,PUR_IED_Tibabuyes_Exter_f2683d,PUR_IED_Tibabuyes_Exter_f2683d,,,,,
2026-09-12T10:46:05-05:00,PUR_IED_Tibabuyes_S10_dc87a8,PUR_IED_Tibabuyes_S10_dc87a8,,,,,
2026-09-12T10:46:05-05:00,PUR_IED_Tibabuyes_S15_dc0526,PUR_IED_Tibabuyes_S15_dc0526,,,,,
2026-09-12T10:46:05-05:00,PUR_IED_UnionE_S301_a1043,PUR_IED_UnionE_S301_a1043,,,,,
2026-09-12T10:46:05-05:00,PUR_IED_UnionE_S307_ff6c2f,PUR_IED_UnionE_S307_ff6c2f,,,,,
2026-09-12T10:46:05-05:00,PUR_IED_UnionE__Ext_5e2468,PUR_IED_UnionE__Ext_5e2468,,,,,
2026-09-12T10:46:05-05:00,PUR_IED_VillaRica_Ext_75be7c,PUR_IED_VillaRica_Ext_75be7c,,,,,
2026-09-12T10:46:05-05:00,PUR_IED_VillaRica_S4_cc5dcd,PUR_IED_VillaRica_S4_cc5dcd,,,,,
2026-09-12T10:46:05-05:00,PUR_IED_VillaRica_Sesp_99f5c,PUR_IED_VillaRica_Sesp_99f5c,,,,,
2026-09-12T10:51:07-05:00,PUR_IED_20deJulio_1101_91b1b9,PUR_IED_20deJulio_1101_91b1b9,,,,,
2026-09-12T10:51:07-05:00,PUR_IED_20deJulio_1102_1cfcf9,PUR_IED_20deJulio_1102_1cfcf9,,,,,
2026-09-12T10:51:07-05:00,PUR_IED_20deJulio_Ext_ab60bd,PUR_IED_20deJulio_Ext_ab60bd,,,,,
2026-09-12T10:51:07-05:00,PUR_IED_AgustinFer_Ext_7b9b77,PUR_IED_AgustinFer_Ext_7b9b77,,,,,
2026-09-12T10:51:07-05:00,PUR_IED_AgustinFer_Info2_27b3a7,PUR_IED_AgustinFer_Info2_27b3a7,,,,,
2026-09-12T10:51:07-05:00,PUR_IED_AgustinFer_Sena_54b4eb,PUR_IED_AgustinFer_Sena_54b4eb,,,,,
2026-09-12T10:51:07-05:00,PUR_IED_AlexanderF_1102_caf07b,PUR_IED_AlexanderF_1102_caf07b,,,,,
2026-09-12T10:51:07-05:00,PUR_IED_AlexanderF_1103_c79e71,PUR_IED_AlexanderF_1103_c79e71,,,,,
2026-09-12T10:51:07-05:00,PUR_IED_AlexanderF_Ext_c5b18b,PUR_IED_AlexanderF_Ext_c5b18b,,,,,
2026-09-12T10:51:07-05:00,PUR_IED_AlfonsoLopez_Ext_281d77,PUR_IED_AlfonsoLopez_Ext_281d77,,,,,
2026-09-12T10:51:07-05:00,PUR_IED_AlfonsoLopez_LabF_888ce0,PUR_IED_AlfonsoLopez_LabF_888ce0,,,,,
2026-09-12T10:51:07-05:00,PUR_IED_AlfonsoLopez_SMed_df6a7f,PUR_IED_AlfonsoLopez_SMed_df6a7f,,,,,
2026-09-12T10:51:07-05:00,PUR_IED_AltamiraSO_A2_209f92,PUR_IED_AltamiraSO_A2_209f92,,,,,
2026-09-12T10:51:07-05:00,PUR_IED_AltamiraSO_Ext_186d66,PUR_IED_AltamiraSO_Ext_186d66,,,,,
2026-09-12T10:51:07-05:00,PUR_IED_AltamiraSO_Sistem_27afe1,PUR_IED_AltamiraSO_Sistem_27afe1,,,,,
2026-09-12T10:51:07-05:00,PUR_IED_AlvaroGom_LabQuim_813179,PUR_IED_AlvaroGom_LabQuim_813179,,,,,
2026-09-12T10:51:07-05:00,PUR_IED_AlvaroGomez_Ext_47c7ca,PUR_IED_AlvaroGomez_Ext_47c7ca,,,,,
2026-09-12T10:51:07-05:00,PUR_IED_AlvaroGomez_LabQuim_813179,PUR_IED_AlvaroGomez_LabQuim_813179,,,,,
2026-09-12T10:51:07-05:00,PUR_IED_AlvaroGomez_S23_7ba89f,PUR_IED_AlvaroGomez_S23_7ba89f,,,,,
2026-09-12T10:51:07-05:00,PUR_IED_Amistad_306_dc8728,PUR_IED_Amistad_306_dc8728,,,,,
2026-09-12T10:51:07-05:00,PUR_IED_Amistad_Ext_8cd55e,PUR_IED_Amistad_Ext_8cd55e,,,,,
2026-09-12T10:51:07-05:00,PUR_IED_Amistad_S202_a41169,PUR_IED_Amistad_S202_a41169,,,,,
2026-09-12T10:51:07-05:00,PUR_IED_AndresBello_Bio_fd5f5e,PUR_IED_AndresBello_Bio_fd5f5e,,,,,
2026-09-12T10:51:07-05:00,PUR_IED_AndresBello_ext_dcad65,PUR_IED_AndresBello_ext_dcad65,,,,,
2026-09-12T10:51:07-05:00,PUR_IED_AndresBello_port_eed3ec,PUR_IED_AndresBello_port_eed3ec,,,,,
2026-09-12T10:51:07-05:00,PUR_IED_AngelaR_11b_d90a6b,PUR_IED_AngelaR_11b_d90a6b,,,,,
2026-09-12T10:51:07-05:00,PUR_IED_AngelaR_ext_7cad3e,PUR_IED_AngelaR_ext_7cad3e,5,20,59,4.5825,-74.164497
2026-09-12T10:51:07-05:00,PUR_IED_AntJoseSucre_10mo_df2575,PUR_IED_AntJoseSucre_10mo_df2575,,,,,
2026-09-12T10:51:07-05:00,PUR_IED_AntJoseSucre_Ext_215b36,PUR_IED_AntJoseSucre_Ext_215b36,,,,,
2026-09-12T10:51:07-05:00,PUR_IED_AntJoseSucre_Lab_3139de,PUR_IED_AntJoseSucre_Lab_3139de,,,,,
2026-09-12T10:51:07-05:00,PUR_IED_AntonioGarcia_301_d6b188,PUR_IED_AntonioGarcia_301_d6b188,,,,,
2026-09-12T10:51:07-05:00,PUR_IED_AntonioGarcia_302_88a82,PUR_IED_AntonioGarcia_302_88a82,,,,,
2026-09-12T10:51:07-05:00,PUR_IED_AntonioGarcia_Ext_20950c,PUR_IED_AntonioGarcia_Ext_20950c,,,,,
2026-09-12T10:51:07-05:00,PUR_IED_AntonioVan_Aula2_6dea02,PUR_IED_AntonioVan_Aula2_6dea02,,,,,
2026-09-12T10:51:07-05:00,PUR_IED_AntonioVan_Aula5_f1557e,PUR_IED_AntonioVan_Aula5_f1557e,,,,,
2026-09-12T10:51:07-05:00,PUR_IED_AntonioVan_Ext_406f2f,PUR_IED_AntonioVan_Ext_406f2f,,,,,
2026-09-12T10:51:07-05:00,PUR_IED_Atabanzha_Ext_cc5af9,PUR_IED_Atabanzha_Ext_cc5af9,,,,,
2026-09-12T10:51:07-05:00,PUR_IED_Atabanzha_SA101_56c37,PUR_IED_Atabanzha_SA101_56c37,,,,,
2026-09-12T10:51:07-05:00,PUR_IED_Atabanzha_SB302_27b374,PUR_IED_Atabanzha_SB302_27b374,,,,,
2026-09-12T10:51:07-05:00,PUR_IED_Atahualpa_Ext_fc1748,PUR_IED_Atahualpa_Ext_fc1748,,,,,
2026-09-12T10:51:07-05:00,PUR_IED_Atahualpa_Informa_dc9a95,PUR_IED_Atahualpa_Informa_dc9a95,,,,,
2026-09-12T10:51:07-05:00,PUR_IED_Atahualpa_S1101_f98056,PUR_IED_Atahualpa_S1101_f98056,,,,,
2026-09-12T10:51:07-05:00,PUR_IED_Bellavista_Ext_f5aa74,PUR_IED_Bellavista_Ext_f5aa74,,,,,
2026-09-12T10:51:07-05:00,PUR_IED_Bilbao_11A_916c41,PUR_IED_Bilbao_11A_916c41,,,,,
2026-09-12T10:51:07-05:00,PUR_IED_Bilbao_Ext_fb579a,PUR_IED_Bilbao_Ext_fb579a,,,,,
2026-09-12T10:51:07-05:00,PUR_IED_BrasiliaU_A125_304280,PUR_IED_BrasiliaU_A125_304280,,,,,
2026-09-12T10:51:07-05:00,PUR_IED_BrasiliaU_A203_7c8ca5,PUR_IED_BrasiliaU_A203_7c8ca5,,,,,
2026-09-12T10:51:07-05:00,PUR_IED_BrasiliaU_Ext_8d6e9f,PUR_IED_BrasiliaU_Ext_8d6e9f,,,,,
2026-09-12T10:51:07-05:00,PUR_IED_Brasilia_Ext_fe6593,PUR_IED_Brasilia_Ext_fe6593,,,,,
2026-09-12T10:51:07-05:00,PUR_IED_Brasilia_S24_7c130d,PUR_IED_Brasilia_S24_7c130d,,,,,
2026-09-12T10:51:07-05:00,PUR_IED_Brasilia_S501_186a54,PUR_IED_Brasilia_S501_186a54,,,,,
2026-09-12T10:51:07-05:00,PUR_IED_CHARRY_EXT_f1d5cd,PUR_IED_CHARRY_EXT_f1d5cd,,,,,
2026-09-12T10:51:07-05:00,PUR_IED_CHARRY_INTDANZAS_7a08e6,PUR_IED_CHARRY_INTDANZAS_7a08e6,,,,,
2026-09-12T10:51:07-05:00,PUR_IED_CHARRY_INT_AULA20_dc998d,PUR_IED_CHARRY_INT_AULA20_dc998d,,,,,
2026-09-12T10:51:07-05:00,PUR_IED_COLVIV_1101_S25_7f520a,PUR_IED_COLVIV_1101_S25_7f520a,,,,,
2026-09-12T10:51:07-05:00,PUR_IED_COLVIV_1102_S16_f570ba,PUR_IED_COLVIV_1102_S16_f570ba,,,,,
2026-09-12T10:51:07-05:00,PUR_IED_COLVIV_Ext_1a26fa,PUR_IED_COLVIV_Ext_1a26fa,,,,,
2026-09-12T10:51:07-05:00,PUR_IED_CULPOP_301A_f660f3,PUR_IED_CULPOP_301A_f660f3,,,,,
2026-09-12T10:51:07-05:00,PUR_IED_CULPOP_303_568afe,PUR_IED_CULPOP_303_568afe,,,,,
2026-09-12T10:51:07-05:00,PUR_IED_CULPOP_Ext_e02ccb,PUR_IED_CULPOP_Ext_e02ccb,,,,,
2026-09-12T10:51:07-05:00,PUR_IED_CVillavicen_Ext_26eb58,PUR_IED_CVillavicen_Ext_26eb58,6,16,76,4.487,-74.102798
2026-09-12T10:51:07-05:00,PUR_IED_CVillavicen_Intel_1ce5c2,PUR_IED_CVillavicen_Intel_1ce5c2,,,,,
2026-09-12T10:51:07-05:00,PUR_IED_CVillavicen_Poliv_e0766c,PUR_IED_CVillavicen_Poliv_e0766c,,,,,
2026-09-12T10:51:07-05:00,PUR_IED_CVillavicen_int_1ba140,PUR_IED_CVillavicen_int_1ba140,,,,,
2026-09-12T10:51:07-05:00,PUR_IED_CVillavicen_intel_1ba140,PUR_IED_CVillavicen_intel_1ba140,,,,,
2026-09-12T10:51:07-05:00,PUR_IED_CarlosPizarro_Ext_e307cc,PUR_IED_CarlosPizarro_Ext_e307cc,,,,,
2026-09-12T10:51:07-05:00,PUR_IED_CarlosPizarro_L36_7e5cdb,PUR_IED_CarlosPizarro_L36_7e5cdb,,,,,
2026-09-12T10:51:07-05:00,PUR_IED_CarlosPizarro_L37_c8566c,PUR_IED_CarlosPizarro_L37_c8566c,,,,,
2026-09-12T10:51:07-05:00,PUR_IED_Castilla_Ext_cf35f,PUR_IED_Castilla_Ext_cf35f,,,,,
2026-09-12T10:51:07-05:00,PUR_IED_Castilla_SFisik_360e38,PUR_IED_Castilla_SFisik_360e38,,,,,
2026-09-12T10:51:07-05:00,PUR_IED_Castilla_Sc304_496fbf,PUR_IED_Castilla_Sc304_496fbf,,,,,
2026-09-12T10:51:07-05:00,PUR_IED_CervantesSa_Ext_6b57b,PUR_IED_CervantesSa_Ext_6b57b,4,19,65,4.5128,-74.117203
2026-09-12T10:51:07-05:00,PUR_IED_CervantesSa_S107_225c2b,PUR_IED_CervantesSa_S107_225c2b,,,,,
2026-09-12T10:51:07-05:00,PUR_IED_CervantesSa_S108_940925,PUR_IED_CervantesSa_S108_940925,,,,,
2026-09-12T10:51:07-05:00,PUR_IED_Charry_A20_f53e7c,PUR_IED_Charry_A20_f53e7c,,,,,
2026-09-12T10:51:07-05:00,PUR_IED_Charry_Ext_f1d5cd,PUR_IED_Charry_Ext_f1d5cd,,,,,
2026-09-12T10:51:07-05:00,PUR_IED_Charry_IntAula20_dc998d,PUR_IED_Charry_IntAula20_dc998d,,,,,
2026-09-12T10:51:07-05:00,PUR_IED_Charry_IntDanzas_7a08e6,PUR_IED_Charry_IntDanzas_7a08e6,,,,,
2026-09-12T10:51:07-05:00,PUR_IED_ClememciaC_203_43e2fc,PUR_IED_ClememciaC_203_43e2fc,,,,,
2026-09-12T10:51:07-05:00,PUR_IED_ClememciaC_Ext_1b411a,PUR_IED_ClememciaC_Ext_1b411a,,,,,
2026-09-12T10:51:07-05:00,PUR_IED_ClememciaC_Quimic_44b5fc,PUR_IED_ClememciaC_Quimic_44b5fc,,,,,
2026-09-12T10:51:07-05:00,PUR_IED_ClemenciaC_203_43e2fc,PUR_IED_ClemenciaC_203_43e2fc,,,,,
2026-09-12T10:51:07-05:00,PUR_IED_ClemenciaC_Ext_1b411a,PUR_IED_ClemenciaC_Ext_1b411a,,,,,
2026-09-12T10:51:07-05:00,PUR_IED_ClemenciaC_Quimic_44b5fc,PUR_IED_ClemenciaC_Quimic_44b5fc,,,,,
2026-09-12T10:51:07-05:00,PUR_IED_ColViva_1101_S25_7f520a,PUR_IED_ColViva_1101_S25_7f520a,,,,,
2026-09-12T10:51:07-05:00,PUR_IED_ColViva_1102_S16_f570ba,PUR_IED_ColViva_1102_S16_f570ba,,,,,
2026-09-12T10:51:07-05:00,PUR_IED_ColViva_Ext_1a26fa,PUR_IED_ColViva_Ext_1a26fa,,,,,
2026-09-12T10:51:07-05:00,PUR_IED_ColegioBici_Asist_7c8798,PUR_IED_ColegioBici_Asist_7c8798,,,,,
2026-09-12T10:51:07-05:00,PUR_IED_ColegioBici_Ext_25cbf6,PUR_IED_ColegioBici_Ext_25cbf6,,,,,
2026-09-12T10:51:07-05:00,PUR_IED_ColegioBici_LabQ_7b57db,PUR_IED_ColegioBici_LabQ_7b57db,,,,,
2026-09-12T10:51:07-05:00,PUR_IED_CostaRica_Ext_5e640,PUR_IED_CostaRica_Ext_5e640,,,,,
2026-09-12T10:51:07-05:00,PUR_IED_CostaRica_Quim1_766d1c,PUR_IED_CostaRica_Quim1_766d1c,,,,,
2026-09-12T10:51:07-05:00,PUR_IED_CostaRica__Fisica_6f0873,PUR_IED_CostaRica__Fisica_6f0873,,,,,
2026-09-12T10:51:07-05:00,PUR_IED_CulPopu_301A_f660f3,PUR_IED_CulPopu_301A_f660f3,,,,,
2026-09-12T10:51:07-05:00,PUR_IED_CulPopu_303_568afe,PUR_IED_CulPopu_303_568afe,,,,,
2026-09-12T10:51:07-05:00,PUR_IED_CulPopu_Ext_e02ccb,PUR_IED_CulPopu_Ext_e02ccb,,,,,
2026-09-12T10:51:07-05:00,PUR_IED_Cundinamarca_Ext_f15985,PUR_IED_Cundinamarca_Ext_f15985,,,,,
2026-09-12T10:51:07-05:00,PUR_IED_Cundinamarca_Info_7aa5d7,PUR_IED_Cundinamarca_Info_7aa5d7,,,,,
2026-09-12T10:51:07-05:00,PUR_IED_Cundinamarca_Tec2_f449c7,PUR_IED_Cundinamarca_Tec2_f449c7,,,,,
2026-09-12T10:51:07-05:00,PUR_IED_DiegoM_Aula1_27b314,PUR_IED_DiegoM_Aula1_27b314,,,,,
2026-09-12T10:51:07-05:00,PUR_IED_DiegoM_Ext_d80ac8,PUR_IED_DiegoM_Ext_d80ac8,,,,,
2026-09-12T10:51:07-05:00,PUR_IED_DiegoM_S25_da928f,PUR_IED_DiegoM_S25_da928f,,,,,
2026-09-12T10:51:07-05:00,PUR_IED_ELRODEO_360881,PUR_IED_ELRODEO_360881,,,,,
2026-09-12T10:51:07-05:00,PUR_IED_ELRODEO_ext_360881,PUR_IED_ELRODEO_ext_360881,,,,,
2026-09-12T10:51:07-05:00,PUR_IED_EduardoU_Ext_1c1969,PUR_IED_EduardoU_Ext_1c1969,,,,,
2026-09-12T10:51:07-05:00,PUR_IED_EduardoU_SCiencia_4dfb94,PUR_IED_EduardoU_SCiencia_4dfb94,,,,,
2026-09-12T10:51:07-05:00,PUR_IED_EduardoU_SQuimica_5a46e7,PUR_IED_EduardoU_SQuimica_5a46e7,,,,,
2026-09-12T10:51:07-05:00,PUR_IED_ElRodeo_Aula14_676984,PUR_IED_ElRodeo_Aula14_676984,,,,,
2026-09-12T10:51:07-05:00,PUR_IED_ElRodeo_Aula16_2dd35b,PUR_IED_ElRodeo_Aula16_2dd35b,,,,,
2026-09-12T10:51:07-05:00,PUR_IED_ElRodeo_Ext_360881,PUR_IED_ElRodeo_Ext_360881,,,,,
2026-09-12T10:51:07-05:00,PUR_IED_ElRodeo_Exterior_8c6d28,PUR_IED_ElRodeo_Exterior_8c6d28,,,,,
2026-09-12T10:51:07-05:00,PUR_IED_ElRodeo_ext_360881,PUR_IED_ElRodeo_ext_360881,,,,,
2026-09-12T10:51:07-05:00,PUR_IED_EmmaReyes_Ext_987625,PUR_IED_EmmaReyes_Ext_987625,4,22,49,4.6367,-74.1511
2026-09-12T10:51:07-05:00,PUR_IED_Ensueño_Ext_7f0250,PUR_IED_Ensueño_Ext_7f0250,,,,,
2026-09-12T10:51:07-05:00,PUR_IED_EscNormal_Ext_5fef3b,PUR_IED_EscNormal_Ext_5fef3b,2,21,54,4.5852,-74.096901
2026-09-12T10:51:07-05:00,PUR_IED_EscNormal_S309_5b263,PUR_IED_EscNormal_S309_5b263,,,,,
2026-09-12T10:51:07-05:00,PUR_IED_EscNormal_S310_27b3b8,PUR_IED_EscNormal_S310_27b3b8,,,,,
2026-09-12T10:51:07-05:00,PUR_IED_Evangelista_Conta_f6cd4f,PUR_IED_Evangelista_Conta_f6cd4f,,,,,
2026-09-12T10:51:07-05:00,PUR_IED_Evangelista_Cri_5e16a,PUR_IED_Evangelista_Cri_5e16a,,,,,
2026-09-12T10:51:07-05:00,PUR_IED_Evangelista_Exter_754066,PUR_IED_Evangelista_Exter_754066,,,,,
2026-09-12T10:51:07-05:00,PUR_IED_FMiranda_S209_5cc2a3,PUR_IED_FMiranda_S209_5cc2a3,,,,,
2026-09-12T10:51:07-05:00,PUR_IED_FMiranda_S303_19e344,PUR_IED_FMiranda_S303_19e344,,,,,
2026-09-12T10:51:07-05:00,PUR_IED_FMiranda_ext_f53e7c,PUR_IED_FMiranda_ext_f53e7c,,,,,
2026-09-12T10:51:07-05:00,PUR_IED_FabioLozano_Bibli_1cee05,PUR_IED_FabioLozano_Bibli_1cee05,,,,,
2026-09-12T10:51:07-05:00,PUR_IED_FabioLozano_Ext_6ea285,PUR_IED_FabioLozano_Ext_6ea285,,,,,
2026-09-12T10:51:07-05:00,PUR_IED_FabioLozano_SLudi_f09e1e,PUR_IED_FabioLozano_SLudi_f09e1e,,,,,
2026-09-12T10:51:07-05:00,PUR_IED_FaustinoS_Aula07_27a731,PUR_IED_FaustinoS_Aula07_27a731,,,,,
2026-09-12T10:51:07-05:00,PUR_IED_FaustinoS_Ext_7b936f,PUR_IED_FaustinoS_Ext_7b936f,,,,,
2026-09-12T10:51:07-05:00,PUR_IED_FaustinoS_Fisica_da2c60,PUR_IED_FaustinoS_Fisica_da2c60,,,,,
2026-09-12T10:51:07-05:00,PUR_IED_FeGarciaLo_Ext_dc68ee,PUR_IED_FeGarciaLo_Ext_dc68ee,,,,,
2026-09-12T10:51:07-05:00,PUR_IED_FeGarciaLo_SDanza_f70a59,PUR_IED_FeGarciaLo_SDanza_f70a59,,,,,
2026-09-12T10:51:07-05:00,PUR_IED_FeGarciaLo_SMusic_125cdd,PUR_IED_FeGarciaLo_SMusic_125cdd,,,,,
2026-09-12T10:51:07-05:00,PUR_IED_FederalAlema_Exte_50c345,PUR_IED_FederalAlema_Exte_50c345,,,,,
2026-09-12T10:51:07-05:00,PUR_IED_FederalAlema_S31_f18371,PUR_IED_FederalAlema_S31_f18371,,,,,
2026-09-12T10:51:07-05:00,PUR_IED_FederalAlema_S901_a62cd,PUR_IED_FederalAlema_S901_a62cd,,,,,
2026-09-12T10:51:07-05:00,PUR_IED_FilarmonicaS_A5_f35eb1,PUR_IED_FilarmonicaS_A5_f35eb1,,,,,
2026-09-12T10:51:07-05:00,PUR_IED_FilarmonicaS_Ext_8a3bde,PUR_IED_FilarmonicaS_Ext_8a3bde,,,,,
2026-09-12T10:51:07-05:00,PUR_IED_FilarmonicaS_Spol_406114,PUR_IED_FilarmonicaS_Spol_406114,,,,,
2026-09-12T10:51:07-05:00,PUR_IED_FlorentinoG_A13_d1fa59,PUR_IED_FlorentinoG_A13_d1fa59,,,,,
2026-09-12T10:51:07-05:00,PUR_IED_FlorentinoG_Ext_1ce6ce,PUR_IED_FlorentinoG_Ext_1ce6ce,,,,,
2026-09-12T10:51:07-05:00,PUR_IED_FlorentinoG_Idiom_a66aac,PUR_IED_FlorentinoG_Idiom_a66aac,,,,,
2026-09-12T10:51:07-05:00,PUR_IED_FranciscoMati_Ext_e3869d,PUR_IED_FranciscoMati_Ext_e3869d,,,,,
2026-09-12T10:51:07-05:00,PUR_IED_FranciscoMati_S13_f31c67,PUR_IED_FranciscoMati_S13_f31c67,,,,,
2026-09-12T10:51:07-05:00,PUR_IED_FranciscoMati_S14_97dead,PUR_IED_FranciscoMati_S14_97dead,,,,,
2026-09-12T10:51:07-05:00,PUR_IED_FranciscoPS_Ext_7bfa9a,PUR_IED_FranciscoPS_Ext_7bfa9a,2,23,52,4.5899,-74.110397
2026-09-12T10:51:07-05:00,PUR_IED_FranciscoPS_Infor_fb8f4c,PUR_IED_FranciscoPS_Infor_fb8f4c,,,,,
2026-09-12T10:51:07-05:00,PUR_IED_FranciscoPS_Quimi_94d39c,PUR_IED_FranciscoPS_Quimi_94d39c,,,,,
2026-09-12T10:51:07-05:00,PUR_IED_FranciscoP_LabQ_d7e148,PUR_IED_FranciscoP_LabQ_d7e148,,,,,
2026-09-12T10:51:07-05:00,PUR_IED_FranciscoP_S28_cf9b30,PUR_IED_FranciscoP_S28_cf9b30,,,,,
2026-09-12T10:51:07-05:00,PUR_IED_FranciscoP_ext_e2313,PUR_IED_FranciscoP_ext_e2313,,,,,
2026-09-12T10:51:07-05:00,PUR_IED_FriederichN_Ext_8ac92a,PUR_IED_FriederichN_Ext_8ac92a,,,,,
2026-09-12T10:51:07-05:00,PUR_IED_FriederichN_S301_dd7e5a,PUR_IED_FriederichN_S301_dd7e5a,,,,,
2026-09-12T10:51:07-05:00,PUR_IED_FriederichN_S308_761f4f,PUR_IED_FriederichN_S308_761f4f,,,,,
2026-09-12T10:51:07-05:00,PUR_IED_GSantander_Aula10_533dd7,PUR_IED_GSantander_Aula10_533dd7,,,,,
2026-09-12T10:51:07-05:00,PUR_IED_GSantander_Aula12_fd4e4f,PUR_IED_GSantander_Aula12_fd4e4f,,,,,
2026-09-12T10:51:07-05:00,PUR_IED_GSantander_Aula310_533dd7,PUR_IED_GSantander_Aula310_533dd7,,,,,
2026-09-12T10:51:07-05:00,PUR_IED_GSantander_Aula312_fd4e4f,PUR_IED_GSantander_Aula312_fd4e4f,,,,,
2026-09-12T10:51:07-05:00,PUR_IED_GSantander_Ext_5f66b0,PUR_IED_GSantander_Ext_5f66b0,,,,,
2026-09-12T10:51:07-05:00,PUR_IED_GYomasa_Ext_f6bea5,PUR_IED_GYomasa_Ext_f6bea5,,,,,
2026-09-12T10:51:07-05:00,PUR_IED_GYomasa_LBiol_2c41aa,PUR_IED_GYomasa_LBiol_2c41aa,,,,,
2026-09-12T10:51:07-05:00,PUR_IED_GYomasa_LQuim_33c80,PUR_IED_GYomasa_LQuim_33c80,,,,,
2026-09-12T10:51:07-05:00,PUR_IED_GabBetMejia_Cienc_5a99c,PUR_IED_GabBetMejia_Cienc_5a99c,,,,,
2026-09-12T10:51:07-05:00,PUR_IED_GabBetMejia_Ext_9153d0,PUR_IED_GabBetMejia_Ext_9153d0,,,,,
2026-09-12T10:51:07-05:00,PUR_IED_GabBetMejia_Lab_f55347,PUR_IED_GabBetMejia_Lab_f55347,,,,,
2026-09-12T10:51:07-05:00,PUR_IED_GabBetanMejia_Ext_9153d0,PUR_IED_GabBetanMejia_Ext_9153d0,,,,,
2026-09-12T10:51:07-05:00,PUR_IED_Gaitana_Aula13_7aac11,PUR_IED_Gaitana_Aula13_7aac11,,,,,
2026-09-12T10:51:07-05:00,PUR_IED_Gaitana_Ext_5fcf4,PUR_IED_Gaitana_Ext_5fcf4,,,,,
2026-09-12T10:51:07-05:00,PUR_IED_Gaitana_LabFisica_644448,PUR_IED_Gaitana_LabFisica_644448,,,,,
2026-09-12T10:51:07-05:00,PUR_IED_GenSantander_Dise_8ac858,PUR_IED_GenSantander_Dise_8ac858,,,,,
2026-09-12T10:51:07-05:00,PUR_IED_GenSantander_Ext_8d5dfe,PUR_IED_GenSantander_Ext_8d5dfe,,,,,
2026-09-12T10:51:07-05:00,PUR_IED_GenSantander_Info_6c25b,PUR_IED_GenSantander_Info_6c25b,,,,,
2026-09-12T10:51:07-05:00,PUR_IED_GustavoMo_Exterio_75e63d,PUR_IED_GustavoMo_Exterio_75e63d,,,,,
2026-09-12T10:51:07-05:00,PUR_IED_GustavoMo_LabFisi_224d37,PUR_IED_GustavoMo_LabFisi_224d37,,,,,
2026-09-12T10:51:07-05:00,PUR_IED_GustavoMo_S208_3e6918,PUR_IED_GustavoMo_S208_3e6918,,,,,
2026-09-12T10:51:07-05:00,PUR_IED_GustavoR_A02_8cd4a8,PUR_IED_GustavoR_A02_8cd4a8,,,,,
2026-09-12T10:51:07-05:00,PUR_IED_GustavoR_B11_5b0ed,PUR_IED_GustavoR_B11_5b0ed,,,,,
2026-09-12T10:51:07-05:00,PUR_IED_GustavoR_Ext_7a0c90,PUR_IED_GustavoR_Ext_7a0c90,,,,,
2026-09-12T10:51:07-05:00,PUR_IED_HernandoDuran_Ext_8cd82b,PUR_IED_HernandoDuran_Ext_8cd82b,,,,,
2026-09-12T10:51:07-05:00,PUR_IED_HernandoDuran_S24_2772c6,PUR_IED_HernandoDuran_S24_2772c6,,,,,
2026-09-12T10:51:07-05:00,PUR_IED_HernandoDuran_S30_f2de41,PUR_IED_HernandoDuran_S30_f2de41,,,,,
2026-09-12T10:51:07-05:00,PUR_IED_HolguInUr_S1101_8cd732,PUR_IED_HolguInUr_S1101_8cd732,,,,,
2026-09-12T10:51:07-05:00,PUR_IED_HolguinUr_Exter_ddae6d,PUR_IED_HolguinUr_Exter_ddae6d,,,,,
2026-09-12T10:51:07-05:00,PUR_IED_HolguinUr_LabQuim_92b952,PUR_IED_HolguinUr_LabQuim_92b952,,,,,
2026-09-12T10:51:07-05:00,PUR_IED_Isabel-II_Ext_5245cc,PUR_IED_Isabel-II_Ext_5245cc,2,20,52,4.6336,-74.153
2026-09-12T10:51:07-05:00,PUR_IED_Isabel-II_S_idiom_1c29aa,PUR_IED_Isabel-II_S_idiom_1c29aa,,,,,
2026-09-12T10:51:07-05:00,PUR_IED_Isabel-II_S_infor_fd741,PUR_IED_Isabel-II_S_infor_fd741,,,,,
2026-09-12T10:51:07-05:00,PUR_IED_IsidroSur_Exterio_5b90ea,PUR_IED_IsidroSur_Exterio_5b90ea,,,,,
2026-09-12T10:51:07-05:00,PUR_IED_IsidroSur_LabTec_56697a,PUR_IED_IsidroSur_LabTec_56697a,,,,,
2026-09-12T10:51:07-05:00,PUR_IED_IsidroSur_Robotic_b7c38f,PUR_IED_IsidroSur_Robotic_b7c38f,,,,,
2026-09-12T10:51:07-05:00,PUR_IED_IsmaelPerd_Ext_7b6672,PUR_IED_IsmaelPerd_Ext_7b6672,,,,,
2026-09-12T10:51:07-05:00,PUR_IED_IsmaelPerd_Inform_306540,PUR_IED_IsmaelPerd_Inform_306540,,,,,
2026-09-12T10:51:07-05:00,PUR_IED_IsmaelPerd_S30_2e2c83,PUR_IED_IsmaelPerd_S30_2e2c83,,,,,
2026-09-12T10:51:07-05:00,PUR_IED_JLozano_Exter_432910,PUR_IED_JLozano_Exter_432910,,,,,
2026-09-12T10:51:07-05:00,PUR_IED_JLozano_salaMulti_df5125,PUR_IED_JLozano_salaMulti_df5125,,,,,
2026-09-12T10:51:07-05:00,PUR_IED_JMCordoba_206_86f80b,PUR_IED_JMCordoba_206_86f80b,,,,,
2026-09-12T10:51:07-05:00,PUR_IED_JMCordoba_Ext_27ad97,PUR_IED_JMCordoba_Ext_27ad97,,,,,
2026-09-12T10:51:07-05:00,PUR_IED_JMCordoba_S310_d59ab4,PUR_IED_JMCordoba_S310_d59ab4,,,,,
2026-09-12T10:51:07-05:00,PUR_IED_Japon_Ext_549100,PUR_IED_Japon_Ext_549100,,,,,
2026-09-12T10:51:07-05:00,PUR_IED_Japon_Laboratorio_bec51d,PUR_IED_Japon_Laboratorio_bec51d,,,,,
2026-09-12T10:51:07-05:00,PUR_IED_Japon_informatica_d99327,PUR_IED_Japon_informatica_d99327,,,,,
2026-09-12T10:51:07-05:00,PUR_IED_Jazmin_Ext_d27bda,PUR_IED_Jazmin_Ext_d27bda,,,,,
2026-09-12T10:51:07-05:00,PUR_IED_Jazmin_Fisica_8d14d7,PUR_IED_Jazmin_Fisica_8d14d7,,,,,
2026-09-12T10:51:07-05:00,PUR_IED_Jazmin_Quimica_801cb5,PUR_IED_Jazmin_Quimica_801cb5,,,,,
2026-09-12T10:51:07-05:00,PUR_IED_JorgeGaitan_Exter_f098d1,PUR_IED_JorgeGaitan_Exter_f098d1,,,,,
2026-09-12T10:51:07-05:00,PUR_IED_JorgeGaitan_STec1_dc9d1d,PUR_IED_JorgeGaitan_STec1_dc9d1d,,,,,
2026-09-12T10:51:07-05:00,PUR_IED_JorgeGaitan_STec2_281e69,PUR_IED_JorgeGaitan_STec2_281e69,,,,,
2026-09-12T10:51:07-05:00,PUR_IED_JorgeSoto_Exterio_d9d0a2,PUR_IED_JorgeSoto_Exterio_d9d0a2,,,,,
2026-09-12T10:51:07-05:00,PUR_IED_JorgeSoto_LabFisi_209c54,PUR_IED_JorgeSoto_LabFisi_209c54,,,,,
2026-09-12T10:51:07-05:00,PUR_IED_JorgeSoto_S103_27b51a,PUR_IED_JorgeSoto_S103_27b51a,,,,,
2026-09-12T10:51:07-05:00,PUR_IED_JoseAcevedo_A02_e965eb,PUR_IED_JoseAcevedo_A02_e965eb,,,,,
2026-09-12T10:51:07-05:00,PUR_IED_JoseAcevedo_A07_dd5b4,PUR_IED_JoseAcevedo_A07_dd5b4,,,,,
2026-09-12T10:51:07-05:00,PUR_IED_JoseAcevedo_Ext_b47484,PUR_IED_JoseAcevedo_Ext_b47484,,,,,
2026-09-12T10:51:07-05:00,PUR_IED_JoseMarti_Exte_5b9bf,PUR_IED_JoseMarti_Exte_5b9bf,,,,,
2026-09-12T10:51:07-05:00,PUR_IED_JoseMarti_LabQuim_1c6c2d,PUR_IED_JoseMarti_LabQuim_1c6c2d,,,,,
2026-09-12T10:51:07-05:00,PUR_IED_JoseMarti_S_info_f5f177,PUR_IED_JoseMarti_S_info_f5f177,,,,,
2026-09-12T10:51:07-05:00,PUR_IED_Josejoaquin_Ext_dfc5dc,PUR_IED_Josejoaquin_Ext_dfc5dc,,,,,
2026-09-12T10:51:07-05:00,PUR_IED_Josejoaquin_S05_5b2a96,PUR_IED_Josejoaquin_S05_5b2a96,,,,,
2026-09-12T10:51:07-05:00,PUR_IED_Josejoaquin_S06_1ce7d2,PUR_IED_Josejoaquin_S06_1ce7d2,,,,,
2026-09-12T10:51:07-05:00,PUR_IED_JulioFlorez_Danza_9b82dd,PUR_IED_JulioFlorez_Danza_9b82dd,,,,,
2026-09-12T10:51:07-05:00,PUR_IED_JulioFlorez_Exter_f9f314,PUR_IED_JulioFlorez_Exter_f9f314,,,,,
2026-09-12T10:51:07-05:00,PUR_IED_JulioFlorez_info2_6b6e08,PUR_IED_JulioFlorez_info2_6b6e08,,,,,
2026-09-12T10:51:07-05:00,PUR_IED_LaBelleza_Aula13_1d00d8,PUR_IED_LaBelleza_Aula13_1d00d8,,,,,
2026-09-12T10:51:07-05:00,PUR_IED_LaBelleza_Ext_7bc08c,PUR_IED_LaBelleza_Ext_7bc08c,,,,,
2026-09-12T10:51:07-05:00,PUR_IED_LaChucua_Ext_8cd6d2,PUR_IED_LaChucua_Ext_8cd6d2,,,,,
2026-09-12T10:51:07-05:00,PUR_IED_LaChucua_S15_f578ce,PUR_IED_LaChucua_S15_f578ce,,,,,
2026-09-12T10:51:07-05:00,PUR_IED_LaChucua_S16_eebcf9,PUR_IED_LaChucua_S16_eebcf9,,,,,
2026-09-12T10:51:07-05:00,PUR_IED_LaFelicidad_Ext_fb5109,PUR_IED_LaFelicidad_Ext_fb5109,,,,,
2026-09-12T10:51:07-05:00,PUR_IED_LaMerced_206_66ebd,PUR_IED_LaMerced_206_66ebd,,,,,
2026-09-12T10:51:07-05:00,PUR_IED_LaMerced_207_6ebd6,PUR_IED_LaMerced_207_6ebd6,,,,,
2026-09-12T10:51:07-05:00,PUR_IED_LaMerced_ext_304311,PUR_IED_LaMerced_ext_304311,,,,,
2026-09-12T10:51:07-05:00,PUR_IED_Laureano_CiencNat_281e5e,PUR_IED_Laureano_CiencNat_281e5e,,,,,
2026-09-12T10:51:07-05:00,PUR_IED_Laureano_Comedor_f65c0a,PUR_IED_Laureano_Comedor_f65c0a,,,,,
2026-09-12T10:51:07-05:00,PUR_IED_Laureano_Exterior_7ab011,PUR_IED_Laureano_Exterior_7ab011,,,,,
2026-09-12T10:51:07-05:00,PUR_IED_LeonGreiff_Exte_dfe560,PUR_IED_LeonGreiff_Exte_dfe560,,,,,
2026-09-12T10:51:07-05:00,PUR_IED_LeonGreiff_S210_f264ed,PUR_IED_LeonGreiff_S210_f264ed,,,,,
2026-09-12T10:51:07-05:00,PUR_IED_LeonGreiff_SQuimi_e8296f,PUR_IED_LeonGreiff_SQuimi_e8296f,,,,,
2026-09-12T10:51:07-05:00,PUR_IED_LlanoOrientalS208_7b9fcd,PUR_IED_LlanoOrientalS208_7b9fcd,,,,,
2026-09-12T10:51:07-05:00,PUR_IED_LlanoOriental_Ext_fb3766,PUR_IED_LlanoOriental_Ext_fb3766,,,,,
2026-09-12T10:51:07-05:00,PUR_IED_LlanoOriental_S208_7b9fcd,PUR_IED_LlanoOriental_S208_7b9fcd,,,,,
2026-09-12T10:51:07-05:00,PUR_IED_LlanoOriental_S9_27b378,PUR_IED_LlanoOriental_S9_27b378,,,,,
2026-09-12T10:51:07-05:00,PUR_IED_LosTejares_1101_477602,PUR_IED_LosTejares_1101_477602,,,,,
2026-09-12T10:51:07-05:00,PUR_IED_LosTejares_11_d2c595,PUR_IED_LosTejares_11_d2c595,,,,,
2026-09-12T10:51:07-05:00,PUR_IED_LosTejares_12_477602,PUR_IED_LosTejares_12_477602,,,,,
2026-09-12T10:51:07-05:00,PUR_IED_LosTejares_Ext_8e2115,PUR_IED_LosTejares_Ext_8e2115,,,,,
2026-09-12T10:51:07-05:00,PUR_IED_MagdalenaO_B202_5ddda3,PUR_IED_MagdalenaO_B202_5ddda3,,,,,
2026-09-12T10:51:07-05:00,PUR_IED_MagdalenaO_B205_fb76e8,PUR_IED_MagdalenaO_B205_fb76e8,,,,,
2026-09-12T10:51:07-05:00,PUR_IED_MagdalenaO_ext_dc69cd,PUR_IED_MagdalenaO_ext_dc69cd,,,,,
2026-09-12T10:51:07-05:00,PUR_IED_ManueCepeda_artes_eee956,PUR_IED_ManueCepeda_artes_eee956,,,,,
2026-09-12T10:51:07-05:00,PUR_IED_ManuelCepeda_Ext_58313,PUR_IED_ManuelCepeda_Ext_58313,,,,,
2026-09-12T10:51:07-05:00,PUR_IED_ManuelCepeda_tec_1c5731,PUR_IED_ManuelCepeda_tec_1c5731,,,,,
2026-09-12T10:51:07-05:00,PUR_IED_ManuelS_Exterior_5b269,PUR_IED_ManuelS_Exterior_5b269,,,,,
2026-09-12T10:51:07-05:00,PUR_IED_ManuelS_Inform_f369ce,PUR_IED_ManuelS_Inform_f369ce,,,,,
2026-09-12T10:51:07-05:00,PUR_IED_ManuelS_SArtes_7d15f1,PUR_IED_ManuelS_SArtes_7d15f1,,,,,
2026-09-12T10:51:07-05:00,PUR_IED_ManuelZapata_303_3ca6,PUR_IED_ManuelZapata_303_3ca6,,,,,
2026-09-12T10:51:07-05:00,PUR_IED_ManuelZapata_311_bfbabc,PUR_IED_ManuelZapata_311_bfbabc,,,,,
2026-09-12T10:51:07-05:00,PUR_IED_ManuelZapata_Ext_50824a,PUR_IED_ManuelZapata_Ext_50824a,,,,,
2026-09-12T10:51:07-05:00,PUR_IED_ManuelitaS_Exteri_656a92,PUR_IED_ManuelitaS_Exteri_656a92,,,,,
2026-09-12T10:51:07-05:00,PUR_IED_ManuelitaS_JuzgDe_f58ec3,PUR_IED_ManuelitaS_JuzgDe_f58ec3,,,,,
2026-09-12T10:51:07-05:00,PUR_IED_ManuelitaS_Recrea_d793db,PUR_IED_ManuelitaS_Recrea_d793db,,,,,
2026-09-12T10:51:07-05:00,PUR_IED_MarFidSuarez_Ext_c27b19,PUR_IED_MarFidSuarez_Ext_c27b19,,,,,
2026-09-12T10:51:07-05:00,PUR_IED_MarFidSuarez_Info_e384d7,PUR_IED_MarFidSuarez_Info_e384d7,,,,,
2026-09-12T10:51:07-05:00,PUR_IED_MarFidSuarez_S306_1d0032,PUR_IED_MarFidSuarez_S306_1d0032,,,,,
2026-09-12T10:51:07-05:00,PUR_IED_Menorah_301_2a25a3,PUR_IED_Menorah_301_2a25a3,,,,,
2026-09-12T10:51:07-05:00,PUR_IED_Menorah_306_37ed3,PUR_IED_Menorah_306_37ed3,,,,,
2026-09-12T10:51:07-05:00,PUR_IED_Menorah_Ext_3e155b,PUR_IED_Menorah_Ext_3e155b,,,,,
2026-09-12T10:51:07-05:00,PUR_IED_MinutoB.Aires_A11_1b1604,PUR_IED_MinutoB.Aires_A11_1b1604,,,,,
2026-09-12T10:51:07-05:00,PUR_IED_MinutoB.Aires_A12_fb5860,PUR_IED_MinutoB.Aires_A12_fb5860,,,,,
2026-09-12T10:51:07-05:00,PUR_IED_MinutoB.Aires_Ext_81293f,PUR_IED_MinutoB.Aires_Ext_81293f,,,,,
2026-09-12T10:51:07-05:00,PUR_IED_MinutoBAires_A11_1b1604,PUR_IED_MinutoBAires_A11_1b1604,,,,,
2026-09-12T10:51:07-05:00,PUR_IED_MinutoBAires_A12_fb5860,PUR_IED_MinutoBAires_A12_fb5860,,,,,
2026-09-12T10:51:07-05:00,PUR_IED_MinutoBAires_Ext_81293f,PUR_IED_MinutoBAires_Ext_81293f,,,,,
2026-09-12T10:51:07-05:00,PUR_IED_Montreal_Aula10_1e4959,PUR_IED_Montreal_Aula10_1e4959,,,,,
2026-09-12T10:51:07-05:00,PUR_IED_Montreal_Aula6_300367,PUR_IED_Montreal_Aula6_300367,,,,,
2026-09-12T10:51:07-05:00,PUR_IED_Montreal_Exterior_91a179,PUR_IED_Montreal_Exterior_91a179,,,,,
2026-09-12T10:51:07-05:00,PUR_IED_Mqgdalena_B202_5ddda3,PUR_IED_Mqgdalena_B202_5ddda3,,,,,
2026-09-12T10:51:07-05:00,PUR_IED_NACUND_Soc_dc8728,PUR_IED_NACUND_Soc_dc8728,,,,,
2026-09-12T10:51:07-05:00,PUR_IED_NACUND_ext_27ad97,PUR_IED_NACUND_ext_27ad97,,,,,
2026-09-12T10:51:07-05:00,PUR_IED_NEsperanza_Ext_d24b61,PUR_IED_NEsperanza_Ext_d24b61,,,,,
2026-09-12T10:51:07-05:00,PUR_IED_NEsperanza_SElect_7d1807,PUR_IED_NEsperanza_SElect_7d1807,,,,,
2026-09-12T10:51:07-05:00,PUR_IED_NEsperanza_SLabor_8b2d0a,PUR_IED_NEsperanza_SLabor_8b2d0a,,,,,
2026-09-12T10:51:07-05:00,PUR_IED_NacionesU_Ext_f661a9,PUR_IED_NacionesU_Ext_f661a9,,,,,
2026-09-12T10:51:07-05:00,PUR_IED_NacionesU_Quimica_66f0a,PUR_IED_NacionesU_Quimica_66f0a,,,,,
2026-09-12T10:51:07-05:00,PUR_IED_NacionesU_S306_1b4b3d,PUR_IED_NacionesU_S306_1b4b3d,,,,,
2026-09-12T10:51:07-05:00,PUR_IED_NestorFA_Ext_e4201c,PUR_IED_NestorFA_Ext_e4201c,,,,,
2026-09-12T10:51:07-05:00,PUR_IED_NestorFA_Laborato_f22fe0,PUR_IED_NestorFA_Laborato_f22fe0,,,,,
2026-09-12T10:51:07-05:00,PUR_IED_NestorFA_S204_dee996,PUR_IED_NestorFA_S204_dee996,,,,,
2026-09-12T10:51:07-05:00,PUR_IED_NidyaQT_Aula03_76999b,PUR_IED_NidyaQT_Aula03_76999b,,,,,
2026-09-12T10:51:07-05:00,PUR_IED_NidyaQT_Aula10_56325,PUR_IED_NidyaQT_Aula10_56325,,,,,
2026-09-12T10:51:07-05:00,PUR_IED_NidyaQT_Ext_46e32d,PUR_IED_NidyaQT_Ext_46e32d,,,,,
2026-09-12T10:51:07-05:00,PUR_IED_NuevaCol_Exterior_d9b859,PUR_IED_NuevaCol_Exterior_d9b859,,,,,
2026-09-12T10:51:07-05:00,PUR_IED_NuevaCol_S1101_76c43b,PUR_IED_NuevaCol_S1101_76c43b,,,,,
2026-09-12T10:51:07-05:00,PUR_IED_NuevaCol_S1102_1ce0b5,PUR_IED_NuevaCol_S1102_1ce0b5,,,,,
2026-09-12T10:51:07-05:00,PUR_IED_OEA_A202_f7e3f2,PUR_IED_OEA_A202_f7e3f2,,,,,
2026-09-12T10:51:07-05:00,PUR_IED_OEA_A203_7d1b8d,PUR_IED_OEA_A203_7d1b8d,,,,,
2026-09-12T10:51:07-05:00,PUR_IED_OEA_Ext_27b593,PUR_IED_OEA_Ext_27b593,,,,,
2026-09-12T10:51:07-05:00,PUR_IED_Ochoa_Ext_1c29da,PUR_IED_Ochoa_Ext_1c29da,,,,,
2026-09-12T10:51:07-05:00,PUR_IED_Ochoa_S205_8b1121,PUR_IED_Ochoa_S205_8b1121,,,,,
2026-09-12T10:51:07-05:00,PUR_IED_Ochoa_Sistemas_f33af6,PUR_IED_Ochoa_Sistemas_f33af6,,,,,
2026-09-12T10:51:07-05:00,PUR_IED_PQuebec_Ext_1c67c7,PUR_IED_PQuebec_Ext_1c67c7,,,,,
2026-09-12T10:51:07-05:00,PUR_IED_PQuebec_S15_23e8e2,PUR_IED_PQuebec_S15_23e8e2,,,,,
2026-09-12T10:51:07-05:00,PUR_IED_PQuebec_S16_8ec76b,PUR_IED_PQuebec_S16_8ec76b,,,,,
2026-09-12T10:51:07-05:00,PUR_IED_PabloN_Ext_49dc96,PUR_IED_PabloN_Ext_49dc96,,,,,
2026-09-12T10:51:07-05:00,PUR_IED_PabloN_S1102_4e3df5,PUR_IED_PabloN_S1102_4e3df5,,,,,
2026-09-12T10:51:07-05:00,PUR_IED_PabloN_S1103_50c94b,PUR_IED_PabloN_S1103_50c94b,,,,,
2026-09-12T10:51:07-05:00,PUR_IED_Palestina_S1101_db9198,PUR_IED_Palestina_S1101_db9198,,,,,
2026-09-12T10:51:07-05:00,PUR_IED_Palestina_S1102_dc54fa,PUR_IED_Palestina_S1102_dc54fa,,,,,
2026-09-12T10:51:07-05:00,PUR_IED_Palestina_ext_4ccce6,PUR_IED_Palestina_ext_4ccce6,,,,,
2026-09-12T10:51:07-05:00,PUR_IED_Panama_Fisica_4d0794,PUR_IED_Panama_Fisica_4d0794,,,,,
2026-09-12T10:51:07-05:00,PUR_IED_Panama_SIngles_a4077e,PUR_IED_Panama_SIngles_a4077e,,,,,
2026-09-12T10:51:07-05:00,PUR_IED_Panama_ext_4c54b4,PUR_IED_Panama_ext_4c54b4,,,,,
2026-09-12T10:51:07-05:00,PUR_IED_ParaisoM_Exterior_8cd7f0,PUR_IED_ParaisoM_Exterior_8cd7f0,,,,,
2026-09-12T10:51:07-05:00,PUR_IED_ParaisoM_Laborato_27af35,PUR_IED_ParaisoM_Laborato_27af35,,,,,
2026-09-12T10:51:07-05:00,PUR_IED_ParaisoM_S304_d1edca,PUR_IED_ParaisoM_S304_d1edca,,,,,
2026-09-12T10:51:07-05:00,PUR_IED_PorfirioBarba_Ext_301466,PUR_IED_PorfirioBarba_Ext_301466,,,,,
2026-09-12T10:51:07-05:00,PUR_IED_PorfirioBarba_S11_df6cd2,PUR_IED_PorfirioBarba_S11_df6cd2,,,,,
2026-09-12T10:51:07-05:00,PUR_IED_PorfirioBarba_S29_27a7d6,PUR_IED_PorfirioBarba_S29_27a7d6,,,,,
2026-09-12T10:51:07-05:00,PUR_IED_PradoV_Exter_8b27ad,PUR_IED_PradoV_Exter_8b27ad,,,,,
2026-09-12T10:51:07-05:00,PUR_IED_PradoV_S301_de65b5,PUR_IED_PradoV_S301_de65b5,,,,,
2026-09-12T10:51:07-05:00,PUR_IED_PradoV_S302_7d2593,PUR_IED_PradoV_S302_7d2593,,,,,
2026-09-12T10:51:07-05:00,PUR_IED_QuirogaAlz_Ext_1ddc82,PUR_IED_QuirogaAlz_Ext_1ddc82,,,,,
2026-09-12T10:51:07-05:00,PUR_IED_QuirogaAlz_S302_9926a3,PUR_IED_QuirogaAlz_S302_9926a3,,,,,
2026-09-12T10:51:07-05:00,PUR_IED_QuirogaAlz_S305_cdf1f1,PUR_IED_QuirogaAlz_S305_cdf1f1,,,,,
2026-09-12T10:51:07-05:00,PUR_IED_RGuatemala_Biling_dc53b7,PUR_IED_RGuatemala_Biling_dc53b7,,,,,
2026-09-12T10:51:07-05:00,PUR_IED_RGuatemala_Ext_1b89a3,PUR_IED_RGuatemala_Ext_1b89a3,,,,,
2026-09-12T10:51:07-05:00,PUR_IED_RGuatemala_Tecnol_281a34,PUR_IED_RGuatemala_Tecnol_281a34,,,,,
2026-09-12T10:51:07-05:00,PUR_IED_RafaNu_Ext_f7c302,PUR_IED_RafaNu_Ext_f7c302,,,,,
2026-09-12T10:51:07-05:00,PUR_IED_RafaNu_S1101_25fde,PUR_IED_RafaNu_S1101_25fde,,,,,
2026-09-12T10:51:07-05:00,PUR_IED_RafaNu_S1102_281517,PUR_IED_RafaNu_S1102_281517,,,,,
2026-09-12T10:51:07-05:00,PUR_IED_RafaelB_S305_ee2783,PUR_IED_RafaelB_S305_ee2783,,,,,
2026-09-12T10:51:07-05:00,PUR_IED_RafaelB_S306_75fe33,PUR_IED_RafaelB_S306_75fe33,,,,,
2026-09-12T10:51:07-05:00,PUR_IED_RafaelB_ext_283336,PUR_IED_RafaelB_ext_283336,2,20,56,4.6722,-74.0737
2026-09-12T10:51:07-05:00,PUR_IED_RafaelUU_Exterior_281a51,PUR_IED_RafaelUU_Exterior_281a51,,,,,
2026-09-12T10:51:07-05:00,PUR_IED_RafaelUU_Human_806b2,PUR_IED_RafaelUU_Human_806b2,,,,,
2026-09-12T10:51:07-05:00,PUR_IED_RafaelUU_Mate2_5680d4,PUR_IED_RafaelUU_Mate2_5680d4,,,,,
2026-09-12T10:51:07-05:00,PUR_IED_RamonSub_Ext_f9eeb9,PUR_IED_RamonSub_Ext_f9eeb9,,,,,
2026-09-12T10:51:07-05:00,PUR_IED_RamonSub_Media_d1f62f,PUR_IED_RamonSub_Media_d1f62f,,,,,
2026-09-12T10:51:07-05:00,PUR_IED_RamonSub_planta_51b82,PUR_IED_RamonSub_planta_51b82,,,,,
2026-09-12T10:51:07-05:00,PUR_IED_RepBoliVene_Exter_27af7c,PUR_IED_RepBoliVene_Exter_27af7c,,,,,
2026-09-12T10:51:07-05:00,PUR_IED_RepBoliVene_SCPT_5ae2ee,PUR_IED_RepBoliVene_SCPT_5ae2ee,,,,,
2026-09-12T10:51:07-05:00,PUR_IED_RepBoliVene_Socia_4b11d5,PUR_IED_RepBoliVene_Socia_4b11d5,,,,,
2026-09-12T10:51:07-05:00,PUR_IED_RepChina_Ext_76d9ee,PUR_IED_RepChina_Ext_76d9ee,,,,,
2026-09-12T10:51:07-05:00,PUR_IED_RepChina_S404_7c804c,PUR_IED_RepChina_S404_7c804c,,,,,
2026-09-12T10:51:07-05:00,PUR_IED_RepChina_S405_df2c33,PUR_IED_RepChina_S405_df2c33,,,,,
2026-09-12T10:51:07-05:00,PUR_IED_RepublicaC_Exteri_7d1ec9,PUR_IED_RepublicaC_Exteri_7d1ec9,,,,,
2026-09-12T10:51:07-05:00,PUR_IED_RepublicaC_S1101_f544b3,PUR_IED_RepublicaC_S1101_f544b3,,,,,
2026-09-12T10:51:07-05:00,PUR_IED_RepublicaC_S1102_7aafc7,PUR_IED_RepublicaC_S1102_7aafc7,,,,,
2026-09-12T10:51:07-05:00,PUR_IED_Ricaurte_Externo_a0ea1,PUR_IED_Ricaurte_Externo_a0ea1,,,,,
2026-09-12T10:51:07-05:00,PUR_IED_Ricaurte_S210_f546fd,PUR_IED_Ricaurte_S210_f546fd,,,,,
2026-09-12T10:51:07-05:00,PUR_IED_Ricaurte_S309_d4452,PUR_IED_Ricaurte_S309_d4452,,,,,
2026-09-12T10:51:07-05:00,PUR_IED_RogelioS_1102_531e69,PUR_IED_RogelioS_1102_531e69,,,,,
2026-09-12T10:51:07-05:00,PUR_IED_RogelioS_Ext_f25a18,PUR_IED_RogelioS_Ext_f25a18,,,,,
2026-09-12T10:51:07-05:00,PUR_IED_SBernardino_Ext_27aff8,PUR_IED_SBernardino_Ext_27aff8,,,,,
2026-09-12T10:51:07-05:00,PUR_IED_SBernardino_SArte_2ffd33,PUR_IED_SBernardino_SArte_2ffd33,,,,,
2026-09-12T10:51:07-05:00,PUR_IED_SBernardino_SIngl_7c7da5,PUR_IED_SBernardino_SIngl_7c7da5,,,,,
2026-09-12T10:51:07-05:00,PUR_IED_Sago_auditorio_dc9d1d,PUR_IED_Sago_auditorio_dc9d1d,,,,,
2026-09-12T10:51:07-05:00,PUR_IED_Saludcoop_Ext_95aac3,PUR_IED_Saludcoop_Ext_95aac3,,,,,
2026-09-12T10:51:07-05:00,PUR_IED_Saludcoop_InfI_90c854,PUR_IED_Saludcoop_InfI_90c854,,,,,
2026-09-12T10:51:07-05:00,PUR_IED_Saludcoop_SMedia_1b93be,PUR_IED_Saludcoop_SMedia_1b93be,,,,,
2026-09-12T10:51:07-05:00,PUR_IED_SanCarlos_1101_1a2360,PUR_IED_SanCarlos_1101_1a2360,,,,,
2026-09-12T10:51:07-05:00,PUR_IED_SanCarlos_1103_7bafb5,PUR_IED_SanCarlos_1103_7bafb5,,,,,
2026-09-12T10:51:07-05:00,PUR_IED_SanCarlos_Ext_b7cd1,PUR_IED_SanCarlos_Ext_b7cd1,,,,,
2026-09-12T10:51:07-05:00,PUR_IED_SanIgnacioBosa11a_50c26e,PUR_IED_SanIgnacioBosa11a_50c26e,,,,,
2026-09-12T10:51:07-05:00,PUR_IED_SanIgnacioBosa11b_371de8,PUR_IED_SanIgnacioBosa11b_371de8,,,,,
2026-09-12T10:51:07-05:00,PUR_IED_SanIgnacioBosaExt_ef0ffc,PUR_IED_SanIgnacioBosaExt_ef0ffc,,,,,
2026-09-12T10:51:07-05:00,PUR_IED_SanIgnacioBosa_11a_50c26e,PUR_IED_SanIgnacioBosa_11a_50c26e,,,,,
2026-09-12T10:51:07-05:00,PUR_IED_SanIgnacioBosa_Ext_ef0ffc,PUR_IED_SanIgnacioBosa_Ext_ef0ffc,,,,,
2026-09-12T10:51:07-05:00,PUR_IED_SanJoseN_intS1101_31c47f,PUR_IED_SanJoseN_intS1101_31c47f,,,,,
2026-09-12T10:51:07-05:00,PUR_IED_SanJoseUsm_Exter_f5d7e8,PUR_IED_SanJoseUsm_Exter_f5d7e8,,,,,
2026-09-12T10:51:07-05:00,PUR_IED_SanJoseUsm_Int11A_cfdef6,PUR_IED_SanJoseUsm_Int11A_cfdef6,,,,,
2026-09-12T10:51:07-05:00,PUR_IED_SilveriaR_IntB5_905349,PUR_IED_SilveriaR_IntB5_905349,,,,,
2026-09-12T10:51:07-05:00,PUR_IED_SilveriaR_IntSD14_981f93,PUR_IED_SilveriaR_IntSD14_981f93,,,,,
2026-09-12T10:51:07-05:00,PUR_IED_SilveriaR_ext_2b651d,PUR_IED_SilveriaR_ext_2b651d,,,,,
2026-09-12T10:51:07-05:00,PUR_IED_SimonB_Exterior_913975,PUR_IED_SimonB_Exterior_913975,,,,,
2026-09-12T10:51:07-05:00,PUR_IED_SimonB_LabQuimi_c56908,PUR_IED_SimonB_LabQuimi_c56908,,,,,
2026-09-12T10:51:07-05:00,PUR_IED_SimonB_informatic_a28c1,PUR_IED_SimonB_informatic_a28c1,,,,,
2026-09-12T10:51:07-05:00,PUR_IED_Sorrento_1102_315f50,PUR_IED_Sorrento_1102_315f50,,,,,
2026-09-12T10:51:07-05:00,PUR_IED_Sorrento_Minte_214eab,PUR_IED_Sorrento_Minte_214eab,,,,,
2026-09-12T10:51:07-05:00,PUR_IED_Sorrento_ext_7c3a0a,PUR_IED_Sorrento_ext_7c3a0a,,,,,
2026-09-12T10:51:07-05:00,PUR_IED_Tabora_Ext_f048ae,PUR_IED_Tabora_Ext_f048ae,,,,,
2026-09-12T10:51:07-05:00,PUR_IED_Tabora_S1102_b07752,PUR_IED_Tabora_S1102_b07752,,,,,
2026-09-12T10:51:07-05:00,PUR_IED_Tabora_S1103_d988f5,PUR_IED_Tabora_S1103_d988f5,,,,,
2026-09-12T10:51:07-05:00,PUR_IED_Tenerife_Ext_1ab188,PUR_IED_Tenerife_Ext_1ab188,,,,,
2026-09-12T10:51:07-05:00,PUR_IED_Tenerife_SDanzas_7bc02e,PUR_IED_Tenerife_SDanzas_7bc02e,,,,,
2026-09-12T10:51:07-05:00,PUR_IED_Tenerife_SIngles_7cc277,PUR_IED_Tenerife_SIngles_7cc277,,,,,
2026-09-12T10:51:07-05:00,PUR_IED_Tibabuyes_Exter_f2683d,PUR_IED_Tibabuyes_Exter_f2683d,,,,,
2026-09-12T10:51:07-05:00,PUR_IED_Tibabuyes_S10_dc87a8,PUR_IED_Tibabuyes_S10_dc87a8,,,,,
2026-09-12T10:51:07-05:00,PUR_IED_Tibabuyes_S15_dc0526,PUR_IED_Tibabuyes_S15_dc0526,,,,,
2026-09-12T10:51:07-05:00,PUR_IED_UnionE_S301_a1043,PUR_IED_UnionE_S301_a1043,,,,,
2026-09-12T10:51:07-05:00,PUR_IED_UnionE_S307_ff6c2f,PUR_IED_UnionE_S307_ff6c2f,,,,,
2026-09-12T10:51:07-05:00,PUR_IED_UnionE__Ext_5e2468,PUR_IED_UnionE__Ext_5e2468,,,,,
2026-09-12T10:51:07-05:00,PUR_IED_VillaRica_Ext_75be7c,PUR_IED_VillaRica_Ext_75be7c,,,,,
2026-09-12T10:51:07-05:00,PUR_IED_VillaRica_S4_cc5dcd,PUR_IED_VillaRica_S4_cc5dcd,,,,,
2026-09-12T10:51:07-05:00,PUR_IED_VillaRica_Sesp_99f5c,PUR_IED_VillaRica_Sesp_99f5c,,,,,
2026-09-12T10:56:09-05:00,PUR_IED_20deJulio_1101_91b1b9,PUR_IED_20deJulio_1101_91b1b9,,,,,
2026-09-12T10:56:09-05:00,PUR_IED_20deJulio_1102_1cfcf9,PUR_IED_20deJulio_1102_1cfcf9,,,,,
2026-09-12T10:56:09-05:00,PUR_IED_20deJulio_Ext_ab60bd,PUR_IED_20deJulio_Ext_ab60bd,,,,,
2026-09-12T10:56:09-05:00,PUR_IED_AgustinFer_Ext_7b9b77,PUR_IED_AgustinFer_Ext_7b9b77,,,,,
2026-09-12T10:56:09-05:00,PUR_IED_AgustinFer_Info2_27b3a7,PUR_IED_AgustinFer_Info2_27b3a7,,,,,
2026-09-12T10:56:09-05:00,PUR_IED_AgustinFer_Sena_54b4eb,PUR_IED_AgustinFer_Sena_54b4eb,,,,,
2026-09-12T10:56:09-05:00,PUR_IED_AlexanderF_1102_caf07b,PUR_IED_AlexanderF_1102_caf07b,,,,,
2026-09-12T10:56:09-05:00,PUR_IED_AlexanderF_1103_c79e71,PUR_IED_AlexanderF_1103_c79e71,,,,,
2026-09-12T10:56:09-05:00,PUR_IED_AlexanderF_Ext_c5b18b,PUR_IED_AlexanderF_Ext_c5b18b,,,,,
2026-09-12T10:56:09-05:00,PUR_IED_AlfonsoLopez_Ext_281d77,PUR_IED_AlfonsoLopez_Ext_281d77,,,,,
2026-09-12T10:56:09-05:00,PUR_IED_AlfonsoLopez_LabF_888ce0,PUR_IED_AlfonsoLopez_LabF_888ce0,,,,,
2026-09-12T10:56:09-05:00,PUR_IED_AlfonsoLopez_SMed_df6a7f,PUR_IED_AlfonsoLopez_SMed_df6a7f,,,,,
2026-09-12T10:56:09-05:00,PUR_IED_AltamiraSO_A2_209f92,PUR_IED_AltamiraSO_A2_209f92,,,,,
2026-09-12T10:56:09-05:00,PUR_IED_AltamiraSO_Ext_186d66,PUR_IED_AltamiraSO_Ext_186d66,,,,,
2026-09-12T10:56:09-05:00,PUR_IED_AltamiraSO_Sistem_27afe1,PUR_IED_AltamiraSO_Sistem_27afe1,,,,,
2026-09-12T10:56:09-05:00,PUR_IED_AlvaroGom_LabQuim_813179,PUR_IED_AlvaroGom_LabQuim_813179,,,,,
2026-09-12T10:56:09-05:00,PUR_IED_AlvaroGomez_Ext_47c7ca,PUR_IED_AlvaroGomez_Ext_47c7ca,,,,,
2026-09-12T10:56:09-05:00,PUR_IED_AlvaroGomez_LabQuim_813179,PUR_IED_AlvaroGomez_LabQuim_813179,,,,,
2026-09-12T10:56:09-05:00,PUR_IED_AlvaroGomez_S23_7ba89f,PUR_IED_AlvaroGomez_S23_7ba89f,,,,,
2026-09-12T10:56:09-05:00,PUR_IED_Amistad_306_dc8728,PUR_IED_Amistad_306_dc8728,,,,,
2026-09-12T10:56:09-05:00,PUR_IED_Amistad_Ext_8cd55e,PUR_IED_Amistad_Ext_8cd55e,,,,,
2026-09-12T10:56:09-05:00,PUR_IED_Amistad_S202_a41169,PUR_IED_Amistad_S202_a41169,,,,,
2026-09-12T10:56:09-05:00,PUR_IED_AndresBello_Bio_fd5f5e,PUR_IED_AndresBello_Bio_fd5f5e,,,,,
2026-09-12T10:56:09-05:00,PUR_IED_AndresBello_ext_dcad65,PUR_IED_AndresBello_ext_dcad65,,,,,
2026-09-12T10:56:09-05:00,PUR_IED_AndresBello_port_eed3ec,PUR_IED_AndresBello_port_eed3ec,,,,,
2026-09-12T10:56:09-05:00,PUR_IED_AngelaR_11b_d90a6b,PUR_IED_AngelaR_11b_d90a6b,,,,,
2026-09-12T10:56:09-05:00,PUR_IED_AngelaR_ext_7cad3e,PUR_IED_AngelaR_ext_7cad3e,,,,,
2026-09-12T10:56:09-05:00,PUR_IED_AntJoseSucre_10mo_df2575,PUR_IED_AntJoseSucre_10mo_df2575,,,,,
2026-09-12T10:56:09-05:00,PUR_IED_AntJoseSucre_Ext_215b36,PUR_IED_AntJoseSucre_Ext_215b36,,,,,
2026-09-12T10:56:09-05:00,PUR_IED_AntJoseSucre_Lab_3139de,PUR_IED_AntJoseSucre_Lab_3139de,,,,,
2026-09-12T10:56:09-05:00,PUR_IED_AntonioGarcia_301_d6b188,PUR_IED_AntonioGarcia_301_d6b188,,,,,
2026-09-12T10:56:09-05:00,PUR_IED_AntonioGarcia_302_88a82,PUR_IED_AntonioGarcia_302_88a82,,,,,
2026-09-12T10:56:09-05:00,PUR_IED_AntonioGarcia_Ext_20950c,PUR_IED_AntonioGarcia_Ext_20950c,,,,,
2026-09-12T10:56:09-05:00,PUR_IED_AntonioVan_Aula2_6dea02,PUR_IED_AntonioVan_Aula2_6dea02,,,,,
2026-09-12T10:56:09-05:00,PUR_IED_AntonioVan_Aula5_f1557e,PUR_IED_AntonioVan_Aula5_f1557e,,,,,
2026-09-12T10:56:09-05:00,PUR_IED_AntonioVan_Ext_406f2f,PUR_IED_AntonioVan_Ext_406f2f,,,,,
2026-09-12T10:56:09-05:00,PUR_IED_Atabanzha_Ext_cc5af9,PUR_IED_Atabanzha_Ext_cc5af9,,,,,
2026-09-12T10:56:09-05:00,PUR_IED_Atabanzha_SA101_56c37,PUR_IED_Atabanzha_SA101_56c37,,,,,
2026-09-12T10:56:09-05:00,PUR_IED_Atabanzha_SB302_27b374,PUR_IED_Atabanzha_SB302_27b374,,,,,
2026-09-12T10:56:09-05:00,PUR_IED_Atahualpa_Ext_fc1748,PUR_IED_Atahualpa_Ext_fc1748,,,,,
2026-09-12T10:56:09-05:00,PUR_IED_Atahualpa_Informa_dc9a95,PUR_IED_Atahualpa_Informa_dc9a95,,,,,
2026-09-12T10:56:09-05:00,PUR_IED_Atahualpa_S1101_f98056,PUR_IED_Atahualpa_S1101_f98056,,,,,
2026-09-12T10:56:09-05:00,PUR_IED_Bellavista_Ext_f5aa74,PUR_IED_Bellavista_Ext_f5aa74,,,,,
2026-09-12T10:56:09-05:00,PUR_IED_Bilbao_11A_916c41,PUR_IED_Bilbao_11A_916c41,,,,,
2026-09-12T10:56:09-05:00,PUR_IED_Bilbao_Ext_fb579a,PUR_IED_Bilbao_Ext_fb579a,,,,,
2026-09-12T10:56:09-05:00,PUR_IED_BrasiliaU_A125_304280,PUR_IED_BrasiliaU_A125_304280,,,,,
2026-09-12T10:56:09-05:00,PUR_IED_BrasiliaU_A203_7c8ca5,PUR_IED_BrasiliaU_A203_7c8ca5,,,,,
2026-09-12T10:56:09-05:00,PUR_IED_BrasiliaU_Ext_8d6e9f,PUR_IED_BrasiliaU_Ext_8d6e9f,5,19,59,4.5175,-74.116302
2026-09-12T10:56:09-05:00,PUR_IED_Brasilia_Ext_fe6593,PUR_IED_Brasilia_Ext_fe6593,,,,,
2026-09-12T10:56:09-05:00,PUR_IED_Brasilia_S24_7c130d,PUR_IED_Brasilia_S24_7c130d,,,,,
2026-09-12T10:56:09-05:00,PUR_IED_Brasilia_S501_186a54,PUR_IED_Brasilia_S501_186a54,,,,,
2026-09-12T10:56:09-05:00,PUR_IED_CHARRY_EXT_f1d5cd,PUR_IED_CHARRY_EXT_f1d5cd,,,,,
2026-09-12T10:56:09-05:00,PUR_IED_CHARRY_INTDANZAS_7a08e6,PUR_IED_CHARRY_INTDANZAS_7a08e6,,,,,
2026-09-12T10:56:09-05:00,PUR_IED_CHARRY_INT_AULA20_dc998d,PUR_IED_CHARRY_INT_AULA20_dc998d,,,,,
2026-09-12T10:56:09-05:00,PUR_IED_COLVIV_1101_S25_7f520a,PUR_IED_COLVIV_1101_S25_7f520a,,,,,
2026-09-12T10:56:09-05:00,PUR_IED_COLVIV_1102_S16_f570ba,PUR_IED_COLVIV_1102_S16_f570ba,,,,,
2026-09-12T10:56:09-05:00,PUR_IED_COLVIV_Ext_1a26fa,PUR_IED_COLVIV_Ext_1a26fa,,,,,
2026-09-12T10:56:09-05:00,PUR_IED_CULPOP_301A_f660f3,PUR_IED_CULPOP_301A_f660f3,,,,,
2026-09-12T10:56:09-05:00,PUR_IED_CULPOP_303_568afe,PUR_IED_CULPOP_303_568afe,,,,,
2026-09-12T10:56:09-05:00,PUR_IED_CULPOP_Ext_e02ccb,PUR_IED_CULPOP_Ext_e02ccb,,,,,
2026-09-12T10:56:09-05:00,PUR_IED_CVillavicen_Ext_26eb58,PUR_IED_CVillavicen_Ext_26eb58,8,16,77,4.487,-74.102798
2026-09-12T10:56:09-05:00,PUR_IED_CVillavicen_Intel_1ce5c2,PUR_IED_CVillavicen_Intel_1ce5c2,,,,,
2026-09-12T10:56:09-05:00,PUR_IED_CVillavicen_Poliv_e0766c,PUR_IED_CVillavicen_Poliv_e0766c,,,,,
2026-09-12T10:56:09-05:00,PUR_IED_CVillavicen_int_1ba140,PUR_IED_CVillavicen_int_1ba140,,,,,
2026-09-12T10:56:09-05:00,PUR_IED_CVillavicen_intel_1ba140,PUR_IED_CVillavicen_intel_1ba140,,,,,
2026-09-12T10:56:09-05:00,PUR_IED_CarlosPizarro_Ext_e307cc,PUR_IED_CarlosPizarro_Ext_e307cc,,,,,
2026-09-12T10:56:09-05:00,PUR_IED_CarlosPizarro_L36_7e5cdb,PUR_IED_CarlosPizarro_L36_7e5cdb,,,,,
2026-09-12T10:56:09-05:00,PUR_IED_CarlosPizarro_L37_c8566c,PUR_IED_CarlosPizarro_L37_c8566c,,,,,
2026-09-12T10:56:09-05:00,PUR_IED_Castilla_Ext_cf35f,PUR_IED_Castilla_Ext_cf35f,,,,,
2026-09-12T10:56:09-05:00,PUR_IED_Castilla_SFisik_360e38,PUR_IED_Castilla_SFisik_360e38,,,,,
2026-09-12T10:56:09-05:00,PUR_IED_Castilla_Sc304_496fbf,PUR_IED_Castilla_Sc304_496fbf,,,,,
2026-09-12T10:56:09-05:00,PUR_IED_CervantesSa_Ext_6b57b,PUR_IED_CervantesSa_Ext_6b57b,4,19,64,4.5128,-74.117203
2026-09-12T10:56:09-05:00,PUR_IED_CervantesSa_S107_225c2b,PUR_IED_CervantesSa_S107_225c2b,,,,,
2026-09-12T10:56:09-05:00,PUR_IED_CervantesSa_S108_940925,PUR_IED_CervantesSa_S108_940925,,,,,
2026-09-12T10:56:09-05:00,PUR_IED_Charry_A20_f53e7c,PUR_IED_Charry_A20_f53e7c,,,,,
2026-09-12T10:56:09-05:00,PUR_IED_Charry_Ext_f1d5cd,PUR_IED_Charry_Ext_f1d5cd,,,,,
2026-09-12T10:56:09-05:00,PUR_IED_Charry_IntAula20_dc998d,PUR_IED_Charry_IntAula20_dc998d,,,,,
2026-09-12T10:56:09-05:00,PUR_IED_Charry_IntDanzas_7a08e6,PUR_IED_Charry_IntDanzas_7a08e6,,,,,
2026-09-12T10:56:09-05:00,PUR_IED_ClememciaC_203_43e2fc,PUR_IED_ClememciaC_203_43e2fc,,,,,
2026-09-12T10:56:09-05:00,PUR_IED_ClememciaC_Ext_1b411a,PUR_IED_ClememciaC_Ext_1b411a,,,,,
2026-09-12T10:56:09-05:00,PUR_IED_ClememciaC_Quimic_44b5fc,PUR_IED_ClememciaC_Quimic_44b5fc,,,,,
2026-09-12T10:56:09-05:00,PUR_IED_ClemenciaC_203_43e2fc,PUR_IED_ClemenciaC_203_43e2fc,,,,,
2026-09-12T10:56:09-05:00,PUR_IED_ClemenciaC_Ext_1b411a,PUR_IED_ClemenciaC_Ext_1b411a,,,,,
2026-09-12T10:56:09-05:00,PUR_IED_ClemenciaC_Quimic_44b5fc,PUR_IED_ClemenciaC_Quimic_44b5fc,,,,,
2026-09-12T10:56:09-05:00,PUR_IED_ColViva_1101_S25_7f520a,PUR_IED_ColViva_1101_S25_7f520a,,,,,
2026-09-12T10:56:09-05:00,PUR_IED_ColViva_1102_S16_f570ba,PUR_IED_ColViva_1102_S16_f570ba,,,,,
2026-09-12T10:56:09-05:00,PUR_IED_ColViva_Ext_1a26fa,PUR_IED_ColViva_Ext_1a26fa,,,,,
2026-09-12T10:56:09-05:00,PUR_IED_ColegioBici_Asist_7c8798,PUR_IED_ColegioBici_Asist_7c8798,,,,,
2026-09-12T10:56:09-05:00,PUR_IED_ColegioBici_Ext_25cbf6,PUR_IED_ColegioBici_Ext_25cbf6,,,,,
2026-09-12T10:56:09-05:00,PUR_IED_ColegioBici_LabQ_7b57db,PUR_IED_ColegioBici_LabQ_7b57db,,,,,
2026-09-12T10:56:09-05:00,PUR_IED_CostaRica_Ext_5e640,PUR_IED_CostaRica_Ext_5e640,,,,,
2026-09-12T10:56:09-05:00,PUR_IED_CostaRica_Quim1_766d1c,PUR_IED_CostaRica_Quim1_766d1c,,,,,
2026-09-12T10:56:09-05:00,PUR_IED_CostaRica__Fisica_6f0873,PUR_IED_CostaRica__Fisica_6f0873,,,,,
2026-09-12T10:56:09-05:00,PUR_IED_CulPopu_301A_f660f3,PUR_IED_CulPopu_301A_f660f3,,,,,
2026-09-12T10:56:09-05:00,PUR_IED_CulPopu_303_568afe,PUR_IED_CulPopu_303_568afe,,,,,
2026-09-12T10:56:09-05:00,PUR_IED_CulPopu_Ext_e02ccb,PUR_IED_CulPopu_Ext_e02ccb,,,,,
2026-09-12T10:56:09-05:00,PUR_IED_Cundinamarca_Ext_f15985,PUR_IED_Cundinamarca_Ext_f15985,,,,,
2026-09-12T10:56:09-05:00,PUR_IED_Cundinamarca_Info_7aa5d7,PUR_IED_Cundinamarca_Info_7aa5d7,,,,,
2026-09-12T10:56:09-05:00,PUR_IED_Cundinamarca_Tec2_f449c7,PUR_IED_Cundinamarca_Tec2_f449c7,,,,,
2026-09-12T10:56:09-05:00,PUR_IED_DiegoM_Aula1_27b314,PUR_IED_DiegoM_Aula1_27b314,,,,,
2026-09-12T10:56:09-05:00,PUR_IED_DiegoM_Ext_d80ac8,PUR_IED_DiegoM_Ext_d80ac8,,,,,
2026-09-12T10:56:09-05:00,PUR_IED_DiegoM_S25_da928f,PUR_IED_DiegoM_S25_da928f,,,,,
2026-09-12T10:56:09-05:00,PUR_IED_ELRODEO_360881,PUR_IED_ELRODEO_360881,,,,,
2026-09-12T10:56:09-05:00,PUR_IED_ELRODEO_ext_360881,PUR_IED_ELRODEO_ext_360881,,,,,
2026-09-12T10:56:09-05:00,PUR_IED_EduardoU_Ext_1c1969,PUR_IED_EduardoU_Ext_1c1969,,,,,
2026-09-12T10:56:09-05:00,PUR_IED_EduardoU_SCiencia_4dfb94,PUR_IED_EduardoU_SCiencia_4dfb94,,,,,
2026-09-12T10:56:09-05:00,PUR_IED_EduardoU_SQuimica_5a46e7,PUR_IED_EduardoU_SQuimica_5a46e7,,,,,
2026-09-12T10:56:09-05:00,PUR_IED_ElRodeo_Aula14_676984,PUR_IED_ElRodeo_Aula14_676984,,,,,
2026-09-12T10:56:09-05:00,PUR_IED_ElRodeo_Aula16_2dd35b,PUR_IED_ElRodeo_Aula16_2dd35b,,,,,
2026-09-12T10:56:09-05:00,PUR_IED_ElRodeo_Ext_360881,PUR_IED_ElRodeo_Ext_360881,,,,,
2026-09-12T10:56:09-05:00,PUR_IED_ElRodeo_Exterior_8c6d28,PUR_IED_ElRodeo_Exterior_8c6d28,,,,,
2026-09-12T10:56:09-05:00,PUR_IED_ElRodeo_ext_360881,PUR_IED_ElRodeo_ext_360881,,,,,
2026-09-12T10:56:09-05:00,PUR_IED_EmmaReyes_Ext_987625,PUR_IED_EmmaReyes_Ext_987625,4,22,49,4.6367,-74.1511
2026-09-12T10:56:09-05:00,PUR_IED_Ensueño_Ext_7f0250,PUR_IED_Ensueño_Ext_7f0250,,,,,
2026-09-12T10:56:09-05:00,PUR_IED_EscNormal_Ext_5fef3b,PUR_IED_EscNormal_Ext_5fef3b,2,21,54,4.5852,-74.096901
2026-09-12T10:56:09-05:00,PUR_IED_EscNormal_S309_5b263,PUR_IED_EscNormal_S309_5b263,,,,,
2026-09-12T10:56:09-05:00,PUR_IED_EscNormal_S310_27b3b8,PUR_IED_EscNormal_S310_27b3b8,,,,,
2026-09-12T10:56:09-05:00,PUR_IED_Evangelista_Conta_f6cd4f,PUR_IED_Evangelista_Conta_f6cd4f,,,,,
2026-09-12T10:56:09-05:00,PUR_IED_Evangelista_Cri_5e16a,PUR_IED_Evangelista_Cri_5e16a,,,,,
2026-09-12T10:56:09-05:00,PUR_IED_Evangelista_Exter_754066,PUR_IED_Evangelista_Exter_754066,,,,,
2026-09-12T10:56:09-05:00,PUR_IED_FMiranda_S209_5cc2a3,PUR_IED_FMiranda_S209_5cc2a3,,,,,
2026-09-12T10:56:09-05:00,PUR_IED_FMiranda_S303_19e344,PUR_IED_FMiranda_S303_19e344,,,,,
2026-09-12T10:56:09-05:00,PUR_IED_FMiranda_ext_f53e7c,PUR_IED_FMiranda_ext_f53e7c,,,,,
2026-09-12T10:56:09-05:00,PUR_IED_FabioLozano_Bibli_1cee05,PUR_IED_FabioLozano_Bibli_1cee05,,,,,
2026-09-12T10:56:09-05:00,PUR_IED_FabioLozano_Ext_6ea285,PUR_IED_FabioLozano_Ext_6ea285,,,,,
2026-09-12T10:56:09-05:00,PUR_IED_FabioLozano_SLudi_f09e1e,PUR_IED_FabioLozano_SLudi_f09e1e,,,,,
2026-09-12T10:56:09-05:00,PUR_IED_FaustinoS_Aula07_27a731,PUR_IED_FaustinoS_Aula07_27a731,,,,,
2026-09-12T10:56:09-05:00,PUR_IED_FaustinoS_Ext_7b936f,PUR_IED_FaustinoS_Ext_7b936f,,,,,
2026-09-12T10:56:09-05:00,PUR_IED_FaustinoS_Fisica_da2c60,PUR_IED_FaustinoS_Fisica_da2c60,,,,,
2026-09-12T10:56:09-05:00,PUR_IED_FeGarciaLo_Ext_dc68ee,PUR_IED_FeGarciaLo_Ext_dc68ee,,,,,
2026-09-12T10:56:09-05:00,PUR_IED_FeGarciaLo_SDanza_f70a59,PUR_IED_FeGarciaLo_SDanza_f70a59,,,,,
2026-09-12T10:56:09-05:00,PUR_IED_FeGarciaLo_SMusic_125cdd,PUR_IED_FeGarciaLo_SMusic_125cdd,,,,,
2026-09-12T10:56:09-05:00,PUR_IED_FederalAlema_Exte_50c345,PUR_IED_FederalAlema_Exte_50c345,,,,,
2026-09-12T10:56:09-05:00,PUR_IED_FederalAlema_S31_f18371,PUR_IED_FederalAlema_S31_f18371,,,,,
2026-09-12T10:56:09-05:00,PUR_IED_FederalAlema_S901_a62cd,PUR_IED_FederalAlema_S901_a62cd,,,,,
2026-09-12T10:56:09-05:00,PUR_IED_FilarmonicaS_A5_f35eb1,PUR_IED_FilarmonicaS_A5_f35eb1,,,,,
2026-09-12T10:56:09-05:00,PUR_IED_FilarmonicaS_Ext_8a3bde,PUR_IED_FilarmonicaS_Ext_8a3bde,,,,,
2026-09-12T10:56:09-05:00,PUR_IED_FilarmonicaS_Spol_406114,PUR_IED_FilarmonicaS_Spol_406114,,,,,
2026-09-12T10:56:09-05:00,PUR_IED_FlorentinoG_A13_d1fa59,PUR_IED_FlorentinoG_A13_d1fa59,,,,,
2026-09-12T10:56:09-05:00,PUR_IED_FlorentinoG_Ext_1ce6ce,PUR_IED_FlorentinoG_Ext_1ce6ce,,,,,
2026-09-12T10:56:09-05:00,PUR_IED_FlorentinoG_Idiom_a66aac,PUR_IED_FlorentinoG_Idiom_a66aac,,,,,
2026-09-12T10:56:09-05:00,PUR_IED_FranciscoMati_Ext_e3869d,PUR_IED_FranciscoMati_Ext_e3869d,,,,,
2026-09-12T10:56:09-05:00,PUR_IED_FranciscoMati_S13_f31c67,PUR_IED_FranciscoMati_S13_f31c67,,,,,
2026-09-12T10:56:09-05:00,PUR_IED_FranciscoMati_S14_97dead,PUR_IED_FranciscoMati_S14_97dead,,,,,
2026-09-12T10:56:09-05:00,PUR_IED_FranciscoPS_Ext_7bfa9a,PUR_IED_FranciscoPS_Ext_7bfa9a,2,23,51,4.5899,-74.110397
2026-09-12T10:56:09-05:00,PUR_IED_FranciscoPS_Infor_fb8f4c,PUR_IED_FranciscoPS_Infor_fb8f4c,,,,,
2026-09-12T10:56:09-05:00,PUR_IED_FranciscoPS_Quimi_94d39c,PUR_IED_FranciscoPS_Quimi_94d39c,,,,,
2026-09-12T10:56:09-05:00,PUR_IED_FranciscoP_LabQ_d7e148,PUR_IED_FranciscoP_LabQ_d7e148,,,,,
2026-09-12T10:56:09-05:00,PUR_IED_FranciscoP_S28_cf9b30,PUR_IED_FranciscoP_S28_cf9b30,,,,,
2026-09-12T10:56:09-05:00,PUR_IED_FranciscoP_ext_e2313,PUR_IED_FranciscoP_ext_e2313,,,,,
2026-09-12T10:56:09-05:00,PUR_IED_FriederichN_Ext_8ac92a,PUR_IED_FriederichN_Ext_8ac92a,,,,,
2026-09-12T10:56:09-05:00,PUR_IED_FriederichN_S301_dd7e5a,PUR_IED_FriederichN_S301_dd7e5a,,,,,
2026-09-12T10:56:09-05:00,PUR_IED_FriederichN_S308_761f4f,PUR_IED_FriederichN_S308_761f4f,,,,,
2026-09-12T10:56:09-05:00,PUR_IED_GSantander_Aula10_533dd7,PUR_IED_GSantander_Aula10_533dd7,,,,,
2026-09-12T10:56:09-05:00,PUR_IED_GSantander_Aula12_fd4e4f,PUR_IED_GSantander_Aula12_fd4e4f,,,,,
2026-09-12T10:56:09-05:00,PUR_IED_GSantander_Aula310_533dd7,PUR_IED_GSantander_Aula310_533dd7,,,,,
2026-09-12T10:56:09-05:00,PUR_IED_GSantander_Aula312_fd4e4f,PUR_IED_GSantander_Aula312_fd4e4f,,,,,
2026-09-12T10:56:09-05:00,PUR_IED_GSantander_Ext_5f66b0,PUR_IED_GSantander_Ext_5f66b0,,,,,
2026-09-12T10:56:09-05:00,PUR_IED_GYomasa_Ext_f6bea5,PUR_IED_GYomasa_Ext_f6bea5,,,,,
2026-09-12T10:56:09-05:00,PUR_IED_GYomasa_LBiol_2c41aa,PUR_IED_GYomasa_LBiol_2c41aa,,,,,
2026-09-12T10:56:09-05:00,PUR_IED_GYomasa_LQuim_33c80,PUR_IED_GYomasa_LQuim_33c80,,,,,
2026-09-12T10:56:09-05:00,PUR_IED_GabBetMejia_Cienc_5a99c,PUR_IED_GabBetMejia_Cienc_5a99c,,,,,
2026-09-12T10:56:09-05:00,PUR_IED_GabBetMejia_Ext_9153d0,PUR_IED_GabBetMejia_Ext_9153d0,,,,,
2026-09-12T10:56:09-05:00,PUR_IED_GabBetMejia_Lab_f55347,PUR_IED_GabBetMejia_Lab_f55347,,,,,
2026-09-12T10:56:09-05:00,PUR_IED_GabBetanMejia_Ext_9153d0,PUR_IED_GabBetanMejia_Ext_9153d0,,,,,
2026-09-12T10:56:09-05:00,PUR_IED_Gaitana_Aula13_7aac11,PUR_IED_Gaitana_Aula13_7aac11,,,,,
2026-09-12T10:56:09-05:00,PUR_IED_Gaitana_Ext_5fcf4,PUR_IED_Gaitana_Ext_5fcf4,,,,,
2026-09-12T10:56:09-05:00,PUR_IED_Gaitana_LabFisica_644448,PUR_IED_Gaitana_LabFisica_644448,,,,,
2026-09-12T10:56:09-05:00,PUR_IED_GenSantander_Dise_8ac858,PUR_IED_GenSantander_Dise_8ac858,,,,,
2026-09-12T10:56:09-05:00,PUR_IED_GenSantander_Ext_8d5dfe,PUR_IED_GenSantander_Ext_8d5dfe,,,,,
2026-09-12T10:56:09-05:00,PUR_IED_GenSantander_Info_6c25b,PUR_IED_GenSantander_Info_6c25b,,,,,
2026-09-12T10:56:09-05:00,PUR_IED_GustavoMo_Exterio_75e63d,PUR_IED_GustavoMo_Exterio_75e63d,,,,,
2026-09-12T10:56:09-05:00,PUR_IED_GustavoMo_LabFisi_224d37,PUR_IED_GustavoMo_LabFisi_224d37,,,,,
2026-09-12T10:56:09-05:00,PUR_IED_GustavoMo_S208_3e6918,PUR_IED_GustavoMo_S208_3e6918,,,,,
2026-09-12T10:56:09-05:00,PUR_IED_GustavoR_A02_8cd4a8,PUR_IED_GustavoR_A02_8cd4a8,,,,,
2026-09-12T10:56:09-05:00,PUR_IED_GustavoR_B11_5b0ed,PUR_IED_GustavoR_B11_5b0ed,,,,,
2026-09-12T10:56:09-05:00,PUR_IED_GustavoR_Ext_7a0c90,PUR_IED_GustavoR_Ext_7a0c90,,,,,
2026-09-12T10:56:09-05:00,PUR_IED_HernandoDuran_Ext_8cd82b,PUR_IED_HernandoDuran_Ext_8cd82b,,,,,
2026-09-12T10:56:09-05:00,PUR_IED_HernandoDuran_S24_2772c6,PUR_IED_HernandoDuran_S24_2772c6,,,,,
2026-09-12T10:56:09-05:00,PUR_IED_HernandoDuran_S30_f2de41,PUR_IED_HernandoDuran_S30_f2de41,,,,,
2026-09-12T10:56:09-05:00,PUR_IED_HolguInUr_S1101_8cd732,PUR_IED_HolguInUr_S1101_8cd732,,,,,
2026-09-12T10:56:09-05:00,PUR_IED_HolguinUr_Exter_ddae6d,PUR_IED_HolguinUr_Exter_ddae6d,,,,,
2026-09-12T10:56:09-05:00,PUR_IED_HolguinUr_LabQuim_92b952,PUR_IED_HolguinUr_LabQuim_92b952,,,,,
2026-09-12T10:56:09-05:00,PUR_IED_Isabel-II_Ext_5245cc,PUR_IED_Isabel-II_Ext_5245cc,2,20,52,4.6336,-74.153
2026-09-12T10:56:09-05:00,PUR_IED_Isabel-II_S_idiom_1c29aa,PUR_IED_Isabel-II_S_idiom_1c29aa,,,,,
2026-09-12T10:56:09-05:00,PUR_IED_Isabel-II_S_infor_fd741,PUR_IED_Isabel-II_S_infor_fd741,,,,,
2026-09-12T10:56:09-05:00,PUR_IED_IsidroSur_Exterio_5b90ea,PUR_IED_IsidroSur_Exterio_5b90ea,,,,,
2026-09-12T10:56:09-05:00,PUR_IED_IsidroSur_LabTec_56697a,PUR_IED_IsidroSur_LabTec_56697a,,,,,
2026-09-12T10:56:09-05:00,PUR_IED_IsidroSur_Robotic_b7c38f,PUR_IED_IsidroSur_Robotic_b7c38f,,,,,
2026-09-12T10:56:09-05:00,PUR_IED_IsmaelPerd_Ext_7b6672,PUR_IED_IsmaelPerd_Ext_7b6672,,,,,
2026-09-12T10:56:09-05:00,PUR_IED_IsmaelPerd_Inform_306540,PUR_IED_IsmaelPerd_Inform_306540,,,,,
2026-09-12T10:56:09-05:00,PUR_IED_IsmaelPerd_S30_2e2c83,PUR_IED_IsmaelPerd_S30_2e2c83,,,,,
2026-09-12T10:56:09-05:00,PUR_IED_JLozano_Exter_432910,PUR_IED_JLozano_Exter_432910,,,,,
2026-09-12T10:56:09-05:00,PUR_IED_JLozano_salaMulti_df5125,PUR_IED_JLozano_salaMulti_df5125,,,,,
2026-09-12T10:56:09-05:00,PUR_IED_JMCordoba_206_86f80b,PUR_IED_JMCordoba_206_86f80b,,,,,
2026-09-12T10:56:09-05:00,PUR_IED_JMCordoba_Ext_27ad97,PUR_IED_JMCordoba_Ext_27ad97,,,,,
2026-09-12T10:56:09-05:00,PUR_IED_JMCordoba_S310_d59ab4,PUR_IED_JMCordoba_S310_d59ab4,,,,,
2026-09-12T10:56:09-05:00,PUR_IED_Japon_Ext_549100,PUR_IED_Japon_Ext_549100,,,,,
2026-09-12T10:56:09-05:00,PUR_IED_Japon_Laboratorio_bec51d,PUR_IED_Japon_Laboratorio_bec51d,,,,,
2026-09-12T10:56:09-05:00,PUR_IED_Japon_informatica_d99327,PUR_IED_Japon_informatica_d99327,,,,,
2026-09-12T10:56:09-05:00,PUR_IED_Jazmin_Ext_d27bda,PUR_IED_Jazmin_Ext_d27bda,,,,,
2026-09-12T10:56:09-05:00,PUR_IED_Jazmin_Fisica_8d14d7,PUR_IED_Jazmin_Fisica_8d14d7,,,,,
2026-09-12T10:56:09-05:00,PUR_IED_Jazmin_Quimica_801cb5,PUR_IED_Jazmin_Quimica_801cb5,,,,,
2026-09-12T10:56:09-05:00,PUR_IED_JorgeGaitan_Exter_f098d1,PUR_IED_JorgeGaitan_Exter_f098d1,,,,,
2026-09-12T10:56:09-05:00,PUR_IED_JorgeGaitan_STec1_dc9d1d,PUR_IED_JorgeGaitan_STec1_dc9d1d,,,,,
2026-09-12T10:56:09-05:00,PUR_IED_JorgeGaitan_STec2_281e69,PUR_IED_JorgeGaitan_STec2_281e69,,,,,
2026-09-12T10:56:09-05:00,PUR_IED_JorgeSoto_Exterio_d9d0a2,PUR_IED_JorgeSoto_Exterio_d9d0a2,,,,,
2026-09-12T10:56:09-05:00,PUR_IED_JorgeSoto_LabFisi_209c54,PUR_IED_JorgeSoto_LabFisi_209c54,,,,,
2026-09-12T10:56:09-05:00,PUR_IED_JorgeSoto_S103_27b51a,PUR_IED_JorgeSoto_S103_27b51a,,,,,
2026-09-12T10:56:09-05:00,PUR_IED_JoseAcevedo_A02_e965eb,PUR_IED_JoseAcevedo_A02_e965eb,,,,,
2026-09-12T10:56:09-05:00,PUR_IED_JoseAcevedo_A07_dd5b4,PUR_IED_JoseAcevedo_A07_dd5b4,,,,,
2026-09-12T10:56:09-05:00,PUR_IED_JoseAcevedo_Ext_b47484,PUR_IED_JoseAcevedo_Ext_b47484,,,,,
2026-09-12T10:56:09-05:00,PUR_IED_JoseMarti_Exte_5b9bf,PUR_IED_JoseMarti_Exte_5b9bf,,,,,
2026-09-12T10:56:09-05:00,PUR_IED_JoseMarti_LabQuim_1c6c2d,PUR_IED_JoseMarti_LabQuim_1c6c2d,,,,,
2026-09-12T10:56:09-05:00,PUR_IED_JoseMarti_S_info_f5f177,PUR_IED_JoseMarti_S_info_f5f177,,,,,
2026-09-12T10:56:09-05:00,PUR_IED_Josejoaquin_Ext_dfc5dc,PUR_IED_Josejoaquin_Ext_dfc5dc,,,,,
2026-09-12T10:56:09-05:00,PUR_IED_Josejoaquin_S05_5b2a96,PUR_IED_Josejoaquin_S05_5b2a96,,,,,
2026-09-12T10:56:09-05:00,PUR_IED_Josejoaquin_S06_1ce7d2,PUR_IED_Josejoaquin_S06_1ce7d2,,,,,
2026-09-12T10:56:09-05:00,PUR_IED_JulioFlorez_Danza_9b82dd,PUR_IED_JulioFlorez_Danza_9b82dd,,,,,
2026-09-12T10:56:09-05:00,PUR_IED_JulioFlorez_Exter_f9f314,PUR_IED_JulioFlorez_Exter_f9f314,,,,,
2026-09-12T10:56:09-05:00,PUR_IED_JulioFlorez_info2_6b6e08,PUR_IED_JulioFlorez_info2_6b6e08,,,,,
2026-09-12T10:56:09-05:00,PUR_IED_LaBelleza_Aula13_1d00d8,PUR_IED_LaBelleza_Aula13_1d00d8,,,,,
2026-09-12T10:56:09-05:00,PUR_IED_LaBelleza_Ext_7bc08c,PUR_IED_LaBelleza_Ext_7bc08c,,,,,
2026-09-12T10:56:09-05:00,PUR_IED_LaChucua_Ext_8cd6d2,PUR_IED_LaChucua_Ext_8cd6d2,,,,,
2026-09-12T10:56:09-05:00,PUR_IED_LaChucua_S15_f578ce,PUR_IED_LaChucua_S15_f578ce,,,,,
2026-09-12T10:56:09-05:00,PUR_IED_LaChucua_S16_eebcf9,PUR_IED_LaChucua_S16_eebcf9,,,,,
2026-09-12T10:56:09-05:00,PUR_IED_LaFelicidad_Ext_fb5109,PUR_IED_LaFelicidad_Ext_fb5109,,,,,
2026-09-12T10:56:09-05:00,PUR_IED_LaMerced_206_66ebd,PUR_IED_LaMerced_206_66ebd,,,,,
2026-09-12T10:56:09-05:00,PUR_IED_LaMerced_207_6ebd6,PUR_IED_LaMerced_207_6ebd6,,,,,
2026-09-12T10:56:09-05:00,PUR_IED_LaMerced_ext_304311,PUR_IED_LaMerced_ext_304311,,,,,
2026-09-12T10:56:09-05:00,PUR_IED_Laureano_CiencNat_281e5e,PUR_IED_Laureano_CiencNat_281e5e,,,,,
2026-09-12T10:56:09-05:00,PUR_IED_Laureano_Comedor_f65c0a,PUR_IED_Laureano_Comedor_f65c0a,,,,,
2026-09-12T10:56:09-05:00,PUR_IED_Laureano_Exterior_7ab011,PUR_IED_Laureano_Exterior_7ab011,,,,,
2026-09-12T10:56:09-05:00,PUR_IED_LeonGreiff_Exte_dfe560,PUR_IED_LeonGreiff_Exte_dfe560,,,,,
2026-09-12T10:56:09-05:00,PUR_IED_LeonGreiff_S210_f264ed,PUR_IED_LeonGreiff_S210_f264ed,,,,,
2026-09-12T10:56:09-05:00,PUR_IED_LeonGreiff_SQuimi_e8296f,PUR_IED_LeonGreiff_SQuimi_e8296f,,,,,
2026-09-12T10:56:09-05:00,PUR_IED_LlanoOrientalS208_7b9fcd,PUR_IED_LlanoOrientalS208_7b9fcd,,,,,
2026-09-12T10:56:09-05:00,PUR_IED_LlanoOriental_Ext_fb3766,PUR_IED_LlanoOriental_Ext_fb3766,,,,,
2026-09-12T10:56:09-05:00,PUR_IED_LlanoOriental_S208_7b9fcd,PUR_IED_LlanoOriental_S208_7b9fcd,,,,,
2026-09-12T10:56:09-05:00,PUR_IED_LlanoOriental_S9_27b378,PUR_IED_LlanoOriental_S9_27b378,,,,,
2026-09-12T10:56:09-05:00,PUR_IED_LosTejares_1101_477602,PUR_IED_LosTejares_1101_477602,,,,,
2026-09-12T10:56:09-05:00,PUR_IED_LosTejares_11_d2c595,PUR_IED_LosTejares_11_d2c595,,,,,
2026-09-12T10:56:09-05:00,PUR_IED_LosTejares_12_477602,PUR_IED_LosTejares_12_477602,,,,,
2026-09-12T10:56:09-05:00,PUR_IED_LosTejares_Ext_8e2115,PUR_IED_LosTejares_Ext_8e2115,,,,,
2026-09-12T10:56:09-05:00,PUR_IED_MagdalenaO_B202_5ddda3,PUR_IED_MagdalenaO_B202_5ddda3,,,,,
2026-09-12T10:56:09-05:00,PUR_IED_MagdalenaO_B205_fb76e8,PUR_IED_MagdalenaO_B205_fb76e8,,,,,
2026-09-12T10:56:09-05:00,PUR_IED_MagdalenaO_ext_dc69cd,PUR_IED_MagdalenaO_ext_dc69cd,,,,,
2026-09-12T10:56:09-05:00,PUR_IED_ManueCepeda_artes_eee956,PUR_IED_ManueCepeda_artes_eee956,,,,,
2026-09-12T10:56:09-05:00,PUR_IED_ManuelCepeda_Ext_58313,PUR_IED_ManuelCepeda_Ext_58313,,,,,
2026-09-12T10:56:09-05:00,PUR_IED_ManuelCepeda_tec_1c5731,PUR_IED_ManuelCepeda_tec_1c5731,,,,,
2026-09-12T10:56:09-05:00,PUR_IED_ManuelS_Exterior_5b269,PUR_IED_ManuelS_Exterior_5b269,,,,,
2026-09-12T10:56:09-05:00,PUR_IED_ManuelS_Inform_f369ce,PUR_IED_ManuelS_Inform_f369ce,,,,,
2026-09-12T10:56:09-05:00,PUR_IED_ManuelS_SArtes_7d15f1,PUR_IED_ManuelS_SArtes_7d15f1,,,,,
2026-09-12T10:56:09-05:00,PUR_IED_ManuelZapata_303_3ca6,PUR_IED_ManuelZapata_303_3ca6,,,,,
2026-09-12T10:56:09-05:00,PUR_IED_ManuelZapata_311_bfbabc,PUR_IED_ManuelZapata_311_bfbabc,,,,,
2026-09-12T10:56:09-05:00,PUR_IED_ManuelZapata_Ext_50824a,PUR_IED_ManuelZapata_Ext_50824a,,,,,
2026-09-12T10:56:09-05:00,PUR_IED_ManuelitaS_Exteri_656a92,PUR_IED_ManuelitaS_Exteri_656a92,,,,,
2026-09-12T10:56:09-05:00,PUR_IED_ManuelitaS_JuzgDe_f58ec3,PUR_IED_ManuelitaS_JuzgDe_f58ec3,,,,,
2026-09-12T10:56:09-05:00,PUR_IED_ManuelitaS_Recrea_d793db,PUR_IED_ManuelitaS_Recrea_d793db,,,,,
2026-09-12T10:56:09-05:00,PUR_IED_MarFidSuarez_Ext_c27b19,PUR_IED_MarFidSuarez_Ext_c27b19,,,,,
2026-09-12T10:56:09-05:00,PUR_IED_MarFidSuarez_Info_e384d7,PUR_IED_MarFidSuarez_Info_e384d7,,,,,
2026-09-12T10:56:09-05:00,PUR_IED_MarFidSuarez_S306_1d0032,PUR_IED_MarFidSuarez_S306_1d0032,,,,,
2026-09-12T10:56:09-05:00,PUR_IED_Menorah_301_2a25a3,PUR_IED_Menorah_301_2a25a3,,,,,
2026-09-12T10:56:09-05:00,PUR_IED_Menorah_306_37ed3,PUR_IED_Menorah_306_37ed3,,,,,
2026-09-12T10:56:09-05:00,PUR_IED_Menorah_Ext_3e155b,PUR_IED_Menorah_Ext_3e155b,,,,,
2026-09-12T10:56:09-05:00,PUR_IED_MinutoB.Aires_A11_1b1604,PUR_IED_MinutoB.Aires_A11_1b1604,,,,,
2026-09-12T10:56:09-05:00,PUR_IED_MinutoB.Aires_A12_fb5860,PUR_IED_MinutoB.Aires_A12_fb5860,,,,,
2026-09-12T10:56:09-05:00,PUR_IED_MinutoB.Aires_Ext_81293f,PUR_IED_MinutoB.Aires_Ext_81293f,,,,,
2026-09-12T10:56:09-05:00,PUR_IED_MinutoBAires_A11_1b1604,PUR_IED_MinutoBAires_A11_1b1604,,,,,
2026-09-12T10:56:09-05:00,PUR_IED_MinutoBAires_A12_fb5860,PUR_IED_MinutoBAires_A12_fb5860,,,,,
2026-09-12T10:56:09-05:00,PUR_IED_MinutoBAires_Ext_81293f,PUR_IED_MinutoBAires_Ext_81293f,,,,,
2026-09-12T10:56:09-05:00,PUR_IED_Montreal_Aula10_1e4959,PUR_IED_Montreal_Aula10_1e4959,,,,,
2026-09-12T10:56:09-05:00,PUR_IED_Montreal_Aula6_300367,PUR_IED_Montreal_Aula6_300367,,,,,
2026-09-12T10:56:09-05:00,PUR_IED_Montreal_Exterior_91a179,PUR_IED_Montreal_Exterior_91a179,,,,,
2026-09-12T10:56:09-05:00,PUR_IED_Mqgdalena_B202_5ddda3,PUR_IED_Mqgdalena_B202_5ddda3,,,,,
2026-09-12T10:56:09-05:00,PUR_IED_NACUND_Soc_dc8728,PUR_IED_NACUND_Soc_dc8728,,,,,
2026-09-12T10:56:09-05:00,PUR_IED_NACUND_ext_27ad97,PUR_IED_NACUND_ext_27ad97,,,,,
2026-09-12T10:56:09-05:00,PUR_IED_NEsperanza_Ext_d24b61,PUR_IED_NEsperanza_Ext_d24b61,,,,,
2026-09-12T10:56:09-05:00,PUR_IED_NEsperanza_SElect_7d1807,PUR_IED_NEsperanza_SElect_7d1807,,,,,
2026-09-12T10:56:09-05:00,PUR_IED_NEsperanza_SLabor_8b2d0a,PUR_IED_NEsperanza_SLabor_8b2d0a,,,,,
2026-09-12T10:56:09-05:00,PUR_IED_NacionesU_Ext_f661a9,PUR_IED_NacionesU_Ext_f661a9,,,,,
2026-09-12T10:56:09-05:00,PUR_IED_NacionesU_Quimica_66f0a,PUR_IED_NacionesU_Quimica_66f0a,,,,,
2026-09-12T10:56:09-05:00,PUR_IED_NacionesU_S306_1b4b3d,PUR_IED_NacionesU_S306_1b4b3d,,,,,
2026-09-12T10:56:09-05:00,PUR_IED_NestorFA_Ext_e4201c,PUR_IED_NestorFA_Ext_e4201c,,,,,
2026-09-12T10:56:09-05:00,PUR_IED_NestorFA_Laborato_f22fe0,PUR_IED_NestorFA_Laborato_f22fe0,,,,,
2026-09-12T10:56:09-05:00,PUR_IED_NestorFA_S204_dee996,PUR_IED_NestorFA_S204_dee996,,,,,
2026-09-12T10:56:09-05:00,PUR_IED_NidyaQT_Aula03_76999b,PUR_IED_NidyaQT_Aula03_76999b,,,,,
2026-09-12T10:56:09-05:00,PUR_IED_NidyaQT_Aula10_56325,PUR_IED_NidyaQT_Aula10_56325,,,,,
2026-09-12T10:56:09-05:00,PUR_IED_NidyaQT_Ext_46e32d,PUR_IED_NidyaQT_Ext_46e32d,,,,,
2026-09-12T10:56:09-05:00,PUR_IED_NuevaCol_Exterior_d9b859,PUR_IED_NuevaCol_Exterior_d9b859,,,,,
2026-09-12T10:56:09-05:00,PUR_IED_NuevaCol_S1101_76c43b,PUR_IED_NuevaCol_S1101_76c43b,,,,,
2026-09-12T10:56:09-05:00,PUR_IED_NuevaCol_S1102_1ce0b5,PUR_IED_NuevaCol_S1102_1ce0b5,,,,,
2026-09-12T10:56:09-05:00,PUR_IED_OEA_A202_f7e3f2,PUR_IED_OEA_A202_f7e3f2,,,,,
2026-09-12T10:56:09-05:00,PUR_IED_OEA_A203_7d1b8d,PUR_IED_OEA_A203_7d1b8d,,,,,
2026-09-12T10:56:09-05:00,PUR_IED_OEA_Ext_27b593,PUR_IED_OEA_Ext_27b593,,,,,
2026-09-12T10:56:09-05:00,PUR_IED_Ochoa_Ext_1c29da,PUR_IED_Ochoa_Ext_1c29da,,,,,
2026-09-12T10:56:09-05:00,PUR_IED_Ochoa_S205_8b1121,PUR_IED_Ochoa_S205_8b1121,,,,,
2026-09-12T10:56:09-05:00,PUR_IED_Ochoa_Sistemas_f33af6,PUR_IED_Ochoa_Sistemas_f33af6,,,,,
2026-09-12T10:56:09-05:00,PUR_IED_PQuebec_Ext_1c67c7,PUR_IED_PQuebec_Ext_1c67c7,,,,,
2026-09-12T10:56:09-05:00,PUR_IED_PQuebec_S15_23e8e2,PUR_IED_PQuebec_S15_23e8e2,,,,,
2026-09-12T10:56:09-05:00,PUR_IED_PQuebec_S16_8ec76b,PUR_IED_PQuebec_S16_8ec76b,,,,,
2026-09-12T10:56:09-05:00,PUR_IED_PabloN_Ext_49dc96,PUR_IED_PabloN_Ext_49dc96,,,,,
2026-09-12T10:56:09-05:00,PUR_IED_PabloN_S1102_4e3df5,PUR_IED_PabloN_S1102_4e3df5,,,,,
2026-09-12T10:56:09-05:00,PUR_IED_PabloN_S1103_50c94b,PUR_IED_PabloN_S1103_50c94b,,,,,
2026-09-12T10:56:09-05:00,PUR_IED_Palestina_S1101_db9198,PUR_IED_Palestina_S1101_db9198,,,,,
2026-09-12T10:56:09-05:00,PUR_IED_Palestina_S1102_dc54fa,PUR_IED_Palestina_S1102_dc54fa,,,,,
2026-09-12T10:56:09-05:00,PUR_IED_Palestina_ext_4ccce6,PUR_IED_Palestina_ext_4ccce6,,,,,
2026-09-12T10:56:09-05:00,PUR_IED_Panama_Fisica_4d0794,PUR_IED_Panama_Fisica_4d0794,,,,,
2026-09-12T10:56:09-05:00,PUR_IED_Panama_SIngles_a4077e,PUR_IED_Panama_SIngles_a4077e,,,,,
2026-09-12T10:56:09-05:00,PUR_IED_Panama_ext_4c54b4,PUR_IED_Panama_ext_4c54b4,,,,,
2026-09-12T10:56:09-05:00,PUR_IED_ParaisoM_Exterior_8cd7f0,PUR_IED_ParaisoM_Exterior_8cd7f0,,,,,
2026-09-12T10:56:09-05:00,PUR_IED_ParaisoM_Laborato_27af35,PUR_IED_ParaisoM_Laborato_27af35,,,,,
2026-09-12T10:56:09-05:00,PUR_IED_ParaisoM_S304_d1edca,PUR_IED_ParaisoM_S304_d1edca,,,,,
2026-09-12T10:56:09-05:00,PUR_IED_PorfirioBarba_Ext_301466,PUR_IED_PorfirioBarba_Ext_301466,,,,,
2026-09-12T10:56:09-05:00,PUR_IED_PorfirioBarba_S11_df6cd2,PUR_IED_PorfirioBarba_S11_df6cd2,,,,,
2026-09-12T10:56:09-05:00,PUR_IED_PorfirioBarba_S29_27a7d6,PUR_IED_PorfirioBarba_S29_27a7d6,,,,,
2026-09-12T10:56:09-05:00,PUR_IED_PradoV_Exter_8b27ad,PUR_IED_PradoV_Exter_8b27ad,,,,,
2026-09-12T10:56:09-05:00,PUR_IED_PradoV_S301_de65b5,PUR_IED_PradoV_S301_de65b5,,,,,
2026-09-12T10:56:09-05:00,PUR_IED_PradoV_S302_7d2593,PUR_IED_PradoV_S302_7d2593,,,,,
2026-09-12T10:56:09-05:00,PUR_IED_QuirogaAlz_Ext_1ddc82,PUR_IED_QuirogaAlz_Ext_1ddc82,,,,,
2026-09-12T10:56:09-05:00,PUR_IED_QuirogaAlz_S302_9926a3,PUR_IED_QuirogaAlz_S302_9926a3,,,,,
2026-09-12T10:56:09-05:00,PUR_IED_QuirogaAlz_S305_cdf1f1,PUR_IED_QuirogaAlz_S305_cdf1f1,,,,,
2026-09-12T10:56:09-05:00,PUR_IED_RGuatemala_Biling_dc53b7,PUR_IED_RGuatemala_Biling_dc53b7,,,,,
2026-09-12T10:56:09-05:00,PUR_IED_RGuatemala_Ext_1b89a3,PUR_IED_RGuatemala_Ext_1b89a3,,,,,
2026-09-12T10:56:09-05:00,PUR_IED_RGuatemala_Tecnol_281a34,PUR_IED_RGuatemala_Tecnol_281a34,,,,,
2026-09-12T10:56:09-05:00,PUR_IED_RafaNu_Ext_f7c302,PUR_IED_RafaNu_Ext_f7c302,,,,,
2026-09-12T10:56:09-05:00,PUR_IED_RafaNu_S1101_25fde,PUR_IED_RafaNu_S1101_25fde,,,,,
2026-09-12T10:56:09-05:00,PUR_IED_RafaNu_S1102_281517,PUR_IED_RafaNu_S1102_281517,,,,,
2026-09-12T10:56:09-05:00,PUR_IED_RafaelB_S305_ee2783,PUR_IED_RafaelB_S305_ee2783,,,,,
2026-09-12T10:56:09-05:00,PUR_IED_RafaelB_S306_75fe33,PUR_IED_RafaelB_S306_75fe33,,,,,
2026-09-12T10:56:09-05:00,PUR_IED_RafaelB_ext_283336,PUR_IED_RafaelB_ext_283336,2,20,56,4.6722,-74.0737
2026-09-12T10:56:09-05:00,PUR_IED_RafaelUU_Exterior_281a51,PUR_IED_RafaelUU_Exterior_281a51,,,,,
2026-09-12T10:56:09-05:00,PUR_IED_RafaelUU_Human_806b2,PUR_IED_RafaelUU_Human_806b2,,,,,
2026-09-12T10:56:09-05:00,PUR_IED_RafaelUU_Mate2_5680d4,PUR_IED_RafaelUU_Mate2_5680d4,,,,,
2026-09-12T10:56:09-05:00,PUR_IED_RamonSub_Ext_f9eeb9,PUR_IED_RamonSub_Ext_f9eeb9,,,,,
2026-09-12T10:56:09-05:00,PUR_IED_RamonSub_Media_d1f62f,PUR_IED_RamonSub_Media_d1f62f,,,,,
2026-09-12T10:56:09-05:00,PUR_IED_RamonSub_planta_51b82,PUR_IED_RamonSub_planta_51b82,,,,,
2026-09-12T10:56:09-05:00,PUR_IED_RepBoliVene_Exter_27af7c,PUR_IED_RepBoliVene_Exter_27af7c,,,,,
2026-09-12T10:56:09-05:00,PUR_IED_RepBoliVene_SCPT_5ae2ee,PUR_IED_RepBoliVene_SCPT_5ae2ee,,,,,
2026-09-12T10:56:09-05:00,PUR_IED_RepBoliVene_Socia_4b11d5,PUR_IED_RepBoliVene_Socia_4b11d5,,,,,
2026-09-12T10:56:09-05:00,PUR_IED_RepChina_Ext_76d9ee,PUR_IED_RepChina_Ext_76d9ee,,,,,
2026-09-12T10:56:09-05:00,PUR_IED_RepChina_S404_7c804c,PUR_IED_RepChina_S404_7c804c,,,,,
2026-09-12T10:56:09-05:00,PUR_IED_RepChina_S405_df2c33,PUR_IED_RepChina_S405_df2c33,,,,,
2026-09-12T10:56:09-05:00,PUR_IED_RepublicaC_Exteri_7d1ec9,PUR_IED_RepublicaC_Exteri_7d1ec9,,,,,
2026-09-12T10:56:09-05:00,PUR_IED_RepublicaC_S1101_f544b3,PUR_IED_RepublicaC_S1101_f544b3,,,,,
2026-09-12T10:56:09-05:00,PUR_IED_RepublicaC_S1102_7aafc7,PUR_IED_RepublicaC_S1102_7aafc7,,,,,
2026-09-12T10:56:09-05:00,PUR_IED_Ricaurte_Externo_a0ea1,PUR_IED_Ricaurte_Externo_a0ea1,,,,,
2026-09-12T10:56:09-05:00,PUR_IED_Ricaurte_S210_f546fd,PUR_IED_Ricaurte_S210_f546fd,,,,,
2026-09-12T10:56:09-05:00,PUR_IED_Ricaurte_S309_d4452,PUR_IED_Ricaurte_S309_d4452,,,,,
2026-09-12T10:56:09-05:00,PUR_IED_RogelioS_1102_531e69,PUR_IED_RogelioS_1102_531e69,,,,,
2026-09-12T10:56:09-05:00,PUR_IED_RogelioS_Ext_f25a18,PUR_IED_RogelioS_Ext_f25a18,,,,,
2026-09-12T10:56:09-05:00,PUR_IED_SBernardino_Ext_27aff8,PUR_IED_SBernardino_Ext_27aff8,,,,,
2026-09-12T10:56:09-05:00,PUR_IED_SBernardino_SArte_2ffd33,PUR_IED_SBernardino_SArte_2ffd33,,,,,
2026-09-12T10:56:09-05:00,PUR_IED_SBernardino_SIngl_7c7da5,PUR_IED_SBernardino_SIngl_7c7da5,,,,,
2026-09-12T10:56:09-05:00,PUR_IED_Sago_auditorio_dc9d1d,PUR_IED_Sago_auditorio_dc9d1d,,,,,
2026-09-12T10:56:09-05:00,PUR_IED_Saludcoop_Ext_95aac3,PUR_IED_Saludcoop_Ext_95aac3,,,,,
2026-09-12T10:56:09-05:00,PUR_IED_Saludcoop_InfI_90c854,PUR_IED_Saludcoop_InfI_90c854,,,,,
2026-09-12T10:56:09-05:00,PUR_IED_Saludcoop_SMedia_1b93be,PUR_IED_Saludcoop_SMedia_1b93be,,,,,
2026-09-12T10:56:09-05:00,PUR_IED_SanCarlos_1101_1a2360,PUR_IED_SanCarlos_1101_1a2360,,,,,
2026-09-12T10:56:09-05:00,PUR_IED_SanCarlos_1103_7bafb5,PUR_IED_SanCarlos_1103_7bafb5,,,,,
2026-09-12T10:56:09-05:00,PUR_IED_SanCarlos_Ext_b7cd1,PUR_IED_SanCarlos_Ext_b7cd1,,,,,
2026-09-12T10:56:09-05:00,PUR_IED_SanIgnacioBosa11a_50c26e,PUR_IED_SanIgnacioBosa11a_50c26e,,,,,
2026-09-12T10:56:09-05:00,PUR_IED_SanIgnacioBosa11b_371de8,PUR_IED_SanIgnacioBosa11b_371de8,,,,,
2026-09-12T10:56:09-05:00,PUR_IED_SanIgnacioBosaExt_ef0ffc,PUR_IED_SanIgnacioBosaExt_ef0ffc,,,,,
2026-09-12T10:56:09-05:00,PUR_IED_SanIgnacioBosa_11a_50c26e,PUR_IED_SanIgnacioBosa_11a_50c26e,,,,,
2026-09-12T10:56:09-05:00,PUR_IED_SanIgnacioBosa_Ext_ef0ffc,PUR_IED_SanIgnacioBosa_Ext_ef0ffc,,,,,
2026-09-12T10:56:09-05:00,PUR_IED_SanJoseN_intS1101_31c47f,PUR_IED_SanJoseN_intS1101_31c47f,,,,,
2026-09-12T10:56:09-05:00,PUR_IED_SanJoseUsm_Exter_f5d7e8,PUR_IED_SanJoseUsm_Exter_f5d7e8,,,,,
2026-09-12T10:56:09-05:00,PUR_IED_SanJoseUsm_Int11A_cfdef6,PUR_IED_SanJoseUsm_Int11A_cfdef6,,,,,
2026-09-12T10:56:09-05:00,PUR_IED_SilveriaR_IntB5_905349,PUR_IED_SilveriaR_IntB5_905349,,,,,
2026-09-12T10:56:09-05:00,PUR_IED_SilveriaR_IntSD14_981f93,PUR_IED_SilveriaR_IntSD14_981f93,,,,,
2026-09-12T10:56:09-05:00,PUR_IED_SilveriaR_ext_2b651d,PUR_IED_SilveriaR_ext_2b651d,,,,,
2026-09-12T10:56:09-05:00,PUR_IED_SimonB_Exterior_913975,PUR_IED_SimonB_Exterior_913975,,,,,
2026-09-12T10:56:09-05:00,PUR_IED_SimonB_LabQuimi_c56908,PUR_IED_SimonB_LabQuimi_c56908,,,,,
2026-09-12T10:56:09-05:00,PUR_IED_SimonB_informatic_a28c1,PUR_IED_SimonB_informatic_a28c1,,,,,
2026-09-12T10:56:09-05:00,PUR_IED_Sorrento_1102_315f50,PUR_IED_Sorrento_1102_315f50,,,,,
2026-09-12T10:56:09-05:00,PUR_IED_Sorrento_Minte_214eab,PUR_IED_Sorrento_Minte_214eab,,,,,
2026-09-12T10:56:09-05:00,PUR_IED_Sorrento_ext_7c3a0a,PUR_IED_Sorrento_ext_7c3a0a,,,,,
2026-09-12T10:56:09-05:00,PUR_IED_Tabora_Ext_f048ae,PUR_IED_Tabora_Ext_f048ae,,,,,
2026-09-12T10:56:09-05:00,PUR_IED_Tabora_S1102_b07752,PUR_IED_Tabora_S1102_b07752,,,,,
2026-09-12T10:56:09-05:00,PUR_IED_Tabora_S1103_d988f5,PUR_IED_Tabora_S1103_d988f5,,,,,
2026-09-12T10:56:09-05:00,PUR_IED_Tenerife_Ext_1ab188,PUR_IED_Tenerife_Ext_1ab188,,,,,
2026-09-12T10:56:09-05:00,PUR_IED_Tenerife_SDanzas_7bc02e,PUR_IED_Tenerife_SDanzas_7bc02e,,,,,
2026-09-12T10:56:09-05:00,PUR_IED_Tenerife_SIngles_7cc277,PUR_IED_Tenerife_SIngles_7cc277,,,,,
2026-09-12T10:56:09-05:00,PUR_IED_Tibabuyes_Exter_f2683d,PUR_IED_Tibabuyes_Exter_f2683d,,,,,
2026-09-12T10:56:09-05:00,PUR_IED_Tibabuyes_S10_dc87a8,PUR_IED_Tibabuyes_S10_dc87a8,,,,,
2026-09-12T10:56:09-05:00,PUR_IED_Tibabuyes_S15_dc0526,PUR_IED_Tibabuyes_S15_dc0526,,,,,
2026-09-12T10:56:09-05:00,PUR_IED_UnionE_S301_a1043,PUR_IED_UnionE_S301_a1043,,,,,
2026-09-12T10:56:09-05:00,PUR_IED_UnionE_S307_ff6c2f,PUR_IED_UnionE_S307_ff6c2f,,,,,
2026-09-12T10:56:09-05:00,PUR_IED_UnionE__Ext_5e2468,PUR_IED_UnionE__Ext_5e2468,,,,,
2026-09-12T10:56:09-05:00,PUR_IED_VillaRica_Ext_75be7c,PUR_IED_VillaRica_Ext_75be7c,,,,,
2026-09-12T10:56:09-05:00,PUR_IED_VillaRica_S4_cc5dcd,PUR_IED_VillaRica_S4_cc5dcd,,,,,
2026-09-12T10:56:09-05:00,PUR_IED_VillaRica_Sesp_99f5c,PUR_IED_VillaRica_Sesp_99f5c,,,,,
2026-09-12T11:01:13-05:00,PUR_IED_20deJulio_1101_91b1b9,PUR_IED_20deJulio_1101_91b1b9,,,,,
2026-09-12T11:01:13-05:00,PUR_IED_20deJulio_1102_1cfcf9,PUR_IED_20deJulio_1102_1cfcf9,,,,,
2026-09-12T11:01:13-05:00,PUR_IED_20deJulio_Ext_ab60bd,PUR_IED_20deJulio_Ext_ab60bd,,,,,
2026-09-12T11:01:13-05:00,PUR_IED_AgustinFer_Ext_7b9b77,PUR_IED_AgustinFer_Ext_7b9b77,,,,,
2026-09-12T11:01:13-05:00,PUR_IED_AgustinFer_Info2_27b3a7,PUR_IED_AgustinFer_Info2_27b3a7,,,,,
2026-09-12T11:01:13-05:00,PUR_IED_AgustinFer_Sena_54b4eb,PUR_IED_AgustinFer_Sena_54b4eb,,,,,
2026-09-12T11:01:13-05:00,PUR_IED_AlexanderF_1102_caf07b,PUR_IED_AlexanderF_1102_caf07b,,,,,
2026-09-12T11:01:13-05:00,PUR_IED_AlexanderF_1103_c79e71,PUR_IED_AlexanderF_1103_c79e71,,,,,
2026-09-12T11:01:13-05:00,PUR_IED_AlexanderF_Ext_c5b18b,PUR_IED_AlexanderF_Ext_c5b18b,,,,,
2026-09-12T11:01:13-05:00,PUR_IED_AlfonsoLopez_Ext_281d77,PUR_IED_AlfonsoLopez_Ext_281d77,,,,,
2026-09-12T11:01:13-05:00,PUR_IED_AlfonsoLopez_LabF_888ce0,PUR_IED_AlfonsoLopez_LabF_888ce0,,,,,
2026-09-12T11:01:13-05:00,PUR_IED_AlfonsoLopez_SMed_df6a7f,PUR_IED_AlfonsoLopez_SMed_df6a7f,,,,,
2026-09-12T11:01:13-05:00,PUR_IED_AltamiraSO_A2_209f92,PUR_IED_AltamiraSO_A2_209f92,,,,,
2026-09-12T11:01:13-05:00,PUR_IED_AltamiraSO_Ext_186d66,PUR_IED_AltamiraSO_Ext_186d66,,,,,
2026-09-12T11:01:13-05:00,PUR_IED_AltamiraSO_Sistem_27afe1,PUR_IED_AltamiraSO_Sistem_27afe1,,,,,
2026-09-12T11:01:13-05:00,PUR_IED_AlvaroGom_LabQuim_813179,PUR_IED_AlvaroGom_LabQuim_813179,,,,,
2026-09-12T11:01:13-05:00,PUR_IED_AlvaroGomez_Ext_47c7ca,PUR_IED_AlvaroGomez_Ext_47c7ca,,,,,
2026-09-12T11:01:13-05:00,PUR_IED_AlvaroGomez_LabQuim_813179,PUR_IED_AlvaroGomez_LabQuim_813179,,,,,
2026-09-12T11:01:13-05:00,PUR_IED_AlvaroGomez_S23_7ba89f,PUR_IED_AlvaroGomez_S23_7ba89f,,,,,
2026-09-12T11:01:13-05:00,PUR_IED_Amistad_306_dc8728,PUR_IED_Amistad_306_dc8728,,,,,
2026-09-12T11:01:13-05:00,PUR_IED_Amistad_Ext_8cd55e,PUR_IED_Amistad_Ext_8cd55e,,,,,
2026-09-12T11:01:13-05:00,PUR_IED_Amistad_S202_a41169,PUR_IED_Amistad_S202_a41169,,,,,
2026-09-12T11:01:13-05:00,PUR_IED_AndresBello_Bio_fd5f5e,PUR_IED_AndresBello_Bio_fd5f5e,,,,,
2026-09-12T11:01:13-05:00,PUR_IED_AndresBello_ext_dcad65,PUR_IED_AndresBello_ext_dcad65,,,,,
2026-09-12T11:01:13-05:00,PUR_IED_AndresBello_port_eed3ec,PUR_IED_AndresBello_port_eed3ec,,,,,
2026-09-12T11:01:13-05:00,PUR_IED_AngelaR_11b_d90a6b,PUR_IED_AngelaR_11b_d90a6b,,,,,
2026-09-12T11:01:13-05:00,PUR_IED_AngelaR_ext_7cad3e,PUR_IED_AngelaR_ext_7cad3e,3,20,58,4.5825,-74.164497
2026-09-12T11:01:13-05:00,PUR_IED_AntJoseSucre_10mo_df2575,PUR_IED_AntJoseSucre_10mo_df2575,,,,,
2026-09-12T11:01:13-05:00,PUR_IED_AntJoseSucre_Ext_215b36,PUR_IED_AntJoseSucre_Ext_215b36,,,,,
2026-09-12T11:01:13-05:00,PUR_IED_AntJoseSucre_Lab_3139de,PUR_IED_AntJoseSucre_Lab_3139de,,,,,
2026-09-12T11:01:13-05:00,PUR_IED_AntonioGarcia_301_d6b188,PUR_IED_AntonioGarcia_301_d6b188,,,,,
2026-09-12T11:01:13-05:00,PUR_IED_AntonioGarcia_302_88a82,PUR_IED_AntonioGarcia_302_88a82,,,,,
2026-09-12T11:01:13-05:00,PUR_IED_AntonioGarcia_Ext_20950c,PUR_IED_AntonioGarcia_Ext_20950c,,,,,
2026-09-12T11:01:13-05:00,PUR_IED_AntonioVan_Aula2_6dea02,PUR_IED_AntonioVan_Aula2_6dea02,,,,,
2026-09-12T11:01:13-05:00,PUR_IED_AntonioVan_Aula5_f1557e,PUR_IED_AntonioVan_Aula5_f1557e,,,,,
2026-09-12T11:01:13-05:00,PUR_IED_AntonioVan_Ext_406f2f,PUR_IED_AntonioVan_Ext_406f2f,,,,,
2026-09-12T11:01:13-05:00,PUR_IED_Atabanzha_Ext_cc5af9,PUR_IED_Atabanzha_Ext_cc5af9,,,,,
2026-09-12T11:01:13-05:00,PUR_IED_Atabanzha_SA101_56c37,PUR_IED_Atabanzha_SA101_56c37,,,,,
2026-09-12T11:01:13-05:00,PUR_IED_Atabanzha_SB302_27b374,PUR_IED_Atabanzha_SB302_27b374,,,,,
2026-09-12T11:01:13-05:00,PUR_IED_Atahualpa_Ext_fc1748,PUR_IED_Atahualpa_Ext_fc1748,,,,,
2026-09-12T11:01:13-05:00,PUR_IED_Atahualpa_Informa_dc9a95,PUR_IED_Atahualpa_Informa_dc9a95,,,,,
2026-09-12T11:01:13-05:00,PUR_IED_Atahualpa_S1101_f98056,PUR_IED_Atahualpa_S1101_f98056,,,,,
2026-09-12T11:01:13-05:00,PUR_IED_Bellavista_Ext_f5aa74,PUR_IED_Bellavista_Ext_f5aa74,,,,,
2026-09-12T11:01:13-05:00,PUR_IED_Bilbao_11A_916c41,PUR_IED_Bilbao_11A_916c41,,,,,
2026-09-12T11:01:13-05:00,PUR_IED_Bilbao_Ext_fb579a,PUR_IED_Bilbao_Ext_fb579a,,,,,
2026-09-12T11:01:13-05:00,PUR_IED_BrasiliaU_A125_304280,PUR_IED_BrasiliaU_A125_304280,,,,,
2026-09-12T11:01:13-05:00,PUR_IED_BrasiliaU_A203_7c8ca5,PUR_IED_BrasiliaU_A203_7c8ca5,,,,,
2026-09-12T11:01:13-05:00,PUR_IED_BrasiliaU_Ext_8d6e9f,PUR_IED_BrasiliaU_Ext_8d6e9f,5,19,59,4.5175,-74.116302
2026-09-12T11:01:13-05:00,PUR_IED_Brasilia_Ext_fe6593,PUR_IED_Brasilia_Ext_fe6593,,,,,
2026-09-12T11:01:13-05:00,PUR_IED_Brasilia_S24_7c130d,PUR_IED_Brasilia_S24_7c130d,,,,,
2026-09-12T11:01:13-05:00,PUR_IED_Brasilia_S501_186a54,PUR_IED_Brasilia_S501_186a54,,,,,
2026-09-12T11:01:13-05:00,PUR_IED_CHARRY_EXT_f1d5cd,PUR_IED_CHARRY_EXT_f1d5cd,,,,,
2026-09-12T11:01:13-05:00,PUR_IED_CHARRY_INTDANZAS_7a08e6,PUR_IED_CHARRY_INTDANZAS_7a08e6,,,,,
2026-09-12T11:01:13-05:00,PUR_IED_CHARRY_INT_AULA20_dc998d,PUR_IED_CHARRY_INT_AULA20_dc998d,,,,,
2026-09-12T11:01:13-05:00,PUR_IED_COLVIV_1101_S25_7f520a,PUR_IED_COLVIV_1101_S25_7f520a,,,,,
2026-09-12T11:01:13-05:00,PUR_IED_COLVIV_1102_S16_f570ba,PUR_IED_COLVIV_1102_S16_f570ba,,,,,
2026-09-12T11:01:13-05:00,PUR_IED_COLVIV_Ext_1a26fa,PUR_IED_COLVIV_Ext_1a26fa,,,,,
2026-09-12T11:01:13-05:00,PUR_IED_CULPOP_301A_f660f3,PUR_IED_CULPOP_301A_f660f3,,,,,
2026-09-12T11:01:13-05:00,PUR_IED_CULPOP_303_568afe,PUR_IED_CULPOP_303_568afe,,,,,
2026-09-12T11:01:13-05:00,PUR_IED_CULPOP_Ext_e02ccb,PUR_IED_CULPOP_Ext_e02ccb,,,,,
2026-09-12T11:01:13-05:00,PUR_IED_CVillavicen_Ext_26eb58,PUR_IED_CVillavicen_Ext_26eb58,5,17,75,4.487,-74.102798
2026-09-12T11:01:13-05:00,PUR_IED_CVillavicen_Intel_1ce5c2,PUR_IED_CVillavicen_Intel_1ce5c2,,,,,
2026-09-12T11:01:13-05:00,PUR_IED_CVillavicen_Poliv_e0766c,PUR_IED_CVillavicen_Poliv_e0766c,,,,,
2026-09-12T11:01:13-05:00,PUR_IED_CVillavicen_int_1ba140,PUR_IED_CVillavicen_int_1ba140,,,,,
2026-09-12T11:01:13-05:00,PUR_IED_CVillavicen_intel_1ba140,PUR_IED_CVillavicen_intel_1ba140,,,,,
2026-09-12T11:01:13-05:00,PUR_IED_CarlosPizarro_Ext_e307cc,PUR_IED_CarlosPizarro_Ext_e307cc,,,,,
2026-09-12T11:01:13-05:00,PUR_IED_CarlosPizarro_L36_7e5cdb,PUR_IED_CarlosPizarro_L36_7e5cdb,,,,,
2026-09-12T11:01:13-05:00,PUR_IED_CarlosPizarro_L37_c8566c,PUR_IED_CarlosPizarro_L37_c8566c,,,,,
2026-09-12T11:01:13-05:00,PUR_IED_Castilla_Ext_cf35f,PUR_IED_Castilla_Ext_cf35f,,,,,
2026-09-12T11:01:13-05:00,PUR_IED_Castilla_SFisik_360e38,PUR_IED_Castilla_SFisik_360e38,,,,,
2026-09-12T11:01:13-05:00,PUR_IED_Castilla_Sc304_496fbf,PUR_IED_Castilla_Sc304_496fbf,,,,,
2026-09-12T11:01:13-05:00,PUR_IED_CervantesSa_Ext_6b57b,PUR_IED_CervantesSa_Ext_6b57b,4,20,65,4.5128,-74.117203
2026-09-12T11:01:13-05:00,PUR_IED_CervantesSa_S107_225c2b,PUR_IED_CervantesSa_S107_225c2b,,,,,
2026-09-12T11:01:13-05:00,PUR_IED_CervantesSa_S108_940925,PUR_IED_CervantesSa_S108_940925,,,,,
2026-09-12T11:01:13-05:00,PUR_IED_Charry_A20_f53e7c,PUR_IED_Charry_A20_f53e7c,,,,,
2026-09-12T11:01:13-05:00,PUR_IED_Charry_Ext_f1d5cd,PUR_IED_Charry_Ext_f1d5cd,,,,,
2026-09-12T11:01:13-05:00,PUR_IED_Charry_IntAula20_dc998d,PUR_IED_Charry_IntAula20_dc998d,,,,,
2026-09-12T11:01:13-05:00,PUR_IED_Charry_IntDanzas_7a08e6,PUR_IED_Charry_IntDanzas_7a08e6,,,,,
2026-09-12T11:01:13-05:00,PUR_IED_ClememciaC_203_43e2fc,PUR_IED_ClememciaC_203_43e2fc,,,,,
2026-09-12T11:01:13-05:00,PUR_IED_ClememciaC_Ext_1b411a,PUR_IED_ClememciaC_Ext_1b411a,,,,,
2026-09-12T11:01:13-05:00,PUR_IED_ClememciaC_Quimic_44b5fc,PUR_IED_ClememciaC_Quimic_44b5fc,,,,,
2026-09-12T11:01:13-05:00,PUR_IED_ClemenciaC_203_43e2fc,PUR_IED_ClemenciaC_203_43e2fc,,,,,
2026-09-12T11:01:13-05:00,PUR_IED_ClemenciaC_Ext_1b411a,PUR_IED_ClemenciaC_Ext_1b411a,,,,,
2026-09-12T11:01:13-05:00,PUR_IED_ClemenciaC_Quimic_44b5fc,PUR_IED_ClemenciaC_Quimic_44b5fc,,,,,
2026-09-12T11:01:13-05:00,PUR_IED_ColViva_1101_S25_7f520a,PUR_IED_ColViva_1101_S25_7f520a,,,,,
2026-09-12T11:01:13-05:00,PUR_IED_ColViva_1102_S16_f570ba,PUR_IED_ColViva_1102_S16_f570ba,,,,,
2026-09-12T11:01:13-05:00,PUR_IED_ColViva_Ext_1a26fa,PUR_IED_ColViva_Ext_1a26fa,,,,,
2026-09-12T11:01:13-05:00,PUR_IED_ColegioBici_Asist_7c8798,PUR_IED_ColegioBici_Asist_7c8798,,,,,
2026-09-12T11:01:13-05:00,PUR_IED_ColegioBici_Ext_25cbf6,PUR_IED_ColegioBici_Ext_25cbf6,,,,,
2026-09-12T11:01:13-05:00,PUR_IED_ColegioBici_LabQ_7b57db,PUR_IED_ColegioBici_LabQ_7b57db,,,,,
2026-09-12T11:01:13-05:00,PUR_IED_CostaRica_Ext_5e640,PUR_IED_CostaRica_Ext_5e640,,,,,
2026-09-12T11:01:13-05:00,PUR_IED_CostaRica_Quim1_766d1c,PUR_IED_CostaRica_Quim1_766d1c,,,,,
2026-09-12T11:01:13-05:00,PUR_IED_CostaRica__Fisica_6f0873,PUR_IED_CostaRica__Fisica_6f0873,,,,,
2026-09-12T11:01:13-05:00,PUR_IED_CulPopu_301A_f660f3,PUR_IED_CulPopu_301A_f660f3,,,,,
2026-09-12T11:01:13-05:00,PUR_IED_CulPopu_303_568afe,PUR_IED_CulPopu_303_568afe,,,,,
2026-09-12T11:01:13-05:00,PUR_IED_CulPopu_Ext_e02ccb,PUR_IED_CulPopu_Ext_e02ccb,,,,,
2026-09-12T11:01:13-05:00,PUR_IED_Cundinamarca_Ext_f15985,PUR_IED_Cundinamarca_Ext_f15985,,,,,
2026-09-12T11:01:13-05:00,PUR_IED_Cundinamarca_Info_7aa5d7,PUR_IED_Cundinamarca_Info_7aa5d7,,,,,
2026-09-12T11:01:13-05:00,PUR_IED_Cundinamarca_Tec2_f449c7,PUR_IED_Cundinamarca_Tec2_f449c7,,,,,
2026-09-12T11:01:13-05:00,PUR_IED_DiegoM_Aula1_27b314,PUR_IED_DiegoM_Aula1_27b314,,,,,
2026-09-12T11:01:13-05:00,PUR_IED_DiegoM_Ext_d80ac8,PUR_IED_DiegoM_Ext_d80ac8,,,,,
2026-09-12T11:01:13-05:00,PUR_IED_DiegoM_S25_da928f,PUR_IED_DiegoM_S25_da928f,,,,,
2026-09-12T11:01:13-05:00,PUR_IED_ELRODEO_360881,PUR_IED_ELRODEO_360881,,,,,
2026-09-12T11:01:13-05:00,PUR_IED_ELRODEO_ext_360881,PUR_IED_ELRODEO_ext_360881,,,,,
2026-09-12T11:01:13-05:00,PUR_IED_EduardoU_Ext_1c1969,PUR_IED_EduardoU_Ext_1c1969,,,,,
2026-09-12T11:01:13-05:00,PUR_IED_EduardoU_SCiencia_4dfb94,PUR_IED_EduardoU_SCiencia_4dfb94,,,,,
2026-09-12T11:01:13-05:00,PUR_IED_EduardoU_SQuimica_5a46e7,PUR_IED_EduardoU_SQuimica_5a46e7,,,,,
2026-09-12T11:01:13-05:00,PUR_IED_ElRodeo_Aula14_676984,PUR_IED_ElRodeo_Aula14_676984,,,,,
2026-09-12T11:01:13-05:00,PUR_IED_ElRodeo_Aula16_2dd35b,PUR_IED_ElRodeo_Aula16_2dd35b,,,,,
2026-09-12T11:01:13-05:00,PUR_IED_ElRodeo_Ext_360881,PUR_IED_ElRodeo_Ext_360881,,,,,
2026-09-12T11:01:13-05:00,PUR_IED_ElRodeo_Exterior_8c6d28,PUR_IED_ElRodeo_Exterior_8c6d28,,,,,
2026-09-12T11:01:13-05:00,PUR_IED_ElRodeo_ext_360881,PUR_IED_ElRodeo_ext_360881,,,,,
2026-09-12T11:01:13-05:00,PUR_IED_EmmaReyes_Ext_987625,PUR_IED_EmmaReyes_Ext_987625,6,22,48,4.6367,-74.1511
2026-09-12T11:01:13-05:00,PUR_IED_Ensueño_Ext_7f0250,PUR_IED_Ensueño_Ext_7f0250,,,,,
2026-09-12T11:01:13-05:00,PUR_IED_EscNormal_Ext_5fef3b,PUR_IED_EscNormal_Ext_5fef3b,2,21,54,4.5852,-74.096901
2026-09-12T11:01:13-05:00,PUR_IED_EscNormal_S309_5b263,PUR_IED_EscNormal_S309_5b263,,,,,
2026-09-12T11:01:13-05:00,PUR_IED_EscNormal_S310_27b3b8,PUR_IED_EscNormal_S310_27b3b8,,,,,
2026-09-12T11:01:13-05:00,PUR_IED_Evangelista_Conta_f6cd4f,PUR_IED_Evangelista_Conta_f6cd4f,,,,,
2026-09-12T11:01:13-05:00,PUR_IED_Evangelista_Cri_5e16a,PUR_IED_Evangelista_Cri_5e16a,,,,,
2026-09-12T11:01:13-05:00,PUR_IED_Evangelista_Exter_754066,PUR_IED_Evangelista_Exter_754066,,,,,
2026-09-12T11:01:13-05:00,PUR_IED_FMiranda_S209_5cc2a3,PUR_IED_FMiranda_S209_5cc2a3,,,,,
2026-09-12T11:01:13-05:00,PUR_IED_FMiranda_S303_19e344,PUR_IED_FMiranda_S303_19e344,,,,,
2026-09-12T11:01:13-05:00,PUR_IED_FMiranda_ext_f53e7c,PUR_IED_FMiranda_ext_f53e7c,,,,,
2026-09-12T11:01:13-05:00,PUR_IED_FabioLozano_Bibli_1cee05,PUR_IED_FabioLozano_Bibli_1cee05,,,,,
2026-09-12T11:01:13-05:00,PUR_IED_FabioLozano_Ext_6ea285,PUR_IED_FabioLozano_Ext_6ea285,,,,,
2026-09-12T11:01:13-05:00,PUR_IED_FabioLozano_SLudi_f09e1e,PUR_IED_FabioLozano_SLudi_f09e1e,,,,,
2026-09-12T11:01:13-05:00,PUR_IED_FaustinoS_Aula07_27a731,PUR_IED_FaustinoS_Aula07_27a731,,,,,
2026-09-12T11:01:13-05:00,PUR_IED_FaustinoS_Ext_7b936f,PUR_IED_FaustinoS_Ext_7b936f,,,,,
2026-09-12T11:01:13-05:00,PUR_IED_FaustinoS_Fisica_da2c60,PUR_IED_FaustinoS_Fisica_da2c60,,,,,
2026-09-12T11:01:13-05:00,PUR_IED_FeGarciaLo_Ext_dc68ee,PUR_IED_FeGarciaLo_Ext_dc68ee,,,,,
2026-09-12T11:01:13-05:00,PUR_IED_FeGarciaLo_SDanza_f70a59,PUR_IED_FeGarciaLo_SDanza_f70a59,,,,,
2026-09-12T11:01:13-05:00,PUR_IED_FeGarciaLo_SMusic_125cdd,PUR_IED_FeGarciaLo_SMusic_125cdd,,,,,
2026-09-12T11:01:13-05:00,PUR_IED_FederalAlema_Exte_50c345,PUR_IED_FederalAlema_Exte_50c345,,,,,
2026-09-12T11:01:13-05:00,PUR_IED_FederalAlema_S31_f18371,PUR_IED_FederalAlema_S31_f18371,,,,,
2026-09-12T11:01:13-05:00,PUR_IED_FederalAlema_S901_a62cd,PUR_IED_FederalAlema_S901_a62cd,,,,,
2026-09-12T11:01:13-05:00,PUR_IED_FilarmonicaS_A5_f35eb1,PUR_IED_FilarmonicaS_A5_f35eb1,,,,,
2026-09-12T11:01:13-05:00,PUR_IED_FilarmonicaS_Ext_8a3bde,PUR_IED_FilarmonicaS_Ext_8a3bde,,,,,
2026-09-12T11:01:13-05:00,PUR_IED_FilarmonicaS_Spol_406114,PUR_IED_FilarmonicaS_Spol_406114,,,,,
2026-09-12T11:01:13-05:00,PUR_IED_FlorentinoG_A13_d1fa59,PUR_IED_FlorentinoG_A13_d1fa59,,,,,
2026-09-12T11:01:13-05:00,PUR_IED_FlorentinoG_Ext_1ce6ce,PUR_IED_FlorentinoG_Ext_1ce6ce,,,,,
2026-09-12T11:01:13-05:00,PUR_IED_FlorentinoG_Idiom_a66aac,PUR_IED_FlorentinoG_Idiom_a66aac,,,,,
2026-09-12T11:01:13-05:00,PUR_IED_FranciscoMati_Ext_e3869d,PUR_IED_FranciscoMati_Ext_e3869d,,,,,
2026-09-12T11:01:13-05:00,PUR_IED_FranciscoMati_S13_f31c67,PUR_IED_FranciscoMati_S13_f31c67,,,,,
2026-09-12T11:01:13-05:00,PUR_IED_FranciscoMati_S14_97dead,PUR_IED_FranciscoMati_S14_97dead,,,,,
2026-09-12T11:01:13-05:00,PUR_IED_FranciscoPS_Ext_7bfa9a,PUR_IED_FranciscoPS_Ext_7bfa9a,2,23,52,4.5899,-74.110397
2026-09-12T11:01:13-05:00,PUR_IED_FranciscoPS_Infor_fb8f4c,PUR_IED_FranciscoPS_Infor_fb8f4c,,,,,
2026-09-12T11:01:13-05:00,PUR_IED_FranciscoPS_Quimi_94d39c,PUR_IED_FranciscoPS_Quimi_94d39c,,,,,
2026-09-12T11:01:13-05:00,PUR_IED_FranciscoP_LabQ_d7e148,PUR_IED_FranciscoP_LabQ_d7e148,,,,,
2026-09-12T11:01:13-05:00,PUR_IED_FranciscoP_S28_cf9b30,PUR_IED_FranciscoP_S28_cf9b30,,,,,
2026-09-12T11:01:13-05:00,PUR_IED_FranciscoP_ext_e2313,PUR_IED_FranciscoP_ext_e2313,,,,,
2026-09-12T11:01:13-05:00,PUR_IED_FriederichN_Ext_8ac92a,PUR_IED_FriederichN_Ext_8ac92a,,,,,
2026-09-12T11:01:13-05:00,PUR_IED_FriederichN_S301_dd7e5a,PUR_IED_FriederichN_S301_dd7e5a,,,,,
2026-09-12T11:01:13-05:00,PUR_IED_FriederichN_S308_761f4f,PUR_IED_FriederichN_S308_761f4f,,,,,
2026-09-12T11:01:13-05:00,PUR_IED_GSantander_Aula10_533dd7,PUR_IED_GSantander_Aula10_533dd7,,,,,
2026-09-12T11:01:13-05:00,PUR_IED_GSantander_Aula12_fd4e4f,PUR_IED_GSantander_Aula12_fd4e4f,,,,,
2026-09-12T11:01:13-05:00,PUR_IED_GSantander_Aula310_533dd7,PUR_IED_GSantander_Aula310_533dd7,,,,,
2026-09-12T11:01:13-05:00,PUR_IED_GSantander_Aula312_fd4e4f,PUR_IED_GSantander_Aula312_fd4e4f,,,,,
2026-09-12T11:01:13-05:00,PUR_IED_GSantander_Ext_5f66b0,PUR_IED_GSantander_Ext_5f66b0,,,,,
2026-09-12T11:01:13-05:00,PUR_IED_GYomasa_Ext_f6bea5,PUR_IED_GYomasa_Ext_f6bea5,,,,,
2026-09-12T11:01:13-05:00,PUR_IED_GYomasa_LBiol_2c41aa,PUR_IED_GYomasa_LBiol_2c41aa,,,,,
2026-09-12T11:01:13-05:00,PUR_IED_GYomasa_LQuim_33c80,PUR_IED_GYomasa_LQuim_33c80,,,,,
2026-09-12T11:01:13-05:00,PUR_IED_GabBetMejia_Cienc_5a99c,PUR_IED_GabBetMejia_Cienc_5a99c,,,,,
2026-09-12T11:01:13-05:00,PUR_IED_GabBetMejia_Ext_9153d0,PUR_IED_GabBetMejia_Ext_9153d0,,,,,
2026-09-12T11:01:13-05:00,PUR_IED_GabBetMejia_Lab_f55347,PUR_IED_GabBetMejia_Lab_f55347,,,,,
2026-09-12T11:01:13-05:00,PUR_IED_GabBetanMejia_Ext_9153d0,PUR_IED_GabBetanMejia_Ext_9153d0,,,,,
2026-09-12T11:01:13-05:00,PUR_IED_Gaitana_Aula13_7aac11,PUR_IED_Gaitana_Aula13_7aac11,,,,,
2026-09-12T11:01:13-05:00,PUR_IED_Gaitana_Ext_5fcf4,PUR_IED_Gaitana_Ext_5fcf4,,,,,
2026-09-12T11:01:13-05:00,PUR_IED_Gaitana_LabFisica_644448,PUR_IED_Gaitana_LabFisica_644448,,,,,
2026-09-12T11:01:13-05:00,PUR_IED_GenSantander_Dise_8ac858,PUR_IED_GenSantander_Dise_8ac858,,,,,
2026-09-12T11:01:13-05:00,PUR_IED_GenSantander_Ext_8d5dfe,PUR_IED_GenSantander_Ext_8d5dfe,,,,,
2026-09-12T11:01:13-05:00,PUR_IED_GenSantander_Info_6c25b,PUR_IED_GenSantander_Info_6c25b,,,,,
2026-09-12T11:01:13-05:00,PUR_IED_GustavoMo_Exterio_75e63d,PUR_IED_GustavoMo_Exterio_75e63d,,,,,
2026-09-12T11:01:13-05:00,PUR_IED_GustavoMo_LabFisi_224d37,PUR_IED_GustavoMo_LabFisi_224d37,,,,,
2026-09-12T11:01:13-05:00,PUR_IED_GustavoMo_S208_3e6918,PUR_IED_GustavoMo_S208_3e6918,,,,,
2026-09-12T11:01:13-05:00,PUR_IED_GustavoR_A02_8cd4a8,PUR_IED_GustavoR_A02_8cd4a8,,,,,
2026-09-12T11:01:13-05:00,PUR_IED_GustavoR_B11_5b0ed,PUR_IED_GustavoR_B11_5b0ed,,,,,
2026-09-12T11:01:13-05:00,PUR_IED_GustavoR_Ext_7a0c90,PUR_IED_GustavoR_Ext_7a0c90,,,,,
2026-09-12T11:01:13-05:00,PUR_IED_HernandoDuran_Ext_8cd82b,PUR_IED_HernandoDuran_Ext_8cd82b,,,,,
2026-09-12T11:01:13-05:00,PUR_IED_HernandoDuran_S24_2772c6,PUR_IED_HernandoDuran_S24_2772c6,,,,,
2026-09-12T11:01:13-05:00,PUR_IED_HernandoDuran_S30_f2de41,PUR_IED_HernandoDuran_S30_f2de41,,,,,
2026-09-12T11:01:13-05:00,PUR_IED_HolguInUr_S1101_8cd732,PUR_IED_HolguInUr_S1101_8cd732,,,,,
2026-09-12T11:01:13-05:00,PUR_IED_HolguinUr_Exter_ddae6d,PUR_IED_HolguinUr_Exter_ddae6d,,,,,
2026-09-12T11:01:13-05:00,PUR_IED_HolguinUr_LabQuim_92b952,PUR_IED_HolguinUr_LabQuim_92b952,,,,,
2026-09-12T11:01:13-05:00,PUR_IED_Isabel-II_Ext_5245cc,PUR_IED_Isabel-II_Ext_5245cc,3,20,53,4.6336,-74.153
2026-09-12T11:01:13-05:00,PUR_IED_Isabel-II_S_idiom_1c29aa,PUR_IED_Isabel-II_S_idiom_1c29aa,,,,,
2026-09-12T11:01:13-05:00,PUR_IED_Isabel-II_S_infor_fd741,PUR_IED_Isabel-II_S_infor_fd741,,,,,
2026-09-12T11:01:13-05:00,PUR_IED_IsidroSur_Exterio_5b90ea,PUR_IED_IsidroSur_Exterio_5b90ea,,,,,
2026-09-12T11:01:13-05:00,PUR_IED_IsidroSur_LabTec_56697a,PUR_IED_IsidroSur_LabTec_56697a,,,,,
2026-09-12T11:01:13-05:00,PUR_IED_IsidroSur_Robotic_b7c38f,PUR_IED_IsidroSur_Robotic_b7c38f,,,,,
2026-09-12T11:01:13-05:00,PUR_IED_IsmaelPerd_Ext_7b6672,PUR_IED_IsmaelPerd_Ext_7b6672,,,,,
2026-09-12T11:01:13-05:00,PUR_IED_IsmaelPerd_Inform_306540,PUR_IED_IsmaelPerd_Inform_306540,,,,,
2026-09-12T11:01:13-05:00,PUR_IED_IsmaelPerd_S30_2e2c83,PUR_IED_IsmaelPerd_S30_2e2c83,,,,,
2026-09-12T11:01:13-05:00,PUR_IED_JLozano_Exter_432910,PUR_IED_JLozano_Exter_432910,,,,,
2026-09-12T11:01:13-05:00,PUR_IED_JLozano_salaMulti_df5125,PUR_IED_JLozano_salaMulti_df5125,,,,,
2026-09-12T11:01:13-05:00,PUR_IED_JMCordoba_206_86f80b,PUR_IED_JMCordoba_206_86f80b,,,,,
2026-09-12T11:01:13-05:00,PUR_IED_JMCordoba_Ext_27ad97,PUR_IED_JMCordoba_Ext_27ad97,,,,,
2026-09-12T11:01:13-05:00,PUR_IED_JMCordoba_S310_d59ab4,PUR_IED_JMCordoba_S310_d59ab4,,,,,
2026-09-12T11:01:13-05:00,PUR_IED_Japon_Ext_549100,PUR_IED_Japon_Ext_549100,,,,,
2026-09-12T11:01:13-05:00,PUR_IED_Japon_Laboratorio_bec51d,PUR_IED_Japon_Laboratorio_bec51d,,,,,
2026-09-12T11:01:13-05:00,PUR_IED_Japon_informatica_d99327,PUR_IED_Japon_informatica_d99327,,,,,
2026-09-12T11:01:13-05:00,PUR_IED_Jazmin_Ext_d27bda,PUR_IED_Jazmin_Ext_d27bda,,,,,
2026-09-12T11:01:13-05:00,PUR_IED_Jazmin_Fisica_8d14d7,PUR_IED_Jazmin_Fisica_8d14d7,,,,,
2026-09-12T11:01:13-05:00,PUR_IED_Jazmin_Quimica_801cb5,PUR_IED_Jazmin_Quimica_801cb5,,,,,
2026-09-12T11:01:13-05:00,PUR_IED_JorgeGaitan_Exter_f098d1,PUR_IED_JorgeGaitan_Exter_f098d1,,,,,
2026-09-12T11:01:13-05:00,PUR_IED_JorgeGaitan_STec1_dc9d1d,PUR_IED_JorgeGaitan_STec1_dc9d1d,,,,,
2026-09-12T11:01:13-05:00,PUR_IED_JorgeGaitan_STec2_281e69,PUR_IED_JorgeGaitan_STec2_281e69,,,,,
2026-09-12T11:01:13-05:00,PUR_IED_JorgeSoto_Exterio_d9d0a2,PUR_IED_JorgeSoto_Exterio_d9d0a2,,,,,
2026-09-12T11:01:13-05:00,PUR_IED_JorgeSoto_LabFisi_209c54,PUR_IED_JorgeSoto_LabFisi_209c54,,,,,
2026-09-12T11:01:13-05:00,PUR_IED_JorgeSoto_S103_27b51a,PUR_IED_JorgeSoto_S103_27b51a,,,,,
2026-09-12T11:01:13-05:00,PUR_IED_JoseAcevedo_A02_e965eb,PUR_IED_JoseAcevedo_A02_e965eb,,,,,
2026-09-12T11:01:13-05:00,PUR_IED_JoseAcevedo_A07_dd5b4,PUR_IED_JoseAcevedo_A07_dd5b4,,,,,
2026-09-12T11:01:13-05:00,PUR_IED_JoseAcevedo_Ext_b47484,PUR_IED_JoseAcevedo_Ext_b47484,,,,,
2026-09-12T11:01:13-05:00,PUR_IED_JoseMarti_Exte_5b9bf,PUR_IED_JoseMarti_Exte_5b9bf,,,,,
2026-09-12T11:01:13-05:00,PUR_IED_JoseMarti_LabQuim_1c6c2d,PUR_IED_JoseMarti_LabQuim_1c6c2d,,,,,
2026-09-12T11:01:13-05:00,PUR_IED_JoseMarti_S_info_f5f177,PUR_IED_JoseMarti_S_info_f5f177,,,,,
2026-09-12T11:01:13-05:00,PUR_IED_Josejoaquin_Ext_dfc5dc,PUR_IED_Josejoaquin_Ext_dfc5dc,,,,,
2026-09-12T11:01:13-05:00,PUR_IED_Josejoaquin_S05_5b2a96,PUR_IED_Josejoaquin_S05_5b2a96,,,,,
2026-09-12T11:01:13-05:00,PUR_IED_Josejoaquin_S06_1ce7d2,PUR_IED_Josejoaquin_S06_1ce7d2,,,,,
2026-09-12T11:01:13-05:00,PUR_IED_JulioFlorez_Danza_9b82dd,PUR_IED_JulioFlorez_Danza_9b82dd,,,,,
2026-09-12T11:01:13-05:00,PUR_IED_JulioFlorez_Exter_f9f314,PUR_IED_JulioFlorez_Exter_f9f314,,,,,
2026-09-12T11:01:13-05:00,PUR_IED_JulioFlorez_info2_6b6e08,PUR_IED_JulioFlorez_info2_6b6e08,,,,,
2026-09-12T11:01:13-05:00,PUR_IED_LaBelleza_Aula13_1d00d8,PUR_IED_LaBelleza_Aula13_1d00d8,,,,,
2026-09-12T11:01:13-05:00,PUR_IED_LaBelleza_Ext_7bc08c,PUR_IED_LaBelleza_Ext_7bc08c,,,,,
2026-09-12T11:01:13-05:00,PUR_IED_LaChucua_Ext_8cd6d2,PUR_IED_LaChucua_Ext_8cd6d2,,,,,
2026-09-12T11:01:13-05:00,PUR_IED_LaChucua_S15_f578ce,PUR_IED_LaChucua_S15_f578ce,,,,,
2026-09-12T11:01:13-05:00,PUR_IED_LaChucua_S16_eebcf9,PUR_IED_LaChucua_S16_eebcf9,,,,,
2026-09-12T11:01:13-05:00,PUR_IED_LaFelicidad_Ext_fb5109,PUR_IED_LaFelicidad_Ext_fb5109,,,,,
2026-09-12T11:01:13-05:00,PUR_IED_LaMerced_206_66ebd,PUR_IED_LaMerced_206_66ebd,,,,,
2026-09-12T11:01:13-05:00,PUR_IED_LaMerced_207_6ebd6,PUR_IED_LaMerced_207_6ebd6,,,,,
2026-09-12T11:01:13-05:00,PUR_IED_LaMerced_ext_304311,PUR_IED_LaMerced_ext_304311,,,,,
2026-09-12T11:01:13-05:00,PUR_IED_Laureano_CiencNat_281e5e,PUR_IED_Laureano_CiencNat_281e5e,,,,,
2026-09-12T11:01:13-05:00,PUR_IED_Laureano_Comedor_f65c0a,PUR_IED_Laureano_Comedor_f65c0a,,,,,
2026-09-12T11:01:13-05:00,PUR_IED_Laureano_Exterior_7ab011,PUR_IED_Laureano_Exterior_7ab011,,,,,
2026-09-12T11:01:13-05:00,PUR_IED_LeonGreiff_Exte_dfe560,PUR_IED_LeonGreiff_Exte_dfe560,,,,,
2026-09-12T11:01:13-05:00,PUR_IED_LeonGreiff_S210_f264ed,PUR_IED_LeonGreiff_S210_f264ed,,,,,
2026-09-12T11:01:13-05:00,PUR_IED_LeonGreiff_SQuimi_e8296f,PUR_IED_LeonGreiff_SQuimi_e8296f,,,,,
2026-09-12T11:01:13-05:00,PUR_IED_LlanoOrientalS208_7b9fcd,PUR_IED_LlanoOrientalS208_7b9fcd,,,,,
2026-09-12T11:01:13-05:00,PUR_IED_LlanoOriental_Ext_fb3766,PUR_IED_LlanoOriental_Ext_fb3766,,,,,
2026-09-12T11:01:13-05:00,PUR_IED_LlanoOriental_S208_7b9fcd,PUR_IED_LlanoOriental_S208_7b9fcd,,,,,
2026-09-12T11:01:13-05:00,PUR_IED_LlanoOriental_S9_27b378,PUR_IED_LlanoOriental_S9_27b378,,,,,
2026-09-12T11:01:13-05:00,PUR_IED_LosTejares_1101_477602,PUR_IED_LosTejares_1101_477602,,,,,
2026-09-12T11:01:13-05:00,PUR_IED_LosTejares_11_d2c595,PUR_IED_LosTejares_11_d2c595,,,,,
2026-09-12T11:01:13-05:00,PUR_IED_LosTejares_12_477602,PUR_IED_LosTejares_12_477602,,,,,
2026-09-12T11:01:13-05:00,PUR_IED_LosTejares_Ext_8e2115,PUR_IED_LosTejares_Ext_8e2115,,,,,
2026-09-12T11:01:13-05:00,PUR_IED_MagdalenaO_B202_5ddda3,PUR_IED_MagdalenaO_B202_5ddda3,,,,,
2026-09-12T11:01:13-05:00,PUR_IED_MagdalenaO_B205_fb76e8,PUR_IED_MagdalenaO_B205_fb76e8,,,,,
2026-09-12T11:01:13-05:00,PUR_IED_MagdalenaO_ext_dc69cd,PUR_IED_MagdalenaO_ext_dc69cd,,,,,
2026-09-12T11:01:13-05:00,PUR_IED_ManueCepeda_artes_eee956,PUR_IED_ManueCepeda_artes_eee956,,,,,
2026-09-12T11:01:13-05:00,PUR_IED_ManuelCepeda_Ext_58313,PUR_IED_ManuelCepeda_Ext_58313,,,,,
2026-09-12T11:01:13-05:00,PUR_IED_ManuelCepeda_tec_1c5731,PUR_IED_ManuelCepeda_tec_1c5731,,,,,
2026-09-12T11:01:13-05:00,PUR_IED_ManuelS_Exterior_5b269,PUR_IED_ManuelS_Exterior_5b269,,,,,
2026-09-12T11:01:13-05:00,PUR_IED_ManuelS_Inform_f369ce,PUR_IED_ManuelS_Inform_f369ce,,,,,
2026-09-12T11:01:13-05:00,PUR_IED_ManuelS_SArtes_7d15f1,PUR_IED_ManuelS_SArtes_7d15f1,,,,,
2026-09-12T11:01:13-05:00,PUR_IED_ManuelZapata_303_3ca6,PUR_IED_ManuelZapata_303_3ca6,,,,,
2026-09-12T11:01:13-05:00,PUR_IED_ManuelZapata_311_bfbabc,PUR_IED_ManuelZapata_311_bfbabc,,,,,
2026-09-12T11:01:13-05:00,PUR_IED_ManuelZapata_Ext_50824a,PUR_IED_ManuelZapata_Ext_50824a,,,,,
2026-09-12T11:01:13-05:00,PUR_IED_ManuelitaS_Exteri_656a92,PUR_IED_ManuelitaS_Exteri_656a92,,,,,
2026-09-12T11:01:13-05:00,PUR_IED_ManuelitaS_JuzgDe_f58ec3,PUR_IED_ManuelitaS_JuzgDe_f58ec3,,,,,
2026-09-12T11:01:13-05:00,PUR_IED_ManuelitaS_Recrea_d793db,PUR_IED_ManuelitaS_Recrea_d793db,,,,,
2026-09-12T11:01:13-05:00,PUR_IED_MarFidSuarez_Ext_c27b19,PUR_IED_MarFidSuarez_Ext_c27b19,,,,,
2026-09-12T11:01:13-05:00,PUR_IED_MarFidSuarez_Info_e384d7,PUR_IED_MarFidSuarez_Info_e384d7,,,,,
2026-09-12T11:01:13-05:00,PUR_IED_MarFidSuarez_S306_1d0032,PUR_IED_MarFidSuarez_S306_1d0032,,,,,
2026-09-12T11:01:13-05:00,PUR_IED_Menorah_301_2a25a3,PUR_IED_Menorah_301_2a25a3,,,,,
2026-09-12T11:01:13-05:00,PUR_IED_Menorah_306_37ed3,PUR_IED_Menorah_306_37ed3,,,,,
2026-09-12T11:01:13-05:00,PUR_IED_Menorah_Ext_3e155b,PUR_IED_Menorah_Ext_3e155b,,,,,
2026-09-12T11:01:13-05:00,PUR_IED_MinutoB.Aires_A11_1b1604,PUR_IED_MinutoB.Aires_A11_1b1604,,,,,
2026-09-12T11:01:13-05:00,PUR_IED_MinutoB.Aires_A12_fb5860,PUR_IED_MinutoB.Aires_A12_fb5860,,,,,
2026-09-12T11:01:13-05:00,PUR_IED_MinutoB.Aires_Ext_81293f,PUR_IED_MinutoB.Aires_Ext_81293f,,,,,
2026-09-12T11:01:13-05:00,PUR_IED_MinutoBAires_A11_1b1604,PUR_IED_MinutoBAires_A11_1b1604,,,,,
2026-09-12T11:01:13-05:00,PUR_IED_MinutoBAires_A12_fb5860,PUR_IED_MinutoBAires_A12_fb5860,,,,,
2026-09-12T11:01:13-05:00,PUR_IED_MinutoBAires_Ext_81293f,PUR_IED_MinutoBAires_Ext_81293f,,,,,
2026-09-12T11:01:13-05:00,PUR_IED_Montreal_Aula10_1e4959,PUR_IED_Montreal_Aula10_1e4959,,,,,
2026-09-12T11:01:13-05:00,PUR_IED_Montreal_Aula6_300367,PUR_IED_Montreal_Aula6_300367,,,,,
2026-09-12T11:01:13-05:00,PUR_IED_Montreal_Exterior_91a179,PUR_IED_Montreal_Exterior_91a179,,,,,
2026-09-12T11:01:13-05:00,PUR_IED_Mqgdalena_B202_5ddda3,PUR_IED_Mqgdalena_B202_5ddda3,,,,,
2026-09-12T11:01:13-05:00,PUR_IED_NACUND_Soc_dc8728,PUR_IED_NACUND_Soc_dc8728,,,,,
2026-09-12T11:01:13-05:00,PUR_IED_NACUND_ext_27ad97,PUR_IED_NACUND_ext_27ad97,,,,,
2026-09-12T11:01:13-05:00,PUR_IED_NEsperanza_Ext_d24b61,PUR_IED_NEsperanza_Ext_d24b61,,,,,
2026-09-12T11:01:13-05:00,PUR_IED_NEsperanza_SElect_7d1807,PUR_IED_NEsperanza_SElect_7d1807,,,,,
2026-09-12T11:01:13-05:00,PUR_IED_NEsperanza_SLabor_8b2d0a,PUR_IED_NEsperanza_SLabor_8b2d0a,,,,,
2026-09-12T11:01:13-05:00,PUR_IED_NacionesU_Ext_f661a9,PUR_IED_NacionesU_Ext_f661a9,,,,,
2026-09-12T11:01:13-05:00,PUR_IED_NacionesU_Quimica_66f0a,PUR_IED_NacionesU_Quimica_66f0a,,,,,
2026-09-12T11:01:13-05:00,PUR_IED_NacionesU_S306_1b4b3d,PUR_IED_NacionesU_S306_1b4b3d,,,,,
2026-09-12T11:01:13-05:00,PUR_IED_NestorFA_Ext_e4201c,PUR_IED_NestorFA_Ext_e4201c,,,,,
2026-09-12T11:01:13-05:00,PUR_IED_NestorFA_Laborato_f22fe0,PUR_IED_NestorFA_Laborato_f22fe0,,,,,
2026-09-12T11:01:13-05:00,PUR_IED_NestorFA_S204_dee996,PUR_IED_NestorFA_S204_dee996,,,,,
2026-09-12T11:01:13-05:00,PUR_IED_NidyaQT_Aula03_76999b,PUR_IED_NidyaQT_Aula03_76999b,,,,,
2026-09-12T11:01:13-05:00,PUR_IED_NidyaQT_Aula10_56325,PUR_IED_NidyaQT_Aula10_56325,,,,,
2026-09-12T11:01:13-05:00,PUR_IED_NidyaQT_Ext_46e32d,PUR_IED_NidyaQT_Ext_46e32d,,,,,
2026-09-12T11:01:13-05:00,PUR_IED_NuevaCol_Exterior_d9b859,PUR_IED_NuevaCol_Exterior_d9b859,,,,,
2026-09-12T11:01:13-05:00,PUR_IED_NuevaCol_S1101_76c43b,PUR_IED_NuevaCol_S1101_76c43b,,,,,
2026-09-12T11:01:13-05:00,PUR_IED_NuevaCol_S1102_1ce0b5,PUR_IED_NuevaCol_S1102_1ce0b5,,,,,
2026-09-12T11:01:13-05:00,PUR_IED_OEA_A202_f7e3f2,PUR_IED_OEA_A202_f7e3f2,,,,,
2026-09-12T11:01:13-05:00,PUR_IED_OEA_A203_7d1b8d,PUR_IED_OEA_A203_7d1b8d,,,,,
2026-09-12T11:01:13-05:00,PUR_IED_OEA_Ext_27b593,PUR_IED_OEA_Ext_27b593,,,,,
2026-09-12T11:01:13-05:00,PUR_IED_Ochoa_Ext_1c29da,PUR_IED_Ochoa_Ext_1c29da,,,,,
2026-09-12T11:01:13-05:00,PUR_IED_Ochoa_S205_8b1121,PUR_IED_Ochoa_S205_8b1121,,,,,
2026-09-12T11:01:13-05:00,PUR_IED_Ochoa_Sistemas_f33af6,PUR_IED_Ochoa_Sistemas_f33af6,,,,,
2026-09-12T11:01:13-05:00,PUR_IED_PQuebec_Ext_1c67c7,PUR_IED_PQuebec_Ext_1c67c7,,,,,
2026-09-12T11:01:13-05:00,PUR_IED_PQuebec_S15_23e8e2,PUR_IED_PQuebec_S15_23e8e2,,,,,
2026-09-12T11:01:13-05:00,PUR_IED_PQuebec_S16_8ec76b,PUR_IED_PQuebec_S16_8ec76b,,,,,
2026-09-12T11:01:13-05:00,PUR_IED_PabloN_Ext_49dc96,PUR_IED_PabloN_Ext_49dc96,,,,,
2026-09-12T11:01:13-05:00,PUR_IED_PabloN_S1102_4e3df5,PUR_IED_PabloN_S1102_4e3df5,,,,,
2026-09-12T11:01:13-05:00,PUR_IED_PabloN_S1103_50c94b,PUR_IED_PabloN_S1103_50c94b,,,,,
2026-09-12T11:01:13-05:00,PUR_IED_Palestina_S1101_db9198,PUR_IED_Palestina_S1101_db9198,,,,,
2026-09-12T11:01:13-05:00,PUR_IED_Palestina_S1102_dc54fa,PUR_IED_Palestina_S1102_dc54fa,,,,,
2026-09-12T11:01:13-05:00,PUR_IED_Palestina_ext_4ccce6,PUR_IED_Palestina_ext_4ccce6,,,,,
2026-09-12T11:01:13-05:00,PUR_IED_Panama_Fisica_4d0794,PUR_IED_Panama_Fisica_4d0794,,,,,
2026-09-12T11:01:13-05:00,PUR_IED_Panama_SIngles_a4077e,PUR_IED_Panama_SIngles_a4077e,,,,,
2026-09-12T11:01:13-05:00,PUR_IED_Panama_ext_4c54b4,PUR_IED_Panama_ext_4c54b4,,,,,
2026-09-12T11:01:13-05:00,PUR_IED_ParaisoM_Exterior_8cd7f0,PUR_IED_ParaisoM_Exterior_8cd7f0,,,,,
2026-09-12T11:01:13-05:00,PUR_IED_ParaisoM_Laborato_27af35,PUR_IED_ParaisoM_Laborato_27af35,,,,,
2026-09-12T11:01:13-05:00,PUR_IED_ParaisoM_S304_d1edca,PUR_IED_ParaisoM_S304_d1edca,,,,,
2026-09-12T11:01:13-05:00,PUR_IED_PorfirioBarba_Ext_301466,PUR_IED_PorfirioBarba_Ext_301466,,,,,
2026-09-12T11:01:13-05:00,PUR_IED_PorfirioBarba_S11_df6cd2,PUR_IED_PorfirioBarba_S11_df6cd2,,,,,
2026-09-12T11:01:13-05:00,PUR_IED_PorfirioBarba_S29_27a7d6,PUR_IED_PorfirioBarba_S29_27a7d6,,,,,
2026-09-12T11:01:13-05:00,PUR_IED_PradoV_Exter_8b27ad,PUR_IED_PradoV_Exter_8b27ad,,,,,
2026-09-12T11:01:13-05:00,PUR_IED_PradoV_S301_de65b5,PUR_IED_PradoV_S301_de65b5,,,,,
2026-09-12T11:01:13-05:00,PUR_IED_PradoV_S302_7d2593,PUR_IED_PradoV_S302_7d2593,,,,,
2026-09-12T11:01:13-05:00,PUR_IED_QuirogaAlz_Ext_1ddc82,PUR_IED_QuirogaAlz_Ext_1ddc82,,,,,
2026-09-12T11:01:13-05:00,PUR_IED_QuirogaAlz_S302_9926a3,PUR_IED_QuirogaAlz_S302_9926a3,,,,,
2026-09-12T11:01:13-05:00,PUR_IED_QuirogaAlz_S305_cdf1f1,PUR_IED_QuirogaAlz_S305_cdf1f1,,,,,
2026-09-12T11:01:13-05:00,PUR_IED_RGuatemala_Biling_dc53b7,PUR_IED_RGuatemala_Biling_dc53b7,,,,,
2026-09-12T11:01:13-05:00,PUR_IED_RGuatemala_Ext_1b89a3,PUR_IED_RGuatemala_Ext_1b89a3,,,,,
2026-09-12T11:01:13-05:00,PUR_IED_RGuatemala_Tecnol_281a34,PUR_IED_RGuatemala_Tecnol_281a34,,,,,
2026-09-12T11:01:13-05:00,PUR_IED_RafaNu_Ext_f7c302,PUR_IED_RafaNu_Ext_f7c302,,,,,
2026-09-12T11:01:13-05:00,PUR_IED_RafaNu_S1101_25fde,PUR_IED_RafaNu_S1101_25fde,,,,,
2026-09-12T11:01:13-05:00,PUR_IED_RafaNu_S1102_281517,PUR_IED_RafaNu_S1102_281517,,,,,
2026-09-12T11:01:13-05:00,PUR_IED_RafaelB_S305_ee2783,PUR_IED_RafaelB_S305_ee2783,,,,,
2026-09-12T11:01:13-05:00,PUR_IED_RafaelB_S306_75fe33,PUR_IED_RafaelB_S306_75fe33,,,,,
2026-09-12T11:01:13-05:00,PUR_IED_RafaelB_ext_283336,PUR_IED_RafaelB_ext_283336,2,20,56,4.6722,-74.0737
2026-09-12T11:01:13-05:00,PUR_IED_RafaelUU_Exterior_281a51,PUR_IED_RafaelUU_Exterior_281a51,,,,,
2026-09-12T11:01:13-05:00,PUR_IED_RafaelUU_Human_806b2,PUR_IED_RafaelUU_Human_806b2,,,,,
2026-09-12T11:01:13-05:00,PUR_IED_RafaelUU_Mate2_5680d4,PUR_IED_RafaelUU_Mate2_5680d4,,,,,
2026-09-12T11:01:13-05:00,PUR_IED_RamonSub_Ext_f9eeb9,PUR_IED_RamonSub_Ext_f9eeb9,,,,,
2026-09-12T11:01:13-05:00,PUR_IED_RamonSub_Media_d1f62f,PUR_IED_RamonSub_Media_d1f62f,,,,,
2026-09-12T11:01:13-05:00,PUR_IED_RamonSub_planta_51b82,PUR_IED_RamonSub_planta_51b82,,,,,
2026-09-12T11:01:13-05:00,PUR_IED_RepBoliVene_Exter_27af7c,PUR_IED_RepBoliVene_Exter_27af7c,,,,,
2026-09-12T11:01:13-05:00,PUR_IED_RepBoliVene_SCPT_5ae2ee,PUR_IED_RepBoliVene_SCPT_5ae2ee,,,,,
2026-09-12T11:01:13-05:00,PUR_IED_RepBoliVene_Socia_4b11d5,PUR_IED_RepBoliVene_Socia_4b11d5,,,,,
2026-09-12T11:01:13-05:00,PUR_IED_RepChina_Ext_76d9ee,PUR_IED_RepChina_Ext_76d9ee,,,,,
2026-09-12T11:01:13-05:00,PUR_IED_RepChina_S404_7c804c,PUR_IED_RepChina_S404_7c804c,,,,,
2026-09-12T11:01:13-05:00,PUR_IED_RepChina_S405_df2c33,PUR_IED_RepChina_S405_df2c33,,,,,
2026-09-12T11:01:13-05:00,PUR_IED_RepublicaC_Exteri_7d1ec9,PUR_IED_RepublicaC_Exteri_7d1ec9,,,,,
2026-09-12T11:01:13-05:00,PUR_IED_RepublicaC_S1101_f544b3,PUR_IED_RepublicaC_S1101_f544b3,,,,,
2026-09-12T11:01:13-05:00,PUR_IED_RepublicaC_S1102_7aafc7,PUR_IED_RepublicaC_S1102_7aafc7,,,,,
2026-09-12T11:01:13-05:00,PUR_IED_Ricaurte_Externo_a0ea1,PUR_IED_Ricaurte_Externo_a0ea1,,,,,
2026-09-12T11:01:13-05:00,PUR_IED_Ricaurte_S210_f546fd,PUR_IED_Ricaurte_S210_f546fd,,,,,
2026-09-12T11:01:13-05:00,PUR_IED_Ricaurte_S309_d4452,PUR_IED_Ricaurte_S309_d4452,,,,,
2026-09-12T11:01:13-05:00,PUR_IED_RogelioS_1102_531e69,PUR_IED_RogelioS_1102_531e69,,,,,
2026-09-12T11:01:13-05:00,PUR_IED_RogelioS_Ext_f25a18,PUR_IED_RogelioS_Ext_f25a18,,,,,
2026-09-12T11:01:13-05:00,PUR_IED_SBernardino_Ext_27aff8,PUR_IED_SBernardino_Ext_27aff8,,,,,
2026-09-12T11:01:13-05:00,PUR_IED_SBernardino_SArte_2ffd33,PUR_IED_SBernardino_SArte_2ffd33,,,,,
2026-09-12T11:01:13-05:00,PUR_IED_SBernardino_SIngl_7c7da5,PUR_IED_SBernardino_SIngl_7c7da5,,,,,
2026-09-12T11:01:13-05:00,PUR_IED_Sago_auditorio_dc9d1d,PUR_IED_Sago_auditorio_dc9d1d,,,,,
2026-09-12T11:01:13-05:00,PUR_IED_Saludcoop_Ext_95aac3,PUR_IED_Saludcoop_Ext_95aac3,,,,,
2026-09-12T11:01:13-05:00,PUR_IED_Saludcoop_InfI_90c854,PUR_IED_Saludcoop_InfI_90c854,,,,,
2026-09-12T11:01:13-05:00,PUR_IED_Saludcoop_SMedia_1b93be,PUR_IED_Saludcoop_SMedia_1b93be,,,,,
2026-09-12T11:01:13-05:00,PUR_IED_SanCarlos_1101_1a2360,PUR_IED_SanCarlos_1101_1a2360,,,,,
2026-09-12T11:01:13-05:00,PUR_IED_SanCarlos_1103_7bafb5,PUR_IED_SanCarlos_1103_7bafb5,,,,,
2026-09-12T11:01:13-05:00,PUR_IED_SanCarlos_Ext_b7cd1,PUR_IED_SanCarlos_Ext_b7cd1,,,,,
2026-09-12T11:01:13-05:00,PUR_IED_SanIgnacioBosa11a_50c26e,PUR_IED_SanIgnacioBosa11a_50c26e,,,,,
2026-09-12T11:01:13-05:00,PUR_IED_SanIgnacioBosa11b_371de8,PUR_IED_SanIgnacioBosa11b_371de8,,,,,
2026-09-12T11:01:13-05:00,PUR_IED_SanIgnacioBosaExt_ef0ffc,PUR_IED_SanIgnacioBosaExt_ef0ffc,,,,,
2026-09-12T11:01:13-05:00,PUR_IED_SanIgnacioBosa_11a_50c26e,PUR_IED_SanIgnacioBosa_11a_50c26e,,,,,
2026-09-12T11:01:13-05:00,PUR_IED_SanIgnacioBosa_Ext_ef0ffc,PUR_IED_SanIgnacioBosa_Ext_ef0ffc,,,,,
2026-09-12T11:01:13-05:00,PUR_IED_SanJoseN_intS1101_31c47f,PUR_IED_SanJoseN_intS1101_31c47f,,,,,
2026-09-12T11:01:13-05:00,PUR_IED_SanJoseUsm_Exter_f5d7e8,PUR_IED_SanJoseUsm_Exter_f5d7e8,,,,,
2026-09-12T11:01:13-05:00,PUR_IED_SanJoseUsm_Int11A_cfdef6,PUR_IED_SanJoseUsm_Int11A_cfdef6,,,,,
2026-09-12T11:01:13-05:00,PUR_IED_SilveriaR_IntB5_905349,PUR_IED_SilveriaR_IntB5_905349,,,,,
2026-09-12T11:01:13-05:00,PUR_IED_SilveriaR_IntSD14_981f93,PUR_IED_SilveriaR_IntSD14_981f93,,,,,
2026-09-12T11:01:13-05:00,PUR_IED_SilveriaR_ext_2b651d,PUR_IED_SilveriaR_ext_2b651d,,,,,
2026-09-12T11:01:13-05:00,PUR_IED_SimonB_Exterior_913975,PUR_IED_SimonB_Exterior_913975,,,,,
2026-09-12T11:01:13-05:00,PUR_IED_SimonB_LabQuimi_c56908,PUR_IED_SimonB_LabQuimi_c56908,,,,,
2026-09-12T11:01:13-05:00,PUR_IED_SimonB_informatic_a28c1,PUR_IED_SimonB_informatic_a28c1,,,,,
2026-09-12T11:01:13-05:00,PUR_IED_Sorrento_1102_315f50,PUR_IED_Sorrento_1102_315f50,,,,,
2026-09-12T11:01:13-05:00,PUR_IED_Sorrento_Minte_214eab,PUR_IED_Sorrento_Minte_214eab,,,,,
2026-09-12T11:01:13-05:00,PUR_IED_Sorrento_ext_7c3a0a,PUR_IED_Sorrento_ext_7c3a0a,,,,,
2026-09-12T11:01:13-05:00,PUR_IED_Tabora_Ext_f048ae,PUR_IED_Tabora_Ext_f048ae,,,,,
2026-09-12T11:01:13-05:00,PUR_IED_Tabora_S1102_b07752,PUR_IED_Tabora_S1102_b07752,,,,,
2026-09-12T11:01:13-05:00,PUR_IED_Tabora_S1103_d988f5,PUR_IED_Tabora_S1103_d988f5,,,,,
2026-09-12T11:01:13-05:00,PUR_IED_Tenerife_Ext_1ab188,PUR_IED_Tenerife_Ext_1ab188,,,,,
2026-09-12T11:01:13-05:00,PUR_IED_Tenerife_SDanzas_7bc02e,PUR_IED_Tenerife_SDanzas_7bc02e,,,,,
2026-09-12T11:01:13-05:00,PUR_IED_Tenerife_SIngles_7cc277,PUR_IED_Tenerife_SIngles_7cc277,,,,,
2026-09-12T11:01:13-05:00,PUR_IED_Tibabuyes_Exter_f2683d,PUR_IED_Tibabuyes_Exter_f2683d,,,,,
2026-09-12T11:01:13-05:00,PUR_IED_Tibabuyes_S10_dc87a8,PUR_IED_Tibabuyes_S10_dc87a8,,,,,
2026-09-12T11:01:13-05:00,PUR_IED_Tibabuyes_S15_dc0526,PUR_IED_Tibabuyes_S15_dc0526,,,,,
2026-09-12T11:01:13-05:00,PUR_IED_UnionE_S301_a1043,PUR_IED_UnionE_S301_a1043,,,,,
2026-09-12T11:01:13-05:00,PUR_IED_UnionE_S307_ff6c2f,PUR_IED_UnionE_S307_ff6c2f,,,,,
2026-09-12T11:01:13-05:00,PUR_IED_UnionE__Ext_5e2468,PUR_IED_UnionE__Ext_5e2468,,,,,
2026-09-12T11:01:13-05:00,PUR_IED_VillaRica_Ext_75be7c,PUR_IED_VillaRica_Ext_75be7c,,,,,
2026-09-12T11:01:13-05:00,PUR_IED_VillaRica_S4_cc5dcd,PUR_IED_VillaRica_S4_cc5dcd,,,,,
2026-09-12T11:01:13-05:00,PUR_IED_VillaRica_Sesp_99f5c,PUR_IED_VillaRica_Sesp_99f5c,,,,,
2026-09-12T11:06:10-05:00,PUR_IED_20deJulio_1101_91b1b9,PUR_IED_20deJulio_1101_91b1b9,,,,,
2026-09-12T11:06:10-05:00,PUR_IED_20deJulio_1102_1cfcf9,PUR_IED_20deJulio_1102_1cfcf9,,,,,
2026-09-12T11:06:10-05:00,PUR_IED_20deJulio_Ext_ab60bd,PUR_IED_20deJulio_Ext_ab60bd,,,,,
2026-09-12T11:06:10-05:00,PUR_IED_AgustinFer_Ext_7b9b77,PUR_IED_AgustinFer_Ext_7b9b77,,,,,
2026-09-12T11:06:10-05:00,PUR_IED_AgustinFer_Info2_27b3a7,PUR_IED_AgustinFer_Info2_27b3a7,,,,,
2026-09-12T11:06:10-05:00,PUR_IED_AgustinFer_Sena_54b4eb,PUR_IED_AgustinFer_Sena_54b4eb,,,,,
2026-09-12T11:06:10-05:00,PUR_IED_AlexanderF_1102_caf07b,PUR_IED_AlexanderF_1102_caf07b,,,,,
2026-09-12T11:06:10-05:00,PUR_IED_AlexanderF_1103_c79e71,PUR_IED_AlexanderF_1103_c79e71,,,,,
2026-09-12T11:06:10-05:00,PUR_IED_AlexanderF_Ext_c5b18b,PUR_IED_AlexanderF_Ext_c5b18b,,,,,
2026-09-12T11:06:10-05:00,PUR_IED_AlfonsoLopez_Ext_281d77,PUR_IED_AlfonsoLopez_Ext_281d77,,,,,
2026-09-12T11:06:10-05:00,PUR_IED_AlfonsoLopez_LabF_888ce0,PUR_IED_AlfonsoLopez_LabF_888ce0,,,,,
2026-09-12T11:06:10-05:00,PUR_IED_AlfonsoLopez_SMed_df6a7f,PUR_IED_AlfonsoLopez_SMed_df6a7f,,,,,
2026-09-12T11:06:10-05:00,PUR_IED_AltamiraSO_A2_209f92,PUR_IED_AltamiraSO_A2_209f92,,,,,
2026-09-12T11:06:10-05:00,PUR_IED_AltamiraSO_Ext_186d66,PUR_IED_AltamiraSO_Ext_186d66,,,,,
2026-09-12T11:06:10-05:00,PUR_IED_AltamiraSO_Sistem_27afe1,PUR_IED_AltamiraSO_Sistem_27afe1,,,,,
2026-09-12T11:06:10-05:00,PUR_IED_AlvaroGom_LabQuim_813179,PUR_IED_AlvaroGom_LabQuim_813179,,,,,
2026-09-12T11:06:10-05:00,PUR_IED_AlvaroGomez_Ext_47c7ca,PUR_IED_AlvaroGomez_Ext_47c7ca,,,,,
2026-09-12T11:06:10-05:00,PUR_IED_AlvaroGomez_LabQuim_813179,PUR_IED_AlvaroGomez_LabQuim_813179,,,,,
2026-09-12T11:06:10-05:00,PUR_IED_AlvaroGomez_S23_7ba89f,PUR_IED_AlvaroGomez_S23_7ba89f,,,,,
2026-09-12T11:06:10-05:00,PUR_IED_Amistad_306_dc8728,PUR_IED_Amistad_306_dc8728,,,,,
2026-09-12T11:06:10-05:00,PUR_IED_Amistad_Ext_8cd55e,PUR_IED_Amistad_Ext_8cd55e,,,,,
2026-09-12T11:06:10-05:00,PUR_IED_Amistad_S202_a41169,PUR_IED_Amistad_S202_a41169,,,,,
2026-09-12T11:06:10-05:00,PUR_IED_AndresBello_Bio_fd5f5e,PUR_IED_AndresBello_Bio_fd5f5e,,,,,
2026-09-12T11:06:10-05:00,PUR_IED_AndresBello_ext_dcad65,PUR_IED_AndresBello_ext_dcad65,,,,,
2026-09-12T11:06:10-05:00,PUR_IED_AndresBello_port_eed3ec,PUR_IED_AndresBello_port_eed3ec,,,,,
2026-09-12T11:06:10-05:00,PUR_IED_AngelaR_11b_d90a6b,PUR_IED_AngelaR_11b_d90a6b,,,,,
2026-09-12T11:06:10-05:00,PUR_IED_AngelaR_ext_7cad3e,PUR_IED_AngelaR_ext_7cad3e,,,,,
2026-09-12T11:06:10-05:00,PUR_IED_AntJoseSucre_10mo_df2575,PUR_IED_AntJoseSucre_10mo_df2575,,,,,
2026-09-12T11:06:10-05:00,PUR_IED_AntJoseSucre_Ext_215b36,PUR_IED_AntJoseSucre_Ext_215b36,,,,,
2026-09-12T11:06:10-05:00,PUR_IED_AntJoseSucre_Lab_3139de,PUR_IED_AntJoseSucre_Lab_3139de,,,,,
2026-09-12T11:06:10-05:00,PUR_IED_AntonioGarcia_301_d6b188,PUR_IED_AntonioGarcia_301_d6b188,,,,,
2026-09-12T11:06:10-05:00,PUR_IED_AntonioGarcia_302_88a82,PUR_IED_AntonioGarcia_302_88a82,,,,,
2026-09-12T11:06:10-05:00,PUR_IED_AntonioGarcia_Ext_20950c,PUR_IED_AntonioGarcia_Ext_20950c,,,,,
2026-09-12T11:06:10-05:00,PUR_IED_AntonioVan_Aula2_6dea02,PUR_IED_AntonioVan_Aula2_6dea02,,,,,
2026-09-12T11:06:10-05:00,PUR_IED_AntonioVan_Aula5_f1557e,PUR_IED_AntonioVan_Aula5_f1557e,,,,,
2026-09-12T11:06:10-05:00,PUR_IED_AntonioVan_Ext_406f2f,PUR_IED_AntonioVan_Ext_406f2f,,,,,
2026-09-12T11:06:10-05:00,PUR_IED_Atabanzha_Ext_cc5af9,PUR_IED_Atabanzha_Ext_cc5af9,,,,,
2026-09-12T11:06:10-05:00,PUR_IED_Atabanzha_SA101_56c37,PUR_IED_Atabanzha_SA101_56c37,,,,,
2026-09-12T11:06:10-05:00,PUR_IED_Atabanzha_SB302_27b374,PUR_IED_Atabanzha_SB302_27b374,,,,,
2026-09-12T11:06:10-05:00,PUR_IED_Atahualpa_Ext_fc1748,PUR_IED_Atahualpa_Ext_fc1748,,,,,
2026-09-12T11:06:10-05:00,PUR_IED_Atahualpa_Informa_dc9a95,PUR_IED_Atahualpa_Informa_dc9a95,,,,,
2026-09-12T11:06:10-05:00,PUR_IED_Atahualpa_S1101_f98056,PUR_IED_Atahualpa_S1101_f98056,,,,,
2026-09-12T11:06:10-05:00,PUR_IED_Bellavista_Ext_f5aa74,PUR_IED_Bellavista_Ext_f5aa74,,,,,
2026-09-12T11:06:10-05:00,PUR_IED_Bilbao_11A_916c41,PUR_IED_Bilbao_11A_916c41,,,,,
2026-09-12T11:06:10-05:00,PUR_IED_Bilbao_Ext_fb579a,PUR_IED_Bilbao_Ext_fb579a,,,,,
2026-09-12T11:06:10-05:00,PUR_IED_BrasiliaU_A125_304280,PUR_IED_BrasiliaU_A125_304280,,,,,
2026-09-12T11:06:10-05:00,PUR_IED_BrasiliaU_A203_7c8ca5,PUR_IED_BrasiliaU_A203_7c8ca5,,,,,
2026-09-12T11:06:10-05:00,PUR_IED_BrasiliaU_Ext_8d6e9f,PUR_IED_BrasiliaU_Ext_8d6e9f,4,19,57,4.5175,-74.116302
2026-09-12T11:06:10-05:00,PUR_IED_Brasilia_Ext_fe6593,PUR_IED_Brasilia_Ext_fe6593,,,,,
2026-09-12T11:06:10-05:00,PUR_IED_Brasilia_S24_7c130d,PUR_IED_Brasilia_S24_7c130d,,,,,
2026-09-12T11:06:10-05:00,PUR_IED_Brasilia_S501_186a54,PUR_IED_Brasilia_S501_186a54,,,,,
2026-09-12T11:06:10-05:00,PUR_IED_CHARRY_EXT_f1d5cd,PUR_IED_CHARRY_EXT_f1d5cd,,,,,
2026-09-12T11:06:10-05:00,PUR_IED_CHARRY_INTDANZAS_7a08e6,PUR_IED_CHARRY_INTDANZAS_7a08e6,,,,,
2026-09-12T11:06:10-05:00,PUR_IED_CHARRY_INT_AULA20_dc998d,PUR_IED_CHARRY_INT_AULA20_dc998d,,,,,
2026-09-12T11:06:10-05:00,PUR_IED_COLVIV_1101_S25_7f520a,PUR_IED_COLVIV_1101_S25_7f520a,,,,,
2026-09-12T11:06:10-05:00,PUR_IED_COLVIV_1102_S16_f570ba,PUR_IED_COLVIV_1102_S16_f570ba,,,,,
2026-09-12T11:06:10-05:00,PUR_IED_COLVIV_Ext_1a26fa,PUR_IED_COLVIV_Ext_1a26fa,,,,,
2026-09-12T11:06:10-05:00,PUR_IED_CULPOP_301A_f660f3,PUR_IED_CULPOP_301A_f660f3,,,,,
2026-09-12T11:06:10-05:00,PUR_IED_CULPOP_303_568afe,PUR_IED_CULPOP_303_568afe,,,,,
2026-09-12T11:06:10-05:00,PUR_IED_CULPOP_Ext_e02ccb,PUR_IED_CULPOP_Ext_e02ccb,,,,,
2026-09-12T11:06:10-05:00,PUR_IED_CVillavicen_Ext_26eb58,PUR_IED_CVillavicen_Ext_26eb58,5,17,73,4.487,-74.102798
2026-09-12T11:06:10-05:00,PUR_IED_CVillavicen_Intel_1ce5c2,PUR_IED_CVillavicen_Intel_1ce5c2,,,,,
2026-09-12T11:06:10-05:00,PUR_IED_CVillavicen_Poliv_e0766c,PUR_IED_CVillavicen_Poliv_e0766c,,,,,
2026-09-12T11:06:10-05:00,PUR_IED_CVillavicen_int_1ba140,PUR_IED_CVillavicen_int_1ba140,,,,,
2026-09-12T11:06:10-05:00,PUR_IED_CVillavicen_intel_1ba140,PUR_IED_CVillavicen_intel_1ba140,,,,,
2026-09-12T11:06:10-05:00,PUR_IED_CarlosPizarro_Ext_e307cc,PUR_IED_CarlosPizarro_Ext_e307cc,,,,,
2026-09-12T11:06:10-05:00,PUR_IED_CarlosPizarro_L36_7e5cdb,PUR_IED_CarlosPizarro_L36_7e5cdb,,,,,
2026-09-12T11:06:10-05:00,PUR_IED_CarlosPizarro_L37_c8566c,PUR_IED_CarlosPizarro_L37_c8566c,,,,,
2026-09-12T11:06:10-05:00,PUR_IED_Castilla_Ext_cf35f,PUR_IED_Castilla_Ext_cf35f,,,,,
2026-09-12T11:06:10-05:00,PUR_IED_Castilla_SFisik_360e38,PUR_IED_Castilla_SFisik_360e38,,,,,
2026-09-12T11:06:10-05:00,PUR_IED_Castilla_Sc304_496fbf,PUR_IED_Castilla_Sc304_496fbf,,,,,
2026-09-12T11:06:10-05:00,PUR_IED_CervantesSa_Ext_6b57b,PUR_IED_CervantesSa_Ext_6b57b,4,20,63,4.5128,-74.117203
2026-09-12T11:06:10-05:00,PUR_IED_CervantesSa_S107_225c2b,PUR_IED_CervantesSa_S107_225c2b,,,,,
2026-09-12T11:06:10-05:00,PUR_IED_CervantesSa_S108_940925,PUR_IED_CervantesSa_S108_940925,,,,,
2026-09-12T11:06:10-05:00,PUR_IED_Charry_A20_f53e7c,PUR_IED_Charry_A20_f53e7c,,,,,
2026-09-12T11:06:10-05:00,PUR_IED_Charry_Ext_f1d5cd,PUR_IED_Charry_Ext_f1d5cd,,,,,
2026-09-12T11:06:10-05:00,PUR_IED_Charry_IntAula20_dc998d,PUR_IED_Charry_IntAula20_dc998d,,,,,
2026-09-12T11:06:10-05:00,PUR_IED_Charry_IntDanzas_7a08e6,PUR_IED_Charry_IntDanzas_7a08e6,,,,,
2026-09-12T11:06:10-05:00,PUR_IED_ClememciaC_203_43e2fc,PUR_IED_ClememciaC_203_43e2fc,,,,,
2026-09-12T11:06:10-05:00,PUR_IED_ClememciaC_Ext_1b411a,PUR_IED_ClememciaC_Ext_1b411a,,,,,
2026-09-12T11:06:10-05:00,PUR_IED_ClememciaC_Quimic_44b5fc,PUR_IED_ClememciaC_Quimic_44b5fc,,,,,
2026-09-12T11:06:10-05:00,PUR_IED_ClemenciaC_203_43e2fc,PUR_IED_ClemenciaC_203_43e2fc,,,,,
2026-09-12T11:06:10-05:00,PUR_IED_ClemenciaC_Ext_1b411a,PUR_IED_ClemenciaC_Ext_1b411a,,,,,
2026-09-12T11:06:10-05:00,PUR_IED_ClemenciaC_Quimic_44b5fc,PUR_IED_ClemenciaC_Quimic_44b5fc,,,,,
2026-09-12T11:06:10-05:00,PUR_IED_ColViva_1101_S25_7f520a,PUR_IED_ColViva_1101_S25_7f520a,,,,,
2026-09-12T11:06:10-05:00,PUR_IED_ColViva_1102_S16_f570ba,PUR_IED_ColViva_1102_S16_f570ba,,,,,
2026-09-12T11:06:10-05:00,PUR_IED_ColViva_Ext_1a26fa,PUR_IED_ColViva_Ext_1a26fa,,,,,
2026-09-12T11:06:10-05:00,PUR_IED_ColegioBici_Asist_7c8798,PUR_IED_ColegioBici_Asist_7c8798,,,,,
2026-09-12T11:06:10-05:00,PUR_IED_ColegioBici_Ext_25cbf6,PUR_IED_ColegioBici_Ext_25cbf6,,,,,
2026-09-12T11:06:10-05:00,PUR_IED_ColegioBici_LabQ_7b57db,PUR_IED_ColegioBici_LabQ_7b57db,,,,,
2026-09-12T11:06:10-05:00,PUR_IED_CostaRica_Ext_5e640,PUR_IED_CostaRica_Ext_5e640,,,,,
2026-09-12T11:06:10-05:00,PUR_IED_CostaRica_Quim1_766d1c,PUR_IED_CostaRica_Quim1_766d1c,,,,,
2026-09-12T11:06:10-05:00,PUR_IED_CostaRica__Fisica_6f0873,PUR_IED_CostaRica__Fisica_6f0873,,,,,
2026-09-12T11:06:10-05:00,PUR_IED_CulPopu_301A_f660f3,PUR_IED_CulPopu_301A_f660f3,,,,,
2026-09-12T11:06:10-05:00,PUR_IED_CulPopu_303_568afe,PUR_IED_CulPopu_303_568afe,,,,,
2026-09-12T11:06:10-05:00,PUR_IED_CulPopu_Ext_e02ccb,PUR_IED_CulPopu_Ext_e02ccb,,,,,
2026-09-12T11:06:10-05:00,PUR_IED_Cundinamarca_Ext_f15985,PUR_IED_Cundinamarca_Ext_f15985,,,,,
2026-09-12T11:06:10-05:00,PUR_IED_Cundinamarca_Info_7aa5d7,PUR_IED_Cundinamarca_Info_7aa5d7,,,,,
2026-09-12T11:06:10-05:00,PUR_IED_Cundinamarca_Tec2_f449c7,PUR_IED_Cundinamarca_Tec2_f449c7,,,,,
2026-09-12T11:06:10-05:00,PUR_IED_DiegoM_Aula1_27b314,PUR_IED_DiegoM_Aula1_27b314,,,,,
2026-09-12T11:06:10-05:00,PUR_IED_DiegoM_Ext_d80ac8,PUR_IED_DiegoM_Ext_d80ac8,,,,,
2026-09-12T11:06:10-05:00,PUR_IED_DiegoM_S25_da928f,PUR_IED_DiegoM_S25_da928f,,,,,
2026-09-12T11:06:10-05:00,PUR_IED_ELRODEO_360881,PUR_IED_ELRODEO_360881,,,,,
2026-09-12T11:06:10-05:00,PUR_IED_ELRODEO_ext_360881,PUR_IED_ELRODEO_ext_360881,,,,,
2026-09-12T11:06:10-05:00,PUR_IED_EduardoU_Ext_1c1969,PUR_IED_EduardoU_Ext_1c1969,,,,,
2026-09-12T11:06:10-05:00,PUR_IED_EduardoU_SCiencia_4dfb94,PUR_IED_EduardoU_SCiencia_4dfb94,,,,,
2026-09-12T11:06:10-05:00,PUR_IED_EduardoU_SQuimica_5a46e7,PUR_IED_EduardoU_SQuimica_5a46e7,,,,,
2026-09-12T11:06:10-05:00,PUR_IED_ElRodeo_Aula14_676984,PUR_IED_ElRodeo_Aula14_676984,,,,,
2026-09-12T11:06:10-05:00,PUR_IED_ElRodeo_Aula16_2dd35b,PUR_IED_ElRodeo_Aula16_2dd35b,,,,,
2026-09-12T11:06:10-05:00,PUR_IED_ElRodeo_Ext_360881,PUR_IED_ElRodeo_Ext_360881,,,,,
2026-09-12T11:06:10-05:00,PUR_IED_ElRodeo_Exterior_8c6d28,PUR_IED_ElRodeo_Exterior_8c6d28,,,,,
2026-09-12T11:06:10-05:00,PUR_IED_ElRodeo_ext_360881,PUR_IED_ElRodeo_ext_360881,,,,,
2026-09-12T11:06:10-05:00,PUR_IED_EmmaReyes_Ext_987625,PUR_IED_EmmaReyes_Ext_987625,6,22,48,4.6367,-74.1511
2026-09-12T11:06:10-05:00,PUR_IED_Ensueño_Ext_7f0250,PUR_IED_Ensueño_Ext_7f0250,,,,,
2026-09-12T11:06:10-05:00,PUR_IED_EscNormal_Ext_5fef3b,PUR_IED_EscNormal_Ext_5fef3b,2,22,53,4.5852,-74.096901
2026-09-12T11:06:10-05:00,PUR_IED_EscNormal_S309_5b263,PUR_IED_EscNormal_S309_5b263,,,,,
2026-09-12T11:06:10-05:00,PUR_IED_EscNormal_S310_27b3b8,PUR_IED_EscNormal_S310_27b3b8,,,,,
2026-09-12T11:06:10-05:00,PUR_IED_Evangelista_Conta_f6cd4f,PUR_IED_Evangelista_Conta_f6cd4f,,,,,
2026-09-12T11:06:10-05:00,PUR_IED_Evangelista_Cri_5e16a,PUR_IED_Evangelista_Cri_5e16a,,,,,
2026-09-12T11:06:10-05:00,PUR_IED_Evangelista_Exter_754066,PUR_IED_Evangelista_Exter_754066,,,,,
2026-09-12T11:06:10-05:00,PUR_IED_FMiranda_S209_5cc2a3,PUR_IED_FMiranda_S209_5cc2a3,,,,,
2026-09-12T11:06:10-05:00,PUR_IED_FMiranda_S303_19e344,PUR_IED_FMiranda_S303_19e344,,,,,
2026-09-12T11:06:10-05:00,PUR_IED_FMiranda_ext_f53e7c,PUR_IED_FMiranda_ext_f53e7c,,,,,
2026-09-12T11:06:10-05:00,PUR_IED_FabioLozano_Bibli_1cee05,PUR_IED_FabioLozano_Bibli_1cee05,,,,,
2026-09-12T11:06:10-05:00,PUR_IED_FabioLozano_Ext_6ea285,PUR_IED_FabioLozano_Ext_6ea285,,,,,
2026-09-12T11:06:10-05:00,PUR_IED_FabioLozano_SLudi_f09e1e,PUR_IED_FabioLozano_SLudi_f09e1e,,,,,
2026-09-12T11:06:10-05:00,PUR_IED_FaustinoS_Aula07_27a731,PUR_IED_FaustinoS_Aula07_27a731,,,,,
2026-09-12T11:06:10-05:00,PUR_IED_FaustinoS_Ext_7b936f,PUR_IED_FaustinoS_Ext_7b936f,,,,,
2026-09-12T11:06:10-05:00,PUR_IED_FaustinoS_Fisica_da2c60,PUR_IED_FaustinoS_Fisica_da2c60,,,,,
2026-09-12T11:06:10-05:00,PUR_IED_FeGarciaLo_Ext_dc68ee,PUR_IED_FeGarciaLo_Ext_dc68ee,,,,,
2026-09-12T11:06:10-05:00,PUR_IED_FeGarciaLo_SDanza_f70a59,PUR_IED_FeGarciaLo_SDanza_f70a59,,,,,
2026-09-12T11:06:10-05:00,PUR_IED_FeGarciaLo_SMusic_125cdd,PUR_IED_FeGarciaLo_SMusic_125cdd,,,,,
2026-09-12T11:06:10-05:00,PUR_IED_FederalAlema_Exte_50c345,PUR_IED_FederalAlema_Exte_50c345,,,,,
2026-09-12T11:06:10-05:00,PUR_IED_FederalAlema_S31_f18371,PUR_IED_FederalAlema_S31_f18371,,,,,
2026-09-12T11:06:10-05:00,PUR_IED_FederalAlema_S901_a62cd,PUR_IED_FederalAlema_S901_a62cd,,,,,
2026-09-12T11:06:10-05:00,PUR_IED_FilarmonicaS_A5_f35eb1,PUR_IED_FilarmonicaS_A5_f35eb1,,,,,
2026-09-12T11:06:10-05:00,PUR_IED_FilarmonicaS_Ext_8a3bde,PUR_IED_FilarmonicaS_Ext_8a3bde,,,,,
2026-09-12T11:06:10-05:00,PUR_IED_FilarmonicaS_Spol_406114,PUR_IED_FilarmonicaS_Spol_406114,,,,,
2026-09-12T11:06:10-05:00,PUR_IED_FlorentinoG_A13_d1fa59,PUR_IED_FlorentinoG_A13_d1fa59,,,,,
2026-09-12T11:06:10-05:00,PUR_IED_FlorentinoG_Ext_1ce6ce,PUR_IED_FlorentinoG_Ext_1ce6ce,,,,,
2026-09-12T11:06:10-05:00,PUR_IED_FlorentinoG_Idiom_a66aac,PUR_IED_FlorentinoG_Idiom_a66aac,,,,,
2026-09-12T11:06:10-05:00,PUR_IED_FranciscoMati_Ext_e3869d,PUR_IED_FranciscoMati_Ext_e3869d,,,,,
2026-09-12T11:06:10-05:00,PUR_IED_FranciscoMati_S13_f31c67,PUR_IED_FranciscoMati_S13_f31c67,,,,,
2026-09-12T11:06:10-05:00,PUR_IED_FranciscoMati_S14_97dead,PUR_IED_FranciscoMati_S14_97dead,,,,,
2026-09-12T11:06:10-05:00,PUR_IED_FranciscoPS_Ext_7bfa9a,PUR_IED_FranciscoPS_Ext_7bfa9a,2,23,51,4.5899,-74.110397
2026-09-12T11:06:10-05:00,PUR_IED_FranciscoPS_Infor_fb8f4c,PUR_IED_FranciscoPS_Infor_fb8f4c,,,,,
2026-09-12T11:06:10-05:00,PUR_IED_FranciscoPS_Quimi_94d39c,PUR_IED_FranciscoPS_Quimi_94d39c,,,,,
2026-09-12T11:06:10-05:00,PUR_IED_FranciscoP_LabQ_d7e148,PUR_IED_FranciscoP_LabQ_d7e148,,,,,
2026-09-12T11:06:10-05:00,PUR_IED_FranciscoP_S28_cf9b30,PUR_IED_FranciscoP_S28_cf9b30,,,,,
2026-09-12T11:06:10-05:00,PUR_IED_FranciscoP_ext_e2313,PUR_IED_FranciscoP_ext_e2313,,,,,
2026-09-12T11:06:10-05:00,PUR_IED_FriederichN_Ext_8ac92a,PUR_IED_FriederichN_Ext_8ac92a,,,,,
2026-09-12T11:06:10-05:00,PUR_IED_FriederichN_S301_dd7e5a,PUR_IED_FriederichN_S301_dd7e5a,,,,,
2026-09-12T11:06:10-05:00,PUR_IED_FriederichN_S308_761f4f,PUR_IED_FriederichN_S308_761f4f,,,,,
2026-09-12T11:06:10-05:00,PUR_IED_GSantander_Aula10_533dd7,PUR_IED_GSantander_Aula10_533dd7,,,,,
2026-09-12T11:06:10-05:00,PUR_IED_GSantander_Aula12_fd4e4f,PUR_IED_GSantander_Aula12_fd4e4f,,,,,
2026-09-12T11:06:10-05:00,PUR_IED_GSantander_Aula310_533dd7,PUR_IED_GSantander_Aula310_533dd7,,,,,
2026-09-12T11:06:10-05:00,PUR_IED_GSantander_Aula312_fd4e4f,PUR_IED_GSantander_Aula312_fd4e4f,,,,,
2026-09-12T11:06:10-05:00,PUR_IED_GSantander_Ext_5f66b0,PUR_IED_GSantander_Ext_5f66b0,,,,,
2026-09-12T11:06:10-05:00,PUR_IED_GYomasa_Ext_f6bea5,PUR_IED_GYomasa_Ext_f6bea5,,,,,
2026-09-12T11:06:10-05:00,PUR_IED_GYomasa_LBiol_2c41aa,PUR_IED_GYomasa_LBiol_2c41aa,,,,,
2026-09-12T11:06:10-05:00,PUR_IED_GYomasa_LQuim_33c80,PUR_IED_GYomasa_LQuim_33c80,,,,,
2026-09-12T11:06:10-05:00,PUR_IED_GabBetMejia_Cienc_5a99c,PUR_IED_GabBetMejia_Cienc_5a99c,,,,,
2026-09-12T11:06:10-05:00,PUR_IED_GabBetMejia_Ext_9153d0,PUR_IED_GabBetMejia_Ext_9153d0,,,,,
2026-09-12T11:06:10-05:00,PUR_IED_GabBetMejia_Lab_f55347,PUR_IED_GabBetMejia_Lab_f55347,,,,,
2026-09-12T11:06:10-05:00,PUR_IED_GabBetanMejia_Ext_9153d0,PUR_IED_GabBetanMejia_Ext_9153d0,,,,,
2026-09-12T11:06:10-05:00,PUR_IED_Gaitana_Aula13_7aac11,PUR_IED_Gaitana_Aula13_7aac11,,,,,
2026-09-12T11:06:10-05:00,PUR_IED_Gaitana_Ext_5fcf4,PUR_IED_Gaitana_Ext_5fcf4,,,,,
2026-09-12T11:06:10-05:00,PUR_IED_Gaitana_LabFisica_644448,PUR_IED_Gaitana_LabFisica_644448,,,,,
2026-09-12T11:06:10-05:00,PUR_IED_GenSantander_Dise_8ac858,PUR_IED_GenSantander_Dise_8ac858,,,,,
2026-09-12T11:06:10-05:00,PUR_IED_GenSantander_Ext_8d5dfe,PUR_IED_GenSantander_Ext_8d5dfe,,,,,
2026-09-12T11:06:10-05:00,PUR_IED_GenSantander_Info_6c25b,PUR_IED_GenSantander_Info_6c25b,,,,,
2026-09-12T11:06:10-05:00,PUR_IED_GustavoMo_Exterio_75e63d,PUR_IED_GustavoMo_Exterio_75e63d,,,,,
2026-09-12T11:06:10-05:00,PUR_IED_GustavoMo_LabFisi_224d37,PUR_IED_GustavoMo_LabFisi_224d37,,,,,
2026-09-12T11:06:10-05:00,PUR_IED_GustavoMo_S208_3e6918,PUR_IED_GustavoMo_S208_3e6918,,,,,
2026-09-12T11:06:10-05:00,PUR_IED_GustavoR_A02_8cd4a8,PUR_IED_GustavoR_A02_8cd4a8,,,,,
2026-09-12T11:06:10-05:00,PUR_IED_GustavoR_B11_5b0ed,PUR_IED_GustavoR_B11_5b0ed,,,,,
2026-09-12T11:06:10-05:00,PUR_IED_GustavoR_Ext_7a0c90,PUR_IED_GustavoR_Ext_7a0c90,,,,,
2026-09-12T11:06:10-05:00,PUR_IED_HernandoDuran_Ext_8cd82b,PUR_IED_HernandoDuran_Ext_8cd82b,,,,,
2026-09-12T11:06:10-05:00,PUR_IED_HernandoDuran_S24_2772c6,PUR_IED_HernandoDuran_S24_2772c6,,,,,
2026-09-12T11:06:10-05:00,PUR_IED_HernandoDuran_S30_f2de41,PUR_IED_HernandoDuran_S30_f2de41,,,,,
2026-09-12T11:06:10-05:00,PUR_IED_HolguInUr_S1101_8cd732,PUR_IED_HolguInUr_S1101_8cd732,,,,,
2026-09-12T11:06:10-05:00,PUR_IED_HolguinUr_Exter_ddae6d,PUR_IED_HolguinUr_Exter_ddae6d,,,,,
2026-09-12T11:06:10-05:00,PUR_IED_HolguinUr_LabQuim_92b952,PUR_IED_HolguinUr_LabQuim_92b952,,,,,
2026-09-12T11:06:10-05:00,PUR_IED_Isabel-II_Ext_5245cc,PUR_IED_Isabel-II_Ext_5245cc,2,20,52,4.6336,-74.153
2026-09-12T11:06:10-05:00,PUR_IED_Isabel-II_S_idiom_1c29aa,PUR_IED_Isabel-II_S_idiom_1c29aa,,,,,
2026-09-12T11:06:10-05:00,PUR_IED_Isabel-II_S_infor_fd741,PUR_IED_Isabel-II_S_infor_fd741,,,,,
2026-09-12T11:06:10-05:00,PUR_IED_IsidroSur_Exterio_5b90ea,PUR_IED_IsidroSur_Exterio_5b90ea,,,,,
2026-09-12T11:06:10-05:00,PUR_IED_IsidroSur_LabTec_56697a,PUR_IED_IsidroSur_LabTec_56697a,,,,,
2026-09-12T11:06:10-05:00,PUR_IED_IsidroSur_Robotic_b7c38f,PUR_IED_IsidroSur_Robotic_b7c38f,,,,,
2026-09-12T11:06:10-05:00,PUR_IED_IsmaelPerd_Ext_7b6672,PUR_IED_IsmaelPerd_Ext_7b6672,,,,,
2026-09-12T11:06:10-05:00,PUR_IED_IsmaelPerd_Inform_306540,PUR_IED_IsmaelPerd_Inform_306540,,,,,
2026-09-12T11:06:10-05:00,PUR_IED_IsmaelPerd_S30_2e2c83,PUR_IED_IsmaelPerd_S30_2e2c83,,,,,
2026-09-12T11:06:10-05:00,PUR_IED_JLozano_Exter_432910,PUR_IED_JLozano_Exter_432910,,,,,
2026-09-12T11:06:10-05:00,PUR_IED_JLozano_salaMulti_df5125,PUR_IED_JLozano_salaMulti_df5125,,,,,
2026-09-12T11:06:10-05:00,PUR_IED_JMCordoba_206_86f80b,PUR_IED_JMCordoba_206_86f80b,,,,,
2026-09-12T11:06:10-05:00,PUR_IED_JMCordoba_Ext_27ad97,PUR_IED_JMCordoba_Ext_27ad97,,,,,
2026-09-12T11:06:10-05:00,PUR_IED_JMCordoba_S310_d59ab4,PUR_IED_JMCordoba_S310_d59ab4,,,,,
2026-09-12T11:06:10-05:00,PUR_IED_Japon_Ext_549100,PUR_IED_Japon_Ext_549100,,,,,
2026-09-12T11:06:10-05:00,PUR_IED_Japon_Laboratorio_bec51d,PUR_IED_Japon_Laboratorio_bec51d,,,,,
2026-09-12T11:06:10-05:00,PUR_IED_Japon_informatica_d99327,PUR_IED_Japon_informatica_d99327,,,,,
2026-09-12T11:06:10-05:00,PUR_IED_Jazmin_Ext_d27bda,PUR_IED_Jazmin_Ext_d27bda,,,,,
2026-09-12T11:06:10-05:00,PUR_IED_Jazmin_Fisica_8d14d7,PUR_IED_Jazmin_Fisica_8d14d7,,,,,
2026-09-12T11:06:10-05:00,PUR_IED_Jazmin_Quimica_801cb5,PUR_IED_Jazmin_Quimica_801cb5,,,,,
2026-09-12T11:06:10-05:00,PUR_IED_JorgeGaitan_Exter_f098d1,PUR_IED_JorgeGaitan_Exter_f098d1,,,,,
2026-09-12T11:06:10-05:00,PUR_IED_JorgeGaitan_STec1_dc9d1d,PUR_IED_JorgeGaitan_STec1_dc9d1d,,,,,
2026-09-12T11:06:10-05:00,PUR_IED_JorgeGaitan_STec2_281e69,PUR_IED_JorgeGaitan_STec2_281e69,,,,,
2026-09-12T11:06:10-05:00,PUR_IED_JorgeSoto_Exterio_d9d0a2,PUR_IED_JorgeSoto_Exterio_d9d0a2,,,,,
2026-09-12T11:06:10-05:00,PUR_IED_JorgeSoto_LabFisi_209c54,PUR_IED_JorgeSoto_LabFisi_209c54,,,,,
2026-09-12T11:06:10-05:00,PUR_IED_JorgeSoto_S103_27b51a,PUR_IED_JorgeSoto_S103_27b51a,,,,,
2026-09-12T11:06:10-05:00,PUR_IED_JoseAcevedo_A02_e965eb,PUR_IED_JoseAcevedo_A02_e965eb,,,,,
2026-09-12T11:06:10-05:00,PUR_IED_JoseAcevedo_A07_dd5b4,PUR_IED_JoseAcevedo_A07_dd5b4,,,,,
2026-09-12T11:06:10-05:00,PUR_IED_JoseAcevedo_Ext_b47484,PUR_IED_JoseAcevedo_Ext_b47484,,,,,
2026-09-12T11:06:10-05:00,PUR_IED_JoseMarti_Exte_5b9bf,PUR_IED_JoseMarti_Exte_5b9bf,,,,,
2026-09-12T11:06:10-05:00,PUR_IED_JoseMarti_LabQuim_1c6c2d,PUR_IED_JoseMarti_LabQuim_1c6c2d,,,,,
2026-09-12T11:06:10-05:00,PUR_IED_JoseMarti_S_info_f5f177,PUR_IED_JoseMarti_S_info_f5f177,,,,,
2026-09-12T11:06:10-05:00,PUR_IED_Josejoaquin_Ext_dfc5dc,PUR_IED_Josejoaquin_Ext_dfc5dc,,,,,
2026-09-12T11:06:10-05:00,PUR_IED_Josejoaquin_S05_5b2a96,PUR_IED_Josejoaquin_S05_5b2a96,,,,,
2026-09-12T11:06:10-05:00,PUR_IED_Josejoaquin_S06_1ce7d2,PUR_IED_Josejoaquin_S06_1ce7d2,,,,,
2026-09-12T11:06:10-05:00,PUR_IED_JulioFlorez_Danza_9b82dd,PUR_IED_JulioFlorez_Danza_9b82dd,,,,,
2026-09-12T11:06:10-05:00,PUR_IED_JulioFlorez_Exter_f9f314,PUR_IED_JulioFlorez_Exter_f9f314,,,,,
2026-09-12T11:06:10-05:00,PUR_IED_JulioFlorez_info2_6b6e08,PUR_IED_JulioFlorez_info2_6b6e08,,,,,
2026-09-12T11:06:10-05:00,PUR_IED_LaBelleza_Aula13_1d00d8,PUR_IED_LaBelleza_Aula13_1d00d8,,,,,
2026-09-12T11:06:10-05:00,PUR_IED_LaBelleza_Ext_7bc08c,PUR_IED_LaBelleza_Ext_7bc08c,,,,,
2026-09-12T11:06:10-05:00,PUR_IED_LaChucua_Ext_8cd6d2,PUR_IED_LaChucua_Ext_8cd6d2,,,,,
2026-09-12T11:06:10-05:00,PUR_IED_LaChucua_S15_f578ce,PUR_IED_LaChucua_S15_f578ce,,,,,
2026-09-12T11:06:10-05:00,PUR_IED_LaChucua_S16_eebcf9,PUR_IED_LaChucua_S16_eebcf9,,,,,
2026-09-12T11:06:10-05:00,PUR_IED_LaFelicidad_Ext_fb5109,PUR_IED_LaFelicidad_Ext_fb5109,,,,,
2026-09-12T11:06:10-05:00,PUR_IED_LaMerced_206_66ebd,PUR_IED_LaMerced_206_66ebd,,,,,
2026-09-12T11:06:10-05:00,PUR_IED_LaMerced_207_6ebd6,PUR_IED_LaMerced_207_6ebd6,,,,,
2026-09-12T11:06:10-05:00,PUR_IED_LaMerced_ext_304311,PUR_IED_LaMerced_ext_304311,,,,,
2026-09-12T11:06:10-05:00,PUR_IED_Laureano_CiencNat_281e5e,PUR_IED_Laureano_CiencNat_281e5e,,,,,
2026-09-12T11:06:10-05:00,PUR_IED_Laureano_Comedor_f65c0a,PUR_IED_Laureano_Comedor_f65c0a,,,,,
2026-09-12T11:06:10-05:00,PUR_IED_Laureano_Exterior_7ab011,PUR_IED_Laureano_Exterior_7ab011,,,,,
2026-09-12T11:06:10-05:00,PUR_IED_LeonGreiff_Exte_dfe560,PUR_IED_LeonGreiff_Exte_dfe560,,,,,
2026-09-12T11:06:10-05:00,PUR_IED_LeonGreiff_S210_f264ed,PUR_IED_LeonGreiff_S210_f264ed,,,,,
2026-09-12T11:06:10-05:00,PUR_IED_LeonGreiff_SQuimi_e8296f,PUR_IED_LeonGreiff_SQuimi_e8296f,,,,,
2026-09-12T11:06:10-05:00,PUR_IED_LlanoOrientalS208_7b9fcd,PUR_IED_LlanoOrientalS208_7b9fcd,,,,,
2026-09-12T11:06:10-05:00,PUR_IED_LlanoOriental_Ext_fb3766,PUR_IED_LlanoOriental_Ext_fb3766,,,,,
2026-09-12T11:06:10-05:00,PUR_IED_LlanoOriental_S208_7b9fcd,PUR_IED_LlanoOriental_S208_7b9fcd,,,,,
2026-09-12T11:06:10-05:00,PUR_IED_LlanoOriental_S9_27b378,PUR_IED_LlanoOriental_S9_27b378,,,,,
2026-09-12T11:06:10-05:00,PUR_IED_LosTejares_1101_477602,PUR_IED_LosTejares_1101_477602,,,,,
2026-09-12T11:06:10-05:00,PUR_IED_LosTejares_11_d2c595,PUR_IED_LosTejares_11_d2c595,,,,,
2026-09-12T11:06:10-05:00,PUR_IED_LosTejares_12_477602,PUR_IED_LosTejares_12_477602,,,,,
2026-09-12T11:06:10-05:00,PUR_IED_LosTejares_Ext_8e2115,PUR_IED_LosTejares_Ext_8e2115,,,,,
2026-09-12T11:06:10-05:00,PUR_IED_MagdalenaO_B202_5ddda3,PUR_IED_MagdalenaO_B202_5ddda3,,,,,
2026-09-12T11:06:10-05:00,PUR_IED_MagdalenaO_B205_fb76e8,PUR_IED_MagdalenaO_B205_fb76e8,,,,,
2026-09-12T11:06:10-05:00,PUR_IED_MagdalenaO_ext_dc69cd,PUR_IED_MagdalenaO_ext_dc69cd,,,,,
2026-09-12T11:06:10-05:00,PUR_IED_ManueCepeda_artes_eee956,PUR_IED_ManueCepeda_artes_eee956,,,,,
2026-09-12T11:06:10-05:00,PUR_IED_ManuelCepeda_Ext_58313,PUR_IED_ManuelCepeda_Ext_58313,,,,,
2026-09-12T11:06:10-05:00,PUR_IED_ManuelCepeda_tec_1c5731,PUR_IED_ManuelCepeda_tec_1c5731,,,,,
2026-09-12T11:06:10-05:00,PUR_IED_ManuelS_Exterior_5b269,PUR_IED_ManuelS_Exterior_5b269,,,,,
2026-09-12T11:06:10-05:00,PUR_IED_ManuelS_Inform_f369ce,PUR_IED_ManuelS_Inform_f369ce,,,,,
2026-09-12T11:06:10-05:00,PUR_IED_ManuelS_SArtes_7d15f1,PUR_IED_ManuelS_SArtes_7d15f1,,,,,
2026-09-12T11:06:10-05:00,PUR_IED_ManuelZapata_303_3ca6,PUR_IED_ManuelZapata_303_3ca6,,,,,
2026-09-12T11:06:10-05:00,PUR_IED_ManuelZapata_311_bfbabc,PUR_IED_ManuelZapata_311_bfbabc,,,,,
2026-09-12T11:06:10-05:00,PUR_IED_ManuelZapata_Ext_50824a,PUR_IED_ManuelZapata_Ext_50824a,,,,,
2026-09-12T11:06:10-05:00,PUR_IED_ManuelitaS_Exteri_656a92,PUR_IED_ManuelitaS_Exteri_656a92,,,,,
2026-09-12T11:06:10-05:00,PUR_IED_ManuelitaS_JuzgDe_f58ec3,PUR_IED_ManuelitaS_JuzgDe_f58ec3,,,,,
2026-09-12T11:06:10-05:00,PUR_IED_ManuelitaS_Recrea_d793db,PUR_IED_ManuelitaS_Recrea_d793db,,,,,
2026-09-12T11:06:10-05:00,PUR_IED_MarFidSuarez_Ext_c27b19,PUR_IED_MarFidSuarez_Ext_c27b19,,,,,
2026-09-12T11:06:10-05:00,PUR_IED_MarFidSuarez_Info_e384d7,PUR_IED_MarFidSuarez_Info_e384d7,,,,,
2026-09-12T11:06:10-05:00,PUR_IED_MarFidSuarez_S306_1d0032,PUR_IED_MarFidSuarez_S306_1d0032,,,,,
2026-09-12T11:06:10-05:00,PUR_IED_Menorah_301_2a25a3,PUR_IED_Menorah_301_2a25a3,,,,,
2026-09-12T11:06:10-05:00,PUR_IED_Menorah_306_37ed3,PUR_IED_Menorah_306_37ed3,,,,,
2026-09-12T11:06:10-05:00,PUR_IED_Menorah_Ext_3e155b,PUR_IED_Menorah_Ext_3e155b,,,,,
2026-09-12T11:06:10-05:00,PUR_IED_MinutoB.Aires_A11_1b1604,PUR_IED_MinutoB.Aires_A11_1b1604,,,,,
2026-09-12T11:06:10-05:00,PUR_IED_MinutoB.Aires_A12_fb5860,PUR_IED_MinutoB.Aires_A12_fb5860,,,,,
2026-09-12T11:06:10-05:00,PUR_IED_MinutoB.Aires_Ext_81293f,PUR_IED_MinutoB.Aires_Ext_81293f,,,,,
2026-09-12T11:06:10-05:00,PUR_IED_MinutoBAires_A11_1b1604,PUR_IED_MinutoBAires_A11_1b1604,,,,,
2026-09-12T11:06:10-05:00,PUR_IED_MinutoBAires_A12_fb5860,PUR_IED_MinutoBAires_A12_fb5860,,,,,
2026-09-12T11:06:10-05:00,PUR_IED_MinutoBAires_Ext_81293f,PUR_IED_MinutoBAires_Ext_81293f,,,,,
2026-09-12T11:06:10-05:00,PUR_IED_Montreal_Aula10_1e4959,PUR_IED_Montreal_Aula10_1e4959,,,,,
2026-09-12T11:06:10-05:00,PUR_IED_Montreal_Aula6_300367,PUR_IED_Montreal_Aula6_300367,,,,,
2026-09-12T11:06:10-05:00,PUR_IED_Montreal_Exterior_91a179,PUR_IED_Montreal_Exterior_91a179,,,,,
2026-09-12T11:06:10-05:00,PUR_IED_Mqgdalena_B202_5ddda3,PUR_IED_Mqgdalena_B202_5ddda3,,,,,
2026-09-12T11:06:10-05:00,PUR_IED_NACUND_Soc_dc8728,PUR_IED_NACUND_Soc_dc8728,,,,,
2026-09-12T11:06:10-05:00,PUR_IED_NACUND_ext_27ad97,PUR_IED_NACUND_ext_27ad97,,,,,
2026-09-12T11:06:10-05:00,PUR_IED_NEsperanza_Ext_d24b61,PUR_IED_NEsperanza_Ext_d24b61,,,,,
2026-09-12T11:06:10-05:00,PUR_IED_NEsperanza_SElect_7d1807,PUR_IED_NEsperanza_SElect_7d1807,,,,,
2026-09-12T11:06:10-05:00,PUR_IED_NEsperanza_SLabor_8b2d0a,PUR_IED_NEsperanza_SLabor_8b2d0a,,,,,
2026-09-12T11:06:10-05:00,PUR_IED_NacionesU_Ext_f661a9,PUR_IED_NacionesU_Ext_f661a9,,,,,
2026-09-12T11:06:10-05:00,PUR_IED_NacionesU_Quimica_66f0a,PUR_IED_NacionesU_Quimica_66f0a,,,,,
2026-09-12T11:06:10-05:00,PUR_IED_NacionesU_S306_1b4b3d,PUR_IED_NacionesU_S306_1b4b3d,,,,,
2026-09-12T11:06:10-05:00,PUR_IED_NestorFA_Ext_e4201c,PUR_IED_NestorFA_Ext_e4201c,,,,,
2026-09-12T11:06:10-05:00,PUR_IED_NestorFA_Laborato_f22fe0,PUR_IED_NestorFA_Laborato_f22fe0,,,,,
2026-09-12T11:06:10-05:00,PUR_IED_NestorFA_S204_dee996,PUR_IED_NestorFA_S204_dee996,,,,,
2026-09-12T11:06:10-05:00,PUR_IED_NidyaQT_Aula03_76999b,PUR_IED_NidyaQT_Aula03_76999b,,,,,
2026-09-12T11:06:10-05:00,PUR_IED_NidyaQT_Aula10_56325,PUR_IED_NidyaQT_Aula10_56325,,,,,
2026-09-12T11:06:10-05:00,PUR_IED_NidyaQT_Ext_46e32d,PUR_IED_NidyaQT_Ext_46e32d,,,,,
2026-09-12T11:06:10-05:00,PUR_IED_NuevaCol_Exterior_d9b859,PUR_IED_NuevaCol_Exterior_d9b859,,,,,
2026-09-12T11:06:10-05:00,PUR_IED_NuevaCol_S1101_76c43b,PUR_IED_NuevaCol_S1101_76c43b,,,,,
2026-09-12T11:06:10-05:00,PUR_IED_NuevaCol_S1102_1ce0b5,PUR_IED_NuevaCol_S1102_1ce0b5,,,,,
2026-09-12T11:06:10-05:00,PUR_IED_OEA_A202_f7e3f2,PUR_IED_OEA_A202_f7e3f2,,,,,
2026-09-12T11:06:10-05:00,PUR_IED_OEA_A203_7d1b8d,PUR_IED_OEA_A203_7d1b8d,,,,,
2026-09-12T11:06:10-05:00,PUR_IED_OEA_Ext_27b593,PUR_IED_OEA_Ext_27b593,,,,,
2026-09-12T11:06:10-05:00,PUR_IED_Ochoa_Ext_1c29da,PUR_IED_Ochoa_Ext_1c29da,,,,,
2026-09-12T11:06:10-05:00,PUR_IED_Ochoa_S205_8b1121,PUR_IED_Ochoa_S205_8b1121,,,,,
2026-09-12T11:06:10-05:00,PUR_IED_Ochoa_Sistemas_f33af6,PUR_IED_Ochoa_Sistemas_f33af6,,,,,
2026-09-12T11:06:10-05:00,PUR_IED_PQuebec_Ext_1c67c7,PUR_IED_PQuebec_Ext_1c67c7,,,,,
2026-09-12T11:06:10-05:00,PUR_IED_PQuebec_S15_23e8e2,PUR_IED_PQuebec_S15_23e8e2,,,,,
2026-09-12T11:06:10-05:00,PUR_IED_PQuebec_S16_8ec76b,PUR_IED_PQuebec_S16_8ec76b,,,,,
2026-09-12T11:06:10-05:00,PUR_IED_PabloN_Ext_49dc96,PUR_IED_PabloN_Ext_49dc96,,,,,
2026-09-12T11:06:10-05:00,PUR_IED_PabloN_S1102_4e3df5,PUR_IED_PabloN_S1102_4e3df5,,,,,
2026-09-12T11:06:10-05:00,PUR_IED_PabloN_S1103_50c94b,PUR_IED_PabloN_S1103_50c94b,,,,,
2026-09-12T11:06:10-05:00,PUR_IED_Palestina_S1101_db9198,PUR_IED_Palestina_S1101_db9198,,,,,
2026-09-12T11:06:10-05:00,PUR_IED_Palestina_S1102_dc54fa,PUR_IED_Palestina_S1102_dc54fa,,,,,
2026-09-12T11:06:10-05:00,PUR_IED_Palestina_ext_4ccce6,PUR_IED_Palestina_ext_4ccce6,,,,,
2026-09-12T11:06:10-05:00,PUR_IED_Panama_Fisica_4d0794,PUR_IED_Panama_Fisica_4d0794,,,,,
2026-09-12T11:06:10-05:00,PUR_IED_Panama_SIngles_a4077e,PUR_IED_Panama_SIngles_a4077e,,,,,
2026-09-12T11:06:10-05:00,PUR_IED_Panama_ext_4c54b4,PUR_IED_Panama_ext_4c54b4,,,,,
2026-09-12T11:06:10-05:00,PUR_IED_ParaisoM_Exterior_8cd7f0,PUR_IED_ParaisoM_Exterior_8cd7f0,,,,,
2026-09-12T11:06:10-05:00,PUR_IED_ParaisoM_Laborato_27af35,PUR_IED_ParaisoM_Laborato_27af35,,,,,
2026-09-12T11:06:10-05:00,PUR_IED_ParaisoM_S304_d1edca,PUR_IED_ParaisoM_S304_d1edca,,,,,
2026-09-12T11:06:10-05:00,PUR_IED_PorfirioBarba_Ext_301466,PUR_IED_PorfirioBarba_Ext_301466,,,,,
2026-09-12T11:06:10-05:00,PUR_IED_PorfirioBarba_S11_df6cd2,PUR_IED_PorfirioBarba_S11_df6cd2,,,,,
2026-09-12T11:06:10-05:00,PUR_IED_PorfirioBarba_S29_27a7d6,PUR_IED_PorfirioBarba_S29_27a7d6,,,,,
2026-09-12T11:06:10-05:00,PUR_IED_PradoV_Exter_8b27ad,PUR_IED_PradoV_Exter_8b27ad,,,,,
2026-09-12T11:06:10-05:00,PUR_IED_PradoV_S301_de65b5,PUR_IED_PradoV_S301_de65b5,,,,,
2026-09-12T11:06:10-05:00,PUR_IED_PradoV_S302_7d2593,PUR_IED_PradoV_S302_7d2593,,,,,
2026-09-12T11:06:10-05:00,PUR_IED_QuirogaAlz_Ext_1ddc82,PUR_IED_QuirogaAlz_Ext_1ddc82,,,,,
2026-09-12T11:06:10-05:00,PUR_IED_QuirogaAlz_S302_9926a3,PUR_IED_QuirogaAlz_S302_9926a3,,,,,
2026-09-12T11:06:10-05:00,PUR_IED_QuirogaAlz_S305_cdf1f1,PUR_IED_QuirogaAlz_S305_cdf1f1,,,,,
2026-09-12T11:06:10-05:00,PUR_IED_RGuatemala_Biling_dc53b7,PUR_IED_RGuatemala_Biling_dc53b7,,,,,
2026-09-12T11:06:10-05:00,PUR_IED_RGuatemala_Ext_1b89a3,PUR_IED_RGuatemala_Ext_1b89a3,,,,,
2026-09-12T11:06:10-05:00,PUR_IED_RGuatemala_Tecnol_281a34,PUR_IED_RGuatemala_Tecnol_281a34,,,,,
2026-09-12T11:06:10-05:00,PUR_IED_RafaNu_Ext_f7c302,PUR_IED_RafaNu_Ext_f7c302,,,,,
2026-09-12T11:06:10-05:00,PUR_IED_RafaNu_S1101_25fde,PUR_IED_RafaNu_S1101_25fde,,,,,
2026-09-12T11:06:10-05:00,PUR_IED_RafaNu_S1102_281517,PUR_IED_RafaNu_S1102_281517,,,,,
2026-09-12T11:06:10-05:00,PUR_IED_RafaelB_S305_ee2783,PUR_IED_RafaelB_S305_ee2783,,,,,
2026-09-12T11:06:10-05:00,PUR_IED_RafaelB_S306_75fe33,PUR_IED_RafaelB_S306_75fe33,,,,,
2026-09-12T11:06:10-05:00,PUR_IED_RafaelB_ext_283336,PUR_IED_RafaelB_ext_283336,3,20,56,4.6722,-74.0737
2026-09-12T11:06:10-05:00,PUR_IED_RafaelUU_Exterior_281a51,PUR_IED_RafaelUU_Exterior_281a51,,,,,
2026-09-12T11:06:10-05:00,PUR_IED_RafaelUU_Human_806b2,PUR_IED_RafaelUU_Human_806b2,,,,,
2026-09-12T11:06:10-05:00,PUR_IED_RafaelUU_Mate2_5680d4,PUR_IED_RafaelUU_Mate2_5680d4,,,,,
2026-09-12T11:06:10-05:00,PUR_IED_RamonSub_Ext_f9eeb9,PUR_IED_RamonSub_Ext_f9eeb9,,,,,
2026-09-12T11:06:10-05:00,PUR_IED_RamonSub_Media_d1f62f,PUR_IED_RamonSub_Media_d1f62f,,,,,
2026-09-12T11:06:10-05:00,PUR_IED_RamonSub_planta_51b82,PUR_IED_RamonSub_planta_51b82,,,,,
2026-09-12T11:06:10-05:00,PUR_IED_RepBoliVene_Exter_27af7c,PUR_IED_RepBoliVene_Exter_27af7c,,,,,
2026-09-12T11:06:10-05:00,PUR_IED_RepBoliVene_SCPT_5ae2ee,PUR_IED_RepBoliVene_SCPT_5ae2ee,,,,,
2026-09-12T11:06:10-05:00,PUR_IED_RepBoliVene_Socia_4b11d5,PUR_IED_RepBoliVene_Socia_4b11d5,,,,,
2026-09-12T11:06:10-05:00,PUR_IED_RepChina_Ext_76d9ee,PUR_IED_RepChina_Ext_76d9ee,,,,,
2026-09-12T11:06:10-05:00,PUR_IED_RepChina_S404_7c804c,PUR_IED_RepChina_S404_7c804c,,,,,
2026-09-12T11:06:10-05:00,PUR_IED_RepChina_S405_df2c33,PUR_IED_RepChina_S405_df2c33,,,,,
2026-09-12T11:06:10-05:00,PUR_IED_RepublicaC_Exteri_7d1ec9,PUR_IED_RepublicaC_Exteri_7d1ec9,,,,,
2026-09-12T11:06:10-05:00,PUR_IED_RepublicaC_S1101_f544b3,PUR_IED_RepublicaC_S1101_f544b3,,,,,
2026-09-12T11:06:10-05:00,PUR_IED_RepublicaC_S1102_7aafc7,PUR_IED_RepublicaC_S1102_7aafc7,,,,,
2026-09-12T11:06:10-05:00,PUR_IED_Ricaurte_Externo_a0ea1,PUR_IED_Ricaurte_Externo_a0ea1,,,,,
2026-09-12T11:06:10-05:00,PUR_IED_Ricaurte_S210_f546fd,PUR_IED_Ricaurte_S210_f546fd,,,,,
2026-09-12T11:06:10-05:00,PUR_IED_Ricaurte_S309_d4452,PUR_IED_Ricaurte_S309_d4452,,,,,
2026-09-12T11:06:10-05:00,PUR_IED_RogelioS_1102_531e69,PUR_IED_RogelioS_1102_531e69,,,,,
2026-09-12T11:06:10-05:00,PUR_IED_RogelioS_Ext_f25a18,PUR_IED_RogelioS_Ext_f25a18,,,,,
2026-09-12T11:06:10-05:00,PUR_IED_SBernardino_Ext_27aff8,PUR_IED_SBernardino_Ext_27aff8,,,,,
2026-09-12T11:06:10-05:00,PUR_IED_SBernardino_SArte_2ffd33,PUR_IED_SBernardino_SArte_2ffd33,,,,,
2026-09-12T11:06:10-05:00,PUR_IED_SBernardino_SIngl_7c7da5,PUR_IED_SBernardino_SIngl_7c7da5,,,,,
2026-09-12T11:06:10-05:00,PUR_IED_Sago_auditorio_dc9d1d,PUR_IED_Sago_auditorio_dc9d1d,,,,,
2026-09-12T11:06:10-05:00,PUR_IED_Saludcoop_Ext_95aac3,PUR_IED_Saludcoop_Ext_95aac3,,,,,
2026-09-12T11:06:10-05:00,PUR_IED_Saludcoop_InfI_90c854,PUR_IED_Saludcoop_InfI_90c854,,,,,
2026-09-12T11:06:10-05:00,PUR_IED_Saludcoop_SMedia_1b93be,PUR_IED_Saludcoop_SMedia_1b93be,,,,,
2026-09-12T11:06:10-05:00,PUR_IED_SanCarlos_1101_1a2360,PUR_IED_SanCarlos_1101_1a2360,,,,,
2026-09-12T11:06:10-05:00,PUR_IED_SanCarlos_1103_7bafb5,PUR_IED_SanCarlos_1103_7bafb5,,,,,
2026-09-12T11:06:10-05:00,PUR_IED_SanCarlos_Ext_b7cd1,PUR_IED_SanCarlos_Ext_b7cd1,,,,,
2026-09-12T11:06:10-05:00,PUR_IED_SanIgnacioBosa11a_50c26e,PUR_IED_SanIgnacioBosa11a_50c26e,,,,,
2026-09-12T11:06:10-05:00,PUR_IED_SanIgnacioBosa11b_371de8,PUR_IED_SanIgnacioBosa11b_371de8,,,,,
2026-09-12T11:06:10-05:00,PUR_IED_SanIgnacioBosaExt_ef0ffc,PUR_IED_SanIgnacioBosaExt_ef0ffc,,,,,
2026-09-12T11:06:10-05:00,PUR_IED_SanIgnacioBosa_11a_50c26e,PUR_IED_SanIgnacioBosa_11a_50c26e,,,,,
2026-09-12T11:06:10-05:00,PUR_IED_SanIgnacioBosa_Ext_ef0ffc,PUR_IED_SanIgnacioBosa_Ext_ef0ffc,,,,,
2026-09-12T11:06:10-05:00,PUR_IED_SanJoseN_intS1101_31c47f,PUR_IED_SanJoseN_intS1101_31c47f,,,,,
2026-09-12T11:06:10-05:00,PUR_IED_SanJoseUsm_Exter_f5d7e8,PUR_IED_SanJoseUsm_Exter_f5d7e8,,,,,
2026-09-12T11:06:10-05:00,PUR_IED_SanJoseUsm_Int11A_cfdef6,PUR_IED_SanJoseUsm_Int11A_cfdef6,,,,,
2026-09-12T11:06:10-05:00,PUR_IED_SilveriaR_IntB5_905349,PUR_IED_SilveriaR_IntB5_905349,,,,,
2026-09-12T11:06:10-05:00,PUR_IED_SilveriaR_IntSD14_981f93,PUR_IED_SilveriaR_IntSD14_981f93,,,,,
2026-09-12T11:06:10-05:00,PUR_IED_SilveriaR_ext_2b651d,PUR_IED_SilveriaR_ext_2b651d,,,,,
2026-09-12T11:06:10-05:00,PUR_IED_SimonB_Exterior_913975,PUR_IED_SimonB_Exterior_913975,,,,,
2026-09-12T11:06:10-05:00,PUR_IED_SimonB_LabQuimi_c56908,PUR_IED_SimonB_LabQuimi_c56908,,,,,
2026-09-12T11:06:10-05:00,PUR_IED_SimonB_informatic_a28c1,PUR_IED_SimonB_informatic_a28c1,,,,,
2026-09-12T11:06:10-05:00,PUR_IED_Sorrento_1102_315f50,PUR_IED_Sorrento_1102_315f50,,,,,
2026-09-12T11:06:10-05:00,PUR_IED_Sorrento_Minte_214eab,PUR_IED_Sorrento_Minte_214eab,,,,,
2026-09-12T11:06:10-05:00,PUR_IED_Sorrento_ext_7c3a0a,PUR_IED_Sorrento_ext_7c3a0a,,,,,
2026-09-12T11:06:10-05:00,PUR_IED_Tabora_Ext_f048ae,PUR_IED_Tabora_Ext_f048ae,,,,,
2026-09-12T11:06:10-05:00,PUR_IED_Tabora_S1102_b07752,PUR_IED_Tabora_S1102_b07752,,,,,
2026-09-12T11:06:10-05:00,PUR_IED_Tabora_S1103_d988f5,PUR_IED_Tabora_S1103_d988f5,,,,,
2026-09-12T11:06:10-05:00,PUR_IED_Tenerife_Ext_1ab188,PUR_IED_Tenerife_Ext_1ab188,,,,,
2026-09-12T11:06:10-05:00,PUR_IED_Tenerife_SDanzas_7bc02e,PUR_IED_Tenerife_SDanzas_7bc02e,,,,,
2026-09-12T11:06:10-05:00,PUR_IED_Tenerife_SIngles_7cc277,PUR_IED_Tenerife_SIngles_7cc277,,,,,
2026-09-12T11:06:10-05:00,PUR_IED_Tibabuyes_Exter_f2683d,PUR_IED_Tibabuyes_Exter_f2683d,,,,,
2026-09-12T11:06:10-05:00,PUR_IED_Tibabuyes_S10_dc87a8,PUR_IED_Tibabuyes_S10_dc87a8,,,,,
2026-09-12T11:06:10-05:00,PUR_IED_Tibabuyes_S15_dc0526,PUR_IED_Tibabuyes_S15_dc0526,,,,,
2026-09-12T11:06:10-05:00,PUR_IED_UnionE_S301_a1043,PUR_IED_UnionE_S301_a1043,,,,,
2026-09-12T11:06:10-05:00,PUR_IED_UnionE_S307_ff6c2f,PUR_IED_UnionE_S307_ff6c2f,,,,,
2026-09-12T11:06:10-05:00,PUR_IED_UnionE__Ext_5e2468,PUR_IED_UnionE__Ext_5e2468,,,,,
2026-09-12T11:06:10-05:00,PUR_IED_VillaRica_Ext_75be7c,PUR_IED_VillaRica_Ext_75be7c,,,,,
2026-09-12T11:06:10-05:00,PUR_IED_VillaRica_S4_cc5dcd,PUR_IED_VillaRica_S4_cc5dcd,,,,,
2026-09-12T11:06:10-05:00,PUR_IED_VillaRica_Sesp_99f5c,PUR_IED_VillaRica_Sesp_99f5c,,,,,
2026-09-12T11:11:07-05:00,PUR_IED_20deJulio_1101_91b1b9,PUR_IED_20deJulio_1101_91b1b9,,,,,
2026-09-12T11:11:07-05:00,PUR_IED_20deJulio_1102_1cfcf9,PUR_IED_20deJulio_1102_1cfcf9,,,,,
2026-09-12T11:11:07-05:00,PUR_IED_20deJulio_Ext_ab60bd,PUR_IED_20deJulio_Ext_ab60bd,,,,,
2026-09-12T11:11:07-05:00,PUR_IED_AgustinFer_Ext_7b9b77,PUR_IED_AgustinFer_Ext_7b9b77,,,,,
2026-09-12T11:11:07-05:00,PUR_IED_AgustinFer_Info2_27b3a7,PUR_IED_AgustinFer_Info2_27b3a7,,,,,
2026-09-12T11:11:07-05:00,PUR_IED_AgustinFer_Sena_54b4eb,PUR_IED_AgustinFer_Sena_54b4eb,,,,,
2026-09-12T11:11:07-05:00,PUR_IED_AlexanderF_1102_caf07b,PUR_IED_AlexanderF_1102_caf07b,,,,,
2026-09-12T11:11:07-05:00,PUR_IED_AlexanderF_1103_c79e71,PUR_IED_AlexanderF_1103_c79e71,,,,,
2026-09-12T11:11:07-05:00,PUR_IED_AlexanderF_Ext_c5b18b,PUR_IED_AlexanderF_Ext_c5b18b,,,,,
2026-09-12T11:11:07-05:00,PUR_IED_AlfonsoLopez_Ext_281d77,PUR_IED_AlfonsoLopez_Ext_281d77,,,,,
2026-09-12T11:11:07-05:00,PUR_IED_AlfonsoLopez_LabF_888ce0,PUR_IED_AlfonsoLopez_LabF_888ce0,,,,,
2026-09-12T11:11:07-05:00,PUR_IED_AlfonsoLopez_SMed_df6a7f,PUR_IED_AlfonsoLopez_SMed_df6a7f,,,,,
2026-09-12T11:11:07-05:00,PUR_IED_AltamiraSO_A2_209f92,PUR_IED_AltamiraSO_A2_209f92,,,,,
2026-09-12T11:11:07-05:00,PUR_IED_AltamiraSO_Ext_186d66,PUR_IED_AltamiraSO_Ext_186d66,,,,,
2026-09-12T11:11:07-05:00,PUR_IED_AltamiraSO_Sistem_27afe1,PUR_IED_AltamiraSO_Sistem_27afe1,,,,,
2026-09-12T11:11:07-05:00,PUR_IED_AlvaroGom_LabQuim_813179,PUR_IED_AlvaroGom_LabQuim_813179,,,,,
2026-09-12T11:11:07-05:00,PUR_IED_AlvaroGomez_Ext_47c7ca,PUR_IED_AlvaroGomez_Ext_47c7ca,,,,,
2026-09-12T11:11:07-05:00,PUR_IED_AlvaroGomez_LabQuim_813179,PUR_IED_AlvaroGomez_LabQuim_813179,,,,,
2026-09-12T11:11:07-05:00,PUR_IED_AlvaroGomez_S23_7ba89f,PUR_IED_AlvaroGomez_S23_7ba89f,,,,,
2026-09-12T11:11:07-05:00,PUR_IED_Amistad_306_dc8728,PUR_IED_Amistad_306_dc8728,,,,,
2026-09-12T11:11:07-05:00,PUR_IED_Amistad_Ext_8cd55e,PUR_IED_Amistad_Ext_8cd55e,,,,,
2026-09-12T11:11:07-05:00,PUR_IED_Amistad_S202_a41169,PUR_IED_Amistad_S202_a41169,,,,,
2026-09-12T11:11:07-05:00,PUR_IED_AndresBello_Bio_fd5f5e,PUR_IED_AndresBello_Bio_fd5f5e,,,,,
2026-09-12T11:11:07-05:00,PUR_IED_AndresBello_ext_dcad65,PUR_IED_AndresBello_ext_dcad65,,,,,
2026-09-12T11:11:07-05:00,PUR_IED_AndresBello_port_eed3ec,PUR_IED_AndresBello_port_eed3ec,,,,,
2026-09-12T11:11:07-05:00,PUR_IED_AngelaR_11b_d90a6b,PUR_IED_AngelaR_11b_d90a6b,,,,,
2026-09-12T11:11:07-05:00,PUR_IED_AngelaR_ext_7cad3e,PUR_IED_AngelaR_ext_7cad3e,4,21,57,4.5825,-74.164497
2026-09-12T11:11:07-05:00,PUR_IED_AntJoseSucre_10mo_df2575,PUR_IED_AntJoseSucre_10mo_df2575,,,,,
2026-09-12T11:11:07-05:00,PUR_IED_AntJoseSucre_Ext_215b36,PUR_IED_AntJoseSucre_Ext_215b36,,,,,
2026-09-12T11:11:07-05:00,PUR_IED_AntJoseSucre_Lab_3139de,PUR_IED_AntJoseSucre_Lab_3139de,,,,,
2026-09-12T11:11:07-05:00,PUR_IED_AntonioGarcia_301_d6b188,PUR_IED_AntonioGarcia_301_d6b188,,,,,
2026-09-12T11:11:07-05:00,PUR_IED_AntonioGarcia_302_88a82,PUR_IED_AntonioGarcia_302_88a82,,,,,
2026-09-12T11:11:07-05:00,PUR_IED_AntonioGarcia_Ext_20950c,PUR_IED_AntonioGarcia_Ext_20950c,,,,,
2026-09-12T11:11:07-05:00,PUR_IED_AntonioVan_Aula2_6dea02,PUR_IED_AntonioVan_Aula2_6dea02,,,,,
2026-09-12T11:11:07-05:00,PUR_IED_AntonioVan_Aula5_f1557e,PUR_IED_AntonioVan_Aula5_f1557e,,,,,
2026-09-12T11:11:07-05:00,PUR_IED_AntonioVan_Ext_406f2f,PUR_IED_AntonioVan_Ext_406f2f,,,,,
2026-09-12T11:11:07-05:00,PUR_IED_Atabanzha_Ext_cc5af9,PUR_IED_Atabanzha_Ext_cc5af9,,,,,
2026-09-12T11:11:07-05:00,PUR_IED_Atabanzha_SA101_56c37,PUR_IED_Atabanzha_SA101_56c37,,,,,
2026-09-12T11:11:07-05:00,PUR_IED_Atabanzha_SB302_27b374,PUR_IED_Atabanzha_SB302_27b374,,,,,
2026-09-12T11:11:07-05:00,PUR_IED_Atahualpa_Ext_fc1748,PUR_IED_Atahualpa_Ext_fc1748,,,,,
2026-09-12T11:11:07-05:00,PUR_IED_Atahualpa_Informa_dc9a95,PUR_IED_Atahualpa_Informa_dc9a95,,,,,
2026-09-12T11:11:07-05:00,PUR_IED_Atahualpa_S1101_f98056,PUR_IED_Atahualpa_S1101_f98056,,,,,
2026-09-12T11:11:07-05:00,PUR_IED_Bellavista_Ext_f5aa74,PUR_IED_Bellavista_Ext_f5aa74,,,,,
2026-09-12T11:11:07-05:00,PUR_IED_Bilbao_11A_916c41,PUR_IED_Bilbao_11A_916c41,,,,,
2026-09-12T11:11:07-05:00,PUR_IED_Bilbao_Ext_fb579a,PUR_IED_Bilbao_Ext_fb579a,,,,,
2026-09-12T11:11:07-05:00,PUR_IED_BrasiliaU_A125_304280,PUR_IED_BrasiliaU_A125_304280,,,,,
2026-09-12T11:11:07-05:00,PUR_IED_BrasiliaU_A203_7c8ca5,PUR_IED_BrasiliaU_A203_7c8ca5,,,,,
2026-09-12T11:11:07-05:00,PUR_IED_BrasiliaU_Ext_8d6e9f,PUR_IED_BrasiliaU_Ext_8d6e9f,4,19,57,4.5175,-74.116302
2026-09-12T11:11:07-05:00,PUR_IED_Brasilia_Ext_fe6593,PUR_IED_Brasilia_Ext_fe6593,,,,,
2026-09-12T11:11:07-05:00,PUR_IED_Brasilia_S24_7c130d,PUR_IED_Brasilia_S24_7c130d,,,,,
2026-09-12T11:11:07-05:00,PUR_IED_Brasilia_S501_186a54,PUR_IED_Brasilia_S501_186a54,,,,,
2026-09-12T11:11:07-05:00,PUR_IED_CHARRY_EXT_f1d5cd,PUR_IED_CHARRY_EXT_f1d5cd,,,,,
2026-09-12T11:11:07-05:00,PUR_IED_CHARRY_INTDANZAS_7a08e6,PUR_IED_CHARRY_INTDANZAS_7a08e6,,,,,
2026-09-12T11:11:07-05:00,PUR_IED_CHARRY_INT_AULA20_dc998d,PUR_IED_CHARRY_INT_AULA20_dc998d,,,,,
2026-09-12T11:11:07-05:00,PUR_IED_COLVIV_1101_S25_7f520a,PUR_IED_COLVIV_1101_S25_7f520a,,,,,
2026-09-12T11:11:07-05:00,PUR_IED_COLVIV_1102_S16_f570ba,PUR_IED_COLVIV_1102_S16_f570ba,,,,,
2026-09-12T11:11:07-05:00,PUR_IED_COLVIV_Ext_1a26fa,PUR_IED_COLVIV_Ext_1a26fa,,,,,
2026-09-12T11:11:07-05:00,PUR_IED_CULPOP_301A_f660f3,PUR_IED_CULPOP_301A_f660f3,,,,,
2026-09-12T11:11:07-05:00,PUR_IED_CULPOP_303_568afe,PUR_IED_CULPOP_303_568afe,,,,,
2026-09-12T11:11:07-05:00,PUR_IED_CULPOP_Ext_e02ccb,PUR_IED_CULPOP_Ext_e02ccb,,,,,
2026-09-12T11:11:07-05:00,PUR_IED_CVillavicen_Ext_26eb58,PUR_IED_CVillavicen_Ext_26eb58,4,17,73,4.487,-74.102798
2026-09-12T11:11:07-05:00,PUR_IED_CVillavicen_Intel_1ce5c2,PUR_IED_CVillavicen_Intel_1ce5c2,,,,,
2026-09-12T11:11:07-05:00,PUR_IED_CVillavicen_Poliv_e0766c,PUR_IED_CVillavicen_Poliv_e0766c,,,,,
2026-09-12T11:11:07-05:00,PUR_IED_CVillavicen_int_1ba140,PUR_IED_CVillavicen_int_1ba140,,,,,
2026-09-12T11:11:07-05:00,PUR_IED_CVillavicen_intel_1ba140,PUR_IED_CVillavicen_intel_1ba140,,,,,
2026-09-12T11:11:07-05:00,PUR_IED_CarlosPizarro_Ext_e307cc,PUR_IED_CarlosPizarro_Ext_e307cc,,,,,
2026-09-12T11:11:07-05:00,PUR_IED_CarlosPizarro_L36_7e5cdb,PUR_IED_CarlosPizarro_L36_7e5cdb,,,,,
2026-09-12T11:11:07-05:00,PUR_IED_CarlosPizarro_L37_c8566c,PUR_IED_CarlosPizarro_L37_c8566c,,,,,
2026-09-12T11:11:07-05:00,PUR_IED_Castilla_Ext_cf35f,PUR_IED_Castilla_Ext_cf35f,,,,,
2026-09-12T11:11:07-05:00,PUR_IED_Castilla_SFisik_360e38,PUR_IED_Castilla_SFisik_360e38,,,,,
2026-09-12T11:11:07-05:00,PUR_IED_Castilla_Sc304_496fbf,PUR_IED_Castilla_Sc304_496fbf,,,,,
2026-09-12T11:11:07-05:00,PUR_IED_CervantesSa_Ext_6b57b,PUR_IED_CervantesSa_Ext_6b57b,2,20,64,4.5128,-74.117203
2026-09-12T11:11:07-05:00,PUR_IED_CervantesSa_S107_225c2b,PUR_IED_CervantesSa_S107_225c2b,,,,,
2026-09-12T11:11:07-05:00,PUR_IED_CervantesSa_S108_940925,PUR_IED_CervantesSa_S108_940925,,,,,
2026-09-12T11:11:07-05:00,PUR_IED_Charry_A20_f53e7c,PUR_IED_Charry_A20_f53e7c,,,,,
2026-09-12T11:11:07-05:00,PUR_IED_Charry_Ext_f1d5cd,PUR_IED_Charry_Ext_f1d5cd,,,,,
2026-09-12T11:11:07-05:00,PUR_IED_Charry_IntAula20_dc998d,PUR_IED_Charry_IntAula20_dc998d,,,,,
2026-09-12T11:11:07-05:00,PUR_IED_Charry_IntDanzas_7a08e6,PUR_IED_Charry_IntDanzas_7a08e6,,,,,
2026-09-12T11:11:07-05:00,PUR_IED_ClememciaC_203_43e2fc,PUR_IED_ClememciaC_203_43e2fc,,,,,
2026-09-12T11:11:07-05:00,PUR_IED_ClememciaC_Ext_1b411a,PUR_IED_ClememciaC_Ext_1b411a,,,,,
2026-09-12T11:11:07-05:00,PUR_IED_ClememciaC_Quimic_44b5fc,PUR_IED_ClememciaC_Quimic_44b5fc,,,,,
2026-09-12T11:11:07-05:00,PUR_IED_ClemenciaC_203_43e2fc,PUR_IED_ClemenciaC_203_43e2fc,,,,,
2026-09-12T11:11:07-05:00,PUR_IED_ClemenciaC_Ext_1b411a,PUR_IED_ClemenciaC_Ext_1b411a,,,,,
2026-09-12T11:11:07-05:00,PUR_IED_ClemenciaC_Quimic_44b5fc,PUR_IED_ClemenciaC_Quimic_44b5fc,,,,,
2026-09-12T11:11:07-05:00,PUR_IED_ColViva_1101_S25_7f520a,PUR_IED_ColViva_1101_S25_7f520a,,,,,
2026-09-12T11:11:07-05:00,PUR_IED_ColViva_1102_S16_f570ba,PUR_IED_ColViva_1102_S16_f570ba,,,,,
2026-09-12T11:11:07-05:00,PUR_IED_ColViva_Ext_1a26fa,PUR_IED_ColViva_Ext_1a26fa,,,,,
2026-09-12T11:11:07-05:00,PUR_IED_ColegioBici_Asist_7c8798,PUR_IED_ColegioBici_Asist_7c8798,,,,,
2026-09-12T11:11:07-05:00,PUR_IED_ColegioBici_Ext_25cbf6,PUR_IED_ColegioBici_Ext_25cbf6,,,,,
2026-09-12T11:11:07-05:00,PUR_IED_ColegioBici_LabQ_7b57db,PUR_IED_ColegioBici_LabQ_7b57db,,,,,
2026-09-12T11:11:07-05:00,PUR_IED_CostaRica_Ext_5e640,PUR_IED_CostaRica_Ext_5e640,,,,,
2026-09-12T11:11:07-05:00,PUR_IED_CostaRica_Quim1_766d1c,PUR_IED_CostaRica_Quim1_766d1c,,,,,
2026-09-12T11:11:07-05:00,PUR_IED_CostaRica__Fisica_6f0873,PUR_IED_CostaRica__Fisica_6f0873,,,,,
2026-09-12T11:11:07-05:00,PUR_IED_CulPopu_301A_f660f3,PUR_IED_CulPopu_301A_f660f3,,,,,
2026-09-12T11:11:07-05:00,PUR_IED_CulPopu_303_568afe,PUR_IED_CulPopu_303_568afe,,,,,
2026-09-12T11:11:07-05:00,PUR_IED_CulPopu_Ext_e02ccb,PUR_IED_CulPopu_Ext_e02ccb,,,,,
2026-09-12T11:11:07-05:00,PUR_IED_Cundinamarca_Ext_f15985,PUR_IED_Cundinamarca_Ext_f15985,,,,,
2026-09-12T11:11:07-05:00,PUR_IED_Cundinamarca_Info_7aa5d7,PUR_IED_Cundinamarca_Info_7aa5d7,,,,,
2026-09-12T11:11:07-05:00,PUR_IED_Cundinamarca_Tec2_f449c7,PUR_IED_Cundinamarca_Tec2_f449c7,,,,,
2026-09-12T11:11:07-05:00,PUR_IED_DiegoM_Aula1_27b314,PUR_IED_DiegoM_Aula1_27b314,,,,,
2026-09-12T11:11:07-05:00,PUR_IED_DiegoM_Ext_d80ac8,PUR_IED_DiegoM_Ext_d80ac8,,,,,
2026-09-12T11:11:07-05:00,PUR_IED_DiegoM_S25_da928f,PUR_IED_DiegoM_S25_da928f,,,,,
2026-09-12T11:11:07-05:00,PUR_IED_ELRODEO_360881,PUR_IED_ELRODEO_360881,,,,,
2026-09-12T11:11:07-05:00,PUR_IED_ELRODEO_ext_360881,PUR_IED_ELRODEO_ext_360881,,,,,
2026-09-12T11:11:07-05:00,PUR_IED_EduardoU_Ext_1c1969,PUR_IED_EduardoU_Ext_1c1969,,,,,
2026-09-12T11:11:07-05:00,PUR_IED_EduardoU_SCiencia_4dfb94,PUR_IED_EduardoU_SCiencia_4dfb94,,,,,
2026-09-12T11:11:07-05:00,PUR_IED_EduardoU_SQuimica_5a46e7,PUR_IED_EduardoU_SQuimica_5a46e7,,,,,
2026-09-12T11:11:07-05:00,PUR_IED_ElRodeo_Aula14_676984,PUR_IED_ElRodeo_Aula14_676984,,,,,
2026-09-12T11:11:07-05:00,PUR_IED_ElRodeo_Aula16_2dd35b,PUR_IED_ElRodeo_Aula16_2dd35b,,,,,
2026-09-12T11:11:07-05:00,PUR_IED_ElRodeo_Ext_360881,PUR_IED_ElRodeo_Ext_360881,,,,,
2026-09-12T11:11:07-05:00,PUR_IED_ElRodeo_Exterior_8c6d28,PUR_IED_ElRodeo_Exterior_8c6d28,,,,,
2026-09-12T11:11:07-05:00,PUR_IED_ElRodeo_ext_360881,PUR_IED_ElRodeo_ext_360881,,,,,
2026-09-12T11:11:07-05:00,PUR_IED_EmmaReyes_Ext_987625,PUR_IED_EmmaReyes_Ext_987625,6,22,48,4.6367,-74.1511
2026-09-12T11:11:07-05:00,PUR_IED_Ensueño_Ext_7f0250,PUR_IED_Ensueño_Ext_7f0250,,,,,
2026-09-12T11:11:07-05:00,PUR_IED_EscNormal_Ext_5fef3b,PUR_IED_EscNormal_Ext_5fef3b,2,22,52,4.5852,-74.096901
2026-09-12T11:11:07-05:00,PUR_IED_EscNormal_S309_5b263,PUR_IED_EscNormal_S309_5b263,,,,,
2026-09-12T11:11:07-05:00,PUR_IED_EscNormal_S310_27b3b8,PUR_IED_EscNormal_S310_27b3b8,,,,,
2026-09-12T11:11:07-05:00,PUR_IED_Evangelista_Conta_f6cd4f,PUR_IED_Evangelista_Conta_f6cd4f,,,,,
2026-09-12T11:11:07-05:00,PUR_IED_Evangelista_Cri_5e16a,PUR_IED_Evangelista_Cri_5e16a,,,,,
2026-09-12T11:11:07-05:00,PUR_IED_Evangelista_Exter_754066,PUR_IED_Evangelista_Exter_754066,,,,,
2026-09-12T11:11:07-05:00,PUR_IED_FMiranda_S209_5cc2a3,PUR_IED_FMiranda_S209_5cc2a3,,,,,
2026-09-12T11:11:07-05:00,PUR_IED_FMiranda_S303_19e344,PUR_IED_FMiranda_S303_19e344,,,,,
2026-09-12T11:11:07-05:00,PUR_IED_FMiranda_ext_f53e7c,PUR_IED_FMiranda_ext_f53e7c,,,,,
2026-09-12T11:11:07-05:00,PUR_IED_FabioLozano_Bibli_1cee05,PUR_IED_FabioLozano_Bibli_1cee05,,,,,
2026-09-12T11:11:07-05:00,PUR_IED_FabioLozano_Ext_6ea285,PUR_IED_FabioLozano_Ext_6ea285,,,,,
2026-09-12T11:11:07-05:00,PUR_IED_FabioLozano_SLudi_f09e1e,PUR_IED_FabioLozano_SLudi_f09e1e,,,,,
2026-09-12T11:11:07-05:00,PUR_IED_FaustinoS_Aula07_27a731,PUR_IED_FaustinoS_Aula07_27a731,,,,,
2026-09-12T11:11:07-05:00,PUR_IED_FaustinoS_Ext_7b936f,PUR_IED_FaustinoS_Ext_7b936f,,,,,
2026-09-12T11:11:07-05:00,PUR_IED_FaustinoS_Fisica_da2c60,PUR_IED_FaustinoS_Fisica_da2c60,,,,,
2026-09-12T11:11:07-05:00,PUR_IED_FeGarciaLo_Ext_dc68ee,PUR_IED_FeGarciaLo_Ext_dc68ee,,,,,
2026-09-12T11:11:07-05:00,PUR_IED_FeGarciaLo_SDanza_f70a59,PUR_IED_FeGarciaLo_SDanza_f70a59,,,,,
2026-09-12T11:11:07-05:00,PUR_IED_FeGarciaLo_SMusic_125cdd,PUR_IED_FeGarciaLo_SMusic_125cdd,,,,,
2026-09-12T11:11:07-05:00,PUR_IED_FederalAlema_Exte_50c345,PUR_IED_FederalAlema_Exte_50c345,,,,,
2026-09-12T11:11:07-05:00,PUR_IED_FederalAlema_S31_f18371,PUR_IED_FederalAlema_S31_f18371,,,,,
2026-09-12T11:11:07-05:00,PUR_IED_FederalAlema_S901_a62cd,PUR_IED_FederalAlema_S901_a62cd,,,,,
2026-09-12T11:11:07-05:00,PUR_IED_FilarmonicaS_A5_f35eb1,PUR_IED_FilarmonicaS_A5_f35eb1,,,,,
2026-09-12T11:11:07-05:00,PUR_IED_FilarmonicaS_Ext_8a3bde,PUR_IED_FilarmonicaS_Ext_8a3bde,,,,,
2026-09-12T11:11:07-05:00,PUR_IED_FilarmonicaS_Spol_406114,PUR_IED_FilarmonicaS_Spol_406114,,,,,
2026-09-12T11:11:07-05:00,PUR_IED_FlorentinoG_A13_d1fa59,PUR_IED_FlorentinoG_A13_d1fa59,,,,,
2026-09-12T11:11:07-05:00,PUR_IED_FlorentinoG_Ext_1ce6ce,PUR_IED_FlorentinoG_Ext_1ce6ce,,,,,
2026-09-12T11:11:07-05:00,PUR_IED_FlorentinoG_Idiom_a66aac,PUR_IED_FlorentinoG_Idiom_a66aac,,,,,
2026-09-12T11:11:07-05:00,PUR_IED_FranciscoMati_Ext_e3869d,PUR_IED_FranciscoMati_Ext_e3869d,,,,,
2026-09-12T11:11:07-05:00,PUR_IED_FranciscoMati_S13_f31c67,PUR_IED_FranciscoMati_S13_f31c67,,,,,
2026-09-12T11:11:07-05:00,PUR_IED_FranciscoMati_S14_97dead,PUR_IED_FranciscoMati_S14_97dead,,,,,
2026-09-12T11:11:07-05:00,PUR_IED_FranciscoPS_Ext_7bfa9a,PUR_IED_FranciscoPS_Ext_7bfa9a,2,23,51,4.5899,-74.110397
2026-09-12T11:11:07-05:00,PUR_IED_FranciscoPS_Infor_fb8f4c,PUR_IED_FranciscoPS_Infor_fb8f4c,,,,,
2026-09-12T11:11:07-05:00,PUR_IED_FranciscoPS_Quimi_94d39c,PUR_IED_FranciscoPS_Quimi_94d39c,,,,,
2026-09-12T11:11:07-05:00,PUR_IED_FranciscoP_LabQ_d7e148,PUR_IED_FranciscoP_LabQ_d7e148,,,,,
2026-09-12T11:11:07-05:00,PUR_IED_FranciscoP_S28_cf9b30,PUR_IED_FranciscoP_S28_cf9b30,,,,,
2026-09-12T11:11:07-05:00,PUR_IED_FranciscoP_ext_e2313,PUR_IED_FranciscoP_ext_e2313,,,,,
2026-09-12T11:11:07-05:00,PUR_IED_FriederichN_Ext_8ac92a,PUR_IED_FriederichN_Ext_8ac92a,,,,,
2026-09-12T11:11:07-05:00,PUR_IED_FriederichN_S301_dd7e5a,PUR_IED_FriederichN_S301_dd7e5a,,,,,
2026-09-12T11:11:07-05:00,PUR_IED_FriederichN_S308_761f4f,PUR_IED_FriederichN_S308_761f4f,,,,,
2026-09-12T11:11:07-05:00,PUR_IED_GSantander_Aula10_533dd7,PUR_IED_GSantander_Aula10_533dd7,,,,,
2026-09-12T11:11:07-05:00,PUR_IED_GSantander_Aula12_fd4e4f,PUR_IED_GSantander_Aula12_fd4e4f,,,,,
2026-09-12T11:11:07-05:00,PUR_IED_GSantander_Aula310_533dd7,PUR_IED_GSantander_Aula310_533dd7,,,,,
2026-09-12T11:11:07-05:00,PUR_IED_GSantander_Aula312_fd4e4f,PUR_IED_GSantander_Aula312_fd4e4f,,,,,
2026-09-12T11:11:07-05:00,PUR_IED_GSantander_Ext_5f66b0,PUR_IED_GSantander_Ext_5f66b0,,,,,
2026-09-12T11:11:07-05:00,PUR_IED_GYomasa_Ext_f6bea5,PUR_IED_GYomasa_Ext_f6bea5,,,,,
2026-09-12T11:11:07-05:00,PUR_IED_GYomasa_LBiol_2c41aa,PUR_IED_GYomasa_LBiol_2c41aa,,,,,
2026-09-12T11:11:07-05:00,PUR_IED_GYomasa_LQuim_33c80,PUR_IED_GYomasa_LQuim_33c80,,,,,
2026-09-12T11:11:07-05:00,PUR_IED_GabBetMejia_Cienc_5a99c,PUR_IED_GabBetMejia_Cienc_5a99c,,,,,
2026-09-12T11:11:07-05:00,PUR_IED_GabBetMejia_Ext_9153d0,PUR_IED_GabBetMejia_Ext_9153d0,,,,,
2026-09-12T11:11:07-05:00,PUR_IED_GabBetMejia_Lab_f55347,PUR_IED_GabBetMejia_Lab_f55347,,,,,
2026-09-12T11:11:07-05:00,PUR_IED_GabBetanMejia_Ext_9153d0,PUR_IED_GabBetanMejia_Ext_9153d0,,,,,
2026-09-12T11:11:07-05:00,PUR_IED_Gaitana_Aula13_7aac11,PUR_IED_Gaitana_Aula13_7aac11,,,,,
2026-09-12T11:11:07-05:00,PUR_IED_Gaitana_Ext_5fcf4,PUR_IED_Gaitana_Ext_5fcf4,,,,,
2026-09-12T11:11:07-05:00,PUR_IED_Gaitana_LabFisica_644448,PUR_IED_Gaitana_LabFisica_644448,,,,,
2026-09-12T11:11:07-05:00,PUR_IED_GenSantander_Dise_8ac858,PUR_IED_GenSantander_Dise_8ac858,,,,,
2026-09-12T11:11:07-05:00,PUR_IED_GenSantander_Ext_8d5dfe,PUR_IED_GenSantander_Ext_8d5dfe,,,,,
2026-09-12T11:11:07-05:00,PUR_IED_GenSantander_Info_6c25b,PUR_IED_GenSantander_Info_6c25b,,,,,
2026-09-12T11:11:07-05:00,PUR_IED_GustavoMo_Exterio_75e63d,PUR_IED_GustavoMo_Exterio_75e63d,,,,,
2026-09-12T11:11:07-05:00,PUR_IED_GustavoMo_LabFisi_224d37,PUR_IED_GustavoMo_LabFisi_224d37,,,,,
2026-09-12T11:11:07-05:00,PUR_IED_GustavoMo_S208_3e6918,PUR_IED_GustavoMo_S208_3e6918,,,,,
2026-09-12T11:11:07-05:00,PUR_IED_GustavoR_A02_8cd4a8,PUR_IED_GustavoR_A02_8cd4a8,,,,,
2026-09-12T11:11:07-05:00,PUR_IED_GustavoR_B11_5b0ed,PUR_IED_GustavoR_B11_5b0ed,,,,,
2026-09-12T11:11:07-05:00,PUR_IED_GustavoR_Ext_7a0c90,PUR_IED_GustavoR_Ext_7a0c90,,,,,
2026-09-12T11:11:07-05:00,PUR_IED_HernandoDuran_Ext_8cd82b,PUR_IED_HernandoDuran_Ext_8cd82b,,,,,
2026-09-12T11:11:07-05:00,PUR_IED_HernandoDuran_S24_2772c6,PUR_IED_HernandoDuran_S24_2772c6,,,,,
2026-09-12T11:11:07-05:00,PUR_IED_HernandoDuran_S30_f2de41,PUR_IED_HernandoDuran_S30_f2de41,,,,,
2026-09-12T11:11:07-05:00,PUR_IED_HolguInUr_S1101_8cd732,PUR_IED_HolguInUr_S1101_8cd732,,,,,
2026-09-12T11:11:07-05:00,PUR_IED_HolguinUr_Exter_ddae6d,PUR_IED_HolguinUr_Exter_ddae6d,,,,,
2026-09-12T11:11:07-05:00,PUR_IED_HolguinUr_LabQuim_92b952,PUR_IED_HolguinUr_LabQuim_92b952,,,,,
2026-09-12T11:11:07-05:00,PUR_IED_Isabel-II_Ext_5245cc,PUR_IED_Isabel-II_Ext_5245cc,2,20,53,4.6336,-74.153
2026-09-12T11:11:07-05:00,PUR_IED_Isabel-II_S_idiom_1c29aa,PUR_IED_Isabel-II_S_idiom_1c29aa,,,,,
2026-09-12T11:11:07-05:00,PUR_IED_Isabel-II_S_infor_fd741,PUR_IED_Isabel-II_S_infor_fd741,,,,,
2026-09-12T11:11:07-05:00,PUR_IED_IsidroSur_Exterio_5b90ea,PUR_IED_IsidroSur_Exterio_5b90ea,,,,,
2026-09-12T11:11:07-05:00,PUR_IED_IsidroSur_LabTec_56697a,PUR_IED_IsidroSur_LabTec_56697a,,,,,
2026-09-12T11:11:07-05:00,PUR_IED_IsidroSur_Robotic_b7c38f,PUR_IED_IsidroSur_Robotic_b7c38f,,,,,
2026-09-12T11:11:07-05:00,PUR_IED_IsmaelPerd_Ext_7b6672,PUR_IED_IsmaelPerd_Ext_7b6672,,,,,
2026-09-12T11:11:07-05:00,PUR_IED_IsmaelPerd_Inform_306540,PUR_IED_IsmaelPerd_Inform_306540,,,,,
2026-09-12T11:11:07-05:00,PUR_IED_IsmaelPerd_S30_2e2c83,PUR_IED_IsmaelPerd_S30_2e2c83,,,,,
2026-09-12T11:11:07-05:00,PUR_IED_JLozano_Exter_432910,PUR_IED_JLozano_Exter_432910,,,,,
2026-09-12T11:11:07-05:00,PUR_IED_JLozano_salaMulti_df5125,PUR_IED_JLozano_salaMulti_df5125,,,,,
2026-09-12T11:11:07-05:00,PUR_IED_JMCordoba_206_86f80b,PUR_IED_JMCordoba_206_86f80b,,,,,
2026-09-12T11:11:07-05:00,PUR_IED_JMCordoba_Ext_27ad97,PUR_IED_JMCordoba_Ext_27ad97,,,,,
2026-09-12T11:11:07-05:00,PUR_IED_JMCordoba_S310_d59ab4,PUR_IED_JMCordoba_S310_d59ab4,,,,,
2026-09-12T11:11:07-05:00,PUR_IED_Japon_Ext_549100,PUR_IED_Japon_Ext_549100,,,,,
2026-09-12T11:11:07-05:00,PUR_IED_Japon_Laboratorio_bec51d,PUR_IED_Japon_Laboratorio_bec51d,,,,,
2026-09-12T11:11:07-05:00,PUR_IED_Japon_informatica_d99327,PUR_IED_Japon_informatica_d99327,,,,,
2026-09-12T11:11:07-05:00,PUR_IED_Jazmin_Ext_d27bda,PUR_IED_Jazmin_Ext_d27bda,,,,,
2026-09-12T11:11:07-05:00,PUR_IED_Jazmin_Fisica_8d14d7,PUR_IED_Jazmin_Fisica_8d14d7,,,,,
2026-09-12T11:11:07-05:00,PUR_IED_Jazmin_Quimica_801cb5,PUR_IED_Jazmin_Quimica_801cb5,,,,,
2026-09-12T11:11:07-05:00,PUR_IED_JorgeGaitan_Exter_f098d1,PUR_IED_JorgeGaitan_Exter_f098d1,,,,,
2026-09-12T11:11:07-05:00,PUR_IED_JorgeGaitan_STec1_dc9d1d,PUR_IED_JorgeGaitan_STec1_dc9d1d,,,,,
2026-09-12T11:11:07-05:00,PUR_IED_JorgeGaitan_STec2_281e69,PUR_IED_JorgeGaitan_STec2_281e69,,,,,
2026-09-12T11:11:07-05:00,PUR_IED_JorgeSoto_Exterio_d9d0a2,PUR_IED_JorgeSoto_Exterio_d9d0a2,,,,,
2026-09-12T11:11:07-05:00,PUR_IED_JorgeSoto_LabFisi_209c54,PUR_IED_JorgeSoto_LabFisi_209c54,,,,,
2026-09-12T11:11:07-05:00,PUR_IED_JorgeSoto_S103_27b51a,PUR_IED_JorgeSoto_S103_27b51a,,,,,
2026-09-12T11:11:07-05:00,PUR_IED_JoseAcevedo_A02_e965eb,PUR_IED_JoseAcevedo_A02_e965eb,,,,,
2026-09-12T11:11:07-05:00,PUR_IED_JoseAcevedo_A07_dd5b4,PUR_IED_JoseAcevedo_A07_dd5b4,,,,,
2026-09-12T11:11:07-05:00,PUR_IED_JoseAcevedo_Ext_b47484,PUR_IED_JoseAcevedo_Ext_b47484,,,,,
2026-09-12T11:11:07-05:00,PUR_IED_JoseMarti_Exte_5b9bf,PUR_IED_JoseMarti_Exte_5b9bf,,,,,
2026-09-12T11:11:07-05:00,PUR_IED_JoseMarti_LabQuim_1c6c2d,PUR_IED_JoseMarti_LabQuim_1c6c2d,,,,,
2026-09-12T11:11:07-05:00,PUR_IED_JoseMarti_S_info_f5f177,PUR_IED_JoseMarti_S_info_f5f177,,,,,
2026-09-12T11:11:07-05:00,PUR_IED_Josejoaquin_Ext_dfc5dc,PUR_IED_Josejoaquin_Ext_dfc5dc,,,,,
2026-09-12T11:11:07-05:00,PUR_IED_Josejoaquin_S05_5b2a96,PUR_IED_Josejoaquin_S05_5b2a96,,,,,
2026-09-12T11:11:07-05:00,PUR_IED_Josejoaquin_S06_1ce7d2,PUR_IED_Josejoaquin_S06_1ce7d2,,,,,
2026-09-12T11:11:07-05:00,PUR_IED_JulioFlorez_Danza_9b82dd,PUR_IED_JulioFlorez_Danza_9b82dd,,,,,
2026-09-12T11:11:07-05:00,PUR_IED_JulioFlorez_Exter_f9f314,PUR_IED_JulioFlorez_Exter_f9f314,,,,,
2026-09-12T11:11:07-05:00,PUR_IED_JulioFlorez_info2_6b6e08,PUR_IED_JulioFlorez_info2_6b6e08,,,,,
2026-09-12T11:11:07-05:00,PUR_IED_LaBelleza_Aula13_1d00d8,PUR_IED_LaBelleza_Aula13_1d00d8,,,,,
2026-09-12T11:11:07-05:00,PUR_IED_LaBelleza_Ext_7bc08c,PUR_IED_LaBelleza_Ext_7bc08c,,,,,
2026-09-12T11:11:07-05:00,PUR_IED_LaChucua_Ext_8cd6d2,PUR_IED_LaChucua_Ext_8cd6d2,,,,,
2026-09-12T11:11:07-05:00,PUR_IED_LaChucua_S15_f578ce,PUR_IED_LaChucua_S15_f578ce,,,,,
2026-09-12T11:11:07-05:00,PUR_IED_LaChucua_S16_eebcf9,PUR_IED_LaChucua_S16_eebcf9,,,,,
2026-09-12T11:11:07-05:00,PUR_IED_LaFelicidad_Ext_fb5109,PUR_IED_LaFelicidad_Ext_fb5109,,,,,
2026-09-12T11:11:07-05:00,PUR_IED_LaMerced_206_66ebd,PUR_IED_LaMerced_206_66ebd,,,,,
2026-09-12T11:11:07-05:00,PUR_IED_LaMerced_207_6ebd6,PUR_IED_LaMerced_207_6ebd6,,,,,
2026-09-12T11:11:07-05:00,PUR_IED_LaMerced_ext_304311,PUR_IED_LaMerced_ext_304311,,,,,
2026-09-12T11:11:07-05:00,PUR_IED_Laureano_CiencNat_281e5e,PUR_IED_Laureano_CiencNat_281e5e,,,,,
2026-09-12T11:11:07-05:00,PUR_IED_Laureano_Comedor_f65c0a,PUR_IED_Laureano_Comedor_f65c0a,,,,,
2026-09-12T11:11:07-05:00,PUR_IED_Laureano_Exterior_7ab011,PUR_IED_Laureano_Exterior_7ab011,,,,,
2026-09-12T11:11:07-05:00,PUR_IED_LeonGreiff_Exte_dfe560,PUR_IED_LeonGreiff_Exte_dfe560,,,,,
2026-09-12T11:11:07-05:00,PUR_IED_LeonGreiff_S210_f264ed,PUR_IED_LeonGreiff_S210_f264ed,,,,,
2026-09-12T11:11:07-05:00,PUR_IED_LeonGreiff_SQuimi_e8296f,PUR_IED_LeonGreiff_SQuimi_e8296f,,,,,
2026-09-12T11:11:07-05:00,PUR_IED_LlanoOrientalS208_7b9fcd,PUR_IED_LlanoOrientalS208_7b9fcd,,,,,
2026-09-12T11:11:07-05:00,PUR_IED_LlanoOriental_Ext_fb3766,PUR_IED_LlanoOriental_Ext_fb3766,,,,,
2026-09-12T11:11:07-05:00,PUR_IED_LlanoOriental_S208_7b9fcd,PUR_IED_LlanoOriental_S208_7b9fcd,,,,,
2026-09-12T11:11:07-05:00,PUR_IED_LlanoOriental_S9_27b378,PUR_IED_LlanoOriental_S9_27b378,,,,,
2026-09-12T11:11:07-05:00,PUR_IED_LosTejares_1101_477602,PUR_IED_LosTejares_1101_477602,,,,,
2026-09-12T11:11:07-05:00,PUR_IED_LosTejares_11_d2c595,PUR_IED_LosTejares_11_d2c595,,,,,
2026-09-12T11:11:07-05:00,PUR_IED_LosTejares_12_477602,PUR_IED_LosTejares_12_477602,,,,,
2026-09-12T11:11:07-05:00,PUR_IED_LosTejares_Ext_8e2115,PUR_IED_LosTejares_Ext_8e2115,,,,,
2026-09-12T11:11:07-05:00,PUR_IED_MagdalenaO_B202_5ddda3,PUR_IED_MagdalenaO_B202_5ddda3,,,,,
2026-09-12T11:11:07-05:00,PUR_IED_MagdalenaO_B205_fb76e8,PUR_IED_MagdalenaO_B205_fb76e8,,,,,
2026-09-12T11:11:07-05:00,PUR_IED_MagdalenaO_ext_dc69cd,PUR_IED_MagdalenaO_ext_dc69cd,,,,,
2026-09-12T11:11:07-05:00,PUR_IED_ManueCepeda_artes_eee956,PUR_IED_ManueCepeda_artes_eee956,,,,,
2026-09-12T11:11:07-05:00,PUR_IED_ManuelCepeda_Ext_58313,PUR_IED_ManuelCepeda_Ext_58313,,,,,
2026-09-12T11:11:07-05:00,PUR_IED_ManuelCepeda_tec_1c5731,PUR_IED_ManuelCepeda_tec_1c5731,,,,,
2026-09-12T11:11:07-05:00,PUR_IED_ManuelS_Exterior_5b269,PUR_IED_ManuelS_Exterior_5b269,,,,,
2026-09-12T11:11:07-05:00,PUR_IED_ManuelS_Inform_f369ce,PUR_IED_ManuelS_Inform_f369ce,,,,,
2026-09-12T11:11:07-05:00,PUR_IED_ManuelS_SArtes_7d15f1,PUR_IED_ManuelS_SArtes_7d15f1,,,,,
2026-09-12T11:11:07-05:00,PUR_IED_ManuelZapata_303_3ca6,PUR_IED_ManuelZapata_303_3ca6,,,,,
2026-09-12T11:11:07-05:00,PUR_IED_ManuelZapata_311_bfbabc,PUR_IED_ManuelZapata_311_bfbabc,,,,,
2026-09-12T11:11:07-05:00,PUR_IED_ManuelZapata_Ext_50824a,PUR_IED_ManuelZapata_Ext_50824a,,,,,
2026-09-12T11:11:07-05:00,PUR_IED_ManuelitaS_Exteri_656a92,PUR_IED_ManuelitaS_Exteri_656a92,,,,,
2026-09-12T11:11:07-05:00,PUR_IED_ManuelitaS_JuzgDe_f58ec3,PUR_IED_ManuelitaS_JuzgDe_f58ec3,,,,,
2026-09-12T11:11:07-05:00,PUR_IED_ManuelitaS_Recrea_d793db,PUR_IED_ManuelitaS_Recrea_d793db,,,,,
2026-09-12T11:11:07-05:00,PUR_IED_MarFidSuarez_Ext_c27b19,PUR_IED_MarFidSuarez_Ext_c27b19,,,,,
2026-09-12T11:11:07-05:00,PUR_IED_MarFidSuarez_Info_e384d7,PUR_IED_MarFidSuarez_Info_e384d7,,,,,
2026-09-12T11:11:07-05:00,PUR_IED_MarFidSuarez_S306_1d0032,PUR_IED_MarFidSuarez_S306_1d0032,,,,,
2026-09-12T11:11:07-05:00,PUR_IED_Menorah_301_2a25a3,PUR_IED_Menorah_301_2a25a3,,,,,
2026-09-12T11:11:07-05:00,PUR_IED_Menorah_306_37ed3,PUR_IED_Menorah_306_37ed3,,,,,
2026-09-12T11:11:07-05:00,PUR_IED_Menorah_Ext_3e155b,PUR_IED_Menorah_Ext_3e155b,,,,,
2026-09-12T11:11:07-05:00,PUR_IED_MinutoB.Aires_A11_1b1604,PUR_IED_MinutoB.Aires_A11_1b1604,,,,,
2026-09-12T11:11:07-05:00,PUR_IED_MinutoB.Aires_A12_fb5860,PUR_IED_MinutoB.Aires_A12_fb5860,,,,,
2026-09-12T11:11:07-05:00,PUR_IED_MinutoB.Aires_Ext_81293f,PUR_IED_MinutoB.Aires_Ext_81293f,,,,,
2026-09-12T11:11:07-05:00,PUR_IED_MinutoBAires_A11_1b1604,PUR_IED_MinutoBAires_A11_1b1604,,,,,
2026-09-12T11:11:07-05:00,PUR_IED_MinutoBAires_A12_fb5860,PUR_IED_MinutoBAires_A12_fb5860,,,,,
2026-09-12T11:11:07-05:00,PUR_IED_MinutoBAires_Ext_81293f,PUR_IED_MinutoBAires_Ext_81293f,,,,,
2026-09-12T11:11:07-05:00,PUR_IED_Montreal_Aula10_1e4959,PUR_IED_Montreal_Aula10_1e4959,,,,,
2026-09-12T11:11:07-05:00,PUR_IED_Montreal_Aula6_300367,PUR_IED_Montreal_Aula6_300367,,,,,
2026-09-12T11:11:07-05:00,PUR_IED_Montreal_Exterior_91a179,PUR_IED_Montreal_Exterior_91a179,,,,,
2026-09-12T11:11:07-05:00,PUR_IED_Mqgdalena_B202_5ddda3,PUR_IED_Mqgdalena_B202_5ddda3,,,,,
2026-09-12T11:11:07-05:00,PUR_IED_NACUND_Soc_dc8728,PUR_IED_NACUND_Soc_dc8728,,,,,
2026-09-12T11:11:07-05:00,PUR_IED_NACUND_ext_27ad97,PUR_IED_NACUND_ext_27ad97,,,,,
2026-09-12T11:11:07-05:00,PUR_IED_NEsperanza_Ext_d24b61,PUR_IED_NEsperanza_Ext_d24b61,,,,,
2026-09-12T11:11:07-05:00,PUR_IED_NEsperanza_SElect_7d1807,PUR_IED_NEsperanza_SElect_7d1807,,,,,
2026-09-12T11:11:07-05:00,PUR_IED_NEsperanza_SLabor_8b2d0a,PUR_IED_NEsperanza_SLabor_8b2d0a,,,,,
2026-09-12T11:11:07-05:00,PUR_IED_NacionesU_Ext_f661a9,PUR_IED_NacionesU_Ext_f661a9,,,,,
2026-09-12T11:11:07-05:00,PUR_IED_NacionesU_Quimica_66f0a,PUR_IED_NacionesU_Quimica_66f0a,,,,,
2026-09-12T11:11:07-05:00,PUR_IED_NacionesU_S306_1b4b3d,PUR_IED_NacionesU_S306_1b4b3d,,,,,
2026-09-12T11:11:07-05:00,PUR_IED_NestorFA_Ext_e4201c,PUR_IED_NestorFA_Ext_e4201c,,,,,
2026-09-12T11:11:07-05:00,PUR_IED_NestorFA_Laborato_f22fe0,PUR_IED_NestorFA_Laborato_f22fe0,,,,,
2026-09-12T11:11:07-05:00,PUR_IED_NestorFA_S204_dee996,PUR_IED_NestorFA_S204_dee996,,,,,
2026-09-12T11:11:07-05:00,PUR_IED_NidyaQT_Aula03_76999b,PUR_IED_NidyaQT_Aula03_76999b,,,,,
2026-09-12T11:11:07-05:00,PUR_IED_NidyaQT_Aula10_56325,PUR_IED_NidyaQT_Aula10_56325,,,,,
2026-09-12T11:11:07-05:00,PUR_IED_NidyaQT_Ext_46e32d,PUR_IED_NidyaQT_Ext_46e32d,,,,,
2026-09-12T11:11:07-05:00,PUR_IED_NuevaCol_Exterior_d9b859,PUR_IED_NuevaCol_Exterior_d9b859,,,,,
2026-09-12T11:11:07-05:00,PUR_IED_NuevaCol_S1101_76c43b,PUR_IED_NuevaCol_S1101_76c43b,,,,,
2026-09-12T11:11:07-05:00,PUR_IED_NuevaCol_S1102_1ce0b5,PUR_IED_NuevaCol_S1102_1ce0b5,,,,,
2026-09-12T11:11:07-05:00,PUR_IED_OEA_A202_f7e3f2,PUR_IED_OEA_A202_f7e3f2,,,,,
2026-09-12T11:11:07-05:00,PUR_IED_OEA_A203_7d1b8d,PUR_IED_OEA_A203_7d1b8d,,,,,
2026-09-12T11:11:07-05:00,PUR_IED_OEA_Ext_27b593,PUR_IED_OEA_Ext_27b593,,,,,
2026-09-12T11:11:07-05:00,PUR_IED_Ochoa_Ext_1c29da,PUR_IED_Ochoa_Ext_1c29da,,,,,
2026-09-12T11:11:07-05:00,PUR_IED_Ochoa_S205_8b1121,PUR_IED_Ochoa_S205_8b1121,,,,,
2026-09-12T11:11:07-05:00,PUR_IED_Ochoa_Sistemas_f33af6,PUR_IED_Ochoa_Sistemas_f33af6,,,,,
2026-09-12T11:11:07-05:00,PUR_IED_PQuebec_Ext_1c67c7,PUR_IED_PQuebec_Ext_1c67c7,,,,,
2026-09-12T11:11:07-05:00,PUR_IED_PQuebec_S15_23e8e2,PUR_IED_PQuebec_S15_23e8e2,,,,,
2026-09-12T11:11:07-05:00,PUR_IED_PQuebec_S16_8ec76b,PUR_IED_PQuebec_S16_8ec76b,,,,,
2026-09-12T11:11:07-05:00,PUR_IED_PabloN_Ext_49dc96,PUR_IED_PabloN_Ext_49dc96,,,,,
2026-09-12T11:11:07-05:00,PUR_IED_PabloN_S1102_4e3df5,PUR_IED_PabloN_S1102_4e3df5,,,,,
2026-09-12T11:11:07-05:00,PUR_IED_PabloN_S1103_50c94b,PUR_IED_PabloN_S1103_50c94b,,,,,
2026-09-12T11:11:07-05:00,PUR_IED_Palestina_S1101_db9198,PUR_IED_Palestina_S1101_db9198,,,,,
2026-09-12T11:11:07-05:00,PUR_IED_Palestina_S1102_dc54fa,PUR_IED_Palestina_S1102_dc54fa,,,,,
2026-09-12T11:11:07-05:00,PUR_IED_Palestina_ext_4ccce6,PUR_IED_Palestina_ext_4ccce6,,,,,
2026-09-12T11:11:07-05:00,PUR_IED_Panama_Fisica_4d0794,PUR_IED_Panama_Fisica_4d0794,,,,,
2026-09-12T11:11:07-05:00,PUR_IED_Panama_SIngles_a4077e,PUR_IED_Panama_SIngles_a4077e,,,,,
2026-09-12T11:11:07-05:00,PUR_IED_Panama_ext_4c54b4,PUR_IED_Panama_ext_4c54b4,,,,,
2026-09-12T11:11:07-05:00,PUR_IED_ParaisoM_Exterior_8cd7f0,PUR_IED_ParaisoM_Exterior_8cd7f0,,,,,
2026-09-12T11:11:07-05:00,PUR_IED_ParaisoM_Laborato_27af35,PUR_IED_ParaisoM_Laborato_27af35,,,,,
2026-09-12T11:11:07-05:00,PUR_IED_ParaisoM_S304_d1edca,PUR_IED_ParaisoM_S304_d1edca,,,,,
2026-09-12T11:11:07-05:00,PUR_IED_PorfirioBarba_Ext_301466,PUR_IED_PorfirioBarba_Ext_301466,,,,,
2026-09-12T11:11:07-05:00,PUR_IED_PorfirioBarba_S11_df6cd2,PUR_IED_PorfirioBarba_S11_df6cd2,,,,,
2026-09-12T11:11:07-05:00,PUR_IED_PorfirioBarba_S29_27a7d6,PUR_IED_PorfirioBarba_S29_27a7d6,,,,,
2026-09-12T11:11:07-05:00,PUR_IED_PradoV_Exter_8b27ad,PUR_IED_PradoV_Exter_8b27ad,,,,,
2026-09-12T11:11:07-05:00,PUR_IED_PradoV_S301_de65b5,PUR_IED_PradoV_S301_de65b5,,,,,
2026-09-12T11:11:07-05:00,PUR_IED_PradoV_S302_7d2593,PUR_IED_PradoV_S302_7d2593,,,,,
2026-09-12T11:11:07-05:00,PUR_IED_QuirogaAlz_Ext_1ddc82,PUR_IED_QuirogaAlz_Ext_1ddc82,,,,,
2026-09-12T11:11:07-05:00,PUR_IED_QuirogaAlz_S302_9926a3,PUR_IED_QuirogaAlz_S302_9926a3,,,,,
2026-09-12T11:11:07-05:00,PUR_IED_QuirogaAlz_S305_cdf1f1,PUR_IED_QuirogaAlz_S305_cdf1f1,,,,,
2026-09-12T11:11:07-05:00,PUR_IED_RGuatemala_Biling_dc53b7,PUR_IED_RGuatemala_Biling_dc53b7,,,,,
2026-09-12T11:11:07-05:00,PUR_IED_RGuatemala_Ext_1b89a3,PUR_IED_RGuatemala_Ext_1b89a3,,,,,
2026-09-12T11:11:07-05:00,PUR_IED_RGuatemala_Tecnol_281a34,PUR_IED_RGuatemala_Tecnol_281a34,,,,,
2026-09-12T11:11:07-05:00,PUR_IED_RafaNu_Ext_f7c302,PUR_IED_RafaNu_Ext_f7c302,,,,,
2026-09-12T11:11:07-05:00,PUR_IED_RafaNu_S1101_25fde,PUR_IED_RafaNu_S1101_25fde,,,,,
2026-09-12T11:11:07-05:00,PUR_IED_RafaNu_S1102_281517,PUR_IED_RafaNu_S1102_281517,,,,,
2026-09-12T11:11:07-05:00,PUR_IED_RafaelB_S305_ee2783,PUR_IED_RafaelB_S305_ee2783,,,,,
2026-09-12T11:11:07-05:00,PUR_IED_RafaelB_S306_75fe33,PUR_IED_RafaelB_S306_75fe33,,,,,
2026-09-12T11:11:07-05:00,PUR_IED_RafaelB_ext_283336,PUR_IED_RafaelB_ext_283336,2,20,55,4.6722,-74.0737
2026-09-12T11:11:07-05:00,PUR_IED_RafaelUU_Exterior_281a51,PUR_IED_RafaelUU_Exterior_281a51,,,,,
2026-09-12T11:11:07-05:00,PUR_IED_RafaelUU_Human_806b2,PUR_IED_RafaelUU_Human_806b2,,,,,
2026-09-12T11:11:07-05:00,PUR_IED_RafaelUU_Mate2_5680d4,PUR_IED_RafaelUU_Mate2_5680d4,,,,,
2026-09-12T11:11:07-05:00,PUR_IED_RamonSub_Ext_f9eeb9,PUR_IED_RamonSub_Ext_f9eeb9,,,,,
2026-09-12T11:11:07-05:00,PUR_IED_RamonSub_Media_d1f62f,PUR_IED_RamonSub_Media_d1f62f,,,,,
2026-09-12T11:11:07-05:00,PUR_IED_RamonSub_planta_51b82,PUR_IED_RamonSub_planta_51b82,,,,,
2026-09-12T11:11:07-05:00,PUR_IED_RepBoliVene_Exter_27af7c,PUR_IED_RepBoliVene_Exter_27af7c,,,,,
2026-09-12T11:11:07-05:00,PUR_IED_RepBoliVene_SCPT_5ae2ee,PUR_IED_RepBoliVene_SCPT_5ae2ee,,,,,
2026-09-12T11:11:07-05:00,PUR_IED_RepBoliVene_Socia_4b11d5,PUR_IED_RepBoliVene_Socia_4b11d5,,,,,
2026-09-12T11:11:07-05:00,PUR_IED_RepChina_Ext_76d9ee,PUR_IED_RepChina_Ext_76d9ee,,,,,
2026-09-12T11:11:07-05:00,PUR_IED_RepChina_S404_7c804c,PUR_IED_RepChina_S404_7c804c,,,,,
2026-09-12T11:11:07-05:00,PUR_IED_RepChina_S405_df2c33,PUR_IED_RepChina_S405_df2c33,,,,,
2026-09-12T11:11:07-05:00,PUR_IED_RepublicaC_Exteri_7d1ec9,PUR_IED_RepublicaC_Exteri_7d1ec9,,,,,
2026-09-12T11:11:07-05:00,PUR_IED_RepublicaC_S1101_f544b3,PUR_IED_RepublicaC_S1101_f544b3,,,,,
2026-09-12T11:11:07-05:00,PUR_IED_RepublicaC_S1102_7aafc7,PUR_IED_RepublicaC_S1102_7aafc7,,,,,
2026-09-12T11:11:07-05:00,PUR_IED_Ricaurte_Externo_a0ea1,PUR_IED_Ricaurte_Externo_a0ea1,,,,,
2026-09-12T11:11:07-05:00,PUR_IED_Ricaurte_S210_f546fd,PUR_IED_Ricaurte_S210_f546fd,,,,,
2026-09-12T11:11:07-05:00,PUR_IED_Ricaurte_S309_d4452,PUR_IED_Ricaurte_S309_d4452,,,,,
2026-09-12T11:11:07-05:00,PUR_IED_RogelioS_1102_531e69,PUR_IED_RogelioS_1102_531e69,,,,,
2026-09-12T11:11:07-05:00,PUR_IED_RogelioS_Ext_f25a18,PUR_IED_RogelioS_Ext_f25a18,,,,,
2026-09-12T11:11:07-05:00,PUR_IED_SBernardino_Ext_27aff8,PUR_IED_SBernardino_Ext_27aff8,,,,,
2026-09-12T11:11:07-05:00,PUR_IED_SBernardino_SArte_2ffd33,PUR_IED_SBernardino_SArte_2ffd33,,,,,
2026-09-12T11:11:07-05:00,PUR_IED_SBernardino_SIngl_7c7da5,PUR_IED_SBernardino_SIngl_7c7da5,,,,,
2026-09-12T11:11:07-05:00,PUR_IED_Sago_auditorio_dc9d1d,PUR_IED_Sago_auditorio_dc9d1d,,,,,
2026-09-12T11:11:07-05:00,PUR_IED_Saludcoop_Ext_95aac3,PUR_IED_Saludcoop_Ext_95aac3,,,,,
2026-09-12T11:11:07-05:00,PUR_IED_Saludcoop_InfI_90c854,PUR_IED_Saludcoop_InfI_90c854,,,,,
2026-09-12T11:11:07-05:00,PUR_IED_Saludcoop_SMedia_1b93be,PUR_IED_Saludcoop_SMedia_1b93be,,,,,
2026-09-12T11:11:07-05:00,PUR_IED_SanCarlos_1101_1a2360,PUR_IED_SanCarlos_1101_1a2360,,,,,
2026-09-12T11:11:07-05:00,PUR_IED_SanCarlos_1103_7bafb5,PUR_IED_SanCarlos_1103_7bafb5,,,,,
2026-09-12T11:11:07-05:00,PUR_IED_SanCarlos_Ext_b7cd1,PUR_IED_SanCarlos_Ext_b7cd1,,,,,
2026-09-12T11:11:07-05:00,PUR_IED_SanIgnacioBosa11a_50c26e,PUR_IED_SanIgnacioBosa11a_50c26e,,,,,
2026-09-12T11:11:07-05:00,PUR_IED_SanIgnacioBosa11b_371de8,PUR_IED_SanIgnacioBosa11b_371de8,,,,,
2026-09-12T11:11:07-05:00,PUR_IED_SanIgnacioBosaExt_ef0ffc,PUR_IED_SanIgnacioBosaExt_ef0ffc,,,,,
2026-09-12T11:11:07-05:00,PUR_IED_SanIgnacioBosa_11a_50c26e,PUR_IED_SanIgnacioBosa_11a_50c26e,,,,,
2026-09-12T11:11:07-05:00,PUR_IED_SanIgnacioBosa_Ext_ef0ffc,PUR_IED_SanIgnacioBosa_Ext_ef0ffc,,,,,
2026-09-12T11:11:07-05:00,PUR_IED_SanJoseN_intS1101_31c47f,PUR_IED_SanJoseN_intS1101_31c47f,,,,,
2026-09-12T11:11:07-05:00,PUR_IED_SanJoseUsm_Exter_f5d7e8,PUR_IED_SanJoseUsm_Exter_f5d7e8,,,,,
2026-09-12T11:11:07-05:00,PUR_IED_SanJoseUsm_Int11A_cfdef6,PUR_IED_SanJoseUsm_Int11A_cfdef6,,,,,
2026-09-12T11:11:07-05:00,PUR_IED_SilveriaR_IntB5_905349,PUR_IED_SilveriaR_IntB5_905349,,,,,
2026-09-12T11:11:07-05:00,PUR_IED_SilveriaR_IntSD14_981f93,PUR_IED_SilveriaR_IntSD14_981f93,,,,,
2026-09-12T11:11:07-05:00,PUR_IED_SilveriaR_ext_2b651d,PUR_IED_SilveriaR_ext_2b651d,,,,,
2026-09-12T11:11:07-05:00,PUR_IED_SimonB_Exterior_913975,PUR_IED_SimonB_Exterior_913975,,,,,
2026-09-12T11:11:07-05:00,PUR_IED_SimonB_LabQuimi_c56908,PUR_IED_SimonB_LabQuimi_c56908,,,,,
2026-09-12T11:11:07-05:00,PUR_IED_SimonB_informatic_a28c1,PUR_IED_SimonB_informatic_a28c1,,,,,
2026-09-12T11:11:07-05:00,PUR_IED_Sorrento_1102_315f50,PUR_IED_Sorrento_1102_315f50,,,,,
2026-09-12T11:11:07-05:00,PUR_IED_Sorrento_Minte_214eab,PUR_IED_Sorrento_Minte_214eab,,,,,
2026-09-12T11:11:07-05:00,PUR_IED_Sorrento_ext_7c3a0a,PUR_IED_Sorrento_ext_7c3a0a,,,,,
2026-09-12T11:11:07-05:00,PUR_IED_Tabora_Ext_f048ae,PUR_IED_Tabora_Ext_f048ae,,,,,
2026-09-12T11:11:07-05:00,PUR_IED_Tabora_S1102_b07752,PUR_IED_Tabora_S1102_b07752,,,,,
2026-09-12T11:11:07-05:00,PUR_IED_Tabora_S1103_d988f5,PUR_IED_Tabora_S1103_d988f5,,,,,
2026-09-12T11:11:07-05:00,PUR_IED_Tenerife_Ext_1ab188,PUR_IED_Tenerife_Ext_1ab188,,,,,
2026-09-12T11:11:07-05:00,PUR_IED_Tenerife_SDanzas_7bc02e,PUR_IED_Tenerife_SDanzas_7bc02e,,,,,
2026-09-12T11:11:07-05:00,PUR_IED_Tenerife_SIngles_7cc277,PUR_IED_Tenerife_SIngles_7cc277,,,,,
2026-09-12T11:11:07-05:00,PUR_IED_Tibabuyes_Exter_f2683d,PUR_IED_Tibabuyes_Exter_f2683d,,,,,
2026-09-12T11:11:07-05:00,PUR_IED_Tibabuyes_S10_dc87a8,PUR_IED_Tibabuyes_S10_dc87a8,,,,,
2026-09-12T11:11:07-05:00,PUR_IED_Tibabuyes_S15_dc0526,PUR_IED_Tibabuyes_S15_dc0526,,,,,
2026-09-12T11:11:07-05:00,PUR_IED_UnionE_S301_a1043,PUR_IED_UnionE_S301_a1043,,,,,
2026-09-12T11:11:07-05:00,PUR_IED_UnionE_S307_ff6c2f,PUR_IED_UnionE_S307_ff6c2f,,,,,
2026-09-12T11:11:07-05:00,PUR_IED_UnionE__Ext_5e2468,PUR_IED_UnionE__Ext_5e2468,,,,,
2026-09-12T11:11:07-05:00,PUR_IED_VillaRica_Ext_75be7c,PUR_IED_VillaRica_Ext_75be7c,,,,,
2026-09-12T11:11:07-05:00,PUR_IED_VillaRica_S4_cc5dcd,PUR_IED_VillaRica_S4_cc5dcd,,,,,
2026-09-12T11:11:07-05:00,PUR_IED_VillaRica_Sesp_99f5c,PUR_IED_VillaRica_Sesp_99f5c,,,,,
2026-09-12T11:16:07-05:00,PUR_IED_20deJulio_1101_91b1b9,PUR_IED_20deJulio_1101_91b1b9,,,,,
2026-09-12T11:16:07-05:00,PUR_IED_20deJulio_1102_1cfcf9,PUR_IED_20deJulio_1102_1cfcf9,,,,,
2026-09-12T11:16:07-05:00,PUR_IED_20deJulio_Ext_ab60bd,PUR_IED_20deJulio_Ext_ab60bd,,,,,
2026-09-12T11:16:07-05:00,PUR_IED_AgustinFer_Ext_7b9b77,PUR_IED_AgustinFer_Ext_7b9b77,,,,,
2026-09-12T11:16:07-05:00,PUR_IED_AgustinFer_Info2_27b3a7,PUR_IED_AgustinFer_Info2_27b3a7,,,,,
2026-09-12T11:16:07-05:00,PUR_IED_AgustinFer_Sena_54b4eb,PUR_IED_AgustinFer_Sena_54b4eb,,,,,
2026-09-12T11:16:07-05:00,PUR_IED_AlexanderF_1102_caf07b,PUR_IED_AlexanderF_1102_caf07b,,,,,
2026-09-12T11:16:07-05:00,PUR_IED_AlexanderF_1103_c79e71,PUR_IED_AlexanderF_1103_c79e71,,,,,
2026-09-12T11:16:07-05:00,PUR_IED_AlexanderF_Ext_c5b18b,PUR_IED_AlexanderF_Ext_c5b18b,,,,,
2026-09-12T11:16:07-05:00,PUR_IED_AlfonsoLopez_Ext_281d77,PUR_IED_AlfonsoLopez_Ext_281d77,,,,,
2026-09-12T11:16:07-05:00,PUR_IED_AlfonsoLopez_LabF_888ce0,PUR_IED_AlfonsoLopez_LabF_888ce0,,,,,
2026-09-12T11:16:07-05:00,PUR_IED_AlfonsoLopez_SMed_df6a7f,PUR_IED_AlfonsoLopez_SMed_df6a7f,,,,,
2026-09-12T11:16:07-05:00,PUR_IED_AltamiraSO_A2_209f92,PUR_IED_AltamiraSO_A2_209f92,,,,,
2026-09-12T11:16:07-05:00,PUR_IED_AltamiraSO_Ext_186d66,PUR_IED_AltamiraSO_Ext_186d66,,,,,
2026-09-12T11:16:07-05:00,PUR_IED_AltamiraSO_Sistem_27afe1,PUR_IED_AltamiraSO_Sistem_27afe1,,,,,
2026-09-12T11:16:07-05:00,PUR_IED_AlvaroGom_LabQuim_813179,PUR_IED_AlvaroGom_LabQuim_813179,,,,,
2026-09-12T11:16:07-05:00,PUR_IED_AlvaroGomez_Ext_47c7ca,PUR_IED_AlvaroGomez_Ext_47c7ca,,,,,
2026-09-12T11:16:07-05:00,PUR_IED_AlvaroGomez_LabQuim_813179,PUR_IED_AlvaroGomez_LabQuim_813179,,,,,
2026-09-12T11:16:07-05:00,PUR_IED_AlvaroGomez_S23_7ba89f,PUR_IED_AlvaroGomez_S23_7ba89f,,,,,
2026-09-12T11:16:07-05:00,PUR_IED_Amistad_306_dc8728,PUR_IED_Amistad_306_dc8728,,,,,
2026-09-12T11:16:07-05:00,PUR_IED_Amistad_Ext_8cd55e,PUR_IED_Amistad_Ext_8cd55e,,,,,
2026-09-12T11:16:07-05:00,PUR_IED_Amistad_S202_a41169,PUR_IED_Amistad_S202_a41169,,,,,
2026-09-12T11:16:07-05:00,PUR_IED_AndresBello_Bio_fd5f5e,PUR_IED_AndresBello_Bio_fd5f5e,,,,,
2026-09-12T11:16:07-05:00,PUR_IED_AndresBello_ext_dcad65,PUR_IED_AndresBello_ext_dcad65,,,,,
2026-09-12T11:16:07-05:00,PUR_IED_AndresBello_port_eed3ec,PUR_IED_AndresBello_port_eed3ec,,,,,
2026-09-12T11:16:07-05:00,PUR_IED_AngelaR_11b_d90a6b,PUR_IED_AngelaR_11b_d90a6b,,,,,
2026-09-12T11:16:07-05:00,PUR_IED_AngelaR_ext_7cad3e,PUR_IED_AngelaR_ext_7cad3e,,,,,
2026-09-12T11:16:07-05:00,PUR_IED_AntJoseSucre_10mo_df2575,PUR_IED_AntJoseSucre_10mo_df2575,,,,,
2026-09-12T11:16:07-05:00,PUR_IED_AntJoseSucre_Ext_215b36,PUR_IED_AntJoseSucre_Ext_215b36,,,,,
2026-09-12T11:16:07-05:00,PUR_IED_AntJoseSucre_Lab_3139de,PUR_IED_AntJoseSucre_Lab_3139de,,,,,
2026-09-12T11:16:07-05:00,PUR_IED_AntonioGarcia_301_d6b188,PUR_IED_AntonioGarcia_301_d6b188,,,,,
2026-09-12T11:16:07-05:00,PUR_IED_AntonioGarcia_302_88a82,PUR_IED_AntonioGarcia_302_88a82,,,,,
2026-09-12T11:16:07-05:00,PUR_IED_AntonioGarcia_Ext_20950c,PUR_IED_AntonioGarcia_Ext_20950c,,,,,
2026-09-12T11:16:07-05:00,PUR_IED_AntonioVan_Aula2_6dea02,PUR_IED_AntonioVan_Aula2_6dea02,,,,,
2026-09-12T11:16:07-05:00,PUR_IED_AntonioVan_Aula5_f1557e,PUR_IED_AntonioVan_Aula5_f1557e,,,,,
2026-09-12T11:16:07-05:00,PUR_IED_AntonioVan_Ext_406f2f,PUR_IED_AntonioVan_Ext_406f2f,,,,,
2026-09-12T11:16:07-05:00,PUR_IED_Atabanzha_Ext_cc5af9,PUR_IED_Atabanzha_Ext_cc5af9,,,,,
2026-09-12T11:16:07-05:00,PUR_IED_Atabanzha_SA101_56c37,PUR_IED_Atabanzha_SA101_56c37,,,,,
2026-09-12T11:16:07-05:00,PUR_IED_Atabanzha_SB302_27b374,PUR_IED_Atabanzha_SB302_27b374,,,,,
2026-09-12T11:16:07-05:00,PUR_IED_Atahualpa_Ext_fc1748,PUR_IED_Atahualpa_Ext_fc1748,,,,,
2026-09-12T11:16:07-05:00,PUR_IED_Atahualpa_Informa_dc9a95,PUR_IED_Atahualpa_Informa_dc9a95,,,,,
2026-09-12T11:16:07-05:00,PUR_IED_Atahualpa_S1101_f98056,PUR_IED_Atahualpa_S1101_f98056,,,,,
2026-09-12T11:16:07-05:00,PUR_IED_Bellavista_Ext_f5aa74,PUR_IED_Bellavista_Ext_f5aa74,,,,,
2026-09-12T11:16:07-05:00,PUR_IED_Bilbao_11A_916c41,PUR_IED_Bilbao_11A_916c41,,,,,
2026-09-12T11:16:07-05:00,PUR_IED_Bilbao_Ext_fb579a,PUR_IED_Bilbao_Ext_fb579a,,,,,
2026-09-12T11:16:07-05:00,PUR_IED_BrasiliaU_A125_304280,PUR_IED_BrasiliaU_A125_304280,,,,,
2026-09-12T11:16:07-05:00,PUR_IED_BrasiliaU_A203_7c8ca5,PUR_IED_BrasiliaU_A203_7c8ca5,,,,,
2026-09-12T11:16:07-05:00,PUR_IED_BrasiliaU_Ext_8d6e9f,PUR_IED_BrasiliaU_Ext_8d6e9f,4,19,58,4.5175,-74.116302
2026-09-12T11:16:07-05:00,PUR_IED_Brasilia_Ext_fe6593,PUR_IED_Brasilia_Ext_fe6593,,,,,
2026-09-12T11:16:07-05:00,PUR_IED_Brasilia_S24_7c130d,PUR_IED_Brasilia_S24_7c130d,,,,,
2026-09-12T11:16:07-05:00,PUR_IED_Brasilia_S501_186a54,PUR_IED_Brasilia_S501_186a54,,,,,
2026-09-12T11:16:07-05:00,PUR_IED_CHARRY_EXT_f1d5cd,PUR_IED_CHARRY_EXT_f1d5cd,,,,,
2026-09-12T11:16:07-05:00,PUR_IED_CHARRY_INTDANZAS_7a08e6,PUR_IED_CHARRY_INTDANZAS_7a08e6,,,,,
2026-09-12T11:16:07-05:00,PUR_IED_CHARRY_INT_AULA20_dc998d,PUR_IED_CHARRY_INT_AULA20_dc998d,,,,,
2026-09-12T11:16:07-05:00,PUR_IED_COLVIV_1101_S25_7f520a,PUR_IED_COLVIV_1101_S25_7f520a,,,,,
2026-09-12T11:16:07-05:00,PUR_IED_COLVIV_1102_S16_f570ba,PUR_IED_COLVIV_1102_S16_f570ba,,,,,
2026-09-12T11:16:07-05:00,PUR_IED_COLVIV_Ext_1a26fa,PUR_IED_COLVIV_Ext_1a26fa,,,,,
2026-09-12T11:16:07-05:00,PUR_IED_CULPOP_301A_f660f3,PUR_IED_CULPOP_301A_f660f3,,,,,
2026-09-12T11:16:07-05:00,PUR_IED_CULPOP_303_568afe,PUR_IED_CULPOP_303_568afe,,,,,
2026-09-12T11:16:07-05:00,PUR_IED_CULPOP_Ext_e02ccb,PUR_IED_CULPOP_Ext_e02ccb,,,,,
2026-09-12T11:16:07-05:00,PUR_IED_CVillavicen_Ext_26eb58,PUR_IED_CVillavicen_Ext_26eb58,5,17,74,4.487,-74.102798
2026-09-12T11:16:07-05:00,PUR_IED_CVillavicen_Intel_1ce5c2,PUR_IED_CVillavicen_Intel_1ce5c2,,,,,
2026-09-12T11:16:07-05:00,PUR_IED_CVillavicen_Poliv_e0766c,PUR_IED_CVillavicen_Poliv_e0766c,,,,,
2026-09-12T11:16:07-05:00,PUR_IED_CVillavicen_int_1ba140,PUR_IED_CVillavicen_int_1ba140,,,,,
2026-09-12T11:16:07-05:00,PUR_IED_CVillavicen_intel_1ba140,PUR_IED_CVillavicen_intel_1ba140,,,,,
2026-09-12T11:16:07-05:00,PUR_IED_CarlosPizarro_Ext_e307cc,PUR_IED_CarlosPizarro_Ext_e307cc,,,,,
2026-09-12T11:16:07-05:00,PUR_IED_CarlosPizarro_L36_7e5cdb,PUR_IED_CarlosPizarro_L36_7e5cdb,,,,,
2026-09-12T11:16:07-05:00,PUR_IED_CarlosPizarro_L37_c8566c,PUR_IED_CarlosPizarro_L37_c8566c,,,,,
2026-09-12T11:16:07-05:00,PUR_IED_Castilla_Ext_cf35f,PUR_IED_Castilla_Ext_cf35f,,,,,
2026-09-12T11:16:07-05:00,PUR_IED_Castilla_SFisik_360e38,PUR_IED_Castilla_SFisik_360e38,,,,,
2026-09-12T11:16:07-05:00,PUR_IED_Castilla_Sc304_496fbf,PUR_IED_Castilla_Sc304_496fbf,,,,,
2026-09-12T11:16:07-05:00,PUR_IED_CervantesSa_Ext_6b57b,PUR_IED_CervantesSa_Ext_6b57b,3,20,63,4.5128,-74.117203
2026-09-12T11:16:07-05:00,PUR_IED_CervantesSa_S107_225c2b,PUR_IED_CervantesSa_S107_225c2b,,,,,
2026-09-12T11:16:07-05:00,PUR_IED_CervantesSa_S108_940925,PUR_IED_CervantesSa_S108_940925,,,,,
2026-09-12T11:16:07-05:00,PUR_IED_Charry_A20_f53e7c,PUR_IED_Charry_A20_f53e7c,,,,,
2026-09-12T11:16:07-05:00,PUR_IED_Charry_Ext_f1d5cd,PUR_IED_Charry_Ext_f1d5cd,,,,,
2026-09-12T11:16:07-05:00,PUR_IED_Charry_IntAula20_dc998d,PUR_IED_Charry_IntAula20_dc998d,,,,,
2026-09-12T11:16:07-05:00,PUR_IED_Charry_IntDanzas_7a08e6,PUR_IED_Charry_IntDanzas_7a08e6,,,,,
2026-09-12T11:16:07-05:00,PUR_IED_ClememciaC_203_43e2fc,PUR_IED_ClememciaC_203_43e2fc,,,,,
2026-09-12T11:16:07-05:00,PUR_IED_ClememciaC_Ext_1b411a,PUR_IED_ClememciaC_Ext_1b411a,,,,,
2026-09-12T11:16:07-05:00,PUR_IED_ClememciaC_Quimic_44b5fc,PUR_IED_ClememciaC_Quimic_44b5fc,,,,,
2026-09-12T11:16:07-05:00,PUR_IED_ClemenciaC_203_43e2fc,PUR_IED_ClemenciaC_203_43e2fc,,,,,
2026-09-12T11:16:07-05:00,PUR_IED_ClemenciaC_Ext_1b411a,PUR_IED_ClemenciaC_Ext_1b411a,,,,,
2026-09-12T11:16:07-05:00,PUR_IED_ClemenciaC_Quimic_44b5fc,PUR_IED_ClemenciaC_Quimic_44b5fc,,,,,
2026-09-12T11:16:07-05:00,PUR_IED_ColViva_1101_S25_7f520a,PUR_IED_ColViva_1101_S25_7f520a,,,,,
2026-09-12T11:16:07-05:00,PUR_IED_ColViva_1102_S16_f570ba,PUR_IED_ColViva_1102_S16_f570ba,,,,,
2026-09-12T11:16:07-05:00,PUR_IED_ColViva_Ext_1a26fa,PUR_IED_ColViva_Ext_1a26fa,,,,,
2026-09-12T11:16:07-05:00,PUR_IED_ColegioBici_Asist_7c8798,PUR_IED_ColegioBici_Asist_7c8798,,,,,
2026-09-12T11:16:07-05:00,PUR_IED_ColegioBici_Ext_25cbf6,PUR_IED_ColegioBici_Ext_25cbf6,,,,,
2026-09-12T11:16:07-05:00,PUR_IED_ColegioBici_LabQ_7b57db,PUR_IED_ColegioBici_LabQ_7b57db,,,,,
2026-09-12T11:16:07-05:00,PUR_IED_CostaRica_Ext_5e640,PUR_IED_CostaRica_Ext_5e640,,,,,
2026-09-12T11:16:07-05:00,PUR_IED_CostaRica_Quim1_766d1c,PUR_IED_CostaRica_Quim1_766d1c,,,,,
2026-09-12T11:16:07-05:00,PUR_IED_CostaRica__Fisica_6f0873,PUR_IED_CostaRica__Fisica_6f0873,,,,,
2026-09-12T11:16:07-05:00,PUR_IED_CulPopu_301A_f660f3,PUR_IED_CulPopu_301A_f660f3,,,,,
2026-09-12T11:16:07-05:00,PUR_IED_CulPopu_303_568afe,PUR_IED_CulPopu_303_568afe,,,,,
2026-09-12T11:16:07-05:00,PUR_IED_CulPopu_Ext_e02ccb,PUR_IED_CulPopu_Ext_e02ccb,,,,,
2026-09-12T11:16:07-05:00,PUR_IED_Cundinamarca_Ext_f15985,PUR_IED_Cundinamarca_Ext_f15985,,,,,
2026-09-12T11:16:07-05:00,PUR_IED_Cundinamarca_Info_7aa5d7,PUR_IED_Cundinamarca_Info_7aa5d7,,,,,
2026-09-12T11:16:07-05:00,PUR_IED_Cundinamarca_Tec2_f449c7,PUR_IED_Cundinamarca_Tec2_f449c7,,,,,
2026-09-12T11:16:07-05:00,PUR_IED_DiegoM_Aula1_27b314,PUR_IED_DiegoM_Aula1_27b314,,,,,
2026-09-12T11:16:07-05:00,PUR_IED_DiegoM_Ext_d80ac8,PUR_IED_DiegoM_Ext_d80ac8,,,,,
2026-09-12T11:16:07-05:00,PUR_IED_DiegoM_S25_da928f,PUR_IED_DiegoM_S25_da928f,,,,,
2026-09-12T11:16:07-05:00,PUR_IED_ELRODEO_360881,PUR_IED_ELRODEO_360881,,,,,
2026-09-12T11:16:07-05:00,PUR_IED_ELRODEO_ext_360881,PUR_IED_ELRODEO_ext_360881,,,,,
2026-09-12T11:16:07-05:00,PUR_IED_EduardoU_Ext_1c1969,PUR_IED_EduardoU_Ext_1c1969,,,,,
2026-09-12T11:16:07-05:00,PUR_IED_EduardoU_SCiencia_4dfb94,PUR_IED_EduardoU_SCiencia_4dfb94,,,,,
2026-09-12T11:16:07-05:00,PUR_IED_EduardoU_SQuimica_5a46e7,PUR_IED_EduardoU_SQuimica_5a46e7,,,,,
2026-09-12T11:16:07-05:00,PUR_IED_ElRodeo_Aula14_676984,PUR_IED_ElRodeo_Aula14_676984,,,,,
2026-09-12T11:16:07-05:00,PUR_IED_ElRodeo_Aula16_2dd35b,PUR_IED_ElRodeo_Aula16_2dd35b,,,,,
2026-09-12T11:16:07-05:00,PUR_IED_ElRodeo_Ext_360881,PUR_IED_ElRodeo_Ext_360881,,,,,
2026-09-12T11:16:07-05:00,PUR_IED_ElRodeo_Exterior_8c6d28,PUR_IED_ElRodeo_Exterior_8c6d28,,,,,
2026-09-12T11:16:07-05:00,PUR_IED_ElRodeo_ext_360881,PUR_IED_ElRodeo_ext_360881,,,,,
2026-09-12T11:16:07-05:00,PUR_IED_EmmaReyes_Ext_987625,PUR_IED_EmmaReyes_Ext_987625,10,22,48,4.6367,-74.1511
2026-09-12T11:16:07-05:00,PUR_IED_Ensueño_Ext_7f0250,PUR_IED_Ensueño_Ext_7f0250,,,,,
2026-09-12T11:16:07-05:00,PUR_IED_EscNormal_Ext_5fef3b,PUR_IED_EscNormal_Ext_5fef3b,2,22,54,4.5852,-74.096901
2026-09-12T11:16:07-05:00,PUR_IED_EscNormal_S309_5b263,PUR_IED_EscNormal_S309_5b263,,,,,
2026-09-12T11:16:07-05:00,PUR_IED_EscNormal_S310_27b3b8,PUR_IED_EscNormal_S310_27b3b8,,,,,
2026-09-12T11:16:07-05:00,PUR_IED_Evangelista_Conta_f6cd4f,PUR_IED_Evangelista_Conta_f6cd4f,,,,,
2026-09-12T11:16:07-05:00,PUR_IED_Evangelista_Cri_5e16a,PUR_IED_Evangelista_Cri_5e16a,,,,,
2026-09-12T11:16:07-05:00,PUR_IED_Evangelista_Exter_754066,PUR_IED_Evangelista_Exter_754066,,,,,
2026-09-12T11:16:07-05:00,PUR_IED_FMiranda_S209_5cc2a3,PUR_IED_FMiranda_S209_5cc2a3,,,,,
2026-09-12T11:16:07-05:00,PUR_IED_FMiranda_S303_19e344,PUR_IED_FMiranda_S303_19e344,,,,,
2026-09-12T11:16:07-05:00,PUR_IED_FMiranda_ext_f53e7c,PUR_IED_FMiranda_ext_f53e7c,,,,,
2026-09-12T11:16:07-05:00,PUR_IED_FabioLozano_Bibli_1cee05,PUR_IED_FabioLozano_Bibli_1cee05,,,,,
2026-09-12T11:16:07-05:00,PUR_IED_FabioLozano_Ext_6ea285,PUR_IED_FabioLozano_Ext_6ea285,,,,,
2026-09-12T11:16:07-05:00,PUR_IED_FabioLozano_SLudi_f09e1e,PUR_IED_FabioLozano_SLudi_f09e1e,,,,,
2026-09-12T11:16:07-05:00,PUR_IED_FaustinoS_Aula07_27a731,PUR_IED_FaustinoS_Aula07_27a731,,,,,
2026-09-12T11:16:07-05:00,PUR_IED_FaustinoS_Ext_7b936f,PUR_IED_FaustinoS_Ext_7b936f,,,,,
2026-09-12T11:16:07-05:00,PUR_IED_FaustinoS_Fisica_da2c60,PUR_IED_FaustinoS_Fisica_da2c60,,,,,
2026-09-12T11:16:07-05:00,PUR_IED_FeGarciaLo_Ext_dc68ee,PUR_IED_FeGarciaLo_Ext_dc68ee,,,,,
2026-09-12T11:16:07-05:00,PUR_IED_FeGarciaLo_SDanza_f70a59,PUR_IED_FeGarciaLo_SDanza_f70a59,,,,,
2026-09-12T11:16:07-05:00,PUR_IED_FeGarciaLo_SMusic_125cdd,PUR_IED_FeGarciaLo_SMusic_125cdd,,,,,
2026-09-12T11:16:07-05:00,PUR_IED_FederalAlema_Exte_50c345,PUR_IED_FederalAlema_Exte_50c345,,,,,
2026-09-12T11:16:07-05:00,PUR_IED_FederalAlema_S31_f18371,PUR_IED_FederalAlema_S31_f18371,,,,,
2026-09-12T11:16:07-05:00,PUR_IED_FederalAlema_S901_a62cd,PUR_IED_FederalAlema_S901_a62cd,,,,,
2026-09-12T11:16:07-05:00,PUR_IED_FilarmonicaS_A5_f35eb1,PUR_IED_FilarmonicaS_A5_f35eb1,,,,,
2026-09-12T11:16:07-05:00,PUR_IED_FilarmonicaS_Ext_8a3bde,PUR_IED_FilarmonicaS_Ext_8a3bde,,,,,
2026-09-12T11:16:07-05:00,PUR_IED_FilarmonicaS_Spol_406114,PUR_IED_FilarmonicaS_Spol_406114,,,,,
2026-09-12T11:16:07-05:00,PUR_IED_FlorentinoG_A13_d1fa59,PUR_IED_FlorentinoG_A13_d1fa59,,,,,
2026-09-12T11:16:07-05:00,PUR_IED_FlorentinoG_Ext_1ce6ce,PUR_IED_FlorentinoG_Ext_1ce6ce,,,,,
2026-09-12T11:16:07-05:00,PUR_IED_FlorentinoG_Idiom_a66aac,PUR_IED_FlorentinoG_Idiom_a66aac,,,,,
2026-09-12T11:16:07-05:00,PUR_IED_FranciscoMati_Ext_e3869d,PUR_IED_FranciscoMati_Ext_e3869d,,,,,
2026-09-12T11:16:07-05:00,PUR_IED_FranciscoMati_S13_f31c67,PUR_IED_FranciscoMati_S13_f31c67,,,,,
2026-09-12T11:16:07-05:00,PUR_IED_FranciscoMati_S14_97dead,PUR_IED_FranciscoMati_S14_97dead,,,,,
2026-09-12T11:16:07-05:00,PUR_IED_FranciscoPS_Ext_7bfa9a,PUR_IED_FranciscoPS_Ext_7bfa9a,2,23,51,4.5899,-74.110397
2026-09-12T11:16:07-05:00,PUR_IED_FranciscoPS_Infor_fb8f4c,PUR_IED_FranciscoPS_Infor_fb8f4c,,,,,
2026-09-12T11:16:07-05:00,PUR_IED_FranciscoPS_Quimi_94d39c,PUR_IED_FranciscoPS_Quimi_94d39c,,,,,
2026-09-12T11:16:07-05:00,PUR_IED_FranciscoP_LabQ_d7e148,PUR_IED_FranciscoP_LabQ_d7e148,,,,,
2026-09-12T11:16:07-05:00,PUR_IED_FranciscoP_S28_cf9b30,PUR_IED_FranciscoP_S28_cf9b30,,,,,
2026-09-12T11:16:07-05:00,PUR_IED_FranciscoP_ext_e2313,PUR_IED_FranciscoP_ext_e2313,,,,,
2026-09-12T11:16:07-05:00,PUR_IED_FriederichN_Ext_8ac92a,PUR_IED_FriederichN_Ext_8ac92a,,,,,
2026-09-12T11:16:07-05:00,PUR_IED_FriederichN_S301_dd7e5a,PUR_IED_FriederichN_S301_dd7e5a,,,,,
2026-09-12T11:16:07-05:00,PUR_IED_FriederichN_S308_761f4f,PUR_IED_FriederichN_S308_761f4f,,,,,
2026-09-12T11:16:07-05:00,PUR_IED_GSantander_Aula10_533dd7,PUR_IED_GSantander_Aula10_533dd7,,,,,
2026-09-12T11:16:07-05:00,PUR_IED_GSantander_Aula12_fd4e4f,PUR_IED_GSantander_Aula12_fd4e4f,,,,,
2026-09-12T11:16:07-05:00,PUR_IED_GSantander_Aula310_533dd7,PUR_IED_GSantander_Aula310_533dd7,,,,,
2026-09-12T11:16:07-05:00,PUR_IED_GSantander_Aula312_fd4e4f,PUR_IED_GSantander_Aula312_fd4e4f,,,,,
2026-09-12T11:16:07-05:00,PUR_IED_GSantander_Ext_5f66b0,PUR_IED_GSantander_Ext_5f66b0,,,,,
2026-09-12T11:16:07-05:00,PUR_IED_GYomasa_Ext_f6bea5,PUR_IED_GYomasa_Ext_f6bea5,,,,,
2026-09-12T11:16:07-05:00,PUR_IED_GYomasa_LBiol_2c41aa,PUR_IED_GYomasa_LBiol_2c41aa,,,,,
2026-09-12T11:16:07-05:00,PUR_IED_GYomasa_LQuim_33c80,PUR_IED_GYomasa_LQuim_33c80,,,,,
2026-09-12T11:16:07-05:00,PUR_IED_GabBetMejia_Cienc_5a99c,PUR_IED_GabBetMejia_Cienc_5a99c,,,,,
2026-09-12T11:16:07-05:00,PUR_IED_GabBetMejia_Ext_9153d0,PUR_IED_GabBetMejia_Ext_9153d0,,,,,
2026-09-12T11:16:07-05:00,PUR_IED_GabBetMejia_Lab_f55347,PUR_IED_GabBetMejia_Lab_f55347,,,,,
2026-09-12T11:16:07-05:00,PUR_IED_GabBetanMejia_Ext_9153d0,PUR_IED_GabBetanMejia_Ext_9153d0,,,,,
2026-09-12T11:16:07-05:00,PUR_IED_Gaitana_Aula13_7aac11,PUR_IED_Gaitana_Aula13_7aac11,,,,,
2026-09-12T11:16:07-05:00,PUR_IED_Gaitana_Ext_5fcf4,PUR_IED_Gaitana_Ext_5fcf4,,,,,
2026-09-12T11:16:07-05:00,PUR_IED_Gaitana_LabFisica_644448,PUR_IED_Gaitana_LabFisica_644448,,,,,
2026-09-12T11:16:07-05:00,PUR_IED_GenSantander_Dise_8ac858,PUR_IED_GenSantander_Dise_8ac858,,,,,
2026-09-12T11:16:07-05:00,PUR_IED_GenSantander_Ext_8d5dfe,PUR_IED_GenSantander_Ext_8d5dfe,,,,,
2026-09-12T11:16:07-05:00,PUR_IED_GenSantander_Info_6c25b,PUR_IED_GenSantander_Info_6c25b,,,,,
2026-09-12T11:16:07-05:00,PUR_IED_GustavoMo_Exterio_75e63d,PUR_IED_GustavoMo_Exterio_75e63d,,,,,
2026-09-12T11:16:07-05:00,PUR_IED_GustavoMo_LabFisi_224d37,PUR_IED_GustavoMo_LabFisi_224d37,,,,,
2026-09-12T11:16:07-05:00,PUR_IED_GustavoMo_S208_3e6918,PUR_IED_GustavoMo_S208_3e6918,,,,,
2026-09-12T11:16:07-05:00,PUR_IED_GustavoR_A02_8cd4a8,PUR_IED_GustavoR_A02_8cd4a8,,,,,
2026-09-12T11:16:07-05:00,PUR_IED_GustavoR_B11_5b0ed,PUR_IED_GustavoR_B11_5b0ed,,,,,
2026-09-12T11:16:07-05:00,PUR_IED_GustavoR_Ext_7a0c90,PUR_IED_GustavoR_Ext_7a0c90,,,,,
2026-09-12T11:16:07-05:00,PUR_IED_HernandoDuran_Ext_8cd82b,PUR_IED_HernandoDuran_Ext_8cd82b,,,,,
2026-09-12T11:16:07-05:00,PUR_IED_HernandoDuran_S24_2772c6,PUR_IED_HernandoDuran_S24_2772c6,,,,,
2026-09-12T11:16:07-05:00,PUR_IED_HernandoDuran_S30_f2de41,PUR_IED_HernandoDuran_S30_f2de41,,,,,
2026-09-12T11:16:07-05:00,PUR_IED_HolguInUr_S1101_8cd732,PUR_IED_HolguInUr_S1101_8cd732,,,,,
2026-09-12T11:16:07-05:00,PUR_IED_HolguinUr_Exter_ddae6d,PUR_IED_HolguinUr_Exter_ddae6d,,,,,
2026-09-12T11:16:07-05:00,PUR_IED_HolguinUr_LabQuim_92b952,PUR_IED_HolguinUr_LabQuim_92b952,,,,,
2026-09-12T11:16:07-05:00,PUR_IED_Isabel-II_Ext_5245cc,PUR_IED_Isabel-II_Ext_5245cc,4,20,53,4.6336,-74.153
2026-09-12T11:16:07-05:00,PUR_IED_Isabel-II_S_idiom_1c29aa,PUR_IED_Isabel-II_S_idiom_1c29aa,,,,,
2026-09-12T11:16:07-05:00,PUR_IED_Isabel-II_S_infor_fd741,PUR_IED_Isabel-II_S_infor_fd741,,,,,
2026-09-12T11:16:07-05:00,PUR_IED_IsidroSur_Exterio_5b90ea,PUR_IED_IsidroSur_Exterio_5b90ea,,,,,
2026-09-12T11:16:07-05:00,PUR_IED_IsidroSur_LabTec_56697a,PUR_IED_IsidroSur_LabTec_56697a,,,,,
2026-09-12T11:16:07-05:00,PUR_IED_IsidroSur_Robotic_b7c38f,PUR_IED_IsidroSur_Robotic_b7c38f,,,,,
2026-09-12T11:16:07-05:00,PUR_IED_IsmaelPerd_Ext_7b6672,PUR_IED_IsmaelPerd_Ext_7b6672,,,,,
2026-09-12T11:16:07-05:00,PUR_IED_IsmaelPerd_Inform_306540,PUR_IED_IsmaelPerd_Inform_306540,,,,,
2026-09-12T11:16:07-05:00,PUR_IED_IsmaelPerd_S30_2e2c83,PUR_IED_IsmaelPerd_S30_2e2c83,,,,,
2026-09-12T11:16:07-05:00,PUR_IED_JLozano_Exter_432910,PUR_IED_JLozano_Exter_432910,,,,,
2026-09-12T11:16:07-05:00,PUR_IED_JLozano_salaMulti_df5125,PUR_IED_JLozano_salaMulti_df5125,,,,,
2026-09-12T11:16:07-05:00,PUR_IED_JMCordoba_206_86f80b,PUR_IED_JMCordoba_206_86f80b,,,,,
2026-09-12T11:16:07-05:00,PUR_IED_JMCordoba_Ext_27ad97,PUR_IED_JMCordoba_Ext_27ad97,,,,,
2026-09-12T11:16:07-05:00,PUR_IED_JMCordoba_S310_d59ab4,PUR_IED_JMCordoba_S310_d59ab4,,,,,
2026-09-12T11:16:07-05:00,PUR_IED_Japon_Ext_549100,PUR_IED_Japon_Ext_549100,,,,,
2026-09-12T11:16:07-05:00,PUR_IED_Japon_Laboratorio_bec51d,PUR_IED_Japon_Laboratorio_bec51d,,,,,
2026-09-12T11:16:07-05:00,PUR_IED_Japon_informatica_d99327,PUR_IED_Japon_informatica_d99327,,,,,
2026-09-12T11:16:07-05:00,PUR_IED_Jazmin_Ext_d27bda,PUR_IED_Jazmin_Ext_d27bda,,,,,
2026-09-12T11:16:07-05:00,PUR_IED_Jazmin_Fisica_8d14d7,PUR_IED_Jazmin_Fisica_8d14d7,,,,,
2026-09-12T11:16:07-05:00,PUR_IED_Jazmin_Quimica_801cb5,PUR_IED_Jazmin_Quimica_801cb5,,,,,
2026-09-12T11:16:07-05:00,PUR_IED_JorgeGaitan_Exter_f098d1,PUR_IED_JorgeGaitan_Exter_f098d1,,,,,
2026-09-12T11:16:07-05:00,PUR_IED_JorgeGaitan_STec1_dc9d1d,PUR_IED_JorgeGaitan_STec1_dc9d1d,,,,,
2026-09-12T11:16:07-05:00,PUR_IED_JorgeGaitan_STec2_281e69,PUR_IED_JorgeGaitan_STec2_281e69,,,,,
2026-09-12T11:16:07-05:00,PUR_IED_JorgeSoto_Exterio_d9d0a2,PUR_IED_JorgeSoto_Exterio_d9d0a2,,,,,
2026-09-12T11:16:07-05:00,PUR_IED_JorgeSoto_LabFisi_209c54,PUR_IED_JorgeSoto_LabFisi_209c54,,,,,
2026-09-12T11:16:07-05:00,PUR_IED_JorgeSoto_S103_27b51a,PUR_IED_JorgeSoto_S103_27b51a,,,,,
2026-09-12T11:16:07-05:00,PUR_IED_JoseAcevedo_A02_e965eb,PUR_IED_JoseAcevedo_A02_e965eb,,,,,
2026-09-12T11:16:07-05:00,PUR_IED_JoseAcevedo_A07_dd5b4,PUR_IED_JoseAcevedo_A07_dd5b4,,,,,
2026-09-12T11:16:07-05:00,PUR_IED_JoseAcevedo_Ext_b47484,PUR_IED_JoseAcevedo_Ext_b47484,,,,,
2026-09-12T11:16:07-05:00,PUR_IED_JoseMarti_Exte_5b9bf,PUR_IED_JoseMarti_Exte_5b9bf,,,,,
2026-09-12T11:16:07-05:00,PUR_IED_JoseMarti_LabQuim_1c6c2d,PUR_IED_JoseMarti_LabQuim_1c6c2d,,,,,
2026-09-12T11:16:07-05:00,PUR_IED_JoseMarti_S_info_f5f177,PUR_IED_JoseMarti_S_info_f5f177,,,,,
2026-09-12T11:16:07-05:00,PUR_IED_Josejoaquin_Ext_dfc5dc,PUR_IED_Josejoaquin_Ext_dfc5dc,,,,,
2026-09-12T11:16:07-05:00,PUR_IED_Josejoaquin_S05_5b2a96,PUR_IED_Josejoaquin_S05_5b2a96,,,,,
2026-09-12T11:16:07-05:00,PUR_IED_Josejoaquin_S06_1ce7d2,PUR_IED_Josejoaquin_S06_1ce7d2,,,,,
2026-09-12T11:16:07-05:00,PUR_IED_JulioFlorez_Danza_9b82dd,PUR_IED_JulioFlorez_Danza_9b82dd,,,,,
2026-09-12T11:16:07-05:00,PUR_IED_JulioFlorez_Exter_f9f314,PUR_IED_JulioFlorez_Exter_f9f314,,,,,
2026-09-12T11:16:07-05:00,PUR_IED_JulioFlorez_info2_6b6e08,PUR_IED_JulioFlorez_info2_6b6e08,,,,,
2026-09-12T11:16:07-05:00,PUR_IED_LaBelleza_Aula13_1d00d8,PUR_IED_LaBelleza_Aula13_1d00d8,,,,,
2026-09-12T11:16:07-05:00,PUR_IED_LaBelleza_Ext_7bc08c,PUR_IED_LaBelleza_Ext_7bc08c,,,,,
2026-09-12T11:16:07-05:00,PUR_IED_LaChucua_Ext_8cd6d2,PUR_IED_LaChucua_Ext_8cd6d2,,,,,
2026-09-12T11:16:07-05:00,PUR_IED_LaChucua_S15_f578ce,PUR_IED_LaChucua_S15_f578ce,,,,,
2026-09-12T11:16:07-05:00,PUR_IED_LaChucua_S16_eebcf9,PUR_IED_LaChucua_S16_eebcf9,,,,,
2026-09-12T11:16:07-05:00,PUR_IED_LaFelicidad_Ext_fb5109,PUR_IED_LaFelicidad_Ext_fb5109,,,,,
2026-09-12T11:16:07-05:00,PUR_IED_LaMerced_206_66ebd,PUR_IED_LaMerced_206_66ebd,,,,,
2026-09-12T11:16:07-05:00,PUR_IED_LaMerced_207_6ebd6,PUR_IED_LaMerced_207_6ebd6,,,,,
2026-09-12T11:16:07-05:00,PUR_IED_LaMerced_ext_304311,PUR_IED_LaMerced_ext_304311,,,,,
2026-09-12T11:16:07-05:00,PUR_IED_Laureano_CiencNat_281e5e,PUR_IED_Laureano_CiencNat_281e5e,,,,,
2026-09-12T11:16:07-05:00,PUR_IED_Laureano_Comedor_f65c0a,PUR_IED_Laureano_Comedor_f65c0a,,,,,
2026-09-12T11:16:07-05:00,PUR_IED_Laureano_Exterior_7ab011,PUR_IED_Laureano_Exterior_7ab011,,,,,
2026-09-12T11:16:07-05:00,PUR_IED_LeonGreiff_Exte_dfe560,PUR_IED_LeonGreiff_Exte_dfe560,,,,,
2026-09-12T11:16:07-05:00,PUR_IED_LeonGreiff_S210_f264ed,PUR_IED_LeonGreiff_S210_f264ed,,,,,
2026-09-12T11:16:07-05:00,PUR_IED_LeonGreiff_SQuimi_e8296f,PUR_IED_LeonGreiff_SQuimi_e8296f,,,,,
2026-09-12T11:16:07-05:00,PUR_IED_LlanoOrientalS208_7b9fcd,PUR_IED_LlanoOrientalS208_7b9fcd,,,,,
2026-09-12T11:16:07-05:00,PUR_IED_LlanoOriental_Ext_fb3766,PUR_IED_LlanoOriental_Ext_fb3766,,,,,
2026-09-12T11:16:07-05:00,PUR_IED_LlanoOriental_S208_7b9fcd,PUR_IED_LlanoOriental_S208_7b9fcd,,,,,
2026-09-12T11:16:07-05:00,PUR_IED_LlanoOriental_S9_27b378,PUR_IED_LlanoOriental_S9_27b378,,,,,
2026-09-12T11:16:07-05:00,PUR_IED_LosTejares_1101_477602,PUR_IED_LosTejares_1101_477602,,,,,
2026-09-12T11:16:07-05:00,PUR_IED_LosTejares_11_d2c595,PUR_IED_LosTejares_11_d2c595,,,,,
2026-09-12T11:16:07-05:00,PUR_IED_LosTejares_12_477602,PUR_IED_LosTejares_12_477602,,,,,
2026-09-12T11:16:07-05:00,PUR_IED_LosTejares_Ext_8e2115,PUR_IED_LosTejares_Ext_8e2115,,,,,
2026-09-12T11:16:07-05:00,PUR_IED_MagdalenaO_B202_5ddda3,PUR_IED_MagdalenaO_B202_5ddda3,,,,,
2026-09-12T11:16:07-05:00,PUR_IED_MagdalenaO_B205_fb76e8,PUR_IED_MagdalenaO_B205_fb76e8,,,,,
2026-09-12T11:16:07-05:00,PUR_IED_MagdalenaO_ext_dc69cd,PUR_IED_MagdalenaO_ext_dc69cd,,,,,
2026-09-12T11:16:07-05:00,PUR_IED_ManueCepeda_artes_eee956,PUR_IED_ManueCepeda_artes_eee956,,,,,
2026-09-12T11:16:07-05:00,PUR_IED_ManuelCepeda_Ext_58313,PUR_IED_ManuelCepeda_Ext_58313,,,,,
2026-09-12T11:16:07-05:00,PUR_IED_ManuelCepeda_tec_1c5731,PUR_IED_ManuelCepeda_tec_1c5731,,,,,
2026-09-12T11:16:07-05:00,PUR_IED_ManuelS_Exterior_5b269,PUR_IED_ManuelS_Exterior_5b269,,,,,
2026-09-12T11:16:07-05:00,PUR_IED_ManuelS_Inform_f369ce,PUR_IED_ManuelS_Inform_f369ce,,,,,
2026-09-12T11:16:07-05:00,PUR_IED_ManuelS_SArtes_7d15f1,PUR_IED_ManuelS_SArtes_7d15f1,,,,,
2026-09-12T11:16:07-05:00,PUR_IED_ManuelZapata_303_3ca6,PUR_IED_ManuelZapata_303_3ca6,,,,,
2026-09-12T11:16:07-05:00,PUR_IED_ManuelZapata_311_bfbabc,PUR_IED_ManuelZapata_311_bfbabc,,,,,
2026-09-12T11:16:07-05:00,PUR_IED_ManuelZapata_Ext_50824a,PUR_IED_ManuelZapata_Ext_50824a,,,,,
2026-09-12T11:16:07-05:00,PUR_IED_ManuelitaS_Exteri_656a92,PUR_IED_ManuelitaS_Exteri_656a92,,,,,
2026-09-12T11:16:07-05:00,PUR_IED_ManuelitaS_JuzgDe_f58ec3,PUR_IED_ManuelitaS_JuzgDe_f58ec3,,,,,
2026-09-12T11:16:07-05:00,PUR_IED_ManuelitaS_Recrea_d793db,PUR_IED_ManuelitaS_Recrea_d793db,,,,,
2026-09-12T11:16:07-05:00,PUR_IED_MarFidSuarez_Ext_c27b19,PUR_IED_MarFidSuarez_Ext_c27b19,,,,,
2026-09-12T11:16:07-05:00,PUR_IED_MarFidSuarez_Info_e384d7,PUR_IED_MarFidSuarez_Info_e384d7,,,,,
2026-09-12T11:16:07-05:00,PUR_IED_MarFidSuarez_S306_1d0032,PUR_IED_MarFidSuarez_S306_1d0032,,,,,
2026-09-12T11:16:07-05:00,PUR_IED_Menorah_301_2a25a3,PUR_IED_Menorah_301_2a25a3,,,,,
2026-09-12T11:16:07-05:00,PUR_IED_Menorah_306_37ed3,PUR_IED_Menorah_306_37ed3,,,,,
2026-09-12T11:16:07-05:00,PUR_IED_Menorah_Ext_3e155b,PUR_IED_Menorah_Ext_3e155b,,,,,
2026-09-12T11:16:07-05:00,PUR_IED_MinutoB.Aires_A11_1b1604,PUR_IED_MinutoB.Aires_A11_1b1604,,,,,
2026-09-12T11:16:07-05:00,PUR_IED_MinutoB.Aires_A12_fb5860,PUR_IED_MinutoB.Aires_A12_fb5860,,,,,
2026-09-12T11:16:07-05:00,PUR_IED_MinutoB.Aires_Ext_81293f,PUR_IED_MinutoB.Aires_Ext_81293f,,,,,
2026-09-12T11:16:07-05:00,PUR_IED_MinutoBAires_A11_1b1604,PUR_IED_MinutoBAires_A11_1b1604,,,,,
2026-09-12T11:16:07-05:00,PUR_IED_MinutoBAires_A12_fb5860,PUR_IED_MinutoBAires_A12_fb5860,,,,,
2026-09-12T11:16:07-05:00,PUR_IED_MinutoBAires_Ext_81293f,PUR_IED_MinutoBAires_Ext_81293f,,,,,
2026-09-12T11:16:07-05:00,PUR_IED_Montreal_Aula10_1e4959,PUR_IED_Montreal_Aula10_1e4959,,,,,
2026-09-12T11:16:07-05:00,PUR_IED_Montreal_Aula6_300367,PUR_IED_Montreal_Aula6_300367,,,,,
2026-09-12T11:16:07-05:00,PUR_IED_Montreal_Exterior_91a179,PUR_IED_Montreal_Exterior_91a179,,,,,
2026-09-12T11:16:07-05:00,PUR_IED_Mqgdalena_B202_5ddda3,PUR_IED_Mqgdalena_B202_5ddda3,,,,,
2026-09-12T11:16:07-05:00,PUR_IED_NACUND_Soc_dc8728,PUR_IED_NACUND_Soc_dc8728,,,,,
2026-09-12T11:16:07-05:00,PUR_IED_NACUND_ext_27ad97,PUR_IED_NACUND_ext_27ad97,,,,,
2026-09-12T11:16:07-05:00,PUR_IED_NEsperanza_Ext_d24b61,PUR_IED_NEsperanza_Ext_d24b61,,,,,
2026-09-12T11:16:07-05:00,PUR_IED_NEsperanza_SElect_7d1807,PUR_IED_NEsperanza_SElect_7d1807,,,,,
2026-09-12T11:16:07-05:00,PUR_IED_NEsperanza_SLabor_8b2d0a,PUR_IED_NEsperanza_SLabor_8b2d0a,,,,,
2026-09-12T11:16:07-05:00,PUR_IED_NacionesU_Ext_f661a9,PUR_IED_NacionesU_Ext_f661a9,,,,,
2026-09-12T11:16:07-05:00,PUR_IED_NacionesU_Quimica_66f0a,PUR_IED_NacionesU_Quimica_66f0a,,,,,
2026-09-12T11:16:07-05:00,PUR_IED_NacionesU_S306_1b4b3d,PUR_IED_NacionesU_S306_1b4b3d,,,,,
2026-09-12T11:16:07-05:00,PUR_IED_NestorFA_Ext_e4201c,PUR_IED_NestorFA_Ext_e4201c,,,,,
2026-09-12T11:16:07-05:00,PUR_IED_NestorFA_Laborato_f22fe0,PUR_IED_NestorFA_Laborato_f22fe0,,,,,
2026-09-12T11:16:07-05:00,PUR_IED_NestorFA_S204_dee996,PUR_IED_NestorFA_S204_dee996,,,,,
2026-09-12T11:16:07-05:00,PUR_IED_NidyaQT_Aula03_76999b,PUR_IED_NidyaQT_Aula03_76999b,,,,,
2026-09-12T11:16:07-05:00,PUR_IED_NidyaQT_Aula10_56325,PUR_IED_NidyaQT_Aula10_56325,,,,,
2026-09-12T11:16:07-05:00,PUR_IED_NidyaQT_Ext_46e32d,PUR_IED_NidyaQT_Ext_46e32d,,,,,
2026-09-12T11:16:07-05:00,PUR_IED_NuevaCol_Exterior_d9b859,PUR_IED_NuevaCol_Exterior_d9b859,,,,,
2026-09-12T11:16:07-05:00,PUR_IED_NuevaCol_S1101_76c43b,PUR_IED_NuevaCol_S1101_76c43b,,,,,
2026-09-12T11:16:07-05:00,PUR_IED_NuevaCol_S1102_1ce0b5,PUR_IED_NuevaCol_S1102_1ce0b5,,,,,
2026-09-12T11:16:07-05:00,PUR_IED_OEA_A202_f7e3f2,PUR_IED_OEA_A202_f7e3f2,,,,,
2026-09-12T11:16:07-05:00,PUR_IED_OEA_A203_7d1b8d,PUR_IED_OEA_A203_7d1b8d,,,,,
2026-09-12T11:16:07-05:00,PUR_IED_OEA_Ext_27b593,PUR_IED_OEA_Ext_27b593,,,,,
2026-09-12T11:16:07-05:00,PUR_IED_Ochoa_Ext_1c29da,PUR_IED_Ochoa_Ext_1c29da,,,,,
2026-09-12T11:16:07-05:00,PUR_IED_Ochoa_S205_8b1121,PUR_IED_Ochoa_S205_8b1121,,,,,
2026-09-12T11:16:07-05:00,PUR_IED_Ochoa_Sistemas_f33af6,PUR_IED_Ochoa_Sistemas_f33af6,,,,,
2026-09-12T11:16:07-05:00,PUR_IED_PQuebec_Ext_1c67c7,PUR_IED_PQuebec_Ext_1c67c7,,,,,
2026-09-12T11:16:07-05:00,PUR_IED_PQuebec_S15_23e8e2,PUR_IED_PQuebec_S15_23e8e2,,,,,
2026-09-12T11:16:07-05:00,PUR_IED_PQuebec_S16_8ec76b,PUR_IED_PQuebec_S16_8ec76b,,,,,
2026-09-12T11:16:07-05:00,PUR_IED_PabloN_Ext_49dc96,PUR_IED_PabloN_Ext_49dc96,,,,,
2026-09-12T11:16:07-05:00,PUR_IED_PabloN_S1102_4e3df5,PUR_IED_PabloN_S1102_4e3df5,,,,,
2026-09-12T11:16:07-05:00,PUR_IED_PabloN_S1103_50c94b,PUR_IED_PabloN_S1103_50c94b,,,,,
2026-09-12T11:16:07-05:00,PUR_IED_Palestina_S1101_db9198,PUR_IED_Palestina_S1101_db9198,,,,,
2026-09-12T11:16:07-05:00,PUR_IED_Palestina_S1102_dc54fa,PUR_IED_Palestina_S1102_dc54fa,,,,,
2026-09-12T11:16:07-05:00,PUR_IED_Palestina_ext_4ccce6,PUR_IED_Palestina_ext_4ccce6,,,,,
2026-09-12T11:16:07-05:00,PUR_IED_Panama_Fisica_4d0794,PUR_IED_Panama_Fisica_4d0794,,,,,
2026-09-12T11:16:07-05:00,PUR_IED_Panama_SIngles_a4077e,PUR_IED_Panama_SIngles_a4077e,,,,,
2026-09-12T11:16:07-05:00,PUR_IED_Panama_ext_4c54b4,PUR_IED_Panama_ext_4c54b4,,,,,
2026-09-12T11:16:07-05:00,PUR_IED_ParaisoM_Exterior_8cd7f0,PUR_IED_ParaisoM_Exterior_8cd7f0,,,,,
2026-09-12T11:16:07-05:00,PUR_IED_ParaisoM_Laborato_27af35,PUR_IED_ParaisoM_Laborato_27af35,,,,,
2026-09-12T11:16:07-05:00,PUR_IED_ParaisoM_S304_d1edca,PUR_IED_ParaisoM_S304_d1edca,,,,,
2026-09-12T11:16:07-05:00,PUR_IED_PorfirioBarba_Ext_301466,PUR_IED_PorfirioBarba_Ext_301466,,,,,
2026-09-12T11:16:07-05:00,PUR_IED_PorfirioBarba_S11_df6cd2,PUR_IED_PorfirioBarba_S11_df6cd2,,,,,
2026-09-12T11:16:07-05:00,PUR_IED_PorfirioBarba_S29_27a7d6,PUR_IED_PorfirioBarba_S29_27a7d6,,,,,
2026-09-12T11:16:07-05:00,PUR_IED_PradoV_Exter_8b27ad,PUR_IED_PradoV_Exter_8b27ad,,,,,
2026-09-12T11:16:07-05:00,PUR_IED_PradoV_S301_de65b5,PUR_IED_PradoV_S301_de65b5,,,,,
2026-09-12T11:16:07-05:00,PUR_IED_PradoV_S302_7d2593,PUR_IED_PradoV_S302_7d2593,,,,,
2026-09-12T11:16:07-05:00,PUR_IED_QuirogaAlz_Ext_1ddc82,PUR_IED_QuirogaAlz_Ext_1ddc82,,,,,
2026-09-12T11:16:07-05:00,PUR_IED_QuirogaAlz_S302_9926a3,PUR_IED_QuirogaAlz_S302_9926a3,,,,,
2026-09-12T11:16:07-05:00,PUR_IED_QuirogaAlz_S305_cdf1f1,PUR_IED_QuirogaAlz_S305_cdf1f1,,,,,
2026-09-12T11:16:07-05:00,PUR_IED_RGuatemala_Biling_dc53b7,PUR_IED_RGuatemala_Biling_dc53b7,,,,,
2026-09-12T11:16:07-05:00,PUR_IED_RGuatemala_Ext_1b89a3,PUR_IED_RGuatemala_Ext_1b89a3,,,,,
2026-09-12T11:16:07-05:00,PUR_IED_RGuatemala_Tecnol_281a34,PUR_IED_RGuatemala_Tecnol_281a34,,,,,
2026-09-12T11:16:07-05:00,PUR_IED_RafaNu_Ext_f7c302,PUR_IED_RafaNu_Ext_f7c302,,,,,
2026-09-12T11:16:07-05:00,PUR_IED_RafaNu_S1101_25fde,PUR_IED_RafaNu_S1101_25fde,,,,,
2026-09-12T11:16:07-05:00,PUR_IED_RafaNu_S1102_281517,PUR_IED_RafaNu_S1102_281517,,,,,
2026-09-12T11:16:07-05:00,PUR_IED_RafaelB_S305_ee2783,PUR_IED_RafaelB_S305_ee2783,,,,,
2026-09-12T11:16:07-05:00,PUR_IED_RafaelB_S306_75fe33,PUR_IED_RafaelB_S306_75fe33,,,,,
2026-09-12T11:16:07-05:00,PUR_IED_RafaelB_ext_283336,PUR_IED_RafaelB_ext_283336,2,20,56,4.6722,-74.0737
2026-09-12T11:16:07-05:00,PUR_IED_RafaelUU_Exterior_281a51,PUR_IED_RafaelUU_Exterior_281a51,,,,,
2026-09-12T11:16:07-05:00,PUR_IED_RafaelUU_Human_806b2,PUR_IED_RafaelUU_Human_806b2,,,,,
2026-09-12T11:16:07-05:00,PUR_IED_RafaelUU_Mate2_5680d4,PUR_IED_RafaelUU_Mate2_5680d4,,,,,
2026-09-12T11:16:07-05:00,PUR_IED_RamonSub_Ext_f9eeb9,PUR_IED_RamonSub_Ext_f9eeb9,,,,,
2026-09-12T11:16:07-05:00,PUR_IED_RamonSub_Media_d1f62f,PUR_IED_RamonSub_Media_d1f62f,,,,,
2026-09-12T11:16:07-05:00,PUR_IED_RamonSub_planta_51b82,PUR_IED_RamonSub_planta_51b82,,,,,
2026-09-12T11:16:07-05:00,PUR_IED_RepBoliVene_Exter_27af7c,PUR_IED_RepBoliVene_Exter_27af7c,,,,,
2026-09-12T11:16:07-05:00,PUR_IED_RepBoliVene_SCPT_5ae2ee,PUR_IED_RepBoliVene_SCPT_5ae2ee,,,,,
2026-09-12T11:16:07-05:00,PUR_IED_RepBoliVene_Socia_4b11d5,PUR_IED_RepBoliVene_Socia_4b11d5,,,,,
2026-09-12T11:16:07-05:00,PUR_IED_RepChina_Ext_76d9ee,PUR_IED_RepChina_Ext_76d9ee,,,,,
2026-09-12T11:16:07-05:00,PUR_IED_RepChina_S404_7c804c,PUR_IED_RepChina_S404_7c804c,,,,,
2026-09-12T11:16:07-05:00,PUR_IED_RepChina_S405_df2c33,PUR_IED_RepChina_S405_df2c33,,,,,
2026-09-12T11:16:07-05:00,PUR_IED_RepublicaC_Exteri_7d1ec9,PUR_IED_RepublicaC_Exteri_7d1ec9,,,,,
2026-09-12T11:16:07-05:00,PUR_IED_RepublicaC_S1101_f544b3,PUR_IED_RepublicaC_S1101_f544b3,,,,,
2026-09-12T11:16:07-05:00,PUR_IED_RepublicaC_S1102_7aafc7,PUR_IED_RepublicaC_S1102_7aafc7,,,,,
2026-09-12T11:16:07-05:00,PUR_IED_Ricaurte_Externo_a0ea1,PUR_IED_Ricaurte_Externo_a0ea1,,,,,
2026-09-12T11:16:07-05:00,PUR_IED_Ricaurte_S210_f546fd,PUR_IED_Ricaurte_S210_f546fd,,,,,
2026-09-12T11:16:07-05:00,PUR_IED_Ricaurte_S309_d4452,PUR_IED_Ricaurte_S309_d4452,,,,,
2026-09-12T11:16:07-05:00,PUR_IED_RogelioS_1102_531e69,PUR_IED_RogelioS_1102_531e69,,,,,
2026-09-12T11:16:07-05:00,PUR_IED_RogelioS_Ext_f25a18,PUR_IED_RogelioS_Ext_f25a18,,,,,
2026-09-12T11:16:07-05:00,PUR_IED_SBernardino_Ext_27aff8,PUR_IED_SBernardino_Ext_27aff8,,,,,
2026-09-12T11:16:07-05:00,PUR_IED_SBernardino_SArte_2ffd33,PUR_IED_SBernardino_SArte_2ffd33,,,,,
2026-09-12T11:16:07-05:00,PUR_IED_SBernardino_SIngl_7c7da5,PUR_IED_SBernardino_SIngl_7c7da5,,,,,
2026-09-12T11:16:07-05:00,PUR_IED_Sago_auditorio_dc9d1d,PUR_IED_Sago_auditorio_dc9d1d,,,,,
2026-09-12T11:16:07-05:00,PUR_IED_Saludcoop_Ext_95aac3,PUR_IED_Saludcoop_Ext_95aac3,,,,,
2026-09-12T11:16:07-05:00,PUR_IED_Saludcoop_InfI_90c854,PUR_IED_Saludcoop_InfI_90c854,,,,,
2026-09-12T11:16:07-05:00,PUR_IED_Saludcoop_SMedia_1b93be,PUR_IED_Saludcoop_SMedia_1b93be,,,,,
2026-09-12T11:16:07-05:00,PUR_IED_SanCarlos_1101_1a2360,PUR_IED_SanCarlos_1101_1a2360,,,,,
2026-09-12T11:16:07-05:00,PUR_IED_SanCarlos_1103_7bafb5,PUR_IED_SanCarlos_1103_7bafb5,,,,,
2026-09-12T11:16:07-05:00,PUR_IED_SanCarlos_Ext_b7cd1,PUR_IED_SanCarlos_Ext_b7cd1,,,,,
2026-09-12T11:16:07-05:00,PUR_IED_SanIgnacioBosa11a_50c26e,PUR_IED_SanIgnacioBosa11a_50c26e,,,,,
2026-09-12T11:16:07-05:00,PUR_IED_SanIgnacioBosa11b_371de8,PUR_IED_SanIgnacioBosa11b_371de8,,,,,
2026-09-12T11:16:07-05:00,PUR_IED_SanIgnacioBosaExt_ef0ffc,PUR_IED_SanIgnacioBosaExt_ef0ffc,,,,,
2026-09-12T11:16:07-05:00,PUR_IED_SanIgnacioBosa_11a_50c26e,PUR_IED_SanIgnacioBosa_11a_50c26e,,,,,
2026-09-12T11:16:07-05:00,PUR_IED_SanIgnacioBosa_Ext_ef0ffc,PUR_IED_SanIgnacioBosa_Ext_ef0ffc,,,,,
2026-09-12T11:16:07-05:00,PUR_IED_SanJoseN_intS1101_31c47f,PUR_IED_SanJoseN_intS1101_31c47f,,,,,
2026-09-12T11:16:07-05:00,PUR_IED_SanJoseUsm_Exter_f5d7e8,PUR_IED_SanJoseUsm_Exter_f5d7e8,,,,,
2026-09-12T11:16:07-05:00,PUR_IED_SanJoseUsm_Int11A_cfdef6,PUR_IED_SanJoseUsm_Int11A_cfdef6,,,,,
2026-09-12T11:16:07-05:00,PUR_IED_SilveriaR_IntB5_905349,PUR_IED_SilveriaR_IntB5_905349,,,,,
2026-09-12T11:16:07-05:00,PUR_IED_SilveriaR_IntSD14_981f93,PUR_IED_SilveriaR_IntSD14_981f93,,,,,
2026-09-12T11:16:07-05:00,PUR_IED_SilveriaR_ext_2b651d,PUR_IED_SilveriaR_ext_2b651d,,,,,
2026-09-12T11:16:07-05:00,PUR_IED_SimonB_Exterior_913975,PUR_IED_SimonB_Exterior_913975,,,,,
2026-09-12T11:16:07-05:00,PUR_IED_SimonB_LabQuimi_c56908,PUR_IED_SimonB_LabQuimi_c56908,,,,,
2026-09-12T11:16:07-05:00,PUR_IED_SimonB_informatic_a28c1,PUR_IED_SimonB_informatic_a28c1,,,,,
2026-09-12T11:16:07-05:00,PUR_IED_Sorrento_1102_315f50,PUR_IED_Sorrento_1102_315f50,,,,,
2026-09-12T11:16:07-05:00,PUR_IED_Sorrento_Minte_214eab,PUR_IED_Sorrento_Minte_214eab,,,,,
2026-09-12T11:16:07-05:00,PUR_IED_Sorrento_ext_7c3a0a,PUR_IED_Sorrento_ext_7c3a0a,,,,,
2026-09-12T11:16:07-05:00,PUR_IED_Tabora_Ext_f048ae,PUR_IED_Tabora_Ext_f048ae,,,,,
2026-09-12T11:16:07-05:00,PUR_IED_Tabora_S1102_b07752,PUR_IED_Tabora_S1102_b07752,,,,,
2026-09-12T11:16:07-05:00,PUR_IED_Tabora_S1103_d988f5,PUR_IED_Tabora_S1103_d988f5,,,,,
2026-09-12T11:16:07-05:00,PUR_IED_Tenerife_Ext_1ab188,PUR_IED_Tenerife_Ext_1ab188,,,,,
2026-09-12T11:16:07-05:00,PUR_IED_Tenerife_SDanzas_7bc02e,PUR_IED_Tenerife_SDanzas_7bc02e,,,,,
2026-09-12T11:16:07-05:00,PUR_IED_Tenerife_SIngles_7cc277,PUR_IED_Tenerife_SIngles_7cc277,,,,,
2026-09-12T11:16:07-05:00,PUR_IED_Tibabuyes_Exter_f2683d,PUR_IED_Tibabuyes_Exter_f2683d,,,,,
2026-09-12T11:16:07-05:00,PUR_IED_Tibabuyes_S10_dc87a8,PUR_IED_Tibabuyes_S10_dc87a8,,,,,
2026-09-12T11:16:07-05:00,PUR_IED_Tibabuyes_S15_dc0526,PUR_IED_Tibabuyes_S15_dc0526,,,,,
2026-09-12T11:16:07-05:00,PUR_IED_UnionE_S301_a1043,PUR_IED_UnionE_S301_a1043,,,,,
2026-09-12T11:16:07-05:00,PUR_IED_UnionE_S307_ff6c2f,PUR_IED_UnionE_S307_ff6c2f,,,,,
2026-09-12T11:16:07-05:00,PUR_IED_UnionE__Ext_5e2468,PUR_IED_UnionE__Ext_5e2468,,,,,
2026-09-12T11:16:07-05:00,PUR_IED_VillaRica_Ext_75be7c,PUR_IED_VillaRica_Ext_75be7c,,,,,
2026-09-12T11:16:07-05:00,PUR_IED_VillaRica_S4_cc5dcd,PUR_IED_VillaRica_S4_cc5dcd,,,,,
2026-09-12T11:16:07-05:00,PUR_IED_VillaRica_Sesp_99f5c,PUR_IED_VillaRica_Sesp_99f5c,,,,,
2026-09-12T11:21:10-05:00,PUR_IED_20deJulio_1101_91b1b9,PUR_IED_20deJulio_1101_91b1b9,,,,,
2026-09-12T11:21:10-05:00,PUR_IED_20deJulio_1102_1cfcf9,PUR_IED_20deJulio_1102_1cfcf9,,,,,
2026-09-12T11:21:10-05:00,PUR_IED_20deJulio_Ext_ab60bd,PUR_IED_20deJulio_Ext_ab60bd,,,,,
2026-09-12T11:21:10-05:00,PUR_IED_AgustinFer_Ext_7b9b77,PUR_IED_AgustinFer_Ext_7b9b77,,,,,
2026-09-12T11:21:10-05:00,PUR_IED_AgustinFer_Info2_27b3a7,PUR_IED_AgustinFer_Info2_27b3a7,,,,,
2026-09-12T11:21:10-05:00,PUR_IED_AgustinFer_Sena_54b4eb,PUR_IED_AgustinFer_Sena_54b4eb,,,,,
2026-09-12T11:21:10-05:00,PUR_IED_AlexanderF_1102_caf07b,PUR_IED_AlexanderF_1102_caf07b,,,,,
2026-09-12T11:21:10-05:00,PUR_IED_AlexanderF_1103_c79e71,PUR_IED_AlexanderF_1103_c79e71,,,,,
2026-09-12T11:21:10-05:00,PUR_IED_AlexanderF_Ext_c5b18b,PUR_IED_AlexanderF_Ext_c5b18b,,,,,
2026-09-12T11:21:10-05:00,PUR_IED_AlfonsoLopez_Ext_281d77,PUR_IED_AlfonsoLopez_Ext_281d77,,,,,
2026-09-12T11:21:10-05:00,PUR_IED_AlfonsoLopez_LabF_888ce0,PUR_IED_AlfonsoLopez_LabF_888ce0,,,,,
2026-09-12T11:21:10-05:00,PUR_IED_AlfonsoLopez_SMed_df6a7f,PUR_IED_AlfonsoLopez_SMed_df6a7f,,,,,
2026-09-12T11:21:10-05:00,PUR_IED_AltamiraSO_A2_209f92,PUR_IED_AltamiraSO_A2_209f92,,,,,
2026-09-12T11:21:10-05:00,PUR_IED_AltamiraSO_Ext_186d66,PUR_IED_AltamiraSO_Ext_186d66,,,,,
2026-09-12T11:21:10-05:00,PUR_IED_AltamiraSO_Sistem_27afe1,PUR_IED_AltamiraSO_Sistem_27afe1,,,,,
2026-09-12T11:21:10-05:00,PUR_IED_AlvaroGom_LabQuim_813179,PUR_IED_AlvaroGom_LabQuim_813179,,,,,
2026-09-12T11:21:10-05:00,PUR_IED_AlvaroGomez_Ext_47c7ca,PUR_IED_AlvaroGomez_Ext_47c7ca,,,,,
2026-09-12T11:21:10-05:00,PUR_IED_AlvaroGomez_LabQuim_813179,PUR_IED_AlvaroGomez_LabQuim_813179,,,,,
2026-09-12T11:21:10-05:00,PUR_IED_AlvaroGomez_S23_7ba89f,PUR_IED_AlvaroGomez_S23_7ba89f,,,,,
2026-09-12T11:21:10-05:00,PUR_IED_Amistad_306_dc8728,PUR_IED_Amistad_306_dc8728,,,,,
2026-09-12T11:21:10-05:00,PUR_IED_Amistad_Ext_8cd55e,PUR_IED_Amistad_Ext_8cd55e,,,,,
2026-09-12T11:21:10-05:00,PUR_IED_Amistad_S202_a41169,PUR_IED_Amistad_S202_a41169,,,,,
2026-09-12T11:21:10-05:00,PUR_IED_AndresBello_Bio_fd5f5e,PUR_IED_AndresBello_Bio_fd5f5e,,,,,
2026-09-12T11:21:10-05:00,PUR_IED_AndresBello_ext_dcad65,PUR_IED_AndresBello_ext_dcad65,,,,,
2026-09-12T11:21:10-05:00,PUR_IED_AndresBello_port_eed3ec,PUR_IED_AndresBello_port_eed3ec,,,,,
2026-09-12T11:21:10-05:00,PUR_IED_AngelaR_11b_d90a6b,PUR_IED_AngelaR_11b_d90a6b,,,,,
2026-09-12T11:21:10-05:00,PUR_IED_AngelaR_ext_7cad3e,PUR_IED_AngelaR_ext_7cad3e,,,,,
2026-09-12T11:21:10-05:00,PUR_IED_AntJoseSucre_10mo_df2575,PUR_IED_AntJoseSucre_10mo_df2575,,,,,
2026-09-12T11:21:10-05:00,PUR_IED_AntJoseSucre_Ext_215b36,PUR_IED_AntJoseSucre_Ext_215b36,,,,,
2026-09-12T11:21:10-05:00,PUR_IED_AntJoseSucre_Lab_3139de,PUR_IED_AntJoseSucre_Lab_3139de,,,,,
2026-09-12T11:21:10-05:00,PUR_IED_AntonioGarcia_301_d6b188,PUR_IED_AntonioGarcia_301_d6b188,,,,,
2026-09-12T11:21:10-05:00,PUR_IED_AntonioGarcia_302_88a82,PUR_IED_AntonioGarcia_302_88a82,,,,,
2026-09-12T11:21:10-05:00,PUR_IED_AntonioGarcia_Ext_20950c,PUR_IED_AntonioGarcia_Ext_20950c,,,,,
2026-09-12T11:21:10-05:00,PUR_IED_AntonioVan_Aula2_6dea02,PUR_IED_AntonioVan_Aula2_6dea02,,,,,
2026-09-12T11:21:10-05:00,PUR_IED_AntonioVan_Aula5_f1557e,PUR_IED_AntonioVan_Aula5_f1557e,,,,,
2026-09-12T11:21:10-05:00,PUR_IED_AntonioVan_Ext_406f2f,PUR_IED_AntonioVan_Ext_406f2f,,,,,
2026-09-12T11:21:10-05:00,PUR_IED_Atabanzha_Ext_cc5af9,PUR_IED_Atabanzha_Ext_cc5af9,,,,,
2026-09-12T11:21:10-05:00,PUR_IED_Atabanzha_SA101_56c37,PUR_IED_Atabanzha_SA101_56c37,,,,,
2026-09-12T11:21:10-05:00,PUR_IED_Atabanzha_SB302_27b374,PUR_IED_Atabanzha_SB302_27b374,,,,,
2026-09-12T11:21:10-05:00,PUR_IED_Atahualpa_Ext_fc1748,PUR_IED_Atahualpa_Ext_fc1748,,,,,
2026-09-12T11:21:10-05:00,PUR_IED_Atahualpa_Informa_dc9a95,PUR_IED_Atahualpa_Informa_dc9a95,,,,,
2026-09-12T11:21:10-05:00,PUR_IED_Atahualpa_S1101_f98056,PUR_IED_Atahualpa_S1101_f98056,,,,,
2026-09-12T11:21:10-05:00,PUR_IED_Bellavista_Ext_f5aa74,PUR_IED_Bellavista_Ext_f5aa74,,,,,
2026-09-12T11:21:10-05:00,PUR_IED_Bilbao_11A_916c41,PUR_IED_Bilbao_11A_916c41,,,,,
2026-09-12T11:21:10-05:00,PUR_IED_Bilbao_Ext_fb579a,PUR_IED_Bilbao_Ext_fb579a,,,,,
2026-09-12T11:21:10-05:00,PUR_IED_BrasiliaU_A125_304280,PUR_IED_BrasiliaU_A125_304280,,,,,
2026-09-12T11:21:10-05:00,PUR_IED_BrasiliaU_A203_7c8ca5,PUR_IED_BrasiliaU_A203_7c8ca5,,,,,
2026-09-12T11:21:10-05:00,PUR_IED_BrasiliaU_Ext_8d6e9f,PUR_IED_BrasiliaU_Ext_8d6e9f,4,19,57,4.5175,-74.116302
2026-09-12T11:21:10-05:00,PUR_IED_Brasilia_Ext_fe6593,PUR_IED_Brasilia_Ext_fe6593,,,,,
2026-09-12T11:21:10-05:00,PUR_IED_Brasilia_S24_7c130d,PUR_IED_Brasilia_S24_7c130d,,,,,
2026-09-12T11:21:10-05:00,PUR_IED_Brasilia_S501_186a54,PUR_IED_Brasilia_S501_186a54,,,,,
2026-09-12T11:21:10-05:00,PUR_IED_CHARRY_EXT_f1d5cd,PUR_IED_CHARRY_EXT_f1d5cd,,,,,
2026-09-12T11:21:10-05:00,PUR_IED_CHARRY_INTDANZAS_7a08e6,PUR_IED_CHARRY_INTDANZAS_7a08e6,,,,,
2026-09-12T11:21:10-05:00,PUR_IED_CHARRY_INT_AULA20_dc998d,PUR_IED_CHARRY_INT_AULA20_dc998d,,,,,
2026-09-12T11:21:10-05:00,PUR_IED_COLVIV_1101_S25_7f520a,PUR_IED_COLVIV_1101_S25_7f520a,,,,,
2026-09-12T11:21:10-05:00,PUR_IED_COLVIV_1102_S16_f570ba,PUR_IED_COLVIV_1102_S16_f570ba,,,,,
2026-09-12T11:21:10-05:00,PUR_IED_COLVIV_Ext_1a26fa,PUR_IED_COLVIV_Ext_1a26fa,,,,,
2026-09-12T11:21:10-05:00,PUR_IED_CULPOP_301A_f660f3,PUR_IED_CULPOP_301A_f660f3,,,,,
2026-09-12T11:21:10-05:00,PUR_IED_CULPOP_303_568afe,PUR_IED_CULPOP_303_568afe,,,,,
2026-09-12T11:21:10-05:00,PUR_IED_CULPOP_Ext_e02ccb,PUR_IED_CULPOP_Ext_e02ccb,,,,,
2026-09-12T11:21:10-05:00,PUR_IED_CVillavicen_Ext_26eb58,PUR_IED_CVillavicen_Ext_26eb58,2,17,71,4.487,-74.102798
2026-09-12T11:21:10-05:00,PUR_IED_CVillavicen_Intel_1ce5c2,PUR_IED_CVillavicen_Intel_1ce5c2,,,,,
2026-09-12T11:21:10-05:00,PUR_IED_CVillavicen_Poliv_e0766c,PUR_IED_CVillavicen_Poliv_e0766c,,,,,
2026-09-12T11:21:10-05:00,PUR_IED_CVillavicen_int_1ba140,PUR_IED_CVillavicen_int_1ba140,,,,,
2026-09-12T11:21:10-05:00,PUR_IED_CVillavicen_intel_1ba140,PUR_IED_CVillavicen_intel_1ba140,,,,,
2026-09-12T11:21:10-05:00,PUR_IED_CarlosPizarro_Ext_e307cc,PUR_IED_CarlosPizarro_Ext_e307cc,,,,,
2026-09-12T11:21:10-05:00,PUR_IED_CarlosPizarro_L36_7e5cdb,PUR_IED_CarlosPizarro_L36_7e5cdb,,,,,
2026-09-12T11:21:10-05:00,PUR_IED_CarlosPizarro_L37_c8566c,PUR_IED_CarlosPizarro_L37_c8566c,,,,,
2026-09-12T11:21:10-05:00,PUR_IED_Castilla_Ext_cf35f,PUR_IED_Castilla_Ext_cf35f,,,,,
2026-09-12T11:21:10-05:00,PUR_IED_Castilla_SFisik_360e38,PUR_IED_Castilla_SFisik_360e38,,,,,
2026-09-12T11:21:10-05:00,PUR_IED_Castilla_Sc304_496fbf,PUR_IED_Castilla_Sc304_496fbf,,,,,
2026-09-12T11:21:10-05:00,PUR_IED_CervantesSa_Ext_6b57b,PUR_IED_CervantesSa_Ext_6b57b,3,20,62,4.5128,-74.117203
2026-09-12T11:21:10-05:00,PUR_IED_CervantesSa_S107_225c2b,PUR_IED_CervantesSa_S107_225c2b,,,,,
2026-09-12T11:21:10-05:00,PUR_IED_CervantesSa_S108_940925,PUR_IED_CervantesSa_S108_940925,,,,,
2026-09-12T11:21:10-05:00,PUR_IED_Charry_A20_f53e7c,PUR_IED_Charry_A20_f53e7c,,,,,
2026-09-12T11:21:10-05:00,PUR_IED_Charry_Ext_f1d5cd,PUR_IED_Charry_Ext_f1d5cd,,,,,
2026-09-12T11:21:10-05:00,PUR_IED_Charry_IntAula20_dc998d,PUR_IED_Charry_IntAula20_dc998d,,,,,
2026-09-12T11:21:10-05:00,PUR_IED_Charry_IntDanzas_7a08e6,PUR_IED_Charry_IntDanzas_7a08e6,,,,,
2026-09-12T11:21:10-05:00,PUR_IED_ClememciaC_203_43e2fc,PUR_IED_ClememciaC_203_43e2fc,,,,,
2026-09-12T11:21:10-05:00,PUR_IED_ClememciaC_Ext_1b411a,PUR_IED_ClememciaC_Ext_1b411a,,,,,
2026-09-12T11:21:10-05:00,PUR_IED_ClememciaC_Quimic_44b5fc,PUR_IED_ClememciaC_Quimic_44b5fc,,,,,
2026-09-12T11:21:10-05:00,PUR_IED_ClemenciaC_203_43e2fc,PUR_IED_ClemenciaC_203_43e2fc,,,,,
2026-09-12T11:21:10-05:00,PUR_IED_ClemenciaC_Ext_1b411a,PUR_IED_ClemenciaC_Ext_1b411a,,,,,
2026-09-12T11:21:10-05:00,PUR_IED_ClemenciaC_Quimic_44b5fc,PUR_IED_ClemenciaC_Quimic_44b5fc,,,,,
2026-09-12T11:21:10-05:00,PUR_IED_ColViva_1101_S25_7f520a,PUR_IED_ColViva_1101_S25_7f520a,,,,,
2026-09-12T11:21:10-05:00,PUR_IED_ColViva_1102_S16_f570ba,PUR_IED_ColViva_1102_S16_f570ba,,,,,
2026-09-12T11:21:10-05:00,PUR_IED_ColViva_Ext_1a26fa,PUR_IED_ColViva_Ext_1a26fa,,,,,
2026-09-12T11:21:10-05:00,PUR_IED_ColegioBici_Asist_7c8798,PUR_IED_ColegioBici_Asist_7c8798,,,,,
2026-09-12T11:21:10-05:00,PUR_IED_ColegioBici_Ext_25cbf6,PUR_IED_ColegioBici_Ext_25cbf6,,,,,
2026-09-12T11:21:10-05:00,PUR_IED_ColegioBici_LabQ_7b57db,PUR_IED_ColegioBici_LabQ_7b57db,,,,,
2026-09-12T11:21:10-05:00,PUR_IED_CostaRica_Ext_5e640,PUR_IED_CostaRica_Ext_5e640,,,,,
2026-09-12T11:21:10-05:00,PUR_IED_CostaRica_Quim1_766d1c,PUR_IED_CostaRica_Quim1_766d1c,,,,,
2026-09-12T11:21:10-05:00,PUR_IED_CostaRica__Fisica_6f0873,PUR_IED_CostaRica__Fisica_6f0873,,,,,
2026-09-12T11:21:10-05:00,PUR_IED_CulPopu_301A_f660f3,PUR_IED_CulPopu_301A_f660f3,,,,,
2026-09-12T11:21:10-05:00,PUR_IED_CulPopu_303_568afe,PUR_IED_CulPopu_303_568afe,,,,,
2026-09-12T11:21:10-05:00,PUR_IED_CulPopu_Ext_e02ccb,PUR_IED_CulPopu_Ext_e02ccb,,,,,
2026-09-12T11:21:10-05:00,PUR_IED_Cundinamarca_Ext_f15985,PUR_IED_Cundinamarca_Ext_f15985,,,,,
2026-09-12T11:21:10-05:00,PUR_IED_Cundinamarca_Info_7aa5d7,PUR_IED_Cundinamarca_Info_7aa5d7,,,,,
2026-09-12T11:21:10-05:00,PUR_IED_Cundinamarca_Tec2_f449c7,PUR_IED_Cundinamarca_Tec2_f449c7,,,,,
2026-09-12T11:21:10-05:00,PUR_IED_DiegoM_Aula1_27b314,PUR_IED_DiegoM_Aula1_27b314,,,,,
2026-09-12T11:21:10-05:00,PUR_IED_DiegoM_Ext_d80ac8,PUR_IED_DiegoM_Ext_d80ac8,,,,,
2026-09-12T11:21:10-05:00,PUR_IED_DiegoM_S25_da928f,PUR_IED_DiegoM_S25_da928f,,,,,
2026-09-12T11:21:10-05:00,PUR_IED_ELRODEO_360881,PUR_IED_ELRODEO_360881,,,,,
2026-09-12T11:21:10-05:00,PUR_IED_ELRODEO_ext_360881,PUR_IED_ELRODEO_ext_360881,,,,,
2026-09-12T11:21:10-05:00,PUR_IED_EduardoU_Ext_1c1969,PUR_IED_EduardoU_Ext_1c1969,,,,,
2026-09-12T11:21:10-05:00,PUR_IED_EduardoU_SCiencia_4dfb94,PUR_IED_EduardoU_SCiencia_4dfb94,,,,,
2026-09-12T11:21:10-05:00,PUR_IED_EduardoU_SQuimica_5a46e7,PUR_IED_EduardoU_SQuimica_5a46e7,,,,,
2026-09-12T11:21:10-05:00,PUR_IED_ElRodeo_Aula14_676984,PUR_IED_ElRodeo_Aula14_676984,,,,,
2026-09-12T11:21:10-05:00,PUR_IED_ElRodeo_Aula16_2dd35b,PUR_IED_ElRodeo_Aula16_2dd35b,,,,,
2026-09-12T11:21:10-05:00,PUR_IED_ElRodeo_Ext_360881,PUR_IED_ElRodeo_Ext_360881,,,,,
2026-09-12T11:21:10-05:00,PUR_IED_ElRodeo_Exterior_8c6d28,PUR_IED_ElRodeo_Exterior_8c6d28,,,,,
2026-09-12T11:21:10-05:00,PUR_IED_ElRodeo_ext_360881,PUR_IED_ElRodeo_ext_360881,,,,,
2026-09-12T11:21:10-05:00,PUR_IED_EmmaReyes_Ext_987625,PUR_IED_EmmaReyes_Ext_987625,9,22,48,4.6367,-74.1511
2026-09-12T11:21:10-05:00,PUR_IED_Ensueño_Ext_7f0250,PUR_IED_Ensueño_Ext_7f0250,,,,,
2026-09-12T11:21:10-05:00,PUR_IED_EscNormal_Ext_5fef3b,PUR_IED_EscNormal_Ext_5fef3b,2,22,53,4.5852,-74.096901
2026-09-12T11:21:10-05:00,PUR_IED_EscNormal_S309_5b263,PUR_IED_EscNormal_S309_5b263,,,,,
2026-09-12T11:21:10-05:00,PUR_IED_EscNormal_S310_27b3b8,PUR_IED_EscNormal_S310_27b3b8,,,,,
2026-09-12T11:21:10-05:00,PUR_IED_Evangelista_Conta_f6cd4f,PUR_IED_Evangelista_Conta_f6cd4f,,,,,
2026-09-12T11:21:10-05:00,PUR_IED_Evangelista_Cri_5e16a,PUR_IED_Evangelista_Cri_5e16a,,,,,
2026-09-12T11:21:10-05:00,PUR_IED_Evangelista_Exter_754066,PUR_IED_Evangelista_Exter_754066,,,,,
2026-09-12T11:21:10-05:00,PUR_IED_FMiranda_S209_5cc2a3,PUR_IED_FMiranda_S209_5cc2a3,,,,,
2026-09-12T11:21:10-05:00,PUR_IED_FMiranda_S303_19e344,PUR_IED_FMiranda_S303_19e344,,,,,
2026-09-12T11:21:10-05:00,PUR_IED_FMiranda_ext_f53e7c,PUR_IED_FMiranda_ext_f53e7c,,,,,
2026-09-12T11:21:10-05:00,PUR_IED_FabioLozano_Bibli_1cee05,PUR_IED_FabioLozano_Bibli_1cee05,,,,,
2026-09-12T11:21:10-05:00,PUR_IED_FabioLozano_Ext_6ea285,PUR_IED_FabioLozano_Ext_6ea285,,,,,
2026-09-12T11:21:10-05:00,PUR_IED_FabioLozano_SLudi_f09e1e,PUR_IED_FabioLozano_SLudi_f09e1e,,,,,
2026-09-12T11:21:10-05:00,PUR_IED_FaustinoS_Aula07_27a731,PUR_IED_FaustinoS_Aula07_27a731,,,,,
2026-09-12T11:21:10-05:00,PUR_IED_FaustinoS_Ext_7b936f,PUR_IED_FaustinoS_Ext_7b936f,,,,,
2026-09-12T11:21:10-05:00,PUR_IED_FaustinoS_Fisica_da2c60,PUR_IED_FaustinoS_Fisica_da2c60,,,,,
2026-09-12T11:21:10-05:00,PUR_IED_FeGarciaLo_Ext_dc68ee,PUR_IED_FeGarciaLo_Ext_dc68ee,,,,,
2026-09-12T11:21:10-05:00,PUR_IED_FeGarciaLo_SDanza_f70a59,PUR_IED_FeGarciaLo_SDanza_f70a59,,,,,
2026-09-12T11:21:10-05:00,PUR_IED_FeGarciaLo_SMusic_125cdd,PUR_IED_FeGarciaLo_SMusic_125cdd,,,,,
2026-09-12T11:21:10-05:00,PUR_IED_FederalAlema_Exte_50c345,PUR_IED_FederalAlema_Exte_50c345,,,,,
2026-09-12T11:21:10-05:00,PUR_IED_FederalAlema_S31_f18371,PUR_IED_FederalAlema_S31_f18371,,,,,
2026-09-12T11:21:10-05:00,PUR_IED_FederalAlema_S901_a62cd,PUR_IED_FederalAlema_S901_a62cd,,,,,
2026-09-12T11:21:10-05:00,PUR_IED_FilarmonicaS_A5_f35eb1,PUR_IED_FilarmonicaS_A5_f35eb1,,,,,
2026-09-12T11:21:10-05:00,PUR_IED_FilarmonicaS_Ext_8a3bde,PUR_IED_FilarmonicaS_Ext_8a3bde,,,,,
2026-09-12T11:21:10-05:00,PUR_IED_FilarmonicaS_Spol_406114,PUR_IED_FilarmonicaS_Spol_406114,,,,,
2026-09-12T11:21:10-05:00,PUR_IED_FlorentinoG_A13_d1fa59,PUR_IED_FlorentinoG_A13_d1fa59,,,,,
2026-09-12T11:21:10-05:00,PUR_IED_FlorentinoG_Ext_1ce6ce,PUR_IED_FlorentinoG_Ext_1ce6ce,,,,,
2026-09-12T11:21:10-05:00,PUR_IED_FlorentinoG_Idiom_a66aac,PUR_IED_FlorentinoG_Idiom_a66aac,,,,,
2026-09-12T11:21:10-05:00,PUR_IED_FranciscoMati_Ext_e3869d,PUR_IED_FranciscoMati_Ext_e3869d,,,,,
2026-09-12T11:21:10-05:00,PUR_IED_FranciscoMati_S13_f31c67,PUR_IED_FranciscoMati_S13_f31c67,,,,,
2026-09-12T11:21:10-05:00,PUR_IED_FranciscoMati_S14_97dead,PUR_IED_FranciscoMati_S14_97dead,,,,,
2026-09-12T11:21:10-05:00,PUR_IED_FranciscoPS_Ext_7bfa9a,PUR_IED_FranciscoPS_Ext_7bfa9a,2,23,52,4.5899,-74.110397
2026-09-12T11:21:10-05:00,PUR_IED_FranciscoPS_Infor_fb8f4c,PUR_IED_FranciscoPS_Infor_fb8f4c,,,,,
2026-09-12T11:21:10-05:00,PUR_IED_FranciscoPS_Quimi_94d39c,PUR_IED_FranciscoPS_Quimi_94d39c,,,,,
2026-09-12T11:21:10-05:00,PUR_IED_FranciscoP_LabQ_d7e148,PUR_IED_FranciscoP_LabQ_d7e148,,,,,
2026-09-12T11:21:10-05:00,PUR_IED_FranciscoP_S28_cf9b30,PUR_IED_FranciscoP_S28_cf9b30,,,,,
2026-09-12T11:21:10-05:00,PUR_IED_FranciscoP_ext_e2313,PUR_IED_FranciscoP_ext_e2313,,,,,
2026-09-12T11:21:10-05:00,PUR_IED_FriederichN_Ext_8ac92a,PUR_IED_FriederichN_Ext_8ac92a,,,,,
2026-09-12T11:21:10-05:00,PUR_IED_FriederichN_S301_dd7e5a,PUR_IED_FriederichN_S301_dd7e5a,,,,,
2026-09-12T11:21:10-05:00,PUR_IED_FriederichN_S308_761f4f,PUR_IED_FriederichN_S308_761f4f,,,,,
2026-09-12T11:21:10-05:00,PUR_IED_GSantander_Aula10_533dd7,PUR_IED_GSantander_Aula10_533dd7,,,,,
2026-09-12T11:21:10-05:00,PUR_IED_GSantander_Aula12_fd4e4f,PUR_IED_GSantander_Aula12_fd4e4f,,,,,
2026-09-12T11:21:10-05:00,PUR_IED_GSantander_Aula310_533dd7,PUR_IED_GSantander_Aula310_533dd7,,,,,
2026-09-12T11:21:10-05:00,PUR_IED_GSantander_Aula312_fd4e4f,PUR_IED_GSantander_Aula312_fd4e4f,,,,,
2026-09-12T11:21:10-05:00,PUR_IED_GSantander_Ext_5f66b0,PUR_IED_GSantander_Ext_5f66b0,,,,,
2026-09-12T11:21:10-05:00,PUR_IED_GYomasa_Ext_f6bea5,PUR_IED_GYomasa_Ext_f6bea5,,,,,
2026-09-12T11:21:10-05:00,PUR_IED_GYomasa_LBiol_2c41aa,PUR_IED_GYomasa_LBiol_2c41aa,,,,,
2026-09-12T11:21:10-05:00,PUR_IED_GYomasa_LQuim_33c80,PUR_IED_GYomasa_LQuim_33c80,,,,,
2026-09-12T11:21:10-05:00,PUR_IED_GabBetMejia_Cienc_5a99c,PUR_IED_GabBetMejia_Cienc_5a99c,,,,,
2026-09-12T11:21:10-05:00,PUR_IED_GabBetMejia_Ext_9153d0,PUR_IED_GabBetMejia_Ext_9153d0,,,,,
2026-09-12T11:21:10-05:00,PUR_IED_GabBetMejia_Lab_f55347,PUR_IED_GabBetMejia_Lab_f55347,,,,,
2026-09-12T11:21:10-05:00,PUR_IED_GabBetanMejia_Ext_9153d0,PUR_IED_GabBetanMejia_Ext_9153d0,,,,,
2026-09-12T11:21:10-05:00,PUR_IED_Gaitana_Aula13_7aac11,PUR_IED_Gaitana_Aula13_7aac11,,,,,
2026-09-12T11:21:10-05:00,PUR_IED_Gaitana_Ext_5fcf4,PUR_IED_Gaitana_Ext_5fcf4,,,,,
2026-09-12T11:21:10-05:00,PUR_IED_Gaitana_LabFisica_644448,PUR_IED_Gaitana_LabFisica_644448,,,,,
2026-09-12T11:21:10-05:00,PUR_IED_GenSantander_Dise_8ac858,PUR_IED_GenSantander_Dise_8ac858,,,,,
2026-09-12T11:21:10-05:00,PUR_IED_GenSantander_Ext_8d5dfe,PUR_IED_GenSantander_Ext_8d5dfe,,,,,
2026-09-12T11:21:10-05:00,PUR_IED_GenSantander_Info_6c25b,PUR_IED_GenSantander_Info_6c25b,,,,,
2026-09-12T11:21:10-05:00,PUR_IED_GustavoMo_Exterio_75e63d,PUR_IED_GustavoMo_Exterio_75e63d,,,,,
2026-09-12T11:21:10-05:00,PUR_IED_GustavoMo_LabFisi_224d37,PUR_IED_GustavoMo_LabFisi_224d37,,,,,
2026-09-12T11:21:10-05:00,PUR_IED_GustavoMo_S208_3e6918,PUR_IED_GustavoMo_S208_3e6918,,,,,
2026-09-12T11:21:10-05:00,PUR_IED_GustavoR_A02_8cd4a8,PUR_IED_GustavoR_A02_8cd4a8,,,,,
2026-09-12T11:21:10-05:00,PUR_IED_GustavoR_B11_5b0ed,PUR_IED_GustavoR_B11_5b0ed,,,,,
2026-09-12T11:21:10-05:00,PUR_IED_GustavoR_Ext_7a0c90,PUR_IED_GustavoR_Ext_7a0c90,,,,,
2026-09-12T11:21:10-05:00,PUR_IED_HernandoDuran_Ext_8cd82b,PUR_IED_HernandoDuran_Ext_8cd82b,,,,,
2026-09-12T11:21:10-05:00,PUR_IED_HernandoDuran_S24_2772c6,PUR_IED_HernandoDuran_S24_2772c6,,,,,
2026-09-12T11:21:10-05:00,PUR_IED_HernandoDuran_S30_f2de41,PUR_IED_HernandoDuran_S30_f2de41,,,,,
2026-09-12T11:21:10-05:00,PUR_IED_HolguInUr_S1101_8cd732,PUR_IED_HolguInUr_S1101_8cd732,,,,,
2026-09-12T11:21:10-05:00,PUR_IED_HolguinUr_Exter_ddae6d,PUR_IED_HolguinUr_Exter_ddae6d,,,,,
2026-09-12T11:21:10-05:00,PUR_IED_HolguinUr_LabQuim_92b952,PUR_IED_HolguinUr_LabQuim_92b952,,,,,
2026-09-12T11:21:10-05:00,PUR_IED_Isabel-II_Ext_5245cc,PUR_IED_Isabel-II_Ext_5245cc,3,20,53,4.6336,-74.153
2026-09-12T11:21:10-05:00,PUR_IED_Isabel-II_S_idiom_1c29aa,PUR_IED_Isabel-II_S_idiom_1c29aa,,,,,
2026-09-12T11:21:10-05:00,PUR_IED_Isabel-II_S_infor_fd741,PUR_IED_Isabel-II_S_infor_fd741,,,,,
2026-09-12T11:21:10-05:00,PUR_IED_IsidroSur_Exterio_5b90ea,PUR_IED_IsidroSur_Exterio_5b90ea,,,,,
2026-09-12T11:21:10-05:00,PUR_IED_IsidroSur_LabTec_56697a,PUR_IED_IsidroSur_LabTec_56697a,,,,,
2026-09-12T11:21:10-05:00,PUR_IED_IsidroSur_Robotic_b7c38f,PUR_IED_IsidroSur_Robotic_b7c38f,,,,,
2026-09-12T11:21:10-05:00,PUR_IED_IsmaelPerd_Ext_7b6672,PUR_IED_IsmaelPerd_Ext_7b6672,,,,,
2026-09-12T11:21:10-05:00,PUR_IED_IsmaelPerd_Inform_306540,PUR_IED_IsmaelPerd_Inform_306540,,,,,
2026-09-12T11:21:10-05:00,PUR_IED_IsmaelPerd_S30_2e2c83,PUR_IED_IsmaelPerd_S30_2e2c83,,,,,
2026-09-12T11:21:10-05:00,PUR_IED_JLozano_Exter_432910,PUR_IED_JLozano_Exter_432910,,,,,
2026-09-12T11:21:10-05:00,PUR_IED_JLozano_salaMulti_df5125,PUR_IED_JLozano_salaMulti_df5125,,,,,
2026-09-12T11:21:10-05:00,PUR_IED_JMCordoba_206_86f80b,PUR_IED_JMCordoba_206_86f80b,,,,,
2026-09-12T11:21:10-05:00,PUR_IED_JMCordoba_Ext_27ad97,PUR_IED_JMCordoba_Ext_27ad97,,,,,
2026-09-12T11:21:10-05:00,PUR_IED_JMCordoba_S310_d59ab4,PUR_IED_JMCordoba_S310_d59ab4,,,,,
2026-09-12T11:21:10-05:00,PUR_IED_Japon_Ext_549100,PUR_IED_Japon_Ext_549100,,,,,
2026-09-12T11:21:10-05:00,PUR_IED_Japon_Laboratorio_bec51d,PUR_IED_Japon_Laboratorio_bec51d,,,,,
2026-09-12T11:21:10-05:00,PUR_IED_Japon_informatica_d99327,PUR_IED_Japon_informatica_d99327,,,,,
2026-09-12T11:21:10-05:00,PUR_IED_Jazmin_Ext_d27bda,PUR_IED_Jazmin_Ext_d27bda,,,,,
2026-09-12T11:21:10-05:00,PUR_IED_Jazmin_Fisica_8d14d7,PUR_IED_Jazmin_Fisica_8d14d7,,,,,
2026-09-12T11:21:10-05:00,PUR_IED_Jazmin_Quimica_801cb5,PUR_IED_Jazmin_Quimica_801cb5,,,,,
2026-09-12T11:21:10-05:00,PUR_IED_JorgeGaitan_Exter_f098d1,PUR_IED_JorgeGaitan_Exter_f098d1,,,,,
2026-09-12T11:21:10-05:00,PUR_IED_JorgeGaitan_STec1_dc9d1d,PUR_IED_JorgeGaitan_STec1_dc9d1d,,,,,
2026-09-12T11:21:10-05:00,PUR_IED_JorgeGaitan_STec2_281e69,PUR_IED_JorgeGaitan_STec2_281e69,,,,,
2026-09-12T11:21:10-05:00,PUR_IED_JorgeSoto_Exterio_d9d0a2,PUR_IED_JorgeSoto_Exterio_d9d0a2,,,,,
2026-09-12T11:21:10-05:00,PUR_IED_JorgeSoto_LabFisi_209c54,PUR_IED_JorgeSoto_LabFisi_209c54,,,,,
2026-09-12T11:21:10-05:00,PUR_IED_JorgeSoto_S103_27b51a,PUR_IED_JorgeSoto_S103_27b51a,,,,,
2026-09-12T11:21:10-05:00,PUR_IED_JoseAcevedo_A02_e965eb,PUR_IED_JoseAcevedo_A02_e965eb,,,,,
2026-09-12T11:21:10-05:00,PUR_IED_JoseAcevedo_A07_dd5b4,PUR_IED_JoseAcevedo_A07_dd5b4,,,,,
2026-09-12T11:21:10-05:00,PUR_IED_JoseAcevedo_Ext_b47484,PUR_IED_JoseAcevedo_Ext_b47484,,,,,
2026-09-12T11:21:10-05:00,PUR_IED_JoseMarti_Exte_5b9bf,PUR_IED_JoseMarti_Exte_5b9bf,,,,,
2026-09-12T11:21:10-05:00,PUR_IED_JoseMarti_LabQuim_1c6c2d,PUR_IED_JoseMarti_LabQuim_1c6c2d,,,,,
2026-09-12T11:21:10-05:00,PUR_IED_JoseMarti_S_info_f5f177,PUR_IED_JoseMarti_S_info_f5f177,,,,,
2026-09-12T11:21:10-05:00,PUR_IED_Josejoaquin_Ext_dfc5dc,PUR_IED_Josejoaquin_Ext_dfc5dc,,,,,
2026-09-12T11:21:10-05:00,PUR_IED_Josejoaquin_S05_5b2a96,PUR_IED_Josejoaquin_S05_5b2a96,,,,,
2026-09-12T11:21:10-05:00,PUR_IED_Josejoaquin_S06_1ce7d2,PUR_IED_Josejoaquin_S06_1ce7d2,,,,,
2026-09-12T11:21:10-05:00,PUR_IED_JulioFlorez_Danza_9b82dd,PUR_IED_JulioFlorez_Danza_9b82dd,,,,,
2026-09-12T11:21:10-05:00,PUR_IED_JulioFlorez_Exter_f9f314,PUR_IED_JulioFlorez_Exter_f9f314,,,,,
2026-09-12T11:21:10-05:00,PUR_IED_JulioFlorez_info2_6b6e08,PUR_IED_JulioFlorez_info2_6b6e08,,,,,
2026-09-12T11:21:10-05:00,PUR_IED_LaBelleza_Aula13_1d00d8,PUR_IED_LaBelleza_Aula13_1d00d8,,,,,
2026-09-12T11:21:10-05:00,PUR_IED_LaBelleza_Ext_7bc08c,PUR_IED_LaBelleza_Ext_7bc08c,,,,,
2026-09-12T11:21:10-05:00,PUR_IED_LaChucua_Ext_8cd6d2,PUR_IED_LaChucua_Ext_8cd6d2,,,,,
2026-09-12T11:21:10-05:00,PUR_IED_LaChucua_S15_f578ce,PUR_IED_LaChucua_S15_f578ce,,,,,
2026-09-12T11:21:10-05:00,PUR_IED_LaChucua_S16_eebcf9,PUR_IED_LaChucua_S16_eebcf9,,,,,
2026-09-12T11:21:10-05:00,PUR_IED_LaFelicidad_Ext_fb5109,PUR_IED_LaFelicidad_Ext_fb5109,,,,,
2026-09-12T11:21:10-05:00,PUR_IED_LaMerced_206_66ebd,PUR_IED_LaMerced_206_66ebd,,,,,
2026-09-12T11:21:10-05:00,PUR_IED_LaMerced_207_6ebd6,PUR_IED_LaMerced_207_6ebd6,,,,,
2026-09-12T11:21:10-05:00,PUR_IED_LaMerced_ext_304311,PUR_IED_LaMerced_ext_304311,,,,,
2026-09-12T11:21:10-05:00,PUR_IED_Laureano_CiencNat_281e5e,PUR_IED_Laureano_CiencNat_281e5e,,,,,
2026-09-12T11:21:10-05:00,PUR_IED_Laureano_Comedor_f65c0a,PUR_IED_Laureano_Comedor_f65c0a,,,,,
2026-09-12T11:21:10-05:00,PUR_IED_Laureano_Exterior_7ab011,PUR_IED_Laureano_Exterior_7ab011,,,,,
2026-09-12T11:21:10-05:00,PUR_IED_LeonGreiff_Exte_dfe560,PUR_IED_LeonGreiff_Exte_dfe560,,,,,
2026-09-12T11:21:10-05:00,PUR_IED_LeonGreiff_S210_f264ed,PUR_IED_LeonGreiff_S210_f264ed,,,,,
2026-09-12T11:21:10-05:00,PUR_IED_LeonGreiff_SQuimi_e8296f,PUR_IED_LeonGreiff_SQuimi_e8296f,,,,,
2026-09-12T11:21:10-05:00,PUR_IED_LlanoOrientalS208_7b9fcd,PUR_IED_LlanoOrientalS208_7b9fcd,,,,,
2026-09-12T11:21:10-05:00,PUR_IED_LlanoOriental_Ext_fb3766,PUR_IED_LlanoOriental_Ext_fb3766,,,,,
2026-09-12T11:21:10-05:00,PUR_IED_LlanoOriental_S208_7b9fcd,PUR_IED_LlanoOriental_S208_7b9fcd,,,,,
2026-09-12T11:21:10-05:00,PUR_IED_LlanoOriental_S9_27b378,PUR_IED_LlanoOriental_S9_27b378,,,,,
2026-09-12T11:21:10-05:00,PUR_IED_LosTejares_1101_477602,PUR_IED_LosTejares_1101_477602,,,,,
2026-09-12T11:21:10-05:00,PUR_IED_LosTejares_11_d2c595,PUR_IED_LosTejares_11_d2c595,,,,,
2026-09-12T11:21:10-05:00,PUR_IED_LosTejares_12_477602,PUR_IED_LosTejares_12_477602,,,,,
2026-09-12T11:21:10-05:00,PUR_IED_LosTejares_Ext_8e2115,PUR_IED_LosTejares_Ext_8e2115,,,,,
2026-09-12T11:21:10-05:00,PUR_IED_MagdalenaO_B202_5ddda3,PUR_IED_MagdalenaO_B202_5ddda3,,,,,
2026-09-12T11:21:10-05:00,PUR_IED_MagdalenaO_B205_fb76e8,PUR_IED_MagdalenaO_B205_fb76e8,,,,,
2026-09-12T11:21:10-05:00,PUR_IED_MagdalenaO_ext_dc69cd,PUR_IED_MagdalenaO_ext_dc69cd,,,,,
2026-09-12T11:21:10-05:00,PUR_IED_ManueCepeda_artes_eee956,PUR_IED_ManueCepeda_artes_eee956,,,,,
2026-09-12T11:21:10-05:00,PUR_IED_ManuelCepeda_Ext_58313,PUR_IED_ManuelCepeda_Ext_58313,,,,,
2026-09-12T11:21:10-05:00,PUR_IED_ManuelCepeda_tec_1c5731,PUR_IED_ManuelCepeda_tec_1c5731,,,,,
2026-09-12T11:21:10-05:00,PUR_IED_ManuelS_Exterior_5b269,PUR_IED_ManuelS_Exterior_5b269,,,,,
2026-09-12T11:21:10-05:00,PUR_IED_ManuelS_Inform_f369ce,PUR_IED_ManuelS_Inform_f369ce,,,,,
2026-09-12T11:21:10-05:00,PUR_IED_ManuelS_SArtes_7d15f1,PUR_IED_ManuelS_SArtes_7d15f1,,,,,
2026-09-12T11:21:10-05:00,PUR_IED_ManuelZapata_303_3ca6,PUR_IED_ManuelZapata_303_3ca6,,,,,
2026-09-12T11:21:10-05:00,PUR_IED_ManuelZapata_311_bfbabc,PUR_IED_ManuelZapata_311_bfbabc,,,,,
2026-09-12T11:21:10-05:00,PUR_IED_ManuelZapata_Ext_50824a,PUR_IED_ManuelZapata_Ext_50824a,,,,,
2026-09-12T11:21:10-05:00,PUR_IED_ManuelitaS_Exteri_656a92,PUR_IED_ManuelitaS_Exteri_656a92,,,,,
2026-09-12T11:21:10-05:00,PUR_IED_ManuelitaS_JuzgDe_f58ec3,PUR_IED_ManuelitaS_JuzgDe_f58ec3,,,,,
2026-09-12T11:21:10-05:00,PUR_IED_ManuelitaS_Recrea_d793db,PUR_IED_ManuelitaS_Recrea_d793db,,,,,
2026-09-12T11:21:10-05:00,PUR_IED_MarFidSuarez_Ext_c27b19,PUR_IED_MarFidSuarez_Ext_c27b19,,,,,
2026-09-12T11:21:10-05:00,PUR_IED_MarFidSuarez_Info_e384d7,PUR_IED_MarFidSuarez_Info_e384d7,,,,,
2026-09-12T11:21:10-05:00,PUR_IED_MarFidSuarez_S306_1d0032,PUR_IED_MarFidSuarez_S306_1d0032,,,,,
2026-09-12T11:21:10-05:00,PUR_IED_Menorah_301_2a25a3,PUR_IED_Menorah_301_2a25a3,,,,,
2026-09-12T11:21:10-05:00,PUR_IED_Menorah_306_37ed3,PUR_IED_Menorah_306_37ed3,,,,,
2026-09-12T11:21:10-05:00,PUR_IED_Menorah_Ext_3e155b,PUR_IED_Menorah_Ext_3e155b,,,,,
2026-09-12T11:21:10-05:00,PUR_IED_MinutoB.Aires_A11_1b1604,PUR_IED_MinutoB.Aires_A11_1b1604,,,,,
2026-09-12T11:21:10-05:00,PUR_IED_MinutoB.Aires_A12_fb5860,PUR_IED_MinutoB.Aires_A12_fb5860,,,,,
2026-09-12T11:21:10-05:00,PUR_IED_MinutoB.Aires_Ext_81293f,PUR_IED_MinutoB.Aires_Ext_81293f,,,,,
2026-09-12T11:21:10-05:00,PUR_IED_MinutoBAires_A11_1b1604,PUR_IED_MinutoBAires_A11_1b1604,,,,,
2026-09-12T11:21:10-05:00,PUR_IED_MinutoBAires_A12_fb5860,PUR_IED_MinutoBAires_A12_fb5860,,,,,
2026-09-12T11:21:10-05:00,PUR_IED_MinutoBAires_Ext_81293f,PUR_IED_MinutoBAires_Ext_81293f,,,,,
2026-09-12T11:21:10-05:00,PUR_IED_Montreal_Aula10_1e4959,PUR_IED_Montreal_Aula10_1e4959,,,,,
2026-09-12T11:21:10-05:00,PUR_IED_Montreal_Aula6_300367,PUR_IED_Montreal_Aula6_300367,,,,,
2026-09-12T11:21:10-05:00,PUR_IED_Montreal_Exterior_91a179,PUR_IED_Montreal_Exterior_91a179,,,,,
2026-09-12T11:21:10-05:00,PUR_IED_Mqgdalena_B202_5ddda3,PUR_IED_Mqgdalena_B202_5ddda3,,,,,
2026-09-12T11:21:10-05:00,PUR_IED_NACUND_Soc_dc8728,PUR_IED_NACUND_Soc_dc8728,,,,,
2026-09-12T11:21:10-05:00,PUR_IED_NACUND_ext_27ad97,PUR_IED_NACUND_ext_27ad97,,,,,
2026-09-12T11:21:10-05:00,PUR_IED_NEsperanza_Ext_d24b61,PUR_IED_NEsperanza_Ext_d24b61,,,,,
2026-09-12T11:21:10-05:00,PUR_IED_NEsperanza_SElect_7d1807,PUR_IED_NEsperanza_SElect_7d1807,,,,,
2026-09-12T11:21:10-05:00,PUR_IED_NEsperanza_SLabor_8b2d0a,PUR_IED_NEsperanza_SLabor_8b2d0a,,,,,
2026-09-12T11:21:10-05:00,PUR_IED_NacionesU_Ext_f661a9,PUR_IED_NacionesU_Ext_f661a9,,,,,
2026-09-12T11:21:10-05:00,PUR_IED_NacionesU_Quimica_66f0a,PUR_IED_NacionesU_Quimica_66f0a,,,,,
2026-09-12T11:21:10-05:00,PUR_IED_NacionesU_S306_1b4b3d,PUR_IED_NacionesU_S306_1b4b3d,,,,,
2026-09-12T11:21:10-05:00,PUR_IED_NestorFA_Ext_e4201c,PUR_IED_NestorFA_Ext_e4201c,,,,,
2026-09-12T11:21:10-05:00,PUR_IED_NestorFA_Laborato_f22fe0,PUR_IED_NestorFA_Laborato_f22fe0,,,,,
2026-09-12T11:21:10-05:00,PUR_IED_NestorFA_S204_dee996,PUR_IED_NestorFA_S204_dee996,,,,,
2026-09-12T11:21:10-05:00,PUR_IED_NidyaQT_Aula03_76999b,PUR_IED_NidyaQT_Aula03_76999b,,,,,
2026-09-12T11:21:10-05:00,PUR_IED_NidyaQT_Aula10_56325,PUR_IED_NidyaQT_Aula10_56325,,,,,
2026-09-12T11:21:10-05:00,PUR_IED_NidyaQT_Ext_46e32d,PUR_IED_NidyaQT_Ext_46e32d,,,,,
2026-09-12T11:21:10-05:00,PUR_IED_NuevaCol_Exterior_d9b859,PUR_IED_NuevaCol_Exterior_d9b859,,,,,
2026-09-12T11:21:10-05:00,PUR_IED_NuevaCol_S1101_76c43b,PUR_IED_NuevaCol_S1101_76c43b,,,,,
2026-09-12T11:21:10-05:00,PUR_IED_NuevaCol_S1102_1ce0b5,PUR_IED_NuevaCol_S1102_1ce0b5,,,,,
2026-09-12T11:21:10-05:00,PUR_IED_OEA_A202_f7e3f2,PUR_IED_OEA_A202_f7e3f2,,,,,
2026-09-12T11:21:10-05:00,PUR_IED_OEA_A203_7d1b8d,PUR_IED_OEA_A203_7d1b8d,,,,,
2026-09-12T11:21:10-05:00,PUR_IED_OEA_Ext_27b593,PUR_IED_OEA_Ext_27b593,,,,,
2026-09-12T11:21:10-05:00,PUR_IED_Ochoa_Ext_1c29da,PUR_IED_Ochoa_Ext_1c29da,,,,,
2026-09-12T11:21:10-05:00,PUR_IED_Ochoa_S205_8b1121,PUR_IED_Ochoa_S205_8b1121,,,,,
2026-09-12T11:21:10-05:00,PUR_IED_Ochoa_Sistemas_f33af6,PUR_IED_Ochoa_Sistemas_f33af6,,,,,
2026-09-12T11:21:10-05:00,PUR_IED_PQuebec_Ext_1c67c7,PUR_IED_PQuebec_Ext_1c67c7,,,,,
2026-09-12T11:21:10-05:00,PUR_IED_PQuebec_S15_23e8e2,PUR_IED_PQuebec_S15_23e8e2,,,,,
2026-09-12T11:21:10-05:00,PUR_IED_PQuebec_S16_8ec76b,PUR_IED_PQuebec_S16_8ec76b,,,,,
2026-09-12T11:21:10-05:00,PUR_IED_PabloN_Ext_49dc96,PUR_IED_PabloN_Ext_49dc96,,,,,
2026-09-12T11:21:10-05:00,PUR_IED_PabloN_S1102_4e3df5,PUR_IED_PabloN_S1102_4e3df5,,,,,
2026-09-12T11:21:10-05:00,PUR_IED_PabloN_S1103_50c94b,PUR_IED_PabloN_S1103_50c94b,,,,,
2026-09-12T11:21:10-05:00,PUR_IED_Palestina_S1101_db9198,PUR_IED_Palestina_S1101_db9198,,,,,
2026-09-12T11:21:10-05:00,PUR_IED_Palestina_S1102_dc54fa,PUR_IED_Palestina_S1102_dc54fa,,,,,
2026-09-12T11:21:10-05:00,PUR_IED_Palestina_ext_4ccce6,PUR_IED_Palestina_ext_4ccce6,,,,,
2026-09-12T11:21:10-05:00,PUR_IED_Panama_Fisica_4d0794,PUR_IED_Panama_Fisica_4d0794,,,,,
2026-09-12T11:21:10-05:00,PUR_IED_Panama_SIngles_a4077e,PUR_IED_Panama_SIngles_a4077e,,,,,
2026-09-12T11:21:10-05:00,PUR_IED_Panama_ext_4c54b4,PUR_IED_Panama_ext_4c54b4,,,,,
2026-09-12T11:21:10-05:00,PUR_IED_ParaisoM_Exterior_8cd7f0,PUR_IED_ParaisoM_Exterior_8cd7f0,,,,,
2026-09-12T11:21:10-05:00,PUR_IED_ParaisoM_Laborato_27af35,PUR_IED_ParaisoM_Laborato_27af35,,,,,
2026-09-12T11:21:10-05:00,PUR_IED_ParaisoM_S304_d1edca,PUR_IED_ParaisoM_S304_d1edca,,,,,
2026-09-12T11:21:10-05:00,PUR_IED_PorfirioBarba_Ext_301466,PUR_IED_PorfirioBarba_Ext_301466,,,,,
2026-09-12T11:21:10-05:00,PUR_IED_PorfirioBarba_S11_df6cd2,PUR_IED_PorfirioBarba_S11_df6cd2,,,,,
2026-09-12T11:21:10-05:00,PUR_IED_PorfirioBarba_S29_27a7d6,PUR_IED_PorfirioBarba_S29_27a7d6,,,,,
2026-09-12T11:21:10-05:00,PUR_IED_PradoV_Exter_8b27ad,PUR_IED_PradoV_Exter_8b27ad,,,,,
2026-09-12T11:21:10-05:00,PUR_IED_PradoV_S301_de65b5,PUR_IED_PradoV_S301_de65b5,,,,,
2026-09-12T11:21:10-05:00,PUR_IED_PradoV_S302_7d2593,PUR_IED_PradoV_S302_7d2593,,,,,
2026-09-12T11:21:10-05:00,PUR_IED_QuirogaAlz_Ext_1ddc82,PUR_IED_QuirogaAlz_Ext_1ddc82,,,,,
2026-09-12T11:21:10-05:00,PUR_IED_QuirogaAlz_S302_9926a3,PUR_IED_QuirogaAlz_S302_9926a3,,,,,
2026-09-12T11:21:10-05:00,PUR_IED_QuirogaAlz_S305_cdf1f1,PUR_IED_QuirogaAlz_S305_cdf1f1,,,,,
2026-09-12T11:21:10-05:00,PUR_IED_RGuatemala_Biling_dc53b7,PUR_IED_RGuatemala_Biling_dc53b7,,,,,
2026-09-12T11:21:10-05:00,PUR_IED_RGuatemala_Ext_1b89a3,PUR_IED_RGuatemala_Ext_1b89a3,,,,,
2026-09-12T11:21:10-05:00,PUR_IED_RGuatemala_Tecnol_281a34,PUR_IED_RGuatemala_Tecnol_281a34,,,,,
2026-09-12T11:21:10-05:00,PUR_IED_RafaNu_Ext_f7c302,PUR_IED_RafaNu_Ext_f7c302,,,,,
2026-09-12T11:21:10-05:00,PUR_IED_RafaNu_S1101_25fde,PUR_IED_RafaNu_S1101_25fde,,,,,
2026-09-12T11:21:10-05:00,PUR_IED_RafaNu_S1102_281517,PUR_IED_RafaNu_S1102_281517,,,,,
2026-09-12T11:21:10-05:00,PUR_IED_RafaelB_S305_ee2783,PUR_IED_RafaelB_S305_ee2783,,,,,
2026-09-12T11:21:10-05:00,PUR_IED_RafaelB_S306_75fe33,PUR_IED_RafaelB_S306_75fe33,,,,,
2026-09-12T11:21:10-05:00,PUR_IED_RafaelB_ext_283336,PUR_IED_RafaelB_ext_283336,3,20,56,4.6722,-74.0737
2026-09-12T11:21:10-05:00,PUR_IED_RafaelUU_Exterior_281a51,PUR_IED_RafaelUU_Exterior_281a51,,,,,
2026-09-12T11:21:10-05:00,PUR_IED_RafaelUU_Human_806b2,PUR_IED_RafaelUU_Human_806b2,,,,,
2026-09-12T11:21:10-05:00,PUR_IED_RafaelUU_Mate2_5680d4,PUR_IED_RafaelUU_Mate2_5680d4,,,,,
2026-09-12T11:21:10-05:00,PUR_IED_RamonSub_Ext_f9eeb9,PUR_IED_RamonSub_Ext_f9eeb9,,,,,
2026-09-12T11:21:10-05:00,PUR_IED_RamonSub_Media_d1f62f,PUR_IED_RamonSub_Media_d1f62f,,,,,
2026-09-12T11:21:10-05:00,PUR_IED_RamonSub_planta_51b82,PUR_IED_RamonSub_planta_51b82,,,,,
2026-09-12T11:21:10-05:00,PUR_IED_RepBoliVene_Exter_27af7c,PUR_IED_RepBoliVene_Exter_27af7c,,,,,
2026-09-12T11:21:10-05:00,PUR_IED_RepBoliVene_SCPT_5ae2ee,PUR_IED_RepBoliVene_SCPT_5ae2ee,,,,,
2026-09-12T11:21:10-05:00,PUR_IED_RepBoliVene_Socia_4b11d5,PUR_IED_RepBoliVene_Socia_4b11d5,,,,,
2026-09-12T11:21:10-05:00,PUR_IED_RepChina_Ext_76d9ee,PUR_IED_RepChina_Ext_76d9ee,,,,,
2026-09-12T11:21:10-05:00,PUR_IED_RepChina_S404_7c804c,PUR_IED_RepChina_S404_7c804c,,,,,
2026-09-12T11:21:10-05:00,PUR_IED_RepChina_S405_df2c33,PUR_IED_RepChina_S405_df2c33,,,,,
2026-09-12T11:21:10-05:00,PUR_IED_RepublicaC_Exteri_7d1ec9,PUR_IED_RepublicaC_Exteri_7d1ec9,,,,,
2026-09-12T11:21:10-05:00,PUR_IED_RepublicaC_S1101_f544b3,PUR_IED_RepublicaC_S1101_f544b3,,,,,
2026-09-12T11:21:10-05:00,PUR_IED_RepublicaC_S1102_7aafc7,PUR_IED_RepublicaC_S1102_7aafc7,,,,,
2026-09-12T11:21:10-05:00,PUR_IED_Ricaurte_Externo_a0ea1,PUR_IED_Ricaurte_Externo_a0ea1,,,,,
2026-09-12T11:21:10-05:00,PUR_IED_Ricaurte_S210_f546fd,PUR_IED_Ricaurte_S210_f546fd,,,,,
2026-09-12T11:21:10-05:00,PUR_IED_Ricaurte_S309_d4452,PUR_IED_Ricaurte_S309_d4452,,,,,
2026-09-12T11:21:10-05:00,PUR_IED_RogelioS_1102_531e69,PUR_IED_RogelioS_1102_531e69,,,,,
2026-09-12T11:21:10-05:00,PUR_IED_RogelioS_Ext_f25a18,PUR_IED_RogelioS_Ext_f25a18,,,,,
2026-09-12T11:21:10-05:00,PUR_IED_SBernardino_Ext_27aff8,PUR_IED_SBernardino_Ext_27aff8,,,,,
2026-09-12T11:21:10-05:00,PUR_IED_SBernardino_SArte_2ffd33,PUR_IED_SBernardino_SArte_2ffd33,,,,,
2026-09-12T11:21:10-05:00,PUR_IED_SBernardino_SIngl_7c7da5,PUR_IED_SBernardino_SIngl_7c7da5,,,,,
2026-09-12T11:21:10-05:00,PUR_IED_Sago_auditorio_dc9d1d,PUR_IED_Sago_auditorio_dc9d1d,,,,,
2026-09-12T11:21:10-05:00,PUR_IED_Saludcoop_Ext_95aac3,PUR_IED_Saludcoop_Ext_95aac3,,,,,
2026-09-12T11:21:10-05:00,PUR_IED_Saludcoop_InfI_90c854,PUR_IED_Saludcoop_InfI_90c854,,,,,
2026-09-12T11:21:10-05:00,PUR_IED_Saludcoop_SMedia_1b93be,PUR_IED_Saludcoop_SMedia_1b93be,,,,,
2026-09-12T11:21:10-05:00,PUR_IED_SanCarlos_1101_1a2360,PUR_IED_SanCarlos_1101_1a2360,,,,,
2026-09-12T11:21:10-05:00,PUR_IED_SanCarlos_1103_7bafb5,PUR_IED_SanCarlos_1103_7bafb5,,,,,
2026-09-12T11:21:10-05:00,PUR_IED_SanCarlos_Ext_b7cd1,PUR_IED_SanCarlos_Ext_b7cd1,,,,,
2026-09-12T11:21:10-05:00,PUR_IED_SanIgnacioBosa11a_50c26e,PUR_IED_SanIgnacioBosa11a_50c26e,,,,,
2026-09-12T11:21:10-05:00,PUR_IED_SanIgnacioBosa11b_371de8,PUR_IED_SanIgnacioBosa11b_371de8,,,,,
2026-09-12T11:21:10-05:00,PUR_IED_SanIgnacioBosaExt_ef0ffc,PUR_IED_SanIgnacioBosaExt_ef0ffc,,,,,
2026-09-12T11:21:10-05:00,PUR_IED_SanIgnacioBosa_11a_50c26e,PUR_IED_SanIgnacioBosa_11a_50c26e,,,,,
2026-09-12T11:21:10-05:00,PUR_IED_SanIgnacioBosa_Ext_ef0ffc,PUR_IED_SanIgnacioBosa_Ext_ef0ffc,,,,,
2026-09-12T11:21:10-05:00,PUR_IED_SanJoseN_intS1101_31c47f,PUR_IED_SanJoseN_intS1101_31c47f,,,,,
2026-09-12T11:21:10-05:00,PUR_IED_SanJoseUsm_Exter_f5d7e8,PUR_IED_SanJoseUsm_Exter_f5d7e8,,,,,
2026-09-12T11:21:10-05:00,PUR_IED_SanJoseUsm_Int11A_cfdef6,PUR_IED_SanJoseUsm_Int11A_cfdef6,,,,,
2026-09-12T11:21:10-05:00,PUR_IED_SilveriaR_IntB5_905349,PUR_IED_SilveriaR_IntB5_905349,,,,,
2026-09-12T11:21:10-05:00,PUR_IED_SilveriaR_IntSD14_981f93,PUR_IED_SilveriaR_IntSD14_981f93,,,,,
2026-09-12T11:21:10-05:00,PUR_IED_SilveriaR_ext_2b651d,PUR_IED_SilveriaR_ext_2b651d,,,,,
2026-09-12T11:21:10-05:00,PUR_IED_SimonB_Exterior_913975,PUR_IED_SimonB_Exterior_913975,,,,,
2026-09-12T11:21:10-05:00,PUR_IED_SimonB_LabQuimi_c56908,PUR_IED_SimonB_LabQuimi_c56908,,,,,
2026-09-12T11:21:10-05:00,PUR_IED_SimonB_informatic_a28c1,PUR_IED_SimonB_informatic_a28c1,,,,,
2026-09-12T11:21:10-05:00,PUR_IED_Sorrento_1102_315f50,PUR_IED_Sorrento_1102_315f50,,,,,
2026-09-12T11:21:10-05:00,PUR_IED_Sorrento_Minte_214eab,PUR_IED_Sorrento_Minte_214eab,,,,,
2026-09-12T11:21:10-05:00,PUR_IED_Sorrento_ext_7c3a0a,PUR_IED_Sorrento_ext_7c3a0a,,,,,
2026-09-12T11:21:10-05:00,PUR_IED_Tabora_Ext_f048ae,PUR_IED_Tabora_Ext_f048ae,,,,,
2026-09-12T11:21:10-05:00,PUR_IED_Tabora_S1102_b07752,PUR_IED_Tabora_S1102_b07752,,,,,
2026-09-12T11:21:10-05:00,PUR_IED_Tabora_S1103_d988f5,PUR_IED_Tabora_S1103_d988f5,,,,,
2026-09-12T11:21:10-05:00,PUR_IED_Tenerife_Ext_1ab188,PUR_IED_Tenerife_Ext_1ab188,,,,,
2026-09-12T11:21:10-05:00,PUR_IED_Tenerife_SDanzas_7bc02e,PUR_IED_Tenerife_SDanzas_7bc02e,,,,,
2026-09-12T11:21:10-05:00,PUR_IED_Tenerife_SIngles_7cc277,PUR_IED_Tenerife_SIngles_7cc277,,,,,
2026-09-12T11:21:10-05:00,PUR_IED_Tibabuyes_Exter_f2683d,PUR_IED_Tibabuyes_Exter_f2683d,,,,,
2026-09-12T11:21:10-05:00,PUR_IED_Tibabuyes_S10_dc87a8,PUR_IED_Tibabuyes_S10_dc87a8,,,,,
2026-09-12T11:21:10-05:00,PUR_IED_Tibabuyes_S15_dc0526,PUR_IED_Tibabuyes_S15_dc0526,,,,,
2026-09-12T11:21:10-05:00,PUR_IED_UnionE_S301_a1043,PUR_IED_UnionE_S301_a1043,,,,,
2026-09-12T11:21:10-05:00,PUR_IED_UnionE_S307_ff6c2f,PUR_IED_UnionE_S307_ff6c2f,,,,,
2026-09-12T11:21:10-05:00,PUR_IED_UnionE__Ext_5e2468,PUR_IED_UnionE__Ext_5e2468,,,,,
2026-09-12T11:21:10-05:00,PUR_IED_VillaRica_Ext_75be7c,PUR_IED_VillaRica_Ext_75be7c,,,,,
2026-09-12T11:21:10-05:00,PUR_IED_VillaRica_S4_cc5dcd,PUR_IED_VillaRica_S4_cc5dcd,,,,,
2026-09-12T11:21:10-05:00,PUR_IED_VillaRica_Sesp_99f5c,PUR_IED_VillaRica_Sesp_99f5c,,,,,
2026-09-12T11:26:06-05:00,PUR_IED_20deJulio_1101_91b1b9,PUR_IED_20deJulio_1101_91b1b9,,,,,
2026-09-12T11:26:06-05:00,PUR_IED_20deJulio_1102_1cfcf9,PUR_IED_20deJulio_1102_1cfcf9,,,,,
2026-09-12T11:26:06-05:00,PUR_IED_20deJulio_Ext_ab60bd,PUR_IED_20deJulio_Ext_ab60bd,,,,,
2026-09-12T11:26:06-05:00,PUR_IED_AgustinFer_Ext_7b9b77,PUR_IED_AgustinFer_Ext_7b9b77,,,,,
2026-09-12T11:26:06-05:00,PUR_IED_AgustinFer_Info2_27b3a7,PUR_IED_AgustinFer_Info2_27b3a7,,,,,
2026-09-12T11:26:06-05:00,PUR_IED_AgustinFer_Sena_54b4eb,PUR_IED_AgustinFer_Sena_54b4eb,,,,,
2026-09-12T11:26:06-05:00,PUR_IED_AlexanderF_1102_caf07b,PUR_IED_AlexanderF_1102_caf07b,,,,,
2026-09-12T11:26:06-05:00,PUR_IED_AlexanderF_1103_c79e71,PUR_IED_AlexanderF_1103_c79e71,,,,,
2026-09-12T11:26:06-05:00,PUR_IED_AlexanderF_Ext_c5b18b,PUR_IED_AlexanderF_Ext_c5b18b,,,,,
2026-09-12T11:26:06-05:00,PUR_IED_AlfonsoLopez_Ext_281d77,PUR_IED_AlfonsoLopez_Ext_281d77,,,,,
2026-09-12T11:26:06-05:00,PUR_IED_AlfonsoLopez_LabF_888ce0,PUR_IED_AlfonsoLopez_LabF_888ce0,,,,,
2026-09-12T11:26:06-05:00,PUR_IED_AlfonsoLopez_SMed_df6a7f,PUR_IED_AlfonsoLopez_SMed_df6a7f,,,,,
2026-09-12T11:26:06-05:00,PUR_IED_AltamiraSO_A2_209f92,PUR_IED_AltamiraSO_A2_209f92,,,,,
2026-09-12T11:26:06-05:00,PUR_IED_AltamiraSO_Ext_186d66,PUR_IED_AltamiraSO_Ext_186d66,,,,,
2026-09-12T11:26:06-05:00,PUR_IED_AltamiraSO_Sistem_27afe1,PUR_IED_AltamiraSO_Sistem_27afe1,,,,,
2026-09-12T11:26:06-05:00,PUR_IED_AlvaroGom_LabQuim_813179,PUR_IED_AlvaroGom_LabQuim_813179,,,,,
2026-09-12T11:26:06-05:00,PUR_IED_AlvaroGomez_Ext_47c7ca,PUR_IED_AlvaroGomez_Ext_47c7ca,,,,,
2026-09-12T11:26:06-05:00,PUR_IED_AlvaroGomez_LabQuim_813179,PUR_IED_AlvaroGomez_LabQuim_813179,,,,,
2026-09-12T11:26:06-05:00,PUR_IED_AlvaroGomez_S23_7ba89f,PUR_IED_AlvaroGomez_S23_7ba89f,,,,,
2026-09-12T11:26:06-05:00,PUR_IED_Amistad_306_dc8728,PUR_IED_Amistad_306_dc8728,,,,,
2026-09-12T11:26:06-05:00,PUR_IED_Amistad_Ext_8cd55e,PUR_IED_Amistad_Ext_8cd55e,,,,,
2026-09-12T11:26:06-05:00,PUR_IED_Amistad_S202_a41169,PUR_IED_Amistad_S202_a41169,,,,,
2026-09-12T11:26:06-05:00,PUR_IED_AndresBello_Bio_fd5f5e,PUR_IED_AndresBello_Bio_fd5f5e,,,,,
2026-09-12T11:26:06-05:00,PUR_IED_AndresBello_ext_dcad65,PUR_IED_AndresBello_ext_dcad65,,,,,
2026-09-12T11:26:06-05:00,PUR_IED_AndresBello_port_eed3ec,PUR_IED_AndresBello_port_eed3ec,,,,,
2026-09-12T11:26:06-05:00,PUR_IED_AngelaR_11b_d90a6b,PUR_IED_AngelaR_11b_d90a6b,,,,,
2026-09-12T11:26:06-05:00,PUR_IED_AngelaR_ext_7cad3e,PUR_IED_AngelaR_ext_7cad3e,,,,,
2026-09-12T11:26:06-05:00,PUR_IED_AntJoseSucre_10mo_df2575,PUR_IED_AntJoseSucre_10mo_df2575,,,,,
2026-09-12T11:26:06-05:00,PUR_IED_AntJoseSucre_Ext_215b36,PUR_IED_AntJoseSucre_Ext_215b36,,,,,
2026-09-12T11:26:06-05:00,PUR_IED_AntJoseSucre_Lab_3139de,PUR_IED_AntJoseSucre_Lab_3139de,,,,,
2026-09-12T11:26:06-05:00,PUR_IED_AntonioGarcia_301_d6b188,PUR_IED_AntonioGarcia_301_d6b188,,,,,
2026-09-12T11:26:06-05:00,PUR_IED_AntonioGarcia_302_88a82,PUR_IED_AntonioGarcia_302_88a82,,,,,
2026-09-12T11:26:06-05:00,PUR_IED_AntonioGarcia_Ext_20950c,PUR_IED_AntonioGarcia_Ext_20950c,,,,,
2026-09-12T11:26:06-05:00,PUR_IED_AntonioVan_Aula2_6dea02,PUR_IED_AntonioVan_Aula2_6dea02,,,,,
2026-09-12T11:26:06-05:00,PUR_IED_AntonioVan_Aula5_f1557e,PUR_IED_AntonioVan_Aula5_f1557e,,,,,
2026-09-12T11:26:06-05:00,PUR_IED_AntonioVan_Ext_406f2f,PUR_IED_AntonioVan_Ext_406f2f,,,,,
2026-09-12T11:26:06-05:00,PUR_IED_Atabanzha_Ext_cc5af9,PUR_IED_Atabanzha_Ext_cc5af9,,,,,
2026-09-12T11:26:06-05:00,PUR_IED_Atabanzha_SA101_56c37,PUR_IED_Atabanzha_SA101_56c37,,,,,
2026-09-12T11:26:06-05:00,PUR_IED_Atabanzha_SB302_27b374,PUR_IED_Atabanzha_SB302_27b374,,,,,
2026-09-12T11:26:06-05:00,PUR_IED_Atahualpa_Ext_fc1748,PUR_IED_Atahualpa_Ext_fc1748,,,,,
2026-09-12T11:26:06-05:00,PUR_IED_Atahualpa_Informa_dc9a95,PUR_IED_Atahualpa_Informa_dc9a95,,,,,
2026-09-12T11:26:06-05:00,PUR_IED_Atahualpa_S1101_f98056,PUR_IED_Atahualpa_S1101_f98056,,,,,
2026-09-12T11:26:06-05:00,PUR_IED_Bellavista_Ext_f5aa74,PUR_IED_Bellavista_Ext_f5aa74,,,,,
2026-09-12T11:26:06-05:00,PUR_IED_Bilbao_11A_916c41,PUR_IED_Bilbao_11A_916c41,,,,,
2026-09-12T11:26:06-05:00,PUR_IED_Bilbao_Ext_fb579a,PUR_IED_Bilbao_Ext_fb579a,,,,,
2026-09-12T11:26:06-05:00,PUR_IED_BrasiliaU_A125_304280,PUR_IED_BrasiliaU_A125_304280,,,,,
2026-09-12T11:26:06-05:00,PUR_IED_BrasiliaU_A203_7c8ca5,PUR_IED_BrasiliaU_A203_7c8ca5,,,,,
2026-09-12T11:26:06-05:00,PUR_IED_BrasiliaU_Ext_8d6e9f,PUR_IED_BrasiliaU_Ext_8d6e9f,4,19,57,4.5175,-74.116302
2026-09-12T11:26:06-05:00,PUR_IED_Brasilia_Ext_fe6593,PUR_IED_Brasilia_Ext_fe6593,,,,,
2026-09-12T11:26:06-05:00,PUR_IED_Brasilia_S24_7c130d,PUR_IED_Brasilia_S24_7c130d,,,,,
2026-09-12T11:26:06-05:00,PUR_IED_Brasilia_S501_186a54,PUR_IED_Brasilia_S501_186a54,,,,,
2026-09-12T11:26:06-05:00,PUR_IED_CHARRY_EXT_f1d5cd,PUR_IED_CHARRY_EXT_f1d5cd,,,,,
2026-09-12T11:26:06-05:00,PUR_IED_CHARRY_INTDANZAS_7a08e6,PUR_IED_CHARRY_INTDANZAS_7a08e6,,,,,
2026-09-12T11:26:06-05:00,PUR_IED_CHARRY_INT_AULA20_dc998d,PUR_IED_CHARRY_INT_AULA20_dc998d,,,,,
2026-09-12T11:26:06-05:00,PUR_IED_COLVIV_1101_S25_7f520a,PUR_IED_COLVIV_1101_S25_7f520a,,,,,
2026-09-12T11:26:06-05:00,PUR_IED_COLVIV_1102_S16_f570ba,PUR_IED_COLVIV_1102_S16_f570ba,,,,,
2026-09-12T11:26:06-05:00,PUR_IED_COLVIV_Ext_1a26fa,PUR_IED_COLVIV_Ext_1a26fa,,,,,
2026-09-12T11:26:06-05:00,PUR_IED_CULPOP_301A_f660f3,PUR_IED_CULPOP_301A_f660f3,,,,,
2026-09-12T11:26:06-05:00,PUR_IED_CULPOP_303_568afe,PUR_IED_CULPOP_303_568afe,,,,,
2026-09-12T11:26:06-05:00,PUR_IED_CULPOP_Ext_e02ccb,PUR_IED_CULPOP_Ext_e02ccb,,,,,
2026-09-12T11:26:06-05:00,PUR_IED_CVillavicen_Ext_26eb58,PUR_IED_CVillavicen_Ext_26eb58,4,17,73,4.487,-74.102798
2026-09-12T11:26:06-05:00,PUR_IED_CVillavicen_Intel_1ce5c2,PUR_IED_CVillavicen_Intel_1ce5c2,,,,,
2026-09-12T11:26:06-05:00,PUR_IED_CVillavicen_Poliv_e0766c,PUR_IED_CVillavicen_Poliv_e0766c,,,,,
2026-09-12T11:26:06-05:00,PUR_IED_CVillavicen_int_1ba140,PUR_IED_CVillavicen_int_1ba140,,,,,
2026-09-12T11:26:06-05:00,PUR_IED_CVillavicen_intel_1ba140,PUR_IED_CVillavicen_intel_1ba140,,,,,
2026-09-12T11:26:06-05:00,PUR_IED_CarlosPizarro_Ext_e307cc,PUR_IED_CarlosPizarro_Ext_e307cc,,,,,
2026-09-12T11:26:06-05:00,PUR_IED_CarlosPizarro_L36_7e5cdb,PUR_IED_CarlosPizarro_L36_7e5cdb,,,,,
2026-09-12T11:26:06-05:00,PUR_IED_CarlosPizarro_L37_c8566c,PUR_IED_CarlosPizarro_L37_c8566c,,,,,
2026-09-12T11:26:06-05:00,PUR_IED_Castilla_Ext_cf35f,PUR_IED_Castilla_Ext_cf35f,,,,,
2026-09-12T11:26:06-05:00,PUR_IED_Castilla_SFisik_360e38,PUR_IED_Castilla_SFisik_360e38,,,,,
2026-09-12T11:26:06-05:00,PUR_IED_Castilla_Sc304_496fbf,PUR_IED_Castilla_Sc304_496fbf,,,,,
2026-09-12T11:26:06-05:00,PUR_IED_CervantesSa_Ext_6b57b,PUR_IED_CervantesSa_Ext_6b57b,2,20,62,4.5128,-74.117203
2026-09-12T11:26:06-05:00,PUR_IED_CervantesSa_S107_225c2b,PUR_IED_CervantesSa_S107_225c2b,,,,,
2026-09-12T11:26:06-05:00,PUR_IED_CervantesSa_S108_940925,PUR_IED_CervantesSa_S108_940925,,,,,
2026-09-12T11:26:06-05:00,PUR_IED_Charry_A20_f53e7c,PUR_IED_Charry_A20_f53e7c,,,,,
2026-09-12T11:26:06-05:00,PUR_IED_Charry_Ext_f1d5cd,PUR_IED_Charry_Ext_f1d5cd,,,,,
2026-09-12T11:26:06-05:00,PUR_IED_Charry_IntAula20_dc998d,PUR_IED_Charry_IntAula20_dc998d,,,,,
2026-09-12T11:26:06-05:00,PUR_IED_Charry_IntDanzas_7a08e6,PUR_IED_Charry_IntDanzas_7a08e6,,,,,
2026-09-12T11:26:06-05:00,PUR_IED_ClememciaC_203_43e2fc,PUR_IED_ClememciaC_203_43e2fc,,,,,
2026-09-12T11:26:06-05:00,PUR_IED_ClememciaC_Ext_1b411a,PUR_IED_ClememciaC_Ext_1b411a,,,,,
2026-09-12T11:26:06-05:00,PUR_IED_ClememciaC_Quimic_44b5fc,PUR_IED_ClememciaC_Quimic_44b5fc,,,,,
2026-09-12T11:26:06-05:00,PUR_IED_ClemenciaC_203_43e2fc,PUR_IED_ClemenciaC_203_43e2fc,,,,,
2026-09-12T11:26:06-05:00,PUR_IED_ClemenciaC_Ext_1b411a,PUR_IED_ClemenciaC_Ext_1b411a,,,,,
2026-09-12T11:26:06-05:00,PUR_IED_ClemenciaC_Quimic_44b5fc,PUR_IED_ClemenciaC_Quimic_44b5fc,,,,,
2026-09-12T11:26:06-05:00,PUR_IED_ColViva_1101_S25_7f520a,PUR_IED_ColViva_1101_S25_7f520a,,,,,
2026-09-12T11:26:06-05:00,PUR_IED_ColViva_1102_S16_f570ba,PUR_IED_ColViva_1102_S16_f570ba,,,,,
2026-09-12T11:26:06-05:00,PUR_IED_ColViva_Ext_1a26fa,PUR_IED_ColViva_Ext_1a26fa,,,,,
2026-09-12T11:26:06-05:00,PUR_IED_ColegioBici_Asist_7c8798,PUR_IED_ColegioBici_Asist_7c8798,,,,,
2026-09-12T11:26:06-05:00,PUR_IED_ColegioBici_Ext_25cbf6,PUR_IED_ColegioBici_Ext_25cbf6,,,,,
2026-09-12T11:26:06-05:00,PUR_IED_ColegioBici_LabQ_7b57db,PUR_IED_ColegioBici_LabQ_7b57db,,,,,
2026-09-12T11:26:06-05:00,PUR_IED_CostaRica_Ext_5e640,PUR_IED_CostaRica_Ext_5e640,,,,,
2026-09-12T11:26:06-05:00,PUR_IED_CostaRica_Quim1_766d1c,PUR_IED_CostaRica_Quim1_766d1c,,,,,
2026-09-12T11:26:06-05:00,PUR_IED_CostaRica__Fisica_6f0873,PUR_IED_CostaRica__Fisica_6f0873,,,,,
2026-09-12T11:26:06-05:00,PUR_IED_CulPopu_301A_f660f3,PUR_IED_CulPopu_301A_f660f3,,,,,
2026-09-12T11:26:06-05:00,PUR_IED_CulPopu_303_568afe,PUR_IED_CulPopu_303_568afe,,,,,
2026-09-12T11:26:06-05:00,PUR_IED_CulPopu_Ext_e02ccb,PUR_IED_CulPopu_Ext_e02ccb,,,,,
2026-09-12T11:26:06-05:00,PUR_IED_Cundinamarca_Ext_f15985,PUR_IED_Cundinamarca_Ext_f15985,,,,,
2026-09-12T11:26:06-05:00,PUR_IED_Cundinamarca_Info_7aa5d7,PUR_IED_Cundinamarca_Info_7aa5d7,,,,,
2026-09-12T11:26:06-05:00,PUR_IED_Cundinamarca_Tec2_f449c7,PUR_IED_Cundinamarca_Tec2_f449c7,,,,,
2026-09-12T11:26:06-05:00,PUR_IED_DiegoM_Aula1_27b314,PUR_IED_DiegoM_Aula1_27b314,,,,,
2026-09-12T11:26:06-05:00,PUR_IED_DiegoM_Ext_d80ac8,PUR_IED_DiegoM_Ext_d80ac8,,,,,
2026-09-12T11:26:06-05:00,PUR_IED_DiegoM_S25_da928f,PUR_IED_DiegoM_S25_da928f,,,,,
2026-09-12T11:26:06-05:00,PUR_IED_ELRODEO_360881,PUR_IED_ELRODEO_360881,,,,,
2026-09-12T11:26:06-05:00,PUR_IED_ELRODEO_ext_360881,PUR_IED_ELRODEO_ext_360881,,,,,
2026-09-12T11:26:06-05:00,PUR_IED_EduardoU_Ext_1c1969,PUR_IED_EduardoU_Ext_1c1969,,,,,
2026-09-12T11:26:06-05:00,PUR_IED_EduardoU_SCiencia_4dfb94,PUR_IED_EduardoU_SCiencia_4dfb94,,,,,
2026-09-12T11:26:06-05:00,PUR_IED_EduardoU_SQuimica_5a46e7,PUR_IED_EduardoU_SQuimica_5a46e7,,,,,
2026-09-12T11:26:06-05:00,PUR_IED_ElRodeo_Aula14_676984,PUR_IED_ElRodeo_Aula14_676984,,,,,
2026-09-12T11:26:06-05:00,PUR_IED_ElRodeo_Aula16_2dd35b,PUR_IED_ElRodeo_Aula16_2dd35b,,,,,
2026-09-12T11:26:06-05:00,PUR_IED_ElRodeo_Ext_360881,PUR_IED_ElRodeo_Ext_360881,,,,,
2026-09-12T11:26:06-05:00,PUR_IED_ElRodeo_Exterior_8c6d28,PUR_IED_ElRodeo_Exterior_8c6d28,,,,,
2026-09-12T11:26:06-05:00,PUR_IED_ElRodeo_ext_360881,PUR_IED_ElRodeo_ext_360881,,,,,
2026-09-12T11:26:06-05:00,PUR_IED_EmmaReyes_Ext_987625,PUR_IED_EmmaReyes_Ext_987625,8,22,48,4.6367,-74.1511
2026-09-12T11:26:06-05:00,PUR_IED_Ensueño_Ext_7f0250,PUR_IED_Ensueño_Ext_7f0250,,,,,
2026-09-12T11:26:06-05:00,PUR_IED_EscNormal_Ext_5fef3b,PUR_IED_EscNormal_Ext_5fef3b,2,22,53,4.5852,-74.096901
2026-09-12T11:26:06-05:00,PUR_IED_EscNormal_S309_5b263,PUR_IED_EscNormal_S309_5b263,,,,,
2026-09-12T11:26:06-05:00,PUR_IED_EscNormal_S310_27b3b8,PUR_IED_EscNormal_S310_27b3b8,,,,,
2026-09-12T11:26:06-05:00,PUR_IED_Evangelista_Conta_f6cd4f,PUR_IED_Evangelista_Conta_f6cd4f,,,,,
2026-09-12T11:26:06-05:00,PUR_IED_Evangelista_Cri_5e16a,PUR_IED_Evangelista_Cri_5e16a,,,,,
2026-09-12T11:26:06-05:00,PUR_IED_Evangelista_Exter_754066,PUR_IED_Evangelista_Exter_754066,,,,,
2026-09-12T11:26:06-05:00,PUR_IED_FMiranda_S209_5cc2a3,PUR_IED_FMiranda_S209_5cc2a3,,,,,
2026-09-12T11:26:06-05:00,PUR_IED_FMiranda_S303_19e344,PUR_IED_FMiranda_S303_19e344,,,,,
2026-09-12T11:26:06-05:00,PUR_IED_FMiranda_ext_f53e7c,PUR_IED_FMiranda_ext_f53e7c,,,,,
2026-09-12T11:26:06-05:00,PUR_IED_FabioLozano_Bibli_1cee05,PUR_IED_FabioLozano_Bibli_1cee05,,,,,
2026-09-12T11:26:06-05:00,PUR_IED_FabioLozano_Ext_6ea285,PUR_IED_FabioLozano_Ext_6ea285,,,,,
2026-09-12T11:26:06-05:00,PUR_IED_FabioLozano_SLudi_f09e1e,PUR_IED_FabioLozano_SLudi_f09e1e,,,,,
2026-09-12T11:26:06-05:00,PUR_IED_FaustinoS_Aula07_27a731,PUR_IED_FaustinoS_Aula07_27a731,,,,,
2026-09-12T11:26:06-05:00,PUR_IED_FaustinoS_Ext_7b936f,PUR_IED_FaustinoS_Ext_7b936f,,,,,
2026-09-12T11:26:06-05:00,PUR_IED_FaustinoS_Fisica_da2c60,PUR_IED_FaustinoS_Fisica_da2c60,,,,,
2026-09-12T11:26:06-05:00,PUR_IED_FeGarciaLo_Ext_dc68ee,PUR_IED_FeGarciaLo_Ext_dc68ee,,,,,
2026-09-12T11:26:06-05:00,PUR_IED_FeGarciaLo_SDanza_f70a59,PUR_IED_FeGarciaLo_SDanza_f70a59,,,,,
2026-09-12T11:26:06-05:00,PUR_IED_FeGarciaLo_SMusic_125cdd,PUR_IED_FeGarciaLo_SMusic_125cdd,,,,,
2026-09-12T11:26:06-05:00,PUR_IED_FederalAlema_Exte_50c345,PUR_IED_FederalAlema_Exte_50c345,,,,,
2026-09-12T11:26:06-05:00,PUR_IED_FederalAlema_S31_f18371,PUR_IED_FederalAlema_S31_f18371,,,,,
2026-09-12T11:26:06-05:00,PUR_IED_FederalAlema_S901_a62cd,PUR_IED_FederalAlema_S901_a62cd,,,,,
2026-09-12T11:26:06-05:00,PUR_IED_FilarmonicaS_A5_f35eb1,PUR_IED_FilarmonicaS_A5_f35eb1,,,,,
2026-09-12T11:26:06-05:00,PUR_IED_FilarmonicaS_Ext_8a3bde,PUR_IED_FilarmonicaS_Ext_8a3bde,,,,,
2026-09-12T11:26:06-05:00,PUR_IED_FilarmonicaS_Spol_406114,PUR_IED_FilarmonicaS_Spol_406114,,,,,
2026-09-12T11:26:06-05:00,PUR_IED_FlorentinoG_A13_d1fa59,PUR_IED_FlorentinoG_A13_d1fa59,,,,,
2026-09-12T11:26:06-05:00,PUR_IED_FlorentinoG_Ext_1ce6ce,PUR_IED_FlorentinoG_Ext_1ce6ce,,,,,
2026-09-12T11:26:06-05:00,PUR_IED_FlorentinoG_Idiom_a66aac,PUR_IED_FlorentinoG_Idiom_a66aac,,,,,
2026-09-12T11:26:06-05:00,PUR_IED_FranciscoMati_Ext_e3869d,PUR_IED_FranciscoMati_Ext_e3869d,,,,,
2026-09-12T11:26:06-05:00,PUR_IED_FranciscoMati_S13_f31c67,PUR_IED_FranciscoMati_S13_f31c67,,,,,
2026-09-12T11:26:06-05:00,PUR_IED_FranciscoMati_S14_97dead,PUR_IED_FranciscoMati_S14_97dead,,,,,
2026-09-12T11:26:06-05:00,PUR_IED_FranciscoPS_Ext_7bfa9a,PUR_IED_FranciscoPS_Ext_7bfa9a,2,23,51,4.5899,-74.110397
2026-09-12T11:26:06-05:00,PUR_IED_FranciscoPS_Infor_fb8f4c,PUR_IED_FranciscoPS_Infor_fb8f4c,,,,,
2026-09-12T11:26:06-05:00,PUR_IED_FranciscoPS_Quimi_94d39c,PUR_IED_FranciscoPS_Quimi_94d39c,,,,,
2026-09-12T11:26:06-05:00,PUR_IED_FranciscoP_LabQ_d7e148,PUR_IED_FranciscoP_LabQ_d7e148,,,,,
2026-09-12T11:26:06-05:00,PUR_IED_FranciscoP_S28_cf9b30,PUR_IED_FranciscoP_S28_cf9b30,,,,,
2026-09-12T11:26:06-05:00,PUR_IED_FranciscoP_ext_e2313,PUR_IED_FranciscoP_ext_e2313,,,,,
2026-09-12T11:26:06-05:00,PUR_IED_FriederichN_Ext_8ac92a,PUR_IED_FriederichN_Ext_8ac92a,,,,,
2026-09-12T11:26:06-05:00,PUR_IED_FriederichN_S301_dd7e5a,PUR_IED_FriederichN_S301_dd7e5a,,,,,
2026-09-12T11:26:06-05:00,PUR_IED_FriederichN_S308_761f4f,PUR_IED_FriederichN_S308_761f4f,,,,,
2026-09-12T11:26:06-05:00,PUR_IED_GSantander_Aula10_533dd7,PUR_IED_GSantander_Aula10_533dd7,,,,,
2026-09-12T11:26:06-05:00,PUR_IED_GSantander_Aula12_fd4e4f,PUR_IED_GSantander_Aula12_fd4e4f,,,,,
2026-09-12T11:26:06-05:00,PUR_IED_GSantander_Aula310_533dd7,PUR_IED_GSantander_Aula310_533dd7,,,,,
2026-09-12T11:26:06-05:00,PUR_IED_GSantander_Aula312_fd4e4f,PUR_IED_GSantander_Aula312_fd4e4f,,,,,
2026-09-12T11:26:06-05:00,PUR_IED_GSantander_Ext_5f66b0,PUR_IED_GSantander_Ext_5f66b0,,,,,
2026-09-12T11:26:06-05:00,PUR_IED_GYomasa_Ext_f6bea5,PUR_IED_GYomasa_Ext_f6bea5,,,,,
2026-09-12T11:26:06-05:00,PUR_IED_GYomasa_LBiol_2c41aa,PUR_IED_GYomasa_LBiol_2c41aa,,,,,
2026-09-12T11:26:06-05:00,PUR_IED_GYomasa_LQuim_33c80,PUR_IED_GYomasa_LQuim_33c80,,,,,
2026-09-12T11:26:06-05:00,PUR_IED_GabBetMejia_Cienc_5a99c,PUR_IED_GabBetMejia_Cienc_5a99c,,,,,
2026-09-12T11:26:06-05:00,PUR_IED_GabBetMejia_Ext_9153d0,PUR_IED_GabBetMejia_Ext_9153d0,,,,,
2026-09-12T11:26:06-05:00,PUR_IED_GabBetMejia_Lab_f55347,PUR_IED_GabBetMejia_Lab_f55347,,,,,
2026-09-12T11:26:06-05:00,PUR_IED_GabBetanMejia_Ext_9153d0,PUR_IED_GabBetanMejia_Ext_9153d0,,,,,
2026-09-12T11:26:06-05:00,PUR_IED_Gaitana_Aula13_7aac11,PUR_IED_Gaitana_Aula13_7aac11,,,,,
2026-09-12T11:26:06-05:00,PUR_IED_Gaitana_Ext_5fcf4,PUR_IED_Gaitana_Ext_5fcf4,,,,,
2026-09-12T11:26:06-05:00,PUR_IED_Gaitana_LabFisica_644448,PUR_IED_Gaitana_LabFisica_644448,,,,,
2026-09-12T11:26:06-05:00,PUR_IED_GenSantander_Dise_8ac858,PUR_IED_GenSantander_Dise_8ac858,,,,,
2026-09-12T11:26:06-05:00,PUR_IED_GenSantander_Ext_8d5dfe,PUR_IED_GenSantander_Ext_8d5dfe,,,,,
2026-09-12T11:26:06-05:00,PUR_IED_GenSantander_Info_6c25b,PUR_IED_GenSantander_Info_6c25b,,,,,
2026-09-12T11:26:06-05:00,PUR_IED_GustavoMo_Exterio_75e63d,PUR_IED_GustavoMo_Exterio_75e63d,,,,,
2026-09-12T11:26:06-05:00,PUR_IED_GustavoMo_LabFisi_224d37,PUR_IED_GustavoMo_LabFisi_224d37,,,,,
2026-09-12T11:26:06-05:00,PUR_IED_GustavoMo_S208_3e6918,PUR_IED_GustavoMo_S208_3e6918,,,,,
2026-09-12T11:26:06-05:00,PUR_IED_GustavoR_A02_8cd4a8,PUR_IED_GustavoR_A02_8cd4a8,,,,,
2026-09-12T11:26:06-05:00,PUR_IED_GustavoR_B11_5b0ed,PUR_IED_GustavoR_B11_5b0ed,,,,,
2026-09-12T11:26:06-05:00,PUR_IED_GustavoR_Ext_7a0c90,PUR_IED_GustavoR_Ext_7a0c90,,,,,
2026-09-12T11:26:06-05:00,PUR_IED_HernandoDuran_Ext_8cd82b,PUR_IED_HernandoDuran_Ext_8cd82b,,,,,
2026-09-12T11:26:06-05:00,PUR_IED_HernandoDuran_S24_2772c6,PUR_IED_HernandoDuran_S24_2772c6,,,,,
2026-09-12T11:26:06-05:00,PUR_IED_HernandoDuran_S30_f2de41,PUR_IED_HernandoDuran_S30_f2de41,,,,,
2026-09-12T11:26:06-05:00,PUR_IED_HolguInUr_S1101_8cd732,PUR_IED_HolguInUr_S1101_8cd732,,,,,
2026-09-12T11:26:06-05:00,PUR_IED_HolguinUr_Exter_ddae6d,PUR_IED_HolguinUr_Exter_ddae6d,,,,,
2026-09-12T11:26:06-05:00,PUR_IED_HolguinUr_LabQuim_92b952,PUR_IED_HolguinUr_LabQuim_92b952,,,,,
2026-09-12T11:26:06-05:00,PUR_IED_Isabel-II_Ext_5245cc,PUR_IED_Isabel-II_Ext_5245cc,2,20,52,4.6336,-74.153
2026-09-12T11:26:06-05:00,PUR_IED_Isabel-II_S_idiom_1c29aa,PUR_IED_Isabel-II_S_idiom_1c29aa,,,,,
2026-09-12T11:26:06-05:00,PUR_IED_Isabel-II_S_infor_fd741,PUR_IED_Isabel-II_S_infor_fd741,,,,,
2026-09-12T11:26:06-05:00,PUR_IED_IsidroSur_Exterio_5b90ea,PUR_IED_IsidroSur_Exterio_5b90ea,,,,,
2026-09-12T11:26:06-05:00,PUR_IED_IsidroSur_LabTec_56697a,PUR_IED_IsidroSur_LabTec_56697a,,,,,
2026-09-12T11:26:06-05:00,PUR_IED_IsidroSur_Robotic_b7c38f,PUR_IED_IsidroSur_Robotic_b7c38f,,,,,
2026-09-12T11:26:06-05:00,PUR_IED_IsmaelPerd_Ext_7b6672,PUR_IED_IsmaelPerd_Ext_7b6672,,,,,
2026-09-12T11:26:06-05:00,PUR_IED_IsmaelPerd_Inform_306540,PUR_IED_IsmaelPerd_Inform_306540,,,,,
2026-09-12T11:26:06-05:00,PUR_IED_IsmaelPerd_S30_2e2c83,PUR_IED_IsmaelPerd_S30_2e2c83,,,,,
2026-09-12T11:26:06-05:00,PUR_IED_JLozano_Exter_432910,PUR_IED_JLozano_Exter_432910,,,,,
2026-09-12T11:26:06-05:00,PUR_IED_JLozano_salaMulti_df5125,PUR_IED_JLozano_salaMulti_df5125,,,,,
2026-09-12T11:26:06-05:00,PUR_IED_JMCordoba_206_86f80b,PUR_IED_JMCordoba_206_86f80b,,,,,
2026-09-12T11:26:06-05:00,PUR_IED_JMCordoba_Ext_27ad97,PUR_IED_JMCordoba_Ext_27ad97,,,,,
2026-09-12T11:26:06-05:00,PUR_IED_JMCordoba_S310_d59ab4,PUR_IED_JMCordoba_S310_d59ab4,,,,,
2026-09-12T11:26:06-05:00,PUR_IED_Japon_Ext_549100,PUR_IED_Japon_Ext_549100,,,,,
2026-09-12T11:26:06-05:00,PUR_IED_Japon_Laboratorio_bec51d,PUR_IED_Japon_Laboratorio_bec51d,,,,,
2026-09-12T11:26:06-05:00,PUR_IED_Japon_informatica_d99327,PUR_IED_Japon_informatica_d99327,,,,,
2026-09-12T11:26:06-05:00,PUR_IED_Jazmin_Ext_d27bda,PUR_IED_Jazmin_Ext_d27bda,,,,,
2026-09-12T11:26:06-05:00,PUR_IED_Jazmin_Fisica_8d14d7,PUR_IED_Jazmin_Fisica_8d14d7,,,,,
2026-09-12T11:26:06-05:00,PUR_IED_Jazmin_Quimica_801cb5,PUR_IED_Jazmin_Quimica_801cb5,,,,,
2026-09-12T11:26:06-05:00,PUR_IED_JorgeGaitan_Exter_f098d1,PUR_IED_JorgeGaitan_Exter_f098d1,,,,,
2026-09-12T11:26:06-05:00,PUR_IED_JorgeGaitan_STec1_dc9d1d,PUR_IED_JorgeGaitan_STec1_dc9d1d,,,,,
2026-09-12T11:26:06-05:00,PUR_IED_JorgeGaitan_STec2_281e69,PUR_IED_JorgeGaitan_STec2_281e69,,,,,
2026-09-12T11:26:06-05:00,PUR_IED_JorgeSoto_Exterio_d9d0a2,PUR_IED_JorgeSoto_Exterio_d9d0a2,,,,,
2026-09-12T11:26:06-05:00,PUR_IED_JorgeSoto_LabFisi_209c54,PUR_IED_JorgeSoto_LabFisi_209c54,,,,,
2026-09-12T11:26:06-05:00,PUR_IED_JorgeSoto_S103_27b51a,PUR_IED_JorgeSoto_S103_27b51a,,,,,
2026-09-12T11:26:06-05:00,PUR_IED_JoseAcevedo_A02_e965eb,PUR_IED_JoseAcevedo_A02_e965eb,,,,,
2026-09-12T11:26:06-05:00,PUR_IED_JoseAcevedo_A07_dd5b4,PUR_IED_JoseAcevedo_A07_dd5b4,,,,,
2026-09-12T11:26:06-05:00,PUR_IED_JoseAcevedo_Ext_b47484,PUR_IED_JoseAcevedo_Ext_b47484,,,,,
2026-09-12T11:26:06-05:00,PUR_IED_JoseMarti_Exte_5b9bf,PUR_IED_JoseMarti_Exte_5b9bf,,,,,
2026-09-12T11:26:06-05:00,PUR_IED_JoseMarti_LabQuim_1c6c2d,PUR_IED_JoseMarti_LabQuim_1c6c2d,,,,,
2026-09-12T11:26:06-05:00,PUR_IED_JoseMarti_S_info_f5f177,PUR_IED_JoseMarti_S_info_f5f177,,,,,
2026-09-12T11:26:06-05:00,PUR_IED_Josejoaquin_Ext_dfc5dc,PUR_IED_Josejoaquin_Ext_dfc5dc,,,,,
2026-09-12T11:26:06-05:00,PUR_IED_Josejoaquin_S05_5b2a96,PUR_IED_Josejoaquin_S05_5b2a96,,,,,
2026-09-12T11:26:06-05:00,PUR_IED_Josejoaquin_S06_1ce7d2,PUR_IED_Josejoaquin_S06_1ce7d2,,,,,
2026-09-12T11:26:06-05:00,PUR_IED_JulioFlorez_Danza_9b82dd,PUR_IED_JulioFlorez_Danza_9b82dd,,,,,
2026-09-12T11:26:06-05:00,PUR_IED_JulioFlorez_Exter_f9f314,PUR_IED_JulioFlorez_Exter_f9f314,,,,,
2026-09-12T11:26:06-05:00,PUR_IED_JulioFlorez_info2_6b6e08,PUR_IED_JulioFlorez_info2_6b6e08,,,,,
2026-09-12T11:26:06-05:00,PUR_IED_LaBelleza_Aula13_1d00d8,PUR_IED_LaBelleza_Aula13_1d00d8,,,,,
2026-09-12T11:26:06-05:00,PUR_IED_LaBelleza_Ext_7bc08c,PUR_IED_LaBelleza_Ext_7bc08c,,,,,
2026-09-12T11:26:06-05:00,PUR_IED_LaChucua_Ext_8cd6d2,PUR_IED_LaChucua_Ext_8cd6d2,,,,,
2026-09-12T11:26:06-05:00,PUR_IED_LaChucua_S15_f578ce,PUR_IED_LaChucua_S15_f578ce,,,,,
2026-09-12T11:26:06-05:00,PUR_IED_LaChucua_S16_eebcf9,PUR_IED_LaChucua_S16_eebcf9,,,,,
2026-09-12T11:26:06-05:00,PUR_IED_LaFelicidad_Ext_fb5109,PUR_IED_LaFelicidad_Ext_fb5109,,,,,
2026-09-12T11:26:06-05:00,PUR_IED_LaMerced_206_66ebd,PUR_IED_LaMerced_206_66ebd,,,,,
2026-09-12T11:26:06-05:00,PUR_IED_LaMerced_207_6ebd6,PUR_IED_LaMerced_207_6ebd6,,,,,
2026-09-12T11:26:06-05:00,PUR_IED_LaMerced_ext_304311,PUR_IED_LaMerced_ext_304311,,,,,
2026-09-12T11:26:06-05:00,PUR_IED_Laureano_CiencNat_281e5e,PUR_IED_Laureano_CiencNat_281e5e,,,,,
2026-09-12T11:26:06-05:00,PUR_IED_Laureano_Comedor_f65c0a,PUR_IED_Laureano_Comedor_f65c0a,,,,,
2026-09-12T11:26:06-05:00,PUR_IED_Laureano_Exterior_7ab011,PUR_IED_Laureano_Exterior_7ab011,,,,,
2026-09-12T11:26:06-05:00,PUR_IED_LeonGreiff_Exte_dfe560,PUR_IED_LeonGreiff_Exte_dfe560,,,,,
2026-09-12T11:26:06-05:00,PUR_IED_LeonGreiff_S210_f264ed,PUR_IED_LeonGreiff_S210_f264ed,,,,,
2026-09-12T11:26:06-05:00,PUR_IED_LeonGreiff_SQuimi_e8296f,PUR_IED_LeonGreiff_SQuimi_e8296f,,,,,
2026-09-12T11:26:06-05:00,PUR_IED_LlanoOrientalS208_7b9fcd,PUR_IED_LlanoOrientalS208_7b9fcd,,,,,
2026-09-12T11:26:06-05:00,PUR_IED_LlanoOriental_Ext_fb3766,PUR_IED_LlanoOriental_Ext_fb3766,,,,,
2026-09-12T11:26:06-05:00,PUR_IED_LlanoOriental_S208_7b9fcd,PUR_IED_LlanoOriental_S208_7b9fcd,,,,,
2026-09-12T11:26:06-05:00,PUR_IED_LlanoOriental_S9_27b378,PUR_IED_LlanoOriental_S9_27b378,,,,,
2026-09-12T11:26:06-05:00,PUR_IED_LosTejares_1101_477602,PUR_IED_LosTejares_1101_477602,,,,,
2026-09-12T11:26:06-05:00,PUR_IED_LosTejares_11_d2c595,PUR_IED_LosTejares_11_d2c595,,,,,
2026-09-12T11:26:06-05:00,PUR_IED_LosTejares_12_477602,PUR_IED_LosTejares_12_477602,,,,,
2026-09-12T11:26:06-05:00,PUR_IED_LosTejares_Ext_8e2115,PUR_IED_LosTejares_Ext_8e2115,,,,,
2026-09-12T11:26:06-05:00,PUR_IED_MagdalenaO_B202_5ddda3,PUR_IED_MagdalenaO_B202_5ddda3,,,,,
2026-09-12T11:26:06-05:00,PUR_IED_MagdalenaO_B205_fb76e8,PUR_IED_MagdalenaO_B205_fb76e8,,,,,
2026-09-12T11:26:06-05:00,PUR_IED_MagdalenaO_ext_dc69cd,PUR_IED_MagdalenaO_ext_dc69cd,,,,,
2026-09-12T11:26:06-05:00,PUR_IED_ManueCepeda_artes_eee956,PUR_IED_ManueCepeda_artes_eee956,,,,,
2026-09-12T11:26:06-05:00,PUR_IED_ManuelCepeda_Ext_58313,PUR_IED_ManuelCepeda_Ext_58313,,,,,
2026-09-12T11:26:06-05:00,PUR_IED_ManuelCepeda_tec_1c5731,PUR_IED_ManuelCepeda_tec_1c5731,,,,,
2026-09-12T11:26:06-05:00,PUR_IED_ManuelS_Exterior_5b269,PUR_IED_ManuelS_Exterior_5b269,,,,,
2026-09-12T11:26:06-05:00,PUR_IED_ManuelS_Inform_f369ce,PUR_IED_ManuelS_Inform_f369ce,,,,,
2026-09-12T11:26:06-05:00,PUR_IED_ManuelS_SArtes_7d15f1,PUR_IED_ManuelS_SArtes_7d15f1,,,,,
2026-09-12T11:26:06-05:00,PUR_IED_ManuelZapata_303_3ca6,PUR_IED_ManuelZapata_303_3ca6,,,,,
2026-09-12T11:26:06-05:00,PUR_IED_ManuelZapata_311_bfbabc,PUR_IED_ManuelZapata_311_bfbabc,,,,,
2026-09-12T11:26:06-05:00,PUR_IED_ManuelZapata_Ext_50824a,PUR_IED_ManuelZapata_Ext_50824a,,,,,
2026-09-12T11:26:06-05:00,PUR_IED_ManuelitaS_Exteri_656a92,PUR_IED_ManuelitaS_Exteri_656a92,,,,,
2026-09-12T11:26:06-05:00,PUR_IED_ManuelitaS_JuzgDe_f58ec3,PUR_IED_ManuelitaS_JuzgDe_f58ec3,,,,,
2026-09-12T11:26:06-05:00,PUR_IED_ManuelitaS_Recrea_d793db,PUR_IED_ManuelitaS_Recrea_d793db,,,,,
2026-09-12T11:26:06-05:00,PUR_IED_MarFidSuarez_Ext_c27b19,PUR_IED_MarFidSuarez_Ext_c27b19,,,,,
2026-09-12T11:26:06-05:00,PUR_IED_MarFidSuarez_Info_e384d7,PUR_IED_MarFidSuarez_Info_e384d7,,,,,
2026-09-12T11:26:06-05:00,PUR_IED_MarFidSuarez_S306_1d0032,PUR_IED_MarFidSuarez_S306_1d0032,,,,,
2026-09-12T11:26:06-05:00,PUR_IED_Menorah_301_2a25a3,PUR_IED_Menorah_301_2a25a3,,,,,
2026-09-12T11:26:06-05:00,PUR_IED_Menorah_306_37ed3,PUR_IED_Menorah_306_37ed3,,,,,
2026-09-12T11:26:06-05:00,PUR_IED_Menorah_Ext_3e155b,PUR_IED_Menorah_Ext_3e155b,,,,,
2026-09-12T11:26:06-05:00,PUR_IED_MinutoB.Aires_A11_1b1604,PUR_IED_MinutoB.Aires_A11_1b1604,,,,,
2026-09-12T11:26:06-05:00,PUR_IED_MinutoB.Aires_A12_fb5860,PUR_IED_MinutoB.Aires_A12_fb5860,,,,,
2026-09-12T11:26:06-05:00,PUR_IED_MinutoB.Aires_Ext_81293f,PUR_IED_MinutoB.Aires_Ext_81293f,,,,,
2026-09-12T11:26:06-05:00,PUR_IED_MinutoBAires_A11_1b1604,PUR_IED_MinutoBAires_A11_1b1604,,,,,
2026-09-12T11:26:06-05:00,PUR_IED_MinutoBAires_A12_fb5860,PUR_IED_MinutoBAires_A12_fb5860,,,,,
2026-09-12T11:26:06-05:00,PUR_IED_MinutoBAires_Ext_81293f,PUR_IED_MinutoBAires_Ext_81293f,,,,,
2026-09-12T11:26:06-05:00,PUR_IED_Montreal_Aula10_1e4959,PUR_IED_Montreal_Aula10_1e4959,,,,,
2026-09-12T11:26:06-05:00,PUR_IED_Montreal_Aula6_300367,PUR_IED_Montreal_Aula6_300367,,,,,
2026-09-12T11:26:06-05:00,PUR_IED_Montreal_Exterior_91a179,PUR_IED_Montreal_Exterior_91a179,,,,,
2026-09-12T11:26:06-05:00,PUR_IED_Mqgdalena_B202_5ddda3,PUR_IED_Mqgdalena_B202_5ddda3,,,,,
2026-09-12T11:26:06-05:00,PUR_IED_NACUND_Soc_dc8728,PUR_IED_NACUND_Soc_dc8728,,,,,
2026-09-12T11:26:06-05:00,PUR_IED_NACUND_ext_27ad97,PUR_IED_NACUND_ext_27ad97,,,,,
2026-09-12T11:26:06-05:00,PUR_IED_NEsperanza_Ext_d24b61,PUR_IED_NEsperanza_Ext_d24b61,,,,,
2026-09-12T11:26:06-05:00,PUR_IED_NEsperanza_SElect_7d1807,PUR_IED_NEsperanza_SElect_7d1807,,,,,
2026-09-12T11:26:06-05:00,PUR_IED_NEsperanza_SLabor_8b2d0a,PUR_IED_NEsperanza_SLabor_8b2d0a,,,,,
2026-09-12T11:26:06-05:00,PUR_IED_NacionesU_Ext_f661a9,PUR_IED_NacionesU_Ext_f661a9,,,,,
2026-09-12T11:26:06-05:00,PUR_IED_NacionesU_Quimica_66f0a,PUR_IED_NacionesU_Quimica_66f0a,,,,,
2026-09-12T11:26:06-05:00,PUR_IED_NacionesU_S306_1b4b3d,PUR_IED_NacionesU_S306_1b4b3d,,,,,
2026-09-12T11:26:06-05:00,PUR_IED_NestorFA_Ext_e4201c,PUR_IED_NestorFA_Ext_e4201c,,,,,
2026-09-12T11:26:06-05:00,PUR_IED_NestorFA_Laborato_f22fe0,PUR_IED_NestorFA_Laborato_f22fe0,,,,,
2026-09-12T11:26:06-05:00,PUR_IED_NestorFA_S204_dee996,PUR_IED_NestorFA_S204_dee996,,,,,
2026-09-12T11:26:06-05:00,PUR_IED_NidyaQT_Aula03_76999b,PUR_IED_NidyaQT_Aula03_76999b,,,,,
2026-09-12T11:26:06-05:00,PUR_IED_NidyaQT_Aula10_56325,PUR_IED_NidyaQT_Aula10_56325,,,,,
2026-09-12T11:26:06-05:00,PUR_IED_NidyaQT_Ext_46e32d,PUR_IED_NidyaQT_Ext_46e32d,,,,,
2026-09-12T11:26:06-05:00,PUR_IED_NuevaCol_Exterior_d9b859,PUR_IED_NuevaCol_Exterior_d9b859,,,,,
2026-09-12T11:26:06-05:00,PUR_IED_NuevaCol_S1101_76c43b,PUR_IED_NuevaCol_S1101_76c43b,,,,,
2026-09-12T11:26:06-05:00,PUR_IED_NuevaCol_S1102_1ce0b5,PUR_IED_NuevaCol_S1102_1ce0b5,,,,,
2026-09-12T11:26:06-05:00,PUR_IED_OEA_A202_f7e3f2,PUR_IED_OEA_A202_f7e3f2,,,,,
2026-09-12T11:26:06-05:00,PUR_IED_OEA_A203_7d1b8d,PUR_IED_OEA_A203_7d1b8d,,,,,
2026-09-12T11:26:06-05:00,PUR_IED_OEA_Ext_27b593,PUR_IED_OEA_Ext_27b593,,,,,
2026-09-12T11:26:06-05:00,PUR_IED_Ochoa_Ext_1c29da,PUR_IED_Ochoa_Ext_1c29da,,,,,
2026-09-12T11:26:06-05:00,PUR_IED_Ochoa_S205_8b1121,PUR_IED_Ochoa_S205_8b1121,,,,,
2026-09-12T11:26:06-05:00,PUR_IED_Ochoa_Sistemas_f33af6,PUR_IED_Ochoa_Sistemas_f33af6,,,,,
2026-09-12T11:26:06-05:00,PUR_IED_PQuebec_Ext_1c67c7,PUR_IED_PQuebec_Ext_1c67c7,,,,,
2026-09-12T11:26:06-05:00,PUR_IED_PQuebec_S15_23e8e2,PUR_IED_PQuebec_S15_23e8e2,,,,,
2026-09-12T11:26:06-05:00,PUR_IED_PQuebec_S16_8ec76b,PUR_IED_PQuebec_S16_8ec76b,,,,,
2026-09-12T11:26:06-05:00,PUR_IED_PabloN_Ext_49dc96,PUR_IED_PabloN_Ext_49dc96,,,,,
2026-09-12T11:26:06-05:00,PUR_IED_PabloN_S1102_4e3df5,PUR_IED_PabloN_S1102_4e3df5,,,,,
2026-09-12T11:26:06-05:00,PUR_IED_PabloN_S1103_50c94b,PUR_IED_PabloN_S1103_50c94b,,,,,
2026-09-12T11:26:06-05:00,PUR_IED_Palestina_S1101_db9198,PUR_IED_Palestina_S1101_db9198,,,,,
2026-09-12T11:26:06-05:00,PUR_IED_Palestina_S1102_dc54fa,PUR_IED_Palestina_S1102_dc54fa,,,,,
2026-09-12T11:26:06-05:00,PUR_IED_Palestina_ext_4ccce6,PUR_IED_Palestina_ext_4ccce6,,,,,
2026-09-12T11:26:06-05:00,PUR_IED_Panama_Fisica_4d0794,PUR_IED_Panama_Fisica_4d0794,,,,,
2026-09-12T11:26:06-05:00,PUR_IED_Panama_SIngles_a4077e,PUR_IED_Panama_SIngles_a4077e,,,,,
2026-09-12T11:26:06-05:00,PUR_IED_Panama_ext_4c54b4,PUR_IED_Panama_ext_4c54b4,,,,,
2026-09-12T11:26:06-05:00,PUR_IED_ParaisoM_Exterior_8cd7f0,PUR_IED_ParaisoM_Exterior_8cd7f0,,,,,
2026-09-12T11:26:06-05:00,PUR_IED_ParaisoM_Laborato_27af35,PUR_IED_ParaisoM_Laborato_27af35,,,,,
2026-09-12T11:26:06-05:00,PUR_IED_ParaisoM_S304_d1edca,PUR_IED_ParaisoM_S304_d1edca,,,,,
2026-09-12T11:26:06-05:00,PUR_IED_PorfirioBarba_Ext_301466,PUR_IED_PorfirioBarba_Ext_301466,,,,,
2026-09-12T11:26:06-05:00,PUR_IED_PorfirioBarba_S11_df6cd2,PUR_IED_PorfirioBarba_S11_df6cd2,,,,,
2026-09-12T11:26:06-05:00,PUR_IED_PorfirioBarba_S29_27a7d6,PUR_IED_PorfirioBarba_S29_27a7d6,,,,,
2026-09-12T11:26:06-05:00,PUR_IED_PradoV_Exter_8b27ad,PUR_IED_PradoV_Exter_8b27ad,,,,,
2026-09-12T11:26:06-05:00,PUR_IED_PradoV_S301_de65b5,PUR_IED_PradoV_S301_de65b5,,,,,
2026-09-12T11:26:06-05:00,PUR_IED_PradoV_S302_7d2593,PUR_IED_PradoV_S302_7d2593,,,,,
2026-09-12T11:26:06-05:00,PUR_IED_QuirogaAlz_Ext_1ddc82,PUR_IED_QuirogaAlz_Ext_1ddc82,,,,,
2026-09-12T11:26:06-05:00,PUR_IED_QuirogaAlz_S302_9926a3,PUR_IED_QuirogaAlz_S302_9926a3,,,,,
2026-09-12T11:26:06-05:00,PUR_IED_QuirogaAlz_S305_cdf1f1,PUR_IED_QuirogaAlz_S305_cdf1f1,,,,,
2026-09-12T11:26:06-05:00,PUR_IED_RGuatemala_Biling_dc53b7,PUR_IED_RGuatemala_Biling_dc53b7,,,,,
2026-09-12T11:26:06-05:00,PUR_IED_RGuatemala_Ext_1b89a3,PUR_IED_RGuatemala_Ext_1b89a3,,,,,
2026-09-12T11:26:06-05:00,PUR_IED_RGuatemala_Tecnol_281a34,PUR_IED_RGuatemala_Tecnol_281a34,,,,,
2026-09-12T11:26:06-05:00,PUR_IED_RafaNu_Ext_f7c302,PUR_IED_RafaNu_Ext_f7c302,,,,,
2026-09-12T11:26:06-05:00,PUR_IED_RafaNu_S1101_25fde,PUR_IED_RafaNu_S1101_25fde,,,,,
2026-09-12T11:26:06-05:00,PUR_IED_RafaNu_S1102_281517,PUR_IED_RafaNu_S1102_281517,,,,,
2026-09-12T11:26:06-05:00,PUR_IED_RafaelB_S305_ee2783,PUR_IED_RafaelB_S305_ee2783,,,,,
2026-09-12T11:26:06-05:00,PUR_IED_RafaelB_S306_75fe33,PUR_IED_RafaelB_S306_75fe33,,,,,
2026-09-12T11:26:06-05:00,PUR_IED_RafaelB_ext_283336,PUR_IED_RafaelB_ext_283336,3,20,57,4.6722,-74.0737
2026-09-12T11:26:06-05:00,PUR_IED_RafaelUU_Exterior_281a51,PUR_IED_RafaelUU_Exterior_281a51,,,,,
2026-09-12T11:26:06-05:00,PUR_IED_RafaelUU_Human_806b2,PUR_IED_RafaelUU_Human_806b2,,,,,
2026-09-12T11:26:06-05:00,PUR_IED_RafaelUU_Mate2_5680d4,PUR_IED_RafaelUU_Mate2_5680d4,,,,,
2026-09-12T11:26:06-05:00,PUR_IED_RamonSub_Ext_f9eeb9,PUR_IED_RamonSub_Ext_f9eeb9,,,,,
2026-09-12T11:26:06-05:00,PUR_IED_RamonSub_Media_d1f62f,PUR_IED_RamonSub_Media_d1f62f,,,,,
2026-09-12T11:26:06-05:00,PUR_IED_RamonSub_planta_51b82,PUR_IED_RamonSub_planta_51b82,,,,,
2026-09-12T11:26:06-05:00,PUR_IED_RepBoliVene_Exter_27af7c,PUR_IED_RepBoliVene_Exter_27af7c,,,,,
2026-09-12T11:26:06-05:00,PUR_IED_RepBoliVene_SCPT_5ae2ee,PUR_IED_RepBoliVene_SCPT_5ae2ee,,,,,
2026-09-12T11:26:06-05:00,PUR_IED_RepBoliVene_Socia_4b11d5,PUR_IED_RepBoliVene_Socia_4b11d5,,,,,
2026-09-12T11:26:06-05:00,PUR_IED_RepChina_Ext_76d9ee,PUR_IED_RepChina_Ext_76d9ee,,,,,
2026-09-12T11:26:06-05:00,PUR_IED_RepChina_S404_7c804c,PUR_IED_RepChina_S404_7c804c,,,,,
2026-09-12T11:26:06-05:00,PUR_IED_RepChina_S405_df2c33,PUR_IED_RepChina_S405_df2c33,,,,,
2026-09-12T11:26:06-05:00,PUR_IED_RepublicaC_Exteri_7d1ec9,PUR_IED_RepublicaC_Exteri_7d1ec9,,,,,
2026-09-12T11:26:06-05:00,PUR_IED_RepublicaC_S1101_f544b3,PUR_IED_RepublicaC_S1101_f544b3,,,,,
2026-09-12T11:26:06-05:00,PUR_IED_RepublicaC_S1102_7aafc7,PUR_IED_RepublicaC_S1102_7aafc7,,,,,
2026-09-12T11:26:06-05:00,PUR_IED_Ricaurte_Externo_a0ea1,PUR_IED_Ricaurte_Externo_a0ea1,,,,,
2026-09-12T11:26:06-05:00,PUR_IED_Ricaurte_S210_f546fd,PUR_IED_Ricaurte_S210_f546fd,,,,,
2026-09-12T11:26:06-05:00,PUR_IED_Ricaurte_S309_d4452,PUR_IED_Ricaurte_S309_d4452,,,,,
2026-09-12T11:26:06-05:00,PUR_IED_RogelioS_1102_531e69,PUR_IED_RogelioS_1102_531e69,,,,,
2026-09-12T11:26:06-05:00,PUR_IED_RogelioS_Ext_f25a18,PUR_IED_RogelioS_Ext_f25a18,,,,,
2026-09-12T11:26:06-05:00,PUR_IED_SBernardino_Ext_27aff8,PUR_IED_SBernardino_Ext_27aff8,,,,,
2026-09-12T11:26:06-05:00,PUR_IED_SBernardino_SArte_2ffd33,PUR_IED_SBernardino_SArte_2ffd33,,,,,
2026-09-12T11:26:06-05:00,PUR_IED_SBernardino_SIngl_7c7da5,PUR_IED_SBernardino_SIngl_7c7da5,,,,,
2026-09-12T11:26:06-05:00,PUR_IED_Sago_auditorio_dc9d1d,PUR_IED_Sago_auditorio_dc9d1d,,,,,
2026-09-12T11:26:06-05:00,PUR_IED_Saludcoop_Ext_95aac3,PUR_IED_Saludcoop_Ext_95aac3,,,,,
2026-09-12T11:26:06-05:00,PUR_IED_Saludcoop_InfI_90c854,PUR_IED_Saludcoop_InfI_90c854,,,,,
2026-09-12T11:26:06-05:00,PUR_IED_Saludcoop_SMedia_1b93be,PUR_IED_Saludcoop_SMedia_1b93be,,,,,
2026-09-12T11:26:06-05:00,PUR_IED_SanCarlos_1101_1a2360,PUR_IED_SanCarlos_1101_1a2360,,,,,
2026-09-12T11:26:06-05:00,PUR_IED_SanCarlos_1103_7bafb5,PUR_IED_SanCarlos_1103_7bafb5,,,,,
2026-09-12T11:26:06-05:00,PUR_IED_SanCarlos_Ext_b7cd1,PUR_IED_SanCarlos_Ext_b7cd1,,,,,
2026-09-12T11:26:06-05:00,PUR_IED_SanIgnacioBosa11a_50c26e,PUR_IED_SanIgnacioBosa11a_50c26e,,,,,
2026-09-12T11:26:06-05:00,PUR_IED_SanIgnacioBosa11b_371de8,PUR_IED_SanIgnacioBosa11b_371de8,,,,,
2026-09-12T11:26:06-05:00,PUR_IED_SanIgnacioBosaExt_ef0ffc,PUR_IED_SanIgnacioBosaExt_ef0ffc,,,,,
2026-09-12T11:26:06-05:00,PUR_IED_SanIgnacioBosa_11a_50c26e,PUR_IED_SanIgnacioBosa_11a_50c26e,,,,,
2026-09-12T11:26:06-05:00,PUR_IED_SanIgnacioBosa_Ext_ef0ffc,PUR_IED_SanIgnacioBosa_Ext_ef0ffc,,,,,
2026-09-12T11:26:06-05:00,PUR_IED_SanJoseN_intS1101_31c47f,PUR_IED_SanJoseN_intS1101_31c47f,,,,,
2026-09-12T11:26:06-05:00,PUR_IED_SanJoseUsm_Exter_f5d7e8,PUR_IED_SanJoseUsm_Exter_f5d7e8,,,,,
2026-09-12T11:26:06-05:00,PUR_IED_SanJoseUsm_Int11A_cfdef6,PUR_IED_SanJoseUsm_Int11A_cfdef6,,,,,
2026-09-12T11:26:06-05:00,PUR_IED_SilveriaR_IntB5_905349,PUR_IED_SilveriaR_IntB5_905349,,,,,
2026-09-12T11:26:06-05:00,PUR_IED_SilveriaR_IntSD14_981f93,PUR_IED_SilveriaR_IntSD14_981f93,,,,,
2026-09-12T11:26:06-05:00,PUR_IED_SilveriaR_ext_2b651d,PUR_IED_SilveriaR_ext_2b651d,,,,,
2026-09-12T11:26:06-05:00,PUR_IED_SimonB_Exterior_913975,PUR_IED_SimonB_Exterior_913975,,,,,
2026-09-12T11:26:06-05:00,PUR_IED_SimonB_LabQuimi_c56908,PUR_IED_SimonB_LabQuimi_c56908,,,,,
2026-09-12T11:26:06-05:00,PUR_IED_SimonB_informatic_a28c1,PUR_IED_SimonB_informatic_a28c1,,,,,
2026-09-12T11:26:06-05:00,PUR_IED_Sorrento_1102_315f50,PUR_IED_Sorrento_1102_315f50,,,,,
2026-09-12T11:26:06-05:00,PUR_IED_Sorrento_Minte_214eab,PUR_IED_Sorrento_Minte_214eab,,,,,
2026-09-12T11:26:06-05:00,PUR_IED_Sorrento_ext_7c3a0a,PUR_IED_Sorrento_ext_7c3a0a,,,,,
2026-09-12T11:26:06-05:00,PUR_IED_Tabora_Ext_f048ae,PUR_IED_Tabora_Ext_f048ae,,,,,
2026-09-12T11:26:06-05:00,PUR_IED_Tabora_S1102_b07752,PUR_IED_Tabora_S1102_b07752,,,,,
2026-09-12T11:26:06-05:00,PUR_IED_Tabora_S1103_d988f5,PUR_IED_Tabora_S1103_d988f5,,,,,
2026-09-12T11:26:06-05:00,PUR_IED_Tenerife_Ext_1ab188,PUR_IED_Tenerife_Ext_1ab188,,,,,
2026-09-12T11:26:06-05:00,PUR_IED_Tenerife_SDanzas_7bc02e,PUR_IED_Tenerife_SDanzas_7bc02e,,,,,
2026-09-12T11:26:06-05:00,PUR_IED_Tenerife_SIngles_7cc277,PUR_IED_Tenerife_SIngles_7cc277,,,,,
2026-09-12T11:26:06-05:00,PUR_IED_Tibabuyes_Exter_f2683d,PUR_IED_Tibabuyes_Exter_f2683d,,,,,
2026-09-12T11:26:06-05:00,PUR_IED_Tibabuyes_S10_dc87a8,PUR_IED_Tibabuyes_S10_dc87a8,,,,,
2026-09-12T11:26:06-05:00,PUR_IED_Tibabuyes_S15_dc0526,PUR_IED_Tibabuyes_S15_dc0526,,,,,
2026-09-12T11:26:06-05:00,PUR_IED_UnionE_S301_a1043,PUR_IED_UnionE_S301_a1043,,,,,
2026-09-12T11:26:06-05:00,PUR_IED_UnionE_S307_ff6c2f,PUR_IED_UnionE_S307_ff6c2f,,,,,
2026-09-12T11:26:06-05:00,PUR_IED_UnionE__Ext_5e2468,PUR_IED_UnionE__Ext_5e2468,,,,,
2026-09-12T11:26:06-05:00,PUR_IED_VillaRica_Ext_75be7c,PUR_IED_VillaRica_Ext_75be7c,,,,,
2026-09-12T11:26:06-05:00,PUR_IED_VillaRica_S4_cc5dcd,PUR_IED_VillaRica_S4_cc5dcd,,,,,
2026-09-12T11:26:06-05:00,PUR_IED_VillaRica_Sesp_99f5c,PUR_IED_VillaRica_Sesp_99f5c,,,,,
2026-09-12T11:31:12-05:00,PUR_IED_20deJulio_1101_91b1b9,PUR_IED_20deJulio_1101_91b1b9,,,,,
2026-09-12T11:31:12-05:00,PUR_IED_20deJulio_1102_1cfcf9,PUR_IED_20deJulio_1102_1cfcf9,,,,,
2026-09-12T11:31:12-05:00,PUR_IED_20deJulio_Ext_ab60bd,PUR_IED_20deJulio_Ext_ab60bd,,,,,
2026-09-12T11:31:12-05:00,PUR_IED_AgustinFer_Ext_7b9b77,PUR_IED_AgustinFer_Ext_7b9b77,,,,,
2026-09-12T11:31:12-05:00,PUR_IED_AgustinFer_Info2_27b3a7,PUR_IED_AgustinFer_Info2_27b3a7,,,,,
2026-09-12T11:31:12-05:00,PUR_IED_AgustinFer_Sena_54b4eb,PUR_IED_AgustinFer_Sena_54b4eb,,,,,
2026-09-12T11:31:12-05:00,PUR_IED_AlexanderF_1102_caf07b,PUR_IED_AlexanderF_1102_caf07b,,,,,
2026-09-12T11:31:12-05:00,PUR_IED_AlexanderF_1103_c79e71,PUR_IED_AlexanderF_1103_c79e71,,,,,
2026-09-12T11:31:12-05:00,PUR_IED_AlexanderF_Ext_c5b18b,PUR_IED_AlexanderF_Ext_c5b18b,,,,,
2026-09-12T11:31:12-05:00,PUR_IED_AlfonsoLopez_Ext_281d77,PUR_IED_AlfonsoLopez_Ext_281d77,,,,,
2026-09-12T11:31:12-05:00,PUR_IED_AlfonsoLopez_LabF_888ce0,PUR_IED_AlfonsoLopez_LabF_888ce0,,,,,
2026-09-12T11:31:12-05:00,PUR_IED_AlfonsoLopez_SMed_df6a7f,PUR_IED_AlfonsoLopez_SMed_df6a7f,,,,,
2026-09-12T11:31:12-05:00,PUR_IED_AltamiraSO_A2_209f92,PUR_IED_AltamiraSO_A2_209f92,,,,,
2026-09-12T11:31:12-05:00,PUR_IED_AltamiraSO_Ext_186d66,PUR_IED_AltamiraSO_Ext_186d66,,,,,
2026-09-12T11:31:12-05:00,PUR_IED_AltamiraSO_Sistem_27afe1,PUR_IED_AltamiraSO_Sistem_27afe1,,,,,
2026-09-12T11:31:12-05:00,PUR_IED_AlvaroGom_LabQuim_813179,PUR_IED_AlvaroGom_LabQuim_813179,,,,,
2026-09-12T11:31:12-05:00,PUR_IED_AlvaroGomez_Ext_47c7ca,PUR_IED_AlvaroGomez_Ext_47c7ca,,,,,
2026-09-12T11:31:12-05:00,PUR_IED_AlvaroGomez_LabQuim_813179,PUR_IED_AlvaroGomez_LabQuim_813179,,,,,
2026-09-12T11:31:12-05:00,PUR_IED_AlvaroGomez_S23_7ba89f,PUR_IED_AlvaroGomez_S23_7ba89f,,,,,
2026-09-12T11:31:12-05:00,PUR_IED_Amistad_306_dc8728,PUR_IED_Amistad_306_dc8728,,,,,
2026-09-12T11:31:12-05:00,PUR_IED_Amistad_Ext_8cd55e,PUR_IED_Amistad_Ext_8cd55e,,,,,
2026-09-12T11:31:12-05:00,PUR_IED_Amistad_S202_a41169,PUR_IED_Amistad_S202_a41169,,,,,
2026-09-12T11:31:12-05:00,PUR_IED_AndresBello_Bio_fd5f5e,PUR_IED_AndresBello_Bio_fd5f5e,,,,,
2026-09-12T11:31:12-05:00,PUR_IED_AndresBello_ext_dcad65,PUR_IED_AndresBello_ext_dcad65,,,,,
2026-09-12T11:31:12-05:00,PUR_IED_AndresBello_port_eed3ec,PUR_IED_AndresBello_port_eed3ec,,,,,
2026-09-12T11:31:12-05:00,PUR_IED_AngelaR_11b_d90a6b,PUR_IED_AngelaR_11b_d90a6b,,,,,
2026-09-12T11:31:12-05:00,PUR_IED_AngelaR_ext_7cad3e,PUR_IED_AngelaR_ext_7cad3e,3,21,56,4.5825,-74.164497
2026-09-12T11:31:12-05:00,PUR_IED_AntJoseSucre_10mo_df2575,PUR_IED_AntJoseSucre_10mo_df2575,,,,,
2026-09-12T11:31:12-05:00,PUR_IED_AntJoseSucre_Ext_215b36,PUR_IED_AntJoseSucre_Ext_215b36,,,,,
2026-09-12T11:31:12-05:00,PUR_IED_AntJoseSucre_Lab_3139de,PUR_IED_AntJoseSucre_Lab_3139de,,,,,
2026-09-12T11:31:12-05:00,PUR_IED_AntonioGarcia_301_d6b188,PUR_IED_AntonioGarcia_301_d6b188,,,,,
2026-09-12T11:31:12-05:00,PUR_IED_AntonioGarcia_302_88a82,PUR_IED_AntonioGarcia_302_88a82,,,,,
2026-09-12T11:31:12-05:00,PUR_IED_AntonioGarcia_Ext_20950c,PUR_IED_AntonioGarcia_Ext_20950c,,,,,
2026-09-12T11:31:12-05:00,PUR_IED_AntonioVan_Aula2_6dea02,PUR_IED_AntonioVan_Aula2_6dea02,,,,,
2026-09-12T11:31:12-05:00,PUR_IED_AntonioVan_Aula5_f1557e,PUR_IED_AntonioVan_Aula5_f1557e,,,,,
2026-09-12T11:31:12-05:00,PUR_IED_AntonioVan_Ext_406f2f,PUR_IED_AntonioVan_Ext_406f2f,,,,,
2026-09-12T11:31:12-05:00,PUR_IED_Atabanzha_Ext_cc5af9,PUR_IED_Atabanzha_Ext_cc5af9,,,,,
2026-09-12T11:31:12-05:00,PUR_IED_Atabanzha_SA101_56c37,PUR_IED_Atabanzha_SA101_56c37,,,,,
2026-09-12T11:31:12-05:00,PUR_IED_Atabanzha_SB302_27b374,PUR_IED_Atabanzha_SB302_27b374,,,,,
2026-09-12T11:31:12-05:00,PUR_IED_Atahualpa_Ext_fc1748,PUR_IED_Atahualpa_Ext_fc1748,,,,,
2026-09-12T11:31:12-05:00,PUR_IED_Atahualpa_Informa_dc9a95,PUR_IED_Atahualpa_Informa_dc9a95,,,,,
2026-09-12T11:31:12-05:00,PUR_IED_Atahualpa_S1101_f98056,PUR_IED_Atahualpa_S1101_f98056,,,,,
2026-09-12T11:31:12-05:00,PUR_IED_Bellavista_Ext_f5aa74,PUR_IED_Bellavista_Ext_f5aa74,,,,,
2026-09-12T11:31:12-05:00,PUR_IED_Bilbao_11A_916c41,PUR_IED_Bilbao_11A_916c41,,,,,
2026-09-12T11:31:12-05:00,PUR_IED_Bilbao_Ext_fb579a,PUR_IED_Bilbao_Ext_fb579a,,,,,
2026-09-12T11:31:12-05:00,PUR_IED_BrasiliaU_A125_304280,PUR_IED_BrasiliaU_A125_304280,,,,,
2026-09-12T11:31:12-05:00,PUR_IED_BrasiliaU_A203_7c8ca5,PUR_IED_BrasiliaU_A203_7c8ca5,,,,,
2026-09-12T11:31:12-05:00,PUR_IED_BrasiliaU_Ext_8d6e9f,PUR_IED_BrasiliaU_Ext_8d6e9f,,,,,
2026-09-12T11:31:12-05:00,PUR_IED_Brasilia_Ext_fe6593,PUR_IED_Brasilia_Ext_fe6593,,,,,
2026-09-12T11:31:12-05:00,PUR_IED_Brasilia_S24_7c130d,PUR_IED_Brasilia_S24_7c130d,,,,,
2026-09-12T11:31:12-05:00,PUR_IED_Brasilia_S501_186a54,PUR_IED_Brasilia_S501_186a54,,,,,
2026-09-12T11:31:12-05:00,PUR_IED_CHARRY_EXT_f1d5cd,PUR_IED_CHARRY_EXT_f1d5cd,,,,,
2026-09-12T11:31:12-05:00,PUR_IED_CHARRY_INTDANZAS_7a08e6,PUR_IED_CHARRY_INTDANZAS_7a08e6,,,,,
2026-09-12T11:31:12-05:00,PUR_IED_CHARRY_INT_AULA20_dc998d,PUR_IED_CHARRY_INT_AULA20_dc998d,,,,,
2026-09-12T11:31:12-05:00,PUR_IED_COLVIV_1101_S25_7f520a,PUR_IED_COLVIV_1101_S25_7f520a,,,,,
2026-09-12T11:31:12-05:00,PUR_IED_COLVIV_1102_S16_f570ba,PUR_IED_COLVIV_1102_S16_f570ba,,,,,
2026-09-12T11:31:12-05:00,PUR_IED_COLVIV_Ext_1a26fa,PUR_IED_COLVIV_Ext_1a26fa,,,,,
2026-09-12T11:31:12-05:00,PUR_IED_CULPOP_301A_f660f3,PUR_IED_CULPOP_301A_f660f3,,,,,
2026-09-12T11:31:12-05:00,PUR_IED_CULPOP_303_568afe,PUR_IED_CULPOP_303_568afe,,,,,
2026-09-12T11:31:12-05:00,PUR_IED_CULPOP_Ext_e02ccb,PUR_IED_CULPOP_Ext_e02ccb,,,,,
2026-09-12T11:31:12-05:00,PUR_IED_CVillavicen_Ext_26eb58,PUR_IED_CVillavicen_Ext_26eb58,3,18,71,4.487,-74.102798
2026-09-12T11:31:12-05:00,PUR_IED_CVillavicen_Intel_1ce5c2,PUR_IED_CVillavicen_Intel_1ce5c2,,,,,
2026-09-12T11:31:12-05:00,PUR_IED_CVillavicen_Poliv_e0766c,PUR_IED_CVillavicen_Poliv_e0766c,,,,,
2026-09-12T11:31:12-05:00,PUR_IED_CVillavicen_int_1ba140,PUR_IED_CVillavicen_int_1ba140,,,,,
2026-09-12T11:31:12-05:00,PUR_IED_CVillavicen_intel_1ba140,PUR_IED_CVillavicen_intel_1ba140,,,,,
2026-09-12T11:31:12-05:00,PUR_IED_CarlosPizarro_Ext_e307cc,PUR_IED_CarlosPizarro_Ext_e307cc,,,,,
2026-09-12T11:31:12-05:00,PUR_IED_CarlosPizarro_L36_7e5cdb,PUR_IED_CarlosPizarro_L36_7e5cdb,,,,,
2026-09-12T11:31:12-05:00,PUR_IED_CarlosPizarro_L37_c8566c,PUR_IED_CarlosPizarro_L37_c8566c,,,,,
2026-09-12T11:31:12-05:00,PUR_IED_Castilla_Ext_cf35f,PUR_IED_Castilla_Ext_cf35f,,,,,
2026-09-12T11:31:12-05:00,PUR_IED_Castilla_SFisik_360e38,PUR_IED_Castilla_SFisik_360e38,,,,,
2026-09-12T11:31:12-05:00,PUR_IED_Castilla_Sc304_496fbf,PUR_IED_Castilla_Sc304_496fbf,,,,,
2026-09-12T11:31:12-05:00,PUR_IED_CervantesSa_Ext_6b57b,PUR_IED_CervantesSa_Ext_6b57b,2,20,62,4.5128,-74.117203
2026-09-12T11:31:12-05:00,PUR_IED_CervantesSa_S107_225c2b,PUR_IED_CervantesSa_S107_225c2b,,,,,
2026-09-12T11:31:12-05:00,PUR_IED_CervantesSa_S108_940925,PUR_IED_CervantesSa_S108_940925,,,,,
2026-09-12T11:31:12-05:00,PUR_IED_Charry_A20_f53e7c,PUR_IED_Charry_A20_f53e7c,,,,,
2026-09-12T11:31:12-05:00,PUR_IED_Charry_Ext_f1d5cd,PUR_IED_Charry_Ext_f1d5cd,,,,,
2026-09-12T11:31:12-05:00,PUR_IED_Charry_IntAula20_dc998d,PUR_IED_Charry_IntAula20_dc998d,,,,,
2026-09-12T11:31:12-05:00,PUR_IED_Charry_IntDanzas_7a08e6,PUR_IED_Charry_IntDanzas_7a08e6,,,,,
2026-09-12T11:31:12-05:00,PUR_IED_ClememciaC_203_43e2fc,PUR_IED_ClememciaC_203_43e2fc,,,,,
2026-09-12T11:31:12-05:00,PUR_IED_ClememciaC_Ext_1b411a,PUR_IED_ClememciaC_Ext_1b411a,,,,,
2026-09-12T11:31:12-05:00,PUR_IED_ClememciaC_Quimic_44b5fc,PUR_IED_ClememciaC_Quimic_44b5fc,,,,,
2026-09-12T11:31:12-05:00,PUR_IED_ClemenciaC_203_43e2fc,PUR_IED_ClemenciaC_203_43e2fc,,,,,
2026-09-12T11:31:12-05:00,PUR_IED_ClemenciaC_Ext_1b411a,PUR_IED_ClemenciaC_Ext_1b411a,,,,,
2026-09-12T11:31:12-05:00,PUR_IED_ClemenciaC_Quimic_44b5fc,PUR_IED_ClemenciaC_Quimic_44b5fc,,,,,
2026-09-12T11:31:12-05:00,PUR_IED_ColViva_1101_S25_7f520a,PUR_IED_ColViva_1101_S25_7f520a,,,,,
2026-09-12T11:31:12-05:00,PUR_IED_ColViva_1102_S16_f570ba,PUR_IED_ColViva_1102_S16_f570ba,,,,,
2026-09-12T11:31:12-05:00,PUR_IED_ColViva_Ext_1a26fa,PUR_IED_ColViva_Ext_1a26fa,,,,,
2026-09-12T11:31:12-05:00,PUR_IED_ColegioBici_Asist_7c8798,PUR_IED_ColegioBici_Asist_7c8798,,,,,
2026-09-12T11:31:12-05:00,PUR_IED_ColegioBici_Ext_25cbf6,PUR_IED_ColegioBici_Ext_25cbf6,,,,,
2026-09-12T11:31:12-05:00,PUR_IED_ColegioBici_LabQ_7b57db,PUR_IED_ColegioBici_LabQ_7b57db,,,,,
2026-09-12T11:31:12-05:00,PUR_IED_CostaRica_Ext_5e640,PUR_IED_CostaRica_Ext_5e640,,,,,
2026-09-12T11:31:12-05:00,PUR_IED_CostaRica_Quim1_766d1c,PUR_IED_CostaRica_Quim1_766d1c,,,,,
2026-09-12T11:31:12-05:00,PUR_IED_CostaRica__Fisica_6f0873,PUR_IED_CostaRica__Fisica_6f0873,,,,,
2026-09-12T11:31:12-05:00,PUR_IED_CulPopu_301A_f660f3,PUR_IED_CulPopu_301A_f660f3,,,,,
2026-09-12T11:31:12-05:00,PUR_IED_CulPopu_303_568afe,PUR_IED_CulPopu_303_568afe,,,,,
2026-09-12T11:31:12-05:00,PUR_IED_CulPopu_Ext_e02ccb,PUR_IED_CulPopu_Ext_e02ccb,,,,,
2026-09-12T11:31:12-05:00,PUR_IED_Cundinamarca_Ext_f15985,PUR_IED_Cundinamarca_Ext_f15985,,,,,
2026-09-12T11:31:12-05:00,PUR_IED_Cundinamarca_Info_7aa5d7,PUR_IED_Cundinamarca_Info_7aa5d7,,,,,
2026-09-12T11:31:12-05:00,PUR_IED_Cundinamarca_Tec2_f449c7,PUR_IED_Cundinamarca_Tec2_f449c7,,,,,
2026-09-12T11:31:12-05:00,PUR_IED_DiegoM_Aula1_27b314,PUR_IED_DiegoM_Aula1_27b314,,,,,
2026-09-12T11:31:12-05:00,PUR_IED_DiegoM_Ext_d80ac8,PUR_IED_DiegoM_Ext_d80ac8,,,,,
2026-09-12T11:31:12-05:00,PUR_IED_DiegoM_S25_da928f,PUR_IED_DiegoM_S25_da928f,,,,,
2026-09-12T11:31:12-05:00,PUR_IED_ELRODEO_360881,PUR_IED_ELRODEO_360881,,,,,
2026-09-12T11:31:12-05:00,PUR_IED_ELRODEO_ext_360881,PUR_IED_ELRODEO_ext_360881,,,,,
2026-09-12T11:31:12-05:00,PUR_IED_EduardoU_Ext_1c1969,PUR_IED_EduardoU_Ext_1c1969,,,,,
2026-09-12T11:31:12-05:00,PUR_IED_EduardoU_SCiencia_4dfb94,PUR_IED_EduardoU_SCiencia_4dfb94,,,,,
2026-09-12T11:31:12-05:00,PUR_IED_EduardoU_SQuimica_5a46e7,PUR_IED_EduardoU_SQuimica_5a46e7,,,,,
2026-09-12T11:31:12-05:00,PUR_IED_ElRodeo_Aula14_676984,PUR_IED_ElRodeo_Aula14_676984,,,,,
2026-09-12T11:31:12-05:00,PUR_IED_ElRodeo_Aula16_2dd35b,PUR_IED_ElRodeo_Aula16_2dd35b,,,,,
2026-09-12T11:31:12-05:00,PUR_IED_ElRodeo_Ext_360881,PUR_IED_ElRodeo_Ext_360881,,,,,
2026-09-12T11:31:12-05:00,PUR_IED_ElRodeo_Exterior_8c6d28,PUR_IED_ElRodeo_Exterior_8c6d28,,,,,
2026-09-12T11:31:12-05:00,PUR_IED_ElRodeo_ext_360881,PUR_IED_ElRodeo_ext_360881,,,,,
2026-09-12T11:31:12-05:00,PUR_IED_EmmaReyes_Ext_987625,PUR_IED_EmmaReyes_Ext_987625,4,22,48,4.6367,-74.1511
2026-09-12T11:31:12-05:00,PUR_IED_Ensueño_Ext_7f0250,PUR_IED_Ensueño_Ext_7f0250,,,,,
2026-09-12T11:31:12-05:00,PUR_IED_EscNormal_Ext_5fef3b,PUR_IED_EscNormal_Ext_5fef3b,2,22,52,4.5852,-74.096901
2026-09-12T11:31:12-05:00,PUR_IED_EscNormal_S309_5b263,PUR_IED_EscNormal_S309_5b263,,,,,
2026-09-12T11:31:12-05:00,PUR_IED_EscNormal_S310_27b3b8,PUR_IED_EscNormal_S310_27b3b8,,,,,
2026-09-12T11:31:12-05:00,PUR_IED_Evangelista_Conta_f6cd4f,PUR_IED_Evangelista_Conta_f6cd4f,,,,,
2026-09-12T11:31:12-05:00,PUR_IED_Evangelista_Cri_5e16a,PUR_IED_Evangelista_Cri_5e16a,,,,,
2026-09-12T11:31:12-05:00,PUR_IED_Evangelista_Exter_754066,PUR_IED_Evangelista_Exter_754066,,,,,
2026-09-12T11:31:12-05:00,PUR_IED_FMiranda_S209_5cc2a3,PUR_IED_FMiranda_S209_5cc2a3,,,,,
2026-09-12T11:31:12-05:00,PUR_IED_FMiranda_S303_19e344,PUR_IED_FMiranda_S303_19e344,,,,,
2026-09-12T11:31:12-05:00,PUR_IED_FMiranda_ext_f53e7c,PUR_IED_FMiranda_ext_f53e7c,,,,,
2026-09-12T11:31:12-05:00,PUR_IED_FabioLozano_Bibli_1cee05,PUR_IED_FabioLozano_Bibli_1cee05,,,,,
2026-09-12T11:31:12-05:00,PUR_IED_FabioLozano_Ext_6ea285,PUR_IED_FabioLozano_Ext_6ea285,,,,,
2026-09-12T11:31:12-05:00,PUR_IED_FabioLozano_SLudi_f09e1e,PUR_IED_FabioLozano_SLudi_f09e1e,,,,,
2026-09-12T11:31:12-05:00,PUR_IED_FaustinoS_Aula07_27a731,PUR_IED_FaustinoS_Aula07_27a731,,,,,
2026-09-12T11:31:12-05:00,PUR_IED_FaustinoS_Ext_7b936f,PUR_IED_FaustinoS_Ext_7b936f,,,,,
2026-09-12T11:31:12-05:00,PUR_IED_FaustinoS_Fisica_da2c60,PUR_IED_FaustinoS_Fisica_da2c60,,,,,
2026-09-12T11:31:12-05:00,PUR_IED_FeGarciaLo_Ext_dc68ee,PUR_IED_FeGarciaLo_Ext_dc68ee,,,,,
2026-09-12T11:31:12-05:00,PUR_IED_FeGarciaLo_SDanza_f70a59,PUR_IED_FeGarciaLo_SDanza_f70a59,,,,,
2026-09-12T11:31:12-05:00,PUR_IED_FeGarciaLo_SMusic_125cdd,PUR_IED_FeGarciaLo_SMusic_125cdd,,,,,
2026-09-12T11:31:12-05:00,PUR_IED_FederalAlema_Exte_50c345,PUR_IED_FederalAlema_Exte_50c345,,,,,
2026-09-12T11:31:12-05:00,PUR_IED_FederalAlema_S31_f18371,PUR_IED_FederalAlema_S31_f18371,,,,,
2026-09-12T11:31:12-05:00,PUR_IED_FederalAlema_S901_a62cd,PUR_IED_FederalAlema_S901_a62cd,,,,,
2026-09-12T11:31:12-05:00,PUR_IED_FilarmonicaS_A5_f35eb1,PUR_IED_FilarmonicaS_A5_f35eb1,,,,,
2026-09-12T11:31:12-05:00,PUR_IED_FilarmonicaS_Ext_8a3bde,PUR_IED_FilarmonicaS_Ext_8a3bde,,,,,
2026-09-12T11:31:12-05:00,PUR_IED_FilarmonicaS_Spol_406114,PUR_IED_FilarmonicaS_Spol_406114,,,,,
2026-09-12T11:31:12-05:00,PUR_IED_FlorentinoG_A13_d1fa59,PUR_IED_FlorentinoG_A13_d1fa59,,,,,
2026-09-12T11:31:12-05:00,PUR_IED_FlorentinoG_Ext_1ce6ce,PUR_IED_FlorentinoG_Ext_1ce6ce,,,,,
2026-09-12T11:31:12-05:00,PUR_IED_FlorentinoG_Idiom_a66aac,PUR_IED_FlorentinoG_Idiom_a66aac,,,,,
2026-09-12T11:31:12-05:00,PUR_IED_FranciscoMati_Ext_e3869d,PUR_IED_FranciscoMati_Ext_e3869d,,,,,
2026-09-12T11:31:12-05:00,PUR_IED_FranciscoMati_S13_f31c67,PUR_IED_FranciscoMati_S13_f31c67,,,,,
2026-09-12T11:31:12-05:00,PUR_IED_FranciscoMati_S14_97dead,PUR_IED_FranciscoMati_S14_97dead,,,,,
2026-09-12T11:31:12-05:00,PUR_IED_FranciscoPS_Ext_7bfa9a,PUR_IED_FranciscoPS_Ext_7bfa9a,2,23,52,4.5899,-74.110397
2026-09-12T11:31:12-05:00,PUR_IED_FranciscoPS_Infor_fb8f4c,PUR_IED_FranciscoPS_Infor_fb8f4c,,,,,
2026-09-12T11:31:12-05:00,PUR_IED_FranciscoPS_Quimi_94d39c,PUR_IED_FranciscoPS_Quimi_94d39c,,,,,
2026-09-12T11:31:12-05:00,PUR_IED_FranciscoP_LabQ_d7e148,PUR_IED_FranciscoP_LabQ_d7e148,,,,,
2026-09-12T11:31:12-05:00,PUR_IED_FranciscoP_S28_cf9b30,PUR_IED_FranciscoP_S28_cf9b30,,,,,
2026-09-12T11:31:12-05:00,PUR_IED_FranciscoP_ext_e2313,PUR_IED_FranciscoP_ext_e2313,,,,,
2026-09-12T11:31:12-05:00,PUR_IED_FriederichN_Ext_8ac92a,PUR_IED_FriederichN_Ext_8ac92a,,,,,
2026-09-12T11:31:12-05:00,PUR_IED_FriederichN_S301_dd7e5a,PUR_IED_FriederichN_S301_dd7e5a,,,,,
2026-09-12T11:31:12-05:00,PUR_IED_FriederichN_S308_761f4f,PUR_IED_FriederichN_S308_761f4f,,,,,
2026-09-12T11:31:12-05:00,PUR_IED_GSantander_Aula10_533dd7,PUR_IED_GSantander_Aula10_533dd7,,,,,
2026-09-12T11:31:12-05:00,PUR_IED_GSantander_Aula12_fd4e4f,PUR_IED_GSantander_Aula12_fd4e4f,,,,,
2026-09-12T11:31:12-05:00,PUR_IED_GSantander_Aula310_533dd7,PUR_IED_GSantander_Aula310_533dd7,,,,,
2026-09-12T11:31:12-05:00,PUR_IED_GSantander_Aula312_fd4e4f,PUR_IED_GSantander_Aula312_fd4e4f,,,,,
2026-09-12T11:31:12-05:00,PUR_IED_GSantander_Ext_5f66b0,PUR_IED_GSantander_Ext_5f66b0,,,,,
2026-09-12T11:31:12-05:00,PUR_IED_GYomasa_Ext_f6bea5,PUR_IED_GYomasa_Ext_f6bea5,,,,,
2026-09-12T11:31:12-05:00,PUR_IED_GYomasa_LBiol_2c41aa,PUR_IED_GYomasa_LBiol_2c41aa,,,,,
2026-09-12T11:31:12-05:00,PUR_IED_GYomasa_LQuim_33c80,PUR_IED_GYomasa_LQuim_33c80,,,,,
2026-09-12T11:31:12-05:00,PUR_IED_GabBetMejia_Cienc_5a99c,PUR_IED_GabBetMejia_Cienc_5a99c,,,,,
2026-09-12T11:31:12-05:00,PUR_IED_GabBetMejia_Ext_9153d0,PUR_IED_GabBetMejia_Ext_9153d0,,,,,
2026-09-12T11:31:12-05:00,PUR_IED_GabBetMejia_Lab_f55347,PUR_IED_GabBetMejia_Lab_f55347,,,,,
2026-09-12T11:31:12-05:00,PUR_IED_GabBetanMejia_Ext_9153d0,PUR_IED_GabBetanMejia_Ext_9153d0,,,,,
2026-09-12T11:31:12-05:00,PUR_IED_Gaitana_Aula13_7aac11,PUR_IED_Gaitana_Aula13_7aac11,,,,,
2026-09-12T11:31:12-05:00,PUR_IED_Gaitana_Ext_5fcf4,PUR_IED_Gaitana_Ext_5fcf4,,,,,
2026-09-12T11:31:12-05:00,PUR_IED_Gaitana_LabFisica_644448,PUR_IED_Gaitana_LabFisica_644448,,,,,
2026-09-12T11:31:12-05:00,PUR_IED_GenSantander_Dise_8ac858,PUR_IED_GenSantander_Dise_8ac858,,,,,
2026-09-12T11:31:12-05:00,PUR_IED_GenSantander_Ext_8d5dfe,PUR_IED_GenSantander_Ext_8d5dfe,,,,,
2026-09-12T11:31:12-05:00,PUR_IED_GenSantander_Info_6c25b,PUR_IED_GenSantander_Info_6c25b,,,,,
2026-09-12T11:31:12-05:00,PUR_IED_GustavoMo_Exterio_75e63d,PUR_IED_GustavoMo_Exterio_75e63d,,,,,
2026-09-12T11:31:12-05:00,PUR_IED_GustavoMo_LabFisi_224d37,PUR_IED_GustavoMo_LabFisi_224d37,,,,,
2026-09-12T11:31:12-05:00,PUR_IED_GustavoMo_S208_3e6918,PUR_IED_GustavoMo_S208_3e6918,,,,,
2026-09-12T11:31:12-05:00,PUR_IED_GustavoR_A02_8cd4a8,PUR_IED_GustavoR_A02_8cd4a8,,,,,
2026-09-12T11:31:12-05:00,PUR_IED_GustavoR_B11_5b0ed,PUR_IED_GustavoR_B11_5b0ed,,,,,
2026-09-12T11:31:12-05:00,PUR_IED_GustavoR_Ext_7a0c90,PUR_IED_GustavoR_Ext_7a0c90,,,,,
2026-09-12T11:31:12-05:00,PUR_IED_HernandoDuran_Ext_8cd82b,PUR_IED_HernandoDuran_Ext_8cd82b,,,,,
2026-09-12T11:31:12-05:00,PUR_IED_HernandoDuran_S24_2772c6,PUR_IED_HernandoDuran_S24_2772c6,,,,,
2026-09-12T11:31:12-05:00,PUR_IED_HernandoDuran_S30_f2de41,PUR_IED_HernandoDuran_S30_f2de41,,,,,
2026-09-12T11:31:12-05:00,PUR_IED_HolguInUr_S1101_8cd732,PUR_IED_HolguInUr_S1101_8cd732,,,,,
2026-09-12T11:31:12-05:00,PUR_IED_HolguinUr_Exter_ddae6d,PUR_IED_HolguinUr_Exter_ddae6d,,,,,
2026-09-12T11:31:12-05:00,PUR_IED_HolguinUr_LabQuim_92b952,PUR_IED_HolguinUr_LabQuim_92b952,,,,,
2026-09-12T11:31:12-05:00,PUR_IED_Isabel-II_Ext_5245cc,PUR_IED_Isabel-II_Ext_5245cc,2,20,51,4.6336,-74.153
2026-09-12T11:31:12-05:00,PUR_IED_Isabel-II_S_idiom_1c29aa,PUR_IED_Isabel-II_S_idiom_1c29aa,,,,,
2026-09-12T11:31:12-05:00,PUR_IED_Isabel-II_S_infor_fd741,PUR_IED_Isabel-II_S_infor_fd741,,,,,
2026-09-12T11:31:12-05:00,PUR_IED_IsidroSur_Exterio_5b90ea,PUR_IED_IsidroSur_Exterio_5b90ea,,,,,
2026-09-12T11:31:12-05:00,PUR_IED_IsidroSur_LabTec_56697a,PUR_IED_IsidroSur_LabTec_56697a,,,,,
2026-09-12T11:31:12-05:00,PUR_IED_IsidroSur_Robotic_b7c38f,PUR_IED_IsidroSur_Robotic_b7c38f,,,,,
2026-09-12T11:31:12-05:00,PUR_IED_IsmaelPerd_Ext_7b6672,PUR_IED_IsmaelPerd_Ext_7b6672,,,,,
2026-09-12T11:31:12-05:00,PUR_IED_IsmaelPerd_Inform_306540,PUR_IED_IsmaelPerd_Inform_306540,,,,,
2026-09-12T11:31:12-05:00,PUR_IED_IsmaelPerd_S30_2e2c83,PUR_IED_IsmaelPerd_S30_2e2c83,,,,,
2026-09-12T11:31:12-05:00,PUR_IED_JLozano_Exter_432910,PUR_IED_JLozano_Exter_432910,,,,,
2026-09-12T11:31:12-05:00,PUR_IED_JLozano_salaMulti_df5125,PUR_IED_JLozano_salaMulti_df5125,,,,,
2026-09-12T11:31:12-05:00,PUR_IED_JMCordoba_206_86f80b,PUR_IED_JMCordoba_206_86f80b,,,,,
2026-09-12T11:31:12-05:00,PUR_IED_JMCordoba_Ext_27ad97,PUR_IED_JMCordoba_Ext_27ad97,,,,,
2026-09-12T11:31:12-05:00,PUR_IED_JMCordoba_S310_d59ab4,PUR_IED_JMCordoba_S310_d59ab4,,,,,
2026-09-12T11:31:12-05:00,PUR_IED_Japon_Ext_549100,PUR_IED_Japon_Ext_549100,,,,,
2026-09-12T11:31:12-05:00,PUR_IED_Japon_Laboratorio_bec51d,PUR_IED_Japon_Laboratorio_bec51d,,,,,
2026-09-12T11:31:12-05:00,PUR_IED_Japon_informatica_d99327,PUR_IED_Japon_informatica_d99327,,,,,
2026-09-12T11:31:12-05:00,PUR_IED_Jazmin_Ext_d27bda,PUR_IED_Jazmin_Ext_d27bda,,,,,
2026-09-12T11:31:12-05:00,PUR_IED_Jazmin_Fisica_8d14d7,PUR_IED_Jazmin_Fisica_8d14d7,,,,,
2026-09-12T11:31:12-05:00,PUR_IED_Jazmin_Quimica_801cb5,PUR_IED_Jazmin_Quimica_801cb5,,,,,
2026-09-12T11:31:12-05:00,PUR_IED_JorgeGaitan_Exter_f098d1,PUR_IED_JorgeGaitan_Exter_f098d1,,,,,
2026-09-12T11:31:12-05:00,PUR_IED_JorgeGaitan_STec1_dc9d1d,PUR_IED_JorgeGaitan_STec1_dc9d1d,,,,,
2026-09-12T11:31:12-05:00,PUR_IED_JorgeGaitan_STec2_281e69,PUR_IED_JorgeGaitan_STec2_281e69,,,,,
2026-09-12T11:31:12-05:00,PUR_IED_JorgeSoto_Exterio_d9d0a2,PUR_IED_JorgeSoto_Exterio_d9d0a2,,,,,
2026-09-12T11:31:12-05:00,PUR_IED_JorgeSoto_LabFisi_209c54,PUR_IED_JorgeSoto_LabFisi_209c54,,,,,
2026-09-12T11:31:12-05:00,PUR_IED_JorgeSoto_S103_27b51a,PUR_IED_JorgeSoto_S103_27b51a,,,,,
2026-09-12T11:31:12-05:00,PUR_IED_JoseAcevedo_A02_e965eb,PUR_IED_JoseAcevedo_A02_e965eb,,,,,
2026-09-12T11:31:12-05:00,PUR_IED_JoseAcevedo_A07_dd5b4,PUR_IED_JoseAcevedo_A07_dd5b4,,,,,
2026-09-12T11:31:12-05:00,PUR_IED_JoseAcevedo_Ext_b47484,PUR_IED_JoseAcevedo_Ext_b47484,,,,,
2026-09-12T11:31:12-05:00,PUR_IED_JoseMarti_Exte_5b9bf,PUR_IED_JoseMarti_Exte_5b9bf,,,,,
2026-09-12T11:31:12-05:00,PUR_IED_JoseMarti_LabQuim_1c6c2d,PUR_IED_JoseMarti_LabQuim_1c6c2d,,,,,
2026-09-12T11:31:12-05:00,PUR_IED_JoseMarti_S_info_f5f177,PUR_IED_JoseMarti_S_info_f5f177,,,,,
2026-09-12T11:31:12-05:00,PUR_IED_Josejoaquin_Ext_dfc5dc,PUR_IED_Josejoaquin_Ext_dfc5dc,,,,,
2026-09-12T11:31:12-05:00,PUR_IED_Josejoaquin_S05_5b2a96,PUR_IED_Josejoaquin_S05_5b2a96,,,,,
2026-09-12T11:31:12-05:00,PUR_IED_Josejoaquin_S06_1ce7d2,PUR_IED_Josejoaquin_S06_1ce7d2,,,,,
2026-09-12T11:31:12-05:00,PUR_IED_JulioFlorez_Danza_9b82dd,PUR_IED_JulioFlorez_Danza_9b82dd,,,,,
2026-09-12T11:31:12-05:00,PUR_IED_JulioFlorez_Exter_f9f314,PUR_IED_JulioFlorez_Exter_f9f314,,,,,
2026-09-12T11:31:12-05:00,PUR_IED_JulioFlorez_info2_6b6e08,PUR_IED_JulioFlorez_info2_6b6e08,,,,,
2026-09-12T11:31:12-05:00,PUR_IED_LaBelleza_Aula13_1d00d8,PUR_IED_LaBelleza_Aula13_1d00d8,,,,,
2026-09-12T11:31:12-05:00,PUR_IED_LaBelleza_Ext_7bc08c,PUR_IED_LaBelleza_Ext_7bc08c,,,,,
2026-09-12T11:31:12-05:00,PUR_IED_LaChucua_Ext_8cd6d2,PUR_IED_LaChucua_Ext_8cd6d2,,,,,
2026-09-12T11:31:12-05:00,PUR_IED_LaChucua_S15_f578ce,PUR_IED_LaChucua_S15_f578ce,,,,,
2026-09-12T11:31:12-05:00,PUR_IED_LaChucua_S16_eebcf9,PUR_IED_LaChucua_S16_eebcf9,,,,,
2026-09-12T11:31:12-05:00,PUR_IED_LaFelicidad_Ext_fb5109,PUR_IED_LaFelicidad_Ext_fb5109,,,,,
2026-09-12T11:31:12-05:00,PUR_IED_LaMerced_206_66ebd,PUR_IED_LaMerced_206_66ebd,,,,,
2026-09-12T11:31:12-05:00,PUR_IED_LaMerced_207_6ebd6,PUR_IED_LaMerced_207_6ebd6,,,,,
2026-09-12T11:31:12-05:00,PUR_IED_LaMerced_ext_304311,PUR_IED_LaMerced_ext_304311,,,,,
2026-09-12T11:31:12-05:00,PUR_IED_Laureano_CiencNat_281e5e,PUR_IED_Laureano_CiencNat_281e5e,,,,,
2026-09-12T11:31:12-05:00,PUR_IED_Laureano_Comedor_f65c0a,PUR_IED_Laureano_Comedor_f65c0a,,,,,
2026-09-12T11:31:12-05:00,PUR_IED_Laureano_Exterior_7ab011,PUR_IED_Laureano_Exterior_7ab011,,,,,
2026-09-12T11:31:12-05:00,PUR_IED_LeonGreiff_Exte_dfe560,PUR_IED_LeonGreiff_Exte_dfe560,,,,,
2026-09-12T11:31:12-05:00,PUR_IED_LeonGreiff_S210_f264ed,PUR_IED_LeonGreiff_S210_f264ed,,,,,
2026-09-12T11:31:12-05:00,PUR_IED_LeonGreiff_SQuimi_e8296f,PUR_IED_LeonGreiff_SQuimi_e8296f,,,,,
2026-09-12T11:31:12-05:00,PUR_IED_LlanoOrientalS208_7b9fcd,PUR_IED_LlanoOrientalS208_7b9fcd,,,,,
2026-09-12T11:31:12-05:00,PUR_IED_LlanoOriental_Ext_fb3766,PUR_IED_LlanoOriental_Ext_fb3766,,,,,
2026-09-12T11:31:12-05:00,PUR_IED_LlanoOriental_S208_7b9fcd,PUR_IED_LlanoOriental_S208_7b9fcd,,,,,
2026-09-12T11:31:12-05:00,PUR_IED_LlanoOriental_S9_27b378,PUR_IED_LlanoOriental_S9_27b378,,,,,
2026-09-12T11:31:12-05:00,PUR_IED_LosTejares_1101_477602,PUR_IED_LosTejares_1101_477602,,,,,
2026-09-12T11:31:12-05:00,PUR_IED_LosTejares_11_d2c595,PUR_IED_LosTejares_11_d2c595,,,,,
2026-09-12T11:31:12-05:00,PUR_IED_LosTejares_12_477602,PUR_IED_LosTejares_12_477602,,,,,
2026-09-12T11:31:12-05:00,PUR_IED_LosTejares_Ext_8e2115,PUR_IED_LosTejares_Ext_8e2115,,,,,
2026-09-12T11:31:12-05:00,PUR_IED_MagdalenaO_B202_5ddda3,PUR_IED_MagdalenaO_B202_5ddda3,,,,,
2026-09-12T11:31:12-05:00,PUR_IED_MagdalenaO_B205_fb76e8,PUR_IED_MagdalenaO_B205_fb76e8,,,,,
2026-09-12T11:31:12-05:00,PUR_IED_MagdalenaO_ext_dc69cd,PUR_IED_MagdalenaO_ext_dc69cd,,,,,
2026-09-12T11:31:12-05:00,PUR_IED_ManueCepeda_artes_eee956,PUR_IED_ManueCepeda_artes_eee956,,,,,
2026-09-12T11:31:12-05:00,PUR_IED_ManuelCepeda_Ext_58313,PUR_IED_ManuelCepeda_Ext_58313,,,,,
2026-09-12T11:31:12-05:00,PUR_IED_ManuelCepeda_tec_1c5731,PUR_IED_ManuelCepeda_tec_1c5731,,,,,
2026-09-12T11:31:12-05:00,PUR_IED_ManuelS_Exterior_5b269,PUR_IED_ManuelS_Exterior_5b269,,,,,
2026-09-12T11:31:12-05:00,PUR_IED_ManuelS_Inform_f369ce,PUR_IED_ManuelS_Inform_f369ce,,,,,
2026-09-12T11:31:12-05:00,PUR_IED_ManuelS_SArtes_7d15f1,PUR_IED_ManuelS_SArtes_7d15f1,,,,,
2026-09-12T11:31:12-05:00,PUR_IED_ManuelZapata_303_3ca6,PUR_IED_ManuelZapata_303_3ca6,,,,,
2026-09-12T11:31:12-05:00,PUR_IED_ManuelZapata_311_bfbabc,PUR_IED_ManuelZapata_311_bfbabc,,,,,
2026-09-12T11:31:12-05:00,PUR_IED_ManuelZapata_Ext_50824a,PUR_IED_ManuelZapata_Ext_50824a,,,,,
2026-09-12T11:31:12-05:00,PUR_IED_ManuelitaS_Exteri_656a92,PUR_IED_ManuelitaS_Exteri_656a92,,,,,
2026-09-12T11:31:12-05:00,PUR_IED_ManuelitaS_JuzgDe_f58ec3,PUR_IED_ManuelitaS_JuzgDe_f58ec3,,,,,
2026-09-12T11:31:12-05:00,PUR_IED_ManuelitaS_Recrea_d793db,PUR_IED_ManuelitaS_Recrea_d793db,,,,,
2026-09-12T11:31:12-05:00,PUR_IED_MarFidSuarez_Ext_c27b19,PUR_IED_MarFidSuarez_Ext_c27b19,,,,,
2026-09-12T11:31:12-05:00,PUR_IED_MarFidSuarez_Info_e384d7,PUR_IED_MarFidSuarez_Info_e384d7,,,,,
2026-09-12T11:31:12-05:00,PUR_IED_MarFidSuarez_S306_1d0032,PUR_IED_MarFidSuarez_S306_1d0032,,,,,
2026-09-12T11:31:12-05:00,PUR_IED_Menorah_301_2a25a3,PUR_IED_Menorah_301_2a25a3,,,,,
2026-09-12T11:31:12-05:00,PUR_IED_Menorah_306_37ed3,PUR_IED_Menorah_306_37ed3,,,,,
2026-09-12T11:31:12-05:00,PUR_IED_Menorah_Ext_3e155b,PUR_IED_Menorah_Ext_3e155b,,,,,
2026-09-12T11:31:12-05:00,PUR_IED_MinutoB.Aires_A11_1b1604,PUR_IED_MinutoB.Aires_A11_1b1604,,,,,
2026-09-12T11:31:12-05:00,PUR_IED_MinutoB.Aires_A12_fb5860,PUR_IED_MinutoB.Aires_A12_fb5860,,,,,
2026-09-12T11:31:12-05:00,PUR_IED_MinutoB.Aires_Ext_81293f,PUR_IED_MinutoB.Aires_Ext_81293f,,,,,
2026-09-12T11:31:12-05:00,PUR_IED_MinutoBAires_A11_1b1604,PUR_IED_MinutoBAires_A11_1b1604,,,,,
2026-09-12T11:31:12-05:00,PUR_IED_MinutoBAires_A12_fb5860,PUR_IED_MinutoBAires_A12_fb5860,,,,,
2026-09-12T11:31:12-05:00,PUR_IED_MinutoBAires_Ext_81293f,PUR_IED_MinutoBAires_Ext_81293f,,,,,
2026-09-12T11:31:12-05:00,PUR_IED_Montreal_Aula10_1e4959,PUR_IED_Montreal_Aula10_1e4959,,,,,
2026-09-12T11:31:12-05:00,PUR_IED_Montreal_Aula6_300367,PUR_IED_Montreal_Aula6_300367,,,,,
2026-09-12T11:31:12-05:00,PUR_IED_Montreal_Exterior_91a179,PUR_IED_Montreal_Exterior_91a179,,,,,
2026-09-12T11:31:12-05:00,PUR_IED_Mqgdalena_B202_5ddda3,PUR_IED_Mqgdalena_B202_5ddda3,,,,,
2026-09-12T11:31:12-05:00,PUR_IED_NACUND_Soc_dc8728,PUR_IED_NACUND_Soc_dc8728,,,,,
2026-09-12T11:31:12-05:00,PUR_IED_NACUND_ext_27ad97,PUR_IED_NACUND_ext_27ad97,,,,,
2026-09-12T11:31:12-05:00,PUR_IED_NEsperanza_Ext_d24b61,PUR_IED_NEsperanza_Ext_d24b61,,,,,
2026-09-12T11:31:12-05:00,PUR_IED_NEsperanza_SElect_7d1807,PUR_IED_NEsperanza_SElect_7d1807,,,,,
2026-09-12T11:31:12-05:00,PUR_IED_NEsperanza_SLabor_8b2d0a,PUR_IED_NEsperanza_SLabor_8b2d0a,,,,,
2026-09-12T11:31:12-05:00,PUR_IED_NacionesU_Ext_f661a9,PUR_IED_NacionesU_Ext_f661a9,,,,,
2026-09-12T11:31:12-05:00,PUR_IED_NacionesU_Quimica_66f0a,PUR_IED_NacionesU_Quimica_66f0a,,,,,
2026-09-12T11:31:12-05:00,PUR_IED_NacionesU_S306_1b4b3d,PUR_IED_NacionesU_S306_1b4b3d,,,,,
2026-09-12T11:31:12-05:00,PUR_IED_NestorFA_Ext_e4201c,PUR_IED_NestorFA_Ext_e4201c,,,,,
2026-09-12T11:31:12-05:00,PUR_IED_NestorFA_Laborato_f22fe0,PUR_IED_NestorFA_Laborato_f22fe0,,,,,
2026-09-12T11:31:12-05:00,PUR_IED_NestorFA_S204_dee996,PUR_IED_NestorFA_S204_dee996,,,,,
2026-09-12T11:31:12-05:00,PUR_IED_NidyaQT_Aula03_76999b,PUR_IED_NidyaQT_Aula03_76999b,,,,,
2026-09-12T11:31:12-05:00,PUR_IED_NidyaQT_Aula10_56325,PUR_IED_NidyaQT_Aula10_56325,,,,,
2026-09-12T11:31:12-05:00,PUR_IED_NidyaQT_Ext_46e32d,PUR_IED_NidyaQT_Ext_46e32d,,,,,
2026-09-12T11:31:12-05:00,PUR_IED_NuevaCol_Exterior_d9b859,PUR_IED_NuevaCol_Exterior_d9b859,,,,,
2026-09-12T11:31:12-05:00,PUR_IED_NuevaCol_S1101_76c43b,PUR_IED_NuevaCol_S1101_76c43b,,,,,
2026-09-12T11:31:12-05:00,PUR_IED_NuevaCol_S1102_1ce0b5,PUR_IED_NuevaCol_S1102_1ce0b5,,,,,
2026-09-12T11:31:12-05:00,PUR_IED_OEA_A202_f7e3f2,PUR_IED_OEA_A202_f7e3f2,,,,,
2026-09-12T11:31:12-05:00,PUR_IED_OEA_A203_7d1b8d,PUR_IED_OEA_A203_7d1b8d,,,,,
2026-09-12T11:31:12-05:00,PUR_IED_OEA_Ext_27b593,PUR_IED_OEA_Ext_27b593,,,,,
2026-09-12T11:31:12-05:00,PUR_IED_Ochoa_Ext_1c29da,PUR_IED_Ochoa_Ext_1c29da,,,,,
2026-09-12T11:31:12-05:00,PUR_IED_Ochoa_S205_8b1121,PUR_IED_Ochoa_S205_8b1121,,,,,
2026-09-12T11:31:12-05:00,PUR_IED_Ochoa_Sistemas_f33af6,PUR_IED_Ochoa_Sistemas_f33af6,,,,,
2026-09-12T11:31:12-05:00,PUR_IED_PQuebec_Ext_1c67c7,PUR_IED_PQuebec_Ext_1c67c7,,,,,
2026-09-12T11:31:12-05:00,PUR_IED_PQuebec_S15_23e8e2,PUR_IED_PQuebec_S15_23e8e2,,,,,
2026-09-12T11:31:12-05:00,PUR_IED_PQuebec_S16_8ec76b,PUR_IED_PQuebec_S16_8ec76b,,,,,
2026-09-12T11:31:12-05:00,PUR_IED_PabloN_Ext_49dc96,PUR_IED_PabloN_Ext_49dc96,,,,,
2026-09-12T11:31:12-05:00,PUR_IED_PabloN_S1102_4e3df5,PUR_IED_PabloN_S1102_4e3df5,,,,,
2026-09-12T11:31:12-05:00,PUR_IED_PabloN_S1103_50c94b,PUR_IED_PabloN_S1103_50c94b,,,,,
2026-09-12T11:31:12-05:00,PUR_IED_Palestina_S1101_db9198,PUR_IED_Palestina_S1101_db9198,,,,,
2026-09-12T11:31:12-05:00,PUR_IED_Palestina_S1102_dc54fa,PUR_IED_Palestina_S1102_dc54fa,,,,,
2026-09-12T11:31:12-05:00,PUR_IED_Palestina_ext_4ccce6,PUR_IED_Palestina_ext_4ccce6,,,,,
2026-09-12T11:31:12-05:00,PUR_IED_Panama_Fisica_4d0794,PUR_IED_Panama_Fisica_4d0794,,,,,
2026-09-12T11:31:12-05:00,PUR_IED_Panama_SIngles_a4077e,PUR_IED_Panama_SIngles_a4077e,,,,,
2026-09-12T11:31:12-05:00,PUR_IED_Panama_ext_4c54b4,PUR_IED_Panama_ext_4c54b4,,,,,
2026-09-12T11:31:12-05:00,PUR_IED_ParaisoM_Exterior_8cd7f0,PUR_IED_ParaisoM_Exterior_8cd7f0,,,,,
2026-09-12T11:31:12-05:00,PUR_IED_ParaisoM_Laborato_27af35,PUR_IED_ParaisoM_Laborato_27af35,,,,,
2026-09-12T11:31:12-05:00,PUR_IED_ParaisoM_S304_d1edca,PUR_IED_ParaisoM_S304_d1edca,,,,,
2026-09-12T11:31:12-05:00,PUR_IED_PorfirioBarba_Ext_301466,PUR_IED_PorfirioBarba_Ext_301466,,,,,
2026-09-12T11:31:12-05:00,PUR_IED_PorfirioBarba_S11_df6cd2,PUR_IED_PorfirioBarba_S11_df6cd2,,,,,
2026-09-12T11:31:12-05:00,PUR_IED_PorfirioBarba_S29_27a7d6,PUR_IED_PorfirioBarba_S29_27a7d6,,,,,
2026-09-12T11:31:12-05:00,PUR_IED_PradoV_Exter_8b27ad,PUR_IED_PradoV_Exter_8b27ad,,,,,
2026-09-12T11:31:12-05:00,PUR_IED_PradoV_S301_de65b5,PUR_IED_PradoV_S301_de65b5,,,,,
2026-09-12T11:31:12-05:00,PUR_IED_PradoV_S302_7d2593,PUR_IED_PradoV_S302_7d2593,,,,,
2026-09-12T11:31:12-05:00,PUR_IED_QuirogaAlz_Ext_1ddc82,PUR_IED_QuirogaAlz_Ext_1ddc82,,,,,
2026-09-12T11:31:12-05:00,PUR_IED_QuirogaAlz_S302_9926a3,PUR_IED_QuirogaAlz_S302_9926a3,,,,,
2026-09-12T11:31:12-05:00,PUR_IED_QuirogaAlz_S305_cdf1f1,PUR_IED_QuirogaAlz_S305_cdf1f1,,,,,
2026-09-12T11:31:12-05:00,PUR_IED_RGuatemala_Biling_dc53b7,PUR_IED_RGuatemala_Biling_dc53b7,,,,,
2026-09-12T11:31:12-05:00,PUR_IED_RGuatemala_Ext_1b89a3,PUR_IED_RGuatemala_Ext_1b89a3,,,,,
2026-09-12T11:31:12-05:00,PUR_IED_RGuatemala_Tecnol_281a34,PUR_IED_RGuatemala_Tecnol_281a34,,,,,
2026-09-12T11:31:12-05:00,PUR_IED_RafaNu_Ext_f7c302,PUR_IED_RafaNu_Ext_f7c302,,,,,
2026-09-12T11:31:12-05:00,PUR_IED_RafaNu_S1101_25fde,PUR_IED_RafaNu_S1101_25fde,,,,,
2026-09-12T11:31:12-05:00,PUR_IED_RafaNu_S1102_281517,PUR_IED_RafaNu_S1102_281517,,,,,
2026-09-12T11:31:12-05:00,PUR_IED_RafaelB_S305_ee2783,PUR_IED_RafaelB_S305_ee2783,,,,,
2026-09-12T11:31:12-05:00,PUR_IED_RafaelB_S306_75fe33,PUR_IED_RafaelB_S306_75fe33,,,,,
2026-09-12T11:31:12-05:00,PUR_IED_RafaelB_ext_283336,PUR_IED_RafaelB_ext_283336,2,20,56,4.6722,-74.0737
2026-09-12T11:31:12-05:00,PUR_IED_RafaelUU_Exterior_281a51,PUR_IED_RafaelUU_Exterior_281a51,,,,,
2026-09-12T11:31:12-05:00,PUR_IED_RafaelUU_Human_806b2,PUR_IED_RafaelUU_Human_806b2,,,,,
2026-09-12T11:31:12-05:00,PUR_IED_RafaelUU_Mate2_5680d4,PUR_IED_RafaelUU_Mate2_5680d4,,,,,
2026-09-12T11:31:12-05:00,PUR_IED_RamonSub_Ext_f9eeb9,PUR_IED_RamonSub_Ext_f9eeb9,,,,,
2026-09-12T11:31:12-05:00,PUR_IED_RamonSub_Media_d1f62f,PUR_IED_RamonSub_Media_d1f62f,,,,,
2026-09-12T11:31:12-05:00,PUR_IED_RamonSub_planta_51b82,PUR_IED_RamonSub_planta_51b82,,,,,
2026-09-12T11:31:12-05:00,PUR_IED_RepBoliVene_Exter_27af7c,PUR_IED_RepBoliVene_Exter_27af7c,,,,,
2026-09-12T11:31:12-05:00,PUR_IED_RepBoliVene_SCPT_5ae2ee,PUR_IED_RepBoliVene_SCPT_5ae2ee,,,,,
2026-09-12T11:31:12-05:00,PUR_IED_RepBoliVene_Socia_4b11d5,PUR_IED_RepBoliVene_Socia_4b11d5,,,,,
2026-09-12T11:31:12-05:00,PUR_IED_RepChina_Ext_76d9ee,PUR_IED_RepChina_Ext_76d9ee,,,,,
2026-09-12T11:31:12-05:00,PUR_IED_RepChina_S404_7c804c,PUR_IED_RepChina_S404_7c804c,,,,,
2026-09-12T11:31:12-05:00,PUR_IED_RepChina_S405_df2c33,PUR_IED_RepChina_S405_df2c33,,,,,
2026-09-12T11:31:12-05:00,PUR_IED_RepublicaC_Exteri_7d1ec9,PUR_IED_RepublicaC_Exteri_7d1ec9,,,,,
2026-09-12T11:31:12-05:00,PUR_IED_RepublicaC_S1101_f544b3,PUR_IED_RepublicaC_S1101_f544b3,,,,,
2026-09-12T11:31:12-05:00,PUR_IED_RepublicaC_S1102_7aafc7,PUR_IED_RepublicaC_S1102_7aafc7,,,,,
2026-09-12T11:31:12-05:00,PUR_IED_Ricaurte_Externo_a0ea1,PUR_IED_Ricaurte_Externo_a0ea1,,,,,
2026-09-12T11:31:12-05:00,PUR_IED_Ricaurte_S210_f546fd,PUR_IED_Ricaurte_S210_f546fd,,,,,
2026-09-12T11:31:12-05:00,PUR_IED_Ricaurte_S309_d4452,PUR_IED_Ricaurte_S309_d4452,,,,,
2026-09-12T11:31:12-05:00,PUR_IED_RogelioS_1102_531e69,PUR_IED_RogelioS_1102_531e69,,,,,
2026-09-12T11:31:12-05:00,PUR_IED_RogelioS_Ext_f25a18,PUR_IED_RogelioS_Ext_f25a18,,,,,
2026-09-12T11:31:12-05:00,PUR_IED_SBernardino_Ext_27aff8,PUR_IED_SBernardino_Ext_27aff8,,,,,
2026-09-12T11:31:12-05:00,PUR_IED_SBernardino_SArte_2ffd33,PUR_IED_SBernardino_SArte_2ffd33,,,,,
2026-09-12T11:31:12-05:00,PUR_IED_SBernardino_SIngl_7c7da5,PUR_IED_SBernardino_SIngl_7c7da5,,,,,
2026-09-12T11:31:12-05:00,PUR_IED_Sago_auditorio_dc9d1d,PUR_IED_Sago_auditorio_dc9d1d,,,,,
2026-09-12T11:31:12-05:00,PUR_IED_Saludcoop_Ext_95aac3,PUR_IED_Saludcoop_Ext_95aac3,,,,,
2026-09-12T11:31:12-05:00,PUR_IED_Saludcoop_InfI_90c854,PUR_IED_Saludcoop_InfI_90c854,,,,,
2026-09-12T11:31:12-05:00,PUR_IED_Saludcoop_SMedia_1b93be,PUR_IED_Saludcoop_SMedia_1b93be,,,,,
2026-09-12T11:31:12-05:00,PUR_IED_SanCarlos_1101_1a2360,PUR_IED_SanCarlos_1101_1a2360,,,,,
2026-09-12T11:31:12-05:00,PUR_IED_SanCarlos_1103_7bafb5,PUR_IED_SanCarlos_1103_7bafb5,,,,,
2026-09-12T11:31:12-05:00,PUR_IED_SanCarlos_Ext_b7cd1,PUR_IED_SanCarlos_Ext_b7cd1,,,,,
2026-09-12T11:31:12-05:00,PUR_IED_SanIgnacioBosa11a_50c26e,PUR_IED_SanIgnacioBosa11a_50c26e,,,,,
2026-09-12T11:31:12-05:00,PUR_IED_SanIgnacioBosa11b_371de8,PUR_IED_SanIgnacioBosa11b_371de8,,,,,
2026-09-12T11:31:12-05:00,PUR_IED_SanIgnacioBosaExt_ef0ffc,PUR_IED_SanIgnacioBosaExt_ef0ffc,,,,,
2026-09-12T11:31:12-05:00,PUR_IED_SanIgnacioBosa_11a_50c26e,PUR_IED_SanIgnacioBosa_11a_50c26e,,,,,
2026-09-12T11:31:12-05:00,PUR_IED_SanIgnacioBosa_Ext_ef0ffc,PUR_IED_SanIgnacioBosa_Ext_ef0ffc,,,,,
2026-09-12T11:31:12-05:00,PUR_IED_SanJoseN_intS1101_31c47f,PUR_IED_SanJoseN_intS1101_31c47f,,,,,
2026-09-12T11:31:12-05:00,PUR_IED_SanJoseUsm_Exter_f5d7e8,PUR_IED_SanJoseUsm_Exter_f5d7e8,,,,,
2026-09-12T11:31:12-05:00,PUR_IED_SanJoseUsm_Int11A_cfdef6,PUR_IED_SanJoseUsm_Int11A_cfdef6,,,,,
2026-09-12T11:31:12-05:00,PUR_IED_SilveriaR_IntB5_905349,PUR_IED_SilveriaR_IntB5_905349,,,,,
2026-09-12T11:31:12-05:00,PUR_IED_SilveriaR_IntSD14_981f93,PUR_IED_SilveriaR_IntSD14_981f93,,,,,
2026-09-12T11:31:12-05:00,PUR_IED_SilveriaR_ext_2b651d,PUR_IED_SilveriaR_ext_2b651d,,,,,
2026-09-12T11:31:12-05:00,PUR_IED_SimonB_Exterior_913975,PUR_IED_SimonB_Exterior_913975,,,,,
2026-09-12T11:31:12-05:00,PUR_IED_SimonB_LabQuimi_c56908,PUR_IED_SimonB_LabQuimi_c56908,,,,,
2026-09-12T11:31:12-05:00,PUR_IED_SimonB_informatic_a28c1,PUR_IED_SimonB_informatic_a28c1,,,,,
2026-09-12T11:31:12-05:00,PUR_IED_Sorrento_1102_315f50,PUR_IED_Sorrento_1102_315f50,,,,,
2026-09-12T11:31:12-05:00,PUR_IED_Sorrento_Minte_214eab,PUR_IED_Sorrento_Minte_214eab,,,,,
2026-09-12T11:31:12-05:00,PUR_IED_Sorrento_ext_7c3a0a,PUR_IED_Sorrento_ext_7c3a0a,,,,,
2026-09-12T11:31:12-05:00,PUR_IED_Tabora_Ext_f048ae,PUR_IED_Tabora_Ext_f048ae,,,,,
2026-09-12T11:31:12-05:00,PUR_IED_Tabora_S1102_b07752,PUR_IED_Tabora_S1102_b07752,,,,,
2026-09-12T11:31:12-05:00,PUR_IED_Tabora_S1103_d988f5,PUR_IED_Tabora_S1103_d988f5,,,,,
2026-09-12T11:31:12-05:00,PUR_IED_Tenerife_Ext_1ab188,PUR_IED_Tenerife_Ext_1ab188,,,,,
2026-09-12T11:31:12-05:00,PUR_IED_Tenerife_SDanzas_7bc02e,PUR_IED_Tenerife_SDanzas_7bc02e,,,,,
2026-09-12T11:31:12-05:00,PUR_IED_Tenerife_SIngles_7cc277,PUR_IED_Tenerife_SIngles_7cc277,,,,,
2026-09-12T11:31:12-05:00,PUR_IED_Tibabuyes_Exter_f2683d,PUR_IED_Tibabuyes_Exter_f2683d,,,,,
2026-09-12T11:31:12-05:00,PUR_IED_Tibabuyes_S10_dc87a8,PUR_IED_Tibabuyes_S10_dc87a8,,,,,
2026-09-12T11:31:12-05:00,PUR_IED_Tibabuyes_S15_dc0526,PUR_IED_Tibabuyes_S15_dc0526,,,,,
2026-09-12T11:31:12-05:00,PUR_IED_UnionE_S301_a1043,PUR_IED_UnionE_S301_a1043,,,,,
2026-09-12T11:31:12-05:00,PUR_IED_UnionE_S307_ff6c2f,PUR_IED_UnionE_S307_ff6c2f,,,,,
2026-09-12T11:31:12-05:00,PUR_IED_UnionE__Ext_5e2468,PUR_IED_UnionE__Ext_5e2468,,,,,
2026-09-12T11:31:12-05:00,PUR_IED_VillaRica_Ext_75be7c,PUR_IED_VillaRica_Ext_75be7c,,,,,
2026-09-12T11:31:12-05:00,PUR_IED_VillaRica_S4_cc5dcd,PUR_IED_VillaRica_S4_cc5dcd,,,,,
2026-09-12T11:31:12-05:00,PUR_IED_VillaRica_Sesp_99f5c,PUR_IED_VillaRica_Sesp_99f5c,,,,,
2026-09-12T11:36:07-05:00,PUR_IED_20deJulio_1101_91b1b9,PUR_IED_20deJulio_1101_91b1b9,,,,,
2026-09-12T11:36:07-05:00,PUR_IED_20deJulio_1102_1cfcf9,PUR_IED_20deJulio_1102_1cfcf9,,,,,
2026-09-12T11:36:07-05:00,PUR_IED_20deJulio_Ext_ab60bd,PUR_IED_20deJulio_Ext_ab60bd,,,,,
2026-09-12T11:36:07-05:00,PUR_IED_AgustinFer_Ext_7b9b77,PUR_IED_AgustinFer_Ext_7b9b77,,,,,
2026-09-12T11:36:07-05:00,PUR_IED_AgustinFer_Info2_27b3a7,PUR_IED_AgustinFer_Info2_27b3a7,,,,,
2026-09-12T11:36:07-05:00,PUR_IED_AgustinFer_Sena_54b4eb,PUR_IED_AgustinFer_Sena_54b4eb,,,,,
2026-09-12T11:36:07-05:00,PUR_IED_AlexanderF_1102_caf07b,PUR_IED_AlexanderF_1102_caf07b,,,,,
2026-09-12T11:36:07-05:00,PUR_IED_AlexanderF_1103_c79e71,PUR_IED_AlexanderF_1103_c79e71,,,,,
2026-09-12T11:36:07-05:00,PUR_IED_AlexanderF_Ext_c5b18b,PUR_IED_AlexanderF_Ext_c5b18b,,,,,
2026-09-12T11:36:07-05:00,PUR_IED_AlfonsoLopez_Ext_281d77,PUR_IED_AlfonsoLopez_Ext_281d77,,,,,
2026-09-12T11:36:07-05:00,PUR_IED_AlfonsoLopez_LabF_888ce0,PUR_IED_AlfonsoLopez_LabF_888ce0,,,,,
2026-09-12T11:36:07-05:00,PUR_IED_AlfonsoLopez_SMed_df6a7f,PUR_IED_AlfonsoLopez_SMed_df6a7f,,,,,
2026-09-12T11:36:07-05:00,PUR_IED_AltamiraSO_A2_209f92,PUR_IED_AltamiraSO_A2_209f92,,,,,
2026-09-12T11:36:07-05:00,PUR_IED_AltamiraSO_Ext_186d66,PUR_IED_AltamiraSO_Ext_186d66,,,,,
2026-09-12T11:36:07-05:00,PUR_IED_AltamiraSO_Sistem_27afe1,PUR_IED_AltamiraSO_Sistem_27afe1,,,,,
2026-09-12T11:36:07-05:00,PUR_IED_AlvaroGom_LabQuim_813179,PUR_IED_AlvaroGom_LabQuim_813179,,,,,
2026-09-12T11:36:07-05:00,PUR_IED_AlvaroGomez_Ext_47c7ca,PUR_IED_AlvaroGomez_Ext_47c7ca,,,,,
2026-09-12T11:36:07-05:00,PUR_IED_AlvaroGomez_LabQuim_813179,PUR_IED_AlvaroGomez_LabQuim_813179,,,,,
2026-09-12T11:36:07-05:00,PUR_IED_AlvaroGomez_S23_7ba89f,PUR_IED_AlvaroGomez_S23_7ba89f,,,,,
2026-09-12T11:36:07-05:00,PUR_IED_Amistad_306_dc8728,PUR_IED_Amistad_306_dc8728,,,,,
2026-09-12T11:36:07-05:00,PUR_IED_Amistad_Ext_8cd55e,PUR_IED_Amistad_Ext_8cd55e,,,,,
2026-09-12T11:36:07-05:00,PUR_IED_Amistad_S202_a41169,PUR_IED_Amistad_S202_a41169,,,,,
2026-09-12T11:36:07-05:00,PUR_IED_AndresBello_Bio_fd5f5e,PUR_IED_AndresBello_Bio_fd5f5e,,,,,
2026-09-12T11:36:07-05:00,PUR_IED_AndresBello_ext_dcad65,PUR_IED_AndresBello_ext_dcad65,,,,,
2026-09-12T11:36:07-05:00,PUR_IED_AndresBello_port_eed3ec,PUR_IED_AndresBello_port_eed3ec,,,,,
2026-09-12T11:36:07-05:00,PUR_IED_AngelaR_11b_d90a6b,PUR_IED_AngelaR_11b_d90a6b,,,,,
2026-09-12T11:36:07-05:00,PUR_IED_AngelaR_ext_7cad3e,PUR_IED_AngelaR_ext_7cad3e,3,21,56,4.5825,-74.164497
2026-09-12T11:36:07-05:00,PUR_IED_AntJoseSucre_10mo_df2575,PUR_IED_AntJoseSucre_10mo_df2575,,,,,
2026-09-12T11:36:07-05:00,PUR_IED_AntJoseSucre_Ext_215b36,PUR_IED_AntJoseSucre_Ext_215b36,,,,,
2026-09-12T11:36:07-05:00,PUR_IED_AntJoseSucre_Lab_3139de,PUR_IED_AntJoseSucre_Lab_3139de,,,,,
2026-09-12T11:36:07-05:00,PUR_IED_AntonioGarcia_301_d6b188,PUR_IED_AntonioGarcia_301_d6b188,,,,,
2026-09-12T11:36:07-05:00,PUR_IED_AntonioGarcia_302_88a82,PUR_IED_AntonioGarcia_302_88a82,,,,,
2026-09-12T11:36:07-05:00,PUR_IED_AntonioGarcia_Ext_20950c,PUR_IED_AntonioGarcia_Ext_20950c,,,,,
2026-09-12T11:36:07-05:00,PUR_IED_AntonioVan_Aula2_6dea02,PUR_IED_AntonioVan_Aula2_6dea02,,,,,
2026-09-12T11:36:07-05:00,PUR_IED_AntonioVan_Aula5_f1557e,PUR_IED_AntonioVan_Aula5_f1557e,,,,,
2026-09-12T11:36:07-05:00,PUR_IED_AntonioVan_Ext_406f2f,PUR_IED_AntonioVan_Ext_406f2f,,,,,
2026-09-12T11:36:07-05:00,PUR_IED_Atabanzha_Ext_cc5af9,PUR_IED_Atabanzha_Ext_cc5af9,,,,,
2026-09-12T11:36:07-05:00,PUR_IED_Atabanzha_SA101_56c37,PUR_IED_Atabanzha_SA101_56c37,,,,,
2026-09-12T11:36:07-05:00,PUR_IED_Atabanzha_SB302_27b374,PUR_IED_Atabanzha_SB302_27b374,,,,,
2026-09-12T11:36:07-05:00,PUR_IED_Atahualpa_Ext_fc1748,PUR_IED_Atahualpa_Ext_fc1748,,,,,
2026-09-12T11:36:07-05:00,PUR_IED_Atahualpa_Informa_dc9a95,PUR_IED_Atahualpa_Informa_dc9a95,,,,,
2026-09-12T11:36:07-05:00,PUR_IED_Atahualpa_S1101_f98056,PUR_IED_Atahualpa_S1101_f98056,,,,,
2026-09-12T11:36:07-05:00,PUR_IED_Bellavista_Ext_f5aa74,PUR_IED_Bellavista_Ext_f5aa74,,,,,
2026-09-12T11:36:07-05:00,PUR_IED_Bilbao_11A_916c41,PUR_IED_Bilbao_11A_916c41,,,,,
2026-09-12T11:36:07-05:00,PUR_IED_Bilbao_Ext_fb579a,PUR_IED_Bilbao_Ext_fb579a,,,,,
2026-09-12T11:36:07-05:00,PUR_IED_BrasiliaU_A125_304280,PUR_IED_BrasiliaU_A125_304280,,,,,
2026-09-12T11:36:07-05:00,PUR_IED_BrasiliaU_A203_7c8ca5,PUR_IED_BrasiliaU_A203_7c8ca5,,,,,
2026-09-12T11:36:07-05:00,PUR_IED_BrasiliaU_Ext_8d6e9f,PUR_IED_BrasiliaU_Ext_8d6e9f,,,,,
2026-09-12T11:36:07-05:00,PUR_IED_Brasilia_Ext_fe6593,PUR_IED_Brasilia_Ext_fe6593,,,,,
2026-09-12T11:36:07-05:00,PUR_IED_Brasilia_S24_7c130d,PUR_IED_Brasilia_S24_7c130d,,,,,
2026-09-12T11:36:07-05:00,PUR_IED_Brasilia_S501_186a54,PUR_IED_Brasilia_S501_186a54,,,,,
2026-09-12T11:36:07-05:00,PUR_IED_CHARRY_EXT_f1d5cd,PUR_IED_CHARRY_EXT_f1d5cd,,,,,
2026-09-12T11:36:07-05:00,PUR_IED_CHARRY_INTDANZAS_7a08e6,PUR_IED_CHARRY_INTDANZAS_7a08e6,,,,,
2026-09-12T11:36:07-05:00,PUR_IED_CHARRY_INT_AULA20_dc998d,PUR_IED_CHARRY_INT_AULA20_dc998d,,,,,
2026-09-12T11:36:07-05:00,PUR_IED_COLVIV_1101_S25_7f520a,PUR_IED_COLVIV_1101_S25_7f520a,,,,,
2026-09-12T11:36:07-05:00,PUR_IED_COLVIV_1102_S16_f570ba,PUR_IED_COLVIV_1102_S16_f570ba,,,,,
2026-09-12T11:36:07-05:00,PUR_IED_COLVIV_Ext_1a26fa,PUR_IED_COLVIV_Ext_1a26fa,,,,,
2026-09-12T11:36:07-05:00,PUR_IED_CULPOP_301A_f660f3,PUR_IED_CULPOP_301A_f660f3,,,,,
2026-09-12T11:36:07-05:00,PUR_IED_CULPOP_303_568afe,PUR_IED_CULPOP_303_568afe,,,,,
2026-09-12T11:36:07-05:00,PUR_IED_CULPOP_Ext_e02ccb,PUR_IED_CULPOP_Ext_e02ccb,,,,,
2026-09-12T11:36:07-05:00,PUR_IED_CVillavicen_Ext_26eb58,PUR_IED_CVillavicen_Ext_26eb58,4,18,72,4.487,-74.102798
2026-09-12T11:36:07-05:00,PUR_IED_CVillavicen_Intel_1ce5c2,PUR_IED_CVillavicen_Intel_1ce5c2,,,,,
2026-09-12T11:36:07-05:00,PUR_IED_CVillavicen_Poliv_e0766c,PUR_IED_CVillavicen_Poliv_e0766c,,,,,
2026-09-12T11:36:07-05:00,PUR_IED_CVillavicen_int_1ba140,PUR_IED_CVillavicen_int_1ba140,,,,,
2026-09-12T11:36:07-05:00,PUR_IED_CVillavicen_intel_1ba140,PUR_IED_CVillavicen_intel_1ba140,,,,,
2026-09-12T11:36:07-05:00,PUR_IED_CarlosPizarro_Ext_e307cc,PUR_IED_CarlosPizarro_Ext_e307cc,,,,,
2026-09-12T11:36:07-05:00,PUR_IED_CarlosPizarro_L36_7e5cdb,PUR_IED_CarlosPizarro_L36_7e5cdb,,,,,
2026-09-12T11:36:07-05:00,PUR_IED_CarlosPizarro_L37_c8566c,PUR_IED_CarlosPizarro_L37_c8566c,,,,,
2026-09-12T11:36:07-05:00,PUR_IED_Castilla_Ext_cf35f,PUR_IED_Castilla_Ext_cf35f,,,,,
2026-09-12T11:36:07-05:00,PUR_IED_Castilla_SFisik_360e38,PUR_IED_Castilla_SFisik_360e38,,,,,
2026-09-12T11:36:07-05:00,PUR_IED_Castilla_Sc304_496fbf,PUR_IED_Castilla_Sc304_496fbf,,,,,
2026-09-12T11:36:07-05:00,PUR_IED_CervantesSa_Ext_6b57b,PUR_IED_CervantesSa_Ext_6b57b,3,20,61,4.5128,-74.117203
2026-09-12T11:36:07-05:00,PUR_IED_CervantesSa_S107_225c2b,PUR_IED_CervantesSa_S107_225c2b,,,,,
2026-09-12T11:36:07-05:00,PUR_IED_CervantesSa_S108_940925,PUR_IED_CervantesSa_S108_940925,,,,,
2026-09-12T11:36:07-05:00,PUR_IED_Charry_A20_f53e7c,PUR_IED_Charry_A20_f53e7c,,,,,
2026-09-12T11:36:07-05:00,PUR_IED_Charry_Ext_f1d5cd,PUR_IED_Charry_Ext_f1d5cd,,,,,
2026-09-12T11:36:07-05:00,PUR_IED_Charry_IntAula20_dc998d,PUR_IED_Charry_IntAula20_dc998d,,,,,
2026-09-12T11:36:07-05:00,PUR_IED_Charry_IntDanzas_7a08e6,PUR_IED_Charry_IntDanzas_7a08e6,,,,,
2026-09-12T11:36:07-05:00,PUR_IED_ClememciaC_203_43e2fc,PUR_IED_ClememciaC_203_43e2fc,,,,,
2026-09-12T11:36:07-05:00,PUR_IED_ClememciaC_Ext_1b411a,PUR_IED_ClememciaC_Ext_1b411a,,,,,
2026-09-12T11:36:07-05:00,PUR_IED_ClememciaC_Quimic_44b5fc,PUR_IED_ClememciaC_Quimic_44b5fc,,,,,
2026-09-12T11:36:07-05:00,PUR_IED_ClemenciaC_203_43e2fc,PUR_IED_ClemenciaC_203_43e2fc,,,,,
2026-09-12T11:36:07-05:00,PUR_IED_ClemenciaC_Ext_1b411a,PUR_IED_ClemenciaC_Ext_1b411a,,,,,
2026-09-12T11:36:07-05:00,PUR_IED_ClemenciaC_Quimic_44b5fc,PUR_IED_ClemenciaC_Quimic_44b5fc,,,,,
2026-09-12T11:36:07-05:00,PUR_IED_ColViva_1101_S25_7f520a,PUR_IED_ColViva_1101_S25_7f520a,,,,,
2026-09-12T11:36:07-05:00,PUR_IED_ColViva_1102_S16_f570ba,PUR_IED_ColViva_1102_S16_f570ba,,,,,
2026-09-12T11:36:07-05:00,PUR_IED_ColViva_Ext_1a26fa,PUR_IED_ColViva_Ext_1a26fa,,,,,
2026-09-12T11:36:07-05:00,PUR_IED_ColegioBici_Asist_7c8798,PUR_IED_ColegioBici_Asist_7c8798,,,,,
2026-09-12T11:36:07-05:00,PUR_IED_ColegioBici_Ext_25cbf6,PUR_IED_ColegioBici_Ext_25cbf6,,,,,
2026-09-12T11:36:07-05:00,PUR_IED_ColegioBici_LabQ_7b57db,PUR_IED_ColegioBici_LabQ_7b57db,,,,,
2026-09-12T11:36:07-05:00,PUR_IED_CostaRica_Ext_5e640,PUR_IED_CostaRica_Ext_5e640,,,,,
2026-09-12T11:36:07-05:00,PUR_IED_CostaRica_Quim1_766d1c,PUR_IED_CostaRica_Quim1_766d1c,,,,,
2026-09-12T11:36:07-05:00,PUR_IED_CostaRica__Fisica_6f0873,PUR_IED_CostaRica__Fisica_6f0873,,,,,
2026-09-12T11:36:07-05:00,PUR_IED_CulPopu_301A_f660f3,PUR_IED_CulPopu_301A_f660f3,,,,,
2026-09-12T11:36:07-05:00,PUR_IED_CulPopu_303_568afe,PUR_IED_CulPopu_303_568afe,,,,,
2026-09-12T11:36:07-05:00,PUR_IED_CulPopu_Ext_e02ccb,PUR_IED_CulPopu_Ext_e02ccb,,,,,
2026-09-12T11:36:07-05:00,PUR_IED_Cundinamarca_Ext_f15985,PUR_IED_Cundinamarca_Ext_f15985,,,,,
2026-09-12T11:36:07-05:00,PUR_IED_Cundinamarca_Info_7aa5d7,PUR_IED_Cundinamarca_Info_7aa5d7,,,,,
2026-09-12T11:36:07-05:00,PUR_IED_Cundinamarca_Tec2_f449c7,PUR_IED_Cundinamarca_Tec2_f449c7,,,,,
2026-09-12T11:36:07-05:00,PUR_IED_DiegoM_Aula1_27b314,PUR_IED_DiegoM_Aula1_27b314,,,,,
2026-09-12T11:36:07-05:00,PUR_IED_DiegoM_Ext_d80ac8,PUR_IED_DiegoM_Ext_d80ac8,,,,,
2026-09-12T11:36:07-05:00,PUR_IED_DiegoM_S25_da928f,PUR_IED_DiegoM_S25_da928f,,,,,
2026-09-12T11:36:07-05:00,PUR_IED_ELRODEO_360881,PUR_IED_ELRODEO_360881,,,,,
2026-09-12T11:36:07-05:00,PUR_IED_ELRODEO_ext_360881,PUR_IED_ELRODEO_ext_360881,,,,,
2026-09-12T11:36:07-05:00,PUR_IED_EduardoU_Ext_1c1969,PUR_IED_EduardoU_Ext_1c1969,,,,,
2026-09-12T11:36:07-05:00,PUR_IED_EduardoU_SCiencia_4dfb94,PUR_IED_EduardoU_SCiencia_4dfb94,,,,,
2026-09-12T11:36:07-05:00,PUR_IED_EduardoU_SQuimica_5a46e7,PUR_IED_EduardoU_SQuimica_5a46e7,,,,,
2026-09-12T11:36:07-05:00,PUR_IED_ElRodeo_Aula14_676984,PUR_IED_ElRodeo_Aula14_676984,,,,,
2026-09-12T11:36:07-05:00,PUR_IED_ElRodeo_Aula16_2dd35b,PUR_IED_ElRodeo_Aula16_2dd35b,,,,,
2026-09-12T11:36:07-05:00,PUR_IED_ElRodeo_Ext_360881,PUR_IED_ElRodeo_Ext_360881,,,,,
2026-09-12T11:36:07-05:00,PUR_IED_ElRodeo_Exterior_8c6d28,PUR_IED_ElRodeo_Exterior_8c6d28,,,,,
2026-09-12T11:36:07-05:00,PUR_IED_ElRodeo_ext_360881,PUR_IED_ElRodeo_ext_360881,,,,,
2026-09-12T11:36:07-05:00,PUR_IED_EmmaReyes_Ext_987625,PUR_IED_EmmaReyes_Ext_987625,3,22,47,4.6367,-74.1511
2026-09-12T11:36:07-05:00,PUR_IED_Ensueño_Ext_7f0250,PUR_IED_Ensueño_Ext_7f0250,,,,,
2026-09-12T11:36:07-05:00,PUR_IED_EscNormal_Ext_5fef3b,PUR_IED_EscNormal_Ext_5fef3b,2,22,53,4.5852,-74.096901
2026-09-12T11:36:07-05:00,PUR_IED_EscNormal_S309_5b263,PUR_IED_EscNormal_S309_5b263,,,,,
2026-09-12T11:36:07-05:00,PUR_IED_EscNormal_S310_27b3b8,PUR_IED_EscNormal_S310_27b3b8,,,,,
2026-09-12T11:36:07-05:00,PUR_IED_Evangelista_Conta_f6cd4f,PUR_IED_Evangelista_Conta_f6cd4f,,,,,
2026-09-12T11:36:07-05:00,PUR_IED_Evangelista_Cri_5e16a,PUR_IED_Evangelista_Cri_5e16a,,,,,
2026-09-12T11:36:07-05:00,PUR_IED_Evangelista_Exter_754066,PUR_IED_Evangelista_Exter_754066,,,,,
2026-09-12T11:36:07-05:00,PUR_IED_FMiranda_S209_5cc2a3,PUR_IED_FMiranda_S209_5cc2a3,,,,,
2026-09-12T11:36:07-05:00,PUR_IED_FMiranda_S303_19e344,PUR_IED_FMiranda_S303_19e344,,,,,
2026-09-12T11:36:07-05:00,PUR_IED_FMiranda_ext_f53e7c,PUR_IED_FMiranda_ext_f53e7c,,,,,
2026-09-12T11:36:07-05:00,PUR_IED_FabioLozano_Bibli_1cee05,PUR_IED_FabioLozano_Bibli_1cee05,,,,,
2026-09-12T11:36:07-05:00,PUR_IED_FabioLozano_Ext_6ea285,PUR_IED_FabioLozano_Ext_6ea285,,,,,
2026-09-12T11:36:07-05:00,PUR_IED_FabioLozano_SLudi_f09e1e,PUR_IED_FabioLozano_SLudi_f09e1e,,,,,
2026-09-12T11:36:07-05:00,PUR_IED_FaustinoS_Aula07_27a731,PUR_IED_FaustinoS_Aula07_27a731,,,,,
2026-09-12T11:36:07-05:00,PUR_IED_FaustinoS_Ext_7b936f,PUR_IED_FaustinoS_Ext_7b936f,,,,,
2026-09-12T11:36:07-05:00,PUR_IED_FaustinoS_Fisica_da2c60,PUR_IED_FaustinoS_Fisica_da2c60,,,,,
2026-09-12T11:36:07-05:00,PUR_IED_FeGarciaLo_Ext_dc68ee,PUR_IED_FeGarciaLo_Ext_dc68ee,,,,,
2026-09-12T11:36:07-05:00,PUR_IED_FeGarciaLo_SDanza_f70a59,PUR_IED_FeGarciaLo_SDanza_f70a59,,,,,
2026-09-12T11:36:07-05:00,PUR_IED_FeGarciaLo_SMusic_125cdd,PUR_IED_FeGarciaLo_SMusic_125cdd,,,,,
2026-09-12T11:36:07-05:00,PUR_IED_FederalAlema_Exte_50c345,PUR_IED_FederalAlema_Exte_50c345,,,,,
2026-09-12T11:36:07-05:00,PUR_IED_FederalAlema_S31_f18371,PUR_IED_FederalAlema_S31_f18371,,,,,
2026-09-12T11:36:07-05:00,PUR_IED_FederalAlema_S901_a62cd,PUR_IED_FederalAlema_S901_a62cd,,,,,
2026-09-12T11:36:07-05:00,PUR_IED_FilarmonicaS_A5_f35eb1,PUR_IED_FilarmonicaS_A5_f35eb1,,,,,
2026-09-12T11:36:07-05:00,PUR_IED_FilarmonicaS_Ext_8a3bde,PUR_IED_FilarmonicaS_Ext_8a3bde,,,,,
2026-09-12T11:36:07-05:00,PUR_IED_FilarmonicaS_Spol_406114,PUR_IED_FilarmonicaS_Spol_406114,,,,,
2026-09-12T11:36:07-05:00,PUR_IED_FlorentinoG_A13_d1fa59,PUR_IED_FlorentinoG_A13_d1fa59,,,,,
2026-09-12T11:36:07-05:00,PUR_IED_FlorentinoG_Ext_1ce6ce,PUR_IED_FlorentinoG_Ext_1ce6ce,,,,,
2026-09-12T11:36:07-05:00,PUR_IED_FlorentinoG_Idiom_a66aac,PUR_IED_FlorentinoG_Idiom_a66aac,,,,,
2026-09-12T11:36:07-05:00,PUR_IED_FranciscoMati_Ext_e3869d,PUR_IED_FranciscoMati_Ext_e3869d,,,,,
2026-09-12T11:36:07-05:00,PUR_IED_FranciscoMati_S13_f31c67,PUR_IED_FranciscoMati_S13_f31c67,,,,,
2026-09-12T11:36:07-05:00,PUR_IED_FranciscoMati_S14_97dead,PUR_IED_FranciscoMati_S14_97dead,,,,,
2026-09-12T11:36:07-05:00,PUR_IED_FranciscoPS_Ext_7bfa9a,PUR_IED_FranciscoPS_Ext_7bfa9a,2,23,51,4.5899,-74.110397
2026-09-12T11:36:07-05:00,PUR_IED_FranciscoPS_Infor_fb8f4c,PUR_IED_FranciscoPS_Infor_fb8f4c,,,,,
2026-09-12T11:36:07-05:00,PUR_IED_FranciscoPS_Quimi_94d39c,PUR_IED_FranciscoPS_Quimi_94d39c,,,,,
2026-09-12T11:36:07-05:00,PUR_IED_FranciscoP_LabQ_d7e148,PUR_IED_FranciscoP_LabQ_d7e148,,,,,
2026-09-12T11:36:07-05:00,PUR_IED_FranciscoP_S28_cf9b30,PUR_IED_FranciscoP_S28_cf9b30,,,,,
2026-09-12T11:36:07-05:00,PUR_IED_FranciscoP_ext_e2313,PUR_IED_FranciscoP_ext_e2313,,,,,
2026-09-12T11:36:07-05:00,PUR_IED_FriederichN_Ext_8ac92a,PUR_IED_FriederichN_Ext_8ac92a,,,,,
2026-09-12T11:36:07-05:00,PUR_IED_FriederichN_S301_dd7e5a,PUR_IED_FriederichN_S301_dd7e5a,,,,,
2026-09-12T11:36:07-05:00,PUR_IED_FriederichN_S308_761f4f,PUR_IED_FriederichN_S308_761f4f,,,,,
2026-09-12T11:36:07-05:00,PUR_IED_GSantander_Aula10_533dd7,PUR_IED_GSantander_Aula10_533dd7,,,,,
2026-09-12T11:36:07-05:00,PUR_IED_GSantander_Aula12_fd4e4f,PUR_IED_GSantander_Aula12_fd4e4f,,,,,
2026-09-12T11:36:07-05:00,PUR_IED_GSantander_Aula310_533dd7,PUR_IED_GSantander_Aula310_533dd7,,,,,
2026-09-12T11:36:07-05:00,PUR_IED_GSantander_Aula312_fd4e4f,PUR_IED_GSantander_Aula312_fd4e4f,,,,,
2026-09-12T11:36:07-05:00,PUR_IED_GSantander_Ext_5f66b0,PUR_IED_GSantander_Ext_5f66b0,,,,,
2026-09-12T11:36:07-05:00,PUR_IED_GYomasa_Ext_f6bea5,PUR_IED_GYomasa_Ext_f6bea5,,,,,
2026-09-12T11:36:07-05:00,PUR_IED_GYomasa_LBiol_2c41aa,PUR_IED_GYomasa_LBiol_2c41aa,,,,,
2026-09-12T11:36:07-05:00,PUR_IED_GYomasa_LQuim_33c80,PUR_IED_GYomasa_LQuim_33c80,,,,,
2026-09-12T11:36:07-05:00,PUR_IED_GabBetMejia_Cienc_5a99c,PUR_IED_GabBetMejia_Cienc_5a99c,,,,,
2026-09-12T11:36:07-05:00,PUR_IED_GabBetMejia_Ext_9153d0,PUR_IED_GabBetMejia_Ext_9153d0,,,,,
2026-09-12T11:36:07-05:00,PUR_IED_GabBetMejia_Lab_f55347,PUR_IED_GabBetMejia_Lab_f55347,,,,,
2026-09-12T11:36:07-05:00,PUR_IED_GabBetanMejia_Ext_9153d0,PUR_IED_GabBetanMejia_Ext_9153d0,,,,,
2026-09-12T11:36:07-05:00,PUR_IED_Gaitana_Aula13_7aac11,PUR_IED_Gaitana_Aula13_7aac11,,,,,
2026-09-12T11:36:07-05:00,PUR_IED_Gaitana_Ext_5fcf4,PUR_IED_Gaitana_Ext_5fcf4,,,,,
2026-09-12T11:36:07-05:00,PUR_IED_Gaitana_LabFisica_644448,PUR_IED_Gaitana_LabFisica_644448,,,,,
2026-09-12T11:36:07-05:00,PUR_IED_GenSantander_Dise_8ac858,PUR_IED_GenSantander_Dise_8ac858,,,,,
2026-09-12T11:36:07-05:00,PUR_IED_GenSantander_Ext_8d5dfe,PUR_IED_GenSantander_Ext_8d5dfe,,,,,
2026-09-12T11:36:07-05:00,PUR_IED_GenSantander_Info_6c25b,PUR_IED_GenSantander_Info_6c25b,,,,,
2026-09-12T11:36:07-05:00,PUR_IED_GustavoMo_Exterio_75e63d,PUR_IED_GustavoMo_Exterio_75e63d,,,,,
2026-09-12T11:36:07-05:00,PUR_IED_GustavoMo_LabFisi_224d37,PUR_IED_GustavoMo_LabFisi_224d37,,,,,
2026-09-12T11:36:07-05:00,PUR_IED_GustavoMo_S208_3e6918,PUR_IED_GustavoMo_S208_3e6918,,,,,
2026-09-12T11:36:07-05:00,PUR_IED_GustavoR_A02_8cd4a8,PUR_IED_GustavoR_A02_8cd4a8,,,,,
2026-09-12T11:36:07-05:00,PUR_IED_GustavoR_B11_5b0ed,PUR_IED_GustavoR_B11_5b0ed,,,,,
2026-09-12T11:36:07-05:00,PUR_IED_GustavoR_Ext_7a0c90,PUR_IED_GustavoR_Ext_7a0c90,,,,,
2026-09-12T11:36:07-05:00,PUR_IED_HernandoDuran_Ext_8cd82b,PUR_IED_HernandoDuran_Ext_8cd82b,,,,,
2026-09-12T11:36:07-05:00,PUR_IED_HernandoDuran_S24_2772c6,PUR_IED_HernandoDuran_S24_2772c6,,,,,
2026-09-12T11:36:07-05:00,PUR_IED_HernandoDuran_S30_f2de41,PUR_IED_HernandoDuran_S30_f2de41,,,,,
2026-09-12T11:36:07-05:00,PUR_IED_HolguInUr_S1101_8cd732,PUR_IED_HolguInUr_S1101_8cd732,,,,,
2026-09-12T11:36:07-05:00,PUR_IED_HolguinUr_Exter_ddae6d,PUR_IED_HolguinUr_Exter_ddae6d,,,,,
2026-09-12T11:36:07-05:00,PUR_IED_HolguinUr_LabQuim_92b952,PUR_IED_HolguinUr_LabQuim_92b952,,,,,
2026-09-12T11:36:07-05:00,PUR_IED_Isabel-II_Ext_5245cc,PUR_IED_Isabel-II_Ext_5245cc,2,20,51,4.6336,-74.153
2026-09-12T11:36:07-05:00,PUR_IED_Isabel-II_S_idiom_1c29aa,PUR_IED_Isabel-II_S_idiom_1c29aa,,,,,
2026-09-12T11:36:07-05:00,PUR_IED_Isabel-II_S_infor_fd741,PUR_IED_Isabel-II_S_infor_fd741,,,,,
2026-09-12T11:36:07-05:00,PUR_IED_IsidroSur_Exterio_5b90ea,PUR_IED_IsidroSur_Exterio_5b90ea,,,,,
2026-09-12T11:36:07-05:00,PUR_IED_IsidroSur_LabTec_56697a,PUR_IED_IsidroSur_LabTec_56697a,,,,,
2026-09-12T11:36:07-05:00,PUR_IED_IsidroSur_Robotic_b7c38f,PUR_IED_IsidroSur_Robotic_b7c38f,,,,,
2026-09-12T11:36:07-05:00,PUR_IED_IsmaelPerd_Ext_7b6672,PUR_IED_IsmaelPerd_Ext_7b6672,,,,,
2026-09-12T11:36:07-05:00,PUR_IED_IsmaelPerd_Inform_306540,PUR_IED_IsmaelPerd_Inform_306540,,,,,
2026-09-12T11:36:07-05:00,PUR_IED_IsmaelPerd_S30_2e2c83,PUR_IED_IsmaelPerd_S30_2e2c83,,,,,
2026-09-12T11:36:07-05:00,PUR_IED_JLozano_Exter_432910,PUR_IED_JLozano_Exter_432910,,,,,
2026-09-12T11:36:07-05:00,PUR_IED_JLozano_salaMulti_df5125,PUR_IED_JLozano_salaMulti_df5125,,,,,
2026-09-12T11:36:07-05:00,PUR_IED_JMCordoba_206_86f80b,PUR_IED_JMCordoba_206_86f80b,,,,,
2026-09-12T11:36:07-05:00,PUR_IED_JMCordoba_Ext_27ad97,PUR_IED_JMCordoba_Ext_27ad97,,,,,
2026-09-12T11:36:07-05:00,PUR_IED_JMCordoba_S310_d59ab4,PUR_IED_JMCordoba_S310_d59ab4,,,,,
2026-09-12T11:36:07-05:00,PUR_IED_Japon_Ext_549100,PUR_IED_Japon_Ext_549100,,,,,
2026-09-12T11:36:07-05:00,PUR_IED_Japon_Laboratorio_bec51d,PUR_IED_Japon_Laboratorio_bec51d,,,,,
2026-09-12T11:36:07-05:00,PUR_IED_Japon_informatica_d99327,PUR_IED_Japon_informatica_d99327,,,,,
2026-09-12T11:36:07-05:00,PUR_IED_Jazmin_Ext_d27bda,PUR_IED_Jazmin_Ext_d27bda,,,,,
2026-09-12T11:36:07-05:00,PUR_IED_Jazmin_Fisica_8d14d7,PUR_IED_Jazmin_Fisica_8d14d7,,,,,
2026-09-12T11:36:07-05:00,PUR_IED_Jazmin_Quimica_801cb5,PUR_IED_Jazmin_Quimica_801cb5,,,,,
2026-09-12T11:36:07-05:00,PUR_IED_JorgeGaitan_Exter_f098d1,PUR_IED_JorgeGaitan_Exter_f098d1,,,,,
2026-09-12T11:36:07-05:00,PUR_IED_JorgeGaitan_STec1_dc9d1d,PUR_IED_JorgeGaitan_STec1_dc9d1d,,,,,
2026-09-12T11:36:07-05:00,PUR_IED_JorgeGaitan_STec2_281e69,PUR_IED_JorgeGaitan_STec2_281e69,,,,,
2026-09-12T11:36:07-05:00,PUR_IED_JorgeSoto_Exterio_d9d0a2,PUR_IED_JorgeSoto_Exterio_d9d0a2,,,,,
2026-09-12T11:36:07-05:00,PUR_IED_JorgeSoto_LabFisi_209c54,PUR_IED_JorgeSoto_LabFisi_209c54,,,,,
2026-09-12T11:36:07-05:00,PUR_IED_JorgeSoto_S103_27b51a,PUR_IED_JorgeSoto_S103_27b51a,,,,,
2026-09-12T11:36:07-05:00,PUR_IED_JoseAcevedo_A02_e965eb,PUR_IED_JoseAcevedo_A02_e965eb,,,,,
2026-09-12T11:36:07-05:00,PUR_IED_JoseAcevedo_A07_dd5b4,PUR_IED_JoseAcevedo_A07_dd5b4,,,,,
2026-09-12T11:36:07-05:00,PUR_IED_JoseAcevedo_Ext_b47484,PUR_IED_JoseAcevedo_Ext_b47484,,,,,
2026-09-12T11:36:07-05:00,PUR_IED_JoseMarti_Exte_5b9bf,PUR_IED_JoseMarti_Exte_5b9bf,,,,,
2026-09-12T11:36:07-05:00,PUR_IED_JoseMarti_LabQuim_1c6c2d,PUR_IED_JoseMarti_LabQuim_1c6c2d,,,,,
2026-09-12T11:36:07-05:00,PUR_IED_JoseMarti_S_info_f5f177,PUR_IED_JoseMarti_S_info_f5f177,,,,,
2026-09-12T11:36:07-05:00,PUR_IED_Josejoaquin_Ext_dfc5dc,PUR_IED_Josejoaquin_Ext_dfc5dc,,,,,
2026-09-12T11:36:07-05:00,PUR_IED_Josejoaquin_S05_5b2a96,PUR_IED_Josejoaquin_S05_5b2a96,,,,,
2026-09-12T11:36:07-05:00,PUR_IED_Josejoaquin_S06_1ce7d2,PUR_IED_Josejoaquin_S06_1ce7d2,,,,,
2026-09-12T11:36:07-05:00,PUR_IED_JulioFlorez_Danza_9b82dd,PUR_IED_JulioFlorez_Danza_9b82dd,,,,,
2026-09-12T11:36:07-05:00,PUR_IED_JulioFlorez_Exter_f9f314,PUR_IED_JulioFlorez_Exter_f9f314,,,,,
2026-09-12T11:36:07-05:00,PUR_IED_JulioFlorez_info2_6b6e08,PUR_IED_JulioFlorez_info2_6b6e08,,,,,
2026-09-12T11:36:07-05:00,PUR_IED_LaBelleza_Aula13_1d00d8,PUR_IED_LaBelleza_Aula13_1d00d8,,,,,
2026-09-12T11:36:07-05:00,PUR_IED_LaBelleza_Ext_7bc08c,PUR_IED_LaBelleza_Ext_7bc08c,,,,,
2026-09-12T11:36:07-05:00,PUR_IED_LaChucua_Ext_8cd6d2,PUR_IED_LaChucua_Ext_8cd6d2,,,,,
2026-09-12T11:36:07-05:00,PUR_IED_LaChucua_S15_f578ce,PUR_IED_LaChucua_S15_f578ce,,,,,
2026-09-12T11:36:07-05:00,PUR_IED_LaChucua_S16_eebcf9,PUR_IED_LaChucua_S16_eebcf9,,,,,
2026-09-12T11:36:07-05:00,PUR_IED_LaFelicidad_Ext_fb5109,PUR_IED_LaFelicidad_Ext_fb5109,,,,,
2026-09-12T11:36:07-05:00,PUR_IED_LaMerced_206_66ebd,PUR_IED_LaMerced_206_66ebd,,,,,
2026-09-12T11:36:07-05:00,PUR_IED_LaMerced_207_6ebd6,PUR_IED_LaMerced_207_6ebd6,,,,,
2026-09-12T11:36:07-05:00,PUR_IED_LaMerced_ext_304311,PUR_IED_LaMerced_ext_304311,,,,,
2026-09-12T11:36:07-05:00,PUR_IED_Laureano_CiencNat_281e5e,PUR_IED_Laureano_CiencNat_281e5e,,,,,
2026-09-12T11:36:07-05:00,PUR_IED_Laureano_Comedor_f65c0a,PUR_IED_Laureano_Comedor_f65c0a,,,,,
2026-09-12T11:36:07-05:00,PUR_IED_Laureano_Exterior_7ab011,PUR_IED_Laureano_Exterior_7ab011,,,,,
2026-09-12T11:36:07-05:00,PUR_IED_LeonGreiff_Exte_dfe560,PUR_IED_LeonGreiff_Exte_dfe560,,,,,
2026-09-12T11:36:07-05:00,PUR_IED_LeonGreiff_S210_f264ed,PUR_IED_LeonGreiff_S210_f264ed,,,,,
2026-09-12T11:36:07-05:00,PUR_IED_LeonGreiff_SQuimi_e8296f,PUR_IED_LeonGreiff_SQuimi_e8296f,,,,,
2026-09-12T11:36:07-05:00,PUR_IED_LlanoOrientalS208_7b9fcd,PUR_IED_LlanoOrientalS208_7b9fcd,,,,,
2026-09-12T11:36:07-05:00,PUR_IED_LlanoOriental_Ext_fb3766,PUR_IED_LlanoOriental_Ext_fb3766,,,,,
2026-09-12T11:36:07-05:00,PUR_IED_LlanoOriental_S208_7b9fcd,PUR_IED_LlanoOriental_S208_7b9fcd,,,,,
2026-09-12T11:36:07-05:00,PUR_IED_LlanoOriental_S9_27b378,PUR_IED_LlanoOriental_S9_27b378,,,,,
2026-09-12T11:36:07-05:00,PUR_IED_LosTejares_1101_477602,PUR_IED_LosTejares_1101_477602,,,,,
2026-09-12T11:36:07-05:00,PUR_IED_LosTejares_11_d2c595,PUR_IED_LosTejares_11_d2c595,,,,,
2026-09-12T11:36:07-05:00,PUR_IED_LosTejares_12_477602,PUR_IED_LosTejares_12_477602,,,,,
2026-09-12T11:36:07-05:00,PUR_IED_LosTejares_Ext_8e2115,PUR_IED_LosTejares_Ext_8e2115,,,,,
2026-09-12T11:36:07-05:00,PUR_IED_MagdalenaO_B202_5ddda3,PUR_IED_MagdalenaO_B202_5ddda3,,,,,
2026-09-12T11:36:07-05:00,PUR_IED_MagdalenaO_B205_fb76e8,PUR_IED_MagdalenaO_B205_fb76e8,,,,,
2026-09-12T11:36:07-05:00,PUR_IED_MagdalenaO_ext_dc69cd,PUR_IED_MagdalenaO_ext_dc69cd,,,,,
2026-09-12T11:36:07-05:00,PUR_IED_ManueCepeda_artes_eee956,PUR_IED_ManueCepeda_artes_eee956,,,,,
2026-09-12T11:36:07-05:00,PUR_IED_ManuelCepeda_Ext_58313,PUR_IED_ManuelCepeda_Ext_58313,,,,,
2026-09-12T11:36:07-05:00,PUR_IED_ManuelCepeda_tec_1c5731,PUR_IED_ManuelCepeda_tec_1c5731,,,,,
2026-09-12T11:36:07-05:00,PUR_IED_ManuelS_Exterior_5b269,PUR_IED_ManuelS_Exterior_5b269,,,,,
2026-09-12T11:36:07-05:00,PUR_IED_ManuelS_Inform_f369ce,PUR_IED_ManuelS_Inform_f369ce,,,,,
2026-09-12T11:36:07-05:00,PUR_IED_ManuelS_SArtes_7d15f1,PUR_IED_ManuelS_SArtes_7d15f1,,,,,
2026-09-12T11:36:07-05:00,PUR_IED_ManuelZapata_303_3ca6,PUR_IED_ManuelZapata_303_3ca6,,,,,
2026-09-12T11:36:07-05:00,PUR_IED_ManuelZapata_311_bfbabc,PUR_IED_ManuelZapata_311_bfbabc,,,,,
2026-09-12T11:36:07-05:00,PUR_IED_ManuelZapata_Ext_50824a,PUR_IED_ManuelZapata_Ext_50824a,,,,,
2026-09-12T11:36:07-05:00,PUR_IED_ManuelitaS_Exteri_656a92,PUR_IED_ManuelitaS_Exteri_656a92,,,,,
2026-09-12T11:36:07-05:00,PUR_IED_ManuelitaS_JuzgDe_f58ec3,PUR_IED_ManuelitaS_JuzgDe_f58ec3,,,,,
2026-09-12T11:36:07-05:00,PUR_IED_ManuelitaS_Recrea_d793db,PUR_IED_ManuelitaS_Recrea_d793db,,,,,
2026-09-12T11:36:07-05:00,PUR_IED_MarFidSuarez_Ext_c27b19,PUR_IED_MarFidSuarez_Ext_c27b19,,,,,
2026-09-12T11:36:07-05:00,PUR_IED_MarFidSuarez_Info_e384d7,PUR_IED_MarFidSuarez_Info_e384d7,,,,,
2026-09-12T11:36:07-05:00,PUR_IED_MarFidSuarez_S306_1d0032,PUR_IED_MarFidSuarez_S306_1d0032,,,,,
2026-09-12T11:36:07-05:00,PUR_IED_Menorah_301_2a25a3,PUR_IED_Menorah_301_2a25a3,,,,,
2026-09-12T11:36:07-05:00,PUR_IED_Menorah_306_37ed3,PUR_IED_Menorah_306_37ed3,,,,,
2026-09-12T11:36:07-05:00,PUR_IED_Menorah_Ext_3e155b,PUR_IED_Menorah_Ext_3e155b,,,,,
2026-09-12T11:36:07-05:00,PUR_IED_MinutoB.Aires_A11_1b1604,PUR_IED_MinutoB.Aires_A11_1b1604,,,,,
2026-09-12T11:36:07-05:00,PUR_IED_MinutoB.Aires_A12_fb5860,PUR_IED_MinutoB.Aires_A12_fb5860,,,,,
2026-09-12T11:36:07-05:00,PUR_IED_MinutoB.Aires_Ext_81293f,PUR_IED_MinutoB.Aires_Ext_81293f,,,,,
2026-09-12T11:36:07-05:00,PUR_IED_MinutoBAires_A11_1b1604,PUR_IED_MinutoBAires_A11_1b1604,,,,,
2026-09-12T11:36:07-05:00,PUR_IED_MinutoBAires_A12_fb5860,PUR_IED_MinutoBAires_A12_fb5860,,,,,
2026-09-12T11:36:07-05:00,PUR_IED_MinutoBAires_Ext_81293f,PUR_IED_MinutoBAires_Ext_81293f,,,,,
2026-09-12T11:36:07-05:00,PUR_IED_Montreal_Aula10_1e4959,PUR_IED_Montreal_Aula10_1e4959,,,,,
2026-09-12T11:36:07-05:00,PUR_IED_Montreal_Aula6_300367,PUR_IED_Montreal_Aula6_300367,,,,,
2026-09-12T11:36:07-05:00,PUR_IED_Montreal_Exterior_91a179,PUR_IED_Montreal_Exterior_91a179,,,,,
2026-09-12T11:36:07-05:00,PUR_IED_Mqgdalena_B202_5ddda3,PUR_IED_Mqgdalena_B202_5ddda3,,,,,
2026-09-12T11:36:07-05:00,PUR_IED_NACUND_Soc_dc8728,PUR_IED_NACUND_Soc_dc8728,,,,,
2026-09-12T11:36:07-05:00,PUR_IED_NACUND_ext_27ad97,PUR_IED_NACUND_ext_27ad97,,,,,
2026-09-12T11:36:07-05:00,PUR_IED_NEsperanza_Ext_d24b61,PUR_IED_NEsperanza_Ext_d24b61,,,,,
2026-09-12T11:36:07-05:00,PUR_IED_NEsperanza_SElect_7d1807,PUR_IED_NEsperanza_SElect_7d1807,,,,,
2026-09-12T11:36:07-05:00,PUR_IED_NEsperanza_SLabor_8b2d0a,PUR_IED_NEsperanza_SLabor_8b2d0a,,,,,
2026-09-12T11:36:07-05:00,PUR_IED_NacionesU_Ext_f661a9,PUR_IED_NacionesU_Ext_f661a9,,,,,
2026-09-12T11:36:07-05:00,PUR_IED_NacionesU_Quimica_66f0a,PUR_IED_NacionesU_Quimica_66f0a,,,,,
2026-09-12T11:36:07-05:00,PUR_IED_NacionesU_S306_1b4b3d,PUR_IED_NacionesU_S306_1b4b3d,,,,,
2026-09-12T11:36:07-05:00,PUR_IED_NestorFA_Ext_e4201c,PUR_IED_NestorFA_Ext_e4201c,,,,,
2026-09-12T11:36:07-05:00,PUR_IED_NestorFA_Laborato_f22fe0,PUR_IED_NestorFA_Laborato_f22fe0,,,,,
2026-09-12T11:36:07-05:00,PUR_IED_NestorFA_S204_dee996,PUR_IED_NestorFA_S204_dee996,,,,,
2026-09-12T11:36:07-05:00,PUR_IED_NidyaQT_Aula03_76999b,PUR_IED_NidyaQT_Aula03_76999b,,,,,
2026-09-12T11:36:07-05:00,PUR_IED_NidyaQT_Aula10_56325,PUR_IED_NidyaQT_Aula10_56325,,,,,
2026-09-12T11:36:07-05:00,PUR_IED_NidyaQT_Ext_46e32d,PUR_IED_NidyaQT_Ext_46e32d,,,,,
2026-09-12T11:36:07-05:00,PUR_IED_NuevaCol_Exterior_d9b859,PUR_IED_NuevaCol_Exterior_d9b859,,,,,
2026-09-12T11:36:07-05:00,PUR_IED_NuevaCol_S1101_76c43b,PUR_IED_NuevaCol_S1101_76c43b,,,,,
2026-09-12T11:36:07-05:00,PUR_IED_NuevaCol_S1102_1ce0b5,PUR_IED_NuevaCol_S1102_1ce0b5,,,,,
2026-09-12T11:36:07-05:00,PUR_IED_OEA_A202_f7e3f2,PUR_IED_OEA_A202_f7e3f2,,,,,
2026-09-12T11:36:07-05:00,PUR_IED_OEA_A203_7d1b8d,PUR_IED_OEA_A203_7d1b8d,,,,,
2026-09-12T11:36:07-05:00,PUR_IED_OEA_Ext_27b593,PUR_IED_OEA_Ext_27b593,,,,,
2026-09-12T11:36:07-05:00,PUR_IED_Ochoa_Ext_1c29da,PUR_IED_Ochoa_Ext_1c29da,,,,,
2026-09-12T11:36:07-05:00,PUR_IED_Ochoa_S205_8b1121,PUR_IED_Ochoa_S205_8b1121,,,,,
2026-09-12T11:36:07-05:00,PUR_IED_Ochoa_Sistemas_f33af6,PUR_IED_Ochoa_Sistemas_f33af6,,,,,
2026-09-12T11:36:07-05:00,PUR_IED_PQuebec_Ext_1c67c7,PUR_IED_PQuebec_Ext_1c67c7,,,,,
2026-09-12T11:36:07-05:00,PUR_IED_PQuebec_S15_23e8e2,PUR_IED_PQuebec_S15_23e8e2,,,,,
2026-09-12T11:36:07-05:00,PUR_IED_PQuebec_S16_8ec76b,PUR_IED_PQuebec_S16_8ec76b,,,,,
2026-09-12T11:36:07-05:00,PUR_IED_PabloN_Ext_49dc96,PUR_IED_PabloN_Ext_49dc96,,,,,
2026-09-12T11:36:07-05:00,PUR_IED_PabloN_S1102_4e3df5,PUR_IED_PabloN_S1102_4e3df5,,,,,
2026-09-12T11:36:07-05:00,PUR_IED_PabloN_S1103_50c94b,PUR_IED_PabloN_S1103_50c94b,,,,,
2026-09-12T11:36:07-05:00,PUR_IED_Palestina_S1101_db9198,PUR_IED_Palestina_S1101_db9198,,,,,
2026-09-12T11:36:07-05:00,PUR_IED_Palestina_S1102_dc54fa,PUR_IED_Palestina_S1102_dc54fa,,,,,
2026-09-12T11:36:07-05:00,PUR_IED_Palestina_ext_4ccce6,PUR_IED_Palestina_ext_4ccce6,,,,,
2026-09-12T11:36:07-05:00,PUR_IED_Panama_Fisica_4d0794,PUR_IED_Panama_Fisica_4d0794,,,,,
2026-09-12T11:36:07-05:00,PUR_IED_Panama_SIngles_a4077e,PUR_IED_Panama_SIngles_a4077e,,,,,
2026-09-12T11:36:07-05:00,PUR_IED_Panama_ext_4c54b4,PUR_IED_Panama_ext_4c54b4,,,,,
2026-09-12T11:36:07-05:00,PUR_IED_ParaisoM_Exterior_8cd7f0,PUR_IED_ParaisoM_Exterior_8cd7f0,,,,,
2026-09-12T11:36:07-05:00,PUR_IED_ParaisoM_Laborato_27af35,PUR_IED_ParaisoM_Laborato_27af35,,,,,
2026-09-12T11:36:07-05:00,PUR_IED_ParaisoM_S304_d1edca,PUR_IED_ParaisoM_S304_d1edca,,,,,
2026-09-12T11:36:07-05:00,PUR_IED_PorfirioBarba_Ext_301466,PUR_IED_PorfirioBarba_Ext_301466,,,,,
2026-09-12T11:36:07-05:00,PUR_IED_PorfirioBarba_S11_df6cd2,PUR_IED_PorfirioBarba_S11_df6cd2,,,,,
2026-09-12T11:36:07-05:00,PUR_IED_PorfirioBarba_S29_27a7d6,PUR_IED_PorfirioBarba_S29_27a7d6,,,,,
2026-09-12T11:36:07-05:00,PUR_IED_PradoV_Exter_8b27ad,PUR_IED_PradoV_Exter_8b27ad,,,,,
2026-09-12T11:36:07-05:00,PUR_IED_PradoV_S301_de65b5,PUR_IED_PradoV_S301_de65b5,,,,,
2026-09-12T11:36:07-05:00,PUR_IED_PradoV_S302_7d2593,PUR_IED_PradoV_S302_7d2593,,,,,
2026-09-12T11:36:07-05:00,PUR_IED_QuirogaAlz_Ext_1ddc82,PUR_IED_QuirogaAlz_Ext_1ddc82,,,,,
2026-09-12T11:36:07-05:00,PUR_IED_QuirogaAlz_S302_9926a3,PUR_IED_QuirogaAlz_S302_9926a3,,,,,
2026-09-12T11:36:07-05:00,PUR_IED_QuirogaAlz_S305_cdf1f1,PUR_IED_QuirogaAlz_S305_cdf1f1,,,,,
2026-09-12T11:36:07-05:00,PUR_IED_RGuatemala_Biling_dc53b7,PUR_IED_RGuatemala_Biling_dc53b7,,,,,
2026-09-12T11:36:07-05:00,PUR_IED_RGuatemala_Ext_1b89a3,PUR_IED_RGuatemala_Ext_1b89a3,,,,,
2026-09-12T11:36:07-05:00,PUR_IED_RGuatemala_Tecnol_281a34,PUR_IED_RGuatemala_Tecnol_281a34,,,,,
2026-09-12T11:36:07-05:00,PUR_IED_RafaNu_Ext_f7c302,PUR_IED_RafaNu_Ext_f7c302,,,,,
2026-09-12T11:36:07-05:00,PUR_IED_RafaNu_S1101_25fde,PUR_IED_RafaNu_S1101_25fde,,,,,
2026-09-12T11:36:07-05:00,PUR_IED_RafaNu_S1102_281517,PUR_IED_RafaNu_S1102_281517,,,,,
2026-09-12T11:36:07-05:00,PUR_IED_RafaelB_S305_ee2783,PUR_IED_RafaelB_S305_ee2783,,,,,
2026-09-12T11:36:07-05:00,PUR_IED_RafaelB_S306_75fe33,PUR_IED_RafaelB_S306_75fe33,,,,,
2026-09-12T11:36:07-05:00,PUR_IED_RafaelB_ext_283336,PUR_IED_RafaelB_ext_283336,,,,,
2026-09-12T11:36:07-05:00,PUR_IED_RafaelUU_Exterior_281a51,PUR_IED_RafaelUU_Exterior_281a51,,,,,
2026-09-12T11:36:07-05:00,PUR_IED_RafaelUU_Human_806b2,PUR_IED_RafaelUU_Human_806b2,,,,,
2026-09-12T11:36:07-05:00,PUR_IED_RafaelUU_Mate2_5680d4,PUR_IED_RafaelUU_Mate2_5680d4,,,,,
2026-09-12T11:36:07-05:00,PUR_IED_RamonSub_Ext_f9eeb9,PUR_IED_RamonSub_Ext_f9eeb9,,,,,
2026-09-12T11:36:07-05:00,PUR_IED_RamonSub_Media_d1f62f,PUR_IED_RamonSub_Media_d1f62f,,,,,
2026-09-12T11:36:07-05:00,PUR_IED_RamonSub_planta_51b82,PUR_IED_RamonSub_planta_51b82,,,,,
2026-09-12T11:36:07-05:00,PUR_IED_RepBoliVene_Exter_27af7c,PUR_IED_RepBoliVene_Exter_27af7c,,,,,
2026-09-12T11:36:07-05:00,PUR_IED_RepBoliVene_SCPT_5ae2ee,PUR_IED_RepBoliVene_SCPT_5ae2ee,,,,,
2026-09-12T11:36:07-05:00,PUR_IED_RepBoliVene_Socia_4b11d5,PUR_IED_RepBoliVene_Socia_4b11d5,,,,,
2026-09-12T11:36:07-05:00,PUR_IED_RepChina_Ext_76d9ee,PUR_IED_RepChina_Ext_76d9ee,,,,,
2026-09-12T11:36:07-05:00,PUR_IED_RepChina_S404_7c804c,PUR_IED_RepChina_S404_7c804c,,,,,
2026-09-12T11:36:07-05:00,PUR_IED_RepChina_S405_df2c33,PUR_IED_RepChina_S405_df2c33,,,,,
2026-09-12T11:36:07-05:00,PUR_IED_RepublicaC_Exteri_7d1ec9,PUR_IED_RepublicaC_Exteri_7d1ec9,,,,,
2026-09-12T11:36:07-05:00,PUR_IED_RepublicaC_S1101_f544b3,PUR_IED_RepublicaC_S1101_f544b3,,,,,
2026-09-12T11:36:07-05:00,PUR_IED_RepublicaC_S1102_7aafc7,PUR_IED_RepublicaC_S1102_7aafc7,,,,,
2026-09-12T11:36:07-05:00,PUR_IED_Ricaurte_Externo_a0ea1,PUR_IED_Ricaurte_Externo_a0ea1,,,,,
2026-09-12T11:36:07-05:00,PUR_IED_Ricaurte_S210_f546fd,PUR_IED_Ricaurte_S210_f546fd,,,,,
2026-09-12T11:36:07-05:00,PUR_IED_Ricaurte_S309_d4452,PUR_IED_Ricaurte_S309_d4452,,,,,
2026-09-12T11:36:07-05:00,PUR_IED_RogelioS_1102_531e69,PUR_IED_RogelioS_1102_531e69,,,,,
2026-09-12T11:36:07-05:00,PUR_IED_RogelioS_Ext_f25a18,PUR_IED_RogelioS_Ext_f25a18,,,,,
2026-09-12T11:36:07-05:00,PUR_IED_SBernardino_Ext_27aff8,PUR_IED_SBernardino_Ext_27aff8,,,,,
2026-09-12T11:36:07-05:00,PUR_IED_SBernardino_SArte_2ffd33,PUR_IED_SBernardino_SArte_2ffd33,,,,,
2026-09-12T11:36:07-05:00,PUR_IED_SBernardino_SIngl_7c7da5,PUR_IED_SBernardino_SIngl_7c7da5,,,,,
2026-09-12T11:36:07-05:00,PUR_IED_Sago_auditorio_dc9d1d,PUR_IED_Sago_auditorio_dc9d1d,,,,,
2026-09-12T11:36:07-05:00,PUR_IED_Saludcoop_Ext_95aac3,PUR_IED_Saludcoop_Ext_95aac3,,,,,
2026-09-12T11:36:07-05:00,PUR_IED_Saludcoop_InfI_90c854,PUR_IED_Saludcoop_InfI_90c854,,,,,
2026-09-12T11:36:07-05:00,PUR_IED_Saludcoop_SMedia_1b93be,PUR_IED_Saludcoop_SMedia_1b93be,,,,,
2026-09-12T11:36:07-05:00,PUR_IED_SanCarlos_1101_1a2360,PUR_IED_SanCarlos_1101_1a2360,,,,,
2026-09-12T11:36:07-05:00,PUR_IED_SanCarlos_1103_7bafb5,PUR_IED_SanCarlos_1103_7bafb5,,,,,
2026-09-12T11:36:07-05:00,PUR_IED_SanCarlos_Ext_b7cd1,PUR_IED_SanCarlos_Ext_b7cd1,,,,,
2026-09-12T11:36:07-05:00,PUR_IED_SanIgnacioBosa11a_50c26e,PUR_IED_SanIgnacioBosa11a_50c26e,,,,,
2026-09-12T11:36:07-05:00,PUR_IED_SanIgnacioBosa11b_371de8,PUR_IED_SanIgnacioBosa11b_371de8,,,,,
2026-09-12T11:36:07-05:00,PUR_IED_SanIgnacioBosaExt_ef0ffc,PUR_IED_SanIgnacioBosaExt_ef0ffc,,,,,
2026-09-12T11:36:07-05:00,PUR_IED_SanIgnacioBosa_11a_50c26e,PUR_IED_SanIgnacioBosa_11a_50c26e,,,,,
2026-09-12T11:36:07-05:00,PUR_IED_SanIgnacioBosa_Ext_ef0ffc,PUR_IED_SanIgnacioBosa_Ext_ef0ffc,,,,,
2026-09-12T11:36:07-05:00,PUR_IED_SanJoseN_intS1101_31c47f,PUR_IED_SanJoseN_intS1101_31c47f,,,,,
2026-09-12T11:36:07-05:00,PUR_IED_SanJoseUsm_Exter_f5d7e8,PUR_IED_SanJoseUsm_Exter_f5d7e8,,,,,
2026-09-12T11:36:07-05:00,PUR_IED_SanJoseUsm_Int11A_cfdef6,PUR_IED_SanJoseUsm_Int11A_cfdef6,,,,,
2026-09-12T11:36:07-05:00,PUR_IED_SilveriaR_IntB5_905349,PUR_IED_SilveriaR_IntB5_905349,,,,,
2026-09-12T11:36:07-05:00,PUR_IED_SilveriaR_IntSD14_981f93,PUR_IED_SilveriaR_IntSD14_981f93,,,,,
2026-09-12T11:36:07-05:00,PUR_IED_SilveriaR_ext_2b651d,PUR_IED_SilveriaR_ext_2b651d,,,,,
2026-09-12T11:36:07-05:00,PUR_IED_SimonB_Exterior_913975,PUR_IED_SimonB_Exterior_913975,,,,,
2026-09-12T11:36:07-05:00,PUR_IED_SimonB_LabQuimi_c56908,PUR_IED_SimonB_LabQuimi_c56908,,,,,
2026-09-12T11:36:07-05:00,PUR_IED_SimonB_informatic_a28c1,PUR_IED_SimonB_informatic_a28c1,,,,,
2026-09-12T11:36:07-05:00,PUR_IED_Sorrento_1102_315f50,PUR_IED_Sorrento_1102_315f50,,,,,
2026-09-12T11:36:07-05:00,PUR_IED_Sorrento_Minte_214eab,PUR_IED_Sorrento_Minte_214eab,,,,,
2026-09-12T11:36:07-05:00,PUR_IED_Sorrento_ext_7c3a0a,PUR_IED_Sorrento_ext_7c3a0a,,,,,
2026-09-12T11:36:07-05:00,PUR_IED_Tabora_Ext_f048ae,PUR_IED_Tabora_Ext_f048ae,,,,,
2026-09-12T11:36:07-05:00,PUR_IED_Tabora_S1102_b07752,PUR_IED_Tabora_S1102_b07752,,,,,
2026-09-12T11:36:07-05:00,PUR_IED_Tabora_S1103_d988f5,PUR_IED_Tabora_S1103_d988f5,,,,,
2026-09-12T11:36:07-05:00,PUR_IED_Tenerife_Ext_1ab188,PUR_IED_Tenerife_Ext_1ab188,,,,,
2026-09-12T11:36:07-05:00,PUR_IED_Tenerife_SDanzas_7bc02e,PUR_IED_Tenerife_SDanzas_7bc02e,,,,,
2026-09-12T11:36:07-05:00,PUR_IED_Tenerife_SIngles_7cc277,PUR_IED_Tenerife_SIngles_7cc277,,,,,
2026-09-12T11:36:07-05:00,PUR_IED_Tibabuyes_Exter_f2683d,PUR_IED_Tibabuyes_Exter_f2683d,,,,,
2026-09-12T11:36:07-05:00,PUR_IED_Tibabuyes_S10_dc87a8,PUR_IED_Tibabuyes_S10_dc87a8,,,,,
2026-09-12T11:36:07-05:00,PUR_IED_Tibabuyes_S15_dc0526,PUR_IED_Tibabuyes_S15_dc0526,,,,,
2026-09-12T11:36:07-05:00,PUR_IED_UnionE_S301_a1043,PUR_IED_UnionE_S301_a1043,,,,,
2026-09-12T11:36:07-05:00,PUR_IED_UnionE_S307_ff6c2f,PUR_IED_UnionE_S307_ff6c2f,,,,,
2026-09-12T11:36:07-05:00,PUR_IED_UnionE__Ext_5e2468,PUR_IED_UnionE__Ext_5e2468,,,,,
2026-09-12T11:36:07-05:00,PUR_IED_VillaRica_Ext_75be7c,PUR_IED_VillaRica_Ext_75be7c,,,,,
2026-09-12T11:36:07-05:00,PUR_IED_VillaRica_S4_cc5dcd,PUR_IED_VillaRica_S4_cc5dcd,,,,,
2026-09-12T11:36:07-05:00,PUR_IED_VillaRica_Sesp_99f5c,PUR_IED_VillaRica_Sesp_99f5c,,,,,
2026-09-12T11:41:08-05:00,PUR_IED_20deJulio_1101_91b1b9,PUR_IED_20deJulio_1101_91b1b9,,,,,
2026-09-12T11:41:08-05:00,PUR_IED_20deJulio_1102_1cfcf9,PUR_IED_20deJulio_1102_1cfcf9,,,,,
2026-09-12T11:41:08-05:00,PUR_IED_20deJulio_Ext_ab60bd,PUR_IED_20deJulio_Ext_ab60bd,,,,,
2026-09-12T11:41:08-05:00,PUR_IED_AgustinFer_Ext_7b9b77,PUR_IED_AgustinFer_Ext_7b9b77,,,,,
2026-09-12T11:41:08-05:00,PUR_IED_AgustinFer_Info2_27b3a7,PUR_IED_AgustinFer_Info2_27b3a7,,,,,
2026-09-12T11:41:08-05:00,PUR_IED_AgustinFer_Sena_54b4eb,PUR_IED_AgustinFer_Sena_54b4eb,,,,,
2026-09-12T11:41:08-05:00,PUR_IED_AlexanderF_1102_caf07b,PUR_IED_AlexanderF_1102_caf07b,,,,,
2026-09-12T11:41:08-05:00,PUR_IED_AlexanderF_1103_c79e71,PUR_IED_AlexanderF_1103_c79e71,,,,,
2026-09-12T11:41:08-05:00,PUR_IED_AlexanderF_Ext_c5b18b,PUR_IED_AlexanderF_Ext_c5b18b,,,,,
2026-09-12T11:41:08-05:00,PUR_IED_AlfonsoLopez_Ext_281d77,PUR_IED_AlfonsoLopez_Ext_281d77,,,,,
2026-09-12T11:41:08-05:00,PUR_IED_AlfonsoLopez_LabF_888ce0,PUR_IED_AlfonsoLopez_LabF_888ce0,,,,,
2026-09-12T11:41:08-05:00,PUR_IED_AlfonsoLopez_SMed_df6a7f,PUR_IED_AlfonsoLopez_SMed_df6a7f,,,,,
2026-09-12T11:41:08-05:00,PUR_IED_AltamiraSO_A2_209f92,PUR_IED_AltamiraSO_A2_209f92,,,,,
2026-09-12T11:41:08-05:00,PUR_IED_AltamiraSO_Ext_186d66,PUR_IED_AltamiraSO_Ext_186d66,,,,,
2026-09-12T11:41:08-05:00,PUR_IED_AltamiraSO_Sistem_27afe1,PUR_IED_AltamiraSO_Sistem_27afe1,,,,,
2026-09-12T11:41:08-05:00,PUR_IED_AlvaroGom_LabQuim_813179,PUR_IED_AlvaroGom_LabQuim_813179,,,,,
2026-09-12T11:41:08-05:00,PUR_IED_AlvaroGomez_Ext_47c7ca,PUR_IED_AlvaroGomez_Ext_47c7ca,,,,,
2026-09-12T11:41:08-05:00,PUR_IED_AlvaroGomez_LabQuim_813179,PUR_IED_AlvaroGomez_LabQuim_813179,,,,,
2026-09-12T11:41:08-05:00,PUR_IED_AlvaroGomez_S23_7ba89f,PUR_IED_AlvaroGomez_S23_7ba89f,,,,,
2026-09-12T11:41:08-05:00,PUR_IED_Amistad_306_dc8728,PUR_IED_Amistad_306_dc8728,,,,,
2026-09-12T11:41:08-05:00,PUR_IED_Amistad_Ext_8cd55e,PUR_IED_Amistad_Ext_8cd55e,,,,,
2026-09-12T11:41:08-05:00,PUR_IED_Amistad_S202_a41169,PUR_IED_Amistad_S202_a41169,,,,,
2026-09-12T11:41:08-05:00,PUR_IED_AndresBello_Bio_fd5f5e,PUR_IED_AndresBello_Bio_fd5f5e,,,,,
2026-09-12T11:41:08-05:00,PUR_IED_AndresBello_ext_dcad65,PUR_IED_AndresBello_ext_dcad65,,,,,
2026-09-12T11:41:08-05:00,PUR_IED_AndresBello_port_eed3ec,PUR_IED_AndresBello_port_eed3ec,,,,,
2026-09-12T11:41:08-05:00,PUR_IED_AngelaR_11b_d90a6b,PUR_IED_AngelaR_11b_d90a6b,,,,,
2026-09-12T11:41:08-05:00,PUR_IED_AngelaR_ext_7cad3e,PUR_IED_AngelaR_ext_7cad3e,3,21,56,4.5825,-74.164497
2026-09-12T11:41:08-05:00,PUR_IED_AntJoseSucre_10mo_df2575,PUR_IED_AntJoseSucre_10mo_df2575,,,,,
2026-09-12T11:41:08-05:00,PUR_IED_AntJoseSucre_Ext_215b36,PUR_IED_AntJoseSucre_Ext_215b36,,,,,
2026-09-12T11:41:08-05:00,PUR_IED_AntJoseSucre_Lab_3139de,PUR_IED_AntJoseSucre_Lab_3139de,,,,,
2026-09-12T11:41:08-05:00,PUR_IED_AntonioGarcia_301_d6b188,PUR_IED_AntonioGarcia_301_d6b188,,,,,
2026-09-12T11:41:08-05:00,PUR_IED_AntonioGarcia_302_88a82,PUR_IED_AntonioGarcia_302_88a82,,,,,
2026-09-12T11:41:08-05:00,PUR_IED_AntonioGarcia_Ext_20950c,PUR_IED_AntonioGarcia_Ext_20950c,,,,,
2026-09-12T11:41:08-05:00,PUR_IED_AntonioVan_Aula2_6dea02,PUR_IED_AntonioVan_Aula2_6dea02,,,,,
2026-09-12T11:41:08-05:00,PUR_IED_AntonioVan_Aula5_f1557e,PUR_IED_AntonioVan_Aula5_f1557e,,,,,
2026-09-12T11:41:08-05:00,PUR_IED_AntonioVan_Ext_406f2f,PUR_IED_AntonioVan_Ext_406f2f,,,,,
2026-09-12T11:41:08-05:00,PUR_IED_Atabanzha_Ext_cc5af9,PUR_IED_Atabanzha_Ext_cc5af9,,,,,
2026-09-12T11:41:08-05:00,PUR_IED_Atabanzha_SA101_56c37,PUR_IED_Atabanzha_SA101_56c37,,,,,
2026-09-12T11:41:08-05:00,PUR_IED_Atabanzha_SB302_27b374,PUR_IED_Atabanzha_SB302_27b374,,,,,
2026-09-12T11:41:08-05:00,PUR_IED_Atahualpa_Ext_fc1748,PUR_IED_Atahualpa_Ext_fc1748,,,,,
2026-09-12T11:41:08-05:00,PUR_IED_Atahualpa_Informa_dc9a95,PUR_IED_Atahualpa_Informa_dc9a95,,,,,
2026-09-12T11:41:08-05:00,PUR_IED_Atahualpa_S1101_f98056,PUR_IED_Atahualpa_S1101_f98056,,,,,
2026-09-12T11:41:08-05:00,PUR_IED_Bellavista_Ext_f5aa74,PUR_IED_Bellavista_Ext_f5aa74,,,,,
2026-09-12T11:41:08-05:00,PUR_IED_Bilbao_11A_916c41,PUR_IED_Bilbao_11A_916c41,,,,,
2026-09-12T11:41:08-05:00,PUR_IED_Bilbao_Ext_fb579a,PUR_IED_Bilbao_Ext_fb579a,,,,,
2026-09-12T11:41:08-05:00,PUR_IED_BrasiliaU_A125_304280,PUR_IED_BrasiliaU_A125_304280,,,,,
2026-09-12T11:41:08-05:00,PUR_IED_BrasiliaU_A203_7c8ca5,PUR_IED_BrasiliaU_A203_7c8ca5,,,,,
2026-09-12T11:41:08-05:00,PUR_IED_BrasiliaU_Ext_8d6e9f,PUR_IED_BrasiliaU_Ext_8d6e9f,5,19,57,4.5175,-74.116302
2026-09-12T11:41:08-05:00,PUR_IED_Brasilia_Ext_fe6593,PUR_IED_Brasilia_Ext_fe6593,,,,,
2026-09-12T11:41:08-05:00,PUR_IED_Brasilia_S24_7c130d,PUR_IED_Brasilia_S24_7c130d,,,,,
2026-09-12T11:41:08-05:00,PUR_IED_Brasilia_S501_186a54,PUR_IED_Brasilia_S501_186a54,,,,,
2026-09-12T11:41:08-05:00,PUR_IED_CHARRY_EXT_f1d5cd,PUR_IED_CHARRY_EXT_f1d5cd,,,,,
2026-09-12T11:41:08-05:00,PUR_IED_CHARRY_INTDANZAS_7a08e6,PUR_IED_CHARRY_INTDANZAS_7a08e6,,,,,
2026-09-12T11:41:08-05:00,PUR_IED_CHARRY_INT_AULA20_dc998d,PUR_IED_CHARRY_INT_AULA20_dc998d,,,,,
2026-09-12T11:41:08-05:00,PUR_IED_COLVIV_1101_S25_7f520a,PUR_IED_COLVIV_1101_S25_7f520a,,,,,
2026-09-12T11:41:08-05:00,PUR_IED_COLVIV_1102_S16_f570ba,PUR_IED_COLVIV_1102_S16_f570ba,,,,,
2026-09-12T11:41:08-05:00,PUR_IED_COLVIV_Ext_1a26fa,PUR_IED_COLVIV_Ext_1a26fa,,,,,
2026-09-12T11:41:08-05:00,PUR_IED_CULPOP_301A_f660f3,PUR_IED_CULPOP_301A_f660f3,,,,,
2026-09-12T11:41:08-05:00,PUR_IED_CULPOP_303_568afe,PUR_IED_CULPOP_303_568afe,,,,,
2026-09-12T11:41:08-05:00,PUR_IED_CULPOP_Ext_e02ccb,PUR_IED_CULPOP_Ext_e02ccb,,,,,
2026-09-12T11:41:08-05:00,PUR_IED_CVillavicen_Ext_26eb58,PUR_IED_CVillavicen_Ext_26eb58,3,17,72,4.487,-74.102798
2026-09-12T11:41:08-05:00,PUR_IED_CVillavicen_Intel_1ce5c2,PUR_IED_CVillavicen_Intel_1ce5c2,,,,,
2026-09-12T11:41:08-05:00,PUR_IED_CVillavicen_Poliv_e0766c,PUR_IED_CVillavicen_Poliv_e0766c,,,,,
2026-09-12T11:41:08-05:00,PUR_IED_CVillavicen_int_1ba140,PUR_IED_CVillavicen_int_1ba140,,,,,
2026-09-12T11:41:08-05:00,PUR_IED_CVillavicen_intel_1ba140,PUR_IED_CVillavicen_intel_1ba140,,,,,
2026-09-12T11:41:08-05:00,PUR_IED_CarlosPizarro_Ext_e307cc,PUR_IED_CarlosPizarro_Ext_e307cc,,,,,
2026-09-12T11:41:08-05:00,PUR_IED_CarlosPizarro_L36_7e5cdb,PUR_IED_CarlosPizarro_L36_7e5cdb,,,,,
2026-09-12T11:41:08-05:00,PUR_IED_CarlosPizarro_L37_c8566c,PUR_IED_CarlosPizarro_L37_c8566c,,,,,
2026-09-12T11:41:08-05:00,PUR_IED_Castilla_Ext_cf35f,PUR_IED_Castilla_Ext_cf35f,,,,,
2026-09-12T11:41:08-05:00,PUR_IED_Castilla_SFisik_360e38,PUR_IED_Castilla_SFisik_360e38,,,,,
2026-09-12T11:41:08-05:00,PUR_IED_Castilla_Sc304_496fbf,PUR_IED_Castilla_Sc304_496fbf,,,,,
2026-09-12T11:41:08-05:00,PUR_IED_CervantesSa_Ext_6b57b,PUR_IED_CervantesSa_Ext_6b57b,2,20,63,4.5128,-74.117203
2026-09-12T11:41:08-05:00,PUR_IED_CervantesSa_S107_225c2b,PUR_IED_CervantesSa_S107_225c2b,,,,,
2026-09-12T11:41:08-05:00,PUR_IED_CervantesSa_S108_940925,PUR_IED_CervantesSa_S108_940925,,,,,
2026-09-12T11:41:08-05:00,PUR_IED_Charry_A20_f53e7c,PUR_IED_Charry_A20_f53e7c,,,,,
2026-09-12T11:41:08-05:00,PUR_IED_Charry_Ext_f1d5cd,PUR_IED_Charry_Ext_f1d5cd,,,,,
2026-09-12T11:41:08-05:00,PUR_IED_Charry_IntAula20_dc998d,PUR_IED_Charry_IntAula20_dc998d,,,,,
2026-09-12T11:41:08-05:00,PUR_IED_Charry_IntDanzas_7a08e6,PUR_IED_Charry_IntDanzas_7a08e6,,,,,
2026-09-12T11:41:08-05:00,PUR_IED_ClememciaC_203_43e2fc,PUR_IED_ClememciaC_203_43e2fc,,,,,
2026-09-12T11:41:08-05:00,PUR_IED_ClememciaC_Ext_1b411a,PUR_IED_ClememciaC_Ext_1b411a,,,,,
2026-09-12T11:41:08-05:00,PUR_IED_ClememciaC_Quimic_44b5fc,PUR_IED_ClememciaC_Quimic_44b5fc,,,,,
2026-09-12T11:41:08-05:00,PUR_IED_ClemenciaC_203_43e2fc,PUR_IED_ClemenciaC_203_43e2fc,,,,,
2026-09-12T11:41:08-05:00,PUR_IED_ClemenciaC_Ext_1b411a,PUR_IED_ClemenciaC_Ext_1b411a,,,,,
2026-09-12T11:41:08-05:00,PUR_IED_ClemenciaC_Quimic_44b5fc,PUR_IED_ClemenciaC_Quimic_44b5fc,,,,,
2026-09-12T11:41:08-05:00,PUR_IED_ColViva_1101_S25_7f520a,PUR_IED_ColViva_1101_S25_7f520a,,,,,
2026-09-12T11:41:08-05:00,PUR_IED_ColViva_1102_S16_f570ba,PUR_IED_ColViva_1102_S16_f570ba,,,,,
2026-09-12T11:41:08-05:00,PUR_IED_ColViva_Ext_1a26fa,PUR_IED_ColViva_Ext_1a26fa,,,,,
2026-09-12T11:41:08-05:00,PUR_IED_ColegioBici_Asist_7c8798,PUR_IED_ColegioBici_Asist_7c8798,,,,,
2026-09-12T11:41:08-05:00,PUR_IED_ColegioBici_Ext_25cbf6,PUR_IED_ColegioBici_Ext_25cbf6,,,,,
2026-09-12T11:41:08-05:00,PUR_IED_ColegioBici_LabQ_7b57db,PUR_IED_ColegioBici_LabQ_7b57db,,,,,
2026-09-12T11:41:08-05:00,PUR_IED_CostaRica_Ext_5e640,PUR_IED_CostaRica_Ext_5e640,,,,,
2026-09-12T11:41:08-05:00,PUR_IED_CostaRica_Quim1_766d1c,PUR_IED_CostaRica_Quim1_766d1c,,,,,
2026-09-12T11:41:08-05:00,PUR_IED_CostaRica__Fisica_6f0873,PUR_IED_CostaRica__Fisica_6f0873,,,,,
2026-09-12T11:41:08-05:00,PUR_IED_CulPopu_301A_f660f3,PUR_IED_CulPopu_301A_f660f3,,,,,
2026-09-12T11:41:08-05:00,PUR_IED_CulPopu_303_568afe,PUR_IED_CulPopu_303_568afe,,,,,
2026-09-12T11:41:08-05:00,PUR_IED_CulPopu_Ext_e02ccb,PUR_IED_CulPopu_Ext_e02ccb,,,,,
2026-09-12T11:41:08-05:00,PUR_IED_Cundinamarca_Ext_f15985,PUR_IED_Cundinamarca_Ext_f15985,,,,,
2026-09-12T11:41:08-05:00,PUR_IED_Cundinamarca_Info_7aa5d7,PUR_IED_Cundinamarca_Info_7aa5d7,,,,,
2026-09-12T11:41:08-05:00,PUR_IED_Cundinamarca_Tec2_f449c7,PUR_IED_Cundinamarca_Tec2_f449c7,,,,,
2026-09-12T11:41:08-05:00,PUR_IED_DiegoM_Aula1_27b314,PUR_IED_DiegoM_Aula1_27b314,,,,,
2026-09-12T11:41:08-05:00,PUR_IED_DiegoM_Ext_d80ac8,PUR_IED_DiegoM_Ext_d80ac8,,,,,
2026-09-12T11:41:08-05:00,PUR_IED_DiegoM_S25_da928f,PUR_IED_DiegoM_S25_da928f,,,,,
2026-09-12T11:41:08-05:00,PUR_IED_ELRODEO_360881,PUR_IED_ELRODEO_360881,,,,,
2026-09-12T11:41:08-05:00,PUR_IED_ELRODEO_ext_360881,PUR_IED_ELRODEO_ext_360881,,,,,
2026-09-12T11:41:08-05:00,PUR_IED_EduardoU_Ext_1c1969,PUR_IED_EduardoU_Ext_1c1969,,,,,
2026-09-12T11:41:08-05:00,PUR_IED_EduardoU_SCiencia_4dfb94,PUR_IED_EduardoU_SCiencia_4dfb94,,,,,
2026-09-12T11:41:08-05:00,PUR_IED_EduardoU_SQuimica_5a46e7,PUR_IED_EduardoU_SQuimica_5a46e7,,,,,
2026-09-12T11:41:08-05:00,PUR_IED_ElRodeo_Aula14_676984,PUR_IED_ElRodeo_Aula14_676984,,,,,
2026-09-12T11:41:08-05:00,PUR_IED_ElRodeo_Aula16_2dd35b,PUR_IED_ElRodeo_Aula16_2dd35b,,,,,
2026-09-12T11:41:08-05:00,PUR_IED_ElRodeo_Ext_360881,PUR_IED_ElRodeo_Ext_360881,,,,,
2026-09-12T11:41:08-05:00,PUR_IED_ElRodeo_Exterior_8c6d28,PUR_IED_ElRodeo_Exterior_8c6d28,,,,,
2026-09-12T11:41:08-05:00,PUR_IED_ElRodeo_ext_360881,PUR_IED_ElRodeo_ext_360881,,,,,
2026-09-12T11:41:08-05:00,PUR_IED_EmmaReyes_Ext_987625,PUR_IED_EmmaReyes_Ext_987625,3,22,47,4.6367,-74.1511
2026-09-12T11:41:08-05:00,PUR_IED_Ensueño_Ext_7f0250,PUR_IED_Ensueño_Ext_7f0250,,,,,
2026-09-12T11:41:08-05:00,PUR_IED_EscNormal_Ext_5fef3b,PUR_IED_EscNormal_Ext_5fef3b,2,22,52,4.5852,-74.096901
2026-09-12T11:41:08-05:00,PUR_IED_EscNormal_S309_5b263,PUR_IED_EscNormal_S309_5b263,,,,,
2026-09-12T11:41:08-05:00,PUR_IED_EscNormal_S310_27b3b8,PUR_IED_EscNormal_S310_27b3b8,,,,,
2026-09-12T11:41:08-05:00,PUR_IED_Evangelista_Conta_f6cd4f,PUR_IED_Evangelista_Conta_f6cd4f,,,,,
2026-09-12T11:41:08-05:00,PUR_IED_Evangelista_Cri_5e16a,PUR_IED_Evangelista_Cri_5e16a,,,,,
2026-09-12T11:41:08-05:00,PUR_IED_Evangelista_Exter_754066,PUR_IED_Evangelista_Exter_754066,,,,,
2026-09-12T11:41:08-05:00,PUR_IED_FMiranda_S209_5cc2a3,PUR_IED_FMiranda_S209_5cc2a3,,,,,
2026-09-12T11:41:08-05:00,PUR_IED_FMiranda_S303_19e344,PUR_IED_FMiranda_S303_19e344,,,,,
2026-09-12T11:41:08-05:00,PUR_IED_FMiranda_ext_f53e7c,PUR_IED_FMiranda_ext_f53e7c,,,,,
2026-09-12T11:41:08-05:00,PUR_IED_FabioLozano_Bibli_1cee05,PUR_IED_FabioLozano_Bibli_1cee05,,,,,
2026-09-12T11:41:08-05:00,PUR_IED_FabioLozano_Ext_6ea285,PUR_IED_FabioLozano_Ext_6ea285,,,,,
2026-09-12T11:41:08-05:00,PUR_IED_FabioLozano_SLudi_f09e1e,PUR_IED_FabioLozano_SLudi_f09e1e,,,,,
2026-09-12T11:41:08-05:00,PUR_IED_FaustinoS_Aula07_27a731,PUR_IED_FaustinoS_Aula07_27a731,,,,,
2026-09-12T11:41:08-05:00,PUR_IED_FaustinoS_Ext_7b936f,PUR_IED_FaustinoS_Ext_7b936f,,,,,
2026-09-12T11:41:08-05:00,PUR_IED_FaustinoS_Fisica_da2c60,PUR_IED_FaustinoS_Fisica_da2c60,,,,,
2026-09-12T11:41:08-05:00,PUR_IED_FeGarciaLo_Ext_dc68ee,PUR_IED_FeGarciaLo_Ext_dc68ee,,,,,
2026-09-12T11:41:08-05:00,PUR_IED_FeGarciaLo_SDanza_f70a59,PUR_IED_FeGarciaLo_SDanza_f70a59,,,,,
2026-09-12T11:41:08-05:00,PUR_IED_FeGarciaLo_SMusic_125cdd,PUR_IED_FeGarciaLo_SMusic_125cdd,,,,,
2026-09-12T11:41:08-05:00,PUR_IED_FederalAlema_Exte_50c345,PUR_IED_FederalAlema_Exte_50c345,,,,,
2026-09-12T11:41:08-05:00,PUR_IED_FederalAlema_S31_f18371,PUR_IED_FederalAlema_S31_f18371,,,,,
2026-09-12T11:41:08-05:00,PUR_IED_FederalAlema_S901_a62cd,PUR_IED_FederalAlema_S901_a62cd,,,,,
2026-09-12T11:41:08-05:00,PUR_IED_FilarmonicaS_A5_f35eb1,PUR_IED_FilarmonicaS_A5_f35eb1,,,,,
2026-09-12T11:41:08-05:00,PUR_IED_FilarmonicaS_Ext_8a3bde,PUR_IED_FilarmonicaS_Ext_8a3bde,,,,,
2026-09-12T11:41:08-05:00,PUR_IED_FilarmonicaS_Spol_406114,PUR_IED_FilarmonicaS_Spol_406114,,,,,
2026-09-12T11:41:08-05:00,PUR_IED_FlorentinoG_A13_d1fa59,PUR_IED_FlorentinoG_A13_d1fa59,,,,,
2026-09-12T11:41:08-05:00,PUR_IED_FlorentinoG_Ext_1ce6ce,PUR_IED_FlorentinoG_Ext_1ce6ce,,,,,
2026-09-12T11:41:08-05:00,PUR_IED_FlorentinoG_Idiom_a66aac,PUR_IED_FlorentinoG_Idiom_a66aac,,,,,
2026-09-12T11:41:08-05:00,PUR_IED_FranciscoMati_Ext_e3869d,PUR_IED_FranciscoMati_Ext_e3869d,,,,,
2026-09-12T11:41:08-05:00,PUR_IED_FranciscoMati_S13_f31c67,PUR_IED_FranciscoMati_S13_f31c67,,,,,
2026-09-12T11:41:08-05:00,PUR_IED_FranciscoMati_S14_97dead,PUR_IED_FranciscoMati_S14_97dead,,,,,
2026-09-12T11:41:08-05:00,PUR_IED_FranciscoPS_Ext_7bfa9a,PUR_IED_FranciscoPS_Ext_7bfa9a,2,23,51,4.5899,-74.110397
2026-09-12T11:41:08-05:00,PUR_IED_FranciscoPS_Infor_fb8f4c,PUR_IED_FranciscoPS_Infor_fb8f4c,,,,,
2026-09-12T11:41:08-05:00,PUR_IED_FranciscoPS_Quimi_94d39c,PUR_IED_FranciscoPS_Quimi_94d39c,,,,,
2026-09-12T11:41:08-05:00,PUR_IED_FranciscoP_LabQ_d7e148,PUR_IED_FranciscoP_LabQ_d7e148,,,,,
2026-09-12T11:41:08-05:00,PUR_IED_FranciscoP_S28_cf9b30,PUR_IED_FranciscoP_S28_cf9b30,,,,,
2026-09-12T11:41:08-05:00,PUR_IED_FranciscoP_ext_e2313,PUR_IED_FranciscoP_ext_e2313,,,,,
2026-09-12T11:41:08-05:00,PUR_IED_FriederichN_Ext_8ac92a,PUR_IED_FriederichN_Ext_8ac92a,,,,,
2026-09-12T11:41:08-05:00,PUR_IED_FriederichN_S301_dd7e5a,PUR_IED_FriederichN_S301_dd7e5a,,,,,
2026-09-12T11:41:08-05:00,PUR_IED_FriederichN_S308_761f4f,PUR_IED_FriederichN_S308_761f4f,,,,,
2026-09-12T11:41:08-05:00,PUR_IED_GSantander_Aula10_533dd7,PUR_IED_GSantander_Aula10_533dd7,,,,,
2026-09-12T11:41:08-05:00,PUR_IED_GSantander_Aula12_fd4e4f,PUR_IED_GSantander_Aula12_fd4e4f,,,,,
2026-09-12T11:41:08-05:00,PUR_IED_GSantander_Aula310_533dd7,PUR_IED_GSantander_Aula310_533dd7,,,,,
2026-09-12T11:41:08-05:00,PUR_IED_GSantander_Aula312_fd4e4f,PUR_IED_GSantander_Aula312_fd4e4f,,,,,
2026-09-12T11:41:08-05:00,PUR_IED_GSantander_Ext_5f66b0,PUR_IED_GSantander_Ext_5f66b0,,,,,
2026-09-12T11:41:08-05:00,PUR_IED_GYomasa_Ext_f6bea5,PUR_IED_GYomasa_Ext_f6bea5,,,,,
2026-09-12T11:41:08-05:00,PUR_IED_GYomasa_LBiol_2c41aa,PUR_IED_GYomasa_LBiol_2c41aa,,,,,
2026-09-12T11:41:08-05:00,PUR_IED_GYomasa_LQuim_33c80,PUR_IED_GYomasa_LQuim_33c80,,,,,
2026-09-12T11:41:08-05:00,PUR_IED_GabBetMejia_Cienc_5a99c,PUR_IED_GabBetMejia_Cienc_5a99c,,,,,
2026-09-12T11:41:08-05:00,PUR_IED_GabBetMejia_Ext_9153d0,PUR_IED_GabBetMejia_Ext_9153d0,,,,,
2026-09-12T11:41:08-05:00,PUR_IED_GabBetMejia_Lab_f55347,PUR_IED_GabBetMejia_Lab_f55347,,,,,
2026-09-12T11:41:08-05:00,PUR_IED_GabBetanMejia_Ext_9153d0,PUR_IED_GabBetanMejia_Ext_9153d0,,,,,
2026-09-12T11:41:08-05:00,PUR_IED_Gaitana_Aula13_7aac11,PUR_IED_Gaitana_Aula13_7aac11,,,,,
2026-09-12T11:41:08-05:00,PUR_IED_Gaitana_Ext_5fcf4,PUR_IED_Gaitana_Ext_5fcf4,,,,,
2026-09-12T11:41:08-05:00,PUR_IED_Gaitana_LabFisica_644448,PUR_IED_Gaitana_LabFisica_644448,,,,,
2026-09-12T11:41:08-05:00,PUR_IED_GenSantander_Dise_8ac858,PUR_IED_GenSantander_Dise_8ac858,,,,,
2026-09-12T11:41:08-05:00,PUR_IED_GenSantander_Ext_8d5dfe,PUR_IED_GenSantander_Ext_8d5dfe,,,,,
2026-09-12T11:41:08-05:00,PUR_IED_GenSantander_Info_6c25b,PUR_IED_GenSantander_Info_6c25b,,,,,
2026-09-12T11:41:08-05:00,PUR_IED_GustavoMo_Exterio_75e63d,PUR_IED_GustavoMo_Exterio_75e63d,,,,,
2026-09-12T11:41:08-05:00,PUR_IED_GustavoMo_LabFisi_224d37,PUR_IED_GustavoMo_LabFisi_224d37,,,,,
2026-09-12T11:41:08-05:00,PUR_IED_GustavoMo_S208_3e6918,PUR_IED_GustavoMo_S208_3e6918,,,,,
2026-09-12T11:41:08-05:00,PUR_IED_GustavoR_A02_8cd4a8,PUR_IED_GustavoR_A02_8cd4a8,,,,,
2026-09-12T11:41:08-05:00,PUR_IED_GustavoR_B11_5b0ed,PUR_IED_GustavoR_B11_5b0ed,,,,,
2026-09-12T11:41:08-05:00,PUR_IED_GustavoR_Ext_7a0c90,PUR_IED_GustavoR_Ext_7a0c90,,,,,
2026-09-12T11:41:08-05:00,PUR_IED_HernandoDuran_Ext_8cd82b,PUR_IED_HernandoDuran_Ext_8cd82b,,,,,
2026-09-12T11:41:08-05:00,PUR_IED_HernandoDuran_S24_2772c6,PUR_IED_HernandoDuran_S24_2772c6,,,,,
2026-09-12T11:41:08-05:00,PUR_IED_HernandoDuran_S30_f2de41,PUR_IED_HernandoDuran_S30_f2de41,,,,,
2026-09-12T11:41:08-05:00,PUR_IED_HolguInUr_S1101_8cd732,PUR_IED_HolguInUr_S1101_8cd732,,,,,
2026-09-12T11:41:08-05:00,PUR_IED_HolguinUr_Exter_ddae6d,PUR_IED_HolguinUr_Exter_ddae6d,,,,,
2026-09-12T11:41:08-05:00,PUR_IED_HolguinUr_LabQuim_92b952,PUR_IED_HolguinUr_LabQuim_92b952,,,,,
2026-09-12T11:41:08-05:00,PUR_IED_Isabel-II_Ext_5245cc,PUR_IED_Isabel-II_Ext_5245cc,2,20,52,4.6336,-74.153
2026-09-12T11:41:08-05:00,PUR_IED_Isabel-II_S_idiom_1c29aa,PUR_IED_Isabel-II_S_idiom_1c29aa,,,,,
2026-09-12T11:41:08-05:00,PUR_IED_Isabel-II_S_infor_fd741,PUR_IED_Isabel-II_S_infor_fd741,,,,,
2026-09-12T11:41:08-05:00,PUR_IED_IsidroSur_Exterio_5b90ea,PUR_IED_IsidroSur_Exterio_5b90ea,,,,,
2026-09-12T11:41:08-05:00,PUR_IED_IsidroSur_LabTec_56697a,PUR_IED_IsidroSur_LabTec_56697a,,,,,
2026-09-12T11:41:08-05:00,PUR_IED_IsidroSur_Robotic_b7c38f,PUR_IED_IsidroSur_Robotic_b7c38f,,,,,
2026-09-12T11:41:08-05:00,PUR_IED_IsmaelPerd_Ext_7b6672,PUR_IED_IsmaelPerd_Ext_7b6672,,,,,
2026-09-12T11:41:08-05:00,PUR_IED_IsmaelPerd_Inform_306540,PUR_IED_IsmaelPerd_Inform_306540,,,,,
2026-09-12T11:41:08-05:00,PUR_IED_IsmaelPerd_S30_2e2c83,PUR_IED_IsmaelPerd_S30_2e2c83,,,,,
2026-09-12T11:41:08-05:00,PUR_IED_JLozano_Exter_432910,PUR_IED_JLozano_Exter_432910,,,,,
2026-09-12T11:41:08-05:00,PUR_IED_JLozano_salaMulti_df5125,PUR_IED_JLozano_salaMulti_df5125,,,,,
2026-09-12T11:41:08-05:00,PUR_IED_JMCordoba_206_86f80b,PUR_IED_JMCordoba_206_86f80b,,,,,
2026-09-12T11:41:08-05:00,PUR_IED_JMCordoba_Ext_27ad97,PUR_IED_JMCordoba_Ext_27ad97,,,,,
2026-09-12T11:41:08-05:00,PUR_IED_JMCordoba_S310_d59ab4,PUR_IED_JMCordoba_S310_d59ab4,,,,,
2026-09-12T11:41:08-05:00,PUR_IED_Japon_Ext_549100,PUR_IED_Japon_Ext_549100,,,,,
2026-09-12T11:41:08-05:00,PUR_IED_Japon_Laboratorio_bec51d,PUR_IED_Japon_Laboratorio_bec51d,,,,,
2026-09-12T11:41:08-05:00,PUR_IED_Japon_informatica_d99327,PUR_IED_Japon_informatica_d99327,,,,,
2026-09-12T11:41:08-05:00,PUR_IED_Jazmin_Ext_d27bda,PUR_IED_Jazmin_Ext_d27bda,,,,,
2026-09-12T11:41:08-05:00,PUR_IED_Jazmin_Fisica_8d14d7,PUR_IED_Jazmin_Fisica_8d14d7,,,,,
2026-09-12T11:41:08-05:00,PUR_IED_Jazmin_Quimica_801cb5,PUR_IED_Jazmin_Quimica_801cb5,,,,,
2026-09-12T11:41:08-05:00,PUR_IED_JorgeGaitan_Exter_f098d1,PUR_IED_JorgeGaitan_Exter_f098d1,,,,,
2026-09-12T11:41:08-05:00,PUR_IED_JorgeGaitan_STec1_dc9d1d,PUR_IED_JorgeGaitan_STec1_dc9d1d,,,,,
2026-09-12T11:41:08-05:00,PUR_IED_JorgeGaitan_STec2_281e69,PUR_IED_JorgeGaitan_STec2_281e69,,,,,
2026-09-12T11:41:08-05:00,PUR_IED_JorgeSoto_Exterio_d9d0a2,PUR_IED_JorgeSoto_Exterio_d9d0a2,,,,,
2026-09-12T11:41:08-05:00,PUR_IED_JorgeSoto_LabFisi_209c54,PUR_IED_JorgeSoto_LabFisi_209c54,,,,,
2026-09-12T11:41:08-05:00,PUR_IED_JorgeSoto_S103_27b51a,PUR_IED_JorgeSoto_S103_27b51a,,,,,
2026-09-12T11:41:08-05:00,PUR_IED_JoseAcevedo_A02_e965eb,PUR_IED_JoseAcevedo_A02_e965eb,,,,,
2026-09-12T11:41:08-05:00,PUR_IED_JoseAcevedo_A07_dd5b4,PUR_IED_JoseAcevedo_A07_dd5b4,,,,,
2026-09-12T11:41:08-05:00,PUR_IED_JoseAcevedo_Ext_b47484,PUR_IED_JoseAcevedo_Ext_b47484,,,,,
2026-09-12T11:41:08-05:00,PUR_IED_JoseMarti_Exte_5b9bf,PUR_IED_JoseMarti_Exte_5b9bf,,,,,
2026-09-12T11:41:08-05:00,PUR_IED_JoseMarti_LabQuim_1c6c2d,PUR_IED_JoseMarti_LabQuim_1c6c2d,,,,,
2026-09-12T11:41:08-05:00,PUR_IED_JoseMarti_S_info_f5f177,PUR_IED_JoseMarti_S_info_f5f177,,,,,
2026-09-12T11:41:08-05:00,PUR_IED_Josejoaquin_Ext_dfc5dc,PUR_IED_Josejoaquin_Ext_dfc5dc,,,,,
2026-09-12T11:41:08-05:00,PUR_IED_Josejoaquin_S05_5b2a96,PUR_IED_Josejoaquin_S05_5b2a96,,,,,
2026-09-12T11:41:08-05:00,PUR_IED_Josejoaquin_S06_1ce7d2,PUR_IED_Josejoaquin_S06_1ce7d2,,,,,
2026-09-12T11:41:08-05:00,PUR_IED_JulioFlorez_Danza_9b82dd,PUR_IED_JulioFlorez_Danza_9b82dd,,,,,
2026-09-12T11:41:08-05:00,PUR_IED_JulioFlorez_Exter_f9f314,PUR_IED_JulioFlorez_Exter_f9f314,,,,,
2026-09-12T11:41:08-05:00,PUR_IED_JulioFlorez_info2_6b6e08,PUR_IED_JulioFlorez_info2_6b6e08,,,,,
2026-09-12T11:41:08-05:00,PUR_IED_LaBelleza_Aula13_1d00d8,PUR_IED_LaBelleza_Aula13_1d00d8,,,,,
2026-09-12T11:41:08-05:00,PUR_IED_LaBelleza_Ext_7bc08c,PUR_IED_LaBelleza_Ext_7bc08c,,,,,
2026-09-12T11:41:08-05:00,PUR_IED_LaChucua_Ext_8cd6d2,PUR_IED_LaChucua_Ext_8cd6d2,,,,,
2026-09-12T11:41:08-05:00,PUR_IED_LaChucua_S15_f578ce,PUR_IED_LaChucua_S15_f578ce,,,,,
2026-09-12T11:41:08-05:00,PUR_IED_LaChucua_S16_eebcf9,PUR_IED_LaChucua_S16_eebcf9,,,,,
2026-09-12T11:41:08-05:00,PUR_IED_LaFelicidad_Ext_fb5109,PUR_IED_LaFelicidad_Ext_fb5109,,,,,
2026-09-12T11:41:08-05:00,PUR_IED_LaMerced_206_66ebd,PUR_IED_LaMerced_206_66ebd,,,,,
2026-09-12T11:41:08-05:00,PUR_IED_LaMerced_207_6ebd6,PUR_IED_LaMerced_207_6ebd6,,,,,
2026-09-12T11:41:08-05:00,PUR_IED_LaMerced_ext_304311,PUR_IED_LaMerced_ext_304311,,,,,
2026-09-12T11:41:08-05:00,PUR_IED_Laureano_CiencNat_281e5e,PUR_IED_Laureano_CiencNat_281e5e,,,,,
2026-09-12T11:41:08-05:00,PUR_IED_Laureano_Comedor_f65c0a,PUR_IED_Laureano_Comedor_f65c0a,,,,,
2026-09-12T11:41:08-05:00,PUR_IED_Laureano_Exterior_7ab011,PUR_IED_Laureano_Exterior_7ab011,,,,,
2026-09-12T11:41:08-05:00,PUR_IED_LeonGreiff_Exte_dfe560,PUR_IED_LeonGreiff_Exte_dfe560,,,,,
2026-09-12T11:41:08-05:00,PUR_IED_LeonGreiff_S210_f264ed,PUR_IED_LeonGreiff_S210_f264ed,,,,,
2026-09-12T11:41:08-05:00,PUR_IED_LeonGreiff_SQuimi_e8296f,PUR_IED_LeonGreiff_SQuimi_e8296f,,,,,
2026-09-12T11:41:08-05:00,PUR_IED_LlanoOrientalS208_7b9fcd,PUR_IED_LlanoOrientalS208_7b9fcd,,,,,
2026-09-12T11:41:08-05:00,PUR_IED_LlanoOriental_Ext_fb3766,PUR_IED_LlanoOriental_Ext_fb3766,,,,,
2026-09-12T11:41:08-05:00,PUR_IED_LlanoOriental_S208_7b9fcd,PUR_IED_LlanoOriental_S208_7b9fcd,,,,,
2026-09-12T11:41:08-05:00,PUR_IED_LlanoOriental_S9_27b378,PUR_IED_LlanoOriental_S9_27b378,,,,,
2026-09-12T11:41:08-05:00,PUR_IED_LosTejares_1101_477602,PUR_IED_LosTejares_1101_477602,,,,,
2026-09-12T11:41:08-05:00,PUR_IED_LosTejares_11_d2c595,PUR_IED_LosTejares_11_d2c595,,,,,
2026-09-12T11:41:08-05:00,PUR_IED_LosTejares_12_477602,PUR_IED_LosTejares_12_477602,,,,,
2026-09-12T11:41:08-05:00,PUR_IED_LosTejares_Ext_8e2115,PUR_IED_LosTejares_Ext_8e2115,,,,,
2026-09-12T11:41:08-05:00,PUR_IED_MagdalenaO_B202_5ddda3,PUR_IED_MagdalenaO_B202_5ddda3,,,,,
2026-09-12T11:41:08-05:00,PUR_IED_MagdalenaO_B205_fb76e8,PUR_IED_MagdalenaO_B205_fb76e8,,,,,
2026-09-12T11:41:08-05:00,PUR_IED_MagdalenaO_ext_dc69cd,PUR_IED_MagdalenaO_ext_dc69cd,,,,,
2026-09-12T11:41:08-05:00,PUR_IED_ManueCepeda_artes_eee956,PUR_IED_ManueCepeda_artes_eee956,,,,,
2026-09-12T11:41:08-05:00,PUR_IED_ManuelCepeda_Ext_58313,PUR_IED_ManuelCepeda_Ext_58313,,,,,
2026-09-12T11:41:08-05:00,PUR_IED_ManuelCepeda_tec_1c5731,PUR_IED_ManuelCepeda_tec_1c5731,,,,,
2026-09-12T11:41:08-05:00,PUR_IED_ManuelS_Exterior_5b269,PUR_IED_ManuelS_Exterior_5b269,,,,,
2026-09-12T11:41:08-05:00,PUR_IED_ManuelS_Inform_f369ce,PUR_IED_ManuelS_Inform_f369ce,,,,,
2026-09-12T11:41:08-05:00,PUR_IED_ManuelS_SArtes_7d15f1,PUR_IED_ManuelS_SArtes_7d15f1,,,,,
2026-09-12T11:41:08-05:00,PUR_IED_ManuelZapata_303_3ca6,PUR_IED_ManuelZapata_303_3ca6,,,,,
2026-09-12T11:41:08-05:00,PUR_IED_ManuelZapata_311_bfbabc,PUR_IED_ManuelZapata_311_bfbabc,,,,,
2026-09-12T11:41:08-05:00,PUR_IED_ManuelZapata_Ext_50824a,PUR_IED_ManuelZapata_Ext_50824a,,,,,
2026-09-12T11:41:08-05:00,PUR_IED_ManuelitaS_Exteri_656a92,PUR_IED_ManuelitaS_Exteri_656a92,,,,,
2026-09-12T11:41:08-05:00,PUR_IED_ManuelitaS_JuzgDe_f58ec3,PUR_IED_ManuelitaS_JuzgDe_f58ec3,,,,,
2026-09-12T11:41:08-05:00,PUR_IED_ManuelitaS_Recrea_d793db,PUR_IED_ManuelitaS_Recrea_d793db,,,,,
2026-09-12T11:41:08-05:00,PUR_IED_MarFidSuarez_Ext_c27b19,PUR_IED_MarFidSuarez_Ext_c27b19,,,,,
2026-09-12T11:41:08-05:00,PUR_IED_MarFidSuarez_Info_e384d7,PUR_IED_MarFidSuarez_Info_e384d7,,,,,
2026-09-12T11:41:08-05:00,PUR_IED_MarFidSuarez_S306_1d0032,PUR_IED_MarFidSuarez_S306_1d0032,,,,,
2026-09-12T11:41:08-05:00,PUR_IED_Menorah_301_2a25a3,PUR_IED_Menorah_301_2a25a3,,,,,
2026-09-12T11:41:08-05:00,PUR_IED_Menorah_306_37ed3,PUR_IED_Menorah_306_37ed3,,,,,
2026-09-12T11:41:08-05:00,PUR_IED_Menorah_Ext_3e155b,PUR_IED_Menorah_Ext_3e155b,,,,,
2026-09-12T11:41:08-05:00,PUR_IED_MinutoB.Aires_A11_1b1604,PUR_IED_MinutoB.Aires_A11_1b1604,,,,,
2026-09-12T11:41:08-05:00,PUR_IED_MinutoB.Aires_A12_fb5860,PUR_IED_MinutoB.Aires_A12_fb5860,,,,,
2026-09-12T11:41:08-05:00,PUR_IED_MinutoB.Aires_Ext_81293f,PUR_IED_MinutoB.Aires_Ext_81293f,,,,,
2026-09-12T11:41:08-05:00,PUR_IED_MinutoBAires_A11_1b1604,PUR_IED_MinutoBAires_A11_1b1604,,,,,
2026-09-12T11:41:08-05:00,PUR_IED_MinutoBAires_A12_fb5860,PUR_IED_MinutoBAires_A12_fb5860,,,,,
2026-09-12T11:41:08-05:00,PUR_IED_MinutoBAires_Ext_81293f,PUR_IED_MinutoBAires_Ext_81293f,,,,,
2026-09-12T11:41:08-05:00,PUR_IED_Montreal_Aula10_1e4959,PUR_IED_Montreal_Aula10_1e4959,,,,,
2026-09-12T11:41:08-05:00,PUR_IED_Montreal_Aula6_300367,PUR_IED_Montreal_Aula6_300367,,,,,
2026-09-12T11:41:08-05:00,PUR_IED_Montreal_Exterior_91a179,PUR_IED_Montreal_Exterior_91a179,,,,,
2026-09-12T11:41:08-05:00,PUR_IED_Mqgdalena_B202_5ddda3,PUR_IED_Mqgdalena_B202_5ddda3,,,,,
2026-09-12T11:41:08-05:00,PUR_IED_NACUND_Soc_dc8728,PUR_IED_NACUND_Soc_dc8728,,,,,
2026-09-12T11:41:08-05:00,PUR_IED_NACUND_ext_27ad97,PUR_IED_NACUND_ext_27ad97,,,,,
2026-09-12T11:41:08-05:00,PUR_IED_NEsperanza_Ext_d24b61,PUR_IED_NEsperanza_Ext_d24b61,,,,,
2026-09-12T11:41:08-05:00,PUR_IED_NEsperanza_SElect_7d1807,PUR_IED_NEsperanza_SElect_7d1807,,,,,
2026-09-12T11:41:08-05:00,PUR_IED_NEsperanza_SLabor_8b2d0a,PUR_IED_NEsperanza_SLabor_8b2d0a,,,,,
2026-09-12T11:41:08-05:00,PUR_IED_NacionesU_Ext_f661a9,PUR_IED_NacionesU_Ext_f661a9,,,,,
2026-09-12T11:41:08-05:00,PUR_IED_NacionesU_Quimica_66f0a,PUR_IED_NacionesU_Quimica_66f0a,,,,,
2026-09-12T11:41:08-05:00,PUR_IED_NacionesU_S306_1b4b3d,PUR_IED_NacionesU_S306_1b4b3d,,,,,
2026-09-12T11:41:08-05:00,PUR_IED_NestorFA_Ext_e4201c,PUR_IED_NestorFA_Ext_e4201c,,,,,
2026-09-12T11:41:08-05:00,PUR_IED_NestorFA_Laborato_f22fe0,PUR_IED_NestorFA_Laborato_f22fe0,,,,,
2026-09-12T11:41:08-05:00,PUR_IED_NestorFA_S204_dee996,PUR_IED_NestorFA_S204_dee996,,,,,
2026-09-12T11:41:08-05:00,PUR_IED_NidyaQT_Aula03_76999b,PUR_IED_NidyaQT_Aula03_76999b,,,,,
2026-09-12T11:41:08-05:00,PUR_IED_NidyaQT_Aula10_56325,PUR_IED_NidyaQT_Aula10_56325,,,,,
2026-09-12T11:41:08-05:00,PUR_IED_NidyaQT_Ext_46e32d,PUR_IED_NidyaQT_Ext_46e32d,,,,,
2026-09-12T11:41:08-05:00,PUR_IED_NuevaCol_Exterior_d9b859,PUR_IED_NuevaCol_Exterior_d9b859,,,,,
2026-09-12T11:41:08-05:00,PUR_IED_NuevaCol_S1101_76c43b,PUR_IED_NuevaCol_S1101_76c43b,,,,,
2026-09-12T11:41:08-05:00,PUR_IED_NuevaCol_S1102_1ce0b5,PUR_IED_NuevaCol_S1102_1ce0b5,,,,,
2026-09-12T11:41:08-05:00,PUR_IED_OEA_A202_f7e3f2,PUR_IED_OEA_A202_f7e3f2,,,,,
2026-09-12T11:41:08-05:00,PUR_IED_OEA_A203_7d1b8d,PUR_IED_OEA_A203_7d1b8d,,,,,
2026-09-12T11:41:08-05:00,PUR_IED_OEA_Ext_27b593,PUR_IED_OEA_Ext_27b593,,,,,
2026-09-12T11:41:08-05:00,PUR_IED_Ochoa_Ext_1c29da,PUR_IED_Ochoa_Ext_1c29da,,,,,
2026-09-12T11:41:08-05:00,PUR_IED_Ochoa_S205_8b1121,PUR_IED_Ochoa_S205_8b1121,,,,,
2026-09-12T11:41:08-05:00,PUR_IED_Ochoa_Sistemas_f33af6,PUR_IED_Ochoa_Sistemas_f33af6,,,,,
2026-09-12T11:41:08-05:00,PUR_IED_PQuebec_Ext_1c67c7,PUR_IED_PQuebec_Ext_1c67c7,,,,,
2026-09-12T11:41:08-05:00,PUR_IED_PQuebec_S15_23e8e2,PUR_IED_PQuebec_S15_23e8e2,,,,,
2026-09-12T11:41:08-05:00,PUR_IED_PQuebec_S16_8ec76b,PUR_IED_PQuebec_S16_8ec76b,,,,,
2026-09-12T11:41:08-05:00,PUR_IED_PabloN_Ext_49dc96,PUR_IED_PabloN_Ext_49dc96,,,,,
2026-09-12T11:41:08-05:00,PUR_IED_PabloN_S1102_4e3df5,PUR_IED_PabloN_S1102_4e3df5,,,,,
2026-09-12T11:41:08-05:00,PUR_IED_PabloN_S1103_50c94b,PUR_IED_PabloN_S1103_50c94b,,,,,
2026-09-12T11:41:08-05:00,PUR_IED_Palestina_S1101_db9198,PUR_IED_Palestina_S1101_db9198,,,,,
2026-09-12T11:41:08-05:00,PUR_IED_Palestina_S1102_dc54fa,PUR_IED_Palestina_S1102_dc54fa,,,,,
2026-09-12T11:41:08-05:00,PUR_IED_Palestina_ext_4ccce6,PUR_IED_Palestina_ext_4ccce6,,,,,
2026-09-12T11:41:08-05:00,PUR_IED_Panama_Fisica_4d0794,PUR_IED_Panama_Fisica_4d0794,,,,,
2026-09-12T11:41:08-05:00,PUR_IED_Panama_SIngles_a4077e,PUR_IED_Panama_SIngles_a4077e,,,,,
2026-09-12T11:41:08-05:00,PUR_IED_Panama_ext_4c54b4,PUR_IED_Panama_ext_4c54b4,,,,,
2026-09-12T11:41:08-05:00,PUR_IED_ParaisoM_Exterior_8cd7f0,PUR_IED_ParaisoM_Exterior_8cd7f0,,,,,
2026-09-12T11:41:08-05:00,PUR_IED_ParaisoM_Laborato_27af35,PUR_IED_ParaisoM_Laborato_27af35,,,,,
2026-09-12T11:41:08-05:00,PUR_IED_ParaisoM_S304_d1edca,PUR_IED_ParaisoM_S304_d1edca,,,,,
2026-09-12T11:41:08-05:00,PUR_IED_PorfirioBarba_Ext_301466,PUR_IED_PorfirioBarba_Ext_301466,,,,,
2026-09-12T11:41:08-05:00,PUR_IED_PorfirioBarba_S11_df6cd2,PUR_IED_PorfirioBarba_S11_df6cd2,,,,,
2026-09-12T11:41:08-05:00,PUR_IED_PorfirioBarba_S29_27a7d6,PUR_IED_PorfirioBarba_S29_27a7d6,,,,,
2026-09-12T11:41:08-05:00,PUR_IED_PradoV_Exter_8b27ad,PUR_IED_PradoV_Exter_8b27ad,,,,,
2026-09-12T11:41:08-05:00,PUR_IED_PradoV_S301_de65b5,PUR_IED_PradoV_S301_de65b5,,,,,
2026-09-12T11:41:08-05:00,PUR_IED_PradoV_S302_7d2593,PUR_IED_PradoV_S302_7d2593,,,,,
2026-09-12T11:41:08-05:00,PUR_IED_QuirogaAlz_Ext_1ddc82,PUR_IED_QuirogaAlz_Ext_1ddc82,,,,,
2026-09-12T11:41:08-05:00,PUR_IED_QuirogaAlz_S302_9926a3,PUR_IED_QuirogaAlz_S302_9926a3,,,,,
2026-09-12T11:41:08-05:00,PUR_IED_QuirogaAlz_S305_cdf1f1,PUR_IED_QuirogaAlz_S305_cdf1f1,,,,,
2026-09-12T11:41:08-05:00,PUR_IED_RGuatemala_Biling_dc53b7,PUR_IED_RGuatemala_Biling_dc53b7,,,,,
2026-09-12T11:41:08-05:00,PUR_IED_RGuatemala_Ext_1b89a3,PUR_IED_RGuatemala_Ext_1b89a3,,,,,
2026-09-12T11:41:08-05:00,PUR_IED_RGuatemala_Tecnol_281a34,PUR_IED_RGuatemala_Tecnol_281a34,,,,,
2026-09-12T11:41:08-05:00,PUR_IED_RafaNu_Ext_f7c302,PUR_IED_RafaNu_Ext_f7c302,,,,,
2026-09-12T11:41:08-05:00,PUR_IED_RafaNu_S1101_25fde,PUR_IED_RafaNu_S1101_25fde,,,,,
2026-09-12T11:41:08-05:00,PUR_IED_RafaNu_S1102_281517,PUR_IED_RafaNu_S1102_281517,,,,,
2026-09-12T11:41:08-05:00,PUR_IED_RafaelB_S305_ee2783,PUR_IED_RafaelB_S305_ee2783,,,,,
2026-09-12T11:41:08-05:00,PUR_IED_RafaelB_S306_75fe33,PUR_IED_RafaelB_S306_75fe33,,,,,
2026-09-12T11:41:08-05:00,PUR_IED_RafaelB_ext_283336,PUR_IED_RafaelB_ext_283336,3,21,54,4.6722,-74.0737
2026-09-12T11:41:08-05:00,PUR_IED_RafaelUU_Exterior_281a51,PUR_IED_RafaelUU_Exterior_281a51,,,,,
2026-09-12T11:41:08-05:00,PUR_IED_RafaelUU_Human_806b2,PUR_IED_RafaelUU_Human_806b2,,,,,
2026-09-12T11:41:08-05:00,PUR_IED_RafaelUU_Mate2_5680d4,PUR_IED_RafaelUU_Mate2_5680d4,,,,,
2026-09-12T11:41:08-05:00,PUR_IED_RamonSub_Ext_f9eeb9,PUR_IED_RamonSub_Ext_f9eeb9,,,,,
2026-09-12T11:41:08-05:00,PUR_IED_RamonSub_Media_d1f62f,PUR_IED_RamonSub_Media_d1f62f,,,,,
2026-09-12T11:41:08-05:00,PUR_IED_RamonSub_planta_51b82,PUR_IED_RamonSub_planta_51b82,,,,,
2026-09-12T11:41:08-05:00,PUR_IED_RepBoliVene_Exter_27af7c,PUR_IED_RepBoliVene_Exter_27af7c,,,,,
2026-09-12T11:41:08-05:00,PUR_IED_RepBoliVene_SCPT_5ae2ee,PUR_IED_RepBoliVene_SCPT_5ae2ee,,,,,
2026-09-12T11:41:08-05:00,PUR_IED_RepBoliVene_Socia_4b11d5,PUR_IED_RepBoliVene_Socia_4b11d5,,,,,
2026-09-12T11:41:08-05:00,PUR_IED_RepChina_Ext_76d9ee,PUR_IED_RepChina_Ext_76d9ee,,,,,
2026-09-12T11:41:08-05:00,PUR_IED_RepChina_S404_7c804c,PUR_IED_RepChina_S404_7c804c,,,,,
2026-09-12T11:41:08-05:00,PUR_IED_RepChina_S405_df2c33,PUR_IED_RepChina_S405_df2c33,,,,,
2026-09-12T11:41:08-05:00,PUR_IED_RepublicaC_Exteri_7d1ec9,PUR_IED_RepublicaC_Exteri_7d1ec9,,,,,
2026-09-12T11:41:08-05:00,PUR_IED_RepublicaC_S1101_f544b3,PUR_IED_RepublicaC_S1101_f544b3,,,,,
2026-09-12T11:41:08-05:00,PUR_IED_RepublicaC_S1102_7aafc7,PUR_IED_RepublicaC_S1102_7aafc7,,,,,
2026-09-12T11:41:08-05:00,PUR_IED_Ricaurte_Externo_a0ea1,PUR_IED_Ricaurte_Externo_a0ea1,,,,,
2026-09-12T11:41:08-05:00,PUR_IED_Ricaurte_S210_f546fd,PUR_IED_Ricaurte_S210_f546fd,,,,,
2026-09-12T11:41:08-05:00,PUR_IED_Ricaurte_S309_d4452,PUR_IED_Ricaurte_S309_d4452,,,,,
2026-09-12T11:41:08-05:00,PUR_IED_RogelioS_1102_531e69,PUR_IED_RogelioS_1102_531e69,,,,,
2026-09-12T11:41:08-05:00,PUR_IED_RogelioS_Ext_f25a18,PUR_IED_RogelioS_Ext_f25a18,,,,,
2026-09-12T11:41:08-05:00,PUR_IED_SBernardino_Ext_27aff8,PUR_IED_SBernardino_Ext_27aff8,,,,,
2026-09-12T11:41:08-05:00,PUR_IED_SBernardino_SArte_2ffd33,PUR_IED_SBernardino_SArte_2ffd33,,,,,
2026-09-12T11:41:08-05:00,PUR_IED_SBernardino_SIngl_7c7da5,PUR_IED_SBernardino_SIngl_7c7da5,,,,,
2026-09-12T11:41:08-05:00,PUR_IED_Sago_auditorio_dc9d1d,PUR_IED_Sago_auditorio_dc9d1d,,,,,
2026-09-12T11:41:08-05:00,PUR_IED_Saludcoop_Ext_95aac3,PUR_IED_Saludcoop_Ext_95aac3,,,,,
2026-09-12T11:41:08-05:00,PUR_IED_Saludcoop_InfI_90c854,PUR_IED_Saludcoop_InfI_90c854,,,,,
2026-09-12T11:41:08-05:00,PUR_IED_Saludcoop_SMedia_1b93be,PUR_IED_Saludcoop_SMedia_1b93be,,,,,
2026-09-12T11:41:08-05:00,PUR_IED_SanCarlos_1101_1a2360,PUR_IED_SanCarlos_1101_1a2360,,,,,
2026-09-12T11:41:08-05:00,PUR_IED_SanCarlos_1103_7bafb5,PUR_IED_SanCarlos_1103_7bafb5,,,,,
2026-09-12T11:41:08-05:00,PUR_IED_SanCarlos_Ext_b7cd1,PUR_IED_SanCarlos_Ext_b7cd1,,,,,
2026-09-12T11:41:08-05:00,PUR_IED_SanIgnacioBosa11a_50c26e,PUR_IED_SanIgnacioBosa11a_50c26e,,,,,
2026-09-12T11:41:08-05:00,PUR_IED_SanIgnacioBosa11b_371de8,PUR_IED_SanIgnacioBosa11b_371de8,,,,,
2026-09-12T11:41:08-05:00,PUR_IED_SanIgnacioBosaExt_ef0ffc,PUR_IED_SanIgnacioBosaExt_ef0ffc,,,,,
2026-09-12T11:41:08-05:00,PUR_IED_SanIgnacioBosa_11a_50c26e,PUR_IED_SanIgnacioBosa_11a_50c26e,,,,,
2026-09-12T11:41:08-05:00,PUR_IED_SanIgnacioBosa_Ext_ef0ffc,PUR_IED_SanIgnacioBosa_Ext_ef0ffc,,,,,
2026-09-12T11:41:08-05:00,PUR_IED_SanJoseN_intS1101_31c47f,PUR_IED_SanJoseN_intS1101_31c47f,,,,,
2026-09-12T11:41:08-05:00,PUR_IED_SanJoseUsm_Exter_f5d7e8,PUR_IED_SanJoseUsm_Exter_f5d7e8,,,,,
2026-09-12T11:41:08-05:00,PUR_IED_SanJoseUsm_Int11A_cfdef6,PUR_IED_SanJoseUsm_Int11A_cfdef6,,,,,
2026-09-12T11:41:08-05:00,PUR_IED_SilveriaR_IntB5_905349,PUR_IED_SilveriaR_IntB5_905349,,,,,
2026-09-12T11:41:08-05:00,PUR_IED_SilveriaR_IntSD14_981f93,PUR_IED_SilveriaR_IntSD14_981f93,,,,,
2026-09-12T11:41:08-05:00,PUR_IED_SilveriaR_ext_2b651d,PUR_IED_SilveriaR_ext_2b651d,,,,,
2026-09-12T11:41:08-05:00,PUR_IED_SimonB_Exterior_913975,PUR_IED_SimonB_Exterior_913975,,,,,
2026-09-12T11:41:08-05:00,PUR_IED_SimonB_LabQuimi_c56908,PUR_IED_SimonB_LabQuimi_c56908,,,,,
2026-09-12T11:41:08-05:00,PUR_IED_SimonB_informatic_a28c1,PUR_IED_SimonB_informatic_a28c1,,,,,
2026-09-12T11:41:08-05:00,PUR_IED_Sorrento_1102_315f50,PUR_IED_Sorrento_1102_315f50,,,,,
2026-09-12T11:41:08-05:00,PUR_IED_Sorrento_Minte_214eab,PUR_IED_Sorrento_Minte_214eab,,,,,
2026-09-12T11:41:08-05:00,PUR_IED_Sorrento_ext_7c3a0a,PUR_IED_Sorrento_ext_7c3a0a,,,,,
2026-09-12T11:41:08-05:00,PUR_IED_Tabora_Ext_f048ae,PUR_IED_Tabora_Ext_f048ae,,,,,
2026-09-12T11:41:08-05:00,PUR_IED_Tabora_S1102_b07752,PUR_IED_Tabora_S1102_b07752,,,,,
2026-09-12T11:41:08-05:00,PUR_IED_Tabora_S1103_d988f5,PUR_IED_Tabora_S1103_d988f5,,,,,
2026-09-12T11:41:08-05:00,PUR_IED_Tenerife_Ext_1ab188,PUR_IED_Tenerife_Ext_1ab188,,,,,
2026-09-12T11:41:08-05:00,PUR_IED_Tenerife_SDanzas_7bc02e,PUR_IED_Tenerife_SDanzas_7bc02e,,,,,
2026-09-12T11:41:08-05:00,PUR_IED_Tenerife_SIngles_7cc277,PUR_IED_Tenerife_SIngles_7cc277,,,,,
2026-09-12T11:41:08-05:00,PUR_IED_Tibabuyes_Exter_f2683d,PUR_IED_Tibabuyes_Exter_f2683d,,,,,
2026-09-12T11:41:08-05:00,PUR_IED_Tibabuyes_S10_dc87a8,PUR_IED_Tibabuyes_S10_dc87a8,,,,,
2026-09-12T11:41:08-05:00,PUR_IED_Tibabuyes_S15_dc0526,PUR_IED_Tibabuyes_S15_dc0526,,,,,
2026-09-12T11:41:08-05:00,PUR_IED_UnionE_S301_a1043,PUR_IED_UnionE_S301_a1043,,,,,
2026-09-12T11:41:08-05:00,PUR_IED_UnionE_S307_ff6c2f,PUR_IED_UnionE_S307_ff6c2f,,,,,
2026-09-12T11:41:08-05:00,PUR_IED_UnionE__Ext_5e2468,PUR_IED_UnionE__Ext_5e2468,,,,,
2026-09-12T11:41:08-05:00,PUR_IED_VillaRica_Ext_75be7c,PUR_IED_VillaRica_Ext_75be7c,,,,,
2026-09-12T11:41:08-05:00,PUR_IED_VillaRica_S4_cc5dcd,PUR_IED_VillaRica_S4_cc5dcd,,,,,
2026-09-12T11:41:08-05:00,PUR_IED_VillaRica_Sesp_99f5c,PUR_IED_VillaRica_Sesp_99f5c,,,,,
2026-09-12T11:46:07-05:00,PUR_IED_20deJulio_1101_91b1b9,PUR_IED_20deJulio_1101_91b1b9,,,,,
2026-09-12T11:46:07-05:00,PUR_IED_20deJulio_1102_1cfcf9,PUR_IED_20deJulio_1102_1cfcf9,,,,,
2026-09-12T11:46:07-05:00,PUR_IED_20deJulio_Ext_ab60bd,PUR_IED_20deJulio_Ext_ab60bd,,,,,
2026-09-12T11:46:07-05:00,PUR_IED_AgustinFer_Ext_7b9b77,PUR_IED_AgustinFer_Ext_7b9b77,,,,,
2026-09-12T11:46:07-05:00,PUR_IED_AgustinFer_Info2_27b3a7,PUR_IED_AgustinFer_Info2_27b3a7,,,,,
2026-09-12T11:46:07-05:00,PUR_IED_AgustinFer_Sena_54b4eb,PUR_IED_AgustinFer_Sena_54b4eb,,,,,
2026-09-12T11:46:07-05:00,PUR_IED_AlexanderF_1102_caf07b,PUR_IED_AlexanderF_1102_caf07b,,,,,
2026-09-12T11:46:07-05:00,PUR_IED_AlexanderF_1103_c79e71,PUR_IED_AlexanderF_1103_c79e71,,,,,
2026-09-12T11:46:07-05:00,PUR_IED_AlexanderF_Ext_c5b18b,PUR_IED_AlexanderF_Ext_c5b18b,,,,,
2026-09-12T11:46:07-05:00,PUR_IED_AlfonsoLopez_Ext_281d77,PUR_IED_AlfonsoLopez_Ext_281d77,,,,,
2026-09-12T11:46:07-05:00,PUR_IED_AlfonsoLopez_LabF_888ce0,PUR_IED_AlfonsoLopez_LabF_888ce0,,,,,
2026-09-12T11:46:07-05:00,PUR_IED_AlfonsoLopez_SMed_df6a7f,PUR_IED_AlfonsoLopez_SMed_df6a7f,,,,,
2026-09-12T11:46:07-05:00,PUR_IED_AltamiraSO_A2_209f92,PUR_IED_AltamiraSO_A2_209f92,,,,,
2026-09-12T11:46:07-05:00,PUR_IED_AltamiraSO_Ext_186d66,PUR_IED_AltamiraSO_Ext_186d66,,,,,
2026-09-12T11:46:07-05:00,PUR_IED_AltamiraSO_Sistem_27afe1,PUR_IED_AltamiraSO_Sistem_27afe1,,,,,
2026-09-12T11:46:07-05:00,PUR_IED_AlvaroGom_LabQuim_813179,PUR_IED_AlvaroGom_LabQuim_813179,,,,,
2026-09-12T11:46:07-05:00,PUR_IED_AlvaroGomez_Ext_47c7ca,PUR_IED_AlvaroGomez_Ext_47c7ca,,,,,
2026-09-12T11:46:07-05:00,PUR_IED_AlvaroGomez_LabQuim_813179,PUR_IED_AlvaroGomez_LabQuim_813179,,,,,
2026-09-12T11:46:07-05:00,PUR_IED_AlvaroGomez_S23_7ba89f,PUR_IED_AlvaroGomez_S23_7ba89f,,,,,
2026-09-12T11:46:07-05:00,PUR_IED_Amistad_306_dc8728,PUR_IED_Amistad_306_dc8728,,,,,
2026-09-12T11:46:07-05:00,PUR_IED_Amistad_Ext_8cd55e,PUR_IED_Amistad_Ext_8cd55e,,,,,
2026-09-12T11:46:07-05:00,PUR_IED_Amistad_S202_a41169,PUR_IED_Amistad_S202_a41169,,,,,
2026-09-12T11:46:07-05:00,PUR_IED_AndresBello_Bio_fd5f5e,PUR_IED_AndresBello_Bio_fd5f5e,,,,,
2026-09-12T11:46:07-05:00,PUR_IED_AndresBello_ext_dcad65,PUR_IED_AndresBello_ext_dcad65,,,,,
2026-09-12T11:46:07-05:00,PUR_IED_AndresBello_port_eed3ec,PUR_IED_AndresBello_port_eed3ec,,,,,
2026-09-12T11:46:07-05:00,PUR_IED_AngelaR_11b_d90a6b,PUR_IED_AngelaR_11b_d90a6b,,,,,
2026-09-12T11:46:07-05:00,PUR_IED_AngelaR_ext_7cad3e,PUR_IED_AngelaR_ext_7cad3e,3,21,55,4.5825,-74.164497
2026-09-12T11:46:07-05:00,PUR_IED_AntJoseSucre_10mo_df2575,PUR_IED_AntJoseSucre_10mo_df2575,,,,,
2026-09-12T11:46:07-05:00,PUR_IED_AntJoseSucre_Ext_215b36,PUR_IED_AntJoseSucre_Ext_215b36,,,,,
2026-09-12T11:46:07-05:00,PUR_IED_AntJoseSucre_Lab_3139de,PUR_IED_AntJoseSucre_Lab_3139de,,,,,
2026-09-12T11:46:07-05:00,PUR_IED_AntonioGarcia_301_d6b188,PUR_IED_AntonioGarcia_301_d6b188,,,,,
2026-09-12T11:46:07-05:00,PUR_IED_AntonioGarcia_302_88a82,PUR_IED_AntonioGarcia_302_88a82,,,,,
2026-09-12T11:46:07-05:00,PUR_IED_AntonioGarcia_Ext_20950c,PUR_IED_AntonioGarcia_Ext_20950c,,,,,
2026-09-12T11:46:07-05:00,PUR_IED_AntonioVan_Aula2_6dea02,PUR_IED_AntonioVan_Aula2_6dea02,,,,,
2026-09-12T11:46:07-05:00,PUR_IED_AntonioVan_Aula5_f1557e,PUR_IED_AntonioVan_Aula5_f1557e,,,,,
2026-09-12T11:46:07-05:00,PUR_IED_AntonioVan_Ext_406f2f,PUR_IED_AntonioVan_Ext_406f2f,,,,,
2026-09-12T11:46:07-05:00,PUR_IED_Atabanzha_Ext_cc5af9,PUR_IED_Atabanzha_Ext_cc5af9,,,,,
2026-09-12T11:46:07-05:00,PUR_IED_Atabanzha_SA101_56c37,PUR_IED_Atabanzha_SA101_56c37,,,,,
2026-09-12T11:46:07-05:00,PUR_IED_Atabanzha_SB302_27b374,PUR_IED_Atabanzha_SB302_27b374,,,,,
2026-09-12T11:46:07-05:00,PUR_IED_Atahualpa_Ext_fc1748,PUR_IED_Atahualpa_Ext_fc1748,,,,,
2026-09-12T11:46:07-05:00,PUR_IED_Atahualpa_Informa_dc9a95,PUR_IED_Atahualpa_Informa_dc9a95,,,,,
2026-09-12T11:46:07-05:00,PUR_IED_Atahualpa_S1101_f98056,PUR_IED_Atahualpa_S1101_f98056,,,,,
2026-09-12T11:46:07-05:00,PUR_IED_Bellavista_Ext_f5aa74,PUR_IED_Bellavista_Ext_f5aa74,,,,,
2026-09-12T11:46:07-05:00,PUR_IED_Bilbao_11A_916c41,PUR_IED_Bilbao_11A_916c41,,,,,
2026-09-12T11:46:07-05:00,PUR_IED_Bilbao_Ext_fb579a,PUR_IED_Bilbao_Ext_fb579a,,,,,
2026-09-12T11:46:07-05:00,PUR_IED_BrasiliaU_A125_304280,PUR_IED_BrasiliaU_A125_304280,,,,,
2026-09-12T11:46:07-05:00,PUR_IED_BrasiliaU_A203_7c8ca5,PUR_IED_BrasiliaU_A203_7c8ca5,,,,,
2026-09-12T11:46:07-05:00,PUR_IED_BrasiliaU_Ext_8d6e9f,PUR_IED_BrasiliaU_Ext_8d6e9f,4,19,56,4.5175,-74.116302
2026-09-12T11:46:07-05:00,PUR_IED_Brasilia_Ext_fe6593,PUR_IED_Brasilia_Ext_fe6593,,,,,
2026-09-12T11:46:07-05:00,PUR_IED_Brasilia_S24_7c130d,PUR_IED_Brasilia_S24_7c130d,,,,,
2026-09-12T11:46:07-05:00,PUR_IED_Brasilia_S501_186a54,PUR_IED_Brasilia_S501_186a54,,,,,
2026-09-12T11:46:07-05:00,PUR_IED_CHARRY_EXT_f1d5cd,PUR_IED_CHARRY_EXT_f1d5cd,,,,,
2026-09-12T11:46:07-05:00,PUR_IED_CHARRY_INTDANZAS_7a08e6,PUR_IED_CHARRY_INTDANZAS_7a08e6,,,,,
2026-09-12T11:46:07-05:00,PUR_IED_CHARRY_INT_AULA20_dc998d,PUR_IED_CHARRY_INT_AULA20_dc998d,,,,,
2026-09-12T11:46:07-05:00,PUR_IED_COLVIV_1101_S25_7f520a,PUR_IED_COLVIV_1101_S25_7f520a,,,,,
2026-09-12T11:46:07-05:00,PUR_IED_COLVIV_1102_S16_f570ba,PUR_IED_COLVIV_1102_S16_f570ba,,,,,
2026-09-12T11:46:07-05:00,PUR_IED_COLVIV_Ext_1a26fa,PUR_IED_COLVIV_Ext_1a26fa,,,,,
2026-09-12T11:46:07-05:00,PUR_IED_CULPOP_301A_f660f3,PUR_IED_CULPOP_301A_f660f3,,,,,
2026-09-12T11:46:07-05:00,PUR_IED_CULPOP_303_568afe,PUR_IED_CULPOP_303_568afe,,,,,
2026-09-12T11:46:07-05:00,PUR_IED_CULPOP_Ext_e02ccb,PUR_IED_CULPOP_Ext_e02ccb,,,,,
2026-09-12T11:46:07-05:00,PUR_IED_CVillavicen_Ext_26eb58,PUR_IED_CVillavicen_Ext_26eb58,3,17,71,4.487,-74.102798
2026-09-12T11:46:07-05:00,PUR_IED_CVillavicen_Intel_1ce5c2,PUR_IED_CVillavicen_Intel_1ce5c2,,,,,
2026-09-12T11:46:07-05:00,PUR_IED_CVillavicen_Poliv_e0766c,PUR_IED_CVillavicen_Poliv_e0766c,,,,,
2026-09-12T11:46:07-05:00,PUR_IED_CVillavicen_int_1ba140,PUR_IED_CVillavicen_int_1ba140,,,,,
2026-09-12T11:46:07-05:00,PUR_IED_CVillavicen_intel_1ba140,PUR_IED_CVillavicen_intel_1ba140,,,,,
2026-09-12T11:46:07-05:00,PUR_IED_CarlosPizarro_Ext_e307cc,PUR_IED_CarlosPizarro_Ext_e307cc,,,,,
2026-09-12T11:46:07-05:00,PUR_IED_CarlosPizarro_L36_7e5cdb,PUR_IED_CarlosPizarro_L36_7e5cdb,,,,,
2026-09-12T11:46:07-05:00,PUR_IED_CarlosPizarro_L37_c8566c,PUR_IED_CarlosPizarro_L37_c8566c,,,,,
2026-09-12T11:46:07-05:00,PUR_IED_Castilla_Ext_cf35f,PUR_IED_Castilla_Ext_cf35f,,,,,
2026-09-12T11:46:07-05:00,PUR_IED_Castilla_SFisik_360e38,PUR_IED_Castilla_SFisik_360e38,,,,,
2026-09-12T11:46:07-05:00,PUR_IED_Castilla_Sc304_496fbf,PUR_IED_Castilla_Sc304_496fbf,,,,,
2026-09-12T11:46:07-05:00,PUR_IED_CervantesSa_Ext_6b57b,PUR_IED_CervantesSa_Ext_6b57b,3,20,62,4.5128,-74.117203
2026-09-12T11:46:07-05:00,PUR_IED_CervantesSa_S107_225c2b,PUR_IED_CervantesSa_S107_225c2b,,,,,
2026-09-12T11:46:07-05:00,PUR_IED_CervantesSa_S108_940925,PUR_IED_CervantesSa_S108_940925,,,,,
2026-09-12T11:46:07-05:00,PUR_IED_Charry_A20_f53e7c,PUR_IED_Charry_A20_f53e7c,,,,,
2026-09-12T11:46:07-05:00,PUR_IED_Charry_Ext_f1d5cd,PUR_IED_Charry_Ext_f1d5cd,,,,,
2026-09-12T11:46:07-05:00,PUR_IED_Charry_IntAula20_dc998d,PUR_IED_Charry_IntAula20_dc998d,,,,,
2026-09-12T11:46:07-05:00,PUR_IED_Charry_IntDanzas_7a08e6,PUR_IED_Charry_IntDanzas_7a08e6,,,,,
2026-09-12T11:46:07-05:00,PUR_IED_ClememciaC_203_43e2fc,PUR_IED_ClememciaC_203_43e2fc,,,,,
2026-09-12T11:46:07-05:00,PUR_IED_ClememciaC_Ext_1b411a,PUR_IED_ClememciaC_Ext_1b411a,,,,,
2026-09-12T11:46:07-05:00,PUR_IED_ClememciaC_Quimic_44b5fc,PUR_IED_ClememciaC_Quimic_44b5fc,,,,,
2026-09-12T11:46:07-05:00,PUR_IED_ClemenciaC_203_43e2fc,PUR_IED_ClemenciaC_203_43e2fc,,,,,
2026-09-12T11:46:07-05:00,PUR_IED_ClemenciaC_Ext_1b411a,PUR_IED_ClemenciaC_Ext_1b411a,,,,,
2026-09-12T11:46:07-05:00,PUR_IED_ClemenciaC_Quimic_44b5fc,PUR_IED_ClemenciaC_Quimic_44b5fc,,,,,
2026-09-12T11:46:07-05:00,PUR_IED_ColViva_1101_S25_7f520a,PUR_IED_ColViva_1101_S25_7f520a,,,,,
2026-09-12T11:46:07-05:00,PUR_IED_ColViva_1102_S16_f570ba,PUR_IED_ColViva_1102_S16_f570ba,,,,,
2026-09-12T11:46:07-05:00,PUR_IED_ColViva_Ext_1a26fa,PUR_IED_ColViva_Ext_1a26fa,,,,,
2026-09-12T11:46:07-05:00,PUR_IED_ColegioBici_Asist_7c8798,PUR_IED_ColegioBici_Asist_7c8798,,,,,
2026-09-12T11:46:07-05:00,PUR_IED_ColegioBici_Ext_25cbf6,PUR_IED_ColegioBici_Ext_25cbf6,,,,,
2026-09-12T11:46:07-05:00,PUR_IED_ColegioBici_LabQ_7b57db,PUR_IED_ColegioBici_LabQ_7b57db,,,,,
2026-09-12T11:46:07-05:00,PUR_IED_CostaRica_Ext_5e640,PUR_IED_CostaRica_Ext_5e640,,,,,
2026-09-12T11:46:07-05:00,PUR_IED_CostaRica_Quim1_766d1c,PUR_IED_CostaRica_Quim1_766d1c,,,,,
2026-09-12T11:46:07-05:00,PUR_IED_CostaRica__Fisica_6f0873,PUR_IED_CostaRica__Fisica_6f0873,,,,,
2026-09-12T11:46:07-05:00,PUR_IED_CulPopu_301A_f660f3,PUR_IED_CulPopu_301A_f660f3,,,,,
2026-09-12T11:46:07-05:00,PUR_IED_CulPopu_303_568afe,PUR_IED_CulPopu_303_568afe,,,,,
2026-09-12T11:46:07-05:00,PUR_IED_CulPopu_Ext_e02ccb,PUR_IED_CulPopu_Ext_e02ccb,,,,,
2026-09-12T11:46:07-05:00,PUR_IED_Cundinamarca_Ext_f15985,PUR_IED_Cundinamarca_Ext_f15985,,,,,
2026-09-12T11:46:07-05:00,PUR_IED_Cundinamarca_Info_7aa5d7,PUR_IED_Cundinamarca_Info_7aa5d7,,,,,
2026-09-12T11:46:07-05:00,PUR_IED_Cundinamarca_Tec2_f449c7,PUR_IED_Cundinamarca_Tec2_f449c7,,,,,
2026-09-12T11:46:07-05:00,PUR_IED_DiegoM_Aula1_27b314,PUR_IED_DiegoM_Aula1_27b314,,,,,
2026-09-12T11:46:07-05:00,PUR_IED_DiegoM_Ext_d80ac8,PUR_IED_DiegoM_Ext_d80ac8,,,,,
2026-09-12T11:46:07-05:00,PUR_IED_DiegoM_S25_da928f,PUR_IED_DiegoM_S25_da928f,,,,,
2026-09-12T11:46:07-05:00,PUR_IED_ELRODEO_360881,PUR_IED_ELRODEO_360881,,,,,
2026-09-12T11:46:07-05:00,PUR_IED_ELRODEO_ext_360881,PUR_IED_ELRODEO_ext_360881,,,,,
2026-09-12T11:46:07-05:00,PUR_IED_EduardoU_Ext_1c1969,PUR_IED_EduardoU_Ext_1c1969,,,,,
2026-09-12T11:46:07-05:00,PUR_IED_EduardoU_SCiencia_4dfb94,PUR_IED_EduardoU_SCiencia_4dfb94,,,,,
2026-09-12T11:46:07-05:00,PUR_IED_EduardoU_SQuimica_5a46e7,PUR_IED_EduardoU_SQuimica_5a46e7,,,,,
2026-09-12T11:46:07-05:00,PUR_IED_ElRodeo_Aula14_676984,PUR_IED_ElRodeo_Aula14_676984,,,,,
2026-09-12T11:46:07-05:00,PUR_IED_ElRodeo_Aula16_2dd35b,PUR_IED_ElRodeo_Aula16_2dd35b,,,,,
2026-09-12T11:46:07-05:00,PUR_IED_ElRodeo_Ext_360881,PUR_IED_ElRodeo_Ext_360881,,,,,
2026-09-12T11:46:07-05:00,PUR_IED_ElRodeo_Exterior_8c6d28,PUR_IED_ElRodeo_Exterior_8c6d28,,,,,
2026-09-12T11:46:07-05:00,PUR_IED_ElRodeo_ext_360881,PUR_IED_ElRodeo_ext_360881,,,,,
2026-09-12T11:46:07-05:00,PUR_IED_EmmaReyes_Ext_987625,PUR_IED_EmmaReyes_Ext_987625,3,22,47,4.6367,-74.1511
2026-09-12T11:46:07-05:00,PUR_IED_Ensueño_Ext_7f0250,PUR_IED_Ensueño_Ext_7f0250,,,,,
2026-09-12T11:46:07-05:00,PUR_IED_EscNormal_Ext_5fef3b,PUR_IED_EscNormal_Ext_5fef3b,2,22,52,4.5852,-74.096901
2026-09-12T11:46:07-05:00,PUR_IED_EscNormal_S309_5b263,PUR_IED_EscNormal_S309_5b263,,,,,
2026-09-12T11:46:07-05:00,PUR_IED_EscNormal_S310_27b3b8,PUR_IED_EscNormal_S310_27b3b8,,,,,
2026-09-12T11:46:07-05:00,PUR_IED_Evangelista_Conta_f6cd4f,PUR_IED_Evangelista_Conta_f6cd4f,,,,,
2026-09-12T11:46:07-05:00,PUR_IED_Evangelista_Cri_5e16a,PUR_IED_Evangelista_Cri_5e16a,,,,,
2026-09-12T11:46:07-05:00,PUR_IED_Evangelista_Exter_754066,PUR_IED_Evangelista_Exter_754066,,,,,
2026-09-12T11:46:07-05:00,PUR_IED_FMiranda_S209_5cc2a3,PUR_IED_FMiranda_S209_5cc2a3,,,,,
2026-09-12T11:46:07-05:00,PUR_IED_FMiranda_S303_19e344,PUR_IED_FMiranda_S303_19e344,,,,,
2026-09-12T11:46:07-05:00,PUR_IED_FMiranda_ext_f53e7c,PUR_IED_FMiranda_ext_f53e7c,,,,,
2026-09-12T11:46:07-05:00,PUR_IED_FabioLozano_Bibli_1cee05,PUR_IED_FabioLozano_Bibli_1cee05,,,,,
2026-09-12T11:46:07-05:00,PUR_IED_FabioLozano_Ext_6ea285,PUR_IED_FabioLozano_Ext_6ea285,,,,,
2026-09-12T11:46:07-05:00,PUR_IED_FabioLozano_SLudi_f09e1e,PUR_IED_FabioLozano_SLudi_f09e1e,,,,,
2026-09-12T11:46:07-05:00,PUR_IED_FaustinoS_Aula07_27a731,PUR_IED_FaustinoS_Aula07_27a731,,,,,
2026-09-12T11:46:07-05:00,PUR_IED_FaustinoS_Ext_7b936f,PUR_IED_FaustinoS_Ext_7b936f,,,,,
2026-09-12T11:46:07-05:00,PUR_IED_FaustinoS_Fisica_da2c60,PUR_IED_FaustinoS_Fisica_da2c60,,,,,
2026-09-12T11:46:07-05:00,PUR_IED_FeGarciaLo_Ext_dc68ee,PUR_IED_FeGarciaLo_Ext_dc68ee,,,,,
2026-09-12T11:46:07-05:00,PUR_IED_FeGarciaLo_SDanza_f70a59,PUR_IED_FeGarciaLo_SDanza_f70a59,,,,,
2026-09-12T11:46:07-05:00,PUR_IED_FeGarciaLo_SMusic_125cdd,PUR_IED_FeGarciaLo_SMusic_125cdd,,,,,
2026-09-12T11:46:07-05:00,PUR_IED_FederalAlema_Exte_50c345,PUR_IED_FederalAlema_Exte_50c345,,,,,
2026-09-12T11:46:07-05:00,PUR_IED_FederalAlema_S31_f18371,PUR_IED_FederalAlema_S31_f18371,,,,,
2026-09-12T11:46:07-05:00,PUR_IED_FederalAlema_S901_a62cd,PUR_IED_FederalAlema_S901_a62cd,,,,,
2026-09-12T11:46:07-05:00,PUR_IED_FilarmonicaS_A5_f35eb1,PUR_IED_FilarmonicaS_A5_f35eb1,,,,,
2026-09-12T11:46:07-05:00,PUR_IED_FilarmonicaS_Ext_8a3bde,PUR_IED_FilarmonicaS_Ext_8a3bde,,,,,
2026-09-12T11:46:07-05:00,PUR_IED_FilarmonicaS_Spol_406114,PUR_IED_FilarmonicaS_Spol_406114,,,,,
2026-09-12T11:46:07-05:00,PUR_IED_FlorentinoG_A13_d1fa59,PUR_IED_FlorentinoG_A13_d1fa59,,,,,
2026-09-12T11:46:07-05:00,PUR_IED_FlorentinoG_Ext_1ce6ce,PUR_IED_FlorentinoG_Ext_1ce6ce,,,,,
2026-09-12T11:46:07-05:00,PUR_IED_FlorentinoG_Idiom_a66aac,PUR_IED_FlorentinoG_Idiom_a66aac,,,,,
2026-09-12T11:46:07-05:00,PUR_IED_FranciscoMati_Ext_e3869d,PUR_IED_FranciscoMati_Ext_e3869d,,,,,
2026-09-12T11:46:07-05:00,PUR_IED_FranciscoMati_S13_f31c67,PUR_IED_FranciscoMati_S13_f31c67,,,,,
2026-09-12T11:46:07-05:00,PUR_IED_FranciscoMati_S14_97dead,PUR_IED_FranciscoMati_S14_97dead,,,,,
2026-09-12T11:46:07-05:00,PUR_IED_FranciscoPS_Ext_7bfa9a,PUR_IED_FranciscoPS_Ext_7bfa9a,2,23,50,4.5899,-74.110397
2026-09-12T11:46:07-05:00,PUR_IED_FranciscoPS_Infor_fb8f4c,PUR_IED_FranciscoPS_Infor_fb8f4c,,,,,
2026-09-12T11:46:07-05:00,PUR_IED_FranciscoPS_Quimi_94d39c,PUR_IED_FranciscoPS_Quimi_94d39c,,,,,
2026-09-12T11:46:07-05:00,PUR_IED_FranciscoP_LabQ_d7e148,PUR_IED_FranciscoP_LabQ_d7e148,,,,,
2026-09-12T11:46:07-05:00,PUR_IED_FranciscoP_S28_cf9b30,PUR_IED_FranciscoP_S28_cf9b30,,,,,
2026-09-12T11:46:07-05:00,PUR_IED_FranciscoP_ext_e2313,PUR_IED_FranciscoP_ext_e2313,,,,,
2026-09-12T11:46:07-05:00,PUR_IED_FriederichN_Ext_8ac92a,PUR_IED_FriederichN_Ext_8ac92a,,,,,
2026-09-12T11:46:07-05:00,PUR_IED_FriederichN_S301_dd7e5a,PUR_IED_FriederichN_S301_dd7e5a,,,,,
2026-09-12T11:46:07-05:00,PUR_IED_FriederichN_S308_761f4f,PUR_IED_FriederichN_S308_761f4f,,,,,
2026-09-12T11:46:07-05:00,PUR_IED_GSantander_Aula10_533dd7,PUR_IED_GSantander_Aula10_533dd7,,,,,
2026-09-12T11:46:07-05:00,PUR_IED_GSantander_Aula12_fd4e4f,PUR_IED_GSantander_Aula12_fd4e4f,,,,,
2026-09-12T11:46:07-05:00,PUR_IED_GSantander_Aula310_533dd7,PUR_IED_GSantander_Aula310_533dd7,,,,,
2026-09-12T11:46:07-05:00,PUR_IED_GSantander_Aula312_fd4e4f,PUR_IED_GSantander_Aula312_fd4e4f,,,,,
2026-09-12T11:46:07-05:00,PUR_IED_GSantander_Ext_5f66b0,PUR_IED_GSantander_Ext_5f66b0,,,,,
2026-09-12T11:46:07-05:00,PUR_IED_GYomasa_Ext_f6bea5,PUR_IED_GYomasa_Ext_f6bea5,,,,,
2026-09-12T11:46:07-05:00,PUR_IED_GYomasa_LBiol_2c41aa,PUR_IED_GYomasa_LBiol_2c41aa,,,,,
2026-09-12T11:46:07-05:00,PUR_IED_GYomasa_LQuim_33c80,PUR_IED_GYomasa_LQuim_33c80,,,,,
2026-09-12T11:46:07-05:00,PUR_IED_GabBetMejia_Cienc_5a99c,PUR_IED_GabBetMejia_Cienc_5a99c,,,,,
2026-09-12T11:46:07-05:00,PUR_IED_GabBetMejia_Ext_9153d0,PUR_IED_GabBetMejia_Ext_9153d0,,,,,
2026-09-12T11:46:07-05:00,PUR_IED_GabBetMejia_Lab_f55347,PUR_IED_GabBetMejia_Lab_f55347,,,,,
2026-09-12T11:46:07-05:00,PUR_IED_GabBetanMejia_Ext_9153d0,PUR_IED_GabBetanMejia_Ext_9153d0,,,,,
2026-09-12T11:46:07-05:00,PUR_IED_Gaitana_Aula13_7aac11,PUR_IED_Gaitana_Aula13_7aac11,,,,,
2026-09-12T11:46:07-05:00,PUR_IED_Gaitana_Ext_5fcf4,PUR_IED_Gaitana_Ext_5fcf4,,,,,
2026-09-12T11:46:07-05:00,PUR_IED_Gaitana_LabFisica_644448,PUR_IED_Gaitana_LabFisica_644448,,,,,
2026-09-12T11:46:07-05:00,PUR_IED_GenSantander_Dise_8ac858,PUR_IED_GenSantander_Dise_8ac858,,,,,
2026-09-12T11:46:07-05:00,PUR_IED_GenSantander_Ext_8d5dfe,PUR_IED_GenSantander_Ext_8d5dfe,,,,,
2026-09-12T11:46:07-05:00,PUR_IED_GenSantander_Info_6c25b,PUR_IED_GenSantander_Info_6c25b,,,,,
2026-09-12T11:46:07-05:00,PUR_IED_GustavoMo_Exterio_75e63d,PUR_IED_GustavoMo_Exterio_75e63d,,,,,
2026-09-12T11:46:07-05:00,PUR_IED_GustavoMo_LabFisi_224d37,PUR_IED_GustavoMo_LabFisi_224d37,,,,,
2026-09-12T11:46:07-05:00,PUR_IED_GustavoMo_S208_3e6918,PUR_IED_GustavoMo_S208_3e6918,,,,,
2026-09-12T11:46:07-05:00,PUR_IED_GustavoR_A02_8cd4a8,PUR_IED_GustavoR_A02_8cd4a8,,,,,
2026-09-12T11:46:07-05:00,PUR_IED_GustavoR_B11_5b0ed,PUR_IED_GustavoR_B11_5b0ed,,,,,
2026-09-12T11:46:07-05:00,PUR_IED_GustavoR_Ext_7a0c90,PUR_IED_GustavoR_Ext_7a0c90,,,,,
2026-09-12T11:46:07-05:00,PUR_IED_HernandoDuran_Ext_8cd82b,PUR_IED_HernandoDuran_Ext_8cd82b,,,,,
2026-09-12T11:46:07-05:00,PUR_IED_HernandoDuran_S24_2772c6,PUR_IED_HernandoDuran_S24_2772c6,,,,,
2026-09-12T11:46:07-05:00,PUR_IED_HernandoDuran_S30_f2de41,PUR_IED_HernandoDuran_S30_f2de41,,,,,
2026-09-12T11:46:07-05:00,PUR_IED_HolguInUr_S1101_8cd732,PUR_IED_HolguInUr_S1101_8cd732,,,,,
2026-09-12T11:46:07-05:00,PUR_IED_HolguinUr_Exter_ddae6d,PUR_IED_HolguinUr_Exter_ddae6d,,,,,
2026-09-12T11:46:07-05:00,PUR_IED_HolguinUr_LabQuim_92b952,PUR_IED_HolguinUr_LabQuim_92b952,,,,,
2026-09-12T11:46:07-05:00,PUR_IED_Isabel-II_Ext_5245cc,PUR_IED_Isabel-II_Ext_5245cc,2,20,51,4.6336,-74.153
2026-09-12T11:46:07-05:00,PUR_IED_Isabel-II_S_idiom_1c29aa,PUR_IED_Isabel-II_S_idiom_1c29aa,,,,,
2026-09-12T11:46:07-05:00,PUR_IED_Isabel-II_S_infor_fd741,PUR_IED_Isabel-II_S_infor_fd741,,,,,
2026-09-12T11:46:07-05:00,PUR_IED_IsidroSur_Exterio_5b90ea,PUR_IED_IsidroSur_Exterio_5b90ea,,,,,
2026-09-12T11:46:07-05:00,PUR_IED_IsidroSur_LabTec_56697a,PUR_IED_IsidroSur_LabTec_56697a,,,,,
2026-09-12T11:46:07-05:00,PUR_IED_IsidroSur_Robotic_b7c38f,PUR_IED_IsidroSur_Robotic_b7c38f,,,,,
2026-09-12T11:46:07-05:00,PUR_IED_IsmaelPerd_Ext_7b6672,PUR_IED_IsmaelPerd_Ext_7b6672,,,,,
2026-09-12T11:46:07-05:00,PUR_IED_IsmaelPerd_Inform_306540,PUR_IED_IsmaelPerd_Inform_306540,,,,,
2026-09-12T11:46:07-05:00,PUR_IED_IsmaelPerd_S30_2e2c83,PUR_IED_IsmaelPerd_S30_2e2c83,,,,,
2026-09-12T11:46:07-05:00,PUR_IED_JLozano_Exter_432910,PUR_IED_JLozano_Exter_432910,,,,,
2026-09-12T11:46:07-05:00,PUR_IED_JLozano_salaMulti_df5125,PUR_IED_JLozano_salaMulti_df5125,,,,,
2026-09-12T11:46:07-05:00,PUR_IED_JMCordoba_206_86f80b,PUR_IED_JMCordoba_206_86f80b,,,,,
2026-09-12T11:46:07-05:00,PUR_IED_JMCordoba_Ext_27ad97,PUR_IED_JMCordoba_Ext_27ad97,,,,,
2026-09-12T11:46:07-05:00,PUR_IED_JMCordoba_S310_d59ab4,PUR_IED_JMCordoba_S310_d59ab4,,,,,
2026-09-12T11:46:07-05:00,PUR_IED_Japon_Ext_549100,PUR_IED_Japon_Ext_549100,,,,,
2026-09-12T11:46:07-05:00,PUR_IED_Japon_Laboratorio_bec51d,PUR_IED_Japon_Laboratorio_bec51d,,,,,
2026-09-12T11:46:07-05:00,PUR_IED_Japon_informatica_d99327,PUR_IED_Japon_informatica_d99327,,,,,
2026-09-12T11:46:07-05:00,PUR_IED_Jazmin_Ext_d27bda,PUR_IED_Jazmin_Ext_d27bda,,,,,
2026-09-12T11:46:07-05:00,PUR_IED_Jazmin_Fisica_8d14d7,PUR_IED_Jazmin_Fisica_8d14d7,,,,,
2026-09-12T11:46:07-05:00,PUR_IED_Jazmin_Quimica_801cb5,PUR_IED_Jazmin_Quimica_801cb5,,,,,
2026-09-12T11:46:07-05:00,PUR_IED_JorgeGaitan_Exter_f098d1,PUR_IED_JorgeGaitan_Exter_f098d1,,,,,
2026-09-12T11:46:07-05:00,PUR_IED_JorgeGaitan_STec1_dc9d1d,PUR_IED_JorgeGaitan_STec1_dc9d1d,,,,,
2026-09-12T11:46:07-05:00,PUR_IED_JorgeGaitan_STec2_281e69,PUR_IED_JorgeGaitan_STec2_281e69,,,,,
2026-09-12T11:46:07-05:00,PUR_IED_JorgeSoto_Exterio_d9d0a2,PUR_IED_JorgeSoto_Exterio_d9d0a2,,,,,
2026-09-12T11:46:07-05:00,PUR_IED_JorgeSoto_LabFisi_209c54,PUR_IED_JorgeSoto_LabFisi_209c54,,,,,
2026-09-12T11:46:07-05:00,PUR_IED_JorgeSoto_S103_27b51a,PUR_IED_JorgeSoto_S103_27b51a,,,,,
2026-09-12T11:46:07-05:00,PUR_IED_JoseAcevedo_A02_e965eb,PUR_IED_JoseAcevedo_A02_e965eb,,,,,
2026-09-12T11:46:07-05:00,PUR_IED_JoseAcevedo_A07_dd5b4,PUR_IED_JoseAcevedo_A07_dd5b4,,,,,
2026-09-12T11:46:07-05:00,PUR_IED_JoseAcevedo_Ext_b47484,PUR_IED_JoseAcevedo_Ext_b47484,,,,,
2026-09-12T11:46:07-05:00,PUR_IED_JoseMarti_Exte_5b9bf,PUR_IED_JoseMarti_Exte_5b9bf,,,,,
2026-09-12T11:46:07-05:00,PUR_IED_JoseMarti_LabQuim_1c6c2d,PUR_IED_JoseMarti_LabQuim_1c6c2d,,,,,
2026-09-12T11:46:07-05:00,PUR_IED_JoseMarti_S_info_f5f177,PUR_IED_JoseMarti_S_info_f5f177,,,,,
2026-09-12T11:46:07-05:00,PUR_IED_Josejoaquin_Ext_dfc5dc,PUR_IED_Josejoaquin_Ext_dfc5dc,,,,,
2026-09-12T11:46:07-05:00,PUR_IED_Josejoaquin_S05_5b2a96,PUR_IED_Josejoaquin_S05_5b2a96,,,,,
2026-09-12T11:46:07-05:00,PUR_IED_Josejoaquin_S06_1ce7d2,PUR_IED_Josejoaquin_S06_1ce7d2,,,,,
2026-09-12T11:46:07-05:00,PUR_IED_JulioFlorez_Danza_9b82dd,PUR_IED_JulioFlorez_Danza_9b82dd,,,,,
2026-09-12T11:46:07-05:00,PUR_IED_JulioFlorez_Exter_f9f314,PUR_IED_JulioFlorez_Exter_f9f314,,,,,
2026-09-12T11:46:07-05:00,PUR_IED_JulioFlorez_info2_6b6e08,PUR_IED_JulioFlorez_info2_6b6e08,,,,,
2026-09-12T11:46:07-05:00,PUR_IED_LaBelleza_Aula13_1d00d8,PUR_IED_LaBelleza_Aula13_1d00d8,,,,,
2026-09-12T11:46:07-05:00,PUR_IED_LaBelleza_Ext_7bc08c,PUR_IED_LaBelleza_Ext_7bc08c,,,,,
2026-09-12T11:46:07-05:00,PUR_IED_LaChucua_Ext_8cd6d2,PUR_IED_LaChucua_Ext_8cd6d2,,,,,
2026-09-12T11:46:07-05:00,PUR_IED_LaChucua_S15_f578ce,PUR_IED_LaChucua_S15_f578ce,,,,,
2026-09-12T11:46:07-05:00,PUR_IED_LaChucua_S16_eebcf9,PUR_IED_LaChucua_S16_eebcf9,,,,,
2026-09-12T11:46:07-05:00,PUR_IED_LaFelicidad_Ext_fb5109,PUR_IED_LaFelicidad_Ext_fb5109,,,,,
2026-09-12T11:46:07-05:00,PUR_IED_LaMerced_206_66ebd,PUR_IED_LaMerced_206_66ebd,,,,,
2026-09-12T11:46:07-05:00,PUR_IED_LaMerced_207_6ebd6,PUR_IED_LaMerced_207_6ebd6,,,,,
2026-09-12T11:46:07-05:00,PUR_IED_LaMerced_ext_304311,PUR_IED_LaMerced_ext_304311,,,,,
2026-09-12T11:46:07-05:00,PUR_IED_Laureano_CiencNat_281e5e,PUR_IED_Laureano_CiencNat_281e5e,,,,,
2026-09-12T11:46:07-05:00,PUR_IED_Laureano_Comedor_f65c0a,PUR_IED_Laureano_Comedor_f65c0a,,,,,
2026-09-12T11:46:07-05:00,PUR_IED_Laureano_Exterior_7ab011,PUR_IED_Laureano_Exterior_7ab011,,,,,
2026-09-12T11:46:07-05:00,PUR_IED_LeonGreiff_Exte_dfe560,PUR_IED_LeonGreiff_Exte_dfe560,,,,,
2026-09-12T11:46:07-05:00,PUR_IED_LeonGreiff_S210_f264ed,PUR_IED_LeonGreiff_S210_f264ed,,,,,
2026-09-12T11:46:07-05:00,PUR_IED_LeonGreiff_SQuimi_e8296f,PUR_IED_LeonGreiff_SQuimi_e8296f,,,,,
2026-09-12T11:46:07-05:00,PUR_IED_LlanoOrientalS208_7b9fcd,PUR_IED_LlanoOrientalS208_7b9fcd,,,,,
2026-09-12T11:46:07-05:00,PUR_IED_LlanoOriental_Ext_fb3766,PUR_IED_LlanoOriental_Ext_fb3766,,,,,
2026-09-12T11:46:07-05:00,PUR_IED_LlanoOriental_S208_7b9fcd,PUR_IED_LlanoOriental_S208_7b9fcd,,,,,
2026-09-12T11:46:07-05:00,PUR_IED_LlanoOriental_S9_27b378,PUR_IED_LlanoOriental_S9_27b378,,,,,
2026-09-12T11:46:07-05:00,PUR_IED_LosTejares_1101_477602,PUR_IED_LosTejares_1101_477602,,,,,
2026-09-12T11:46:07-05:00,PUR_IED_LosTejares_11_d2c595,PUR_IED_LosTejares_11_d2c595,,,,,
2026-09-12T11:46:07-05:00,PUR_IED_LosTejares_12_477602,PUR_IED_LosTejares_12_477602,,,,,
2026-09-12T11:46:07-05:00,PUR_IED_LosTejares_Ext_8e2115,PUR_IED_LosTejares_Ext_8e2115,,,,,
2026-09-12T11:46:07-05:00,PUR_IED_MagdalenaO_B202_5ddda3,PUR_IED_MagdalenaO_B202_5ddda3,,,,,
2026-09-12T11:46:07-05:00,PUR_IED_MagdalenaO_B205_fb76e8,PUR_IED_MagdalenaO_B205_fb76e8,,,,,
2026-09-12T11:46:07-05:00,PUR_IED_MagdalenaO_ext_dc69cd,PUR_IED_MagdalenaO_ext_dc69cd,,,,,
2026-09-12T11:46:07-05:00,PUR_IED_ManueCepeda_artes_eee956,PUR_IED_ManueCepeda_artes_eee956,,,,,
2026-09-12T11:46:07-05:00,PUR_IED_ManuelCepeda_Ext_58313,PUR_IED_ManuelCepeda_Ext_58313,,,,,
2026-09-12T11:46:07-05:00,PUR_IED_ManuelCepeda_tec_1c5731,PUR_IED_ManuelCepeda_tec_1c5731,,,,,
2026-09-12T11:46:07-05:00,PUR_IED_ManuelS_Exterior_5b269,PUR_IED_ManuelS_Exterior_5b269,,,,,
2026-09-12T11:46:07-05:00,PUR_IED_ManuelS_Inform_f369ce,PUR_IED_ManuelS_Inform_f369ce,,,,,
2026-09-12T11:46:07-05:00,PUR_IED_ManuelS_SArtes_7d15f1,PUR_IED_ManuelS_SArtes_7d15f1,,,,,
2026-09-12T11:46:07-05:00,PUR_IED_ManuelZapata_303_3ca6,PUR_IED_ManuelZapata_303_3ca6,,,,,
2026-09-12T11:46:07-05:00,PUR_IED_ManuelZapata_311_bfbabc,PUR_IED_ManuelZapata_311_bfbabc,,,,,
2026-09-12T11:46:07-05:00,PUR_IED_ManuelZapata_Ext_50824a,PUR_IED_ManuelZapata_Ext_50824a,,,,,
2026-09-12T11:46:07-05:00,PUR_IED_ManuelitaS_Exteri_656a92,PUR_IED_ManuelitaS_Exteri_656a92,,,,,
2026-09-12T11:46:07-05:00,PUR_IED_ManuelitaS_JuzgDe_f58ec3,PUR_IED_ManuelitaS_JuzgDe_f58ec3,,,,,
2026-09-12T11:46:07-05:00,PUR_IED_ManuelitaS_Recrea_d793db,PUR_IED_ManuelitaS_Recrea_d793db,,,,,
2026-09-12T11:46:07-05:00,PUR_IED_MarFidSuarez_Ext_c27b19,PUR_IED_MarFidSuarez_Ext_c27b19,,,,,
2026-09-12T11:46:07-05:00,PUR_IED_MarFidSuarez_Info_e384d7,PUR_IED_MarFidSuarez_Info_e384d7,,,,,
2026-09-12T11:46:07-05:00,PUR_IED_MarFidSuarez_S306_1d0032,PUR_IED_MarFidSuarez_S306_1d0032,,,,,
2026-09-12T11:46:07-05:00,PUR_IED_Menorah_301_2a25a3,PUR_IED_Menorah_301_2a25a3,,,,,
2026-09-12T11:46:07-05:00,PUR_IED_Menorah_306_37ed3,PUR_IED_Menorah_306_37ed3,,,,,
2026-09-12T11:46:07-05:00,PUR_IED_Menorah_Ext_3e155b,PUR_IED_Menorah_Ext_3e155b,,,,,
2026-09-12T11:46:07-05:00,PUR_IED_MinutoB.Aires_A11_1b1604,PUR_IED_MinutoB.Aires_A11_1b1604,,,,,
2026-09-12T11:46:07-05:00,PUR_IED_MinutoB.Aires_A12_fb5860,PUR_IED_MinutoB.Aires_A12_fb5860,,,,,
2026-09-12T11:46:07-05:00,PUR_IED_MinutoB.Aires_Ext_81293f,PUR_IED_MinutoB.Aires_Ext_81293f,,,,,
2026-09-12T11:46:07-05:00,PUR_IED_MinutoBAires_A11_1b1604,PUR_IED_MinutoBAires_A11_1b1604,,,,,
2026-09-12T11:46:07-05:00,PUR_IED_MinutoBAires_A12_fb5860,PUR_IED_MinutoBAires_A12_fb5860,,,,,
2026-09-12T11:46:07-05:00,PUR_IED_MinutoBAires_Ext_81293f,PUR_IED_MinutoBAires_Ext_81293f,,,,,
2026-09-12T11:46:07-05:00,PUR_IED_Montreal_Aula10_1e4959,PUR_IED_Montreal_Aula10_1e4959,,,,,
2026-09-12T11:46:07-05:00,PUR_IED_Montreal_Aula6_300367,PUR_IED_Montreal_Aula6_300367,,,,,
2026-09-12T11:46:07-05:00,PUR_IED_Montreal_Exterior_91a179,PUR_IED_Montreal_Exterior_91a179,,,,,
2026-09-12T11:46:07-05:00,PUR_IED_Mqgdalena_B202_5ddda3,PUR_IED_Mqgdalena_B202_5ddda3,,,,,
2026-09-12T11:46:07-05:00,PUR_IED_NACUND_Soc_dc8728,PUR_IED_NACUND_Soc_dc8728,,,,,
2026-09-12T11:46:07-05:00,PUR_IED_NACUND_ext_27ad97,PUR_IED_NACUND_ext_27ad97,,,,,
2026-09-12T11:46:07-05:00,PUR_IED_NEsperanza_Ext_d24b61,PUR_IED_NEsperanza_Ext_d24b61,,,,,
2026-09-12T11:46:07-05:00,PUR_IED_NEsperanza_SElect_7d1807,PUR_IED_NEsperanza_SElect_7d1807,,,,,
2026-09-12T11:46:07-05:00,PUR_IED_NEsperanza_SLabor_8b2d0a,PUR_IED_NEsperanza_SLabor_8b2d0a,,,,,
2026-09-12T11:46:07-05:00,PUR_IED_NacionesU_Ext_f661a9,PUR_IED_NacionesU_Ext_f661a9,,,,,
2026-09-12T11:46:07-05:00,PUR_IED_NacionesU_Quimica_66f0a,PUR_IED_NacionesU_Quimica_66f0a,,,,,
2026-09-12T11:46:07-05:00,PUR_IED_NacionesU_S306_1b4b3d,PUR_IED_NacionesU_S306_1b4b3d,,,,,
2026-09-12T11:46:07-05:00,PUR_IED_NestorFA_Ext_e4201c,PUR_IED_NestorFA_Ext_e4201c,,,,,
2026-09-12T11:46:07-05:00,PUR_IED_NestorFA_Laborato_f22fe0,PUR_IED_NestorFA_Laborato_f22fe0,,,,,
2026-09-12T11:46:07-05:00,PUR_IED_NestorFA_S204_dee996,PUR_IED_NestorFA_S204_dee996,,,,,
2026-09-12T11:46:07-05:00,PUR_IED_NidyaQT_Aula03_76999b,PUR_IED_NidyaQT_Aula03_76999b,,,,,
2026-09-12T11:46:07-05:00,PUR_IED_NidyaQT_Aula10_56325,PUR_IED_NidyaQT_Aula10_56325,,,,,
2026-09-12T11:46:07-05:00,PUR_IED_NidyaQT_Ext_46e32d,PUR_IED_NidyaQT_Ext_46e32d,,,,,
2026-09-12T11:46:07-05:00,PUR_IED_NuevaCol_Exterior_d9b859,PUR_IED_NuevaCol_Exterior_d9b859,,,,,
2026-09-12T11:46:07-05:00,PUR_IED_NuevaCol_S1101_76c43b,PUR_IED_NuevaCol_S1101_76c43b,,,,,
2026-09-12T11:46:07-05:00,PUR_IED_NuevaCol_S1102_1ce0b5,PUR_IED_NuevaCol_S1102_1ce0b5,,,,,
2026-09-12T11:46:07-05:00,PUR_IED_OEA_A202_f7e3f2,PUR_IED_OEA_A202_f7e3f2,,,,,
2026-09-12T11:46:07-05:00,PUR_IED_OEA_A203_7d1b8d,PUR_IED_OEA_A203_7d1b8d,,,,,
2026-09-12T11:46:07-05:00,PUR_IED_OEA_Ext_27b593,PUR_IED_OEA_Ext_27b593,,,,,
2026-09-12T11:46:07-05:00,PUR_IED_Ochoa_Ext_1c29da,PUR_IED_Ochoa_Ext_1c29da,,,,,
2026-09-12T11:46:07-05:00,PUR_IED_Ochoa_S205_8b1121,PUR_IED_Ochoa_S205_8b1121,,,,,
2026-09-12T11:46:07-05:00,PUR_IED_Ochoa_Sistemas_f33af6,PUR_IED_Ochoa_Sistemas_f33af6,,,,,
2026-09-12T11:46:07-05:00,PUR_IED_PQuebec_Ext_1c67c7,PUR_IED_PQuebec_Ext_1c67c7,,,,,
2026-09-12T11:46:07-05:00,PUR_IED_PQuebec_S15_23e8e2,PUR_IED_PQuebec_S15_23e8e2,,,,,
2026-09-12T11:46:07-05:00,PUR_IED_PQuebec_S16_8ec76b,PUR_IED_PQuebec_S16_8ec76b,,,,,
2026-09-12T11:46:07-05:00,PUR_IED_PabloN_Ext_49dc96,PUR_IED_PabloN_Ext_49dc96,,,,,
2026-09-12T11:46:07-05:00,PUR_IED_PabloN_S1102_4e3df5,PUR_IED_PabloN_S1102_4e3df5,,,,,
2026-09-12T11:46:07-05:00,PUR_IED_PabloN_S1103_50c94b,PUR_IED_PabloN_S1103_50c94b,,,,,
2026-09-12T11:46:07-05:00,PUR_IED_Palestina_S1101_db9198,PUR_IED_Palestina_S1101_db9198,,,,,
2026-09-12T11:46:07-05:00,PUR_IED_Palestina_S1102_dc54fa,PUR_IED_Palestina_S1102_dc54fa,,,,,
2026-09-12T11:46:07-05:00,PUR_IED_Palestina_ext_4ccce6,PUR_IED_Palestina_ext_4ccce6,,,,,
2026-09-12T11:46:07-05:00,PUR_IED_Panama_Fisica_4d0794,PUR_IED_Panama_Fisica_4d0794,,,,,
2026-09-12T11:46:07-05:00,PUR_IED_Panama_SIngles_a4077e,PUR_IED_Panama_SIngles_a4077e,,,,,
2026-09-12T11:46:07-05:00,PUR_IED_Panama_ext_4c54b4,PUR_IED_Panama_ext_4c54b4,,,,,
2026-09-12T11:46:07-05:00,PUR_IED_ParaisoM_Exterior_8cd7f0,PUR_IED_ParaisoM_Exterior_8cd7f0,,,,,
2026-09-12T11:46:07-05:00,PUR_IED_ParaisoM_Laborato_27af35,PUR_IED_ParaisoM_Laborato_27af35,,,,,
2026-09-12T11:46:07-05:00,PUR_IED_ParaisoM_S304_d1edca,PUR_IED_ParaisoM_S304_d1edca,,,,,
2026-09-12T11:46:07-05:00,PUR_IED_PorfirioBarba_Ext_301466,PUR_IED_PorfirioBarba_Ext_301466,,,,,
2026-09-12T11:46:07-05:00,PUR_IED_PorfirioBarba_S11_df6cd2,PUR_IED_PorfirioBarba_S11_df6cd2,,,,,
2026-09-12T11:46:07-05:00,PUR_IED_PorfirioBarba_S29_27a7d6,PUR_IED_PorfirioBarba_S29_27a7d6,,,,,
2026-09-12T11:46:07-05:00,PUR_IED_PradoV_Exter_8b27ad,PUR_IED_PradoV_Exter_8b27ad,,,,,
2026-09-12T11:46:07-05:00,PUR_IED_PradoV_S301_de65b5,PUR_IED_PradoV_S301_de65b5,,,,,
2026-09-12T11:46:07-05:00,PUR_IED_PradoV_S302_7d2593,PUR_IED_PradoV_S302_7d2593,,,,,
2026-09-12T11:46:07-05:00,PUR_IED_QuirogaAlz_Ext_1ddc82,PUR_IED_QuirogaAlz_Ext_1ddc82,,,,,
2026-09-12T11:46:07-05:00,PUR_IED_QuirogaAlz_S302_9926a3,PUR_IED_QuirogaAlz_S302_9926a3,,,,,
2026-09-12T11:46:07-05:00,PUR_IED_QuirogaAlz_S305_cdf1f1,PUR_IED_QuirogaAlz_S305_cdf1f1,,,,,
2026-09-12T11:46:07-05:00,PUR_IED_RGuatemala_Biling_dc53b7,PUR_IED_RGuatemala_Biling_dc53b7,,,,,
2026-09-12T11:46:07-05:00,PUR_IED_RGuatemala_Ext_1b89a3,PUR_IED_RGuatemala_Ext_1b89a3,,,,,
2026-09-12T11:46:07-05:00,PUR_IED_RGuatemala_Tecnol_281a34,PUR_IED_RGuatemala_Tecnol_281a34,,,,,
2026-09-12T11:46:07-05:00,PUR_IED_RafaNu_Ext_f7c302,PUR_IED_RafaNu_Ext_f7c302,,,,,
2026-09-12T11:46:07-05:00,PUR_IED_RafaNu_S1101_25fde,PUR_IED_RafaNu_S1101_25fde,,,,,
2026-09-12T11:46:07-05:00,PUR_IED_RafaNu_S1102_281517,PUR_IED_RafaNu_S1102_281517,,,,,
2026-09-12T11:46:07-05:00,PUR_IED_RafaelB_S305_ee2783,PUR_IED_RafaelB_S305_ee2783,,,,,
2026-09-12T11:46:07-05:00,PUR_IED_RafaelB_S306_75fe33,PUR_IED_RafaelB_S306_75fe33,,,,,
2026-09-12T11:46:07-05:00,PUR_IED_RafaelB_ext_283336,PUR_IED_RafaelB_ext_283336,2,20,54,4.6722,-74.0737
2026-09-12T11:46:07-05:00,PUR_IED_RafaelUU_Exterior_281a51,PUR_IED_RafaelUU_Exterior_281a51,,,,,
2026-09-12T11:46:07-05:00,PUR_IED_RafaelUU_Human_806b2,PUR_IED_RafaelUU_Human_806b2,,,,,
2026-09-12T11:46:07-05:00,PUR_IED_RafaelUU_Mate2_5680d4,PUR_IED_RafaelUU_Mate2_5680d4,,,,,
2026-09-12T11:46:07-05:00,PUR_IED_RamonSub_Ext_f9eeb9,PUR_IED_RamonSub_Ext_f9eeb9,,,,,
2026-09-12T11:46:07-05:00,PUR_IED_RamonSub_Media_d1f62f,PUR_IED_RamonSub_Media_d1f62f,,,,,
2026-09-12T11:46:07-05:00,PUR_IED_RamonSub_planta_51b82,PUR_IED_RamonSub_planta_51b82,,,,,
2026-09-12T11:46:07-05:00,PUR_IED_RepBoliVene_Exter_27af7c,PUR_IED_RepBoliVene_Exter_27af7c,,,,,
2026-09-12T11:46:07-05:00,PUR_IED_RepBoliVene_SCPT_5ae2ee,PUR_IED_RepBoliVene_SCPT_5ae2ee,,,,,
2026-09-12T11:46:07-05:00,PUR_IED_RepBoliVene_Socia_4b11d5,PUR_IED_RepBoliVene_Socia_4b11d5,,,,,
2026-09-12T11:46:07-05:00,PUR_IED_RepChina_Ext_76d9ee,PUR_IED_RepChina_Ext_76d9ee,,,,,
2026-09-12T11:46:07-05:00,PUR_IED_RepChina_S404_7c804c,PUR_IED_RepChina_S404_7c804c,,,,,
2026-09-12T11:46:07-05:00,PUR_IED_RepChina_S405_df2c33,PUR_IED_RepChina_S405_df2c33,,,,,
2026-09-12T11:46:07-05:00,PUR_IED_RepublicaC_Exteri_7d1ec9,PUR_IED_RepublicaC_Exteri_7d1ec9,,,,,
2026-09-12T11:46:07-05:00,PUR_IED_RepublicaC_S1101_f544b3,PUR_IED_RepublicaC_S1101_f544b3,,,,,
2026-09-12T11:46:07-05:00,PUR_IED_RepublicaC_S1102_7aafc7,PUR_IED_RepublicaC_S1102_7aafc7,,,,,
2026-09-12T11:46:07-05:00,PUR_IED_Ricaurte_Externo_a0ea1,PUR_IED_Ricaurte_Externo_a0ea1,,,,,
2026-09-12T11:46:07-05:00,PUR_IED_Ricaurte_S210_f546fd,PUR_IED_Ricaurte_S210_f546fd,,,,,
2026-09-12T11:46:07-05:00,PUR_IED_Ricaurte_S309_d4452,PUR_IED_Ricaurte_S309_d4452,,,,,
2026-09-12T11:46:07-05:00,PUR_IED_RogelioS_1102_531e69,PUR_IED_RogelioS_1102_531e69,,,,,
2026-09-12T11:46:07-05:00,PUR_IED_RogelioS_Ext_f25a18,PUR_IED_RogelioS_Ext_f25a18,,,,,
2026-09-12T11:46:07-05:00,PUR_IED_SBernardino_Ext_27aff8,PUR_IED_SBernardino_Ext_27aff8,,,,,
2026-09-12T11:46:07-05:00,PUR_IED_SBernardino_SArte_2ffd33,PUR_IED_SBernardino_SArte_2ffd33,,,,,
2026-09-12T11:46:07-05:00,PUR_IED_SBernardino_SIngl_7c7da5,PUR_IED_SBernardino_SIngl_7c7da5,,,,,
2026-09-12T11:46:07-05:00,PUR_IED_Sago_auditorio_dc9d1d,PUR_IED_Sago_auditorio_dc9d1d,,,,,
2026-09-12T11:46:07-05:00,PUR_IED_Saludcoop_Ext_95aac3,PUR_IED_Saludcoop_Ext_95aac3,,,,,
2026-09-12T11:46:07-05:00,PUR_IED_Saludcoop_InfI_90c854,PUR_IED_Saludcoop_InfI_90c854,,,,,
2026-09-12T11:46:07-05:00,PUR_IED_Saludcoop_SMedia_1b93be,PUR_IED_Saludcoop_SMedia_1b93be,,,,,
2026-09-12T11:46:07-05:00,PUR_IED_SanCarlos_1101_1a2360,PUR_IED_SanCarlos_1101_1a2360,,,,,
2026-09-12T11:46:07-05:00,PUR_IED_SanCarlos_1103_7bafb5,PUR_IED_SanCarlos_1103_7bafb5,,,,,
2026-09-12T11:46:07-05:00,PUR_IED_SanCarlos_Ext_b7cd1,PUR_IED_SanCarlos_Ext_b7cd1,,,,,
2026-09-12T11:46:07-05:00,PUR_IED_SanIgnacioBosa11a_50c26e,PUR_IED_SanIgnacioBosa11a_50c26e,,,,,
2026-09-12T11:46:07-05:00,PUR_IED_SanIgnacioBosa11b_371de8,PUR_IED_SanIgnacioBosa11b_371de8,,,,,
2026-09-12T11:46:07-05:00,PUR_IED_SanIgnacioBosaExt_ef0ffc,PUR_IED_SanIgnacioBosaExt_ef0ffc,,,,,
2026-09-12T11:46:07-05:00,PUR_IED_SanIgnacioBosa_11a_50c26e,PUR_IED_SanIgnacioBosa_11a_50c26e,,,,,
2026-09-12T11:46:07-05:00,PUR_IED_SanIgnacioBosa_Ext_ef0ffc,PUR_IED_SanIgnacioBosa_Ext_ef0ffc,,,,,
2026-09-12T11:46:07-05:00,PUR_IED_SanJoseN_intS1101_31c47f,PUR_IED_SanJoseN_intS1101_31c47f,,,,,
2026-09-12T11:46:07-05:00,PUR_IED_SanJoseUsm_Exter_f5d7e8,PUR_IED_SanJoseUsm_Exter_f5d7e8,,,,,
2026-09-12T11:46:07-05:00,PUR_IED_SanJoseUsm_Int11A_cfdef6,PUR_IED_SanJoseUsm_Int11A_cfdef6,,,,,
2026-09-12T11:46:07-05:00,PUR_IED_SilveriaR_IntB5_905349,PUR_IED_SilveriaR_IntB5_905349,,,,,
2026-09-12T11:46:07-05:00,PUR_IED_SilveriaR_IntSD14_981f93,PUR_IED_SilveriaR_IntSD14_981f93,,,,,
2026-09-12T11:46:07-05:00,PUR_IED_SilveriaR_ext_2b651d,PUR_IED_SilveriaR_ext_2b651d,,,,,
2026-09-12T11:46:07-05:00,PUR_IED_SimonB_Exterior_913975,PUR_IED_SimonB_Exterior_913975,,,,,
2026-09-12T11:46:07-05:00,PUR_IED_SimonB_LabQuimi_c56908,PUR_IED_SimonB_LabQuimi_c56908,,,,,
2026-09-12T11:46:07-05:00,PUR_IED_SimonB_informatic_a28c1,PUR_IED_SimonB_informatic_a28c1,,,,,
2026-09-12T11:46:07-05:00,PUR_IED_Sorrento_1102_315f50,PUR_IED_Sorrento_1102_315f50,,,,,
2026-09-12T11:46:07-05:00,PUR_IED_Sorrento_Minte_214eab,PUR_IED_Sorrento_Minte_214eab,,,,,
2026-09-12T11:46:07-05:00,PUR_IED_Sorrento_ext_7c3a0a,PUR_IED_Sorrento_ext_7c3a0a,,,,,
2026-09-12T11:46:07-05:00,PUR_IED_Tabora_Ext_f048ae,PUR_IED_Tabora_Ext_f048ae,,,,,
2026-09-12T11:46:07-05:00,PUR_IED_Tabora_S1102_b07752,PUR_IED_Tabora_S1102_b07752,,,,,
2026-09-12T11:46:07-05:00,PUR_IED_Tabora_S1103_d988f5,PUR_IED_Tabora_S1103_d988f5,,,,,
2026-09-12T11:46:07-05:00,PUR_IED_Tenerife_Ext_1ab188,PUR_IED_Tenerife_Ext_1ab188,,,,,
2026-09-12T11:46:07-05:00,PUR_IED_Tenerife_SDanzas_7bc02e,PUR_IED_Tenerife_SDanzas_7bc02e,,,,,
2026-09-12T11:46:07-05:00,PUR_IED_Tenerife_SIngles_7cc277,PUR_IED_Tenerife_SIngles_7cc277,,,,,
2026-09-12T11:46:07-05:00,PUR_IED_Tibabuyes_Exter_f2683d,PUR_IED_Tibabuyes_Exter_f2683d,,,,,
2026-09-12T11:46:07-05:00,PUR_IED_Tibabuyes_S10_dc87a8,PUR_IED_Tibabuyes_S10_dc87a8,,,,,
2026-09-12T11:46:07-05:00,PUR_IED_Tibabuyes_S15_dc0526,PUR_IED_Tibabuyes_S15_dc0526,,,,,
2026-09-12T11:46:07-05:00,PUR_IED_UnionE_S301_a1043,PUR_IED_UnionE_S301_a1043,,,,,
2026-09-12T11:46:07-05:00,PUR_IED_UnionE_S307_ff6c2f,PUR_IED_UnionE_S307_ff6c2f,,,,,
2026-09-12T11:46:07-05:00,PUR_IED_UnionE__Ext_5e2468,PUR_IED_UnionE__Ext_5e2468,,,,,
2026-09-12T11:46:07-05:00,PUR_IED_VillaRica_Ext_75be7c,PUR_IED_VillaRica_Ext_75be7c,,,,,
2026-09-12T11:46:07-05:00,PUR_IED_VillaRica_S4_cc5dcd,PUR_IED_VillaRica_S4_cc5dcd,,,,,
2026-09-12T11:46:07-05:00,PUR_IED_VillaRica_Sesp_99f5c,PUR_IED_VillaRica_Sesp_99f5c,,,,,
2026-09-12T11:51:06-05:00,PUR_IED_20deJulio_1101_91b1b9,PUR_IED_20deJulio_1101_91b1b9,,,,,
2026-09-12T11:51:06-05:00,PUR_IED_20deJulio_1102_1cfcf9,PUR_IED_20deJulio_1102_1cfcf9,,,,,
2026-09-12T11:51:06-05:00,PUR_IED_20deJulio_Ext_ab60bd,PUR_IED_20deJulio_Ext_ab60bd,,,,,
2026-09-12T11:51:06-05:00,PUR_IED_AgustinFer_Ext_7b9b77,PUR_IED_AgustinFer_Ext_7b9b77,,,,,
2026-09-12T11:51:06-05:00,PUR_IED_AgustinFer_Info2_27b3a7,PUR_IED_AgustinFer_Info2_27b3a7,,,,,
2026-09-12T11:51:06-05:00,PUR_IED_AgustinFer_Sena_54b4eb,PUR_IED_AgustinFer_Sena_54b4eb,,,,,
2026-09-12T11:51:06-05:00,PUR_IED_AlexanderF_1102_caf07b,PUR_IED_AlexanderF_1102_caf07b,,,,,
2026-09-12T11:51:06-05:00,PUR_IED_AlexanderF_1103_c79e71,PUR_IED_AlexanderF_1103_c79e71,,,,,
2026-09-12T11:51:06-05:00,PUR_IED_AlexanderF_Ext_c5b18b,PUR_IED_AlexanderF_Ext_c5b18b,,,,,
2026-09-12T11:51:06-05:00,PUR_IED_AlfonsoLopez_Ext_281d77,PUR_IED_AlfonsoLopez_Ext_281d77,,,,,
2026-09-12T11:51:06-05:00,PUR_IED_AlfonsoLopez_LabF_888ce0,PUR_IED_AlfonsoLopez_LabF_888ce0,,,,,
2026-09-12T11:51:06-05:00,PUR_IED_AlfonsoLopez_SMed_df6a7f,PUR_IED_AlfonsoLopez_SMed_df6a7f,,,,,
2026-09-12T11:51:06-05:00,PUR_IED_AltamiraSO_A2_209f92,PUR_IED_AltamiraSO_A2_209f92,,,,,
2026-09-12T11:51:06-05:00,PUR_IED_AltamiraSO_Ext_186d66,PUR_IED_AltamiraSO_Ext_186d66,,,,,
2026-09-12T11:51:06-05:00,PUR_IED_AltamiraSO_Sistem_27afe1,PUR_IED_AltamiraSO_Sistem_27afe1,,,,,
2026-09-12T11:51:06-05:00,PUR_IED_AlvaroGom_LabQuim_813179,PUR_IED_AlvaroGom_LabQuim_813179,,,,,
2026-09-12T11:51:06-05:00,PUR_IED_AlvaroGomez_Ext_47c7ca,PUR_IED_AlvaroGomez_Ext_47c7ca,,,,,
2026-09-12T11:51:06-05:00,PUR_IED_AlvaroGomez_LabQuim_813179,PUR_IED_AlvaroGomez_LabQuim_813179,,,,,
2026-09-12T11:51:06-05:00,PUR_IED_AlvaroGomez_S23_7ba89f,PUR_IED_AlvaroGomez_S23_7ba89f,,,,,
2026-09-12T11:51:06-05:00,PUR_IED_Amistad_306_dc8728,PUR_IED_Amistad_306_dc8728,,,,,
2026-09-12T11:51:06-05:00,PUR_IED_Amistad_Ext_8cd55e,PUR_IED_Amistad_Ext_8cd55e,,,,,
2026-09-12T11:51:06-05:00,PUR_IED_Amistad_S202_a41169,PUR_IED_Amistad_S202_a41169,,,,,
2026-09-12T11:51:06-05:00,PUR_IED_AndresBello_Bio_fd5f5e,PUR_IED_AndresBello_Bio_fd5f5e,,,,,
2026-09-12T11:51:06-05:00,PUR_IED_AndresBello_ext_dcad65,PUR_IED_AndresBello_ext_dcad65,,,,,
2026-09-12T11:51:06-05:00,PUR_IED_AndresBello_port_eed3ec,PUR_IED_AndresBello_port_eed3ec,,,,,
2026-09-12T11:51:06-05:00,PUR_IED_AngelaR_11b_d90a6b,PUR_IED_AngelaR_11b_d90a6b,,,,,
2026-09-12T11:51:06-05:00,PUR_IED_AngelaR_ext_7cad3e,PUR_IED_AngelaR_ext_7cad3e,,,,,
2026-09-12T11:51:06-05:00,PUR_IED_AntJoseSucre_10mo_df2575,PUR_IED_AntJoseSucre_10mo_df2575,,,,,
2026-09-12T11:51:06-05:00,PUR_IED_AntJoseSucre_Ext_215b36,PUR_IED_AntJoseSucre_Ext_215b36,,,,,
2026-09-12T11:51:06-05:00,PUR_IED_AntJoseSucre_Lab_3139de,PUR_IED_AntJoseSucre_Lab_3139de,,,,,
2026-09-12T11:51:06-05:00,PUR_IED_AntonioGarcia_301_d6b188,PUR_IED_AntonioGarcia_301_d6b188,,,,,
2026-09-12T11:51:06-05:00,PUR_IED_AntonioGarcia_302_88a82,PUR_IED_AntonioGarcia_302_88a82,,,,,
2026-09-12T11:51:06-05:00,PUR_IED_AntonioGarcia_Ext_20950c,PUR_IED_AntonioGarcia_Ext_20950c,,,,,
2026-09-12T11:51:06-05:00,PUR_IED_AntonioVan_Aula2_6dea02,PUR_IED_AntonioVan_Aula2_6dea02,,,,,
2026-09-12T11:51:06-05:00,PUR_IED_AntonioVan_Aula5_f1557e,PUR_IED_AntonioVan_Aula5_f1557e,,,,,
2026-09-12T11:51:06-05:00,PUR_IED_AntonioVan_Ext_406f2f,PUR_IED_AntonioVan_Ext_406f2f,,,,,
2026-09-12T11:51:06-05:00,PUR_IED_Atabanzha_Ext_cc5af9,PUR_IED_Atabanzha_Ext_cc5af9,,,,,
2026-09-12T11:51:06-05:00,PUR_IED_Atabanzha_SA101_56c37,PUR_IED_Atabanzha_SA101_56c37,,,,,
2026-09-12T11:51:06-05:00,PUR_IED_Atabanzha_SB302_27b374,PUR_IED_Atabanzha_SB302_27b374,,,,,
2026-09-12T11:51:06-05:00,PUR_IED_Atahualpa_Ext_fc1748,PUR_IED_Atahualpa_Ext_fc1748,,,,,
2026-09-12T11:51:06-05:00,PUR_IED_Atahualpa_Informa_dc9a95,PUR_IED_Atahualpa_Informa_dc9a95,,,,,
2026-09-12T11:51:06-05:00,PUR_IED_Atahualpa_S1101_f98056,PUR_IED_Atahualpa_S1101_f98056,,,,,
2026-09-12T11:51:06-05:00,PUR_IED_Bellavista_Ext_f5aa74,PUR_IED_Bellavista_Ext_f5aa74,,,,,
2026-09-12T11:51:06-05:00,PUR_IED_Bilbao_11A_916c41,PUR_IED_Bilbao_11A_916c41,,,,,
2026-09-12T11:51:06-05:00,PUR_IED_Bilbao_Ext_fb579a,PUR_IED_Bilbao_Ext_fb579a,,,,,
2026-09-12T11:51:06-05:00,PUR_IED_BrasiliaU_A125_304280,PUR_IED_BrasiliaU_A125_304280,,,,,
2026-09-12T11:51:06-05:00,PUR_IED_BrasiliaU_A203_7c8ca5,PUR_IED_BrasiliaU_A203_7c8ca5,,,,,
2026-09-12T11:51:06-05:00,PUR_IED_BrasiliaU_Ext_8d6e9f,PUR_IED_BrasiliaU_Ext_8d6e9f,5,19,56,4.5175,-74.116302
2026-09-12T11:51:06-05:00,PUR_IED_Brasilia_Ext_fe6593,PUR_IED_Brasilia_Ext_fe6593,,,,,
2026-09-12T11:51:06-05:00,PUR_IED_Brasilia_S24_7c130d,PUR_IED_Brasilia_S24_7c130d,,,,,
2026-09-12T11:51:06-05:00,PUR_IED_Brasilia_S501_186a54,PUR_IED_Brasilia_S501_186a54,,,,,
2026-09-12T11:51:06-05:00,PUR_IED_CHARRY_EXT_f1d5cd,PUR_IED_CHARRY_EXT_f1d5cd,,,,,
2026-09-12T11:51:06-05:00,PUR_IED_CHARRY_INTDANZAS_7a08e6,PUR_IED_CHARRY_INTDANZAS_7a08e6,,,,,
2026-09-12T11:51:06-05:00,PUR_IED_CHARRY_INT_AULA20_dc998d,PUR_IED_CHARRY_INT_AULA20_dc998d,,,,,
2026-09-12T11:51:06-05:00,PUR_IED_COLVIV_1101_S25_7f520a,PUR_IED_COLVIV_1101_S25_7f520a,,,,,
2026-09-12T11:51:06-05:00,PUR_IED_COLVIV_1102_S16_f570ba,PUR_IED_COLVIV_1102_S16_f570ba,,,,,
2026-09-12T11:51:06-05:00,PUR_IED_COLVIV_Ext_1a26fa,PUR_IED_COLVIV_Ext_1a26fa,,,,,
2026-09-12T11:51:06-05:00,PUR_IED_CULPOP_301A_f660f3,PUR_IED_CULPOP_301A_f660f3,,,,,
2026-09-12T11:51:06-05:00,PUR_IED_CULPOP_303_568afe,PUR_IED_CULPOP_303_568afe,,,,,
2026-09-12T11:51:06-05:00,PUR_IED_CULPOP_Ext_e02ccb,PUR_IED_CULPOP_Ext_e02ccb,,,,,
2026-09-12T11:51:06-05:00,PUR_IED_CVillavicen_Ext_26eb58,PUR_IED_CVillavicen_Ext_26eb58,4,18,72,4.487,-74.102798
2026-09-12T11:51:06-05:00,PUR_IED_CVillavicen_Intel_1ce5c2,PUR_IED_CVillavicen_Intel_1ce5c2,,,,,
2026-09-12T11:51:06-05:00,PUR_IED_CVillavicen_Poliv_e0766c,PUR_IED_CVillavicen_Poliv_e0766c,,,,,
2026-09-12T11:51:06-05:00,PUR_IED_CVillavicen_int_1ba140,PUR_IED_CVillavicen_int_1ba140,,,,,
2026-09-12T11:51:06-05:00,PUR_IED_CVillavicen_intel_1ba140,PUR_IED_CVillavicen_intel_1ba140,,,,,
2026-09-12T11:51:06-05:00,PUR_IED_CarlosPizarro_Ext_e307cc,PUR_IED_CarlosPizarro_Ext_e307cc,,,,,
2026-09-12T11:51:06-05:00,PUR_IED_CarlosPizarro_L36_7e5cdb,PUR_IED_CarlosPizarro_L36_7e5cdb,,,,,
2026-09-12T11:51:06-05:00,PUR_IED_CarlosPizarro_L37_c8566c,PUR_IED_CarlosPizarro_L37_c8566c,,,,,
2026-09-12T11:51:06-05:00,PUR_IED_Castilla_Ext_cf35f,PUR_IED_Castilla_Ext_cf35f,,,,,
2026-09-12T11:51:06-05:00,PUR_IED_Castilla_SFisik_360e38,PUR_IED_Castilla_SFisik_360e38,,,,,
2026-09-12T11:51:06-05:00,PUR_IED_Castilla_Sc304_496fbf,PUR_IED_Castilla_Sc304_496fbf,,,,,
2026-09-12T11:51:06-05:00,PUR_IED_CervantesSa_Ext_6b57b,PUR_IED_CervantesSa_Ext_6b57b,3,20,61,4.5128,-74.117203
2026-09-12T11:51:06-05:00,PUR_IED_CervantesSa_S107_225c2b,PUR_IED_CervantesSa_S107_225c2b,,,,,
2026-09-12T11:51:06-05:00,PUR_IED_CervantesSa_S108_940925,PUR_IED_CervantesSa_S108_940925,,,,,
2026-09-12T11:51:06-05:00,PUR_IED_Charry_A20_f53e7c,PUR_IED_Charry_A20_f53e7c,,,,,
2026-09-12T11:51:06-05:00,PUR_IED_Charry_Ext_f1d5cd,PUR_IED_Charry_Ext_f1d5cd,,,,,
2026-09-12T11:51:06-05:00,PUR_IED_Charry_IntAula20_dc998d,PUR_IED_Charry_IntAula20_dc998d,,,,,
2026-09-12T11:51:06-05:00,PUR_IED_Charry_IntDanzas_7a08e6,PUR_IED_Charry_IntDanzas_7a08e6,,,,,
2026-09-12T11:51:06-05:00,PUR_IED_ClememciaC_203_43e2fc,PUR_IED_ClememciaC_203_43e2fc,,,,,
2026-09-12T11:51:06-05:00,PUR_IED_ClememciaC_Ext_1b411a,PUR_IED_ClememciaC_Ext_1b411a,,,,,
2026-09-12T11:51:06-05:00,PUR_IED_ClememciaC_Quimic_44b5fc,PUR_IED_ClememciaC_Quimic_44b5fc,,,,,
2026-09-12T11:51:06-05:00,PUR_IED_ClemenciaC_203_43e2fc,PUR_IED_ClemenciaC_203_43e2fc,,,,,
2026-09-12T11:51:06-05:00,PUR_IED_ClemenciaC_Ext_1b411a,PUR_IED_ClemenciaC_Ext_1b411a,,,,,
2026-09-12T11:51:06-05:00,PUR_IED_ClemenciaC_Quimic_44b5fc,PUR_IED_ClemenciaC_Quimic_44b5fc,,,,,
2026-09-12T11:51:06-05:00,PUR_IED_ColViva_1101_S25_7f520a,PUR_IED_ColViva_1101_S25_7f520a,,,,,
2026-09-12T11:51:06-05:00,PUR_IED_ColViva_1102_S16_f570ba,PUR_IED_ColViva_1102_S16_f570ba,,,,,
2026-09-12T11:51:06-05:00,PUR_IED_ColViva_Ext_1a26fa,PUR_IED_ColViva_Ext_1a26fa,,,,,
2026-09-12T11:51:06-05:00,PUR_IED_ColegioBici_Asist_7c8798,PUR_IED_ColegioBici_Asist_7c8798,,,,,
2026-09-12T11:51:06-05:00,PUR_IED_ColegioBici_Ext_25cbf6,PUR_IED_ColegioBici_Ext_25cbf6,,,,,
2026-09-12T11:51:06-05:00,PUR_IED_ColegioBici_LabQ_7b57db,PUR_IED_ColegioBici_LabQ_7b57db,,,,,
2026-09-12T11:51:06-05:00,PUR_IED_CostaRica_Ext_5e640,PUR_IED_CostaRica_Ext_5e640,,,,,
2026-09-12T11:51:06-05:00,PUR_IED_CostaRica_Quim1_766d1c,PUR_IED_CostaRica_Quim1_766d1c,,,,,
2026-09-12T11:51:06-05:00,PUR_IED_CostaRica__Fisica_6f0873,PUR_IED_CostaRica__Fisica_6f0873,,,,,
2026-09-12T11:51:06-05:00,PUR_IED_CulPopu_301A_f660f3,PUR_IED_CulPopu_301A_f660f3,,,,,
2026-09-12T11:51:06-05:00,PUR_IED_CulPopu_303_568afe,PUR_IED_CulPopu_303_568afe,,,,,
2026-09-12T11:51:06-05:00,PUR_IED_CulPopu_Ext_e02ccb,PUR_IED_CulPopu_Ext_e02ccb,,,,,
2026-09-12T11:51:06-05:00,PUR_IED_Cundinamarca_Ext_f15985,PUR_IED_Cundinamarca_Ext_f15985,,,,,
2026-09-12T11:51:06-05:00,PUR_IED_Cundinamarca_Info_7aa5d7,PUR_IED_Cundinamarca_Info_7aa5d7,,,,,
2026-09-12T11:51:06-05:00,PUR_IED_Cundinamarca_Tec2_f449c7,PUR_IED_Cundinamarca_Tec2_f449c7,,,,,
2026-09-12T11:51:06-05:00,PUR_IED_DiegoM_Aula1_27b314,PUR_IED_DiegoM_Aula1_27b314,,,,,
2026-09-12T11:51:06-05:00,PUR_IED_DiegoM_Ext_d80ac8,PUR_IED_DiegoM_Ext_d80ac8,,,,,
2026-09-12T11:51:06-05:00,PUR_IED_DiegoM_S25_da928f,PUR_IED_DiegoM_S25_da928f,,,,,
2026-09-12T11:51:06-05:00,PUR_IED_ELRODEO_360881,PUR_IED_ELRODEO_360881,,,,,
2026-09-12T11:51:06-05:00,PUR_IED_ELRODEO_ext_360881,PUR_IED_ELRODEO_ext_360881,,,,,
2026-09-12T11:51:06-05:00,PUR_IED_EduardoU_Ext_1c1969,PUR_IED_EduardoU_Ext_1c1969,,,,,
2026-09-12T11:51:06-05:00,PUR_IED_EduardoU_SCiencia_4dfb94,PUR_IED_EduardoU_SCiencia_4dfb94,,,,,
2026-09-12T11:51:06-05:00,PUR_IED_EduardoU_SQuimica_5a46e7,PUR_IED_EduardoU_SQuimica_5a46e7,,,,,
2026-09-12T11:51:06-05:00,PUR_IED_ElRodeo_Aula14_676984,PUR_IED_ElRodeo_Aula14_676984,,,,,
2026-09-12T11:51:06-05:00,PUR_IED_ElRodeo_Aula16_2dd35b,PUR_IED_ElRodeo_Aula16_2dd35b,,,,,
2026-09-12T11:51:06-05:00,PUR_IED_ElRodeo_Ext_360881,PUR_IED_ElRodeo_Ext_360881,,,,,
2026-09-12T11:51:06-05:00,PUR_IED_ElRodeo_Exterior_8c6d28,PUR_IED_ElRodeo_Exterior_8c6d28,,,,,
2026-09-12T11:51:06-05:00,PUR_IED_ElRodeo_ext_360881,PUR_IED_ElRodeo_ext_360881,,,,,
2026-09-12T11:51:06-05:00,PUR_IED_EmmaReyes_Ext_987625,PUR_IED_EmmaReyes_Ext_987625,3,22,47,4.6367,-74.1511
2026-09-12T11:51:06-05:00,PUR_IED_Ensueño_Ext_7f0250,PUR_IED_Ensueño_Ext_7f0250,,,,,
2026-09-12T11:51:06-05:00,PUR_IED_EscNormal_Ext_5fef3b,PUR_IED_EscNormal_Ext_5fef3b,2,22,51,4.5852,-74.096901
2026-09-12T11:51:06-05:00,PUR_IED_EscNormal_S309_5b263,PUR_IED_EscNormal_S309_5b263,,,,,
2026-09-12T11:51:06-05:00,PUR_IED_EscNormal_S310_27b3b8,PUR_IED_EscNormal_S310_27b3b8,,,,,
2026-09-12T11:51:06-05:00,PUR_IED_Evangelista_Conta_f6cd4f,PUR_IED_Evangelista_Conta_f6cd4f,,,,,
2026-09-12T11:51:06-05:00,PUR_IED_Evangelista_Cri_5e16a,PUR_IED_Evangelista_Cri_5e16a,,,,,
2026-09-12T11:51:06-05:00,PUR_IED_Evangelista_Exter_754066,PUR_IED_Evangelista_Exter_754066,,,,,
2026-09-12T11:51:06-05:00,PUR_IED_FMiranda_S209_5cc2a3,PUR_IED_FMiranda_S209_5cc2a3,,,,,
2026-09-12T11:51:06-05:00,PUR_IED_FMiranda_S303_19e344,PUR_IED_FMiranda_S303_19e344,,,,,
2026-09-12T11:51:06-05:00,PUR_IED_FMiranda_ext_f53e7c,PUR_IED_FMiranda_ext_f53e7c,,,,,
2026-09-12T11:51:06-05:00,PUR_IED_FabioLozano_Bibli_1cee05,PUR_IED_FabioLozano_Bibli_1cee05,,,,,
2026-09-12T11:51:06-05:00,PUR_IED_FabioLozano_Ext_6ea285,PUR_IED_FabioLozano_Ext_6ea285,,,,,
2026-09-12T11:51:06-05:00,PUR_IED_FabioLozano_SLudi_f09e1e,PUR_IED_FabioLozano_SLudi_f09e1e,,,,,
2026-09-12T11:51:06-05:00,PUR_IED_FaustinoS_Aula07_27a731,PUR_IED_FaustinoS_Aula07_27a731,,,,,
2026-09-12T11:51:06-05:00,PUR_IED_FaustinoS_Ext_7b936f,PUR_IED_FaustinoS_Ext_7b936f,,,,,
2026-09-12T11:51:06-05:00,PUR_IED_FaustinoS_Fisica_da2c60,PUR_IED_FaustinoS_Fisica_da2c60,,,,,
2026-09-12T11:51:06-05:00,PUR_IED_FeGarciaLo_Ext_dc68ee,PUR_IED_FeGarciaLo_Ext_dc68ee,,,,,
2026-09-12T11:51:06-05:00,PUR_IED_FeGarciaLo_SDanza_f70a59,PUR_IED_FeGarciaLo_SDanza_f70a59,,,,,
2026-09-12T11:51:06-05:00,PUR_IED_FeGarciaLo_SMusic_125cdd,PUR_IED_FeGarciaLo_SMusic_125cdd,,,,,
2026-09-12T11:51:06-05:00,PUR_IED_FederalAlema_Exte_50c345,PUR_IED_FederalAlema_Exte_50c345,,,,,
2026-09-12T11:51:06-05:00,PUR_IED_FederalAlema_S31_f18371,PUR_IED_FederalAlema_S31_f18371,,,,,
2026-09-12T11:51:06-05:00,PUR_IED_FederalAlema_S901_a62cd,PUR_IED_FederalAlema_S901_a62cd,,,,,
2026-09-12T11:51:06-05:00,PUR_IED_FilarmonicaS_A5_f35eb1,PUR_IED_FilarmonicaS_A5_f35eb1,,,,,
2026-09-12T11:51:06-05:00,PUR_IED_FilarmonicaS_Ext_8a3bde,PUR_IED_FilarmonicaS_Ext_8a3bde,,,,,
2026-09-12T11:51:06-05:00,PUR_IED_FilarmonicaS_Spol_406114,PUR_IED_FilarmonicaS_Spol_406114,,,,,
2026-09-12T11:51:06-05:00,PUR_IED_FlorentinoG_A13_d1fa59,PUR_IED_FlorentinoG_A13_d1fa59,,,,,
2026-09-12T11:51:06-05:00,PUR_IED_FlorentinoG_Ext_1ce6ce,PUR_IED_FlorentinoG_Ext_1ce6ce,,,,,
2026-09-12T11:51:06-05:00,PUR_IED_FlorentinoG_Idiom_a66aac,PUR_IED_FlorentinoG_Idiom_a66aac,,,,,
2026-09-12T11:51:06-05:00,PUR_IED_FranciscoMati_Ext_e3869d,PUR_IED_FranciscoMati_Ext_e3869d,,,,,
2026-09-12T11:51:06-05:00,PUR_IED_FranciscoMati_S13_f31c67,PUR_IED_FranciscoMati_S13_f31c67,,,,,
2026-09-12T11:51:06-05:00,PUR_IED_FranciscoMati_S14_97dead,PUR_IED_FranciscoMati_S14_97dead,,,,,
2026-09-12T11:51:06-05:00,PUR_IED_FranciscoPS_Ext_7bfa9a,PUR_IED_FranciscoPS_Ext_7bfa9a,2,23,50,4.5899,-74.110397
2026-09-12T11:51:06-05:00,PUR_IED_FranciscoPS_Infor_fb8f4c,PUR_IED_FranciscoPS_Infor_fb8f4c,,,,,
2026-09-12T11:51:06-05:00,PUR_IED_FranciscoPS_Quimi_94d39c,PUR_IED_FranciscoPS_Quimi_94d39c,,,,,
2026-09-12T11:51:06-05:00,PUR_IED_FranciscoP_LabQ_d7e148,PUR_IED_FranciscoP_LabQ_d7e148,,,,,
2026-09-12T11:51:06-05:00,PUR_IED_FranciscoP_S28_cf9b30,PUR_IED_FranciscoP_S28_cf9b30,,,,,
2026-09-12T11:51:06-05:00,PUR_IED_FranciscoP_ext_e2313,PUR_IED_FranciscoP_ext_e2313,,,,,
2026-09-12T11:51:06-05:00,PUR_IED_FriederichN_Ext_8ac92a,PUR_IED_FriederichN_Ext_8ac92a,,,,,
2026-09-12T11:51:06-05:00,PUR_IED_FriederichN_S301_dd7e5a,PUR_IED_FriederichN_S301_dd7e5a,,,,,
2026-09-12T11:51:06-05:00,PUR_IED_FriederichN_S308_761f4f,PUR_IED_FriederichN_S308_761f4f,,,,,
2026-09-12T11:51:06-05:00,PUR_IED_GSantander_Aula10_533dd7,PUR_IED_GSantander_Aula10_533dd7,,,,,
2026-09-12T11:51:06-05:00,PUR_IED_GSantander_Aula12_fd4e4f,PUR_IED_GSantander_Aula12_fd4e4f,,,,,
2026-09-12T11:51:06-05:00,PUR_IED_GSantander_Aula310_533dd7,PUR_IED_GSantander_Aula310_533dd7,,,,,
2026-09-12T11:51:06-05:00,PUR_IED_GSantander_Aula312_fd4e4f,PUR_IED_GSantander_Aula312_fd4e4f,,,,,
2026-09-12T11:51:06-05:00,PUR_IED_GSantander_Ext_5f66b0,PUR_IED_GSantander_Ext_5f66b0,,,,,
2026-09-12T11:51:06-05:00,PUR_IED_GYomasa_Ext_f6bea5,PUR_IED_GYomasa_Ext_f6bea5,,,,,
2026-09-12T11:51:06-05:00,PUR_IED_GYomasa_LBiol_2c41aa,PUR_IED_GYomasa_LBiol_2c41aa,,,,,
2026-09-12T11:51:06-05:00,PUR_IED_GYomasa_LQuim_33c80,PUR_IED_GYomasa_LQuim_33c80,,,,,
2026-09-12T11:51:06-05:00,PUR_IED_GabBetMejia_Cienc_5a99c,PUR_IED_GabBetMejia_Cienc_5a99c,,,,,
2026-09-12T11:51:06-05:00,PUR_IED_GabBetMejia_Ext_9153d0,PUR_IED_GabBetMejia_Ext_9153d0,,,,,
2026-09-12T11:51:06-05:00,PUR_IED_GabBetMejia_Lab_f55347,PUR_IED_GabBetMejia_Lab_f55347,,,,,
2026-09-12T11:51:06-05:00,PUR_IED_GabBetanMejia_Ext_9153d0,PUR_IED_GabBetanMejia_Ext_9153d0,,,,,
2026-09-12T11:51:06-05:00,PUR_IED_Gaitana_Aula13_7aac11,PUR_IED_Gaitana_Aula13_7aac11,,,,,
2026-09-12T11:51:06-05:00,PUR_IED_Gaitana_Ext_5fcf4,PUR_IED_Gaitana_Ext_5fcf4,,,,,
2026-09-12T11:51:06-05:00,PUR_IED_Gaitana_LabFisica_644448,PUR_IED_Gaitana_LabFisica_644448,,,,,
2026-09-12T11:51:06-05:00,PUR_IED_GenSantander_Dise_8ac858,PUR_IED_GenSantander_Dise_8ac858,,,,,
2026-09-12T11:51:06-05:00,PUR_IED_GenSantander_Ext_8d5dfe,PUR_IED_GenSantander_Ext_8d5dfe,,,,,
2026-09-12T11:51:06-05:00,PUR_IED_GenSantander_Info_6c25b,PUR_IED_GenSantander_Info_6c25b,,,,,
2026-09-12T11:51:06-05:00,PUR_IED_GustavoMo_Exterio_75e63d,PUR_IED_GustavoMo_Exterio_75e63d,,,,,
2026-09-12T11:51:06-05:00,PUR_IED_GustavoMo_LabFisi_224d37,PUR_IED_GustavoMo_LabFisi_224d37,,,,,
2026-09-12T11:51:06-05:00,PUR_IED_GustavoMo_S208_3e6918,PUR_IED_GustavoMo_S208_3e6918,,,,,
2026-09-12T11:51:06-05:00,PUR_IED_GustavoR_A02_8cd4a8,PUR_IED_GustavoR_A02_8cd4a8,,,,,
2026-09-12T11:51:06-05:00,PUR_IED_GustavoR_B11_5b0ed,PUR_IED_GustavoR_B11_5b0ed,,,,,
2026-09-12T11:51:06-05:00,PUR_IED_GustavoR_Ext_7a0c90,PUR_IED_GustavoR_Ext_7a0c90,,,,,
2026-09-12T11:51:06-05:00,PUR_IED_HernandoDuran_Ext_8cd82b,PUR_IED_HernandoDuran_Ext_8cd82b,,,,,
2026-09-12T11:51:06-05:00,PUR_IED_HernandoDuran_S24_2772c6,PUR_IED_HernandoDuran_S24_2772c6,,,,,
2026-09-12T11:51:06-05:00,PUR_IED_HernandoDuran_S30_f2de41,PUR_IED_HernandoDuran_S30_f2de41,,,,,
2026-09-12T11:51:06-05:00,PUR_IED_HolguInUr_S1101_8cd732,PUR_IED_HolguInUr_S1101_8cd732,,,,,
2026-09-12T11:51:06-05:00,PUR_IED_HolguinUr_Exter_ddae6d,PUR_IED_HolguinUr_Exter_ddae6d,,,,,
2026-09-12T11:51:06-05:00,PUR_IED_HolguinUr_LabQuim_92b952,PUR_IED_HolguinUr_LabQuim_92b952,,,,,
2026-09-12T11:51:06-05:00,PUR_IED_Isabel-II_Ext_5245cc,PUR_IED_Isabel-II_Ext_5245cc,2,21,51,4.6336,-74.153
2026-09-12T11:51:06-05:00,PUR_IED_Isabel-II_S_idiom_1c29aa,PUR_IED_Isabel-II_S_idiom_1c29aa,,,,,
2026-09-12T11:51:06-05:00,PUR_IED_Isabel-II_S_infor_fd741,PUR_IED_Isabel-II_S_infor_fd741,,,,,
2026-09-12T11:51:06-05:00,PUR_IED_IsidroSur_Exterio_5b90ea,PUR_IED_IsidroSur_Exterio_5b90ea,,,,,
2026-09-12T11:51:06-05:00,PUR_IED_IsidroSur_LabTec_56697a,PUR_IED_IsidroSur_LabTec_56697a,,,,,
2026-09-12T11:51:06-05:00,PUR_IED_IsidroSur_Robotic_b7c38f,PUR_IED_IsidroSur_Robotic_b7c38f,,,,,
2026-09-12T11:51:06-05:00,PUR_IED_IsmaelPerd_Ext_7b6672,PUR_IED_IsmaelPerd_Ext_7b6672,,,,,
2026-09-12T11:51:06-05:00,PUR_IED_IsmaelPerd_Inform_306540,PUR_IED_IsmaelPerd_Inform_306540,,,,,
2026-09-12T11:51:06-05:00,PUR_IED_IsmaelPerd_S30_2e2c83,PUR_IED_IsmaelPerd_S30_2e2c83,,,,,
2026-09-12T11:51:06-05:00,PUR_IED_JLozano_Exter_432910,PUR_IED_JLozano_Exter_432910,,,,,
2026-09-12T11:51:06-05:00,PUR_IED_JLozano_salaMulti_df5125,PUR_IED_JLozano_salaMulti_df5125,,,,,
2026-09-12T11:51:06-05:00,PUR_IED_JMCordoba_206_86f80b,PUR_IED_JMCordoba_206_86f80b,,,,,
2026-09-12T11:51:06-05:00,PUR_IED_JMCordoba_Ext_27ad97,PUR_IED_JMCordoba_Ext_27ad97,,,,,
2026-09-12T11:51:06-05:00,PUR_IED_JMCordoba_S310_d59ab4,PUR_IED_JMCordoba_S310_d59ab4,,,,,
2026-09-12T11:51:06-05:00,PUR_IED_Japon_Ext_549100,PUR_IED_Japon_Ext_549100,,,,,
2026-09-12T11:51:06-05:00,PUR_IED_Japon_Laboratorio_bec51d,PUR_IED_Japon_Laboratorio_bec51d,,,,,
2026-09-12T11:51:06-05:00,PUR_IED_Japon_informatica_d99327,PUR_IED_Japon_informatica_d99327,,,,,
2026-09-12T11:51:06-05:00,PUR_IED_Jazmin_Ext_d27bda,PUR_IED_Jazmin_Ext_d27bda,,,,,
2026-09-12T11:51:06-05:00,PUR_IED_Jazmin_Fisica_8d14d7,PUR_IED_Jazmin_Fisica_8d14d7,,,,,
2026-09-12T11:51:06-05:00,PUR_IED_Jazmin_Quimica_801cb5,PUR_IED_Jazmin_Quimica_801cb5,,,,,
2026-09-12T11:51:06-05:00,PUR_IED_JorgeGaitan_Exter_f098d1,PUR_IED_JorgeGaitan_Exter_f098d1,,,,,
2026-09-12T11:51:06-05:00,PUR_IED_JorgeGaitan_STec1_dc9d1d,PUR_IED_JorgeGaitan_STec1_dc9d1d,,,,,
2026-09-12T11:51:06-05:00,PUR_IED_JorgeGaitan_STec2_281e69,PUR_IED_JorgeGaitan_STec2_281e69,,,,,
2026-09-12T11:51:06-05:00,PUR_IED_JorgeSoto_Exterio_d9d0a2,PUR_IED_JorgeSoto_Exterio_d9d0a2,,,,,
2026-09-12T11:51:06-05:00,PUR_IED_JorgeSoto_LabFisi_209c54,PUR_IED_JorgeSoto_LabFisi_209c54,,,,,
2026-09-12T11:51:06-05:00,PUR_IED_JorgeSoto_S103_27b51a,PUR_IED_JorgeSoto_S103_27b51a,,,,,
2026-09-12T11:51:06-05:00,PUR_IED_JoseAcevedo_A02_e965eb,PUR_IED_JoseAcevedo_A02_e965eb,,,,,
2026-09-12T11:51:06-05:00,PUR_IED_JoseAcevedo_A07_dd5b4,PUR_IED_JoseAcevedo_A07_dd5b4,,,,,
2026-09-12T11:51:06-05:00,PUR_IED_JoseAcevedo_Ext_b47484,PUR_IED_JoseAcevedo_Ext_b47484,,,,,
2026-09-12T11:51:06-05:00,PUR_IED_JoseMarti_Exte_5b9bf,PUR_IED_JoseMarti_Exte_5b9bf,,,,,
2026-09-12T11:51:06-05:00,PUR_IED_JoseMarti_LabQuim_1c6c2d,PUR_IED_JoseMarti_LabQuim_1c6c2d,,,,,
2026-09-12T11:51:06-05:00,PUR_IED_JoseMarti_S_info_f5f177,PUR_IED_JoseMarti_S_info_f5f177,,,,,
2026-09-12T11:51:06-05:00,PUR_IED_Josejoaquin_Ext_dfc5dc,PUR_IED_Josejoaquin_Ext_dfc5dc,,,,,
2026-09-12T11:51:06-05:00,PUR_IED_Josejoaquin_S05_5b2a96,PUR_IED_Josejoaquin_S05_5b2a96,,,,,
2026-09-12T11:51:06-05:00,PUR_IED_Josejoaquin_S06_1ce7d2,PUR_IED_Josejoaquin_S06_1ce7d2,,,,,
2026-09-12T11:51:06-05:00,PUR_IED_JulioFlorez_Danza_9b82dd,PUR_IED_JulioFlorez_Danza_9b82dd,,,,,
2026-09-12T11:51:06-05:00,PUR_IED_JulioFlorez_Exter_f9f314,PUR_IED_JulioFlorez_Exter_f9f314,,,,,
2026-09-12T11:51:06-05:00,PUR_IED_JulioFlorez_info2_6b6e08,PUR_IED_JulioFlorez_info2_6b6e08,,,,,
2026-09-12T11:51:06-05:00,PUR_IED_LaBelleza_Aula13_1d00d8,PUR_IED_LaBelleza_Aula13_1d00d8,,,,,
2026-09-12T11:51:06-05:00,PUR_IED_LaBelleza_Ext_7bc08c,PUR_IED_LaBelleza_Ext_7bc08c,,,,,
2026-09-12T11:51:06-05:00,PUR_IED_LaChucua_Ext_8cd6d2,PUR_IED_LaChucua_Ext_8cd6d2,,,,,
2026-09-12T11:51:06-05:00,PUR_IED_LaChucua_S15_f578ce,PUR_IED_LaChucua_S15_f578ce,,,,,
2026-09-12T11:51:06-05:00,PUR_IED_LaChucua_S16_eebcf9,PUR_IED_LaChucua_S16_eebcf9,,,,,
2026-09-12T11:51:06-05:00,PUR_IED_LaFelicidad_Ext_fb5109,PUR_IED_LaFelicidad_Ext_fb5109,,,,,
2026-09-12T11:51:06-05:00,PUR_IED_LaMerced_206_66ebd,PUR_IED_LaMerced_206_66ebd,,,,,
2026-09-12T11:51:06-05:00,PUR_IED_LaMerced_207_6ebd6,PUR_IED_LaMerced_207_6ebd6,,,,,
2026-09-12T11:51:06-05:00,PUR_IED_LaMerced_ext_304311,PUR_IED_LaMerced_ext_304311,,,,,
2026-09-12T11:51:06-05:00,PUR_IED_Laureano_CiencNat_281e5e,PUR_IED_Laureano_CiencNat_281e5e,,,,,
2026-09-12T11:51:06-05:00,PUR_IED_Laureano_Comedor_f65c0a,PUR_IED_Laureano_Comedor_f65c0a,,,,,
2026-09-12T11:51:06-05:00,PUR_IED_Laureano_Exterior_7ab011,PUR_IED_Laureano_Exterior_7ab011,,,,,
2026-09-12T11:51:06-05:00,PUR_IED_LeonGreiff_Exte_dfe560,PUR_IED_LeonGreiff_Exte_dfe560,,,,,
2026-09-12T11:51:06-05:00,PUR_IED_LeonGreiff_S210_f264ed,PUR_IED_LeonGreiff_S210_f264ed,,,,,
2026-09-12T11:51:06-05:00,PUR_IED_LeonGreiff_SQuimi_e8296f,PUR_IED_LeonGreiff_SQuimi_e8296f,,,,,
2026-09-12T11:51:06-05:00,PUR_IED_LlanoOrientalS208_7b9fcd,PUR_IED_LlanoOrientalS208_7b9fcd,,,,,
2026-09-12T11:51:06-05:00,PUR_IED_LlanoOriental_Ext_fb3766,PUR_IED_LlanoOriental_Ext_fb3766,,,,,
2026-09-12T11:51:06-05:00,PUR_IED_LlanoOriental_S208_7b9fcd,PUR_IED_LlanoOriental_S208_7b9fcd,,,,,
2026-09-12T11:51:06-05:00,PUR_IED_LlanoOriental_S9_27b378,PUR_IED_LlanoOriental_S9_27b378,,,,,
2026-09-12T11:51:06-05:00,PUR_IED_LosTejares_1101_477602,PUR_IED_LosTejares_1101_477602,,,,,
2026-09-12T11:51:06-05:00,PUR_IED_LosTejares_11_d2c595,PUR_IED_LosTejares_11_d2c595,,,,,
2026-09-12T11:51:06-05:00,PUR_IED_LosTejares_12_477602,PUR_IED_LosTejares_12_477602,,,,,
2026-09-12T11:51:06-05:00,PUR_IED_LosTejares_Ext_8e2115,PUR_IED_LosTejares_Ext_8e2115,,,,,
2026-09-12T11:51:06-05:00,PUR_IED_MagdalenaO_B202_5ddda3,PUR_IED_MagdalenaO_B202_5ddda3,,,,,
2026-09-12T11:51:06-05:00,PUR_IED_MagdalenaO_B205_fb76e8,PUR_IED_MagdalenaO_B205_fb76e8,,,,,
2026-09-12T11:51:06-05:00,PUR_IED_MagdalenaO_ext_dc69cd,PUR_IED_MagdalenaO_ext_dc69cd,,,,,
2026-09-12T11:51:06-05:00,PUR_IED_ManueCepeda_artes_eee956,PUR_IED_ManueCepeda_artes_eee956,,,,,
2026-09-12T11:51:06-05:00,PUR_IED_ManuelCepeda_Ext_58313,PUR_IED_ManuelCepeda_Ext_58313,,,,,
2026-09-12T11:51:06-05:00,PUR_IED_ManuelCepeda_tec_1c5731,PUR_IED_ManuelCepeda_tec_1c5731,,,,,
2026-09-12T11:51:06-05:00,PUR_IED_ManuelS_Exterior_5b269,PUR_IED_ManuelS_Exterior_5b269,,,,,
2026-09-12T11:51:06-05:00,PUR_IED_ManuelS_Inform_f369ce,PUR_IED_ManuelS_Inform_f369ce,,,,,
2026-09-12T11:51:06-05:00,PUR_IED_ManuelS_SArtes_7d15f1,PUR_IED_ManuelS_SArtes_7d15f1,,,,,
2026-09-12T11:51:06-05:00,PUR_IED_ManuelZapata_303_3ca6,PUR_IED_ManuelZapata_303_3ca6,,,,,
2026-09-12T11:51:06-05:00,PUR_IED_ManuelZapata_311_bfbabc,PUR_IED_ManuelZapata_311_bfbabc,,,,,
2026-09-12T11:51:06-05:00,PUR_IED_ManuelZapata_Ext_50824a,PUR_IED_ManuelZapata_Ext_50824a,,,,,
2026-09-12T11:51:06-05:00,PUR_IED_ManuelitaS_Exteri_656a92,PUR_IED_ManuelitaS_Exteri_656a92,,,,,
2026-09-12T11:51:06-05:00,PUR_IED_ManuelitaS_JuzgDe_f58ec3,PUR_IED_ManuelitaS_JuzgDe_f58ec3,,,,,
2026-09-12T11:51:06-05:00,PUR_IED_ManuelitaS_Recrea_d793db,PUR_IED_ManuelitaS_Recrea_d793db,,,,,
2026-09-12T11:51:06-05:00,PUR_IED_MarFidSuarez_Ext_c27b19,PUR_IED_MarFidSuarez_Ext_c27b19,,,,,
2026-09-12T11:51:06-05:00,PUR_IED_MarFidSuarez_Info_e384d7,PUR_IED_MarFidSuarez_Info_e384d7,,,,,
2026-09-12T11:51:06-05:00,PUR_IED_MarFidSuarez_S306_1d0032,PUR_IED_MarFidSuarez_S306_1d0032,,,,,
2026-09-12T11:51:06-05:00,PUR_IED_Menorah_301_2a25a3,PUR_IED_Menorah_301_2a25a3,,,,,
2026-09-12T11:51:06-05:00,PUR_IED_Menorah_306_37ed3,PUR_IED_Menorah_306_37ed3,,,,,
2026-09-12T11:51:06-05:00,PUR_IED_Menorah_Ext_3e155b,PUR_IED_Menorah_Ext_3e155b,,,,,
2026-09-12T11:51:06-05:00,PUR_IED_MinutoB.Aires_A11_1b1604,PUR_IED_MinutoB.Aires_A11_1b1604,,,,,
2026-09-12T11:51:06-05:00,PUR_IED_MinutoB.Aires_A12_fb5860,PUR_IED_MinutoB.Aires_A12_fb5860,,,,,
2026-09-12T11:51:06-05:00,PUR_IED_MinutoB.Aires_Ext_81293f,PUR_IED_MinutoB.Aires_Ext_81293f,,,,,
2026-09-12T11:51:06-05:00,PUR_IED_MinutoBAires_A11_1b1604,PUR_IED_MinutoBAires_A11_1b1604,,,,,
2026-09-12T11:51:06-05:00,PUR_IED_MinutoBAires_A12_fb5860,PUR_IED_MinutoBAires_A12_fb5860,,,,,
2026-09-12T11:51:06-05:00,PUR_IED_MinutoBAires_Ext_81293f,PUR_IED_MinutoBAires_Ext_81293f,,,,,
2026-09-12T11:51:06-05:00,PUR_IED_Montreal_Aula10_1e4959,PUR_IED_Montreal_Aula10_1e4959,,,,,
2026-09-12T11:51:06-05:00,PUR_IED_Montreal_Aula6_300367,PUR_IED_Montreal_Aula6_300367,,,,,
2026-09-12T11:51:06-05:00,PUR_IED_Montreal_Exterior_91a179,PUR_IED_Montreal_Exterior_91a179,,,,,
2026-09-12T11:51:06-05:00,PUR_IED_Mqgdalena_B202_5ddda3,PUR_IED_Mqgdalena_B202_5ddda3,,,,,
2026-09-12T11:51:06-05:00,PUR_IED_NACUND_Soc_dc8728,PUR_IED_NACUND_Soc_dc8728,,,,,
2026-09-12T11:51:06-05:00,PUR_IED_NACUND_ext_27ad97,PUR_IED_NACUND_ext_27ad97,,,,,
2026-09-12T11:51:06-05:00,PUR_IED_NEsperanza_Ext_d24b61,PUR_IED_NEsperanza_Ext_d24b61,,,,,
2026-09-12T11:51:06-05:00,PUR_IED_NEsperanza_SElect_7d1807,PUR_IED_NEsperanza_SElect_7d1807,,,,,
2026-09-12T11:51:06-05:00,PUR_IED_NEsperanza_SLabor_8b2d0a,PUR_IED_NEsperanza_SLabor_8b2d0a,,,,,
2026-09-12T11:51:06-05:00,PUR_IED_NacionesU_Ext_f661a9,PUR_IED_NacionesU_Ext_f661a9,,,,,
2026-09-12T11:51:06-05:00,PUR_IED_NacionesU_Quimica_66f0a,PUR_IED_NacionesU_Quimica_66f0a,,,,,
2026-09-12T11:51:06-05:00,PUR_IED_NacionesU_S306_1b4b3d,PUR_IED_NacionesU_S306_1b4b3d,,,,,
2026-09-12T11:51:06-05:00,PUR_IED_NestorFA_Ext_e4201c,PUR_IED_NestorFA_Ext_e4201c,,,,,
2026-09-12T11:51:06-05:00,PUR_IED_NestorFA_Laborato_f22fe0,PUR_IED_NestorFA_Laborato_f22fe0,,,,,
2026-09-12T11:51:06-05:00,PUR_IED_NestorFA_S204_dee996,PUR_IED_NestorFA_S204_dee996,,,,,
2026-09-12T11:51:06-05:00,PUR_IED_NidyaQT_Aula03_76999b,PUR_IED_NidyaQT_Aula03_76999b,,,,,
2026-09-12T11:51:06-05:00,PUR_IED_NidyaQT_Aula10_56325,PUR_IED_NidyaQT_Aula10_56325,,,,,
2026-09-12T11:51:06-05:00,PUR_IED_NidyaQT_Ext_46e32d,PUR_IED_NidyaQT_Ext_46e32d,,,,,
2026-09-12T11:51:06-05:00,PUR_IED_NuevaCol_Exterior_d9b859,PUR_IED_NuevaCol_Exterior_d9b859,,,,,
2026-09-12T11:51:06-05:00,PUR_IED_NuevaCol_S1101_76c43b,PUR_IED_NuevaCol_S1101_76c43b,,,,,
2026-09-12T11:51:06-05:00,PUR_IED_NuevaCol_S1102_1ce0b5,PUR_IED_NuevaCol_S1102_1ce0b5,,,,,
2026-09-12T11:51:06-05:00,PUR_IED_OEA_A202_f7e3f2,PUR_IED_OEA_A202_f7e3f2,,,,,
2026-09-12T11:51:06-05:00,PUR_IED_OEA_A203_7d1b8d,PUR_IED_OEA_A203_7d1b8d,,,,,
2026-09-12T11:51:06-05:00,PUR_IED_OEA_Ext_27b593,PUR_IED_OEA_Ext_27b593,,,,,
2026-09-12T11:51:06-05:00,PUR_IED_Ochoa_Ext_1c29da,PUR_IED_Ochoa_Ext_1c29da,,,,,
2026-09-12T11:51:06-05:00,PUR_IED_Ochoa_S205_8b1121,PUR_IED_Ochoa_S205_8b1121,,,,,
2026-09-12T11:51:06-05:00,PUR_IED_Ochoa_Sistemas_f33af6,PUR_IED_Ochoa_Sistemas_f33af6,,,,,
2026-09-12T11:51:06-05:00,PUR_IED_PQuebec_Ext_1c67c7,PUR_IED_PQuebec_Ext_1c67c7,,,,,
2026-09-12T11:51:06-05:00,PUR_IED_PQuebec_S15_23e8e2,PUR_IED_PQuebec_S15_23e8e2,,,,,
2026-09-12T11:51:06-05:00,PUR_IED_PQuebec_S16_8ec76b,PUR_IED_PQuebec_S16_8ec76b,,,,,
2026-09-12T11:51:06-05:00,PUR_IED_PabloN_Ext_49dc96,PUR_IED_PabloN_Ext_49dc96,,,,,
2026-09-12T11:51:06-05:00,PUR_IED_PabloN_S1102_4e3df5,PUR_IED_PabloN_S1102_4e3df5,,,,,
2026-09-12T11:51:06-05:00,PUR_IED_PabloN_S1103_50c94b,PUR_IED_PabloN_S1103_50c94b,,,,,
2026-09-12T11:51:06-05:00,PUR_IED_Palestina_S1101_db9198,PUR_IED_Palestina_S1101_db9198,,,,,
2026-09-12T11:51:06-05:00,PUR_IED_Palestina_S1102_dc54fa,PUR_IED_Palestina_S1102_dc54fa,,,,,
2026-09-12T11:51:06-05:00,PUR_IED_Palestina_ext_4ccce6,PUR_IED_Palestina_ext_4ccce6,,,,,
2026-09-12T11:51:06-05:00,PUR_IED_Panama_Fisica_4d0794,PUR_IED_Panama_Fisica_4d0794,,,,,
2026-09-12T11:51:06-05:00,PUR_IED_Panama_SIngles_a4077e,PUR_IED_Panama_SIngles_a4077e,,,,,
2026-09-12T11:51:06-05:00,PUR_IED_Panama_ext_4c54b4,PUR_IED_Panama_ext_4c54b4,,,,,
2026-09-12T11:51:06-05:00,PUR_IED_ParaisoM_Exterior_8cd7f0,PUR_IED_ParaisoM_Exterior_8cd7f0,,,,,
2026-09-12T11:51:06-05:00,PUR_IED_ParaisoM_Laborato_27af35,PUR_IED_ParaisoM_Laborato_27af35,,,,,
2026-09-12T11:51:06-05:00,PUR_IED_ParaisoM_S304_d1edca,PUR_IED_ParaisoM_S304_d1edca,,,,,
2026-09-12T11:51:06-05:00,PUR_IED_PorfirioBarba_Ext_301466,PUR_IED_PorfirioBarba_Ext_301466,,,,,
2026-09-12T11:51:06-05:00,PUR_IED_PorfirioBarba_S11_df6cd2,PUR_IED_PorfirioBarba_S11_df6cd2,,,,,
2026-09-12T11:51:06-05:00,PUR_IED_PorfirioBarba_S29_27a7d6,PUR_IED_PorfirioBarba_S29_27a7d6,,,,,
2026-09-12T11:51:06-05:00,PUR_IED_PradoV_Exter_8b27ad,PUR_IED_PradoV_Exter_8b27ad,,,,,
2026-09-12T11:51:06-05:00,PUR_IED_PradoV_S301_de65b5,PUR_IED_PradoV_S301_de65b5,,,,,
2026-09-12T11:51:06-05:00,PUR_IED_PradoV_S302_7d2593,PUR_IED_PradoV_S302_7d2593,,,,,
2026-09-12T11:51:06-05:00,PUR_IED_QuirogaAlz_Ext_1ddc82,PUR_IED_QuirogaAlz_Ext_1ddc82,,,,,
2026-09-12T11:51:06-05:00,PUR_IED_QuirogaAlz_S302_9926a3,PUR_IED_QuirogaAlz_S302_9926a3,,,,,
2026-09-12T11:51:06-05:00,PUR_IED_QuirogaAlz_S305_cdf1f1,PUR_IED_QuirogaAlz_S305_cdf1f1,,,,,
2026-09-12T11:51:06-05:00,PUR_IED_RGuatemala_Biling_dc53b7,PUR_IED_RGuatemala_Biling_dc53b7,,,,,
2026-09-12T11:51:06-05:00,PUR_IED_RGuatemala_Ext_1b89a3,PUR_IED_RGuatemala_Ext_1b89a3,,,,,
2026-09-12T11:51:06-05:00,PUR_IED_RGuatemala_Tecnol_281a34,PUR_IED_RGuatemala_Tecnol_281a34,,,,,
2026-09-12T11:51:06-05:00,PUR_IED_RafaNu_Ext_f7c302,PUR_IED_RafaNu_Ext_f7c302,,,,,
2026-09-12T11:51:06-05:00,PUR_IED_RafaNu_S1101_25fde,PUR_IED_RafaNu_S1101_25fde,,,,,
2026-09-12T11:51:06-05:00,PUR_IED_RafaNu_S1102_281517,PUR_IED_RafaNu_S1102_281517,,,,,
2026-09-12T11:51:06-05:00,PUR_IED_RafaelB_S305_ee2783,PUR_IED_RafaelB_S305_ee2783,,,,,
2026-09-12T11:51:06-05:00,PUR_IED_RafaelB_S306_75fe33,PUR_IED_RafaelB_S306_75fe33,,,,,
2026-09-12T11:51:06-05:00,PUR_IED_RafaelB_ext_283336,PUR_IED_RafaelB_ext_283336,2,20,55,4.6722,-74.0737
2026-09-12T11:51:06-05:00,PUR_IED_RafaelUU_Exterior_281a51,PUR_IED_RafaelUU_Exterior_281a51,,,,,
2026-09-12T11:51:06-05:00,PUR_IED_RafaelUU_Human_806b2,PUR_IED_RafaelUU_Human_806b2,,,,,
2026-09-12T11:51:06-05:00,PUR_IED_RafaelUU_Mate2_5680d4,PUR_IED_RafaelUU_Mate2_5680d4,,,,,
2026-09-12T11:51:06-05:00,PUR_IED_RamonSub_Ext_f9eeb9,PUR_IED_RamonSub_Ext_f9eeb9,,,,,
2026-09-12T11:51:06-05:00,PUR_IED_RamonSub_Media_d1f62f,PUR_IED_RamonSub_Media_d1f62f,,,,,
2026-09-12T11:51:06-05:00,PUR_IED_RamonSub_planta_51b82,PUR_IED_RamonSub_planta_51b82,,,,,
2026-09-12T11:51:06-05:00,PUR_IED_RepBoliVene_Exter_27af7c,PUR_IED_RepBoliVene_Exter_27af7c,,,,,
2026-09-12T11:51:06-05:00,PUR_IED_RepBoliVene_SCPT_5ae2ee,PUR_IED_RepBoliVene_SCPT_5ae2ee,,,,,
2026-09-12T11:51:06-05:00,PUR_IED_RepBoliVene_Socia_4b11d5,PUR_IED_RepBoliVene_Socia_4b11d5,,,,,
2026-09-12T11:51:06-05:00,PUR_IED_RepChina_Ext_76d9ee,PUR_IED_RepChina_Ext_76d9ee,,,,,
2026-09-12T11:51:06-05:00,PUR_IED_RepChina_S404_7c804c,PUR_IED_RepChina_S404_7c804c,,,,,
2026-09-12T11:51:06-05:00,PUR_IED_RepChina_S405_df2c33,PUR_IED_RepChina_S405_df2c33,,,,,
2026-09-12T11:51:06-05:00,PUR_IED_RepublicaC_Exteri_7d1ec9,PUR_IED_RepublicaC_Exteri_7d1ec9,,,,,
2026-09-12T11:51:06-05:00,PUR_IED_RepublicaC_S1101_f544b3,PUR_IED_RepublicaC_S1101_f544b3,,,,,
2026-09-12T11:51:06-05:00,PUR_IED_RepublicaC_S1102_7aafc7,PUR_IED_RepublicaC_S1102_7aafc7,,,,,
2026-09-12T11:51:06-05:00,PUR_IED_Ricaurte_Externo_a0ea1,PUR_IED_Ricaurte_Externo_a0ea1,,,,,
2026-09-12T11:51:06-05:00,PUR_IED_Ricaurte_S210_f546fd,PUR_IED_Ricaurte_S210_f546fd,,,,,
2026-09-12T11:51:06-05:00,PUR_IED_Ricaurte_S309_d4452,PUR_IED_Ricaurte_S309_d4452,,,,,
2026-09-12T11:51:06-05:00,PUR_IED_RogelioS_1102_531e69,PUR_IED_RogelioS_1102_531e69,,,,,
2026-09-12T11:51:06-05:00,PUR_IED_RogelioS_Ext_f25a18,PUR_IED_RogelioS_Ext_f25a18,,,,,
2026-09-12T11:51:06-05:00,PUR_IED_SBernardino_Ext_27aff8,PUR_IED_SBernardino_Ext_27aff8,,,,,
2026-09-12T11:51:06-05:00,PUR_IED_SBernardino_SArte_2ffd33,PUR_IED_SBernardino_SArte_2ffd33,,,,,
2026-09-12T11:51:06-05:00,PUR_IED_SBernardino_SIngl_7c7da5,PUR_IED_SBernardino_SIngl_7c7da5,,,,,
2026-09-12T11:51:06-05:00,PUR_IED_Sago_auditorio_dc9d1d,PUR_IED_Sago_auditorio_dc9d1d,,,,,
2026-09-12T11:51:06-05:00,PUR_IED_Saludcoop_Ext_95aac3,PUR_IED_Saludcoop_Ext_95aac3,,,,,
2026-09-12T11:51:06-05:00,PUR_IED_Saludcoop_InfI_90c854,PUR_IED_Saludcoop_InfI_90c854,,,,,
2026-09-12T11:51:06-05:00,PUR_IED_Saludcoop_SMedia_1b93be,PUR_IED_Saludcoop_SMedia_1b93be,,,,,
2026-09-12T11:51:06-05:00,PUR_IED_SanCarlos_1101_1a2360,PUR_IED_SanCarlos_1101_1a2360,,,,,
2026-09-12T11:51:06-05:00,PUR_IED_SanCarlos_1103_7bafb5,PUR_IED_SanCarlos_1103_7bafb5,,,,,
2026-09-12T11:51:06-05:00,PUR_IED_SanCarlos_Ext_b7cd1,PUR_IED_SanCarlos_Ext_b7cd1,,,,,
2026-09-12T11:51:06-05:00,PUR_IED_SanIgnacioBosa11a_50c26e,PUR_IED_SanIgnacioBosa11a_50c26e,,,,,
2026-09-12T11:51:06-05:00,PUR_IED_SanIgnacioBosa11b_371de8,PUR_IED_SanIgnacioBosa11b_371de8,,,,,
2026-09-12T11:51:06-05:00,PUR_IED_SanIgnacioBosaExt_ef0ffc,PUR_IED_SanIgnacioBosaExt_ef0ffc,,,,,
2026-09-12T11:51:06-05:00,PUR_IED_SanIgnacioBosa_11a_50c26e,PUR_IED_SanIgnacioBosa_11a_50c26e,,,,,
2026-09-12T11:51:06-05:00,PUR_IED_SanIgnacioBosa_Ext_ef0ffc,PUR_IED_SanIgnacioBosa_Ext_ef0ffc,,,,,
2026-09-12T11:51:06-05:00,PUR_IED_SanJoseN_intS1101_31c47f,PUR_IED_SanJoseN_intS1101_31c47f,,,,,
2026-09-12T11:51:06-05:00,PUR_IED_SanJoseUsm_Exter_f5d7e8,PUR_IED_SanJoseUsm_Exter_f5d7e8,,,,,
2026-09-12T11:51:06-05:00,PUR_IED_SanJoseUsm_Int11A_cfdef6,PUR_IED_SanJoseUsm_Int11A_cfdef6,,,,,
2026-09-12T11:51:06-05:00,PUR_IED_SilveriaR_IntB5_905349,PUR_IED_SilveriaR_IntB5_905349,,,,,
2026-09-12T11:51:06-05:00,PUR_IED_SilveriaR_IntSD14_981f93,PUR_IED_SilveriaR_IntSD14_981f93,,,,,
2026-09-12T11:51:06-05:00,PUR_IED_SilveriaR_ext_2b651d,PUR_IED_SilveriaR_ext_2b651d,,,,,
2026-09-12T11:51:06-05:00,PUR_IED_SimonB_Exterior_913975,PUR_IED_SimonB_Exterior_913975,,,,,
2026-09-12T11:51:06-05:00,PUR_IED_SimonB_LabQuimi_c56908,PUR_IED_SimonB_LabQuimi_c56908,,,,,
2026-09-12T11:51:06-05:00,PUR_IED_SimonB_informatic_a28c1,PUR_IED_SimonB_informatic_a28c1,,,,,
2026-09-12T11:51:06-05:00,PUR_IED_Sorrento_1102_315f50,PUR_IED_Sorrento_1102_315f50,,,,,
2026-09-12T11:51:06-05:00,PUR_IED_Sorrento_Minte_214eab,PUR_IED_Sorrento_Minte_214eab,,,,,
2026-09-12T11:51:06-05:00,PUR_IED_Sorrento_ext_7c3a0a,PUR_IED_Sorrento_ext_7c3a0a,,,,,
2026-09-12T11:51:06-05:00,PUR_IED_Tabora_Ext_f048ae,PUR_IED_Tabora_Ext_f048ae,,,,,
2026-09-12T11:51:06-05:00,PUR_IED_Tabora_S1102_b07752,PUR_IED_Tabora_S1102_b07752,,,,,
2026-09-12T11:51:06-05:00,PUR_IED_Tabora_S1103_d988f5,PUR_IED_Tabora_S1103_d988f5,,,,,
2026-09-12T11:51:06-05:00,PUR_IED_Tenerife_Ext_1ab188,PUR_IED_Tenerife_Ext_1ab188,,,,,
2026-09-12T11:51:06-05:00,PUR_IED_Tenerife_SDanzas_7bc02e,PUR_IED_Tenerife_SDanzas_7bc02e,,,,,
2026-09-12T11:51:06-05:00,PUR_IED_Tenerife_SIngles_7cc277,PUR_IED_Tenerife_SIngles_7cc277,,,,,
2026-09-12T11:51:06-05:00,PUR_IED_Tibabuyes_Exter_f2683d,PUR_IED_Tibabuyes_Exter_f2683d,,,,,
2026-09-12T11:51:06-05:00,PUR_IED_Tibabuyes_S10_dc87a8,PUR_IED_Tibabuyes_S10_dc87a8,,,,,
2026-09-12T11:51:06-05:00,PUR_IED_Tibabuyes_S15_dc0526,PUR_IED_Tibabuyes_S15_dc0526,,,,,
2026-09-12T11:51:06-05:00,PUR_IED_UnionE_S301_a1043,PUR_IED_UnionE_S301_a1043,,,,,
2026-09-12T11:51:06-05:00,PUR_IED_UnionE_S307_ff6c2f,PUR_IED_UnionE_S307_ff6c2f,,,,,
2026-09-12T11:51:06-05:00,PUR_IED_UnionE__Ext_5e2468,PUR_IED_UnionE__Ext_5e2468,,,,,
2026-09-12T11:51:06-05:00,PUR_IED_VillaRica_Ext_75be7c,PUR_IED_VillaRica_Ext_75be7c,,,,,
2026-09-12T11:51:06-05:00,PUR_IED_VillaRica_S4_cc5dcd,PUR_IED_VillaRica_S4_cc5dcd,,,,,
2026-09-12T11:51:06-05:00,PUR_IED_VillaRica_Sesp_99f5c,PUR_IED_VillaRica_Sesp_99f5c,,,,,
2026-09-12T11:56:06-05:00,PUR_IED_20deJulio_1101_91b1b9,PUR_IED_20deJulio_1101_91b1b9,,,,,
2026-09-12T11:56:06-05:00,PUR_IED_20deJulio_1102_1cfcf9,PUR_IED_20deJulio_1102_1cfcf9,,,,,
2026-09-12T11:56:06-05:00,PUR_IED_20deJulio_Ext_ab60bd,PUR_IED_20deJulio_Ext_ab60bd,,,,,
2026-09-12T11:56:06-05:00,PUR_IED_AgustinFer_Ext_7b9b77,PUR_IED_AgustinFer_Ext_7b9b77,,,,,
2026-09-12T11:56:06-05:00,PUR_IED_AgustinFer_Info2_27b3a7,PUR_IED_AgustinFer_Info2_27b3a7,,,,,
2026-09-12T11:56:06-05:00,PUR_IED_AgustinFer_Sena_54b4eb,PUR_IED_AgustinFer_Sena_54b4eb,,,,,
2026-09-12T11:56:06-05:00,PUR_IED_AlexanderF_1102_caf07b,PUR_IED_AlexanderF_1102_caf07b,,,,,
2026-09-12T11:56:06-05:00,PUR_IED_AlexanderF_1103_c79e71,PUR_IED_AlexanderF_1103_c79e71,,,,,
2026-09-12T11:56:06-05:00,PUR_IED_AlexanderF_Ext_c5b18b,PUR_IED_AlexanderF_Ext_c5b18b,,,,,
2026-09-12T11:56:06-05:00,PUR_IED_AlfonsoLopez_Ext_281d77,PUR_IED_AlfonsoLopez_Ext_281d77,,,,,
2026-09-12T11:56:06-05:00,PUR_IED_AlfonsoLopez_LabF_888ce0,PUR_IED_AlfonsoLopez_LabF_888ce0,,,,,
2026-09-12T11:56:06-05:00,PUR_IED_AlfonsoLopez_SMed_df6a7f,PUR_IED_AlfonsoLopez_SMed_df6a7f,,,,,
2026-09-12T11:56:06-05:00,PUR_IED_AltamiraSO_A2_209f92,PUR_IED_AltamiraSO_A2_209f92,,,,,
2026-09-12T11:56:06-05:00,PUR_IED_AltamiraSO_Ext_186d66,PUR_IED_AltamiraSO_Ext_186d66,,,,,
2026-09-12T11:56:06-05:00,PUR_IED_AltamiraSO_Sistem_27afe1,PUR_IED_AltamiraSO_Sistem_27afe1,,,,,
2026-09-12T11:56:06-05:00,PUR_IED_AlvaroGom_LabQuim_813179,PUR_IED_AlvaroGom_LabQuim_813179,,,,,
2026-09-12T11:56:06-05:00,PUR_IED_AlvaroGomez_Ext_47c7ca,PUR_IED_AlvaroGomez_Ext_47c7ca,,,,,
2026-09-12T11:56:06-05:00,PUR_IED_AlvaroGomez_LabQuim_813179,PUR_IED_AlvaroGomez_LabQuim_813179,,,,,
2026-09-12T11:56:06-05:00,PUR_IED_AlvaroGomez_S23_7ba89f,PUR_IED_AlvaroGomez_S23_7ba89f,,,,,
2026-09-12T11:56:06-05:00,PUR_IED_Amistad_306_dc8728,PUR_IED_Amistad_306_dc8728,,,,,
2026-09-12T11:56:06-05:00,PUR_IED_Amistad_Ext_8cd55e,PUR_IED_Amistad_Ext_8cd55e,,,,,
2026-09-12T11:56:06-05:00,PUR_IED_Amistad_S202_a41169,PUR_IED_Amistad_S202_a41169,,,,,
2026-09-12T11:56:06-05:00,PUR_IED_AndresBello_Bio_fd5f5e,PUR_IED_AndresBello_Bio_fd5f5e,,,,,
2026-09-12T11:56:06-05:00,PUR_IED_AndresBello_ext_dcad65,PUR_IED_AndresBello_ext_dcad65,,,,,
2026-09-12T11:56:06-05:00,PUR_IED_AndresBello_port_eed3ec,PUR_IED_AndresBello_port_eed3ec,,,,,
2026-09-12T11:56:06-05:00,PUR_IED_AngelaR_11b_d90a6b,PUR_IED_AngelaR_11b_d90a6b,,,,,
2026-09-12T11:56:06-05:00,PUR_IED_AngelaR_ext_7cad3e,PUR_IED_AngelaR_ext_7cad3e,,,,,
2026-09-12T11:56:06-05:00,PUR_IED_AntJoseSucre_10mo_df2575,PUR_IED_AntJoseSucre_10mo_df2575,,,,,
2026-09-12T11:56:06-05:00,PUR_IED_AntJoseSucre_Ext_215b36,PUR_IED_AntJoseSucre_Ext_215b36,,,,,
2026-09-12T11:56:06-05:00,PUR_IED_AntJoseSucre_Lab_3139de,PUR_IED_AntJoseSucre_Lab_3139de,,,,,
2026-09-12T11:56:06-05:00,PUR_IED_AntonioGarcia_301_d6b188,PUR_IED_AntonioGarcia_301_d6b188,,,,,
2026-09-12T11:56:06-05:00,PUR_IED_AntonioGarcia_302_88a82,PUR_IED_AntonioGarcia_302_88a82,,,,,
2026-09-12T11:56:06-05:00,PUR_IED_AntonioGarcia_Ext_20950c,PUR_IED_AntonioGarcia_Ext_20950c,,,,,
2026-09-12T11:56:06-05:00,PUR_IED_AntonioVan_Aula2_6dea02,PUR_IED_AntonioVan_Aula2_6dea02,,,,,
2026-09-12T11:56:06-05:00,PUR_IED_AntonioVan_Aula5_f1557e,PUR_IED_AntonioVan_Aula5_f1557e,,,,,
2026-09-12T11:56:06-05:00,PUR_IED_AntonioVan_Ext_406f2f,PUR_IED_AntonioVan_Ext_406f2f,,,,,
2026-09-12T11:56:06-05:00,PUR_IED_Atabanzha_Ext_cc5af9,PUR_IED_Atabanzha_Ext_cc5af9,,,,,
2026-09-12T11:56:06-05:00,PUR_IED_Atabanzha_SA101_56c37,PUR_IED_Atabanzha_SA101_56c37,,,,,
2026-09-12T11:56:06-05:00,PUR_IED_Atabanzha_SB302_27b374,PUR_IED_Atabanzha_SB302_27b374,,,,,
2026-09-12T11:56:06-05:00,PUR_IED_Atahualpa_Ext_fc1748,PUR_IED_Atahualpa_Ext_fc1748,,,,,
2026-09-12T11:56:06-05:00,PUR_IED_Atahualpa_Informa_dc9a95,PUR_IED_Atahualpa_Informa_dc9a95,,,,,
2026-09-12T11:56:06-05:00,PUR_IED_Atahualpa_S1101_f98056,PUR_IED_Atahualpa_S1101_f98056,,,,,
2026-09-12T11:56:06-05:00,PUR_IED_Bellavista_Ext_f5aa74,PUR_IED_Bellavista_Ext_f5aa74,,,,,
2026-09-12T11:56:06-05:00,PUR_IED_Bilbao_11A_916c41,PUR_IED_Bilbao_11A_916c41,,,,,
2026-09-12T11:56:06-05:00,PUR_IED_Bilbao_Ext_fb579a,PUR_IED_Bilbao_Ext_fb579a,,,,,
2026-09-12T11:56:06-05:00,PUR_IED_BrasiliaU_A125_304280,PUR_IED_BrasiliaU_A125_304280,,,,,
2026-09-12T11:56:06-05:00,PUR_IED_BrasiliaU_A203_7c8ca5,PUR_IED_BrasiliaU_A203_7c8ca5,,,,,
2026-09-12T11:56:06-05:00,PUR_IED_BrasiliaU_Ext_8d6e9f,PUR_IED_BrasiliaU_Ext_8d6e9f,6,19,57,4.5175,-74.116302
2026-09-12T11:56:06-05:00,PUR_IED_Brasilia_Ext_fe6593,PUR_IED_Brasilia_Ext_fe6593,,,,,
2026-09-12T11:56:06-05:00,PUR_IED_Brasilia_S24_7c130d,PUR_IED_Brasilia_S24_7c130d,,,,,
2026-09-12T11:56:06-05:00,PUR_IED_Brasilia_S501_186a54,PUR_IED_Brasilia_S501_186a54,,,,,
2026-09-12T11:56:06-05:00,PUR_IED_CHARRY_EXT_f1d5cd,PUR_IED_CHARRY_EXT_f1d5cd,,,,,
2026-09-12T11:56:06-05:00,PUR_IED_CHARRY_INTDANZAS_7a08e6,PUR_IED_CHARRY_INTDANZAS_7a08e6,,,,,
2026-09-12T11:56:06-05:00,PUR_IED_CHARRY_INT_AULA20_dc998d,PUR_IED_CHARRY_INT_AULA20_dc998d,,,,,
2026-09-12T11:56:06-05:00,PUR_IED_COLVIV_1101_S25_7f520a,PUR_IED_COLVIV_1101_S25_7f520a,,,,,
2026-09-12T11:56:06-05:00,PUR_IED_COLVIV_1102_S16_f570ba,PUR_IED_COLVIV_1102_S16_f570ba,,,,,
2026-09-12T11:56:06-05:00,PUR_IED_COLVIV_Ext_1a26fa,PUR_IED_COLVIV_Ext_1a26fa,,,,,
2026-09-12T11:56:06-05:00,PUR_IED_CULPOP_301A_f660f3,PUR_IED_CULPOP_301A_f660f3,,,,,
2026-09-12T11:56:06-05:00,PUR_IED_CULPOP_303_568afe,PUR_IED_CULPOP_303_568afe,,,,,
2026-09-12T11:56:06-05:00,PUR_IED_CULPOP_Ext_e02ccb,PUR_IED_CULPOP_Ext_e02ccb,,,,,
2026-09-12T11:56:06-05:00,PUR_IED_CVillavicen_Ext_26eb58,PUR_IED_CVillavicen_Ext_26eb58,4,18,71,4.487,-74.102798
2026-09-12T11:56:06-05:00,PUR_IED_CVillavicen_Intel_1ce5c2,PUR_IED_CVillavicen_Intel_1ce5c2,,,,,
2026-09-12T11:56:06-05:00,PUR_IED_CVillavicen_Poliv_e0766c,PUR_IED_CVillavicen_Poliv_e0766c,,,,,
2026-09-12T11:56:06-05:00,PUR_IED_CVillavicen_int_1ba140,PUR_IED_CVillavicen_int_1ba140,,,,,
2026-09-12T11:56:06-05:00,PUR_IED_CVillavicen_intel_1ba140,PUR_IED_CVillavicen_intel_1ba140,,,,,
2026-09-12T11:56:06-05:00,PUR_IED_CarlosPizarro_Ext_e307cc,PUR_IED_CarlosPizarro_Ext_e307cc,,,,,
2026-09-12T11:56:06-05:00,PUR_IED_CarlosPizarro_L36_7e5cdb,PUR_IED_CarlosPizarro_L36_7e5cdb,,,,,
2026-09-12T11:56:06-05:00,PUR_IED_CarlosPizarro_L37_c8566c,PUR_IED_CarlosPizarro_L37_c8566c,,,,,
2026-09-12T11:56:06-05:00,PUR_IED_Castilla_Ext_cf35f,PUR_IED_Castilla_Ext_cf35f,,,,,
2026-09-12T11:56:06-05:00,PUR_IED_Castilla_SFisik_360e38,PUR_IED_Castilla_SFisik_360e38,,,,,
2026-09-12T11:56:06-05:00,PUR_IED_Castilla_Sc304_496fbf,PUR_IED_Castilla_Sc304_496fbf,,,,,
2026-09-12T11:56:06-05:00,PUR_IED_CervantesSa_Ext_6b57b,PUR_IED_CervantesSa_Ext_6b57b,3,20,61,4.5128,-74.117203
2026-09-12T11:56:06-05:00,PUR_IED_CervantesSa_S107_225c2b,PUR_IED_CervantesSa_S107_225c2b,,,,,
2026-09-12T11:56:06-05:00,PUR_IED_CervantesSa_S108_940925,PUR_IED_CervantesSa_S108_940925,,,,,
2026-09-12T11:56:06-05:00,PUR_IED_Charry_A20_f53e7c,PUR_IED_Charry_A20_f53e7c,,,,,
2026-09-12T11:56:06-05:00,PUR_IED_Charry_Ext_f1d5cd,PUR_IED_Charry_Ext_f1d5cd,,,,,
2026-09-12T11:56:06-05:00,PUR_IED_Charry_IntAula20_dc998d,PUR_IED_Charry_IntAula20_dc998d,,,,,
2026-09-12T11:56:06-05:00,PUR_IED_Charry_IntDanzas_7a08e6,PUR_IED_Charry_IntDanzas_7a08e6,,,,,
2026-09-12T11:56:06-05:00,PUR_IED_ClememciaC_203_43e2fc,PUR_IED_ClememciaC_203_43e2fc,,,,,
2026-09-12T11:56:06-05:00,PUR_IED_ClememciaC_Ext_1b411a,PUR_IED_ClememciaC_Ext_1b411a,,,,,
2026-09-12T11:56:06-05:00,PUR_IED_ClememciaC_Quimic_44b5fc,PUR_IED_ClememciaC_Quimic_44b5fc,,,,,
2026-09-12T11:56:06-05:00,PUR_IED_ClemenciaC_203_43e2fc,PUR_IED_ClemenciaC_203_43e2fc,,,,,
2026-09-12T11:56:06-05:00,PUR_IED_ClemenciaC_Ext_1b411a,PUR_IED_ClemenciaC_Ext_1b411a,,,,,
2026-09-12T11:56:06-05:00,PUR_IED_ClemenciaC_Quimic_44b5fc,PUR_IED_ClemenciaC_Quimic_44b5fc,,,,,
2026-09-12T11:56:06-05:00,PUR_IED_ColViva_1101_S25_7f520a,PUR_IED_ColViva_1101_S25_7f520a,,,,,
2026-09-12T11:56:06-05:00,PUR_IED_ColViva_1102_S16_f570ba,PUR_IED_ColViva_1102_S16_f570ba,,,,,
2026-09-12T11:56:06-05:00,PUR_IED_ColViva_Ext_1a26fa,PUR_IED_ColViva_Ext_1a26fa,,,,,
2026-09-12T11:56:06-05:00,PUR_IED_ColegioBici_Asist_7c8798,PUR_IED_ColegioBici_Asist_7c8798,,,,,
2026-09-12T11:56:06-05:00,PUR_IED_ColegioBici_Ext_25cbf6,PUR_IED_ColegioBici_Ext_25cbf6,,,,,
2026-09-12T11:56:06-05:00,PUR_IED_ColegioBici_LabQ_7b57db,PUR_IED_ColegioBici_LabQ_7b57db,,,,,
2026-09-12T11:56:06-05:00,PUR_IED_CostaRica_Ext_5e640,PUR_IED_CostaRica_Ext_5e640,,,,,
2026-09-12T11:56:06-05:00,PUR_IED_CostaRica_Quim1_766d1c,PUR_IED_CostaRica_Quim1_766d1c,,,,,
2026-09-12T11:56:06-05:00,PUR_IED_CostaRica__Fisica_6f0873,PUR_IED_CostaRica__Fisica_6f0873,,,,,
2026-09-12T11:56:06-05:00,PUR_IED_CulPopu_301A_f660f3,PUR_IED_CulPopu_301A_f660f3,,,,,
2026-09-12T11:56:06-05:00,PUR_IED_CulPopu_303_568afe,PUR_IED_CulPopu_303_568afe,,,,,
2026-09-12T11:56:06-05:00,PUR_IED_CulPopu_Ext_e02ccb,PUR_IED_CulPopu_Ext_e02ccb,,,,,
2026-09-12T11:56:06-05:00,PUR_IED_Cundinamarca_Ext_f15985,PUR_IED_Cundinamarca_Ext_f15985,,,,,
2026-09-12T11:56:06-05:00,PUR_IED_Cundinamarca_Info_7aa5d7,PUR_IED_Cundinamarca_Info_7aa5d7,,,,,
2026-09-12T11:56:06-05:00,PUR_IED_Cundinamarca_Tec2_f449c7,PUR_IED_Cundinamarca_Tec2_f449c7,,,,,
2026-09-12T11:56:06-05:00,PUR_IED_DiegoM_Aula1_27b314,PUR_IED_DiegoM_Aula1_27b314,,,,,
2026-09-12T11:56:06-05:00,PUR_IED_DiegoM_Ext_d80ac8,PUR_IED_DiegoM_Ext_d80ac8,,,,,
2026-09-12T11:56:06-05:00,PUR_IED_DiegoM_S25_da928f,PUR_IED_DiegoM_S25_da928f,,,,,
2026-09-12T11:56:06-05:00,PUR_IED_ELRODEO_360881,PUR_IED_ELRODEO_360881,,,,,
2026-09-12T11:56:06-05:00,PUR_IED_ELRODEO_ext_360881,PUR_IED_ELRODEO_ext_360881,,,,,
2026-09-12T11:56:06-05:00,PUR_IED_EduardoU_Ext_1c1969,PUR_IED_EduardoU_Ext_1c1969,,,,,
2026-09-12T11:56:06-05:00,PUR_IED_EduardoU_SCiencia_4dfb94,PUR_IED_EduardoU_SCiencia_4dfb94,,,,,
2026-09-12T11:56:06-05:00,PUR_IED_EduardoU_SQuimica_5a46e7,PUR_IED_EduardoU_SQuimica_5a46e7,,,,,
2026-09-12T11:56:06-05:00,PUR_IED_ElRodeo_Aula14_676984,PUR_IED_ElRodeo_Aula14_676984,,,,,
2026-09-12T11:56:06-05:00,PUR_IED_ElRodeo_Aula16_2dd35b,PUR_IED_ElRodeo_Aula16_2dd35b,,,,,
2026-09-12T11:56:06-05:00,PUR_IED_ElRodeo_Ext_360881,PUR_IED_ElRodeo_Ext_360881,,,,,
2026-09-12T11:56:06-05:00,PUR_IED_ElRodeo_Exterior_8c6d28,PUR_IED_ElRodeo_Exterior_8c6d28,,,,,
2026-09-12T11:56:06-05:00,PUR_IED_ElRodeo_ext_360881,PUR_IED_ElRodeo_ext_360881,,,,,
2026-09-12T11:56:06-05:00,PUR_IED_EmmaReyes_Ext_987625,PUR_IED_EmmaReyes_Ext_987625,3,22,47,4.6367,-74.1511
2026-09-12T11:56:06-05:00,PUR_IED_Ensueño_Ext_7f0250,PUR_IED_Ensueño_Ext_7f0250,,,,,
2026-09-12T11:56:06-05:00,PUR_IED_EscNormal_Ext_5fef3b,PUR_IED_EscNormal_Ext_5fef3b,2,23,51,4.5852,-74.096901
2026-09-12T11:56:06-05:00,PUR_IED_EscNormal_S309_5b263,PUR_IED_EscNormal_S309_5b263,,,,,
2026-09-12T11:56:06-05:00,PUR_IED_EscNormal_S310_27b3b8,PUR_IED_EscNormal_S310_27b3b8,,,,,
2026-09-12T11:56:06-05:00,PUR_IED_Evangelista_Conta_f6cd4f,PUR_IED_Evangelista_Conta_f6cd4f,,,,,
2026-09-12T11:56:06-05:00,PUR_IED_Evangelista_Cri_5e16a,PUR_IED_Evangelista_Cri_5e16a,,,,,
2026-09-12T11:56:06-05:00,PUR_IED_Evangelista_Exter_754066,PUR_IED_Evangelista_Exter_754066,,,,,
2026-09-12T11:56:06-05:00,PUR_IED_FMiranda_S209_5cc2a3,PUR_IED_FMiranda_S209_5cc2a3,,,,,
2026-09-12T11:56:06-05:00,PUR_IED_FMiranda_S303_19e344,PUR_IED_FMiranda_S303_19e344,,,,,
2026-09-12T11:56:06-05:00,PUR_IED_FMiranda_ext_f53e7c,PUR_IED_FMiranda_ext_f53e7c,,,,,
2026-09-12T11:56:06-05:00,PUR_IED_FabioLozano_Bibli_1cee05,PUR_IED_FabioLozano_Bibli_1cee05,,,,,
2026-09-12T11:56:06-05:00,PUR_IED_FabioLozano_Ext_6ea285,PUR_IED_FabioLozano_Ext_6ea285,,,,,
2026-09-12T11:56:06-05:00,PUR_IED_FabioLozano_SLudi_f09e1e,PUR_IED_FabioLozano_SLudi_f09e1e,,,,,
2026-09-12T11:56:06-05:00,PUR_IED_FaustinoS_Aula07_27a731,PUR_IED_FaustinoS_Aula07_27a731,,,,,
2026-09-12T11:56:06-05:00,PUR_IED_FaustinoS_Ext_7b936f,PUR_IED_FaustinoS_Ext_7b936f,,,,,
2026-09-12T11:56:06-05:00,PUR_IED_FaustinoS_Fisica_da2c60,PUR_IED_FaustinoS_Fisica_da2c60,,,,,
2026-09-12T11:56:06-05:00,PUR_IED_FeGarciaLo_Ext_dc68ee,PUR_IED_FeGarciaLo_Ext_dc68ee,,,,,
2026-09-12T11:56:06-05:00,PUR_IED_FeGarciaLo_SDanza_f70a59,PUR_IED_FeGarciaLo_SDanza_f70a59,,,,,
2026-09-12T11:56:06-05:00,PUR_IED_FeGarciaLo_SMusic_125cdd,PUR_IED_FeGarciaLo_SMusic_125cdd,,,,,
2026-09-12T11:56:06-05:00,PUR_IED_FederalAlema_Exte_50c345,PUR_IED_FederalAlema_Exte_50c345,,,,,
2026-09-12T11:56:06-05:00,PUR_IED_FederalAlema_S31_f18371,PUR_IED_FederalAlema_S31_f18371,,,,,
2026-09-12T11:56:06-05:00,PUR_IED_FederalAlema_S901_a62cd,PUR_IED_FederalAlema_S901_a62cd,,,,,
2026-09-12T11:56:06-05:00,PUR_IED_FilarmonicaS_A5_f35eb1,PUR_IED_FilarmonicaS_A5_f35eb1,,,,,
2026-09-12T11:56:06-05:00,PUR_IED_FilarmonicaS_Ext_8a3bde,PUR_IED_FilarmonicaS_Ext_8a3bde,,,,,
2026-09-12T11:56:06-05:00,PUR_IED_FilarmonicaS_Spol_406114,PUR_IED_FilarmonicaS_Spol_406114,,,,,
2026-09-12T11:56:06-05:00,PUR_IED_FlorentinoG_A13_d1fa59,PUR_IED_FlorentinoG_A13_d1fa59,,,,,
2026-09-12T11:56:06-05:00,PUR_IED_FlorentinoG_Ext_1ce6ce,PUR_IED_FlorentinoG_Ext_1ce6ce,,,,,
2026-09-12T11:56:06-05:00,PUR_IED_FlorentinoG_Idiom_a66aac,PUR_IED_FlorentinoG_Idiom_a66aac,,,,,
2026-09-12T11:56:06-05:00,PUR_IED_FranciscoMati_Ext_e3869d,PUR_IED_FranciscoMati_Ext_e3869d,,,,,
2026-09-12T11:56:06-05:00,PUR_IED_FranciscoMati_S13_f31c67,PUR_IED_FranciscoMati_S13_f31c67,,,,,
2026-09-12T11:56:06-05:00,PUR_IED_FranciscoMati_S14_97dead,PUR_IED_FranciscoMati_S14_97dead,,,,,
2026-09-12T11:56:06-05:00,PUR_IED_FranciscoPS_Ext_7bfa9a,PUR_IED_FranciscoPS_Ext_7bfa9a,2,23,50,4.5899,-74.110397
2026-09-12T11:56:06-05:00,PUR_IED_FranciscoPS_Infor_fb8f4c,PUR_IED_FranciscoPS_Infor_fb8f4c,,,,,
2026-09-12T11:56:06-05:00,PUR_IED_FranciscoPS_Quimi_94d39c,PUR_IED_FranciscoPS_Quimi_94d39c,,,,,
2026-09-12T11:56:06-05:00,PUR_IED_FranciscoP_LabQ_d7e148,PUR_IED_FranciscoP_LabQ_d7e148,,,,,
2026-09-12T11:56:06-05:00,PUR_IED_FranciscoP_S28_cf9b30,PUR_IED_FranciscoP_S28_cf9b30,,,,,
2026-09-12T11:56:06-05:00,PUR_IED_FranciscoP_ext_e2313,PUR_IED_FranciscoP_ext_e2313,,,,,
2026-09-12T11:56:06-05:00,PUR_IED_FriederichN_Ext_8ac92a,PUR_IED_FriederichN_Ext_8ac92a,,,,,
2026-09-12T11:56:06-05:00,PUR_IED_FriederichN_S301_dd7e5a,PUR_IED_FriederichN_S301_dd7e5a,,,,,
2026-09-12T11:56:06-05:00,PUR_IED_FriederichN_S308_761f4f,PUR_IED_FriederichN_S308_761f4f,,,,,
2026-09-12T11:56:06-05:00,PUR_IED_GSantander_Aula10_533dd7,PUR_IED_GSantander_Aula10_533dd7,,,,,
2026-09-12T11:56:06-05:00,PUR_IED_GSantander_Aula12_fd4e4f,PUR_IED_GSantander_Aula12_fd4e4f,,,,,
2026-09-12T11:56:06-05:00,PUR_IED_GSantander_Aula310_533dd7,PUR_IED_GSantander_Aula310_533dd7,,,,,
2026-09-12T11:56:06-05:00,PUR_IED_GSantander_Aula312_fd4e4f,PUR_IED_GSantander_Aula312_fd4e4f,,,,,
2026-09-12T11:56:06-05:00,PUR_IED_GSantander_Ext_5f66b0,PUR_IED_GSantander_Ext_5f66b0,,,,,
2026-09-12T11:56:06-05:00,PUR_IED_GYomasa_Ext_f6bea5,PUR_IED_GYomasa_Ext_f6bea5,,,,,
2026-09-12T11:56:06-05:00,PUR_IED_GYomasa_LBiol_2c41aa,PUR_IED_GYomasa_LBiol_2c41aa,,,,,
2026-09-12T11:56:06-05:00,PUR_IED_GYomasa_LQuim_33c80,PUR_IED_GYomasa_LQuim_33c80,,,,,
2026-09-12T11:56:06-05:00,PUR_IED_GabBetMejia_Cienc_5a99c,PUR_IED_GabBetMejia_Cienc_5a99c,,,,,
2026-09-12T11:56:06-05:00,PUR_IED_GabBetMejia_Ext_9153d0,PUR_IED_GabBetMejia_Ext_9153d0,,,,,
2026-09-12T11:56:06-05:00,PUR_IED_GabBetMejia_Lab_f55347,PUR_IED_GabBetMejia_Lab_f55347,,,,,
2026-09-12T11:56:06-05:00,PUR_IED_GabBetanMejia_Ext_9153d0,PUR_IED_GabBetanMejia_Ext_9153d0,,,,,
2026-09-12T11:56:06-05:00,PUR_IED_Gaitana_Aula13_7aac11,PUR_IED_Gaitana_Aula13_7aac11,,,,,
2026-09-12T11:56:06-05:00,PUR_IED_Gaitana_Ext_5fcf4,PUR_IED_Gaitana_Ext_5fcf4,,,,,
2026-09-12T11:56:06-05:00,PUR_IED_Gaitana_LabFisica_644448,PUR_IED_Gaitana_LabFisica_644448,,,,,
2026-09-12T11:56:06-05:00,PUR_IED_GenSantander_Dise_8ac858,PUR_IED_GenSantander_Dise_8ac858,,,,,
2026-09-12T11:56:06-05:00,PUR_IED_GenSantander_Ext_8d5dfe,PUR_IED_GenSantander_Ext_8d5dfe,,,,,
2026-09-12T11:56:06-05:00,PUR_IED_GenSantander_Info_6c25b,PUR_IED_GenSantander_Info_6c25b,,,,,
2026-09-12T11:56:06-05:00,PUR_IED_GustavoMo_Exterio_75e63d,PUR_IED_GustavoMo_Exterio_75e63d,,,,,
2026-09-12T11:56:06-05:00,PUR_IED_GustavoMo_LabFisi_224d37,PUR_IED_GustavoMo_LabFisi_224d37,,,,,
2026-09-12T11:56:06-05:00,PUR_IED_GustavoMo_S208_3e6918,PUR_IED_GustavoMo_S208_3e6918,,,,,
2026-09-12T11:56:06-05:00,PUR_IED_GustavoR_A02_8cd4a8,PUR_IED_GustavoR_A02_8cd4a8,,,,,
2026-09-12T11:56:06-05:00,PUR_IED_GustavoR_B11_5b0ed,PUR_IED_GustavoR_B11_5b0ed,,,,,
2026-09-12T11:56:06-05:00,PUR_IED_GustavoR_Ext_7a0c90,PUR_IED_GustavoR_Ext_7a0c90,,,,,
2026-09-12T11:56:06-05:00,PUR_IED_HernandoDuran_Ext_8cd82b,PUR_IED_HernandoDuran_Ext_8cd82b,,,,,
2026-09-12T11:56:06-05:00,PUR_IED_HernandoDuran_S24_2772c6,PUR_IED_HernandoDuran_S24_2772c6,,,,,
2026-09-12T11:56:06-05:00,PUR_IED_HernandoDuran_S30_f2de41,PUR_IED_HernandoDuran_S30_f2de41,,,,,
2026-09-12T11:56:06-05:00,PUR_IED_HolguInUr_S1101_8cd732,PUR_IED_HolguInUr_S1101_8cd732,,,,,
2026-09-12T11:56:06-05:00,PUR_IED_HolguinUr_Exter_ddae6d,PUR_IED_HolguinUr_Exter_ddae6d,,,,,
2026-09-12T11:56:06-05:00,PUR_IED_HolguinUr_LabQuim_92b952,PUR_IED_HolguinUr_LabQuim_92b952,,,,,
2026-09-12T11:56:06-05:00,PUR_IED_Isabel-II_Ext_5245cc,PUR_IED_Isabel-II_Ext_5245cc,2,21,51,4.6336,-74.153
2026-09-12T11:56:06-05:00,PUR_IED_Isabel-II_S_idiom_1c29aa,PUR_IED_Isabel-II_S_idiom_1c29aa,,,,,
2026-09-12T11:56:06-05:00,PUR_IED_Isabel-II_S_infor_fd741,PUR_IED_Isabel-II_S_infor_fd741,,,,,
2026-09-12T11:56:06-05:00,PUR_IED_IsidroSur_Exterio_5b90ea,PUR_IED_IsidroSur_Exterio_5b90ea,,,,,
2026-09-12T11:56:06-05:00,PUR_IED_IsidroSur_LabTec_56697a,PUR_IED_IsidroSur_LabTec_56697a,,,,,
2026-09-12T11:56:06-05:00,PUR_IED_IsidroSur_Robotic_b7c38f,PUR_IED_IsidroSur_Robotic_b7c38f,,,,,
2026-09-12T11:56:06-05:00,PUR_IED_IsmaelPerd_Ext_7b6672,PUR_IED_IsmaelPerd_Ext_7b6672,,,,,
2026-09-12T11:56:06-05:00,PUR_IED_IsmaelPerd_Inform_306540,PUR_IED_IsmaelPerd_Inform_306540,,,,,
2026-09-12T11:56:06-05:00,PUR_IED_IsmaelPerd_S30_2e2c83,PUR_IED_IsmaelPerd_S30_2e2c83,,,,,
2026-09-12T11:56:06-05:00,PUR_IED_JLozano_Exter_432910,PUR_IED_JLozano_Exter_432910,,,,,
2026-09-12T11:56:06-05:00,PUR_IED_JLozano_salaMulti_df5125,PUR_IED_JLozano_salaMulti_df5125,,,,,
2026-09-12T11:56:06-05:00,PUR_IED_JMCordoba_206_86f80b,PUR_IED_JMCordoba_206_86f80b,,,,,
2026-09-12T11:56:06-05:00,PUR_IED_JMCordoba_Ext_27ad97,PUR_IED_JMCordoba_Ext_27ad97,,,,,
2026-09-12T11:56:06-05:00,PUR_IED_JMCordoba_S310_d59ab4,PUR_IED_JMCordoba_S310_d59ab4,,,,,
2026-09-12T11:56:06-05:00,PUR_IED_Japon_Ext_549100,PUR_IED_Japon_Ext_549100,,,,,
2026-09-12T11:56:06-05:00,PUR_IED_Japon_Laboratorio_bec51d,PUR_IED_Japon_Laboratorio_bec51d,,,,,
2026-09-12T11:56:06-05:00,PUR_IED_Japon_informatica_d99327,PUR_IED_Japon_informatica_d99327,,,,,
2026-09-12T11:56:06-05:00,PUR_IED_Jazmin_Ext_d27bda,PUR_IED_Jazmin_Ext_d27bda,,,,,
2026-09-12T11:56:06-05:00,PUR_IED_Jazmin_Fisica_8d14d7,PUR_IED_Jazmin_Fisica_8d14d7,,,,,
2026-09-12T11:56:06-05:00,PUR_IED_Jazmin_Quimica_801cb5,PUR_IED_Jazmin_Quimica_801cb5,,,,,
2026-09-12T11:56:06-05:00,PUR_IED_JorgeGaitan_Exter_f098d1,PUR_IED_JorgeGaitan_Exter_f098d1,,,,,
2026-09-12T11:56:06-05:00,PUR_IED_JorgeGaitan_STec1_dc9d1d,PUR_IED_JorgeGaitan_STec1_dc9d1d,,,,,
2026-09-12T11:56:06-05:00,PUR_IED_JorgeGaitan_STec2_281e69,PUR_IED_JorgeGaitan_STec2_281e69,,,,,
2026-09-12T11:56:06-05:00,PUR_IED_JorgeSoto_Exterio_d9d0a2,PUR_IED_JorgeSoto_Exterio_d9d0a2,,,,,
2026-09-12T11:56:06-05:00,PUR_IED_JorgeSoto_LabFisi_209c54,PUR_IED_JorgeSoto_LabFisi_209c54,,,,,
2026-09-12T11:56:06-05:00,PUR_IED_JorgeSoto_S103_27b51a,PUR_IED_JorgeSoto_S103_27b51a,,,,,
2026-09-12T11:56:06-05:00,PUR_IED_JoseAcevedo_A02_e965eb,PUR_IED_JoseAcevedo_A02_e965eb,,,,,
2026-09-12T11:56:06-05:00,PUR_IED_JoseAcevedo_A07_dd5b4,PUR_IED_JoseAcevedo_A07_dd5b4,,,,,
2026-09-12T11:56:06-05:00,PUR_IED_JoseAcevedo_Ext_b47484,PUR_IED_JoseAcevedo_Ext_b47484,,,,,
2026-09-12T11:56:06-05:00,PUR_IED_JoseMarti_Exte_5b9bf,PUR_IED_JoseMarti_Exte_5b9bf,,,,,
2026-09-12T11:56:06-05:00,PUR_IED_JoseMarti_LabQuim_1c6c2d,PUR_IED_JoseMarti_LabQuim_1c6c2d,,,,,
2026-09-12T11:56:06-05:00,PUR_IED_JoseMarti_S_info_f5f177,PUR_IED_JoseMarti_S_info_f5f177,,,,,
2026-09-12T11:56:06-05:00,PUR_IED_Josejoaquin_Ext_dfc5dc,PUR_IED_Josejoaquin_Ext_dfc5dc,,,,,
2026-09-12T11:56:06-05:00,PUR_IED_Josejoaquin_S05_5b2a96,PUR_IED_Josejoaquin_S05_5b2a96,,,,,
2026-09-12T11:56:06-05:00,PUR_IED_Josejoaquin_S06_1ce7d2,PUR_IED_Josejoaquin_S06_1ce7d2,,,,,
2026-09-12T11:56:06-05:00,PUR_IED_JulioFlorez_Danza_9b82dd,PUR_IED_JulioFlorez_Danza_9b82dd,,,,,
2026-09-12T11:56:06-05:00,PUR_IED_JulioFlorez_Exter_f9f314,PUR_IED_JulioFlorez_Exter_f9f314,,,,,
2026-09-12T11:56:06-05:00,PUR_IED_JulioFlorez_info2_6b6e08,PUR_IED_JulioFlorez_info2_6b6e08,,,,,
2026-09-12T11:56:06-05:00,PUR_IED_LaBelleza_Aula13_1d00d8,PUR_IED_LaBelleza_Aula13_1d00d8,,,,,
2026-09-12T11:56:06-05:00,PUR_IED_LaBelleza_Ext_7bc08c,PUR_IED_LaBelleza_Ext_7bc08c,,,,,
2026-09-12T11:56:06-05:00,PUR_IED_LaChucua_Ext_8cd6d2,PUR_IED_LaChucua_Ext_8cd6d2,,,,,
2026-09-12T11:56:06-05:00,PUR_IED_LaChucua_S15_f578ce,PUR_IED_LaChucua_S15_f578ce,,,,,
2026-09-12T11:56:06-05:00,PUR_IED_LaChucua_S16_eebcf9,PUR_IED_LaChucua_S16_eebcf9,,,,,
2026-09-12T11:56:06-05:00,PUR_IED_LaFelicidad_Ext_fb5109,PUR_IED_LaFelicidad_Ext_fb5109,,,,,
2026-09-12T11:56:06-05:00,PUR_IED_LaMerced_206_66ebd,PUR_IED_LaMerced_206_66ebd,,,,,
2026-09-12T11:56:06-05:00,PUR_IED_LaMerced_207_6ebd6,PUR_IED_LaMerced_207_6ebd6,,,,,
2026-09-12T11:56:06-05:00,PUR_IED_LaMerced_ext_304311,PUR_IED_LaMerced_ext_304311,,,,,
2026-09-12T11:56:06-05:00,PUR_IED_Laureano_CiencNat_281e5e,PUR_IED_Laureano_CiencNat_281e5e,,,,,
2026-09-12T11:56:06-05:00,PUR_IED_Laureano_Comedor_f65c0a,PUR_IED_Laureano_Comedor_f65c0a,,,,,
2026-09-12T11:56:06-05:00,PUR_IED_Laureano_Exterior_7ab011,PUR_IED_Laureano_Exterior_7ab011,,,,,
2026-09-12T11:56:06-05:00,PUR_IED_LeonGreiff_Exte_dfe560,PUR_IED_LeonGreiff_Exte_dfe560,,,,,
2026-09-12T11:56:06-05:00,PUR_IED_LeonGreiff_S210_f264ed,PUR_IED_LeonGreiff_S210_f264ed,,,,,
2026-09-12T11:56:06-05:00,PUR_IED_LeonGreiff_SQuimi_e8296f,PUR_IED_LeonGreiff_SQuimi_e8296f,,,,,
2026-09-12T11:56:06-05:00,PUR_IED_LlanoOrientalS208_7b9fcd,PUR_IED_LlanoOrientalS208_7b9fcd,,,,,
2026-09-12T11:56:06-05:00,PUR_IED_LlanoOriental_Ext_fb3766,PUR_IED_LlanoOriental_Ext_fb3766,,,,,
2026-09-12T11:56:06-05:00,PUR_IED_LlanoOriental_S208_7b9fcd,PUR_IED_LlanoOriental_S208_7b9fcd,,,,,
2026-09-12T11:56:06-05:00,PUR_IED_LlanoOriental_S9_27b378,PUR_IED_LlanoOriental_S9_27b378,,,,,
2026-09-12T11:56:06-05:00,PUR_IED_LosTejares_1101_477602,PUR_IED_LosTejares_1101_477602,,,,,
2026-09-12T11:56:06-05:00,PUR_IED_LosTejares_11_d2c595,PUR_IED_LosTejares_11_d2c595,,,,,
2026-09-12T11:56:06-05:00,PUR_IED_LosTejares_12_477602,PUR_IED_LosTejares_12_477602,,,,,
2026-09-12T11:56:06-05:00,PUR_IED_LosTejares_Ext_8e2115,PUR_IED_LosTejares_Ext_8e2115,,,,,
2026-09-12T11:56:06-05:00,PUR_IED_MagdalenaO_B202_5ddda3,PUR_IED_MagdalenaO_B202_5ddda3,,,,,
2026-09-12T11:56:06-05:00,PUR_IED_MagdalenaO_B205_fb76e8,PUR_IED_MagdalenaO_B205_fb76e8,,,,,
2026-09-12T11:56:06-05:00,PUR_IED_MagdalenaO_ext_dc69cd,PUR_IED_MagdalenaO_ext_dc69cd,,,,,
2026-09-12T11:56:06-05:00,PUR_IED_ManueCepeda_artes_eee956,PUR_IED_ManueCepeda_artes_eee956,,,,,
2026-09-12T11:56:06-05:00,PUR_IED_ManuelCepeda_Ext_58313,PUR_IED_ManuelCepeda_Ext_58313,,,,,
2026-09-12T11:56:06-05:00,PUR_IED_ManuelCepeda_tec_1c5731,PUR_IED_ManuelCepeda_tec_1c5731,,,,,
2026-09-12T11:56:06-05:00,PUR_IED_ManuelS_Exterior_5b269,PUR_IED_ManuelS_Exterior_5b269,,,,,
2026-09-12T11:56:06-05:00,PUR_IED_ManuelS_Inform_f369ce,PUR_IED_ManuelS_Inform_f369ce,,,,,
2026-09-12T11:56:06-05:00,PUR_IED_ManuelS_SArtes_7d15f1,PUR_IED_ManuelS_SArtes_7d15f1,,,,,
2026-09-12T11:56:06-05:00,PUR_IED_ManuelZapata_303_3ca6,PUR_IED_ManuelZapata_303_3ca6,,,,,
2026-09-12T11:56:06-05:00,PUR_IED_ManuelZapata_311_bfbabc,PUR_IED_ManuelZapata_311_bfbabc,,,,,
2026-09-12T11:56:06-05:00,PUR_IED_ManuelZapata_Ext_50824a,PUR_IED_ManuelZapata_Ext_50824a,,,,,
2026-09-12T11:56:06-05:00,PUR_IED_ManuelitaS_Exteri_656a92,PUR_IED_ManuelitaS_Exteri_656a92,,,,,
2026-09-12T11:56:06-05:00,PUR_IED_ManuelitaS_JuzgDe_f58ec3,PUR_IED_ManuelitaS_JuzgDe_f58ec3,,,,,
2026-09-12T11:56:06-05:00,PUR_IED_ManuelitaS_Recrea_d793db,PUR_IED_ManuelitaS_Recrea_d793db,,,,,
2026-09-12T11:56:06-05:00,PUR_IED_MarFidSuarez_Ext_c27b19,PUR_IED_MarFidSuarez_Ext_c27b19,,,,,
2026-09-12T11:56:06-05:00,PUR_IED_MarFidSuarez_Info_e384d7,PUR_IED_MarFidSuarez_Info_e384d7,,,,,
2026-09-12T11:56:06-05:00,PUR_IED_MarFidSuarez_S306_1d0032,PUR_IED_MarFidSuarez_S306_1d0032,,,,,
2026-09-12T11:56:06-05:00,PUR_IED_Menorah_301_2a25a3,PUR_IED_Menorah_301_2a25a3,,,,,
2026-09-12T11:56:06-05:00,PUR_IED_Menorah_306_37ed3,PUR_IED_Menorah_306_37ed3,,,,,
2026-09-12T11:56:06-05:00,PUR_IED_Menorah_Ext_3e155b,PUR_IED_Menorah_Ext_3e155b,,,,,
2026-09-12T11:56:06-05:00,PUR_IED_MinutoB.Aires_A11_1b1604,PUR_IED_MinutoB.Aires_A11_1b1604,,,,,
2026-09-12T11:56:06-05:00,PUR_IED_MinutoB.Aires_A12_fb5860,PUR_IED_MinutoB.Aires_A12_fb5860,,,,,
2026-09-12T11:56:06-05:00,PUR_IED_MinutoB.Aires_Ext_81293f,PUR_IED_MinutoB.Aires_Ext_81293f,,,,,
2026-09-12T11:56:06-05:00,PUR_IED_MinutoBAires_A11_1b1604,PUR_IED_MinutoBAires_A11_1b1604,,,,,
2026-09-12T11:56:06-05:00,PUR_IED_MinutoBAires_A12_fb5860,PUR_IED_MinutoBAires_A12_fb5860,,,,,
2026-09-12T11:56:06-05:00,PUR_IED_MinutoBAires_Ext_81293f,PUR_IED_MinutoBAires_Ext_81293f,,,,,
2026-09-12T11:56:06-05:00,PUR_IED_Montreal_Aula10_1e4959,PUR_IED_Montreal_Aula10_1e4959,,,,,
2026-09-12T11:56:06-05:00,PUR_IED_Montreal_Aula6_300367,PUR_IED_Montreal_Aula6_300367,,,,,
2026-09-12T11:56:06-05:00,PUR_IED_Montreal_Exterior_91a179,PUR_IED_Montreal_Exterior_91a179,,,,,
2026-09-12T11:56:06-05:00,PUR_IED_Mqgdalena_B202_5ddda3,PUR_IED_Mqgdalena_B202_5ddda3,,,,,
2026-09-12T11:56:06-05:00,PUR_IED_NACUND_Soc_dc8728,PUR_IED_NACUND_Soc_dc8728,,,,,
2026-09-12T11:56:06-05:00,PUR_IED_NACUND_ext_27ad97,PUR_IED_NACUND_ext_27ad97,,,,,
2026-09-12T11:56:06-05:00,PUR_IED_NEsperanza_Ext_d24b61,PUR_IED_NEsperanza_Ext_d24b61,,,,,
2026-09-12T11:56:06-05:00,PUR_IED_NEsperanza_SElect_7d1807,PUR_IED_NEsperanza_SElect_7d1807,,,,,
2026-09-12T11:56:06-05:00,PUR_IED_NEsperanza_SLabor_8b2d0a,PUR_IED_NEsperanza_SLabor_8b2d0a,,,,,
2026-09-12T11:56:06-05:00,PUR_IED_NacionesU_Ext_f661a9,PUR_IED_NacionesU_Ext_f661a9,,,,,
2026-09-12T11:56:06-05:00,PUR_IED_NacionesU_Quimica_66f0a,PUR_IED_NacionesU_Quimica_66f0a,,,,,
2026-09-12T11:56:06-05:00,PUR_IED_NacionesU_S306_1b4b3d,PUR_IED_NacionesU_S306_1b4b3d,,,,,
2026-09-12T11:56:06-05:00,PUR_IED_NestorFA_Ext_e4201c,PUR_IED_NestorFA_Ext_e4201c,,,,,
2026-09-12T11:56:06-05:00,PUR_IED_NestorFA_Laborato_f22fe0,PUR_IED_NestorFA_Laborato_f22fe0,,,,,
2026-09-12T11:56:06-05:00,PUR_IED_NestorFA_S204_dee996,PUR_IED_NestorFA_S204_dee996,,,,,
2026-09-12T11:56:06-05:00,PUR_IED_NidyaQT_Aula03_76999b,PUR_IED_NidyaQT_Aula03_76999b,,,,,
2026-09-12T11:56:06-05:00,PUR_IED_NidyaQT_Aula10_56325,PUR_IED_NidyaQT_Aula10_56325,,,,,
2026-09-12T11:56:06-05:00,PUR_IED_NidyaQT_Ext_46e32d,PUR_IED_NidyaQT_Ext_46e32d,,,,,
2026-09-12T11:56:06-05:00,PUR_IED_NuevaCol_Exterior_d9b859,PUR_IED_NuevaCol_Exterior_d9b859,,,,,
2026-09-12T11:56:06-05:00,PUR_IED_NuevaCol_S1101_76c43b,PUR_IED_NuevaCol_S1101_76c43b,,,,,
2026-09-12T11:56:06-05:00,PUR_IED_NuevaCol_S1102_1ce0b5,PUR_IED_NuevaCol_S1102_1ce0b5,,,,,
2026-09-12T11:56:06-05:00,PUR_IED_OEA_A202_f7e3f2,PUR_IED_OEA_A202_f7e3f2,,,,,
2026-09-12T11:56:06-05:00,PUR_IED_OEA_A203_7d1b8d,PUR_IED_OEA_A203_7d1b8d,,,,,
2026-09-12T11:56:06-05:00,PUR_IED_OEA_Ext_27b593,PUR_IED_OEA_Ext_27b593,,,,,
2026-09-12T11:56:06-05:00,PUR_IED_Ochoa_Ext_1c29da,PUR_IED_Ochoa_Ext_1c29da,,,,,
2026-09-12T11:56:06-05:00,PUR_IED_Ochoa_S205_8b1121,PUR_IED_Ochoa_S205_8b1121,,,,,
2026-09-12T11:56:06-05:00,PUR_IED_Ochoa_Sistemas_f33af6,PUR_IED_Ochoa_Sistemas_f33af6,,,,,
2026-09-12T11:56:06-05:00,PUR_IED_PQuebec_Ext_1c67c7,PUR_IED_PQuebec_Ext_1c67c7,,,,,
2026-09-12T11:56:06-05:00,PUR_IED_PQuebec_S15_23e8e2,PUR_IED_PQuebec_S15_23e8e2,,,,,
2026-09-12T11:56:06-05:00,PUR_IED_PQuebec_S16_8ec76b,PUR_IED_PQuebec_S16_8ec76b,,,,,
2026-09-12T11:56:06-05:00,PUR_IED_PabloN_Ext_49dc96,PUR_IED_PabloN_Ext_49dc96,,,,,
2026-09-12T11:56:06-05:00,PUR_IED_PabloN_S1102_4e3df5,PUR_IED_PabloN_S1102_4e3df5,,,,,
2026-09-12T11:56:06-05:00,PUR_IED_PabloN_S1103_50c94b,PUR_IED_PabloN_S1103_50c94b,,,,,
2026-09-12T11:56:06-05:00,PUR_IED_Palestina_S1101_db9198,PUR_IED_Palestina_S1101_db9198,,,,,
2026-09-12T11:56:06-05:00,PUR_IED_Palestina_S1102_dc54fa,PUR_IED_Palestina_S1102_dc54fa,,,,,
2026-09-12T11:56:06-05:00,PUR_IED_Palestina_ext_4ccce6,PUR_IED_Palestina_ext_4ccce6,,,,,
2026-09-12T11:56:06-05:00,PUR_IED_Panama_Fisica_4d0794,PUR_IED_Panama_Fisica_4d0794,,,,,
2026-09-12T11:56:06-05:00,PUR_IED_Panama_SIngles_a4077e,PUR_IED_Panama_SIngles_a4077e,,,,,
2026-09-12T11:56:06-05:00,PUR_IED_Panama_ext_4c54b4,PUR_IED_Panama_ext_4c54b4,,,,,
2026-09-12T11:56:06-05:00,PUR_IED_ParaisoM_Exterior_8cd7f0,PUR_IED_ParaisoM_Exterior_8cd7f0,,,,,
2026-09-12T11:56:06-05:00,PUR_IED_ParaisoM_Laborato_27af35,PUR_IED_ParaisoM_Laborato_27af35,,,,,
2026-09-12T11:56:06-05:00,PUR_IED_ParaisoM_S304_d1edca,PUR_IED_ParaisoM_S304_d1edca,,,,,
2026-09-12T11:56:06-05:00,PUR_IED_PorfirioBarba_Ext_301466,PUR_IED_PorfirioBarba_Ext_301466,,,,,
2026-09-12T11:56:06-05:00,PUR_IED_PorfirioBarba_S11_df6cd2,PUR_IED_PorfirioBarba_S11_df6cd2,,,,,
2026-09-12T11:56:06-05:00,PUR_IED_PorfirioBarba_S29_27a7d6,PUR_IED_PorfirioBarba_S29_27a7d6,,,,,
2026-09-12T11:56:06-05:00,PUR_IED_PradoV_Exter_8b27ad,PUR_IED_PradoV_Exter_8b27ad,,,,,
2026-09-12T11:56:06-05:00,PUR_IED_PradoV_S301_de65b5,PUR_IED_PradoV_S301_de65b5,,,,,
2026-09-12T11:56:06-05:00,PUR_IED_PradoV_S302_7d2593,PUR_IED_PradoV_S302_7d2593,,,,,
2026-09-12T11:56:06-05:00,PUR_IED_QuirogaAlz_Ext_1ddc82,PUR_IED_QuirogaAlz_Ext_1ddc82,,,,,
2026-09-12T11:56:06-05:00,PUR_IED_QuirogaAlz_S302_9926a3,PUR_IED_QuirogaAlz_S302_9926a3,,,,,
2026-09-12T11:56:06-05:00,PUR_IED_QuirogaAlz_S305_cdf1f1,PUR_IED_QuirogaAlz_S305_cdf1f1,,,,,
2026-09-12T11:56:06-05:00,PUR_IED_RGuatemala_Biling_dc53b7,PUR_IED_RGuatemala_Biling_dc53b7,,,,,
2026-09-12T11:56:06-05:00,PUR_IED_RGuatemala_Ext_1b89a3,PUR_IED_RGuatemala_Ext_1b89a3,,,,,
2026-09-12T11:56:06-05:00,PUR_IED_RGuatemala_Tecnol_281a34,PUR_IED_RGuatemala_Tecnol_281a34,,,,,
2026-09-12T11:56:06-05:00,PUR_IED_RafaNu_Ext_f7c302,PUR_IED_RafaNu_Ext_f7c302,,,,,
2026-09-12T11:56:06-05:00,PUR_IED_RafaNu_S1101_25fde,PUR_IED_RafaNu_S1101_25fde,,,,,
2026-09-12T11:56:06-05:00,PUR_IED_RafaNu_S1102_281517,PUR_IED_RafaNu_S1102_281517,,,,,
2026-09-12T11:56:06-05:00,PUR_IED_RafaelB_S305_ee2783,PUR_IED_RafaelB_S305_ee2783,,,,,
2026-09-12T11:56:06-05:00,PUR_IED_RafaelB_S306_75fe33,PUR_IED_RafaelB_S306_75fe33,,,,,
2026-09-12T11:56:06-05:00,PUR_IED_RafaelB_ext_283336,PUR_IED_RafaelB_ext_283336,2,20,54,4.6722,-74.0737
2026-09-12T11:56:06-05:00,PUR_IED_RafaelUU_Exterior_281a51,PUR_IED_RafaelUU_Exterior_281a51,,,,,
2026-09-12T11:56:06-05:00,PUR_IED_RafaelUU_Human_806b2,PUR_IED_RafaelUU_Human_806b2,,,,,
2026-09-12T11:56:06-05:00,PUR_IED_RafaelUU_Mate2_5680d4,PUR_IED_RafaelUU_Mate2_5680d4,,,,,
2026-09-12T11:56:06-05:00,PUR_IED_RamonSub_Ext_f9eeb9,PUR_IED_RamonSub_Ext_f9eeb9,,,,,
2026-09-12T11:56:06-05:00,PUR_IED_RamonSub_Media_d1f62f,PUR_IED_RamonSub_Media_d1f62f,,,,,
2026-09-12T11:56:06-05:00,PUR_IED_RamonSub_planta_51b82,PUR_IED_RamonSub_planta_51b82,,,,,
2026-09-12T11:56:06-05:00,PUR_IED_RepBoliVene_Exter_27af7c,PUR_IED_RepBoliVene_Exter_27af7c,,,,,
2026-09-12T11:56:06-05:00,PUR_IED_RepBoliVene_SCPT_5ae2ee,PUR_IED_RepBoliVene_SCPT_5ae2ee,,,,,
2026-09-12T11:56:06-05:00,PUR_IED_RepBoliVene_Socia_4b11d5,PUR_IED_RepBoliVene_Socia_4b11d5,,,,,
2026-09-12T11:56:06-05:00,PUR_IED_RepChina_Ext_76d9ee,PUR_IED_RepChina_Ext_76d9ee,,,,,
2026-09-12T11:56:06-05:00,PUR_IED_RepChina_S404_7c804c,PUR_IED_RepChina_S404_7c804c,,,,,
2026-09-12T11:56:06-05:00,PUR_IED_RepChina_S405_df2c33,PUR_IED_RepChina_S405_df2c33,,,,,
2026-09-12T11:56:06-05:00,PUR_IED_RepublicaC_Exteri_7d1ec9,PUR_IED_RepublicaC_Exteri_7d1ec9,,,,,
2026-09-12T11:56:06-05:00,PUR_IED_RepublicaC_S1101_f544b3,PUR_IED_RepublicaC_S1101_f544b3,,,,,
2026-09-12T11:56:06-05:00,PUR_IED_RepublicaC_S1102_7aafc7,PUR_IED_RepublicaC_S1102_7aafc7,,,,,
2026-09-12T11:56:06-05:00,PUR_IED_Ricaurte_Externo_a0ea1,PUR_IED_Ricaurte_Externo_a0ea1,,,,,
2026-09-12T11:56:06-05:00,PUR_IED_Ricaurte_S210_f546fd,PUR_IED_Ricaurte_S210_f546fd,,,,,
2026-09-12T11:56:06-05:00,PUR_IED_Ricaurte_S309_d4452,PUR_IED_Ricaurte_S309_d4452,,,,,
2026-09-12T11:56:06-05:00,PUR_IED_RogelioS_1102_531e69,PUR_IED_RogelioS_1102_531e69,,,,,
2026-09-12T11:56:06-05:00,PUR_IED_RogelioS_Ext_f25a18,PUR_IED_RogelioS_Ext_f25a18,,,,,
2026-09-12T11:56:06-05:00,PUR_IED_SBernardino_Ext_27aff8,PUR_IED_SBernardino_Ext_27aff8,,,,,
2026-09-12T11:56:06-05:00,PUR_IED_SBernardino_SArte_2ffd33,PUR_IED_SBernardino_SArte_2ffd33,,,,,
2026-09-12T11:56:06-05:00,PUR_IED_SBernardino_SIngl_7c7da5,PUR_IED_SBernardino_SIngl_7c7da5,,,,,
2026-09-12T11:56:06-05:00,PUR_IED_Sago_auditorio_dc9d1d,PUR_IED_Sago_auditorio_dc9d1d,,,,,
2026-09-12T11:56:06-05:00,PUR_IED_Saludcoop_Ext_95aac3,PUR_IED_Saludcoop_Ext_95aac3,,,,,
2026-09-12T11:56:06-05:00,PUR_IED_Saludcoop_InfI_90c854,PUR_IED_Saludcoop_InfI_90c854,,,,,
2026-09-12T11:56:06-05:00,PUR_IED_Saludcoop_SMedia_1b93be,PUR_IED_Saludcoop_SMedia_1b93be,,,,,
2026-09-12T11:56:06-05:00,PUR_IED_SanCarlos_1101_1a2360,PUR_IED_SanCarlos_1101_1a2360,,,,,
2026-09-12T11:56:06-05:00,PUR_IED_SanCarlos_1103_7bafb5,PUR_IED_SanCarlos_1103_7bafb5,,,,,
2026-09-12T11:56:06-05:00,PUR_IED_SanCarlos_Ext_b7cd1,PUR_IED_SanCarlos_Ext_b7cd1,,,,,
2026-09-12T11:56:06-05:00,PUR_IED_SanIgnacioBosa11a_50c26e,PUR_IED_SanIgnacioBosa11a_50c26e,,,,,
2026-09-12T11:56:06-05:00,PUR_IED_SanIgnacioBosa11b_371de8,PUR_IED_SanIgnacioBosa11b_371de8,,,,,
2026-09-12T11:56:06-05:00,PUR_IED_SanIgnacioBosaExt_ef0ffc,PUR_IED_SanIgnacioBosaExt_ef0ffc,,,,,
2026-09-12T11:56:06-05:00,PUR_IED_SanIgnacioBosa_11a_50c26e,PUR_IED_SanIgnacioBosa_11a_50c26e,,,,,
2026-09-12T11:56:06-05:00,PUR_IED_SanIgnacioBosa_Ext_ef0ffc,PUR_IED_SanIgnacioBosa_Ext_ef0ffc,,,,,
2026-09-12T11:56:06-05:00,PUR_IED_SanJoseN_intS1101_31c47f,PUR_IED_SanJoseN_intS1101_31c47f,,,,,
2026-09-12T11:56:06-05:00,PUR_IED_SanJoseUsm_Exter_f5d7e8,PUR_IED_SanJoseUsm_Exter_f5d7e8,,,,,
2026-09-12T11:56:06-05:00,PUR_IED_SanJoseUsm_Int11A_cfdef6,PUR_IED_SanJoseUsm_Int11A_cfdef6,,,,,
2026-09-12T11:56:06-05:00,PUR_IED_SilveriaR_IntB5_905349,PUR_IED_SilveriaR_IntB5_905349,,,,,
2026-09-12T11:56:06-05:00,PUR_IED_SilveriaR_IntSD14_981f93,PUR_IED_SilveriaR_IntSD14_981f93,,,,,
2026-09-12T11:56:06-05:00,PUR_IED_SilveriaR_ext_2b651d,PUR_IED_SilveriaR_ext_2b651d,,,,,
2026-09-12T11:56:06-05:00,PUR_IED_SimonB_Exterior_913975,PUR_IED_SimonB_Exterior_913975,,,,,
2026-09-12T11:56:06-05:00,PUR_IED_SimonB_LabQuimi_c56908,PUR_IED_SimonB_LabQuimi_c56908,,,,,
2026-09-12T11:56:06-05:00,PUR_IED_SimonB_informatic_a28c1,PUR_IED_SimonB_informatic_a28c1,,,,,
2026-09-12T11:56:06-05:00,PUR_IED_Sorrento_1102_315f50,PUR_IED_Sorrento_1102_315f50,,,,,
2026-09-12T11:56:06-05:00,PUR_IED_Sorrento_Minte_214eab,PUR_IED_Sorrento_Minte_214eab,,,,,
2026-09-12T11:56:06-05:00,PUR_IED_Sorrento_ext_7c3a0a,PUR_IED_Sorrento_ext_7c3a0a,,,,,
2026-09-12T11:56:06-05:00,PUR_IED_Tabora_Ext_f048ae,PUR_IED_Tabora_Ext_f048ae,,,,,
2026-09-12T11:56:06-05:00,PUR_IED_Tabora_S1102_b07752,PUR_IED_Tabora_S1102_b07752,,,,,
2026-09-12T11:56:06-05:00,PUR_IED_Tabora_S1103_d988f5,PUR_IED_Tabora_S1103_d988f5,,,,,
2026-09-12T11:56:06-05:00,PUR_IED_Tenerife_Ext_1ab188,PUR_IED_Tenerife_Ext_1ab188,,,,,
2026-09-12T11:56:06-05:00,PUR_IED_Tenerife_SDanzas_7bc02e,PUR_IED_Tenerife_SDanzas_7bc02e,,,,,
2026-09-12T11:56:06-05:00,PUR_IED_Tenerife_SIngles_7cc277,PUR_IED_Tenerife_SIngles_7cc277,,,,,
2026-09-12T11:56:06-05:00,PUR_IED_Tibabuyes_Exter_f2683d,PUR_IED_Tibabuyes_Exter_f2683d,,,,,
2026-09-12T11:56:06-05:00,PUR_IED_Tibabuyes_S10_dc87a8,PUR_IED_Tibabuyes_S10_dc87a8,,,,,
2026-09-12T11:56:06-05:00,PUR_IED_Tibabuyes_S15_dc0526,PUR_IED_Tibabuyes_S15_dc0526,,,,,
2026-09-12T11:56:06-05:00,PUR_IED_UnionE_S301_a1043,PUR_IED_UnionE_S301_a1043,,,,,
2026-09-12T11:56:06-05:00,PUR_IED_UnionE_S307_ff6c2f,PUR_IED_UnionE_S307_ff6c2f,,,,,
2026-09-12T11:56:06-05:00,PUR_IED_UnionE__Ext_5e2468,PUR_IED_UnionE__Ext_5e2468,,,,,
2026-09-12T11:56:06-05:00,PUR_IED_VillaRica_Ext_75be7c,PUR_IED_VillaRica_Ext_75be7c,,,,,
2026-09-12T11:56:06-05:00,PUR_IED_VillaRica_S4_cc5dcd,PUR_IED_VillaRica_S4_cc5dcd,,,,,
2026-09-12T11:56:06-05:00,PUR_IED_VillaRica_Sesp_99f5c,PUR_IED_VillaRica_Sesp_99f5c,,,,,
2026-09-12T12:01:16-05:00,PUR_IED_20deJulio_1101_91b1b9,PUR_IED_20deJulio_1101_91b1b9,,,,,
2026-09-12T12:01:16-05:00,PUR_IED_20deJulio_1102_1cfcf9,PUR_IED_20deJulio_1102_1cfcf9,,,,,
2026-09-12T12:01:16-05:00,PUR_IED_20deJulio_Ext_ab60bd,PUR_IED_20deJulio_Ext_ab60bd,,,,,
2026-09-12T12:01:16-05:00,PUR_IED_AgustinFer_Ext_7b9b77,PUR_IED_AgustinFer_Ext_7b9b77,,,,,
2026-09-12T12:01:16-05:00,PUR_IED_AgustinFer_Info2_27b3a7,PUR_IED_AgustinFer_Info2_27b3a7,,,,,
2026-09-12T12:01:16-05:00,PUR_IED_AgustinFer_Sena_54b4eb,PUR_IED_AgustinFer_Sena_54b4eb,,,,,
2026-09-12T12:01:16-05:00,PUR_IED_AlexanderF_1102_caf07b,PUR_IED_AlexanderF_1102_caf07b,,,,,
2026-09-12T12:01:16-05:00,PUR_IED_AlexanderF_1103_c79e71,PUR_IED_AlexanderF_1103_c79e71,,,,,
2026-09-12T12:01:16-05:00,PUR_IED_AlexanderF_Ext_c5b18b,PUR_IED_AlexanderF_Ext_c5b18b,,,,,
2026-09-12T12:01:16-05:00,PUR_IED_AlfonsoLopez_Ext_281d77,PUR_IED_AlfonsoLopez_Ext_281d77,,,,,
2026-09-12T12:01:16-05:00,PUR_IED_AlfonsoLopez_LabF_888ce0,PUR_IED_AlfonsoLopez_LabF_888ce0,,,,,
2026-09-12T12:01:16-05:00,PUR_IED_AlfonsoLopez_SMed_df6a7f,PUR_IED_AlfonsoLopez_SMed_df6a7f,,,,,
2026-09-12T12:01:16-05:00,PUR_IED_AltamiraSO_A2_209f92,PUR_IED_AltamiraSO_A2_209f92,,,,,
2026-09-12T12:01:16-05:00,PUR_IED_AltamiraSO_Ext_186d66,PUR_IED_AltamiraSO_Ext_186d66,,,,,
2026-09-12T12:01:16-05:00,PUR_IED_AltamiraSO_Sistem_27afe1,PUR_IED_AltamiraSO_Sistem_27afe1,,,,,
2026-09-12T12:01:16-05:00,PUR_IED_AlvaroGom_LabQuim_813179,PUR_IED_AlvaroGom_LabQuim_813179,,,,,
2026-09-12T12:01:16-05:00,PUR_IED_AlvaroGomez_Ext_47c7ca,PUR_IED_AlvaroGomez_Ext_47c7ca,,,,,
2026-09-12T12:01:16-05:00,PUR_IED_AlvaroGomez_LabQuim_813179,PUR_IED_AlvaroGomez_LabQuim_813179,,,,,
2026-09-12T12:01:16-05:00,PUR_IED_AlvaroGomez_S23_7ba89f,PUR_IED_AlvaroGomez_S23_7ba89f,,,,,
2026-09-12T12:01:16-05:00,PUR_IED_Amistad_306_dc8728,PUR_IED_Amistad_306_dc8728,,,,,
2026-09-12T12:01:16-05:00,PUR_IED_Amistad_Ext_8cd55e,PUR_IED_Amistad_Ext_8cd55e,,,,,
2026-09-12T12:01:16-05:00,PUR_IED_Amistad_S202_a41169,PUR_IED_Amistad_S202_a41169,,,,,
2026-09-12T12:01:16-05:00,PUR_IED_AndresBello_Bio_fd5f5e,PUR_IED_AndresBello_Bio_fd5f5e,,,,,
2026-09-12T12:01:16-05:00,PUR_IED_AndresBello_ext_dcad65,PUR_IED_AndresBello_ext_dcad65,,,,,
2026-09-12T12:01:16-05:00,PUR_IED_AndresBello_port_eed3ec,PUR_IED_AndresBello_port_eed3ec,,,,,
2026-09-12T12:01:16-05:00,PUR_IED_AngelaR_11b_d90a6b,PUR_IED_AngelaR_11b_d90a6b,,,,,
2026-09-12T12:01:16-05:00,PUR_IED_AngelaR_ext_7cad3e,PUR_IED_AngelaR_ext_7cad3e,4,21,55,4.5825,-74.164497
2026-09-12T12:01:16-05:00,PUR_IED_AntJoseSucre_10mo_df2575,PUR_IED_AntJoseSucre_10mo_df2575,,,,,
2026-09-12T12:01:16-05:00,PUR_IED_AntJoseSucre_Ext_215b36,PUR_IED_AntJoseSucre_Ext_215b36,,,,,
2026-09-12T12:01:16-05:00,PUR_IED_AntJoseSucre_Lab_3139de,PUR_IED_AntJoseSucre_Lab_3139de,,,,,
2026-09-12T12:01:16-05:00,PUR_IED_AntonioGarcia_301_d6b188,PUR_IED_AntonioGarcia_301_d6b188,,,,,
2026-09-12T12:01:16-05:00,PUR_IED_AntonioGarcia_302_88a82,PUR_IED_AntonioGarcia_302_88a82,,,,,
2026-09-12T12:01:16-05:00,PUR_IED_AntonioGarcia_Ext_20950c,PUR_IED_AntonioGarcia_Ext_20950c,,,,,
2026-09-12T12:01:16-05:00,PUR_IED_AntonioVan_Aula2_6dea02,PUR_IED_AntonioVan_Aula2_6dea02,,,,,
2026-09-12T12:01:16-05:00,PUR_IED_AntonioVan_Aula5_f1557e,PUR_IED_AntonioVan_Aula5_f1557e,,,,,
2026-09-12T12:01:16-05:00,PUR_IED_AntonioVan_Ext_406f2f,PUR_IED_AntonioVan_Ext_406f2f,,,,,
2026-09-12T12:01:16-05:00,PUR_IED_Atabanzha_Ext_cc5af9,PUR_IED_Atabanzha_Ext_cc5af9,,,,,
2026-09-12T12:01:16-05:00,PUR_IED_Atabanzha_SA101_56c37,PUR_IED_Atabanzha_SA101_56c37,,,,,
2026-09-12T12:01:16-05:00,PUR_IED_Atabanzha_SB302_27b374,PUR_IED_Atabanzha_SB302_27b374,,,,,
2026-09-12T12:01:16-05:00,PUR_IED_Atahualpa_Ext_fc1748,PUR_IED_Atahualpa_Ext_fc1748,,,,,
2026-09-12T12:01:16-05:00,PUR_IED_Atahualpa_Informa_dc9a95,PUR_IED_Atahualpa_Informa_dc9a95,,,,,
2026-09-12T12:01:16-05:00,PUR_IED_Atahualpa_S1101_f98056,PUR_IED_Atahualpa_S1101_f98056,,,,,
2026-09-12T12:01:16-05:00,PUR_IED_Bellavista_Ext_f5aa74,PUR_IED_Bellavista_Ext_f5aa74,,,,,
2026-09-12T12:01:16-05:00,PUR_IED_Bilbao_11A_916c41,PUR_IED_Bilbao_11A_916c41,,,,,
2026-09-12T12:01:16-05:00,PUR_IED_Bilbao_Ext_fb579a,PUR_IED_Bilbao_Ext_fb579a,,,,,
2026-09-12T12:01:16-05:00,PUR_IED_BrasiliaU_A125_304280,PUR_IED_BrasiliaU_A125_304280,,,,,
2026-09-12T12:01:16-05:00,PUR_IED_BrasiliaU_A203_7c8ca5,PUR_IED_BrasiliaU_A203_7c8ca5,,,,,
2026-09-12T12:01:16-05:00,PUR_IED_BrasiliaU_Ext_8d6e9f,PUR_IED_BrasiliaU_Ext_8d6e9f,4,20,56,4.5175,-74.116302
2026-09-12T12:01:16-05:00,PUR_IED_Brasilia_Ext_fe6593,PUR_IED_Brasilia_Ext_fe6593,,,,,
2026-09-12T12:01:16-05:00,PUR_IED_Brasilia_S24_7c130d,PUR_IED_Brasilia_S24_7c130d,,,,,
2026-09-12T12:01:16-05:00,PUR_IED_Brasilia_S501_186a54,PUR_IED_Brasilia_S501_186a54,,,,,
2026-09-12T12:01:16-05:00,PUR_IED_CHARRY_EXT_f1d5cd,PUR_IED_CHARRY_EXT_f1d5cd,,,,,
2026-09-12T12:01:16-05:00,PUR_IED_CHARRY_INTDANZAS_7a08e6,PUR_IED_CHARRY_INTDANZAS_7a08e6,,,,,
2026-09-12T12:01:16-05:00,PUR_IED_CHARRY_INT_AULA20_dc998d,PUR_IED_CHARRY_INT_AULA20_dc998d,,,,,
2026-09-12T12:01:16-05:00,PUR_IED_COLVIV_1101_S25_7f520a,PUR_IED_COLVIV_1101_S25_7f520a,,,,,
2026-09-12T12:01:16-05:00,PUR_IED_COLVIV_1102_S16_f570ba,PUR_IED_COLVIV_1102_S16_f570ba,,,,,
2026-09-12T12:01:16-05:00,PUR_IED_COLVIV_Ext_1a26fa,PUR_IED_COLVIV_Ext_1a26fa,,,,,
2026-09-12T12:01:16-05:00,PUR_IED_CULPOP_301A_f660f3,PUR_IED_CULPOP_301A_f660f3,,,,,
2026-09-12T12:01:16-05:00,PUR_IED_CULPOP_303_568afe,PUR_IED_CULPOP_303_568afe,,,,,
2026-09-12T12:01:16-05:00,PUR_IED_CULPOP_Ext_e02ccb,PUR_IED_CULPOP_Ext_e02ccb,,,,,
2026-09-12T12:01:16-05:00,PUR_IED_CVillavicen_Ext_26eb58,PUR_IED_CVillavicen_Ext_26eb58,4,18,72,4.487,-74.102798
2026-09-12T12:01:16-05:00,PUR_IED_CVillavicen_Intel_1ce5c2,PUR_IED_CVillavicen_Intel_1ce5c2,,,,,
2026-09-12T12:01:16-05:00,PUR_IED_CVillavicen_Poliv_e0766c,PUR_IED_CVillavicen_Poliv_e0766c,,,,,
2026-09-12T12:01:16-05:00,PUR_IED_CVillavicen_int_1ba140,PUR_IED_CVillavicen_int_1ba140,,,,,
2026-09-12T12:01:16-05:00,PUR_IED_CVillavicen_intel_1ba140,PUR_IED_CVillavicen_intel_1ba140,,,,,
2026-09-12T12:01:16-05:00,PUR_IED_CarlosPizarro_Ext_e307cc,PUR_IED_CarlosPizarro_Ext_e307cc,,,,,
2026-09-12T12:01:16-05:00,PUR_IED_CarlosPizarro_L36_7e5cdb,PUR_IED_CarlosPizarro_L36_7e5cdb,,,,,
2026-09-12T12:01:16-05:00,PUR_IED_CarlosPizarro_L37_c8566c,PUR_IED_CarlosPizarro_L37_c8566c,,,,,
2026-09-12T12:01:16-05:00,PUR_IED_Castilla_Ext_cf35f,PUR_IED_Castilla_Ext_cf35f,,,,,
2026-09-12T12:01:16-05:00,PUR_IED_Castilla_SFisik_360e38,PUR_IED_Castilla_SFisik_360e38,,,,,
2026-09-12T12:01:16-05:00,PUR_IED_Castilla_Sc304_496fbf,PUR_IED_Castilla_Sc304_496fbf,,,,,
2026-09-12T12:01:16-05:00,PUR_IED_CervantesSa_Ext_6b57b,PUR_IED_CervantesSa_Ext_6b57b,2,20,60,4.5128,-74.117203
2026-09-12T12:01:16-05:00,PUR_IED_CervantesSa_S107_225c2b,PUR_IED_CervantesSa_S107_225c2b,,,,,
2026-09-12T12:01:16-05:00,PUR_IED_CervantesSa_S108_940925,PUR_IED_CervantesSa_S108_940925,,,,,
2026-09-12T12:01:16-05:00,PUR_IED_Charry_A20_f53e7c,PUR_IED_Charry_A20_f53e7c,,,,,
2026-09-12T12:01:16-05:00,PUR_IED_Charry_Ext_f1d5cd,PUR_IED_Charry_Ext_f1d5cd,,,,,
2026-09-12T12:01:16-05:00,PUR_IED_Charry_IntAula20_dc998d,PUR_IED_Charry_IntAula20_dc998d,,,,,
2026-09-12T12:01:16-05:00,PUR_IED_Charry_IntDanzas_7a08e6,PUR_IED_Charry_IntDanzas_7a08e6,,,,,
2026-09-12T12:01:16-05:00,PUR_IED_ClememciaC_203_43e2fc,PUR_IED_ClememciaC_203_43e2fc,,,,,
2026-09-12T12:01:16-05:00,PUR_IED_ClememciaC_Ext_1b411a,PUR_IED_ClememciaC_Ext_1b411a,,,,,
2026-09-12T12:01:16-05:00,PUR_IED_ClememciaC_Quimic_44b5fc,PUR_IED_ClememciaC_Quimic_44b5fc,,,,,
2026-09-12T12:01:16-05:00,PUR_IED_ClemenciaC_203_43e2fc,PUR_IED_ClemenciaC_203_43e2fc,,,,,
2026-09-12T12:01:16-05:00,PUR_IED_ClemenciaC_Ext_1b411a,PUR_IED_ClemenciaC_Ext_1b411a,,,,,
2026-09-12T12:01:16-05:00,PUR_IED_ClemenciaC_Quimic_44b5fc,PUR_IED_ClemenciaC_Quimic_44b5fc,,,,,
2026-09-12T12:01:16-05:00,PUR_IED_ColViva_1101_S25_7f520a,PUR_IED_ColViva_1101_S25_7f520a,,,,,
2026-09-12T12:01:16-05:00,PUR_IED_ColViva_1102_S16_f570ba,PUR_IED_ColViva_1102_S16_f570ba,,,,,
2026-09-12T12:01:16-05:00,PUR_IED_ColViva_Ext_1a26fa,PUR_IED_ColViva_Ext_1a26fa,,,,,
2026-09-12T12:01:16-05:00,PUR_IED_ColegioBici_Asist_7c8798,PUR_IED_ColegioBici_Asist_7c8798,,,,,
2026-09-12T12:01:16-05:00,PUR_IED_ColegioBici_Ext_25cbf6,PUR_IED_ColegioBici_Ext_25cbf6,,,,,
2026-09-12T12:01:16-05:00,PUR_IED_ColegioBici_LabQ_7b57db,PUR_IED_ColegioBici_LabQ_7b57db,,,,,
2026-09-12T12:01:16-05:00,PUR_IED_CostaRica_Ext_5e640,PUR_IED_CostaRica_Ext_5e640,,,,,
2026-09-12T12:01:16-05:00,PUR_IED_CostaRica_Quim1_766d1c,PUR_IED_CostaRica_Quim1_766d1c,,,,,
2026-09-12T12:01:16-05:00,PUR_IED_CostaRica__Fisica_6f0873,PUR_IED_CostaRica__Fisica_6f0873,,,,,
2026-09-12T12:01:16-05:00,PUR_IED_CulPopu_301A_f660f3,PUR_IED_CulPopu_301A_f660f3,,,,,
2026-09-12T12:01:16-05:00,PUR_IED_CulPopu_303_568afe,PUR_IED_CulPopu_303_568afe,,,,,
2026-09-12T12:01:16-05:00,PUR_IED_CulPopu_Ext_e02ccb,PUR_IED_CulPopu_Ext_e02ccb,,,,,
2026-09-12T12:01:16-05:00,PUR_IED_Cundinamarca_Ext_f15985,PUR_IED_Cundinamarca_Ext_f15985,,,,,
2026-09-12T12:01:16-05:00,PUR_IED_Cundinamarca_Info_7aa5d7,PUR_IED_Cundinamarca_Info_7aa5d7,,,,,
2026-09-12T12:01:16-05:00,PUR_IED_Cundinamarca_Tec2_f449c7,PUR_IED_Cundinamarca_Tec2_f449c7,,,,,
2026-09-12T12:01:16-05:00,PUR_IED_DiegoM_Aula1_27b314,PUR_IED_DiegoM_Aula1_27b314,,,,,
2026-09-12T12:01:16-05:00,PUR_IED_DiegoM_Ext_d80ac8,PUR_IED_DiegoM_Ext_d80ac8,,,,,
2026-09-12T12:01:16-05:00,PUR_IED_DiegoM_S25_da928f,PUR_IED_DiegoM_S25_da928f,,,,,
2026-09-12T12:01:16-05:00,PUR_IED_ELRODEO_360881,PUR_IED_ELRODEO_360881,,,,,
2026-09-12T12:01:16-05:00,PUR_IED_ELRODEO_ext_360881,PUR_IED_ELRODEO_ext_360881,,,,,
2026-09-12T12:01:16-05:00,PUR_IED_EduardoU_Ext_1c1969,PUR_IED_EduardoU_Ext_1c1969,,,,,
2026-09-12T12:01:16-05:00,PUR_IED_EduardoU_SCiencia_4dfb94,PUR_IED_EduardoU_SCiencia_4dfb94,,,,,
2026-09-12T12:01:16-05:00,PUR_IED_EduardoU_SQuimica_5a46e7,PUR_IED_EduardoU_SQuimica_5a46e7,,,,,
2026-09-12T12:01:16-05:00,PUR_IED_ElRodeo_Aula14_676984,PUR_IED_ElRodeo_Aula14_676984,,,,,
2026-09-12T12:01:16-05:00,PUR_IED_ElRodeo_Aula16_2dd35b,PUR_IED_ElRodeo_Aula16_2dd35b,,,,,
2026-09-12T12:01:16-05:00,PUR_IED_ElRodeo_Ext_360881,PUR_IED_ElRodeo_Ext_360881,,,,,
2026-09-12T12:01:16-05:00,PUR_IED_ElRodeo_Exterior_8c6d28,PUR_IED_ElRodeo_Exterior_8c6d28,,,,,
2026-09-12T12:01:16-05:00,PUR_IED_ElRodeo_ext_360881,PUR_IED_ElRodeo_ext_360881,,,,,
2026-09-12T12:01:16-05:00,PUR_IED_EmmaReyes_Ext_987625,PUR_IED_EmmaReyes_Ext_987625,2,22,47,4.6367,-74.1511
2026-09-12T12:01:16-05:00,PUR_IED_Ensueño_Ext_7f0250,PUR_IED_Ensueño_Ext_7f0250,,,,,
2026-09-12T12:01:16-05:00,PUR_IED_EscNormal_Ext_5fef3b,PUR_IED_EscNormal_Ext_5fef3b,2,23,51,4.5852,-74.096901
2026-09-12T12:01:16-05:00,PUR_IED_EscNormal_S309_5b263,PUR_IED_EscNormal_S309_5b263,,,,,
2026-09-12T12:01:16-05:00,PUR_IED_EscNormal_S310_27b3b8,PUR_IED_EscNormal_S310_27b3b8,,,,,
2026-09-12T12:01:16-05:00,PUR_IED_Evangelista_Conta_f6cd4f,PUR_IED_Evangelista_Conta_f6cd4f,,,,,
2026-09-12T12:01:16-05:00,PUR_IED_Evangelista_Cri_5e16a,PUR_IED_Evangelista_Cri_5e16a,,,,,
2026-09-12T12:01:16-05:00,PUR_IED_Evangelista_Exter_754066,PUR_IED_Evangelista_Exter_754066,,,,,
2026-09-12T12:01:16-05:00,PUR_IED_FMiranda_S209_5cc2a3,PUR_IED_FMiranda_S209_5cc2a3,,,,,
2026-09-12T12:01:16-05:00,PUR_IED_FMiranda_S303_19e344,PUR_IED_FMiranda_S303_19e344,,,,,
2026-09-12T12:01:16-05:00,PUR_IED_FMiranda_ext_f53e7c,PUR_IED_FMiranda_ext_f53e7c,,,,,
2026-09-12T12:01:16-05:00,PUR_IED_FabioLozano_Bibli_1cee05,PUR_IED_FabioLozano_Bibli_1cee05,,,,,
2026-09-12T12:01:16-05:00,PUR_IED_FabioLozano_Ext_6ea285,PUR_IED_FabioLozano_Ext_6ea285,,,,,
2026-09-12T12:01:16-05:00,PUR_IED_FabioLozano_SLudi_f09e1e,PUR_IED_FabioLozano_SLudi_f09e1e,,,,,
2026-09-12T12:01:16-05:00,PUR_IED_FaustinoS_Aula07_27a731,PUR_IED_FaustinoS_Aula07_27a731,,,,,
2026-09-12T12:01:16-05:00,PUR_IED_FaustinoS_Ext_7b936f,PUR_IED_FaustinoS_Ext_7b936f,,,,,
2026-09-12T12:01:16-05:00,PUR_IED_FaustinoS_Fisica_da2c60,PUR_IED_FaustinoS_Fisica_da2c60,,,,,
2026-09-12T12:01:16-05:00,PUR_IED_FeGarciaLo_Ext_dc68ee,PUR_IED_FeGarciaLo_Ext_dc68ee,,,,,
2026-09-12T12:01:16-05:00,PUR_IED_FeGarciaLo_SDanza_f70a59,PUR_IED_FeGarciaLo_SDanza_f70a59,,,,,
2026-09-12T12:01:16-05:00,PUR_IED_FeGarciaLo_SMusic_125cdd,PUR_IED_FeGarciaLo_SMusic_125cdd,,,,,
2026-09-12T12:01:16-05:00,PUR_IED_FederalAlema_Exte_50c345,PUR_IED_FederalAlema_Exte_50c345,,,,,
2026-09-12T12:01:16-05:00,PUR_IED_FederalAlema_S31_f18371,PUR_IED_FederalAlema_S31_f18371,,,,,
2026-09-12T12:01:16-05:00,PUR_IED_FederalAlema_S901_a62cd,PUR_IED_FederalAlema_S901_a62cd,,,,,
2026-09-12T12:01:16-05:00,PUR_IED_FilarmonicaS_A5_f35eb1,PUR_IED_FilarmonicaS_A5_f35eb1,,,,,
2026-09-12T12:01:16-05:00,PUR_IED_FilarmonicaS_Ext_8a3bde,PUR_IED_FilarmonicaS_Ext_8a3bde,,,,,
2026-09-12T12:01:16-05:00,PUR_IED_FilarmonicaS_Spol_406114,PUR_IED_FilarmonicaS_Spol_406114,,,,,
2026-09-12T12:01:16-05:00,PUR_IED_FlorentinoG_A13_d1fa59,PUR_IED_FlorentinoG_A13_d1fa59,,,,,
2026-09-12T12:01:16-05:00,PUR_IED_FlorentinoG_Ext_1ce6ce,PUR_IED_FlorentinoG_Ext_1ce6ce,,,,,
2026-09-12T12:01:16-05:00,PUR_IED_FlorentinoG_Idiom_a66aac,PUR_IED_FlorentinoG_Idiom_a66aac,,,,,
2026-09-12T12:01:16-05:00,PUR_IED_FranciscoMati_Ext_e3869d,PUR_IED_FranciscoMati_Ext_e3869d,,,,,
2026-09-12T12:01:16-05:00,PUR_IED_FranciscoMati_S13_f31c67,PUR_IED_FranciscoMati_S13_f31c67,,,,,
2026-09-12T12:01:16-05:00,PUR_IED_FranciscoMati_S14_97dead,PUR_IED_FranciscoMati_S14_97dead,,,,,
2026-09-12T12:01:16-05:00,PUR_IED_FranciscoPS_Ext_7bfa9a,PUR_IED_FranciscoPS_Ext_7bfa9a,2,23,50,4.5899,-74.110397
2026-09-12T12:01:16-05:00,PUR_IED_FranciscoPS_Infor_fb8f4c,PUR_IED_FranciscoPS_Infor_fb8f4c,,,,,
2026-09-12T12:01:16-05:00,PUR_IED_FranciscoPS_Quimi_94d39c,PUR_IED_FranciscoPS_Quimi_94d39c,,,,,
2026-09-12T12:01:16-05:00,PUR_IED_FranciscoP_LabQ_d7e148,PUR_IED_FranciscoP_LabQ_d7e148,,,,,
2026-09-12T12:01:16-05:00,PUR_IED_FranciscoP_S28_cf9b30,PUR_IED_FranciscoP_S28_cf9b30,,,,,
2026-09-12T12:01:16-05:00,PUR_IED_FranciscoP_ext_e2313,PUR_IED_FranciscoP_ext_e2313,,,,,
2026-09-12T12:01:16-05:00,PUR_IED_FriederichN_Ext_8ac92a,PUR_IED_FriederichN_Ext_8ac92a,,,,,
2026-09-12T12:01:16-05:00,PUR_IED_FriederichN_S301_dd7e5a,PUR_IED_FriederichN_S301_dd7e5a,,,,,
2026-09-12T12:01:16-05:00,PUR_IED_FriederichN_S308_761f4f,PUR_IED_FriederichN_S308_761f4f,,,,,
2026-09-12T12:01:16-05:00,PUR_IED_GSantander_Aula10_533dd7,PUR_IED_GSantander_Aula10_533dd7,,,,,
2026-09-12T12:01:16-05:00,PUR_IED_GSantander_Aula12_fd4e4f,PUR_IED_GSantander_Aula12_fd4e4f,,,,,
2026-09-12T12:01:16-05:00,PUR_IED_GSantander_Aula310_533dd7,PUR_IED_GSantander_Aula310_533dd7,,,,,
2026-09-12T12:01:16-05:00,PUR_IED_GSantander_Aula312_fd4e4f,PUR_IED_GSantander_Aula312_fd4e4f,,,,,
2026-09-12T12:01:16-05:00,PUR_IED_GSantander_Ext_5f66b0,PUR_IED_GSantander_Ext_5f66b0,,,,,
2026-09-12T12:01:16-05:00,PUR_IED_GYomasa_Ext_f6bea5,PUR_IED_GYomasa_Ext_f6bea5,,,,,
2026-09-12T12:01:16-05:00,PUR_IED_GYomasa_LBiol_2c41aa,PUR_IED_GYomasa_LBiol_2c41aa,,,,,
2026-09-12T12:01:16-05:00,PUR_IED_GYomasa_LQuim_33c80,PUR_IED_GYomasa_LQuim_33c80,,,,,
2026-09-12T12:01:16-05:00,PUR_IED_GabBetMejia_Cienc_5a99c,PUR_IED_GabBetMejia_Cienc_5a99c,,,,,
2026-09-12T12:01:16-05:00,PUR_IED_GabBetMejia_Ext_9153d0,PUR_IED_GabBetMejia_Ext_9153d0,,,,,
2026-09-12T12:01:16-05:00,PUR_IED_GabBetMejia_Lab_f55347,PUR_IED_GabBetMejia_Lab_f55347,,,,,
2026-09-12T12:01:16-05:00,PUR_IED_GabBetanMejia_Ext_9153d0,PUR_IED_GabBetanMejia_Ext_9153d0,,,,,
2026-09-12T12:01:16-05:00,PUR_IED_Gaitana_Aula13_7aac11,PUR_IED_Gaitana_Aula13_7aac11,,,,,
2026-09-12T12:01:16-05:00,PUR_IED_Gaitana_Ext_5fcf4,PUR_IED_Gaitana_Ext_5fcf4,,,,,
2026-09-12T12:01:16-05:00,PUR_IED_Gaitana_LabFisica_644448,PUR_IED_Gaitana_LabFisica_644448,,,,,
2026-09-12T12:01:16-05:00,PUR_IED_GenSantander_Dise_8ac858,PUR_IED_GenSantander_Dise_8ac858,,,,,
2026-09-12T12:01:16-05:00,PUR_IED_GenSantander_Ext_8d5dfe,PUR_IED_GenSantander_Ext_8d5dfe,,,,,
2026-09-12T12:01:16-05:00,PUR_IED_GenSantander_Info_6c25b,PUR_IED_GenSantander_Info_6c25b,,,,,
2026-09-12T12:01:16-05:00,PUR_IED_GustavoMo_Exterio_75e63d,PUR_IED_GustavoMo_Exterio_75e63d,,,,,
2026-09-12T12:01:16-05:00,PUR_IED_GustavoMo_LabFisi_224d37,PUR_IED_GustavoMo_LabFisi_224d37,,,,,
2026-09-12T12:01:16-05:00,PUR_IED_GustavoMo_S208_3e6918,PUR_IED_GustavoMo_S208_3e6918,,,,,
2026-09-12T12:01:16-05:00,PUR_IED_GustavoR_A02_8cd4a8,PUR_IED_GustavoR_A02_8cd4a8,,,,,
2026-09-12T12:01:16-05:00,PUR_IED_GustavoR_B11_5b0ed,PUR_IED_GustavoR_B11_5b0ed,,,,,
2026-09-12T12:01:16-05:00,PUR_IED_GustavoR_Ext_7a0c90,PUR_IED_GustavoR_Ext_7a0c90,,,,,
2026-09-12T12:01:16-05:00,PUR_IED_HernandoDuran_Ext_8cd82b,PUR_IED_HernandoDuran_Ext_8cd82b,,,,,
2026-09-12T12:01:16-05:00,PUR_IED_HernandoDuran_S24_2772c6,PUR_IED_HernandoDuran_S24_2772c6,,,,,
2026-09-12T12:01:16-05:00,PUR_IED_HernandoDuran_S30_f2de41,PUR_IED_HernandoDuran_S30_f2de41,,,,,
2026-09-12T12:01:16-05:00,PUR_IED_HolguInUr_S1101_8cd732,PUR_IED_HolguInUr_S1101_8cd732,,,,,
2026-09-12T12:01:16-05:00,PUR_IED_HolguinUr_Exter_ddae6d,PUR_IED_HolguinUr_Exter_ddae6d,,,,,
2026-09-12T12:01:16-05:00,PUR_IED_HolguinUr_LabQuim_92b952,PUR_IED_HolguinUr_LabQuim_92b952,,,,,
2026-09-12T12:01:16-05:00,PUR_IED_Isabel-II_Ext_5245cc,PUR_IED_Isabel-II_Ext_5245cc,2,21,51,4.6336,-74.153
2026-09-12T12:01:16-05:00,PUR_IED_Isabel-II_S_idiom_1c29aa,PUR_IED_Isabel-II_S_idiom_1c29aa,,,,,
2026-09-12T12:01:16-05:00,PUR_IED_Isabel-II_S_infor_fd741,PUR_IED_Isabel-II_S_infor_fd741,,,,,
2026-09-12T12:01:16-05:00,PUR_IED_IsidroSur_Exterio_5b90ea,PUR_IED_IsidroSur_Exterio_5b90ea,,,,,
2026-09-12T12:01:16-05:00,PUR_IED_IsidroSur_LabTec_56697a,PUR_IED_IsidroSur_LabTec_56697a,,,,,
2026-09-12T12:01:16-05:00,PUR_IED_IsidroSur_Robotic_b7c38f,PUR_IED_IsidroSur_Robotic_b7c38f,,,,,
2026-09-12T12:01:16-05:00,PUR_IED_IsmaelPerd_Ext_7b6672,PUR_IED_IsmaelPerd_Ext_7b6672,,,,,
2026-09-12T12:01:16-05:00,PUR_IED_IsmaelPerd_Inform_306540,PUR_IED_IsmaelPerd_Inform_306540,,,,,
2026-09-12T12:01:16-05:00,PUR_IED_IsmaelPerd_S30_2e2c83,PUR_IED_IsmaelPerd_S30_2e2c83,,,,,
2026-09-12T12:01:16-05:00,PUR_IED_JLozano_Exter_432910,PUR_IED_JLozano_Exter_432910,,,,,
2026-09-12T12:01:16-05:00,PUR_IED_JLozano_salaMulti_df5125,PUR_IED_JLozano_salaMulti_df5125,,,,,
2026-09-12T12:01:16-05:00,PUR_IED_JMCordoba_206_86f80b,PUR_IED_JMCordoba_206_86f80b,,,,,
2026-09-12T12:01:16-05:00,PUR_IED_JMCordoba_Ext_27ad97,PUR_IED_JMCordoba_Ext_27ad97,,,,,
2026-09-12T12:01:16-05:00,PUR_IED_JMCordoba_S310_d59ab4,PUR_IED_JMCordoba_S310_d59ab4,,,,,
2026-09-12T12:01:16-05:00,PUR_IED_Japon_Ext_549100,PUR_IED_Japon_Ext_549100,,,,,
2026-09-12T12:01:16-05:00,PUR_IED_Japon_Laboratorio_bec51d,PUR_IED_Japon_Laboratorio_bec51d,,,,,
2026-09-12T12:01:16-05:00,PUR_IED_Japon_informatica_d99327,PUR_IED_Japon_informatica_d99327,,,,,
2026-09-12T12:01:16-05:00,PUR_IED_Jazmin_Ext_d27bda,PUR_IED_Jazmin_Ext_d27bda,,,,,
2026-09-12T12:01:16-05:00,PUR_IED_Jazmin_Fisica_8d14d7,PUR_IED_Jazmin_Fisica_8d14d7,,,,,
2026-09-12T12:01:16-05:00,PUR_IED_Jazmin_Quimica_801cb5,PUR_IED_Jazmin_Quimica_801cb5,,,,,
2026-09-12T12:01:16-05:00,PUR_IED_JorgeGaitan_Exter_f098d1,PUR_IED_JorgeGaitan_Exter_f098d1,,,,,
2026-09-12T12:01:16-05:00,PUR_IED_JorgeGaitan_STec1_dc9d1d,PUR_IED_JorgeGaitan_STec1_dc9d1d,,,,,
2026-09-12T12:01:16-05:00,PUR_IED_JorgeGaitan_STec2_281e69,PUR_IED_JorgeGaitan_STec2_281e69,,,,,
2026-09-12T12:01:16-05:00,PUR_IED_JorgeSoto_Exterio_d9d0a2,PUR_IED_JorgeSoto_Exterio_d9d0a2,,,,,
2026-09-12T12:01:16-05:00,PUR_IED_JorgeSoto_LabFisi_209c54,PUR_IED_JorgeSoto_LabFisi_209c54,,,,,
2026-09-12T12:01:16-05:00,PUR_IED_JorgeSoto_S103_27b51a,PUR_IED_JorgeSoto_S103_27b51a,,,,,
2026-09-12T12:01:16-05:00,PUR_IED_JoseAcevedo_A02_e965eb,PUR_IED_JoseAcevedo_A02_e965eb,,,,,
2026-09-12T12:01:16-05:00,PUR_IED_JoseAcevedo_A07_dd5b4,PUR_IED_JoseAcevedo_A07_dd5b4,,,,,
2026-09-12T12:01:16-05:00,PUR_IED_JoseAcevedo_Ext_b47484,PUR_IED_JoseAcevedo_Ext_b47484,,,,,
2026-09-12T12:01:16-05:00,PUR_IED_JoseMarti_Exte_5b9bf,PUR_IED_JoseMarti_Exte_5b9bf,,,,,
2026-09-12T12:01:16-05:00,PUR_IED_JoseMarti_LabQuim_1c6c2d,PUR_IED_JoseMarti_LabQuim_1c6c2d,,,,,
2026-09-12T12:01:16-05:00,PUR_IED_JoseMarti_S_info_f5f177,PUR_IED_JoseMarti_S_info_f5f177,,,,,
2026-09-12T12:01:16-05:00,PUR_IED_Josejoaquin_Ext_dfc5dc,PUR_IED_Josejoaquin_Ext_dfc5dc,,,,,
2026-09-12T12:01:16-05:00,PUR_IED_Josejoaquin_S05_5b2a96,PUR_IED_Josejoaquin_S05_5b2a96,,,,,
2026-09-12T12:01:16-05:00,PUR_IED_Josejoaquin_S06_1ce7d2,PUR_IED_Josejoaquin_S06_1ce7d2,,,,,
2026-09-12T12:01:16-05:00,PUR_IED_JulioFlorez_Danza_9b82dd,PUR_IED_JulioFlorez_Danza_9b82dd,,,,,
2026-09-12T12:01:16-05:00,PUR_IED_JulioFlorez_Exter_f9f314,PUR_IED_JulioFlorez_Exter_f9f314,,,,,
2026-09-12T12:01:16-05:00,PUR_IED_JulioFlorez_info2_6b6e08,PUR_IED_JulioFlorez_info2_6b6e08,,,,,
2026-09-12T12:01:16-05:00,PUR_IED_LaBelleza_Aula13_1d00d8,PUR_IED_LaBelleza_Aula13_1d00d8,,,,,
2026-09-12T12:01:16-05:00,PUR_IED_LaBelleza_Ext_7bc08c,PUR_IED_LaBelleza_Ext_7bc08c,,,,,
2026-09-12T12:01:16-05:00,PUR_IED_LaChucua_Ext_8cd6d2,PUR_IED_LaChucua_Ext_8cd6d2,,,,,
2026-09-12T12:01:16-05:00,PUR_IED_LaChucua_S15_f578ce,PUR_IED_LaChucua_S15_f578ce,,,,,
2026-09-12T12:01:16-05:00,PUR_IED_LaChucua_S16_eebcf9,PUR_IED_LaChucua_S16_eebcf9,,,,,
2026-09-12T12:01:16-05:00,PUR_IED_LaFelicidad_Ext_fb5109,PUR_IED_LaFelicidad_Ext_fb5109,,,,,
2026-09-12T12:01:16-05:00,PUR_IED_LaMerced_206_66ebd,PUR_IED_LaMerced_206_66ebd,,,,,
2026-09-12T12:01:16-05:00,PUR_IED_LaMerced_207_6ebd6,PUR_IED_LaMerced_207_6ebd6,,,,,
2026-09-12T12:01:16-05:00,PUR_IED_LaMerced_ext_304311,PUR_IED_LaMerced_ext_304311,,,,,
2026-09-12T12:01:16-05:00,PUR_IED_Laureano_CiencNat_281e5e,PUR_IED_Laureano_CiencNat_281e5e,,,,,
2026-09-12T12:01:16-05:00,PUR_IED_Laureano_Comedor_f65c0a,PUR_IED_Laureano_Comedor_f65c0a,,,,,
2026-09-12T12:01:16-05:00,PUR_IED_Laureano_Exterior_7ab011,PUR_IED_Laureano_Exterior_7ab011,,,,,
2026-09-12T12:01:16-05:00,PUR_IED_LeonGreiff_Exte_dfe560,PUR_IED_LeonGreiff_Exte_dfe560,,,,,
2026-09-12T12:01:16-05:00,PUR_IED_LeonGreiff_S210_f264ed,PUR_IED_LeonGreiff_S210_f264ed,,,,,
2026-09-12T12:01:16-05:00,PUR_IED_LeonGreiff_SQuimi_e8296f,PUR_IED_LeonGreiff_SQuimi_e8296f,,,,,
2026-09-12T12:01:16-05:00,PUR_IED_LlanoOrientalS208_7b9fcd,PUR_IED_LlanoOrientalS208_7b9fcd,,,,,
2026-09-12T12:01:16-05:00,PUR_IED_LlanoOriental_Ext_fb3766,PUR_IED_LlanoOriental_Ext_fb3766,,,,,
2026-09-12T12:01:16-05:00,PUR_IED_LlanoOriental_S208_7b9fcd,PUR_IED_LlanoOriental_S208_7b9fcd,,,,,
2026-09-12T12:01:16-05:00,PUR_IED_LlanoOriental_S9_27b378,PUR_IED_LlanoOriental_S9_27b378,,,,,
2026-09-12T12:01:16-05:00,PUR_IED_LosTejares_1101_477602,PUR_IED_LosTejares_1101_477602,,,,,
2026-09-12T12:01:16-05:00,PUR_IED_LosTejares_11_d2c595,PUR_IED_LosTejares_11_d2c595,,,,,
2026-09-12T12:01:16-05:00,PUR_IED_LosTejares_12_477602,PUR_IED_LosTejares_12_477602,,,,,
2026-09-12T12:01:16-05:00,PUR_IED_LosTejares_Ext_8e2115,PUR_IED_LosTejares_Ext_8e2115,,,,,
2026-09-12T12:01:16-05:00,PUR_IED_MagdalenaO_B202_5ddda3,PUR_IED_MagdalenaO_B202_5ddda3,,,,,
2026-09-12T12:01:16-05:00,PUR_IED_MagdalenaO_B205_fb76e8,PUR_IED_MagdalenaO_B205_fb76e8,,,,,
2026-09-12T12:01:16-05:00,PUR_IED_MagdalenaO_ext_dc69cd,PUR_IED_MagdalenaO_ext_dc69cd,,,,,
2026-09-12T12:01:16-05:00,PUR_IED_ManueCepeda_artes_eee956,PUR_IED_ManueCepeda_artes_eee956,,,,,
2026-09-12T12:01:16-05:00,PUR_IED_ManuelCepeda_Ext_58313,PUR_IED_ManuelCepeda_Ext_58313,,,,,
2026-09-12T12:01:16-05:00,PUR_IED_ManuelCepeda_tec_1c5731,PUR_IED_ManuelCepeda_tec_1c5731,,,,,
2026-09-12T12:01:16-05:00,PUR_IED_ManuelS_Exterior_5b269,PUR_IED_ManuelS_Exterior_5b269,,,,,
2026-09-12T12:01:16-05:00,PUR_IED_ManuelS_Inform_f369ce,PUR_IED_ManuelS_Inform_f369ce,,,,,
2026-09-12T12:01:16-05:00,PUR_IED_ManuelS_SArtes_7d15f1,PUR_IED_ManuelS_SArtes_7d15f1,,,,,
2026-09-12T12:01:16-05:00,PUR_IED_ManuelZapata_303_3ca6,PUR_IED_ManuelZapata_303_3ca6,,,,,
2026-09-12T12:01:16-05:00,PUR_IED_ManuelZapata_311_bfbabc,PUR_IED_ManuelZapata_311_bfbabc,,,,,
2026-09-12T12:01:16-05:00,PUR_IED_ManuelZapata_Ext_50824a,PUR_IED_ManuelZapata_Ext_50824a,,,,,
2026-09-12T12:01:16-05:00,PUR_IED_ManuelitaS_Exteri_656a92,PUR_IED_ManuelitaS_Exteri_656a92,,,,,
2026-09-12T12:01:16-05:00,PUR_IED_ManuelitaS_JuzgDe_f58ec3,PUR_IED_ManuelitaS_JuzgDe_f58ec3,,,,,
2026-09-12T12:01:16-05:00,PUR_IED_ManuelitaS_Recrea_d793db,PUR_IED_ManuelitaS_Recrea_d793db,,,,,
2026-09-12T12:01:16-05:00,PUR_IED_MarFidSuarez_Ext_c27b19,PUR_IED_MarFidSuarez_Ext_c27b19,,,,,
2026-09-12T12:01:16-05:00,PUR_IED_MarFidSuarez_Info_e384d7,PUR_IED_MarFidSuarez_Info_e384d7,,,,,
2026-09-12T12:01:16-05:00,PUR_IED_MarFidSuarez_S306_1d0032,PUR_IED_MarFidSuarez_S306_1d0032,,,,,
2026-09-12T12:01:16-05:00,PUR_IED_Menorah_301_2a25a3,PUR_IED_Menorah_301_2a25a3,,,,,
2026-09-12T12:01:16-05:00,PUR_IED_Menorah_306_37ed3,PUR_IED_Menorah_306_37ed3,,,,,
2026-09-12T12:01:16-05:00,PUR_IED_Menorah_Ext_3e155b,PUR_IED_Menorah_Ext_3e155b,,,,,
2026-09-12T12:01:16-05:00,PUR_IED_MinutoB.Aires_A11_1b1604,PUR_IED_MinutoB.Aires_A11_1b1604,,,,,
2026-09-12T12:01:16-05:00,PUR_IED_MinutoB.Aires_A12_fb5860,PUR_IED_MinutoB.Aires_A12_fb5860,,,,,
2026-09-12T12:01:16-05:00,PUR_IED_MinutoB.Aires_Ext_81293f,PUR_IED_MinutoB.Aires_Ext_81293f,,,,,
2026-09-12T12:01:16-05:00,PUR_IED_MinutoBAires_A11_1b1604,PUR_IED_MinutoBAires_A11_1b1604,,,,,
2026-09-12T12:01:16-05:00,PUR_IED_MinutoBAires_A12_fb5860,PUR_IED_MinutoBAires_A12_fb5860,,,,,
2026-09-12T12:01:16-05:00,PUR_IED_MinutoBAires_Ext_81293f,PUR_IED_MinutoBAires_Ext_81293f,,,,,
2026-09-12T12:01:16-05:00,PUR_IED_Montreal_Aula10_1e4959,PUR_IED_Montreal_Aula10_1e4959,,,,,
2026-09-12T12:01:16-05:00,PUR_IED_Montreal_Aula6_300367,PUR_IED_Montreal_Aula6_300367,,,,,
2026-09-12T12:01:16-05:00,PUR_IED_Montreal_Exterior_91a179,PUR_IED_Montreal_Exterior_91a179,,,,,
2026-09-12T12:01:16-05:00,PUR_IED_Mqgdalena_B202_5ddda3,PUR_IED_Mqgdalena_B202_5ddda3,,,,,
2026-09-12T12:01:16-05:00,PUR_IED_NACUND_Soc_dc8728,PUR_IED_NACUND_Soc_dc8728,,,,,
2026-09-12T12:01:16-05:00,PUR_IED_NACUND_ext_27ad97,PUR_IED_NACUND_ext_27ad97,,,,,
2026-09-12T12:01:16-05:00,PUR_IED_NEsperanza_Ext_d24b61,PUR_IED_NEsperanza_Ext_d24b61,,,,,
2026-09-12T12:01:16-05:00,PUR_IED_NEsperanza_SElect_7d1807,PUR_IED_NEsperanza_SElect_7d1807,,,,,
2026-09-12T12:01:16-05:00,PUR_IED_NEsperanza_SLabor_8b2d0a,PUR_IED_NEsperanza_SLabor_8b2d0a,,,,,
2026-09-12T12:01:16-05:00,PUR_IED_NacionesU_Ext_f661a9,PUR_IED_NacionesU_Ext_f661a9,,,,,
2026-09-12T12:01:16-05:00,PUR_IED_NacionesU_Quimica_66f0a,PUR_IED_NacionesU_Quimica_66f0a,,,,,
2026-09-12T12:01:16-05:00,PUR_IED_NacionesU_S306_1b4b3d,PUR_IED_NacionesU_S306_1b4b3d,,,,,
2026-09-12T12:01:16-05:00,PUR_IED_NestorFA_Ext_e4201c,PUR_IED_NestorFA_Ext_e4201c,,,,,
2026-09-12T12:01:16-05:00,PUR_IED_NestorFA_Laborato_f22fe0,PUR_IED_NestorFA_Laborato_f22fe0,,,,,
2026-09-12T12:01:16-05:00,PUR_IED_NestorFA_S204_dee996,PUR_IED_NestorFA_S204_dee996,,,,,
2026-09-12T12:01:16-05:00,PUR_IED_NidyaQT_Aula03_76999b,PUR_IED_NidyaQT_Aula03_76999b,,,,,
2026-09-12T12:01:16-05:00,PUR_IED_NidyaQT_Aula10_56325,PUR_IED_NidyaQT_Aula10_56325,,,,,
2026-09-12T12:01:16-05:00,PUR_IED_NidyaQT_Ext_46e32d,PUR_IED_NidyaQT_Ext_46e32d,,,,,
2026-09-12T12:01:16-05:00,PUR_IED_NuevaCol_Exterior_d9b859,PUR_IED_NuevaCol_Exterior_d9b859,,,,,
2026-09-12T12:01:16-05:00,PUR_IED_NuevaCol_S1101_76c43b,PUR_IED_NuevaCol_S1101_76c43b,,,,,
2026-09-12T12:01:16-05:00,PUR_IED_NuevaCol_S1102_1ce0b5,PUR_IED_NuevaCol_S1102_1ce0b5,,,,,
2026-09-12T12:01:16-05:00,PUR_IED_OEA_A202_f7e3f2,PUR_IED_OEA_A202_f7e3f2,,,,,
2026-09-12T12:01:16-05:00,PUR_IED_OEA_A203_7d1b8d,PUR_IED_OEA_A203_7d1b8d,,,,,
2026-09-12T12:01:16-05:00,PUR_IED_OEA_Ext_27b593,PUR_IED_OEA_Ext_27b593,,,,,
2026-09-12T12:01:16-05:00,PUR_IED_Ochoa_Ext_1c29da,PUR_IED_Ochoa_Ext_1c29da,,,,,
2026-09-12T12:01:16-05:00,PUR_IED_Ochoa_S205_8b1121,PUR_IED_Ochoa_S205_8b1121,,,,,
2026-09-12T12:01:16-05:00,PUR_IED_Ochoa_Sistemas_f33af6,PUR_IED_Ochoa_Sistemas_f33af6,,,,,
2026-09-12T12:01:16-05:00,PUR_IED_PQuebec_Ext_1c67c7,PUR_IED_PQuebec_Ext_1c67c7,,,,,
2026-09-12T12:01:16-05:00,PUR_IED_PQuebec_S15_23e8e2,PUR_IED_PQuebec_S15_23e8e2,,,,,
2026-09-12T12:01:16-05:00,PUR_IED_PQuebec_S16_8ec76b,PUR_IED_PQuebec_S16_8ec76b,,,,,
2026-09-12T12:01:16-05:00,PUR_IED_PabloN_Ext_49dc96,PUR_IED_PabloN_Ext_49dc96,,,,,
2026-09-12T12:01:16-05:00,PUR_IED_PabloN_S1102_4e3df5,PUR_IED_PabloN_S1102_4e3df5,,,,,
2026-09-12T12:01:16-05:00,PUR_IED_PabloN_S1103_50c94b,PUR_IED_PabloN_S1103_50c94b,,,,,
2026-09-12T12:01:16-05:00,PUR_IED_Palestina_S1101_db9198,PUR_IED_Palestina_S1101_db9198,,,,,
2026-09-12T12:01:16-05:00,PUR_IED_Palestina_S1102_dc54fa,PUR_IED_Palestina_S1102_dc54fa,,,,,
2026-09-12T12:01:16-05:00,PUR_IED_Palestina_ext_4ccce6,PUR_IED_Palestina_ext_4ccce6,,,,,
2026-09-12T12:01:16-05:00,PUR_IED_Panama_Fisica_4d0794,PUR_IED_Panama_Fisica_4d0794,,,,,
2026-09-12T12:01:16-05:00,PUR_IED_Panama_SIngles_a4077e,PUR_IED_Panama_SIngles_a4077e,,,,,
2026-09-12T12:01:16-05:00,PUR_IED_Panama_ext_4c54b4,PUR_IED_Panama_ext_4c54b4,,,,,
2026-09-12T12:01:16-05:00,PUR_IED_ParaisoM_Exterior_8cd7f0,PUR_IED_ParaisoM_Exterior_8cd7f0,,,,,
2026-09-12T12:01:16-05:00,PUR_IED_ParaisoM_Laborato_27af35,PUR_IED_ParaisoM_Laborato_27af35,,,,,
2026-09-12T12:01:16-05:00,PUR_IED_ParaisoM_S304_d1edca,PUR_IED_ParaisoM_S304_d1edca,,,,,
2026-09-12T12:01:16-05:00,PUR_IED_PorfirioBarba_Ext_301466,PUR_IED_PorfirioBarba_Ext_301466,,,,,
2026-09-12T12:01:16-05:00,PUR_IED_PorfirioBarba_S11_df6cd2,PUR_IED_PorfirioBarba_S11_df6cd2,,,,,
2026-09-12T12:01:16-05:00,PUR_IED_PorfirioBarba_S29_27a7d6,PUR_IED_PorfirioBarba_S29_27a7d6,,,,,
2026-09-12T12:01:16-05:00,PUR_IED_PradoV_Exter_8b27ad,PUR_IED_PradoV_Exter_8b27ad,,,,,
2026-09-12T12:01:16-05:00,PUR_IED_PradoV_S301_de65b5,PUR_IED_PradoV_S301_de65b5,,,,,
2026-09-12T12:01:16-05:00,PUR_IED_PradoV_S302_7d2593,PUR_IED_PradoV_S302_7d2593,,,,,
2026-09-12T12:01:16-05:00,PUR_IED_QuirogaAlz_Ext_1ddc82,PUR_IED_QuirogaAlz_Ext_1ddc82,,,,,
2026-09-12T12:01:16-05:00,PUR_IED_QuirogaAlz_S302_9926a3,PUR_IED_QuirogaAlz_S302_9926a3,,,,,
2026-09-12T12:01:16-05:00,PUR_IED_QuirogaAlz_S305_cdf1f1,PUR_IED_QuirogaAlz_S305_cdf1f1,,,,,
2026-09-12T12:01:16-05:00,PUR_IED_RGuatemala_Biling_dc53b7,PUR_IED_RGuatemala_Biling_dc53b7,,,,,
2026-09-12T12:01:16-05:00,PUR_IED_RGuatemala_Ext_1b89a3,PUR_IED_RGuatemala_Ext_1b89a3,,,,,
2026-09-12T12:01:16-05:00,PUR_IED_RGuatemala_Tecnol_281a34,PUR_IED_RGuatemala_Tecnol_281a34,,,,,
2026-09-12T12:01:16-05:00,PUR_IED_RafaNu_Ext_f7c302,PUR_IED_RafaNu_Ext_f7c302,,,,,
2026-09-12T12:01:16-05:00,PUR_IED_RafaNu_S1101_25fde,PUR_IED_RafaNu_S1101_25fde,,,,,
2026-09-12T12:01:16-05:00,PUR_IED_RafaNu_S1102_281517,PUR_IED_RafaNu_S1102_281517,,,,,
2026-09-12T12:01:16-05:00,PUR_IED_RafaelB_S305_ee2783,PUR_IED_RafaelB_S305_ee2783,,,,,
2026-09-12T12:01:16-05:00,PUR_IED_RafaelB_S306_75fe33,PUR_IED_RafaelB_S306_75fe33,,,,,
2026-09-12T12:01:16-05:00,PUR_IED_RafaelB_ext_283336,PUR_IED_RafaelB_ext_283336,2,20,54,4.6722,-74.0737
2026-09-12T12:01:16-05:00,PUR_IED_RafaelUU_Exterior_281a51,PUR_IED_RafaelUU_Exterior_281a51,,,,,
2026-09-12T12:01:16-05:00,PUR_IED_RafaelUU_Human_806b2,PUR_IED_RafaelUU_Human_806b2,,,,,
2026-09-12T12:01:16-05:00,PUR_IED_RafaelUU_Mate2_5680d4,PUR_IED_RafaelUU_Mate2_5680d4,,,,,
2026-09-12T12:01:16-05:00,PUR_IED_RamonSub_Ext_f9eeb9,PUR_IED_RamonSub_Ext_f9eeb9,,,,,
2026-09-12T12:01:16-05:00,PUR_IED_RamonSub_Media_d1f62f,PUR_IED_RamonSub_Media_d1f62f,,,,,
2026-09-12T12:01:16-05:00,PUR_IED_RamonSub_planta_51b82,PUR_IED_RamonSub_planta_51b82,,,,,
2026-09-12T12:01:16-05:00,PUR_IED_RepBoliVene_Exter_27af7c,PUR_IED_RepBoliVene_Exter_27af7c,,,,,
2026-09-12T12:01:16-05:00,PUR_IED_RepBoliVene_SCPT_5ae2ee,PUR_IED_RepBoliVene_SCPT_5ae2ee,,,,,
2026-09-12T12:01:16-05:00,PUR_IED_RepBoliVene_Socia_4b11d5,PUR_IED_RepBoliVene_Socia_4b11d5,,,,,
2026-09-12T12:01:16-05:00,PUR_IED_RepChina_Ext_76d9ee,PUR_IED_RepChina_Ext_76d9ee,,,,,
2026-09-12T12:01:16-05:00,PUR_IED_RepChina_S404_7c804c,PUR_IED_RepChina_S404_7c804c,,,,,
2026-09-12T12:01:16-05:00,PUR_IED_RepChina_S405_df2c33,PUR_IED_RepChina_S405_df2c33,,,,,
2026-09-12T12:01:16-05:00,PUR_IED_RepublicaC_Exteri_7d1ec9,PUR_IED_RepublicaC_Exteri_7d1ec9,,,,,
2026-09-12T12:01:16-05:00,PUR_IED_RepublicaC_S1101_f544b3,PUR_IED_RepublicaC_S1101_f544b3,,,,,
2026-09-12T12:01:16-05:00,PUR_IED_RepublicaC_S1102_7aafc7,PUR_IED_RepublicaC_S1102_7aafc7,,,,,
2026-09-12T12:01:16-05:00,PUR_IED_Ricaurte_Externo_a0ea1,PUR_IED_Ricaurte_Externo_a0ea1,,,,,
2026-09-12T12:01:16-05:00,PUR_IED_Ricaurte_S210_f546fd,PUR_IED_Ricaurte_S210_f546fd,,,,,
2026-09-12T12:01:16-05:00,PUR_IED_Ricaurte_S309_d4452,PUR_IED_Ricaurte_S309_d4452,,,,,
2026-09-12T12:01:16-05:00,PUR_IED_RogelioS_1102_531e69,PUR_IED_RogelioS_1102_531e69,,,,,
2026-09-12T12:01:16-05:00,PUR_IED_RogelioS_Ext_f25a18,PUR_IED_RogelioS_Ext_f25a18,,,,,
2026-09-12T12:01:16-05:00,PUR_IED_SBernardino_Ext_27aff8,PUR_IED_SBernardino_Ext_27aff8,,,,,
2026-09-12T12:01:16-05:00,PUR_IED_SBernardino_SArte_2ffd33,PUR_IED_SBernardino_SArte_2ffd33,,,,,
2026-09-12T12:01:16-05:00,PUR_IED_SBernardino_SIngl_7c7da5,PUR_IED_SBernardino_SIngl_7c7da5,,,,,
2026-09-12T12:01:16-05:00,PUR_IED_Sago_auditorio_dc9d1d,PUR_IED_Sago_auditorio_dc9d1d,,,,,
2026-09-12T12:01:16-05:00,PUR_IED_Saludcoop_Ext_95aac3,PUR_IED_Saludcoop_Ext_95aac3,,,,,
2026-09-12T12:01:16-05:00,PUR_IED_Saludcoop_InfI_90c854,PUR_IED_Saludcoop_InfI_90c854,,,,,
2026-09-12T12:01:16-05:00,PUR_IED_Saludcoop_SMedia_1b93be,PUR_IED_Saludcoop_SMedia_1b93be,,,,,
2026-09-12T12:01:16-05:00,PUR_IED_SanCarlos_1101_1a2360,PUR_IED_SanCarlos_1101_1a2360,,,,,
2026-09-12T12:01:16-05:00,PUR_IED_SanCarlos_1103_7bafb5,PUR_IED_SanCarlos_1103_7bafb5,,,,,
2026-09-12T12:01:16-05:00,PUR_IED_SanCarlos_Ext_b7cd1,PUR_IED_SanCarlos_Ext_b7cd1,,,,,
2026-09-12T12:01:16-05:00,PUR_IED_SanIgnacioBosa11a_50c26e,PUR_IED_SanIgnacioBosa11a_50c26e,,,,,
2026-09-12T12:01:16-05:00,PUR_IED_SanIgnacioBosa11b_371de8,PUR_IED_SanIgnacioBosa11b_371de8,,,,,
2026-09-12T12:01:16-05:00,PUR_IED_SanIgnacioBosaExt_ef0ffc,PUR_IED_SanIgnacioBosaExt_ef0ffc,,,,,
2026-09-12T12:01:16-05:00,PUR_IED_SanIgnacioBosa_11a_50c26e,PUR_IED_SanIgnacioBosa_11a_50c26e,,,,,
2026-09-12T12:01:16-05:00,PUR_IED_SanIgnacioBosa_Ext_ef0ffc,PUR_IED_SanIgnacioBosa_Ext_ef0ffc,,,,,
2026-09-12T12:01:16-05:00,PUR_IED_SanJoseN_intS1101_31c47f,PUR_IED_SanJoseN_intS1101_31c47f,,,,,
2026-09-12T12:01:16-05:00,PUR_IED_SanJoseUsm_Exter_f5d7e8,PUR_IED_SanJoseUsm_Exter_f5d7e8,,,,,
2026-09-12T12:01:16-05:00,PUR_IED_SanJoseUsm_Int11A_cfdef6,PUR_IED_SanJoseUsm_Int11A_cfdef6,,,,,
2026-09-12T12:01:16-05:00,PUR_IED_SilveriaR_IntB5_905349,PUR_IED_SilveriaR_IntB5_905349,,,,,
2026-09-12T12:01:16-05:00,PUR_IED_SilveriaR_IntSD14_981f93,PUR_IED_SilveriaR_IntSD14_981f93,,,,,
2026-09-12T12:01:16-05:00,PUR_IED_SilveriaR_ext_2b651d,PUR_IED_SilveriaR_ext_2b651d,,,,,
2026-09-12T12:01:16-05:00,PUR_IED_SimonB_Exterior_913975,PUR_IED_SimonB_Exterior_913975,,,,,
2026-09-12T12:01:16-05:00,PUR_IED_SimonB_LabQuimi_c56908,PUR_IED_SimonB_LabQuimi_c56908,,,,,
2026-09-12T12:01:16-05:00,PUR_IED_SimonB_informatic_a28c1,PUR_IED_SimonB_informatic_a28c1,,,,,
2026-09-12T12:01:16-05:00,PUR_IED_Sorrento_1102_315f50,PUR_IED_Sorrento_1102_315f50,,,,,
2026-09-12T12:01:16-05:00,PUR_IED_Sorrento_Minte_214eab,PUR_IED_Sorrento_Minte_214eab,,,,,
2026-09-12T12:01:16-05:00,PUR_IED_Sorrento_ext_7c3a0a,PUR_IED_Sorrento_ext_7c3a0a,,,,,
2026-09-12T12:01:16-05:00,PUR_IED_Tabora_Ext_f048ae,PUR_IED_Tabora_Ext_f048ae,,,,,
2026-09-12T12:01:16-05:00,PUR_IED_Tabora_S1102_b07752,PUR_IED_Tabora_S1102_b07752,,,,,
2026-09-12T12:01:16-05:00,PUR_IED_Tabora_S1103_d988f5,PUR_IED_Tabora_S1103_d988f5,,,,,
2026-09-12T12:01:16-05:00,PUR_IED_Tenerife_Ext_1ab188,PUR_IED_Tenerife_Ext_1ab188,,,,,
2026-09-12T12:01:16-05:00,PUR_IED_Tenerife_SDanzas_7bc02e,PUR_IED_Tenerife_SDanzas_7bc02e,,,,,
2026-09-12T12:01:16-05:00,PUR_IED_Tenerife_SIngles_7cc277,PUR_IED_Tenerife_SIngles_7cc277,,,,,
2026-09-12T12:01:16-05:00,PUR_IED_Tibabuyes_Exter_f2683d,PUR_IED_Tibabuyes_Exter_f2683d,,,,,
2026-09-12T12:01:16-05:00,PUR_IED_Tibabuyes_S10_dc87a8,PUR_IED_Tibabuyes_S10_dc87a8,,,,,
2026-09-12T12:01:16-05:00,PUR_IED_Tibabuyes_S15_dc0526,PUR_IED_Tibabuyes_S15_dc0526,,,,,
2026-09-12T12:01:16-05:00,PUR_IED_UnionE_S301_a1043,PUR_IED_UnionE_S301_a1043,,,,,
2026-09-12T12:01:16-05:00,PUR_IED_UnionE_S307_ff6c2f,PUR_IED_UnionE_S307_ff6c2f,,,,,
2026-09-12T12:01:16-05:00,PUR_IED_UnionE__Ext_5e2468,PUR_IED_UnionE__Ext_5e2468,,,,,
2026-09-12T12:01:16-05:00,PUR_IED_VillaRica_Ext_75be7c,PUR_IED_VillaRica_Ext_75be7c,,,,,
2026-09-12T12:01:16-05:00,PUR_IED_VillaRica_S4_cc5dcd,PUR_IED_VillaRica_S4_cc5dcd,,,,,
2026-09-12T12:01:16-05:00,PUR_IED_VillaRica_Sesp_99f5c,PUR_IED_VillaRica_Sesp_99f5c,,,,,
2026-09-12T12:06:08-05:00,PUR_IED_20deJulio_1101_91b1b9,PUR_IED_20deJulio_1101_91b1b9,,,,,
2026-09-12T12:06:08-05:00,PUR_IED_20deJulio_1102_1cfcf9,PUR_IED_20deJulio_1102_1cfcf9,,,,,
2026-09-12T12:06:08-05:00,PUR_IED_20deJulio_Ext_ab60bd,PUR_IED_20deJulio_Ext_ab60bd,,,,,
2026-09-12T12:06:08-05:00,PUR_IED_AgustinFer_Ext_7b9b77,PUR_IED_AgustinFer_Ext_7b9b77,,,,,
2026-09-12T12:06:08-05:00,PUR_IED_AgustinFer_Info2_27b3a7,PUR_IED_AgustinFer_Info2_27b3a7,,,,,
2026-09-12T12:06:08-05:00,PUR_IED_AgustinFer_Sena_54b4eb,PUR_IED_AgustinFer_Sena_54b4eb,,,,,
2026-09-12T12:06:08-05:00,PUR_IED_AlexanderF_1102_caf07b,PUR_IED_AlexanderF_1102_caf07b,,,,,
2026-09-12T12:06:08-05:00,PUR_IED_AlexanderF_1103_c79e71,PUR_IED_AlexanderF_1103_c79e71,,,,,
2026-09-12T12:06:08-05:00,PUR_IED_AlexanderF_Ext_c5b18b,PUR_IED_AlexanderF_Ext_c5b18b,,,,,
2026-09-12T12:06:08-05:00,PUR_IED_AlfonsoLopez_Ext_281d77,PUR_IED_AlfonsoLopez_Ext_281d77,,,,,
2026-09-12T12:06:08-05:00,PUR_IED_AlfonsoLopez_LabF_888ce0,PUR_IED_AlfonsoLopez_LabF_888ce0,,,,,
2026-09-12T12:06:08-05:00,PUR_IED_AlfonsoLopez_SMed_df6a7f,PUR_IED_AlfonsoLopez_SMed_df6a7f,,,,,
2026-09-12T12:06:08-05:00,PUR_IED_AltamiraSO_A2_209f92,PUR_IED_AltamiraSO_A2_209f92,,,,,
2026-09-12T12:06:08-05:00,PUR_IED_AltamiraSO_Ext_186d66,PUR_IED_AltamiraSO_Ext_186d66,,,,,
2026-09-12T12:06:08-05:00,PUR_IED_AltamiraSO_Sistem_27afe1,PUR_IED_AltamiraSO_Sistem_27afe1,,,,,
2026-09-12T12:06:08-05:00,PUR_IED_AlvaroGom_LabQuim_813179,PUR_IED_AlvaroGom_LabQuim_813179,,,,,
2026-09-12T12:06:08-05:00,PUR_IED_AlvaroGomez_Ext_47c7ca,PUR_IED_AlvaroGomez_Ext_47c7ca,,,,,
2026-09-12T12:06:08-05:00,PUR_IED_AlvaroGomez_LabQuim_813179,PUR_IED_AlvaroGomez_LabQuim_813179,,,,,
2026-09-12T12:06:08-05:00,PUR_IED_AlvaroGomez_S23_7ba89f,PUR_IED_AlvaroGomez_S23_7ba89f,,,,,
2026-09-12T12:06:08-05:00,PUR_IED_Amistad_306_dc8728,PUR_IED_Amistad_306_dc8728,,,,,
2026-09-12T12:06:08-05:00,PUR_IED_Amistad_Ext_8cd55e,PUR_IED_Amistad_Ext_8cd55e,,,,,
2026-09-12T12:06:08-05:00,PUR_IED_Amistad_S202_a41169,PUR_IED_Amistad_S202_a41169,,,,,
2026-09-12T12:06:08-05:00,PUR_IED_AndresBello_Bio_fd5f5e,PUR_IED_AndresBello_Bio_fd5f5e,,,,,
2026-09-12T12:06:08-05:00,PUR_IED_AndresBello_ext_dcad65,PUR_IED_AndresBello_ext_dcad65,,,,,
2026-09-12T12:06:08-05:00,PUR_IED_AndresBello_port_eed3ec,PUR_IED_AndresBello_port_eed3ec,,,,,
2026-09-12T12:06:08-05:00,PUR_IED_AngelaR_11b_d90a6b,PUR_IED_AngelaR_11b_d90a6b,,,,,
2026-09-12T12:06:08-05:00,PUR_IED_AngelaR_ext_7cad3e,PUR_IED_AngelaR_ext_7cad3e,,,,,
2026-09-12T12:06:08-05:00,PUR_IED_AntJoseSucre_10mo_df2575,PUR_IED_AntJoseSucre_10mo_df2575,,,,,
2026-09-12T12:06:08-05:00,PUR_IED_AntJoseSucre_Ext_215b36,PUR_IED_AntJoseSucre_Ext_215b36,,,,,
2026-09-12T12:06:08-05:00,PUR_IED_AntJoseSucre_Lab_3139de,PUR_IED_AntJoseSucre_Lab_3139de,,,,,
2026-09-12T12:06:08-05:00,PUR_IED_AntonioGarcia_301_d6b188,PUR_IED_AntonioGarcia_301_d6b188,,,,,
2026-09-12T12:06:08-05:00,PUR_IED_AntonioGarcia_302_88a82,PUR_IED_AntonioGarcia_302_88a82,,,,,
2026-09-12T12:06:08-05:00,PUR_IED_AntonioGarcia_Ext_20950c,PUR_IED_AntonioGarcia_Ext_20950c,,,,,
2026-09-12T12:06:08-05:00,PUR_IED_AntonioVan_Aula2_6dea02,PUR_IED_AntonioVan_Aula2_6dea02,,,,,
2026-09-12T12:06:08-05:00,PUR_IED_AntonioVan_Aula5_f1557e,PUR_IED_AntonioVan_Aula5_f1557e,,,,,
2026-09-12T12:06:08-05:00,PUR_IED_AntonioVan_Ext_406f2f,PUR_IED_AntonioVan_Ext_406f2f,,,,,
2026-09-12T12:06:08-05:00,PUR_IED_Atabanzha_Ext_cc5af9,PUR_IED_Atabanzha_Ext_cc5af9,,,,,
2026-09-12T12:06:08-05:00,PUR_IED_Atabanzha_SA101_56c37,PUR_IED_Atabanzha_SA101_56c37,,,,,
2026-09-12T12:06:08-05:00,PUR_IED_Atabanzha_SB302_27b374,PUR_IED_Atabanzha_SB302_27b374,,,,,
2026-09-12T12:06:08-05:00,PUR_IED_Atahualpa_Ext_fc1748,PUR_IED_Atahualpa_Ext_fc1748,,,,,
2026-09-12T12:06:08-05:00,PUR_IED_Atahualpa_Informa_dc9a95,PUR_IED_Atahualpa_Informa_dc9a95,,,,,
2026-09-12T12:06:08-05:00,PUR_IED_Atahualpa_S1101_f98056,PUR_IED_Atahualpa_S1101_f98056,,,,,
2026-09-12T12:06:08-05:00,PUR_IED_Bellavista_Ext_f5aa74,PUR_IED_Bellavista_Ext_f5aa74,,,,,
2026-09-12T12:06:08-05:00,PUR_IED_Bilbao_11A_916c41,PUR_IED_Bilbao_11A_916c41,,,,,
2026-09-12T12:06:08-05:00,PUR_IED_Bilbao_Ext_fb579a,PUR_IED_Bilbao_Ext_fb579a,,,,,
2026-09-12T12:06:08-05:00,PUR_IED_BrasiliaU_A125_304280,PUR_IED_BrasiliaU_A125_304280,,,,,
2026-09-12T12:06:08-05:00,PUR_IED_BrasiliaU_A203_7c8ca5,PUR_IED_BrasiliaU_A203_7c8ca5,,,,,
2026-09-12T12:06:08-05:00,PUR_IED_BrasiliaU_Ext_8d6e9f,PUR_IED_BrasiliaU_Ext_8d6e9f,3,20,56,4.5175,-74.116302
2026-09-12T12:06:08-05:00,PUR_IED_Brasilia_Ext_fe6593,PUR_IED_Brasilia_Ext_fe6593,,,,,
2026-09-12T12:06:08-05:00,PUR_IED_Brasilia_S24_7c130d,PUR_IED_Brasilia_S24_7c130d,,,,,
2026-09-12T12:06:08-05:00,PUR_IED_Brasilia_S501_186a54,PUR_IED_Brasilia_S501_186a54,,,,,
2026-09-12T12:06:08-05:00,PUR_IED_CHARRY_EXT_f1d5cd,PUR_IED_CHARRY_EXT_f1d5cd,,,,,
2026-09-12T12:06:08-05:00,PUR_IED_CHARRY_INTDANZAS_7a08e6,PUR_IED_CHARRY_INTDANZAS_7a08e6,,,,,
2026-09-12T12:06:08-05:00,PUR_IED_CHARRY_INT_AULA20_dc998d,PUR_IED_CHARRY_INT_AULA20_dc998d,,,,,
2026-09-12T12:06:08-05:00,PUR_IED_COLVIV_1101_S25_7f520a,PUR_IED_COLVIV_1101_S25_7f520a,,,,,
2026-09-12T12:06:08-05:00,PUR_IED_COLVIV_1102_S16_f570ba,PUR_IED_COLVIV_1102_S16_f570ba,,,,,
2026-09-12T12:06:08-05:00,PUR_IED_COLVIV_Ext_1a26fa,PUR_IED_COLVIV_Ext_1a26fa,,,,,
2026-09-12T12:06:08-05:00,PUR_IED_CULPOP_301A_f660f3,PUR_IED_CULPOP_301A_f660f3,,,,,
2026-09-12T12:06:08-05:00,PUR_IED_CULPOP_303_568afe,PUR_IED_CULPOP_303_568afe,,,,,
2026-09-12T12:06:08-05:00,PUR_IED_CULPOP_Ext_e02ccb,PUR_IED_CULPOP_Ext_e02ccb,,,,,
2026-09-12T12:06:08-05:00,PUR_IED_CVillavicen_Ext_26eb58,PUR_IED_CVillavicen_Ext_26eb58,4,18,72,4.487,-74.102798
2026-09-12T12:06:08-05:00,PUR_IED_CVillavicen_Intel_1ce5c2,PUR_IED_CVillavicen_Intel_1ce5c2,,,,,
2026-09-12T12:06:08-05:00,PUR_IED_CVillavicen_Poliv_e0766c,PUR_IED_CVillavicen_Poliv_e0766c,,,,,
2026-09-12T12:06:08-05:00,PUR_IED_CVillavicen_int_1ba140,PUR_IED_CVillavicen_int_1ba140,,,,,
2026-09-12T12:06:08-05:00,PUR_IED_CVillavicen_intel_1ba140,PUR_IED_CVillavicen_intel_1ba140,,,,,
2026-09-12T12:06:08-05:00,PUR_IED_CarlosPizarro_Ext_e307cc,PUR_IED_CarlosPizarro_Ext_e307cc,,,,,
2026-09-12T12:06:08-05:00,PUR_IED_CarlosPizarro_L36_7e5cdb,PUR_IED_CarlosPizarro_L36_7e5cdb,,,,,
2026-09-12T12:06:08-05:00,PUR_IED_CarlosPizarro_L37_c8566c,PUR_IED_CarlosPizarro_L37_c8566c,,,,,
2026-09-12T12:06:08-05:00,PUR_IED_Castilla_Ext_cf35f,PUR_IED_Castilla_Ext_cf35f,,,,,
2026-09-12T12:06:08-05:00,PUR_IED_Castilla_SFisik_360e38,PUR_IED_Castilla_SFisik_360e38,,,,,
2026-09-12T12:06:08-05:00,PUR_IED_Castilla_Sc304_496fbf,PUR_IED_Castilla_Sc304_496fbf,,,,,
2026-09-12T12:06:08-05:00,PUR_IED_CervantesSa_Ext_6b57b,PUR_IED_CervantesSa_Ext_6b57b,2,21,60,4.5128,-74.117203
2026-09-12T12:06:08-05:00,PUR_IED_CervantesSa_S107_225c2b,PUR_IED_CervantesSa_S107_225c2b,,,,,
2026-09-12T12:06:08-05:00,PUR_IED_CervantesSa_S108_940925,PUR_IED_CervantesSa_S108_940925,,,,,
2026-09-12T12:06:08-05:00,PUR_IED_Charry_A20_f53e7c,PUR_IED_Charry_A20_f53e7c,,,,,
2026-09-12T12:06:08-05:00,PUR_IED_Charry_Ext_f1d5cd,PUR_IED_Charry_Ext_f1d5cd,,,,,
2026-09-12T12:06:08-05:00,PUR_IED_Charry_IntAula20_dc998d,PUR_IED_Charry_IntAula20_dc998d,,,,,
2026-09-12T12:06:08-05:00,PUR_IED_Charry_IntDanzas_7a08e6,PUR_IED_Charry_IntDanzas_7a08e6,,,,,
2026-09-12T12:06:08-05:00,PUR_IED_ClememciaC_203_43e2fc,PUR_IED_ClememciaC_203_43e2fc,,,,,
2026-09-12T12:06:08-05:00,PUR_IED_ClememciaC_Ext_1b411a,PUR_IED_ClememciaC_Ext_1b411a,,,,,
2026-09-12T12:06:08-05:00,PUR_IED_ClememciaC_Quimic_44b5fc,PUR_IED_ClememciaC_Quimic_44b5fc,,,,,
2026-09-12T12:06:08-05:00,PUR_IED_ClemenciaC_203_43e2fc,PUR_IED_ClemenciaC_203_43e2fc,,,,,
2026-09-12T12:06:08-05:00,PUR_IED_ClemenciaC_Ext_1b411a,PUR_IED_ClemenciaC_Ext_1b411a,,,,,
2026-09-12T12:06:08-05:00,PUR_IED_ClemenciaC_Quimic_44b5fc,PUR_IED_ClemenciaC_Quimic_44b5fc,,,,,
2026-09-12T12:06:08-05:00,PUR_IED_ColViva_1101_S25_7f520a,PUR_IED_ColViva_1101_S25_7f520a,,,,,
2026-09-12T12:06:08-05:00,PUR_IED_ColViva_1102_S16_f570ba,PUR_IED_ColViva_1102_S16_f570ba,,,,,
2026-09-12T12:06:08-05:00,PUR_IED_ColViva_Ext_1a26fa,PUR_IED_ColViva_Ext_1a26fa,,,,,
2026-09-12T12:06:08-05:00,PUR_IED_ColegioBici_Asist_7c8798,PUR_IED_ColegioBici_Asist_7c8798,,,,,
2026-09-12T12:06:08-05:00,PUR_IED_ColegioBici_Ext_25cbf6,PUR_IED_ColegioBici_Ext_25cbf6,,,,,
2026-09-12T12:06:08-05:00,PUR_IED_ColegioBici_LabQ_7b57db,PUR_IED_ColegioBici_LabQ_7b57db,,,,,
2026-09-12T12:06:08-05:00,PUR_IED_CostaRica_Ext_5e640,PUR_IED_CostaRica_Ext_5e640,,,,,
2026-09-12T12:06:08-05:00,PUR_IED_CostaRica_Quim1_766d1c,PUR_IED_CostaRica_Quim1_766d1c,,,,,
2026-09-12T12:06:08-05:00,PUR_IED_CostaRica__Fisica_6f0873,PUR_IED_CostaRica__Fisica_6f0873,,,,,
2026-09-12T12:06:08-05:00,PUR_IED_CulPopu_301A_f660f3,PUR_IED_CulPopu_301A_f660f3,,,,,
2026-09-12T12:06:08-05:00,PUR_IED_CulPopu_303_568afe,PUR_IED_CulPopu_303_568afe,,,,,
2026-09-12T12:06:08-05:00,PUR_IED_CulPopu_Ext_e02ccb,PUR_IED_CulPopu_Ext_e02ccb,,,,,
2026-09-12T12:06:08-05:00,PUR_IED_Cundinamarca_Ext_f15985,PUR_IED_Cundinamarca_Ext_f15985,,,,,
2026-09-12T12:06:08-05:00,PUR_IED_Cundinamarca_Info_7aa5d7,PUR_IED_Cundinamarca_Info_7aa5d7,,,,,
2026-09-12T12:06:08-05:00,PUR_IED_Cundinamarca_Tec2_f449c7,PUR_IED_Cundinamarca_Tec2_f449c7,,,,,
2026-09-12T12:06:08-05:00,PUR_IED_DiegoM_Aula1_27b314,PUR_IED_DiegoM_Aula1_27b314,,,,,
2026-09-12T12:06:08-05:00,PUR_IED_DiegoM_Ext_d80ac8,PUR_IED_DiegoM_Ext_d80ac8,,,,,
2026-09-12T12:06:08-05:00,PUR_IED_DiegoM_S25_da928f,PUR_IED_DiegoM_S25_da928f,,,,,
2026-09-12T12:06:08-05:00,PUR_IED_ELRODEO_360881,PUR_IED_ELRODEO_360881,,,,,
2026-09-12T12:06:08-05:00,PUR_IED_ELRODEO_ext_360881,PUR_IED_ELRODEO_ext_360881,,,,,
2026-09-12T12:06:08-05:00,PUR_IED_EduardoU_Ext_1c1969,PUR_IED_EduardoU_Ext_1c1969,,,,,
2026-09-12T12:06:08-05:00,PUR_IED_EduardoU_SCiencia_4dfb94,PUR_IED_EduardoU_SCiencia_4dfb94,,,,,
2026-09-12T12:06:08-05:00,PUR_IED_EduardoU_SQuimica_5a46e7,PUR_IED_EduardoU_SQuimica_5a46e7,,,,,
2026-09-12T12:06:08-05:00,PUR_IED_ElRodeo_Aula14_676984,PUR_IED_ElRodeo_Aula14_676984,,,,,
2026-09-12T12:06:08-05:00,PUR_IED_ElRodeo_Aula16_2dd35b,PUR_IED_ElRodeo_Aula16_2dd35b,,,,,
2026-09-12T12:06:08-05:00,PUR_IED_ElRodeo_Ext_360881,PUR_IED_ElRodeo_Ext_360881,,,,,
2026-09-12T12:06:08-05:00,PUR_IED_ElRodeo_Exterior_8c6d28,PUR_IED_ElRodeo_Exterior_8c6d28,,,,,
2026-09-12T12:06:08-05:00,PUR_IED_ElRodeo_ext_360881,PUR_IED_ElRodeo_ext_360881,,,,,
2026-09-12T12:06:08-05:00,PUR_IED_EmmaReyes_Ext_987625,PUR_IED_EmmaReyes_Ext_987625,3,22,47,4.6367,-74.1511
2026-09-12T12:06:08-05:00,PUR_IED_Ensueño_Ext_7f0250,PUR_IED_Ensueño_Ext_7f0250,,,,,
2026-09-12T12:06:08-05:00,PUR_IED_EscNormal_Ext_5fef3b,PUR_IED_EscNormal_Ext_5fef3b,2,23,51,4.5852,-74.096901
2026-09-12T12:06:08-05:00,PUR_IED_EscNormal_S309_5b263,PUR_IED_EscNormal_S309_5b263,,,,,
2026-09-12T12:06:08-05:00,PUR_IED_EscNormal_S310_27b3b8,PUR_IED_EscNormal_S310_27b3b8,,,,,
2026-09-12T12:06:08-05:00,PUR_IED_Evangelista_Conta_f6cd4f,PUR_IED_Evangelista_Conta_f6cd4f,,,,,
2026-09-12T12:06:08-05:00,PUR_IED_Evangelista_Cri_5e16a,PUR_IED_Evangelista_Cri_5e16a,,,,,
2026-09-12T12:06:08-05:00,PUR_IED_Evangelista_Exter_754066,PUR_IED_Evangelista_Exter_754066,,,,,
2026-09-12T12:06:08-05:00,PUR_IED_FMiranda_S209_5cc2a3,PUR_IED_FMiranda_S209_5cc2a3,,,,,
2026-09-12T12:06:08-05:00,PUR_IED_FMiranda_S303_19e344,PUR_IED_FMiranda_S303_19e344,,,,,
2026-09-12T12:06:08-05:00,PUR_IED_FMiranda_ext_f53e7c,PUR_IED_FMiranda_ext_f53e7c,,,,,
2026-09-12T12:06:08-05:00,PUR_IED_FabioLozano_Bibli_1cee05,PUR_IED_FabioLozano_Bibli_1cee05,,,,,
2026-09-12T12:06:08-05:00,PUR_IED_FabioLozano_Ext_6ea285,PUR_IED_FabioLozano_Ext_6ea285,,,,,
2026-09-12T12:06:08-05:00,PUR_IED_FabioLozano_SLudi_f09e1e,PUR_IED_FabioLozano_SLudi_f09e1e,,,,,
2026-09-12T12:06:08-05:00,PUR_IED_FaustinoS_Aula07_27a731,PUR_IED_FaustinoS_Aula07_27a731,,,,,
2026-09-12T12:06:08-05:00,PUR_IED_FaustinoS_Ext_7b936f,PUR_IED_FaustinoS_Ext_7b936f,,,,,
2026-09-12T12:06:08-05:00,PUR_IED_FaustinoS_Fisica_da2c60,PUR_IED_FaustinoS_Fisica_da2c60,,,,,
2026-09-12T12:06:08-05:00,PUR_IED_FeGarciaLo_Ext_dc68ee,PUR_IED_FeGarciaLo_Ext_dc68ee,,,,,
2026-09-12T12:06:08-05:00,PUR_IED_FeGarciaLo_SDanza_f70a59,PUR_IED_FeGarciaLo_SDanza_f70a59,,,,,
2026-09-12T12:06:08-05:00,PUR_IED_FeGarciaLo_SMusic_125cdd,PUR_IED_FeGarciaLo_SMusic_125cdd,,,,,
2026-09-12T12:06:08-05:00,PUR_IED_FederalAlema_Exte_50c345,PUR_IED_FederalAlema_Exte_50c345,,,,,
2026-09-12T12:06:08-05:00,PUR_IED_FederalAlema_S31_f18371,PUR_IED_FederalAlema_S31_f18371,,,,,
2026-09-12T12:06:08-05:00,PUR_IED_FederalAlema_S901_a62cd,PUR_IED_FederalAlema_S901_a62cd,,,,,
2026-09-12T12:06:08-05:00,PUR_IED_FilarmonicaS_A5_f35eb1,PUR_IED_FilarmonicaS_A5_f35eb1,,,,,
2026-09-12T12:06:08-05:00,PUR_IED_FilarmonicaS_Ext_8a3bde,PUR_IED_FilarmonicaS_Ext_8a3bde,,,,,
2026-09-12T12:06:08-05:00,PUR_IED_FilarmonicaS_Spol_406114,PUR_IED_FilarmonicaS_Spol_406114,,,,,
2026-09-12T12:06:08-05:00,PUR_IED_FlorentinoG_A13_d1fa59,PUR_IED_FlorentinoG_A13_d1fa59,,,,,
2026-09-12T12:06:08-05:00,PUR_IED_FlorentinoG_Ext_1ce6ce,PUR_IED_FlorentinoG_Ext_1ce6ce,,,,,
2026-09-12T12:06:08-05:00,PUR_IED_FlorentinoG_Idiom_a66aac,PUR_IED_FlorentinoG_Idiom_a66aac,,,,,
2026-09-12T12:06:08-05:00,PUR_IED_FranciscoMati_Ext_e3869d,PUR_IED_FranciscoMati_Ext_e3869d,,,,,
2026-09-12T12:06:08-05:00,PUR_IED_FranciscoMati_S13_f31c67,PUR_IED_FranciscoMati_S13_f31c67,,,,,
2026-09-12T12:06:08-05:00,PUR_IED_FranciscoMati_S14_97dead,PUR_IED_FranciscoMati_S14_97dead,,,,,
2026-09-12T12:06:08-05:00,PUR_IED_FranciscoPS_Ext_7bfa9a,PUR_IED_FranciscoPS_Ext_7bfa9a,2,23,49,4.5899,-74.110397
2026-09-12T12:06:08-05:00,PUR_IED_FranciscoPS_Infor_fb8f4c,PUR_IED_FranciscoPS_Infor_fb8f4c,,,,,
2026-09-12T12:06:08-05:00,PUR_IED_FranciscoPS_Quimi_94d39c,PUR_IED_FranciscoPS_Quimi_94d39c,,,,,
2026-09-12T12:06:08-05:00,PUR_IED_FranciscoP_LabQ_d7e148,PUR_IED_FranciscoP_LabQ_d7e148,,,,,
2026-09-12T12:06:08-05:00,PUR_IED_FranciscoP_S28_cf9b30,PUR_IED_FranciscoP_S28_cf9b30,,,,,
2026-09-12T12:06:08-05:00,PUR_IED_FranciscoP_ext_e2313,PUR_IED_FranciscoP_ext_e2313,,,,,
2026-09-12T12:06:08-05:00,PUR_IED_FriederichN_Ext_8ac92a,PUR_IED_FriederichN_Ext_8ac92a,,,,,
2026-09-12T12:06:08-05:00,PUR_IED_FriederichN_S301_dd7e5a,PUR_IED_FriederichN_S301_dd7e5a,,,,,
2026-09-12T12:06:08-05:00,PUR_IED_FriederichN_S308_761f4f,PUR_IED_FriederichN_S308_761f4f,,,,,
2026-09-12T12:06:08-05:00,PUR_IED_GSantander_Aula10_533dd7,PUR_IED_GSantander_Aula10_533dd7,,,,,
2026-09-12T12:06:08-05:00,PUR_IED_GSantander_Aula12_fd4e4f,PUR_IED_GSantander_Aula12_fd4e4f,,,,,
2026-09-12T12:06:08-05:00,PUR_IED_GSantander_Aula310_533dd7,PUR_IED_GSantander_Aula310_533dd7,,,,,
2026-09-12T12:06:08-05:00,PUR_IED_GSantander_Aula312_fd4e4f,PUR_IED_GSantander_Aula312_fd4e4f,,,,,
2026-09-12T12:06:08-05:00,PUR_IED_GSantander_Ext_5f66b0,PUR_IED_GSantander_Ext_5f66b0,,,,,
2026-09-12T12:06:08-05:00,PUR_IED_GYomasa_Ext_f6bea5,PUR_IED_GYomasa_Ext_f6bea5,,,,,
2026-09-12T12:06:08-05:00,PUR_IED_GYomasa_LBiol_2c41aa,PUR_IED_GYomasa_LBiol_2c41aa,,,,,
2026-09-12T12:06:08-05:00,PUR_IED_GYomasa_LQuim_33c80,PUR_IED_GYomasa_LQuim_33c80,,,,,
2026-09-12T12:06:08-05:00,PUR_IED_GabBetMejia_Cienc_5a99c,PUR_IED_GabBetMejia_Cienc_5a99c,,,,,
2026-09-12T12:06:08-05:00,PUR_IED_GabBetMejia_Ext_9153d0,PUR_IED_GabBetMejia_Ext_9153d0,,,,,
2026-09-12T12:06:08-05:00,PUR_IED_GabBetMejia_Lab_f55347,PUR_IED_GabBetMejia_Lab_f55347,,,,,
2026-09-12T12:06:08-05:00,PUR_IED_GabBetanMejia_Ext_9153d0,PUR_IED_GabBetanMejia_Ext_9153d0,,,,,
2026-09-12T12:06:08-05:00,PUR_IED_Gaitana_Aula13_7aac11,PUR_IED_Gaitana_Aula13_7aac11,,,,,
2026-09-12T12:06:08-05:00,PUR_IED_Gaitana_Ext_5fcf4,PUR_IED_Gaitana_Ext_5fcf4,,,,,
2026-09-12T12:06:08-05:00,PUR_IED_Gaitana_LabFisica_644448,PUR_IED_Gaitana_LabFisica_644448,,,,,
2026-09-12T12:06:08-05:00,PUR_IED_GenSantander_Dise_8ac858,PUR_IED_GenSantander_Dise_8ac858,,,,,
2026-09-12T12:06:08-05:00,PUR_IED_GenSantander_Ext_8d5dfe,PUR_IED_GenSantander_Ext_8d5dfe,,,,,
2026-09-12T12:06:08-05:00,PUR_IED_GenSantander_Info_6c25b,PUR_IED_GenSantander_Info_6c25b,,,,,
2026-09-12T12:06:08-05:00,PUR_IED_GustavoMo_Exterio_75e63d,PUR_IED_GustavoMo_Exterio_75e63d,,,,,
2026-09-12T12:06:08-05:00,PUR_IED_GustavoMo_LabFisi_224d37,PUR_IED_GustavoMo_LabFisi_224d37,,,,,
2026-09-12T12:06:08-05:00,PUR_IED_GustavoMo_S208_3e6918,PUR_IED_GustavoMo_S208_3e6918,,,,,
2026-09-12T12:06:08-05:00,PUR_IED_GustavoR_A02_8cd4a8,PUR_IED_GustavoR_A02_8cd4a8,,,,,
2026-09-12T12:06:08-05:00,PUR_IED_GustavoR_B11_5b0ed,PUR_IED_GustavoR_B11_5b0ed,,,,,
2026-09-12T12:06:08-05:00,PUR_IED_GustavoR_Ext_7a0c90,PUR_IED_GustavoR_Ext_7a0c90,,,,,
2026-09-12T12:06:08-05:00,PUR_IED_HernandoDuran_Ext_8cd82b,PUR_IED_HernandoDuran_Ext_8cd82b,,,,,
2026-09-12T12:06:08-05:00,PUR_IED_HernandoDuran_S24_2772c6,PUR_IED_HernandoDuran_S24_2772c6,,,,,
2026-09-12T12:06:08-05:00,PUR_IED_HernandoDuran_S30_f2de41,PUR_IED_HernandoDuran_S30_f2de41,,,,,
2026-09-12T12:06:08-05:00,PUR_IED_HolguInUr_S1101_8cd732,PUR_IED_HolguInUr_S1101_8cd732,,,,,
2026-09-12T12:06:08-05:00,PUR_IED_HolguinUr_Exter_ddae6d,PUR_IED_HolguinUr_Exter_ddae6d,,,,,
2026-09-12T12:06:08-05:00,PUR_IED_HolguinUr_LabQuim_92b952,PUR_IED_HolguinUr_LabQuim_92b952,,,,,
2026-09-12T12:06:08-05:00,PUR_IED_Isabel-II_Ext_5245cc,PUR_IED_Isabel-II_Ext_5245cc,2,21,51,4.6336,-74.153
2026-09-12T12:06:08-05:00,PUR_IED_Isabel-II_S_idiom_1c29aa,PUR_IED_Isabel-II_S_idiom_1c29aa,,,,,
2026-09-12T12:06:08-05:00,PUR_IED_Isabel-II_S_infor_fd741,PUR_IED_Isabel-II_S_infor_fd741,,,,,
2026-09-12T12:06:08-05:00,PUR_IED_IsidroSur_Exterio_5b90ea,PUR_IED_IsidroSur_Exterio_5b90ea,,,,,
2026-09-12T12:06:08-05:00,PUR_IED_IsidroSur_LabTec_56697a,PUR_IED_IsidroSur_LabTec_56697a,,,,,
2026-09-12T12:06:08-05:00,PUR_IED_IsidroSur_Robotic_b7c38f,PUR_IED_IsidroSur_Robotic_b7c38f,,,,,
2026-09-12T12:06:08-05:00,PUR_IED_IsmaelPerd_Ext_7b6672,PUR_IED_IsmaelPerd_Ext_7b6672,,,,,
2026-09-12T12:06:08-05:00,PUR_IED_IsmaelPerd_Inform_306540,PUR_IED_IsmaelPerd_Inform_306540,,,,,
2026-09-12T12:06:08-05:00,PUR_IED_IsmaelPerd_S30_2e2c83,PUR_IED_IsmaelPerd_S30_2e2c83,,,,,
2026-09-12T12:06:08-05:00,PUR_IED_JLozano_Exter_432910,PUR_IED_JLozano_Exter_432910,,,,,
2026-09-12T12:06:08-05:00,PUR_IED_JLozano_salaMulti_df5125,PUR_IED_JLozano_salaMulti_df5125,,,,,
2026-09-12T12:06:08-05:00,PUR_IED_JMCordoba_206_86f80b,PUR_IED_JMCordoba_206_86f80b,,,,,
2026-09-12T12:06:08-05:00,PUR_IED_JMCordoba_Ext_27ad97,PUR_IED_JMCordoba_Ext_27ad97,,,,,
2026-09-12T12:06:08-05:00,PUR_IED_JMCordoba_S310_d59ab4,PUR_IED_JMCordoba_S310_d59ab4,,,,,
2026-09-12T12:06:08-05:00,PUR_IED_Japon_Ext_549100,PUR_IED_Japon_Ext_549100,,,,,
2026-09-12T12:06:08-05:00,PUR_IED_Japon_Laboratorio_bec51d,PUR_IED_Japon_Laboratorio_bec51d,,,,,
2026-09-12T12:06:08-05:00,PUR_IED_Japon_informatica_d99327,PUR_IED_Japon_informatica_d99327,,,,,
2026-09-12T12:06:08-05:00,PUR_IED_Jazmin_Ext_d27bda,PUR_IED_Jazmin_Ext_d27bda,,,,,
2026-09-12T12:06:08-05:00,PUR_IED_Jazmin_Fisica_8d14d7,PUR_IED_Jazmin_Fisica_8d14d7,,,,,
2026-09-12T12:06:08-05:00,PUR_IED_Jazmin_Quimica_801cb5,PUR_IED_Jazmin_Quimica_801cb5,,,,,
2026-09-12T12:06:08-05:00,PUR_IED_JorgeGaitan_Exter_f098d1,PUR_IED_JorgeGaitan_Exter_f098d1,,,,,
2026-09-12T12:06:08-05:00,PUR_IED_JorgeGaitan_STec1_dc9d1d,PUR_IED_JorgeGaitan_STec1_dc9d1d,,,,,
2026-09-12T12:06:08-05:00,PUR_IED_JorgeGaitan_STec2_281e69,PUR_IED_JorgeGaitan_STec2_281e69,,,,,
2026-09-12T12:06:08-05:00,PUR_IED_JorgeSoto_Exterio_d9d0a2,PUR_IED_JorgeSoto_Exterio_d9d0a2,,,,,
2026-09-12T12:06:08-05:00,PUR_IED_JorgeSoto_LabFisi_209c54,PUR_IED_JorgeSoto_LabFisi_209c54,,,,,
2026-09-12T12:06:08-05:00,PUR_IED_JorgeSoto_S103_27b51a,PUR_IED_JorgeSoto_S103_27b51a,,,,,
2026-09-12T12:06:08-05:00,PUR_IED_JoseAcevedo_A02_e965eb,PUR_IED_JoseAcevedo_A02_e965eb,,,,,
2026-09-12T12:06:08-05:00,PUR_IED_JoseAcevedo_A07_dd5b4,PUR_IED_JoseAcevedo_A07_dd5b4,,,,,
2026-09-12T12:06:08-05:00,PUR_IED_JoseAcevedo_Ext_b47484,PUR_IED_JoseAcevedo_Ext_b47484,,,,,
2026-09-12T12:06:08-05:00,PUR_IED_JoseMarti_Exte_5b9bf,PUR_IED_JoseMarti_Exte_5b9bf,,,,,
2026-09-12T12:06:08-05:00,PUR_IED_JoseMarti_LabQuim_1c6c2d,PUR_IED_JoseMarti_LabQuim_1c6c2d,,,,,
2026-09-12T12:06:08-05:00,PUR_IED_JoseMarti_S_info_f5f177,PUR_IED_JoseMarti_S_info_f5f177,,,,,
2026-09-12T12:06:08-05:00,PUR_IED_Josejoaquin_Ext_dfc5dc,PUR_IED_Josejoaquin_Ext_dfc5dc,,,,,
2026-09-12T12:06:08-05:00,PUR_IED_Josejoaquin_S05_5b2a96,PUR_IED_Josejoaquin_S05_5b2a96,,,,,
2026-09-12T12:06:08-05:00,PUR_IED_Josejoaquin_S06_1ce7d2,PUR_IED_Josejoaquin_S06_1ce7d2,,,,,
2026-09-12T12:06:08-05:00,PUR_IED_JulioFlorez_Danza_9b82dd,PUR_IED_JulioFlorez_Danza_9b82dd,,,,,
2026-09-12T12:06:08-05:00,PUR_IED_JulioFlorez_Exter_f9f314,PUR_IED_JulioFlorez_Exter_f9f314,,,,,
2026-09-12T12:06:08-05:00,PUR_IED_JulioFlorez_info2_6b6e08,PUR_IED_JulioFlorez_info2_6b6e08,,,,,
2026-09-12T12:06:08-05:00,PUR_IED_LaBelleza_Aula13_1d00d8,PUR_IED_LaBelleza_Aula13_1d00d8,,,,,
2026-09-12T12:06:08-05:00,PUR_IED_LaBelleza_Ext_7bc08c,PUR_IED_LaBelleza_Ext_7bc08c,,,,,
2026-09-12T12:06:08-05:00,PUR_IED_LaChucua_Ext_8cd6d2,PUR_IED_LaChucua_Ext_8cd6d2,,,,,
2026-09-12T12:06:08-05:00,PUR_IED_LaChucua_S15_f578ce,PUR_IED_LaChucua_S15_f578ce,,,,,
2026-09-12T12:06:08-05:00,PUR_IED_LaChucua_S16_eebcf9,PUR_IED_LaChucua_S16_eebcf9,,,,,
2026-09-12T12:06:08-05:00,PUR_IED_LaFelicidad_Ext_fb5109,PUR_IED_LaFelicidad_Ext_fb5109,,,,,
2026-09-12T12:06:08-05:00,PUR_IED_LaMerced_206_66ebd,PUR_IED_LaMerced_206_66ebd,,,,,
2026-09-12T12:06:08-05:00,PUR_IED_LaMerced_207_6ebd6,PUR_IED_LaMerced_207_6ebd6,,,,,
2026-09-12T12:06:08-05:00,PUR_IED_LaMerced_ext_304311,PUR_IED_LaMerced_ext_304311,,,,,
2026-09-12T12:06:08-05:00,PUR_IED_Laureano_CiencNat_281e5e,PUR_IED_Laureano_CiencNat_281e5e,,,,,
2026-09-12T12:06:08-05:00,PUR_IED_Laureano_Comedor_f65c0a,PUR_IED_Laureano_Comedor_f65c0a,,,,,
2026-09-12T12:06:08-05:00,PUR_IED_Laureano_Exterior_7ab011,PUR_IED_Laureano_Exterior_7ab011,,,,,
2026-09-12T12:06:08-05:00,PUR_IED_LeonGreiff_Exte_dfe560,PUR_IED_LeonGreiff_Exte_dfe560,,,,,
2026-09-12T12:06:08-05:00,PUR_IED_LeonGreiff_S210_f264ed,PUR_IED_LeonGreiff_S210_f264ed,,,,,
2026-09-12T12:06:08-05:00,PUR_IED_LeonGreiff_SQuimi_e8296f,PUR_IED_LeonGreiff_SQuimi_e8296f,,,,,
2026-09-12T12:06:08-05:00,PUR_IED_LlanoOrientalS208_7b9fcd,PUR_IED_LlanoOrientalS208_7b9fcd,,,,,
2026-09-12T12:06:08-05:00,PUR_IED_LlanoOriental_Ext_fb3766,PUR_IED_LlanoOriental_Ext_fb3766,,,,,
2026-09-12T12:06:08-05:00,PUR_IED_LlanoOriental_S208_7b9fcd,PUR_IED_LlanoOriental_S208_7b9fcd,,,,,
2026-09-12T12:06:08-05:00,PUR_IED_LlanoOriental_S9_27b378,PUR_IED_LlanoOriental_S9_27b378,,,,,
2026-09-12T12:06:08-05:00,PUR_IED_LosTejares_1101_477602,PUR_IED_LosTejares_1101_477602,,,,,
2026-09-12T12:06:08-05:00,PUR_IED_LosTejares_11_d2c595,PUR_IED_LosTejares_11_d2c595,,,,,
2026-09-12T12:06:08-05:00,PUR_IED_LosTejares_12_477602,PUR_IED_LosTejares_12_477602,,,,,
2026-09-12T12:06:08-05:00,PUR_IED_LosTejares_Ext_8e2115,PUR_IED_LosTejares_Ext_8e2115,,,,,
2026-09-12T12:06:08-05:00,PUR_IED_MagdalenaO_B202_5ddda3,PUR_IED_MagdalenaO_B202_5ddda3,,,,,
2026-09-12T12:06:08-05:00,PUR_IED_MagdalenaO_B205_fb76e8,PUR_IED_MagdalenaO_B205_fb76e8,,,,,
2026-09-12T12:06:08-05:00,PUR_IED_MagdalenaO_ext_dc69cd,PUR_IED_MagdalenaO_ext_dc69cd,,,,,
2026-09-12T12:06:08-05:00,PUR_IED_ManueCepeda_artes_eee956,PUR_IED_ManueCepeda_artes_eee956,,,,,
2026-09-12T12:06:08-05:00,PUR_IED_ManuelCepeda_Ext_58313,PUR_IED_ManuelCepeda_Ext_58313,,,,,
2026-09-12T12:06:08-05:00,PUR_IED_ManuelCepeda_tec_1c5731,PUR_IED_ManuelCepeda_tec_1c5731,,,,,
2026-09-12T12:06:08-05:00,PUR_IED_ManuelS_Exterior_5b269,PUR_IED_ManuelS_Exterior_5b269,,,,,
2026-09-12T12:06:08-05:00,PUR_IED_ManuelS_Inform_f369ce,PUR_IED_ManuelS_Inform_f369ce,,,,,
2026-09-12T12:06:08-05:00,PUR_IED_ManuelS_SArtes_7d15f1,PUR_IED_ManuelS_SArtes_7d15f1,,,,,
2026-09-12T12:06:08-05:00,PUR_IED_ManuelZapata_303_3ca6,PUR_IED_ManuelZapata_303_3ca6,,,,,
2026-09-12T12:06:08-05:00,PUR_IED_ManuelZapata_311_bfbabc,PUR_IED_ManuelZapata_311_bfbabc,,,,,
2026-09-12T12:06:08-05:00,PUR_IED_ManuelZapata_Ext_50824a,PUR_IED_ManuelZapata_Ext_50824a,,,,,
2026-09-12T12:06:08-05:00,PUR_IED_ManuelitaS_Exteri_656a92,PUR_IED_ManuelitaS_Exteri_656a92,,,,,
2026-09-12T12:06:08-05:00,PUR_IED_ManuelitaS_JuzgDe_f58ec3,PUR_IED_ManuelitaS_JuzgDe_f58ec3,,,,,
2026-09-12T12:06:08-05:00,PUR_IED_ManuelitaS_Recrea_d793db,PUR_IED_ManuelitaS_Recrea_d793db,,,,,
2026-09-12T12:06:08-05:00,PUR_IED_MarFidSuarez_Ext_c27b19,PUR_IED_MarFidSuarez_Ext_c27b19,,,,,
2026-09-12T12:06:08-05:00,PUR_IED_MarFidSuarez_Info_e384d7,PUR_IED_MarFidSuarez_Info_e384d7,,,,,
2026-09-12T12:06:08-05:00,PUR_IED_MarFidSuarez_S306_1d0032,PUR_IED_MarFidSuarez_S306_1d0032,,,,,
2026-09-12T12:06:08-05:00,PUR_IED_Menorah_301_2a25a3,PUR_IED_Menorah_301_2a25a3,,,,,
2026-09-12T12:06:08-05:00,PUR_IED_Menorah_306_37ed3,PUR_IED_Menorah_306_37ed3,,,,,
2026-09-12T12:06:08-05:00,PUR_IED_Menorah_Ext_3e155b,PUR_IED_Menorah_Ext_3e155b,,,,,
2026-09-12T12:06:08-05:00,PUR_IED_MinutoB.Aires_A11_1b1604,PUR_IED_MinutoB.Aires_A11_1b1604,,,,,
2026-09-12T12:06:08-05:00,PUR_IED_MinutoB.Aires_A12_fb5860,PUR_IED_MinutoB.Aires_A12_fb5860,,,,,
2026-09-12T12:06:08-05:00,PUR_IED_MinutoB.Aires_Ext_81293f,PUR_IED_MinutoB.Aires_Ext_81293f,,,,,
2026-09-12T12:06:08-05:00,PUR_IED_MinutoBAires_A11_1b1604,PUR_IED_MinutoBAires_A11_1b1604,,,,,
2026-09-12T12:06:08-05:00,PUR_IED_MinutoBAires_A12_fb5860,PUR_IED_MinutoBAires_A12_fb5860,,,,,
2026-09-12T12:06:08-05:00,PUR_IED_MinutoBAires_Ext_81293f,PUR_IED_MinutoBAires_Ext_81293f,,,,,
2026-09-12T12:06:08-05:00,PUR_IED_Montreal_Aula10_1e4959,PUR_IED_Montreal_Aula10_1e4959,,,,,
2026-09-12T12:06:08-05:00,PUR_IED_Montreal_Aula6_300367,PUR_IED_Montreal_Aula6_300367,,,,,
2026-09-12T12:06:08-05:00,PUR_IED_Montreal_Exterior_91a179,PUR_IED_Montreal_Exterior_91a179,,,,,
2026-09-12T12:06:08-05:00,PUR_IED_Mqgdalena_B202_5ddda3,PUR_IED_Mqgdalena_B202_5ddda3,,,,,
2026-09-12T12:06:08-05:00,PUR_IED_NACUND_Soc_dc8728,PUR_IED_NACUND_Soc_dc8728,,,,,
2026-09-12T12:06:08-05:00,PUR_IED_NACUND_ext_27ad97,PUR_IED_NACUND_ext_27ad97,,,,,
2026-09-12T12:06:08-05:00,PUR_IED_NEsperanza_Ext_d24b61,PUR_IED_NEsperanza_Ext_d24b61,,,,,
2026-09-12T12:06:08-05:00,PUR_IED_NEsperanza_SElect_7d1807,PUR_IED_NEsperanza_SElect_7d1807,,,,,
2026-09-12T12:06:08-05:00,PUR_IED_NEsperanza_SLabor_8b2d0a,PUR_IED_NEsperanza_SLabor_8b2d0a,,,,,
2026-09-12T12:06:08-05:00,PUR_IED_NacionesU_Ext_f661a9,PUR_IED_NacionesU_Ext_f661a9,,,,,
2026-09-12T12:06:08-05:00,PUR_IED_NacionesU_Quimica_66f0a,PUR_IED_NacionesU_Quimica_66f0a,,,,,
2026-09-12T12:06:08-05:00,PUR_IED_NacionesU_S306_1b4b3d,PUR_IED_NacionesU_S306_1b4b3d,,,,,
2026-09-12T12:06:08-05:00,PUR_IED_NestorFA_Ext_e4201c,PUR_IED_NestorFA_Ext_e4201c,,,,,
2026-09-12T12:06:08-05:00,PUR_IED_NestorFA_Laborato_f22fe0,PUR_IED_NestorFA_Laborato_f22fe0,,,,,
2026-09-12T12:06:08-05:00,PUR_IED_NestorFA_S204_dee996,PUR_IED_NestorFA_S204_dee996,,,,,
2026-09-12T12:06:08-05:00,PUR_IED_NidyaQT_Aula03_76999b,PUR_IED_NidyaQT_Aula03_76999b,,,,,
2026-09-12T12:06:08-05:00,PUR_IED_NidyaQT_Aula10_56325,PUR_IED_NidyaQT_Aula10_56325,,,,,
2026-09-12T12:06:08-05:00,PUR_IED_NidyaQT_Ext_46e32d,PUR_IED_NidyaQT_Ext_46e32d,,,,,
2026-09-12T12:06:08-05:00,PUR_IED_NuevaCol_Exterior_d9b859,PUR_IED_NuevaCol_Exterior_d9b859,,,,,
2026-09-12T12:06:08-05:00,PUR_IED_NuevaCol_S1101_76c43b,PUR_IED_NuevaCol_S1101_76c43b,,,,,
2026-09-12T12:06:08-05:00,PUR_IED_NuevaCol_S1102_1ce0b5,PUR_IED_NuevaCol_S1102_1ce0b5,,,,,
2026-09-12T12:06:08-05:00,PUR_IED_OEA_A202_f7e3f2,PUR_IED_OEA_A202_f7e3f2,,,,,
2026-09-12T12:06:08-05:00,PUR_IED_OEA_A203_7d1b8d,PUR_IED_OEA_A203_7d1b8d,,,,,
2026-09-12T12:06:08-05:00,PUR_IED_OEA_Ext_27b593,PUR_IED_OEA_Ext_27b593,,,,,
2026-09-12T12:06:08-05:00,PUR_IED_Ochoa_Ext_1c29da,PUR_IED_Ochoa_Ext_1c29da,,,,,
2026-09-12T12:06:08-05:00,PUR_IED_Ochoa_S205_8b1121,PUR_IED_Ochoa_S205_8b1121,,,,,
2026-09-12T12:06:08-05:00,PUR_IED_Ochoa_Sistemas_f33af6,PUR_IED_Ochoa_Sistemas_f33af6,,,,,
2026-09-12T12:06:08-05:00,PUR_IED_PQuebec_Ext_1c67c7,PUR_IED_PQuebec_Ext_1c67c7,,,,,
2026-09-12T12:06:08-05:00,PUR_IED_PQuebec_S15_23e8e2,PUR_IED_PQuebec_S15_23e8e2,,,,,
2026-09-12T12:06:08-05:00,PUR_IED_PQuebec_S16_8ec76b,PUR_IED_PQuebec_S16_8ec76b,,,,,
2026-09-12T12:06:08-05:00,PUR_IED_PabloN_Ext_49dc96,PUR_IED_PabloN_Ext_49dc96,,,,,
2026-09-12T12:06:08-05:00,PUR_IED_PabloN_S1102_4e3df5,PUR_IED_PabloN_S1102_4e3df5,,,,,
2026-09-12T12:06:08-05:00,PUR_IED_PabloN_S1103_50c94b,PUR_IED_PabloN_S1103_50c94b,,,,,
2026-09-12T12:06:08-05:00,PUR_IED_Palestina_S1101_db9198,PUR_IED_Palestina_S1101_db9198,,,,,
2026-09-12T12:06:08-05:00,PUR_IED_Palestina_S1102_dc54fa,PUR_IED_Palestina_S1102_dc54fa,,,,,
2026-09-12T12:06:08-05:00,PUR_IED_Palestina_ext_4ccce6,PUR_IED_Palestina_ext_4ccce6,,,,,
2026-09-12T12:06:08-05:00,PUR_IED_Panama_Fisica_4d0794,PUR_IED_Panama_Fisica_4d0794,,,,,
2026-09-12T12:06:08-05:00,PUR_IED_Panama_SIngles_a4077e,PUR_IED_Panama_SIngles_a4077e,,,,,
2026-09-12T12:06:08-05:00,PUR_IED_Panama_ext_4c54b4,PUR_IED_Panama_ext_4c54b4,,,,,
2026-09-12T12:06:08-05:00,PUR_IED_ParaisoM_Exterior_8cd7f0,PUR_IED_ParaisoM_Exterior_8cd7f0,,,,,
2026-09-12T12:06:08-05:00,PUR_IED_ParaisoM_Laborato_27af35,PUR_IED_ParaisoM_Laborato_27af35,,,,,
2026-09-12T12:06:08-05:00,PUR_IED_ParaisoM_S304_d1edca,PUR_IED_ParaisoM_S304_d1edca,,,,,
2026-09-12T12:06:08-05:00,PUR_IED_PorfirioBarba_Ext_301466,PUR_IED_PorfirioBarba_Ext_301466,,,,,
2026-09-12T12:06:08-05:00,PUR_IED_PorfirioBarba_S11_df6cd2,PUR_IED_PorfirioBarba_S11_df6cd2,,,,,
2026-09-12T12:06:08-05:00,PUR_IED_PorfirioBarba_S29_27a7d6,PUR_IED_PorfirioBarba_S29_27a7d6,,,,,
2026-09-12T12:06:08-05:00,PUR_IED_PradoV_Exter_8b27ad,PUR_IED_PradoV_Exter_8b27ad,,,,,
2026-09-12T12:06:08-05:00,PUR_IED_PradoV_S301_de65b5,PUR_IED_PradoV_S301_de65b5,,,,,
2026-09-12T12:06:08-05:00,PUR_IED_PradoV_S302_7d2593,PUR_IED_PradoV_S302_7d2593,,,,,
2026-09-12T12:06:08-05:00,PUR_IED_QuirogaAlz_Ext_1ddc82,PUR_IED_QuirogaAlz_Ext_1ddc82,,,,,
2026-09-12T12:06:08-05:00,PUR_IED_QuirogaAlz_S302_9926a3,PUR_IED_QuirogaAlz_S302_9926a3,,,,,
2026-09-12T12:06:08-05:00,PUR_IED_QuirogaAlz_S305_cdf1f1,PUR_IED_QuirogaAlz_S305_cdf1f1,,,,,
2026-09-12T12:06:08-05:00,PUR_IED_RGuatemala_Biling_dc53b7,PUR_IED_RGuatemala_Biling_dc53b7,,,,,
2026-09-12T12:06:08-05:00,PUR_IED_RGuatemala_Ext_1b89a3,PUR_IED_RGuatemala_Ext_1b89a3,,,,,
2026-09-12T12:06:08-05:00,PUR_IED_RGuatemala_Tecnol_281a34,PUR_IED_RGuatemala_Tecnol_281a34,,,,,
2026-09-12T12:06:08-05:00,PUR_IED_RafaNu_Ext_f7c302,PUR_IED_RafaNu_Ext_f7c302,,,,,
2026-09-12T12:06:08-05:00,PUR_IED_RafaNu_S1101_25fde,PUR_IED_RafaNu_S1101_25fde,,,,,
2026-09-12T12:06:08-05:00,PUR_IED_RafaNu_S1102_281517,PUR_IED_RafaNu_S1102_281517,,,,,
2026-09-12T12:06:08-05:00,PUR_IED_RafaelB_S305_ee2783,PUR_IED_RafaelB_S305_ee2783,,,,,
2026-09-12T12:06:08-05:00,PUR_IED_RafaelB_S306_75fe33,PUR_IED_RafaelB_S306_75fe33,,,,,
2026-09-12T12:06:08-05:00,PUR_IED_RafaelB_ext_283336,PUR_IED_RafaelB_ext_283336,2,21,54,4.6722,-74.0737
2026-09-12T12:06:08-05:00,PUR_IED_RafaelUU_Exterior_281a51,PUR_IED_RafaelUU_Exterior_281a51,,,,,
2026-09-12T12:06:08-05:00,PUR_IED_RafaelUU_Human_806b2,PUR_IED_RafaelUU_Human_806b2,,,,,
2026-09-12T12:06:08-05:00,PUR_IED_RafaelUU_Mate2_5680d4,PUR_IED_RafaelUU_Mate2_5680d4,,,,,
2026-09-12T12:06:08-05:00,PUR_IED_RamonSub_Ext_f9eeb9,PUR_IED_RamonSub_Ext_f9eeb9,,,,,
2026-09-12T12:06:08-05:00,PUR_IED_RamonSub_Media_d1f62f,PUR_IED_RamonSub_Media_d1f62f,,,,,
2026-09-12T12:06:08-05:00,PUR_IED_RamonSub_planta_51b82,PUR_IED_RamonSub_planta_51b82,,,,,
2026-09-12T12:06:08-05:00,PUR_IED_RepBoliVene_Exter_27af7c,PUR_IED_RepBoliVene_Exter_27af7c,,,,,
2026-09-12T12:06:08-05:00,PUR_IED_RepBoliVene_SCPT_5ae2ee,PUR_IED_RepBoliVene_SCPT_5ae2ee,,,,,
2026-09-12T12:06:08-05:00,PUR_IED_RepBoliVene_Socia_4b11d5,PUR_IED_RepBoliVene_Socia_4b11d5,,,,,
2026-09-12T12:06:08-05:00,PUR_IED_RepChina_Ext_76d9ee,PUR_IED_RepChina_Ext_76d9ee,,,,,
2026-09-12T12:06:08-05:00,PUR_IED_RepChina_S404_7c804c,PUR_IED_RepChina_S404_7c804c,,,,,
2026-09-12T12:06:08-05:00,PUR_IED_RepChina_S405_df2c33,PUR_IED_RepChina_S405_df2c33,,,,,
2026-09-12T12:06:08-05:00,PUR_IED_RepublicaC_Exteri_7d1ec9,PUR_IED_RepublicaC_Exteri_7d1ec9,,,,,
2026-09-12T12:06:08-05:00,PUR_IED_RepublicaC_S1101_f544b3,PUR_IED_RepublicaC_S1101_f544b3,,,,,
2026-09-12T12:06:08-05:00,PUR_IED_RepublicaC_S1102_7aafc7,PUR_IED_RepublicaC_S1102_7aafc7,,,,,
2026-09-12T12:06:08-05:00,PUR_IED_Ricaurte_Externo_a0ea1,PUR_IED_Ricaurte_Externo_a0ea1,,,,,
2026-09-12T12:06:08-05:00,PUR_IED_Ricaurte_S210_f546fd,PUR_IED_Ricaurte_S210_f546fd,,,,,
2026-09-12T12:06:08-05:00,PUR_IED_Ricaurte_S309_d4452,PUR_IED_Ricaurte_S309_d4452,,,,,
2026-09-12T12:06:08-05:00,PUR_IED_RogelioS_1102_531e69,PUR_IED_RogelioS_1102_531e69,,,,,
2026-09-12T12:06:08-05:00,PUR_IED_RogelioS_Ext_f25a18,PUR_IED_RogelioS_Ext_f25a18,,,,,
2026-09-12T12:06:08-05:00,PUR_IED_SBernardino_Ext_27aff8,PUR_IED_SBernardino_Ext_27aff8,,,,,
2026-09-12T12:06:08-05:00,PUR_IED_SBernardino_SArte_2ffd33,PUR_IED_SBernardino_SArte_2ffd33,,,,,
2026-09-12T12:06:08-05:00,PUR_IED_SBernardino_SIngl_7c7da5,PUR_IED_SBernardino_SIngl_7c7da5,,,,,
2026-09-12T12:06:08-05:00,PUR_IED_Sago_auditorio_dc9d1d,PUR_IED_Sago_auditorio_dc9d1d,,,,,
2026-09-12T12:06:08-05:00,PUR_IED_Saludcoop_Ext_95aac3,PUR_IED_Saludcoop_Ext_95aac3,,,,,
2026-09-12T12:06:08-05:00,PUR_IED_Saludcoop_InfI_90c854,PUR_IED_Saludcoop_InfI_90c854,,,,,
2026-09-12T12:06:08-05:00,PUR_IED_Saludcoop_SMedia_1b93be,PUR_IED_Saludcoop_SMedia_1b93be,,,,,
2026-09-12T12:06:08-05:00,PUR_IED_SanCarlos_1101_1a2360,PUR_IED_SanCarlos_1101_1a2360,,,,,
2026-09-12T12:06:08-05:00,PUR_IED_SanCarlos_1103_7bafb5,PUR_IED_SanCarlos_1103_7bafb5,,,,,
2026-09-12T12:06:08-05:00,PUR_IED_SanCarlos_Ext_b7cd1,PUR_IED_SanCarlos_Ext_b7cd1,,,,,
2026-09-12T12:06:08-05:00,PUR_IED_SanIgnacioBosa11a_50c26e,PUR_IED_SanIgnacioBosa11a_50c26e,,,,,
2026-09-12T12:06:08-05:00,PUR_IED_SanIgnacioBosa11b_371de8,PUR_IED_SanIgnacioBosa11b_371de8,,,,,
2026-09-12T12:06:08-05:00,PUR_IED_SanIgnacioBosaExt_ef0ffc,PUR_IED_SanIgnacioBosaExt_ef0ffc,,,,,
2026-09-12T12:06:08-05:00,PUR_IED_SanIgnacioBosa_11a_50c26e,PUR_IED_SanIgnacioBosa_11a_50c26e,,,,,
2026-09-12T12:06:08-05:00,PUR_IED_SanIgnacioBosa_Ext_ef0ffc,PUR_IED_SanIgnacioBosa_Ext_ef0ffc,,,,,
2026-09-12T12:06:08-05:00,PUR_IED_SanJoseN_intS1101_31c47f,PUR_IED_SanJoseN_intS1101_31c47f,,,,,
2026-09-12T12:06:08-05:00,PUR_IED_SanJoseUsm_Exter_f5d7e8,PUR_IED_SanJoseUsm_Exter_f5d7e8,,,,,
2026-09-12T12:06:08-05:00,PUR_IED_SanJoseUsm_Int11A_cfdef6,PUR_IED_SanJoseUsm_Int11A_cfdef6,,,,,
2026-09-12T12:06:08-05:00,PUR_IED_SilveriaR_IntB5_905349,PUR_IED_SilveriaR_IntB5_905349,,,,,
2026-09-12T12:06:08-05:00,PUR_IED_SilveriaR_IntSD14_981f93,PUR_IED_SilveriaR_IntSD14_981f93,,,,,
2026-09-12T12:06:08-05:00,PUR_IED_SilveriaR_ext_2b651d,PUR_IED_SilveriaR_ext_2b651d,,,,,
2026-09-12T12:06:08-05:00,PUR_IED_SimonB_Exterior_913975,PUR_IED_SimonB_Exterior_913975,,,,,
2026-09-12T12:06:08-05:00,PUR_IED_SimonB_LabQuimi_c56908,PUR_IED_SimonB_LabQuimi_c56908,,,,,
2026-09-12T12:06:08-05:00,PUR_IED_SimonB_informatic_a28c1,PUR_IED_SimonB_informatic_a28c1,,,,,
2026-09-12T12:06:08-05:00,PUR_IED_Sorrento_1102_315f50,PUR_IED_Sorrento_1102_315f50,,,,,
2026-09-12T12:06:08-05:00,PUR_IED_Sorrento_Minte_214eab,PUR_IED_Sorrento_Minte_214eab,,,,,
2026-09-12T12:06:08-05:00,PUR_IED_Sorrento_ext_7c3a0a,PUR_IED_Sorrento_ext_7c3a0a,,,,,
2026-09-12T12:06:08-05:00,PUR_IED_Tabora_Ext_f048ae,PUR_IED_Tabora_Ext_f048ae,,,,,
2026-09-12T12:06:08-05:00,PUR_IED_Tabora_S1102_b07752,PUR_IED_Tabora_S1102_b07752,,,,,
2026-09-12T12:06:08-05:00,PUR_IED_Tabora_S1103_d988f5,PUR_IED_Tabora_S1103_d988f5,,,,,
2026-09-12T12:06:08-05:00,PUR_IED_Tenerife_Ext_1ab188,PUR_IED_Tenerife_Ext_1ab188,,,,,
2026-09-12T12:06:08-05:00,PUR_IED_Tenerife_SDanzas_7bc02e,PUR_IED_Tenerife_SDanzas_7bc02e,,,,,
2026-09-12T12:06:08-05:00,PUR_IED_Tenerife_SIngles_7cc277,PUR_IED_Tenerife_SIngles_7cc277,,,,,
2026-09-12T12:06:08-05:00,PUR_IED_Tibabuyes_Exter_f2683d,PUR_IED_Tibabuyes_Exter_f2683d,,,,,
2026-09-12T12:06:08-05:00,PUR_IED_Tibabuyes_S10_dc87a8,PUR_IED_Tibabuyes_S10_dc87a8,,,,,
2026-09-12T12:06:08-05:00,PUR_IED_Tibabuyes_S15_dc0526,PUR_IED_Tibabuyes_S15_dc0526,,,,,
2026-09-12T12:06:08-05:00,PUR_IED_UnionE_S301_a1043,PUR_IED_UnionE_S301_a1043,,,,,
2026-09-12T12:06:08-05:00,PUR_IED_UnionE_S307_ff6c2f,PUR_IED_UnionE_S307_ff6c2f,,,,,
2026-09-12T12:06:08-05:00,PUR_IED_UnionE__Ext_5e2468,PUR_IED_UnionE__Ext_5e2468,,,,,
2026-09-12T12:06:08-05:00,PUR_IED_VillaRica_Ext_75be7c,PUR_IED_VillaRica_Ext_75be7c,,,,,
2026-09-12T12:06:08-05:00,PUR_IED_VillaRica_S4_cc5dcd,PUR_IED_VillaRica_S4_cc5dcd,,,,,
2026-09-12T12:06:08-05:00,PUR_IED_VillaRica_Sesp_99f5c,PUR_IED_VillaRica_Sesp_99f5c,,,,,
2026-09-12T12:11:12-05:00,PUR_IED_20deJulio_1101_91b1b9,PUR_IED_20deJulio_1101_91b1b9,,,,,
2026-09-12T12:11:12-05:00,PUR_IED_20deJulio_1102_1cfcf9,PUR_IED_20deJulio_1102_1cfcf9,,,,,
2026-09-12T12:11:12-05:00,PUR_IED_20deJulio_Ext_ab60bd,PUR_IED_20deJulio_Ext_ab60bd,,,,,
2026-09-12T12:11:12-05:00,PUR_IED_AgustinFer_Ext_7b9b77,PUR_IED_AgustinFer_Ext_7b9b77,,,,,
2026-09-12T12:11:12-05:00,PUR_IED_AgustinFer_Info2_27b3a7,PUR_IED_AgustinFer_Info2_27b3a7,,,,,
2026-09-12T12:11:12-05:00,PUR_IED_AgustinFer_Sena_54b4eb,PUR_IED_AgustinFer_Sena_54b4eb,,,,,
2026-09-12T12:11:12-05:00,PUR_IED_AlexanderF_1102_caf07b,PUR_IED_AlexanderF_1102_caf07b,,,,,
2026-09-12T12:11:12-05:00,PUR_IED_AlexanderF_1103_c79e71,PUR_IED_AlexanderF_1103_c79e71,,,,,
2026-09-12T12:11:12-05:00,PUR_IED_AlexanderF_Ext_c5b18b,PUR_IED_AlexanderF_Ext_c5b18b,,,,,
2026-09-12T12:11:12-05:00,PUR_IED_AlfonsoLopez_Ext_281d77,PUR_IED_AlfonsoLopez_Ext_281d77,,,,,
2026-09-12T12:11:12-05:00,PUR_IED_AlfonsoLopez_LabF_888ce0,PUR_IED_AlfonsoLopez_LabF_888ce0,,,,,
2026-09-12T12:11:12-05:00,PUR_IED_AlfonsoLopez_SMed_df6a7f,PUR_IED_AlfonsoLopez_SMed_df6a7f,,,,,
2026-09-12T12:11:12-05:00,PUR_IED_AltamiraSO_A2_209f92,PUR_IED_AltamiraSO_A2_209f92,,,,,
2026-09-12T12:11:12-05:00,PUR_IED_AltamiraSO_Ext_186d66,PUR_IED_AltamiraSO_Ext_186d66,,,,,
2026-09-12T12:11:12-05:00,PUR_IED_AltamiraSO_Sistem_27afe1,PUR_IED_AltamiraSO_Sistem_27afe1,,,,,
2026-09-12T12:11:12-05:00,PUR_IED_AlvaroGom_LabQuim_813179,PUR_IED_AlvaroGom_LabQuim_813179,,,,,
2026-09-12T12:11:12-05:00,PUR_IED_AlvaroGomez_Ext_47c7ca,PUR_IED_AlvaroGomez_Ext_47c7ca,,,,,
2026-09-12T12:11:12-05:00,PUR_IED_AlvaroGomez_LabQuim_813179,PUR_IED_AlvaroGomez_LabQuim_813179,,,,,
2026-09-12T12:11:12-05:00,PUR_IED_AlvaroGomez_S23_7ba89f,PUR_IED_AlvaroGomez_S23_7ba89f,,,,,
2026-09-12T12:11:12-05:00,PUR_IED_Amistad_306_dc8728,PUR_IED_Amistad_306_dc8728,,,,,
2026-09-12T12:11:12-05:00,PUR_IED_Amistad_Ext_8cd55e,PUR_IED_Amistad_Ext_8cd55e,,,,,
2026-09-12T12:11:12-05:00,PUR_IED_Amistad_S202_a41169,PUR_IED_Amistad_S202_a41169,,,,,
2026-09-12T12:11:12-05:00,PUR_IED_AndresBello_Bio_fd5f5e,PUR_IED_AndresBello_Bio_fd5f5e,,,,,
2026-09-12T12:11:12-05:00,PUR_IED_AndresBello_ext_dcad65,PUR_IED_AndresBello_ext_dcad65,,,,,
2026-09-12T12:11:12-05:00,PUR_IED_AndresBello_port_eed3ec,PUR_IED_AndresBello_port_eed3ec,,,,,
2026-09-12T12:11:12-05:00,PUR_IED_AngelaR_11b_d90a6b,PUR_IED_AngelaR_11b_d90a6b,,,,,
2026-09-12T12:11:12-05:00,PUR_IED_AngelaR_ext_7cad3e,PUR_IED_AngelaR_ext_7cad3e,2,21,55,4.5825,-74.164497
2026-09-12T12:11:12-05:00,PUR_IED_AntJoseSucre_10mo_df2575,PUR_IED_AntJoseSucre_10mo_df2575,,,,,
2026-09-12T12:11:12-05:00,PUR_IED_AntJoseSucre_Ext_215b36,PUR_IED_AntJoseSucre_Ext_215b36,,,,,
2026-09-12T12:11:12-05:00,PUR_IED_AntJoseSucre_Lab_3139de,PUR_IED_AntJoseSucre_Lab_3139de,,,,,
2026-09-12T12:11:12-05:00,PUR_IED_AntonioGarcia_301_d6b188,PUR_IED_AntonioGarcia_301_d6b188,,,,,
2026-09-12T12:11:12-05:00,PUR_IED_AntonioGarcia_302_88a82,PUR_IED_AntonioGarcia_302_88a82,,,,,
2026-09-12T12:11:12-05:00,PUR_IED_AntonioGarcia_Ext_20950c,PUR_IED_AntonioGarcia_Ext_20950c,,,,,
2026-09-12T12:11:12-05:00,PUR_IED_AntonioVan_Aula2_6dea02,PUR_IED_AntonioVan_Aula2_6dea02,,,,,
2026-09-12T12:11:12-05:00,PUR_IED_AntonioVan_Aula5_f1557e,PUR_IED_AntonioVan_Aula5_f1557e,,,,,
2026-09-12T12:11:12-05:00,PUR_IED_AntonioVan_Ext_406f2f,PUR_IED_AntonioVan_Ext_406f2f,,,,,
2026-09-12T12:11:12-05:00,PUR_IED_Atabanzha_Ext_cc5af9,PUR_IED_Atabanzha_Ext_cc5af9,,,,,
2026-09-12T12:11:12-05:00,PUR_IED_Atabanzha_SA101_56c37,PUR_IED_Atabanzha_SA101_56c37,,,,,
2026-09-12T12:11:12-05:00,PUR_IED_Atabanzha_SB302_27b374,PUR_IED_Atabanzha_SB302_27b374,,,,,
2026-09-12T12:11:12-05:00,PUR_IED_Atahualpa_Ext_fc1748,PUR_IED_Atahualpa_Ext_fc1748,,,,,
2026-09-12T12:11:12-05:00,PUR_IED_Atahualpa_Informa_dc9a95,PUR_IED_Atahualpa_Informa_dc9a95,,,,,
2026-09-12T12:11:12-05:00,PUR_IED_Atahualpa_S1101_f98056,PUR_IED_Atahualpa_S1101_f98056,,,,,
2026-09-12T12:11:12-05:00,PUR_IED_Bellavista_Ext_f5aa74,PUR_IED_Bellavista_Ext_f5aa74,,,,,
2026-09-12T12:11:12-05:00,PUR_IED_Bilbao_11A_916c41,PUR_IED_Bilbao_11A_916c41,,,,,
2026-09-12T12:11:12-05:00,PUR_IED_Bilbao_Ext_fb579a,PUR_IED_Bilbao_Ext_fb579a,,,,,
2026-09-12T12:11:12-05:00,PUR_IED_BrasiliaU_A125_304280,PUR_IED_BrasiliaU_A125_304280,,,,,
2026-09-12T12:11:12-05:00,PUR_IED_BrasiliaU_A203_7c8ca5,PUR_IED_BrasiliaU_A203_7c8ca5,,,,,
2026-09-12T12:11:12-05:00,PUR_IED_BrasiliaU_Ext_8d6e9f,PUR_IED_BrasiliaU_Ext_8d6e9f,4,20,57,4.5175,-74.116302
2026-09-12T12:11:12-05:00,PUR_IED_Brasilia_Ext_fe6593,PUR_IED_Brasilia_Ext_fe6593,,,,,
2026-09-12T12:11:12-05:00,PUR_IED_Brasilia_S24_7c130d,PUR_IED_Brasilia_S24_7c130d,,,,,
2026-09-12T12:11:12-05:00,PUR_IED_Brasilia_S501_186a54,PUR_IED_Brasilia_S501_186a54,,,,,
2026-09-12T12:11:12-05:00,PUR_IED_CHARRY_EXT_f1d5cd,PUR_IED_CHARRY_EXT_f1d5cd,,,,,
2026-09-12T12:11:12-05:00,PUR_IED_CHARRY_INTDANZAS_7a08e6,PUR_IED_CHARRY_INTDANZAS_7a08e6,,,,,
2026-09-12T12:11:12-05:00,PUR_IED_CHARRY_INT_AULA20_dc998d,PUR_IED_CHARRY_INT_AULA20_dc998d,,,,,
2026-09-12T12:11:12-05:00,PUR_IED_COLVIV_1101_S25_7f520a,PUR_IED_COLVIV_1101_S25_7f520a,,,,,
2026-09-12T12:11:12-05:00,PUR_IED_COLVIV_1102_S16_f570ba,PUR_IED_COLVIV_1102_S16_f570ba,,,,,
2026-09-12T12:11:12-05:00,PUR_IED_COLVIV_Ext_1a26fa,PUR_IED_COLVIV_Ext_1a26fa,,,,,
2026-09-12T12:11:12-05:00,PUR_IED_CULPOP_301A_f660f3,PUR_IED_CULPOP_301A_f660f3,,,,,
2026-09-12T12:11:12-05:00,PUR_IED_CULPOP_303_568afe,PUR_IED_CULPOP_303_568afe,,,,,
2026-09-12T12:11:12-05:00,PUR_IED_CULPOP_Ext_e02ccb,PUR_IED_CULPOP_Ext_e02ccb,,,,,
2026-09-12T12:11:12-05:00,PUR_IED_CVillavicen_Ext_26eb58,PUR_IED_CVillavicen_Ext_26eb58,4,18,72,4.487,-74.102798
2026-09-12T12:11:12-05:00,PUR_IED_CVillavicen_Intel_1ce5c2,PUR_IED_CVillavicen_Intel_1ce5c2,,,,,
2026-09-12T12:11:12-05:00,PUR_IED_CVillavicen_Poliv_e0766c,PUR_IED_CVillavicen_Poliv_e0766c,,,,,
2026-09-12T12:11:12-05:00,PUR_IED_CVillavicen_int_1ba140,PUR_IED_CVillavicen_int_1ba140,,,,,
2026-09-12T12:11:12-05:00,PUR_IED_CVillavicen_intel_1ba140,PUR_IED_CVillavicen_intel_1ba140,,,,,
2026-09-12T12:11:12-05:00,PUR_IED_CarlosPizarro_Ext_e307cc,PUR_IED_CarlosPizarro_Ext_e307cc,,,,,
2026-09-12T12:11:12-05:00,PUR_IED_CarlosPizarro_L36_7e5cdb,PUR_IED_CarlosPizarro_L36_7e5cdb,,,,,
2026-09-12T12:11:12-05:00,PUR_IED_CarlosPizarro_L37_c8566c,PUR_IED_CarlosPizarro_L37_c8566c,,,,,
2026-09-12T12:11:12-05:00,PUR_IED_Castilla_Ext_cf35f,PUR_IED_Castilla_Ext_cf35f,,,,,
2026-09-12T12:11:12-05:00,PUR_IED_Castilla_SFisik_360e38,PUR_IED_Castilla_SFisik_360e38,,,,,
2026-09-12T12:11:12-05:00,PUR_IED_Castilla_Sc304_496fbf,PUR_IED_Castilla_Sc304_496fbf,,,,,
2026-09-12T12:11:12-05:00,PUR_IED_CervantesSa_Ext_6b57b,PUR_IED_CervantesSa_Ext_6b57b,2,20,61,4.5128,-74.117203
2026-09-12T12:11:12-05:00,PUR_IED_CervantesSa_S107_225c2b,PUR_IED_CervantesSa_S107_225c2b,,,,,
2026-09-12T12:11:12-05:00,PUR_IED_CervantesSa_S108_940925,PUR_IED_CervantesSa_S108_940925,,,,,
2026-09-12T12:11:12-05:00,PUR_IED_Charry_A20_f53e7c,PUR_IED_Charry_A20_f53e7c,,,,,
2026-09-12T12:11:12-05:00,PUR_IED_Charry_Ext_f1d5cd,PUR_IED_Charry_Ext_f1d5cd,,,,,
2026-09-12T12:11:12-05:00,PUR_IED_Charry_IntAula20_dc998d,PUR_IED_Charry_IntAula20_dc998d,,,,,
2026-09-12T12:11:12-05:00,PUR_IED_Charry_IntDanzas_7a08e6,PUR_IED_Charry_IntDanzas_7a08e6,,,,,
2026-09-12T12:11:12-05:00,PUR_IED_ClememciaC_203_43e2fc,PUR_IED_ClememciaC_203_43e2fc,,,,,
2026-09-12T12:11:12-05:00,PUR_IED_ClememciaC_Ext_1b411a,PUR_IED_ClememciaC_Ext_1b411a,,,,,
2026-09-12T12:11:12-05:00,PUR_IED_ClememciaC_Quimic_44b5fc,PUR_IED_ClememciaC_Quimic_44b5fc,,,,,
2026-09-12T12:11:12-05:00,PUR_IED_ClemenciaC_203_43e2fc,PUR_IED_ClemenciaC_203_43e2fc,,,,,
2026-09-12T12:11:12-05:00,PUR_IED_ClemenciaC_Ext_1b411a,PUR_IED_ClemenciaC_Ext_1b411a,,,,,
2026-09-12T12:11:12-05:00,PUR_IED_ClemenciaC_Quimic_44b5fc,PUR_IED_ClemenciaC_Quimic_44b5fc,,,,,
2026-09-12T12:11:12-05:00,PUR_IED_ColViva_1101_S25_7f520a,PUR_IED_ColViva_1101_S25_7f520a,,,,,
2026-09-12T12:11:12-05:00,PUR_IED_ColViva_1102_S16_f570ba,PUR_IED_ColViva_1102_S16_f570ba,,,,,
2026-09-12T12:11:12-05:00,PUR_IED_ColViva_Ext_1a26fa,PUR_IED_ColViva_Ext_1a26fa,,,,,
2026-09-12T12:11:12-05:00,PUR_IED_ColegioBici_Asist_7c8798,PUR_IED_ColegioBici_Asist_7c8798,,,,,
2026-09-12T12:11:12-05:00,PUR_IED_ColegioBici_Ext_25cbf6,PUR_IED_ColegioBici_Ext_25cbf6,,,,,
2026-09-12T12:11:12-05:00,PUR_IED_ColegioBici_LabQ_7b57db,PUR_IED_ColegioBici_LabQ_7b57db,,,,,
2026-09-12T12:11:12-05:00,PUR_IED_CostaRica_Ext_5e640,PUR_IED_CostaRica_Ext_5e640,,,,,
2026-09-12T12:11:12-05:00,PUR_IED_CostaRica_Quim1_766d1c,PUR_IED_CostaRica_Quim1_766d1c,,,,,
2026-09-12T12:11:12-05:00,PUR_IED_CostaRica__Fisica_6f0873,PUR_IED_CostaRica__Fisica_6f0873,,,,,
2026-09-12T12:11:12-05:00,PUR_IED_CulPopu_301A_f660f3,PUR_IED_CulPopu_301A_f660f3,,,,,
2026-09-12T12:11:12-05:00,PUR_IED_CulPopu_303_568afe,PUR_IED_CulPopu_303_568afe,,,,,
2026-09-12T12:11:12-05:00,PUR_IED_CulPopu_Ext_e02ccb,PUR_IED_CulPopu_Ext_e02ccb,,,,,
2026-09-12T12:11:12-05:00,PUR_IED_Cundinamarca_Ext_f15985,PUR_IED_Cundinamarca_Ext_f15985,,,,,
2026-09-12T12:11:12-05:00,PUR_IED_Cundinamarca_Info_7aa5d7,PUR_IED_Cundinamarca_Info_7aa5d7,,,,,
2026-09-12T12:11:12-05:00,PUR_IED_Cundinamarca_Tec2_f449c7,PUR_IED_Cundinamarca_Tec2_f449c7,,,,,
2026-09-12T12:11:12-05:00,PUR_IED_DiegoM_Aula1_27b314,PUR_IED_DiegoM_Aula1_27b314,,,,,
2026-09-12T12:11:12-05:00,PUR_IED_DiegoM_Ext_d80ac8,PUR_IED_DiegoM_Ext_d80ac8,,,,,
2026-09-12T12:11:12-05:00,PUR_IED_DiegoM_S25_da928f,PUR_IED_DiegoM_S25_da928f,,,,,
2026-09-12T12:11:12-05:00,PUR_IED_ELRODEO_360881,PUR_IED_ELRODEO_360881,,,,,
2026-09-12T12:11:12-05:00,PUR_IED_ELRODEO_ext_360881,PUR_IED_ELRODEO_ext_360881,,,,,
2026-09-12T12:11:12-05:00,PUR_IED_EduardoU_Ext_1c1969,PUR_IED_EduardoU_Ext_1c1969,,,,,
2026-09-12T12:11:12-05:00,PUR_IED_EduardoU_SCiencia_4dfb94,PUR_IED_EduardoU_SCiencia_4dfb94,,,,,
2026-09-12T12:11:12-05:00,PUR_IED_EduardoU_SQuimica_5a46e7,PUR_IED_EduardoU_SQuimica_5a46e7,,,,,
2026-09-12T12:11:12-05:00,PUR_IED_ElRodeo_Aula14_676984,PUR_IED_ElRodeo_Aula14_676984,,,,,
2026-09-12T12:11:12-05:00,PUR_IED_ElRodeo_Aula16_2dd35b,PUR_IED_ElRodeo_Aula16_2dd35b,,,,,
2026-09-12T12:11:12-05:00,PUR_IED_ElRodeo_Ext_360881,PUR_IED_ElRodeo_Ext_360881,,,,,
2026-09-12T12:11:12-05:00,PUR_IED_ElRodeo_Exterior_8c6d28,PUR_IED_ElRodeo_Exterior_8c6d28,,,,,
2026-09-12T12:11:12-05:00,PUR_IED_ElRodeo_ext_360881,PUR_IED_ElRodeo_ext_360881,,,,,
2026-09-12T12:11:12-05:00,PUR_IED_EmmaReyes_Ext_987625,PUR_IED_EmmaReyes_Ext_987625,2,22,47,4.6367,-74.1511
2026-09-12T12:11:12-05:00,PUR_IED_Ensueño_Ext_7f0250,PUR_IED_Ensueño_Ext_7f0250,,,,,
2026-09-12T12:11:12-05:00,PUR_IED_EscNormal_Ext_5fef3b,PUR_IED_EscNormal_Ext_5fef3b,2,23,49,4.5852,-74.096901
2026-09-12T12:11:12-05:00,PUR_IED_EscNormal_S309_5b263,PUR_IED_EscNormal_S309_5b263,,,,,
2026-09-12T12:11:12-05:00,PUR_IED_EscNormal_S310_27b3b8,PUR_IED_EscNormal_S310_27b3b8,,,,,
2026-09-12T12:11:12-05:00,PUR_IED_Evangelista_Conta_f6cd4f,PUR_IED_Evangelista_Conta_f6cd4f,,,,,
2026-09-12T12:11:12-05:00,PUR_IED_Evangelista_Cri_5e16a,PUR_IED_Evangelista_Cri_5e16a,,,,,
2026-09-12T12:11:12-05:00,PUR_IED_Evangelista_Exter_754066,PUR_IED_Evangelista_Exter_754066,,,,,
2026-09-12T12:11:12-05:00,PUR_IED_FMiranda_S209_5cc2a3,PUR_IED_FMiranda_S209_5cc2a3,,,,,
2026-09-12T12:11:12-05:00,PUR_IED_FMiranda_S303_19e344,PUR_IED_FMiranda_S303_19e344,,,,,
2026-09-12T12:11:12-05:00,PUR_IED_FMiranda_ext_f53e7c,PUR_IED_FMiranda_ext_f53e7c,,,,,
2026-09-12T12:11:12-05:00,PUR_IED_FabioLozano_Bibli_1cee05,PUR_IED_FabioLozano_Bibli_1cee05,,,,,
2026-09-12T12:11:12-05:00,PUR_IED_FabioLozano_Ext_6ea285,PUR_IED_FabioLozano_Ext_6ea285,,,,,
2026-09-12T12:11:12-05:00,PUR_IED_FabioLozano_SLudi_f09e1e,PUR_IED_FabioLozano_SLudi_f09e1e,,,,,
2026-09-12T12:11:12-05:00,PUR_IED_FaustinoS_Aula07_27a731,PUR_IED_FaustinoS_Aula07_27a731,,,,,
2026-09-12T12:11:12-05:00,PUR_IED_FaustinoS_Ext_7b936f,PUR_IED_FaustinoS_Ext_7b936f,,,,,
2026-09-12T12:11:12-05:00,PUR_IED_FaustinoS_Fisica_da2c60,PUR_IED_FaustinoS_Fisica_da2c60,,,,,
2026-09-12T12:11:12-05:00,PUR_IED_FeGarciaLo_Ext_dc68ee,PUR_IED_FeGarciaLo_Ext_dc68ee,,,,,
2026-09-12T12:11:12-05:00,PUR_IED_FeGarciaLo_SDanza_f70a59,PUR_IED_FeGarciaLo_SDanza_f70a59,,,,,
2026-09-12T12:11:12-05:00,PUR_IED_FeGarciaLo_SMusic_125cdd,PUR_IED_FeGarciaLo_SMusic_125cdd,,,,,
2026-09-12T12:11:12-05:00,PUR_IED_FederalAlema_Exte_50c345,PUR_IED_FederalAlema_Exte_50c345,,,,,
2026-09-12T12:11:12-05:00,PUR_IED_FederalAlema_S31_f18371,PUR_IED_FederalAlema_S31_f18371,,,,,
2026-09-12T12:11:12-05:00,PUR_IED_FederalAlema_S901_a62cd,PUR_IED_FederalAlema_S901_a62cd,,,,,
2026-09-12T12:11:12-05:00,PUR_IED_FilarmonicaS_A5_f35eb1,PUR_IED_FilarmonicaS_A5_f35eb1,,,,,
2026-09-12T12:11:12-05:00,PUR_IED_FilarmonicaS_Ext_8a3bde,PUR_IED_FilarmonicaS_Ext_8a3bde,,,,,
2026-09-12T12:11:12-05:00,PUR_IED_FilarmonicaS_Spol_406114,PUR_IED_FilarmonicaS_Spol_406114,,,,,
2026-09-12T12:11:12-05:00,PUR_IED_FlorentinoG_A13_d1fa59,PUR_IED_FlorentinoG_A13_d1fa59,,,,,
2026-09-12T12:11:12-05:00,PUR_IED_FlorentinoG_Ext_1ce6ce,PUR_IED_FlorentinoG_Ext_1ce6ce,,,,,
2026-09-12T12:11:12-05:00,PUR_IED_FlorentinoG_Idiom_a66aac,PUR_IED_FlorentinoG_Idiom_a66aac,,,,,
2026-09-12T12:11:12-05:00,PUR_IED_FranciscoMati_Ext_e3869d,PUR_IED_FranciscoMati_Ext_e3869d,,,,,
2026-09-12T12:11:12-05:00,PUR_IED_FranciscoMati_S13_f31c67,PUR_IED_FranciscoMati_S13_f31c67,,,,,
2026-09-12T12:11:12-05:00,PUR_IED_FranciscoMati_S14_97dead,PUR_IED_FranciscoMati_S14_97dead,,,,,
2026-09-12T12:11:12-05:00,PUR_IED_FranciscoPS_Ext_7bfa9a,PUR_IED_FranciscoPS_Ext_7bfa9a,2,23,50,4.5899,-74.110397
2026-09-12T12:11:12-05:00,PUR_IED_FranciscoPS_Infor_fb8f4c,PUR_IED_FranciscoPS_Infor_fb8f4c,,,,,
2026-09-12T12:11:12-05:00,PUR_IED_FranciscoPS_Quimi_94d39c,PUR_IED_FranciscoPS_Quimi_94d39c,,,,,
2026-09-12T12:11:12-05:00,PUR_IED_FranciscoP_LabQ_d7e148,PUR_IED_FranciscoP_LabQ_d7e148,,,,,
2026-09-12T12:11:12-05:00,PUR_IED_FranciscoP_S28_cf9b30,PUR_IED_FranciscoP_S28_cf9b30,,,,,
2026-09-12T12:11:12-05:00,PUR_IED_FranciscoP_ext_e2313,PUR_IED_FranciscoP_ext_e2313,,,,,
2026-09-12T12:11:12-05:00,PUR_IED_FriederichN_Ext_8ac92a,PUR_IED_FriederichN_Ext_8ac92a,,,,,
2026-09-12T12:11:12-05:00,PUR_IED_FriederichN_S301_dd7e5a,PUR_IED_FriederichN_S301_dd7e5a,,,,,
2026-09-12T12:11:12-05:00,PUR_IED_FriederichN_S308_761f4f,PUR_IED_FriederichN_S308_761f4f,,,,,
2026-09-12T12:11:12-05:00,PUR_IED_GSantander_Aula10_533dd7,PUR_IED_GSantander_Aula10_533dd7,,,,,
2026-09-12T12:11:12-05:00,PUR_IED_GSantander_Aula12_fd4e4f,PUR_IED_GSantander_Aula12_fd4e4f,,,,,
2026-09-12T12:11:12-05:00,PUR_IED_GSantander_Aula310_533dd7,PUR_IED_GSantander_Aula310_533dd7,,,,,
2026-09-12T12:11:12-05:00,PUR_IED_GSantander_Aula312_fd4e4f,PUR_IED_GSantander_Aula312_fd4e4f,,,,,
2026-09-12T12:11:12-05:00,PUR_IED_GSantander_Ext_5f66b0,PUR_IED_GSantander_Ext_5f66b0,,,,,
2026-09-12T12:11:12-05:00,PUR_IED_GYomasa_Ext_f6bea5,PUR_IED_GYomasa_Ext_f6bea5,,,,,
2026-09-12T12:11:12-05:00,PUR_IED_GYomasa_LBiol_2c41aa,PUR_IED_GYomasa_LBiol_2c41aa,,,,,
2026-09-12T12:11:12-05:00,PUR_IED_GYomasa_LQuim_33c80,PUR_IED_GYomasa_LQuim_33c80,,,,,
2026-09-12T12:11:12-05:00,PUR_IED_GabBetMejia_Cienc_5a99c,PUR_IED_GabBetMejia_Cienc_5a99c,,,,,
2026-09-12T12:11:12-05:00,PUR_IED_GabBetMejia_Ext_9153d0,PUR_IED_GabBetMejia_Ext_9153d0,,,,,
2026-09-12T12:11:12-05:00,PUR_IED_GabBetMejia_Lab_f55347,PUR_IED_GabBetMejia_Lab_f55347,,,,,
2026-09-12T12:11:12-05:00,PUR_IED_GabBetanMejia_Ext_9153d0,PUR_IED_GabBetanMejia_Ext_9153d0,,,,,
2026-09-12T12:11:12-05:00,PUR_IED_Gaitana_Aula13_7aac11,PUR_IED_Gaitana_Aula13_7aac11,,,,,
2026-09-12T12:11:12-05:00,PUR_IED_Gaitana_Ext_5fcf4,PUR_IED_Gaitana_Ext_5fcf4,,,,,
2026-09-12T12:11:12-05:00,PUR_IED_Gaitana_LabFisica_644448,PUR_IED_Gaitana_LabFisica_644448,,,,,
2026-09-12T12:11:12-05:00,PUR_IED_GenSantander_Dise_8ac858,PUR_IED_GenSantander_Dise_8ac858,,,,,
2026-09-12T12:11:12-05:00,PUR_IED_GenSantander_Ext_8d5dfe,PUR_IED_GenSantander_Ext_8d5dfe,,,,,
2026-09-12T12:11:12-05:00,PUR_IED_GenSantander_Info_6c25b,PUR_IED_GenSantander_Info_6c25b,,,,,
2026-09-12T12:11:12-05:00,PUR_IED_GustavoMo_Exterio_75e63d,PUR_IED_GustavoMo_Exterio_75e63d,,,,,
2026-09-12T12:11:12-05:00,PUR_IED_GustavoMo_LabFisi_224d37,PUR_IED_GustavoMo_LabFisi_224d37,,,,,
2026-09-12T12:11:12-05:00,PUR_IED_GustavoMo_S208_3e6918,PUR_IED_GustavoMo_S208_3e6918,,,,,
2026-09-12T12:11:12-05:00,PUR_IED_GustavoR_A02_8cd4a8,PUR_IED_GustavoR_A02_8cd4a8,,,,,
2026-09-12T12:11:12-05:00,PUR_IED_GustavoR_B11_5b0ed,PUR_IED_GustavoR_B11_5b0ed,,,,,
2026-09-12T12:11:12-05:00,PUR_IED_GustavoR_Ext_7a0c90,PUR_IED_GustavoR_Ext_7a0c90,,,,,
2026-09-12T12:11:12-05:00,PUR_IED_HernandoDuran_Ext_8cd82b,PUR_IED_HernandoDuran_Ext_8cd82b,,,,,
2026-09-12T12:11:12-05:00,PUR_IED_HernandoDuran_S24_2772c6,PUR_IED_HernandoDuran_S24_2772c6,,,,,
2026-09-12T12:11:12-05:00,PUR_IED_HernandoDuran_S30_f2de41,PUR_IED_HernandoDuran_S30_f2de41,,,,,
2026-09-12T12:11:12-05:00,PUR_IED_HolguInUr_S1101_8cd732,PUR_IED_HolguInUr_S1101_8cd732,,,,,
2026-09-12T12:11:12-05:00,PUR_IED_HolguinUr_Exter_ddae6d,PUR_IED_HolguinUr_Exter_ddae6d,,,,,
2026-09-12T12:11:12-05:00,PUR_IED_HolguinUr_LabQuim_92b952,PUR_IED_HolguinUr_LabQuim_92b952,,,,,
2026-09-12T12:11:12-05:00,PUR_IED_Isabel-II_Ext_5245cc,PUR_IED_Isabel-II_Ext_5245cc,2,21,50,4.6336,-74.153
2026-09-12T12:11:12-05:00,PUR_IED_Isabel-II_S_idiom_1c29aa,PUR_IED_Isabel-II_S_idiom_1c29aa,,,,,
2026-09-12T12:11:12-05:00,PUR_IED_Isabel-II_S_infor_fd741,PUR_IED_Isabel-II_S_infor_fd741,,,,,
2026-09-12T12:11:12-05:00,PUR_IED_IsidroSur_Exterio_5b90ea,PUR_IED_IsidroSur_Exterio_5b90ea,,,,,
2026-09-12T12:11:12-05:00,PUR_IED_IsidroSur_LabTec_56697a,PUR_IED_IsidroSur_LabTec_56697a,,,,,
2026-09-12T12:11:12-05:00,PUR_IED_IsidroSur_Robotic_b7c38f,PUR_IED_IsidroSur_Robotic_b7c38f,,,,,
2026-09-12T12:11:12-05:00,PUR_IED_IsmaelPerd_Ext_7b6672,PUR_IED_IsmaelPerd_Ext_7b6672,,,,,
2026-09-12T12:11:12-05:00,PUR_IED_IsmaelPerd_Inform_306540,PUR_IED_IsmaelPerd_Inform_306540,,,,,
2026-09-12T12:11:12-05:00,PUR_IED_IsmaelPerd_S30_2e2c83,PUR_IED_IsmaelPerd_S30_2e2c83,,,,,
2026-09-12T12:11:12-05:00,PUR_IED_JLozano_Exter_432910,PUR_IED_JLozano_Exter_432910,,,,,
2026-09-12T12:11:12-05:00,PUR_IED_JLozano_salaMulti_df5125,PUR_IED_JLozano_salaMulti_df5125,,,,,
2026-09-12T12:11:12-05:00,PUR_IED_JMCordoba_206_86f80b,PUR_IED_JMCordoba_206_86f80b,,,,,
2026-09-12T12:11:12-05:00,PUR_IED_JMCordoba_Ext_27ad97,PUR_IED_JMCordoba_Ext_27ad97,,,,,
2026-09-12T12:11:12-05:00,PUR_IED_JMCordoba_S310_d59ab4,PUR_IED_JMCordoba_S310_d59ab4,,,,,
2026-09-12T12:11:12-05:00,PUR_IED_Japon_Ext_549100,PUR_IED_Japon_Ext_549100,,,,,
2026-09-12T12:11:12-05:00,PUR_IED_Japon_Laboratorio_bec51d,PUR_IED_Japon_Laboratorio_bec51d,,,,,
2026-09-12T12:11:12-05:00,PUR_IED_Japon_informatica_d99327,PUR_IED_Japon_informatica_d99327,,,,,
2026-09-12T12:11:12-05:00,PUR_IED_Jazmin_Ext_d27bda,PUR_IED_Jazmin_Ext_d27bda,,,,,
2026-09-12T12:11:12-05:00,PUR_IED_Jazmin_Fisica_8d14d7,PUR_IED_Jazmin_Fisica_8d14d7,,,,,
2026-09-12T12:11:12-05:00,PUR_IED_Jazmin_Quimica_801cb5,PUR_IED_Jazmin_Quimica_801cb5,,,,,
2026-09-12T12:11:12-05:00,PUR_IED_JorgeGaitan_Exter_f098d1,PUR_IED_JorgeGaitan_Exter_f098d1,,,,,
2026-09-12T12:11:12-05:00,PUR_IED_JorgeGaitan_STec1_dc9d1d,PUR_IED_JorgeGaitan_STec1_dc9d1d,,,,,
2026-09-12T12:11:12-05:00,PUR_IED_JorgeGaitan_STec2_281e69,PUR_IED_JorgeGaitan_STec2_281e69,,,,,
2026-09-12T12:11:12-05:00,PUR_IED_JorgeSoto_Exterio_d9d0a2,PUR_IED_JorgeSoto_Exterio_d9d0a2,,,,,
2026-09-12T12:11:12-05:00,PUR_IED_JorgeSoto_LabFisi_209c54,PUR_IED_JorgeSoto_LabFisi_209c54,,,,,
2026-09-12T12:11:12-05:00,PUR_IED_JorgeSoto_S103_27b51a,PUR_IED_JorgeSoto_S103_27b51a,,,,,
2026-09-12T12:11:12-05:00,PUR_IED_JoseAcevedo_A02_e965eb,PUR_IED_JoseAcevedo_A02_e965eb,,,,,
2026-09-12T12:11:12-05:00,PUR_IED_JoseAcevedo_A07_dd5b4,PUR_IED_JoseAcevedo_A07_dd5b4,,,,,
2026-09-12T12:11:12-05:00,PUR_IED_JoseAcevedo_Ext_b47484,PUR_IED_JoseAcevedo_Ext_b47484,,,,,
2026-09-12T12:11:12-05:00,PUR_IED_JoseMarti_Exte_5b9bf,PUR_IED_JoseMarti_Exte_5b9bf,,,,,
2026-09-12T12:11:12-05:00,PUR_IED_JoseMarti_LabQuim_1c6c2d,PUR_IED_JoseMarti_LabQuim_1c6c2d,,,,,
2026-09-12T12:11:12-05:00,PUR_IED_JoseMarti_S_info_f5f177,PUR_IED_JoseMarti_S_info_f5f177,,,,,
2026-09-12T12:11:12-05:00,PUR_IED_Josejoaquin_Ext_dfc5dc,PUR_IED_Josejoaquin_Ext_dfc5dc,,,,,
2026-09-12T12:11:12-05:00,PUR_IED_Josejoaquin_S05_5b2a96,PUR_IED_Josejoaquin_S05_5b2a96,,,,,
2026-09-12T12:11:12-05:00,PUR_IED_Josejoaquin_S06_1ce7d2,PUR_IED_Josejoaquin_S06_1ce7d2,,,,,
2026-09-12T12:11:12-05:00,PUR_IED_JulioFlorez_Danza_9b82dd,PUR_IED_JulioFlorez_Danza_9b82dd,,,,,
2026-09-12T12:11:12-05:00,PUR_IED_JulioFlorez_Exter_f9f314,PUR_IED_JulioFlorez_Exter_f9f314,,,,,
2026-09-12T12:11:12-05:00,PUR_IED_JulioFlorez_info2_6b6e08,PUR_IED_JulioFlorez_info2_6b6e08,,,,,
2026-09-12T12:11:12-05:00,PUR_IED_LaBelleza_Aula13_1d00d8,PUR_IED_LaBelleza_Aula13_1d00d8,,,,,
2026-09-12T12:11:12-05:00,PUR_IED_LaBelleza_Ext_7bc08c,PUR_IED_LaBelleza_Ext_7bc08c,,,,,
2026-09-12T12:11:12-05:00,PUR_IED_LaChucua_Ext_8cd6d2,PUR_IED_LaChucua_Ext_8cd6d2,,,,,
2026-09-12T12:11:12-05:00,PUR_IED_LaChucua_S15_f578ce,PUR_IED_LaChucua_S15_f578ce,,,,,
2026-09-12T12:11:12-05:00,PUR_IED_LaChucua_S16_eebcf9,PUR_IED_LaChucua_S16_eebcf9,,,,,
2026-09-12T12:11:12-05:00,PUR_IED_LaFelicidad_Ext_fb5109,PUR_IED_LaFelicidad_Ext_fb5109,,,,,
2026-09-12T12:11:12-05:00,PUR_IED_LaMerced_206_66ebd,PUR_IED_LaMerced_206_66ebd,,,,,
2026-09-12T12:11:12-05:00,PUR_IED_LaMerced_207_6ebd6,PUR_IED_LaMerced_207_6ebd6,,,,,
2026-09-12T12:11:12-05:00,PUR_IED_LaMerced_ext_304311,PUR_IED_LaMerced_ext_304311,,,,,
2026-09-12T12:11:12-05:00,PUR_IED_Laureano_CiencNat_281e5e,PUR_IED_Laureano_CiencNat_281e5e,,,,,
2026-09-12T12:11:12-05:00,PUR_IED_Laureano_Comedor_f65c0a,PUR_IED_Laureano_Comedor_f65c0a,,,,,
2026-09-12T12:11:12-05:00,PUR_IED_Laureano_Exterior_7ab011,PUR_IED_Laureano_Exterior_7ab011,,,,,
2026-09-12T12:11:12-05:00,PUR_IED_LeonGreiff_Exte_dfe560,PUR_IED_LeonGreiff_Exte_dfe560,,,,,
2026-09-12T12:11:12-05:00,PUR_IED_LeonGreiff_S210_f264ed,PUR_IED_LeonGreiff_S210_f264ed,,,,,
2026-09-12T12:11:12-05:00,PUR_IED_LeonGreiff_SQuimi_e8296f,PUR_IED_LeonGreiff_SQuimi_e8296f,,,,,
2026-09-12T12:11:12-05:00,PUR_IED_LlanoOrientalS208_7b9fcd,PUR_IED_LlanoOrientalS208_7b9fcd,,,,,
2026-09-12T12:11:12-05:00,PUR_IED_LlanoOriental_Ext_fb3766,PUR_IED_LlanoOriental_Ext_fb3766,,,,,
2026-09-12T12:11:12-05:00,PUR_IED_LlanoOriental_S208_7b9fcd,PUR_IED_LlanoOriental_S208_7b9fcd,,,,,
2026-09-12T12:11:12-05:00,PUR_IED_LlanoOriental_S9_27b378,PUR_IED_LlanoOriental_S9_27b378,,,,,
2026-09-12T12:11:12-05:00,PUR_IED_LosTejares_1101_477602,PUR_IED_LosTejares_1101_477602,,,,,
2026-09-12T12:11:12-05:00,PUR_IED_LosTejares_11_d2c595,PUR_IED_LosTejares_11_d2c595,,,,,
2026-09-12T12:11:12-05:00,PUR_IED_LosTejares_12_477602,PUR_IED_LosTejares_12_477602,,,,,
2026-09-12T12:11:12-05:00,PUR_IED_LosTejares_Ext_8e2115,PUR_IED_LosTejares_Ext_8e2115,,,,,
2026-09-12T12:11:12-05:00,PUR_IED_MagdalenaO_B202_5ddda3,PUR_IED_MagdalenaO_B202_5ddda3,,,,,
2026-09-12T12:11:12-05:00,PUR_IED_MagdalenaO_B205_fb76e8,PUR_IED_MagdalenaO_B205_fb76e8,,,,,
2026-09-12T12:11:12-05:00,PUR_IED_MagdalenaO_ext_dc69cd,PUR_IED_MagdalenaO_ext_dc69cd,,,,,
2026-09-12T12:11:12-05:00,PUR_IED_ManueCepeda_artes_eee956,PUR_IED_ManueCepeda_artes_eee956,,,,,
2026-09-12T12:11:12-05:00,PUR_IED_ManuelCepeda_Ext_58313,PUR_IED_ManuelCepeda_Ext_58313,,,,,
2026-09-12T12:11:12-05:00,PUR_IED_ManuelCepeda_tec_1c5731,PUR_IED_ManuelCepeda_tec_1c5731,,,,,
2026-09-12T12:11:12-05:00,PUR_IED_ManuelS_Exterior_5b269,PUR_IED_ManuelS_Exterior_5b269,,,,,
2026-09-12T12:11:12-05:00,PUR_IED_ManuelS_Inform_f369ce,PUR_IED_ManuelS_Inform_f369ce,,,,,
2026-09-12T12:11:12-05:00,PUR_IED_ManuelS_SArtes_7d15f1,PUR_IED_ManuelS_SArtes_7d15f1,,,,,
2026-09-12T12:11:12-05:00,PUR_IED_ManuelZapata_303_3ca6,PUR_IED_ManuelZapata_303_3ca6,,,,,
2026-09-12T12:11:12-05:00,PUR_IED_ManuelZapata_311_bfbabc,PUR_IED_ManuelZapata_311_bfbabc,,,,,
2026-09-12T12:11:12-05:00,PUR_IED_ManuelZapata_Ext_50824a,PUR_IED_ManuelZapata_Ext_50824a,,,,,
2026-09-12T12:11:12-05:00,PUR_IED_ManuelitaS_Exteri_656a92,PUR_IED_ManuelitaS_Exteri_656a92,,,,,
2026-09-12T12:11:12-05:00,PUR_IED_ManuelitaS_JuzgDe_f58ec3,PUR_IED_ManuelitaS_JuzgDe_f58ec3,,,,,
2026-09-12T12:11:12-05:00,PUR_IED_ManuelitaS_Recrea_d793db,PUR_IED_ManuelitaS_Recrea_d793db,,,,,
2026-09-12T12:11:12-05:00,PUR_IED_MarFidSuarez_Ext_c27b19,PUR_IED_MarFidSuarez_Ext_c27b19,,,,,
2026-09-12T12:11:12-05:00,PUR_IED_MarFidSuarez_Info_e384d7,PUR_IED_MarFidSuarez_Info_e384d7,,,,,
2026-09-12T12:11:12-05:00,PUR_IED_MarFidSuarez_S306_1d0032,PUR_IED_MarFidSuarez_S306_1d0032,,,,,
2026-09-12T12:11:12-05:00,PUR_IED_Menorah_301_2a25a3,PUR_IED_Menorah_301_2a25a3,,,,,
2026-09-12T12:11:12-05:00,PUR_IED_Menorah_306_37ed3,PUR_IED_Menorah_306_37ed3,,,,,
2026-09-12T12:11:12-05:00,PUR_IED_Menorah_Ext_3e155b,PUR_IED_Menorah_Ext_3e155b,,,,,
2026-09-12T12:11:12-05:00,PUR_IED_MinutoB.Aires_A11_1b1604,PUR_IED_MinutoB.Aires_A11_1b1604,,,,,
2026-09-12T12:11:12-05:00,PUR_IED_MinutoB.Aires_A12_fb5860,PUR_IED_MinutoB.Aires_A12_fb5860,,,,,
2026-09-12T12:11:12-05:00,PUR_IED_MinutoB.Aires_Ext_81293f,PUR_IED_MinutoB.Aires_Ext_81293f,,,,,
2026-09-12T12:11:12-05:00,PUR_IED_MinutoBAires_A11_1b1604,PUR_IED_MinutoBAires_A11_1b1604,,,,,
2026-09-12T12:11:12-05:00,PUR_IED_MinutoBAires_A12_fb5860,PUR_IED_MinutoBAires_A12_fb5860,,,,,
2026-09-12T12:11:12-05:00,PUR_IED_MinutoBAires_Ext_81293f,PUR_IED_MinutoBAires_Ext_81293f,,,,,
2026-09-12T12:11:12-05:00,PUR_IED_Montreal_Aula10_1e4959,PUR_IED_Montreal_Aula10_1e4959,,,,,
2026-09-12T12:11:12-05:00,PUR_IED_Montreal_Aula6_300367,PUR_IED_Montreal_Aula6_300367,,,,,
2026-09-12T12:11:12-05:00,PUR_IED_Montreal_Exterior_91a179,PUR_IED_Montreal_Exterior_91a179,,,,,
2026-09-12T12:11:12-05:00,PUR_IED_Mqgdalena_B202_5ddda3,PUR_IED_Mqgdalena_B202_5ddda3,,,,,
2026-09-12T12:11:12-05:00,PUR_IED_NACUND_Soc_dc8728,PUR_IED_NACUND_Soc_dc8728,,,,,
2026-09-12T12:11:12-05:00,PUR_IED_NACUND_ext_27ad97,PUR_IED_NACUND_ext_27ad97,,,,,
2026-09-12T12:11:12-05:00,PUR_IED_NEsperanza_Ext_d24b61,PUR_IED_NEsperanza_Ext_d24b61,,,,,
2026-09-12T12:11:12-05:00,PUR_IED_NEsperanza_SElect_7d1807,PUR_IED_NEsperanza_SElect_7d1807,,,,,
2026-09-12T12:11:12-05:00,PUR_IED_NEsperanza_SLabor_8b2d0a,PUR_IED_NEsperanza_SLabor_8b2d0a,,,,,
2026-09-12T12:11:12-05:00,PUR_IED_NacionesU_Ext_f661a9,PUR_IED_NacionesU_Ext_f661a9,,,,,
2026-09-12T12:11:12-05:00,PUR_IED_NacionesU_Quimica_66f0a,PUR_IED_NacionesU_Quimica_66f0a,,,,,
2026-09-12T12:11:12-05:00,PUR_IED_NacionesU_S306_1b4b3d,PUR_IED_NacionesU_S306_1b4b3d,,,,,
2026-09-12T12:11:12-05:00,PUR_IED_NestorFA_Ext_e4201c,PUR_IED_NestorFA_Ext_e4201c,,,,,
2026-09-12T12:11:12-05:00,PUR_IED_NestorFA_Laborato_f22fe0,PUR_IED_NestorFA_Laborato_f22fe0,,,,,
2026-09-12T12:11:12-05:00,PUR_IED_NestorFA_S204_dee996,PUR_IED_NestorFA_S204_dee996,,,,,
2026-09-12T12:11:12-05:00,PUR_IED_NidyaQT_Aula03_76999b,PUR_IED_NidyaQT_Aula03_76999b,,,,,
2026-09-12T12:11:12-05:00,PUR_IED_NidyaQT_Aula10_56325,PUR_IED_NidyaQT_Aula10_56325,,,,,
2026-09-12T12:11:12-05:00,PUR_IED_NidyaQT_Ext_46e32d,PUR_IED_NidyaQT_Ext_46e32d,,,,,
2026-09-12T12:11:12-05:00,PUR_IED_NuevaCol_Exterior_d9b859,PUR_IED_NuevaCol_Exterior_d9b859,,,,,
2026-09-12T12:11:12-05:00,PUR_IED_NuevaCol_S1101_76c43b,PUR_IED_NuevaCol_S1101_76c43b,,,,,
2026-09-12T12:11:12-05:00,PUR_IED_NuevaCol_S1102_1ce0b5,PUR_IED_NuevaCol_S1102_1ce0b5,,,,,
2026-09-12T12:11:12-05:00,PUR_IED_OEA_A202_f7e3f2,PUR_IED_OEA_A202_f7e3f2,,,,,
2026-09-12T12:11:12-05:00,PUR_IED_OEA_A203_7d1b8d,PUR_IED_OEA_A203_7d1b8d,,,,,
2026-09-12T12:11:12-05:00,PUR_IED_OEA_Ext_27b593,PUR_IED_OEA_Ext_27b593,,,,,
2026-09-12T12:11:12-05:00,PUR_IED_Ochoa_Ext_1c29da,PUR_IED_Ochoa_Ext_1c29da,,,,,
2026-09-12T12:11:12-05:00,PUR_IED_Ochoa_S205_8b1121,PUR_IED_Ochoa_S205_8b1121,,,,,
2026-09-12T12:11:12-05:00,PUR_IED_Ochoa_Sistemas_f33af6,PUR_IED_Ochoa_Sistemas_f33af6,,,,,
2026-09-12T12:11:12-05:00,PUR_IED_PQuebec_Ext_1c67c7,PUR_IED_PQuebec_Ext_1c67c7,,,,,
2026-09-12T12:11:12-05:00,PUR_IED_PQuebec_S15_23e8e2,PUR_IED_PQuebec_S15_23e8e2,,,,,
2026-09-12T12:11:12-05:00,PUR_IED_PQuebec_S16_8ec76b,PUR_IED_PQuebec_S16_8ec76b,,,,,
2026-09-12T12:11:12-05:00,PUR_IED_PabloN_Ext_49dc96,PUR_IED_PabloN_Ext_49dc96,,,,,
2026-09-12T12:11:12-05:00,PUR_IED_PabloN_S1102_4e3df5,PUR_IED_PabloN_S1102_4e3df5,,,,,
2026-09-12T12:11:12-05:00,PUR_IED_PabloN_S1103_50c94b,PUR_IED_PabloN_S1103_50c94b,,,,,
2026-09-12T12:11:12-05:00,PUR_IED_Palestina_S1101_db9198,PUR_IED_Palestina_S1101_db9198,,,,,
2026-09-12T12:11:12-05:00,PUR_IED_Palestina_S1102_dc54fa,PUR_IED_Palestina_S1102_dc54fa,,,,,
2026-09-12T12:11:12-05:00,PUR_IED_Palestina_ext_4ccce6,PUR_IED_Palestina_ext_4ccce6,,,,,
2026-09-12T12:11:12-05:00,PUR_IED_Panama_Fisica_4d0794,PUR_IED_Panama_Fisica_4d0794,,,,,
2026-09-12T12:11:12-05:00,PUR_IED_Panama_SIngles_a4077e,PUR_IED_Panama_SIngles_a4077e,,,,,
2026-09-12T12:11:12-05:00,PUR_IED_Panama_ext_4c54b4,PUR_IED_Panama_ext_4c54b4,,,,,
2026-09-12T12:11:12-05:00,PUR_IED_ParaisoM_Exterior_8cd7f0,PUR_IED_ParaisoM_Exterior_8cd7f0,,,,,
2026-09-12T12:11:12-05:00,PUR_IED_ParaisoM_Laborato_27af35,PUR_IED_ParaisoM_Laborato_27af35,,,,,
2026-09-12T12:11:12-05:00,PUR_IED_ParaisoM_S304_d1edca,PUR_IED_ParaisoM_S304_d1edca,,,,,
2026-09-12T12:11:12-05:00,PUR_IED_PorfirioBarba_Ext_301466,PUR_IED_PorfirioBarba_Ext_301466,,,,,
2026-09-12T12:11:12-05:00,PUR_IED_PorfirioBarba_S11_df6cd2,PUR_IED_PorfirioBarba_S11_df6cd2,,,,,
2026-09-12T12:11:12-05:00,PUR_IED_PorfirioBarba_S29_27a7d6,PUR_IED_PorfirioBarba_S29_27a7d6,,,,,
2026-09-12T12:11:12-05:00,PUR_IED_PradoV_Exter_8b27ad,PUR_IED_PradoV_Exter_8b27ad,,,,,
2026-09-12T12:11:12-05:00,PUR_IED_PradoV_S301_de65b5,PUR_IED_PradoV_S301_de65b5,,,,,
2026-09-12T12:11:12-05:00,PUR_IED_PradoV_S302_7d2593,PUR_IED_PradoV_S302_7d2593,,,,,
2026-09-12T12:11:12-05:00,PUR_IED_QuirogaAlz_Ext_1ddc82,PUR_IED_QuirogaAlz_Ext_1ddc82,,,,,
2026-09-12T12:11:12-05:00,PUR_IED_QuirogaAlz_S302_9926a3,PUR_IED_QuirogaAlz_S302_9926a3,,,,,
2026-09-12T12:11:12-05:00,PUR_IED_QuirogaAlz_S305_cdf1f1,PUR_IED_QuirogaAlz_S305_cdf1f1,,,,,
2026-09-12T12:11:12-05:00,PUR_IED_RGuatemala_Biling_dc53b7,PUR_IED_RGuatemala_Biling_dc53b7,,,,,
2026-09-12T12:11:12-05:00,PUR_IED_RGuatemala_Ext_1b89a3,PUR_IED_RGuatemala_Ext_1b89a3,,,,,
2026-09-12T12:11:12-05:00,PUR_IED_RGuatemala_Tecnol_281a34,PUR_IED_RGuatemala_Tecnol_281a34,,,,,
2026-09-12T12:11:12-05:00,PUR_IED_RafaNu_Ext_f7c302,PUR_IED_RafaNu_Ext_f7c302,,,,,
2026-09-12T12:11:12-05:00,PUR_IED_RafaNu_S1101_25fde,PUR_IED_RafaNu_S1101_25fde,,,,,
2026-09-12T12:11:12-05:00,PUR_IED_RafaNu_S1102_281517,PUR_IED_RafaNu_S1102_281517,,,,,
2026-09-12T12:11:12-05:00,PUR_IED_RafaelB_S305_ee2783,PUR_IED_RafaelB_S305_ee2783,,,,,
2026-09-12T12:11:12-05:00,PUR_IED_RafaelB_S306_75fe33,PUR_IED_RafaelB_S306_75fe33,,,,,
2026-09-12T12:11:12-05:00,PUR_IED_RafaelB_ext_283336,PUR_IED_RafaelB_ext_283336,2,21,54,4.6722,-74.0737
2026-09-12T12:11:12-05:00,PUR_IED_RafaelUU_Exterior_281a51,PUR_IED_RafaelUU_Exterior_281a51,,,,,
2026-09-12T12:11:12-05:00,PUR_IED_RafaelUU_Human_806b2,PUR_IED_RafaelUU_Human_806b2,,,,,
2026-09-12T12:11:12-05:00,PUR_IED_RafaelUU_Mate2_5680d4,PUR_IED_RafaelUU_Mate2_5680d4,,,,,
2026-09-12T12:11:12-05:00,PUR_IED_RamonSub_Ext_f9eeb9,PUR_IED_RamonSub_Ext_f9eeb9,,,,,
2026-09-12T12:11:12-05:00,PUR_IED_RamonSub_Media_d1f62f,PUR_IED_RamonSub_Media_d1f62f,,,,,
2026-09-12T12:11:12-05:00,PUR_IED_RamonSub_planta_51b82,PUR_IED_RamonSub_planta_51b82,,,,,
2026-09-12T12:11:12-05:00,PUR_IED_RepBoliVene_Exter_27af7c,PUR_IED_RepBoliVene_Exter_27af7c,,,,,
2026-09-12T12:11:12-05:00,PUR_IED_RepBoliVene_SCPT_5ae2ee,PUR_IED_RepBoliVene_SCPT_5ae2ee,,,,,
2026-09-12T12:11:12-05:00,PUR_IED_RepBoliVene_Socia_4b11d5,PUR_IED_RepBoliVene_Socia_4b11d5,,,,,
2026-09-12T12:11:12-05:00,PUR_IED_RepChina_Ext_76d9ee,PUR_IED_RepChina_Ext_76d9ee,,,,,
2026-09-12T12:11:12-05:00,PUR_IED_RepChina_S404_7c804c,PUR_IED_RepChina_S404_7c804c,,,,,
2026-09-12T12:11:12-05:00,PUR_IED_RepChina_S405_df2c33,PUR_IED_RepChina_S405_df2c33,,,,,
2026-09-12T12:11:12-05:00,PUR_IED_RepublicaC_Exteri_7d1ec9,PUR_IED_RepublicaC_Exteri_7d1ec9,,,,,
2026-09-12T12:11:12-05:00,PUR_IED_RepublicaC_S1101_f544b3,PUR_IED_RepublicaC_S1101_f544b3,,,,,
2026-09-12T12:11:12-05:00,PUR_IED_RepublicaC_S1102_7aafc7,PUR_IED_RepublicaC_S1102_7aafc7,,,,,
2026-09-12T12:11:12-05:00,PUR_IED_Ricaurte_Externo_a0ea1,PUR_IED_Ricaurte_Externo_a0ea1,,,,,
2026-09-12T12:11:12-05:00,PUR_IED_Ricaurte_S210_f546fd,PUR_IED_Ricaurte_S210_f546fd,,,,,
2026-09-12T12:11:12-05:00,PUR_IED_Ricaurte_S309_d4452,PUR_IED_Ricaurte_S309_d4452,,,,,
2026-09-12T12:11:12-05:00,PUR_IED_RogelioS_1102_531e69,PUR_IED_RogelioS_1102_531e69,,,,,
2026-09-12T12:11:12-05:00,PUR_IED_RogelioS_Ext_f25a18,PUR_IED_RogelioS_Ext_f25a18,,,,,
2026-09-12T12:11:12-05:00,PUR_IED_SBernardino_Ext_27aff8,PUR_IED_SBernardino_Ext_27aff8,,,,,
2026-09-12T12:11:12-05:00,PUR_IED_SBernardino_SArte_2ffd33,PUR_IED_SBernardino_SArte_2ffd33,,,,,
2026-09-12T12:11:12-05:00,PUR_IED_SBernardino_SIngl_7c7da5,PUR_IED_SBernardino_SIngl_7c7da5,,,,,
2026-09-12T12:11:12-05:00,PUR_IED_Sago_auditorio_dc9d1d,PUR_IED_Sago_auditorio_dc9d1d,,,,,
2026-09-12T12:11:12-05:00,PUR_IED_Saludcoop_Ext_95aac3,PUR_IED_Saludcoop_Ext_95aac3,,,,,
2026-09-12T12:11:12-05:00,PUR_IED_Saludcoop_InfI_90c854,PUR_IED_Saludcoop_InfI_90c854,,,,,
2026-09-12T12:11:12-05:00,PUR_IED_Saludcoop_SMedia_1b93be,PUR_IED_Saludcoop_SMedia_1b93be,,,,,
2026-09-12T12:11:12-05:00,PUR_IED_SanCarlos_1101_1a2360,PUR_IED_SanCarlos_1101_1a2360,,,,,
2026-09-12T12:11:12-05:00,PUR_IED_SanCarlos_1103_7bafb5,PUR_IED_SanCarlos_1103_7bafb5,,,,,
2026-09-12T12:11:12-05:00,PUR_IED_SanCarlos_Ext_b7cd1,PUR_IED_SanCarlos_Ext_b7cd1,,,,,
2026-09-12T12:11:12-05:00,PUR_IED_SanIgnacioBosa11a_50c26e,PUR_IED_SanIgnacioBosa11a_50c26e,,,,,
2026-09-12T12:11:12-05:00,PUR_IED_SanIgnacioBosa11b_371de8,PUR_IED_SanIgnacioBosa11b_371de8,,,,,
2026-09-12T12:11:12-05:00,PUR_IED_SanIgnacioBosaExt_ef0ffc,PUR_IED_SanIgnacioBosaExt_ef0ffc,,,,,
2026-09-12T12:11:12-05:00,PUR_IED_SanIgnacioBosa_11a_50c26e,PUR_IED_SanIgnacioBosa_11a_50c26e,,,,,
2026-09-12T12:11:12-05:00,PUR_IED_SanIgnacioBosa_Ext_ef0ffc,PUR_IED_SanIgnacioBosa_Ext_ef0ffc,,,,,
2026-09-12T12:11:12-05:00,PUR_IED_SanJoseN_intS1101_31c47f,PUR_IED_SanJoseN_intS1101_31c47f,,,,,
2026-09-12T12:11:12-05:00,PUR_IED_SanJoseUsm_Exter_f5d7e8,PUR_IED_SanJoseUsm_Exter_f5d7e8,,,,,
2026-09-12T12:11:12-05:00,PUR_IED_SanJoseUsm_Int11A_cfdef6,PUR_IED_SanJoseUsm_Int11A_cfdef6,,,,,
2026-09-12T12:11:12-05:00,PUR_IED_SilveriaR_IntB5_905349,PUR_IED_SilveriaR_IntB5_905349,,,,,
2026-09-12T12:11:12-05:00,PUR_IED_SilveriaR_IntSD14_981f93,PUR_IED_SilveriaR_IntSD14_981f93,,,,,
2026-09-12T12:11:12-05:00,PUR_IED_SilveriaR_ext_2b651d,PUR_IED_SilveriaR_ext_2b651d,,,,,
2026-09-12T12:11:12-05:00,PUR_IED_SimonB_Exterior_913975,PUR_IED_SimonB_Exterior_913975,,,,,
2026-09-12T12:11:12-05:00,PUR_IED_SimonB_LabQuimi_c56908,PUR_IED_SimonB_LabQuimi_c56908,,,,,
2026-09-12T12:11:12-05:00,PUR_IED_SimonB_informatic_a28c1,PUR_IED_SimonB_informatic_a28c1,,,,,
2026-09-12T12:11:12-05:00,PUR_IED_Sorrento_1102_315f50,PUR_IED_Sorrento_1102_315f50,,,,,
2026-09-12T12:11:12-05:00,PUR_IED_Sorrento_Minte_214eab,PUR_IED_Sorrento_Minte_214eab,,,,,
2026-09-12T12:11:12-05:00,PUR_IED_Sorrento_ext_7c3a0a,PUR_IED_Sorrento_ext_7c3a0a,,,,,
2026-09-12T12:11:12-05:00,PUR_IED_Tabora_Ext_f048ae,PUR_IED_Tabora_Ext_f048ae,,,,,
2026-09-12T12:11:12-05:00,PUR_IED_Tabora_S1102_b07752,PUR_IED_Tabora_S1102_b07752,,,,,
2026-09-12T12:11:12-05:00,PUR_IED_Tabora_S1103_d988f5,PUR_IED_Tabora_S1103_d988f5,,,,,
2026-09-12T12:11:12-05:00,PUR_IED_Tenerife_Ext_1ab188,PUR_IED_Tenerife_Ext_1ab188,,,,,
2026-09-12T12:11:12-05:00,PUR_IED_Tenerife_SDanzas_7bc02e,PUR_IED_Tenerife_SDanzas_7bc02e,,,,,
2026-09-12T12:11:12-05:00,PUR_IED_Tenerife_SIngles_7cc277,PUR_IED_Tenerife_SIngles_7cc277,,,,,
2026-09-12T12:11:12-05:00,PUR_IED_Tibabuyes_Exter_f2683d,PUR_IED_Tibabuyes_Exter_f2683d,,,,,
2026-09-12T12:11:12-05:00,PUR_IED_Tibabuyes_S10_dc87a8,PUR_IED_Tibabuyes_S10_dc87a8,,,,,
2026-09-12T12:11:12-05:00,PUR_IED_Tibabuyes_S15_dc0526,PUR_IED_Tibabuyes_S15_dc0526,,,,,
2026-09-12T12:11:12-05:00,PUR_IED_UnionE_S301_a1043,PUR_IED_UnionE_S301_a1043,,,,,
2026-09-12T12:11:12-05:00,PUR_IED_UnionE_S307_ff6c2f,PUR_IED_UnionE_S307_ff6c2f,,,,,
2026-09-12T12:11:12-05:00,PUR_IED_UnionE__Ext_5e2468,PUR_IED_UnionE__Ext_5e2468,,,,,
2026-09-12T12:11:12-05:00,PUR_IED_VillaRica_Ext_75be7c,PUR_IED_VillaRica_Ext_75be7c,,,,,
2026-09-12T12:11:12-05:00,PUR_IED_VillaRica_S4_cc5dcd,PUR_IED_VillaRica_S4_cc5dcd,,,,,
2026-09-12T12:11:12-05:00,PUR_IED_VillaRica_Sesp_99f5c,PUR_IED_VillaRica_Sesp_99f5c,,,,,
2026-09-12T12:16:10-05:00,PUR_IED_20deJulio_1101_91b1b9,PUR_IED_20deJulio_1101_91b1b9,,,,,
2026-09-12T12:16:10-05:00,PUR_IED_20deJulio_1102_1cfcf9,PUR_IED_20deJulio_1102_1cfcf9,,,,,
2026-09-12T12:16:10-05:00,PUR_IED_20deJulio_Ext_ab60bd,PUR_IED_20deJulio_Ext_ab60bd,,,,,
2026-09-12T12:16:10-05:00,PUR_IED_AgustinFer_Ext_7b9b77,PUR_IED_AgustinFer_Ext_7b9b77,,,,,
2026-09-12T12:16:10-05:00,PUR_IED_AgustinFer_Info2_27b3a7,PUR_IED_AgustinFer_Info2_27b3a7,,,,,
2026-09-12T12:16:10-05:00,PUR_IED_AgustinFer_Sena_54b4eb,PUR_IED_AgustinFer_Sena_54b4eb,,,,,
2026-09-12T12:16:10-05:00,PUR_IED_AlexanderF_1102_caf07b,PUR_IED_AlexanderF_1102_caf07b,,,,,
2026-09-12T12:16:10-05:00,PUR_IED_AlexanderF_1103_c79e71,PUR_IED_AlexanderF_1103_c79e71,,,,,
2026-09-12T12:16:10-05:00,PUR_IED_AlexanderF_Ext_c5b18b,PUR_IED_AlexanderF_Ext_c5b18b,,,,,
2026-09-12T12:16:10-05:00,PUR_IED_AlfonsoLopez_Ext_281d77,PUR_IED_AlfonsoLopez_Ext_281d77,,,,,
2026-09-12T12:16:10-05:00,PUR_IED_AlfonsoLopez_LabF_888ce0,PUR_IED_AlfonsoLopez_LabF_888ce0,,,,,
2026-09-12T12:16:10-05:00,PUR_IED_AlfonsoLopez_SMed_df6a7f,PUR_IED_AlfonsoLopez_SMed_df6a7f,,,,,
2026-09-12T12:16:10-05:00,PUR_IED_AltamiraSO_A2_209f92,PUR_IED_AltamiraSO_A2_209f92,,,,,
2026-09-12T12:16:10-05:00,PUR_IED_AltamiraSO_Ext_186d66,PUR_IED_AltamiraSO_Ext_186d66,,,,,
2026-09-12T12:16:10-05:00,PUR_IED_AltamiraSO_Sistem_27afe1,PUR_IED_AltamiraSO_Sistem_27afe1,,,,,
2026-09-12T12:16:10-05:00,PUR_IED_AlvaroGom_LabQuim_813179,PUR_IED_AlvaroGom_LabQuim_813179,,,,,
2026-09-12T12:16:10-05:00,PUR_IED_AlvaroGomez_Ext_47c7ca,PUR_IED_AlvaroGomez_Ext_47c7ca,,,,,
2026-09-12T12:16:10-05:00,PUR_IED_AlvaroGomez_LabQuim_813179,PUR_IED_AlvaroGomez_LabQuim_813179,,,,,
2026-09-12T12:16:10-05:00,PUR_IED_AlvaroGomez_S23_7ba89f,PUR_IED_AlvaroGomez_S23_7ba89f,,,,,
2026-09-12T12:16:10-05:00,PUR_IED_Amistad_306_dc8728,PUR_IED_Amistad_306_dc8728,,,,,
2026-09-12T12:16:10-05:00,PUR_IED_Amistad_Ext_8cd55e,PUR_IED_Amistad_Ext_8cd55e,,,,,
2026-09-12T12:16:10-05:00,PUR_IED_Amistad_S202_a41169,PUR_IED_Amistad_S202_a41169,,,,,
2026-09-12T12:16:10-05:00,PUR_IED_AndresBello_Bio_fd5f5e,PUR_IED_AndresBello_Bio_fd5f5e,,,,,
2026-09-12T12:16:10-05:00,PUR_IED_AndresBello_ext_dcad65,PUR_IED_AndresBello_ext_dcad65,,,,,
2026-09-12T12:16:10-05:00,PUR_IED_AndresBello_port_eed3ec,PUR_IED_AndresBello_port_eed3ec,,,,,
2026-09-12T12:16:10-05:00,PUR_IED_AngelaR_11b_d90a6b,PUR_IED_AngelaR_11b_d90a6b,,,,,
2026-09-12T12:16:10-05:00,PUR_IED_AngelaR_ext_7cad3e,PUR_IED_AngelaR_ext_7cad3e,2,21,55,4.5825,-74.164497
2026-09-12T12:16:10-05:00,PUR_IED_AntJoseSucre_10mo_df2575,PUR_IED_AntJoseSucre_10mo_df2575,,,,,
2026-09-12T12:16:10-05:00,PUR_IED_AntJoseSucre_Ext_215b36,PUR_IED_AntJoseSucre_Ext_215b36,,,,,
2026-09-12T12:16:10-05:00,PUR_IED_AntJoseSucre_Lab_3139de,PUR_IED_AntJoseSucre_Lab_3139de,,,,,
2026-09-12T12:16:10-05:00,PUR_IED_AntonioGarcia_301_d6b188,PUR_IED_AntonioGarcia_301_d6b188,,,,,
2026-09-12T12:16:10-05:00,PUR_IED_AntonioGarcia_302_88a82,PUR_IED_AntonioGarcia_302_88a82,,,,,
2026-09-12T12:16:10-05:00,PUR_IED_AntonioGarcia_Ext_20950c,PUR_IED_AntonioGarcia_Ext_20950c,,,,,
2026-09-12T12:16:10-05:00,PUR_IED_AntonioVan_Aula2_6dea02,PUR_IED_AntonioVan_Aula2_6dea02,,,,,
2026-09-12T12:16:10-05:00,PUR_IED_AntonioVan_Aula5_f1557e,PUR_IED_AntonioVan_Aula5_f1557e,,,,,
2026-09-12T12:16:10-05:00,PUR_IED_AntonioVan_Ext_406f2f,PUR_IED_AntonioVan_Ext_406f2f,,,,,
2026-09-12T12:16:10-05:00,PUR_IED_Atabanzha_Ext_cc5af9,PUR_IED_Atabanzha_Ext_cc5af9,,,,,
2026-09-12T12:16:10-05:00,PUR_IED_Atabanzha_SA101_56c37,PUR_IED_Atabanzha_SA101_56c37,,,,,
2026-09-12T12:16:10-05:00,PUR_IED_Atabanzha_SB302_27b374,PUR_IED_Atabanzha_SB302_27b374,,,,,
2026-09-12T12:16:10-05:00,PUR_IED_Atahualpa_Ext_fc1748,PUR_IED_Atahualpa_Ext_fc1748,,,,,
2026-09-12T12:16:10-05:00,PUR_IED_Atahualpa_Informa_dc9a95,PUR_IED_Atahualpa_Informa_dc9a95,,,,,
2026-09-12T12:16:10-05:00,PUR_IED_Atahualpa_S1101_f98056,PUR_IED_Atahualpa_S1101_f98056,,,,,
2026-09-12T12:16:10-05:00,PUR_IED_Bellavista_Ext_f5aa74,PUR_IED_Bellavista_Ext_f5aa74,,,,,
2026-09-12T12:16:10-05:00,PUR_IED_Bilbao_11A_916c41,PUR_IED_Bilbao_11A_916c41,,,,,
2026-09-12T12:16:10-05:00,PUR_IED_Bilbao_Ext_fb579a,PUR_IED_Bilbao_Ext_fb579a,,,,,
2026-09-12T12:16:10-05:00,PUR_IED_BrasiliaU_A125_304280,PUR_IED_BrasiliaU_A125_304280,,,,,
2026-09-12T12:16:10-05:00,PUR_IED_BrasiliaU_A203_7c8ca5,PUR_IED_BrasiliaU_A203_7c8ca5,,,,,
2026-09-12T12:16:10-05:00,PUR_IED_BrasiliaU_Ext_8d6e9f,PUR_IED_BrasiliaU_Ext_8d6e9f,4,20,57,4.5175,-74.116302
2026-09-12T12:16:10-05:00,PUR_IED_Brasilia_Ext_fe6593,PUR_IED_Brasilia_Ext_fe6593,,,,,
2026-09-12T12:16:10-05:00,PUR_IED_Brasilia_S24_7c130d,PUR_IED_Brasilia_S24_7c130d,,,,,
2026-09-12T12:16:10-05:00,PUR_IED_Brasilia_S501_186a54,PUR_IED_Brasilia_S501_186a54,,,,,
2026-09-12T12:16:10-05:00,PUR_IED_CHARRY_EXT_f1d5cd,PUR_IED_CHARRY_EXT_f1d5cd,,,,,
2026-09-12T12:16:10-05:00,PUR_IED_CHARRY_INTDANZAS_7a08e6,PUR_IED_CHARRY_INTDANZAS_7a08e6,,,,,
2026-09-12T12:16:10-05:00,PUR_IED_CHARRY_INT_AULA20_dc998d,PUR_IED_CHARRY_INT_AULA20_dc998d,,,,,
2026-09-12T12:16:10-05:00,PUR_IED_COLVIV_1101_S25_7f520a,PUR_IED_COLVIV_1101_S25_7f520a,,,,,
2026-09-12T12:16:10-05:00,PUR_IED_COLVIV_1102_S16_f570ba,PUR_IED_COLVIV_1102_S16_f570ba,,,,,
2026-09-12T12:16:10-05:00,PUR_IED_COLVIV_Ext_1a26fa,PUR_IED_COLVIV_Ext_1a26fa,,,,,
2026-09-12T12:16:10-05:00,PUR_IED_CULPOP_301A_f660f3,PUR_IED_CULPOP_301A_f660f3,,,,,
2026-09-12T12:16:10-05:00,PUR_IED_CULPOP_303_568afe,PUR_IED_CULPOP_303_568afe,,,,,
2026-09-12T12:16:10-05:00,PUR_IED_CULPOP_Ext_e02ccb,PUR_IED_CULPOP_Ext_e02ccb,,,,,
2026-09-12T12:16:10-05:00,PUR_IED_CVillavicen_Ext_26eb58,PUR_IED_CVillavicen_Ext_26eb58,4,18,72,4.487,-74.102798
2026-09-12T12:16:10-05:00,PUR_IED_CVillavicen_Intel_1ce5c2,PUR_IED_CVillavicen_Intel_1ce5c2,,,,,
2026-09-12T12:16:10-05:00,PUR_IED_CVillavicen_Poliv_e0766c,PUR_IED_CVillavicen_Poliv_e0766c,,,,,
2026-09-12T12:16:10-05:00,PUR_IED_CVillavicen_int_1ba140,PUR_IED_CVillavicen_int_1ba140,,,,,
2026-09-12T12:16:10-05:00,PUR_IED_CVillavicen_intel_1ba140,PUR_IED_CVillavicen_intel_1ba140,,,,,
2026-09-12T12:16:10-05:00,PUR_IED_CarlosPizarro_Ext_e307cc,PUR_IED_CarlosPizarro_Ext_e307cc,,,,,
2026-09-12T12:16:10-05:00,PUR_IED_CarlosPizarro_L36_7e5cdb,PUR_IED_CarlosPizarro_L36_7e5cdb,,,,,
2026-09-12T12:16:10-05:00,PUR_IED_CarlosPizarro_L37_c8566c,PUR_IED_CarlosPizarro_L37_c8566c,,,,,
2026-09-12T12:16:10-05:00,PUR_IED_Castilla_Ext_cf35f,PUR_IED_Castilla_Ext_cf35f,,,,,
2026-09-12T12:16:10-05:00,PUR_IED_Castilla_SFisik_360e38,PUR_IED_Castilla_SFisik_360e38,,,,,
2026-09-12T12:16:10-05:00,PUR_IED_Castilla_Sc304_496fbf,PUR_IED_Castilla_Sc304_496fbf,,,,,
2026-09-12T12:16:10-05:00,PUR_IED_CervantesSa_Ext_6b57b,PUR_IED_CervantesSa_Ext_6b57b,3,20,61,4.5128,-74.117203
2026-09-12T12:16:10-05:00,PUR_IED_CervantesSa_S107_225c2b,PUR_IED_CervantesSa_S107_225c2b,,,,,
2026-09-12T12:16:10-05:00,PUR_IED_CervantesSa_S108_940925,PUR_IED_CervantesSa_S108_940925,,,,,
2026-09-12T12:16:10-05:00,PUR_IED_Charry_A20_f53e7c,PUR_IED_Charry_A20_f53e7c,,,,,
2026-09-12T12:16:10-05:00,PUR_IED_Charry_Ext_f1d5cd,PUR_IED_Charry_Ext_f1d5cd,,,,,
2026-09-12T12:16:10-05:00,PUR_IED_Charry_IntAula20_dc998d,PUR_IED_Charry_IntAula20_dc998d,,,,,
2026-09-12T12:16:10-05:00,PUR_IED_Charry_IntDanzas_7a08e6,PUR_IED_Charry_IntDanzas_7a08e6,,,,,
2026-09-12T12:16:10-05:00,PUR_IED_ClememciaC_203_43e2fc,PUR_IED_ClememciaC_203_43e2fc,,,,,
2026-09-12T12:16:10-05:00,PUR_IED_ClememciaC_Ext_1b411a,PUR_IED_ClememciaC_Ext_1b411a,,,,,
2026-09-12T12:16:10-05:00,PUR_IED_ClememciaC_Quimic_44b5fc,PUR_IED_ClememciaC_Quimic_44b5fc,,,,,
2026-09-12T12:16:10-05:00,PUR_IED_ClemenciaC_203_43e2fc,PUR_IED_ClemenciaC_203_43e2fc,,,,,
2026-09-12T12:16:10-05:00,PUR_IED_ClemenciaC_Ext_1b411a,PUR_IED_ClemenciaC_Ext_1b411a,,,,,
2026-09-12T12:16:10-05:00,PUR_IED_ClemenciaC_Quimic_44b5fc,PUR_IED_ClemenciaC_Quimic_44b5fc,,,,,
2026-09-12T12:16:10-05:00,PUR_IED_ColViva_1101_S25_7f520a,PUR_IED_ColViva_1101_S25_7f520a,,,,,
2026-09-12T12:16:10-05:00,PUR_IED_ColViva_1102_S16_f570ba,PUR_IED_ColViva_1102_S16_f570ba,,,,,
2026-09-12T12:16:10-05:00,PUR_IED_ColViva_Ext_1a26fa,PUR_IED_ColViva_Ext_1a26fa,,,,,
2026-09-12T12:16:10-05:00,PUR_IED_ColegioBici_Asist_7c8798,PUR_IED_ColegioBici_Asist_7c8798,,,,,
2026-09-12T12:16:10-05:00,PUR_IED_ColegioBici_Ext_25cbf6,PUR_IED_ColegioBici_Ext_25cbf6,,,,,
2026-09-12T12:16:10-05:00,PUR_IED_ColegioBici_LabQ_7b57db,PUR_IED_ColegioBici_LabQ_7b57db,,,,,
2026-09-12T12:16:10-05:00,PUR_IED_CostaRica_Ext_5e640,PUR_IED_CostaRica_Ext_5e640,,,,,
2026-09-12T12:16:10-05:00,PUR_IED_CostaRica_Quim1_766d1c,PUR_IED_CostaRica_Quim1_766d1c,,,,,
2026-09-12T12:16:10-05:00,PUR_IED_CostaRica__Fisica_6f0873,PUR_IED_CostaRica__Fisica_6f0873,,,,,
2026-09-12T12:16:10-05:00,PUR_IED_CulPopu_301A_f660f3,PUR_IED_CulPopu_301A_f660f3,,,,,
2026-09-12T12:16:10-05:00,PUR_IED_CulPopu_303_568afe,PUR_IED_CulPopu_303_568afe,,,,,
2026-09-12T12:16:10-05:00,PUR_IED_CulPopu_Ext_e02ccb,PUR_IED_CulPopu_Ext_e02ccb,,,,,
2026-09-12T12:16:10-05:00,PUR_IED_Cundinamarca_Ext_f15985,PUR_IED_Cundinamarca_Ext_f15985,,,,,
2026-09-12T12:16:10-05:00,PUR_IED_Cundinamarca_Info_7aa5d7,PUR_IED_Cundinamarca_Info_7aa5d7,,,,,
2026-09-12T12:16:10-05:00,PUR_IED_Cundinamarca_Tec2_f449c7,PUR_IED_Cundinamarca_Tec2_f449c7,,,,,
2026-09-12T12:16:10-05:00,PUR_IED_DiegoM_Aula1_27b314,PUR_IED_DiegoM_Aula1_27b314,,,,,
2026-09-12T12:16:10-05:00,PUR_IED_DiegoM_Ext_d80ac8,PUR_IED_DiegoM_Ext_d80ac8,,,,,
2026-09-12T12:16:10-05:00,PUR_IED_DiegoM_S25_da928f,PUR_IED_DiegoM_S25_da928f,,,,,
2026-09-12T12:16:10-05:00,PUR_IED_ELRODEO_360881,PUR_IED_ELRODEO_360881,,,,,
2026-09-12T12:16:10-05:00,PUR_IED_ELRODEO_ext_360881,PUR_IED_ELRODEO_ext_360881,,,,,
2026-09-12T12:16:10-05:00,PUR_IED_EduardoU_Ext_1c1969,PUR_IED_EduardoU_Ext_1c1969,,,,,
2026-09-12T12:16:10-05:00,PUR_IED_EduardoU_SCiencia_4dfb94,PUR_IED_EduardoU_SCiencia_4dfb94,,,,,
2026-09-12T12:16:10-05:00,PUR_IED_EduardoU_SQuimica_5a46e7,PUR_IED_EduardoU_SQuimica_5a46e7,,,,,
2026-09-12T12:16:10-05:00,PUR_IED_ElRodeo_Aula14_676984,PUR_IED_ElRodeo_Aula14_676984,,,,,
2026-09-12T12:16:10-05:00,PUR_IED_ElRodeo_Aula16_2dd35b,PUR_IED_ElRodeo_Aula16_2dd35b,,,,,
2026-09-12T12:16:10-05:00,PUR_IED_ElRodeo_Ext_360881,PUR_IED_ElRodeo_Ext_360881,,,,,
2026-09-12T12:16:10-05:00,PUR_IED_ElRodeo_Exterior_8c6d28,PUR_IED_ElRodeo_Exterior_8c6d28,,,,,
2026-09-12T12:16:10-05:00,PUR_IED_ElRodeo_ext_360881,PUR_IED_ElRodeo_ext_360881,,,,,
2026-09-12T12:16:10-05:00,PUR_IED_EmmaReyes_Ext_987625,PUR_IED_EmmaReyes_Ext_987625,2,22,46,4.6367,-74.1511
2026-09-12T12:16:10-05:00,PUR_IED_Ensueño_Ext_7f0250,PUR_IED_Ensueño_Ext_7f0250,,,,,
2026-09-12T12:16:10-05:00,PUR_IED_EscNormal_Ext_5fef3b,PUR_IED_EscNormal_Ext_5fef3b,2,23,49,4.5852,-74.096901
2026-09-12T12:16:10-05:00,PUR_IED_EscNormal_S309_5b263,PUR_IED_EscNormal_S309_5b263,,,,,
2026-09-12T12:16:10-05:00,PUR_IED_EscNormal_S310_27b3b8,PUR_IED_EscNormal_S310_27b3b8,,,,,
2026-09-12T12:16:10-05:00,PUR_IED_Evangelista_Conta_f6cd4f,PUR_IED_Evangelista_Conta_f6cd4f,,,,,
2026-09-12T12:16:10-05:00,PUR_IED_Evangelista_Cri_5e16a,PUR_IED_Evangelista_Cri_5e16a,,,,,
2026-09-12T12:16:10-05:00,PUR_IED_Evangelista_Exter_754066,PUR_IED_Evangelista_Exter_754066,,,,,
2026-09-12T12:16:10-05:00,PUR_IED_FMiranda_S209_5cc2a3,PUR_IED_FMiranda_S209_5cc2a3,,,,,
2026-09-12T12:16:10-05:00,PUR_IED_FMiranda_S303_19e344,PUR_IED_FMiranda_S303_19e344,,,,,
2026-09-12T12:16:10-05:00,PUR_IED_FMiranda_ext_f53e7c,PUR_IED_FMiranda_ext_f53e7c,,,,,
2026-09-12T12:16:10-05:00,PUR_IED_FabioLozano_Bibli_1cee05,PUR_IED_FabioLozano_Bibli_1cee05,,,,,
2026-09-12T12:16:10-05:00,PUR_IED_FabioLozano_Ext_6ea285,PUR_IED_FabioLozano_Ext_6ea285,,,,,
2026-09-12T12:16:10-05:00,PUR_IED_FabioLozano_SLudi_f09e1e,PUR_IED_FabioLozano_SLudi_f09e1e,,,,,
2026-09-12T12:16:10-05:00,PUR_IED_FaustinoS_Aula07_27a731,PUR_IED_FaustinoS_Aula07_27a731,,,,,
2026-09-12T12:16:10-05:00,PUR_IED_FaustinoS_Ext_7b936f,PUR_IED_FaustinoS_Ext_7b936f,,,,,
2026-09-12T12:16:10-05:00,PUR_IED_FaustinoS_Fisica_da2c60,PUR_IED_FaustinoS_Fisica_da2c60,,,,,
2026-09-12T12:16:10-05:00,PUR_IED_FeGarciaLo_Ext_dc68ee,PUR_IED_FeGarciaLo_Ext_dc68ee,,,,,
2026-09-12T12:16:10-05:00,PUR_IED_FeGarciaLo_SDanza_f70a59,PUR_IED_FeGarciaLo_SDanza_f70a59,,,,,
2026-09-12T12:16:10-05:00,PUR_IED_FeGarciaLo_SMusic_125cdd,PUR_IED_FeGarciaLo_SMusic_125cdd,,,,,
2026-09-12T12:16:10-05:00,PUR_IED_FederalAlema_Exte_50c345,PUR_IED_FederalAlema_Exte_50c345,,,,,
2026-09-12T12:16:10-05:00,PUR_IED_FederalAlema_S31_f18371,PUR_IED_FederalAlema_S31_f18371,,,,,
2026-09-12T12:16:10-05:00,PUR_IED_FederalAlema_S901_a62cd,PUR_IED_FederalAlema_S901_a62cd,,,,,
2026-09-12T12:16:10-05:00,PUR_IED_FilarmonicaS_A5_f35eb1,PUR_IED_FilarmonicaS_A5_f35eb1,,,,,
2026-09-12T12:16:10-05:00,PUR_IED_FilarmonicaS_Ext_8a3bde,PUR_IED_FilarmonicaS_Ext_8a3bde,,,,,
2026-09-12T12:16:10-05:00,PUR_IED_FilarmonicaS_Spol_406114,PUR_IED_FilarmonicaS_Spol_406114,,,,,
2026-09-12T12:16:10-05:00,PUR_IED_FlorentinoG_A13_d1fa59,PUR_IED_FlorentinoG_A13_d1fa59,,,,,
2026-09-12T12:16:10-05:00,PUR_IED_FlorentinoG_Ext_1ce6ce,PUR_IED_FlorentinoG_Ext_1ce6ce,,,,,
2026-09-12T12:16:10-05:00,PUR_IED_FlorentinoG_Idiom_a66aac,PUR_IED_FlorentinoG_Idiom_a66aac,,,,,
2026-09-12T12:16:10-05:00,PUR_IED_FranciscoMati_Ext_e3869d,PUR_IED_FranciscoMati_Ext_e3869d,,,,,
2026-09-12T12:16:10-05:00,PUR_IED_FranciscoMati_S13_f31c67,PUR_IED_FranciscoMati_S13_f31c67,,,,,
2026-09-12T12:16:10-05:00,PUR_IED_FranciscoMati_S14_97dead,PUR_IED_FranciscoMati_S14_97dead,,,,,
2026-09-12T12:16:10-05:00,PUR_IED_FranciscoPS_Ext_7bfa9a,PUR_IED_FranciscoPS_Ext_7bfa9a,2,23,49,4.5899,-74.110397
2026-09-12T12:16:10-05:00,PUR_IED_FranciscoPS_Infor_fb8f4c,PUR_IED_FranciscoPS_Infor_fb8f4c,,,,,
2026-09-12T12:16:10-05:00,PUR_IED_FranciscoPS_Quimi_94d39c,PUR_IED_FranciscoPS_Quimi_94d39c,,,,,
2026-09-12T12:16:10-05:00,PUR_IED_FranciscoP_LabQ_d7e148,PUR_IED_FranciscoP_LabQ_d7e148,,,,,
2026-09-12T12:16:10-05:00,PUR_IED_FranciscoP_S28_cf9b30,PUR_IED_FranciscoP_S28_cf9b30,,,,,
2026-09-12T12:16:10-05:00,PUR_IED_FranciscoP_ext_e2313,PUR_IED_FranciscoP_ext_e2313,,,,,
2026-09-12T12:16:10-05:00,PUR_IED_FriederichN_Ext_8ac92a,PUR_IED_FriederichN_Ext_8ac92a,,,,,
2026-09-12T12:16:10-05:00,PUR_IED_FriederichN_S301_dd7e5a,PUR_IED_FriederichN_S301_dd7e5a,,,,,
2026-09-12T12:16:10-05:00,PUR_IED_FriederichN_S308_761f4f,PUR_IED_FriederichN_S308_761f4f,,,,,
2026-09-12T12:16:10-05:00,PUR_IED_GSantander_Aula10_533dd7,PUR_IED_GSantander_Aula10_533dd7,,,,,
2026-09-12T12:16:10-05:00,PUR_IED_GSantander_Aula12_fd4e4f,PUR_IED_GSantander_Aula12_fd4e4f,,,,,
2026-09-12T12:16:10-05:00,PUR_IED_GSantander_Aula310_533dd7,PUR_IED_GSantander_Aula310_533dd7,,,,,
2026-09-12T12:16:10-05:00,PUR_IED_GSantander_Aula312_fd4e4f,PUR_IED_GSantander_Aula312_fd4e4f,,,,,
2026-09-12T12:16:10-05:00,PUR_IED_GSantander_Ext_5f66b0,PUR_IED_GSantander_Ext_5f66b0,,,,,
2026-09-12T12:16:10-05:00,PUR_IED_GYomasa_Ext_f6bea5,PUR_IED_GYomasa_Ext_f6bea5,,,,,
2026-09-12T12:16:10-05:00,PUR_IED_GYomasa_LBiol_2c41aa,PUR_IED_GYomasa_LBiol_2c41aa,,,,,
2026-09-12T12:16:10-05:00,PUR_IED_GYomasa_LQuim_33c80,PUR_IED_GYomasa_LQuim_33c80,,,,,
2026-09-12T12:16:10-05:00,PUR_IED_GabBetMejia_Cienc_5a99c,PUR_IED_GabBetMejia_Cienc_5a99c,,,,,
2026-09-12T12:16:10-05:00,PUR_IED_GabBetMejia_Ext_9153d0,PUR_IED_GabBetMejia_Ext_9153d0,,,,,
2026-09-12T12:16:10-05:00,PUR_IED_GabBetMejia_Lab_f55347,PUR_IED_GabBetMejia_Lab_f55347,,,,,
2026-09-12T12:16:10-05:00,PUR_IED_GabBetanMejia_Ext_9153d0,PUR_IED_GabBetanMejia_Ext_9153d0,,,,,
2026-09-12T12:16:10-05:00,PUR_IED_Gaitana_Aula13_7aac11,PUR_IED_Gaitana_Aula13_7aac11,,,,,
2026-09-12T12:16:10-05:00,PUR_IED_Gaitana_Ext_5fcf4,PUR_IED_Gaitana_Ext_5fcf4,,,,,
2026-09-12T12:16:10-05:00,PUR_IED_Gaitana_LabFisica_644448,PUR_IED_Gaitana_LabFisica_644448,,,,,
2026-09-12T12:16:10-05:00,PUR_IED_GenSantander_Dise_8ac858,PUR_IED_GenSantander_Dise_8ac858,,,,,
2026-09-12T12:16:10-05:00,PUR_IED_GenSantander_Ext_8d5dfe,PUR_IED_GenSantander_Ext_8d5dfe,,,,,
2026-09-12T12:16:10-05:00,PUR_IED_GenSantander_Info_6c25b,PUR_IED_GenSantander_Info_6c25b,,,,,
2026-09-12T12:16:10-05:00,PUR_IED_GustavoMo_Exterio_75e63d,PUR_IED_GustavoMo_Exterio_75e63d,,,,,
2026-09-12T12:16:10-05:00,PUR_IED_GustavoMo_LabFisi_224d37,PUR_IED_GustavoMo_LabFisi_224d37,,,,,
2026-09-12T12:16:10-05:00,PUR_IED_GustavoMo_S208_3e6918,PUR_IED_GustavoMo_S208_3e6918,,,,,
2026-09-12T12:16:10-05:00,PUR_IED_GustavoR_A02_8cd4a8,PUR_IED_GustavoR_A02_8cd4a8,,,,,
2026-09-12T12:16:10-05:00,PUR_IED_GustavoR_B11_5b0ed,PUR_IED_GustavoR_B11_5b0ed,,,,,
2026-09-12T12:16:10-05:00,PUR_IED_GustavoR_Ext_7a0c90,PUR_IED_GustavoR_Ext_7a0c90,,,,,
2026-09-12T12:16:10-05:00,PUR_IED_HernandoDuran_Ext_8cd82b,PUR_IED_HernandoDuran_Ext_8cd82b,,,,,
2026-09-12T12:16:10-05:00,PUR_IED_HernandoDuran_S24_2772c6,PUR_IED_HernandoDuran_S24_2772c6,,,,,
2026-09-12T12:16:10-05:00,PUR_IED_HernandoDuran_S30_f2de41,PUR_IED_HernandoDuran_S30_f2de41,,,,,
2026-09-12T12:16:10-05:00,PUR_IED_HolguInUr_S1101_8cd732,PUR_IED_HolguInUr_S1101_8cd732,,,,,
2026-09-12T12:16:10-05:00,PUR_IED_HolguinUr_Exter_ddae6d,PUR_IED_HolguinUr_Exter_ddae6d,,,,,
2026-09-12T12:16:10-05:00,PUR_IED_HolguinUr_LabQuim_92b952,PUR_IED_HolguinUr_LabQuim_92b952,,,,,
2026-09-12T12:16:10-05:00,PUR_IED_Isabel-II_Ext_5245cc,PUR_IED_Isabel-II_Ext_5245cc,2,21,49,4.6336,-74.153
2026-09-12T12:16:10-05:00,PUR_IED_Isabel-II_S_idiom_1c29aa,PUR_IED_Isabel-II_S_idiom_1c29aa,,,,,
2026-09-12T12:16:10-05:00,PUR_IED_Isabel-II_S_infor_fd741,PUR_IED_Isabel-II_S_infor_fd741,,,,,
2026-09-12T12:16:10-05:00,PUR_IED_IsidroSur_Exterio_5b90ea,PUR_IED_IsidroSur_Exterio_5b90ea,,,,,
2026-09-12T12:16:10-05:00,PUR_IED_IsidroSur_LabTec_56697a,PUR_IED_IsidroSur_LabTec_56697a,,,,,
2026-09-12T12:16:10-05:00,PUR_IED_IsidroSur_Robotic_b7c38f,PUR_IED_IsidroSur_Robotic_b7c38f,,,,,
2026-09-12T12:16:10-05:00,PUR_IED_IsmaelPerd_Ext_7b6672,PUR_IED_IsmaelPerd_Ext_7b6672,,,,,
2026-09-12T12:16:10-05:00,PUR_IED_IsmaelPerd_Inform_306540,PUR_IED_IsmaelPerd_Inform_306540,,,,,
2026-09-12T12:16:10-05:00,PUR_IED_IsmaelPerd_S30_2e2c83,PUR_IED_IsmaelPerd_S30_2e2c83,,,,,
2026-09-12T12:16:10-05:00,PUR_IED_JLozano_Exter_432910,PUR_IED_JLozano_Exter_432910,,,,,
2026-09-12T12:16:10-05:00,PUR_IED_JLozano_salaMulti_df5125,PUR_IED_JLozano_salaMulti_df5125,,,,,
2026-09-12T12:16:10-05:00,PUR_IED_JMCordoba_206_86f80b,PUR_IED_JMCordoba_206_86f80b,,,,,
2026-09-12T12:16:10-05:00,PUR_IED_JMCordoba_Ext_27ad97,PUR_IED_JMCordoba_Ext_27ad97,,,,,
2026-09-12T12:16:10-05:00,PUR_IED_JMCordoba_S310_d59ab4,PUR_IED_JMCordoba_S310_d59ab4,,,,,
2026-09-12T12:16:10-05:00,PUR_IED_Japon_Ext_549100,PUR_IED_Japon_Ext_549100,,,,,
2026-09-12T12:16:10-05:00,PUR_IED_Japon_Laboratorio_bec51d,PUR_IED_Japon_Laboratorio_bec51d,,,,,
2026-09-12T12:16:10-05:00,PUR_IED_Japon_informatica_d99327,PUR_IED_Japon_informatica_d99327,,,,,
2026-09-12T12:16:10-05:00,PUR_IED_Jazmin_Ext_d27bda,PUR_IED_Jazmin_Ext_d27bda,,,,,
2026-09-12T12:16:10-05:00,PUR_IED_Jazmin_Fisica_8d14d7,PUR_IED_Jazmin_Fisica_8d14d7,,,,,
2026-09-12T12:16:10-05:00,PUR_IED_Jazmin_Quimica_801cb5,PUR_IED_Jazmin_Quimica_801cb5,,,,,
2026-09-12T12:16:10-05:00,PUR_IED_JorgeGaitan_Exter_f098d1,PUR_IED_JorgeGaitan_Exter_f098d1,,,,,
2026-09-12T12:16:10-05:00,PUR_IED_JorgeGaitan_STec1_dc9d1d,PUR_IED_JorgeGaitan_STec1_dc9d1d,,,,,
2026-09-12T12:16:10-05:00,PUR_IED_JorgeGaitan_STec2_281e69,PUR_IED_JorgeGaitan_STec2_281e69,,,,,
2026-09-12T12:16:10-05:00,PUR_IED_JorgeSoto_Exterio_d9d0a2,PUR_IED_JorgeSoto_Exterio_d9d0a2,,,,,
2026-09-12T12:16:10-05:00,PUR_IED_JorgeSoto_LabFisi_209c54,PUR_IED_JorgeSoto_LabFisi_209c54,,,,,
2026-09-12T12:16:10-05:00,PUR_IED_JorgeSoto_S103_27b51a,PUR_IED_JorgeSoto_S103_27b51a,,,,,
2026-09-12T12:16:10-05:00,PUR_IED_JoseAcevedo_A02_e965eb,PUR_IED_JoseAcevedo_A02_e965eb,,,,,
2026-09-12T12:16:10-05:00,PUR_IED_JoseAcevedo_A07_dd5b4,PUR_IED_JoseAcevedo_A07_dd5b4,,,,,
2026-09-12T12:16:10-05:00,PUR_IED_JoseAcevedo_Ext_b47484,PUR_IED_JoseAcevedo_Ext_b47484,,,,,
2026-09-12T12:16:10-05:00,PUR_IED_JoseMarti_Exte_5b9bf,PUR_IED_JoseMarti_Exte_5b9bf,,,,,
2026-09-12T12:16:10-05:00,PUR_IED_JoseMarti_LabQuim_1c6c2d,PUR_IED_JoseMarti_LabQuim_1c6c2d,,,,,
2026-09-12T12:16:10-05:00,PUR_IED_JoseMarti_S_info_f5f177,PUR_IED_JoseMarti_S_info_f5f177,,,,,
2026-09-12T12:16:10-05:00,PUR_IED_Josejoaquin_Ext_dfc5dc,PUR_IED_Josejoaquin_Ext_dfc5dc,,,,,
2026-09-12T12:16:10-05:00,PUR_IED_Josejoaquin_S05_5b2a96,PUR_IED_Josejoaquin_S05_5b2a96,,,,,
2026-09-12T12:16:10-05:00,PUR_IED_Josejoaquin_S06_1ce7d2,PUR_IED_Josejoaquin_S06_1ce7d2,,,,,
2026-09-12T12:16:10-05:00,PUR_IED_JulioFlorez_Danza_9b82dd,PUR_IED_JulioFlorez_Danza_9b82dd,,,,,
2026-09-12T12:16:10-05:00,PUR_IED_JulioFlorez_Exter_f9f314,PUR_IED_JulioFlorez_Exter_f9f314,,,,,
2026-09-12T12:16:10-05:00,PUR_IED_JulioFlorez_info2_6b6e08,PUR_IED_JulioFlorez_info2_6b6e08,,,,,
2026-09-12T12:16:10-05:00,PUR_IED_LaBelleza_Aula13_1d00d8,PUR_IED_LaBelleza_Aula13_1d00d8,,,,,
2026-09-12T12:16:10-05:00,PUR_IED_LaBelleza_Ext_7bc08c,PUR_IED_LaBelleza_Ext_7bc08c,,,,,
2026-09-12T12:16:10-05:00,PUR_IED_LaChucua_Ext_8cd6d2,PUR_IED_LaChucua_Ext_8cd6d2,,,,,
2026-09-12T12:16:10-05:00,PUR_IED_LaChucua_S15_f578ce,PUR_IED_LaChucua_S15_f578ce,,,,,
2026-09-12T12:16:10-05:00,PUR_IED_LaChucua_S16_eebcf9,PUR_IED_LaChucua_S16_eebcf9,,,,,
2026-09-12T12:16:10-05:00,PUR_IED_LaFelicidad_Ext_fb5109,PUR_IED_LaFelicidad_Ext_fb5109,,,,,
2026-09-12T12:16:10-05:00,PUR_IED_LaMerced_206_66ebd,PUR_IED_LaMerced_206_66ebd,,,,,
2026-09-12T12:16:10-05:00,PUR_IED_LaMerced_207_6ebd6,PUR_IED_LaMerced_207_6ebd6,,,,,
2026-09-12T12:16:10-05:00,PUR_IED_LaMerced_ext_304311,PUR_IED_LaMerced_ext_304311,,,,,
2026-09-12T12:16:10-05:00,PUR_IED_Laureano_CiencNat_281e5e,PUR_IED_Laureano_CiencNat_281e5e,,,,,
2026-09-12T12:16:10-05:00,PUR_IED_Laureano_Comedor_f65c0a,PUR_IED_Laureano_Comedor_f65c0a,,,,,
2026-09-12T12:16:10-05:00,PUR_IED_Laureano_Exterior_7ab011,PUR_IED_Laureano_Exterior_7ab011,,,,,
2026-09-12T12:16:10-05:00,PUR_IED_LeonGreiff_Exte_dfe560,PUR_IED_LeonGreiff_Exte_dfe560,,,,,
2026-09-12T12:16:10-05:00,PUR_IED_LeonGreiff_S210_f264ed,PUR_IED_LeonGreiff_S210_f264ed,,,,,
2026-09-12T12:16:10-05:00,PUR_IED_LeonGreiff_SQuimi_e8296f,PUR_IED_LeonGreiff_SQuimi_e8296f,,,,,
2026-09-12T12:16:10-05:00,PUR_IED_LlanoOrientalS208_7b9fcd,PUR_IED_LlanoOrientalS208_7b9fcd,,,,,
2026-09-12T12:16:10-05:00,PUR_IED_LlanoOriental_Ext_fb3766,PUR_IED_LlanoOriental_Ext_fb3766,,,,,
2026-09-12T12:16:10-05:00,PUR_IED_LlanoOriental_S208_7b9fcd,PUR_IED_LlanoOriental_S208_7b9fcd,,,,,
2026-09-12T12:16:10-05:00,PUR_IED_LlanoOriental_S9_27b378,PUR_IED_LlanoOriental_S9_27b378,,,,,
2026-09-12T12:16:10-05:00,PUR_IED_LosTejares_1101_477602,PUR_IED_LosTejares_1101_477602,,,,,
2026-09-12T12:16:10-05:00,PUR_IED_LosTejares_11_d2c595,PUR_IED_LosTejares_11_d2c595,,,,,
2026-09-12T12:16:10-05:00,PUR_IED_LosTejares_12_477602,PUR_IED_LosTejares_12_477602,,,,,
2026-09-12T12:16:10-05:00,PUR_IED_LosTejares_Ext_8e2115,PUR_IED_LosTejares_Ext_8e2115,,,,,
2026-09-12T12:16:10-05:00,PUR_IED_MagdalenaO_B202_5ddda3,PUR_IED_MagdalenaO_B202_5ddda3,,,,,
2026-09-12T12:16:10-05:00,PUR_IED_MagdalenaO_B205_fb76e8,PUR_IED_MagdalenaO_B205_fb76e8,,,,,
2026-09-12T12:16:10-05:00,PUR_IED_MagdalenaO_ext_dc69cd,PUR_IED_MagdalenaO_ext_dc69cd,,,,,
2026-09-12T12:16:10-05:00,PUR_IED_ManueCepeda_artes_eee956,PUR_IED_ManueCepeda_artes_eee956,,,,,
2026-09-12T12:16:10-05:00,PUR_IED_ManuelCepeda_Ext_58313,PUR_IED_ManuelCepeda_Ext_58313,,,,,
2026-09-12T12:16:10-05:00,PUR_IED_ManuelCepeda_tec_1c5731,PUR_IED_ManuelCepeda_tec_1c5731,,,,,
2026-09-12T12:16:10-05:00,PUR_IED_ManuelS_Exterior_5b269,PUR_IED_ManuelS_Exterior_5b269,,,,,
2026-09-12T12:16:10-05:00,PUR_IED_ManuelS_Inform_f369ce,PUR_IED_ManuelS_Inform_f369ce,,,,,
2026-09-12T12:16:10-05:00,PUR_IED_ManuelS_SArtes_7d15f1,PUR_IED_ManuelS_SArtes_7d15f1,,,,,
2026-09-12T12:16:10-05:00,PUR_IED_ManuelZapata_303_3ca6,PUR_IED_ManuelZapata_303_3ca6,,,,,
2026-09-12T12:16:10-05:00,PUR_IED_ManuelZapata_311_bfbabc,PUR_IED_ManuelZapata_311_bfbabc,,,,,
2026-09-12T12:16:10-05:00,PUR_IED_ManuelZapata_Ext_50824a,PUR_IED_ManuelZapata_Ext_50824a,,,,,
2026-09-12T12:16:10-05:00,PUR_IED_ManuelitaS_Exteri_656a92,PUR_IED_ManuelitaS_Exteri_656a92,,,,,
2026-09-12T12:16:10-05:00,PUR_IED_ManuelitaS_JuzgDe_f58ec3,PUR_IED_ManuelitaS_JuzgDe_f58ec3,,,,,
2026-09-12T12:16:10-05:00,PUR_IED_ManuelitaS_Recrea_d793db,PUR_IED_ManuelitaS_Recrea_d793db,,,,,
2026-09-12T12:16:10-05:00,PUR_IED_MarFidSuarez_Ext_c27b19,PUR_IED_MarFidSuarez_Ext_c27b19,,,,,
2026-09-12T12:16:10-05:00,PUR_IED_MarFidSuarez_Info_e384d7,PUR_IED_MarFidSuarez_Info_e384d7,,,,,
2026-09-12T12:16:10-05:00,PUR_IED_MarFidSuarez_S306_1d0032,PUR_IED_MarFidSuarez_S306_1d0032,,,,,
2026-09-12T12:16:10-05:00,PUR_IED_Menorah_301_2a25a3,PUR_IED_Menorah_301_2a25a3,,,,,
2026-09-12T12:16:10-05:00,PUR_IED_Menorah_306_37ed3,PUR_IED_Menorah_306_37ed3,,,,,
2026-09-12T12:16:10-05:00,PUR_IED_Menorah_Ext_3e155b,PUR_IED_Menorah_Ext_3e155b,,,,,
2026-09-12T12:16:10-05:00,PUR_IED_MinutoB.Aires_A11_1b1604,PUR_IED_MinutoB.Aires_A11_1b1604,,,,,
2026-09-12T12:16:10-05:00,PUR_IED_MinutoB.Aires_A12_fb5860,PUR_IED_MinutoB.Aires_A12_fb5860,,,,,
2026-09-12T12:16:10-05:00,PUR_IED_MinutoB.Aires_Ext_81293f,PUR_IED_MinutoB.Aires_Ext_81293f,,,,,
2026-09-12T12:16:10-05:00,PUR_IED_MinutoBAires_A11_1b1604,PUR_IED_MinutoBAires_A11_1b1604,,,,,
2026-09-12T12:16:10-05:00,PUR_IED_MinutoBAires_A12_fb5860,PUR_IED_MinutoBAires_A12_fb5860,,,,,
2026-09-12T12:16:10-05:00,PUR_IED_MinutoBAires_Ext_81293f,PUR_IED_MinutoBAires_Ext_81293f,,,,,
2026-09-12T12:16:10-05:00,PUR_IED_Montreal_Aula10_1e4959,PUR_IED_Montreal_Aula10_1e4959,,,,,
2026-09-12T12:16:10-05:00,PUR_IED_Montreal_Aula6_300367,PUR_IED_Montreal_Aula6_300367,,,,,
2026-09-12T12:16:10-05:00,PUR_IED_Montreal_Exterior_91a179,PUR_IED_Montreal_Exterior_91a179,,,,,
2026-09-12T12:16:10-05:00,PUR_IED_Mqgdalena_B202_5ddda3,PUR_IED_Mqgdalena_B202_5ddda3,,,,,
2026-09-12T12:16:10-05:00,PUR_IED_NACUND_Soc_dc8728,PUR_IED_NACUND_Soc_dc8728,,,,,
2026-09-12T12:16:10-05:00,PUR_IED_NACUND_ext_27ad97,PUR_IED_NACUND_ext_27ad97,,,,,
2026-09-12T12:16:10-05:00,PUR_IED_NEsperanza_Ext_d24b61,PUR_IED_NEsperanza_Ext_d24b61,,,,,
2026-09-12T12:16:10-05:00,PUR_IED_NEsperanza_SElect_7d1807,PUR_IED_NEsperanza_SElect_7d1807,,,,,
2026-09-12T12:16:10-05:00,PUR_IED_NEsperanza_SLabor_8b2d0a,PUR_IED_NEsperanza_SLabor_8b2d0a,,,,,
2026-09-12T12:16:10-05:00,PUR_IED_NacionesU_Ext_f661a9,PUR_IED_NacionesU_Ext_f661a9,,,,,
2026-09-12T12:16:10-05:00,PUR_IED_NacionesU_Quimica_66f0a,PUR_IED_NacionesU_Quimica_66f0a,,,,,
2026-09-12T12:16:10-05:00,PUR_IED_NacionesU_S306_1b4b3d,PUR_IED_NacionesU_S306_1b4b3d,,,,,
2026-09-12T12:16:10-05:00,PUR_IED_NestorFA_Ext_e4201c,PUR_IED_NestorFA_Ext_e4201c,,,,,
2026-09-12T12:16:10-05:00,PUR_IED_NestorFA_Laborato_f22fe0,PUR_IED_NestorFA_Laborato_f22fe0,,,,,
2026-09-12T12:16:10-05:00,PUR_IED_NestorFA_S204_dee996,PUR_IED_NestorFA_S204_dee996,,,,,
2026-09-12T12:16:10-05:00,PUR_IED_NidyaQT_Aula03_76999b,PUR_IED_NidyaQT_Aula03_76999b,,,,,
2026-09-12T12:16:10-05:00,PUR_IED_NidyaQT_Aula10_56325,PUR_IED_NidyaQT_Aula10_56325,,,,,
2026-09-12T12:16:10-05:00,PUR_IED_NidyaQT_Ext_46e32d,PUR_IED_NidyaQT_Ext_46e32d,,,,,
2026-09-12T12:16:10-05:00,PUR_IED_NuevaCol_Exterior_d9b859,PUR_IED_NuevaCol_Exterior_d9b859,,,,,
2026-09-12T12:16:10-05:00,PUR_IED_NuevaCol_S1101_76c43b,PUR_IED_NuevaCol_S1101_76c43b,,,,,
2026-09-12T12:16:10-05:00,PUR_IED_NuevaCol_S1102_1ce0b5,PUR_IED_NuevaCol_S1102_1ce0b5,,,,,
2026-09-12T12:16:10-05:00,PUR_IED_OEA_A202_f7e3f2,PUR_IED_OEA_A202_f7e3f2,,,,,
2026-09-12T12:16:10-05:00,PUR_IED_OEA_A203_7d1b8d,PUR_IED_OEA_A203_7d1b8d,,,,,
2026-09-12T12:16:10-05:00,PUR_IED_OEA_Ext_27b593,PUR_IED_OEA_Ext_27b593,,,,,
2026-09-12T12:16:10-05:00,PUR_IED_Ochoa_Ext_1c29da,PUR_IED_Ochoa_Ext_1c29da,,,,,
2026-09-12T12:16:10-05:00,PUR_IED_Ochoa_S205_8b1121,PUR_IED_Ochoa_S205_8b1121,,,,,
2026-09-12T12:16:10-05:00,PUR_IED_Ochoa_Sistemas_f33af6,PUR_IED_Ochoa_Sistemas_f33af6,,,,,
2026-09-12T12:16:10-05:00,PUR_IED_PQuebec_Ext_1c67c7,PUR_IED_PQuebec_Ext_1c67c7,,,,,
2026-09-12T12:16:10-05:00,PUR_IED_PQuebec_S15_23e8e2,PUR_IED_PQuebec_S15_23e8e2,,,,,
2026-09-12T12:16:10-05:00,PUR_IED_PQuebec_S16_8ec76b,PUR_IED_PQuebec_S16_8ec76b,,,,,
2026-09-12T12:16:10-05:00,PUR_IED_PabloN_Ext_49dc96,PUR_IED_PabloN_Ext_49dc96,,,,,
2026-09-12T12:16:10-05:00,PUR_IED_PabloN_S1102_4e3df5,PUR_IED_PabloN_S1102_4e3df5,,,,,
2026-09-12T12:16:10-05:00,PUR_IED_PabloN_S1103_50c94b,PUR_IED_PabloN_S1103_50c94b,,,,,
2026-09-12T12:16:10-05:00,PUR_IED_Palestina_S1101_db9198,PUR_IED_Palestina_S1101_db9198,,,,,
2026-09-12T12:16:10-05:00,PUR_IED_Palestina_S1102_dc54fa,PUR_IED_Palestina_S1102_dc54fa,,,,,
2026-09-12T12:16:10-05:00,PUR_IED_Palestina_ext_4ccce6,PUR_IED_Palestina_ext_4ccce6,,,,,
2026-09-12T12:16:10-05:00,PUR_IED_Panama_Fisica_4d0794,PUR_IED_Panama_Fisica_4d0794,,,,,
2026-09-12T12:16:10-05:00,PUR_IED_Panama_SIngles_a4077e,PUR_IED_Panama_SIngles_a4077e,,,,,
2026-09-12T12:16:10-05:00,PUR_IED_Panama_ext_4c54b4,PUR_IED_Panama_ext_4c54b4,,,,,
2026-09-12T12:16:10-05:00,PUR_IED_ParaisoM_Exterior_8cd7f0,PUR_IED_ParaisoM_Exterior_8cd7f0,,,,,
2026-09-12T12:16:10-05:00,PUR_IED_ParaisoM_Laborato_27af35,PUR_IED_ParaisoM_Laborato_27af35,,,,,
2026-09-12T12:16:10-05:00,PUR_IED_ParaisoM_S304_d1edca,PUR_IED_ParaisoM_S304_d1edca,,,,,
2026-09-12T12:16:10-05:00,PUR_IED_PorfirioBarba_Ext_301466,PUR_IED_PorfirioBarba_Ext_301466,,,,,
2026-09-12T12:16:10-05:00,PUR_IED_PorfirioBarba_S11_df6cd2,PUR_IED_PorfirioBarba_S11_df6cd2,,,,,
2026-09-12T12:16:10-05:00,PUR_IED_PorfirioBarba_S29_27a7d6,PUR_IED_PorfirioBarba_S29_27a7d6,,,,,
2026-09-12T12:16:10-05:00,PUR_IED_PradoV_Exter_8b27ad,PUR_IED_PradoV_Exter_8b27ad,,,,,
2026-09-12T12:16:10-05:00,PUR_IED_PradoV_S301_de65b5,PUR_IED_PradoV_S301_de65b5,,,,,
2026-09-12T12:16:10-05:00,PUR_IED_PradoV_S302_7d2593,PUR_IED_PradoV_S302_7d2593,,,,,
2026-09-12T12:16:10-05:00,PUR_IED_QuirogaAlz_Ext_1ddc82,PUR_IED_QuirogaAlz_Ext_1ddc82,,,,,
2026-09-12T12:16:10-05:00,PUR_IED_QuirogaAlz_S302_9926a3,PUR_IED_QuirogaAlz_S302_9926a3,,,,,
2026-09-12T12:16:10-05:00,PUR_IED_QuirogaAlz_S305_cdf1f1,PUR_IED_QuirogaAlz_S305_cdf1f1,,,,,
2026-09-12T12:16:10-05:00,PUR_IED_RGuatemala_Biling_dc53b7,PUR_IED_RGuatemala_Biling_dc53b7,,,,,
2026-09-12T12:16:10-05:00,PUR_IED_RGuatemala_Ext_1b89a3,PUR_IED_RGuatemala_Ext_1b89a3,,,,,
2026-09-12T12:16:10-05:00,PUR_IED_RGuatemala_Tecnol_281a34,PUR_IED_RGuatemala_Tecnol_281a34,,,,,
2026-09-12T12:16:10-05:00,PUR_IED_RafaNu_Ext_f7c302,PUR_IED_RafaNu_Ext_f7c302,,,,,
2026-09-12T12:16:10-05:00,PUR_IED_RafaNu_S1101_25fde,PUR_IED_RafaNu_S1101_25fde,,,,,
2026-09-12T12:16:10-05:00,PUR_IED_RafaNu_S1102_281517,PUR_IED_RafaNu_S1102_281517,,,,,
2026-09-12T12:16:10-05:00,PUR_IED_RafaelB_S305_ee2783,PUR_IED_RafaelB_S305_ee2783,,,,,
2026-09-12T12:16:10-05:00,PUR_IED_RafaelB_S306_75fe33,PUR_IED_RafaelB_S306_75fe33,,,,,
2026-09-12T12:16:10-05:00,PUR_IED_RafaelB_ext_283336,PUR_IED_RafaelB_ext_283336,,,,,
2026-09-12T12:16:10-05:00,PUR_IED_RafaelUU_Exterior_281a51,PUR_IED_RafaelUU_Exterior_281a51,,,,,
2026-09-12T12:16:10-05:00,PUR_IED_RafaelUU_Human_806b2,PUR_IED_RafaelUU_Human_806b2,,,,,
2026-09-12T12:16:10-05:00,PUR_IED_RafaelUU_Mate2_5680d4,PUR_IED_RafaelUU_Mate2_5680d4,,,,,
2026-09-12T12:16:10-05:00,PUR_IED_RamonSub_Ext_f9eeb9,PUR_IED_RamonSub_Ext_f9eeb9,,,,,
2026-09-12T12:16:10-05:00,PUR_IED_RamonSub_Media_d1f62f,PUR_IED_RamonSub_Media_d1f62f,,,,,
2026-09-12T12:16:10-05:00,PUR_IED_RamonSub_planta_51b82,PUR_IED_RamonSub_planta_51b82,,,,,
2026-09-12T12:16:10-05:00,PUR_IED_RepBoliVene_Exter_27af7c,PUR_IED_RepBoliVene_Exter_27af7c,,,,,
2026-09-12T12:16:10-05:00,PUR_IED_RepBoliVene_SCPT_5ae2ee,PUR_IED_RepBoliVene_SCPT_5ae2ee,,,,,
2026-09-12T12:16:10-05:00,PUR_IED_RepBoliVene_Socia_4b11d5,PUR_IED_RepBoliVene_Socia_4b11d5,,,,,
2026-09-12T12:16:10-05:00,PUR_IED_RepChina_Ext_76d9ee,PUR_IED_RepChina_Ext_76d9ee,,,,,
2026-09-12T12:16:10-05:00,PUR_IED_RepChina_S404_7c804c,PUR_IED_RepChina_S404_7c804c,,,,,
2026-09-12T12:16:10-05:00,PUR_IED_RepChina_S405_df2c33,PUR_IED_RepChina_S405_df2c33,,,,,
2026-09-12T12:16:10-05:00,PUR_IED_RepublicaC_Exteri_7d1ec9,PUR_IED_RepublicaC_Exteri_7d1ec9,,,,,
2026-09-12T12:16:10-05:00,PUR_IED_RepublicaC_S1101_f544b3,PUR_IED_RepublicaC_S1101_f544b3,,,,,
2026-09-12T12:16:10-05:00,PUR_IED_RepublicaC_S1102_7aafc7,PUR_IED_RepublicaC_S1102_7aafc7,,,,,
2026-09-12T12:16:10-05:00,PUR_IED_Ricaurte_Externo_a0ea1,PUR_IED_Ricaurte_Externo_a0ea1,,,,,
2026-09-12T12:16:10-05:00,PUR_IED_Ricaurte_S210_f546fd,PUR_IED_Ricaurte_S210_f546fd,,,,,
2026-09-12T12:16:10-05:00,PUR_IED_Ricaurte_S309_d4452,PUR_IED_Ricaurte_S309_d4452,,,,,
2026-09-12T12:16:10-05:00,PUR_IED_RogelioS_1102_531e69,PUR_IED_RogelioS_1102_531e69,,,,,
2026-09-12T12:16:10-05:00,PUR_IED_RogelioS_Ext_f25a18,PUR_IED_RogelioS_Ext_f25a18,,,,,
2026-09-12T12:16:10-05:00,PUR_IED_SBernardino_Ext_27aff8,PUR_IED_SBernardino_Ext_27aff8,,,,,
2026-09-12T12:16:10-05:00,PUR_IED_SBernardino_SArte_2ffd33,PUR_IED_SBernardino_SArte_2ffd33,,,,,
2026-09-12T12:16:10-05:00,PUR_IED_SBernardino_SIngl_7c7da5,PUR_IED_SBernardino_SIngl_7c7da5,,,,,
2026-09-12T12:16:10-05:00,PUR_IED_Sago_auditorio_dc9d1d,PUR_IED_Sago_auditorio_dc9d1d,,,,,
2026-09-12T12:16:10-05:00,PUR_IED_Saludcoop_Ext_95aac3,PUR_IED_Saludcoop_Ext_95aac3,,,,,
2026-09-12T12:16:10-05:00,PUR_IED_Saludcoop_InfI_90c854,PUR_IED_Saludcoop_InfI_90c854,,,,,
2026-09-12T12:16:10-05:00,PUR_IED_Saludcoop_SMedia_1b93be,PUR_IED_Saludcoop_SMedia_1b93be,,,,,
2026-09-12T12:16:10-05:00,PUR_IED_SanCarlos_1101_1a2360,PUR_IED_SanCarlos_1101_1a2360,,,,,
2026-09-12T12:16:10-05:00,PUR_IED_SanCarlos_1103_7bafb5,PUR_IED_SanCarlos_1103_7bafb5,,,,,
2026-09-12T12:16:10-05:00,PUR_IED_SanCarlos_Ext_b7cd1,PUR_IED_SanCarlos_Ext_b7cd1,,,,,
2026-09-12T12:16:10-05:00,PUR_IED_SanIgnacioBosa11a_50c26e,PUR_IED_SanIgnacioBosa11a_50c26e,,,,,
2026-09-12T12:16:10-05:00,PUR_IED_SanIgnacioBosa11b_371de8,PUR_IED_SanIgnacioBosa11b_371de8,,,,,
2026-09-12T12:16:10-05:00,PUR_IED_SanIgnacioBosaExt_ef0ffc,PUR_IED_SanIgnacioBosaExt_ef0ffc,,,,,
2026-09-12T12:16:10-05:00,PUR_IED_SanIgnacioBosa_11a_50c26e,PUR_IED_SanIgnacioBosa_11a_50c26e,,,,,
2026-09-12T12:16:10-05:00,PUR_IED_SanIgnacioBosa_Ext_ef0ffc,PUR_IED_SanIgnacioBosa_Ext_ef0ffc,,,,,
2026-09-12T12:16:10-05:00,PUR_IED_SanJoseN_intS1101_31c47f,PUR_IED_SanJoseN_intS1101_31c47f,,,,,
2026-09-12T12:16:10-05:00,PUR_IED_SanJoseUsm_Exter_f5d7e8,PUR_IED_SanJoseUsm_Exter_f5d7e8,,,,,
2026-09-12T12:16:10-05:00,PUR_IED_SanJoseUsm_Int11A_cfdef6,PUR_IED_SanJoseUsm_Int11A_cfdef6,,,,,
2026-09-12T12:16:10-05:00,PUR_IED_SilveriaR_IntB5_905349,PUR_IED_SilveriaR_IntB5_905349,,,,,
2026-09-12T12:16:10-05:00,PUR_IED_SilveriaR_IntSD14_981f93,PUR_IED_SilveriaR_IntSD14_981f93,,,,,
2026-09-12T12:16:10-05:00,PUR_IED_SilveriaR_ext_2b651d,PUR_IED_SilveriaR_ext_2b651d,,,,,
2026-09-12T12:16:10-05:00,PUR_IED_SimonB_Exterior_913975,PUR_IED_SimonB_Exterior_913975,,,,,
2026-09-12T12:16:10-05:00,PUR_IED_SimonB_LabQuimi_c56908,PUR_IED_SimonB_LabQuimi_c56908,,,,,
2026-09-12T12:16:10-05:00,PUR_IED_SimonB_informatic_a28c1,PUR_IED_SimonB_informatic_a28c1,,,,,
2026-09-12T12:16:10-05:00,PUR_IED_Sorrento_1102_315f50,PUR_IED_Sorrento_1102_315f50,,,,,
2026-09-12T12:16:10-05:00,PUR_IED_Sorrento_Minte_214eab,PUR_IED_Sorrento_Minte_214eab,,,,,
2026-09-12T12:16:10-05:00,PUR_IED_Sorrento_ext_7c3a0a,PUR_IED_Sorrento_ext_7c3a0a,,,,,
2026-09-12T12:16:10-05:00,PUR_IED_Tabora_Ext_f048ae,PUR_IED_Tabora_Ext_f048ae,,,,,
2026-09-12T12:16:10-05:00,PUR_IED_Tabora_S1102_b07752,PUR_IED_Tabora_S1102_b07752,,,,,
2026-09-12T12:16:10-05:00,PUR_IED_Tabora_S1103_d988f5,PUR_IED_Tabora_S1103_d988f5,,,,,
2026-09-12T12:16:10-05:00,PUR_IED_Tenerife_Ext_1ab188,PUR_IED_Tenerife_Ext_1ab188,,,,,
2026-09-12T12:16:10-05:00,PUR_IED_Tenerife_SDanzas_7bc02e,PUR_IED_Tenerife_SDanzas_7bc02e,,,,,
2026-09-12T12:16:10-05:00,PUR_IED_Tenerife_SIngles_7cc277,PUR_IED_Tenerife_SIngles_7cc277,,,,,
2026-09-12T12:16:10-05:00,PUR_IED_Tibabuyes_Exter_f2683d,PUR_IED_Tibabuyes_Exter_f2683d,,,,,
2026-09-12T12:16:10-05:00,PUR_IED_Tibabuyes_S10_dc87a8,PUR_IED_Tibabuyes_S10_dc87a8,,,,,
2026-09-12T12:16:10-05:00,PUR_IED_Tibabuyes_S15_dc0526,PUR_IED_Tibabuyes_S15_dc0526,,,,,
2026-09-12T12:16:10-05:00,PUR_IED_UnionE_S301_a1043,PUR_IED_UnionE_S301_a1043,,,,,
2026-09-12T12:16:10-05:00,PUR_IED_UnionE_S307_ff6c2f,PUR_IED_UnionE_S307_ff6c2f,,,,,
2026-09-12T12:16:10-05:00,PUR_IED_UnionE__Ext_5e2468,PUR_IED_UnionE__Ext_5e2468,,,,,
2026-09-12T12:16:10-05:00,PUR_IED_VillaRica_Ext_75be7c,PUR_IED_VillaRica_Ext_75be7c,,,,,
2026-09-12T12:16:10-05:00,PUR_IED_VillaRica_S4_cc5dcd,PUR_IED_VillaRica_S4_cc5dcd,,,,,
2026-09-12T12:16:10-05:00,PUR_IED_VillaRica_Sesp_99f5c,PUR_IED_VillaRica_Sesp_99f5c,,,,,
2026-09-12T12:21:10-05:00,PUR_IED_20deJulio_1101_91b1b9,PUR_IED_20deJulio_1101_91b1b9,,,,,
2026-09-12T12:21:10-05:00,PUR_IED_20deJulio_1102_1cfcf9,PUR_IED_20deJulio_1102_1cfcf9,,,,,
2026-09-12T12:21:10-05:00,PUR_IED_20deJulio_Ext_ab60bd,PUR_IED_20deJulio_Ext_ab60bd,,,,,
2026-09-12T12:21:10-05:00,PUR_IED_AgustinFer_Ext_7b9b77,PUR_IED_AgustinFer_Ext_7b9b77,,,,,
2026-09-12T12:21:10-05:00,PUR_IED_AgustinFer_Info2_27b3a7,PUR_IED_AgustinFer_Info2_27b3a7,,,,,
2026-09-12T12:21:10-05:00,PUR_IED_AgustinFer_Sena_54b4eb,PUR_IED_AgustinFer_Sena_54b4eb,,,,,
2026-09-12T12:21:10-05:00,PUR_IED_AlexanderF_1102_caf07b,PUR_IED_AlexanderF_1102_caf07b,,,,,
2026-09-12T12:21:10-05:00,PUR_IED_AlexanderF_1103_c79e71,PUR_IED_AlexanderF_1103_c79e71,,,,,
2026-09-12T12:21:10-05:00,PUR_IED_AlexanderF_Ext_c5b18b,PUR_IED_AlexanderF_Ext_c5b18b,,,,,
2026-09-12T12:21:10-05:00,PUR_IED_AlfonsoLopez_Ext_281d77,PUR_IED_AlfonsoLopez_Ext_281d77,,,,,
2026-09-12T12:21:10-05:00,PUR_IED_AlfonsoLopez_LabF_888ce0,PUR_IED_AlfonsoLopez_LabF_888ce0,,,,,
2026-09-12T12:21:10-05:00,PUR_IED_AlfonsoLopez_SMed_df6a7f,PUR_IED_AlfonsoLopez_SMed_df6a7f,,,,,
2026-09-12T12:21:10-05:00,PUR_IED_AltamiraSO_A2_209f92,PUR_IED_AltamiraSO_A2_209f92,,,,,
2026-09-12T12:21:10-05:00,PUR_IED_AltamiraSO_Ext_186d66,PUR_IED_AltamiraSO_Ext_186d66,,,,,
2026-09-12T12:21:10-05:00,PUR_IED_AltamiraSO_Sistem_27afe1,PUR_IED_AltamiraSO_Sistem_27afe1,,,,,
2026-09-12T12:21:10-05:00,PUR_IED_AlvaroGom_LabQuim_813179,PUR_IED_AlvaroGom_LabQuim_813179,,,,,
2026-09-12T12:21:10-05:00,PUR_IED_AlvaroGomez_Ext_47c7ca,PUR_IED_AlvaroGomez_Ext_47c7ca,,,,,
2026-09-12T12:21:10-05:00,PUR_IED_AlvaroGomez_LabQuim_813179,PUR_IED_AlvaroGomez_LabQuim_813179,,,,,
2026-09-12T12:21:10-05:00,PUR_IED_AlvaroGomez_S23_7ba89f,PUR_IED_AlvaroGomez_S23_7ba89f,,,,,
2026-09-12T12:21:10-05:00,PUR_IED_Amistad_306_dc8728,PUR_IED_Amistad_306_dc8728,,,,,
2026-09-12T12:21:10-05:00,PUR_IED_Amistad_Ext_8cd55e,PUR_IED_Amistad_Ext_8cd55e,,,,,
2026-09-12T12:21:10-05:00,PUR_IED_Amistad_S202_a41169,PUR_IED_Amistad_S202_a41169,,,,,
2026-09-12T12:21:10-05:00,PUR_IED_AndresBello_Bio_fd5f5e,PUR_IED_AndresBello_Bio_fd5f5e,,,,,
2026-09-12T12:21:10-05:00,PUR_IED_AndresBello_ext_dcad65,PUR_IED_AndresBello_ext_dcad65,,,,,
2026-09-12T12:21:10-05:00,PUR_IED_AndresBello_port_eed3ec,PUR_IED_AndresBello_port_eed3ec,,,,,
2026-09-12T12:21:10-05:00,PUR_IED_AngelaR_11b_d90a6b,PUR_IED_AngelaR_11b_d90a6b,,,,,
2026-09-12T12:21:10-05:00,PUR_IED_AngelaR_ext_7cad3e,PUR_IED_AngelaR_ext_7cad3e,2,21,55,4.5825,-74.164497
2026-09-12T12:21:10-05:00,PUR_IED_AntJoseSucre_10mo_df2575,PUR_IED_AntJoseSucre_10mo_df2575,,,,,
2026-09-12T12:21:10-05:00,PUR_IED_AntJoseSucre_Ext_215b36,PUR_IED_AntJoseSucre_Ext_215b36,,,,,
2026-09-12T12:21:10-05:00,PUR_IED_AntJoseSucre_Lab_3139de,PUR_IED_AntJoseSucre_Lab_3139de,,,,,
2026-09-12T12:21:10-05:00,PUR_IED_AntonioGarcia_301_d6b188,PUR_IED_AntonioGarcia_301_d6b188,,,,,
2026-09-12T12:21:10-05:00,PUR_IED_AntonioGarcia_302_88a82,PUR_IED_AntonioGarcia_302_88a82,,,,,
2026-09-12T12:21:10-05:00,PUR_IED_AntonioGarcia_Ext_20950c,PUR_IED_AntonioGarcia_Ext_20950c,,,,,
2026-09-12T12:21:10-05:00,PUR_IED_AntonioVan_Aula2_6dea02,PUR_IED_AntonioVan_Aula2_6dea02,,,,,
2026-09-12T12:21:10-05:00,PUR_IED_AntonioVan_Aula5_f1557e,PUR_IED_AntonioVan_Aula5_f1557e,,,,,
2026-09-12T12:21:10-05:00,PUR_IED_AntonioVan_Ext_406f2f,PUR_IED_AntonioVan_Ext_406f2f,,,,,
2026-09-12T12:21:10-05:00,PUR_IED_Atabanzha_Ext_cc5af9,PUR_IED_Atabanzha_Ext_cc5af9,,,,,
2026-09-12T12:21:10-05:00,PUR_IED_Atabanzha_SA101_56c37,PUR_IED_Atabanzha_SA101_56c37,,,,,
2026-09-12T12:21:10-05:00,PUR_IED_Atabanzha_SB302_27b374,PUR_IED_Atabanzha_SB302_27b374,,,,,
2026-09-12T12:21:10-05:00,PUR_IED_Atahualpa_Ext_fc1748,PUR_IED_Atahualpa_Ext_fc1748,,,,,
2026-09-12T12:21:10-05:00,PUR_IED_Atahualpa_Informa_dc9a95,PUR_IED_Atahualpa_Informa_dc9a95,,,,,
2026-09-12T12:21:10-05:00,PUR_IED_Atahualpa_S1101_f98056,PUR_IED_Atahualpa_S1101_f98056,,,,,
2026-09-12T12:21:10-05:00,PUR_IED_Bellavista_Ext_f5aa74,PUR_IED_Bellavista_Ext_f5aa74,,,,,
2026-09-12T12:21:10-05:00,PUR_IED_Bilbao_11A_916c41,PUR_IED_Bilbao_11A_916c41,,,,,
2026-09-12T12:21:10-05:00,PUR_IED_Bilbao_Ext_fb579a,PUR_IED_Bilbao_Ext_fb579a,,,,,
2026-09-12T12:21:10-05:00,PUR_IED_BrasiliaU_A125_304280,PUR_IED_BrasiliaU_A125_304280,,,,,
2026-09-12T12:21:10-05:00,PUR_IED_BrasiliaU_A203_7c8ca5,PUR_IED_BrasiliaU_A203_7c8ca5,,,,,
2026-09-12T12:21:10-05:00,PUR_IED_BrasiliaU_Ext_8d6e9f,PUR_IED_BrasiliaU_Ext_8d6e9f,5,20,57,4.5175,-74.116302
2026-09-12T12:21:10-05:00,PUR_IED_Brasilia_Ext_fe6593,PUR_IED_Brasilia_Ext_fe6593,,,,,
2026-09-12T12:21:10-05:00,PUR_IED_Brasilia_S24_7c130d,PUR_IED_Brasilia_S24_7c130d,,,,,
2026-09-12T12:21:10-05:00,PUR_IED_Brasilia_S501_186a54,PUR_IED_Brasilia_S501_186a54,,,,,
2026-09-12T12:21:10-05:00,PUR_IED_CHARRY_EXT_f1d5cd,PUR_IED_CHARRY_EXT_f1d5cd,,,,,
2026-09-12T12:21:10-05:00,PUR_IED_CHARRY_INTDANZAS_7a08e6,PUR_IED_CHARRY_INTDANZAS_7a08e6,,,,,
2026-09-12T12:21:10-05:00,PUR_IED_CHARRY_INT_AULA20_dc998d,PUR_IED_CHARRY_INT_AULA20_dc998d,,,,,
2026-09-12T12:21:10-05:00,PUR_IED_COLVIV_1101_S25_7f520a,PUR_IED_COLVIV_1101_S25_7f520a,,,,,
2026-09-12T12:21:10-05:00,PUR_IED_COLVIV_1102_S16_f570ba,PUR_IED_COLVIV_1102_S16_f570ba,,,,,
2026-09-12T12:21:10-05:00,PUR_IED_COLVIV_Ext_1a26fa,PUR_IED_COLVIV_Ext_1a26fa,,,,,
2026-09-12T12:21:10-05:00,PUR_IED_CULPOP_301A_f660f3,PUR_IED_CULPOP_301A_f660f3,,,,,
2026-09-12T12:21:10-05:00,PUR_IED_CULPOP_303_568afe,PUR_IED_CULPOP_303_568afe,,,,,
2026-09-12T12:21:10-05:00,PUR_IED_CULPOP_Ext_e02ccb,PUR_IED_CULPOP_Ext_e02ccb,,,,,
2026-09-12T12:21:10-05:00,PUR_IED_CVillavicen_Ext_26eb58,PUR_IED_CVillavicen_Ext_26eb58,4,18,74,4.487,-74.102798
2026-09-12T12:21:10-05:00,PUR_IED_CVillavicen_Intel_1ce5c2,PUR_IED_CVillavicen_Intel_1ce5c2,,,,,
2026-09-12T12:21:10-05:00,PUR_IED_CVillavicen_Poliv_e0766c,PUR_IED_CVillavicen_Poliv_e0766c,,,,,
2026-09-12T12:21:10-05:00,PUR_IED_CVillavicen_int_1ba140,PUR_IED_CVillavicen_int_1ba140,,,,,
2026-09-12T12:21:10-05:00,PUR_IED_CVillavicen_intel_1ba140,PUR_IED_CVillavicen_intel_1ba140,,,,,
2026-09-12T12:21:10-05:00,PUR_IED_CarlosPizarro_Ext_e307cc,PUR_IED_CarlosPizarro_Ext_e307cc,,,,,
2026-09-12T12:21:10-05:00,PUR_IED_CarlosPizarro_L36_7e5cdb,PUR_IED_CarlosPizarro_L36_7e5cdb,,,,,
2026-09-12T12:21:10-05:00,PUR_IED_CarlosPizarro_L37_c8566c,PUR_IED_CarlosPizarro_L37_c8566c,,,,,
2026-09-12T12:21:10-05:00,PUR_IED_Castilla_Ext_cf35f,PUR_IED_Castilla_Ext_cf35f,,,,,
2026-09-12T12:21:10-05:00,PUR_IED_Castilla_SFisik_360e38,PUR_IED_Castilla_SFisik_360e38,,,,,
2026-09-12T12:21:10-05:00,PUR_IED_Castilla_Sc304_496fbf,PUR_IED_Castilla_Sc304_496fbf,,,,,
2026-09-12T12:21:10-05:00,PUR_IED_CervantesSa_Ext_6b57b,PUR_IED_CervantesSa_Ext_6b57b,2,20,62,4.5128,-74.117203
2026-09-12T12:21:10-05:00,PUR_IED_CervantesSa_S107_225c2b,PUR_IED_CervantesSa_S107_225c2b,,,,,
2026-09-12T12:21:10-05:00,PUR_IED_CervantesSa_S108_940925,PUR_IED_CervantesSa_S108_940925,,,,,
2026-09-12T12:21:10-05:00,PUR_IED_Charry_A20_f53e7c,PUR_IED_Charry_A20_f53e7c,,,,,
2026-09-12T12:21:10-05:00,PUR_IED_Charry_Ext_f1d5cd,PUR_IED_Charry_Ext_f1d5cd,,,,,
2026-09-12T12:21:10-05:00,PUR_IED_Charry_IntAula20_dc998d,PUR_IED_Charry_IntAula20_dc998d,,,,,
2026-09-12T12:21:10-05:00,PUR_IED_Charry_IntDanzas_7a08e6,PUR_IED_Charry_IntDanzas_7a08e6,,,,,
2026-09-12T12:21:10-05:00,PUR_IED_ClememciaC_203_43e2fc,PUR_IED_ClememciaC_203_43e2fc,,,,,
2026-09-12T12:21:10-05:00,PUR_IED_ClememciaC_Ext_1b411a,PUR_IED_ClememciaC_Ext_1b411a,,,,,
2026-09-12T12:21:10-05:00,PUR_IED_ClememciaC_Quimic_44b5fc,PUR_IED_ClememciaC_Quimic_44b5fc,,,,,
2026-09-12T12:21:10-05:00,PUR_IED_ClemenciaC_203_43e2fc,PUR_IED_ClemenciaC_203_43e2fc,,,,,
2026-09-12T12:21:10-05:00,PUR_IED_ClemenciaC_Ext_1b411a,PUR_IED_ClemenciaC_Ext_1b411a,,,,,
2026-09-12T12:21:10-05:00,PUR_IED_ClemenciaC_Quimic_44b5fc,PUR_IED_ClemenciaC_Quimic_44b5fc,,,,,
2026-09-12T12:21:10-05:00,PUR_IED_ColViva_1101_S25_7f520a,PUR_IED_ColViva_1101_S25_7f520a,,,,,
2026-09-12T12:21:10-05:00,PUR_IED_ColViva_1102_S16_f570ba,PUR_IED_ColViva_1102_S16_f570ba,,,,,
2026-09-12T12:21:10-05:00,PUR_IED_ColViva_Ext_1a26fa,PUR_IED_ColViva_Ext_1a26fa,,,,,
2026-09-12T12:21:10-05:00,PUR_IED_ColegioBici_Asist_7c8798,PUR_IED_ColegioBici_Asist_7c8798,,,,,
2026-09-12T12:21:10-05:00,PUR_IED_ColegioBici_Ext_25cbf6,PUR_IED_ColegioBici_Ext_25cbf6,,,,,
2026-09-12T12:21:10-05:00,PUR_IED_ColegioBici_LabQ_7b57db,PUR_IED_ColegioBici_LabQ_7b57db,,,,,
2026-09-12T12:21:10-05:00,PUR_IED_CostaRica_Ext_5e640,PUR_IED_CostaRica_Ext_5e640,,,,,
2026-09-12T12:21:10-05:00,PUR_IED_CostaRica_Quim1_766d1c,PUR_IED_CostaRica_Quim1_766d1c,,,,,
2026-09-12T12:21:10-05:00,PUR_IED_CostaRica__Fisica_6f0873,PUR_IED_CostaRica__Fisica_6f0873,,,,,
2026-09-12T12:21:10-05:00,PUR_IED_CulPopu_301A_f660f3,PUR_IED_CulPopu_301A_f660f3,,,,,
2026-09-12T12:21:10-05:00,PUR_IED_CulPopu_303_568afe,PUR_IED_CulPopu_303_568afe,,,,,
2026-09-12T12:21:10-05:00,PUR_IED_CulPopu_Ext_e02ccb,PUR_IED_CulPopu_Ext_e02ccb,,,,,
2026-09-12T12:21:10-05:00,PUR_IED_Cundinamarca_Ext_f15985,PUR_IED_Cundinamarca_Ext_f15985,,,,,
2026-09-12T12:21:10-05:00,PUR_IED_Cundinamarca_Info_7aa5d7,PUR_IED_Cundinamarca_Info_7aa5d7,,,,,
2026-09-12T12:21:10-05:00,PUR_IED_Cundinamarca_Tec2_f449c7,PUR_IED_Cundinamarca_Tec2_f449c7,,,,,
2026-09-12T12:21:10-05:00,PUR_IED_DiegoM_Aula1_27b314,PUR_IED_DiegoM_Aula1_27b314,,,,,
2026-09-12T12:21:10-05:00,PUR_IED_DiegoM_Ext_d80ac8,PUR_IED_DiegoM_Ext_d80ac8,,,,,
2026-09-12T12:21:10-05:00,PUR_IED_DiegoM_S25_da928f,PUR_IED_DiegoM_S25_da928f,,,,,
2026-09-12T12:21:10-05:00,PUR_IED_ELRODEO_360881,PUR_IED_ELRODEO_360881,,,,,
2026-09-12T12:21:10-05:00,PUR_IED_ELRODEO_ext_360881,PUR_IED_ELRODEO_ext_360881,,,,,
2026-09-12T12:21:10-05:00,PUR_IED_EduardoU_Ext_1c1969,PUR_IED_EduardoU_Ext_1c1969,,,,,
2026-09-12T12:21:10-05:00,PUR_IED_EduardoU_SCiencia_4dfb94,PUR_IED_EduardoU_SCiencia_4dfb94,,,,,
2026-09-12T12:21:10-05:00,PUR_IED_EduardoU_SQuimica_5a46e7,PUR_IED_EduardoU_SQuimica_5a46e7,,,,,
2026-09-12T12:21:10-05:00,PUR_IED_ElRodeo_Aula14_676984,PUR_IED_ElRodeo_Aula14_676984,,,,,
2026-09-12T12:21:10-05:00,PUR_IED_ElRodeo_Aula16_2dd35b,PUR_IED_ElRodeo_Aula16_2dd35b,,,,,
2026-09-12T12:21:10-05:00,PUR_IED_ElRodeo_Ext_360881,PUR_IED_ElRodeo_Ext_360881,,,,,
2026-09-12T12:21:10-05:00,PUR_IED_ElRodeo_Exterior_8c6d28,PUR_IED_ElRodeo_Exterior_8c6d28,,,,,
2026-09-12T12:21:10-05:00,PUR_IED_ElRodeo_ext_360881,PUR_IED_ElRodeo_ext_360881,,,,,
2026-09-12T12:21:10-05:00,PUR_IED_EmmaReyes_Ext_987625,PUR_IED_EmmaReyes_Ext_987625,2,22,47,4.6367,-74.1511
2026-09-12T12:21:10-05:00,PUR_IED_Ensueño_Ext_7f0250,PUR_IED_Ensueño_Ext_7f0250,,,,,
2026-09-12T12:21:10-05:00,PUR_IED_EscNormal_Ext_5fef3b,PUR_IED_EscNormal_Ext_5fef3b,2,23,49,4.5852,-74.096901
2026-09-12T12:21:10-05:00,PUR_IED_EscNormal_S309_5b263,PUR_IED_EscNormal_S309_5b263,,,,,
2026-09-12T12:21:10-05:00,PUR_IED_EscNormal_S310_27b3b8,PUR_IED_EscNormal_S310_27b3b8,,,,,
2026-09-12T12:21:10-05:00,PUR_IED_Evangelista_Conta_f6cd4f,PUR_IED_Evangelista_Conta_f6cd4f,,,,,
2026-09-12T12:21:10-05:00,PUR_IED_Evangelista_Cri_5e16a,PUR_IED_Evangelista_Cri_5e16a,,,,,
2026-09-12T12:21:10-05:00,PUR_IED_Evangelista_Exter_754066,PUR_IED_Evangelista_Exter_754066,,,,,
2026-09-12T12:21:10-05:00,PUR_IED_FMiranda_S209_5cc2a3,PUR_IED_FMiranda_S209_5cc2a3,,,,,
2026-09-12T12:21:10-05:00,PUR_IED_FMiranda_S303_19e344,PUR_IED_FMiranda_S303_19e344,,,,,
2026-09-12T12:21:10-05:00,PUR_IED_FMiranda_ext_f53e7c,PUR_IED_FMiranda_ext_f53e7c,,,,,
2026-09-12T12:21:10-05:00,PUR_IED_FabioLozano_Bibli_1cee05,PUR_IED_FabioLozano_Bibli_1cee05,,,,,
2026-09-12T12:21:10-05:00,PUR_IED_FabioLozano_Ext_6ea285,PUR_IED_FabioLozano_Ext_6ea285,,,,,
2026-09-12T12:21:10-05:00,PUR_IED_FabioLozano_SLudi_f09e1e,PUR_IED_FabioLozano_SLudi_f09e1e,,,,,
2026-09-12T12:21:10-05:00,PUR_IED_FaustinoS_Aula07_27a731,PUR_IED_FaustinoS_Aula07_27a731,,,,,
2026-09-12T12:21:10-05:00,PUR_IED_FaustinoS_Ext_7b936f,PUR_IED_FaustinoS_Ext_7b936f,,,,,
2026-09-12T12:21:10-05:00,PUR_IED_FaustinoS_Fisica_da2c60,PUR_IED_FaustinoS_Fisica_da2c60,,,,,
2026-09-12T12:21:10-05:00,PUR_IED_FeGarciaLo_Ext_dc68ee,PUR_IED_FeGarciaLo_Ext_dc68ee,,,,,
2026-09-12T12:21:10-05:00,PUR_IED_FeGarciaLo_SDanza_f70a59,PUR_IED_FeGarciaLo_SDanza_f70a59,,,,,
2026-09-12T12:21:10-05:00,PUR_IED_FeGarciaLo_SMusic_125cdd,PUR_IED_FeGarciaLo_SMusic_125cdd,,,,,
2026-09-12T12:21:10-05:00,PUR_IED_FederalAlema_Exte_50c345,PUR_IED_FederalAlema_Exte_50c345,,,,,
2026-09-12T12:21:10-05:00,PUR_IED_FederalAlema_S31_f18371,PUR_IED_FederalAlema_S31_f18371,,,,,
2026-09-12T12:21:10-05:00,PUR_IED_FederalAlema_S901_a62cd,PUR_IED_FederalAlema_S901_a62cd,,,,,
2026-09-12T12:21:10-05:00,PUR_IED_FilarmonicaS_A5_f35eb1,PUR_IED_FilarmonicaS_A5_f35eb1,,,,,
2026-09-12T12:21:10-05:00,PUR_IED_FilarmonicaS_Ext_8a3bde,PUR_IED_FilarmonicaS_Ext_8a3bde,,,,,
2026-09-12T12:21:10-05:00,PUR_IED_FilarmonicaS_Spol_406114,PUR_IED_FilarmonicaS_Spol_406114,,,,,
2026-09-12T12:21:10-05:00,PUR_IED_FlorentinoG_A13_d1fa59,PUR_IED_FlorentinoG_A13_d1fa59,,,,,
2026-09-12T12:21:10-05:00,PUR_IED_FlorentinoG_Ext_1ce6ce,PUR_IED_FlorentinoG_Ext_1ce6ce,,,,,
2026-09-12T12:21:10-05:00,PUR_IED_FlorentinoG_Idiom_a66aac,PUR_IED_FlorentinoG_Idiom_a66aac,,,,,
2026-09-12T12:21:10-05:00,PUR_IED_FranciscoMati_Ext_e3869d,PUR_IED_FranciscoMati_Ext_e3869d,,,,,
2026-09-12T12:21:10-05:00,PUR_IED_FranciscoMati_S13_f31c67,PUR_IED_FranciscoMati_S13_f31c67,,,,,
2026-09-12T12:21:10-05:00,PUR_IED_FranciscoMati_S14_97dead,PUR_IED_FranciscoMati_S14_97dead,,,,,
2026-09-12T12:21:10-05:00,PUR_IED_FranciscoPS_Ext_7bfa9a,PUR_IED_FranciscoPS_Ext_7bfa9a,2,23,49,4.5899,-74.110397
2026-09-12T12:21:10-05:00,PUR_IED_FranciscoPS_Infor_fb8f4c,PUR_IED_FranciscoPS_Infor_fb8f4c,,,,,
2026-09-12T12:21:10-05:00,PUR_IED_FranciscoPS_Quimi_94d39c,PUR_IED_FranciscoPS_Quimi_94d39c,,,,,
2026-09-12T12:21:10-05:00,PUR_IED_FranciscoP_LabQ_d7e148,PUR_IED_FranciscoP_LabQ_d7e148,,,,,
2026-09-12T12:21:10-05:00,PUR_IED_FranciscoP_S28_cf9b30,PUR_IED_FranciscoP_S28_cf9b30,,,,,
2026-09-12T12:21:10-05:00,PUR_IED_FranciscoP_ext_e2313,PUR_IED_FranciscoP_ext_e2313,,,,,
2026-09-12T12:21:10-05:00,PUR_IED_FriederichN_Ext_8ac92a,PUR_IED_FriederichN_Ext_8ac92a,,,,,
2026-09-12T12:21:10-05:00,PUR_IED_FriederichN_S301_dd7e5a,PUR_IED_FriederichN_S301_dd7e5a,,,,,
2026-09-12T12:21:10-05:00,PUR_IED_FriederichN_S308_761f4f,PUR_IED_FriederichN_S308_761f4f,,,,,
2026-09-12T12:21:10-05:00,PUR_IED_GSantander_Aula10_533dd7,PUR_IED_GSantander_Aula10_533dd7,,,,,
2026-09-12T12:21:10-05:00,PUR_IED_GSantander_Aula12_fd4e4f,PUR_IED_GSantander_Aula12_fd4e4f,,,,,
2026-09-12T12:21:10-05:00,PUR_IED_GSantander_Aula310_533dd7,PUR_IED_GSantander_Aula310_533dd7,,,,,
2026-09-12T12:21:10-05:00,PUR_IED_GSantander_Aula312_fd4e4f,PUR_IED_GSantander_Aula312_fd4e4f,,,,,
2026-09-12T12:21:10-05:00,PUR_IED_GSantander_Ext_5f66b0,PUR_IED_GSantander_Ext_5f66b0,,,,,
2026-09-12T12:21:10-05:00,PUR_IED_GYomasa_Ext_f6bea5,PUR_IED_GYomasa_Ext_f6bea5,,,,,
2026-09-12T12:21:10-05:00,PUR_IED_GYomasa_LBiol_2c41aa,PUR_IED_GYomasa_LBiol_2c41aa,,,,,
2026-09-12T12:21:10-05:00,PUR_IED_GYomasa_LQuim_33c80,PUR_IED_GYomasa_LQuim_33c80,,,,,
2026-09-12T12:21:10-05:00,PUR_IED_GabBetMejia_Cienc_5a99c,PUR_IED_GabBetMejia_Cienc_5a99c,,,,,
2026-09-12T12:21:10-05:00,PUR_IED_GabBetMejia_Ext_9153d0,PUR_IED_GabBetMejia_Ext_9153d0,,,,,
2026-09-12T12:21:10-05:00,PUR_IED_GabBetMejia_Lab_f55347,PUR_IED_GabBetMejia_Lab_f55347,,,,,
2026-09-12T12:21:10-05:00,PUR_IED_GabBetanMejia_Ext_9153d0,PUR_IED_GabBetanMejia_Ext_9153d0,,,,,
2026-09-12T12:21:10-05:00,PUR_IED_Gaitana_Aula13_7aac11,PUR_IED_Gaitana_Aula13_7aac11,,,,,
2026-09-12T12:21:10-05:00,PUR_IED_Gaitana_Ext_5fcf4,PUR_IED_Gaitana_Ext_5fcf4,,,,,
2026-09-12T12:21:10-05:00,PUR_IED_Gaitana_LabFisica_644448,PUR_IED_Gaitana_LabFisica_644448,,,,,
2026-09-12T12:21:10-05:00,PUR_IED_GenSantander_Dise_8ac858,PUR_IED_GenSantander_Dise_8ac858,,,,,
2026-09-12T12:21:10-05:00,PUR_IED_GenSantander_Ext_8d5dfe,PUR_IED_GenSantander_Ext_8d5dfe,,,,,
2026-09-12T12:21:10-05:00,PUR_IED_GenSantander_Info_6c25b,PUR_IED_GenSantander_Info_6c25b,,,,,
2026-09-12T12:21:10-05:00,PUR_IED_GustavoMo_Exterio_75e63d,PUR_IED_GustavoMo_Exterio_75e63d,,,,,
2026-09-12T12:21:10-05:00,PUR_IED_GustavoMo_LabFisi_224d37,PUR_IED_GustavoMo_LabFisi_224d37,,,,,
2026-09-12T12:21:10-05:00,PUR_IED_GustavoMo_S208_3e6918,PUR_IED_GustavoMo_S208_3e6918,,,,,
2026-09-12T12:21:10-05:00,PUR_IED_GustavoR_A02_8cd4a8,PUR_IED_GustavoR_A02_8cd4a8,,,,,
2026-09-12T12:21:10-05:00,PUR_IED_GustavoR_B11_5b0ed,PUR_IED_GustavoR_B11_5b0ed,,,,,
2026-09-12T12:21:10-05:00,PUR_IED_GustavoR_Ext_7a0c90,PUR_IED_GustavoR_Ext_7a0c90,,,,,
2026-09-12T12:21:10-05:00,PUR_IED_HernandoDuran_Ext_8cd82b,PUR_IED_HernandoDuran_Ext_8cd82b,,,,,
2026-09-12T12:21:10-05:00,PUR_IED_HernandoDuran_S24_2772c6,PUR_IED_HernandoDuran_S24_2772c6,,,,,
2026-09-12T12:21:10-05:00,PUR_IED_HernandoDuran_S30_f2de41,PUR_IED_HernandoDuran_S30_f2de41,,,,,
2026-09-12T12:21:10-05:00,PUR_IED_HolguInUr_S1101_8cd732,PUR_IED_HolguInUr_S1101_8cd732,,,,,
2026-09-12T12:21:10-05:00,PUR_IED_HolguinUr_Exter_ddae6d,PUR_IED_HolguinUr_Exter_ddae6d,,,,,
2026-09-12T12:21:10-05:00,PUR_IED_HolguinUr_LabQuim_92b952,PUR_IED_HolguinUr_LabQuim_92b952,,,,,
2026-09-12T12:21:10-05:00,PUR_IED_Isabel-II_Ext_5245cc,PUR_IED_Isabel-II_Ext_5245cc,2,21,50,4.6336,-74.153
2026-09-12T12:21:10-05:00,PUR_IED_Isabel-II_S_idiom_1c29aa,PUR_IED_Isabel-II_S_idiom_1c29aa,,,,,
2026-09-12T12:21:10-05:00,PUR_IED_Isabel-II_S_infor_fd741,PUR_IED_Isabel-II_S_infor_fd741,,,,,
2026-09-12T12:21:10-05:00,PUR_IED_IsidroSur_Exterio_5b90ea,PUR_IED_IsidroSur_Exterio_5b90ea,,,,,
2026-09-12T12:21:10-05:00,PUR_IED_IsidroSur_LabTec_56697a,PUR_IED_IsidroSur_LabTec_56697a,,,,,
2026-09-12T12:21:10-05:00,PUR_IED_IsidroSur_Robotic_b7c38f,PUR_IED_IsidroSur_Robotic_b7c38f,,,,,
2026-09-12T12:21:10-05:00,PUR_IED_IsmaelPerd_Ext_7b6672,PUR_IED_IsmaelPerd_Ext_7b6672,,,,,
2026-09-12T12:21:10-05:00,PUR_IED_IsmaelPerd_Inform_306540,PUR_IED_IsmaelPerd_Inform_306540,,,,,
2026-09-12T12:21:10-05:00,PUR_IED_IsmaelPerd_S30_2e2c83,PUR_IED_IsmaelPerd_S30_2e2c83,,,,,
2026-09-12T12:21:10-05:00,PUR_IED_JLozano_Exter_432910,PUR_IED_JLozano_Exter_432910,,,,,
2026-09-12T12:21:10-05:00,PUR_IED_JLozano_salaMulti_df5125,PUR_IED_JLozano_salaMulti_df5125,,,,,
2026-09-12T12:21:10-05:00,PUR_IED_JMCordoba_206_86f80b,PUR_IED_JMCordoba_206_86f80b,,,,,
2026-09-12T12:21:10-05:00,PUR_IED_JMCordoba_Ext_27ad97,PUR_IED_JMCordoba_Ext_27ad97,,,,,
2026-09-12T12:21:10-05:00,PUR_IED_JMCordoba_S310_d59ab4,PUR_IED_JMCordoba_S310_d59ab4,,,,,
2026-09-12T12:21:10-05:00,PUR_IED_Japon_Ext_549100,PUR_IED_Japon_Ext_549100,,,,,
2026-09-12T12:21:10-05:00,PUR_IED_Japon_Laboratorio_bec51d,PUR_IED_Japon_Laboratorio_bec51d,,,,,
2026-09-12T12:21:10-05:00,PUR_IED_Japon_informatica_d99327,PUR_IED_Japon_informatica_d99327,,,,,
2026-09-12T12:21:10-05:00,PUR_IED_Jazmin_Ext_d27bda,PUR_IED_Jazmin_Ext_d27bda,,,,,
2026-09-12T12:21:10-05:00,PUR_IED_Jazmin_Fisica_8d14d7,PUR_IED_Jazmin_Fisica_8d14d7,,,,,
2026-09-12T12:21:10-05:00,PUR_IED_Jazmin_Quimica_801cb5,PUR_IED_Jazmin_Quimica_801cb5,,,,,
2026-09-12T12:21:10-05:00,PUR_IED_JorgeGaitan_Exter_f098d1,PUR_IED_JorgeGaitan_Exter_f098d1,,,,,
2026-09-12T12:21:10-05:00,PUR_IED_JorgeGaitan_STec1_dc9d1d,PUR_IED_JorgeGaitan_STec1_dc9d1d,,,,,
2026-09-12T12:21:10-05:00,PUR_IED_JorgeGaitan_STec2_281e69,PUR_IED_JorgeGaitan_STec2_281e69,,,,,
2026-09-12T12:21:10-05:00,PUR_IED_JorgeSoto_Exterio_d9d0a2,PUR_IED_JorgeSoto_Exterio_d9d0a2,,,,,
2026-09-12T12:21:10-05:00,PUR_IED_JorgeSoto_LabFisi_209c54,PUR_IED_JorgeSoto_LabFisi_209c54,,,,,
2026-09-12T12:21:10-05:00,PUR_IED_JorgeSoto_S103_27b51a,PUR_IED_JorgeSoto_S103_27b51a,,,,,
2026-09-12T12:21:10-05:00,PUR_IED_JoseAcevedo_A02_e965eb,PUR_IED_JoseAcevedo_A02_e965eb,,,,,
2026-09-12T12:21:10-05:00,PUR_IED_JoseAcevedo_A07_dd5b4,PUR_IED_JoseAcevedo_A07_dd5b4,,,,,
2026-09-12T12:21:10-05:00,PUR_IED_JoseAcevedo_Ext_b47484,PUR_IED_JoseAcevedo_Ext_b47484,,,,,
2026-09-12T12:21:10-05:00,PUR_IED_JoseMarti_Exte_5b9bf,PUR_IED_JoseMarti_Exte_5b9bf,,,,,
2026-09-12T12:21:10-05:00,PUR_IED_JoseMarti_LabQuim_1c6c2d,PUR_IED_JoseMarti_LabQuim_1c6c2d,,,,,
2026-09-12T12:21:10-05:00,PUR_IED_JoseMarti_S_info_f5f177,PUR_IED_JoseMarti_S_info_f5f177,,,,,
2026-09-12T12:21:10-05:00,PUR_IED_Josejoaquin_Ext_dfc5dc,PUR_IED_Josejoaquin_Ext_dfc5dc,,,,,
2026-09-12T12:21:10-05:00,PUR_IED_Josejoaquin_S05_5b2a96,PUR_IED_Josejoaquin_S05_5b2a96,,,,,
2026-09-12T12:21:10-05:00,PUR_IED_Josejoaquin_S06_1ce7d2,PUR_IED_Josejoaquin_S06_1ce7d2,,,,,
2026-09-12T12:21:10-05:00,PUR_IED_JulioFlorez_Danza_9b82dd,PUR_IED_JulioFlorez_Danza_9b82dd,,,,,
2026-09-12T12:21:10-05:00,PUR_IED_JulioFlorez_Exter_f9f314,PUR_IED_JulioFlorez_Exter_f9f314,,,,,
2026-09-12T12:21:10-05:00,PUR_IED_JulioFlorez_info2_6b6e08,PUR_IED_JulioFlorez_info2_6b6e08,,,,,
2026-09-12T12:21:10-05:00,PUR_IED_LaBelleza_Aula13_1d00d8,PUR_IED_LaBelleza_Aula13_1d00d8,,,,,
2026-09-12T12:21:10-05:00,PUR_IED_LaBelleza_Ext_7bc08c,PUR_IED_LaBelleza_Ext_7bc08c,,,,,
2026-09-12T12:21:10-05:00,PUR_IED_LaChucua_Ext_8cd6d2,PUR_IED_LaChucua_Ext_8cd6d2,,,,,
2026-09-12T12:21:10-05:00,PUR_IED_LaChucua_S15_f578ce,PUR_IED_LaChucua_S15_f578ce,,,,,
2026-09-12T12:21:10-05:00,PUR_IED_LaChucua_S16_eebcf9,PUR_IED_LaChucua_S16_eebcf9,,,,,
2026-09-12T12:21:10-05:00,PUR_IED_LaFelicidad_Ext_fb5109,PUR_IED_LaFelicidad_Ext_fb5109,,,,,
2026-09-12T12:21:10-05:00,PUR_IED_LaMerced_206_66ebd,PUR_IED_LaMerced_206_66ebd,,,,,
2026-09-12T12:21:10-05:00,PUR_IED_LaMerced_207_6ebd6,PUR_IED_LaMerced_207_6ebd6,,,,,
2026-09-12T12:21:10-05:00,PUR_IED_LaMerced_ext_304311,PUR_IED_LaMerced_ext_304311,,,,,
2026-09-12T12:21:10-05:00,PUR_IED_Laureano_CiencNat_281e5e,PUR_IED_Laureano_CiencNat_281e5e,,,,,
2026-09-12T12:21:10-05:00,PUR_IED_Laureano_Comedor_f65c0a,PUR_IED_Laureano_Comedor_f65c0a,,,,,
2026-09-12T12:21:10-05:00,PUR_IED_Laureano_Exterior_7ab011,PUR_IED_Laureano_Exterior_7ab011,,,,,
2026-09-12T12:21:10-05:00,PUR_IED_LeonGreiff_Exte_dfe560,PUR_IED_LeonGreiff_Exte_dfe560,,,,,
2026-09-12T12:21:10-05:00,PUR_IED_LeonGreiff_S210_f264ed,PUR_IED_LeonGreiff_S210_f264ed,,,,,
2026-09-12T12:21:10-05:00,PUR_IED_LeonGreiff_SQuimi_e8296f,PUR_IED_LeonGreiff_SQuimi_e8296f,,,,,
2026-09-12T12:21:10-05:00,PUR_IED_LlanoOrientalS208_7b9fcd,PUR_IED_LlanoOrientalS208_7b9fcd,,,,,
2026-09-12T12:21:10-05:00,PUR_IED_LlanoOriental_Ext_fb3766,PUR_IED_LlanoOriental_Ext_fb3766,,,,,
2026-09-12T12:21:10-05:00,PUR_IED_LlanoOriental_S208_7b9fcd,PUR_IED_LlanoOriental_S208_7b9fcd,,,,,
2026-09-12T12:21:10-05:00,PUR_IED_LlanoOriental_S9_27b378,PUR_IED_LlanoOriental_S9_27b378,,,,,
2026-09-12T12:21:10-05:00,PUR_IED_LosTejares_1101_477602,PUR_IED_LosTejares_1101_477602,,,,,
2026-09-12T12:21:10-05:00,PUR_IED_LosTejares_11_d2c595,PUR_IED_LosTejares_11_d2c595,,,,,
2026-09-12T12:21:10-05:00,PUR_IED_LosTejares_12_477602,PUR_IED_LosTejares_12_477602,,,,,
2026-09-12T12:21:10-05:00,PUR_IED_LosTejares_Ext_8e2115,PUR_IED_LosTejares_Ext_8e2115,,,,,
2026-09-12T12:21:10-05:00,PUR_IED_MagdalenaO_B202_5ddda3,PUR_IED_MagdalenaO_B202_5ddda3,,,,,
2026-09-12T12:21:10-05:00,PUR_IED_MagdalenaO_B205_fb76e8,PUR_IED_MagdalenaO_B205_fb76e8,,,,,
2026-09-12T12:21:10-05:00,PUR_IED_MagdalenaO_ext_dc69cd,PUR_IED_MagdalenaO_ext_dc69cd,,,,,
2026-09-12T12:21:10-05:00,PUR_IED_ManueCepeda_artes_eee956,PUR_IED_ManueCepeda_artes_eee956,,,,,
2026-09-12T12:21:10-05:00,PUR_IED_ManuelCepeda_Ext_58313,PUR_IED_ManuelCepeda_Ext_58313,,,,,
2026-09-12T12:21:10-05:00,PUR_IED_ManuelCepeda_tec_1c5731,PUR_IED_ManuelCepeda_tec_1c5731,,,,,
2026-09-12T12:21:10-05:00,PUR_IED_ManuelS_Exterior_5b269,PUR_IED_ManuelS_Exterior_5b269,,,,,
2026-09-12T12:21:10-05:00,PUR_IED_ManuelS_Inform_f369ce,PUR_IED_ManuelS_Inform_f369ce,,,,,
2026-09-12T12:21:10-05:00,PUR_IED_ManuelS_SArtes_7d15f1,PUR_IED_ManuelS_SArtes_7d15f1,,,,,
2026-09-12T12:21:10-05:00,PUR_IED_ManuelZapata_303_3ca6,PUR_IED_ManuelZapata_303_3ca6,,,,,
2026-09-12T12:21:10-05:00,PUR_IED_ManuelZapata_311_bfbabc,PUR_IED_ManuelZapata_311_bfbabc,,,,,
2026-09-12T12:21:10-05:00,PUR_IED_ManuelZapata_Ext_50824a,PUR_IED_ManuelZapata_Ext_50824a,,,,,
2026-09-12T12:21:10-05:00,PUR_IED_ManuelitaS_Exteri_656a92,PUR_IED_ManuelitaS_Exteri_656a92,,,,,
2026-09-12T12:21:10-05:00,PUR_IED_ManuelitaS_JuzgDe_f58ec3,PUR_IED_ManuelitaS_JuzgDe_f58ec3,,,,,
2026-09-12T12:21:10-05:00,PUR_IED_ManuelitaS_Recrea_d793db,PUR_IED_ManuelitaS_Recrea_d793db,,,,,
2026-09-12T12:21:10-05:00,PUR_IED_MarFidSuarez_Ext_c27b19,PUR_IED_MarFidSuarez_Ext_c27b19,,,,,
2026-09-12T12:21:10-05:00,PUR_IED_MarFidSuarez_Info_e384d7,PUR_IED_MarFidSuarez_Info_e384d7,,,,,
2026-09-12T12:21:10-05:00,PUR_IED_MarFidSuarez_S306_1d0032,PUR_IED_MarFidSuarez_S306_1d0032,,,,,
2026-09-12T12:21:10-05:00,PUR_IED_Menorah_301_2a25a3,PUR_IED_Menorah_301_2a25a3,,,,,
2026-09-12T12:21:10-05:00,PUR_IED_Menorah_306_37ed3,PUR_IED_Menorah_306_37ed3,,,,,
2026-09-12T12:21:10-05:00,PUR_IED_Menorah_Ext_3e155b,PUR_IED_Menorah_Ext_3e155b,,,,,
2026-09-12T12:21:10-05:00,PUR_IED_MinutoB.Aires_A11_1b1604,PUR_IED_MinutoB.Aires_A11_1b1604,,,,,
2026-09-12T12:21:10-05:00,PUR_IED_MinutoB.Aires_A12_fb5860,PUR_IED_MinutoB.Aires_A12_fb5860,,,,,
2026-09-12T12:21:10-05:00,PUR_IED_MinutoB.Aires_Ext_81293f,PUR_IED_MinutoB.Aires_Ext_81293f,,,,,
2026-09-12T12:21:10-05:00,PUR_IED_MinutoBAires_A11_1b1604,PUR_IED_MinutoBAires_A11_1b1604,,,,,
2026-09-12T12:21:10-05:00,PUR_IED_MinutoBAires_A12_fb5860,PUR_IED_MinutoBAires_A12_fb5860,,,,,
2026-09-12T12:21:10-05:00,PUR_IED_MinutoBAires_Ext_81293f,PUR_IED_MinutoBAires_Ext_81293f,,,,,
2026-09-12T12:21:10-05:00,PUR_IED_Montreal_Aula10_1e4959,PUR_IED_Montreal_Aula10_1e4959,,,,,
2026-09-12T12:21:10-05:00,PUR_IED_Montreal_Aula6_300367,PUR_IED_Montreal_Aula6_300367,,,,,
2026-09-12T12:21:10-05:00,PUR_IED_Montreal_Exterior_91a179,PUR_IED_Montreal_Exterior_91a179,,,,,
2026-09-12T12:21:10-05:00,PUR_IED_Mqgdalena_B202_5ddda3,PUR_IED_Mqgdalena_B202_5ddda3,,,,,
2026-09-12T12:21:10-05:00,PUR_IED_NACUND_Soc_dc8728,PUR_IED_NACUND_Soc_dc8728,,,,,
2026-09-12T12:21:10-05:00,PUR_IED_NACUND_ext_27ad97,PUR_IED_NACUND_ext_27ad97,,,,,
2026-09-12T12:21:10-05:00,PUR_IED_NEsperanza_Ext_d24b61,PUR_IED_NEsperanza_Ext_d24b61,,,,,
2026-09-12T12:21:10-05:00,PUR_IED_NEsperanza_SElect_7d1807,PUR_IED_NEsperanza_SElect_7d1807,,,,,
2026-09-12T12:21:10-05:00,PUR_IED_NEsperanza_SLabor_8b2d0a,PUR_IED_NEsperanza_SLabor_8b2d0a,,,,,
2026-09-12T12:21:10-05:00,PUR_IED_NacionesU_Ext_f661a9,PUR_IED_NacionesU_Ext_f661a9,,,,,
2026-09-12T12:21:10-05:00,PUR_IED_NacionesU_Quimica_66f0a,PUR_IED_NacionesU_Quimica_66f0a,,,,,
2026-09-12T12:21:10-05:00,PUR_IED_NacionesU_S306_1b4b3d,PUR_IED_NacionesU_S306_1b4b3d,,,,,
2026-09-12T12:21:10-05:00,PUR_IED_NestorFA_Ext_e4201c,PUR_IED_NestorFA_Ext_e4201c,,,,,
2026-09-12T12:21:10-05:00,PUR_IED_NestorFA_Laborato_f22fe0,PUR_IED_NestorFA_Laborato_f22fe0,,,,,
2026-09-12T12:21:10-05:00,PUR_IED_NestorFA_S204_dee996,PUR_IED_NestorFA_S204_dee996,,,,,
2026-09-12T12:21:10-05:00,PUR_IED_NidyaQT_Aula03_76999b,PUR_IED_NidyaQT_Aula03_76999b,,,,,
2026-09-12T12:21:10-05:00,PUR_IED_NidyaQT_Aula10_56325,PUR_IED_NidyaQT_Aula10_56325,,,,,
2026-09-12T12:21:10-05:00,PUR_IED_NidyaQT_Ext_46e32d,PUR_IED_NidyaQT_Ext_46e32d,,,,,
2026-09-12T12:21:10-05:00,PUR_IED_NuevaCol_Exterior_d9b859,PUR_IED_NuevaCol_Exterior_d9b859,,,,,
2026-09-12T12:21:10-05:00,PUR_IED_NuevaCol_S1101_76c43b,PUR_IED_NuevaCol_S1101_76c43b,,,,,
2026-09-12T12:21:10-05:00,PUR_IED_NuevaCol_S1102_1ce0b5,PUR_IED_NuevaCol_S1102_1ce0b5,,,,,
2026-09-12T12:21:10-05:00,PUR_IED_OEA_A202_f7e3f2,PUR_IED_OEA_A202_f7e3f2,,,,,
2026-09-12T12:21:10-05:00,PUR_IED_OEA_A203_7d1b8d,PUR_IED_OEA_A203_7d1b8d,,,,,
2026-09-12T12:21:10-05:00,PUR_IED_OEA_Ext_27b593,PUR_IED_OEA_Ext_27b593,,,,,
2026-09-12T12:21:10-05:00,PUR_IED_Ochoa_Ext_1c29da,PUR_IED_Ochoa_Ext_1c29da,,,,,
2026-09-12T12:21:10-05:00,PUR_IED_Ochoa_S205_8b1121,PUR_IED_Ochoa_S205_8b1121,,,,,
2026-09-12T12:21:10-05:00,PUR_IED_Ochoa_Sistemas_f33af6,PUR_IED_Ochoa_Sistemas_f33af6,,,,,
2026-09-12T12:21:10-05:00,PUR_IED_PQuebec_Ext_1c67c7,PUR_IED_PQuebec_Ext_1c67c7,,,,,
2026-09-12T12:21:10-05:00,PUR_IED_PQuebec_S15_23e8e2,PUR_IED_PQuebec_S15_23e8e2,,,,,
2026-09-12T12:21:10-05:00,PUR_IED_PQuebec_S16_8ec76b,PUR_IED_PQuebec_S16_8ec76b,,,,,
2026-09-12T12:21:10-05:00,PUR_IED_PabloN_Ext_49dc96,PUR_IED_PabloN_Ext_49dc96,,,,,
2026-09-12T12:21:10-05:00,PUR_IED_PabloN_S1102_4e3df5,PUR_IED_PabloN_S1102_4e3df5,,,,,
2026-09-12T12:21:10-05:00,PUR_IED_PabloN_S1103_50c94b,PUR_IED_PabloN_S1103_50c94b,,,,,
2026-09-12T12:21:10-05:00,PUR_IED_Palestina_S1101_db9198,PUR_IED_Palestina_S1101_db9198,,,,,
2026-09-12T12:21:10-05:00,PUR_IED_Palestina_S1102_dc54fa,PUR_IED_Palestina_S1102_dc54fa,,,,,
2026-09-12T12:21:10-05:00,PUR_IED_Palestina_ext_4ccce6,PUR_IED_Palestina_ext_4ccce6,,,,,
2026-09-12T12:21:10-05:00,PUR_IED_Panama_Fisica_4d0794,PUR_IED_Panama_Fisica_4d0794,,,,,
2026-09-12T12:21:10-05:00,PUR_IED_Panama_SIngles_a4077e,PUR_IED_Panama_SIngles_a4077e,,,,,
2026-09-12T12:21:10-05:00,PUR_IED_Panama_ext_4c54b4,PUR_IED_Panama_ext_4c54b4,,,,,
2026-09-12T12:21:10-05:00,PUR_IED_ParaisoM_Exterior_8cd7f0,PUR_IED_ParaisoM_Exterior_8cd7f0,,,,,
2026-09-12T12:21:10-05:00,PUR_IED_ParaisoM_Laborato_27af35,PUR_IED_ParaisoM_Laborato_27af35,,,,,
2026-09-12T12:21:10-05:00,PUR_IED_ParaisoM_S304_d1edca,PUR_IED_ParaisoM_S304_d1edca,,,,,
2026-09-12T12:21:10-05:00,PUR_IED_PorfirioBarba_Ext_301466,PUR_IED_PorfirioBarba_Ext_301466,,,,,
2026-09-12T12:21:10-05:00,PUR_IED_PorfirioBarba_S11_df6cd2,PUR_IED_PorfirioBarba_S11_df6cd2,,,,,
2026-09-12T12:21:10-05:00,PUR_IED_PorfirioBarba_S29_27a7d6,PUR_IED_PorfirioBarba_S29_27a7d6,,,,,
2026-09-12T12:21:10-05:00,PUR_IED_PradoV_Exter_8b27ad,PUR_IED_PradoV_Exter_8b27ad,,,,,
2026-09-12T12:21:10-05:00,PUR_IED_PradoV_S301_de65b5,PUR_IED_PradoV_S301_de65b5,,,,,
2026-09-12T12:21:10-05:00,PUR_IED_PradoV_S302_7d2593,PUR_IED_PradoV_S302_7d2593,,,,,
2026-09-12T12:21:10-05:00,PUR_IED_QuirogaAlz_Ext_1ddc82,PUR_IED_QuirogaAlz_Ext_1ddc82,,,,,
2026-09-12T12:21:10-05:00,PUR_IED_QuirogaAlz_S302_9926a3,PUR_IED_QuirogaAlz_S302_9926a3,,,,,
2026-09-12T12:21:10-05:00,PUR_IED_QuirogaAlz_S305_cdf1f1,PUR_IED_QuirogaAlz_S305_cdf1f1,,,,,
2026-09-12T12:21:10-05:00,PUR_IED_RGuatemala_Biling_dc53b7,PUR_IED_RGuatemala_Biling_dc53b7,,,,,
2026-09-12T12:21:10-05:00,PUR_IED_RGuatemala_Ext_1b89a3,PUR_IED_RGuatemala_Ext_1b89a3,,,,,
2026-09-12T12:21:10-05:00,PUR_IED_RGuatemala_Tecnol_281a34,PUR_IED_RGuatemala_Tecnol_281a34,,,,,
2026-09-12T12:21:10-05:00,PUR_IED_RafaNu_Ext_f7c302,PUR_IED_RafaNu_Ext_f7c302,,,,,
2026-09-12T12:21:10-05:00,PUR_IED_RafaNu_S1101_25fde,PUR_IED_RafaNu_S1101_25fde,,,,,
2026-09-12T12:21:10-05:00,PUR_IED_RafaNu_S1102_281517,PUR_IED_RafaNu_S1102_281517,,,,,
2026-09-12T12:21:10-05:00,PUR_IED_RafaelB_S305_ee2783,PUR_IED_RafaelB_S305_ee2783,,,,,
2026-09-12T12:21:10-05:00,PUR_IED_RafaelB_S306_75fe33,PUR_IED_RafaelB_S306_75fe33,,,,,
2026-09-12T12:21:10-05:00,PUR_IED_RafaelB_ext_283336,PUR_IED_RafaelB_ext_283336,2,21,53,4.6722,-74.0737
2026-09-12T12:21:10-05:00,PUR_IED_RafaelUU_Exterior_281a51,PUR_IED_RafaelUU_Exterior_281a51,,,,,
2026-09-12T12:21:10-05:00,PUR_IED_RafaelUU_Human_806b2,PUR_IED_RafaelUU_Human_806b2,,,,,
2026-09-12T12:21:10-05:00,PUR_IED_RafaelUU_Mate2_5680d4,PUR_IED_RafaelUU_Mate2_5680d4,,,,,
2026-09-12T12:21:10-05:00,PUR_IED_RamonSub_Ext_f9eeb9,PUR_IED_RamonSub_Ext_f9eeb9,,,,,
2026-09-12T12:21:10-05:00,PUR_IED_RamonSub_Media_d1f62f,PUR_IED_RamonSub_Media_d1f62f,,,,,
2026-09-12T12:21:10-05:00,PUR_IED_RamonSub_planta_51b82,PUR_IED_RamonSub_planta_51b82,,,,,
2026-09-12T12:21:10-05:00,PUR_IED_RepBoliVene_Exter_27af7c,PUR_IED_RepBoliVene_Exter_27af7c,,,,,
2026-09-12T12:21:10-05:00,PUR_IED_RepBoliVene_SCPT_5ae2ee,PUR_IED_RepBoliVene_SCPT_5ae2ee,,,,,
2026-09-12T12:21:10-05:00,PUR_IED_RepBoliVene_Socia_4b11d5,PUR_IED_RepBoliVene_Socia_4b11d5,,,,,
2026-09-12T12:21:10-05:00,PUR_IED_RepChina_Ext_76d9ee,PUR_IED_RepChina_Ext_76d9ee,,,,,
2026-09-12T12:21:10-05:00,PUR_IED_RepChina_S404_7c804c,PUR_IED_RepChina_S404_7c804c,,,,,
2026-09-12T12:21:10-05:00,PUR_IED_RepChina_S405_df2c33,PUR_IED_RepChina_S405_df2c33,,,,,
2026-09-12T12:21:10-05:00,PUR_IED_RepublicaC_Exteri_7d1ec9,PUR_IED_RepublicaC_Exteri_7d1ec9,,,,,
2026-09-12T12:21:10-05:00,PUR_IED_RepublicaC_S1101_f544b3,PUR_IED_RepublicaC_S1101_f544b3,,,,,
2026-09-12T12:21:10-05:00,PUR_IED_RepublicaC_S1102_7aafc7,PUR_IED_RepublicaC_S1102_7aafc7,,,,,
2026-09-12T12:21:10-05:00,PUR_IED_Ricaurte_Externo_a0ea1,PUR_IED_Ricaurte_Externo_a0ea1,,,,,
2026-09-12T12:21:10-05:00,PUR_IED_Ricaurte_S210_f546fd,PUR_IED_Ricaurte_S210_f546fd,,,,,
2026-09-12T12:21:10-05:00,PUR_IED_Ricaurte_S309_d4452,PUR_IED_Ricaurte_S309_d4452,,,,,
2026-09-12T12:21:10-05:00,PUR_IED_RogelioS_1102_531e69,PUR_IED_RogelioS_1102_531e69,,,,,
2026-09-12T12:21:10-05:00,PUR_IED_RogelioS_Ext_f25a18,PUR_IED_RogelioS_Ext_f25a18,,,,,
2026-09-12T12:21:10-05:00,PUR_IED_SBernardino_Ext_27aff8,PUR_IED_SBernardino_Ext_27aff8,,,,,
2026-09-12T12:21:10-05:00,PUR_IED_SBernardino_SArte_2ffd33,PUR_IED_SBernardino_SArte_2ffd33,,,,,
2026-09-12T12:21:10-05:00,PUR_IED_SBernardino_SIngl_7c7da5,PUR_IED_SBernardino_SIngl_7c7da5,,,,,
2026-09-12T12:21:10-05:00,PUR_IED_Sago_auditorio_dc9d1d,PUR_IED_Sago_auditorio_dc9d1d,,,,,
2026-09-12T12:21:10-05:00,PUR_IED_Saludcoop_Ext_95aac3,PUR_IED_Saludcoop_Ext_95aac3,,,,,
2026-09-12T12:21:10-05:00,PUR_IED_Saludcoop_InfI_90c854,PUR_IED_Saludcoop_InfI_90c854,,,,,
2026-09-12T12:21:10-05:00,PUR_IED_Saludcoop_SMedia_1b93be,PUR_IED_Saludcoop_SMedia_1b93be,,,,,
2026-09-12T12:21:10-05:00,PUR_IED_SanCarlos_1101_1a2360,PUR_IED_SanCarlos_1101_1a2360,,,,,
2026-09-12T12:21:10-05:00,PUR_IED_SanCarlos_1103_7bafb5,PUR_IED_SanCarlos_1103_7bafb5,,,,,
2026-09-12T12:21:10-05:00,PUR_IED_SanCarlos_Ext_b7cd1,PUR_IED_SanCarlos_Ext_b7cd1,,,,,
2026-09-12T12:21:10-05:00,PUR_IED_SanIgnacioBosa11a_50c26e,PUR_IED_SanIgnacioBosa11a_50c26e,,,,,
2026-09-12T12:21:10-05:00,PUR_IED_SanIgnacioBosa11b_371de8,PUR_IED_SanIgnacioBosa11b_371de8,,,,,
2026-09-12T12:21:10-05:00,PUR_IED_SanIgnacioBosaExt_ef0ffc,PUR_IED_SanIgnacioBosaExt_ef0ffc,,,,,
2026-09-12T12:21:10-05:00,PUR_IED_SanIgnacioBosa_11a_50c26e,PUR_IED_SanIgnacioBosa_11a_50c26e,,,,,
2026-09-12T12:21:10-05:00,PUR_IED_SanIgnacioBosa_Ext_ef0ffc,PUR_IED_SanIgnacioBosa_Ext_ef0ffc,,,,,
2026-09-12T12:21:10-05:00,PUR_IED_SanJoseN_intS1101_31c47f,PUR_IED_SanJoseN_intS1101_31c47f,,,,,
2026-09-12T12:21:10-05:00,PUR_IED_SanJoseUsm_Exter_f5d7e8,PUR_IED_SanJoseUsm_Exter_f5d7e8,,,,,
2026-09-12T12:21:10-05:00,PUR_IED_SanJoseUsm_Int11A_cfdef6,PUR_IED_SanJoseUsm_Int11A_cfdef6,,,,,
2026-09-12T12:21:10-05:00,PUR_IED_SilveriaR_IntB5_905349,PUR_IED_SilveriaR_IntB5_905349,,,,,
2026-09-12T12:21:10-05:00,PUR_IED_SilveriaR_IntSD14_981f93,PUR_IED_SilveriaR_IntSD14_981f93,,,,,
2026-09-12T12:21:10-05:00,PUR_IED_SilveriaR_ext_2b651d,PUR_IED_SilveriaR_ext_2b651d,,,,,
2026-09-12T12:21:10-05:00,PUR_IED_SimonB_Exterior_913975,PUR_IED_SimonB_Exterior_913975,,,,,
2026-09-12T12:21:10-05:00,PUR_IED_SimonB_LabQuimi_c56908,PUR_IED_SimonB_LabQuimi_c56908,,,,,
2026-09-12T12:21:10-05:00,PUR_IED_SimonB_informatic_a28c1,PUR_IED_SimonB_informatic_a28c1,,,,,
2026-09-12T12:21:10-05:00,PUR_IED_Sorrento_1102_315f50,PUR_IED_Sorrento_1102_315f50,,,,,
2026-09-12T12:21:10-05:00,PUR_IED_Sorrento_Minte_214eab,PUR_IED_Sorrento_Minte_214eab,,,,,
2026-09-12T12:21:10-05:00,PUR_IED_Sorrento_ext_7c3a0a,PUR_IED_Sorrento_ext_7c3a0a,,,,,
2026-09-12T12:21:10-05:00,PUR_IED_Tabora_Ext_f048ae,PUR_IED_Tabora_Ext_f048ae,,,,,
2026-09-12T12:21:10-05:00,PUR_IED_Tabora_S1102_b07752,PUR_IED_Tabora_S1102_b07752,,,,,
2026-09-12T12:21:10-05:00,PUR_IED_Tabora_S1103_d988f5,PUR_IED_Tabora_S1103_d988f5,,,,,
2026-09-12T12:21:10-05:00,PUR_IED_Tenerife_Ext_1ab188,PUR_IED_Tenerife_Ext_1ab188,,,,,
2026-09-12T12:21:10-05:00,PUR_IED_Tenerife_SDanzas_7bc02e,PUR_IED_Tenerife_SDanzas_7bc02e,,,,,
2026-09-12T12:21:10-05:00,PUR_IED_Tenerife_SIngles_7cc277,PUR_IED_Tenerife_SIngles_7cc277,,,,,
2026-09-12T12:21:10-05:00,PUR_IED_Tibabuyes_Exter_f2683d,PUR_IED_Tibabuyes_Exter_f2683d,,,,,
2026-09-12T12:21:10-05:00,PUR_IED_Tibabuyes_S10_dc87a8,PUR_IED_Tibabuyes_S10_dc87a8,,,,,
2026-09-12T12:21:10-05:00,PUR_IED_Tibabuyes_S15_dc0526,PUR_IED_Tibabuyes_S15_dc0526,,,,,
2026-09-12T12:21:10-05:00,PUR_IED_UnionE_S301_a1043,PUR_IED_UnionE_S301_a1043,,,,,
2026-09-12T12:21:10-05:00,PUR_IED_UnionE_S307_ff6c2f,PUR_IED_UnionE_S307_ff6c2f,,,,,
2026-09-12T12:21:10-05:00,PUR_IED_UnionE__Ext_5e2468,PUR_IED_UnionE__Ext_5e2468,,,,,
2026-09-12T12:21:10-05:00,PUR_IED_VillaRica_Ext_75be7c,PUR_IED_VillaRica_Ext_75be7c,,,,,
2026-09-12T12:21:10-05:00,PUR_IED_VillaRica_S4_cc5dcd,PUR_IED_VillaRica_S4_cc5dcd,,,,,
2026-09-12T12:21:10-05:00,PUR_IED_VillaRica_Sesp_99f5c,PUR_IED_VillaRica_Sesp_99f5c,,,,,
2026-09-12T12:26:05-05:00,PUR_IED_20deJulio_1101_91b1b9,PUR_IED_20deJulio_1101_91b1b9,,,,,
2026-09-12T12:26:05-05:00,PUR_IED_20deJulio_1102_1cfcf9,PUR_IED_20deJulio_1102_1cfcf9,,,,,
2026-09-12T12:26:05-05:00,PUR_IED_20deJulio_Ext_ab60bd,PUR_IED_20deJulio_Ext_ab60bd,,,,,
2026-09-12T12:26:05-05:00,PUR_IED_AgustinFer_Ext_7b9b77,PUR_IED_AgustinFer_Ext_7b9b77,,,,,
2026-09-12T12:26:05-05:00,PUR_IED_AgustinFer_Info2_27b3a7,PUR_IED_AgustinFer_Info2_27b3a7,,,,,
2026-09-12T12:26:05-05:00,PUR_IED_AgustinFer_Sena_54b4eb,PUR_IED_AgustinFer_Sena_54b4eb,,,,,
2026-09-12T12:26:05-05:00,PUR_IED_AlexanderF_1102_caf07b,PUR_IED_AlexanderF_1102_caf07b,,,,,
2026-09-12T12:26:05-05:00,PUR_IED_AlexanderF_1103_c79e71,PUR_IED_AlexanderF_1103_c79e71,,,,,
2026-09-12T12:26:05-05:00,PUR_IED_AlexanderF_Ext_c5b18b,PUR_IED_AlexanderF_Ext_c5b18b,,,,,
2026-09-12T12:26:05-05:00,PUR_IED_AlfonsoLopez_Ext_281d77,PUR_IED_AlfonsoLopez_Ext_281d77,,,,,
2026-09-12T12:26:05-05:00,PUR_IED_AlfonsoLopez_LabF_888ce0,PUR_IED_AlfonsoLopez_LabF_888ce0,,,,,
2026-09-12T12:26:05-05:00,PUR_IED_AlfonsoLopez_SMed_df6a7f,PUR_IED_AlfonsoLopez_SMed_df6a7f,,,,,
2026-09-12T12:26:05-05:00,PUR_IED_AltamiraSO_A2_209f92,PUR_IED_AltamiraSO_A2_209f92,,,,,
2026-09-12T12:26:05-05:00,PUR_IED_AltamiraSO_Ext_186d66,PUR_IED_AltamiraSO_Ext_186d66,,,,,
2026-09-12T12:26:05-05:00,PUR_IED_AltamiraSO_Sistem_27afe1,PUR_IED_AltamiraSO_Sistem_27afe1,,,,,
2026-09-12T12:26:05-05:00,PUR_IED_AlvaroGom_LabQuim_813179,PUR_IED_AlvaroGom_LabQuim_813179,,,,,
2026-09-12T12:26:05-05:00,PUR_IED_AlvaroGomez_Ext_47c7ca,PUR_IED_AlvaroGomez_Ext_47c7ca,,,,,
2026-09-12T12:26:05-05:00,PUR_IED_AlvaroGomez_LabQuim_813179,PUR_IED_AlvaroGomez_LabQuim_813179,,,,,
2026-09-12T12:26:05-05:00,PUR_IED_AlvaroGomez_S23_7ba89f,PUR_IED_AlvaroGomez_S23_7ba89f,,,,,
2026-09-12T12:26:05-05:00,PUR_IED_Amistad_306_dc8728,PUR_IED_Amistad_306_dc8728,,,,,
2026-09-12T12:26:05-05:00,PUR_IED_Amistad_Ext_8cd55e,PUR_IED_Amistad_Ext_8cd55e,,,,,
2026-09-12T12:26:05-05:00,PUR_IED_Amistad_S202_a41169,PUR_IED_Amistad_S202_a41169,,,,,
2026-09-12T12:26:05-05:00,PUR_IED_AndresBello_Bio_fd5f5e,PUR_IED_AndresBello_Bio_fd5f5e,,,,,
2026-09-12T12:26:05-05:00,PUR_IED_AndresBello_ext_dcad65,PUR_IED_AndresBello_ext_dcad65,,,,,
2026-09-12T12:26:05-05:00,PUR_IED_AndresBello_port_eed3ec,PUR_IED_AndresBello_port_eed3ec,,,,,
2026-09-12T12:26:05-05:00,PUR_IED_AngelaR_11b_d90a6b,PUR_IED_AngelaR_11b_d90a6b,,,,,
2026-09-12T12:26:05-05:00,PUR_IED_AngelaR_ext_7cad3e,PUR_IED_AngelaR_ext_7cad3e,,,,,
2026-09-12T12:26:05-05:00,PUR_IED_AntJoseSucre_10mo_df2575,PUR_IED_AntJoseSucre_10mo_df2575,,,,,
2026-09-12T12:26:05-05:00,PUR_IED_AntJoseSucre_Ext_215b36,PUR_IED_AntJoseSucre_Ext_215b36,,,,,
2026-09-12T12:26:05-05:00,PUR_IED_AntJoseSucre_Lab_3139de,PUR_IED_AntJoseSucre_Lab_3139de,,,,,
2026-09-12T12:26:05-05:00,PUR_IED_AntonioGarcia_301_d6b188,PUR_IED_AntonioGarcia_301_d6b188,,,,,
2026-09-12T12:26:05-05:00,PUR_IED_AntonioGarcia_302_88a82,PUR_IED_AntonioGarcia_302_88a82,,,,,
2026-09-12T12:26:05-05:00,PUR_IED_AntonioGarcia_Ext_20950c,PUR_IED_AntonioGarcia_Ext_20950c,,,,,
2026-09-12T12:26:05-05:00,PUR_IED_AntonioVan_Aula2_6dea02,PUR_IED_AntonioVan_Aula2_6dea02,,,,,
2026-09-12T12:26:05-05:00,PUR_IED_AntonioVan_Aula5_f1557e,PUR_IED_AntonioVan_Aula5_f1557e,,,,,
2026-09-12T12:26:05-05:00,PUR_IED_AntonioVan_Ext_406f2f,PUR_IED_AntonioVan_Ext_406f2f,,,,,
2026-09-12T12:26:05-05:00,PUR_IED_Atabanzha_Ext_cc5af9,PUR_IED_Atabanzha_Ext_cc5af9,,,,,
2026-09-12T12:26:05-05:00,PUR_IED_Atabanzha_SA101_56c37,PUR_IED_Atabanzha_SA101_56c37,,,,,
2026-09-12T12:26:05-05:00,PUR_IED_Atabanzha_SB302_27b374,PUR_IED_Atabanzha_SB302_27b374,,,,,
2026-09-12T12:26:05-05:00,PUR_IED_Atahualpa_Ext_fc1748,PUR_IED_Atahualpa_Ext_fc1748,,,,,
2026-09-12T12:26:05-05:00,PUR_IED_Atahualpa_Informa_dc9a95,PUR_IED_Atahualpa_Informa_dc9a95,,,,,
2026-09-12T12:26:05-05:00,PUR_IED_Atahualpa_S1101_f98056,PUR_IED_Atahualpa_S1101_f98056,,,,,
2026-09-12T12:26:05-05:00,PUR_IED_Bellavista_Ext_f5aa74,PUR_IED_Bellavista_Ext_f5aa74,,,,,
2026-09-12T12:26:05-05:00,PUR_IED_Bilbao_11A_916c41,PUR_IED_Bilbao_11A_916c41,,,,,
2026-09-12T12:26:05-05:00,PUR_IED_Bilbao_Ext_fb579a,PUR_IED_Bilbao_Ext_fb579a,,,,,
2026-09-12T12:26:05-05:00,PUR_IED_BrasiliaU_A125_304280,PUR_IED_BrasiliaU_A125_304280,,,,,
2026-09-12T12:26:05-05:00,PUR_IED_BrasiliaU_A203_7c8ca5,PUR_IED_BrasiliaU_A203_7c8ca5,,,,,
2026-09-12T12:26:05-05:00,PUR_IED_BrasiliaU_Ext_8d6e9f,PUR_IED_BrasiliaU_Ext_8d6e9f,5,20,57,4.5175,-74.116302
2026-09-12T12:26:05-05:00,PUR_IED_Brasilia_Ext_fe6593,PUR_IED_Brasilia_Ext_fe6593,,,,,
2026-09-12T12:26:05-05:00,PUR_IED_Brasilia_S24_7c130d,PUR_IED_Brasilia_S24_7c130d,,,,,
2026-09-12T12:26:05-05:00,PUR_IED_Brasilia_S501_186a54,PUR_IED_Brasilia_S501_186a54,,,,,
2026-09-12T12:26:05-05:00,PUR_IED_CHARRY_EXT_f1d5cd,PUR_IED_CHARRY_EXT_f1d5cd,,,,,
2026-09-12T12:26:05-05:00,PUR_IED_CHARRY_INTDANZAS_7a08e6,PUR_IED_CHARRY_INTDANZAS_7a08e6,,,,,
2026-09-12T12:26:05-05:00,PUR_IED_CHARRY_INT_AULA20_dc998d,PUR_IED_CHARRY_INT_AULA20_dc998d,,,,,
2026-09-12T12:26:05-05:00,PUR_IED_COLVIV_1101_S25_7f520a,PUR_IED_COLVIV_1101_S25_7f520a,,,,,
2026-09-12T12:26:05-05:00,PUR_IED_COLVIV_1102_S16_f570ba,PUR_IED_COLVIV_1102_S16_f570ba,,,,,
2026-09-12T12:26:05-05:00,PUR_IED_COLVIV_Ext_1a26fa,PUR_IED_COLVIV_Ext_1a26fa,,,,,
2026-09-12T12:26:05-05:00,PUR_IED_CULPOP_301A_f660f3,PUR_IED_CULPOP_301A_f660f3,,,,,
2026-09-12T12:26:05-05:00,PUR_IED_CULPOP_303_568afe,PUR_IED_CULPOP_303_568afe,,,,,
2026-09-12T12:26:05-05:00,PUR_IED_CULPOP_Ext_e02ccb,PUR_IED_CULPOP_Ext_e02ccb,,,,,
2026-09-12T12:26:05-05:00,PUR_IED_CVillavicen_Ext_26eb58,PUR_IED_CVillavicen_Ext_26eb58,5,17,74,4.487,-74.102798
2026-09-12T12:26:05-05:00,PUR_IED_CVillavicen_Intel_1ce5c2,PUR_IED_CVillavicen_Intel_1ce5c2,,,,,
2026-09-12T12:26:05-05:00,PUR_IED_CVillavicen_Poliv_e0766c,PUR_IED_CVillavicen_Poliv_e0766c,,,,,
2026-09-12T12:26:05-05:00,PUR_IED_CVillavicen_int_1ba140,PUR_IED_CVillavicen_int_1ba140,,,,,
2026-09-12T12:26:05-05:00,PUR_IED_CVillavicen_intel_1ba140,PUR_IED_CVillavicen_intel_1ba140,,,,,
2026-09-12T12:26:05-05:00,PUR_IED_CarlosPizarro_Ext_e307cc,PUR_IED_CarlosPizarro_Ext_e307cc,,,,,
2026-09-12T12:26:05-05:00,PUR_IED_CarlosPizarro_L36_7e5cdb,PUR_IED_CarlosPizarro_L36_7e5cdb,,,,,
2026-09-12T12:26:05-05:00,PUR_IED_CarlosPizarro_L37_c8566c,PUR_IED_CarlosPizarro_L37_c8566c,,,,,
2026-09-12T12:26:05-05:00,PUR_IED_Castilla_Ext_cf35f,PUR_IED_Castilla_Ext_cf35f,,,,,
2026-09-12T12:26:05-05:00,PUR_IED_Castilla_SFisik_360e38,PUR_IED_Castilla_SFisik_360e38,,,,,
2026-09-12T12:26:05-05:00,PUR_IED_Castilla_Sc304_496fbf,PUR_IED_Castilla_Sc304_496fbf,,,,,
2026-09-12T12:26:05-05:00,PUR_IED_CervantesSa_Ext_6b57b,PUR_IED_CervantesSa_Ext_6b57b,2,20,61,4.5128,-74.117203
2026-09-12T12:26:05-05:00,PUR_IED_CervantesSa_S107_225c2b,PUR_IED_CervantesSa_S107_225c2b,,,,,
2026-09-12T12:26:05-05:00,PUR_IED_CervantesSa_S108_940925,PUR_IED_CervantesSa_S108_940925,,,,,
2026-09-12T12:26:05-05:00,PUR_IED_Charry_A20_f53e7c,PUR_IED_Charry_A20_f53e7c,,,,,
2026-09-12T12:26:05-05:00,PUR_IED_Charry_Ext_f1d5cd,PUR_IED_Charry_Ext_f1d5cd,,,,,
2026-09-12T12:26:05-05:00,PUR_IED_Charry_IntAula20_dc998d,PUR_IED_Charry_IntAula20_dc998d,,,,,
2026-09-12T12:26:05-05:00,PUR_IED_Charry_IntDanzas_7a08e6,PUR_IED_Charry_IntDanzas_7a08e6,,,,,
2026-09-12T12:26:05-05:00,PUR_IED_ClememciaC_203_43e2fc,PUR_IED_ClememciaC_203_43e2fc,,,,,
2026-09-12T12:26:05-05:00,PUR_IED_ClememciaC_Ext_1b411a,PUR_IED_ClememciaC_Ext_1b411a,,,,,
2026-09-12T12:26:05-05:00,PUR_IED_ClememciaC_Quimic_44b5fc,PUR_IED_ClememciaC_Quimic_44b5fc,,,,,
2026-09-12T12:26:05-05:00,PUR_IED_ClemenciaC_203_43e2fc,PUR_IED_ClemenciaC_203_43e2fc,,,,,
2026-09-12T12:26:05-05:00,PUR_IED_ClemenciaC_Ext_1b411a,PUR_IED_ClemenciaC_Ext_1b411a,,,,,
2026-09-12T12:26:05-05:00,PUR_IED_ClemenciaC_Quimic_44b5fc,PUR_IED_ClemenciaC_Quimic_44b5fc,,,,,
2026-09-12T12:26:05-05:00,PUR_IED_ColViva_1101_S25_7f520a,PUR_IED_ColViva_1101_S25_7f520a,,,,,
2026-09-12T12:26:05-05:00,PUR_IED_ColViva_1102_S16_f570ba,PUR_IED_ColViva_1102_S16_f570ba,,,,,
2026-09-12T12:26:05-05:00,PUR_IED_ColViva_Ext_1a26fa,PUR_IED_ColViva_Ext_1a26fa,,,,,
2026-09-12T12:26:05-05:00,PUR_IED_ColegioBici_Asist_7c8798,PUR_IED_ColegioBici_Asist_7c8798,,,,,
2026-09-12T12:26:05-05:00,PUR_IED_ColegioBici_Ext_25cbf6,PUR_IED_ColegioBici_Ext_25cbf6,,,,,
2026-09-12T12:26:05-05:00,PUR_IED_ColegioBici_LabQ_7b57db,PUR_IED_ColegioBici_LabQ_7b57db,,,,,
2026-09-12T12:26:05-05:00,PUR_IED_CostaRica_Ext_5e640,PUR_IED_CostaRica_Ext_5e640,,,,,
2026-09-12T12:26:05-05:00,PUR_IED_CostaRica_Quim1_766d1c,PUR_IED_CostaRica_Quim1_766d1c,,,,,
2026-09-12T12:26:05-05:00,PUR_IED_CostaRica__Fisica_6f0873,PUR_IED_CostaRica__Fisica_6f0873,,,,,
2026-09-12T12:26:05-05:00,PUR_IED_CulPopu_301A_f660f3,PUR_IED_CulPopu_301A_f660f3,,,,,
2026-09-12T12:26:05-05:00,PUR_IED_CulPopu_303_568afe,PUR_IED_CulPopu_303_568afe,,,,,
2026-09-12T12:26:05-05:00,PUR_IED_CulPopu_Ext_e02ccb,PUR_IED_CulPopu_Ext_e02ccb,,,,,
2026-09-12T12:26:05-05:00,PUR_IED_Cundinamarca_Ext_f15985,PUR_IED_Cundinamarca_Ext_f15985,,,,,
2026-09-12T12:26:05-05:00,PUR_IED_Cundinamarca_Info_7aa5d7,PUR_IED_Cundinamarca_Info_7aa5d7,,,,,
2026-09-12T12:26:05-05:00,PUR_IED_Cundinamarca_Tec2_f449c7,PUR_IED_Cundinamarca_Tec2_f449c7,,,,,
2026-09-12T12:26:05-05:00,PUR_IED_DiegoM_Aula1_27b314,PUR_IED_DiegoM_Aula1_27b314,,,,,
2026-09-12T12:26:05-05:00,PUR_IED_DiegoM_Ext_d80ac8,PUR_IED_DiegoM_Ext_d80ac8,,,,,
2026-09-12T12:26:05-05:00,PUR_IED_DiegoM_S25_da928f,PUR_IED_DiegoM_S25_da928f,,,,,
2026-09-12T12:26:05-05:00,PUR_IED_ELRODEO_360881,PUR_IED_ELRODEO_360881,,,,,
2026-09-12T12:26:05-05:00,PUR_IED_ELRODEO_ext_360881,PUR_IED_ELRODEO_ext_360881,,,,,
2026-09-12T12:26:05-05:00,PUR_IED_EduardoU_Ext_1c1969,PUR_IED_EduardoU_Ext_1c1969,,,,,
2026-09-12T12:26:05-05:00,PUR_IED_EduardoU_SCiencia_4dfb94,PUR_IED_EduardoU_SCiencia_4dfb94,,,,,
2026-09-12T12:26:05-05:00,PUR_IED_EduardoU_SQuimica_5a46e7,PUR_IED_EduardoU_SQuimica_5a46e7,,,,,
2026-09-12T12:26:05-05:00,PUR_IED_ElRodeo_Aula14_676984,PUR_IED_ElRodeo_Aula14_676984,,,,,
2026-09-12T12:26:05-05:00,PUR_IED_ElRodeo_Aula16_2dd35b,PUR_IED_ElRodeo_Aula16_2dd35b,,,,,
2026-09-12T12:26:05-05:00,PUR_IED_ElRodeo_Ext_360881,PUR_IED_ElRodeo_Ext_360881,,,,,
2026-09-12T12:26:05-05:00,PUR_IED_ElRodeo_Exterior_8c6d28,PUR_IED_ElRodeo_Exterior_8c6d28,,,,,
2026-09-12T12:26:05-05:00,PUR_IED_ElRodeo_ext_360881,PUR_IED_ElRodeo_ext_360881,,,,,
2026-09-12T12:26:05-05:00,PUR_IED_EmmaReyes_Ext_987625,PUR_IED_EmmaReyes_Ext_987625,3,22,47,4.6367,-74.1511
2026-09-12T12:26:05-05:00,PUR_IED_Ensueño_Ext_7f0250,PUR_IED_Ensueño_Ext_7f0250,,,,,
2026-09-12T12:26:05-05:00,PUR_IED_EscNormal_Ext_5fef3b,PUR_IED_EscNormal_Ext_5fef3b,2,23,50,4.5852,-74.096901
2026-09-12T12:26:05-05:00,PUR_IED_EscNormal_S309_5b263,PUR_IED_EscNormal_S309_5b263,,,,,
2026-09-12T12:26:05-05:00,PUR_IED_EscNormal_S310_27b3b8,PUR_IED_EscNormal_S310_27b3b8,,,,,
2026-09-12T12:26:05-05:00,PUR_IED_Evangelista_Conta_f6cd4f,PUR_IED_Evangelista_Conta_f6cd4f,,,,,
2026-09-12T12:26:05-05:00,PUR_IED_Evangelista_Cri_5e16a,PUR_IED_Evangelista_Cri_5e16a,,,,,
2026-09-12T12:26:05-05:00,PUR_IED_Evangelista_Exter_754066,PUR_IED_Evangelista_Exter_754066,,,,,
2026-09-12T12:26:05-05:00,PUR_IED_FMiranda_S209_5cc2a3,PUR_IED_FMiranda_S209_5cc2a3,,,,,
2026-09-12T12:26:05-05:00,PUR_IED_FMiranda_S303_19e344,PUR_IED_FMiranda_S303_19e344,,,,,
2026-09-12T12:26:05-05:00,PUR_IED_FMiranda_ext_f53e7c,PUR_IED_FMiranda_ext_f53e7c,,,,,
2026-09-12T12:26:05-05:00,PUR_IED_FabioLozano_Bibli_1cee05,PUR_IED_FabioLozano_Bibli_1cee05,,,,,
2026-09-12T12:26:05-05:00,PUR_IED_FabioLozano_Ext_6ea285,PUR_IED_FabioLozano_Ext_6ea285,,,,,
2026-09-12T12:26:05-05:00,PUR_IED_FabioLozano_SLudi_f09e1e,PUR_IED_FabioLozano_SLudi_f09e1e,,,,,
2026-09-12T12:26:05-05:00,PUR_IED_FaustinoS_Aula07_27a731,PUR_IED_FaustinoS_Aula07_27a731,,,,,
2026-09-12T12:26:05-05:00,PUR_IED_FaustinoS_Ext_7b936f,PUR_IED_FaustinoS_Ext_7b936f,,,,,
2026-09-12T12:26:05-05:00,PUR_IED_FaustinoS_Fisica_da2c60,PUR_IED_FaustinoS_Fisica_da2c60,,,,,
2026-09-12T12:26:05-05:00,PUR_IED_FeGarciaLo_Ext_dc68ee,PUR_IED_FeGarciaLo_Ext_dc68ee,,,,,
2026-09-12T12:26:05-05:00,PUR_IED_FeGarciaLo_SDanza_f70a59,PUR_IED_FeGarciaLo_SDanza_f70a59,,,,,
2026-09-12T12:26:05-05:00,PUR_IED_FeGarciaLo_SMusic_125cdd,PUR_IED_FeGarciaLo_SMusic_125cdd,,,,,
2026-09-12T12:26:05-05:00,PUR_IED_FederalAlema_Exte_50c345,PUR_IED_FederalAlema_Exte_50c345,,,,,
2026-09-12T12:26:05-05:00,PUR_IED_FederalAlema_S31_f18371,PUR_IED_FederalAlema_S31_f18371,,,,,
2026-09-12T12:26:05-05:00,PUR_IED_FederalAlema_S901_a62cd,PUR_IED_FederalAlema_S901_a62cd,,,,,
2026-09-12T12:26:05-05:00,PUR_IED_FilarmonicaS_A5_f35eb1,PUR_IED_FilarmonicaS_A5_f35eb1,,,,,
2026-09-12T12:26:05-05:00,PUR_IED_FilarmonicaS_Ext_8a3bde,PUR_IED_FilarmonicaS_Ext_8a3bde,,,,,
2026-09-12T12:26:05-05:00,PUR_IED_FilarmonicaS_Spol_406114,PUR_IED_FilarmonicaS_Spol_406114,,,,,
2026-09-12T12:26:05-05:00,PUR_IED_FlorentinoG_A13_d1fa59,PUR_IED_FlorentinoG_A13_d1fa59,,,,,
2026-09-12T12:26:05-05:00,PUR_IED_FlorentinoG_Ext_1ce6ce,PUR_IED_FlorentinoG_Ext_1ce6ce,,,,,
2026-09-12T12:26:05-05:00,PUR_IED_FlorentinoG_Idiom_a66aac,PUR_IED_FlorentinoG_Idiom_a66aac,,,,,
2026-09-12T12:26:05-05:00,PUR_IED_FranciscoMati_Ext_e3869d,PUR_IED_FranciscoMati_Ext_e3869d,,,,,
2026-09-12T12:26:05-05:00,PUR_IED_FranciscoMati_S13_f31c67,PUR_IED_FranciscoMati_S13_f31c67,,,,,
2026-09-12T12:26:05-05:00,PUR_IED_FranciscoMati_S14_97dead,PUR_IED_FranciscoMati_S14_97dead,,,,,
2026-09-12T12:26:05-05:00,PUR_IED_FranciscoPS_Ext_7bfa9a,PUR_IED_FranciscoPS_Ext_7bfa9a,2,23,49,4.5899,-74.110397
2026-09-12T12:26:05-05:00,PUR_IED_FranciscoPS_Infor_fb8f4c,PUR_IED_FranciscoPS_Infor_fb8f4c,,,,,
2026-09-12T12:26:05-05:00,PUR_IED_FranciscoPS_Quimi_94d39c,PUR_IED_FranciscoPS_Quimi_94d39c,,,,,
2026-09-12T12:26:05-05:00,PUR_IED_FranciscoP_LabQ_d7e148,PUR_IED_FranciscoP_LabQ_d7e148,,,,,
2026-09-12T12:26:05-05:00,PUR_IED_FranciscoP_S28_cf9b30,PUR_IED_FranciscoP_S28_cf9b30,,,,,
2026-09-12T12:26:05-05:00,PUR_IED_FranciscoP_ext_e2313,PUR_IED_FranciscoP_ext_e2313,,,,,
2026-09-12T12:26:05-05:00,PUR_IED_FriederichN_Ext_8ac92a,PUR_IED_FriederichN_Ext_8ac92a,,,,,
2026-09-12T12:26:05-05:00,PUR_IED_FriederichN_S301_dd7e5a,PUR_IED_FriederichN_S301_dd7e5a,,,,,
2026-09-12T12:26:05-05:00,PUR_IED_FriederichN_S308_761f4f,PUR_IED_FriederichN_S308_761f4f,,,,,
2026-09-12T12:26:05-05:00,PUR_IED_GSantander_Aula10_533dd7,PUR_IED_GSantander_Aula10_533dd7,,,,,
2026-09-12T12:26:05-05:00,PUR_IED_GSantander_Aula12_fd4e4f,PUR_IED_GSantander_Aula12_fd4e4f,,,,,
2026-09-12T12:26:05-05:00,PUR_IED_GSantander_Aula310_533dd7,PUR_IED_GSantander_Aula310_533dd7,,,,,
2026-09-12T12:26:05-05:00,PUR_IED_GSantander_Aula312_fd4e4f,PUR_IED_GSantander_Aula312_fd4e4f,,,,,
2026-09-12T12:26:05-05:00,PUR_IED_GSantander_Ext_5f66b0,PUR_IED_GSantander_Ext_5f66b0,,,,,
2026-09-12T12:26:05-05:00,PUR_IED_GYomasa_Ext_f6bea5,PUR_IED_GYomasa_Ext_f6bea5,,,,,
2026-09-12T12:26:05-05:00,PUR_IED_GYomasa_LBiol_2c41aa,PUR_IED_GYomasa_LBiol_2c41aa,,,,,
2026-09-12T12:26:05-05:00,PUR_IED_GYomasa_LQuim_33c80,PUR_IED_GYomasa_LQuim_33c80,,,,,
2026-09-12T12:26:05-05:00,PUR_IED_GabBetMejia_Cienc_5a99c,PUR_IED_GabBetMejia_Cienc_5a99c,,,,,
2026-09-12T12:26:05-05:00,PUR_IED_GabBetMejia_Ext_9153d0,PUR_IED_GabBetMejia_Ext_9153d0,,,,,
2026-09-12T12:26:05-05:00,PUR_IED_GabBetMejia_Lab_f55347,PUR_IED_GabBetMejia_Lab_f55347,,,,,
2026-09-12T12:26:05-05:00,PUR_IED_GabBetanMejia_Ext_9153d0,PUR_IED_GabBetanMejia_Ext_9153d0,,,,,
2026-09-12T12:26:05-05:00,PUR_IED_Gaitana_Aula13_7aac11,PUR_IED_Gaitana_Aula13_7aac11,,,,,
2026-09-12T12:26:05-05:00,PUR_IED_Gaitana_Ext_5fcf4,PUR_IED_Gaitana_Ext_5fcf4,,,,,
2026-09-12T12:26:05-05:00,PUR_IED_Gaitana_LabFisica_644448,PUR_IED_Gaitana_LabFisica_644448,,,,,
2026-09-12T12:26:05-05:00,PUR_IED_GenSantander_Dise_8ac858,PUR_IED_GenSantander_Dise_8ac858,,,,,
2026-09-12T12:26:05-05:00,PUR_IED_GenSantander_Ext_8d5dfe,PUR_IED_GenSantander_Ext_8d5dfe,,,,,
2026-09-12T12:26:05-05:00,PUR_IED_GenSantander_Info_6c25b,PUR_IED_GenSantander_Info_6c25b,,,,,
2026-09-12T12:26:05-05:00,PUR_IED_GustavoMo_Exterio_75e63d,PUR_IED_GustavoMo_Exterio_75e63d,,,,,
2026-09-12T12:26:05-05:00,PUR_IED_GustavoMo_LabFisi_224d37,PUR_IED_GustavoMo_LabFisi_224d37,,,,,
2026-09-12T12:26:05-05:00,PUR_IED_GustavoMo_S208_3e6918,PUR_IED_GustavoMo_S208_3e6918,,,,,
2026-09-12T12:26:05-05:00,PUR_IED_GustavoR_A02_8cd4a8,PUR_IED_GustavoR_A02_8cd4a8,,,,,
2026-09-12T12:26:05-05:00,PUR_IED_GustavoR_B11_5b0ed,PUR_IED_GustavoR_B11_5b0ed,,,,,
2026-09-12T12:26:05-05:00,PUR_IED_GustavoR_Ext_7a0c90,PUR_IED_GustavoR_Ext_7a0c90,,,,,
2026-09-12T12:26:05-05:00,PUR_IED_HernandoDuran_Ext_8cd82b,PUR_IED_HernandoDuran_Ext_8cd82b,,,,,
2026-09-12T12:26:05-05:00,PUR_IED_HernandoDuran_S24_2772c6,PUR_IED_HernandoDuran_S24_2772c6,,,,,
2026-09-12T12:26:05-05:00,PUR_IED_HernandoDuran_S30_f2de41,PUR_IED_HernandoDuran_S30_f2de41,,,,,
2026-09-12T12:26:05-05:00,PUR_IED_HolguInUr_S1101_8cd732,PUR_IED_HolguInUr_S1101_8cd732,,,,,
2026-09-12T12:26:05-05:00,PUR_IED_HolguinUr_Exter_ddae6d,PUR_IED_HolguinUr_Exter_ddae6d,,,,,
2026-09-12T12:26:05-05:00,PUR_IED_HolguinUr_LabQuim_92b952,PUR_IED_HolguinUr_LabQuim_92b952,,,,,
2026-09-12T12:26:05-05:00,PUR_IED_Isabel-II_Ext_5245cc,PUR_IED_Isabel-II_Ext_5245cc,2,21,50,4.6336,-74.153
2026-09-12T12:26:05-05:00,PUR_IED_Isabel-II_S_idiom_1c29aa,PUR_IED_Isabel-II_S_idiom_1c29aa,,,,,
2026-09-12T12:26:05-05:00,PUR_IED_Isabel-II_S_infor_fd741,PUR_IED_Isabel-II_S_infor_fd741,,,,,
2026-09-12T12:26:05-05:00,PUR_IED_IsidroSur_Exterio_5b90ea,PUR_IED_IsidroSur_Exterio_5b90ea,,,,,
2026-09-12T12:26:05-05:00,PUR_IED_IsidroSur_LabTec_56697a,PUR_IED_IsidroSur_LabTec_56697a,,,,,
2026-09-12T12:26:05-05:00,PUR_IED_IsidroSur_Robotic_b7c38f,PUR_IED_IsidroSur_Robotic_b7c38f,,,,,
2026-09-12T12:26:05-05:00,PUR_IED_IsmaelPerd_Ext_7b6672,PUR_IED_IsmaelPerd_Ext_7b6672,,,,,
2026-09-12T12:26:05-05:00,PUR_IED_IsmaelPerd_Inform_306540,PUR_IED_IsmaelPerd_Inform_306540,,,,,
2026-09-12T12:26:05-05:00,PUR_IED_IsmaelPerd_S30_2e2c83,PUR_IED_IsmaelPerd_S30_2e2c83,,,,,
2026-09-12T12:26:05-05:00,PUR_IED_JLozano_Exter_432910,PUR_IED_JLozano_Exter_432910,,,,,
2026-09-12T12:26:05-05:00,PUR_IED_JLozano_salaMulti_df5125,PUR_IED_JLozano_salaMulti_df5125,,,,,
2026-09-12T12:26:05-05:00,PUR_IED_JMCordoba_206_86f80b,PUR_IED_JMCordoba_206_86f80b,,,,,
2026-09-12T12:26:05-05:00,PUR_IED_JMCordoba_Ext_27ad97,PUR_IED_JMCordoba_Ext_27ad97,,,,,
2026-09-12T12:26:05-05:00,PUR_IED_JMCordoba_S310_d59ab4,PUR_IED_JMCordoba_S310_d59ab4,,,,,
2026-09-12T12:26:05-05:00,PUR_IED_Japon_Ext_549100,PUR_IED_Japon_Ext_549100,,,,,
2026-09-12T12:26:05-05:00,PUR_IED_Japon_Laboratorio_bec51d,PUR_IED_Japon_Laboratorio_bec51d,,,,,
2026-09-12T12:26:05-05:00,PUR_IED_Japon_informatica_d99327,PUR_IED_Japon_informatica_d99327,,,,,
2026-09-12T12:26:05-05:00,PUR_IED_Jazmin_Ext_d27bda,PUR_IED_Jazmin_Ext_d27bda,,,,,
2026-09-12T12:26:05-05:00,PUR_IED_Jazmin_Fisica_8d14d7,PUR_IED_Jazmin_Fisica_8d14d7,,,,,
2026-09-12T12:26:05-05:00,PUR_IED_Jazmin_Quimica_801cb5,PUR_IED_Jazmin_Quimica_801cb5,,,,,
2026-09-12T12:26:05-05:00,PUR_IED_JorgeGaitan_Exter_f098d1,PUR_IED_JorgeGaitan_Exter_f098d1,,,,,
2026-09-12T12:26:05-05:00,PUR_IED_JorgeGaitan_STec1_dc9d1d,PUR_IED_JorgeGaitan_STec1_dc9d1d,,,,,
2026-09-12T12:26:05-05:00,PUR_IED_JorgeGaitan_STec2_281e69,PUR_IED_JorgeGaitan_STec2_281e69,,,,,
2026-09-12T12:26:05-05:00,PUR_IED_JorgeSoto_Exterio_d9d0a2,PUR_IED_JorgeSoto_Exterio_d9d0a2,,,,,
2026-09-12T12:26:05-05:00,PUR_IED_JorgeSoto_LabFisi_209c54,PUR_IED_JorgeSoto_LabFisi_209c54,,,,,
2026-09-12T12:26:05-05:00,PUR_IED_JorgeSoto_S103_27b51a,PUR_IED_JorgeSoto_S103_27b51a,,,,,
2026-09-12T12:26:05-05:00,PUR_IED_JoseAcevedo_A02_e965eb,PUR_IED_JoseAcevedo_A02_e965eb,,,,,
2026-09-12T12:26:05-05:00,PUR_IED_JoseAcevedo_A07_dd5b4,PUR_IED_JoseAcevedo_A07_dd5b4,,,,,
2026-09-12T12:26:05-05:00,PUR_IED_JoseAcevedo_Ext_b47484,PUR_IED_JoseAcevedo_Ext_b47484,,,,,
2026-09-12T12:26:05-05:00,PUR_IED_JoseMarti_Exte_5b9bf,PUR_IED_JoseMarti_Exte_5b9bf,,,,,
2026-09-12T12:26:05-05:00,PUR_IED_JoseMarti_LabQuim_1c6c2d,PUR_IED_JoseMarti_LabQuim_1c6c2d,,,,,
2026-09-12T12:26:05-05:00,PUR_IED_JoseMarti_S_info_f5f177,PUR_IED_JoseMarti_S_info_f5f177,,,,,
2026-09-12T12:26:05-05:00,PUR_IED_Josejoaquin_Ext_dfc5dc,PUR_IED_Josejoaquin_Ext_dfc5dc,,,,,
2026-09-12T12:26:05-05:00,PUR_IED_Josejoaquin_S05_5b2a96,PUR_IED_Josejoaquin_S05_5b2a96,,,,,
2026-09-12T12:26:05-05:00,PUR_IED_Josejoaquin_S06_1ce7d2,PUR_IED_Josejoaquin_S06_1ce7d2,,,,,
2026-09-12T12:26:05-05:00,PUR_IED_JulioFlorez_Danza_9b82dd,PUR_IED_JulioFlorez_Danza_9b82dd,,,,,
2026-09-12T12:26:05-05:00,PUR_IED_JulioFlorez_Exter_f9f314,PUR_IED_JulioFlorez_Exter_f9f314,,,,,
2026-09-12T12:26:05-05:00,PUR_IED_JulioFlorez_info2_6b6e08,PUR_IED_JulioFlorez_info2_6b6e08,,,,,
2026-09-12T12:26:05-05:00,PUR_IED_LaBelleza_Aula13_1d00d8,PUR_IED_LaBelleza_Aula13_1d00d8,,,,,
2026-09-12T12:26:05-05:00,PUR_IED_LaBelleza_Ext_7bc08c,PUR_IED_LaBelleza_Ext_7bc08c,,,,,
2026-09-12T12:26:05-05:00,PUR_IED_LaChucua_Ext_8cd6d2,PUR_IED_LaChucua_Ext_8cd6d2,,,,,
2026-09-12T12:26:05-05:00,PUR_IED_LaChucua_S15_f578ce,PUR_IED_LaChucua_S15_f578ce,,,,,
2026-09-12T12:26:05-05:00,PUR_IED_LaChucua_S16_eebcf9,PUR_IED_LaChucua_S16_eebcf9,,,,,
2026-09-12T12:26:05-05:00,PUR_IED_LaFelicidad_Ext_fb5109,PUR_IED_LaFelicidad_Ext_fb5109,,,,,
2026-09-12T12:26:05-05:00,PUR_IED_LaMerced_206_66ebd,PUR_IED_LaMerced_206_66ebd,,,,,
2026-09-12T12:26:05-05:00,PUR_IED_LaMerced_207_6ebd6,PUR_IED_LaMerced_207_6ebd6,,,,,
2026-09-12T12:26:05-05:00,PUR_IED_LaMerced_ext_304311,PUR_IED_LaMerced_ext_304311,,,,,
2026-09-12T12:26:05-05:00,PUR_IED_Laureano_CiencNat_281e5e,PUR_IED_Laureano_CiencNat_281e5e,,,,,
2026-09-12T12:26:05-05:00,PUR_IED_Laureano_Comedor_f65c0a,PUR_IED_Laureano_Comedor_f65c0a,,,,,
2026-09-12T12:26:05-05:00,PUR_IED_Laureano_Exterior_7ab011,PUR_IED_Laureano_Exterior_7ab011,,,,,
2026-09-12T12:26:05-05:00,PUR_IED_LeonGreiff_Exte_dfe560,PUR_IED_LeonGreiff_Exte_dfe560,,,,,
2026-09-12T12:26:05-05:00,PUR_IED_LeonGreiff_S210_f264ed,PUR_IED_LeonGreiff_S210_f264ed,,,,,
2026-09-12T12:26:05-05:00,PUR_IED_LeonGreiff_SQuimi_e8296f,PUR_IED_LeonGreiff_SQuimi_e8296f,,,,,
2026-09-12T12:26:05-05:00,PUR_IED_LlanoOrientalS208_7b9fcd,PUR_IED_LlanoOrientalS208_7b9fcd,,,,,
2026-09-12T12:26:05-05:00,PUR_IED_LlanoOriental_Ext_fb3766,PUR_IED_LlanoOriental_Ext_fb3766,,,,,
2026-09-12T12:26:05-05:00,PUR_IED_LlanoOriental_S208_7b9fcd,PUR_IED_LlanoOriental_S208_7b9fcd,,,,,
2026-09-12T12:26:05-05:00,PUR_IED_LlanoOriental_S9_27b378,PUR_IED_LlanoOriental_S9_27b378,,,,,
2026-09-12T12:26:05-05:00,PUR_IED_LosTejares_1101_477602,PUR_IED_LosTejares_1101_477602,,,,,
2026-09-12T12:26:05-05:00,PUR_IED_LosTejares_11_d2c595,PUR_IED_LosTejares_11_d2c595,,,,,
2026-09-12T12:26:05-05:00,PUR_IED_LosTejares_12_477602,PUR_IED_LosTejares_12_477602,,,,,
2026-09-12T12:26:05-05:00,PUR_IED_LosTejares_Ext_8e2115,PUR_IED_LosTejares_Ext_8e2115,,,,,
2026-09-12T12:26:05-05:00,PUR_IED_MagdalenaO_B202_5ddda3,PUR_IED_MagdalenaO_B202_5ddda3,,,,,
2026-09-12T12:26:05-05:00,PUR_IED_MagdalenaO_B205_fb76e8,PUR_IED_MagdalenaO_B205_fb76e8,,,,,
2026-09-12T12:26:05-05:00,PUR_IED_MagdalenaO_ext_dc69cd,PUR_IED_MagdalenaO_ext_dc69cd,,,,,
2026-09-12T12:26:05-05:00,PUR_IED_ManueCepeda_artes_eee956,PUR_IED_ManueCepeda_artes_eee956,,,,,
2026-09-12T12:26:05-05:00,PUR_IED_ManuelCepeda_Ext_58313,PUR_IED_ManuelCepeda_Ext_58313,,,,,
2026-09-12T12:26:05-05:00,PUR_IED_ManuelCepeda_tec_1c5731,PUR_IED_ManuelCepeda_tec_1c5731,,,,,
2026-09-12T12:26:05-05:00,PUR_IED_ManuelS_Exterior_5b269,PUR_IED_ManuelS_Exterior_5b269,,,,,
2026-09-12T12:26:05-05:00,PUR_IED_ManuelS_Inform_f369ce,PUR_IED_ManuelS_Inform_f369ce,,,,,
2026-09-12T12:26:05-05:00,PUR_IED_ManuelS_SArtes_7d15f1,PUR_IED_ManuelS_SArtes_7d15f1,,,,,
2026-09-12T12:26:05-05:00,PUR_IED_ManuelZapata_303_3ca6,PUR_IED_ManuelZapata_303_3ca6,,,,,
2026-09-12T12:26:05-05:00,PUR_IED_ManuelZapata_311_bfbabc,PUR_IED_ManuelZapata_311_bfbabc,,,,,
2026-09-12T12:26:05-05:00,PUR_IED_ManuelZapata_Ext_50824a,PUR_IED_ManuelZapata_Ext_50824a,,,,,
2026-09-12T12:26:05-05:00,PUR_IED_ManuelitaS_Exteri_656a92,PUR_IED_ManuelitaS_Exteri_656a92,,,,,
2026-09-12T12:26:05-05:00,PUR_IED_ManuelitaS_JuzgDe_f58ec3,PUR_IED_ManuelitaS_JuzgDe_f58ec3,,,,,
2026-09-12T12:26:05-05:00,PUR_IED_ManuelitaS_Recrea_d793db,PUR_IED_ManuelitaS_Recrea_d793db,,,,,
2026-09-12T12:26:05-05:00,PUR_IED_MarFidSuarez_Ext_c27b19,PUR_IED_MarFidSuarez_Ext_c27b19,,,,,
2026-09-12T12:26:05-05:00,PUR_IED_MarFidSuarez_Info_e384d7,PUR_IED_MarFidSuarez_Info_e384d7,,,,,
2026-09-12T12:26:05-05:00,PUR_IED_MarFidSuarez_S306_1d0032,PUR_IED_MarFidSuarez_S306_1d0032,,,,,
2026-09-12T12:26:05-05:00,PUR_IED_Menorah_301_2a25a3,PUR_IED_Menorah_301_2a25a3,,,,,
2026-09-12T12:26:05-05:00,PUR_IED_Menorah_306_37ed3,PUR_IED_Menorah_306_37ed3,,,,,
2026-09-12T12:26:05-05:00,PUR_IED_Menorah_Ext_3e155b,PUR_IED_Menorah_Ext_3e155b,,,,,
2026-09-12T12:26:05-05:00,PUR_IED_MinutoB.Aires_A11_1b1604,PUR_IED_MinutoB.Aires_A11_1b1604,,,,,
2026-09-12T12:26:05-05:00,PUR_IED_MinutoB.Aires_A12_fb5860,PUR_IED_MinutoB.Aires_A12_fb5860,,,,,
2026-09-12T12:26:05-05:00,PUR_IED_MinutoB.Aires_Ext_81293f,PUR_IED_MinutoB.Aires_Ext_81293f,,,,,
2026-09-12T12:26:05-05:00,PUR_IED_MinutoBAires_A11_1b1604,PUR_IED_MinutoBAires_A11_1b1604,,,,,
2026-09-12T12:26:05-05:00,PUR_IED_MinutoBAires_A12_fb5860,PUR_IED_MinutoBAires_A12_fb5860,,,,,
2026-09-12T12:26:05-05:00,PUR_IED_MinutoBAires_Ext_81293f,PUR_IED_MinutoBAires_Ext_81293f,,,,,
2026-09-12T12:26:05-05:00,PUR_IED_Montreal_Aula10_1e4959,PUR_IED_Montreal_Aula10_1e4959,,,,,
2026-09-12T12:26:05-05:00,PUR_IED_Montreal_Aula6_300367,PUR_IED_Montreal_Aula6_300367,,,,,
2026-09-12T12:26:05-05:00,PUR_IED_Montreal_Exterior_91a179,PUR_IED_Montreal_Exterior_91a179,,,,,
2026-09-12T12:26:05-05:00,PUR_IED_Mqgdalena_B202_5ddda3,PUR_IED_Mqgdalena_B202_5ddda3,,,,,
2026-09-12T12:26:05-05:00,PUR_IED_NACUND_Soc_dc8728,PUR_IED_NACUND_Soc_dc8728,,,,,
2026-09-12T12:26:05-05:00,PUR_IED_NACUND_ext_27ad97,PUR_IED_NACUND_ext_27ad97,,,,,
2026-09-12T12:26:05-05:00,PUR_IED_NEsperanza_Ext_d24b61,PUR_IED_NEsperanza_Ext_d24b61,,,,,
2026-09-12T12:26:05-05:00,PUR_IED_NEsperanza_SElect_7d1807,PUR_IED_NEsperanza_SElect_7d1807,,,,,
2026-09-12T12:26:05-05:00,PUR_IED_NEsperanza_SLabor_8b2d0a,PUR_IED_NEsperanza_SLabor_8b2d0a,,,,,
2026-09-12T12:26:05-05:00,PUR_IED_NacionesU_Ext_f661a9,PUR_IED_NacionesU_Ext_f661a9,,,,,
2026-09-12T12:26:05-05:00,PUR_IED_NacionesU_Quimica_66f0a,PUR_IED_NacionesU_Quimica_66f0a,,,,,
2026-09-12T12:26:05-05:00,PUR_IED_NacionesU_S306_1b4b3d,PUR_IED_NacionesU_S306_1b4b3d,,,,,
2026-09-12T12:26:05-05:00,PUR_IED_NestorFA_Ext_e4201c,PUR_IED_NestorFA_Ext_e4201c,,,,,
2026-09-12T12:26:05-05:00,PUR_IED_NestorFA_Laborato_f22fe0,PUR_IED_NestorFA_Laborato_f22fe0,,,,,
2026-09-12T12:26:05-05:00,PUR_IED_NestorFA_S204_dee996,PUR_IED_NestorFA_S204_dee996,,,,,
2026-09-12T12:26:05-05:00,PUR_IED_NidyaQT_Aula03_76999b,PUR_IED_NidyaQT_Aula03_76999b,,,,,
2026-09-12T12:26:05-05:00,PUR_IED_NidyaQT_Aula10_56325,PUR_IED_NidyaQT_Aula10_56325,,,,,
2026-09-12T12:26:05-05:00,PUR_IED_NidyaQT_Ext_46e32d,PUR_IED_NidyaQT_Ext_46e32d,,,,,
2026-09-12T12:26:05-05:00,PUR_IED_NuevaCol_Exterior_d9b859,PUR_IED_NuevaCol_Exterior_d9b859,,,,,
2026-09-12T12:26:05-05:00,PUR_IED_NuevaCol_S1101_76c43b,PUR_IED_NuevaCol_S1101_76c43b,,,,,
2026-09-12T12:26:05-05:00,PUR_IED_NuevaCol_S1102_1ce0b5,PUR_IED_NuevaCol_S1102_1ce0b5,,,,,
2026-09-12T12:26:05-05:00,PUR_IED_OEA_A202_f7e3f2,PUR_IED_OEA_A202_f7e3f2,,,,,
2026-09-12T12:26:05-05:00,PUR_IED_OEA_A203_7d1b8d,PUR_IED_OEA_A203_7d1b8d,,,,,
2026-09-12T12:26:05-05:00,PUR_IED_OEA_Ext_27b593,PUR_IED_OEA_Ext_27b593,,,,,
2026-09-12T12:26:05-05:00,PUR_IED_Ochoa_Ext_1c29da,PUR_IED_Ochoa_Ext_1c29da,,,,,
2026-09-12T12:26:05-05:00,PUR_IED_Ochoa_S205_8b1121,PUR_IED_Ochoa_S205_8b1121,,,,,
2026-09-12T12:26:05-05:00,PUR_IED_Ochoa_Sistemas_f33af6,PUR_IED_Ochoa_Sistemas_f33af6,,,,,
2026-09-12T12:26:05-05:00,PUR_IED_PQuebec_Ext_1c67c7,PUR_IED_PQuebec_Ext_1c67c7,,,,,
2026-09-12T12:26:05-05:00,PUR_IED_PQuebec_S15_23e8e2,PUR_IED_PQuebec_S15_23e8e2,,,,,
2026-09-12T12:26:05-05:00,PUR_IED_PQuebec_S16_8ec76b,PUR_IED_PQuebec_S16_8ec76b,,,,,
2026-09-12T12:26:05-05:00,PUR_IED_PabloN_Ext_49dc96,PUR_IED_PabloN_Ext_49dc96,,,,,
2026-09-12T12:26:05-05:00,PUR_IED_PabloN_S1102_4e3df5,PUR_IED_PabloN_S1102_4e3df5,,,,,
2026-09-12T12:26:05-05:00,PUR_IED_PabloN_S1103_50c94b,PUR_IED_PabloN_S1103_50c94b,,,,,
2026-09-12T12:26:05-05:00,PUR_IED_Palestina_S1101_db9198,PUR_IED_Palestina_S1101_db9198,,,,,
2026-09-12T12:26:05-05:00,PUR_IED_Palestina_S1102_dc54fa,PUR_IED_Palestina_S1102_dc54fa,,,,,
2026-09-12T12:26:05-05:00,PUR_IED_Palestina_ext_4ccce6,PUR_IED_Palestina_ext_4ccce6,,,,,
2026-09-12T12:26:05-05:00,PUR_IED_Panama_Fisica_4d0794,PUR_IED_Panama_Fisica_4d0794,,,,,
2026-09-12T12:26:05-05:00,PUR_IED_Panama_SIngles_a4077e,PUR_IED_Panama_SIngles_a4077e,,,,,
2026-09-12T12:26:05-05:00,PUR_IED_Panama_ext_4c54b4,PUR_IED_Panama_ext_4c54b4,,,,,
2026-09-12T12:26:05-05:00,PUR_IED_ParaisoM_Exterior_8cd7f0,PUR_IED_ParaisoM_Exterior_8cd7f0,,,,,
2026-09-12T12:26:05-05:00,PUR_IED_ParaisoM_Laborato_27af35,PUR_IED_ParaisoM_Laborato_27af35,,,,,
2026-09-12T12:26:05-05:00,PUR_IED_ParaisoM_S304_d1edca,PUR_IED_ParaisoM_S304_d1edca,,,,,
2026-09-12T12:26:05-05:00,PUR_IED_PorfirioBarba_Ext_301466,PUR_IED_PorfirioBarba_Ext_301466,,,,,
2026-09-12T12:26:05-05:00,PUR_IED_PorfirioBarba_S11_df6cd2,PUR_IED_PorfirioBarba_S11_df6cd2,,,,,
2026-09-12T12:26:05-05:00,PUR_IED_PorfirioBarba_S29_27a7d6,PUR_IED_PorfirioBarba_S29_27a7d6,,,,,
2026-09-12T12:26:05-05:00,PUR_IED_PradoV_Exter_8b27ad,PUR_IED_PradoV_Exter_8b27ad,,,,,
2026-09-12T12:26:05-05:00,PUR_IED_PradoV_S301_de65b5,PUR_IED_PradoV_S301_de65b5,,,,,
2026-09-12T12:26:05-05:00,PUR_IED_PradoV_S302_7d2593,PUR_IED_PradoV_S302_7d2593,,,,,
2026-09-12T12:26:05-05:00,PUR_IED_QuirogaAlz_Ext_1ddc82,PUR_IED_QuirogaAlz_Ext_1ddc82,,,,,
2026-09-12T12:26:05-05:00,PUR_IED_QuirogaAlz_S302_9926a3,PUR_IED_QuirogaAlz_S302_9926a3,,,,,
2026-09-12T12:26:05-05:00,PUR_IED_QuirogaAlz_S305_cdf1f1,PUR_IED_QuirogaAlz_S305_cdf1f1,,,,,
2026-09-12T12:26:05-05:00,PUR_IED_RGuatemala_Biling_dc53b7,PUR_IED_RGuatemala_Biling_dc53b7,,,,,
2026-09-12T12:26:05-05:00,PUR_IED_RGuatemala_Ext_1b89a3,PUR_IED_RGuatemala_Ext_1b89a3,,,,,
2026-09-12T12:26:05-05:00,PUR_IED_RGuatemala_Tecnol_281a34,PUR_IED_RGuatemala_Tecnol_281a34,,,,,
2026-09-12T12:26:05-05:00,PUR_IED_RafaNu_Ext_f7c302,PUR_IED_RafaNu_Ext_f7c302,,,,,
2026-09-12T12:26:05-05:00,PUR_IED_RafaNu_S1101_25fde,PUR_IED_RafaNu_S1101_25fde,,,,,
2026-09-12T12:26:05-05:00,PUR_IED_RafaNu_S1102_281517,PUR_IED_RafaNu_S1102_281517,,,,,
2026-09-12T12:26:05-05:00,PUR_IED_RafaelB_S305_ee2783,PUR_IED_RafaelB_S305_ee2783,,,,,
2026-09-12T12:26:05-05:00,PUR_IED_RafaelB_S306_75fe33,PUR_IED_RafaelB_S306_75fe33,,,,,
2026-09-12T12:26:05-05:00,PUR_IED_RafaelB_ext_283336,PUR_IED_RafaelB_ext_283336,3,21,54,4.6722,-74.0737
2026-09-12T12:26:05-05:00,PUR_IED_RafaelUU_Exterior_281a51,PUR_IED_RafaelUU_Exterior_281a51,,,,,
2026-09-12T12:26:05-05:00,PUR_IED_RafaelUU_Human_806b2,PUR_IED_RafaelUU_Human_806b2,,,,,
2026-09-12T12:26:05-05:00,PUR_IED_RafaelUU_Mate2_5680d4,PUR_IED_RafaelUU_Mate2_5680d4,,,,,
2026-09-12T12:26:05-05:00,PUR_IED_RamonSub_Ext_f9eeb9,PUR_IED_RamonSub_Ext_f9eeb9,,,,,
2026-09-12T12:26:05-05:00,PUR_IED_RamonSub_Media_d1f62f,PUR_IED_RamonSub_Media_d1f62f,,,,,
2026-09-12T12:26:05-05:00,PUR_IED_RamonSub_planta_51b82,PUR_IED_RamonSub_planta_51b82,,,,,
2026-09-12T12:26:05-05:00,PUR_IED_RepBoliVene_Exter_27af7c,PUR_IED_RepBoliVene_Exter_27af7c,,,,,
2026-09-12T12:26:05-05:00,PUR_IED_RepBoliVene_SCPT_5ae2ee,PUR_IED_RepBoliVene_SCPT_5ae2ee,,,,,
2026-09-12T12:26:05-05:00,PUR_IED_RepBoliVene_Socia_4b11d5,PUR_IED_RepBoliVene_Socia_4b11d5,,,,,
2026-09-12T12:26:05-05:00,PUR_IED_RepChina_Ext_76d9ee,PUR_IED_RepChina_Ext_76d9ee,,,,,
2026-09-12T12:26:05-05:00,PUR_IED_RepChina_S404_7c804c,PUR_IED_RepChina_S404_7c804c,,,,,
2026-09-12T12:26:05-05:00,PUR_IED_RepChina_S405_df2c33,PUR_IED_RepChina_S405_df2c33,,,,,
2026-09-12T12:26:05-05:00,PUR_IED_RepublicaC_Exteri_7d1ec9,PUR_IED_RepublicaC_Exteri_7d1ec9,,,,,
2026-09-12T12:26:05-05:00,PUR_IED_RepublicaC_S1101_f544b3,PUR_IED_RepublicaC_S1101_f544b3,,,,,
2026-09-12T12:26:05-05:00,PUR_IED_RepublicaC_S1102_7aafc7,PUR_IED_RepublicaC_S1102_7aafc7,,,,,
2026-09-12T12:26:05-05:00,PUR_IED_Ricaurte_Externo_a0ea1,PUR_IED_Ricaurte_Externo_a0ea1,,,,,
2026-09-12T12:26:05-05:00,PUR_IED_Ricaurte_S210_f546fd,PUR_IED_Ricaurte_S210_f546fd,,,,,
2026-09-12T12:26:05-05:00,PUR_IED_Ricaurte_S309_d4452,PUR_IED_Ricaurte_S309_d4452,,,,,
2026-09-12T12:26:05-05:00,PUR_IED_RogelioS_1102_531e69,PUR_IED_RogelioS_1102_531e69,,,,,
2026-09-12T12:26:05-05:00,PUR_IED_RogelioS_Ext_f25a18,PUR_IED_RogelioS_Ext_f25a18,,,,,
2026-09-12T12:26:05-05:00,PUR_IED_SBernardino_Ext_27aff8,PUR_IED_SBernardino_Ext_27aff8,,,,,
2026-09-12T12:26:05-05:00,PUR_IED_SBernardino_SArte_2ffd33,PUR_IED_SBernardino_SArte_2ffd33,,,,,
2026-09-12T12:26:05-05:00,PUR_IED_SBernardino_SIngl_7c7da5,PUR_IED_SBernardino_SIngl_7c7da5,,,,,
2026-09-12T12:26:05-05:00,PUR_IED_Sago_auditorio_dc9d1d,PUR_IED_Sago_auditorio_dc9d1d,,,,,
2026-09-12T12:26:05-05:00,PUR_IED_Saludcoop_Ext_95aac3,PUR_IED_Saludcoop_Ext_95aac3,,,,,
2026-09-12T12:26:05-05:00,PUR_IED_Saludcoop_InfI_90c854,PUR_IED_Saludcoop_InfI_90c854,,,,,
2026-09-12T12:26:05-05:00,PUR_IED_Saludcoop_SMedia_1b93be,PUR_IED_Saludcoop_SMedia_1b93be,,,,,
2026-09-12T12:26:05-05:00,PUR_IED_SanCarlos_1101_1a2360,PUR_IED_SanCarlos_1101_1a2360,,,,,
2026-09-12T12:26:05-05:00,PUR_IED_SanCarlos_1103_7bafb5,PUR_IED_SanCarlos_1103_7bafb5,,,,,
2026-09-12T12:26:05-05:00,PUR_IED_SanCarlos_Ext_b7cd1,PUR_IED_SanCarlos_Ext_b7cd1,,,,,
2026-09-12T12:26:05-05:00,PUR_IED_SanIgnacioBosa11a_50c26e,PUR_IED_SanIgnacioBosa11a_50c26e,,,,,
2026-09-12T12:26:05-05:00,PUR_IED_SanIgnacioBosa11b_371de8,PUR_IED_SanIgnacioBosa11b_371de8,,,,,
2026-09-12T12:26:05-05:00,PUR_IED_SanIgnacioBosaExt_ef0ffc,PUR_IED_SanIgnacioBosaExt_ef0ffc,,,,,
2026-09-12T12:26:05-05:00,PUR_IED_SanIgnacioBosa_11a_50c26e,PUR_IED_SanIgnacioBosa_11a_50c26e,,,,,
2026-09-12T12:26:05-05:00,PUR_IED_SanIgnacioBosa_Ext_ef0ffc,PUR_IED_SanIgnacioBosa_Ext_ef0ffc,,,,,
2026-09-12T12:26:05-05:00,PUR_IED_SanJoseN_intS1101_31c47f,PUR_IED_SanJoseN_intS1101_31c47f,,,,,
2026-09-12T12:26:05-05:00,PUR_IED_SanJoseUsm_Exter_f5d7e8,PUR_IED_SanJoseUsm_Exter_f5d7e8,,,,,
2026-09-12T12:26:05-05:00,PUR_IED_SanJoseUsm_Int11A_cfdef6,PUR_IED_SanJoseUsm_Int11A_cfdef6,,,,,
2026-09-12T12:26:05-05:00,PUR_IED_SilveriaR_IntB5_905349,PUR_IED_SilveriaR_IntB5_905349,,,,,
2026-09-12T12:26:05-05:00,PUR_IED_SilveriaR_IntSD14_981f93,PUR_IED_SilveriaR_IntSD14_981f93,,,,,
2026-09-12T12:26:05-05:00,PUR_IED_SilveriaR_ext_2b651d,PUR_IED_SilveriaR_ext_2b651d,,,,,
2026-09-12T12:26:05-05:00,PUR_IED_SimonB_Exterior_913975,PUR_IED_SimonB_Exterior_913975,,,,,
2026-09-12T12:26:05-05:00,PUR_IED_SimonB_LabQuimi_c56908,PUR_IED_SimonB_LabQuimi_c56908,,,,,
2026-09-12T12:26:05-05:00,PUR_IED_SimonB_informatic_a28c1,PUR_IED_SimonB_informatic_a28c1,,,,,
2026-09-12T12:26:05-05:00,PUR_IED_Sorrento_1102_315f50,PUR_IED_Sorrento_1102_315f50,,,,,
2026-09-12T12:26:05-05:00,PUR_IED_Sorrento_Minte_214eab,PUR_IED_Sorrento_Minte_214eab,,,,,
2026-09-12T12:26:05-05:00,PUR_IED_Sorrento_ext_7c3a0a,PUR_IED_Sorrento_ext_7c3a0a,,,,,
2026-09-12T12:26:05-05:00,PUR_IED_Tabora_Ext_f048ae,PUR_IED_Tabora_Ext_f048ae,,,,,
2026-09-12T12:26:05-05:00,PUR_IED_Tabora_S1102_b07752,PUR_IED_Tabora_S1102_b07752,,,,,
2026-09-12T12:26:05-05:00,PUR_IED_Tabora_S1103_d988f5,PUR_IED_Tabora_S1103_d988f5,,,,,
2026-09-12T12:26:05-05:00,PUR_IED_Tenerife_Ext_1ab188,PUR_IED_Tenerife_Ext_1ab188,,,,,
2026-09-12T12:26:05-05:00,PUR_IED_Tenerife_SDanzas_7bc02e,PUR_IED_Tenerife_SDanzas_7bc02e,,,,,
2026-09-12T12:26:05-05:00,PUR_IED_Tenerife_SIngles_7cc277,PUR_IED_Tenerife_SIngles_7cc277,,,,,
2026-09-12T12:26:05-05:00,PUR_IED_Tibabuyes_Exter_f2683d,PUR_IED_Tibabuyes_Exter_f2683d,,,,,
2026-09-12T12:26:05-05:00,PUR_IED_Tibabuyes_S10_dc87a8,PUR_IED_Tibabuyes_S10_dc87a8,,,,,
2026-09-12T12:26:05-05:00,PUR_IED_Tibabuyes_S15_dc0526,PUR_IED_Tibabuyes_S15_dc0526,,,,,
2026-09-12T12:26:05-05:00,PUR_IED_UnionE_S301_a1043,PUR_IED_UnionE_S301_a1043,,,,,
2026-09-12T12:26:05-05:00,PUR_IED_UnionE_S307_ff6c2f,PUR_IED_UnionE_S307_ff6c2f,,,,,
2026-09-12T12:26:05-05:00,PUR_IED_UnionE__Ext_5e2468,PUR_IED_UnionE__Ext_5e2468,,,,,
2026-09-12T12:26:05-05:00,PUR_IED_VillaRica_Ext_75be7c,PUR_IED_VillaRica_Ext_75be7c,,,,,
2026-09-12T12:26:05-05:00,PUR_IED_VillaRica_S4_cc5dcd,PUR_IED_VillaRica_S4_cc5dcd,,,,,
2026-09-12T12:26:05-05:00,PUR_IED_VillaRica_Sesp_99f5c,PUR_IED_VillaRica_Sesp_99f5c,,,,,
2026-09-12T12:31:10-05:00,PUR_IED_20deJulio_1101_91b1b9,PUR_IED_20deJulio_1101_91b1b9,,,,,
2026-09-12T12:31:10-05:00,PUR_IED_20deJulio_1102_1cfcf9,PUR_IED_20deJulio_1102_1cfcf9,,,,,
2026-09-12T12:31:10-05:00,PUR_IED_20deJulio_Ext_ab60bd,PUR_IED_20deJulio_Ext_ab60bd,,,,,
2026-09-12T12:31:10-05:00,PUR_IED_AgustinFer_Ext_7b9b77,PUR_IED_AgustinFer_Ext_7b9b77,,,,,
2026-09-12T12:31:10-05:00,PUR_IED_AgustinFer_Info2_27b3a7,PUR_IED_AgustinFer_Info2_27b3a7,,,,,
2026-09-12T12:31:10-05:00,PUR_IED_AgustinFer_Sena_54b4eb,PUR_IED_AgustinFer_Sena_54b4eb,,,,,
2026-09-12T12:31:10-05:00,PUR_IED_AlexanderF_1102_caf07b,PUR_IED_AlexanderF_1102_caf07b,,,,,
2026-09-12T12:31:10-05:00,PUR_IED_AlexanderF_1103_c79e71,PUR_IED_AlexanderF_1103_c79e71,,,,,
2026-09-12T12:31:10-05:00,PUR_IED_AlexanderF_Ext_c5b18b,PUR_IED_AlexanderF_Ext_c5b18b,,,,,
2026-09-12T12:31:10-05:00,PUR_IED_AlfonsoLopez_Ext_281d77,PUR_IED_AlfonsoLopez_Ext_281d77,,,,,
2026-09-12T12:31:10-05:00,PUR_IED_AlfonsoLopez_LabF_888ce0,PUR_IED_AlfonsoLopez_LabF_888ce0,,,,,
2026-09-12T12:31:10-05:00,PUR_IED_AlfonsoLopez_SMed_df6a7f,PUR_IED_AlfonsoLopez_SMed_df6a7f,,,,,
2026-09-12T12:31:10-05:00,PUR_IED_AltamiraSO_A2_209f92,PUR_IED_AltamiraSO_A2_209f92,,,,,
2026-09-12T12:31:10-05:00,PUR_IED_AltamiraSO_Ext_186d66,PUR_IED_AltamiraSO_Ext_186d66,,,,,
2026-09-12T12:31:10-05:00,PUR_IED_AltamiraSO_Sistem_27afe1,PUR_IED_AltamiraSO_Sistem_27afe1,,,,,
2026-09-12T12:31:10-05:00,PUR_IED_AlvaroGom_LabQuim_813179,PUR_IED_AlvaroGom_LabQuim_813179,,,,,
2026-09-12T12:31:10-05:00,PUR_IED_AlvaroGomez_Ext_47c7ca,PUR_IED_AlvaroGomez_Ext_47c7ca,,,,,
2026-09-12T12:31:10-05:00,PUR_IED_AlvaroGomez_LabQuim_813179,PUR_IED_AlvaroGomez_LabQuim_813179,,,,,
2026-09-12T12:31:10-05:00,PUR_IED_AlvaroGomez_S23_7ba89f,PUR_IED_AlvaroGomez_S23_7ba89f,,,,,
2026-09-12T12:31:10-05:00,PUR_IED_Amistad_306_dc8728,PUR_IED_Amistad_306_dc8728,,,,,
2026-09-12T12:31:10-05:00,PUR_IED_Amistad_Ext_8cd55e,PUR_IED_Amistad_Ext_8cd55e,,,,,
2026-09-12T12:31:10-05:00,PUR_IED_Amistad_S202_a41169,PUR_IED_Amistad_S202_a41169,,,,,
2026-09-12T12:31:10-05:00,PUR_IED_AndresBello_Bio_fd5f5e,PUR_IED_AndresBello_Bio_fd5f5e,,,,,
2026-09-12T12:31:10-05:00,PUR_IED_AndresBello_ext_dcad65,PUR_IED_AndresBello_ext_dcad65,,,,,
2026-09-12T12:31:10-05:00,PUR_IED_AndresBello_port_eed3ec,PUR_IED_AndresBello_port_eed3ec,,,,,
2026-09-12T12:31:10-05:00,PUR_IED_AngelaR_11b_d90a6b,PUR_IED_AngelaR_11b_d90a6b,,,,,
2026-09-12T12:31:10-05:00,PUR_IED_AngelaR_ext_7cad3e,PUR_IED_AngelaR_ext_7cad3e,2,21,54,4.5825,-74.164497
2026-09-12T12:31:10-05:00,PUR_IED_AntJoseSucre_10mo_df2575,PUR_IED_AntJoseSucre_10mo_df2575,,,,,
2026-09-12T12:31:10-05:00,PUR_IED_AntJoseSucre_Ext_215b36,PUR_IED_AntJoseSucre_Ext_215b36,,,,,
2026-09-12T12:31:10-05:00,PUR_IED_AntJoseSucre_Lab_3139de,PUR_IED_AntJoseSucre_Lab_3139de,,,,,
2026-09-12T12:31:10-05:00,PUR_IED_AntonioGarcia_301_d6b188,PUR_IED_AntonioGarcia_301_d6b188,,,,,
2026-09-12T12:31:10-05:00,PUR_IED_AntonioGarcia_302_88a82,PUR_IED_AntonioGarcia_302_88a82,,,,,
2026-09-12T12:31:10-05:00,PUR_IED_AntonioGarcia_Ext_20950c,PUR_IED_AntonioGarcia_Ext_20950c,,,,,
2026-09-12T12:31:10-05:00,PUR_IED_AntonioVan_Aula2_6dea02,PUR_IED_AntonioVan_Aula2_6dea02,,,,,
2026-09-12T12:31:10-05:00,PUR_IED_AntonioVan_Aula5_f1557e,PUR_IED_AntonioVan_Aula5_f1557e,,,,,
2026-09-12T12:31:10-05:00,PUR_IED_AntonioVan_Ext_406f2f,PUR_IED_AntonioVan_Ext_406f2f,,,,,
2026-09-12T12:31:10-05:00,PUR_IED_Atabanzha_Ext_cc5af9,PUR_IED_Atabanzha_Ext_cc5af9,,,,,
2026-09-12T12:31:10-05:00,PUR_IED_Atabanzha_SA101_56c37,PUR_IED_Atabanzha_SA101_56c37,,,,,
2026-09-12T12:31:10-05:00,PUR_IED_Atabanzha_SB302_27b374,PUR_IED_Atabanzha_SB302_27b374,,,,,
2026-09-12T12:31:10-05:00,PUR_IED_Atahualpa_Ext_fc1748,PUR_IED_Atahualpa_Ext_fc1748,,,,,
2026-09-12T12:31:10-05:00,PUR_IED_Atahualpa_Informa_dc9a95,PUR_IED_Atahualpa_Informa_dc9a95,,,,,
2026-09-12T12:31:10-05:00,PUR_IED_Atahualpa_S1101_f98056,PUR_IED_Atahualpa_S1101_f98056,,,,,
2026-09-12T12:31:10-05:00,PUR_IED_Bellavista_Ext_f5aa74,PUR_IED_Bellavista_Ext_f5aa74,,,,,
2026-09-12T12:31:10-05:00,PUR_IED_Bilbao_11A_916c41,PUR_IED_Bilbao_11A_916c41,,,,,
2026-09-12T12:31:10-05:00,PUR_IED_Bilbao_Ext_fb579a,PUR_IED_Bilbao_Ext_fb579a,,,,,
2026-09-12T12:31:10-05:00,PUR_IED_BrasiliaU_A125_304280,PUR_IED_BrasiliaU_A125_304280,,,,,
2026-09-12T12:31:10-05:00,PUR_IED_BrasiliaU_A203_7c8ca5,PUR_IED_BrasiliaU_A203_7c8ca5,,,,,
2026-09-12T12:31:10-05:00,PUR_IED_BrasiliaU_Ext_8d6e9f,PUR_IED_BrasiliaU_Ext_8d6e9f,4,20,57,4.5175,-74.116302
2026-09-12T12:31:10-05:00,PUR_IED_Brasilia_Ext_fe6593,PUR_IED_Brasilia_Ext_fe6593,,,,,
2026-09-12T12:31:10-05:00,PUR_IED_Brasilia_S24_7c130d,PUR_IED_Brasilia_S24_7c130d,,,,,
2026-09-12T12:31:10-05:00,PUR_IED_Brasilia_S501_186a54,PUR_IED_Brasilia_S501_186a54,,,,,
2026-09-12T12:31:10-05:00,PUR_IED_CHARRY_EXT_f1d5cd,PUR_IED_CHARRY_EXT_f1d5cd,,,,,
2026-09-12T12:31:10-05:00,PUR_IED_CHARRY_INTDANZAS_7a08e6,PUR_IED_CHARRY_INTDANZAS_7a08e6,,,,,
2026-09-12T12:31:10-05:00,PUR_IED_CHARRY_INT_AULA20_dc998d,PUR_IED_CHARRY_INT_AULA20_dc998d,,,,,
2026-09-12T12:31:10-05:00,PUR_IED_COLVIV_1101_S25_7f520a,PUR_IED_COLVIV_1101_S25_7f520a,,,,,
2026-09-12T12:31:10-05:00,PUR_IED_COLVIV_1102_S16_f570ba,PUR_IED_COLVIV_1102_S16_f570ba,,,,,
2026-09-12T12:31:10-05:00,PUR_IED_COLVIV_Ext_1a26fa,PUR_IED_COLVIV_Ext_1a26fa,,,,,
2026-09-12T12:31:10-05:00,PUR_IED_CULPOP_301A_f660f3,PUR_IED_CULPOP_301A_f660f3,,,,,
2026-09-12T12:31:10-05:00,PUR_IED_CULPOP_303_568afe,PUR_IED_CULPOP_303_568afe,,,,,
2026-09-12T12:31:10-05:00,PUR_IED_CULPOP_Ext_e02ccb,PUR_IED_CULPOP_Ext_e02ccb,,,,,
2026-09-12T12:31:10-05:00,PUR_IED_CVillavicen_Ext_26eb58,PUR_IED_CVillavicen_Ext_26eb58,5,17,75,4.487,-74.102798
2026-09-12T12:31:10-05:00,PUR_IED_CVillavicen_Intel_1ce5c2,PUR_IED_CVillavicen_Intel_1ce5c2,,,,,
2026-09-12T12:31:10-05:00,PUR_IED_CVillavicen_Poliv_e0766c,PUR_IED_CVillavicen_Poliv_e0766c,,,,,
2026-09-12T12:31:10-05:00,PUR_IED_CVillavicen_int_1ba140,PUR_IED_CVillavicen_int_1ba140,,,,,
2026-09-12T12:31:10-05:00,PUR_IED_CVillavicen_intel_1ba140,PUR_IED_CVillavicen_intel_1ba140,,,,,
2026-09-12T12:31:10-05:00,PUR_IED_CarlosPizarro_Ext_e307cc,PUR_IED_CarlosPizarro_Ext_e307cc,,,,,
2026-09-12T12:31:10-05:00,PUR_IED_CarlosPizarro_L36_7e5cdb,PUR_IED_CarlosPizarro_L36_7e5cdb,,,,,
2026-09-12T12:31:10-05:00,PUR_IED_CarlosPizarro_L37_c8566c,PUR_IED_CarlosPizarro_L37_c8566c,,,,,
2026-09-12T12:31:10-05:00,PUR_IED_Castilla_Ext_cf35f,PUR_IED_Castilla_Ext_cf35f,,,,,
2026-09-12T12:31:10-05:00,PUR_IED_Castilla_SFisik_360e38,PUR_IED_Castilla_SFisik_360e38,,,,,
2026-09-12T12:31:10-05:00,PUR_IED_Castilla_Sc304_496fbf,PUR_IED_Castilla_Sc304_496fbf,,,,,
2026-09-12T12:31:10-05:00,PUR_IED_CervantesSa_Ext_6b57b,PUR_IED_CervantesSa_Ext_6b57b,3,20,63,4.5128,-74.117203
2026-09-12T12:31:10-05:00,PUR_IED_CervantesSa_S107_225c2b,PUR_IED_CervantesSa_S107_225c2b,,,,,
2026-09-12T12:31:10-05:00,PUR_IED_CervantesSa_S108_940925,PUR_IED_CervantesSa_S108_940925,,,,,
2026-09-12T12:31:10-05:00,PUR_IED_Charry_A20_f53e7c,PUR_IED_Charry_A20_f53e7c,,,,,
2026-09-12T12:31:10-05:00,PUR_IED_Charry_Ext_f1d5cd,PUR_IED_Charry_Ext_f1d5cd,,,,,
2026-09-12T12:31:10-05:00,PUR_IED_Charry_IntAula20_dc998d,PUR_IED_Charry_IntAula20_dc998d,,,,,
2026-09-12T12:31:10-05:00,PUR_IED_Charry_IntDanzas_7a08e6,PUR_IED_Charry_IntDanzas_7a08e6,,,,,
2026-09-12T12:31:10-05:00,PUR_IED_ClememciaC_203_43e2fc,PUR_IED_ClememciaC_203_43e2fc,,,,,
2026-09-12T12:31:10-05:00,PUR_IED_ClememciaC_Ext_1b411a,PUR_IED_ClememciaC_Ext_1b411a,,,,,
2026-09-12T12:31:10-05:00,PUR_IED_ClememciaC_Quimic_44b5fc,PUR_IED_ClememciaC_Quimic_44b5fc,,,,,
2026-09-12T12:31:10-05:00,PUR_IED_ClemenciaC_203_43e2fc,PUR_IED_ClemenciaC_203_43e2fc,,,,,
2026-09-12T12:31:10-05:00,PUR_IED_ClemenciaC_Ext_1b411a,PUR_IED_ClemenciaC_Ext_1b411a,,,,,
2026-09-12T12:31:10-05:00,PUR_IED_ClemenciaC_Quimic_44b5fc,PUR_IED_ClemenciaC_Quimic_44b5fc,,,,,
2026-09-12T12:31:10-05:00,PUR_IED_ColViva_1101_S25_7f520a,PUR_IED_ColViva_1101_S25_7f520a,,,,,
2026-09-12T12:31:10-05:00,PUR_IED_ColViva_1102_S16_f570ba,PUR_IED_ColViva_1102_S16_f570ba,,,,,
2026-09-12T12:31:10-05:00,PUR_IED_ColViva_Ext_1a26fa,PUR_IED_ColViva_Ext_1a26fa,,,,,
2026-09-12T12:31:10-05:00,PUR_IED_ColegioBici_Asist_7c8798,PUR_IED_ColegioBici_Asist_7c8798,,,,,
2026-09-12T12:31:10-05:00,PUR_IED_ColegioBici_Ext_25cbf6,PUR_IED_ColegioBici_Ext_25cbf6,,,,,
2026-09-12T12:31:10-05:00,PUR_IED_ColegioBici_LabQ_7b57db,PUR_IED_ColegioBici_LabQ_7b57db,,,,,
2026-09-12T12:31:10-05:00,PUR_IED_CostaRica_Ext_5e640,PUR_IED_CostaRica_Ext_5e640,,,,,
2026-09-12T12:31:10-05:00,PUR_IED_CostaRica_Quim1_766d1c,PUR_IED_CostaRica_Quim1_766d1c,,,,,
2026-09-12T12:31:10-05:00,PUR_IED_CostaRica__Fisica_6f0873,PUR_IED_CostaRica__Fisica_6f0873,,,,,
2026-09-12T12:31:10-05:00,PUR_IED_CulPopu_301A_f660f3,PUR_IED_CulPopu_301A_f660f3,,,,,
2026-09-12T12:31:10-05:00,PUR_IED_CulPopu_303_568afe,PUR_IED_CulPopu_303_568afe,,,,,
2026-09-12T12:31:10-05:00,PUR_IED_CulPopu_Ext_e02ccb,PUR_IED_CulPopu_Ext_e02ccb,,,,,
2026-09-12T12:31:10-05:00,PUR_IED_Cundinamarca_Ext_f15985,PUR_IED_Cundinamarca_Ext_f15985,,,,,
2026-09-12T12:31:10-05:00,PUR_IED_Cundinamarca_Info_7aa5d7,PUR_IED_Cundinamarca_Info_7aa5d7,,,,,
2026-09-12T12:31:10-05:00,PUR_IED_Cundinamarca_Tec2_f449c7,PUR_IED_Cundinamarca_Tec2_f449c7,,,,,
2026-09-12T12:31:10-05:00,PUR_IED_DiegoM_Aula1_27b314,PUR_IED_DiegoM_Aula1_27b314,,,,,
2026-09-12T12:31:10-05:00,PUR_IED_DiegoM_Ext_d80ac8,PUR_IED_DiegoM_Ext_d80ac8,,,,,
2026-09-12T12:31:10-05:00,PUR_IED_DiegoM_S25_da928f,PUR_IED_DiegoM_S25_da928f,,,,,
2026-09-12T12:31:10-05:00,PUR_IED_ELRODEO_360881,PUR_IED_ELRODEO_360881,,,,,
2026-09-12T12:31:10-05:00,PUR_IED_ELRODEO_ext_360881,PUR_IED_ELRODEO_ext_360881,,,,,
2026-09-12T12:31:10-05:00,PUR_IED_EduardoU_Ext_1c1969,PUR_IED_EduardoU_Ext_1c1969,,,,,
2026-09-12T12:31:10-05:00,PUR_IED_EduardoU_SCiencia_4dfb94,PUR_IED_EduardoU_SCiencia_4dfb94,,,,,
2026-09-12T12:31:10-05:00,PUR_IED_EduardoU_SQuimica_5a46e7,PUR_IED_EduardoU_SQuimica_5a46e7,,,,,
2026-09-12T12:31:10-05:00,PUR_IED_ElRodeo_Aula14_676984,PUR_IED_ElRodeo_Aula14_676984,,,,,
2026-09-12T12:31:10-05:00,PUR_IED_ElRodeo_Aula16_2dd35b,PUR_IED_ElRodeo_Aula16_2dd35b,,,,,
2026-09-12T12:31:10-05:00,PUR_IED_ElRodeo_Ext_360881,PUR_IED_ElRodeo_Ext_360881,,,,,
2026-09-12T12:31:10-05:00,PUR_IED_ElRodeo_Exterior_8c6d28,PUR_IED_ElRodeo_Exterior_8c6d28,,,,,
2026-09-12T12:31:10-05:00,PUR_IED_ElRodeo_ext_360881,PUR_IED_ElRodeo_ext_360881,,,,,
2026-09-12T12:31:10-05:00,PUR_IED_EmmaReyes_Ext_987625,PUR_IED_EmmaReyes_Ext_987625,2,22,46,4.6367,-74.1511
2026-09-12T12:31:10-05:00,PUR_IED_Ensueño_Ext_7f0250,PUR_IED_Ensueño_Ext_7f0250,,,,,
2026-09-12T12:31:10-05:00,PUR_IED_EscNormal_Ext_5fef3b,PUR_IED_EscNormal_Ext_5fef3b,2,23,48,4.5852,-74.096901
2026-09-12T12:31:10-05:00,PUR_IED_EscNormal_S309_5b263,PUR_IED_EscNormal_S309_5b263,,,,,
2026-09-12T12:31:10-05:00,PUR_IED_EscNormal_S310_27b3b8,PUR_IED_EscNormal_S310_27b3b8,,,,,
2026-09-12T12:31:10-05:00,PUR_IED_Evangelista_Conta_f6cd4f,PUR_IED_Evangelista_Conta_f6cd4f,,,,,
2026-09-12T12:31:10-05:00,PUR_IED_Evangelista_Cri_5e16a,PUR_IED_Evangelista_Cri_5e16a,,,,,
2026-09-12T12:31:10-05:00,PUR_IED_Evangelista_Exter_754066,PUR_IED_Evangelista_Exter_754066,,,,,
2026-09-12T12:31:10-05:00,PUR_IED_FMiranda_S209_5cc2a3,PUR_IED_FMiranda_S209_5cc2a3,,,,,
2026-09-12T12:31:10-05:00,PUR_IED_FMiranda_S303_19e344,PUR_IED_FMiranda_S303_19e344,,,,,
2026-09-12T12:31:10-05:00,PUR_IED_FMiranda_ext_f53e7c,PUR_IED_FMiranda_ext_f53e7c,,,,,
2026-09-12T12:31:10-05:00,PUR_IED_FabioLozano_Bibli_1cee05,PUR_IED_FabioLozano_Bibli_1cee05,,,,,
2026-09-12T12:31:10-05:00,PUR_IED_FabioLozano_Ext_6ea285,PUR_IED_FabioLozano_Ext_6ea285,,,,,
2026-09-12T12:31:10-05:00,PUR_IED_FabioLozano_SLudi_f09e1e,PUR_IED_FabioLozano_SLudi_f09e1e,,,,,
2026-09-12T12:31:10-05:00,PUR_IED_FaustinoS_Aula07_27a731,PUR_IED_FaustinoS_Aula07_27a731,,,,,
2026-09-12T12:31:10-05:00,PUR_IED_FaustinoS_Ext_7b936f,PUR_IED_FaustinoS_Ext_7b936f,,,,,
2026-09-12T12:31:10-05:00,PUR_IED_FaustinoS_Fisica_da2c60,PUR_IED_FaustinoS_Fisica_da2c60,,,,,
2026-09-12T12:31:10-05:00,PUR_IED_FeGarciaLo_Ext_dc68ee,PUR_IED_FeGarciaLo_Ext_dc68ee,,,,,
2026-09-12T12:31:10-05:00,PUR_IED_FeGarciaLo_SDanza_f70a59,PUR_IED_FeGarciaLo_SDanza_f70a59,,,,,
2026-09-12T12:31:10-05:00,PUR_IED_FeGarciaLo_SMusic_125cdd,PUR_IED_FeGarciaLo_SMusic_125cdd,,,,,
2026-09-12T12:31:10-05:00,PUR_IED_FederalAlema_Exte_50c345,PUR_IED_FederalAlema_Exte_50c345,,,,,
2026-09-12T12:31:10-05:00,PUR_IED_FederalAlema_S31_f18371,PUR_IED_FederalAlema_S31_f18371,,,,,
2026-09-12T12:31:10-05:00,PUR_IED_FederalAlema_S901_a62cd,PUR_IED_FederalAlema_S901_a62cd,,,,,
2026-09-12T12:31:10-05:00,PUR_IED_FilarmonicaS_A5_f35eb1,PUR_IED_FilarmonicaS_A5_f35eb1,,,,,
2026-09-12T12:31:10-05:00,PUR_IED_FilarmonicaS_Ext_8a3bde,PUR_IED_FilarmonicaS_Ext_8a3bde,,,,,
2026-09-12T12:31:10-05:00,PUR_IED_FilarmonicaS_Spol_406114,PUR_IED_FilarmonicaS_Spol_406114,,,,,
2026-09-12T12:31:10-05:00,PUR_IED_FlorentinoG_A13_d1fa59,PUR_IED_FlorentinoG_A13_d1fa59,,,,,
2026-09-12T12:31:10-05:00,PUR_IED_FlorentinoG_Ext_1ce6ce,PUR_IED_FlorentinoG_Ext_1ce6ce,,,,,
2026-09-12T12:31:10-05:00,PUR_IED_FlorentinoG_Idiom_a66aac,PUR_IED_FlorentinoG_Idiom_a66aac,,,,,
2026-09-12T12:31:10-05:00,PUR_IED_FranciscoMati_Ext_e3869d,PUR_IED_FranciscoMati_Ext_e3869d,,,,,
2026-09-12T12:31:10-05:00,PUR_IED_FranciscoMati_S13_f31c67,PUR_IED_FranciscoMati_S13_f31c67,,,,,
2026-09-12T12:31:10-05:00,PUR_IED_FranciscoMati_S14_97dead,PUR_IED_FranciscoMati_S14_97dead,,,,,
2026-09-12T12:31:10-05:00,PUR_IED_FranciscoPS_Ext_7bfa9a,PUR_IED_FranciscoPS_Ext_7bfa9a,2,24,48,4.5899,-74.110397
2026-09-12T12:31:10-05:00,PUR_IED_FranciscoPS_Infor_fb8f4c,PUR_IED_FranciscoPS_Infor_fb8f4c,,,,,
2026-09-12T12:31:10-05:00,PUR_IED_FranciscoPS_Quimi_94d39c,PUR_IED_FranciscoPS_Quimi_94d39c,,,,,
2026-09-12T12:31:10-05:00,PUR_IED_FranciscoP_LabQ_d7e148,PUR_IED_FranciscoP_LabQ_d7e148,,,,,
2026-09-12T12:31:10-05:00,PUR_IED_FranciscoP_S28_cf9b30,PUR_IED_FranciscoP_S28_cf9b30,,,,,
2026-09-12T12:31:10-05:00,PUR_IED_FranciscoP_ext_e2313,PUR_IED_FranciscoP_ext_e2313,,,,,
2026-09-12T12:31:10-05:00,PUR_IED_FriederichN_Ext_8ac92a,PUR_IED_FriederichN_Ext_8ac92a,,,,,
2026-09-12T12:31:10-05:00,PUR_IED_FriederichN_S301_dd7e5a,PUR_IED_FriederichN_S301_dd7e5a,,,,,
2026-09-12T12:31:10-05:00,PUR_IED_FriederichN_S308_761f4f,PUR_IED_FriederichN_S308_761f4f,,,,,
2026-09-12T12:31:10-05:00,PUR_IED_GSantander_Aula10_533dd7,PUR_IED_GSantander_Aula10_533dd7,,,,,
2026-09-12T12:31:10-05:00,PUR_IED_GSantander_Aula12_fd4e4f,PUR_IED_GSantander_Aula12_fd4e4f,,,,,
2026-09-12T12:31:10-05:00,PUR_IED_GSantander_Aula310_533dd7,PUR_IED_GSantander_Aula310_533dd7,,,,,
2026-09-12T12:31:10-05:00,PUR_IED_GSantander_Aula312_fd4e4f,PUR_IED_GSantander_Aula312_fd4e4f,,,,,
2026-09-12T12:31:10-05:00,PUR_IED_GSantander_Ext_5f66b0,PUR_IED_GSantander_Ext_5f66b0,,,,,
2026-09-12T12:31:10-05:00,PUR_IED_GYomasa_Ext_f6bea5,PUR_IED_GYomasa_Ext_f6bea5,,,,,
2026-09-12T12:31:10-05:00,PUR_IED_GYomasa_LBiol_2c41aa,PUR_IED_GYomasa_LBiol_2c41aa,,,,,
2026-09-12T12:31:10-05:00,PUR_IED_GYomasa_LQuim_33c80,PUR_IED_GYomasa_LQuim_33c80,,,,,
2026-09-12T12:31:10-05:00,PUR_IED_GabBetMejia_Cienc_5a99c,PUR_IED_GabBetMejia_Cienc_5a99c,,,,,
2026-09-12T12:31:10-05:00,PUR_IED_GabBetMejia_Ext_9153d0,PUR_IED_GabBetMejia_Ext_9153d0,,,,,
2026-09-12T12:31:10-05:00,PUR_IED_GabBetMejia_Lab_f55347,PUR_IED_GabBetMejia_Lab_f55347,,,,,
2026-09-12T12:31:10-05:00,PUR_IED_GabBetanMejia_Ext_9153d0,PUR_IED_GabBetanMejia_Ext_9153d0,,,,,
2026-09-12T12:31:10-05:00,PUR_IED_Gaitana_Aula13_7aac11,PUR_IED_Gaitana_Aula13_7aac11,,,,,
2026-09-12T12:31:10-05:00,PUR_IED_Gaitana_Ext_5fcf4,PUR_IED_Gaitana_Ext_5fcf4,,,,,
2026-09-12T12:31:10-05:00,PUR_IED_Gaitana_LabFisica_644448,PUR_IED_Gaitana_LabFisica_644448,,,,,
2026-09-12T12:31:10-05:00,PUR_IED_GenSantander_Dise_8ac858,PUR_IED_GenSantander_Dise_8ac858,,,,,
2026-09-12T12:31:10-05:00,PUR_IED_GenSantander_Ext_8d5dfe,PUR_IED_GenSantander_Ext_8d5dfe,,,,,
2026-09-12T12:31:10-05:00,PUR_IED_GenSantander_Info_6c25b,PUR_IED_GenSantander_Info_6c25b,,,,,
2026-09-12T12:31:10-05:00,PUR_IED_GustavoMo_Exterio_75e63d,PUR_IED_GustavoMo_Exterio_75e63d,,,,,
2026-09-12T12:31:10-05:00,PUR_IED_GustavoMo_LabFisi_224d37,PUR_IED_GustavoMo_LabFisi_224d37,,,,,
2026-09-12T12:31:10-05:00,PUR_IED_GustavoMo_S208_3e6918,PUR_IED_GustavoMo_S208_3e6918,,,,,
2026-09-12T12:31:10-05:00,PUR_IED_GustavoR_A02_8cd4a8,PUR_IED_GustavoR_A02_8cd4a8,,,,,
2026-09-12T12:31:10-05:00,PUR_IED_GustavoR_B11_5b0ed,PUR_IED_GustavoR_B11_5b0ed,,,,,
2026-09-12T12:31:10-05:00,PUR_IED_GustavoR_Ext_7a0c90,PUR_IED_GustavoR_Ext_7a0c90,,,,,
2026-09-12T12:31:10-05:00,PUR_IED_HernandoDuran_Ext_8cd82b,PUR_IED_HernandoDuran_Ext_8cd82b,,,,,
2026-09-12T12:31:10-05:00,PUR_IED_HernandoDuran_S24_2772c6,PUR_IED_HernandoDuran_S24_2772c6,,,,,
2026-09-12T12:31:10-05:00,PUR_IED_HernandoDuran_S30_f2de41,PUR_IED_HernandoDuran_S30_f2de41,,,,,
2026-09-12T12:31:10-05:00,PUR_IED_HolguInUr_S1101_8cd732,PUR_IED_HolguInUr_S1101_8cd732,,,,,
2026-09-12T12:31:10-05:00,PUR_IED_HolguinUr_Exter_ddae6d,PUR_IED_HolguinUr_Exter_ddae6d,,,,,
2026-09-12T12:31:10-05:00,PUR_IED_HolguinUr_LabQuim_92b952,PUR_IED_HolguinUr_LabQuim_92b952,,,,,
2026-09-12T12:31:10-05:00,PUR_IED_Isabel-II_Ext_5245cc,PUR_IED_Isabel-II_Ext_5245cc,2,21,50,4.6336,-74.153
2026-09-12T12:31:10-05:00,PUR_IED_Isabel-II_S_idiom_1c29aa,PUR_IED_Isabel-II_S_idiom_1c29aa,,,,,
2026-09-12T12:31:10-05:00,PUR_IED_Isabel-II_S_infor_fd741,PUR_IED_Isabel-II_S_infor_fd741,,,,,
2026-09-12T12:31:10-05:00,PUR_IED_IsidroSur_Exterio_5b90ea,PUR_IED_IsidroSur_Exterio_5b90ea,,,,,
2026-09-12T12:31:10-05:00,PUR_IED_IsidroSur_LabTec_56697a,PUR_IED_IsidroSur_LabTec_56697a,,,,,
2026-09-12T12:31:10-05:00,PUR_IED_IsidroSur_Robotic_b7c38f,PUR_IED_IsidroSur_Robotic_b7c38f,,,,,
2026-09-12T12:31:10-05:00,PUR_IED_IsmaelPerd_Ext_7b6672,PUR_IED_IsmaelPerd_Ext_7b6672,,,,,
2026-09-12T12:31:10-05:00,PUR_IED_IsmaelPerd_Inform_306540,PUR_IED_IsmaelPerd_Inform_306540,,,,,
2026-09-12T12:31:10-05:00,PUR_IED_IsmaelPerd_S30_2e2c83,PUR_IED_IsmaelPerd_S30_2e2c83,,,,,
2026-09-12T12:31:10-05:00,PUR_IED_JLozano_Exter_432910,PUR_IED_JLozano_Exter_432910,,,,,
2026-09-12T12:31:10-05:00,PUR_IED_JLozano_salaMulti_df5125,PUR_IED_JLozano_salaMulti_df5125,,,,,
2026-09-12T12:31:10-05:00,PUR_IED_JMCordoba_206_86f80b,PUR_IED_JMCordoba_206_86f80b,,,,,
2026-09-12T12:31:10-05:00,PUR_IED_JMCordoba_Ext_27ad97,PUR_IED_JMCordoba_Ext_27ad97,,,,,
2026-09-12T12:31:10-05:00,PUR_IED_JMCordoba_S310_d59ab4,PUR_IED_JMCordoba_S310_d59ab4,,,,,
2026-09-12T12:31:10-05:00,PUR_IED_Japon_Ext_549100,PUR_IED_Japon_Ext_549100,,,,,
2026-09-12T12:31:10-05:00,PUR_IED_Japon_Laboratorio_bec51d,PUR_IED_Japon_Laboratorio_bec51d,,,,,
2026-09-12T12:31:10-05:00,PUR_IED_Japon_informatica_d99327,PUR_IED_Japon_informatica_d99327,,,,,
2026-09-12T12:31:10-05:00,PUR_IED_Jazmin_Ext_d27bda,PUR_IED_Jazmin_Ext_d27bda,,,,,
2026-09-12T12:31:10-05:00,PUR_IED_Jazmin_Fisica_8d14d7,PUR_IED_Jazmin_Fisica_8d14d7,,,,,
2026-09-12T12:31:10-05:00,PUR_IED_Jazmin_Quimica_801cb5,PUR_IED_Jazmin_Quimica_801cb5,,,,,
2026-09-12T12:31:10-05:00,PUR_IED_JorgeGaitan_Exter_f098d1,PUR_IED_JorgeGaitan_Exter_f098d1,,,,,
2026-09-12T12:31:10-05:00,PUR_IED_JorgeGaitan_STec1_dc9d1d,PUR_IED_JorgeGaitan_STec1_dc9d1d,,,,,
2026-09-12T12:31:10-05:00,PUR_IED_JorgeGaitan_STec2_281e69,PUR_IED_JorgeGaitan_STec2_281e69,,,,,
2026-09-12T12:31:10-05:00,PUR_IED_JorgeSoto_Exterio_d9d0a2,PUR_IED_JorgeSoto_Exterio_d9d0a2,,,,,
2026-09-12T12:31:10-05:00,PUR_IED_JorgeSoto_LabFisi_209c54,PUR_IED_JorgeSoto_LabFisi_209c54,,,,,
2026-09-12T12:31:10-05:00,PUR_IED_JorgeSoto_S103_27b51a,PUR_IED_JorgeSoto_S103_27b51a,,,,,
2026-09-12T12:31:10-05:00,PUR_IED_JoseAcevedo_A02_e965eb,PUR_IED_JoseAcevedo_A02_e965eb,,,,,
2026-09-12T12:31:10-05:00,PUR_IED_JoseAcevedo_A07_dd5b4,PUR_IED_JoseAcevedo_A07_dd5b4,,,,,
2026-09-12T12:31:10-05:00,PUR_IED_JoseAcevedo_Ext_b47484,PUR_IED_JoseAcevedo_Ext_b47484,,,,,
2026-09-12T12:31:10-05:00,PUR_IED_JoseMarti_Exte_5b9bf,PUR_IED_JoseMarti_Exte_5b9bf,,,,,
2026-09-12T12:31:10-05:00,PUR_IED_JoseMarti_LabQuim_1c6c2d,PUR_IED_JoseMarti_LabQuim_1c6c2d,,,,,
2026-09-12T12:31:10-05:00,PUR_IED_JoseMarti_S_info_f5f177,PUR_IED_JoseMarti_S_info_f5f177,,,,,
2026-09-12T12:31:10-05:00,PUR_IED_Josejoaquin_Ext_dfc5dc,PUR_IED_Josejoaquin_Ext_dfc5dc,,,,,
2026-09-12T12:31:10-05:00,PUR_IED_Josejoaquin_S05_5b2a96,PUR_IED_Josejoaquin_S05_5b2a96,,,,,
2026-09-12T12:31:10-05:00,PUR_IED_Josejoaquin_S06_1ce7d2,PUR_IED_Josejoaquin_S06_1ce7d2,,,,,
2026-09-12T12:31:10-05:00,PUR_IED_JulioFlorez_Danza_9b82dd,PUR_IED_JulioFlorez_Danza_9b82dd,,,,,
2026-09-12T12:31:10-05:00,PUR_IED_JulioFlorez_Exter_f9f314,PUR_IED_JulioFlorez_Exter_f9f314,,,,,
2026-09-12T12:31:10-05:00,PUR_IED_JulioFlorez_info2_6b6e08,PUR_IED_JulioFlorez_info2_6b6e08,,,,,
2026-09-12T12:31:10-05:00,PUR_IED_LaBelleza_Aula13_1d00d8,PUR_IED_LaBelleza_Aula13_1d00d8,,,,,
2026-09-12T12:31:10-05:00,PUR_IED_LaBelleza_Ext_7bc08c,PUR_IED_LaBelleza_Ext_7bc08c,,,,,
2026-09-12T12:31:10-05:00,PUR_IED_LaChucua_Ext_8cd6d2,PUR_IED_LaChucua_Ext_8cd6d2,,,,,
2026-09-12T12:31:10-05:00,PUR_IED_LaChucua_S15_f578ce,PUR_IED_LaChucua_S15_f578ce,,,,,
2026-09-12T12:31:10-05:00,PUR_IED_LaChucua_S16_eebcf9,PUR_IED_LaChucua_S16_eebcf9,,,,,
2026-09-12T12:31:10-05:00,PUR_IED_LaFelicidad_Ext_fb5109,PUR_IED_LaFelicidad_Ext_fb5109,,,,,
2026-09-12T12:31:10-05:00,PUR_IED_LaMerced_206_66ebd,PUR_IED_LaMerced_206_66ebd,,,,,
2026-09-12T12:31:10-05:00,PUR_IED_LaMerced_207_6ebd6,PUR_IED_LaMerced_207_6ebd6,,,,,
2026-09-12T12:31:10-05:00,PUR_IED_LaMerced_ext_304311,PUR_IED_LaMerced_ext_304311,,,,,
2026-09-12T12:31:10-05:00,PUR_IED_Laureano_CiencNat_281e5e,PUR_IED_Laureano_CiencNat_281e5e,,,,,
2026-09-12T12:31:10-05:00,PUR_IED_Laureano_Comedor_f65c0a,PUR_IED_Laureano_Comedor_f65c0a,,,,,
2026-09-12T12:31:10-05:00,PUR_IED_Laureano_Exterior_7ab011,PUR_IED_Laureano_Exterior_7ab011,,,,,
2026-09-12T12:31:10-05:00,PUR_IED_LeonGreiff_Exte_dfe560,PUR_IED_LeonGreiff_Exte_dfe560,,,,,
2026-09-12T12:31:10-05:00,PUR_IED_LeonGreiff_S210_f264ed,PUR_IED_LeonGreiff_S210_f264ed,,,,,
2026-09-12T12:31:10-05:00,PUR_IED_LeonGreiff_SQuimi_e8296f,PUR_IED_LeonGreiff_SQuimi_e8296f,,,,,
2026-09-12T12:31:10-05:00,PUR_IED_LlanoOrientalS208_7b9fcd,PUR_IED_LlanoOrientalS208_7b9fcd,,,,,
2026-09-12T12:31:10-05:00,PUR_IED_LlanoOriental_Ext_fb3766,PUR_IED_LlanoOriental_Ext_fb3766,,,,,
2026-09-12T12:31:10-05:00,PUR_IED_LlanoOriental_S208_7b9fcd,PUR_IED_LlanoOriental_S208_7b9fcd,,,,,
2026-09-12T12:31:10-05:00,PUR_IED_LlanoOriental_S9_27b378,PUR_IED_LlanoOriental_S9_27b378,,,,,
2026-09-12T12:31:10-05:00,PUR_IED_LosTejares_1101_477602,PUR_IED_LosTejares_1101_477602,,,,,
2026-09-12T12:31:10-05:00,PUR_IED_LosTejares_11_d2c595,PUR_IED_LosTejares_11_d2c595,,,,,
2026-09-12T12:31:10-05:00,PUR_IED_LosTejares_12_477602,PUR_IED_LosTejares_12_477602,,,,,
2026-09-12T12:31:10-05:00,PUR_IED_LosTejares_Ext_8e2115,PUR_IED_LosTejares_Ext_8e2115,,,,,
2026-09-12T12:31:10-05:00,PUR_IED_MagdalenaO_B202_5ddda3,PUR_IED_MagdalenaO_B202_5ddda3,,,,,
2026-09-12T12:31:10-05:00,PUR_IED_MagdalenaO_B205_fb76e8,PUR_IED_MagdalenaO_B205_fb76e8,,,,,
2026-09-12T12:31:10-05:00,PUR_IED_MagdalenaO_ext_dc69cd,PUR_IED_MagdalenaO_ext_dc69cd,,,,,
2026-09-12T12:31:10-05:00,PUR_IED_ManueCepeda_artes_eee956,PUR_IED_ManueCepeda_artes_eee956,,,,,
2026-09-12T12:31:10-05:00,PUR_IED_ManuelCepeda_Ext_58313,PUR_IED_ManuelCepeda_Ext_58313,,,,,
2026-09-12T12:31:10-05:00,PUR_IED_ManuelCepeda_tec_1c5731,PUR_IED_ManuelCepeda_tec_1c5731,,,,,
2026-09-12T12:31:10-05:00,PUR_IED_ManuelS_Exterior_5b269,PUR_IED_ManuelS_Exterior_5b269,,,,,
2026-09-12T12:31:10-05:00,PUR_IED_ManuelS_Inform_f369ce,PUR_IED_ManuelS_Inform_f369ce,,,,,
2026-09-12T12:31:10-05:00,PUR_IED_ManuelS_SArtes_7d15f1,PUR_IED_ManuelS_SArtes_7d15f1,,,,,
2026-09-12T12:31:10-05:00,PUR_IED_ManuelZapata_303_3ca6,PUR_IED_ManuelZapata_303_3ca6,,,,,
2026-09-12T12:31:10-05:00,PUR_IED_ManuelZapata_311_bfbabc,PUR_IED_ManuelZapata_311_bfbabc,,,,,
2026-09-12T12:31:10-05:00,PUR_IED_ManuelZapata_Ext_50824a,PUR_IED_ManuelZapata_Ext_50824a,,,,,
2026-09-12T12:31:10-05:00,PUR_IED_ManuelitaS_Exteri_656a92,PUR_IED_ManuelitaS_Exteri_656a92,,,,,
2026-09-12T12:31:10-05:00,PUR_IED_ManuelitaS_JuzgDe_f58ec3,PUR_IED_ManuelitaS_JuzgDe_f58ec3,,,,,
2026-09-12T12:31:10-05:00,PUR_IED_ManuelitaS_Recrea_d793db,PUR_IED_ManuelitaS_Recrea_d793db,,,,,
2026-09-12T12:31:10-05:00,PUR_IED_MarFidSuarez_Ext_c27b19,PUR_IED_MarFidSuarez_Ext_c27b19,,,,,
2026-09-12T12:31:10-05:00,PUR_IED_MarFidSuarez_Info_e384d7,PUR_IED_MarFidSuarez_Info_e384d7,,,,,
2026-09-12T12:31:10-05:00,PUR_IED_MarFidSuarez_S306_1d0032,PUR_IED_MarFidSuarez_S306_1d0032,,,,,
2026-09-12T12:31:10-05:00,PUR_IED_Menorah_301_2a25a3,PUR_IED_Menorah_301_2a25a3,,,,,
2026-09-12T12:31:10-05:00,PUR_IED_Menorah_306_37ed3,PUR_IED_Menorah_306_37ed3,,,,,
2026-09-12T12:31:10-05:00,PUR_IED_Menorah_Ext_3e155b,PUR_IED_Menorah_Ext_3e155b,,,,,
2026-09-12T12:31:10-05:00,PUR_IED_MinutoB.Aires_A11_1b1604,PUR_IED_MinutoB.Aires_A11_1b1604,,,,,
2026-09-12T12:31:10-05:00,PUR_IED_MinutoB.Aires_A12_fb5860,PUR_IED_MinutoB.Aires_A12_fb5860,,,,,
2026-09-12T12:31:10-05:00,PUR_IED_MinutoB.Aires_Ext_81293f,PUR_IED_MinutoB.Aires_Ext_81293f,,,,,
2026-09-12T12:31:10-05:00,PUR_IED_MinutoBAires_A11_1b1604,PUR_IED_MinutoBAires_A11_1b1604,,,,,
2026-09-12T12:31:10-05:00,PUR_IED_MinutoBAires_A12_fb5860,PUR_IED_MinutoBAires_A12_fb5860,,,,,
2026-09-12T12:31:10-05:00,PUR_IED_MinutoBAires_Ext_81293f,PUR_IED_MinutoBAires_Ext_81293f,,,,,
2026-09-12T12:31:10-05:00,PUR_IED_Montreal_Aula10_1e4959,PUR_IED_Montreal_Aula10_1e4959,,,,,
2026-09-12T12:31:10-05:00,PUR_IED_Montreal_Aula6_300367,PUR_IED_Montreal_Aula6_300367,,,,,
2026-09-12T12:31:10-05:00,PUR_IED_Montreal_Exterior_91a179,PUR_IED_Montreal_Exterior_91a179,,,,,
2026-09-12T12:31:10-05:00,PUR_IED_Mqgdalena_B202_5ddda3,PUR_IED_Mqgdalena_B202_5ddda3,,,,,
2026-09-12T12:31:10-05:00,PUR_IED_NACUND_Soc_dc8728,PUR_IED_NACUND_Soc_dc8728,,,,,
2026-09-12T12:31:10-05:00,PUR_IED_NACUND_ext_27ad97,PUR_IED_NACUND_ext_27ad97,,,,,
2026-09-12T12:31:10-05:00,PUR_IED_NEsperanza_Ext_d24b61,PUR_IED_NEsperanza_Ext_d24b61,,,,,
2026-09-12T12:31:10-05:00,PUR_IED_NEsperanza_SElect_7d1807,PUR_IED_NEsperanza_SElect_7d1807,,,,,
2026-09-12T12:31:10-05:00,PUR_IED_NEsperanza_SLabor_8b2d0a,PUR_IED_NEsperanza_SLabor_8b2d0a,,,,,
2026-09-12T12:31:10-05:00,PUR_IED_NacionesU_Ext_f661a9,PUR_IED_NacionesU_Ext_f661a9,,,,,
2026-09-12T12:31:10-05:00,PUR_IED_NacionesU_Quimica_66f0a,PUR_IED_NacionesU_Quimica_66f0a,,,,,
2026-09-12T12:31:10-05:00,PUR_IED_NacionesU_S306_1b4b3d,PUR_IED_NacionesU_S306_1b4b3d,,,,,
2026-09-12T12:31:10-05:00,PUR_IED_NestorFA_Ext_e4201c,PUR_IED_NestorFA_Ext_e4201c,,,,,
2026-09-12T12:31:10-05:00,PUR_IED_NestorFA_Laborato_f22fe0,PUR_IED_NestorFA_Laborato_f22fe0,,,,,
2026-09-12T12:31:10-05:00,PUR_IED_NestorFA_S204_dee996,PUR_IED_NestorFA_S204_dee996,,,,,
2026-09-12T12:31:10-05:00,PUR_IED_NidyaQT_Aula03_76999b,PUR_IED_NidyaQT_Aula03_76999b,,,,,
2026-09-12T12:31:10-05:00,PUR_IED_NidyaQT_Aula10_56325,PUR_IED_NidyaQT_Aula10_56325,,,,,
2026-09-12T12:31:10-05:00,PUR_IED_NidyaQT_Ext_46e32d,PUR_IED_NidyaQT_Ext_46e32d,,,,,
2026-09-12T12:31:10-05:00,PUR_IED_NuevaCol_Exterior_d9b859,PUR_IED_NuevaCol_Exterior_d9b859,,,,,
2026-09-12T12:31:10-05:00,PUR_IED_NuevaCol_S1101_76c43b,PUR_IED_NuevaCol_S1101_76c43b,,,,,
2026-09-12T12:31:10-05:00,PUR_IED_NuevaCol_S1102_1ce0b5,PUR_IED_NuevaCol_S1102_1ce0b5,,,,,
2026-09-12T12:31:10-05:00,PUR_IED_OEA_A202_f7e3f2,PUR_IED_OEA_A202_f7e3f2,,,,,
2026-09-12T12:31:10-05:00,PUR_IED_OEA_A203_7d1b8d,PUR_IED_OEA_A203_7d1b8d,,,,,
2026-09-12T12:31:10-05:00,PUR_IED_OEA_Ext_27b593,PUR_IED_OEA_Ext_27b593,,,,,
2026-09-12T12:31:10-05:00,PUR_IED_Ochoa_Ext_1c29da,PUR_IED_Ochoa_Ext_1c29da,,,,,
2026-09-12T12:31:10-05:00,PUR_IED_Ochoa_S205_8b1121,PUR_IED_Ochoa_S205_8b1121,,,,,
2026-09-12T12:31:10-05:00,PUR_IED_Ochoa_Sistemas_f33af6,PUR_IED_Ochoa_Sistemas_f33af6,,,,,
2026-09-12T12:31:10-05:00,PUR_IED_PQuebec_Ext_1c67c7,PUR_IED_PQuebec_Ext_1c67c7,,,,,
2026-09-12T12:31:10-05:00,PUR_IED_PQuebec_S15_23e8e2,PUR_IED_PQuebec_S15_23e8e2,,,,,
2026-09-12T12:31:10-05:00,PUR_IED_PQuebec_S16_8ec76b,PUR_IED_PQuebec_S16_8ec76b,,,,,
2026-09-12T12:31:10-05:00,PUR_IED_PabloN_Ext_49dc96,PUR_IED_PabloN_Ext_49dc96,,,,,
2026-09-12T12:31:10-05:00,PUR_IED_PabloN_S1102_4e3df5,PUR_IED_PabloN_S1102_4e3df5,,,,,
2026-09-12T12:31:10-05:00,PUR_IED_PabloN_S1103_50c94b,PUR_IED_PabloN_S1103_50c94b,,,,,
2026-09-12T12:31:10-05:00,PUR_IED_Palestina_S1101_db9198,PUR_IED_Palestina_S1101_db9198,,,,,
2026-09-12T12:31:10-05:00,PUR_IED_Palestina_S1102_dc54fa,PUR_IED_Palestina_S1102_dc54fa,,,,,
2026-09-12T12:31:10-05:00,PUR_IED_Palestina_ext_4ccce6,PUR_IED_Palestina_ext_4ccce6,,,,,
2026-09-12T12:31:10-05:00,PUR_IED_Panama_Fisica_4d0794,PUR_IED_Panama_Fisica_4d0794,,,,,
2026-09-12T12:31:10-05:00,PUR_IED_Panama_SIngles_a4077e,PUR_IED_Panama_SIngles_a4077e,,,,,
2026-09-12T12:31:10-05:00,PUR_IED_Panama_ext_4c54b4,PUR_IED_Panama_ext_4c54b4,,,,,
2026-09-12T12:31:10-05:00,PUR_IED_ParaisoM_Exterior_8cd7f0,PUR_IED_ParaisoM_Exterior_8cd7f0,,,,,
2026-09-12T12:31:10-05:00,PUR_IED_ParaisoM_Laborato_27af35,PUR_IED_ParaisoM_Laborato_27af35,,,,,
2026-09-12T12:31:10-05:00,PUR_IED_ParaisoM_S304_d1edca,PUR_IED_ParaisoM_S304_d1edca,,,,,
2026-09-12T12:31:10-05:00,PUR_IED_PorfirioBarba_Ext_301466,PUR_IED_PorfirioBarba_Ext_301466,,,,,
2026-09-12T12:31:10-05:00,PUR_IED_PorfirioBarba_S11_df6cd2,PUR_IED_PorfirioBarba_S11_df6cd2,,,,,
2026-09-12T12:31:10-05:00,PUR_IED_PorfirioBarba_S29_27a7d6,PUR_IED_PorfirioBarba_S29_27a7d6,,,,,
2026-09-12T12:31:10-05:00,PUR_IED_PradoV_Exter_8b27ad,PUR_IED_PradoV_Exter_8b27ad,,,,,
2026-09-12T12:31:10-05:00,PUR_IED_PradoV_S301_de65b5,PUR_IED_PradoV_S301_de65b5,,,,,
2026-09-12T12:31:10-05:00,PUR_IED_PradoV_S302_7d2593,PUR_IED_PradoV_S302_7d2593,,,,,
2026-09-12T12:31:10-05:00,PUR_IED_QuirogaAlz_Ext_1ddc82,PUR_IED_QuirogaAlz_Ext_1ddc82,,,,,
2026-09-12T12:31:10-05:00,PUR_IED_QuirogaAlz_S302_9926a3,PUR_IED_QuirogaAlz_S302_9926a3,,,,,
2026-09-12T12:31:10-05:00,PUR_IED_QuirogaAlz_S305_cdf1f1,PUR_IED_QuirogaAlz_S305_cdf1f1,,,,,
2026-09-12T12:31:10-05:00,PUR_IED_RGuatemala_Biling_dc53b7,PUR_IED_RGuatemala_Biling_dc53b7,,,,,
2026-09-12T12:31:10-05:00,PUR_IED_RGuatemala_Ext_1b89a3,PUR_IED_RGuatemala_Ext_1b89a3,,,,,
2026-09-12T12:31:10-05:00,PUR_IED_RGuatemala_Tecnol_281a34,PUR_IED_RGuatemala_Tecnol_281a34,,,,,
2026-09-12T12:31:10-05:00,PUR_IED_RafaNu_Ext_f7c302,PUR_IED_RafaNu_Ext_f7c302,,,,,
2026-09-12T12:31:10-05:00,PUR_IED_RafaNu_S1101_25fde,PUR_IED_RafaNu_S1101_25fde,,,,,
2026-09-12T12:31:10-05:00,PUR_IED_RafaNu_S1102_281517,PUR_IED_RafaNu_S1102_281517,,,,,
2026-09-12T12:31:10-05:00,PUR_IED_RafaelB_S305_ee2783,PUR_IED_RafaelB_S305_ee2783,,,,,
2026-09-12T12:31:10-05:00,PUR_IED_RafaelB_S306_75fe33,PUR_IED_RafaelB_S306_75fe33,,,,,
2026-09-12T12:31:10-05:00,PUR_IED_RafaelB_ext_283336,PUR_IED_RafaelB_ext_283336,3,20,54,4.6722,-74.0737
2026-09-12T12:31:10-05:00,PUR_IED_RafaelUU_Exterior_281a51,PUR_IED_RafaelUU_Exterior_281a51,,,,,
2026-09-12T12:31:10-05:00,PUR_IED_RafaelUU_Human_806b2,PUR_IED_RafaelUU_Human_806b2,,,,,
2026-09-12T12:31:10-05:00,PUR_IED_RafaelUU_Mate2_5680d4,PUR_IED_RafaelUU_Mate2_5680d4,,,,,
2026-09-12T12:31:10-05:00,PUR_IED_RamonSub_Ext_f9eeb9,PUR_IED_RamonSub_Ext_f9eeb9,,,,,
2026-09-12T12:31:10-05:00,PUR_IED_RamonSub_Media_d1f62f,PUR_IED_RamonSub_Media_d1f62f,,,,,
2026-09-12T12:31:10-05:00,PUR_IED_RamonSub_planta_51b82,PUR_IED_RamonSub_planta_51b82,,,,,
2026-09-12T12:31:10-05:00,PUR_IED_RepBoliVene_Exter_27af7c,PUR_IED_RepBoliVene_Exter_27af7c,,,,,
2026-09-12T12:31:10-05:00,PUR_IED_RepBoliVene_SCPT_5ae2ee,PUR_IED_RepBoliVene_SCPT_5ae2ee,,,,,
2026-09-12T12:31:10-05:00,PUR_IED_RepBoliVene_Socia_4b11d5,PUR_IED_RepBoliVene_Socia_4b11d5,,,,,
2026-09-12T12:31:10-05:00,PUR_IED_RepChina_Ext_76d9ee,PUR_IED_RepChina_Ext_76d9ee,,,,,
2026-09-12T12:31:10-05:00,PUR_IED_RepChina_S404_7c804c,PUR_IED_RepChina_S404_7c804c,,,,,
2026-09-12T12:31:10-05:00,PUR_IED_RepChina_S405_df2c33,PUR_IED_RepChina_S405_df2c33,,,,,
2026-09-12T12:31:10-05:00,PUR_IED_RepublicaC_Exteri_7d1ec9,PUR_IED_RepublicaC_Exteri_7d1ec9,,,,,
2026-09-12T12:31:10-05:00,PUR_IED_RepublicaC_S1101_f544b3,PUR_IED_RepublicaC_S1101_f544b3,,,,,
2026-09-12T12:31:10-05:00,PUR_IED_RepublicaC_S1102_7aafc7,PUR_IED_RepublicaC_S1102_7aafc7,,,,,
2026-09-12T12:31:10-05:00,PUR_IED_Ricaurte_Externo_a0ea1,PUR_IED_Ricaurte_Externo_a0ea1,,,,,
2026-09-12T12:31:10-05:00,PUR_IED_Ricaurte_S210_f546fd,PUR_IED_Ricaurte_S210_f546fd,,,,,
2026-09-12T12:31:10-05:00,PUR_IED_Ricaurte_S309_d4452,PUR_IED_Ricaurte_S309_d4452,,,,,
2026-09-12T12:31:10-05:00,PUR_IED_RogelioS_1102_531e69,PUR_IED_RogelioS_1102_531e69,,,,,
2026-09-12T12:31:10-05:00,PUR_IED_RogelioS_Ext_f25a18,PUR_IED_RogelioS_Ext_f25a18,,,,,
2026-09-12T12:31:10-05:00,PUR_IED_SBernardino_Ext_27aff8,PUR_IED_SBernardino_Ext_27aff8,,,,,
2026-09-12T12:31:10-05:00,PUR_IED_SBernardino_SArte_2ffd33,PUR_IED_SBernardino_SArte_2ffd33,,,,,
2026-09-12T12:31:10-05:00,PUR_IED_SBernardino_SIngl_7c7da5,PUR_IED_SBernardino_SIngl_7c7da5,,,,,
2026-09-12T12:31:10-05:00,PUR_IED_Sago_auditorio_dc9d1d,PUR_IED_Sago_auditorio_dc9d1d,,,,,
2026-09-12T12:31:10-05:00,PUR_IED_Saludcoop_Ext_95aac3,PUR_IED_Saludcoop_Ext_95aac3,,,,,
2026-09-12T12:31:10-05:00,PUR_IED_Saludcoop_InfI_90c854,PUR_IED_Saludcoop_InfI_90c854,,,,,
2026-09-12T12:31:10-05:00,PUR_IED_Saludcoop_SMedia_1b93be,PUR_IED_Saludcoop_SMedia_1b93be,,,,,
2026-09-12T12:31:10-05:00,PUR_IED_SanCarlos_1101_1a2360,PUR_IED_SanCarlos_1101_1a2360,,,,,
2026-09-12T12:31:10-05:00,PUR_IED_SanCarlos_1103_7bafb5,PUR_IED_SanCarlos_1103_7bafb5,,,,,
2026-09-12T12:31:10-05:00,PUR_IED_SanCarlos_Ext_b7cd1,PUR_IED_SanCarlos_Ext_b7cd1,,,,,
2026-09-12T12:31:10-05:00,PUR_IED_SanIgnacioBosa11a_50c26e,PUR_IED_SanIgnacioBosa11a_50c26e,,,,,
2026-09-12T12:31:10-05:00,PUR_IED_SanIgnacioBosa11b_371de8,PUR_IED_SanIgnacioBosa11b_371de8,,,,,
2026-09-12T12:31:10-05:00,PUR_IED_SanIgnacioBosaExt_ef0ffc,PUR_IED_SanIgnacioBosaExt_ef0ffc,,,,,
2026-09-12T12:31:10-05:00,PUR_IED_SanIgnacioBosa_11a_50c26e,PUR_IED_SanIgnacioBosa_11a_50c26e,,,,,
2026-09-12T12:31:10-05:00,PUR_IED_SanIgnacioBosa_Ext_ef0ffc,PUR_IED_SanIgnacioBosa_Ext_ef0ffc,,,,,
2026-09-12T12:31:10-05:00,PUR_IED_SanJoseN_intS1101_31c47f,PUR_IED_SanJoseN_intS1101_31c47f,,,,,
2026-09-12T12:31:10-05:00,PUR_IED_SanJoseUsm_Exter_f5d7e8,PUR_IED_SanJoseUsm_Exter_f5d7e8,,,,,
2026-09-12T12:31:10-05:00,PUR_IED_SanJoseUsm_Int11A_cfdef6,PUR_IED_SanJoseUsm_Int11A_cfdef6,,,,,
2026-09-12T12:31:10-05:00,PUR_IED_SilveriaR_IntB5_905349,PUR_IED_SilveriaR_IntB5_905349,,,,,
2026-09-12T12:31:10-05:00,PUR_IED_SilveriaR_IntSD14_981f93,PUR_IED_SilveriaR_IntSD14_981f93,,,,,
2026-09-12T12:31:10-05:00,PUR_IED_SilveriaR_ext_2b651d,PUR_IED_SilveriaR_ext_2b651d,,,,,
2026-09-12T12:31:10-05:00,PUR_IED_SimonB_Exterior_913975,PUR_IED_SimonB_Exterior_913975,,,,,
2026-09-12T12:31:10-05:00,PUR_IED_SimonB_LabQuimi_c56908,PUR_IED_SimonB_LabQuimi_c56908,,,,,
2026-09-12T12:31:10-05:00,PUR_IED_SimonB_informatic_a28c1,PUR_IED_SimonB_informatic_a28c1,,,,,
2026-09-12T12:31:10-05:00,PUR_IED_Sorrento_1102_315f50,PUR_IED_Sorrento_1102_315f50,,,,,
2026-09-12T12:31:10-05:00,PUR_IED_Sorrento_Minte_214eab,PUR_IED_Sorrento_Minte_214eab,,,,,
2026-09-12T12:31:10-05:00,PUR_IED_Sorrento_ext_7c3a0a,PUR_IED_Sorrento_ext_7c3a0a,,,,,
2026-09-12T12:31:10-05:00,PUR_IED_Tabora_Ext_f048ae,PUR_IED_Tabora_Ext_f048ae,,,,,
2026-09-12T12:31:10-05:00,PUR_IED_Tabora_S1102_b07752,PUR_IED_Tabora_S1102_b07752,,,,,
2026-09-12T12:31:10-05:00,PUR_IED_Tabora_S1103_d988f5,PUR_IED_Tabora_S1103_d988f5,,,,,
2026-09-12T12:31:10-05:00,PUR_IED_Tenerife_Ext_1ab188,PUR_IED_Tenerife_Ext_1ab188,,,,,
2026-09-12T12:31:10-05:00,PUR_IED_Tenerife_SDanzas_7bc02e,PUR_IED_Tenerife_SDanzas_7bc02e,,,,,
2026-09-12T12:31:10-05:00,PUR_IED_Tenerife_SIngles_7cc277,PUR_IED_Tenerife_SIngles_7cc277,,,,,
2026-09-12T12:31:10-05:00,PUR_IED_Tibabuyes_Exter_f2683d,PUR_IED_Tibabuyes_Exter_f2683d,,,,,
2026-09-12T12:31:10-05:00,PUR_IED_Tibabuyes_S10_dc87a8,PUR_IED_Tibabuyes_S10_dc87a8,,,,,
2026-09-12T12:31:10-05:00,PUR_IED_Tibabuyes_S15_dc0526,PUR_IED_Tibabuyes_S15_dc0526,,,,,
2026-09-12T12:31:10-05:00,PUR_IED_UnionE_S301_a1043,PUR_IED_UnionE_S301_a1043,,,,,
2026-09-12T12:31:10-05:00,PUR_IED_UnionE_S307_ff6c2f,PUR_IED_UnionE_S307_ff6c2f,,,,,
2026-09-12T12:31:10-05:00,PUR_IED_UnionE__Ext_5e2468,PUR_IED_UnionE__Ext_5e2468,,,,,
2026-09-12T12:31:10-05:00,PUR_IED_VillaRica_Ext_75be7c,PUR_IED_VillaRica_Ext_75be7c,,,,,
2026-09-12T12:31:10-05:00,PUR_IED_VillaRica_S4_cc5dcd,PUR_IED_VillaRica_S4_cc5dcd,,,,,
2026-09-12T12:31:10-05:00,PUR_IED_VillaRica_Sesp_99f5c,PUR_IED_VillaRica_Sesp_99f5c,,,,,
2026-09-12T12:36:04-05:00,PUR_IED_20deJulio_1101_91b1b9,PUR_IED_20deJulio_1101_91b1b9,,,,,
2026-09-12T12:36:04-05:00,PUR_IED_20deJulio_1102_1cfcf9,PUR_IED_20deJulio_1102_1cfcf9,,,,,
2026-09-12T12:36:04-05:00,PUR_IED_20deJulio_Ext_ab60bd,PUR_IED_20deJulio_Ext_ab60bd,,,,,
2026-09-12T12:36:04-05:00,PUR_IED_AgustinFer_Ext_7b9b77,PUR_IED_AgustinFer_Ext_7b9b77,,,,,
2026-09-12T12:36:04-05:00,PUR_IED_AgustinFer_Info2_27b3a7,PUR_IED_AgustinFer_Info2_27b3a7,,,,,
2026-09-12T12:36:04-05:00,PUR_IED_AgustinFer_Sena_54b4eb,PUR_IED_AgustinFer_Sena_54b4eb,,,,,
2026-09-12T12:36:04-05:00,PUR_IED_AlexanderF_1102_caf07b,PUR_IED_AlexanderF_1102_caf07b,,,,,
2026-09-12T12:36:04-05:00,PUR_IED_AlexanderF_1103_c79e71,PUR_IED_AlexanderF_1103_c79e71,,,,,
2026-09-12T12:36:04-05:00,PUR_IED_AlexanderF_Ext_c5b18b,PUR_IED_AlexanderF_Ext_c5b18b,,,,,
2026-09-12T12:36:04-05:00,PUR_IED_AlfonsoLopez_Ext_281d77,PUR_IED_AlfonsoLopez_Ext_281d77,,,,,
2026-09-12T12:36:04-05:00,PUR_IED_AlfonsoLopez_LabF_888ce0,PUR_IED_AlfonsoLopez_LabF_888ce0,,,,,
2026-09-12T12:36:04-05:00,PUR_IED_AlfonsoLopez_SMed_df6a7f,PUR_IED_AlfonsoLopez_SMed_df6a7f,,,,,
2026-09-12T12:36:04-05:00,PUR_IED_AltamiraSO_A2_209f92,PUR_IED_AltamiraSO_A2_209f92,,,,,
2026-09-12T12:36:04-05:00,PUR_IED_AltamiraSO_Ext_186d66,PUR_IED_AltamiraSO_Ext_186d66,,,,,
2026-09-12T12:36:04-05:00,PUR_IED_AltamiraSO_Sistem_27afe1,PUR_IED_AltamiraSO_Sistem_27afe1,,,,,
2026-09-12T12:36:04-05:00,PUR_IED_AlvaroGom_LabQuim_813179,PUR_IED_AlvaroGom_LabQuim_813179,,,,,
2026-09-12T12:36:04-05:00,PUR_IED_AlvaroGomez_Ext_47c7ca,PUR_IED_AlvaroGomez_Ext_47c7ca,,,,,
2026-09-12T12:36:04-05:00,PUR_IED_AlvaroGomez_LabQuim_813179,PUR_IED_AlvaroGomez_LabQuim_813179,,,,,
2026-09-12T12:36:04-05:00,PUR_IED_AlvaroGomez_S23_7ba89f,PUR_IED_AlvaroGomez_S23_7ba89f,,,,,
2026-09-12T12:36:04-05:00,PUR_IED_Amistad_306_dc8728,PUR_IED_Amistad_306_dc8728,,,,,
2026-09-12T12:36:04-05:00,PUR_IED_Amistad_Ext_8cd55e,PUR_IED_Amistad_Ext_8cd55e,,,,,
2026-09-12T12:36:04-05:00,PUR_IED_Amistad_S202_a41169,PUR_IED_Amistad_S202_a41169,,,,,
2026-09-12T12:36:04-05:00,PUR_IED_AndresBello_Bio_fd5f5e,PUR_IED_AndresBello_Bio_fd5f5e,,,,,
2026-09-12T12:36:04-05:00,PUR_IED_AndresBello_ext_dcad65,PUR_IED_AndresBello_ext_dcad65,,,,,
2026-09-12T12:36:04-05:00,PUR_IED_AndresBello_port_eed3ec,PUR_IED_AndresBello_port_eed3ec,,,,,
2026-09-12T12:36:04-05:00,PUR_IED_AngelaR_11b_d90a6b,PUR_IED_AngelaR_11b_d90a6b,,,,,
2026-09-12T12:36:04-05:00,PUR_IED_AngelaR_ext_7cad3e,PUR_IED_AngelaR_ext_7cad3e,,,,,
2026-09-12T12:36:04-05:00,PUR_IED_AntJoseSucre_10mo_df2575,PUR_IED_AntJoseSucre_10mo_df2575,,,,,
2026-09-12T12:36:04-05:00,PUR_IED_AntJoseSucre_Ext_215b36,PUR_IED_AntJoseSucre_Ext_215b36,,,,,
2026-09-12T12:36:04-05:00,PUR_IED_AntJoseSucre_Lab_3139de,PUR_IED_AntJoseSucre_Lab_3139de,,,,,
2026-09-12T12:36:04-05:00,PUR_IED_AntonioGarcia_301_d6b188,PUR_IED_AntonioGarcia_301_d6b188,,,,,
2026-09-12T12:36:04-05:00,PUR_IED_AntonioGarcia_302_88a82,PUR_IED_AntonioGarcia_302_88a82,,,,,
2026-09-12T12:36:04-05:00,PUR_IED_AntonioGarcia_Ext_20950c,PUR_IED_AntonioGarcia_Ext_20950c,,,,,
2026-09-12T12:36:04-05:00,PUR_IED_AntonioVan_Aula2_6dea02,PUR_IED_AntonioVan_Aula2_6dea02,,,,,
2026-09-12T12:36:04-05:00,PUR_IED_AntonioVan_Aula5_f1557e,PUR_IED_AntonioVan_Aula5_f1557e,,,,,
2026-09-12T12:36:04-05:00,PUR_IED_AntonioVan_Ext_406f2f,PUR_IED_AntonioVan_Ext_406f2f,,,,,
2026-09-12T12:36:04-05:00,PUR_IED_Atabanzha_Ext_cc5af9,PUR_IED_Atabanzha_Ext_cc5af9,,,,,
2026-09-12T12:36:04-05:00,PUR_IED_Atabanzha_SA101_56c37,PUR_IED_Atabanzha_SA101_56c37,,,,,
2026-09-12T12:36:04-05:00,PUR_IED_Atabanzha_SB302_27b374,PUR_IED_Atabanzha_SB302_27b374,,,,,
2026-09-12T12:36:04-05:00,PUR_IED_Atahualpa_Ext_fc1748,PUR_IED_Atahualpa_Ext_fc1748,,,,,
2026-09-12T12:36:04-05:00,PUR_IED_Atahualpa_Informa_dc9a95,PUR_IED_Atahualpa_Informa_dc9a95,,,,,
2026-09-12T12:36:04-05:00,PUR_IED_Atahualpa_S1101_f98056,PUR_IED_Atahualpa_S1101_f98056,,,,,
2026-09-12T12:36:04-05:00,PUR_IED_Bellavista_Ext_f5aa74,PUR_IED_Bellavista_Ext_f5aa74,,,,,
2026-09-12T12:36:04-05:00,PUR_IED_Bilbao_11A_916c41,PUR_IED_Bilbao_11A_916c41,,,,,
2026-09-12T12:36:04-05:00,PUR_IED_Bilbao_Ext_fb579a,PUR_IED_Bilbao_Ext_fb579a,,,,,
2026-09-12T12:36:04-05:00,PUR_IED_BrasiliaU_A125_304280,PUR_IED_BrasiliaU_A125_304280,,,,,
2026-09-12T12:36:04-05:00,PUR_IED_BrasiliaU_A203_7c8ca5,PUR_IED_BrasiliaU_A203_7c8ca5,,,,,
2026-09-12T12:36:04-05:00,PUR_IED_BrasiliaU_Ext_8d6e9f,PUR_IED_BrasiliaU_Ext_8d6e9f,5,20,58,4.5175,-74.116302
2026-09-12T12:36:04-05:00,PUR_IED_Brasilia_Ext_fe6593,PUR_IED_Brasilia_Ext_fe6593,,,,,
2026-09-12T12:36:04-05:00,PUR_IED_Brasilia_S24_7c130d,PUR_IED_Brasilia_S24_7c130d,,,,,
2026-09-12T12:36:04-05:00,PUR_IED_Brasilia_S501_186a54,PUR_IED_Brasilia_S501_186a54,,,,,
2026-09-12T12:36:04-05:00,PUR_IED_CHARRY_EXT_f1d5cd,PUR_IED_CHARRY_EXT_f1d5cd,,,,,
2026-09-12T12:36:04-05:00,PUR_IED_CHARRY_INTDANZAS_7a08e6,PUR_IED_CHARRY_INTDANZAS_7a08e6,,,,,
2026-09-12T12:36:04-05:00,PUR_IED_CHARRY_INT_AULA20_dc998d,PUR_IED_CHARRY_INT_AULA20_dc998d,,,,,
2026-09-12T12:36:04-05:00,PUR_IED_COLVIV_1101_S25_7f520a,PUR_IED_COLVIV_1101_S25_7f520a,,,,,
2026-09-12T12:36:04-05:00,PUR_IED_COLVIV_1102_S16_f570ba,PUR_IED_COLVIV_1102_S16_f570ba,,,,,
2026-09-12T12:36:04-05:00,PUR_IED_COLVIV_Ext_1a26fa,PUR_IED_COLVIV_Ext_1a26fa,,,,,
2026-09-12T12:36:04-05:00,PUR_IED_CULPOP_301A_f660f3,PUR_IED_CULPOP_301A_f660f3,,,,,
2026-09-12T12:36:04-05:00,PUR_IED_CULPOP_303_568afe,PUR_IED_CULPOP_303_568afe,,,,,
2026-09-12T12:36:04-05:00,PUR_IED_CULPOP_Ext_e02ccb,PUR_IED_CULPOP_Ext_e02ccb,,,,,
2026-09-12T12:36:04-05:00,PUR_IED_CVillavicen_Ext_26eb58,PUR_IED_CVillavicen_Ext_26eb58,5,17,75,4.487,-74.102798
2026-09-12T12:36:04-05:00,PUR_IED_CVillavicen_Intel_1ce5c2,PUR_IED_CVillavicen_Intel_1ce5c2,,,,,
2026-09-12T12:36:04-05:00,PUR_IED_CVillavicen_Poliv_e0766c,PUR_IED_CVillavicen_Poliv_e0766c,,,,,
2026-09-12T12:36:04-05:00,PUR_IED_CVillavicen_int_1ba140,PUR_IED_CVillavicen_int_1ba140,,,,,
2026-09-12T12:36:04-05:00,PUR_IED_CVillavicen_intel_1ba140,PUR_IED_CVillavicen_intel_1ba140,,,,,
2026-09-12T12:36:04-05:00,PUR_IED_CarlosPizarro_Ext_e307cc,PUR_IED_CarlosPizarro_Ext_e307cc,,,,,
2026-09-12T12:36:04-05:00,PUR_IED_CarlosPizarro_L36_7e5cdb,PUR_IED_CarlosPizarro_L36_7e5cdb,,,,,
2026-09-12T12:36:04-05:00,PUR_IED_CarlosPizarro_L37_c8566c,PUR_IED_CarlosPizarro_L37_c8566c,,,,,
2026-09-12T12:36:04-05:00,PUR_IED_Castilla_Ext_cf35f,PUR_IED_Castilla_Ext_cf35f,,,,,
2026-09-12T12:36:04-05:00,PUR_IED_Castilla_SFisik_360e38,PUR_IED_Castilla_SFisik_360e38,,,,,
2026-09-12T12:36:04-05:00,PUR_IED_Castilla_Sc304_496fbf,PUR_IED_Castilla_Sc304_496fbf,,,,,
2026-09-12T12:36:04-05:00,PUR_IED_CervantesSa_Ext_6b57b,PUR_IED_CervantesSa_Ext_6b57b,3,20,63,4.5128,-74.117203
2026-09-12T12:36:04-05:00,PUR_IED_CervantesSa_S107_225c2b,PUR_IED_CervantesSa_S107_225c2b,,,,,
2026-09-12T12:36:04-05:00,PUR_IED_CervantesSa_S108_940925,PUR_IED_CervantesSa_S108_940925,,,,,
2026-09-12T12:36:04-05:00,PUR_IED_Charry_A20_f53e7c,PUR_IED_Charry_A20_f53e7c,,,,,
2026-09-12T12:36:04-05:00,PUR_IED_Charry_Ext_f1d5cd,PUR_IED_Charry_Ext_f1d5cd,,,,,
2026-09-12T12:36:04-05:00,PUR_IED_Charry_IntAula20_dc998d,PUR_IED_Charry_IntAula20_dc998d,,,,,
2026-09-12T12:36:04-05:00,PUR_IED_Charry_IntDanzas_7a08e6,PUR_IED_Charry_IntDanzas_7a08e6,,,,,
2026-09-12T12:36:04-05:00,PUR_IED_ClememciaC_203_43e2fc,PUR_IED_ClememciaC_203_43e2fc,,,,,
2026-09-12T12:36:04-05:00,PUR_IED_ClememciaC_Ext_1b411a,PUR_IED_ClememciaC_Ext_1b411a,,,,,
2026-09-12T12:36:04-05:00,PUR_IED_ClememciaC_Quimic_44b5fc,PUR_IED_ClememciaC_Quimic_44b5fc,,,,,
2026-09-12T12:36:04-05:00,PUR_IED_ClemenciaC_203_43e2fc,PUR_IED_ClemenciaC_203_43e2fc,,,,,
2026-09-12T12:36:04-05:00,PUR_IED_ClemenciaC_Ext_1b411a,PUR_IED_ClemenciaC_Ext_1b411a,,,,,
2026-09-12T12:36:04-05:00,PUR_IED_ClemenciaC_Quimic_44b5fc,PUR_IED_ClemenciaC_Quimic_44b5fc,,,,,
2026-09-12T12:36:04-05:00,PUR_IED_ColViva_1101_S25_7f520a,PUR_IED_ColViva_1101_S25_7f520a,,,,,
2026-09-12T12:36:04-05:00,PUR_IED_ColViva_1102_S16_f570ba,PUR_IED_ColViva_1102_S16_f570ba,,,,,
2026-09-12T12:36:04-05:00,PUR_IED_ColViva_Ext_1a26fa,PUR_IED_ColViva_Ext_1a26fa,,,,,
2026-09-12T12:36:04-05:00,PUR_IED_ColegioBici_Asist_7c8798,PUR_IED_ColegioBici_Asist_7c8798,,,,,
2026-09-12T12:36:04-05:00,PUR_IED_ColegioBici_Ext_25cbf6,PUR_IED_ColegioBici_Ext_25cbf6,,,,,
2026-09-12T12:36:04-05:00,PUR_IED_ColegioBici_LabQ_7b57db,PUR_IED_ColegioBici_LabQ_7b57db,,,,,
2026-09-12T12:36:04-05:00,PUR_IED_CostaRica_Ext_5e640,PUR_IED_CostaRica_Ext_5e640,,,,,
2026-09-12T12:36:04-05:00,PUR_IED_CostaRica_Quim1_766d1c,PUR_IED_CostaRica_Quim1_766d1c,,,,,
2026-09-12T12:36:04-05:00,PUR_IED_CostaRica__Fisica_6f0873,PUR_IED_CostaRica__Fisica_6f0873,,,,,
2026-09-12T12:36:04-05:00,PUR_IED_CulPopu_301A_f660f3,PUR_IED_CulPopu_301A_f660f3,,,,,
2026-09-12T12:36:04-05:00,PUR_IED_CulPopu_303_568afe,PUR_IED_CulPopu_303_568afe,,,,,
2026-09-12T12:36:04-05:00,PUR_IED_CulPopu_Ext_e02ccb,PUR_IED_CulPopu_Ext_e02ccb,,,,,
2026-09-12T12:36:04-05:00,PUR_IED_Cundinamarca_Ext_f15985,PUR_IED_Cundinamarca_Ext_f15985,,,,,
2026-09-12T12:36:04-05:00,PUR_IED_Cundinamarca_Info_7aa5d7,PUR_IED_Cundinamarca_Info_7aa5d7,,,,,
2026-09-12T12:36:04-05:00,PUR_IED_Cundinamarca_Tec2_f449c7,PUR_IED_Cundinamarca_Tec2_f449c7,,,,,
2026-09-12T12:36:04-05:00,PUR_IED_DiegoM_Aula1_27b314,PUR_IED_DiegoM_Aula1_27b314,,,,,
2026-09-12T12:36:04-05:00,PUR_IED_DiegoM_Ext_d80ac8,PUR_IED_DiegoM_Ext_d80ac8,,,,,
2026-09-12T12:36:04-05:00,PUR_IED_DiegoM_S25_da928f,PUR_IED_DiegoM_S25_da928f,,,,,
2026-09-12T12:36:04-05:00,PUR_IED_ELRODEO_360881,PUR_IED_ELRODEO_360881,,,,,
2026-09-12T12:36:04-05:00,PUR_IED_ELRODEO_ext_360881,PUR_IED_ELRODEO_ext_360881,,,,,
2026-09-12T12:36:04-05:00,PUR_IED_EduardoU_Ext_1c1969,PUR_IED_EduardoU_Ext_1c1969,,,,,
2026-09-12T12:36:04-05:00,PUR_IED_EduardoU_SCiencia_4dfb94,PUR_IED_EduardoU_SCiencia_4dfb94,,,,,
2026-09-12T12:36:04-05:00,PUR_IED_EduardoU_SQuimica_5a46e7,PUR_IED_EduardoU_SQuimica_5a46e7,,,,,
2026-09-12T12:36:04-05:00,PUR_IED_ElRodeo_Aula14_676984,PUR_IED_ElRodeo_Aula14_676984,,,,,
2026-09-12T12:36:04-05:00,PUR_IED_ElRodeo_Aula16_2dd35b,PUR_IED_ElRodeo_Aula16_2dd35b,,,,,
2026-09-12T12:36:04-05:00,PUR_IED_ElRodeo_Ext_360881,PUR_IED_ElRodeo_Ext_360881,,,,,
2026-09-12T12:36:04-05:00,PUR_IED_ElRodeo_Exterior_8c6d28,PUR_IED_ElRodeo_Exterior_8c6d28,,,,,
2026-09-12T12:36:04-05:00,PUR_IED_ElRodeo_ext_360881,PUR_IED_ElRodeo_ext_360881,,,,,
2026-09-12T12:36:04-05:00,PUR_IED_EmmaReyes_Ext_987625,PUR_IED_EmmaReyes_Ext_987625,2,22,46,4.6367,-74.1511
2026-09-12T12:36:04-05:00,PUR_IED_Ensueño_Ext_7f0250,PUR_IED_Ensueño_Ext_7f0250,,,,,
2026-09-12T12:36:04-05:00,PUR_IED_EscNormal_Ext_5fef3b,PUR_IED_EscNormal_Ext_5fef3b,2,23,49,4.5852,-74.096901
2026-09-12T12:36:04-05:00,PUR_IED_EscNormal_S309_5b263,PUR_IED_EscNormal_S309_5b263,,,,,
2026-09-12T12:36:04-05:00,PUR_IED_EscNormal_S310_27b3b8,PUR_IED_EscNormal_S310_27b3b8,,,,,
2026-09-12T12:36:04-05:00,PUR_IED_Evangelista_Conta_f6cd4f,PUR_IED_Evangelista_Conta_f6cd4f,,,,,
2026-09-12T12:36:04-05:00,PUR_IED_Evangelista_Cri_5e16a,PUR_IED_Evangelista_Cri_5e16a,,,,,
2026-09-12T12:36:04-05:00,PUR_IED_Evangelista_Exter_754066,PUR_IED_Evangelista_Exter_754066,,,,,
2026-09-12T12:36:04-05:00,PUR_IED_FMiranda_S209_5cc2a3,PUR_IED_FMiranda_S209_5cc2a3,,,,,
2026-09-12T12:36:04-05:00,PUR_IED_FMiranda_S303_19e344,PUR_IED_FMiranda_S303_19e344,,,,,
2026-09-12T12:36:04-05:00,PUR_IED_FMiranda_ext_f53e7c,PUR_IED_FMiranda_ext_f53e7c,,,,,
2026-09-12T12:36:04-05:00,PUR_IED_FabioLozano_Bibli_1cee05,PUR_IED_FabioLozano_Bibli_1cee05,,,,,
2026-09-12T12:36:04-05:00,PUR_IED_FabioLozano_Ext_6ea285,PUR_IED_FabioLozano_Ext_6ea285,,,,,
2026-09-12T12:36:04-05:00,PUR_IED_FabioLozano_SLudi_f09e1e,PUR_IED_FabioLozano_SLudi_f09e1e,,,,,
2026-09-12T12:36:04-05:00,PUR_IED_FaustinoS_Aula07_27a731,PUR_IED_FaustinoS_Aula07_27a731,,,,,
2026-09-12T12:36:04-05:00,PUR_IED_FaustinoS_Ext_7b936f,PUR_IED_FaustinoS_Ext_7b936f,,,,,
2026-09-12T12:36:04-05:00,PUR_IED_FaustinoS_Fisica_da2c60,PUR_IED_FaustinoS_Fisica_da2c60,,,,,
2026-09-12T12:36:04-05:00,PUR_IED_FeGarciaLo_Ext_dc68ee,PUR_IED_FeGarciaLo_Ext_dc68ee,,,,,
2026-09-12T12:36:04-05:00,PUR_IED_FeGarciaLo_SDanza_f70a59,PUR_IED_FeGarciaLo_SDanza_f70a59,,,,,
2026-09-12T12:36:04-05:00,PUR_IED_FeGarciaLo_SMusic_125cdd,PUR_IED_FeGarciaLo_SMusic_125cdd,,,,,
2026-09-12T12:36:04-05:00,PUR_IED_FederalAlema_Exte_50c345,PUR_IED_FederalAlema_Exte_50c345,,,,,
2026-09-12T12:36:04-05:00,PUR_IED_FederalAlema_S31_f18371,PUR_IED_FederalAlema_S31_f18371,,,,,
2026-09-12T12:36:04-05:00,PUR_IED_FederalAlema_S901_a62cd,PUR_IED_FederalAlema_S901_a62cd,,,,,
2026-09-12T12:36:04-05:00,PUR_IED_FilarmonicaS_A5_f35eb1,PUR_IED_FilarmonicaS_A5_f35eb1,,,,,
2026-09-12T12:36:04-05:00,PUR_IED_FilarmonicaS_Ext_8a3bde,PUR_IED_FilarmonicaS_Ext_8a3bde,,,,,
2026-09-12T12:36:04-05:00,PUR_IED_FilarmonicaS_Spol_406114,PUR_IED_FilarmonicaS_Spol_406114,,,,,
2026-09-12T12:36:04-05:00,PUR_IED_FlorentinoG_A13_d1fa59,PUR_IED_FlorentinoG_A13_d1fa59,,,,,
2026-09-12T12:36:04-05:00,PUR_IED_FlorentinoG_Ext_1ce6ce,PUR_IED_FlorentinoG_Ext_1ce6ce,,,,,
2026-09-12T12:36:04-05:00,PUR_IED_FlorentinoG_Idiom_a66aac,PUR_IED_FlorentinoG_Idiom_a66aac,,,,,
2026-09-12T12:36:04-05:00,PUR_IED_FranciscoMati_Ext_e3869d,PUR_IED_FranciscoMati_Ext_e3869d,,,,,
2026-09-12T12:36:04-05:00,PUR_IED_FranciscoMati_S13_f31c67,PUR_IED_FranciscoMati_S13_f31c67,,,,,
2026-09-12T12:36:04-05:00,PUR_IED_FranciscoMati_S14_97dead,PUR_IED_FranciscoMati_S14_97dead,,,,,
2026-09-12T12:36:04-05:00,PUR_IED_FranciscoPS_Ext_7bfa9a,PUR_IED_FranciscoPS_Ext_7bfa9a,2,24,49,4.5899,-74.110397
2026-09-12T12:36:04-05:00,PUR_IED_FranciscoPS_Infor_fb8f4c,PUR_IED_FranciscoPS_Infor_fb8f4c,,,,,
2026-09-12T12:36:04-05:00,PUR_IED_FranciscoPS_Quimi_94d39c,PUR_IED_FranciscoPS_Quimi_94d39c,,,,,
2026-09-12T12:36:04-05:00,PUR_IED_FranciscoP_LabQ_d7e148,PUR_IED_FranciscoP_LabQ_d7e148,,,,,
2026-09-12T12:36:04-05:00,PUR_IED_FranciscoP_S28_cf9b30,PUR_IED_FranciscoP_S28_cf9b30,,,,,
2026-09-12T12:36:04-05:00,PUR_IED_FranciscoP_ext_e2313,PUR_IED_FranciscoP_ext_e2313,,,,,
2026-09-12T12:36:04-05:00,PUR_IED_FriederichN_Ext_8ac92a,PUR_IED_FriederichN_Ext_8ac92a,,,,,
2026-09-12T12:36:04-05:00,PUR_IED_FriederichN_S301_dd7e5a,PUR_IED_FriederichN_S301_dd7e5a,,,,,
2026-09-12T12:36:04-05:00,PUR_IED_FriederichN_S308_761f4f,PUR_IED_FriederichN_S308_761f4f,,,,,
2026-09-12T12:36:04-05:00,PUR_IED_GSantander_Aula10_533dd7,PUR_IED_GSantander_Aula10_533dd7,,,,,
2026-09-12T12:36:04-05:00,PUR_IED_GSantander_Aula12_fd4e4f,PUR_IED_GSantander_Aula12_fd4e4f,,,,,
2026-09-12T12:36:04-05:00,PUR_IED_GSantander_Aula310_533dd7,PUR_IED_GSantander_Aula310_533dd7,,,,,
2026-09-12T12:36:04-05:00,PUR_IED_GSantander_Aula312_fd4e4f,PUR_IED_GSantander_Aula312_fd4e4f,,,,,
2026-09-12T12:36:04-05:00,PUR_IED_GSantander_Ext_5f66b0,PUR_IED_GSantander_Ext_5f66b0,,,,,
2026-09-12T12:36:04-05:00,PUR_IED_GYomasa_Ext_f6bea5,PUR_IED_GYomasa_Ext_f6bea5,,,,,
2026-09-12T12:36:04-05:00,PUR_IED_GYomasa_LBiol_2c41aa,PUR_IED_GYomasa_LBiol_2c41aa,,,,,
2026-09-12T12:36:04-05:00,PUR_IED_GYomasa_LQuim_33c80,PUR_IED_GYomasa_LQuim_33c80,,,,,
2026-09-12T12:36:04-05:00,PUR_IED_GabBetMejia_Cienc_5a99c,PUR_IED_GabBetMejia_Cienc_5a99c,,,,,
2026-09-12T12:36:04-05:00,PUR_IED_GabBetMejia_Ext_9153d0,PUR_IED_GabBetMejia_Ext_9153d0,,,,,
2026-09-12T12:36:04-05:00,PUR_IED_GabBetMejia_Lab_f55347,PUR_IED_GabBetMejia_Lab_f55347,,,,,
2026-09-12T12:36:04-05:00,PUR_IED_GabBetanMejia_Ext_9153d0,PUR_IED_GabBetanMejia_Ext_9153d0,,,,,
2026-09-12T12:36:04-05:00,PUR_IED_Gaitana_Aula13_7aac11,PUR_IED_Gaitana_Aula13_7aac11,,,,,
2026-09-12T12:36:04-05:00,PUR_IED_Gaitana_Ext_5fcf4,PUR_IED_Gaitana_Ext_5fcf4,,,,,
2026-09-12T12:36:04-05:00,PUR_IED_Gaitana_LabFisica_644448,PUR_IED_Gaitana_LabFisica_644448,,,,,
2026-09-12T12:36:04-05:00,PUR_IED_GenSantander_Dise_8ac858,PUR_IED_GenSantander_Dise_8ac858,,,,,
2026-09-12T12:36:04-05:00,PUR_IED_GenSantander_Ext_8d5dfe,PUR_IED_GenSantander_Ext_8d5dfe,,,,,
2026-09-12T12:36:04-05:00,PUR_IED_GenSantander_Info_6c25b,PUR_IED_GenSantander_Info_6c25b,,,,,
2026-09-12T12:36:04-05:00,PUR_IED_GustavoMo_Exterio_75e63d,PUR_IED_GustavoMo_Exterio_75e63d,,,,,
2026-09-12T12:36:04-05:00,PUR_IED_GustavoMo_LabFisi_224d37,PUR_IED_GustavoMo_LabFisi_224d37,,,,,
2026-09-12T12:36:04-05:00,PUR_IED_GustavoMo_S208_3e6918,PUR_IED_GustavoMo_S208_3e6918,,,,,
2026-09-12T12:36:04-05:00,PUR_IED_GustavoR_A02_8cd4a8,PUR_IED_GustavoR_A02_8cd4a8,,,,,
2026-09-12T12:36:04-05:00,PUR_IED_GustavoR_B11_5b0ed,PUR_IED_GustavoR_B11_5b0ed,,,,,
2026-09-12T12:36:04-05:00,PUR_IED_GustavoR_Ext_7a0c90,PUR_IED_GustavoR_Ext_7a0c90,,,,,
2026-09-12T12:36:04-05:00,PUR_IED_HernandoDuran_Ext_8cd82b,PUR_IED_HernandoDuran_Ext_8cd82b,,,,,
2026-09-12T12:36:04-05:00,PUR_IED_HernandoDuran_S24_2772c6,PUR_IED_HernandoDuran_S24_2772c6,,,,,
2026-09-12T12:36:04-05:00,PUR_IED_HernandoDuran_S30_f2de41,PUR_IED_HernandoDuran_S30_f2de41,,,,,
2026-09-12T12:36:04-05:00,PUR_IED_HolguInUr_S1101_8cd732,PUR_IED_HolguInUr_S1101_8cd732,,,,,
2026-09-12T12:36:04-05:00,PUR_IED_HolguinUr_Exter_ddae6d,PUR_IED_HolguinUr_Exter_ddae6d,,,,,
2026-09-12T12:36:04-05:00,PUR_IED_HolguinUr_LabQuim_92b952,PUR_IED_HolguinUr_LabQuim_92b952,,,,,
2026-09-12T12:36:04-05:00,PUR_IED_Isabel-II_Ext_5245cc,PUR_IED_Isabel-II_Ext_5245cc,2,21,50,4.6336,-74.153
2026-09-12T12:36:04-05:00,PUR_IED_Isabel-II_S_idiom_1c29aa,PUR_IED_Isabel-II_S_idiom_1c29aa,,,,,
2026-09-12T12:36:04-05:00,PUR_IED_Isabel-II_S_infor_fd741,PUR_IED_Isabel-II_S_infor_fd741,,,,,
2026-09-12T12:36:04-05:00,PUR_IED_IsidroSur_Exterio_5b90ea,PUR_IED_IsidroSur_Exterio_5b90ea,,,,,
2026-09-12T12:36:04-05:00,PUR_IED_IsidroSur_LabTec_56697a,PUR_IED_IsidroSur_LabTec_56697a,,,,,
2026-09-12T12:36:04-05:00,PUR_IED_IsidroSur_Robotic_b7c38f,PUR_IED_IsidroSur_Robotic_b7c38f,,,,,
2026-09-12T12:36:04-05:00,PUR_IED_IsmaelPerd_Ext_7b6672,PUR_IED_IsmaelPerd_Ext_7b6672,,,,,
2026-09-12T12:36:04-05:00,PUR_IED_IsmaelPerd_Inform_306540,PUR_IED_IsmaelPerd_Inform_306540,,,,,
2026-09-12T12:36:04-05:00,PUR_IED_IsmaelPerd_S30_2e2c83,PUR_IED_IsmaelPerd_S30_2e2c83,,,,,
2026-09-12T12:36:04-05:00,PUR_IED_JLozano_Exter_432910,PUR_IED_JLozano_Exter_432910,,,,,
2026-09-12T12:36:04-05:00,PUR_IED_JLozano_salaMulti_df5125,PUR_IED_JLozano_salaMulti_df5125,,,,,
2026-09-12T12:36:04-05:00,PUR_IED_JMCordoba_206_86f80b,PUR_IED_JMCordoba_206_86f80b,,,,,
2026-09-12T12:36:04-05:00,PUR_IED_JMCordoba_Ext_27ad97,PUR_IED_JMCordoba_Ext_27ad97,,,,,
2026-09-12T12:36:04-05:00,PUR_IED_JMCordoba_S310_d59ab4,PUR_IED_JMCordoba_S310_d59ab4,,,,,
2026-09-12T12:36:04-05:00,PUR_IED_Japon_Ext_549100,PUR_IED_Japon_Ext_549100,,,,,
2026-09-12T12:36:04-05:00,PUR_IED_Japon_Laboratorio_bec51d,PUR_IED_Japon_Laboratorio_bec51d,,,,,
2026-09-12T12:36:04-05:00,PUR_IED_Japon_informatica_d99327,PUR_IED_Japon_informatica_d99327,,,,,
2026-09-12T12:36:04-05:00,PUR_IED_Jazmin_Ext_d27bda,PUR_IED_Jazmin_Ext_d27bda,,,,,
2026-09-12T12:36:04-05:00,PUR_IED_Jazmin_Fisica_8d14d7,PUR_IED_Jazmin_Fisica_8d14d7,,,,,
2026-09-12T12:36:04-05:00,PUR_IED_Jazmin_Quimica_801cb5,PUR_IED_Jazmin_Quimica_801cb5,,,,,
2026-09-12T12:36:04-05:00,PUR_IED_JorgeGaitan_Exter_f098d1,PUR_IED_JorgeGaitan_Exter_f098d1,,,,,
2026-09-12T12:36:04-05:00,PUR_IED_JorgeGaitan_STec1_dc9d1d,PUR_IED_JorgeGaitan_STec1_dc9d1d,,,,,
2026-09-12T12:36:04-05:00,PUR_IED_JorgeGaitan_STec2_281e69,PUR_IED_JorgeGaitan_STec2_281e69,,,,,
2026-09-12T12:36:04-05:00,PUR_IED_JorgeSoto_Exterio_d9d0a2,PUR_IED_JorgeSoto_Exterio_d9d0a2,,,,,
2026-09-12T12:36:04-05:00,PUR_IED_JorgeSoto_LabFisi_209c54,PUR_IED_JorgeSoto_LabFisi_209c54,,,,,
2026-09-12T12:36:04-05:00,PUR_IED_JorgeSoto_S103_27b51a,PUR_IED_JorgeSoto_S103_27b51a,,,,,
2026-09-12T12:36:04-05:00,PUR_IED_JoseAcevedo_A02_e965eb,PUR_IED_JoseAcevedo_A02_e965eb,,,,,
2026-09-12T12:36:04-05:00,PUR_IED_JoseAcevedo_A07_dd5b4,PUR_IED_JoseAcevedo_A07_dd5b4,,,,,
2026-09-12T12:36:04-05:00,PUR_IED_JoseAcevedo_Ext_b47484,PUR_IED_JoseAcevedo_Ext_b47484,,,,,
2026-09-12T12:36:04-05:00,PUR_IED_JoseMarti_Exte_5b9bf,PUR_IED_JoseMarti_Exte_5b9bf,,,,,
2026-09-12T12:36:04-05:00,PUR_IED_JoseMarti_LabQuim_1c6c2d,PUR_IED_JoseMarti_LabQuim_1c6c2d,,,,,
2026-09-12T12:36:04-05:00,PUR_IED_JoseMarti_S_info_f5f177,PUR_IED_JoseMarti_S_info_f5f177,,,,,
2026-09-12T12:36:04-05:00,PUR_IED_Josejoaquin_Ext_dfc5dc,PUR_IED_Josejoaquin_Ext_dfc5dc,,,,,
2026-09-12T12:36:04-05:00,PUR_IED_Josejoaquin_S05_5b2a96,PUR_IED_Josejoaquin_S05_5b2a96,,,,,
2026-09-12T12:36:04-05:00,PUR_IED_Josejoaquin_S06_1ce7d2,PUR_IED_Josejoaquin_S06_1ce7d2,,,,,
2026-09-12T12:36:04-05:00,PUR_IED_JulioFlorez_Danza_9b82dd,PUR_IED_JulioFlorez_Danza_9b82dd,,,,,
2026-09-12T12:36:04-05:00,PUR_IED_JulioFlorez_Exter_f9f314,PUR_IED_JulioFlorez_Exter_f9f314,,,,,
2026-09-12T12:36:04-05:00,PUR_IED_JulioFlorez_info2_6b6e08,PUR_IED_JulioFlorez_info2_6b6e08,,,,,
2026-09-12T12:36:04-05:00,PUR_IED_LaBelleza_Aula13_1d00d8,PUR_IED_LaBelleza_Aula13_1d00d8,,,,,
2026-09-12T12:36:04-05:00,PUR_IED_LaBelleza_Ext_7bc08c,PUR_IED_LaBelleza_Ext_7bc08c,,,,,
2026-09-12T12:36:04-05:00,PUR_IED_LaChucua_Ext_8cd6d2,PUR_IED_LaChucua_Ext_8cd6d2,,,,,
2026-09-12T12:36:04-05:00,PUR_IED_LaChucua_S15_f578ce,PUR_IED_LaChucua_S15_f578ce,,,,,
2026-09-12T12:36:04-05:00,PUR_IED_LaChucua_S16_eebcf9,PUR_IED_LaChucua_S16_eebcf9,,,,,
2026-09-12T12:36:04-05:00,PUR_IED_LaFelicidad_Ext_fb5109,PUR_IED_LaFelicidad_Ext_fb5109,,,,,
2026-09-12T12:36:04-05:00,PUR_IED_LaMerced_206_66ebd,PUR_IED_LaMerced_206_66ebd,,,,,
2026-09-12T12:36:04-05:00,PUR_IED_LaMerced_207_6ebd6,PUR_IED_LaMerced_207_6ebd6,,,,,
2026-09-12T12:36:04-05:00,PUR_IED_LaMerced_ext_304311,PUR_IED_LaMerced_ext_304311,,,,,
2026-09-12T12:36:04-05:00,PUR_IED_Laureano_CiencNat_281e5e,PUR_IED_Laureano_CiencNat_281e5e,,,,,
2026-09-12T12:36:04-05:00,PUR_IED_Laureano_Comedor_f65c0a,PUR_IED_Laureano_Comedor_f65c0a,,,,,
2026-09-12T12:36:04-05:00,PUR_IED_Laureano_Exterior_7ab011,PUR_IED_Laureano_Exterior_7ab011,,,,,
2026-09-12T12:36:04-05:00,PUR_IED_LeonGreiff_Exte_dfe560,PUR_IED_LeonGreiff_Exte_dfe560,,,,,
2026-09-12T12:36:04-05:00,PUR_IED_LeonGreiff_S210_f264ed,PUR_IED_LeonGreiff_S210_f264ed,,,,,
2026-09-12T12:36:04-05:00,PUR_IED_LeonGreiff_SQuimi_e8296f,PUR_IED_LeonGreiff_SQuimi_e8296f,,,,,
2026-09-12T12:36:04-05:00,PUR_IED_LlanoOrientalS208_7b9fcd,PUR_IED_LlanoOrientalS208_7b9fcd,,,,,
2026-09-12T12:36:04-05:00,PUR_IED_LlanoOriental_Ext_fb3766,PUR_IED_LlanoOriental_Ext_fb3766,,,,,
2026-09-12T12:36:04-05:00,PUR_IED_LlanoOriental_S208_7b9fcd,PUR_IED_LlanoOriental_S208_7b9fcd,,,,,
2026-09-12T12:36:04-05:00,PUR_IED_LlanoOriental_S9_27b378,PUR_IED_LlanoOriental_S9_27b378,,,,,
2026-09-12T12:36:04-05:00,PUR_IED_LosTejares_1101_477602,PUR_IED_LosTejares_1101_477602,,,,,
2026-09-12T12:36:04-05:00,PUR_IED_LosTejares_11_d2c595,PUR_IED_LosTejares_11_d2c595,,,,,
2026-09-12T12:36:04-05:00,PUR_IED_LosTejares_12_477602,PUR_IED_LosTejares_12_477602,,,,,
2026-09-12T12:36:04-05:00,PUR_IED_LosTejares_Ext_8e2115,PUR_IED_LosTejares_Ext_8e2115,,,,,
2026-09-12T12:36:04-05:00,PUR_IED_MagdalenaO_B202_5ddda3,PUR_IED_MagdalenaO_B202_5ddda3,,,,,
2026-09-12T12:36:04-05:00,PUR_IED_MagdalenaO_B205_fb76e8,PUR_IED_MagdalenaO_B205_fb76e8,,,,,
2026-09-12T12:36:04-05:00,PUR_IED_MagdalenaO_ext_dc69cd,PUR_IED_MagdalenaO_ext_dc69cd,,,,,
2026-09-12T12:36:04-05:00,PUR_IED_ManueCepeda_artes_eee956,PUR_IED_ManueCepeda_artes_eee956,,,,,
2026-09-12T12:36:04-05:00,PUR_IED_ManuelCepeda_Ext_58313,PUR_IED_ManuelCepeda_Ext_58313,,,,,
2026-09-12T12:36:04-05:00,PUR_IED_ManuelCepeda_tec_1c5731,PUR_IED_ManuelCepeda_tec_1c5731,,,,,
2026-09-12T12:36:04-05:00,PUR_IED_ManuelS_Exterior_5b269,PUR_IED_ManuelS_Exterior_5b269,,,,,
2026-09-12T12:36:04-05:00,PUR_IED_ManuelS_Inform_f369ce,PUR_IED_ManuelS_Inform_f369ce,,,,,
2026-09-12T12:36:04-05:00,PUR_IED_ManuelS_SArtes_7d15f1,PUR_IED_ManuelS_SArtes_7d15f1,,,,,
2026-09-12T12:36:04-05:00,PUR_IED_ManuelZapata_303_3ca6,PUR_IED_ManuelZapata_303_3ca6,,,,,
2026-09-12T12:36:04-05:00,PUR_IED_ManuelZapata_311_bfbabc,PUR_IED_ManuelZapata_311_bfbabc,,,,,
2026-09-12T12:36:04-05:00,PUR_IED_ManuelZapata_Ext_50824a,PUR_IED_ManuelZapata_Ext_50824a,,,,,
2026-09-12T12:36:04-05:00,PUR_IED_ManuelitaS_Exteri_656a92,PUR_IED_ManuelitaS_Exteri_656a92,,,,,
2026-09-12T12:36:04-05:00,PUR_IED_ManuelitaS_JuzgDe_f58ec3,PUR_IED_ManuelitaS_JuzgDe_f58ec3,,,,,
2026-09-12T12:36:04-05:00,PUR_IED_ManuelitaS_Recrea_d793db,PUR_IED_ManuelitaS_Recrea_d793db,,,,,
2026-09-12T12:36:04-05:00,PUR_IED_MarFidSuarez_Ext_c27b19,PUR_IED_MarFidSuarez_Ext_c27b19,,,,,
2026-09-12T12:36:04-05:00,PUR_IED_MarFidSuarez_Info_e384d7,PUR_IED_MarFidSuarez_Info_e384d7,,,,,
2026-09-12T12:36:04-05:00,PUR_IED_MarFidSuarez_S306_1d0032,PUR_IED_MarFidSuarez_S306_1d0032,,,,,
2026-09-12T12:36:04-05:00,PUR_IED_Menorah_301_2a25a3,PUR_IED_Menorah_301_2a25a3,,,,,
2026-09-12T12:36:04-05:00,PUR_IED_Menorah_306_37ed3,PUR_IED_Menorah_306_37ed3,,,,,
2026-09-12T12:36:04-05:00,PUR_IED_Menorah_Ext_3e155b,PUR_IED_Menorah_Ext_3e155b,,,,,
2026-09-12T12:36:04-05:00,PUR_IED_MinutoB.Aires_A11_1b1604,PUR_IED_MinutoB.Aires_A11_1b1604,,,,,
2026-09-12T12:36:04-05:00,PUR_IED_MinutoB.Aires_A12_fb5860,PUR_IED_MinutoB.Aires_A12_fb5860,,,,,
2026-09-12T12:36:04-05:00,PUR_IED_MinutoB.Aires_Ext_81293f,PUR_IED_MinutoB.Aires_Ext_81293f,,,,,
2026-09-12T12:36:04-05:00,PUR_IED_MinutoBAires_A11_1b1604,PUR_IED_MinutoBAires_A11_1b1604,,,,,
2026-09-12T12:36:04-05:00,PUR_IED_MinutoBAires_A12_fb5860,PUR_IED_MinutoBAires_A12_fb5860,,,,,
2026-09-12T12:36:04-05:00,PUR_IED_MinutoBAires_Ext_81293f,PUR_IED_MinutoBAires_Ext_81293f,,,,,
2026-09-12T12:36:04-05:00,PUR_IED_Montreal_Aula10_1e4959,PUR_IED_Montreal_Aula10_1e4959,,,,,
2026-09-12T12:36:04-05:00,PUR_IED_Montreal_Aula6_300367,PUR_IED_Montreal_Aula6_300367,,,,,
2026-09-12T12:36:04-05:00,PUR_IED_Montreal_Exterior_91a179,PUR_IED_Montreal_Exterior_91a179,,,,,
2026-09-12T12:36:04-05:00,PUR_IED_Mqgdalena_B202_5ddda3,PUR_IED_Mqgdalena_B202_5ddda3,,,,,
2026-09-12T12:36:04-05:00,PUR_IED_NACUND_Soc_dc8728,PUR_IED_NACUND_Soc_dc8728,,,,,
2026-09-12T12:36:04-05:00,PUR_IED_NACUND_ext_27ad97,PUR_IED_NACUND_ext_27ad97,,,,,
2026-09-12T12:36:04-05:00,PUR_IED_NEsperanza_Ext_d24b61,PUR_IED_NEsperanza_Ext_d24b61,,,,,
2026-09-12T12:36:04-05:00,PUR_IED_NEsperanza_SElect_7d1807,PUR_IED_NEsperanza_SElect_7d1807,,,,,
2026-09-12T12:36:04-05:00,PUR_IED_NEsperanza_SLabor_8b2d0a,PUR_IED_NEsperanza_SLabor_8b2d0a,,,,,
2026-09-12T12:36:04-05:00,PUR_IED_NacionesU_Ext_f661a9,PUR_IED_NacionesU_Ext_f661a9,,,,,
2026-09-12T12:36:04-05:00,PUR_IED_NacionesU_Quimica_66f0a,PUR_IED_NacionesU_Quimica_66f0a,,,,,
2026-09-12T12:36:04-05:00,PUR_IED_NacionesU_S306_1b4b3d,PUR_IED_NacionesU_S306_1b4b3d,,,,,
2026-09-12T12:36:04-05:00,PUR_IED_NestorFA_Ext_e4201c,PUR_IED_NestorFA_Ext_e4201c,,,,,
2026-09-12T12:36:04-05:00,PUR_IED_NestorFA_Laborato_f22fe0,PUR_IED_NestorFA_Laborato_f22fe0,,,,,
2026-09-12T12:36:04-05:00,PUR_IED_NestorFA_S204_dee996,PUR_IED_NestorFA_S204_dee996,,,,,
2026-09-12T12:36:04-05:00,PUR_IED_NidyaQT_Aula03_76999b,PUR_IED_NidyaQT_Aula03_76999b,,,,,
2026-09-12T12:36:04-05:00,PUR_IED_NidyaQT_Aula10_56325,PUR_IED_NidyaQT_Aula10_56325,,,,,
2026-09-12T12:36:04-05:00,PUR_IED_NidyaQT_Ext_46e32d,PUR_IED_NidyaQT_Ext_46e32d,,,,,
2026-09-12T12:36:04-05:00,PUR_IED_NuevaCol_Exterior_d9b859,PUR_IED_NuevaCol_Exterior_d9b859,,,,,
2026-09-12T12:36:04-05:00,PUR_IED_NuevaCol_S1101_76c43b,PUR_IED_NuevaCol_S1101_76c43b,,,,,
2026-09-12T12:36:04-05:00,PUR_IED_NuevaCol_S1102_1ce0b5,PUR_IED_NuevaCol_S1102_1ce0b5,,,,,
2026-09-12T12:36:04-05:00,PUR_IED_OEA_A202_f7e3f2,PUR_IED_OEA_A202_f7e3f2,,,,,
2026-09-12T12:36:04-05:00,PUR_IED_OEA_A203_7d1b8d,PUR_IED_OEA_A203_7d1b8d,,,,,
2026-09-12T12:36:04-05:00,PUR_IED_OEA_Ext_27b593,PUR_IED_OEA_Ext_27b593,,,,,
2026-09-12T12:36:04-05:00,PUR_IED_Ochoa_Ext_1c29da,PUR_IED_Ochoa_Ext_1c29da,,,,,
2026-09-12T12:36:04-05:00,PUR_IED_Ochoa_S205_8b1121,PUR_IED_Ochoa_S205_8b1121,,,,,
2026-09-12T12:36:04-05:00,PUR_IED_Ochoa_Sistemas_f33af6,PUR_IED_Ochoa_Sistemas_f33af6,,,,,
2026-09-12T12:36:04-05:00,PUR_IED_PQuebec_Ext_1c67c7,PUR_IED_PQuebec_Ext_1c67c7,,,,,
2026-09-12T12:36:04-05:00,PUR_IED_PQuebec_S15_23e8e2,PUR_IED_PQuebec_S15_23e8e2,,,,,
2026-09-12T12:36:04-05:00,PUR_IED_PQuebec_S16_8ec76b,PUR_IED_PQuebec_S16_8ec76b,,,,,
2026-09-12T12:36:04-05:00,PUR_IED_PabloN_Ext_49dc96,PUR_IED_PabloN_Ext_49dc96,,,,,
2026-09-12T12:36:04-05:00,PUR_IED_PabloN_S1102_4e3df5,PUR_IED_PabloN_S1102_4e3df5,,,,,
2026-09-12T12:36:04-05:00,PUR_IED_PabloN_S1103_50c94b,PUR_IED_PabloN_S1103_50c94b,,,,,
2026-09-12T12:36:04-05:00,PUR_IED_Palestina_S1101_db9198,PUR_IED_Palestina_S1101_db9198,,,,,
2026-09-12T12:36:04-05:00,PUR_IED_Palestina_S1102_dc54fa,PUR_IED_Palestina_S1102_dc54fa,,,,,
2026-09-12T12:36:04-05:00,PUR_IED_Palestina_ext_4ccce6,PUR_IED_Palestina_ext_4ccce6,,,,,
2026-09-12T12:36:04-05:00,PUR_IED_Panama_Fisica_4d0794,PUR_IED_Panama_Fisica_4d0794,,,,,
2026-09-12T12:36:04-05:00,PUR_IED_Panama_SIngles_a4077e,PUR_IED_Panama_SIngles_a4077e,,,,,
2026-09-12T12:36:04-05:00,PUR_IED_Panama_ext_4c54b4,PUR_IED_Panama_ext_4c54b4,,,,,
2026-09-12T12:36:04-05:00,PUR_IED_ParaisoM_Exterior_8cd7f0,PUR_IED_ParaisoM_Exterior_8cd7f0,,,,,
2026-09-12T12:36:04-05:00,PUR_IED_ParaisoM_Laborato_27af35,PUR_IED_ParaisoM_Laborato_27af35,,,,,
2026-09-12T12:36:04-05:00,PUR_IED_ParaisoM_S304_d1edca,PUR_IED_ParaisoM_S304_d1edca,,,,,
2026-09-12T12:36:04-05:00,PUR_IED_PorfirioBarba_Ext_301466,PUR_IED_PorfirioBarba_Ext_301466,,,,,
2026-09-12T12:36:04-05:00,PUR_IED_PorfirioBarba_S11_df6cd2,PUR_IED_PorfirioBarba_S11_df6cd2,,,,,
2026-09-12T12:36:04-05:00,PUR_IED_PorfirioBarba_S29_27a7d6,PUR_IED_PorfirioBarba_S29_27a7d6,,,,,
2026-09-12T12:36:04-05:00,PUR_IED_PradoV_Exter_8b27ad,PUR_IED_PradoV_Exter_8b27ad,,,,,
2026-09-12T12:36:04-05:00,PUR_IED_PradoV_S301_de65b5,PUR_IED_PradoV_S301_de65b5,,,,,
2026-09-12T12:36:04-05:00,PUR_IED_PradoV_S302_7d2593,PUR_IED_PradoV_S302_7d2593,,,,,
2026-09-12T12:36:04-05:00,PUR_IED_QuirogaAlz_Ext_1ddc82,PUR_IED_QuirogaAlz_Ext_1ddc82,,,,,
2026-09-12T12:36:04-05:00,PUR_IED_QuirogaAlz_S302_9926a3,PUR_IED_QuirogaAlz_S302_9926a3,,,,,
2026-09-12T12:36:04-05:00,PUR_IED_QuirogaAlz_S305_cdf1f1,PUR_IED_QuirogaAlz_S305_cdf1f1,,,,,
2026-09-12T12:36:04-05:00,PUR_IED_RGuatemala_Biling_dc53b7,PUR_IED_RGuatemala_Biling_dc53b7,,,,,
2026-09-12T12:36:04-05:00,PUR_IED_RGuatemala_Ext_1b89a3,PUR_IED_RGuatemala_Ext_1b89a3,,,,,
2026-09-12T12:36:04-05:00,PUR_IED_RGuatemala_Tecnol_281a34,PUR_IED_RGuatemala_Tecnol_281a34,,,,,
2026-09-12T12:36:04-05:00,PUR_IED_RafaNu_Ext_f7c302,PUR_IED_RafaNu_Ext_f7c302,,,,,
2026-09-12T12:36:04-05:00,PUR_IED_RafaNu_S1101_25fde,PUR_IED_RafaNu_S1101_25fde,,,,,
2026-09-12T12:36:04-05:00,PUR_IED_RafaNu_S1102_281517,PUR_IED_RafaNu_S1102_281517,,,,,
2026-09-12T12:36:04-05:00,PUR_IED_RafaelB_S305_ee2783,PUR_IED_RafaelB_S305_ee2783,,,,,
2026-09-12T12:36:04-05:00,PUR_IED_RafaelB_S306_75fe33,PUR_IED_RafaelB_S306_75fe33,,,,,
2026-09-12T12:36:04-05:00,PUR_IED_RafaelB_ext_283336,PUR_IED_RafaelB_ext_283336,3,21,54,4.6722,-74.0737
2026-09-12T12:36:04-05:00,PUR_IED_RafaelUU_Exterior_281a51,PUR_IED_RafaelUU_Exterior_281a51,,,,,
2026-09-12T12:36:04-05:00,PUR_IED_RafaelUU_Human_806b2,PUR_IED_RafaelUU_Human_806b2,,,,,
2026-09-12T12:36:04-05:00,PUR_IED_RafaelUU_Mate2_5680d4,PUR_IED_RafaelUU_Mate2_5680d4,,,,,
2026-09-12T12:36:04-05:00,PUR_IED_RamonSub_Ext_f9eeb9,PUR_IED_RamonSub_Ext_f9eeb9,,,,,
2026-09-12T12:36:04-05:00,PUR_IED_RamonSub_Media_d1f62f,PUR_IED_RamonSub_Media_d1f62f,,,,,
2026-09-12T12:36:04-05:00,PUR_IED_RamonSub_planta_51b82,PUR_IED_RamonSub_planta_51b82,,,,,
2026-09-12T12:36:04-05:00,PUR_IED_RepBoliVene_Exter_27af7c,PUR_IED_RepBoliVene_Exter_27af7c,,,,,
2026-09-12T12:36:04-05:00,PUR_IED_RepBoliVene_SCPT_5ae2ee,PUR_IED_RepBoliVene_SCPT_5ae2ee,,,,,
2026-09-12T12:36:04-05:00,PUR_IED_RepBoliVene_Socia_4b11d5,PUR_IED_RepBoliVene_Socia_4b11d5,,,,,
2026-09-12T12:36:04-05:00,PUR_IED_RepChina_Ext_76d9ee,PUR_IED_RepChina_Ext_76d9ee,,,,,
2026-09-12T12:36:04-05:00,PUR_IED_RepChina_S404_7c804c,PUR_IED_RepChina_S404_7c804c,,,,,
2026-09-12T12:36:04-05:00,PUR_IED_RepChina_S405_df2c33,PUR_IED_RepChina_S405_df2c33,,,,,
2026-09-12T12:36:04-05:00,PUR_IED_RepublicaC_Exteri_7d1ec9,PUR_IED_RepublicaC_Exteri_7d1ec9,,,,,
2026-09-12T12:36:04-05:00,PUR_IED_RepublicaC_S1101_f544b3,PUR_IED_RepublicaC_S1101_f544b3,,,,,
2026-09-12T12:36:04-05:00,PUR_IED_RepublicaC_S1102_7aafc7,PUR_IED_RepublicaC_S1102_7aafc7,,,,,
2026-09-12T12:36:04-05:00,PUR_IED_Ricaurte_Externo_a0ea1,PUR_IED_Ricaurte_Externo_a0ea1,,,,,
2026-09-12T12:36:04-05:00,PUR_IED_Ricaurte_S210_f546fd,PUR_IED_Ricaurte_S210_f546fd,,,,,
2026-09-12T12:36:04-05:00,PUR_IED_Ricaurte_S309_d4452,PUR_IED_Ricaurte_S309_d4452,,,,,
2026-09-12T12:36:04-05:00,PUR_IED_RogelioS_1102_531e69,PUR_IED_RogelioS_1102_531e69,,,,,
2026-09-12T12:36:04-05:00,PUR_IED_RogelioS_Ext_f25a18,PUR_IED_RogelioS_Ext_f25a18,,,,,
2026-09-12T12:36:04-05:00,PUR_IED_SBernardino_Ext_27aff8,PUR_IED_SBernardino_Ext_27aff8,,,,,
2026-09-12T12:36:04-05:00,PUR_IED_SBernardino_SArte_2ffd33,PUR_IED_SBernardino_SArte_2ffd33,,,,,
2026-09-12T12:36:04-05:00,PUR_IED_SBernardino_SIngl_7c7da5,PUR_IED_SBernardino_SIngl_7c7da5,,,,,
2026-09-12T12:36:04-05:00,PUR_IED_Sago_auditorio_dc9d1d,PUR_IED_Sago_auditorio_dc9d1d,,,,,
2026-09-12T12:36:04-05:00,PUR_IED_Saludcoop_Ext_95aac3,PUR_IED_Saludcoop_Ext_95aac3,,,,,
2026-09-12T12:36:04-05:00,PUR_IED_Saludcoop_InfI_90c854,PUR_IED_Saludcoop_InfI_90c854,,,,,
2026-09-12T12:36:04-05:00,PUR_IED_Saludcoop_SMedia_1b93be,PUR_IED_Saludcoop_SMedia_1b93be,,,,,
2026-09-12T12:36:04-05:00,PUR_IED_SanCarlos_1101_1a2360,PUR_IED_SanCarlos_1101_1a2360,,,,,
2026-09-12T12:36:04-05:00,PUR_IED_SanCarlos_1103_7bafb5,PUR_IED_SanCarlos_1103_7bafb5,,,,,
2026-09-12T12:36:04-05:00,PUR_IED_SanCarlos_Ext_b7cd1,PUR_IED_SanCarlos_Ext_b7cd1,,,,,
2026-09-12T12:36:04-05:00,PUR_IED_SanIgnacioBosa11a_50c26e,PUR_IED_SanIgnacioBosa11a_50c26e,,,,,
2026-09-12T12:36:04-05:00,PUR_IED_SanIgnacioBosa11b_371de8,PUR_IED_SanIgnacioBosa11b_371de8,,,,,
2026-09-12T12:36:04-05:00,PUR_IED_SanIgnacioBosaExt_ef0ffc,PUR_IED_SanIgnacioBosaExt_ef0ffc,,,,,
2026-09-12T12:36:04-05:00,PUR_IED_SanIgnacioBosa_11a_50c26e,PUR_IED_SanIgnacioBosa_11a_50c26e,,,,,
2026-09-12T12:36:04-05:00,PUR_IED_SanIgnacioBosa_Ext_ef0ffc,PUR_IED_SanIgnacioBosa_Ext_ef0ffc,,,,,
2026-09-12T12:36:04-05:00,PUR_IED_SanJoseN_intS1101_31c47f,PUR_IED_SanJoseN_intS1101_31c47f,,,,,
2026-09-12T12:36:04-05:00,PUR_IED_SanJoseUsm_Exter_f5d7e8,PUR_IED_SanJoseUsm_Exter_f5d7e8,,,,,
2026-09-12T12:36:04-05:00,PUR_IED_SanJoseUsm_Int11A_cfdef6,PUR_IED_SanJoseUsm_Int11A_cfdef6,,,,,
2026-09-12T12:36:04-05:00,PUR_IED_SilveriaR_IntB5_905349,PUR_IED_SilveriaR_IntB5_905349,,,,,
2026-09-12T12:36:04-05:00,PUR_IED_SilveriaR_IntSD14_981f93,PUR_IED_SilveriaR_IntSD14_981f93,,,,,
2026-09-12T12:36:04-05:00,PUR_IED_SilveriaR_ext_2b651d,PUR_IED_SilveriaR_ext_2b651d,,,,,
2026-09-12T12:36:04-05:00,PUR_IED_SimonB_Exterior_913975,PUR_IED_SimonB_Exterior_913975,,,,,
2026-09-12T12:36:04-05:00,PUR_IED_SimonB_LabQuimi_c56908,PUR_IED_SimonB_LabQuimi_c56908,,,,,
2026-09-12T12:36:04-05:00,PUR_IED_SimonB_informatic_a28c1,PUR_IED_SimonB_informatic_a28c1,,,,,
2026-09-12T12:36:04-05:00,PUR_IED_Sorrento_1102_315f50,PUR_IED_Sorrento_1102_315f50,,,,,
2026-09-12T12:36:04-05:00,PUR_IED_Sorrento_Minte_214eab,PUR_IED_Sorrento_Minte_214eab,,,,,
2026-09-12T12:36:04-05:00,PUR_IED_Sorrento_ext_7c3a0a,PUR_IED_Sorrento_ext_7c3a0a,,,,,
2026-09-12T12:36:04-05:00,PUR_IED_Tabora_Ext_f048ae,PUR_IED_Tabora_Ext_f048ae,,,,,
2026-09-12T12:36:04-05:00,PUR_IED_Tabora_S1102_b07752,PUR_IED_Tabora_S1102_b07752,,,,,
2026-09-12T12:36:04-05:00,PUR_IED_Tabora_S1103_d988f5,PUR_IED_Tabora_S1103_d988f5,,,,,
2026-09-12T12:36:04-05:00,PUR_IED_Tenerife_Ext_1ab188,PUR_IED_Tenerife_Ext_1ab188,,,,,
2026-09-12T12:36:04-05:00,PUR_IED_Tenerife_SDanzas_7bc02e,PUR_IED_Tenerife_SDanzas_7bc02e,,,,,
2026-09-12T12:36:04-05:00,PUR_IED_Tenerife_SIngles_7cc277,PUR_IED_Tenerife_SIngles_7cc277,,,,,
2026-09-12T12:36:04-05:00,PUR_IED_Tibabuyes_Exter_f2683d,PUR_IED_Tibabuyes_Exter_f2683d,,,,,
2026-09-12T12:36:04-05:00,PUR_IED_Tibabuyes_S10_dc87a8,PUR_IED_Tibabuyes_S10_dc87a8,,,,,
2026-09-12T12:36:04-05:00,PUR_IED_Tibabuyes_S15_dc0526,PUR_IED_Tibabuyes_S15_dc0526,,,,,
2026-09-12T12:36:04-05:00,PUR_IED_UnionE_S301_a1043,PUR_IED_UnionE_S301_a1043,,,,,
2026-09-12T12:36:04-05:00,PUR_IED_UnionE_S307_ff6c2f,PUR_IED_UnionE_S307_ff6c2f,,,,,
2026-09-12T12:36:04-05:00,PUR_IED_UnionE__Ext_5e2468,PUR_IED_UnionE__Ext_5e2468,,,,,
2026-09-12T12:36:04-05:00,PUR_IED_VillaRica_Ext_75be7c,PUR_IED_VillaRica_Ext_75be7c,,,,,
2026-09-12T12:36:04-05:00,PUR_IED_VillaRica_S4_cc5dcd,PUR_IED_VillaRica_S4_cc5dcd,,,,,
2026-09-12T12:36:04-05:00,PUR_IED_VillaRica_Sesp_99f5c,PUR_IED_VillaRica_Sesp_99f5c,,,,,
2026-09-12T12:41:07-05:00,PUR_IED_20deJulio_1101_91b1b9,PUR_IED_20deJulio_1101_91b1b9,,,,,
2026-09-12T12:41:07-05:00,PUR_IED_20deJulio_1102_1cfcf9,PUR_IED_20deJulio_1102_1cfcf9,,,,,
2026-09-12T12:41:07-05:00,PUR_IED_20deJulio_Ext_ab60bd,PUR_IED_20deJulio_Ext_ab60bd,,,,,
2026-09-12T12:41:07-05:00,PUR_IED_AgustinFer_Ext_7b9b77,PUR_IED_AgustinFer_Ext_7b9b77,,,,,
2026-09-12T12:41:07-05:00,PUR_IED_AgustinFer_Info2_27b3a7,PUR_IED_AgustinFer_Info2_27b3a7,,,,,
2026-09-12T12:41:07-05:00,PUR_IED_AgustinFer_Sena_54b4eb,PUR_IED_AgustinFer_Sena_54b4eb,,,,,
2026-09-12T12:41:07-05:00,PUR_IED_AlexanderF_1102_caf07b,PUR_IED_AlexanderF_1102_caf07b,,,,,
2026-09-12T12:41:07-05:00,PUR_IED_AlexanderF_1103_c79e71,PUR_IED_AlexanderF_1103_c79e71,,,,,
2026-09-12T12:41:07-05:00,PUR_IED_AlexanderF_Ext_c5b18b,PUR_IED_AlexanderF_Ext_c5b18b,,,,,
2026-09-12T12:41:07-05:00,PUR_IED_AlfonsoLopez_Ext_281d77,PUR_IED_AlfonsoLopez_Ext_281d77,,,,,
2026-09-12T12:41:07-05:00,PUR_IED_AlfonsoLopez_LabF_888ce0,PUR_IED_AlfonsoLopez_LabF_888ce0,,,,,
2026-09-12T12:41:07-05:00,PUR_IED_AlfonsoLopez_SMed_df6a7f,PUR_IED_AlfonsoLopez_SMed_df6a7f,,,,,
2026-09-12T12:41:07-05:00,PUR_IED_AltamiraSO_A2_209f92,PUR_IED_AltamiraSO_A2_209f92,,,,,
2026-09-12T12:41:07-05:00,PUR_IED_AltamiraSO_Ext_186d66,PUR_IED_AltamiraSO_Ext_186d66,,,,,
2026-09-12T12:41:07-05:00,PUR_IED_AltamiraSO_Sistem_27afe1,PUR_IED_AltamiraSO_Sistem_27afe1,,,,,
2026-09-12T12:41:07-05:00,PUR_IED_AlvaroGom_LabQuim_813179,PUR_IED_AlvaroGom_LabQuim_813179,,,,,
2026-09-12T12:41:07-05:00,PUR_IED_AlvaroGomez_Ext_47c7ca,PUR_IED_AlvaroGomez_Ext_47c7ca,,,,,
2026-09-12T12:41:07-05:00,PUR_IED_AlvaroGomez_LabQuim_813179,PUR_IED_AlvaroGomez_LabQuim_813179,,,,,
2026-09-12T12:41:07-05:00,PUR_IED_AlvaroGomez_S23_7ba89f,PUR_IED_AlvaroGomez_S23_7ba89f,,,,,
2026-09-12T12:41:07-05:00,PUR_IED_Amistad_306_dc8728,PUR_IED_Amistad_306_dc8728,,,,,
2026-09-12T12:41:07-05:00,PUR_IED_Amistad_Ext_8cd55e,PUR_IED_Amistad_Ext_8cd55e,,,,,
2026-09-12T12:41:07-05:00,PUR_IED_Amistad_S202_a41169,PUR_IED_Amistad_S202_a41169,,,,,
2026-09-12T12:41:07-05:00,PUR_IED_AndresBello_Bio_fd5f5e,PUR_IED_AndresBello_Bio_fd5f5e,,,,,
2026-09-12T12:41:07-05:00,PUR_IED_AndresBello_ext_dcad65,PUR_IED_AndresBello_ext_dcad65,,,,,
2026-09-12T12:41:07-05:00,PUR_IED_AndresBello_port_eed3ec,PUR_IED_AndresBello_port_eed3ec,,,,,
2026-09-12T12:41:07-05:00,PUR_IED_AngelaR_11b_d90a6b,PUR_IED_AngelaR_11b_d90a6b,,,,,
2026-09-12T12:41:07-05:00,PUR_IED_AngelaR_ext_7cad3e,PUR_IED_AngelaR_ext_7cad3e,,,,,
2026-09-12T12:41:07-05:00,PUR_IED_AntJoseSucre_10mo_df2575,PUR_IED_AntJoseSucre_10mo_df2575,,,,,
2026-09-12T12:41:07-05:00,PUR_IED_AntJoseSucre_Ext_215b36,PUR_IED_AntJoseSucre_Ext_215b36,,,,,
2026-09-12T12:41:07-05:00,PUR_IED_AntJoseSucre_Lab_3139de,PUR_IED_AntJoseSucre_Lab_3139de,,,,,
2026-09-12T12:41:07-05:00,PUR_IED_AntonioGarcia_301_d6b188,PUR_IED_AntonioGarcia_301_d6b188,,,,,
2026-09-12T12:41:07-05:00,PUR_IED_AntonioGarcia_302_88a82,PUR_IED_AntonioGarcia_302_88a82,,,,,
2026-09-12T12:41:07-05:00,PUR_IED_AntonioGarcia_Ext_20950c,PUR_IED_AntonioGarcia_Ext_20950c,,,,,
2026-09-12T12:41:07-05:00,PUR_IED_AntonioVan_Aula2_6dea02,PUR_IED_AntonioVan_Aula2_6dea02,,,,,
2026-09-12T12:41:07-05:00,PUR_IED_AntonioVan_Aula5_f1557e,PUR_IED_AntonioVan_Aula5_f1557e,,,,,
2026-09-12T12:41:07-05:00,PUR_IED_AntonioVan_Ext_406f2f,PUR_IED_AntonioVan_Ext_406f2f,,,,,
2026-09-12T12:41:07-05:00,PUR_IED_Atabanzha_Ext_cc5af9,PUR_IED_Atabanzha_Ext_cc5af9,,,,,
2026-09-12T12:41:07-05:00,PUR_IED_Atabanzha_SA101_56c37,PUR_IED_Atabanzha_SA101_56c37,,,,,
2026-09-12T12:41:07-05:00,PUR_IED_Atabanzha_SB302_27b374,PUR_IED_Atabanzha_SB302_27b374,,,,,
2026-09-12T12:41:07-05:00,PUR_IED_Atahualpa_Ext_fc1748,PUR_IED_Atahualpa_Ext_fc1748,,,,,
2026-09-12T12:41:07-05:00,PUR_IED_Atahualpa_Informa_dc9a95,PUR_IED_Atahualpa_Informa_dc9a95,,,,,
2026-09-12T12:41:07-05:00,PUR_IED_Atahualpa_S1101_f98056,PUR_IED_Atahualpa_S1101_f98056,,,,,
2026-09-12T12:41:07-05:00,PUR_IED_Bellavista_Ext_f5aa74,PUR_IED_Bellavista_Ext_f5aa74,,,,,
2026-09-12T12:41:07-05:00,PUR_IED_Bilbao_11A_916c41,PUR_IED_Bilbao_11A_916c41,,,,,
2026-09-12T12:41:07-05:00,PUR_IED_Bilbao_Ext_fb579a,PUR_IED_Bilbao_Ext_fb579a,,,,,
2026-09-12T12:41:07-05:00,PUR_IED_BrasiliaU_A125_304280,PUR_IED_BrasiliaU_A125_304280,,,,,
2026-09-12T12:41:07-05:00,PUR_IED_BrasiliaU_A203_7c8ca5,PUR_IED_BrasiliaU_A203_7c8ca5,,,,,
2026-09-12T12:41:07-05:00,PUR_IED_BrasiliaU_Ext_8d6e9f,PUR_IED_BrasiliaU_Ext_8d6e9f,4,20,58,4.5175,-74.116302
2026-09-12T12:41:07-05:00,PUR_IED_Brasilia_Ext_fe6593,PUR_IED_Brasilia_Ext_fe6593,,,,,
2026-09-12T12:41:07-05:00,PUR_IED_Brasilia_S24_7c130d,PUR_IED_Brasilia_S24_7c130d,,,,,
2026-09-12T12:41:07-05:00,PUR_IED_Brasilia_S501_186a54,PUR_IED_Brasilia_S501_186a54,,,,,
2026-09-12T12:41:07-05:00,PUR_IED_CHARRY_EXT_f1d5cd,PUR_IED_CHARRY_EXT_f1d5cd,,,,,
2026-09-12T12:41:07-05:00,PUR_IED_CHARRY_INTDANZAS_7a08e6,PUR_IED_CHARRY_INTDANZAS_7a08e6,,,,,
2026-09-12T12:41:07-05:00,PUR_IED_CHARRY_INT_AULA20_dc998d,PUR_IED_CHARRY_INT_AULA20_dc998d,,,,,
2026-09-12T12:41:07-05:00,PUR_IED_COLVIV_1101_S25_7f520a,PUR_IED_COLVIV_1101_S25_7f520a,,,,,
2026-09-12T12:41:07-05:00,PUR_IED_COLVIV_1102_S16_f570ba,PUR_IED_COLVIV_1102_S16_f570ba,,,,,
2026-09-12T12:41:07-05:00,PUR_IED_COLVIV_Ext_1a26fa,PUR_IED_COLVIV_Ext_1a26fa,,,,,
2026-09-12T12:41:07-05:00,PUR_IED_CULPOP_301A_f660f3,PUR_IED_CULPOP_301A_f660f3,,,,,
2026-09-12T12:41:07-05:00,PUR_IED_CULPOP_303_568afe,PUR_IED_CULPOP_303_568afe,,,,,
2026-09-12T12:41:07-05:00,PUR_IED_CULPOP_Ext_e02ccb,PUR_IED_CULPOP_Ext_e02ccb,,,,,
2026-09-12T12:41:07-05:00,PUR_IED_CVillavicen_Ext_26eb58,PUR_IED_CVillavicen_Ext_26eb58,4,17,75,4.487,-74.102798
2026-09-12T12:41:07-05:00,PUR_IED_CVillavicen_Intel_1ce5c2,PUR_IED_CVillavicen_Intel_1ce5c2,,,,,
2026-09-12T12:41:07-05:00,PUR_IED_CVillavicen_Poliv_e0766c,PUR_IED_CVillavicen_Poliv_e0766c,,,,,
2026-09-12T12:41:07-05:00,PUR_IED_CVillavicen_int_1ba140,PUR_IED_CVillavicen_int_1ba140,,,,,
2026-09-12T12:41:07-05:00,PUR_IED_CVillavicen_intel_1ba140,PUR_IED_CVillavicen_intel_1ba140,,,,,
2026-09-12T12:41:07-05:00,PUR_IED_CarlosPizarro_Ext_e307cc,PUR_IED_CarlosPizarro_Ext_e307cc,,,,,
2026-09-12T12:41:07-05:00,PUR_IED_CarlosPizarro_L36_7e5cdb,PUR_IED_CarlosPizarro_L36_7e5cdb,,,,,
2026-09-12T12:41:07-05:00,PUR_IED_CarlosPizarro_L37_c8566c,PUR_IED_CarlosPizarro_L37_c8566c,,,,,
2026-09-12T12:41:07-05:00,PUR_IED_Castilla_Ext_cf35f,PUR_IED_Castilla_Ext_cf35f,,,,,
2026-09-12T12:41:07-05:00,PUR_IED_Castilla_SFisik_360e38,PUR_IED_Castilla_SFisik_360e38,,,,,
2026-09-12T12:41:07-05:00,PUR_IED_Castilla_Sc304_496fbf,PUR_IED_Castilla_Sc304_496fbf,,,,,
2026-09-12T12:41:07-05:00,PUR_IED_CervantesSa_Ext_6b57b,PUR_IED_CervantesSa_Ext_6b57b,3,20,65,4.5128,-74.117203
2026-09-12T12:41:07-05:00,PUR_IED_CervantesSa_S107_225c2b,PUR_IED_CervantesSa_S107_225c2b,,,,,
2026-09-12T12:41:07-05:00,PUR_IED_CervantesSa_S108_940925,PUR_IED_CervantesSa_S108_940925,,,,,
2026-09-12T12:41:07-05:00,PUR_IED_Charry_A20_f53e7c,PUR_IED_Charry_A20_f53e7c,,,,,
2026-09-12T12:41:07-05:00,PUR_IED_Charry_Ext_f1d5cd,PUR_IED_Charry_Ext_f1d5cd,,,,,
2026-09-12T12:41:07-05:00,PUR_IED_Charry_IntAula20_dc998d,PUR_IED_Charry_IntAula20_dc998d,,,,,
2026-09-12T12:41:07-05:00,PUR_IED_Charry_IntDanzas_7a08e6,PUR_IED_Charry_IntDanzas_7a08e6,,,,,
2026-09-12T12:41:07-05:00,PUR_IED_ClememciaC_203_43e2fc,PUR_IED_ClememciaC_203_43e2fc,,,,,
2026-09-12T12:41:07-05:00,PUR_IED_ClememciaC_Ext_1b411a,PUR_IED_ClememciaC_Ext_1b411a,,,,,
2026-09-12T12:41:07-05:00,PUR_IED_ClememciaC_Quimic_44b5fc,PUR_IED_ClememciaC_Quimic_44b5fc,,,,,
2026-09-12T12:41:07-05:00,PUR_IED_ClemenciaC_203_43e2fc,PUR_IED_ClemenciaC_203_43e2fc,,,,,
2026-09-12T12:41:07-05:00,PUR_IED_ClemenciaC_Ext_1b411a,PUR_IED_ClemenciaC_Ext_1b411a,,,,,
2026-09-12T12:41:07-05:00,PUR_IED_ClemenciaC_Quimic_44b5fc,PUR_IED_ClemenciaC_Quimic_44b5fc,,,,,
2026-09-12T12:41:07-05:00,PUR_IED_ColViva_1101_S25_7f520a,PUR_IED_ColViva_1101_S25_7f520a,,,,,
2026-09-12T12:41:07-05:00,PUR_IED_ColViva_1102_S16_f570ba,PUR_IED_ColViva_1102_S16_f570ba,,,,,
2026-09-12T12:41:07-05:00,PUR_IED_ColViva_Ext_1a26fa,PUR_IED_ColViva_Ext_1a26fa,,,,,
2026-09-12T12:41:07-05:00,PUR_IED_ColegioBici_Asist_7c8798,PUR_IED_ColegioBici_Asist_7c8798,,,,,
2026-09-12T12:41:07-05:00,PUR_IED_ColegioBici_Ext_25cbf6,PUR_IED_ColegioBici_Ext_25cbf6,,,,,
2026-09-12T12:41:07-05:00,PUR_IED_ColegioBici_LabQ_7b57db,PUR_IED_ColegioBici_LabQ_7b57db,,,,,
2026-09-12T12:41:07-05:00,PUR_IED_CostaRica_Ext_5e640,PUR_IED_CostaRica_Ext_5e640,,,,,
2026-09-12T12:41:07-05:00,PUR_IED_CostaRica_Quim1_766d1c,PUR_IED_CostaRica_Quim1_766d1c,,,,,
2026-09-12T12:41:07-05:00,PUR_IED_CostaRica__Fisica_6f0873,PUR_IED_CostaRica__Fisica_6f0873,,,,,
2026-09-12T12:41:07-05:00,PUR_IED_CulPopu_301A_f660f3,PUR_IED_CulPopu_301A_f660f3,,,,,
2026-09-12T12:41:07-05:00,PUR_IED_CulPopu_303_568afe,PUR_IED_CulPopu_303_568afe,,,,,
2026-09-12T12:41:07-05:00,PUR_IED_CulPopu_Ext_e02ccb,PUR_IED_CulPopu_Ext_e02ccb,,,,,
2026-09-12T12:41:07-05:00,PUR_IED_Cundinamarca_Ext_f15985,PUR_IED_Cundinamarca_Ext_f15985,,,,,
2026-09-12T12:41:07-05:00,PUR_IED_Cundinamarca_Info_7aa5d7,PUR_IED_Cundinamarca_Info_7aa5d7,,,,,
2026-09-12T12:41:07-05:00,PUR_IED_Cundinamarca_Tec2_f449c7,PUR_IED_Cundinamarca_Tec2_f449c7,,,,,
2026-09-12T12:41:07-05:00,PUR_IED_DiegoM_Aula1_27b314,PUR_IED_DiegoM_Aula1_27b314,,,,,
2026-09-12T12:41:07-05:00,PUR_IED_DiegoM_Ext_d80ac8,PUR_IED_DiegoM_Ext_d80ac8,,,,,
2026-09-12T12:41:07-05:00,PUR_IED_DiegoM_S25_da928f,PUR_IED_DiegoM_S25_da928f,,,,,
2026-09-12T12:41:07-05:00,PUR_IED_ELRODEO_360881,PUR_IED_ELRODEO_360881,,,,,
2026-09-12T12:41:07-05:00,PUR_IED_ELRODEO_ext_360881,PUR_IED_ELRODEO_ext_360881,,,,,
2026-09-12T12:41:07-05:00,PUR_IED_EduardoU_Ext_1c1969,PUR_IED_EduardoU_Ext_1c1969,,,,,
2026-09-12T12:41:07-05:00,PUR_IED_EduardoU_SCiencia_4dfb94,PUR_IED_EduardoU_SCiencia_4dfb94,,,,,
2026-09-12T12:41:07-05:00,PUR_IED_EduardoU_SQuimica_5a46e7,PUR_IED_EduardoU_SQuimica_5a46e7,,,,,
2026-09-12T12:41:07-05:00,PUR_IED_ElRodeo_Aula14_676984,PUR_IED_ElRodeo_Aula14_676984,,,,,
2026-09-12T12:41:07-05:00,PUR_IED_ElRodeo_Aula16_2dd35b,PUR_IED_ElRodeo_Aula16_2dd35b,,,,,
2026-09-12T12:41:07-05:00,PUR_IED_ElRodeo_Ext_360881,PUR_IED_ElRodeo_Ext_360881,,,,,
2026-09-12T12:41:07-05:00,PUR_IED_ElRodeo_Exterior_8c6d28,PUR_IED_ElRodeo_Exterior_8c6d28,,,,,
2026-09-12T12:41:07-05:00,PUR_IED_ElRodeo_ext_360881,PUR_IED_ElRodeo_ext_360881,,,,,
2026-09-12T12:41:07-05:00,PUR_IED_EmmaReyes_Ext_987625,PUR_IED_EmmaReyes_Ext_987625,2,22,47,4.6367,-74.1511
2026-09-12T12:41:07-05:00,PUR_IED_Ensueño_Ext_7f0250,PUR_IED_Ensueño_Ext_7f0250,,,,,
2026-09-12T12:41:07-05:00,PUR_IED_EscNormal_Ext_5fef3b,PUR_IED_EscNormal_Ext_5fef3b,2,23,49,4.5852,-74.096901
2026-09-12T12:41:07-05:00,PUR_IED_EscNormal_S309_5b263,PUR_IED_EscNormal_S309_5b263,,,,,
2026-09-12T12:41:07-05:00,PUR_IED_EscNormal_S310_27b3b8,PUR_IED_EscNormal_S310_27b3b8,,,,,
2026-09-12T12:41:07-05:00,PUR_IED_Evangelista_Conta_f6cd4f,PUR_IED_Evangelista_Conta_f6cd4f,,,,,
2026-09-12T12:41:07-05:00,PUR_IED_Evangelista_Cri_5e16a,PUR_IED_Evangelista_Cri_5e16a,,,,,
2026-09-12T12:41:07-05:00,PUR_IED_Evangelista_Exter_754066,PUR_IED_Evangelista_Exter_754066,,,,,
2026-09-12T12:41:07-05:00,PUR_IED_FMiranda_S209_5cc2a3,PUR_IED_FMiranda_S209_5cc2a3,,,,,
2026-09-12T12:41:07-05:00,PUR_IED_FMiranda_S303_19e344,PUR_IED_FMiranda_S303_19e344,,,,,
2026-09-12T12:41:07-05:00,PUR_IED_FMiranda_ext_f53e7c,PUR_IED_FMiranda_ext_f53e7c,,,,,
2026-09-12T12:41:07-05:00,PUR_IED_FabioLozano_Bibli_1cee05,PUR_IED_FabioLozano_Bibli_1cee05,,,,,
2026-09-12T12:41:07-05:00,PUR_IED_FabioLozano_Ext_6ea285,PUR_IED_FabioLozano_Ext_6ea285,,,,,
2026-09-12T12:41:07-05:00,PUR_IED_FabioLozano_SLudi_f09e1e,PUR_IED_FabioLozano_SLudi_f09e1e,,,,,
2026-09-12T12:41:07-05:00,PUR_IED_FaustinoS_Aula07_27a731,PUR_IED_FaustinoS_Aula07_27a731,,,,,
2026-09-12T12:41:07-05:00,PUR_IED_FaustinoS_Ext_7b936f,PUR_IED_FaustinoS_Ext_7b936f,,,,,
2026-09-12T12:41:07-05:00,PUR_IED_FaustinoS_Fisica_da2c60,PUR_IED_FaustinoS_Fisica_da2c60,,,,,
2026-09-12T12:41:07-05:00,PUR_IED_FeGarciaLo_Ext_dc68ee,PUR_IED_FeGarciaLo_Ext_dc68ee,,,,,
2026-09-12T12:41:07-05:00,PUR_IED_FeGarciaLo_SDanza_f70a59,PUR_IED_FeGarciaLo_SDanza_f70a59,,,,,
2026-09-12T12:41:07-05:00,PUR_IED_FeGarciaLo_SMusic_125cdd,PUR_IED_FeGarciaLo_SMusic_125cdd,,,,,
2026-09-12T12:41:07-05:00,PUR_IED_FederalAlema_Exte_50c345,PUR_IED_FederalAlema_Exte_50c345,,,,,
2026-09-12T12:41:07-05:00,PUR_IED_FederalAlema_S31_f18371,PUR_IED_FederalAlema_S31_f18371,,,,,
2026-09-12T12:41:07-05:00,PUR_IED_FederalAlema_S901_a62cd,PUR_IED_FederalAlema_S901_a62cd,,,,,
2026-09-12T12:41:07-05:00,PUR_IED_FilarmonicaS_A5_f35eb1,PUR_IED_FilarmonicaS_A5_f35eb1,,,,,
2026-09-12T12:41:07-05:00,PUR_IED_FilarmonicaS_Ext_8a3bde,PUR_IED_FilarmonicaS_Ext_8a3bde,,,,,
2026-09-12T12:41:07-05:00,PUR_IED_FilarmonicaS_Spol_406114,PUR_IED_FilarmonicaS_Spol_406114,,,,,
2026-09-12T12:41:07-05:00,PUR_IED_FlorentinoG_A13_d1fa59,PUR_IED_FlorentinoG_A13_d1fa59,,,,,
2026-09-12T12:41:07-05:00,PUR_IED_FlorentinoG_Ext_1ce6ce,PUR_IED_FlorentinoG_Ext_1ce6ce,,,,,
2026-09-12T12:41:07-05:00,PUR_IED_FlorentinoG_Idiom_a66aac,PUR_IED_FlorentinoG_Idiom_a66aac,,,,,
2026-09-12T12:41:07-05:00,PUR_IED_FranciscoMati_Ext_e3869d,PUR_IED_FranciscoMati_Ext_e3869d,,,,,
2026-09-12T12:41:07-05:00,PUR_IED_FranciscoMati_S13_f31c67,PUR_IED_FranciscoMati_S13_f31c67,,,,,
2026-09-12T12:41:07-05:00,PUR_IED_FranciscoMati_S14_97dead,PUR_IED_FranciscoMati_S14_97dead,,,,,
2026-09-12T12:41:07-05:00,PUR_IED_FranciscoPS_Ext_7bfa9a,PUR_IED_FranciscoPS_Ext_7bfa9a,2,24,48,4.5899,-74.110397
2026-09-12T12:41:07-05:00,PUR_IED_FranciscoPS_Infor_fb8f4c,PUR_IED_FranciscoPS_Infor_fb8f4c,,,,,
2026-09-12T12:41:07-05:00,PUR_IED_FranciscoPS_Quimi_94d39c,PUR_IED_FranciscoPS_Quimi_94d39c,,,,,
2026-09-12T12:41:07-05:00,PUR_IED_FranciscoP_LabQ_d7e148,PUR_IED_FranciscoP_LabQ_d7e148,,,,,
2026-09-12T12:41:07-05:00,PUR_IED_FranciscoP_S28_cf9b30,PUR_IED_FranciscoP_S28_cf9b30,,,,,
2026-09-12T12:41:07-05:00,PUR_IED_FranciscoP_ext_e2313,PUR_IED_FranciscoP_ext_e2313,,,,,
2026-09-12T12:41:07-05:00,PUR_IED_FriederichN_Ext_8ac92a,PUR_IED_FriederichN_Ext_8ac92a,,,,,
2026-09-12T12:41:07-05:00,PUR_IED_FriederichN_S301_dd7e5a,PUR_IED_FriederichN_S301_dd7e5a,,,,,
2026-09-12T12:41:07-05:00,PUR_IED_FriederichN_S308_761f4f,PUR_IED_FriederichN_S308_761f4f,,,,,
2026-09-12T12:41:07-05:00,PUR_IED_GSantander_Aula10_533dd7,PUR_IED_GSantander_Aula10_533dd7,,,,,
2026-09-12T12:41:07-05:00,PUR_IED_GSantander_Aula12_fd4e4f,PUR_IED_GSantander_Aula12_fd4e4f,,,,,
2026-09-12T12:41:07-05:00,PUR_IED_GSantander_Aula310_533dd7,PUR_IED_GSantander_Aula310_533dd7,,,,,
2026-09-12T12:41:07-05:00,PUR_IED_GSantander_Aula312_fd4e4f,PUR_IED_GSantander_Aula312_fd4e4f,,,,,
2026-09-12T12:41:07-05:00,PUR_IED_GSantander_Ext_5f66b0,PUR_IED_GSantander_Ext_5f66b0,,,,,
2026-09-12T12:41:07-05:00,PUR_IED_GYomasa_Ext_f6bea5,PUR_IED_GYomasa_Ext_f6bea5,,,,,
2026-09-12T12:41:07-05:00,PUR_IED_GYomasa_LBiol_2c41aa,PUR_IED_GYomasa_LBiol_2c41aa,,,,,
2026-09-12T12:41:07-05:00,PUR_IED_GYomasa_LQuim_33c80,PUR_IED_GYomasa_LQuim_33c80,,,,,
2026-09-12T12:41:07-05:00,PUR_IED_GabBetMejia_Cienc_5a99c,PUR_IED_GabBetMejia_Cienc_5a99c,,,,,
2026-09-12T12:41:07-05:00,PUR_IED_GabBetMejia_Ext_9153d0,PUR_IED_GabBetMejia_Ext_9153d0,,,,,
2026-09-12T12:41:07-05:00,PUR_IED_GabBetMejia_Lab_f55347,PUR_IED_GabBetMejia_Lab_f55347,,,,,
2026-09-12T12:41:07-05:00,PUR_IED_GabBetanMejia_Ext_9153d0,PUR_IED_GabBetanMejia_Ext_9153d0,,,,,
2026-09-12T12:41:07-05:00,PUR_IED_Gaitana_Aula13_7aac11,PUR_IED_Gaitana_Aula13_7aac11,,,,,
2026-09-12T12:41:07-05:00,PUR_IED_Gaitana_Ext_5fcf4,PUR_IED_Gaitana_Ext_5fcf4,,,,,
2026-09-12T12:41:07-05:00,PUR_IED_Gaitana_LabFisica_644448,PUR_IED_Gaitana_LabFisica_644448,,,,,
2026-09-12T12:41:07-05:00,PUR_IED_GenSantander_Dise_8ac858,PUR_IED_GenSantander_Dise_8ac858,,,,,
2026-09-12T12:41:07-05:00,PUR_IED_GenSantander_Ext_8d5dfe,PUR_IED_GenSantander_Ext_8d5dfe,,,,,
2026-09-12T12:41:07-05:00,PUR_IED_GenSantander_Info_6c25b,PUR_IED_GenSantander_Info_6c25b,,,,,
2026-09-12T12:41:07-05:00,PUR_IED_GustavoMo_Exterio_75e63d,PUR_IED_GustavoMo_Exterio_75e63d,,,,,
2026-09-12T12:41:07-05:00,PUR_IED_GustavoMo_LabFisi_224d37,PUR_IED_GustavoMo_LabFisi_224d37,,,,,
2026-09-12T12:41:07-05:00,PUR_IED_GustavoMo_S208_3e6918,PUR_IED_GustavoMo_S208_3e6918,,,,,
2026-09-12T12:41:07-05:00,PUR_IED_GustavoR_A02_8cd4a8,PUR_IED_GustavoR_A02_8cd4a8,,,,,
2026-09-12T12:41:07-05:00,PUR_IED_GustavoR_B11_5b0ed,PUR_IED_GustavoR_B11_5b0ed,,,,,
2026-09-12T12:41:07-05:00,PUR_IED_GustavoR_Ext_7a0c90,PUR_IED_GustavoR_Ext_7a0c90,,,,,
2026-09-12T12:41:07-05:00,PUR_IED_HernandoDuran_Ext_8cd82b,PUR_IED_HernandoDuran_Ext_8cd82b,,,,,
2026-09-12T12:41:07-05:00,PUR_IED_HernandoDuran_S24_2772c6,PUR_IED_HernandoDuran_S24_2772c6,,,,,
2026-09-12T12:41:07-05:00,PUR_IED_HernandoDuran_S30_f2de41,PUR_IED_HernandoDuran_S30_f2de41,,,,,
2026-09-12T12:41:07-05:00,PUR_IED_HolguInUr_S1101_8cd732,PUR_IED_HolguInUr_S1101_8cd732,,,,,
2026-09-12T12:41:07-05:00,PUR_IED_HolguinUr_Exter_ddae6d,PUR_IED_HolguinUr_Exter_ddae6d,,,,,
2026-09-12T12:41:07-05:00,PUR_IED_HolguinUr_LabQuim_92b952,PUR_IED_HolguinUr_LabQuim_92b952,,,,,
2026-09-12T12:41:07-05:00,PUR_IED_Isabel-II_Ext_5245cc,PUR_IED_Isabel-II_Ext_5245cc,2,21,49,4.6336,-74.153
2026-09-12T12:41:07-05:00,PUR_IED_Isabel-II_S_idiom_1c29aa,PUR_IED_Isabel-II_S_idiom_1c29aa,,,,,
2026-09-12T12:41:07-05:00,PUR_IED_Isabel-II_S_infor_fd741,PUR_IED_Isabel-II_S_infor_fd741,,,,,
2026-09-12T12:41:07-05:00,PUR_IED_IsidroSur_Exterio_5b90ea,PUR_IED_IsidroSur_Exterio_5b90ea,,,,,
2026-09-12T12:41:07-05:00,PUR_IED_IsidroSur_LabTec_56697a,PUR_IED_IsidroSur_LabTec_56697a,,,,,
2026-09-12T12:41:07-05:00,PUR_IED_IsidroSur_Robotic_b7c38f,PUR_IED_IsidroSur_Robotic_b7c38f,,,,,
2026-09-12T12:41:07-05:00,PUR_IED_IsmaelPerd_Ext_7b6672,PUR_IED_IsmaelPerd_Ext_7b6672,,,,,
2026-09-12T12:41:07-05:00,PUR_IED_IsmaelPerd_Inform_306540,PUR_IED_IsmaelPerd_Inform_306540,,,,,
2026-09-12T12:41:07-05:00,PUR_IED_IsmaelPerd_S30_2e2c83,PUR_IED_IsmaelPerd_S30_2e2c83,,,,,
2026-09-12T12:41:07-05:00,PUR_IED_JLozano_Exter_432910,PUR_IED_JLozano_Exter_432910,,,,,
2026-09-12T12:41:07-05:00,PUR_IED_JLozano_salaMulti_df5125,PUR_IED_JLozano_salaMulti_df5125,,,,,
2026-09-12T12:41:07-05:00,PUR_IED_JMCordoba_206_86f80b,PUR_IED_JMCordoba_206_86f80b,,,,,
2026-09-12T12:41:07-05:00,PUR_IED_JMCordoba_Ext_27ad97,PUR_IED_JMCordoba_Ext_27ad97,,,,,
2026-09-12T12:41:07-05:00,PUR_IED_JMCordoba_S310_d59ab4,PUR_IED_JMCordoba_S310_d59ab4,,,,,
2026-09-12T12:41:07-05:00,PUR_IED_Japon_Ext_549100,PUR_IED_Japon_Ext_549100,,,,,
2026-09-12T12:41:07-05:00,PUR_IED_Japon_Laboratorio_bec51d,PUR_IED_Japon_Laboratorio_bec51d,,,,,
2026-09-12T12:41:07-05:00,PUR_IED_Japon_informatica_d99327,PUR_IED_Japon_informatica_d99327,,,,,
2026-09-12T12:41:07-05:00,PUR_IED_Jazmin_Ext_d27bda,PUR_IED_Jazmin_Ext_d27bda,,,,,
2026-09-12T12:41:07-05:00,PUR_IED_Jazmin_Fisica_8d14d7,PUR_IED_Jazmin_Fisica_8d14d7,,,,,
2026-09-12T12:41:07-05:00,PUR_IED_Jazmin_Quimica_801cb5,PUR_IED_Jazmin_Quimica_801cb5,,,,,
2026-09-12T12:41:07-05:00,PUR_IED_JorgeGaitan_Exter_f098d1,PUR_IED_JorgeGaitan_Exter_f098d1,,,,,
2026-09-12T12:41:07-05:00,PUR_IED_JorgeGaitan_STec1_dc9d1d,PUR_IED_JorgeGaitan_STec1_dc9d1d,,,,,
2026-09-12T12:41:07-05:00,PUR_IED_JorgeGaitan_STec2_281e69,PUR_IED_JorgeGaitan_STec2_281e69,,,,,
2026-09-12T12:41:07-05:00,PUR_IED_JorgeSoto_Exterio_d9d0a2,PUR_IED_JorgeSoto_Exterio_d9d0a2,,,,,
2026-09-12T12:41:07-05:00,PUR_IED_JorgeSoto_LabFisi_209c54,PUR_IED_JorgeSoto_LabFisi_209c54,,,,,
2026-09-12T12:41:07-05:00,PUR_IED_JorgeSoto_S103_27b51a,PUR_IED_JorgeSoto_S103_27b51a,,,,,
2026-09-12T12:41:07-05:00,PUR_IED_JoseAcevedo_A02_e965eb,PUR_IED_JoseAcevedo_A02_e965eb,,,,,
2026-09-12T12:41:07-05:00,PUR_IED_JoseAcevedo_A07_dd5b4,PUR_IED_JoseAcevedo_A07_dd5b4,,,,,
2026-09-12T12:41:07-05:00,PUR_IED_JoseAcevedo_Ext_b47484,PUR_IED_JoseAcevedo_Ext_b47484,,,,,
2026-09-12T12:41:07-05:00,PUR_IED_JoseMarti_Exte_5b9bf,PUR_IED_JoseMarti_Exte_5b9bf,,,,,
2026-09-12T12:41:07-05:00,PUR_IED_JoseMarti_LabQuim_1c6c2d,PUR_IED_JoseMarti_LabQuim_1c6c2d,,,,,
2026-09-12T12:41:07-05:00,PUR_IED_JoseMarti_S_info_f5f177,PUR_IED_JoseMarti_S_info_f5f177,,,,,
2026-09-12T12:41:07-05:00,PUR_IED_Josejoaquin_Ext_dfc5dc,PUR_IED_Josejoaquin_Ext_dfc5dc,,,,,
2026-09-12T12:41:07-05:00,PUR_IED_Josejoaquin_S05_5b2a96,PUR_IED_Josejoaquin_S05_5b2a96,,,,,
2026-09-12T12:41:07-05:00,PUR_IED_Josejoaquin_S06_1ce7d2,PUR_IED_Josejoaquin_S06_1ce7d2,,,,,
2026-09-12T12:41:07-05:00,PUR_IED_JulioFlorez_Danza_9b82dd,PUR_IED_JulioFlorez_Danza_9b82dd,,,,,
2026-09-12T12:41:07-05:00,PUR_IED_JulioFlorez_Exter_f9f314,PUR_IED_JulioFlorez_Exter_f9f314,,,,,
2026-09-12T12:41:07-05:00,PUR_IED_JulioFlorez_info2_6b6e08,PUR_IED_JulioFlorez_info2_6b6e08,,,,,
2026-09-12T12:41:07-05:00,PUR_IED_LaBelleza_Aula13_1d00d8,PUR_IED_LaBelleza_Aula13_1d00d8,,,,,
2026-09-12T12:41:07-05:00,PUR_IED_LaBelleza_Ext_7bc08c,PUR_IED_LaBelleza_Ext_7bc08c,,,,,
2026-09-12T12:41:07-05:00,PUR_IED_LaChucua_Ext_8cd6d2,PUR_IED_LaChucua_Ext_8cd6d2,,,,,
2026-09-12T12:41:07-05:00,PUR_IED_LaChucua_S15_f578ce,PUR_IED_LaChucua_S15_f578ce,,,,,
2026-09-12T12:41:07-05:00,PUR_IED_LaChucua_S16_eebcf9,PUR_IED_LaChucua_S16_eebcf9,,,,,
2026-09-12T12:41:07-05:00,PUR_IED_LaFelicidad_Ext_fb5109,PUR_IED_LaFelicidad_Ext_fb5109,,,,,
2026-09-12T12:41:07-05:00,PUR_IED_LaMerced_206_66ebd,PUR_IED_LaMerced_206_66ebd,,,,,
2026-09-12T12:41:07-05:00,PUR_IED_LaMerced_207_6ebd6,PUR_IED_LaMerced_207_6ebd6,,,,,
2026-09-12T12:41:07-05:00,PUR_IED_LaMerced_ext_304311,PUR_IED_LaMerced_ext_304311,,,,,
2026-09-12T12:41:07-05:00,PUR_IED_Laureano_CiencNat_281e5e,PUR_IED_Laureano_CiencNat_281e5e,,,,,
2026-09-12T12:41:07-05:00,PUR_IED_Laureano_Comedor_f65c0a,PUR_IED_Laureano_Comedor_f65c0a,,,,,
2026-09-12T12:41:07-05:00,PUR_IED_Laureano_Exterior_7ab011,PUR_IED_Laureano_Exterior_7ab011,,,,,
2026-09-12T12:41:07-05:00,PUR_IED_LeonGreiff_Exte_dfe560,PUR_IED_LeonGreiff_Exte_dfe560,,,,,
2026-09-12T12:41:07-05:00,PUR_IED_LeonGreiff_S210_f264ed,PUR_IED_LeonGreiff_S210_f264ed,,,,,
2026-09-12T12:41:07-05:00,PUR_IED_LeonGreiff_SQuimi_e8296f,PUR_IED_LeonGreiff_SQuimi_e8296f,,,,,
2026-09-12T12:41:07-05:00,PUR_IED_LlanoOrientalS208_7b9fcd,PUR_IED_LlanoOrientalS208_7b9fcd,,,,,
2026-09-12T12:41:07-05:00,PUR_IED_LlanoOriental_Ext_fb3766,PUR_IED_LlanoOriental_Ext_fb3766,,,,,
2026-09-12T12:41:07-05:00,PUR_IED_LlanoOriental_S208_7b9fcd,PUR_IED_LlanoOriental_S208_7b9fcd,,,,,
2026-09-12T12:41:07-05:00,PUR_IED_LlanoOriental_S9_27b378,PUR_IED_LlanoOriental_S9_27b378,,,,,
2026-09-12T12:41:07-05:00,PUR_IED_LosTejares_1101_477602,PUR_IED_LosTejares_1101_477602,,,,,
2026-09-12T12:41:07-05:00,PUR_IED_LosTejares_11_d2c595,PUR_IED_LosTejares_11_d2c595,,,,,
2026-09-12T12:41:07-05:00,PUR_IED_LosTejares_12_477602,PUR_IED_LosTejares_12_477602,,,,,
2026-09-12T12:41:07-05:00,PUR_IED_LosTejares_Ext_8e2115,PUR_IED_LosTejares_Ext_8e2115,,,,,
2026-09-12T12:41:07-05:00,PUR_IED_MagdalenaO_B202_5ddda3,PUR_IED_MagdalenaO_B202_5ddda3,,,,,
2026-09-12T12:41:07-05:00,PUR_IED_MagdalenaO_B205_fb76e8,PUR_IED_MagdalenaO_B205_fb76e8,,,,,
2026-09-12T12:41:07-05:00,PUR_IED_MagdalenaO_ext_dc69cd,PUR_IED_MagdalenaO_ext_dc69cd,,,,,
2026-09-12T12:41:07-05:00,PUR_IED_ManueCepeda_artes_eee956,PUR_IED_ManueCepeda_artes_eee956,,,,,
2026-09-12T12:41:07-05:00,PUR_IED_ManuelCepeda_Ext_58313,PUR_IED_ManuelCepeda_Ext_58313,,,,,
2026-09-12T12:41:07-05:00,PUR_IED_ManuelCepeda_tec_1c5731,PUR_IED_ManuelCepeda_tec_1c5731,,,,,
2026-09-12T12:41:07-05:00,PUR_IED_ManuelS_Exterior_5b269,PUR_IED_ManuelS_Exterior_5b269,,,,,
2026-09-12T12:41:07-05:00,PUR_IED_ManuelS_Inform_f369ce,PUR_IED_ManuelS_Inform_f369ce,,,,,
2026-09-12T12:41:07-05:00,PUR_IED_ManuelS_SArtes_7d15f1,PUR_IED_ManuelS_SArtes_7d15f1,,,,,
2026-09-12T12:41:07-05:00,PUR_IED_ManuelZapata_303_3ca6,PUR_IED_ManuelZapata_303_3ca6,,,,,
2026-09-12T12:41:07-05:00,PUR_IED_ManuelZapata_311_bfbabc,PUR_IED_ManuelZapata_311_bfbabc,,,,,
2026-09-12T12:41:07-05:00,PUR_IED_ManuelZapata_Ext_50824a,PUR_IED_ManuelZapata_Ext_50824a,,,,,
2026-09-12T12:41:07-05:00,PUR_IED_ManuelitaS_Exteri_656a92,PUR_IED_ManuelitaS_Exteri_656a92,,,,,
2026-09-12T12:41:07-05:00,PUR_IED_ManuelitaS_JuzgDe_f58ec3,PUR_IED_ManuelitaS_JuzgDe_f58ec3,,,,,
2026-09-12T12:41:07-05:00,PUR_IED_ManuelitaS_Recrea_d793db,PUR_IED_ManuelitaS_Recrea_d793db,,,,,
2026-09-12T12:41:07-05:00,PUR_IED_MarFidSuarez_Ext_c27b19,PUR_IED_MarFidSuarez_Ext_c27b19,,,,,
2026-09-12T12:41:07-05:00,PUR_IED_MarFidSuarez_Info_e384d7,PUR_IED_MarFidSuarez_Info_e384d7,,,,,
2026-09-12T12:41:07-05:00,PUR_IED_MarFidSuarez_S306_1d0032,PUR_IED_MarFidSuarez_S306_1d0032,,,,,
2026-09-12T12:41:07-05:00,PUR_IED_Menorah_301_2a25a3,PUR_IED_Menorah_301_2a25a3,,,,,
2026-09-12T12:41:07-05:00,PUR_IED_Menorah_306_37ed3,PUR_IED_Menorah_306_37ed3,,,,,
2026-09-12T12:41:07-05:00,PUR_IED_Menorah_Ext_3e155b,PUR_IED_Menorah_Ext_3e155b,,,,,
2026-09-12T12:41:07-05:00,PUR_IED_MinutoB.Aires_A11_1b1604,PUR_IED_MinutoB.Aires_A11_1b1604,,,,,
2026-09-12T12:41:07-05:00,PUR_IED_MinutoB.Aires_A12_fb5860,PUR_IED_MinutoB.Aires_A12_fb5860,,,,,
2026-09-12T12:41:07-05:00,PUR_IED_MinutoB.Aires_Ext_81293f,PUR_IED_MinutoB.Aires_Ext_81293f,,,,,
2026-09-12T12:41:07-05:00,PUR_IED_MinutoBAires_A11_1b1604,PUR_IED_MinutoBAires_A11_1b1604,,,,,
2026-09-12T12:41:07-05:00,PUR_IED_MinutoBAires_A12_fb5860,PUR_IED_MinutoBAires_A12_fb5860,,,,,
2026-09-12T12:41:07-05:00,PUR_IED_MinutoBAires_Ext_81293f,PUR_IED_MinutoBAires_Ext_81293f,,,,,
2026-09-12T12:41:07-05:00,PUR_IED_Montreal_Aula10_1e4959,PUR_IED_Montreal_Aula10_1e4959,,,,,
2026-09-12T12:41:07-05:00,PUR_IED_Montreal_Aula6_300367,PUR_IED_Montreal_Aula6_300367,,,,,
2026-09-12T12:41:07-05:00,PUR_IED_Montreal_Exterior_91a179,PUR_IED_Montreal_Exterior_91a179,,,,,
2026-09-12T12:41:07-05:00,PUR_IED_Mqgdalena_B202_5ddda3,PUR_IED_Mqgdalena_B202_5ddda3,,,,,
2026-09-12T12:41:07-05:00,PUR_IED_NACUND_Soc_dc8728,PUR_IED_NACUND_Soc_dc8728,,,,,
2026-09-12T12:41:07-05:00,PUR_IED_NACUND_ext_27ad97,PUR_IED_NACUND_ext_27ad97,,,,,
2026-09-12T12:41:07-05:00,PUR_IED_NEsperanza_Ext_d24b61,PUR_IED_NEsperanza_Ext_d24b61,,,,,
2026-09-12T12:41:07-05:00,PUR_IED_NEsperanza_SElect_7d1807,PUR_IED_NEsperanza_SElect_7d1807,,,,,
2026-09-12T12:41:07-05:00,PUR_IED_NEsperanza_SLabor_8b2d0a,PUR_IED_NEsperanza_SLabor_8b2d0a,,,,,
2026-09-12T12:41:07-05:00,PUR_IED_NacionesU_Ext_f661a9,PUR_IED_NacionesU_Ext_f661a9,,,,,
2026-09-12T12:41:07-05:00,PUR_IED_NacionesU_Quimica_66f0a,PUR_IED_NacionesU_Quimica_66f0a,,,,,
2026-09-12T12:41:07-05:00,PUR_IED_NacionesU_S306_1b4b3d,PUR_IED_NacionesU_S306_1b4b3d,,,,,
2026-09-12T12:41:07-05:00,PUR_IED_NestorFA_Ext_e4201c,PUR_IED_NestorFA_Ext_e4201c,,,,,
2026-09-12T12:41:07-05:00,PUR_IED_NestorFA_Laborato_f22fe0,PUR_IED_NestorFA_Laborato_f22fe0,,,,,
2026-09-12T12:41:07-05:00,PUR_IED_NestorFA_S204_dee996,PUR_IED_NestorFA_S204_dee996,,,,,
2026-09-12T12:41:07-05:00,PUR_IED_NidyaQT_Aula03_76999b,PUR_IED_NidyaQT_Aula03_76999b,,,,,
2026-09-12T12:41:07-05:00,PUR_IED_NidyaQT_Aula10_56325,PUR_IED_NidyaQT_Aula10_56325,,,,,
2026-09-12T12:41:07-05:00,PUR_IED_NidyaQT_Ext_46e32d,PUR_IED_NidyaQT_Ext_46e32d,,,,,
2026-09-12T12:41:07-05:00,PUR_IED_NuevaCol_Exterior_d9b859,PUR_IED_NuevaCol_Exterior_d9b859,,,,,
2026-09-12T12:41:07-05:00,PUR_IED_NuevaCol_S1101_76c43b,PUR_IED_NuevaCol_S1101_76c43b,,,,,
2026-09-12T12:41:07-05:00,PUR_IED_NuevaCol_S1102_1ce0b5,PUR_IED_NuevaCol_S1102_1ce0b5,,,,,
2026-09-12T12:41:07-05:00,PUR_IED_OEA_A202_f7e3f2,PUR_IED_OEA_A202_f7e3f2,,,,,
2026-09-12T12:41:07-05:00,PUR_IED_OEA_A203_7d1b8d,PUR_IED_OEA_A203_7d1b8d,,,,,
2026-09-12T12:41:07-05:00,PUR_IED_OEA_Ext_27b593,PUR_IED_OEA_Ext_27b593,,,,,
2026-09-12T12:41:07-05:00,PUR_IED_Ochoa_Ext_1c29da,PUR_IED_Ochoa_Ext_1c29da,,,,,
2026-09-12T12:41:07-05:00,PUR_IED_Ochoa_S205_8b1121,PUR_IED_Ochoa_S205_8b1121,,,,,
2026-09-12T12:41:07-05:00,PUR_IED_Ochoa_Sistemas_f33af6,PUR_IED_Ochoa_Sistemas_f33af6,,,,,
2026-09-12T12:41:07-05:00,PUR_IED_PQuebec_Ext_1c67c7,PUR_IED_PQuebec_Ext_1c67c7,,,,,
2026-09-12T12:41:07-05:00,PUR_IED_PQuebec_S15_23e8e2,PUR_IED_PQuebec_S15_23e8e2,,,,,
2026-09-12T12:41:07-05:00,PUR_IED_PQuebec_S16_8ec76b,PUR_IED_PQuebec_S16_8ec76b,,,,,
2026-09-12T12:41:07-05:00,PUR_IED_PabloN_Ext_49dc96,PUR_IED_PabloN_Ext_49dc96,,,,,
2026-09-12T12:41:07-05:00,PUR_IED_PabloN_S1102_4e3df5,PUR_IED_PabloN_S1102_4e3df5,,,,,
2026-09-12T12:41:07-05:00,PUR_IED_PabloN_S1103_50c94b,PUR_IED_PabloN_S1103_50c94b,,,,,
2026-09-12T12:41:07-05:00,PUR_IED_Palestina_S1101_db9198,PUR_IED_Palestina_S1101_db9198,,,,,
2026-09-12T12:41:07-05:00,PUR_IED_Palestina_S1102_dc54fa,PUR_IED_Palestina_S1102_dc54fa,,,,,
2026-09-12T12:41:07-05:00,PUR_IED_Palestina_ext_4ccce6,PUR_IED_Palestina_ext_4ccce6,,,,,
2026-09-12T12:41:07-05:00,PUR_IED_Panama_Fisica_4d0794,PUR_IED_Panama_Fisica_4d0794,,,,,
2026-09-12T12:41:07-05:00,PUR_IED_Panama_SIngles_a4077e,PUR_IED_Panama_SIngles_a4077e,,,,,
2026-09-12T12:41:07-05:00,PUR_IED_Panama_ext_4c54b4,PUR_IED_Panama_ext_4c54b4,,,,,
2026-09-12T12:41:07-05:00,PUR_IED_ParaisoM_Exterior_8cd7f0,PUR_IED_ParaisoM_Exterior_8cd7f0,,,,,
2026-09-12T12:41:07-05:00,PUR_IED_ParaisoM_Laborato_27af35,PUR_IED_ParaisoM_Laborato_27af35,,,,,
2026-09-12T12:41:07-05:00,PUR_IED_ParaisoM_S304_d1edca,PUR_IED_ParaisoM_S304_d1edca,,,,,
2026-09-12T12:41:07-05:00,PUR_IED_PorfirioBarba_Ext_301466,PUR_IED_PorfirioBarba_Ext_301466,,,,,
2026-09-12T12:41:07-05:00,PUR_IED_PorfirioBarba_S11_df6cd2,PUR_IED_PorfirioBarba_S11_df6cd2,,,,,
2026-09-12T12:41:07-05:00,PUR_IED_PorfirioBarba_S29_27a7d6,PUR_IED_PorfirioBarba_S29_27a7d6,,,,,
2026-09-12T12:41:07-05:00,PUR_IED_PradoV_Exter_8b27ad,PUR_IED_PradoV_Exter_8b27ad,,,,,
2026-09-12T12:41:07-05:00,PUR_IED_PradoV_S301_de65b5,PUR_IED_PradoV_S301_de65b5,,,,,
2026-09-12T12:41:07-05:00,PUR_IED_PradoV_S302_7d2593,PUR_IED_PradoV_S302_7d2593,,,,,
2026-09-12T12:41:07-05:00,PUR_IED_QuirogaAlz_Ext_1ddc82,PUR_IED_QuirogaAlz_Ext_1ddc82,,,,,
2026-09-12T12:41:07-05:00,PUR_IED_QuirogaAlz_S302_9926a3,PUR_IED_QuirogaAlz_S302_9926a3,,,,,
2026-09-12T12:41:07-05:00,PUR_IED_QuirogaAlz_S305_cdf1f1,PUR_IED_QuirogaAlz_S305_cdf1f1,,,,,
2026-09-12T12:41:07-05:00,PUR_IED_RGuatemala_Biling_dc53b7,PUR_IED_RGuatemala_Biling_dc53b7,,,,,
2026-09-12T12:41:07-05:00,PUR_IED_RGuatemala_Ext_1b89a3,PUR_IED_RGuatemala_Ext_1b89a3,,,,,
2026-09-12T12:41:07-05:00,PUR_IED_RGuatemala_Tecnol_281a34,PUR_IED_RGuatemala_Tecnol_281a34,,,,,
2026-09-12T12:41:07-05:00,PUR_IED_RafaNu_Ext_f7c302,PUR_IED_RafaNu_Ext_f7c302,,,,,
2026-09-12T12:41:07-05:00,PUR_IED_RafaNu_S1101_25fde,PUR_IED_RafaNu_S1101_25fde,,,,,
2026-09-12T12:41:07-05:00,PUR_IED_RafaNu_S1102_281517,PUR_IED_RafaNu_S1102_281517,,,,,
2026-09-12T12:41:07-05:00,PUR_IED_RafaelB_S305_ee2783,PUR_IED_RafaelB_S305_ee2783,,,,,
2026-09-12T12:41:07-05:00,PUR_IED_RafaelB_S306_75fe33,PUR_IED_RafaelB_S306_75fe33,,,,,
2026-09-12T12:41:07-05:00,PUR_IED_RafaelB_ext_283336,PUR_IED_RafaelB_ext_283336,3,20,54,4.6722,-74.0737
2026-09-12T12:41:07-05:00,PUR_IED_RafaelUU_Exterior_281a51,PUR_IED_RafaelUU_Exterior_281a51,,,,,
2026-09-12T12:41:07-05:00,PUR_IED_RafaelUU_Human_806b2,PUR_IED_RafaelUU_Human_806b2,,,,,
2026-09-12T12:41:07-05:00,PUR_IED_RafaelUU_Mate2_5680d4,PUR_IED_RafaelUU_Mate2_5680d4,,,,,
2026-09-12T12:41:07-05:00,PUR_IED_RamonSub_Ext_f9eeb9,PUR_IED_RamonSub_Ext_f9eeb9,,,,,
2026-09-12T12:41:07-05:00,PUR_IED_RamonSub_Media_d1f62f,PUR_IED_RamonSub_Media_d1f62f,,,,,
2026-09-12T12:41:07-05:00,PUR_IED_RamonSub_planta_51b82,PUR_IED_RamonSub_planta_51b82,,,,,
2026-09-12T12:41:07-05:00,PUR_IED_RepBoliVene_Exter_27af7c,PUR_IED_RepBoliVene_Exter_27af7c,,,,,
2026-09-12T12:41:07-05:00,PUR_IED_RepBoliVene_SCPT_5ae2ee,PUR_IED_RepBoliVene_SCPT_5ae2ee,,,,,
2026-09-12T12:41:07-05:00,PUR_IED_RepBoliVene_Socia_4b11d5,PUR_IED_RepBoliVene_Socia_4b11d5,,,,,
2026-09-12T12:41:07-05:00,PUR_IED_RepChina_Ext_76d9ee,PUR_IED_RepChina_Ext_76d9ee,,,,,
2026-09-12T12:41:07-05:00,PUR_IED_RepChina_S404_7c804c,PUR_IED_RepChina_S404_7c804c,,,,,
2026-09-12T12:41:07-05:00,PUR_IED_RepChina_S405_df2c33,PUR_IED_RepChina_S405_df2c33,,,,,
2026-09-12T12:41:07-05:00,PUR_IED_RepublicaC_Exteri_7d1ec9,PUR_IED_RepublicaC_Exteri_7d1ec9,,,,,
2026-09-12T12:41:07-05:00,PUR_IED_RepublicaC_S1101_f544b3,PUR_IED_RepublicaC_S1101_f544b3,,,,,
2026-09-12T12:41:07-05:00,PUR_IED_RepublicaC_S1102_7aafc7,PUR_IED_RepublicaC_S1102_7aafc7,,,,,
2026-09-12T12:41:07-05:00,PUR_IED_Ricaurte_Externo_a0ea1,PUR_IED_Ricaurte_Externo_a0ea1,,,,,
2026-09-12T12:41:07-05:00,PUR_IED_Ricaurte_S210_f546fd,PUR_IED_Ricaurte_S210_f546fd,,,,,
2026-09-12T12:41:07-05:00,PUR_IED_Ricaurte_S309_d4452,PUR_IED_Ricaurte_S309_d4452,,,,,
2026-09-12T12:41:07-05:00,PUR_IED_RogelioS_1102_531e69,PUR_IED_RogelioS_1102_531e69,,,,,
2026-09-12T12:41:07-05:00,PUR_IED_RogelioS_Ext_f25a18,PUR_IED_RogelioS_Ext_f25a18,,,,,
2026-09-12T12:41:07-05:00,PUR_IED_SBernardino_Ext_27aff8,PUR_IED_SBernardino_Ext_27aff8,,,,,
2026-09-12T12:41:07-05:00,PUR_IED_SBernardino_SArte_2ffd33,PUR_IED_SBernardino_SArte_2ffd33,,,,,
2026-09-12T12:41:07-05:00,PUR_IED_SBernardino_SIngl_7c7da5,PUR_IED_SBernardino_SIngl_7c7da5,,,,,
2026-09-12T12:41:07-05:00,PUR_IED_Sago_auditorio_dc9d1d,PUR_IED_Sago_auditorio_dc9d1d,,,,,
2026-09-12T12:41:07-05:00,PUR_IED_Saludcoop_Ext_95aac3,PUR_IED_Saludcoop_Ext_95aac3,,,,,
2026-09-12T12:41:07-05:00,PUR_IED_Saludcoop_InfI_90c854,PUR_IED_Saludcoop_InfI_90c854,,,,,
2026-09-12T12:41:07-05:00,PUR_IED_Saludcoop_SMedia_1b93be,PUR_IED_Saludcoop_SMedia_1b93be,,,,,
2026-09-12T12:41:07-05:00,PUR_IED_SanCarlos_1101_1a2360,PUR_IED_SanCarlos_1101_1a2360,,,,,
2026-09-12T12:41:07-05:00,PUR_IED_SanCarlos_1103_7bafb5,PUR_IED_SanCarlos_1103_7bafb5,,,,,
2026-09-12T12:41:07-05:00,PUR_IED_SanCarlos_Ext_b7cd1,PUR_IED_SanCarlos_Ext_b7cd1,,,,,
2026-09-12T12:41:07-05:00,PUR_IED_SanIgnacioBosa11a_50c26e,PUR_IED_SanIgnacioBosa11a_50c26e,,,,,
2026-09-12T12:41:07-05:00,PUR_IED_SanIgnacioBosa11b_371de8,PUR_IED_SanIgnacioBosa11b_371de8,,,,,
2026-09-12T12:41:07-05:00,PUR_IED_SanIgnacioBosaExt_ef0ffc,PUR_IED_SanIgnacioBosaExt_ef0ffc,,,,,
2026-09-12T12:41:07-05:00,PUR_IED_SanIgnacioBosa_11a_50c26e,PUR_IED_SanIgnacioBosa_11a_50c26e,,,,,
2026-09-12T12:41:07-05:00,PUR_IED_SanIgnacioBosa_Ext_ef0ffc,PUR_IED_SanIgnacioBosa_Ext_ef0ffc,,,,,
2026-09-12T12:41:07-05:00,PUR_IED_SanJoseN_intS1101_31c47f,PUR_IED_SanJoseN_intS1101_31c47f,,,,,
2026-09-12T12:41:07-05:00,PUR_IED_SanJoseUsm_Exter_f5d7e8,PUR_IED_SanJoseUsm_Exter_f5d7e8,,,,,
2026-09-12T12:41:07-05:00,PUR_IED_SanJoseUsm_Int11A_cfdef6,PUR_IED_SanJoseUsm_Int11A_cfdef6,,,,,
2026-09-12T12:41:07-05:00,PUR_IED_SilveriaR_IntB5_905349,PUR_IED_SilveriaR_IntB5_905349,,,,,
2026-09-12T12:41:07-05:00,PUR_IED_SilveriaR_IntSD14_981f93,PUR_IED_SilveriaR_IntSD14_981f93,,,,,
2026-09-12T12:41:07-05:00,PUR_IED_SilveriaR_ext_2b651d,PUR_IED_SilveriaR_ext_2b651d,,,,,
2026-09-12T12:41:07-05:00,PUR_IED_SimonB_Exterior_913975,PUR_IED_SimonB_Exterior_913975,,,,,
2026-09-12T12:41:07-05:00,PUR_IED_SimonB_LabQuimi_c56908,PUR_IED_SimonB_LabQuimi_c56908,,,,,
2026-09-12T12:41:07-05:00,PUR_IED_SimonB_informatic_a28c1,PUR_IED_SimonB_informatic_a28c1,,,,,
2026-09-12T12:41:07-05:00,PUR_IED_Sorrento_1102_315f50,PUR_IED_Sorrento_1102_315f50,,,,,
2026-09-12T12:41:07-05:00,PUR_IED_Sorrento_Minte_214eab,PUR_IED_Sorrento_Minte_214eab,,,,,
2026-09-12T12:41:07-05:00,PUR_IED_Sorrento_ext_7c3a0a,PUR_IED_Sorrento_ext_7c3a0a,,,,,
2026-09-12T12:41:07-05:00,PUR_IED_Tabora_Ext_f048ae,PUR_IED_Tabora_Ext_f048ae,,,,,
2026-09-12T12:41:07-05:00,PUR_IED_Tabora_S1102_b07752,PUR_IED_Tabora_S1102_b07752,,,,,
2026-09-12T12:41:07-05:00,PUR_IED_Tabora_S1103_d988f5,PUR_IED_Tabora_S1103_d988f5,,,,,
2026-09-12T12:41:07-05:00,PUR_IED_Tenerife_Ext_1ab188,PUR_IED_Tenerife_Ext_1ab188,,,,,
2026-09-12T12:41:07-05:00,PUR_IED_Tenerife_SDanzas_7bc02e,PUR_IED_Tenerife_SDanzas_7bc02e,,,,,
2026-09-12T12:41:07-05:00,PUR_IED_Tenerife_SIngles_7cc277,PUR_IED_Tenerife_SIngles_7cc277,,,,,
2026-09-12T12:41:07-05:00,PUR_IED_Tibabuyes_Exter_f2683d,PUR_IED_Tibabuyes_Exter_f2683d,,,,,
2026-09-12T12:41:07-05:00,PUR_IED_Tibabuyes_S10_dc87a8,PUR_IED_Tibabuyes_S10_dc87a8,,,,,
2026-09-12T12:41:07-05:00,PUR_IED_Tibabuyes_S15_dc0526,PUR_IED_Tibabuyes_S15_dc0526,,,,,
2026-09-12T12:41:07-05:00,PUR_IED_UnionE_S301_a1043,PUR_IED_UnionE_S301_a1043,,,,,
2026-09-12T12:41:07-05:00,PUR_IED_UnionE_S307_ff6c2f,PUR_IED_UnionE_S307_ff6c2f,,,,,
2026-09-12T12:41:07-05:00,PUR_IED_UnionE__Ext_5e2468,PUR_IED_UnionE__Ext_5e2468,,,,,
2026-09-12T12:41:07-05:00,PUR_IED_VillaRica_Ext_75be7c,PUR_IED_VillaRica_Ext_75be7c,,,,,
2026-09-12T12:41:07-05:00,PUR_IED_VillaRica_S4_cc5dcd,PUR_IED_VillaRica_S4_cc5dcd,,,,,
2026-09-12T12:41:07-05:00,PUR_IED_VillaRica_Sesp_99f5c,PUR_IED_VillaRica_Sesp_99f5c,,,,,
2026-09-12T12:46:12-05:00,PUR_IED_20deJulio_1101_91b1b9,PUR_IED_20deJulio_1101_91b1b9,,,,,
2026-09-12T12:46:12-05:00,PUR_IED_20deJulio_1102_1cfcf9,PUR_IED_20deJulio_1102_1cfcf9,,,,,
2026-09-12T12:46:12-05:00,PUR_IED_20deJulio_Ext_ab60bd,PUR_IED_20deJulio_Ext_ab60bd,,,,,
2026-09-12T12:46:12-05:00,PUR_IED_AgustinFer_Ext_7b9b77,PUR_IED_AgustinFer_Ext_7b9b77,,,,,
2026-09-12T12:46:12-05:00,PUR_IED_AgustinFer_Info2_27b3a7,PUR_IED_AgustinFer_Info2_27b3a7,,,,,
2026-09-12T12:46:12-05:00,PUR_IED_AgustinFer_Sena_54b4eb,PUR_IED_AgustinFer_Sena_54b4eb,,,,,
2026-09-12T12:46:12-05:00,PUR_IED_AlexanderF_1102_caf07b,PUR_IED_AlexanderF_1102_caf07b,,,,,
2026-09-12T12:46:12-05:00,PUR_IED_AlexanderF_1103_c79e71,PUR_IED_AlexanderF_1103_c79e71,,,,,
2026-09-12T12:46:12-05:00,PUR_IED_AlexanderF_Ext_c5b18b,PUR_IED_AlexanderF_Ext_c5b18b,,,,,
2026-09-12T12:46:12-05:00,PUR_IED_AlfonsoLopez_Ext_281d77,PUR_IED_AlfonsoLopez_Ext_281d77,,,,,
2026-09-12T12:46:12-05:00,PUR_IED_AlfonsoLopez_LabF_888ce0,PUR_IED_AlfonsoLopez_LabF_888ce0,,,,,
2026-09-12T12:46:12-05:00,PUR_IED_AlfonsoLopez_SMed_df6a7f,PUR_IED_AlfonsoLopez_SMed_df6a7f,,,,,
2026-09-12T12:46:12-05:00,PUR_IED_AltamiraSO_A2_209f92,PUR_IED_AltamiraSO_A2_209f92,,,,,
2026-09-12T12:46:12-05:00,PUR_IED_AltamiraSO_Ext_186d66,PUR_IED_AltamiraSO_Ext_186d66,,,,,
2026-09-12T12:46:12-05:00,PUR_IED_AltamiraSO_Sistem_27afe1,PUR_IED_AltamiraSO_Sistem_27afe1,,,,,
2026-09-12T12:46:12-05:00,PUR_IED_AlvaroGom_LabQuim_813179,PUR_IED_AlvaroGom_LabQuim_813179,,,,,
2026-09-12T12:46:12-05:00,PUR_IED_AlvaroGomez_Ext_47c7ca,PUR_IED_AlvaroGomez_Ext_47c7ca,,,,,
2026-09-12T12:46:12-05:00,PUR_IED_AlvaroGomez_LabQuim_813179,PUR_IED_AlvaroGomez_LabQuim_813179,,,,,
2026-09-12T12:46:12-05:00,PUR_IED_AlvaroGomez_S23_7ba89f,PUR_IED_AlvaroGomez_S23_7ba89f,,,,,
2026-09-12T12:46:12-05:00,PUR_IED_Amistad_306_dc8728,PUR_IED_Amistad_306_dc8728,,,,,
2026-09-12T12:46:12-05:00,PUR_IED_Amistad_Ext_8cd55e,PUR_IED_Amistad_Ext_8cd55e,,,,,
2026-09-12T12:46:12-05:00,PUR_IED_Amistad_S202_a41169,PUR_IED_Amistad_S202_a41169,,,,,
2026-09-12T12:46:12-05:00,PUR_IED_AndresBello_Bio_fd5f5e,PUR_IED_AndresBello_Bio_fd5f5e,,,,,
2026-09-12T12:46:12-05:00,PUR_IED_AndresBello_ext_dcad65,PUR_IED_AndresBello_ext_dcad65,,,,,
2026-09-12T12:46:12-05:00,PUR_IED_AndresBello_port_eed3ec,PUR_IED_AndresBello_port_eed3ec,,,,,
2026-09-12T12:46:12-05:00,PUR_IED_AngelaR_11b_d90a6b,PUR_IED_AngelaR_11b_d90a6b,,,,,
2026-09-12T12:46:12-05:00,PUR_IED_AngelaR_ext_7cad3e,PUR_IED_AngelaR_ext_7cad3e,2,22,55,4.5825,-74.164497
2026-09-12T12:46:12-05:00,PUR_IED_AntJoseSucre_10mo_df2575,PUR_IED_AntJoseSucre_10mo_df2575,,,,,
2026-09-12T12:46:12-05:00,PUR_IED_AntJoseSucre_Ext_215b36,PUR_IED_AntJoseSucre_Ext_215b36,,,,,
2026-09-12T12:46:12-05:00,PUR_IED_AntJoseSucre_Lab_3139de,PUR_IED_AntJoseSucre_Lab_3139de,,,,,
2026-09-12T12:46:12-05:00,PUR_IED_AntonioGarcia_301_d6b188,PUR_IED_AntonioGarcia_301_d6b188,,,,,
2026-09-12T12:46:12-05:00,PUR_IED_AntonioGarcia_302_88a82,PUR_IED_AntonioGarcia_302_88a82,,,,,
2026-09-12T12:46:12-05:00,PUR_IED_AntonioGarcia_Ext_20950c,PUR_IED_AntonioGarcia_Ext_20950c,,,,,
2026-09-12T12:46:12-05:00,PUR_IED_AntonioVan_Aula2_6dea02,PUR_IED_AntonioVan_Aula2_6dea02,,,,,
2026-09-12T12:46:12-05:00,PUR_IED_AntonioVan_Aula5_f1557e,PUR_IED_AntonioVan_Aula5_f1557e,,,,,
2026-09-12T12:46:12-05:00,PUR_IED_AntonioVan_Ext_406f2f,PUR_IED_AntonioVan_Ext_406f2f,,,,,
2026-09-12T12:46:12-05:00,PUR_IED_Atabanzha_Ext_cc5af9,PUR_IED_Atabanzha_Ext_cc5af9,,,,,
2026-09-12T12:46:12-05:00,PUR_IED_Atabanzha_SA101_56c37,PUR_IED_Atabanzha_SA101_56c37,,,,,
2026-09-12T12:46:12-05:00,PUR_IED_Atabanzha_SB302_27b374,PUR_IED_Atabanzha_SB302_27b374,,,,,
2026-09-12T12:46:12-05:00,PUR_IED_Atahualpa_Ext_fc1748,PUR_IED_Atahualpa_Ext_fc1748,,,,,
2026-09-12T12:46:12-05:00,PUR_IED_Atahualpa_Informa_dc9a95,PUR_IED_Atahualpa_Informa_dc9a95,,,,,
2026-09-12T12:46:12-05:00,PUR_IED_Atahualpa_S1101_f98056,PUR_IED_Atahualpa_S1101_f98056,,,,,
2026-09-12T12:46:12-05:00,PUR_IED_Bellavista_Ext_f5aa74,PUR_IED_Bellavista_Ext_f5aa74,,,,,
2026-09-12T12:46:12-05:00,PUR_IED_Bilbao_11A_916c41,PUR_IED_Bilbao_11A_916c41,,,,,
2026-09-12T12:46:12-05:00,PUR_IED_Bilbao_Ext_fb579a,PUR_IED_Bilbao_Ext_fb579a,,,,,
2026-09-12T12:46:12-05:00,PUR_IED_BrasiliaU_A125_304280,PUR_IED_BrasiliaU_A125_304280,,,,,
2026-09-12T12:46:12-05:00,PUR_IED_BrasiliaU_A203_7c8ca5,PUR_IED_BrasiliaU_A203_7c8ca5,,,,,
2026-09-12T12:46:12-05:00,PUR_IED_BrasiliaU_Ext_8d6e9f,PUR_IED_BrasiliaU_Ext_8d6e9f,5,20,58,4.5175,-74.116302
2026-09-12T12:46:12-05:00,PUR_IED_Brasilia_Ext_fe6593,PUR_IED_Brasilia_Ext_fe6593,,,,,
2026-09-12T12:46:12-05:00,PUR_IED_Brasilia_S24_7c130d,PUR_IED_Brasilia_S24_7c130d,,,,,
2026-09-12T12:46:12-05:00,PUR_IED_Brasilia_S501_186a54,PUR_IED_Brasilia_S501_186a54,,,,,
2026-09-12T12:46:12-05:00,PUR_IED_CHARRY_EXT_f1d5cd,PUR_IED_CHARRY_EXT_f1d5cd,,,,,
2026-09-12T12:46:12-05:00,PUR_IED_CHARRY_INTDANZAS_7a08e6,PUR_IED_CHARRY_INTDANZAS_7a08e6,,,,,
2026-09-12T12:46:12-05:00,PUR_IED_CHARRY_INT_AULA20_dc998d,PUR_IED_CHARRY_INT_AULA20_dc998d,,,,,
2026-09-12T12:46:12-05:00,PUR_IED_COLVIV_1101_S25_7f520a,PUR_IED_COLVIV_1101_S25_7f520a,,,,,
2026-09-12T12:46:12-05:00,PUR_IED_COLVIV_1102_S16_f570ba,PUR_IED_COLVIV_1102_S16_f570ba,,,,,
2026-09-12T12:46:12-05:00,PUR_IED_COLVIV_Ext_1a26fa,PUR_IED_COLVIV_Ext_1a26fa,,,,,
2026-09-12T12:46:12-05:00,PUR_IED_CULPOP_301A_f660f3,PUR_IED_CULPOP_301A_f660f3,,,,,
2026-09-12T12:46:12-05:00,PUR_IED_CULPOP_303_568afe,PUR_IED_CULPOP_303_568afe,,,,,
2026-09-12T12:46:12-05:00,PUR_IED_CULPOP_Ext_e02ccb,PUR_IED_CULPOP_Ext_e02ccb,,,,,
2026-09-12T12:46:12-05:00,PUR_IED_CVillavicen_Ext_26eb58,PUR_IED_CVillavicen_Ext_26eb58,4,17,77,4.487,-74.102798
2026-09-12T12:46:12-05:00,PUR_IED_CVillavicen_Intel_1ce5c2,PUR_IED_CVillavicen_Intel_1ce5c2,,,,,
2026-09-12T12:46:12-05:00,PUR_IED_CVillavicen_Poliv_e0766c,PUR_IED_CVillavicen_Poliv_e0766c,,,,,
2026-09-12T12:46:12-05:00,PUR_IED_CVillavicen_int_1ba140,PUR_IED_CVillavicen_int_1ba140,,,,,
2026-09-12T12:46:12-05:00,PUR_IED_CVillavicen_intel_1ba140,PUR_IED_CVillavicen_intel_1ba140,,,,,
2026-09-12T12:46:12-05:00,PUR_IED_CarlosPizarro_Ext_e307cc,PUR_IED_CarlosPizarro_Ext_e307cc,,,,,
2026-09-12T12:46:12-05:00,PUR_IED_CarlosPizarro_L36_7e5cdb,PUR_IED_CarlosPizarro_L36_7e5cdb,,,,,
2026-09-12T12:46:12-05:00,PUR_IED_CarlosPizarro_L37_c8566c,PUR_IED_CarlosPizarro_L37_c8566c,,,,,
2026-09-12T12:46:12-05:00,PUR_IED_Castilla_Ext_cf35f,PUR_IED_Castilla_Ext_cf35f,,,,,
2026-09-12T12:46:12-05:00,PUR_IED_Castilla_SFisik_360e38,PUR_IED_Castilla_SFisik_360e38,,,,,
2026-09-12T12:46:12-05:00,PUR_IED_Castilla_Sc304_496fbf,PUR_IED_Castilla_Sc304_496fbf,,,,,
2026-09-12T12:46:12-05:00,PUR_IED_CervantesSa_Ext_6b57b,PUR_IED_CervantesSa_Ext_6b57b,3,20,67,4.5128,-74.117203
2026-09-12T12:46:12-05:00,PUR_IED_CervantesSa_S107_225c2b,PUR_IED_CervantesSa_S107_225c2b,,,,,
2026-09-12T12:46:12-05:00,PUR_IED_CervantesSa_S108_940925,PUR_IED_CervantesSa_S108_940925,,,,,
2026-09-12T12:46:12-05:00,PUR_IED_Charry_A20_f53e7c,PUR_IED_Charry_A20_f53e7c,,,,,
2026-09-12T12:46:12-05:00,PUR_IED_Charry_Ext_f1d5cd,PUR_IED_Charry_Ext_f1d5cd,,,,,
2026-09-12T12:46:12-05:00,PUR_IED_Charry_IntAula20_dc998d,PUR_IED_Charry_IntAula20_dc998d,,,,,
2026-09-12T12:46:12-05:00,PUR_IED_Charry_IntDanzas_7a08e6,PUR_IED_Charry_IntDanzas_7a08e6,,,,,
2026-09-12T12:46:12-05:00,PUR_IED_ClememciaC_203_43e2fc,PUR_IED_ClememciaC_203_43e2fc,,,,,
2026-09-12T12:46:12-05:00,PUR_IED_ClememciaC_Ext_1b411a,PUR_IED_ClememciaC_Ext_1b411a,,,,,
2026-09-12T12:46:12-05:00,PUR_IED_ClememciaC_Quimic_44b5fc,PUR_IED_ClememciaC_Quimic_44b5fc,,,,,
2026-09-12T12:46:12-05:00,PUR_IED_ClemenciaC_203_43e2fc,PUR_IED_ClemenciaC_203_43e2fc,,,,,
2026-09-12T12:46:12-05:00,PUR_IED_ClemenciaC_Ext_1b411a,PUR_IED_ClemenciaC_Ext_1b411a,,,,,
2026-09-12T12:46:12-05:00,PUR_IED_ClemenciaC_Quimic_44b5fc,PUR_IED_ClemenciaC_Quimic_44b5fc,,,,,
2026-09-12T12:46:12-05:00,PUR_IED_ColViva_1101_S25_7f520a,PUR_IED_ColViva_1101_S25_7f520a,,,,,
2026-09-12T12:46:12-05:00,PUR_IED_ColViva_1102_S16_f570ba,PUR_IED_ColViva_1102_S16_f570ba,,,,,
2026-09-12T12:46:12-05:00,PUR_IED_ColViva_Ext_1a26fa,PUR_IED_ColViva_Ext_1a26fa,,,,,
2026-09-12T12:46:12-05:00,PUR_IED_ColegioBici_Asist_7c8798,PUR_IED_ColegioBici_Asist_7c8798,,,,,
2026-09-12T12:46:12-05:00,PUR_IED_ColegioBici_Ext_25cbf6,PUR_IED_ColegioBici_Ext_25cbf6,,,,,
2026-09-12T12:46:12-05:00,PUR_IED_ColegioBici_LabQ_7b57db,PUR_IED_ColegioBici_LabQ_7b57db,,,,,
2026-09-12T12:46:12-05:00,PUR_IED_CostaRica_Ext_5e640,PUR_IED_CostaRica_Ext_5e640,,,,,
2026-09-12T12:46:12-05:00,PUR_IED_CostaRica_Quim1_766d1c,PUR_IED_CostaRica_Quim1_766d1c,,,,,
2026-09-12T12:46:12-05:00,PUR_IED_CostaRica__Fisica_6f0873,PUR_IED_CostaRica__Fisica_6f0873,,,,,
2026-09-12T12:46:12-05:00,PUR_IED_CulPopu_301A_f660f3,PUR_IED_CulPopu_301A_f660f3,,,,,
2026-09-12T12:46:12-05:00,PUR_IED_CulPopu_303_568afe,PUR_IED_CulPopu_303_568afe,,,,,
2026-09-12T12:46:12-05:00,PUR_IED_CulPopu_Ext_e02ccb,PUR_IED_CulPopu_Ext_e02ccb,,,,,
2026-09-12T12:46:12-05:00,PUR_IED_Cundinamarca_Ext_f15985,PUR_IED_Cundinamarca_Ext_f15985,,,,,
2026-09-12T12:46:12-05:00,PUR_IED_Cundinamarca_Info_7aa5d7,PUR_IED_Cundinamarca_Info_7aa5d7,,,,,
2026-09-12T12:46:12-05:00,PUR_IED_Cundinamarca_Tec2_f449c7,PUR_IED_Cundinamarca_Tec2_f449c7,,,,,
2026-09-12T12:46:12-05:00,PUR_IED_DiegoM_Aula1_27b314,PUR_IED_DiegoM_Aula1_27b314,,,,,
2026-09-12T12:46:12-05:00,PUR_IED_DiegoM_Ext_d80ac8,PUR_IED_DiegoM_Ext_d80ac8,,,,,
2026-09-12T12:46:12-05:00,PUR_IED_DiegoM_S25_da928f,PUR_IED_DiegoM_S25_da928f,,,,,
2026-09-12T12:46:12-05:00,PUR_IED_ELRODEO_360881,PUR_IED_ELRODEO_360881,,,,,
2026-09-12T12:46:12-05:00,PUR_IED_ELRODEO_ext_360881,PUR_IED_ELRODEO_ext_360881,,,,,
2026-09-12T12:46:12-05:00,PUR_IED_EduardoU_Ext_1c1969,PUR_IED_EduardoU_Ext_1c1969,,,,,
2026-09-12T12:46:12-05:00,PUR_IED_EduardoU_SCiencia_4dfb94,PUR_IED_EduardoU_SCiencia_4dfb94,,,,,
2026-09-12T12:46:12-05:00,PUR_IED_EduardoU_SQuimica_5a46e7,PUR_IED_EduardoU_SQuimica_5a46e7,,,,,
2026-09-12T12:46:12-05:00,PUR_IED_ElRodeo_Aula14_676984,PUR_IED_ElRodeo_Aula14_676984,,,,,
2026-09-12T12:46:12-05:00,PUR_IED_ElRodeo_Aula16_2dd35b,PUR_IED_ElRodeo_Aula16_2dd35b,,,,,
2026-09-12T12:46:12-05:00,PUR_IED_ElRodeo_Ext_360881,PUR_IED_ElRodeo_Ext_360881,,,,,
2026-09-12T12:46:12-05:00,PUR_IED_ElRodeo_Exterior_8c6d28,PUR_IED_ElRodeo_Exterior_8c6d28,,,,,
2026-09-12T12:46:12-05:00,PUR_IED_ElRodeo_ext_360881,PUR_IED_ElRodeo_ext_360881,,,,,
2026-09-12T12:46:12-05:00,PUR_IED_EmmaReyes_Ext_987625,PUR_IED_EmmaReyes_Ext_987625,2,22,47,4.6367,-74.1511
2026-09-12T12:46:12-05:00,PUR_IED_Ensueño_Ext_7f0250,PUR_IED_Ensueño_Ext_7f0250,,,,,
2026-09-12T12:46:12-05:00,PUR_IED_EscNormal_Ext_5fef3b,PUR_IED_EscNormal_Ext_5fef3b,2,24,48,4.5852,-74.096901
2026-09-12T12:46:12-05:00,PUR_IED_EscNormal_S309_5b263,PUR_IED_EscNormal_S309_5b263,,,,,
2026-09-12T12:46:12-05:00,PUR_IED_EscNormal_S310_27b3b8,PUR_IED_EscNormal_S310_27b3b8,,,,,
2026-09-12T12:46:12-05:00,PUR_IED_Evangelista_Conta_f6cd4f,PUR_IED_Evangelista_Conta_f6cd4f,,,,,
2026-09-12T12:46:12-05:00,PUR_IED_Evangelista_Cri_5e16a,PUR_IED_Evangelista_Cri_5e16a,,,,,
2026-09-12T12:46:12-05:00,PUR_IED_Evangelista_Exter_754066,PUR_IED_Evangelista_Exter_754066,,,,,
2026-09-12T12:46:12-05:00,PUR_IED_FMiranda_S209_5cc2a3,PUR_IED_FMiranda_S209_5cc2a3,,,,,
2026-09-12T12:46:12-05:00,PUR_IED_FMiranda_S303_19e344,PUR_IED_FMiranda_S303_19e344,,,,,
2026-09-12T12:46:12-05:00,PUR_IED_FMiranda_ext_f53e7c,PUR_IED_FMiranda_ext_f53e7c,,,,,
2026-09-12T12:46:12-05:00,PUR_IED_FabioLozano_Bibli_1cee05,PUR_IED_FabioLozano_Bibli_1cee05,,,,,
2026-09-12T12:46:12-05:00,PUR_IED_FabioLozano_Ext_6ea285,PUR_IED_FabioLozano_Ext_6ea285,,,,,
2026-09-12T12:46:12-05:00,PUR_IED_FabioLozano_SLudi_f09e1e,PUR_IED_FabioLozano_SLudi_f09e1e,,,,,
2026-09-12T12:46:12-05:00,PUR_IED_FaustinoS_Aula07_27a731,PUR_IED_FaustinoS_Aula07_27a731,,,,,
2026-09-12T12:46:12-05:00,PUR_IED_FaustinoS_Ext_7b936f,PUR_IED_FaustinoS_Ext_7b936f,,,,,
2026-09-12T12:46:12-05:00,PUR_IED_FaustinoS_Fisica_da2c60,PUR_IED_FaustinoS_Fisica_da2c60,,,,,
2026-09-12T12:46:12-05:00,PUR_IED_FeGarciaLo_Ext_dc68ee,PUR_IED_FeGarciaLo_Ext_dc68ee,,,,,
2026-09-12T12:46:12-05:00,PUR_IED_FeGarciaLo_SDanza_f70a59,PUR_IED_FeGarciaLo_SDanza_f70a59,,,,,
2026-09-12T12:46:12-05:00,PUR_IED_FeGarciaLo_SMusic_125cdd,PUR_IED_FeGarciaLo_SMusic_125cdd,,,,,
2026-09-12T12:46:12-05:00,PUR_IED_FederalAlema_Exte_50c345,PUR_IED_FederalAlema_Exte_50c345,,,,,
2026-09-12T12:46:12-05:00,PUR_IED_FederalAlema_S31_f18371,PUR_IED_FederalAlema_S31_f18371,,,,,
2026-09-12T12:46:12-05:00,PUR_IED_FederalAlema_S901_a62cd,PUR_IED_FederalAlema_S901_a62cd,,,,,
2026-09-12T12:46:12-05:00,PUR_IED_FilarmonicaS_A5_f35eb1,PUR_IED_FilarmonicaS_A5_f35eb1,,,,,
2026-09-12T12:46:12-05:00,PUR_IED_FilarmonicaS_Ext_8a3bde,PUR_IED_FilarmonicaS_Ext_8a3bde,,,,,
2026-09-12T12:46:12-05:00,PUR_IED_FilarmonicaS_Spol_406114,PUR_IED_FilarmonicaS_Spol_406114,,,,,
2026-09-12T12:46:12-05:00,PUR_IED_FlorentinoG_A13_d1fa59,PUR_IED_FlorentinoG_A13_d1fa59,,,,,
2026-09-12T12:46:12-05:00,PUR_IED_FlorentinoG_Ext_1ce6ce,PUR_IED_FlorentinoG_Ext_1ce6ce,,,,,
2026-09-12T12:46:12-05:00,PUR_IED_FlorentinoG_Idiom_a66aac,PUR_IED_FlorentinoG_Idiom_a66aac,,,,,
2026-09-12T12:46:12-05:00,PUR_IED_FranciscoMati_Ext_e3869d,PUR_IED_FranciscoMati_Ext_e3869d,,,,,
2026-09-12T12:46:12-05:00,PUR_IED_FranciscoMati_S13_f31c67,PUR_IED_FranciscoMati_S13_f31c67,,,,,
2026-09-12T12:46:12-05:00,PUR_IED_FranciscoMati_S14_97dead,PUR_IED_FranciscoMati_S14_97dead,,,,,
2026-09-12T12:46:12-05:00,PUR_IED_FranciscoPS_Ext_7bfa9a,PUR_IED_FranciscoPS_Ext_7bfa9a,2,24,49,4.5899,-74.110397
2026-09-12T12:46:12-05:00,PUR_IED_FranciscoPS_Infor_fb8f4c,PUR_IED_FranciscoPS_Infor_fb8f4c,,,,,
2026-09-12T12:46:12-05:00,PUR_IED_FranciscoPS_Quimi_94d39c,PUR_IED_FranciscoPS_Quimi_94d39c,,,,,
2026-09-12T12:46:12-05:00,PUR_IED_FranciscoP_LabQ_d7e148,PUR_IED_FranciscoP_LabQ_d7e148,,,,,
2026-09-12T12:46:12-05:00,PUR_IED_FranciscoP_S28_cf9b30,PUR_IED_FranciscoP_S28_cf9b30,,,,,
2026-09-12T12:46:12-05:00,PUR_IED_FranciscoP_ext_e2313,PUR_IED_FranciscoP_ext_e2313,,,,,
2026-09-12T12:46:12-05:00,PUR_IED_FriederichN_Ext_8ac92a,PUR_IED_FriederichN_Ext_8ac92a,,,,,
2026-09-12T12:46:12-05:00,PUR_IED_FriederichN_S301_dd7e5a,PUR_IED_FriederichN_S301_dd7e5a,,,,,
2026-09-12T12:46:12-05:00,PUR_IED_FriederichN_S308_761f4f,PUR_IED_FriederichN_S308_761f4f,,,,,
2026-09-12T12:46:12-05:00,PUR_IED_GSantander_Aula10_533dd7,PUR_IED_GSantander_Aula10_533dd7,,,,,
2026-09-12T12:46:12-05:00,PUR_IED_GSantander_Aula12_fd4e4f,PUR_IED_GSantander_Aula12_fd4e4f,,,,,
2026-09-12T12:46:12-05:00,PUR_IED_GSantander_Aula310_533dd7,PUR_IED_GSantander_Aula310_533dd7,,,,,
2026-09-12T12:46:12-05:00,PUR_IED_GSantander_Aula312_fd4e4f,PUR_IED_GSantander_Aula312_fd4e4f,,,,,
2026-09-12T12:46:12-05:00,PUR_IED_GSantander_Ext_5f66b0,PUR_IED_GSantander_Ext_5f66b0,,,,,
2026-09-12T12:46:12-05:00,PUR_IED_GYomasa_Ext_f6bea5,PUR_IED_GYomasa_Ext_f6bea5,,,,,
2026-09-12T12:46:12-05:00,PUR_IED_GYomasa_LBiol_2c41aa,PUR_IED_GYomasa_LBiol_2c41aa,,,,,
2026-09-12T12:46:12-05:00,PUR_IED_GYomasa_LQuim_33c80,PUR_IED_GYomasa_LQuim_33c80,,,,,
2026-09-12T12:46:12-05:00,PUR_IED_GabBetMejia_Cienc_5a99c,PUR_IED_GabBetMejia_Cienc_5a99c,,,,,
2026-09-12T12:46:12-05:00,PUR_IED_GabBetMejia_Ext_9153d0,PUR_IED_GabBetMejia_Ext_9153d0,,,,,
2026-09-12T12:46:12-05:00,PUR_IED_GabBetMejia_Lab_f55347,PUR_IED_GabBetMejia_Lab_f55347,,,,,
2026-09-12T12:46:12-05:00,PUR_IED_GabBetanMejia_Ext_9153d0,PUR_IED_GabBetanMejia_Ext_9153d0,,,,,
2026-09-12T12:46:12-05:00,PUR_IED_Gaitana_Aula13_7aac11,PUR_IED_Gaitana_Aula13_7aac11,,,,,
2026-09-12T12:46:12-05:00,PUR_IED_Gaitana_Ext_5fcf4,PUR_IED_Gaitana_Ext_5fcf4,,,,,
2026-09-12T12:46:12-05:00,PUR_IED_Gaitana_LabFisica_644448,PUR_IED_Gaitana_LabFisica_644448,,,,,
2026-09-12T12:46:12-05:00,PUR_IED_GenSantander_Dise_8ac858,PUR_IED_GenSantander_Dise_8ac858,,,,,
2026-09-12T12:46:12-05:00,PUR_IED_GenSantander_Ext_8d5dfe,PUR_IED_GenSantander_Ext_8d5dfe,,,,,
2026-09-12T12:46:12-05:00,PUR_IED_GenSantander_Info_6c25b,PUR_IED_GenSantander_Info_6c25b,,,,,
2026-09-12T12:46:12-05:00,PUR_IED_GustavoMo_Exterio_75e63d,PUR_IED_GustavoMo_Exterio_75e63d,,,,,
2026-09-12T12:46:12-05:00,PUR_IED_GustavoMo_LabFisi_224d37,PUR_IED_GustavoMo_LabFisi_224d37,,,,,
2026-09-12T12:46:12-05:00,PUR_IED_GustavoMo_S208_3e6918,PUR_IED_GustavoMo_S208_3e6918,,,,,
2026-09-12T12:46:12-05:00,PUR_IED_GustavoR_A02_8cd4a8,PUR_IED_GustavoR_A02_8cd4a8,,,,,
2026-09-12T12:46:12-05:00,PUR_IED_GustavoR_B11_5b0ed,PUR_IED_GustavoR_B11_5b0ed,,,,,
2026-09-12T12:46:12-05:00,PUR_IED_GustavoR_Ext_7a0c90,PUR_IED_GustavoR_Ext_7a0c90,,,,,
2026-09-12T12:46:12-05:00,PUR_IED_HernandoDuran_Ext_8cd82b,PUR_IED_HernandoDuran_Ext_8cd82b,,,,,
2026-09-12T12:46:12-05:00,PUR_IED_HernandoDuran_S24_2772c6,PUR_IED_HernandoDuran_S24_2772c6,,,,,
2026-09-12T12:46:12-05:00,PUR_IED_HernandoDuran_S30_f2de41,PUR_IED_HernandoDuran_S30_f2de41,,,,,
2026-09-12T12:46:12-05:00,PUR_IED_HolguInUr_S1101_8cd732,PUR_IED_HolguInUr_S1101_8cd732,,,,,
2026-09-12T12:46:12-05:00,PUR_IED_HolguinUr_Exter_ddae6d,PUR_IED_HolguinUr_Exter_ddae6d,,,,,
2026-09-12T12:46:12-05:00,PUR_IED_HolguinUr_LabQuim_92b952,PUR_IED_HolguinUr_LabQuim_92b952,,,,,
2026-09-12T12:46:12-05:00,PUR_IED_Isabel-II_Ext_5245cc,PUR_IED_Isabel-II_Ext_5245cc,2,21,49,4.6336,-74.153
2026-09-12T12:46:12-05:00,PUR_IED_Isabel-II_S_idiom_1c29aa,PUR_IED_Isabel-II_S_idiom_1c29aa,,,,,
2026-09-12T12:46:12-05:00,PUR_IED_Isabel-II_S_infor_fd741,PUR_IED_Isabel-II_S_infor_fd741,,,,,
2026-09-12T12:46:12-05:00,PUR_IED_IsidroSur_Exterio_5b90ea,PUR_IED_IsidroSur_Exterio_5b90ea,,,,,
2026-09-12T12:46:12-05:00,PUR_IED_IsidroSur_LabTec_56697a,PUR_IED_IsidroSur_LabTec_56697a,,,,,
2026-09-12T12:46:12-05:00,PUR_IED_IsidroSur_Robotic_b7c38f,PUR_IED_IsidroSur_Robotic_b7c38f,,,,,
2026-09-12T12:46:12-05:00,PUR_IED_IsmaelPerd_Ext_7b6672,PUR_IED_IsmaelPerd_Ext_7b6672,,,,,
2026-09-12T12:46:12-05:00,PUR_IED_IsmaelPerd_Inform_306540,PUR_IED_IsmaelPerd_Inform_306540,,,,,
2026-09-12T12:46:12-05:00,PUR_IED_IsmaelPerd_S30_2e2c83,PUR_IED_IsmaelPerd_S30_2e2c83,,,,,
2026-09-12T12:46:12-05:00,PUR_IED_JLozano_Exter_432910,PUR_IED_JLozano_Exter_432910,,,,,
2026-09-12T12:46:12-05:00,PUR_IED_JLozano_salaMulti_df5125,PUR_IED_JLozano_salaMulti_df5125,,,,,
2026-09-12T12:46:12-05:00,PUR_IED_JMCordoba_206_86f80b,PUR_IED_JMCordoba_206_86f80b,,,,,
2026-09-12T12:46:12-05:00,PUR_IED_JMCordoba_Ext_27ad97,PUR_IED_JMCordoba_Ext_27ad97,,,,,
2026-09-12T12:46:12-05:00,PUR_IED_JMCordoba_S310_d59ab4,PUR_IED_JMCordoba_S310_d59ab4,,,,,
2026-09-12T12:46:12-05:00,PUR_IED_Japon_Ext_549100,PUR_IED_Japon_Ext_549100,,,,,
2026-09-12T12:46:12-05:00,PUR_IED_Japon_Laboratorio_bec51d,PUR_IED_Japon_Laboratorio_bec51d,,,,,
2026-09-12T12:46:12-05:00,PUR_IED_Japon_informatica_d99327,PUR_IED_Japon_informatica_d99327,,,,,
2026-09-12T12:46:12-05:00,PUR_IED_Jazmin_Ext_d27bda,PUR_IED_Jazmin_Ext_d27bda,,,,,
2026-09-12T12:46:12-05:00,PUR_IED_Jazmin_Fisica_8d14d7,PUR_IED_Jazmin_Fisica_8d14d7,,,,,
2026-09-12T12:46:12-05:00,PUR_IED_Jazmin_Quimica_801cb5,PUR_IED_Jazmin_Quimica_801cb5,,,,,
2026-09-12T12:46:12-05:00,PUR_IED_JorgeGaitan_Exter_f098d1,PUR_IED_JorgeGaitan_Exter_f098d1,,,,,
2026-09-12T12:46:12-05:00,PUR_IED_JorgeGaitan_STec1_dc9d1d,PUR_IED_JorgeGaitan_STec1_dc9d1d,,,,,
2026-09-12T12:46:12-05:00,PUR_IED_JorgeGaitan_STec2_281e69,PUR_IED_JorgeGaitan_STec2_281e69,,,,,
2026-09-12T12:46:12-05:00,PUR_IED_JorgeSoto_Exterio_d9d0a2,PUR_IED_JorgeSoto_Exterio_d9d0a2,,,,,
2026-09-12T12:46:12-05:00,PUR_IED_JorgeSoto_LabFisi_209c54,PUR_IED_JorgeSoto_LabFisi_209c54,,,,,
2026-09-12T12:46:12-05:00,PUR_IED_JorgeSoto_S103_27b51a,PUR_IED_JorgeSoto_S103_27b51a,,,,,
2026-09-12T12:46:12-05:00,PUR_IED_JoseAcevedo_A02_e965eb,PUR_IED_JoseAcevedo_A02_e965eb,,,,,
2026-09-12T12:46:12-05:00,PUR_IED_JoseAcevedo_A07_dd5b4,PUR_IED_JoseAcevedo_A07_dd5b4,,,,,
2026-09-12T12:46:12-05:00,PUR_IED_JoseAcevedo_Ext_b47484,PUR_IED_JoseAcevedo_Ext_b47484,,,,,
2026-09-12T12:46:12-05:00,PUR_IED_JoseMarti_Exte_5b9bf,PUR_IED_JoseMarti_Exte_5b9bf,,,,,
2026-09-12T12:46:12-05:00,PUR_IED_JoseMarti_LabQuim_1c6c2d,PUR_IED_JoseMarti_LabQuim_1c6c2d,,,,,
2026-09-12T12:46:12-05:00,PUR_IED_JoseMarti_S_info_f5f177,PUR_IED_JoseMarti_S_info_f5f177,,,,,
2026-09-12T12:46:12-05:00,PUR_IED_Josejoaquin_Ext_dfc5dc,PUR_IED_Josejoaquin_Ext_dfc5dc,,,,,
2026-09-12T12:46:12-05:00,PUR_IED_Josejoaquin_S05_5b2a96,PUR_IED_Josejoaquin_S05_5b2a96,,,,,
2026-09-12T12:46:12-05:00,PUR_IED_Josejoaquin_S06_1ce7d2,PUR_IED_Josejoaquin_S06_1ce7d2,,,,,
2026-09-12T12:46:12-05:00,PUR_IED_JulioFlorez_Danza_9b82dd,PUR_IED_JulioFlorez_Danza_9b82dd,,,,,
2026-09-12T12:46:12-05:00,PUR_IED_JulioFlorez_Exter_f9f314,PUR_IED_JulioFlorez_Exter_f9f314,,,,,
2026-09-12T12:46:12-05:00,PUR_IED_JulioFlorez_info2_6b6e08,PUR_IED_JulioFlorez_info2_6b6e08,,,,,
2026-09-12T12:46:12-05:00,PUR_IED_LaBelleza_Aula13_1d00d8,PUR_IED_LaBelleza_Aula13_1d00d8,,,,,
2026-09-12T12:46:12-05:00,PUR_IED_LaBelleza_Ext_7bc08c,PUR_IED_LaBelleza_Ext_7bc08c,,,,,
2026-09-12T12:46:12-05:00,PUR_IED_LaChucua_Ext_8cd6d2,PUR_IED_LaChucua_Ext_8cd6d2,,,,,
2026-09-12T12:46:12-05:00,PUR_IED_LaChucua_S15_f578ce,PUR_IED_LaChucua_S15_f578ce,,,,,
2026-09-12T12:46:12-05:00,PUR_IED_LaChucua_S16_eebcf9,PUR_IED_LaChucua_S16_eebcf9,,,,,
2026-09-12T12:46:12-05:00,PUR_IED_LaFelicidad_Ext_fb5109,PUR_IED_LaFelicidad_Ext_fb5109,,,,,
2026-09-12T12:46:12-05:00,PUR_IED_LaMerced_206_66ebd,PUR_IED_LaMerced_206_66ebd,,,,,
2026-09-12T12:46:12-05:00,PUR_IED_LaMerced_207_6ebd6,PUR_IED_LaMerced_207_6ebd6,,,,,
2026-09-12T12:46:12-05:00,PUR_IED_LaMerced_ext_304311,PUR_IED_LaMerced_ext_304311,,,,,
2026-09-12T12:46:12-05:00,PUR_IED_Laureano_CiencNat_281e5e,PUR_IED_Laureano_CiencNat_281e5e,,,,,
2026-09-12T12:46:12-05:00,PUR_IED_Laureano_Comedor_f65c0a,PUR_IED_Laureano_Comedor_f65c0a,,,,,
2026-09-12T12:46:12-05:00,PUR_IED_Laureano_Exterior_7ab011,PUR_IED_Laureano_Exterior_7ab011,,,,,
2026-09-12T12:46:12-05:00,PUR_IED_LeonGreiff_Exte_dfe560,PUR_IED_LeonGreiff_Exte_dfe560,,,,,
2026-09-12T12:46:12-05:00,PUR_IED_LeonGreiff_S210_f264ed,PUR_IED_LeonGreiff_S210_f264ed,,,,,
2026-09-12T12:46:12-05:00,PUR_IED_LeonGreiff_SQuimi_e8296f,PUR_IED_LeonGreiff_SQuimi_e8296f,,,,,
2026-09-12T12:46:12-05:00,PUR_IED_LlanoOrientalS208_7b9fcd,PUR_IED_LlanoOrientalS208_7b9fcd,,,,,
2026-09-12T12:46:12-05:00,PUR_IED_LlanoOriental_Ext_fb3766,PUR_IED_LlanoOriental_Ext_fb3766,,,,,
2026-09-12T12:46:12-05:00,PUR_IED_LlanoOriental_S208_7b9fcd,PUR_IED_LlanoOriental_S208_7b9fcd,,,,,
2026-09-12T12:46:12-05:00,PUR_IED_LlanoOriental_S9_27b378,PUR_IED_LlanoOriental_S9_27b378,,,,,
2026-09-12T12:46:12-05:00,PUR_IED_LosTejares_1101_477602,PUR_IED_LosTejares_1101_477602,,,,,
2026-09-12T12:46:12-05:00,PUR_IED_LosTejares_11_d2c595,PUR_IED_LosTejares_11_d2c595,,,,,
2026-09-12T12:46:12-05:00,PUR_IED_LosTejares_12_477602,PUR_IED_LosTejares_12_477602,,,,,
2026-09-12T12:46:12-05:00,PUR_IED_LosTejares_Ext_8e2115,PUR_IED_LosTejares_Ext_8e2115,,,,,
2026-09-12T12:46:12-05:00,PUR_IED_MagdalenaO_B202_5ddda3,PUR_IED_MagdalenaO_B202_5ddda3,,,,,
2026-09-12T12:46:12-05:00,PUR_IED_MagdalenaO_B205_fb76e8,PUR_IED_MagdalenaO_B205_fb76e8,,,,,
2026-09-12T12:46:12-05:00,PUR_IED_MagdalenaO_ext_dc69cd,PUR_IED_MagdalenaO_ext_dc69cd,,,,,
2026-09-12T12:46:12-05:00,PUR_IED_ManueCepeda_artes_eee956,PUR_IED_ManueCepeda_artes_eee956,,,,,
2026-09-12T12:46:12-05:00,PUR_IED_ManuelCepeda_Ext_58313,PUR_IED_ManuelCepeda_Ext_58313,,,,,
2026-09-12T12:46:12-05:00,PUR_IED_ManuelCepeda_tec_1c5731,PUR_IED_ManuelCepeda_tec_1c5731,,,,,
2026-09-12T12:46:12-05:00,PUR_IED_ManuelS_Exterior_5b269,PUR_IED_ManuelS_Exterior_5b269,,,,,
2026-09-12T12:46:12-05:00,PUR_IED_ManuelS_Inform_f369ce,PUR_IED_ManuelS_Inform_f369ce,,,,,
2026-09-12T12:46:12-05:00,PUR_IED_ManuelS_SArtes_7d15f1,PUR_IED_ManuelS_SArtes_7d15f1,,,,,
2026-09-12T12:46:12-05:00,PUR_IED_ManuelZapata_303_3ca6,PUR_IED_ManuelZapata_303_3ca6,,,,,
2026-09-12T12:46:12-05:00,PUR_IED_ManuelZapata_311_bfbabc,PUR_IED_ManuelZapata_311_bfbabc,,,,,
2026-09-12T12:46:12-05:00,PUR_IED_ManuelZapata_Ext_50824a,PUR_IED_ManuelZapata_Ext_50824a,,,,,
2026-09-12T12:46:12-05:00,PUR_IED_ManuelitaS_Exteri_656a92,PUR_IED_ManuelitaS_Exteri_656a92,,,,,
2026-09-12T12:46:12-05:00,PUR_IED_ManuelitaS_JuzgDe_f58ec3,PUR_IED_ManuelitaS_JuzgDe_f58ec3,,,,,
2026-09-12T12:46:12-05:00,PUR_IED_ManuelitaS_Recrea_d793db,PUR_IED_ManuelitaS_Recrea_d793db,,,,,
2026-09-12T12:46:12-05:00,PUR_IED_MarFidSuarez_Ext_c27b19,PUR_IED_MarFidSuarez_Ext_c27b19,,,,,
2026-09-12T12:46:12-05:00,PUR_IED_MarFidSuarez_Info_e384d7,PUR_IED_MarFidSuarez_Info_e384d7,,,,,
2026-09-12T12:46:12-05:00,PUR_IED_MarFidSuarez_S306_1d0032,PUR_IED_MarFidSuarez_S306_1d0032,,,,,
2026-09-12T12:46:12-05:00,PUR_IED_Menorah_301_2a25a3,PUR_IED_Menorah_301_2a25a3,,,,,
2026-09-12T12:46:12-05:00,PUR_IED_Menorah_306_37ed3,PUR_IED_Menorah_306_37ed3,,,,,
2026-09-12T12:46:12-05:00,PUR_IED_Menorah_Ext_3e155b,PUR_IED_Menorah_Ext_3e155b,,,,,
2026-09-12T12:46:12-05:00,PUR_IED_MinutoB.Aires_A11_1b1604,PUR_IED_MinutoB.Aires_A11_1b1604,,,,,
2026-09-12T12:46:12-05:00,PUR_IED_MinutoB.Aires_A12_fb5860,PUR_IED_MinutoB.Aires_A12_fb5860,,,,,
2026-09-12T12:46:12-05:00,PUR_IED_MinutoB.Aires_Ext_81293f,PUR_IED_MinutoB.Aires_Ext_81293f,,,,,
2026-09-12T12:46:12-05:00,PUR_IED_MinutoBAires_A11_1b1604,PUR_IED_MinutoBAires_A11_1b1604,,,,,
2026-09-12T12:46:12-05:00,PUR_IED_MinutoBAires_A12_fb5860,PUR_IED_MinutoBAires_A12_fb5860,,,,,
2026-09-12T12:46:12-05:00,PUR_IED_MinutoBAires_Ext_81293f,PUR_IED_MinutoBAires_Ext_81293f,,,,,
2026-09-12T12:46:12-05:00,PUR_IED_Montreal_Aula10_1e4959,PUR_IED_Montreal_Aula10_1e4959,,,,,
2026-09-12T12:46:12-05:00,PUR_IED_Montreal_Aula6_300367,PUR_IED_Montreal_Aula6_300367,,,,,
2026-09-12T12:46:12-05:00,PUR_IED_Montreal_Exterior_91a179,PUR_IED_Montreal_Exterior_91a179,,,,,
2026-09-12T12:46:12-05:00,PUR_IED_Mqgdalena_B202_5ddda3,PUR_IED_Mqgdalena_B202_5ddda3,,,,,
2026-09-12T12:46:12-05:00,PUR_IED_NACUND_Soc_dc8728,PUR_IED_NACUND_Soc_dc8728,,,,,
2026-09-12T12:46:12-05:00,PUR_IED_NACUND_ext_27ad97,PUR_IED_NACUND_ext_27ad97,,,,,
2026-09-12T12:46:12-05:00,PUR_IED_NEsperanza_Ext_d24b61,PUR_IED_NEsperanza_Ext_d24b61,,,,,
2026-09-12T12:46:12-05:00,PUR_IED_NEsperanza_SElect_7d1807,PUR_IED_NEsperanza_SElect_7d1807,,,,,
2026-09-12T12:46:12-05:00,PUR_IED_NEsperanza_SLabor_8b2d0a,PUR_IED_NEsperanza_SLabor_8b2d0a,,,,,
2026-09-12T12:46:12-05:00,PUR_IED_NacionesU_Ext_f661a9,PUR_IED_NacionesU_Ext_f661a9,,,,,
2026-09-12T12:46:12-05:00,PUR_IED_NacionesU_Quimica_66f0a,PUR_IED_NacionesU_Quimica_66f0a,,,,,
2026-09-12T12:46:12-05:00,PUR_IED_NacionesU_S306_1b4b3d,PUR_IED_NacionesU_S306_1b4b3d,,,,,
2026-09-12T12:46:12-05:00,PUR_IED_NestorFA_Ext_e4201c,PUR_IED_NestorFA_Ext_e4201c,,,,,
2026-09-12T12:46:12-05:00,PUR_IED_NestorFA_Laborato_f22fe0,PUR_IED_NestorFA_Laborato_f22fe0,,,,,
2026-09-12T12:46:12-05:00,PUR_IED_NestorFA_S204_dee996,PUR_IED_NestorFA_S204_dee996,,,,,
2026-09-12T12:46:12-05:00,PUR_IED_NidyaQT_Aula03_76999b,PUR_IED_NidyaQT_Aula03_76999b,,,,,
2026-09-12T12:46:12-05:00,PUR_IED_NidyaQT_Aula10_56325,PUR_IED_NidyaQT_Aula10_56325,,,,,
2026-09-12T12:46:12-05:00,PUR_IED_NidyaQT_Ext_46e32d,PUR_IED_NidyaQT_Ext_46e32d,,,,,
2026-09-12T12:46:12-05:00,PUR_IED_NuevaCol_Exterior_d9b859,PUR_IED_NuevaCol_Exterior_d9b859,,,,,
2026-09-12T12:46:12-05:00,PUR_IED_NuevaCol_S1101_76c43b,PUR_IED_NuevaCol_S1101_76c43b,,,,,
2026-09-12T12:46:12-05:00,PUR_IED_NuevaCol_S1102_1ce0b5,PUR_IED_NuevaCol_S1102_1ce0b5,,,,,
2026-09-12T12:46:12-05:00,PUR_IED_OEA_A202_f7e3f2,PUR_IED_OEA_A202_f7e3f2,,,,,
2026-09-12T12:46:12-05:00,PUR_IED_OEA_A203_7d1b8d,PUR_IED_OEA_A203_7d1b8d,,,,,
2026-09-12T12:46:12-05:00,PUR_IED_OEA_Ext_27b593,PUR_IED_OEA_Ext_27b593,,,,,
2026-09-12T12:46:12-05:00,PUR_IED_Ochoa_Ext_1c29da,PUR_IED_Ochoa_Ext_1c29da,,,,,
2026-09-12T12:46:12-05:00,PUR_IED_Ochoa_S205_8b1121,PUR_IED_Ochoa_S205_8b1121,,,,,
2026-09-12T12:46:12-05:00,PUR_IED_Ochoa_Sistemas_f33af6,PUR_IED_Ochoa_Sistemas_f33af6,,,,,
2026-09-12T12:46:12-05:00,PUR_IED_PQuebec_Ext_1c67c7,PUR_IED_PQuebec_Ext_1c67c7,,,,,
2026-09-12T12:46:12-05:00,PUR_IED_PQuebec_S15_23e8e2,PUR_IED_PQuebec_S15_23e8e2,,,,,
2026-09-12T12:46:12-05:00,PUR_IED_PQuebec_S16_8ec76b,PUR_IED_PQuebec_S16_8ec76b,,,,,
2026-09-12T12:46:12-05:00,PUR_IED_PabloN_Ext_49dc96,PUR_IED_PabloN_Ext_49dc96,,,,,
2026-09-12T12:46:12-05:00,PUR_IED_PabloN_S1102_4e3df5,PUR_IED_PabloN_S1102_4e3df5,,,,,
2026-09-12T12:46:12-05:00,PUR_IED_PabloN_S1103_50c94b,PUR_IED_PabloN_S1103_50c94b,,,,,
2026-09-12T12:46:12-05:00,PUR_IED_Palestina_S1101_db9198,PUR_IED_Palestina_S1101_db9198,,,,,
2026-09-12T12:46:12-05:00,PUR_IED_Palestina_S1102_dc54fa,PUR_IED_Palestina_S1102_dc54fa,,,,,
2026-09-12T12:46:12-05:00,PUR_IED_Palestina_ext_4ccce6,PUR_IED_Palestina_ext_4ccce6,,,,,
2026-09-12T12:46:12-05:00,PUR_IED_Panama_Fisica_4d0794,PUR_IED_Panama_Fisica_4d0794,,,,,
2026-09-12T12:46:12-05:00,PUR_IED_Panama_SIngles_a4077e,PUR_IED_Panama_SIngles_a4077e,,,,,
2026-09-12T12:46:12-05:00,PUR_IED_Panama_ext_4c54b4,PUR_IED_Panama_ext_4c54b4,,,,,
2026-09-12T12:46:12-05:00,PUR_IED_ParaisoM_Exterior_8cd7f0,PUR_IED_ParaisoM_Exterior_8cd7f0,,,,,
2026-09-12T12:46:12-05:00,PUR_IED_ParaisoM_Laborato_27af35,PUR_IED_ParaisoM_Laborato_27af35,,,,,
2026-09-12T12:46:12-05:00,PUR_IED_ParaisoM_S304_d1edca,PUR_IED_ParaisoM_S304_d1edca,,,,,
2026-09-12T12:46:12-05:00,PUR_IED_PorfirioBarba_Ext_301466,PUR_IED_PorfirioBarba_Ext_301466,,,,,
2026-09-12T12:46:12-05:00,PUR_IED_PorfirioBarba_S11_df6cd2,PUR_IED_PorfirioBarba_S11_df6cd2,,,,,
2026-09-12T12:46:12-05:00,PUR_IED_PorfirioBarba_S29_27a7d6,PUR_IED_PorfirioBarba_S29_27a7d6,,,,,
2026-09-12T12:46:12-05:00,PUR_IED_PradoV_Exter_8b27ad,PUR_IED_PradoV_Exter_8b27ad,,,,,
2026-09-12T12:46:12-05:00,PUR_IED_PradoV_S301_de65b5,PUR_IED_PradoV_S301_de65b5,,,,,
2026-09-12T12:46:12-05:00,PUR_IED_PradoV_S302_7d2593,PUR_IED_PradoV_S302_7d2593,,,,,
2026-09-12T12:46:12-05:00,PUR_IED_QuirogaAlz_Ext_1ddc82,PUR_IED_QuirogaAlz_Ext_1ddc82,,,,,
2026-09-12T12:46:12-05:00,PUR_IED_QuirogaAlz_S302_9926a3,PUR_IED_QuirogaAlz_S302_9926a3,,,,,
2026-09-12T12:46:12-05:00,PUR_IED_QuirogaAlz_S305_cdf1f1,PUR_IED_QuirogaAlz_S305_cdf1f1,,,,,
2026-09-12T12:46:12-05:00,PUR_IED_RGuatemala_Biling_dc53b7,PUR_IED_RGuatemala_Biling_dc53b7,,,,,
2026-09-12T12:46:12-05:00,PUR_IED_RGuatemala_Ext_1b89a3,PUR_IED_RGuatemala_Ext_1b89a3,,,,,
2026-09-12T12:46:12-05:00,PUR_IED_RGuatemala_Tecnol_281a34,PUR_IED_RGuatemala_Tecnol_281a34,,,,,
2026-09-12T12:46:12-05:00,PUR_IED_RafaNu_Ext_f7c302,PUR_IED_RafaNu_Ext_f7c302,,,,,
2026-09-12T12:46:12-05:00,PUR_IED_RafaNu_S1101_25fde,PUR_IED_RafaNu_S1101_25fde,,,,,
2026-09-12T12:46:12-05:00,PUR_IED_RafaNu_S1102_281517,PUR_IED_RafaNu_S1102_281517,,,,,
2026-09-12T12:46:12-05:00,PUR_IED_RafaelB_S305_ee2783,PUR_IED_RafaelB_S305_ee2783,,,,,
2026-09-12T12:46:12-05:00,PUR_IED_RafaelB_S306_75fe33,PUR_IED_RafaelB_S306_75fe33,,,,,
2026-09-12T12:46:12-05:00,PUR_IED_RafaelB_ext_283336,PUR_IED_RafaelB_ext_283336,3,21,54,4.6722,-74.0737
2026-09-12T12:46:12-05:00,PUR_IED_RafaelUU_Exterior_281a51,PUR_IED_RafaelUU_Exterior_281a51,,,,,
2026-09-12T12:46:12-05:00,PUR_IED_RafaelUU_Human_806b2,PUR_IED_RafaelUU_Human_806b2,,,,,
2026-09-12T12:46:12-05:00,PUR_IED_RafaelUU_Mate2_5680d4,PUR_IED_RafaelUU_Mate2_5680d4,,,,,
2026-09-12T12:46:12-05:00,PUR_IED_RamonSub_Ext_f9eeb9,PUR_IED_RamonSub_Ext_f9eeb9,,,,,
2026-09-12T12:46:12-05:00,PUR_IED_RamonSub_Media_d1f62f,PUR_IED_RamonSub_Media_d1f62f,,,,,
2026-09-12T12:46:12-05:00,PUR_IED_RamonSub_planta_51b82,PUR_IED_RamonSub_planta_51b82,,,,,
2026-09-12T12:46:12-05:00,PUR_IED_RepBoliVene_Exter_27af7c,PUR_IED_RepBoliVene_Exter_27af7c,,,,,
2026-09-12T12:46:12-05:00,PUR_IED_RepBoliVene_SCPT_5ae2ee,PUR_IED_RepBoliVene_SCPT_5ae2ee,,,,,
2026-09-12T12:46:12-05:00,PUR_IED_RepBoliVene_Socia_4b11d5,PUR_IED_RepBoliVene_Socia_4b11d5,,,,,
2026-09-12T12:46:12-05:00,PUR_IED_RepChina_Ext_76d9ee,PUR_IED_RepChina_Ext_76d9ee,,,,,
2026-09-12T12:46:12-05:00,PUR_IED_RepChina_S404_7c804c,PUR_IED_RepChina_S404_7c804c,,,,,
2026-09-12T12:46:12-05:00,PUR_IED_RepChina_S405_df2c33,PUR_IED_RepChina_S405_df2c33,,,,,
2026-09-12T12:46:12-05:00,PUR_IED_RepublicaC_Exteri_7d1ec9,PUR_IED_RepublicaC_Exteri_7d1ec9,,,,,
2026-09-12T12:46:12-05:00,PUR_IED_RepublicaC_S1101_f544b3,PUR_IED_RepublicaC_S1101_f544b3,,,,,
2026-09-12T12:46:12-05:00,PUR_IED_RepublicaC_S1102_7aafc7,PUR_IED_RepublicaC_S1102_7aafc7,,,,,
2026-09-12T12:46:12-05:00,PUR_IED_Ricaurte_Externo_a0ea1,PUR_IED_Ricaurte_Externo_a0ea1,,,,,
2026-09-12T12:46:12-05:00,PUR_IED_Ricaurte_S210_f546fd,PUR_IED_Ricaurte_S210_f546fd,,,,,
2026-09-12T12:46:12-05:00,PUR_IED_Ricaurte_S309_d4452,PUR_IED_Ricaurte_S309_d4452,,,,,
2026-09-12T12:46:12-05:00,PUR_IED_RogelioS_1102_531e69,PUR_IED_RogelioS_1102_531e69,,,,,
2026-09-12T12:46:12-05:00,PUR_IED_RogelioS_Ext_f25a18,PUR_IED_RogelioS_Ext_f25a18,,,,,
2026-09-12T12:46:12-05:00,PUR_IED_SBernardino_Ext_27aff8,PUR_IED_SBernardino_Ext_27aff8,,,,,
2026-09-12T12:46:12-05:00,PUR_IED_SBernardino_SArte_2ffd33,PUR_IED_SBernardino_SArte_2ffd33,,,,,
2026-09-12T12:46:12-05:00,PUR_IED_SBernardino_SIngl_7c7da5,PUR_IED_SBernardino_SIngl_7c7da5,,,,,
2026-09-12T12:46:12-05:00,PUR_IED_Sago_auditorio_dc9d1d,PUR_IED_Sago_auditorio_dc9d1d,,,,,
2026-09-12T12:46:12-05:00,PUR_IED_Saludcoop_Ext_95aac3,PUR_IED_Saludcoop_Ext_95aac3,,,,,
2026-09-12T12:46:12-05:00,PUR_IED_Saludcoop_InfI_90c854,PUR_IED_Saludcoop_InfI_90c854,,,,,
2026-09-12T12:46:12-05:00,PUR_IED_Saludcoop_SMedia_1b93be,PUR_IED_Saludcoop_SMedia_1b93be,,,,,
2026-09-12T12:46:12-05:00,PUR_IED_SanCarlos_1101_1a2360,PUR_IED_SanCarlos_1101_1a2360,,,,,
2026-09-12T12:46:12-05:00,PUR_IED_SanCarlos_1103_7bafb5,PUR_IED_SanCarlos_1103_7bafb5,,,,,
2026-09-12T12:46:12-05:00,PUR_IED_SanCarlos_Ext_b7cd1,PUR_IED_SanCarlos_Ext_b7cd1,,,,,
2026-09-12T12:46:12-05:00,PUR_IED_SanIgnacioBosa11a_50c26e,PUR_IED_SanIgnacioBosa11a_50c26e,,,,,
2026-09-12T12:46:12-05:00,PUR_IED_SanIgnacioBosa11b_371de8,PUR_IED_SanIgnacioBosa11b_371de8,,,,,
2026-09-12T12:46:12-05:00,PUR_IED_SanIgnacioBosaExt_ef0ffc,PUR_IED_SanIgnacioBosaExt_ef0ffc,,,,,
2026-09-12T12:46:12-05:00,PUR_IED_SanIgnacioBosa_11a_50c26e,PUR_IED_SanIgnacioBosa_11a_50c26e,,,,,
2026-09-12T12:46:12-05:00,PUR_IED_SanIgnacioBosa_Ext_ef0ffc,PUR_IED_SanIgnacioBosa_Ext_ef0ffc,,,,,
2026-09-12T12:46:12-05:00,PUR_IED_SanJoseN_intS1101_31c47f,PUR_IED_SanJoseN_intS1101_31c47f,,,,,
2026-09-12T12:46:12-05:00,PUR_IED_SanJoseUsm_Exter_f5d7e8,PUR_IED_SanJoseUsm_Exter_f5d7e8,,,,,
2026-09-12T12:46:12-05:00,PUR_IED_SanJoseUsm_Int11A_cfdef6,PUR_IED_SanJoseUsm_Int11A_cfdef6,,,,,
2026-09-12T12:46:12-05:00,PUR_IED_SilveriaR_IntB5_905349,PUR_IED_SilveriaR_IntB5_905349,,,,,
2026-09-12T12:46:12-05:00,PUR_IED_SilveriaR_IntSD14_981f93,PUR_IED_SilveriaR_IntSD14_981f93,,,,,
2026-09-12T12:46:12-05:00,PUR_IED_SilveriaR_ext_2b651d,PUR_IED_SilveriaR_ext_2b651d,,,,,
2026-09-12T12:46:12-05:00,PUR_IED_SimonB_Exterior_913975,PUR_IED_SimonB_Exterior_913975,,,,,
2026-09-12T12:46:12-05:00,PUR_IED_SimonB_LabQuimi_c56908,PUR_IED_SimonB_LabQuimi_c56908,,,,,
2026-09-12T12:46:12-05:00,PUR_IED_SimonB_informatic_a28c1,PUR_IED_SimonB_informatic_a28c1,,,,,
2026-09-12T12:46:12-05:00,PUR_IED_Sorrento_1102_315f50,PUR_IED_Sorrento_1102_315f50,,,,,
2026-09-12T12:46:12-05:00,PUR_IED_Sorrento_Minte_214eab,PUR_IED_Sorrento_Minte_214eab,,,,,
2026-09-12T12:46:12-05:00,PUR_IED_Sorrento_ext_7c3a0a,PUR_IED_Sorrento_ext_7c3a0a,,,,,
2026-09-12T12:46:12-05:00,PUR_IED_Tabora_Ext_f048ae,PUR_IED_Tabora_Ext_f048ae,,,,,
2026-09-12T12:46:12-05:00,PUR_IED_Tabora_S1102_b07752,PUR_IED_Tabora_S1102_b07752,,,,,
2026-09-12T12:46:12-05:00,PUR_IED_Tabora_S1103_d988f5,PUR_IED_Tabora_S1103_d988f5,,,,,
2026-09-12T12:46:12-05:00,PUR_IED_Tenerife_Ext_1ab188,PUR_IED_Tenerife_Ext_1ab188,,,,,
2026-09-12T12:46:12-05:00,PUR_IED_Tenerife_SDanzas_7bc02e,PUR_IED_Tenerife_SDanzas_7bc02e,,,,,
2026-09-12T12:46:12-05:00,PUR_IED_Tenerife_SIngles_7cc277,PUR_IED_Tenerife_SIngles_7cc277,,,,,
2026-09-12T12:46:12-05:00,PUR_IED_Tibabuyes_Exter_f2683d,PUR_IED_Tibabuyes_Exter_f2683d,,,,,
2026-09-12T12:46:12-05:00,PUR_IED_Tibabuyes_S10_dc87a8,PUR_IED_Tibabuyes_S10_dc87a8,,,,,
2026-09-12T12:46:12-05:00,PUR_IED_Tibabuyes_S15_dc0526,PUR_IED_Tibabuyes_S15_dc0526,,,,,
2026-09-12T12:46:12-05:00,PUR_IED_UnionE_S301_a1043,PUR_IED_UnionE_S301_a1043,,,,,
2026-09-12T12:46:12-05:00,PUR_IED_UnionE_S307_ff6c2f,PUR_IED_UnionE_S307_ff6c2f,,,,,
2026-09-12T12:46:12-05:00,PUR_IED_UnionE__Ext_5e2468,PUR_IED_UnionE__Ext_5e2468,,,,,
2026-09-12T12:46:12-05:00,PUR_IED_VillaRica_Ext_75be7c,PUR_IED_VillaRica_Ext_75be7c,,,,,
2026-09-12T12:46:12-05:00,PUR_IED_VillaRica_S4_cc5dcd,PUR_IED_VillaRica_S4_cc5dcd,,,,,
2026-09-12T12:46:12-05:00,PUR_IED_VillaRica_Sesp_99f5c,PUR_IED_VillaRica_Sesp_99f5c,,,,,
2026-09-12T12:51:08-05:00,PUR_IED_20deJulio_1101_91b1b9,PUR_IED_20deJulio_1101_91b1b9,,,,,
2026-09-12T12:51:08-05:00,PUR_IED_20deJulio_1102_1cfcf9,PUR_IED_20deJulio_1102_1cfcf9,,,,,
2026-09-12T12:51:08-05:00,PUR_IED_20deJulio_Ext_ab60bd,PUR_IED_20deJulio_Ext_ab60bd,,,,,
2026-09-12T12:51:08-05:00,PUR_IED_AgustinFer_Ext_7b9b77,PUR_IED_AgustinFer_Ext_7b9b77,,,,,
2026-09-12T12:51:08-05:00,PUR_IED_AgustinFer_Info2_27b3a7,PUR_IED_AgustinFer_Info2_27b3a7,,,,,
2026-09-12T12:51:08-05:00,PUR_IED_AgustinFer_Sena_54b4eb,PUR_IED_AgustinFer_Sena_54b4eb,,,,,
2026-09-12T12:51:08-05:00,PUR_IED_AlexanderF_1102_caf07b,PUR_IED_AlexanderF_1102_caf07b,,,,,
2026-09-12T12:51:08-05:00,PUR_IED_AlexanderF_1103_c79e71,PUR_IED_AlexanderF_1103_c79e71,,,,,
2026-09-12T12:51:08-05:00,PUR_IED_AlexanderF_Ext_c5b18b,PUR_IED_AlexanderF_Ext_c5b18b,,,,,
2026-09-12T12:51:08-05:00,PUR_IED_AlfonsoLopez_Ext_281d77,PUR_IED_AlfonsoLopez_Ext_281d77,,,,,
2026-09-12T12:51:08-05:00,PUR_IED_AlfonsoLopez_LabF_888ce0,PUR_IED_AlfonsoLopez_LabF_888ce0,,,,,
2026-09-12T12:51:08-05:00,PUR_IED_AlfonsoLopez_SMed_df6a7f,PUR_IED_AlfonsoLopez_SMed_df6a7f,,,,,
2026-09-12T12:51:08-05:00,PUR_IED_AltamiraSO_A2_209f92,PUR_IED_AltamiraSO_A2_209f92,,,,,
2026-09-12T12:51:08-05:00,PUR_IED_AltamiraSO_Ext_186d66,PUR_IED_AltamiraSO_Ext_186d66,,,,,
2026-09-12T12:51:08-05:00,PUR_IED_AltamiraSO_Sistem_27afe1,PUR_IED_AltamiraSO_Sistem_27afe1,,,,,
2026-09-12T12:51:08-05:00,PUR_IED_AlvaroGom_LabQuim_813179,PUR_IED_AlvaroGom_LabQuim_813179,,,,,
2026-09-12T12:51:08-05:00,PUR_IED_AlvaroGomez_Ext_47c7ca,PUR_IED_AlvaroGomez_Ext_47c7ca,,,,,
2026-09-12T12:51:08-05:00,PUR_IED_AlvaroGomez_LabQuim_813179,PUR_IED_AlvaroGomez_LabQuim_813179,,,,,
2026-09-12T12:51:08-05:00,PUR_IED_AlvaroGomez_S23_7ba89f,PUR_IED_AlvaroGomez_S23_7ba89f,,,,,
2026-09-12T12:51:08-05:00,PUR_IED_Amistad_306_dc8728,PUR_IED_Amistad_306_dc8728,,,,,
2026-09-12T12:51:08-05:00,PUR_IED_Amistad_Ext_8cd55e,PUR_IED_Amistad_Ext_8cd55e,,,,,
2026-09-12T12:51:08-05:00,PUR_IED_Amistad_S202_a41169,PUR_IED_Amistad_S202_a41169,,,,,
2026-09-12T12:51:08-05:00,PUR_IED_AndresBello_Bio_fd5f5e,PUR_IED_AndresBello_Bio_fd5f5e,,,,,
2026-09-12T12:51:08-05:00,PUR_IED_AndresBello_ext_dcad65,PUR_IED_AndresBello_ext_dcad65,,,,,
2026-09-12T12:51:08-05:00,PUR_IED_AndresBello_port_eed3ec,PUR_IED_AndresBello_port_eed3ec,,,,,
2026-09-12T12:51:08-05:00,PUR_IED_AngelaR_11b_d90a6b,PUR_IED_AngelaR_11b_d90a6b,,,,,
2026-09-12T12:51:08-05:00,PUR_IED_AngelaR_ext_7cad3e,PUR_IED_AngelaR_ext_7cad3e,2,22,55,4.5825,-74.164497
2026-09-12T12:51:08-05:00,PUR_IED_AntJoseSucre_10mo_df2575,PUR_IED_AntJoseSucre_10mo_df2575,,,,,
2026-09-12T12:51:08-05:00,PUR_IED_AntJoseSucre_Ext_215b36,PUR_IED_AntJoseSucre_Ext_215b36,,,,,
2026-09-12T12:51:08-05:00,PUR_IED_AntJoseSucre_Lab_3139de,PUR_IED_AntJoseSucre_Lab_3139de,,,,,
2026-09-12T12:51:08-05:00,PUR_IED_AntonioGarcia_301_d6b188,PUR_IED_AntonioGarcia_301_d6b188,,,,,
2026-09-12T12:51:08-05:00,PUR_IED_AntonioGarcia_302_88a82,PUR_IED_AntonioGarcia_302_88a82,,,,,
2026-09-12T12:51:08-05:00,PUR_IED_AntonioGarcia_Ext_20950c,PUR_IED_AntonioGarcia_Ext_20950c,,,,,
2026-09-12T12:51:08-05:00,PUR_IED_AntonioVan_Aula2_6dea02,PUR_IED_AntonioVan_Aula2_6dea02,,,,,
2026-09-12T12:51:08-05:00,PUR_IED_AntonioVan_Aula5_f1557e,PUR_IED_AntonioVan_Aula5_f1557e,,,,,
2026-09-12T12:51:08-05:00,PUR_IED_AntonioVan_Ext_406f2f,PUR_IED_AntonioVan_Ext_406f2f,,,,,
2026-09-12T12:51:08-05:00,PUR_IED_Atabanzha_Ext_cc5af9,PUR_IED_Atabanzha_Ext_cc5af9,,,,,
2026-09-12T12:51:08-05:00,PUR_IED_Atabanzha_SA101_56c37,PUR_IED_Atabanzha_SA101_56c37,,,,,
2026-09-12T12:51:08-05:00,PUR_IED_Atabanzha_SB302_27b374,PUR_IED_Atabanzha_SB302_27b374,,,,,
2026-09-12T12:51:08-05:00,PUR_IED_Atahualpa_Ext_fc1748,PUR_IED_Atahualpa_Ext_fc1748,,,,,
2026-09-12T12:51:08-05:00,PUR_IED_Atahualpa_Informa_dc9a95,PUR_IED_Atahualpa_Informa_dc9a95,,,,,
2026-09-12T12:51:08-05:00,PUR_IED_Atahualpa_S1101_f98056,PUR_IED_Atahualpa_S1101_f98056,,,,,
2026-09-12T12:51:08-05:00,PUR_IED_Bellavista_Ext_f5aa74,PUR_IED_Bellavista_Ext_f5aa74,,,,,
2026-09-12T12:51:08-05:00,PUR_IED_Bilbao_11A_916c41,PUR_IED_Bilbao_11A_916c41,,,,,
2026-09-12T12:51:08-05:00,PUR_IED_Bilbao_Ext_fb579a,PUR_IED_Bilbao_Ext_fb579a,,,,,
2026-09-12T12:51:08-05:00,PUR_IED_BrasiliaU_A125_304280,PUR_IED_BrasiliaU_A125_304280,,,,,
2026-09-12T12:51:08-05:00,PUR_IED_BrasiliaU_A203_7c8ca5,PUR_IED_BrasiliaU_A203_7c8ca5,,,,,
2026-09-12T12:51:08-05:00,PUR_IED_BrasiliaU_Ext_8d6e9f,PUR_IED_BrasiliaU_Ext_8d6e9f,4,20,58,4.5175,-74.116302
2026-09-12T12:51:08-05:00,PUR_IED_Brasilia_Ext_fe6593,PUR_IED_Brasilia_Ext_fe6593,,,,,
2026-09-12T12:51:08-05:00,PUR_IED_Brasilia_S24_7c130d,PUR_IED_Brasilia_S24_7c130d,,,,,
2026-09-12T12:51:08-05:00,PUR_IED_Brasilia_S501_186a54,PUR_IED_Brasilia_S501_186a54,,,,,
2026-09-12T12:51:08-05:00,PUR_IED_CHARRY_EXT_f1d5cd,PUR_IED_CHARRY_EXT_f1d5cd,,,,,
2026-09-12T12:51:08-05:00,PUR_IED_CHARRY_INTDANZAS_7a08e6,PUR_IED_CHARRY_INTDANZAS_7a08e6,,,,,
2026-09-12T12:51:08-05:00,PUR_IED_CHARRY_INT_AULA20_dc998d,PUR_IED_CHARRY_INT_AULA20_dc998d,,,,,
2026-09-12T12:51:08-05:00,PUR_IED_COLVIV_1101_S25_7f520a,PUR_IED_COLVIV_1101_S25_7f520a,,,,,
2026-09-12T12:51:08-05:00,PUR_IED_COLVIV_1102_S16_f570ba,PUR_IED_COLVIV_1102_S16_f570ba,,,,,
2026-09-12T12:51:08-05:00,PUR_IED_COLVIV_Ext_1a26fa,PUR_IED_COLVIV_Ext_1a26fa,,,,,
2026-09-12T12:51:08-05:00,PUR_IED_CULPOP_301A_f660f3,PUR_IED_CULPOP_301A_f660f3,,,,,
2026-09-12T12:51:08-05:00,PUR_IED_CULPOP_303_568afe,PUR_IED_CULPOP_303_568afe,,,,,
2026-09-12T12:51:08-05:00,PUR_IED_CULPOP_Ext_e02ccb,PUR_IED_CULPOP_Ext_e02ccb,,,,,
2026-09-12T12:51:08-05:00,PUR_IED_CVillavicen_Ext_26eb58,PUR_IED_CVillavicen_Ext_26eb58,4,17,74,4.487,-74.102798
2026-09-12T12:51:08-05:00,PUR_IED_CVillavicen_Intel_1ce5c2,PUR_IED_CVillavicen_Intel_1ce5c2,,,,,
2026-09-12T12:51:08-05:00,PUR_IED_CVillavicen_Poliv_e0766c,PUR_IED_CVillavicen_Poliv_e0766c,,,,,
2026-09-12T12:51:08-05:00,PUR_IED_CVillavicen_int_1ba140,PUR_IED_CVillavicen_int_1ba140,,,,,
2026-09-12T12:51:08-05:00,PUR_IED_CVillavicen_intel_1ba140,PUR_IED_CVillavicen_intel_1ba140,,,,,
2026-09-12T12:51:08-05:00,PUR_IED_CarlosPizarro_Ext_e307cc,PUR_IED_CarlosPizarro_Ext_e307cc,,,,,
2026-09-12T12:51:08-05:00,PUR_IED_CarlosPizarro_L36_7e5cdb,PUR_IED_CarlosPizarro_L36_7e5cdb,,,,,
2026-09-12T12:51:08-05:00,PUR_IED_CarlosPizarro_L37_c8566c,PUR_IED_CarlosPizarro_L37_c8566c,,,,,
2026-09-12T12:51:08-05:00,PUR_IED_Castilla_Ext_cf35f,PUR_IED_Castilla_Ext_cf35f,,,,,
2026-09-12T12:51:08-05:00,PUR_IED_Castilla_SFisik_360e38,PUR_IED_Castilla_SFisik_360e38,,,,,
2026-09-12T12:51:08-05:00,PUR_IED_Castilla_Sc304_496fbf,PUR_IED_Castilla_Sc304_496fbf,,,,,
2026-09-12T12:51:08-05:00,PUR_IED_CervantesSa_Ext_6b57b,PUR_IED_CervantesSa_Ext_6b57b,3,20,64,4.5128,-74.117203
2026-09-12T12:51:08-05:00,PUR_IED_CervantesSa_S107_225c2b,PUR_IED_CervantesSa_S107_225c2b,,,,,
2026-09-12T12:51:08-05:00,PUR_IED_CervantesSa_S108_940925,PUR_IED_CervantesSa_S108_940925,,,,,
2026-09-12T12:51:08-05:00,PUR_IED_Charry_A20_f53e7c,PUR_IED_Charry_A20_f53e7c,,,,,
2026-09-12T12:51:08-05:00,PUR_IED_Charry_Ext_f1d5cd,PUR_IED_Charry_Ext_f1d5cd,,,,,
2026-09-12T12:51:08-05:00,PUR_IED_Charry_IntAula20_dc998d,PUR_IED_Charry_IntAula20_dc998d,,,,,
2026-09-12T12:51:08-05:00,PUR_IED_Charry_IntDanzas_7a08e6,PUR_IED_Charry_IntDanzas_7a08e6,,,,,
2026-09-12T12:51:08-05:00,PUR_IED_ClememciaC_203_43e2fc,PUR_IED_ClememciaC_203_43e2fc,,,,,
2026-09-12T12:51:08-05:00,PUR_IED_ClememciaC_Ext_1b411a,PUR_IED_ClememciaC_Ext_1b411a,,,,,
2026-09-12T12:51:08-05:00,PUR_IED_ClememciaC_Quimic_44b5fc,PUR_IED_ClememciaC_Quimic_44b5fc,,,,,
2026-09-12T12:51:08-05:00,PUR_IED_ClemenciaC_203_43e2fc,PUR_IED_ClemenciaC_203_43e2fc,,,,,
2026-09-12T12:51:08-05:00,PUR_IED_ClemenciaC_Ext_1b411a,PUR_IED_ClemenciaC_Ext_1b411a,,,,,
2026-09-12T12:51:08-05:00,PUR_IED_ClemenciaC_Quimic_44b5fc,PUR_IED_ClemenciaC_Quimic_44b5fc,,,,,
2026-09-12T12:51:08-05:00,PUR_IED_ColViva_1101_S25_7f520a,PUR_IED_ColViva_1101_S25_7f520a,,,,,
2026-09-12T12:51:08-05:00,PUR_IED_ColViva_1102_S16_f570ba,PUR_IED_ColViva_1102_S16_f570ba,,,,,
2026-09-12T12:51:08-05:00,PUR_IED_ColViva_Ext_1a26fa,PUR_IED_ColViva_Ext_1a26fa,,,,,
2026-09-12T12:51:08-05:00,PUR_IED_ColegioBici_Asist_7c8798,PUR_IED_ColegioBici_Asist_7c8798,,,,,
2026-09-12T12:51:08-05:00,PUR_IED_ColegioBici_Ext_25cbf6,PUR_IED_ColegioBici_Ext_25cbf6,,,,,
2026-09-12T12:51:08-05:00,PUR_IED_ColegioBici_LabQ_7b57db,PUR_IED_ColegioBici_LabQ_7b57db,,,,,
2026-09-12T12:51:08-05:00,PUR_IED_CostaRica_Ext_5e640,PUR_IED_CostaRica_Ext_5e640,,,,,
2026-09-12T12:51:08-05:00,PUR_IED_CostaRica_Quim1_766d1c,PUR_IED_CostaRica_Quim1_766d1c,,,,,
2026-09-12T12:51:08-05:00,PUR_IED_CostaRica__Fisica_6f0873,PUR_IED_CostaRica__Fisica_6f0873,,,,,
2026-09-12T12:51:08-05:00,PUR_IED_CulPopu_301A_f660f3,PUR_IED_CulPopu_301A_f660f3,,,,,
2026-09-12T12:51:08-05:00,PUR_IED_CulPopu_303_568afe,PUR_IED_CulPopu_303_568afe,,,,,
2026-09-12T12:51:08-05:00,PUR_IED_CulPopu_Ext_e02ccb,PUR_IED_CulPopu_Ext_e02ccb,,,,,
2026-09-12T12:51:08-05:00,PUR_IED_Cundinamarca_Ext_f15985,PUR_IED_Cundinamarca_Ext_f15985,,,,,
2026-09-12T12:51:08-05:00,PUR_IED_Cundinamarca_Info_7aa5d7,PUR_IED_Cundinamarca_Info_7aa5d7,,,,,
2026-09-12T12:51:08-05:00,PUR_IED_Cundinamarca_Tec2_f449c7,PUR_IED_Cundinamarca_Tec2_f449c7,,,,,
2026-09-12T12:51:08-05:00,PUR_IED_DiegoM_Aula1_27b314,PUR_IED_DiegoM_Aula1_27b314,,,,,
2026-09-12T12:51:08-05:00,PUR_IED_DiegoM_Ext_d80ac8,PUR_IED_DiegoM_Ext_d80ac8,,,,,
2026-09-12T12:51:08-05:00,PUR_IED_DiegoM_S25_da928f,PUR_IED_DiegoM_S25_da928f,,,,,
2026-09-12T12:51:08-05:00,PUR_IED_ELRODEO_360881,PUR_IED_ELRODEO_360881,,,,,
2026-09-12T12:51:08-05:00,PUR_IED_ELRODEO_ext_360881,PUR_IED_ELRODEO_ext_360881,,,,,
2026-09-12T12:51:08-05:00,PUR_IED_EduardoU_Ext_1c1969,PUR_IED_EduardoU_Ext_1c1969,,,,,
2026-09-12T12:51:08-05:00,PUR_IED_EduardoU_SCiencia_4dfb94,PUR_IED_EduardoU_SCiencia_4dfb94,,,,,
2026-09-12T12:51:08-05:00,PUR_IED_EduardoU_SQuimica_5a46e7,PUR_IED_EduardoU_SQuimica_5a46e7,,,,,
2026-09-12T12:51:08-05:00,PUR_IED_ElRodeo_Aula14_676984,PUR_IED_ElRodeo_Aula14_676984,,,,,
2026-09-12T12:51:08-05:00,PUR_IED_ElRodeo_Aula16_2dd35b,PUR_IED_ElRodeo_Aula16_2dd35b,,,,,
2026-09-12T12:51:08-05:00,PUR_IED_ElRodeo_Ext_360881,PUR_IED_ElRodeo_Ext_360881,,,,,
2026-09-12T12:51:08-05:00,PUR_IED_ElRodeo_Exterior_8c6d28,PUR_IED_ElRodeo_Exterior_8c6d28,,,,,
2026-09-12T12:51:08-05:00,PUR_IED_ElRodeo_ext_360881,PUR_IED_ElRodeo_ext_360881,,,,,
2026-09-12T12:51:08-05:00,PUR_IED_EmmaReyes_Ext_987625,PUR_IED_EmmaReyes_Ext_987625,2,22,46,4.6367,-74.1511
2026-09-12T12:51:08-05:00,PUR_IED_Ensueño_Ext_7f0250,PUR_IED_Ensueño_Ext_7f0250,,,,,
2026-09-12T12:51:08-05:00,PUR_IED_EscNormal_Ext_5fef3b,PUR_IED_EscNormal_Ext_5fef3b,2,24,47,4.5852,-74.096901
2026-09-12T12:51:08-05:00,PUR_IED_EscNormal_S309_5b263,PUR_IED_EscNormal_S309_5b263,,,,,
2026-09-12T12:51:08-05:00,PUR_IED_EscNormal_S310_27b3b8,PUR_IED_EscNormal_S310_27b3b8,,,,,
2026-09-12T12:51:08-05:00,PUR_IED_Evangelista_Conta_f6cd4f,PUR_IED_Evangelista_Conta_f6cd4f,,,,,
2026-09-12T12:51:08-05:00,PUR_IED_Evangelista_Cri_5e16a,PUR_IED_Evangelista_Cri_5e16a,,,,,
2026-09-12T12:51:08-05:00,PUR_IED_Evangelista_Exter_754066,PUR_IED_Evangelista_Exter_754066,,,,,
2026-09-12T12:51:08-05:00,PUR_IED_FMiranda_S209_5cc2a3,PUR_IED_FMiranda_S209_5cc2a3,,,,,
2026-09-12T12:51:08-05:00,PUR_IED_FMiranda_S303_19e344,PUR_IED_FMiranda_S303_19e344,,,,,
2026-09-12T12:51:08-05:00,PUR_IED_FMiranda_ext_f53e7c,PUR_IED_FMiranda_ext_f53e7c,,,,,
2026-09-12T12:51:08-05:00,PUR_IED_FabioLozano_Bibli_1cee05,PUR_IED_FabioLozano_Bibli_1cee05,,,,,
2026-09-12T12:51:08-05:00,PUR_IED_FabioLozano_Ext_6ea285,PUR_IED_FabioLozano_Ext_6ea285,,,,,
2026-09-12T12:51:08-05:00,PUR_IED_FabioLozano_SLudi_f09e1e,PUR_IED_FabioLozano_SLudi_f09e1e,,,,,
2026-09-12T12:51:08-05:00,PUR_IED_FaustinoS_Aula07_27a731,PUR_IED_FaustinoS_Aula07_27a731,,,,,
2026-09-12T12:51:08-05:00,PUR_IED_FaustinoS_Ext_7b936f,PUR_IED_FaustinoS_Ext_7b936f,,,,,
2026-09-12T12:51:08-05:00,PUR_IED_FaustinoS_Fisica_da2c60,PUR_IED_FaustinoS_Fisica_da2c60,,,,,
2026-09-12T12:51:08-05:00,PUR_IED_FeGarciaLo_Ext_dc68ee,PUR_IED_FeGarciaLo_Ext_dc68ee,,,,,
2026-09-12T12:51:08-05:00,PUR_IED_FeGarciaLo_SDanza_f70a59,PUR_IED_FeGarciaLo_SDanza_f70a59,,,,,
2026-09-12T12:51:08-05:00,PUR_IED_FeGarciaLo_SMusic_125cdd,PUR_IED_FeGarciaLo_SMusic_125cdd,,,,,
2026-09-12T12:51:08-05:00,PUR_IED_FederalAlema_Exte_50c345,PUR_IED_FederalAlema_Exte_50c345,,,,,
2026-09-12T12:51:08-05:00,PUR_IED_FederalAlema_S31_f18371,PUR_IED_FederalAlema_S31_f18371,,,,,
2026-09-12T12:51:08-05:00,PUR_IED_FederalAlema_S901_a62cd,PUR_IED_FederalAlema_S901_a62cd,,,,,
2026-09-12T12:51:08-05:00,PUR_IED_FilarmonicaS_A5_f35eb1,PUR_IED_FilarmonicaS_A5_f35eb1,,,,,
2026-09-12T12:51:08-05:00,PUR_IED_FilarmonicaS_Ext_8a3bde,PUR_IED_FilarmonicaS_Ext_8a3bde,,,,,
2026-09-12T12:51:08-05:00,PUR_IED_FilarmonicaS_Spol_406114,PUR_IED_FilarmonicaS_Spol_406114,,,,,
2026-09-12T12:51:08-05:00,PUR_IED_FlorentinoG_A13_d1fa59,PUR_IED_FlorentinoG_A13_d1fa59,,,,,
2026-09-12T12:51:08-05:00,PUR_IED_FlorentinoG_Ext_1ce6ce,PUR_IED_FlorentinoG_Ext_1ce6ce,,,,,
2026-09-12T12:51:08-05:00,PUR_IED_FlorentinoG_Idiom_a66aac,PUR_IED_FlorentinoG_Idiom_a66aac,,,,,
2026-09-12T12:51:08-05:00,PUR_IED_FranciscoMati_Ext_e3869d,PUR_IED_FranciscoMati_Ext_e3869d,,,,,
2026-09-12T12:51:08-05:00,PUR_IED_FranciscoMati_S13_f31c67,PUR_IED_FranciscoMati_S13_f31c67,,,,,
2026-09-12T12:51:08-05:00,PUR_IED_FranciscoMati_S14_97dead,PUR_IED_FranciscoMati_S14_97dead,,,,,
2026-09-12T12:51:08-05:00,PUR_IED_FranciscoPS_Ext_7bfa9a,PUR_IED_FranciscoPS_Ext_7bfa9a,2,24,48,4.5899,-74.110397
2026-09-12T12:51:08-05:00,PUR_IED_FranciscoPS_Infor_fb8f4c,PUR_IED_FranciscoPS_Infor_fb8f4c,,,,,
2026-09-12T12:51:08-05:00,PUR_IED_FranciscoPS_Quimi_94d39c,PUR_IED_FranciscoPS_Quimi_94d39c,,,,,
2026-09-12T12:51:08-05:00,PUR_IED_FranciscoP_LabQ_d7e148,PUR_IED_FranciscoP_LabQ_d7e148,,,,,
2026-09-12T12:51:08-05:00,PUR_IED_FranciscoP_S28_cf9b30,PUR_IED_FranciscoP_S28_cf9b30,,,,,
2026-09-12T12:51:08-05:00,PUR_IED_FranciscoP_ext_e2313,PUR_IED_FranciscoP_ext_e2313,,,,,
2026-09-12T12:51:08-05:00,PUR_IED_FriederichN_Ext_8ac92a,PUR_IED_FriederichN_Ext_8ac92a,,,,,
2026-09-12T12:51:08-05:00,PUR_IED_FriederichN_S301_dd7e5a,PUR_IED_FriederichN_S301_dd7e5a,,,,,
2026-09-12T12:51:08-05:00,PUR_IED_FriederichN_S308_761f4f,PUR_IED_FriederichN_S308_761f4f,,,,,
2026-09-12T12:51:08-05:00,PUR_IED_GSantander_Aula10_533dd7,PUR_IED_GSantander_Aula10_533dd7,,,,,
2026-09-12T12:51:08-05:00,PUR_IED_GSantander_Aula12_fd4e4f,PUR_IED_GSantander_Aula12_fd4e4f,,,,,
2026-09-12T12:51:08-05:00,PUR_IED_GSantander_Aula310_533dd7,PUR_IED_GSantander_Aula310_533dd7,,,,,
2026-09-12T12:51:08-05:00,PUR_IED_GSantander_Aula312_fd4e4f,PUR_IED_GSantander_Aula312_fd4e4f,,,,,
2026-09-12T12:51:08-05:00,PUR_IED_GSantander_Ext_5f66b0,PUR_IED_GSantander_Ext_5f66b0,,,,,
2026-09-12T12:51:08-05:00,PUR_IED_GYomasa_Ext_f6bea5,PUR_IED_GYomasa_Ext_f6bea5,,,,,
2026-09-12T12:51:08-05:00,PUR_IED_GYomasa_LBiol_2c41aa,PUR_IED_GYomasa_LBiol_2c41aa,,,,,
2026-09-12T12:51:08-05:00,PUR_IED_GYomasa_LQuim_33c80,PUR_IED_GYomasa_LQuim_33c80,,,,,
2026-09-12T12:51:08-05:00,PUR_IED_GabBetMejia_Cienc_5a99c,PUR_IED_GabBetMejia_Cienc_5a99c,,,,,
2026-09-12T12:51:08-05:00,PUR_IED_GabBetMejia_Ext_9153d0,PUR_IED_GabBetMejia_Ext_9153d0,,,,,
2026-09-12T12:51:08-05:00,PUR_IED_GabBetMejia_Lab_f55347,PUR_IED_GabBetMejia_Lab_f55347,,,,,
2026-09-12T12:51:08-05:00,PUR_IED_GabBetanMejia_Ext_9153d0,PUR_IED_GabBetanMejia_Ext_9153d0,,,,,
2026-09-12T12:51:08-05:00,PUR_IED_Gaitana_Aula13_7aac11,PUR_IED_Gaitana_Aula13_7aac11,,,,,
2026-09-12T12:51:08-05:00,PUR_IED_Gaitana_Ext_5fcf4,PUR_IED_Gaitana_Ext_5fcf4,,,,,
2026-09-12T12:51:08-05:00,PUR_IED_Gaitana_LabFisica_644448,PUR_IED_Gaitana_LabFisica_644448,,,,,
2026-09-12T12:51:08-05:00,PUR_IED_GenSantander_Dise_8ac858,PUR_IED_GenSantander_Dise_8ac858,,,,,
2026-09-12T12:51:08-05:00,PUR_IED_GenSantander_Ext_8d5dfe,PUR_IED_GenSantander_Ext_8d5dfe,,,,,
2026-09-12T12:51:08-05:00,PUR_IED_GenSantander_Info_6c25b,PUR_IED_GenSantander_Info_6c25b,,,,,
2026-09-12T12:51:08-05:00,PUR_IED_GustavoMo_Exterio_75e63d,PUR_IED_GustavoMo_Exterio_75e63d,,,,,
2026-09-12T12:51:08-05:00,PUR_IED_GustavoMo_LabFisi_224d37,PUR_IED_GustavoMo_LabFisi_224d37,,,,,
2026-09-12T12:51:08-05:00,PUR_IED_GustavoMo_S208_3e6918,PUR_IED_GustavoMo_S208_3e6918,,,,,
2026-09-12T12:51:08-05:00,PUR_IED_GustavoR_A02_8cd4a8,PUR_IED_GustavoR_A02_8cd4a8,,,,,
2026-09-12T12:51:08-05:00,PUR_IED_GustavoR_B11_5b0ed,PUR_IED_GustavoR_B11_5b0ed,,,,,
2026-09-12T12:51:08-05:00,PUR_IED_GustavoR_Ext_7a0c90,PUR_IED_GustavoR_Ext_7a0c90,,,,,
2026-09-12T12:51:08-05:00,PUR_IED_HernandoDuran_Ext_8cd82b,PUR_IED_HernandoDuran_Ext_8cd82b,,,,,
2026-09-12T12:51:08-05:00,PUR_IED_HernandoDuran_S24_2772c6,PUR_IED_HernandoDuran_S24_2772c6,,,,,
2026-09-12T12:51:08-05:00,PUR_IED_HernandoDuran_S30_f2de41,PUR_IED_HernandoDuran_S30_f2de41,,,,,
2026-09-12T12:51:08-05:00,PUR_IED_HolguInUr_S1101_8cd732,PUR_IED_HolguInUr_S1101_8cd732,,,,,
2026-09-12T12:51:08-05:00,PUR_IED_HolguinUr_Exter_ddae6d,PUR_IED_HolguinUr_Exter_ddae6d,,,,,
2026-09-12T12:51:08-05:00,PUR_IED_HolguinUr_LabQuim_92b952,PUR_IED_HolguinUr_LabQuim_92b952,,,,,
2026-09-12T12:51:08-05:00,PUR_IED_Isabel-II_Ext_5245cc,PUR_IED_Isabel-II_Ext_5245cc,2,21,48,4.6336,-74.153
2026-09-12T12:51:08-05:00,PUR_IED_Isabel-II_S_idiom_1c29aa,PUR_IED_Isabel-II_S_idiom_1c29aa,,,,,
2026-09-12T12:51:08-05:00,PUR_IED_Isabel-II_S_infor_fd741,PUR_IED_Isabel-II_S_infor_fd741,,,,,
2026-09-12T12:51:08-05:00,PUR_IED_IsidroSur_Exterio_5b90ea,PUR_IED_IsidroSur_Exterio_5b90ea,,,,,
2026-09-12T12:51:08-05:00,PUR_IED_IsidroSur_LabTec_56697a,PUR_IED_IsidroSur_LabTec_56697a,,,,,
2026-09-12T12:51:08-05:00,PUR_IED_IsidroSur_Robotic_b7c38f,PUR_IED_IsidroSur_Robotic_b7c38f,,,,,
2026-09-12T12:51:08-05:00,PUR_IED_IsmaelPerd_Ext_7b6672,PUR_IED_IsmaelPerd_Ext_7b6672,,,,,
2026-09-12T12:51:08-05:00,PUR_IED_IsmaelPerd_Inform_306540,PUR_IED_IsmaelPerd_Inform_306540,,,,,
2026-09-12T12:51:08-05:00,PUR_IED_IsmaelPerd_S30_2e2c83,PUR_IED_IsmaelPerd_S30_2e2c83,,,,,
2026-09-12T12:51:08-05:00,PUR_IED_JLozano_Exter_432910,PUR_IED_JLozano_Exter_432910,,,,,
2026-09-12T12:51:08-05:00,PUR_IED_JLozano_salaMulti_df5125,PUR_IED_JLozano_salaMulti_df5125,,,,,
2026-09-12T12:51:08-05:00,PUR_IED_JMCordoba_206_86f80b,PUR_IED_JMCordoba_206_86f80b,,,,,
2026-09-12T12:51:08-05:00,PUR_IED_JMCordoba_Ext_27ad97,PUR_IED_JMCordoba_Ext_27ad97,,,,,
2026-09-12T12:51:08-05:00,PUR_IED_JMCordoba_S310_d59ab4,PUR_IED_JMCordoba_S310_d59ab4,,,,,
2026-09-12T12:51:08-05:00,PUR_IED_Japon_Ext_549100,PUR_IED_Japon_Ext_549100,,,,,
2026-09-12T12:51:08-05:00,PUR_IED_Japon_Laboratorio_bec51d,PUR_IED_Japon_Laboratorio_bec51d,,,,,
2026-09-12T12:51:08-05:00,PUR_IED_Japon_informatica_d99327,PUR_IED_Japon_informatica_d99327,,,,,
2026-09-12T12:51:08-05:00,PUR_IED_Jazmin_Ext_d27bda,PUR_IED_Jazmin_Ext_d27bda,,,,,
2026-09-12T12:51:08-05:00,PUR_IED_Jazmin_Fisica_8d14d7,PUR_IED_Jazmin_Fisica_8d14d7,,,,,
2026-09-12T12:51:08-05:00,PUR_IED_Jazmin_Quimica_801cb5,PUR_IED_Jazmin_Quimica_801cb5,,,,,
2026-09-12T12:51:08-05:00,PUR_IED_JorgeGaitan_Exter_f098d1,PUR_IED_JorgeGaitan_Exter_f098d1,,,,,
2026-09-12T12:51:08-05:00,PUR_IED_JorgeGaitan_STec1_dc9d1d,PUR_IED_JorgeGaitan_STec1_dc9d1d,,,,,
2026-09-12T12:51:08-05:00,PUR_IED_JorgeGaitan_STec2_281e69,PUR_IED_JorgeGaitan_STec2_281e69,,,,,
2026-09-12T12:51:08-05:00,PUR_IED_JorgeSoto_Exterio_d9d0a2,PUR_IED_JorgeSoto_Exterio_d9d0a2,,,,,
2026-09-12T12:51:08-05:00,PUR_IED_JorgeSoto_LabFisi_209c54,PUR_IED_JorgeSoto_LabFisi_209c54,,,,,
2026-09-12T12:51:08-05:00,PUR_IED_JorgeSoto_S103_27b51a,PUR_IED_JorgeSoto_S103_27b51a,,,,,
2026-09-12T12:51:08-05:00,PUR_IED_JoseAcevedo_A02_e965eb,PUR_IED_JoseAcevedo_A02_e965eb,,,,,
2026-09-12T12:51:08-05:00,PUR_IED_JoseAcevedo_A07_dd5b4,PUR_IED_JoseAcevedo_A07_dd5b4,,,,,
2026-09-12T12:51:08-05:00,PUR_IED_JoseAcevedo_Ext_b47484,PUR_IED_JoseAcevedo_Ext_b47484,,,,,
2026-09-12T12:51:08-05:00,PUR_IED_JoseMarti_Exte_5b9bf,PUR_IED_JoseMarti_Exte_5b9bf,,,,,
2026-09-12T12:51:08-05:00,PUR_IED_JoseMarti_LabQuim_1c6c2d,PUR_IED_JoseMarti_LabQuim_1c6c2d,,,,,
2026-09-12T12:51:08-05:00,PUR_IED_JoseMarti_S_info_f5f177,PUR_IED_JoseMarti_S_info_f5f177,,,,,
2026-09-12T12:51:08-05:00,PUR_IED_Josejoaquin_Ext_dfc5dc,PUR_IED_Josejoaquin_Ext_dfc5dc,,,,,
2026-09-12T12:51:08-05:00,PUR_IED_Josejoaquin_S05_5b2a96,PUR_IED_Josejoaquin_S05_5b2a96,,,,,
2026-09-12T12:51:08-05:00,PUR_IED_Josejoaquin_S06_1ce7d2,PUR_IED_Josejoaquin_S06_1ce7d2,,,,,
2026-09-12T12:51:08-05:00,PUR_IED_JulioFlorez_Danza_9b82dd,PUR_IED_JulioFlorez_Danza_9b82dd,,,,,
2026-09-12T12:51:08-05:00,PUR_IED_JulioFlorez_Exter_f9f314,PUR_IED_JulioFlorez_Exter_f9f314,,,,,
2026-09-12T12:51:08-05:00,PUR_IED_JulioFlorez_info2_6b6e08,PUR_IED_JulioFlorez_info2_6b6e08,,,,,
2026-09-12T12:51:08-05:00,PUR_IED_LaBelleza_Aula13_1d00d8,PUR_IED_LaBelleza_Aula13_1d00d8,,,,,
2026-09-12T12:51:08-05:00,PUR_IED_LaBelleza_Ext_7bc08c,PUR_IED_LaBelleza_Ext_7bc08c,,,,,
2026-09-12T12:51:08-05:00,PUR_IED_LaChucua_Ext_8cd6d2,PUR_IED_LaChucua_Ext_8cd6d2,,,,,
2026-09-12T12:51:08-05:00,PUR_IED_LaChucua_S15_f578ce,PUR_IED_LaChucua_S15_f578ce,,,,,
2026-09-12T12:51:08-05:00,PUR_IED_LaChucua_S16_eebcf9,PUR_IED_LaChucua_S16_eebcf9,,,,,
2026-09-12T12:51:08-05:00,PUR_IED_LaFelicidad_Ext_fb5109,PUR_IED_LaFelicidad_Ext_fb5109,,,,,
2026-09-12T12:51:08-05:00,PUR_IED_LaMerced_206_66ebd,PUR_IED_LaMerced_206_66ebd,,,,,
2026-09-12T12:51:08-05:00,PUR_IED_LaMerced_207_6ebd6,PUR_IED_LaMerced_207_6ebd6,,,,,
2026-09-12T12:51:08-05:00,PUR_IED_LaMerced_ext_304311,PUR_IED_LaMerced_ext_304311,,,,,
2026-09-12T12:51:08-05:00,PUR_IED_Laureano_CiencNat_281e5e,PUR_IED_Laureano_CiencNat_281e5e,,,,,
2026-09-12T12:51:08-05:00,PUR_IED_Laureano_Comedor_f65c0a,PUR_IED_Laureano_Comedor_f65c0a,,,,,
2026-09-12T12:51:08-05:00,PUR_IED_Laureano_Exterior_7ab011,PUR_IED_Laureano_Exterior_7ab011,,,,,
2026-09-12T12:51:08-05:00,PUR_IED_LeonGreiff_Exte_dfe560,PUR_IED_LeonGreiff_Exte_dfe560,,,,,
2026-09-12T12:51:08-05:00,PUR_IED_LeonGreiff_S210_f264ed,PUR_IED_LeonGreiff_S210_f264ed,,,,,
2026-09-12T12:51:08-05:00,PUR_IED_LeonGreiff_SQuimi_e8296f,PUR_IED_LeonGreiff_SQuimi_e8296f,,,,,
2026-09-12T12:51:08-05:00,PUR_IED_LlanoOrientalS208_7b9fcd,PUR_IED_LlanoOrientalS208_7b9fcd,,,,,
2026-09-12T12:51:08-05:00,PUR_IED_LlanoOriental_Ext_fb3766,PUR_IED_LlanoOriental_Ext_fb3766,,,,,
2026-09-12T12:51:08-05:00,PUR_IED_LlanoOriental_S208_7b9fcd,PUR_IED_LlanoOriental_S208_7b9fcd,,,,,
2026-09-12T12:51:08-05:00,PUR_IED_LlanoOriental_S9_27b378,PUR_IED_LlanoOriental_S9_27b378,,,,,
2026-09-12T12:51:08-05:00,PUR_IED_LosTejares_1101_477602,PUR_IED_LosTejares_1101_477602,,,,,
2026-09-12T12:51:08-05:00,PUR_IED_LosTejares_11_d2c595,PUR_IED_LosTejares_11_d2c595,,,,,
2026-09-12T12:51:08-05:00,PUR_IED_LosTejares_12_477602,PUR_IED_LosTejares_12_477602,,,,,
2026-09-12T12:51:08-05:00,PUR_IED_LosTejares_Ext_8e2115,PUR_IED_LosTejares_Ext_8e2115,,,,,
2026-09-12T12:51:08-05:00,PUR_IED_MagdalenaO_B202_5ddda3,PUR_IED_MagdalenaO_B202_5ddda3,,,,,
2026-09-12T12:51:08-05:00,PUR_IED_MagdalenaO_B205_fb76e8,PUR_IED_MagdalenaO_B205_fb76e8,,,,,
2026-09-12T12:51:08-05:00,PUR_IED_MagdalenaO_ext_dc69cd,PUR_IED_MagdalenaO_ext_dc69cd,,,,,
2026-09-12T12:51:08-05:00,PUR_IED_ManueCepeda_artes_eee956,PUR_IED_ManueCepeda_artes_eee956,,,,,
2026-09-12T12:51:08-05:00,PUR_IED_ManuelCepeda_Ext_58313,PUR_IED_ManuelCepeda_Ext_58313,,,,,
2026-09-12T12:51:08-05:00,PUR_IED_ManuelCepeda_tec_1c5731,PUR_IED_ManuelCepeda_tec_1c5731,,,,,
2026-09-12T12:51:08-05:00,PUR_IED_ManuelS_Exterior_5b269,PUR_IED_ManuelS_Exterior_5b269,,,,,
2026-09-12T12:51:08-05:00,PUR_IED_ManuelS_Inform_f369ce,PUR_IED_ManuelS_Inform_f369ce,,,,,
2026-09-12T12:51:08-05:00,PUR_IED_ManuelS_SArtes_7d15f1,PUR_IED_ManuelS_SArtes_7d15f1,,,,,
2026-09-12T12:51:08-05:00,PUR_IED_ManuelZapata_303_3ca6,PUR_IED_ManuelZapata_303_3ca6,,,,,
2026-09-12T12:51:08-05:00,PUR_IED_ManuelZapata_311_bfbabc,PUR_IED_ManuelZapata_311_bfbabc,,,,,
2026-09-12T12:51:08-05:00,PUR_IED_ManuelZapata_Ext_50824a,PUR_IED_ManuelZapata_Ext_50824a,,,,,
2026-09-12T12:51:08-05:00,PUR_IED_ManuelitaS_Exteri_656a92,PUR_IED_ManuelitaS_Exteri_656a92,,,,,
2026-09-12T12:51:08-05:00,PUR_IED_ManuelitaS_JuzgDe_f58ec3,PUR_IED_ManuelitaS_JuzgDe_f58ec3,,,,,
2026-09-12T12:51:08-05:00,PUR_IED_ManuelitaS_Recrea_d793db,PUR_IED_ManuelitaS_Recrea_d793db,,,,,
2026-09-12T12:51:08-05:00,PUR_IED_MarFidSuarez_Ext_c27b19,PUR_IED_MarFidSuarez_Ext_c27b19,,,,,
2026-09-12T12:51:08-05:00,PUR_IED_MarFidSuarez_Info_e384d7,PUR_IED_MarFidSuarez_Info_e384d7,,,,,
2026-09-12T12:51:08-05:00,PUR_IED_MarFidSuarez_S306_1d0032,PUR_IED_MarFidSuarez_S306_1d0032,,,,,
2026-09-12T12:51:08-05:00,PUR_IED_Menorah_301_2a25a3,PUR_IED_Menorah_301_2a25a3,,,,,
2026-09-12T12:51:08-05:00,PUR_IED_Menorah_306_37ed3,PUR_IED_Menorah_306_37ed3,,,,,
2026-09-12T12:51:08-05:00,PUR_IED_Menorah_Ext_3e155b,PUR_IED_Menorah_Ext_3e155b,,,,,
2026-09-12T12:51:08-05:00,PUR_IED_MinutoB.Aires_A11_1b1604,PUR_IED_MinutoB.Aires_A11_1b1604,,,,,
2026-09-12T12:51:08-05:00,PUR_IED_MinutoB.Aires_A12_fb5860,PUR_IED_MinutoB.Aires_A12_fb5860,,,,,
2026-09-12T12:51:08-05:00,PUR_IED_MinutoB.Aires_Ext_81293f,PUR_IED_MinutoB.Aires_Ext_81293f,,,,,
2026-09-12T12:51:08-05:00,PUR_IED_MinutoBAires_A11_1b1604,PUR_IED_MinutoBAires_A11_1b1604,,,,,
2026-09-12T12:51:08-05:00,PUR_IED_MinutoBAires_A12_fb5860,PUR_IED_MinutoBAires_A12_fb5860,,,,,
2026-09-12T12:51:08-05:00,PUR_IED_MinutoBAires_Ext_81293f,PUR_IED_MinutoBAires_Ext_81293f,,,,,
2026-09-12T12:51:08-05:00,PUR_IED_Montreal_Aula10_1e4959,PUR_IED_Montreal_Aula10_1e4959,,,,,
2026-09-12T12:51:08-05:00,PUR_IED_Montreal_Aula6_300367,PUR_IED_Montreal_Aula6_300367,,,,,
2026-09-12T12:51:08-05:00,PUR_IED_Montreal_Exterior_91a179,PUR_IED_Montreal_Exterior_91a179,,,,,
2026-09-12T12:51:08-05:00,PUR_IED_Mqgdalena_B202_5ddda3,PUR_IED_Mqgdalena_B202_5ddda3,,,,,
2026-09-12T12:51:08-05:00,PUR_IED_NACUND_Soc_dc8728,PUR_IED_NACUND_Soc_dc8728,,,,,
2026-09-12T12:51:08-05:00,PUR_IED_NACUND_ext_27ad97,PUR_IED_NACUND_ext_27ad97,,,,,
2026-09-12T12:51:08-05:00,PUR_IED_NEsperanza_Ext_d24b61,PUR_IED_NEsperanza_Ext_d24b61,,,,,
2026-09-12T12:51:08-05:00,PUR_IED_NEsperanza_SElect_7d1807,PUR_IED_NEsperanza_SElect_7d1807,,,,,
2026-09-12T12:51:08-05:00,PUR_IED_NEsperanza_SLabor_8b2d0a,PUR_IED_NEsperanza_SLabor_8b2d0a,,,,,
2026-09-12T12:51:08-05:00,PUR_IED_NacionesU_Ext_f661a9,PUR_IED_NacionesU_Ext_f661a9,,,,,
2026-09-12T12:51:08-05:00,PUR_IED_NacionesU_Quimica_66f0a,PUR_IED_NacionesU_Quimica_66f0a,,,,,
2026-09-12T12:51:08-05:00,PUR_IED_NacionesU_S306_1b4b3d,PUR_IED_NacionesU_S306_1b4b3d,,,,,
2026-09-12T12:51:08-05:00,PUR_IED_NestorFA_Ext_e4201c,PUR_IED_NestorFA_Ext_e4201c,,,,,
2026-09-12T12:51:08-05:00,PUR_IED_NestorFA_Laborato_f22fe0,PUR_IED_NestorFA_Laborato_f22fe0,,,,,
2026-09-12T12:51:08-05:00,PUR_IED_NestorFA_S204_dee996,PUR_IED_NestorFA_S204_dee996,,,,,
2026-09-12T12:51:08-05:00,PUR_IED_NidyaQT_Aula03_76999b,PUR_IED_NidyaQT_Aula03_76999b,,,,,
2026-09-12T12:51:08-05:00,PUR_IED_NidyaQT_Aula10_56325,PUR_IED_NidyaQT_Aula10_56325,,,,,
2026-09-12T12:51:08-05:00,PUR_IED_NidyaQT_Ext_46e32d,PUR_IED_NidyaQT_Ext_46e32d,,,,,
2026-09-12T12:51:08-05:00,PUR_IED_NuevaCol_Exterior_d9b859,PUR_IED_NuevaCol_Exterior_d9b859,,,,,
2026-09-12T12:51:08-05:00,PUR_IED_NuevaCol_S1101_76c43b,PUR_IED_NuevaCol_S1101_76c43b,,,,,
2026-09-12T12:51:08-05:00,PUR_IED_NuevaCol_S1102_1ce0b5,PUR_IED_NuevaCol_S1102_1ce0b5,,,,,
2026-09-12T12:51:08-05:00,PUR_IED_OEA_A202_f7e3f2,PUR_IED_OEA_A202_f7e3f2,,,,,
2026-09-12T12:51:08-05:00,PUR_IED_OEA_A203_7d1b8d,PUR_IED_OEA_A203_7d1b8d,,,,,
2026-09-12T12:51:08-05:00,PUR_IED_OEA_Ext_27b593,PUR_IED_OEA_Ext_27b593,,,,,
2026-09-12T12:51:08-05:00,PUR_IED_Ochoa_Ext_1c29da,PUR_IED_Ochoa_Ext_1c29da,,,,,
2026-09-12T12:51:08-05:00,PUR_IED_Ochoa_S205_8b1121,PUR_IED_Ochoa_S205_8b1121,,,,,
2026-09-12T12:51:08-05:00,PUR_IED_Ochoa_Sistemas_f33af6,PUR_IED_Ochoa_Sistemas_f33af6,,,,,
2026-09-12T12:51:08-05:00,PUR_IED_PQuebec_Ext_1c67c7,PUR_IED_PQuebec_Ext_1c67c7,,,,,
2026-09-12T12:51:08-05:00,PUR_IED_PQuebec_S15_23e8e2,PUR_IED_PQuebec_S15_23e8e2,,,,,
2026-09-12T12:51:08-05:00,PUR_IED_PQuebec_S16_8ec76b,PUR_IED_PQuebec_S16_8ec76b,,,,,
2026-09-12T12:51:08-05:00,PUR_IED_PabloN_Ext_49dc96,PUR_IED_PabloN_Ext_49dc96,,,,,
2026-09-12T12:51:08-05:00,PUR_IED_PabloN_S1102_4e3df5,PUR_IED_PabloN_S1102_4e3df5,,,,,
2026-09-12T12:51:08-05:00,PUR_IED_PabloN_S1103_50c94b,PUR_IED_PabloN_S1103_50c94b,,,,,
2026-09-12T12:51:08-05:00,PUR_IED_Palestina_S1101_db9198,PUR_IED_Palestina_S1101_db9198,,,,,
2026-09-12T12:51:08-05:00,PUR_IED_Palestina_S1102_dc54fa,PUR_IED_Palestina_S1102_dc54fa,,,,,
2026-09-12T12:51:08-05:00,PUR_IED_Palestina_ext_4ccce6,PUR_IED_Palestina_ext_4ccce6,,,,,
2026-09-12T12:51:08-05:00,PUR_IED_Panama_Fisica_4d0794,PUR_IED_Panama_Fisica_4d0794,,,,,
2026-09-12T12:51:08-05:00,PUR_IED_Panama_SIngles_a4077e,PUR_IED_Panama_SIngles_a4077e,,,,,
2026-09-12T12:51:08-05:00,PUR_IED_Panama_ext_4c54b4,PUR_IED_Panama_ext_4c54b4,,,,,
2026-09-12T12:51:08-05:00,PUR_IED_ParaisoM_Exterior_8cd7f0,PUR_IED_ParaisoM_Exterior_8cd7f0,,,,,
2026-09-12T12:51:08-05:00,PUR_IED_ParaisoM_Laborato_27af35,PUR_IED_ParaisoM_Laborato_27af35,,,,,
2026-09-12T12:51:08-05:00,PUR_IED_ParaisoM_S304_d1edca,PUR_IED_ParaisoM_S304_d1edca,,,,,
2026-09-12T12:51:08-05:00,PUR_IED_PorfirioBarba_Ext_301466,PUR_IED_PorfirioBarba_Ext_301466,,,,,
2026-09-12T12:51:08-05:00,PUR_IED_PorfirioBarba_S11_df6cd2,PUR_IED_PorfirioBarba_S11_df6cd2,,,,,
2026-09-12T12:51:08-05:00,PUR_IED_PorfirioBarba_S29_27a7d6,PUR_IED_PorfirioBarba_S29_27a7d6,,,,,
2026-09-12T12:51:08-05:00,PUR_IED_PradoV_Exter_8b27ad,PUR_IED_PradoV_Exter_8b27ad,,,,,
2026-09-12T12:51:08-05:00,PUR_IED_PradoV_S301_de65b5,PUR_IED_PradoV_S301_de65b5,,,,,
2026-09-12T12:51:08-05:00,PUR_IED_PradoV_S302_7d2593,PUR_IED_PradoV_S302_7d2593,,,,,
2026-09-12T12:51:08-05:00,PUR_IED_QuirogaAlz_Ext_1ddc82,PUR_IED_QuirogaAlz_Ext_1ddc82,,,,,
2026-09-12T12:51:08-05:00,PUR_IED_QuirogaAlz_S302_9926a3,PUR_IED_QuirogaAlz_S302_9926a3,,,,,
2026-09-12T12:51:08-05:00,PUR_IED_QuirogaAlz_S305_cdf1f1,PUR_IED_QuirogaAlz_S305_cdf1f1,,,,,
2026-09-12T12:51:08-05:00,PUR_IED_RGuatemala_Biling_dc53b7,PUR_IED_RGuatemala_Biling_dc53b7,,,,,
2026-09-12T12:51:08-05:00,PUR_IED_RGuatemala_Ext_1b89a3,PUR_IED_RGuatemala_Ext_1b89a3,,,,,
2026-09-12T12:51:08-05:00,PUR_IED_RGuatemala_Tecnol_281a34,PUR_IED_RGuatemala_Tecnol_281a34,,,,,
2026-09-12T12:51:08-05:00,PUR_IED_RafaNu_Ext_f7c302,PUR_IED_RafaNu_Ext_f7c302,,,,,
2026-09-12T12:51:08-05:00,PUR_IED_RafaNu_S1101_25fde,PUR_IED_RafaNu_S1101_25fde,,,,,
2026-09-12T12:51:08-05:00,PUR_IED_RafaNu_S1102_281517,PUR_IED_RafaNu_S1102_281517,,,,,
2026-09-12T12:51:08-05:00,PUR_IED_RafaelB_S305_ee2783,PUR_IED_RafaelB_S305_ee2783,,,,,
2026-09-12T12:51:08-05:00,PUR_IED_RafaelB_S306_75fe33,PUR_IED_RafaelB_S306_75fe33,,,,,
2026-09-12T12:51:08-05:00,PUR_IED_RafaelB_ext_283336,PUR_IED_RafaelB_ext_283336,3,21,54,4.6722,-74.0737
2026-09-12T12:51:08-05:00,PUR_IED_RafaelUU_Exterior_281a51,PUR_IED_RafaelUU_Exterior_281a51,,,,,
2026-09-12T12:51:08-05:00,PUR_IED_RafaelUU_Human_806b2,PUR_IED_RafaelUU_Human_806b2,,,,,
2026-09-12T12:51:08-05:00,PUR_IED_RafaelUU_Mate2_5680d4,PUR_IED_RafaelUU_Mate2_5680d4,,,,,
2026-09-12T12:51:08-05:00,PUR_IED_RamonSub_Ext_f9eeb9,PUR_IED_RamonSub_Ext_f9eeb9,,,,,
2026-09-12T12:51:08-05:00,PUR_IED_RamonSub_Media_d1f62f,PUR_IED_RamonSub_Media_d1f62f,,,,,
2026-09-12T12:51:08-05:00,PUR_IED_RamonSub_planta_51b82,PUR_IED_RamonSub_planta_51b82,,,,,
2026-09-12T12:51:08-05:00,PUR_IED_RepBoliVene_Exter_27af7c,PUR_IED_RepBoliVene_Exter_27af7c,,,,,
2026-09-12T12:51:08-05:00,PUR_IED_RepBoliVene_SCPT_5ae2ee,PUR_IED_RepBoliVene_SCPT_5ae2ee,,,,,
2026-09-12T12:51:08-05:00,PUR_IED_RepBoliVene_Socia_4b11d5,PUR_IED_RepBoliVene_Socia_4b11d5,,,,,
2026-09-12T12:51:08-05:00,PUR_IED_RepChina_Ext_76d9ee,PUR_IED_RepChina_Ext_76d9ee,,,,,
2026-09-12T12:51:08-05:00,PUR_IED_RepChina_S404_7c804c,PUR_IED_RepChina_S404_7c804c,,,,,
2026-09-12T12:51:08-05:00,PUR_IED_RepChina_S405_df2c33,PUR_IED_RepChina_S405_df2c33,,,,,
2026-09-12T12:51:08-05:00,PUR_IED_RepublicaC_Exteri_7d1ec9,PUR_IED_RepublicaC_Exteri_7d1ec9,,,,,
2026-09-12T12:51:08-05:00,PUR_IED_RepublicaC_S1101_f544b3,PUR_IED_RepublicaC_S1101_f544b3,,,,,
2026-09-12T12:51:08-05:00,PUR_IED_RepublicaC_S1102_7aafc7,PUR_IED_RepublicaC_S1102_7aafc7,,,,,
2026-09-12T12:51:08-05:00,PUR_IED_Ricaurte_Externo_a0ea1,PUR_IED_Ricaurte_Externo_a0ea1,,,,,
2026-09-12T12:51:08-05:00,PUR_IED_Ricaurte_S210_f546fd,PUR_IED_Ricaurte_S210_f546fd,,,,,
2026-09-12T12:51:08-05:00,PUR_IED_Ricaurte_S309_d4452,PUR_IED_Ricaurte_S309_d4452,,,,,
2026-09-12T12:51:08-05:00,PUR_IED_RogelioS_1102_531e69,PUR_IED_RogelioS_1102_531e69,,,,,
2026-09-12T12:51:08-05:00,PUR_IED_RogelioS_Ext_f25a18,PUR_IED_RogelioS_Ext_f25a18,,,,,
2026-09-12T12:51:08-05:00,PUR_IED_SBernardino_Ext_27aff8,PUR_IED_SBernardino_Ext_27aff8,,,,,
2026-09-12T12:51:08-05:00,PUR_IED_SBernardino_SArte_2ffd33,PUR_IED_SBernardino_SArte_2ffd33,,,,,
2026-09-12T12:51:08-05:00,PUR_IED_SBernardino_SIngl_7c7da5,PUR_IED_SBernardino_SIngl_7c7da5,,,,,
2026-09-12T12:51:08-05:00,PUR_IED_Sago_auditorio_dc9d1d,PUR_IED_Sago_auditorio_dc9d1d,,,,,
2026-09-12T12:51:08-05:00,PUR_IED_Saludcoop_Ext_95aac3,PUR_IED_Saludcoop_Ext_95aac3,,,,,
2026-09-12T12:51:08-05:00,PUR_IED_Saludcoop_InfI_90c854,PUR_IED_Saludcoop_InfI_90c854,,,,,
2026-09-12T12:51:08-05:00,PUR_IED_Saludcoop_SMedia_1b93be,PUR_IED_Saludcoop_SMedia_1b93be,,,,,
2026-09-12T12:51:08-05:00,PUR_IED_SanCarlos_1101_1a2360,PUR_IED_SanCarlos_1101_1a2360,,,,,
2026-09-12T12:51:08-05:00,PUR_IED_SanCarlos_1103_7bafb5,PUR_IED_SanCarlos_1103_7bafb5,,,,,
2026-09-12T12:51:08-05:00,PUR_IED_SanCarlos_Ext_b7cd1,PUR_IED_SanCarlos_Ext_b7cd1,,,,,
2026-09-12T12:51:08-05:00,PUR_IED_SanIgnacioBosa11a_50c26e,PUR_IED_SanIgnacioBosa11a_50c26e,,,,,
2026-09-12T12:51:08-05:00,PUR_IED_SanIgnacioBosa11b_371de8,PUR_IED_SanIgnacioBosa11b_371de8,,,,,
2026-09-12T12:51:08-05:00,PUR_IED_SanIgnacioBosaExt_ef0ffc,PUR_IED_SanIgnacioBosaExt_ef0ffc,,,,,
2026-09-12T12:51:08-05:00,PUR_IED_SanIgnacioBosa_11a_50c26e,PUR_IED_SanIgnacioBosa_11a_50c26e,,,,,
2026-09-12T12:51:08-05:00,PUR_IED_SanIgnacioBosa_Ext_ef0ffc,PUR_IED_SanIgnacioBosa_Ext_ef0ffc,,,,,
2026-09-12T12:51:08-05:00,PUR_IED_SanJoseN_intS1101_31c47f,PUR_IED_SanJoseN_intS1101_31c47f,,,,,
2026-09-12T12:51:08-05:00,PUR_IED_SanJoseUsm_Exter_f5d7e8,PUR_IED_SanJoseUsm_Exter_f5d7e8,,,,,
2026-09-12T12:51:08-05:00,PUR_IED_SanJoseUsm_Int11A_cfdef6,PUR_IED_SanJoseUsm_Int11A_cfdef6,,,,,
2026-09-12T12:51:08-05:00,PUR_IED_SilveriaR_IntB5_905349,PUR_IED_SilveriaR_IntB5_905349,,,,,
2026-09-12T12:51:08-05:00,PUR_IED_SilveriaR_IntSD14_981f93,PUR_IED_SilveriaR_IntSD14_981f93,,,,,
2026-09-12T12:51:08-05:00,PUR_IED_SilveriaR_ext_2b651d,PUR_IED_SilveriaR_ext_2b651d,,,,,
2026-09-12T12:51:08-05:00,PUR_IED_SimonB_Exterior_913975,PUR_IED_SimonB_Exterior_913975,,,,,
2026-09-12T12:51:08-05:00,PUR_IED_SimonB_LabQuimi_c56908,PUR_IED_SimonB_LabQuimi_c56908,,,,,
2026-09-12T12:51:08-05:00,PUR_IED_SimonB_informatic_a28c1,PUR_IED_SimonB_informatic_a28c1,,,,,
2026-09-12T12:51:08-05:00,PUR_IED_Sorrento_1102_315f50,PUR_IED_Sorrento_1102_315f50,,,,,
2026-09-12T12:51:08-05:00,PUR_IED_Sorrento_Minte_214eab,PUR_IED_Sorrento_Minte_214eab,,,,,
2026-09-12T12:51:08-05:00,PUR_IED_Sorrento_ext_7c3a0a,PUR_IED_Sorrento_ext_7c3a0a,,,,,
2026-09-12T12:51:08-05:00,PUR_IED_Tabora_Ext_f048ae,PUR_IED_Tabora_Ext_f048ae,,,,,
2026-09-12T12:51:08-05:00,PUR_IED_Tabora_S1102_b07752,PUR_IED_Tabora_S1102_b07752,,,,,
2026-09-12T12:51:08-05:00,PUR_IED_Tabora_S1103_d988f5,PUR_IED_Tabora_S1103_d988f5,,,,,
2026-09-12T12:51:08-05:00,PUR_IED_Tenerife_Ext_1ab188,PUR_IED_Tenerife_Ext_1ab188,,,,,
2026-09-12T12:51:08-05:00,PUR_IED_Tenerife_SDanzas_7bc02e,PUR_IED_Tenerife_SDanzas_7bc02e,,,,,
2026-09-12T12:51:08-05:00,PUR_IED_Tenerife_SIngles_7cc277,PUR_IED_Tenerife_SIngles_7cc277,,,,,
2026-09-12T12:51:08-05:00,PUR_IED_Tibabuyes_Exter_f2683d,PUR_IED_Tibabuyes_Exter_f2683d,,,,,
2026-09-12T12:51:08-05:00,PUR_IED_Tibabuyes_S10_dc87a8,PUR_IED_Tibabuyes_S10_dc87a8,,,,,
2026-09-12T12:51:08-05:00,PUR_IED_Tibabuyes_S15_dc0526,PUR_IED_Tibabuyes_S15_dc0526,,,,,
2026-09-12T12:51:08-05:00,PUR_IED_UnionE_S301_a1043,PUR_IED_UnionE_S301_a1043,,,,,
2026-09-12T12:51:08-05:00,PUR_IED_UnionE_S307_ff6c2f,PUR_IED_UnionE_S307_ff6c2f,,,,,
2026-09-12T12:51:08-05:00,PUR_IED_UnionE__Ext_5e2468,PUR_IED_UnionE__Ext_5e2468,,,,,
2026-09-12T12:51:08-05:00,PUR_IED_VillaRica_Ext_75be7c,PUR_IED_VillaRica_Ext_75be7c,,,,,
2026-09-12T12:51:08-05:00,PUR_IED_VillaRica_S4_cc5dcd,PUR_IED_VillaRica_S4_cc5dcd,,,,,
2026-09-12T12:51:08-05:00,PUR_IED_VillaRica_Sesp_99f5c,PUR_IED_VillaRica_Sesp_99f5c,,,,,
2026-09-12T12:56:06-05:00,PUR_IED_20deJulio_1101_91b1b9,PUR_IED_20deJulio_1101_91b1b9,,,,,
2026-09-12T12:56:06-05:00,PUR_IED_20deJulio_1102_1cfcf9,PUR_IED_20deJulio_1102_1cfcf9,,,,,
2026-09-12T12:56:06-05:00,PUR_IED_20deJulio_Ext_ab60bd,PUR_IED_20deJulio_Ext_ab60bd,,,,,
2026-09-12T12:56:06-05:00,PUR_IED_AgustinFer_Ext_7b9b77,PUR_IED_AgustinFer_Ext_7b9b77,,,,,
2026-09-12T12:56:06-05:00,PUR_IED_AgustinFer_Info2_27b3a7,PUR_IED_AgustinFer_Info2_27b3a7,,,,,
2026-09-12T12:56:06-05:00,PUR_IED_AgustinFer_Sena_54b4eb,PUR_IED_AgustinFer_Sena_54b4eb,,,,,
2026-09-12T12:56:06-05:00,PUR_IED_AlexanderF_1102_caf07b,PUR_IED_AlexanderF_1102_caf07b,,,,,
2026-09-12T12:56:06-05:00,PUR_IED_AlexanderF_1103_c79e71,PUR_IED_AlexanderF_1103_c79e71,,,,,
2026-09-12T12:56:06-05:00,PUR_IED_AlexanderF_Ext_c5b18b,PUR_IED_AlexanderF_Ext_c5b18b,,,,,
2026-09-12T12:56:06-05:00,PUR_IED_AlfonsoLopez_Ext_281d77,PUR_IED_AlfonsoLopez_Ext_281d77,,,,,
2026-09-12T12:56:06-05:00,PUR_IED_AlfonsoLopez_LabF_888ce0,PUR_IED_AlfonsoLopez_LabF_888ce0,,,,,
2026-09-12T12:56:06-05:00,PUR_IED_AlfonsoLopez_SMed_df6a7f,PUR_IED_AlfonsoLopez_SMed_df6a7f,,,,,
2026-09-12T12:56:06-05:00,PUR_IED_AltamiraSO_A2_209f92,PUR_IED_AltamiraSO_A2_209f92,,,,,
2026-09-12T12:56:06-05:00,PUR_IED_AltamiraSO_Ext_186d66,PUR_IED_AltamiraSO_Ext_186d66,,,,,
2026-09-12T12:56:06-05:00,PUR_IED_AltamiraSO_Sistem_27afe1,PUR_IED_AltamiraSO_Sistem_27afe1,,,,,
2026-09-12T12:56:06-05:00,PUR_IED_AlvaroGom_LabQuim_813179,PUR_IED_AlvaroGom_LabQuim_813179,,,,,
2026-09-12T12:56:06-05:00,PUR_IED_AlvaroGomez_Ext_47c7ca,PUR_IED_AlvaroGomez_Ext_47c7ca,,,,,
2026-09-12T12:56:06-05:00,PUR_IED_AlvaroGomez_LabQuim_813179,PUR_IED_AlvaroGomez_LabQuim_813179,,,,,
2026-09-12T12:56:06-05:00,PUR_IED_AlvaroGomez_S23_7ba89f,PUR_IED_AlvaroGomez_S23_7ba89f,,,,,
2026-09-12T12:56:06-05:00,PUR_IED_Amistad_306_dc8728,PUR_IED_Amistad_306_dc8728,,,,,
2026-09-12T12:56:06-05:00,PUR_IED_Amistad_Ext_8cd55e,PUR_IED_Amistad_Ext_8cd55e,,,,,
2026-09-12T12:56:06-05:00,PUR_IED_Amistad_S202_a41169,PUR_IED_Amistad_S202_a41169,,,,,
2026-09-12T12:56:06-05:00,PUR_IED_AndresBello_Bio_fd5f5e,PUR_IED_AndresBello_Bio_fd5f5e,,,,,
2026-09-12T12:56:06-05:00,PUR_IED_AndresBello_ext_dcad65,PUR_IED_AndresBello_ext_dcad65,,,,,
2026-09-12T12:56:06-05:00,PUR_IED_AndresBello_port_eed3ec,PUR_IED_AndresBello_port_eed3ec,,,,,
2026-09-12T12:56:06-05:00,PUR_IED_AngelaR_11b_d90a6b,PUR_IED_AngelaR_11b_d90a6b,,,,,
2026-09-12T12:56:06-05:00,PUR_IED_AngelaR_ext_7cad3e,PUR_IED_AngelaR_ext_7cad3e,2,22,54,4.5825,-74.164497
2026-09-12T12:56:06-05:00,PUR_IED_AntJoseSucre_10mo_df2575,PUR_IED_AntJoseSucre_10mo_df2575,,,,,
2026-09-12T12:56:06-05:00,PUR_IED_AntJoseSucre_Ext_215b36,PUR_IED_AntJoseSucre_Ext_215b36,,,,,
2026-09-12T12:56:06-05:00,PUR_IED_AntJoseSucre_Lab_3139de,PUR_IED_AntJoseSucre_Lab_3139de,,,,,
2026-09-12T12:56:06-05:00,PUR_IED_AntonioGarcia_301_d6b188,PUR_IED_AntonioGarcia_301_d6b188,,,,,
2026-09-12T12:56:06-05:00,PUR_IED_AntonioGarcia_302_88a82,PUR_IED_AntonioGarcia_302_88a82,,,,,
2026-09-12T12:56:06-05:00,PUR_IED_AntonioGarcia_Ext_20950c,PUR_IED_AntonioGarcia_Ext_20950c,,,,,
2026-09-12T12:56:06-05:00,PUR_IED_AntonioVan_Aula2_6dea02,PUR_IED_AntonioVan_Aula2_6dea02,,,,,
2026-09-12T12:56:06-05:00,PUR_IED_AntonioVan_Aula5_f1557e,PUR_IED_AntonioVan_Aula5_f1557e,,,,,
2026-09-12T12:56:06-05:00,PUR_IED_AntonioVan_Ext_406f2f,PUR_IED_AntonioVan_Ext_406f2f,,,,,
2026-09-12T12:56:06-05:00,PUR_IED_Atabanzha_Ext_cc5af9,PUR_IED_Atabanzha_Ext_cc5af9,,,,,
2026-09-12T12:56:06-05:00,PUR_IED_Atabanzha_SA101_56c37,PUR_IED_Atabanzha_SA101_56c37,,,,,
2026-09-12T12:56:06-05:00,PUR_IED_Atabanzha_SB302_27b374,PUR_IED_Atabanzha_SB302_27b374,,,,,
2026-09-12T12:56:06-05:00,PUR_IED_Atahualpa_Ext_fc1748,PUR_IED_Atahualpa_Ext_fc1748,,,,,
2026-09-12T12:56:06-05:00,PUR_IED_Atahualpa_Informa_dc9a95,PUR_IED_Atahualpa_Informa_dc9a95,,,,,
2026-09-12T12:56:06-05:00,PUR_IED_Atahualpa_S1101_f98056,PUR_IED_Atahualpa_S1101_f98056,,,,,
2026-09-12T12:56:06-05:00,PUR_IED_Bellavista_Ext_f5aa74,PUR_IED_Bellavista_Ext_f5aa74,,,,,
2026-09-12T12:56:06-05:00,PUR_IED_Bilbao_11A_916c41,PUR_IED_Bilbao_11A_916c41,,,,,
2026-09-12T12:56:06-05:00,PUR_IED_Bilbao_Ext_fb579a,PUR_IED_Bilbao_Ext_fb579a,,,,,
2026-09-12T12:56:06-05:00,PUR_IED_BrasiliaU_A125_304280,PUR_IED_BrasiliaU_A125_304280,,,,,
2026-09-12T12:56:06-05:00,PUR_IED_BrasiliaU_A203_7c8ca5,PUR_IED_BrasiliaU_A203_7c8ca5,,,,,
2026-09-12T12:56:06-05:00,PUR_IED_BrasiliaU_Ext_8d6e9f,PUR_IED_BrasiliaU_Ext_8d6e9f,4,20,57,4.5175,-74.116302
2026-09-12T12:56:06-05:00,PUR_IED_Brasilia_Ext_fe6593,PUR_IED_Brasilia_Ext_fe6593,,,,,
2026-09-12T12:56:06-05:00,PUR_IED_Brasilia_S24_7c130d,PUR_IED_Brasilia_S24_7c130d,,,,,
2026-09-12T12:56:06-05:00,PUR_IED_Brasilia_S501_186a54,PUR_IED_Brasilia_S501_186a54,,,,,
2026-09-12T12:56:06-05:00,PUR_IED_CHARRY_EXT_f1d5cd,PUR_IED_CHARRY_EXT_f1d5cd,,,,,
2026-09-12T12:56:06-05:00,PUR_IED_CHARRY_INTDANZAS_7a08e6,PUR_IED_CHARRY_INTDANZAS_7a08e6,,,,,
2026-09-12T12:56:06-05:00,PUR_IED_CHARRY_INT_AULA20_dc998d,PUR_IED_CHARRY_INT_AULA20_dc998d,,,,,
2026-09-12T12:56:06-05:00,PUR_IED_COLVIV_1101_S25_7f520a,PUR_IED_COLVIV_1101_S25_7f520a,,,,,
2026-09-12T12:56:06-05:00,PUR_IED_COLVIV_1102_S16_f570ba,PUR_IED_COLVIV_1102_S16_f570ba,,,,,
2026-09-12T12:56:06-05:00,PUR_IED_COLVIV_Ext_1a26fa,PUR_IED_COLVIV_Ext_1a26fa,,,,,
2026-09-12T12:56:06-05:00,PUR_IED_CULPOP_301A_f660f3,PUR_IED_CULPOP_301A_f660f3,,,,,
2026-09-12T12:56:06-05:00,PUR_IED_CULPOP_303_568afe,PUR_IED_CULPOP_303_568afe,,,,,
2026-09-12T12:56:06-05:00,PUR_IED_CULPOP_Ext_e02ccb,PUR_IED_CULPOP_Ext_e02ccb,,,,,
2026-09-12T12:56:06-05:00,PUR_IED_CVillavicen_Ext_26eb58,PUR_IED_CVillavicen_Ext_26eb58,4,18,75,4.487,-74.102798
2026-09-12T12:56:06-05:00,PUR_IED_CVillavicen_Intel_1ce5c2,PUR_IED_CVillavicen_Intel_1ce5c2,,,,,
2026-09-12T12:56:06-05:00,PUR_IED_CVillavicen_Poliv_e0766c,PUR_IED_CVillavicen_Poliv_e0766c,,,,,
2026-09-12T12:56:06-05:00,PUR_IED_CVillavicen_int_1ba140,PUR_IED_CVillavicen_int_1ba140,,,,,
2026-09-12T12:56:06-05:00,PUR_IED_CVillavicen_intel_1ba140,PUR_IED_CVillavicen_intel_1ba140,,,,,
2026-09-12T12:56:06-05:00,PUR_IED_CarlosPizarro_Ext_e307cc,PUR_IED_CarlosPizarro_Ext_e307cc,,,,,
2026-09-12T12:56:06-05:00,PUR_IED_CarlosPizarro_L36_7e5cdb,PUR_IED_CarlosPizarro_L36_7e5cdb,,,,,
2026-09-12T12:56:06-05:00,PUR_IED_CarlosPizarro_L37_c8566c,PUR_IED_CarlosPizarro_L37_c8566c,,,,,
2026-09-12T12:56:06-05:00,PUR_IED_Castilla_Ext_cf35f,PUR_IED_Castilla_Ext_cf35f,,,,,
2026-09-12T12:56:06-05:00,PUR_IED_Castilla_SFisik_360e38,PUR_IED_Castilla_SFisik_360e38,,,,,
2026-09-12T12:56:06-05:00,PUR_IED_Castilla_Sc304_496fbf,PUR_IED_Castilla_Sc304_496fbf,,,,,
2026-09-12T12:56:06-05:00,PUR_IED_CervantesSa_Ext_6b57b,PUR_IED_CervantesSa_Ext_6b57b,2,20,64,4.5128,-74.117203
2026-09-12T12:56:06-05:00,PUR_IED_CervantesSa_S107_225c2b,PUR_IED_CervantesSa_S107_225c2b,,,,,
2026-09-12T12:56:06-05:00,PUR_IED_CervantesSa_S108_940925,PUR_IED_CervantesSa_S108_940925,,,,,
2026-09-12T12:56:06-05:00,PUR_IED_Charry_A20_f53e7c,PUR_IED_Charry_A20_f53e7c,,,,,
2026-09-12T12:56:06-05:00,PUR_IED_Charry_Ext_f1d5cd,PUR_IED_Charry_Ext_f1d5cd,,,,,
2026-09-12T12:56:06-05:00,PUR_IED_Charry_IntAula20_dc998d,PUR_IED_Charry_IntAula20_dc998d,,,,,
2026-09-12T12:56:06-05:00,PUR_IED_Charry_IntDanzas_7a08e6,PUR_IED_Charry_IntDanzas_7a08e6,,,,,
2026-09-12T12:56:06-05:00,PUR_IED_ClememciaC_203_43e2fc,PUR_IED_ClememciaC_203_43e2fc,,,,,
2026-09-12T12:56:06-05:00,PUR_IED_ClememciaC_Ext_1b411a,PUR_IED_ClememciaC_Ext_1b411a,,,,,
2026-09-12T12:56:06-05:00,PUR_IED_ClememciaC_Quimic_44b5fc,PUR_IED_ClememciaC_Quimic_44b5fc,,,,,
2026-09-12T12:56:06-05:00,PUR_IED_ClemenciaC_203_43e2fc,PUR_IED_ClemenciaC_203_43e2fc,,,,,
2026-09-12T12:56:06-05:00,PUR_IED_ClemenciaC_Ext_1b411a,PUR_IED_ClemenciaC_Ext_1b411a,,,,,
2026-09-12T12:56:06-05:00,PUR_IED_ClemenciaC_Quimic_44b5fc,PUR_IED_ClemenciaC_Quimic_44b5fc,,,,,
2026-09-12T12:56:06-05:00,PUR_IED_ColViva_1101_S25_7f520a,PUR_IED_ColViva_1101_S25_7f520a,,,,,
2026-09-12T12:56:06-05:00,PUR_IED_ColViva_1102_S16_f570ba,PUR_IED_ColViva_1102_S16_f570ba,,,,,
2026-09-12T12:56:06-05:00,PUR_IED_ColViva_Ext_1a26fa,PUR_IED_ColViva_Ext_1a26fa,,,,,
2026-09-12T12:56:06-05:00,PUR_IED_ColegioBici_Asist_7c8798,PUR_IED_ColegioBici_Asist_7c8798,,,,,
2026-09-12T12:56:06-05:00,PUR_IED_ColegioBici_Ext_25cbf6,PUR_IED_ColegioBici_Ext_25cbf6,,,,,
2026-09-12T12:56:06-05:00,PUR_IED_ColegioBici_LabQ_7b57db,PUR_IED_ColegioBici_LabQ_7b57db,,,,,
2026-09-12T12:56:06-05:00,PUR_IED_CostaRica_Ext_5e640,PUR_IED_CostaRica_Ext_5e640,,,,,
2026-09-12T12:56:06-05:00,PUR_IED_CostaRica_Quim1_766d1c,PUR_IED_CostaRica_Quim1_766d1c,,,,,
2026-09-12T12:56:06-05:00,PUR_IED_CostaRica__Fisica_6f0873,PUR_IED_CostaRica__Fisica_6f0873,,,,,
2026-09-12T12:56:06-05:00,PUR_IED_CulPopu_301A_f660f3,PUR_IED_CulPopu_301A_f660f3,,,,,
2026-09-12T12:56:06-05:00,PUR_IED_CulPopu_303_568afe,PUR_IED_CulPopu_303_568afe,,,,,
2026-09-12T12:56:06-05:00,PUR_IED_CulPopu_Ext_e02ccb,PUR_IED_CulPopu_Ext_e02ccb,,,,,
2026-09-12T12:56:06-05:00,PUR_IED_Cundinamarca_Ext_f15985,PUR_IED_Cundinamarca_Ext_f15985,,,,,
2026-09-12T12:56:06-05:00,PUR_IED_Cundinamarca_Info_7aa5d7,PUR_IED_Cundinamarca_Info_7aa5d7,,,,,
2026-09-12T12:56:06-05:00,PUR_IED_Cundinamarca_Tec2_f449c7,PUR_IED_Cundinamarca_Tec2_f449c7,,,,,
2026-09-12T12:56:06-05:00,PUR_IED_DiegoM_Aula1_27b314,PUR_IED_DiegoM_Aula1_27b314,,,,,
2026-09-12T12:56:06-05:00,PUR_IED_DiegoM_Ext_d80ac8,PUR_IED_DiegoM_Ext_d80ac8,,,,,
2026-09-12T12:56:06-05:00,PUR_IED_DiegoM_S25_da928f,PUR_IED_DiegoM_S25_da928f,,,,,
2026-09-12T12:56:06-05:00,PUR_IED_ELRODEO_360881,PUR_IED_ELRODEO_360881,,,,,
2026-09-12T12:56:06-05:00,PUR_IED_ELRODEO_ext_360881,PUR_IED_ELRODEO_ext_360881,,,,,
2026-09-12T12:56:06-05:00,PUR_IED_EduardoU_Ext_1c1969,PUR_IED_EduardoU_Ext_1c1969,,,,,
2026-09-12T12:56:06-05:00,PUR_IED_EduardoU_SCiencia_4dfb94,PUR_IED_EduardoU_SCiencia_4dfb94,,,,,
2026-09-12T12:56:06-05:00,PUR_IED_EduardoU_SQuimica_5a46e7,PUR_IED_EduardoU_SQuimica_5a46e7,,,,,
2026-09-12T12:56:06-05:00,PUR_IED_ElRodeo_Aula14_676984,PUR_IED_ElRodeo_Aula14_676984,,,,,
2026-09-12T12:56:06-05:00,PUR_IED_ElRodeo_Aula16_2dd35b,PUR_IED_ElRodeo_Aula16_2dd35b,,,,,
2026-09-12T12:56:06-05:00,PUR_IED_ElRodeo_Ext_360881,PUR_IED_ElRodeo_Ext_360881,,,,,
2026-09-12T12:56:06-05:00,PUR_IED_ElRodeo_Exterior_8c6d28,PUR_IED_ElRodeo_Exterior_8c6d28,,,,,
2026-09-12T12:56:06-05:00,PUR_IED_ElRodeo_ext_360881,PUR_IED_ElRodeo_ext_360881,,,,,
2026-09-12T12:56:06-05:00,PUR_IED_EmmaReyes_Ext_987625,PUR_IED_EmmaReyes_Ext_987625,3,22,46,4.6367,-74.1511
2026-09-12T12:56:06-05:00,PUR_IED_Ensueño_Ext_7f0250,PUR_IED_Ensueño_Ext_7f0250,,,,,
2026-09-12T12:56:06-05:00,PUR_IED_EscNormal_Ext_5fef3b,PUR_IED_EscNormal_Ext_5fef3b,2,23,49,4.5852,-74.096901
2026-09-12T12:56:06-05:00,PUR_IED_EscNormal_S309_5b263,PUR_IED_EscNormal_S309_5b263,,,,,
2026-09-12T12:56:06-05:00,PUR_IED_EscNormal_S310_27b3b8,PUR_IED_EscNormal_S310_27b3b8,,,,,
2026-09-12T12:56:06-05:00,PUR_IED_Evangelista_Conta_f6cd4f,PUR_IED_Evangelista_Conta_f6cd4f,,,,,
2026-09-12T12:56:06-05:00,PUR_IED_Evangelista_Cri_5e16a,PUR_IED_Evangelista_Cri_5e16a,,,,,
2026-09-12T12:56:06-05:00,PUR_IED_Evangelista_Exter_754066,PUR_IED_Evangelista_Exter_754066,,,,,
2026-09-12T12:56:06-05:00,PUR_IED_FMiranda_S209_5cc2a3,PUR_IED_FMiranda_S209_5cc2a3,,,,,
2026-09-12T12:56:06-05:00,PUR_IED_FMiranda_S303_19e344,PUR_IED_FMiranda_S303_19e344,,,,,
2026-09-12T12:56:06-05:00,PUR_IED_FMiranda_ext_f53e7c,PUR_IED_FMiranda_ext_f53e7c,,,,,
2026-09-12T12:56:06-05:00,PUR_IED_FabioLozano_Bibli_1cee05,PUR_IED_FabioLozano_Bibli_1cee05,,,,,
2026-09-12T12:56:06-05:00,PUR_IED_FabioLozano_Ext_6ea285,PUR_IED_FabioLozano_Ext_6ea285,,,,,
2026-09-12T12:56:06-05:00,PUR_IED_FabioLozano_SLudi_f09e1e,PUR_IED_FabioLozano_SLudi_f09e1e,,,,,
2026-09-12T12:56:06-05:00,PUR_IED_FaustinoS_Aula07_27a731,PUR_IED_FaustinoS_Aula07_27a731,,,,,
2026-09-12T12:56:06-05:00,PUR_IED_FaustinoS_Ext_7b936f,PUR_IED_FaustinoS_Ext_7b936f,,,,,
2026-09-12T12:56:06-05:00,PUR_IED_FaustinoS_Fisica_da2c60,PUR_IED_FaustinoS_Fisica_da2c60,,,,,
2026-09-12T12:56:06-05:00,PUR_IED_FeGarciaLo_Ext_dc68ee,PUR_IED_FeGarciaLo_Ext_dc68ee,,,,,
2026-09-12T12:56:06-05:00,PUR_IED_FeGarciaLo_SDanza_f70a59,PUR_IED_FeGarciaLo_SDanza_f70a59,,,,,
2026-09-12T12:56:06-05:00,PUR_IED_FeGarciaLo_SMusic_125cdd,PUR_IED_FeGarciaLo_SMusic_125cdd,,,,,
2026-09-12T12:56:06-05:00,PUR_IED_FederalAlema_Exte_50c345,PUR_IED_FederalAlema_Exte_50c345,,,,,
2026-09-12T12:56:06-05:00,PUR_IED_FederalAlema_S31_f18371,PUR_IED_FederalAlema_S31_f18371,,,,,
2026-09-12T12:56:06-05:00,PUR_IED_FederalAlema_S901_a62cd,PUR_IED_FederalAlema_S901_a62cd,,,,,
2026-09-12T12:56:06-05:00,PUR_IED_FilarmonicaS_A5_f35eb1,PUR_IED_FilarmonicaS_A5_f35eb1,,,,,
2026-09-12T12:56:06-05:00,PUR_IED_FilarmonicaS_Ext_8a3bde,PUR_IED_FilarmonicaS_Ext_8a3bde,,,,,
2026-09-12T12:56:06-05:00,PUR_IED_FilarmonicaS_Spol_406114,PUR_IED_FilarmonicaS_Spol_406114,,,,,
2026-09-12T12:56:06-05:00,PUR_IED_FlorentinoG_A13_d1fa59,PUR_IED_FlorentinoG_A13_d1fa59,,,,,
2026-09-12T12:56:06-05:00,PUR_IED_FlorentinoG_Ext_1ce6ce,PUR_IED_FlorentinoG_Ext_1ce6ce,,,,,
2026-09-12T12:56:06-05:00,PUR_IED_FlorentinoG_Idiom_a66aac,PUR_IED_FlorentinoG_Idiom_a66aac,,,,,
2026-09-12T12:56:06-05:00,PUR_IED_FranciscoMati_Ext_e3869d,PUR_IED_FranciscoMati_Ext_e3869d,,,,,
2026-09-12T12:56:06-05:00,PUR_IED_FranciscoMati_S13_f31c67,PUR_IED_FranciscoMati_S13_f31c67,,,,,
2026-09-12T12:56:06-05:00,PUR_IED_FranciscoMati_S14_97dead,PUR_IED_FranciscoMati_S14_97dead,,,,,
2026-09-12T12:56:06-05:00,PUR_IED_FranciscoPS_Ext_7bfa9a,PUR_IED_FranciscoPS_Ext_7bfa9a,2,24,48,4.5899,-74.110397
2026-09-12T12:56:06-05:00,PUR_IED_FranciscoPS_Infor_fb8f4c,PUR_IED_FranciscoPS_Infor_fb8f4c,,,,,
2026-09-12T12:56:06-05:00,PUR_IED_FranciscoPS_Quimi_94d39c,PUR_IED_FranciscoPS_Quimi_94d39c,,,,,
2026-09-12T12:56:06-05:00,PUR_IED_FranciscoP_LabQ_d7e148,PUR_IED_FranciscoP_LabQ_d7e148,,,,,
2026-09-12T12:56:06-05:00,PUR_IED_FranciscoP_S28_cf9b30,PUR_IED_FranciscoP_S28_cf9b30,,,,,
2026-09-12T12:56:06-05:00,PUR_IED_FranciscoP_ext_e2313,PUR_IED_FranciscoP_ext_e2313,,,,,
2026-09-12T12:56:06-05:00,PUR_IED_FriederichN_Ext_8ac92a,PUR_IED_FriederichN_Ext_8ac92a,,,,,
2026-09-12T12:56:06-05:00,PUR_IED_FriederichN_S301_dd7e5a,PUR_IED_FriederichN_S301_dd7e5a,,,,,
2026-09-12T12:56:06-05:00,PUR_IED_FriederichN_S308_761f4f,PUR_IED_FriederichN_S308_761f4f,,,,,
2026-09-12T12:56:06-05:00,PUR_IED_GSantander_Aula10_533dd7,PUR_IED_GSantander_Aula10_533dd7,,,,,
2026-09-12T12:56:06-05:00,PUR_IED_GSantander_Aula12_fd4e4f,PUR_IED_GSantander_Aula12_fd4e4f,,,,,
2026-09-12T12:56:06-05:00,PUR_IED_GSantander_Aula310_533dd7,PUR_IED_GSantander_Aula310_533dd7,,,,,
2026-09-12T12:56:06-05:00,PUR_IED_GSantander_Aula312_fd4e4f,PUR_IED_GSantander_Aula312_fd4e4f,,,,,
2026-09-12T12:56:06-05:00,PUR_IED_GSantander_Ext_5f66b0,PUR_IED_GSantander_Ext_5f66b0,,,,,
2026-09-12T12:56:06-05:00,PUR_IED_GYomasa_Ext_f6bea5,PUR_IED_GYomasa_Ext_f6bea5,,,,,
2026-09-12T12:56:06-05:00,PUR_IED_GYomasa_LBiol_2c41aa,PUR_IED_GYomasa_LBiol_2c41aa,,,,,
2026-09-12T12:56:06-05:00,PUR_IED_GYomasa_LQuim_33c80,PUR_IED_GYomasa_LQuim_33c80,,,,,
2026-09-12T12:56:06-05:00,PUR_IED_GabBetMejia_Cienc_5a99c,PUR_IED_GabBetMejia_Cienc_5a99c,,,,,
2026-09-12T12:56:06-05:00,PUR_IED_GabBetMejia_Ext_9153d0,PUR_IED_GabBetMejia_Ext_9153d0,,,,,
2026-09-12T12:56:06-05:00,PUR_IED_GabBetMejia_Lab_f55347,PUR_IED_GabBetMejia_Lab_f55347,,,,,
2026-09-12T12:56:06-05:00,PUR_IED_GabBetanMejia_Ext_9153d0,PUR_IED_GabBetanMejia_Ext_9153d0,,,,,
2026-09-12T12:56:06-05:00,PUR_IED_Gaitana_Aula13_7aac11,PUR_IED_Gaitana_Aula13_7aac11,,,,,
2026-09-12T12:56:06-05:00,PUR_IED_Gaitana_Ext_5fcf4,PUR_IED_Gaitana_Ext_5fcf4,,,,,
2026-09-12T12:56:06-05:00,PUR_IED_Gaitana_LabFisica_644448,PUR_IED_Gaitana_LabFisica_644448,,,,,
2026-09-12T12:56:06-05:00,PUR_IED_GenSantander_Dise_8ac858,PUR_IED_GenSantander_Dise_8ac858,,,,,
2026-09-12T12:56:06-05:00,PUR_IED_GenSantander_Ext_8d5dfe,PUR_IED_GenSantander_Ext_8d5dfe,,,,,
2026-09-12T12:56:06-05:00,PUR_IED_GenSantander_Info_6c25b,PUR_IED_GenSantander_Info_6c25b,,,,,
2026-09-12T12:56:06-05:00,PUR_IED_GustavoMo_Exterio_75e63d,PUR_IED_GustavoMo_Exterio_75e63d,,,,,
2026-09-12T12:56:06-05:00,PUR_IED_GustavoMo_LabFisi_224d37,PUR_IED_GustavoMo_LabFisi_224d37,,,,,
2026-09-12T12:56:06-05:00,PUR_IED_GustavoMo_S208_3e6918,PUR_IED_GustavoMo_S208_3e6918,,,,,
2026-09-12T12:56:06-05:00,PUR_IED_GustavoR_A02_8cd4a8,PUR_IED_GustavoR_A02_8cd4a8,,,,,
2026-09-12T12:56:06-05:00,PUR_IED_GustavoR_B11_5b0ed,PUR_IED_GustavoR_B11_5b0ed,,,,,
2026-09-12T12:56:06-05:00,PUR_IED_GustavoR_Ext_7a0c90,PUR_IED_GustavoR_Ext_7a0c90,,,,,
2026-09-12T12:56:06-05:00,PUR_IED_HernandoDuran_Ext_8cd82b,PUR_IED_HernandoDuran_Ext_8cd82b,,,,,
2026-09-12T12:56:06-05:00,PUR_IED_HernandoDuran_S24_2772c6,PUR_IED_HernandoDuran_S24_2772c6,,,,,
2026-09-12T12:56:06-05:00,PUR_IED_HernandoDuran_S30_f2de41,PUR_IED_HernandoDuran_S30_f2de41,,,,,
2026-09-12T12:56:06-05:00,PUR_IED_HolguInUr_S1101_8cd732,PUR_IED_HolguInUr_S1101_8cd732,,,,,
2026-09-12T12:56:06-05:00,PUR_IED_HolguinUr_Exter_ddae6d,PUR_IED_HolguinUr_Exter_ddae6d,,,,,
2026-09-12T12:56:06-05:00,PUR_IED_HolguinUr_LabQuim_92b952,PUR_IED_HolguinUr_LabQuim_92b952,,,,,
2026-09-12T12:56:06-05:00,PUR_IED_Isabel-II_Ext_5245cc,PUR_IED_Isabel-II_Ext_5245cc,2,21,49,4.6336,-74.153
2026-09-12T12:56:06-05:00,PUR_IED_Isabel-II_S_idiom_1c29aa,PUR_IED_Isabel-II_S_idiom_1c29aa,,,,,
2026-09-12T12:56:06-05:00,PUR_IED_Isabel-II_S_infor_fd741,PUR_IED_Isabel-II_S_infor_fd741,,,,,
2026-09-12T12:56:06-05:00,PUR_IED_IsidroSur_Exterio_5b90ea,PUR_IED_IsidroSur_Exterio_5b90ea,,,,,
2026-09-12T12:56:06-05:00,PUR_IED_IsidroSur_LabTec_56697a,PUR_IED_IsidroSur_LabTec_56697a,,,,,
2026-09-12T12:56:06-05:00,PUR_IED_IsidroSur_Robotic_b7c38f,PUR_IED_IsidroSur_Robotic_b7c38f,,,,,
2026-09-12T12:56:06-05:00,PUR_IED_IsmaelPerd_Ext_7b6672,PUR_IED_IsmaelPerd_Ext_7b6672,,,,,
2026-09-12T12:56:06-05:00,PUR_IED_IsmaelPerd_Inform_306540,PUR_IED_IsmaelPerd_Inform_306540,,,,,
2026-09-12T12:56:06-05:00,PUR_IED_IsmaelPerd_S30_2e2c83,PUR_IED_IsmaelPerd_S30_2e2c83,,,,,
2026-09-12T12:56:06-05:00,PUR_IED_JLozano_Exter_432910,PUR_IED_JLozano_Exter_432910,,,,,
2026-09-12T12:56:06-05:00,PUR_IED_JLozano_salaMulti_df5125,PUR_IED_JLozano_salaMulti_df5125,,,,,
2026-09-12T12:56:06-05:00,PUR_IED_JMCordoba_206_86f80b,PUR_IED_JMCordoba_206_86f80b,,,,,
2026-09-12T12:56:06-05:00,PUR_IED_JMCordoba_Ext_27ad97,PUR_IED_JMCordoba_Ext_27ad97,,,,,
2026-09-12T12:56:06-05:00,PUR_IED_JMCordoba_S310_d59ab4,PUR_IED_JMCordoba_S310_d59ab4,,,,,
2026-09-12T12:56:06-05:00,PUR_IED_Japon_Ext_549100,PUR_IED_Japon_Ext_549100,,,,,
2026-09-12T12:56:06-05:00,PUR_IED_Japon_Laboratorio_bec51d,PUR_IED_Japon_Laboratorio_bec51d,,,,,
2026-09-12T12:56:06-05:00,PUR_IED_Japon_informatica_d99327,PUR_IED_Japon_informatica_d99327,,,,,
2026-09-12T12:56:06-05:00,PUR_IED_Jazmin_Ext_d27bda,PUR_IED_Jazmin_Ext_d27bda,,,,,
2026-09-12T12:56:06-05:00,PUR_IED_Jazmin_Fisica_8d14d7,PUR_IED_Jazmin_Fisica_8d14d7,,,,,
2026-09-12T12:56:06-05:00,PUR_IED_Jazmin_Quimica_801cb5,PUR_IED_Jazmin_Quimica_801cb5,,,,,
2026-09-12T12:56:06-05:00,PUR_IED_JorgeGaitan_Exter_f098d1,PUR_IED_JorgeGaitan_Exter_f098d1,,,,,
2026-09-12T12:56:06-05:00,PUR_IED_JorgeGaitan_STec1_dc9d1d,PUR_IED_JorgeGaitan_STec1_dc9d1d,,,,,
2026-09-12T12:56:06-05:00,PUR_IED_JorgeGaitan_STec2_281e69,PUR_IED_JorgeGaitan_STec2_281e69,,,,,
2026-09-12T12:56:06-05:00,PUR_IED_JorgeSoto_Exterio_d9d0a2,PUR_IED_JorgeSoto_Exterio_d9d0a2,,,,,
2026-09-12T12:56:06-05:00,PUR_IED_JorgeSoto_LabFisi_209c54,PUR_IED_JorgeSoto_LabFisi_209c54,,,,,
2026-09-12T12:56:06-05:00,PUR_IED_JorgeSoto_S103_27b51a,PUR_IED_JorgeSoto_S103_27b51a,,,,,
2026-09-12T12:56:06-05:00,PUR_IED_JoseAcevedo_A02_e965eb,PUR_IED_JoseAcevedo_A02_e965eb,,,,,
2026-09-12T12:56:06-05:00,PUR_IED_JoseAcevedo_A07_dd5b4,PUR_IED_JoseAcevedo_A07_dd5b4,,,,,
2026-09-12T12:56:06-05:00,PUR_IED_JoseAcevedo_Ext_b47484,PUR_IED_JoseAcevedo_Ext_b47484,,,,,
2026-09-12T12:56:06-05:00,PUR_IED_JoseMarti_Exte_5b9bf,PUR_IED_JoseMarti_Exte_5b9bf,,,,,
2026-09-12T12:56:06-05:00,PUR_IED_JoseMarti_LabQuim_1c6c2d,PUR_IED_JoseMarti_LabQuim_1c6c2d,,,,,
2026-09-12T12:56:06-05:00,PUR_IED_JoseMarti_S_info_f5f177,PUR_IED_JoseMarti_S_info_f5f177,,,,,
2026-09-12T12:56:06-05:00,PUR_IED_Josejoaquin_Ext_dfc5dc,PUR_IED_Josejoaquin_Ext_dfc5dc,,,,,
2026-09-12T12:56:06-05:00,PUR_IED_Josejoaquin_S05_5b2a96,PUR_IED_Josejoaquin_S05_5b2a96,,,,,
2026-09-12T12:56:06-05:00,PUR_IED_Josejoaquin_S06_1ce7d2,PUR_IED_Josejoaquin_S06_1ce7d2,,,,,
2026-09-12T12:56:06-05:00,PUR_IED_JulioFlorez_Danza_9b82dd,PUR_IED_JulioFlorez_Danza_9b82dd,,,,,
2026-09-12T12:56:06-05:00,PUR_IED_JulioFlorez_Exter_f9f314,PUR_IED_JulioFlorez_Exter_f9f314,,,,,
2026-09-12T12:56:06-05:00,PUR_IED_JulioFlorez_info2_6b6e08,PUR_IED_JulioFlorez_info2_6b6e08,,,,,
2026-09-12T12:56:06-05:00,PUR_IED_LaBelleza_Aula13_1d00d8,PUR_IED_LaBelleza_Aula13_1d00d8,,,,,
2026-09-12T12:56:06-05:00,PUR_IED_LaBelleza_Ext_7bc08c,PUR_IED_LaBelleza_Ext_7bc08c,,,,,
2026-09-12T12:56:06-05:00,PUR_IED_LaChucua_Ext_8cd6d2,PUR_IED_LaChucua_Ext_8cd6d2,,,,,
2026-09-12T12:56:06-05:00,PUR_IED_LaChucua_S15_f578ce,PUR_IED_LaChucua_S15_f578ce,,,,,
2026-09-12T12:56:06-05:00,PUR_IED_LaChucua_S16_eebcf9,PUR_IED_LaChucua_S16_eebcf9,,,,,
2026-09-12T12:56:06-05:00,PUR_IED_LaFelicidad_Ext_fb5109,PUR_IED_LaFelicidad_Ext_fb5109,,,,,
2026-09-12T12:56:06-05:00,PUR_IED_LaMerced_206_66ebd,PUR_IED_LaMerced_206_66ebd,,,,,
2026-09-12T12:56:06-05:00,PUR_IED_LaMerced_207_6ebd6,PUR_IED_LaMerced_207_6ebd6,,,,,
2026-09-12T12:56:06-05:00,PUR_IED_LaMerced_ext_304311,PUR_IED_LaMerced_ext_304311,,,,,
2026-09-12T12:56:06-05:00,PUR_IED_Laureano_CiencNat_281e5e,PUR_IED_Laureano_CiencNat_281e5e,,,,,
2026-09-12T12:56:06-05:00,PUR_IED_Laureano_Comedor_f65c0a,PUR_IED_Laureano_Comedor_f65c0a,,,,,
2026-09-12T12:56:06-05:00,PUR_IED_Laureano_Exterior_7ab011,PUR_IED_Laureano_Exterior_7ab011,,,,,
2026-09-12T12:56:06-05:00,PUR_IED_LeonGreiff_Exte_dfe560,PUR_IED_LeonGreiff_Exte_dfe560,,,,,
2026-09-12T12:56:06-05:00,PUR_IED_LeonGreiff_S210_f264ed,PUR_IED_LeonGreiff_S210_f264ed,,,,,
2026-09-12T12:56:06-05:00,PUR_IED_LeonGreiff_SQuimi_e8296f,PUR_IED_LeonGreiff_SQuimi_e8296f,,,,,
2026-09-12T12:56:06-05:00,PUR_IED_LlanoOrientalS208_7b9fcd,PUR_IED_LlanoOrientalS208_7b9fcd,,,,,
2026-09-12T12:56:06-05:00,PUR_IED_LlanoOriental_Ext_fb3766,PUR_IED_LlanoOriental_Ext_fb3766,,,,,
2026-09-12T12:56:06-05:00,PUR_IED_LlanoOriental_S208_7b9fcd,PUR_IED_LlanoOriental_S208_7b9fcd,,,,,
2026-09-12T12:56:06-05:00,PUR_IED_LlanoOriental_S9_27b378,PUR_IED_LlanoOriental_S9_27b378,,,,,
2026-09-12T12:56:06-05:00,PUR_IED_LosTejares_1101_477602,PUR_IED_LosTejares_1101_477602,,,,,
2026-09-12T12:56:06-05:00,PUR_IED_LosTejares_11_d2c595,PUR_IED_LosTejares_11_d2c595,,,,,
2026-09-12T12:56:06-05:00,PUR_IED_LosTejares_12_477602,PUR_IED_LosTejares_12_477602,,,,,
2026-09-12T12:56:06-05:00,PUR_IED_LosTejares_Ext_8e2115,PUR_IED_LosTejares_Ext_8e2115,,,,,
2026-09-12T12:56:06-05:00,PUR_IED_MagdalenaO_B202_5ddda3,PUR_IED_MagdalenaO_B202_5ddda3,,,,,
2026-09-12T12:56:06-05:00,PUR_IED_MagdalenaO_B205_fb76e8,PUR_IED_MagdalenaO_B205_fb76e8,,,,,
2026-09-12T12:56:06-05:00,PUR_IED_MagdalenaO_ext_dc69cd,PUR_IED_MagdalenaO_ext_dc69cd,,,,,
2026-09-12T12:56:06-05:00,PUR_IED_ManueCepeda_artes_eee956,PUR_IED_ManueCepeda_artes_eee956,,,,,
2026-09-12T12:56:06-05:00,PUR_IED_ManuelCepeda_Ext_58313,PUR_IED_ManuelCepeda_Ext_58313,,,,,
2026-09-12T12:56:06-05:00,PUR_IED_ManuelCepeda_tec_1c5731,PUR_IED_ManuelCepeda_tec_1c5731,,,,,
2026-09-12T12:56:06-05:00,PUR_IED_ManuelS_Exterior_5b269,PUR_IED_ManuelS_Exterior_5b269,,,,,
2026-09-12T12:56:06-05:00,PUR_IED_ManuelS_Inform_f369ce,PUR_IED_ManuelS_Inform_f369ce,,,,,
2026-09-12T12:56:06-05:00,PUR_IED_ManuelS_SArtes_7d15f1,PUR_IED_ManuelS_SArtes_7d15f1,,,,,
2026-09-12T12:56:06-05:00,PUR_IED_ManuelZapata_303_3ca6,PUR_IED_ManuelZapata_303_3ca6,,,,,
2026-09-12T12:56:06-05:00,PUR_IED_ManuelZapata_311_bfbabc,PUR_IED_ManuelZapata_311_bfbabc,,,,,
2026-09-12T12:56:06-05:00,PUR_IED_ManuelZapata_Ext_50824a,PUR_IED_ManuelZapata_Ext_50824a,,,,,
2026-09-12T12:56:06-05:00,PUR_IED_ManuelitaS_Exteri_656a92,PUR_IED_ManuelitaS_Exteri_656a92,,,,,
2026-09-12T12:56:06-05:00,PUR_IED_ManuelitaS_JuzgDe_f58ec3,PUR_IED_ManuelitaS_JuzgDe_f58ec3,,,,,
2026-09-12T12:56:06-05:00,PUR_IED_ManuelitaS_Recrea_d793db,PUR_IED_ManuelitaS_Recrea_d793db,,,,,
2026-09-12T12:56:06-05:00,PUR_IED_MarFidSuarez_Ext_c27b19,PUR_IED_MarFidSuarez_Ext_c27b19,,,,,
2026-09-12T12:56:06-05:00,PUR_IED_MarFidSuarez_Info_e384d7,PUR_IED_MarFidSuarez_Info_e384d7,,,,,
2026-09-12T12:56:06-05:00,PUR_IED_MarFidSuarez_S306_1d0032,PUR_IED_MarFidSuarez_S306_1d0032,,,,,
2026-09-12T12:56:06-05:00,PUR_IED_Menorah_301_2a25a3,PUR_IED_Menorah_301_2a25a3,,,,,
2026-09-12T12:56:06-05:00,PUR_IED_Menorah_306_37ed3,PUR_IED_Menorah_306_37ed3,,,,,
2026-09-12T12:56:06-05:00,PUR_IED_Menorah_Ext_3e155b,PUR_IED_Menorah_Ext_3e155b,,,,,
2026-09-12T12:56:06-05:00,PUR_IED_MinutoB.Aires_A11_1b1604,PUR_IED_MinutoB.Aires_A11_1b1604,,,,,
2026-09-12T12:56:06-05:00,PUR_IED_MinutoB.Aires_A12_fb5860,PUR_IED_MinutoB.Aires_A12_fb5860,,,,,
2026-09-12T12:56:06-05:00,PUR_IED_MinutoB.Aires_Ext_81293f,PUR_IED_MinutoB.Aires_Ext_81293f,,,,,
2026-09-12T12:56:06-05:00,PUR_IED_MinutoBAires_A11_1b1604,PUR_IED_MinutoBAires_A11_1b1604,,,,,
2026-09-12T12:56:06-05:00,PUR_IED_MinutoBAires_A12_fb5860,PUR_IED_MinutoBAires_A12_fb5860,,,,,
2026-09-12T12:56:06-05:00,PUR_IED_MinutoBAires_Ext_81293f,PUR_IED_MinutoBAires_Ext_81293f,,,,,
2026-09-12T12:56:06-05:00,PUR_IED_Montreal_Aula10_1e4959,PUR_IED_Montreal_Aula10_1e4959,,,,,
2026-09-12T12:56:06-05:00,PUR_IED_Montreal_Aula6_300367,PUR_IED_Montreal_Aula6_300367,,,,,
2026-09-12T12:56:06-05:00,PUR_IED_Montreal_Exterior_91a179,PUR_IED_Montreal_Exterior_91a179,,,,,
2026-09-12T12:56:06-05:00,PUR_IED_Mqgdalena_B202_5ddda3,PUR_IED_Mqgdalena_B202_5ddda3,,,,,
2026-09-12T12:56:06-05:00,PUR_IED_NACUND_Soc_dc8728,PUR_IED_NACUND_Soc_dc8728,,,,,
2026-09-12T12:56:06-05:00,PUR_IED_NACUND_ext_27ad97,PUR_IED_NACUND_ext_27ad97,,,,,
2026-09-12T12:56:06-05:00,PUR_IED_NEsperanza_Ext_d24b61,PUR_IED_NEsperanza_Ext_d24b61,,,,,
2026-09-12T12:56:06-05:00,PUR_IED_NEsperanza_SElect_7d1807,PUR_IED_NEsperanza_SElect_7d1807,,,,,
2026-09-12T12:56:06-05:00,PUR_IED_NEsperanza_SLabor_8b2d0a,PUR_IED_NEsperanza_SLabor_8b2d0a,,,,,
2026-09-12T12:56:06-05:00,PUR_IED_NacionesU_Ext_f661a9,PUR_IED_NacionesU_Ext_f661a9,,,,,
2026-09-12T12:56:06-05:00,PUR_IED_NacionesU_Quimica_66f0a,PUR_IED_NacionesU_Quimica_66f0a,,,,,
2026-09-12T12:56:06-05:00,PUR_IED_NacionesU_S306_1b4b3d,PUR_IED_NacionesU_S306_1b4b3d,,,,,
2026-09-12T12:56:06-05:00,PUR_IED_NestorFA_Ext_e4201c,PUR_IED_NestorFA_Ext_e4201c,,,,,
2026-09-12T12:56:06-05:00,PUR_IED_NestorFA_Laborato_f22fe0,PUR_IED_NestorFA_Laborato_f22fe0,,,,,
2026-09-12T12:56:06-05:00,PUR_IED_NestorFA_S204_dee996,PUR_IED_NestorFA_S204_dee996,,,,,
2026-09-12T12:56:06-05:00,PUR_IED_NidyaQT_Aula03_76999b,PUR_IED_NidyaQT_Aula03_76999b,,,,,
2026-09-12T12:56:06-05:00,PUR_IED_NidyaQT_Aula10_56325,PUR_IED_NidyaQT_Aula10_56325,,,,,
2026-09-12T12:56:06-05:00,PUR_IED_NidyaQT_Ext_46e32d,PUR_IED_NidyaQT_Ext_46e32d,,,,,
2026-09-12T12:56:06-05:00,PUR_IED_NuevaCol_Exterior_d9b859,PUR_IED_NuevaCol_Exterior_d9b859,,,,,
2026-09-12T12:56:06-05:00,PUR_IED_NuevaCol_S1101_76c43b,PUR_IED_NuevaCol_S1101_76c43b,,,,,
2026-09-12T12:56:06-05:00,PUR_IED_NuevaCol_S1102_1ce0b5,PUR_IED_NuevaCol_S1102_1ce0b5,,,,,
2026-09-12T12:56:06-05:00,PUR_IED_OEA_A202_f7e3f2,PUR_IED_OEA_A202_f7e3f2,,,,,
2026-09-12T12:56:06-05:00,PUR_IED_OEA_A203_7d1b8d,PUR_IED_OEA_A203_7d1b8d,,,,,
2026-09-12T12:56:06-05:00,PUR_IED_OEA_Ext_27b593,PUR_IED_OEA_Ext_27b593,,,,,
2026-09-12T12:56:06-05:00,PUR_IED_Ochoa_Ext_1c29da,PUR_IED_Ochoa_Ext_1c29da,,,,,
2026-09-12T12:56:06-05:00,PUR_IED_Ochoa_S205_8b1121,PUR_IED_Ochoa_S205_8b1121,,,,,
2026-09-12T12:56:06-05:00,PUR_IED_Ochoa_Sistemas_f33af6,PUR_IED_Ochoa_Sistemas_f33af6,,,,,
2026-09-12T12:56:06-05:00,PUR_IED_PQuebec_Ext_1c67c7,PUR_IED_PQuebec_Ext_1c67c7,,,,,
2026-09-12T12:56:06-05:00,PUR_IED_PQuebec_S15_23e8e2,PUR_IED_PQuebec_S15_23e8e2,,,,,
2026-09-12T12:56:06-05:00,PUR_IED_PQuebec_S16_8ec76b,PUR_IED_PQuebec_S16_8ec76b,,,,,
2026-09-12T12:56:06-05:00,PUR_IED_PabloN_Ext_49dc96,PUR_IED_PabloN_Ext_49dc96,,,,,
2026-09-12T12:56:06-05:00,PUR_IED_PabloN_S1102_4e3df5,PUR_IED_PabloN_S1102_4e3df5,,,,,
2026-09-12T12:56:06-05:00,PUR_IED_PabloN_S1103_50c94b,PUR_IED_PabloN_S1103_50c94b,,,,,
2026-09-12T12:56:06-05:00,PUR_IED_Palestina_S1101_db9198,PUR_IED_Palestina_S1101_db9198,,,,,
2026-09-12T12:56:06-05:00,PUR_IED_Palestina_S1102_dc54fa,PUR_IED_Palestina_S1102_dc54fa,,,,,
2026-09-12T12:56:06-05:00,PUR_IED_Palestina_ext_4ccce6,PUR_IED_Palestina_ext_4ccce6,,,,,
2026-09-12T12:56:06-05:00,PUR_IED_Panama_Fisica_4d0794,PUR_IED_Panama_Fisica_4d0794,,,,,
2026-09-12T12:56:06-05:00,PUR_IED_Panama_SIngles_a4077e,PUR_IED_Panama_SIngles_a4077e,,,,,
2026-09-12T12:56:06-05:00,PUR_IED_Panama_ext_4c54b4,PUR_IED_Panama_ext_4c54b4,,,,,
2026-09-12T12:56:06-05:00,PUR_IED_ParaisoM_Exterior_8cd7f0,PUR_IED_ParaisoM_Exterior_8cd7f0,,,,,
2026-09-12T12:56:06-05:00,PUR_IED_ParaisoM_Laborato_27af35,PUR_IED_ParaisoM_Laborato_27af35,,,,,
2026-09-12T12:56:06-05:00,PUR_IED_ParaisoM_S304_d1edca,PUR_IED_ParaisoM_S304_d1edca,,,,,
2026-09-12T12:56:06-05:00,PUR_IED_PorfirioBarba_Ext_301466,PUR_IED_PorfirioBarba_Ext_301466,,,,,
2026-09-12T12:56:06-05:00,PUR_IED_PorfirioBarba_S11_df6cd2,PUR_IED_PorfirioBarba_S11_df6cd2,,,,,
2026-09-12T12:56:06-05:00,PUR_IED_PorfirioBarba_S29_27a7d6,PUR_IED_PorfirioBarba_S29_27a7d6,,,,,
2026-09-12T12:56:06-05:00,PUR_IED_PradoV_Exter_8b27ad,PUR_IED_PradoV_Exter_8b27ad,,,,,
2026-09-12T12:56:06-05:00,PUR_IED_PradoV_S301_de65b5,PUR_IED_PradoV_S301_de65b5,,,,,
2026-09-12T12:56:06-05:00,PUR_IED_PradoV_S302_7d2593,PUR_IED_PradoV_S302_7d2593,,,,,
2026-09-12T12:56:06-05:00,PUR_IED_QuirogaAlz_Ext_1ddc82,PUR_IED_QuirogaAlz_Ext_1ddc82,,,,,
2026-09-12T12:56:06-05:00,PUR_IED_QuirogaAlz_S302_9926a3,PUR_IED_QuirogaAlz_S302_9926a3,,,,,
2026-09-12T12:56:06-05:00,PUR_IED_QuirogaAlz_S305_cdf1f1,PUR_IED_QuirogaAlz_S305_cdf1f1,,,,,
2026-09-12T12:56:06-05:00,PUR_IED_RGuatemala_Biling_dc53b7,PUR_IED_RGuatemala_Biling_dc53b7,,,,,
2026-09-12T12:56:06-05:00,PUR_IED_RGuatemala_Ext_1b89a3,PUR_IED_RGuatemala_Ext_1b89a3,,,,,
2026-09-12T12:56:06-05:00,PUR_IED_RGuatemala_Tecnol_281a34,PUR_IED_RGuatemala_Tecnol_281a34,,,,,
2026-09-12T12:56:06-05:00,PUR_IED_RafaNu_Ext_f7c302,PUR_IED_RafaNu_Ext_f7c302,,,,,
2026-09-12T12:56:06-05:00,PUR_IED_RafaNu_S1101_25fde,PUR_IED_RafaNu_S1101_25fde,,,,,
2026-09-12T12:56:06-05:00,PUR_IED_RafaNu_S1102_281517,PUR_IED_RafaNu_S1102_281517,,,,,
2026-09-12T12:56:06-05:00,PUR_IED_RafaelB_S305_ee2783,PUR_IED_RafaelB_S305_ee2783,,,,,
2026-09-12T12:56:06-05:00,PUR_IED_RafaelB_S306_75fe33,PUR_IED_RafaelB_S306_75fe33,,,,,
2026-09-12T12:56:06-05:00,PUR_IED_RafaelB_ext_283336,PUR_IED_RafaelB_ext_283336,2,21,54,4.6722,-74.0737
2026-09-12T12:56:06-05:00,PUR_IED_RafaelUU_Exterior_281a51,PUR_IED_RafaelUU_Exterior_281a51,,,,,
2026-09-12T12:56:06-05:00,PUR_IED_RafaelUU_Human_806b2,PUR_IED_RafaelUU_Human_806b2,,,,,
2026-09-12T12:56:06-05:00,PUR_IED_RafaelUU_Mate2_5680d4,PUR_IED_RafaelUU_Mate2_5680d4,,,,,
2026-09-12T12:56:06-05:00,PUR_IED_RamonSub_Ext_f9eeb9,PUR_IED_RamonSub_Ext_f9eeb9,,,,,
2026-09-12T12:56:06-05:00,PUR_IED_RamonSub_Media_d1f62f,PUR_IED_RamonSub_Media_d1f62f,,,,,
2026-09-12T12:56:06-05:00,PUR_IED_RamonSub_planta_51b82,PUR_IED_RamonSub_planta_51b82,,,,,
2026-09-12T12:56:06-05:00,PUR_IED_RepBoliVene_Exter_27af7c,PUR_IED_RepBoliVene_Exter_27af7c,,,,,
2026-09-12T12:56:06-05:00,PUR_IED_RepBoliVene_SCPT_5ae2ee,PUR_IED_RepBoliVene_SCPT_5ae2ee,,,,,
2026-09-12T12:56:06-05:00,PUR_IED_RepBoliVene_Socia_4b11d5,PUR_IED_RepBoliVene_Socia_4b11d5,,,,,
2026-09-12T12:56:06-05:00,PUR_IED_RepChina_Ext_76d9ee,PUR_IED_RepChina_Ext_76d9ee,,,,,
2026-09-12T12:56:06-05:00,PUR_IED_RepChina_S404_7c804c,PUR_IED_RepChina_S404_7c804c,,,,,
2026-09-12T12:56:06-05:00,PUR_IED_RepChina_S405_df2c33,PUR_IED_RepChina_S405_df2c33,,,,,
2026-09-12T12:56:06-05:00,PUR_IED_RepublicaC_Exteri_7d1ec9,PUR_IED_RepublicaC_Exteri_7d1ec9,,,,,
2026-09-12T12:56:06-05:00,PUR_IED_RepublicaC_S1101_f544b3,PUR_IED_RepublicaC_S1101_f544b3,,,,,
2026-09-12T12:56:06-05:00,PUR_IED_RepublicaC_S1102_7aafc7,PUR_IED_RepublicaC_S1102_7aafc7,,,,,
2026-09-12T12:56:06-05:00,PUR_IED_Ricaurte_Externo_a0ea1,PUR_IED_Ricaurte_Externo_a0ea1,,,,,
2026-09-12T12:56:06-05:00,PUR_IED_Ricaurte_S210_f546fd,PUR_IED_Ricaurte_S210_f546fd,,,,,
2026-09-12T12:56:06-05:00,PUR_IED_Ricaurte_S309_d4452,PUR_IED_Ricaurte_S309_d4452,,,,,
2026-09-12T12:56:06-05:00,PUR_IED_RogelioS_1102_531e69,PUR_IED_RogelioS_1102_531e69,,,,,
2026-09-12T12:56:06-05:00,PUR_IED_RogelioS_Ext_f25a18,PUR_IED_RogelioS_Ext_f25a18,,,,,
2026-09-12T12:56:06-05:00,PUR_IED_SBernardino_Ext_27aff8,PUR_IED_SBernardino_Ext_27aff8,,,,,
2026-09-12T12:56:06-05:00,PUR_IED_SBernardino_SArte_2ffd33,PUR_IED_SBernardino_SArte_2ffd33,,,,,
2026-09-12T12:56:06-05:00,PUR_IED_SBernardino_SIngl_7c7da5,PUR_IED_SBernardino_SIngl_7c7da5,,,,,
2026-09-12T12:56:06-05:00,PUR_IED_Sago_auditorio_dc9d1d,PUR_IED_Sago_auditorio_dc9d1d,,,,,
2026-09-12T12:56:06-05:00,PUR_IED_Saludcoop_Ext_95aac3,PUR_IED_Saludcoop_Ext_95aac3,,,,,
2026-09-12T12:56:06-05:00,PUR_IED_Saludcoop_InfI_90c854,PUR_IED_Saludcoop_InfI_90c854,,,,,
2026-09-12T12:56:06-05:00,PUR_IED_Saludcoop_SMedia_1b93be,PUR_IED_Saludcoop_SMedia_1b93be,,,,,
2026-09-12T12:56:06-05:00,PUR_IED_SanCarlos_1101_1a2360,PUR_IED_SanCarlos_1101_1a2360,,,,,
2026-09-12T12:56:06-05:00,PUR_IED_SanCarlos_1103_7bafb5,PUR_IED_SanCarlos_1103_7bafb5,,,,,
2026-09-12T12:56:06-05:00,PUR_IED_SanCarlos_Ext_b7cd1,PUR_IED_SanCarlos_Ext_b7cd1,,,,,
2026-09-12T12:56:06-05:00,PUR_IED_SanIgnacioBosa11a_50c26e,PUR_IED_SanIgnacioBosa11a_50c26e,,,,,
2026-09-12T12:56:06-05:00,PUR_IED_SanIgnacioBosa11b_371de8,PUR_IED_SanIgnacioBosa11b_371de8,,,,,
2026-09-12T12:56:06-05:00,PUR_IED_SanIgnacioBosaExt_ef0ffc,PUR_IED_SanIgnacioBosaExt_ef0ffc,,,,,
2026-09-12T12:56:06-05:00,PUR_IED_SanIgnacioBosa_11a_50c26e,PUR_IED_SanIgnacioBosa_11a_50c26e,,,,,
2026-09-12T12:56:06-05:00,PUR_IED_SanIgnacioBosa_Ext_ef0ffc,PUR_IED_SanIgnacioBosa_Ext_ef0ffc,,,,,
2026-09-12T12:56:06-05:00,PUR_IED_SanJoseN_intS1101_31c47f,PUR_IED_SanJoseN_intS1101_31c47f,,,,,
2026-09-12T12:56:06-05:00,PUR_IED_SanJoseUsm_Exter_f5d7e8,PUR_IED_SanJoseUsm_Exter_f5d7e8,,,,,
2026-09-12T12:56:06-05:00,PUR_IED_SanJoseUsm_Int11A_cfdef6,PUR_IED_SanJoseUsm_Int11A_cfdef6,,,,,
2026-09-12T12:56:06-05:00,PUR_IED_SilveriaR_IntB5_905349,PUR_IED_SilveriaR_IntB5_905349,,,,,
2026-09-12T12:56:06-05:00,PUR_IED_SilveriaR_IntSD14_981f93,PUR_IED_SilveriaR_IntSD14_981f93,,,,,
2026-09-12T12:56:06-05:00,PUR_IED_SilveriaR_ext_2b651d,PUR_IED_SilveriaR_ext_2b651d,,,,,
2026-09-12T12:56:06-05:00,PUR_IED_SimonB_Exterior_913975,PUR_IED_SimonB_Exterior_913975,,,,,
2026-09-12T12:56:06-05:00,PUR_IED_SimonB_LabQuimi_c56908,PUR_IED_SimonB_LabQuimi_c56908,,,,,
2026-09-12T12:56:06-05:00,PUR_IED_SimonB_informatic_a28c1,PUR_IED_SimonB_informatic_a28c1,,,,,
2026-09-12T12:56:06-05:00,PUR_IED_Sorrento_1102_315f50,PUR_IED_Sorrento_1102_315f50,,,,,
2026-09-12T12:56:06-05:00,PUR_IED_Sorrento_Minte_214eab,PUR_IED_Sorrento_Minte_214eab,,,,,
2026-09-12T12:56:06-05:00,PUR_IED_Sorrento_ext_7c3a0a,PUR_IED_Sorrento_ext_7c3a0a,,,,,
2026-09-12T12:56:06-05:00,PUR_IED_Tabora_Ext_f048ae,PUR_IED_Tabora_Ext_f048ae,,,,,
2026-09-12T12:56:06-05:00,PUR_IED_Tabora_S1102_b07752,PUR_IED_Tabora_S1102_b07752,,,,,
2026-09-12T12:56:06-05:00,PUR_IED_Tabora_S1103_d988f5,PUR_IED_Tabora_S1103_d988f5,,,,,
2026-09-12T12:56:06-05:00,PUR_IED_Tenerife_Ext_1ab188,PUR_IED_Tenerife_Ext_1ab188,,,,,
2026-09-12T12:56:06-05:00,PUR_IED_Tenerife_SDanzas_7bc02e,PUR_IED_Tenerife_SDanzas_7bc02e,,,,,
2026-09-12T12:56:06-05:00,PUR_IED_Tenerife_SIngles_7cc277,PUR_IED_Tenerife_SIngles_7cc277,,,,,
2026-09-12T12:56:06-05:00,PUR_IED_Tibabuyes_Exter_f2683d,PUR_IED_Tibabuyes_Exter_f2683d,,,,,
2026-09-12T12:56:06-05:00,PUR_IED_Tibabuyes_S10_dc87a8,PUR_IED_Tibabuyes_S10_dc87a8,,,,,
2026-09-12T12:56:06-05:00,PUR_IED_Tibabuyes_S15_dc0526,PUR_IED_Tibabuyes_S15_dc0526,,,,,
2026-09-12T12:56:06-05:00,PUR_IED_UnionE_S301_a1043,PUR_IED_UnionE_S301_a1043,,,,,
2026-09-12T12:56:06-05:00,PUR_IED_UnionE_S307_ff6c2f,PUR_IED_UnionE_S307_ff6c2f,,,,,
2026-09-12T12:56:06-05:00,PUR_IED_UnionE__Ext_5e2468,PUR_IED_UnionE__Ext_5e2468,,,,,
2026-09-12T12:56:06-05:00,PUR_IED_VillaRica_Ext_75be7c,PUR_IED_VillaRica_Ext_75be7c,,,,,
2026-09-12T12:56:06-05:00,PUR_IED_VillaRica_S4_cc5dcd,PUR_IED_VillaRica_S4_cc5dcd,,,,,
2026-09-12T12:56:06-05:00,PUR_IED_VillaRica_Sesp_99f5c,PUR_IED_VillaRica_Sesp_99f5c,,,,,
2026-09-12T13:01:14-05:00,PUR_IED_20deJulio_1101_91b1b9,PUR_IED_20deJulio_1101_91b1b9,,,,,
2026-09-12T13:01:14-05:00,PUR_IED_20deJulio_1102_1cfcf9,PUR_IED_20deJulio_1102_1cfcf9,,,,,
2026-09-12T13:01:14-05:00,PUR_IED_20deJulio_Ext_ab60bd,PUR_IED_20deJulio_Ext_ab60bd,,,,,
2026-09-12T13:01:14-05:00,PUR_IED_AgustinFer_Ext_7b9b77,PUR_IED_AgustinFer_Ext_7b9b77,,,,,
2026-09-12T13:01:14-05:00,PUR_IED_AgustinFer_Info2_27b3a7,PUR_IED_AgustinFer_Info2_27b3a7,,,,,
2026-09-12T13:01:14-05:00,PUR_IED_AgustinFer_Sena_54b4eb,PUR_IED_AgustinFer_Sena_54b4eb,,,,,
2026-09-12T13:01:14-05:00,PUR_IED_AlexanderF_1102_caf07b,PUR_IED_AlexanderF_1102_caf07b,,,,,
2026-09-12T13:01:14-05:00,PUR_IED_AlexanderF_1103_c79e71,PUR_IED_AlexanderF_1103_c79e71,,,,,
2026-09-12T13:01:14-05:00,PUR_IED_AlexanderF_Ext_c5b18b,PUR_IED_AlexanderF_Ext_c5b18b,,,,,
2026-09-12T13:01:14-05:00,PUR_IED_AlfonsoLopez_Ext_281d77,PUR_IED_AlfonsoLopez_Ext_281d77,,,,,
2026-09-12T13:01:14-05:00,PUR_IED_AlfonsoLopez_LabF_888ce0,PUR_IED_AlfonsoLopez_LabF_888ce0,,,,,
2026-09-12T13:01:14-05:00,PUR_IED_AlfonsoLopez_SMed_df6a7f,PUR_IED_AlfonsoLopez_SMed_df6a7f,,,,,
2026-09-12T13:01:14-05:00,PUR_IED_AltamiraSO_A2_209f92,PUR_IED_AltamiraSO_A2_209f92,,,,,
2026-09-12T13:01:14-05:00,PUR_IED_AltamiraSO_Ext_186d66,PUR_IED_AltamiraSO_Ext_186d66,,,,,
2026-09-12T13:01:14-05:00,PUR_IED_AltamiraSO_Sistem_27afe1,PUR_IED_AltamiraSO_Sistem_27afe1,,,,,
2026-09-12T13:01:14-05:00,PUR_IED_AlvaroGom_LabQuim_813179,PUR_IED_AlvaroGom_LabQuim_813179,,,,,
2026-09-12T13:01:14-05:00,PUR_IED_AlvaroGomez_Ext_47c7ca,PUR_IED_AlvaroGomez_Ext_47c7ca,,,,,
2026-09-12T13:01:14-05:00,PUR_IED_AlvaroGomez_LabQuim_813179,PUR_IED_AlvaroGomez_LabQuim_813179,,,,,
2026-09-12T13:01:14-05:00,PUR_IED_AlvaroGomez_S23_7ba89f,PUR_IED_AlvaroGomez_S23_7ba89f,,,,,
2026-09-12T13:01:14-05:00,PUR_IED_Amistad_306_dc8728,PUR_IED_Amistad_306_dc8728,,,,,
2026-09-12T13:01:14-05:00,PUR_IED_Amistad_Ext_8cd55e,PUR_IED_Amistad_Ext_8cd55e,,,,,
2026-09-12T13:01:14-05:00,PUR_IED_Amistad_S202_a41169,PUR_IED_Amistad_S202_a41169,,,,,
2026-09-12T13:01:14-05:00,PUR_IED_AndresBello_Bio_fd5f5e,PUR_IED_AndresBello_Bio_fd5f5e,,,,,
2026-09-12T13:01:14-05:00,PUR_IED_AndresBello_ext_dcad65,PUR_IED_AndresBello_ext_dcad65,,,,,
2026-09-12T13:01:14-05:00,PUR_IED_AndresBello_port_eed3ec,PUR_IED_AndresBello_port_eed3ec,,,,,
2026-09-12T13:01:14-05:00,PUR_IED_AngelaR_11b_d90a6b,PUR_IED_AngelaR_11b_d90a6b,,,,,
2026-09-12T13:01:14-05:00,PUR_IED_AngelaR_ext_7cad3e,PUR_IED_AngelaR_ext_7cad3e,2,21,55,4.5825,-74.164497
2026-09-12T13:01:14-05:00,PUR_IED_AntJoseSucre_10mo_df2575,PUR_IED_AntJoseSucre_10mo_df2575,,,,,
2026-09-12T13:01:14-05:00,PUR_IED_AntJoseSucre_Ext_215b36,PUR_IED_AntJoseSucre_Ext_215b36,,,,,
2026-09-12T13:01:14-05:00,PUR_IED_AntJoseSucre_Lab_3139de,PUR_IED_AntJoseSucre_Lab_3139de,,,,,
2026-09-12T13:01:14-05:00,PUR_IED_AntonioGarcia_301_d6b188,PUR_IED_AntonioGarcia_301_d6b188,,,,,
2026-09-12T13:01:14-05:00,PUR_IED_AntonioGarcia_302_88a82,PUR_IED_AntonioGarcia_302_88a82,,,,,
2026-09-12T13:01:14-05:00,PUR_IED_AntonioGarcia_Ext_20950c,PUR_IED_AntonioGarcia_Ext_20950c,,,,,
2026-09-12T13:01:14-05:00,PUR_IED_AntonioVan_Aula2_6dea02,PUR_IED_AntonioVan_Aula2_6dea02,,,,,
2026-09-12T13:01:14-05:00,PUR_IED_AntonioVan_Aula5_f1557e,PUR_IED_AntonioVan_Aula5_f1557e,,,,,
2026-09-12T13:01:14-05:00,PUR_IED_AntonioVan_Ext_406f2f,PUR_IED_AntonioVan_Ext_406f2f,,,,,
2026-09-12T13:01:14-05:00,PUR_IED_Atabanzha_Ext_cc5af9,PUR_IED_Atabanzha_Ext_cc5af9,,,,,
2026-09-12T13:01:14-05:00,PUR_IED_Atabanzha_SA101_56c37,PUR_IED_Atabanzha_SA101_56c37,,,,,
2026-09-12T13:01:14-05:00,PUR_IED_Atabanzha_SB302_27b374,PUR_IED_Atabanzha_SB302_27b374,,,,,
2026-09-12T13:01:14-05:00,PUR_IED_Atahualpa_Ext_fc1748,PUR_IED_Atahualpa_Ext_fc1748,,,,,
2026-09-12T13:01:14-05:00,PUR_IED_Atahualpa_Informa_dc9a95,PUR_IED_Atahualpa_Informa_dc9a95,,,,,
2026-09-12T13:01:14-05:00,PUR_IED_Atahualpa_S1101_f98056,PUR_IED_Atahualpa_S1101_f98056,,,,,
2026-09-12T13:01:14-05:00,PUR_IED_Bellavista_Ext_f5aa74,PUR_IED_Bellavista_Ext_f5aa74,,,,,
2026-09-12T13:01:14-05:00,PUR_IED_Bilbao_11A_916c41,PUR_IED_Bilbao_11A_916c41,,,,,
2026-09-12T13:01:14-05:00,PUR_IED_Bilbao_Ext_fb579a,PUR_IED_Bilbao_Ext_fb579a,,,,,
2026-09-12T13:01:14-05:00,PUR_IED_BrasiliaU_A125_304280,PUR_IED_BrasiliaU_A125_304280,,,,,
2026-09-12T13:01:14-05:00,PUR_IED_BrasiliaU_A203_7c8ca5,PUR_IED_BrasiliaU_A203_7c8ca5,,,,,
2026-09-12T13:01:14-05:00,PUR_IED_BrasiliaU_Ext_8d6e9f,PUR_IED_BrasiliaU_Ext_8d6e9f,3,19,58,4.5175,-74.116302
2026-09-12T13:01:14-05:00,PUR_IED_Brasilia_Ext_fe6593,PUR_IED_Brasilia_Ext_fe6593,,,,,
2026-09-12T13:01:14-05:00,PUR_IED_Brasilia_S24_7c130d,PUR_IED_Brasilia_S24_7c130d,,,,,
2026-09-12T13:01:14-05:00,PUR_IED_Brasilia_S501_186a54,PUR_IED_Brasilia_S501_186a54,,,,,
2026-09-12T13:01:14-05:00,PUR_IED_CHARRY_EXT_f1d5cd,PUR_IED_CHARRY_EXT_f1d5cd,,,,,
2026-09-12T13:01:14-05:00,PUR_IED_CHARRY_INTDANZAS_7a08e6,PUR_IED_CHARRY_INTDANZAS_7a08e6,,,,,
2026-09-12T13:01:14-05:00,PUR_IED_CHARRY_INT_AULA20_dc998d,PUR_IED_CHARRY_INT_AULA20_dc998d,,,,,
2026-09-12T13:01:14-05:00,PUR_IED_COLVIV_1101_S25_7f520a,PUR_IED_COLVIV_1101_S25_7f520a,,,,,
2026-09-12T13:01:14-05:00,PUR_IED_COLVIV_1102_S16_f570ba,PUR_IED_COLVIV_1102_S16_f570ba,,,,,
2026-09-12T13:01:14-05:00,PUR_IED_COLVIV_Ext_1a26fa,PUR_IED_COLVIV_Ext_1a26fa,,,,,
2026-09-12T13:01:14-05:00,PUR_IED_CULPOP_301A_f660f3,PUR_IED_CULPOP_301A_f660f3,,,,,
2026-09-12T13:01:14-05:00,PUR_IED_CULPOP_303_568afe,PUR_IED_CULPOP_303_568afe,,,,,
2026-09-12T13:01:14-05:00,PUR_IED_CULPOP_Ext_e02ccb,PUR_IED_CULPOP_Ext_e02ccb,,,,,
2026-09-12T13:01:14-05:00,PUR_IED_CVillavicen_Ext_26eb58,PUR_IED_CVillavicen_Ext_26eb58,3,18,74,4.487,-74.102798
2026-09-12T13:01:14-05:00,PUR_IED_CVillavicen_Intel_1ce5c2,PUR_IED_CVillavicen_Intel_1ce5c2,,,,,
2026-09-12T13:01:14-05:00,PUR_IED_CVillavicen_Poliv_e0766c,PUR_IED_CVillavicen_Poliv_e0766c,,,,,
2026-09-12T13:01:14-05:00,PUR_IED_CVillavicen_int_1ba140,PUR_IED_CVillavicen_int_1ba140,,,,,
2026-09-12T13:01:14-05:00,PUR_IED_CVillavicen_intel_1ba140,PUR_IED_CVillavicen_intel_1ba140,,,,,
2026-09-12T13:01:14-05:00,PUR_IED_CarlosPizarro_Ext_e307cc,PUR_IED_CarlosPizarro_Ext_e307cc,,,,,
2026-09-12T13:01:14-05:00,PUR_IED_CarlosPizarro_L36_7e5cdb,PUR_IED_CarlosPizarro_L36_7e5cdb,,,,,
2026-09-12T13:01:14-05:00,PUR_IED_CarlosPizarro_L37_c8566c,PUR_IED_CarlosPizarro_L37_c8566c,,,,,
2026-09-12T13:01:14-05:00,PUR_IED_Castilla_Ext_cf35f,PUR_IED_Castilla_Ext_cf35f,,,,,
2026-09-12T13:01:14-05:00,PUR_IED_Castilla_SFisik_360e38,PUR_IED_Castilla_SFisik_360e38,,,,,
2026-09-12T13:01:14-05:00,PUR_IED_Castilla_Sc304_496fbf,PUR_IED_Castilla_Sc304_496fbf,,,,,
2026-09-12T13:01:14-05:00,PUR_IED_CervantesSa_Ext_6b57b,PUR_IED_CervantesSa_Ext_6b57b,3,20,64,4.5128,-74.117203
2026-09-12T13:01:14-05:00,PUR_IED_CervantesSa_S107_225c2b,PUR_IED_CervantesSa_S107_225c2b,,,,,
2026-09-12T13:01:14-05:00,PUR_IED_CervantesSa_S108_940925,PUR_IED_CervantesSa_S108_940925,,,,,
2026-09-12T13:01:14-05:00,PUR_IED_Charry_A20_f53e7c,PUR_IED_Charry_A20_f53e7c,,,,,
2026-09-12T13:01:14-05:00,PUR_IED_Charry_Ext_f1d5cd,PUR_IED_Charry_Ext_f1d5cd,,,,,
2026-09-12T13:01:14-05:00,PUR_IED_Charry_IntAula20_dc998d,PUR_IED_Charry_IntAula20_dc998d,,,,,
2026-09-12T13:01:14-05:00,PUR_IED_Charry_IntDanzas_7a08e6,PUR_IED_Charry_IntDanzas_7a08e6,,,,,
2026-09-12T13:01:14-05:00,PUR_IED_ClememciaC_203_43e2fc,PUR_IED_ClememciaC_203_43e2fc,,,,,
2026-09-12T13:01:14-05:00,PUR_IED_ClememciaC_Ext_1b411a,PUR_IED_ClememciaC_Ext_1b411a,,,,,
2026-09-12T13:01:14-05:00,PUR_IED_ClememciaC_Quimic_44b5fc,PUR_IED_ClememciaC_Quimic_44b5fc,,,,,
2026-09-12T13:01:14-05:00,PUR_IED_ClemenciaC_203_43e2fc,PUR_IED_ClemenciaC_203_43e2fc,,,,,
2026-09-12T13:01:14-05:00,PUR_IED_ClemenciaC_Ext_1b411a,PUR_IED_ClemenciaC_Ext_1b411a,,,,,
2026-09-12T13:01:14-05:00,PUR_IED_ClemenciaC_Quimic_44b5fc,PUR_IED_ClemenciaC_Quimic_44b5fc,,,,,
2026-09-12T13:01:14-05:00,PUR_IED_ColViva_1101_S25_7f520a,PUR_IED_ColViva_1101_S25_7f520a,,,,,
2026-09-12T13:01:14-05:00,PUR_IED_ColViva_1102_S16_f570ba,PUR_IED_ColViva_1102_S16_f570ba,,,,,
2026-09-12T13:01:14-05:00,PUR_IED_ColViva_Ext_1a26fa,PUR_IED_ColViva_Ext_1a26fa,,,,,
2026-09-12T13:01:14-05:00,PUR_IED_ColegioBici_Asist_7c8798,PUR_IED_ColegioBici_Asist_7c8798,,,,,
2026-09-12T13:01:14-05:00,PUR_IED_ColegioBici_Ext_25cbf6,PUR_IED_ColegioBici_Ext_25cbf6,,,,,
2026-09-12T13:01:14-05:00,PUR_IED_ColegioBici_LabQ_7b57db,PUR_IED_ColegioBici_LabQ_7b57db,,,,,
2026-09-12T13:01:14-05:00,PUR_IED_CostaRica_Ext_5e640,PUR_IED_CostaRica_Ext_5e640,,,,,
2026-09-12T13:01:14-05:00,PUR_IED_CostaRica_Quim1_766d1c,PUR_IED_CostaRica_Quim1_766d1c,,,,,
2026-09-12T13:01:14-05:00,PUR_IED_CostaRica__Fisica_6f0873,PUR_IED_CostaRica__Fisica_6f0873,,,,,
2026-09-12T13:01:14-05:00,PUR_IED_CulPopu_301A_f660f3,PUR_IED_CulPopu_301A_f660f3,,,,,
2026-09-12T13:01:14-05:00,PUR_IED_CulPopu_303_568afe,PUR_IED_CulPopu_303_568afe,,,,,
2026-09-12T13:01:14-05:00,PUR_IED_CulPopu_Ext_e02ccb,PUR_IED_CulPopu_Ext_e02ccb,,,,,
2026-09-12T13:01:14-05:00,PUR_IED_Cundinamarca_Ext_f15985,PUR_IED_Cundinamarca_Ext_f15985,,,,,
2026-09-12T13:01:14-05:00,PUR_IED_Cundinamarca_Info_7aa5d7,PUR_IED_Cundinamarca_Info_7aa5d7,,,,,
2026-09-12T13:01:14-05:00,PUR_IED_Cundinamarca_Tec2_f449c7,PUR_IED_Cundinamarca_Tec2_f449c7,,,,,
2026-09-12T13:01:14-05:00,PUR_IED_DiegoM_Aula1_27b314,PUR_IED_DiegoM_Aula1_27b314,,,,,
2026-09-12T13:01:14-05:00,PUR_IED_DiegoM_Ext_d80ac8,PUR_IED_DiegoM_Ext_d80ac8,,,,,
2026-09-12T13:01:14-05:00,PUR_IED_DiegoM_S25_da928f,PUR_IED_DiegoM_S25_da928f,,,,,
2026-09-12T13:01:14-05:00,PUR_IED_ELRODEO_360881,PUR_IED_ELRODEO_360881,,,,,
2026-09-12T13:01:14-05:00,PUR_IED_ELRODEO_ext_360881,PUR_IED_ELRODEO_ext_360881,,,,,
2026-09-12T13:01:14-05:00,PUR_IED_EduardoU_Ext_1c1969,PUR_IED_EduardoU_Ext_1c1969,,,,,
2026-09-12T13:01:14-05:00,PUR_IED_EduardoU_SCiencia_4dfb94,PUR_IED_EduardoU_SCiencia_4dfb94,,,,,
2026-09-12T13:01:14-05:00,PUR_IED_EduardoU_SQuimica_5a46e7,PUR_IED_EduardoU_SQuimica_5a46e7,,,,,
2026-09-12T13:01:14-05:00,PUR_IED_ElRodeo_Aula14_676984,PUR_IED_ElRodeo_Aula14_676984,,,,,
2026-09-12T13:01:14-05:00,PUR_IED_ElRodeo_Aula16_2dd35b,PUR_IED_ElRodeo_Aula16_2dd35b,,,,,
2026-09-12T13:01:14-05:00,PUR_IED_ElRodeo_Ext_360881,PUR_IED_ElRodeo_Ext_360881,,,,,
2026-09-12T13:01:14-05:00,PUR_IED_ElRodeo_Exterior_8c6d28,PUR_IED_ElRodeo_Exterior_8c6d28,,,,,
2026-09-12T13:01:14-05:00,PUR_IED_ElRodeo_ext_360881,PUR_IED_ElRodeo_ext_360881,,,,,
2026-09-12T13:01:14-05:00,PUR_IED_EmmaReyes_Ext_987625,PUR_IED_EmmaReyes_Ext_987625,2,22,46,4.6367,-74.1511
2026-09-12T13:01:14-05:00,PUR_IED_Ensueño_Ext_7f0250,PUR_IED_Ensueño_Ext_7f0250,,,,,
2026-09-12T13:01:14-05:00,PUR_IED_EscNormal_Ext_5fef3b,PUR_IED_EscNormal_Ext_5fef3b,2,24,49,4.5852,-74.096901
2026-09-12T13:01:14-05:00,PUR_IED_EscNormal_S309_5b263,PUR_IED_EscNormal_S309_5b263,,,,,
2026-09-12T13:01:14-05:00,PUR_IED_EscNormal_S310_27b3b8,PUR_IED_EscNormal_S310_27b3b8,,,,,
2026-09-12T13:01:14-05:00,PUR_IED_Evangelista_Conta_f6cd4f,PUR_IED_Evangelista_Conta_f6cd4f,,,,,
2026-09-12T13:01:14-05:00,PUR_IED_Evangelista_Cri_5e16a,PUR_IED_Evangelista_Cri_5e16a,,,,,
2026-09-12T13:01:14-05:00,PUR_IED_Evangelista_Exter_754066,PUR_IED_Evangelista_Exter_754066,,,,,
2026-09-12T13:01:14-05:00,PUR_IED_FMiranda_S209_5cc2a3,PUR_IED_FMiranda_S209_5cc2a3,,,,,
2026-09-12T13:01:14-05:00,PUR_IED_FMiranda_S303_19e344,PUR_IED_FMiranda_S303_19e344,,,,,
2026-09-12T13:01:14-05:00,PUR_IED_FMiranda_ext_f53e7c,PUR_IED_FMiranda_ext_f53e7c,,,,,
2026-09-12T13:01:14-05:00,PUR_IED_FabioLozano_Bibli_1cee05,PUR_IED_FabioLozano_Bibli_1cee05,,,,,
2026-09-12T13:01:14-05:00,PUR_IED_FabioLozano_Ext_6ea285,PUR_IED_FabioLozano_Ext_6ea285,,,,,
2026-09-12T13:01:14-05:00,PUR_IED_FabioLozano_SLudi_f09e1e,PUR_IED_FabioLozano_SLudi_f09e1e,,,,,
2026-09-12T13:01:14-05:00,PUR_IED_FaustinoS_Aula07_27a731,PUR_IED_FaustinoS_Aula07_27a731,,,,,
2026-09-12T13:01:14-05:00,PUR_IED_FaustinoS_Ext_7b936f,PUR_IED_FaustinoS_Ext_7b936f,,,,,
2026-09-12T13:01:14-05:00,PUR_IED_FaustinoS_Fisica_da2c60,PUR_IED_FaustinoS_Fisica_da2c60,,,,,
2026-09-12T13:01:14-05:00,PUR_IED_FeGarciaLo_Ext_dc68ee,PUR_IED_FeGarciaLo_Ext_dc68ee,,,,,
2026-09-12T13:01:14-05:00,PUR_IED_FeGarciaLo_SDanza_f70a59,PUR_IED_FeGarciaLo_SDanza_f70a59,,,,,
2026-09-12T13:01:14-05:00,PUR_IED_FeGarciaLo_SMusic_125cdd,PUR_IED_FeGarciaLo_SMusic_125cdd,,,,,
2026-09-12T13:01:14-05:00,PUR_IED_FederalAlema_Exte_50c345,PUR_IED_FederalAlema_Exte_50c345,,,,,
2026-09-12T13:01:14-05:00,PUR_IED_FederalAlema_S31_f18371,PUR_IED_FederalAlema_S31_f18371,,,,,
2026-09-12T13:01:14-05:00,PUR_IED_FederalAlema_S901_a62cd,PUR_IED_FederalAlema_S901_a62cd,,,,,
2026-09-12T13:01:14-05:00,PUR_IED_FilarmonicaS_A5_f35eb1,PUR_IED_FilarmonicaS_A5_f35eb1,,,,,
2026-09-12T13:01:14-05:00,PUR_IED_FilarmonicaS_Ext_8a3bde,PUR_IED_FilarmonicaS_Ext_8a3bde,,,,,
2026-09-12T13:01:14-05:00,PUR_IED_FilarmonicaS_Spol_406114,PUR_IED_FilarmonicaS_Spol_406114,,,,,
2026-09-12T13:01:14-05:00,PUR_IED_FlorentinoG_A13_d1fa59,PUR_IED_FlorentinoG_A13_d1fa59,,,,,
2026-09-12T13:01:14-05:00,PUR_IED_FlorentinoG_Ext_1ce6ce,PUR_IED_FlorentinoG_Ext_1ce6ce,,,,,
2026-09-12T13:01:14-05:00,PUR_IED_FlorentinoG_Idiom_a66aac,PUR_IED_FlorentinoG_Idiom_a66aac,,,,,
2026-09-12T13:01:14-05:00,PUR_IED_FranciscoMati_Ext_e3869d,PUR_IED_FranciscoMati_Ext_e3869d,,,,,
2026-09-12T13:01:14-05:00,PUR_IED_FranciscoMati_S13_f31c67,PUR_IED_FranciscoMati_S13_f31c67,,,,,
2026-09-12T13:01:14-05:00,PUR_IED_FranciscoMati_S14_97dead,PUR_IED_FranciscoMati_S14_97dead,,,,,
2026-09-12T13:01:14-05:00,PUR_IED_FranciscoPS_Ext_7bfa9a,PUR_IED_FranciscoPS_Ext_7bfa9a,2,23,49,4.5899,-74.110397
2026-09-12T13:01:14-05:00,PUR_IED_FranciscoPS_Infor_fb8f4c,PUR_IED_FranciscoPS_Infor_fb8f4c,,,,,
2026-09-12T13:01:14-05:00,PUR_IED_FranciscoPS_Quimi_94d39c,PUR_IED_FranciscoPS_Quimi_94d39c,,,,,
2026-09-12T13:01:14-05:00,PUR_IED_FranciscoP_LabQ_d7e148,PUR_IED_FranciscoP_LabQ_d7e148,,,,,
2026-09-12T13:01:14-05:00,PUR_IED_FranciscoP_S28_cf9b30,PUR_IED_FranciscoP_S28_cf9b30,,,,,
2026-09-12T13:01:14-05:00,PUR_IED_FranciscoP_ext_e2313,PUR_IED_FranciscoP_ext_e2313,,,,,
2026-09-12T13:01:14-05:00,PUR_IED_FriederichN_Ext_8ac92a,PUR_IED_FriederichN_Ext_8ac92a,,,,,
2026-09-12T13:01:14-05:00,PUR_IED_FriederichN_S301_dd7e5a,PUR_IED_FriederichN_S301_dd7e5a,,,,,
2026-09-12T13:01:14-05:00,PUR_IED_FriederichN_S308_761f4f,PUR_IED_FriederichN_S308_761f4f,,,,,
2026-09-12T13:01:14-05:00,PUR_IED_GSantander_Aula10_533dd7,PUR_IED_GSantander_Aula10_533dd7,,,,,
2026-09-12T13:01:14-05:00,PUR_IED_GSantander_Aula12_fd4e4f,PUR_IED_GSantander_Aula12_fd4e4f,,,,,
2026-09-12T13:01:14-05:00,PUR_IED_GSantander_Aula310_533dd7,PUR_IED_GSantander_Aula310_533dd7,,,,,
2026-09-12T13:01:14-05:00,PUR_IED_GSantander_Aula312_fd4e4f,PUR_IED_GSantander_Aula312_fd4e4f,,,,,
2026-09-12T13:01:14-05:00,PUR_IED_GSantander_Ext_5f66b0,PUR_IED_GSantander_Ext_5f66b0,,,,,
2026-09-12T13:01:14-05:00,PUR_IED_GYomasa_Ext_f6bea5,PUR_IED_GYomasa_Ext_f6bea5,,,,,
2026-09-12T13:01:14-05:00,PUR_IED_GYomasa_LBiol_2c41aa,PUR_IED_GYomasa_LBiol_2c41aa,,,,,
2026-09-12T13:01:14-05:00,PUR_IED_GYomasa_LQuim_33c80,PUR_IED_GYomasa_LQuim_33c80,,,,,
2026-09-12T13:01:14-05:00,PUR_IED_GabBetMejia_Cienc_5a99c,PUR_IED_GabBetMejia_Cienc_5a99c,,,,,
2026-09-12T13:01:14-05:00,PUR_IED_GabBetMejia_Ext_9153d0,PUR_IED_GabBetMejia_Ext_9153d0,,,,,
2026-09-12T13:01:14-05:00,PUR_IED_GabBetMejia_Lab_f55347,PUR_IED_GabBetMejia_Lab_f55347,,,,,
2026-09-12T13:01:14-05:00,PUR_IED_GabBetanMejia_Ext_9153d0,PUR_IED_GabBetanMejia_Ext_9153d0,,,,,
2026-09-12T13:01:14-05:00,PUR_IED_Gaitana_Aula13_7aac11,PUR_IED_Gaitana_Aula13_7aac11,,,,,
2026-09-12T13:01:14-05:00,PUR_IED_Gaitana_Ext_5fcf4,PUR_IED_Gaitana_Ext_5fcf4,,,,,
2026-09-12T13:01:14-05:00,PUR_IED_Gaitana_LabFisica_644448,PUR_IED_Gaitana_LabFisica_644448,,,,,
2026-09-12T13:01:14-05:00,PUR_IED_GenSantander_Dise_8ac858,PUR_IED_GenSantander_Dise_8ac858,,,,,
2026-09-12T13:01:14-05:00,PUR_IED_GenSantander_Ext_8d5dfe,PUR_IED_GenSantander_Ext_8d5dfe,,,,,
2026-09-12T13:01:14-05:00,PUR_IED_GenSantander_Info_6c25b,PUR_IED_GenSantander_Info_6c25b,,,,,
2026-09-12T13:01:14-05:00,PUR_IED_GustavoMo_Exterio_75e63d,PUR_IED_GustavoMo_Exterio_75e63d,,,,,
2026-09-12T13:01:14-05:00,PUR_IED_GustavoMo_LabFisi_224d37,PUR_IED_GustavoMo_LabFisi_224d37,,,,,
2026-09-12T13:01:14-05:00,PUR_IED_GustavoMo_S208_3e6918,PUR_IED_GustavoMo_S208_3e6918,,,,,
2026-09-12T13:01:14-05:00,PUR_IED_GustavoR_A02_8cd4a8,PUR_IED_GustavoR_A02_8cd4a8,,,,,
2026-09-12T13:01:14-05:00,PUR_IED_GustavoR_B11_5b0ed,PUR_IED_GustavoR_B11_5b0ed,,,,,
2026-09-12T13:01:14-05:00,PUR_IED_GustavoR_Ext_7a0c90,PUR_IED_GustavoR_Ext_7a0c90,,,,,
2026-09-12T13:01:14-05:00,PUR_IED_HernandoDuran_Ext_8cd82b,PUR_IED_HernandoDuran_Ext_8cd82b,,,,,
2026-09-12T13:01:14-05:00,PUR_IED_HernandoDuran_S24_2772c6,PUR_IED_HernandoDuran_S24_2772c6,,,,,
2026-09-12T13:01:14-05:00,PUR_IED_HernandoDuran_S30_f2de41,PUR_IED_HernandoDuran_S30_f2de41,,,,,
2026-09-12T13:01:14-05:00,PUR_IED_HolguInUr_S1101_8cd732,PUR_IED_HolguInUr_S1101_8cd732,,,,,
2026-09-12T13:01:14-05:00,PUR_IED_HolguinUr_Exter_ddae6d,PUR_IED_HolguinUr_Exter_ddae6d,,,,,
2026-09-12T13:01:14-05:00,PUR_IED_HolguinUr_LabQuim_92b952,PUR_IED_HolguinUr_LabQuim_92b952,,,,,
2026-09-12T13:01:14-05:00,PUR_IED_Isabel-II_Ext_5245cc,PUR_IED_Isabel-II_Ext_5245cc,2,21,48,4.6336,-74.153
2026-09-12T13:01:14-05:00,PUR_IED_Isabel-II_S_idiom_1c29aa,PUR_IED_Isabel-II_S_idiom_1c29aa,,,,,
2026-09-12T13:01:14-05:00,PUR_IED_Isabel-II_S_infor_fd741,PUR_IED_Isabel-II_S_infor_fd741,,,,,
2026-09-12T13:01:14-05:00,PUR_IED_IsidroSur_Exterio_5b90ea,PUR_IED_IsidroSur_Exterio_5b90ea,,,,,
2026-09-12T13:01:14-05:00,PUR_IED_IsidroSur_LabTec_56697a,PUR_IED_IsidroSur_LabTec_56697a,,,,,
2026-09-12T13:01:14-05:00,PUR_IED_IsidroSur_Robotic_b7c38f,PUR_IED_IsidroSur_Robotic_b7c38f,,,,,
2026-09-12T13:01:14-05:00,PUR_IED_IsmaelPerd_Ext_7b6672,PUR_IED_IsmaelPerd_Ext_7b6672,,,,,
2026-09-12T13:01:14-05:00,PUR_IED_IsmaelPerd_Inform_306540,PUR_IED_IsmaelPerd_Inform_306540,,,,,
2026-09-12T13:01:14-05:00,PUR_IED_IsmaelPerd_S30_2e2c83,PUR_IED_IsmaelPerd_S30_2e2c83,,,,,
2026-09-12T13:01:14-05:00,PUR_IED_JLozano_Exter_432910,PUR_IED_JLozano_Exter_432910,,,,,
2026-09-12T13:01:14-05:00,PUR_IED_JLozano_salaMulti_df5125,PUR_IED_JLozano_salaMulti_df5125,,,,,
2026-09-12T13:01:14-05:00,PUR_IED_JMCordoba_206_86f80b,PUR_IED_JMCordoba_206_86f80b,,,,,
2026-09-12T13:01:14-05:00,PUR_IED_JMCordoba_Ext_27ad97,PUR_IED_JMCordoba_Ext_27ad97,,,,,
2026-09-12T13:01:14-05:00,PUR_IED_JMCordoba_S310_d59ab4,PUR_IED_JMCordoba_S310_d59ab4,,,,,
2026-09-12T13:01:14-05:00,PUR_IED_Japon_Ext_549100,PUR_IED_Japon_Ext_549100,,,,,
2026-09-12T13:01:14-05:00,PUR_IED_Japon_Laboratorio_bec51d,PUR_IED_Japon_Laboratorio_bec51d,,,,,
2026-09-12T13:01:14-05:00,PUR_IED_Japon_informatica_d99327,PUR_IED_Japon_informatica_d99327,,,,,
2026-09-12T13:01:14-05:00,PUR_IED_Jazmin_Ext_d27bda,PUR_IED_Jazmin_Ext_d27bda,,,,,
2026-09-12T13:01:14-05:00,PUR_IED_Jazmin_Fisica_8d14d7,PUR_IED_Jazmin_Fisica_8d14d7,,,,,
2026-09-12T13:01:14-05:00,PUR_IED_Jazmin_Quimica_801cb5,PUR_IED_Jazmin_Quimica_801cb5,,,,,
2026-09-12T13:01:14-05:00,PUR_IED_JorgeGaitan_Exter_f098d1,PUR_IED_JorgeGaitan_Exter_f098d1,,,,,
2026-09-12T13:01:14-05:00,PUR_IED_JorgeGaitan_STec1_dc9d1d,PUR_IED_JorgeGaitan_STec1_dc9d1d,,,,,
2026-09-12T13:01:14-05:00,PUR_IED_JorgeGaitan_STec2_281e69,PUR_IED_JorgeGaitan_STec2_281e69,,,,,
2026-09-12T13:01:14-05:00,PUR_IED_JorgeSoto_Exterio_d9d0a2,PUR_IED_JorgeSoto_Exterio_d9d0a2,,,,,
2026-09-12T13:01:14-05:00,PUR_IED_JorgeSoto_LabFisi_209c54,PUR_IED_JorgeSoto_LabFisi_209c54,,,,,
2026-09-12T13:01:14-05:00,PUR_IED_JorgeSoto_S103_27b51a,PUR_IED_JorgeSoto_S103_27b51a,,,,,
2026-09-12T13:01:14-05:00,PUR_IED_JoseAcevedo_A02_e965eb,PUR_IED_JoseAcevedo_A02_e965eb,,,,,
2026-09-12T13:01:14-05:00,PUR_IED_JoseAcevedo_A07_dd5b4,PUR_IED_JoseAcevedo_A07_dd5b4,,,,,
2026-09-12T13:01:14-05:00,PUR_IED_JoseAcevedo_Ext_b47484,PUR_IED_JoseAcevedo_Ext_b47484,,,,,
2026-09-12T13:01:14-05:00,PUR_IED_JoseMarti_Exte_5b9bf,PUR_IED_JoseMarti_Exte_5b9bf,,,,,
2026-09-12T13:01:14-05:00,PUR_IED_JoseMarti_LabQuim_1c6c2d,PUR_IED_JoseMarti_LabQuim_1c6c2d,,,,,
2026-09-12T13:01:14-05:00,PUR_IED_JoseMarti_S_info_f5f177,PUR_IED_JoseMarti_S_info_f5f177,,,,,
2026-09-12T13:01:14-05:00,PUR_IED_Josejoaquin_Ext_dfc5dc,PUR_IED_Josejoaquin_Ext_dfc5dc,,,,,
2026-09-12T13:01:14-05:00,PUR_IED_Josejoaquin_S05_5b2a96,PUR_IED_Josejoaquin_S05_5b2a96,,,,,
2026-09-12T13:01:14-05:00,PUR_IED_Josejoaquin_S06_1ce7d2,PUR_IED_Josejoaquin_S06_1ce7d2,,,,,
2026-09-12T13:01:14-05:00,PUR_IED_JulioFlorez_Danza_9b82dd,PUR_IED_JulioFlorez_Danza_9b82dd,,,,,
2026-09-12T13:01:14-05:00,PUR_IED_JulioFlorez_Exter_f9f314,PUR_IED_JulioFlorez_Exter_f9f314,,,,,
2026-09-12T13:01:14-05:00,PUR_IED_JulioFlorez_info2_6b6e08,PUR_IED_JulioFlorez_info2_6b6e08,,,,,
2026-09-12T13:01:14-05:00,PUR_IED_LaBelleza_Aula13_1d00d8,PUR_IED_LaBelleza_Aula13_1d00d8,,,,,
2026-09-12T13:01:14-05:00,PUR_IED_LaBelleza_Ext_7bc08c,PUR_IED_LaBelleza_Ext_7bc08c,,,,,
2026-09-12T13:01:14-05:00,PUR_IED_LaChucua_Ext_8cd6d2,PUR_IED_LaChucua_Ext_8cd6d2,,,,,
2026-09-12T13:01:14-05:00,PUR_IED_LaChucua_S15_f578ce,PUR_IED_LaChucua_S15_f578ce,,,,,
2026-09-12T13:01:14-05:00,PUR_IED_LaChucua_S16_eebcf9,PUR_IED_LaChucua_S16_eebcf9,,,,,
2026-09-12T13:01:14-05:00,PUR_IED_LaFelicidad_Ext_fb5109,PUR_IED_LaFelicidad_Ext_fb5109,,,,,
2026-09-12T13:01:14-05:00,PUR_IED_LaMerced_206_66ebd,PUR_IED_LaMerced_206_66ebd,,,,,
2026-09-12T13:01:14-05:00,PUR_IED_LaMerced_207_6ebd6,PUR_IED_LaMerced_207_6ebd6,,,,,
2026-09-12T13:01:14-05:00,PUR_IED_LaMerced_ext_304311,PUR_IED_LaMerced_ext_304311,,,,,
2026-09-12T13:01:14-05:00,PUR_IED_Laureano_CiencNat_281e5e,PUR_IED_Laureano_CiencNat_281e5e,,,,,
2026-09-12T13:01:14-05:00,PUR_IED_Laureano_Comedor_f65c0a,PUR_IED_Laureano_Comedor_f65c0a,,,,,
2026-09-12T13:01:14-05:00,PUR_IED_Laureano_Exterior_7ab011,PUR_IED_Laureano_Exterior_7ab011,,,,,
2026-09-12T13:01:14-05:00,PUR_IED_LeonGreiff_Exte_dfe560,PUR_IED_LeonGreiff_Exte_dfe560,,,,,
2026-09-12T13:01:14-05:00,PUR_IED_LeonGreiff_S210_f264ed,PUR_IED_LeonGreiff_S210_f264ed,,,,,
2026-09-12T13:01:14-05:00,PUR_IED_LeonGreiff_SQuimi_e8296f,PUR_IED_LeonGreiff_SQuimi_e8296f,,,,,
2026-09-12T13:01:14-05:00,PUR_IED_LlanoOrientalS208_7b9fcd,PUR_IED_LlanoOrientalS208_7b9fcd,,,,,
2026-09-12T13:01:14-05:00,PUR_IED_LlanoOriental_Ext_fb3766,PUR_IED_LlanoOriental_Ext_fb3766,,,,,
2026-09-12T13:01:14-05:00,PUR_IED_LlanoOriental_S208_7b9fcd,PUR_IED_LlanoOriental_S208_7b9fcd,,,,,
2026-09-12T13:01:14-05:00,PUR_IED_LlanoOriental_S9_27b378,PUR_IED_LlanoOriental_S9_27b378,,,,,
2026-09-12T13:01:14-05:00,PUR_IED_LosTejares_1101_477602,PUR_IED_LosTejares_1101_477602,,,,,
2026-09-12T13:01:14-05:00,PUR_IED_LosTejares_11_d2c595,PUR_IED_LosTejares_11_d2c595,,,,,
2026-09-12T13:01:14-05:00,PUR_IED_LosTejares_12_477602,PUR_IED_LosTejares_12_477602,,,,,
2026-09-12T13:01:14-05:00,PUR_IED_LosTejares_Ext_8e2115,PUR_IED_LosTejares_Ext_8e2115,,,,,
2026-09-12T13:01:14-05:00,PUR_IED_MagdalenaO_B202_5ddda3,PUR_IED_MagdalenaO_B202_5ddda3,,,,,
2026-09-12T13:01:14-05:00,PUR_IED_MagdalenaO_B205_fb76e8,PUR_IED_MagdalenaO_B205_fb76e8,,,,,
2026-09-12T13:01:14-05:00,PUR_IED_MagdalenaO_ext_dc69cd,PUR_IED_MagdalenaO_ext_dc69cd,,,,,
2026-09-12T13:01:14-05:00,PUR_IED_ManueCepeda_artes_eee956,PUR_IED_ManueCepeda_artes_eee956,,,,,
2026-09-12T13:01:14-05:00,PUR_IED_ManuelCepeda_Ext_58313,PUR_IED_ManuelCepeda_Ext_58313,,,,,
2026-09-12T13:01:14-05:00,PUR_IED_ManuelCepeda_tec_1c5731,PUR_IED_ManuelCepeda_tec_1c5731,,,,,
2026-09-12T13:01:14-05:00,PUR_IED_ManuelS_Exterior_5b269,PUR_IED_ManuelS_Exterior_5b269,,,,,
2026-09-12T13:01:14-05:00,PUR_IED_ManuelS_Inform_f369ce,PUR_IED_ManuelS_Inform_f369ce,,,,,
2026-09-12T13:01:14-05:00,PUR_IED_ManuelS_SArtes_7d15f1,PUR_IED_ManuelS_SArtes_7d15f1,,,,,
2026-09-12T13:01:14-05:00,PUR_IED_ManuelZapata_303_3ca6,PUR_IED_ManuelZapata_303_3ca6,,,,,
2026-09-12T13:01:14-05:00,PUR_IED_ManuelZapata_311_bfbabc,PUR_IED_ManuelZapata_311_bfbabc,,,,,
2026-09-12T13:01:14-05:00,PUR_IED_ManuelZapata_Ext_50824a,PUR_IED_ManuelZapata_Ext_50824a,,,,,
2026-09-12T13:01:14-05:00,PUR_IED_ManuelitaS_Exteri_656a92,PUR_IED_ManuelitaS_Exteri_656a92,,,,,
2026-09-12T13:01:14-05:00,PUR_IED_ManuelitaS_JuzgDe_f58ec3,PUR_IED_ManuelitaS_JuzgDe_f58ec3,,,,,
2026-09-12T13:01:14-05:00,PUR_IED_ManuelitaS_Recrea_d793db,PUR_IED_ManuelitaS_Recrea_d793db,,,,,
2026-09-12T13:01:14-05:00,PUR_IED_MarFidSuarez_Ext_c27b19,PUR_IED_MarFidSuarez_Ext_c27b19,,,,,
2026-09-12T13:01:14-05:00,PUR_IED_MarFidSuarez_Info_e384d7,PUR_IED_MarFidSuarez_Info_e384d7,,,,,
2026-09-12T13:01:14-05:00,PUR_IED_MarFidSuarez_S306_1d0032,PUR_IED_MarFidSuarez_S306_1d0032,,,,,
2026-09-12T13:01:14-05:00,PUR_IED_Menorah_301_2a25a3,PUR_IED_Menorah_301_2a25a3,,,,,
2026-09-12T13:01:14-05:00,PUR_IED_Menorah_306_37ed3,PUR_IED_Menorah_306_37ed3,,,,,
2026-09-12T13:01:14-05:00,PUR_IED_Menorah_Ext_3e155b,PUR_IED_Menorah_Ext_3e155b,,,,,
2026-09-12T13:01:14-05:00,PUR_IED_MinutoB.Aires_A11_1b1604,PUR_IED_MinutoB.Aires_A11_1b1604,,,,,
2026-09-12T13:01:14-05:00,PUR_IED_MinutoB.Aires_A12_fb5860,PUR_IED_MinutoB.Aires_A12_fb5860,,,,,
2026-09-12T13:01:14-05:00,PUR_IED_MinutoB.Aires_Ext_81293f,PUR_IED_MinutoB.Aires_Ext_81293f,,,,,
2026-09-12T13:01:14-05:00,PUR_IED_MinutoBAires_A11_1b1604,PUR_IED_MinutoBAires_A11_1b1604,,,,,
2026-09-12T13:01:14-05:00,PUR_IED_MinutoBAires_A12_fb5860,PUR_IED_MinutoBAires_A12_fb5860,,,,,
2026-09-12T13:01:14-05:00,PUR_IED_MinutoBAires_Ext_81293f,PUR_IED_MinutoBAires_Ext_81293f,,,,,
2026-09-12T13:01:14-05:00,PUR_IED_Montreal_Aula10_1e4959,PUR_IED_Montreal_Aula10_1e4959,,,,,
2026-09-12T13:01:14-05:00,PUR_IED_Montreal_Aula6_300367,PUR_IED_Montreal_Aula6_300367,,,,,
2026-09-12T13:01:14-05:00,PUR_IED_Montreal_Exterior_91a179,PUR_IED_Montreal_Exterior_91a179,,,,,
2026-09-12T13:01:14-05:00,PUR_IED_Mqgdalena_B202_5ddda3,PUR_IED_Mqgdalena_B202_5ddda3,,,,,
2026-09-12T13:01:14-05:00,PUR_IED_NACUND_Soc_dc8728,PUR_IED_NACUND_Soc_dc8728,,,,,
2026-09-12T13:01:14-05:00,PUR_IED_NACUND_ext_27ad97,PUR_IED_NACUND_ext_27ad97,,,,,
2026-09-12T13:01:14-05:00,PUR_IED_NEsperanza_Ext_d24b61,PUR_IED_NEsperanza_Ext_d24b61,,,,,
2026-09-12T13:01:14-05:00,PUR_IED_NEsperanza_SElect_7d1807,PUR_IED_NEsperanza_SElect_7d1807,,,,,
2026-09-12T13:01:14-05:00,PUR_IED_NEsperanza_SLabor_8b2d0a,PUR_IED_NEsperanza_SLabor_8b2d0a,,,,,
2026-09-12T13:01:14-05:00,PUR_IED_NacionesU_Ext_f661a9,PUR_IED_NacionesU_Ext_f661a9,,,,,
2026-09-12T13:01:14-05:00,PUR_IED_NacionesU_Quimica_66f0a,PUR_IED_NacionesU_Quimica_66f0a,,,,,
2026-09-12T13:01:14-05:00,PUR_IED_NacionesU_S306_1b4b3d,PUR_IED_NacionesU_S306_1b4b3d,,,,,
2026-09-12T13:01:14-05:00,PUR_IED_NestorFA_Ext_e4201c,PUR_IED_NestorFA_Ext_e4201c,,,,,
2026-09-12T13:01:14-05:00,PUR_IED_NestorFA_Laborato_f22fe0,PUR_IED_NestorFA_Laborato_f22fe0,,,,,
2026-09-12T13:01:14-05:00,PUR_IED_NestorFA_S204_dee996,PUR_IED_NestorFA_S204_dee996,,,,,
2026-09-12T13:01:14-05:00,PUR_IED_NidyaQT_Aula03_76999b,PUR_IED_NidyaQT_Aula03_76999b,,,,,
2026-09-12T13:01:14-05:00,PUR_IED_NidyaQT_Aula10_56325,PUR_IED_NidyaQT_Aula10_56325,,,,,
2026-09-12T13:01:14-05:00,PUR_IED_NidyaQT_Ext_46e32d,PUR_IED_NidyaQT_Ext_46e32d,,,,,
2026-09-12T13:01:14-05:00,PUR_IED_NuevaCol_Exterior_d9b859,PUR_IED_NuevaCol_Exterior_d9b859,,,,,
2026-09-12T13:01:14-05:00,PUR_IED_NuevaCol_S1101_76c43b,PUR_IED_NuevaCol_S1101_76c43b,,,,,
2026-09-12T13:01:14-05:00,PUR_IED_NuevaCol_S1102_1ce0b5,PUR_IED_NuevaCol_S1102_1ce0b5,,,,,
2026-09-12T13:01:14-05:00,PUR_IED_OEA_A202_f7e3f2,PUR_IED_OEA_A202_f7e3f2,,,,,
2026-09-12T13:01:14-05:00,PUR_IED_OEA_A203_7d1b8d,PUR_IED_OEA_A203_7d1b8d,,,,,
2026-09-12T13:01:14-05:00,PUR_IED_OEA_Ext_27b593,PUR_IED_OEA_Ext_27b593,,,,,
2026-09-12T13:01:14-05:00,PUR_IED_Ochoa_Ext_1c29da,PUR_IED_Ochoa_Ext_1c29da,,,,,
2026-09-12T13:01:14-05:00,PUR_IED_Ochoa_S205_8b1121,PUR_IED_Ochoa_S205_8b1121,,,,,
2026-09-12T13:01:14-05:00,PUR_IED_Ochoa_Sistemas_f33af6,PUR_IED_Ochoa_Sistemas_f33af6,,,,,
2026-09-12T13:01:14-05:00,PUR_IED_PQuebec_Ext_1c67c7,PUR_IED_PQuebec_Ext_1c67c7,,,,,
2026-09-12T13:01:14-05:00,PUR_IED_PQuebec_S15_23e8e2,PUR_IED_PQuebec_S15_23e8e2,,,,,
2026-09-12T13:01:14-05:00,PUR_IED_PQuebec_S16_8ec76b,PUR_IED_PQuebec_S16_8ec76b,,,,,
2026-09-12T13:01:14-05:00,PUR_IED_PabloN_Ext_49dc96,PUR_IED_PabloN_Ext_49dc96,,,,,
2026-09-12T13:01:14-05:00,PUR_IED_PabloN_S1102_4e3df5,PUR_IED_PabloN_S1102_4e3df5,,,,,
2026-09-12T13:01:14-05:00,PUR_IED_PabloN_S1103_50c94b,PUR_IED_PabloN_S1103_50c94b,,,,,
2026-09-12T13:01:14-05:00,PUR_IED_Palestina_S1101_db9198,PUR_IED_Palestina_S1101_db9198,,,,,
2026-09-12T13:01:14-05:00,PUR_IED_Palestina_S1102_dc54fa,PUR_IED_Palestina_S1102_dc54fa,,,,,
2026-09-12T13:01:14-05:00,PUR_IED_Palestina_ext_4ccce6,PUR_IED_Palestina_ext_4ccce6,,,,,
2026-09-12T13:01:14-05:00,PUR_IED_Panama_Fisica_4d0794,PUR_IED_Panama_Fisica_4d0794,,,,,
2026-09-12T13:01:14-05:00,PUR_IED_Panama_SIngles_a4077e,PUR_IED_Panama_SIngles_a4077e,,,,,
2026-09-12T13:01:14-05:00,PUR_IED_Panama_ext_4c54b4,PUR_IED_Panama_ext_4c54b4,,,,,
2026-09-12T13:01:14-05:00,PUR_IED_ParaisoM_Exterior_8cd7f0,PUR_IED_ParaisoM_Exterior_8cd7f0,,,,,
2026-09-12T13:01:14-05:00,PUR_IED_ParaisoM_Laborato_27af35,PUR_IED_ParaisoM_Laborato_27af35,,,,,
2026-09-12T13:01:14-05:00,PUR_IED_ParaisoM_S304_d1edca,PUR_IED_ParaisoM_S304_d1edca,,,,,
2026-09-12T13:01:14-05:00,PUR_IED_PorfirioBarba_Ext_301466,PUR_IED_PorfirioBarba_Ext_301466,,,,,
2026-09-12T13:01:14-05:00,PUR_IED_PorfirioBarba_S11_df6cd2,PUR_IED_PorfirioBarba_S11_df6cd2,,,,,
2026-09-12T13:01:14-05:00,PUR_IED_PorfirioBarba_S29_27a7d6,PUR_IED_PorfirioBarba_S29_27a7d6,,,,,
2026-09-12T13:01:14-05:00,PUR_IED_PradoV_Exter_8b27ad,PUR_IED_PradoV_Exter_8b27ad,,,,,
2026-09-12T13:01:14-05:00,PUR_IED_PradoV_S301_de65b5,PUR_IED_PradoV_S301_de65b5,,,,,
2026-09-12T13:01:14-05:00,PUR_IED_PradoV_S302_7d2593,PUR_IED_PradoV_S302_7d2593,,,,,
2026-09-12T13:01:14-05:00,PUR_IED_QuirogaAlz_Ext_1ddc82,PUR_IED_QuirogaAlz_Ext_1ddc82,,,,,
2026-09-12T13:01:14-05:00,PUR_IED_QuirogaAlz_S302_9926a3,PUR_IED_QuirogaAlz_S302_9926a3,,,,,
2026-09-12T13:01:14-05:00,PUR_IED_QuirogaAlz_S305_cdf1f1,PUR_IED_QuirogaAlz_S305_cdf1f1,,,,,
2026-09-12T13:01:14-05:00,PUR_IED_RGuatemala_Biling_dc53b7,PUR_IED_RGuatemala_Biling_dc53b7,,,,,
2026-09-12T13:01:14-05:00,PUR_IED_RGuatemala_Ext_1b89a3,PUR_IED_RGuatemala_Ext_1b89a3,,,,,
2026-09-12T13:01:14-05:00,PUR_IED_RGuatemala_Tecnol_281a34,PUR_IED_RGuatemala_Tecnol_281a34,,,,,
2026-09-12T13:01:14-05:00,PUR_IED_RafaNu_Ext_f7c302,PUR_IED_RafaNu_Ext_f7c302,,,,,
2026-09-12T13:01:14-05:00,PUR_IED_RafaNu_S1101_25fde,PUR_IED_RafaNu_S1101_25fde,,,,,
2026-09-12T13:01:14-05:00,PUR_IED_RafaNu_S1102_281517,PUR_IED_RafaNu_S1102_281517,,,,,
2026-09-12T13:01:14-05:00,PUR_IED_RafaelB_S305_ee2783,PUR_IED_RafaelB_S305_ee2783,,,,,
2026-09-12T13:01:14-05:00,PUR_IED_RafaelB_S306_75fe33,PUR_IED_RafaelB_S306_75fe33,,,,,
2026-09-12T13:01:14-05:00,PUR_IED_RafaelB_ext_283336,PUR_IED_RafaelB_ext_283336,2,21,54,4.6722,-74.0737
2026-09-12T13:01:14-05:00,PUR_IED_RafaelUU_Exterior_281a51,PUR_IED_RafaelUU_Exterior_281a51,,,,,
2026-09-12T13:01:14-05:00,PUR_IED_RafaelUU_Human_806b2,PUR_IED_RafaelUU_Human_806b2,,,,,
2026-09-12T13:01:14-05:00,PUR_IED_RafaelUU_Mate2_5680d4,PUR_IED_RafaelUU_Mate2_5680d4,,,,,
2026-09-12T13:01:14-05:00,PUR_IED_RamonSub_Ext_f9eeb9,PUR_IED_RamonSub_Ext_f9eeb9,,,,,
2026-09-12T13:01:14-05:00,PUR_IED_RamonSub_Media_d1f62f,PUR_IED_RamonSub_Media_d1f62f,,,,,
2026-09-12T13:01:14-05:00,PUR_IED_RamonSub_planta_51b82,PUR_IED_RamonSub_planta_51b82,,,,,
2026-09-12T13:01:14-05:00,PUR_IED_RepBoliVene_Exter_27af7c,PUR_IED_RepBoliVene_Exter_27af7c,,,,,
2026-09-12T13:01:14-05:00,PUR_IED_RepBoliVene_SCPT_5ae2ee,PUR_IED_RepBoliVene_SCPT_5ae2ee,,,,,
2026-09-12T13:01:14-05:00,PUR_IED_RepBoliVene_Socia_4b11d5,PUR_IED_RepBoliVene_Socia_4b11d5,,,,,
2026-09-12T13:01:14-05:00,PUR_IED_RepChina_Ext_76d9ee,PUR_IED_RepChina_Ext_76d9ee,,,,,
2026-09-12T13:01:14-05:00,PUR_IED_RepChina_S404_7c804c,PUR_IED_RepChina_S404_7c804c,,,,,
2026-09-12T13:01:14-05:00,PUR_IED_RepChina_S405_df2c33,PUR_IED_RepChina_S405_df2c33,,,,,
2026-09-12T13:01:14-05:00,PUR_IED_RepublicaC_Exteri_7d1ec9,PUR_IED_RepublicaC_Exteri_7d1ec9,,,,,
2026-09-12T13:01:14-05:00,PUR_IED_RepublicaC_S1101_f544b3,PUR_IED_RepublicaC_S1101_f544b3,,,,,
2026-09-12T13:01:14-05:00,PUR_IED_RepublicaC_S1102_7aafc7,PUR_IED_RepublicaC_S1102_7aafc7,,,,,
2026-09-12T13:01:14-05:00,PUR_IED_Ricaurte_Externo_a0ea1,PUR_IED_Ricaurte_Externo_a0ea1,,,,,
2026-09-12T13:01:14-05:00,PUR_IED_Ricaurte_S210_f546fd,PUR_IED_Ricaurte_S210_f546fd,,,,,
2026-09-12T13:01:14-05:00,PUR_IED_Ricaurte_S309_d4452,PUR_IED_Ricaurte_S309_d4452,,,,,
2026-09-12T13:01:14-05:00,PUR_IED_RogelioS_1102_531e69,PUR_IED_RogelioS_1102_531e69,,,,,
2026-09-12T13:01:14-05:00,PUR_IED_RogelioS_Ext_f25a18,PUR_IED_RogelioS_Ext_f25a18,,,,,
2026-09-12T13:01:14-05:00,PUR_IED_SBernardino_Ext_27aff8,PUR_IED_SBernardino_Ext_27aff8,,,,,
2026-09-12T13:01:14-05:00,PUR_IED_SBernardino_SArte_2ffd33,PUR_IED_SBernardino_SArte_2ffd33,,,,,
2026-09-12T13:01:14-05:00,PUR_IED_SBernardino_SIngl_7c7da5,PUR_IED_SBernardino_SIngl_7c7da5,,,,,
2026-09-12T13:01:14-05:00,PUR_IED_Sago_auditorio_dc9d1d,PUR_IED_Sago_auditorio_dc9d1d,,,,,
2026-09-12T13:01:14-05:00,PUR_IED_Saludcoop_Ext_95aac3,PUR_IED_Saludcoop_Ext_95aac3,,,,,
2026-09-12T13:01:14-05:00,PUR_IED_Saludcoop_InfI_90c854,PUR_IED_Saludcoop_InfI_90c854,,,,,
2026-09-12T13:01:14-05:00,PUR_IED_Saludcoop_SMedia_1b93be,PUR_IED_Saludcoop_SMedia_1b93be,,,,,
2026-09-12T13:01:14-05:00,PUR_IED_SanCarlos_1101_1a2360,PUR_IED_SanCarlos_1101_1a2360,,,,,
2026-09-12T13:01:14-05:00,PUR_IED_SanCarlos_1103_7bafb5,PUR_IED_SanCarlos_1103_7bafb5,,,,,
2026-09-12T13:01:14-05:00,PUR_IED_SanCarlos_Ext_b7cd1,PUR_IED_SanCarlos_Ext_b7cd1,,,,,
2026-09-12T13:01:14-05:00,PUR_IED_SanIgnacioBosa11a_50c26e,PUR_IED_SanIgnacioBosa11a_50c26e,,,,,
2026-09-12T13:01:14-05:00,PUR_IED_SanIgnacioBosa11b_371de8,PUR_IED_SanIgnacioBosa11b_371de8,,,,,
2026-09-12T13:01:14-05:00,PUR_IED_SanIgnacioBosaExt_ef0ffc,PUR_IED_SanIgnacioBosaExt_ef0ffc,,,,,
2026-09-12T13:01:14-05:00,PUR_IED_SanIgnacioBosa_11a_50c26e,PUR_IED_SanIgnacioBosa_11a_50c26e,,,,,
2026-09-12T13:01:14-05:00,PUR_IED_SanIgnacioBosa_Ext_ef0ffc,PUR_IED_SanIgnacioBosa_Ext_ef0ffc,,,,,
2026-09-12T13:01:14-05:00,PUR_IED_SanJoseN_intS1101_31c47f,PUR_IED_SanJoseN_intS1101_31c47f,,,,,
2026-09-12T13:01:14-05:00,PUR_IED_SanJoseUsm_Exter_f5d7e8,PUR_IED_SanJoseUsm_Exter_f5d7e8,,,,,
2026-09-12T13:01:14-05:00,PUR_IED_SanJoseUsm_Int11A_cfdef6,PUR_IED_SanJoseUsm_Int11A_cfdef6,,,,,
2026-09-12T13:01:14-05:00,PUR_IED_SilveriaR_IntB5_905349,PUR_IED_SilveriaR_IntB5_905349,,,,,
2026-09-12T13:01:14-05:00,PUR_IED_SilveriaR_IntSD14_981f93,PUR_IED_SilveriaR_IntSD14_981f93,,,,,
2026-09-12T13:01:14-05:00,PUR_IED_SilveriaR_ext_2b651d,PUR_IED_SilveriaR_ext_2b651d,,,,,
2026-09-12T13:01:14-05:00,PUR_IED_SimonB_Exterior_913975,PUR_IED_SimonB_Exterior_913975,,,,,
2026-09-12T13:01:14-05:00,PUR_IED_SimonB_LabQuimi_c56908,PUR_IED_SimonB_LabQuimi_c56908,,,,,
2026-09-12T13:01:14-05:00,PUR_IED_SimonB_informatic_a28c1,PUR_IED_SimonB_informatic_a28c1,,,,,
2026-09-12T13:01:14-05:00,PUR_IED_Sorrento_1102_315f50,PUR_IED_Sorrento_1102_315f50,,,,,
2026-09-12T13:01:14-05:00,PUR_IED_Sorrento_Minte_214eab,PUR_IED_Sorrento_Minte_214eab,,,,,
2026-09-12T13:01:14-05:00,PUR_IED_Sorrento_ext_7c3a0a,PUR_IED_Sorrento_ext_7c3a0a,,,,,
2026-09-12T13:01:14-05:00,PUR_IED_Tabora_Ext_f048ae,PUR_IED_Tabora_Ext_f048ae,,,,,
2026-09-12T13:01:14-05:00,PUR_IED_Tabora_S1102_b07752,PUR_IED_Tabora_S1102_b07752,,,,,
2026-09-12T13:01:14-05:00,PUR_IED_Tabora_S1103_d988f5,PUR_IED_Tabora_S1103_d988f5,,,,,
2026-09-12T13:01:14-05:00,PUR_IED_Tenerife_Ext_1ab188,PUR_IED_Tenerife_Ext_1ab188,,,,,
2026-09-12T13:01:14-05:00,PUR_IED_Tenerife_SDanzas_7bc02e,PUR_IED_Tenerife_SDanzas_7bc02e,,,,,
2026-09-12T13:01:14-05:00,PUR_IED_Tenerife_SIngles_7cc277,PUR_IED_Tenerife_SIngles_7cc277,,,,,
2026-09-12T13:01:14-05:00,PUR_IED_Tibabuyes_Exter_f2683d,PUR_IED_Tibabuyes_Exter_f2683d,,,,,
2026-09-12T13:01:14-05:00,PUR_IED_Tibabuyes_S10_dc87a8,PUR_IED_Tibabuyes_S10_dc87a8,,,,,
2026-09-12T13:01:14-05:00,PUR_IED_Tibabuyes_S15_dc0526,PUR_IED_Tibabuyes_S15_dc0526,,,,,
2026-09-12T13:01:14-05:00,PUR_IED_UnionE_S301_a1043,PUR_IED_UnionE_S301_a1043,,,,,
2026-09-12T13:01:14-05:00,PUR_IED_UnionE_S307_ff6c2f,PUR_IED_UnionE_S307_ff6c2f,,,,,
2026-09-12T13:01:14-05:00,PUR_IED_UnionE__Ext_5e2468,PUR_IED_UnionE__Ext_5e2468,,,,,
2026-09-12T13:01:14-05:00,PUR_IED_VillaRica_Ext_75be7c,PUR_IED_VillaRica_Ext_75be7c,,,,,
2026-09-12T13:01:14-05:00,PUR_IED_VillaRica_S4_cc5dcd,PUR_IED_VillaRica_S4_cc5dcd,,,,,
2026-09-12T13:01:14-05:00,PUR_IED_VillaRica_Sesp_99f5c,PUR_IED_VillaRica_Sesp_99f5c,,,,,
2026-09-12T13:06:08-05:00,PUR_IED_20deJulio_1101_91b1b9,PUR_IED_20deJulio_1101_91b1b9,,,,,
2026-09-12T13:06:08-05:00,PUR_IED_20deJulio_1102_1cfcf9,PUR_IED_20deJulio_1102_1cfcf9,,,,,
2026-09-12T13:06:08-05:00,PUR_IED_20deJulio_Ext_ab60bd,PUR_IED_20deJulio_Ext_ab60bd,,,,,
2026-09-12T13:06:08-05:00,PUR_IED_AgustinFer_Ext_7b9b77,PUR_IED_AgustinFer_Ext_7b9b77,,,,,
2026-09-12T13:06:08-05:00,PUR_IED_AgustinFer_Info2_27b3a7,PUR_IED_AgustinFer_Info2_27b3a7,,,,,
2026-09-12T13:06:08-05:00,PUR_IED_AgustinFer_Sena_54b4eb,PUR_IED_AgustinFer_Sena_54b4eb,,,,,
2026-09-12T13:06:08-05:00,PUR_IED_AlexanderF_1102_caf07b,PUR_IED_AlexanderF_1102_caf07b,,,,,
2026-09-12T13:06:08-05:00,PUR_IED_AlexanderF_1103_c79e71,PUR_IED_AlexanderF_1103_c79e71,,,,,
2026-09-12T13:06:08-05:00,PUR_IED_AlexanderF_Ext_c5b18b,PUR_IED_AlexanderF_Ext_c5b18b,,,,,
2026-09-12T13:06:08-05:00,PUR_IED_AlfonsoLopez_Ext_281d77,PUR_IED_AlfonsoLopez_Ext_281d77,,,,,
2026-09-12T13:06:08-05:00,PUR_IED_AlfonsoLopez_LabF_888ce0,PUR_IED_AlfonsoLopez_LabF_888ce0,,,,,
2026-09-12T13:06:08-05:00,PUR_IED_AlfonsoLopez_SMed_df6a7f,PUR_IED_AlfonsoLopez_SMed_df6a7f,,,,,
2026-09-12T13:06:08-05:00,PUR_IED_AltamiraSO_A2_209f92,PUR_IED_AltamiraSO_A2_209f92,,,,,
2026-09-12T13:06:08-05:00,PUR_IED_AltamiraSO_Ext_186d66,PUR_IED_AltamiraSO_Ext_186d66,,,,,
2026-09-12T13:06:08-05:00,PUR_IED_AltamiraSO_Sistem_27afe1,PUR_IED_AltamiraSO_Sistem_27afe1,,,,,
2026-09-12T13:06:08-05:00,PUR_IED_AlvaroGom_LabQuim_813179,PUR_IED_AlvaroGom_LabQuim_813179,,,,,
2026-09-12T13:06:08-05:00,PUR_IED_AlvaroGomez_Ext_47c7ca,PUR_IED_AlvaroGomez_Ext_47c7ca,,,,,
2026-09-12T13:06:08-05:00,PUR_IED_AlvaroGomez_LabQuim_813179,PUR_IED_AlvaroGomez_LabQuim_813179,,,,,
2026-09-12T13:06:08-05:00,PUR_IED_AlvaroGomez_S23_7ba89f,PUR_IED_AlvaroGomez_S23_7ba89f,,,,,
2026-09-12T13:06:08-05:00,PUR_IED_Amistad_306_dc8728,PUR_IED_Amistad_306_dc8728,,,,,
2026-09-12T13:06:08-05:00,PUR_IED_Amistad_Ext_8cd55e,PUR_IED_Amistad_Ext_8cd55e,,,,,
2026-09-12T13:06:08-05:00,PUR_IED_Amistad_S202_a41169,PUR_IED_Amistad_S202_a41169,,,,,
2026-09-12T13:06:08-05:00,PUR_IED_AndresBello_Bio_fd5f5e,PUR_IED_AndresBello_Bio_fd5f5e,,,,,
2026-09-12T13:06:08-05:00,PUR_IED_AndresBello_ext_dcad65,PUR_IED_AndresBello_ext_dcad65,,,,,
2026-09-12T13:06:08-05:00,PUR_IED_AndresBello_port_eed3ec,PUR_IED_AndresBello_port_eed3ec,,,,,
2026-09-12T13:06:08-05:00,PUR_IED_AngelaR_11b_d90a6b,PUR_IED_AngelaR_11b_d90a6b,,,,,
2026-09-12T13:06:08-05:00,PUR_IED_AngelaR_ext_7cad3e,PUR_IED_AngelaR_ext_7cad3e,3,22,55,4.5825,-74.164497
2026-09-12T13:06:08-05:00,PUR_IED_AntJoseSucre_10mo_df2575,PUR_IED_AntJoseSucre_10mo_df2575,,,,,
2026-09-12T13:06:08-05:00,PUR_IED_AntJoseSucre_Ext_215b36,PUR_IED_AntJoseSucre_Ext_215b36,,,,,
2026-09-12T13:06:08-05:00,PUR_IED_AntJoseSucre_Lab_3139de,PUR_IED_AntJoseSucre_Lab_3139de,,,,,
2026-09-12T13:06:08-05:00,PUR_IED_AntonioGarcia_301_d6b188,PUR_IED_AntonioGarcia_301_d6b188,,,,,
2026-09-12T13:06:08-05:00,PUR_IED_AntonioGarcia_302_88a82,PUR_IED_AntonioGarcia_302_88a82,,,,,
2026-09-12T13:06:08-05:00,PUR_IED_AntonioGarcia_Ext_20950c,PUR_IED_AntonioGarcia_Ext_20950c,,,,,
2026-09-12T13:06:08-05:00,PUR_IED_AntonioVan_Aula2_6dea02,PUR_IED_AntonioVan_Aula2_6dea02,,,,,
2026-09-12T13:06:08-05:00,PUR_IED_AntonioVan_Aula5_f1557e,PUR_IED_AntonioVan_Aula5_f1557e,,,,,
2026-09-12T13:06:08-05:00,PUR_IED_AntonioVan_Ext_406f2f,PUR_IED_AntonioVan_Ext_406f2f,,,,,
2026-09-12T13:06:08-05:00,PUR_IED_Atabanzha_Ext_cc5af9,PUR_IED_Atabanzha_Ext_cc5af9,,,,,
2026-09-12T13:06:08-05:00,PUR_IED_Atabanzha_SA101_56c37,PUR_IED_Atabanzha_SA101_56c37,,,,,
2026-09-12T13:06:08-05:00,PUR_IED_Atabanzha_SB302_27b374,PUR_IED_Atabanzha_SB302_27b374,,,,,
2026-09-12T13:06:08-05:00,PUR_IED_Atahualpa_Ext_fc1748,PUR_IED_Atahualpa_Ext_fc1748,,,,,
2026-09-12T13:06:08-05:00,PUR_IED_Atahualpa_Informa_dc9a95,PUR_IED_Atahualpa_Informa_dc9a95,,,,,
2026-09-12T13:06:08-05:00,PUR_IED_Atahualpa_S1101_f98056,PUR_IED_Atahualpa_S1101_f98056,,,,,
2026-09-12T13:06:08-05:00,PUR_IED_Bellavista_Ext_f5aa74,PUR_IED_Bellavista_Ext_f5aa74,,,,,
2026-09-12T13:06:08-05:00,PUR_IED_Bilbao_11A_916c41,PUR_IED_Bilbao_11A_916c41,,,,,
2026-09-12T13:06:08-05:00,PUR_IED_Bilbao_Ext_fb579a,PUR_IED_Bilbao_Ext_fb579a,,,,,
2026-09-12T13:06:08-05:00,PUR_IED_BrasiliaU_A125_304280,PUR_IED_BrasiliaU_A125_304280,,,,,
2026-09-12T13:06:08-05:00,PUR_IED_BrasiliaU_A203_7c8ca5,PUR_IED_BrasiliaU_A203_7c8ca5,,,,,
2026-09-12T13:06:08-05:00,PUR_IED_BrasiliaU_Ext_8d6e9f,PUR_IED_BrasiliaU_Ext_8d6e9f,4,19,59,4.5175,-74.116302
2026-09-12T13:06:08-05:00,PUR_IED_Brasilia_Ext_fe6593,PUR_IED_Brasilia_Ext_fe6593,,,,,
2026-09-12T13:06:08-05:00,PUR_IED_Brasilia_S24_7c130d,PUR_IED_Brasilia_S24_7c130d,,,,,
2026-09-12T13:06:08-05:00,PUR_IED_Brasilia_S501_186a54,PUR_IED_Brasilia_S501_186a54,,,,,
2026-09-12T13:06:08-05:00,PUR_IED_CHARRY_EXT_f1d5cd,PUR_IED_CHARRY_EXT_f1d5cd,,,,,
2026-09-12T13:06:08-05:00,PUR_IED_CHARRY_INTDANZAS_7a08e6,PUR_IED_CHARRY_INTDANZAS_7a08e6,,,,,
2026-09-12T13:06:08-05:00,PUR_IED_CHARRY_INT_AULA20_dc998d,PUR_IED_CHARRY_INT_AULA20_dc998d,,,,,
2026-09-12T13:06:08-05:00,PUR_IED_COLVIV_1101_S25_7f520a,PUR_IED_COLVIV_1101_S25_7f520a,,,,,
2026-09-12T13:06:08-05:00,PUR_IED_COLVIV_1102_S16_f570ba,PUR_IED_COLVIV_1102_S16_f570ba,,,,,
2026-09-12T13:06:08-05:00,PUR_IED_COLVIV_Ext_1a26fa,PUR_IED_COLVIV_Ext_1a26fa,,,,,
2026-09-12T13:06:08-05:00,PUR_IED_CULPOP_301A_f660f3,PUR_IED_CULPOP_301A_f660f3,,,,,
2026-09-12T13:06:08-05:00,PUR_IED_CULPOP_303_568afe,PUR_IED_CULPOP_303_568afe,,,,,
2026-09-12T13:06:08-05:00,PUR_IED_CULPOP_Ext_e02ccb,PUR_IED_CULPOP_Ext_e02ccb,,,,,
2026-09-12T13:06:08-05:00,PUR_IED_CVillavicen_Ext_26eb58,PUR_IED_CVillavicen_Ext_26eb58,4,18,73,4.487,-74.102798
2026-09-12T13:06:08-05:00,PUR_IED_CVillavicen_Intel_1ce5c2,PUR_IED_CVillavicen_Intel_1ce5c2,,,,,
2026-09-12T13:06:08-05:00,PUR_IED_CVillavicen_Poliv_e0766c,PUR_IED_CVillavicen_Poliv_e0766c,,,,,
2026-09-12T13:06:08-05:00,PUR_IED_CVillavicen_int_1ba140,PUR_IED_CVillavicen_int_1ba140,,,,,
2026-09-12T13:06:08-05:00,PUR_IED_CVillavicen_intel_1ba140,PUR_IED_CVillavicen_intel_1ba140,,,,,
2026-09-12T13:06:08-05:00,PUR_IED_CarlosPizarro_Ext_e307cc,PUR_IED_CarlosPizarro_Ext_e307cc,,,,,
2026-09-12T13:06:08-05:00,PUR_IED_CarlosPizarro_L36_7e5cdb,PUR_IED_CarlosPizarro_L36_7e5cdb,,,,,
2026-09-12T13:06:08-05:00,PUR_IED_CarlosPizarro_L37_c8566c,PUR_IED_CarlosPizarro_L37_c8566c,,,,,
2026-09-12T13:06:08-05:00,PUR_IED_Castilla_Ext_cf35f,PUR_IED_Castilla_Ext_cf35f,,,,,
2026-09-12T13:06:08-05:00,PUR_IED_Castilla_SFisik_360e38,PUR_IED_Castilla_SFisik_360e38,,,,,
2026-09-12T13:06:08-05:00,PUR_IED_Castilla_Sc304_496fbf,PUR_IED_Castilla_Sc304_496fbf,,,,,
2026-09-12T13:06:08-05:00,PUR_IED_CervantesSa_Ext_6b57b,PUR_IED_CervantesSa_Ext_6b57b,3,20,64,4.5128,-74.117203
2026-09-12T13:06:08-05:00,PUR_IED_CervantesSa_S107_225c2b,PUR_IED_CervantesSa_S107_225c2b,,,,,
2026-09-12T13:06:08-05:00,PUR_IED_CervantesSa_S108_940925,PUR_IED_CervantesSa_S108_940925,,,,,
2026-09-12T13:06:08-05:00,PUR_IED_Charry_A20_f53e7c,PUR_IED_Charry_A20_f53e7c,,,,,
2026-09-12T13:06:08-05:00,PUR_IED_Charry_Ext_f1d5cd,PUR_IED_Charry_Ext_f1d5cd,,,,,
2026-09-12T13:06:08-05:00,PUR_IED_Charry_IntAula20_dc998d,PUR_IED_Charry_IntAula20_dc998d,,,,,
2026-09-12T13:06:08-05:00,PUR_IED_Charry_IntDanzas_7a08e6,PUR_IED_Charry_IntDanzas_7a08e6,,,,,
2026-09-12T13:06:08-05:00,PUR_IED_ClememciaC_203_43e2fc,PUR_IED_ClememciaC_203_43e2fc,,,,,
2026-09-12T13:06:08-05:00,PUR_IED_ClememciaC_Ext_1b411a,PUR_IED_ClememciaC_Ext_1b411a,,,,,
2026-09-12T13:06:08-05:00,PUR_IED_ClememciaC_Quimic_44b5fc,PUR_IED_ClememciaC_Quimic_44b5fc,,,,,
2026-09-12T13:06:08-05:00,PUR_IED_ClemenciaC_203_43e2fc,PUR_IED_ClemenciaC_203_43e2fc,,,,,
2026-09-12T13:06:08-05:00,PUR_IED_ClemenciaC_Ext_1b411a,PUR_IED_ClemenciaC_Ext_1b411a,,,,,
2026-09-12T13:06:08-05:00,PUR_IED_ClemenciaC_Quimic_44b5fc,PUR_IED_ClemenciaC_Quimic_44b5fc,,,,,
2026-09-12T13:06:08-05:00,PUR_IED_ColViva_1101_S25_7f520a,PUR_IED_ColViva_1101_S25_7f520a,,,,,
2026-09-12T13:06:08-05:00,PUR_IED_ColViva_1102_S16_f570ba,PUR_IED_ColViva_1102_S16_f570ba,,,,,
2026-09-12T13:06:08-05:00,PUR_IED_ColViva_Ext_1a26fa,PUR_IED_ColViva_Ext_1a26fa,,,,,
2026-09-12T13:06:08-05:00,PUR_IED_ColegioBici_Asist_7c8798,PUR_IED_ColegioBici_Asist_7c8798,,,,,
2026-09-12T13:06:08-05:00,PUR_IED_ColegioBici_Ext_25cbf6,PUR_IED_ColegioBici_Ext_25cbf6,,,,,
2026-09-12T13:06:08-05:00,PUR_IED_ColegioBici_LabQ_7b57db,PUR_IED_ColegioBici_LabQ_7b57db,,,,,
2026-09-12T13:06:08-05:00,PUR_IED_CostaRica_Ext_5e640,PUR_IED_CostaRica_Ext_5e640,,,,,
2026-09-12T13:06:08-05:00,PUR_IED_CostaRica_Quim1_766d1c,PUR_IED_CostaRica_Quim1_766d1c,,,,,
2026-09-12T13:06:08-05:00,PUR_IED_CostaRica__Fisica_6f0873,PUR_IED_CostaRica__Fisica_6f0873,,,,,
2026-09-12T13:06:08-05:00,PUR_IED_CulPopu_301A_f660f3,PUR_IED_CulPopu_301A_f660f3,,,,,
2026-09-12T13:06:08-05:00,PUR_IED_CulPopu_303_568afe,PUR_IED_CulPopu_303_568afe,,,,,
2026-09-12T13:06:08-05:00,PUR_IED_CulPopu_Ext_e02ccb,PUR_IED_CulPopu_Ext_e02ccb,,,,,
2026-09-12T13:06:08-05:00,PUR_IED_Cundinamarca_Ext_f15985,PUR_IED_Cundinamarca_Ext_f15985,,,,,
2026-09-12T13:06:08-05:00,PUR_IED_Cundinamarca_Info_7aa5d7,PUR_IED_Cundinamarca_Info_7aa5d7,,,,,
2026-09-12T13:06:08-05:00,PUR_IED_Cundinamarca_Tec2_f449c7,PUR_IED_Cundinamarca_Tec2_f449c7,,,,,
2026-09-12T13:06:08-05:00,PUR_IED_DiegoM_Aula1_27b314,PUR_IED_DiegoM_Aula1_27b314,,,,,
2026-09-12T13:06:08-05:00,PUR_IED_DiegoM_Ext_d80ac8,PUR_IED_DiegoM_Ext_d80ac8,,,,,
2026-09-12T13:06:08-05:00,PUR_IED_DiegoM_S25_da928f,PUR_IED_DiegoM_S25_da928f,,,,,
2026-09-12T13:06:08-05:00,PUR_IED_ELRODEO_360881,PUR_IED_ELRODEO_360881,,,,,
2026-09-12T13:06:08-05:00,PUR_IED_ELRODEO_ext_360881,PUR_IED_ELRODEO_ext_360881,,,,,
2026-09-12T13:06:08-05:00,PUR_IED_EduardoU_Ext_1c1969,PUR_IED_EduardoU_Ext_1c1969,,,,,
2026-09-12T13:06:08-05:00,PUR_IED_EduardoU_SCiencia_4dfb94,PUR_IED_EduardoU_SCiencia_4dfb94,,,,,
2026-09-12T13:06:08-05:00,PUR_IED_EduardoU_SQuimica_5a46e7,PUR_IED_EduardoU_SQuimica_5a46e7,,,,,
2026-09-12T13:06:08-05:00,PUR_IED_ElRodeo_Aula14_676984,PUR_IED_ElRodeo_Aula14_676984,,,,,
2026-09-12T13:06:08-05:00,PUR_IED_ElRodeo_Aula16_2dd35b,PUR_IED_ElRodeo_Aula16_2dd35b,,,,,
2026-09-12T13:06:08-05:00,PUR_IED_ElRodeo_Ext_360881,PUR_IED_ElRodeo_Ext_360881,,,,,
2026-09-12T13:06:08-05:00,PUR_IED_ElRodeo_Exterior_8c6d28,PUR_IED_ElRodeo_Exterior_8c6d28,,,,,
2026-09-12T13:06:08-05:00,PUR_IED_ElRodeo_ext_360881,PUR_IED_ElRodeo_ext_360881,,,,,
2026-09-12T13:06:08-05:00,PUR_IED_EmmaReyes_Ext_987625,PUR_IED_EmmaReyes_Ext_987625,2,22,46,4.6367,-74.1511
2026-09-12T13:06:08-05:00,PUR_IED_Ensueño_Ext_7f0250,PUR_IED_Ensueño_Ext_7f0250,,,,,
2026-09-12T13:06:08-05:00,PUR_IED_EscNormal_Ext_5fef3b,PUR_IED_EscNormal_Ext_5fef3b,2,23,48,4.5852,-74.096901
2026-09-12T13:06:08-05:00,PUR_IED_EscNormal_S309_5b263,PUR_IED_EscNormal_S309_5b263,,,,,
2026-09-12T13:06:08-05:00,PUR_IED_EscNormal_S310_27b3b8,PUR_IED_EscNormal_S310_27b3b8,,,,,
2026-09-12T13:06:08-05:00,PUR_IED_Evangelista_Conta_f6cd4f,PUR_IED_Evangelista_Conta_f6cd4f,,,,,
2026-09-12T13:06:08-05:00,PUR_IED_Evangelista_Cri_5e16a,PUR_IED_Evangelista_Cri_5e16a,,,,,
2026-09-12T13:06:08-05:00,PUR_IED_Evangelista_Exter_754066,PUR_IED_Evangelista_Exter_754066,,,,,
2026-09-12T13:06:08-05:00,PUR_IED_FMiranda_S209_5cc2a3,PUR_IED_FMiranda_S209_5cc2a3,,,,,
2026-09-12T13:06:08-05:00,PUR_IED_FMiranda_S303_19e344,PUR_IED_FMiranda_S303_19e344,,,,,
2026-09-12T13:06:08-05:00,PUR_IED_FMiranda_ext_f53e7c,PUR_IED_FMiranda_ext_f53e7c,,,,,
2026-09-12T13:06:08-05:00,PUR_IED_FabioLozano_Bibli_1cee05,PUR_IED_FabioLozano_Bibli_1cee05,,,,,
2026-09-12T13:06:08-05:00,PUR_IED_FabioLozano_Ext_6ea285,PUR_IED_FabioLozano_Ext_6ea285,,,,,
2026-09-12T13:06:08-05:00,PUR_IED_FabioLozano_SLudi_f09e1e,PUR_IED_FabioLozano_SLudi_f09e1e,,,,,
2026-09-12T13:06:08-05:00,PUR_IED_FaustinoS_Aula07_27a731,PUR_IED_FaustinoS_Aula07_27a731,,,,,
2026-09-12T13:06:08-05:00,PUR_IED_FaustinoS_Ext_7b936f,PUR_IED_FaustinoS_Ext_7b936f,,,,,
2026-09-12T13:06:08-05:00,PUR_IED_FaustinoS_Fisica_da2c60,PUR_IED_FaustinoS_Fisica_da2c60,,,,,
2026-09-12T13:06:08-05:00,PUR_IED_FeGarciaLo_Ext_dc68ee,PUR_IED_FeGarciaLo_Ext_dc68ee,,,,,
2026-09-12T13:06:08-05:00,PUR_IED_FeGarciaLo_SDanza_f70a59,PUR_IED_FeGarciaLo_SDanza_f70a59,,,,,
2026-09-12T13:06:08-05:00,PUR_IED_FeGarciaLo_SMusic_125cdd,PUR_IED_FeGarciaLo_SMusic_125cdd,,,,,
2026-09-12T13:06:08-05:00,PUR_IED_FederalAlema_Exte_50c345,PUR_IED_FederalAlema_Exte_50c345,,,,,
2026-09-12T13:06:08-05:00,PUR_IED_FederalAlema_S31_f18371,PUR_IED_FederalAlema_S31_f18371,,,,,
2026-09-12T13:06:08-05:00,PUR_IED_FederalAlema_S901_a62cd,PUR_IED_FederalAlema_S901_a62cd,,,,,
2026-09-12T13:06:08-05:00,PUR_IED_FilarmonicaS_A5_f35eb1,PUR_IED_FilarmonicaS_A5_f35eb1,,,,,
2026-09-12T13:06:08-05:00,PUR_IED_FilarmonicaS_Ext_8a3bde,PUR_IED_FilarmonicaS_Ext_8a3bde,,,,,
2026-09-12T13:06:08-05:00,PUR_IED_FilarmonicaS_Spol_406114,PUR_IED_FilarmonicaS_Spol_406114,,,,,
2026-09-12T13:06:08-05:00,PUR_IED_FlorentinoG_A13_d1fa59,PUR_IED_FlorentinoG_A13_d1fa59,,,,,
2026-09-12T13:06:08-05:00,PUR_IED_FlorentinoG_Ext_1ce6ce,PUR_IED_FlorentinoG_Ext_1ce6ce,,,,,
2026-09-12T13:06:08-05:00,PUR_IED_FlorentinoG_Idiom_a66aac,PUR_IED_FlorentinoG_Idiom_a66aac,,,,,
2026-09-12T13:06:08-05:00,PUR_IED_FranciscoMati_Ext_e3869d,PUR_IED_FranciscoMati_Ext_e3869d,,,,,
2026-09-12T13:06:08-05:00,PUR_IED_FranciscoMati_S13_f31c67,PUR_IED_FranciscoMati_S13_f31c67,,,,,
2026-09-12T13:06:08-05:00,PUR_IED_FranciscoMati_S14_97dead,PUR_IED_FranciscoMati_S14_97dead,,,,,
2026-09-12T13:06:08-05:00,PUR_IED_FranciscoPS_Ext_7bfa9a,PUR_IED_FranciscoPS_Ext_7bfa9a,2,23,49,4.5899,-74.110397
2026-09-12T13:06:08-05:00,PUR_IED_FranciscoPS_Infor_fb8f4c,PUR_IED_FranciscoPS_Infor_fb8f4c,,,,,
2026-09-12T13:06:08-05:00,PUR_IED_FranciscoPS_Quimi_94d39c,PUR_IED_FranciscoPS_Quimi_94d39c,,,,,
2026-09-12T13:06:08-05:00,PUR_IED_FranciscoP_LabQ_d7e148,PUR_IED_FranciscoP_LabQ_d7e148,,,,,
2026-09-12T13:06:08-05:00,PUR_IED_FranciscoP_S28_cf9b30,PUR_IED_FranciscoP_S28_cf9b30,,,,,
2026-09-12T13:06:08-05:00,PUR_IED_FranciscoP_ext_e2313,PUR_IED_FranciscoP_ext_e2313,,,,,
2026-09-12T13:06:08-05:00,PUR_IED_FriederichN_Ext_8ac92a,PUR_IED_FriederichN_Ext_8ac92a,,,,,
2026-09-12T13:06:08-05:00,PUR_IED_FriederichN_S301_dd7e5a,PUR_IED_FriederichN_S301_dd7e5a,,,,,
2026-09-12T13:06:08-05:00,PUR_IED_FriederichN_S308_761f4f,PUR_IED_FriederichN_S308_761f4f,,,,,
2026-09-12T13:06:08-05:00,PUR_IED_GSantander_Aula10_533dd7,PUR_IED_GSantander_Aula10_533dd7,,,,,
2026-09-12T13:06:08-05:00,PUR_IED_GSantander_Aula12_fd4e4f,PUR_IED_GSantander_Aula12_fd4e4f,,,,,
2026-09-12T13:06:08-05:00,PUR_IED_GSantander_Aula310_533dd7,PUR_IED_GSantander_Aula310_533dd7,,,,,
2026-09-12T13:06:08-05:00,PUR_IED_GSantander_Aula312_fd4e4f,PUR_IED_GSantander_Aula312_fd4e4f,,,,,
2026-09-12T13:06:08-05:00,PUR_IED_GSantander_Ext_5f66b0,PUR_IED_GSantander_Ext_5f66b0,,,,,
2026-09-12T13:06:08-05:00,PUR_IED_GYomasa_Ext_f6bea5,PUR_IED_GYomasa_Ext_f6bea5,,,,,
2026-09-12T13:06:08-05:00,PUR_IED_GYomasa_LBiol_2c41aa,PUR_IED_GYomasa_LBiol_2c41aa,,,,,
2026-09-12T13:06:08-05:00,PUR_IED_GYomasa_LQuim_33c80,PUR_IED_GYomasa_LQuim_33c80,,,,,
2026-09-12T13:06:08-05:00,PUR_IED_GabBetMejia_Cienc_5a99c,PUR_IED_GabBetMejia_Cienc_5a99c,,,,,
2026-09-12T13:06:08-05:00,PUR_IED_GabBetMejia_Ext_9153d0,PUR_IED_GabBetMejia_Ext_9153d0,,,,,
2026-09-12T13:06:08-05:00,PUR_IED_GabBetMejia_Lab_f55347,PUR_IED_GabBetMejia_Lab_f55347,,,,,
2026-09-12T13:06:08-05:00,PUR_IED_GabBetanMejia_Ext_9153d0,PUR_IED_GabBetanMejia_Ext_9153d0,,,,,
2026-09-12T13:06:08-05:00,PUR_IED_Gaitana_Aula13_7aac11,PUR_IED_Gaitana_Aula13_7aac11,,,,,
2026-09-12T13:06:08-05:00,PUR_IED_Gaitana_Ext_5fcf4,PUR_IED_Gaitana_Ext_5fcf4,,,,,
2026-09-12T13:06:08-05:00,PUR_IED_Gaitana_LabFisica_644448,PUR_IED_Gaitana_LabFisica_644448,,,,,
2026-09-12T13:06:08-05:00,PUR_IED_GenSantander_Dise_8ac858,PUR_IED_GenSantander_Dise_8ac858,,,,,
2026-09-12T13:06:08-05:00,PUR_IED_GenSantander_Ext_8d5dfe,PUR_IED_GenSantander_Ext_8d5dfe,,,,,
2026-09-12T13:06:08-05:00,PUR_IED_GenSantander_Info_6c25b,PUR_IED_GenSantander_Info_6c25b,,,,,
2026-09-12T13:06:08-05:00,PUR_IED_GustavoMo_Exterio_75e63d,PUR_IED_GustavoMo_Exterio_75e63d,,,,,
2026-09-12T13:06:08-05:00,PUR_IED_GustavoMo_LabFisi_224d37,PUR_IED_GustavoMo_LabFisi_224d37,,,,,
2026-09-12T13:06:08-05:00,PUR_IED_GustavoMo_S208_3e6918,PUR_IED_GustavoMo_S208_3e6918,,,,,
2026-09-12T13:06:08-05:00,PUR_IED_GustavoR_A02_8cd4a8,PUR_IED_GustavoR_A02_8cd4a8,,,,,
2026-09-12T13:06:08-05:00,PUR_IED_GustavoR_B11_5b0ed,PUR_IED_GustavoR_B11_5b0ed,,,,,
2026-09-12T13:06:08-05:00,PUR_IED_GustavoR_Ext_7a0c90,PUR_IED_GustavoR_Ext_7a0c90,,,,,
2026-09-12T13:06:08-05:00,PUR_IED_HernandoDuran_Ext_8cd82b,PUR_IED_HernandoDuran_Ext_8cd82b,,,,,
2026-09-12T13:06:08-05:00,PUR_IED_HernandoDuran_S24_2772c6,PUR_IED_HernandoDuran_S24_2772c6,,,,,
2026-09-12T13:06:08-05:00,PUR_IED_HernandoDuran_S30_f2de41,PUR_IED_HernandoDuran_S30_f2de41,,,,,
2026-09-12T13:06:08-05:00,PUR_IED_HolguInUr_S1101_8cd732,PUR_IED_HolguInUr_S1101_8cd732,,,,,
2026-09-12T13:06:08-05:00,PUR_IED_HolguinUr_Exter_ddae6d,PUR_IED_HolguinUr_Exter_ddae6d,,,,,
2026-09-12T13:06:08-05:00,PUR_IED_HolguinUr_LabQuim_92b952,PUR_IED_HolguinUr_LabQuim_92b952,,,,,
2026-09-12T13:06:08-05:00,PUR_IED_Isabel-II_Ext_5245cc,PUR_IED_Isabel-II_Ext_5245cc,2,21,48,4.6336,-74.153
2026-09-12T13:06:08-05:00,PUR_IED_Isabel-II_S_idiom_1c29aa,PUR_IED_Isabel-II_S_idiom_1c29aa,,,,,
2026-09-12T13:06:08-05:00,PUR_IED_Isabel-II_S_infor_fd741,PUR_IED_Isabel-II_S_infor_fd741,,,,,
2026-09-12T13:06:08-05:00,PUR_IED_IsidroSur_Exterio_5b90ea,PUR_IED_IsidroSur_Exterio_5b90ea,,,,,
2026-09-12T13:06:08-05:00,PUR_IED_IsidroSur_LabTec_56697a,PUR_IED_IsidroSur_LabTec_56697a,,,,,
2026-09-12T13:06:08-05:00,PUR_IED_IsidroSur_Robotic_b7c38f,PUR_IED_IsidroSur_Robotic_b7c38f,,,,,
2026-09-12T13:06:08-05:00,PUR_IED_IsmaelPerd_Ext_7b6672,PUR_IED_IsmaelPerd_Ext_7b6672,,,,,
2026-09-12T13:06:08-05:00,PUR_IED_IsmaelPerd_Inform_306540,PUR_IED_IsmaelPerd_Inform_306540,,,,,
2026-09-12T13:06:08-05:00,PUR_IED_IsmaelPerd_S30_2e2c83,PUR_IED_IsmaelPerd_S30_2e2c83,,,,,
2026-09-12T13:06:08-05:00,PUR_IED_JLozano_Exter_432910,PUR_IED_JLozano_Exter_432910,,,,,
2026-09-12T13:06:08-05:00,PUR_IED_JLozano_salaMulti_df5125,PUR_IED_JLozano_salaMulti_df5125,,,,,
2026-09-12T13:06:08-05:00,PUR_IED_JMCordoba_206_86f80b,PUR_IED_JMCordoba_206_86f80b,,,,,
2026-09-12T13:06:08-05:00,PUR_IED_JMCordoba_Ext_27ad97,PUR_IED_JMCordoba_Ext_27ad97,,,,,
2026-09-12T13:06:08-05:00,PUR_IED_JMCordoba_S310_d59ab4,PUR_IED_JMCordoba_S310_d59ab4,,,,,
2026-09-12T13:06:08-05:00,PUR_IED_Japon_Ext_549100,PUR_IED_Japon_Ext_549100,,,,,
2026-09-12T13:06:08-05:00,PUR_IED_Japon_Laboratorio_bec51d,PUR_IED_Japon_Laboratorio_bec51d,,,,,
2026-09-12T13:06:08-05:00,PUR_IED_Japon_informatica_d99327,PUR_IED_Japon_informatica_d99327,,,,,
2026-09-12T13:06:08-05:00,PUR_IED_Jazmin_Ext_d27bda,PUR_IED_Jazmin_Ext_d27bda,,,,,
2026-09-12T13:06:08-05:00,PUR_IED_Jazmin_Fisica_8d14d7,PUR_IED_Jazmin_Fisica_8d14d7,,,,,
2026-09-12T13:06:08-05:00,PUR_IED_Jazmin_Quimica_801cb5,PUR_IED_Jazmin_Quimica_801cb5,,,,,
2026-09-12T13:06:08-05:00,PUR_IED_JorgeGaitan_Exter_f098d1,PUR_IED_JorgeGaitan_Exter_f098d1,,,,,
2026-09-12T13:06:08-05:00,PUR_IED_JorgeGaitan_STec1_dc9d1d,PUR_IED_JorgeGaitan_STec1_dc9d1d,,,,,
2026-09-12T13:06:08-05:00,PUR_IED_JorgeGaitan_STec2_281e69,PUR_IED_JorgeGaitan_STec2_281e69,,,,,
2026-09-12T13:06:08-05:00,PUR_IED_JorgeSoto_Exterio_d9d0a2,PUR_IED_JorgeSoto_Exterio_d9d0a2,,,,,
2026-09-12T13:06:08-05:00,PUR_IED_JorgeSoto_LabFisi_209c54,PUR_IED_JorgeSoto_LabFisi_209c54,,,,,
2026-09-12T13:06:08-05:00,PUR_IED_JorgeSoto_S103_27b51a,PUR_IED_JorgeSoto_S103_27b51a,,,,,
2026-09-12T13:06:08-05:00,PUR_IED_JoseAcevedo_A02_e965eb,PUR_IED_JoseAcevedo_A02_e965eb,,,,,
2026-09-12T13:06:08-05:00,PUR_IED_JoseAcevedo_A07_dd5b4,PUR_IED_JoseAcevedo_A07_dd5b4,,,,,
2026-09-12T13:06:08-05:00,PUR_IED_JoseAcevedo_Ext_b47484,PUR_IED_JoseAcevedo_Ext_b47484,,,,,
2026-09-12T13:06:08-05:00,PUR_IED_JoseMarti_Exte_5b9bf,PUR_IED_JoseMarti_Exte_5b9bf,,,,,
2026-09-12T13:06:08-05:00,PUR_IED_JoseMarti_LabQuim_1c6c2d,PUR_IED_JoseMarti_LabQuim_1c6c2d,,,,,
2026-09-12T13:06:08-05:00,PUR_IED_JoseMarti_S_info_f5f177,PUR_IED_JoseMarti_S_info_f5f177,,,,,
2026-09-12T13:06:08-05:00,PUR_IED_Josejoaquin_Ext_dfc5dc,PUR_IED_Josejoaquin_Ext_dfc5dc,,,,,
2026-09-12T13:06:08-05:00,PUR_IED_Josejoaquin_S05_5b2a96,PUR_IED_Josejoaquin_S05_5b2a96,,,,,
2026-09-12T13:06:08-05:00,PUR_IED_Josejoaquin_S06_1ce7d2,PUR_IED_Josejoaquin_S06_1ce7d2,,,,,
2026-09-12T13:06:08-05:00,PUR_IED_JulioFlorez_Danza_9b82dd,PUR_IED_JulioFlorez_Danza_9b82dd,,,,,
2026-09-12T13:06:08-05:00,PUR_IED_JulioFlorez_Exter_f9f314,PUR_IED_JulioFlorez_Exter_f9f314,,,,,
2026-09-12T13:06:08-05:00,PUR_IED_JulioFlorez_info2_6b6e08,PUR_IED_JulioFlorez_info2_6b6e08,,,,,
2026-09-12T13:06:08-05:00,PUR_IED_LaBelleza_Aula13_1d00d8,PUR_IED_LaBelleza_Aula13_1d00d8,,,,,
2026-09-12T13:06:08-05:00,PUR_IED_LaBelleza_Ext_7bc08c,PUR_IED_LaBelleza_Ext_7bc08c,,,,,
2026-09-12T13:06:08-05:00,PUR_IED_LaChucua_Ext_8cd6d2,PUR_IED_LaChucua_Ext_8cd6d2,,,,,
2026-09-12T13:06:08-05:00,PUR_IED_LaChucua_S15_f578ce,PUR_IED_LaChucua_S15_f578ce,,,,,
2026-09-12T13:06:08-05:00,PUR_IED_LaChucua_S16_eebcf9,PUR_IED_LaChucua_S16_eebcf9,,,,,
2026-09-12T13:06:08-05:00,PUR_IED_LaFelicidad_Ext_fb5109,PUR_IED_LaFelicidad_Ext_fb5109,,,,,
2026-09-12T13:06:08-05:00,PUR_IED_LaMerced_206_66ebd,PUR_IED_LaMerced_206_66ebd,,,,,
2026-09-12T13:06:08-05:00,PUR_IED_LaMerced_207_6ebd6,PUR_IED_LaMerced_207_6ebd6,,,,,
2026-09-12T13:06:08-05:00,PUR_IED_LaMerced_ext_304311,PUR_IED_LaMerced_ext_304311,,,,,
2026-09-12T13:06:08-05:00,PUR_IED_Laureano_CiencNat_281e5e,PUR_IED_Laureano_CiencNat_281e5e,,,,,
2026-09-12T13:06:08-05:00,PUR_IED_Laureano_Comedor_f65c0a,PUR_IED_Laureano_Comedor_f65c0a,,,,,
2026-09-12T13:06:08-05:00,PUR_IED_Laureano_Exterior_7ab011,PUR_IED_Laureano_Exterior_7ab011,,,,,
2026-09-12T13:06:08-05:00,PUR_IED_LeonGreiff_Exte_dfe560,PUR_IED_LeonGreiff_Exte_dfe560,,,,,
2026-09-12T13:06:08-05:00,PUR_IED_LeonGreiff_S210_f264ed,PUR_IED_LeonGreiff_S210_f264ed,,,,,
2026-09-12T13:06:08-05:00,PUR_IED_LeonGreiff_SQuimi_e8296f,PUR_IED_LeonGreiff_SQuimi_e8296f,,,,,
2026-09-12T13:06:08-05:00,PUR_IED_LlanoOrientalS208_7b9fcd,PUR_IED_LlanoOrientalS208_7b9fcd,,,,,
2026-09-12T13:06:08-05:00,PUR_IED_LlanoOriental_Ext_fb3766,PUR_IED_LlanoOriental_Ext_fb3766,,,,,
2026-09-12T13:06:08-05:00,PUR_IED_LlanoOriental_S208_7b9fcd,PUR_IED_LlanoOriental_S208_7b9fcd,,,,,
2026-09-12T13:06:08-05:00,PUR_IED_LlanoOriental_S9_27b378,PUR_IED_LlanoOriental_S9_27b378,,,,,
2026-09-12T13:06:08-05:00,PUR_IED_LosTejares_1101_477602,PUR_IED_LosTejares_1101_477602,,,,,
2026-09-12T13:06:08-05:00,PUR_IED_LosTejares_11_d2c595,PUR_IED_LosTejares_11_d2c595,,,,,
2026-09-12T13:06:08-05:00,PUR_IED_LosTejares_12_477602,PUR_IED_LosTejares_12_477602,,,,,
2026-09-12T13:06:08-05:00,PUR_IED_LosTejares_Ext_8e2115,PUR_IED_LosTejares_Ext_8e2115,,,,,
2026-09-12T13:06:08-05:00,PUR_IED_MagdalenaO_B202_5ddda3,PUR_IED_MagdalenaO_B202_5ddda3,,,,,
2026-09-12T13:06:08-05:00,PUR_IED_MagdalenaO_B205_fb76e8,PUR_IED_MagdalenaO_B205_fb76e8,,,,,
2026-09-12T13:06:08-05:00,PUR_IED_MagdalenaO_ext_dc69cd,PUR_IED_MagdalenaO_ext_dc69cd,,,,,
2026-09-12T13:06:08-05:00,PUR_IED_ManueCepeda_artes_eee956,PUR_IED_ManueCepeda_artes_eee956,,,,,
2026-09-12T13:06:08-05:00,PUR_IED_ManuelCepeda_Ext_58313,PUR_IED_ManuelCepeda_Ext_58313,,,,,
2026-09-12T13:06:08-05:00,PUR_IED_ManuelCepeda_tec_1c5731,PUR_IED_ManuelCepeda_tec_1c5731,,,,,
2026-09-12T13:06:08-05:00,PUR_IED_ManuelS_Exterior_5b269,PUR_IED_ManuelS_Exterior_5b269,,,,,
2026-09-12T13:06:08-05:00,PUR_IED_ManuelS_Inform_f369ce,PUR_IED_ManuelS_Inform_f369ce,,,,,
2026-09-12T13:06:08-05:00,PUR_IED_ManuelS_SArtes_7d15f1,PUR_IED_ManuelS_SArtes_7d15f1,,,,,
2026-09-12T13:06:08-05:00,PUR_IED_ManuelZapata_303_3ca6,PUR_IED_ManuelZapata_303_3ca6,,,,,
2026-09-12T13:06:08-05:00,PUR_IED_ManuelZapata_311_bfbabc,PUR_IED_ManuelZapata_311_bfbabc,,,,,
2026-09-12T13:06:08-05:00,PUR_IED_ManuelZapata_Ext_50824a,PUR_IED_ManuelZapata_Ext_50824a,,,,,
2026-09-12T13:06:08-05:00,PUR_IED_ManuelitaS_Exteri_656a92,PUR_IED_ManuelitaS_Exteri_656a92,,,,,
2026-09-12T13:06:08-05:00,PUR_IED_ManuelitaS_JuzgDe_f58ec3,PUR_IED_ManuelitaS_JuzgDe_f58ec3,,,,,
2026-09-12T13:06:08-05:00,PUR_IED_ManuelitaS_Recrea_d793db,PUR_IED_ManuelitaS_Recrea_d793db,,,,,
2026-09-12T13:06:08-05:00,PUR_IED_MarFidSuarez_Ext_c27b19,PUR_IED_MarFidSuarez_Ext_c27b19,,,,,
2026-09-12T13:06:08-05:00,PUR_IED_MarFidSuarez_Info_e384d7,PUR_IED_MarFidSuarez_Info_e384d7,,,,,
2026-09-12T13:06:08-05:00,PUR_IED_MarFidSuarez_S306_1d0032,PUR_IED_MarFidSuarez_S306_1d0032,,,,,
2026-09-12T13:06:08-05:00,PUR_IED_Menorah_301_2a25a3,PUR_IED_Menorah_301_2a25a3,,,,,
2026-09-12T13:06:08-05:00,PUR_IED_Menorah_306_37ed3,PUR_IED_Menorah_306_37ed3,,,,,
2026-09-12T13:06:08-05:00,PUR_IED_Menorah_Ext_3e155b,PUR_IED_Menorah_Ext_3e155b,,,,,
2026-09-12T13:06:08-05:00,PUR_IED_MinutoB.Aires_A11_1b1604,PUR_IED_MinutoB.Aires_A11_1b1604,,,,,
2026-09-12T13:06:08-05:00,PUR_IED_MinutoB.Aires_A12_fb5860,PUR_IED_MinutoB.Aires_A12_fb5860,,,,,
2026-09-12T13:06:08-05:00,PUR_IED_MinutoB.Aires_Ext_81293f,PUR_IED_MinutoB.Aires_Ext_81293f,,,,,
2026-09-12T13:06:08-05:00,PUR_IED_MinutoBAires_A11_1b1604,PUR_IED_MinutoBAires_A11_1b1604,,,,,
2026-09-12T13:06:08-05:00,PUR_IED_MinutoBAires_A12_fb5860,PUR_IED_MinutoBAires_A12_fb5860,,,,,
2026-09-12T13:06:08-05:00,PUR_IED_MinutoBAires_Ext_81293f,PUR_IED_MinutoBAires_Ext_81293f,,,,,
2026-09-12T13:06:08-05:00,PUR_IED_Montreal_Aula10_1e4959,PUR_IED_Montreal_Aula10_1e4959,,,,,
2026-09-12T13:06:08-05:00,PUR_IED_Montreal_Aula6_300367,PUR_IED_Montreal_Aula6_300367,,,,,
2026-09-12T13:06:08-05:00,PUR_IED_Montreal_Exterior_91a179,PUR_IED_Montreal_Exterior_91a179,,,,,
2026-09-12T13:06:08-05:00,PUR_IED_Mqgdalena_B202_5ddda3,PUR_IED_Mqgdalena_B202_5ddda3,,,,,
2026-09-12T13:06:08-05:00,PUR_IED_NACUND_Soc_dc8728,PUR_IED_NACUND_Soc_dc8728,,,,,
2026-09-12T13:06:08-05:00,PUR_IED_NACUND_ext_27ad97,PUR_IED_NACUND_ext_27ad97,,,,,
2026-09-12T13:06:08-05:00,PUR_IED_NEsperanza_Ext_d24b61,PUR_IED_NEsperanza_Ext_d24b61,,,,,
2026-09-12T13:06:08-05:00,PUR_IED_NEsperanza_SElect_7d1807,PUR_IED_NEsperanza_SElect_7d1807,,,,,
2026-09-12T13:06:08-05:00,PUR_IED_NEsperanza_SLabor_8b2d0a,PUR_IED_NEsperanza_SLabor_8b2d0a,,,,,
2026-09-12T13:06:08-05:00,PUR_IED_NacionesU_Ext_f661a9,PUR_IED_NacionesU_Ext_f661a9,,,,,
2026-09-12T13:06:08-05:00,PUR_IED_NacionesU_Quimica_66f0a,PUR_IED_NacionesU_Quimica_66f0a,,,,,
2026-09-12T13:06:08-05:00,PUR_IED_NacionesU_S306_1b4b3d,PUR_IED_NacionesU_S306_1b4b3d,,,,,
2026-09-12T13:06:08-05:00,PUR_IED_NestorFA_Ext_e4201c,PUR_IED_NestorFA_Ext_e4201c,,,,,
2026-09-12T13:06:08-05:00,PUR_IED_NestorFA_Laborato_f22fe0,PUR_IED_NestorFA_Laborato_f22fe0,,,,,
2026-09-12T13:06:08-05:00,PUR_IED_NestorFA_S204_dee996,PUR_IED_NestorFA_S204_dee996,,,,,
2026-09-12T13:06:08-05:00,PUR_IED_NidyaQT_Aula03_76999b,PUR_IED_NidyaQT_Aula03_76999b,,,,,
2026-09-12T13:06:08-05:00,PUR_IED_NidyaQT_Aula10_56325,PUR_IED_NidyaQT_Aula10_56325,,,,,
2026-09-12T13:06:08-05:00,PUR_IED_NidyaQT_Ext_46e32d,PUR_IED_NidyaQT_Ext_46e32d,,,,,
2026-09-12T13:06:08-05:00,PUR_IED_NuevaCol_Exterior_d9b859,PUR_IED_NuevaCol_Exterior_d9b859,,,,,
2026-09-12T13:06:08-05:00,PUR_IED_NuevaCol_S1101_76c43b,PUR_IED_NuevaCol_S1101_76c43b,,,,,
2026-09-12T13:06:08-05:00,PUR_IED_NuevaCol_S1102_1ce0b5,PUR_IED_NuevaCol_S1102_1ce0b5,,,,,
2026-09-12T13:06:08-05:00,PUR_IED_OEA_A202_f7e3f2,PUR_IED_OEA_A202_f7e3f2,,,,,
2026-09-12T13:06:08-05:00,PUR_IED_OEA_A203_7d1b8d,PUR_IED_OEA_A203_7d1b8d,,,,,
2026-09-12T13:06:08-05:00,PUR_IED_OEA_Ext_27b593,PUR_IED_OEA_Ext_27b593,,,,,
2026-09-12T13:06:08-05:00,PUR_IED_Ochoa_Ext_1c29da,PUR_IED_Ochoa_Ext_1c29da,,,,,
2026-09-12T13:06:08-05:00,PUR_IED_Ochoa_S205_8b1121,PUR_IED_Ochoa_S205_8b1121,,,,,
2026-09-12T13:06:08-05:00,PUR_IED_Ochoa_Sistemas_f33af6,PUR_IED_Ochoa_Sistemas_f33af6,,,,,
2026-09-12T13:06:08-05:00,PUR_IED_PQuebec_Ext_1c67c7,PUR_IED_PQuebec_Ext_1c67c7,,,,,
2026-09-12T13:06:08-05:00,PUR_IED_PQuebec_S15_23e8e2,PUR_IED_PQuebec_S15_23e8e2,,,,,
2026-09-12T13:06:08-05:00,PUR_IED_PQuebec_S16_8ec76b,PUR_IED_PQuebec_S16_8ec76b,,,,,
2026-09-12T13:06:08-05:00,PUR_IED_PabloN_Ext_49dc96,PUR_IED_PabloN_Ext_49dc96,,,,,
2026-09-12T13:06:08-05:00,PUR_IED_PabloN_S1102_4e3df5,PUR_IED_PabloN_S1102_4e3df5,,,,,
2026-09-12T13:06:08-05:00,PUR_IED_PabloN_S1103_50c94b,PUR_IED_PabloN_S1103_50c94b,,,,,
2026-09-12T13:06:08-05:00,PUR_IED_Palestina_S1101_db9198,PUR_IED_Palestina_S1101_db9198,,,,,
2026-09-12T13:06:08-05:00,PUR_IED_Palestina_S1102_dc54fa,PUR_IED_Palestina_S1102_dc54fa,,,,,
2026-09-12T13:06:08-05:00,PUR_IED_Palestina_ext_4ccce6,PUR_IED_Palestina_ext_4ccce6,,,,,
2026-09-12T13:06:08-05:00,PUR_IED_Panama_Fisica_4d0794,PUR_IED_Panama_Fisica_4d0794,,,,,
2026-09-12T13:06:08-05:00,PUR_IED_Panama_SIngles_a4077e,PUR_IED_Panama_SIngles_a4077e,,,,,
2026-09-12T13:06:08-05:00,PUR_IED_Panama_ext_4c54b4,PUR_IED_Panama_ext_4c54b4,,,,,
2026-09-12T13:06:08-05:00,PUR_IED_ParaisoM_Exterior_8cd7f0,PUR_IED_ParaisoM_Exterior_8cd7f0,,,,,
2026-09-12T13:06:08-05:00,PUR_IED_ParaisoM_Laborato_27af35,PUR_IED_ParaisoM_Laborato_27af35,,,,,
2026-09-12T13:06:08-05:00,PUR_IED_ParaisoM_S304_d1edca,PUR_IED_ParaisoM_S304_d1edca,,,,,
2026-09-12T13:06:08-05:00,PUR_IED_PorfirioBarba_Ext_301466,PUR_IED_PorfirioBarba_Ext_301466,,,,,
2026-09-12T13:06:08-05:00,PUR_IED_PorfirioBarba_S11_df6cd2,PUR_IED_PorfirioBarba_S11_df6cd2,,,,,
2026-09-12T13:06:08-05:00,PUR_IED_PorfirioBarba_S29_27a7d6,PUR_IED_PorfirioBarba_S29_27a7d6,,,,,
2026-09-12T13:06:08-05:00,PUR_IED_PradoV_Exter_8b27ad,PUR_IED_PradoV_Exter_8b27ad,,,,,
2026-09-12T13:06:08-05:00,PUR_IED_PradoV_S301_de65b5,PUR_IED_PradoV_S301_de65b5,,,,,
2026-09-12T13:06:08-05:00,PUR_IED_PradoV_S302_7d2593,PUR_IED_PradoV_S302_7d2593,,,,,
2026-09-12T13:06:08-05:00,PUR_IED_QuirogaAlz_Ext_1ddc82,PUR_IED_QuirogaAlz_Ext_1ddc82,,,,,
2026-09-12T13:06:08-05:00,PUR_IED_QuirogaAlz_S302_9926a3,PUR_IED_QuirogaAlz_S302_9926a3,,,,,
2026-09-12T13:06:08-05:00,PUR_IED_QuirogaAlz_S305_cdf1f1,PUR_IED_QuirogaAlz_S305_cdf1f1,,,,,
2026-09-12T13:06:08-05:00,PUR_IED_RGuatemala_Biling_dc53b7,PUR_IED_RGuatemala_Biling_dc53b7,,,,,
2026-09-12T13:06:08-05:00,PUR_IED_RGuatemala_Ext_1b89a3,PUR_IED_RGuatemala_Ext_1b89a3,,,,,
2026-09-12T13:06:08-05:00,PUR_IED_RGuatemala_Tecnol_281a34,PUR_IED_RGuatemala_Tecnol_281a34,,,,,
2026-09-12T13:06:08-05:00,PUR_IED_RafaNu_Ext_f7c302,PUR_IED_RafaNu_Ext_f7c302,,,,,
2026-09-12T13:06:08-05:00,PUR_IED_RafaNu_S1101_25fde,PUR_IED_RafaNu_S1101_25fde,,,,,
2026-09-12T13:06:08-05:00,PUR_IED_RafaNu_S1102_281517,PUR_IED_RafaNu_S1102_281517,,,,,
2026-09-12T13:06:08-05:00,PUR_IED_RafaelB_S305_ee2783,PUR_IED_RafaelB_S305_ee2783,,,,,
2026-09-12T13:06:08-05:00,PUR_IED_RafaelB_S306_75fe33,PUR_IED_RafaelB_S306_75fe33,,,,,
2026-09-12T13:06:08-05:00,PUR_IED_RafaelB_ext_283336,PUR_IED_RafaelB_ext_283336,3,21,55,4.6722,-74.0737
2026-09-12T13:06:08-05:00,PUR_IED_RafaelUU_Exterior_281a51,PUR_IED_RafaelUU_Exterior_281a51,,,,,
2026-09-12T13:06:08-05:00,PUR_IED_RafaelUU_Human_806b2,PUR_IED_RafaelUU_Human_806b2,,,,,
2026-09-12T13:06:08-05:00,PUR_IED_RafaelUU_Mate2_5680d4,PUR_IED_RafaelUU_Mate2_5680d4,,,,,
2026-09-12T13:06:08-05:00,PUR_IED_RamonSub_Ext_f9eeb9,PUR_IED_RamonSub_Ext_f9eeb9,,,,,
2026-09-12T13:06:08-05:00,PUR_IED_RamonSub_Media_d1f62f,PUR_IED_RamonSub_Media_d1f62f,,,,,
2026-09-12T13:06:08-05:00,PUR_IED_RamonSub_planta_51b82,PUR_IED_RamonSub_planta_51b82,,,,,
2026-09-12T13:06:08-05:00,PUR_IED_RepBoliVene_Exter_27af7c,PUR_IED_RepBoliVene_Exter_27af7c,,,,,
2026-09-12T13:06:08-05:00,PUR_IED_RepBoliVene_SCPT_5ae2ee,PUR_IED_RepBoliVene_SCPT_5ae2ee,,,,,
2026-09-12T13:06:08-05:00,PUR_IED_RepBoliVene_Socia_4b11d5,PUR_IED_RepBoliVene_Socia_4b11d5,,,,,
2026-09-12T13:06:08-05:00,PUR_IED_RepChina_Ext_76d9ee,PUR_IED_RepChina_Ext_76d9ee,,,,,
2026-09-12T13:06:08-05:00,PUR_IED_RepChina_S404_7c804c,PUR_IED_RepChina_S404_7c804c,,,,,
2026-09-12T13:06:08-05:00,PUR_IED_RepChina_S405_df2c33,PUR_IED_RepChina_S405_df2c33,,,,,
2026-09-12T13:06:08-05:00,PUR_IED_RepublicaC_Exteri_7d1ec9,PUR_IED_RepublicaC_Exteri_7d1ec9,,,,,
2026-09-12T13:06:08-05:00,PUR_IED_RepublicaC_S1101_f544b3,PUR_IED_RepublicaC_S1101_f544b3,,,,,
2026-09-12T13:06:08-05:00,PUR_IED_RepublicaC_S1102_7aafc7,PUR_IED_RepublicaC_S1102_7aafc7,,,,,
2026-09-12T13:06:08-05:00,PUR_IED_Ricaurte_Externo_a0ea1,PUR_IED_Ricaurte_Externo_a0ea1,,,,,
2026-09-12T13:06:08-05:00,PUR_IED_Ricaurte_S210_f546fd,PUR_IED_Ricaurte_S210_f546fd,,,,,
2026-09-12T13:06:08-05:00,PUR_IED_Ricaurte_S309_d4452,PUR_IED_Ricaurte_S309_d4452,,,,,
2026-09-12T13:06:08-05:00,PUR_IED_RogelioS_1102_531e69,PUR_IED_RogelioS_1102_531e69,,,,,
2026-09-12T13:06:08-05:00,PUR_IED_RogelioS_Ext_f25a18,PUR_IED_RogelioS_Ext_f25a18,,,,,
2026-09-12T13:06:08-05:00,PUR_IED_SBernardino_Ext_27aff8,PUR_IED_SBernardino_Ext_27aff8,,,,,
2026-09-12T13:06:08-05:00,PUR_IED_SBernardino_SArte_2ffd33,PUR_IED_SBernardino_SArte_2ffd33,,,,,
2026-09-12T13:06:08-05:00,PUR_IED_SBernardino_SIngl_7c7da5,PUR_IED_SBernardino_SIngl_7c7da5,,,,,
2026-09-12T13:06:08-05:00,PUR_IED_Sago_auditorio_dc9d1d,PUR_IED_Sago_auditorio_dc9d1d,,,,,
2026-09-12T13:06:08-05:00,PUR_IED_Saludcoop_Ext_95aac3,PUR_IED_Saludcoop_Ext_95aac3,,,,,
2026-09-12T13:06:08-05:00,PUR_IED_Saludcoop_InfI_90c854,PUR_IED_Saludcoop_InfI_90c854,,,,,
2026-09-12T13:06:08-05:00,PUR_IED_Saludcoop_SMedia_1b93be,PUR_IED_Saludcoop_SMedia_1b93be,,,,,
2026-09-12T13:06:08-05:00,PUR_IED_SanCarlos_1101_1a2360,PUR_IED_SanCarlos_1101_1a2360,,,,,
2026-09-12T13:06:08-05:00,PUR_IED_SanCarlos_1103_7bafb5,PUR_IED_SanCarlos_1103_7bafb5,,,,,
2026-09-12T13:06:08-05:00,PUR_IED_SanCarlos_Ext_b7cd1,PUR_IED_SanCarlos_Ext_b7cd1,,,,,
2026-09-12T13:06:08-05:00,PUR_IED_SanIgnacioBosa11a_50c26e,PUR_IED_SanIgnacioBosa11a_50c26e,,,,,
2026-09-12T13:06:08-05:00,PUR_IED_SanIgnacioBosa11b_371de8,PUR_IED_SanIgnacioBosa11b_371de8,,,,,
2026-09-12T13:06:08-05:00,PUR_IED_SanIgnacioBosaExt_ef0ffc,PUR_IED_SanIgnacioBosaExt_ef0ffc,,,,,
2026-09-12T13:06:08-05:00,PUR_IED_SanIgnacioBosa_11a_50c26e,PUR_IED_SanIgnacioBosa_11a_50c26e,,,,,
2026-09-12T13:06:08-05:00,PUR_IED_SanIgnacioBosa_Ext_ef0ffc,PUR_IED_SanIgnacioBosa_Ext_ef0ffc,,,,,
2026-09-12T13:06:08-05:00,PUR_IED_SanJoseN_intS1101_31c47f,PUR_IED_SanJoseN_intS1101_31c47f,,,,,
2026-09-12T13:06:08-05:00,PUR_IED_SanJoseUsm_Exter_f5d7e8,PUR_IED_SanJoseUsm_Exter_f5d7e8,,,,,
2026-09-12T13:06:08-05:00,PUR_IED_SanJoseUsm_Int11A_cfdef6,PUR_IED_SanJoseUsm_Int11A_cfdef6,,,,,
2026-09-12T13:06:08-05:00,PUR_IED_SilveriaR_IntB5_905349,PUR_IED_SilveriaR_IntB5_905349,,,,,
2026-09-12T13:06:08-05:00,PUR_IED_SilveriaR_IntSD14_981f93,PUR_IED_SilveriaR_IntSD14_981f93,,,,,
2026-09-12T13:06:08-05:00,PUR_IED_SilveriaR_ext_2b651d,PUR_IED_SilveriaR_ext_2b651d,,,,,
2026-09-12T13:06:08-05:00,PUR_IED_SimonB_Exterior_913975,PUR_IED_SimonB_Exterior_913975,,,,,
2026-09-12T13:06:08-05:00,PUR_IED_SimonB_LabQuimi_c56908,PUR_IED_SimonB_LabQuimi_c56908,,,,,
2026-09-12T13:06:08-05:00,PUR_IED_SimonB_informatic_a28c1,PUR_IED_SimonB_informatic_a28c1,,,,,
2026-09-12T13:06:08-05:00,PUR_IED_Sorrento_1102_315f50,PUR_IED_Sorrento_1102_315f50,,,,,
2026-09-12T13:06:08-05:00,PUR_IED_Sorrento_Minte_214eab,PUR_IED_Sorrento_Minte_214eab,,,,,
2026-09-12T13:06:08-05:00,PUR_IED_Sorrento_ext_7c3a0a,PUR_IED_Sorrento_ext_7c3a0a,,,,,
2026-09-12T13:06:08-05:00,PUR_IED_Tabora_Ext_f048ae,PUR_IED_Tabora_Ext_f048ae,,,,,
2026-09-12T13:06:08-05:00,PUR_IED_Tabora_S1102_b07752,PUR_IED_Tabora_S1102_b07752,,,,,
2026-09-12T13:06:08-05:00,PUR_IED_Tabora_S1103_d988f5,PUR_IED_Tabora_S1103_d988f5,,,,,
2026-09-12T13:06:08-05:00,PUR_IED_Tenerife_Ext_1ab188,PUR_IED_Tenerife_Ext_1ab188,,,,,
2026-09-12T13:06:08-05:00,PUR_IED_Tenerife_SDanzas_7bc02e,PUR_IED_Tenerife_SDanzas_7bc02e,,,,,
2026-09-12T13:06:08-05:00,PUR_IED_Tenerife_SIngles_7cc277,PUR_IED_Tenerife_SIngles_7cc277,,,,,
2026-09-12T13:06:08-05:00,PUR_IED_Tibabuyes_Exter_f2683d,PUR_IED_Tibabuyes_Exter_f2683d,,,,,
2026-09-12T13:06:08-05:00,PUR_IED_Tibabuyes_S10_dc87a8,PUR_IED_Tibabuyes_S10_dc87a8,,,,,
2026-09-12T13:06:08-05:00,PUR_IED_Tibabuyes_S15_dc0526,PUR_IED_Tibabuyes_S15_dc0526,,,,,
2026-09-12T13:06:08-05:00,PUR_IED_UnionE_S301_a1043,PUR_IED_UnionE_S301_a1043,,,,,
2026-09-12T13:06:08-05:00,PUR_IED_UnionE_S307_ff6c2f,PUR_IED_UnionE_S307_ff6c2f,,,,,
2026-09-12T13:06:08-05:00,PUR_IED_UnionE__Ext_5e2468,PUR_IED_UnionE__Ext_5e2468,,,,,
2026-09-12T13:06:08-05:00,PUR_IED_VillaRica_Ext_75be7c,PUR_IED_VillaRica_Ext_75be7c,,,,,
2026-09-12T13:06:08-05:00,PUR_IED_VillaRica_S4_cc5dcd,PUR_IED_VillaRica_S4_cc5dcd,,,,,
2026-09-12T13:06:08-05:00,PUR_IED_VillaRica_Sesp_99f5c,PUR_IED_VillaRica_Sesp_99f5c,,,,,
2026-09-12T13:11:14-05:00,PUR_IED_20deJulio_1101_91b1b9,PUR_IED_20deJulio_1101_91b1b9,,,,,
2026-09-12T13:11:14-05:00,PUR_IED_20deJulio_1102_1cfcf9,PUR_IED_20deJulio_1102_1cfcf9,,,,,
2026-09-12T13:11:14-05:00,PUR_IED_20deJulio_Ext_ab60bd,PUR_IED_20deJulio_Ext_ab60bd,,,,,
2026-09-12T13:11:14-05:00,PUR_IED_AgustinFer_Ext_7b9b77,PUR_IED_AgustinFer_Ext_7b9b77,,,,,
2026-09-12T13:11:14-05:00,PUR_IED_AgustinFer_Info2_27b3a7,PUR_IED_AgustinFer_Info2_27b3a7,,,,,
2026-09-12T13:11:14-05:00,PUR_IED_AgustinFer_Sena_54b4eb,PUR_IED_AgustinFer_Sena_54b4eb,,,,,
2026-09-12T13:11:14-05:00,PUR_IED_AlexanderF_1102_caf07b,PUR_IED_AlexanderF_1102_caf07b,,,,,
2026-09-12T13:11:14-05:00,PUR_IED_AlexanderF_1103_c79e71,PUR_IED_AlexanderF_1103_c79e71,,,,,
2026-09-12T13:11:14-05:00,PUR_IED_AlexanderF_Ext_c5b18b,PUR_IED_AlexanderF_Ext_c5b18b,,,,,
2026-09-12T13:11:14-05:00,PUR_IED_AlfonsoLopez_Ext_281d77,PUR_IED_AlfonsoLopez_Ext_281d77,,,,,
2026-09-12T13:11:14-05:00,PUR_IED_AlfonsoLopez_LabF_888ce0,PUR_IED_AlfonsoLopez_LabF_888ce0,,,,,
2026-09-12T13:11:14-05:00,PUR_IED_AlfonsoLopez_SMed_df6a7f,PUR_IED_AlfonsoLopez_SMed_df6a7f,,,,,
2026-09-12T13:11:14-05:00,PUR_IED_AltamiraSO_A2_209f92,PUR_IED_AltamiraSO_A2_209f92,,,,,
2026-09-12T13:11:14-05:00,PUR_IED_AltamiraSO_Ext_186d66,PUR_IED_AltamiraSO_Ext_186d66,,,,,
2026-09-12T13:11:14-05:00,PUR_IED_AltamiraSO_Sistem_27afe1,PUR_IED_AltamiraSO_Sistem_27afe1,,,,,
2026-09-12T13:11:14-05:00,PUR_IED_AlvaroGom_LabQuim_813179,PUR_IED_AlvaroGom_LabQuim_813179,,,,,
2026-09-12T13:11:14-05:00,PUR_IED_AlvaroGomez_Ext_47c7ca,PUR_IED_AlvaroGomez_Ext_47c7ca,,,,,
2026-09-12T13:11:14-05:00,PUR_IED_AlvaroGomez_LabQuim_813179,PUR_IED_AlvaroGomez_LabQuim_813179,,,,,
2026-09-12T13:11:14-05:00,PUR_IED_AlvaroGomez_S23_7ba89f,PUR_IED_AlvaroGomez_S23_7ba89f,,,,,
2026-09-12T13:11:14-05:00,PUR_IED_Amistad_306_dc8728,PUR_IED_Amistad_306_dc8728,,,,,
2026-09-12T13:11:14-05:00,PUR_IED_Amistad_Ext_8cd55e,PUR_IED_Amistad_Ext_8cd55e,,,,,
2026-09-12T13:11:14-05:00,PUR_IED_Amistad_S202_a41169,PUR_IED_Amistad_S202_a41169,,,,,
2026-09-12T13:11:14-05:00,PUR_IED_AndresBello_Bio_fd5f5e,PUR_IED_AndresBello_Bio_fd5f5e,,,,,
2026-09-12T13:11:14-05:00,PUR_IED_AndresBello_ext_dcad65,PUR_IED_AndresBello_ext_dcad65,,,,,
2026-09-12T13:11:14-05:00,PUR_IED_AndresBello_port_eed3ec,PUR_IED_AndresBello_port_eed3ec,,,,,
2026-09-12T13:11:14-05:00,PUR_IED_AngelaR_11b_d90a6b,PUR_IED_AngelaR_11b_d90a6b,,,,,
2026-09-12T13:11:14-05:00,PUR_IED_AngelaR_ext_7cad3e,PUR_IED_AngelaR_ext_7cad3e,3,22,54,4.5825,-74.164497
2026-09-12T13:11:14-05:00,PUR_IED_AntJoseSucre_10mo_df2575,PUR_IED_AntJoseSucre_10mo_df2575,,,,,
2026-09-12T13:11:14-05:00,PUR_IED_AntJoseSucre_Ext_215b36,PUR_IED_AntJoseSucre_Ext_215b36,,,,,
2026-09-12T13:11:14-05:00,PUR_IED_AntJoseSucre_Lab_3139de,PUR_IED_AntJoseSucre_Lab_3139de,,,,,
2026-09-12T13:11:14-05:00,PUR_IED_AntonioGarcia_301_d6b188,PUR_IED_AntonioGarcia_301_d6b188,,,,,
2026-09-12T13:11:14-05:00,PUR_IED_AntonioGarcia_302_88a82,PUR_IED_AntonioGarcia_302_88a82,,,,,
2026-09-12T13:11:14-05:00,PUR_IED_AntonioGarcia_Ext_20950c,PUR_IED_AntonioGarcia_Ext_20950c,,,,,
2026-09-12T13:11:14-05:00,PUR_IED_AntonioVan_Aula2_6dea02,PUR_IED_AntonioVan_Aula2_6dea02,,,,,
2026-09-12T13:11:14-05:00,PUR_IED_AntonioVan_Aula5_f1557e,PUR_IED_AntonioVan_Aula5_f1557e,,,,,
2026-09-12T13:11:14-05:00,PUR_IED_AntonioVan_Ext_406f2f,PUR_IED_AntonioVan_Ext_406f2f,,,,,
2026-09-12T13:11:14-05:00,PUR_IED_Atabanzha_Ext_cc5af9,PUR_IED_Atabanzha_Ext_cc5af9,,,,,
2026-09-12T13:11:14-05:00,PUR_IED_Atabanzha_SA101_56c37,PUR_IED_Atabanzha_SA101_56c37,,,,,
2026-09-12T13:11:14-05:00,PUR_IED_Atabanzha_SB302_27b374,PUR_IED_Atabanzha_SB302_27b374,,,,,
2026-09-12T13:11:14-05:00,PUR_IED_Atahualpa_Ext_fc1748,PUR_IED_Atahualpa_Ext_fc1748,,,,,
2026-09-12T13:11:14-05:00,PUR_IED_Atahualpa_Informa_dc9a95,PUR_IED_Atahualpa_Informa_dc9a95,,,,,
2026-09-12T13:11:14-05:00,PUR_IED_Atahualpa_S1101_f98056,PUR_IED_Atahualpa_S1101_f98056,,,,,
2026-09-12T13:11:14-05:00,PUR_IED_Bellavista_Ext_f5aa74,PUR_IED_Bellavista_Ext_f5aa74,,,,,
2026-09-12T13:11:14-05:00,PUR_IED_Bilbao_11A_916c41,PUR_IED_Bilbao_11A_916c41,,,,,
2026-09-12T13:11:14-05:00,PUR_IED_Bilbao_Ext_fb579a,PUR_IED_Bilbao_Ext_fb579a,,,,,
2026-09-12T13:11:14-05:00,PUR_IED_BrasiliaU_A125_304280,PUR_IED_BrasiliaU_A125_304280,,,,,
2026-09-12T13:11:14-05:00,PUR_IED_BrasiliaU_A203_7c8ca5,PUR_IED_BrasiliaU_A203_7c8ca5,,,,,
2026-09-12T13:11:14-05:00,PUR_IED_BrasiliaU_Ext_8d6e9f,PUR_IED_BrasiliaU_Ext_8d6e9f,4,19,59,4.5175,-74.116302
2026-09-12T13:11:14-05:00,PUR_IED_Brasilia_Ext_fe6593,PUR_IED_Brasilia_Ext_fe6593,,,,,
2026-09-12T13:11:14-05:00,PUR_IED_Brasilia_S24_7c130d,PUR_IED_Brasilia_S24_7c130d,,,,,
2026-09-12T13:11:14-05:00,PUR_IED_Brasilia_S501_186a54,PUR_IED_Brasilia_S501_186a54,,,,,
2026-09-12T13:11:14-05:00,PUR_IED_CHARRY_EXT_f1d5cd,PUR_IED_CHARRY_EXT_f1d5cd,,,,,
2026-09-12T13:11:14-05:00,PUR_IED_CHARRY_INTDANZAS_7a08e6,PUR_IED_CHARRY_INTDANZAS_7a08e6,,,,,
2026-09-12T13:11:14-05:00,PUR_IED_CHARRY_INT_AULA20_dc998d,PUR_IED_CHARRY_INT_AULA20_dc998d,,,,,
2026-09-12T13:11:14-05:00,PUR_IED_COLVIV_1101_S25_7f520a,PUR_IED_COLVIV_1101_S25_7f520a,,,,,
2026-09-12T13:11:14-05:00,PUR_IED_COLVIV_1102_S16_f570ba,PUR_IED_COLVIV_1102_S16_f570ba,,,,,
2026-09-12T13:11:14-05:00,PUR_IED_COLVIV_Ext_1a26fa,PUR_IED_COLVIV_Ext_1a26fa,,,,,
2026-09-12T13:11:14-05:00,PUR_IED_CULPOP_301A_f660f3,PUR_IED_CULPOP_301A_f660f3,,,,,
2026-09-12T13:11:14-05:00,PUR_IED_CULPOP_303_568afe,PUR_IED_CULPOP_303_568afe,,,,,
2026-09-12T13:11:14-05:00,PUR_IED_CULPOP_Ext_e02ccb,PUR_IED_CULPOP_Ext_e02ccb,,,,,
2026-09-12T13:11:14-05:00,PUR_IED_CVillavicen_Ext_26eb58,PUR_IED_CVillavicen_Ext_26eb58,3,18,73,4.487,-74.102798
2026-09-12T13:11:14-05:00,PUR_IED_CVillavicen_Intel_1ce5c2,PUR_IED_CVillavicen_Intel_1ce5c2,,,,,
2026-09-12T13:11:14-05:00,PUR_IED_CVillavicen_Poliv_e0766c,PUR_IED_CVillavicen_Poliv_e0766c,,,,,
2026-09-12T13:11:14-05:00,PUR_IED_CVillavicen_int_1ba140,PUR_IED_CVillavicen_int_1ba140,,,,,
2026-09-12T13:11:14-05:00,PUR_IED_CVillavicen_intel_1ba140,PUR_IED_CVillavicen_intel_1ba140,,,,,
2026-09-12T13:11:14-05:00,PUR_IED_CarlosPizarro_Ext_e307cc,PUR_IED_CarlosPizarro_Ext_e307cc,,,,,
2026-09-12T13:11:14-05:00,PUR_IED_CarlosPizarro_L36_7e5cdb,PUR_IED_CarlosPizarro_L36_7e5cdb,,,,,
2026-09-12T13:11:14-05:00,PUR_IED_CarlosPizarro_L37_c8566c,PUR_IED_CarlosPizarro_L37_c8566c,,,,,
2026-09-12T13:11:14-05:00,PUR_IED_Castilla_Ext_cf35f,PUR_IED_Castilla_Ext_cf35f,,,,,
2026-09-12T13:11:14-05:00,PUR_IED_Castilla_SFisik_360e38,PUR_IED_Castilla_SFisik_360e38,,,,,
2026-09-12T13:11:14-05:00,PUR_IED_Castilla_Sc304_496fbf,PUR_IED_Castilla_Sc304_496fbf,,,,,
2026-09-12T13:11:14-05:00,PUR_IED_CervantesSa_Ext_6b57b,PUR_IED_CervantesSa_Ext_6b57b,2,20,65,4.5128,-74.117203
2026-09-12T13:11:14-05:00,PUR_IED_CervantesSa_S107_225c2b,PUR_IED_CervantesSa_S107_225c2b,,,,,
2026-09-12T13:11:14-05:00,PUR_IED_CervantesSa_S108_940925,PUR_IED_CervantesSa_S108_940925,,,,,
2026-09-12T13:11:14-05:00,PUR_IED_Charry_A20_f53e7c,PUR_IED_Charry_A20_f53e7c,,,,,
2026-09-12T13:11:14-05:00,PUR_IED_Charry_Ext_f1d5cd,PUR_IED_Charry_Ext_f1d5cd,,,,,
2026-09-12T13:11:14-05:00,PUR_IED_Charry_IntAula20_dc998d,PUR_IED_Charry_IntAula20_dc998d,,,,,
2026-09-12T13:11:14-05:00,PUR_IED_Charry_IntDanzas_7a08e6,PUR_IED_Charry_IntDanzas_7a08e6,,,,,
2026-09-12T13:11:14-05:00,PUR_IED_ClememciaC_203_43e2fc,PUR_IED_ClememciaC_203_43e2fc,,,,,
2026-09-12T13:11:14-05:00,PUR_IED_ClememciaC_Ext_1b411a,PUR_IED_ClememciaC_Ext_1b411a,,,,,
2026-09-12T13:11:14-05:00,PUR_IED_ClememciaC_Quimic_44b5fc,PUR_IED_ClememciaC_Quimic_44b5fc,,,,,
2026-09-12T13:11:14-05:00,PUR_IED_ClemenciaC_203_43e2fc,PUR_IED_ClemenciaC_203_43e2fc,,,,,
2026-09-12T13:11:14-05:00,PUR_IED_ClemenciaC_Ext_1b411a,PUR_IED_ClemenciaC_Ext_1b411a,,,,,
2026-09-12T13:11:14-05:00,PUR_IED_ClemenciaC_Quimic_44b5fc,PUR_IED_ClemenciaC_Quimic_44b5fc,,,,,
2026-09-12T13:11:14-05:00,PUR_IED_ColViva_1101_S25_7f520a,PUR_IED_ColViva_1101_S25_7f520a,,,,,
2026-09-12T13:11:14-05:00,PUR_IED_ColViva_1102_S16_f570ba,PUR_IED_ColViva_1102_S16_f570ba,,,,,
2026-09-12T13:11:14-05:00,PUR_IED_ColViva_Ext_1a26fa,PUR_IED_ColViva_Ext_1a26fa,,,,,
2026-09-12T13:11:14-05:00,PUR_IED_ColegioBici_Asist_7c8798,PUR_IED_ColegioBici_Asist_7c8798,,,,,
2026-09-12T13:11:14-05:00,PUR_IED_ColegioBici_Ext_25cbf6,PUR_IED_ColegioBici_Ext_25cbf6,,,,,
2026-09-12T13:11:14-05:00,PUR_IED_ColegioBici_LabQ_7b57db,PUR_IED_ColegioBici_LabQ_7b57db,,,,,
2026-09-12T13:11:14-05:00,PUR_IED_CostaRica_Ext_5e640,PUR_IED_CostaRica_Ext_5e640,,,,,
2026-09-12T13:11:14-05:00,PUR_IED_CostaRica_Quim1_766d1c,PUR_IED_CostaRica_Quim1_766d1c,,,,,
2026-09-12T13:11:14-05:00,PUR_IED_CostaRica__Fisica_6f0873,PUR_IED_CostaRica__Fisica_6f0873,,,,,
2026-09-12T13:11:14-05:00,PUR_IED_CulPopu_301A_f660f3,PUR_IED_CulPopu_301A_f660f3,,,,,
2026-09-12T13:11:14-05:00,PUR_IED_CulPopu_303_568afe,PUR_IED_CulPopu_303_568afe,,,,,
2026-09-12T13:11:14-05:00,PUR_IED_CulPopu_Ext_e02ccb,PUR_IED_CulPopu_Ext_e02ccb,,,,,
2026-09-12T13:11:14-05:00,PUR_IED_Cundinamarca_Ext_f15985,PUR_IED_Cundinamarca_Ext_f15985,,,,,
2026-09-12T13:11:14-05:00,PUR_IED_Cundinamarca_Info_7aa5d7,PUR_IED_Cundinamarca_Info_7aa5d7,,,,,
2026-09-12T13:11:14-05:00,PUR_IED_Cundinamarca_Tec2_f449c7,PUR_IED_Cundinamarca_Tec2_f449c7,,,,,
2026-09-12T13:11:14-05:00,PUR_IED_DiegoM_Aula1_27b314,PUR_IED_DiegoM_Aula1_27b314,,,,,
2026-09-12T13:11:14-05:00,PUR_IED_DiegoM_Ext_d80ac8,PUR_IED_DiegoM_Ext_d80ac8,,,,,
2026-09-12T13:11:14-05:00,PUR_IED_DiegoM_S25_da928f,PUR_IED_DiegoM_S25_da928f,,,,,
2026-09-12T13:11:14-05:00,PUR_IED_ELRODEO_360881,PUR_IED_ELRODEO_360881,,,,,
2026-09-12T13:11:14-05:00,PUR_IED_ELRODEO_ext_360881,PUR_IED_ELRODEO_ext_360881,,,,,
2026-09-12T13:11:14-05:00,PUR_IED_EduardoU_Ext_1c1969,PUR_IED_EduardoU_Ext_1c1969,,,,,
2026-09-12T13:11:14-05:00,PUR_IED_EduardoU_SCiencia_4dfb94,PUR_IED_EduardoU_SCiencia_4dfb94,,,,,
2026-09-12T13:11:14-05:00,PUR_IED_EduardoU_SQuimica_5a46e7,PUR_IED_EduardoU_SQuimica_5a46e7,,,,,
2026-09-12T13:11:14-05:00,PUR_IED_ElRodeo_Aula14_676984,PUR_IED_ElRodeo_Aula14_676984,,,,,
2026-09-12T13:11:14-05:00,PUR_IED_ElRodeo_Aula16_2dd35b,PUR_IED_ElRodeo_Aula16_2dd35b,,,,,
2026-09-12T13:11:14-05:00,PUR_IED_ElRodeo_Ext_360881,PUR_IED_ElRodeo_Ext_360881,,,,,
2026-09-12T13:11:14-05:00,PUR_IED_ElRodeo_Exterior_8c6d28,PUR_IED_ElRodeo_Exterior_8c6d28,,,,,
2026-09-12T13:11:14-05:00,PUR_IED_ElRodeo_ext_360881,PUR_IED_ElRodeo_ext_360881,,,,,
2026-09-12T13:11:14-05:00,PUR_IED_EmmaReyes_Ext_987625,PUR_IED_EmmaReyes_Ext_987625,3,22,46,4.6367,-74.1511
2026-09-12T13:11:14-05:00,PUR_IED_Ensueño_Ext_7f0250,PUR_IED_Ensueño_Ext_7f0250,,,,,
2026-09-12T13:11:14-05:00,PUR_IED_EscNormal_Ext_5fef3b,PUR_IED_EscNormal_Ext_5fef3b,2,23,49,4.5852,-74.096901
2026-09-12T13:11:14-05:00,PUR_IED_EscNormal_S309_5b263,PUR_IED_EscNormal_S309_5b263,,,,,
2026-09-12T13:11:14-05:00,PUR_IED_EscNormal_S310_27b3b8,PUR_IED_EscNormal_S310_27b3b8,,,,,
2026-09-12T13:11:14-05:00,PUR_IED_Evangelista_Conta_f6cd4f,PUR_IED_Evangelista_Conta_f6cd4f,,,,,
2026-09-12T13:11:14-05:00,PUR_IED_Evangelista_Cri_5e16a,PUR_IED_Evangelista_Cri_5e16a,,,,,
2026-09-12T13:11:14-05:00,PUR_IED_Evangelista_Exter_754066,PUR_IED_Evangelista_Exter_754066,,,,,
2026-09-12T13:11:14-05:00,PUR_IED_FMiranda_S209_5cc2a3,PUR_IED_FMiranda_S209_5cc2a3,,,,,
2026-09-12T13:11:14-05:00,PUR_IED_FMiranda_S303_19e344,PUR_IED_FMiranda_S303_19e344,,,,,
2026-09-12T13:11:14-05:00,PUR_IED_FMiranda_ext_f53e7c,PUR_IED_FMiranda_ext_f53e7c,,,,,
2026-09-12T13:11:14-05:00,PUR_IED_FabioLozano_Bibli_1cee05,PUR_IED_FabioLozano_Bibli_1cee05,,,,,
2026-09-12T13:11:14-05:00,PUR_IED_FabioLozano_Ext_6ea285,PUR_IED_FabioLozano_Ext_6ea285,,,,,
2026-09-12T13:11:14-05:00,PUR_IED_FabioLozano_SLudi_f09e1e,PUR_IED_FabioLozano_SLudi_f09e1e,,,,,
2026-09-12T13:11:14-05:00,PUR_IED_FaustinoS_Aula07_27a731,PUR_IED_FaustinoS_Aula07_27a731,,,,,
2026-09-12T13:11:14-05:00,PUR_IED_FaustinoS_Ext_7b936f,PUR_IED_FaustinoS_Ext_7b936f,,,,,
2026-09-12T13:11:14-05:00,PUR_IED_FaustinoS_Fisica_da2c60,PUR_IED_FaustinoS_Fisica_da2c60,,,,,
2026-09-12T13:11:14-05:00,PUR_IED_FeGarciaLo_Ext_dc68ee,PUR_IED_FeGarciaLo_Ext_dc68ee,,,,,
2026-09-12T13:11:14-05:00,PUR_IED_FeGarciaLo_SDanza_f70a59,PUR_IED_FeGarciaLo_SDanza_f70a59,,,,,
2026-09-12T13:11:14-05:00,PUR_IED_FeGarciaLo_SMusic_125cdd,PUR_IED_FeGarciaLo_SMusic_125cdd,,,,,
2026-09-12T13:11:14-05:00,PUR_IED_FederalAlema_Exte_50c345,PUR_IED_FederalAlema_Exte_50c345,,,,,
2026-09-12T13:11:14-05:00,PUR_IED_FederalAlema_S31_f18371,PUR_IED_FederalAlema_S31_f18371,,,,,
2026-09-12T13:11:14-05:00,PUR_IED_FederalAlema_S901_a62cd,PUR_IED_FederalAlema_S901_a62cd,,,,,
2026-09-12T13:11:14-05:00,PUR_IED_FilarmonicaS_A5_f35eb1,PUR_IED_FilarmonicaS_A5_f35eb1,,,,,
2026-09-12T13:11:14-05:00,PUR_IED_FilarmonicaS_Ext_8a3bde,PUR_IED_FilarmonicaS_Ext_8a3bde,,,,,
2026-09-12T13:11:14-05:00,PUR_IED_FilarmonicaS_Spol_406114,PUR_IED_FilarmonicaS_Spol_406114,,,,,
2026-09-12T13:11:14-05:00,PUR_IED_FlorentinoG_A13_d1fa59,PUR_IED_FlorentinoG_A13_d1fa59,,,,,
2026-09-12T13:11:14-05:00,PUR_IED_FlorentinoG_Ext_1ce6ce,PUR_IED_FlorentinoG_Ext_1ce6ce,,,,,
2026-09-12T13:11:14-05:00,PUR_IED_FlorentinoG_Idiom_a66aac,PUR_IED_FlorentinoG_Idiom_a66aac,,,,,
2026-09-12T13:11:14-05:00,PUR_IED_FranciscoMati_Ext_e3869d,PUR_IED_FranciscoMati_Ext_e3869d,,,,,
2026-09-12T13:11:14-05:00,PUR_IED_FranciscoMati_S13_f31c67,PUR_IED_FranciscoMati_S13_f31c67,,,,,
2026-09-12T13:11:14-05:00,PUR_IED_FranciscoMati_S14_97dead,PUR_IED_FranciscoMati_S14_97dead,,,,,
2026-09-12T13:11:14-05:00,PUR_IED_FranciscoPS_Ext_7bfa9a,PUR_IED_FranciscoPS_Ext_7bfa9a,2,23,50,4.5899,-74.110397
2026-09-12T13:11:14-05:00,PUR_IED_FranciscoPS_Infor_fb8f4c,PUR_IED_FranciscoPS_Infor_fb8f4c,,,,,
2026-09-12T13:11:14-05:00,PUR_IED_FranciscoPS_Quimi_94d39c,PUR_IED_FranciscoPS_Quimi_94d39c,,,,,
2026-09-12T13:11:14-05:00,PUR_IED_FranciscoP_LabQ_d7e148,PUR_IED_FranciscoP_LabQ_d7e148,,,,,
2026-09-12T13:11:14-05:00,PUR_IED_FranciscoP_S28_cf9b30,PUR_IED_FranciscoP_S28_cf9b30,,,,,
2026-09-12T13:11:14-05:00,PUR_IED_FranciscoP_ext_e2313,PUR_IED_FranciscoP_ext_e2313,,,,,
2026-09-12T13:11:14-05:00,PUR_IED_FriederichN_Ext_8ac92a,PUR_IED_FriederichN_Ext_8ac92a,,,,,
2026-09-12T13:11:14-05:00,PUR_IED_FriederichN_S301_dd7e5a,PUR_IED_FriederichN_S301_dd7e5a,,,,,
2026-09-12T13:11:14-05:00,PUR_IED_FriederichN_S308_761f4f,PUR_IED_FriederichN_S308_761f4f,,,,,
2026-09-12T13:11:14-05:00,PUR_IED_GSantander_Aula10_533dd7,PUR_IED_GSantander_Aula10_533dd7,,,,,
2026-09-12T13:11:14-05:00,PUR_IED_GSantander_Aula12_fd4e4f,PUR_IED_GSantander_Aula12_fd4e4f,,,,,
2026-09-12T13:11:14-05:00,PUR_IED_GSantander_Aula310_533dd7,PUR_IED_GSantander_Aula310_533dd7,,,,,
2026-09-12T13:11:14-05:00,PUR_IED_GSantander_Aula312_fd4e4f,PUR_IED_GSantander_Aula312_fd4e4f,,,,,
2026-09-12T13:11:14-05:00,PUR_IED_GSantander_Ext_5f66b0,PUR_IED_GSantander_Ext_5f66b0,,,,,
2026-09-12T13:11:14-05:00,PUR_IED_GYomasa_Ext_f6bea5,PUR_IED_GYomasa_Ext_f6bea5,,,,,
2026-09-12T13:11:14-05:00,PUR_IED_GYomasa_LBiol_2c41aa,PUR_IED_GYomasa_LBiol_2c41aa,,,,,
2026-09-12T13:11:14-05:00,PUR_IED_GYomasa_LQuim_33c80,PUR_IED_GYomasa_LQuim_33c80,,,,,
2026-09-12T13:11:14-05:00,PUR_IED_GabBetMejia_Cienc_5a99c,PUR_IED_GabBetMejia_Cienc_5a99c,,,,,
2026-09-12T13:11:14-05:00,PUR_IED_GabBetMejia_Ext_9153d0,PUR_IED_GabBetMejia_Ext_9153d0,,,,,
2026-09-12T13:11:14-05:00,PUR_IED_GabBetMejia_Lab_f55347,PUR_IED_GabBetMejia_Lab_f55347,,,,,
2026-09-12T13:11:14-05:00,PUR_IED_GabBetanMejia_Ext_9153d0,PUR_IED_GabBetanMejia_Ext_9153d0,,,,,
2026-09-12T13:11:14-05:00,PUR_IED_Gaitana_Aula13_7aac11,PUR_IED_Gaitana_Aula13_7aac11,,,,,
2026-09-12T13:11:14-05:00,PUR_IED_Gaitana_Ext_5fcf4,PUR_IED_Gaitana_Ext_5fcf4,,,,,
2026-09-12T13:11:14-05:00,PUR_IED_Gaitana_LabFisica_644448,PUR_IED_Gaitana_LabFisica_644448,,,,,
2026-09-12T13:11:14-05:00,PUR_IED_GenSantander_Dise_8ac858,PUR_IED_GenSantander_Dise_8ac858,,,,,
2026-09-12T13:11:14-05:00,PUR_IED_GenSantander_Ext_8d5dfe,PUR_IED_GenSantander_Ext_8d5dfe,,,,,
2026-09-12T13:11:14-05:00,PUR_IED_GenSantander_Info_6c25b,PUR_IED_GenSantander_Info_6c25b,,,,,
2026-09-12T13:11:14-05:00,PUR_IED_GustavoMo_Exterio_75e63d,PUR_IED_GustavoMo_Exterio_75e63d,,,,,
2026-09-12T13:11:14-05:00,PUR_IED_GustavoMo_LabFisi_224d37,PUR_IED_GustavoMo_LabFisi_224d37,,,,,
2026-09-12T13:11:14-05:00,PUR_IED_GustavoMo_S208_3e6918,PUR_IED_GustavoMo_S208_3e6918,,,,,
2026-09-12T13:11:14-05:00,PUR_IED_GustavoR_A02_8cd4a8,PUR_IED_GustavoR_A02_8cd4a8,,,,,
2026-09-12T13:11:14-05:00,PUR_IED_GustavoR_B11_5b0ed,PUR_IED_GustavoR_B11_5b0ed,,,,,
2026-09-12T13:11:14-05:00,PUR_IED_GustavoR_Ext_7a0c90,PUR_IED_GustavoR_Ext_7a0c90,,,,,
2026-09-12T13:11:14-05:00,PUR_IED_HernandoDuran_Ext_8cd82b,PUR_IED_HernandoDuran_Ext_8cd82b,,,,,
2026-09-12T13:11:14-05:00,PUR_IED_HernandoDuran_S24_2772c6,PUR_IED_HernandoDuran_S24_2772c6,,,,,
2026-09-12T13:11:14-05:00,PUR_IED_HernandoDuran_S30_f2de41,PUR_IED_HernandoDuran_S30_f2de41,,,,,
2026-09-12T13:11:14-05:00,PUR_IED_HolguInUr_S1101_8cd732,PUR_IED_HolguInUr_S1101_8cd732,,,,,
2026-09-12T13:11:14-05:00,PUR_IED_HolguinUr_Exter_ddae6d,PUR_IED_HolguinUr_Exter_ddae6d,,,,,
2026-09-12T13:11:14-05:00,PUR_IED_HolguinUr_LabQuim_92b952,PUR_IED_HolguinUr_LabQuim_92b952,,,,,
2026-09-12T13:11:14-05:00,PUR_IED_Isabel-II_Ext_5245cc,PUR_IED_Isabel-II_Ext_5245cc,2,21,50,4.6336,-74.153
2026-09-12T13:11:14-05:00,PUR_IED_Isabel-II_S_idiom_1c29aa,PUR_IED_Isabel-II_S_idiom_1c29aa,,,,,
2026-09-12T13:11:14-05:00,PUR_IED_Isabel-II_S_infor_fd741,PUR_IED_Isabel-II_S_infor_fd741,,,,,
2026-09-12T13:11:14-05:00,PUR_IED_IsidroSur_Exterio_5b90ea,PUR_IED_IsidroSur_Exterio_5b90ea,,,,,
2026-09-12T13:11:14-05:00,PUR_IED_IsidroSur_LabTec_56697a,PUR_IED_IsidroSur_LabTec_56697a,,,,,
2026-09-12T13:11:14-05:00,PUR_IED_IsidroSur_Robotic_b7c38f,PUR_IED_IsidroSur_Robotic_b7c38f,,,,,
2026-09-12T13:11:14-05:00,PUR_IED_IsmaelPerd_Ext_7b6672,PUR_IED_IsmaelPerd_Ext_7b6672,,,,,
2026-09-12T13:11:14-05:00,PUR_IED_IsmaelPerd_Inform_306540,PUR_IED_IsmaelPerd_Inform_306540,,,,,
2026-09-12T13:11:14-05:00,PUR_IED_IsmaelPerd_S30_2e2c83,PUR_IED_IsmaelPerd_S30_2e2c83,,,,,
2026-09-12T13:11:14-05:00,PUR_IED_JLozano_Exter_432910,PUR_IED_JLozano_Exter_432910,,,,,
2026-09-12T13:11:14-05:00,PUR_IED_JLozano_salaMulti_df5125,PUR_IED_JLozano_salaMulti_df5125,,,,,
2026-09-12T13:11:14-05:00,PUR_IED_JMCordoba_206_86f80b,PUR_IED_JMCordoba_206_86f80b,,,,,
2026-09-12T13:11:14-05:00,PUR_IED_JMCordoba_Ext_27ad97,PUR_IED_JMCordoba_Ext_27ad97,,,,,
2026-09-12T13:11:14-05:00,PUR_IED_JMCordoba_S310_d59ab4,PUR_IED_JMCordoba_S310_d59ab4,,,,,
2026-09-12T13:11:14-05:00,PUR_IED_Japon_Ext_549100,PUR_IED_Japon_Ext_549100,,,,,
2026-09-12T13:11:14-05:00,PUR_IED_Japon_Laboratorio_bec51d,PUR_IED_Japon_Laboratorio_bec51d,,,,,
2026-09-12T13:11:14-05:00,PUR_IED_Japon_informatica_d99327,PUR_IED_Japon_informatica_d99327,,,,,
2026-09-12T13:11:14-05:00,PUR_IED_Jazmin_Ext_d27bda,PUR_IED_Jazmin_Ext_d27bda,,,,,
2026-09-12T13:11:14-05:00,PUR_IED_Jazmin_Fisica_8d14d7,PUR_IED_Jazmin_Fisica_8d14d7,,,,,
2026-09-12T13:11:14-05:00,PUR_IED_Jazmin_Quimica_801cb5,PUR_IED_Jazmin_Quimica_801cb5,,,,,
2026-09-12T13:11:14-05:00,PUR_IED_JorgeGaitan_Exter_f098d1,PUR_IED_JorgeGaitan_Exter_f098d1,,,,,
2026-09-12T13:11:14-05:00,PUR_IED_JorgeGaitan_STec1_dc9d1d,PUR_IED_JorgeGaitan_STec1_dc9d1d,,,,,
2026-09-12T13:11:14-05:00,PUR_IED_JorgeGaitan_STec2_281e69,PUR_IED_JorgeGaitan_STec2_281e69,,,,,
2026-09-12T13:11:14-05:00,PUR_IED_JorgeSoto_Exterio_d9d0a2,PUR_IED_JorgeSoto_Exterio_d9d0a2,,,,,
2026-09-12T13:11:14-05:00,PUR_IED_JorgeSoto_LabFisi_209c54,PUR_IED_JorgeSoto_LabFisi_209c54,,,,,
2026-09-12T13:11:14-05:00,PUR_IED_JorgeSoto_S103_27b51a,PUR_IED_JorgeSoto_S103_27b51a,,,,,
2026-09-12T13:11:14-05:00,PUR_IED_JoseAcevedo_A02_e965eb,PUR_IED_JoseAcevedo_A02_e965eb,,,,,
2026-09-12T13:11:14-05:00,PUR_IED_JoseAcevedo_A07_dd5b4,PUR_IED_JoseAcevedo_A07_dd5b4,,,,,
2026-09-12T13:11:14-05:00,PUR_IED_JoseAcevedo_Ext_b47484,PUR_IED_JoseAcevedo_Ext_b47484,,,,,
2026-09-12T13:11:14-05:00,PUR_IED_JoseMarti_Exte_5b9bf,PUR_IED_JoseMarti_Exte_5b9bf,,,,,
2026-09-12T13:11:14-05:00,PUR_IED_JoseMarti_LabQuim_1c6c2d,PUR_IED_JoseMarti_LabQuim_1c6c2d,,,,,
2026-09-12T13:11:14-05:00,PUR_IED_JoseMarti_S_info_f5f177,PUR_IED_JoseMarti_S_info_f5f177,,,,,
2026-09-12T13:11:14-05:00,PUR_IED_Josejoaquin_Ext_dfc5dc,PUR_IED_Josejoaquin_Ext_dfc5dc,,,,,
2026-09-12T13:11:14-05:00,PUR_IED_Josejoaquin_S05_5b2a96,PUR_IED_Josejoaquin_S05_5b2a96,,,,,
2026-09-12T13:11:14-05:00,PUR_IED_Josejoaquin_S06_1ce7d2,PUR_IED_Josejoaquin_S06_1ce7d2,,,,,
2026-09-12T13:11:14-05:00,PUR_IED_JulioFlorez_Danza_9b82dd,PUR_IED_JulioFlorez_Danza_9b82dd,,,,,
2026-09-12T13:11:14-05:00,PUR_IED_JulioFlorez_Exter_f9f314,PUR_IED_JulioFlorez_Exter_f9f314,,,,,
2026-09-12T13:11:14-05:00,PUR_IED_JulioFlorez_info2_6b6e08,PUR_IED_JulioFlorez_info2_6b6e08,,,,,
2026-09-12T13:11:14-05:00,PUR_IED_LaBelleza_Aula13_1d00d8,PUR_IED_LaBelleza_Aula13_1d00d8,,,,,
2026-09-12T13:11:14-05:00,PUR_IED_LaBelleza_Ext_7bc08c,PUR_IED_LaBelleza_Ext_7bc08c,,,,,
2026-09-12T13:11:14-05:00,PUR_IED_LaChucua_Ext_8cd6d2,PUR_IED_LaChucua_Ext_8cd6d2,,,,,
2026-09-12T13:11:14-05:00,PUR_IED_LaChucua_S15_f578ce,PUR_IED_LaChucua_S15_f578ce,,,,,
2026-09-12T13:11:14-05:00,PUR_IED_LaChucua_S16_eebcf9,PUR_IED_LaChucua_S16_eebcf9,,,,,
2026-09-12T13:11:14-05:00,PUR_IED_LaFelicidad_Ext_fb5109,PUR_IED_LaFelicidad_Ext_fb5109,,,,,
2026-09-12T13:11:14-05:00,PUR_IED_LaMerced_206_66ebd,PUR_IED_LaMerced_206_66ebd,,,,,
2026-09-12T13:11:14-05:00,PUR_IED_LaMerced_207_6ebd6,PUR_IED_LaMerced_207_6ebd6,,,,,
2026-09-12T13:11:14-05:00,PUR_IED_LaMerced_ext_304311,PUR_IED_LaMerced_ext_304311,,,,,
2026-09-12T13:11:14-05:00,PUR_IED_Laureano_CiencNat_281e5e,PUR_IED_Laureano_CiencNat_281e5e,,,,,
2026-09-12T13:11:14-05:00,PUR_IED_Laureano_Comedor_f65c0a,PUR_IED_Laureano_Comedor_f65c0a,,,,,
2026-09-12T13:11:14-05:00,PUR_IED_Laureano_Exterior_7ab011,PUR_IED_Laureano_Exterior_7ab011,,,,,
2026-09-12T13:11:14-05:00,PUR_IED_LeonGreiff_Exte_dfe560,PUR_IED_LeonGreiff_Exte_dfe560,,,,,
2026-09-12T13:11:14-05:00,PUR_IED_LeonGreiff_S210_f264ed,PUR_IED_LeonGreiff_S210_f264ed,,,,,
2026-09-12T13:11:14-05:00,PUR_IED_LeonGreiff_SQuimi_e8296f,PUR_IED_LeonGreiff_SQuimi_e8296f,,,,,
2026-09-12T13:11:14-05:00,PUR_IED_LlanoOrientalS208_7b9fcd,PUR_IED_LlanoOrientalS208_7b9fcd,,,,,
2026-09-12T13:11:14-05:00,PUR_IED_LlanoOriental_Ext_fb3766,PUR_IED_LlanoOriental_Ext_fb3766,,,,,
2026-09-12T13:11:14-05:00,PUR_IED_LlanoOriental_S208_7b9fcd,PUR_IED_LlanoOriental_S208_7b9fcd,,,,,
2026-09-12T13:11:14-05:00,PUR_IED_LlanoOriental_S9_27b378,PUR_IED_LlanoOriental_S9_27b378,,,,,
2026-09-12T13:11:14-05:00,PUR_IED_LosTejares_1101_477602,PUR_IED_LosTejares_1101_477602,,,,,
2026-09-12T13:11:14-05:00,PUR_IED_LosTejares_11_d2c595,PUR_IED_LosTejares_11_d2c595,,,,,
2026-09-12T13:11:14-05:00,PUR_IED_LosTejares_12_477602,PUR_IED_LosTejares_12_477602,,,,,
2026-09-12T13:11:14-05:00,PUR_IED_LosTejares_Ext_8e2115,PUR_IED_LosTejares_Ext_8e2115,,,,,
2026-09-12T13:11:14-05:00,PUR_IED_MagdalenaO_B202_5ddda3,PUR_IED_MagdalenaO_B202_5ddda3,,,,,
2026-09-12T13:11:14-05:00,PUR_IED_MagdalenaO_B205_fb76e8,PUR_IED_MagdalenaO_B205_fb76e8,,,,,
2026-09-12T13:11:14-05:00,PUR_IED_MagdalenaO_ext_dc69cd,PUR_IED_MagdalenaO_ext_dc69cd,,,,,
2026-09-12T13:11:14-05:00,PUR_IED_ManueCepeda_artes_eee956,PUR_IED_ManueCepeda_artes_eee956,,,,,
2026-09-12T13:11:14-05:00,PUR_IED_ManuelCepeda_Ext_58313,PUR_IED_ManuelCepeda_Ext_58313,,,,,
2026-09-12T13:11:14-05:00,PUR_IED_ManuelCepeda_tec_1c5731,PUR_IED_ManuelCepeda_tec_1c5731,,,,,
2026-09-12T13:11:14-05:00,PUR_IED_ManuelS_Exterior_5b269,PUR_IED_ManuelS_Exterior_5b269,,,,,
2026-09-12T13:11:14-05:00,PUR_IED_ManuelS_Inform_f369ce,PUR_IED_ManuelS_Inform_f369ce,,,,,
2026-09-12T13:11:14-05:00,PUR_IED_ManuelS_SArtes_7d15f1,PUR_IED_ManuelS_SArtes_7d15f1,,,,,
2026-09-12T13:11:14-05:00,PUR_IED_ManuelZapata_303_3ca6,PUR_IED_ManuelZapata_303_3ca6,,,,,
2026-09-12T13:11:14-05:00,PUR_IED_ManuelZapata_311_bfbabc,PUR_IED_ManuelZapata_311_bfbabc,,,,,
2026-09-12T13:11:14-05:00,PUR_IED_ManuelZapata_Ext_50824a,PUR_IED_ManuelZapata_Ext_50824a,,,,,
2026-09-12T13:11:14-05:00,PUR_IED_ManuelitaS_Exteri_656a92,PUR_IED_ManuelitaS_Exteri_656a92,,,,,
2026-09-12T13:11:14-05:00,PUR_IED_ManuelitaS_JuzgDe_f58ec3,PUR_IED_ManuelitaS_JuzgDe_f58ec3,,,,,
2026-09-12T13:11:14-05:00,PUR_IED_ManuelitaS_Recrea_d793db,PUR_IED_ManuelitaS_Recrea_d793db,,,,,
2026-09-12T13:11:14-05:00,PUR_IED_MarFidSuarez_Ext_c27b19,PUR_IED_MarFidSuarez_Ext_c27b19,,,,,
2026-09-12T13:11:14-05:00,PUR_IED_MarFidSuarez_Info_e384d7,PUR_IED_MarFidSuarez_Info_e384d7,,,,,
2026-09-12T13:11:14-05:00,PUR_IED_MarFidSuarez_S306_1d0032,PUR_IED_MarFidSuarez_S306_1d0032,,,,,
2026-09-12T13:11:14-05:00,PUR_IED_Menorah_301_2a25a3,PUR_IED_Menorah_301_2a25a3,,,,,
2026-09-12T13:11:14-05:00,PUR_IED_Menorah_306_37ed3,PUR_IED_Menorah_306_37ed3,,,,,
2026-09-12T13:11:14-05:00,PUR_IED_Menorah_Ext_3e155b,PUR_IED_Menorah_Ext_3e155b,,,,,
2026-09-12T13:11:14-05:00,PUR_IED_MinutoB.Aires_A11_1b1604,PUR_IED_MinutoB.Aires_A11_1b1604,,,,,
2026-09-12T13:11:14-05:00,PUR_IED_MinutoB.Aires_A12_fb5860,PUR_IED_MinutoB.Aires_A12_fb5860,,,,,
2026-09-12T13:11:14-05:00,PUR_IED_MinutoB.Aires_Ext_81293f,PUR_IED_MinutoB.Aires_Ext_81293f,,,,,
2026-09-12T13:11:14-05:00,PUR_IED_MinutoBAires_A11_1b1604,PUR_IED_MinutoBAires_A11_1b1604,,,,,
2026-09-12T13:11:14-05:00,PUR_IED_MinutoBAires_A12_fb5860,PUR_IED_MinutoBAires_A12_fb5860,,,,,
2026-09-12T13:11:14-05:00,PUR_IED_MinutoBAires_Ext_81293f,PUR_IED_MinutoBAires_Ext_81293f,,,,,
2026-09-12T13:11:14-05:00,PUR_IED_Montreal_Aula10_1e4959,PUR_IED_Montreal_Aula10_1e4959,,,,,
2026-09-12T13:11:14-05:00,PUR_IED_Montreal_Aula6_300367,PUR_IED_Montreal_Aula6_300367,,,,,
2026-09-12T13:11:14-05:00,PUR_IED_Montreal_Exterior_91a179,PUR_IED_Montreal_Exterior_91a179,,,,,
2026-09-12T13:11:14-05:00,PUR_IED_Mqgdalena_B202_5ddda3,PUR_IED_Mqgdalena_B202_5ddda3,,,,,
2026-09-12T13:11:14-05:00,PUR_IED_NACUND_Soc_dc8728,PUR_IED_NACUND_Soc_dc8728,,,,,
2026-09-12T13:11:14-05:00,PUR_IED_NACUND_ext_27ad97,PUR_IED_NACUND_ext_27ad97,,,,,
2026-09-12T13:11:14-05:00,PUR_IED_NEsperanza_Ext_d24b61,PUR_IED_NEsperanza_Ext_d24b61,,,,,
2026-09-12T13:11:14-05:00,PUR_IED_NEsperanza_SElect_7d1807,PUR_IED_NEsperanza_SElect_7d1807,,,,,
2026-09-12T13:11:14-05:00,PUR_IED_NEsperanza_SLabor_8b2d0a,PUR_IED_NEsperanza_SLabor_8b2d0a,,,,,
2026-09-12T13:11:14-05:00,PUR_IED_NacionesU_Ext_f661a9,PUR_IED_NacionesU_Ext_f661a9,,,,,
2026-09-12T13:11:14-05:00,PUR_IED_NacionesU_Quimica_66f0a,PUR_IED_NacionesU_Quimica_66f0a,,,,,
2026-09-12T13:11:14-05:00,PUR_IED_NacionesU_S306_1b4b3d,PUR_IED_NacionesU_S306_1b4b3d,,,,,
2026-09-12T13:11:14-05:00,PUR_IED_NestorFA_Ext_e4201c,PUR_IED_NestorFA_Ext_e4201c,,,,,
2026-09-12T13:11:14-05:00,PUR_IED_NestorFA_Laborato_f22fe0,PUR_IED_NestorFA_Laborato_f22fe0,,,,,
2026-09-12T13:11:14-05:00,PUR_IED_NestorFA_S204_dee996,PUR_IED_NestorFA_S204_dee996,,,,,
2026-09-12T13:11:14-05:00,PUR_IED_NidyaQT_Aula03_76999b,PUR_IED_NidyaQT_Aula03_76999b,,,,,
2026-09-12T13:11:14-05:00,PUR_IED_NidyaQT_Aula10_56325,PUR_IED_NidyaQT_Aula10_56325,,,,,
2026-09-12T13:11:14-05:00,PUR_IED_NidyaQT_Ext_46e32d,PUR_IED_NidyaQT_Ext_46e32d,,,,,
2026-09-12T13:11:14-05:00,PUR_IED_NuevaCol_Exterior_d9b859,PUR_IED_NuevaCol_Exterior_d9b859,,,,,
2026-09-12T13:11:14-05:00,PUR_IED_NuevaCol_S1101_76c43b,PUR_IED_NuevaCol_S1101_76c43b,,,,,
2026-09-12T13:11:14-05:00,PUR_IED_NuevaCol_S1102_1ce0b5,PUR_IED_NuevaCol_S1102_1ce0b5,,,,,
2026-09-12T13:11:14-05:00,PUR_IED_OEA_A202_f7e3f2,PUR_IED_OEA_A202_f7e3f2,,,,,
2026-09-12T13:11:14-05:00,PUR_IED_OEA_A203_7d1b8d,PUR_IED_OEA_A203_7d1b8d,,,,,
2026-09-12T13:11:14-05:00,PUR_IED_OEA_Ext_27b593,PUR_IED_OEA_Ext_27b593,,,,,
2026-09-12T13:11:14-05:00,PUR_IED_Ochoa_Ext_1c29da,PUR_IED_Ochoa_Ext_1c29da,,,,,
2026-09-12T13:11:14-05:00,PUR_IED_Ochoa_S205_8b1121,PUR_IED_Ochoa_S205_8b1121,,,,,
2026-09-12T13:11:14-05:00,PUR_IED_Ochoa_Sistemas_f33af6,PUR_IED_Ochoa_Sistemas_f33af6,,,,,
2026-09-12T13:11:14-05:00,PUR_IED_PQuebec_Ext_1c67c7,PUR_IED_PQuebec_Ext_1c67c7,,,,,
2026-09-12T13:11:14-05:00,PUR_IED_PQuebec_S15_23e8e2,PUR_IED_PQuebec_S15_23e8e2,,,,,
2026-09-12T13:11:14-05:00,PUR_IED_PQuebec_S16_8ec76b,PUR_IED_PQuebec_S16_8ec76b,,,,,
2026-09-12T13:11:14-05:00,PUR_IED_PabloN_Ext_49dc96,PUR_IED_PabloN_Ext_49dc96,,,,,
2026-09-12T13:11:14-05:00,PUR_IED_PabloN_S1102_4e3df5,PUR_IED_PabloN_S1102_4e3df5,,,,,
2026-09-12T13:11:14-05:00,PUR_IED_PabloN_S1103_50c94b,PUR_IED_PabloN_S1103_50c94b,,,,,
2026-09-12T13:11:14-05:00,PUR_IED_Palestina_S1101_db9198,PUR_IED_Palestina_S1101_db9198,,,,,
2026-09-12T13:11:14-05:00,PUR_IED_Palestina_S1102_dc54fa,PUR_IED_Palestina_S1102_dc54fa,,,,,
2026-09-12T13:11:14-05:00,PUR_IED_Palestina_ext_4ccce6,PUR_IED_Palestina_ext_4ccce6,,,,,
2026-09-12T13:11:14-05:00,PUR_IED_Panama_Fisica_4d0794,PUR_IED_Panama_Fisica_4d0794,,,,,
2026-09-12T13:11:14-05:00,PUR_IED_Panama_SIngles_a4077e,PUR_IED_Panama_SIngles_a4077e,,,,,
2026-09-12T13:11:14-05:00,PUR_IED_Panama_ext_4c54b4,PUR_IED_Panama_ext_4c54b4,,,,,
2026-09-12T13:11:14-05:00,PUR_IED_ParaisoM_Exterior_8cd7f0,PUR_IED_ParaisoM_Exterior_8cd7f0,,,,,
2026-09-12T13:11:14-05:00,PUR_IED_ParaisoM_Laborato_27af35,PUR_IED_ParaisoM_Laborato_27af35,,,,,
2026-09-12T13:11:14-05:00,PUR_IED_ParaisoM_S304_d1edca,PUR_IED_ParaisoM_S304_d1edca,,,,,
2026-09-12T13:11:14-05:00,PUR_IED_PorfirioBarba_Ext_301466,PUR_IED_PorfirioBarba_Ext_301466,,,,,
2026-09-12T13:11:14-05:00,PUR_IED_PorfirioBarba_S11_df6cd2,PUR_IED_PorfirioBarba_S11_df6cd2,,,,,
2026-09-12T13:11:14-05:00,PUR_IED_PorfirioBarba_S29_27a7d6,PUR_IED_PorfirioBarba_S29_27a7d6,,,,,
2026-09-12T13:11:14-05:00,PUR_IED_PradoV_Exter_8b27ad,PUR_IED_PradoV_Exter_8b27ad,,,,,
2026-09-12T13:11:14-05:00,PUR_IED_PradoV_S301_de65b5,PUR_IED_PradoV_S301_de65b5,,,,,
2026-09-12T13:11:14-05:00,PUR_IED_PradoV_S302_7d2593,PUR_IED_PradoV_S302_7d2593,,,,,
2026-09-12T13:11:14-05:00,PUR_IED_QuirogaAlz_Ext_1ddc82,PUR_IED_QuirogaAlz_Ext_1ddc82,,,,,
2026-09-12T13:11:14-05:00,PUR_IED_QuirogaAlz_S302_9926a3,PUR_IED_QuirogaAlz_S302_9926a3,,,,,
2026-09-12T13:11:14-05:00,PUR_IED_QuirogaAlz_S305_cdf1f1,PUR_IED_QuirogaAlz_S305_cdf1f1,,,,,
2026-09-12T13:11:14-05:00,PUR_IED_RGuatemala_Biling_dc53b7,PUR_IED_RGuatemala_Biling_dc53b7,,,,,
2026-09-12T13:11:14-05:00,PUR_IED_RGuatemala_Ext_1b89a3,PUR_IED_RGuatemala_Ext_1b89a3,,,,,
2026-09-12T13:11:14-05:00,PUR_IED_RGuatemala_Tecnol_281a34,PUR_IED_RGuatemala_Tecnol_281a34,,,,,
2026-09-12T13:11:14-05:00,PUR_IED_RafaNu_Ext_f7c302,PUR_IED_RafaNu_Ext_f7c302,,,,,
2026-09-12T13:11:14-05:00,PUR_IED_RafaNu_S1101_25fde,PUR_IED_RafaNu_S1101_25fde,,,,,
2026-09-12T13:11:14-05:00,PUR_IED_RafaNu_S1102_281517,PUR_IED_RafaNu_S1102_281517,,,,,
2026-09-12T13:11:14-05:00,PUR_IED_RafaelB_S305_ee2783,PUR_IED_RafaelB_S305_ee2783,,,,,
2026-09-12T13:11:14-05:00,PUR_IED_RafaelB_S306_75fe33,PUR_IED_RafaelB_S306_75fe33,,,,,
2026-09-12T13:11:14-05:00,PUR_IED_RafaelB_ext_283336,PUR_IED_RafaelB_ext_283336,3,21,55,4.6722,-74.0737
2026-09-12T13:11:14-05:00,PUR_IED_RafaelUU_Exterior_281a51,PUR_IED_RafaelUU_Exterior_281a51,,,,,
2026-09-12T13:11:14-05:00,PUR_IED_RafaelUU_Human_806b2,PUR_IED_RafaelUU_Human_806b2,,,,,
2026-09-12T13:11:14-05:00,PUR_IED_RafaelUU_Mate2_5680d4,PUR_IED_RafaelUU_Mate2_5680d4,,,,,
2026-09-12T13:11:14-05:00,PUR_IED_RamonSub_Ext_f9eeb9,PUR_IED_RamonSub_Ext_f9eeb9,,,,,
2026-09-12T13:11:14-05:00,PUR_IED_RamonSub_Media_d1f62f,PUR_IED_RamonSub_Media_d1f62f,,,,,
2026-09-12T13:11:14-05:00,PUR_IED_RamonSub_planta_51b82,PUR_IED_RamonSub_planta_51b82,,,,,
2026-09-12T13:11:14-05:00,PUR_IED_RepBoliVene_Exter_27af7c,PUR_IED_RepBoliVene_Exter_27af7c,,,,,
2026-09-12T13:11:14-05:00,PUR_IED_RepBoliVene_SCPT_5ae2ee,PUR_IED_RepBoliVene_SCPT_5ae2ee,,,,,
2026-09-12T13:11:14-05:00,PUR_IED_RepBoliVene_Socia_4b11d5,PUR_IED_RepBoliVene_Socia_4b11d5,,,,,
2026-09-12T13:11:14-05:00,PUR_IED_RepChina_Ext_76d9ee,PUR_IED_RepChina_Ext_76d9ee,,,,,
2026-09-12T13:11:14-05:00,PUR_IED_RepChina_S404_7c804c,PUR_IED_RepChina_S404_7c804c,,,,,
2026-09-12T13:11:14-05:00,PUR_IED_RepChina_S405_df2c33,PUR_IED_RepChina_S405_df2c33,,,,,
2026-09-12T13:11:14-05:00,PUR_IED_RepublicaC_Exteri_7d1ec9,PUR_IED_RepublicaC_Exteri_7d1ec9,,,,,
2026-09-12T13:11:14-05:00,PUR_IED_RepublicaC_S1101_f544b3,PUR_IED_RepublicaC_S1101_f544b3,,,,,
2026-09-12T13:11:14-05:00,PUR_IED_RepublicaC_S1102_7aafc7,PUR_IED_RepublicaC_S1102_7aafc7,,,,,
2026-09-12T13:11:14-05:00,PUR_IED_Ricaurte_Externo_a0ea1,PUR_IED_Ricaurte_Externo_a0ea1,,,,,
2026-09-12T13:11:14-05:00,PUR_IED_Ricaurte_S210_f546fd,PUR_IED_Ricaurte_S210_f546fd,,,,,
2026-09-12T13:11:14-05:00,PUR_IED_Ricaurte_S309_d4452,PUR_IED_Ricaurte_S309_d4452,,,,,
2026-09-12T13:11:14-05:00,PUR_IED_RogelioS_1102_531e69,PUR_IED_RogelioS_1102_531e69,,,,,
2026-09-12T13:11:14-05:00,PUR_IED_RogelioS_Ext_f25a18,PUR_IED_RogelioS_Ext_f25a18,,,,,
2026-09-12T13:11:14-05:00,PUR_IED_SBernardino_Ext_27aff8,PUR_IED_SBernardino_Ext_27aff8,,,,,
2026-09-12T13:11:14-05:00,PUR_IED_SBernardino_SArte_2ffd33,PUR_IED_SBernardino_SArte_2ffd33,,,,,
2026-09-12T13:11:14-05:00,PUR_IED_SBernardino_SIngl_7c7da5,PUR_IED_SBernardino_SIngl_7c7da5,,,,,
2026-09-12T13:11:14-05:00,PUR_IED_Sago_auditorio_dc9d1d,PUR_IED_Sago_auditorio_dc9d1d,,,,,
2026-09-12T13:11:14-05:00,PUR_IED_Saludcoop_Ext_95aac3,PUR_IED_Saludcoop_Ext_95aac3,,,,,
2026-09-12T13:11:14-05:00,PUR_IED_Saludcoop_InfI_90c854,PUR_IED_Saludcoop_InfI_90c854,,,,,
2026-09-12T13:11:14-05:00,PUR_IED_Saludcoop_SMedia_1b93be,PUR_IED_Saludcoop_SMedia_1b93be,,,,,
2026-09-12T13:11:14-05:00,PUR_IED_SanCarlos_1101_1a2360,PUR_IED_SanCarlos_1101_1a2360,,,,,
2026-09-12T13:11:14-05:00,PUR_IED_SanCarlos_1103_7bafb5,PUR_IED_SanCarlos_1103_7bafb5,,,,,
2026-09-12T13:11:14-05:00,PUR_IED_SanCarlos_Ext_b7cd1,PUR_IED_SanCarlos_Ext_b7cd1,,,,,
2026-09-12T13:11:14-05:00,PUR_IED_SanIgnacioBosa11a_50c26e,PUR_IED_SanIgnacioBosa11a_50c26e,,,,,
2026-09-12T13:11:14-05:00,PUR_IED_SanIgnacioBosa11b_371de8,PUR_IED_SanIgnacioBosa11b_371de8,,,,,
2026-09-12T13:11:14-05:00,PUR_IED_SanIgnacioBosaExt_ef0ffc,PUR_IED_SanIgnacioBosaExt_ef0ffc,,,,,
2026-09-12T13:11:14-05:00,PUR_IED_SanIgnacioBosa_11a_50c26e,PUR_IED_SanIgnacioBosa_11a_50c26e,,,,,
2026-09-12T13:11:14-05:00,PUR_IED_SanIgnacioBosa_Ext_ef0ffc,PUR_IED_SanIgnacioBosa_Ext_ef0ffc,,,,,
2026-09-12T13:11:14-05:00,PUR_IED_SanJoseN_intS1101_31c47f,PUR_IED_SanJoseN_intS1101_31c47f,,,,,
2026-09-12T13:11:14-05:00,PUR_IED_SanJoseUsm_Exter_f5d7e8,PUR_IED_SanJoseUsm_Exter_f5d7e8,,,,,
2026-09-12T13:11:14-05:00,PUR_IED_SanJoseUsm_Int11A_cfdef6,PUR_IED_SanJoseUsm_Int11A_cfdef6,,,,,
2026-09-12T13:11:14-05:00,PUR_IED_SilveriaR_IntB5_905349,PUR_IED_SilveriaR_IntB5_905349,,,,,
2026-09-12T13:11:14-05:00,PUR_IED_SilveriaR_IntSD14_981f93,PUR_IED_SilveriaR_IntSD14_981f93,,,,,
2026-09-12T13:11:14-05:00,PUR_IED_SilveriaR_ext_2b651d,PUR_IED_SilveriaR_ext_2b651d,,,,,
2026-09-12T13:11:14-05:00,PUR_IED_SimonB_Exterior_913975,PUR_IED_SimonB_Exterior_913975,,,,,
2026-09-12T13:11:14-05:00,PUR_IED_SimonB_LabQuimi_c56908,PUR_IED_SimonB_LabQuimi_c56908,,,,,
2026-09-12T13:11:14-05:00,PUR_IED_SimonB_informatic_a28c1,PUR_IED_SimonB_informatic_a28c1,,,,,
2026-09-12T13:11:14-05:00,PUR_IED_Sorrento_1102_315f50,PUR_IED_Sorrento_1102_315f50,,,,,
2026-09-12T13:11:14-05:00,PUR_IED_Sorrento_Minte_214eab,PUR_IED_Sorrento_Minte_214eab,,,,,
2026-09-12T13:11:14-05:00,PUR_IED_Sorrento_ext_7c3a0a,PUR_IED_Sorrento_ext_7c3a0a,,,,,
2026-09-12T13:11:14-05:00,PUR_IED_Tabora_Ext_f048ae,PUR_IED_Tabora_Ext_f048ae,,,,,
2026-09-12T13:11:14-05:00,PUR_IED_Tabora_S1102_b07752,PUR_IED_Tabora_S1102_b07752,,,,,
2026-09-12T13:11:14-05:00,PUR_IED_Tabora_S1103_d988f5,PUR_IED_Tabora_S1103_d988f5,,,,,
2026-09-12T13:11:14-05:00,PUR_IED_Tenerife_Ext_1ab188,PUR_IED_Tenerife_Ext_1ab188,,,,,
2026-09-12T13:11:14-05:00,PUR_IED_Tenerife_SDanzas_7bc02e,PUR_IED_Tenerife_SDanzas_7bc02e,,,,,
2026-09-12T13:11:14-05:00,PUR_IED_Tenerife_SIngles_7cc277,PUR_IED_Tenerife_SIngles_7cc277,,,,,
2026-09-12T13:11:14-05:00,PUR_IED_Tibabuyes_Exter_f2683d,PUR_IED_Tibabuyes_Exter_f2683d,,,,,
2026-09-12T13:11:14-05:00,PUR_IED_Tibabuyes_S10_dc87a8,PUR_IED_Tibabuyes_S10_dc87a8,,,,,
2026-09-12T13:11:14-05:00,PUR_IED_Tibabuyes_S15_dc0526,PUR_IED_Tibabuyes_S15_dc0526,,,,,
2026-09-12T13:11:14-05:00,PUR_IED_UnionE_S301_a1043,PUR_IED_UnionE_S301_a1043,,,,,
2026-09-12T13:11:14-05:00,PUR_IED_UnionE_S307_ff6c2f,PUR_IED_UnionE_S307_ff6c2f,,,,,
2026-09-12T13:11:14-05:00,PUR_IED_UnionE__Ext_5e2468,PUR_IED_UnionE__Ext_5e2468,,,,,
2026-09-12T13:11:14-05:00,PUR_IED_VillaRica_Ext_75be7c,PUR_IED_VillaRica_Ext_75be7c,,,,,
2026-09-12T13:11:14-05:00,PUR_IED_VillaRica_S4_cc5dcd,PUR_IED_VillaRica_S4_cc5dcd,,,,,
2026-09-12T13:11:14-05:00,PUR_IED_VillaRica_Sesp_99f5c,PUR_IED_VillaRica_Sesp_99f5c,,,,,
2026-09-12T13:16:08-05:00,PUR_IED_20deJulio_1101_91b1b9,PUR_IED_20deJulio_1101_91b1b9,,,,,
2026-09-12T13:16:08-05:00,PUR_IED_20deJulio_1102_1cfcf9,PUR_IED_20deJulio_1102_1cfcf9,,,,,
2026-09-12T13:16:08-05:00,PUR_IED_20deJulio_Ext_ab60bd,PUR_IED_20deJulio_Ext_ab60bd,,,,,
2026-09-12T13:16:08-05:00,PUR_IED_AgustinFer_Ext_7b9b77,PUR_IED_AgustinFer_Ext_7b9b77,,,,,
2026-09-12T13:16:08-05:00,PUR_IED_AgustinFer_Info2_27b3a7,PUR_IED_AgustinFer_Info2_27b3a7,,,,,
2026-09-12T13:16:08-05:00,PUR_IED_AgustinFer_Sena_54b4eb,PUR_IED_AgustinFer_Sena_54b4eb,,,,,
2026-09-12T13:16:08-05:00,PUR_IED_AlexanderF_1102_caf07b,PUR_IED_AlexanderF_1102_caf07b,,,,,
2026-09-12T13:16:08-05:00,PUR_IED_AlexanderF_1103_c79e71,PUR_IED_AlexanderF_1103_c79e71,,,,,
2026-09-12T13:16:08-05:00,PUR_IED_AlexanderF_Ext_c5b18b,PUR_IED_AlexanderF_Ext_c5b18b,,,,,
2026-09-12T13:16:08-05:00,PUR_IED_AlfonsoLopez_Ext_281d77,PUR_IED_AlfonsoLopez_Ext_281d77,,,,,
2026-09-12T13:16:08-05:00,PUR_IED_AlfonsoLopez_LabF_888ce0,PUR_IED_AlfonsoLopez_LabF_888ce0,,,,,
2026-09-12T13:16:08-05:00,PUR_IED_AlfonsoLopez_SMed_df6a7f,PUR_IED_AlfonsoLopez_SMed_df6a7f,,,,,
2026-09-12T13:16:08-05:00,PUR_IED_AltamiraSO_A2_209f92,PUR_IED_AltamiraSO_A2_209f92,,,,,
2026-09-12T13:16:08-05:00,PUR_IED_AltamiraSO_Ext_186d66,PUR_IED_AltamiraSO_Ext_186d66,,,,,
2026-09-12T13:16:08-05:00,PUR_IED_AltamiraSO_Sistem_27afe1,PUR_IED_AltamiraSO_Sistem_27afe1,,,,,
2026-09-12T13:16:08-05:00,PUR_IED_AlvaroGom_LabQuim_813179,PUR_IED_AlvaroGom_LabQuim_813179,,,,,
2026-09-12T13:16:08-05:00,PUR_IED_AlvaroGomez_Ext_47c7ca,PUR_IED_AlvaroGomez_Ext_47c7ca,,,,,
2026-09-12T13:16:08-05:00,PUR_IED_AlvaroGomez_LabQuim_813179,PUR_IED_AlvaroGomez_LabQuim_813179,,,,,
2026-09-12T13:16:08-05:00,PUR_IED_AlvaroGomez_S23_7ba89f,PUR_IED_AlvaroGomez_S23_7ba89f,,,,,
2026-09-12T13:16:08-05:00,PUR_IED_Amistad_306_dc8728,PUR_IED_Amistad_306_dc8728,,,,,
2026-09-12T13:16:08-05:00,PUR_IED_Amistad_Ext_8cd55e,PUR_IED_Amistad_Ext_8cd55e,,,,,
2026-09-12T13:16:08-05:00,PUR_IED_Amistad_S202_a41169,PUR_IED_Amistad_S202_a41169,,,,,
2026-09-12T13:16:08-05:00,PUR_IED_AndresBello_Bio_fd5f5e,PUR_IED_AndresBello_Bio_fd5f5e,,,,,
2026-09-12T13:16:08-05:00,PUR_IED_AndresBello_ext_dcad65,PUR_IED_AndresBello_ext_dcad65,,,,,
2026-09-12T13:16:08-05:00,PUR_IED_AndresBello_port_eed3ec,PUR_IED_AndresBello_port_eed3ec,,,,,
2026-09-12T13:16:08-05:00,PUR_IED_AngelaR_11b_d90a6b,PUR_IED_AngelaR_11b_d90a6b,,,,,
2026-09-12T13:16:08-05:00,PUR_IED_AngelaR_ext_7cad3e,PUR_IED_AngelaR_ext_7cad3e,,,,,
2026-09-12T13:16:08-05:00,PUR_IED_AntJoseSucre_10mo_df2575,PUR_IED_AntJoseSucre_10mo_df2575,,,,,
2026-09-12T13:16:08-05:00,PUR_IED_AntJoseSucre_Ext_215b36,PUR_IED_AntJoseSucre_Ext_215b36,,,,,
2026-09-12T13:16:08-05:00,PUR_IED_AntJoseSucre_Lab_3139de,PUR_IED_AntJoseSucre_Lab_3139de,,,,,
2026-09-12T13:16:08-05:00,PUR_IED_AntonioGarcia_301_d6b188,PUR_IED_AntonioGarcia_301_d6b188,,,,,
2026-09-12T13:16:08-05:00,PUR_IED_AntonioGarcia_302_88a82,PUR_IED_AntonioGarcia_302_88a82,,,,,
2026-09-12T13:16:08-05:00,PUR_IED_AntonioGarcia_Ext_20950c,PUR_IED_AntonioGarcia_Ext_20950c,,,,,
2026-09-12T13:16:08-05:00,PUR_IED_AntonioVan_Aula2_6dea02,PUR_IED_AntonioVan_Aula2_6dea02,,,,,
2026-09-12T13:16:08-05:00,PUR_IED_AntonioVan_Aula5_f1557e,PUR_IED_AntonioVan_Aula5_f1557e,,,,,
2026-09-12T13:16:08-05:00,PUR_IED_AntonioVan_Ext_406f2f,PUR_IED_AntonioVan_Ext_406f2f,,,,,
2026-09-12T13:16:08-05:00,PUR_IED_Atabanzha_Ext_cc5af9,PUR_IED_Atabanzha_Ext_cc5af9,,,,,
2026-09-12T13:16:08-05:00,PUR_IED_Atabanzha_SA101_56c37,PUR_IED_Atabanzha_SA101_56c37,,,,,
2026-09-12T13:16:08-05:00,PUR_IED_Atabanzha_SB302_27b374,PUR_IED_Atabanzha_SB302_27b374,,,,,
2026-09-12T13:16:08-05:00,PUR_IED_Atahualpa_Ext_fc1748,PUR_IED_Atahualpa_Ext_fc1748,,,,,
2026-09-12T13:16:08-05:00,PUR_IED_Atahualpa_Informa_dc9a95,PUR_IED_Atahualpa_Informa_dc9a95,,,,,
2026-09-12T13:16:08-05:00,PUR_IED_Atahualpa_S1101_f98056,PUR_IED_Atahualpa_S1101_f98056,,,,,
2026-09-12T13:16:08-05:00,PUR_IED_Bellavista_Ext_f5aa74,PUR_IED_Bellavista_Ext_f5aa74,,,,,
2026-09-12T13:16:08-05:00,PUR_IED_Bilbao_11A_916c41,PUR_IED_Bilbao_11A_916c41,,,,,
2026-09-12T13:16:08-05:00,PUR_IED_Bilbao_Ext_fb579a,PUR_IED_Bilbao_Ext_fb579a,,,,,
2026-09-12T13:16:08-05:00,PUR_IED_BrasiliaU_A125_304280,PUR_IED_BrasiliaU_A125_304280,,,,,
2026-09-12T13:16:08-05:00,PUR_IED_BrasiliaU_A203_7c8ca5,PUR_IED_BrasiliaU_A203_7c8ca5,,,,,
2026-09-12T13:16:08-05:00,PUR_IED_BrasiliaU_Ext_8d6e9f,PUR_IED_BrasiliaU_Ext_8d6e9f,4,20,58,4.5175,-74.116302
2026-09-12T13:16:08-05:00,PUR_IED_Brasilia_Ext_fe6593,PUR_IED_Brasilia_Ext_fe6593,,,,,
2026-09-12T13:16:08-05:00,PUR_IED_Brasilia_S24_7c130d,PUR_IED_Brasilia_S24_7c130d,,,,,
2026-09-12T13:16:08-05:00,PUR_IED_Brasilia_S501_186a54,PUR_IED_Brasilia_S501_186a54,,,,,
2026-09-12T13:16:08-05:00,PUR_IED_CHARRY_EXT_f1d5cd,PUR_IED_CHARRY_EXT_f1d5cd,,,,,
2026-09-12T13:16:08-05:00,PUR_IED_CHARRY_INTDANZAS_7a08e6,PUR_IED_CHARRY_INTDANZAS_7a08e6,,,,,
2026-09-12T13:16:08-05:00,PUR_IED_CHARRY_INT_AULA20_dc998d,PUR_IED_CHARRY_INT_AULA20_dc998d,,,,,
2026-09-12T13:16:08-05:00,PUR_IED_COLVIV_1101_S25_7f520a,PUR_IED_COLVIV_1101_S25_7f520a,,,,,
2026-09-12T13:16:08-05:00,PUR_IED_COLVIV_1102_S16_f570ba,PUR_IED_COLVIV_1102_S16_f570ba,,,,,
2026-09-12T13:16:08-05:00,PUR_IED_COLVIV_Ext_1a26fa,PUR_IED_COLVIV_Ext_1a26fa,,,,,
2026-09-12T13:16:08-05:00,PUR_IED_CULPOP_301A_f660f3,PUR_IED_CULPOP_301A_f660f3,,,,,
2026-09-12T13:16:08-05:00,PUR_IED_CULPOP_303_568afe,PUR_IED_CULPOP_303_568afe,,,,,
2026-09-12T13:16:08-05:00,PUR_IED_CULPOP_Ext_e02ccb,PUR_IED_CULPOP_Ext_e02ccb,,,,,
2026-09-12T13:16:08-05:00,PUR_IED_CVillavicen_Ext_26eb58,PUR_IED_CVillavicen_Ext_26eb58,3,18,71,4.487,-74.102798
2026-09-12T13:16:08-05:00,PUR_IED_CVillavicen_Intel_1ce5c2,PUR_IED_CVillavicen_Intel_1ce5c2,,,,,
2026-09-12T13:16:08-05:00,PUR_IED_CVillavicen_Poliv_e0766c,PUR_IED_CVillavicen_Poliv_e0766c,,,,,
2026-09-12T13:16:08-05:00,PUR_IED_CVillavicen_int_1ba140,PUR_IED_CVillavicen_int_1ba140,,,,,
2026-09-12T13:16:08-05:00,PUR_IED_CVillavicen_intel_1ba140,PUR_IED_CVillavicen_intel_1ba140,,,,,
2026-09-12T13:16:08-05:00,PUR_IED_CarlosPizarro_Ext_e307cc,PUR_IED_CarlosPizarro_Ext_e307cc,,,,,
2026-09-12T13:16:08-05:00,PUR_IED_CarlosPizarro_L36_7e5cdb,PUR_IED_CarlosPizarro_L36_7e5cdb,,,,,
2026-09-12T13:16:08-05:00,PUR_IED_CarlosPizarro_L37_c8566c,PUR_IED_CarlosPizarro_L37_c8566c,,,,,
2026-09-12T13:16:08-05:00,PUR_IED_Castilla_Ext_cf35f,PUR_IED_Castilla_Ext_cf35f,,,,,
2026-09-12T13:16:08-05:00,PUR_IED_Castilla_SFisik_360e38,PUR_IED_Castilla_SFisik_360e38,,,,,
2026-09-12T13:16:08-05:00,PUR_IED_Castilla_Sc304_496fbf,PUR_IED_Castilla_Sc304_496fbf,,,,,
2026-09-12T13:16:08-05:00,PUR_IED_CervantesSa_Ext_6b57b,PUR_IED_CervantesSa_Ext_6b57b,3,20,64,4.5128,-74.117203
2026-09-12T13:16:08-05:00,PUR_IED_CervantesSa_S107_225c2b,PUR_IED_CervantesSa_S107_225c2b,,,,,
2026-09-12T13:16:08-05:00,PUR_IED_CervantesSa_S108_940925,PUR_IED_CervantesSa_S108_940925,,,,,
2026-09-12T13:16:08-05:00,PUR_IED_Charry_A20_f53e7c,PUR_IED_Charry_A20_f53e7c,,,,,
2026-09-12T13:16:08-05:00,PUR_IED_Charry_Ext_f1d5cd,PUR_IED_Charry_Ext_f1d5cd,,,,,
2026-09-12T13:16:08-05:00,PUR_IED_Charry_IntAula20_dc998d,PUR_IED_Charry_IntAula20_dc998d,,,,,
2026-09-12T13:16:08-05:00,PUR_IED_Charry_IntDanzas_7a08e6,PUR_IED_Charry_IntDanzas_7a08e6,,,,,
2026-09-12T13:16:08-05:00,PUR_IED_ClememciaC_203_43e2fc,PUR_IED_ClememciaC_203_43e2fc,,,,,
2026-09-12T13:16:08-05:00,PUR_IED_ClememciaC_Ext_1b411a,PUR_IED_ClememciaC_Ext_1b411a,,,,,
2026-09-12T13:16:08-05:00,PUR_IED_ClememciaC_Quimic_44b5fc,PUR_IED_ClememciaC_Quimic_44b5fc,,,,,
2026-09-12T13:16:08-05:00,PUR_IED_ClemenciaC_203_43e2fc,PUR_IED_ClemenciaC_203_43e2fc,,,,,
2026-09-12T13:16:08-05:00,PUR_IED_ClemenciaC_Ext_1b411a,PUR_IED_ClemenciaC_Ext_1b411a,,,,,
2026-09-12T13:16:08-05:00,PUR_IED_ClemenciaC_Quimic_44b5fc,PUR_IED_ClemenciaC_Quimic_44b5fc,,,,,
2026-09-12T13:16:08-05:00,PUR_IED_ColViva_1101_S25_7f520a,PUR_IED_ColViva_1101_S25_7f520a,,,,,
2026-09-12T13:16:08-05:00,PUR_IED_ColViva_1102_S16_f570ba,PUR_IED_ColViva_1102_S16_f570ba,,,,,
2026-09-12T13:16:08-05:00,PUR_IED_ColViva_Ext_1a26fa,PUR_IED_ColViva_Ext_1a26fa,,,,,
2026-09-12T13:16:08-05:00,PUR_IED_ColegioBici_Asist_7c8798,PUR_IED_ColegioBici_Asist_7c8798,,,,,
2026-09-12T13:16:08-05:00,PUR_IED_ColegioBici_Ext_25cbf6,PUR_IED_ColegioBici_Ext_25cbf6,,,,,
2026-09-12T13:16:08-05:00,PUR_IED_ColegioBici_LabQ_7b57db,PUR_IED_ColegioBici_LabQ_7b57db,,,,,
2026-09-12T13:16:08-05:00,PUR_IED_CostaRica_Ext_5e640,PUR_IED_CostaRica_Ext_5e640,,,,,
2026-09-12T13:16:08-05:00,PUR_IED_CostaRica_Quim1_766d1c,PUR_IED_CostaRica_Quim1_766d1c,,,,,
2026-09-12T13:16:08-05:00,PUR_IED_CostaRica__Fisica_6f0873,PUR_IED_CostaRica__Fisica_6f0873,,,,,
2026-09-12T13:16:08-05:00,PUR_IED_CulPopu_301A_f660f3,PUR_IED_CulPopu_301A_f660f3,,,,,
2026-09-12T13:16:08-05:00,PUR_IED_CulPopu_303_568afe,PUR_IED_CulPopu_303_568afe,,,,,
2026-09-12T13:16:08-05:00,PUR_IED_CulPopu_Ext_e02ccb,PUR_IED_CulPopu_Ext_e02ccb,,,,,
2026-09-12T13:16:08-05:00,PUR_IED_Cundinamarca_Ext_f15985,PUR_IED_Cundinamarca_Ext_f15985,,,,,
2026-09-12T13:16:08-05:00,PUR_IED_Cundinamarca_Info_7aa5d7,PUR_IED_Cundinamarca_Info_7aa5d7,,,,,
2026-09-12T13:16:08-05:00,PUR_IED_Cundinamarca_Tec2_f449c7,PUR_IED_Cundinamarca_Tec2_f449c7,,,,,
2026-09-12T13:16:08-05:00,PUR_IED_DiegoM_Aula1_27b314,PUR_IED_DiegoM_Aula1_27b314,,,,,
2026-09-12T13:16:08-05:00,PUR_IED_DiegoM_Ext_d80ac8,PUR_IED_DiegoM_Ext_d80ac8,,,,,
2026-09-12T13:16:08-05:00,PUR_IED_DiegoM_S25_da928f,PUR_IED_DiegoM_S25_da928f,,,,,
2026-09-12T13:16:08-05:00,PUR_IED_ELRODEO_360881,PUR_IED_ELRODEO_360881,,,,,
2026-09-12T13:16:08-05:00,PUR_IED_ELRODEO_ext_360881,PUR_IED_ELRODEO_ext_360881,,,,,
2026-09-12T13:16:08-05:00,PUR_IED_EduardoU_Ext_1c1969,PUR_IED_EduardoU_Ext_1c1969,,,,,
2026-09-12T13:16:08-05:00,PUR_IED_EduardoU_SCiencia_4dfb94,PUR_IED_EduardoU_SCiencia_4dfb94,,,,,
2026-09-12T13:16:08-05:00,PUR_IED_EduardoU_SQuimica_5a46e7,PUR_IED_EduardoU_SQuimica_5a46e7,,,,,
2026-09-12T13:16:08-05:00,PUR_IED_ElRodeo_Aula14_676984,PUR_IED_ElRodeo_Aula14_676984,,,,,
2026-09-12T13:16:08-05:00,PUR_IED_ElRodeo_Aula16_2dd35b,PUR_IED_ElRodeo_Aula16_2dd35b,,,,,
2026-09-12T13:16:08-05:00,PUR_IED_ElRodeo_Ext_360881,PUR_IED_ElRodeo_Ext_360881,,,,,
2026-09-12T13:16:08-05:00,PUR_IED_ElRodeo_Exterior_8c6d28,PUR_IED_ElRodeo_Exterior_8c6d28,,,,,
2026-09-12T13:16:08-05:00,PUR_IED_ElRodeo_ext_360881,PUR_IED_ElRodeo_ext_360881,,,,,
2026-09-12T13:16:08-05:00,PUR_IED_EmmaReyes_Ext_987625,PUR_IED_EmmaReyes_Ext_987625,3,22,47,4.6367,-74.1511
2026-09-12T13:16:08-05:00,PUR_IED_Ensueño_Ext_7f0250,PUR_IED_Ensueño_Ext_7f0250,,,,,
2026-09-12T13:16:08-05:00,PUR_IED_EscNormal_Ext_5fef3b,PUR_IED_EscNormal_Ext_5fef3b,2,23,49,4.5852,-74.096901
2026-09-12T13:16:08-05:00,PUR_IED_EscNormal_S309_5b263,PUR_IED_EscNormal_S309_5b263,,,,,
2026-09-12T13:16:08-05:00,PUR_IED_EscNormal_S310_27b3b8,PUR_IED_EscNormal_S310_27b3b8,,,,,
2026-09-12T13:16:08-05:00,PUR_IED_Evangelista_Conta_f6cd4f,PUR_IED_Evangelista_Conta_f6cd4f,,,,,
2026-09-12T13:16:08-05:00,PUR_IED_Evangelista_Cri_5e16a,PUR_IED_Evangelista_Cri_5e16a,,,,,
2026-09-12T13:16:08-05:00,PUR_IED_Evangelista_Exter_754066,PUR_IED_Evangelista_Exter_754066,,,,,
2026-09-12T13:16:08-05:00,PUR_IED_FMiranda_S209_5cc2a3,PUR_IED_FMiranda_S209_5cc2a3,,,,,
2026-09-12T13:16:08-05:00,PUR_IED_FMiranda_S303_19e344,PUR_IED_FMiranda_S303_19e344,,,,,
2026-09-12T13:16:08-05:00,PUR_IED_FMiranda_ext_f53e7c,PUR_IED_FMiranda_ext_f53e7c,,,,,
2026-09-12T13:16:08-05:00,PUR_IED_FabioLozano_Bibli_1cee05,PUR_IED_FabioLozano_Bibli_1cee05,,,,,
2026-09-12T13:16:08-05:00,PUR_IED_FabioLozano_Ext_6ea285,PUR_IED_FabioLozano_Ext_6ea285,,,,,
2026-09-12T13:16:08-05:00,PUR_IED_FabioLozano_SLudi_f09e1e,PUR_IED_FabioLozano_SLudi_f09e1e,,,,,
2026-09-12T13:16:08-05:00,PUR_IED_FaustinoS_Aula07_27a731,PUR_IED_FaustinoS_Aula07_27a731,,,,,
2026-09-12T13:16:08-05:00,PUR_IED_FaustinoS_Ext_7b936f,PUR_IED_FaustinoS_Ext_7b936f,,,,,
2026-09-12T13:16:08-05:00,PUR_IED_FaustinoS_Fisica_da2c60,PUR_IED_FaustinoS_Fisica_da2c60,,,,,
2026-09-12T13:16:08-05:00,PUR_IED_FeGarciaLo_Ext_dc68ee,PUR_IED_FeGarciaLo_Ext_dc68ee,,,,,
2026-09-12T13:16:08-05:00,PUR_IED_FeGarciaLo_SDanza_f70a59,PUR_IED_FeGarciaLo_SDanza_f70a59,,,,,
2026-09-12T13:16:08-05:00,PUR_IED_FeGarciaLo_SMusic_125cdd,PUR_IED_FeGarciaLo_SMusic_125cdd,,,,,
2026-09-12T13:16:08-05:00,PUR_IED_FederalAlema_Exte_50c345,PUR_IED_FederalAlema_Exte_50c345,,,,,
2026-09-12T13:16:08-05:00,PUR_IED_FederalAlema_S31_f18371,PUR_IED_FederalAlema_S31_f18371,,,,,
2026-09-12T13:16:08-05:00,PUR_IED_FederalAlema_S901_a62cd,PUR_IED_FederalAlema_S901_a62cd,,,,,
2026-09-12T13:16:08-05:00,PUR_IED_FilarmonicaS_A5_f35eb1,PUR_IED_FilarmonicaS_A5_f35eb1,,,,,
2026-09-12T13:16:08-05:00,PUR_IED_FilarmonicaS_Ext_8a3bde,PUR_IED_FilarmonicaS_Ext_8a3bde,,,,,
2026-09-12T13:16:08-05:00,PUR_IED_FilarmonicaS_Spol_406114,PUR_IED_FilarmonicaS_Spol_406114,,,,,
2026-09-12T13:16:08-05:00,PUR_IED_FlorentinoG_A13_d1fa59,PUR_IED_FlorentinoG_A13_d1fa59,,,,,
2026-09-12T13:16:08-05:00,PUR_IED_FlorentinoG_Ext_1ce6ce,PUR_IED_FlorentinoG_Ext_1ce6ce,,,,,
2026-09-12T13:16:08-05:00,PUR_IED_FlorentinoG_Idiom_a66aac,PUR_IED_FlorentinoG_Idiom_a66aac,,,,,
2026-09-12T13:16:08-05:00,PUR_IED_FranciscoMati_Ext_e3869d,PUR_IED_FranciscoMati_Ext_e3869d,,,,,
2026-09-12T13:16:08-05:00,PUR_IED_FranciscoMati_S13_f31c67,PUR_IED_FranciscoMati_S13_f31c67,,,,,
2026-09-12T13:16:08-05:00,PUR_IED_FranciscoMati_S14_97dead,PUR_IED_FranciscoMati_S14_97dead,,,,,
2026-09-12T13:16:08-05:00,PUR_IED_FranciscoPS_Ext_7bfa9a,PUR_IED_FranciscoPS_Ext_7bfa9a,2,23,50,4.5899,-74.110397
2026-09-12T13:16:08-05:00,PUR_IED_FranciscoPS_Infor_fb8f4c,PUR_IED_FranciscoPS_Infor_fb8f4c,,,,,
2026-09-12T13:16:08-05:00,PUR_IED_FranciscoPS_Quimi_94d39c,PUR_IED_FranciscoPS_Quimi_94d39c,,,,,
2026-09-12T13:16:08-05:00,PUR_IED_FranciscoP_LabQ_d7e148,PUR_IED_FranciscoP_LabQ_d7e148,,,,,
2026-09-12T13:16:08-05:00,PUR_IED_FranciscoP_S28_cf9b30,PUR_IED_FranciscoP_S28_cf9b30,,,,,
2026-09-12T13:16:08-05:00,PUR_IED_FranciscoP_ext_e2313,PUR_IED_FranciscoP_ext_e2313,,,,,
2026-09-12T13:16:08-05:00,PUR_IED_FriederichN_Ext_8ac92a,PUR_IED_FriederichN_Ext_8ac92a,,,,,
2026-09-12T13:16:08-05:00,PUR_IED_FriederichN_S301_dd7e5a,PUR_IED_FriederichN_S301_dd7e5a,,,,,
2026-09-12T13:16:08-05:00,PUR_IED_FriederichN_S308_761f4f,PUR_IED_FriederichN_S308_761f4f,,,,,
2026-09-12T13:16:08-05:00,PUR_IED_GSantander_Aula10_533dd7,PUR_IED_GSantander_Aula10_533dd7,,,,,
2026-09-12T13:16:08-05:00,PUR_IED_GSantander_Aula12_fd4e4f,PUR_IED_GSantander_Aula12_fd4e4f,,,,,
2026-09-12T13:16:08-05:00,PUR_IED_GSantander_Aula310_533dd7,PUR_IED_GSantander_Aula310_533dd7,,,,,
2026-09-12T13:16:08-05:00,PUR_IED_GSantander_Aula312_fd4e4f,PUR_IED_GSantander_Aula312_fd4e4f,,,,,
2026-09-12T13:16:08-05:00,PUR_IED_GSantander_Ext_5f66b0,PUR_IED_GSantander_Ext_5f66b0,,,,,
2026-09-12T13:16:08-05:00,PUR_IED_GYomasa_Ext_f6bea5,PUR_IED_GYomasa_Ext_f6bea5,,,,,
2026-09-12T13:16:08-05:00,PUR_IED_GYomasa_LBiol_2c41aa,PUR_IED_GYomasa_LBiol_2c41aa,,,,,
2026-09-12T13:16:08-05:00,PUR_IED_GYomasa_LQuim_33c80,PUR_IED_GYomasa_LQuim_33c80,,,,,
2026-09-12T13:16:08-05:00,PUR_IED_GabBetMejia_Cienc_5a99c,PUR_IED_GabBetMejia_Cienc_5a99c,,,,,
2026-09-12T13:16:08-05:00,PUR_IED_GabBetMejia_Ext_9153d0,PUR_IED_GabBetMejia_Ext_9153d0,,,,,
2026-09-12T13:16:08-05:00,PUR_IED_GabBetMejia_Lab_f55347,PUR_IED_GabBetMejia_Lab_f55347,,,,,
2026-09-12T13:16:08-05:00,PUR_IED_GabBetanMejia_Ext_9153d0,PUR_IED_GabBetanMejia_Ext_9153d0,,,,,
2026-09-12T13:16:08-05:00,PUR_IED_Gaitana_Aula13_7aac11,PUR_IED_Gaitana_Aula13_7aac11,,,,,
2026-09-12T13:16:08-05:00,PUR_IED_Gaitana_Ext_5fcf4,PUR_IED_Gaitana_Ext_5fcf4,,,,,
2026-09-12T13:16:08-05:00,PUR_IED_Gaitana_LabFisica_644448,PUR_IED_Gaitana_LabFisica_644448,,,,,
2026-09-12T13:16:08-05:00,PUR_IED_GenSantander_Dise_8ac858,PUR_IED_GenSantander_Dise_8ac858,,,,,
2026-09-12T13:16:08-05:00,PUR_IED_GenSantander_Ext_8d5dfe,PUR_IED_GenSantander_Ext_8d5dfe,,,,,
2026-09-12T13:16:08-05:00,PUR_IED_GenSantander_Info_6c25b,PUR_IED_GenSantander_Info_6c25b,,,,,
2026-09-12T13:16:08-05:00,PUR_IED_GustavoMo_Exterio_75e63d,PUR_IED_GustavoMo_Exterio_75e63d,,,,,
2026-09-12T13:16:08-05:00,PUR_IED_GustavoMo_LabFisi_224d37,PUR_IED_GustavoMo_LabFisi_224d37,,,,,
2026-09-12T13:16:08-05:00,PUR_IED_GustavoMo_S208_3e6918,PUR_IED_GustavoMo_S208_3e6918,,,,,
2026-09-12T13:16:08-05:00,PUR_IED_GustavoR_A02_8cd4a8,PUR_IED_GustavoR_A02_8cd4a8,,,,,
2026-09-12T13:16:08-05:00,PUR_IED_GustavoR_B11_5b0ed,PUR_IED_GustavoR_B11_5b0ed,,,,,
2026-09-12T13:16:08-05:00,PUR_IED_GustavoR_Ext_7a0c90,PUR_IED_GustavoR_Ext_7a0c90,,,,,
2026-09-12T13:16:08-05:00,PUR_IED_HernandoDuran_Ext_8cd82b,PUR_IED_HernandoDuran_Ext_8cd82b,,,,,
2026-09-12T13:16:08-05:00,PUR_IED_HernandoDuran_S24_2772c6,PUR_IED_HernandoDuran_S24_2772c6,,,,,
2026-09-12T13:16:08-05:00,PUR_IED_HernandoDuran_S30_f2de41,PUR_IED_HernandoDuran_S30_f2de41,,,,,
2026-09-12T13:16:08-05:00,PUR_IED_HolguInUr_S1101_8cd732,PUR_IED_HolguInUr_S1101_8cd732,,,,,
2026-09-12T13:16:08-05:00,PUR_IED_HolguinUr_Exter_ddae6d,PUR_IED_HolguinUr_Exter_ddae6d,,,,,
2026-09-12T13:16:08-05:00,PUR_IED_HolguinUr_LabQuim_92b952,PUR_IED_HolguinUr_LabQuim_92b952,,,,,
2026-09-12T13:16:08-05:00,PUR_IED_Isabel-II_Ext_5245cc,PUR_IED_Isabel-II_Ext_5245cc,4,21,52,4.6336,-74.153
2026-09-12T13:16:08-05:00,PUR_IED_Isabel-II_S_idiom_1c29aa,PUR_IED_Isabel-II_S_idiom_1c29aa,,,,,
2026-09-12T13:16:08-05:00,PUR_IED_Isabel-II_S_infor_fd741,PUR_IED_Isabel-II_S_infor_fd741,,,,,
2026-09-12T13:16:08-05:00,PUR_IED_IsidroSur_Exterio_5b90ea,PUR_IED_IsidroSur_Exterio_5b90ea,,,,,
2026-09-12T13:16:08-05:00,PUR_IED_IsidroSur_LabTec_56697a,PUR_IED_IsidroSur_LabTec_56697a,,,,,
2026-09-12T13:16:08-05:00,PUR_IED_IsidroSur_Robotic_b7c38f,PUR_IED_IsidroSur_Robotic_b7c38f,,,,,
2026-09-12T13:16:08-05:00,PUR_IED_IsmaelPerd_Ext_7b6672,PUR_IED_IsmaelPerd_Ext_7b6672,,,,,
2026-09-12T13:16:08-05:00,PUR_IED_IsmaelPerd_Inform_306540,PUR_IED_IsmaelPerd_Inform_306540,,,,,
2026-09-12T13:16:08-05:00,PUR_IED_IsmaelPerd_S30_2e2c83,PUR_IED_IsmaelPerd_S30_2e2c83,,,,,
2026-09-12T13:16:08-05:00,PUR_IED_JLozano_Exter_432910,PUR_IED_JLozano_Exter_432910,,,,,
2026-09-12T13:16:08-05:00,PUR_IED_JLozano_salaMulti_df5125,PUR_IED_JLozano_salaMulti_df5125,,,,,
2026-09-12T13:16:08-05:00,PUR_IED_JMCordoba_206_86f80b,PUR_IED_JMCordoba_206_86f80b,,,,,
2026-09-12T13:16:08-05:00,PUR_IED_JMCordoba_Ext_27ad97,PUR_IED_JMCordoba_Ext_27ad97,,,,,
2026-09-12T13:16:08-05:00,PUR_IED_JMCordoba_S310_d59ab4,PUR_IED_JMCordoba_S310_d59ab4,,,,,
2026-09-12T13:16:08-05:00,PUR_IED_Japon_Ext_549100,PUR_IED_Japon_Ext_549100,,,,,
2026-09-12T13:16:08-05:00,PUR_IED_Japon_Laboratorio_bec51d,PUR_IED_Japon_Laboratorio_bec51d,,,,,
2026-09-12T13:16:08-05:00,PUR_IED_Japon_informatica_d99327,PUR_IED_Japon_informatica_d99327,,,,,
2026-09-12T13:16:08-05:00,PUR_IED_Jazmin_Ext_d27bda,PUR_IED_Jazmin_Ext_d27bda,,,,,
2026-09-12T13:16:08-05:00,PUR_IED_Jazmin_Fisica_8d14d7,PUR_IED_Jazmin_Fisica_8d14d7,,,,,
2026-09-12T13:16:08-05:00,PUR_IED_Jazmin_Quimica_801cb5,PUR_IED_Jazmin_Quimica_801cb5,,,,,
2026-09-12T13:16:08-05:00,PUR_IED_JorgeGaitan_Exter_f098d1,PUR_IED_JorgeGaitan_Exter_f098d1,,,,,
2026-09-12T13:16:08-05:00,PUR_IED_JorgeGaitan_STec1_dc9d1d,PUR_IED_JorgeGaitan_STec1_dc9d1d,,,,,
2026-09-12T13:16:08-05:00,PUR_IED_JorgeGaitan_STec2_281e69,PUR_IED_JorgeGaitan_STec2_281e69,,,,,
2026-09-12T13:16:08-05:00,PUR_IED_JorgeSoto_Exterio_d9d0a2,PUR_IED_JorgeSoto_Exterio_d9d0a2,,,,,
2026-09-12T13:16:08-05:00,PUR_IED_JorgeSoto_LabFisi_209c54,PUR_IED_JorgeSoto_LabFisi_209c54,,,,,
2026-09-12T13:16:08-05:00,PUR_IED_JorgeSoto_S103_27b51a,PUR_IED_JorgeSoto_S103_27b51a,,,,,
2026-09-12T13:16:08-05:00,PUR_IED_JoseAcevedo_A02_e965eb,PUR_IED_JoseAcevedo_A02_e965eb,,,,,
2026-09-12T13:16:08-05:00,PUR_IED_JoseAcevedo_A07_dd5b4,PUR_IED_JoseAcevedo_A07_dd5b4,,,,,
2026-09-12T13:16:08-05:00,PUR_IED_JoseAcevedo_Ext_b47484,PUR_IED_JoseAcevedo_Ext_b47484,,,,,
2026-09-12T13:16:08-05:00,PUR_IED_JoseMarti_Exte_5b9bf,PUR_IED_JoseMarti_Exte_5b9bf,,,,,
2026-09-12T13:16:08-05:00,PUR_IED_JoseMarti_LabQuim_1c6c2d,PUR_IED_JoseMarti_LabQuim_1c6c2d,,,,,
2026-09-12T13:16:08-05:00,PUR_IED_JoseMarti_S_info_f5f177,PUR_IED_JoseMarti_S_info_f5f177,,,,,
2026-09-12T13:16:08-05:00,PUR_IED_Josejoaquin_Ext_dfc5dc,PUR_IED_Josejoaquin_Ext_dfc5dc,,,,,
2026-09-12T13:16:08-05:00,PUR_IED_Josejoaquin_S05_5b2a96,PUR_IED_Josejoaquin_S05_5b2a96,,,,,
2026-09-12T13:16:08-05:00,PUR_IED_Josejoaquin_S06_1ce7d2,PUR_IED_Josejoaquin_S06_1ce7d2,,,,,
2026-09-12T13:16:08-05:00,PUR_IED_JulioFlorez_Danza_9b82dd,PUR_IED_JulioFlorez_Danza_9b82dd,,,,,
2026-09-12T13:16:08-05:00,PUR_IED_JulioFlorez_Exter_f9f314,PUR_IED_JulioFlorez_Exter_f9f314,,,,,
2026-09-12T13:16:08-05:00,PUR_IED_JulioFlorez_info2_6b6e08,PUR_IED_JulioFlorez_info2_6b6e08,,,,,
2026-09-12T13:16:08-05:00,PUR_IED_LaBelleza_Aula13_1d00d8,PUR_IED_LaBelleza_Aula13_1d00d8,,,,,
2026-09-12T13:16:08-05:00,PUR_IED_LaBelleza_Ext_7bc08c,PUR_IED_LaBelleza_Ext_7bc08c,,,,,
2026-09-12T13:16:08-05:00,PUR_IED_LaChucua_Ext_8cd6d2,PUR_IED_LaChucua_Ext_8cd6d2,,,,,
2026-09-12T13:16:08-05:00,PUR_IED_LaChucua_S15_f578ce,PUR_IED_LaChucua_S15_f578ce,,,,,
2026-09-12T13:16:08-05:00,PUR_IED_LaChucua_S16_eebcf9,PUR_IED_LaChucua_S16_eebcf9,,,,,
2026-09-12T13:16:08-05:00,PUR_IED_LaFelicidad_Ext_fb5109,PUR_IED_LaFelicidad_Ext_fb5109,,,,,
2026-09-12T13:16:08-05:00,PUR_IED_LaMerced_206_66ebd,PUR_IED_LaMerced_206_66ebd,,,,,
2026-09-12T13:16:08-05:00,PUR_IED_LaMerced_207_6ebd6,PUR_IED_LaMerced_207_6ebd6,,,,,
2026-09-12T13:16:08-05:00,PUR_IED_LaMerced_ext_304311,PUR_IED_LaMerced_ext_304311,,,,,
2026-09-12T13:16:08-05:00,PUR_IED_Laureano_CiencNat_281e5e,PUR_IED_Laureano_CiencNat_281e5e,,,,,
2026-09-12T13:16:08-05:00,PUR_IED_Laureano_Comedor_f65c0a,PUR_IED_Laureano_Comedor_f65c0a,,,,,
2026-09-12T13:16:08-05:00,PUR_IED_Laureano_Exterior_7ab011,PUR_IED_Laureano_Exterior_7ab011,,,,,
2026-09-12T13:16:08-05:00,PUR_IED_LeonGreiff_Exte_dfe560,PUR_IED_LeonGreiff_Exte_dfe560,,,,,
2026-09-12T13:16:08-05:00,PUR_IED_LeonGreiff_S210_f264ed,PUR_IED_LeonGreiff_S210_f264ed,,,,,
2026-09-12T13:16:08-05:00,PUR_IED_LeonGreiff_SQuimi_e8296f,PUR_IED_LeonGreiff_SQuimi_e8296f,,,,,
2026-09-12T13:16:08-05:00,PUR_IED_LlanoOrientalS208_7b9fcd,PUR_IED_LlanoOrientalS208_7b9fcd,,,,,
2026-09-12T13:16:08-05:00,PUR_IED_LlanoOriental_Ext_fb3766,PUR_IED_LlanoOriental_Ext_fb3766,,,,,
2026-09-12T13:16:08-05:00,PUR_IED_LlanoOriental_S208_7b9fcd,PUR_IED_LlanoOriental_S208_7b9fcd,,,,,
2026-09-12T13:16:08-05:00,PUR_IED_LlanoOriental_S9_27b378,PUR_IED_LlanoOriental_S9_27b378,,,,,
2026-09-12T13:16:08-05:00,PUR_IED_LosTejares_1101_477602,PUR_IED_LosTejares_1101_477602,,,,,
2026-09-12T13:16:08-05:00,PUR_IED_LosTejares_11_d2c595,PUR_IED_LosTejares_11_d2c595,,,,,
2026-09-12T13:16:08-05:00,PUR_IED_LosTejares_12_477602,PUR_IED_LosTejares_12_477602,,,,,
2026-09-12T13:16:08-05:00,PUR_IED_LosTejares_Ext_8e2115,PUR_IED_LosTejares_Ext_8e2115,,,,,
2026-09-12T13:16:08-05:00,PUR_IED_MagdalenaO_B202_5ddda3,PUR_IED_MagdalenaO_B202_5ddda3,,,,,
2026-09-12T13:16:08-05:00,PUR_IED_MagdalenaO_B205_fb76e8,PUR_IED_MagdalenaO_B205_fb76e8,,,,,
2026-09-12T13:16:08-05:00,PUR_IED_MagdalenaO_ext_dc69cd,PUR_IED_MagdalenaO_ext_dc69cd,,,,,
2026-09-12T13:16:08-05:00,PUR_IED_ManueCepeda_artes_eee956,PUR_IED_ManueCepeda_artes_eee956,,,,,
2026-09-12T13:16:08-05:00,PUR_IED_ManuelCepeda_Ext_58313,PUR_IED_ManuelCepeda_Ext_58313,,,,,
2026-09-12T13:16:08-05:00,PUR_IED_ManuelCepeda_tec_1c5731,PUR_IED_ManuelCepeda_tec_1c5731,,,,,
2026-09-12T13:16:08-05:00,PUR_IED_ManuelS_Exterior_5b269,PUR_IED_ManuelS_Exterior_5b269,,,,,
2026-09-12T13:16:08-05:00,PUR_IED_ManuelS_Inform_f369ce,PUR_IED_ManuelS_Inform_f369ce,,,,,
2026-09-12T13:16:08-05:00,PUR_IED_ManuelS_SArtes_7d15f1,PUR_IED_ManuelS_SArtes_7d15f1,,,,,
2026-09-12T13:16:08-05:00,PUR_IED_ManuelZapata_303_3ca6,PUR_IED_ManuelZapata_303_3ca6,,,,,
2026-09-12T13:16:08-05:00,PUR_IED_ManuelZapata_311_bfbabc,PUR_IED_ManuelZapata_311_bfbabc,,,,,
2026-09-12T13:16:08-05:00,PUR_IED_ManuelZapata_Ext_50824a,PUR_IED_ManuelZapata_Ext_50824a,,,,,
2026-09-12T13:16:08-05:00,PUR_IED_ManuelitaS_Exteri_656a92,PUR_IED_ManuelitaS_Exteri_656a92,,,,,
2026-09-12T13:16:08-05:00,PUR_IED_ManuelitaS_JuzgDe_f58ec3,PUR_IED_ManuelitaS_JuzgDe_f58ec3,,,,,
2026-09-12T13:16:08-05:00,PUR_IED_ManuelitaS_Recrea_d793db,PUR_IED_ManuelitaS_Recrea_d793db,,,,,
2026-09-12T13:16:08-05:00,PUR_IED_MarFidSuarez_Ext_c27b19,PUR_IED_MarFidSuarez_Ext_c27b19,,,,,
2026-09-12T13:16:08-05:00,PUR_IED_MarFidSuarez_Info_e384d7,PUR_IED_MarFidSuarez_Info_e384d7,,,,,
2026-09-12T13:16:08-05:00,PUR_IED_MarFidSuarez_S306_1d0032,PUR_IED_MarFidSuarez_S306_1d0032,,,,,
2026-09-12T13:16:08-05:00,PUR_IED_Menorah_301_2a25a3,PUR_IED_Menorah_301_2a25a3,,,,,
2026-09-12T13:16:08-05:00,PUR_IED_Menorah_306_37ed3,PUR_IED_Menorah_306_37ed3,,,,,
2026-09-12T13:16:08-05:00,PUR_IED_Menorah_Ext_3e155b,PUR_IED_Menorah_Ext_3e155b,,,,,
2026-09-12T13:16:08-05:00,PUR_IED_MinutoB.Aires_A11_1b1604,PUR_IED_MinutoB.Aires_A11_1b1604,,,,,
2026-09-12T13:16:08-05:00,PUR_IED_MinutoB.Aires_A12_fb5860,PUR_IED_MinutoB.Aires_A12_fb5860,,,,,
2026-09-12T13:16:08-05:00,PUR_IED_MinutoB.Aires_Ext_81293f,PUR_IED_MinutoB.Aires_Ext_81293f,,,,,
2026-09-12T13:16:08-05:00,PUR_IED_MinutoBAires_A11_1b1604,PUR_IED_MinutoBAires_A11_1b1604,,,,,
2026-09-12T13:16:08-05:00,PUR_IED_MinutoBAires_A12_fb5860,PUR_IED_MinutoBAires_A12_fb5860,,,,,
2026-09-12T13:16:08-05:00,PUR_IED_MinutoBAires_Ext_81293f,PUR_IED_MinutoBAires_Ext_81293f,,,,,
2026-09-12T13:16:08-05:00,PUR_IED_Montreal_Aula10_1e4959,PUR_IED_Montreal_Aula10_1e4959,,,,,
2026-09-12T13:16:08-05:00,PUR_IED_Montreal_Aula6_300367,PUR_IED_Montreal_Aula6_300367,,,,,
2026-09-12T13:16:08-05:00,PUR_IED_Montreal_Exterior_91a179,PUR_IED_Montreal_Exterior_91a179,,,,,
2026-09-12T13:16:08-05:00,PUR_IED_Mqgdalena_B202_5ddda3,PUR_IED_Mqgdalena_B202_5ddda3,,,,,
2026-09-12T13:16:08-05:00,PUR_IED_NACUND_Soc_dc8728,PUR_IED_NACUND_Soc_dc8728,,,,,
2026-09-12T13:16:08-05:00,PUR_IED_NACUND_ext_27ad97,PUR_IED_NACUND_ext_27ad97,,,,,
2026-09-12T13:16:08-05:00,PUR_IED_NEsperanza_Ext_d24b61,PUR_IED_NEsperanza_Ext_d24b61,,,,,
2026-09-12T13:16:08-05:00,PUR_IED_NEsperanza_SElect_7d1807,PUR_IED_NEsperanza_SElect_7d1807,,,,,
2026-09-12T13:16:08-05:00,PUR_IED_NEsperanza_SLabor_8b2d0a,PUR_IED_NEsperanza_SLabor_8b2d0a,,,,,
2026-09-12T13:16:08-05:00,PUR_IED_NacionesU_Ext_f661a9,PUR_IED_NacionesU_Ext_f661a9,,,,,
2026-09-12T13:16:08-05:00,PUR_IED_NacionesU_Quimica_66f0a,PUR_IED_NacionesU_Quimica_66f0a,,,,,
2026-09-12T13:16:08-05:00,PUR_IED_NacionesU_S306_1b4b3d,PUR_IED_NacionesU_S306_1b4b3d,,,,,
2026-09-12T13:16:08-05:00,PUR_IED_NestorFA_Ext_e4201c,PUR_IED_NestorFA_Ext_e4201c,,,,,
2026-09-12T13:16:08-05:00,PUR_IED_NestorFA_Laborato_f22fe0,PUR_IED_NestorFA_Laborato_f22fe0,,,,,
2026-09-12T13:16:08-05:00,PUR_IED_NestorFA_S204_dee996,PUR_IED_NestorFA_S204_dee996,,,,,
2026-09-12T13:16:08-05:00,PUR_IED_NidyaQT_Aula03_76999b,PUR_IED_NidyaQT_Aula03_76999b,,,,,
2026-09-12T13:16:08-05:00,PUR_IED_NidyaQT_Aula10_56325,PUR_IED_NidyaQT_Aula10_56325,,,,,
2026-09-12T13:16:08-05:00,PUR_IED_NidyaQT_Ext_46e32d,PUR_IED_NidyaQT_Ext_46e32d,,,,,
2026-09-12T13:16:08-05:00,PUR_IED_NuevaCol_Exterior_d9b859,PUR_IED_NuevaCol_Exterior_d9b859,,,,,
2026-09-12T13:16:08-05:00,PUR_IED_NuevaCol_S1101_76c43b,PUR_IED_NuevaCol_S1101_76c43b,,,,,
2026-09-12T13:16:08-05:00,PUR_IED_NuevaCol_S1102_1ce0b5,PUR_IED_NuevaCol_S1102_1ce0b5,,,,,
2026-09-12T13:16:08-05:00,PUR_IED_OEA_A202_f7e3f2,PUR_IED_OEA_A202_f7e3f2,,,,,
2026-09-12T13:16:08-05:00,PUR_IED_OEA_A203_7d1b8d,PUR_IED_OEA_A203_7d1b8d,,,,,
2026-09-12T13:16:08-05:00,PUR_IED_OEA_Ext_27b593,PUR_IED_OEA_Ext_27b593,,,,,
2026-09-12T13:16:08-05:00,PUR_IED_Ochoa_Ext_1c29da,PUR_IED_Ochoa_Ext_1c29da,,,,,
2026-09-12T13:16:08-05:00,PUR_IED_Ochoa_S205_8b1121,PUR_IED_Ochoa_S205_8b1121,,,,,
2026-09-12T13:16:08-05:00,PUR_IED_Ochoa_Sistemas_f33af6,PUR_IED_Ochoa_Sistemas_f33af6,,,,,
2026-09-12T13:16:08-05:00,PUR_IED_PQuebec_Ext_1c67c7,PUR_IED_PQuebec_Ext_1c67c7,,,,,
2026-09-12T13:16:08-05:00,PUR_IED_PQuebec_S15_23e8e2,PUR_IED_PQuebec_S15_23e8e2,,,,,
2026-09-12T13:16:08-05:00,PUR_IED_PQuebec_S16_8ec76b,PUR_IED_PQuebec_S16_8ec76b,,,,,
2026-09-12T13:16:08-05:00,PUR_IED_PabloN_Ext_49dc96,PUR_IED_PabloN_Ext_49dc96,,,,,
2026-09-12T13:16:08-05:00,PUR_IED_PabloN_S1102_4e3df5,PUR_IED_PabloN_S1102_4e3df5,,,,,
2026-09-12T13:16:08-05:00,PUR_IED_PabloN_S1103_50c94b,PUR_IED_PabloN_S1103_50c94b,,,,,
2026-09-12T13:16:08-05:00,PUR_IED_Palestina_S1101_db9198,PUR_IED_Palestina_S1101_db9198,,,,,
2026-09-12T13:16:08-05:00,PUR_IED_Palestina_S1102_dc54fa,PUR_IED_Palestina_S1102_dc54fa,,,,,
2026-09-12T13:16:08-05:00,PUR_IED_Palestina_ext_4ccce6,PUR_IED_Palestina_ext_4ccce6,,,,,
2026-09-12T13:16:08-05:00,PUR_IED_Panama_Fisica_4d0794,PUR_IED_Panama_Fisica_4d0794,,,,,
2026-09-12T13:16:08-05:00,PUR_IED_Panama_SIngles_a4077e,PUR_IED_Panama_SIngles_a4077e,,,,,
2026-09-12T13:16:08-05:00,PUR_IED_Panama_ext_4c54b4,PUR_IED_Panama_ext_4c54b4,,,,,
2026-09-12T13:16:08-05:00,PUR_IED_ParaisoM_Exterior_8cd7f0,PUR_IED_ParaisoM_Exterior_8cd7f0,,,,,
2026-09-12T13:16:08-05:00,PUR_IED_ParaisoM_Laborato_27af35,PUR_IED_ParaisoM_Laborato_27af35,,,,,
2026-09-12T13:16:08-05:00,PUR_IED_ParaisoM_S304_d1edca,PUR_IED_ParaisoM_S304_d1edca,,,,,
2026-09-12T13:16:08-05:00,PUR_IED_PorfirioBarba_Ext_301466,PUR_IED_PorfirioBarba_Ext_301466,,,,,
2026-09-12T13:16:08-05:00,PUR_IED_PorfirioBarba_S11_df6cd2,PUR_IED_PorfirioBarba_S11_df6cd2,,,,,
2026-09-12T13:16:08-05:00,PUR_IED_PorfirioBarba_S29_27a7d6,PUR_IED_PorfirioBarba_S29_27a7d6,,,,,
2026-09-12T13:16:08-05:00,PUR_IED_PradoV_Exter_8b27ad,PUR_IED_PradoV_Exter_8b27ad,,,,,
2026-09-12T13:16:08-05:00,PUR_IED_PradoV_S301_de65b5,PUR_IED_PradoV_S301_de65b5,,,,,
2026-09-12T13:16:08-05:00,PUR_IED_PradoV_S302_7d2593,PUR_IED_PradoV_S302_7d2593,,,,,
2026-09-12T13:16:08-05:00,PUR_IED_QuirogaAlz_Ext_1ddc82,PUR_IED_QuirogaAlz_Ext_1ddc82,,,,,
2026-09-12T13:16:08-05:00,PUR_IED_QuirogaAlz_S302_9926a3,PUR_IED_QuirogaAlz_S302_9926a3,,,,,
2026-09-12T13:16:08-05:00,PUR_IED_QuirogaAlz_S305_cdf1f1,PUR_IED_QuirogaAlz_S305_cdf1f1,,,,,
2026-09-12T13:16:08-05:00,PUR_IED_RGuatemala_Biling_dc53b7,PUR_IED_RGuatemala_Biling_dc53b7,,,,,
2026-09-12T13:16:08-05:00,PUR_IED_RGuatemala_Ext_1b89a3,PUR_IED_RGuatemala_Ext_1b89a3,,,,,
2026-09-12T13:16:08-05:00,PUR_IED_RGuatemala_Tecnol_281a34,PUR_IED_RGuatemala_Tecnol_281a34,,,,,
2026-09-12T13:16:08-05:00,PUR_IED_RafaNu_Ext_f7c302,PUR_IED_RafaNu_Ext_f7c302,,,,,
2026-09-12T13:16:08-05:00,PUR_IED_RafaNu_S1101_25fde,PUR_IED_RafaNu_S1101_25fde,,,,,
2026-09-12T13:16:08-05:00,PUR_IED_RafaNu_S1102_281517,PUR_IED_RafaNu_S1102_281517,,,,,
2026-09-12T13:16:08-05:00,PUR_IED_RafaelB_S305_ee2783,PUR_IED_RafaelB_S305_ee2783,,,,,
2026-09-12T13:16:08-05:00,PUR_IED_RafaelB_S306_75fe33,PUR_IED_RafaelB_S306_75fe33,,,,,
2026-09-12T13:16:08-05:00,PUR_IED_RafaelB_ext_283336,PUR_IED_RafaelB_ext_283336,3,21,55,4.6722,-74.0737
2026-09-12T13:16:08-05:00,PUR_IED_RafaelUU_Exterior_281a51,PUR_IED_RafaelUU_Exterior_281a51,,,,,
2026-09-12T13:16:08-05:00,PUR_IED_RafaelUU_Human_806b2,PUR_IED_RafaelUU_Human_806b2,,,,,
2026-09-12T13:16:08-05:00,PUR_IED_RafaelUU_Mate2_5680d4,PUR_IED_RafaelUU_Mate2_5680d4,,,,,
2026-09-12T13:16:08-05:00,PUR_IED_RamonSub_Ext_f9eeb9,PUR_IED_RamonSub_Ext_f9eeb9,,,,,
2026-09-12T13:16:08-05:00,PUR_IED_RamonSub_Media_d1f62f,PUR_IED_RamonSub_Media_d1f62f,,,,,
2026-09-12T13:16:08-05:00,PUR_IED_RamonSub_planta_51b82,PUR_IED_RamonSub_planta_51b82,,,,,
2026-09-12T13:16:08-05:00,PUR_IED_RepBoliVene_Exter_27af7c,PUR_IED_RepBoliVene_Exter_27af7c,,,,,
2026-09-12T13:16:08-05:00,PUR_IED_RepBoliVene_SCPT_5ae2ee,PUR_IED_RepBoliVene_SCPT_5ae2ee,,,,,
2026-09-12T13:16:08-05:00,PUR_IED_RepBoliVene_Socia_4b11d5,PUR_IED_RepBoliVene_Socia_4b11d5,,,,,
2026-09-12T13:16:08-05:00,PUR_IED_RepChina_Ext_76d9ee,PUR_IED_RepChina_Ext_76d9ee,,,,,
2026-09-12T13:16:08-05:00,PUR_IED_RepChina_S404_7c804c,PUR_IED_RepChina_S404_7c804c,,,,,
2026-09-12T13:16:08-05:00,PUR_IED_RepChina_S405_df2c33,PUR_IED_RepChina_S405_df2c33,,,,,
2026-09-12T13:16:08-05:00,PUR_IED_RepublicaC_Exteri_7d1ec9,PUR_IED_RepublicaC_Exteri_7d1ec9,,,,,
2026-09-12T13:16:08-05:00,PUR_IED_RepublicaC_S1101_f544b3,PUR_IED_RepublicaC_S1101_f544b3,,,,,
2026-09-12T13:16:08-05:00,PUR_IED_RepublicaC_S1102_7aafc7,PUR_IED_RepublicaC_S1102_7aafc7,,,,,
2026-09-12T13:16:08-05:00,PUR_IED_Ricaurte_Externo_a0ea1,PUR_IED_Ricaurte_Externo_a0ea1,,,,,
2026-09-12T13:16:08-05:00,PUR_IED_Ricaurte_S210_f546fd,PUR_IED_Ricaurte_S210_f546fd,,,,,
2026-09-12T13:16:08-05:00,PUR_IED_Ricaurte_S309_d4452,PUR_IED_Ricaurte_S309_d4452,,,,,
2026-09-12T13:16:08-05:00,PUR_IED_RogelioS_1102_531e69,PUR_IED_RogelioS_1102_531e69,,,,,
2026-09-12T13:16:08-05:00,PUR_IED_RogelioS_Ext_f25a18,PUR_IED_RogelioS_Ext_f25a18,,,,,
2026-09-12T13:16:08-05:00,PUR_IED_SBernardino_Ext_27aff8,PUR_IED_SBernardino_Ext_27aff8,,,,,
2026-09-12T13:16:08-05:00,PUR_IED_SBernardino_SArte_2ffd33,PUR_IED_SBernardino_SArte_2ffd33,,,,,
2026-09-12T13:16:08-05:00,PUR_IED_SBernardino_SIngl_7c7da5,PUR_IED_SBernardino_SIngl_7c7da5,,,,,
2026-09-12T13:16:08-05:00,PUR_IED_Sago_auditorio_dc9d1d,PUR_IED_Sago_auditorio_dc9d1d,,,,,
2026-09-12T13:16:08-05:00,PUR_IED_Saludcoop_Ext_95aac3,PUR_IED_Saludcoop_Ext_95aac3,,,,,
2026-09-12T13:16:08-05:00,PUR_IED_Saludcoop_InfI_90c854,PUR_IED_Saludcoop_InfI_90c854,,,,,
2026-09-12T13:16:08-05:00,PUR_IED_Saludcoop_SMedia_1b93be,PUR_IED_Saludcoop_SMedia_1b93be,,,,,
2026-09-12T13:16:08-05:00,PUR_IED_SanCarlos_1101_1a2360,PUR_IED_SanCarlos_1101_1a2360,,,,,
2026-09-12T13:16:08-05:00,PUR_IED_SanCarlos_1103_7bafb5,PUR_IED_SanCarlos_1103_7bafb5,,,,,
2026-09-12T13:16:08-05:00,PUR_IED_SanCarlos_Ext_b7cd1,PUR_IED_SanCarlos_Ext_b7cd1,,,,,
2026-09-12T13:16:08-05:00,PUR_IED_SanIgnacioBosa11a_50c26e,PUR_IED_SanIgnacioBosa11a_50c26e,,,,,
2026-09-12T13:16:08-05:00,PUR_IED_SanIgnacioBosa11b_371de8,PUR_IED_SanIgnacioBosa11b_371de8,,,,,
2026-09-12T13:16:08-05:00,PUR_IED_SanIgnacioBosaExt_ef0ffc,PUR_IED_SanIgnacioBosaExt_ef0ffc,,,,,
2026-09-12T13:16:08-05:00,PUR_IED_SanIgnacioBosa_11a_50c26e,PUR_IED_SanIgnacioBosa_11a_50c26e,,,,,
2026-09-12T13:16:08-05:00,PUR_IED_SanIgnacioBosa_Ext_ef0ffc,PUR_IED_SanIgnacioBosa_Ext_ef0ffc,,,,,
2026-09-12T13:16:08-05:00,PUR_IED_SanJoseN_intS1101_31c47f,PUR_IED_SanJoseN_intS1101_31c47f,,,,,
2026-09-12T13:16:08-05:00,PUR_IED_SanJoseUsm_Exter_f5d7e8,PUR_IED_SanJoseUsm_Exter_f5d7e8,,,,,
2026-09-12T13:16:08-05:00,PUR_IED_SanJoseUsm_Int11A_cfdef6,PUR_IED_SanJoseUsm_Int11A_cfdef6,,,,,
2026-09-12T13:16:08-05:00,PUR_IED_SilveriaR_IntB5_905349,PUR_IED_SilveriaR_IntB5_905349,,,,,
2026-09-12T13:16:08-05:00,PUR_IED_SilveriaR_IntSD14_981f93,PUR_IED_SilveriaR_IntSD14_981f93,,,,,
2026-09-12T13:16:08-05:00,PUR_IED_SilveriaR_ext_2b651d,PUR_IED_SilveriaR_ext_2b651d,,,,,
2026-09-12T13:16:08-05:00,PUR_IED_SimonB_Exterior_913975,PUR_IED_SimonB_Exterior_913975,,,,,
2026-09-12T13:16:08-05:00,PUR_IED_SimonB_LabQuimi_c56908,PUR_IED_SimonB_LabQuimi_c56908,,,,,
2026-09-12T13:16:08-05:00,PUR_IED_SimonB_informatic_a28c1,PUR_IED_SimonB_informatic_a28c1,,,,,
2026-09-12T13:16:08-05:00,PUR_IED_Sorrento_1102_315f50,PUR_IED_Sorrento_1102_315f50,,,,,
2026-09-12T13:16:08-05:00,PUR_IED_Sorrento_Minte_214eab,PUR_IED_Sorrento_Minte_214eab,,,,,
2026-09-12T13:16:08-05:00,PUR_IED_Sorrento_ext_7c3a0a,PUR_IED_Sorrento_ext_7c3a0a,,,,,
2026-09-12T13:16:08-05:00,PUR_IED_Tabora_Ext_f048ae,PUR_IED_Tabora_Ext_f048ae,,,,,
2026-09-12T13:16:08-05:00,PUR_IED_Tabora_S1102_b07752,PUR_IED_Tabora_S1102_b07752,,,,,
2026-09-12T13:16:08-05:00,PUR_IED_Tabora_S1103_d988f5,PUR_IED_Tabora_S1103_d988f5,,,,,
2026-09-12T13:16:08-05:00,PUR_IED_Tenerife_Ext_1ab188,PUR_IED_Tenerife_Ext_1ab188,,,,,
2026-09-12T13:16:08-05:00,PUR_IED_Tenerife_SDanzas_7bc02e,PUR_IED_Tenerife_SDanzas_7bc02e,,,,,
2026-09-12T13:16:08-05:00,PUR_IED_Tenerife_SIngles_7cc277,PUR_IED_Tenerife_SIngles_7cc277,,,,,
2026-09-12T13:16:08-05:00,PUR_IED_Tibabuyes_Exter_f2683d,PUR_IED_Tibabuyes_Exter_f2683d,,,,,
2026-09-12T13:16:08-05:00,PUR_IED_Tibabuyes_S10_dc87a8,PUR_IED_Tibabuyes_S10_dc87a8,,,,,
2026-09-12T13:16:08-05:00,PUR_IED_Tibabuyes_S15_dc0526,PUR_IED_Tibabuyes_S15_dc0526,,,,,
2026-09-12T13:16:08-05:00,PUR_IED_UnionE_S301_a1043,PUR_IED_UnionE_S301_a1043,,,,,
2026-09-12T13:16:08-05:00,PUR_IED_UnionE_S307_ff6c2f,PUR_IED_UnionE_S307_ff6c2f,,,,,
2026-09-12T13:16:08-05:00,PUR_IED_UnionE__Ext_5e2468,PUR_IED_UnionE__Ext_5e2468,,,,,
2026-09-12T13:16:08-05:00,PUR_IED_VillaRica_Ext_75be7c,PUR_IED_VillaRica_Ext_75be7c,,,,,
2026-09-12T13:16:08-05:00,PUR_IED_VillaRica_S4_cc5dcd,PUR_IED_VillaRica_S4_cc5dcd,,,,,
2026-09-12T13:16:08-05:00,PUR_IED_VillaRica_Sesp_99f5c,PUR_IED_VillaRica_Sesp_99f5c,,,,,
2026-09-12T13:21:07-05:00,PUR_IED_20deJulio_1101_91b1b9,PUR_IED_20deJulio_1101_91b1b9,,,,,
2026-09-12T13:21:07-05:00,PUR_IED_20deJulio_1102_1cfcf9,PUR_IED_20deJulio_1102_1cfcf9,,,,,
2026-09-12T13:21:07-05:00,PUR_IED_20deJulio_Ext_ab60bd,PUR_IED_20deJulio_Ext_ab60bd,,,,,
2026-09-12T13:21:07-05:00,PUR_IED_AgustinFer_Ext_7b9b77,PUR_IED_AgustinFer_Ext_7b9b77,,,,,
2026-09-12T13:21:07-05:00,PUR_IED_AgustinFer_Info2_27b3a7,PUR_IED_AgustinFer_Info2_27b3a7,,,,,
2026-09-12T13:21:07-05:00,PUR_IED_AgustinFer_Sena_54b4eb,PUR_IED_AgustinFer_Sena_54b4eb,,,,,
2026-09-12T13:21:07-05:00,PUR_IED_AlexanderF_1102_caf07b,PUR_IED_AlexanderF_1102_caf07b,,,,,
2026-09-12T13:21:07-05:00,PUR_IED_AlexanderF_1103_c79e71,PUR_IED_AlexanderF_1103_c79e71,,,,,
2026-09-12T13:21:07-05:00,PUR_IED_AlexanderF_Ext_c5b18b,PUR_IED_AlexanderF_Ext_c5b18b,,,,,
2026-09-12T13:21:07-05:00,PUR_IED_AlfonsoLopez_Ext_281d77,PUR_IED_AlfonsoLopez_Ext_281d77,,,,,
2026-09-12T13:21:07-05:00,PUR_IED_AlfonsoLopez_LabF_888ce0,PUR_IED_AlfonsoLopez_LabF_888ce0,,,,,
2026-09-12T13:21:07-05:00,PUR_IED_AlfonsoLopez_SMed_df6a7f,PUR_IED_AlfonsoLopez_SMed_df6a7f,,,,,
2026-09-12T13:21:07-05:00,PUR_IED_AltamiraSO_A2_209f92,PUR_IED_AltamiraSO_A2_209f92,,,,,
2026-09-12T13:21:07-05:00,PUR_IED_AltamiraSO_Ext_186d66,PUR_IED_AltamiraSO_Ext_186d66,,,,,
2026-09-12T13:21:07-05:00,PUR_IED_AltamiraSO_Sistem_27afe1,PUR_IED_AltamiraSO_Sistem_27afe1,,,,,
2026-09-12T13:21:07-05:00,PUR_IED_AlvaroGom_LabQuim_813179,PUR_IED_AlvaroGom_LabQuim_813179,,,,,
2026-09-12T13:21:07-05:00,PUR_IED_AlvaroGomez_Ext_47c7ca,PUR_IED_AlvaroGomez_Ext_47c7ca,,,,,
2026-09-12T13:21:07-05:00,PUR_IED_AlvaroGomez_LabQuim_813179,PUR_IED_AlvaroGomez_LabQuim_813179,,,,,
2026-09-12T13:21:07-05:00,PUR_IED_AlvaroGomez_S23_7ba89f,PUR_IED_AlvaroGomez_S23_7ba89f,,,,,
2026-09-12T13:21:07-05:00,PUR_IED_Amistad_306_dc8728,PUR_IED_Amistad_306_dc8728,,,,,
2026-09-12T13:21:07-05:00,PUR_IED_Amistad_Ext_8cd55e,PUR_IED_Amistad_Ext_8cd55e,,,,,
2026-09-12T13:21:07-05:00,PUR_IED_Amistad_S202_a41169,PUR_IED_Amistad_S202_a41169,,,,,
2026-09-12T13:21:07-05:00,PUR_IED_AndresBello_Bio_fd5f5e,PUR_IED_AndresBello_Bio_fd5f5e,,,,,
2026-09-12T13:21:07-05:00,PUR_IED_AndresBello_ext_dcad65,PUR_IED_AndresBello_ext_dcad65,,,,,
2026-09-12T13:21:07-05:00,PUR_IED_AndresBello_port_eed3ec,PUR_IED_AndresBello_port_eed3ec,,,,,
2026-09-12T13:21:07-05:00,PUR_IED_AngelaR_11b_d90a6b,PUR_IED_AngelaR_11b_d90a6b,,,,,
2026-09-12T13:21:07-05:00,PUR_IED_AngelaR_ext_7cad3e,PUR_IED_AngelaR_ext_7cad3e,,,,,
2026-09-12T13:21:07-05:00,PUR_IED_AntJoseSucre_10mo_df2575,PUR_IED_AntJoseSucre_10mo_df2575,,,,,
2026-09-12T13:21:07-05:00,PUR_IED_AntJoseSucre_Ext_215b36,PUR_IED_AntJoseSucre_Ext_215b36,,,,,
2026-09-12T13:21:07-05:00,PUR_IED_AntJoseSucre_Lab_3139de,PUR_IED_AntJoseSucre_Lab_3139de,,,,,
2026-09-12T13:21:07-05:00,PUR_IED_AntonioGarcia_301_d6b188,PUR_IED_AntonioGarcia_301_d6b188,,,,,
2026-09-12T13:21:07-05:00,PUR_IED_AntonioGarcia_302_88a82,PUR_IED_AntonioGarcia_302_88a82,,,,,
2026-09-12T13:21:07-05:00,PUR_IED_AntonioGarcia_Ext_20950c,PUR_IED_AntonioGarcia_Ext_20950c,,,,,
2026-09-12T13:21:07-05:00,PUR_IED_AntonioVan_Aula2_6dea02,PUR_IED_AntonioVan_Aula2_6dea02,,,,,
2026-09-12T13:21:07-05:00,PUR_IED_AntonioVan_Aula5_f1557e,PUR_IED_AntonioVan_Aula5_f1557e,,,,,
2026-09-12T13:21:07-05:00,PUR_IED_AntonioVan_Ext_406f2f,PUR_IED_AntonioVan_Ext_406f2f,,,,,
2026-09-12T13:21:07-05:00,PUR_IED_Atabanzha_Ext_cc5af9,PUR_IED_Atabanzha_Ext_cc5af9,,,,,
2026-09-12T13:21:07-05:00,PUR_IED_Atabanzha_SA101_56c37,PUR_IED_Atabanzha_SA101_56c37,,,,,
2026-09-12T13:21:07-05:00,PUR_IED_Atabanzha_SB302_27b374,PUR_IED_Atabanzha_SB302_27b374,,,,,
2026-09-12T13:21:07-05:00,PUR_IED_Atahualpa_Ext_fc1748,PUR_IED_Atahualpa_Ext_fc1748,,,,,
2026-09-12T13:21:07-05:00,PUR_IED_Atahualpa_Informa_dc9a95,PUR_IED_Atahualpa_Informa_dc9a95,,,,,
2026-09-12T13:21:07-05:00,PUR_IED_Atahualpa_S1101_f98056,PUR_IED_Atahualpa_S1101_f98056,,,,,
2026-09-12T13:21:07-05:00,PUR_IED_Bellavista_Ext_f5aa74,PUR_IED_Bellavista_Ext_f5aa74,,,,,
2026-09-12T13:21:07-05:00,PUR_IED_Bilbao_11A_916c41,PUR_IED_Bilbao_11A_916c41,,,,,
2026-09-12T13:21:07-05:00,PUR_IED_Bilbao_Ext_fb579a,PUR_IED_Bilbao_Ext_fb579a,,,,,
2026-09-12T13:21:07-05:00,PUR_IED_BrasiliaU_A125_304280,PUR_IED_BrasiliaU_A125_304280,,,,,
2026-09-12T13:21:07-05:00,PUR_IED_BrasiliaU_A203_7c8ca5,PUR_IED_BrasiliaU_A203_7c8ca5,,,,,
2026-09-12T13:21:07-05:00,PUR_IED_BrasiliaU_Ext_8d6e9f,PUR_IED_BrasiliaU_Ext_8d6e9f,4,20,57,4.5175,-74.116302
2026-09-12T13:21:07-05:00,PUR_IED_Brasilia_Ext_fe6593,PUR_IED_Brasilia_Ext_fe6593,,,,,
2026-09-12T13:21:07-05:00,PUR_IED_Brasilia_S24_7c130d,PUR_IED_Brasilia_S24_7c130d,,,,,
2026-09-12T13:21:07-05:00,PUR_IED_Brasilia_S501_186a54,PUR_IED_Brasilia_S501_186a54,,,,,
2026-09-12T13:21:07-05:00,PUR_IED_CHARRY_EXT_f1d5cd,PUR_IED_CHARRY_EXT_f1d5cd,,,,,
2026-09-12T13:21:07-05:00,PUR_IED_CHARRY_INTDANZAS_7a08e6,PUR_IED_CHARRY_INTDANZAS_7a08e6,,,,,
2026-09-12T13:21:07-05:00,PUR_IED_CHARRY_INT_AULA20_dc998d,PUR_IED_CHARRY_INT_AULA20_dc998d,,,,,
2026-09-12T13:21:07-05:00,PUR_IED_COLVIV_1101_S25_7f520a,PUR_IED_COLVIV_1101_S25_7f520a,,,,,
2026-09-12T13:21:07-05:00,PUR_IED_COLVIV_1102_S16_f570ba,PUR_IED_COLVIV_1102_S16_f570ba,,,,,
2026-09-12T13:21:07-05:00,PUR_IED_COLVIV_Ext_1a26fa,PUR_IED_COLVIV_Ext_1a26fa,,,,,
2026-09-12T13:21:07-05:00,PUR_IED_CULPOP_301A_f660f3,PUR_IED_CULPOP_301A_f660f3,,,,,
2026-09-12T13:21:07-05:00,PUR_IED_CULPOP_303_568afe,PUR_IED_CULPOP_303_568afe,,,,,
2026-09-12T13:21:07-05:00,PUR_IED_CULPOP_Ext_e02ccb,PUR_IED_CULPOP_Ext_e02ccb,,,,,
2026-09-12T13:21:07-05:00,PUR_IED_CVillavicen_Ext_26eb58,PUR_IED_CVillavicen_Ext_26eb58,3,18,72,4.487,-74.102798
2026-09-12T13:21:07-05:00,PUR_IED_CVillavicen_Intel_1ce5c2,PUR_IED_CVillavicen_Intel_1ce5c2,,,,,
2026-09-12T13:21:07-05:00,PUR_IED_CVillavicen_Poliv_e0766c,PUR_IED_CVillavicen_Poliv_e0766c,,,,,
2026-09-12T13:21:07-05:00,PUR_IED_CVillavicen_int_1ba140,PUR_IED_CVillavicen_int_1ba140,,,,,
2026-09-12T13:21:07-05:00,PUR_IED_CVillavicen_intel_1ba140,PUR_IED_CVillavicen_intel_1ba140,,,,,
2026-09-12T13:21:07-05:00,PUR_IED_CarlosPizarro_Ext_e307cc,PUR_IED_CarlosPizarro_Ext_e307cc,,,,,
2026-09-12T13:21:07-05:00,PUR_IED_CarlosPizarro_L36_7e5cdb,PUR_IED_CarlosPizarro_L36_7e5cdb,,,,,
2026-09-12T13:21:07-05:00,PUR_IED_CarlosPizarro_L37_c8566c,PUR_IED_CarlosPizarro_L37_c8566c,,,,,
2026-09-12T13:21:07-05:00,PUR_IED_Castilla_Ext_cf35f,PUR_IED_Castilla_Ext_cf35f,,,,,
2026-09-12T13:21:07-05:00,PUR_IED_Castilla_SFisik_360e38,PUR_IED_Castilla_SFisik_360e38,,,,,
2026-09-12T13:21:07-05:00,PUR_IED_Castilla_Sc304_496fbf,PUR_IED_Castilla_Sc304_496fbf,,,,,
2026-09-12T13:21:07-05:00,PUR_IED_CervantesSa_Ext_6b57b,PUR_IED_CervantesSa_Ext_6b57b,2,20,63,4.5128,-74.117203
2026-09-12T13:21:07-05:00,PUR_IED_CervantesSa_S107_225c2b,PUR_IED_CervantesSa_S107_225c2b,,,,,
2026-09-12T13:21:07-05:00,PUR_IED_CervantesSa_S108_940925,PUR_IED_CervantesSa_S108_940925,,,,,
2026-09-12T13:21:07-05:00,PUR_IED_Charry_A20_f53e7c,PUR_IED_Charry_A20_f53e7c,,,,,
2026-09-12T13:21:07-05:00,PUR_IED_Charry_Ext_f1d5cd,PUR_IED_Charry_Ext_f1d5cd,,,,,
2026-09-12T13:21:07-05:00,PUR_IED_Charry_IntAula20_dc998d,PUR_IED_Charry_IntAula20_dc998d,,,,,
2026-09-12T13:21:07-05:00,PUR_IED_Charry_IntDanzas_7a08e6,PUR_IED_Charry_IntDanzas_7a08e6,,,,,
2026-09-12T13:21:07-05:00,PUR_IED_ClememciaC_203_43e2fc,PUR_IED_ClememciaC_203_43e2fc,,,,,
2026-09-12T13:21:07-05:00,PUR_IED_ClememciaC_Ext_1b411a,PUR_IED_ClememciaC_Ext_1b411a,,,,,
2026-09-12T13:21:07-05:00,PUR_IED_ClememciaC_Quimic_44b5fc,PUR_IED_ClememciaC_Quimic_44b5fc,,,,,
2026-09-12T13:21:07-05:00,PUR_IED_ClemenciaC_203_43e2fc,PUR_IED_ClemenciaC_203_43e2fc,,,,,
2026-09-12T13:21:07-05:00,PUR_IED_ClemenciaC_Ext_1b411a,PUR_IED_ClemenciaC_Ext_1b411a,,,,,
2026-09-12T13:21:07-05:00,PUR_IED_ClemenciaC_Quimic_44b5fc,PUR_IED_ClemenciaC_Quimic_44b5fc,,,,,
2026-09-12T13:21:07-05:00,PUR_IED_ColViva_1101_S25_7f520a,PUR_IED_ColViva_1101_S25_7f520a,,,,,
2026-09-12T13:21:07-05:00,PUR_IED_ColViva_1102_S16_f570ba,PUR_IED_ColViva_1102_S16_f570ba,,,,,
2026-09-12T13:21:07-05:00,PUR_IED_ColViva_Ext_1a26fa,PUR_IED_ColViva_Ext_1a26fa,,,,,
2026-09-12T13:21:07-05:00,PUR_IED_ColegioBici_Asist_7c8798,PUR_IED_ColegioBici_Asist_7c8798,,,,,
2026-09-12T13:21:07-05:00,PUR_IED_ColegioBici_Ext_25cbf6,PUR_IED_ColegioBici_Ext_25cbf6,,,,,
2026-09-12T13:21:07-05:00,PUR_IED_ColegioBici_LabQ_7b57db,PUR_IED_ColegioBici_LabQ_7b57db,,,,,
2026-09-12T13:21:07-05:00,PUR_IED_CostaRica_Ext_5e640,PUR_IED_CostaRica_Ext_5e640,,,,,
2026-09-12T13:21:07-05:00,PUR_IED_CostaRica_Quim1_766d1c,PUR_IED_CostaRica_Quim1_766d1c,,,,,
2026-09-12T13:21:07-05:00,PUR_IED_CostaRica__Fisica_6f0873,PUR_IED_CostaRica__Fisica_6f0873,,,,,
2026-09-12T13:21:07-05:00,PUR_IED_CulPopu_301A_f660f3,PUR_IED_CulPopu_301A_f660f3,,,,,
2026-09-12T13:21:07-05:00,PUR_IED_CulPopu_303_568afe,PUR_IED_CulPopu_303_568afe,,,,,
2026-09-12T13:21:07-05:00,PUR_IED_CulPopu_Ext_e02ccb,PUR_IED_CulPopu_Ext_e02ccb,,,,,
2026-09-12T13:21:07-05:00,PUR_IED_Cundinamarca_Ext_f15985,PUR_IED_Cundinamarca_Ext_f15985,,,,,
2026-09-12T13:21:07-05:00,PUR_IED_Cundinamarca_Info_7aa5d7,PUR_IED_Cundinamarca_Info_7aa5d7,,,,,
2026-09-12T13:21:07-05:00,PUR_IED_Cundinamarca_Tec2_f449c7,PUR_IED_Cundinamarca_Tec2_f449c7,,,,,
2026-09-12T13:21:07-05:00,PUR_IED_DiegoM_Aula1_27b314,PUR_IED_DiegoM_Aula1_27b314,,,,,
2026-09-12T13:21:07-05:00,PUR_IED_DiegoM_Ext_d80ac8,PUR_IED_DiegoM_Ext_d80ac8,,,,,
2026-09-12T13:21:07-05:00,PUR_IED_DiegoM_S25_da928f,PUR_IED_DiegoM_S25_da928f,,,,,
2026-09-12T13:21:07-05:00,PUR_IED_ELRODEO_360881,PUR_IED_ELRODEO_360881,,,,,
2026-09-12T13:21:07-05:00,PUR_IED_ELRODEO_ext_360881,PUR_IED_ELRODEO_ext_360881,,,,,
2026-09-12T13:21:07-05:00,PUR_IED_EduardoU_Ext_1c1969,PUR_IED_EduardoU_Ext_1c1969,,,,,
2026-09-12T13:21:07-05:00,PUR_IED_EduardoU_SCiencia_4dfb94,PUR_IED_EduardoU_SCiencia_4dfb94,,,,,
2026-09-12T13:21:07-05:00,PUR_IED_EduardoU_SQuimica_5a46e7,PUR_IED_EduardoU_SQuimica_5a46e7,,,,,
2026-09-12T13:21:07-05:00,PUR_IED_ElRodeo_Aula14_676984,PUR_IED_ElRodeo_Aula14_676984,,,,,
2026-09-12T13:21:07-05:00,PUR_IED_ElRodeo_Aula16_2dd35b,PUR_IED_ElRodeo_Aula16_2dd35b,,,,,
2026-09-12T13:21:07-05:00,PUR_IED_ElRodeo_Ext_360881,PUR_IED_ElRodeo_Ext_360881,,,,,
2026-09-12T13:21:07-05:00,PUR_IED_ElRodeo_Exterior_8c6d28,PUR_IED_ElRodeo_Exterior_8c6d28,,,,,
2026-09-12T13:21:07-05:00,PUR_IED_ElRodeo_ext_360881,PUR_IED_ElRodeo_ext_360881,,,,,
2026-09-12T13:21:07-05:00,PUR_IED_EmmaReyes_Ext_987625,PUR_IED_EmmaReyes_Ext_987625,3,22,46,4.6367,-74.1511
2026-09-12T13:21:07-05:00,PUR_IED_Ensueño_Ext_7f0250,PUR_IED_Ensueño_Ext_7f0250,,,,,
2026-09-12T13:21:07-05:00,PUR_IED_EscNormal_Ext_5fef3b,PUR_IED_EscNormal_Ext_5fef3b,2,22,50,4.5852,-74.096901
2026-09-12T13:21:07-05:00,PUR_IED_EscNormal_S309_5b263,PUR_IED_EscNormal_S309_5b263,,,,,
2026-09-12T13:21:07-05:00,PUR_IED_EscNormal_S310_27b3b8,PUR_IED_EscNormal_S310_27b3b8,,,,,
2026-09-12T13:21:07-05:00,PUR_IED_Evangelista_Conta_f6cd4f,PUR_IED_Evangelista_Conta_f6cd4f,,,,,
2026-09-12T13:21:07-05:00,PUR_IED_Evangelista_Cri_5e16a,PUR_IED_Evangelista_Cri_5e16a,,,,,
2026-09-12T13:21:07-05:00,PUR_IED_Evangelista_Exter_754066,PUR_IED_Evangelista_Exter_754066,,,,,
2026-09-12T13:21:07-05:00,PUR_IED_FMiranda_S209_5cc2a3,PUR_IED_FMiranda_S209_5cc2a3,,,,,
2026-09-12T13:21:07-05:00,PUR_IED_FMiranda_S303_19e344,PUR_IED_FMiranda_S303_19e344,,,,,
2026-09-12T13:21:07-05:00,PUR_IED_FMiranda_ext_f53e7c,PUR_IED_FMiranda_ext_f53e7c,,,,,
2026-09-12T13:21:07-05:00,PUR_IED_FabioLozano_Bibli_1cee05,PUR_IED_FabioLozano_Bibli_1cee05,,,,,
2026-09-12T13:21:07-05:00,PUR_IED_FabioLozano_Ext_6ea285,PUR_IED_FabioLozano_Ext_6ea285,,,,,
2026-09-12T13:21:07-05:00,PUR_IED_FabioLozano_SLudi_f09e1e,PUR_IED_FabioLozano_SLudi_f09e1e,,,,,
2026-09-12T13:21:07-05:00,PUR_IED_FaustinoS_Aula07_27a731,PUR_IED_FaustinoS_Aula07_27a731,,,,,
2026-09-12T13:21:07-05:00,PUR_IED_FaustinoS_Ext_7b936f,PUR_IED_FaustinoS_Ext_7b936f,,,,,
2026-09-12T13:21:07-05:00,PUR_IED_FaustinoS_Fisica_da2c60,PUR_IED_FaustinoS_Fisica_da2c60,,,,,
2026-09-12T13:21:07-05:00,PUR_IED_FeGarciaLo_Ext_dc68ee,PUR_IED_FeGarciaLo_Ext_dc68ee,,,,,
2026-09-12T13:21:07-05:00,PUR_IED_FeGarciaLo_SDanza_f70a59,PUR_IED_FeGarciaLo_SDanza_f70a59,,,,,
2026-09-12T13:21:07-05:00,PUR_IED_FeGarciaLo_SMusic_125cdd,PUR_IED_FeGarciaLo_SMusic_125cdd,,,,,
2026-09-12T13:21:07-05:00,PUR_IED_FederalAlema_Exte_50c345,PUR_IED_FederalAlema_Exte_50c345,,,,,
2026-09-12T13:21:07-05:00,PUR_IED_FederalAlema_S31_f18371,PUR_IED_FederalAlema_S31_f18371,,,,,
2026-09-12T13:21:07-05:00,PUR_IED_FederalAlema_S901_a62cd,PUR_IED_FederalAlema_S901_a62cd,,,,,
2026-09-12T13:21:07-05:00,PUR_IED_FilarmonicaS_A5_f35eb1,PUR_IED_FilarmonicaS_A5_f35eb1,,,,,
2026-09-12T13:21:07-05:00,PUR_IED_FilarmonicaS_Ext_8a3bde,PUR_IED_FilarmonicaS_Ext_8a3bde,,,,,
2026-09-12T13:21:07-05:00,PUR_IED_FilarmonicaS_Spol_406114,PUR_IED_FilarmonicaS_Spol_406114,,,,,
2026-09-12T13:21:07-05:00,PUR_IED_FlorentinoG_A13_d1fa59,PUR_IED_FlorentinoG_A13_d1fa59,,,,,
2026-09-12T13:21:07-05:00,PUR_IED_FlorentinoG_Ext_1ce6ce,PUR_IED_FlorentinoG_Ext_1ce6ce,,,,,
2026-09-12T13:21:07-05:00,PUR_IED_FlorentinoG_Idiom_a66aac,PUR_IED_FlorentinoG_Idiom_a66aac,,,,,
2026-09-12T13:21:07-05:00,PUR_IED_FranciscoMati_Ext_e3869d,PUR_IED_FranciscoMati_Ext_e3869d,,,,,
2026-09-12T13:21:07-05:00,PUR_IED_FranciscoMati_S13_f31c67,PUR_IED_FranciscoMati_S13_f31c67,,,,,
2026-09-12T13:21:07-05:00,PUR_IED_FranciscoMati_S14_97dead,PUR_IED_FranciscoMati_S14_97dead,,,,,
2026-09-12T13:21:07-05:00,PUR_IED_FranciscoPS_Ext_7bfa9a,PUR_IED_FranciscoPS_Ext_7bfa9a,2,23,50,4.5899,-74.110397
2026-09-12T13:21:07-05:00,PUR_IED_FranciscoPS_Infor_fb8f4c,PUR_IED_FranciscoPS_Infor_fb8f4c,,,,,
2026-09-12T13:21:07-05:00,PUR_IED_FranciscoPS_Quimi_94d39c,PUR_IED_FranciscoPS_Quimi_94d39c,,,,,
2026-09-12T13:21:07-05:00,PUR_IED_FranciscoP_LabQ_d7e148,PUR_IED_FranciscoP_LabQ_d7e148,,,,,
2026-09-12T13:21:07-05:00,PUR_IED_FranciscoP_S28_cf9b30,PUR_IED_FranciscoP_S28_cf9b30,,,,,
2026-09-12T13:21:07-05:00,PUR_IED_FranciscoP_ext_e2313,PUR_IED_FranciscoP_ext_e2313,,,,,
2026-09-12T13:21:07-05:00,PUR_IED_FriederichN_Ext_8ac92a,PUR_IED_FriederichN_Ext_8ac92a,,,,,
2026-09-12T13:21:07-05:00,PUR_IED_FriederichN_S301_dd7e5a,PUR_IED_FriederichN_S301_dd7e5a,,,,,
2026-09-12T13:21:07-05:00,PUR_IED_FriederichN_S308_761f4f,PUR_IED_FriederichN_S308_761f4f,,,,,
2026-09-12T13:21:07-05:00,PUR_IED_GSantander_Aula10_533dd7,PUR_IED_GSantander_Aula10_533dd7,,,,,
2026-09-12T13:21:07-05:00,PUR_IED_GSantander_Aula12_fd4e4f,PUR_IED_GSantander_Aula12_fd4e4f,,,,,
2026-09-12T13:21:07-05:00,PUR_IED_GSantander_Aula310_533dd7,PUR_IED_GSantander_Aula310_533dd7,,,,,
2026-09-12T13:21:07-05:00,PUR_IED_GSantander_Aula312_fd4e4f,PUR_IED_GSantander_Aula312_fd4e4f,,,,,
2026-09-12T13:21:07-05:00,PUR_IED_GSantander_Ext_5f66b0,PUR_IED_GSantander_Ext_5f66b0,,,,,
2026-09-12T13:21:07-05:00,PUR_IED_GYomasa_Ext_f6bea5,PUR_IED_GYomasa_Ext_f6bea5,,,,,
2026-09-12T13:21:07-05:00,PUR_IED_GYomasa_LBiol_2c41aa,PUR_IED_GYomasa_LBiol_2c41aa,,,,,
2026-09-12T13:21:07-05:00,PUR_IED_GYomasa_LQuim_33c80,PUR_IED_GYomasa_LQuim_33c80,,,,,
2026-09-12T13:21:07-05:00,PUR_IED_GabBetMejia_Cienc_5a99c,PUR_IED_GabBetMejia_Cienc_5a99c,,,,,
2026-09-12T13:21:07-05:00,PUR_IED_GabBetMejia_Ext_9153d0,PUR_IED_GabBetMejia_Ext_9153d0,,,,,
2026-09-12T13:21:07-05:00,PUR_IED_GabBetMejia_Lab_f55347,PUR_IED_GabBetMejia_Lab_f55347,,,,,
2026-09-12T13:21:07-05:00,PUR_IED_GabBetanMejia_Ext_9153d0,PUR_IED_GabBetanMejia_Ext_9153d0,,,,,
2026-09-12T13:21:07-05:00,PUR_IED_Gaitana_Aula13_7aac11,PUR_IED_Gaitana_Aula13_7aac11,,,,,
2026-09-12T13:21:07-05:00,PUR_IED_Gaitana_Ext_5fcf4,PUR_IED_Gaitana_Ext_5fcf4,,,,,
2026-09-12T13:21:07-05:00,PUR_IED_Gaitana_LabFisica_644448,PUR_IED_Gaitana_LabFisica_644448,,,,,
2026-09-12T13:21:07-05:00,PUR_IED_GenSantander_Dise_8ac858,PUR_IED_GenSantander_Dise_8ac858,,,,,
2026-09-12T13:21:07-05:00,PUR_IED_GenSantander_Ext_8d5dfe,PUR_IED_GenSantander_Ext_8d5dfe,,,,,
2026-09-12T13:21:07-05:00,PUR_IED_GenSantander_Info_6c25b,PUR_IED_GenSantander_Info_6c25b,,,,,
2026-09-12T13:21:07-05:00,PUR_IED_GustavoMo_Exterio_75e63d,PUR_IED_GustavoMo_Exterio_75e63d,,,,,
2026-09-12T13:21:07-05:00,PUR_IED_GustavoMo_LabFisi_224d37,PUR_IED_GustavoMo_LabFisi_224d37,,,,,
2026-09-12T13:21:07-05:00,PUR_IED_GustavoMo_S208_3e6918,PUR_IED_GustavoMo_S208_3e6918,,,,,
2026-09-12T13:21:07-05:00,PUR_IED_GustavoR_A02_8cd4a8,PUR_IED_GustavoR_A02_8cd4a8,,,,,
2026-09-12T13:21:07-05:00,PUR_IED_GustavoR_B11_5b0ed,PUR_IED_GustavoR_B11_5b0ed,,,,,
2026-09-12T13:21:07-05:00,PUR_IED_GustavoR_Ext_7a0c90,PUR_IED_GustavoR_Ext_7a0c90,,,,,
2026-09-12T13:21:07-05:00,PUR_IED_HernandoDuran_Ext_8cd82b,PUR_IED_HernandoDuran_Ext_8cd82b,,,,,
2026-09-12T13:21:07-05:00,PUR_IED_HernandoDuran_S24_2772c6,PUR_IED_HernandoDuran_S24_2772c6,,,,,
2026-09-12T13:21:07-05:00,PUR_IED_HernandoDuran_S30_f2de41,PUR_IED_HernandoDuran_S30_f2de41,,,,,
2026-09-12T13:21:07-05:00,PUR_IED_HolguInUr_S1101_8cd732,PUR_IED_HolguInUr_S1101_8cd732,,,,,
2026-09-12T13:21:07-05:00,PUR_IED_HolguinUr_Exter_ddae6d,PUR_IED_HolguinUr_Exter_ddae6d,,,,,
2026-09-12T13:21:07-05:00,PUR_IED_HolguinUr_LabQuim_92b952,PUR_IED_HolguinUr_LabQuim_92b952,,,,,
2026-09-12T13:21:07-05:00,PUR_IED_Isabel-II_Ext_5245cc,PUR_IED_Isabel-II_Ext_5245cc,2,21,50,4.6336,-74.153
2026-09-12T13:21:07-05:00,PUR_IED_Isabel-II_S_idiom_1c29aa,PUR_IED_Isabel-II_S_idiom_1c29aa,,,,,
2026-09-12T13:21:07-05:00,PUR_IED_Isabel-II_S_infor_fd741,PUR_IED_Isabel-II_S_infor_fd741,,,,,
2026-09-12T13:21:07-05:00,PUR_IED_IsidroSur_Exterio_5b90ea,PUR_IED_IsidroSur_Exterio_5b90ea,,,,,
2026-09-12T13:21:07-05:00,PUR_IED_IsidroSur_LabTec_56697a,PUR_IED_IsidroSur_LabTec_56697a,,,,,
2026-09-12T13:21:07-05:00,PUR_IED_IsidroSur_Robotic_b7c38f,PUR_IED_IsidroSur_Robotic_b7c38f,,,,,
2026-09-12T13:21:07-05:00,PUR_IED_IsmaelPerd_Ext_7b6672,PUR_IED_IsmaelPerd_Ext_7b6672,,,,,
2026-09-12T13:21:07-05:00,PUR_IED_IsmaelPerd_Inform_306540,PUR_IED_IsmaelPerd_Inform_306540,,,,,
2026-09-12T13:21:07-05:00,PUR_IED_IsmaelPerd_S30_2e2c83,PUR_IED_IsmaelPerd_S30_2e2c83,,,,,
2026-09-12T13:21:07-05:00,PUR_IED_JLozano_Exter_432910,PUR_IED_JLozano_Exter_432910,,,,,
2026-09-12T13:21:07-05:00,PUR_IED_JLozano_salaMulti_df5125,PUR_IED_JLozano_salaMulti_df5125,,,,,
2026-09-12T13:21:07-05:00,PUR_IED_JMCordoba_206_86f80b,PUR_IED_JMCordoba_206_86f80b,,,,,
2026-09-12T13:21:07-05:00,PUR_IED_JMCordoba_Ext_27ad97,PUR_IED_JMCordoba_Ext_27ad97,,,,,
2026-09-12T13:21:07-05:00,PUR_IED_JMCordoba_S310_d59ab4,PUR_IED_JMCordoba_S310_d59ab4,,,,,
2026-09-12T13:21:07-05:00,PUR_IED_Japon_Ext_549100,PUR_IED_Japon_Ext_549100,,,,,
2026-09-12T13:21:07-05:00,PUR_IED_Japon_Laboratorio_bec51d,PUR_IED_Japon_Laboratorio_bec51d,,,,,
2026-09-12T13:21:07-05:00,PUR_IED_Japon_informatica_d99327,PUR_IED_Japon_informatica_d99327,,,,,
2026-09-12T13:21:07-05:00,PUR_IED_Jazmin_Ext_d27bda,PUR_IED_Jazmin_Ext_d27bda,,,,,
2026-09-12T13:21:07-05:00,PUR_IED_Jazmin_Fisica_8d14d7,PUR_IED_Jazmin_Fisica_8d14d7,,,,,
2026-09-12T13:21:07-05:00,PUR_IED_Jazmin_Quimica_801cb5,PUR_IED_Jazmin_Quimica_801cb5,,,,,
2026-09-12T13:21:07-05:00,PUR_IED_JorgeGaitan_Exter_f098d1,PUR_IED_JorgeGaitan_Exter_f098d1,,,,,
2026-09-12T13:21:07-05:00,PUR_IED_JorgeGaitan_STec1_dc9d1d,PUR_IED_JorgeGaitan_STec1_dc9d1d,,,,,
2026-09-12T13:21:07-05:00,PUR_IED_JorgeGaitan_STec2_281e69,PUR_IED_JorgeGaitan_STec2_281e69,,,,,
2026-09-12T13:21:07-05:00,PUR_IED_JorgeSoto_Exterio_d9d0a2,PUR_IED_JorgeSoto_Exterio_d9d0a2,,,,,
2026-09-12T13:21:07-05:00,PUR_IED_JorgeSoto_LabFisi_209c54,PUR_IED_JorgeSoto_LabFisi_209c54,,,,,
2026-09-12T13:21:07-05:00,PUR_IED_JorgeSoto_S103_27b51a,PUR_IED_JorgeSoto_S103_27b51a,,,,,
2026-09-12T13:21:07-05:00,PUR_IED_JoseAcevedo_A02_e965eb,PUR_IED_JoseAcevedo_A02_e965eb,,,,,
2026-09-12T13:21:07-05:00,PUR_IED_JoseAcevedo_A07_dd5b4,PUR_IED_JoseAcevedo_A07_dd5b4,,,,,
2026-09-12T13:21:07-05:00,PUR_IED_JoseAcevedo_Ext_b47484,PUR_IED_JoseAcevedo_Ext_b47484,,,,,
2026-09-12T13:21:07-05:00,PUR_IED_JoseMarti_Exte_5b9bf,PUR_IED_JoseMarti_Exte_5b9bf,,,,,
2026-09-12T13:21:07-05:00,PUR_IED_JoseMarti_LabQuim_1c6c2d,PUR_IED_JoseMarti_LabQuim_1c6c2d,,,,,
2026-09-12T13:21:07-05:00,PUR_IED_JoseMarti_S_info_f5f177,PUR_IED_JoseMarti_S_info_f5f177,,,,,
2026-09-12T13:21:07-05:00,PUR_IED_Josejoaquin_Ext_dfc5dc,PUR_IED_Josejoaquin_Ext_dfc5dc,,,,,
2026-09-12T13:21:07-05:00,PUR_IED_Josejoaquin_S05_5b2a96,PUR_IED_Josejoaquin_S05_5b2a96,,,,,
2026-09-12T13:21:07-05:00,PUR_IED_Josejoaquin_S06_1ce7d2,PUR_IED_Josejoaquin_S06_1ce7d2,,,,,
2026-09-12T13:21:07-05:00,PUR_IED_JulioFlorez_Danza_9b82dd,PUR_IED_JulioFlorez_Danza_9b82dd,,,,,
2026-09-12T13:21:07-05:00,PUR_IED_JulioFlorez_Exter_f9f314,PUR_IED_JulioFlorez_Exter_f9f314,,,,,
2026-09-12T13:21:07-05:00,PUR_IED_JulioFlorez_info2_6b6e08,PUR_IED_JulioFlorez_info2_6b6e08,,,,,
2026-09-12T13:21:07-05:00,PUR_IED_LaBelleza_Aula13_1d00d8,PUR_IED_LaBelleza_Aula13_1d00d8,,,,,
2026-09-12T13:21:07-05:00,PUR_IED_LaBelleza_Ext_7bc08c,PUR_IED_LaBelleza_Ext_7bc08c,,,,,
2026-09-12T13:21:07-05:00,PUR_IED_LaChucua_Ext_8cd6d2,PUR_IED_LaChucua_Ext_8cd6d2,,,,,
2026-09-12T13:21:07-05:00,PUR_IED_LaChucua_S15_f578ce,PUR_IED_LaChucua_S15_f578ce,,,,,
2026-09-12T13:21:07-05:00,PUR_IED_LaChucua_S16_eebcf9,PUR_IED_LaChucua_S16_eebcf9,,,,,
2026-09-12T13:21:07-05:00,PUR_IED_LaFelicidad_Ext_fb5109,PUR_IED_LaFelicidad_Ext_fb5109,,,,,
2026-09-12T13:21:07-05:00,PUR_IED_LaMerced_206_66ebd,PUR_IED_LaMerced_206_66ebd,,,,,
2026-09-12T13:21:07-05:00,PUR_IED_LaMerced_207_6ebd6,PUR_IED_LaMerced_207_6ebd6,,,,,
2026-09-12T13:21:07-05:00,PUR_IED_LaMerced_ext_304311,PUR_IED_LaMerced_ext_304311,,,,,
2026-09-12T13:21:07-05:00,PUR_IED_Laureano_CiencNat_281e5e,PUR_IED_Laureano_CiencNat_281e5e,,,,,
2026-09-12T13:21:07-05:00,PUR_IED_Laureano_Comedor_f65c0a,PUR_IED_Laureano_Comedor_f65c0a,,,,,
2026-09-12T13:21:07-05:00,PUR_IED_Laureano_Exterior_7ab011,PUR_IED_Laureano_Exterior_7ab011,,,,,
2026-09-12T13:21:07-05:00,PUR_IED_LeonGreiff_Exte_dfe560,PUR_IED_LeonGreiff_Exte_dfe560,,,,,
2026-09-12T13:21:07-05:00,PUR_IED_LeonGreiff_S210_f264ed,PUR_IED_LeonGreiff_S210_f264ed,,,,,
2026-09-12T13:21:07-05:00,PUR_IED_LeonGreiff_SQuimi_e8296f,PUR_IED_LeonGreiff_SQuimi_e8296f,,,,,
2026-09-12T13:21:07-05:00,PUR_IED_LlanoOrientalS208_7b9fcd,PUR_IED_LlanoOrientalS208_7b9fcd,,,,,
2026-09-12T13:21:07-05:00,PUR_IED_LlanoOriental_Ext_fb3766,PUR_IED_LlanoOriental_Ext_fb3766,,,,,
2026-09-12T13:21:07-05:00,PUR_IED_LlanoOriental_S208_7b9fcd,PUR_IED_LlanoOriental_S208_7b9fcd,,,,,
2026-09-12T13:21:07-05:00,PUR_IED_LlanoOriental_S9_27b378,PUR_IED_LlanoOriental_S9_27b378,,,,,
2026-09-12T13:21:07-05:00,PUR_IED_LosTejares_1101_477602,PUR_IED_LosTejares_1101_477602,,,,,
2026-09-12T13:21:07-05:00,PUR_IED_LosTejares_11_d2c595,PUR_IED_LosTejares_11_d2c595,,,,,
2026-09-12T13:21:07-05:00,PUR_IED_LosTejares_12_477602,PUR_IED_LosTejares_12_477602,,,,,
2026-09-12T13:21:07-05:00,PUR_IED_LosTejares_Ext_8e2115,PUR_IED_LosTejares_Ext_8e2115,,,,,
2026-09-12T13:21:07-05:00,PUR_IED_MagdalenaO_B202_5ddda3,PUR_IED_MagdalenaO_B202_5ddda3,,,,,
2026-09-12T13:21:07-05:00,PUR_IED_MagdalenaO_B205_fb76e8,PUR_IED_MagdalenaO_B205_fb76e8,,,,,
2026-09-12T13:21:07-05:00,PUR_IED_MagdalenaO_ext_dc69cd,PUR_IED_MagdalenaO_ext_dc69cd,,,,,
2026-09-12T13:21:07-05:00,PUR_IED_ManueCepeda_artes_eee956,PUR_IED_ManueCepeda_artes_eee956,,,,,
2026-09-12T13:21:07-05:00,PUR_IED_ManuelCepeda_Ext_58313,PUR_IED_ManuelCepeda_Ext_58313,,,,,
2026-09-12T13:21:07-05:00,PUR_IED_ManuelCepeda_tec_1c5731,PUR_IED_ManuelCepeda_tec_1c5731,,,,,
2026-09-12T13:21:07-05:00,PUR_IED_ManuelS_Exterior_5b269,PUR_IED_ManuelS_Exterior_5b269,,,,,
2026-09-12T13:21:07-05:00,PUR_IED_ManuelS_Inform_f369ce,PUR_IED_ManuelS_Inform_f369ce,,,,,
2026-09-12T13:21:07-05:00,PUR_IED_ManuelS_SArtes_7d15f1,PUR_IED_ManuelS_SArtes_7d15f1,,,,,
2026-09-12T13:21:07-05:00,PUR_IED_ManuelZapata_303_3ca6,PUR_IED_ManuelZapata_303_3ca6,,,,,
2026-09-12T13:21:07-05:00,PUR_IED_ManuelZapata_311_bfbabc,PUR_IED_ManuelZapata_311_bfbabc,,,,,
2026-09-12T13:21:07-05:00,PUR_IED_ManuelZapata_Ext_50824a,PUR_IED_ManuelZapata_Ext_50824a,,,,,
2026-09-12T13:21:07-05:00,PUR_IED_ManuelitaS_Exteri_656a92,PUR_IED_ManuelitaS_Exteri_656a92,,,,,
2026-09-12T13:21:07-05:00,PUR_IED_ManuelitaS_JuzgDe_f58ec3,PUR_IED_ManuelitaS_JuzgDe_f58ec3,,,,,
2026-09-12T13:21:07-05:00,PUR_IED_ManuelitaS_Recrea_d793db,PUR_IED_ManuelitaS_Recrea_d793db,,,,,
2026-09-12T13:21:07-05:00,PUR_IED_MarFidSuarez_Ext_c27b19,PUR_IED_MarFidSuarez_Ext_c27b19,,,,,
2026-09-12T13:21:07-05:00,PUR_IED_MarFidSuarez_Info_e384d7,PUR_IED_MarFidSuarez_Info_e384d7,,,,,
2026-09-12T13:21:07-05:00,PUR_IED_MarFidSuarez_S306_1d0032,PUR_IED_MarFidSuarez_S306_1d0032,,,,,
2026-09-12T13:21:07-05:00,PUR_IED_Menorah_301_2a25a3,PUR_IED_Menorah_301_2a25a3,,,,,
2026-09-12T13:21:07-05:00,PUR_IED_Menorah_306_37ed3,PUR_IED_Menorah_306_37ed3,,,,,
2026-09-12T13:21:07-05:00,PUR_IED_Menorah_Ext_3e155b,PUR_IED_Menorah_Ext_3e155b,,,,,
2026-09-12T13:21:07-05:00,PUR_IED_MinutoB.Aires_A11_1b1604,PUR_IED_MinutoB.Aires_A11_1b1604,,,,,
2026-09-12T13:21:07-05:00,PUR_IED_MinutoB.Aires_A12_fb5860,PUR_IED_MinutoB.Aires_A12_fb5860,,,,,
2026-09-12T13:21:07-05:00,PUR_IED_MinutoB.Aires_Ext_81293f,PUR_IED_MinutoB.Aires_Ext_81293f,,,,,
2026-09-12T13:21:07-05:00,PUR_IED_MinutoBAires_A11_1b1604,PUR_IED_MinutoBAires_A11_1b1604,,,,,
2026-09-12T13:21:07-05:00,PUR_IED_MinutoBAires_A12_fb5860,PUR_IED_MinutoBAires_A12_fb5860,,,,,
2026-09-12T13:21:07-05:00,PUR_IED_MinutoBAires_Ext_81293f,PUR_IED_MinutoBAires_Ext_81293f,,,,,
2026-09-12T13:21:07-05:00,PUR_IED_Montreal_Aula10_1e4959,PUR_IED_Montreal_Aula10_1e4959,,,,,
2026-09-12T13:21:07-05:00,PUR_IED_Montreal_Aula6_300367,PUR_IED_Montreal_Aula6_300367,,,,,
2026-09-12T13:21:07-05:00,PUR_IED_Montreal_Exterior_91a179,PUR_IED_Montreal_Exterior_91a179,,,,,
2026-09-12T13:21:07-05:00,PUR_IED_Mqgdalena_B202_5ddda3,PUR_IED_Mqgdalena_B202_5ddda3,,,,,
2026-09-12T13:21:07-05:00,PUR_IED_NACUND_Soc_dc8728,PUR_IED_NACUND_Soc_dc8728,,,,,
2026-09-12T13:21:07-05:00,PUR_IED_NACUND_ext_27ad97,PUR_IED_NACUND_ext_27ad97,,,,,
2026-09-12T13:21:07-05:00,PUR_IED_NEsperanza_Ext_d24b61,PUR_IED_NEsperanza_Ext_d24b61,,,,,
2026-09-12T13:21:07-05:00,PUR_IED_NEsperanza_SElect_7d1807,PUR_IED_NEsperanza_SElect_7d1807,,,,,
2026-09-12T13:21:07-05:00,PUR_IED_NEsperanza_SLabor_8b2d0a,PUR_IED_NEsperanza_SLabor_8b2d0a,,,,,
2026-09-12T13:21:07-05:00,PUR_IED_NacionesU_Ext_f661a9,PUR_IED_NacionesU_Ext_f661a9,,,,,
2026-09-12T13:21:07-05:00,PUR_IED_NacionesU_Quimica_66f0a,PUR_IED_NacionesU_Quimica_66f0a,,,,,
2026-09-12T13:21:07-05:00,PUR_IED_NacionesU_S306_1b4b3d,PUR_IED_NacionesU_S306_1b4b3d,,,,,
2026-09-12T13:21:07-05:00,PUR_IED_NestorFA_Ext_e4201c,PUR_IED_NestorFA_Ext_e4201c,,,,,
2026-09-12T13:21:07-05:00,PUR_IED_NestorFA_Laborato_f22fe0,PUR_IED_NestorFA_Laborato_f22fe0,,,,,
2026-09-12T13:21:07-05:00,PUR_IED_NestorFA_S204_dee996,PUR_IED_NestorFA_S204_dee996,,,,,
2026-09-12T13:21:07-05:00,PUR_IED_NidyaQT_Aula03_76999b,PUR_IED_NidyaQT_Aula03_76999b,,,,,
2026-09-12T13:21:07-05:00,PUR_IED_NidyaQT_Aula10_56325,PUR_IED_NidyaQT_Aula10_56325,,,,,
2026-09-12T13:21:07-05:00,PUR_IED_NidyaQT_Ext_46e32d,PUR_IED_NidyaQT_Ext_46e32d,,,,,
2026-09-12T13:21:07-05:00,PUR_IED_NuevaCol_Exterior_d9b859,PUR_IED_NuevaCol_Exterior_d9b859,,,,,
2026-09-12T13:21:07-05:00,PUR_IED_NuevaCol_S1101_76c43b,PUR_IED_NuevaCol_S1101_76c43b,,,,,
2026-09-12T13:21:07-05:00,PUR_IED_NuevaCol_S1102_1ce0b5,PUR_IED_NuevaCol_S1102_1ce0b5,,,,,
2026-09-12T13:21:07-05:00,PUR_IED_OEA_A202_f7e3f2,PUR_IED_OEA_A202_f7e3f2,,,,,
2026-09-12T13:21:07-05:00,PUR_IED_OEA_A203_7d1b8d,PUR_IED_OEA_A203_7d1b8d,,,,,
2026-09-12T13:21:07-05:00,PUR_IED_OEA_Ext_27b593,PUR_IED_OEA_Ext_27b593,,,,,
2026-09-12T13:21:07-05:00,PUR_IED_Ochoa_Ext_1c29da,PUR_IED_Ochoa_Ext_1c29da,,,,,
2026-09-12T13:21:07-05:00,PUR_IED_Ochoa_S205_8b1121,PUR_IED_Ochoa_S205_8b1121,,,,,
2026-09-12T13:21:07-05:00,PUR_IED_Ochoa_Sistemas_f33af6,PUR_IED_Ochoa_Sistemas_f33af6,,,,,
2026-09-12T13:21:07-05:00,PUR_IED_PQuebec_Ext_1c67c7,PUR_IED_PQuebec_Ext_1c67c7,,,,,
2026-09-12T13:21:07-05:00,PUR_IED_PQuebec_S15_23e8e2,PUR_IED_PQuebec_S15_23e8e2,,,,,
2026-09-12T13:21:07-05:00,PUR_IED_PQuebec_S16_8ec76b,PUR_IED_PQuebec_S16_8ec76b,,,,,
2026-09-12T13:21:07-05:00,PUR_IED_PabloN_Ext_49dc96,PUR_IED_PabloN_Ext_49dc96,,,,,
2026-09-12T13:21:07-05:00,PUR_IED_PabloN_S1102_4e3df5,PUR_IED_PabloN_S1102_4e3df5,,,,,
2026-09-12T13:21:07-05:00,PUR_IED_PabloN_S1103_50c94b,PUR_IED_PabloN_S1103_50c94b,,,,,
2026-09-12T13:21:07-05:00,PUR_IED_Palestina_S1101_db9198,PUR_IED_Palestina_S1101_db9198,,,,,
2026-09-12T13:21:07-05:00,PUR_IED_Palestina_S1102_dc54fa,PUR_IED_Palestina_S1102_dc54fa,,,,,
2026-09-12T13:21:07-05:00,PUR_IED_Palestina_ext_4ccce6,PUR_IED_Palestina_ext_4ccce6,,,,,
2026-09-12T13:21:07-05:00,PUR_IED_Panama_Fisica_4d0794,PUR_IED_Panama_Fisica_4d0794,,,,,
2026-09-12T13:21:07-05:00,PUR_IED_Panama_SIngles_a4077e,PUR_IED_Panama_SIngles_a4077e,,,,,
2026-09-12T13:21:07-05:00,PUR_IED_Panama_ext_4c54b4,PUR_IED_Panama_ext_4c54b4,,,,,
2026-09-12T13:21:07-05:00,PUR_IED_ParaisoM_Exterior_8cd7f0,PUR_IED_ParaisoM_Exterior_8cd7f0,,,,,
2026-09-12T13:21:07-05:00,PUR_IED_ParaisoM_Laborato_27af35,PUR_IED_ParaisoM_Laborato_27af35,,,,,
2026-09-12T13:21:07-05:00,PUR_IED_ParaisoM_S304_d1edca,PUR_IED_ParaisoM_S304_d1edca,,,,,
2026-09-12T13:21:07-05:00,PUR_IED_PorfirioBarba_Ext_301466,PUR_IED_PorfirioBarba_Ext_301466,,,,,
2026-09-12T13:21:07-05:00,PUR_IED_PorfirioBarba_S11_df6cd2,PUR_IED_PorfirioBarba_S11_df6cd2,,,,,
2026-09-12T13:21:07-05:00,PUR_IED_PorfirioBarba_S29_27a7d6,PUR_IED_PorfirioBarba_S29_27a7d6,,,,,
2026-09-12T13:21:07-05:00,PUR_IED_PradoV_Exter_8b27ad,PUR_IED_PradoV_Exter_8b27ad,,,,,
2026-09-12T13:21:07-05:00,PUR_IED_PradoV_S301_de65b5,PUR_IED_PradoV_S301_de65b5,,,,,
2026-09-12T13:21:07-05:00,PUR_IED_PradoV_S302_7d2593,PUR_IED_PradoV_S302_7d2593,,,,,
2026-09-12T13:21:07-05:00,PUR_IED_QuirogaAlz_Ext_1ddc82,PUR_IED_QuirogaAlz_Ext_1ddc82,,,,,
2026-09-12T13:21:07-05:00,PUR_IED_QuirogaAlz_S302_9926a3,PUR_IED_QuirogaAlz_S302_9926a3,,,,,
2026-09-12T13:21:07-05:00,PUR_IED_QuirogaAlz_S305_cdf1f1,PUR_IED_QuirogaAlz_S305_cdf1f1,,,,,
2026-09-12T13:21:07-05:00,PUR_IED_RGuatemala_Biling_dc53b7,PUR_IED_RGuatemala_Biling_dc53b7,,,,,
2026-09-12T13:21:07-05:00,PUR_IED_RGuatemala_Ext_1b89a3,PUR_IED_RGuatemala_Ext_1b89a3,,,,,
2026-09-12T13:21:07-05:00,PUR_IED_RGuatemala_Tecnol_281a34,PUR_IED_RGuatemala_Tecnol_281a34,,,,,
2026-09-12T13:21:07-05:00,PUR_IED_RafaNu_Ext_f7c302,PUR_IED_RafaNu_Ext_f7c302,,,,,
2026-09-12T13:21:07-05:00,PUR_IED_RafaNu_S1101_25fde,PUR_IED_RafaNu_S1101_25fde,,,,,
2026-09-12T13:21:07-05:00,PUR_IED_RafaNu_S1102_281517,PUR_IED_RafaNu_S1102_281517,,,,,
2026-09-12T13:21:07-05:00,PUR_IED_RafaelB_S305_ee2783,PUR_IED_RafaelB_S305_ee2783,,,,,
2026-09-12T13:21:07-05:00,PUR_IED_RafaelB_S306_75fe33,PUR_IED_RafaelB_S306_75fe33,,,,,
2026-09-12T13:21:07-05:00,PUR_IED_RafaelB_ext_283336,PUR_IED_RafaelB_ext_283336,3,21,55,4.6722,-74.0737
2026-09-12T13:21:07-05:00,PUR_IED_RafaelUU_Exterior_281a51,PUR_IED_RafaelUU_Exterior_281a51,,,,,
2026-09-12T13:21:07-05:00,PUR_IED_RafaelUU_Human_806b2,PUR_IED_RafaelUU_Human_806b2,,,,,
2026-09-12T13:21:07-05:00,PUR_IED_RafaelUU_Mate2_5680d4,PUR_IED_RafaelUU_Mate2_5680d4,,,,,
2026-09-12T13:21:07-05:00,PUR_IED_RamonSub_Ext_f9eeb9,PUR_IED_RamonSub_Ext_f9eeb9,,,,,
2026-09-12T13:21:07-05:00,PUR_IED_RamonSub_Media_d1f62f,PUR_IED_RamonSub_Media_d1f62f,,,,,
2026-09-12T13:21:07-05:00,PUR_IED_RamonSub_planta_51b82,PUR_IED_RamonSub_planta_51b82,,,,,
2026-09-12T13:21:07-05:00,PUR_IED_RepBoliVene_Exter_27af7c,PUR_IED_RepBoliVene_Exter_27af7c,,,,,
2026-09-12T13:21:07-05:00,PUR_IED_RepBoliVene_SCPT_5ae2ee,PUR_IED_RepBoliVene_SCPT_5ae2ee,,,,,
2026-09-12T13:21:07-05:00,PUR_IED_RepBoliVene_Socia_4b11d5,PUR_IED_RepBoliVene_Socia_4b11d5,,,,,
2026-09-12T13:21:07-05:00,PUR_IED_RepChina_Ext_76d9ee,PUR_IED_RepChina_Ext_76d9ee,,,,,
2026-09-12T13:21:07-05:00,PUR_IED_RepChina_S404_7c804c,PUR_IED_RepChina_S404_7c804c,,,,,
2026-09-12T13:21:07-05:00,PUR_IED_RepChina_S405_df2c33,PUR_IED_RepChina_S405_df2c33,,,,,
2026-09-12T13:21:07-05:00,PUR_IED_RepublicaC_Exteri_7d1ec9,PUR_IED_RepublicaC_Exteri_7d1ec9,,,,,
2026-09-12T13:21:07-05:00,PUR_IED_RepublicaC_S1101_f544b3,PUR_IED_RepublicaC_S1101_f544b3,,,,,
2026-09-12T13:21:07-05:00,PUR_IED_RepublicaC_S1102_7aafc7,PUR_IED_RepublicaC_S1102_7aafc7,,,,,
2026-09-12T13:21:07-05:00,PUR_IED_Ricaurte_Externo_a0ea1,PUR_IED_Ricaurte_Externo_a0ea1,,,,,
2026-09-12T13:21:07-05:00,PUR_IED_Ricaurte_S210_f546fd,PUR_IED_Ricaurte_S210_f546fd,,,,,
2026-09-12T13:21:07-05:00,PUR_IED_Ricaurte_S309_d4452,PUR_IED_Ricaurte_S309_d4452,,,,,
2026-09-12T13:21:07-05:00,PUR_IED_RogelioS_1102_531e69,PUR_IED_RogelioS_1102_531e69,,,,,
2026-09-12T13:21:07-05:00,PUR_IED_RogelioS_Ext_f25a18,PUR_IED_RogelioS_Ext_f25a18,,,,,
2026-09-12T13:21:07-05:00,PUR_IED_SBernardino_Ext_27aff8,PUR_IED_SBernardino_Ext_27aff8,,,,,
2026-09-12T13:21:07-05:00,PUR_IED_SBernardino_SArte_2ffd33,PUR_IED_SBernardino_SArte_2ffd33,,,,,
2026-09-12T13:21:07-05:00,PUR_IED_SBernardino_SIngl_7c7da5,PUR_IED_SBernardino_SIngl_7c7da5,,,,,
2026-09-12T13:21:07-05:00,PUR_IED_Sago_auditorio_dc9d1d,PUR_IED_Sago_auditorio_dc9d1d,,,,,
2026-09-12T13:21:07-05:00,PUR_IED_Saludcoop_Ext_95aac3,PUR_IED_Saludcoop_Ext_95aac3,,,,,
2026-09-12T13:21:07-05:00,PUR_IED_Saludcoop_InfI_90c854,PUR_IED_Saludcoop_InfI_90c854,,,,,
2026-09-12T13:21:07-05:00,PUR_IED_Saludcoop_SMedia_1b93be,PUR_IED_Saludcoop_SMedia_1b93be,,,,,
2026-09-12T13:21:07-05:00,PUR_IED_SanCarlos_1101_1a2360,PUR_IED_SanCarlos_1101_1a2360,,,,,
2026-09-12T13:21:07-05:00,PUR_IED_SanCarlos_1103_7bafb5,PUR_IED_SanCarlos_1103_7bafb5,,,,,
2026-09-12T13:21:07-05:00,PUR_IED_SanCarlos_Ext_b7cd1,PUR_IED_SanCarlos_Ext_b7cd1,,,,,
2026-09-12T13:21:07-05:00,PUR_IED_SanIgnacioBosa11a_50c26e,PUR_IED_SanIgnacioBosa11a_50c26e,,,,,
2026-09-12T13:21:07-05:00,PUR_IED_SanIgnacioBosa11b_371de8,PUR_IED_SanIgnacioBosa11b_371de8,,,,,
2026-09-12T13:21:07-05:00,PUR_IED_SanIgnacioBosaExt_ef0ffc,PUR_IED_SanIgnacioBosaExt_ef0ffc,,,,,
2026-09-12T13:21:07-05:00,PUR_IED_SanIgnacioBosa_11a_50c26e,PUR_IED_SanIgnacioBosa_11a_50c26e,,,,,
2026-09-12T13:21:07-05:00,PUR_IED_SanIgnacioBosa_Ext_ef0ffc,PUR_IED_SanIgnacioBosa_Ext_ef0ffc,,,,,
2026-09-12T13:21:07-05:00,PUR_IED_SanJoseN_intS1101_31c47f,PUR_IED_SanJoseN_intS1101_31c47f,,,,,
2026-09-12T13:21:07-05:00,PUR_IED_SanJoseUsm_Exter_f5d7e8,PUR_IED_SanJoseUsm_Exter_f5d7e8,,,,,
2026-09-12T13:21:07-05:00,PUR_IED_SanJoseUsm_Int11A_cfdef6,PUR_IED_SanJoseUsm_Int11A_cfdef6,,,,,
2026-09-12T13:21:07-05:00,PUR_IED_SilveriaR_IntB5_905349,PUR_IED_SilveriaR_IntB5_905349,,,,,
2026-09-12T13:21:07-05:00,PUR_IED_SilveriaR_IntSD14_981f93,PUR_IED_SilveriaR_IntSD14_981f93,,,,,
2026-09-12T13:21:07-05:00,PUR_IED_SilveriaR_ext_2b651d,PUR_IED_SilveriaR_ext_2b651d,,,,,
2026-09-12T13:21:07-05:00,PUR_IED_SimonB_Exterior_913975,PUR_IED_SimonB_Exterior_913975,,,,,
2026-09-12T13:21:07-05:00,PUR_IED_SimonB_LabQuimi_c56908,PUR_IED_SimonB_LabQuimi_c56908,,,,,
2026-09-12T13:21:07-05:00,PUR_IED_SimonB_informatic_a28c1,PUR_IED_SimonB_informatic_a28c1,,,,,
2026-09-12T13:21:07-05:00,PUR_IED_Sorrento_1102_315f50,PUR_IED_Sorrento_1102_315f50,,,,,
2026-09-12T13:21:07-05:00,PUR_IED_Sorrento_Minte_214eab,PUR_IED_Sorrento_Minte_214eab,,,,,
2026-09-12T13:21:07-05:00,PUR_IED_Sorrento_ext_7c3a0a,PUR_IED_Sorrento_ext_7c3a0a,,,,,
2026-09-12T13:21:07-05:00,PUR_IED_Tabora_Ext_f048ae,PUR_IED_Tabora_Ext_f048ae,,,,,
2026-09-12T13:21:07-05:00,PUR_IED_Tabora_S1102_b07752,PUR_IED_Tabora_S1102_b07752,,,,,
2026-09-12T13:21:07-05:00,PUR_IED_Tabora_S1103_d988f5,PUR_IED_Tabora_S1103_d988f5,,,,,
2026-09-12T13:21:07-05:00,PUR_IED_Tenerife_Ext_1ab188,PUR_IED_Tenerife_Ext_1ab188,,,,,
2026-09-12T13:21:07-05:00,PUR_IED_Tenerife_SDanzas_7bc02e,PUR_IED_Tenerife_SDanzas_7bc02e,,,,,
2026-09-12T13:21:07-05:00,PUR_IED_Tenerife_SIngles_7cc277,PUR_IED_Tenerife_SIngles_7cc277,,,,,
2026-09-12T13:21:07-05:00,PUR_IED_Tibabuyes_Exter_f2683d,PUR_IED_Tibabuyes_Exter_f2683d,,,,,
2026-09-12T13:21:07-05:00,PUR_IED_Tibabuyes_S10_dc87a8,PUR_IED_Tibabuyes_S10_dc87a8,,,,,
2026-09-12T13:21:07-05:00,PUR_IED_Tibabuyes_S15_dc0526,PUR_IED_Tibabuyes_S15_dc0526,,,,,
2026-09-12T13:21:07-05:00,PUR_IED_UnionE_S301_a1043,PUR_IED_UnionE_S301_a1043,,,,,
2026-09-12T13:21:07-05:00,PUR_IED_UnionE_S307_ff6c2f,PUR_IED_UnionE_S307_ff6c2f,,,,,
2026-09-12T13:21:07-05:00,PUR_IED_UnionE__Ext_5e2468,PUR_IED_UnionE__Ext_5e2468,,,,,
2026-09-12T13:21:07-05:00,PUR_IED_VillaRica_Ext_75be7c,PUR_IED_VillaRica_Ext_75be7c,,,,,
2026-09-12T13:21:07-05:00,PUR_IED_VillaRica_S4_cc5dcd,PUR_IED_VillaRica_S4_cc5dcd,,,,,
2026-09-12T13:21:07-05:00,PUR_IED_VillaRica_Sesp_99f5c,PUR_IED_VillaRica_Sesp_99f5c,,,,,
2026-09-12T13:26:03-05:00,PUR_IED_20deJulio_1101_91b1b9,PUR_IED_20deJulio_1101_91b1b9,,,,,
2026-09-12T13:26:03-05:00,PUR_IED_20deJulio_1102_1cfcf9,PUR_IED_20deJulio_1102_1cfcf9,,,,,
2026-09-12T13:26:03-05:00,PUR_IED_20deJulio_Ext_ab60bd,PUR_IED_20deJulio_Ext_ab60bd,,,,,
2026-09-12T13:26:03-05:00,PUR_IED_AgustinFer_Ext_7b9b77,PUR_IED_AgustinFer_Ext_7b9b77,,,,,
2026-09-12T13:26:03-05:00,PUR_IED_AgustinFer_Info2_27b3a7,PUR_IED_AgustinFer_Info2_27b3a7,,,,,
2026-09-12T13:26:03-05:00,PUR_IED_AgustinFer_Sena_54b4eb,PUR_IED_AgustinFer_Sena_54b4eb,,,,,
2026-09-12T13:26:03-05:00,PUR_IED_AlexanderF_1102_caf07b,PUR_IED_AlexanderF_1102_caf07b,,,,,
2026-09-12T13:26:03-05:00,PUR_IED_AlexanderF_1103_c79e71,PUR_IED_AlexanderF_1103_c79e71,,,,,
2026-09-12T13:26:03-05:00,PUR_IED_AlexanderF_Ext_c5b18b,PUR_IED_AlexanderF_Ext_c5b18b,,,,,
2026-09-12T13:26:03-05:00,PUR_IED_AlfonsoLopez_Ext_281d77,PUR_IED_AlfonsoLopez_Ext_281d77,,,,,
2026-09-12T13:26:03-05:00,PUR_IED_AlfonsoLopez_LabF_888ce0,PUR_IED_AlfonsoLopez_LabF_888ce0,,,,,
2026-09-12T13:26:03-05:00,PUR_IED_AlfonsoLopez_SMed_df6a7f,PUR_IED_AlfonsoLopez_SMed_df6a7f,,,,,
2026-09-12T13:26:03-05:00,PUR_IED_AltamiraSO_A2_209f92,PUR_IED_AltamiraSO_A2_209f92,,,,,
2026-09-12T13:26:03-05:00,PUR_IED_AltamiraSO_Ext_186d66,PUR_IED_AltamiraSO_Ext_186d66,,,,,
2026-09-12T13:26:03-05:00,PUR_IED_AltamiraSO_Sistem_27afe1,PUR_IED_AltamiraSO_Sistem_27afe1,,,,,
2026-09-12T13:26:03-05:00,PUR_IED_AlvaroGom_LabQuim_813179,PUR_IED_AlvaroGom_LabQuim_813179,,,,,
2026-09-12T13:26:03-05:00,PUR_IED_AlvaroGomez_Ext_47c7ca,PUR_IED_AlvaroGomez_Ext_47c7ca,,,,,
2026-09-12T13:26:03-05:00,PUR_IED_AlvaroGomez_LabQuim_813179,PUR_IED_AlvaroGomez_LabQuim_813179,,,,,
2026-09-12T13:26:03-05:00,PUR_IED_AlvaroGomez_S23_7ba89f,PUR_IED_AlvaroGomez_S23_7ba89f,,,,,
2026-09-12T13:26:03-05:00,PUR_IED_Amistad_306_dc8728,PUR_IED_Amistad_306_dc8728,,,,,
2026-09-12T13:26:03-05:00,PUR_IED_Amistad_Ext_8cd55e,PUR_IED_Amistad_Ext_8cd55e,,,,,
2026-09-12T13:26:03-05:00,PUR_IED_Amistad_S202_a41169,PUR_IED_Amistad_S202_a41169,,,,,
2026-09-12T13:26:03-05:00,PUR_IED_AndresBello_Bio_fd5f5e,PUR_IED_AndresBello_Bio_fd5f5e,,,,,
2026-09-12T13:26:03-05:00,PUR_IED_AndresBello_ext_dcad65,PUR_IED_AndresBello_ext_dcad65,,,,,
2026-09-12T13:26:03-05:00,PUR_IED_AndresBello_port_eed3ec,PUR_IED_AndresBello_port_eed3ec,,,,,
2026-09-12T13:26:03-05:00,PUR_IED_AngelaR_11b_d90a6b,PUR_IED_AngelaR_11b_d90a6b,,,,,
2026-09-12T13:26:03-05:00,PUR_IED_AngelaR_ext_7cad3e,PUR_IED_AngelaR_ext_7cad3e,,,,,
2026-09-12T13:26:03-05:00,PUR_IED_AntJoseSucre_10mo_df2575,PUR_IED_AntJoseSucre_10mo_df2575,,,,,
2026-09-12T13:26:03-05:00,PUR_IED_AntJoseSucre_Ext_215b36,PUR_IED_AntJoseSucre_Ext_215b36,,,,,
2026-09-12T13:26:03-05:00,PUR_IED_AntJoseSucre_Lab_3139de,PUR_IED_AntJoseSucre_Lab_3139de,,,,,
2026-09-12T13:26:03-05:00,PUR_IED_AntonioGarcia_301_d6b188,PUR_IED_AntonioGarcia_301_d6b188,,,,,
2026-09-12T13:26:03-05:00,PUR_IED_AntonioGarcia_302_88a82,PUR_IED_AntonioGarcia_302_88a82,,,,,
2026-09-12T13:26:03-05:00,PUR_IED_AntonioGarcia_Ext_20950c,PUR_IED_AntonioGarcia_Ext_20950c,,,,,
2026-09-12T13:26:03-05:00,PUR_IED_AntonioVan_Aula2_6dea02,PUR_IED_AntonioVan_Aula2_6dea02,,,,,
2026-09-12T13:26:03-05:00,PUR_IED_AntonioVan_Aula5_f1557e,PUR_IED_AntonioVan_Aula5_f1557e,,,,,
2026-09-12T13:26:03-05:00,PUR_IED_AntonioVan_Ext_406f2f,PUR_IED_AntonioVan_Ext_406f2f,,,,,
2026-09-12T13:26:03-05:00,PUR_IED_Atabanzha_Ext_cc5af9,PUR_IED_Atabanzha_Ext_cc5af9,,,,,
2026-09-12T13:26:03-05:00,PUR_IED_Atabanzha_SA101_56c37,PUR_IED_Atabanzha_SA101_56c37,,,,,
2026-09-12T13:26:03-05:00,PUR_IED_Atabanzha_SB302_27b374,PUR_IED_Atabanzha_SB302_27b374,,,,,
2026-09-12T13:26:03-05:00,PUR_IED_Atahualpa_Ext_fc1748,PUR_IED_Atahualpa_Ext_fc1748,,,,,
2026-09-12T13:26:03-05:00,PUR_IED_Atahualpa_Informa_dc9a95,PUR_IED_Atahualpa_Informa_dc9a95,,,,,
2026-09-12T13:26:03-05:00,PUR_IED_Atahualpa_S1101_f98056,PUR_IED_Atahualpa_S1101_f98056,,,,,
2026-09-12T13:26:03-05:00,PUR_IED_Bellavista_Ext_f5aa74,PUR_IED_Bellavista_Ext_f5aa74,,,,,
2026-09-12T13:26:03-05:00,PUR_IED_Bilbao_11A_916c41,PUR_IED_Bilbao_11A_916c41,,,,,
2026-09-12T13:26:03-05:00,PUR_IED_Bilbao_Ext_fb579a,PUR_IED_Bilbao_Ext_fb579a,,,,,
2026-09-12T13:26:03-05:00,PUR_IED_BrasiliaU_A125_304280,PUR_IED_BrasiliaU_A125_304280,,,,,
2026-09-12T13:26:03-05:00,PUR_IED_BrasiliaU_A203_7c8ca5,PUR_IED_BrasiliaU_A203_7c8ca5,,,,,
2026-09-12T13:26:03-05:00,PUR_IED_BrasiliaU_Ext_8d6e9f,PUR_IED_BrasiliaU_Ext_8d6e9f,3,20,56,4.5175,-74.116302
2026-09-12T13:26:03-05:00,PUR_IED_Brasilia_Ext_fe6593,PUR_IED_Brasilia_Ext_fe6593,,,,,
2026-09-12T13:26:03-05:00,PUR_IED_Brasilia_S24_7c130d,PUR_IED_Brasilia_S24_7c130d,,,,,
2026-09-12T13:26:03-05:00,PUR_IED_Brasilia_S501_186a54,PUR_IED_Brasilia_S501_186a54,,,,,
2026-09-12T13:26:03-05:00,PUR_IED_CHARRY_EXT_f1d5cd,PUR_IED_CHARRY_EXT_f1d5cd,,,,,
2026-09-12T13:26:03-05:00,PUR_IED_CHARRY_INTDANZAS_7a08e6,PUR_IED_CHARRY_INTDANZAS_7a08e6,,,,,
2026-09-12T13:26:03-05:00,PUR_IED_CHARRY_INT_AULA20_dc998d,PUR_IED_CHARRY_INT_AULA20_dc998d,,,,,
2026-09-12T13:26:03-05:00,PUR_IED_COLVIV_1101_S25_7f520a,PUR_IED_COLVIV_1101_S25_7f520a,,,,,
2026-09-12T13:26:03-05:00,PUR_IED_COLVIV_1102_S16_f570ba,PUR_IED_COLVIV_1102_S16_f570ba,,,,,
2026-09-12T13:26:03-05:00,PUR_IED_COLVIV_Ext_1a26fa,PUR_IED_COLVIV_Ext_1a26fa,,,,,
2026-09-12T13:26:03-05:00,PUR_IED_CULPOP_301A_f660f3,PUR_IED_CULPOP_301A_f660f3,,,,,
2026-09-12T13:26:03-05:00,PUR_IED_CULPOP_303_568afe,PUR_IED_CULPOP_303_568afe,,,,,
2026-09-12T13:26:03-05:00,PUR_IED_CULPOP_Ext_e02ccb,PUR_IED_CULPOP_Ext_e02ccb,,,,,
2026-09-12T13:26:03-05:00,PUR_IED_CVillavicen_Ext_26eb58,PUR_IED_CVillavicen_Ext_26eb58,4,18,71,4.487,-74.102798
2026-09-12T13:26:03-05:00,PUR_IED_CVillavicen_Intel_1ce5c2,PUR_IED_CVillavicen_Intel_1ce5c2,,,,,
2026-09-12T13:26:03-05:00,PUR_IED_CVillavicen_Poliv_e0766c,PUR_IED_CVillavicen_Poliv_e0766c,,,,,
2026-09-12T13:26:03-05:00,PUR_IED_CVillavicen_int_1ba140,PUR_IED_CVillavicen_int_1ba140,,,,,
2026-09-12T13:26:03-05:00,PUR_IED_CVillavicen_intel_1ba140,PUR_IED_CVillavicen_intel_1ba140,,,,,
2026-09-12T13:26:03-05:00,PUR_IED_CarlosPizarro_Ext_e307cc,PUR_IED_CarlosPizarro_Ext_e307cc,,,,,
2026-09-12T13:26:03-05:00,PUR_IED_CarlosPizarro_L36_7e5cdb,PUR_IED_CarlosPizarro_L36_7e5cdb,,,,,
2026-09-12T13:26:03-05:00,PUR_IED_CarlosPizarro_L37_c8566c,PUR_IED_CarlosPizarro_L37_c8566c,,,,,
2026-09-12T13:26:03-05:00,PUR_IED_Castilla_Ext_cf35f,PUR_IED_Castilla_Ext_cf35f,,,,,
2026-09-12T13:26:03-05:00,PUR_IED_Castilla_SFisik_360e38,PUR_IED_Castilla_SFisik_360e38,,,,,
2026-09-12T13:26:03-05:00,PUR_IED_Castilla_Sc304_496fbf,PUR_IED_Castilla_Sc304_496fbf,,,,,
2026-09-12T13:26:03-05:00,PUR_IED_CervantesSa_Ext_6b57b,PUR_IED_CervantesSa_Ext_6b57b,2,20,61,4.5128,-74.117203
2026-09-12T13:26:03-05:00,PUR_IED_CervantesSa_S107_225c2b,PUR_IED_CervantesSa_S107_225c2b,,,,,
2026-09-12T13:26:03-05:00,PUR_IED_CervantesSa_S108_940925,PUR_IED_CervantesSa_S108_940925,,,,,
2026-09-12T13:26:03-05:00,PUR_IED_Charry_A20_f53e7c,PUR_IED_Charry_A20_f53e7c,,,,,
2026-09-12T13:26:03-05:00,PUR_IED_Charry_Ext_f1d5cd,PUR_IED_Charry_Ext_f1d5cd,,,,,
2026-09-12T13:26:03-05:00,PUR_IED_Charry_IntAula20_dc998d,PUR_IED_Charry_IntAula20_dc998d,,,,,
2026-09-12T13:26:03-05:00,PUR_IED_Charry_IntDanzas_7a08e6,PUR_IED_Charry_IntDanzas_7a08e6,,,,,
2026-09-12T13:26:03-05:00,PUR_IED_ClememciaC_203_43e2fc,PUR_IED_ClememciaC_203_43e2fc,,,,,
2026-09-12T13:26:03-05:00,PUR_IED_ClememciaC_Ext_1b411a,PUR_IED_ClememciaC_Ext_1b411a,,,,,
2026-09-12T13:26:03-05:00,PUR_IED_ClememciaC_Quimic_44b5fc,PUR_IED_ClememciaC_Quimic_44b5fc,,,,,
2026-09-12T13:26:03-05:00,PUR_IED_ClemenciaC_203_43e2fc,PUR_IED_ClemenciaC_203_43e2fc,,,,,
2026-09-12T13:26:03-05:00,PUR_IED_ClemenciaC_Ext_1b411a,PUR_IED_ClemenciaC_Ext_1b411a,,,,,
2026-09-12T13:26:03-05:00,PUR_IED_ClemenciaC_Quimic_44b5fc,PUR_IED_ClemenciaC_Quimic_44b5fc,,,,,
2026-09-12T13:26:03-05:00,PUR_IED_ColViva_1101_S25_7f520a,PUR_IED_ColViva_1101_S25_7f520a,,,,,
2026-09-12T13:26:03-05:00,PUR_IED_ColViva_1102_S16_f570ba,PUR_IED_ColViva_1102_S16_f570ba,,,,,
2026-09-12T13:26:03-05:00,PUR_IED_ColViva_Ext_1a26fa,PUR_IED_ColViva_Ext_1a26fa,,,,,
2026-09-12T13:26:03-05:00,PUR_IED_ColegioBici_Asist_7c8798,PUR_IED_ColegioBici_Asist_7c8798,,,,,
2026-09-12T13:26:03-05:00,PUR_IED_ColegioBici_Ext_25cbf6,PUR_IED_ColegioBici_Ext_25cbf6,,,,,
2026-09-12T13:26:03-05:00,PUR_IED_ColegioBici_LabQ_7b57db,PUR_IED_ColegioBici_LabQ_7b57db,,,,,
2026-09-12T13:26:03-05:00,PUR_IED_CostaRica_Ext_5e640,PUR_IED_CostaRica_Ext_5e640,,,,,
2026-09-12T13:26:03-05:00,PUR_IED_CostaRica_Quim1_766d1c,PUR_IED_CostaRica_Quim1_766d1c,,,,,
2026-09-12T13:26:03-05:00,PUR_IED_CostaRica__Fisica_6f0873,PUR_IED_CostaRica__Fisica_6f0873,,,,,
2026-09-12T13:26:03-05:00,PUR_IED_CulPopu_301A_f660f3,PUR_IED_CulPopu_301A_f660f3,,,,,
2026-09-12T13:26:03-05:00,PUR_IED_CulPopu_303_568afe,PUR_IED_CulPopu_303_568afe,,,,,
2026-09-12T13:26:03-05:00,PUR_IED_CulPopu_Ext_e02ccb,PUR_IED_CulPopu_Ext_e02ccb,,,,,
2026-09-12T13:26:03-05:00,PUR_IED_Cundinamarca_Ext_f15985,PUR_IED_Cundinamarca_Ext_f15985,,,,,
2026-09-12T13:26:03-05:00,PUR_IED_Cundinamarca_Info_7aa5d7,PUR_IED_Cundinamarca_Info_7aa5d7,,,,,
2026-09-12T13:26:03-05:00,PUR_IED_Cundinamarca_Tec2_f449c7,PUR_IED_Cundinamarca_Tec2_f449c7,,,,,
2026-09-12T13:26:03-05:00,PUR_IED_DiegoM_Aula1_27b314,PUR_IED_DiegoM_Aula1_27b314,,,,,
2026-09-12T13:26:03-05:00,PUR_IED_DiegoM_Ext_d80ac8,PUR_IED_DiegoM_Ext_d80ac8,,,,,
2026-09-12T13:26:03-05:00,PUR_IED_DiegoM_S25_da928f,PUR_IED_DiegoM_S25_da928f,,,,,
2026-09-12T13:26:03-05:00,PUR_IED_ELRODEO_360881,PUR_IED_ELRODEO_360881,,,,,
2026-09-12T13:26:03-05:00,PUR_IED_ELRODEO_ext_360881,PUR_IED_ELRODEO_ext_360881,,,,,
2026-09-12T13:26:03-05:00,PUR_IED_EduardoU_Ext_1c1969,PUR_IED_EduardoU_Ext_1c1969,,,,,
2026-09-12T13:26:03-05:00,PUR_IED_EduardoU_SCiencia_4dfb94,PUR_IED_EduardoU_SCiencia_4dfb94,,,,,
2026-09-12T13:26:03-05:00,PUR_IED_EduardoU_SQuimica_5a46e7,PUR_IED_EduardoU_SQuimica_5a46e7,,,,,
2026-09-12T13:26:03-05:00,PUR_IED_ElRodeo_Aula14_676984,PUR_IED_ElRodeo_Aula14_676984,,,,,
2026-09-12T13:26:03-05:00,PUR_IED_ElRodeo_Aula16_2dd35b,PUR_IED_ElRodeo_Aula16_2dd35b,,,,,
2026-09-12T13:26:03-05:00,PUR_IED_ElRodeo_Ext_360881,PUR_IED_ElRodeo_Ext_360881,,,,,
2026-09-12T13:26:03-05:00,PUR_IED_ElRodeo_Exterior_8c6d28,PUR_IED_ElRodeo_Exterior_8c6d28,,,,,
2026-09-12T13:26:03-05:00,PUR_IED_ElRodeo_ext_360881,PUR_IED_ElRodeo_ext_360881,,,,,
2026-09-12T13:26:03-05:00,PUR_IED_EmmaReyes_Ext_987625,PUR_IED_EmmaReyes_Ext_987625,3,22,47,4.6367,-74.1511
2026-09-12T13:26:03-05:00,PUR_IED_Ensueño_Ext_7f0250,PUR_IED_Ensueño_Ext_7f0250,,,,,
2026-09-12T13:26:03-05:00,PUR_IED_EscNormal_Ext_5fef3b,PUR_IED_EscNormal_Ext_5fef3b,2,22,51,4.5852,-74.096901
2026-09-12T13:26:03-05:00,PUR_IED_EscNormal_S309_5b263,PUR_IED_EscNormal_S309_5b263,,,,,
2026-09-12T13:26:03-05:00,PUR_IED_EscNormal_S310_27b3b8,PUR_IED_EscNormal_S310_27b3b8,,,,,
2026-09-12T13:26:03-05:00,PUR_IED_Evangelista_Conta_f6cd4f,PUR_IED_Evangelista_Conta_f6cd4f,,,,,
2026-09-12T13:26:03-05:00,PUR_IED_Evangelista_Cri_5e16a,PUR_IED_Evangelista_Cri_5e16a,,,,,
2026-09-12T13:26:03-05:00,PUR_IED_Evangelista_Exter_754066,PUR_IED_Evangelista_Exter_754066,,,,,
2026-09-12T13:26:03-05:00,PUR_IED_FMiranda_S209_5cc2a3,PUR_IED_FMiranda_S209_5cc2a3,,,,,
2026-09-12T13:26:03-05:00,PUR_IED_FMiranda_S303_19e344,PUR_IED_FMiranda_S303_19e344,,,,,
2026-09-12T13:26:03-05:00,PUR_IED_FMiranda_ext_f53e7c,PUR_IED_FMiranda_ext_f53e7c,,,,,
2026-09-12T13:26:03-05:00,PUR_IED_FabioLozano_Bibli_1cee05,PUR_IED_FabioLozano_Bibli_1cee05,,,,,
2026-09-12T13:26:03-05:00,PUR_IED_FabioLozano_Ext_6ea285,PUR_IED_FabioLozano_Ext_6ea285,,,,,
2026-09-12T13:26:03-05:00,PUR_IED_FabioLozano_SLudi_f09e1e,PUR_IED_FabioLozano_SLudi_f09e1e,,,,,
2026-09-12T13:26:03-05:00,PUR_IED_FaustinoS_Aula07_27a731,PUR_IED_FaustinoS_Aula07_27a731,,,,,
2026-09-12T13:26:03-05:00,PUR_IED_FaustinoS_Ext_7b936f,PUR_IED_FaustinoS_Ext_7b936f,,,,,
2026-09-12T13:26:03-05:00,PUR_IED_FaustinoS_Fisica_da2c60,PUR_IED_FaustinoS_Fisica_da2c60,,,,,
2026-09-12T13:26:03-05:00,PUR_IED_FeGarciaLo_Ext_dc68ee,PUR_IED_FeGarciaLo_Ext_dc68ee,,,,,
2026-09-12T13:26:03-05:00,PUR_IED_FeGarciaLo_SDanza_f70a59,PUR_IED_FeGarciaLo_SDanza_f70a59,,,,,
2026-09-12T13:26:03-05:00,PUR_IED_FeGarciaLo_SMusic_125cdd,PUR_IED_FeGarciaLo_SMusic_125cdd,,,,,
2026-09-12T13:26:03-05:00,PUR_IED_FederalAlema_Exte_50c345,PUR_IED_FederalAlema_Exte_50c345,,,,,
2026-09-12T13:26:03-05:00,PUR_IED_FederalAlema_S31_f18371,PUR_IED_FederalAlema_S31_f18371,,,,,
2026-09-12T13:26:03-05:00,PUR_IED_FederalAlema_S901_a62cd,PUR_IED_FederalAlema_S901_a62cd,,,,,
2026-09-12T13:26:03-05:00,PUR_IED_FilarmonicaS_A5_f35eb1,PUR_IED_FilarmonicaS_A5_f35eb1,,,,,
2026-09-12T13:26:03-05:00,PUR_IED_FilarmonicaS_Ext_8a3bde,PUR_IED_FilarmonicaS_Ext_8a3bde,,,,,
2026-09-12T13:26:03-05:00,PUR_IED_FilarmonicaS_Spol_406114,PUR_IED_FilarmonicaS_Spol_406114,,,,,
2026-09-12T13:26:03-05:00,PUR_IED_FlorentinoG_A13_d1fa59,PUR_IED_FlorentinoG_A13_d1fa59,,,,,
2026-09-12T13:26:03-05:00,PUR_IED_FlorentinoG_Ext_1ce6ce,PUR_IED_FlorentinoG_Ext_1ce6ce,,,,,
2026-09-12T13:26:03-05:00,PUR_IED_FlorentinoG_Idiom_a66aac,PUR_IED_FlorentinoG_Idiom_a66aac,,,,,
2026-09-12T13:26:03-05:00,PUR_IED_FranciscoMati_Ext_e3869d,PUR_IED_FranciscoMati_Ext_e3869d,,,,,
2026-09-12T13:26:03-05:00,PUR_IED_FranciscoMati_S13_f31c67,PUR_IED_FranciscoMati_S13_f31c67,,,,,
2026-09-12T13:26:03-05:00,PUR_IED_FranciscoMati_S14_97dead,PUR_IED_FranciscoMati_S14_97dead,,,,,
2026-09-12T13:26:03-05:00,PUR_IED_FranciscoPS_Ext_7bfa9a,PUR_IED_FranciscoPS_Ext_7bfa9a,2,23,50,4.5899,-74.110397
2026-09-12T13:26:03-05:00,PUR_IED_FranciscoPS_Infor_fb8f4c,PUR_IED_FranciscoPS_Infor_fb8f4c,,,,,
2026-09-12T13:26:03-05:00,PUR_IED_FranciscoPS_Quimi_94d39c,PUR_IED_FranciscoPS_Quimi_94d39c,,,,,
2026-09-12T13:26:03-05:00,PUR_IED_FranciscoP_LabQ_d7e148,PUR_IED_FranciscoP_LabQ_d7e148,,,,,
2026-09-12T13:26:03-05:00,PUR_IED_FranciscoP_S28_cf9b30,PUR_IED_FranciscoP_S28_cf9b30,,,,,
2026-09-12T13:26:03-05:00,PUR_IED_FranciscoP_ext_e2313,PUR_IED_FranciscoP_ext_e2313,,,,,
2026-09-12T13:26:03-05:00,PUR_IED_FriederichN_Ext_8ac92a,PUR_IED_FriederichN_Ext_8ac92a,,,,,
2026-09-12T13:26:03-05:00,PUR_IED_FriederichN_S301_dd7e5a,PUR_IED_FriederichN_S301_dd7e5a,,,,,
2026-09-12T13:26:03-05:00,PUR_IED_FriederichN_S308_761f4f,PUR_IED_FriederichN_S308_761f4f,,,,,
2026-09-12T13:26:03-05:00,PUR_IED_GSantander_Aula10_533dd7,PUR_IED_GSantander_Aula10_533dd7,,,,,
2026-09-12T13:26:03-05:00,PUR_IED_GSantander_Aula12_fd4e4f,PUR_IED_GSantander_Aula12_fd4e4f,,,,,
2026-09-12T13:26:03-05:00,PUR_IED_GSantander_Aula310_533dd7,PUR_IED_GSantander_Aula310_533dd7,,,,,
2026-09-12T13:26:03-05:00,PUR_IED_GSantander_Aula312_fd4e4f,PUR_IED_GSantander_Aula312_fd4e4f,,,,,
2026-09-12T13:26:03-05:00,PUR_IED_GSantander_Ext_5f66b0,PUR_IED_GSantander_Ext_5f66b0,,,,,
2026-09-12T13:26:03-05:00,PUR_IED_GYomasa_Ext_f6bea5,PUR_IED_GYomasa_Ext_f6bea5,,,,,
2026-09-12T13:26:03-05:00,PUR_IED_GYomasa_LBiol_2c41aa,PUR_IED_GYomasa_LBiol_2c41aa,,,,,
2026-09-12T13:26:03-05:00,PUR_IED_GYomasa_LQuim_33c80,PUR_IED_GYomasa_LQuim_33c80,,,,,
2026-09-12T13:26:03-05:00,PUR_IED_GabBetMejia_Cienc_5a99c,PUR_IED_GabBetMejia_Cienc_5a99c,,,,,
2026-09-12T13:26:03-05:00,PUR_IED_GabBetMejia_Ext_9153d0,PUR_IED_GabBetMejia_Ext_9153d0,,,,,
2026-09-12T13:26:03-05:00,PUR_IED_GabBetMejia_Lab_f55347,PUR_IED_GabBetMejia_Lab_f55347,,,,,
2026-09-12T13:26:03-05:00,PUR_IED_GabBetanMejia_Ext_9153d0,PUR_IED_GabBetanMejia_Ext_9153d0,,,,,
2026-09-12T13:26:03-05:00,PUR_IED_Gaitana_Aula13_7aac11,PUR_IED_Gaitana_Aula13_7aac11,,,,,
2026-09-12T13:26:03-05:00,PUR_IED_Gaitana_Ext_5fcf4,PUR_IED_Gaitana_Ext_5fcf4,,,,,
2026-09-12T13:26:03-05:00,PUR_IED_Gaitana_LabFisica_644448,PUR_IED_Gaitana_LabFisica_644448,,,,,
2026-09-12T13:26:03-05:00,PUR_IED_GenSantander_Dise_8ac858,PUR_IED_GenSantander_Dise_8ac858,,,,,
2026-09-12T13:26:03-05:00,PUR_IED_GenSantander_Ext_8d5dfe,PUR_IED_GenSantander_Ext_8d5dfe,,,,,
2026-09-12T13:26:03-05:00,PUR_IED_GenSantander_Info_6c25b,PUR_IED_GenSantander_Info_6c25b,,,,,
2026-09-12T13:26:03-05:00,PUR_IED_GustavoMo_Exterio_75e63d,PUR_IED_GustavoMo_Exterio_75e63d,,,,,
2026-09-12T13:26:03-05:00,PUR_IED_GustavoMo_LabFisi_224d37,PUR_IED_GustavoMo_LabFisi_224d37,,,,,
2026-09-12T13:26:03-05:00,PUR_IED_GustavoMo_S208_3e6918,PUR_IED_GustavoMo_S208_3e6918,,,,,
2026-09-12T13:26:03-05:00,PUR_IED_GustavoR_A02_8cd4a8,PUR_IED_GustavoR_A02_8cd4a8,,,,,
2026-09-12T13:26:03-05:00,PUR_IED_GustavoR_B11_5b0ed,PUR_IED_GustavoR_B11_5b0ed,,,,,
2026-09-12T13:26:03-05:00,PUR_IED_GustavoR_Ext_7a0c90,PUR_IED_GustavoR_Ext_7a0c90,,,,,
2026-09-12T13:26:03-05:00,PUR_IED_HernandoDuran_Ext_8cd82b,PUR_IED_HernandoDuran_Ext_8cd82b,,,,,
2026-09-12T13:26:03-05:00,PUR_IED_HernandoDuran_S24_2772c6,PUR_IED_HernandoDuran_S24_2772c6,,,,,
2026-09-12T13:26:03-05:00,PUR_IED_HernandoDuran_S30_f2de41,PUR_IED_HernandoDuran_S30_f2de41,,,,,
2026-09-12T13:26:03-05:00,PUR_IED_HolguInUr_S1101_8cd732,PUR_IED_HolguInUr_S1101_8cd732,,,,,
2026-09-12T13:26:03-05:00,PUR_IED_HolguinUr_Exter_ddae6d,PUR_IED_HolguinUr_Exter_ddae6d,,,,,
2026-09-12T13:26:03-05:00,PUR_IED_HolguinUr_LabQuim_92b952,PUR_IED_HolguinUr_LabQuim_92b952,,,,,
2026-09-12T13:26:03-05:00,PUR_IED_Isabel-II_Ext_5245cc,PUR_IED_Isabel-II_Ext_5245cc,2,21,51,4.6336,-74.153
2026-09-12T13:26:03-05:00,PUR_IED_Isabel-II_S_idiom_1c29aa,PUR_IED_Isabel-II_S_idiom_1c29aa,,,,,
2026-09-12T13:26:03-05:00,PUR_IED_Isabel-II_S_infor_fd741,PUR_IED_Isabel-II_S_infor_fd741,,,,,
2026-09-12T13:26:03-05:00,PUR_IED_IsidroSur_Exterio_5b90ea,PUR_IED_IsidroSur_Exterio_5b90ea,,,,,
2026-09-12T13:26:03-05:00,PUR_IED_IsidroSur_LabTec_56697a,PUR_IED_IsidroSur_LabTec_56697a,,,,,
2026-09-12T13:26:03-05:00,PUR_IED_IsidroSur_Robotic_b7c38f,PUR_IED_IsidroSur_Robotic_b7c38f,,,,,
2026-09-12T13:26:03-05:00,PUR_IED_IsmaelPerd_Ext_7b6672,PUR_IED_IsmaelPerd_Ext_7b6672,,,,,
2026-09-12T13:26:03-05:00,PUR_IED_IsmaelPerd_Inform_306540,PUR_IED_IsmaelPerd_Inform_306540,,,,,
2026-09-12T13:26:03-05:00,PUR_IED_IsmaelPerd_S30_2e2c83,PUR_IED_IsmaelPerd_S30_2e2c83,,,,,
2026-09-12T13:26:03-05:00,PUR_IED_JLozano_Exter_432910,PUR_IED_JLozano_Exter_432910,,,,,
2026-09-12T13:26:03-05:00,PUR_IED_JLozano_salaMulti_df5125,PUR_IED_JLozano_salaMulti_df5125,,,,,
2026-09-12T13:26:03-05:00,PUR_IED_JMCordoba_206_86f80b,PUR_IED_JMCordoba_206_86f80b,,,,,
2026-09-12T13:26:03-05:00,PUR_IED_JMCordoba_Ext_27ad97,PUR_IED_JMCordoba_Ext_27ad97,,,,,
2026-09-12T13:26:03-05:00,PUR_IED_JMCordoba_S310_d59ab4,PUR_IED_JMCordoba_S310_d59ab4,,,,,
2026-09-12T13:26:03-05:00,PUR_IED_Japon_Ext_549100,PUR_IED_Japon_Ext_549100,,,,,
2026-09-12T13:26:03-05:00,PUR_IED_Japon_Laboratorio_bec51d,PUR_IED_Japon_Laboratorio_bec51d,,,,,
2026-09-12T13:26:03-05:00,PUR_IED_Japon_informatica_d99327,PUR_IED_Japon_informatica_d99327,,,,,
2026-09-12T13:26:03-05:00,PUR_IED_Jazmin_Ext_d27bda,PUR_IED_Jazmin_Ext_d27bda,,,,,
2026-09-12T13:26:03-05:00,PUR_IED_Jazmin_Fisica_8d14d7,PUR_IED_Jazmin_Fisica_8d14d7,,,,,
2026-09-12T13:26:03-05:00,PUR_IED_Jazmin_Quimica_801cb5,PUR_IED_Jazmin_Quimica_801cb5,,,,,
2026-09-12T13:26:03-05:00,PUR_IED_JorgeGaitan_Exter_f098d1,PUR_IED_JorgeGaitan_Exter_f098d1,,,,,
2026-09-12T13:26:03-05:00,PUR_IED_JorgeGaitan_STec1_dc9d1d,PUR_IED_JorgeGaitan_STec1_dc9d1d,,,,,
2026-09-12T13:26:03-05:00,PUR_IED_JorgeGaitan_STec2_281e69,PUR_IED_JorgeGaitan_STec2_281e69,,,,,
2026-09-12T13:26:03-05:00,PUR_IED_JorgeSoto_Exterio_d9d0a2,PUR_IED_JorgeSoto_Exterio_d9d0a2,,,,,
2026-09-12T13:26:03-05:00,PUR_IED_JorgeSoto_LabFisi_209c54,PUR_IED_JorgeSoto_LabFisi_209c54,,,,,
2026-09-12T13:26:03-05:00,PUR_IED_JorgeSoto_S103_27b51a,PUR_IED_JorgeSoto_S103_27b51a,,,,,
2026-09-12T13:26:03-05:00,PUR_IED_JoseAcevedo_A02_e965eb,PUR_IED_JoseAcevedo_A02_e965eb,,,,,
2026-09-12T13:26:03-05:00,PUR_IED_JoseAcevedo_A07_dd5b4,PUR_IED_JoseAcevedo_A07_dd5b4,,,,,
2026-09-12T13:26:03-05:00,PUR_IED_JoseAcevedo_Ext_b47484,PUR_IED_JoseAcevedo_Ext_b47484,,,,,
2026-09-12T13:26:03-05:00,PUR_IED_JoseMarti_Exte_5b9bf,PUR_IED_JoseMarti_Exte_5b9bf,,,,,
2026-09-12T13:26:03-05:00,PUR_IED_JoseMarti_LabQuim_1c6c2d,PUR_IED_JoseMarti_LabQuim_1c6c2d,,,,,
2026-09-12T13:26:03-05:00,PUR_IED_JoseMarti_S_info_f5f177,PUR_IED_JoseMarti_S_info_f5f177,,,,,
2026-09-12T13:26:03-05:00,PUR_IED_Josejoaquin_Ext_dfc5dc,PUR_IED_Josejoaquin_Ext_dfc5dc,,,,,
2026-09-12T13:26:03-05:00,PUR_IED_Josejoaquin_S05_5b2a96,PUR_IED_Josejoaquin_S05_5b2a96,,,,,
2026-09-12T13:26:03-05:00,PUR_IED_Josejoaquin_S06_1ce7d2,PUR_IED_Josejoaquin_S06_1ce7d2,,,,,
2026-09-12T13:26:03-05:00,PUR_IED_JulioFlorez_Danza_9b82dd,PUR_IED_JulioFlorez_Danza_9b82dd,,,,,
2026-09-12T13:26:03-05:00,PUR_IED_JulioFlorez_Exter_f9f314,PUR_IED_JulioFlorez_Exter_f9f314,,,,,
2026-09-12T13:26:03-05:00,PUR_IED_JulioFlorez_info2_6b6e08,PUR_IED_JulioFlorez_info2_6b6e08,,,,,
2026-09-12T13:26:03-05:00,PUR_IED_LaBelleza_Aula13_1d00d8,PUR_IED_LaBelleza_Aula13_1d00d8,,,,,
2026-09-12T13:26:03-05:00,PUR_IED_LaBelleza_Ext_7bc08c,PUR_IED_LaBelleza_Ext_7bc08c,,,,,
2026-09-12T13:26:03-05:00,PUR_IED_LaChucua_Ext_8cd6d2,PUR_IED_LaChucua_Ext_8cd6d2,,,,,
2026-09-12T13:26:03-05:00,PUR_IED_LaChucua_S15_f578ce,PUR_IED_LaChucua_S15_f578ce,,,,,
2026-09-12T13:26:03-05:00,PUR_IED_LaChucua_S16_eebcf9,PUR_IED_LaChucua_S16_eebcf9,,,,,
2026-09-12T13:26:03-05:00,PUR_IED_LaFelicidad_Ext_fb5109,PUR_IED_LaFelicidad_Ext_fb5109,,,,,
2026-09-12T13:26:03-05:00,PUR_IED_LaMerced_206_66ebd,PUR_IED_LaMerced_206_66ebd,,,,,
2026-09-12T13:26:03-05:00,PUR_IED_LaMerced_207_6ebd6,PUR_IED_LaMerced_207_6ebd6,,,,,
2026-09-12T13:26:03-05:00,PUR_IED_LaMerced_ext_304311,PUR_IED_LaMerced_ext_304311,,,,,
2026-09-12T13:26:03-05:00,PUR_IED_Laureano_CiencNat_281e5e,PUR_IED_Laureano_CiencNat_281e5e,,,,,
2026-09-12T13:26:03-05:00,PUR_IED_Laureano_Comedor_f65c0a,PUR_IED_Laureano_Comedor_f65c0a,,,,,
2026-09-12T13:26:03-05:00,PUR_IED_Laureano_Exterior_7ab011,PUR_IED_Laureano_Exterior_7ab011,,,,,
2026-09-12T13:26:03-05:00,PUR_IED_LeonGreiff_Exte_dfe560,PUR_IED_LeonGreiff_Exte_dfe560,,,,,
2026-09-12T13:26:03-05:00,PUR_IED_LeonGreiff_S210_f264ed,PUR_IED_LeonGreiff_S210_f264ed,,,,,
2026-09-12T13:26:03-05:00,PUR_IED_LeonGreiff_SQuimi_e8296f,PUR_IED_LeonGreiff_SQuimi_e8296f,,,,,
2026-09-12T13:26:03-05:00,PUR_IED_LlanoOrientalS208_7b9fcd,PUR_IED_LlanoOrientalS208_7b9fcd,,,,,
2026-09-12T13:26:03-05:00,PUR_IED_LlanoOriental_Ext_fb3766,PUR_IED_LlanoOriental_Ext_fb3766,,,,,
2026-09-12T13:26:03-05:00,PUR_IED_LlanoOriental_S208_7b9fcd,PUR_IED_LlanoOriental_S208_7b9fcd,,,,,
2026-09-12T13:26:03-05:00,PUR_IED_LlanoOriental_S9_27b378,PUR_IED_LlanoOriental_S9_27b378,,,,,
2026-09-12T13:26:03-05:00,PUR_IED_LosTejares_1101_477602,PUR_IED_LosTejares_1101_477602,,,,,
2026-09-12T13:26:03-05:00,PUR_IED_LosTejares_11_d2c595,PUR_IED_LosTejares_11_d2c595,,,,,
2026-09-12T13:26:03-05:00,PUR_IED_LosTejares_12_477602,PUR_IED_LosTejares_12_477602,,,,,
2026-09-12T13:26:03-05:00,PUR_IED_LosTejares_Ext_8e2115,PUR_IED_LosTejares_Ext_8e2115,,,,,
2026-09-12T13:26:03-05:00,PUR_IED_MagdalenaO_B202_5ddda3,PUR_IED_MagdalenaO_B202_5ddda3,,,,,
2026-09-12T13:26:03-05:00,PUR_IED_MagdalenaO_B205_fb76e8,PUR_IED_MagdalenaO_B205_fb76e8,,,,,
2026-09-12T13:26:03-05:00,PUR_IED_MagdalenaO_ext_dc69cd,PUR_IED_MagdalenaO_ext_dc69cd,,,,,
2026-09-12T13:26:03-05:00,PUR_IED_ManueCepeda_artes_eee956,PUR_IED_ManueCepeda_artes_eee956,,,,,
2026-09-12T13:26:03-05:00,PUR_IED_ManuelCepeda_Ext_58313,PUR_IED_ManuelCepeda_Ext_58313,,,,,
2026-09-12T13:26:03-05:00,PUR_IED_ManuelCepeda_tec_1c5731,PUR_IED_ManuelCepeda_tec_1c5731,,,,,
2026-09-12T13:26:03-05:00,PUR_IED_ManuelS_Exterior_5b269,PUR_IED_ManuelS_Exterior_5b269,,,,,
2026-09-12T13:26:03-05:00,PUR_IED_ManuelS_Inform_f369ce,PUR_IED_ManuelS_Inform_f369ce,,,,,
2026-09-12T13:26:03-05:00,PUR_IED_ManuelS_SArtes_7d15f1,PUR_IED_ManuelS_SArtes_7d15f1,,,,,
2026-09-12T13:26:03-05:00,PUR_IED_ManuelZapata_303_3ca6,PUR_IED_ManuelZapata_303_3ca6,,,,,
2026-09-12T13:26:03-05:00,PUR_IED_ManuelZapata_311_bfbabc,PUR_IED_ManuelZapata_311_bfbabc,,,,,
2026-09-12T13:26:03-05:00,PUR_IED_ManuelZapata_Ext_50824a,PUR_IED_ManuelZapata_Ext_50824a,,,,,
2026-09-12T13:26:03-05:00,PUR_IED_ManuelitaS_Exteri_656a92,PUR_IED_ManuelitaS_Exteri_656a92,,,,,
2026-09-12T13:26:03-05:00,PUR_IED_ManuelitaS_JuzgDe_f58ec3,PUR_IED_ManuelitaS_JuzgDe_f58ec3,,,,,
2026-09-12T13:26:03-05:00,PUR_IED_ManuelitaS_Recrea_d793db,PUR_IED_ManuelitaS_Recrea_d793db,,,,,
2026-09-12T13:26:03-05:00,PUR_IED_MarFidSuarez_Ext_c27b19,PUR_IED_MarFidSuarez_Ext_c27b19,,,,,
2026-09-12T13:26:03-05:00,PUR_IED_MarFidSuarez_Info_e384d7,PUR_IED_MarFidSuarez_Info_e384d7,,,,,
2026-09-12T13:26:03-05:00,PUR_IED_MarFidSuarez_S306_1d0032,PUR_IED_MarFidSuarez_S306_1d0032,,,,,
2026-09-12T13:26:03-05:00,PUR_IED_Menorah_301_2a25a3,PUR_IED_Menorah_301_2a25a3,,,,,
2026-09-12T13:26:03-05:00,PUR_IED_Menorah_306_37ed3,PUR_IED_Menorah_306_37ed3,,,,,
2026-09-12T13:26:03-05:00,PUR_IED_Menorah_Ext_3e155b,PUR_IED_Menorah_Ext_3e155b,,,,,
2026-09-12T13:26:03-05:00,PUR_IED_MinutoB.Aires_A11_1b1604,PUR_IED_MinutoB.Aires_A11_1b1604,,,,,
2026-09-12T13:26:03-05:00,PUR_IED_MinutoB.Aires_A12_fb5860,PUR_IED_MinutoB.Aires_A12_fb5860,,,,,
2026-09-12T13:26:03-05:00,PUR_IED_MinutoB.Aires_Ext_81293f,PUR_IED_MinutoB.Aires_Ext_81293f,,,,,
2026-09-12T13:26:03-05:00,PUR_IED_MinutoBAires_A11_1b1604,PUR_IED_MinutoBAires_A11_1b1604,,,,,
2026-09-12T13:26:03-05:00,PUR_IED_MinutoBAires_A12_fb5860,PUR_IED_MinutoBAires_A12_fb5860,,,,,
2026-09-12T13:26:03-05:00,PUR_IED_MinutoBAires_Ext_81293f,PUR_IED_MinutoBAires_Ext_81293f,,,,,
2026-09-12T13:26:03-05:00,PUR_IED_Montreal_Aula10_1e4959,PUR_IED_Montreal_Aula10_1e4959,,,,,
2026-09-12T13:26:03-05:00,PUR_IED_Montreal_Aula6_300367,PUR_IED_Montreal_Aula6_300367,,,,,
2026-09-12T13:26:03-05:00,PUR_IED_Montreal_Exterior_91a179,PUR_IED_Montreal_Exterior_91a179,,,,,
2026-09-12T13:26:03-05:00,PUR_IED_Mqgdalena_B202_5ddda3,PUR_IED_Mqgdalena_B202_5ddda3,,,,,
2026-09-12T13:26:03-05:00,PUR_IED_NACUND_Soc_dc8728,PUR_IED_NACUND_Soc_dc8728,,,,,
2026-09-12T13:26:03-05:00,PUR_IED_NACUND_ext_27ad97,PUR_IED_NACUND_ext_27ad97,,,,,
2026-09-12T13:26:03-05:00,PUR_IED_NEsperanza_Ext_d24b61,PUR_IED_NEsperanza_Ext_d24b61,,,,,
2026-09-12T13:26:03-05:00,PUR_IED_NEsperanza_SElect_7d1807,PUR_IED_NEsperanza_SElect_7d1807,,,,,
2026-09-12T13:26:03-05:00,PUR_IED_NEsperanza_SLabor_8b2d0a,PUR_IED_NEsperanza_SLabor_8b2d0a,,,,,
2026-09-12T13:26:03-05:00,PUR_IED_NacionesU_Ext_f661a9,PUR_IED_NacionesU_Ext_f661a9,,,,,
2026-09-12T13:26:03-05:00,PUR_IED_NacionesU_Quimica_66f0a,PUR_IED_NacionesU_Quimica_66f0a,,,,,
2026-09-12T13:26:03-05:00,PUR_IED_NacionesU_S306_1b4b3d,PUR_IED_NacionesU_S306_1b4b3d,,,,,
2026-09-12T13:26:03-05:00,PUR_IED_NestorFA_Ext_e4201c,PUR_IED_NestorFA_Ext_e4201c,,,,,
2026-09-12T13:26:03-05:00,PUR_IED_NestorFA_Laborato_f22fe0,PUR_IED_NestorFA_Laborato_f22fe0,,,,,
2026-09-12T13:26:03-05:00,PUR_IED_NestorFA_S204_dee996,PUR_IED_NestorFA_S204_dee996,,,,,
2026-09-12T13:26:03-05:00,PUR_IED_NidyaQT_Aula03_76999b,PUR_IED_NidyaQT_Aula03_76999b,,,,,
2026-09-12T13:26:03-05:00,PUR_IED_NidyaQT_Aula10_56325,PUR_IED_NidyaQT_Aula10_56325,,,,,
2026-09-12T13:26:03-05:00,PUR_IED_NidyaQT_Ext_46e32d,PUR_IED_NidyaQT_Ext_46e32d,,,,,
2026-09-12T13:26:03-05:00,PUR_IED_NuevaCol_Exterior_d9b859,PUR_IED_NuevaCol_Exterior_d9b859,,,,,
2026-09-12T13:26:03-05:00,PUR_IED_NuevaCol_S1101_76c43b,PUR_IED_NuevaCol_S1101_76c43b,,,,,
2026-09-12T13:26:03-05:00,PUR_IED_NuevaCol_S1102_1ce0b5,PUR_IED_NuevaCol_S1102_1ce0b5,,,,,
2026-09-12T13:26:03-05:00,PUR_IED_OEA_A202_f7e3f2,PUR_IED_OEA_A202_f7e3f2,,,,,
2026-09-12T13:26:03-05:00,PUR_IED_OEA_A203_7d1b8d,PUR_IED_OEA_A203_7d1b8d,,,,,
2026-09-12T13:26:03-05:00,PUR_IED_OEA_Ext_27b593,PUR_IED_OEA_Ext_27b593,,,,,
2026-09-12T13:26:03-05:00,PUR_IED_Ochoa_Ext_1c29da,PUR_IED_Ochoa_Ext_1c29da,,,,,
2026-09-12T13:26:03-05:00,PUR_IED_Ochoa_S205_8b1121,PUR_IED_Ochoa_S205_8b1121,,,,,
2026-09-12T13:26:03-05:00,PUR_IED_Ochoa_Sistemas_f33af6,PUR_IED_Ochoa_Sistemas_f33af6,,,,,
2026-09-12T13:26:03-05:00,PUR_IED_PQuebec_Ext_1c67c7,PUR_IED_PQuebec_Ext_1c67c7,,,,,
2026-09-12T13:26:03-05:00,PUR_IED_PQuebec_S15_23e8e2,PUR_IED_PQuebec_S15_23e8e2,,,,,
2026-09-12T13:26:03-05:00,PUR_IED_PQuebec_S16_8ec76b,PUR_IED_PQuebec_S16_8ec76b,,,,,
2026-09-12T13:26:03-05:00,PUR_IED_PabloN_Ext_49dc96,PUR_IED_PabloN_Ext_49dc96,,,,,
2026-09-12T13:26:03-05:00,PUR_IED_PabloN_S1102_4e3df5,PUR_IED_PabloN_S1102_4e3df5,,,,,
2026-09-12T13:26:03-05:00,PUR_IED_PabloN_S1103_50c94b,PUR_IED_PabloN_S1103_50c94b,,,,,
2026-09-12T13:26:03-05:00,PUR_IED_Palestina_S1101_db9198,PUR_IED_Palestina_S1101_db9198,,,,,
2026-09-12T13:26:03-05:00,PUR_IED_Palestina_S1102_dc54fa,PUR_IED_Palestina_S1102_dc54fa,,,,,
2026-09-12T13:26:03-05:00,PUR_IED_Palestina_ext_4ccce6,PUR_IED_Palestina_ext_4ccce6,,,,,
2026-09-12T13:26:03-05:00,PUR_IED_Panama_Fisica_4d0794,PUR_IED_Panama_Fisica_4d0794,,,,,
2026-09-12T13:26:03-05:00,PUR_IED_Panama_SIngles_a4077e,PUR_IED_Panama_SIngles_a4077e,,,,,
2026-09-12T13:26:03-05:00,PUR_IED_Panama_ext_4c54b4,PUR_IED_Panama_ext_4c54b4,,,,,
2026-09-12T13:26:03-05:00,PUR_IED_ParaisoM_Exterior_8cd7f0,PUR_IED_ParaisoM_Exterior_8cd7f0,,,,,
2026-09-12T13:26:03-05:00,PUR_IED_ParaisoM_Laborato_27af35,PUR_IED_ParaisoM_Laborato_27af35,,,,,
2026-09-12T13:26:03-05:00,PUR_IED_ParaisoM_S304_d1edca,PUR_IED_ParaisoM_S304_d1edca,,,,,
2026-09-12T13:26:03-05:00,PUR_IED_PorfirioBarba_Ext_301466,PUR_IED_PorfirioBarba_Ext_301466,,,,,
2026-09-12T13:26:03-05:00,PUR_IED_PorfirioBarba_S11_df6cd2,PUR_IED_PorfirioBarba_S11_df6cd2,,,,,
2026-09-12T13:26:03-05:00,PUR_IED_PorfirioBarba_S29_27a7d6,PUR_IED_PorfirioBarba_S29_27a7d6,,,,,
2026-09-12T13:26:03-05:00,PUR_IED_PradoV_Exter_8b27ad,PUR_IED_PradoV_Exter_8b27ad,,,,,
2026-09-12T13:26:03-05:00,PUR_IED_PradoV_S301_de65b5,PUR_IED_PradoV_S301_de65b5,,,,,
2026-09-12T13:26:03-05:00,PUR_IED_PradoV_S302_7d2593,PUR_IED_PradoV_S302_7d2593,,,,,
2026-09-12T13:26:03-05:00,PUR_IED_QuirogaAlz_Ext_1ddc82,PUR_IED_QuirogaAlz_Ext_1ddc82,,,,,
2026-09-12T13:26:03-05:00,PUR_IED_QuirogaAlz_S302_9926a3,PUR_IED_QuirogaAlz_S302_9926a3,,,,,
2026-09-12T13:26:03-05:00,PUR_IED_QuirogaAlz_S305_cdf1f1,PUR_IED_QuirogaAlz_S305_cdf1f1,,,,,
2026-09-12T13:26:03-05:00,PUR_IED_RGuatemala_Biling_dc53b7,PUR_IED_RGuatemala_Biling_dc53b7,,,,,
2026-09-12T13:26:03-05:00,PUR_IED_RGuatemala_Ext_1b89a3,PUR_IED_RGuatemala_Ext_1b89a3,,,,,
2026-09-12T13:26:03-05:00,PUR_IED_RGuatemala_Tecnol_281a34,PUR_IED_RGuatemala_Tecnol_281a34,,,,,
2026-09-12T13:26:03-05:00,PUR_IED_RafaNu_Ext_f7c302,PUR_IED_RafaNu_Ext_f7c302,,,,,
2026-09-12T13:26:03-05:00,PUR_IED_RafaNu_S1101_25fde,PUR_IED_RafaNu_S1101_25fde,,,,,
2026-09-12T13:26:03-05:00,PUR_IED_RafaNu_S1102_281517,PUR_IED_RafaNu_S1102_281517,,,,,
2026-09-12T13:26:03-05:00,PUR_IED_RafaelB_S305_ee2783,PUR_IED_RafaelB_S305_ee2783,,,,,
2026-09-12T13:26:03-05:00,PUR_IED_RafaelB_S306_75fe33,PUR_IED_RafaelB_S306_75fe33,,,,,
2026-09-12T13:26:03-05:00,PUR_IED_RafaelB_ext_283336,PUR_IED_RafaelB_ext_283336,3,20,55,4.6722,-74.0737
2026-09-12T13:26:03-05:00,PUR_IED_RafaelUU_Exterior_281a51,PUR_IED_RafaelUU_Exterior_281a51,,,,,
2026-09-12T13:26:03-05:00,PUR_IED_RafaelUU_Human_806b2,PUR_IED_RafaelUU_Human_806b2,,,,,
2026-09-12T13:26:03-05:00,PUR_IED_RafaelUU_Mate2_5680d4,PUR_IED_RafaelUU_Mate2_5680d4,,,,,
2026-09-12T13:26:03-05:00,PUR_IED_RamonSub_Ext_f9eeb9,PUR_IED_RamonSub_Ext_f9eeb9,,,,,
2026-09-12T13:26:03-05:00,PUR_IED_RamonSub_Media_d1f62f,PUR_IED_RamonSub_Media_d1f62f,,,,,
2026-09-12T13:26:03-05:00,PUR_IED_RamonSub_planta_51b82,PUR_IED_RamonSub_planta_51b82,,,,,
2026-09-12T13:26:03-05:00,PUR_IED_RepBoliVene_Exter_27af7c,PUR_IED_RepBoliVene_Exter_27af7c,,,,,
2026-09-12T13:26:03-05:00,PUR_IED_RepBoliVene_SCPT_5ae2ee,PUR_IED_RepBoliVene_SCPT_5ae2ee,,,,,
2026-09-12T13:26:03-05:00,PUR_IED_RepBoliVene_Socia_4b11d5,PUR_IED_RepBoliVene_Socia_4b11d5,,,,,
2026-09-12T13:26:03-05:00,PUR_IED_RepChina_Ext_76d9ee,PUR_IED_RepChina_Ext_76d9ee,,,,,
2026-09-12T13:26:03-05:00,PUR_IED_RepChina_S404_7c804c,PUR_IED_RepChina_S404_7c804c,,,,,
2026-09-12T13:26:03-05:00,PUR_IED_RepChina_S405_df2c33,PUR_IED_RepChina_S405_df2c33,,,,,
2026-09-12T13:26:03-05:00,PUR_IED_RepublicaC_Exteri_7d1ec9,PUR_IED_RepublicaC_Exteri_7d1ec9,,,,,
2026-09-12T13:26:03-05:00,PUR_IED_RepublicaC_S1101_f544b3,PUR_IED_RepublicaC_S1101_f544b3,,,,,
2026-09-12T13:26:03-05:00,PUR_IED_RepublicaC_S1102_7aafc7,PUR_IED_RepublicaC_S1102_7aafc7,,,,,
2026-09-12T13:26:03-05:00,PUR_IED_Ricaurte_Externo_a0ea1,PUR_IED_Ricaurte_Externo_a0ea1,,,,,
2026-09-12T13:26:03-05:00,PUR_IED_Ricaurte_S210_f546fd,PUR_IED_Ricaurte_S210_f546fd,,,,,
2026-09-12T13:26:03-05:00,PUR_IED_Ricaurte_S309_d4452,PUR_IED_Ricaurte_S309_d4452,,,,,
2026-09-12T13:26:03-05:00,PUR_IED_RogelioS_1102_531e69,PUR_IED_RogelioS_1102_531e69,,,,,
2026-09-12T13:26:03-05:00,PUR_IED_RogelioS_Ext_f25a18,PUR_IED_RogelioS_Ext_f25a18,,,,,
2026-09-12T13:26:03-05:00,PUR_IED_SBernardino_Ext_27aff8,PUR_IED_SBernardino_Ext_27aff8,,,,,
2026-09-12T13:26:03-05:00,PUR_IED_SBernardino_SArte_2ffd33,PUR_IED_SBernardino_SArte_2ffd33,,,,,
2026-09-12T13:26:03-05:00,PUR_IED_SBernardino_SIngl_7c7da5,PUR_IED_SBernardino_SIngl_7c7da5,,,,,
2026-09-12T13:26:03-05:00,PUR_IED_Sago_auditorio_dc9d1d,PUR_IED_Sago_auditorio_dc9d1d,,,,,
2026-09-12T13:26:03-05:00,PUR_IED_Saludcoop_Ext_95aac3,PUR_IED_Saludcoop_Ext_95aac3,,,,,
2026-09-12T13:26:03-05:00,PUR_IED_Saludcoop_InfI_90c854,PUR_IED_Saludcoop_InfI_90c854,,,,,
2026-09-12T13:26:03-05:00,PUR_IED_Saludcoop_SMedia_1b93be,PUR_IED_Saludcoop_SMedia_1b93be,,,,,
2026-09-12T13:26:03-05:00,PUR_IED_SanCarlos_1101_1a2360,PUR_IED_SanCarlos_1101_1a2360,,,,,
2026-09-12T13:26:03-05:00,PUR_IED_SanCarlos_1103_7bafb5,PUR_IED_SanCarlos_1103_7bafb5,,,,,
2026-09-12T13:26:03-05:00,PUR_IED_SanCarlos_Ext_b7cd1,PUR_IED_SanCarlos_Ext_b7cd1,,,,,
2026-09-12T13:26:03-05:00,PUR_IED_SanIgnacioBosa11a_50c26e,PUR_IED_SanIgnacioBosa11a_50c26e,,,,,
2026-09-12T13:26:03-05:00,PUR_IED_SanIgnacioBosa11b_371de8,PUR_IED_SanIgnacioBosa11b_371de8,,,,,
2026-09-12T13:26:03-05:00,PUR_IED_SanIgnacioBosaExt_ef0ffc,PUR_IED_SanIgnacioBosaExt_ef0ffc,,,,,
2026-09-12T13:26:03-05:00,PUR_IED_SanIgnacioBosa_11a_50c26e,PUR_IED_SanIgnacioBosa_11a_50c26e,,,,,
2026-09-12T13:26:03-05:00,PUR_IED_SanIgnacioBosa_Ext_ef0ffc,PUR_IED_SanIgnacioBosa_Ext_ef0ffc,,,,,
2026-09-12T13:26:03-05:00,PUR_IED_SanJoseN_intS1101_31c47f,PUR_IED_SanJoseN_intS1101_31c47f,,,,,
2026-09-12T13:26:03-05:00,PUR_IED_SanJoseUsm_Exter_f5d7e8,PUR_IED_SanJoseUsm_Exter_f5d7e8,,,,,
2026-09-12T13:26:03-05:00,PUR_IED_SanJoseUsm_Int11A_cfdef6,PUR_IED_SanJoseUsm_Int11A_cfdef6,,,,,
2026-09-12T13:26:03-05:00,PUR_IED_SilveriaR_IntB5_905349,PUR_IED_SilveriaR_IntB5_905349,,,,,
2026-09-12T13:26:03-05:00,PUR_IED_SilveriaR_IntSD14_981f93,PUR_IED_SilveriaR_IntSD14_981f93,,,,,
2026-09-12T13:26:03-05:00,PUR_IED_SilveriaR_ext_2b651d,PUR_IED_SilveriaR_ext_2b651d,,,,,
2026-09-12T13:26:03-05:00,PUR_IED_SimonB_Exterior_913975,PUR_IED_SimonB_Exterior_913975,,,,,
2026-09-12T13:26:03-05:00,PUR_IED_SimonB_LabQuimi_c56908,PUR_IED_SimonB_LabQuimi_c56908,,,,,
2026-09-12T13:26:03-05:00,PUR_IED_SimonB_informatic_a28c1,PUR_IED_SimonB_informatic_a28c1,,,,,
2026-09-12T13:26:03-05:00,PUR_IED_Sorrento_1102_315f50,PUR_IED_Sorrento_1102_315f50,,,,,
2026-09-12T13:26:03-05:00,PUR_IED_Sorrento_Minte_214eab,PUR_IED_Sorrento_Minte_214eab,,,,,
2026-09-12T13:26:03-05:00,PUR_IED_Sorrento_ext_7c3a0a,PUR_IED_Sorrento_ext_7c3a0a,,,,,
2026-09-12T13:26:03-05:00,PUR_IED_Tabora_Ext_f048ae,PUR_IED_Tabora_Ext_f048ae,,,,,
2026-09-12T13:26:03-05:00,PUR_IED_Tabora_S1102_b07752,PUR_IED_Tabora_S1102_b07752,,,,,
2026-09-12T13:26:03-05:00,PUR_IED_Tabora_S1103_d988f5,PUR_IED_Tabora_S1103_d988f5,,,,,
2026-09-12T13:26:03-05:00,PUR_IED_Tenerife_Ext_1ab188,PUR_IED_Tenerife_Ext_1ab188,,,,,
2026-09-12T13:26:03-05:00,PUR_IED_Tenerife_SDanzas_7bc02e,PUR_IED_Tenerife_SDanzas_7bc02e,,,,,
2026-09-12T13:26:03-05:00,PUR_IED_Tenerife_SIngles_7cc277,PUR_IED_Tenerife_SIngles_7cc277,,,,,
2026-09-12T13:26:03-05:00,PUR_IED_Tibabuyes_Exter_f2683d,PUR_IED_Tibabuyes_Exter_f2683d,,,,,
2026-09-12T13:26:03-05:00,PUR_IED_Tibabuyes_S10_dc87a8,PUR_IED_Tibabuyes_S10_dc87a8,,,,,
2026-09-12T13:26:03-05:00,PUR_IED_Tibabuyes_S15_dc0526,PUR_IED_Tibabuyes_S15_dc0526,,,,,
2026-09-12T13:26:03-05:00,PUR_IED_UnionE_S301_a1043,PUR_IED_UnionE_S301_a1043,,,,,
2026-09-12T13:26:03-05:00,PUR_IED_UnionE_S307_ff6c2f,PUR_IED_UnionE_S307_ff6c2f,,,,,
2026-09-12T13:26:03-05:00,PUR_IED_UnionE__Ext_5e2468,PUR_IED_UnionE__Ext_5e2468,,,,,
2026-09-12T13:26:03-05:00,PUR_IED_VillaRica_Ext_75be7c,PUR_IED_VillaRica_Ext_75be7c,,,,,
2026-09-12T13:26:03-05:00,PUR_IED_VillaRica_S4_cc5dcd,PUR_IED_VillaRica_S4_cc5dcd,,,,,
2026-09-12T13:26:03-05:00,PUR_IED_VillaRica_Sesp_99f5c,PUR_IED_VillaRica_Sesp_99f5c,,,,,
2026-09-12T13:31:11-05:00,PUR_IED_20deJulio_1101_91b1b9,PUR_IED_20deJulio_1101_91b1b9,,,,,
2026-09-12T13:31:11-05:00,PUR_IED_20deJulio_1102_1cfcf9,PUR_IED_20deJulio_1102_1cfcf9,,,,,
2026-09-12T13:31:11-05:00,PUR_IED_20deJulio_Ext_ab60bd,PUR_IED_20deJulio_Ext_ab60bd,,,,,
2026-09-12T13:31:11-05:00,PUR_IED_AgustinFer_Ext_7b9b77,PUR_IED_AgustinFer_Ext_7b9b77,,,,,
2026-09-12T13:31:11-05:00,PUR_IED_AgustinFer_Info2_27b3a7,PUR_IED_AgustinFer_Info2_27b3a7,,,,,
2026-09-12T13:31:11-05:00,PUR_IED_AgustinFer_Sena_54b4eb,PUR_IED_AgustinFer_Sena_54b4eb,,,,,
2026-09-12T13:31:11-05:00,PUR_IED_AlexanderF_1102_caf07b,PUR_IED_AlexanderF_1102_caf07b,,,,,
2026-09-12T13:31:11-05:00,PUR_IED_AlexanderF_1103_c79e71,PUR_IED_AlexanderF_1103_c79e71,,,,,
2026-09-12T13:31:11-05:00,PUR_IED_AlexanderF_Ext_c5b18b,PUR_IED_AlexanderF_Ext_c5b18b,,,,,
2026-09-12T13:31:11-05:00,PUR_IED_AlfonsoLopez_Ext_281d77,PUR_IED_AlfonsoLopez_Ext_281d77,,,,,
2026-09-12T13:31:11-05:00,PUR_IED_AlfonsoLopez_LabF_888ce0,PUR_IED_AlfonsoLopez_LabF_888ce0,,,,,
2026-09-12T13:31:11-05:00,PUR_IED_AlfonsoLopez_SMed_df6a7f,PUR_IED_AlfonsoLopez_SMed_df6a7f,,,,,
2026-09-12T13:31:11-05:00,PUR_IED_AltamiraSO_A2_209f92,PUR_IED_AltamiraSO_A2_209f92,,,,,
2026-09-12T13:31:11-05:00,PUR_IED_AltamiraSO_Ext_186d66,PUR_IED_AltamiraSO_Ext_186d66,,,,,
2026-09-12T13:31:11-05:00,PUR_IED_AltamiraSO_Sistem_27afe1,PUR_IED_AltamiraSO_Sistem_27afe1,,,,,
2026-09-12T13:31:11-05:00,PUR_IED_AlvaroGom_LabQuim_813179,PUR_IED_AlvaroGom_LabQuim_813179,,,,,
2026-09-12T13:31:11-05:00,PUR_IED_AlvaroGomez_Ext_47c7ca,PUR_IED_AlvaroGomez_Ext_47c7ca,,,,,
2026-09-12T13:31:11-05:00,PUR_IED_AlvaroGomez_LabQuim_813179,PUR_IED_AlvaroGomez_LabQuim_813179,,,,,
2026-09-12T13:31:11-05:00,PUR_IED_AlvaroGomez_S23_7ba89f,PUR_IED_AlvaroGomez_S23_7ba89f,,,,,
2026-09-12T13:31:11-05:00,PUR_IED_Amistad_306_dc8728,PUR_IED_Amistad_306_dc8728,,,,,
2026-09-12T13:31:11-05:00,PUR_IED_Amistad_Ext_8cd55e,PUR_IED_Amistad_Ext_8cd55e,,,,,
2026-09-12T13:31:11-05:00,PUR_IED_Amistad_S202_a41169,PUR_IED_Amistad_S202_a41169,,,,,
2026-09-12T13:31:11-05:00,PUR_IED_AndresBello_Bio_fd5f5e,PUR_IED_AndresBello_Bio_fd5f5e,,,,,
2026-09-12T13:31:11-05:00,PUR_IED_AndresBello_ext_dcad65,PUR_IED_AndresBello_ext_dcad65,,,,,
2026-09-12T13:31:11-05:00,PUR_IED_AndresBello_port_eed3ec,PUR_IED_AndresBello_port_eed3ec,,,,,
2026-09-12T13:31:11-05:00,PUR_IED_AngelaR_11b_d90a6b,PUR_IED_AngelaR_11b_d90a6b,,,,,
2026-09-12T13:31:11-05:00,PUR_IED_AngelaR_ext_7cad3e,PUR_IED_AngelaR_ext_7cad3e,2,21,55,4.5825,-74.164497
2026-09-12T13:31:11-05:00,PUR_IED_AntJoseSucre_10mo_df2575,PUR_IED_AntJoseSucre_10mo_df2575,,,,,
2026-09-12T13:31:11-05:00,PUR_IED_AntJoseSucre_Ext_215b36,PUR_IED_AntJoseSucre_Ext_215b36,,,,,
2026-09-12T13:31:11-05:00,PUR_IED_AntJoseSucre_Lab_3139de,PUR_IED_AntJoseSucre_Lab_3139de,,,,,
2026-09-12T13:31:11-05:00,PUR_IED_AntonioGarcia_301_d6b188,PUR_IED_AntonioGarcia_301_d6b188,,,,,
2026-09-12T13:31:11-05:00,PUR_IED_AntonioGarcia_302_88a82,PUR_IED_AntonioGarcia_302_88a82,,,,,
2026-09-12T13:31:11-05:00,PUR_IED_AntonioGarcia_Ext_20950c,PUR_IED_AntonioGarcia_Ext_20950c,,,,,
2026-09-12T13:31:11-05:00,PUR_IED_AntonioVan_Aula2_6dea02,PUR_IED_AntonioVan_Aula2_6dea02,,,,,
2026-09-12T13:31:11-05:00,PUR_IED_AntonioVan_Aula5_f1557e,PUR_IED_AntonioVan_Aula5_f1557e,,,,,
2026-09-12T13:31:11-05:00,PUR_IED_AntonioVan_Ext_406f2f,PUR_IED_AntonioVan_Ext_406f2f,,,,,
2026-09-12T13:31:11-05:00,PUR_IED_Atabanzha_Ext_cc5af9,PUR_IED_Atabanzha_Ext_cc5af9,,,,,
2026-09-12T13:31:11-05:00,PUR_IED_Atabanzha_SA101_56c37,PUR_IED_Atabanzha_SA101_56c37,,,,,
2026-09-12T13:31:11-05:00,PUR_IED_Atabanzha_SB302_27b374,PUR_IED_Atabanzha_SB302_27b374,,,,,
2026-09-12T13:31:11-05:00,PUR_IED_Atahualpa_Ext_fc1748,PUR_IED_Atahualpa_Ext_fc1748,,,,,
2026-09-12T13:31:11-05:00,PUR_IED_Atahualpa_Informa_dc9a95,PUR_IED_Atahualpa_Informa_dc9a95,,,,,
2026-09-12T13:31:11-05:00,PUR_IED_Atahualpa_S1101_f98056,PUR_IED_Atahualpa_S1101_f98056,,,,,
2026-09-12T13:31:11-05:00,PUR_IED_Bellavista_Ext_f5aa74,PUR_IED_Bellavista_Ext_f5aa74,,,,,
2026-09-12T13:31:11-05:00,PUR_IED_Bilbao_11A_916c41,PUR_IED_Bilbao_11A_916c41,,,,,
2026-09-12T13:31:11-05:00,PUR_IED_Bilbao_Ext_fb579a,PUR_IED_Bilbao_Ext_fb579a,,,,,
2026-09-12T13:31:11-05:00,PUR_IED_BrasiliaU_A125_304280,PUR_IED_BrasiliaU_A125_304280,,,,,
2026-09-12T13:31:11-05:00,PUR_IED_BrasiliaU_A203_7c8ca5,PUR_IED_BrasiliaU_A203_7c8ca5,,,,,
2026-09-12T13:31:11-05:00,PUR_IED_BrasiliaU_Ext_8d6e9f,PUR_IED_BrasiliaU_Ext_8d6e9f,4,20,56,4.5175,-74.116302
2026-09-12T13:31:11-05:00,PUR_IED_Brasilia_Ext_fe6593,PUR_IED_Brasilia_Ext_fe6593,,,,,
2026-09-12T13:31:11-05:00,PUR_IED_Brasilia_S24_7c130d,PUR_IED_Brasilia_S24_7c130d,,,,,
2026-09-12T13:31:11-05:00,PUR_IED_Brasilia_S501_186a54,PUR_IED_Brasilia_S501_186a54,,,,,
2026-09-12T13:31:11-05:00,PUR_IED_CHARRY_EXT_f1d5cd,PUR_IED_CHARRY_EXT_f1d5cd,,,,,
2026-09-12T13:31:11-05:00,PUR_IED_CHARRY_INTDANZAS_7a08e6,PUR_IED_CHARRY_INTDANZAS_7a08e6,,,,,
2026-09-12T13:31:11-05:00,PUR_IED_CHARRY_INT_AULA20_dc998d,PUR_IED_CHARRY_INT_AULA20_dc998d,,,,,
2026-09-12T13:31:11-05:00,PUR_IED_COLVIV_1101_S25_7f520a,PUR_IED_COLVIV_1101_S25_7f520a,,,,,
2026-09-12T13:31:11-05:00,PUR_IED_COLVIV_1102_S16_f570ba,PUR_IED_COLVIV_1102_S16_f570ba,,,,,
2026-09-12T13:31:11-05:00,PUR_IED_COLVIV_Ext_1a26fa,PUR_IED_COLVIV_Ext_1a26fa,,,,,
2026-09-12T13:31:11-05:00,PUR_IED_CULPOP_301A_f660f3,PUR_IED_CULPOP_301A_f660f3,,,,,
2026-09-12T13:31:11-05:00,PUR_IED_CULPOP_303_568afe,PUR_IED_CULPOP_303_568afe,,,,,
2026-09-12T13:31:11-05:00,PUR_IED_CULPOP_Ext_e02ccb,PUR_IED_CULPOP_Ext_e02ccb,,,,,
2026-09-12T13:31:11-05:00,PUR_IED_CVillavicen_Ext_26eb58,PUR_IED_CVillavicen_Ext_26eb58,3,19,70,4.487,-74.102798
2026-09-12T13:31:11-05:00,PUR_IED_CVillavicen_Intel_1ce5c2,PUR_IED_CVillavicen_Intel_1ce5c2,,,,,
2026-09-12T13:31:11-05:00,PUR_IED_CVillavicen_Poliv_e0766c,PUR_IED_CVillavicen_Poliv_e0766c,,,,,
2026-09-12T13:31:11-05:00,PUR_IED_CVillavicen_int_1ba140,PUR_IED_CVillavicen_int_1ba140,,,,,
2026-09-12T13:31:11-05:00,PUR_IED_CVillavicen_intel_1ba140,PUR_IED_CVillavicen_intel_1ba140,,,,,
2026-09-12T13:31:11-05:00,PUR_IED_CarlosPizarro_Ext_e307cc,PUR_IED_CarlosPizarro_Ext_e307cc,,,,,
2026-09-12T13:31:11-05:00,PUR_IED_CarlosPizarro_L36_7e5cdb,PUR_IED_CarlosPizarro_L36_7e5cdb,,,,,
2026-09-12T13:31:11-05:00,PUR_IED_CarlosPizarro_L37_c8566c,PUR_IED_CarlosPizarro_L37_c8566c,,,,,
2026-09-12T13:31:11-05:00,PUR_IED_Castilla_Ext_cf35f,PUR_IED_Castilla_Ext_cf35f,,,,,
2026-09-12T13:31:11-05:00,PUR_IED_Castilla_SFisik_360e38,PUR_IED_Castilla_SFisik_360e38,,,,,
2026-09-12T13:31:11-05:00,PUR_IED_Castilla_Sc304_496fbf,PUR_IED_Castilla_Sc304_496fbf,,,,,
2026-09-12T13:31:11-05:00,PUR_IED_CervantesSa_Ext_6b57b,PUR_IED_CervantesSa_Ext_6b57b,3,20,62,4.5128,-74.117203
2026-09-12T13:31:11-05:00,PUR_IED_CervantesSa_S107_225c2b,PUR_IED_CervantesSa_S107_225c2b,,,,,
2026-09-12T13:31:11-05:00,PUR_IED_CervantesSa_S108_940925,PUR_IED_CervantesSa_S108_940925,,,,,
2026-09-12T13:31:11-05:00,PUR_IED_Charry_A20_f53e7c,PUR_IED_Charry_A20_f53e7c,,,,,
2026-09-12T13:31:11-05:00,PUR_IED_Charry_Ext_f1d5cd,PUR_IED_Charry_Ext_f1d5cd,,,,,
2026-09-12T13:31:11-05:00,PUR_IED_Charry_IntAula20_dc998d,PUR_IED_Charry_IntAula20_dc998d,,,,,
2026-09-12T13:31:11-05:00,PUR_IED_Charry_IntDanzas_7a08e6,PUR_IED_Charry_IntDanzas_7a08e6,,,,,
2026-09-12T13:31:11-05:00,PUR_IED_ClememciaC_203_43e2fc,PUR_IED_ClememciaC_203_43e2fc,,,,,
2026-09-12T13:31:11-05:00,PUR_IED_ClememciaC_Ext_1b411a,PUR_IED_ClememciaC_Ext_1b411a,,,,,
2026-09-12T13:31:11-05:00,PUR_IED_ClememciaC_Quimic_44b5fc,PUR_IED_ClememciaC_Quimic_44b5fc,,,,,
2026-09-12T13:31:11-05:00,PUR_IED_ClemenciaC_203_43e2fc,PUR_IED_ClemenciaC_203_43e2fc,,,,,
2026-09-12T13:31:11-05:00,PUR_IED_ClemenciaC_Ext_1b411a,PUR_IED_ClemenciaC_Ext_1b411a,,,,,
2026-09-12T13:31:11-05:00,PUR_IED_ClemenciaC_Quimic_44b5fc,PUR_IED_ClemenciaC_Quimic_44b5fc,,,,,
2026-09-12T13:31:11-05:00,PUR_IED_ColViva_1101_S25_7f520a,PUR_IED_ColViva_1101_S25_7f520a,,,,,
2026-09-12T13:31:11-05:00,PUR_IED_ColViva_1102_S16_f570ba,PUR_IED_ColViva_1102_S16_f570ba,,,,,
2026-09-12T13:31:11-05:00,PUR_IED_ColViva_Ext_1a26fa,PUR_IED_ColViva_Ext_1a26fa,,,,,
2026-09-12T13:31:11-05:00,PUR_IED_ColegioBici_Asist_7c8798,PUR_IED_ColegioBici_Asist_7c8798,,,,,
2026-09-12T13:31:11-05:00,PUR_IED_ColegioBici_Ext_25cbf6,PUR_IED_ColegioBici_Ext_25cbf6,,,,,
2026-09-12T13:31:11-05:00,PUR_IED_ColegioBici_LabQ_7b57db,PUR_IED_ColegioBici_LabQ_7b57db,,,,,
2026-09-12T13:31:11-05:00,PUR_IED_CostaRica_Ext_5e640,PUR_IED_CostaRica_Ext_5e640,,,,,
2026-09-12T13:31:11-05:00,PUR_IED_CostaRica_Quim1_766d1c,PUR_IED_CostaRica_Quim1_766d1c,,,,,
2026-09-12T13:31:11-05:00,PUR_IED_CostaRica__Fisica_6f0873,PUR_IED_CostaRica__Fisica_6f0873,,,,,
2026-09-12T13:31:11-05:00,PUR_IED_CulPopu_301A_f660f3,PUR_IED_CulPopu_301A_f660f3,,,,,
2026-09-12T13:31:11-05:00,PUR_IED_CulPopu_303_568afe,PUR_IED_CulPopu_303_568afe,,,,,
2026-09-12T13:31:11-05:00,PUR_IED_CulPopu_Ext_e02ccb,PUR_IED_CulPopu_Ext_e02ccb,,,,,
2026-09-12T13:31:11-05:00,PUR_IED_Cundinamarca_Ext_f15985,PUR_IED_Cundinamarca_Ext_f15985,,,,,
2026-09-12T13:31:11-05:00,PUR_IED_Cundinamarca_Info_7aa5d7,PUR_IED_Cundinamarca_Info_7aa5d7,,,,,
2026-09-12T13:31:11-05:00,PUR_IED_Cundinamarca_Tec2_f449c7,PUR_IED_Cundinamarca_Tec2_f449c7,,,,,
2026-09-12T13:31:11-05:00,PUR_IED_DiegoM_Aula1_27b314,PUR_IED_DiegoM_Aula1_27b314,,,,,
2026-09-12T13:31:11-05:00,PUR_IED_DiegoM_Ext_d80ac8,PUR_IED_DiegoM_Ext_d80ac8,,,,,
2026-09-12T13:31:11-05:00,PUR_IED_DiegoM_S25_da928f,PUR_IED_DiegoM_S25_da928f,,,,,
2026-09-12T13:31:11-05:00,PUR_IED_ELRODEO_360881,PUR_IED_ELRODEO_360881,,,,,
2026-09-12T13:31:11-05:00,PUR_IED_ELRODEO_ext_360881,PUR_IED_ELRODEO_ext_360881,,,,,
2026-09-12T13:31:11-05:00,PUR_IED_EduardoU_Ext_1c1969,PUR_IED_EduardoU_Ext_1c1969,,,,,
2026-09-12T13:31:11-05:00,PUR_IED_EduardoU_SCiencia_4dfb94,PUR_IED_EduardoU_SCiencia_4dfb94,,,,,
2026-09-12T13:31:11-05:00,PUR_IED_EduardoU_SQuimica_5a46e7,PUR_IED_EduardoU_SQuimica_5a46e7,,,,,
2026-09-12T13:31:11-05:00,PUR_IED_ElRodeo_Aula14_676984,PUR_IED_ElRodeo_Aula14_676984,,,,,
2026-09-12T13:31:11-05:00,PUR_IED_ElRodeo_Aula16_2dd35b,PUR_IED_ElRodeo_Aula16_2dd35b,,,,,
2026-09-12T13:31:11-05:00,PUR_IED_ElRodeo_Ext_360881,PUR_IED_ElRodeo_Ext_360881,,,,,
2026-09-12T13:31:11-05:00,PUR_IED_ElRodeo_Exterior_8c6d28,PUR_IED_ElRodeo_Exterior_8c6d28,,,,,
2026-09-12T13:31:11-05:00,PUR_IED_ElRodeo_ext_360881,PUR_IED_ElRodeo_ext_360881,,,,,
2026-09-12T13:31:11-05:00,PUR_IED_EmmaReyes_Ext_987625,PUR_IED_EmmaReyes_Ext_987625,3,22,47,4.6367,-74.1511
2026-09-12T13:31:11-05:00,PUR_IED_Ensueño_Ext_7f0250,PUR_IED_Ensueño_Ext_7f0250,,,,,
2026-09-12T13:31:11-05:00,PUR_IED_EscNormal_Ext_5fef3b,PUR_IED_EscNormal_Ext_5fef3b,2,22,51,4.5852,-74.096901
2026-09-12T13:31:11-05:00,PUR_IED_EscNormal_S309_5b263,PUR_IED_EscNormal_S309_5b263,,,,,
2026-09-12T13:31:11-05:00,PUR_IED_EscNormal_S310_27b3b8,PUR_IED_EscNormal_S310_27b3b8,,,,,
2026-09-12T13:31:11-05:00,PUR_IED_Evangelista_Conta_f6cd4f,PUR_IED_Evangelista_Conta_f6cd4f,,,,,
2026-09-12T13:31:11-05:00,PUR_IED_Evangelista_Cri_5e16a,PUR_IED_Evangelista_Cri_5e16a,,,,,
2026-09-12T13:31:11-05:00,PUR_IED_Evangelista_Exter_754066,PUR_IED_Evangelista_Exter_754066,,,,,
2026-09-12T13:31:11-05:00,PUR_IED_FMiranda_S209_5cc2a3,PUR_IED_FMiranda_S209_5cc2a3,,,,,
2026-09-12T13:31:11-05:00,PUR_IED_FMiranda_S303_19e344,PUR_IED_FMiranda_S303_19e344,,,,,
2026-09-12T13:31:11-05:00,PUR_IED_FMiranda_ext_f53e7c,PUR_IED_FMiranda_ext_f53e7c,,,,,
2026-09-12T13:31:11-05:00,PUR_IED_FabioLozano_Bibli_1cee05,PUR_IED_FabioLozano_Bibli_1cee05,,,,,
2026-09-12T13:31:11-05:00,PUR_IED_FabioLozano_Ext_6ea285,PUR_IED_FabioLozano_Ext_6ea285,,,,,
2026-09-12T13:31:11-05:00,PUR_IED_FabioLozano_SLudi_f09e1e,PUR_IED_FabioLozano_SLudi_f09e1e,,,,,
2026-09-12T13:31:11-05:00,PUR_IED_FaustinoS_Aula07_27a731,PUR_IED_FaustinoS_Aula07_27a731,,,,,
2026-09-12T13:31:11-05:00,PUR_IED_FaustinoS_Ext_7b936f,PUR_IED_FaustinoS_Ext_7b936f,,,,,
2026-09-12T13:31:11-05:00,PUR_IED_FaustinoS_Fisica_da2c60,PUR_IED_FaustinoS_Fisica_da2c60,,,,,
2026-09-12T13:31:11-05:00,PUR_IED_FeGarciaLo_Ext_dc68ee,PUR_IED_FeGarciaLo_Ext_dc68ee,,,,,
2026-09-12T13:31:11-05:00,PUR_IED_FeGarciaLo_SDanza_f70a59,PUR_IED_FeGarciaLo_SDanza_f70a59,,,,,
2026-09-12T13:31:11-05:00,PUR_IED_FeGarciaLo_SMusic_125cdd,PUR_IED_FeGarciaLo_SMusic_125cdd,,,,,
2026-09-12T13:31:11-05:00,PUR_IED_FederalAlema_Exte_50c345,PUR_IED_FederalAlema_Exte_50c345,,,,,
2026-09-12T13:31:11-05:00,PUR_IED_FederalAlema_S31_f18371,PUR_IED_FederalAlema_S31_f18371,,,,,
2026-09-12T13:31:11-05:00,PUR_IED_FederalAlema_S901_a62cd,PUR_IED_FederalAlema_S901_a62cd,,,,,
2026-09-12T13:31:11-05:00,PUR_IED_FilarmonicaS_A5_f35eb1,PUR_IED_FilarmonicaS_A5_f35eb1,,,,,
2026-09-12T13:31:11-05:00,PUR_IED_FilarmonicaS_Ext_8a3bde,PUR_IED_FilarmonicaS_Ext_8a3bde,,,,,
2026-09-12T13:31:11-05:00,PUR_IED_FilarmonicaS_Spol_406114,PUR_IED_FilarmonicaS_Spol_406114,,,,,
2026-09-12T13:31:11-05:00,PUR_IED_FlorentinoG_A13_d1fa59,PUR_IED_FlorentinoG_A13_d1fa59,,,,,
2026-09-12T13:31:11-05:00,PUR_IED_FlorentinoG_Ext_1ce6ce,PUR_IED_FlorentinoG_Ext_1ce6ce,,,,,
2026-09-12T13:31:11-05:00,PUR_IED_FlorentinoG_Idiom_a66aac,PUR_IED_FlorentinoG_Idiom_a66aac,,,,,
2026-09-12T13:31:11-05:00,PUR_IED_FranciscoMati_Ext_e3869d,PUR_IED_FranciscoMati_Ext_e3869d,,,,,
2026-09-12T13:31:11-05:00,PUR_IED_FranciscoMati_S13_f31c67,PUR_IED_FranciscoMati_S13_f31c67,,,,,
2026-09-12T13:31:11-05:00,PUR_IED_FranciscoMati_S14_97dead,PUR_IED_FranciscoMati_S14_97dead,,,,,
2026-09-12T13:31:11-05:00,PUR_IED_FranciscoPS_Ext_7bfa9a,PUR_IED_FranciscoPS_Ext_7bfa9a,2,23,51,4.5899,-74.110397
2026-09-12T13:31:11-05:00,PUR_IED_FranciscoPS_Infor_fb8f4c,PUR_IED_FranciscoPS_Infor_fb8f4c,,,,,
2026-09-12T13:31:11-05:00,PUR_IED_FranciscoPS_Quimi_94d39c,PUR_IED_FranciscoPS_Quimi_94d39c,,,,,
2026-09-12T13:31:11-05:00,PUR_IED_FranciscoP_LabQ_d7e148,PUR_IED_FranciscoP_LabQ_d7e148,,,,,
2026-09-12T13:31:11-05:00,PUR_IED_FranciscoP_S28_cf9b30,PUR_IED_FranciscoP_S28_cf9b30,,,,,
2026-09-12T13:31:11-05:00,PUR_IED_FranciscoP_ext_e2313,PUR_IED_FranciscoP_ext_e2313,,,,,
2026-09-12T13:31:11-05:00,PUR_IED_FriederichN_Ext_8ac92a,PUR_IED_FriederichN_Ext_8ac92a,,,,,
2026-09-12T13:31:11-05:00,PUR_IED_FriederichN_S301_dd7e5a,PUR_IED_FriederichN_S301_dd7e5a,,,,,
2026-09-12T13:31:11-05:00,PUR_IED_FriederichN_S308_761f4f,PUR_IED_FriederichN_S308_761f4f,,,,,
2026-09-12T13:31:11-05:00,PUR_IED_GSantander_Aula10_533dd7,PUR_IED_GSantander_Aula10_533dd7,,,,,
2026-09-12T13:31:11-05:00,PUR_IED_GSantander_Aula12_fd4e4f,PUR_IED_GSantander_Aula12_fd4e4f,,,,,
2026-09-12T13:31:11-05:00,PUR_IED_GSantander_Aula310_533dd7,PUR_IED_GSantander_Aula310_533dd7,,,,,
2026-09-12T13:31:11-05:00,PUR_IED_GSantander_Aula312_fd4e4f,PUR_IED_GSantander_Aula312_fd4e4f,,,,,
2026-09-12T13:31:11-05:00,PUR_IED_GSantander_Ext_5f66b0,PUR_IED_GSantander_Ext_5f66b0,,,,,
2026-09-12T13:31:11-05:00,PUR_IED_GYomasa_Ext_f6bea5,PUR_IED_GYomasa_Ext_f6bea5,,,,,
2026-09-12T13:31:11-05:00,PUR_IED_GYomasa_LBiol_2c41aa,PUR_IED_GYomasa_LBiol_2c41aa,,,,,
2026-09-12T13:31:11-05:00,PUR_IED_GYomasa_LQuim_33c80,PUR_IED_GYomasa_LQuim_33c80,,,,,
2026-09-12T13:31:11-05:00,PUR_IED_GabBetMejia_Cienc_5a99c,PUR_IED_GabBetMejia_Cienc_5a99c,,,,,
2026-09-12T13:31:11-05:00,PUR_IED_GabBetMejia_Ext_9153d0,PUR_IED_GabBetMejia_Ext_9153d0,,,,,
2026-09-12T13:31:11-05:00,PUR_IED_GabBetMejia_Lab_f55347,PUR_IED_GabBetMejia_Lab_f55347,,,,,
2026-09-12T13:31:11-05:00,PUR_IED_GabBetanMejia_Ext_9153d0,PUR_IED_GabBetanMejia_Ext_9153d0,,,,,
2026-09-12T13:31:11-05:00,PUR_IED_Gaitana_Aula13_7aac11,PUR_IED_Gaitana_Aula13_7aac11,,,,,
2026-09-12T13:31:11-05:00,PUR_IED_Gaitana_Ext_5fcf4,PUR_IED_Gaitana_Ext_5fcf4,,,,,
2026-09-12T13:31:11-05:00,PUR_IED_Gaitana_LabFisica_644448,PUR_IED_Gaitana_LabFisica_644448,,,,,
2026-09-12T13:31:11-05:00,PUR_IED_GenSantander_Dise_8ac858,PUR_IED_GenSantander_Dise_8ac858,,,,,
2026-09-12T13:31:11-05:00,PUR_IED_GenSantander_Ext_8d5dfe,PUR_IED_GenSantander_Ext_8d5dfe,,,,,
2026-09-12T13:31:11-05:00,PUR_IED_GenSantander_Info_6c25b,PUR_IED_GenSantander_Info_6c25b,,,,,
2026-09-12T13:31:11-05:00,PUR_IED_GustavoMo_Exterio_75e63d,PUR_IED_GustavoMo_Exterio_75e63d,,,,,
2026-09-12T13:31:11-05:00,PUR_IED_GustavoMo_LabFisi_224d37,PUR_IED_GustavoMo_LabFisi_224d37,,,,,
2026-09-12T13:31:11-05:00,PUR_IED_GustavoMo_S208_3e6918,PUR_IED_GustavoMo_S208_3e6918,,,,,
2026-09-12T13:31:11-05:00,PUR_IED_GustavoR_A02_8cd4a8,PUR_IED_GustavoR_A02_8cd4a8,,,,,
2026-09-12T13:31:11-05:00,PUR_IED_GustavoR_B11_5b0ed,PUR_IED_GustavoR_B11_5b0ed,,,,,
2026-09-12T13:31:11-05:00,PUR_IED_GustavoR_Ext_7a0c90,PUR_IED_GustavoR_Ext_7a0c90,,,,,
2026-09-12T13:31:11-05:00,PUR_IED_HernandoDuran_Ext_8cd82b,PUR_IED_HernandoDuran_Ext_8cd82b,,,,,
2026-09-12T13:31:11-05:00,PUR_IED_HernandoDuran_S24_2772c6,PUR_IED_HernandoDuran_S24_2772c6,,,,,
2026-09-12T13:31:11-05:00,PUR_IED_HernandoDuran_S30_f2de41,PUR_IED_HernandoDuran_S30_f2de41,,,,,
2026-09-12T13:31:11-05:00,PUR_IED_HolguInUr_S1101_8cd732,PUR_IED_HolguInUr_S1101_8cd732,,,,,
2026-09-12T13:31:11-05:00,PUR_IED_HolguinUr_Exter_ddae6d,PUR_IED_HolguinUr_Exter_ddae6d,,,,,
2026-09-12T13:31:11-05:00,PUR_IED_HolguinUr_LabQuim_92b952,PUR_IED_HolguinUr_LabQuim_92b952,,,,,
2026-09-12T13:31:11-05:00,PUR_IED_Isabel-II_Ext_5245cc,PUR_IED_Isabel-II_Ext_5245cc,2,20,51,4.6336,-74.153
2026-09-12T13:31:11-05:00,PUR_IED_Isabel-II_S_idiom_1c29aa,PUR_IED_Isabel-II_S_idiom_1c29aa,,,,,
2026-09-12T13:31:11-05:00,PUR_IED_Isabel-II_S_infor_fd741,PUR_IED_Isabel-II_S_infor_fd741,,,,,
2026-09-12T13:31:11-05:00,PUR_IED_IsidroSur_Exterio_5b90ea,PUR_IED_IsidroSur_Exterio_5b90ea,,,,,
2026-09-12T13:31:11-05:00,PUR_IED_IsidroSur_LabTec_56697a,PUR_IED_IsidroSur_LabTec_56697a,,,,,
2026-09-12T13:31:11-05:00,PUR_IED_IsidroSur_Robotic_b7c38f,PUR_IED_IsidroSur_Robotic_b7c38f,,,,,
2026-09-12T13:31:11-05:00,PUR_IED_IsmaelPerd_Ext_7b6672,PUR_IED_IsmaelPerd_Ext_7b6672,,,,,
2026-09-12T13:31:11-05:00,PUR_IED_IsmaelPerd_Inform_306540,PUR_IED_IsmaelPerd_Inform_306540,,,,,
2026-09-12T13:31:11-05:00,PUR_IED_IsmaelPerd_S30_2e2c83,PUR_IED_IsmaelPerd_S30_2e2c83,,,,,
2026-09-12T13:31:11-05:00,PUR_IED_JLozano_Exter_432910,PUR_IED_JLozano_Exter_432910,,,,,
2026-09-12T13:31:11-05:00,PUR_IED_JLozano_salaMulti_df5125,PUR_IED_JLozano_salaMulti_df5125,,,,,
2026-09-12T13:31:11-05:00,PUR_IED_JMCordoba_206_86f80b,PUR_IED_JMCordoba_206_86f80b,,,,,
2026-09-12T13:31:11-05:00,PUR_IED_JMCordoba_Ext_27ad97,PUR_IED_JMCordoba_Ext_27ad97,,,,,
2026-09-12T13:31:11-05:00,PUR_IED_JMCordoba_S310_d59ab4,PUR_IED_JMCordoba_S310_d59ab4,,,,,
2026-09-12T13:31:11-05:00,PUR_IED_Japon_Ext_549100,PUR_IED_Japon_Ext_549100,,,,,
2026-09-12T13:31:11-05:00,PUR_IED_Japon_Laboratorio_bec51d,PUR_IED_Japon_Laboratorio_bec51d,,,,,
2026-09-12T13:31:11-05:00,PUR_IED_Japon_informatica_d99327,PUR_IED_Japon_informatica_d99327,,,,,
2026-09-12T13:31:11-05:00,PUR_IED_Jazmin_Ext_d27bda,PUR_IED_Jazmin_Ext_d27bda,,,,,
2026-09-12T13:31:11-05:00,PUR_IED_Jazmin_Fisica_8d14d7,PUR_IED_Jazmin_Fisica_8d14d7,,,,,
2026-09-12T13:31:11-05:00,PUR_IED_Jazmin_Quimica_801cb5,PUR_IED_Jazmin_Quimica_801cb5,,,,,
2026-09-12T13:31:11-05:00,PUR_IED_JorgeGaitan_Exter_f098d1,PUR_IED_JorgeGaitan_Exter_f098d1,,,,,
2026-09-12T13:31:11-05:00,PUR_IED_JorgeGaitan_STec1_dc9d1d,PUR_IED_JorgeGaitan_STec1_dc9d1d,,,,,
2026-09-12T13:31:11-05:00,PUR_IED_JorgeGaitan_STec2_281e69,PUR_IED_JorgeGaitan_STec2_281e69,,,,,
2026-09-12T13:31:11-05:00,PUR_IED_JorgeSoto_Exterio_d9d0a2,PUR_IED_JorgeSoto_Exterio_d9d0a2,,,,,
2026-09-12T13:31:11-05:00,PUR_IED_JorgeSoto_LabFisi_209c54,PUR_IED_JorgeSoto_LabFisi_209c54,,,,,
2026-09-12T13:31:11-05:00,PUR_IED_JorgeSoto_S103_27b51a,PUR_IED_JorgeSoto_S103_27b51a,,,,,
2026-09-12T13:31:11-05:00,PUR_IED_JoseAcevedo_A02_e965eb,PUR_IED_JoseAcevedo_A02_e965eb,,,,,
2026-09-12T13:31:11-05:00,PUR_IED_JoseAcevedo_A07_dd5b4,PUR_IED_JoseAcevedo_A07_dd5b4,,,,,
2026-09-12T13:31:11-05:00,PUR_IED_JoseAcevedo_Ext_b47484,PUR_IED_JoseAcevedo_Ext_b47484,,,,,
2026-09-12T13:31:11-05:00,PUR_IED_JoseMarti_Exte_5b9bf,PUR_IED_JoseMarti_Exte_5b9bf,,,,,
2026-09-12T13:31:11-05:00,PUR_IED_JoseMarti_LabQuim_1c6c2d,PUR_IED_JoseMarti_LabQuim_1c6c2d,,,,,
2026-09-12T13:31:11-05:00,PUR_IED_JoseMarti_S_info_f5f177,PUR_IED_JoseMarti_S_info_f5f177,,,,,
2026-09-12T13:31:11-05:00,PUR_IED_Josejoaquin_Ext_dfc5dc,PUR_IED_Josejoaquin_Ext_dfc5dc,,,,,
2026-09-12T13:31:11-05:00,PUR_IED_Josejoaquin_S05_5b2a96,PUR_IED_Josejoaquin_S05_5b2a96,,,,,
2026-09-12T13:31:11-05:00,PUR_IED_Josejoaquin_S06_1ce7d2,PUR_IED_Josejoaquin_S06_1ce7d2,,,,,
2026-09-12T13:31:11-05:00,PUR_IED_JulioFlorez_Danza_9b82dd,PUR_IED_JulioFlorez_Danza_9b82dd,,,,,
2026-09-12T13:31:11-05:00,PUR_IED_JulioFlorez_Exter_f9f314,PUR_IED_JulioFlorez_Exter_f9f314,,,,,
2026-09-12T13:31:11-05:00,PUR_IED_JulioFlorez_info2_6b6e08,PUR_IED_JulioFlorez_info2_6b6e08,,,,,
2026-09-12T13:31:11-05:00,PUR_IED_LaBelleza_Aula13_1d00d8,PUR_IED_LaBelleza_Aula13_1d00d8,,,,,
2026-09-12T13:31:11-05:00,PUR_IED_LaBelleza_Ext_7bc08c,PUR_IED_LaBelleza_Ext_7bc08c,,,,,
2026-09-12T13:31:11-05:00,PUR_IED_LaChucua_Ext_8cd6d2,PUR_IED_LaChucua_Ext_8cd6d2,,,,,
2026-09-12T13:31:11-05:00,PUR_IED_LaChucua_S15_f578ce,PUR_IED_LaChucua_S15_f578ce,,,,,
2026-09-12T13:31:11-05:00,PUR_IED_LaChucua_S16_eebcf9,PUR_IED_LaChucua_S16_eebcf9,,,,,
2026-09-12T13:31:11-05:00,PUR_IED_LaFelicidad_Ext_fb5109,PUR_IED_LaFelicidad_Ext_fb5109,,,,,
2026-09-12T13:31:11-05:00,PUR_IED_LaMerced_206_66ebd,PUR_IED_LaMerced_206_66ebd,,,,,
2026-09-12T13:31:11-05:00,PUR_IED_LaMerced_207_6ebd6,PUR_IED_LaMerced_207_6ebd6,,,,,
2026-09-12T13:31:11-05:00,PUR_IED_LaMerced_ext_304311,PUR_IED_LaMerced_ext_304311,,,,,
2026-09-12T13:31:11-05:00,PUR_IED_Laureano_CiencNat_281e5e,PUR_IED_Laureano_CiencNat_281e5e,,,,,
2026-09-12T13:31:11-05:00,PUR_IED_Laureano_Comedor_f65c0a,PUR_IED_Laureano_Comedor_f65c0a,,,,,
2026-09-12T13:31:11-05:00,PUR_IED_Laureano_Exterior_7ab011,PUR_IED_Laureano_Exterior_7ab011,,,,,
2026-09-12T13:31:11-05:00,PUR_IED_LeonGreiff_Exte_dfe560,PUR_IED_LeonGreiff_Exte_dfe560,,,,,
2026-09-12T13:31:11-05:00,PUR_IED_LeonGreiff_S210_f264ed,PUR_IED_LeonGreiff_S210_f264ed,,,,,
2026-09-12T13:31:11-05:00,PUR_IED_LeonGreiff_SQuimi_e8296f,PUR_IED_LeonGreiff_SQuimi_e8296f,,,,,
2026-09-12T13:31:11-05:00,PUR_IED_LlanoOrientalS208_7b9fcd,PUR_IED_LlanoOrientalS208_7b9fcd,,,,,
2026-09-12T13:31:11-05:00,PUR_IED_LlanoOriental_Ext_fb3766,PUR_IED_LlanoOriental_Ext_fb3766,,,,,
2026-09-12T13:31:11-05:00,PUR_IED_LlanoOriental_S208_7b9fcd,PUR_IED_LlanoOriental_S208_7b9fcd,,,,,
2026-09-12T13:31:11-05:00,PUR_IED_LlanoOriental_S9_27b378,PUR_IED_LlanoOriental_S9_27b378,,,,,
2026-09-12T13:31:11-05:00,PUR_IED_LosTejares_1101_477602,PUR_IED_LosTejares_1101_477602,,,,,
2026-09-12T13:31:11-05:00,PUR_IED_LosTejares_11_d2c595,PUR_IED_LosTejares_11_d2c595,,,,,
2026-09-12T13:31:11-05:00,PUR_IED_LosTejares_12_477602,PUR_IED_LosTejares_12_477602,,,,,
2026-09-12T13:31:11-05:00,PUR_IED_LosTejares_Ext_8e2115,PUR_IED_LosTejares_Ext_8e2115,,,,,
2026-09-12T13:31:11-05:00,PUR_IED_MagdalenaO_B202_5ddda3,PUR_IED_MagdalenaO_B202_5ddda3,,,,,
2026-09-12T13:31:11-05:00,PUR_IED_MagdalenaO_B205_fb76e8,PUR_IED_MagdalenaO_B205_fb76e8,,,,,
2026-09-12T13:31:11-05:00,PUR_IED_MagdalenaO_ext_dc69cd,PUR_IED_MagdalenaO_ext_dc69cd,,,,,
2026-09-12T13:31:11-05:00,PUR_IED_ManueCepeda_artes_eee956,PUR_IED_ManueCepeda_artes_eee956,,,,,
2026-09-12T13:31:11-05:00,PUR_IED_ManuelCepeda_Ext_58313,PUR_IED_ManuelCepeda_Ext_58313,,,,,
2026-09-12T13:31:11-05:00,PUR_IED_ManuelCepeda_tec_1c5731,PUR_IED_ManuelCepeda_tec_1c5731,,,,,
2026-09-12T13:31:11-05:00,PUR_IED_ManuelS_Exterior_5b269,PUR_IED_ManuelS_Exterior_5b269,,,,,
2026-09-12T13:31:11-05:00,PUR_IED_ManuelS_Inform_f369ce,PUR_IED_ManuelS_Inform_f369ce,,,,,
2026-09-12T13:31:11-05:00,PUR_IED_ManuelS_SArtes_7d15f1,PUR_IED_ManuelS_SArtes_7d15f1,,,,,
2026-09-12T13:31:11-05:00,PUR_IED_ManuelZapata_303_3ca6,PUR_IED_ManuelZapata_303_3ca6,,,,,
2026-09-12T13:31:11-05:00,PUR_IED_ManuelZapata_311_bfbabc,PUR_IED_ManuelZapata_311_bfbabc,,,,,
2026-09-12T13:31:11-05:00,PUR_IED_ManuelZapata_Ext_50824a,PUR_IED_ManuelZapata_Ext_50824a,,,,,
2026-09-12T13:31:11-05:00,PUR_IED_ManuelitaS_Exteri_656a92,PUR_IED_ManuelitaS_Exteri_656a92,,,,,
2026-09-12T13:31:11-05:00,PUR_IED_ManuelitaS_JuzgDe_f58ec3,PUR_IED_ManuelitaS_JuzgDe_f58ec3,,,,,
2026-09-12T13:31:11-05:00,PUR_IED_ManuelitaS_Recrea_d793db,PUR_IED_ManuelitaS_Recrea_d793db,,,,,
2026-09-12T13:31:11-05:00,PUR_IED_MarFidSuarez_Ext_c27b19,PUR_IED_MarFidSuarez_Ext_c27b19,,,,,
2026-09-12T13:31:11-05:00,PUR_IED_MarFidSuarez_Info_e384d7,PUR_IED_MarFidSuarez_Info_e384d7,,,,,
2026-09-12T13:31:11-05:00,PUR_IED_MarFidSuarez_S306_1d0032,PUR_IED_MarFidSuarez_S306_1d0032,,,,,
2026-09-12T13:31:11-05:00,PUR_IED_Menorah_301_2a25a3,PUR_IED_Menorah_301_2a25a3,,,,,
2026-09-12T13:31:11-05:00,PUR_IED_Menorah_306_37ed3,PUR_IED_Menorah_306_37ed3,,,,,
2026-09-12T13:31:11-05:00,PUR_IED_Menorah_Ext_3e155b,PUR_IED_Menorah_Ext_3e155b,,,,,
2026-09-12T13:31:11-05:00,PUR_IED_MinutoB.Aires_A11_1b1604,PUR_IED_MinutoB.Aires_A11_1b1604,,,,,
2026-09-12T13:31:11-05:00,PUR_IED_MinutoB.Aires_A12_fb5860,PUR_IED_MinutoB.Aires_A12_fb5860,,,,,
2026-09-12T13:31:11-05:00,PUR_IED_MinutoB.Aires_Ext_81293f,PUR_IED_MinutoB.Aires_Ext_81293f,,,,,
2026-09-12T13:31:11-05:00,PUR_IED_MinutoBAires_A11_1b1604,PUR_IED_MinutoBAires_A11_1b1604,,,,,
2026-09-12T13:31:11-05:00,PUR_IED_MinutoBAires_A12_fb5860,PUR_IED_MinutoBAires_A12_fb5860,,,,,
2026-09-12T13:31:11-05:00,PUR_IED_MinutoBAires_Ext_81293f,PUR_IED_MinutoBAires_Ext_81293f,,,,,
2026-09-12T13:31:11-05:00,PUR_IED_Montreal_Aula10_1e4959,PUR_IED_Montreal_Aula10_1e4959,,,,,
2026-09-12T13:31:11-05:00,PUR_IED_Montreal_Aula6_300367,PUR_IED_Montreal_Aula6_300367,,,,,
2026-09-12T13:31:11-05:00,PUR_IED_Montreal_Exterior_91a179,PUR_IED_Montreal_Exterior_91a179,,,,,
2026-09-12T13:31:11-05:00,PUR_IED_Mqgdalena_B202_5ddda3,PUR_IED_Mqgdalena_B202_5ddda3,,,,,
2026-09-12T13:31:11-05:00,PUR_IED_NACUND_Soc_dc8728,PUR_IED_NACUND_Soc_dc8728,,,,,
2026-09-12T13:31:11-05:00,PUR_IED_NACUND_ext_27ad97,PUR_IED_NACUND_ext_27ad97,,,,,
2026-09-12T13:31:11-05:00,PUR_IED_NEsperanza_Ext_d24b61,PUR_IED_NEsperanza_Ext_d24b61,,,,,
2026-09-12T13:31:11-05:00,PUR_IED_NEsperanza_SElect_7d1807,PUR_IED_NEsperanza_SElect_7d1807,,,,,
2026-09-12T13:31:11-05:00,PUR_IED_NEsperanza_SLabor_8b2d0a,PUR_IED_NEsperanza_SLabor_8b2d0a,,,,,
2026-09-12T13:31:11-05:00,PUR_IED_NacionesU_Ext_f661a9,PUR_IED_NacionesU_Ext_f661a9,,,,,
2026-09-12T13:31:11-05:00,PUR_IED_NacionesU_Quimica_66f0a,PUR_IED_NacionesU_Quimica_66f0a,,,,,
2026-09-12T13:31:11-05:00,PUR_IED_NacionesU_S306_1b4b3d,PUR_IED_NacionesU_S306_1b4b3d,,,,,
2026-09-12T13:31:11-05:00,PUR_IED_NestorFA_Ext_e4201c,PUR_IED_NestorFA_Ext_e4201c,,,,,
2026-09-12T13:31:11-05:00,PUR_IED_NestorFA_Laborato_f22fe0,PUR_IED_NestorFA_Laborato_f22fe0,,,,,
2026-09-12T13:31:11-05:00,PUR_IED_NestorFA_S204_dee996,PUR_IED_NestorFA_S204_dee996,,,,,
2026-09-12T13:31:11-05:00,PUR_IED_NidyaQT_Aula03_76999b,PUR_IED_NidyaQT_Aula03_76999b,,,,,
2026-09-12T13:31:11-05:00,PUR_IED_NidyaQT_Aula10_56325,PUR_IED_NidyaQT_Aula10_56325,,,,,
2026-09-12T13:31:11-05:00,PUR_IED_NidyaQT_Ext_46e32d,PUR_IED_NidyaQT_Ext_46e32d,,,,,
2026-09-12T13:31:11-05:00,PUR_IED_NuevaCol_Exterior_d9b859,PUR_IED_NuevaCol_Exterior_d9b859,,,,,
2026-09-12T13:31:11-05:00,PUR_IED_NuevaCol_S1101_76c43b,PUR_IED_NuevaCol_S1101_76c43b,,,,,
2026-09-12T13:31:11-05:00,PUR_IED_NuevaCol_S1102_1ce0b5,PUR_IED_NuevaCol_S1102_1ce0b5,,,,,
2026-09-12T13:31:11-05:00,PUR_IED_OEA_A202_f7e3f2,PUR_IED_OEA_A202_f7e3f2,,,,,
2026-09-12T13:31:11-05:00,PUR_IED_OEA_A203_7d1b8d,PUR_IED_OEA_A203_7d1b8d,,,,,
2026-09-12T13:31:11-05:00,PUR_IED_OEA_Ext_27b593,PUR_IED_OEA_Ext_27b593,,,,,
2026-09-12T13:31:11-05:00,PUR_IED_Ochoa_Ext_1c29da,PUR_IED_Ochoa_Ext_1c29da,,,,,
2026-09-12T13:31:11-05:00,PUR_IED_Ochoa_S205_8b1121,PUR_IED_Ochoa_S205_8b1121,,,,,
2026-09-12T13:31:11-05:00,PUR_IED_Ochoa_Sistemas_f33af6,PUR_IED_Ochoa_Sistemas_f33af6,,,,,
2026-09-12T13:31:11-05:00,PUR_IED_PQuebec_Ext_1c67c7,PUR_IED_PQuebec_Ext_1c67c7,,,,,
2026-09-12T13:31:11-05:00,PUR_IED_PQuebec_S15_23e8e2,PUR_IED_PQuebec_S15_23e8e2,,,,,
2026-09-12T13:31:11-05:00,PUR_IED_PQuebec_S16_8ec76b,PUR_IED_PQuebec_S16_8ec76b,,,,,
2026-09-12T13:31:11-05:00,PUR_IED_PabloN_Ext_49dc96,PUR_IED_PabloN_Ext_49dc96,,,,,
2026-09-12T13:31:11-05:00,PUR_IED_PabloN_S1102_4e3df5,PUR_IED_PabloN_S1102_4e3df5,,,,,
2026-09-12T13:31:11-05:00,PUR_IED_PabloN_S1103_50c94b,PUR_IED_PabloN_S1103_50c94b,,,,,
2026-09-12T13:31:11-05:00,PUR_IED_Palestina_S1101_db9198,PUR_IED_Palestina_S1101_db9198,,,,,
2026-09-12T13:31:11-05:00,PUR_IED_Palestina_S1102_dc54fa,PUR_IED_Palestina_S1102_dc54fa,,,,,
2026-09-12T13:31:11-05:00,PUR_IED_Palestina_ext_4ccce6,PUR_IED_Palestina_ext_4ccce6,,,,,
2026-09-12T13:31:11-05:00,PUR_IED_Panama_Fisica_4d0794,PUR_IED_Panama_Fisica_4d0794,,,,,
2026-09-12T13:31:11-05:00,PUR_IED_Panama_SIngles_a4077e,PUR_IED_Panama_SIngles_a4077e,,,,,
2026-09-12T13:31:11-05:00,PUR_IED_Panama_ext_4c54b4,PUR_IED_Panama_ext_4c54b4,,,,,
2026-09-12T13:31:11-05:00,PUR_IED_ParaisoM_Exterior_8cd7f0,PUR_IED_ParaisoM_Exterior_8cd7f0,,,,,
2026-09-12T13:31:11-05:00,PUR_IED_ParaisoM_Laborato_27af35,PUR_IED_ParaisoM_Laborato_27af35,,,,,
2026-09-12T13:31:11-05:00,PUR_IED_ParaisoM_S304_d1edca,PUR_IED_ParaisoM_S304_d1edca,,,,,
2026-09-12T13:31:11-05:00,PUR_IED_PorfirioBarba_Ext_301466,PUR_IED_PorfirioBarba_Ext_301466,,,,,
2026-09-12T13:31:11-05:00,PUR_IED_PorfirioBarba_S11_df6cd2,PUR_IED_PorfirioBarba_S11_df6cd2,,,,,
2026-09-12T13:31:11-05:00,PUR_IED_PorfirioBarba_S29_27a7d6,PUR_IED_PorfirioBarba_S29_27a7d6,,,,,
2026-09-12T13:31:11-05:00,PUR_IED_PradoV_Exter_8b27ad,PUR_IED_PradoV_Exter_8b27ad,,,,,
2026-09-12T13:31:11-05:00,PUR_IED_PradoV_S301_de65b5,PUR_IED_PradoV_S301_de65b5,,,,,
2026-09-12T13:31:11-05:00,PUR_IED_PradoV_S302_7d2593,PUR_IED_PradoV_S302_7d2593,,,,,
2026-09-12T13:31:11-05:00,PUR_IED_QuirogaAlz_Ext_1ddc82,PUR_IED_QuirogaAlz_Ext_1ddc82,,,,,
2026-09-12T13:31:11-05:00,PUR_IED_QuirogaAlz_S302_9926a3,PUR_IED_QuirogaAlz_S302_9926a3,,,,,
2026-09-12T13:31:11-05:00,PUR_IED_QuirogaAlz_S305_cdf1f1,PUR_IED_QuirogaAlz_S305_cdf1f1,,,,,
2026-09-12T13:31:11-05:00,PUR_IED_RGuatemala_Biling_dc53b7,PUR_IED_RGuatemala_Biling_dc53b7,,,,,
2026-09-12T13:31:11-05:00,PUR_IED_RGuatemala_Ext_1b89a3,PUR_IED_RGuatemala_Ext_1b89a3,,,,,
2026-09-12T13:31:11-05:00,PUR_IED_RGuatemala_Tecnol_281a34,PUR_IED_RGuatemala_Tecnol_281a34,,,,,
2026-09-12T13:31:11-05:00,PUR_IED_RafaNu_Ext_f7c302,PUR_IED_RafaNu_Ext_f7c302,,,,,
2026-09-12T13:31:11-05:00,PUR_IED_RafaNu_S1101_25fde,PUR_IED_RafaNu_S1101_25fde,,,,,
2026-09-12T13:31:11-05:00,PUR_IED_RafaNu_S1102_281517,PUR_IED_RafaNu_S1102_281517,,,,,
2026-09-12T13:31:11-05:00,PUR_IED_RafaelB_S305_ee2783,PUR_IED_RafaelB_S305_ee2783,,,,,
2026-09-12T13:31:11-05:00,PUR_IED_RafaelB_S306_75fe33,PUR_IED_RafaelB_S306_75fe33,,,,,
2026-09-12T13:31:11-05:00,PUR_IED_RafaelB_ext_283336,PUR_IED_RafaelB_ext_283336,3,20,56,4.6722,-74.0737
2026-09-12T13:31:11-05:00,PUR_IED_RafaelUU_Exterior_281a51,PUR_IED_RafaelUU_Exterior_281a51,,,,,
2026-09-12T13:31:11-05:00,PUR_IED_RafaelUU_Human_806b2,PUR_IED_RafaelUU_Human_806b2,,,,,
2026-09-12T13:31:11-05:00,PUR_IED_RafaelUU_Mate2_5680d4,PUR_IED_RafaelUU_Mate2_5680d4,,,,,
2026-09-12T13:31:11-05:00,PUR_IED_RamonSub_Ext_f9eeb9,PUR_IED_RamonSub_Ext_f9eeb9,,,,,
2026-09-12T13:31:11-05:00,PUR_IED_RamonSub_Media_d1f62f,PUR_IED_RamonSub_Media_d1f62f,,,,,
2026-09-12T13:31:11-05:00,PUR_IED_RamonSub_planta_51b82,PUR_IED_RamonSub_planta_51b82,,,,,
2026-09-12T13:31:11-05:00,PUR_IED_RepBoliVene_Exter_27af7c,PUR_IED_RepBoliVene_Exter_27af7c,,,,,
2026-09-12T13:31:11-05:00,PUR_IED_RepBoliVene_SCPT_5ae2ee,PUR_IED_RepBoliVene_SCPT_5ae2ee,,,,,
2026-09-12T13:31:11-05:00,PUR_IED_RepBoliVene_Socia_4b11d5,PUR_IED_RepBoliVene_Socia_4b11d5,,,,,
2026-09-12T13:31:11-05:00,PUR_IED_RepChina_Ext_76d9ee,PUR_IED_RepChina_Ext_76d9ee,,,,,
2026-09-12T13:31:11-05:00,PUR_IED_RepChina_S404_7c804c,PUR_IED_RepChina_S404_7c804c,,,,,
2026-09-12T13:31:11-05:00,PUR_IED_RepChina_S405_df2c33,PUR_IED_RepChina_S405_df2c33,,,,,
2026-09-12T13:31:11-05:00,PUR_IED_RepublicaC_Exteri_7d1ec9,PUR_IED_RepublicaC_Exteri_7d1ec9,,,,,
2026-09-12T13:31:11-05:00,PUR_IED_RepublicaC_S1101_f544b3,PUR_IED_RepublicaC_S1101_f544b3,,,,,
2026-09-12T13:31:11-05:00,PUR_IED_RepublicaC_S1102_7aafc7,PUR_IED_RepublicaC_S1102_7aafc7,,,,,
2026-09-12T13:31:11-05:00,PUR_IED_Ricaurte_Externo_a0ea1,PUR_IED_Ricaurte_Externo_a0ea1,,,,,
2026-09-12T13:31:11-05:00,PUR_IED_Ricaurte_S210_f546fd,PUR_IED_Ricaurte_S210_f546fd,,,,,
2026-09-12T13:31:11-05:00,PUR_IED_Ricaurte_S309_d4452,PUR_IED_Ricaurte_S309_d4452,,,,,
2026-09-12T13:31:11-05:00,PUR_IED_RogelioS_1102_531e69,PUR_IED_RogelioS_1102_531e69,,,,,
2026-09-12T13:31:11-05:00,PUR_IED_RogelioS_Ext_f25a18,PUR_IED_RogelioS_Ext_f25a18,,,,,
2026-09-12T13:31:11-05:00,PUR_IED_SBernardino_Ext_27aff8,PUR_IED_SBernardino_Ext_27aff8,,,,,
2026-09-12T13:31:11-05:00,PUR_IED_SBernardino_SArte_2ffd33,PUR_IED_SBernardino_SArte_2ffd33,,,,,
2026-09-12T13:31:11-05:00,PUR_IED_SBernardino_SIngl_7c7da5,PUR_IED_SBernardino_SIngl_7c7da5,,,,,
2026-09-12T13:31:11-05:00,PUR_IED_Sago_auditorio_dc9d1d,PUR_IED_Sago_auditorio_dc9d1d,,,,,
2026-09-12T13:31:11-05:00,PUR_IED_Saludcoop_Ext_95aac3,PUR_IED_Saludcoop_Ext_95aac3,,,,,
2026-09-12T13:31:11-05:00,PUR_IED_Saludcoop_InfI_90c854,PUR_IED_Saludcoop_InfI_90c854,,,,,
2026-09-12T13:31:11-05:00,PUR_IED_Saludcoop_SMedia_1b93be,PUR_IED_Saludcoop_SMedia_1b93be,,,,,
2026-09-12T13:31:11-05:00,PUR_IED_SanCarlos_1101_1a2360,PUR_IED_SanCarlos_1101_1a2360,,,,,
2026-09-12T13:31:11-05:00,PUR_IED_SanCarlos_1103_7bafb5,PUR_IED_SanCarlos_1103_7bafb5,,,,,
2026-09-12T13:31:11-05:00,PUR_IED_SanCarlos_Ext_b7cd1,PUR_IED_SanCarlos_Ext_b7cd1,,,,,
2026-09-12T13:31:11-05:00,PUR_IED_SanIgnacioBosa11a_50c26e,PUR_IED_SanIgnacioBosa11a_50c26e,,,,,
2026-09-12T13:31:11-05:00,PUR_IED_SanIgnacioBosa11b_371de8,PUR_IED_SanIgnacioBosa11b_371de8,,,,,
2026-09-12T13:31:11-05:00,PUR_IED_SanIgnacioBosaExt_ef0ffc,PUR_IED_SanIgnacioBosaExt_ef0ffc,,,,,
2026-09-12T13:31:11-05:00,PUR_IED_SanIgnacioBosa_11a_50c26e,PUR_IED_SanIgnacioBosa_11a_50c26e,,,,,
2026-09-12T13:31:11-05:00,PUR_IED_SanIgnacioBosa_Ext_ef0ffc,PUR_IED_SanIgnacioBosa_Ext_ef0ffc,,,,,
2026-09-12T13:31:11-05:00,PUR_IED_SanJoseN_intS1101_31c47f,PUR_IED_SanJoseN_intS1101_31c47f,,,,,
2026-09-12T13:31:11-05:00,PUR_IED_SanJoseUsm_Exter_f5d7e8,PUR_IED_SanJoseUsm_Exter_f5d7e8,,,,,
2026-09-12T13:31:11-05:00,PUR_IED_SanJoseUsm_Int11A_cfdef6,PUR_IED_SanJoseUsm_Int11A_cfdef6,,,,,
2026-09-12T13:31:11-05:00,PUR_IED_SilveriaR_IntB5_905349,PUR_IED_SilveriaR_IntB5_905349,,,,,
2026-09-12T13:31:11-05:00,PUR_IED_SilveriaR_IntSD14_981f93,PUR_IED_SilveriaR_IntSD14_981f93,,,,,
2026-09-12T13:31:11-05:00,PUR_IED_SilveriaR_ext_2b651d,PUR_IED_SilveriaR_ext_2b651d,,,,,
2026-09-12T13:31:11-05:00,PUR_IED_SimonB_Exterior_913975,PUR_IED_SimonB_Exterior_913975,,,,,
2026-09-12T13:31:11-05:00,PUR_IED_SimonB_LabQuimi_c56908,PUR_IED_SimonB_LabQuimi_c56908,,,,,
2026-09-12T13:31:11-05:00,PUR_IED_SimonB_informatic_a28c1,PUR_IED_SimonB_informatic_a28c1,,,,,
2026-09-12T13:31:11-05:00,PUR_IED_Sorrento_1102_315f50,PUR_IED_Sorrento_1102_315f50,,,,,
2026-09-12T13:31:11-05:00,PUR_IED_Sorrento_Minte_214eab,PUR_IED_Sorrento_Minte_214eab,,,,,
2026-09-12T13:31:11-05:00,PUR_IED_Sorrento_ext_7c3a0a,PUR_IED_Sorrento_ext_7c3a0a,,,,,
2026-09-12T13:31:11-05:00,PUR_IED_Tabora_Ext_f048ae,PUR_IED_Tabora_Ext_f048ae,,,,,
2026-09-12T13:31:11-05:00,PUR_IED_Tabora_S1102_b07752,PUR_IED_Tabora_S1102_b07752,,,,,
2026-09-12T13:31:11-05:00,PUR_IED_Tabora_S1103_d988f5,PUR_IED_Tabora_S1103_d988f5,,,,,
2026-09-12T13:31:11-05:00,PUR_IED_Tenerife_Ext_1ab188,PUR_IED_Tenerife_Ext_1ab188,,,,,
2026-09-12T13:31:11-05:00,PUR_IED_Tenerife_SDanzas_7bc02e,PUR_IED_Tenerife_SDanzas_7bc02e,,,,,
2026-09-12T13:31:11-05:00,PUR_IED_Tenerife_SIngles_7cc277,PUR_IED_Tenerife_SIngles_7cc277,,,,,
2026-09-12T13:31:11-05:00,PUR_IED_Tibabuyes_Exter_f2683d,PUR_IED_Tibabuyes_Exter_f2683d,,,,,
2026-09-12T13:31:11-05:00,PUR_IED_Tibabuyes_S10_dc87a8,PUR_IED_Tibabuyes_S10_dc87a8,,,,,
2026-09-12T13:31:11-05:00,PUR_IED_Tibabuyes_S15_dc0526,PUR_IED_Tibabuyes_S15_dc0526,,,,,
2026-09-12T13:31:11-05:00,PUR_IED_UnionE_S301_a1043,PUR_IED_UnionE_S301_a1043,,,,,
2026-09-12T13:31:11-05:00,PUR_IED_UnionE_S307_ff6c2f,PUR_IED_UnionE_S307_ff6c2f,,,,,
2026-09-12T13:31:11-05:00,PUR_IED_UnionE__Ext_5e2468,PUR_IED_UnionE__Ext_5e2468,,,,,
2026-09-12T13:31:11-05:00,PUR_IED_VillaRica_Ext_75be7c,PUR_IED_VillaRica_Ext_75be7c,,,,,
2026-09-12T13:31:11-05:00,PUR_IED_VillaRica_S4_cc5dcd,PUR_IED_VillaRica_S4_cc5dcd,,,,,
2026-09-12T13:31:11-05:00,PUR_IED_VillaRica_Sesp_99f5c,PUR_IED_VillaRica_Sesp_99f5c,,,,,
2026-09-12T13:36:06-05:00,PUR_IED_20deJulio_1101_91b1b9,PUR_IED_20deJulio_1101_91b1b9,,,,,
2026-09-12T13:36:06-05:00,PUR_IED_20deJulio_1102_1cfcf9,PUR_IED_20deJulio_1102_1cfcf9,,,,,
2026-09-12T13:36:06-05:00,PUR_IED_20deJulio_Ext_ab60bd,PUR_IED_20deJulio_Ext_ab60bd,,,,,
2026-09-12T13:36:06-05:00,PUR_IED_AgustinFer_Ext_7b9b77,PUR_IED_AgustinFer_Ext_7b9b77,,,,,
2026-09-12T13:36:06-05:00,PUR_IED_AgustinFer_Info2_27b3a7,PUR_IED_AgustinFer_Info2_27b3a7,,,,,
2026-09-12T13:36:06-05:00,PUR_IED_AgustinFer_Sena_54b4eb,PUR_IED_AgustinFer_Sena_54b4eb,,,,,
2026-09-12T13:36:06-05:00,PUR_IED_AlexanderF_1102_caf07b,PUR_IED_AlexanderF_1102_caf07b,,,,,
2026-09-12T13:36:06-05:00,PUR_IED_AlexanderF_1103_c79e71,PUR_IED_AlexanderF_1103_c79e71,,,,,
2026-09-12T13:36:06-05:00,PUR_IED_AlexanderF_Ext_c5b18b,PUR_IED_AlexanderF_Ext_c5b18b,,,,,
2026-09-12T13:36:06-05:00,PUR_IED_AlfonsoLopez_Ext_281d77,PUR_IED_AlfonsoLopez_Ext_281d77,,,,,
2026-09-12T13:36:06-05:00,PUR_IED_AlfonsoLopez_LabF_888ce0,PUR_IED_AlfonsoLopez_LabF_888ce0,,,,,
2026-09-12T13:36:06-05:00,PUR_IED_AlfonsoLopez_SMed_df6a7f,PUR_IED_AlfonsoLopez_SMed_df6a7f,,,,,
2026-09-12T13:36:06-05:00,PUR_IED_AltamiraSO_A2_209f92,PUR_IED_AltamiraSO_A2_209f92,,,,,
2026-09-12T13:36:06-05:00,PUR_IED_AltamiraSO_Ext_186d66,PUR_IED_AltamiraSO_Ext_186d66,,,,,
2026-09-12T13:36:06-05:00,PUR_IED_AltamiraSO_Sistem_27afe1,PUR_IED_AltamiraSO_Sistem_27afe1,,,,,
2026-09-12T13:36:06-05:00,PUR_IED_AlvaroGom_LabQuim_813179,PUR_IED_AlvaroGom_LabQuim_813179,,,,,
2026-09-12T13:36:06-05:00,PUR_IED_AlvaroGomez_Ext_47c7ca,PUR_IED_AlvaroGomez_Ext_47c7ca,,,,,
2026-09-12T13:36:06-05:00,PUR_IED_AlvaroGomez_LabQuim_813179,PUR_IED_AlvaroGomez_LabQuim_813179,,,,,
2026-09-12T13:36:06-05:00,PUR_IED_AlvaroGomez_S23_7ba89f,PUR_IED_AlvaroGomez_S23_7ba89f,,,,,
2026-09-12T13:36:06-05:00,PUR_IED_Amistad_306_dc8728,PUR_IED_Amistad_306_dc8728,,,,,
2026-09-12T13:36:06-05:00,PUR_IED_Amistad_Ext_8cd55e,PUR_IED_Amistad_Ext_8cd55e,,,,,
2026-09-12T13:36:06-05:00,PUR_IED_Amistad_S202_a41169,PUR_IED_Amistad_S202_a41169,,,,,
2026-09-12T13:36:06-05:00,PUR_IED_AndresBello_Bio_fd5f5e,PUR_IED_AndresBello_Bio_fd5f5e,,,,,
2026-09-12T13:36:06-05:00,PUR_IED_AndresBello_ext_dcad65,PUR_IED_AndresBello_ext_dcad65,,,,,
2026-09-12T13:36:06-05:00,PUR_IED_AndresBello_port_eed3ec,PUR_IED_AndresBello_port_eed3ec,,,,,
2026-09-12T13:36:06-05:00,PUR_IED_AngelaR_11b_d90a6b,PUR_IED_AngelaR_11b_d90a6b,,,,,
2026-09-12T13:36:06-05:00,PUR_IED_AngelaR_ext_7cad3e,PUR_IED_AngelaR_ext_7cad3e,2,21,56,4.5825,-74.164497
2026-09-12T13:36:06-05:00,PUR_IED_AntJoseSucre_10mo_df2575,PUR_IED_AntJoseSucre_10mo_df2575,,,,,
2026-09-12T13:36:06-05:00,PUR_IED_AntJoseSucre_Ext_215b36,PUR_IED_AntJoseSucre_Ext_215b36,,,,,
2026-09-12T13:36:06-05:00,PUR_IED_AntJoseSucre_Lab_3139de,PUR_IED_AntJoseSucre_Lab_3139de,,,,,
2026-09-12T13:36:06-05:00,PUR_IED_AntonioGarcia_301_d6b188,PUR_IED_AntonioGarcia_301_d6b188,,,,,
2026-09-12T13:36:06-05:00,PUR_IED_AntonioGarcia_302_88a82,PUR_IED_AntonioGarcia_302_88a82,,,,,
2026-09-12T13:36:06-05:00,PUR_IED_AntonioGarcia_Ext_20950c,PUR_IED_AntonioGarcia_Ext_20950c,,,,,
2026-09-12T13:36:06-05:00,PUR_IED_AntonioVan_Aula2_6dea02,PUR_IED_AntonioVan_Aula2_6dea02,,,,,
2026-09-12T13:36:06-05:00,PUR_IED_AntonioVan_Aula5_f1557e,PUR_IED_AntonioVan_Aula5_f1557e,,,,,
2026-09-12T13:36:06-05:00,PUR_IED_AntonioVan_Ext_406f2f,PUR_IED_AntonioVan_Ext_406f2f,,,,,
2026-09-12T13:36:06-05:00,PUR_IED_Atabanzha_Ext_cc5af9,PUR_IED_Atabanzha_Ext_cc5af9,,,,,
2026-09-12T13:36:06-05:00,PUR_IED_Atabanzha_SA101_56c37,PUR_IED_Atabanzha_SA101_56c37,,,,,
2026-09-12T13:36:06-05:00,PUR_IED_Atabanzha_SB302_27b374,PUR_IED_Atabanzha_SB302_27b374,,,,,
2026-09-12T13:36:06-05:00,PUR_IED_Atahualpa_Ext_fc1748,PUR_IED_Atahualpa_Ext_fc1748,,,,,
2026-09-12T13:36:06-05:00,PUR_IED_Atahualpa_Informa_dc9a95,PUR_IED_Atahualpa_Informa_dc9a95,,,,,
2026-09-12T13:36:06-05:00,PUR_IED_Atahualpa_S1101_f98056,PUR_IED_Atahualpa_S1101_f98056,,,,,
2026-09-12T13:36:06-05:00,PUR_IED_Bellavista_Ext_f5aa74,PUR_IED_Bellavista_Ext_f5aa74,,,,,
2026-09-12T13:36:06-05:00,PUR_IED_Bilbao_11A_916c41,PUR_IED_Bilbao_11A_916c41,,,,,
2026-09-12T13:36:06-05:00,PUR_IED_Bilbao_Ext_fb579a,PUR_IED_Bilbao_Ext_fb579a,,,,,
2026-09-12T13:36:06-05:00,PUR_IED_BrasiliaU_A125_304280,PUR_IED_BrasiliaU_A125_304280,,,,,
2026-09-12T13:36:06-05:00,PUR_IED_BrasiliaU_A203_7c8ca5,PUR_IED_BrasiliaU_A203_7c8ca5,,,,,
2026-09-12T13:36:06-05:00,PUR_IED_BrasiliaU_Ext_8d6e9f,PUR_IED_BrasiliaU_Ext_8d6e9f,3,20,56,4.5175,-74.116302
2026-09-12T13:36:06-05:00,PUR_IED_Brasilia_Ext_fe6593,PUR_IED_Brasilia_Ext_fe6593,,,,,
2026-09-12T13:36:06-05:00,PUR_IED_Brasilia_S24_7c130d,PUR_IED_Brasilia_S24_7c130d,,,,,
2026-09-12T13:36:06-05:00,PUR_IED_Brasilia_S501_186a54,PUR_IED_Brasilia_S501_186a54,,,,,
2026-09-12T13:36:06-05:00,PUR_IED_CHARRY_EXT_f1d5cd,PUR_IED_CHARRY_EXT_f1d5cd,,,,,
2026-09-12T13:36:06-05:00,PUR_IED_CHARRY_INTDANZAS_7a08e6,PUR_IED_CHARRY_INTDANZAS_7a08e6,,,,,
2026-09-12T13:36:06-05:00,PUR_IED_CHARRY_INT_AULA20_dc998d,PUR_IED_CHARRY_INT_AULA20_dc998d,,,,,
2026-09-12T13:36:06-05:00,PUR_IED_COLVIV_1101_S25_7f520a,PUR_IED_COLVIV_1101_S25_7f520a,,,,,
2026-09-12T13:36:06-05:00,PUR_IED_COLVIV_1102_S16_f570ba,PUR_IED_COLVIV_1102_S16_f570ba,,,,,
2026-09-12T13:36:06-05:00,PUR_IED_COLVIV_Ext_1a26fa,PUR_IED_COLVIV_Ext_1a26fa,,,,,
2026-09-12T13:36:06-05:00,PUR_IED_CULPOP_301A_f660f3,PUR_IED_CULPOP_301A_f660f3,,,,,
2026-09-12T13:36:06-05:00,PUR_IED_CULPOP_303_568afe,PUR_IED_CULPOP_303_568afe,,,,,
2026-09-12T13:36:06-05:00,PUR_IED_CULPOP_Ext_e02ccb,PUR_IED_CULPOP_Ext_e02ccb,,,,,
2026-09-12T13:36:06-05:00,PUR_IED_CVillavicen_Ext_26eb58,PUR_IED_CVillavicen_Ext_26eb58,3,19,68,4.487,-74.102798
2026-09-12T13:36:06-05:00,PUR_IED_CVillavicen_Intel_1ce5c2,PUR_IED_CVillavicen_Intel_1ce5c2,,,,,
2026-09-12T13:36:06-05:00,PUR_IED_CVillavicen_Poliv_e0766c,PUR_IED_CVillavicen_Poliv_e0766c,,,,,
2026-09-12T13:36:06-05:00,PUR_IED_CVillavicen_int_1ba140,PUR_IED_CVillavicen_int_1ba140,,,,,
2026-09-12T13:36:06-05:00,PUR_IED_CVillavicen_intel_1ba140,PUR_IED_CVillavicen_intel_1ba140,,,,,
2026-09-12T13:36:06-05:00,PUR_IED_CarlosPizarro_Ext_e307cc,PUR_IED_CarlosPizarro_Ext_e307cc,,,,,
2026-09-12T13:36:06-05:00,PUR_IED_CarlosPizarro_L36_7e5cdb,PUR_IED_CarlosPizarro_L36_7e5cdb,,,,,
2026-09-12T13:36:06-05:00,PUR_IED_CarlosPizarro_L37_c8566c,PUR_IED_CarlosPizarro_L37_c8566c,,,,,
2026-09-12T13:36:06-05:00,PUR_IED_Castilla_Ext_cf35f,PUR_IED_Castilla_Ext_cf35f,,,,,
2026-09-12T13:36:06-05:00,PUR_IED_Castilla_SFisik_360e38,PUR_IED_Castilla_SFisik_360e38,,,,,
2026-09-12T13:36:06-05:00,PUR_IED_Castilla_Sc304_496fbf,PUR_IED_Castilla_Sc304_496fbf,,,,,
2026-09-12T13:36:06-05:00,PUR_IED_CervantesSa_Ext_6b57b,PUR_IED_CervantesSa_Ext_6b57b,2,20,62,4.5128,-74.117203
2026-09-12T13:36:06-05:00,PUR_IED_CervantesSa_S107_225c2b,PUR_IED_CervantesSa_S107_225c2b,,,,,
2026-09-12T13:36:06-05:00,PUR_IED_CervantesSa_S108_940925,PUR_IED_CervantesSa_S108_940925,,,,,
2026-09-12T13:36:06-05:00,PUR_IED_Charry_A20_f53e7c,PUR_IED_Charry_A20_f53e7c,,,,,
2026-09-12T13:36:06-05:00,PUR_IED_Charry_Ext_f1d5cd,PUR_IED_Charry_Ext_f1d5cd,,,,,
2026-09-12T13:36:06-05:00,PUR_IED_Charry_IntAula20_dc998d,PUR_IED_Charry_IntAula20_dc998d,,,,,
2026-09-12T13:36:06-05:00,PUR_IED_Charry_IntDanzas_7a08e6,PUR_IED_Charry_IntDanzas_7a08e6,,,,,
2026-09-12T13:36:06-05:00,PUR_IED_ClememciaC_203_43e2fc,PUR_IED_ClememciaC_203_43e2fc,,,,,
2026-09-12T13:36:06-05:00,PUR_IED_ClememciaC_Ext_1b411a,PUR_IED_ClememciaC_Ext_1b411a,,,,,
2026-09-12T13:36:06-05:00,PUR_IED_ClememciaC_Quimic_44b5fc,PUR_IED_ClememciaC_Quimic_44b5fc,,,,,
2026-09-12T13:36:06-05:00,PUR_IED_ClemenciaC_203_43e2fc,PUR_IED_ClemenciaC_203_43e2fc,,,,,
2026-09-12T13:36:06-05:00,PUR_IED_ClemenciaC_Ext_1b411a,PUR_IED_ClemenciaC_Ext_1b411a,,,,,
2026-09-12T13:36:06-05:00,PUR_IED_ClemenciaC_Quimic_44b5fc,PUR_IED_ClemenciaC_Quimic_44b5fc,,,,,
2026-09-12T13:36:06-05:00,PUR_IED_ColViva_1101_S25_7f520a,PUR_IED_ColViva_1101_S25_7f520a,,,,,
2026-09-12T13:36:06-05:00,PUR_IED_ColViva_1102_S16_f570ba,PUR_IED_ColViva_1102_S16_f570ba,,,,,
2026-09-12T13:36:06-05:00,PUR_IED_ColViva_Ext_1a26fa,PUR_IED_ColViva_Ext_1a26fa,,,,,
2026-09-12T13:36:06-05:00,PUR_IED_ColegioBici_Asist_7c8798,PUR_IED_ColegioBici_Asist_7c8798,,,,,
2026-09-12T13:36:06-05:00,PUR_IED_ColegioBici_Ext_25cbf6,PUR_IED_ColegioBici_Ext_25cbf6,,,,,
2026-09-12T13:36:06-05:00,PUR_IED_ColegioBici_LabQ_7b57db,PUR_IED_ColegioBici_LabQ_7b57db,,,,,
2026-09-12T13:36:06-05:00,PUR_IED_CostaRica_Ext_5e640,PUR_IED_CostaRica_Ext_5e640,,,,,
2026-09-12T13:36:06-05:00,PUR_IED_CostaRica_Quim1_766d1c,PUR_IED_CostaRica_Quim1_766d1c,,,,,
2026-09-12T13:36:06-05:00,PUR_IED_CostaRica__Fisica_6f0873,PUR_IED_CostaRica__Fisica_6f0873,,,,,
2026-09-12T13:36:06-05:00,PUR_IED_CulPopu_301A_f660f3,PUR_IED_CulPopu_301A_f660f3,,,,,
2026-09-12T13:36:06-05:00,PUR_IED_CulPopu_303_568afe,PUR_IED_CulPopu_303_568afe,,,,,
2026-09-12T13:36:06-05:00,PUR_IED_CulPopu_Ext_e02ccb,PUR_IED_CulPopu_Ext_e02ccb,,,,,
2026-09-12T13:36:06-05:00,PUR_IED_Cundinamarca_Ext_f15985,PUR_IED_Cundinamarca_Ext_f15985,,,,,
2026-09-12T13:36:06-05:00,PUR_IED_Cundinamarca_Info_7aa5d7,PUR_IED_Cundinamarca_Info_7aa5d7,,,,,
2026-09-12T13:36:06-05:00,PUR_IED_Cundinamarca_Tec2_f449c7,PUR_IED_Cundinamarca_Tec2_f449c7,,,,,
2026-09-12T13:36:06-05:00,PUR_IED_DiegoM_Aula1_27b314,PUR_IED_DiegoM_Aula1_27b314,,,,,
2026-09-12T13:36:06-05:00,PUR_IED_DiegoM_Ext_d80ac8,PUR_IED_DiegoM_Ext_d80ac8,,,,,
2026-09-12T13:36:06-05:00,PUR_IED_DiegoM_S25_da928f,PUR_IED_DiegoM_S25_da928f,,,,,
2026-09-12T13:36:06-05:00,PUR_IED_ELRODEO_360881,PUR_IED_ELRODEO_360881,,,,,
2026-09-12T13:36:06-05:00,PUR_IED_ELRODEO_ext_360881,PUR_IED_ELRODEO_ext_360881,,,,,
2026-09-12T13:36:06-05:00,PUR_IED_EduardoU_Ext_1c1969,PUR_IED_EduardoU_Ext_1c1969,,,,,
2026-09-12T13:36:06-05:00,PUR_IED_EduardoU_SCiencia_4dfb94,PUR_IED_EduardoU_SCiencia_4dfb94,,,,,
2026-09-12T13:36:06-05:00,PUR_IED_EduardoU_SQuimica_5a46e7,PUR_IED_EduardoU_SQuimica_5a46e7,,,,,
2026-09-12T13:36:06-05:00,PUR_IED_ElRodeo_Aula14_676984,PUR_IED_ElRodeo_Aula14_676984,,,,,
2026-09-12T13:36:06-05:00,PUR_IED_ElRodeo_Aula16_2dd35b,PUR_IED_ElRodeo_Aula16_2dd35b,,,,,
2026-09-12T13:36:06-05:00,PUR_IED_ElRodeo_Ext_360881,PUR_IED_ElRodeo_Ext_360881,,,,,
2026-09-12T13:36:06-05:00,PUR_IED_ElRodeo_Exterior_8c6d28,PUR_IED_ElRodeo_Exterior_8c6d28,,,,,
2026-09-12T13:36:06-05:00,PUR_IED_ElRodeo_ext_360881,PUR_IED_ElRodeo_ext_360881,,,,,
2026-09-12T13:36:06-05:00,PUR_IED_EmmaReyes_Ext_987625,PUR_IED_EmmaReyes_Ext_987625,3,22,47,4.6367,-74.1511
2026-09-12T13:36:06-05:00,PUR_IED_Ensueño_Ext_7f0250,PUR_IED_Ensueño_Ext_7f0250,,,,,
2026-09-12T13:36:06-05:00,PUR_IED_EscNormal_Ext_5fef3b,PUR_IED_EscNormal_Ext_5fef3b,2,23,50,4.5852,-74.096901
2026-09-12T13:36:06-05:00,PUR_IED_EscNormal_S309_5b263,PUR_IED_EscNormal_S309_5b263,,,,,
2026-09-12T13:36:06-05:00,PUR_IED_EscNormal_S310_27b3b8,PUR_IED_EscNormal_S310_27b3b8,,,,,
2026-09-12T13:36:06-05:00,PUR_IED_Evangelista_Conta_f6cd4f,PUR_IED_Evangelista_Conta_f6cd4f,,,,,
2026-09-12T13:36:06-05:00,PUR_IED_Evangelista_Cri_5e16a,PUR_IED_Evangelista_Cri_5e16a,,,,,
2026-09-12T13:36:06-05:00,PUR_IED_Evangelista_Exter_754066,PUR_IED_Evangelista_Exter_754066,,,,,
2026-09-12T13:36:06-05:00,PUR_IED_FMiranda_S209_5cc2a3,PUR_IED_FMiranda_S209_5cc2a3,,,,,
2026-09-12T13:36:06-05:00,PUR_IED_FMiranda_S303_19e344,PUR_IED_FMiranda_S303_19e344,,,,,
2026-09-12T13:36:06-05:00,PUR_IED_FMiranda_ext_f53e7c,PUR_IED_FMiranda_ext_f53e7c,,,,,
2026-09-12T13:36:06-05:00,PUR_IED_FabioLozano_Bibli_1cee05,PUR_IED_FabioLozano_Bibli_1cee05,,,,,
2026-09-12T13:36:06-05:00,PUR_IED_FabioLozano_Ext_6ea285,PUR_IED_FabioLozano_Ext_6ea285,,,,,
2026-09-12T13:36:06-05:00,PUR_IED_FabioLozano_SLudi_f09e1e,PUR_IED_FabioLozano_SLudi_f09e1e,,,,,
2026-09-12T13:36:06-05:00,PUR_IED_FaustinoS_Aula07_27a731,PUR_IED_FaustinoS_Aula07_27a731,,,,,
2026-09-12T13:36:06-05:00,PUR_IED_FaustinoS_Ext_7b936f,PUR_IED_FaustinoS_Ext_7b936f,,,,,
2026-09-12T13:36:06-05:00,PUR_IED_FaustinoS_Fisica_da2c60,PUR_IED_FaustinoS_Fisica_da2c60,,,,,
2026-09-12T13:36:06-05:00,PUR_IED_FeGarciaLo_Ext_dc68ee,PUR_IED_FeGarciaLo_Ext_dc68ee,,,,,
2026-09-12T13:36:06-05:00,PUR_IED_FeGarciaLo_SDanza_f70a59,PUR_IED_FeGarciaLo_SDanza_f70a59,,,,,
2026-09-12T13:36:06-05:00,PUR_IED_FeGarciaLo_SMusic_125cdd,PUR_IED_FeGarciaLo_SMusic_125cdd,,,,,
2026-09-12T13:36:06-05:00,PUR_IED_FederalAlema_Exte_50c345,PUR_IED_FederalAlema_Exte_50c345,,,,,
2026-09-12T13:36:06-05:00,PUR_IED_FederalAlema_S31_f18371,PUR_IED_FederalAlema_S31_f18371,,,,,
2026-09-12T13:36:06-05:00,PUR_IED_FederalAlema_S901_a62cd,PUR_IED_FederalAlema_S901_a62cd,,,,,
2026-09-12T13:36:06-05:00,PUR_IED_FilarmonicaS_A5_f35eb1,PUR_IED_FilarmonicaS_A5_f35eb1,,,,,
2026-09-12T13:36:06-05:00,PUR_IED_FilarmonicaS_Ext_8a3bde,PUR_IED_FilarmonicaS_Ext_8a3bde,,,,,
2026-09-12T13:36:06-05:00,PUR_IED_FilarmonicaS_Spol_406114,PUR_IED_FilarmonicaS_Spol_406114,,,,,
2026-09-12T13:36:06-05:00,PUR_IED_FlorentinoG_A13_d1fa59,PUR_IED_FlorentinoG_A13_d1fa59,,,,,
2026-09-12T13:36:06-05:00,PUR_IED_FlorentinoG_Ext_1ce6ce,PUR_IED_FlorentinoG_Ext_1ce6ce,,,,,
2026-09-12T13:36:06-05:00,PUR_IED_FlorentinoG_Idiom_a66aac,PUR_IED_FlorentinoG_Idiom_a66aac,,,,,
2026-09-12T13:36:06-05:00,PUR_IED_FranciscoMati_Ext_e3869d,PUR_IED_FranciscoMati_Ext_e3869d,,,,,
2026-09-12T13:36:06-05:00,PUR_IED_FranciscoMati_S13_f31c67,PUR_IED_FranciscoMati_S13_f31c67,,,,,
2026-09-12T13:36:06-05:00,PUR_IED_FranciscoMati_S14_97dead,PUR_IED_FranciscoMati_S14_97dead,,,,,
2026-09-12T13:36:06-05:00,PUR_IED_FranciscoPS_Ext_7bfa9a,PUR_IED_FranciscoPS_Ext_7bfa9a,2,23,51,4.5899,-74.110397
2026-09-12T13:36:06-05:00,PUR_IED_FranciscoPS_Infor_fb8f4c,PUR_IED_FranciscoPS_Infor_fb8f4c,,,,,
2026-09-12T13:36:06-05:00,PUR_IED_FranciscoPS_Quimi_94d39c,PUR_IED_FranciscoPS_Quimi_94d39c,,,,,
2026-09-12T13:36:06-05:00,PUR_IED_FranciscoP_LabQ_d7e148,PUR_IED_FranciscoP_LabQ_d7e148,,,,,
2026-09-12T13:36:06-05:00,PUR_IED_FranciscoP_S28_cf9b30,PUR_IED_FranciscoP_S28_cf9b30,,,,,
2026-09-12T13:36:06-05:00,PUR_IED_FranciscoP_ext_e2313,PUR_IED_FranciscoP_ext_e2313,,,,,
2026-09-12T13:36:06-05:00,PUR_IED_FriederichN_Ext_8ac92a,PUR_IED_FriederichN_Ext_8ac92a,,,,,
2026-09-12T13:36:06-05:00,PUR_IED_FriederichN_S301_dd7e5a,PUR_IED_FriederichN_S301_dd7e5a,,,,,
2026-09-12T13:36:06-05:00,PUR_IED_FriederichN_S308_761f4f,PUR_IED_FriederichN_S308_761f4f,,,,,
2026-09-12T13:36:06-05:00,PUR_IED_GSantander_Aula10_533dd7,PUR_IED_GSantander_Aula10_533dd7,,,,,
2026-09-12T13:36:06-05:00,PUR_IED_GSantander_Aula12_fd4e4f,PUR_IED_GSantander_Aula12_fd4e4f,,,,,
2026-09-12T13:36:06-05:00,PUR_IED_GSantander_Aula310_533dd7,PUR_IED_GSantander_Aula310_533dd7,,,,,
2026-09-12T13:36:06-05:00,PUR_IED_GSantander_Aula312_fd4e4f,PUR_IED_GSantander_Aula312_fd4e4f,,,,,
2026-09-12T13:36:06-05:00,PUR_IED_GSantander_Ext_5f66b0,PUR_IED_GSantander_Ext_5f66b0,,,,,
2026-09-12T13:36:06-05:00,PUR_IED_GYomasa_Ext_f6bea5,PUR_IED_GYomasa_Ext_f6bea5,,,,,
2026-09-12T13:36:06-05:00,PUR_IED_GYomasa_LBiol_2c41aa,PUR_IED_GYomasa_LBiol_2c41aa,,,,,
2026-09-12T13:36:06-05:00,PUR_IED_GYomasa_LQuim_33c80,PUR_IED_GYomasa_LQuim_33c80,,,,,
2026-09-12T13:36:06-05:00,PUR_IED_GabBetMejia_Cienc_5a99c,PUR_IED_GabBetMejia_Cienc_5a99c,,,,,
2026-09-12T13:36:06-05:00,PUR_IED_GabBetMejia_Ext_9153d0,PUR_IED_GabBetMejia_Ext_9153d0,,,,,
2026-09-12T13:36:06-05:00,PUR_IED_GabBetMejia_Lab_f55347,PUR_IED_GabBetMejia_Lab_f55347,,,,,
2026-09-12T13:36:06-05:00,PUR_IED_GabBetanMejia_Ext_9153d0,PUR_IED_GabBetanMejia_Ext_9153d0,,,,,
2026-09-12T13:36:06-05:00,PUR_IED_Gaitana_Aula13_7aac11,PUR_IED_Gaitana_Aula13_7aac11,,,,,
2026-09-12T13:36:06-05:00,PUR_IED_Gaitana_Ext_5fcf4,PUR_IED_Gaitana_Ext_5fcf4,,,,,
2026-09-12T13:36:06-05:00,PUR_IED_Gaitana_LabFisica_644448,PUR_IED_Gaitana_LabFisica_644448,,,,,
2026-09-12T13:36:06-05:00,PUR_IED_GenSantander_Dise_8ac858,PUR_IED_GenSantander_Dise_8ac858,,,,,
2026-09-12T13:36:06-05:00,PUR_IED_GenSantander_Ext_8d5dfe,PUR_IED_GenSantander_Ext_8d5dfe,,,,,
2026-09-12T13:36:06-05:00,PUR_IED_GenSantander_Info_6c25b,PUR_IED_GenSantander_Info_6c25b,,,,,
2026-09-12T13:36:06-05:00,PUR_IED_GustavoMo_Exterio_75e63d,PUR_IED_GustavoMo_Exterio_75e63d,,,,,
2026-09-12T13:36:06-05:00,PUR_IED_GustavoMo_LabFisi_224d37,PUR_IED_GustavoMo_LabFisi_224d37,,,,,
2026-09-12T13:36:06-05:00,PUR_IED_GustavoMo_S208_3e6918,PUR_IED_GustavoMo_S208_3e6918,,,,,
2026-09-12T13:36:06-05:00,PUR_IED_GustavoR_A02_8cd4a8,PUR_IED_GustavoR_A02_8cd4a8,,,,,
2026-09-12T13:36:06-05:00,PUR_IED_GustavoR_B11_5b0ed,PUR_IED_GustavoR_B11_5b0ed,,,,,
2026-09-12T13:36:06-05:00,PUR_IED_GustavoR_Ext_7a0c90,PUR_IED_GustavoR_Ext_7a0c90,,,,,
2026-09-12T13:36:06-05:00,PUR_IED_HernandoDuran_Ext_8cd82b,PUR_IED_HernandoDuran_Ext_8cd82b,,,,,
2026-09-12T13:36:06-05:00,PUR_IED_HernandoDuran_S24_2772c6,PUR_IED_HernandoDuran_S24_2772c6,,,,,
2026-09-12T13:36:06-05:00,PUR_IED_HernandoDuran_S30_f2de41,PUR_IED_HernandoDuran_S30_f2de41,,,,,
2026-09-12T13:36:06-05:00,PUR_IED_HolguInUr_S1101_8cd732,PUR_IED_HolguInUr_S1101_8cd732,,,,,
2026-09-12T13:36:06-05:00,PUR_IED_HolguinUr_Exter_ddae6d,PUR_IED_HolguinUr_Exter_ddae6d,,,,,
2026-09-12T13:36:06-05:00,PUR_IED_HolguinUr_LabQuim_92b952,PUR_IED_HolguinUr_LabQuim_92b952,,,,,
2026-09-12T13:36:06-05:00,PUR_IED_Isabel-II_Ext_5245cc,PUR_IED_Isabel-II_Ext_5245cc,2,20,51,4.6336,-74.153
2026-09-12T13:36:06-05:00,PUR_IED_Isabel-II_S_idiom_1c29aa,PUR_IED_Isabel-II_S_idiom_1c29aa,,,,,
2026-09-12T13:36:06-05:00,PUR_IED_Isabel-II_S_infor_fd741,PUR_IED_Isabel-II_S_infor_fd741,,,,,
2026-09-12T13:36:06-05:00,PUR_IED_IsidroSur_Exterio_5b90ea,PUR_IED_IsidroSur_Exterio_5b90ea,,,,,
2026-09-12T13:36:06-05:00,PUR_IED_IsidroSur_LabTec_56697a,PUR_IED_IsidroSur_LabTec_56697a,,,,,
2026-09-12T13:36:06-05:00,PUR_IED_IsidroSur_Robotic_b7c38f,PUR_IED_IsidroSur_Robotic_b7c38f,,,,,
2026-09-12T13:36:06-05:00,PUR_IED_IsmaelPerd_Ext_7b6672,PUR_IED_IsmaelPerd_Ext_7b6672,,,,,
2026-09-12T13:36:06-05:00,PUR_IED_IsmaelPerd_Inform_306540,PUR_IED_IsmaelPerd_Inform_306540,,,,,
2026-09-12T13:36:06-05:00,PUR_IED_IsmaelPerd_S30_2e2c83,PUR_IED_IsmaelPerd_S30_2e2c83,,,,,
2026-09-12T13:36:06-05:00,PUR_IED_JLozano_Exter_432910,PUR_IED_JLozano_Exter_432910,,,,,
2026-09-12T13:36:06-05:00,PUR_IED_JLozano_salaMulti_df5125,PUR_IED_JLozano_salaMulti_df5125,,,,,
2026-09-12T13:36:06-05:00,PUR_IED_JMCordoba_206_86f80b,PUR_IED_JMCordoba_206_86f80b,,,,,
2026-09-12T13:36:06-05:00,PUR_IED_JMCordoba_Ext_27ad97,PUR_IED_JMCordoba_Ext_27ad97,,,,,
2026-09-12T13:36:06-05:00,PUR_IED_JMCordoba_S310_d59ab4,PUR_IED_JMCordoba_S310_d59ab4,,,,,
2026-09-12T13:36:06-05:00,PUR_IED_Japon_Ext_549100,PUR_IED_Japon_Ext_549100,,,,,
2026-09-12T13:36:06-05:00,PUR_IED_Japon_Laboratorio_bec51d,PUR_IED_Japon_Laboratorio_bec51d,,,,,
2026-09-12T13:36:06-05:00,PUR_IED_Japon_informatica_d99327,PUR_IED_Japon_informatica_d99327,,,,,
2026-09-12T13:36:06-05:00,PUR_IED_Jazmin_Ext_d27bda,PUR_IED_Jazmin_Ext_d27bda,,,,,
2026-09-12T13:36:06-05:00,PUR_IED_Jazmin_Fisica_8d14d7,PUR_IED_Jazmin_Fisica_8d14d7,,,,,
2026-09-12T13:36:06-05:00,PUR_IED_Jazmin_Quimica_801cb5,PUR_IED_Jazmin_Quimica_801cb5,,,,,
2026-09-12T13:36:06-05:00,PUR_IED_JorgeGaitan_Exter_f098d1,PUR_IED_JorgeGaitan_Exter_f098d1,,,,,
2026-09-12T13:36:06-05:00,PUR_IED_JorgeGaitan_STec1_dc9d1d,PUR_IED_JorgeGaitan_STec1_dc9d1d,,,,,
2026-09-12T13:36:06-05:00,PUR_IED_JorgeGaitan_STec2_281e69,PUR_IED_JorgeGaitan_STec2_281e69,,,,,
2026-09-12T13:36:06-05:00,PUR_IED_JorgeSoto_Exterio_d9d0a2,PUR_IED_JorgeSoto_Exterio_d9d0a2,,,,,
2026-09-12T13:36:06-05:00,PUR_IED_JorgeSoto_LabFisi_209c54,PUR_IED_JorgeSoto_LabFisi_209c54,,,,,
2026-09-12T13:36:06-05:00,PUR_IED_JorgeSoto_S103_27b51a,PUR_IED_JorgeSoto_S103_27b51a,,,,,
2026-09-12T13:36:06-05:00,PUR_IED_JoseAcevedo_A02_e965eb,PUR_IED_JoseAcevedo_A02_e965eb,,,,,
2026-09-12T13:36:06-05:00,PUR_IED_JoseAcevedo_A07_dd5b4,PUR_IED_JoseAcevedo_A07_dd5b4,,,,,
2026-09-12T13:36:06-05:00,PUR_IED_JoseAcevedo_Ext_b47484,PUR_IED_JoseAcevedo_Ext_b47484,,,,,
2026-09-12T13:36:06-05:00,PUR_IED_JoseMarti_Exte_5b9bf,PUR_IED_JoseMarti_Exte_5b9bf,,,,,
2026-09-12T13:36:06-05:00,PUR_IED_JoseMarti_LabQuim_1c6c2d,PUR_IED_JoseMarti_LabQuim_1c6c2d,,,,,
2026-09-12T13:36:06-05:00,PUR_IED_JoseMarti_S_info_f5f177,PUR_IED_JoseMarti_S_info_f5f177,,,,,
2026-09-12T13:36:06-05:00,PUR_IED_Josejoaquin_Ext_dfc5dc,PUR_IED_Josejoaquin_Ext_dfc5dc,,,,,
2026-09-12T13:36:06-05:00,PUR_IED_Josejoaquin_S05_5b2a96,PUR_IED_Josejoaquin_S05_5b2a96,,,,,
2026-09-12T13:36:06-05:00,PUR_IED_Josejoaquin_S06_1ce7d2,PUR_IED_Josejoaquin_S06_1ce7d2,,,,,
2026-09-12T13:36:06-05:00,PUR_IED_JulioFlorez_Danza_9b82dd,PUR_IED_JulioFlorez_Danza_9b82dd,,,,,
2026-09-12T13:36:06-05:00,PUR_IED_JulioFlorez_Exter_f9f314,PUR_IED_JulioFlorez_Exter_f9f314,,,,,
2026-09-12T13:36:06-05:00,PUR_IED_JulioFlorez_info2_6b6e08,PUR_IED_JulioFlorez_info2_6b6e08,,,,,
2026-09-12T13:36:06-05:00,PUR_IED_LaBelleza_Aula13_1d00d8,PUR_IED_LaBelleza_Aula13_1d00d8,,,,,
2026-09-12T13:36:06-05:00,PUR_IED_LaBelleza_Ext_7bc08c,PUR_IED_LaBelleza_Ext_7bc08c,,,,,
2026-09-12T13:36:06-05:00,PUR_IED_LaChucua_Ext_8cd6d2,PUR_IED_LaChucua_Ext_8cd6d2,,,,,
2026-09-12T13:36:06-05:00,PUR_IED_LaChucua_S15_f578ce,PUR_IED_LaChucua_S15_f578ce,,,,,
2026-09-12T13:36:06-05:00,PUR_IED_LaChucua_S16_eebcf9,PUR_IED_LaChucua_S16_eebcf9,,,,,
2026-09-12T13:36:06-05:00,PUR_IED_LaFelicidad_Ext_fb5109,PUR_IED_LaFelicidad_Ext_fb5109,,,,,
2026-09-12T13:36:06-05:00,PUR_IED_LaMerced_206_66ebd,PUR_IED_LaMerced_206_66ebd,,,,,
2026-09-12T13:36:06-05:00,PUR_IED_LaMerced_207_6ebd6,PUR_IED_LaMerced_207_6ebd6,,,,,
2026-09-12T13:36:06-05:00,PUR_IED_LaMerced_ext_304311,PUR_IED_LaMerced_ext_304311,,,,,
2026-09-12T13:36:06-05:00,PUR_IED_Laureano_CiencNat_281e5e,PUR_IED_Laureano_CiencNat_281e5e,,,,,
2026-09-12T13:36:06-05:00,PUR_IED_Laureano_Comedor_f65c0a,PUR_IED_Laureano_Comedor_f65c0a,,,,,
2026-09-12T13:36:06-05:00,PUR_IED_Laureano_Exterior_7ab011,PUR_IED_Laureano_Exterior_7ab011,,,,,
2026-09-12T13:36:06-05:00,PUR_IED_LeonGreiff_Exte_dfe560,PUR_IED_LeonGreiff_Exte_dfe560,,,,,
2026-09-12T13:36:06-05:00,PUR_IED_LeonGreiff_S210_f264ed,PUR_IED_LeonGreiff_S210_f264ed,,,,,
2026-09-12T13:36:06-05:00,PUR_IED_LeonGreiff_SQuimi_e8296f,PUR_IED_LeonGreiff_SQuimi_e8296f,,,,,
2026-09-12T13:36:06-05:00,PUR_IED_LlanoOrientalS208_7b9fcd,PUR_IED_LlanoOrientalS208_7b9fcd,,,,,
2026-09-12T13:36:06-05:00,PUR_IED_LlanoOriental_Ext_fb3766,PUR_IED_LlanoOriental_Ext_fb3766,,,,,
2026-09-12T13:36:06-05:00,PUR_IED_LlanoOriental_S208_7b9fcd,PUR_IED_LlanoOriental_S208_7b9fcd,,,,,
2026-09-12T13:36:06-05:00,PUR_IED_LlanoOriental_S9_27b378,PUR_IED_LlanoOriental_S9_27b378,,,,,
2026-09-12T13:36:06-05:00,PUR_IED_LosTejares_1101_477602,PUR_IED_LosTejares_1101_477602,,,,,
2026-09-12T13:36:06-05:00,PUR_IED_LosTejares_11_d2c595,PUR_IED_LosTejares_11_d2c595,,,,,
2026-09-12T13:36:06-05:00,PUR_IED_LosTejares_12_477602,PUR_IED_LosTejares_12_477602,,,,,
2026-09-12T13:36:06-05:00,PUR_IED_LosTejares_Ext_8e2115,PUR_IED_LosTejares_Ext_8e2115,,,,,
2026-09-12T13:36:06-05:00,PUR_IED_MagdalenaO_B202_5ddda3,PUR_IED_MagdalenaO_B202_5ddda3,,,,,
2026-09-12T13:36:06-05:00,PUR_IED_MagdalenaO_B205_fb76e8,PUR_IED_MagdalenaO_B205_fb76e8,,,,,
2026-09-12T13:36:06-05:00,PUR_IED_MagdalenaO_ext_dc69cd,PUR_IED_MagdalenaO_ext_dc69cd,,,,,
2026-09-12T13:36:06-05:00,PUR_IED_ManueCepeda_artes_eee956,PUR_IED_ManueCepeda_artes_eee956,,,,,
2026-09-12T13:36:06-05:00,PUR_IED_ManuelCepeda_Ext_58313,PUR_IED_ManuelCepeda_Ext_58313,,,,,
2026-09-12T13:36:06-05:00,PUR_IED_ManuelCepeda_tec_1c5731,PUR_IED_ManuelCepeda_tec_1c5731,,,,,
2026-09-12T13:36:06-05:00,PUR_IED_ManuelS_Exterior_5b269,PUR_IED_ManuelS_Exterior_5b269,,,,,
2026-09-12T13:36:06-05:00,PUR_IED_ManuelS_Inform_f369ce,PUR_IED_ManuelS_Inform_f369ce,,,,,
2026-09-12T13:36:06-05:00,PUR_IED_ManuelS_SArtes_7d15f1,PUR_IED_ManuelS_SArtes_7d15f1,,,,,
2026-09-12T13:36:06-05:00,PUR_IED_ManuelZapata_303_3ca6,PUR_IED_ManuelZapata_303_3ca6,,,,,
2026-09-12T13:36:06-05:00,PUR_IED_ManuelZapata_311_bfbabc,PUR_IED_ManuelZapata_311_bfbabc,,,,,
2026-09-12T13:36:06-05:00,PUR_IED_ManuelZapata_Ext_50824a,PUR_IED_ManuelZapata_Ext_50824a,,,,,
2026-09-12T13:36:06-05:00,PUR_IED_ManuelitaS_Exteri_656a92,PUR_IED_ManuelitaS_Exteri_656a92,,,,,
2026-09-12T13:36:06-05:00,PUR_IED_ManuelitaS_JuzgDe_f58ec3,PUR_IED_ManuelitaS_JuzgDe_f58ec3,,,,,
2026-09-12T13:36:06-05:00,PUR_IED_ManuelitaS_Recrea_d793db,PUR_IED_ManuelitaS_Recrea_d793db,,,,,
2026-09-12T13:36:06-05:00,PUR_IED_MarFidSuarez_Ext_c27b19,PUR_IED_MarFidSuarez_Ext_c27b19,,,,,
2026-09-12T13:36:06-05:00,PUR_IED_MarFidSuarez_Info_e384d7,PUR_IED_MarFidSuarez_Info_e384d7,,,,,
2026-09-12T13:36:06-05:00,PUR_IED_MarFidSuarez_S306_1d0032,PUR_IED_MarFidSuarez_S306_1d0032,,,,,
2026-09-12T13:36:06-05:00,PUR_IED_Menorah_301_2a25a3,PUR_IED_Menorah_301_2a25a3,,,,,
2026-09-12T13:36:06-05:00,PUR_IED_Menorah_306_37ed3,PUR_IED_Menorah_306_37ed3,,,,,
2026-09-12T13:36:06-05:00,PUR_IED_Menorah_Ext_3e155b,PUR_IED_Menorah_Ext_3e155b,,,,,
2026-09-12T13:36:06-05:00,PUR_IED_MinutoB.Aires_A11_1b1604,PUR_IED_MinutoB.Aires_A11_1b1604,,,,,
2026-09-12T13:36:06-05:00,PUR_IED_MinutoB.Aires_A12_fb5860,PUR_IED_MinutoB.Aires_A12_fb5860,,,,,
2026-09-12T13:36:06-05:00,PUR_IED_MinutoB.Aires_Ext_81293f,PUR_IED_MinutoB.Aires_Ext_81293f,,,,,
2026-09-12T13:36:06-05:00,PUR_IED_MinutoBAires_A11_1b1604,PUR_IED_MinutoBAires_A11_1b1604,,,,,
2026-09-12T13:36:06-05:00,PUR_IED_MinutoBAires_A12_fb5860,PUR_IED_MinutoBAires_A12_fb5860,,,,,
2026-09-12T13:36:06-05:00,PUR_IED_MinutoBAires_Ext_81293f,PUR_IED_MinutoBAires_Ext_81293f,,,,,
2026-09-12T13:36:06-05:00,PUR_IED_Montreal_Aula10_1e4959,PUR_IED_Montreal_Aula10_1e4959,,,,,
2026-09-12T13:36:06-05:00,PUR_IED_Montreal_Aula6_300367,PUR_IED_Montreal_Aula6_300367,,,,,
2026-09-12T13:36:06-05:00,PUR_IED_Montreal_Exterior_91a179,PUR_IED_Montreal_Exterior_91a179,,,,,
2026-09-12T13:36:06-05:00,PUR_IED_Mqgdalena_B202_5ddda3,PUR_IED_Mqgdalena_B202_5ddda3,,,,,
2026-09-12T13:36:06-05:00,PUR_IED_NACUND_Soc_dc8728,PUR_IED_NACUND_Soc_dc8728,,,,,
2026-09-12T13:36:06-05:00,PUR_IED_NACUND_ext_27ad97,PUR_IED_NACUND_ext_27ad97,,,,,
2026-09-12T13:36:06-05:00,PUR_IED_NEsperanza_Ext_d24b61,PUR_IED_NEsperanza_Ext_d24b61,,,,,
2026-09-12T13:36:06-05:00,PUR_IED_NEsperanza_SElect_7d1807,PUR_IED_NEsperanza_SElect_7d1807,,,,,
2026-09-12T13:36:06-05:00,PUR_IED_NEsperanza_SLabor_8b2d0a,PUR_IED_NEsperanza_SLabor_8b2d0a,,,,,
2026-09-12T13:36:06-05:00,PUR_IED_NacionesU_Ext_f661a9,PUR_IED_NacionesU_Ext_f661a9,,,,,
2026-09-12T13:36:06-05:00,PUR_IED_NacionesU_Quimica_66f0a,PUR_IED_NacionesU_Quimica_66f0a,,,,,
2026-09-12T13:36:06-05:00,PUR_IED_NacionesU_S306_1b4b3d,PUR_IED_NacionesU_S306_1b4b3d,,,,,
2026-09-12T13:36:06-05:00,PUR_IED_NestorFA_Ext_e4201c,PUR_IED_NestorFA_Ext_e4201c,,,,,
2026-09-12T13:36:06-05:00,PUR_IED_NestorFA_Laborato_f22fe0,PUR_IED_NestorFA_Laborato_f22fe0,,,,,
2026-09-12T13:36:06-05:00,PUR_IED_NestorFA_S204_dee996,PUR_IED_NestorFA_S204_dee996,,,,,
2026-09-12T13:36:06-05:00,PUR_IED_NidyaQT_Aula03_76999b,PUR_IED_NidyaQT_Aula03_76999b,,,,,
2026-09-12T13:36:06-05:00,PUR_IED_NidyaQT_Aula10_56325,PUR_IED_NidyaQT_Aula10_56325,,,,,
2026-09-12T13:36:06-05:00,PUR_IED_NidyaQT_Ext_46e32d,PUR_IED_NidyaQT_Ext_46e32d,,,,,
2026-09-12T13:36:06-05:00,PUR_IED_NuevaCol_Exterior_d9b859,PUR_IED_NuevaCol_Exterior_d9b859,,,,,
2026-09-12T13:36:06-05:00,PUR_IED_NuevaCol_S1101_76c43b,PUR_IED_NuevaCol_S1101_76c43b,,,,,
2026-09-12T13:36:06-05:00,PUR_IED_NuevaCol_S1102_1ce0b5,PUR_IED_NuevaCol_S1102_1ce0b5,,,,,
2026-09-12T13:36:06-05:00,PUR_IED_OEA_A202_f7e3f2,PUR_IED_OEA_A202_f7e3f2,,,,,
2026-09-12T13:36:06-05:00,PUR_IED_OEA_A203_7d1b8d,PUR_IED_OEA_A203_7d1b8d,,,,,
2026-09-12T13:36:06-05:00,PUR_IED_OEA_Ext_27b593,PUR_IED_OEA_Ext_27b593,,,,,
2026-09-12T13:36:06-05:00,PUR_IED_Ochoa_Ext_1c29da,PUR_IED_Ochoa_Ext_1c29da,,,,,
2026-09-12T13:36:06-05:00,PUR_IED_Ochoa_S205_8b1121,PUR_IED_Ochoa_S205_8b1121,,,,,
2026-09-12T13:36:06-05:00,PUR_IED_Ochoa_Sistemas_f33af6,PUR_IED_Ochoa_Sistemas_f33af6,,,,,
2026-09-12T13:36:06-05:00,PUR_IED_PQuebec_Ext_1c67c7,PUR_IED_PQuebec_Ext_1c67c7,,,,,
2026-09-12T13:36:06-05:00,PUR_IED_PQuebec_S15_23e8e2,PUR_IED_PQuebec_S15_23e8e2,,,,,
2026-09-12T13:36:06-05:00,PUR_IED_PQuebec_S16_8ec76b,PUR_IED_PQuebec_S16_8ec76b,,,,,
2026-09-12T13:36:06-05:00,PUR_IED_PabloN_Ext_49dc96,PUR_IED_PabloN_Ext_49dc96,,,,,
2026-09-12T13:36:06-05:00,PUR_IED_PabloN_S1102_4e3df5,PUR_IED_PabloN_S1102_4e3df5,,,,,
2026-09-12T13:36:06-05:00,PUR_IED_PabloN_S1103_50c94b,PUR_IED_PabloN_S1103_50c94b,,,,,
2026-09-12T13:36:06-05:00,PUR_IED_Palestina_S1101_db9198,PUR_IED_Palestina_S1101_db9198,,,,,
2026-09-12T13:36:06-05:00,PUR_IED_Palestina_S1102_dc54fa,PUR_IED_Palestina_S1102_dc54fa,,,,,
2026-09-12T13:36:06-05:00,PUR_IED_Palestina_ext_4ccce6,PUR_IED_Palestina_ext_4ccce6,,,,,
2026-09-12T13:36:06-05:00,PUR_IED_Panama_Fisica_4d0794,PUR_IED_Panama_Fisica_4d0794,,,,,
2026-09-12T13:36:06-05:00,PUR_IED_Panama_SIngles_a4077e,PUR_IED_Panama_SIngles_a4077e,,,,,
2026-09-12T13:36:06-05:00,PUR_IED_Panama_ext_4c54b4,PUR_IED_Panama_ext_4c54b4,,,,,
2026-09-12T13:36:06-05:00,PUR_IED_ParaisoM_Exterior_8cd7f0,PUR_IED_ParaisoM_Exterior_8cd7f0,,,,,
2026-09-12T13:36:06-05:00,PUR_IED_ParaisoM_Laborato_27af35,PUR_IED_ParaisoM_Laborato_27af35,,,,,
2026-09-12T13:36:06-05:00,PUR_IED_ParaisoM_S304_d1edca,PUR_IED_ParaisoM_S304_d1edca,,,,,
2026-09-12T13:36:06-05:00,PUR_IED_PorfirioBarba_Ext_301466,PUR_IED_PorfirioBarba_Ext_301466,,,,,
2026-09-12T13:36:06-05:00,PUR_IED_PorfirioBarba_S11_df6cd2,PUR_IED_PorfirioBarba_S11_df6cd2,,,,,
2026-09-12T13:36:06-05:00,PUR_IED_PorfirioBarba_S29_27a7d6,PUR_IED_PorfirioBarba_S29_27a7d6,,,,,
2026-09-12T13:36:06-05:00,PUR_IED_PradoV_Exter_8b27ad,PUR_IED_PradoV_Exter_8b27ad,,,,,
2026-09-12T13:36:06-05:00,PUR_IED_PradoV_S301_de65b5,PUR_IED_PradoV_S301_de65b5,,,,,
2026-09-12T13:36:06-05:00,PUR_IED_PradoV_S302_7d2593,PUR_IED_PradoV_S302_7d2593,,,,,
2026-09-12T13:36:06-05:00,PUR_IED_QuirogaAlz_Ext_1ddc82,PUR_IED_QuirogaAlz_Ext_1ddc82,,,,,
2026-09-12T13:36:06-05:00,PUR_IED_QuirogaAlz_S302_9926a3,PUR_IED_QuirogaAlz_S302_9926a3,,,,,
2026-09-12T13:36:06-05:00,PUR_IED_QuirogaAlz_S305_cdf1f1,PUR_IED_QuirogaAlz_S305_cdf1f1,,,,,
2026-09-12T13:36:06-05:00,PUR_IED_RGuatemala_Biling_dc53b7,PUR_IED_RGuatemala_Biling_dc53b7,,,,,
2026-09-12T13:36:06-05:00,PUR_IED_RGuatemala_Ext_1b89a3,PUR_IED_RGuatemala_Ext_1b89a3,,,,,
2026-09-12T13:36:06-05:00,PUR_IED_RGuatemala_Tecnol_281a34,PUR_IED_RGuatemala_Tecnol_281a34,,,,,
2026-09-12T13:36:06-05:00,PUR_IED_RafaNu_Ext_f7c302,PUR_IED_RafaNu_Ext_f7c302,,,,,
2026-09-12T13:36:06-05:00,PUR_IED_RafaNu_S1101_25fde,PUR_IED_RafaNu_S1101_25fde,,,,,
2026-09-12T13:36:06-05:00,PUR_IED_RafaNu_S1102_281517,PUR_IED_RafaNu_S1102_281517,,,,,
2026-09-12T13:36:06-05:00,PUR_IED_RafaelB_S305_ee2783,PUR_IED_RafaelB_S305_ee2783,,,,,
2026-09-12T13:36:06-05:00,PUR_IED_RafaelB_S306_75fe33,PUR_IED_RafaelB_S306_75fe33,,,,,
2026-09-12T13:36:06-05:00,PUR_IED_RafaelB_ext_283336,PUR_IED_RafaelB_ext_283336,3,20,56,4.6722,-74.0737
2026-09-12T13:36:06-05:00,PUR_IED_RafaelUU_Exterior_281a51,PUR_IED_RafaelUU_Exterior_281a51,,,,,
2026-09-12T13:36:06-05:00,PUR_IED_RafaelUU_Human_806b2,PUR_IED_RafaelUU_Human_806b2,,,,,
2026-09-12T13:36:06-05:00,PUR_IED_RafaelUU_Mate2_5680d4,PUR_IED_RafaelUU_Mate2_5680d4,,,,,
2026-09-12T13:36:06-05:00,PUR_IED_RamonSub_Ext_f9eeb9,PUR_IED_RamonSub_Ext_f9eeb9,,,,,
2026-09-12T13:36:06-05:00,PUR_IED_RamonSub_Media_d1f62f,PUR_IED_RamonSub_Media_d1f62f,,,,,
2026-09-12T13:36:06-05:00,PUR_IED_RamonSub_planta_51b82,PUR_IED_RamonSub_planta_51b82,,,,,
2026-09-12T13:36:06-05:00,PUR_IED_RepBoliVene_Exter_27af7c,PUR_IED_RepBoliVene_Exter_27af7c,,,,,
2026-09-12T13:36:06-05:00,PUR_IED_RepBoliVene_SCPT_5ae2ee,PUR_IED_RepBoliVene_SCPT_5ae2ee,,,,,
2026-09-12T13:36:06-05:00,PUR_IED_RepBoliVene_Socia_4b11d5,PUR_IED_RepBoliVene_Socia_4b11d5,,,,,
2026-09-12T13:36:06-05:00,PUR_IED_RepChina_Ext_76d9ee,PUR_IED_RepChina_Ext_76d9ee,,,,,
2026-09-12T13:36:06-05:00,PUR_IED_RepChina_S404_7c804c,PUR_IED_RepChina_S404_7c804c,,,,,
2026-09-12T13:36:06-05:00,PUR_IED_RepChina_S405_df2c33,PUR_IED_RepChina_S405_df2c33,,,,,
2026-09-12T13:36:06-05:00,PUR_IED_RepublicaC_Exteri_7d1ec9,PUR_IED_RepublicaC_Exteri_7d1ec9,,,,,
2026-09-12T13:36:06-05:00,PUR_IED_RepublicaC_S1101_f544b3,PUR_IED_RepublicaC_S1101_f544b3,,,,,
2026-09-12T13:36:06-05:00,PUR_IED_RepublicaC_S1102_7aafc7,PUR_IED_RepublicaC_S1102_7aafc7,,,,,
2026-09-12T13:36:06-05:00,PUR_IED_Ricaurte_Externo_a0ea1,PUR_IED_Ricaurte_Externo_a0ea1,,,,,
2026-09-12T13:36:06-05:00,PUR_IED_Ricaurte_S210_f546fd,PUR_IED_Ricaurte_S210_f546fd,,,,,
2026-09-12T13:36:06-05:00,PUR_IED_Ricaurte_S309_d4452,PUR_IED_Ricaurte_S309_d4452,,,,,
2026-09-12T13:36:06-05:00,PUR_IED_RogelioS_1102_531e69,PUR_IED_RogelioS_1102_531e69,,,,,
2026-09-12T13:36:06-05:00,PUR_IED_RogelioS_Ext_f25a18,PUR_IED_RogelioS_Ext_f25a18,,,,,
2026-09-12T13:36:06-05:00,PUR_IED_SBernardino_Ext_27aff8,PUR_IED_SBernardino_Ext_27aff8,,,,,
2026-09-12T13:36:06-05:00,PUR_IED_SBernardino_SArte_2ffd33,PUR_IED_SBernardino_SArte_2ffd33,,,,,
2026-09-12T13:36:06-05:00,PUR_IED_SBernardino_SIngl_7c7da5,PUR_IED_SBernardino_SIngl_7c7da5,,,,,
2026-09-12T13:36:06-05:00,PUR_IED_Sago_auditorio_dc9d1d,PUR_IED_Sago_auditorio_dc9d1d,,,,,
2026-09-12T13:36:06-05:00,PUR_IED_Saludcoop_Ext_95aac3,PUR_IED_Saludcoop_Ext_95aac3,,,,,
2026-09-12T13:36:06-05:00,PUR_IED_Saludcoop_InfI_90c854,PUR_IED_Saludcoop_InfI_90c854,,,,,
2026-09-12T13:36:06-05:00,PUR_IED_Saludcoop_SMedia_1b93be,PUR_IED_Saludcoop_SMedia_1b93be,,,,,
2026-09-12T13:36:06-05:00,PUR_IED_SanCarlos_1101_1a2360,PUR_IED_SanCarlos_1101_1a2360,,,,,
2026-09-12T13:36:06-05:00,PUR_IED_SanCarlos_1103_7bafb5,PUR_IED_SanCarlos_1103_7bafb5,,,,,
2026-09-12T13:36:06-05:00,PUR_IED_SanCarlos_Ext_b7cd1,PUR_IED_SanCarlos_Ext_b7cd1,,,,,
2026-09-12T13:36:06-05:00,PUR_IED_SanIgnacioBosa11a_50c26e,PUR_IED_SanIgnacioBosa11a_50c26e,,,,,
2026-09-12T13:36:06-05:00,PUR_IED_SanIgnacioBosa11b_371de8,PUR_IED_SanIgnacioBosa11b_371de8,,,,,
2026-09-12T13:36:06-05:00,PUR_IED_SanIgnacioBosaExt_ef0ffc,PUR_IED_SanIgnacioBosaExt_ef0ffc,,,,,
2026-09-12T13:36:06-05:00,PUR_IED_SanIgnacioBosa_11a_50c26e,PUR_IED_SanIgnacioBosa_11a_50c26e,,,,,
2026-09-12T13:36:06-05:00,PUR_IED_SanIgnacioBosa_Ext_ef0ffc,PUR_IED_SanIgnacioBosa_Ext_ef0ffc,,,,,
2026-09-12T13:36:06-05:00,PUR_IED_SanJoseN_intS1101_31c47f,PUR_IED_SanJoseN_intS1101_31c47f,,,,,
2026-09-12T13:36:06-05:00,PUR_IED_SanJoseUsm_Exter_f5d7e8,PUR_IED_SanJoseUsm_Exter_f5d7e8,,,,,
2026-09-12T13:36:06-05:00,PUR_IED_SanJoseUsm_Int11A_cfdef6,PUR_IED_SanJoseUsm_Int11A_cfdef6,,,,,
2026-09-12T13:36:06-05:00,PUR_IED_SilveriaR_IntB5_905349,PUR_IED_SilveriaR_IntB5_905349,,,,,
2026-09-12T13:36:06-05:00,PUR_IED_SilveriaR_IntSD14_981f93,PUR_IED_SilveriaR_IntSD14_981f93,,,,,
2026-09-12T13:36:06-05:00,PUR_IED_SilveriaR_ext_2b651d,PUR_IED_SilveriaR_ext_2b651d,,,,,
2026-09-12T13:36:06-05:00,PUR_IED_SimonB_Exterior_913975,PUR_IED_SimonB_Exterior_913975,,,,,
2026-09-12T13:36:06-05:00,PUR_IED_SimonB_LabQuimi_c56908,PUR_IED_SimonB_LabQuimi_c56908,,,,,
2026-09-12T13:36:06-05:00,PUR_IED_SimonB_informatic_a28c1,PUR_IED_SimonB_informatic_a28c1,,,,,
2026-09-12T13:36:06-05:00,PUR_IED_Sorrento_1102_315f50,PUR_IED_Sorrento_1102_315f50,,,,,
2026-09-12T13:36:06-05:00,PUR_IED_Sorrento_Minte_214eab,PUR_IED_Sorrento_Minte_214eab,,,,,
2026-09-12T13:36:06-05:00,PUR_IED_Sorrento_ext_7c3a0a,PUR_IED_Sorrento_ext_7c3a0a,,,,,
2026-09-12T13:36:06-05:00,PUR_IED_Tabora_Ext_f048ae,PUR_IED_Tabora_Ext_f048ae,,,,,
2026-09-12T13:36:06-05:00,PUR_IED_Tabora_S1102_b07752,PUR_IED_Tabora_S1102_b07752,,,,,
2026-09-12T13:36:06-05:00,PUR_IED_Tabora_S1103_d988f5,PUR_IED_Tabora_S1103_d988f5,,,,,
2026-09-12T13:36:06-05:00,PUR_IED_Tenerife_Ext_1ab188,PUR_IED_Tenerife_Ext_1ab188,,,,,
2026-09-12T13:36:06-05:00,PUR_IED_Tenerife_SDanzas_7bc02e,PUR_IED_Tenerife_SDanzas_7bc02e,,,,,
2026-09-12T13:36:06-05:00,PUR_IED_Tenerife_SIngles_7cc277,PUR_IED_Tenerife_SIngles_7cc277,,,,,
2026-09-12T13:36:06-05:00,PUR_IED_Tibabuyes_Exter_f2683d,PUR_IED_Tibabuyes_Exter_f2683d,,,,,
2026-09-12T13:36:06-05:00,PUR_IED_Tibabuyes_S10_dc87a8,PUR_IED_Tibabuyes_S10_dc87a8,,,,,
2026-09-12T13:36:06-05:00,PUR_IED_Tibabuyes_S15_dc0526,PUR_IED_Tibabuyes_S15_dc0526,,,,,
2026-09-12T13:36:06-05:00,PUR_IED_UnionE_S301_a1043,PUR_IED_UnionE_S301_a1043,,,,,
2026-09-12T13:36:06-05:00,PUR_IED_UnionE_S307_ff6c2f,PUR_IED_UnionE_S307_ff6c2f,,,,,
2026-09-12T13:36:06-05:00,PUR_IED_UnionE__Ext_5e2468,PUR_IED_UnionE__Ext_5e2468,,,,,
2026-09-12T13:36:06-05:00,PUR_IED_VillaRica_Ext_75be7c,PUR_IED_VillaRica_Ext_75be7c,,,,,
2026-09-12T13:36:06-05:00,PUR_IED_VillaRica_S4_cc5dcd,PUR_IED_VillaRica_S4_cc5dcd,,,,,
2026-09-12T13:36:06-05:00,PUR_IED_VillaRica_Sesp_99f5c,PUR_IED_VillaRica_Sesp_99f5c,,,,,
2026-09-12T13:41:13-05:00,PUR_IED_20deJulio_1101_91b1b9,PUR_IED_20deJulio_1101_91b1b9,,,,,
2026-09-12T13:41:13-05:00,PUR_IED_20deJulio_1102_1cfcf9,PUR_IED_20deJulio_1102_1cfcf9,,,,,
2026-09-12T13:41:13-05:00,PUR_IED_20deJulio_Ext_ab60bd,PUR_IED_20deJulio_Ext_ab60bd,,,,,
2026-09-12T13:41:13-05:00,PUR_IED_AgustinFer_Ext_7b9b77,PUR_IED_AgustinFer_Ext_7b9b77,,,,,
2026-09-12T13:41:13-05:00,PUR_IED_AgustinFer_Info2_27b3a7,PUR_IED_AgustinFer_Info2_27b3a7,,,,,
2026-09-12T13:41:13-05:00,PUR_IED_AgustinFer_Sena_54b4eb,PUR_IED_AgustinFer_Sena_54b4eb,,,,,
2026-09-12T13:41:13-05:00,PUR_IED_AlexanderF_1102_caf07b,PUR_IED_AlexanderF_1102_caf07b,,,,,
2026-09-12T13:41:13-05:00,PUR_IED_AlexanderF_1103_c79e71,PUR_IED_AlexanderF_1103_c79e71,,,,,
2026-09-12T13:41:13-05:00,PUR_IED_AlexanderF_Ext_c5b18b,PUR_IED_AlexanderF_Ext_c5b18b,,,,,
2026-09-12T13:41:13-05:00,PUR_IED_AlfonsoLopez_Ext_281d77,PUR_IED_AlfonsoLopez_Ext_281d77,,,,,
2026-09-12T13:41:13-05:00,PUR_IED_AlfonsoLopez_LabF_888ce0,PUR_IED_AlfonsoLopez_LabF_888ce0,,,,,
2026-09-12T13:41:13-05:00,PUR_IED_AlfonsoLopez_SMed_df6a7f,PUR_IED_AlfonsoLopez_SMed_df6a7f,,,,,
2026-09-12T13:41:13-05:00,PUR_IED_AltamiraSO_A2_209f92,PUR_IED_AltamiraSO_A2_209f92,,,,,
2026-09-12T13:41:13-05:00,PUR_IED_AltamiraSO_Ext_186d66,PUR_IED_AltamiraSO_Ext_186d66,,,,,
2026-09-12T13:41:13-05:00,PUR_IED_AltamiraSO_Sistem_27afe1,PUR_IED_AltamiraSO_Sistem_27afe1,,,,,
2026-09-12T13:41:13-05:00,PUR_IED_AlvaroGom_LabQuim_813179,PUR_IED_AlvaroGom_LabQuim_813179,,,,,
2026-09-12T13:41:13-05:00,PUR_IED_AlvaroGomez_Ext_47c7ca,PUR_IED_AlvaroGomez_Ext_47c7ca,,,,,
2026-09-12T13:41:13-05:00,PUR_IED_AlvaroGomez_LabQuim_813179,PUR_IED_AlvaroGomez_LabQuim_813179,,,,,
2026-09-12T13:41:13-05:00,PUR_IED_AlvaroGomez_S23_7ba89f,PUR_IED_AlvaroGomez_S23_7ba89f,,,,,
2026-09-12T13:41:13-05:00,PUR_IED_Amistad_306_dc8728,PUR_IED_Amistad_306_dc8728,,,,,
2026-09-12T13:41:13-05:00,PUR_IED_Amistad_Ext_8cd55e,PUR_IED_Amistad_Ext_8cd55e,,,,,
2026-09-12T13:41:13-05:00,PUR_IED_Amistad_S202_a41169,PUR_IED_Amistad_S202_a41169,,,,,
2026-09-12T13:41:13-05:00,PUR_IED_AndresBello_Bio_fd5f5e,PUR_IED_AndresBello_Bio_fd5f5e,,,,,
2026-09-12T13:41:13-05:00,PUR_IED_AndresBello_ext_dcad65,PUR_IED_AndresBello_ext_dcad65,,,,,
2026-09-12T13:41:13-05:00,PUR_IED_AndresBello_port_eed3ec,PUR_IED_AndresBello_port_eed3ec,,,,,
2026-09-12T13:41:13-05:00,PUR_IED_AngelaR_11b_d90a6b,PUR_IED_AngelaR_11b_d90a6b,,,,,
2026-09-12T13:41:13-05:00,PUR_IED_AngelaR_ext_7cad3e,PUR_IED_AngelaR_ext_7cad3e,,,,,
2026-09-12T13:41:13-05:00,PUR_IED_AntJoseSucre_10mo_df2575,PUR_IED_AntJoseSucre_10mo_df2575,,,,,
2026-09-12T13:41:13-05:00,PUR_IED_AntJoseSucre_Ext_215b36,PUR_IED_AntJoseSucre_Ext_215b36,,,,,
2026-09-12T13:41:13-05:00,PUR_IED_AntJoseSucre_Lab_3139de,PUR_IED_AntJoseSucre_Lab_3139de,,,,,
2026-09-12T13:41:13-05:00,PUR_IED_AntonioGarcia_301_d6b188,PUR_IED_AntonioGarcia_301_d6b188,,,,,
2026-09-12T13:41:13-05:00,PUR_IED_AntonioGarcia_302_88a82,PUR_IED_AntonioGarcia_302_88a82,,,,,
2026-09-12T13:41:13-05:00,PUR_IED_AntonioGarcia_Ext_20950c,PUR_IED_AntonioGarcia_Ext_20950c,,,,,
2026-09-12T13:41:13-05:00,PUR_IED_AntonioVan_Aula2_6dea02,PUR_IED_AntonioVan_Aula2_6dea02,,,,,
2026-09-12T13:41:13-05:00,PUR_IED_AntonioVan_Aula5_f1557e,PUR_IED_AntonioVan_Aula5_f1557e,,,,,
2026-09-12T13:41:13-05:00,PUR_IED_AntonioVan_Ext_406f2f,PUR_IED_AntonioVan_Ext_406f2f,,,,,
2026-09-12T13:41:13-05:00,PUR_IED_Atabanzha_Ext_cc5af9,PUR_IED_Atabanzha_Ext_cc5af9,,,,,
2026-09-12T13:41:13-05:00,PUR_IED_Atabanzha_SA101_56c37,PUR_IED_Atabanzha_SA101_56c37,,,,,
2026-09-12T13:41:13-05:00,PUR_IED_Atabanzha_SB302_27b374,PUR_IED_Atabanzha_SB302_27b374,,,,,
2026-09-12T13:41:13-05:00,PUR_IED_Atahualpa_Ext_fc1748,PUR_IED_Atahualpa_Ext_fc1748,,,,,
2026-09-12T13:41:13-05:00,PUR_IED_Atahualpa_Informa_dc9a95,PUR_IED_Atahualpa_Informa_dc9a95,,,,,
2026-09-12T13:41:13-05:00,PUR_IED_Atahualpa_S1101_f98056,PUR_IED_Atahualpa_S1101_f98056,,,,,
2026-09-12T13:41:13-05:00,PUR_IED_Bellavista_Ext_f5aa74,PUR_IED_Bellavista_Ext_f5aa74,,,,,
2026-09-12T13:41:13-05:00,PUR_IED_Bilbao_11A_916c41,PUR_IED_Bilbao_11A_916c41,,,,,
2026-09-12T13:41:13-05:00,PUR_IED_Bilbao_Ext_fb579a,PUR_IED_Bilbao_Ext_fb579a,,,,,
2026-09-12T13:41:13-05:00,PUR_IED_BrasiliaU_A125_304280,PUR_IED_BrasiliaU_A125_304280,,,,,
2026-09-12T13:41:13-05:00,PUR_IED_BrasiliaU_A203_7c8ca5,PUR_IED_BrasiliaU_A203_7c8ca5,,,,,
2026-09-12T13:41:13-05:00,PUR_IED_BrasiliaU_Ext_8d6e9f,PUR_IED_BrasiliaU_Ext_8d6e9f,3,20,55,4.5175,-74.116302
2026-09-12T13:41:13-05:00,PUR_IED_Brasilia_Ext_fe6593,PUR_IED_Brasilia_Ext_fe6593,,,,,
2026-09-12T13:41:13-05:00,PUR_IED_Brasilia_S24_7c130d,PUR_IED_Brasilia_S24_7c130d,,,,,
2026-09-12T13:41:13-05:00,PUR_IED_Brasilia_S501_186a54,PUR_IED_Brasilia_S501_186a54,,,,,
2026-09-12T13:41:13-05:00,PUR_IED_CHARRY_EXT_f1d5cd,PUR_IED_CHARRY_EXT_f1d5cd,,,,,
2026-09-12T13:41:13-05:00,PUR_IED_CHARRY_INTDANZAS_7a08e6,PUR_IED_CHARRY_INTDANZAS_7a08e6,,,,,
2026-09-12T13:41:13-05:00,PUR_IED_CHARRY_INT_AULA20_dc998d,PUR_IED_CHARRY_INT_AULA20_dc998d,,,,,
2026-09-12T13:41:13-05:00,PUR_IED_COLVIV_1101_S25_7f520a,PUR_IED_COLVIV_1101_S25_7f520a,,,,,
2026-09-12T13:41:13-05:00,PUR_IED_COLVIV_1102_S16_f570ba,PUR_IED_COLVIV_1102_S16_f570ba,,,,,
2026-09-12T13:41:13-05:00,PUR_IED_COLVIV_Ext_1a26fa,PUR_IED_COLVIV_Ext_1a26fa,,,,,
2026-09-12T13:41:13-05:00,PUR_IED_CULPOP_301A_f660f3,PUR_IED_CULPOP_301A_f660f3,,,,,
2026-09-12T13:41:13-05:00,PUR_IED_CULPOP_303_568afe,PUR_IED_CULPOP_303_568afe,,,,,
2026-09-12T13:41:13-05:00,PUR_IED_CULPOP_Ext_e02ccb,PUR_IED_CULPOP_Ext_e02ccb,,,,,
2026-09-12T13:41:13-05:00,PUR_IED_CVillavicen_Ext_26eb58,PUR_IED_CVillavicen_Ext_26eb58,2,18,69,4.487,-74.102798
2026-09-12T13:41:13-05:00,PUR_IED_CVillavicen_Intel_1ce5c2,PUR_IED_CVillavicen_Intel_1ce5c2,,,,,
2026-09-12T13:41:13-05:00,PUR_IED_CVillavicen_Poliv_e0766c,PUR_IED_CVillavicen_Poliv_e0766c,,,,,
2026-09-12T13:41:13-05:00,PUR_IED_CVillavicen_int_1ba140,PUR_IED_CVillavicen_int_1ba140,,,,,
2026-09-12T13:41:13-05:00,PUR_IED_CVillavicen_intel_1ba140,PUR_IED_CVillavicen_intel_1ba140,,,,,
2026-09-12T13:41:13-05:00,PUR_IED_CarlosPizarro_Ext_e307cc,PUR_IED_CarlosPizarro_Ext_e307cc,,,,,
2026-09-12T13:41:13-05:00,PUR_IED_CarlosPizarro_L36_7e5cdb,PUR_IED_CarlosPizarro_L36_7e5cdb,,,,,
2026-09-12T13:41:13-05:00,PUR_IED_CarlosPizarro_L37_c8566c,PUR_IED_CarlosPizarro_L37_c8566c,,,,,
2026-09-12T13:41:13-05:00,PUR_IED_Castilla_Ext_cf35f,PUR_IED_Castilla_Ext_cf35f,,,,,
2026-09-12T13:41:13-05:00,PUR_IED_Castilla_SFisik_360e38,PUR_IED_Castilla_SFisik_360e38,,,,,
2026-09-12T13:41:13-05:00,PUR_IED_Castilla_Sc304_496fbf,PUR_IED_Castilla_Sc304_496fbf,,,,,
2026-09-12T13:41:13-05:00,PUR_IED_CervantesSa_Ext_6b57b,PUR_IED_CervantesSa_Ext_6b57b,2,20,61,4.5128,-74.117203
2026-09-12T13:41:13-05:00,PUR_IED_CervantesSa_S107_225c2b,PUR_IED_CervantesSa_S107_225c2b,,,,,
2026-09-12T13:41:13-05:00,PUR_IED_CervantesSa_S108_940925,PUR_IED_CervantesSa_S108_940925,,,,,
2026-09-12T13:41:13-05:00,PUR_IED_Charry_A20_f53e7c,PUR_IED_Charry_A20_f53e7c,,,,,
2026-09-12T13:41:13-05:00,PUR_IED_Charry_Ext_f1d5cd,PUR_IED_Charry_Ext_f1d5cd,,,,,
2026-09-12T13:41:13-05:00,PUR_IED_Charry_IntAula20_dc998d,PUR_IED_Charry_IntAula20_dc998d,,,,,
2026-09-12T13:41:13-05:00,PUR_IED_Charry_IntDanzas_7a08e6,PUR_IED_Charry_IntDanzas_7a08e6,,,,,
2026-09-12T13:41:13-05:00,PUR_IED_ClememciaC_203_43e2fc,PUR_IED_ClememciaC_203_43e2fc,,,,,
2026-09-12T13:41:13-05:00,PUR_IED_ClememciaC_Ext_1b411a,PUR_IED_ClememciaC_Ext_1b411a,,,,,
2026-09-12T13:41:13-05:00,PUR_IED_ClememciaC_Quimic_44b5fc,PUR_IED_ClememciaC_Quimic_44b5fc,,,,,
2026-09-12T13:41:13-05:00,PUR_IED_ClemenciaC_203_43e2fc,PUR_IED_ClemenciaC_203_43e2fc,,,,,
2026-09-12T13:41:13-05:00,PUR_IED_ClemenciaC_Ext_1b411a,PUR_IED_ClemenciaC_Ext_1b411a,,,,,
2026-09-12T13:41:13-05:00,PUR_IED_ClemenciaC_Quimic_44b5fc,PUR_IED_ClemenciaC_Quimic_44b5fc,,,,,
2026-09-12T13:41:13-05:00,PUR_IED_ColViva_1101_S25_7f520a,PUR_IED_ColViva_1101_S25_7f520a,,,,,
2026-09-12T13:41:13-05:00,PUR_IED_ColViva_1102_S16_f570ba,PUR_IED_ColViva_1102_S16_f570ba,,,,,
2026-09-12T13:41:13-05:00,PUR_IED_ColViva_Ext_1a26fa,PUR_IED_ColViva_Ext_1a26fa,,,,,
2026-09-12T13:41:13-05:00,PUR_IED_ColegioBici_Asist_7c8798,PUR_IED_ColegioBici_Asist_7c8798,,,,,
2026-09-12T13:41:13-05:00,PUR_IED_ColegioBici_Ext_25cbf6,PUR_IED_ColegioBici_Ext_25cbf6,,,,,
2026-09-12T13:41:13-05:00,PUR_IED_ColegioBici_LabQ_7b57db,PUR_IED_ColegioBici_LabQ_7b57db,,,,,
2026-09-12T13:41:13-05:00,PUR_IED_CostaRica_Ext_5e640,PUR_IED_CostaRica_Ext_5e640,,,,,
2026-09-12T13:41:13-05:00,PUR_IED_CostaRica_Quim1_766d1c,PUR_IED_CostaRica_Quim1_766d1c,,,,,
2026-09-12T13:41:13-05:00,PUR_IED_CostaRica__Fisica_6f0873,PUR_IED_CostaRica__Fisica_6f0873,,,,,
2026-09-12T13:41:13-05:00,PUR_IED_CulPopu_301A_f660f3,PUR_IED_CulPopu_301A_f660f3,,,,,
2026-09-12T13:41:13-05:00,PUR_IED_CulPopu_303_568afe,PUR_IED_CulPopu_303_568afe,,,,,
2026-09-12T13:41:13-05:00,PUR_IED_CulPopu_Ext_e02ccb,PUR_IED_CulPopu_Ext_e02ccb,,,,,
2026-09-12T13:41:13-05:00,PUR_IED_Cundinamarca_Ext_f15985,PUR_IED_Cundinamarca_Ext_f15985,,,,,
2026-09-12T13:41:13-05:00,PUR_IED_Cundinamarca_Info_7aa5d7,PUR_IED_Cundinamarca_Info_7aa5d7,,,,,
2026-09-12T13:41:13-05:00,PUR_IED_Cundinamarca_Tec2_f449c7,PUR_IED_Cundinamarca_Tec2_f449c7,,,,,
2026-09-12T13:41:13-05:00,PUR_IED_DiegoM_Aula1_27b314,PUR_IED_DiegoM_Aula1_27b314,,,,,
2026-09-12T13:41:13-05:00,PUR_IED_DiegoM_Ext_d80ac8,PUR_IED_DiegoM_Ext_d80ac8,,,,,
2026-09-12T13:41:13-05:00,PUR_IED_DiegoM_S25_da928f,PUR_IED_DiegoM_S25_da928f,,,,,
2026-09-12T13:41:13-05:00,PUR_IED_ELRODEO_360881,PUR_IED_ELRODEO_360881,,,,,
2026-09-12T13:41:13-05:00,PUR_IED_ELRODEO_ext_360881,PUR_IED_ELRODEO_ext_360881,,,,,
2026-09-12T13:41:13-05:00,PUR_IED_EduardoU_Ext_1c1969,PUR_IED_EduardoU_Ext_1c1969,,,,,
2026-09-12T13:41:13-05:00,PUR_IED_EduardoU_SCiencia_4dfb94,PUR_IED_EduardoU_SCiencia_4dfb94,,,,,
2026-09-12T13:41:13-05:00,PUR_IED_EduardoU_SQuimica_5a46e7,PUR_IED_EduardoU_SQuimica_5a46e7,,,,,
2026-09-12T13:41:13-05:00,PUR_IED_ElRodeo_Aula14_676984,PUR_IED_ElRodeo_Aula14_676984,,,,,
2026-09-12T13:41:13-05:00,PUR_IED_ElRodeo_Aula16_2dd35b,PUR_IED_ElRodeo_Aula16_2dd35b,,,,,
2026-09-12T13:41:13-05:00,PUR_IED_ElRodeo_Ext_360881,PUR_IED_ElRodeo_Ext_360881,,,,,
2026-09-12T13:41:13-05:00,PUR_IED_ElRodeo_Exterior_8c6d28,PUR_IED_ElRodeo_Exterior_8c6d28,,,,,
2026-09-12T13:41:13-05:00,PUR_IED_ElRodeo_ext_360881,PUR_IED_ElRodeo_ext_360881,,,,,
2026-09-12T13:41:13-05:00,PUR_IED_EmmaReyes_Ext_987625,PUR_IED_EmmaReyes_Ext_987625,3,22,47,4.6367,-74.1511
2026-09-12T13:41:13-05:00,PUR_IED_Ensueño_Ext_7f0250,PUR_IED_Ensueño_Ext_7f0250,,,,,
2026-09-12T13:41:13-05:00,PUR_IED_EscNormal_Ext_5fef3b,PUR_IED_EscNormal_Ext_5fef3b,2,23,50,4.5852,-74.096901
2026-09-12T13:41:13-05:00,PUR_IED_EscNormal_S309_5b263,PUR_IED_EscNormal_S309_5b263,,,,,
2026-09-12T13:41:13-05:00,PUR_IED_EscNormal_S310_27b3b8,PUR_IED_EscNormal_S310_27b3b8,,,,,
2026-09-12T13:41:13-05:00,PUR_IED_Evangelista_Conta_f6cd4f,PUR_IED_Evangelista_Conta_f6cd4f,,,,,
2026-09-12T13:41:13-05:00,PUR_IED_Evangelista_Cri_5e16a,PUR_IED_Evangelista_Cri_5e16a,,,,,
2026-09-12T13:41:13-05:00,PUR_IED_Evangelista_Exter_754066,PUR_IED_Evangelista_Exter_754066,,,,,
2026-09-12T13:41:13-05:00,PUR_IED_FMiranda_S209_5cc2a3,PUR_IED_FMiranda_S209_5cc2a3,,,,,
2026-09-12T13:41:13-05:00,PUR_IED_FMiranda_S303_19e344,PUR_IED_FMiranda_S303_19e344,,,,,
2026-09-12T13:41:13-05:00,PUR_IED_FMiranda_ext_f53e7c,PUR_IED_FMiranda_ext_f53e7c,,,,,
2026-09-12T13:41:13-05:00,PUR_IED_FabioLozano_Bibli_1cee05,PUR_IED_FabioLozano_Bibli_1cee05,,,,,
2026-09-12T13:41:13-05:00,PUR_IED_FabioLozano_Ext_6ea285,PUR_IED_FabioLozano_Ext_6ea285,,,,,
2026-09-12T13:41:13-05:00,PUR_IED_FabioLozano_SLudi_f09e1e,PUR_IED_FabioLozano_SLudi_f09e1e,,,,,
2026-09-12T13:41:13-05:00,PUR_IED_FaustinoS_Aula07_27a731,PUR_IED_FaustinoS_Aula07_27a731,,,,,
2026-09-12T13:41:13-05:00,PUR_IED_FaustinoS_Ext_7b936f,PUR_IED_FaustinoS_Ext_7b936f,,,,,
2026-09-12T13:41:13-05:00,PUR_IED_FaustinoS_Fisica_da2c60,PUR_IED_FaustinoS_Fisica_da2c60,,,,,
2026-09-12T13:41:13-05:00,PUR_IED_FeGarciaLo_Ext_dc68ee,PUR_IED_FeGarciaLo_Ext_dc68ee,,,,,
2026-09-12T13:41:13-05:00,PUR_IED_FeGarciaLo_SDanza_f70a59,PUR_IED_FeGarciaLo_SDanza_f70a59,,,,,
2026-09-12T13:41:13-05:00,PUR_IED_FeGarciaLo_SMusic_125cdd,PUR_IED_FeGarciaLo_SMusic_125cdd,,,,,
2026-09-12T13:41:13-05:00,PUR_IED_FederalAlema_Exte_50c345,PUR_IED_FederalAlema_Exte_50c345,,,,,
2026-09-12T13:41:13-05:00,PUR_IED_FederalAlema_S31_f18371,PUR_IED_FederalAlema_S31_f18371,,,,,
2026-09-12T13:41:13-05:00,PUR_IED_FederalAlema_S901_a62cd,PUR_IED_FederalAlema_S901_a62cd,,,,,
2026-09-12T13:41:13-05:00,PUR_IED_FilarmonicaS_A5_f35eb1,PUR_IED_FilarmonicaS_A5_f35eb1,,,,,
2026-09-12T13:41:13-05:00,PUR_IED_FilarmonicaS_Ext_8a3bde,PUR_IED_FilarmonicaS_Ext_8a3bde,,,,,
2026-09-12T13:41:13-05:00,PUR_IED_FilarmonicaS_Spol_406114,PUR_IED_FilarmonicaS_Spol_406114,,,,,
2026-09-12T13:41:13-05:00,PUR_IED_FlorentinoG_A13_d1fa59,PUR_IED_FlorentinoG_A13_d1fa59,,,,,
2026-09-12T13:41:13-05:00,PUR_IED_FlorentinoG_Ext_1ce6ce,PUR_IED_FlorentinoG_Ext_1ce6ce,,,,,
2026-09-12T13:41:13-05:00,PUR_IED_FlorentinoG_Idiom_a66aac,PUR_IED_FlorentinoG_Idiom_a66aac,,,,,
2026-09-12T13:41:13-05:00,PUR_IED_FranciscoMati_Ext_e3869d,PUR_IED_FranciscoMati_Ext_e3869d,,,,,
2026-09-12T13:41:13-05:00,PUR_IED_FranciscoMati_S13_f31c67,PUR_IED_FranciscoMati_S13_f31c67,,,,,
2026-09-12T13:41:13-05:00,PUR_IED_FranciscoMati_S14_97dead,PUR_IED_FranciscoMati_S14_97dead,,,,,
2026-09-12T13:41:13-05:00,PUR_IED_FranciscoPS_Ext_7bfa9a,PUR_IED_FranciscoPS_Ext_7bfa9a,2,24,50,4.5899,-74.110397
2026-09-12T13:41:13-05:00,PUR_IED_FranciscoPS_Infor_fb8f4c,PUR_IED_FranciscoPS_Infor_fb8f4c,,,,,
2026-09-12T13:41:13-05:00,PUR_IED_FranciscoPS_Quimi_94d39c,PUR_IED_FranciscoPS_Quimi_94d39c,,,,,
2026-09-12T13:41:13-05:00,PUR_IED_FranciscoP_LabQ_d7e148,PUR_IED_FranciscoP_LabQ_d7e148,,,,,
2026-09-12T13:41:13-05:00,PUR_IED_FranciscoP_S28_cf9b30,PUR_IED_FranciscoP_S28_cf9b30,,,,,
2026-09-12T13:41:13-05:00,PUR_IED_FranciscoP_ext_e2313,PUR_IED_FranciscoP_ext_e2313,,,,,
2026-09-12T13:41:13-05:00,PUR_IED_FriederichN_Ext_8ac92a,PUR_IED_FriederichN_Ext_8ac92a,,,,,
2026-09-12T13:41:13-05:00,PUR_IED_FriederichN_S301_dd7e5a,PUR_IED_FriederichN_S301_dd7e5a,,,,,
2026-09-12T13:41:13-05:00,PUR_IED_FriederichN_S308_761f4f,PUR_IED_FriederichN_S308_761f4f,,,,,
2026-09-12T13:41:13-05:00,PUR_IED_GSantander_Aula10_533dd7,PUR_IED_GSantander_Aula10_533dd7,,,,,
2026-09-12T13:41:13-05:00,PUR_IED_GSantander_Aula12_fd4e4f,PUR_IED_GSantander_Aula12_fd4e4f,,,,,
2026-09-12T13:41:13-05:00,PUR_IED_GSantander_Aula310_533dd7,PUR_IED_GSantander_Aula310_533dd7,,,,,
2026-09-12T13:41:13-05:00,PUR_IED_GSantander_Aula312_fd4e4f,PUR_IED_GSantander_Aula312_fd4e4f,,,,,
2026-09-12T13:41:13-05:00,PUR_IED_GSantander_Ext_5f66b0,PUR_IED_GSantander_Ext_5f66b0,,,,,
2026-09-12T13:41:13-05:00,PUR_IED_GYomasa_Ext_f6bea5,PUR_IED_GYomasa_Ext_f6bea5,,,,,
2026-09-12T13:41:13-05:00,PUR_IED_GYomasa_LBiol_2c41aa,PUR_IED_GYomasa_LBiol_2c41aa,,,,,
2026-09-12T13:41:13-05:00,PUR_IED_GYomasa_LQuim_33c80,PUR_IED_GYomasa_LQuim_33c80,,,,,
2026-09-12T13:41:13-05:00,PUR_IED_GabBetMejia_Cienc_5a99c,PUR_IED_GabBetMejia_Cienc_5a99c,,,,,
2026-09-12T13:41:13-05:00,PUR_IED_GabBetMejia_Ext_9153d0,PUR_IED_GabBetMejia_Ext_9153d0,,,,,
2026-09-12T13:41:13-05:00,PUR_IED_GabBetMejia_Lab_f55347,PUR_IED_GabBetMejia_Lab_f55347,,,,,
2026-09-12T13:41:13-05:00,PUR_IED_GabBetanMejia_Ext_9153d0,PUR_IED_GabBetanMejia_Ext_9153d0,,,,,
2026-09-12T13:41:13-05:00,PUR_IED_Gaitana_Aula13_7aac11,PUR_IED_Gaitana_Aula13_7aac11,,,,,
2026-09-12T13:41:13-05:00,PUR_IED_Gaitana_Ext_5fcf4,PUR_IED_Gaitana_Ext_5fcf4,,,,,
2026-09-12T13:41:13-05:00,PUR_IED_Gaitana_LabFisica_644448,PUR_IED_Gaitana_LabFisica_644448,,,,,
2026-09-12T13:41:13-05:00,PUR_IED_GenSantander_Dise_8ac858,PUR_IED_GenSantander_Dise_8ac858,,,,,
2026-09-12T13:41:13-05:00,PUR_IED_GenSantander_Ext_8d5dfe,PUR_IED_GenSantander_Ext_8d5dfe,,,,,
2026-09-12T13:41:13-05:00,PUR_IED_GenSantander_Info_6c25b,PUR_IED_GenSantander_Info_6c25b,,,,,
2026-09-12T13:41:13-05:00,PUR_IED_GustavoMo_Exterio_75e63d,PUR_IED_GustavoMo_Exterio_75e63d,,,,,
2026-09-12T13:41:13-05:00,PUR_IED_GustavoMo_LabFisi_224d37,PUR_IED_GustavoMo_LabFisi_224d37,,,,,
2026-09-12T13:41:13-05:00,PUR_IED_GustavoMo_S208_3e6918,PUR_IED_GustavoMo_S208_3e6918,,,,,
2026-09-12T13:41:13-05:00,PUR_IED_GustavoR_A02_8cd4a8,PUR_IED_GustavoR_A02_8cd4a8,,,,,
2026-09-12T13:41:13-05:00,PUR_IED_GustavoR_B11_5b0ed,PUR_IED_GustavoR_B11_5b0ed,,,,,
2026-09-12T13:41:13-05:00,PUR_IED_GustavoR_Ext_7a0c90,PUR_IED_GustavoR_Ext_7a0c90,,,,,
2026-09-12T13:41:13-05:00,PUR_IED_HernandoDuran_Ext_8cd82b,PUR_IED_HernandoDuran_Ext_8cd82b,,,,,
2026-09-12T13:41:13-05:00,PUR_IED_HernandoDuran_S24_2772c6,PUR_IED_HernandoDuran_S24_2772c6,,,,,
2026-09-12T13:41:13-05:00,PUR_IED_HernandoDuran_S30_f2de41,PUR_IED_HernandoDuran_S30_f2de41,,,,,
2026-09-12T13:41:13-05:00,PUR_IED_HolguInUr_S1101_8cd732,PUR_IED_HolguInUr_S1101_8cd732,,,,,
2026-09-12T13:41:13-05:00,PUR_IED_HolguinUr_Exter_ddae6d,PUR_IED_HolguinUr_Exter_ddae6d,,,,,
2026-09-12T13:41:13-05:00,PUR_IED_HolguinUr_LabQuim_92b952,PUR_IED_HolguinUr_LabQuim_92b952,,,,,
2026-09-12T13:41:13-05:00,PUR_IED_Isabel-II_Ext_5245cc,PUR_IED_Isabel-II_Ext_5245cc,2,20,52,4.6336,-74.153
2026-09-12T13:41:13-05:00,PUR_IED_Isabel-II_S_idiom_1c29aa,PUR_IED_Isabel-II_S_idiom_1c29aa,,,,,
2026-09-12T13:41:13-05:00,PUR_IED_Isabel-II_S_infor_fd741,PUR_IED_Isabel-II_S_infor_fd741,,,,,
2026-09-12T13:41:13-05:00,PUR_IED_IsidroSur_Exterio_5b90ea,PUR_IED_IsidroSur_Exterio_5b90ea,,,,,
2026-09-12T13:41:13-05:00,PUR_IED_IsidroSur_LabTec_56697a,PUR_IED_IsidroSur_LabTec_56697a,,,,,
2026-09-12T13:41:13-05:00,PUR_IED_IsidroSur_Robotic_b7c38f,PUR_IED_IsidroSur_Robotic_b7c38f,,,,,
2026-09-12T13:41:13-05:00,PUR_IED_IsmaelPerd_Ext_7b6672,PUR_IED_IsmaelPerd_Ext_7b6672,,,,,
2026-09-12T13:41:13-05:00,PUR_IED_IsmaelPerd_Inform_306540,PUR_IED_IsmaelPerd_Inform_306540,,,,,
2026-09-12T13:41:13-05:00,PUR_IED_IsmaelPerd_S30_2e2c83,PUR_IED_IsmaelPerd_S30_2e2c83,,,,,
2026-09-12T13:41:13-05:00,PUR_IED_JLozano_Exter_432910,PUR_IED_JLozano_Exter_432910,,,,,
2026-09-12T13:41:13-05:00,PUR_IED_JLozano_salaMulti_df5125,PUR_IED_JLozano_salaMulti_df5125,,,,,
2026-09-12T13:41:13-05:00,PUR_IED_JMCordoba_206_86f80b,PUR_IED_JMCordoba_206_86f80b,,,,,
2026-09-12T13:41:13-05:00,PUR_IED_JMCordoba_Ext_27ad97,PUR_IED_JMCordoba_Ext_27ad97,,,,,
2026-09-12T13:41:13-05:00,PUR_IED_JMCordoba_S310_d59ab4,PUR_IED_JMCordoba_S310_d59ab4,,,,,
2026-09-12T13:41:13-05:00,PUR_IED_Japon_Ext_549100,PUR_IED_Japon_Ext_549100,,,,,
2026-09-12T13:41:13-05:00,PUR_IED_Japon_Laboratorio_bec51d,PUR_IED_Japon_Laboratorio_bec51d,,,,,
2026-09-12T13:41:13-05:00,PUR_IED_Japon_informatica_d99327,PUR_IED_Japon_informatica_d99327,,,,,
2026-09-12T13:41:13-05:00,PUR_IED_Jazmin_Ext_d27bda,PUR_IED_Jazmin_Ext_d27bda,,,,,
2026-09-12T13:41:13-05:00,PUR_IED_Jazmin_Fisica_8d14d7,PUR_IED_Jazmin_Fisica_8d14d7,,,,,
2026-09-12T13:41:13-05:00,PUR_IED_Jazmin_Quimica_801cb5,PUR_IED_Jazmin_Quimica_801cb5,,,,,
2026-09-12T13:41:13-05:00,PUR_IED_JorgeGaitan_Exter_f098d1,PUR_IED_JorgeGaitan_Exter_f098d1,,,,,
2026-09-12T13:41:13-05:00,PUR_IED_JorgeGaitan_STec1_dc9d1d,PUR_IED_JorgeGaitan_STec1_dc9d1d,,,,,
2026-09-12T13:41:13-05:00,PUR_IED_JorgeGaitan_STec2_281e69,PUR_IED_JorgeGaitan_STec2_281e69,,,,,
2026-09-12T13:41:13-05:00,PUR_IED_JorgeSoto_Exterio_d9d0a2,PUR_IED_JorgeSoto_Exterio_d9d0a2,,,,,
2026-09-12T13:41:13-05:00,PUR_IED_JorgeSoto_LabFisi_209c54,PUR_IED_JorgeSoto_LabFisi_209c54,,,,,
2026-09-12T13:41:13-05:00,PUR_IED_JorgeSoto_S103_27b51a,PUR_IED_JorgeSoto_S103_27b51a,,,,,
2026-09-12T13:41:13-05:00,PUR_IED_JoseAcevedo_A02_e965eb,PUR_IED_JoseAcevedo_A02_e965eb,,,,,
2026-09-12T13:41:13-05:00,PUR_IED_JoseAcevedo_A07_dd5b4,PUR_IED_JoseAcevedo_A07_dd5b4,,,,,
2026-09-12T13:41:13-05:00,PUR_IED_JoseAcevedo_Ext_b47484,PUR_IED_JoseAcevedo_Ext_b47484,,,,,
2026-09-12T13:41:13-05:00,PUR_IED_JoseMarti_Exte_5b9bf,PUR_IED_JoseMarti_Exte_5b9bf,,,,,
2026-09-12T13:41:13-05:00,PUR_IED_JoseMarti_LabQuim_1c6c2d,PUR_IED_JoseMarti_LabQuim_1c6c2d,,,,,
2026-09-12T13:41:13-05:00,PUR_IED_JoseMarti_S_info_f5f177,PUR_IED_JoseMarti_S_info_f5f177,,,,,
2026-09-12T13:41:13-05:00,PUR_IED_Josejoaquin_Ext_dfc5dc,PUR_IED_Josejoaquin_Ext_dfc5dc,,,,,
2026-09-12T13:41:13-05:00,PUR_IED_Josejoaquin_S05_5b2a96,PUR_IED_Josejoaquin_S05_5b2a96,,,,,
2026-09-12T13:41:13-05:00,PUR_IED_Josejoaquin_S06_1ce7d2,PUR_IED_Josejoaquin_S06_1ce7d2,,,,,
2026-09-12T13:41:13-05:00,PUR_IED_JulioFlorez_Danza_9b82dd,PUR_IED_JulioFlorez_Danza_9b82dd,,,,,
2026-09-12T13:41:13-05:00,PUR_IED_JulioFlorez_Exter_f9f314,PUR_IED_JulioFlorez_Exter_f9f314,,,,,
2026-09-12T13:41:13-05:00,PUR_IED_JulioFlorez_info2_6b6e08,PUR_IED_JulioFlorez_info2_6b6e08,,,,,
2026-09-12T13:41:13-05:00,PUR_IED_LaBelleza_Aula13_1d00d8,PUR_IED_LaBelleza_Aula13_1d00d8,,,,,
2026-09-12T13:41:13-05:00,PUR_IED_LaBelleza_Ext_7bc08c,PUR_IED_LaBelleza_Ext_7bc08c,,,,,
2026-09-12T13:41:13-05:00,PUR_IED_LaChucua_Ext_8cd6d2,PUR_IED_LaChucua_Ext_8cd6d2,,,,,
2026-09-12T13:41:13-05:00,PUR_IED_LaChucua_S15_f578ce,PUR_IED_LaChucua_S15_f578ce,,,,,
2026-09-12T13:41:13-05:00,PUR_IED_LaChucua_S16_eebcf9,PUR_IED_LaChucua_S16_eebcf9,,,,,
2026-09-12T13:41:13-05:00,PUR_IED_LaFelicidad_Ext_fb5109,PUR_IED_LaFelicidad_Ext_fb5109,,,,,
2026-09-12T13:41:13-05:00,PUR_IED_LaMerced_206_66ebd,PUR_IED_LaMerced_206_66ebd,,,,,
2026-09-12T13:41:13-05:00,PUR_IED_LaMerced_207_6ebd6,PUR_IED_LaMerced_207_6ebd6,,,,,
2026-09-12T13:41:13-05:00,PUR_IED_LaMerced_ext_304311,PUR_IED_LaMerced_ext_304311,,,,,
2026-09-12T13:41:13-05:00,PUR_IED_Laureano_CiencNat_281e5e,PUR_IED_Laureano_CiencNat_281e5e,,,,,
2026-09-12T13:41:13-05:00,PUR_IED_Laureano_Comedor_f65c0a,PUR_IED_Laureano_Comedor_f65c0a,,,,,
2026-09-12T13:41:13-05:00,PUR_IED_Laureano_Exterior_7ab011,PUR_IED_Laureano_Exterior_7ab011,,,,,
2026-09-12T13:41:13-05:00,PUR_IED_LeonGreiff_Exte_dfe560,PUR_IED_LeonGreiff_Exte_dfe560,,,,,
2026-09-12T13:41:13-05:00,PUR_IED_LeonGreiff_S210_f264ed,PUR_IED_LeonGreiff_S210_f264ed,,,,,
2026-09-12T13:41:13-05:00,PUR_IED_LeonGreiff_SQuimi_e8296f,PUR_IED_LeonGreiff_SQuimi_e8296f,,,,,
2026-09-12T13:41:13-05:00,PUR_IED_LlanoOrientalS208_7b9fcd,PUR_IED_LlanoOrientalS208_7b9fcd,,,,,
2026-09-12T13:41:13-05:00,PUR_IED_LlanoOriental_Ext_fb3766,PUR_IED_LlanoOriental_Ext_fb3766,,,,,
2026-09-12T13:41:13-05:00,PUR_IED_LlanoOriental_S208_7b9fcd,PUR_IED_LlanoOriental_S208_7b9fcd,,,,,
2026-09-12T13:41:13-05:00,PUR_IED_LlanoOriental_S9_27b378,PUR_IED_LlanoOriental_S9_27b378,,,,,
2026-09-12T13:41:13-05:00,PUR_IED_LosTejares_1101_477602,PUR_IED_LosTejares_1101_477602,,,,,
2026-09-12T13:41:13-05:00,PUR_IED_LosTejares_11_d2c595,PUR_IED_LosTejares_11_d2c595,,,,,
2026-09-12T13:41:13-05:00,PUR_IED_LosTejares_12_477602,PUR_IED_LosTejares_12_477602,,,,,
2026-09-12T13:41:13-05:00,PUR_IED_LosTejares_Ext_8e2115,PUR_IED_LosTejares_Ext_8e2115,,,,,
2026-09-12T13:41:13-05:00,PUR_IED_MagdalenaO_B202_5ddda3,PUR_IED_MagdalenaO_B202_5ddda3,,,,,
2026-09-12T13:41:13-05:00,PUR_IED_MagdalenaO_B205_fb76e8,PUR_IED_MagdalenaO_B205_fb76e8,,,,,
2026-09-12T13:41:13-05:00,PUR_IED_MagdalenaO_ext_dc69cd,PUR_IED_MagdalenaO_ext_dc69cd,,,,,
2026-09-12T13:41:13-05:00,PUR_IED_ManueCepeda_artes_eee956,PUR_IED_ManueCepeda_artes_eee956,,,,,
2026-09-12T13:41:13-05:00,PUR_IED_ManuelCepeda_Ext_58313,PUR_IED_ManuelCepeda_Ext_58313,,,,,
2026-09-12T13:41:13-05:00,PUR_IED_ManuelCepeda_tec_1c5731,PUR_IED_ManuelCepeda_tec_1c5731,,,,,
2026-09-12T13:41:13-05:00,PUR_IED_ManuelS_Exterior_5b269,PUR_IED_ManuelS_Exterior_5b269,,,,,
2026-09-12T13:41:13-05:00,PUR_IED_ManuelS_Inform_f369ce,PUR_IED_ManuelS_Inform_f369ce,,,,,
2026-09-12T13:41:13-05:00,PUR_IED_ManuelS_SArtes_7d15f1,PUR_IED_ManuelS_SArtes_7d15f1,,,,,
2026-09-12T13:41:13-05:00,PUR_IED_ManuelZapata_303_3ca6,PUR_IED_ManuelZapata_303_3ca6,,,,,
2026-09-12T13:41:13-05:00,PUR_IED_ManuelZapata_311_bfbabc,PUR_IED_ManuelZapata_311_bfbabc,,,,,
2026-09-12T13:41:13-05:00,PUR_IED_ManuelZapata_Ext_50824a,PUR_IED_ManuelZapata_Ext_50824a,,,,,
2026-09-12T13:41:13-05:00,PUR_IED_ManuelitaS_Exteri_656a92,PUR_IED_ManuelitaS_Exteri_656a92,,,,,
2026-09-12T13:41:13-05:00,PUR_IED_ManuelitaS_JuzgDe_f58ec3,PUR_IED_ManuelitaS_JuzgDe_f58ec3,,,,,
2026-09-12T13:41:13-05:00,PUR_IED_ManuelitaS_Recrea_d793db,PUR_IED_ManuelitaS_Recrea_d793db,,,,,
2026-09-12T13:41:13-05:00,PUR_IED_MarFidSuarez_Ext_c27b19,PUR_IED_MarFidSuarez_Ext_c27b19,,,,,
2026-09-12T13:41:13-05:00,PUR_IED_MarFidSuarez_Info_e384d7,PUR_IED_MarFidSuarez_Info_e384d7,,,,,
2026-09-12T13:41:13-05:00,PUR_IED_MarFidSuarez_S306_1d0032,PUR_IED_MarFidSuarez_S306_1d0032,,,,,
2026-09-12T13:41:13-05:00,PUR_IED_Menorah_301_2a25a3,PUR_IED_Menorah_301_2a25a3,,,,,
2026-09-12T13:41:13-05:00,PUR_IED_Menorah_306_37ed3,PUR_IED_Menorah_306_37ed3,,,,,
2026-09-12T13:41:13-05:00,PUR_IED_Menorah_Ext_3e155b,PUR_IED_Menorah_Ext_3e155b,,,,,
2026-09-12T13:41:13-05:00,PUR_IED_MinutoB.Aires_A11_1b1604,PUR_IED_MinutoB.Aires_A11_1b1604,,,,,
2026-09-12T13:41:13-05:00,PUR_IED_MinutoB.Aires_A12_fb5860,PUR_IED_MinutoB.Aires_A12_fb5860,,,,,
2026-09-12T13:41:13-05:00,PUR_IED_MinutoB.Aires_Ext_81293f,PUR_IED_MinutoB.Aires_Ext_81293f,,,,,
2026-09-12T13:41:13-05:00,PUR_IED_MinutoBAires_A11_1b1604,PUR_IED_MinutoBAires_A11_1b1604,,,,,
2026-09-12T13:41:13-05:00,PUR_IED_MinutoBAires_A12_fb5860,PUR_IED_MinutoBAires_A12_fb5860,,,,,
2026-09-12T13:41:13-05:00,PUR_IED_MinutoBAires_Ext_81293f,PUR_IED_MinutoBAires_Ext_81293f,,,,,
2026-09-12T13:41:13-05:00,PUR_IED_Montreal_Aula10_1e4959,PUR_IED_Montreal_Aula10_1e4959,,,,,
2026-09-12T13:41:13-05:00,PUR_IED_Montreal_Aula6_300367,PUR_IED_Montreal_Aula6_300367,,,,,
2026-09-12T13:41:13-05:00,PUR_IED_Montreal_Exterior_91a179,PUR_IED_Montreal_Exterior_91a179,,,,,
2026-09-12T13:41:13-05:00,PUR_IED_Mqgdalena_B202_5ddda3,PUR_IED_Mqgdalena_B202_5ddda3,,,,,
2026-09-12T13:41:13-05:00,PUR_IED_NACUND_Soc_dc8728,PUR_IED_NACUND_Soc_dc8728,,,,,
2026-09-12T13:41:13-05:00,PUR_IED_NACUND_ext_27ad97,PUR_IED_NACUND_ext_27ad97,,,,,
2026-09-12T13:41:13-05:00,PUR_IED_NEsperanza_Ext_d24b61,PUR_IED_NEsperanza_Ext_d24b61,,,,,
2026-09-12T13:41:13-05:00,PUR_IED_NEsperanza_SElect_7d1807,PUR_IED_NEsperanza_SElect_7d1807,,,,,
2026-09-12T13:41:13-05:00,PUR_IED_NEsperanza_SLabor_8b2d0a,PUR_IED_NEsperanza_SLabor_8b2d0a,,,,,
2026-09-12T13:41:13-05:00,PUR_IED_NacionesU_Ext_f661a9,PUR_IED_NacionesU_Ext_f661a9,,,,,
2026-09-12T13:41:13-05:00,PUR_IED_NacionesU_Quimica_66f0a,PUR_IED_NacionesU_Quimica_66f0a,,,,,
2026-09-12T13:41:13-05:00,PUR_IED_NacionesU_S306_1b4b3d,PUR_IED_NacionesU_S306_1b4b3d,,,,,
2026-09-12T13:41:13-05:00,PUR_IED_NestorFA_Ext_e4201c,PUR_IED_NestorFA_Ext_e4201c,,,,,
2026-09-12T13:41:13-05:00,PUR_IED_NestorFA_Laborato_f22fe0,PUR_IED_NestorFA_Laborato_f22fe0,,,,,
2026-09-12T13:41:13-05:00,PUR_IED_NestorFA_S204_dee996,PUR_IED_NestorFA_S204_dee996,,,,,
2026-09-12T13:41:13-05:00,PUR_IED_NidyaQT_Aula03_76999b,PUR_IED_NidyaQT_Aula03_76999b,,,,,
2026-09-12T13:41:13-05:00,PUR_IED_NidyaQT_Aula10_56325,PUR_IED_NidyaQT_Aula10_56325,,,,,
2026-09-12T13:41:13-05:00,PUR_IED_NidyaQT_Ext_46e32d,PUR_IED_NidyaQT_Ext_46e32d,,,,,
2026-09-12T13:41:13-05:00,PUR_IED_NuevaCol_Exterior_d9b859,PUR_IED_NuevaCol_Exterior_d9b859,,,,,
2026-09-12T13:41:13-05:00,PUR_IED_NuevaCol_S1101_76c43b,PUR_IED_NuevaCol_S1101_76c43b,,,,,
2026-09-12T13:41:13-05:00,PUR_IED_NuevaCol_S1102_1ce0b5,PUR_IED_NuevaCol_S1102_1ce0b5,,,,,
2026-09-12T13:41:13-05:00,PUR_IED_OEA_A202_f7e3f2,PUR_IED_OEA_A202_f7e3f2,,,,,
2026-09-12T13:41:13-05:00,PUR_IED_OEA_A203_7d1b8d,PUR_IED_OEA_A203_7d1b8d,,,,,
2026-09-12T13:41:13-05:00,PUR_IED_OEA_Ext_27b593,PUR_IED_OEA_Ext_27b593,,,,,
2026-09-12T13:41:13-05:00,PUR_IED_Ochoa_Ext_1c29da,PUR_IED_Ochoa_Ext_1c29da,,,,,
2026-09-12T13:41:13-05:00,PUR_IED_Ochoa_S205_8b1121,PUR_IED_Ochoa_S205_8b1121,,,,,
2026-09-12T13:41:13-05:00,PUR_IED_Ochoa_Sistemas_f33af6,PUR_IED_Ochoa_Sistemas_f33af6,,,,,
2026-09-12T13:41:13-05:00,PUR_IED_PQuebec_Ext_1c67c7,PUR_IED_PQuebec_Ext_1c67c7,,,,,
2026-09-12T13:41:13-05:00,PUR_IED_PQuebec_S15_23e8e2,PUR_IED_PQuebec_S15_23e8e2,,,,,
2026-09-12T13:41:13-05:00,PUR_IED_PQuebec_S16_8ec76b,PUR_IED_PQuebec_S16_8ec76b,,,,,
2026-09-12T13:41:13-05:00,PUR_IED_PabloN_Ext_49dc96,PUR_IED_PabloN_Ext_49dc96,,,,,
2026-09-12T13:41:13-05:00,PUR_IED_PabloN_S1102_4e3df5,PUR_IED_PabloN_S1102_4e3df5,,,,,
2026-09-12T13:41:13-05:00,PUR_IED_PabloN_S1103_50c94b,PUR_IED_PabloN_S1103_50c94b,,,,,
2026-09-12T13:41:13-05:00,PUR_IED_Palestina_S1101_db9198,PUR_IED_Palestina_S1101_db9198,,,,,
2026-09-12T13:41:13-05:00,PUR_IED_Palestina_S1102_dc54fa,PUR_IED_Palestina_S1102_dc54fa,,,,,
2026-09-12T13:41:13-05:00,PUR_IED_Palestina_ext_4ccce6,PUR_IED_Palestina_ext_4ccce6,,,,,
2026-09-12T13:41:13-05:00,PUR_IED_Panama_Fisica_4d0794,PUR_IED_Panama_Fisica_4d0794,,,,,
2026-09-12T13:41:13-05:00,PUR_IED_Panama_SIngles_a4077e,PUR_IED_Panama_SIngles_a4077e,,,,,
2026-09-12T13:41:13-05:00,PUR_IED_Panama_ext_4c54b4,PUR_IED_Panama_ext_4c54b4,,,,,
2026-09-12T13:41:13-05:00,PUR_IED_ParaisoM_Exterior_8cd7f0,PUR_IED_ParaisoM_Exterior_8cd7f0,,,,,
2026-09-12T13:41:13-05:00,PUR_IED_ParaisoM_Laborato_27af35,PUR_IED_ParaisoM_Laborato_27af35,,,,,
2026-09-12T13:41:13-05:00,PUR_IED_ParaisoM_S304_d1edca,PUR_IED_ParaisoM_S304_d1edca,,,,,
2026-09-12T13:41:13-05:00,PUR_IED_PorfirioBarba_Ext_301466,PUR_IED_PorfirioBarba_Ext_301466,,,,,
2026-09-12T13:41:13-05:00,PUR_IED_PorfirioBarba_S11_df6cd2,PUR_IED_PorfirioBarba_S11_df6cd2,,,,,
2026-09-12T13:41:13-05:00,PUR_IED_PorfirioBarba_S29_27a7d6,PUR_IED_PorfirioBarba_S29_27a7d6,,,,,
2026-09-12T13:41:13-05:00,PUR_IED_PradoV_Exter_8b27ad,PUR_IED_PradoV_Exter_8b27ad,,,,,
2026-09-12T13:41:13-05:00,PUR_IED_PradoV_S301_de65b5,PUR_IED_PradoV_S301_de65b5,,,,,
2026-09-12T13:41:13-05:00,PUR_IED_PradoV_S302_7d2593,PUR_IED_PradoV_S302_7d2593,,,,,
2026-09-12T13:41:13-05:00,PUR_IED_QuirogaAlz_Ext_1ddc82,PUR_IED_QuirogaAlz_Ext_1ddc82,,,,,
2026-09-12T13:41:13-05:00,PUR_IED_QuirogaAlz_S302_9926a3,PUR_IED_QuirogaAlz_S302_9926a3,,,,,
2026-09-12T13:41:13-05:00,PUR_IED_QuirogaAlz_S305_cdf1f1,PUR_IED_QuirogaAlz_S305_cdf1f1,,,,,
2026-09-12T13:41:13-05:00,PUR_IED_RGuatemala_Biling_dc53b7,PUR_IED_RGuatemala_Biling_dc53b7,,,,,
2026-09-12T13:41:13-05:00,PUR_IED_RGuatemala_Ext_1b89a3,PUR_IED_RGuatemala_Ext_1b89a3,,,,,
2026-09-12T13:41:13-05:00,PUR_IED_RGuatemala_Tecnol_281a34,PUR_IED_RGuatemala_Tecnol_281a34,,,,,
2026-09-12T13:41:13-05:00,PUR_IED_RafaNu_Ext_f7c302,PUR_IED_RafaNu_Ext_f7c302,,,,,
2026-09-12T13:41:13-05:00,PUR_IED_RafaNu_S1101_25fde,PUR_IED_RafaNu_S1101_25fde,,,,,
2026-09-12T13:41:13-05:00,PUR_IED_RafaNu_S1102_281517,PUR_IED_RafaNu_S1102_281517,,,,,
2026-09-12T13:41:13-05:00,PUR_IED_RafaelB_S305_ee2783,PUR_IED_RafaelB_S305_ee2783,,,,,
2026-09-12T13:41:13-05:00,PUR_IED_RafaelB_S306_75fe33,PUR_IED_RafaelB_S306_75fe33,,,,,
2026-09-12T13:41:13-05:00,PUR_IED_RafaelB_ext_283336,PUR_IED_RafaelB_ext_283336,3,21,55,4.6722,-74.0737
2026-09-12T13:41:13-05:00,PUR_IED_RafaelUU_Exterior_281a51,PUR_IED_RafaelUU_Exterior_281a51,,,,,
2026-09-12T13:41:13-05:00,PUR_IED_RafaelUU_Human_806b2,PUR_IED_RafaelUU_Human_806b2,,,,,
2026-09-12T13:41:13-05:00,PUR_IED_RafaelUU_Mate2_5680d4,PUR_IED_RafaelUU_Mate2_5680d4,,,,,
2026-09-12T13:41:13-05:00,PUR_IED_RamonSub_Ext_f9eeb9,PUR_IED_RamonSub_Ext_f9eeb9,,,,,
2026-09-12T13:41:13-05:00,PUR_IED_RamonSub_Media_d1f62f,PUR_IED_RamonSub_Media_d1f62f,,,,,
2026-09-12T13:41:13-05:00,PUR_IED_RamonSub_planta_51b82,PUR_IED_RamonSub_planta_51b82,,,,,
2026-09-12T13:41:13-05:00,PUR_IED_RepBoliVene_Exter_27af7c,PUR_IED_RepBoliVene_Exter_27af7c,,,,,
2026-09-12T13:41:13-05:00,PUR_IED_RepBoliVene_SCPT_5ae2ee,PUR_IED_RepBoliVene_SCPT_5ae2ee,,,,,
2026-09-12T13:41:13-05:00,PUR_IED_RepBoliVene_Socia_4b11d5,PUR_IED_RepBoliVene_Socia_4b11d5,,,,,
2026-09-12T13:41:13-05:00,PUR_IED_RepChina_Ext_76d9ee,PUR_IED_RepChina_Ext_76d9ee,,,,,
2026-09-12T13:41:13-05:00,PUR_IED_RepChina_S404_7c804c,PUR_IED_RepChina_S404_7c804c,,,,,
2026-09-12T13:41:13-05:00,PUR_IED_RepChina_S405_df2c33,PUR_IED_RepChina_S405_df2c33,,,,,
2026-09-12T13:41:13-05:00,PUR_IED_RepublicaC_Exteri_7d1ec9,PUR_IED_RepublicaC_Exteri_7d1ec9,,,,,
2026-09-12T13:41:13-05:00,PUR_IED_RepublicaC_S1101_f544b3,PUR_IED_RepublicaC_S1101_f544b3,,,,,
2026-09-12T13:41:13-05:00,PUR_IED_RepublicaC_S1102_7aafc7,PUR_IED_RepublicaC_S1102_7aafc7,,,,,
2026-09-12T13:41:13-05:00,PUR_IED_Ricaurte_Externo_a0ea1,PUR_IED_Ricaurte_Externo_a0ea1,,,,,
2026-09-12T13:41:13-05:00,PUR_IED_Ricaurte_S210_f546fd,PUR_IED_Ricaurte_S210_f546fd,,,,,
2026-09-12T13:41:13-05:00,PUR_IED_Ricaurte_S309_d4452,PUR_IED_Ricaurte_S309_d4452,,,,,
2026-09-12T13:41:13-05:00,PUR_IED_RogelioS_1102_531e69,PUR_IED_RogelioS_1102_531e69,,,,,
2026-09-12T13:41:13-05:00,PUR_IED_RogelioS_Ext_f25a18,PUR_IED_RogelioS_Ext_f25a18,,,,,
2026-09-12T13:41:13-05:00,PUR_IED_SBernardino_Ext_27aff8,PUR_IED_SBernardino_Ext_27aff8,,,,,
2026-09-12T13:41:13-05:00,PUR_IED_SBernardino_SArte_2ffd33,PUR_IED_SBernardino_SArte_2ffd33,,,,,
2026-09-12T13:41:13-05:00,PUR_IED_SBernardino_SIngl_7c7da5,PUR_IED_SBernardino_SIngl_7c7da5,,,,,
2026-09-12T13:41:13-05:00,PUR_IED_Sago_auditorio_dc9d1d,PUR_IED_Sago_auditorio_dc9d1d,,,,,
2026-09-12T13:41:13-05:00,PUR_IED_Saludcoop_Ext_95aac3,PUR_IED_Saludcoop_Ext_95aac3,,,,,
2026-09-12T13:41:13-05:00,PUR_IED_Saludcoop_InfI_90c854,PUR_IED_Saludcoop_InfI_90c854,,,,,
2026-09-12T13:41:13-05:00,PUR_IED_Saludcoop_SMedia_1b93be,PUR_IED_Saludcoop_SMedia_1b93be,,,,,
2026-09-12T13:41:13-05:00,PUR_IED_SanCarlos_1101_1a2360,PUR_IED_SanCarlos_1101_1a2360,,,,,
2026-09-12T13:41:13-05:00,PUR_IED_SanCarlos_1103_7bafb5,PUR_IED_SanCarlos_1103_7bafb5,,,,,
2026-09-12T13:41:13-05:00,PUR_IED_SanCarlos_Ext_b7cd1,PUR_IED_SanCarlos_Ext_b7cd1,,,,,
2026-09-12T13:41:13-05:00,PUR_IED_SanIgnacioBosa11a_50c26e,PUR_IED_SanIgnacioBosa11a_50c26e,,,,,
2026-09-12T13:41:13-05:00,PUR_IED_SanIgnacioBosa11b_371de8,PUR_IED_SanIgnacioBosa11b_371de8,,,,,
2026-09-12T13:41:13-05:00,PUR_IED_SanIgnacioBosaExt_ef0ffc,PUR_IED_SanIgnacioBosaExt_ef0ffc,,,,,
2026-09-12T13:41:13-05:00,PUR_IED_SanIgnacioBosa_11a_50c26e,PUR_IED_SanIgnacioBosa_11a_50c26e,,,,,
2026-09-12T13:41:13-05:00,PUR_IED_SanIgnacioBosa_Ext_ef0ffc,PUR_IED_SanIgnacioBosa_Ext_ef0ffc,,,,,
2026-09-12T13:41:13-05:00,PUR_IED_SanJoseN_intS1101_31c47f,PUR_IED_SanJoseN_intS1101_31c47f,,,,,
2026-09-12T13:41:13-05:00,PUR_IED_SanJoseUsm_Exter_f5d7e8,PUR_IED_SanJoseUsm_Exter_f5d7e8,,,,,
2026-09-12T13:41:13-05:00,PUR_IED_SanJoseUsm_Int11A_cfdef6,PUR_IED_SanJoseUsm_Int11A_cfdef6,,,,,
2026-09-12T13:41:13-05:00,PUR_IED_SilveriaR_IntB5_905349,PUR_IED_SilveriaR_IntB5_905349,,,,,
2026-09-12T13:41:13-05:00,PUR_IED_SilveriaR_IntSD14_981f93,PUR_IED_SilveriaR_IntSD14_981f93,,,,,
2026-09-12T13:41:13-05:00,PUR_IED_SilveriaR_ext_2b651d,PUR_IED_SilveriaR_ext_2b651d,,,,,
2026-09-12T13:41:13-05:00,PUR_IED_SimonB_Exterior_913975,PUR_IED_SimonB_Exterior_913975,,,,,
2026-09-12T13:41:13-05:00,PUR_IED_SimonB_LabQuimi_c56908,PUR_IED_SimonB_LabQuimi_c56908,,,,,
2026-09-12T13:41:13-05:00,PUR_IED_SimonB_informatic_a28c1,PUR_IED_SimonB_informatic_a28c1,,,,,
2026-09-12T13:41:13-05:00,PUR_IED_Sorrento_1102_315f50,PUR_IED_Sorrento_1102_315f50,,,,,
2026-09-12T13:41:13-05:00,PUR_IED_Sorrento_Minte_214eab,PUR_IED_Sorrento_Minte_214eab,,,,,
2026-09-12T13:41:13-05:00,PUR_IED_Sorrento_ext_7c3a0a,PUR_IED_Sorrento_ext_7c3a0a,,,,,
2026-09-12T13:41:13-05:00,PUR_IED_Tabora_Ext_f048ae,PUR_IED_Tabora_Ext_f048ae,,,,,
2026-09-12T13:41:13-05:00,PUR_IED_Tabora_S1102_b07752,PUR_IED_Tabora_S1102_b07752,,,,,
2026-09-12T13:41:13-05:00,PUR_IED_Tabora_S1103_d988f5,PUR_IED_Tabora_S1103_d988f5,,,,,
2026-09-12T13:41:13-05:00,PUR_IED_Tenerife_Ext_1ab188,PUR_IED_Tenerife_Ext_1ab188,,,,,
2026-09-12T13:41:13-05:00,PUR_IED_Tenerife_SDanzas_7bc02e,PUR_IED_Tenerife_SDanzas_7bc02e,,,,,
2026-09-12T13:41:13-05:00,PUR_IED_Tenerife_SIngles_7cc277,PUR_IED_Tenerife_SIngles_7cc277,,,,,
2026-09-12T13:41:13-05:00,PUR_IED_Tibabuyes_Exter_f2683d,PUR_IED_Tibabuyes_Exter_f2683d,,,,,
2026-09-12T13:41:13-05:00,PUR_IED_Tibabuyes_S10_dc87a8,PUR_IED_Tibabuyes_S10_dc87a8,,,,,
2026-09-12T13:41:13-05:00,PUR_IED_Tibabuyes_S15_dc0526,PUR_IED_Tibabuyes_S15_dc0526,,,,,
2026-09-12T13:41:13-05:00,PUR_IED_UnionE_S301_a1043,PUR_IED_UnionE_S301_a1043,,,,,
2026-09-12T13:41:13-05:00,PUR_IED_UnionE_S307_ff6c2f,PUR_IED_UnionE_S307_ff6c2f,,,,,
2026-09-12T13:41:13-05:00,PUR_IED_UnionE__Ext_5e2468,PUR_IED_UnionE__Ext_5e2468,,,,,
2026-09-12T13:41:13-05:00,PUR_IED_VillaRica_Ext_75be7c,PUR_IED_VillaRica_Ext_75be7c,,,,,
2026-09-12T13:41:13-05:00,PUR_IED_VillaRica_S4_cc5dcd,PUR_IED_VillaRica_S4_cc5dcd,,,,,
2026-09-12T13:41:13-05:00,PUR_IED_VillaRica_Sesp_99f5c,PUR_IED_VillaRica_Sesp_99f5c,,,,,
2026-09-12T13:46:12-05:00,PUR_IED_20deJulio_1101_91b1b9,PUR_IED_20deJulio_1101_91b1b9,,,,,
2026-09-12T13:46:12-05:00,PUR_IED_20deJulio_1102_1cfcf9,PUR_IED_20deJulio_1102_1cfcf9,,,,,
2026-09-12T13:46:12-05:00,PUR_IED_20deJulio_Ext_ab60bd,PUR_IED_20deJulio_Ext_ab60bd,,,,,
2026-09-12T13:46:12-05:00,PUR_IED_AgustinFer_Ext_7b9b77,PUR_IED_AgustinFer_Ext_7b9b77,,,,,
2026-09-12T13:46:12-05:00,PUR_IED_AgustinFer_Info2_27b3a7,PUR_IED_AgustinFer_Info2_27b3a7,,,,,
2026-09-12T13:46:12-05:00,PUR_IED_AgustinFer_Sena_54b4eb,PUR_IED_AgustinFer_Sena_54b4eb,,,,,
2026-09-12T13:46:12-05:00,PUR_IED_AlexanderF_1102_caf07b,PUR_IED_AlexanderF_1102_caf07b,,,,,
2026-09-12T13:46:12-05:00,PUR_IED_AlexanderF_1103_c79e71,PUR_IED_AlexanderF_1103_c79e71,,,,,
2026-09-12T13:46:12-05:00,PUR_IED_AlexanderF_Ext_c5b18b,PUR_IED_AlexanderF_Ext_c5b18b,,,,,
2026-09-12T13:46:12-05:00,PUR_IED_AlfonsoLopez_Ext_281d77,PUR_IED_AlfonsoLopez_Ext_281d77,,,,,
2026-09-12T13:46:12-05:00,PUR_IED_AlfonsoLopez_LabF_888ce0,PUR_IED_AlfonsoLopez_LabF_888ce0,,,,,
2026-09-12T13:46:12-05:00,PUR_IED_AlfonsoLopez_SMed_df6a7f,PUR_IED_AlfonsoLopez_SMed_df6a7f,,,,,
2026-09-12T13:46:12-05:00,PUR_IED_AltamiraSO_A2_209f92,PUR_IED_AltamiraSO_A2_209f92,,,,,
2026-09-12T13:46:12-05:00,PUR_IED_AltamiraSO_Ext_186d66,PUR_IED_AltamiraSO_Ext_186d66,,,,,
2026-09-12T13:46:12-05:00,PUR_IED_AltamiraSO_Sistem_27afe1,PUR_IED_AltamiraSO_Sistem_27afe1,,,,,
2026-09-12T13:46:12-05:00,PUR_IED_AlvaroGom_LabQuim_813179,PUR_IED_AlvaroGom_LabQuim_813179,,,,,
2026-09-12T13:46:12-05:00,PUR_IED_AlvaroGomez_Ext_47c7ca,PUR_IED_AlvaroGomez_Ext_47c7ca,,,,,
2026-09-12T13:46:12-05:00,PUR_IED_AlvaroGomez_LabQuim_813179,PUR_IED_AlvaroGomez_LabQuim_813179,,,,,
2026-09-12T13:46:12-05:00,PUR_IED_AlvaroGomez_S23_7ba89f,PUR_IED_AlvaroGomez_S23_7ba89f,,,,,
2026-09-12T13:46:12-05:00,PUR_IED_Amistad_306_dc8728,PUR_IED_Amistad_306_dc8728,,,,,
2026-09-12T13:46:12-05:00,PUR_IED_Amistad_Ext_8cd55e,PUR_IED_Amistad_Ext_8cd55e,,,,,
2026-09-12T13:46:12-05:00,PUR_IED_Amistad_S202_a41169,PUR_IED_Amistad_S202_a41169,,,,,
2026-09-12T13:46:12-05:00,PUR_IED_AndresBello_Bio_fd5f5e,PUR_IED_AndresBello_Bio_fd5f5e,,,,,
2026-09-12T13:46:12-05:00,PUR_IED_AndresBello_ext_dcad65,PUR_IED_AndresBello_ext_dcad65,,,,,
2026-09-12T13:46:12-05:00,PUR_IED_AndresBello_port_eed3ec,PUR_IED_AndresBello_port_eed3ec,,,,,
2026-09-12T13:46:12-05:00,PUR_IED_AngelaR_11b_d90a6b,PUR_IED_AngelaR_11b_d90a6b,,,,,
2026-09-12T13:46:12-05:00,PUR_IED_AngelaR_ext_7cad3e,PUR_IED_AngelaR_ext_7cad3e,2,21,56,4.5825,-74.164497
2026-09-12T13:46:12-05:00,PUR_IED_AntJoseSucre_10mo_df2575,PUR_IED_AntJoseSucre_10mo_df2575,,,,,
2026-09-12T13:46:12-05:00,PUR_IED_AntJoseSucre_Ext_215b36,PUR_IED_AntJoseSucre_Ext_215b36,,,,,
2026-09-12T13:46:12-05:00,PUR_IED_AntJoseSucre_Lab_3139de,PUR_IED_AntJoseSucre_Lab_3139de,,,,,
2026-09-12T13:46:12-05:00,PUR_IED_AntonioGarcia_301_d6b188,PUR_IED_AntonioGarcia_301_d6b188,,,,,
2026-09-12T13:46:12-05:00,PUR_IED_AntonioGarcia_302_88a82,PUR_IED_AntonioGarcia_302_88a82,,,,,
2026-09-12T13:46:12-05:00,PUR_IED_AntonioGarcia_Ext_20950c,PUR_IED_AntonioGarcia_Ext_20950c,,,,,
2026-09-12T13:46:12-05:00,PUR_IED_AntonioVan_Aula2_6dea02,PUR_IED_AntonioVan_Aula2_6dea02,,,,,
2026-09-12T13:46:12-05:00,PUR_IED_AntonioVan_Aula5_f1557e,PUR_IED_AntonioVan_Aula5_f1557e,,,,,
2026-09-12T13:46:12-05:00,PUR_IED_AntonioVan_Ext_406f2f,PUR_IED_AntonioVan_Ext_406f2f,,,,,
2026-09-12T13:46:12-05:00,PUR_IED_Atabanzha_Ext_cc5af9,PUR_IED_Atabanzha_Ext_cc5af9,,,,,
2026-09-12T13:46:12-05:00,PUR_IED_Atabanzha_SA101_56c37,PUR_IED_Atabanzha_SA101_56c37,,,,,
2026-09-12T13:46:12-05:00,PUR_IED_Atabanzha_SB302_27b374,PUR_IED_Atabanzha_SB302_27b374,,,,,
2026-09-12T13:46:12-05:00,PUR_IED_Atahualpa_Ext_fc1748,PUR_IED_Atahualpa_Ext_fc1748,,,,,
2026-09-12T13:46:12-05:00,PUR_IED_Atahualpa_Informa_dc9a95,PUR_IED_Atahualpa_Informa_dc9a95,,,,,
2026-09-12T13:46:12-05:00,PUR_IED_Atahualpa_S1101_f98056,PUR_IED_Atahualpa_S1101_f98056,,,,,
2026-09-12T13:46:12-05:00,PUR_IED_Bellavista_Ext_f5aa74,PUR_IED_Bellavista_Ext_f5aa74,,,,,
2026-09-12T13:46:12-05:00,PUR_IED_Bilbao_11A_916c41,PUR_IED_Bilbao_11A_916c41,,,,,
2026-09-12T13:46:12-05:00,PUR_IED_Bilbao_Ext_fb579a,PUR_IED_Bilbao_Ext_fb579a,,,,,
2026-09-12T13:46:12-05:00,PUR_IED_BrasiliaU_A125_304280,PUR_IED_BrasiliaU_A125_304280,,,,,
2026-09-12T13:46:12-05:00,PUR_IED_BrasiliaU_A203_7c8ca5,PUR_IED_BrasiliaU_A203_7c8ca5,,,,,
2026-09-12T13:46:12-05:00,PUR_IED_BrasiliaU_Ext_8d6e9f,PUR_IED_BrasiliaU_Ext_8d6e9f,12,20,54,4.5175,-74.116302
2026-09-12T13:46:12-05:00,PUR_IED_Brasilia_Ext_fe6593,PUR_IED_Brasilia_Ext_fe6593,,,,,
2026-09-12T13:46:12-05:00,PUR_IED_Brasilia_S24_7c130d,PUR_IED_Brasilia_S24_7c130d,,,,,
2026-09-12T13:46:12-05:00,PUR_IED_Brasilia_S501_186a54,PUR_IED_Brasilia_S501_186a54,,,,,
2026-09-12T13:46:12-05:00,PUR_IED_CHARRY_EXT_f1d5cd,PUR_IED_CHARRY_EXT_f1d5cd,,,,,
2026-09-12T13:46:12-05:00,PUR_IED_CHARRY_INTDANZAS_7a08e6,PUR_IED_CHARRY_INTDANZAS_7a08e6,,,,,
2026-09-12T13:46:12-05:00,PUR_IED_CHARRY_INT_AULA20_dc998d,PUR_IED_CHARRY_INT_AULA20_dc998d,,,,,
2026-09-12T13:46:12-05:00,PUR_IED_COLVIV_1101_S25_7f520a,PUR_IED_COLVIV_1101_S25_7f520a,,,,,
2026-09-12T13:46:12-05:00,PUR_IED_COLVIV_1102_S16_f570ba,PUR_IED_COLVIV_1102_S16_f570ba,,,,,
2026-09-12T13:46:12-05:00,PUR_IED_COLVIV_Ext_1a26fa,PUR_IED_COLVIV_Ext_1a26fa,,,,,
2026-09-12T13:46:12-05:00,PUR_IED_CULPOP_301A_f660f3,PUR_IED_CULPOP_301A_f660f3,,,,,
2026-09-12T13:46:12-05:00,PUR_IED_CULPOP_303_568afe,PUR_IED_CULPOP_303_568afe,,,,,
2026-09-12T13:46:12-05:00,PUR_IED_CULPOP_Ext_e02ccb,PUR_IED_CULPOP_Ext_e02ccb,,,,,
2026-09-12T13:46:12-05:00,PUR_IED_CVillavicen_Ext_26eb58,PUR_IED_CVillavicen_Ext_26eb58,3,19,68,4.487,-74.102798
2026-09-12T13:46:12-05:00,PUR_IED_CVillavicen_Intel_1ce5c2,PUR_IED_CVillavicen_Intel_1ce5c2,,,,,
2026-09-12T13:46:12-05:00,PUR_IED_CVillavicen_Poliv_e0766c,PUR_IED_CVillavicen_Poliv_e0766c,,,,,
2026-09-12T13:46:12-05:00,PUR_IED_CVillavicen_int_1ba140,PUR_IED_CVillavicen_int_1ba140,,,,,
2026-09-12T13:46:12-05:00,PUR_IED_CVillavicen_intel_1ba140,PUR_IED_CVillavicen_intel_1ba140,,,,,
2026-09-12T13:46:12-05:00,PUR_IED_CarlosPizarro_Ext_e307cc,PUR_IED_CarlosPizarro_Ext_e307cc,,,,,
2026-09-12T13:46:12-05:00,PUR_IED_CarlosPizarro_L36_7e5cdb,PUR_IED_CarlosPizarro_L36_7e5cdb,,,,,
2026-09-12T13:46:12-05:00,PUR_IED_CarlosPizarro_L37_c8566c,PUR_IED_CarlosPizarro_L37_c8566c,,,,,
2026-09-12T13:46:12-05:00,PUR_IED_Castilla_Ext_cf35f,PUR_IED_Castilla_Ext_cf35f,,,,,
2026-09-12T13:46:12-05:00,PUR_IED_Castilla_SFisik_360e38,PUR_IED_Castilla_SFisik_360e38,,,,,
2026-09-12T13:46:12-05:00,PUR_IED_Castilla_Sc304_496fbf,PUR_IED_Castilla_Sc304_496fbf,,,,,
2026-09-12T13:46:12-05:00,PUR_IED_CervantesSa_Ext_6b57b,PUR_IED_CervantesSa_Ext_6b57b,2,20,60,4.5128,-74.117203
2026-09-12T13:46:12-05:00,PUR_IED_CervantesSa_S107_225c2b,PUR_IED_CervantesSa_S107_225c2b,,,,,
2026-09-12T13:46:12-05:00,PUR_IED_CervantesSa_S108_940925,PUR_IED_CervantesSa_S108_940925,,,,,
2026-09-12T13:46:12-05:00,PUR_IED_Charry_A20_f53e7c,PUR_IED_Charry_A20_f53e7c,,,,,
2026-09-12T13:46:12-05:00,PUR_IED_Charry_Ext_f1d5cd,PUR_IED_Charry_Ext_f1d5cd,,,,,
2026-09-12T13:46:12-05:00,PUR_IED_Charry_IntAula20_dc998d,PUR_IED_Charry_IntAula20_dc998d,,,,,
2026-09-12T13:46:12-05:00,PUR_IED_Charry_IntDanzas_7a08e6,PUR_IED_Charry_IntDanzas_7a08e6,,,,,
2026-09-12T13:46:12-05:00,PUR_IED_ClememciaC_203_43e2fc,PUR_IED_ClememciaC_203_43e2fc,,,,,
2026-09-12T13:46:12-05:00,PUR_IED_ClememciaC_Ext_1b411a,PUR_IED_ClememciaC_Ext_1b411a,,,,,
2026-09-12T13:46:12-05:00,PUR_IED_ClememciaC_Quimic_44b5fc,PUR_IED_ClememciaC_Quimic_44b5fc,,,,,
2026-09-12T13:46:12-05:00,PUR_IED_ClemenciaC_203_43e2fc,PUR_IED_ClemenciaC_203_43e2fc,,,,,
2026-09-12T13:46:12-05:00,PUR_IED_ClemenciaC_Ext_1b411a,PUR_IED_ClemenciaC_Ext_1b411a,,,,,
2026-09-12T13:46:12-05:00,PUR_IED_ClemenciaC_Quimic_44b5fc,PUR_IED_ClemenciaC_Quimic_44b5fc,,,,,
2026-09-12T13:46:12-05:00,PUR_IED_ColViva_1101_S25_7f520a,PUR_IED_ColViva_1101_S25_7f520a,,,,,
2026-09-12T13:46:12-05:00,PUR_IED_ColViva_1102_S16_f570ba,PUR_IED_ColViva_1102_S16_f570ba,,,,,
2026-09-12T13:46:12-05:00,PUR_IED_ColViva_Ext_1a26fa,PUR_IED_ColViva_Ext_1a26fa,,,,,
2026-09-12T13:46:12-05:00,PUR_IED_ColegioBici_Asist_7c8798,PUR_IED_ColegioBici_Asist_7c8798,,,,,
2026-09-12T13:46:12-05:00,PUR_IED_ColegioBici_Ext_25cbf6,PUR_IED_ColegioBici_Ext_25cbf6,,,,,
2026-09-12T13:46:12-05:00,PUR_IED_ColegioBici_LabQ_7b57db,PUR_IED_ColegioBici_LabQ_7b57db,,,,,
2026-09-12T13:46:12-05:00,PUR_IED_CostaRica_Ext_5e640,PUR_IED_CostaRica_Ext_5e640,,,,,
2026-09-12T13:46:12-05:00,PUR_IED_CostaRica_Quim1_766d1c,PUR_IED_CostaRica_Quim1_766d1c,,,,,
2026-09-12T13:46:12-05:00,PUR_IED_CostaRica__Fisica_6f0873,PUR_IED_CostaRica__Fisica_6f0873,,,,,
2026-09-12T13:46:12-05:00,PUR_IED_CulPopu_301A_f660f3,PUR_IED_CulPopu_301A_f660f3,,,,,
2026-09-12T13:46:12-05:00,PUR_IED_CulPopu_303_568afe,PUR_IED_CulPopu_303_568afe,,,,,
2026-09-12T13:46:12-05:00,PUR_IED_CulPopu_Ext_e02ccb,PUR_IED_CulPopu_Ext_e02ccb,,,,,
2026-09-12T13:46:12-05:00,PUR_IED_Cundinamarca_Ext_f15985,PUR_IED_Cundinamarca_Ext_f15985,,,,,
2026-09-12T13:46:12-05:00,PUR_IED_Cundinamarca_Info_7aa5d7,PUR_IED_Cundinamarca_Info_7aa5d7,,,,,
2026-09-12T13:46:12-05:00,PUR_IED_Cundinamarca_Tec2_f449c7,PUR_IED_Cundinamarca_Tec2_f449c7,,,,,
2026-09-12T13:46:12-05:00,PUR_IED_DiegoM_Aula1_27b314,PUR_IED_DiegoM_Aula1_27b314,,,,,
2026-09-12T13:46:12-05:00,PUR_IED_DiegoM_Ext_d80ac8,PUR_IED_DiegoM_Ext_d80ac8,,,,,
2026-09-12T13:46:12-05:00,PUR_IED_DiegoM_S25_da928f,PUR_IED_DiegoM_S25_da928f,,,,,
2026-09-12T13:46:12-05:00,PUR_IED_ELRODEO_360881,PUR_IED_ELRODEO_360881,,,,,
2026-09-12T13:46:12-05:00,PUR_IED_ELRODEO_ext_360881,PUR_IED_ELRODEO_ext_360881,,,,,
2026-09-12T13:46:12-05:00,PUR_IED_EduardoU_Ext_1c1969,PUR_IED_EduardoU_Ext_1c1969,,,,,
2026-09-12T13:46:12-05:00,PUR_IED_EduardoU_SCiencia_4dfb94,PUR_IED_EduardoU_SCiencia_4dfb94,,,,,
2026-09-12T13:46:12-05:00,PUR_IED_EduardoU_SQuimica_5a46e7,PUR_IED_EduardoU_SQuimica_5a46e7,,,,,
2026-09-12T13:46:12-05:00,PUR_IED_ElRodeo_Aula14_676984,PUR_IED_ElRodeo_Aula14_676984,,,,,
2026-09-12T13:46:12-05:00,PUR_IED_ElRodeo_Aula16_2dd35b,PUR_IED_ElRodeo_Aula16_2dd35b,,,,,
2026-09-12T13:46:12-05:00,PUR_IED_ElRodeo_Ext_360881,PUR_IED_ElRodeo_Ext_360881,,,,,
2026-09-12T13:46:12-05:00,PUR_IED_ElRodeo_Exterior_8c6d28,PUR_IED_ElRodeo_Exterior_8c6d28,,,,,
2026-09-12T13:46:12-05:00,PUR_IED_ElRodeo_ext_360881,PUR_IED_ElRodeo_ext_360881,,,,,
2026-09-12T13:46:12-05:00,PUR_IED_EmmaReyes_Ext_987625,PUR_IED_EmmaReyes_Ext_987625,3,22,47,4.6367,-74.1511
2026-09-12T13:46:12-05:00,PUR_IED_Ensueño_Ext_7f0250,PUR_IED_Ensueño_Ext_7f0250,,,,,
2026-09-12T13:46:12-05:00,PUR_IED_EscNormal_Ext_5fef3b,PUR_IED_EscNormal_Ext_5fef3b,2,23,50,4.5852,-74.096901
2026-09-12T13:46:12-05:00,PUR_IED_EscNormal_S309_5b263,PUR_IED_EscNormal_S309_5b263,,,,,
2026-09-12T13:46:12-05:00,PUR_IED_EscNormal_S310_27b3b8,PUR_IED_EscNormal_S310_27b3b8,,,,,
2026-09-12T13:46:12-05:00,PUR_IED_Evangelista_Conta_f6cd4f,PUR_IED_Evangelista_Conta_f6cd4f,,,,,
2026-09-12T13:46:12-05:00,PUR_IED_Evangelista_Cri_5e16a,PUR_IED_Evangelista_Cri_5e16a,,,,,
2026-09-12T13:46:12-05:00,PUR_IED_Evangelista_Exter_754066,PUR_IED_Evangelista_Exter_754066,,,,,
2026-09-12T13:46:12-05:00,PUR_IED_FMiranda_S209_5cc2a3,PUR_IED_FMiranda_S209_5cc2a3,,,,,
2026-09-12T13:46:12-05:00,PUR_IED_FMiranda_S303_19e344,PUR_IED_FMiranda_S303_19e344,,,,,
2026-09-12T13:46:12-05:00,PUR_IED_FMiranda_ext_f53e7c,PUR_IED_FMiranda_ext_f53e7c,,,,,
2026-09-12T13:46:12-05:00,PUR_IED_FabioLozano_Bibli_1cee05,PUR_IED_FabioLozano_Bibli_1cee05,,,,,
2026-09-12T13:46:12-05:00,PUR_IED_FabioLozano_Ext_6ea285,PUR_IED_FabioLozano_Ext_6ea285,,,,,
2026-09-12T13:46:12-05:00,PUR_IED_FabioLozano_SLudi_f09e1e,PUR_IED_FabioLozano_SLudi_f09e1e,,,,,
2026-09-12T13:46:12-05:00,PUR_IED_FaustinoS_Aula07_27a731,PUR_IED_FaustinoS_Aula07_27a731,,,,,
2026-09-12T13:46:12-05:00,PUR_IED_FaustinoS_Ext_7b936f,PUR_IED_FaustinoS_Ext_7b936f,,,,,
2026-09-12T13:46:12-05:00,PUR_IED_FaustinoS_Fisica_da2c60,PUR_IED_FaustinoS_Fisica_da2c60,,,,,
2026-09-12T13:46:12-05:00,PUR_IED_FeGarciaLo_Ext_dc68ee,PUR_IED_FeGarciaLo_Ext_dc68ee,,,,,
2026-09-12T13:46:12-05:00,PUR_IED_FeGarciaLo_SDanza_f70a59,PUR_IED_FeGarciaLo_SDanza_f70a59,,,,,
2026-09-12T13:46:12-05:00,PUR_IED_FeGarciaLo_SMusic_125cdd,PUR_IED_FeGarciaLo_SMusic_125cdd,,,,,
2026-09-12T13:46:12-05:00,PUR_IED_FederalAlema_Exte_50c345,PUR_IED_FederalAlema_Exte_50c345,,,,,
2026-09-12T13:46:12-05:00,PUR_IED_FederalAlema_S31_f18371,PUR_IED_FederalAlema_S31_f18371,,,,,
2026-09-12T13:46:12-05:00,PUR_IED_FederalAlema_S901_a62cd,PUR_IED_FederalAlema_S901_a62cd,,,,,
2026-09-12T13:46:12-05:00,PUR_IED_FilarmonicaS_A5_f35eb1,PUR_IED_FilarmonicaS_A5_f35eb1,,,,,
2026-09-12T13:46:12-05:00,PUR_IED_FilarmonicaS_Ext_8a3bde,PUR_IED_FilarmonicaS_Ext_8a3bde,,,,,
2026-09-12T13:46:12-05:00,PUR_IED_FilarmonicaS_Spol_406114,PUR_IED_FilarmonicaS_Spol_406114,,,,,
2026-09-12T13:46:12-05:00,PUR_IED_FlorentinoG_A13_d1fa59,PUR_IED_FlorentinoG_A13_d1fa59,,,,,
2026-09-12T13:46:12-05:00,PUR_IED_FlorentinoG_Ext_1ce6ce,PUR_IED_FlorentinoG_Ext_1ce6ce,,,,,
2026-09-12T13:46:12-05:00,PUR_IED_FlorentinoG_Idiom_a66aac,PUR_IED_FlorentinoG_Idiom_a66aac,,,,,
2026-09-12T13:46:12-05:00,PUR_IED_FranciscoMati_Ext_e3869d,PUR_IED_FranciscoMati_Ext_e3869d,,,,,
2026-09-12T13:46:12-05:00,PUR_IED_FranciscoMati_S13_f31c67,PUR_IED_FranciscoMati_S13_f31c67,,,,,
2026-09-12T13:46:12-05:00,PUR_IED_FranciscoMati_S14_97dead,PUR_IED_FranciscoMati_S14_97dead,,,,,
2026-09-12T13:46:12-05:00,PUR_IED_FranciscoPS_Ext_7bfa9a,PUR_IED_FranciscoPS_Ext_7bfa9a,2,24,50,4.5899,-74.110397
2026-09-12T13:46:12-05:00,PUR_IED_FranciscoPS_Infor_fb8f4c,PUR_IED_FranciscoPS_Infor_fb8f4c,,,,,
2026-09-12T13:46:12-05:00,PUR_IED_FranciscoPS_Quimi_94d39c,PUR_IED_FranciscoPS_Quimi_94d39c,,,,,
2026-09-12T13:46:12-05:00,PUR_IED_FranciscoP_LabQ_d7e148,PUR_IED_FranciscoP_LabQ_d7e148,,,,,
2026-09-12T13:46:12-05:00,PUR_IED_FranciscoP_S28_cf9b30,PUR_IED_FranciscoP_S28_cf9b30,,,,,
2026-09-12T13:46:12-05:00,PUR_IED_FranciscoP_ext_e2313,PUR_IED_FranciscoP_ext_e2313,,,,,
2026-09-12T13:46:12-05:00,PUR_IED_FriederichN_Ext_8ac92a,PUR_IED_FriederichN_Ext_8ac92a,,,,,
2026-09-12T13:46:12-05:00,PUR_IED_FriederichN_S301_dd7e5a,PUR_IED_FriederichN_S301_dd7e5a,,,,,
2026-09-12T13:46:12-05:00,PUR_IED_FriederichN_S308_761f4f,PUR_IED_FriederichN_S308_761f4f,,,,,
2026-09-12T13:46:12-05:00,PUR_IED_GSantander_Aula10_533dd7,PUR_IED_GSantander_Aula10_533dd7,,,,,
2026-09-12T13:46:12-05:00,PUR_IED_GSantander_Aula12_fd4e4f,PUR_IED_GSantander_Aula12_fd4e4f,,,,,
2026-09-12T13:46:12-05:00,PUR_IED_GSantander_Aula310_533dd7,PUR_IED_GSantander_Aula310_533dd7,,,,,
2026-09-12T13:46:12-05:00,PUR_IED_GSantander_Aula312_fd4e4f,PUR_IED_GSantander_Aula312_fd4e4f,,,,,
2026-09-12T13:46:12-05:00,PUR_IED_GSantander_Ext_5f66b0,PUR_IED_GSantander_Ext_5f66b0,,,,,
2026-09-12T13:46:12-05:00,PUR_IED_GYomasa_Ext_f6bea5,PUR_IED_GYomasa_Ext_f6bea5,,,,,
2026-09-12T13:46:12-05:00,PUR_IED_GYomasa_LBiol_2c41aa,PUR_IED_GYomasa_LBiol_2c41aa,,,,,
2026-09-12T13:46:12-05:00,PUR_IED_GYomasa_LQuim_33c80,PUR_IED_GYomasa_LQuim_33c80,,,,,
2026-09-12T13:46:12-05:00,PUR_IED_GabBetMejia_Cienc_5a99c,PUR_IED_GabBetMejia_Cienc_5a99c,,,,,
2026-09-12T13:46:12-05:00,PUR_IED_GabBetMejia_Ext_9153d0,PUR_IED_GabBetMejia_Ext_9153d0,,,,,
2026-09-12T13:46:12-05:00,PUR_IED_GabBetMejia_Lab_f55347,PUR_IED_GabBetMejia_Lab_f55347,,,,,
2026-09-12T13:46:12-05:00,PUR_IED_GabBetanMejia_Ext_9153d0,PUR_IED_GabBetanMejia_Ext_9153d0,,,,,
2026-09-12T13:46:12-05:00,PUR_IED_Gaitana_Aula13_7aac11,PUR_IED_Gaitana_Aula13_7aac11,,,,,
2026-09-12T13:46:12-05:00,PUR_IED_Gaitana_Ext_5fcf4,PUR_IED_Gaitana_Ext_5fcf4,,,,,
2026-09-12T13:46:12-05:00,PUR_IED_Gaitana_LabFisica_644448,PUR_IED_Gaitana_LabFisica_644448,,,,,
2026-09-12T13:46:12-05:00,PUR_IED_GenSantander_Dise_8ac858,PUR_IED_GenSantander_Dise_8ac858,,,,,
2026-09-12T13:46:12-05:00,PUR_IED_GenSantander_Ext_8d5dfe,PUR_IED_GenSantander_Ext_8d5dfe,,,,,
2026-09-12T13:46:12-05:00,PUR_IED_GenSantander_Info_6c25b,PUR_IED_GenSantander_Info_6c25b,,,,,
2026-09-12T13:46:12-05:00,PUR_IED_GustavoMo_Exterio_75e63d,PUR_IED_GustavoMo_Exterio_75e63d,,,,,
2026-09-12T13:46:12-05:00,PUR_IED_GustavoMo_LabFisi_224d37,PUR_IED_GustavoMo_LabFisi_224d37,,,,,
2026-09-12T13:46:12-05:00,PUR_IED_GustavoMo_S208_3e6918,PUR_IED_GustavoMo_S208_3e6918,,,,,
2026-09-12T13:46:12-05:00,PUR_IED_GustavoR_A02_8cd4a8,PUR_IED_GustavoR_A02_8cd4a8,,,,,
2026-09-12T13:46:12-05:00,PUR_IED_GustavoR_B11_5b0ed,PUR_IED_GustavoR_B11_5b0ed,,,,,
2026-09-12T13:46:12-05:00,PUR_IED_GustavoR_Ext_7a0c90,PUR_IED_GustavoR_Ext_7a0c90,,,,,
2026-09-12T13:46:12-05:00,PUR_IED_HernandoDuran_Ext_8cd82b,PUR_IED_HernandoDuran_Ext_8cd82b,,,,,
2026-09-12T13:46:12-05:00,PUR_IED_HernandoDuran_S24_2772c6,PUR_IED_HernandoDuran_S24_2772c6,,,,,
2026-09-12T13:46:12-05:00,PUR_IED_HernandoDuran_S30_f2de41,PUR_IED_HernandoDuran_S30_f2de41,,,,,
2026-09-12T13:46:12-05:00,PUR_IED_HolguInUr_S1101_8cd732,PUR_IED_HolguInUr_S1101_8cd732,,,,,
2026-09-12T13:46:12-05:00,PUR_IED_HolguinUr_Exter_ddae6d,PUR_IED_HolguinUr_Exter_ddae6d,,,,,
2026-09-12T13:46:12-05:00,PUR_IED_HolguinUr_LabQuim_92b952,PUR_IED_HolguinUr_LabQuim_92b952,,,,,
2026-09-12T13:46:12-05:00,PUR_IED_Isabel-II_Ext_5245cc,PUR_IED_Isabel-II_Ext_5245cc,2,20,51,4.6336,-74.153
2026-09-12T13:46:12-05:00,PUR_IED_Isabel-II_S_idiom_1c29aa,PUR_IED_Isabel-II_S_idiom_1c29aa,,,,,
2026-09-12T13:46:12-05:00,PUR_IED_Isabel-II_S_infor_fd741,PUR_IED_Isabel-II_S_infor_fd741,,,,,
2026-09-12T13:46:12-05:00,PUR_IED_IsidroSur_Exterio_5b90ea,PUR_IED_IsidroSur_Exterio_5b90ea,,,,,
2026-09-12T13:46:12-05:00,PUR_IED_IsidroSur_LabTec_56697a,PUR_IED_IsidroSur_LabTec_56697a,,,,,
2026-09-12T13:46:12-05:00,PUR_IED_IsidroSur_Robotic_b7c38f,PUR_IED_IsidroSur_Robotic_b7c38f,,,,,
2026-09-12T13:46:12-05:00,PUR_IED_IsmaelPerd_Ext_7b6672,PUR_IED_IsmaelPerd_Ext_7b6672,,,,,
2026-09-12T13:46:12-05:00,PUR_IED_IsmaelPerd_Inform_306540,PUR_IED_IsmaelPerd_Inform_306540,,,,,
2026-09-12T13:46:12-05:00,PUR_IED_IsmaelPerd_S30_2e2c83,PUR_IED_IsmaelPerd_S30_2e2c83,,,,,
2026-09-12T13:46:12-05:00,PUR_IED_JLozano_Exter_432910,PUR_IED_JLozano_Exter_432910,,,,,
2026-09-12T13:46:12-05:00,PUR_IED_JLozano_salaMulti_df5125,PUR_IED_JLozano_salaMulti_df5125,,,,,
2026-09-12T13:46:12-05:00,PUR_IED_JMCordoba_206_86f80b,PUR_IED_JMCordoba_206_86f80b,,,,,
2026-09-12T13:46:12-05:00,PUR_IED_JMCordoba_Ext_27ad97,PUR_IED_JMCordoba_Ext_27ad97,,,,,
2026-09-12T13:46:12-05:00,PUR_IED_JMCordoba_S310_d59ab4,PUR_IED_JMCordoba_S310_d59ab4,,,,,
2026-09-12T13:46:12-05:00,PUR_IED_Japon_Ext_549100,PUR_IED_Japon_Ext_549100,,,,,
2026-09-12T13:46:12-05:00,PUR_IED_Japon_Laboratorio_bec51d,PUR_IED_Japon_Laboratorio_bec51d,,,,,
2026-09-12T13:46:12-05:00,PUR_IED_Japon_informatica_d99327,PUR_IED_Japon_informatica_d99327,,,,,
2026-09-12T13:46:12-05:00,PUR_IED_Jazmin_Ext_d27bda,PUR_IED_Jazmin_Ext_d27bda,,,,,
2026-09-12T13:46:12-05:00,PUR_IED_Jazmin_Fisica_8d14d7,PUR_IED_Jazmin_Fisica_8d14d7,,,,,
2026-09-12T13:46:12-05:00,PUR_IED_Jazmin_Quimica_801cb5,PUR_IED_Jazmin_Quimica_801cb5,,,,,
2026-09-12T13:46:12-05:00,PUR_IED_JorgeGaitan_Exter_f098d1,PUR_IED_JorgeGaitan_Exter_f098d1,,,,,
2026-09-12T13:46:12-05:00,PUR_IED_JorgeGaitan_STec1_dc9d1d,PUR_IED_JorgeGaitan_STec1_dc9d1d,,,,,
2026-09-12T13:46:12-05:00,PUR_IED_JorgeGaitan_STec2_281e69,PUR_IED_JorgeGaitan_STec2_281e69,,,,,
2026-09-12T13:46:12-05:00,PUR_IED_JorgeSoto_Exterio_d9d0a2,PUR_IED_JorgeSoto_Exterio_d9d0a2,,,,,
2026-09-12T13:46:12-05:00,PUR_IED_JorgeSoto_LabFisi_209c54,PUR_IED_JorgeSoto_LabFisi_209c54,,,,,
2026-09-12T13:46:12-05:00,PUR_IED_JorgeSoto_S103_27b51a,PUR_IED_JorgeSoto_S103_27b51a,,,,,
2026-09-12T13:46:12-05:00,PUR_IED_JoseAcevedo_A02_e965eb,PUR_IED_JoseAcevedo_A02_e965eb,,,,,
2026-09-12T13:46:12-05:00,PUR_IED_JoseAcevedo_A07_dd5b4,PUR_IED_JoseAcevedo_A07_dd5b4,,,,,
2026-09-12T13:46:12-05:00,PUR_IED_JoseAcevedo_Ext_b47484,PUR_IED_JoseAcevedo_Ext_b47484,,,,,
2026-09-12T13:46:12-05:00,PUR_IED_JoseMarti_Exte_5b9bf,PUR_IED_JoseMarti_Exte_5b9bf,,,,,
2026-09-12T13:46:12-05:00,PUR_IED_JoseMarti_LabQuim_1c6c2d,PUR_IED_JoseMarti_LabQuim_1c6c2d,,,,,
2026-09-12T13:46:12-05:00,PUR_IED_JoseMarti_S_info_f5f177,PUR_IED_JoseMarti_S_info_f5f177,,,,,
2026-09-12T13:46:12-05:00,PUR_IED_Josejoaquin_Ext_dfc5dc,PUR_IED_Josejoaquin_Ext_dfc5dc,,,,,
2026-09-12T13:46:12-05:00,PUR_IED_Josejoaquin_S05_5b2a96,PUR_IED_Josejoaquin_S05_5b2a96,,,,,
2026-09-12T13:46:12-05:00,PUR_IED_Josejoaquin_S06_1ce7d2,PUR_IED_Josejoaquin_S06_1ce7d2,,,,,
2026-09-12T13:46:12-05:00,PUR_IED_JulioFlorez_Danza_9b82dd,PUR_IED_JulioFlorez_Danza_9b82dd,,,,,
2026-09-12T13:46:12-05:00,PUR_IED_JulioFlorez_Exter_f9f314,PUR_IED_JulioFlorez_Exter_f9f314,,,,,
2026-09-12T13:46:12-05:00,PUR_IED_JulioFlorez_info2_6b6e08,PUR_IED_JulioFlorez_info2_6b6e08,,,,,
2026-09-12T13:46:12-05:00,PUR_IED_LaBelleza_Aula13_1d00d8,PUR_IED_LaBelleza_Aula13_1d00d8,,,,,
2026-09-12T13:46:12-05:00,PUR_IED_LaBelleza_Ext_7bc08c,PUR_IED_LaBelleza_Ext_7bc08c,,,,,
2026-09-12T13:46:12-05:00,PUR_IED_LaChucua_Ext_8cd6d2,PUR_IED_LaChucua_Ext_8cd6d2,,,,,
2026-09-12T13:46:12-05:00,PUR_IED_LaChucua_S15_f578ce,PUR_IED_LaChucua_S15_f578ce,,,,,
2026-09-12T13:46:12-05:00,PUR_IED_LaChucua_S16_eebcf9,PUR_IED_LaChucua_S16_eebcf9,,,,,
2026-09-12T13:46:12-05:00,PUR_IED_LaFelicidad_Ext_fb5109,PUR_IED_LaFelicidad_Ext_fb5109,,,,,
2026-09-12T13:46:12-05:00,PUR_IED_LaMerced_206_66ebd,PUR_IED_LaMerced_206_66ebd,,,,,
2026-09-12T13:46:12-05:00,PUR_IED_LaMerced_207_6ebd6,PUR_IED_LaMerced_207_6ebd6,,,,,
2026-09-12T13:46:12-05:00,PUR_IED_LaMerced_ext_304311,PUR_IED_LaMerced_ext_304311,,,,,
2026-09-12T13:46:12-05:00,PUR_IED_Laureano_CiencNat_281e5e,PUR_IED_Laureano_CiencNat_281e5e,,,,,
2026-09-12T13:46:12-05:00,PUR_IED_Laureano_Comedor_f65c0a,PUR_IED_Laureano_Comedor_f65c0a,,,,,
2026-09-12T13:46:12-05:00,PUR_IED_Laureano_Exterior_7ab011,PUR_IED_Laureano_Exterior_7ab011,,,,,
2026-09-12T13:46:12-05:00,PUR_IED_LeonGreiff_Exte_dfe560,PUR_IED_LeonGreiff_Exte_dfe560,,,,,
2026-09-12T13:46:12-05:00,PUR_IED_LeonGreiff_S210_f264ed,PUR_IED_LeonGreiff_S210_f264ed,,,,,
2026-09-12T13:46:12-05:00,PUR_IED_LeonGreiff_SQuimi_e8296f,PUR_IED_LeonGreiff_SQuimi_e8296f,,,,,
2026-09-12T13:46:12-05:00,PUR_IED_LlanoOrientalS208_7b9fcd,PUR_IED_LlanoOrientalS208_7b9fcd,,,,,
2026-09-12T13:46:12-05:00,PUR_IED_LlanoOriental_Ext_fb3766,PUR_IED_LlanoOriental_Ext_fb3766,,,,,
2026-09-12T13:46:12-05:00,PUR_IED_LlanoOriental_S208_7b9fcd,PUR_IED_LlanoOriental_S208_7b9fcd,,,,,
2026-09-12T13:46:12-05:00,PUR_IED_LlanoOriental_S9_27b378,PUR_IED_LlanoOriental_S9_27b378,,,,,
2026-09-12T13:46:12-05:00,PUR_IED_LosTejares_1101_477602,PUR_IED_LosTejares_1101_477602,,,,,
2026-09-12T13:46:12-05:00,PUR_IED_LosTejares_11_d2c595,PUR_IED_LosTejares_11_d2c595,,,,,
2026-09-12T13:46:12-05:00,PUR_IED_LosTejares_12_477602,PUR_IED_LosTejares_12_477602,,,,,
2026-09-12T13:46:12-05:00,PUR_IED_LosTejares_Ext_8e2115,PUR_IED_LosTejares_Ext_8e2115,,,,,
2026-09-12T13:46:12-05:00,PUR_IED_MagdalenaO_B202_5ddda3,PUR_IED_MagdalenaO_B202_5ddda3,,,,,
2026-09-12T13:46:12-05:00,PUR_IED_MagdalenaO_B205_fb76e8,PUR_IED_MagdalenaO_B205_fb76e8,,,,,
2026-09-12T13:46:12-05:00,PUR_IED_MagdalenaO_ext_dc69cd,PUR_IED_MagdalenaO_ext_dc69cd,,,,,
2026-09-12T13:46:12-05:00,PUR_IED_ManueCepeda_artes_eee956,PUR_IED_ManueCepeda_artes_eee956,,,,,
2026-09-12T13:46:12-05:00,PUR_IED_ManuelCepeda_Ext_58313,PUR_IED_ManuelCepeda_Ext_58313,,,,,
2026-09-12T13:46:12-05:00,PUR_IED_ManuelCepeda_tec_1c5731,PUR_IED_ManuelCepeda_tec_1c5731,,,,,
2026-09-12T13:46:12-05:00,PUR_IED_ManuelS_Exterior_5b269,PUR_IED_ManuelS_Exterior_5b269,,,,,
2026-09-12T13:46:12-05:00,PUR_IED_ManuelS_Inform_f369ce,PUR_IED_ManuelS_Inform_f369ce,,,,,
2026-09-12T13:46:12-05:00,PUR_IED_ManuelS_SArtes_7d15f1,PUR_IED_ManuelS_SArtes_7d15f1,,,,,
2026-09-12T13:46:12-05:00,PUR_IED_ManuelZapata_303_3ca6,PUR_IED_ManuelZapata_303_3ca6,,,,,
2026-09-12T13:46:12-05:00,PUR_IED_ManuelZapata_311_bfbabc,PUR_IED_ManuelZapata_311_bfbabc,,,,,
2026-09-12T13:46:12-05:00,PUR_IED_ManuelZapata_Ext_50824a,PUR_IED_ManuelZapata_Ext_50824a,,,,,
2026-09-12T13:46:12-05:00,PUR_IED_ManuelitaS_Exteri_656a92,PUR_IED_ManuelitaS_Exteri_656a92,,,,,
2026-09-12T13:46:12-05:00,PUR_IED_ManuelitaS_JuzgDe_f58ec3,PUR_IED_ManuelitaS_JuzgDe_f58ec3,,,,,
2026-09-12T13:46:12-05:00,PUR_IED_ManuelitaS_Recrea_d793db,PUR_IED_ManuelitaS_Recrea_d793db,,,,,
2026-09-12T13:46:12-05:00,PUR_IED_MarFidSuarez_Ext_c27b19,PUR_IED_MarFidSuarez_Ext_c27b19,,,,,
2026-09-12T13:46:12-05:00,PUR_IED_MarFidSuarez_Info_e384d7,PUR_IED_MarFidSuarez_Info_e384d7,,,,,
2026-09-12T13:46:12-05:00,PUR_IED_MarFidSuarez_S306_1d0032,PUR_IED_MarFidSuarez_S306_1d0032,,,,,
2026-09-12T13:46:12-05:00,PUR_IED_Menorah_301_2a25a3,PUR_IED_Menorah_301_2a25a3,,,,,
2026-09-12T13:46:12-05:00,PUR_IED_Menorah_306_37ed3,PUR_IED_Menorah_306_37ed3,,,,,
2026-09-12T13:46:12-05:00,PUR_IED_Menorah_Ext_3e155b,PUR_IED_Menorah_Ext_3e155b,,,,,
2026-09-12T13:46:12-05:00,PUR_IED_MinutoB.Aires_A11_1b1604,PUR_IED_MinutoB.Aires_A11_1b1604,,,,,
2026-09-12T13:46:12-05:00,PUR_IED_MinutoB.Aires_A12_fb5860,PUR_IED_MinutoB.Aires_A12_fb5860,,,,,
2026-09-12T13:46:12-05:00,PUR_IED_MinutoB.Aires_Ext_81293f,PUR_IED_MinutoB.Aires_Ext_81293f,,,,,
2026-09-12T13:46:12-05:00,PUR_IED_MinutoBAires_A11_1b1604,PUR_IED_MinutoBAires_A11_1b1604,,,,,
2026-09-12T13:46:12-05:00,PUR_IED_MinutoBAires_A12_fb5860,PUR_IED_MinutoBAires_A12_fb5860,,,,,
2026-09-12T13:46:12-05:00,PUR_IED_MinutoBAires_Ext_81293f,PUR_IED_MinutoBAires_Ext_81293f,,,,,
2026-09-12T13:46:12-05:00,PUR_IED_Montreal_Aula10_1e4959,PUR_IED_Montreal_Aula10_1e4959,,,,,
2026-09-12T13:46:12-05:00,PUR_IED_Montreal_Aula6_300367,PUR_IED_Montreal_Aula6_300367,,,,,
2026-09-12T13:46:12-05:00,PUR_IED_Montreal_Exterior_91a179,PUR_IED_Montreal_Exterior_91a179,,,,,
2026-09-12T13:46:12-05:00,PUR_IED_Mqgdalena_B202_5ddda3,PUR_IED_Mqgdalena_B202_5ddda3,,,,,
2026-09-12T13:46:12-05:00,PUR_IED_NACUND_Soc_dc8728,PUR_IED_NACUND_Soc_dc8728,,,,,
2026-09-12T13:46:12-05:00,PUR_IED_NACUND_ext_27ad97,PUR_IED_NACUND_ext_27ad97,,,,,
2026-09-12T13:46:12-05:00,PUR_IED_NEsperanza_Ext_d24b61,PUR_IED_NEsperanza_Ext_d24b61,,,,,
2026-09-12T13:46:12-05:00,PUR_IED_NEsperanza_SElect_7d1807,PUR_IED_NEsperanza_SElect_7d1807,,,,,
2026-09-12T13:46:12-05:00,PUR_IED_NEsperanza_SLabor_8b2d0a,PUR_IED_NEsperanza_SLabor_8b2d0a,,,,,
2026-09-12T13:46:12-05:00,PUR_IED_NacionesU_Ext_f661a9,PUR_IED_NacionesU_Ext_f661a9,,,,,
2026-09-12T13:46:12-05:00,PUR_IED_NacionesU_Quimica_66f0a,PUR_IED_NacionesU_Quimica_66f0a,,,,,
2026-09-12T13:46:12-05:00,PUR_IED_NacionesU_S306_1b4b3d,PUR_IED_NacionesU_S306_1b4b3d,,,,,
2026-09-12T13:46:12-05:00,PUR_IED_NestorFA_Ext_e4201c,PUR_IED_NestorFA_Ext_e4201c,,,,,
2026-09-12T13:46:12-05:00,PUR_IED_NestorFA_Laborato_f22fe0,PUR_IED_NestorFA_Laborato_f22fe0,,,,,
2026-09-12T13:46:12-05:00,PUR_IED_NestorFA_S204_dee996,PUR_IED_NestorFA_S204_dee996,,,,,
2026-09-12T13:46:12-05:00,PUR_IED_NidyaQT_Aula03_76999b,PUR_IED_NidyaQT_Aula03_76999b,,,,,
2026-09-12T13:46:12-05:00,PUR_IED_NidyaQT_Aula10_56325,PUR_IED_NidyaQT_Aula10_56325,,,,,
2026-09-12T13:46:12-05:00,PUR_IED_NidyaQT_Ext_46e32d,PUR_IED_NidyaQT_Ext_46e32d,,,,,
2026-09-12T13:46:12-05:00,PUR_IED_NuevaCol_Exterior_d9b859,PUR_IED_NuevaCol_Exterior_d9b859,,,,,
2026-09-12T13:46:12-05:00,PUR_IED_NuevaCol_S1101_76c43b,PUR_IED_NuevaCol_S1101_76c43b,,,,,
2026-09-12T13:46:12-05:00,PUR_IED_NuevaCol_S1102_1ce0b5,PUR_IED_NuevaCol_S1102_1ce0b5,,,,,
2026-09-12T13:46:12-05:00,PUR_IED_OEA_A202_f7e3f2,PUR_IED_OEA_A202_f7e3f2,,,,,
2026-09-12T13:46:12-05:00,PUR_IED_OEA_A203_7d1b8d,PUR_IED_OEA_A203_7d1b8d,,,,,
2026-09-12T13:46:12-05:00,PUR_IED_OEA_Ext_27b593,PUR_IED_OEA_Ext_27b593,,,,,
2026-09-12T13:46:12-05:00,PUR_IED_Ochoa_Ext_1c29da,PUR_IED_Ochoa_Ext_1c29da,,,,,
2026-09-12T13:46:12-05:00,PUR_IED_Ochoa_S205_8b1121,PUR_IED_Ochoa_S205_8b1121,,,,,
2026-09-12T13:46:12-05:00,PUR_IED_Ochoa_Sistemas_f33af6,PUR_IED_Ochoa_Sistemas_f33af6,,,,,
2026-09-12T13:46:12-05:00,PUR_IED_PQuebec_Ext_1c67c7,PUR_IED_PQuebec_Ext_1c67c7,,,,,
2026-09-12T13:46:12-05:00,PUR_IED_PQuebec_S15_23e8e2,PUR_IED_PQuebec_S15_23e8e2,,,,,
2026-09-12T13:46:12-05:00,PUR_IED_PQuebec_S16_8ec76b,PUR_IED_PQuebec_S16_8ec76b,,,,,
2026-09-12T13:46:12-05:00,PUR_IED_PabloN_Ext_49dc96,PUR_IED_PabloN_Ext_49dc96,,,,,
2026-09-12T13:46:12-05:00,PUR_IED_PabloN_S1102_4e3df5,PUR_IED_PabloN_S1102_4e3df5,,,,,
2026-09-12T13:46:12-05:00,PUR_IED_PabloN_S1103_50c94b,PUR_IED_PabloN_S1103_50c94b,,,,,
2026-09-12T13:46:12-05:00,PUR_IED_Palestina_S1101_db9198,PUR_IED_Palestina_S1101_db9198,,,,,
2026-09-12T13:46:12-05:00,PUR_IED_Palestina_S1102_dc54fa,PUR_IED_Palestina_S1102_dc54fa,,,,,
2026-09-12T13:46:12-05:00,PUR_IED_Palestina_ext_4ccce6,PUR_IED_Palestina_ext_4ccce6,,,,,
2026-09-12T13:46:12-05:00,PUR_IED_Panama_Fisica_4d0794,PUR_IED_Panama_Fisica_4d0794,,,,,
2026-09-12T13:46:12-05:00,PUR_IED_Panama_SIngles_a4077e,PUR_IED_Panama_SIngles_a4077e,,,,,
2026-09-12T13:46:12-05:00,PUR_IED_Panama_ext_4c54b4,PUR_IED_Panama_ext_4c54b4,,,,,
2026-09-12T13:46:12-05:00,PUR_IED_ParaisoM_Exterior_8cd7f0,PUR_IED_ParaisoM_Exterior_8cd7f0,,,,,
2026-09-12T13:46:12-05:00,PUR_IED_ParaisoM_Laborato_27af35,PUR_IED_ParaisoM_Laborato_27af35,,,,,
2026-09-12T13:46:12-05:00,PUR_IED_ParaisoM_S304_d1edca,PUR_IED_ParaisoM_S304_d1edca,,,,,
2026-09-12T13:46:12-05:00,PUR_IED_PorfirioBarba_Ext_301466,PUR_IED_PorfirioBarba_Ext_301466,,,,,
2026-09-12T13:46:12-05:00,PUR_IED_PorfirioBarba_S11_df6cd2,PUR_IED_PorfirioBarba_S11_df6cd2,,,,,
2026-09-12T13:46:12-05:00,PUR_IED_PorfirioBarba_S29_27a7d6,PUR_IED_PorfirioBarba_S29_27a7d6,,,,,
2026-09-12T13:46:12-05:00,PUR_IED_PradoV_Exter_8b27ad,PUR_IED_PradoV_Exter_8b27ad,,,,,
2026-09-12T13:46:12-05:00,PUR_IED_PradoV_S301_de65b5,PUR_IED_PradoV_S301_de65b5,,,,,
2026-09-12T13:46:12-05:00,PUR_IED_PradoV_S302_7d2593,PUR_IED_PradoV_S302_7d2593,,,,,
2026-09-12T13:46:12-05:00,PUR_IED_QuirogaAlz_Ext_1ddc82,PUR_IED_QuirogaAlz_Ext_1ddc82,,,,,
2026-09-12T13:46:12-05:00,PUR_IED_QuirogaAlz_S302_9926a3,PUR_IED_QuirogaAlz_S302_9926a3,,,,,
2026-09-12T13:46:12-05:00,PUR_IED_QuirogaAlz_S305_cdf1f1,PUR_IED_QuirogaAlz_S305_cdf1f1,,,,,
2026-09-12T13:46:12-05:00,PUR_IED_RGuatemala_Biling_dc53b7,PUR_IED_RGuatemala_Biling_dc53b7,,,,,
2026-09-12T13:46:12-05:00,PUR_IED_RGuatemala_Ext_1b89a3,PUR_IED_RGuatemala_Ext_1b89a3,,,,,
2026-09-12T13:46:12-05:00,PUR_IED_RGuatemala_Tecnol_281a34,PUR_IED_RGuatemala_Tecnol_281a34,,,,,
2026-09-12T13:46:12-05:00,PUR_IED_RafaNu_Ext_f7c302,PUR_IED_RafaNu_Ext_f7c302,,,,,
2026-09-12T13:46:12-05:00,PUR_IED_RafaNu_S1101_25fde,PUR_IED_RafaNu_S1101_25fde,,,,,
2026-09-12T13:46:12-05:00,PUR_IED_RafaNu_S1102_281517,PUR_IED_RafaNu_S1102_281517,,,,,
2026-09-12T13:46:12-05:00,PUR_IED_RafaelB_S305_ee2783,PUR_IED_RafaelB_S305_ee2783,,,,,
2026-09-12T13:46:12-05:00,PUR_IED_RafaelB_S306_75fe33,PUR_IED_RafaelB_S306_75fe33,,,,,
2026-09-12T13:46:12-05:00,PUR_IED_RafaelB_ext_283336,PUR_IED_RafaelB_ext_283336,2,21,53,4.6722,-74.0737
2026-09-12T13:46:12-05:00,PUR_IED_RafaelUU_Exterior_281a51,PUR_IED_RafaelUU_Exterior_281a51,,,,,
2026-09-12T13:46:12-05:00,PUR_IED_RafaelUU_Human_806b2,PUR_IED_RafaelUU_Human_806b2,,,,,
2026-09-12T13:46:12-05:00,PUR_IED_RafaelUU_Mate2_5680d4,PUR_IED_RafaelUU_Mate2_5680d4,,,,,
2026-09-12T13:46:12-05:00,PUR_IED_RamonSub_Ext_f9eeb9,PUR_IED_RamonSub_Ext_f9eeb9,,,,,
2026-09-12T13:46:12-05:00,PUR_IED_RamonSub_Media_d1f62f,PUR_IED_RamonSub_Media_d1f62f,,,,,
2026-09-12T13:46:12-05:00,PUR_IED_RamonSub_planta_51b82,PUR_IED_RamonSub_planta_51b82,,,,,
2026-09-12T13:46:12-05:00,PUR_IED_RepBoliVene_Exter_27af7c,PUR_IED_RepBoliVene_Exter_27af7c,,,,,
2026-09-12T13:46:12-05:00,PUR_IED_RepBoliVene_SCPT_5ae2ee,PUR_IED_RepBoliVene_SCPT_5ae2ee,,,,,
2026-09-12T13:46:12-05:00,PUR_IED_RepBoliVene_Socia_4b11d5,PUR_IED_RepBoliVene_Socia_4b11d5,,,,,
2026-09-12T13:46:12-05:00,PUR_IED_RepChina_Ext_76d9ee,PUR_IED_RepChina_Ext_76d9ee,,,,,
2026-09-12T13:46:12-05:00,PUR_IED_RepChina_S404_7c804c,PUR_IED_RepChina_S404_7c804c,,,,,
2026-09-12T13:46:12-05:00,PUR_IED_RepChina_S405_df2c33,PUR_IED_RepChina_S405_df2c33,,,,,
2026-09-12T13:46:12-05:00,PUR_IED_RepublicaC_Exteri_7d1ec9,PUR_IED_RepublicaC_Exteri_7d1ec9,,,,,
2026-09-12T13:46:12-05:00,PUR_IED_RepublicaC_S1101_f544b3,PUR_IED_RepublicaC_S1101_f544b3,,,,,
2026-09-12T13:46:12-05:00,PUR_IED_RepublicaC_S1102_7aafc7,PUR_IED_RepublicaC_S1102_7aafc7,,,,,
2026-09-12T13:46:12-05:00,PUR_IED_Ricaurte_Externo_a0ea1,PUR_IED_Ricaurte_Externo_a0ea1,,,,,
2026-09-12T13:46:12-05:00,PUR_IED_Ricaurte_S210_f546fd,PUR_IED_Ricaurte_S210_f546fd,,,,,
2026-09-12T13:46:12-05:00,PUR_IED_Ricaurte_S309_d4452,PUR_IED_Ricaurte_S309_d4452,,,,,
2026-09-12T13:46:12-05:00,PUR_IED_RogelioS_1102_531e69,PUR_IED_RogelioS_1102_531e69,,,,,
2026-09-12T13:46:12-05:00,PUR_IED_RogelioS_Ext_f25a18,PUR_IED_RogelioS_Ext_f25a18,,,,,
2026-09-12T13:46:12-05:00,PUR_IED_SBernardino_Ext_27aff8,PUR_IED_SBernardino_Ext_27aff8,,,,,
2026-09-12T13:46:12-05:00,PUR_IED_SBernardino_SArte_2ffd33,PUR_IED_SBernardino_SArte_2ffd33,,,,,
2026-09-12T13:46:12-05:00,PUR_IED_SBernardino_SIngl_7c7da5,PUR_IED_SBernardino_SIngl_7c7da5,,,,,
2026-09-12T13:46:12-05:00,PUR_IED_Sago_auditorio_dc9d1d,PUR_IED_Sago_auditorio_dc9d1d,,,,,
2026-09-12T13:46:12-05:00,PUR_IED_Saludcoop_Ext_95aac3,PUR_IED_Saludcoop_Ext_95aac3,,,,,
2026-09-12T13:46:12-05:00,PUR_IED_Saludcoop_InfI_90c854,PUR_IED_Saludcoop_InfI_90c854,,,,,
2026-09-12T13:46:12-05:00,PUR_IED_Saludcoop_SMedia_1b93be,PUR_IED_Saludcoop_SMedia_1b93be,,,,,
2026-09-12T13:46:12-05:00,PUR_IED_SanCarlos_1101_1a2360,PUR_IED_SanCarlos_1101_1a2360,,,,,
2026-09-12T13:46:12-05:00,PUR_IED_SanCarlos_1103_7bafb5,PUR_IED_SanCarlos_1103_7bafb5,,,,,
2026-09-12T13:46:12-05:00,PUR_IED_SanCarlos_Ext_b7cd1,PUR_IED_SanCarlos_Ext_b7cd1,,,,,
2026-09-12T13:46:12-05:00,PUR_IED_SanIgnacioBosa11a_50c26e,PUR_IED_SanIgnacioBosa11a_50c26e,,,,,
2026-09-12T13:46:12-05:00,PUR_IED_SanIgnacioBosa11b_371de8,PUR_IED_SanIgnacioBosa11b_371de8,,,,,
2026-09-12T13:46:12-05:00,PUR_IED_SanIgnacioBosaExt_ef0ffc,PUR_IED_SanIgnacioBosaExt_ef0ffc,,,,,
2026-09-12T13:46:12-05:00,PUR_IED_SanIgnacioBosa_11a_50c26e,PUR_IED_SanIgnacioBosa_11a_50c26e,,,,,
2026-09-12T13:46:12-05:00,PUR_IED_SanIgnacioBosa_Ext_ef0ffc,PUR_IED_SanIgnacioBosa_Ext_ef0ffc,,,,,
2026-09-12T13:46:12-05:00,PUR_IED_SanJoseN_intS1101_31c47f,PUR_IED_SanJoseN_intS1101_31c47f,,,,,
2026-09-12T13:46:12-05:00,PUR_IED_SanJoseUsm_Exter_f5d7e8,PUR_IED_SanJoseUsm_Exter_f5d7e8,,,,,
2026-09-12T13:46:12-05:00,PUR_IED_SanJoseUsm_Int11A_cfdef6,PUR_IED_SanJoseUsm_Int11A_cfdef6,,,,,
2026-09-12T13:46:12-05:00,PUR_IED_SilveriaR_IntB5_905349,PUR_IED_SilveriaR_IntB5_905349,,,,,
2026-09-12T13:46:12-05:00,PUR_IED_SilveriaR_IntSD14_981f93,PUR_IED_SilveriaR_IntSD14_981f93,,,,,
2026-09-12T13:46:12-05:00,PUR_IED_SilveriaR_ext_2b651d,PUR_IED_SilveriaR_ext_2b651d,,,,,
2026-09-12T13:46:12-05:00,PUR_IED_SimonB_Exterior_913975,PUR_IED_SimonB_Exterior_913975,,,,,
2026-09-12T13:46:12-05:00,PUR_IED_SimonB_LabQuimi_c56908,PUR_IED_SimonB_LabQuimi_c56908,,,,,
2026-09-12T13:46:12-05:00,PUR_IED_SimonB_informatic_a28c1,PUR_IED_SimonB_informatic_a28c1,,,,,
2026-09-12T13:46:12-05:00,PUR_IED_Sorrento_1102_315f50,PUR_IED_Sorrento_1102_315f50,,,,,
2026-09-12T13:46:12-05:00,PUR_IED_Sorrento_Minte_214eab,PUR_IED_Sorrento_Minte_214eab,,,,,
2026-09-12T13:46:12-05:00,PUR_IED_Sorrento_ext_7c3a0a,PUR_IED_Sorrento_ext_7c3a0a,,,,,
2026-09-12T13:46:12-05:00,PUR_IED_Tabora_Ext_f048ae,PUR_IED_Tabora_Ext_f048ae,,,,,
2026-09-12T13:46:12-05:00,PUR_IED_Tabora_S1102_b07752,PUR_IED_Tabora_S1102_b07752,,,,,
2026-09-12T13:46:12-05:00,PUR_IED_Tabora_S1103_d988f5,PUR_IED_Tabora_S1103_d988f5,,,,,
2026-09-12T13:46:12-05:00,PUR_IED_Tenerife_Ext_1ab188,PUR_IED_Tenerife_Ext_1ab188,,,,,
2026-09-12T13:46:12-05:00,PUR_IED_Tenerife_SDanzas_7bc02e,PUR_IED_Tenerife_SDanzas_7bc02e,,,,,
2026-09-12T13:46:12-05:00,PUR_IED_Tenerife_SIngles_7cc277,PUR_IED_Tenerife_SIngles_7cc277,,,,,
2026-09-12T13:46:12-05:00,PUR_IED_Tibabuyes_Exter_f2683d,PUR_IED_Tibabuyes_Exter_f2683d,,,,,
2026-09-12T13:46:12-05:00,PUR_IED_Tibabuyes_S10_dc87a8,PUR_IED_Tibabuyes_S10_dc87a8,,,,,
2026-09-12T13:46:12-05:00,PUR_IED_Tibabuyes_S15_dc0526,PUR_IED_Tibabuyes_S15_dc0526,,,,,
2026-09-12T13:46:12-05:00,PUR_IED_UnionE_S301_a1043,PUR_IED_UnionE_S301_a1043,,,,,
2026-09-12T13:46:12-05:00,PUR_IED_UnionE_S307_ff6c2f,PUR_IED_UnionE_S307_ff6c2f,,,,,
2026-09-12T13:46:12-05:00,PUR_IED_UnionE__Ext_5e2468,PUR_IED_UnionE__Ext_5e2468,,,,,
2026-09-12T13:46:12-05:00,PUR_IED_VillaRica_Ext_75be7c,PUR_IED_VillaRica_Ext_75be7c,,,,,
2026-09-12T13:46:12-05:00,PUR_IED_VillaRica_S4_cc5dcd,PUR_IED_VillaRica_S4_cc5dcd,,,,,
2026-09-12T13:46:12-05:00,PUR_IED_VillaRica_Sesp_99f5c,PUR_IED_VillaRica_Sesp_99f5c,,,,,
2026-09-12T13:51:11-05:00,PUR_IED_20deJulio_1101_91b1b9,PUR_IED_20deJulio_1101_91b1b9,,,,,
2026-09-12T13:51:11-05:00,PUR_IED_20deJulio_1102_1cfcf9,PUR_IED_20deJulio_1102_1cfcf9,,,,,
2026-09-12T13:51:11-05:00,PUR_IED_20deJulio_Ext_ab60bd,PUR_IED_20deJulio_Ext_ab60bd,,,,,
2026-09-12T13:51:11-05:00,PUR_IED_AgustinFer_Ext_7b9b77,PUR_IED_AgustinFer_Ext_7b9b77,,,,,
2026-09-12T13:51:11-05:00,PUR_IED_AgustinFer_Info2_27b3a7,PUR_IED_AgustinFer_Info2_27b3a7,,,,,
2026-09-12T13:51:11-05:00,PUR_IED_AgustinFer_Sena_54b4eb,PUR_IED_AgustinFer_Sena_54b4eb,,,,,
2026-09-12T13:51:11-05:00,PUR_IED_AlexanderF_1102_caf07b,PUR_IED_AlexanderF_1102_caf07b,,,,,
2026-09-12T13:51:11-05:00,PUR_IED_AlexanderF_1103_c79e71,PUR_IED_AlexanderF_1103_c79e71,,,,,
2026-09-12T13:51:11-05:00,PUR_IED_AlexanderF_Ext_c5b18b,PUR_IED_AlexanderF_Ext_c5b18b,,,,,
2026-09-12T13:51:11-05:00,PUR_IED_AlfonsoLopez_Ext_281d77,PUR_IED_AlfonsoLopez_Ext_281d77,,,,,
2026-09-12T13:51:11-05:00,PUR_IED_AlfonsoLopez_LabF_888ce0,PUR_IED_AlfonsoLopez_LabF_888ce0,,,,,
2026-09-12T13:51:11-05:00,PUR_IED_AlfonsoLopez_SMed_df6a7f,PUR_IED_AlfonsoLopez_SMed_df6a7f,,,,,
2026-09-12T13:51:11-05:00,PUR_IED_AltamiraSO_A2_209f92,PUR_IED_AltamiraSO_A2_209f92,,,,,
2026-09-12T13:51:11-05:00,PUR_IED_AltamiraSO_Ext_186d66,PUR_IED_AltamiraSO_Ext_186d66,,,,,
2026-09-12T13:51:11-05:00,PUR_IED_AltamiraSO_Sistem_27afe1,PUR_IED_AltamiraSO_Sistem_27afe1,,,,,
2026-09-12T13:51:11-05:00,PUR_IED_AlvaroGom_LabQuim_813179,PUR_IED_AlvaroGom_LabQuim_813179,,,,,
2026-09-12T13:51:11-05:00,PUR_IED_AlvaroGomez_Ext_47c7ca,PUR_IED_AlvaroGomez_Ext_47c7ca,,,,,
2026-09-12T13:51:11-05:00,PUR_IED_AlvaroGomez_LabQuim_813179,PUR_IED_AlvaroGomez_LabQuim_813179,,,,,
2026-09-12T13:51:11-05:00,PUR_IED_AlvaroGomez_S23_7ba89f,PUR_IED_AlvaroGomez_S23_7ba89f,,,,,
2026-09-12T13:51:11-05:00,PUR_IED_Amistad_306_dc8728,PUR_IED_Amistad_306_dc8728,,,,,
2026-09-12T13:51:11-05:00,PUR_IED_Amistad_Ext_8cd55e,PUR_IED_Amistad_Ext_8cd55e,,,,,
2026-09-12T13:51:11-05:00,PUR_IED_Amistad_S202_a41169,PUR_IED_Amistad_S202_a41169,,,,,
2026-09-12T13:51:11-05:00,PUR_IED_AndresBello_Bio_fd5f5e,PUR_IED_AndresBello_Bio_fd5f5e,,,,,
2026-09-12T13:51:11-05:00,PUR_IED_AndresBello_ext_dcad65,PUR_IED_AndresBello_ext_dcad65,,,,,
2026-09-12T13:51:11-05:00,PUR_IED_AndresBello_port_eed3ec,PUR_IED_AndresBello_port_eed3ec,,,,,
2026-09-12T13:51:11-05:00,PUR_IED_AngelaR_11b_d90a6b,PUR_IED_AngelaR_11b_d90a6b,,,,,
2026-09-12T13:51:11-05:00,PUR_IED_AngelaR_ext_7cad3e,PUR_IED_AngelaR_ext_7cad3e,3,21,55,4.5825,-74.164497
2026-09-12T13:51:11-05:00,PUR_IED_AntJoseSucre_10mo_df2575,PUR_IED_AntJoseSucre_10mo_df2575,,,,,
2026-09-12T13:51:11-05:00,PUR_IED_AntJoseSucre_Ext_215b36,PUR_IED_AntJoseSucre_Ext_215b36,,,,,
2026-09-12T13:51:11-05:00,PUR_IED_AntJoseSucre_Lab_3139de,PUR_IED_AntJoseSucre_Lab_3139de,,,,,
2026-09-12T13:51:11-05:00,PUR_IED_AntonioGarcia_301_d6b188,PUR_IED_AntonioGarcia_301_d6b188,,,,,
2026-09-12T13:51:11-05:00,PUR_IED_AntonioGarcia_302_88a82,PUR_IED_AntonioGarcia_302_88a82,,,,,
2026-09-12T13:51:11-05:00,PUR_IED_AntonioGarcia_Ext_20950c,PUR_IED_AntonioGarcia_Ext_20950c,,,,,
2026-09-12T13:51:11-05:00,PUR_IED_AntonioVan_Aula2_6dea02,PUR_IED_AntonioVan_Aula2_6dea02,,,,,
2026-09-12T13:51:11-05:00,PUR_IED_AntonioVan_Aula5_f1557e,PUR_IED_AntonioVan_Aula5_f1557e,,,,,
2026-09-12T13:51:11-05:00,PUR_IED_AntonioVan_Ext_406f2f,PUR_IED_AntonioVan_Ext_406f2f,,,,,
2026-09-12T13:51:11-05:00,PUR_IED_Atabanzha_Ext_cc5af9,PUR_IED_Atabanzha_Ext_cc5af9,,,,,
2026-09-12T13:51:11-05:00,PUR_IED_Atabanzha_SA101_56c37,PUR_IED_Atabanzha_SA101_56c37,,,,,
2026-09-12T13:51:11-05:00,PUR_IED_Atabanzha_SB302_27b374,PUR_IED_Atabanzha_SB302_27b374,,,,,
2026-09-12T13:51:11-05:00,PUR_IED_Atahualpa_Ext_fc1748,PUR_IED_Atahualpa_Ext_fc1748,,,,,
2026-09-12T13:51:11-05:00,PUR_IED_Atahualpa_Informa_dc9a95,PUR_IED_Atahualpa_Informa_dc9a95,,,,,
2026-09-12T13:51:11-05:00,PUR_IED_Atahualpa_S1101_f98056,PUR_IED_Atahualpa_S1101_f98056,,,,,
2026-09-12T13:51:11-05:00,PUR_IED_Bellavista_Ext_f5aa74,PUR_IED_Bellavista_Ext_f5aa74,,,,,
2026-09-12T13:51:11-05:00,PUR_IED_Bilbao_11A_916c41,PUR_IED_Bilbao_11A_916c41,,,,,
2026-09-12T13:51:11-05:00,PUR_IED_Bilbao_Ext_fb579a,PUR_IED_Bilbao_Ext_fb579a,,,,,
2026-09-12T13:51:11-05:00,PUR_IED_BrasiliaU_A125_304280,PUR_IED_BrasiliaU_A125_304280,,,,,
2026-09-12T13:51:11-05:00,PUR_IED_BrasiliaU_A203_7c8ca5,PUR_IED_BrasiliaU_A203_7c8ca5,,,,,
2026-09-12T13:51:11-05:00,PUR_IED_BrasiliaU_Ext_8d6e9f,PUR_IED_BrasiliaU_Ext_8d6e9f,9,20,53,4.5175,-74.116302
2026-09-12T13:51:11-05:00,PUR_IED_Brasilia_Ext_fe6593,PUR_IED_Brasilia_Ext_fe6593,,,,,
2026-09-12T13:51:11-05:00,PUR_IED_Brasilia_S24_7c130d,PUR_IED_Brasilia_S24_7c130d,,,,,
2026-09-12T13:51:11-05:00,PUR_IED_Brasilia_S501_186a54,PUR_IED_Brasilia_S501_186a54,,,,,
2026-09-12T13:51:11-05:00,PUR_IED_CHARRY_EXT_f1d5cd,PUR_IED_CHARRY_EXT_f1d5cd,,,,,
2026-09-12T13:51:11-05:00,PUR_IED_CHARRY_INTDANZAS_7a08e6,PUR_IED_CHARRY_INTDANZAS_7a08e6,,,,,
2026-09-12T13:51:11-05:00,PUR_IED_CHARRY_INT_AULA20_dc998d,PUR_IED_CHARRY_INT_AULA20_dc998d,,,,,
2026-09-12T13:51:11-05:00,PUR_IED_COLVIV_1101_S25_7f520a,PUR_IED_COLVIV_1101_S25_7f520a,,,,,
2026-09-12T13:51:11-05:00,PUR_IED_COLVIV_1102_S16_f570ba,PUR_IED_COLVIV_1102_S16_f570ba,,,,,
2026-09-12T13:51:11-05:00,PUR_IED_COLVIV_Ext_1a26fa,PUR_IED_COLVIV_Ext_1a26fa,,,,,
2026-09-12T13:51:11-05:00,PUR_IED_CULPOP_301A_f660f3,PUR_IED_CULPOP_301A_f660f3,,,,,
2026-09-12T13:51:11-05:00,PUR_IED_CULPOP_303_568afe,PUR_IED_CULPOP_303_568afe,,,,,
2026-09-12T13:51:11-05:00,PUR_IED_CULPOP_Ext_e02ccb,PUR_IED_CULPOP_Ext_e02ccb,,,,,
2026-09-12T13:51:11-05:00,PUR_IED_CVillavicen_Ext_26eb58,PUR_IED_CVillavicen_Ext_26eb58,2,19,68,4.487,-74.102798
2026-09-12T13:51:11-05:00,PUR_IED_CVillavicen_Intel_1ce5c2,PUR_IED_CVillavicen_Intel_1ce5c2,,,,,
2026-09-12T13:51:11-05:00,PUR_IED_CVillavicen_Poliv_e0766c,PUR_IED_CVillavicen_Poliv_e0766c,,,,,
2026-09-12T13:51:11-05:00,PUR_IED_CVillavicen_int_1ba140,PUR_IED_CVillavicen_int_1ba140,,,,,
2026-09-12T13:51:11-05:00,PUR_IED_CVillavicen_intel_1ba140,PUR_IED_CVillavicen_intel_1ba140,,,,,
2026-09-12T13:51:11-05:00,PUR_IED_CarlosPizarro_Ext_e307cc,PUR_IED_CarlosPizarro_Ext_e307cc,,,,,
2026-09-12T13:51:11-05:00,PUR_IED_CarlosPizarro_L36_7e5cdb,PUR_IED_CarlosPizarro_L36_7e5cdb,,,,,
2026-09-12T13:51:11-05:00,PUR_IED_CarlosPizarro_L37_c8566c,PUR_IED_CarlosPizarro_L37_c8566c,,,,,
2026-09-12T13:51:11-05:00,PUR_IED_Castilla_Ext_cf35f,PUR_IED_Castilla_Ext_cf35f,,,,,
2026-09-12T13:51:11-05:00,PUR_IED_Castilla_SFisik_360e38,PUR_IED_Castilla_SFisik_360e38,,,,,
2026-09-12T13:51:11-05:00,PUR_IED_Castilla_Sc304_496fbf,PUR_IED_Castilla_Sc304_496fbf,,,,,
2026-09-12T13:51:11-05:00,PUR_IED_CervantesSa_Ext_6b57b,PUR_IED_CervantesSa_Ext_6b57b,2,21,58,4.5128,-74.117203
2026-09-12T13:51:11-05:00,PUR_IED_CervantesSa_S107_225c2b,PUR_IED_CervantesSa_S107_225c2b,,,,,
2026-09-12T13:51:11-05:00,PUR_IED_CervantesSa_S108_940925,PUR_IED_CervantesSa_S108_940925,,,,,
2026-09-12T13:51:11-05:00,PUR_IED_Charry_A20_f53e7c,PUR_IED_Charry_A20_f53e7c,,,,,
2026-09-12T13:51:11-05:00,PUR_IED_Charry_Ext_f1d5cd,PUR_IED_Charry_Ext_f1d5cd,,,,,
2026-09-12T13:51:11-05:00,PUR_IED_Charry_IntAula20_dc998d,PUR_IED_Charry_IntAula20_dc998d,,,,,
2026-09-12T13:51:11-05:00,PUR_IED_Charry_IntDanzas_7a08e6,PUR_IED_Charry_IntDanzas_7a08e6,,,,,
2026-09-12T13:51:11-05:00,PUR_IED_ClememciaC_203_43e2fc,PUR_IED_ClememciaC_203_43e2fc,,,,,
2026-09-12T13:51:11-05:00,PUR_IED_ClememciaC_Ext_1b411a,PUR_IED_ClememciaC_Ext_1b411a,,,,,
2026-09-12T13:51:11-05:00,PUR_IED_ClememciaC_Quimic_44b5fc,PUR_IED_ClememciaC_Quimic_44b5fc,,,,,
2026-09-12T13:51:11-05:00,PUR_IED_ClemenciaC_203_43e2fc,PUR_IED_ClemenciaC_203_43e2fc,,,,,
2026-09-12T13:51:11-05:00,PUR_IED_ClemenciaC_Ext_1b411a,PUR_IED_ClemenciaC_Ext_1b411a,,,,,
2026-09-12T13:51:11-05:00,PUR_IED_ClemenciaC_Quimic_44b5fc,PUR_IED_ClemenciaC_Quimic_44b5fc,,,,,
2026-09-12T13:51:11-05:00,PUR_IED_ColViva_1101_S25_7f520a,PUR_IED_ColViva_1101_S25_7f520a,,,,,
2026-09-12T13:51:11-05:00,PUR_IED_ColViva_1102_S16_f570ba,PUR_IED_ColViva_1102_S16_f570ba,,,,,
2026-09-12T13:51:11-05:00,PUR_IED_ColViva_Ext_1a26fa,PUR_IED_ColViva_Ext_1a26fa,,,,,
2026-09-12T13:51:11-05:00,PUR_IED_ColegioBici_Asist_7c8798,PUR_IED_ColegioBici_Asist_7c8798,,,,,
2026-09-12T13:51:11-05:00,PUR_IED_ColegioBici_Ext_25cbf6,PUR_IED_ColegioBici_Ext_25cbf6,,,,,
2026-09-12T13:51:11-05:00,PUR_IED_ColegioBici_LabQ_7b57db,PUR_IED_ColegioBici_LabQ_7b57db,,,,,
2026-09-12T13:51:11-05:00,PUR_IED_CostaRica_Ext_5e640,PUR_IED_CostaRica_Ext_5e640,,,,,
2026-09-12T13:51:11-05:00,PUR_IED_CostaRica_Quim1_766d1c,PUR_IED_CostaRica_Quim1_766d1c,,,,,
2026-09-12T13:51:11-05:00,PUR_IED_CostaRica__Fisica_6f0873,PUR_IED_CostaRica__Fisica_6f0873,,,,,
2026-09-12T13:51:11-05:00,PUR_IED_CulPopu_301A_f660f3,PUR_IED_CulPopu_301A_f660f3,,,,,
2026-09-12T13:51:11-05:00,PUR_IED_CulPopu_303_568afe,PUR_IED_CulPopu_303_568afe,,,,,
2026-09-12T13:51:11-05:00,PUR_IED_CulPopu_Ext_e02ccb,PUR_IED_CulPopu_Ext_e02ccb,,,,,
2026-09-12T13:51:11-05:00,PUR_IED_Cundinamarca_Ext_f15985,PUR_IED_Cundinamarca_Ext_f15985,,,,,
2026-09-12T13:51:11-05:00,PUR_IED_Cundinamarca_Info_7aa5d7,PUR_IED_Cundinamarca_Info_7aa5d7,,,,,
2026-09-12T13:51:11-05:00,PUR_IED_Cundinamarca_Tec2_f449c7,PUR_IED_Cundinamarca_Tec2_f449c7,,,,,
2026-09-12T13:51:11-05:00,PUR_IED_DiegoM_Aula1_27b314,PUR_IED_DiegoM_Aula1_27b314,,,,,
2026-09-12T13:51:11-05:00,PUR_IED_DiegoM_Ext_d80ac8,PUR_IED_DiegoM_Ext_d80ac8,,,,,
2026-09-12T13:51:11-05:00,PUR_IED_DiegoM_S25_da928f,PUR_IED_DiegoM_S25_da928f,,,,,
2026-09-12T13:51:11-05:00,PUR_IED_ELRODEO_360881,PUR_IED_ELRODEO_360881,,,,,
2026-09-12T13:51:11-05:00,PUR_IED_ELRODEO_ext_360881,PUR_IED_ELRODEO_ext_360881,,,,,
2026-09-12T13:51:11-05:00,PUR_IED_EduardoU_Ext_1c1969,PUR_IED_EduardoU_Ext_1c1969,,,,,
2026-09-12T13:51:11-05:00,PUR_IED_EduardoU_SCiencia_4dfb94,PUR_IED_EduardoU_SCiencia_4dfb94,,,,,
2026-09-12T13:51:11-05:00,PUR_IED_EduardoU_SQuimica_5a46e7,PUR_IED_EduardoU_SQuimica_5a46e7,,,,,
2026-09-12T13:51:11-05:00,PUR_IED_ElRodeo_Aula14_676984,PUR_IED_ElRodeo_Aula14_676984,,,,,
2026-09-12T13:51:11-05:00,PUR_IED_ElRodeo_Aula16_2dd35b,PUR_IED_ElRodeo_Aula16_2dd35b,,,,,
2026-09-12T13:51:11-05:00,PUR_IED_ElRodeo_Ext_360881,PUR_IED_ElRodeo_Ext_360881,,,,,
2026-09-12T13:51:11-05:00,PUR_IED_ElRodeo_Exterior_8c6d28,PUR_IED_ElRodeo_Exterior_8c6d28,,,,,
2026-09-12T13:51:11-05:00,PUR_IED_ElRodeo_ext_360881,PUR_IED_ElRodeo_ext_360881,,,,,
2026-09-12T13:51:11-05:00,PUR_IED_EmmaReyes_Ext_987625,PUR_IED_EmmaReyes_Ext_987625,2,22,47,4.6367,-74.1511
2026-09-12T13:51:11-05:00,PUR_IED_Ensueño_Ext_7f0250,PUR_IED_Ensueño_Ext_7f0250,,,,,
2026-09-12T13:51:11-05:00,PUR_IED_EscNormal_Ext_5fef3b,PUR_IED_EscNormal_Ext_5fef3b,2,23,49,4.5852,-74.096901
2026-09-12T13:51:11-05:00,PUR_IED_EscNormal_S309_5b263,PUR_IED_EscNormal_S309_5b263,,,,,
2026-09-12T13:51:11-05:00,PUR_IED_EscNormal_S310_27b3b8,PUR_IED_EscNormal_S310_27b3b8,,,,,
2026-09-12T13:51:11-05:00,PUR_IED_Evangelista_Conta_f6cd4f,PUR_IED_Evangelista_Conta_f6cd4f,,,,,
2026-09-12T13:51:11-05:00,PUR_IED_Evangelista_Cri_5e16a,PUR_IED_Evangelista_Cri_5e16a,,,,,
2026-09-12T13:51:11-05:00,PUR_IED_Evangelista_Exter_754066,PUR_IED_Evangelista_Exter_754066,,,,,
2026-09-12T13:51:11-05:00,PUR_IED_FMiranda_S209_5cc2a3,PUR_IED_FMiranda_S209_5cc2a3,,,,,
2026-09-12T13:51:11-05:00,PUR_IED_FMiranda_S303_19e344,PUR_IED_FMiranda_S303_19e344,,,,,
2026-09-12T13:51:11-05:00,PUR_IED_FMiranda_ext_f53e7c,PUR_IED_FMiranda_ext_f53e7c,,,,,
2026-09-12T13:51:11-05:00,PUR_IED_FabioLozano_Bibli_1cee05,PUR_IED_FabioLozano_Bibli_1cee05,,,,,
2026-09-12T13:51:11-05:00,PUR_IED_FabioLozano_Ext_6ea285,PUR_IED_FabioLozano_Ext_6ea285,,,,,
2026-09-12T13:51:11-05:00,PUR_IED_FabioLozano_SLudi_f09e1e,PUR_IED_FabioLozano_SLudi_f09e1e,,,,,
2026-09-12T13:51:11-05:00,PUR_IED_FaustinoS_Aula07_27a731,PUR_IED_FaustinoS_Aula07_27a731,,,,,
2026-09-12T13:51:11-05:00,PUR_IED_FaustinoS_Ext_7b936f,PUR_IED_FaustinoS_Ext_7b936f,,,,,
2026-09-12T13:51:11-05:00,PUR_IED_FaustinoS_Fisica_da2c60,PUR_IED_FaustinoS_Fisica_da2c60,,,,,
2026-09-12T13:51:11-05:00,PUR_IED_FeGarciaLo_Ext_dc68ee,PUR_IED_FeGarciaLo_Ext_dc68ee,,,,,
2026-09-12T13:51:11-05:00,PUR_IED_FeGarciaLo_SDanza_f70a59,PUR_IED_FeGarciaLo_SDanza_f70a59,,,,,
2026-09-12T13:51:11-05:00,PUR_IED_FeGarciaLo_SMusic_125cdd,PUR_IED_FeGarciaLo_SMusic_125cdd,,,,,
2026-09-12T13:51:11-05:00,PUR_IED_FederalAlema_Exte_50c345,PUR_IED_FederalAlema_Exte_50c345,,,,,
2026-09-12T13:51:11-05:00,PUR_IED_FederalAlema_S31_f18371,PUR_IED_FederalAlema_S31_f18371,,,,,
2026-09-12T13:51:11-05:00,PUR_IED_FederalAlema_S901_a62cd,PUR_IED_FederalAlema_S901_a62cd,,,,,
2026-09-12T13:51:11-05:00,PUR_IED_FilarmonicaS_A5_f35eb1,PUR_IED_FilarmonicaS_A5_f35eb1,,,,,
2026-09-12T13:51:11-05:00,PUR_IED_FilarmonicaS_Ext_8a3bde,PUR_IED_FilarmonicaS_Ext_8a3bde,,,,,
2026-09-12T13:51:11-05:00,PUR_IED_FilarmonicaS_Spol_406114,PUR_IED_FilarmonicaS_Spol_406114,,,,,
2026-09-12T13:51:11-05:00,PUR_IED_FlorentinoG_A13_d1fa59,PUR_IED_FlorentinoG_A13_d1fa59,,,,,
2026-09-12T13:51:11-05:00,PUR_IED_FlorentinoG_Ext_1ce6ce,PUR_IED_FlorentinoG_Ext_1ce6ce,,,,,
2026-09-12T13:51:11-05:00,PUR_IED_FlorentinoG_Idiom_a66aac,PUR_IED_FlorentinoG_Idiom_a66aac,,,,,
2026-09-12T13:51:11-05:00,PUR_IED_FranciscoMati_Ext_e3869d,PUR_IED_FranciscoMati_Ext_e3869d,,,,,
2026-09-12T13:51:11-05:00,PUR_IED_FranciscoMati_S13_f31c67,PUR_IED_FranciscoMati_S13_f31c67,,,,,
2026-09-12T13:51:11-05:00,PUR_IED_FranciscoMati_S14_97dead,PUR_IED_FranciscoMati_S14_97dead,,,,,
2026-09-12T13:51:11-05:00,PUR_IED_FranciscoPS_Ext_7bfa9a,PUR_IED_FranciscoPS_Ext_7bfa9a,2,24,49,4.5899,-74.110397
2026-09-12T13:51:11-05:00,PUR_IED_FranciscoPS_Infor_fb8f4c,PUR_IED_FranciscoPS_Infor_fb8f4c,,,,,
2026-09-12T13:51:11-05:00,PUR_IED_FranciscoPS_Quimi_94d39c,PUR_IED_FranciscoPS_Quimi_94d39c,,,,,
2026-09-12T13:51:11-05:00,PUR_IED_FranciscoP_LabQ_d7e148,PUR_IED_FranciscoP_LabQ_d7e148,,,,,
2026-09-12T13:51:11-05:00,PUR_IED_FranciscoP_S28_cf9b30,PUR_IED_FranciscoP_S28_cf9b30,,,,,
2026-09-12T13:51:11-05:00,PUR_IED_FranciscoP_ext_e2313,PUR_IED_FranciscoP_ext_e2313,,,,,
2026-09-12T13:51:11-05:00,PUR_IED_FriederichN_Ext_8ac92a,PUR_IED_FriederichN_Ext_8ac92a,,,,,
2026-09-12T13:51:11-05:00,PUR_IED_FriederichN_S301_dd7e5a,PUR_IED_FriederichN_S301_dd7e5a,,,,,
2026-09-12T13:51:11-05:00,PUR_IED_FriederichN_S308_761f4f,PUR_IED_FriederichN_S308_761f4f,,,,,
2026-09-12T13:51:11-05:00,PUR_IED_GSantander_Aula10_533dd7,PUR_IED_GSantander_Aula10_533dd7,,,,,
2026-09-12T13:51:11-05:00,PUR_IED_GSantander_Aula12_fd4e4f,PUR_IED_GSantander_Aula12_fd4e4f,,,,,
2026-09-12T13:51:11-05:00,PUR_IED_GSantander_Aula310_533dd7,PUR_IED_GSantander_Aula310_533dd7,,,,,
2026-09-12T13:51:11-05:00,PUR_IED_GSantander_Aula312_fd4e4f,PUR_IED_GSantander_Aula312_fd4e4f,,,,,
2026-09-12T13:51:11-05:00,PUR_IED_GSantander_Ext_5f66b0,PUR_IED_GSantander_Ext_5f66b0,,,,,
2026-09-12T13:51:11-05:00,PUR_IED_GYomasa_Ext_f6bea5,PUR_IED_GYomasa_Ext_f6bea5,,,,,
2026-09-12T13:51:11-05:00,PUR_IED_GYomasa_LBiol_2c41aa,PUR_IED_GYomasa_LBiol_2c41aa,,,,,
2026-09-12T13:51:11-05:00,PUR_IED_GYomasa_LQuim_33c80,PUR_IED_GYomasa_LQuim_33c80,,,,,
2026-09-12T13:51:11-05:00,PUR_IED_GabBetMejia_Cienc_5a99c,PUR_IED_GabBetMejia_Cienc_5a99c,,,,,
2026-09-12T13:51:11-05:00,PUR_IED_GabBetMejia_Ext_9153d0,PUR_IED_GabBetMejia_Ext_9153d0,,,,,
2026-09-12T13:51:11-05:00,PUR_IED_GabBetMejia_Lab_f55347,PUR_IED_GabBetMejia_Lab_f55347,,,,,
2026-09-12T13:51:11-05:00,PUR_IED_GabBetanMejia_Ext_9153d0,PUR_IED_GabBetanMejia_Ext_9153d0,,,,,
2026-09-12T13:51:11-05:00,PUR_IED_Gaitana_Aula13_7aac11,PUR_IED_Gaitana_Aula13_7aac11,,,,,
2026-09-12T13:51:11-05:00,PUR_IED_Gaitana_Ext_5fcf4,PUR_IED_Gaitana_Ext_5fcf4,,,,,
2026-09-12T13:51:11-05:00,PUR_IED_Gaitana_LabFisica_644448,PUR_IED_Gaitana_LabFisica_644448,,,,,
2026-09-12T13:51:11-05:00,PUR_IED_GenSantander_Dise_8ac858,PUR_IED_GenSantander_Dise_8ac858,,,,,
2026-09-12T13:51:11-05:00,PUR_IED_GenSantander_Ext_8d5dfe,PUR_IED_GenSantander_Ext_8d5dfe,,,,,
2026-09-12T13:51:11-05:00,PUR_IED_GenSantander_Info_6c25b,PUR_IED_GenSantander_Info_6c25b,,,,,
2026-09-12T13:51:11-05:00,PUR_IED_GustavoMo_Exterio_75e63d,PUR_IED_GustavoMo_Exterio_75e63d,,,,,
2026-09-12T13:51:11-05:00,PUR_IED_GustavoMo_LabFisi_224d37,PUR_IED_GustavoMo_LabFisi_224d37,,,,,
2026-09-12T13:51:11-05:00,PUR_IED_GustavoMo_S208_3e6918,PUR_IED_GustavoMo_S208_3e6918,,,,,
2026-09-12T13:51:11-05:00,PUR_IED_GustavoR_A02_8cd4a8,PUR_IED_GustavoR_A02_8cd4a8,,,,,
2026-09-12T13:51:11-05:00,PUR_IED_GustavoR_B11_5b0ed,PUR_IED_GustavoR_B11_5b0ed,,,,,
2026-09-12T13:51:11-05:00,PUR_IED_GustavoR_Ext_7a0c90,PUR_IED_GustavoR_Ext_7a0c90,,,,,
2026-09-12T13:51:11-05:00,PUR_IED_HernandoDuran_Ext_8cd82b,PUR_IED_HernandoDuran_Ext_8cd82b,,,,,
2026-09-12T13:51:11-05:00,PUR_IED_HernandoDuran_S24_2772c6,PUR_IED_HernandoDuran_S24_2772c6,,,,,
2026-09-12T13:51:11-05:00,PUR_IED_HernandoDuran_S30_f2de41,PUR_IED_HernandoDuran_S30_f2de41,,,,,
2026-09-12T13:51:11-05:00,PUR_IED_HolguInUr_S1101_8cd732,PUR_IED_HolguInUr_S1101_8cd732,,,,,
2026-09-12T13:51:11-05:00,PUR_IED_HolguinUr_Exter_ddae6d,PUR_IED_HolguinUr_Exter_ddae6d,,,,,
2026-09-12T13:51:11-05:00,PUR_IED_HolguinUr_LabQuim_92b952,PUR_IED_HolguinUr_LabQuim_92b952,,,,,
2026-09-12T13:51:11-05:00,PUR_IED_Isabel-II_Ext_5245cc,PUR_IED_Isabel-II_Ext_5245cc,2,21,51,4.6336,-74.153
2026-09-12T13:51:11-05:00,PUR_IED_Isabel-II_S_idiom_1c29aa,PUR_IED_Isabel-II_S_idiom_1c29aa,,,,,
2026-09-12T13:51:11-05:00,PUR_IED_Isabel-II_S_infor_fd741,PUR_IED_Isabel-II_S_infor_fd741,,,,,
2026-09-12T13:51:11-05:00,PUR_IED_IsidroSur_Exterio_5b90ea,PUR_IED_IsidroSur_Exterio_5b90ea,,,,,
2026-09-12T13:51:11-05:00,PUR_IED_IsidroSur_LabTec_56697a,PUR_IED_IsidroSur_LabTec_56697a,,,,,
2026-09-12T13:51:11-05:00,PUR_IED_IsidroSur_Robotic_b7c38f,PUR_IED_IsidroSur_Robotic_b7c38f,,,,,
2026-09-12T13:51:11-05:00,PUR_IED_IsmaelPerd_Ext_7b6672,PUR_IED_IsmaelPerd_Ext_7b6672,,,,,
2026-09-12T13:51:11-05:00,PUR_IED_IsmaelPerd_Inform_306540,PUR_IED_IsmaelPerd_Inform_306540,,,,,
2026-09-12T13:51:11-05:00,PUR_IED_IsmaelPerd_S30_2e2c83,PUR_IED_IsmaelPerd_S30_2e2c83,,,,,
2026-09-12T13:51:11-05:00,PUR_IED_JLozano_Exter_432910,PUR_IED_JLozano_Exter_432910,,,,,
2026-09-12T13:51:11-05:00,PUR_IED_JLozano_salaMulti_df5125,PUR_IED_JLozano_salaMulti_df5125,,,,,
2026-09-12T13:51:11-05:00,PUR_IED_JMCordoba_206_86f80b,PUR_IED_JMCordoba_206_86f80b,,,,,
2026-09-12T13:51:11-05:00,PUR_IED_JMCordoba_Ext_27ad97,PUR_IED_JMCordoba_Ext_27ad97,,,,,
2026-09-12T13:51:11-05:00,PUR_IED_JMCordoba_S310_d59ab4,PUR_IED_JMCordoba_S310_d59ab4,,,,,
2026-09-12T13:51:11-05:00,PUR_IED_Japon_Ext_549100,PUR_IED_Japon_Ext_549100,,,,,
2026-09-12T13:51:11-05:00,PUR_IED_Japon_Laboratorio_bec51d,PUR_IED_Japon_Laboratorio_bec51d,,,,,
2026-09-12T13:51:11-05:00,PUR_IED_Japon_informatica_d99327,PUR_IED_Japon_informatica_d99327,,,,,
2026-09-12T13:51:11-05:00,PUR_IED_Jazmin_Ext_d27bda,PUR_IED_Jazmin_Ext_d27bda,,,,,
2026-09-12T13:51:11-05:00,PUR_IED_Jazmin_Fisica_8d14d7,PUR_IED_Jazmin_Fisica_8d14d7,,,,,
2026-09-12T13:51:11-05:00,PUR_IED_Jazmin_Quimica_801cb5,PUR_IED_Jazmin_Quimica_801cb5,,,,,
2026-09-12T13:51:11-05:00,PUR_IED_JorgeGaitan_Exter_f098d1,PUR_IED_JorgeGaitan_Exter_f098d1,,,,,
2026-09-12T13:51:11-05:00,PUR_IED_JorgeGaitan_STec1_dc9d1d,PUR_IED_JorgeGaitan_STec1_dc9d1d,,,,,
2026-09-12T13:51:11-05:00,PUR_IED_JorgeGaitan_STec2_281e69,PUR_IED_JorgeGaitan_STec2_281e69,,,,,
2026-09-12T13:51:11-05:00,PUR_IED_JorgeSoto_Exterio_d9d0a2,PUR_IED_JorgeSoto_Exterio_d9d0a2,,,,,
2026-09-12T13:51:11-05:00,PUR_IED_JorgeSoto_LabFisi_209c54,PUR_IED_JorgeSoto_LabFisi_209c54,,,,,
2026-09-12T13:51:11-05:00,PUR_IED_JorgeSoto_S103_27b51a,PUR_IED_JorgeSoto_S103_27b51a,,,,,
2026-09-12T13:51:11-05:00,PUR_IED_JoseAcevedo_A02_e965eb,PUR_IED_JoseAcevedo_A02_e965eb,,,,,
2026-09-12T13:51:11-05:00,PUR_IED_JoseAcevedo_A07_dd5b4,PUR_IED_JoseAcevedo_A07_dd5b4,,,,,
2026-09-12T13:51:11-05:00,PUR_IED_JoseAcevedo_Ext_b47484,PUR_IED_JoseAcevedo_Ext_b47484,,,,,
2026-09-12T13:51:11-05:00,PUR_IED_JoseMarti_Exte_5b9bf,PUR_IED_JoseMarti_Exte_5b9bf,,,,,
2026-09-12T13:51:11-05:00,PUR_IED_JoseMarti_LabQuim_1c6c2d,PUR_IED_JoseMarti_LabQuim_1c6c2d,,,,,
2026-09-12T13:51:11-05:00,PUR_IED_JoseMarti_S_info_f5f177,PUR_IED_JoseMarti_S_info_f5f177,,,,,
2026-09-12T13:51:11-05:00,PUR_IED_Josejoaquin_Ext_dfc5dc,PUR_IED_Josejoaquin_Ext_dfc5dc,,,,,
2026-09-12T13:51:11-05:00,PUR_IED_Josejoaquin_S05_5b2a96,PUR_IED_Josejoaquin_S05_5b2a96,,,,,
2026-09-12T13:51:11-05:00,PUR_IED_Josejoaquin_S06_1ce7d2,PUR_IED_Josejoaquin_S06_1ce7d2,,,,,
2026-09-12T13:51:11-05:00,PUR_IED_JulioFlorez_Danza_9b82dd,PUR_IED_JulioFlorez_Danza_9b82dd,,,,,
2026-09-12T13:51:11-05:00,PUR_IED_JulioFlorez_Exter_f9f314,PUR_IED_JulioFlorez_Exter_f9f314,,,,,
2026-09-12T13:51:11-05:00,PUR_IED_JulioFlorez_info2_6b6e08,PUR_IED_JulioFlorez_info2_6b6e08,,,,,
2026-09-12T13:51:11-05:00,PUR_IED_LaBelleza_Aula13_1d00d8,PUR_IED_LaBelleza_Aula13_1d00d8,,,,,
2026-09-12T13:51:11-05:00,PUR_IED_LaBelleza_Ext_7bc08c,PUR_IED_LaBelleza_Ext_7bc08c,,,,,
2026-09-12T13:51:11-05:00,PUR_IED_LaChucua_Ext_8cd6d2,PUR_IED_LaChucua_Ext_8cd6d2,,,,,
2026-09-12T13:51:11-05:00,PUR_IED_LaChucua_S15_f578ce,PUR_IED_LaChucua_S15_f578ce,,,,,
2026-09-12T13:51:11-05:00,PUR_IED_LaChucua_S16_eebcf9,PUR_IED_LaChucua_S16_eebcf9,,,,,
2026-09-12T13:51:11-05:00,PUR_IED_LaFelicidad_Ext_fb5109,PUR_IED_LaFelicidad_Ext_fb5109,,,,,
2026-09-12T13:51:11-05:00,PUR_IED_LaMerced_206_66ebd,PUR_IED_LaMerced_206_66ebd,,,,,
2026-09-12T13:51:11-05:00,PUR_IED_LaMerced_207_6ebd6,PUR_IED_LaMerced_207_6ebd6,,,,,
2026-09-12T13:51:11-05:00,PUR_IED_LaMerced_ext_304311,PUR_IED_LaMerced_ext_304311,,,,,
2026-09-12T13:51:11-05:00,PUR_IED_Laureano_CiencNat_281e5e,PUR_IED_Laureano_CiencNat_281e5e,,,,,
2026-09-12T13:51:11-05:00,PUR_IED_Laureano_Comedor_f65c0a,PUR_IED_Laureano_Comedor_f65c0a,,,,,
2026-09-12T13:51:11-05:00,PUR_IED_Laureano_Exterior_7ab011,PUR_IED_Laureano_Exterior_7ab011,,,,,
2026-09-12T13:51:11-05:00,PUR_IED_LeonGreiff_Exte_dfe560,PUR_IED_LeonGreiff_Exte_dfe560,,,,,
2026-09-12T13:51:11-05:00,PUR_IED_LeonGreiff_S210_f264ed,PUR_IED_LeonGreiff_S210_f264ed,,,,,
2026-09-12T13:51:11-05:00,PUR_IED_LeonGreiff_SQuimi_e8296f,PUR_IED_LeonGreiff_SQuimi_e8296f,,,,,
2026-09-12T13:51:11-05:00,PUR_IED_LlanoOrientalS208_7b9fcd,PUR_IED_LlanoOrientalS208_7b9fcd,,,,,
2026-09-12T13:51:11-05:00,PUR_IED_LlanoOriental_Ext_fb3766,PUR_IED_LlanoOriental_Ext_fb3766,,,,,
2026-09-12T13:51:11-05:00,PUR_IED_LlanoOriental_S208_7b9fcd,PUR_IED_LlanoOriental_S208_7b9fcd,,,,,
2026-09-12T13:51:11-05:00,PUR_IED_LlanoOriental_S9_27b378,PUR_IED_LlanoOriental_S9_27b378,,,,,
2026-09-12T13:51:11-05:00,PUR_IED_LosTejares_1101_477602,PUR_IED_LosTejares_1101_477602,,,,,
2026-09-12T13:51:11-05:00,PUR_IED_LosTejares_11_d2c595,PUR_IED_LosTejares_11_d2c595,,,,,
2026-09-12T13:51:11-05:00,PUR_IED_LosTejares_12_477602,PUR_IED_LosTejares_12_477602,,,,,
2026-09-12T13:51:11-05:00,PUR_IED_LosTejares_Ext_8e2115,PUR_IED_LosTejares_Ext_8e2115,,,,,
2026-09-12T13:51:11-05:00,PUR_IED_MagdalenaO_B202_5ddda3,PUR_IED_MagdalenaO_B202_5ddda3,,,,,
2026-09-12T13:51:11-05:00,PUR_IED_MagdalenaO_B205_fb76e8,PUR_IED_MagdalenaO_B205_fb76e8,,,,,
2026-09-12T13:51:11-05:00,PUR_IED_MagdalenaO_ext_dc69cd,PUR_IED_MagdalenaO_ext_dc69cd,,,,,
2026-09-12T13:51:11-05:00,PUR_IED_ManueCepeda_artes_eee956,PUR_IED_ManueCepeda_artes_eee956,,,,,
2026-09-12T13:51:11-05:00,PUR_IED_ManuelCepeda_Ext_58313,PUR_IED_ManuelCepeda_Ext_58313,,,,,
2026-09-12T13:51:11-05:00,PUR_IED_ManuelCepeda_tec_1c5731,PUR_IED_ManuelCepeda_tec_1c5731,,,,,
2026-09-12T13:51:11-05:00,PUR_IED_ManuelS_Exterior_5b269,PUR_IED_ManuelS_Exterior_5b269,,,,,
2026-09-12T13:51:11-05:00,PUR_IED_ManuelS_Inform_f369ce,PUR_IED_ManuelS_Inform_f369ce,,,,,
2026-09-12T13:51:11-05:00,PUR_IED_ManuelS_SArtes_7d15f1,PUR_IED_ManuelS_SArtes_7d15f1,,,,,
2026-09-12T13:51:11-05:00,PUR_IED_ManuelZapata_303_3ca6,PUR_IED_ManuelZapata_303_3ca6,,,,,
2026-09-12T13:51:11-05:00,PUR_IED_ManuelZapata_311_bfbabc,PUR_IED_ManuelZapata_311_bfbabc,,,,,
2026-09-12T13:51:11-05:00,PUR_IED_ManuelZapata_Ext_50824a,PUR_IED_ManuelZapata_Ext_50824a,,,,,
2026-09-12T13:51:11-05:00,PUR_IED_ManuelitaS_Exteri_656a92,PUR_IED_ManuelitaS_Exteri_656a92,,,,,
2026-09-12T13:51:11-05:00,PUR_IED_ManuelitaS_JuzgDe_f58ec3,PUR_IED_ManuelitaS_JuzgDe_f58ec3,,,,,
2026-09-12T13:51:11-05:00,PUR_IED_ManuelitaS_Recrea_d793db,PUR_IED_ManuelitaS_Recrea_d793db,,,,,
2026-09-12T13:51:11-05:00,PUR_IED_MarFidSuarez_Ext_c27b19,PUR_IED_MarFidSuarez_Ext_c27b19,,,,,
2026-09-12T13:51:11-05:00,PUR_IED_MarFidSuarez_Info_e384d7,PUR_IED_MarFidSuarez_Info_e384d7,,,,,
2026-09-12T13:51:11-05:00,PUR_IED_MarFidSuarez_S306_1d0032,PUR_IED_MarFidSuarez_S306_1d0032,,,,,
2026-09-12T13:51:11-05:00,PUR_IED_Menorah_301_2a25a3,PUR_IED_Menorah_301_2a25a3,,,,,
2026-09-12T13:51:11-05:00,PUR_IED_Menorah_306_37ed3,PUR_IED_Menorah_306_37ed3,,,,,
2026-09-12T13:51:11-05:00,PUR_IED_Menorah_Ext_3e155b,PUR_IED_Menorah_Ext_3e155b,,,,,
2026-09-12T13:51:11-05:00,PUR_IED_MinutoB.Aires_A11_1b1604,PUR_IED_MinutoB.Aires_A11_1b1604,,,,,
2026-09-12T13:51:11-05:00,PUR_IED_MinutoB.Aires_A12_fb5860,PUR_IED_MinutoB.Aires_A12_fb5860,,,,,
2026-09-12T13:51:11-05:00,PUR_IED_MinutoB.Aires_Ext_81293f,PUR_IED_MinutoB.Aires_Ext_81293f,,,,,
2026-09-12T13:51:11-05:00,PUR_IED_MinutoBAires_A11_1b1604,PUR_IED_MinutoBAires_A11_1b1604,,,,,
2026-09-12T13:51:11-05:00,PUR_IED_MinutoBAires_A12_fb5860,PUR_IED_MinutoBAires_A12_fb5860,,,,,
2026-09-12T13:51:11-05:00,PUR_IED_MinutoBAires_Ext_81293f,PUR_IED_MinutoBAires_Ext_81293f,,,,,
2026-09-12T13:51:11-05:00,PUR_IED_Montreal_Aula10_1e4959,PUR_IED_Montreal_Aula10_1e4959,,,,,
2026-09-12T13:51:11-05:00,PUR_IED_Montreal_Aula6_300367,PUR_IED_Montreal_Aula6_300367,,,,,
2026-09-12T13:51:11-05:00,PUR_IED_Montreal_Exterior_91a179,PUR_IED_Montreal_Exterior_91a179,,,,,
2026-09-12T13:51:11-05:00,PUR_IED_Mqgdalena_B202_5ddda3,PUR_IED_Mqgdalena_B202_5ddda3,,,,,
2026-09-12T13:51:11-05:00,PUR_IED_NACUND_Soc_dc8728,PUR_IED_NACUND_Soc_dc8728,,,,,
2026-09-12T13:51:11-05:00,PUR_IED_NACUND_ext_27ad97,PUR_IED_NACUND_ext_27ad97,,,,,
2026-09-12T13:51:11-05:00,PUR_IED_NEsperanza_Ext_d24b61,PUR_IED_NEsperanza_Ext_d24b61,,,,,
2026-09-12T13:51:11-05:00,PUR_IED_NEsperanza_SElect_7d1807,PUR_IED_NEsperanza_SElect_7d1807,,,,,
2026-09-12T13:51:11-05:00,PUR_IED_NEsperanza_SLabor_8b2d0a,PUR_IED_NEsperanza_SLabor_8b2d0a,,,,,
2026-09-12T13:51:11-05:00,PUR_IED_NacionesU_Ext_f661a9,PUR_IED_NacionesU_Ext_f661a9,,,,,
2026-09-12T13:51:11-05:00,PUR_IED_NacionesU_Quimica_66f0a,PUR_IED_NacionesU_Quimica_66f0a,,,,,
2026-09-12T13:51:11-05:00,PUR_IED_NacionesU_S306_1b4b3d,PUR_IED_NacionesU_S306_1b4b3d,,,,,
2026-09-12T13:51:11-05:00,PUR_IED_NestorFA_Ext_e4201c,PUR_IED_NestorFA_Ext_e4201c,,,,,
2026-09-12T13:51:11-05:00,PUR_IED_NestorFA_Laborato_f22fe0,PUR_IED_NestorFA_Laborato_f22fe0,,,,,
2026-09-12T13:51:11-05:00,PUR_IED_NestorFA_S204_dee996,PUR_IED_NestorFA_S204_dee996,,,,,
2026-09-12T13:51:11-05:00,PUR_IED_NidyaQT_Aula03_76999b,PUR_IED_NidyaQT_Aula03_76999b,,,,,
2026-09-12T13:51:11-05:00,PUR_IED_NidyaQT_Aula10_56325,PUR_IED_NidyaQT_Aula10_56325,,,,,
2026-09-12T13:51:11-05:00,PUR_IED_NidyaQT_Ext_46e32d,PUR_IED_NidyaQT_Ext_46e32d,,,,,
2026-09-12T13:51:11-05:00,PUR_IED_NuevaCol_Exterior_d9b859,PUR_IED_NuevaCol_Exterior_d9b859,,,,,
2026-09-12T13:51:11-05:00,PUR_IED_NuevaCol_S1101_76c43b,PUR_IED_NuevaCol_S1101_76c43b,,,,,
2026-09-12T13:51:11-05:00,PUR_IED_NuevaCol_S1102_1ce0b5,PUR_IED_NuevaCol_S1102_1ce0b5,,,,,
2026-09-12T13:51:11-05:00,PUR_IED_OEA_A202_f7e3f2,PUR_IED_OEA_A202_f7e3f2,,,,,
2026-09-12T13:51:11-05:00,PUR_IED_OEA_A203_7d1b8d,PUR_IED_OEA_A203_7d1b8d,,,,,
2026-09-12T13:51:11-05:00,PUR_IED_OEA_Ext_27b593,PUR_IED_OEA_Ext_27b593,,,,,
2026-09-12T13:51:11-05:00,PUR_IED_Ochoa_Ext_1c29da,PUR_IED_Ochoa_Ext_1c29da,,,,,
2026-09-12T13:51:11-05:00,PUR_IED_Ochoa_S205_8b1121,PUR_IED_Ochoa_S205_8b1121,,,,,
2026-09-12T13:51:11-05:00,PUR_IED_Ochoa_Sistemas_f33af6,PUR_IED_Ochoa_Sistemas_f33af6,,,,,
2026-09-12T13:51:11-05:00,PUR_IED_PQuebec_Ext_1c67c7,PUR_IED_PQuebec_Ext_1c67c7,,,,,
2026-09-12T13:51:11-05:00,PUR_IED_PQuebec_S15_23e8e2,PUR_IED_PQuebec_S15_23e8e2,,,,,
2026-09-12T13:51:11-05:00,PUR_IED_PQuebec_S16_8ec76b,PUR_IED_PQuebec_S16_8ec76b,,,,,
2026-09-12T13:51:11-05:00,PUR_IED_PabloN_Ext_49dc96,PUR_IED_PabloN_Ext_49dc96,,,,,
2026-09-12T13:51:11-05:00,PUR_IED_PabloN_S1102_4e3df5,PUR_IED_PabloN_S1102_4e3df5,,,,,
2026-09-12T13:51:11-05:00,PUR_IED_PabloN_S1103_50c94b,PUR_IED_PabloN_S1103_50c94b,,,,,
2026-09-12T13:51:11-05:00,PUR_IED_Palestina_S1101_db9198,PUR_IED_Palestina_S1101_db9198,,,,,
2026-09-12T13:51:11-05:00,PUR_IED_Palestina_S1102_dc54fa,PUR_IED_Palestina_S1102_dc54fa,,,,,
2026-09-12T13:51:11-05:00,PUR_IED_Palestina_ext_4ccce6,PUR_IED_Palestina_ext_4ccce6,,,,,
2026-09-12T13:51:11-05:00,PUR_IED_Panama_Fisica_4d0794,PUR_IED_Panama_Fisica_4d0794,,,,,
2026-09-12T13:51:11-05:00,PUR_IED_Panama_SIngles_a4077e,PUR_IED_Panama_SIngles_a4077e,,,,,
2026-09-12T13:51:11-05:00,PUR_IED_Panama_ext_4c54b4,PUR_IED_Panama_ext_4c54b4,,,,,
2026-09-12T13:51:11-05:00,PUR_IED_ParaisoM_Exterior_8cd7f0,PUR_IED_ParaisoM_Exterior_8cd7f0,,,,,
2026-09-12T13:51:11-05:00,PUR_IED_ParaisoM_Laborato_27af35,PUR_IED_ParaisoM_Laborato_27af35,,,,,
2026-09-12T13:51:11-05:00,PUR_IED_ParaisoM_S304_d1edca,PUR_IED_ParaisoM_S304_d1edca,,,,,
2026-09-12T13:51:11-05:00,PUR_IED_PorfirioBarba_Ext_301466,PUR_IED_PorfirioBarba_Ext_301466,,,,,
2026-09-12T13:51:11-05:00,PUR_IED_PorfirioBarba_S11_df6cd2,PUR_IED_PorfirioBarba_S11_df6cd2,,,,,
2026-09-12T13:51:11-05:00,PUR_IED_PorfirioBarba_S29_27a7d6,PUR_IED_PorfirioBarba_S29_27a7d6,,,,,
2026-09-12T13:51:11-05:00,PUR_IED_PradoV_Exter_8b27ad,PUR_IED_PradoV_Exter_8b27ad,,,,,
2026-09-12T13:51:11-05:00,PUR_IED_PradoV_S301_de65b5,PUR_IED_PradoV_S301_de65b5,,,,,
2026-09-12T13:51:11-05:00,PUR_IED_PradoV_S302_7d2593,PUR_IED_PradoV_S302_7d2593,,,,,
2026-09-12T13:51:11-05:00,PUR_IED_QuirogaAlz_Ext_1ddc82,PUR_IED_QuirogaAlz_Ext_1ddc82,,,,,
2026-09-12T13:51:11-05:00,PUR_IED_QuirogaAlz_S302_9926a3,PUR_IED_QuirogaAlz_S302_9926a3,,,,,
2026-09-12T13:51:11-05:00,PUR_IED_QuirogaAlz_S305_cdf1f1,PUR_IED_QuirogaAlz_S305_cdf1f1,,,,,
2026-09-12T13:51:11-05:00,PUR_IED_RGuatemala_Biling_dc53b7,PUR_IED_RGuatemala_Biling_dc53b7,,,,,
2026-09-12T13:51:11-05:00,PUR_IED_RGuatemala_Ext_1b89a3,PUR_IED_RGuatemala_Ext_1b89a3,,,,,
2026-09-12T13:51:11-05:00,PUR_IED_RGuatemala_Tecnol_281a34,PUR_IED_RGuatemala_Tecnol_281a34,,,,,
2026-09-12T13:51:11-05:00,PUR_IED_RafaNu_Ext_f7c302,PUR_IED_RafaNu_Ext_f7c302,,,,,
2026-09-12T13:51:11-05:00,PUR_IED_RafaNu_S1101_25fde,PUR_IED_RafaNu_S1101_25fde,,,,,
2026-09-12T13:51:11-05:00,PUR_IED_RafaNu_S1102_281517,PUR_IED_RafaNu_S1102_281517,,,,,
2026-09-12T13:51:11-05:00,PUR_IED_RafaelB_S305_ee2783,PUR_IED_RafaelB_S305_ee2783,,,,,
2026-09-12T13:51:11-05:00,PUR_IED_RafaelB_S306_75fe33,PUR_IED_RafaelB_S306_75fe33,,,,,
2026-09-12T13:51:11-05:00,PUR_IED_RafaelB_ext_283336,PUR_IED_RafaelB_ext_283336,2,21,54,4.6722,-74.0737
2026-09-12T13:51:11-05:00,PUR_IED_RafaelUU_Exterior_281a51,PUR_IED_RafaelUU_Exterior_281a51,,,,,
2026-09-12T13:51:11-05:00,PUR_IED_RafaelUU_Human_806b2,PUR_IED_RafaelUU_Human_806b2,,,,,
2026-09-12T13:51:11-05:00,PUR_IED_RafaelUU_Mate2_5680d4,PUR_IED_RafaelUU_Mate2_5680d4,,,,,
2026-09-12T13:51:11-05:00,PUR_IED_RamonSub_Ext_f9eeb9,PUR_IED_RamonSub_Ext_f9eeb9,,,,,
2026-09-12T13:51:11-05:00,PUR_IED_RamonSub_Media_d1f62f,PUR_IED_RamonSub_Media_d1f62f,,,,,
2026-09-12T13:51:11-05:00,PUR_IED_RamonSub_planta_51b82,PUR_IED_RamonSub_planta_51b82,,,,,
2026-09-12T13:51:11-05:00,PUR_IED_RepBoliVene_Exter_27af7c,PUR_IED_RepBoliVene_Exter_27af7c,,,,,
2026-09-12T13:51:11-05:00,PUR_IED_RepBoliVene_SCPT_5ae2ee,PUR_IED_RepBoliVene_SCPT_5ae2ee,,,,,
2026-09-12T13:51:11-05:00,PUR_IED_RepBoliVene_Socia_4b11d5,PUR_IED_RepBoliVene_Socia_4b11d5,,,,,
2026-09-12T13:51:11-05:00,PUR_IED_RepChina_Ext_76d9ee,PUR_IED_RepChina_Ext_76d9ee,,,,,
2026-09-12T13:51:11-05:00,PUR_IED_RepChina_S404_7c804c,PUR_IED_RepChina_S404_7c804c,,,,,
2026-09-12T13:51:11-05:00,PUR_IED_RepChina_S405_df2c33,PUR_IED_RepChina_S405_df2c33,,,,,
2026-09-12T13:51:11-05:00,PUR_IED_RepublicaC_Exteri_7d1ec9,PUR_IED_RepublicaC_Exteri_7d1ec9,,,,,
2026-09-12T13:51:11-05:00,PUR_IED_RepublicaC_S1101_f544b3,PUR_IED_RepublicaC_S1101_f544b3,,,,,
2026-09-12T13:51:11-05:00,PUR_IED_RepublicaC_S1102_7aafc7,PUR_IED_RepublicaC_S1102_7aafc7,,,,,
2026-09-12T13:51:11-05:00,PUR_IED_Ricaurte_Externo_a0ea1,PUR_IED_Ricaurte_Externo_a0ea1,,,,,
2026-09-12T13:51:11-05:00,PUR_IED_Ricaurte_S210_f546fd,PUR_IED_Ricaurte_S210_f546fd,,,,,
2026-09-12T13:51:11-05:00,PUR_IED_Ricaurte_S309_d4452,PUR_IED_Ricaurte_S309_d4452,,,,,
2026-09-12T13:51:11-05:00,PUR_IED_RogelioS_1102_531e69,PUR_IED_RogelioS_1102_531e69,,,,,
2026-09-12T13:51:11-05:00,PUR_IED_RogelioS_Ext_f25a18,PUR_IED_RogelioS_Ext_f25a18,,,,,
2026-09-12T13:51:11-05:00,PUR_IED_SBernardino_Ext_27aff8,PUR_IED_SBernardino_Ext_27aff8,,,,,
2026-09-12T13:51:11-05:00,PUR_IED_SBernardino_SArte_2ffd33,PUR_IED_SBernardino_SArte_2ffd33,,,,,
2026-09-12T13:51:11-05:00,PUR_IED_SBernardino_SIngl_7c7da5,PUR_IED_SBernardino_SIngl_7c7da5,,,,,
2026-09-12T13:51:11-05:00,PUR_IED_Sago_auditorio_dc9d1d,PUR_IED_Sago_auditorio_dc9d1d,,,,,
2026-09-12T13:51:11-05:00,PUR_IED_Saludcoop_Ext_95aac3,PUR_IED_Saludcoop_Ext_95aac3,,,,,
2026-09-12T13:51:11-05:00,PUR_IED_Saludcoop_InfI_90c854,PUR_IED_Saludcoop_InfI_90c854,,,,,
2026-09-12T13:51:11-05:00,PUR_IED_Saludcoop_SMedia_1b93be,PUR_IED_Saludcoop_SMedia_1b93be,,,,,
2026-09-12T13:51:11-05:00,PUR_IED_SanCarlos_1101_1a2360,PUR_IED_SanCarlos_1101_1a2360,,,,,
2026-09-12T13:51:11-05:00,PUR_IED_SanCarlos_1103_7bafb5,PUR_IED_SanCarlos_1103_7bafb5,,,,,
2026-09-12T13:51:11-05:00,PUR_IED_SanCarlos_Ext_b7cd1,PUR_IED_SanCarlos_Ext_b7cd1,,,,,
2026-09-12T13:51:11-05:00,PUR_IED_SanIgnacioBosa11a_50c26e,PUR_IED_SanIgnacioBosa11a_50c26e,,,,,
2026-09-12T13:51:11-05:00,PUR_IED_SanIgnacioBosa11b_371de8,PUR_IED_SanIgnacioBosa11b_371de8,,,,,
2026-09-12T13:51:11-05:00,PUR_IED_SanIgnacioBosaExt_ef0ffc,PUR_IED_SanIgnacioBosaExt_ef0ffc,,,,,
2026-09-12T13:51:11-05:00,PUR_IED_SanIgnacioBosa_11a_50c26e,PUR_IED_SanIgnacioBosa_11a_50c26e,,,,,
2026-09-12T13:51:11-05:00,PUR_IED_SanIgnacioBosa_Ext_ef0ffc,PUR_IED_SanIgnacioBosa_Ext_ef0ffc,,,,,
2026-09-12T13:51:11-05:00,PUR_IED_SanJoseN_intS1101_31c47f,PUR_IED_SanJoseN_intS1101_31c47f,,,,,
2026-09-12T13:51:11-05:00,PUR_IED_SanJoseUsm_Exter_f5d7e8,PUR_IED_SanJoseUsm_Exter_f5d7e8,,,,,
2026-09-12T13:51:11-05:00,PUR_IED_SanJoseUsm_Int11A_cfdef6,PUR_IED_SanJoseUsm_Int11A_cfdef6,,,,,
2026-09-12T13:51:11-05:00,PUR_IED_SilveriaR_IntB5_905349,PUR_IED_SilveriaR_IntB5_905349,,,,,
2026-09-12T13:51:11-05:00,PUR_IED_SilveriaR_IntSD14_981f93,PUR_IED_SilveriaR_IntSD14_981f93,,,,,
2026-09-12T13:51:11-05:00,PUR_IED_SilveriaR_ext_2b651d,PUR_IED_SilveriaR_ext_2b651d,,,,,
2026-09-12T13:51:11-05:00,PUR_IED_SimonB_Exterior_913975,PUR_IED_SimonB_Exterior_913975,,,,,
2026-09-12T13:51:11-05:00,PUR_IED_SimonB_LabQuimi_c56908,PUR_IED_SimonB_LabQuimi_c56908,,,,,
2026-09-12T13:51:11-05:00,PUR_IED_SimonB_informatic_a28c1,PUR_IED_SimonB_informatic_a28c1,,,,,
2026-09-12T13:51:11-05:00,PUR_IED_Sorrento_1102_315f50,PUR_IED_Sorrento_1102_315f50,,,,,
2026-09-12T13:51:11-05:00,PUR_IED_Sorrento_Minte_214eab,PUR_IED_Sorrento_Minte_214eab,,,,,
2026-09-12T13:51:11-05:00,PUR_IED_Sorrento_ext_7c3a0a,PUR_IED_Sorrento_ext_7c3a0a,,,,,
2026-09-12T13:51:11-05:00,PUR_IED_Tabora_Ext_f048ae,PUR_IED_Tabora_Ext_f048ae,,,,,
2026-09-12T13:51:11-05:00,PUR_IED_Tabora_S1102_b07752,PUR_IED_Tabora_S1102_b07752,,,,,
2026-09-12T13:51:11-05:00,PUR_IED_Tabora_S1103_d988f5,PUR_IED_Tabora_S1103_d988f5,,,,,
2026-09-12T13:51:11-05:00,PUR_IED_Tenerife_Ext_1ab188,PUR_IED_Tenerife_Ext_1ab188,,,,,
2026-09-12T13:51:11-05:00,PUR_IED_Tenerife_SDanzas_7bc02e,PUR_IED_Tenerife_SDanzas_7bc02e,,,,,
2026-09-12T13:51:11-05:00,PUR_IED_Tenerife_SIngles_7cc277,PUR_IED_Tenerife_SIngles_7cc277,,,,,
2026-09-12T13:51:11-05:00,PUR_IED_Tibabuyes_Exter_f2683d,PUR_IED_Tibabuyes_Exter_f2683d,,,,,
2026-09-12T13:51:11-05:00,PUR_IED_Tibabuyes_S10_dc87a8,PUR_IED_Tibabuyes_S10_dc87a8,,,,,
2026-09-12T13:51:11-05:00,PUR_IED_Tibabuyes_S15_dc0526,PUR_IED_Tibabuyes_S15_dc0526,,,,,
2026-09-12T13:51:11-05:00,PUR_IED_UnionE_S301_a1043,PUR_IED_UnionE_S301_a1043,,,,,
2026-09-12T13:51:11-05:00,PUR_IED_UnionE_S307_ff6c2f,PUR_IED_UnionE_S307_ff6c2f,,,,,
2026-09-12T13:51:11-05:00,PUR_IED_UnionE__Ext_5e2468,PUR_IED_UnionE__Ext_5e2468,,,,,
2026-09-12T13:51:11-05:00,PUR_IED_VillaRica_Ext_75be7c,PUR_IED_VillaRica_Ext_75be7c,,,,,
2026-09-12T13:51:11-05:00,PUR_IED_VillaRica_S4_cc5dcd,PUR_IED_VillaRica_S4_cc5dcd,,,,,
2026-09-12T13:51:11-05:00,PUR_IED_VillaRica_Sesp_99f5c,PUR_IED_VillaRica_Sesp_99f5c,,,,,
2026-09-12T13:56:07-05:00,PUR_IED_20deJulio_1101_91b1b9,PUR_IED_20deJulio_1101_91b1b9,,,,,
2026-09-12T13:56:07-05:00,PUR_IED_20deJulio_1102_1cfcf9,PUR_IED_20deJulio_1102_1cfcf9,,,,,
2026-09-12T13:56:07-05:00,PUR_IED_20deJulio_Ext_ab60bd,PUR_IED_20deJulio_Ext_ab60bd,,,,,
2026-09-12T13:56:07-05:00,PUR_IED_AgustinFer_Ext_7b9b77,PUR_IED_AgustinFer_Ext_7b9b77,,,,,
2026-09-12T13:56:07-05:00,PUR_IED_AgustinFer_Info2_27b3a7,PUR_IED_AgustinFer_Info2_27b3a7,,,,,
2026-09-12T13:56:07-05:00,PUR_IED_AgustinFer_Sena_54b4eb,PUR_IED_AgustinFer_Sena_54b4eb,,,,,
2026-09-12T13:56:07-05:00,PUR_IED_AlexanderF_1102_caf07b,PUR_IED_AlexanderF_1102_caf07b,,,,,
2026-09-12T13:56:07-05:00,PUR_IED_AlexanderF_1103_c79e71,PUR_IED_AlexanderF_1103_c79e71,,,,,
2026-09-12T13:56:07-05:00,PUR_IED_AlexanderF_Ext_c5b18b,PUR_IED_AlexanderF_Ext_c5b18b,,,,,
2026-09-12T13:56:07-05:00,PUR_IED_AlfonsoLopez_Ext_281d77,PUR_IED_AlfonsoLopez_Ext_281d77,,,,,
2026-09-12T13:56:07-05:00,PUR_IED_AlfonsoLopez_LabF_888ce0,PUR_IED_AlfonsoLopez_LabF_888ce0,,,,,
2026-09-12T13:56:07-05:00,PUR_IED_AlfonsoLopez_SMed_df6a7f,PUR_IED_AlfonsoLopez_SMed_df6a7f,,,,,
2026-09-12T13:56:07-05:00,PUR_IED_AltamiraSO_A2_209f92,PUR_IED_AltamiraSO_A2_209f92,,,,,
2026-09-12T13:56:07-05:00,PUR_IED_AltamiraSO_Ext_186d66,PUR_IED_AltamiraSO_Ext_186d66,,,,,
2026-09-12T13:56:07-05:00,PUR_IED_AltamiraSO_Sistem_27afe1,PUR_IED_AltamiraSO_Sistem_27afe1,,,,,
2026-09-12T13:56:07-05:00,PUR_IED_AlvaroGom_LabQuim_813179,PUR_IED_AlvaroGom_LabQuim_813179,,,,,
2026-09-12T13:56:07-05:00,PUR_IED_AlvaroGomez_Ext_47c7ca,PUR_IED_AlvaroGomez_Ext_47c7ca,,,,,
2026-09-12T13:56:07-05:00,PUR_IED_AlvaroGomez_LabQuim_813179,PUR_IED_AlvaroGomez_LabQuim_813179,,,,,
2026-09-12T13:56:07-05:00,PUR_IED_AlvaroGomez_S23_7ba89f,PUR_IED_AlvaroGomez_S23_7ba89f,,,,,
2026-09-12T13:56:07-05:00,PUR_IED_Amistad_306_dc8728,PUR_IED_Amistad_306_dc8728,,,,,
2026-09-12T13:56:07-05:00,PUR_IED_Amistad_Ext_8cd55e,PUR_IED_Amistad_Ext_8cd55e,,,,,
2026-09-12T13:56:07-05:00,PUR_IED_Amistad_S202_a41169,PUR_IED_Amistad_S202_a41169,,,,,
2026-09-12T13:56:07-05:00,PUR_IED_AndresBello_Bio_fd5f5e,PUR_IED_AndresBello_Bio_fd5f5e,,,,,
2026-09-12T13:56:07-05:00,PUR_IED_AndresBello_ext_dcad65,PUR_IED_AndresBello_ext_dcad65,,,,,
2026-09-12T13:56:07-05:00,PUR_IED_AndresBello_port_eed3ec,PUR_IED_AndresBello_port_eed3ec,,,,,
2026-09-12T13:56:07-05:00,PUR_IED_AngelaR_11b_d90a6b,PUR_IED_AngelaR_11b_d90a6b,,,,,
2026-09-12T13:56:07-05:00,PUR_IED_AngelaR_ext_7cad3e,PUR_IED_AngelaR_ext_7cad3e,2,21,54,4.5825,-74.164497
2026-09-12T13:56:07-05:00,PUR_IED_AntJoseSucre_10mo_df2575,PUR_IED_AntJoseSucre_10mo_df2575,,,,,
2026-09-12T13:56:07-05:00,PUR_IED_AntJoseSucre_Ext_215b36,PUR_IED_AntJoseSucre_Ext_215b36,,,,,
2026-09-12T13:56:07-05:00,PUR_IED_AntJoseSucre_Lab_3139de,PUR_IED_AntJoseSucre_Lab_3139de,,,,,
2026-09-12T13:56:07-05:00,PUR_IED_AntonioGarcia_301_d6b188,PUR_IED_AntonioGarcia_301_d6b188,,,,,
2026-09-12T13:56:07-05:00,PUR_IED_AntonioGarcia_302_88a82,PUR_IED_AntonioGarcia_302_88a82,,,,,
2026-09-12T13:56:07-05:00,PUR_IED_AntonioGarcia_Ext_20950c,PUR_IED_AntonioGarcia_Ext_20950c,,,,,
2026-09-12T13:56:07-05:00,PUR_IED_AntonioVan_Aula2_6dea02,PUR_IED_AntonioVan_Aula2_6dea02,,,,,
2026-09-12T13:56:07-05:00,PUR_IED_AntonioVan_Aula5_f1557e,PUR_IED_AntonioVan_Aula5_f1557e,,,,,
2026-09-12T13:56:07-05:00,PUR_IED_AntonioVan_Ext_406f2f,PUR_IED_AntonioVan_Ext_406f2f,,,,,
2026-09-12T13:56:07-05:00,PUR_IED_Atabanzha_Ext_cc5af9,PUR_IED_Atabanzha_Ext_cc5af9,,,,,
2026-09-12T13:56:07-05:00,PUR_IED_Atabanzha_SA101_56c37,PUR_IED_Atabanzha_SA101_56c37,,,,,
2026-09-12T13:56:07-05:00,PUR_IED_Atabanzha_SB302_27b374,PUR_IED_Atabanzha_SB302_27b374,,,,,
2026-09-12T13:56:07-05:00,PUR_IED_Atahualpa_Ext_fc1748,PUR_IED_Atahualpa_Ext_fc1748,,,,,
2026-09-12T13:56:07-05:00,PUR_IED_Atahualpa_Informa_dc9a95,PUR_IED_Atahualpa_Informa_dc9a95,,,,,
2026-09-12T13:56:07-05:00,PUR_IED_Atahualpa_S1101_f98056,PUR_IED_Atahualpa_S1101_f98056,,,,,
2026-09-12T13:56:07-05:00,PUR_IED_Bellavista_Ext_f5aa74,PUR_IED_Bellavista_Ext_f5aa74,,,,,
2026-09-12T13:56:07-05:00,PUR_IED_Bilbao_11A_916c41,PUR_IED_Bilbao_11A_916c41,,,,,
2026-09-12T13:56:07-05:00,PUR_IED_Bilbao_Ext_fb579a,PUR_IED_Bilbao_Ext_fb579a,,,,,
2026-09-12T13:56:07-05:00,PUR_IED_BrasiliaU_A125_304280,PUR_IED_BrasiliaU_A125_304280,,,,,
2026-09-12T13:56:07-05:00,PUR_IED_BrasiliaU_A203_7c8ca5,PUR_IED_BrasiliaU_A203_7c8ca5,,,,,
2026-09-12T13:56:07-05:00,PUR_IED_BrasiliaU_Ext_8d6e9f,PUR_IED_BrasiliaU_Ext_8d6e9f,6,21,52,4.5175,-74.116302
2026-09-12T13:56:07-05:00,PUR_IED_Brasilia_Ext_fe6593,PUR_IED_Brasilia_Ext_fe6593,,,,,
2026-09-12T13:56:07-05:00,PUR_IED_Brasilia_S24_7c130d,PUR_IED_Brasilia_S24_7c130d,,,,,
2026-09-12T13:56:07-05:00,PUR_IED_Brasilia_S501_186a54,PUR_IED_Brasilia_S501_186a54,,,,,
2026-09-12T13:56:07-05:00,PUR_IED_CHARRY_EXT_f1d5cd,PUR_IED_CHARRY_EXT_f1d5cd,,,,,
2026-09-12T13:56:07-05:00,PUR_IED_CHARRY_INTDANZAS_7a08e6,PUR_IED_CHARRY_INTDANZAS_7a08e6,,,,,
2026-09-12T13:56:07-05:00,PUR_IED_CHARRY_INT_AULA20_dc998d,PUR_IED_CHARRY_INT_AULA20_dc998d,,,,,
2026-09-12T13:56:07-05:00,PUR_IED_COLVIV_1101_S25_7f520a,PUR_IED_COLVIV_1101_S25_7f520a,,,,,
2026-09-12T13:56:07-05:00,PUR_IED_COLVIV_1102_S16_f570ba,PUR_IED_COLVIV_1102_S16_f570ba,,,,,
2026-09-12T13:56:07-05:00,PUR_IED_COLVIV_Ext_1a26fa,PUR_IED_COLVIV_Ext_1a26fa,,,,,
2026-09-12T13:56:07-05:00,PUR_IED_CULPOP_301A_f660f3,PUR_IED_CULPOP_301A_f660f3,,,,,
2026-09-12T13:56:07-05:00,PUR_IED_CULPOP_303_568afe,PUR_IED_CULPOP_303_568afe,,,,,
2026-09-12T13:56:07-05:00,PUR_IED_CULPOP_Ext_e02ccb,PUR_IED_CULPOP_Ext_e02ccb,,,,,
2026-09-12T13:56:07-05:00,PUR_IED_CVillavicen_Ext_26eb58,PUR_IED_CVillavicen_Ext_26eb58,2,19,68,4.487,-74.102798
2026-09-12T13:56:07-05:00,PUR_IED_CVillavicen_Intel_1ce5c2,PUR_IED_CVillavicen_Intel_1ce5c2,,,,,
2026-09-12T13:56:07-05:00,PUR_IED_CVillavicen_Poliv_e0766c,PUR_IED_CVillavicen_Poliv_e0766c,,,,,
2026-09-12T13:56:07-05:00,PUR_IED_CVillavicen_int_1ba140,PUR_IED_CVillavicen_int_1ba140,,,,,
2026-09-12T13:56:07-05:00,PUR_IED_CVillavicen_intel_1ba140,PUR_IED_CVillavicen_intel_1ba140,,,,,
2026-09-12T13:56:07-05:00,PUR_IED_CarlosPizarro_Ext_e307cc,PUR_IED_CarlosPizarro_Ext_e307cc,,,,,
2026-09-12T13:56:07-05:00,PUR_IED_CarlosPizarro_L36_7e5cdb,PUR_IED_CarlosPizarro_L36_7e5cdb,,,,,
2026-09-12T13:56:07-05:00,PUR_IED_CarlosPizarro_L37_c8566c,PUR_IED_CarlosPizarro_L37_c8566c,,,,,
2026-09-12T13:56:07-05:00,PUR_IED_Castilla_Ext_cf35f,PUR_IED_Castilla_Ext_cf35f,,,,,
2026-09-12T13:56:07-05:00,PUR_IED_Castilla_SFisik_360e38,PUR_IED_Castilla_SFisik_360e38,,,,,
2026-09-12T13:56:07-05:00,PUR_IED_Castilla_Sc304_496fbf,PUR_IED_Castilla_Sc304_496fbf,,,,,
2026-09-12T13:56:07-05:00,PUR_IED_CervantesSa_Ext_6b57b,PUR_IED_CervantesSa_Ext_6b57b,2,21,58,4.5128,-74.117203
2026-09-12T13:56:07-05:00,PUR_IED_CervantesSa_S107_225c2b,PUR_IED_CervantesSa_S107_225c2b,,,,,
2026-09-12T13:56:07-05:00,PUR_IED_CervantesSa_S108_940925,PUR_IED_CervantesSa_S108_940925,,,,,
2026-09-12T13:56:07-05:00,PUR_IED_Charry_A20_f53e7c,PUR_IED_Charry_A20_f53e7c,,,,,
2026-09-12T13:56:07-05:00,PUR_IED_Charry_Ext_f1d5cd,PUR_IED_Charry_Ext_f1d5cd,,,,,
2026-09-12T13:56:07-05:00,PUR_IED_Charry_IntAula20_dc998d,PUR_IED_Charry_IntAula20_dc998d,,,,,
2026-09-12T13:56:07-05:00,PUR_IED_Charry_IntDanzas_7a08e6,PUR_IED_Charry_IntDanzas_7a08e6,,,,,
2026-09-12T13:56:07-05:00,PUR_IED_ClememciaC_203_43e2fc,PUR_IED_ClememciaC_203_43e2fc,,,,,
2026-09-12T13:56:07-05:00,PUR_IED_ClememciaC_Ext_1b411a,PUR_IED_ClememciaC_Ext_1b411a,,,,,
2026-09-12T13:56:07-05:00,PUR_IED_ClememciaC_Quimic_44b5fc,PUR_IED_ClememciaC_Quimic_44b5fc,,,,,
2026-09-12T13:56:07-05:00,PUR_IED_ClemenciaC_203_43e2fc,PUR_IED_ClemenciaC_203_43e2fc,,,,,
2026-09-12T13:56:07-05:00,PUR_IED_ClemenciaC_Ext_1b411a,PUR_IED_ClemenciaC_Ext_1b411a,,,,,
2026-09-12T13:56:07-05:00,PUR_IED_ClemenciaC_Quimic_44b5fc,PUR_IED_ClemenciaC_Quimic_44b5fc,,,,,
2026-09-12T13:56:07-05:00,PUR_IED_ColViva_1101_S25_7f520a,PUR_IED_ColViva_1101_S25_7f520a,,,,,
2026-09-12T13:56:07-05:00,PUR_IED_ColViva_1102_S16_f570ba,PUR_IED_ColViva_1102_S16_f570ba,,,,,
2026-09-12T13:56:07-05:00,PUR_IED_ColViva_Ext_1a26fa,PUR_IED_ColViva_Ext_1a26fa,,,,,
2026-09-12T13:56:07-05:00,PUR_IED_ColegioBici_Asist_7c8798,PUR_IED_ColegioBici_Asist_7c8798,,,,,
2026-09-12T13:56:07-05:00,PUR_IED_ColegioBici_Ext_25cbf6,PUR_IED_ColegioBici_Ext_25cbf6,,,,,
2026-09-12T13:56:07-05:00,PUR_IED_ColegioBici_LabQ_7b57db,PUR_IED_ColegioBici_LabQ_7b57db,,,,,
2026-09-12T13:56:07-05:00,PUR_IED_CostaRica_Ext_5e640,PUR_IED_CostaRica_Ext_5e640,,,,,
2026-09-12T13:56:07-05:00,PUR_IED_CostaRica_Quim1_766d1c,PUR_IED_CostaRica_Quim1_766d1c,,,,,
2026-09-12T13:56:07-05:00,PUR_IED_CostaRica__Fisica_6f0873,PUR_IED_CostaRica__Fisica_6f0873,,,,,
2026-09-12T13:56:07-05:00,PUR_IED_CulPopu_301A_f660f3,PUR_IED_CulPopu_301A_f660f3,,,,,
2026-09-12T13:56:07-05:00,PUR_IED_CulPopu_303_568afe,PUR_IED_CulPopu_303_568afe,,,,,
2026-09-12T13:56:07-05:00,PUR_IED_CulPopu_Ext_e02ccb,PUR_IED_CulPopu_Ext_e02ccb,,,,,
2026-09-12T13:56:07-05:00,PUR_IED_Cundinamarca_Ext_f15985,PUR_IED_Cundinamarca_Ext_f15985,,,,,
2026-09-12T13:56:07-05:00,PUR_IED_Cundinamarca_Info_7aa5d7,PUR_IED_Cundinamarca_Info_7aa5d7,,,,,
2026-09-12T13:56:07-05:00,PUR_IED_Cundinamarca_Tec2_f449c7,PUR_IED_Cundinamarca_Tec2_f449c7,,,,,
2026-09-12T13:56:07-05:00,PUR_IED_DiegoM_Aula1_27b314,PUR_IED_DiegoM_Aula1_27b314,,,,,
2026-09-12T13:56:07-05:00,PUR_IED_DiegoM_Ext_d80ac8,PUR_IED_DiegoM_Ext_d80ac8,,,,,
2026-09-12T13:56:07-05:00,PUR_IED_DiegoM_S25_da928f,PUR_IED_DiegoM_S25_da928f,,,,,
2026-09-12T13:56:07-05:00,PUR_IED_ELRODEO_360881,PUR_IED_ELRODEO_360881,,,,,
2026-09-12T13:56:07-05:00,PUR_IED_ELRODEO_ext_360881,PUR_IED_ELRODEO_ext_360881,,,,,
2026-09-12T13:56:07-05:00,PUR_IED_EduardoU_Ext_1c1969,PUR_IED_EduardoU_Ext_1c1969,,,,,
2026-09-12T13:56:07-05:00,PUR_IED_EduardoU_SCiencia_4dfb94,PUR_IED_EduardoU_SCiencia_4dfb94,,,,,
2026-09-12T13:56:07-05:00,PUR_IED_EduardoU_SQuimica_5a46e7,PUR_IED_EduardoU_SQuimica_5a46e7,,,,,
2026-09-12T13:56:07-05:00,PUR_IED_ElRodeo_Aula14_676984,PUR_IED_ElRodeo_Aula14_676984,,,,,
2026-09-12T13:56:07-05:00,PUR_IED_ElRodeo_Aula16_2dd35b,PUR_IED_ElRodeo_Aula16_2dd35b,,,,,
2026-09-12T13:56:07-05:00,PUR_IED_ElRodeo_Ext_360881,PUR_IED_ElRodeo_Ext_360881,,,,,
2026-09-12T13:56:07-05:00,PUR_IED_ElRodeo_Exterior_8c6d28,PUR_IED_ElRodeo_Exterior_8c6d28,,,,,
2026-09-12T13:56:07-05:00,PUR_IED_ElRodeo_ext_360881,PUR_IED_ElRodeo_ext_360881,,,,,
2026-09-12T13:56:07-05:00,PUR_IED_EmmaReyes_Ext_987625,PUR_IED_EmmaReyes_Ext_987625,3,22,47,4.6367,-74.1511
2026-09-12T13:56:07-05:00,PUR_IED_Ensueño_Ext_7f0250,PUR_IED_Ensueño_Ext_7f0250,,,,,
2026-09-12T13:56:07-05:00,PUR_IED_EscNormal_Ext_5fef3b,PUR_IED_EscNormal_Ext_5fef3b,2,23,49,4.5852,-74.096901
2026-09-12T13:56:07-05:00,PUR_IED_EscNormal_S309_5b263,PUR_IED_EscNormal_S309_5b263,,,,,
2026-09-12T13:56:07-05:00,PUR_IED_EscNormal_S310_27b3b8,PUR_IED_EscNormal_S310_27b3b8,,,,,
2026-09-12T13:56:07-05:00,PUR_IED_Evangelista_Conta_f6cd4f,PUR_IED_Evangelista_Conta_f6cd4f,,,,,
2026-09-12T13:56:07-05:00,PUR_IED_Evangelista_Cri_5e16a,PUR_IED_Evangelista_Cri_5e16a,,,,,
2026-09-12T13:56:07-05:00,PUR_IED_Evangelista_Exter_754066,PUR_IED_Evangelista_Exter_754066,,,,,
2026-09-12T13:56:07-05:00,PUR_IED_FMiranda_S209_5cc2a3,PUR_IED_FMiranda_S209_5cc2a3,,,,,
2026-09-12T13:56:07-05:00,PUR_IED_FMiranda_S303_19e344,PUR_IED_FMiranda_S303_19e344,,,,,
2026-09-12T13:56:07-05:00,PUR_IED_FMiranda_ext_f53e7c,PUR_IED_FMiranda_ext_f53e7c,,,,,
2026-09-12T13:56:07-05:00,PUR_IED_FabioLozano_Bibli_1cee05,PUR_IED_FabioLozano_Bibli_1cee05,,,,,
2026-09-12T13:56:07-05:00,PUR_IED_FabioLozano_Ext_6ea285,PUR_IED_FabioLozano_Ext_6ea285,,,,,
2026-09-12T13:56:07-05:00,PUR_IED_FabioLozano_SLudi_f09e1e,PUR_IED_FabioLozano_SLudi_f09e1e,,,,,
2026-09-12T13:56:07-05:00,PUR_IED_FaustinoS_Aula07_27a731,PUR_IED_FaustinoS_Aula07_27a731,,,,,
2026-09-12T13:56:07-05:00,PUR_IED_FaustinoS_Ext_7b936f,PUR_IED_FaustinoS_Ext_7b936f,,,,,
2026-09-12T13:56:07-05:00,PUR_IED_FaustinoS_Fisica_da2c60,PUR_IED_FaustinoS_Fisica_da2c60,,,,,
2026-09-12T13:56:07-05:00,PUR_IED_FeGarciaLo_Ext_dc68ee,PUR_IED_FeGarciaLo_Ext_dc68ee,,,,,
2026-09-12T13:56:07-05:00,PUR_IED_FeGarciaLo_SDanza_f70a59,PUR_IED_FeGarciaLo_SDanza_f70a59,,,,,
2026-09-12T13:56:07-05:00,PUR_IED_FeGarciaLo_SMusic_125cdd,PUR_IED_FeGarciaLo_SMusic_125cdd,,,,,
2026-09-12T13:56:07-05:00,PUR_IED_FederalAlema_Exte_50c345,PUR_IED_FederalAlema_Exte_50c345,,,,,
2026-09-12T13:56:07-05:00,PUR_IED_FederalAlema_S31_f18371,PUR_IED_FederalAlema_S31_f18371,,,,,
2026-09-12T13:56:07-05:00,PUR_IED_FederalAlema_S901_a62cd,PUR_IED_FederalAlema_S901_a62cd,,,,,
2026-09-12T13:56:07-05:00,PUR_IED_FilarmonicaS_A5_f35eb1,PUR_IED_FilarmonicaS_A5_f35eb1,,,,,
2026-09-12T13:56:07-05:00,PUR_IED_FilarmonicaS_Ext_8a3bde,PUR_IED_FilarmonicaS_Ext_8a3bde,,,,,
2026-09-12T13:56:07-05:00,PUR_IED_FilarmonicaS_Spol_406114,PUR_IED_FilarmonicaS_Spol_406114,,,,,
2026-09-12T13:56:07-05:00,PUR_IED_FlorentinoG_A13_d1fa59,PUR_IED_FlorentinoG_A13_d1fa59,,,,,
2026-09-12T13:56:07-05:00,PUR_IED_FlorentinoG_Ext_1ce6ce,PUR_IED_FlorentinoG_Ext_1ce6ce,,,,,
2026-09-12T13:56:07-05:00,PUR_IED_FlorentinoG_Idiom_a66aac,PUR_IED_FlorentinoG_Idiom_a66aac,,,,,
2026-09-12T13:56:07-05:00,PUR_IED_FranciscoMati_Ext_e3869d,PUR_IED_FranciscoMati_Ext_e3869d,,,,,
2026-09-12T13:56:07-05:00,PUR_IED_FranciscoMati_S13_f31c67,PUR_IED_FranciscoMati_S13_f31c67,,,,,
2026-09-12T13:56:07-05:00,PUR_IED_FranciscoMati_S14_97dead,PUR_IED_FranciscoMati_S14_97dead,,,,,
2026-09-12T13:56:07-05:00,PUR_IED_FranciscoPS_Ext_7bfa9a,PUR_IED_FranciscoPS_Ext_7bfa9a,2,24,49,4.5899,-74.110397
2026-09-12T13:56:07-05:00,PUR_IED_FranciscoPS_Infor_fb8f4c,PUR_IED_FranciscoPS_Infor_fb8f4c,,,,,
2026-09-12T13:56:07-05:00,PUR_IED_FranciscoPS_Quimi_94d39c,PUR_IED_FranciscoPS_Quimi_94d39c,,,,,
2026-09-12T13:56:07-05:00,PUR_IED_FranciscoP_LabQ_d7e148,PUR_IED_FranciscoP_LabQ_d7e148,,,,,
2026-09-12T13:56:07-05:00,PUR_IED_FranciscoP_S28_cf9b30,PUR_IED_FranciscoP_S28_cf9b30,,,,,
2026-09-12T13:56:07-05:00,PUR_IED_FranciscoP_ext_e2313,PUR_IED_FranciscoP_ext_e2313,,,,,
2026-09-12T13:56:07-05:00,PUR_IED_FriederichN_Ext_8ac92a,PUR_IED_FriederichN_Ext_8ac92a,,,,,
2026-09-12T13:56:07-05:00,PUR_IED_FriederichN_S301_dd7e5a,PUR_IED_FriederichN_S301_dd7e5a,,,,,
2026-09-12T13:56:07-05:00,PUR_IED_FriederichN_S308_761f4f,PUR_IED_FriederichN_S308_761f4f,,,,,
2026-09-12T13:56:07-05:00,PUR_IED_GSantander_Aula10_533dd7,PUR_IED_GSantander_Aula10_533dd7,,,,,
2026-09-12T13:56:07-05:00,PUR_IED_GSantander_Aula12_fd4e4f,PUR_IED_GSantander_Aula12_fd4e4f,,,,,
2026-09-12T13:56:07-05:00,PUR_IED_GSantander_Aula310_533dd7,PUR_IED_GSantander_Aula310_533dd7,,,,,
2026-09-12T13:56:07-05:00,PUR_IED_GSantander_Aula312_fd4e4f,PUR_IED_GSantander_Aula312_fd4e4f,,,,,
2026-09-12T13:56:07-05:00,PUR_IED_GSantander_Ext_5f66b0,PUR_IED_GSantander_Ext_5f66b0,,,,,
2026-09-12T13:56:07-05:00,PUR_IED_GYomasa_Ext_f6bea5,PUR_IED_GYomasa_Ext_f6bea5,,,,,
2026-09-12T13:56:07-05:00,PUR_IED_GYomasa_LBiol_2c41aa,PUR_IED_GYomasa_LBiol_2c41aa,,,,,
2026-09-12T13:56:07-05:00,PUR_IED_GYomasa_LQuim_33c80,PUR_IED_GYomasa_LQuim_33c80,,,,,
2026-09-12T13:56:07-05:00,PUR_IED_GabBetMejia_Cienc_5a99c,PUR_IED_GabBetMejia_Cienc_5a99c,,,,,
2026-09-12T13:56:07-05:00,PUR_IED_GabBetMejia_Ext_9153d0,PUR_IED_GabBetMejia_Ext_9153d0,,,,,
2026-09-12T13:56:07-05:00,PUR_IED_GabBetMejia_Lab_f55347,PUR_IED_GabBetMejia_Lab_f55347,,,,,
2026-09-12T13:56:07-05:00,PUR_IED_GabBetanMejia_Ext_9153d0,PUR_IED_GabBetanMejia_Ext_9153d0,,,,,
2026-09-12T13:56:07-05:00,PUR_IED_Gaitana_Aula13_7aac11,PUR_IED_Gaitana_Aula13_7aac11,,,,,
2026-09-12T13:56:07-05:00,PUR_IED_Gaitana_Ext_5fcf4,PUR_IED_Gaitana_Ext_5fcf4,,,,,
2026-09-12T13:56:07-05:00,PUR_IED_Gaitana_LabFisica_644448,PUR_IED_Gaitana_LabFisica_644448,,,,,
2026-09-12T13:56:07-05:00,PUR_IED_GenSantander_Dise_8ac858,PUR_IED_GenSantander_Dise_8ac858,,,,,
2026-09-12T13:56:07-05:00,PUR_IED_GenSantander_Ext_8d5dfe,PUR_IED_GenSantander_Ext_8d5dfe,,,,,
2026-09-12T13:56:07-05:00,PUR_IED_GenSantander_Info_6c25b,PUR_IED_GenSantander_Info_6c25b,,,,,
2026-09-12T13:56:07-05:00,PUR_IED_GustavoMo_Exterio_75e63d,PUR_IED_GustavoMo_Exterio_75e63d,,,,,
2026-09-12T13:56:07-05:00,PUR_IED_GustavoMo_LabFisi_224d37,PUR_IED_GustavoMo_LabFisi_224d37,,,,,
2026-09-12T13:56:07-05:00,PUR_IED_GustavoMo_S208_3e6918,PUR_IED_GustavoMo_S208_3e6918,,,,,
2026-09-12T13:56:07-05:00,PUR_IED_GustavoR_A02_8cd4a8,PUR_IED_GustavoR_A02_8cd4a8,,,,,
2026-09-12T13:56:07-05:00,PUR_IED_GustavoR_B11_5b0ed,PUR_IED_GustavoR_B11_5b0ed,,,,,
2026-09-12T13:56:07-05:00,PUR_IED_GustavoR_Ext_7a0c90,PUR_IED_GustavoR_Ext_7a0c90,,,,,
2026-09-12T13:56:07-05:00,PUR_IED_HernandoDuran_Ext_8cd82b,PUR_IED_HernandoDuran_Ext_8cd82b,,,,,
2026-09-12T13:56:07-05:00,PUR_IED_HernandoDuran_S24_2772c6,PUR_IED_HernandoDuran_S24_2772c6,,,,,
2026-09-12T13:56:07-05:00,PUR_IED_HernandoDuran_S30_f2de41,PUR_IED_HernandoDuran_S30_f2de41,,,,,
2026-09-12T13:56:07-05:00,PUR_IED_HolguInUr_S1101_8cd732,PUR_IED_HolguInUr_S1101_8cd732,,,,,
2026-09-12T13:56:07-05:00,PUR_IED_HolguinUr_Exter_ddae6d,PUR_IED_HolguinUr_Exter_ddae6d,,,,,
2026-09-12T13:56:07-05:00,PUR_IED_HolguinUr_LabQuim_92b952,PUR_IED_HolguinUr_LabQuim_92b952,,,,,
2026-09-12T13:56:07-05:00,PUR_IED_Isabel-II_Ext_5245cc,PUR_IED_Isabel-II_Ext_5245cc,2,21,50,4.6336,-74.153
2026-09-12T13:56:07-05:00,PUR_IED_Isabel-II_S_idiom_1c29aa,PUR_IED_Isabel-II_S_idiom_1c29aa,,,,,
2026-09-12T13:56:07-05:00,PUR_IED_Isabel-II_S_infor_fd741,PUR_IED_Isabel-II_S_infor_fd741,,,,,
2026-09-12T13:56:07-05:00,PUR_IED_IsidroSur_Exterio_5b90ea,PUR_IED_IsidroSur_Exterio_5b90ea,,,,,
2026-09-12T13:56:07-05:00,PUR_IED_IsidroSur_LabTec_56697a,PUR_IED_IsidroSur_LabTec_56697a,,,,,
2026-09-12T13:56:07-05:00,PUR_IED_IsidroSur_Robotic_b7c38f,PUR_IED_IsidroSur_Robotic_b7c38f,,,,,
2026-09-12T13:56:07-05:00,PUR_IED_IsmaelPerd_Ext_7b6672,PUR_IED_IsmaelPerd_Ext_7b6672,,,,,
2026-09-12T13:56:07-05:00,PUR_IED_IsmaelPerd_Inform_306540,PUR_IED_IsmaelPerd_Inform_306540,,,,,
2026-09-12T13:56:07-05:00,PUR_IED_IsmaelPerd_S30_2e2c83,PUR_IED_IsmaelPerd_S30_2e2c83,,,,,
2026-09-12T13:56:07-05:00,PUR_IED_JLozano_Exter_432910,PUR_IED_JLozano_Exter_432910,,,,,
2026-09-12T13:56:07-05:00,PUR_IED_JLozano_salaMulti_df5125,PUR_IED_JLozano_salaMulti_df5125,,,,,
2026-09-12T13:56:07-05:00,PUR_IED_JMCordoba_206_86f80b,PUR_IED_JMCordoba_206_86f80b,,,,,
2026-09-12T13:56:07-05:00,PUR_IED_JMCordoba_Ext_27ad97,PUR_IED_JMCordoba_Ext_27ad97,,,,,
2026-09-12T13:56:07-05:00,PUR_IED_JMCordoba_S310_d59ab4,PUR_IED_JMCordoba_S310_d59ab4,,,,,
2026-09-12T13:56:07-05:00,PUR_IED_Japon_Ext_549100,PUR_IED_Japon_Ext_549100,,,,,
2026-09-12T13:56:07-05:00,PUR_IED_Japon_Laboratorio_bec51d,PUR_IED_Japon_Laboratorio_bec51d,,,,,
2026-09-12T13:56:07-05:00,PUR_IED_Japon_informatica_d99327,PUR_IED_Japon_informatica_d99327,,,,,
2026-09-12T13:56:07-05:00,PUR_IED_Jazmin_Ext_d27bda,PUR_IED_Jazmin_Ext_d27bda,,,,,
2026-09-12T13:56:07-05:00,PUR_IED_Jazmin_Fisica_8d14d7,PUR_IED_Jazmin_Fisica_8d14d7,,,,,
2026-09-12T13:56:07-05:00,PUR_IED_Jazmin_Quimica_801cb5,PUR_IED_Jazmin_Quimica_801cb5,,,,,
2026-09-12T13:56:07-05:00,PUR_IED_JorgeGaitan_Exter_f098d1,PUR_IED_JorgeGaitan_Exter_f098d1,,,,,
2026-09-12T13:56:07-05:00,PUR_IED_JorgeGaitan_STec1_dc9d1d,PUR_IED_JorgeGaitan_STec1_dc9d1d,,,,,
2026-09-12T13:56:07-05:00,PUR_IED_JorgeGaitan_STec2_281e69,PUR_IED_JorgeGaitan_STec2_281e69,,,,,
2026-09-12T13:56:07-05:00,PUR_IED_JorgeSoto_Exterio_d9d0a2,PUR_IED_JorgeSoto_Exterio_d9d0a2,,,,,
2026-09-12T13:56:07-05:00,PUR_IED_JorgeSoto_LabFisi_209c54,PUR_IED_JorgeSoto_LabFisi_209c54,,,,,
2026-09-12T13:56:07-05:00,PUR_IED_JorgeSoto_S103_27b51a,PUR_IED_JorgeSoto_S103_27b51a,,,,,
2026-09-12T13:56:07-05:00,PUR_IED_JoseAcevedo_A02_e965eb,PUR_IED_JoseAcevedo_A02_e965eb,,,,,
2026-09-12T13:56:07-05:00,PUR_IED_JoseAcevedo_A07_dd5b4,PUR_IED_JoseAcevedo_A07_dd5b4,,,,,
2026-09-12T13:56:07-05:00,PUR_IED_JoseAcevedo_Ext_b47484,PUR_IED_JoseAcevedo_Ext_b47484,,,,,
2026-09-12T13:56:07-05:00,PUR_IED_JoseMarti_Exte_5b9bf,PUR_IED_JoseMarti_Exte_5b9bf,,,,,
2026-09-12T13:56:07-05:00,PUR_IED_JoseMarti_LabQuim_1c6c2d,PUR_IED_JoseMarti_LabQuim_1c6c2d,,,,,
2026-09-12T13:56:07-05:00,PUR_IED_JoseMarti_S_info_f5f177,PUR_IED_JoseMarti_S_info_f5f177,,,,,
2026-09-12T13:56:07-05:00,PUR_IED_Josejoaquin_Ext_dfc5dc,PUR_IED_Josejoaquin_Ext_dfc5dc,,,,,
2026-09-12T13:56:07-05:00,PUR_IED_Josejoaquin_S05_5b2a96,PUR_IED_Josejoaquin_S05_5b2a96,,,,,
2026-09-12T13:56:07-05:00,PUR_IED_Josejoaquin_S06_1ce7d2,PUR_IED_Josejoaquin_S06_1ce7d2,,,,,
2026-09-12T13:56:07-05:00,PUR_IED_JulioFlorez_Danza_9b82dd,PUR_IED_JulioFlorez_Danza_9b82dd,,,,,
2026-09-12T13:56:07-05:00,PUR_IED_JulioFlorez_Exter_f9f314,PUR_IED_JulioFlorez_Exter_f9f314,,,,,
2026-09-12T13:56:07-05:00,PUR_IED_JulioFlorez_info2_6b6e08,PUR_IED_JulioFlorez_info2_6b6e08,,,,,
2026-09-12T13:56:07-05:00,PUR_IED_LaBelleza_Aula13_1d00d8,PUR_IED_LaBelleza_Aula13_1d00d8,,,,,
2026-09-12T13:56:07-05:00,PUR_IED_LaBelleza_Ext_7bc08c,PUR_IED_LaBelleza_Ext_7bc08c,,,,,
2026-09-12T13:56:07-05:00,PUR_IED_LaChucua_Ext_8cd6d2,PUR_IED_LaChucua_Ext_8cd6d2,,,,,
2026-09-12T13:56:07-05:00,PUR_IED_LaChucua_S15_f578ce,PUR_IED_LaChucua_S15_f578ce,,,,,
2026-09-12T13:56:07-05:00,PUR_IED_LaChucua_S16_eebcf9,PUR_IED_LaChucua_S16_eebcf9,,,,,
2026-09-12T13:56:07-05:00,PUR_IED_LaFelicidad_Ext_fb5109,PUR_IED_LaFelicidad_Ext_fb5109,,,,,
2026-09-12T13:56:07-05:00,PUR_IED_LaMerced_206_66ebd,PUR_IED_LaMerced_206_66ebd,,,,,
2026-09-12T13:56:07-05:00,PUR_IED_LaMerced_207_6ebd6,PUR_IED_LaMerced_207_6ebd6,,,,,
2026-09-12T13:56:07-05:00,PUR_IED_LaMerced_ext_304311,PUR_IED_LaMerced_ext_304311,,,,,
2026-09-12T13:56:07-05:00,PUR_IED_Laureano_CiencNat_281e5e,PUR_IED_Laureano_CiencNat_281e5e,,,,,
2026-09-12T13:56:07-05:00,PUR_IED_Laureano_Comedor_f65c0a,PUR_IED_Laureano_Comedor_f65c0a,,,,,
2026-09-12T13:56:07-05:00,PUR_IED_Laureano_Exterior_7ab011,PUR_IED_Laureano_Exterior_7ab011,,,,,
2026-09-12T13:56:07-05:00,PUR_IED_LeonGreiff_Exte_dfe560,PUR_IED_LeonGreiff_Exte_dfe560,,,,,
2026-09-12T13:56:07-05:00,PUR_IED_LeonGreiff_S210_f264ed,PUR_IED_LeonGreiff_S210_f264ed,,,,,
2026-09-12T13:56:07-05:00,PUR_IED_LeonGreiff_SQuimi_e8296f,PUR_IED_LeonGreiff_SQuimi_e8296f,,,,,
2026-09-12T13:56:07-05:00,PUR_IED_LlanoOrientalS208_7b9fcd,PUR_IED_LlanoOrientalS208_7b9fcd,,,,,
2026-09-12T13:56:07-05:00,PUR_IED_LlanoOriental_Ext_fb3766,PUR_IED_LlanoOriental_Ext_fb3766,,,,,
2026-09-12T13:56:07-05:00,PUR_IED_LlanoOriental_S208_7b9fcd,PUR_IED_LlanoOriental_S208_7b9fcd,,,,,
2026-09-12T13:56:07-05:00,PUR_IED_LlanoOriental_S9_27b378,PUR_IED_LlanoOriental_S9_27b378,,,,,
2026-09-12T13:56:07-05:00,PUR_IED_LosTejares_1101_477602,PUR_IED_LosTejares_1101_477602,,,,,
2026-09-12T13:56:07-05:00,PUR_IED_LosTejares_11_d2c595,PUR_IED_LosTejares_11_d2c595,,,,,
2026-09-12T13:56:07-05:00,PUR_IED_LosTejares_12_477602,PUR_IED_LosTejares_12_477602,,,,,
2026-09-12T13:56:07-05:00,PUR_IED_LosTejares_Ext_8e2115,PUR_IED_LosTejares_Ext_8e2115,,,,,
2026-09-12T13:56:07-05:00,PUR_IED_MagdalenaO_B202_5ddda3,PUR_IED_MagdalenaO_B202_5ddda3,,,,,
2026-09-12T13:56:07-05:00,PUR_IED_MagdalenaO_B205_fb76e8,PUR_IED_MagdalenaO_B205_fb76e8,,,,,
2026-09-12T13:56:07-05:00,PUR_IED_MagdalenaO_ext_dc69cd,PUR_IED_MagdalenaO_ext_dc69cd,,,,,
2026-09-12T13:56:07-05:00,PUR_IED_ManueCepeda_artes_eee956,PUR_IED_ManueCepeda_artes_eee956,,,,,
2026-09-12T13:56:07-05:00,PUR_IED_ManuelCepeda_Ext_58313,PUR_IED_ManuelCepeda_Ext_58313,,,,,
2026-09-12T13:56:07-05:00,PUR_IED_ManuelCepeda_tec_1c5731,PUR_IED_ManuelCepeda_tec_1c5731,,,,,
2026-09-12T13:56:07-05:00,PUR_IED_ManuelS_Exterior_5b269,PUR_IED_ManuelS_Exterior_5b269,,,,,
2026-09-12T13:56:07-05:00,PUR_IED_ManuelS_Inform_f369ce,PUR_IED_ManuelS_Inform_f369ce,,,,,
2026-09-12T13:56:07-05:00,PUR_IED_ManuelS_SArtes_7d15f1,PUR_IED_ManuelS_SArtes_7d15f1,,,,,
2026-09-12T13:56:07-05:00,PUR_IED_ManuelZapata_303_3ca6,PUR_IED_ManuelZapata_303_3ca6,,,,,
2026-09-12T13:56:07-05:00,PUR_IED_ManuelZapata_311_bfbabc,PUR_IED_ManuelZapata_311_bfbabc,,,,,
2026-09-12T13:56:07-05:00,PUR_IED_ManuelZapata_Ext_50824a,PUR_IED_ManuelZapata_Ext_50824a,,,,,
2026-09-12T13:56:07-05:00,PUR_IED_ManuelitaS_Exteri_656a92,PUR_IED_ManuelitaS_Exteri_656a92,,,,,
2026-09-12T13:56:07-05:00,PUR_IED_ManuelitaS_JuzgDe_f58ec3,PUR_IED_ManuelitaS_JuzgDe_f58ec3,,,,,
2026-09-12T13:56:07-05:00,PUR_IED_ManuelitaS_Recrea_d793db,PUR_IED_ManuelitaS_Recrea_d793db,,,,,
2026-09-12T13:56:07-05:00,PUR_IED_MarFidSuarez_Ext_c27b19,PUR_IED_MarFidSuarez_Ext_c27b19,,,,,
2026-09-12T13:56:07-05:00,PUR_IED_MarFidSuarez_Info_e384d7,PUR_IED_MarFidSuarez_Info_e384d7,,,,,
2026-09-12T13:56:07-05:00,PUR_IED_MarFidSuarez_S306_1d0032,PUR_IED_MarFidSuarez_S306_1d0032,,,,,
2026-09-12T13:56:07-05:00,PUR_IED_Menorah_301_2a25a3,PUR_IED_Menorah_301_2a25a3,,,,,
2026-09-12T13:56:07-05:00,PUR_IED_Menorah_306_37ed3,PUR_IED_Menorah_306_37ed3,,,,,
2026-09-12T13:56:07-05:00,PUR_IED_Menorah_Ext_3e155b,PUR_IED_Menorah_Ext_3e155b,,,,,
2026-09-12T13:56:07-05:00,PUR_IED_MinutoB.Aires_A11_1b1604,PUR_IED_MinutoB.Aires_A11_1b1604,,,,,
2026-09-12T13:56:07-05:00,PUR_IED_MinutoB.Aires_A12_fb5860,PUR_IED_MinutoB.Aires_A12_fb5860,,,,,
2026-09-12T13:56:07-05:00,PUR_IED_MinutoB.Aires_Ext_81293f,PUR_IED_MinutoB.Aires_Ext_81293f,,,,,
2026-09-12T13:56:07-05:00,PUR_IED_MinutoBAires_A11_1b1604,PUR_IED_MinutoBAires_A11_1b1604,,,,,
2026-09-12T13:56:07-05:00,PUR_IED_MinutoBAires_A12_fb5860,PUR_IED_MinutoBAires_A12_fb5860,,,,,
2026-09-12T13:56:07-05:00,PUR_IED_MinutoBAires_Ext_81293f,PUR_IED_MinutoBAires_Ext_81293f,,,,,
2026-09-12T13:56:07-05:00,PUR_IED_Montreal_Aula10_1e4959,PUR_IED_Montreal_Aula10_1e4959,,,,,
2026-09-12T13:56:07-05:00,PUR_IED_Montreal_Aula6_300367,PUR_IED_Montreal_Aula6_300367,,,,,
2026-09-12T13:56:07-05:00,PUR_IED_Montreal_Exterior_91a179,PUR_IED_Montreal_Exterior_91a179,,,,,
2026-09-12T13:56:07-05:00,PUR_IED_Mqgdalena_B202_5ddda3,PUR_IED_Mqgdalena_B202_5ddda3,,,,,
2026-09-12T13:56:07-05:00,PUR_IED_NACUND_Soc_dc8728,PUR_IED_NACUND_Soc_dc8728,,,,,
2026-09-12T13:56:07-05:00,PUR_IED_NACUND_ext_27ad97,PUR_IED_NACUND_ext_27ad97,,,,,
2026-09-12T13:56:07-05:00,PUR_IED_NEsperanza_Ext_d24b61,PUR_IED_NEsperanza_Ext_d24b61,,,,,
2026-09-12T13:56:07-05:00,PUR_IED_NEsperanza_SElect_7d1807,PUR_IED_NEsperanza_SElect_7d1807,,,,,
2026-09-12T13:56:07-05:00,PUR_IED_NEsperanza_SLabor_8b2d0a,PUR_IED_NEsperanza_SLabor_8b2d0a,,,,,
2026-09-12T13:56:07-05:00,PUR_IED_NacionesU_Ext_f661a9,PUR_IED_NacionesU_Ext_f661a9,,,,,
2026-09-12T13:56:07-05:00,PUR_IED_NacionesU_Quimica_66f0a,PUR_IED_NacionesU_Quimica_66f0a,,,,,
2026-09-12T13:56:07-05:00,PUR_IED_NacionesU_S306_1b4b3d,PUR_IED_NacionesU_S306_1b4b3d,,,,,
2026-09-12T13:56:07-05:00,PUR_IED_NestorFA_Ext_e4201c,PUR_IED_NestorFA_Ext_e4201c,,,,,
2026-09-12T13:56:07-05:00,PUR_IED_NestorFA_Laborato_f22fe0,PUR_IED_NestorFA_Laborato_f22fe0,,,,,
2026-09-12T13:56:07-05:00,PUR_IED_NestorFA_S204_dee996,PUR_IED_NestorFA_S204_dee996,,,,,
2026-09-12T13:56:07-05:00,PUR_IED_NidyaQT_Aula03_76999b,PUR_IED_NidyaQT_Aula03_76999b,,,,,
2026-09-12T13:56:07-05:00,PUR_IED_NidyaQT_Aula10_56325,PUR_IED_NidyaQT_Aula10_56325,,,,,
2026-09-12T13:56:07-05:00,PUR_IED_NidyaQT_Ext_46e32d,PUR_IED_NidyaQT_Ext_46e32d,,,,,
2026-09-12T13:56:07-05:00,PUR_IED_NuevaCol_Exterior_d9b859,PUR_IED_NuevaCol_Exterior_d9b859,,,,,
2026-09-12T13:56:07-05:00,PUR_IED_NuevaCol_S1101_76c43b,PUR_IED_NuevaCol_S1101_76c43b,,,,,
2026-09-12T13:56:07-05:00,PUR_IED_NuevaCol_S1102_1ce0b5,PUR_IED_NuevaCol_S1102_1ce0b5,,,,,
2026-09-12T13:56:07-05:00,PUR_IED_OEA_A202_f7e3f2,PUR_IED_OEA_A202_f7e3f2,,,,,
2026-09-12T13:56:07-05:00,PUR_IED_OEA_A203_7d1b8d,PUR_IED_OEA_A203_7d1b8d,,,,,
2026-09-12T13:56:07-05:00,PUR_IED_OEA_Ext_27b593,PUR_IED_OEA_Ext_27b593,,,,,
2026-09-12T13:56:07-05:00,PUR_IED_Ochoa_Ext_1c29da,PUR_IED_Ochoa_Ext_1c29da,,,,,
2026-09-12T13:56:07-05:00,PUR_IED_Ochoa_S205_8b1121,PUR_IED_Ochoa_S205_8b1121,,,,,
2026-09-12T13:56:07-05:00,PUR_IED_Ochoa_Sistemas_f33af6,PUR_IED_Ochoa_Sistemas_f33af6,,,,,
2026-09-12T13:56:07-05:00,PUR_IED_PQuebec_Ext_1c67c7,PUR_IED_PQuebec_Ext_1c67c7,,,,,
2026-09-12T13:56:07-05:00,PUR_IED_PQuebec_S15_23e8e2,PUR_IED_PQuebec_S15_23e8e2,,,,,
2026-09-12T13:56:07-05:00,PUR_IED_PQuebec_S16_8ec76b,PUR_IED_PQuebec_S16_8ec76b,,,,,
2026-09-12T13:56:07-05:00,PUR_IED_PabloN_Ext_49dc96,PUR_IED_PabloN_Ext_49dc96,,,,,
2026-09-12T13:56:07-05:00,PUR_IED_PabloN_S1102_4e3df5,PUR_IED_PabloN_S1102_4e3df5,,,,,
2026-09-12T13:56:07-05:00,PUR_IED_PabloN_S1103_50c94b,PUR_IED_PabloN_S1103_50c94b,,,,,
2026-09-12T13:56:07-05:00,PUR_IED_Palestina_S1101_db9198,PUR_IED_Palestina_S1101_db9198,,,,,
2026-09-12T13:56:07-05:00,PUR_IED_Palestina_S1102_dc54fa,PUR_IED_Palestina_S1102_dc54fa,,,,,
2026-09-12T13:56:07-05:00,PUR_IED_Palestina_ext_4ccce6,PUR_IED_Palestina_ext_4ccce6,,,,,
2026-09-12T13:56:07-05:00,PUR_IED_Panama_Fisica_4d0794,PUR_IED_Panama_Fisica_4d0794,,,,,
2026-09-12T13:56:07-05:00,PUR_IED_Panama_SIngles_a4077e,PUR_IED_Panama_SIngles_a4077e,,,,,
2026-09-12T13:56:07-05:00,PUR_IED_Panama_ext_4c54b4,PUR_IED_Panama_ext_4c54b4,,,,,
2026-09-12T13:56:07-05:00,PUR_IED_ParaisoM_Exterior_8cd7f0,PUR_IED_ParaisoM_Exterior_8cd7f0,,,,,
2026-09-12T13:56:07-05:00,PUR_IED_ParaisoM_Laborato_27af35,PUR_IED_ParaisoM_Laborato_27af35,,,,,
2026-09-12T13:56:07-05:00,PUR_IED_ParaisoM_S304_d1edca,PUR_IED_ParaisoM_S304_d1edca,,,,,
2026-09-12T13:56:07-05:00,PUR_IED_PorfirioBarba_Ext_301466,PUR_IED_PorfirioBarba_Ext_301466,,,,,
2026-09-12T13:56:07-05:00,PUR_IED_PorfirioBarba_S11_df6cd2,PUR_IED_PorfirioBarba_S11_df6cd2,,,,,
2026-09-12T13:56:07-05:00,PUR_IED_PorfirioBarba_S29_27a7d6,PUR_IED_PorfirioBarba_S29_27a7d6,,,,,
2026-09-12T13:56:07-05:00,PUR_IED_PradoV_Exter_8b27ad,PUR_IED_PradoV_Exter_8b27ad,,,,,
2026-09-12T13:56:07-05:00,PUR_IED_PradoV_S301_de65b5,PUR_IED_PradoV_S301_de65b5,,,,,
2026-09-12T13:56:07-05:00,PUR_IED_PradoV_S302_7d2593,PUR_IED_PradoV_S302_7d2593,,,,,
2026-09-12T13:56:07-05:00,PUR_IED_QuirogaAlz_Ext_1ddc82,PUR_IED_QuirogaAlz_Ext_1ddc82,,,,,
2026-09-12T13:56:07-05:00,PUR_IED_QuirogaAlz_S302_9926a3,PUR_IED_QuirogaAlz_S302_9926a3,,,,,
2026-09-12T13:56:07-05:00,PUR_IED_QuirogaAlz_S305_cdf1f1,PUR_IED_QuirogaAlz_S305_cdf1f1,,,,,
2026-09-12T13:56:07-05:00,PUR_IED_RGuatemala_Biling_dc53b7,PUR_IED_RGuatemala_Biling_dc53b7,,,,,
2026-09-12T13:56:07-05:00,PUR_IED_RGuatemala_Ext_1b89a3,PUR_IED_RGuatemala_Ext_1b89a3,,,,,
2026-09-12T13:56:07-05:00,PUR_IED_RGuatemala_Tecnol_281a34,PUR_IED_RGuatemala_Tecnol_281a34,,,,,
2026-09-12T13:56:07-05:00,PUR_IED_RafaNu_Ext_f7c302,PUR_IED_RafaNu_Ext_f7c302,,,,,
2026-09-12T13:56:07-05:00,PUR_IED_RafaNu_S1101_25fde,PUR_IED_RafaNu_S1101_25fde,,,,,
2026-09-12T13:56:07-05:00,PUR_IED_RafaNu_S1102_281517,PUR_IED_RafaNu_S1102_281517,,,,,
2026-09-12T13:56:07-05:00,PUR_IED_RafaelB_S305_ee2783,PUR_IED_RafaelB_S305_ee2783,,,,,
2026-09-12T13:56:07-05:00,PUR_IED_RafaelB_S306_75fe33,PUR_IED_RafaelB_S306_75fe33,,,,,
2026-09-12T13:56:07-05:00,PUR_IED_RafaelB_ext_283336,PUR_IED_RafaelB_ext_283336,2,21,54,4.6722,-74.0737
2026-09-12T13:56:07-05:00,PUR_IED_RafaelUU_Exterior_281a51,PUR_IED_RafaelUU_Exterior_281a51,,,,,
2026-09-12T13:56:07-05:00,PUR_IED_RafaelUU_Human_806b2,PUR_IED_RafaelUU_Human_806b2,,,,,
2026-09-12T13:56:07-05:00,PUR_IED_RafaelUU_Mate2_5680d4,PUR_IED_RafaelUU_Mate2_5680d4,,,,,
2026-09-12T13:56:07-05:00,PUR_IED_RamonSub_Ext_f9eeb9,PUR_IED_RamonSub_Ext_f9eeb9,,,,,
2026-09-12T13:56:07-05:00,PUR_IED_RamonSub_Media_d1f62f,PUR_IED_RamonSub_Media_d1f62f,,,,,
2026-09-12T13:56:07-05:00,PUR_IED_RamonSub_planta_51b82,PUR_IED_RamonSub_planta_51b82,,,,,
2026-09-12T13:56:07-05:00,PUR_IED_RepBoliVene_Exter_27af7c,PUR_IED_RepBoliVene_Exter_27af7c,,,,,
2026-09-12T13:56:07-05:00,PUR_IED_RepBoliVene_SCPT_5ae2ee,PUR_IED_RepBoliVene_SCPT_5ae2ee,,,,,
2026-09-12T13:56:07-05:00,PUR_IED_RepBoliVene_Socia_4b11d5,PUR_IED_RepBoliVene_Socia_4b11d5,,,,,
2026-09-12T13:56:07-05:00,PUR_IED_RepChina_Ext_76d9ee,PUR_IED_RepChina_Ext_76d9ee,,,,,
2026-09-12T13:56:07-05:00,PUR_IED_RepChina_S404_7c804c,PUR_IED_RepChina_S404_7c804c,,,,,
2026-09-12T13:56:07-05:00,PUR_IED_RepChina_S405_df2c33,PUR_IED_RepChina_S405_df2c33,,,,,
2026-09-12T13:56:07-05:00,PUR_IED_RepublicaC_Exteri_7d1ec9,PUR_IED_RepublicaC_Exteri_7d1ec9,,,,,
2026-09-12T13:56:07-05:00,PUR_IED_RepublicaC_S1101_f544b3,PUR_IED_RepublicaC_S1101_f544b3,,,,,
2026-09-12T13:56:07-05:00,PUR_IED_RepublicaC_S1102_7aafc7,PUR_IED_RepublicaC_S1102_7aafc7,,,,,
2026-09-12T13:56:07-05:00,PUR_IED_Ricaurte_Externo_a0ea1,PUR_IED_Ricaurte_Externo_a0ea1,,,,,
2026-09-12T13:56:07-05:00,PUR_IED_Ricaurte_S210_f546fd,PUR_IED_Ricaurte_S210_f546fd,,,,,
2026-09-12T13:56:07-05:00,PUR_IED_Ricaurte_S309_d4452,PUR_IED_Ricaurte_S309_d4452,,,,,
2026-09-12T13:56:07-05:00,PUR_IED_RogelioS_1102_531e69,PUR_IED_RogelioS_1102_531e69,,,,,
2026-09-12T13:56:07-05:00,PUR_IED_RogelioS_Ext_f25a18,PUR_IED_RogelioS_Ext_f25a18,,,,,
2026-09-12T13:56:07-05:00,PUR_IED_SBernardino_Ext_27aff8,PUR_IED_SBernardino_Ext_27aff8,,,,,
2026-09-12T13:56:07-05:00,PUR_IED_SBernardino_SArte_2ffd33,PUR_IED_SBernardino_SArte_2ffd33,,,,,
2026-09-12T13:56:07-05:00,PUR_IED_SBernardino_SIngl_7c7da5,PUR_IED_SBernardino_SIngl_7c7da5,,,,,
2026-09-12T13:56:07-05:00,PUR_IED_Sago_auditorio_dc9d1d,PUR_IED_Sago_auditorio_dc9d1d,,,,,
2026-09-12T13:56:07-05:00,PUR_IED_Saludcoop_Ext_95aac3,PUR_IED_Saludcoop_Ext_95aac3,,,,,
2026-09-12T13:56:07-05:00,PUR_IED_Saludcoop_InfI_90c854,PUR_IED_Saludcoop_InfI_90c854,,,,,
2026-09-12T13:56:07-05:00,PUR_IED_Saludcoop_SMedia_1b93be,PUR_IED_Saludcoop_SMedia_1b93be,,,,,
2026-09-12T13:56:07-05:00,PUR_IED_SanCarlos_1101_1a2360,PUR_IED_SanCarlos_1101_1a2360,,,,,
2026-09-12T13:56:07-05:00,PUR_IED_SanCarlos_1103_7bafb5,PUR_IED_SanCarlos_1103_7bafb5,,,,,
2026-09-12T13:56:07-05:00,PUR_IED_SanCarlos_Ext_b7cd1,PUR_IED_SanCarlos_Ext_b7cd1,,,,,
2026-09-12T13:56:07-05:00,PUR_IED_SanIgnacioBosa11a_50c26e,PUR_IED_SanIgnacioBosa11a_50c26e,,,,,
2026-09-12T13:56:07-05:00,PUR_IED_SanIgnacioBosa11b_371de8,PUR_IED_SanIgnacioBosa11b_371de8,,,,,
2026-09-12T13:56:07-05:00,PUR_IED_SanIgnacioBosaExt_ef0ffc,PUR_IED_SanIgnacioBosaExt_ef0ffc,,,,,
2026-09-12T13:56:07-05:00,PUR_IED_SanIgnacioBosa_11a_50c26e,PUR_IED_SanIgnacioBosa_11a_50c26e,,,,,
2026-09-12T13:56:07-05:00,PUR_IED_SanIgnacioBosa_Ext_ef0ffc,PUR_IED_SanIgnacioBosa_Ext_ef0ffc,,,,,
2026-09-12T13:56:07-05:00,PUR_IED_SanJoseN_intS1101_31c47f,PUR_IED_SanJoseN_intS1101_31c47f,,,,,
2026-09-12T13:56:07-05:00,PUR_IED_SanJoseUsm_Exter_f5d7e8,PUR_IED_SanJoseUsm_Exter_f5d7e8,,,,,
2026-09-12T13:56:07-05:00,PUR_IED_SanJoseUsm_Int11A_cfdef6,PUR_IED_SanJoseUsm_Int11A_cfdef6,,,,,
2026-09-12T13:56:07-05:00,PUR_IED_SilveriaR_IntB5_905349,PUR_IED_SilveriaR_IntB5_905349,,,,,
2026-09-12T13:56:07-05:00,PUR_IED_SilveriaR_IntSD14_981f93,PUR_IED_SilveriaR_IntSD14_981f93,,,,,
2026-09-12T13:56:07-05:00,PUR_IED_SilveriaR_ext_2b651d,PUR_IED_SilveriaR_ext_2b651d,,,,,
2026-09-12T13:56:07-05:00,PUR_IED_SimonB_Exterior_913975,PUR_IED_SimonB_Exterior_913975,,,,,
2026-09-12T13:56:07-05:00,PUR_IED_SimonB_LabQuimi_c56908,PUR_IED_SimonB_LabQuimi_c56908,,,,,
2026-09-12T13:56:07-05:00,PUR_IED_SimonB_informatic_a28c1,PUR_IED_SimonB_informatic_a28c1,,,,,
2026-09-12T13:56:07-05:00,PUR_IED_Sorrento_1102_315f50,PUR_IED_Sorrento_1102_315f50,,,,,
2026-09-12T13:56:07-05:00,PUR_IED_Sorrento_Minte_214eab,PUR_IED_Sorrento_Minte_214eab,,,,,
2026-09-12T13:56:07-05:00,PUR_IED_Sorrento_ext_7c3a0a,PUR_IED_Sorrento_ext_7c3a0a,,,,,
2026-09-12T13:56:07-05:00,PUR_IED_Tabora_Ext_f048ae,PUR_IED_Tabora_Ext_f048ae,,,,,
2026-09-12T13:56:07-05:00,PUR_IED_Tabora_S1102_b07752,PUR_IED_Tabora_S1102_b07752,,,,,
2026-09-12T13:56:07-05:00,PUR_IED_Tabora_S1103_d988f5,PUR_IED_Tabora_S1103_d988f5,,,,,
2026-09-12T13:56:07-05:00,PUR_IED_Tenerife_Ext_1ab188,PUR_IED_Tenerife_Ext_1ab188,,,,,
2026-09-12T13:56:07-05:00,PUR_IED_Tenerife_SDanzas_7bc02e,PUR_IED_Tenerife_SDanzas_7bc02e,,,,,
2026-09-12T13:56:07-05:00,PUR_IED_Tenerife_SIngles_7cc277,PUR_IED_Tenerife_SIngles_7cc277,,,,,
2026-09-12T13:56:07-05:00,PUR_IED_Tibabuyes_Exter_f2683d,PUR_IED_Tibabuyes_Exter_f2683d,,,,,
2026-09-12T13:56:07-05:00,PUR_IED_Tibabuyes_S10_dc87a8,PUR_IED_Tibabuyes_S10_dc87a8,,,,,
2026-09-12T13:56:07-05:00,PUR_IED_Tibabuyes_S15_dc0526,PUR_IED_Tibabuyes_S15_dc0526,,,,,
2026-09-12T13:56:07-05:00,PUR_IED_UnionE_S301_a1043,PUR_IED_UnionE_S301_a1043,,,,,
2026-09-12T13:56:07-05:00,PUR_IED_UnionE_S307_ff6c2f,PUR_IED_UnionE_S307_ff6c2f,,,,,
2026-09-12T13:56:07-05:00,PUR_IED_UnionE__Ext_5e2468,PUR_IED_UnionE__Ext_5e2468,,,,,
2026-09-12T13:56:07-05:00,PUR_IED_VillaRica_Ext_75be7c,PUR_IED_VillaRica_Ext_75be7c,,,,,
2026-09-12T13:56:07-05:00,PUR_IED_VillaRica_S4_cc5dcd,PUR_IED_VillaRica_S4_cc5dcd,,,,,
2026-09-12T13:56:07-05:00,PUR_IED_VillaRica_Sesp_99f5c,PUR_IED_VillaRica_Sesp_99f5c,,,,,
2026-09-12T14:01:10-05:00,PUR_IED_20deJulio_1101_91b1b9,PUR_IED_20deJulio_1101_91b1b9,,,,,
2026-09-12T14:01:10-05:00,PUR_IED_20deJulio_1102_1cfcf9,PUR_IED_20deJulio_1102_1cfcf9,,,,,
2026-09-12T14:01:10-05:00,PUR_IED_20deJulio_Ext_ab60bd,PUR_IED_20deJulio_Ext_ab60bd,,,,,
2026-09-12T14:01:10-05:00,PUR_IED_AgustinFer_Ext_7b9b77,PUR_IED_AgustinFer_Ext_7b9b77,,,,,
2026-09-12T14:01:10-05:00,PUR_IED_AgustinFer_Info2_27b3a7,PUR_IED_AgustinFer_Info2_27b3a7,,,,,
2026-09-12T14:01:10-05:00,PUR_IED_AgustinFer_Sena_54b4eb,PUR_IED_AgustinFer_Sena_54b4eb,,,,,
2026-09-12T14:01:10-05:00,PUR_IED_AlexanderF_1102_caf07b,PUR_IED_AlexanderF_1102_caf07b,,,,,
2026-09-12T14:01:10-05:00,PUR_IED_AlexanderF_1103_c79e71,PUR_IED_AlexanderF_1103_c79e71,,,,,
2026-09-12T14:01:10-05:00,PUR_IED_AlexanderF_Ext_c5b18b,PUR_IED_AlexanderF_Ext_c5b18b,,,,,
2026-09-12T14:01:10-05:00,PUR_IED_AlfonsoLopez_Ext_281d77,PUR_IED_AlfonsoLopez_Ext_281d77,,,,,
2026-09-12T14:01:10-05:00,PUR_IED_AlfonsoLopez_LabF_888ce0,PUR_IED_AlfonsoLopez_LabF_888ce0,,,,,
2026-09-12T14:01:10-05:00,PUR_IED_AlfonsoLopez_SMed_df6a7f,PUR_IED_AlfonsoLopez_SMed_df6a7f,,,,,
2026-09-12T14:01:10-05:00,PUR_IED_AltamiraSO_A2_209f92,PUR_IED_AltamiraSO_A2_209f92,,,,,
2026-09-12T14:01:10-05:00,PUR_IED_AltamiraSO_Ext_186d66,PUR_IED_AltamiraSO_Ext_186d66,,,,,
2026-09-12T14:01:10-05:00,PUR_IED_AltamiraSO_Sistem_27afe1,PUR_IED_AltamiraSO_Sistem_27afe1,,,,,
2026-09-12T14:01:10-05:00,PUR_IED_AlvaroGom_LabQuim_813179,PUR_IED_AlvaroGom_LabQuim_813179,,,,,
2026-09-12T14:01:10-05:00,PUR_IED_AlvaroGomez_Ext_47c7ca,PUR_IED_AlvaroGomez_Ext_47c7ca,,,,,
2026-09-12T14:01:10-05:00,PUR_IED_AlvaroGomez_LabQuim_813179,PUR_IED_AlvaroGomez_LabQuim_813179,,,,,
2026-09-12T14:01:10-05:00,PUR_IED_AlvaroGomez_S23_7ba89f,PUR_IED_AlvaroGomez_S23_7ba89f,,,,,
2026-09-12T14:01:10-05:00,PUR_IED_Amistad_306_dc8728,PUR_IED_Amistad_306_dc8728,,,,,
2026-09-12T14:01:10-05:00,PUR_IED_Amistad_Ext_8cd55e,PUR_IED_Amistad_Ext_8cd55e,,,,,
2026-09-12T14:01:10-05:00,PUR_IED_Amistad_S202_a41169,PUR_IED_Amistad_S202_a41169,,,,,
2026-09-12T14:01:10-05:00,PUR_IED_AndresBello_Bio_fd5f5e,PUR_IED_AndresBello_Bio_fd5f5e,,,,,
2026-09-12T14:01:10-05:00,PUR_IED_AndresBello_ext_dcad65,PUR_IED_AndresBello_ext_dcad65,,,,,
2026-09-12T14:01:10-05:00,PUR_IED_AndresBello_port_eed3ec,PUR_IED_AndresBello_port_eed3ec,,,,,
2026-09-12T14:01:10-05:00,PUR_IED_AngelaR_11b_d90a6b,PUR_IED_AngelaR_11b_d90a6b,,,,,
2026-09-12T14:01:10-05:00,PUR_IED_AngelaR_ext_7cad3e,PUR_IED_AngelaR_ext_7cad3e,2,21,54,4.5825,-74.164497
2026-09-12T14:01:10-05:00,PUR_IED_AntJoseSucre_10mo_df2575,PUR_IED_AntJoseSucre_10mo_df2575,,,,,
2026-09-12T14:01:10-05:00,PUR_IED_AntJoseSucre_Ext_215b36,PUR_IED_AntJoseSucre_Ext_215b36,,,,,
2026-09-12T14:01:10-05:00,PUR_IED_AntJoseSucre_Lab_3139de,PUR_IED_AntJoseSucre_Lab_3139de,,,,,
2026-09-12T14:01:10-05:00,PUR_IED_AntonioGarcia_301_d6b188,PUR_IED_AntonioGarcia_301_d6b188,,,,,
2026-09-12T14:01:10-05:00,PUR_IED_AntonioGarcia_302_88a82,PUR_IED_AntonioGarcia_302_88a82,,,,,
2026-09-12T14:01:10-05:00,PUR_IED_AntonioGarcia_Ext_20950c,PUR_IED_AntonioGarcia_Ext_20950c,,,,,
2026-09-12T14:01:10-05:00,PUR_IED_AntonioVan_Aula2_6dea02,PUR_IED_AntonioVan_Aula2_6dea02,,,,,
2026-09-12T14:01:10-05:00,PUR_IED_AntonioVan_Aula5_f1557e,PUR_IED_AntonioVan_Aula5_f1557e,,,,,
2026-09-12T14:01:10-05:00,PUR_IED_AntonioVan_Ext_406f2f,PUR_IED_AntonioVan_Ext_406f2f,,,,,
2026-09-12T14:01:10-05:00,PUR_IED_Atabanzha_Ext_cc5af9,PUR_IED_Atabanzha_Ext_cc5af9,,,,,
2026-09-12T14:01:10-05:00,PUR_IED_Atabanzha_SA101_56c37,PUR_IED_Atabanzha_SA101_56c37,,,,,
2026-09-12T14:01:10-05:00,PUR_IED_Atabanzha_SB302_27b374,PUR_IED_Atabanzha_SB302_27b374,,,,,
2026-09-12T14:01:10-05:00,PUR_IED_Atahualpa_Ext_fc1748,PUR_IED_Atahualpa_Ext_fc1748,,,,,
2026-09-12T14:01:10-05:00,PUR_IED_Atahualpa_Informa_dc9a95,PUR_IED_Atahualpa_Informa_dc9a95,,,,,
2026-09-12T14:01:10-05:00,PUR_IED_Atahualpa_S1101_f98056,PUR_IED_Atahualpa_S1101_f98056,,,,,
2026-09-12T14:01:10-05:00,PUR_IED_Bellavista_Ext_f5aa74,PUR_IED_Bellavista_Ext_f5aa74,,,,,
2026-09-12T14:01:10-05:00,PUR_IED_Bilbao_11A_916c41,PUR_IED_Bilbao_11A_916c41,,,,,
2026-09-12T14:01:10-05:00,PUR_IED_Bilbao_Ext_fb579a,PUR_IED_Bilbao_Ext_fb579a,,,,,
2026-09-12T14:01:10-05:00,PUR_IED_BrasiliaU_A125_304280,PUR_IED_BrasiliaU_A125_304280,,,,,
2026-09-12T14:01:10-05:00,PUR_IED_BrasiliaU_A203_7c8ca5,PUR_IED_BrasiliaU_A203_7c8ca5,,,,,
2026-09-12T14:01:10-05:00,PUR_IED_BrasiliaU_Ext_8d6e9f,PUR_IED_BrasiliaU_Ext_8d6e9f,3,21,52,4.5175,-74.116302
2026-09-12T14:01:10-05:00,PUR_IED_Brasilia_Ext_fe6593,PUR_IED_Brasilia_Ext_fe6593,,,,,
2026-09-12T14:01:10-05:00,PUR_IED_Brasilia_S24_7c130d,PUR_IED_Brasilia_S24_7c130d,,,,,
2026-09-12T14:01:10-05:00,PUR_IED_Brasilia_S501_186a54,PUR_IED_Brasilia_S501_186a54,,,,,
2026-09-12T14:01:10-05:00,PUR_IED_CHARRY_EXT_f1d5cd,PUR_IED_CHARRY_EXT_f1d5cd,,,,,
2026-09-12T14:01:10-05:00,PUR_IED_CHARRY_INTDANZAS_7a08e6,PUR_IED_CHARRY_INTDANZAS_7a08e6,,,,,
2026-09-12T14:01:10-05:00,PUR_IED_CHARRY_INT_AULA20_dc998d,PUR_IED_CHARRY_INT_AULA20_dc998d,,,,,
2026-09-12T14:01:10-05:00,PUR_IED_COLVIV_1101_S25_7f520a,PUR_IED_COLVIV_1101_S25_7f520a,,,,,
2026-09-12T14:01:10-05:00,PUR_IED_COLVIV_1102_S16_f570ba,PUR_IED_COLVIV_1102_S16_f570ba,,,,,
2026-09-12T14:01:10-05:00,PUR_IED_COLVIV_Ext_1a26fa,PUR_IED_COLVIV_Ext_1a26fa,,,,,
2026-09-12T14:01:10-05:00,PUR_IED_CULPOP_301A_f660f3,PUR_IED_CULPOP_301A_f660f3,,,,,
2026-09-12T14:01:10-05:00,PUR_IED_CULPOP_303_568afe,PUR_IED_CULPOP_303_568afe,,,,,
2026-09-12T14:01:10-05:00,PUR_IED_CULPOP_Ext_e02ccb,PUR_IED_CULPOP_Ext_e02ccb,,,,,
2026-09-12T14:01:10-05:00,PUR_IED_CVillavicen_Ext_26eb58,PUR_IED_CVillavicen_Ext_26eb58,3,18,68,4.487,-74.102798
2026-09-12T14:01:10-05:00,PUR_IED_CVillavicen_Intel_1ce5c2,PUR_IED_CVillavicen_Intel_1ce5c2,,,,,
2026-09-12T14:01:10-05:00,PUR_IED_CVillavicen_Poliv_e0766c,PUR_IED_CVillavicen_Poliv_e0766c,,,,,
2026-09-12T14:01:10-05:00,PUR_IED_CVillavicen_int_1ba140,PUR_IED_CVillavicen_int_1ba140,,,,,
2026-09-12T14:01:10-05:00,PUR_IED_CVillavicen_intel_1ba140,PUR_IED_CVillavicen_intel_1ba140,,,,,
2026-09-12T14:01:10-05:00,PUR_IED_CarlosPizarro_Ext_e307cc,PUR_IED_CarlosPizarro_Ext_e307cc,,,,,
2026-09-12T14:01:10-05:00,PUR_IED_CarlosPizarro_L36_7e5cdb,PUR_IED_CarlosPizarro_L36_7e5cdb,,,,,
2026-09-12T14:01:10-05:00,PUR_IED_CarlosPizarro_L37_c8566c,PUR_IED_CarlosPizarro_L37_c8566c,,,,,
2026-09-12T14:01:10-05:00,PUR_IED_Castilla_Ext_cf35f,PUR_IED_Castilla_Ext_cf35f,,,,,
2026-09-12T14:01:10-05:00,PUR_IED_Castilla_SFisik_360e38,PUR_IED_Castilla_SFisik_360e38,,,,,
2026-09-12T14:01:10-05:00,PUR_IED_Castilla_Sc304_496fbf,PUR_IED_Castilla_Sc304_496fbf,,,,,
2026-09-12T14:01:10-05:00,PUR_IED_CervantesSa_Ext_6b57b,PUR_IED_CervantesSa_Ext_6b57b,2,21,59,4.5128,-74.117203
2026-09-12T14:01:10-05:00,PUR_IED_CervantesSa_S107_225c2b,PUR_IED_CervantesSa_S107_225c2b,,,,,
2026-09-12T14:01:10-05:00,PUR_IED_CervantesSa_S108_940925,PUR_IED_CervantesSa_S108_940925,,,,,
2026-09-12T14:01:10-05:00,PUR_IED_Charry_A20_f53e7c,PUR_IED_Charry_A20_f53e7c,,,,,
2026-09-12T14:01:10-05:00,PUR_IED_Charry_Ext_f1d5cd,PUR_IED_Charry_Ext_f1d5cd,,,,,
2026-09-12T14:01:10-05:00,PUR_IED_Charry_IntAula20_dc998d,PUR_IED_Charry_IntAula20_dc998d,,,,,
2026-09-12T14:01:10-05:00,PUR_IED_Charry_IntDanzas_7a08e6,PUR_IED_Charry_IntDanzas_7a08e6,,,,,
2026-09-12T14:01:10-05:00,PUR_IED_ClememciaC_203_43e2fc,PUR_IED_ClememciaC_203_43e2fc,,,,,
2026-09-12T14:01:10-05:00,PUR_IED_ClememciaC_Ext_1b411a,PUR_IED_ClememciaC_Ext_1b411a,,,,,
2026-09-12T14:01:10-05:00,PUR_IED_ClememciaC_Quimic_44b5fc,PUR_IED_ClememciaC_Quimic_44b5fc,,,,,
2026-09-12T14:01:10-05:00,PUR_IED_ClemenciaC_203_43e2fc,PUR_IED_ClemenciaC_203_43e2fc,,,,,
2026-09-12T14:01:10-05:00,PUR_IED_ClemenciaC_Ext_1b411a,PUR_IED_ClemenciaC_Ext_1b411a,,,,,
2026-09-12T14:01:10-05:00,PUR_IED_ClemenciaC_Quimic_44b5fc,PUR_IED_ClemenciaC_Quimic_44b5fc,,,,,
2026-09-12T14:01:10-05:00,PUR_IED_ColViva_1101_S25_7f520a,PUR_IED_ColViva_1101_S25_7f520a,,,,,
2026-09-12T14:01:10-05:00,PUR_IED_ColViva_1102_S16_f570ba,PUR_IED_ColViva_1102_S16_f570ba,,,,,
2026-09-12T14:01:10-05:00,PUR_IED_ColViva_Ext_1a26fa,PUR_IED_ColViva_Ext_1a26fa,,,,,
2026-09-12T14:01:10-05:00,PUR_IED_ColegioBici_Asist_7c8798,PUR_IED_ColegioBici_Asist_7c8798,,,,,
2026-09-12T14:01:10-05:00,PUR_IED_ColegioBici_Ext_25cbf6,PUR_IED_ColegioBici_Ext_25cbf6,,,,,
2026-09-12T14:01:10-05:00,PUR_IED_ColegioBici_LabQ_7b57db,PUR_IED_ColegioBici_LabQ_7b57db,,,,,
2026-09-12T14:01:10-05:00,PUR_IED_CostaRica_Ext_5e640,PUR_IED_CostaRica_Ext_5e640,,,,,
2026-09-12T14:01:10-05:00,PUR_IED_CostaRica_Quim1_766d1c,PUR_IED_CostaRica_Quim1_766d1c,,,,,
2026-09-12T14:01:10-05:00,PUR_IED_CostaRica__Fisica_6f0873,PUR_IED_CostaRica__Fisica_6f0873,,,,,
2026-09-12T14:01:10-05:00,PUR_IED_CulPopu_301A_f660f3,PUR_IED_CulPopu_301A_f660f3,,,,,
2026-09-12T14:01:10-05:00,PUR_IED_CulPopu_303_568afe,PUR_IED_CulPopu_303_568afe,,,,,
2026-09-12T14:01:10-05:00,PUR_IED_CulPopu_Ext_e02ccb,PUR_IED_CulPopu_Ext_e02ccb,,,,,
2026-09-12T14:01:10-05:00,PUR_IED_Cundinamarca_Ext_f15985,PUR_IED_Cundinamarca_Ext_f15985,,,,,
2026-09-12T14:01:10-05:00,PUR_IED_Cundinamarca_Info_7aa5d7,PUR_IED_Cundinamarca_Info_7aa5d7,,,,,
2026-09-12T14:01:10-05:00,PUR_IED_Cundinamarca_Tec2_f449c7,PUR_IED_Cundinamarca_Tec2_f449c7,,,,,
2026-09-12T14:01:10-05:00,PUR_IED_DiegoM_Aula1_27b314,PUR_IED_DiegoM_Aula1_27b314,,,,,
2026-09-12T14:01:10-05:00,PUR_IED_DiegoM_Ext_d80ac8,PUR_IED_DiegoM_Ext_d80ac8,,,,,
2026-09-12T14:01:10-05:00,PUR_IED_DiegoM_S25_da928f,PUR_IED_DiegoM_S25_da928f,,,,,
2026-09-12T14:01:10-05:00,PUR_IED_ELRODEO_360881,PUR_IED_ELRODEO_360881,,,,,
2026-09-12T14:01:10-05:00,PUR_IED_ELRODEO_ext_360881,PUR_IED_ELRODEO_ext_360881,,,,,
2026-09-12T14:01:10-05:00,PUR_IED_EduardoU_Ext_1c1969,PUR_IED_EduardoU_Ext_1c1969,,,,,
2026-09-12T14:01:10-05:00,PUR_IED_EduardoU_SCiencia_4dfb94,PUR_IED_EduardoU_SCiencia_4dfb94,,,,,
2026-09-12T14:01:10-05:00,PUR_IED_EduardoU_SQuimica_5a46e7,PUR_IED_EduardoU_SQuimica_5a46e7,,,,,
2026-09-12T14:01:10-05:00,PUR_IED_ElRodeo_Aula14_676984,PUR_IED_ElRodeo_Aula14_676984,,,,,
2026-09-12T14:01:10-05:00,PUR_IED_ElRodeo_Aula16_2dd35b,PUR_IED_ElRodeo_Aula16_2dd35b,,,,,
2026-09-12T14:01:10-05:00,PUR_IED_ElRodeo_Ext_360881,PUR_IED_ElRodeo_Ext_360881,,,,,
2026-09-12T14:01:10-05:00,PUR_IED_ElRodeo_Exterior_8c6d28,PUR_IED_ElRodeo_Exterior_8c6d28,,,,,
2026-09-12T14:01:10-05:00,PUR_IED_ElRodeo_ext_360881,PUR_IED_ElRodeo_ext_360881,,,,,
2026-09-12T14:01:10-05:00,PUR_IED_EmmaReyes_Ext_987625,PUR_IED_EmmaReyes_Ext_987625,3,22,47,4.6367,-74.1511
2026-09-12T14:01:10-05:00,PUR_IED_Ensueño_Ext_7f0250,PUR_IED_Ensueño_Ext_7f0250,,,,,
2026-09-12T14:01:10-05:00,PUR_IED_EscNormal_Ext_5fef3b,PUR_IED_EscNormal_Ext_5fef3b,2,23,49,4.5852,-74.096901
2026-09-12T14:01:10-05:00,PUR_IED_EscNormal_S309_5b263,PUR_IED_EscNormal_S309_5b263,,,,,
2026-09-12T14:01:10-05:00,PUR_IED_EscNormal_S310_27b3b8,PUR_IED_EscNormal_S310_27b3b8,,,,,
2026-09-12T14:01:10-05:00,PUR_IED_Evangelista_Conta_f6cd4f,PUR_IED_Evangelista_Conta_f6cd4f,,,,,
2026-09-12T14:01:10-05:00,PUR_IED_Evangelista_Cri_5e16a,PUR_IED_Evangelista_Cri_5e16a,,,,,
2026-09-12T14:01:10-05:00,PUR_IED_Evangelista_Exter_754066,PUR_IED_Evangelista_Exter_754066,,,,,
2026-09-12T14:01:10-05:00,PUR_IED_FMiranda_S209_5cc2a3,PUR_IED_FMiranda_S209_5cc2a3,,,,,
2026-09-12T14:01:10-05:00,PUR_IED_FMiranda_S303_19e344,PUR_IED_FMiranda_S303_19e344,,,,,
2026-09-12T14:01:10-05:00,PUR_IED_FMiranda_ext_f53e7c,PUR_IED_FMiranda_ext_f53e7c,,,,,
2026-09-12T14:01:10-05:00,PUR_IED_FabioLozano_Bibli_1cee05,PUR_IED_FabioLozano_Bibli_1cee05,,,,,
2026-09-12T14:01:10-05:00,PUR_IED_FabioLozano_Ext_6ea285,PUR_IED_FabioLozano_Ext_6ea285,,,,,
2026-09-12T14:01:10-05:00,PUR_IED_FabioLozano_SLudi_f09e1e,PUR_IED_FabioLozano_SLudi_f09e1e,,,,,
2026-09-12T14:01:10-05:00,PUR_IED_FaustinoS_Aula07_27a731,PUR_IED_FaustinoS_Aula07_27a731,,,,,
2026-09-12T14:01:10-05:00,PUR_IED_FaustinoS_Ext_7b936f,PUR_IED_FaustinoS_Ext_7b936f,,,,,
2026-09-12T14:01:10-05:00,PUR_IED_FaustinoS_Fisica_da2c60,PUR_IED_FaustinoS_Fisica_da2c60,,,,,
2026-09-12T14:01:10-05:00,PUR_IED_FeGarciaLo_Ext_dc68ee,PUR_IED_FeGarciaLo_Ext_dc68ee,,,,,
2026-09-12T14:01:10-05:00,PUR_IED_FeGarciaLo_SDanza_f70a59,PUR_IED_FeGarciaLo_SDanza_f70a59,,,,,
2026-09-12T14:01:10-05:00,PUR_IED_FeGarciaLo_SMusic_125cdd,PUR_IED_FeGarciaLo_SMusic_125cdd,,,,,
2026-09-12T14:01:10-05:00,PUR_IED_FederalAlema_Exte_50c345,PUR_IED_FederalAlema_Exte_50c345,,,,,
2026-09-12T14:01:10-05:00,PUR_IED_FederalAlema_S31_f18371,PUR_IED_FederalAlema_S31_f18371,,,,,
2026-09-12T14:01:10-05:00,PUR_IED_FederalAlema_S901_a62cd,PUR_IED_FederalAlema_S901_a62cd,,,,,
2026-09-12T14:01:10-05:00,PUR_IED_FilarmonicaS_A5_f35eb1,PUR_IED_FilarmonicaS_A5_f35eb1,,,,,
2026-09-12T14:01:10-05:00,PUR_IED_FilarmonicaS_Ext_8a3bde,PUR_IED_FilarmonicaS_Ext_8a3bde,,,,,
2026-09-12T14:01:10-05:00,PUR_IED_FilarmonicaS_Spol_406114,PUR_IED_FilarmonicaS_Spol_406114,,,,,
2026-09-12T14:01:10-05:00,PUR_IED_FlorentinoG_A13_d1fa59,PUR_IED_FlorentinoG_A13_d1fa59,,,,,
2026-09-12T14:01:10-05:00,PUR_IED_FlorentinoG_Ext_1ce6ce,PUR_IED_FlorentinoG_Ext_1ce6ce,,,,,
2026-09-12T14:01:10-05:00,PUR_IED_FlorentinoG_Idiom_a66aac,PUR_IED_FlorentinoG_Idiom_a66aac,,,,,
2026-09-12T14:01:10-05:00,PUR_IED_FranciscoMati_Ext_e3869d,PUR_IED_FranciscoMati_Ext_e3869d,,,,,
2026-09-12T14:01:10-05:00,PUR_IED_FranciscoMati_S13_f31c67,PUR_IED_FranciscoMati_S13_f31c67,,,,,
2026-09-12T14:01:10-05:00,PUR_IED_FranciscoMati_S14_97dead,PUR_IED_FranciscoMati_S14_97dead,,,,,
2026-09-12T14:01:10-05:00,PUR_IED_FranciscoPS_Ext_7bfa9a,PUR_IED_FranciscoPS_Ext_7bfa9a,2,24,48,4.5899,-74.110397
2026-09-12T14:01:10-05:00,PUR_IED_FranciscoPS_Infor_fb8f4c,PUR_IED_FranciscoPS_Infor_fb8f4c,,,,,
2026-09-12T14:01:10-05:00,PUR_IED_FranciscoPS_Quimi_94d39c,PUR_IED_FranciscoPS_Quimi_94d39c,,,,,
2026-09-12T14:01:10-05:00,PUR_IED_FranciscoP_LabQ_d7e148,PUR_IED_FranciscoP_LabQ_d7e148,,,,,
2026-09-12T14:01:10-05:00,PUR_IED_FranciscoP_S28_cf9b30,PUR_IED_FranciscoP_S28_cf9b30,,,,,
2026-09-12T14:01:10-05:00,PUR_IED_FranciscoP_ext_e2313,PUR_IED_FranciscoP_ext_e2313,,,,,
2026-09-12T14:01:10-05:00,PUR_IED_FriederichN_Ext_8ac92a,PUR_IED_FriederichN_Ext_8ac92a,,,,,
2026-09-12T14:01:10-05:00,PUR_IED_FriederichN_S301_dd7e5a,PUR_IED_FriederichN_S301_dd7e5a,,,,,
2026-09-12T14:01:10-05:00,PUR_IED_FriederichN_S308_761f4f,PUR_IED_FriederichN_S308_761f4f,,,,,
2026-09-12T14:01:10-05:00,PUR_IED_GSantander_Aula10_533dd7,PUR_IED_GSantander_Aula10_533dd7,,,,,
2026-09-12T14:01:10-05:00,PUR_IED_GSantander_Aula12_fd4e4f,PUR_IED_GSantander_Aula12_fd4e4f,,,,,
2026-09-12T14:01:10-05:00,PUR_IED_GSantander_Aula310_533dd7,PUR_IED_GSantander_Aula310_533dd7,,,,,
2026-09-12T14:01:10-05:00,PUR_IED_GSantander_Aula312_fd4e4f,PUR_IED_GSantander_Aula312_fd4e4f,,,,,
2026-09-12T14:01:10-05:00,PUR_IED_GSantander_Ext_5f66b0,PUR_IED_GSantander_Ext_5f66b0,,,,,
2026-09-12T14:01:10-05:00,PUR_IED_GYomasa_Ext_f6bea5,PUR_IED_GYomasa_Ext_f6bea5,,,,,
2026-09-12T14:01:10-05:00,PUR_IED_GYomasa_LBiol_2c41aa,PUR_IED_GYomasa_LBiol_2c41aa,,,,,
2026-09-12T14:01:10-05:00,PUR_IED_GYomasa_LQuim_33c80,PUR_IED_GYomasa_LQuim_33c80,,,,,
2026-09-12T14:01:10-05:00,PUR_IED_GabBetMejia_Cienc_5a99c,PUR_IED_GabBetMejia_Cienc_5a99c,,,,,
2026-09-12T14:01:10-05:00,PUR_IED_GabBetMejia_Ext_9153d0,PUR_IED_GabBetMejia_Ext_9153d0,,,,,
2026-09-12T14:01:10-05:00,PUR_IED_GabBetMejia_Lab_f55347,PUR_IED_GabBetMejia_Lab_f55347,,,,,
2026-09-12T14:01:10-05:00,PUR_IED_GabBetanMejia_Ext_9153d0,PUR_IED_GabBetanMejia_Ext_9153d0,,,,,
2026-09-12T14:01:10-05:00,PUR_IED_Gaitana_Aula13_7aac11,PUR_IED_Gaitana_Aula13_7aac11,,,,,
2026-09-12T14:01:10-05:00,PUR_IED_Gaitana_Ext_5fcf4,PUR_IED_Gaitana_Ext_5fcf4,,,,,
2026-09-12T14:01:10-05:00,PUR_IED_Gaitana_LabFisica_644448,PUR_IED_Gaitana_LabFisica_644448,,,,,
2026-09-12T14:01:10-05:00,PUR_IED_GenSantander_Dise_8ac858,PUR_IED_GenSantander_Dise_8ac858,,,,,
2026-09-12T14:01:10-05:00,PUR_IED_GenSantander_Ext_8d5dfe,PUR_IED_GenSantander_Ext_8d5dfe,,,,,
2026-09-12T14:01:10-05:00,PUR_IED_GenSantander_Info_6c25b,PUR_IED_GenSantander_Info_6c25b,,,,,
2026-09-12T14:01:10-05:00,PUR_IED_GustavoMo_Exterio_75e63d,PUR_IED_GustavoMo_Exterio_75e63d,,,,,
2026-09-12T14:01:10-05:00,PUR_IED_GustavoMo_LabFisi_224d37,PUR_IED_GustavoMo_LabFisi_224d37,,,,,
2026-09-12T14:01:10-05:00,PUR_IED_GustavoMo_S208_3e6918,PUR_IED_GustavoMo_S208_3e6918,,,,,
2026-09-12T14:01:10-05:00,PUR_IED_GustavoR_A02_8cd4a8,PUR_IED_GustavoR_A02_8cd4a8,,,,,
2026-09-12T14:01:10-05:00,PUR_IED_GustavoR_B11_5b0ed,PUR_IED_GustavoR_B11_5b0ed,,,,,
2026-09-12T14:01:10-05:00,PUR_IED_GustavoR_Ext_7a0c90,PUR_IED_GustavoR_Ext_7a0c90,,,,,
2026-09-12T14:01:10-05:00,PUR_IED_HernandoDuran_Ext_8cd82b,PUR_IED_HernandoDuran_Ext_8cd82b,,,,,
2026-09-12T14:01:10-05:00,PUR_IED_HernandoDuran_S24_2772c6,PUR_IED_HernandoDuran_S24_2772c6,,,,,
2026-09-12T14:01:10-05:00,PUR_IED_HernandoDuran_S30_f2de41,PUR_IED_HernandoDuran_S30_f2de41,,,,,
2026-09-12T14:01:10-05:00,PUR_IED_HolguInUr_S1101_8cd732,PUR_IED_HolguInUr_S1101_8cd732,,,,,
2026-09-12T14:01:10-05:00,PUR_IED_HolguinUr_Exter_ddae6d,PUR_IED_HolguinUr_Exter_ddae6d,,,,,
2026-09-12T14:01:10-05:00,PUR_IED_HolguinUr_LabQuim_92b952,PUR_IED_HolguinUr_LabQuim_92b952,,,,,
2026-09-12T14:01:10-05:00,PUR_IED_Isabel-II_Ext_5245cc,PUR_IED_Isabel-II_Ext_5245cc,2,21,50,4.6336,-74.153
2026-09-12T14:01:10-05:00,PUR_IED_Isabel-II_S_idiom_1c29aa,PUR_IED_Isabel-II_S_idiom_1c29aa,,,,,
2026-09-12T14:01:10-05:00,PUR_IED_Isabel-II_S_infor_fd741,PUR_IED_Isabel-II_S_infor_fd741,,,,,
2026-09-12T14:01:10-05:00,PUR_IED_IsidroSur_Exterio_5b90ea,PUR_IED_IsidroSur_Exterio_5b90ea,,,,,
2026-09-12T14:01:10-05:00,PUR_IED_IsidroSur_LabTec_56697a,PUR_IED_IsidroSur_LabTec_56697a,,,,,
2026-09-12T14:01:10-05:00,PUR_IED_IsidroSur_Robotic_b7c38f,PUR_IED_IsidroSur_Robotic_b7c38f,,,,,
2026-09-12T14:01:10-05:00,PUR_IED_IsmaelPerd_Ext_7b6672,PUR_IED_IsmaelPerd_Ext_7b6672,,,,,
2026-09-12T14:01:10-05:00,PUR_IED_IsmaelPerd_Inform_306540,PUR_IED_IsmaelPerd_Inform_306540,,,,,
2026-09-12T14:01:10-05:00,PUR_IED_IsmaelPerd_S30_2e2c83,PUR_IED_IsmaelPerd_S30_2e2c83,,,,,
2026-09-12T14:01:10-05:00,PUR_IED_JLozano_Exter_432910,PUR_IED_JLozano_Exter_432910,,,,,
2026-09-12T14:01:10-05:00,PUR_IED_JLozano_salaMulti_df5125,PUR_IED_JLozano_salaMulti_df5125,,,,,
2026-09-12T14:01:10-05:00,PUR_IED_JMCordoba_206_86f80b,PUR_IED_JMCordoba_206_86f80b,,,,,
2026-09-12T14:01:10-05:00,PUR_IED_JMCordoba_Ext_27ad97,PUR_IED_JMCordoba_Ext_27ad97,,,,,
2026-09-12T14:01:10-05:00,PUR_IED_JMCordoba_S310_d59ab4,PUR_IED_JMCordoba_S310_d59ab4,,,,,
2026-09-12T14:01:10-05:00,PUR_IED_Japon_Ext_549100,PUR_IED_Japon_Ext_549100,,,,,
2026-09-12T14:01:10-05:00,PUR_IED_Japon_Laboratorio_bec51d,PUR_IED_Japon_Laboratorio_bec51d,,,,,
2026-09-12T14:01:10-05:00,PUR_IED_Japon_informatica_d99327,PUR_IED_Japon_informatica_d99327,,,,,
2026-09-12T14:01:10-05:00,PUR_IED_Jazmin_Ext_d27bda,PUR_IED_Jazmin_Ext_d27bda,,,,,
2026-09-12T14:01:10-05:00,PUR_IED_Jazmin_Fisica_8d14d7,PUR_IED_Jazmin_Fisica_8d14d7,,,,,
2026-09-12T14:01:10-05:00,PUR_IED_Jazmin_Quimica_801cb5,PUR_IED_Jazmin_Quimica_801cb5,,,,,
2026-09-12T14:01:10-05:00,PUR_IED_JorgeGaitan_Exter_f098d1,PUR_IED_JorgeGaitan_Exter_f098d1,,,,,
2026-09-12T14:01:10-05:00,PUR_IED_JorgeGaitan_STec1_dc9d1d,PUR_IED_JorgeGaitan_STec1_dc9d1d,,,,,
2026-09-12T14:01:10-05:00,PUR_IED_JorgeGaitan_STec2_281e69,PUR_IED_JorgeGaitan_STec2_281e69,,,,,
2026-09-12T14:01:10-05:00,PUR_IED_JorgeSoto_Exterio_d9d0a2,PUR_IED_JorgeSoto_Exterio_d9d0a2,,,,,
2026-09-12T14:01:10-05:00,PUR_IED_JorgeSoto_LabFisi_209c54,PUR_IED_JorgeSoto_LabFisi_209c54,,,,,
2026-09-12T14:01:10-05:00,PUR_IED_JorgeSoto_S103_27b51a,PUR_IED_JorgeSoto_S103_27b51a,,,,,
2026-09-12T14:01:10-05:00,PUR_IED_JoseAcevedo_A02_e965eb,PUR_IED_JoseAcevedo_A02_e965eb,,,,,
2026-09-12T14:01:10-05:00,PUR_IED_JoseAcevedo_A07_dd5b4,PUR_IED_JoseAcevedo_A07_dd5b4,,,,,
2026-09-12T14:01:10-05:00,PUR_IED_JoseAcevedo_Ext_b47484,PUR_IED_JoseAcevedo_Ext_b47484,,,,,
2026-09-12T14:01:10-05:00,PUR_IED_JoseMarti_Exte_5b9bf,PUR_IED_JoseMarti_Exte_5b9bf,,,,,
2026-09-12T14:01:10-05:00,PUR_IED_JoseMarti_LabQuim_1c6c2d,PUR_IED_JoseMarti_LabQuim_1c6c2d,,,,,
2026-09-12T14:01:10-05:00,PUR_IED_JoseMarti_S_info_f5f177,PUR_IED_JoseMarti_S_info_f5f177,,,,,
2026-09-12T14:01:10-05:00,PUR_IED_Josejoaquin_Ext_dfc5dc,PUR_IED_Josejoaquin_Ext_dfc5dc,,,,,
2026-09-12T14:01:10-05:00,PUR_IED_Josejoaquin_S05_5b2a96,PUR_IED_Josejoaquin_S05_5b2a96,,,,,
2026-09-12T14:01:10-05:00,PUR_IED_Josejoaquin_S06_1ce7d2,PUR_IED_Josejoaquin_S06_1ce7d2,,,,,
2026-09-12T14:01:10-05:00,PUR_IED_JulioFlorez_Danza_9b82dd,PUR_IED_JulioFlorez_Danza_9b82dd,,,,,
2026-09-12T14:01:10-05:00,PUR_IED_JulioFlorez_Exter_f9f314,PUR_IED_JulioFlorez_Exter_f9f314,,,,,
2026-09-12T14:01:10-05:00,PUR_IED_JulioFlorez_info2_6b6e08,PUR_IED_JulioFlorez_info2_6b6e08,,,,,
2026-09-12T14:01:10-05:00,PUR_IED_LaBelleza_Aula13_1d00d8,PUR_IED_LaBelleza_Aula13_1d00d8,,,,,
2026-09-12T14:01:10-05:00,PUR_IED_LaBelleza_Ext_7bc08c,PUR_IED_LaBelleza_Ext_7bc08c,,,,,
2026-09-12T14:01:10-05:00,PUR_IED_LaChucua_Ext_8cd6d2,PUR_IED_LaChucua_Ext_8cd6d2,,,,,
2026-09-12T14:01:10-05:00,PUR_IED_LaChucua_S15_f578ce,PUR_IED_LaChucua_S15_f578ce,,,,,
2026-09-12T14:01:10-05:00,PUR_IED_LaChucua_S16_eebcf9,PUR_IED_LaChucua_S16_eebcf9,,,,,
2026-09-12T14:01:10-05:00,PUR_IED_LaFelicidad_Ext_fb5109,PUR_IED_LaFelicidad_Ext_fb5109,,,,,
2026-09-12T14:01:10-05:00,PUR_IED_LaMerced_206_66ebd,PUR_IED_LaMerced_206_66ebd,,,,,
2026-09-12T14:01:10-05:00,PUR_IED_LaMerced_207_6ebd6,PUR_IED_LaMerced_207_6ebd6,,,,,
2026-09-12T14:01:10-05:00,PUR_IED_LaMerced_ext_304311,PUR_IED_LaMerced_ext_304311,,,,,
2026-09-12T14:01:10-05:00,PUR_IED_Laureano_CiencNat_281e5e,PUR_IED_Laureano_CiencNat_281e5e,,,,,
2026-09-12T14:01:10-05:00,PUR_IED_Laureano_Comedor_f65c0a,PUR_IED_Laureano_Comedor_f65c0a,,,,,
2026-09-12T14:01:10-05:00,PUR_IED_Laureano_Exterior_7ab011,PUR_IED_Laureano_Exterior_7ab011,,,,,
2026-09-12T14:01:10-05:00,PUR_IED_LeonGreiff_Exte_dfe560,PUR_IED_LeonGreiff_Exte_dfe560,,,,,
2026-09-12T14:01:10-05:00,PUR_IED_LeonGreiff_S210_f264ed,PUR_IED_LeonGreiff_S210_f264ed,,,,,
2026-09-12T14:01:10-05:00,PUR_IED_LeonGreiff_SQuimi_e8296f,PUR_IED_LeonGreiff_SQuimi_e8296f,,,,,
2026-09-12T14:01:10-05:00,PUR_IED_LlanoOrientalS208_7b9fcd,PUR_IED_LlanoOrientalS208_7b9fcd,,,,,
2026-09-12T14:01:10-05:00,PUR_IED_LlanoOriental_Ext_fb3766,PUR_IED_LlanoOriental_Ext_fb3766,,,,,
2026-09-12T14:01:10-05:00,PUR_IED_LlanoOriental_S208_7b9fcd,PUR_IED_LlanoOriental_S208_7b9fcd,,,,,
2026-09-12T14:01:10-05:00,PUR_IED_LlanoOriental_S9_27b378,PUR_IED_LlanoOriental_S9_27b378,,,,,
2026-09-12T14:01:10-05:00,PUR_IED_LosTejares_1101_477602,PUR_IED_LosTejares_1101_477602,,,,,
2026-09-12T14:01:10-05:00,PUR_IED_LosTejares_11_d2c595,PUR_IED_LosTejares_11_d2c595,,,,,
2026-09-12T14:01:10-05:00,PUR_IED_LosTejares_12_477602,PUR_IED_LosTejares_12_477602,,,,,
2026-09-12T14:01:10-05:00,PUR_IED_LosTejares_Ext_8e2115,PUR_IED_LosTejares_Ext_8e2115,,,,,
2026-09-12T14:01:10-05:00,PUR_IED_MagdalenaO_B202_5ddda3,PUR_IED_MagdalenaO_B202_5ddda3,,,,,
2026-09-12T14:01:10-05:00,PUR_IED_MagdalenaO_B205_fb76e8,PUR_IED_MagdalenaO_B205_fb76e8,,,,,
2026-09-12T14:01:10-05:00,PUR_IED_MagdalenaO_ext_dc69cd,PUR_IED_MagdalenaO_ext_dc69cd,,,,,
2026-09-12T14:01:10-05:00,PUR_IED_ManueCepeda_artes_eee956,PUR_IED_ManueCepeda_artes_eee956,,,,,
2026-09-12T14:01:10-05:00,PUR_IED_ManuelCepeda_Ext_58313,PUR_IED_ManuelCepeda_Ext_58313,,,,,
2026-09-12T14:01:10-05:00,PUR_IED_ManuelCepeda_tec_1c5731,PUR_IED_ManuelCepeda_tec_1c5731,,,,,
2026-09-12T14:01:10-05:00,PUR_IED_ManuelS_Exterior_5b269,PUR_IED_ManuelS_Exterior_5b269,,,,,
2026-09-12T14:01:10-05:00,PUR_IED_ManuelS_Inform_f369ce,PUR_IED_ManuelS_Inform_f369ce,,,,,
2026-09-12T14:01:10-05:00,PUR_IED_ManuelS_SArtes_7d15f1,PUR_IED_ManuelS_SArtes_7d15f1,,,,,
2026-09-12T14:01:10-05:00,PUR_IED_ManuelZapata_303_3ca6,PUR_IED_ManuelZapata_303_3ca6,,,,,
2026-09-12T14:01:10-05:00,PUR_IED_ManuelZapata_311_bfbabc,PUR_IED_ManuelZapata_311_bfbabc,,,,,
2026-09-12T14:01:10-05:00,PUR_IED_ManuelZapata_Ext_50824a,PUR_IED_ManuelZapata_Ext_50824a,,,,,
2026-09-12T14:01:10-05:00,PUR_IED_ManuelitaS_Exteri_656a92,PUR_IED_ManuelitaS_Exteri_656a92,,,,,
2026-09-12T14:01:10-05:00,PUR_IED_ManuelitaS_JuzgDe_f58ec3,PUR_IED_ManuelitaS_JuzgDe_f58ec3,,,,,
2026-09-12T14:01:10-05:00,PUR_IED_ManuelitaS_Recrea_d793db,PUR_IED_ManuelitaS_Recrea_d793db,,,,,
2026-09-12T14:01:10-05:00,PUR_IED_MarFidSuarez_Ext_c27b19,PUR_IED_MarFidSuarez_Ext_c27b19,,,,,
2026-09-12T14:01:10-05:00,PUR_IED_MarFidSuarez_Info_e384d7,PUR_IED_MarFidSuarez_Info_e384d7,,,,,
2026-09-12T14:01:10-05:00,PUR_IED_MarFidSuarez_S306_1d0032,PUR_IED_MarFidSuarez_S306_1d0032,,,,,
2026-09-12T14:01:10-05:00,PUR_IED_Menorah_301_2a25a3,PUR_IED_Menorah_301_2a25a3,,,,,
2026-09-12T14:01:10-05:00,PUR_IED_Menorah_306_37ed3,PUR_IED_Menorah_306_37ed3,,,,,
2026-09-12T14:01:10-05:00,PUR_IED_Menorah_Ext_3e155b,PUR_IED_Menorah_Ext_3e155b,,,,,
2026-09-12T14:01:10-05:00,PUR_IED_MinutoB.Aires_A11_1b1604,PUR_IED_MinutoB.Aires_A11_1b1604,,,,,
2026-09-12T14:01:10-05:00,PUR_IED_MinutoB.Aires_A12_fb5860,PUR_IED_MinutoB.Aires_A12_fb5860,,,,,
2026-09-12T14:01:10-05:00,PUR_IED_MinutoB.Aires_Ext_81293f,PUR_IED_MinutoB.Aires_Ext_81293f,,,,,
2026-09-12T14:01:10-05:00,PUR_IED_MinutoBAires_A11_1b1604,PUR_IED_MinutoBAires_A11_1b1604,,,,,
2026-09-12T14:01:10-05:00,PUR_IED_MinutoBAires_A12_fb5860,PUR_IED_MinutoBAires_A12_fb5860,,,,,
2026-09-12T14:01:10-05:00,PUR_IED_MinutoBAires_Ext_81293f,PUR_IED_MinutoBAires_Ext_81293f,,,,,
2026-09-12T14:01:10-05:00,PUR_IED_Montreal_Aula10_1e4959,PUR_IED_Montreal_Aula10_1e4959,,,,,
2026-09-12T14:01:10-05:00,PUR_IED_Montreal_Aula6_300367,PUR_IED_Montreal_Aula6_300367,,,,,
2026-09-12T14:01:10-05:00,PUR_IED_Montreal_Exterior_91a179,PUR_IED_Montreal_Exterior_91a179,,,,,
2026-09-12T14:01:10-05:00,PUR_IED_Mqgdalena_B202_5ddda3,PUR_IED_Mqgdalena_B202_5ddda3,,,,,
2026-09-12T14:01:10-05:00,PUR_IED_NACUND_Soc_dc8728,PUR_IED_NACUND_Soc_dc8728,,,,,
2026-09-12T14:01:10-05:00,PUR_IED_NACUND_ext_27ad97,PUR_IED_NACUND_ext_27ad97,,,,,
2026-09-12T14:01:10-05:00,PUR_IED_NEsperanza_Ext_d24b61,PUR_IED_NEsperanza_Ext_d24b61,,,,,
2026-09-12T14:01:10-05:00,PUR_IED_NEsperanza_SElect_7d1807,PUR_IED_NEsperanza_SElect_7d1807,,,,,
2026-09-12T14:01:10-05:00,PUR_IED_NEsperanza_SLabor_8b2d0a,PUR_IED_NEsperanza_SLabor_8b2d0a,,,,,
2026-09-12T14:01:10-05:00,PUR_IED_NacionesU_Ext_f661a9,PUR_IED_NacionesU_Ext_f661a9,,,,,
2026-09-12T14:01:10-05:00,PUR_IED_NacionesU_Quimica_66f0a,PUR_IED_NacionesU_Quimica_66f0a,,,,,
2026-09-12T14:01:10-05:00,PUR_IED_NacionesU_S306_1b4b3d,PUR_IED_NacionesU_S306_1b4b3d,,,,,
2026-09-12T14:01:10-05:00,PUR_IED_NestorFA_Ext_e4201c,PUR_IED_NestorFA_Ext_e4201c,,,,,
2026-09-12T14:01:10-05:00,PUR_IED_NestorFA_Laborato_f22fe0,PUR_IED_NestorFA_Laborato_f22fe0,,,,,
2026-09-12T14:01:10-05:00,PUR_IED_NestorFA_S204_dee996,PUR_IED_NestorFA_S204_dee996,,,,,
2026-09-12T14:01:10-05:00,PUR_IED_NidyaQT_Aula03_76999b,PUR_IED_NidyaQT_Aula03_76999b,,,,,
2026-09-12T14:01:10-05:00,PUR_IED_NidyaQT_Aula10_56325,PUR_IED_NidyaQT_Aula10_56325,,,,,
2026-09-12T14:01:10-05:00,PUR_IED_NidyaQT_Ext_46e32d,PUR_IED_NidyaQT_Ext_46e32d,,,,,
2026-09-12T14:01:10-05:00,PUR_IED_NuevaCol_Exterior_d9b859,PUR_IED_NuevaCol_Exterior_d9b859,,,,,
2026-09-12T14:01:10-05:00,PUR_IED_NuevaCol_S1101_76c43b,PUR_IED_NuevaCol_S1101_76c43b,,,,,
2026-09-12T14:01:10-05:00,PUR_IED_NuevaCol_S1102_1ce0b5,PUR_IED_NuevaCol_S1102_1ce0b5,,,,,
2026-09-12T14:01:10-05:00,PUR_IED_OEA_A202_f7e3f2,PUR_IED_OEA_A202_f7e3f2,,,,,
2026-09-12T14:01:10-05:00,PUR_IED_OEA_A203_7d1b8d,PUR_IED_OEA_A203_7d1b8d,,,,,
2026-09-12T14:01:10-05:00,PUR_IED_OEA_Ext_27b593,PUR_IED_OEA_Ext_27b593,,,,,
2026-09-12T14:01:10-05:00,PUR_IED_Ochoa_Ext_1c29da,PUR_IED_Ochoa_Ext_1c29da,,,,,
2026-09-12T14:01:10-05:00,PUR_IED_Ochoa_S205_8b1121,PUR_IED_Ochoa_S205_8b1121,,,,,
2026-09-12T14:01:10-05:00,PUR_IED_Ochoa_Sistemas_f33af6,PUR_IED_Ochoa_Sistemas_f33af6,,,,,
2026-09-12T14:01:10-05:00,PUR_IED_PQuebec_Ext_1c67c7,PUR_IED_PQuebec_Ext_1c67c7,,,,,
2026-09-12T14:01:10-05:00,PUR_IED_PQuebec_S15_23e8e2,PUR_IED_PQuebec_S15_23e8e2,,,,,
2026-09-12T14:01:10-05:00,PUR_IED_PQuebec_S16_8ec76b,PUR_IED_PQuebec_S16_8ec76b,,,,,
2026-09-12T14:01:10-05:00,PUR_IED_PabloN_Ext_49dc96,PUR_IED_PabloN_Ext_49dc96,,,,,
2026-09-12T14:01:10-05:00,PUR_IED_PabloN_S1102_4e3df5,PUR_IED_PabloN_S1102_4e3df5,,,,,
2026-09-12T14:01:10-05:00,PUR_IED_PabloN_S1103_50c94b,PUR_IED_PabloN_S1103_50c94b,,,,,
2026-09-12T14:01:10-05:00,PUR_IED_Palestina_S1101_db9198,PUR_IED_Palestina_S1101_db9198,,,,,
2026-09-12T14:01:10-05:00,PUR_IED_Palestina_S1102_dc54fa,PUR_IED_Palestina_S1102_dc54fa,,,,,
2026-09-12T14:01:10-05:00,PUR_IED_Palestina_ext_4ccce6,PUR_IED_Palestina_ext_4ccce6,,,,,
2026-09-12T14:01:10-05:00,PUR_IED_Panama_Fisica_4d0794,PUR_IED_Panama_Fisica_4d0794,,,,,
2026-09-12T14:01:10-05:00,PUR_IED_Panama_SIngles_a4077e,PUR_IED_Panama_SIngles_a4077e,,,,,
2026-09-12T14:01:10-05:00,PUR_IED_Panama_ext_4c54b4,PUR_IED_Panama_ext_4c54b4,,,,,
2026-09-12T14:01:10-05:00,PUR_IED_ParaisoM_Exterior_8cd7f0,PUR_IED_ParaisoM_Exterior_8cd7f0,,,,,
2026-09-12T14:01:10-05:00,PUR_IED_ParaisoM_Laborato_27af35,PUR_IED_ParaisoM_Laborato_27af35,,,,,
2026-09-12T14:01:10-05:00,PUR_IED_ParaisoM_S304_d1edca,PUR_IED_ParaisoM_S304_d1edca,,,,,
2026-09-12T14:01:10-05:00,PUR_IED_PorfirioBarba_Ext_301466,PUR_IED_PorfirioBarba_Ext_301466,,,,,
2026-09-12T14:01:10-05:00,PUR_IED_PorfirioBarba_S11_df6cd2,PUR_IED_PorfirioBarba_S11_df6cd2,,,,,
2026-09-12T14:01:10-05:00,PUR_IED_PorfirioBarba_S29_27a7d6,PUR_IED_PorfirioBarba_S29_27a7d6,,,,,
2026-09-12T14:01:10-05:00,PUR_IED_PradoV_Exter_8b27ad,PUR_IED_PradoV_Exter_8b27ad,,,,,
2026-09-12T14:01:10-05:00,PUR_IED_PradoV_S301_de65b5,PUR_IED_PradoV_S301_de65b5,,,,,
2026-09-12T14:01:10-05:00,PUR_IED_PradoV_S302_7d2593,PUR_IED_PradoV_S302_7d2593,,,,,
2026-09-12T14:01:10-05:00,PUR_IED_QuirogaAlz_Ext_1ddc82,PUR_IED_QuirogaAlz_Ext_1ddc82,,,,,
2026-09-12T14:01:10-05:00,PUR_IED_QuirogaAlz_S302_9926a3,PUR_IED_QuirogaAlz_S302_9926a3,,,,,
2026-09-12T14:01:10-05:00,PUR_IED_QuirogaAlz_S305_cdf1f1,PUR_IED_QuirogaAlz_S305_cdf1f1,,,,,
2026-09-12T14:01:10-05:00,PUR_IED_RGuatemala_Biling_dc53b7,PUR_IED_RGuatemala_Biling_dc53b7,,,,,
2026-09-12T14:01:10-05:00,PUR_IED_RGuatemala_Ext_1b89a3,PUR_IED_RGuatemala_Ext_1b89a3,,,,,
2026-09-12T14:01:10-05:00,PUR_IED_RGuatemala_Tecnol_281a34,PUR_IED_RGuatemala_Tecnol_281a34,,,,,
2026-09-12T14:01:10-05:00,PUR_IED_RafaNu_Ext_f7c302,PUR_IED_RafaNu_Ext_f7c302,,,,,
2026-09-12T14:01:10-05:00,PUR_IED_RafaNu_S1101_25fde,PUR_IED_RafaNu_S1101_25fde,,,,,
2026-09-12T14:01:10-05:00,PUR_IED_RafaNu_S1102_281517,PUR_IED_RafaNu_S1102_281517,,,,,
2026-09-12T14:01:10-05:00,PUR_IED_RafaelB_S305_ee2783,PUR_IED_RafaelB_S305_ee2783,,,,,
2026-09-12T14:01:10-05:00,PUR_IED_RafaelB_S306_75fe33,PUR_IED_RafaelB_S306_75fe33,,,,,
2026-09-12T14:01:10-05:00,PUR_IED_RafaelB_ext_283336,PUR_IED_RafaelB_ext_283336,2,20,55,4.6722,-74.0737
2026-09-12T14:01:10-05:00,PUR_IED_RafaelUU_Exterior_281a51,PUR_IED_RafaelUU_Exterior_281a51,,,,,
2026-09-12T14:01:10-05:00,PUR_IED_RafaelUU_Human_806b2,PUR_IED_RafaelUU_Human_806b2,,,,,
2026-09-12T14:01:10-05:00,PUR_IED_RafaelUU_Mate2_5680d4,PUR_IED_RafaelUU_Mate2_5680d4,,,,,
2026-09-12T14:01:10-05:00,PUR_IED_RamonSub_Ext_f9eeb9,PUR_IED_RamonSub_Ext_f9eeb9,,,,,
2026-09-12T14:01:10-05:00,PUR_IED_RamonSub_Media_d1f62f,PUR_IED_RamonSub_Media_d1f62f,,,,,
2026-09-12T14:01:10-05:00,PUR_IED_RamonSub_planta_51b82,PUR_IED_RamonSub_planta_51b82,,,,,
2026-09-12T14:01:10-05:00,PUR_IED_RepBoliVene_Exter_27af7c,PUR_IED_RepBoliVene_Exter_27af7c,,,,,
2026-09-12T14:01:10-05:00,PUR_IED_RepBoliVene_SCPT_5ae2ee,PUR_IED_RepBoliVene_SCPT_5ae2ee,,,,,
2026-09-12T14:01:10-05:00,PUR_IED_RepBoliVene_Socia_4b11d5,PUR_IED_RepBoliVene_Socia_4b11d5,,,,,
2026-09-12T14:01:10-05:00,PUR_IED_RepChina_Ext_76d9ee,PUR_IED_RepChina_Ext_76d9ee,,,,,
2026-09-12T14:01:10-05:00,PUR_IED_RepChina_S404_7c804c,PUR_IED_RepChina_S404_7c804c,,,,,
2026-09-12T14:01:10-05:00,PUR_IED_RepChina_S405_df2c33,PUR_IED_RepChina_S405_df2c33,,,,,
2026-09-12T14:01:10-05:00,PUR_IED_RepublicaC_Exteri_7d1ec9,PUR_IED_RepublicaC_Exteri_7d1ec9,,,,,
2026-09-12T14:01:10-05:00,PUR_IED_RepublicaC_S1101_f544b3,PUR_IED_RepublicaC_S1101_f544b3,,,,,
2026-09-12T14:01:10-05:00,PUR_IED_RepublicaC_S1102_7aafc7,PUR_IED_RepublicaC_S1102_7aafc7,,,,,
2026-09-12T14:01:10-05:00,PUR_IED_Ricaurte_Externo_a0ea1,PUR_IED_Ricaurte_Externo_a0ea1,,,,,
2026-09-12T14:01:10-05:00,PUR_IED_Ricaurte_S210_f546fd,PUR_IED_Ricaurte_S210_f546fd,,,,,
2026-09-12T14:01:10-05:00,PUR_IED_Ricaurte_S309_d4452,PUR_IED_Ricaurte_S309_d4452,,,,,
2026-09-12T14:01:10-05:00,PUR_IED_RogelioS_1102_531e69,PUR_IED_RogelioS_1102_531e69,,,,,
2026-09-12T14:01:10-05:00,PUR_IED_RogelioS_Ext_f25a18,PUR_IED_RogelioS_Ext_f25a18,,,,,
2026-09-12T14:01:10-05:00,PUR_IED_SBernardino_Ext_27aff8,PUR_IED_SBernardino_Ext_27aff8,,,,,
2026-09-12T14:01:10-05:00,PUR_IED_SBernardino_SArte_2ffd33,PUR_IED_SBernardino_SArte_2ffd33,,,,,
2026-09-12T14:01:10-05:00,PUR_IED_SBernardino_SIngl_7c7da5,PUR_IED_SBernardino_SIngl_7c7da5,,,,,
2026-09-12T14:01:10-05:00,PUR_IED_Sago_auditorio_dc9d1d,PUR_IED_Sago_auditorio_dc9d1d,,,,,
2026-09-12T14:01:10-05:00,PUR_IED_Saludcoop_Ext_95aac3,PUR_IED_Saludcoop_Ext_95aac3,,,,,
2026-09-12T14:01:10-05:00,PUR_IED_Saludcoop_InfI_90c854,PUR_IED_Saludcoop_InfI_90c854,,,,,
2026-09-12T14:01:10-05:00,PUR_IED_Saludcoop_SMedia_1b93be,PUR_IED_Saludcoop_SMedia_1b93be,,,,,
2026-09-12T14:01:10-05:00,PUR_IED_SanCarlos_1101_1a2360,PUR_IED_SanCarlos_1101_1a2360,,,,,
2026-09-12T14:01:10-05:00,PUR_IED_SanCarlos_1103_7bafb5,PUR_IED_SanCarlos_1103_7bafb5,,,,,
2026-09-12T14:01:10-05:00,PUR_IED_SanCarlos_Ext_b7cd1,PUR_IED_SanCarlos_Ext_b7cd1,,,,,
2026-09-12T14:01:10-05:00,PUR_IED_SanIgnacioBosa11a_50c26e,PUR_IED_SanIgnacioBosa11a_50c26e,,,,,
2026-09-12T14:01:10-05:00,PUR_IED_SanIgnacioBosa11b_371de8,PUR_IED_SanIgnacioBosa11b_371de8,,,,,
2026-09-12T14:01:10-05:00,PUR_IED_SanIgnacioBosaExt_ef0ffc,PUR_IED_SanIgnacioBosaExt_ef0ffc,,,,,
2026-09-12T14:01:10-05:00,PUR_IED_SanIgnacioBosa_11a_50c26e,PUR_IED_SanIgnacioBosa_11a_50c26e,,,,,
2026-09-12T14:01:10-05:00,PUR_IED_SanIgnacioBosa_Ext_ef0ffc,PUR_IED_SanIgnacioBosa_Ext_ef0ffc,,,,,
2026-09-12T14:01:10-05:00,PUR_IED_SanJoseN_intS1101_31c47f,PUR_IED_SanJoseN_intS1101_31c47f,,,,,
2026-09-12T14:01:10-05:00,PUR_IED_SanJoseUsm_Exter_f5d7e8,PUR_IED_SanJoseUsm_Exter_f5d7e8,,,,,
2026-09-12T14:01:10-05:00,PUR_IED_SanJoseUsm_Int11A_cfdef6,PUR_IED_SanJoseUsm_Int11A_cfdef6,,,,,
2026-09-12T14:01:10-05:00,PUR_IED_SilveriaR_IntB5_905349,PUR_IED_SilveriaR_IntB5_905349,,,,,
2026-09-12T14:01:10-05:00,PUR_IED_SilveriaR_IntSD14_981f93,PUR_IED_SilveriaR_IntSD14_981f93,,,,,
2026-09-12T14:01:10-05:00,PUR_IED_SilveriaR_ext_2b651d,PUR_IED_SilveriaR_ext_2b651d,,,,,
2026-09-12T14:01:10-05:00,PUR_IED_SimonB_Exterior_913975,PUR_IED_SimonB_Exterior_913975,,,,,
2026-09-12T14:01:10-05:00,PUR_IED_SimonB_LabQuimi_c56908,PUR_IED_SimonB_LabQuimi_c56908,,,,,
2026-09-12T14:01:10-05:00,PUR_IED_SimonB_informatic_a28c1,PUR_IED_SimonB_informatic_a28c1,,,,,
2026-09-12T14:01:10-05:00,PUR_IED_Sorrento_1102_315f50,PUR_IED_Sorrento_1102_315f50,,,,,
2026-09-12T14:01:10-05:00,PUR_IED_Sorrento_Minte_214eab,PUR_IED_Sorrento_Minte_214eab,,,,,
2026-09-12T14:01:10-05:00,PUR_IED_Sorrento_ext_7c3a0a,PUR_IED_Sorrento_ext_7c3a0a,,,,,
2026-09-12T14:01:10-05:00,PUR_IED_Tabora_Ext_f048ae,PUR_IED_Tabora_Ext_f048ae,,,,,
2026-09-12T14:01:10-05:00,PUR_IED_Tabora_S1102_b07752,PUR_IED_Tabora_S1102_b07752,,,,,
2026-09-12T14:01:10-05:00,PUR_IED_Tabora_S1103_d988f5,PUR_IED_Tabora_S1103_d988f5,,,,,
2026-09-12T14:01:10-05:00,PUR_IED_Tenerife_Ext_1ab188,PUR_IED_Tenerife_Ext_1ab188,,,,,
2026-09-12T14:01:10-05:00,PUR_IED_Tenerife_SDanzas_7bc02e,PUR_IED_Tenerife_SDanzas_7bc02e,,,,,
2026-09-12T14:01:10-05:00,PUR_IED_Tenerife_SIngles_7cc277,PUR_IED_Tenerife_SIngles_7cc277,,,,,
2026-09-12T14:01:10-05:00,PUR_IED_Tibabuyes_Exter_f2683d,PUR_IED_Tibabuyes_Exter_f2683d,,,,,
2026-09-12T14:01:10-05:00,PUR_IED_Tibabuyes_S10_dc87a8,PUR_IED_Tibabuyes_S10_dc87a8,,,,,
2026-09-12T14:01:10-05:00,PUR_IED_Tibabuyes_S15_dc0526,PUR_IED_Tibabuyes_S15_dc0526,,,,,
2026-09-12T14:01:10-05:00,PUR_IED_UnionE_S301_a1043,PUR_IED_UnionE_S301_a1043,,,,,
2026-09-12T14:01:10-05:00,PUR_IED_UnionE_S307_ff6c2f,PUR_IED_UnionE_S307_ff6c2f,,,,,
2026-09-12T14:01:10-05:00,PUR_IED_UnionE__Ext_5e2468,PUR_IED_UnionE__Ext_5e2468,,,,,
2026-09-12T14:01:10-05:00,PUR_IED_VillaRica_Ext_75be7c,PUR_IED_VillaRica_Ext_75be7c,,,,,
2026-09-12T14:01:10-05:00,PUR_IED_VillaRica_S4_cc5dcd,PUR_IED_VillaRica_S4_cc5dcd,,,,,
2026-09-12T14:01:10-05:00,PUR_IED_VillaRica_Sesp_99f5c,PUR_IED_VillaRica_Sesp_99f5c,,,,,
2026-09-12T14:06:06-05:00,PUR_IED_20deJulio_1101_91b1b9,PUR_IED_20deJulio_1101_91b1b9,,,,,
2026-09-12T14:06:06-05:00,PUR_IED_20deJulio_1102_1cfcf9,PUR_IED_20deJulio_1102_1cfcf9,,,,,
2026-09-12T14:06:06-05:00,PUR_IED_20deJulio_Ext_ab60bd,PUR_IED_20deJulio_Ext_ab60bd,,,,,
2026-09-12T14:06:06-05:00,PUR_IED_AgustinFer_Ext_7b9b77,PUR_IED_AgustinFer_Ext_7b9b77,,,,,
2026-09-12T14:06:06-05:00,PUR_IED_AgustinFer_Info2_27b3a7,PUR_IED_AgustinFer_Info2_27b3a7,,,,,
2026-09-12T14:06:06-05:00,PUR_IED_AgustinFer_Sena_54b4eb,PUR_IED_AgustinFer_Sena_54b4eb,,,,,
2026-09-12T14:06:06-05:00,PUR_IED_AlexanderF_1102_caf07b,PUR_IED_AlexanderF_1102_caf07b,,,,,
2026-09-12T14:06:06-05:00,PUR_IED_AlexanderF_1103_c79e71,PUR_IED_AlexanderF_1103_c79e71,,,,,
2026-09-12T14:06:06-05:00,PUR_IED_AlexanderF_Ext_c5b18b,PUR_IED_AlexanderF_Ext_c5b18b,,,,,
2026-09-12T14:06:06-05:00,PUR_IED_AlfonsoLopez_Ext_281d77,PUR_IED_AlfonsoLopez_Ext_281d77,,,,,
2026-09-12T14:06:06-05:00,PUR_IED_AlfonsoLopez_LabF_888ce0,PUR_IED_AlfonsoLopez_LabF_888ce0,,,,,
2026-09-12T14:06:06-05:00,PUR_IED_AlfonsoLopez_SMed_df6a7f,PUR_IED_AlfonsoLopez_SMed_df6a7f,,,,,
2026-09-12T14:06:06-05:00,PUR_IED_AltamiraSO_A2_209f92,PUR_IED_AltamiraSO_A2_209f92,,,,,
2026-09-12T14:06:06-05:00,PUR_IED_AltamiraSO_Ext_186d66,PUR_IED_AltamiraSO_Ext_186d66,,,,,
2026-09-12T14:06:06-05:00,PUR_IED_AltamiraSO_Sistem_27afe1,PUR_IED_AltamiraSO_Sistem_27afe1,,,,,
2026-09-12T14:06:06-05:00,PUR_IED_AlvaroGom_LabQuim_813179,PUR_IED_AlvaroGom_LabQuim_813179,,,,,
2026-09-12T14:06:06-05:00,PUR_IED_AlvaroGomez_Ext_47c7ca,PUR_IED_AlvaroGomez_Ext_47c7ca,,,,,
2026-09-12T14:06:06-05:00,PUR_IED_AlvaroGomez_LabQuim_813179,PUR_IED_AlvaroGomez_LabQuim_813179,,,,,
2026-09-12T14:06:06-05:00,PUR_IED_AlvaroGomez_S23_7ba89f,PUR_IED_AlvaroGomez_S23_7ba89f,,,,,
2026-09-12T14:06:06-05:00,PUR_IED_Amistad_306_dc8728,PUR_IED_Amistad_306_dc8728,,,,,
2026-09-12T14:06:06-05:00,PUR_IED_Amistad_Ext_8cd55e,PUR_IED_Amistad_Ext_8cd55e,,,,,
2026-09-12T14:06:06-05:00,PUR_IED_Amistad_S202_a41169,PUR_IED_Amistad_S202_a41169,,,,,
2026-09-12T14:06:06-05:00,PUR_IED_AndresBello_Bio_fd5f5e,PUR_IED_AndresBello_Bio_fd5f5e,,,,,
2026-09-12T14:06:06-05:00,PUR_IED_AndresBello_ext_dcad65,PUR_IED_AndresBello_ext_dcad65,,,,,
2026-09-12T14:06:06-05:00,PUR_IED_AndresBello_port_eed3ec,PUR_IED_AndresBello_port_eed3ec,,,,,
2026-09-12T14:06:06-05:00,PUR_IED_AngelaR_11b_d90a6b,PUR_IED_AngelaR_11b_d90a6b,,,,,
2026-09-12T14:06:06-05:00,PUR_IED_AngelaR_ext_7cad3e,PUR_IED_AngelaR_ext_7cad3e,,,,,
2026-09-12T14:06:06-05:00,PUR_IED_AntJoseSucre_10mo_df2575,PUR_IED_AntJoseSucre_10mo_df2575,,,,,
2026-09-12T14:06:06-05:00,PUR_IED_AntJoseSucre_Ext_215b36,PUR_IED_AntJoseSucre_Ext_215b36,,,,,
2026-09-12T14:06:06-05:00,PUR_IED_AntJoseSucre_Lab_3139de,PUR_IED_AntJoseSucre_Lab_3139de,,,,,
2026-09-12T14:06:06-05:00,PUR_IED_AntonioGarcia_301_d6b188,PUR_IED_AntonioGarcia_301_d6b188,,,,,
2026-09-12T14:06:06-05:00,PUR_IED_AntonioGarcia_302_88a82,PUR_IED_AntonioGarcia_302_88a82,,,,,
2026-09-12T14:06:06-05:00,PUR_IED_AntonioGarcia_Ext_20950c,PUR_IED_AntonioGarcia_Ext_20950c,,,,,
2026-09-12T14:06:06-05:00,PUR_IED_AntonioVan_Aula2_6dea02,PUR_IED_AntonioVan_Aula2_6dea02,,,,,
2026-09-12T14:06:06-05:00,PUR_IED_AntonioVan_Aula5_f1557e,PUR_IED_AntonioVan_Aula5_f1557e,,,,,
2026-09-12T14:06:06-05:00,PUR_IED_AntonioVan_Ext_406f2f,PUR_IED_AntonioVan_Ext_406f2f,,,,,
2026-09-12T14:06:06-05:00,PUR_IED_Atabanzha_Ext_cc5af9,PUR_IED_Atabanzha_Ext_cc5af9,,,,,
2026-09-12T14:06:06-05:00,PUR_IED_Atabanzha_SA101_56c37,PUR_IED_Atabanzha_SA101_56c37,,,,,
2026-09-12T14:06:06-05:00,PUR_IED_Atabanzha_SB302_27b374,PUR_IED_Atabanzha_SB302_27b374,,,,,
2026-09-12T14:06:06-05:00,PUR_IED_Atahualpa_Ext_fc1748,PUR_IED_Atahualpa_Ext_fc1748,,,,,
2026-09-12T14:06:06-05:00,PUR_IED_Atahualpa_Informa_dc9a95,PUR_IED_Atahualpa_Informa_dc9a95,,,,,
2026-09-12T14:06:06-05:00,PUR_IED_Atahualpa_S1101_f98056,PUR_IED_Atahualpa_S1101_f98056,,,,,
2026-09-12T14:06:06-05:00,PUR_IED_Bellavista_Ext_f5aa74,PUR_IED_Bellavista_Ext_f5aa74,,,,,
2026-09-12T14:06:06-05:00,PUR_IED_Bilbao_11A_916c41,PUR_IED_Bilbao_11A_916c41,,,,,
2026-09-12T14:06:06-05:00,PUR_IED_Bilbao_Ext_fb579a,PUR_IED_Bilbao_Ext_fb579a,,,,,
2026-09-12T14:06:06-05:00,PUR_IED_BrasiliaU_A125_304280,PUR_IED_BrasiliaU_A125_304280,,,,,
2026-09-12T14:06:06-05:00,PUR_IED_BrasiliaU_A203_7c8ca5,PUR_IED_BrasiliaU_A203_7c8ca5,,,,,
2026-09-12T14:06:06-05:00,PUR_IED_BrasiliaU_Ext_8d6e9f,PUR_IED_BrasiliaU_Ext_8d6e9f,3,21,53,4.5175,-74.116302
2026-09-12T14:06:06-05:00,PUR_IED_Brasilia_Ext_fe6593,PUR_IED_Brasilia_Ext_fe6593,,,,,
2026-09-12T14:06:06-05:00,PUR_IED_Brasilia_S24_7c130d,PUR_IED_Brasilia_S24_7c130d,,,,,
2026-09-12T14:06:06-05:00,PUR_IED_Brasilia_S501_186a54,PUR_IED_Brasilia_S501_186a54,,,,,
2026-09-12T14:06:06-05:00,PUR_IED_CHARRY_EXT_f1d5cd,PUR_IED_CHARRY_EXT_f1d5cd,,,,,
2026-09-12T14:06:06-05:00,PUR_IED_CHARRY_INTDANZAS_7a08e6,PUR_IED_CHARRY_INTDANZAS_7a08e6,,,,,
2026-09-12T14:06:06-05:00,PUR_IED_CHARRY_INT_AULA20_dc998d,PUR_IED_CHARRY_INT_AULA20_dc998d,,,,,
2026-09-12T14:06:06-05:00,PUR_IED_COLVIV_1101_S25_7f520a,PUR_IED_COLVIV_1101_S25_7f520a,,,,,
2026-09-12T14:06:06-05:00,PUR_IED_COLVIV_1102_S16_f570ba,PUR_IED_COLVIV_1102_S16_f570ba,,,,,
2026-09-12T14:06:06-05:00,PUR_IED_COLVIV_Ext_1a26fa,PUR_IED_COLVIV_Ext_1a26fa,,,,,
2026-09-12T14:06:06-05:00,PUR_IED_CULPOP_301A_f660f3,PUR_IED_CULPOP_301A_f660f3,,,,,
2026-09-12T14:06:06-05:00,PUR_IED_CULPOP_303_568afe,PUR_IED_CULPOP_303_568afe,,,,,
2026-09-12T14:06:06-05:00,PUR_IED_CULPOP_Ext_e02ccb,PUR_IED_CULPOP_Ext_e02ccb,,,,,
2026-09-12T14:06:06-05:00,PUR_IED_CVillavicen_Ext_26eb58,PUR_IED_CVillavicen_Ext_26eb58,2,18,68,4.487,-74.102798
2026-09-12T14:06:06-05:00,PUR_IED_CVillavicen_Intel_1ce5c2,PUR_IED_CVillavicen_Intel_1ce5c2,,,,,
2026-09-12T14:06:06-05:00,PUR_IED_CVillavicen_Poliv_e0766c,PUR_IED_CVillavicen_Poliv_e0766c,,,,,
2026-09-12T14:06:06-05:00,PUR_IED_CVillavicen_int_1ba140,PUR_IED_CVillavicen_int_1ba140,,,,,
2026-09-12T14:06:06-05:00,PUR_IED_CVillavicen_intel_1ba140,PUR_IED_CVillavicen_intel_1ba140,,,,,
2026-09-12T14:06:06-05:00,PUR_IED_CarlosPizarro_Ext_e307cc,PUR_IED_CarlosPizarro_Ext_e307cc,,,,,
2026-09-12T14:06:06-05:00,PUR_IED_CarlosPizarro_L36_7e5cdb,PUR_IED_CarlosPizarro_L36_7e5cdb,,,,,
2026-09-12T14:06:06-05:00,PUR_IED_CarlosPizarro_L37_c8566c,PUR_IED_CarlosPizarro_L37_c8566c,,,,,
2026-09-12T14:06:06-05:00,PUR_IED_Castilla_Ext_cf35f,PUR_IED_Castilla_Ext_cf35f,,,,,
2026-09-12T14:06:06-05:00,PUR_IED_Castilla_SFisik_360e38,PUR_IED_Castilla_SFisik_360e38,,,,,
2026-09-12T14:06:06-05:00,PUR_IED_Castilla_Sc304_496fbf,PUR_IED_Castilla_Sc304_496fbf,,,,,
2026-09-12T14:06:06-05:00,PUR_IED_CervantesSa_Ext_6b57b,PUR_IED_CervantesSa_Ext_6b57b,2,21,59,4.5128,-74.117203
2026-09-12T14:06:06-05:00,PUR_IED_CervantesSa_S107_225c2b,PUR_IED_CervantesSa_S107_225c2b,,,,,
2026-09-12T14:06:06-05:00,PUR_IED_CervantesSa_S108_940925,PUR_IED_CervantesSa_S108_940925,,,,,
2026-09-12T14:06:06-05:00,PUR_IED_Charry_A20_f53e7c,PUR_IED_Charry_A20_f53e7c,,,,,
2026-09-12T14:06:06-05:00,PUR_IED_Charry_Ext_f1d5cd,PUR_IED_Charry_Ext_f1d5cd,,,,,
2026-09-12T14:06:06-05:00,PUR_IED_Charry_IntAula20_dc998d,PUR_IED_Charry_IntAula20_dc998d,,,,,
2026-09-12T14:06:06-05:00,PUR_IED_Charry_IntDanzas_7a08e6,PUR_IED_Charry_IntDanzas_7a08e6,,,,,
2026-09-12T14:06:06-05:00,PUR_IED_ClememciaC_203_43e2fc,PUR_IED_ClememciaC_203_43e2fc,,,,,
2026-09-12T14:06:06-05:00,PUR_IED_ClememciaC_Ext_1b411a,PUR_IED_ClememciaC_Ext_1b411a,,,,,
2026-09-12T14:06:06-05:00,PUR_IED_ClememciaC_Quimic_44b5fc,PUR_IED_ClememciaC_Quimic_44b5fc,,,,,
2026-09-12T14:06:06-05:00,PUR_IED_ClemenciaC_203_43e2fc,PUR_IED_ClemenciaC_203_43e2fc,,,,,
2026-09-12T14:06:06-05:00,PUR_IED_ClemenciaC_Ext_1b411a,PUR_IED_ClemenciaC_Ext_1b411a,,,,,
2026-09-12T14:06:06-05:00,PUR_IED_ClemenciaC_Quimic_44b5fc,PUR_IED_ClemenciaC_Quimic_44b5fc,,,,,
2026-09-12T14:06:06-05:00,PUR_IED_ColViva_1101_S25_7f520a,PUR_IED_ColViva_1101_S25_7f520a,,,,,
2026-09-12T14:06:06-05:00,PUR_IED_ColViva_1102_S16_f570ba,PUR_IED_ColViva_1102_S16_f570ba,,,,,
2026-09-12T14:06:06-05:00,PUR_IED_ColViva_Ext_1a26fa,PUR_IED_ColViva_Ext_1a26fa,,,,,
2026-09-12T14:06:06-05:00,PUR_IED_ColegioBici_Asist_7c8798,PUR_IED_ColegioBici_Asist_7c8798,,,,,
2026-09-12T14:06:06-05:00,PUR_IED_ColegioBici_Ext_25cbf6,PUR_IED_ColegioBici_Ext_25cbf6,,,,,
2026-09-12T14:06:06-05:00,PUR_IED_ColegioBici_LabQ_7b57db,PUR_IED_ColegioBici_LabQ_7b57db,,,,,
2026-09-12T14:06:06-05:00,PUR_IED_CostaRica_Ext_5e640,PUR_IED_CostaRica_Ext_5e640,,,,,
2026-09-12T14:06:06-05:00,PUR_IED_CostaRica_Quim1_766d1c,PUR_IED_CostaRica_Quim1_766d1c,,,,,
2026-09-12T14:06:06-05:00,PUR_IED_CostaRica__Fisica_6f0873,PUR_IED_CostaRica__Fisica_6f0873,,,,,
2026-09-12T14:06:06-05:00,PUR_IED_CulPopu_301A_f660f3,PUR_IED_CulPopu_301A_f660f3,,,,,
2026-09-12T14:06:06-05:00,PUR_IED_CulPopu_303_568afe,PUR_IED_CulPopu_303_568afe,,,,,
2026-09-12T14:06:06-05:00,PUR_IED_CulPopu_Ext_e02ccb,PUR_IED_CulPopu_Ext_e02ccb,,,,,
2026-09-12T14:06:06-05:00,PUR_IED_Cundinamarca_Ext_f15985,PUR_IED_Cundinamarca_Ext_f15985,,,,,
2026-09-12T14:06:06-05:00,PUR_IED_Cundinamarca_Info_7aa5d7,PUR_IED_Cundinamarca_Info_7aa5d7,,,,,
2026-09-12T14:06:06-05:00,PUR_IED_Cundinamarca_Tec2_f449c7,PUR_IED_Cundinamarca_Tec2_f449c7,,,,,
2026-09-12T14:06:06-05:00,PUR_IED_DiegoM_Aula1_27b314,PUR_IED_DiegoM_Aula1_27b314,,,,,
2026-09-12T14:06:06-05:00,PUR_IED_DiegoM_Ext_d80ac8,PUR_IED_DiegoM_Ext_d80ac8,,,,,
2026-09-12T14:06:06-05:00,PUR_IED_DiegoM_S25_da928f,PUR_IED_DiegoM_S25_da928f,,,,,
2026-09-12T14:06:06-05:00,PUR_IED_ELRODEO_360881,PUR_IED_ELRODEO_360881,,,,,
2026-09-12T14:06:06-05:00,PUR_IED_ELRODEO_ext_360881,PUR_IED_ELRODEO_ext_360881,,,,,
2026-09-12T14:06:06-05:00,PUR_IED_EduardoU_Ext_1c1969,PUR_IED_EduardoU_Ext_1c1969,,,,,
2026-09-12T14:06:06-05:00,PUR_IED_EduardoU_SCiencia_4dfb94,PUR_IED_EduardoU_SCiencia_4dfb94,,,,,
2026-09-12T14:06:06-05:00,PUR_IED_EduardoU_SQuimica_5a46e7,PUR_IED_EduardoU_SQuimica_5a46e7,,,,,
2026-09-12T14:06:06-05:00,PUR_IED_ElRodeo_Aula14_676984,PUR_IED_ElRodeo_Aula14_676984,,,,,
2026-09-12T14:06:06-05:00,PUR_IED_ElRodeo_Aula16_2dd35b,PUR_IED_ElRodeo_Aula16_2dd35b,,,,,
2026-09-12T14:06:06-05:00,PUR_IED_ElRodeo_Ext_360881,PUR_IED_ElRodeo_Ext_360881,,,,,
2026-09-12T14:06:06-05:00,PUR_IED_ElRodeo_Exterior_8c6d28,PUR_IED_ElRodeo_Exterior_8c6d28,,,,,
2026-09-12T14:06:06-05:00,PUR_IED_ElRodeo_ext_360881,PUR_IED_ElRodeo_ext_360881,,,,,
2026-09-12T14:06:06-05:00,PUR_IED_EmmaReyes_Ext_987625,PUR_IED_EmmaReyes_Ext_987625,2,22,47,4.6367,-74.1511
2026-09-12T14:06:06-05:00,PUR_IED_Ensueño_Ext_7f0250,PUR_IED_Ensueño_Ext_7f0250,,,,,
2026-09-12T14:06:06-05:00,PUR_IED_EscNormal_Ext_5fef3b,PUR_IED_EscNormal_Ext_5fef3b,2,23,49,4.5852,-74.096901
2026-09-12T14:06:06-05:00,PUR_IED_EscNormal_S309_5b263,PUR_IED_EscNormal_S309_5b263,,,,,
2026-09-12T14:06:06-05:00,PUR_IED_EscNormal_S310_27b3b8,PUR_IED_EscNormal_S310_27b3b8,,,,,
2026-09-12T14:06:06-05:00,PUR_IED_Evangelista_Conta_f6cd4f,PUR_IED_Evangelista_Conta_f6cd4f,,,,,
2026-09-12T14:06:06-05:00,PUR_IED_Evangelista_Cri_5e16a,PUR_IED_Evangelista_Cri_5e16a,,,,,
2026-09-12T14:06:06-05:00,PUR_IED_Evangelista_Exter_754066,PUR_IED_Evangelista_Exter_754066,,,,,
2026-09-12T14:06:06-05:00,PUR_IED_FMiranda_S209_5cc2a3,PUR_IED_FMiranda_S209_5cc2a3,,,,,
2026-09-12T14:06:06-05:00,PUR_IED_FMiranda_S303_19e344,PUR_IED_FMiranda_S303_19e344,,,,,
2026-09-12T14:06:06-05:00,PUR_IED_FMiranda_ext_f53e7c,PUR_IED_FMiranda_ext_f53e7c,,,,,
2026-09-12T14:06:06-05:00,PUR_IED_FabioLozano_Bibli_1cee05,PUR_IED_FabioLozano_Bibli_1cee05,,,,,
2026-09-12T14:06:06-05:00,PUR_IED_FabioLozano_Ext_6ea285,PUR_IED_FabioLozano_Ext_6ea285,,,,,
2026-09-12T14:06:06-05:00,PUR_IED_FabioLozano_SLudi_f09e1e,PUR_IED_FabioLozano_SLudi_f09e1e,,,,,
2026-09-12T14:06:06-05:00,PUR_IED_FaustinoS_Aula07_27a731,PUR_IED_FaustinoS_Aula07_27a731,,,,,
2026-09-12T14:06:06-05:00,PUR_IED_FaustinoS_Ext_7b936f,PUR_IED_FaustinoS_Ext_7b936f,,,,,
2026-09-12T14:06:06-05:00,PUR_IED_FaustinoS_Fisica_da2c60,PUR_IED_FaustinoS_Fisica_da2c60,,,,,
2026-09-12T14:06:06-05:00,PUR_IED_FeGarciaLo_Ext_dc68ee,PUR_IED_FeGarciaLo_Ext_dc68ee,,,,,
2026-09-12T14:06:06-05:00,PUR_IED_FeGarciaLo_SDanza_f70a59,PUR_IED_FeGarciaLo_SDanza_f70a59,,,,,
2026-09-12T14:06:06-05:00,PUR_IED_FeGarciaLo_SMusic_125cdd,PUR_IED_FeGarciaLo_SMusic_125cdd,,,,,
2026-09-12T14:06:06-05:00,PUR_IED_FederalAlema_Exte_50c345,PUR_IED_FederalAlema_Exte_50c345,,,,,
2026-09-12T14:06:06-05:00,PUR_IED_FederalAlema_S31_f18371,PUR_IED_FederalAlema_S31_f18371,,,,,
2026-09-12T14:06:06-05:00,PUR_IED_FederalAlema_S901_a62cd,PUR_IED_FederalAlema_S901_a62cd,,,,,
2026-09-12T14:06:06-05:00,PUR_IED_FilarmonicaS_A5_f35eb1,PUR_IED_FilarmonicaS_A5_f35eb1,,,,,
2026-09-12T14:06:06-05:00,PUR_IED_FilarmonicaS_Ext_8a3bde,PUR_IED_FilarmonicaS_Ext_8a3bde,,,,,
2026-09-12T14:06:06-05:00,PUR_IED_FilarmonicaS_Spol_406114,PUR_IED_FilarmonicaS_Spol_406114,,,,,
2026-09-12T14:06:06-05:00,PUR_IED_FlorentinoG_A13_d1fa59,PUR_IED_FlorentinoG_A13_d1fa59,,,,,
2026-09-12T14:06:06-05:00,PUR_IED_FlorentinoG_Ext_1ce6ce,PUR_IED_FlorentinoG_Ext_1ce6ce,,,,,
2026-09-12T14:06:06-05:00,PUR_IED_FlorentinoG_Idiom_a66aac,PUR_IED_FlorentinoG_Idiom_a66aac,,,,,
2026-09-12T14:06:06-05:00,PUR_IED_FranciscoMati_Ext_e3869d,PUR_IED_FranciscoMati_Ext_e3869d,,,,,
2026-09-12T14:06:06-05:00,PUR_IED_FranciscoMati_S13_f31c67,PUR_IED_FranciscoMati_S13_f31c67,,,,,
2026-09-12T14:06:06-05:00,PUR_IED_FranciscoMati_S14_97dead,PUR_IED_FranciscoMati_S14_97dead,,,,,
2026-09-12T14:06:06-05:00,PUR_IED_FranciscoPS_Ext_7bfa9a,PUR_IED_FranciscoPS_Ext_7bfa9a,2,24,48,4.5899,-74.110397
2026-09-12T14:06:06-05:00,PUR_IED_FranciscoPS_Infor_fb8f4c,PUR_IED_FranciscoPS_Infor_fb8f4c,,,,,
2026-09-12T14:06:06-05:00,PUR_IED_FranciscoPS_Quimi_94d39c,PUR_IED_FranciscoPS_Quimi_94d39c,,,,,
2026-09-12T14:06:06-05:00,PUR_IED_FranciscoP_LabQ_d7e148,PUR_IED_FranciscoP_LabQ_d7e148,,,,,
2026-09-12T14:06:06-05:00,PUR_IED_FranciscoP_S28_cf9b30,PUR_IED_FranciscoP_S28_cf9b30,,,,,
2026-09-12T14:06:06-05:00,PUR_IED_FranciscoP_ext_e2313,PUR_IED_FranciscoP_ext_e2313,,,,,
2026-09-12T14:06:06-05:00,PUR_IED_FriederichN_Ext_8ac92a,PUR_IED_FriederichN_Ext_8ac92a,,,,,
2026-09-12T14:06:06-05:00,PUR_IED_FriederichN_S301_dd7e5a,PUR_IED_FriederichN_S301_dd7e5a,,,,,
2026-09-12T14:06:06-05:00,PUR_IED_FriederichN_S308_761f4f,PUR_IED_FriederichN_S308_761f4f,,,,,
2026-09-12T14:06:06-05:00,PUR_IED_GSantander_Aula10_533dd7,PUR_IED_GSantander_Aula10_533dd7,,,,,
2026-09-12T14:06:06-05:00,PUR_IED_GSantander_Aula12_fd4e4f,PUR_IED_GSantander_Aula12_fd4e4f,,,,,
2026-09-12T14:06:06-05:00,PUR_IED_GSantander_Aula310_533dd7,PUR_IED_GSantander_Aula310_533dd7,,,,,
2026-09-12T14:06:06-05:00,PUR_IED_GSantander_Aula312_fd4e4f,PUR_IED_GSantander_Aula312_fd4e4f,,,,,
2026-09-12T14:06:06-05:00,PUR_IED_GSantander_Ext_5f66b0,PUR_IED_GSantander_Ext_5f66b0,,,,,
2026-09-12T14:06:06-05:00,PUR_IED_GYomasa_Ext_f6bea5,PUR_IED_GYomasa_Ext_f6bea5,,,,,
2026-09-12T14:06:06-05:00,PUR_IED_GYomasa_LBiol_2c41aa,PUR_IED_GYomasa_LBiol_2c41aa,,,,,
2026-09-12T14:06:06-05:00,PUR_IED_GYomasa_LQuim_33c80,PUR_IED_GYomasa_LQuim_33c80,,,,,
2026-09-12T14:06:06-05:00,PUR_IED_GabBetMejia_Cienc_5a99c,PUR_IED_GabBetMejia_Cienc_5a99c,,,,,
2026-09-12T14:06:06-05:00,PUR_IED_GabBetMejia_Ext_9153d0,PUR_IED_GabBetMejia_Ext_9153d0,,,,,
2026-09-12T14:06:06-05:00,PUR_IED_GabBetMejia_Lab_f55347,PUR_IED_GabBetMejia_Lab_f55347,,,,,
2026-09-12T14:06:06-05:00,PUR_IED_GabBetanMejia_Ext_9153d0,PUR_IED_GabBetanMejia_Ext_9153d0,,,,,
2026-09-12T14:06:06-05:00,PUR_IED_Gaitana_Aula13_7aac11,PUR_IED_Gaitana_Aula13_7aac11,,,,,
2026-09-12T14:06:06-05:00,PUR_IED_Gaitana_Ext_5fcf4,PUR_IED_Gaitana_Ext_5fcf4,,,,,
2026-09-12T14:06:06-05:00,PUR_IED_Gaitana_LabFisica_644448,PUR_IED_Gaitana_LabFisica_644448,,,,,
2026-09-12T14:06:06-05:00,PUR_IED_GenSantander_Dise_8ac858,PUR_IED_GenSantander_Dise_8ac858,,,,,
2026-09-12T14:06:06-05:00,PUR_IED_GenSantander_Ext_8d5dfe,PUR_IED_GenSantander_Ext_8d5dfe,,,,,
2026-09-12T14:06:06-05:00,PUR_IED_GenSantander_Info_6c25b,PUR_IED_GenSantander_Info_6c25b,,,,,
2026-09-12T14:06:06-05:00,PUR_IED_GustavoMo_Exterio_75e63d,PUR_IED_GustavoMo_Exterio_75e63d,,,,,
2026-09-12T14:06:06-05:00,PUR_IED_GustavoMo_LabFisi_224d37,PUR_IED_GustavoMo_LabFisi_224d37,,,,,
2026-09-12T14:06:06-05:00,PUR_IED_GustavoMo_S208_3e6918,PUR_IED_GustavoMo_S208_3e6918,,,,,
2026-09-12T14:06:06-05:00,PUR_IED_GustavoR_A02_8cd4a8,PUR_IED_GustavoR_A02_8cd4a8,,,,,
2026-09-12T14:06:06-05:00,PUR_IED_GustavoR_B11_5b0ed,PUR_IED_GustavoR_B11_5b0ed,,,,,
2026-09-12T14:06:06-05:00,PUR_IED_GustavoR_Ext_7a0c90,PUR_IED_GustavoR_Ext_7a0c90,,,,,
2026-09-12T14:06:06-05:00,PUR_IED_HernandoDuran_Ext_8cd82b,PUR_IED_HernandoDuran_Ext_8cd82b,,,,,
2026-09-12T14:06:06-05:00,PUR_IED_HernandoDuran_S24_2772c6,PUR_IED_HernandoDuran_S24_2772c6,,,,,
2026-09-12T14:06:06-05:00,PUR_IED_HernandoDuran_S30_f2de41,PUR_IED_HernandoDuran_S30_f2de41,,,,,
2026-09-12T14:06:06-05:00,PUR_IED_HolguInUr_S1101_8cd732,PUR_IED_HolguInUr_S1101_8cd732,,,,,
2026-09-12T14:06:06-05:00,PUR_IED_HolguinUr_Exter_ddae6d,PUR_IED_HolguinUr_Exter_ddae6d,,,,,
2026-09-12T14:06:06-05:00,PUR_IED_HolguinUr_LabQuim_92b952,PUR_IED_HolguinUr_LabQuim_92b952,,,,,
2026-09-12T14:06:06-05:00,PUR_IED_Isabel-II_Ext_5245cc,PUR_IED_Isabel-II_Ext_5245cc,2,21,50,4.6336,-74.153
2026-09-12T14:06:06-05:00,PUR_IED_Isabel-II_S_idiom_1c29aa,PUR_IED_Isabel-II_S_idiom_1c29aa,,,,,
2026-09-12T14:06:06-05:00,PUR_IED_Isabel-II_S_infor_fd741,PUR_IED_Isabel-II_S_infor_fd741,,,,,
2026-09-12T14:06:06-05:00,PUR_IED_IsidroSur_Exterio_5b90ea,PUR_IED_IsidroSur_Exterio_5b90ea,,,,,
2026-09-12T14:06:06-05:00,PUR_IED_IsidroSur_LabTec_56697a,PUR_IED_IsidroSur_LabTec_56697a,,,,,
2026-09-12T14:06:06-05:00,PUR_IED_IsidroSur_Robotic_b7c38f,PUR_IED_IsidroSur_Robotic_b7c38f,,,,,
2026-09-12T14:06:06-05:00,PUR_IED_IsmaelPerd_Ext_7b6672,PUR_IED_IsmaelPerd_Ext_7b6672,,,,,
2026-09-12T14:06:06-05:00,PUR_IED_IsmaelPerd_Inform_306540,PUR_IED_IsmaelPerd_Inform_306540,,,,,
2026-09-12T14:06:06-05:00,PUR_IED_IsmaelPerd_S30_2e2c83,PUR_IED_IsmaelPerd_S30_2e2c83,,,,,
2026-09-12T14:06:06-05:00,PUR_IED_JLozano_Exter_432910,PUR_IED_JLozano_Exter_432910,,,,,
2026-09-12T14:06:06-05:00,PUR_IED_JLozano_salaMulti_df5125,PUR_IED_JLozano_salaMulti_df5125,,,,,
2026-09-12T14:06:06-05:00,PUR_IED_JMCordoba_206_86f80b,PUR_IED_JMCordoba_206_86f80b,,,,,
2026-09-12T14:06:06-05:00,PUR_IED_JMCordoba_Ext_27ad97,PUR_IED_JMCordoba_Ext_27ad97,,,,,
2026-09-12T14:06:06-05:00,PUR_IED_JMCordoba_S310_d59ab4,PUR_IED_JMCordoba_S310_d59ab4,,,,,
2026-09-12T14:06:06-05:00,PUR_IED_Japon_Ext_549100,PUR_IED_Japon_Ext_549100,,,,,
2026-09-12T14:06:06-05:00,PUR_IED_Japon_Laboratorio_bec51d,PUR_IED_Japon_Laboratorio_bec51d,,,,,
2026-09-12T14:06:06-05:00,PUR_IED_Japon_informatica_d99327,PUR_IED_Japon_informatica_d99327,,,,,
2026-09-12T14:06:06-05:00,PUR_IED_Jazmin_Ext_d27bda,PUR_IED_Jazmin_Ext_d27bda,,,,,
2026-09-12T14:06:06-05:00,PUR_IED_Jazmin_Fisica_8d14d7,PUR_IED_Jazmin_Fisica_8d14d7,,,,,
2026-09-12T14:06:06-05:00,PUR_IED_Jazmin_Quimica_801cb5,PUR_IED_Jazmin_Quimica_801cb5,,,,,
2026-09-12T14:06:06-05:00,PUR_IED_JorgeGaitan_Exter_f098d1,PUR_IED_JorgeGaitan_Exter_f098d1,,,,,
2026-09-12T14:06:06-05:00,PUR_IED_JorgeGaitan_STec1_dc9d1d,PUR_IED_JorgeGaitan_STec1_dc9d1d,,,,,
2026-09-12T14:06:06-05:00,PUR_IED_JorgeGaitan_STec2_281e69,PUR_IED_JorgeGaitan_STec2_281e69,,,,,
2026-09-12T14:06:06-05:00,PUR_IED_JorgeSoto_Exterio_d9d0a2,PUR_IED_JorgeSoto_Exterio_d9d0a2,,,,,
2026-09-12T14:06:06-05:00,PUR_IED_JorgeSoto_LabFisi_209c54,PUR_IED_JorgeSoto_LabFisi_209c54,,,,,
2026-09-12T14:06:06-05:00,PUR_IED_JorgeSoto_S103_27b51a,PUR_IED_JorgeSoto_S103_27b51a,,,,,
2026-09-12T14:06:06-05:00,PUR_IED_JoseAcevedo_A02_e965eb,PUR_IED_JoseAcevedo_A02_e965eb,,,,,
2026-09-12T14:06:06-05:00,PUR_IED_JoseAcevedo_A07_dd5b4,PUR_IED_JoseAcevedo_A07_dd5b4,,,,,
2026-09-12T14:06:06-05:00,PUR_IED_JoseAcevedo_Ext_b47484,PUR_IED_JoseAcevedo_Ext_b47484,,,,,
2026-09-12T14:06:06-05:00,PUR_IED_JoseMarti_Exte_5b9bf,PUR_IED_JoseMarti_Exte_5b9bf,,,,,
2026-09-12T14:06:06-05:00,PUR_IED_JoseMarti_LabQuim_1c6c2d,PUR_IED_JoseMarti_LabQuim_1c6c2d,,,,,
2026-09-12T14:06:06-05:00,PUR_IED_JoseMarti_S_info_f5f177,PUR_IED_JoseMarti_S_info_f5f177,,,,,
2026-09-12T14:06:06-05:00,PUR_IED_Josejoaquin_Ext_dfc5dc,PUR_IED_Josejoaquin_Ext_dfc5dc,,,,,
2026-09-12T14:06:06-05:00,PUR_IED_Josejoaquin_S05_5b2a96,PUR_IED_Josejoaquin_S05_5b2a96,,,,,
2026-09-12T14:06:06-05:00,PUR_IED_Josejoaquin_S06_1ce7d2,PUR_IED_Josejoaquin_S06_1ce7d2,,,,,
2026-09-12T14:06:06-05:00,PUR_IED_JulioFlorez_Danza_9b82dd,PUR_IED_JulioFlorez_Danza_9b82dd,,,,,
2026-09-12T14:06:06-05:00,PUR_IED_JulioFlorez_Exter_f9f314,PUR_IED_JulioFlorez_Exter_f9f314,,,,,
2026-09-12T14:06:06-05:00,PUR_IED_JulioFlorez_info2_6b6e08,PUR_IED_JulioFlorez_info2_6b6e08,,,,,
2026-09-12T14:06:06-05:00,PUR_IED_LaBelleza_Aula13_1d00d8,PUR_IED_LaBelleza_Aula13_1d00d8,,,,,
2026-09-12T14:06:06-05:00,PUR_IED_LaBelleza_Ext_7bc08c,PUR_IED_LaBelleza_Ext_7bc08c,,,,,
2026-09-12T14:06:06-05:00,PUR_IED_LaChucua_Ext_8cd6d2,PUR_IED_LaChucua_Ext_8cd6d2,,,,,
2026-09-12T14:06:06-05:00,PUR_IED_LaChucua_S15_f578ce,PUR_IED_LaChucua_S15_f578ce,,,,,
2026-09-12T14:06:06-05:00,PUR_IED_LaChucua_S16_eebcf9,PUR_IED_LaChucua_S16_eebcf9,,,,,
2026-09-12T14:06:06-05:00,PUR_IED_LaFelicidad_Ext_fb5109,PUR_IED_LaFelicidad_Ext_fb5109,,,,,
2026-09-12T14:06:06-05:00,PUR_IED_LaMerced_206_66ebd,PUR_IED_LaMerced_206_66ebd,,,,,
2026-09-12T14:06:06-05:00,PUR_IED_LaMerced_207_6ebd6,PUR_IED_LaMerced_207_6ebd6,,,,,
2026-09-12T14:06:06-05:00,PUR_IED_LaMerced_ext_304311,PUR_IED_LaMerced_ext_304311,,,,,
2026-09-12T14:06:06-05:00,PUR_IED_Laureano_CiencNat_281e5e,PUR_IED_Laureano_CiencNat_281e5e,,,,,
2026-09-12T14:06:06-05:00,PUR_IED_Laureano_Comedor_f65c0a,PUR_IED_Laureano_Comedor_f65c0a,,,,,
2026-09-12T14:06:06-05:00,PUR_IED_Laureano_Exterior_7ab011,PUR_IED_Laureano_Exterior_7ab011,,,,,
2026-09-12T14:06:06-05:00,PUR_IED_LeonGreiff_Exte_dfe560,PUR_IED_LeonGreiff_Exte_dfe560,,,,,
2026-09-12T14:06:06-05:00,PUR_IED_LeonGreiff_S210_f264ed,PUR_IED_LeonGreiff_S210_f264ed,,,,,
2026-09-12T14:06:06-05:00,PUR_IED_LeonGreiff_SQuimi_e8296f,PUR_IED_LeonGreiff_SQuimi_e8296f,,,,,
2026-09-12T14:06:06-05:00,PUR_IED_LlanoOrientalS208_7b9fcd,PUR_IED_LlanoOrientalS208_7b9fcd,,,,,
2026-09-12T14:06:06-05:00,PUR_IED_LlanoOriental_Ext_fb3766,PUR_IED_LlanoOriental_Ext_fb3766,,,,,
2026-09-12T14:06:06-05:00,PUR_IED_LlanoOriental_S208_7b9fcd,PUR_IED_LlanoOriental_S208_7b9fcd,,,,,
2026-09-12T14:06:06-05:00,PUR_IED_LlanoOriental_S9_27b378,PUR_IED_LlanoOriental_S9_27b378,,,,,
2026-09-12T14:06:06-05:00,PUR_IED_LosTejares_1101_477602,PUR_IED_LosTejares_1101_477602,,,,,
2026-09-12T14:06:06-05:00,PUR_IED_LosTejares_11_d2c595,PUR_IED_LosTejares_11_d2c595,,,,,
2026-09-12T14:06:06-05:00,PUR_IED_LosTejares_12_477602,PUR_IED_LosTejares_12_477602,,,,,
2026-09-12T14:06:06-05:00,PUR_IED_LosTejares_Ext_8e2115,PUR_IED_LosTejares_Ext_8e2115,,,,,
2026-09-12T14:06:06-05:00,PUR_IED_MagdalenaO_B202_5ddda3,PUR_IED_MagdalenaO_B202_5ddda3,,,,,
2026-09-12T14:06:06-05:00,PUR_IED_MagdalenaO_B205_fb76e8,PUR_IED_MagdalenaO_B205_fb76e8,,,,,
2026-09-12T14:06:06-05:00,PUR_IED_MagdalenaO_ext_dc69cd,PUR_IED_MagdalenaO_ext_dc69cd,,,,,
2026-09-12T14:06:06-05:00,PUR_IED_ManueCepeda_artes_eee956,PUR_IED_ManueCepeda_artes_eee956,,,,,
2026-09-12T14:06:06-05:00,PUR_IED_ManuelCepeda_Ext_58313,PUR_IED_ManuelCepeda_Ext_58313,,,,,
2026-09-12T14:06:06-05:00,PUR_IED_ManuelCepeda_tec_1c5731,PUR_IED_ManuelCepeda_tec_1c5731,,,,,
2026-09-12T14:06:06-05:00,PUR_IED_ManuelS_Exterior_5b269,PUR_IED_ManuelS_Exterior_5b269,,,,,
2026-09-12T14:06:06-05:00,PUR_IED_ManuelS_Inform_f369ce,PUR_IED_ManuelS_Inform_f369ce,,,,,
2026-09-12T14:06:06-05:00,PUR_IED_ManuelS_SArtes_7d15f1,PUR_IED_ManuelS_SArtes_7d15f1,,,,,
2026-09-12T14:06:06-05:00,PUR_IED_ManuelZapata_303_3ca6,PUR_IED_ManuelZapata_303_3ca6,,,,,
2026-09-12T14:06:06-05:00,PUR_IED_ManuelZapata_311_bfbabc,PUR_IED_ManuelZapata_311_bfbabc,,,,,
2026-09-12T14:06:06-05:00,PUR_IED_ManuelZapata_Ext_50824a,PUR_IED_ManuelZapata_Ext_50824a,,,,,
2026-09-12T14:06:06-05:00,PUR_IED_ManuelitaS_Exteri_656a92,PUR_IED_ManuelitaS_Exteri_656a92,,,,,
2026-09-12T14:06:06-05:00,PUR_IED_ManuelitaS_JuzgDe_f58ec3,PUR_IED_ManuelitaS_JuzgDe_f58ec3,,,,,
2026-09-12T14:06:06-05:00,PUR_IED_ManuelitaS_Recrea_d793db,PUR_IED_ManuelitaS_Recrea_d793db,,,,,
2026-09-12T14:06:06-05:00,PUR_IED_MarFidSuarez_Ext_c27b19,PUR_IED_MarFidSuarez_Ext_c27b19,,,,,
2026-09-12T14:06:06-05:00,PUR_IED_MarFidSuarez_Info_e384d7,PUR_IED_MarFidSuarez_Info_e384d7,,,,,
2026-09-12T14:06:06-05:00,PUR_IED_MarFidSuarez_S306_1d0032,PUR_IED_MarFidSuarez_S306_1d0032,,,,,
2026-09-12T14:06:06-05:00,PUR_IED_Menorah_301_2a25a3,PUR_IED_Menorah_301_2a25a3,,,,,
2026-09-12T14:06:06-05:00,PUR_IED_Menorah_306_37ed3,PUR_IED_Menorah_306_37ed3,,,,,
2026-09-12T14:06:06-05:00,PUR_IED_Menorah_Ext_3e155b,PUR_IED_Menorah_Ext_3e155b,,,,,
2026-09-12T14:06:06-05:00,PUR_IED_MinutoB.Aires_A11_1b1604,PUR_IED_MinutoB.Aires_A11_1b1604,,,,,
2026-09-12T14:06:06-05:00,PUR_IED_MinutoB.Aires_A12_fb5860,PUR_IED_MinutoB.Aires_A12_fb5860,,,,,
2026-09-12T14:06:06-05:00,PUR_IED_MinutoB.Aires_Ext_81293f,PUR_IED_MinutoB.Aires_Ext_81293f,,,,,
2026-09-12T14:06:06-05:00,PUR_IED_MinutoBAires_A11_1b1604,PUR_IED_MinutoBAires_A11_1b1604,,,,,
2026-09-12T14:06:06-05:00,PUR_IED_MinutoBAires_A12_fb5860,PUR_IED_MinutoBAires_A12_fb5860,,,,,
2026-09-12T14:06:06-05:00,PUR_IED_MinutoBAires_Ext_81293f,PUR_IED_MinutoBAires_Ext_81293f,,,,,
2026-09-12T14:06:06-05:00,PUR_IED_Montreal_Aula10_1e4959,PUR_IED_Montreal_Aula10_1e4959,,,,,
2026-09-12T14:06:06-05:00,PUR_IED_Montreal_Aula6_300367,PUR_IED_Montreal_Aula6_300367,,,,,
2026-09-12T14:06:06-05:00,PUR_IED_Montreal_Exterior_91a179,PUR_IED_Montreal_Exterior_91a179,,,,,
2026-09-12T14:06:06-05:00,PUR_IED_Mqgdalena_B202_5ddda3,PUR_IED_Mqgdalena_B202_5ddda3,,,,,
2026-09-12T14:06:06-05:00,PUR_IED_NACUND_Soc_dc8728,PUR_IED_NACUND_Soc_dc8728,,,,,
2026-09-12T14:06:06-05:00,PUR_IED_NACUND_ext_27ad97,PUR_IED_NACUND_ext_27ad97,,,,,
2026-09-12T14:06:06-05:00,PUR_IED_NEsperanza_Ext_d24b61,PUR_IED_NEsperanza_Ext_d24b61,,,,,
2026-09-12T14:06:06-05:00,PUR_IED_NEsperanza_SElect_7d1807,PUR_IED_NEsperanza_SElect_7d1807,,,,,
2026-09-12T14:06:06-05:00,PUR_IED_NEsperanza_SLabor_8b2d0a,PUR_IED_NEsperanza_SLabor_8b2d0a,,,,,
2026-09-12T14:06:06-05:00,PUR_IED_NacionesU_Ext_f661a9,PUR_IED_NacionesU_Ext_f661a9,,,,,
2026-09-12T14:06:06-05:00,PUR_IED_NacionesU_Quimica_66f0a,PUR_IED_NacionesU_Quimica_66f0a,,,,,
2026-09-12T14:06:06-05:00,PUR_IED_NacionesU_S306_1b4b3d,PUR_IED_NacionesU_S306_1b4b3d,,,,,
2026-09-12T14:06:06-05:00,PUR_IED_NestorFA_Ext_e4201c,PUR_IED_NestorFA_Ext_e4201c,,,,,
2026-09-12T14:06:06-05:00,PUR_IED_NestorFA_Laborato_f22fe0,PUR_IED_NestorFA_Laborato_f22fe0,,,,,
2026-09-12T14:06:06-05:00,PUR_IED_NestorFA_S204_dee996,PUR_IED_NestorFA_S204_dee996,,,,,
2026-09-12T14:06:06-05:00,PUR_IED_NidyaQT_Aula03_76999b,PUR_IED_NidyaQT_Aula03_76999b,,,,,
2026-09-12T14:06:06-05:00,PUR_IED_NidyaQT_Aula10_56325,PUR_IED_NidyaQT_Aula10_56325,,,,,
2026-09-12T14:06:06-05:00,PUR_IED_NidyaQT_Ext_46e32d,PUR_IED_NidyaQT_Ext_46e32d,,,,,
2026-09-12T14:06:06-05:00,PUR_IED_NuevaCol_Exterior_d9b859,PUR_IED_NuevaCol_Exterior_d9b859,,,,,
2026-09-12T14:06:06-05:00,PUR_IED_NuevaCol_S1101_76c43b,PUR_IED_NuevaCol_S1101_76c43b,,,,,
2026-09-12T14:06:06-05:00,PUR_IED_NuevaCol_S1102_1ce0b5,PUR_IED_NuevaCol_S1102_1ce0b5,,,,,
2026-09-12T14:06:06-05:00,PUR_IED_OEA_A202_f7e3f2,PUR_IED_OEA_A202_f7e3f2,,,,,
2026-09-12T14:06:06-05:00,PUR_IED_OEA_A203_7d1b8d,PUR_IED_OEA_A203_7d1b8d,,,,,
2026-09-12T14:06:06-05:00,PUR_IED_OEA_Ext_27b593,PUR_IED_OEA_Ext_27b593,,,,,
2026-09-12T14:06:06-05:00,PUR_IED_Ochoa_Ext_1c29da,PUR_IED_Ochoa_Ext_1c29da,,,,,
2026-09-12T14:06:06-05:00,PUR_IED_Ochoa_S205_8b1121,PUR_IED_Ochoa_S205_8b1121,,,,,
2026-09-12T14:06:06-05:00,PUR_IED_Ochoa_Sistemas_f33af6,PUR_IED_Ochoa_Sistemas_f33af6,,,,,
2026-09-12T14:06:06-05:00,PUR_IED_PQuebec_Ext_1c67c7,PUR_IED_PQuebec_Ext_1c67c7,,,,,
2026-09-12T14:06:06-05:00,PUR_IED_PQuebec_S15_23e8e2,PUR_IED_PQuebec_S15_23e8e2,,,,,
2026-09-12T14:06:06-05:00,PUR_IED_PQuebec_S16_8ec76b,PUR_IED_PQuebec_S16_8ec76b,,,,,
2026-09-12T14:06:06-05:00,PUR_IED_PabloN_Ext_49dc96,PUR_IED_PabloN_Ext_49dc96,,,,,
2026-09-12T14:06:06-05:00,PUR_IED_PabloN_S1102_4e3df5,PUR_IED_PabloN_S1102_4e3df5,,,,,
2026-09-12T14:06:06-05:00,PUR_IED_PabloN_S1103_50c94b,PUR_IED_PabloN_S1103_50c94b,,,,,
2026-09-12T14:06:06-05:00,PUR_IED_Palestina_S1101_db9198,PUR_IED_Palestina_S1101_db9198,,,,,
2026-09-12T14:06:06-05:00,PUR_IED_Palestina_S1102_dc54fa,PUR_IED_Palestina_S1102_dc54fa,,,,,
2026-09-12T14:06:06-05:00,PUR_IED_Palestina_ext_4ccce6,PUR_IED_Palestina_ext_4ccce6,,,,,
2026-09-12T14:06:06-05:00,PUR_IED_Panama_Fisica_4d0794,PUR_IED_Panama_Fisica_4d0794,,,,,
2026-09-12T14:06:06-05:00,PUR_IED_Panama_SIngles_a4077e,PUR_IED_Panama_SIngles_a4077e,,,,,
2026-09-12T14:06:06-05:00,PUR_IED_Panama_ext_4c54b4,PUR_IED_Panama_ext_4c54b4,,,,,
2026-09-12T14:06:06-05:00,PUR_IED_ParaisoM_Exterior_8cd7f0,PUR_IED_ParaisoM_Exterior_8cd7f0,,,,,
2026-09-12T14:06:06-05:00,PUR_IED_ParaisoM_Laborato_27af35,PUR_IED_ParaisoM_Laborato_27af35,,,,,
2026-09-12T14:06:06-05:00,PUR_IED_ParaisoM_S304_d1edca,PUR_IED_ParaisoM_S304_d1edca,,,,,
2026-09-12T14:06:06-05:00,PUR_IED_PorfirioBarba_Ext_301466,PUR_IED_PorfirioBarba_Ext_301466,,,,,
2026-09-12T14:06:06-05:00,PUR_IED_PorfirioBarba_S11_df6cd2,PUR_IED_PorfirioBarba_S11_df6cd2,,,,,
2026-09-12T14:06:06-05:00,PUR_IED_PorfirioBarba_S29_27a7d6,PUR_IED_PorfirioBarba_S29_27a7d6,,,,,
2026-09-12T14:06:06-05:00,PUR_IED_PradoV_Exter_8b27ad,PUR_IED_PradoV_Exter_8b27ad,,,,,
2026-09-12T14:06:06-05:00,PUR_IED_PradoV_S301_de65b5,PUR_IED_PradoV_S301_de65b5,,,,,
2026-09-12T14:06:06-05:00,PUR_IED_PradoV_S302_7d2593,PUR_IED_PradoV_S302_7d2593,,,,,
2026-09-12T14:06:06-05:00,PUR_IED_QuirogaAlz_Ext_1ddc82,PUR_IED_QuirogaAlz_Ext_1ddc82,,,,,
2026-09-12T14:06:06-05:00,PUR_IED_QuirogaAlz_S302_9926a3,PUR_IED_QuirogaAlz_S302_9926a3,,,,,
2026-09-12T14:06:06-05:00,PUR_IED_QuirogaAlz_S305_cdf1f1,PUR_IED_QuirogaAlz_S305_cdf1f1,,,,,
2026-09-12T14:06:06-05:00,PUR_IED_RGuatemala_Biling_dc53b7,PUR_IED_RGuatemala_Biling_dc53b7,,,,,
2026-09-12T14:06:06-05:00,PUR_IED_RGuatemala_Ext_1b89a3,PUR_IED_RGuatemala_Ext_1b89a3,,,,,
2026-09-12T14:06:06-05:00,PUR_IED_RGuatemala_Tecnol_281a34,PUR_IED_RGuatemala_Tecnol_281a34,,,,,
2026-09-12T14:06:06-05:00,PUR_IED_RafaNu_Ext_f7c302,PUR_IED_RafaNu_Ext_f7c302,,,,,
2026-09-12T14:06:06-05:00,PUR_IED_RafaNu_S1101_25fde,PUR_IED_RafaNu_S1101_25fde,,,,,
2026-09-12T14:06:06-05:00,PUR_IED_RafaNu_S1102_281517,PUR_IED_RafaNu_S1102_281517,,,,,
2026-09-12T14:06:06-05:00,PUR_IED_RafaelB_S305_ee2783,PUR_IED_RafaelB_S305_ee2783,,,,,
2026-09-12T14:06:06-05:00,PUR_IED_RafaelB_S306_75fe33,PUR_IED_RafaelB_S306_75fe33,,,,,
2026-09-12T14:06:06-05:00,PUR_IED_RafaelB_ext_283336,PUR_IED_RafaelB_ext_283336,3,20,57,4.6722,-74.0737
2026-09-12T14:06:06-05:00,PUR_IED_RafaelUU_Exterior_281a51,PUR_IED_RafaelUU_Exterior_281a51,,,,,
2026-09-12T14:06:06-05:00,PUR_IED_RafaelUU_Human_806b2,PUR_IED_RafaelUU_Human_806b2,,,,,
2026-09-12T14:06:06-05:00,PUR_IED_RafaelUU_Mate2_5680d4,PUR_IED_RafaelUU_Mate2_5680d4,,,,,
2026-09-12T14:06:06-05:00,PUR_IED_RamonSub_Ext_f9eeb9,PUR_IED_RamonSub_Ext_f9eeb9,,,,,
2026-09-12T14:06:06-05:00,PUR_IED_RamonSub_Media_d1f62f,PUR_IED_RamonSub_Media_d1f62f,,,,,
2026-09-12T14:06:06-05:00,PUR_IED_RamonSub_planta_51b82,PUR_IED_RamonSub_planta_51b82,,,,,
2026-09-12T14:06:06-05:00,PUR_IED_RepBoliVene_Exter_27af7c,PUR_IED_RepBoliVene_Exter_27af7c,,,,,
2026-09-12T14:06:06-05:00,PUR_IED_RepBoliVene_SCPT_5ae2ee,PUR_IED_RepBoliVene_SCPT_5ae2ee,,,,,
2026-09-12T14:06:06-05:00,PUR_IED_RepBoliVene_Socia_4b11d5,PUR_IED_RepBoliVene_Socia_4b11d5,,,,,
2026-09-12T14:06:06-05:00,PUR_IED_RepChina_Ext_76d9ee,PUR_IED_RepChina_Ext_76d9ee,,,,,
2026-09-12T14:06:06-05:00,PUR_IED_RepChina_S404_7c804c,PUR_IED_RepChina_S404_7c804c,,,,,
2026-09-12T14:06:06-05:00,PUR_IED_RepChina_S405_df2c33,PUR_IED_RepChina_S405_df2c33,,,,,
2026-09-12T14:06:06-05:00,PUR_IED_RepublicaC_Exteri_7d1ec9,PUR_IED_RepublicaC_Exteri_7d1ec9,,,,,
2026-09-12T14:06:06-05:00,PUR_IED_RepublicaC_S1101_f544b3,PUR_IED_RepublicaC_S1101_f544b3,,,,,
2026-09-12T14:06:06-05:00,PUR_IED_RepublicaC_S1102_7aafc7,PUR_IED_RepublicaC_S1102_7aafc7,,,,,
2026-09-12T14:06:06-05:00,PUR_IED_Ricaurte_Externo_a0ea1,PUR_IED_Ricaurte_Externo_a0ea1,,,,,
2026-09-12T14:06:06-05:00,PUR_IED_Ricaurte_S210_f546fd,PUR_IED_Ricaurte_S210_f546fd,,,,,
2026-09-12T14:06:06-05:00,PUR_IED_Ricaurte_S309_d4452,PUR_IED_Ricaurte_S309_d4452,,,,,
2026-09-12T14:06:06-05:00,PUR_IED_RogelioS_1102_531e69,PUR_IED_RogelioS_1102_531e69,,,,,
2026-09-12T14:06:06-05:00,PUR_IED_RogelioS_Ext_f25a18,PUR_IED_RogelioS_Ext_f25a18,,,,,
2026-09-12T14:06:06-05:00,PUR_IED_SBernardino_Ext_27aff8,PUR_IED_SBernardino_Ext_27aff8,,,,,
2026-09-12T14:06:06-05:00,PUR_IED_SBernardino_SArte_2ffd33,PUR_IED_SBernardino_SArte_2ffd33,,,,,
2026-09-12T14:06:06-05:00,PUR_IED_SBernardino_SIngl_7c7da5,PUR_IED_SBernardino_SIngl_7c7da5,,,,,
2026-09-12T14:06:06-05:00,PUR_IED_Sago_auditorio_dc9d1d,PUR_IED_Sago_auditorio_dc9d1d,,,,,
2026-09-12T14:06:06-05:00,PUR_IED_Saludcoop_Ext_95aac3,PUR_IED_Saludcoop_Ext_95aac3,,,,,
2026-09-12T14:06:06-05:00,PUR_IED_Saludcoop_InfI_90c854,PUR_IED_Saludcoop_InfI_90c854,,,,,
2026-09-12T14:06:06-05:00,PUR_IED_Saludcoop_SMedia_1b93be,PUR_IED_Saludcoop_SMedia_1b93be,,,,,
2026-09-12T14:06:06-05:00,PUR_IED_SanCarlos_1101_1a2360,PUR_IED_SanCarlos_1101_1a2360,,,,,
2026-09-12T14:06:06-05:00,PUR_IED_SanCarlos_1103_7bafb5,PUR_IED_SanCarlos_1103_7bafb5,,,,,
2026-09-12T14:06:06-05:00,PUR_IED_SanCarlos_Ext_b7cd1,PUR_IED_SanCarlos_Ext_b7cd1,,,,,
2026-09-12T14:06:06-05:00,PUR_IED_SanIgnacioBosa11a_50c26e,PUR_IED_SanIgnacioBosa11a_50c26e,,,,,
2026-09-12T14:06:06-05:00,PUR_IED_SanIgnacioBosa11b_371de8,PUR_IED_SanIgnacioBosa11b_371de8,,,,,
2026-09-12T14:06:06-05:00,PUR_IED_SanIgnacioBosaExt_ef0ffc,PUR_IED_SanIgnacioBosaExt_ef0ffc,,,,,
2026-09-12T14:06:06-05:00,PUR_IED_SanIgnacioBosa_11a_50c26e,PUR_IED_SanIgnacioBosa_11a_50c26e,,,,,
2026-09-12T14:06:06-05:00,PUR_IED_SanIgnacioBosa_Ext_ef0ffc,PUR_IED_SanIgnacioBosa_Ext_ef0ffc,,,,,
2026-09-12T14:06:06-05:00,PUR_IED_SanJoseN_intS1101_31c47f,PUR_IED_SanJoseN_intS1101_31c47f,,,,,
2026-09-12T14:06:06-05:00,PUR_IED_SanJoseUsm_Exter_f5d7e8,PUR_IED_SanJoseUsm_Exter_f5d7e8,,,,,
2026-09-12T14:06:06-05:00,PUR_IED_SanJoseUsm_Int11A_cfdef6,PUR_IED_SanJoseUsm_Int11A_cfdef6,,,,,
2026-09-12T14:06:06-05:00,PUR_IED_SilveriaR_IntB5_905349,PUR_IED_SilveriaR_IntB5_905349,,,,,
2026-09-12T14:06:06-05:00,PUR_IED_SilveriaR_IntSD14_981f93,PUR_IED_SilveriaR_IntSD14_981f93,,,,,
2026-09-12T14:06:06-05:00,PUR_IED_SilveriaR_ext_2b651d,PUR_IED_SilveriaR_ext_2b651d,,,,,
2026-09-12T14:06:06-05:00,PUR_IED_SimonB_Exterior_913975,PUR_IED_SimonB_Exterior_913975,,,,,
2026-09-12T14:06:06-05:00,PUR_IED_SimonB_LabQuimi_c56908,PUR_IED_SimonB_LabQuimi_c56908,,,,,
2026-09-12T14:06:06-05:00,PUR_IED_SimonB_informatic_a28c1,PUR_IED_SimonB_informatic_a28c1,,,,,
2026-09-12T14:06:06-05:00,PUR_IED_Sorrento_1102_315f50,PUR_IED_Sorrento_1102_315f50,,,,,
2026-09-12T14:06:06-05:00,PUR_IED_Sorrento_Minte_214eab,PUR_IED_Sorrento_Minte_214eab,,,,,
2026-09-12T14:06:06-05:00,PUR_IED_Sorrento_ext_7c3a0a,PUR_IED_Sorrento_ext_7c3a0a,,,,,
2026-09-12T14:06:06-05:00,PUR_IED_Tabora_Ext_f048ae,PUR_IED_Tabora_Ext_f048ae,,,,,
2026-09-12T14:06:06-05:00,PUR_IED_Tabora_S1102_b07752,PUR_IED_Tabora_S1102_b07752,,,,,
2026-09-12T14:06:06-05:00,PUR_IED_Tabora_S1103_d988f5,PUR_IED_Tabora_S1103_d988f5,,,,,
2026-09-12T14:06:06-05:00,PUR_IED_Tenerife_Ext_1ab188,PUR_IED_Tenerife_Ext_1ab188,,,,,
2026-09-12T14:06:06-05:00,PUR_IED_Tenerife_SDanzas_7bc02e,PUR_IED_Tenerife_SDanzas_7bc02e,,,,,
2026-09-12T14:06:06-05:00,PUR_IED_Tenerife_SIngles_7cc277,PUR_IED_Tenerife_SIngles_7cc277,,,,,
2026-09-12T14:06:06-05:00,PUR_IED_Tibabuyes_Exter_f2683d,PUR_IED_Tibabuyes_Exter_f2683d,,,,,
2026-09-12T14:06:06-05:00,PUR_IED_Tibabuyes_S10_dc87a8,PUR_IED_Tibabuyes_S10_dc87a8,,,,,
2026-09-12T14:06:06-05:00,PUR_IED_Tibabuyes_S15_dc0526,PUR_IED_Tibabuyes_S15_dc0526,,,,,
2026-09-12T14:06:06-05:00,PUR_IED_UnionE_S301_a1043,PUR_IED_UnionE_S301_a1043,,,,,
2026-09-12T14:06:06-05:00,PUR_IED_UnionE_S307_ff6c2f,PUR_IED_UnionE_S307_ff6c2f,,,,,
2026-09-12T14:06:06-05:00,PUR_IED_UnionE__Ext_5e2468,PUR_IED_UnionE__Ext_5e2468,,,,,
2026-09-12T14:06:06-05:00,PUR_IED_VillaRica_Ext_75be7c,PUR_IED_VillaRica_Ext_75be7c,,,,,
2026-09-12T14:06:06-05:00,PUR_IED_VillaRica_S4_cc5dcd,PUR_IED_VillaRica_S4_cc5dcd,,,,,
2026-09-12T14:06:06-05:00,PUR_IED_VillaRica_Sesp_99f5c,PUR_IED_VillaRica_Sesp_99f5c,,,,,
2026-09-12T14:11:08-05:00,PUR_IED_20deJulio_1101_91b1b9,PUR_IED_20deJulio_1101_91b1b9,,,,,
2026-09-12T14:11:08-05:00,PUR_IED_20deJulio_1102_1cfcf9,PUR_IED_20deJulio_1102_1cfcf9,,,,,
2026-09-12T14:11:08-05:00,PUR_IED_20deJulio_Ext_ab60bd,PUR_IED_20deJulio_Ext_ab60bd,,,,,
2026-09-12T14:11:08-05:00,PUR_IED_AgustinFer_Ext_7b9b77,PUR_IED_AgustinFer_Ext_7b9b77,,,,,
2026-09-12T14:11:08-05:00,PUR_IED_AgustinFer_Info2_27b3a7,PUR_IED_AgustinFer_Info2_27b3a7,,,,,
2026-09-12T14:11:08-05:00,PUR_IED_AgustinFer_Sena_54b4eb,PUR_IED_AgustinFer_Sena_54b4eb,,,,,
2026-09-12T14:11:08-05:00,PUR_IED_AlexanderF_1102_caf07b,PUR_IED_AlexanderF_1102_caf07b,,,,,
2026-09-12T14:11:08-05:00,PUR_IED_AlexanderF_1103_c79e71,PUR_IED_AlexanderF_1103_c79e71,,,,,
2026-09-12T14:11:08-05:00,PUR_IED_AlexanderF_Ext_c5b18b,PUR_IED_AlexanderF_Ext_c5b18b,,,,,
2026-09-12T14:11:08-05:00,PUR_IED_AlfonsoLopez_Ext_281d77,PUR_IED_AlfonsoLopez_Ext_281d77,,,,,
2026-09-12T14:11:08-05:00,PUR_IED_AlfonsoLopez_LabF_888ce0,PUR_IED_AlfonsoLopez_LabF_888ce0,,,,,
2026-09-12T14:11:08-05:00,PUR_IED_AlfonsoLopez_SMed_df6a7f,PUR_IED_AlfonsoLopez_SMed_df6a7f,,,,,
2026-09-12T14:11:08-05:00,PUR_IED_AltamiraSO_A2_209f92,PUR_IED_AltamiraSO_A2_209f92,,,,,
2026-09-12T14:11:08-05:00,PUR_IED_AltamiraSO_Ext_186d66,PUR_IED_AltamiraSO_Ext_186d66,,,,,
2026-09-12T14:11:08-05:00,PUR_IED_AltamiraSO_Sistem_27afe1,PUR_IED_AltamiraSO_Sistem_27afe1,,,,,
2026-09-12T14:11:08-05:00,PUR_IED_AlvaroGom_LabQuim_813179,PUR_IED_AlvaroGom_LabQuim_813179,,,,,
2026-09-12T14:11:08-05:00,PUR_IED_AlvaroGomez_Ext_47c7ca,PUR_IED_AlvaroGomez_Ext_47c7ca,,,,,
2026-09-12T14:11:08-05:00,PUR_IED_AlvaroGomez_LabQuim_813179,PUR_IED_AlvaroGomez_LabQuim_813179,,,,,
2026-09-12T14:11:08-05:00,PUR_IED_AlvaroGomez_S23_7ba89f,PUR_IED_AlvaroGomez_S23_7ba89f,,,,,
2026-09-12T14:11:08-05:00,PUR_IED_Amistad_306_dc8728,PUR_IED_Amistad_306_dc8728,,,,,
2026-09-12T14:11:08-05:00,PUR_IED_Amistad_Ext_8cd55e,PUR_IED_Amistad_Ext_8cd55e,,,,,
2026-09-12T14:11:08-05:00,PUR_IED_Amistad_S202_a41169,PUR_IED_Amistad_S202_a41169,,,,,
2026-09-12T14:11:08-05:00,PUR_IED_AndresBello_Bio_fd5f5e,PUR_IED_AndresBello_Bio_fd5f5e,,,,,
2026-09-12T14:11:08-05:00,PUR_IED_AndresBello_ext_dcad65,PUR_IED_AndresBello_ext_dcad65,,,,,
2026-09-12T14:11:08-05:00,PUR_IED_AndresBello_port_eed3ec,PUR_IED_AndresBello_port_eed3ec,,,,,
2026-09-12T14:11:08-05:00,PUR_IED_AngelaR_11b_d90a6b,PUR_IED_AngelaR_11b_d90a6b,,,,,
2026-09-12T14:11:08-05:00,PUR_IED_AngelaR_ext_7cad3e,PUR_IED_AngelaR_ext_7cad3e,2,22,53,4.5825,-74.164497
2026-09-12T14:11:08-05:00,PUR_IED_AntJoseSucre_10mo_df2575,PUR_IED_AntJoseSucre_10mo_df2575,,,,,
2026-09-12T14:11:08-05:00,PUR_IED_AntJoseSucre_Ext_215b36,PUR_IED_AntJoseSucre_Ext_215b36,,,,,
2026-09-12T14:11:08-05:00,PUR_IED_AntJoseSucre_Lab_3139de,PUR_IED_AntJoseSucre_Lab_3139de,,,,,
2026-09-12T14:11:08-05:00,PUR_IED_AntonioGarcia_301_d6b188,PUR_IED_AntonioGarcia_301_d6b188,,,,,
2026-09-12T14:11:08-05:00,PUR_IED_AntonioGarcia_302_88a82,PUR_IED_AntonioGarcia_302_88a82,,,,,
2026-09-12T14:11:08-05:00,PUR_IED_AntonioGarcia_Ext_20950c,PUR_IED_AntonioGarcia_Ext_20950c,,,,,
2026-09-12T14:11:08-05:00,PUR_IED_AntonioVan_Aula2_6dea02,PUR_IED_AntonioVan_Aula2_6dea02,,,,,
2026-09-12T14:11:08-05:00,PUR_IED_AntonioVan_Aula5_f1557e,PUR_IED_AntonioVan_Aula5_f1557e,,,,,
2026-09-12T14:11:08-05:00,PUR_IED_AntonioVan_Ext_406f2f,PUR_IED_AntonioVan_Ext_406f2f,,,,,
2026-09-12T14:11:08-05:00,PUR_IED_Atabanzha_Ext_cc5af9,PUR_IED_Atabanzha_Ext_cc5af9,,,,,
2026-09-12T14:11:08-05:00,PUR_IED_Atabanzha_SA101_56c37,PUR_IED_Atabanzha_SA101_56c37,,,,,
2026-09-12T14:11:08-05:00,PUR_IED_Atabanzha_SB302_27b374,PUR_IED_Atabanzha_SB302_27b374,,,,,
2026-09-12T14:11:08-05:00,PUR_IED_Atahualpa_Ext_fc1748,PUR_IED_Atahualpa_Ext_fc1748,,,,,
2026-09-12T14:11:08-05:00,PUR_IED_Atahualpa_Informa_dc9a95,PUR_IED_Atahualpa_Informa_dc9a95,,,,,
2026-09-12T14:11:08-05:00,PUR_IED_Atahualpa_S1101_f98056,PUR_IED_Atahualpa_S1101_f98056,,,,,
2026-09-12T14:11:08-05:00,PUR_IED_Bellavista_Ext_f5aa74,PUR_IED_Bellavista_Ext_f5aa74,,,,,
2026-09-12T14:11:08-05:00,PUR_IED_Bilbao_11A_916c41,PUR_IED_Bilbao_11A_916c41,,,,,
2026-09-12T14:11:08-05:00,PUR_IED_Bilbao_Ext_fb579a,PUR_IED_Bilbao_Ext_fb579a,,,,,
2026-09-12T14:11:08-05:00,PUR_IED_BrasiliaU_A125_304280,PUR_IED_BrasiliaU_A125_304280,,,,,
2026-09-12T14:11:08-05:00,PUR_IED_BrasiliaU_A203_7c8ca5,PUR_IED_BrasiliaU_A203_7c8ca5,,,,,
2026-09-12T14:11:08-05:00,PUR_IED_BrasiliaU_Ext_8d6e9f,PUR_IED_BrasiliaU_Ext_8d6e9f,3,21,52,4.5175,-74.116302
2026-09-12T14:11:08-05:00,PUR_IED_Brasilia_Ext_fe6593,PUR_IED_Brasilia_Ext_fe6593,,,,,
2026-09-12T14:11:08-05:00,PUR_IED_Brasilia_S24_7c130d,PUR_IED_Brasilia_S24_7c130d,,,,,
2026-09-12T14:11:08-05:00,PUR_IED_Brasilia_S501_186a54,PUR_IED_Brasilia_S501_186a54,,,,,
2026-09-12T14:11:08-05:00,PUR_IED_CHARRY_EXT_f1d5cd,PUR_IED_CHARRY_EXT_f1d5cd,,,,,
2026-09-12T14:11:08-05:00,PUR_IED_CHARRY_INTDANZAS_7a08e6,PUR_IED_CHARRY_INTDANZAS_7a08e6,,,,,
2026-09-12T14:11:08-05:00,PUR_IED_CHARRY_INT_AULA20_dc998d,PUR_IED_CHARRY_INT_AULA20_dc998d,,,,,
2026-09-12T14:11:08-05:00,PUR_IED_COLVIV_1101_S25_7f520a,PUR_IED_COLVIV_1101_S25_7f520a,,,,,
2026-09-12T14:11:08-05:00,PUR_IED_COLVIV_1102_S16_f570ba,PUR_IED_COLVIV_1102_S16_f570ba,,,,,
2026-09-12T14:11:08-05:00,PUR_IED_COLVIV_Ext_1a26fa,PUR_IED_COLVIV_Ext_1a26fa,,,,,
2026-09-12T14:11:08-05:00,PUR_IED_CULPOP_301A_f660f3,PUR_IED_CULPOP_301A_f660f3,,,,,
2026-09-12T14:11:08-05:00,PUR_IED_CULPOP_303_568afe,PUR_IED_CULPOP_303_568afe,,,,,
2026-09-12T14:11:08-05:00,PUR_IED_CULPOP_Ext_e02ccb,PUR_IED_CULPOP_Ext_e02ccb,,,,,
2026-09-12T14:11:08-05:00,PUR_IED_CVillavicen_Ext_26eb58,PUR_IED_CVillavicen_Ext_26eb58,3,18,68,4.487,-74.102798
2026-09-12T14:11:08-05:00,PUR_IED_CVillavicen_Intel_1ce5c2,PUR_IED_CVillavicen_Intel_1ce5c2,,,,,
2026-09-12T14:11:08-05:00,PUR_IED_CVillavicen_Poliv_e0766c,PUR_IED_CVillavicen_Poliv_e0766c,,,,,
2026-09-12T14:11:08-05:00,PUR_IED_CVillavicen_int_1ba140,PUR_IED_CVillavicen_int_1ba140,,,,,
2026-09-12T14:11:08-05:00,PUR_IED_CVillavicen_intel_1ba140,PUR_IED_CVillavicen_intel_1ba140,,,,,
2026-09-12T14:11:08-05:00,PUR_IED_CarlosPizarro_Ext_e307cc,PUR_IED_CarlosPizarro_Ext_e307cc,,,,,
2026-09-12T14:11:08-05:00,PUR_IED_CarlosPizarro_L36_7e5cdb,PUR_IED_CarlosPizarro_L36_7e5cdb,,,,,
2026-09-12T14:11:08-05:00,PUR_IED_CarlosPizarro_L37_c8566c,PUR_IED_CarlosPizarro_L37_c8566c,,,,,
2026-09-12T14:11:08-05:00,PUR_IED_Castilla_Ext_cf35f,PUR_IED_Castilla_Ext_cf35f,,,,,
2026-09-12T14:11:08-05:00,PUR_IED_Castilla_SFisik_360e38,PUR_IED_Castilla_SFisik_360e38,,,,,
2026-09-12T14:11:08-05:00,PUR_IED_Castilla_Sc304_496fbf,PUR_IED_Castilla_Sc304_496fbf,,,,,
2026-09-12T14:11:08-05:00,PUR_IED_CervantesSa_Ext_6b57b,PUR_IED_CervantesSa_Ext_6b57b,2,21,58,4.5128,-74.117203
2026-09-12T14:11:08-05:00,PUR_IED_CervantesSa_S107_225c2b,PUR_IED_CervantesSa_S107_225c2b,,,,,
2026-09-12T14:11:08-05:00,PUR_IED_CervantesSa_S108_940925,PUR_IED_CervantesSa_S108_940925,,,,,
2026-09-12T14:11:08-05:00,PUR_IED_Charry_A20_f53e7c,PUR_IED_Charry_A20_f53e7c,,,,,
2026-09-12T14:11:08-05:00,PUR_IED_Charry_Ext_f1d5cd,PUR_IED_Charry_Ext_f1d5cd,,,,,
2026-09-12T14:11:08-05:00,PUR_IED_Charry_IntAula20_dc998d,PUR_IED_Charry_IntAula20_dc998d,,,,,
2026-09-12T14:11:08-05:00,PUR_IED_Charry_IntDanzas_7a08e6,PUR_IED_Charry_IntDanzas_7a08e6,,,,,
2026-09-12T14:11:08-05:00,PUR_IED_ClememciaC_203_43e2fc,PUR_IED_ClememciaC_203_43e2fc,,,,,
2026-09-12T14:11:08-05:00,PUR_IED_ClememciaC_Ext_1b411a,PUR_IED_ClememciaC_Ext_1b411a,,,,,
2026-09-12T14:11:08-05:00,PUR_IED_ClememciaC_Quimic_44b5fc,PUR_IED_ClememciaC_Quimic_44b5fc,,,,,
2026-09-12T14:11:08-05:00,PUR_IED_ClemenciaC_203_43e2fc,PUR_IED_ClemenciaC_203_43e2fc,,,,,
2026-09-12T14:11:08-05:00,PUR_IED_ClemenciaC_Ext_1b411a,PUR_IED_ClemenciaC_Ext_1b411a,,,,,
2026-09-12T14:11:08-05:00,PUR_IED_ClemenciaC_Quimic_44b5fc,PUR_IED_ClemenciaC_Quimic_44b5fc,,,,,
2026-09-12T14:11:08-05:00,PUR_IED_ColViva_1101_S25_7f520a,PUR_IED_ColViva_1101_S25_7f520a,,,,,
2026-09-12T14:11:08-05:00,PUR_IED_ColViva_1102_S16_f570ba,PUR_IED_ColViva_1102_S16_f570ba,,,,,
2026-09-12T14:11:08-05:00,PUR_IED_ColViva_Ext_1a26fa,PUR_IED_ColViva_Ext_1a26fa,,,,,
2026-09-12T14:11:08-05:00,PUR_IED_ColegioBici_Asist_7c8798,PUR_IED_ColegioBici_Asist_7c8798,,,,,
2026-09-12T14:11:08-05:00,PUR_IED_ColegioBici_Ext_25cbf6,PUR_IED_ColegioBici_Ext_25cbf6,,,,,
2026-09-12T14:11:08-05:00,PUR_IED_ColegioBici_LabQ_7b57db,PUR_IED_ColegioBici_LabQ_7b57db,,,,,
2026-09-12T14:11:08-05:00,PUR_IED_CostaRica_Ext_5e640,PUR_IED_CostaRica_Ext_5e640,,,,,
2026-09-12T14:11:08-05:00,PUR_IED_CostaRica_Quim1_766d1c,PUR_IED_CostaRica_Quim1_766d1c,,,,,
2026-09-12T14:11:08-05:00,PUR_IED_CostaRica__Fisica_6f0873,PUR_IED_CostaRica__Fisica_6f0873,,,,,
2026-09-12T14:11:08-05:00,PUR_IED_CulPopu_301A_f660f3,PUR_IED_CulPopu_301A_f660f3,,,,,
2026-09-12T14:11:08-05:00,PUR_IED_CulPopu_303_568afe,PUR_IED_CulPopu_303_568afe,,,,,
2026-09-12T14:11:08-05:00,PUR_IED_CulPopu_Ext_e02ccb,PUR_IED_CulPopu_Ext_e02ccb,,,,,
2026-09-12T14:11:08-05:00,PUR_IED_Cundinamarca_Ext_f15985,PUR_IED_Cundinamarca_Ext_f15985,,,,,
2026-09-12T14:11:08-05:00,PUR_IED_Cundinamarca_Info_7aa5d7,PUR_IED_Cundinamarca_Info_7aa5d7,,,,,
2026-09-12T14:11:08-05:00,PUR_IED_Cundinamarca_Tec2_f449c7,PUR_IED_Cundinamarca_Tec2_f449c7,,,,,
2026-09-12T14:11:08-05:00,PUR_IED_DiegoM_Aula1_27b314,PUR_IED_DiegoM_Aula1_27b314,,,,,
2026-09-12T14:11:08-05:00,PUR_IED_DiegoM_Ext_d80ac8,PUR_IED_DiegoM_Ext_d80ac8,,,,,
2026-09-12T14:11:08-05:00,PUR_IED_DiegoM_S25_da928f,PUR_IED_DiegoM_S25_da928f,,,,,
2026-09-12T14:11:08-05:00,PUR_IED_ELRODEO_360881,PUR_IED_ELRODEO_360881,,,,,
2026-09-12T14:11:08-05:00,PUR_IED_ELRODEO_ext_360881,PUR_IED_ELRODEO_ext_360881,,,,,
2026-09-12T14:11:08-05:00,PUR_IED_EduardoU_Ext_1c1969,PUR_IED_EduardoU_Ext_1c1969,,,,,
2026-09-12T14:11:08-05:00,PUR_IED_EduardoU_SCiencia_4dfb94,PUR_IED_EduardoU_SCiencia_4dfb94,,,,,
2026-09-12T14:11:08-05:00,PUR_IED_EduardoU_SQuimica_5a46e7,PUR_IED_EduardoU_SQuimica_5a46e7,,,,,
2026-09-12T14:11:08-05:00,PUR_IED_ElRodeo_Aula14_676984,PUR_IED_ElRodeo_Aula14_676984,,,,,
2026-09-12T14:11:08-05:00,PUR_IED_ElRodeo_Aula16_2dd35b,PUR_IED_ElRodeo_Aula16_2dd35b,,,,,
2026-09-12T14:11:08-05:00,PUR_IED_ElRodeo_Ext_360881,PUR_IED_ElRodeo_Ext_360881,,,,,
2026-09-12T14:11:08-05:00,PUR_IED_ElRodeo_Exterior_8c6d28,PUR_IED_ElRodeo_Exterior_8c6d28,,,,,
2026-09-12T14:11:08-05:00,PUR_IED_ElRodeo_ext_360881,PUR_IED_ElRodeo_ext_360881,,,,,
2026-09-12T14:11:08-05:00,PUR_IED_EmmaReyes_Ext_987625,PUR_IED_EmmaReyes_Ext_987625,3,22,47,4.6367,-74.1511
2026-09-12T14:11:08-05:00,PUR_IED_Ensueño_Ext_7f0250,PUR_IED_Ensueño_Ext_7f0250,,,,,
2026-09-12T14:11:08-05:00,PUR_IED_EscNormal_Ext_5fef3b,PUR_IED_EscNormal_Ext_5fef3b,2,23,48,4.5852,-74.096901
2026-09-12T14:11:08-05:00,PUR_IED_EscNormal_S309_5b263,PUR_IED_EscNormal_S309_5b263,,,,,
2026-09-12T14:11:08-05:00,PUR_IED_EscNormal_S310_27b3b8,PUR_IED_EscNormal_S310_27b3b8,,,,,
2026-09-12T14:11:08-05:00,PUR_IED_Evangelista_Conta_f6cd4f,PUR_IED_Evangelista_Conta_f6cd4f,,,,,
2026-09-12T14:11:08-05:00,PUR_IED_Evangelista_Cri_5e16a,PUR_IED_Evangelista_Cri_5e16a,,,,,
2026-09-12T14:11:08-05:00,PUR_IED_Evangelista_Exter_754066,PUR_IED_Evangelista_Exter_754066,,,,,
2026-09-12T14:11:08-05:00,PUR_IED_FMiranda_S209_5cc2a3,PUR_IED_FMiranda_S209_5cc2a3,,,,,
2026-09-12T14:11:08-05:00,PUR_IED_FMiranda_S303_19e344,PUR_IED_FMiranda_S303_19e344,,,,,
2026-09-12T14:11:08-05:00,PUR_IED_FMiranda_ext_f53e7c,PUR_IED_FMiranda_ext_f53e7c,,,,,
2026-09-12T14:11:08-05:00,PUR_IED_FabioLozano_Bibli_1cee05,PUR_IED_FabioLozano_Bibli_1cee05,,,,,
2026-09-12T14:11:08-05:00,PUR_IED_FabioLozano_Ext_6ea285,PUR_IED_FabioLozano_Ext_6ea285,,,,,
2026-09-12T14:11:08-05:00,PUR_IED_FabioLozano_SLudi_f09e1e,PUR_IED_FabioLozano_SLudi_f09e1e,,,,,
2026-09-12T14:11:08-05:00,PUR_IED_FaustinoS_Aula07_27a731,PUR_IED_FaustinoS_Aula07_27a731,,,,,
2026-09-12T14:11:08-05:00,PUR_IED_FaustinoS_Ext_7b936f,PUR_IED_FaustinoS_Ext_7b936f,,,,,
2026-09-12T14:11:08-05:00,PUR_IED_FaustinoS_Fisica_da2c60,PUR_IED_FaustinoS_Fisica_da2c60,,,,,
2026-09-12T14:11:08-05:00,PUR_IED_FeGarciaLo_Ext_dc68ee,PUR_IED_FeGarciaLo_Ext_dc68ee,,,,,
2026-09-12T14:11:08-05:00,PUR_IED_FeGarciaLo_SDanza_f70a59,PUR_IED_FeGarciaLo_SDanza_f70a59,,,,,
2026-09-12T14:11:08-05:00,PUR_IED_FeGarciaLo_SMusic_125cdd,PUR_IED_FeGarciaLo_SMusic_125cdd,,,,,
2026-09-12T14:11:08-05:00,PUR_IED_FederalAlema_Exte_50c345,PUR_IED_FederalAlema_Exte_50c345,,,,,
2026-09-12T14:11:08-05:00,PUR_IED_FederalAlema_S31_f18371,PUR_IED_FederalAlema_S31_f18371,,,,,
2026-09-12T14:11:08-05:00,PUR_IED_FederalAlema_S901_a62cd,PUR_IED_FederalAlema_S901_a62cd,,,,,
2026-09-12T14:11:08-05:00,PUR_IED_FilarmonicaS_A5_f35eb1,PUR_IED_FilarmonicaS_A5_f35eb1,,,,,
2026-09-12T14:11:08-05:00,PUR_IED_FilarmonicaS_Ext_8a3bde,PUR_IED_FilarmonicaS_Ext_8a3bde,,,,,
2026-09-12T14:11:08-05:00,PUR_IED_FilarmonicaS_Spol_406114,PUR_IED_FilarmonicaS_Spol_406114,,,,,
2026-09-12T14:11:08-05:00,PUR_IED_FlorentinoG_A13_d1fa59,PUR_IED_FlorentinoG_A13_d1fa59,,,,,
2026-09-12T14:11:08-05:00,PUR_IED_FlorentinoG_Ext_1ce6ce,PUR_IED_FlorentinoG_Ext_1ce6ce,,,,,
2026-09-12T14:11:08-05:00,PUR_IED_FlorentinoG_Idiom_a66aac,PUR_IED_FlorentinoG_Idiom_a66aac,,,,,
2026-09-12T14:11:08-05:00,PUR_IED_FranciscoMati_Ext_e3869d,PUR_IED_FranciscoMati_Ext_e3869d,,,,,
2026-09-12T14:11:08-05:00,PUR_IED_FranciscoMati_S13_f31c67,PUR_IED_FranciscoMati_S13_f31c67,,,,,
2026-09-12T14:11:08-05:00,PUR_IED_FranciscoMati_S14_97dead,PUR_IED_FranciscoMati_S14_97dead,,,,,
2026-09-12T14:11:08-05:00,PUR_IED_FranciscoPS_Ext_7bfa9a,PUR_IED_FranciscoPS_Ext_7bfa9a,2,25,47,4.5899,-74.110397
2026-09-12T14:11:08-05:00,PUR_IED_FranciscoPS_Infor_fb8f4c,PUR_IED_FranciscoPS_Infor_fb8f4c,,,,,
2026-09-12T14:11:08-05:00,PUR_IED_FranciscoPS_Quimi_94d39c,PUR_IED_FranciscoPS_Quimi_94d39c,,,,,
2026-09-12T14:11:08-05:00,PUR_IED_FranciscoP_LabQ_d7e148,PUR_IED_FranciscoP_LabQ_d7e148,,,,,
2026-09-12T14:11:08-05:00,PUR_IED_FranciscoP_S28_cf9b30,PUR_IED_FranciscoP_S28_cf9b30,,,,,
2026-09-12T14:11:08-05:00,PUR_IED_FranciscoP_ext_e2313,PUR_IED_FranciscoP_ext_e2313,,,,,
2026-09-12T14:11:08-05:00,PUR_IED_FriederichN_Ext_8ac92a,PUR_IED_FriederichN_Ext_8ac92a,,,,,
2026-09-12T14:11:08-05:00,PUR_IED_FriederichN_S301_dd7e5a,PUR_IED_FriederichN_S301_dd7e5a,,,,,
2026-09-12T14:11:08-05:00,PUR_IED_FriederichN_S308_761f4f,PUR_IED_FriederichN_S308_761f4f,,,,,
2026-09-12T14:11:08-05:00,PUR_IED_GSantander_Aula10_533dd7,PUR_IED_GSantander_Aula10_533dd7,,,,,
2026-09-12T14:11:08-05:00,PUR_IED_GSantander_Aula12_fd4e4f,PUR_IED_GSantander_Aula12_fd4e4f,,,,,
2026-09-12T14:11:08-05:00,PUR_IED_GSantander_Aula310_533dd7,PUR_IED_GSantander_Aula310_533dd7,,,,,
2026-09-12T14:11:08-05:00,PUR_IED_GSantander_Aula312_fd4e4f,PUR_IED_GSantander_Aula312_fd4e4f,,,,,
2026-09-12T14:11:08-05:00,PUR_IED_GSantander_Ext_5f66b0,PUR_IED_GSantander_Ext_5f66b0,,,,,
2026-09-12T14:11:08-05:00,PUR_IED_GYomasa_Ext_f6bea5,PUR_IED_GYomasa_Ext_f6bea5,,,,,
2026-09-12T14:11:08-05:00,PUR_IED_GYomasa_LBiol_2c41aa,PUR_IED_GYomasa_LBiol_2c41aa,,,,,
2026-09-12T14:11:08-05:00,PUR_IED_GYomasa_LQuim_33c80,PUR_IED_GYomasa_LQuim_33c80,,,,,
2026-09-12T14:11:08-05:00,PUR_IED_GabBetMejia_Cienc_5a99c,PUR_IED_GabBetMejia_Cienc_5a99c,,,,,
2026-09-12T14:11:08-05:00,PUR_IED_GabBetMejia_Ext_9153d0,PUR_IED_GabBetMejia_Ext_9153d0,,,,,
2026-09-12T14:11:08-05:00,PUR_IED_GabBetMejia_Lab_f55347,PUR_IED_GabBetMejia_Lab_f55347,,,,,
2026-09-12T14:11:08-05:00,PUR_IED_GabBetanMejia_Ext_9153d0,PUR_IED_GabBetanMejia_Ext_9153d0,,,,,
2026-09-12T14:11:08-05:00,PUR_IED_Gaitana_Aula13_7aac11,PUR_IED_Gaitana_Aula13_7aac11,,,,,
2026-09-12T14:11:08-05:00,PUR_IED_Gaitana_Ext_5fcf4,PUR_IED_Gaitana_Ext_5fcf4,,,,,
2026-09-12T14:11:08-05:00,PUR_IED_Gaitana_LabFisica_644448,PUR_IED_Gaitana_LabFisica_644448,,,,,
2026-09-12T14:11:08-05:00,PUR_IED_GenSantander_Dise_8ac858,PUR_IED_GenSantander_Dise_8ac858,,,,,
2026-09-12T14:11:08-05:00,PUR_IED_GenSantander_Ext_8d5dfe,PUR_IED_GenSantander_Ext_8d5dfe,,,,,
2026-09-12T14:11:08-05:00,PUR_IED_GenSantander_Info_6c25b,PUR_IED_GenSantander_Info_6c25b,,,,,
2026-09-12T14:11:08-05:00,PUR_IED_GustavoMo_Exterio_75e63d,PUR_IED_GustavoMo_Exterio_75e63d,,,,,
2026-09-12T14:11:08-05:00,PUR_IED_GustavoMo_LabFisi_224d37,PUR_IED_GustavoMo_LabFisi_224d37,,,,,
2026-09-12T14:11:08-05:00,PUR_IED_GustavoMo_S208_3e6918,PUR_IED_GustavoMo_S208_3e6918,,,,,
2026-09-12T14:11:08-05:00,PUR_IED_GustavoR_A02_8cd4a8,PUR_IED_GustavoR_A02_8cd4a8,,,,,
2026-09-12T14:11:08-05:00,PUR_IED_GustavoR_B11_5b0ed,PUR_IED_GustavoR_B11_5b0ed,,,,,
2026-09-12T14:11:08-05:00,PUR_IED_GustavoR_Ext_7a0c90,PUR_IED_GustavoR_Ext_7a0c90,,,,,
2026-09-12T14:11:08-05:00,PUR_IED_HernandoDuran_Ext_8cd82b,PUR_IED_HernandoDuran_Ext_8cd82b,,,,,
2026-09-12T14:11:08-05:00,PUR_IED_HernandoDuran_S24_2772c6,PUR_IED_HernandoDuran_S24_2772c6,,,,,
2026-09-12T14:11:08-05:00,PUR_IED_HernandoDuran_S30_f2de41,PUR_IED_HernandoDuran_S30_f2de41,,,,,
2026-09-12T14:11:08-05:00,PUR_IED_HolguInUr_S1101_8cd732,PUR_IED_HolguInUr_S1101_8cd732,,,,,
2026-09-12T14:11:08-05:00,PUR_IED_HolguinUr_Exter_ddae6d,PUR_IED_HolguinUr_Exter_ddae6d,,,,,
2026-09-12T14:11:08-05:00,PUR_IED_HolguinUr_LabQuim_92b952,PUR_IED_HolguinUr_LabQuim_92b952,,,,,
2026-09-12T14:11:08-05:00,PUR_IED_Isabel-II_Ext_5245cc,PUR_IED_Isabel-II_Ext_5245cc,2,21,50,4.6336,-74.153
2026-09-12T14:11:08-05:00,PUR_IED_Isabel-II_S_idiom_1c29aa,PUR_IED_Isabel-II_S_idiom_1c29aa,,,,,
2026-09-12T14:11:08-05:00,PUR_IED_Isabel-II_S_infor_fd741,PUR_IED_Isabel-II_S_infor_fd741,,,,,
2026-09-12T14:11:08-05:00,PUR_IED_IsidroSur_Exterio_5b90ea,PUR_IED_IsidroSur_Exterio_5b90ea,,,,,
2026-09-12T14:11:08-05:00,PUR_IED_IsidroSur_LabTec_56697a,PUR_IED_IsidroSur_LabTec_56697a,,,,,
2026-09-12T14:11:08-05:00,PUR_IED_IsidroSur_Robotic_b7c38f,PUR_IED_IsidroSur_Robotic_b7c38f,,,,,
2026-09-12T14:11:08-05:00,PUR_IED_IsmaelPerd_Ext_7b6672,PUR_IED_IsmaelPerd_Ext_7b6672,,,,,
2026-09-12T14:11:08-05:00,PUR_IED_IsmaelPerd_Inform_306540,PUR_IED_IsmaelPerd_Inform_306540,,,,,
2026-09-12T14:11:08-05:00,PUR_IED_IsmaelPerd_S30_2e2c83,PUR_IED_IsmaelPerd_S30_2e2c83,,,,,
2026-09-12T14:11:08-05:00,PUR_IED_JLozano_Exter_432910,PUR_IED_JLozano_Exter_432910,,,,,
2026-09-12T14:11:08-05:00,PUR_IED_JLozano_salaMulti_df5125,PUR_IED_JLozano_salaMulti_df5125,,,,,
2026-09-12T14:11:08-05:00,PUR_IED_JMCordoba_206_86f80b,PUR_IED_JMCordoba_206_86f80b,,,,,
2026-09-12T14:11:08-05:00,PUR_IED_JMCordoba_Ext_27ad97,PUR_IED_JMCordoba_Ext_27ad97,,,,,
2026-09-12T14:11:08-05:00,PUR_IED_JMCordoba_S310_d59ab4,PUR_IED_JMCordoba_S310_d59ab4,,,,,
2026-09-12T14:11:08-05:00,PUR_IED_Japon_Ext_549100,PUR_IED_Japon_Ext_549100,,,,,
2026-09-12T14:11:08-05:00,PUR_IED_Japon_Laboratorio_bec51d,PUR_IED_Japon_Laboratorio_bec51d,,,,,
2026-09-12T14:11:08-05:00,PUR_IED_Japon_informatica_d99327,PUR_IED_Japon_informatica_d99327,,,,,
2026-09-12T14:11:08-05:00,PUR_IED_Jazmin_Ext_d27bda,PUR_IED_Jazmin_Ext_d27bda,,,,,
2026-09-12T14:11:08-05:00,PUR_IED_Jazmin_Fisica_8d14d7,PUR_IED_Jazmin_Fisica_8d14d7,,,,,
2026-09-12T14:11:08-05:00,PUR_IED_Jazmin_Quimica_801cb5,PUR_IED_Jazmin_Quimica_801cb5,,,,,
2026-09-12T14:11:08-05:00,PUR_IED_JorgeGaitan_Exter_f098d1,PUR_IED_JorgeGaitan_Exter_f098d1,,,,,
2026-09-12T14:11:08-05:00,PUR_IED_JorgeGaitan_STec1_dc9d1d,PUR_IED_JorgeGaitan_STec1_dc9d1d,,,,,
2026-09-12T14:11:08-05:00,PUR_IED_JorgeGaitan_STec2_281e69,PUR_IED_JorgeGaitan_STec2_281e69,,,,,
2026-09-12T14:11:08-05:00,PUR_IED_JorgeSoto_Exterio_d9d0a2,PUR_IED_JorgeSoto_Exterio_d9d0a2,,,,,
2026-09-12T14:11:08-05:00,PUR_IED_JorgeSoto_LabFisi_209c54,PUR_IED_JorgeSoto_LabFisi_209c54,,,,,
2026-09-12T14:11:08-05:00,PUR_IED_JorgeSoto_S103_27b51a,PUR_IED_JorgeSoto_S103_27b51a,,,,,
2026-09-12T14:11:08-05:00,PUR_IED_JoseAcevedo_A02_e965eb,PUR_IED_JoseAcevedo_A02_e965eb,,,,,
2026-09-12T14:11:08-05:00,PUR_IED_JoseAcevedo_A07_dd5b4,PUR_IED_JoseAcevedo_A07_dd5b4,,,,,
2026-09-12T14:11:08-05:00,PUR_IED_JoseAcevedo_Ext_b47484,PUR_IED_JoseAcevedo_Ext_b47484,,,,,
2026-09-12T14:11:08-05:00,PUR_IED_JoseMarti_Exte_5b9bf,PUR_IED_JoseMarti_Exte_5b9bf,,,,,
2026-09-12T14:11:08-05:00,PUR_IED_JoseMarti_LabQuim_1c6c2d,PUR_IED_JoseMarti_LabQuim_1c6c2d,,,,,
2026-09-12T14:11:08-05:00,PUR_IED_JoseMarti_S_info_f5f177,PUR_IED_JoseMarti_S_info_f5f177,,,,,
2026-09-12T14:11:08-05:00,PUR_IED_Josejoaquin_Ext_dfc5dc,PUR_IED_Josejoaquin_Ext_dfc5dc,,,,,
2026-09-12T14:11:08-05:00,PUR_IED_Josejoaquin_S05_5b2a96,PUR_IED_Josejoaquin_S05_5b2a96,,,,,
2026-09-12T14:11:08-05:00,PUR_IED_Josejoaquin_S06_1ce7d2,PUR_IED_Josejoaquin_S06_1ce7d2,,,,,
2026-09-12T14:11:08-05:00,PUR_IED_JulioFlorez_Danza_9b82dd,PUR_IED_JulioFlorez_Danza_9b82dd,,,,,
2026-09-12T14:11:08-05:00,PUR_IED_JulioFlorez_Exter_f9f314,PUR_IED_JulioFlorez_Exter_f9f314,,,,,
2026-09-12T14:11:08-05:00,PUR_IED_JulioFlorez_info2_6b6e08,PUR_IED_JulioFlorez_info2_6b6e08,,,,,
2026-09-12T14:11:08-05:00,PUR_IED_LaBelleza_Aula13_1d00d8,PUR_IED_LaBelleza_Aula13_1d00d8,,,,,
2026-09-12T14:11:08-05:00,PUR_IED_LaBelleza_Ext_7bc08c,PUR_IED_LaBelleza_Ext_7bc08c,,,,,
2026-09-12T14:11:08-05:00,PUR_IED_LaChucua_Ext_8cd6d2,PUR_IED_LaChucua_Ext_8cd6d2,,,,,
2026-09-12T14:11:08-05:00,PUR_IED_LaChucua_S15_f578ce,PUR_IED_LaChucua_S15_f578ce,,,,,
2026-09-12T14:11:08-05:00,PUR_IED_LaChucua_S16_eebcf9,PUR_IED_LaChucua_S16_eebcf9,,,,,
2026-09-12T14:11:08-05:00,PUR_IED_LaFelicidad_Ext_fb5109,PUR_IED_LaFelicidad_Ext_fb5109,,,,,
2026-09-12T14:11:08-05:00,PUR_IED_LaMerced_206_66ebd,PUR_IED_LaMerced_206_66ebd,,,,,
2026-09-12T14:11:08-05:00,PUR_IED_LaMerced_207_6ebd6,PUR_IED_LaMerced_207_6ebd6,,,,,
2026-09-12T14:11:08-05:00,PUR_IED_LaMerced_ext_304311,PUR_IED_LaMerced_ext_304311,,,,,
2026-09-12T14:11:08-05:00,PUR_IED_Laureano_CiencNat_281e5e,PUR_IED_Laureano_CiencNat_281e5e,,,,,
2026-09-12T14:11:08-05:00,PUR_IED_Laureano_Comedor_f65c0a,PUR_IED_Laureano_Comedor_f65c0a,,,,,
2026-09-12T14:11:08-05:00,PUR_IED_Laureano_Exterior_7ab011,PUR_IED_Laureano_Exterior_7ab011,,,,,
2026-09-12T14:11:08-05:00,PUR_IED_LeonGreiff_Exte_dfe560,PUR_IED_LeonGreiff_Exte_dfe560,,,,,
2026-09-12T14:11:08-05:00,PUR_IED_LeonGreiff_S210_f264ed,PUR_IED_LeonGreiff_S210_f264ed,,,,,
2026-09-12T14:11:08-05:00,PUR_IED_LeonGreiff_SQuimi_e8296f,PUR_IED_LeonGreiff_SQuimi_e8296f,,,,,
2026-09-12T14:11:08-05:00,PUR_IED_LlanoOrientalS208_7b9fcd,PUR_IED_LlanoOrientalS208_7b9fcd,,,,,
2026-09-12T14:11:08-05:00,PUR_IED_LlanoOriental_Ext_fb3766,PUR_IED_LlanoOriental_Ext_fb3766,,,,,
2026-09-12T14:11:08-05:00,PUR_IED_LlanoOriental_S208_7b9fcd,PUR_IED_LlanoOriental_S208_7b9fcd,,,,,
2026-09-12T14:11:08-05:00,PUR_IED_LlanoOriental_S9_27b378,PUR_IED_LlanoOriental_S9_27b378,,,,,
2026-09-12T14:11:08-05:00,PUR_IED_LosTejares_1101_477602,PUR_IED_LosTejares_1101_477602,,,,,
2026-09-12T14:11:08-05:00,PUR_IED_LosTejares_11_d2c595,PUR_IED_LosTejares_11_d2c595,,,,,
2026-09-12T14:11:08-05:00,PUR_IED_LosTejares_12_477602,PUR_IED_LosTejares_12_477602,,,,,
2026-09-12T14:11:08-05:00,PUR_IED_LosTejares_Ext_8e2115,PUR_IED_LosTejares_Ext_8e2115,,,,,
2026-09-12T14:11:08-05:00,PUR_IED_MagdalenaO_B202_5ddda3,PUR_IED_MagdalenaO_B202_5ddda3,,,,,
2026-09-12T14:11:08-05:00,PUR_IED_MagdalenaO_B205_fb76e8,PUR_IED_MagdalenaO_B205_fb76e8,,,,,
2026-09-12T14:11:08-05:00,PUR_IED_MagdalenaO_ext_dc69cd,PUR_IED_MagdalenaO_ext_dc69cd,,,,,
2026-09-12T14:11:08-05:00,PUR_IED_ManueCepeda_artes_eee956,PUR_IED_ManueCepeda_artes_eee956,,,,,
2026-09-12T14:11:08-05:00,PUR_IED_ManuelCepeda_Ext_58313,PUR_IED_ManuelCepeda_Ext_58313,,,,,
2026-09-12T14:11:08-05:00,PUR_IED_ManuelCepeda_tec_1c5731,PUR_IED_ManuelCepeda_tec_1c5731,,,,,
2026-09-12T14:11:08-05:00,PUR_IED_ManuelS_Exterior_5b269,PUR_IED_ManuelS_Exterior_5b269,,,,,
2026-09-12T14:11:08-05:00,PUR_IED_ManuelS_Inform_f369ce,PUR_IED_ManuelS_Inform_f369ce,,,,,
2026-09-12T14:11:08-05:00,PUR_IED_ManuelS_SArtes_7d15f1,PUR_IED_ManuelS_SArtes_7d15f1,,,,,
2026-09-12T14:11:08-05:00,PUR_IED_ManuelZapata_303_3ca6,PUR_IED_ManuelZapata_303_3ca6,,,,,
2026-09-12T14:11:08-05:00,PUR_IED_ManuelZapata_311_bfbabc,PUR_IED_ManuelZapata_311_bfbabc,,,,,
2026-09-12T14:11:08-05:00,PUR_IED_ManuelZapata_Ext_50824a,PUR_IED_ManuelZapata_Ext_50824a,,,,,
2026-09-12T14:11:08-05:00,PUR_IED_ManuelitaS_Exteri_656a92,PUR_IED_ManuelitaS_Exteri_656a92,,,,,
2026-09-12T14:11:08-05:00,PUR_IED_ManuelitaS_JuzgDe_f58ec3,PUR_IED_ManuelitaS_JuzgDe_f58ec3,,,,,
2026-09-12T14:11:08-05:00,PUR_IED_ManuelitaS_Recrea_d793db,PUR_IED_ManuelitaS_Recrea_d793db,,,,,
2026-09-12T14:11:08-05:00,PUR_IED_MarFidSuarez_Ext_c27b19,PUR_IED_MarFidSuarez_Ext_c27b19,,,,,
2026-09-12T14:11:08-05:00,PUR_IED_MarFidSuarez_Info_e384d7,PUR_IED_MarFidSuarez_Info_e384d7,,,,,
2026-09-12T14:11:08-05:00,PUR_IED_MarFidSuarez_S306_1d0032,PUR_IED_MarFidSuarez_S306_1d0032,,,,,
2026-09-12T14:11:08-05:00,PUR_IED_Menorah_301_2a25a3,PUR_IED_Menorah_301_2a25a3,,,,,
2026-09-12T14:11:08-05:00,PUR_IED_Menorah_306_37ed3,PUR_IED_Menorah_306_37ed3,,,,,
2026-09-12T14:11:08-05:00,PUR_IED_Menorah_Ext_3e155b,PUR_IED_Menorah_Ext_3e155b,,,,,
2026-09-12T14:11:08-05:00,PUR_IED_MinutoB.Aires_A11_1b1604,PUR_IED_MinutoB.Aires_A11_1b1604,,,,,
2026-09-12T14:11:08-05:00,PUR_IED_MinutoB.Aires_A12_fb5860,PUR_IED_MinutoB.Aires_A12_fb5860,,,,,
2026-09-12T14:11:08-05:00,PUR_IED_MinutoB.Aires_Ext_81293f,PUR_IED_MinutoB.Aires_Ext_81293f,,,,,
2026-09-12T14:11:08-05:00,PUR_IED_MinutoBAires_A11_1b1604,PUR_IED_MinutoBAires_A11_1b1604,,,,,
2026-09-12T14:11:08-05:00,PUR_IED_MinutoBAires_A12_fb5860,PUR_IED_MinutoBAires_A12_fb5860,,,,,
2026-09-12T14:11:08-05:00,PUR_IED_MinutoBAires_Ext_81293f,PUR_IED_MinutoBAires_Ext_81293f,,,,,
2026-09-12T14:11:08-05:00,PUR_IED_Montreal_Aula10_1e4959,PUR_IED_Montreal_Aula10_1e4959,,,,,
2026-09-12T14:11:08-05:00,PUR_IED_Montreal_Aula6_300367,PUR_IED_Montreal_Aula6_300367,,,,,
2026-09-12T14:11:08-05:00,PUR_IED_Montreal_Exterior_91a179,PUR_IED_Montreal_Exterior_91a179,,,,,
2026-09-12T14:11:08-05:00,PUR_IED_Mqgdalena_B202_5ddda3,PUR_IED_Mqgdalena_B202_5ddda3,,,,,
2026-09-12T14:11:08-05:00,PUR_IED_NACUND_Soc_dc8728,PUR_IED_NACUND_Soc_dc8728,,,,,
2026-09-12T14:11:08-05:00,PUR_IED_NACUND_ext_27ad97,PUR_IED_NACUND_ext_27ad97,,,,,
2026-09-12T14:11:08-05:00,PUR_IED_NEsperanza_Ext_d24b61,PUR_IED_NEsperanza_Ext_d24b61,,,,,
2026-09-12T14:11:08-05:00,PUR_IED_NEsperanza_SElect_7d1807,PUR_IED_NEsperanza_SElect_7d1807,,,,,
2026-09-12T14:11:08-05:00,PUR_IED_NEsperanza_SLabor_8b2d0a,PUR_IED_NEsperanza_SLabor_8b2d0a,,,,,
2026-09-12T14:11:08-05:00,PUR_IED_NacionesU_Ext_f661a9,PUR_IED_NacionesU_Ext_f661a9,,,,,
2026-09-12T14:11:08-05:00,PUR_IED_NacionesU_Quimica_66f0a,PUR_IED_NacionesU_Quimica_66f0a,,,,,
2026-09-12T14:11:08-05:00,PUR_IED_NacionesU_S306_1b4b3d,PUR_IED_NacionesU_S306_1b4b3d,,,,,
2026-09-12T14:11:08-05:00,PUR_IED_NestorFA_Ext_e4201c,PUR_IED_NestorFA_Ext_e4201c,,,,,
2026-09-12T14:11:08-05:00,PUR_IED_NestorFA_Laborato_f22fe0,PUR_IED_NestorFA_Laborato_f22fe0,,,,,
2026-09-12T14:11:08-05:00,PUR_IED_NestorFA_S204_dee996,PUR_IED_NestorFA_S204_dee996,,,,,
2026-09-12T14:11:08-05:00,PUR_IED_NidyaQT_Aula03_76999b,PUR_IED_NidyaQT_Aula03_76999b,,,,,
2026-09-12T14:11:08-05:00,PUR_IED_NidyaQT_Aula10_56325,PUR_IED_NidyaQT_Aula10_56325,,,,,
2026-09-12T14:11:08-05:00,PUR_IED_NidyaQT_Ext_46e32d,PUR_IED_NidyaQT_Ext_46e32d,,,,,
2026-09-12T14:11:08-05:00,PUR_IED_NuevaCol_Exterior_d9b859,PUR_IED_NuevaCol_Exterior_d9b859,,,,,
2026-09-12T14:11:08-05:00,PUR_IED_NuevaCol_S1101_76c43b,PUR_IED_NuevaCol_S1101_76c43b,,,,,
2026-09-12T14:11:08-05:00,PUR_IED_NuevaCol_S1102_1ce0b5,PUR_IED_NuevaCol_S1102_1ce0b5,,,,,
2026-09-12T14:11:08-05:00,PUR_IED_OEA_A202_f7e3f2,PUR_IED_OEA_A202_f7e3f2,,,,,
2026-09-12T14:11:08-05:00,PUR_IED_OEA_A203_7d1b8d,PUR_IED_OEA_A203_7d1b8d,,,,,
2026-09-12T14:11:08-05:00,PUR_IED_OEA_Ext_27b593,PUR_IED_OEA_Ext_27b593,,,,,
2026-09-12T14:11:08-05:00,PUR_IED_Ochoa_Ext_1c29da,PUR_IED_Ochoa_Ext_1c29da,,,,,
2026-09-12T14:11:08-05:00,PUR_IED_Ochoa_S205_8b1121,PUR_IED_Ochoa_S205_8b1121,,,,,
2026-09-12T14:11:08-05:00,PUR_IED_Ochoa_Sistemas_f33af6,PUR_IED_Ochoa_Sistemas_f33af6,,,,,
2026-09-12T14:11:08-05:00,PUR_IED_PQuebec_Ext_1c67c7,PUR_IED_PQuebec_Ext_1c67c7,,,,,
2026-09-12T14:11:08-05:00,PUR_IED_PQuebec_S15_23e8e2,PUR_IED_PQuebec_S15_23e8e2,,,,,
2026-09-12T14:11:08-05:00,PUR_IED_PQuebec_S16_8ec76b,PUR_IED_PQuebec_S16_8ec76b,,,,,
2026-09-12T14:11:08-05:00,PUR_IED_PabloN_Ext_49dc96,PUR_IED_PabloN_Ext_49dc96,,,,,
2026-09-12T14:11:08-05:00,PUR_IED_PabloN_S1102_4e3df5,PUR_IED_PabloN_S1102_4e3df5,,,,,
2026-09-12T14:11:08-05:00,PUR_IED_PabloN_S1103_50c94b,PUR_IED_PabloN_S1103_50c94b,,,,,
2026-09-12T14:11:08-05:00,PUR_IED_Palestina_S1101_db9198,PUR_IED_Palestina_S1101_db9198,,,,,
2026-09-12T14:11:08-05:00,PUR_IED_Palestina_S1102_dc54fa,PUR_IED_Palestina_S1102_dc54fa,,,,,
2026-09-12T14:11:08-05:00,PUR_IED_Palestina_ext_4ccce6,PUR_IED_Palestina_ext_4ccce6,,,,,
2026-09-12T14:11:08-05:00,PUR_IED_Panama_Fisica_4d0794,PUR_IED_Panama_Fisica_4d0794,,,,,
2026-09-12T14:11:08-05:00,PUR_IED_Panama_SIngles_a4077e,PUR_IED_Panama_SIngles_a4077e,,,,,
2026-09-12T14:11:08-05:00,PUR_IED_Panama_ext_4c54b4,PUR_IED_Panama_ext_4c54b4,,,,,
2026-09-12T14:11:08-05:00,PUR_IED_ParaisoM_Exterior_8cd7f0,PUR_IED_ParaisoM_Exterior_8cd7f0,,,,,
2026-09-12T14:11:08-05:00,PUR_IED_ParaisoM_Laborato_27af35,PUR_IED_ParaisoM_Laborato_27af35,,,,,
2026-09-12T14:11:08-05:00,PUR_IED_ParaisoM_S304_d1edca,PUR_IED_ParaisoM_S304_d1edca,,,,,
2026-09-12T14:11:08-05:00,PUR_IED_PorfirioBarba_Ext_301466,PUR_IED_PorfirioBarba_Ext_301466,,,,,
2026-09-12T14:11:08-05:00,PUR_IED_PorfirioBarba_S11_df6cd2,PUR_IED_PorfirioBarba_S11_df6cd2,,,,,
2026-09-12T14:11:08-05:00,PUR_IED_PorfirioBarba_S29_27a7d6,PUR_IED_PorfirioBarba_S29_27a7d6,,,,,
2026-09-12T14:11:08-05:00,PUR_IED_PradoV_Exter_8b27ad,PUR_IED_PradoV_Exter_8b27ad,,,,,
2026-09-12T14:11:08-05:00,PUR_IED_PradoV_S301_de65b5,PUR_IED_PradoV_S301_de65b5,,,,,
2026-09-12T14:11:08-05:00,PUR_IED_PradoV_S302_7d2593,PUR_IED_PradoV_S302_7d2593,,,,,
2026-09-12T14:11:08-05:00,PUR_IED_QuirogaAlz_Ext_1ddc82,PUR_IED_QuirogaAlz_Ext_1ddc82,,,,,
2026-09-12T14:11:08-05:00,PUR_IED_QuirogaAlz_S302_9926a3,PUR_IED_QuirogaAlz_S302_9926a3,,,,,
2026-09-12T14:11:08-05:00,PUR_IED_QuirogaAlz_S305_cdf1f1,PUR_IED_QuirogaAlz_S305_cdf1f1,,,,,
2026-09-12T14:11:08-05:00,PUR_IED_RGuatemala_Biling_dc53b7,PUR_IED_RGuatemala_Biling_dc53b7,,,,,
2026-09-12T14:11:08-05:00,PUR_IED_RGuatemala_Ext_1b89a3,PUR_IED_RGuatemala_Ext_1b89a3,,,,,
2026-09-12T14:11:08-05:00,PUR_IED_RGuatemala_Tecnol_281a34,PUR_IED_RGuatemala_Tecnol_281a34,,,,,
2026-09-12T14:11:08-05:00,PUR_IED_RafaNu_Ext_f7c302,PUR_IED_RafaNu_Ext_f7c302,,,,,
2026-09-12T14:11:08-05:00,PUR_IED_RafaNu_S1101_25fde,PUR_IED_RafaNu_S1101_25fde,,,,,
2026-09-12T14:11:08-05:00,PUR_IED_RafaNu_S1102_281517,PUR_IED_RafaNu_S1102_281517,,,,,
2026-09-12T14:11:08-05:00,PUR_IED_RafaelB_S305_ee2783,PUR_IED_RafaelB_S305_ee2783,,,,,
2026-09-12T14:11:08-05:00,PUR_IED_RafaelB_S306_75fe33,PUR_IED_RafaelB_S306_75fe33,,,,,
2026-09-12T14:11:08-05:00,PUR_IED_RafaelB_ext_283336,PUR_IED_RafaelB_ext_283336,3,20,57,4.6722,-74.0737
2026-09-12T14:11:08-05:00,PUR_IED_RafaelUU_Exterior_281a51,PUR_IED_RafaelUU_Exterior_281a51,,,,,
2026-09-12T14:11:08-05:00,PUR_IED_RafaelUU_Human_806b2,PUR_IED_RafaelUU_Human_806b2,,,,,
2026-09-12T14:11:08-05:00,PUR_IED_RafaelUU_Mate2_5680d4,PUR_IED_RafaelUU_Mate2_5680d4,,,,,
2026-09-12T14:11:08-05:00,PUR_IED_RamonSub_Ext_f9eeb9,PUR_IED_RamonSub_Ext_f9eeb9,,,,,
2026-09-12T14:11:08-05:00,PUR_IED_RamonSub_Media_d1f62f,PUR_IED_RamonSub_Media_d1f62f,,,,,
2026-09-12T14:11:08-05:00,PUR_IED_RamonSub_planta_51b82,PUR_IED_RamonSub_planta_51b82,,,,,
2026-09-12T14:11:08-05:00,PUR_IED_RepBoliVene_Exter_27af7c,PUR_IED_RepBoliVene_Exter_27af7c,,,,,
2026-09-12T14:11:08-05:00,PUR_IED_RepBoliVene_SCPT_5ae2ee,PUR_IED_RepBoliVene_SCPT_5ae2ee,,,,,
2026-09-12T14:11:08-05:00,PUR_IED_RepBoliVene_Socia_4b11d5,PUR_IED_RepBoliVene_Socia_4b11d5,,,,,
2026-09-12T14:11:08-05:00,PUR_IED_RepChina_Ext_76d9ee,PUR_IED_RepChina_Ext_76d9ee,,,,,
2026-09-12T14:11:08-05:00,PUR_IED_RepChina_S404_7c804c,PUR_IED_RepChina_S404_7c804c,,,,,
2026-09-12T14:11:08-05:00,PUR_IED_RepChina_S405_df2c33,PUR_IED_RepChina_S405_df2c33,,,,,
2026-09-12T14:11:08-05:00,PUR_IED_RepublicaC_Exteri_7d1ec9,PUR_IED_RepublicaC_Exteri_7d1ec9,,,,,
2026-09-12T14:11:08-05:00,PUR_IED_RepublicaC_S1101_f544b3,PUR_IED_RepublicaC_S1101_f544b3,,,,,
2026-09-12T14:11:08-05:00,PUR_IED_RepublicaC_S1102_7aafc7,PUR_IED_RepublicaC_S1102_7aafc7,,,,,
2026-09-12T14:11:08-05:00,PUR_IED_Ricaurte_Externo_a0ea1,PUR_IED_Ricaurte_Externo_a0ea1,,,,,
2026-09-12T14:11:08-05:00,PUR_IED_Ricaurte_S210_f546fd,PUR_IED_Ricaurte_S210_f546fd,,,,,
2026-09-12T14:11:08-05:00,PUR_IED_Ricaurte_S309_d4452,PUR_IED_Ricaurte_S309_d4452,,,,,
2026-09-12T14:11:08-05:00,PUR_IED_RogelioS_1102_531e69,PUR_IED_RogelioS_1102_531e69,,,,,
2026-09-12T14:11:08-05:00,PUR_IED_RogelioS_Ext_f25a18,PUR_IED_RogelioS_Ext_f25a18,,,,,
2026-09-12T14:11:08-05:00,PUR_IED_SBernardino_Ext_27aff8,PUR_IED_SBernardino_Ext_27aff8,,,,,
2026-09-12T14:11:08-05:00,PUR_IED_SBernardino_SArte_2ffd33,PUR_IED_SBernardino_SArte_2ffd33,,,,,
2026-09-12T14:11:08-05:00,PUR_IED_SBernardino_SIngl_7c7da5,PUR_IED_SBernardino_SIngl_7c7da5,,,,,
2026-09-12T14:11:08-05:00,PUR_IED_Sago_auditorio_dc9d1d,PUR_IED_Sago_auditorio_dc9d1d,,,,,
2026-09-12T14:11:08-05:00,PUR_IED_Saludcoop_Ext_95aac3,PUR_IED_Saludcoop_Ext_95aac3,,,,,
2026-09-12T14:11:08-05:00,PUR_IED_Saludcoop_InfI_90c854,PUR_IED_Saludcoop_InfI_90c854,,,,,
2026-09-12T14:11:08-05:00,PUR_IED_Saludcoop_SMedia_1b93be,PUR_IED_Saludcoop_SMedia_1b93be,,,,,
2026-09-12T14:11:08-05:00,PUR_IED_SanCarlos_1101_1a2360,PUR_IED_SanCarlos_1101_1a2360,,,,,
2026-09-12T14:11:08-05:00,PUR_IED_SanCarlos_1103_7bafb5,PUR_IED_SanCarlos_1103_7bafb5,,,,,
2026-09-12T14:11:08-05:00,PUR_IED_SanCarlos_Ext_b7cd1,PUR_IED_SanCarlos_Ext_b7cd1,,,,,
2026-09-12T14:11:08-05:00,PUR_IED_SanIgnacioBosa11a_50c26e,PUR_IED_SanIgnacioBosa11a_50c26e,,,,,
2026-09-12T14:11:08-05:00,PUR_IED_SanIgnacioBosa11b_371de8,PUR_IED_SanIgnacioBosa11b_371de8,,,,,
2026-09-12T14:11:08-05:00,PUR_IED_SanIgnacioBosaExt_ef0ffc,PUR_IED_SanIgnacioBosaExt_ef0ffc,,,,,
2026-09-12T14:11:08-05:00,PUR_IED_SanIgnacioBosa_11a_50c26e,PUR_IED_SanIgnacioBosa_11a_50c26e,,,,,
2026-09-12T14:11:08-05:00,PUR_IED_SanIgnacioBosa_Ext_ef0ffc,PUR_IED_SanIgnacioBosa_Ext_ef0ffc,,,,,
2026-09-12T14:11:08-05:00,PUR_IED_SanJoseN_intS1101_31c47f,PUR_IED_SanJoseN_intS1101_31c47f,,,,,
2026-09-12T14:11:08-05:00,PUR_IED_SanJoseUsm_Exter_f5d7e8,PUR_IED_SanJoseUsm_Exter_f5d7e8,,,,,
2026-09-12T14:11:08-05:00,PUR_IED_SanJoseUsm_Int11A_cfdef6,PUR_IED_SanJoseUsm_Int11A_cfdef6,,,,,
2026-09-12T14:11:08-05:00,PUR_IED_SilveriaR_IntB5_905349,PUR_IED_SilveriaR_IntB5_905349,,,,,
2026-09-12T14:11:08-05:00,PUR_IED_SilveriaR_IntSD14_981f93,PUR_IED_SilveriaR_IntSD14_981f93,,,,,
2026-09-12T14:11:08-05:00,PUR_IED_SilveriaR_ext_2b651d,PUR_IED_SilveriaR_ext_2b651d,,,,,
2026-09-12T14:11:08-05:00,PUR_IED_SimonB_Exterior_913975,PUR_IED_SimonB_Exterior_913975,,,,,
2026-09-12T14:11:08-05:00,PUR_IED_SimonB_LabQuimi_c56908,PUR_IED_SimonB_LabQuimi_c56908,,,,,
2026-09-12T14:11:08-05:00,PUR_IED_SimonB_informatic_a28c1,PUR_IED_SimonB_informatic_a28c1,,,,,
2026-09-12T14:11:08-05:00,PUR_IED_Sorrento_1102_315f50,PUR_IED_Sorrento_1102_315f50,,,,,
2026-09-12T14:11:08-05:00,PUR_IED_Sorrento_Minte_214eab,PUR_IED_Sorrento_Minte_214eab,,,,,
2026-09-12T14:11:08-05:00,PUR_IED_Sorrento_ext_7c3a0a,PUR_IED_Sorrento_ext_7c3a0a,,,,,
2026-09-12T14:11:08-05:00,PUR_IED_Tabora_Ext_f048ae,PUR_IED_Tabora_Ext_f048ae,,,,,
2026-09-12T14:11:08-05:00,PUR_IED_Tabora_S1102_b07752,PUR_IED_Tabora_S1102_b07752,,,,,
2026-09-12T14:11:08-05:00,PUR_IED_Tabora_S1103_d988f5,PUR_IED_Tabora_S1103_d988f5,,,,,
2026-09-12T14:11:08-05:00,PUR_IED_Tenerife_Ext_1ab188,PUR_IED_Tenerife_Ext_1ab188,,,,,
2026-09-12T14:11:08-05:00,PUR_IED_Tenerife_SDanzas_7bc02e,PUR_IED_Tenerife_SDanzas_7bc02e,,,,,
2026-09-12T14:11:08-05:00,PUR_IED_Tenerife_SIngles_7cc277,PUR_IED_Tenerife_SIngles_7cc277,,,,,
2026-09-12T14:11:08-05:00,PUR_IED_Tibabuyes_Exter_f2683d,PUR_IED_Tibabuyes_Exter_f2683d,,,,,
2026-09-12T14:11:08-05:00,PUR_IED_Tibabuyes_S10_dc87a8,PUR_IED_Tibabuyes_S10_dc87a8,,,,,
2026-09-12T14:11:08-05:00,PUR_IED_Tibabuyes_S15_dc0526,PUR_IED_Tibabuyes_S15_dc0526,,,,,
2026-09-12T14:11:08-05:00,PUR_IED_UnionE_S301_a1043,PUR_IED_UnionE_S301_a1043,,,,,
2026-09-12T14:11:08-05:00,PUR_IED_UnionE_S307_ff6c2f,PUR_IED_UnionE_S307_ff6c2f,,,,,
2026-09-12T14:11:08-05:00,PUR_IED_UnionE__Ext_5e2468,PUR_IED_UnionE__Ext_5e2468,,,,,
2026-09-12T14:11:08-05:00,PUR_IED_VillaRica_Ext_75be7c,PUR_IED_VillaRica_Ext_75be7c,,,,,
2026-09-12T14:11:08-05:00,PUR_IED_VillaRica_S4_cc5dcd,PUR_IED_VillaRica_S4_cc5dcd,,,,,
2026-09-12T14:11:08-05:00,PUR_IED_VillaRica_Sesp_99f5c,PUR_IED_VillaRica_Sesp_99f5c,,,,,
2026-09-12T14:16:05-05:00,PUR_IED_20deJulio_1101_91b1b9,PUR_IED_20deJulio_1101_91b1b9,,,,,
2026-09-12T14:16:05-05:00,PUR_IED_20deJulio_1102_1cfcf9,PUR_IED_20deJulio_1102_1cfcf9,,,,,
2026-09-12T14:16:05-05:00,PUR_IED_20deJulio_Ext_ab60bd,PUR_IED_20deJulio_Ext_ab60bd,,,,,
2026-09-12T14:16:05-05:00,PUR_IED_AgustinFer_Ext_7b9b77,PUR_IED_AgustinFer_Ext_7b9b77,,,,,
2026-09-12T14:16:05-05:00,PUR_IED_AgustinFer_Info2_27b3a7,PUR_IED_AgustinFer_Info2_27b3a7,,,,,
2026-09-12T14:16:05-05:00,PUR_IED_AgustinFer_Sena_54b4eb,PUR_IED_AgustinFer_Sena_54b4eb,,,,,
2026-09-12T14:16:05-05:00,PUR_IED_AlexanderF_1102_caf07b,PUR_IED_AlexanderF_1102_caf07b,,,,,
2026-09-12T14:16:05-05:00,PUR_IED_AlexanderF_1103_c79e71,PUR_IED_AlexanderF_1103_c79e71,,,,,
2026-09-12T14:16:05-05:00,PUR_IED_AlexanderF_Ext_c5b18b,PUR_IED_AlexanderF_Ext_c5b18b,,,,,
2026-09-12T14:16:05-05:00,PUR_IED_AlfonsoLopez_Ext_281d77,PUR_IED_AlfonsoLopez_Ext_281d77,,,,,
2026-09-12T14:16:05-05:00,PUR_IED_AlfonsoLopez_LabF_888ce0,PUR_IED_AlfonsoLopez_LabF_888ce0,,,,,
2026-09-12T14:16:05-05:00,PUR_IED_AlfonsoLopez_SMed_df6a7f,PUR_IED_AlfonsoLopez_SMed_df6a7f,,,,,
2026-09-12T14:16:05-05:00,PUR_IED_AltamiraSO_A2_209f92,PUR_IED_AltamiraSO_A2_209f92,,,,,
2026-09-12T14:16:05-05:00,PUR_IED_AltamiraSO_Ext_186d66,PUR_IED_AltamiraSO_Ext_186d66,,,,,
2026-09-12T14:16:05-05:00,PUR_IED_AltamiraSO_Sistem_27afe1,PUR_IED_AltamiraSO_Sistem_27afe1,,,,,
2026-09-12T14:16:05-05:00,PUR_IED_AlvaroGom_LabQuim_813179,PUR_IED_AlvaroGom_LabQuim_813179,,,,,
2026-09-12T14:16:05-05:00,PUR_IED_AlvaroGomez_Ext_47c7ca,PUR_IED_AlvaroGomez_Ext_47c7ca,,,,,
2026-09-12T14:16:05-05:00,PUR_IED_AlvaroGomez_LabQuim_813179,PUR_IED_AlvaroGomez_LabQuim_813179,,,,,
2026-09-12T14:16:05-05:00,PUR_IED_AlvaroGomez_S23_7ba89f,PUR_IED_AlvaroGomez_S23_7ba89f,,,,,
2026-09-12T14:16:05-05:00,PUR_IED_Amistad_306_dc8728,PUR_IED_Amistad_306_dc8728,,,,,
2026-09-12T14:16:05-05:00,PUR_IED_Amistad_Ext_8cd55e,PUR_IED_Amistad_Ext_8cd55e,,,,,
2026-09-12T14:16:05-05:00,PUR_IED_Amistad_S202_a41169,PUR_IED_Amistad_S202_a41169,,,,,
2026-09-12T14:16:05-05:00,PUR_IED_AndresBello_Bio_fd5f5e,PUR_IED_AndresBello_Bio_fd5f5e,,,,,
2026-09-12T14:16:05-05:00,PUR_IED_AndresBello_ext_dcad65,PUR_IED_AndresBello_ext_dcad65,,,,,
2026-09-12T14:16:05-05:00,PUR_IED_AndresBello_port_eed3ec,PUR_IED_AndresBello_port_eed3ec,,,,,
2026-09-12T14:16:05-05:00,PUR_IED_AngelaR_11b_d90a6b,PUR_IED_AngelaR_11b_d90a6b,,,,,
2026-09-12T14:16:05-05:00,PUR_IED_AngelaR_ext_7cad3e,PUR_IED_AngelaR_ext_7cad3e,2,22,53,4.5825,-74.164497
2026-09-12T14:16:05-05:00,PUR_IED_AntJoseSucre_10mo_df2575,PUR_IED_AntJoseSucre_10mo_df2575,,,,,
2026-09-12T14:16:05-05:00,PUR_IED_AntJoseSucre_Ext_215b36,PUR_IED_AntJoseSucre_Ext_215b36,,,,,
2026-09-12T14:16:05-05:00,PUR_IED_AntJoseSucre_Lab_3139de,PUR_IED_AntJoseSucre_Lab_3139de,,,,,
2026-09-12T14:16:05-05:00,PUR_IED_AntonioGarcia_301_d6b188,PUR_IED_AntonioGarcia_301_d6b188,,,,,
2026-09-12T14:16:05-05:00,PUR_IED_AntonioGarcia_302_88a82,PUR_IED_AntonioGarcia_302_88a82,,,,,
2026-09-12T14:16:05-05:00,PUR_IED_AntonioGarcia_Ext_20950c,PUR_IED_AntonioGarcia_Ext_20950c,,,,,
2026-09-12T14:16:05-05:00,PUR_IED_AntonioVan_Aula2_6dea02,PUR_IED_AntonioVan_Aula2_6dea02,,,,,
2026-09-12T14:16:05-05:00,PUR_IED_AntonioVan_Aula5_f1557e,PUR_IED_AntonioVan_Aula5_f1557e,,,,,
2026-09-12T14:16:05-05:00,PUR_IED_AntonioVan_Ext_406f2f,PUR_IED_AntonioVan_Ext_406f2f,,,,,
2026-09-12T14:16:05-05:00,PUR_IED_Atabanzha_Ext_cc5af9,PUR_IED_Atabanzha_Ext_cc5af9,,,,,
2026-09-12T14:16:05-05:00,PUR_IED_Atabanzha_SA101_56c37,PUR_IED_Atabanzha_SA101_56c37,,,,,
2026-09-12T14:16:05-05:00,PUR_IED_Atabanzha_SB302_27b374,PUR_IED_Atabanzha_SB302_27b374,,,,,
2026-09-12T14:16:05-05:00,PUR_IED_Atahualpa_Ext_fc1748,PUR_IED_Atahualpa_Ext_fc1748,,,,,
2026-09-12T14:16:05-05:00,PUR_IED_Atahualpa_Informa_dc9a95,PUR_IED_Atahualpa_Informa_dc9a95,,,,,
2026-09-12T14:16:05-05:00,PUR_IED_Atahualpa_S1101_f98056,PUR_IED_Atahualpa_S1101_f98056,,,,,
2026-09-12T14:16:05-05:00,PUR_IED_Bellavista_Ext_f5aa74,PUR_IED_Bellavista_Ext_f5aa74,,,,,
2026-09-12T14:16:05-05:00,PUR_IED_Bilbao_11A_916c41,PUR_IED_Bilbao_11A_916c41,,,,,
2026-09-12T14:16:05-05:00,PUR_IED_Bilbao_Ext_fb579a,PUR_IED_Bilbao_Ext_fb579a,,,,,
2026-09-12T14:16:05-05:00,PUR_IED_BrasiliaU_A125_304280,PUR_IED_BrasiliaU_A125_304280,,,,,
2026-09-12T14:16:05-05:00,PUR_IED_BrasiliaU_A203_7c8ca5,PUR_IED_BrasiliaU_A203_7c8ca5,,,,,
2026-09-12T14:16:05-05:00,PUR_IED_BrasiliaU_Ext_8d6e9f,PUR_IED_BrasiliaU_Ext_8d6e9f,3,21,51,4.5175,-74.116302
2026-09-12T14:16:05-05:00,PUR_IED_Brasilia_Ext_fe6593,PUR_IED_Brasilia_Ext_fe6593,,,,,
2026-09-12T14:16:05-05:00,PUR_IED_Brasilia_S24_7c130d,PUR_IED_Brasilia_S24_7c130d,,,,,
2026-09-12T14:16:05-05:00,PUR_IED_Brasilia_S501_186a54,PUR_IED_Brasilia_S501_186a54,,,,,
2026-09-12T14:16:05-05:00,PUR_IED_CHARRY_EXT_f1d5cd,PUR_IED_CHARRY_EXT_f1d5cd,,,,,
2026-09-12T14:16:05-05:00,PUR_IED_CHARRY_INTDANZAS_7a08e6,PUR_IED_CHARRY_INTDANZAS_7a08e6,,,,,
2026-09-12T14:16:05-05:00,PUR_IED_CHARRY_INT_AULA20_dc998d,PUR_IED_CHARRY_INT_AULA20_dc998d,,,,,
2026-09-12T14:16:05-05:00,PUR_IED_COLVIV_1101_S25_7f520a,PUR_IED_COLVIV_1101_S25_7f520a,,,,,
2026-09-12T14:16:05-05:00,PUR_IED_COLVIV_1102_S16_f570ba,PUR_IED_COLVIV_1102_S16_f570ba,,,,,
2026-09-12T14:16:05-05:00,PUR_IED_COLVIV_Ext_1a26fa,PUR_IED_COLVIV_Ext_1a26fa,,,,,
2026-09-12T14:16:05-05:00,PUR_IED_CULPOP_301A_f660f3,PUR_IED_CULPOP_301A_f660f3,,,,,
2026-09-12T14:16:05-05:00,PUR_IED_CULPOP_303_568afe,PUR_IED_CULPOP_303_568afe,,,,,
2026-09-12T14:16:05-05:00,PUR_IED_CULPOP_Ext_e02ccb,PUR_IED_CULPOP_Ext_e02ccb,,,,,
2026-09-12T14:16:05-05:00,PUR_IED_CVillavicen_Ext_26eb58,PUR_IED_CVillavicen_Ext_26eb58,3,18,69,4.487,-74.102798
2026-09-12T14:16:05-05:00,PUR_IED_CVillavicen_Intel_1ce5c2,PUR_IED_CVillavicen_Intel_1ce5c2,,,,,
2026-09-12T14:16:05-05:00,PUR_IED_CVillavicen_Poliv_e0766c,PUR_IED_CVillavicen_Poliv_e0766c,,,,,
2026-09-12T14:16:05-05:00,PUR_IED_CVillavicen_int_1ba140,PUR_IED_CVillavicen_int_1ba140,,,,,
2026-09-12T14:16:05-05:00,PUR_IED_CVillavicen_intel_1ba140,PUR_IED_CVillavicen_intel_1ba140,,,,,
2026-09-12T14:16:05-05:00,PUR_IED_CarlosPizarro_Ext_e307cc,PUR_IED_CarlosPizarro_Ext_e307cc,,,,,
2026-09-12T14:16:05-05:00,PUR_IED_CarlosPizarro_L36_7e5cdb,PUR_IED_CarlosPizarro_L36_7e5cdb,,,,,
2026-09-12T14:16:05-05:00,PUR_IED_CarlosPizarro_L37_c8566c,PUR_IED_CarlosPizarro_L37_c8566c,,,,,
2026-09-12T14:16:05-05:00,PUR_IED_Castilla_Ext_cf35f,PUR_IED_Castilla_Ext_cf35f,,,,,
2026-09-12T14:16:05-05:00,PUR_IED_Castilla_SFisik_360e38,PUR_IED_Castilla_SFisik_360e38,,,,,
2026-09-12T14:16:05-05:00,PUR_IED_Castilla_Sc304_496fbf,PUR_IED_Castilla_Sc304_496fbf,,,,,
2026-09-12T14:16:05-05:00,PUR_IED_CervantesSa_Ext_6b57b,PUR_IED_CervantesSa_Ext_6b57b,2,21,59,4.5128,-74.117203
2026-09-12T14:16:05-05:00,PUR_IED_CervantesSa_S107_225c2b,PUR_IED_CervantesSa_S107_225c2b,,,,,
2026-09-12T14:16:05-05:00,PUR_IED_CervantesSa_S108_940925,PUR_IED_CervantesSa_S108_940925,,,,,
2026-09-12T14:16:05-05:00,PUR_IED_Charry_A20_f53e7c,PUR_IED_Charry_A20_f53e7c,,,,,
2026-09-12T14:16:05-05:00,PUR_IED_Charry_Ext_f1d5cd,PUR_IED_Charry_Ext_f1d5cd,,,,,
2026-09-12T14:16:05-05:00,PUR_IED_Charry_IntAula20_dc998d,PUR_IED_Charry_IntAula20_dc998d,,,,,
2026-09-12T14:16:05-05:00,PUR_IED_Charry_IntDanzas_7a08e6,PUR_IED_Charry_IntDanzas_7a08e6,,,,,
2026-09-12T14:16:05-05:00,PUR_IED_ClememciaC_203_43e2fc,PUR_IED_ClememciaC_203_43e2fc,,,,,
2026-09-12T14:16:05-05:00,PUR_IED_ClememciaC_Ext_1b411a,PUR_IED_ClememciaC_Ext_1b411a,,,,,
2026-09-12T14:16:05-05:00,PUR_IED_ClememciaC_Quimic_44b5fc,PUR_IED_ClememciaC_Quimic_44b5fc,,,,,
2026-09-12T14:16:05-05:00,PUR_IED_ClemenciaC_203_43e2fc,PUR_IED_ClemenciaC_203_43e2fc,,,,,
2026-09-12T14:16:05-05:00,PUR_IED_ClemenciaC_Ext_1b411a,PUR_IED_ClemenciaC_Ext_1b411a,,,,,
2026-09-12T14:16:05-05:00,PUR_IED_ClemenciaC_Quimic_44b5fc,PUR_IED_ClemenciaC_Quimic_44b5fc,,,,,
2026-09-12T14:16:05-05:00,PUR_IED_ColViva_1101_S25_7f520a,PUR_IED_ColViva_1101_S25_7f520a,,,,,
2026-09-12T14:16:05-05:00,PUR_IED_ColViva_1102_S16_f570ba,PUR_IED_ColViva_1102_S16_f570ba,,,,,
2026-09-12T14:16:05-05:00,PUR_IED_ColViva_Ext_1a26fa,PUR_IED_ColViva_Ext_1a26fa,,,,,
2026-09-12T14:16:05-05:00,PUR_IED_ColegioBici_Asist_7c8798,PUR_IED_ColegioBici_Asist_7c8798,,,,,
2026-09-12T14:16:05-05:00,PUR_IED_ColegioBici_Ext_25cbf6,PUR_IED_ColegioBici_Ext_25cbf6,,,,,
2026-09-12T14:16:05-05:00,PUR_IED_ColegioBici_LabQ_7b57db,PUR_IED_ColegioBici_LabQ_7b57db,,,,,
2026-09-12T14:16:05-05:00,PUR_IED_CostaRica_Ext_5e640,PUR_IED_CostaRica_Ext_5e640,,,,,
2026-09-12T14:16:05-05:00,PUR_IED_CostaRica_Quim1_766d1c,PUR_IED_CostaRica_Quim1_766d1c,,,,,
2026-09-12T14:16:05-05:00,PUR_IED_CostaRica__Fisica_6f0873,PUR_IED_CostaRica__Fisica_6f0873,,,,,
2026-09-12T14:16:05-05:00,PUR_IED_CulPopu_301A_f660f3,PUR_IED_CulPopu_301A_f660f3,,,,,
2026-09-12T14:16:05-05:00,PUR_IED_CulPopu_303_568afe,PUR_IED_CulPopu_303_568afe,,,,,
2026-09-12T14:16:05-05:00,PUR_IED_CulPopu_Ext_e02ccb,PUR_IED_CulPopu_Ext_e02ccb,,,,,
2026-09-12T14:16:05-05:00,PUR_IED_Cundinamarca_Ext_f15985,PUR_IED_Cundinamarca_Ext_f15985,,,,,
2026-09-12T14:16:05-05:00,PUR_IED_Cundinamarca_Info_7aa5d7,PUR_IED_Cundinamarca_Info_7aa5d7,,,,,
2026-09-12T14:16:05-05:00,PUR_IED_Cundinamarca_Tec2_f449c7,PUR_IED_Cundinamarca_Tec2_f449c7,,,,,
2026-09-12T14:16:05-05:00,PUR_IED_DiegoM_Aula1_27b314,PUR_IED_DiegoM_Aula1_27b314,,,,,
2026-09-12T14:16:05-05:00,PUR_IED_DiegoM_Ext_d80ac8,PUR_IED_DiegoM_Ext_d80ac8,,,,,
2026-09-12T14:16:05-05:00,PUR_IED_DiegoM_S25_da928f,PUR_IED_DiegoM_S25_da928f,,,,,
2026-09-12T14:16:05-05:00,PUR_IED_ELRODEO_360881,PUR_IED_ELRODEO_360881,,,,,
2026-09-12T14:16:05-05:00,PUR_IED_ELRODEO_ext_360881,PUR_IED_ELRODEO_ext_360881,,,,,
2026-09-12T14:16:05-05:00,PUR_IED_EduardoU_Ext_1c1969,PUR_IED_EduardoU_Ext_1c1969,,,,,
2026-09-12T14:16:05-05:00,PUR_IED_EduardoU_SCiencia_4dfb94,PUR_IED_EduardoU_SCiencia_4dfb94,,,,,
2026-09-12T14:16:05-05:00,PUR_IED_EduardoU_SQuimica_5a46e7,PUR_IED_EduardoU_SQuimica_5a46e7,,,,,
2026-09-12T14:16:05-05:00,PUR_IED_ElRodeo_Aula14_676984,PUR_IED_ElRodeo_Aula14_676984,,,,,
2026-09-12T14:16:05-05:00,PUR_IED_ElRodeo_Aula16_2dd35b,PUR_IED_ElRodeo_Aula16_2dd35b,,,,,
2026-09-12T14:16:05-05:00,PUR_IED_ElRodeo_Ext_360881,PUR_IED_ElRodeo_Ext_360881,,,,,
2026-09-12T14:16:05-05:00,PUR_IED_ElRodeo_Exterior_8c6d28,PUR_IED_ElRodeo_Exterior_8c6d28,,,,,
2026-09-12T14:16:05-05:00,PUR_IED_ElRodeo_ext_360881,PUR_IED_ElRodeo_ext_360881,,,,,
2026-09-12T14:16:05-05:00,PUR_IED_EmmaReyes_Ext_987625,PUR_IED_EmmaReyes_Ext_987625,3,22,46,4.6367,-74.1511
2026-09-12T14:16:05-05:00,PUR_IED_Ensueño_Ext_7f0250,PUR_IED_Ensueño_Ext_7f0250,,,,,
2026-09-12T14:16:05-05:00,PUR_IED_EscNormal_Ext_5fef3b,PUR_IED_EscNormal_Ext_5fef3b,2,23,49,4.5852,-74.096901
2026-09-12T14:16:05-05:00,PUR_IED_EscNormal_S309_5b263,PUR_IED_EscNormal_S309_5b263,,,,,
2026-09-12T14:16:05-05:00,PUR_IED_EscNormal_S310_27b3b8,PUR_IED_EscNormal_S310_27b3b8,,,,,
2026-09-12T14:16:05-05:00,PUR_IED_Evangelista_Conta_f6cd4f,PUR_IED_Evangelista_Conta_f6cd4f,,,,,
2026-09-12T14:16:05-05:00,PUR_IED_Evangelista_Cri_5e16a,PUR_IED_Evangelista_Cri_5e16a,,,,,
2026-09-12T14:16:05-05:00,PUR_IED_Evangelista_Exter_754066,PUR_IED_Evangelista_Exter_754066,,,,,
2026-09-12T14:16:05-05:00,PUR_IED_FMiranda_S209_5cc2a3,PUR_IED_FMiranda_S209_5cc2a3,,,,,
2026-09-12T14:16:05-05:00,PUR_IED_FMiranda_S303_19e344,PUR_IED_FMiranda_S303_19e344,,,,,
2026-09-12T14:16:05-05:00,PUR_IED_FMiranda_ext_f53e7c,PUR_IED_FMiranda_ext_f53e7c,,,,,
2026-09-12T14:16:05-05:00,PUR_IED_FabioLozano_Bibli_1cee05,PUR_IED_FabioLozano_Bibli_1cee05,,,,,
2026-09-12T14:16:05-05:00,PUR_IED_FabioLozano_Ext_6ea285,PUR_IED_FabioLozano_Ext_6ea285,,,,,
2026-09-12T14:16:05-05:00,PUR_IED_FabioLozano_SLudi_f09e1e,PUR_IED_FabioLozano_SLudi_f09e1e,,,,,
2026-09-12T14:16:05-05:00,PUR_IED_FaustinoS_Aula07_27a731,PUR_IED_FaustinoS_Aula07_27a731,,,,,
2026-09-12T14:16:05-05:00,PUR_IED_FaustinoS_Ext_7b936f,PUR_IED_FaustinoS_Ext_7b936f,,,,,
2026-09-12T14:16:05-05:00,PUR_IED_FaustinoS_Fisica_da2c60,PUR_IED_FaustinoS_Fisica_da2c60,,,,,
2026-09-12T14:16:05-05:00,PUR_IED_FeGarciaLo_Ext_dc68ee,PUR_IED_FeGarciaLo_Ext_dc68ee,,,,,
2026-09-12T14:16:05-05:00,PUR_IED_FeGarciaLo_SDanza_f70a59,PUR_IED_FeGarciaLo_SDanza_f70a59,,,,,
2026-09-12T14:16:05-05:00,PUR_IED_FeGarciaLo_SMusic_125cdd,PUR_IED_FeGarciaLo_SMusic_125cdd,,,,,
2026-09-12T14:16:05-05:00,PUR_IED_FederalAlema_Exte_50c345,PUR_IED_FederalAlema_Exte_50c345,,,,,
2026-09-12T14:16:05-05:00,PUR_IED_FederalAlema_S31_f18371,PUR_IED_FederalAlema_S31_f18371,,,,,
2026-09-12T14:16:05-05:00,PUR_IED_FederalAlema_S901_a62cd,PUR_IED_FederalAlema_S901_a62cd,,,,,
2026-09-12T14:16:05-05:00,PUR_IED_FilarmonicaS_A5_f35eb1,PUR_IED_FilarmonicaS_A5_f35eb1,,,,,
2026-09-12T14:16:05-05:00,PUR_IED_FilarmonicaS_Ext_8a3bde,PUR_IED_FilarmonicaS_Ext_8a3bde,,,,,
2026-09-12T14:16:05-05:00,PUR_IED_FilarmonicaS_Spol_406114,PUR_IED_FilarmonicaS_Spol_406114,,,,,
2026-09-12T14:16:05-05:00,PUR_IED_FlorentinoG_A13_d1fa59,PUR_IED_FlorentinoG_A13_d1fa59,,,,,
2026-09-12T14:16:05-05:00,PUR_IED_FlorentinoG_Ext_1ce6ce,PUR_IED_FlorentinoG_Ext_1ce6ce,,,,,
2026-09-12T14:16:05-05:00,PUR_IED_FlorentinoG_Idiom_a66aac,PUR_IED_FlorentinoG_Idiom_a66aac,,,,,
2026-09-12T14:16:05-05:00,PUR_IED_FranciscoMati_Ext_e3869d,PUR_IED_FranciscoMati_Ext_e3869d,,,,,
2026-09-12T14:16:05-05:00,PUR_IED_FranciscoMati_S13_f31c67,PUR_IED_FranciscoMati_S13_f31c67,,,,,
2026-09-12T14:16:05-05:00,PUR_IED_FranciscoMati_S14_97dead,PUR_IED_FranciscoMati_S14_97dead,,,,,
2026-09-12T14:16:05-05:00,PUR_IED_FranciscoPS_Ext_7bfa9a,PUR_IED_FranciscoPS_Ext_7bfa9a,2,24,48,4.5899,-74.110397
2026-09-12T14:16:05-05:00,PUR_IED_FranciscoPS_Infor_fb8f4c,PUR_IED_FranciscoPS_Infor_fb8f4c,,,,,
2026-09-12T14:16:05-05:00,PUR_IED_FranciscoPS_Quimi_94d39c,PUR_IED_FranciscoPS_Quimi_94d39c,,,,,
2026-09-12T14:16:05-05:00,PUR_IED_FranciscoP_LabQ_d7e148,PUR_IED_FranciscoP_LabQ_d7e148,,,,,
2026-09-12T14:16:05-05:00,PUR_IED_FranciscoP_S28_cf9b30,PUR_IED_FranciscoP_S28_cf9b30,,,,,
2026-09-12T14:16:05-05:00,PUR_IED_FranciscoP_ext_e2313,PUR_IED_FranciscoP_ext_e2313,,,,,
2026-09-12T14:16:05-05:00,PUR_IED_FriederichN_Ext_8ac92a,PUR_IED_FriederichN_Ext_8ac92a,,,,,
2026-09-12T14:16:05-05:00,PUR_IED_FriederichN_S301_dd7e5a,PUR_IED_FriederichN_S301_dd7e5a,,,,,
2026-09-12T14:16:05-05:00,PUR_IED_FriederichN_S308_761f4f,PUR_IED_FriederichN_S308_761f4f,,,,,
2026-09-12T14:16:05-05:00,PUR_IED_GSantander_Aula10_533dd7,PUR_IED_GSantander_Aula10_533dd7,,,,,
2026-09-12T14:16:05-05:00,PUR_IED_GSantander_Aula12_fd4e4f,PUR_IED_GSantander_Aula12_fd4e4f,,,,,
2026-09-12T14:16:05-05:00,PUR_IED_GSantander_Aula310_533dd7,PUR_IED_GSantander_Aula310_533dd7,,,,,
2026-09-12T14:16:05-05:00,PUR_IED_GSantander_Aula312_fd4e4f,PUR_IED_GSantander_Aula312_fd4e4f,,,,,
2026-09-12T14:16:05-05:00,PUR_IED_GSantander_Ext_5f66b0,PUR_IED_GSantander_Ext_5f66b0,,,,,
2026-09-12T14:16:05-05:00,PUR_IED_GYomasa_Ext_f6bea5,PUR_IED_GYomasa_Ext_f6bea5,,,,,
2026-09-12T14:16:05-05:00,PUR_IED_GYomasa_LBiol_2c41aa,PUR_IED_GYomasa_LBiol_2c41aa,,,,,
2026-09-12T14:16:05-05:00,PUR_IED_GYomasa_LQuim_33c80,PUR_IED_GYomasa_LQuim_33c80,,,,,
2026-09-12T14:16:05-05:00,PUR_IED_GabBetMejia_Cienc_5a99c,PUR_IED_GabBetMejia_Cienc_5a99c,,,,,
2026-09-12T14:16:05-05:00,PUR_IED_GabBetMejia_Ext_9153d0,PUR_IED_GabBetMejia_Ext_9153d0,,,,,
2026-09-12T14:16:05-05:00,PUR_IED_GabBetMejia_Lab_f55347,PUR_IED_GabBetMejia_Lab_f55347,,,,,
2026-09-12T14:16:05-05:00,PUR_IED_GabBetanMejia_Ext_9153d0,PUR_IED_GabBetanMejia_Ext_9153d0,,,,,
2026-09-12T14:16:05-05:00,PUR_IED_Gaitana_Aula13_7aac11,PUR_IED_Gaitana_Aula13_7aac11,,,,,
2026-09-12T14:16:05-05:00,PUR_IED_Gaitana_Ext_5fcf4,PUR_IED_Gaitana_Ext_5fcf4,,,,,
2026-09-12T14:16:05-05:00,PUR_IED_Gaitana_LabFisica_644448,PUR_IED_Gaitana_LabFisica_644448,,,,,
2026-09-12T14:16:05-05:00,PUR_IED_GenSantander_Dise_8ac858,PUR_IED_GenSantander_Dise_8ac858,,,,,
2026-09-12T14:16:05-05:00,PUR_IED_GenSantander_Ext_8d5dfe,PUR_IED_GenSantander_Ext_8d5dfe,,,,,
2026-09-12T14:16:05-05:00,PUR_IED_GenSantander_Info_6c25b,PUR_IED_GenSantander_Info_6c25b,,,,,
2026-09-12T14:16:05-05:00,PUR_IED_GustavoMo_Exterio_75e63d,PUR_IED_GustavoMo_Exterio_75e63d,,,,,
2026-09-12T14:16:05-05:00,PUR_IED_GustavoMo_LabFisi_224d37,PUR_IED_GustavoMo_LabFisi_224d37,,,,,
2026-09-12T14:16:05-05:00,PUR_IED_GustavoMo_S208_3e6918,PUR_IED_GustavoMo_S208_3e6918,,,,,
2026-09-12T14:16:05-05:00,PUR_IED_GustavoR_A02_8cd4a8,PUR_IED_GustavoR_A02_8cd4a8,,,,,
2026-09-12T14:16:05-05:00,PUR_IED_GustavoR_B11_5b0ed,PUR_IED_GustavoR_B11_5b0ed,,,,,
2026-09-12T14:16:05-05:00,PUR_IED_GustavoR_Ext_7a0c90,PUR_IED_GustavoR_Ext_7a0c90,,,,,
2026-09-12T14:16:05-05:00,PUR_IED_HernandoDuran_Ext_8cd82b,PUR_IED_HernandoDuran_Ext_8cd82b,,,,,
2026-09-12T14:16:05-05:00,PUR_IED_HernandoDuran_S24_2772c6,PUR_IED_HernandoDuran_S24_2772c6,,,,,
2026-09-12T14:16:05-05:00,PUR_IED_HernandoDuran_S30_f2de41,PUR_IED_HernandoDuran_S30_f2de41,,,,,
2026-09-12T14:16:05-05:00,PUR_IED_HolguInUr_S1101_8cd732,PUR_IED_HolguInUr_S1101_8cd732,,,,,
2026-09-12T14:16:05-05:00,PUR_IED_HolguinUr_Exter_ddae6d,PUR_IED_HolguinUr_Exter_ddae6d,,,,,
2026-09-12T14:16:05-05:00,PUR_IED_HolguinUr_LabQuim_92b952,PUR_IED_HolguinUr_LabQuim_92b952,,,,,
2026-09-12T14:16:05-05:00,PUR_IED_Isabel-II_Ext_5245cc,PUR_IED_Isabel-II_Ext_5245cc,2,21,49,4.6336,-74.153
2026-09-12T14:16:05-05:00,PUR_IED_Isabel-II_S_idiom_1c29aa,PUR_IED_Isabel-II_S_idiom_1c29aa,,,,,
2026-09-12T14:16:05-05:00,PUR_IED_Isabel-II_S_infor_fd741,PUR_IED_Isabel-II_S_infor_fd741,,,,,
2026-09-12T14:16:05-05:00,PUR_IED_IsidroSur_Exterio_5b90ea,PUR_IED_IsidroSur_Exterio_5b90ea,,,,,
2026-09-12T14:16:05-05:00,PUR_IED_IsidroSur_LabTec_56697a,PUR_IED_IsidroSur_LabTec_56697a,,,,,
2026-09-12T14:16:05-05:00,PUR_IED_IsidroSur_Robotic_b7c38f,PUR_IED_IsidroSur_Robotic_b7c38f,,,,,
2026-09-12T14:16:05-05:00,PUR_IED_IsmaelPerd_Ext_7b6672,PUR_IED_IsmaelPerd_Ext_7b6672,,,,,
2026-09-12T14:16:05-05:00,PUR_IED_IsmaelPerd_Inform_306540,PUR_IED_IsmaelPerd_Inform_306540,,,,,
2026-09-12T14:16:05-05:00,PUR_IED_IsmaelPerd_S30_2e2c83,PUR_IED_IsmaelPerd_S30_2e2c83,,,,,
2026-09-12T14:16:05-05:00,PUR_IED_JLozano_Exter_432910,PUR_IED_JLozano_Exter_432910,,,,,
2026-09-12T14:16:05-05:00,PUR_IED_JLozano_salaMulti_df5125,PUR_IED_JLozano_salaMulti_df5125,,,,,
2026-09-12T14:16:05-05:00,PUR_IED_JMCordoba_206_86f80b,PUR_IED_JMCordoba_206_86f80b,,,,,
2026-09-12T14:16:05-05:00,PUR_IED_JMCordoba_Ext_27ad97,PUR_IED_JMCordoba_Ext_27ad97,,,,,
2026-09-12T14:16:05-05:00,PUR_IED_JMCordoba_S310_d59ab4,PUR_IED_JMCordoba_S310_d59ab4,,,,,
2026-09-12T14:16:05-05:00,PUR_IED_Japon_Ext_549100,PUR_IED_Japon_Ext_549100,,,,,
2026-09-12T14:16:05-05:00,PUR_IED_Japon_Laboratorio_bec51d,PUR_IED_Japon_Laboratorio_bec51d,,,,,
2026-09-12T14:16:05-05:00,PUR_IED_Japon_informatica_d99327,PUR_IED_Japon_informatica_d99327,,,,,
2026-09-12T14:16:05-05:00,PUR_IED_Jazmin_Ext_d27bda,PUR_IED_Jazmin_Ext_d27bda,,,,,
2026-09-12T14:16:05-05:00,PUR_IED_Jazmin_Fisica_8d14d7,PUR_IED_Jazmin_Fisica_8d14d7,,,,,
2026-09-12T14:16:05-05:00,PUR_IED_Jazmin_Quimica_801cb5,PUR_IED_Jazmin_Quimica_801cb5,,,,,
2026-09-12T14:16:05-05:00,PUR_IED_JorgeGaitan_Exter_f098d1,PUR_IED_JorgeGaitan_Exter_f098d1,,,,,
2026-09-12T14:16:05-05:00,PUR_IED_JorgeGaitan_STec1_dc9d1d,PUR_IED_JorgeGaitan_STec1_dc9d1d,,,,,
2026-09-12T14:16:05-05:00,PUR_IED_JorgeGaitan_STec2_281e69,PUR_IED_JorgeGaitan_STec2_281e69,,,,,
2026-09-12T14:16:05-05:00,PUR_IED_JorgeSoto_Exterio_d9d0a2,PUR_IED_JorgeSoto_Exterio_d9d0a2,,,,,
2026-09-12T14:16:05-05:00,PUR_IED_JorgeSoto_LabFisi_209c54,PUR_IED_JorgeSoto_LabFisi_209c54,,,,,
2026-09-12T14:16:05-05:00,PUR_IED_JorgeSoto_S103_27b51a,PUR_IED_JorgeSoto_S103_27b51a,,,,,
2026-09-12T14:16:05-05:00,PUR_IED_JoseAcevedo_A02_e965eb,PUR_IED_JoseAcevedo_A02_e965eb,,,,,
2026-09-12T14:16:05-05:00,PUR_IED_JoseAcevedo_A07_dd5b4,PUR_IED_JoseAcevedo_A07_dd5b4,,,,,
2026-09-12T14:16:05-05:00,PUR_IED_JoseAcevedo_Ext_b47484,PUR_IED_JoseAcevedo_Ext_b47484,,,,,
2026-09-12T14:16:05-05:00,PUR_IED_JoseMarti_Exte_5b9bf,PUR_IED_JoseMarti_Exte_5b9bf,,,,,
2026-09-12T14:16:05-05:00,PUR_IED_JoseMarti_LabQuim_1c6c2d,PUR_IED_JoseMarti_LabQuim_1c6c2d,,,,,
2026-09-12T14:16:05-05:00,PUR_IED_JoseMarti_S_info_f5f177,PUR_IED_JoseMarti_S_info_f5f177,,,,,
2026-09-12T14:16:05-05:00,PUR_IED_Josejoaquin_Ext_dfc5dc,PUR_IED_Josejoaquin_Ext_dfc5dc,,,,,
2026-09-12T14:16:05-05:00,PUR_IED_Josejoaquin_S05_5b2a96,PUR_IED_Josejoaquin_S05_5b2a96,,,,,
2026-09-12T14:16:05-05:00,PUR_IED_Josejoaquin_S06_1ce7d2,PUR_IED_Josejoaquin_S06_1ce7d2,,,,,
2026-09-12T14:16:05-05:00,PUR_IED_JulioFlorez_Danza_9b82dd,PUR_IED_JulioFlorez_Danza_9b82dd,,,,,
2026-09-12T14:16:05-05:00,PUR_IED_JulioFlorez_Exter_f9f314,PUR_IED_JulioFlorez_Exter_f9f314,,,,,
2026-09-12T14:16:05-05:00,PUR_IED_JulioFlorez_info2_6b6e08,PUR_IED_JulioFlorez_info2_6b6e08,,,,,
2026-09-12T14:16:05-05:00,PUR_IED_LaBelleza_Aula13_1d00d8,PUR_IED_LaBelleza_Aula13_1d00d8,,,,,
2026-09-12T14:16:05-05:00,PUR_IED_LaBelleza_Ext_7bc08c,PUR_IED_LaBelleza_Ext_7bc08c,,,,,
2026-09-12T14:16:05-05:00,PUR_IED_LaChucua_Ext_8cd6d2,PUR_IED_LaChucua_Ext_8cd6d2,,,,,
2026-09-12T14:16:05-05:00,PUR_IED_LaChucua_S15_f578ce,PUR_IED_LaChucua_S15_f578ce,,,,,
2026-09-12T14:16:05-05:00,PUR_IED_LaChucua_S16_eebcf9,PUR_IED_LaChucua_S16_eebcf9,,,,,
2026-09-12T14:16:05-05:00,PUR_IED_LaFelicidad_Ext_fb5109,PUR_IED_LaFelicidad_Ext_fb5109,,,,,
2026-09-12T14:16:05-05:00,PUR_IED_LaMerced_206_66ebd,PUR_IED_LaMerced_206_66ebd,,,,,
2026-09-12T14:16:05-05:00,PUR_IED_LaMerced_207_6ebd6,PUR_IED_LaMerced_207_6ebd6,,,,,
2026-09-12T14:16:05-05:00,PUR_IED_LaMerced_ext_304311,PUR_IED_LaMerced_ext_304311,,,,,
2026-09-12T14:16:05-05:00,PUR_IED_Laureano_CiencNat_281e5e,PUR_IED_Laureano_CiencNat_281e5e,,,,,
2026-09-12T14:16:05-05:00,PUR_IED_Laureano_Comedor_f65c0a,PUR_IED_Laureano_Comedor_f65c0a,,,,,
2026-09-12T14:16:05-05:00,PUR_IED_Laureano_Exterior_7ab011,PUR_IED_Laureano_Exterior_7ab011,,,,,
2026-09-12T14:16:05-05:00,PUR_IED_LeonGreiff_Exte_dfe560,PUR_IED_LeonGreiff_Exte_dfe560,,,,,
2026-09-12T14:16:05-05:00,PUR_IED_LeonGreiff_S210_f264ed,PUR_IED_LeonGreiff_S210_f264ed,,,,,
2026-09-12T14:16:05-05:00,PUR_IED_LeonGreiff_SQuimi_e8296f,PUR_IED_LeonGreiff_SQuimi_e8296f,,,,,
2026-09-12T14:16:05-05:00,PUR_IED_LlanoOrientalS208_7b9fcd,PUR_IED_LlanoOrientalS208_7b9fcd,,,,,
2026-09-12T14:16:05-05:00,PUR_IED_LlanoOriental_Ext_fb3766,PUR_IED_LlanoOriental_Ext_fb3766,,,,,
2026-09-12T14:16:05-05:00,PUR_IED_LlanoOriental_S208_7b9fcd,PUR_IED_LlanoOriental_S208_7b9fcd,,,,,
2026-09-12T14:16:05-05:00,PUR_IED_LlanoOriental_S9_27b378,PUR_IED_LlanoOriental_S9_27b378,,,,,
2026-09-12T14:16:05-05:00,PUR_IED_LosTejares_1101_477602,PUR_IED_LosTejares_1101_477602,,,,,
2026-09-12T14:16:05-05:00,PUR_IED_LosTejares_11_d2c595,PUR_IED_LosTejares_11_d2c595,,,,,
2026-09-12T14:16:05-05:00,PUR_IED_LosTejares_12_477602,PUR_IED_LosTejares_12_477602,,,,,
2026-09-12T14:16:05-05:00,PUR_IED_LosTejares_Ext_8e2115,PUR_IED_LosTejares_Ext_8e2115,,,,,
2026-09-12T14:16:05-05:00,PUR_IED_MagdalenaO_B202_5ddda3,PUR_IED_MagdalenaO_B202_5ddda3,,,,,
2026-09-12T14:16:05-05:00,PUR_IED_MagdalenaO_B205_fb76e8,PUR_IED_MagdalenaO_B205_fb76e8,,,,,
2026-09-12T14:16:05-05:00,PUR_IED_MagdalenaO_ext_dc69cd,PUR_IED_MagdalenaO_ext_dc69cd,,,,,
2026-09-12T14:16:05-05:00,PUR_IED_ManueCepeda_artes_eee956,PUR_IED_ManueCepeda_artes_eee956,,,,,
2026-09-12T14:16:05-05:00,PUR_IED_ManuelCepeda_Ext_58313,PUR_IED_ManuelCepeda_Ext_58313,,,,,
2026-09-12T14:16:05-05:00,PUR_IED_ManuelCepeda_tec_1c5731,PUR_IED_ManuelCepeda_tec_1c5731,,,,,
2026-09-12T14:16:05-05:00,PUR_IED_ManuelS_Exterior_5b269,PUR_IED_ManuelS_Exterior_5b269,,,,,
2026-09-12T14:16:05-05:00,PUR_IED_ManuelS_Inform_f369ce,PUR_IED_ManuelS_Inform_f369ce,,,,,
2026-09-12T14:16:05-05:00,PUR_IED_ManuelS_SArtes_7d15f1,PUR_IED_ManuelS_SArtes_7d15f1,,,,,
2026-09-12T14:16:05-05:00,PUR_IED_ManuelZapata_303_3ca6,PUR_IED_ManuelZapata_303_3ca6,,,,,
2026-09-12T14:16:05-05:00,PUR_IED_ManuelZapata_311_bfbabc,PUR_IED_ManuelZapata_311_bfbabc,,,,,
2026-09-12T14:16:05-05:00,PUR_IED_ManuelZapata_Ext_50824a,PUR_IED_ManuelZapata_Ext_50824a,,,,,
2026-09-12T14:16:05-05:00,PUR_IED_ManuelitaS_Exteri_656a92,PUR_IED_ManuelitaS_Exteri_656a92,,,,,
2026-09-12T14:16:05-05:00,PUR_IED_ManuelitaS_JuzgDe_f58ec3,PUR_IED_ManuelitaS_JuzgDe_f58ec3,,,,,
2026-09-12T14:16:05-05:00,PUR_IED_ManuelitaS_Recrea_d793db,PUR_IED_ManuelitaS_Recrea_d793db,,,,,
2026-09-12T14:16:05-05:00,PUR_IED_MarFidSuarez_Ext_c27b19,PUR_IED_MarFidSuarez_Ext_c27b19,,,,,
2026-09-12T14:16:05-05:00,PUR_IED_MarFidSuarez_Info_e384d7,PUR_IED_MarFidSuarez_Info_e384d7,,,,,
2026-09-12T14:16:05-05:00,PUR_IED_MarFidSuarez_S306_1d0032,PUR_IED_MarFidSuarez_S306_1d0032,,,,,
2026-09-12T14:16:05-05:00,PUR_IED_Menorah_301_2a25a3,PUR_IED_Menorah_301_2a25a3,,,,,
2026-09-12T14:16:05-05:00,PUR_IED_Menorah_306_37ed3,PUR_IED_Menorah_306_37ed3,,,,,
2026-09-12T14:16:05-05:00,PUR_IED_Menorah_Ext_3e155b,PUR_IED_Menorah_Ext_3e155b,,,,,
2026-09-12T14:16:05-05:00,PUR_IED_MinutoB.Aires_A11_1b1604,PUR_IED_MinutoB.Aires_A11_1b1604,,,,,
2026-09-12T14:16:05-05:00,PUR_IED_MinutoB.Aires_A12_fb5860,PUR_IED_MinutoB.Aires_A12_fb5860,,,,,
2026-09-12T14:16:05-05:00,PUR_IED_MinutoB.Aires_Ext_81293f,PUR_IED_MinutoB.Aires_Ext_81293f,,,,,
2026-09-12T14:16:05-05:00,PUR_IED_MinutoBAires_A11_1b1604,PUR_IED_MinutoBAires_A11_1b1604,,,,,
2026-09-12T14:16:05-05:00,PUR_IED_MinutoBAires_A12_fb5860,PUR_IED_MinutoBAires_A12_fb5860,,,,,
2026-09-12T14:16:05-05:00,PUR_IED_MinutoBAires_Ext_81293f,PUR_IED_MinutoBAires_Ext_81293f,,,,,
2026-09-12T14:16:05-05:00,PUR_IED_Montreal_Aula10_1e4959,PUR_IED_Montreal_Aula10_1e4959,,,,,
2026-09-12T14:16:05-05:00,PUR_IED_Montreal_Aula6_300367,PUR_IED_Montreal_Aula6_300367,,,,,
2026-09-12T14:16:05-05:00,PUR_IED_Montreal_Exterior_91a179,PUR_IED_Montreal_Exterior_91a179,,,,,
2026-09-12T14:16:05-05:00,PUR_IED_Mqgdalena_B202_5ddda3,PUR_IED_Mqgdalena_B202_5ddda3,,,,,
2026-09-12T14:16:05-05:00,PUR_IED_NACUND_Soc_dc8728,PUR_IED_NACUND_Soc_dc8728,,,,,
2026-09-12T14:16:05-05:00,PUR_IED_NACUND_ext_27ad97,PUR_IED_NACUND_ext_27ad97,,,,,
2026-09-12T14:16:05-05:00,PUR_IED_NEsperanza_Ext_d24b61,PUR_IED_NEsperanza_Ext_d24b61,,,,,
2026-09-12T14:16:05-05:00,PUR_IED_NEsperanza_SElect_7d1807,PUR_IED_NEsperanza_SElect_7d1807,,,,,
2026-09-12T14:16:05-05:00,PUR_IED_NEsperanza_SLabor_8b2d0a,PUR_IED_NEsperanza_SLabor_8b2d0a,,,,,
2026-09-12T14:16:05-05:00,PUR_IED_NacionesU_Ext_f661a9,PUR_IED_NacionesU_Ext_f661a9,,,,,
2026-09-12T14:16:05-05:00,PUR_IED_NacionesU_Quimica_66f0a,PUR_IED_NacionesU_Quimica_66f0a,,,,,
2026-09-12T14:16:05-05:00,PUR_IED_NacionesU_S306_1b4b3d,PUR_IED_NacionesU_S306_1b4b3d,,,,,
2026-09-12T14:16:05-05:00,PUR_IED_NestorFA_Ext_e4201c,PUR_IED_NestorFA_Ext_e4201c,,,,,
2026-09-12T14:16:05-05:00,PUR_IED_NestorFA_Laborato_f22fe0,PUR_IED_NestorFA_Laborato_f22fe0,,,,,
2026-09-12T14:16:05-05:00,PUR_IED_NestorFA_S204_dee996,PUR_IED_NestorFA_S204_dee996,,,,,
2026-09-12T14:16:05-05:00,PUR_IED_NidyaQT_Aula03_76999b,PUR_IED_NidyaQT_Aula03_76999b,,,,,
2026-09-12T14:16:05-05:00,PUR_IED_NidyaQT_Aula10_56325,PUR_IED_NidyaQT_Aula10_56325,,,,,
2026-09-12T14:16:05-05:00,PUR_IED_NidyaQT_Ext_46e32d,PUR_IED_NidyaQT_Ext_46e32d,,,,,
2026-09-12T14:16:05-05:00,PUR_IED_NuevaCol_Exterior_d9b859,PUR_IED_NuevaCol_Exterior_d9b859,,,,,
2026-09-12T14:16:05-05:00,PUR_IED_NuevaCol_S1101_76c43b,PUR_IED_NuevaCol_S1101_76c43b,,,,,
2026-09-12T14:16:05-05:00,PUR_IED_NuevaCol_S1102_1ce0b5,PUR_IED_NuevaCol_S1102_1ce0b5,,,,,
2026-09-12T14:16:05-05:00,PUR_IED_OEA_A202_f7e3f2,PUR_IED_OEA_A202_f7e3f2,,,,,
2026-09-12T14:16:05-05:00,PUR_IED_OEA_A203_7d1b8d,PUR_IED_OEA_A203_7d1b8d,,,,,
2026-09-12T14:16:05-05:00,PUR_IED_OEA_Ext_27b593,PUR_IED_OEA_Ext_27b593,,,,,
2026-09-12T14:16:05-05:00,PUR_IED_Ochoa_Ext_1c29da,PUR_IED_Ochoa_Ext_1c29da,,,,,
2026-09-12T14:16:05-05:00,PUR_IED_Ochoa_S205_8b1121,PUR_IED_Ochoa_S205_8b1121,,,,,
2026-09-12T14:16:05-05:00,PUR_IED_Ochoa_Sistemas_f33af6,PUR_IED_Ochoa_Sistemas_f33af6,,,,,
2026-09-12T14:16:05-05:00,PUR_IED_PQuebec_Ext_1c67c7,PUR_IED_PQuebec_Ext_1c67c7,,,,,
2026-09-12T14:16:05-05:00,PUR_IED_PQuebec_S15_23e8e2,PUR_IED_PQuebec_S15_23e8e2,,,,,
2026-09-12T14:16:05-05:00,PUR_IED_PQuebec_S16_8ec76b,PUR_IED_PQuebec_S16_8ec76b,,,,,
2026-09-12T14:16:05-05:00,PUR_IED_PabloN_Ext_49dc96,PUR_IED_PabloN_Ext_49dc96,,,,,
2026-09-12T14:16:05-05:00,PUR_IED_PabloN_S1102_4e3df5,PUR_IED_PabloN_S1102_4e3df5,,,,,
2026-09-12T14:16:05-05:00,PUR_IED_PabloN_S1103_50c94b,PUR_IED_PabloN_S1103_50c94b,,,,,
2026-09-12T14:16:05-05:00,PUR_IED_Palestina_S1101_db9198,PUR_IED_Palestina_S1101_db9198,,,,,
2026-09-12T14:16:05-05:00,PUR_IED_Palestina_S1102_dc54fa,PUR_IED_Palestina_S1102_dc54fa,,,,,
2026-09-12T14:16:05-05:00,PUR_IED_Palestina_ext_4ccce6,PUR_IED_Palestina_ext_4ccce6,,,,,
2026-09-12T14:16:05-05:00,PUR_IED_Panama_Fisica_4d0794,PUR_IED_Panama_Fisica_4d0794,,,,,
2026-09-12T14:16:05-05:00,PUR_IED_Panama_SIngles_a4077e,PUR_IED_Panama_SIngles_a4077e,,,,,
2026-09-12T14:16:05-05:00,PUR_IED_Panama_ext_4c54b4,PUR_IED_Panama_ext_4c54b4,,,,,
2026-09-12T14:16:05-05:00,PUR_IED_ParaisoM_Exterior_8cd7f0,PUR_IED_ParaisoM_Exterior_8cd7f0,,,,,
2026-09-12T14:16:05-05:00,PUR_IED_ParaisoM_Laborato_27af35,PUR_IED_ParaisoM_Laborato_27af35,,,,,
2026-09-12T14:16:05-05:00,PUR_IED_ParaisoM_S304_d1edca,PUR_IED_ParaisoM_S304_d1edca,,,,,
2026-09-12T14:16:05-05:00,PUR_IED_PorfirioBarba_Ext_301466,PUR_IED_PorfirioBarba_Ext_301466,,,,,
2026-09-12T14:16:05-05:00,PUR_IED_PorfirioBarba_S11_df6cd2,PUR_IED_PorfirioBarba_S11_df6cd2,,,,,
2026-09-12T14:16:05-05:00,PUR_IED_PorfirioBarba_S29_27a7d6,PUR_IED_PorfirioBarba_S29_27a7d6,,,,,
2026-09-12T14:16:05-05:00,PUR_IED_PradoV_Exter_8b27ad,PUR_IED_PradoV_Exter_8b27ad,,,,,
2026-09-12T14:16:05-05:00,PUR_IED_PradoV_S301_de65b5,PUR_IED_PradoV_S301_de65b5,,,,,
2026-09-12T14:16:05-05:00,PUR_IED_PradoV_S302_7d2593,PUR_IED_PradoV_S302_7d2593,,,,,
2026-09-12T14:16:05-05:00,PUR_IED_QuirogaAlz_Ext_1ddc82,PUR_IED_QuirogaAlz_Ext_1ddc82,,,,,
2026-09-12T14:16:05-05:00,PUR_IED_QuirogaAlz_S302_9926a3,PUR_IED_QuirogaAlz_S302_9926a3,,,,,
2026-09-12T14:16:05-05:00,PUR_IED_QuirogaAlz_S305_cdf1f1,PUR_IED_QuirogaAlz_S305_cdf1f1,,,,,
2026-09-12T14:16:05-05:00,PUR_IED_RGuatemala_Biling_dc53b7,PUR_IED_RGuatemala_Biling_dc53b7,,,,,
2026-09-12T14:16:05-05:00,PUR_IED_RGuatemala_Ext_1b89a3,PUR_IED_RGuatemala_Ext_1b89a3,,,,,
2026-09-12T14:16:05-05:00,PUR_IED_RGuatemala_Tecnol_281a34,PUR_IED_RGuatemala_Tecnol_281a34,,,,,
2026-09-12T14:16:05-05:00,PUR_IED_RafaNu_Ext_f7c302,PUR_IED_RafaNu_Ext_f7c302,,,,,
2026-09-12T14:16:05-05:00,PUR_IED_RafaNu_S1101_25fde,PUR_IED_RafaNu_S1101_25fde,,,,,
2026-09-12T14:16:05-05:00,PUR_IED_RafaNu_S1102_281517,PUR_IED_RafaNu_S1102_281517,,,,,
2026-09-12T14:16:05-05:00,PUR_IED_RafaelB_S305_ee2783,PUR_IED_RafaelB_S305_ee2783,,,,,
2026-09-12T14:16:05-05:00,PUR_IED_RafaelB_S306_75fe33,PUR_IED_RafaelB_S306_75fe33,,,,,
2026-09-12T14:16:05-05:00,PUR_IED_RafaelB_ext_283336,PUR_IED_RafaelB_ext_283336,2,20,57,4.6722,-74.0737
2026-09-12T14:16:05-05:00,PUR_IED_RafaelUU_Exterior_281a51,PUR_IED_RafaelUU_Exterior_281a51,,,,,
2026-09-12T14:16:05-05:00,PUR_IED_RafaelUU_Human_806b2,PUR_IED_RafaelUU_Human_806b2,,,,,
2026-09-12T14:16:05-05:00,PUR_IED_RafaelUU_Mate2_5680d4,PUR_IED_RafaelUU_Mate2_5680d4,,,,,
2026-09-12T14:16:05-05:00,PUR_IED_RamonSub_Ext_f9eeb9,PUR_IED_RamonSub_Ext_f9eeb9,,,,,
2026-09-12T14:16:05-05:00,PUR_IED_RamonSub_Media_d1f62f,PUR_IED_RamonSub_Media_d1f62f,,,,,
2026-09-12T14:16:05-05:00,PUR_IED_RamonSub_planta_51b82,PUR_IED_RamonSub_planta_51b82,,,,,
2026-09-12T14:16:05-05:00,PUR_IED_RepBoliVene_Exter_27af7c,PUR_IED_RepBoliVene_Exter_27af7c,,,,,
2026-09-12T14:16:05-05:00,PUR_IED_RepBoliVene_SCPT_5ae2ee,PUR_IED_RepBoliVene_SCPT_5ae2ee,,,,,
2026-09-12T14:16:05-05:00,PUR_IED_RepBoliVene_Socia_4b11d5,PUR_IED_RepBoliVene_Socia_4b11d5,,,,,
2026-09-12T14:16:05-05:00,PUR_IED_RepChina_Ext_76d9ee,PUR_IED_RepChina_Ext_76d9ee,,,,,
2026-09-12T14:16:05-05:00,PUR_IED_RepChina_S404_7c804c,PUR_IED_RepChina_S404_7c804c,,,,,
2026-09-12T14:16:05-05:00,PUR_IED_RepChina_S405_df2c33,PUR_IED_RepChina_S405_df2c33,,,,,
2026-09-12T14:16:05-05:00,PUR_IED_RepublicaC_Exteri_7d1ec9,PUR_IED_RepublicaC_Exteri_7d1ec9,,,,,
2026-09-12T14:16:05-05:00,PUR_IED_RepublicaC_S1101_f544b3,PUR_IED_RepublicaC_S1101_f544b3,,,,,
2026-09-12T14:16:05-05:00,PUR_IED_RepublicaC_S1102_7aafc7,PUR_IED_RepublicaC_S1102_7aafc7,,,,,
2026-09-12T14:16:05-05:00,PUR_IED_Ricaurte_Externo_a0ea1,PUR_IED_Ricaurte_Externo_a0ea1,,,,,
2026-09-12T14:16:05-05:00,PUR_IED_Ricaurte_S210_f546fd,PUR_IED_Ricaurte_S210_f546fd,,,,,
2026-09-12T14:16:05-05:00,PUR_IED_Ricaurte_S309_d4452,PUR_IED_Ricaurte_S309_d4452,,,,,
2026-09-12T14:16:05-05:00,PUR_IED_RogelioS_1102_531e69,PUR_IED_RogelioS_1102_531e69,,,,,
2026-09-12T14:16:05-05:00,PUR_IED_RogelioS_Ext_f25a18,PUR_IED_RogelioS_Ext_f25a18,,,,,
2026-09-12T14:16:05-05:00,PUR_IED_SBernardino_Ext_27aff8,PUR_IED_SBernardino_Ext_27aff8,,,,,
2026-09-12T14:16:05-05:00,PUR_IED_SBernardino_SArte_2ffd33,PUR_IED_SBernardino_SArte_2ffd33,,,,,
2026-09-12T14:16:05-05:00,PUR_IED_SBernardino_SIngl_7c7da5,PUR_IED_SBernardino_SIngl_7c7da5,,,,,
2026-09-12T14:16:05-05:00,PUR_IED_Sago_auditorio_dc9d1d,PUR_IED_Sago_auditorio_dc9d1d,,,,,
2026-09-12T14:16:05-05:00,PUR_IED_Saludcoop_Ext_95aac3,PUR_IED_Saludcoop_Ext_95aac3,,,,,
2026-09-12T14:16:05-05:00,PUR_IED_Saludcoop_InfI_90c854,PUR_IED_Saludcoop_InfI_90c854,,,,,
2026-09-12T14:16:05-05:00,PUR_IED_Saludcoop_SMedia_1b93be,PUR_IED_Saludcoop_SMedia_1b93be,,,,,
2026-09-12T14:16:05-05:00,PUR_IED_SanCarlos_1101_1a2360,PUR_IED_SanCarlos_1101_1a2360,,,,,
2026-09-12T14:16:05-05:00,PUR_IED_SanCarlos_1103_7bafb5,PUR_IED_SanCarlos_1103_7bafb5,,,,,
2026-09-12T14:16:05-05:00,PUR_IED_SanCarlos_Ext_b7cd1,PUR_IED_SanCarlos_Ext_b7cd1,,,,,
2026-09-12T14:16:05-05:00,PUR_IED_SanIgnacioBosa11a_50c26e,PUR_IED_SanIgnacioBosa11a_50c26e,,,,,
2026-09-12T14:16:05-05:00,PUR_IED_SanIgnacioBosa11b_371de8,PUR_IED_SanIgnacioBosa11b_371de8,,,,,
2026-09-12T14:16:05-05:00,PUR_IED_SanIgnacioBosaExt_ef0ffc,PUR_IED_SanIgnacioBosaExt_ef0ffc,,,,,
2026-09-12T14:16:05-05:00,PUR_IED_SanIgnacioBosa_11a_50c26e,PUR_IED_SanIgnacioBosa_11a_50c26e,,,,,
2026-09-12T14:16:05-05:00,PUR_IED_SanIgnacioBosa_Ext_ef0ffc,PUR_IED_SanIgnacioBosa_Ext_ef0ffc,,,,,
2026-09-12T14:16:05-05:00,PUR_IED_SanJoseN_intS1101_31c47f,PUR_IED_SanJoseN_intS1101_31c47f,,,,,
2026-09-12T14:16:05-05:00,PUR_IED_SanJoseUsm_Exter_f5d7e8,PUR_IED_SanJoseUsm_Exter_f5d7e8,,,,,
2026-09-12T14:16:05-05:00,PUR_IED_SanJoseUsm_Int11A_cfdef6,PUR_IED_SanJoseUsm_Int11A_cfdef6,,,,,
2026-09-12T14:16:05-05:00,PUR_IED_SilveriaR_IntB5_905349,PUR_IED_SilveriaR_IntB5_905349,,,,,
2026-09-12T14:16:05-05:00,PUR_IED_SilveriaR_IntSD14_981f93,PUR_IED_SilveriaR_IntSD14_981f93,,,,,
2026-09-12T14:16:05-05:00,PUR_IED_SilveriaR_ext_2b651d,PUR_IED_SilveriaR_ext_2b651d,,,,,
2026-09-12T14:16:05-05:00,PUR_IED_SimonB_Exterior_913975,PUR_IED_SimonB_Exterior_913975,,,,,
2026-09-12T14:16:05-05:00,PUR_IED_SimonB_LabQuimi_c56908,PUR_IED_SimonB_LabQuimi_c56908,,,,,
2026-09-12T14:16:05-05:00,PUR_IED_SimonB_informatic_a28c1,PUR_IED_SimonB_informatic_a28c1,,,,,
2026-09-12T14:16:05-05:00,PUR_IED_Sorrento_1102_315f50,PUR_IED_Sorrento_1102_315f50,,,,,
2026-09-12T14:16:05-05:00,PUR_IED_Sorrento_Minte_214eab,PUR_IED_Sorrento_Minte_214eab,,,,,
2026-09-12T14:16:05-05:00,PUR_IED_Sorrento_ext_7c3a0a,PUR_IED_Sorrento_ext_7c3a0a,,,,,
2026-09-12T14:16:05-05:00,PUR_IED_Tabora_Ext_f048ae,PUR_IED_Tabora_Ext_f048ae,,,,,
2026-09-12T14:16:05-05:00,PUR_IED_Tabora_S1102_b07752,PUR_IED_Tabora_S1102_b07752,,,,,
2026-09-12T14:16:05-05:00,PUR_IED_Tabora_S1103_d988f5,PUR_IED_Tabora_S1103_d988f5,,,,,
2026-09-12T14:16:05-05:00,PUR_IED_Tenerife_Ext_1ab188,PUR_IED_Tenerife_Ext_1ab188,,,,,
2026-09-12T14:16:05-05:00,PUR_IED_Tenerife_SDanzas_7bc02e,PUR_IED_Tenerife_SDanzas_7bc02e,,,,,
2026-09-12T14:16:05-05:00,PUR_IED_Tenerife_SIngles_7cc277,PUR_IED_Tenerife_SIngles_7cc277,,,,,
2026-09-12T14:16:05-05:00,PUR_IED_Tibabuyes_Exter_f2683d,PUR_IED_Tibabuyes_Exter_f2683d,,,,,
2026-09-12T14:16:05-05:00,PUR_IED_Tibabuyes_S10_dc87a8,PUR_IED_Tibabuyes_S10_dc87a8,,,,,
2026-09-12T14:16:05-05:00,PUR_IED_Tibabuyes_S15_dc0526,PUR_IED_Tibabuyes_S15_dc0526,,,,,
2026-09-12T14:16:05-05:00,PUR_IED_UnionE_S301_a1043,PUR_IED_UnionE_S301_a1043,,,,,
2026-09-12T14:16:05-05:00,PUR_IED_UnionE_S307_ff6c2f,PUR_IED_UnionE_S307_ff6c2f,,,,,
2026-09-12T14:16:05-05:00,PUR_IED_UnionE__Ext_5e2468,PUR_IED_UnionE__Ext_5e2468,,,,,
2026-09-12T14:16:05-05:00,PUR_IED_VillaRica_Ext_75be7c,PUR_IED_VillaRica_Ext_75be7c,,,,,
2026-09-12T14:16:05-05:00,PUR_IED_VillaRica_S4_cc5dcd,PUR_IED_VillaRica_S4_cc5dcd,,,,,
2026-09-12T14:16:05-05:00,PUR_IED_VillaRica_Sesp_99f5c,PUR_IED_VillaRica_Sesp_99f5c,,,,,
2026-09-12T14:21:09-05:00,PUR_IED_20deJulio_1101_91b1b9,PUR_IED_20deJulio_1101_91b1b9,,,,,
2026-09-12T14:21:09-05:00,PUR_IED_20deJulio_1102_1cfcf9,PUR_IED_20deJulio_1102_1cfcf9,,,,,
2026-09-12T14:21:09-05:00,PUR_IED_20deJulio_Ext_ab60bd,PUR_IED_20deJulio_Ext_ab60bd,,,,,
2026-09-12T14:21:09-05:00,PUR_IED_AgustinFer_Ext_7b9b77,PUR_IED_AgustinFer_Ext_7b9b77,,,,,
2026-09-12T14:21:09-05:00,PUR_IED_AgustinFer_Info2_27b3a7,PUR_IED_AgustinFer_Info2_27b3a7,,,,,
2026-09-12T14:21:09-05:00,PUR_IED_AgustinFer_Sena_54b4eb,PUR_IED_AgustinFer_Sena_54b4eb,,,,,
2026-09-12T14:21:09-05:00,PUR_IED_AlexanderF_1102_caf07b,PUR_IED_AlexanderF_1102_caf07b,,,,,
2026-09-12T14:21:09-05:00,PUR_IED_AlexanderF_1103_c79e71,PUR_IED_AlexanderF_1103_c79e71,,,,,
2026-09-12T14:21:09-05:00,PUR_IED_AlexanderF_Ext_c5b18b,PUR_IED_AlexanderF_Ext_c5b18b,,,,,
2026-09-12T14:21:09-05:00,PUR_IED_AlfonsoLopez_Ext_281d77,PUR_IED_AlfonsoLopez_Ext_281d77,,,,,
2026-09-12T14:21:09-05:00,PUR_IED_AlfonsoLopez_LabF_888ce0,PUR_IED_AlfonsoLopez_LabF_888ce0,,,,,
2026-09-12T14:21:09-05:00,PUR_IED_AlfonsoLopez_SMed_df6a7f,PUR_IED_AlfonsoLopez_SMed_df6a7f,,,,,
2026-09-12T14:21:09-05:00,PUR_IED_AltamiraSO_A2_209f92,PUR_IED_AltamiraSO_A2_209f92,,,,,
2026-09-12T14:21:09-05:00,PUR_IED_AltamiraSO_Ext_186d66,PUR_IED_AltamiraSO_Ext_186d66,,,,,
2026-09-12T14:21:09-05:00,PUR_IED_AltamiraSO_Sistem_27afe1,PUR_IED_AltamiraSO_Sistem_27afe1,,,,,
2026-09-12T14:21:09-05:00,PUR_IED_AlvaroGom_LabQuim_813179,PUR_IED_AlvaroGom_LabQuim_813179,,,,,
2026-09-12T14:21:09-05:00,PUR_IED_AlvaroGomez_Ext_47c7ca,PUR_IED_AlvaroGomez_Ext_47c7ca,,,,,
2026-09-12T14:21:09-05:00,PUR_IED_AlvaroGomez_LabQuim_813179,PUR_IED_AlvaroGomez_LabQuim_813179,,,,,
2026-09-12T14:21:09-05:00,PUR_IED_AlvaroGomez_S23_7ba89f,PUR_IED_AlvaroGomez_S23_7ba89f,,,,,
2026-09-12T14:21:09-05:00,PUR_IED_Amistad_306_dc8728,PUR_IED_Amistad_306_dc8728,,,,,
2026-09-12T14:21:09-05:00,PUR_IED_Amistad_Ext_8cd55e,PUR_IED_Amistad_Ext_8cd55e,,,,,
2026-09-12T14:21:09-05:00,PUR_IED_Amistad_S202_a41169,PUR_IED_Amistad_S202_a41169,,,,,
2026-09-12T14:21:09-05:00,PUR_IED_AndresBello_Bio_fd5f5e,PUR_IED_AndresBello_Bio_fd5f5e,,,,,
2026-09-12T14:21:09-05:00,PUR_IED_AndresBello_ext_dcad65,PUR_IED_AndresBello_ext_dcad65,,,,,
2026-09-12T14:21:09-05:00,PUR_IED_AndresBello_port_eed3ec,PUR_IED_AndresBello_port_eed3ec,,,,,
2026-09-12T14:21:09-05:00,PUR_IED_AngelaR_11b_d90a6b,PUR_IED_AngelaR_11b_d90a6b,,,,,
2026-09-12T14:21:09-05:00,PUR_IED_AngelaR_ext_7cad3e,PUR_IED_AngelaR_ext_7cad3e,,,,,
2026-09-12T14:21:09-05:00,PUR_IED_AntJoseSucre_10mo_df2575,PUR_IED_AntJoseSucre_10mo_df2575,,,,,
2026-09-12T14:21:09-05:00,PUR_IED_AntJoseSucre_Ext_215b36,PUR_IED_AntJoseSucre_Ext_215b36,,,,,
2026-09-12T14:21:09-05:00,PUR_IED_AntJoseSucre_Lab_3139de,PUR_IED_AntJoseSucre_Lab_3139de,,,,,
2026-09-12T14:21:09-05:00,PUR_IED_AntonioGarcia_301_d6b188,PUR_IED_AntonioGarcia_301_d6b188,,,,,
2026-09-12T14:21:09-05:00,PUR_IED_AntonioGarcia_302_88a82,PUR_IED_AntonioGarcia_302_88a82,,,,,
2026-09-12T14:21:09-05:00,PUR_IED_AntonioGarcia_Ext_20950c,PUR_IED_AntonioGarcia_Ext_20950c,,,,,
2026-09-12T14:21:09-05:00,PUR_IED_AntonioVan_Aula2_6dea02,PUR_IED_AntonioVan_Aula2_6dea02,,,,,
2026-09-12T14:21:09-05:00,PUR_IED_AntonioVan_Aula5_f1557e,PUR_IED_AntonioVan_Aula5_f1557e,,,,,
2026-09-12T14:21:09-05:00,PUR_IED_AntonioVan_Ext_406f2f,PUR_IED_AntonioVan_Ext_406f2f,,,,,
2026-09-12T14:21:09-05:00,PUR_IED_Atabanzha_Ext_cc5af9,PUR_IED_Atabanzha_Ext_cc5af9,,,,,
2026-09-12T14:21:09-05:00,PUR_IED_Atabanzha_SA101_56c37,PUR_IED_Atabanzha_SA101_56c37,,,,,
2026-09-12T14:21:09-05:00,PUR_IED_Atabanzha_SB302_27b374,PUR_IED_Atabanzha_SB302_27b374,,,,,
2026-09-12T14:21:09-05:00,PUR_IED_Atahualpa_Ext_fc1748,PUR_IED_Atahualpa_Ext_fc1748,,,,,
2026-09-12T14:21:09-05:00,PUR_IED_Atahualpa_Informa_dc9a95,PUR_IED_Atahualpa_Informa_dc9a95,,,,,
2026-09-12T14:21:09-05:00,PUR_IED_Atahualpa_S1101_f98056,PUR_IED_Atahualpa_S1101_f98056,,,,,
2026-09-12T14:21:09-05:00,PUR_IED_Bellavista_Ext_f5aa74,PUR_IED_Bellavista_Ext_f5aa74,,,,,
2026-09-12T14:21:09-05:00,PUR_IED_Bilbao_11A_916c41,PUR_IED_Bilbao_11A_916c41,,,,,
2026-09-12T14:21:09-05:00,PUR_IED_Bilbao_Ext_fb579a,PUR_IED_Bilbao_Ext_fb579a,,,,,
2026-09-12T14:21:09-05:00,PUR_IED_BrasiliaU_A125_304280,PUR_IED_BrasiliaU_A125_304280,,,,,
2026-09-12T14:21:09-05:00,PUR_IED_BrasiliaU_A203_7c8ca5,PUR_IED_BrasiliaU_A203_7c8ca5,,,,,
2026-09-12T14:21:09-05:00,PUR_IED_BrasiliaU_Ext_8d6e9f,PUR_IED_BrasiliaU_Ext_8d6e9f,3,21,51,4.5175,-74.116302
2026-09-12T14:21:09-05:00,PUR_IED_Brasilia_Ext_fe6593,PUR_IED_Brasilia_Ext_fe6593,,,,,
2026-09-12T14:21:09-05:00,PUR_IED_Brasilia_S24_7c130d,PUR_IED_Brasilia_S24_7c130d,,,,,
2026-09-12T14:21:09-05:00,PUR_IED_Brasilia_S501_186a54,PUR_IED_Brasilia_S501_186a54,,,,,
2026-09-12T14:21:09-05:00,PUR_IED_CHARRY_EXT_f1d5cd,PUR_IED_CHARRY_EXT_f1d5cd,,,,,
2026-09-12T14:21:09-05:00,PUR_IED_CHARRY_INTDANZAS_7a08e6,PUR_IED_CHARRY_INTDANZAS_7a08e6,,,,,
2026-09-12T14:21:09-05:00,PUR_IED_CHARRY_INT_AULA20_dc998d,PUR_IED_CHARRY_INT_AULA20_dc998d,,,,,
2026-09-12T14:21:09-05:00,PUR_IED_COLVIV_1101_S25_7f520a,PUR_IED_COLVIV_1101_S25_7f520a,,,,,
2026-09-12T14:21:09-05:00,PUR_IED_COLVIV_1102_S16_f570ba,PUR_IED_COLVIV_1102_S16_f570ba,,,,,
2026-09-12T14:21:09-05:00,PUR_IED_COLVIV_Ext_1a26fa,PUR_IED_COLVIV_Ext_1a26fa,,,,,
2026-09-12T14:21:09-05:00,PUR_IED_CULPOP_301A_f660f3,PUR_IED_CULPOP_301A_f660f3,,,,,
2026-09-12T14:21:09-05:00,PUR_IED_CULPOP_303_568afe,PUR_IED_CULPOP_303_568afe,,,,,
2026-09-12T14:21:09-05:00,PUR_IED_CULPOP_Ext_e02ccb,PUR_IED_CULPOP_Ext_e02ccb,,,,,
2026-09-12T14:21:09-05:00,PUR_IED_CVillavicen_Ext_26eb58,PUR_IED_CVillavicen_Ext_26eb58,3,18,71,4.487,-74.102798
2026-09-12T14:21:09-05:00,PUR_IED_CVillavicen_Intel_1ce5c2,PUR_IED_CVillavicen_Intel_1ce5c2,,,,,
2026-09-12T14:21:09-05:00,PUR_IED_CVillavicen_Poliv_e0766c,PUR_IED_CVillavicen_Poliv_e0766c,,,,,
2026-09-12T14:21:09-05:00,PUR_IED_CVillavicen_int_1ba140,PUR_IED_CVillavicen_int_1ba140,,,,,
2026-09-12T14:21:09-05:00,PUR_IED_CVillavicen_intel_1ba140,PUR_IED_CVillavicen_intel_1ba140,,,,,
2026-09-12T14:21:09-05:00,PUR_IED_CarlosPizarro_Ext_e307cc,PUR_IED_CarlosPizarro_Ext_e307cc,,,,,
2026-09-12T14:21:09-05:00,PUR_IED_CarlosPizarro_L36_7e5cdb,PUR_IED_CarlosPizarro_L36_7e5cdb,,,,,
2026-09-12T14:21:09-05:00,PUR_IED_CarlosPizarro_L37_c8566c,PUR_IED_CarlosPizarro_L37_c8566c,,,,,
2026-09-12T14:21:09-05:00,PUR_IED_Castilla_Ext_cf35f,PUR_IED_Castilla_Ext_cf35f,,,,,
2026-09-12T14:21:09-05:00,PUR_IED_Castilla_SFisik_360e38,PUR_IED_Castilla_SFisik_360e38,,,,,
2026-09-12T14:21:09-05:00,PUR_IED_Castilla_Sc304_496fbf,PUR_IED_Castilla_Sc304_496fbf,,,,,
2026-09-12T14:21:09-05:00,PUR_IED_CervantesSa_Ext_6b57b,PUR_IED_CervantesSa_Ext_6b57b,2,21,57,4.5128,-74.117203
2026-09-12T14:21:09-05:00,PUR_IED_CervantesSa_S107_225c2b,PUR_IED_CervantesSa_S107_225c2b,,,,,
2026-09-12T14:21:09-05:00,PUR_IED_CervantesSa_S108_940925,PUR_IED_CervantesSa_S108_940925,,,,,
2026-09-12T14:21:09-05:00,PUR_IED_Charry_A20_f53e7c,PUR_IED_Charry_A20_f53e7c,,,,,
2026-09-12T14:21:09-05:00,PUR_IED_Charry_Ext_f1d5cd,PUR_IED_Charry_Ext_f1d5cd,,,,,
2026-09-12T14:21:09-05:00,PUR_IED_Charry_IntAula20_dc998d,PUR_IED_Charry_IntAula20_dc998d,,,,,
2026-09-12T14:21:09-05:00,PUR_IED_Charry_IntDanzas_7a08e6,PUR_IED_Charry_IntDanzas_7a08e6,,,,,
2026-09-12T14:21:09-05:00,PUR_IED_ClememciaC_203_43e2fc,PUR_IED_ClememciaC_203_43e2fc,,,,,
2026-09-12T14:21:09-05:00,PUR_IED_ClememciaC_Ext_1b411a,PUR_IED_ClememciaC_Ext_1b411a,,,,,
2026-09-12T14:21:09-05:00,PUR_IED_ClememciaC_Quimic_44b5fc,PUR_IED_ClememciaC_Quimic_44b5fc,,,,,
2026-09-12T14:21:09-05:00,PUR_IED_ClemenciaC_203_43e2fc,PUR_IED_ClemenciaC_203_43e2fc,,,,,
2026-09-12T14:21:09-05:00,PUR_IED_ClemenciaC_Ext_1b411a,PUR_IED_ClemenciaC_Ext_1b411a,,,,,
2026-09-12T14:21:09-05:00,PUR_IED_ClemenciaC_Quimic_44b5fc,PUR_IED_ClemenciaC_Quimic_44b5fc,,,,,
2026-09-12T14:21:09-05:00,PUR_IED_ColViva_1101_S25_7f520a,PUR_IED_ColViva_1101_S25_7f520a,,,,,
2026-09-12T14:21:09-05:00,PUR_IED_ColViva_1102_S16_f570ba,PUR_IED_ColViva_1102_S16_f570ba,,,,,
2026-09-12T14:21:09-05:00,PUR_IED_ColViva_Ext_1a26fa,PUR_IED_ColViva_Ext_1a26fa,,,,,
2026-09-12T14:21:09-05:00,PUR_IED_ColegioBici_Asist_7c8798,PUR_IED_ColegioBici_Asist_7c8798,,,,,
2026-09-12T14:21:09-05:00,PUR_IED_ColegioBici_Ext_25cbf6,PUR_IED_ColegioBici_Ext_25cbf6,,,,,
2026-09-12T14:21:09-05:00,PUR_IED_ColegioBici_LabQ_7b57db,PUR_IED_ColegioBici_LabQ_7b57db,,,,,
2026-09-12T14:21:09-05:00,PUR_IED_CostaRica_Ext_5e640,PUR_IED_CostaRica_Ext_5e640,,,,,
2026-09-12T14:21:09-05:00,PUR_IED_CostaRica_Quim1_766d1c,PUR_IED_CostaRica_Quim1_766d1c,,,,,
2026-09-12T14:21:09-05:00,PUR_IED_CostaRica__Fisica_6f0873,PUR_IED_CostaRica__Fisica_6f0873,,,,,
2026-09-12T14:21:09-05:00,PUR_IED_CulPopu_301A_f660f3,PUR_IED_CulPopu_301A_f660f3,,,,,
2026-09-12T14:21:09-05:00,PUR_IED_CulPopu_303_568afe,PUR_IED_CulPopu_303_568afe,,,,,
2026-09-12T14:21:09-05:00,PUR_IED_CulPopu_Ext_e02ccb,PUR_IED_CulPopu_Ext_e02ccb,,,,,
2026-09-12T14:21:09-05:00,PUR_IED_Cundinamarca_Ext_f15985,PUR_IED_Cundinamarca_Ext_f15985,,,,,
2026-09-12T14:21:09-05:00,PUR_IED_Cundinamarca_Info_7aa5d7,PUR_IED_Cundinamarca_Info_7aa5d7,,,,,
2026-09-12T14:21:09-05:00,PUR_IED_Cundinamarca_Tec2_f449c7,PUR_IED_Cundinamarca_Tec2_f449c7,,,,,
2026-09-12T14:21:09-05:00,PUR_IED_DiegoM_Aula1_27b314,PUR_IED_DiegoM_Aula1_27b314,,,,,
2026-09-12T14:21:09-05:00,PUR_IED_DiegoM_Ext_d80ac8,PUR_IED_DiegoM_Ext_d80ac8,,,,,
2026-09-12T14:21:09-05:00,PUR_IED_DiegoM_S25_da928f,PUR_IED_DiegoM_S25_da928f,,,,,
2026-09-12T14:21:09-05:00,PUR_IED_ELRODEO_360881,PUR_IED_ELRODEO_360881,,,,,
2026-09-12T14:21:09-05:00,PUR_IED_ELRODEO_ext_360881,PUR_IED_ELRODEO_ext_360881,,,,,
2026-09-12T14:21:09-05:00,PUR_IED_EduardoU_Ext_1c1969,PUR_IED_EduardoU_Ext_1c1969,,,,,
2026-09-12T14:21:09-05:00,PUR_IED_EduardoU_SCiencia_4dfb94,PUR_IED_EduardoU_SCiencia_4dfb94,,,,,
2026-09-12T14:21:09-05:00,PUR_IED_EduardoU_SQuimica_5a46e7,PUR_IED_EduardoU_SQuimica_5a46e7,,,,,
2026-09-12T14:21:09-05:00,PUR_IED_ElRodeo_Aula14_676984,PUR_IED_ElRodeo_Aula14_676984,,,,,
2026-09-12T14:21:09-05:00,PUR_IED_ElRodeo_Aula16_2dd35b,PUR_IED_ElRodeo_Aula16_2dd35b,,,,,
2026-09-12T14:21:09-05:00,PUR_IED_ElRodeo_Ext_360881,PUR_IED_ElRodeo_Ext_360881,,,,,
2026-09-12T14:21:09-05:00,PUR_IED_ElRodeo_Exterior_8c6d28,PUR_IED_ElRodeo_Exterior_8c6d28,,,,,
2026-09-12T14:21:09-05:00,PUR_IED_ElRodeo_ext_360881,PUR_IED_ElRodeo_ext_360881,,,,,
2026-09-12T14:21:09-05:00,PUR_IED_EmmaReyes_Ext_987625,PUR_IED_EmmaReyes_Ext_987625,2,22,47,4.6367,-74.1511
2026-09-12T14:21:09-05:00,PUR_IED_Ensueño_Ext_7f0250,PUR_IED_Ensueño_Ext_7f0250,,,,,
2026-09-12T14:21:09-05:00,PUR_IED_EscNormal_Ext_5fef3b,PUR_IED_EscNormal_Ext_5fef3b,2,23,49,4.5852,-74.096901
2026-09-12T14:21:09-05:00,PUR_IED_EscNormal_S309_5b263,PUR_IED_EscNormal_S309_5b263,,,,,
2026-09-12T14:21:09-05:00,PUR_IED_EscNormal_S310_27b3b8,PUR_IED_EscNormal_S310_27b3b8,,,,,
2026-09-12T14:21:09-05:00,PUR_IED_Evangelista_Conta_f6cd4f,PUR_IED_Evangelista_Conta_f6cd4f,,,,,
2026-09-12T14:21:09-05:00,PUR_IED_Evangelista_Cri_5e16a,PUR_IED_Evangelista_Cri_5e16a,,,,,
2026-09-12T14:21:09-05:00,PUR_IED_Evangelista_Exter_754066,PUR_IED_Evangelista_Exter_754066,,,,,
2026-09-12T14:21:09-05:00,PUR_IED_FMiranda_S209_5cc2a3,PUR_IED_FMiranda_S209_5cc2a3,,,,,
2026-09-12T14:21:09-05:00,PUR_IED_FMiranda_S303_19e344,PUR_IED_FMiranda_S303_19e344,,,,,
2026-09-12T14:21:09-05:00,PUR_IED_FMiranda_ext_f53e7c,PUR_IED_FMiranda_ext_f53e7c,,,,,
2026-09-12T14:21:09-05:00,PUR_IED_FabioLozano_Bibli_1cee05,PUR_IED_FabioLozano_Bibli_1cee05,,,,,
2026-09-12T14:21:09-05:00,PUR_IED_FabioLozano_Ext_6ea285,PUR_IED_FabioLozano_Ext_6ea285,,,,,
2026-09-12T14:21:09-05:00,PUR_IED_FabioLozano_SLudi_f09e1e,PUR_IED_FabioLozano_SLudi_f09e1e,,,,,
2026-09-12T14:21:09-05:00,PUR_IED_FaustinoS_Aula07_27a731,PUR_IED_FaustinoS_Aula07_27a731,,,,,
2026-09-12T14:21:09-05:00,PUR_IED_FaustinoS_Ext_7b936f,PUR_IED_FaustinoS_Ext_7b936f,,,,,
2026-09-12T14:21:09-05:00,PUR_IED_FaustinoS_Fisica_da2c60,PUR_IED_FaustinoS_Fisica_da2c60,,,,,
2026-09-12T14:21:09-05:00,PUR_IED_FeGarciaLo_Ext_dc68ee,PUR_IED_FeGarciaLo_Ext_dc68ee,,,,,
2026-09-12T14:21:09-05:00,PUR_IED_FeGarciaLo_SDanza_f70a59,PUR_IED_FeGarciaLo_SDanza_f70a59,,,,,
2026-09-12T14:21:09-05:00,PUR_IED_FeGarciaLo_SMusic_125cdd,PUR_IED_FeGarciaLo_SMusic_125cdd,,,,,
2026-09-12T14:21:09-05:00,PUR_IED_FederalAlema_Exte_50c345,PUR_IED_FederalAlema_Exte_50c345,,,,,
2026-09-12T14:21:09-05:00,PUR_IED_FederalAlema_S31_f18371,PUR_IED_FederalAlema_S31_f18371,,,,,
2026-09-12T14:21:09-05:00,PUR_IED_FederalAlema_S901_a62cd,PUR_IED_FederalAlema_S901_a62cd,,,,,
2026-09-12T14:21:09-05:00,PUR_IED_FilarmonicaS_A5_f35eb1,PUR_IED_FilarmonicaS_A5_f35eb1,,,,,
2026-09-12T14:21:09-05:00,PUR_IED_FilarmonicaS_Ext_8a3bde,PUR_IED_FilarmonicaS_Ext_8a3bde,,,,,
2026-09-12T14:21:09-05:00,PUR_IED_FilarmonicaS_Spol_406114,PUR_IED_FilarmonicaS_Spol_406114,,,,,
2026-09-12T14:21:09-05:00,PUR_IED_FlorentinoG_A13_d1fa59,PUR_IED_FlorentinoG_A13_d1fa59,,,,,
2026-09-12T14:21:09-05:00,PUR_IED_FlorentinoG_Ext_1ce6ce,PUR_IED_FlorentinoG_Ext_1ce6ce,,,,,
2026-09-12T14:21:09-05:00,PUR_IED_FlorentinoG_Idiom_a66aac,PUR_IED_FlorentinoG_Idiom_a66aac,,,,,
2026-09-12T14:21:09-05:00,PUR_IED_FranciscoMati_Ext_e3869d,PUR_IED_FranciscoMati_Ext_e3869d,,,,,
2026-09-12T14:21:09-05:00,PUR_IED_FranciscoMati_S13_f31c67,PUR_IED_FranciscoMati_S13_f31c67,,,,,
2026-09-12T14:21:09-05:00,PUR_IED_FranciscoMati_S14_97dead,PUR_IED_FranciscoMati_S14_97dead,,,,,
2026-09-12T14:21:09-05:00,PUR_IED_FranciscoPS_Ext_7bfa9a,PUR_IED_FranciscoPS_Ext_7bfa9a,2,24,48,4.5899,-74.110397
2026-09-12T14:21:09-05:00,PUR_IED_FranciscoPS_Infor_fb8f4c,PUR_IED_FranciscoPS_Infor_fb8f4c,,,,,
2026-09-12T14:21:09-05:00,PUR_IED_FranciscoPS_Quimi_94d39c,PUR_IED_FranciscoPS_Quimi_94d39c,,,,,
2026-09-12T14:21:09-05:00,PUR_IED_FranciscoP_LabQ_d7e148,PUR_IED_FranciscoP_LabQ_d7e148,,,,,
2026-09-12T14:21:09-05:00,PUR_IED_FranciscoP_S28_cf9b30,PUR_IED_FranciscoP_S28_cf9b30,,,,,
2026-09-12T14:21:09-05:00,PUR_IED_FranciscoP_ext_e2313,PUR_IED_FranciscoP_ext_e2313,,,,,
2026-09-12T14:21:09-05:00,PUR_IED_FriederichN_Ext_8ac92a,PUR_IED_FriederichN_Ext_8ac92a,,,,,
2026-09-12T14:21:09-05:00,PUR_IED_FriederichN_S301_dd7e5a,PUR_IED_FriederichN_S301_dd7e5a,,,,,
2026-09-12T14:21:09-05:00,PUR_IED_FriederichN_S308_761f4f,PUR_IED_FriederichN_S308_761f4f,,,,,
2026-09-12T14:21:09-05:00,PUR_IED_GSantander_Aula10_533dd7,PUR_IED_GSantander_Aula10_533dd7,,,,,
2026-09-12T14:21:09-05:00,PUR_IED_GSantander_Aula12_fd4e4f,PUR_IED_GSantander_Aula12_fd4e4f,,,,,
2026-09-12T14:21:09-05:00,PUR_IED_GSantander_Aula310_533dd7,PUR_IED_GSantander_Aula310_533dd7,,,,,
2026-09-12T14:21:09-05:00,PUR_IED_GSantander_Aula312_fd4e4f,PUR_IED_GSantander_Aula312_fd4e4f,,,,,
2026-09-12T14:21:09-05:00,PUR_IED_GSantander_Ext_5f66b0,PUR_IED_GSantander_Ext_5f66b0,,,,,
2026-09-12T14:21:09-05:00,PUR_IED_GYomasa_Ext_f6bea5,PUR_IED_GYomasa_Ext_f6bea5,,,,,
2026-09-12T14:21:09-05:00,PUR_IED_GYomasa_LBiol_2c41aa,PUR_IED_GYomasa_LBiol_2c41aa,,,,,
2026-09-12T14:21:09-05:00,PUR_IED_GYomasa_LQuim_33c80,PUR_IED_GYomasa_LQuim_33c80,,,,,
2026-09-12T14:21:09-05:00,PUR_IED_GabBetMejia_Cienc_5a99c,PUR_IED_GabBetMejia_Cienc_5a99c,,,,,
2026-09-12T14:21:09-05:00,PUR_IED_GabBetMejia_Ext_9153d0,PUR_IED_GabBetMejia_Ext_9153d0,,,,,
2026-09-12T14:21:09-05:00,PUR_IED_GabBetMejia_Lab_f55347,PUR_IED_GabBetMejia_Lab_f55347,,,,,
2026-09-12T14:21:09-05:00,PUR_IED_GabBetanMejia_Ext_9153d0,PUR_IED_GabBetanMejia_Ext_9153d0,,,,,
2026-09-12T14:21:09-05:00,PUR_IED_Gaitana_Aula13_7aac11,PUR_IED_Gaitana_Aula13_7aac11,,,,,
2026-09-12T14:21:09-05:00,PUR_IED_Gaitana_Ext_5fcf4,PUR_IED_Gaitana_Ext_5fcf4,,,,,
2026-09-12T14:21:09-05:00,PUR_IED_Gaitana_LabFisica_644448,PUR_IED_Gaitana_LabFisica_644448,,,,,
2026-09-12T14:21:09-05:00,PUR_IED_GenSantander_Dise_8ac858,PUR_IED_GenSantander_Dise_8ac858,,,,,
2026-09-12T14:21:09-05:00,PUR_IED_GenSantander_Ext_8d5dfe,PUR_IED_GenSantander_Ext_8d5dfe,,,,,
2026-09-12T14:21:09-05:00,PUR_IED_GenSantander_Info_6c25b,PUR_IED_GenSantander_Info_6c25b,,,,,
2026-09-12T14:21:09-05:00,PUR_IED_GustavoMo_Exterio_75e63d,PUR_IED_GustavoMo_Exterio_75e63d,,,,,
2026-09-12T14:21:09-05:00,PUR_IED_GustavoMo_LabFisi_224d37,PUR_IED_GustavoMo_LabFisi_224d37,,,,,
2026-09-12T14:21:09-05:00,PUR_IED_GustavoMo_S208_3e6918,PUR_IED_GustavoMo_S208_3e6918,,,,,
2026-09-12T14:21:09-05:00,PUR_IED_GustavoR_A02_8cd4a8,PUR_IED_GustavoR_A02_8cd4a8,,,,,
2026-09-12T14:21:09-05:00,PUR_IED_GustavoR_B11_5b0ed,PUR_IED_GustavoR_B11_5b0ed,,,,,
2026-09-12T14:21:09-05:00,PUR_IED_GustavoR_Ext_7a0c90,PUR_IED_GustavoR_Ext_7a0c90,,,,,
2026-09-12T14:21:09-05:00,PUR_IED_HernandoDuran_Ext_8cd82b,PUR_IED_HernandoDuran_Ext_8cd82b,,,,,
2026-09-12T14:21:09-05:00,PUR_IED_HernandoDuran_S24_2772c6,PUR_IED_HernandoDuran_S24_2772c6,,,,,
2026-09-12T14:21:09-05:00,PUR_IED_HernandoDuran_S30_f2de41,PUR_IED_HernandoDuran_S30_f2de41,,,,,
2026-09-12T14:21:09-05:00,PUR_IED_HolguInUr_S1101_8cd732,PUR_IED_HolguInUr_S1101_8cd732,,,,,
2026-09-12T14:21:09-05:00,PUR_IED_HolguinUr_Exter_ddae6d,PUR_IED_HolguinUr_Exter_ddae6d,,,,,
2026-09-12T14:21:09-05:00,PUR_IED_HolguinUr_LabQuim_92b952,PUR_IED_HolguinUr_LabQuim_92b952,,,,,
2026-09-12T14:21:09-05:00,PUR_IED_Isabel-II_Ext_5245cc,PUR_IED_Isabel-II_Ext_5245cc,2,21,50,4.6336,-74.153
2026-09-12T14:21:09-05:00,PUR_IED_Isabel-II_S_idiom_1c29aa,PUR_IED_Isabel-II_S_idiom_1c29aa,,,,,
2026-09-12T14:21:09-05:00,PUR_IED_Isabel-II_S_infor_fd741,PUR_IED_Isabel-II_S_infor_fd741,,,,,
2026-09-12T14:21:09-05:00,PUR_IED_IsidroSur_Exterio_5b90ea,PUR_IED_IsidroSur_Exterio_5b90ea,,,,,
2026-09-12T14:21:09-05:00,PUR_IED_IsidroSur_LabTec_56697a,PUR_IED_IsidroSur_LabTec_56697a,,,,,
2026-09-12T14:21:09-05:00,PUR_IED_IsidroSur_Robotic_b7c38f,PUR_IED_IsidroSur_Robotic_b7c38f,,,,,
2026-09-12T14:21:09-05:00,PUR_IED_IsmaelPerd_Ext_7b6672,PUR_IED_IsmaelPerd_Ext_7b6672,,,,,
2026-09-12T14:21:09-05:00,PUR_IED_IsmaelPerd_Inform_306540,PUR_IED_IsmaelPerd_Inform_306540,,,,,
2026-09-12T14:21:09-05:00,PUR_IED_IsmaelPerd_S30_2e2c83,PUR_IED_IsmaelPerd_S30_2e2c83,,,,,
2026-09-12T14:21:09-05:00,PUR_IED_JLozano_Exter_432910,PUR_IED_JLozano_Exter_432910,,,,,
2026-09-12T14:21:09-05:00,PUR_IED_JLozano_salaMulti_df5125,PUR_IED_JLozano_salaMulti_df5125,,,,,
2026-09-12T14:21:09-05:00,PUR_IED_JMCordoba_206_86f80b,PUR_IED_JMCordoba_206_86f80b,,,,,
2026-09-12T14:21:09-05:00,PUR_IED_JMCordoba_Ext_27ad97,PUR_IED_JMCordoba_Ext_27ad97,,,,,
2026-09-12T14:21:09-05:00,PUR_IED_JMCordoba_S310_d59ab4,PUR_IED_JMCordoba_S310_d59ab4,,,,,
2026-09-12T14:21:09-05:00,PUR_IED_Japon_Ext_549100,PUR_IED_Japon_Ext_549100,,,,,
2026-09-12T14:21:09-05:00,PUR_IED_Japon_Laboratorio_bec51d,PUR_IED_Japon_Laboratorio_bec51d,,,,,
2026-09-12T14:21:09-05:00,PUR_IED_Japon_informatica_d99327,PUR_IED_Japon_informatica_d99327,,,,,
2026-09-12T14:21:09-05:00,PUR_IED_Jazmin_Ext_d27bda,PUR_IED_Jazmin_Ext_d27bda,,,,,
2026-09-12T14:21:09-05:00,PUR_IED_Jazmin_Fisica_8d14d7,PUR_IED_Jazmin_Fisica_8d14d7,,,,,
2026-09-12T14:21:09-05:00,PUR_IED_Jazmin_Quimica_801cb5,PUR_IED_Jazmin_Quimica_801cb5,,,,,
2026-09-12T14:21:09-05:00,PUR_IED_JorgeGaitan_Exter_f098d1,PUR_IED_JorgeGaitan_Exter_f098d1,,,,,
2026-09-12T14:21:09-05:00,PUR_IED_JorgeGaitan_STec1_dc9d1d,PUR_IED_JorgeGaitan_STec1_dc9d1d,,,,,
2026-09-12T14:21:09-05:00,PUR_IED_JorgeGaitan_STec2_281e69,PUR_IED_JorgeGaitan_STec2_281e69,,,,,
2026-09-12T14:21:09-05:00,PUR_IED_JorgeSoto_Exterio_d9d0a2,PUR_IED_JorgeSoto_Exterio_d9d0a2,,,,,
2026-09-12T14:21:09-05:00,PUR_IED_JorgeSoto_LabFisi_209c54,PUR_IED_JorgeSoto_LabFisi_209c54,,,,,
2026-09-12T14:21:09-05:00,PUR_IED_JorgeSoto_S103_27b51a,PUR_IED_JorgeSoto_S103_27b51a,,,,,
2026-09-12T14:21:09-05:00,PUR_IED_JoseAcevedo_A02_e965eb,PUR_IED_JoseAcevedo_A02_e965eb,,,,,
2026-09-12T14:21:09-05:00,PUR_IED_JoseAcevedo_A07_dd5b4,PUR_IED_JoseAcevedo_A07_dd5b4,,,,,
2026-09-12T14:21:09-05:00,PUR_IED_JoseAcevedo_Ext_b47484,PUR_IED_JoseAcevedo_Ext_b47484,,,,,
2026-09-12T14:21:09-05:00,PUR_IED_JoseMarti_Exte_5b9bf,PUR_IED_JoseMarti_Exte_5b9bf,,,,,
2026-09-12T14:21:09-05:00,PUR_IED_JoseMarti_LabQuim_1c6c2d,PUR_IED_JoseMarti_LabQuim_1c6c2d,,,,,
2026-09-12T14:21:09-05:00,PUR_IED_JoseMarti_S_info_f5f177,PUR_IED_JoseMarti_S_info_f5f177,,,,,
2026-09-12T14:21:09-05:00,PUR_IED_Josejoaquin_Ext_dfc5dc,PUR_IED_Josejoaquin_Ext_dfc5dc,,,,,
2026-09-12T14:21:09-05:00,PUR_IED_Josejoaquin_S05_5b2a96,PUR_IED_Josejoaquin_S05_5b2a96,,,,,
2026-09-12T14:21:09-05:00,PUR_IED_Josejoaquin_S06_1ce7d2,PUR_IED_Josejoaquin_S06_1ce7d2,,,,,
2026-09-12T14:21:09-05:00,PUR_IED_JulioFlorez_Danza_9b82dd,PUR_IED_JulioFlorez_Danza_9b82dd,,,,,
2026-09-12T14:21:09-05:00,PUR_IED_JulioFlorez_Exter_f9f314,PUR_IED_JulioFlorez_Exter_f9f314,,,,,
2026-09-12T14:21:09-05:00,PUR_IED_JulioFlorez_info2_6b6e08,PUR_IED_JulioFlorez_info2_6b6e08,,,,,
2026-09-12T14:21:09-05:00,PUR_IED_LaBelleza_Aula13_1d00d8,PUR_IED_LaBelleza_Aula13_1d00d8,,,,,
2026-09-12T14:21:09-05:00,PUR_IED_LaBelleza_Ext_7bc08c,PUR_IED_LaBelleza_Ext_7bc08c,,,,,
2026-09-12T14:21:09-05:00,PUR_IED_LaChucua_Ext_8cd6d2,PUR_IED_LaChucua_Ext_8cd6d2,,,,,
2026-09-12T14:21:09-05:00,PUR_IED_LaChucua_S15_f578ce,PUR_IED_LaChucua_S15_f578ce,,,,,
2026-09-12T14:21:09-05:00,PUR_IED_LaChucua_S16_eebcf9,PUR_IED_LaChucua_S16_eebcf9,,,,,
2026-09-12T14:21:09-05:00,PUR_IED_LaFelicidad_Ext_fb5109,PUR_IED_LaFelicidad_Ext_fb5109,,,,,
2026-09-12T14:21:09-05:00,PUR_IED_LaMerced_206_66ebd,PUR_IED_LaMerced_206_66ebd,,,,,
2026-09-12T14:21:09-05:00,PUR_IED_LaMerced_207_6ebd6,PUR_IED_LaMerced_207_6ebd6,,,,,
2026-09-12T14:21:09-05:00,PUR_IED_LaMerced_ext_304311,PUR_IED_LaMerced_ext_304311,,,,,
2026-09-12T14:21:09-05:00,PUR_IED_Laureano_CiencNat_281e5e,PUR_IED_Laureano_CiencNat_281e5e,,,,,
2026-09-12T14:21:09-05:00,PUR_IED_Laureano_Comedor_f65c0a,PUR_IED_Laureano_Comedor_f65c0a,,,,,
2026-09-12T14:21:09-05:00,PUR_IED_Laureano_Exterior_7ab011,PUR_IED_Laureano_Exterior_7ab011,,,,,
2026-09-12T14:21:09-05:00,PUR_IED_LeonGreiff_Exte_dfe560,PUR_IED_LeonGreiff_Exte_dfe560,,,,,
2026-09-12T14:21:09-05:00,PUR_IED_LeonGreiff_S210_f264ed,PUR_IED_LeonGreiff_S210_f264ed,,,,,
2026-09-12T14:21:09-05:00,PUR_IED_LeonGreiff_SQuimi_e8296f,PUR_IED_LeonGreiff_SQuimi_e8296f,,,,,
2026-09-12T14:21:09-05:00,PUR_IED_LlanoOrientalS208_7b9fcd,PUR_IED_LlanoOrientalS208_7b9fcd,,,,,
2026-09-12T14:21:09-05:00,PUR_IED_LlanoOriental_Ext_fb3766,PUR_IED_LlanoOriental_Ext_fb3766,,,,,
2026-09-12T14:21:09-05:00,PUR_IED_LlanoOriental_S208_7b9fcd,PUR_IED_LlanoOriental_S208_7b9fcd,,,,,
2026-09-12T14:21:09-05:00,PUR_IED_LlanoOriental_S9_27b378,PUR_IED_LlanoOriental_S9_27b378,,,,,
2026-09-12T14:21:09-05:00,PUR_IED_LosTejares_1101_477602,PUR_IED_LosTejares_1101_477602,,,,,
2026-09-12T14:21:09-05:00,PUR_IED_LosTejares_11_d2c595,PUR_IED_LosTejares_11_d2c595,,,,,
2026-09-12T14:21:09-05:00,PUR_IED_LosTejares_12_477602,PUR_IED_LosTejares_12_477602,,,,,
2026-09-12T14:21:09-05:00,PUR_IED_LosTejares_Ext_8e2115,PUR_IED_LosTejares_Ext_8e2115,,,,,
2026-09-12T14:21:09-05:00,PUR_IED_MagdalenaO_B202_5ddda3,PUR_IED_MagdalenaO_B202_5ddda3,,,,,
2026-09-12T14:21:09-05:00,PUR_IED_MagdalenaO_B205_fb76e8,PUR_IED_MagdalenaO_B205_fb76e8,,,,,
2026-09-12T14:21:09-05:00,PUR_IED_MagdalenaO_ext_dc69cd,PUR_IED_MagdalenaO_ext_dc69cd,,,,,
2026-09-12T14:21:09-05:00,PUR_IED_ManueCepeda_artes_eee956,PUR_IED_ManueCepeda_artes_eee956,,,,,
2026-09-12T14:21:09-05:00,PUR_IED_ManuelCepeda_Ext_58313,PUR_IED_ManuelCepeda_Ext_58313,,,,,
2026-09-12T14:21:09-05:00,PUR_IED_ManuelCepeda_tec_1c5731,PUR_IED_ManuelCepeda_tec_1c5731,,,,,
2026-09-12T14:21:09-05:00,PUR_IED_ManuelS_Exterior_5b269,PUR_IED_ManuelS_Exterior_5b269,,,,,
2026-09-12T14:21:09-05:00,PUR_IED_ManuelS_Inform_f369ce,PUR_IED_ManuelS_Inform_f369ce,,,,,
2026-09-12T14:21:09-05:00,PUR_IED_ManuelS_SArtes_7d15f1,PUR_IED_ManuelS_SArtes_7d15f1,,,,,
2026-09-12T14:21:09-05:00,PUR_IED_ManuelZapata_303_3ca6,PUR_IED_ManuelZapata_303_3ca6,,,,,
2026-09-12T14:21:09-05:00,PUR_IED_ManuelZapata_311_bfbabc,PUR_IED_ManuelZapata_311_bfbabc,,,,,
2026-09-12T14:21:09-05:00,PUR_IED_ManuelZapata_Ext_50824a,PUR_IED_ManuelZapata_Ext_50824a,,,,,
2026-09-12T14:21:09-05:00,PUR_IED_ManuelitaS_Exteri_656a92,PUR_IED_ManuelitaS_Exteri_656a92,,,,,
2026-09-12T14:21:09-05:00,PUR_IED_ManuelitaS_JuzgDe_f58ec3,PUR_IED_ManuelitaS_JuzgDe_f58ec3,,,,,
2026-09-12T14:21:09-05:00,PUR_IED_ManuelitaS_Recrea_d793db,PUR_IED_ManuelitaS_Recrea_d793db,,,,,
2026-09-12T14:21:09-05:00,PUR_IED_MarFidSuarez_Ext_c27b19,PUR_IED_MarFidSuarez_Ext_c27b19,,,,,
2026-09-12T14:21:09-05:00,PUR_IED_MarFidSuarez_Info_e384d7,PUR_IED_MarFidSuarez_Info_e384d7,,,,,
2026-09-12T14:21:09-05:00,PUR_IED_MarFidSuarez_S306_1d0032,PUR_IED_MarFidSuarez_S306_1d0032,,,,,
2026-09-12T14:21:09-05:00,PUR_IED_Menorah_301_2a25a3,PUR_IED_Menorah_301_2a25a3,,,,,
2026-09-12T14:21:09-05:00,PUR_IED_Menorah_306_37ed3,PUR_IED_Menorah_306_37ed3,,,,,
2026-09-12T14:21:09-05:00,PUR_IED_Menorah_Ext_3e155b,PUR_IED_Menorah_Ext_3e155b,,,,,
2026-09-12T14:21:09-05:00,PUR_IED_MinutoB.Aires_A11_1b1604,PUR_IED_MinutoB.Aires_A11_1b1604,,,,,
2026-09-12T14:21:09-05:00,PUR_IED_MinutoB.Aires_A12_fb5860,PUR_IED_MinutoB.Aires_A12_fb5860,,,,,
2026-09-12T14:21:09-05:00,PUR_IED_MinutoB.Aires_Ext_81293f,PUR_IED_MinutoB.Aires_Ext_81293f,,,,,
2026-09-12T14:21:09-05:00,PUR_IED_MinutoBAires_A11_1b1604,PUR_IED_MinutoBAires_A11_1b1604,,,,,
2026-09-12T14:21:09-05:00,PUR_IED_MinutoBAires_A12_fb5860,PUR_IED_MinutoBAires_A12_fb5860,,,,,
2026-09-12T14:21:09-05:00,PUR_IED_MinutoBAires_Ext_81293f,PUR_IED_MinutoBAires_Ext_81293f,,,,,
2026-09-12T14:21:09-05:00,PUR_IED_Montreal_Aula10_1e4959,PUR_IED_Montreal_Aula10_1e4959,,,,,
2026-09-12T14:21:09-05:00,PUR_IED_Montreal_Aula6_300367,PUR_IED_Montreal_Aula6_300367,,,,,
2026-09-12T14:21:09-05:00,PUR_IED_Montreal_Exterior_91a179,PUR_IED_Montreal_Exterior_91a179,,,,,
2026-09-12T14:21:09-05:00,PUR_IED_Mqgdalena_B202_5ddda3,PUR_IED_Mqgdalena_B202_5ddda3,,,,,
2026-09-12T14:21:09-05:00,PUR_IED_NACUND_Soc_dc8728,PUR_IED_NACUND_Soc_dc8728,,,,,
2026-09-12T14:21:09-05:00,PUR_IED_NACUND_ext_27ad97,PUR_IED_NACUND_ext_27ad97,,,,,
2026-09-12T14:21:09-05:00,PUR_IED_NEsperanza_Ext_d24b61,PUR_IED_NEsperanza_Ext_d24b61,,,,,
2026-09-12T14:21:09-05:00,PUR_IED_NEsperanza_SElect_7d1807,PUR_IED_NEsperanza_SElect_7d1807,,,,,
2026-09-12T14:21:09-05:00,PUR_IED_NEsperanza_SLabor_8b2d0a,PUR_IED_NEsperanza_SLabor_8b2d0a,,,,,
2026-09-12T14:21:09-05:00,PUR_IED_NacionesU_Ext_f661a9,PUR_IED_NacionesU_Ext_f661a9,,,,,
2026-09-12T14:21:09-05:00,PUR_IED_NacionesU_Quimica_66f0a,PUR_IED_NacionesU_Quimica_66f0a,,,,,
2026-09-12T14:21:09-05:00,PUR_IED_NacionesU_S306_1b4b3d,PUR_IED_NacionesU_S306_1b4b3d,,,,,
2026-09-12T14:21:09-05:00,PUR_IED_NestorFA_Ext_e4201c,PUR_IED_NestorFA_Ext_e4201c,,,,,
2026-09-12T14:21:09-05:00,PUR_IED_NestorFA_Laborato_f22fe0,PUR_IED_NestorFA_Laborato_f22fe0,,,,,
2026-09-12T14:21:09-05:00,PUR_IED_NestorFA_S204_dee996,PUR_IED_NestorFA_S204_dee996,,,,,
2026-09-12T14:21:09-05:00,PUR_IED_NidyaQT_Aula03_76999b,PUR_IED_NidyaQT_Aula03_76999b,,,,,
2026-09-12T14:21:09-05:00,PUR_IED_NidyaQT_Aula10_56325,PUR_IED_NidyaQT_Aula10_56325,,,,,
2026-09-12T14:21:09-05:00,PUR_IED_NidyaQT_Ext_46e32d,PUR_IED_NidyaQT_Ext_46e32d,,,,,
2026-09-12T14:21:09-05:00,PUR_IED_NuevaCol_Exterior_d9b859,PUR_IED_NuevaCol_Exterior_d9b859,,,,,
2026-09-12T14:21:09-05:00,PUR_IED_NuevaCol_S1101_76c43b,PUR_IED_NuevaCol_S1101_76c43b,,,,,
2026-09-12T14:21:09-05:00,PUR_IED_NuevaCol_S1102_1ce0b5,PUR_IED_NuevaCol_S1102_1ce0b5,,,,,
2026-09-12T14:21:09-05:00,PUR_IED_OEA_A202_f7e3f2,PUR_IED_OEA_A202_f7e3f2,,,,,
2026-09-12T14:21:09-05:00,PUR_IED_OEA_A203_7d1b8d,PUR_IED_OEA_A203_7d1b8d,,,,,
2026-09-12T14:21:09-05:00,PUR_IED_OEA_Ext_27b593,PUR_IED_OEA_Ext_27b593,,,,,
2026-09-12T14:21:09-05:00,PUR_IED_Ochoa_Ext_1c29da,PUR_IED_Ochoa_Ext_1c29da,,,,,
2026-09-12T14:21:09-05:00,PUR_IED_Ochoa_S205_8b1121,PUR_IED_Ochoa_S205_8b1121,,,,,
2026-09-12T14:21:09-05:00,PUR_IED_Ochoa_Sistemas_f33af6,PUR_IED_Ochoa_Sistemas_f33af6,,,,,
2026-09-12T14:21:09-05:00,PUR_IED_PQuebec_Ext_1c67c7,PUR_IED_PQuebec_Ext_1c67c7,,,,,
2026-09-12T14:21:09-05:00,PUR_IED_PQuebec_S15_23e8e2,PUR_IED_PQuebec_S15_23e8e2,,,,,
2026-09-12T14:21:09-05:00,PUR_IED_PQuebec_S16_8ec76b,PUR_IED_PQuebec_S16_8ec76b,,,,,
2026-09-12T14:21:09-05:00,PUR_IED_PabloN_Ext_49dc96,PUR_IED_PabloN_Ext_49dc96,,,,,
2026-09-12T14:21:09-05:00,PUR_IED_PabloN_S1102_4e3df5,PUR_IED_PabloN_S1102_4e3df5,,,,,
2026-09-12T14:21:09-05:00,PUR_IED_PabloN_S1103_50c94b,PUR_IED_PabloN_S1103_50c94b,,,,,
2026-09-12T14:21:09-05:00,PUR_IED_Palestina_S1101_db9198,PUR_IED_Palestina_S1101_db9198,,,,,
2026-09-12T14:21:09-05:00,PUR_IED_Palestina_S1102_dc54fa,PUR_IED_Palestina_S1102_dc54fa,,,,,
2026-09-12T14:21:09-05:00,PUR_IED_Palestina_ext_4ccce6,PUR_IED_Palestina_ext_4ccce6,,,,,
2026-09-12T14:21:09-05:00,PUR_IED_Panama_Fisica_4d0794,PUR_IED_Panama_Fisica_4d0794,,,,,
2026-09-12T14:21:09-05:00,PUR_IED_Panama_SIngles_a4077e,PUR_IED_Panama_SIngles_a4077e,,,,,
2026-09-12T14:21:09-05:00,PUR_IED_Panama_ext_4c54b4,PUR_IED_Panama_ext_4c54b4,,,,,
2026-09-12T14:21:09-05:00,PUR_IED_ParaisoM_Exterior_8cd7f0,PUR_IED_ParaisoM_Exterior_8cd7f0,,,,,
2026-09-12T14:21:09-05:00,PUR_IED_ParaisoM_Laborato_27af35,PUR_IED_ParaisoM_Laborato_27af35,,,,,
2026-09-12T14:21:09-05:00,PUR_IED_ParaisoM_S304_d1edca,PUR_IED_ParaisoM_S304_d1edca,,,,,
2026-09-12T14:21:09-05:00,PUR_IED_PorfirioBarba_Ext_301466,PUR_IED_PorfirioBarba_Ext_301466,,,,,
2026-09-12T14:21:09-05:00,PUR_IED_PorfirioBarba_S11_df6cd2,PUR_IED_PorfirioBarba_S11_df6cd2,,,,,
2026-09-12T14:21:09-05:00,PUR_IED_PorfirioBarba_S29_27a7d6,PUR_IED_PorfirioBarba_S29_27a7d6,,,,,
2026-09-12T14:21:09-05:00,PUR_IED_PradoV_Exter_8b27ad,PUR_IED_PradoV_Exter_8b27ad,,,,,
2026-09-12T14:21:09-05:00,PUR_IED_PradoV_S301_de65b5,PUR_IED_PradoV_S301_de65b5,,,,,
2026-09-12T14:21:09-05:00,PUR_IED_PradoV_S302_7d2593,PUR_IED_PradoV_S302_7d2593,,,,,
2026-09-12T14:21:09-05:00,PUR_IED_QuirogaAlz_Ext_1ddc82,PUR_IED_QuirogaAlz_Ext_1ddc82,,,,,
2026-09-12T14:21:09-05:00,PUR_IED_QuirogaAlz_S302_9926a3,PUR_IED_QuirogaAlz_S302_9926a3,,,,,
2026-09-12T14:21:09-05:00,PUR_IED_QuirogaAlz_S305_cdf1f1,PUR_IED_QuirogaAlz_S305_cdf1f1,,,,,
2026-09-12T14:21:09-05:00,PUR_IED_RGuatemala_Biling_dc53b7,PUR_IED_RGuatemala_Biling_dc53b7,,,,,
2026-09-12T14:21:09-05:00,PUR_IED_RGuatemala_Ext_1b89a3,PUR_IED_RGuatemala_Ext_1b89a3,,,,,
2026-09-12T14:21:09-05:00,PUR_IED_RGuatemala_Tecnol_281a34,PUR_IED_RGuatemala_Tecnol_281a34,,,,,
2026-09-12T14:21:09-05:00,PUR_IED_RafaNu_Ext_f7c302,PUR_IED_RafaNu_Ext_f7c302,,,,,
2026-09-12T14:21:09-05:00,PUR_IED_RafaNu_S1101_25fde,PUR_IED_RafaNu_S1101_25fde,,,,,
2026-09-12T14:21:09-05:00,PUR_IED_RafaNu_S1102_281517,PUR_IED_RafaNu_S1102_281517,,,,,
2026-09-12T14:21:09-05:00,PUR_IED_RafaelB_S305_ee2783,PUR_IED_RafaelB_S305_ee2783,,,,,
2026-09-12T14:21:09-05:00,PUR_IED_RafaelB_S306_75fe33,PUR_IED_RafaelB_S306_75fe33,,,,,
2026-09-12T14:21:09-05:00,PUR_IED_RafaelB_ext_283336,PUR_IED_RafaelB_ext_283336,3,20,56,4.6722,-74.0737
2026-09-12T14:21:09-05:00,PUR_IED_RafaelUU_Exterior_281a51,PUR_IED_RafaelUU_Exterior_281a51,,,,,
2026-09-12T14:21:09-05:00,PUR_IED_RafaelUU_Human_806b2,PUR_IED_RafaelUU_Human_806b2,,,,,
2026-09-12T14:21:09-05:00,PUR_IED_RafaelUU_Mate2_5680d4,PUR_IED_RafaelUU_Mate2_5680d4,,,,,
2026-09-12T14:21:09-05:00,PUR_IED_RamonSub_Ext_f9eeb9,PUR_IED_RamonSub_Ext_f9eeb9,,,,,
2026-09-12T14:21:09-05:00,PUR_IED_RamonSub_Media_d1f62f,PUR_IED_RamonSub_Media_d1f62f,,,,,
2026-09-12T14:21:09-05:00,PUR_IED_RamonSub_planta_51b82,PUR_IED_RamonSub_planta_51b82,,,,,
2026-09-12T14:21:09-05:00,PUR_IED_RepBoliVene_Exter_27af7c,PUR_IED_RepBoliVene_Exter_27af7c,,,,,
2026-09-12T14:21:09-05:00,PUR_IED_RepBoliVene_SCPT_5ae2ee,PUR_IED_RepBoliVene_SCPT_5ae2ee,,,,,
2026-09-12T14:21:09-05:00,PUR_IED_RepBoliVene_Socia_4b11d5,PUR_IED_RepBoliVene_Socia_4b11d5,,,,,
2026-09-12T14:21:09-05:00,PUR_IED_RepChina_Ext_76d9ee,PUR_IED_RepChina_Ext_76d9ee,,,,,
2026-09-12T14:21:09-05:00,PUR_IED_RepChina_S404_7c804c,PUR_IED_RepChina_S404_7c804c,,,,,
2026-09-12T14:21:09-05:00,PUR_IED_RepChina_S405_df2c33,PUR_IED_RepChina_S405_df2c33,,,,,
2026-09-12T14:21:09-05:00,PUR_IED_RepublicaC_Exteri_7d1ec9,PUR_IED_RepublicaC_Exteri_7d1ec9,,,,,
2026-09-12T14:21:09-05:00,PUR_IED_RepublicaC_S1101_f544b3,PUR_IED_RepublicaC_S1101_f544b3,,,,,
2026-09-12T14:21:09-05:00,PUR_IED_RepublicaC_S1102_7aafc7,PUR_IED_RepublicaC_S1102_7aafc7,,,,,
2026-09-12T14:21:09-05:00,PUR_IED_Ricaurte_Externo_a0ea1,PUR_IED_Ricaurte_Externo_a0ea1,,,,,
2026-09-12T14:21:09-05:00,PUR_IED_Ricaurte_S210_f546fd,PUR_IED_Ricaurte_S210_f546fd,,,,,
2026-09-12T14:21:09-05:00,PUR_IED_Ricaurte_S309_d4452,PUR_IED_Ricaurte_S309_d4452,,,,,
2026-09-12T14:21:09-05:00,PUR_IED_RogelioS_1102_531e69,PUR_IED_RogelioS_1102_531e69,,,,,
2026-09-12T14:21:09-05:00,PUR_IED_RogelioS_Ext_f25a18,PUR_IED_RogelioS_Ext_f25a18,,,,,
2026-09-12T14:21:09-05:00,PUR_IED_SBernardino_Ext_27aff8,PUR_IED_SBernardino_Ext_27aff8,,,,,
2026-09-12T14:21:09-05:00,PUR_IED_SBernardino_SArte_2ffd33,PUR_IED_SBernardino_SArte_2ffd33,,,,,
2026-09-12T14:21:09-05:00,PUR_IED_SBernardino_SIngl_7c7da5,PUR_IED_SBernardino_SIngl_7c7da5,,,,,
2026-09-12T14:21:09-05:00,PUR_IED_Sago_auditorio_dc9d1d,PUR_IED_Sago_auditorio_dc9d1d,,,,,
2026-09-12T14:21:09-05:00,PUR_IED_Saludcoop_Ext_95aac3,PUR_IED_Saludcoop_Ext_95aac3,,,,,
2026-09-12T14:21:09-05:00,PUR_IED_Saludcoop_InfI_90c854,PUR_IED_Saludcoop_InfI_90c854,,,,,
2026-09-12T14:21:09-05:00,PUR_IED_Saludcoop_SMedia_1b93be,PUR_IED_Saludcoop_SMedia_1b93be,,,,,
2026-09-12T14:21:09-05:00,PUR_IED_SanCarlos_1101_1a2360,PUR_IED_SanCarlos_1101_1a2360,,,,,
2026-09-12T14:21:09-05:00,PUR_IED_SanCarlos_1103_7bafb5,PUR_IED_SanCarlos_1103_7bafb5,,,,,
2026-09-12T14:21:09-05:00,PUR_IED_SanCarlos_Ext_b7cd1,PUR_IED_SanCarlos_Ext_b7cd1,,,,,
2026-09-12T14:21:09-05:00,PUR_IED_SanIgnacioBosa11a_50c26e,PUR_IED_SanIgnacioBosa11a_50c26e,,,,,
2026-09-12T14:21:09-05:00,PUR_IED_SanIgnacioBosa11b_371de8,PUR_IED_SanIgnacioBosa11b_371de8,,,,,
2026-09-12T14:21:09-05:00,PUR_IED_SanIgnacioBosaExt_ef0ffc,PUR_IED_SanIgnacioBosaExt_ef0ffc,,,,,
2026-09-12T14:21:09-05:00,PUR_IED_SanIgnacioBosa_11a_50c26e,PUR_IED_SanIgnacioBosa_11a_50c26e,,,,,
2026-09-12T14:21:09-05:00,PUR_IED_SanIgnacioBosa_Ext_ef0ffc,PUR_IED_SanIgnacioBosa_Ext_ef0ffc,,,,,
2026-09-12T14:21:09-05:00,PUR_IED_SanJoseN_intS1101_31c47f,PUR_IED_SanJoseN_intS1101_31c47f,,,,,
2026-09-12T14:21:09-05:00,PUR_IED_SanJoseUsm_Exter_f5d7e8,PUR_IED_SanJoseUsm_Exter_f5d7e8,,,,,
2026-09-12T14:21:09-05:00,PUR_IED_SanJoseUsm_Int11A_cfdef6,PUR_IED_SanJoseUsm_Int11A_cfdef6,,,,,
2026-09-12T14:21:09-05:00,PUR_IED_SilveriaR_IntB5_905349,PUR_IED_SilveriaR_IntB5_905349,,,,,
2026-09-12T14:21:09-05:00,PUR_IED_SilveriaR_IntSD14_981f93,PUR_IED_SilveriaR_IntSD14_981f93,,,,,
2026-09-12T14:21:09-05:00,PUR_IED_SilveriaR_ext_2b651d,PUR_IED_SilveriaR_ext_2b651d,,,,,
2026-09-12T14:21:09-05:00,PUR_IED_SimonB_Exterior_913975,PUR_IED_SimonB_Exterior_913975,,,,,
2026-09-12T14:21:09-05:00,PUR_IED_SimonB_LabQuimi_c56908,PUR_IED_SimonB_LabQuimi_c56908,,,,,
2026-09-12T14:21:09-05:00,PUR_IED_SimonB_informatic_a28c1,PUR_IED_SimonB_informatic_a28c1,,,,,
2026-09-12T14:21:09-05:00,PUR_IED_Sorrento_1102_315f50,PUR_IED_Sorrento_1102_315f50,,,,,
2026-09-12T14:21:09-05:00,PUR_IED_Sorrento_Minte_214eab,PUR_IED_Sorrento_Minte_214eab,,,,,
2026-09-12T14:21:09-05:00,PUR_IED_Sorrento_ext_7c3a0a,PUR_IED_Sorrento_ext_7c3a0a,,,,,
2026-09-12T14:21:09-05:00,PUR_IED_Tabora_Ext_f048ae,PUR_IED_Tabora_Ext_f048ae,,,,,
2026-09-12T14:21:09-05:00,PUR_IED_Tabora_S1102_b07752,PUR_IED_Tabora_S1102_b07752,,,,,
2026-09-12T14:21:09-05:00,PUR_IED_Tabora_S1103_d988f5,PUR_IED_Tabora_S1103_d988f5,,,,,
2026-09-12T14:21:09-05:00,PUR_IED_Tenerife_Ext_1ab188,PUR_IED_Tenerife_Ext_1ab188,,,,,
2026-09-12T14:21:09-05:00,PUR_IED_Tenerife_SDanzas_7bc02e,PUR_IED_Tenerife_SDanzas_7bc02e,,,,,
2026-09-12T14:21:09-05:00,PUR_IED_Tenerife_SIngles_7cc277,PUR_IED_Tenerife_SIngles_7cc277,,,,,
2026-09-12T14:21:09-05:00,PUR_IED_Tibabuyes_Exter_f2683d,PUR_IED_Tibabuyes_Exter_f2683d,,,,,
2026-09-12T14:21:09-05:00,PUR_IED_Tibabuyes_S10_dc87a8,PUR_IED_Tibabuyes_S10_dc87a8,,,,,
2026-09-12T14:21:09-05:00,PUR_IED_Tibabuyes_S15_dc0526,PUR_IED_Tibabuyes_S15_dc0526,,,,,
2026-09-12T14:21:09-05:00,PUR_IED_UnionE_S301_a1043,PUR_IED_UnionE_S301_a1043,,,,,
2026-09-12T14:21:09-05:00,PUR_IED_UnionE_S307_ff6c2f,PUR_IED_UnionE_S307_ff6c2f,,,,,
2026-09-12T14:21:09-05:00,PUR_IED_UnionE__Ext_5e2468,PUR_IED_UnionE__Ext_5e2468,,,,,
2026-09-12T14:21:09-05:00,PUR_IED_VillaRica_Ext_75be7c,PUR_IED_VillaRica_Ext_75be7c,,,,,
2026-09-12T14:21:09-05:00,PUR_IED_VillaRica_S4_cc5dcd,PUR_IED_VillaRica_S4_cc5dcd,,,,,
2026-09-12T14:21:09-05:00,PUR_IED_VillaRica_Sesp_99f5c,PUR_IED_VillaRica_Sesp_99f5c,,,,,
2026-09-12T14:26:07-05:00,PUR_IED_20deJulio_1101_91b1b9,PUR_IED_20deJulio_1101_91b1b9,,,,,
2026-09-12T14:26:07-05:00,PUR_IED_20deJulio_1102_1cfcf9,PUR_IED_20deJulio_1102_1cfcf9,,,,,
2026-09-12T14:26:07-05:00,PUR_IED_20deJulio_Ext_ab60bd,PUR_IED_20deJulio_Ext_ab60bd,,,,,
2026-09-12T14:26:07-05:00,PUR_IED_AgustinFer_Ext_7b9b77,PUR_IED_AgustinFer_Ext_7b9b77,,,,,
2026-09-12T14:26:07-05:00,PUR_IED_AgustinFer_Info2_27b3a7,PUR_IED_AgustinFer_Info2_27b3a7,,,,,
2026-09-12T14:26:07-05:00,PUR_IED_AgustinFer_Sena_54b4eb,PUR_IED_AgustinFer_Sena_54b4eb,,,,,
2026-09-12T14:26:07-05:00,PUR_IED_AlexanderF_1102_caf07b,PUR_IED_AlexanderF_1102_caf07b,,,,,
2026-09-12T14:26:07-05:00,PUR_IED_AlexanderF_1103_c79e71,PUR_IED_AlexanderF_1103_c79e71,,,,,
2026-09-12T14:26:07-05:00,PUR_IED_AlexanderF_Ext_c5b18b,PUR_IED_AlexanderF_Ext_c5b18b,,,,,
2026-09-12T14:26:07-05:00,PUR_IED_AlfonsoLopez_Ext_281d77,PUR_IED_AlfonsoLopez_Ext_281d77,,,,,
2026-09-12T14:26:07-05:00,PUR_IED_AlfonsoLopez_LabF_888ce0,PUR_IED_AlfonsoLopez_LabF_888ce0,,,,,
2026-09-12T14:26:07-05:00,PUR_IED_AlfonsoLopez_SMed_df6a7f,PUR_IED_AlfonsoLopez_SMed_df6a7f,,,,,
2026-09-12T14:26:07-05:00,PUR_IED_AltamiraSO_A2_209f92,PUR_IED_AltamiraSO_A2_209f92,,,,,
2026-09-12T14:26:07-05:00,PUR_IED_AltamiraSO_Ext_186d66,PUR_IED_AltamiraSO_Ext_186d66,,,,,
2026-09-12T14:26:07-05:00,PUR_IED_AltamiraSO_Sistem_27afe1,PUR_IED_AltamiraSO_Sistem_27afe1,,,,,
2026-09-12T14:26:07-05:00,PUR_IED_AlvaroGom_LabQuim_813179,PUR_IED_AlvaroGom_LabQuim_813179,,,,,
2026-09-12T14:26:07-05:00,PUR_IED_AlvaroGomez_Ext_47c7ca,PUR_IED_AlvaroGomez_Ext_47c7ca,,,,,
2026-09-12T14:26:07-05:00,PUR_IED_AlvaroGomez_LabQuim_813179,PUR_IED_AlvaroGomez_LabQuim_813179,,,,,
2026-09-12T14:26:07-05:00,PUR_IED_AlvaroGomez_S23_7ba89f,PUR_IED_AlvaroGomez_S23_7ba89f,,,,,
2026-09-12T14:26:07-05:00,PUR_IED_Amistad_306_dc8728,PUR_IED_Amistad_306_dc8728,,,,,
2026-09-12T14:26:07-05:00,PUR_IED_Amistad_Ext_8cd55e,PUR_IED_Amistad_Ext_8cd55e,,,,,
2026-09-12T14:26:07-05:00,PUR_IED_Amistad_S202_a41169,PUR_IED_Amistad_S202_a41169,,,,,
2026-09-12T14:26:07-05:00,PUR_IED_AndresBello_Bio_fd5f5e,PUR_IED_AndresBello_Bio_fd5f5e,,,,,
2026-09-12T14:26:07-05:00,PUR_IED_AndresBello_ext_dcad65,PUR_IED_AndresBello_ext_dcad65,,,,,
2026-09-12T14:26:07-05:00,PUR_IED_AndresBello_port_eed3ec,PUR_IED_AndresBello_port_eed3ec,,,,,
2026-09-12T14:26:07-05:00,PUR_IED_AngelaR_11b_d90a6b,PUR_IED_AngelaR_11b_d90a6b,,,,,
2026-09-12T14:26:07-05:00,PUR_IED_AngelaR_ext_7cad3e,PUR_IED_AngelaR_ext_7cad3e,3,21,54,4.5825,-74.164497
2026-09-12T14:26:07-05:00,PUR_IED_AntJoseSucre_10mo_df2575,PUR_IED_AntJoseSucre_10mo_df2575,,,,,
2026-09-12T14:26:07-05:00,PUR_IED_AntJoseSucre_Ext_215b36,PUR_IED_AntJoseSucre_Ext_215b36,,,,,
2026-09-12T14:26:07-05:00,PUR_IED_AntJoseSucre_Lab_3139de,PUR_IED_AntJoseSucre_Lab_3139de,,,,,
2026-09-12T14:26:07-05:00,PUR_IED_AntonioGarcia_301_d6b188,PUR_IED_AntonioGarcia_301_d6b188,,,,,
2026-09-12T14:26:07-05:00,PUR_IED_AntonioGarcia_302_88a82,PUR_IED_AntonioGarcia_302_88a82,,,,,
2026-09-12T14:26:07-05:00,PUR_IED_AntonioGarcia_Ext_20950c,PUR_IED_AntonioGarcia_Ext_20950c,,,,,
2026-09-12T14:26:07-05:00,PUR_IED_AntonioVan_Aula2_6dea02,PUR_IED_AntonioVan_Aula2_6dea02,,,,,
2026-09-12T14:26:07-05:00,PUR_IED_AntonioVan_Aula5_f1557e,PUR_IED_AntonioVan_Aula5_f1557e,,,,,
2026-09-12T14:26:07-05:00,PUR_IED_AntonioVan_Ext_406f2f,PUR_IED_AntonioVan_Ext_406f2f,,,,,
2026-09-12T14:26:07-05:00,PUR_IED_Atabanzha_Ext_cc5af9,PUR_IED_Atabanzha_Ext_cc5af9,,,,,
2026-09-12T14:26:07-05:00,PUR_IED_Atabanzha_SA101_56c37,PUR_IED_Atabanzha_SA101_56c37,,,,,
2026-09-12T14:26:07-05:00,PUR_IED_Atabanzha_SB302_27b374,PUR_IED_Atabanzha_SB302_27b374,,,,,
2026-09-12T14:26:07-05:00,PUR_IED_Atahualpa_Ext_fc1748,PUR_IED_Atahualpa_Ext_fc1748,,,,,
2026-09-12T14:26:07-05:00,PUR_IED_Atahualpa_Informa_dc9a95,PUR_IED_Atahualpa_Informa_dc9a95,,,,,
2026-09-12T14:26:07-05:00,PUR_IED_Atahualpa_S1101_f98056,PUR_IED_Atahualpa_S1101_f98056,,,,,
2026-09-12T14:26:07-05:00,PUR_IED_Bellavista_Ext_f5aa74,PUR_IED_Bellavista_Ext_f5aa74,,,,,
2026-09-12T14:26:07-05:00,PUR_IED_Bilbao_11A_916c41,PUR_IED_Bilbao_11A_916c41,,,,,
2026-09-12T14:26:07-05:00,PUR_IED_Bilbao_Ext_fb579a,PUR_IED_Bilbao_Ext_fb579a,,,,,
2026-09-12T14:26:07-05:00,PUR_IED_BrasiliaU_A125_304280,PUR_IED_BrasiliaU_A125_304280,,,,,
2026-09-12T14:26:07-05:00,PUR_IED_BrasiliaU_A203_7c8ca5,PUR_IED_BrasiliaU_A203_7c8ca5,,,,,
2026-09-12T14:26:07-05:00,PUR_IED_BrasiliaU_Ext_8d6e9f,PUR_IED_BrasiliaU_Ext_8d6e9f,3,21,51,4.5175,-74.116302
2026-09-12T14:26:07-05:00,PUR_IED_Brasilia_Ext_fe6593,PUR_IED_Brasilia_Ext_fe6593,,,,,
2026-09-12T14:26:07-05:00,PUR_IED_Brasilia_S24_7c130d,PUR_IED_Brasilia_S24_7c130d,,,,,
2026-09-12T14:26:07-05:00,PUR_IED_Brasilia_S501_186a54,PUR_IED_Brasilia_S501_186a54,,,,,
2026-09-12T14:26:07-05:00,PUR_IED_CHARRY_EXT_f1d5cd,PUR_IED_CHARRY_EXT_f1d5cd,,,,,
2026-09-12T14:26:07-05:00,PUR_IED_CHARRY_INTDANZAS_7a08e6,PUR_IED_CHARRY_INTDANZAS_7a08e6,,,,,
2026-09-12T14:26:07-05:00,PUR_IED_CHARRY_INT_AULA20_dc998d,PUR_IED_CHARRY_INT_AULA20_dc998d,,,,,
2026-09-12T14:26:07-05:00,PUR_IED_COLVIV_1101_S25_7f520a,PUR_IED_COLVIV_1101_S25_7f520a,,,,,
2026-09-12T14:26:07-05:00,PUR_IED_COLVIV_1102_S16_f570ba,PUR_IED_COLVIV_1102_S16_f570ba,,,,,
2026-09-12T14:26:07-05:00,PUR_IED_COLVIV_Ext_1a26fa,PUR_IED_COLVIV_Ext_1a26fa,,,,,
2026-09-12T14:26:07-05:00,PUR_IED_CULPOP_301A_f660f3,PUR_IED_CULPOP_301A_f660f3,,,,,
2026-09-12T14:26:07-05:00,PUR_IED_CULPOP_303_568afe,PUR_IED_CULPOP_303_568afe,,,,,
2026-09-12T14:26:07-05:00,PUR_IED_CULPOP_Ext_e02ccb,PUR_IED_CULPOP_Ext_e02ccb,,,,,
2026-09-12T14:26:07-05:00,PUR_IED_CVillavicen_Ext_26eb58,PUR_IED_CVillavicen_Ext_26eb58,2,17,69,4.487,-74.102798
2026-09-12T14:26:07-05:00,PUR_IED_CVillavicen_Intel_1ce5c2,PUR_IED_CVillavicen_Intel_1ce5c2,,,,,
2026-09-12T14:26:07-05:00,PUR_IED_CVillavicen_Poliv_e0766c,PUR_IED_CVillavicen_Poliv_e0766c,,,,,
2026-09-12T14:26:07-05:00,PUR_IED_CVillavicen_int_1ba140,PUR_IED_CVillavicen_int_1ba140,,,,,
2026-09-12T14:26:07-05:00,PUR_IED_CVillavicen_intel_1ba140,PUR_IED_CVillavicen_intel_1ba140,,,,,
2026-09-12T14:26:07-05:00,PUR_IED_CarlosPizarro_Ext_e307cc,PUR_IED_CarlosPizarro_Ext_e307cc,,,,,
2026-09-12T14:26:07-05:00,PUR_IED_CarlosPizarro_L36_7e5cdb,PUR_IED_CarlosPizarro_L36_7e5cdb,,,,,
2026-09-12T14:26:07-05:00,PUR_IED_CarlosPizarro_L37_c8566c,PUR_IED_CarlosPizarro_L37_c8566c,,,,,
2026-09-12T14:26:07-05:00,PUR_IED_Castilla_Ext_cf35f,PUR_IED_Castilla_Ext_cf35f,,,,,
2026-09-12T14:26:07-05:00,PUR_IED_Castilla_SFisik_360e38,PUR_IED_Castilla_SFisik_360e38,,,,,
2026-09-12T14:26:07-05:00,PUR_IED_Castilla_Sc304_496fbf,PUR_IED_Castilla_Sc304_496fbf,,,,,
2026-09-12T14:26:07-05:00,PUR_IED_CervantesSa_Ext_6b57b,PUR_IED_CervantesSa_Ext_6b57b,2,21,58,4.5128,-74.117203
2026-09-12T14:26:07-05:00,PUR_IED_CervantesSa_S107_225c2b,PUR_IED_CervantesSa_S107_225c2b,,,,,
2026-09-12T14:26:07-05:00,PUR_IED_CervantesSa_S108_940925,PUR_IED_CervantesSa_S108_940925,,,,,
2026-09-12T14:26:07-05:00,PUR_IED_Charry_A20_f53e7c,PUR_IED_Charry_A20_f53e7c,,,,,
2026-09-12T14:26:07-05:00,PUR_IED_Charry_Ext_f1d5cd,PUR_IED_Charry_Ext_f1d5cd,,,,,
2026-09-12T14:26:07-05:00,PUR_IED_Charry_IntAula20_dc998d,PUR_IED_Charry_IntAula20_dc998d,,,,,
2026-09-12T14:26:07-05:00,PUR_IED_Charry_IntDanzas_7a08e6,PUR_IED_Charry_IntDanzas_7a08e6,,,,,
2026-09-12T14:26:07-05:00,PUR_IED_ClememciaC_203_43e2fc,PUR_IED_ClememciaC_203_43e2fc,,,,,
2026-09-12T14:26:07-05:00,PUR_IED_ClememciaC_Ext_1b411a,PUR_IED_ClememciaC_Ext_1b411a,,,,,
2026-09-12T14:26:07-05:00,PUR_IED_ClememciaC_Quimic_44b5fc,PUR_IED_ClememciaC_Quimic_44b5fc,,,,,
2026-09-12T14:26:07-05:00,PUR_IED_ClemenciaC_203_43e2fc,PUR_IED_ClemenciaC_203_43e2fc,,,,,
2026-09-12T14:26:07-05:00,PUR_IED_ClemenciaC_Ext_1b411a,PUR_IED_ClemenciaC_Ext_1b411a,,,,,
2026-09-12T14:26:07-05:00,PUR_IED_ClemenciaC_Quimic_44b5fc,PUR_IED_ClemenciaC_Quimic_44b5fc,,,,,
2026-09-12T14:26:07-05:00,PUR_IED_ColViva_1101_S25_7f520a,PUR_IED_ColViva_1101_S25_7f520a,,,,,
2026-09-12T14:26:07-05:00,PUR_IED_ColViva_1102_S16_f570ba,PUR_IED_ColViva_1102_S16_f570ba,,,,,
2026-09-12T14:26:07-05:00,PUR_IED_ColViva_Ext_1a26fa,PUR_IED_ColViva_Ext_1a26fa,,,,,
2026-09-12T14:26:07-05:00,PUR_IED_ColegioBici_Asist_7c8798,PUR_IED_ColegioBici_Asist_7c8798,,,,,
2026-09-12T14:26:07-05:00,PUR_IED_ColegioBici_Ext_25cbf6,PUR_IED_ColegioBici_Ext_25cbf6,,,,,
2026-09-12T14:26:07-05:00,PUR_IED_ColegioBici_LabQ_7b57db,PUR_IED_ColegioBici_LabQ_7b57db,,,,,
2026-09-12T14:26:07-05:00,PUR_IED_CostaRica_Ext_5e640,PUR_IED_CostaRica_Ext_5e640,,,,,
2026-09-12T14:26:07-05:00,PUR_IED_CostaRica_Quim1_766d1c,PUR_IED_CostaRica_Quim1_766d1c,,,,,
2026-09-12T14:26:07-05:00,PUR_IED_CostaRica__Fisica_6f0873,PUR_IED_CostaRica__Fisica_6f0873,,,,,
2026-09-12T14:26:07-05:00,PUR_IED_CulPopu_301A_f660f3,PUR_IED_CulPopu_301A_f660f3,,,,,
2026-09-12T14:26:07-05:00,PUR_IED_CulPopu_303_568afe,PUR_IED_CulPopu_303_568afe,,,,,
2026-09-12T14:26:07-05:00,PUR_IED_CulPopu_Ext_e02ccb,PUR_IED_CulPopu_Ext_e02ccb,,,,,
2026-09-12T14:26:07-05:00,PUR_IED_Cundinamarca_Ext_f15985,PUR_IED_Cundinamarca_Ext_f15985,,,,,
2026-09-12T14:26:07-05:00,PUR_IED_Cundinamarca_Info_7aa5d7,PUR_IED_Cundinamarca_Info_7aa5d7,,,,,
2026-09-12T14:26:07-05:00,PUR_IED_Cundinamarca_Tec2_f449c7,PUR_IED_Cundinamarca_Tec2_f449c7,,,,,
2026-09-12T14:26:07-05:00,PUR_IED_DiegoM_Aula1_27b314,PUR_IED_DiegoM_Aula1_27b314,,,,,
2026-09-12T14:26:07-05:00,PUR_IED_DiegoM_Ext_d80ac8,PUR_IED_DiegoM_Ext_d80ac8,,,,,
2026-09-12T14:26:07-05:00,PUR_IED_DiegoM_S25_da928f,PUR_IED_DiegoM_S25_da928f,,,,,
2026-09-12T14:26:07-05:00,PUR_IED_ELRODEO_360881,PUR_IED_ELRODEO_360881,,,,,
2026-09-12T14:26:07-05:00,PUR_IED_ELRODEO_ext_360881,PUR_IED_ELRODEO_ext_360881,,,,,
2026-09-12T14:26:07-05:00,PUR_IED_EduardoU_Ext_1c1969,PUR_IED_EduardoU_Ext_1c1969,,,,,
2026-09-12T14:26:07-05:00,PUR_IED_EduardoU_SCiencia_4dfb94,PUR_IED_EduardoU_SCiencia_4dfb94,,,,,
2026-09-12T14:26:07-05:00,PUR_IED_EduardoU_SQuimica_5a46e7,PUR_IED_EduardoU_SQuimica_5a46e7,,,,,
2026-09-12T14:26:07-05:00,PUR_IED_ElRodeo_Aula14_676984,PUR_IED_ElRodeo_Aula14_676984,,,,,
2026-09-12T14:26:07-05:00,PUR_IED_ElRodeo_Aula16_2dd35b,PUR_IED_ElRodeo_Aula16_2dd35b,,,,,
2026-09-12T14:26:07-05:00,PUR_IED_ElRodeo_Ext_360881,PUR_IED_ElRodeo_Ext_360881,,,,,
2026-09-12T14:26:07-05:00,PUR_IED_ElRodeo_Exterior_8c6d28,PUR_IED_ElRodeo_Exterior_8c6d28,,,,,
2026-09-12T14:26:07-05:00,PUR_IED_ElRodeo_ext_360881,PUR_IED_ElRodeo_ext_360881,,,,,
2026-09-12T14:26:07-05:00,PUR_IED_EmmaReyes_Ext_987625,PUR_IED_EmmaReyes_Ext_987625,2,22,47,4.6367,-74.1511
2026-09-12T14:26:07-05:00,PUR_IED_Ensueño_Ext_7f0250,PUR_IED_Ensueño_Ext_7f0250,,,,,
2026-09-12T14:26:07-05:00,PUR_IED_EscNormal_Ext_5fef3b,PUR_IED_EscNormal_Ext_5fef3b,2,23,49,4.5852,-74.096901
2026-09-12T14:26:07-05:00,PUR_IED_EscNormal_S309_5b263,PUR_IED_EscNormal_S309_5b263,,,,,
2026-09-12T14:26:07-05:00,PUR_IED_EscNormal_S310_27b3b8,PUR_IED_EscNormal_S310_27b3b8,,,,,
2026-09-12T14:26:07-05:00,PUR_IED_Evangelista_Conta_f6cd4f,PUR_IED_Evangelista_Conta_f6cd4f,,,,,
2026-09-12T14:26:07-05:00,PUR_IED_Evangelista_Cri_5e16a,PUR_IED_Evangelista_Cri_5e16a,,,,,
2026-09-12T14:26:07-05:00,PUR_IED_Evangelista_Exter_754066,PUR_IED_Evangelista_Exter_754066,,,,,
2026-09-12T14:26:07-05:00,PUR_IED_FMiranda_S209_5cc2a3,PUR_IED_FMiranda_S209_5cc2a3,,,,,
2026-09-12T14:26:07-05:00,PUR_IED_FMiranda_S303_19e344,PUR_IED_FMiranda_S303_19e344,,,,,
2026-09-12T14:26:07-05:00,PUR_IED_FMiranda_ext_f53e7c,PUR_IED_FMiranda_ext_f53e7c,,,,,
2026-09-12T14:26:07-05:00,PUR_IED_FabioLozano_Bibli_1cee05,PUR_IED_FabioLozano_Bibli_1cee05,,,,,
2026-09-12T14:26:07-05:00,PUR_IED_FabioLozano_Ext_6ea285,PUR_IED_FabioLozano_Ext_6ea285,,,,,
2026-09-12T14:26:07-05:00,PUR_IED_FabioLozano_SLudi_f09e1e,PUR_IED_FabioLozano_SLudi_f09e1e,,,,,
2026-09-12T14:26:07-05:00,PUR_IED_FaustinoS_Aula07_27a731,PUR_IED_FaustinoS_Aula07_27a731,,,,,
2026-09-12T14:26:07-05:00,PUR_IED_FaustinoS_Ext_7b936f,PUR_IED_FaustinoS_Ext_7b936f,,,,,
2026-09-12T14:26:07-05:00,PUR_IED_FaustinoS_Fisica_da2c60,PUR_IED_FaustinoS_Fisica_da2c60,,,,,
2026-09-12T14:26:07-05:00,PUR_IED_FeGarciaLo_Ext_dc68ee,PUR_IED_FeGarciaLo_Ext_dc68ee,,,,,
2026-09-12T14:26:07-05:00,PUR_IED_FeGarciaLo_SDanza_f70a59,PUR_IED_FeGarciaLo_SDanza_f70a59,,,,,
2026-09-12T14:26:07-05:00,PUR_IED_FeGarciaLo_SMusic_125cdd,PUR_IED_FeGarciaLo_SMusic_125cdd,,,,,
2026-09-12T14:26:07-05:00,PUR_IED_FederalAlema_Exte_50c345,PUR_IED_FederalAlema_Exte_50c345,,,,,
2026-09-12T14:26:07-05:00,PUR_IED_FederalAlema_S31_f18371,PUR_IED_FederalAlema_S31_f18371,,,,,
2026-09-12T14:26:07-05:00,PUR_IED_FederalAlema_S901_a62cd,PUR_IED_FederalAlema_S901_a62cd,,,,,
2026-09-12T14:26:07-05:00,PUR_IED_FilarmonicaS_A5_f35eb1,PUR_IED_FilarmonicaS_A5_f35eb1,,,,,
2026-09-12T14:26:07-05:00,PUR_IED_FilarmonicaS_Ext_8a3bde,PUR_IED_FilarmonicaS_Ext_8a3bde,,,,,
2026-09-12T14:26:07-05:00,PUR_IED_FilarmonicaS_Spol_406114,PUR_IED_FilarmonicaS_Spol_406114,,,,,
2026-09-12T14:26:07-05:00,PUR_IED_FlorentinoG_A13_d1fa59,PUR_IED_FlorentinoG_A13_d1fa59,,,,,
2026-09-12T14:26:07-05:00,PUR_IED_FlorentinoG_Ext_1ce6ce,PUR_IED_FlorentinoG_Ext_1ce6ce,,,,,
2026-09-12T14:26:07-05:00,PUR_IED_FlorentinoG_Idiom_a66aac,PUR_IED_FlorentinoG_Idiom_a66aac,,,,,
2026-09-12T14:26:07-05:00,PUR_IED_FranciscoMati_Ext_e3869d,PUR_IED_FranciscoMati_Ext_e3869d,,,,,
2026-09-12T14:26:07-05:00,PUR_IED_FranciscoMati_S13_f31c67,PUR_IED_FranciscoMati_S13_f31c67,,,,,
2026-09-12T14:26:07-05:00,PUR_IED_FranciscoMati_S14_97dead,PUR_IED_FranciscoMati_S14_97dead,,,,,
2026-09-12T14:26:07-05:00,PUR_IED_FranciscoPS_Ext_7bfa9a,PUR_IED_FranciscoPS_Ext_7bfa9a,2,24,49,4.5899,-74.110397
2026-09-12T14:26:07-05:00,PUR_IED_FranciscoPS_Infor_fb8f4c,PUR_IED_FranciscoPS_Infor_fb8f4c,,,,,
2026-09-12T14:26:07-05:00,PUR_IED_FranciscoPS_Quimi_94d39c,PUR_IED_FranciscoPS_Quimi_94d39c,,,,,
2026-09-12T14:26:07-05:00,PUR_IED_FranciscoP_LabQ_d7e148,PUR_IED_FranciscoP_LabQ_d7e148,,,,,
2026-09-12T14:26:07-05:00,PUR_IED_FranciscoP_S28_cf9b30,PUR_IED_FranciscoP_S28_cf9b30,,,,,
2026-09-12T14:26:07-05:00,PUR_IED_FranciscoP_ext_e2313,PUR_IED_FranciscoP_ext_e2313,,,,,
2026-09-12T14:26:07-05:00,PUR_IED_FriederichN_Ext_8ac92a,PUR_IED_FriederichN_Ext_8ac92a,,,,,
2026-09-12T14:26:07-05:00,PUR_IED_FriederichN_S301_dd7e5a,PUR_IED_FriederichN_S301_dd7e5a,,,,,
2026-09-12T14:26:07-05:00,PUR_IED_FriederichN_S308_761f4f,PUR_IED_FriederichN_S308_761f4f,,,,,
2026-09-12T14:26:07-05:00,PUR_IED_GSantander_Aula10_533dd7,PUR_IED_GSantander_Aula10_533dd7,,,,,
2026-09-12T14:26:07-05:00,PUR_IED_GSantander_Aula12_fd4e4f,PUR_IED_GSantander_Aula12_fd4e4f,,,,,
2026-09-12T14:26:07-05:00,PUR_IED_GSantander_Aula310_533dd7,PUR_IED_GSantander_Aula310_533dd7,,,,,
2026-09-12T14:26:07-05:00,PUR_IED_GSantander_Aula312_fd4e4f,PUR_IED_GSantander_Aula312_fd4e4f,,,,,
2026-09-12T14:26:07-05:00,PUR_IED_GSantander_Ext_5f66b0,PUR_IED_GSantander_Ext_5f66b0,,,,,
2026-09-12T14:26:07-05:00,PUR_IED_GYomasa_Ext_f6bea5,PUR_IED_GYomasa_Ext_f6bea5,,,,,
2026-09-12T14:26:07-05:00,PUR_IED_GYomasa_LBiol_2c41aa,PUR_IED_GYomasa_LBiol_2c41aa,,,,,
2026-09-12T14:26:07-05:00,PUR_IED_GYomasa_LQuim_33c80,PUR_IED_GYomasa_LQuim_33c80,,,,,
2026-09-12T14:26:07-05:00,PUR_IED_GabBetMejia_Cienc_5a99c,PUR_IED_GabBetMejia_Cienc_5a99c,,,,,
2026-09-12T14:26:07-05:00,PUR_IED_GabBetMejia_Ext_9153d0,PUR_IED_GabBetMejia_Ext_9153d0,,,,,
2026-09-12T14:26:07-05:00,PUR_IED_GabBetMejia_Lab_f55347,PUR_IED_GabBetMejia_Lab_f55347,,,,,
2026-09-12T14:26:07-05:00,PUR_IED_GabBetanMejia_Ext_9153d0,PUR_IED_GabBetanMejia_Ext_9153d0,,,,,
2026-09-12T14:26:07-05:00,PUR_IED_Gaitana_Aula13_7aac11,PUR_IED_Gaitana_Aula13_7aac11,,,,,
2026-09-12T14:26:07-05:00,PUR_IED_Gaitana_Ext_5fcf4,PUR_IED_Gaitana_Ext_5fcf4,,,,,
2026-09-12T14:26:07-05:00,PUR_IED_Gaitana_LabFisica_644448,PUR_IED_Gaitana_LabFisica_644448,,,,,
2026-09-12T14:26:07-05:00,PUR_IED_GenSantander_Dise_8ac858,PUR_IED_GenSantander_Dise_8ac858,,,,,
2026-09-12T14:26:07-05:00,PUR_IED_GenSantander_Ext_8d5dfe,PUR_IED_GenSantander_Ext_8d5dfe,,,,,
2026-09-12T14:26:07-05:00,PUR_IED_GenSantander_Info_6c25b,PUR_IED_GenSantander_Info_6c25b,,,,,
2026-09-12T14:26:07-05:00,PUR_IED_GustavoMo_Exterio_75e63d,PUR_IED_GustavoMo_Exterio_75e63d,,,,,
2026-09-12T14:26:07-05:00,PUR_IED_GustavoMo_LabFisi_224d37,PUR_IED_GustavoMo_LabFisi_224d37,,,,,
2026-09-12T14:26:07-05:00,PUR_IED_GustavoMo_S208_3e6918,PUR_IED_GustavoMo_S208_3e6918,,,,,
2026-09-12T14:26:07-05:00,PUR_IED_GustavoR_A02_8cd4a8,PUR_IED_GustavoR_A02_8cd4a8,,,,,
2026-09-12T14:26:07-05:00,PUR_IED_GustavoR_B11_5b0ed,PUR_IED_GustavoR_B11_5b0ed,,,,,
2026-09-12T14:26:07-05:00,PUR_IED_GustavoR_Ext_7a0c90,PUR_IED_GustavoR_Ext_7a0c90,,,,,
2026-09-12T14:26:07-05:00,PUR_IED_HernandoDuran_Ext_8cd82b,PUR_IED_HernandoDuran_Ext_8cd82b,,,,,
2026-09-12T14:26:07-05:00,PUR_IED_HernandoDuran_S24_2772c6,PUR_IED_HernandoDuran_S24_2772c6,,,,,
2026-09-12T14:26:07-05:00,PUR_IED_HernandoDuran_S30_f2de41,PUR_IED_HernandoDuran_S30_f2de41,,,,,
2026-09-12T14:26:07-05:00,PUR_IED_HolguInUr_S1101_8cd732,PUR_IED_HolguInUr_S1101_8cd732,,,,,
2026-09-12T14:26:07-05:00,PUR_IED_HolguinUr_Exter_ddae6d,PUR_IED_HolguinUr_Exter_ddae6d,,,,,
2026-09-12T14:26:07-05:00,PUR_IED_HolguinUr_LabQuim_92b952,PUR_IED_HolguinUr_LabQuim_92b952,,,,,
2026-09-12T14:26:07-05:00,PUR_IED_Isabel-II_Ext_5245cc,PUR_IED_Isabel-II_Ext_5245cc,2,21,50,4.6336,-74.153
2026-09-12T14:26:07-05:00,PUR_IED_Isabel-II_S_idiom_1c29aa,PUR_IED_Isabel-II_S_idiom_1c29aa,,,,,
2026-09-12T14:26:07-05:00,PUR_IED_Isabel-II_S_infor_fd741,PUR_IED_Isabel-II_S_infor_fd741,,,,,
2026-09-12T14:26:07-05:00,PUR_IED_IsidroSur_Exterio_5b90ea,PUR_IED_IsidroSur_Exterio_5b90ea,,,,,
2026-09-12T14:26:07-05:00,PUR_IED_IsidroSur_LabTec_56697a,PUR_IED_IsidroSur_LabTec_56697a,,,,,
2026-09-12T14:26:07-05:00,PUR_IED_IsidroSur_Robotic_b7c38f,PUR_IED_IsidroSur_Robotic_b7c38f,,,,,
2026-09-12T14:26:07-05:00,PUR_IED_IsmaelPerd_Ext_7b6672,PUR_IED_IsmaelPerd_Ext_7b6672,,,,,
2026-09-12T14:26:07-05:00,PUR_IED_IsmaelPerd_Inform_306540,PUR_IED_IsmaelPerd_Inform_306540,,,,,
2026-09-12T14:26:07-05:00,PUR_IED_IsmaelPerd_S30_2e2c83,PUR_IED_IsmaelPerd_S30_2e2c83,,,,,
2026-09-12T14:26:07-05:00,PUR_IED_JLozano_Exter_432910,PUR_IED_JLozano_Exter_432910,,,,,
2026-09-12T14:26:07-05:00,PUR_IED_JLozano_salaMulti_df5125,PUR_IED_JLozano_salaMulti_df5125,,,,,
2026-09-12T14:26:07-05:00,PUR_IED_JMCordoba_206_86f80b,PUR_IED_JMCordoba_206_86f80b,,,,,
2026-09-12T14:26:07-05:00,PUR_IED_JMCordoba_Ext_27ad97,PUR_IED_JMCordoba_Ext_27ad97,,,,,
2026-09-12T14:26:07-05:00,PUR_IED_JMCordoba_S310_d59ab4,PUR_IED_JMCordoba_S310_d59ab4,,,,,
2026-09-12T14:26:07-05:00,PUR_IED_Japon_Ext_549100,PUR_IED_Japon_Ext_549100,,,,,
2026-09-12T14:26:07-05:00,PUR_IED_Japon_Laboratorio_bec51d,PUR_IED_Japon_Laboratorio_bec51d,,,,,
2026-09-12T14:26:07-05:00,PUR_IED_Japon_informatica_d99327,PUR_IED_Japon_informatica_d99327,,,,,
2026-09-12T14:26:07-05:00,PUR_IED_Jazmin_Ext_d27bda,PUR_IED_Jazmin_Ext_d27bda,,,,,
2026-09-12T14:26:07-05:00,PUR_IED_Jazmin_Fisica_8d14d7,PUR_IED_Jazmin_Fisica_8d14d7,,,,,
2026-09-12T14:26:07-05:00,PUR_IED_Jazmin_Quimica_801cb5,PUR_IED_Jazmin_Quimica_801cb5,,,,,
2026-09-12T14:26:07-05:00,PUR_IED_JorgeGaitan_Exter_f098d1,PUR_IED_JorgeGaitan_Exter_f098d1,,,,,
2026-09-12T14:26:07-05:00,PUR_IED_JorgeGaitan_STec1_dc9d1d,PUR_IED_JorgeGaitan_STec1_dc9d1d,,,,,
2026-09-12T14:26:07-05:00,PUR_IED_JorgeGaitan_STec2_281e69,PUR_IED_JorgeGaitan_STec2_281e69,,,,,
2026-09-12T14:26:07-05:00,PUR_IED_JorgeSoto_Exterio_d9d0a2,PUR_IED_JorgeSoto_Exterio_d9d0a2,,,,,
2026-09-12T14:26:07-05:00,PUR_IED_JorgeSoto_LabFisi_209c54,PUR_IED_JorgeSoto_LabFisi_209c54,,,,,
2026-09-12T14:26:07-05:00,PUR_IED_JorgeSoto_S103_27b51a,PUR_IED_JorgeSoto_S103_27b51a,,,,,
2026-09-12T14:26:07-05:00,PUR_IED_JoseAcevedo_A02_e965eb,PUR_IED_JoseAcevedo_A02_e965eb,,,,,
2026-09-12T14:26:07-05:00,PUR_IED_JoseAcevedo_A07_dd5b4,PUR_IED_JoseAcevedo_A07_dd5b4,,,,,
2026-09-12T14:26:07-05:00,PUR_IED_JoseAcevedo_Ext_b47484,PUR_IED_JoseAcevedo_Ext_b47484,,,,,
2026-09-12T14:26:07-05:00,PUR_IED_JoseMarti_Exte_5b9bf,PUR_IED_JoseMarti_Exte_5b9bf,,,,,
2026-09-12T14:26:07-05:00,PUR_IED_JoseMarti_LabQuim_1c6c2d,PUR_IED_JoseMarti_LabQuim_1c6c2d,,,,,
2026-09-12T14:26:07-05:00,PUR_IED_JoseMarti_S_info_f5f177,PUR_IED_JoseMarti_S_info_f5f177,,,,,
2026-09-12T14:26:07-05:00,PUR_IED_Josejoaquin_Ext_dfc5dc,PUR_IED_Josejoaquin_Ext_dfc5dc,,,,,
2026-09-12T14:26:07-05:00,PUR_IED_Josejoaquin_S05_5b2a96,PUR_IED_Josejoaquin_S05_5b2a96,,,,,
2026-09-12T14:26:07-05:00,PUR_IED_Josejoaquin_S06_1ce7d2,PUR_IED_Josejoaquin_S06_1ce7d2,,,,,
2026-09-12T14:26:07-05:00,PUR_IED_JulioFlorez_Danza_9b82dd,PUR_IED_JulioFlorez_Danza_9b82dd,,,,,
2026-09-12T14:26:07-05:00,PUR_IED_JulioFlorez_Exter_f9f314,PUR_IED_JulioFlorez_Exter_f9f314,,,,,
2026-09-12T14:26:07-05:00,PUR_IED_JulioFlorez_info2_6b6e08,PUR_IED_JulioFlorez_info2_6b6e08,,,,,
2026-09-12T14:26:07-05:00,PUR_IED_LaBelleza_Aula13_1d00d8,PUR_IED_LaBelleza_Aula13_1d00d8,,,,,
2026-09-12T14:26:07-05:00,PUR_IED_LaBelleza_Ext_7bc08c,PUR_IED_LaBelleza_Ext_7bc08c,,,,,
2026-09-12T14:26:07-05:00,PUR_IED_LaChucua_Ext_8cd6d2,PUR_IED_LaChucua_Ext_8cd6d2,,,,,
2026-09-12T14:26:07-05:00,PUR_IED_LaChucua_S15_f578ce,PUR_IED_LaChucua_S15_f578ce,,,,,
2026-09-12T14:26:07-05:00,PUR_IED_LaChucua_S16_eebcf9,PUR_IED_LaChucua_S16_eebcf9,,,,,
2026-09-12T14:26:07-05:00,PUR_IED_LaFelicidad_Ext_fb5109,PUR_IED_LaFelicidad_Ext_fb5109,,,,,
2026-09-12T14:26:07-05:00,PUR_IED_LaMerced_206_66ebd,PUR_IED_LaMerced_206_66ebd,,,,,
2026-09-12T14:26:07-05:00,PUR_IED_LaMerced_207_6ebd6,PUR_IED_LaMerced_207_6ebd6,,,,,
2026-09-12T14:26:07-05:00,PUR_IED_LaMerced_ext_304311,PUR_IED_LaMerced_ext_304311,,,,,
2026-09-12T14:26:07-05:00,PUR_IED_Laureano_CiencNat_281e5e,PUR_IED_Laureano_CiencNat_281e5e,,,,,
2026-09-12T14:26:07-05:00,PUR_IED_Laureano_Comedor_f65c0a,PUR_IED_Laureano_Comedor_f65c0a,,,,,
2026-09-12T14:26:07-05:00,PUR_IED_Laureano_Exterior_7ab011,PUR_IED_Laureano_Exterior_7ab011,,,,,
2026-09-12T14:26:07-05:00,PUR_IED_LeonGreiff_Exte_dfe560,PUR_IED_LeonGreiff_Exte_dfe560,,,,,
2026-09-12T14:26:07-05:00,PUR_IED_LeonGreiff_S210_f264ed,PUR_IED_LeonGreiff_S210_f264ed,,,,,
2026-09-12T14:26:07-05:00,PUR_IED_LeonGreiff_SQuimi_e8296f,PUR_IED_LeonGreiff_SQuimi_e8296f,,,,,
2026-09-12T14:26:07-05:00,PUR_IED_LlanoOrientalS208_7b9fcd,PUR_IED_LlanoOrientalS208_7b9fcd,,,,,
2026-09-12T14:26:07-05:00,PUR_IED_LlanoOriental_Ext_fb3766,PUR_IED_LlanoOriental_Ext_fb3766,,,,,
2026-09-12T14:26:07-05:00,PUR_IED_LlanoOriental_S208_7b9fcd,PUR_IED_LlanoOriental_S208_7b9fcd,,,,,
2026-09-12T14:26:07-05:00,PUR_IED_LlanoOriental_S9_27b378,PUR_IED_LlanoOriental_S9_27b378,,,,,
2026-09-12T14:26:07-05:00,PUR_IED_LosTejares_1101_477602,PUR_IED_LosTejares_1101_477602,,,,,
2026-09-12T14:26:07-05:00,PUR_IED_LosTejares_11_d2c595,PUR_IED_LosTejares_11_d2c595,,,,,
2026-09-12T14:26:07-05:00,PUR_IED_LosTejares_12_477602,PUR_IED_LosTejares_12_477602,,,,,
2026-09-12T14:26:07-05:00,PUR_IED_LosTejares_Ext_8e2115,PUR_IED_LosTejares_Ext_8e2115,,,,,
2026-09-12T14:26:07-05:00,PUR_IED_MagdalenaO_B202_5ddda3,PUR_IED_MagdalenaO_B202_5ddda3,,,,,
2026-09-12T14:26:07-05:00,PUR_IED_MagdalenaO_B205_fb76e8,PUR_IED_MagdalenaO_B205_fb76e8,,,,,
2026-09-12T14:26:07-05:00,PUR_IED_MagdalenaO_ext_dc69cd,PUR_IED_MagdalenaO_ext_dc69cd,,,,,
2026-09-12T14:26:07-05:00,PUR_IED_ManueCepeda_artes_eee956,PUR_IED_ManueCepeda_artes_eee956,,,,,
2026-09-12T14:26:07-05:00,PUR_IED_ManuelCepeda_Ext_58313,PUR_IED_ManuelCepeda_Ext_58313,,,,,
2026-09-12T14:26:07-05:00,PUR_IED_ManuelCepeda_tec_1c5731,PUR_IED_ManuelCepeda_tec_1c5731,,,,,
2026-09-12T14:26:07-05:00,PUR_IED_ManuelS_Exterior_5b269,PUR_IED_ManuelS_Exterior_5b269,,,,,
2026-09-12T14:26:07-05:00,PUR_IED_ManuelS_Inform_f369ce,PUR_IED_ManuelS_Inform_f369ce,,,,,
2026-09-12T14:26:07-05:00,PUR_IED_ManuelS_SArtes_7d15f1,PUR_IED_ManuelS_SArtes_7d15f1,,,,,
2026-09-12T14:26:07-05:00,PUR_IED_ManuelZapata_303_3ca6,PUR_IED_ManuelZapata_303_3ca6,,,,,
2026-09-12T14:26:07-05:00,PUR_IED_ManuelZapata_311_bfbabc,PUR_IED_ManuelZapata_311_bfbabc,,,,,
2026-09-12T14:26:07-05:00,PUR_IED_ManuelZapata_Ext_50824a,PUR_IED_ManuelZapata_Ext_50824a,,,,,
2026-09-12T14:26:07-05:00,PUR_IED_ManuelitaS_Exteri_656a92,PUR_IED_ManuelitaS_Exteri_656a92,,,,,
2026-09-12T14:26:07-05:00,PUR_IED_ManuelitaS_JuzgDe_f58ec3,PUR_IED_ManuelitaS_JuzgDe_f58ec3,,,,,
2026-09-12T14:26:07-05:00,PUR_IED_ManuelitaS_Recrea_d793db,PUR_IED_ManuelitaS_Recrea_d793db,,,,,
2026-09-12T14:26:07-05:00,PUR_IED_MarFidSuarez_Ext_c27b19,PUR_IED_MarFidSuarez_Ext_c27b19,,,,,
2026-09-12T14:26:07-05:00,PUR_IED_MarFidSuarez_Info_e384d7,PUR_IED_MarFidSuarez_Info_e384d7,,,,,
2026-09-12T14:26:07-05:00,PUR_IED_MarFidSuarez_S306_1d0032,PUR_IED_MarFidSuarez_S306_1d0032,,,,,
2026-09-12T14:26:07-05:00,PUR_IED_Menorah_301_2a25a3,PUR_IED_Menorah_301_2a25a3,,,,,
2026-09-12T14:26:07-05:00,PUR_IED_Menorah_306_37ed3,PUR_IED_Menorah_306_37ed3,,,,,
2026-09-12T14:26:07-05:00,PUR_IED_Menorah_Ext_3e155b,PUR_IED_Menorah_Ext_3e155b,,,,,
2026-09-12T14:26:07-05:00,PUR_IED_MinutoB.Aires_A11_1b1604,PUR_IED_MinutoB.Aires_A11_1b1604,,,,,
2026-09-12T14:26:07-05:00,PUR_IED_MinutoB.Aires_A12_fb5860,PUR_IED_MinutoB.Aires_A12_fb5860,,,,,
2026-09-12T14:26:07-05:00,PUR_IED_MinutoB.Aires_Ext_81293f,PUR_IED_MinutoB.Aires_Ext_81293f,,,,,
2026-09-12T14:26:07-05:00,PUR_IED_MinutoBAires_A11_1b1604,PUR_IED_MinutoBAires_A11_1b1604,,,,,
2026-09-12T14:26:07-05:00,PUR_IED_MinutoBAires_A12_fb5860,PUR_IED_MinutoBAires_A12_fb5860,,,,,
2026-09-12T14:26:07-05:00,PUR_IED_MinutoBAires_Ext_81293f,PUR_IED_MinutoBAires_Ext_81293f,,,,,
2026-09-12T14:26:07-05:00,PUR_IED_Montreal_Aula10_1e4959,PUR_IED_Montreal_Aula10_1e4959,,,,,
2026-09-12T14:26:07-05:00,PUR_IED_Montreal_Aula6_300367,PUR_IED_Montreal_Aula6_300367,,,,,
2026-09-12T14:26:07-05:00,PUR_IED_Montreal_Exterior_91a179,PUR_IED_Montreal_Exterior_91a179,,,,,
2026-09-12T14:26:07-05:00,PUR_IED_Mqgdalena_B202_5ddda3,PUR_IED_Mqgdalena_B202_5ddda3,,,,,
2026-09-12T14:26:07-05:00,PUR_IED_NACUND_Soc_dc8728,PUR_IED_NACUND_Soc_dc8728,,,,,
2026-09-12T14:26:07-05:00,PUR_IED_NACUND_ext_27ad97,PUR_IED_NACUND_ext_27ad97,,,,,
2026-09-12T14:26:07-05:00,PUR_IED_NEsperanza_Ext_d24b61,PUR_IED_NEsperanza_Ext_d24b61,,,,,
2026-09-12T14:26:07-05:00,PUR_IED_NEsperanza_SElect_7d1807,PUR_IED_NEsperanza_SElect_7d1807,,,,,
2026-09-12T14:26:07-05:00,PUR_IED_NEsperanza_SLabor_8b2d0a,PUR_IED_NEsperanza_SLabor_8b2d0a,,,,,
2026-09-12T14:26:07-05:00,PUR_IED_NacionesU_Ext_f661a9,PUR_IED_NacionesU_Ext_f661a9,,,,,
2026-09-12T14:26:07-05:00,PUR_IED_NacionesU_Quimica_66f0a,PUR_IED_NacionesU_Quimica_66f0a,,,,,
2026-09-12T14:26:07-05:00,PUR_IED_NacionesU_S306_1b4b3d,PUR_IED_NacionesU_S306_1b4b3d,,,,,
2026-09-12T14:26:07-05:00,PUR_IED_NestorFA_Ext_e4201c,PUR_IED_NestorFA_Ext_e4201c,,,,,
2026-09-12T14:26:07-05:00,PUR_IED_NestorFA_Laborato_f22fe0,PUR_IED_NestorFA_Laborato_f22fe0,,,,,
2026-09-12T14:26:07-05:00,PUR_IED_NestorFA_S204_dee996,PUR_IED_NestorFA_S204_dee996,,,,,
2026-09-12T14:26:07-05:00,PUR_IED_NidyaQT_Aula03_76999b,PUR_IED_NidyaQT_Aula03_76999b,,,,,
2026-09-12T14:26:07-05:00,PUR_IED_NidyaQT_Aula10_56325,PUR_IED_NidyaQT_Aula10_56325,,,,,
2026-09-12T14:26:07-05:00,PUR_IED_NidyaQT_Ext_46e32d,PUR_IED_NidyaQT_Ext_46e32d,,,,,
2026-09-12T14:26:07-05:00,PUR_IED_NuevaCol_Exterior_d9b859,PUR_IED_NuevaCol_Exterior_d9b859,,,,,
2026-09-12T14:26:07-05:00,PUR_IED_NuevaCol_S1101_76c43b,PUR_IED_NuevaCol_S1101_76c43b,,,,,
2026-09-12T14:26:07-05:00,PUR_IED_NuevaCol_S1102_1ce0b5,PUR_IED_NuevaCol_S1102_1ce0b5,,,,,
2026-09-12T14:26:07-05:00,PUR_IED_OEA_A202_f7e3f2,PUR_IED_OEA_A202_f7e3f2,,,,,
2026-09-12T14:26:07-05:00,PUR_IED_OEA_A203_7d1b8d,PUR_IED_OEA_A203_7d1b8d,,,,,
2026-09-12T14:26:07-05:00,PUR_IED_OEA_Ext_27b593,PUR_IED_OEA_Ext_27b593,,,,,
2026-09-12T14:26:07-05:00,PUR_IED_Ochoa_Ext_1c29da,PUR_IED_Ochoa_Ext_1c29da,,,,,
2026-09-12T14:26:07-05:00,PUR_IED_Ochoa_S205_8b1121,PUR_IED_Ochoa_S205_8b1121,,,,,
2026-09-12T14:26:07-05:00,PUR_IED_Ochoa_Sistemas_f33af6,PUR_IED_Ochoa_Sistemas_f33af6,,,,,
2026-09-12T14:26:07-05:00,PUR_IED_PQuebec_Ext_1c67c7,PUR_IED_PQuebec_Ext_1c67c7,,,,,
2026-09-12T14:26:07-05:00,PUR_IED_PQuebec_S15_23e8e2,PUR_IED_PQuebec_S15_23e8e2,,,,,
2026-09-12T14:26:07-05:00,PUR_IED_PQuebec_S16_8ec76b,PUR_IED_PQuebec_S16_8ec76b,,,,,
2026-09-12T14:26:07-05:00,PUR_IED_PabloN_Ext_49dc96,PUR_IED_PabloN_Ext_49dc96,,,,,
2026-09-12T14:26:07-05:00,PUR_IED_PabloN_S1102_4e3df5,PUR_IED_PabloN_S1102_4e3df5,,,,,
2026-09-12T14:26:07-05:00,PUR_IED_PabloN_S1103_50c94b,PUR_IED_PabloN_S1103_50c94b,,,,,
2026-09-12T14:26:07-05:00,PUR_IED_Palestina_S1101_db9198,PUR_IED_Palestina_S1101_db9198,,,,,
2026-09-12T14:26:07-05:00,PUR_IED_Palestina_S1102_dc54fa,PUR_IED_Palestina_S1102_dc54fa,,,,,
2026-09-12T14:26:07-05:00,PUR_IED_Palestina_ext_4ccce6,PUR_IED_Palestina_ext_4ccce6,,,,,
2026-09-12T14:26:07-05:00,PUR_IED_Panama_Fisica_4d0794,PUR_IED_Panama_Fisica_4d0794,,,,,
2026-09-12T14:26:07-05:00,PUR_IED_Panama_SIngles_a4077e,PUR_IED_Panama_SIngles_a4077e,,,,,
2026-09-12T14:26:07-05:00,PUR_IED_Panama_ext_4c54b4,PUR_IED_Panama_ext_4c54b4,,,,,
2026-09-12T14:26:07-05:00,PUR_IED_ParaisoM_Exterior_8cd7f0,PUR_IED_ParaisoM_Exterior_8cd7f0,,,,,
2026-09-12T14:26:07-05:00,PUR_IED_ParaisoM_Laborato_27af35,PUR_IED_ParaisoM_Laborato_27af35,,,,,
2026-09-12T14:26:07-05:00,PUR_IED_ParaisoM_S304_d1edca,PUR_IED_ParaisoM_S304_d1edca,,,,,
2026-09-12T14:26:07-05:00,PUR_IED_PorfirioBarba_Ext_301466,PUR_IED_PorfirioBarba_Ext_301466,,,,,
2026-09-12T14:26:07-05:00,PUR_IED_PorfirioBarba_S11_df6cd2,PUR_IED_PorfirioBarba_S11_df6cd2,,,,,
2026-09-12T14:26:07-05:00,PUR_IED_PorfirioBarba_S29_27a7d6,PUR_IED_PorfirioBarba_S29_27a7d6,,,,,
2026-09-12T14:26:07-05:00,PUR_IED_PradoV_Exter_8b27ad,PUR_IED_PradoV_Exter_8b27ad,,,,,
2026-09-12T14:26:07-05:00,PUR_IED_PradoV_S301_de65b5,PUR_IED_PradoV_S301_de65b5,,,,,
2026-09-12T14:26:07-05:00,PUR_IED_PradoV_S302_7d2593,PUR_IED_PradoV_S302_7d2593,,,,,
2026-09-12T14:26:07-05:00,PUR_IED_QuirogaAlz_Ext_1ddc82,PUR_IED_QuirogaAlz_Ext_1ddc82,,,,,
2026-09-12T14:26:07-05:00,PUR_IED_QuirogaAlz_S302_9926a3,PUR_IED_QuirogaAlz_S302_9926a3,,,,,
2026-09-12T14:26:07-05:00,PUR_IED_QuirogaAlz_S305_cdf1f1,PUR_IED_QuirogaAlz_S305_cdf1f1,,,,,
2026-09-12T14:26:07-05:00,PUR_IED_RGuatemala_Biling_dc53b7,PUR_IED_RGuatemala_Biling_dc53b7,,,,,
2026-09-12T14:26:07-05:00,PUR_IED_RGuatemala_Ext_1b89a3,PUR_IED_RGuatemala_Ext_1b89a3,,,,,
2026-09-12T14:26:07-05:00,PUR_IED_RGuatemala_Tecnol_281a34,PUR_IED_RGuatemala_Tecnol_281a34,,,,,
2026-09-12T14:26:07-05:00,PUR_IED_RafaNu_Ext_f7c302,PUR_IED_RafaNu_Ext_f7c302,,,,,
2026-09-12T14:26:07-05:00,PUR_IED_RafaNu_S1101_25fde,PUR_IED_RafaNu_S1101_25fde,,,,,
2026-09-12T14:26:07-05:00,PUR_IED_RafaNu_S1102_281517,PUR_IED_RafaNu_S1102_281517,,,,,
2026-09-12T14:26:07-05:00,PUR_IED_RafaelB_S305_ee2783,PUR_IED_RafaelB_S305_ee2783,,,,,
2026-09-12T14:26:07-05:00,PUR_IED_RafaelB_S306_75fe33,PUR_IED_RafaelB_S306_75fe33,,,,,
2026-09-12T14:26:07-05:00,PUR_IED_RafaelB_ext_283336,PUR_IED_RafaelB_ext_283336,2,20,57,4.6722,-74.0737
2026-09-12T14:26:07-05:00,PUR_IED_RafaelUU_Exterior_281a51,PUR_IED_RafaelUU_Exterior_281a51,,,,,
2026-09-12T14:26:07-05:00,PUR_IED_RafaelUU_Human_806b2,PUR_IED_RafaelUU_Human_806b2,,,,,
2026-09-12T14:26:07-05:00,PUR_IED_RafaelUU_Mate2_5680d4,PUR_IED_RafaelUU_Mate2_5680d4,,,,,
2026-09-12T14:26:07-05:00,PUR_IED_RamonSub_Ext_f9eeb9,PUR_IED_RamonSub_Ext_f9eeb9,,,,,
2026-09-12T14:26:07-05:00,PUR_IED_RamonSub_Media_d1f62f,PUR_IED_RamonSub_Media_d1f62f,,,,,
2026-09-12T14:26:07-05:00,PUR_IED_RamonSub_planta_51b82,PUR_IED_RamonSub_planta_51b82,,,,,
2026-09-12T14:26:07-05:00,PUR_IED_RepBoliVene_Exter_27af7c,PUR_IED_RepBoliVene_Exter_27af7c,,,,,
2026-09-12T14:26:07-05:00,PUR_IED_RepBoliVene_SCPT_5ae2ee,PUR_IED_RepBoliVene_SCPT_5ae2ee,,,,,
2026-09-12T14:26:07-05:00,PUR_IED_RepBoliVene_Socia_4b11d5,PUR_IED_RepBoliVene_Socia_4b11d5,,,,,
2026-09-12T14:26:07-05:00,PUR_IED_RepChina_Ext_76d9ee,PUR_IED_RepChina_Ext_76d9ee,,,,,
2026-09-12T14:26:07-05:00,PUR_IED_RepChina_S404_7c804c,PUR_IED_RepChina_S404_7c804c,,,,,
2026-09-12T14:26:07-05:00,PUR_IED_RepChina_S405_df2c33,PUR_IED_RepChina_S405_df2c33,,,,,
2026-09-12T14:26:07-05:00,PUR_IED_RepublicaC_Exteri_7d1ec9,PUR_IED_RepublicaC_Exteri_7d1ec9,,,,,
2026-09-12T14:26:07-05:00,PUR_IED_RepublicaC_S1101_f544b3,PUR_IED_RepublicaC_S1101_f544b3,,,,,
2026-09-12T14:26:07-05:00,PUR_IED_RepublicaC_S1102_7aafc7,PUR_IED_RepublicaC_S1102_7aafc7,,,,,
2026-09-12T14:26:07-05:00,PUR_IED_Ricaurte_Externo_a0ea1,PUR_IED_Ricaurte_Externo_a0ea1,,,,,
2026-09-12T14:26:07-05:00,PUR_IED_Ricaurte_S210_f546fd,PUR_IED_Ricaurte_S210_f546fd,,,,,
2026-09-12T14:26:07-05:00,PUR_IED_Ricaurte_S309_d4452,PUR_IED_Ricaurte_S309_d4452,,,,,
2026-09-12T14:26:07-05:00,PUR_IED_RogelioS_1102_531e69,PUR_IED_RogelioS_1102_531e69,,,,,
2026-09-12T14:26:07-05:00,PUR_IED_RogelioS_Ext_f25a18,PUR_IED_RogelioS_Ext_f25a18,,,,,
2026-09-12T14:26:07-05:00,PUR_IED_SBernardino_Ext_27aff8,PUR_IED_SBernardino_Ext_27aff8,,,,,
2026-09-12T14:26:07-05:00,PUR_IED_SBernardino_SArte_2ffd33,PUR_IED_SBernardino_SArte_2ffd33,,,,,
2026-09-12T14:26:07-05:00,PUR_IED_SBernardino_SIngl_7c7da5,PUR_IED_SBernardino_SIngl_7c7da5,,,,,
2026-09-12T14:26:07-05:00,PUR_IED_Sago_auditorio_dc9d1d,PUR_IED_Sago_auditorio_dc9d1d,,,,,
2026-09-12T14:26:07-05:00,PUR_IED_Saludcoop_Ext_95aac3,PUR_IED_Saludcoop_Ext_95aac3,,,,,
2026-09-12T14:26:07-05:00,PUR_IED_Saludcoop_InfI_90c854,PUR_IED_Saludcoop_InfI_90c854,,,,,
2026-09-12T14:26:07-05:00,PUR_IED_Saludcoop_SMedia_1b93be,PUR_IED_Saludcoop_SMedia_1b93be,,,,,
2026-09-12T14:26:07-05:00,PUR_IED_SanCarlos_1101_1a2360,PUR_IED_SanCarlos_1101_1a2360,,,,,
2026-09-12T14:26:07-05:00,PUR_IED_SanCarlos_1103_7bafb5,PUR_IED_SanCarlos_1103_7bafb5,,,,,
2026-09-12T14:26:07-05:00,PUR_IED_SanCarlos_Ext_b7cd1,PUR_IED_SanCarlos_Ext_b7cd1,,,,,
2026-09-12T14:26:07-05:00,PUR_IED_SanIgnacioBosa11a_50c26e,PUR_IED_SanIgnacioBosa11a_50c26e,,,,,
2026-09-12T14:26:07-05:00,PUR_IED_SanIgnacioBosa11b_371de8,PUR_IED_SanIgnacioBosa11b_371de8,,,,,
2026-09-12T14:26:07-05:00,PUR_IED_SanIgnacioBosaExt_ef0ffc,PUR_IED_SanIgnacioBosaExt_ef0ffc,,,,,
2026-09-12T14:26:07-05:00,PUR_IED_SanIgnacioBosa_11a_50c26e,PUR_IED_SanIgnacioBosa_11a_50c26e,,,,,
2026-09-12T14:26:07-05:00,PUR_IED_SanIgnacioBosa_Ext_ef0ffc,PUR_IED_SanIgnacioBosa_Ext_ef0ffc,,,,,
2026-09-12T14:26:07-05:00,PUR_IED_SanJoseN_intS1101_31c47f,PUR_IED_SanJoseN_intS1101_31c47f,,,,,
2026-09-12T14:26:07-05:00,PUR_IED_SanJoseUsm_Exter_f5d7e8,PUR_IED_SanJoseUsm_Exter_f5d7e8,,,,,
2026-09-12T14:26:07-05:00,PUR_IED_SanJoseUsm_Int11A_cfdef6,PUR_IED_SanJoseUsm_Int11A_cfdef6,,,,,
2026-09-12T14:26:07-05:00,PUR_IED_SilveriaR_IntB5_905349,PUR_IED_SilveriaR_IntB5_905349,,,,,
2026-09-12T14:26:07-05:00,PUR_IED_SilveriaR_IntSD14_981f93,PUR_IED_SilveriaR_IntSD14_981f93,,,,,
2026-09-12T14:26:07-05:00,PUR_IED_SilveriaR_ext_2b651d,PUR_IED_SilveriaR_ext_2b651d,,,,,
2026-09-12T14:26:07-05:00,PUR_IED_SimonB_Exterior_913975,PUR_IED_SimonB_Exterior_913975,,,,,
2026-09-12T14:26:07-05:00,PUR_IED_SimonB_LabQuimi_c56908,PUR_IED_SimonB_LabQuimi_c56908,,,,,
2026-09-12T14:26:07-05:00,PUR_IED_SimonB_informatic_a28c1,PUR_IED_SimonB_informatic_a28c1,,,,,
2026-09-12T14:26:07-05:00,PUR_IED_Sorrento_1102_315f50,PUR_IED_Sorrento_1102_315f50,,,,,
2026-09-12T14:26:07-05:00,PUR_IED_Sorrento_Minte_214eab,PUR_IED_Sorrento_Minte_214eab,,,,,
2026-09-12T14:26:07-05:00,PUR_IED_Sorrento_ext_7c3a0a,PUR_IED_Sorrento_ext_7c3a0a,,,,,
2026-09-12T14:26:07-05:00,PUR_IED_Tabora_Ext_f048ae,PUR_IED_Tabora_Ext_f048ae,,,,,
2026-09-12T14:26:07-05:00,PUR_IED_Tabora_S1102_b07752,PUR_IED_Tabora_S1102_b07752,,,,,
2026-09-12T14:26:07-05:00,PUR_IED_Tabora_S1103_d988f5,PUR_IED_Tabora_S1103_d988f5,,,,,
2026-09-12T14:26:07-05:00,PUR_IED_Tenerife_Ext_1ab188,PUR_IED_Tenerife_Ext_1ab188,,,,,
2026-09-12T14:26:07-05:00,PUR_IED_Tenerife_SDanzas_7bc02e,PUR_IED_Tenerife_SDanzas_7bc02e,,,,,
2026-09-12T14:26:07-05:00,PUR_IED_Tenerife_SIngles_7cc277,PUR_IED_Tenerife_SIngles_7cc277,,,,,
2026-09-12T14:26:07-05:00,PUR_IED_Tibabuyes_Exter_f2683d,PUR_IED_Tibabuyes_Exter_f2683d,,,,,
2026-09-12T14:26:07-05:00,PUR_IED_Tibabuyes_S10_dc87a8,PUR_IED_Tibabuyes_S10_dc87a8,,,,,
2026-09-12T14:26:07-05:00,PUR_IED_Tibabuyes_S15_dc0526,PUR_IED_Tibabuyes_S15_dc0526,,,,,
2026-09-12T14:26:07-05:00,PUR_IED_UnionE_S301_a1043,PUR_IED_UnionE_S301_a1043,,,,,
2026-09-12T14:26:07-05:00,PUR_IED_UnionE_S307_ff6c2f,PUR_IED_UnionE_S307_ff6c2f,,,,,
2026-09-12T14:26:07-05:00,PUR_IED_UnionE__Ext_5e2468,PUR_IED_UnionE__Ext_5e2468,,,,,
2026-09-12T14:26:07-05:00,PUR_IED_VillaRica_Ext_75be7c,PUR_IED_VillaRica_Ext_75be7c,,,,,
2026-09-12T14:26:07-05:00,PUR_IED_VillaRica_S4_cc5dcd,PUR_IED_VillaRica_S4_cc5dcd,,,,,
2026-09-12T14:26:07-05:00,PUR_IED_VillaRica_Sesp_99f5c,PUR_IED_VillaRica_Sesp_99f5c,,,,,
2026-09-12T14:32:55-05:00,PUR_IED_20deJulio_1101_91b1b9,PUR_IED_20deJulio_1101_91b1b9,,,,,
2026-09-12T14:32:55-05:00,PUR_IED_20deJulio_1102_1cfcf9,PUR_IED_20deJulio_1102_1cfcf9,,,,,
2026-09-12T14:32:55-05:00,PUR_IED_20deJulio_Ext_ab60bd,PUR_IED_20deJulio_Ext_ab60bd,,,,,
2026-09-12T14:32:55-05:00,PUR_IED_AgustinFer_Ext_7b9b77,PUR_IED_AgustinFer_Ext_7b9b77,,,,,
2026-09-12T14:32:55-05:00,PUR_IED_AgustinFer_Info2_27b3a7,PUR_IED_AgustinFer_Info2_27b3a7,,,,,
2026-09-12T14:32:55-05:00,PUR_IED_AgustinFer_Sena_54b4eb,PUR_IED_AgustinFer_Sena_54b4eb,,,,,
2026-09-12T14:32:55-05:00,PUR_IED_AlexanderF_1102_caf07b,PUR_IED_AlexanderF_1102_caf07b,,,,,
2026-09-12T14:32:55-05:00,PUR_IED_AlexanderF_1103_c79e71,PUR_IED_AlexanderF_1103_c79e71,,,,,
2026-09-12T14:32:55-05:00,PUR_IED_AlexanderF_Ext_c5b18b,PUR_IED_AlexanderF_Ext_c5b18b,,,,,
2026-09-12T14:32:55-05:00,PUR_IED_AlfonsoLopez_Ext_281d77,PUR_IED_AlfonsoLopez_Ext_281d77,,,,,
2026-09-12T14:32:55-05:00,PUR_IED_AlfonsoLopez_LabF_888ce0,PUR_IED_AlfonsoLopez_LabF_888ce0,,,,,
2026-09-12T14:32:55-05:00,PUR_IED_AlfonsoLopez_SMed_df6a7f,PUR_IED_AlfonsoLopez_SMed_df6a7f,,,,,
2026-09-12T14:32:55-05:00,PUR_IED_AltamiraSO_A2_209f92,PUR_IED_AltamiraSO_A2_209f92,,,,,
2026-09-12T14:32:55-05:00,PUR_IED_AltamiraSO_Ext_186d66,PUR_IED_AltamiraSO_Ext_186d66,,,,,
2026-09-12T14:32:55-05:00,PUR_IED_AltamiraSO_Sistem_27afe1,PUR_IED_AltamiraSO_Sistem_27afe1,,,,,
2026-09-12T14:32:55-05:00,PUR_IED_AlvaroGom_LabQuim_813179,PUR_IED_AlvaroGom_LabQuim_813179,,,,,
2026-09-12T14:32:55-05:00,PUR_IED_AlvaroGomez_Ext_47c7ca,PUR_IED_AlvaroGomez_Ext_47c7ca,,,,,
2026-09-12T14:32:55-05:00,PUR_IED_AlvaroGomez_LabQuim_813179,PUR_IED_AlvaroGomez_LabQuim_813179,,,,,
2026-09-12T14:32:55-05:00,PUR_IED_AlvaroGomez_S23_7ba89f,PUR_IED_AlvaroGomez_S23_7ba89f,,,,,
2026-09-12T14:32:55-05:00,PUR_IED_Amistad_306_dc8728,PUR_IED_Amistad_306_dc8728,,,,,
2026-09-12T14:32:55-05:00,PUR_IED_Amistad_Ext_8cd55e,PUR_IED_Amistad_Ext_8cd55e,,,,,
2026-09-12T14:32:55-05:00,PUR_IED_Amistad_S202_a41169,PUR_IED_Amistad_S202_a41169,,,,,
2026-09-12T14:32:55-05:00,PUR_IED_AndresBello_Bio_fd5f5e,PUR_IED_AndresBello_Bio_fd5f5e,,,,,
2026-09-12T14:32:55-05:00,PUR_IED_AndresBello_ext_dcad65,PUR_IED_AndresBello_ext_dcad65,,,,,
2026-09-12T14:32:55-05:00,PUR_IED_AndresBello_port_eed3ec,PUR_IED_AndresBello_port_eed3ec,,,,,
2026-09-12T14:32:55-05:00,PUR_IED_AngelaR_11b_d90a6b,PUR_IED_AngelaR_11b_d90a6b,,,,,
2026-09-12T14:32:55-05:00,PUR_IED_AngelaR_ext_7cad3e,PUR_IED_AngelaR_ext_7cad3e,2,22,54,4.5825,-74.164497
2026-09-12T14:32:55-05:00,PUR_IED_AntJoseSucre_10mo_df2575,PUR_IED_AntJoseSucre_10mo_df2575,,,,,
2026-09-12T14:32:55-05:00,PUR_IED_AntJoseSucre_Ext_215b36,PUR_IED_AntJoseSucre_Ext_215b36,,,,,
2026-09-12T14:32:55-05:00,PUR_IED_AntJoseSucre_Lab_3139de,PUR_IED_AntJoseSucre_Lab_3139de,,,,,
2026-09-12T14:32:55-05:00,PUR_IED_AntonioGarcia_301_d6b188,PUR_IED_AntonioGarcia_301_d6b188,,,,,
2026-09-12T14:32:55-05:00,PUR_IED_AntonioGarcia_302_88a82,PUR_IED_AntonioGarcia_302_88a82,,,,,
2026-09-12T14:32:55-05:00,PUR_IED_AntonioGarcia_Ext_20950c,PUR_IED_AntonioGarcia_Ext_20950c,,,,,
2026-09-12T14:32:55-05:00,PUR_IED_AntonioVan_Aula2_6dea02,PUR_IED_AntonioVan_Aula2_6dea02,,,,,
2026-09-12T14:32:55-05:00,PUR_IED_AntonioVan_Aula5_f1557e,PUR_IED_AntonioVan_Aula5_f1557e,,,,,
2026-09-12T14:32:55-05:00,PUR_IED_AntonioVan_Ext_406f2f,PUR_IED_AntonioVan_Ext_406f2f,,,,,
2026-09-12T14:32:55-05:00,PUR_IED_Atabanzha_Ext_cc5af9,PUR_IED_Atabanzha_Ext_cc5af9,,,,,
2026-09-12T14:32:55-05:00,PUR_IED_Atabanzha_SA101_56c37,PUR_IED_Atabanzha_SA101_56c37,,,,,
2026-09-12T14:32:55-05:00,PUR_IED_Atabanzha_SB302_27b374,PUR_IED_Atabanzha_SB302_27b374,,,,,
2026-09-12T14:32:55-05:00,PUR_IED_Atahualpa_Ext_fc1748,PUR_IED_Atahualpa_Ext_fc1748,,,,,
2026-09-12T14:32:55-05:00,PUR_IED_Atahualpa_Informa_dc9a95,PUR_IED_Atahualpa_Informa_dc9a95,,,,,
2026-09-12T14:32:55-05:00,PUR_IED_Atahualpa_S1101_f98056,PUR_IED_Atahualpa_S1101_f98056,,,,,
2026-09-12T14:32:55-05:00,PUR_IED_Bellavista_Ext_f5aa74,PUR_IED_Bellavista_Ext_f5aa74,,,,,
2026-09-12T14:32:55-05:00,PUR_IED_Bilbao_11A_916c41,PUR_IED_Bilbao_11A_916c41,,,,,
2026-09-12T14:32:55-05:00,PUR_IED_Bilbao_Ext_fb579a,PUR_IED_Bilbao_Ext_fb579a,,,,,
2026-09-12T14:32:55-05:00,PUR_IED_BrasiliaU_A125_304280,PUR_IED_BrasiliaU_A125_304280,,,,,
2026-09-12T14:32:55-05:00,PUR_IED_BrasiliaU_A203_7c8ca5,PUR_IED_BrasiliaU_A203_7c8ca5,,,,,
2026-09-12T14:32:55-05:00,PUR_IED_BrasiliaU_Ext_8d6e9f,PUR_IED_BrasiliaU_Ext_8d6e9f,3,21,50,4.5175,-74.116302
2026-09-12T14:32:55-05:00,PUR_IED_Brasilia_Ext_fe6593,PUR_IED_Brasilia_Ext_fe6593,,,,,
2026-09-12T14:32:55-05:00,PUR_IED_Brasilia_S24_7c130d,PUR_IED_Brasilia_S24_7c130d,,,,,
2026-09-12T14:32:55-05:00,PUR_IED_Brasilia_S501_186a54,PUR_IED_Brasilia_S501_186a54,,,,,
2026-09-12T14:32:55-05:00,PUR_IED_CHARRY_EXT_f1d5cd,PUR_IED_CHARRY_EXT_f1d5cd,,,,,
2026-09-12T14:32:55-05:00,PUR_IED_CHARRY_INTDANZAS_7a08e6,PUR_IED_CHARRY_INTDANZAS_7a08e6,,,,,
2026-09-12T14:32:55-05:00,PUR_IED_CHARRY_INT_AULA20_dc998d,PUR_IED_CHARRY_INT_AULA20_dc998d,,,,,
2026-09-12T14:32:55-05:00,PUR_IED_COLVIV_1101_S25_7f520a,PUR_IED_COLVIV_1101_S25_7f520a,,,,,
2026-09-12T14:32:55-05:00,PUR_IED_COLVIV_1102_S16_f570ba,PUR_IED_COLVIV_1102_S16_f570ba,,,,,
2026-09-12T14:32:55-05:00,PUR_IED_COLVIV_Ext_1a26fa,PUR_IED_COLVIV_Ext_1a26fa,,,,,
2026-09-12T14:32:55-05:00,PUR_IED_CULPOP_301A_f660f3,PUR_IED_CULPOP_301A_f660f3,,,,,
2026-09-12T14:32:55-05:00,PUR_IED_CULPOP_303_568afe,PUR_IED_CULPOP_303_568afe,,,,,
2026-09-12T14:32:55-05:00,PUR_IED_CULPOP_Ext_e02ccb,PUR_IED_CULPOP_Ext_e02ccb,,,,,
2026-09-12T14:32:55-05:00,PUR_IED_CVillavicen_Ext_26eb58,PUR_IED_CVillavicen_Ext_26eb58,4,18,68,4.487,-74.102798
2026-09-12T14:32:55-05:00,PUR_IED_CVillavicen_Intel_1ce5c2,PUR_IED_CVillavicen_Intel_1ce5c2,,,,,
2026-09-12T14:32:55-05:00,PUR_IED_CVillavicen_Poliv_e0766c,PUR_IED_CVillavicen_Poliv_e0766c,,,,,
2026-09-12T14:32:55-05:00,PUR_IED_CVillavicen_int_1ba140,PUR_IED_CVillavicen_int_1ba140,,,,,
2026-09-12T14:32:55-05:00,PUR_IED_CVillavicen_intel_1ba140,PUR_IED_CVillavicen_intel_1ba140,,,,,
2026-09-12T14:32:55-05:00,PUR_IED_CarlosPizarro_Ext_e307cc,PUR_IED_CarlosPizarro_Ext_e307cc,,,,,
2026-09-12T14:32:55-05:00,PUR_IED_CarlosPizarro_L36_7e5cdb,PUR_IED_CarlosPizarro_L36_7e5cdb,,,,,
2026-09-12T14:32:55-05:00,PUR_IED_CarlosPizarro_L37_c8566c,PUR_IED_CarlosPizarro_L37_c8566c,,,,,
2026-09-12T14:32:55-05:00,PUR_IED_Castilla_Ext_cf35f,PUR_IED_Castilla_Ext_cf35f,,,,,
2026-09-12T14:32:55-05:00,PUR_IED_Castilla_SFisik_360e38,PUR_IED_Castilla_SFisik_360e38,,,,,
2026-09-12T14:32:55-05:00,PUR_IED_Castilla_Sc304_496fbf,PUR_IED_Castilla_Sc304_496fbf,,,,,
2026-09-12T14:32:55-05:00,PUR_IED_CervantesSa_Ext_6b57b,PUR_IED_CervantesSa_Ext_6b57b,2,21,57,4.5128,-74.117203
2026-09-12T14:32:55-05:00,PUR_IED_CervantesSa_S107_225c2b,PUR_IED_CervantesSa_S107_225c2b,,,,,
2026-09-12T14:32:55-05:00,PUR_IED_CervantesSa_S108_940925,PUR_IED_CervantesSa_S108_940925,,,,,
2026-09-12T14:32:55-05:00,PUR_IED_Charry_A20_f53e7c,PUR_IED_Charry_A20_f53e7c,,,,,
2026-09-12T14:32:55-05:00,PUR_IED_Charry_Ext_f1d5cd,PUR_IED_Charry_Ext_f1d5cd,,,,,
2026-09-12T14:32:55-05:00,PUR_IED_Charry_IntAula20_dc998d,PUR_IED_Charry_IntAula20_dc998d,,,,,
2026-09-12T14:32:55-05:00,PUR_IED_Charry_IntDanzas_7a08e6,PUR_IED_Charry_IntDanzas_7a08e6,,,,,
2026-09-12T14:32:55-05:00,PUR_IED_ClememciaC_203_43e2fc,PUR_IED_ClememciaC_203_43e2fc,,,,,
2026-09-12T14:32:55-05:00,PUR_IED_ClememciaC_Ext_1b411a,PUR_IED_ClememciaC_Ext_1b411a,,,,,
2026-09-12T14:32:55-05:00,PUR_IED_ClememciaC_Quimic_44b5fc,PUR_IED_ClememciaC_Quimic_44b5fc,,,,,
2026-09-12T14:32:55-05:00,PUR_IED_ClemenciaC_203_43e2fc,PUR_IED_ClemenciaC_203_43e2fc,,,,,
2026-09-12T14:32:55-05:00,PUR_IED_ClemenciaC_Ext_1b411a,PUR_IED_ClemenciaC_Ext_1b411a,,,,,
2026-09-12T14:32:55-05:00,PUR_IED_ClemenciaC_Quimic_44b5fc,PUR_IED_ClemenciaC_Quimic_44b5fc,,,,,
2026-09-12T14:32:55-05:00,PUR_IED_ColViva_1101_S25_7f520a,PUR_IED_ColViva_1101_S25_7f520a,,,,,
2026-09-12T14:32:55-05:00,PUR_IED_ColViva_1102_S16_f570ba,PUR_IED_ColViva_1102_S16_f570ba,,,,,
2026-09-12T14:32:55-05:00,PUR_IED_ColViva_Ext_1a26fa,PUR_IED_ColViva_Ext_1a26fa,,,,,
2026-09-12T14:32:55-05:00,PUR_IED_ColegioBici_Asist_7c8798,PUR_IED_ColegioBici_Asist_7c8798,,,,,
2026-09-12T14:32:55-05:00,PUR_IED_ColegioBici_Ext_25cbf6,PUR_IED_ColegioBici_Ext_25cbf6,,,,,
2026-09-12T14:32:55-05:00,PUR_IED_ColegioBici_LabQ_7b57db,PUR_IED_ColegioBici_LabQ_7b57db,,,,,
2026-09-12T14:32:55-05:00,PUR_IED_CostaRica_Ext_5e640,PUR_IED_CostaRica_Ext_5e640,,,,,
2026-09-12T14:32:55-05:00,PUR_IED_CostaRica_Quim1_766d1c,PUR_IED_CostaRica_Quim1_766d1c,,,,,
2026-09-12T14:32:55-05:00,PUR_IED_CostaRica__Fisica_6f0873,PUR_IED_CostaRica__Fisica_6f0873,,,,,
2026-09-12T14:32:55-05:00,PUR_IED_CulPopu_301A_f660f3,PUR_IED_CulPopu_301A_f660f3,,,,,
2026-09-12T14:32:55-05:00,PUR_IED_CulPopu_303_568afe,PUR_IED_CulPopu_303_568afe,,,,,
2026-09-12T14:32:55-05:00,PUR_IED_CulPopu_Ext_e02ccb,PUR_IED_CulPopu_Ext_e02ccb,,,,,
2026-09-12T14:32:55-05:00,PUR_IED_Cundinamarca_Ext_f15985,PUR_IED_Cundinamarca_Ext_f15985,,,,,
2026-09-12T14:32:55-05:00,PUR_IED_Cundinamarca_Info_7aa5d7,PUR_IED_Cundinamarca_Info_7aa5d7,,,,,
2026-09-12T14:32:55-05:00,PUR_IED_Cundinamarca_Tec2_f449c7,PUR_IED_Cundinamarca_Tec2_f449c7,,,,,
2026-09-12T14:32:55-05:00,PUR_IED_DiegoM_Aula1_27b314,PUR_IED_DiegoM_Aula1_27b314,,,,,
2026-09-12T14:32:55-05:00,PUR_IED_DiegoM_Ext_d80ac8,PUR_IED_DiegoM_Ext_d80ac8,,,,,
2026-09-12T14:32:55-05:00,PUR_IED_DiegoM_S25_da928f,PUR_IED_DiegoM_S25_da928f,,,,,
2026-09-12T14:32:55-05:00,PUR_IED_ELRODEO_360881,PUR_IED_ELRODEO_360881,,,,,
2026-09-12T14:32:55-05:00,PUR_IED_ELRODEO_ext_360881,PUR_IED_ELRODEO_ext_360881,,,,,
2026-09-12T14:32:55-05:00,PUR_IED_EduardoU_Ext_1c1969,PUR_IED_EduardoU_Ext_1c1969,,,,,
2026-09-12T14:32:55-05:00,PUR_IED_EduardoU_SCiencia_4dfb94,PUR_IED_EduardoU_SCiencia_4dfb94,,,,,
2026-09-12T14:32:55-05:00,PUR_IED_EduardoU_SQuimica_5a46e7,PUR_IED_EduardoU_SQuimica_5a46e7,,,,,
2026-09-12T14:32:55-05:00,PUR_IED_ElRodeo_Aula14_676984,PUR_IED_ElRodeo_Aula14_676984,,,,,
2026-09-12T14:32:55-05:00,PUR_IED_ElRodeo_Aula16_2dd35b,PUR_IED_ElRodeo_Aula16_2dd35b,,,,,
2026-09-12T14:32:55-05:00,PUR_IED_ElRodeo_Ext_360881,PUR_IED_ElRodeo_Ext_360881,,,,,
2026-09-12T14:32:55-05:00,PUR_IED_ElRodeo_Exterior_8c6d28,PUR_IED_ElRodeo_Exterior_8c6d28,,,,,
2026-09-12T14:32:55-05:00,PUR_IED_ElRodeo_ext_360881,PUR_IED_ElRodeo_ext_360881,,,,,
2026-09-12T14:32:55-05:00,PUR_IED_EmmaReyes_Ext_987625,PUR_IED_EmmaReyes_Ext_987625,3,22,47,4.6367,-74.1511
2026-09-12T14:32:55-05:00,PUR_IED_Ensueño_Ext_7f0250,PUR_IED_Ensueño_Ext_7f0250,,,,,
2026-09-12T14:32:55-05:00,PUR_IED_EscNormal_Ext_5fef3b,PUR_IED_EscNormal_Ext_5fef3b,2,23,49,4.5852,-74.096901
2026-09-12T14:32:55-05:00,PUR_IED_EscNormal_S309_5b263,PUR_IED_EscNormal_S309_5b263,,,,,
2026-09-12T14:32:55-05:00,PUR_IED_EscNormal_S310_27b3b8,PUR_IED_EscNormal_S310_27b3b8,,,,,
2026-09-12T14:32:55-05:00,PUR_IED_Evangelista_Conta_f6cd4f,PUR_IED_Evangelista_Conta_f6cd4f,,,,,
2026-09-12T14:32:55-05:00,PUR_IED_Evangelista_Cri_5e16a,PUR_IED_Evangelista_Cri_5e16a,,,,,
2026-09-12T14:32:55-05:00,PUR_IED_Evangelista_Exter_754066,PUR_IED_Evangelista_Exter_754066,,,,,
2026-09-12T14:32:55-05:00,PUR_IED_FMiranda_S209_5cc2a3,PUR_IED_FMiranda_S209_5cc2a3,,,,,
2026-09-12T14:32:55-05:00,PUR_IED_FMiranda_S303_19e344,PUR_IED_FMiranda_S303_19e344,,,,,
2026-09-12T14:32:55-05:00,PUR_IED_FMiranda_ext_f53e7c,PUR_IED_FMiranda_ext_f53e7c,,,,,
2026-09-12T14:32:55-05:00,PUR_IED_FabioLozano_Bibli_1cee05,PUR_IED_FabioLozano_Bibli_1cee05,,,,,
2026-09-12T14:32:55-05:00,PUR_IED_FabioLozano_Ext_6ea285,PUR_IED_FabioLozano_Ext_6ea285,,,,,
2026-09-12T14:32:55-05:00,PUR_IED_FabioLozano_SLudi_f09e1e,PUR_IED_FabioLozano_SLudi_f09e1e,,,,,
2026-09-12T14:32:55-05:00,PUR_IED_FaustinoS_Aula07_27a731,PUR_IED_FaustinoS_Aula07_27a731,,,,,
2026-09-12T14:32:55-05:00,PUR_IED_FaustinoS_Ext_7b936f,PUR_IED_FaustinoS_Ext_7b936f,,,,,
2026-09-12T14:32:55-05:00,PUR_IED_FaustinoS_Fisica_da2c60,PUR_IED_FaustinoS_Fisica_da2c60,,,,,
2026-09-12T14:32:55-05:00,PUR_IED_FeGarciaLo_Ext_dc68ee,PUR_IED_FeGarciaLo_Ext_dc68ee,,,,,
2026-09-12T14:32:55-05:00,PUR_IED_FeGarciaLo_SDanza_f70a59,PUR_IED_FeGarciaLo_SDanza_f70a59,,,,,
2026-09-12T14:32:55-05:00,PUR_IED_FeGarciaLo_SMusic_125cdd,PUR_IED_FeGarciaLo_SMusic_125cdd,,,,,
2026-09-12T14:32:55-05:00,PUR_IED_FederalAlema_Exte_50c345,PUR_IED_FederalAlema_Exte_50c345,,,,,
2026-09-12T14:32:55-05:00,PUR_IED_FederalAlema_S31_f18371,PUR_IED_FederalAlema_S31_f18371,,,,,
2026-09-12T14:32:55-05:00,PUR_IED_FederalAlema_S901_a62cd,PUR_IED_FederalAlema_S901_a62cd,,,,,
2026-09-12T14:32:55-05:00,PUR_IED_FilarmonicaS_A5_f35eb1,PUR_IED_FilarmonicaS_A5_f35eb1,,,,,
2026-09-12T14:32:55-05:00,PUR_IED_FilarmonicaS_Ext_8a3bde,PUR_IED_FilarmonicaS_Ext_8a3bde,,,,,
2026-09-12T14:32:55-05:00,PUR_IED_FilarmonicaS_Spol_406114,PUR_IED_FilarmonicaS_Spol_406114,,,,,
2026-09-12T14:32:55-05:00,PUR_IED_FlorentinoG_A13_d1fa59,PUR_IED_FlorentinoG_A13_d1fa59,,,,,
2026-09-12T14:32:55-05:00,PUR_IED_FlorentinoG_Ext_1ce6ce,PUR_IED_FlorentinoG_Ext_1ce6ce,,,,,
2026-09-12T14:32:55-05:00,PUR_IED_FlorentinoG_Idiom_a66aac,PUR_IED_FlorentinoG_Idiom_a66aac,,,,,
2026-09-12T14:32:55-05:00,PUR_IED_FranciscoMati_Ext_e3869d,PUR_IED_FranciscoMati_Ext_e3869d,,,,,
2026-09-12T14:32:55-05:00,PUR_IED_FranciscoMati_S13_f31c67,PUR_IED_FranciscoMati_S13_f31c67,,,,,
2026-09-12T14:32:55-05:00,PUR_IED_FranciscoMati_S14_97dead,PUR_IED_FranciscoMati_S14_97dead,,,,,
2026-09-12T14:32:55-05:00,PUR_IED_FranciscoPS_Ext_7bfa9a,PUR_IED_FranciscoPS_Ext_7bfa9a,2,23,50,4.5899,-74.110397
2026-09-12T14:32:55-05:00,PUR_IED_FranciscoPS_Infor_fb8f4c,PUR_IED_FranciscoPS_Infor_fb8f4c,,,,,
2026-09-12T14:32:55-05:00,PUR_IED_FranciscoPS_Quimi_94d39c,PUR_IED_FranciscoPS_Quimi_94d39c,,,,,
2026-09-12T14:32:55-05:00,PUR_IED_FranciscoP_LabQ_d7e148,PUR_IED_FranciscoP_LabQ_d7e148,,,,,
2026-09-12T14:32:55-05:00,PUR_IED_FranciscoP_S28_cf9b30,PUR_IED_FranciscoP_S28_cf9b30,,,,,
2026-09-12T14:32:55-05:00,PUR_IED_FranciscoP_ext_e2313,PUR_IED_FranciscoP_ext_e2313,,,,,
2026-09-12T14:32:55-05:00,PUR_IED_FriederichN_Ext_8ac92a,PUR_IED_FriederichN_Ext_8ac92a,,,,,
2026-09-12T14:32:55-05:00,PUR_IED_FriederichN_S301_dd7e5a,PUR_IED_FriederichN_S301_dd7e5a,,,,,
2026-09-12T14:32:55-05:00,PUR_IED_FriederichN_S308_761f4f,PUR_IED_FriederichN_S308_761f4f,,,,,
2026-09-12T14:32:55-05:00,PUR_IED_GSantander_Aula10_533dd7,PUR_IED_GSantander_Aula10_533dd7,,,,,
2026-09-12T14:32:55-05:00,PUR_IED_GSantander_Aula12_fd4e4f,PUR_IED_GSantander_Aula12_fd4e4f,,,,,
2026-09-12T14:32:55-05:00,PUR_IED_GSantander_Aula310_533dd7,PUR_IED_GSantander_Aula310_533dd7,,,,,
2026-09-12T14:32:55-05:00,PUR_IED_GSantander_Aula312_fd4e4f,PUR_IED_GSantander_Aula312_fd4e4f,,,,,
2026-09-12T14:32:55-05:00,PUR_IED_GSantander_Ext_5f66b0,PUR_IED_GSantander_Ext_5f66b0,,,,,
2026-09-12T14:32:55-05:00,PUR_IED_GYomasa_Ext_f6bea5,PUR_IED_GYomasa_Ext_f6bea5,,,,,
2026-09-12T14:32:55-05:00,PUR_IED_GYomasa_LBiol_2c41aa,PUR_IED_GYomasa_LBiol_2c41aa,,,,,
2026-09-12T14:32:55-05:00,PUR_IED_GYomasa_LQuim_33c80,PUR_IED_GYomasa_LQuim_33c80,,,,,
2026-09-12T14:32:55-05:00,PUR_IED_GabBetMejia_Cienc_5a99c,PUR_IED_GabBetMejia_Cienc_5a99c,,,,,
2026-09-12T14:32:55-05:00,PUR_IED_GabBetMejia_Ext_9153d0,PUR_IED_GabBetMejia_Ext_9153d0,,,,,
2026-09-12T14:32:55-05:00,PUR_IED_GabBetMejia_Lab_f55347,PUR_IED_GabBetMejia_Lab_f55347,,,,,
2026-09-12T14:32:55-05:00,PUR_IED_GabBetanMejia_Ext_9153d0,PUR_IED_GabBetanMejia_Ext_9153d0,,,,,
2026-09-12T14:32:55-05:00,PUR_IED_Gaitana_Aula13_7aac11,PUR_IED_Gaitana_Aula13_7aac11,,,,,
2026-09-12T14:32:55-05:00,PUR_IED_Gaitana_Ext_5fcf4,PUR_IED_Gaitana_Ext_5fcf4,,,,,
2026-09-12T14:32:55-05:00,PUR_IED_Gaitana_LabFisica_644448,PUR_IED_Gaitana_LabFisica_644448,,,,,
2026-09-12T14:32:55-05:00,PUR_IED_GenSantander_Dise_8ac858,PUR_IED_GenSantander_Dise_8ac858,,,,,
2026-09-12T14:32:55-05:00,PUR_IED_GenSantander_Ext_8d5dfe,PUR_IED_GenSantander_Ext_8d5dfe,,,,,
2026-09-12T14:32:55-05:00,PUR_IED_GenSantander_Info_6c25b,PUR_IED_GenSantander_Info_6c25b,,,,,
2026-09-12T14:32:55-05:00,PUR_IED_GustavoMo_Exterio_75e63d,PUR_IED_GustavoMo_Exterio_75e63d,,,,,
2026-09-12T14:32:55-05:00,PUR_IED_GustavoMo_LabFisi_224d37,PUR_IED_GustavoMo_LabFisi_224d37,,,,,
2026-09-12T14:32:55-05:00,PUR_IED_GustavoMo_S208_3e6918,PUR_IED_GustavoMo_S208_3e6918,,,,,
2026-09-12T14:32:55-05:00,PUR_IED_GustavoR_A02_8cd4a8,PUR_IED_GustavoR_A02_8cd4a8,,,,,
2026-09-12T14:32:55-05:00,PUR_IED_GustavoR_B11_5b0ed,PUR_IED_GustavoR_B11_5b0ed,,,,,
2026-09-12T14:32:55-05:00,PUR_IED_GustavoR_Ext_7a0c90,PUR_IED_GustavoR_Ext_7a0c90,,,,,
2026-09-12T14:32:55-05:00,PUR_IED_HernandoDuran_Ext_8cd82b,PUR_IED_HernandoDuran_Ext_8cd82b,,,,,
2026-09-12T14:32:55-05:00,PUR_IED_HernandoDuran_S24_2772c6,PUR_IED_HernandoDuran_S24_2772c6,,,,,
2026-09-12T14:32:55-05:00,PUR_IED_HernandoDuran_S30_f2de41,PUR_IED_HernandoDuran_S30_f2de41,,,,,
2026-09-12T14:32:55-05:00,PUR_IED_HolguInUr_S1101_8cd732,PUR_IED_HolguInUr_S1101_8cd732,,,,,
2026-09-12T14:32:55-05:00,PUR_IED_HolguinUr_Exter_ddae6d,PUR_IED_HolguinUr_Exter_ddae6d,,,,,
2026-09-12T14:32:55-05:00,PUR_IED_HolguinUr_LabQuim_92b952,PUR_IED_HolguinUr_LabQuim_92b952,,,,,
2026-09-12T14:32:55-05:00,PUR_IED_Isabel-II_Ext_5245cc,PUR_IED_Isabel-II_Ext_5245cc,2,21,50,4.6336,-74.153
2026-09-12T14:32:55-05:00,PUR_IED_Isabel-II_S_idiom_1c29aa,PUR_IED_Isabel-II_S_idiom_1c29aa,,,,,
2026-09-12T14:32:55-05:00,PUR_IED_Isabel-II_S_infor_fd741,PUR_IED_Isabel-II_S_infor_fd741,,,,,
2026-09-12T14:32:55-05:00,PUR_IED_IsidroSur_Exterio_5b90ea,PUR_IED_IsidroSur_Exterio_5b90ea,,,,,
2026-09-12T14:32:55-05:00,PUR_IED_IsidroSur_LabTec_56697a,PUR_IED_IsidroSur_LabTec_56697a,,,,,
2026-09-12T14:32:55-05:00,PUR_IED_IsidroSur_Robotic_b7c38f,PUR_IED_IsidroSur_Robotic_b7c38f,,,,,
2026-09-12T14:32:55-05:00,PUR_IED_IsmaelPerd_Ext_7b6672,PUR_IED_IsmaelPerd_Ext_7b6672,,,,,
2026-09-12T14:32:55-05:00,PUR_IED_IsmaelPerd_Inform_306540,PUR_IED_IsmaelPerd_Inform_306540,,,,,
2026-09-12T14:32:55-05:00,PUR_IED_IsmaelPerd_S30_2e2c83,PUR_IED_IsmaelPerd_S30_2e2c83,,,,,
2026-09-12T14:32:55-05:00,PUR_IED_JLozano_Exter_432910,PUR_IED_JLozano_Exter_432910,,,,,
2026-09-12T14:32:55-05:00,PUR_IED_JLozano_salaMulti_df5125,PUR_IED_JLozano_salaMulti_df5125,,,,,
2026-09-12T14:32:55-05:00,PUR_IED_JMCordoba_206_86f80b,PUR_IED_JMCordoba_206_86f80b,,,,,
2026-09-12T14:32:55-05:00,PUR_IED_JMCordoba_Ext_27ad97,PUR_IED_JMCordoba_Ext_27ad97,,,,,
2026-09-12T14:32:55-05:00,PUR_IED_JMCordoba_S310_d59ab4,PUR_IED_JMCordoba_S310_d59ab4,,,,,
2026-09-12T14:32:55-05:00,PUR_IED_Japon_Ext_549100,PUR_IED_Japon_Ext_549100,,,,,
2026-09-12T14:32:55-05:00,PUR_IED_Japon_Laboratorio_bec51d,PUR_IED_Japon_Laboratorio_bec51d,,,,,
2026-09-12T14:32:55-05:00,PUR_IED_Japon_informatica_d99327,PUR_IED_Japon_informatica_d99327,,,,,
2026-09-12T14:32:55-05:00,PUR_IED_Jazmin_Ext_d27bda,PUR_IED_Jazmin_Ext_d27bda,,,,,
2026-09-12T14:32:55-05:00,PUR_IED_Jazmin_Fisica_8d14d7,PUR_IED_Jazmin_Fisica_8d14d7,,,,,
2026-09-12T14:32:55-05:00,PUR_IED_Jazmin_Quimica_801cb5,PUR_IED_Jazmin_Quimica_801cb5,,,,,
2026-09-12T14:32:55-05:00,PUR_IED_JorgeGaitan_Exter_f098d1,PUR_IED_JorgeGaitan_Exter_f098d1,,,,,
2026-09-12T14:32:55-05:00,PUR_IED_JorgeGaitan_STec1_dc9d1d,PUR_IED_JorgeGaitan_STec1_dc9d1d,,,,,
2026-09-12T14:32:55-05:00,PUR_IED_JorgeGaitan_STec2_281e69,PUR_IED_JorgeGaitan_STec2_281e69,,,,,
2026-09-12T14:32:55-05:00,PUR_IED_JorgeSoto_Exterio_d9d0a2,PUR_IED_JorgeSoto_Exterio_d9d0a2,,,,,
2026-09-12T14:32:55-05:00,PUR_IED_JorgeSoto_LabFisi_209c54,PUR_IED_JorgeSoto_LabFisi_209c54,,,,,
2026-09-12T14:32:55-05:00,PUR_IED_JorgeSoto_S103_27b51a,PUR_IED_JorgeSoto_S103_27b51a,,,,,
2026-09-12T14:32:55-05:00,PUR_IED_JoseAcevedo_A02_e965eb,PUR_IED_JoseAcevedo_A02_e965eb,,,,,
2026-09-12T14:32:55-05:00,PUR_IED_JoseAcevedo_A07_dd5b4,PUR_IED_JoseAcevedo_A07_dd5b4,,,,,
2026-09-12T14:32:55-05:00,PUR_IED_JoseAcevedo_Ext_b47484,PUR_IED_JoseAcevedo_Ext_b47484,,,,,
2026-09-12T14:32:55-05:00,PUR_IED_JoseMarti_Exte_5b9bf,PUR_IED_JoseMarti_Exte_5b9bf,,,,,
2026-09-12T14:32:55-05:00,PUR_IED_JoseMarti_LabQuim_1c6c2d,PUR_IED_JoseMarti_LabQuim_1c6c2d,,,,,
2026-09-12T14:32:55-05:00,PUR_IED_JoseMarti_S_info_f5f177,PUR_IED_JoseMarti_S_info_f5f177,,,,,
2026-09-12T14:32:55-05:00,PUR_IED_Josejoaquin_Ext_dfc5dc,PUR_IED_Josejoaquin_Ext_dfc5dc,,,,,
2026-09-12T14:32:55-05:00,PUR_IED_Josejoaquin_S05_5b2a96,PUR_IED_Josejoaquin_S05_5b2a96,,,,,
2026-09-12T14:32:55-05:00,PUR_IED_Josejoaquin_S06_1ce7d2,PUR_IED_Josejoaquin_S06_1ce7d2,,,,,
2026-09-12T14:32:55-05:00,PUR_IED_JulioFlorez_Danza_9b82dd,PUR_IED_JulioFlorez_Danza_9b82dd,,,,,
2026-09-12T14:32:55-05:00,PUR_IED_JulioFlorez_Exter_f9f314,PUR_IED_JulioFlorez_Exter_f9f314,,,,,
2026-09-12T14:32:55-05:00,PUR_IED_JulioFlorez_info2_6b6e08,PUR_IED_JulioFlorez_info2_6b6e08,,,,,
2026-09-12T14:32:55-05:00,PUR_IED_LaBelleza_Aula13_1d00d8,PUR_IED_LaBelleza_Aula13_1d00d8,,,,,
2026-09-12T14:32:55-05:00,PUR_IED_LaBelleza_Ext_7bc08c,PUR_IED_LaBelleza_Ext_7bc08c,,,,,
2026-09-12T14:32:55-05:00,PUR_IED_LaChucua_Ext_8cd6d2,PUR_IED_LaChucua_Ext_8cd6d2,,,,,
2026-09-12T14:32:55-05:00,PUR_IED_LaChucua_S15_f578ce,PUR_IED_LaChucua_S15_f578ce,,,,,
2026-09-12T14:32:55-05:00,PUR_IED_LaChucua_S16_eebcf9,PUR_IED_LaChucua_S16_eebcf9,,,,,
2026-09-12T14:32:55-05:00,PUR_IED_LaFelicidad_Ext_fb5109,PUR_IED_LaFelicidad_Ext_fb5109,,,,,
2026-09-12T14:32:55-05:00,PUR_IED_LaMerced_206_66ebd,PUR_IED_LaMerced_206_66ebd,,,,,
2026-09-12T14:32:55-05:00,PUR_IED_LaMerced_207_6ebd6,PUR_IED_LaMerced_207_6ebd6,,,,,
2026-09-12T14:32:55-05:00,PUR_IED_LaMerced_ext_304311,PUR_IED_LaMerced_ext_304311,,,,,
2026-09-12T14:32:55-05:00,PUR_IED_Laureano_CiencNat_281e5e,PUR_IED_Laureano_CiencNat_281e5e,,,,,
2026-09-12T14:32:55-05:00,PUR_IED_Laureano_Comedor_f65c0a,PUR_IED_Laureano_Comedor_f65c0a,,,,,
2026-09-12T14:32:55-05:00,PUR_IED_Laureano_Exterior_7ab011,PUR_IED_Laureano_Exterior_7ab011,,,,,
2026-09-12T14:32:55-05:00,PUR_IED_LeonGreiff_Exte_dfe560,PUR_IED_LeonGreiff_Exte_dfe560,,,,,
2026-09-12T14:32:55-05:00,PUR_IED_LeonGreiff_S210_f264ed,PUR_IED_LeonGreiff_S210_f264ed,,,,,
2026-09-12T14:32:55-05:00,PUR_IED_LeonGreiff_SQuimi_e8296f,PUR_IED_LeonGreiff_SQuimi_e8296f,,,,,
2026-09-12T14:32:55-05:00,PUR_IED_LlanoOrientalS208_7b9fcd,PUR_IED_LlanoOrientalS208_7b9fcd,,,,,
2026-09-12T14:32:55-05:00,PUR_IED_LlanoOriental_Ext_fb3766,PUR_IED_LlanoOriental_Ext_fb3766,,,,,
2026-09-12T14:32:55-05:00,PUR_IED_LlanoOriental_S208_7b9fcd,PUR_IED_LlanoOriental_S208_7b9fcd,,,,,
2026-09-12T14:32:55-05:00,PUR_IED_LlanoOriental_S9_27b378,PUR_IED_LlanoOriental_S9_27b378,,,,,
2026-09-12T14:32:55-05:00,PUR_IED_LosTejares_1101_477602,PUR_IED_LosTejares_1101_477602,,,,,
2026-09-12T14:32:55-05:00,PUR_IED_LosTejares_11_d2c595,PUR_IED_LosTejares_11_d2c595,,,,,
2026-09-12T14:32:55-05:00,PUR_IED_LosTejares_12_477602,PUR_IED_LosTejares_12_477602,,,,,
2026-09-12T14:32:55-05:00,PUR_IED_LosTejares_Ext_8e2115,PUR_IED_LosTejares_Ext_8e2115,,,,,
2026-09-12T14:32:55-05:00,PUR_IED_MagdalenaO_B202_5ddda3,PUR_IED_MagdalenaO_B202_5ddda3,,,,,
2026-09-12T14:32:55-05:00,PUR_IED_MagdalenaO_B205_fb76e8,PUR_IED_MagdalenaO_B205_fb76e8,,,,,
2026-09-12T14:32:55-05:00,PUR_IED_MagdalenaO_ext_dc69cd,PUR_IED_MagdalenaO_ext_dc69cd,,,,,
2026-09-12T14:32:55-05:00,PUR_IED_ManueCepeda_artes_eee956,PUR_IED_ManueCepeda_artes_eee956,,,,,
2026-09-12T14:32:55-05:00,PUR_IED_ManuelCepeda_Ext_58313,PUR_IED_ManuelCepeda_Ext_58313,,,,,
2026-09-12T14:32:55-05:00,PUR_IED_ManuelCepeda_tec_1c5731,PUR_IED_ManuelCepeda_tec_1c5731,,,,,
2026-09-12T14:32:55-05:00,PUR_IED_ManuelS_Exterior_5b269,PUR_IED_ManuelS_Exterior_5b269,,,,,
2026-09-12T14:32:55-05:00,PUR_IED_ManuelS_Inform_f369ce,PUR_IED_ManuelS_Inform_f369ce,,,,,
2026-09-12T14:32:55-05:00,PUR_IED_ManuelS_SArtes_7d15f1,PUR_IED_ManuelS_SArtes_7d15f1,,,,,
2026-09-12T14:32:55-05:00,PUR_IED_ManuelZapata_303_3ca6,PUR_IED_ManuelZapata_303_3ca6,,,,,
2026-09-12T14:32:55-05:00,PUR_IED_ManuelZapata_311_bfbabc,PUR_IED_ManuelZapata_311_bfbabc,,,,,
2026-09-12T14:32:55-05:00,PUR_IED_ManuelZapata_Ext_50824a,PUR_IED_ManuelZapata_Ext_50824a,,,,,
2026-09-12T14:32:55-05:00,PUR_IED_ManuelitaS_Exteri_656a92,PUR_IED_ManuelitaS_Exteri_656a92,,,,,
2026-09-12T14:32:55-05:00,PUR_IED_ManuelitaS_JuzgDe_f58ec3,PUR_IED_ManuelitaS_JuzgDe_f58ec3,,,,,
2026-09-12T14:32:55-05:00,PUR_IED_ManuelitaS_Recrea_d793db,PUR_IED_ManuelitaS_Recrea_d793db,,,,,
2026-09-12T14:32:55-05:00,PUR_IED_MarFidSuarez_Ext_c27b19,PUR_IED_MarFidSuarez_Ext_c27b19,,,,,
2026-09-12T14:32:55-05:00,PUR_IED_MarFidSuarez_Info_e384d7,PUR_IED_MarFidSuarez_Info_e384d7,,,,,
2026-09-12T14:32:55-05:00,PUR_IED_MarFidSuarez_S306_1d0032,PUR_IED_MarFidSuarez_S306_1d0032,,,,,
2026-09-12T14:32:55-05:00,PUR_IED_Menorah_301_2a25a3,PUR_IED_Menorah_301_2a25a3,,,,,
2026-09-12T14:32:55-05:00,PUR_IED_Menorah_306_37ed3,PUR_IED_Menorah_306_37ed3,,,,,
2026-09-12T14:32:55-05:00,PUR_IED_Menorah_Ext_3e155b,PUR_IED_Menorah_Ext_3e155b,,,,,
2026-09-12T14:32:55-05:00,PUR_IED_MinutoB.Aires_A11_1b1604,PUR_IED_MinutoB.Aires_A11_1b1604,,,,,
2026-09-12T14:32:55-05:00,PUR_IED_MinutoB.Aires_A12_fb5860,PUR_IED_MinutoB.Aires_A12_fb5860,,,,,
2026-09-12T14:32:55-05:00,PUR_IED_MinutoB.Aires_Ext_81293f,PUR_IED_MinutoB.Aires_Ext_81293f,,,,,
2026-09-12T14:32:55-05:00,PUR_IED_MinutoBAires_A11_1b1604,PUR_IED_MinutoBAires_A11_1b1604,,,,,
2026-09-12T14:32:55-05:00,PUR_IED_MinutoBAires_A12_fb5860,PUR_IED_MinutoBAires_A12_fb5860,,,,,
2026-09-12T14:32:55-05:00,PUR_IED_MinutoBAires_Ext_81293f,PUR_IED_MinutoBAires_Ext_81293f,,,,,
2026-09-12T14:32:55-05:00,PUR_IED_Montreal_Aula10_1e4959,PUR_IED_Montreal_Aula10_1e4959,,,,,
2026-09-12T14:32:55-05:00,PUR_IED_Montreal_Aula6_300367,PUR_IED_Montreal_Aula6_300367,,,,,
2026-09-12T14:32:55-05:00,PUR_IED_Montreal_Exterior_91a179,PUR_IED_Montreal_Exterior_91a179,,,,,
2026-09-12T14:32:55-05:00,PUR_IED_Mqgdalena_B202_5ddda3,PUR_IED_Mqgdalena_B202_5ddda3,,,,,
2026-09-12T14:32:55-05:00,PUR_IED_NACUND_Soc_dc8728,PUR_IED_NACUND_Soc_dc8728,,,,,
2026-09-12T14:32:55-05:00,PUR_IED_NACUND_ext_27ad97,PUR_IED_NACUND_ext_27ad97,,,,,
2026-09-12T14:32:55-05:00,PUR_IED_NEsperanza_Ext_d24b61,PUR_IED_NEsperanza_Ext_d24b61,,,,,
2026-09-12T14:32:55-05:00,PUR_IED_NEsperanza_SElect_7d1807,PUR_IED_NEsperanza_SElect_7d1807,,,,,
2026-09-12T14:32:55-05:00,PUR_IED_NEsperanza_SLabor_8b2d0a,PUR_IED_NEsperanza_SLabor_8b2d0a,,,,,
2026-09-12T14:32:55-05:00,PUR_IED_NacionesU_Ext_f661a9,PUR_IED_NacionesU_Ext_f661a9,,,,,
2026-09-12T14:32:55-05:00,PUR_IED_NacionesU_Quimica_66f0a,PUR_IED_NacionesU_Quimica_66f0a,,,,,
2026-09-12T14:32:55-05:00,PUR_IED_NacionesU_S306_1b4b3d,PUR_IED_NacionesU_S306_1b4b3d,,,,,
2026-09-12T14:32:55-05:00,PUR_IED_NestorFA_Ext_e4201c,PUR_IED_NestorFA_Ext_e4201c,,,,,
2026-09-12T14:32:55-05:00,PUR_IED_NestorFA_Laborato_f22fe0,PUR_IED_NestorFA_Laborato_f22fe0,,,,,
2026-09-12T14:32:55-05:00,PUR_IED_NestorFA_S204_dee996,PUR_IED_NestorFA_S204_dee996,,,,,
2026-09-12T14:32:55-05:00,PUR_IED_NidyaQT_Aula03_76999b,PUR_IED_NidyaQT_Aula03_76999b,,,,,
2026-09-12T14:32:55-05:00,PUR_IED_NidyaQT_Aula10_56325,PUR_IED_NidyaQT_Aula10_56325,,,,,
2026-09-12T14:32:55-05:00,PUR_IED_NidyaQT_Ext_46e32d,PUR_IED_NidyaQT_Ext_46e32d,,,,,
2026-09-12T14:32:55-05:00,PUR_IED_NuevaCol_Exterior_d9b859,PUR_IED_NuevaCol_Exterior_d9b859,,,,,
2026-09-12T14:32:55-05:00,PUR_IED_NuevaCol_S1101_76c43b,PUR_IED_NuevaCol_S1101_76c43b,,,,,
2026-09-12T14:32:55-05:00,PUR_IED_NuevaCol_S1102_1ce0b5,PUR_IED_NuevaCol_S1102_1ce0b5,,,,,
2026-09-12T14:32:55-05:00,PUR_IED_OEA_A202_f7e3f2,PUR_IED_OEA_A202_f7e3f2,,,,,
2026-09-12T14:32:55-05:00,PUR_IED_OEA_A203_7d1b8d,PUR_IED_OEA_A203_7d1b8d,,,,,
2026-09-12T14:32:55-05:00,PUR_IED_OEA_Ext_27b593,PUR_IED_OEA_Ext_27b593,,,,,
2026-09-12T14:32:55-05:00,PUR_IED_Ochoa_Ext_1c29da,PUR_IED_Ochoa_Ext_1c29da,,,,,
2026-09-12T14:32:55-05:00,PUR_IED_Ochoa_S205_8b1121,PUR_IED_Ochoa_S205_8b1121,,,,,
2026-09-12T14:32:55-05:00,PUR_IED_Ochoa_Sistemas_f33af6,PUR_IED_Ochoa_Sistemas_f33af6,,,,,
2026-09-12T14:32:55-05:00,PUR_IED_PQuebec_Ext_1c67c7,PUR_IED_PQuebec_Ext_1c67c7,,,,,
2026-09-12T14:32:55-05:00,PUR_IED_PQuebec_S15_23e8e2,PUR_IED_PQuebec_S15_23e8e2,,,,,
2026-09-12T14:32:55-05:00,PUR_IED_PQuebec_S16_8ec76b,PUR_IED_PQuebec_S16_8ec76b,,,,,
2026-09-12T14:32:55-05:00,PUR_IED_PabloN_Ext_49dc96,PUR_IED_PabloN_Ext_49dc96,,,,,
2026-09-12T14:32:55-05:00,PUR_IED_PabloN_S1102_4e3df5,PUR_IED_PabloN_S1102_4e3df5,,,,,
2026-09-12T14:32:55-05:00,PUR_IED_PabloN_S1103_50c94b,PUR_IED_PabloN_S1103_50c94b,,,,,
2026-09-12T14:32:55-05:00,PUR_IED_Palestina_S1101_db9198,PUR_IED_Palestina_S1101_db9198,,,,,
2026-09-12T14:32:55-05:00,PUR_IED_Palestina_S1102_dc54fa,PUR_IED_Palestina_S1102_dc54fa,,,,,
2026-09-12T14:32:55-05:00,PUR_IED_Palestina_ext_4ccce6,PUR_IED_Palestina_ext_4ccce6,,,,,
2026-09-12T14:32:55-05:00,PUR_IED_Panama_Fisica_4d0794,PUR_IED_Panama_Fisica_4d0794,,,,,
2026-09-12T14:32:55-05:00,PUR_IED_Panama_SIngles_a4077e,PUR_IED_Panama_SIngles_a4077e,,,,,
2026-09-12T14:32:55-05:00,PUR_IED_Panama_ext_4c54b4,PUR_IED_Panama_ext_4c54b4,,,,,
2026-09-12T14:32:55-05:00,PUR_IED_ParaisoM_Exterior_8cd7f0,PUR_IED_ParaisoM_Exterior_8cd7f0,,,,,
2026-09-12T14:32:55-05:00,PUR_IED_ParaisoM_Laborato_27af35,PUR_IED_ParaisoM_Laborato_27af35,,,,,
2026-09-12T14:32:55-05:00,PUR_IED_ParaisoM_S304_d1edca,PUR_IED_ParaisoM_S304_d1edca,,,,,
2026-09-12T14:32:55-05:00,PUR_IED_PorfirioBarba_Ext_301466,PUR_IED_PorfirioBarba_Ext_301466,,,,,
2026-09-12T14:32:55-05:00,PUR_IED_PorfirioBarba_S11_df6cd2,PUR_IED_PorfirioBarba_S11_df6cd2,,,,,
2026-09-12T14:32:55-05:00,PUR_IED_PorfirioBarba_S29_27a7d6,PUR_IED_PorfirioBarba_S29_27a7d6,,,,,
2026-09-12T14:32:55-05:00,PUR_IED_PradoV_Exter_8b27ad,PUR_IED_PradoV_Exter_8b27ad,,,,,
2026-09-12T14:32:55-05:00,PUR_IED_PradoV_S301_de65b5,PUR_IED_PradoV_S301_de65b5,,,,,
2026-09-12T14:32:55-05:00,PUR_IED_PradoV_S302_7d2593,PUR_IED_PradoV_S302_7d2593,,,,,
2026-09-12T14:32:55-05:00,PUR_IED_QuirogaAlz_Ext_1ddc82,PUR_IED_QuirogaAlz_Ext_1ddc82,,,,,
2026-09-12T14:32:55-05:00,PUR_IED_QuirogaAlz_S302_9926a3,PUR_IED_QuirogaAlz_S302_9926a3,,,,,
2026-09-12T14:32:55-05:00,PUR_IED_QuirogaAlz_S305_cdf1f1,PUR_IED_QuirogaAlz_S305_cdf1f1,,,,,
2026-09-12T14:32:55-05:00,PUR_IED_RGuatemala_Biling_dc53b7,PUR_IED_RGuatemala_Biling_dc53b7,,,,,
2026-09-12T14:32:55-05:00,PUR_IED_RGuatemala_Ext_1b89a3,PUR_IED_RGuatemala_Ext_1b89a3,,,,,
2026-09-12T14:32:55-05:00,PUR_IED_RGuatemala_Tecnol_281a34,PUR_IED_RGuatemala_Tecnol_281a34,,,,,
2026-09-12T14:32:55-05:00,PUR_IED_RafaNu_Ext_f7c302,PUR_IED_RafaNu_Ext_f7c302,,,,,
2026-09-12T14:32:55-05:00,PUR_IED_RafaNu_S1101_25fde,PUR_IED_RafaNu_S1101_25fde,,,,,
2026-09-12T14:32:55-05:00,PUR_IED_RafaNu_S1102_281517,PUR_IED_RafaNu_S1102_281517,,,,,
2026-09-12T14:32:55-05:00,PUR_IED_RafaelB_S305_ee2783,PUR_IED_RafaelB_S305_ee2783,,,,,
2026-09-12T14:32:55-05:00,PUR_IED_RafaelB_S306_75fe33,PUR_IED_RafaelB_S306_75fe33,,,,,
2026-09-12T14:32:55-05:00,PUR_IED_RafaelB_ext_283336,PUR_IED_RafaelB_ext_283336,3,20,58,4.6722,-74.0737
2026-09-12T14:32:55-05:00,PUR_IED_RafaelUU_Exterior_281a51,PUR_IED_RafaelUU_Exterior_281a51,,,,,
2026-09-12T14:32:55-05:00,PUR_IED_RafaelUU_Human_806b2,PUR_IED_RafaelUU_Human_806b2,,,,,
2026-09-12T14:32:55-05:00,PUR_IED_RafaelUU_Mate2_5680d4,PUR_IED_RafaelUU_Mate2_5680d4,,,,,
2026-09-12T14:32:55-05:00,PUR_IED_RamonSub_Ext_f9eeb9,PUR_IED_RamonSub_Ext_f9eeb9,,,,,
2026-09-12T14:32:55-05:00,PUR_IED_RamonSub_Media_d1f62f,PUR_IED_RamonSub_Media_d1f62f,,,,,
2026-09-12T14:32:55-05:00,PUR_IED_RamonSub_planta_51b82,PUR_IED_RamonSub_planta_51b82,,,,,
2026-09-12T14:32:55-05:00,PUR_IED_RepBoliVene_Exter_27af7c,PUR_IED_RepBoliVene_Exter_27af7c,,,,,
2026-09-12T14:32:55-05:00,PUR_IED_RepBoliVene_SCPT_5ae2ee,PUR_IED_RepBoliVene_SCPT_5ae2ee,,,,,
2026-09-12T14:32:55-05:00,PUR_IED_RepBoliVene_Socia_4b11d5,PUR_IED_RepBoliVene_Socia_4b11d5,,,,,
2026-09-12T14:32:55-05:00,PUR_IED_RepChina_Ext_76d9ee,PUR_IED_RepChina_Ext_76d9ee,,,,,
2026-09-12T14:32:55-05:00,PUR_IED_RepChina_S404_7c804c,PUR_IED_RepChina_S404_7c804c,,,,,
2026-09-12T14:32:55-05:00,PUR_IED_RepChina_S405_df2c33,PUR_IED_RepChina_S405_df2c33,,,,,
2026-09-12T14:32:55-05:00,PUR_IED_RepublicaC_Exteri_7d1ec9,PUR_IED_RepublicaC_Exteri_7d1ec9,,,,,
2026-09-12T14:32:55-05:00,PUR_IED_RepublicaC_S1101_f544b3,PUR_IED_RepublicaC_S1101_f544b3,,,,,
2026-09-12T14:32:55-05:00,PUR_IED_RepublicaC_S1102_7aafc7,PUR_IED_RepublicaC_S1102_7aafc7,,,,,
2026-09-12T14:32:55-05:00,PUR_IED_Ricaurte_Externo_a0ea1,PUR_IED_Ricaurte_Externo_a0ea1,,,,,
2026-09-12T14:32:55-05:00,PUR_IED_Ricaurte_S210_f546fd,PUR_IED_Ricaurte_S210_f546fd,,,,,
2026-09-12T14:32:55-05:00,PUR_IED_Ricaurte_S309_d4452,PUR_IED_Ricaurte_S309_d4452,,,,,
2026-09-12T14:32:55-05:00,PUR_IED_RogelioS_1102_531e69,PUR_IED_RogelioS_1102_531e69,,,,,
2026-09-12T14:32:55-05:00,PUR_IED_RogelioS_Ext_f25a18,PUR_IED_RogelioS_Ext_f25a18,,,,,
2026-09-12T14:32:55-05:00,PUR_IED_SBernardino_Ext_27aff8,PUR_IED_SBernardino_Ext_27aff8,,,,,
2026-09-12T14:32:55-05:00,PUR_IED_SBernardino_SArte_2ffd33,PUR_IED_SBernardino_SArte_2ffd33,,,,,
2026-09-12T14:32:55-05:00,PUR_IED_SBernardino_SIngl_7c7da5,PUR_IED_SBernardino_SIngl_7c7da5,,,,,
2026-09-12T14:32:55-05:00,PUR_IED_Sago_auditorio_dc9d1d,PUR_IED_Sago_auditorio_dc9d1d,,,,,
2026-09-12T14:32:55-05:00,PUR_IED_Saludcoop_Ext_95aac3,PUR_IED_Saludcoop_Ext_95aac3,,,,,
2026-09-12T14:32:55-05:00,PUR_IED_Saludcoop_InfI_90c854,PUR_IED_Saludcoop_InfI_90c854,,,,,
2026-09-12T14:32:55-05:00,PUR_IED_Saludcoop_SMedia_1b93be,PUR_IED_Saludcoop_SMedia_1b93be,,,,,
2026-09-12T14:32:55-05:00,PUR_IED_SanCarlos_1101_1a2360,PUR_IED_SanCarlos_1101_1a2360,,,,,
2026-09-12T14:32:55-05:00,PUR_IED_SanCarlos_1103_7bafb5,PUR_IED_SanCarlos_1103_7bafb5,,,,,
2026-09-12T14:32:55-05:00,PUR_IED_SanCarlos_Ext_b7cd1,PUR_IED_SanCarlos_Ext_b7cd1,,,,,
2026-09-12T14:32:55-05:00,PUR_IED_SanIgnacioBosa11a_50c26e,PUR_IED_SanIgnacioBosa11a_50c26e,,,,,
2026-09-12T14:32:55-05:00,PUR_IED_SanIgnacioBosa11b_371de8,PUR_IED_SanIgnacioBosa11b_371de8,,,,,
2026-09-12T14:32:55-05:00,PUR_IED_SanIgnacioBosaExt_ef0ffc,PUR_IED_SanIgnacioBosaExt_ef0ffc,,,,,
2026-09-12T14:32:55-05:00,PUR_IED_SanIgnacioBosa_11a_50c26e,PUR_IED_SanIgnacioBosa_11a_50c26e,,,,,
2026-09-12T14:32:55-05:00,PUR_IED_SanIgnacioBosa_Ext_ef0ffc,PUR_IED_SanIgnacioBosa_Ext_ef0ffc,,,,,
2026-09-12T14:32:55-05:00,PUR_IED_SanJoseN_intS1101_31c47f,PUR_IED_SanJoseN_intS1101_31c47f,,,,,
2026-09-12T14:32:55-05:00,PUR_IED_SanJoseUsm_Exter_f5d7e8,PUR_IED_SanJoseUsm_Exter_f5d7e8,,,,,
2026-09-12T14:32:55-05:00,PUR_IED_SanJoseUsm_Int11A_cfdef6,PUR_IED_SanJoseUsm_Int11A_cfdef6,,,,,
2026-09-12T14:32:55-05:00,PUR_IED_SilveriaR_IntB5_905349,PUR_IED_SilveriaR_IntB5_905349,,,,,
2026-09-12T14:32:55-05:00,PUR_IED_SilveriaR_IntSD14_981f93,PUR_IED_SilveriaR_IntSD14_981f93,,,,,
2026-09-12T14:32:55-05:00,PUR_IED_SilveriaR_ext_2b651d,PUR_IED_SilveriaR_ext_2b651d,,,,,
2026-09-12T14:32:55-05:00,PUR_IED_SimonB_Exterior_913975,PUR_IED_SimonB_Exterior_913975,,,,,
2026-09-12T14:32:55-05:00,PUR_IED_SimonB_LabQuimi_c56908,PUR_IED_SimonB_LabQuimi_c56908,,,,,
2026-09-12T14:32:55-05:00,PUR_IED_SimonB_informatic_a28c1,PUR_IED_SimonB_informatic_a28c1,,,,,
2026-09-12T14:32:55-05:00,PUR_IED_Sorrento_1102_315f50,PUR_IED_Sorrento_1102_315f50,,,,,
2026-09-12T14:32:55-05:00,PUR_IED_Sorrento_Minte_214eab,PUR_IED_Sorrento_Minte_214eab,,,,,
2026-09-12T14:32:55-05:00,PUR_IED_Sorrento_ext_7c3a0a,PUR_IED_Sorrento_ext_7c3a0a,,,,,
2026-09-12T14:32:55-05:00,PUR_IED_Tabora_Ext_f048ae,PUR_IED_Tabora_Ext_f048ae,,,,,
2026-09-12T14:32:55-05:00,PUR_IED_Tabora_S1102_b07752,PUR_IED_Tabora_S1102_b07752,,,,,
2026-09-12T14:32:55-05:00,PUR_IED_Tabora_S1103_d988f5,PUR_IED_Tabora_S1103_d988f5,,,,,
2026-09-12T14:32:55-05:00,PUR_IED_Tenerife_Ext_1ab188,PUR_IED_Tenerife_Ext_1ab188,,,,,
2026-09-12T14:32:55-05:00,PUR_IED_Tenerife_SDanzas_7bc02e,PUR_IED_Tenerife_SDanzas_7bc02e,,,,,
2026-09-12T14:32:55-05:00,PUR_IED_Tenerife_SIngles_7cc277,PUR_IED_Tenerife_SIngles_7cc277,,,,,
2026-09-12T14:32:55-05:00,PUR_IED_Tibabuyes_Exter_f2683d,PUR_IED_Tibabuyes_Exter_f2683d,,,,,
2026-09-12T14:32:55-05:00,PUR_IED_Tibabuyes_S10_dc87a8,PUR_IED_Tibabuyes_S10_dc87a8,,,,,
2026-09-12T14:32:55-05:00,PUR_IED_Tibabuyes_S15_dc0526,PUR_IED_Tibabuyes_S15_dc0526,,,,,
2026-09-12T14:32:55-05:00,PUR_IED_UnionE_S301_a1043,PUR_IED_UnionE_S301_a1043,,,,,
2026-09-12T14:32:55-05:00,PUR_IED_UnionE_S307_ff6c2f,PUR_IED_UnionE_S307_ff6c2f,,,,,
2026-09-12T14:32:55-05:00,PUR_IED_UnionE__Ext_5e2468,PUR_IED_UnionE__Ext_5e2468,,,,,
2026-09-12T14:32:55-05:00,PUR_IED_VillaRica_Ext_75be7c,PUR_IED_VillaRica_Ext_75be7c,,,,,
2026-09-12T14:32:55-05:00,PUR_IED_VillaRica_S4_cc5dcd,PUR_IED_VillaRica_S4_cc5dcd,,,,,
2026-09-12T14:32:55-05:00,PUR_IED_VillaRica_Sesp_99f5c,PUR_IED_VillaRica_Sesp_99f5c,,,,,
2026-09-12T14:36:08-05:00,PUR_IED_20deJulio_1101_91b1b9,PUR_IED_20deJulio_1101_91b1b9,,,,,
2026-09-12T14:36:08-05:00,PUR_IED_20deJulio_1102_1cfcf9,PUR_IED_20deJulio_1102_1cfcf9,,,,,
2026-09-12T14:36:08-05:00,PUR_IED_20deJulio_Ext_ab60bd,PUR_IED_20deJulio_Ext_ab60bd,,,,,
2026-09-12T14:36:08-05:00,PUR_IED_AgustinFer_Ext_7b9b77,PUR_IED_AgustinFer_Ext_7b9b77,,,,,
2026-09-12T14:36:08-05:00,PUR_IED_AgustinFer_Info2_27b3a7,PUR_IED_AgustinFer_Info2_27b3a7,,,,,
2026-09-12T14:36:08-05:00,PUR_IED_AgustinFer_Sena_54b4eb,PUR_IED_AgustinFer_Sena_54b4eb,,,,,
2026-09-12T14:36:08-05:00,PUR_IED_AlexanderF_1102_caf07b,PUR_IED_AlexanderF_1102_caf07b,,,,,
2026-09-12T14:36:08-05:00,PUR_IED_AlexanderF_1103_c79e71,PUR_IED_AlexanderF_1103_c79e71,,,,,
2026-09-12T14:36:08-05:00,PUR_IED_AlexanderF_Ext_c5b18b,PUR_IED_AlexanderF_Ext_c5b18b,,,,,
2026-09-12T14:36:08-05:00,PUR_IED_AlfonsoLopez_Ext_281d77,PUR_IED_AlfonsoLopez_Ext_281d77,,,,,
2026-09-12T14:36:08-05:00,PUR_IED_AlfonsoLopez_LabF_888ce0,PUR_IED_AlfonsoLopez_LabF_888ce0,,,,,
2026-09-12T14:36:08-05:00,PUR_IED_AlfonsoLopez_SMed_df6a7f,PUR_IED_AlfonsoLopez_SMed_df6a7f,,,,,
2026-09-12T14:36:08-05:00,PUR_IED_AltamiraSO_A2_209f92,PUR_IED_AltamiraSO_A2_209f92,,,,,
2026-09-12T14:36:08-05:00,PUR_IED_AltamiraSO_Ext_186d66,PUR_IED_AltamiraSO_Ext_186d66,,,,,
2026-09-12T14:36:08-05:00,PUR_IED_AltamiraSO_Sistem_27afe1,PUR_IED_AltamiraSO_Sistem_27afe1,,,,,
2026-09-12T14:36:08-05:00,PUR_IED_AlvaroGom_LabQuim_813179,PUR_IED_AlvaroGom_LabQuim_813179,,,,,
2026-09-12T14:36:08-05:00,PUR_IED_AlvaroGomez_Ext_47c7ca,PUR_IED_AlvaroGomez_Ext_47c7ca,,,,,
2026-09-12T14:36:08-05:00,PUR_IED_AlvaroGomez_LabQuim_813179,PUR_IED_AlvaroGomez_LabQuim_813179,,,,,
2026-09-12T14:36:08-05:00,PUR_IED_AlvaroGomez_S23_7ba89f,PUR_IED_AlvaroGomez_S23_7ba89f,,,,,
2026-09-12T14:36:08-05:00,PUR_IED_Amistad_306_dc8728,PUR_IED_Amistad_306_dc8728,,,,,
2026-09-12T14:36:08-05:00,PUR_IED_Amistad_Ext_8cd55e,PUR_IED_Amistad_Ext_8cd55e,,,,,
2026-09-12T14:36:08-05:00,PUR_IED_Amistad_S202_a41169,PUR_IED_Amistad_S202_a41169,,,,,
2026-09-12T14:36:08-05:00,PUR_IED_AndresBello_Bio_fd5f5e,PUR_IED_AndresBello_Bio_fd5f5e,,,,,
2026-09-12T14:36:08-05:00,PUR_IED_AndresBello_ext_dcad65,PUR_IED_AndresBello_ext_dcad65,,,,,
2026-09-12T14:36:08-05:00,PUR_IED_AndresBello_port_eed3ec,PUR_IED_AndresBello_port_eed3ec,,,,,
2026-09-12T14:36:08-05:00,PUR_IED_AngelaR_11b_d90a6b,PUR_IED_AngelaR_11b_d90a6b,,,,,
2026-09-12T14:36:08-05:00,PUR_IED_AngelaR_ext_7cad3e,PUR_IED_AngelaR_ext_7cad3e,2,22,54,4.5825,-74.164497
2026-09-12T14:36:08-05:00,PUR_IED_AntJoseSucre_10mo_df2575,PUR_IED_AntJoseSucre_10mo_df2575,,,,,
2026-09-12T14:36:08-05:00,PUR_IED_AntJoseSucre_Ext_215b36,PUR_IED_AntJoseSucre_Ext_215b36,,,,,
2026-09-12T14:36:08-05:00,PUR_IED_AntJoseSucre_Lab_3139de,PUR_IED_AntJoseSucre_Lab_3139de,,,,,
2026-09-12T14:36:08-05:00,PUR_IED_AntonioGarcia_301_d6b188,PUR_IED_AntonioGarcia_301_d6b188,,,,,
2026-09-12T14:36:08-05:00,PUR_IED_AntonioGarcia_302_88a82,PUR_IED_AntonioGarcia_302_88a82,,,,,
2026-09-12T14:36:08-05:00,PUR_IED_AntonioGarcia_Ext_20950c,PUR_IED_AntonioGarcia_Ext_20950c,,,,,
2026-09-12T14:36:08-05:00,PUR_IED_AntonioVan_Aula2_6dea02,PUR_IED_AntonioVan_Aula2_6dea02,,,,,
2026-09-12T14:36:08-05:00,PUR_IED_AntonioVan_Aula5_f1557e,PUR_IED_AntonioVan_Aula5_f1557e,,,,,
2026-09-12T14:36:08-05:00,PUR_IED_AntonioVan_Ext_406f2f,PUR_IED_AntonioVan_Ext_406f2f,,,,,
2026-09-12T14:36:08-05:00,PUR_IED_Atabanzha_Ext_cc5af9,PUR_IED_Atabanzha_Ext_cc5af9,,,,,
2026-09-12T14:36:08-05:00,PUR_IED_Atabanzha_SA101_56c37,PUR_IED_Atabanzha_SA101_56c37,,,,,
2026-09-12T14:36:08-05:00,PUR_IED_Atabanzha_SB302_27b374,PUR_IED_Atabanzha_SB302_27b374,,,,,
2026-09-12T14:36:08-05:00,PUR_IED_Atahualpa_Ext_fc1748,PUR_IED_Atahualpa_Ext_fc1748,,,,,
2026-09-12T14:36:08-05:00,PUR_IED_Atahualpa_Informa_dc9a95,PUR_IED_Atahualpa_Informa_dc9a95,,,,,
2026-09-12T14:36:08-05:00,PUR_IED_Atahualpa_S1101_f98056,PUR_IED_Atahualpa_S1101_f98056,,,,,
2026-09-12T14:36:08-05:00,PUR_IED_Bellavista_Ext_f5aa74,PUR_IED_Bellavista_Ext_f5aa74,,,,,
2026-09-12T14:36:08-05:00,PUR_IED_Bilbao_11A_916c41,PUR_IED_Bilbao_11A_916c41,,,,,
2026-09-12T14:36:08-05:00,PUR_IED_Bilbao_Ext_fb579a,PUR_IED_Bilbao_Ext_fb579a,,,,,
2026-09-12T14:36:08-05:00,PUR_IED_BrasiliaU_A125_304280,PUR_IED_BrasiliaU_A125_304280,,,,,
2026-09-12T14:36:08-05:00,PUR_IED_BrasiliaU_A203_7c8ca5,PUR_IED_BrasiliaU_A203_7c8ca5,,,,,
2026-09-12T14:36:08-05:00,PUR_IED_BrasiliaU_Ext_8d6e9f,PUR_IED_BrasiliaU_Ext_8d6e9f,3,21,50,4.5175,-74.116302
2026-09-12T14:36:08-05:00,PUR_IED_Brasilia_Ext_fe6593,PUR_IED_Brasilia_Ext_fe6593,,,,,
2026-09-12T14:36:08-05:00,PUR_IED_Brasilia_S24_7c130d,PUR_IED_Brasilia_S24_7c130d,,,,,
2026-09-12T14:36:08-05:00,PUR_IED_Brasilia_S501_186a54,PUR_IED_Brasilia_S501_186a54,,,,,
2026-09-12T14:36:08-05:00,PUR_IED_CHARRY_EXT_f1d5cd,PUR_IED_CHARRY_EXT_f1d5cd,,,,,
2026-09-12T14:36:08-05:00,PUR_IED_CHARRY_INTDANZAS_7a08e6,PUR_IED_CHARRY_INTDANZAS_7a08e6,,,,,
2026-09-12T14:36:08-05:00,PUR_IED_CHARRY_INT_AULA20_dc998d,PUR_IED_CHARRY_INT_AULA20_dc998d,,,,,
2026-09-12T14:36:08-05:00,PUR_IED_COLVIV_1101_S25_7f520a,PUR_IED_COLVIV_1101_S25_7f520a,,,,,
2026-09-12T14:36:08-05:00,PUR_IED_COLVIV_1102_S16_f570ba,PUR_IED_COLVIV_1102_S16_f570ba,,,,,
2026-09-12T14:36:08-05:00,PUR_IED_COLVIV_Ext_1a26fa,PUR_IED_COLVIV_Ext_1a26fa,,,,,
2026-09-12T14:36:08-05:00,PUR_IED_CULPOP_301A_f660f3,PUR_IED_CULPOP_301A_f660f3,,,,,
2026-09-12T14:36:08-05:00,PUR_IED_CULPOP_303_568afe,PUR_IED_CULPOP_303_568afe,,,,,
2026-09-12T14:36:08-05:00,PUR_IED_CULPOP_Ext_e02ccb,PUR_IED_CULPOP_Ext_e02ccb,,,,,
2026-09-12T14:36:08-05:00,PUR_IED_CVillavicen_Ext_26eb58,PUR_IED_CVillavicen_Ext_26eb58,4,18,69,4.487,-74.102798
2026-09-12T14:36:08-05:00,PUR_IED_CVillavicen_Intel_1ce5c2,PUR_IED_CVillavicen_Intel_1ce5c2,,,,,
2026-09-12T14:36:08-05:00,PUR_IED_CVillavicen_Poliv_e0766c,PUR_IED_CVillavicen_Poliv_e0766c,,,,,
2026-09-12T14:36:08-05:00,PUR_IED_CVillavicen_int_1ba140,PUR_IED_CVillavicen_int_1ba140,,,,,
2026-09-12T14:36:08-05:00,PUR_IED_CVillavicen_intel_1ba140,PUR_IED_CVillavicen_intel_1ba140,,,,,
2026-09-12T14:36:08-05:00,PUR_IED_CarlosPizarro_Ext_e307cc,PUR_IED_CarlosPizarro_Ext_e307cc,,,,,
2026-09-12T14:36:08-05:00,PUR_IED_CarlosPizarro_L36_7e5cdb,PUR_IED_CarlosPizarro_L36_7e5cdb,,,,,
2026-09-12T14:36:08-05:00,PUR_IED_CarlosPizarro_L37_c8566c,PUR_IED_CarlosPizarro_L37_c8566c,,,,,
2026-09-12T14:36:08-05:00,PUR_IED_Castilla_Ext_cf35f,PUR_IED_Castilla_Ext_cf35f,,,,,
2026-09-12T14:36:08-05:00,PUR_IED_Castilla_SFisik_360e38,PUR_IED_Castilla_SFisik_360e38,,,,,
2026-09-12T14:36:08-05:00,PUR_IED_Castilla_Sc304_496fbf,PUR_IED_Castilla_Sc304_496fbf,,,,,
2026-09-12T14:36:08-05:00,PUR_IED_CervantesSa_Ext_6b57b,PUR_IED_CervantesSa_Ext_6b57b,2,21,57,4.5128,-74.117203
2026-09-12T14:36:08-05:00,PUR_IED_CervantesSa_S107_225c2b,PUR_IED_CervantesSa_S107_225c2b,,,,,
2026-09-12T14:36:08-05:00,PUR_IED_CervantesSa_S108_940925,PUR_IED_CervantesSa_S108_940925,,,,,
2026-09-12T14:36:08-05:00,PUR_IED_Charry_A20_f53e7c,PUR_IED_Charry_A20_f53e7c,,,,,
2026-09-12T14:36:08-05:00,PUR_IED_Charry_Ext_f1d5cd,PUR_IED_Charry_Ext_f1d5cd,,,,,
2026-09-12T14:36:08-05:00,PUR_IED_Charry_IntAula20_dc998d,PUR_IED_Charry_IntAula20_dc998d,,,,,
2026-09-12T14:36:08-05:00,PUR_IED_Charry_IntDanzas_7a08e6,PUR_IED_Charry_IntDanzas_7a08e6,,,,,
2026-09-12T14:36:08-05:00,PUR_IED_ClememciaC_203_43e2fc,PUR_IED_ClememciaC_203_43e2fc,,,,,
2026-09-12T14:36:08-05:00,PUR_IED_ClememciaC_Ext_1b411a,PUR_IED_ClememciaC_Ext_1b411a,,,,,
2026-09-12T14:36:08-05:00,PUR_IED_ClememciaC_Quimic_44b5fc,PUR_IED_ClememciaC_Quimic_44b5fc,,,,,
2026-09-12T14:36:08-05:00,PUR_IED_ClemenciaC_203_43e2fc,PUR_IED_ClemenciaC_203_43e2fc,,,,,
2026-09-12T14:36:08-05:00,PUR_IED_ClemenciaC_Ext_1b411a,PUR_IED_ClemenciaC_Ext_1b411a,,,,,
2026-09-12T14:36:08-05:00,PUR_IED_ClemenciaC_Quimic_44b5fc,PUR_IED_ClemenciaC_Quimic_44b5fc,,,,,
2026-09-12T14:36:08-05:00,PUR_IED_ColViva_1101_S25_7f520a,PUR_IED_ColViva_1101_S25_7f520a,,,,,
2026-09-12T14:36:08-05:00,PUR_IED_ColViva_1102_S16_f570ba,PUR_IED_ColViva_1102_S16_f570ba,,,,,
2026-09-12T14:36:08-05:00,PUR_IED_ColViva_Ext_1a26fa,PUR_IED_ColViva_Ext_1a26fa,,,,,
2026-09-12T14:36:08-05:00,PUR_IED_ColegioBici_Asist_7c8798,PUR_IED_ColegioBici_Asist_7c8798,,,,,
2026-09-12T14:36:08-05:00,PUR_IED_ColegioBici_Ext_25cbf6,PUR_IED_ColegioBici_Ext_25cbf6,,,,,
2026-09-12T14:36:08-05:00,PUR_IED_ColegioBici_LabQ_7b57db,PUR_IED_ColegioBici_LabQ_7b57db,,,,,
2026-09-12T14:36:08-05:00,PUR_IED_CostaRica_Ext_5e640,PUR_IED_CostaRica_Ext_5e640,,,,,
2026-09-12T14:36:08-05:00,PUR_IED_CostaRica_Quim1_766d1c,PUR_IED_CostaRica_Quim1_766d1c,,,,,
2026-09-12T14:36:08-05:00,PUR_IED_CostaRica__Fisica_6f0873,PUR_IED_CostaRica__Fisica_6f0873,,,,,
2026-09-12T14:36:08-05:00,PUR_IED_CulPopu_301A_f660f3,PUR_IED_CulPopu_301A_f660f3,,,,,
2026-09-12T14:36:08-05:00,PUR_IED_CulPopu_303_568afe,PUR_IED_CulPopu_303_568afe,,,,,
2026-09-12T14:36:08-05:00,PUR_IED_CulPopu_Ext_e02ccb,PUR_IED_CulPopu_Ext_e02ccb,,,,,
2026-09-12T14:36:08-05:00,PUR_IED_Cundinamarca_Ext_f15985,PUR_IED_Cundinamarca_Ext_f15985,,,,,
2026-09-12T14:36:08-05:00,PUR_IED_Cundinamarca_Info_7aa5d7,PUR_IED_Cundinamarca_Info_7aa5d7,,,,,
2026-09-12T14:36:08-05:00,PUR_IED_Cundinamarca_Tec2_f449c7,PUR_IED_Cundinamarca_Tec2_f449c7,,,,,
2026-09-12T14:36:08-05:00,PUR_IED_DiegoM_Aula1_27b314,PUR_IED_DiegoM_Aula1_27b314,,,,,
2026-09-12T14:36:08-05:00,PUR_IED_DiegoM_Ext_d80ac8,PUR_IED_DiegoM_Ext_d80ac8,,,,,
2026-09-12T14:36:08-05:00,PUR_IED_DiegoM_S25_da928f,PUR_IED_DiegoM_S25_da928f,,,,,
2026-09-12T14:36:08-05:00,PUR_IED_ELRODEO_360881,PUR_IED_ELRODEO_360881,,,,,
2026-09-12T14:36:08-05:00,PUR_IED_ELRODEO_ext_360881,PUR_IED_ELRODEO_ext_360881,,,,,
2026-09-12T14:36:08-05:00,PUR_IED_EduardoU_Ext_1c1969,PUR_IED_EduardoU_Ext_1c1969,,,,,
2026-09-12T14:36:08-05:00,PUR_IED_EduardoU_SCiencia_4dfb94,PUR_IED_EduardoU_SCiencia_4dfb94,,,,,
2026-09-12T14:36:08-05:00,PUR_IED_EduardoU_SQuimica_5a46e7,PUR_IED_EduardoU_SQuimica_5a46e7,,,,,
2026-09-12T14:36:08-05:00,PUR_IED_ElRodeo_Aula14_676984,PUR_IED_ElRodeo_Aula14_676984,,,,,
2026-09-12T14:36:08-05:00,PUR_IED_ElRodeo_Aula16_2dd35b,PUR_IED_ElRodeo_Aula16_2dd35b,,,,,
2026-09-12T14:36:08-05:00,PUR_IED_ElRodeo_Ext_360881,PUR_IED_ElRodeo_Ext_360881,,,,,
2026-09-12T14:36:08-05:00,PUR_IED_ElRodeo_Exterior_8c6d28,PUR_IED_ElRodeo_Exterior_8c6d28,,,,,
2026-09-12T14:36:08-05:00,PUR_IED_ElRodeo_ext_360881,PUR_IED_ElRodeo_ext_360881,,,,,
2026-09-12T14:36:08-05:00,PUR_IED_EmmaReyes_Ext_987625,PUR_IED_EmmaReyes_Ext_987625,3,22,46,4.6367,-74.1511
2026-09-12T14:36:08-05:00,PUR_IED_Ensueño_Ext_7f0250,PUR_IED_Ensueño_Ext_7f0250,,,,,
2026-09-12T14:36:08-05:00,PUR_IED_EscNormal_Ext_5fef3b,PUR_IED_EscNormal_Ext_5fef3b,2,22,49,4.5852,-74.096901
2026-09-12T14:36:08-05:00,PUR_IED_EscNormal_S309_5b263,PUR_IED_EscNormal_S309_5b263,,,,,
2026-09-12T14:36:08-05:00,PUR_IED_EscNormal_S310_27b3b8,PUR_IED_EscNormal_S310_27b3b8,,,,,
2026-09-12T14:36:08-05:00,PUR_IED_Evangelista_Conta_f6cd4f,PUR_IED_Evangelista_Conta_f6cd4f,,,,,
2026-09-12T14:36:08-05:00,PUR_IED_Evangelista_Cri_5e16a,PUR_IED_Evangelista_Cri_5e16a,,,,,
2026-09-12T14:36:08-05:00,PUR_IED_Evangelista_Exter_754066,PUR_IED_Evangelista_Exter_754066,,,,,
2026-09-12T14:36:08-05:00,PUR_IED_FMiranda_S209_5cc2a3,PUR_IED_FMiranda_S209_5cc2a3,,,,,
2026-09-12T14:36:08-05:00,PUR_IED_FMiranda_S303_19e344,PUR_IED_FMiranda_S303_19e344,,,,,
2026-09-12T14:36:08-05:00,PUR_IED_FMiranda_ext_f53e7c,PUR_IED_FMiranda_ext_f53e7c,,,,,
2026-09-12T14:36:08-05:00,PUR_IED_FabioLozano_Bibli_1cee05,PUR_IED_FabioLozano_Bibli_1cee05,,,,,
2026-09-12T14:36:08-05:00,PUR_IED_FabioLozano_Ext_6ea285,PUR_IED_FabioLozano_Ext_6ea285,,,,,
2026-09-12T14:36:08-05:00,PUR_IED_FabioLozano_SLudi_f09e1e,PUR_IED_FabioLozano_SLudi_f09e1e,,,,,
2026-09-12T14:36:08-05:00,PUR_IED_FaustinoS_Aula07_27a731,PUR_IED_FaustinoS_Aula07_27a731,,,,,
2026-09-12T14:36:08-05:00,PUR_IED_FaustinoS_Ext_7b936f,PUR_IED_FaustinoS_Ext_7b936f,,,,,
2026-09-12T14:36:08-05:00,PUR_IED_FaustinoS_Fisica_da2c60,PUR_IED_FaustinoS_Fisica_da2c60,,,,,
2026-09-12T14:36:08-05:00,PUR_IED_FeGarciaLo_Ext_dc68ee,PUR_IED_FeGarciaLo_Ext_dc68ee,,,,,
2026-09-12T14:36:08-05:00,PUR_IED_FeGarciaLo_SDanza_f70a59,PUR_IED_FeGarciaLo_SDanza_f70a59,,,,,
2026-09-12T14:36:08-05:00,PUR_IED_FeGarciaLo_SMusic_125cdd,PUR_IED_FeGarciaLo_SMusic_125cdd,,,,,
2026-09-12T14:36:08-05:00,PUR_IED_FederalAlema_Exte_50c345,PUR_IED_FederalAlema_Exte_50c345,,,,,
2026-09-12T14:36:08-05:00,PUR_IED_FederalAlema_S31_f18371,PUR_IED_FederalAlema_S31_f18371,,,,,
2026-09-12T14:36:08-05:00,PUR_IED_FederalAlema_S901_a62cd,PUR_IED_FederalAlema_S901_a62cd,,,,,
2026-09-12T14:36:08-05:00,PUR_IED_FilarmonicaS_A5_f35eb1,PUR_IED_FilarmonicaS_A5_f35eb1,,,,,
2026-09-12T14:36:08-05:00,PUR_IED_FilarmonicaS_Ext_8a3bde,PUR_IED_FilarmonicaS_Ext_8a3bde,,,,,
2026-09-12T14:36:08-05:00,PUR_IED_FilarmonicaS_Spol_406114,PUR_IED_FilarmonicaS_Spol_406114,,,,,
2026-09-12T14:36:08-05:00,PUR_IED_FlorentinoG_A13_d1fa59,PUR_IED_FlorentinoG_A13_d1fa59,,,,,
2026-09-12T14:36:08-05:00,PUR_IED_FlorentinoG_Ext_1ce6ce,PUR_IED_FlorentinoG_Ext_1ce6ce,,,,,
2026-09-12T14:36:08-05:00,PUR_IED_FlorentinoG_Idiom_a66aac,PUR_IED_FlorentinoG_Idiom_a66aac,,,,,
2026-09-12T14:36:08-05:00,PUR_IED_FranciscoMati_Ext_e3869d,PUR_IED_FranciscoMati_Ext_e3869d,,,,,
2026-09-12T14:36:08-05:00,PUR_IED_FranciscoMati_S13_f31c67,PUR_IED_FranciscoMati_S13_f31c67,,,,,
2026-09-12T14:36:08-05:00,PUR_IED_FranciscoMati_S14_97dead,PUR_IED_FranciscoMati_S14_97dead,,,,,
2026-09-12T14:36:08-05:00,PUR_IED_FranciscoPS_Ext_7bfa9a,PUR_IED_FranciscoPS_Ext_7bfa9a,2,23,49,4.5899,-74.110397
2026-09-12T14:36:08-05:00,PUR_IED_FranciscoPS_Infor_fb8f4c,PUR_IED_FranciscoPS_Infor_fb8f4c,,,,,
2026-09-12T14:36:08-05:00,PUR_IED_FranciscoPS_Quimi_94d39c,PUR_IED_FranciscoPS_Quimi_94d39c,,,,,
2026-09-12T14:36:08-05:00,PUR_IED_FranciscoP_LabQ_d7e148,PUR_IED_FranciscoP_LabQ_d7e148,,,,,
2026-09-12T14:36:08-05:00,PUR_IED_FranciscoP_S28_cf9b30,PUR_IED_FranciscoP_S28_cf9b30,,,,,
2026-09-12T14:36:08-05:00,PUR_IED_FranciscoP_ext_e2313,PUR_IED_FranciscoP_ext_e2313,,,,,
2026-09-12T14:36:08-05:00,PUR_IED_FriederichN_Ext_8ac92a,PUR_IED_FriederichN_Ext_8ac92a,,,,,
2026-09-12T14:36:08-05:00,PUR_IED_FriederichN_S301_dd7e5a,PUR_IED_FriederichN_S301_dd7e5a,,,,,
2026-09-12T14:36:08-05:00,PUR_IED_FriederichN_S308_761f4f,PUR_IED_FriederichN_S308_761f4f,,,,,
2026-09-12T14:36:08-05:00,PUR_IED_GSantander_Aula10_533dd7,PUR_IED_GSantander_Aula10_533dd7,,,,,
2026-09-12T14:36:08-05:00,PUR_IED_GSantander_Aula12_fd4e4f,PUR_IED_GSantander_Aula12_fd4e4f,,,,,
2026-09-12T14:36:08-05:00,PUR_IED_GSantander_Aula310_533dd7,PUR_IED_GSantander_Aula310_533dd7,,,,,
2026-09-12T14:36:08-05:00,PUR_IED_GSantander_Aula312_fd4e4f,PUR_IED_GSantander_Aula312_fd4e4f,,,,,
2026-09-12T14:36:08-05:00,PUR_IED_GSantander_Ext_5f66b0,PUR_IED_GSantander_Ext_5f66b0,,,,,
2026-09-12T14:36:08-05:00,PUR_IED_GYomasa_Ext_f6bea5,PUR_IED_GYomasa_Ext_f6bea5,,,,,
2026-09-12T14:36:08-05:00,PUR_IED_GYomasa_LBiol_2c41aa,PUR_IED_GYomasa_LBiol_2c41aa,,,,,
2026-09-12T14:36:08-05:00,PUR_IED_GYomasa_LQuim_33c80,PUR_IED_GYomasa_LQuim_33c80,,,,,
2026-09-12T14:36:08-05:00,PUR_IED_GabBetMejia_Cienc_5a99c,PUR_IED_GabBetMejia_Cienc_5a99c,,,,,
2026-09-12T14:36:08-05:00,PUR_IED_GabBetMejia_Ext_9153d0,PUR_IED_GabBetMejia_Ext_9153d0,,,,,
2026-09-12T14:36:08-05:00,PUR_IED_GabBetMejia_Lab_f55347,PUR_IED_GabBetMejia_Lab_f55347,,,,,
2026-09-12T14:36:08-05:00,PUR_IED_GabBetanMejia_Ext_9153d0,PUR_IED_GabBetanMejia_Ext_9153d0,,,,,
2026-09-12T14:36:08-05:00,PUR_IED_Gaitana_Aula13_7aac11,PUR_IED_Gaitana_Aula13_7aac11,,,,,
2026-09-12T14:36:08-05:00,PUR_IED_Gaitana_Ext_5fcf4,PUR_IED_Gaitana_Ext_5fcf4,,,,,
2026-09-12T14:36:08-05:00,PUR_IED_Gaitana_LabFisica_644448,PUR_IED_Gaitana_LabFisica_644448,,,,,
2026-09-12T14:36:08-05:00,PUR_IED_GenSantander_Dise_8ac858,PUR_IED_GenSantander_Dise_8ac858,,,,,
2026-09-12T14:36:08-05:00,PUR_IED_GenSantander_Ext_8d5dfe,PUR_IED_GenSantander_Ext_8d5dfe,,,,,
2026-09-12T14:36:08-05:00,PUR_IED_GenSantander_Info_6c25b,PUR_IED_GenSantander_Info_6c25b,,,,,
2026-09-12T14:36:08-05:00,PUR_IED_GustavoMo_Exterio_75e63d,PUR_IED_GustavoMo_Exterio_75e63d,,,,,
2026-09-12T14:36:08-05:00,PUR_IED_GustavoMo_LabFisi_224d37,PUR_IED_GustavoMo_LabFisi_224d37,,,,,
2026-09-12T14:36:08-05:00,PUR_IED_GustavoMo_S208_3e6918,PUR_IED_GustavoMo_S208_3e6918,,,,,
2026-09-12T14:36:08-05:00,PUR_IED_GustavoR_A02_8cd4a8,PUR_IED_GustavoR_A02_8cd4a8,,,,,
2026-09-12T14:36:08-05:00,PUR_IED_GustavoR_B11_5b0ed,PUR_IED_GustavoR_B11_5b0ed,,,,,
2026-09-12T14:36:08-05:00,PUR_IED_GustavoR_Ext_7a0c90,PUR_IED_GustavoR_Ext_7a0c90,,,,,
2026-09-12T14:36:08-05:00,PUR_IED_HernandoDuran_Ext_8cd82b,PUR_IED_HernandoDuran_Ext_8cd82b,,,,,
2026-09-12T14:36:08-05:00,PUR_IED_HernandoDuran_S24_2772c6,PUR_IED_HernandoDuran_S24_2772c6,,,,,
2026-09-12T14:36:08-05:00,PUR_IED_HernandoDuran_S30_f2de41,PUR_IED_HernandoDuran_S30_f2de41,,,,,
2026-09-12T14:36:08-05:00,PUR_IED_HolguInUr_S1101_8cd732,PUR_IED_HolguInUr_S1101_8cd732,,,,,
2026-09-12T14:36:08-05:00,PUR_IED_HolguinUr_Exter_ddae6d,PUR_IED_HolguinUr_Exter_ddae6d,,,,,
2026-09-12T14:36:08-05:00,PUR_IED_HolguinUr_LabQuim_92b952,PUR_IED_HolguinUr_LabQuim_92b952,,,,,
2026-09-12T14:36:08-05:00,PUR_IED_Isabel-II_Ext_5245cc,PUR_IED_Isabel-II_Ext_5245cc,2,21,50,4.6336,-74.153
2026-09-12T14:36:08-05:00,PUR_IED_Isabel-II_S_idiom_1c29aa,PUR_IED_Isabel-II_S_idiom_1c29aa,,,,,
2026-09-12T14:36:08-05:00,PUR_IED_Isabel-II_S_infor_fd741,PUR_IED_Isabel-II_S_infor_fd741,,,,,
2026-09-12T14:36:08-05:00,PUR_IED_IsidroSur_Exterio_5b90ea,PUR_IED_IsidroSur_Exterio_5b90ea,,,,,
2026-09-12T14:36:08-05:00,PUR_IED_IsidroSur_LabTec_56697a,PUR_IED_IsidroSur_LabTec_56697a,,,,,
2026-09-12T14:36:08-05:00,PUR_IED_IsidroSur_Robotic_b7c38f,PUR_IED_IsidroSur_Robotic_b7c38f,,,,,
2026-09-12T14:36:08-05:00,PUR_IED_IsmaelPerd_Ext_7b6672,PUR_IED_IsmaelPerd_Ext_7b6672,,,,,
2026-09-12T14:36:08-05:00,PUR_IED_IsmaelPerd_Inform_306540,PUR_IED_IsmaelPerd_Inform_306540,,,,,
2026-09-12T14:36:08-05:00,PUR_IED_IsmaelPerd_S30_2e2c83,PUR_IED_IsmaelPerd_S30_2e2c83,,,,,
2026-09-12T14:36:08-05:00,PUR_IED_JLozano_Exter_432910,PUR_IED_JLozano_Exter_432910,,,,,
2026-09-12T14:36:08-05:00,PUR_IED_JLozano_salaMulti_df5125,PUR_IED_JLozano_salaMulti_df5125,,,,,
2026-09-12T14:36:08-05:00,PUR_IED_JMCordoba_206_86f80b,PUR_IED_JMCordoba_206_86f80b,,,,,
2026-09-12T14:36:08-05:00,PUR_IED_JMCordoba_Ext_27ad97,PUR_IED_JMCordoba_Ext_27ad97,,,,,
2026-09-12T14:36:08-05:00,PUR_IED_JMCordoba_S310_d59ab4,PUR_IED_JMCordoba_S310_d59ab4,,,,,
2026-09-12T14:36:08-05:00,PUR_IED_Japon_Ext_549100,PUR_IED_Japon_Ext_549100,,,,,
2026-09-12T14:36:08-05:00,PUR_IED_Japon_Laboratorio_bec51d,PUR_IED_Japon_Laboratorio_bec51d,,,,,
2026-09-12T14:36:08-05:00,PUR_IED_Japon_informatica_d99327,PUR_IED_Japon_informatica_d99327,,,,,
2026-09-12T14:36:08-05:00,PUR_IED_Jazmin_Ext_d27bda,PUR_IED_Jazmin_Ext_d27bda,,,,,
2026-09-12T14:36:08-05:00,PUR_IED_Jazmin_Fisica_8d14d7,PUR_IED_Jazmin_Fisica_8d14d7,,,,,
2026-09-12T14:36:08-05:00,PUR_IED_Jazmin_Quimica_801cb5,PUR_IED_Jazmin_Quimica_801cb5,,,,,
2026-09-12T14:36:08-05:00,PUR_IED_JorgeGaitan_Exter_f098d1,PUR_IED_JorgeGaitan_Exter_f098d1,,,,,
2026-09-12T14:36:08-05:00,PUR_IED_JorgeGaitan_STec1_dc9d1d,PUR_IED_JorgeGaitan_STec1_dc9d1d,,,,,
2026-09-12T14:36:08-05:00,PUR_IED_JorgeGaitan_STec2_281e69,PUR_IED_JorgeGaitan_STec2_281e69,,,,,
2026-09-12T14:36:08-05:00,PUR_IED_JorgeSoto_Exterio_d9d0a2,PUR_IED_JorgeSoto_Exterio_d9d0a2,,,,,
2026-09-12T14:36:08-05:00,PUR_IED_JorgeSoto_LabFisi_209c54,PUR_IED_JorgeSoto_LabFisi_209c54,,,,,
2026-09-12T14:36:08-05:00,PUR_IED_JorgeSoto_S103_27b51a,PUR_IED_JorgeSoto_S103_27b51a,,,,,
2026-09-12T14:36:08-05:00,PUR_IED_JoseAcevedo_A02_e965eb,PUR_IED_JoseAcevedo_A02_e965eb,,,,,
2026-09-12T14:36:08-05:00,PUR_IED_JoseAcevedo_A07_dd5b4,PUR_IED_JoseAcevedo_A07_dd5b4,,,,,
2026-09-12T14:36:08-05:00,PUR_IED_JoseAcevedo_Ext_b47484,PUR_IED_JoseAcevedo_Ext_b47484,,,,,
2026-09-12T14:36:08-05:00,PUR_IED_JoseMarti_Exte_5b9bf,PUR_IED_JoseMarti_Exte_5b9bf,,,,,
2026-09-12T14:36:08-05:00,PUR_IED_JoseMarti_LabQuim_1c6c2d,PUR_IED_JoseMarti_LabQuim_1c6c2d,,,,,
2026-09-12T14:36:08-05:00,PUR_IED_JoseMarti_S_info_f5f177,PUR_IED_JoseMarti_S_info_f5f177,,,,,
2026-09-12T14:36:08-05:00,PUR_IED_Josejoaquin_Ext_dfc5dc,PUR_IED_Josejoaquin_Ext_dfc5dc,,,,,
2026-09-12T14:36:08-05:00,PUR_IED_Josejoaquin_S05_5b2a96,PUR_IED_Josejoaquin_S05_5b2a96,,,,,
2026-09-12T14:36:08-05:00,PUR_IED_Josejoaquin_S06_1ce7d2,PUR_IED_Josejoaquin_S06_1ce7d2,,,,,
2026-09-12T14:36:08-05:00,PUR_IED_JulioFlorez_Danza_9b82dd,PUR_IED_JulioFlorez_Danza_9b82dd,,,,,
2026-09-12T14:36:08-05:00,PUR_IED_JulioFlorez_Exter_f9f314,PUR_IED_JulioFlorez_Exter_f9f314,,,,,
2026-09-12T14:36:08-05:00,PUR_IED_JulioFlorez_info2_6b6e08,PUR_IED_JulioFlorez_info2_6b6e08,,,,,
2026-09-12T14:36:08-05:00,PUR_IED_LaBelleza_Aula13_1d00d8,PUR_IED_LaBelleza_Aula13_1d00d8,,,,,
2026-09-12T14:36:08-05:00,PUR_IED_LaBelleza_Ext_7bc08c,PUR_IED_LaBelleza_Ext_7bc08c,,,,,
2026-09-12T14:36:08-05:00,PUR_IED_LaChucua_Ext_8cd6d2,PUR_IED_LaChucua_Ext_8cd6d2,,,,,
2026-09-12T14:36:08-05:00,PUR_IED_LaChucua_S15_f578ce,PUR_IED_LaChucua_S15_f578ce,,,,,
2026-09-12T14:36:08-05:00,PUR_IED_LaChucua_S16_eebcf9,PUR_IED_LaChucua_S16_eebcf9,,,,,
2026-09-12T14:36:08-05:00,PUR_IED_LaFelicidad_Ext_fb5109,PUR_IED_LaFelicidad_Ext_fb5109,,,,,
2026-09-12T14:36:08-05:00,PUR_IED_LaMerced_206_66ebd,PUR_IED_LaMerced_206_66ebd,,,,,
2026-09-12T14:36:08-05:00,PUR_IED_LaMerced_207_6ebd6,PUR_IED_LaMerced_207_6ebd6,,,,,
2026-09-12T14:36:08-05:00,PUR_IED_LaMerced_ext_304311,PUR_IED_LaMerced_ext_304311,,,,,
2026-09-12T14:36:08-05:00,PUR_IED_Laureano_CiencNat_281e5e,PUR_IED_Laureano_CiencNat_281e5e,,,,,
2026-09-12T14:36:08-05:00,PUR_IED_Laureano_Comedor_f65c0a,PUR_IED_Laureano_Comedor_f65c0a,,,,,
2026-09-12T14:36:08-05:00,PUR_IED_Laureano_Exterior_7ab011,PUR_IED_Laureano_Exterior_7ab011,,,,,
2026-09-12T14:36:08-05:00,PUR_IED_LeonGreiff_Exte_dfe560,PUR_IED_LeonGreiff_Exte_dfe560,,,,,
2026-09-12T14:36:08-05:00,PUR_IED_LeonGreiff_S210_f264ed,PUR_IED_LeonGreiff_S210_f264ed,,,,,
2026-09-12T14:36:08-05:00,PUR_IED_LeonGreiff_SQuimi_e8296f,PUR_IED_LeonGreiff_SQuimi_e8296f,,,,,
2026-09-12T14:36:08-05:00,PUR_IED_LlanoOrientalS208_7b9fcd,PUR_IED_LlanoOrientalS208_7b9fcd,,,,,
2026-09-12T14:36:08-05:00,PUR_IED_LlanoOriental_Ext_fb3766,PUR_IED_LlanoOriental_Ext_fb3766,,,,,
2026-09-12T14:36:08-05:00,PUR_IED_LlanoOriental_S208_7b9fcd,PUR_IED_LlanoOriental_S208_7b9fcd,,,,,
2026-09-12T14:36:08-05:00,PUR_IED_LlanoOriental_S9_27b378,PUR_IED_LlanoOriental_S9_27b378,,,,,
2026-09-12T14:36:08-05:00,PUR_IED_LosTejares_1101_477602,PUR_IED_LosTejares_1101_477602,,,,,
2026-09-12T14:36:08-05:00,PUR_IED_LosTejares_11_d2c595,PUR_IED_LosTejares_11_d2c595,,,,,
2026-09-12T14:36:08-05:00,PUR_IED_LosTejares_12_477602,PUR_IED_LosTejares_12_477602,,,,,
2026-09-12T14:36:08-05:00,PUR_IED_LosTejares_Ext_8e2115,PUR_IED_LosTejares_Ext_8e2115,,,,,
2026-09-12T14:36:08-05:00,PUR_IED_MagdalenaO_B202_5ddda3,PUR_IED_MagdalenaO_B202_5ddda3,,,,,
2026-09-12T14:36:08-05:00,PUR_IED_MagdalenaO_B205_fb76e8,PUR_IED_MagdalenaO_B205_fb76e8,,,,,
2026-09-12T14:36:08-05:00,PUR_IED_MagdalenaO_ext_dc69cd,PUR_IED_MagdalenaO_ext_dc69cd,,,,,
2026-09-12T14:36:08-05:00,PUR_IED_ManueCepeda_artes_eee956,PUR_IED_ManueCepeda_artes_eee956,,,,,
2026-09-12T14:36:08-05:00,PUR_IED_ManuelCepeda_Ext_58313,PUR_IED_ManuelCepeda_Ext_58313,,,,,
2026-09-12T14:36:08-05:00,PUR_IED_ManuelCepeda_tec_1c5731,PUR_IED_ManuelCepeda_tec_1c5731,,,,,
2026-09-12T14:36:08-05:00,PUR_IED_ManuelS_Exterior_5b269,PUR_IED_ManuelS_Exterior_5b269,,,,,
2026-09-12T14:36:08-05:00,PUR_IED_ManuelS_Inform_f369ce,PUR_IED_ManuelS_Inform_f369ce,,,,,
2026-09-12T14:36:08-05:00,PUR_IED_ManuelS_SArtes_7d15f1,PUR_IED_ManuelS_SArtes_7d15f1,,,,,
2026-09-12T14:36:08-05:00,PUR_IED_ManuelZapata_303_3ca6,PUR_IED_ManuelZapata_303_3ca6,,,,,
2026-09-12T14:36:08-05:00,PUR_IED_ManuelZapata_311_bfbabc,PUR_IED_ManuelZapata_311_bfbabc,,,,,
2026-09-12T14:36:08-05:00,PUR_IED_ManuelZapata_Ext_50824a,PUR_IED_ManuelZapata_Ext_50824a,,,,,
2026-09-12T14:36:08-05:00,PUR_IED_ManuelitaS_Exteri_656a92,PUR_IED_ManuelitaS_Exteri_656a92,,,,,
2026-09-12T14:36:08-05:00,PUR_IED_ManuelitaS_JuzgDe_f58ec3,PUR_IED_ManuelitaS_JuzgDe_f58ec3,,,,,
2026-09-12T14:36:08-05:00,PUR_IED_ManuelitaS_Recrea_d793db,PUR_IED_ManuelitaS_Recrea_d793db,,,,,
2026-09-12T14:36:08-05:00,PUR_IED_MarFidSuarez_Ext_c27b19,PUR_IED_MarFidSuarez_Ext_c27b19,,,,,
2026-09-12T14:36:08-05:00,PUR_IED_MarFidSuarez_Info_e384d7,PUR_IED_MarFidSuarez_Info_e384d7,,,,,
2026-09-12T14:36:08-05:00,PUR_IED_MarFidSuarez_S306_1d0032,PUR_IED_MarFidSuarez_S306_1d0032,,,,,
2026-09-12T14:36:08-05:00,PUR_IED_Menorah_301_2a25a3,PUR_IED_Menorah_301_2a25a3,,,,,
2026-09-12T14:36:08-05:00,PUR_IED_Menorah_306_37ed3,PUR_IED_Menorah_306_37ed3,,,,,
2026-09-12T14:36:08-05:00,PUR_IED_Menorah_Ext_3e155b,PUR_IED_Menorah_Ext_3e155b,,,,,
2026-09-12T14:36:08-05:00,PUR_IED_MinutoB.Aires_A11_1b1604,PUR_IED_MinutoB.Aires_A11_1b1604,,,,,
2026-09-12T14:36:08-05:00,PUR_IED_MinutoB.Aires_A12_fb5860,PUR_IED_MinutoB.Aires_A12_fb5860,,,,,
2026-09-12T14:36:08-05:00,PUR_IED_MinutoB.Aires_Ext_81293f,PUR_IED_MinutoB.Aires_Ext_81293f,,,,,
2026-09-12T14:36:08-05:00,PUR_IED_MinutoBAires_A11_1b1604,PUR_IED_MinutoBAires_A11_1b1604,,,,,
2026-09-12T14:36:08-05:00,PUR_IED_MinutoBAires_A12_fb5860,PUR_IED_MinutoBAires_A12_fb5860,,,,,
2026-09-12T14:36:08-05:00,PUR_IED_MinutoBAires_Ext_81293f,PUR_IED_MinutoBAires_Ext_81293f,,,,,
2026-09-12T14:36:08-05:00,PUR_IED_Montreal_Aula10_1e4959,PUR_IED_Montreal_Aula10_1e4959,,,,,
2026-09-12T14:36:08-05:00,PUR_IED_Montreal_Aula6_300367,PUR_IED_Montreal_Aula6_300367,,,,,
2026-09-12T14:36:08-05:00,PUR_IED_Montreal_Exterior_91a179,PUR_IED_Montreal_Exterior_91a179,,,,,
2026-09-12T14:36:08-05:00,PUR_IED_Mqgdalena_B202_5ddda3,PUR_IED_Mqgdalena_B202_5ddda3,,,,,
2026-09-12T14:36:08-05:00,PUR_IED_NACUND_Soc_dc8728,PUR_IED_NACUND_Soc_dc8728,,,,,
2026-09-12T14:36:08-05:00,PUR_IED_NACUND_ext_27ad97,PUR_IED_NACUND_ext_27ad97,,,,,
2026-09-12T14:36:08-05:00,PUR_IED_NEsperanza_Ext_d24b61,PUR_IED_NEsperanza_Ext_d24b61,,,,,
2026-09-12T14:36:08-05:00,PUR_IED_NEsperanza_SElect_7d1807,PUR_IED_NEsperanza_SElect_7d1807,,,,,
2026-09-12T14:36:08-05:00,PUR_IED_NEsperanza_SLabor_8b2d0a,PUR_IED_NEsperanza_SLabor_8b2d0a,,,,,
2026-09-12T14:36:08-05:00,PUR_IED_NacionesU_Ext_f661a9,PUR_IED_NacionesU_Ext_f661a9,,,,,
2026-09-12T14:36:08-05:00,PUR_IED_NacionesU_Quimica_66f0a,PUR_IED_NacionesU_Quimica_66f0a,,,,,
2026-09-12T14:36:08-05:00,PUR_IED_NacionesU_S306_1b4b3d,PUR_IED_NacionesU_S306_1b4b3d,,,,,
2026-09-12T14:36:08-05:00,PUR_IED_NestorFA_Ext_e4201c,PUR_IED_NestorFA_Ext_e4201c,,,,,
2026-09-12T14:36:08-05:00,PUR_IED_NestorFA_Laborato_f22fe0,PUR_IED_NestorFA_Laborato_f22fe0,,,,,
2026-09-12T14:36:08-05:00,PUR_IED_NestorFA_S204_dee996,PUR_IED_NestorFA_S204_dee996,,,,,
2026-09-12T14:36:08-05:00,PUR_IED_NidyaQT_Aula03_76999b,PUR_IED_NidyaQT_Aula03_76999b,,,,,
2026-09-12T14:36:08-05:00,PUR_IED_NidyaQT_Aula10_56325,PUR_IED_NidyaQT_Aula10_56325,,,,,
2026-09-12T14:36:08-05:00,PUR_IED_NidyaQT_Ext_46e32d,PUR_IED_NidyaQT_Ext_46e32d,,,,,
2026-09-12T14:36:08-05:00,PUR_IED_NuevaCol_Exterior_d9b859,PUR_IED_NuevaCol_Exterior_d9b859,,,,,
2026-09-12T14:36:08-05:00,PUR_IED_NuevaCol_S1101_76c43b,PUR_IED_NuevaCol_S1101_76c43b,,,,,
2026-09-12T14:36:08-05:00,PUR_IED_NuevaCol_S1102_1ce0b5,PUR_IED_NuevaCol_S1102_1ce0b5,,,,,
2026-09-12T14:36:08-05:00,PUR_IED_OEA_A202_f7e3f2,PUR_IED_OEA_A202_f7e3f2,,,,,
2026-09-12T14:36:08-05:00,PUR_IED_OEA_A203_7d1b8d,PUR_IED_OEA_A203_7d1b8d,,,,,
2026-09-12T14:36:08-05:00,PUR_IED_OEA_Ext_27b593,PUR_IED_OEA_Ext_27b593,,,,,
2026-09-12T14:36:08-05:00,PUR_IED_Ochoa_Ext_1c29da,PUR_IED_Ochoa_Ext_1c29da,,,,,
2026-09-12T14:36:08-05:00,PUR_IED_Ochoa_S205_8b1121,PUR_IED_Ochoa_S205_8b1121,,,,,
2026-09-12T14:36:08-05:00,PUR_IED_Ochoa_Sistemas_f33af6,PUR_IED_Ochoa_Sistemas_f33af6,,,,,
2026-09-12T14:36:08-05:00,PUR_IED_PQuebec_Ext_1c67c7,PUR_IED_PQuebec_Ext_1c67c7,,,,,
2026-09-12T14:36:08-05:00,PUR_IED_PQuebec_S15_23e8e2,PUR_IED_PQuebec_S15_23e8e2,,,,,
2026-09-12T14:36:08-05:00,PUR_IED_PQuebec_S16_8ec76b,PUR_IED_PQuebec_S16_8ec76b,,,,,
2026-09-12T14:36:08-05:00,PUR_IED_PabloN_Ext_49dc96,PUR_IED_PabloN_Ext_49dc96,,,,,
2026-09-12T14:36:08-05:00,PUR_IED_PabloN_S1102_4e3df5,PUR_IED_PabloN_S1102_4e3df5,,,,,
2026-09-12T14:36:08-05:00,PUR_IED_PabloN_S1103_50c94b,PUR_IED_PabloN_S1103_50c94b,,,,,
2026-09-12T14:36:08-05:00,PUR_IED_Palestina_S1101_db9198,PUR_IED_Palestina_S1101_db9198,,,,,
2026-09-12T14:36:08-05:00,PUR_IED_Palestina_S1102_dc54fa,PUR_IED_Palestina_S1102_dc54fa,,,,,
2026-09-12T14:36:08-05:00,PUR_IED_Palestina_ext_4ccce6,PUR_IED_Palestina_ext_4ccce6,,,,,
2026-09-12T14:36:08-05:00,PUR_IED_Panama_Fisica_4d0794,PUR_IED_Panama_Fisica_4d0794,,,,,
2026-09-12T14:36:08-05:00,PUR_IED_Panama_SIngles_a4077e,PUR_IED_Panama_SIngles_a4077e,,,,,
2026-09-12T14:36:08-05:00,PUR_IED_Panama_ext_4c54b4,PUR_IED_Panama_ext_4c54b4,,,,,
2026-09-12T14:36:08-05:00,PUR_IED_ParaisoM_Exterior_8cd7f0,PUR_IED_ParaisoM_Exterior_8cd7f0,,,,,
2026-09-12T14:36:08-05:00,PUR_IED_ParaisoM_Laborato_27af35,PUR_IED_ParaisoM_Laborato_27af35,,,,,
2026-09-12T14:36:08-05:00,PUR_IED_ParaisoM_S304_d1edca,PUR_IED_ParaisoM_S304_d1edca,,,,,
2026-09-12T14:36:08-05:00,PUR_IED_PorfirioBarba_Ext_301466,PUR_IED_PorfirioBarba_Ext_301466,,,,,
2026-09-12T14:36:08-05:00,PUR_IED_PorfirioBarba_S11_df6cd2,PUR_IED_PorfirioBarba_S11_df6cd2,,,,,
2026-09-12T14:36:08-05:00,PUR_IED_PorfirioBarba_S29_27a7d6,PUR_IED_PorfirioBarba_S29_27a7d6,,,,,
2026-09-12T14:36:08-05:00,PUR_IED_PradoV_Exter_8b27ad,PUR_IED_PradoV_Exter_8b27ad,,,,,
2026-09-12T14:36:08-05:00,PUR_IED_PradoV_S301_de65b5,PUR_IED_PradoV_S301_de65b5,,,,,
2026-09-12T14:36:08-05:00,PUR_IED_PradoV_S302_7d2593,PUR_IED_PradoV_S302_7d2593,,,,,
2026-09-12T14:36:08-05:00,PUR_IED_QuirogaAlz_Ext_1ddc82,PUR_IED_QuirogaAlz_Ext_1ddc82,,,,,
2026-09-12T14:36:08-05:00,PUR_IED_QuirogaAlz_S302_9926a3,PUR_IED_QuirogaAlz_S302_9926a3,,,,,
2026-09-12T14:36:08-05:00,PUR_IED_QuirogaAlz_S305_cdf1f1,PUR_IED_QuirogaAlz_S305_cdf1f1,,,,,
2026-09-12T14:36:08-05:00,PUR_IED_RGuatemala_Biling_dc53b7,PUR_IED_RGuatemala_Biling_dc53b7,,,,,
2026-09-12T14:36:08-05:00,PUR_IED_RGuatemala_Ext_1b89a3,PUR_IED_RGuatemala_Ext_1b89a3,,,,,
2026-09-12T14:36:08-05:00,PUR_IED_RGuatemala_Tecnol_281a34,PUR_IED_RGuatemala_Tecnol_281a34,,,,,
2026-09-12T14:36:08-05:00,PUR_IED_RafaNu_Ext_f7c302,PUR_IED_RafaNu_Ext_f7c302,,,,,
2026-09-12T14:36:08-05:00,PUR_IED_RafaNu_S1101_25fde,PUR_IED_RafaNu_S1101_25fde,,,,,
2026-09-12T14:36:08-05:00,PUR_IED_RafaNu_S1102_281517,PUR_IED_RafaNu_S1102_281517,,,,,
2026-09-12T14:36:08-05:00,PUR_IED_RafaelB_S305_ee2783,PUR_IED_RafaelB_S305_ee2783,,,,,
2026-09-12T14:36:08-05:00,PUR_IED_RafaelB_S306_75fe33,PUR_IED_RafaelB_S306_75fe33,,,,,
2026-09-12T14:36:08-05:00,PUR_IED_RafaelB_ext_283336,PUR_IED_RafaelB_ext_283336,3,20,58,4.6722,-74.0737
2026-09-12T14:36:08-05:00,PUR_IED_RafaelUU_Exterior_281a51,PUR_IED_RafaelUU_Exterior_281a51,,,,,
2026-09-12T14:36:08-05:00,PUR_IED_RafaelUU_Human_806b2,PUR_IED_RafaelUU_Human_806b2,,,,,
2026-09-12T14:36:08-05:00,PUR_IED_RafaelUU_Mate2_5680d4,PUR_IED_RafaelUU_Mate2_5680d4,,,,,
2026-09-12T14:36:08-05:00,PUR_IED_RamonSub_Ext_f9eeb9,PUR_IED_RamonSub_Ext_f9eeb9,,,,,
2026-09-12T14:36:08-05:00,PUR_IED_RamonSub_Media_d1f62f,PUR_IED_RamonSub_Media_d1f62f,,,,,
2026-09-12T14:36:08-05:00,PUR_IED_RamonSub_planta_51b82,PUR_IED_RamonSub_planta_51b82,,,,,
2026-09-12T14:36:08-05:00,PUR_IED_RepBoliVene_Exter_27af7c,PUR_IED_RepBoliVene_Exter_27af7c,,,,,
2026-09-12T14:36:08-05:00,PUR_IED_RepBoliVene_SCPT_5ae2ee,PUR_IED_RepBoliVene_SCPT_5ae2ee,,,,,
2026-09-12T14:36:08-05:00,PUR_IED_RepBoliVene_Socia_4b11d5,PUR_IED_RepBoliVene_Socia_4b11d5,,,,,
2026-09-12T14:36:08-05:00,PUR_IED_RepChina_Ext_76d9ee,PUR_IED_RepChina_Ext_76d9ee,,,,,
2026-09-12T14:36:08-05:00,PUR_IED_RepChina_S404_7c804c,PUR_IED_RepChina_S404_7c804c,,,,,
2026-09-12T14:36:08-05:00,PUR_IED_RepChina_S405_df2c33,PUR_IED_RepChina_S405_df2c33,,,,,
2026-09-12T14:36:08-05:00,PUR_IED_RepublicaC_Exteri_7d1ec9,PUR_IED_RepublicaC_Exteri_7d1ec9,,,,,
2026-09-12T14:36:08-05:00,PUR_IED_RepublicaC_S1101_f544b3,PUR_IED_RepublicaC_S1101_f544b3,,,,,
2026-09-12T14:36:08-05:00,PUR_IED_RepublicaC_S1102_7aafc7,PUR_IED_RepublicaC_S1102_7aafc7,,,,,
2026-09-12T14:36:08-05:00,PUR_IED_Ricaurte_Externo_a0ea1,PUR_IED_Ricaurte_Externo_a0ea1,,,,,
2026-09-12T14:36:08-05:00,PUR_IED_Ricaurte_S210_f546fd,PUR_IED_Ricaurte_S210_f546fd,,,,,
2026-09-12T14:36:08-05:00,PUR_IED_Ricaurte_S309_d4452,PUR_IED_Ricaurte_S309_d4452,,,,,
2026-09-12T14:36:08-05:00,PUR_IED_RogelioS_1102_531e69,PUR_IED_RogelioS_1102_531e69,,,,,
2026-09-12T14:36:08-05:00,PUR_IED_RogelioS_Ext_f25a18,PUR_IED_RogelioS_Ext_f25a18,,,,,
2026-09-12T14:36:08-05:00,PUR_IED_SBernardino_Ext_27aff8,PUR_IED_SBernardino_Ext_27aff8,,,,,
2026-09-12T14:36:08-05:00,PUR_IED_SBernardino_SArte_2ffd33,PUR_IED_SBernardino_SArte_2ffd33,,,,,
2026-09-12T14:36:08-05:00,PUR_IED_SBernardino_SIngl_7c7da5,PUR_IED_SBernardino_SIngl_7c7da5,,,,,
2026-09-12T14:36:08-05:00,PUR_IED_Sago_auditorio_dc9d1d,PUR_IED_Sago_auditorio_dc9d1d,,,,,
2026-09-12T14:36:08-05:00,PUR_IED_Saludcoop_Ext_95aac3,PUR_IED_Saludcoop_Ext_95aac3,,,,,
2026-09-12T14:36:08-05:00,PUR_IED_Saludcoop_InfI_90c854,PUR_IED_Saludcoop_InfI_90c854,,,,,
2026-09-12T14:36:08-05:00,PUR_IED_Saludcoop_SMedia_1b93be,PUR_IED_Saludcoop_SMedia_1b93be,,,,,
2026-09-12T14:36:08-05:00,PUR_IED_SanCarlos_1101_1a2360,PUR_IED_SanCarlos_1101_1a2360,,,,,
2026-09-12T14:36:08-05:00,PUR_IED_SanCarlos_1103_7bafb5,PUR_IED_SanCarlos_1103_7bafb5,,,,,
2026-09-12T14:36:08-05:00,PUR_IED_SanCarlos_Ext_b7cd1,PUR_IED_SanCarlos_Ext_b7cd1,,,,,
2026-09-12T14:36:08-05:00,PUR_IED_SanIgnacioBosa11a_50c26e,PUR_IED_SanIgnacioBosa11a_50c26e,,,,,
2026-09-12T14:36:08-05:00,PUR_IED_SanIgnacioBosa11b_371de8,PUR_IED_SanIgnacioBosa11b_371de8,,,,,
2026-09-12T14:36:08-05:00,PUR_IED_SanIgnacioBosaExt_ef0ffc,PUR_IED_SanIgnacioBosaExt_ef0ffc,,,,,
2026-09-12T14:36:08-05:00,PUR_IED_SanIgnacioBosa_11a_50c26e,PUR_IED_SanIgnacioBosa_11a_50c26e,,,,,
2026-09-12T14:36:08-05:00,PUR_IED_SanIgnacioBosa_Ext_ef0ffc,PUR_IED_SanIgnacioBosa_Ext_ef0ffc,,,,,
2026-09-12T14:36:08-05:00,PUR_IED_SanJoseN_intS1101_31c47f,PUR_IED_SanJoseN_intS1101_31c47f,,,,,
2026-09-12T14:36:08-05:00,PUR_IED_SanJoseUsm_Exter_f5d7e8,PUR_IED_SanJoseUsm_Exter_f5d7e8,,,,,
2026-09-12T14:36:08-05:00,PUR_IED_SanJoseUsm_Int11A_cfdef6,PUR_IED_SanJoseUsm_Int11A_cfdef6,,,,,
2026-09-12T14:36:08-05:00,PUR_IED_SilveriaR_IntB5_905349,PUR_IED_SilveriaR_IntB5_905349,,,,,
2026-09-12T14:36:08-05:00,PUR_IED_SilveriaR_IntSD14_981f93,PUR_IED_SilveriaR_IntSD14_981f93,,,,,
2026-09-12T14:36:08-05:00,PUR_IED_SilveriaR_ext_2b651d,PUR_IED_SilveriaR_ext_2b651d,,,,,
2026-09-12T14:36:08-05:00,PUR_IED_SimonB_Exterior_913975,PUR_IED_SimonB_Exterior_913975,,,,,
2026-09-12T14:36:08-05:00,PUR_IED_SimonB_LabQuimi_c56908,PUR_IED_SimonB_LabQuimi_c56908,,,,,
2026-09-12T14:36:08-05:00,PUR_IED_SimonB_informatic_a28c1,PUR_IED_SimonB_informatic_a28c1,,,,,
2026-09-12T14:36:08-05:00,PUR_IED_Sorrento_1102_315f50,PUR_IED_Sorrento_1102_315f50,,,,,
2026-09-12T14:36:08-05:00,PUR_IED_Sorrento_Minte_214eab,PUR_IED_Sorrento_Minte_214eab,,,,,
2026-09-12T14:36:08-05:00,PUR_IED_Sorrento_ext_7c3a0a,PUR_IED_Sorrento_ext_7c3a0a,,,,,
2026-09-12T14:36:08-05:00,PUR_IED_Tabora_Ext_f048ae,PUR_IED_Tabora_Ext_f048ae,,,,,
2026-09-12T14:36:08-05:00,PUR_IED_Tabora_S1102_b07752,PUR_IED_Tabora_S1102_b07752,,,,,
2026-09-12T14:36:08-05:00,PUR_IED_Tabora_S1103_d988f5,PUR_IED_Tabora_S1103_d988f5,,,,,
2026-09-12T14:36:08-05:00,PUR_IED_Tenerife_Ext_1ab188,PUR_IED_Tenerife_Ext_1ab188,,,,,
2026-09-12T14:36:08-05:00,PUR_IED_Tenerife_SDanzas_7bc02e,PUR_IED_Tenerife_SDanzas_7bc02e,,,,,
2026-09-12T14:36:08-05:00,PUR_IED_Tenerife_SIngles_7cc277,PUR_IED_Tenerife_SIngles_7cc277,,,,,
2026-09-12T14:36:08-05:00,PUR_IED_Tibabuyes_Exter_f2683d,PUR_IED_Tibabuyes_Exter_f2683d,,,,,
2026-09-12T14:36:08-05:00,PUR_IED_Tibabuyes_S10_dc87a8,PUR_IED_Tibabuyes_S10_dc87a8,,,,,
2026-09-12T14:36:08-05:00,PUR_IED_Tibabuyes_S15_dc0526,PUR_IED_Tibabuyes_S15_dc0526,,,,,
2026-09-12T14:36:08-05:00,PUR_IED_UnionE_S301_a1043,PUR_IED_UnionE_S301_a1043,,,,,
2026-09-12T14:36:08-05:00,PUR_IED_UnionE_S307_ff6c2f,PUR_IED_UnionE_S307_ff6c2f,,,,,
2026-09-12T14:36:08-05:00,PUR_IED_UnionE__Ext_5e2468,PUR_IED_UnionE__Ext_5e2468,,,,,
2026-09-12T14:36:08-05:00,PUR_IED_VillaRica_Ext_75be7c,PUR_IED_VillaRica_Ext_75be7c,,,,,
2026-09-12T14:36:08-05:00,PUR_IED_VillaRica_S4_cc5dcd,PUR_IED_VillaRica_S4_cc5dcd,,,,,
2026-09-12T14:36:08-05:00,PUR_IED_VillaRica_Sesp_99f5c,PUR_IED_VillaRica_Sesp_99f5c,,,,,
2026-09-12T14:41:13-05:00,PUR_IED_20deJulio_1101_91b1b9,PUR_IED_20deJulio_1101_91b1b9,,,,,
2026-09-12T14:41:13-05:00,PUR_IED_20deJulio_1102_1cfcf9,PUR_IED_20deJulio_1102_1cfcf9,,,,,
2026-09-12T14:41:13-05:00,PUR_IED_20deJulio_Ext_ab60bd,PUR_IED_20deJulio_Ext_ab60bd,,,,,
2026-09-12T14:41:13-05:00,PUR_IED_AgustinFer_Ext_7b9b77,PUR_IED_AgustinFer_Ext_7b9b77,,,,,
2026-09-12T14:41:13-05:00,PUR_IED_AgustinFer_Info2_27b3a7,PUR_IED_AgustinFer_Info2_27b3a7,,,,,
2026-09-12T14:41:13-05:00,PUR_IED_AgustinFer_Sena_54b4eb,PUR_IED_AgustinFer_Sena_54b4eb,,,,,
2026-09-12T14:41:13-05:00,PUR_IED_AlexanderF_1102_caf07b,PUR_IED_AlexanderF_1102_caf07b,,,,,
2026-09-12T14:41:13-05:00,PUR_IED_AlexanderF_1103_c79e71,PUR_IED_AlexanderF_1103_c79e71,,,,,
2026-09-12T14:41:13-05:00,PUR_IED_AlexanderF_Ext_c5b18b,PUR_IED_AlexanderF_Ext_c5b18b,,,,,
2026-09-12T14:41:13-05:00,PUR_IED_AlfonsoLopez_Ext_281d77,PUR_IED_AlfonsoLopez_Ext_281d77,,,,,
2026-09-12T14:41:13-05:00,PUR_IED_AlfonsoLopez_LabF_888ce0,PUR_IED_AlfonsoLopez_LabF_888ce0,,,,,
2026-09-12T14:41:13-05:00,PUR_IED_AlfonsoLopez_SMed_df6a7f,PUR_IED_AlfonsoLopez_SMed_df6a7f,,,,,
2026-09-12T14:41:13-05:00,PUR_IED_AltamiraSO_A2_209f92,PUR_IED_AltamiraSO_A2_209f92,,,,,
2026-09-12T14:41:13-05:00,PUR_IED_AltamiraSO_Ext_186d66,PUR_IED_AltamiraSO_Ext_186d66,,,,,
2026-09-12T14:41:13-05:00,PUR_IED_AltamiraSO_Sistem_27afe1,PUR_IED_AltamiraSO_Sistem_27afe1,,,,,
2026-09-12T14:41:13-05:00,PUR_IED_AlvaroGom_LabQuim_813179,PUR_IED_AlvaroGom_LabQuim_813179,,,,,
2026-09-12T14:41:13-05:00,PUR_IED_AlvaroGomez_Ext_47c7ca,PUR_IED_AlvaroGomez_Ext_47c7ca,,,,,
2026-09-12T14:41:13-05:00,PUR_IED_AlvaroGomez_LabQuim_813179,PUR_IED_AlvaroGomez_LabQuim_813179,,,,,
2026-09-12T14:41:13-05:00,PUR_IED_AlvaroGomez_S23_7ba89f,PUR_IED_AlvaroGomez_S23_7ba89f,,,,,
2026-09-12T14:41:13-05:00,PUR_IED_Amistad_306_dc8728,PUR_IED_Amistad_306_dc8728,,,,,
2026-09-12T14:41:13-05:00,PUR_IED_Amistad_Ext_8cd55e,PUR_IED_Amistad_Ext_8cd55e,,,,,
2026-09-12T14:41:13-05:00,PUR_IED_Amistad_S202_a41169,PUR_IED_Amistad_S202_a41169,,,,,
2026-09-12T14:41:13-05:00,PUR_IED_AndresBello_Bio_fd5f5e,PUR_IED_AndresBello_Bio_fd5f5e,,,,,
2026-09-12T14:41:13-05:00,PUR_IED_AndresBello_ext_dcad65,PUR_IED_AndresBello_ext_dcad65,,,,,
2026-09-12T14:41:13-05:00,PUR_IED_AndresBello_port_eed3ec,PUR_IED_AndresBello_port_eed3ec,,,,,
2026-09-12T14:41:13-05:00,PUR_IED_AngelaR_11b_d90a6b,PUR_IED_AngelaR_11b_d90a6b,,,,,
2026-09-12T14:41:13-05:00,PUR_IED_AngelaR_ext_7cad3e,PUR_IED_AngelaR_ext_7cad3e,2,22,54,4.5825,-74.164497
2026-09-12T14:41:13-05:00,PUR_IED_AntJoseSucre_10mo_df2575,PUR_IED_AntJoseSucre_10mo_df2575,,,,,
2026-09-12T14:41:13-05:00,PUR_IED_AntJoseSucre_Ext_215b36,PUR_IED_AntJoseSucre_Ext_215b36,,,,,
2026-09-12T14:41:13-05:00,PUR_IED_AntJoseSucre_Lab_3139de,PUR_IED_AntJoseSucre_Lab_3139de,,,,,
2026-09-12T14:41:13-05:00,PUR_IED_AntonioGarcia_301_d6b188,PUR_IED_AntonioGarcia_301_d6b188,,,,,
2026-09-12T14:41:13-05:00,PUR_IED_AntonioGarcia_302_88a82,PUR_IED_AntonioGarcia_302_88a82,,,,,
2026-09-12T14:41:13-05:00,PUR_IED_AntonioGarcia_Ext_20950c,PUR_IED_AntonioGarcia_Ext_20950c,,,,,
2026-09-12T14:41:13-05:00,PUR_IED_AntonioVan_Aula2_6dea02,PUR_IED_AntonioVan_Aula2_6dea02,,,,,
2026-09-12T14:41:13-05:00,PUR_IED_AntonioVan_Aula5_f1557e,PUR_IED_AntonioVan_Aula5_f1557e,,,,,
2026-09-12T14:41:13-05:00,PUR_IED_AntonioVan_Ext_406f2f,PUR_IED_AntonioVan_Ext_406f2f,,,,,
2026-09-12T14:41:13-05:00,PUR_IED_Atabanzha_Ext_cc5af9,PUR_IED_Atabanzha_Ext_cc5af9,,,,,
2026-09-12T14:41:13-05:00,PUR_IED_Atabanzha_SA101_56c37,PUR_IED_Atabanzha_SA101_56c37,,,,,
2026-09-12T14:41:13-05:00,PUR_IED_Atabanzha_SB302_27b374,PUR_IED_Atabanzha_SB302_27b374,,,,,
2026-09-12T14:41:13-05:00,PUR_IED_Atahualpa_Ext_fc1748,PUR_IED_Atahualpa_Ext_fc1748,,,,,
2026-09-12T14:41:13-05:00,PUR_IED_Atahualpa_Informa_dc9a95,PUR_IED_Atahualpa_Informa_dc9a95,,,,,
2026-09-12T14:41:13-05:00,PUR_IED_Atahualpa_S1101_f98056,PUR_IED_Atahualpa_S1101_f98056,,,,,
2026-09-12T14:41:13-05:00,PUR_IED_Bellavista_Ext_f5aa74,PUR_IED_Bellavista_Ext_f5aa74,,,,,
2026-09-12T14:41:13-05:00,PUR_IED_Bilbao_11A_916c41,PUR_IED_Bilbao_11A_916c41,,,,,
2026-09-12T14:41:13-05:00,PUR_IED_Bilbao_Ext_fb579a,PUR_IED_Bilbao_Ext_fb579a,,,,,
2026-09-12T14:41:13-05:00,PUR_IED_BrasiliaU_A125_304280,PUR_IED_BrasiliaU_A125_304280,,,,,
2026-09-12T14:41:13-05:00,PUR_IED_BrasiliaU_A203_7c8ca5,PUR_IED_BrasiliaU_A203_7c8ca5,,,,,
2026-09-12T14:41:13-05:00,PUR_IED_BrasiliaU_Ext_8d6e9f,PUR_IED_BrasiliaU_Ext_8d6e9f,3,21,50,4.5175,-74.116302
2026-09-12T14:41:13-05:00,PUR_IED_Brasilia_Ext_fe6593,PUR_IED_Brasilia_Ext_fe6593,,,,,
2026-09-12T14:41:13-05:00,PUR_IED_Brasilia_S24_7c130d,PUR_IED_Brasilia_S24_7c130d,,,,,
2026-09-12T14:41:13-05:00,PUR_IED_Brasilia_S501_186a54,PUR_IED_Brasilia_S501_186a54,,,,,
2026-09-12T14:41:13-05:00,PUR_IED_CHARRY_EXT_f1d5cd,PUR_IED_CHARRY_EXT_f1d5cd,,,,,
2026-09-12T14:41:13-05:00,PUR_IED_CHARRY_INTDANZAS_7a08e6,PUR_IED_CHARRY_INTDANZAS_7a08e6,,,,,
2026-09-12T14:41:13-05:00,PUR_IED_CHARRY_INT_AULA20_dc998d,PUR_IED_CHARRY_INT_AULA20_dc998d,,,,,
2026-09-12T14:41:13-05:00,PUR_IED_COLVIV_1101_S25_7f520a,PUR_IED_COLVIV_1101_S25_7f520a,,,,,
2026-09-12T14:41:13-05:00,PUR_IED_COLVIV_1102_S16_f570ba,PUR_IED_COLVIV_1102_S16_f570ba,,,,,
2026-09-12T14:41:13-05:00,PUR_IED_COLVIV_Ext_1a26fa,PUR_IED_COLVIV_Ext_1a26fa,,,,,
2026-09-12T14:41:13-05:00,PUR_IED_CULPOP_301A_f660f3,PUR_IED_CULPOP_301A_f660f3,,,,,
2026-09-12T14:41:13-05:00,PUR_IED_CULPOP_303_568afe,PUR_IED_CULPOP_303_568afe,,,,,
2026-09-12T14:41:13-05:00,PUR_IED_CULPOP_Ext_e02ccb,PUR_IED_CULPOP_Ext_e02ccb,,,,,
2026-09-12T14:41:13-05:00,PUR_IED_CVillavicen_Ext_26eb58,PUR_IED_CVillavicen_Ext_26eb58,3,17,69,4.487,-74.102798
2026-09-12T14:41:13-05:00,PUR_IED_CVillavicen_Intel_1ce5c2,PUR_IED_CVillavicen_Intel_1ce5c2,,,,,
2026-09-12T14:41:13-05:00,PUR_IED_CVillavicen_Poliv_e0766c,PUR_IED_CVillavicen_Poliv_e0766c,,,,,
2026-09-12T14:41:13-05:00,PUR_IED_CVillavicen_int_1ba140,PUR_IED_CVillavicen_int_1ba140,,,,,
2026-09-12T14:41:13-05:00,PUR_IED_CVillavicen_intel_1ba140,PUR_IED_CVillavicen_intel_1ba140,,,,,
2026-09-12T14:41:13-05:00,PUR_IED_CarlosPizarro_Ext_e307cc,PUR_IED_CarlosPizarro_Ext_e307cc,,,,,
2026-09-12T14:41:13-05:00,PUR_IED_CarlosPizarro_L36_7e5cdb,PUR_IED_CarlosPizarro_L36_7e5cdb,,,,,
2026-09-12T14:41:13-05:00,PUR_IED_CarlosPizarro_L37_c8566c,PUR_IED_CarlosPizarro_L37_c8566c,,,,,
2026-09-12T14:41:13-05:00,PUR_IED_Castilla_Ext_cf35f,PUR_IED_Castilla_Ext_cf35f,,,,,
2026-09-12T14:41:13-05:00,PUR_IED_Castilla_SFisik_360e38,PUR_IED_Castilla_SFisik_360e38,,,,,
2026-09-12T14:41:13-05:00,PUR_IED_Castilla_Sc304_496fbf,PUR_IED_Castilla_Sc304_496fbf,,,,,
2026-09-12T14:41:13-05:00,PUR_IED_CervantesSa_Ext_6b57b,PUR_IED_CervantesSa_Ext_6b57b,2,21,58,4.5128,-74.117203
2026-09-12T14:41:13-05:00,PUR_IED_CervantesSa_S107_225c2b,PUR_IED_CervantesSa_S107_225c2b,,,,,
2026-09-12T14:41:13-05:00,PUR_IED_CervantesSa_S108_940925,PUR_IED_CervantesSa_S108_940925,,,,,
2026-09-12T14:41:13-05:00,PUR_IED_Charry_A20_f53e7c,PUR_IED_Charry_A20_f53e7c,,,,,
2026-09-12T14:41:13-05:00,PUR_IED_Charry_Ext_f1d5cd,PUR_IED_Charry_Ext_f1d5cd,,,,,
2026-09-12T14:41:13-05:00,PUR_IED_Charry_IntAula20_dc998d,PUR_IED_Charry_IntAula20_dc998d,,,,,
2026-09-12T14:41:13-05:00,PUR_IED_Charry_IntDanzas_7a08e6,PUR_IED_Charry_IntDanzas_7a08e6,,,,,
2026-09-12T14:41:13-05:00,PUR_IED_ClememciaC_203_43e2fc,PUR_IED_ClememciaC_203_43e2fc,,,,,
2026-09-12T14:41:13-05:00,PUR_IED_ClememciaC_Ext_1b411a,PUR_IED_ClememciaC_Ext_1b411a,,,,,
2026-09-12T14:41:13-05:00,PUR_IED_ClememciaC_Quimic_44b5fc,PUR_IED_ClememciaC_Quimic_44b5fc,,,,,
2026-09-12T14:41:13-05:00,PUR_IED_ClemenciaC_203_43e2fc,PUR_IED_ClemenciaC_203_43e2fc,,,,,
2026-09-12T14:41:13-05:00,PUR_IED_ClemenciaC_Ext_1b411a,PUR_IED_ClemenciaC_Ext_1b411a,,,,,
2026-09-12T14:41:13-05:00,PUR_IED_ClemenciaC_Quimic_44b5fc,PUR_IED_ClemenciaC_Quimic_44b5fc,,,,,
2026-09-12T14:41:13-05:00,PUR_IED_ColViva_1101_S25_7f520a,PUR_IED_ColViva_1101_S25_7f520a,,,,,
2026-09-12T14:41:13-05:00,PUR_IED_ColViva_1102_S16_f570ba,PUR_IED_ColViva_1102_S16_f570ba,,,,,
2026-09-12T14:41:13-05:00,PUR_IED_ColViva_Ext_1a26fa,PUR_IED_ColViva_Ext_1a26fa,,,,,
2026-09-12T14:41:13-05:00,PUR_IED_ColegioBici_Asist_7c8798,PUR_IED_ColegioBici_Asist_7c8798,,,,,
2026-09-12T14:41:13-05:00,PUR_IED_ColegioBici_Ext_25cbf6,PUR_IED_ColegioBici_Ext_25cbf6,,,,,
2026-09-12T14:41:13-05:00,PUR_IED_ColegioBici_LabQ_7b57db,PUR_IED_ColegioBici_LabQ_7b57db,,,,,
2026-09-12T14:41:13-05:00,PUR_IED_CostaRica_Ext_5e640,PUR_IED_CostaRica_Ext_5e640,,,,,
2026-09-12T14:41:13-05:00,PUR_IED_CostaRica_Quim1_766d1c,PUR_IED_CostaRica_Quim1_766d1c,,,,,
2026-09-12T14:41:13-05:00,PUR_IED_CostaRica__Fisica_6f0873,PUR_IED_CostaRica__Fisica_6f0873,,,,,
2026-09-12T14:41:13-05:00,PUR_IED_CulPopu_301A_f660f3,PUR_IED_CulPopu_301A_f660f3,,,,,
2026-09-12T14:41:13-05:00,PUR_IED_CulPopu_303_568afe,PUR_IED_CulPopu_303_568afe,,,,,
2026-09-12T14:41:13-05:00,PUR_IED_CulPopu_Ext_e02ccb,PUR_IED_CulPopu_Ext_e02ccb,,,,,
2026-09-12T14:41:13-05:00,PUR_IED_Cundinamarca_Ext_f15985,PUR_IED_Cundinamarca_Ext_f15985,,,,,
2026-09-12T14:41:13-05:00,PUR_IED_Cundinamarca_Info_7aa5d7,PUR_IED_Cundinamarca_Info_7aa5d7,,,,,
2026-09-12T14:41:13-05:00,PUR_IED_Cundinamarca_Tec2_f449c7,PUR_IED_Cundinamarca_Tec2_f449c7,,,,,
2026-09-12T14:41:13-05:00,PUR_IED_DiegoM_Aula1_27b314,PUR_IED_DiegoM_Aula1_27b314,,,,,
2026-09-12T14:41:13-05:00,PUR_IED_DiegoM_Ext_d80ac8,PUR_IED_DiegoM_Ext_d80ac8,,,,,
2026-09-12T14:41:13-05:00,PUR_IED_DiegoM_S25_da928f,PUR_IED_DiegoM_S25_da928f,,,,,
2026-09-12T14:41:13-05:00,PUR_IED_ELRODEO_360881,PUR_IED_ELRODEO_360881,,,,,
2026-09-12T14:41:13-05:00,PUR_IED_ELRODEO_ext_360881,PUR_IED_ELRODEO_ext_360881,,,,,
2026-09-12T14:41:13-05:00,PUR_IED_EduardoU_Ext_1c1969,PUR_IED_EduardoU_Ext_1c1969,,,,,
2026-09-12T14:41:13-05:00,PUR_IED_EduardoU_SCiencia_4dfb94,PUR_IED_EduardoU_SCiencia_4dfb94,,,,,
2026-09-12T14:41:13-05:00,PUR_IED_EduardoU_SQuimica_5a46e7,PUR_IED_EduardoU_SQuimica_5a46e7,,,,,
2026-09-12T14:41:13-05:00,PUR_IED_ElRodeo_Aula14_676984,PUR_IED_ElRodeo_Aula14_676984,,,,,
2026-09-12T14:41:13-05:00,PUR_IED_ElRodeo_Aula16_2dd35b,PUR_IED_ElRodeo_Aula16_2dd35b,,,,,
2026-09-12T14:41:13-05:00,PUR_IED_ElRodeo_Ext_360881,PUR_IED_ElRodeo_Ext_360881,,,,,
2026-09-12T14:41:13-05:00,PUR_IED_ElRodeo_Exterior_8c6d28,PUR_IED_ElRodeo_Exterior_8c6d28,,,,,
2026-09-12T14:41:13-05:00,PUR_IED_ElRodeo_ext_360881,PUR_IED_ElRodeo_ext_360881,,,,,
2026-09-12T14:41:13-05:00,PUR_IED_EmmaReyes_Ext_987625,PUR_IED_EmmaReyes_Ext_987625,2,22,47,4.6367,-74.1511
2026-09-12T14:41:13-05:00,PUR_IED_Ensueño_Ext_7f0250,PUR_IED_Ensueño_Ext_7f0250,,,,,
2026-09-12T14:41:13-05:00,PUR_IED_EscNormal_Ext_5fef3b,PUR_IED_EscNormal_Ext_5fef3b,2,22,50,4.5852,-74.096901
2026-09-12T14:41:13-05:00,PUR_IED_EscNormal_S309_5b263,PUR_IED_EscNormal_S309_5b263,,,,,
2026-09-12T14:41:13-05:00,PUR_IED_EscNormal_S310_27b3b8,PUR_IED_EscNormal_S310_27b3b8,,,,,
2026-09-12T14:41:13-05:00,PUR_IED_Evangelista_Conta_f6cd4f,PUR_IED_Evangelista_Conta_f6cd4f,,,,,
2026-09-12T14:41:13-05:00,PUR_IED_Evangelista_Cri_5e16a,PUR_IED_Evangelista_Cri_5e16a,,,,,
2026-09-12T14:41:13-05:00,PUR_IED_Evangelista_Exter_754066,PUR_IED_Evangelista_Exter_754066,,,,,
2026-09-12T14:41:13-05:00,PUR_IED_FMiranda_S209_5cc2a3,PUR_IED_FMiranda_S209_5cc2a3,,,,,
2026-09-12T14:41:13-05:00,PUR_IED_FMiranda_S303_19e344,PUR_IED_FMiranda_S303_19e344,,,,,
2026-09-12T14:41:13-05:00,PUR_IED_FMiranda_ext_f53e7c,PUR_IED_FMiranda_ext_f53e7c,,,,,
2026-09-12T14:41:13-05:00,PUR_IED_FabioLozano_Bibli_1cee05,PUR_IED_FabioLozano_Bibli_1cee05,,,,,
2026-09-12T14:41:13-05:00,PUR_IED_FabioLozano_Ext_6ea285,PUR_IED_FabioLozano_Ext_6ea285,,,,,
2026-09-12T14:41:13-05:00,PUR_IED_FabioLozano_SLudi_f09e1e,PUR_IED_FabioLozano_SLudi_f09e1e,,,,,
2026-09-12T14:41:13-05:00,PUR_IED_FaustinoS_Aula07_27a731,PUR_IED_FaustinoS_Aula07_27a731,,,,,
2026-09-12T14:41:13-05:00,PUR_IED_FaustinoS_Ext_7b936f,PUR_IED_FaustinoS_Ext_7b936f,,,,,
2026-09-12T14:41:13-05:00,PUR_IED_FaustinoS_Fisica_da2c60,PUR_IED_FaustinoS_Fisica_da2c60,,,,,
2026-09-12T14:41:13-05:00,PUR_IED_FeGarciaLo_Ext_dc68ee,PUR_IED_FeGarciaLo_Ext_dc68ee,,,,,
2026-09-12T14:41:13-05:00,PUR_IED_FeGarciaLo_SDanza_f70a59,PUR_IED_FeGarciaLo_SDanza_f70a59,,,,,
2026-09-12T14:41:13-05:00,PUR_IED_FeGarciaLo_SMusic_125cdd,PUR_IED_FeGarciaLo_SMusic_125cdd,,,,,
2026-09-12T14:41:13-05:00,PUR_IED_FederalAlema_Exte_50c345,PUR_IED_FederalAlema_Exte_50c345,,,,,
2026-09-12T14:41:13-05:00,PUR_IED_FederalAlema_S31_f18371,PUR_IED_FederalAlema_S31_f18371,,,,,
2026-09-12T14:41:13-05:00,PUR_IED_FederalAlema_S901_a62cd,PUR_IED_FederalAlema_S901_a62cd,,,,,
2026-09-12T14:41:13-05:00,PUR_IED_FilarmonicaS_A5_f35eb1,PUR_IED_FilarmonicaS_A5_f35eb1,,,,,
2026-09-12T14:41:13-05:00,PUR_IED_FilarmonicaS_Ext_8a3bde,PUR_IED_FilarmonicaS_Ext_8a3bde,,,,,
2026-09-12T14:41:13-05:00,PUR_IED_FilarmonicaS_Spol_406114,PUR_IED_FilarmonicaS_Spol_406114,,,,,
2026-09-12T14:41:13-05:00,PUR_IED_FlorentinoG_A13_d1fa59,PUR_IED_FlorentinoG_A13_d1fa59,,,,,
2026-09-12T14:41:13-05:00,PUR_IED_FlorentinoG_Ext_1ce6ce,PUR_IED_FlorentinoG_Ext_1ce6ce,,,,,
2026-09-12T14:41:13-05:00,PUR_IED_FlorentinoG_Idiom_a66aac,PUR_IED_FlorentinoG_Idiom_a66aac,,,,,
2026-09-12T14:41:13-05:00,PUR_IED_FranciscoMati_Ext_e3869d,PUR_IED_FranciscoMati_Ext_e3869d,,,,,
2026-09-12T14:41:13-05:00,PUR_IED_FranciscoMati_S13_f31c67,PUR_IED_FranciscoMati_S13_f31c67,,,,,
2026-09-12T14:41:13-05:00,PUR_IED_FranciscoMati_S14_97dead,PUR_IED_FranciscoMati_S14_97dead,,,,,
2026-09-12T14:41:13-05:00,PUR_IED_FranciscoPS_Ext_7bfa9a,PUR_IED_FranciscoPS_Ext_7bfa9a,2,23,50,4.5899,-74.110397
2026-09-12T14:41:13-05:00,PUR_IED_FranciscoPS_Infor_fb8f4c,PUR_IED_FranciscoPS_Infor_fb8f4c,,,,,
2026-09-12T14:41:13-05:00,PUR_IED_FranciscoPS_Quimi_94d39c,PUR_IED_FranciscoPS_Quimi_94d39c,,,,,
2026-09-12T14:41:13-05:00,PUR_IED_FranciscoP_LabQ_d7e148,PUR_IED_FranciscoP_LabQ_d7e148,,,,,
2026-09-12T14:41:13-05:00,PUR_IED_FranciscoP_S28_cf9b30,PUR_IED_FranciscoP_S28_cf9b30,,,,,
2026-09-12T14:41:13-05:00,PUR_IED_FranciscoP_ext_e2313,PUR_IED_FranciscoP_ext_e2313,,,,,
2026-09-12T14:41:13-05:00,PUR_IED_FriederichN_Ext_8ac92a,PUR_IED_FriederichN_Ext_8ac92a,,,,,
2026-09-12T14:41:13-05:00,PUR_IED_FriederichN_S301_dd7e5a,PUR_IED_FriederichN_S301_dd7e5a,,,,,
2026-09-12T14:41:13-05:00,PUR_IED_FriederichN_S308_761f4f,PUR_IED_FriederichN_S308_761f4f,,,,,
2026-09-12T14:41:13-05:00,PUR_IED_GSantander_Aula10_533dd7,PUR_IED_GSantander_Aula10_533dd7,,,,,
2026-09-12T14:41:13-05:00,PUR_IED_GSantander_Aula12_fd4e4f,PUR_IED_GSantander_Aula12_fd4e4f,,,,,
2026-09-12T14:41:13-05:00,PUR_IED_GSantander_Aula310_533dd7,PUR_IED_GSantander_Aula310_533dd7,,,,,
2026-09-12T14:41:13-05:00,PUR_IED_GSantander_Aula312_fd4e4f,PUR_IED_GSantander_Aula312_fd4e4f,,,,,
2026-09-12T14:41:13-05:00,PUR_IED_GSantander_Ext_5f66b0,PUR_IED_GSantander_Ext_5f66b0,,,,,
2026-09-12T14:41:13-05:00,PUR_IED_GYomasa_Ext_f6bea5,PUR_IED_GYomasa_Ext_f6bea5,,,,,
2026-09-12T14:41:13-05:00,PUR_IED_GYomasa_LBiol_2c41aa,PUR_IED_GYomasa_LBiol_2c41aa,,,,,
2026-09-12T14:41:13-05:00,PUR_IED_GYomasa_LQuim_33c80,PUR_IED_GYomasa_LQuim_33c80,,,,,
2026-09-12T14:41:13-05:00,PUR_IED_GabBetMejia_Cienc_5a99c,PUR_IED_GabBetMejia_Cienc_5a99c,,,,,
2026-09-12T14:41:13-05:00,PUR_IED_GabBetMejia_Ext_9153d0,PUR_IED_GabBetMejia_Ext_9153d0,,,,,
2026-09-12T14:41:13-05:00,PUR_IED_GabBetMejia_Lab_f55347,PUR_IED_GabBetMejia_Lab_f55347,,,,,
2026-09-12T14:41:13-05:00,PUR_IED_GabBetanMejia_Ext_9153d0,PUR_IED_GabBetanMejia_Ext_9153d0,,,,,
2026-09-12T14:41:13-05:00,PUR_IED_Gaitana_Aula13_7aac11,PUR_IED_Gaitana_Aula13_7aac11,,,,,
2026-09-12T14:41:13-05:00,PUR_IED_Gaitana_Ext_5fcf4,PUR_IED_Gaitana_Ext_5fcf4,,,,,
2026-09-12T14:41:13-05:00,PUR_IED_Gaitana_LabFisica_644448,PUR_IED_Gaitana_LabFisica_644448,,,,,
2026-09-12T14:41:13-05:00,PUR_IED_GenSantander_Dise_8ac858,PUR_IED_GenSantander_Dise_8ac858,,,,,
2026-09-12T14:41:13-05:00,PUR_IED_GenSantander_Ext_8d5dfe,PUR_IED_GenSantander_Ext_8d5dfe,,,,,
2026-09-12T14:41:13-05:00,PUR_IED_GenSantander_Info_6c25b,PUR_IED_GenSantander_Info_6c25b,,,,,
2026-09-12T14:41:13-05:00,PUR_IED_GustavoMo_Exterio_75e63d,PUR_IED_GustavoMo_Exterio_75e63d,,,,,
2026-09-12T14:41:13-05:00,PUR_IED_GustavoMo_LabFisi_224d37,PUR_IED_GustavoMo_LabFisi_224d37,,,,,
2026-09-12T14:41:13-05:00,PUR_IED_GustavoMo_S208_3e6918,PUR_IED_GustavoMo_S208_3e6918,,,,,
2026-09-12T14:41:13-05:00,PUR_IED_GustavoR_A02_8cd4a8,PUR_IED_GustavoR_A02_8cd4a8,,,,,
2026-09-12T14:41:13-05:00,PUR_IED_GustavoR_B11_5b0ed,PUR_IED_GustavoR_B11_5b0ed,,,,,
2026-09-12T14:41:13-05:00,PUR_IED_GustavoR_Ext_7a0c90,PUR_IED_GustavoR_Ext_7a0c90,,,,,
2026-09-12T14:41:13-05:00,PUR_IED_HernandoDuran_Ext_8cd82b,PUR_IED_HernandoDuran_Ext_8cd82b,,,,,
2026-09-12T14:41:13-05:00,PUR_IED_HernandoDuran_S24_2772c6,PUR_IED_HernandoDuran_S24_2772c6,,,,,
2026-09-12T14:41:13-05:00,PUR_IED_HernandoDuran_S30_f2de41,PUR_IED_HernandoDuran_S30_f2de41,,,,,
2026-09-12T14:41:13-05:00,PUR_IED_HolguInUr_S1101_8cd732,PUR_IED_HolguInUr_S1101_8cd732,,,,,
2026-09-12T14:41:13-05:00,PUR_IED_HolguinUr_Exter_ddae6d,PUR_IED_HolguinUr_Exter_ddae6d,,,,,
2026-09-12T14:41:13-05:00,PUR_IED_HolguinUr_LabQuim_92b952,PUR_IED_HolguinUr_LabQuim_92b952,,,,,
2026-09-12T14:41:13-05:00,PUR_IED_Isabel-II_Ext_5245cc,PUR_IED_Isabel-II_Ext_5245cc,2,21,50,4.6336,-74.153
2026-09-12T14:41:13-05:00,PUR_IED_Isabel-II_S_idiom_1c29aa,PUR_IED_Isabel-II_S_idiom_1c29aa,,,,,
2026-09-12T14:41:13-05:00,PUR_IED_Isabel-II_S_infor_fd741,PUR_IED_Isabel-II_S_infor_fd741,,,,,
2026-09-12T14:41:13-05:00,PUR_IED_IsidroSur_Exterio_5b90ea,PUR_IED_IsidroSur_Exterio_5b90ea,,,,,
2026-09-12T14:41:13-05:00,PUR_IED_IsidroSur_LabTec_56697a,PUR_IED_IsidroSur_LabTec_56697a,,,,,
2026-09-12T14:41:13-05:00,PUR_IED_IsidroSur_Robotic_b7c38f,PUR_IED_IsidroSur_Robotic_b7c38f,,,,,
2026-09-12T14:41:13-05:00,PUR_IED_IsmaelPerd_Ext_7b6672,PUR_IED_IsmaelPerd_Ext_7b6672,,,,,
2026-09-12T14:41:13-05:00,PUR_IED_IsmaelPerd_Inform_306540,PUR_IED_IsmaelPerd_Inform_306540,,,,,
2026-09-12T14:41:13-05:00,PUR_IED_IsmaelPerd_S30_2e2c83,PUR_IED_IsmaelPerd_S30_2e2c83,,,,,
2026-09-12T14:41:13-05:00,PUR_IED_JLozano_Exter_432910,PUR_IED_JLozano_Exter_432910,,,,,
2026-09-12T14:41:13-05:00,PUR_IED_JLozano_salaMulti_df5125,PUR_IED_JLozano_salaMulti_df5125,,,,,
2026-09-12T14:41:13-05:00,PUR_IED_JMCordoba_206_86f80b,PUR_IED_JMCordoba_206_86f80b,,,,,
2026-09-12T14:41:13-05:00,PUR_IED_JMCordoba_Ext_27ad97,PUR_IED_JMCordoba_Ext_27ad97,,,,,
2026-09-12T14:41:13-05:00,PUR_IED_JMCordoba_S310_d59ab4,PUR_IED_JMCordoba_S310_d59ab4,,,,,
2026-09-12T14:41:13-05:00,PUR_IED_Japon_Ext_549100,PUR_IED_Japon_Ext_549100,,,,,
2026-09-12T14:41:13-05:00,PUR_IED_Japon_Laboratorio_bec51d,PUR_IED_Japon_Laboratorio_bec51d,,,,,
2026-09-12T14:41:13-05:00,PUR_IED_Japon_informatica_d99327,PUR_IED_Japon_informatica_d99327,,,,,
2026-09-12T14:41:13-05:00,PUR_IED_Jazmin_Ext_d27bda,PUR_IED_Jazmin_Ext_d27bda,,,,,
2026-09-12T14:41:13-05:00,PUR_IED_Jazmin_Fisica_8d14d7,PUR_IED_Jazmin_Fisica_8d14d7,,,,,
2026-09-12T14:41:13-05:00,PUR_IED_Jazmin_Quimica_801cb5,PUR_IED_Jazmin_Quimica_801cb5,,,,,
2026-09-12T14:41:13-05:00,PUR_IED_JorgeGaitan_Exter_f098d1,PUR_IED_JorgeGaitan_Exter_f098d1,,,,,
2026-09-12T14:41:13-05:00,PUR_IED_JorgeGaitan_STec1_dc9d1d,PUR_IED_JorgeGaitan_STec1_dc9d1d,,,,,
2026-09-12T14:41:13-05:00,PUR_IED_JorgeGaitan_STec2_281e69,PUR_IED_JorgeGaitan_STec2_281e69,,,,,
2026-09-12T14:41:13-05:00,PUR_IED_JorgeSoto_Exterio_d9d0a2,PUR_IED_JorgeSoto_Exterio_d9d0a2,,,,,
2026-09-12T14:41:13-05:00,PUR_IED_JorgeSoto_LabFisi_209c54,PUR_IED_JorgeSoto_LabFisi_209c54,,,,,
2026-09-12T14:41:13-05:00,PUR_IED_JorgeSoto_S103_27b51a,PUR_IED_JorgeSoto_S103_27b51a,,,,,
2026-09-12T14:41:13-05:00,PUR_IED_JoseAcevedo_A02_e965eb,PUR_IED_JoseAcevedo_A02_e965eb,,,,,
2026-09-12T14:41:13-05:00,PUR_IED_JoseAcevedo_A07_dd5b4,PUR_IED_JoseAcevedo_A07_dd5b4,,,,,
2026-09-12T14:41:13-05:00,PUR_IED_JoseAcevedo_Ext_b47484,PUR_IED_JoseAcevedo_Ext_b47484,,,,,
2026-09-12T14:41:13-05:00,PUR_IED_JoseMarti_Exte_5b9bf,PUR_IED_JoseMarti_Exte_5b9bf,,,,,
2026-09-12T14:41:13-05:00,PUR_IED_JoseMarti_LabQuim_1c6c2d,PUR_IED_JoseMarti_LabQuim_1c6c2d,,,,,
2026-09-12T14:41:13-05:00,PUR_IED_JoseMarti_S_info_f5f177,PUR_IED_JoseMarti_S_info_f5f177,,,,,
2026-09-12T14:41:13-05:00,PUR_IED_Josejoaquin_Ext_dfc5dc,PUR_IED_Josejoaquin_Ext_dfc5dc,,,,,
2026-09-12T14:41:13-05:00,PUR_IED_Josejoaquin_S05_5b2a96,PUR_IED_Josejoaquin_S05_5b2a96,,,,,
2026-09-12T14:41:13-05:00,PUR_IED_Josejoaquin_S06_1ce7d2,PUR_IED_Josejoaquin_S06_1ce7d2,,,,,
2026-09-12T14:41:13-05:00,PUR_IED_JulioFlorez_Danza_9b82dd,PUR_IED_JulioFlorez_Danza_9b82dd,,,,,
2026-09-12T14:41:13-05:00,PUR_IED_JulioFlorez_Exter_f9f314,PUR_IED_JulioFlorez_Exter_f9f314,,,,,
2026-09-12T14:41:13-05:00,PUR_IED_JulioFlorez_info2_6b6e08,PUR_IED_JulioFlorez_info2_6b6e08,,,,,
2026-09-12T14:41:13-05:00,PUR_IED_LaBelleza_Aula13_1d00d8,PUR_IED_LaBelleza_Aula13_1d00d8,,,,,
2026-09-12T14:41:13-05:00,PUR_IED_LaBelleza_Ext_7bc08c,PUR_IED_LaBelleza_Ext_7bc08c,,,,,
2026-09-12T14:41:13-05:00,PUR_IED_LaChucua_Ext_8cd6d2,PUR_IED_LaChucua_Ext_8cd6d2,,,,,
2026-09-12T14:41:13-05:00,PUR_IED_LaChucua_S15_f578ce,PUR_IED_LaChucua_S15_f578ce,,,,,
2026-09-12T14:41:13-05:00,PUR_IED_LaChucua_S16_eebcf9,PUR_IED_LaChucua_S16_eebcf9,,,,,
2026-09-12T14:41:13-05:00,PUR_IED_LaFelicidad_Ext_fb5109,PUR_IED_LaFelicidad_Ext_fb5109,,,,,
2026-09-12T14:41:13-05:00,PUR_IED_LaMerced_206_66ebd,PUR_IED_LaMerced_206_66ebd,,,,,
2026-09-12T14:41:13-05:00,PUR_IED_LaMerced_207_6ebd6,PUR_IED_LaMerced_207_6ebd6,,,,,
2026-09-12T14:41:13-05:00,PUR_IED_LaMerced_ext_304311,PUR_IED_LaMerced_ext_304311,,,,,
2026-09-12T14:41:13-05:00,PUR_IED_Laureano_CiencNat_281e5e,PUR_IED_Laureano_CiencNat_281e5e,,,,,
2026-09-12T14:41:13-05:00,PUR_IED_Laureano_Comedor_f65c0a,PUR_IED_Laureano_Comedor_f65c0a,,,,,
2026-09-12T14:41:13-05:00,PUR_IED_Laureano_Exterior_7ab011,PUR_IED_Laureano_Exterior_7ab011,,,,,
2026-09-12T14:41:13-05:00,PUR_IED_LeonGreiff_Exte_dfe560,PUR_IED_LeonGreiff_Exte_dfe560,,,,,
2026-09-12T14:41:13-05:00,PUR_IED_LeonGreiff_S210_f264ed,PUR_IED_LeonGreiff_S210_f264ed,,,,,
2026-09-12T14:41:13-05:00,PUR_IED_LeonGreiff_SQuimi_e8296f,PUR_IED_LeonGreiff_SQuimi_e8296f,,,,,
2026-09-12T14:41:13-05:00,PUR_IED_LlanoOrientalS208_7b9fcd,PUR_IED_LlanoOrientalS208_7b9fcd,,,,,
2026-09-12T14:41:13-05:00,PUR_IED_LlanoOriental_Ext_fb3766,PUR_IED_LlanoOriental_Ext_fb3766,,,,,
2026-09-12T14:41:13-05:00,PUR_IED_LlanoOriental_S208_7b9fcd,PUR_IED_LlanoOriental_S208_7b9fcd,,,,,
2026-09-12T14:41:13-05:00,PUR_IED_LlanoOriental_S9_27b378,PUR_IED_LlanoOriental_S9_27b378,,,,,
2026-09-12T14:41:13-05:00,PUR_IED_LosTejares_1101_477602,PUR_IED_LosTejares_1101_477602,,,,,
2026-09-12T14:41:13-05:00,PUR_IED_LosTejares_11_d2c595,PUR_IED_LosTejares_11_d2c595,,,,,
2026-09-12T14:41:13-05:00,PUR_IED_LosTejares_12_477602,PUR_IED_LosTejares_12_477602,,,,,
2026-09-12T14:41:13-05:00,PUR_IED_LosTejares_Ext_8e2115,PUR_IED_LosTejares_Ext_8e2115,,,,,
2026-09-12T14:41:13-05:00,PUR_IED_MagdalenaO_B202_5ddda3,PUR_IED_MagdalenaO_B202_5ddda3,,,,,
2026-09-12T14:41:13-05:00,PUR_IED_MagdalenaO_B205_fb76e8,PUR_IED_MagdalenaO_B205_fb76e8,,,,,
2026-09-12T14:41:13-05:00,PUR_IED_MagdalenaO_ext_dc69cd,PUR_IED_MagdalenaO_ext_dc69cd,,,,,
2026-09-12T14:41:13-05:00,PUR_IED_ManueCepeda_artes_eee956,PUR_IED_ManueCepeda_artes_eee956,,,,,
2026-09-12T14:41:13-05:00,PUR_IED_ManuelCepeda_Ext_58313,PUR_IED_ManuelCepeda_Ext_58313,,,,,
2026-09-12T14:41:13-05:00,PUR_IED_ManuelCepeda_tec_1c5731,PUR_IED_ManuelCepeda_tec_1c5731,,,,,
2026-09-12T14:41:13-05:00,PUR_IED_ManuelS_Exterior_5b269,PUR_IED_ManuelS_Exterior_5b269,,,,,
2026-09-12T14:41:13-05:00,PUR_IED_ManuelS_Inform_f369ce,PUR_IED_ManuelS_Inform_f369ce,,,,,
2026-09-12T14:41:13-05:00,PUR_IED_ManuelS_SArtes_7d15f1,PUR_IED_ManuelS_SArtes_7d15f1,,,,,
2026-09-12T14:41:13-05:00,PUR_IED_ManuelZapata_303_3ca6,PUR_IED_ManuelZapata_303_3ca6,,,,,
2026-09-12T14:41:13-05:00,PUR_IED_ManuelZapata_311_bfbabc,PUR_IED_ManuelZapata_311_bfbabc,,,,,
2026-09-12T14:41:13-05:00,PUR_IED_ManuelZapata_Ext_50824a,PUR_IED_ManuelZapata_Ext_50824a,,,,,
2026-09-12T14:41:13-05:00,PUR_IED_ManuelitaS_Exteri_656a92,PUR_IED_ManuelitaS_Exteri_656a92,,,,,
2026-09-12T14:41:13-05:00,PUR_IED_ManuelitaS_JuzgDe_f58ec3,PUR_IED_ManuelitaS_JuzgDe_f58ec3,,,,,
2026-09-12T14:41:13-05:00,PUR_IED_ManuelitaS_Recrea_d793db,PUR_IED_ManuelitaS_Recrea_d793db,,,,,
2026-09-12T14:41:13-05:00,PUR_IED_MarFidSuarez_Ext_c27b19,PUR_IED_MarFidSuarez_Ext_c27b19,,,,,
2026-09-12T14:41:13-05:00,PUR_IED_MarFidSuarez_Info_e384d7,PUR_IED_MarFidSuarez_Info_e384d7,,,,,
2026-09-12T14:41:13-05:00,PUR_IED_MarFidSuarez_S306_1d0032,PUR_IED_MarFidSuarez_S306_1d0032,,,,,
2026-09-12T14:41:13-05:00,PUR_IED_Menorah_301_2a25a3,PUR_IED_Menorah_301_2a25a3,,,,,
2026-09-12T14:41:13-05:00,PUR_IED_Menorah_306_37ed3,PUR_IED_Menorah_306_37ed3,,,,,
2026-09-12T14:41:13-05:00,PUR_IED_Menorah_Ext_3e155b,PUR_IED_Menorah_Ext_3e155b,,,,,
2026-09-12T14:41:13-05:00,PUR_IED_MinutoB.Aires_A11_1b1604,PUR_IED_MinutoB.Aires_A11_1b1604,,,,,
2026-09-12T14:41:13-05:00,PUR_IED_MinutoB.Aires_A12_fb5860,PUR_IED_MinutoB.Aires_A12_fb5860,,,,,
2026-09-12T14:41:13-05:00,PUR_IED_MinutoB.Aires_Ext_81293f,PUR_IED_MinutoB.Aires_Ext_81293f,,,,,
2026-09-12T14:41:13-05:00,PUR_IED_MinutoBAires_A11_1b1604,PUR_IED_MinutoBAires_A11_1b1604,,,,,
2026-09-12T14:41:13-05:00,PUR_IED_MinutoBAires_A12_fb5860,PUR_IED_MinutoBAires_A12_fb5860,,,,,
2026-09-12T14:41:13-05:00,PUR_IED_MinutoBAires_Ext_81293f,PUR_IED_MinutoBAires_Ext_81293f,,,,,
2026-09-12T14:41:13-05:00,PUR_IED_Montreal_Aula10_1e4959,PUR_IED_Montreal_Aula10_1e4959,,,,,
2026-09-12T14:41:13-05:00,PUR_IED_Montreal_Aula6_300367,PUR_IED_Montreal_Aula6_300367,,,,,
2026-09-12T14:41:13-05:00,PUR_IED_Montreal_Exterior_91a179,PUR_IED_Montreal_Exterior_91a179,,,,,
2026-09-12T14:41:13-05:00,PUR_IED_Mqgdalena_B202_5ddda3,PUR_IED_Mqgdalena_B202_5ddda3,,,,,
2026-09-12T14:41:13-05:00,PUR_IED_NACUND_Soc_dc8728,PUR_IED_NACUND_Soc_dc8728,,,,,
2026-09-12T14:41:13-05:00,PUR_IED_NACUND_ext_27ad97,PUR_IED_NACUND_ext_27ad97,,,,,
2026-09-12T14:41:13-05:00,PUR_IED_NEsperanza_Ext_d24b61,PUR_IED_NEsperanza_Ext_d24b61,,,,,
2026-09-12T14:41:13-05:00,PUR_IED_NEsperanza_SElect_7d1807,PUR_IED_NEsperanza_SElect_7d1807,,,,,
2026-09-12T14:41:13-05:00,PUR_IED_NEsperanza_SLabor_8b2d0a,PUR_IED_NEsperanza_SLabor_8b2d0a,,,,,
2026-09-12T14:41:13-05:00,PUR_IED_NacionesU_Ext_f661a9,PUR_IED_NacionesU_Ext_f661a9,,,,,
2026-09-12T14:41:13-05:00,PUR_IED_NacionesU_Quimica_66f0a,PUR_IED_NacionesU_Quimica_66f0a,,,,,
2026-09-12T14:41:13-05:00,PUR_IED_NacionesU_S306_1b4b3d,PUR_IED_NacionesU_S306_1b4b3d,,,,,
2026-09-12T14:41:13-05:00,PUR_IED_NestorFA_Ext_e4201c,PUR_IED_NestorFA_Ext_e4201c,,,,,
2026-09-12T14:41:13-05:00,PUR_IED_NestorFA_Laborato_f22fe0,PUR_IED_NestorFA_Laborato_f22fe0,,,,,
2026-09-12T14:41:13-05:00,PUR_IED_NestorFA_S204_dee996,PUR_IED_NestorFA_S204_dee996,,,,,
2026-09-12T14:41:13-05:00,PUR_IED_NidyaQT_Aula03_76999b,PUR_IED_NidyaQT_Aula03_76999b,,,,,
2026-09-12T14:41:13-05:00,PUR_IED_NidyaQT_Aula10_56325,PUR_IED_NidyaQT_Aula10_56325,,,,,
2026-09-12T14:41:13-05:00,PUR_IED_NidyaQT_Ext_46e32d,PUR_IED_NidyaQT_Ext_46e32d,,,,,
2026-09-12T14:41:13-05:00,PUR_IED_NuevaCol_Exterior_d9b859,PUR_IED_NuevaCol_Exterior_d9b859,,,,,
2026-09-12T14:41:13-05:00,PUR_IED_NuevaCol_S1101_76c43b,PUR_IED_NuevaCol_S1101_76c43b,,,,,
2026-09-12T14:41:13-05:00,PUR_IED_NuevaCol_S1102_1ce0b5,PUR_IED_NuevaCol_S1102_1ce0b5,,,,,
2026-09-12T14:41:13-05:00,PUR_IED_OEA_A202_f7e3f2,PUR_IED_OEA_A202_f7e3f2,,,,,
2026-09-12T14:41:13-05:00,PUR_IED_OEA_A203_7d1b8d,PUR_IED_OEA_A203_7d1b8d,,,,,
2026-09-12T14:41:13-05:00,PUR_IED_OEA_Ext_27b593,PUR_IED_OEA_Ext_27b593,,,,,
2026-09-12T14:41:13-05:00,PUR_IED_Ochoa_Ext_1c29da,PUR_IED_Ochoa_Ext_1c29da,,,,,
2026-09-12T14:41:13-05:00,PUR_IED_Ochoa_S205_8b1121,PUR_IED_Ochoa_S205_8b1121,,,,,
2026-09-12T14:41:13-05:00,PUR_IED_Ochoa_Sistemas_f33af6,PUR_IED_Ochoa_Sistemas_f33af6,,,,,
2026-09-12T14:41:13-05:00,PUR_IED_PQuebec_Ext_1c67c7,PUR_IED_PQuebec_Ext_1c67c7,,,,,
2026-09-12T14:41:13-05:00,PUR_IED_PQuebec_S15_23e8e2,PUR_IED_PQuebec_S15_23e8e2,,,,,
2026-09-12T14:41:13-05:00,PUR_IED_PQuebec_S16_8ec76b,PUR_IED_PQuebec_S16_8ec76b,,,,,
2026-09-12T14:41:13-05:00,PUR_IED_PabloN_Ext_49dc96,PUR_IED_PabloN_Ext_49dc96,,,,,
2026-09-12T14:41:13-05:00,PUR_IED_PabloN_S1102_4e3df5,PUR_IED_PabloN_S1102_4e3df5,,,,,
2026-09-12T14:41:13-05:00,PUR_IED_PabloN_S1103_50c94b,PUR_IED_PabloN_S1103_50c94b,,,,,
2026-09-12T14:41:13-05:00,PUR_IED_Palestina_S1101_db9198,PUR_IED_Palestina_S1101_db9198,,,,,
2026-09-12T14:41:13-05:00,PUR_IED_Palestina_S1102_dc54fa,PUR_IED_Palestina_S1102_dc54fa,,,,,
2026-09-12T14:41:13-05:00,PUR_IED_Palestina_ext_4ccce6,PUR_IED_Palestina_ext_4ccce6,,,,,
2026-09-12T14:41:13-05:00,PUR_IED_Panama_Fisica_4d0794,PUR_IED_Panama_Fisica_4d0794,,,,,
2026-09-12T14:41:13-05:00,PUR_IED_Panama_SIngles_a4077e,PUR_IED_Panama_SIngles_a4077e,,,,,
2026-09-12T14:41:13-05:00,PUR_IED_Panama_ext_4c54b4,PUR_IED_Panama_ext_4c54b4,,,,,
2026-09-12T14:41:13-05:00,PUR_IED_ParaisoM_Exterior_8cd7f0,PUR_IED_ParaisoM_Exterior_8cd7f0,,,,,
2026-09-12T14:41:13-05:00,PUR_IED_ParaisoM_Laborato_27af35,PUR_IED_ParaisoM_Laborato_27af35,,,,,
2026-09-12T14:41:13-05:00,PUR_IED_ParaisoM_S304_d1edca,PUR_IED_ParaisoM_S304_d1edca,,,,,
2026-09-12T14:41:13-05:00,PUR_IED_PorfirioBarba_Ext_301466,PUR_IED_PorfirioBarba_Ext_301466,,,,,
2026-09-12T14:41:13-05:00,PUR_IED_PorfirioBarba_S11_df6cd2,PUR_IED_PorfirioBarba_S11_df6cd2,,,,,
2026-09-12T14:41:13-05:00,PUR_IED_PorfirioBarba_S29_27a7d6,PUR_IED_PorfirioBarba_S29_27a7d6,,,,,
2026-09-12T14:41:13-05:00,PUR_IED_PradoV_Exter_8b27ad,PUR_IED_PradoV_Exter_8b27ad,,,,,
2026-09-12T14:41:13-05:00,PUR_IED_PradoV_S301_de65b5,PUR_IED_PradoV_S301_de65b5,,,,,
2026-09-12T14:41:13-05:00,PUR_IED_PradoV_S302_7d2593,PUR_IED_PradoV_S302_7d2593,,,,,
2026-09-12T14:41:13-05:00,PUR_IED_QuirogaAlz_Ext_1ddc82,PUR_IED_QuirogaAlz_Ext_1ddc82,,,,,
2026-09-12T14:41:13-05:00,PUR_IED_QuirogaAlz_S302_9926a3,PUR_IED_QuirogaAlz_S302_9926a3,,,,,
2026-09-12T14:41:13-05:00,PUR_IED_QuirogaAlz_S305_cdf1f1,PUR_IED_QuirogaAlz_S305_cdf1f1,,,,,
2026-09-12T14:41:13-05:00,PUR_IED_RGuatemala_Biling_dc53b7,PUR_IED_RGuatemala_Biling_dc53b7,,,,,
2026-09-12T14:41:13-05:00,PUR_IED_RGuatemala_Ext_1b89a3,PUR_IED_RGuatemala_Ext_1b89a3,,,,,
2026-09-12T14:41:13-05:00,PUR_IED_RGuatemala_Tecnol_281a34,PUR_IED_RGuatemala_Tecnol_281a34,,,,,
2026-09-12T14:41:13-05:00,PUR_IED_RafaNu_Ext_f7c302,PUR_IED_RafaNu_Ext_f7c302,,,,,
2026-09-12T14:41:13-05:00,PUR_IED_RafaNu_S1101_25fde,PUR_IED_RafaNu_S1101_25fde,,,,,
2026-09-12T14:41:13-05:00,PUR_IED_RafaNu_S1102_281517,PUR_IED_RafaNu_S1102_281517,,,,,
2026-09-12T14:41:13-05:00,PUR_IED_RafaelB_S305_ee2783,PUR_IED_RafaelB_S305_ee2783,,,,,
2026-09-12T14:41:13-05:00,PUR_IED_RafaelB_S306_75fe33,PUR_IED_RafaelB_S306_75fe33,,,,,
2026-09-12T14:41:13-05:00,PUR_IED_RafaelB_ext_283336,PUR_IED_RafaelB_ext_283336,3,20,59,4.6722,-74.0737
2026-09-12T14:41:13-05:00,PUR_IED_RafaelUU_Exterior_281a51,PUR_IED_RafaelUU_Exterior_281a51,,,,,
2026-09-12T14:41:13-05:00,PUR_IED_RafaelUU_Human_806b2,PUR_IED_RafaelUU_Human_806b2,,,,,
2026-09-12T14:41:13-05:00,PUR_IED_RafaelUU_Mate2_5680d4,PUR_IED_RafaelUU_Mate2_5680d4,,,,,
2026-09-12T14:41:13-05:00,PUR_IED_RamonSub_Ext_f9eeb9,PUR_IED_RamonSub_Ext_f9eeb9,,,,,
2026-09-12T14:41:13-05:00,PUR_IED_RamonSub_Media_d1f62f,PUR_IED_RamonSub_Media_d1f62f,,,,,
2026-09-12T14:41:13-05:00,PUR_IED_RamonSub_planta_51b82,PUR_IED_RamonSub_planta_51b82,,,,,
2026-09-12T14:41:13-05:00,PUR_IED_RepBoliVene_Exter_27af7c,PUR_IED_RepBoliVene_Exter_27af7c,,,,,
2026-09-12T14:41:13-05:00,PUR_IED_RepBoliVene_SCPT_5ae2ee,PUR_IED_RepBoliVene_SCPT_5ae2ee,,,,,
2026-09-12T14:41:13-05:00,PUR_IED_RepBoliVene_Socia_4b11d5,PUR_IED_RepBoliVene_Socia_4b11d5,,,,,
2026-09-12T14:41:13-05:00,PUR_IED_RepChina_Ext_76d9ee,PUR_IED_RepChina_Ext_76d9ee,,,,,
2026-09-12T14:41:13-05:00,PUR_IED_RepChina_S404_7c804c,PUR_IED_RepChina_S404_7c804c,,,,,
2026-09-12T14:41:13-05:00,PUR_IED_RepChina_S405_df2c33,PUR_IED_RepChina_S405_df2c33,,,,,
2026-09-12T14:41:13-05:00,PUR_IED_RepublicaC_Exteri_7d1ec9,PUR_IED_RepublicaC_Exteri_7d1ec9,,,,,
2026-09-12T14:41:13-05:00,PUR_IED_RepublicaC_S1101_f544b3,PUR_IED_RepublicaC_S1101_f544b3,,,,,
2026-09-12T14:41:13-05:00,PUR_IED_RepublicaC_S1102_7aafc7,PUR_IED_RepublicaC_S1102_7aafc7,,,,,
2026-09-12T14:41:13-05:00,PUR_IED_Ricaurte_Externo_a0ea1,PUR_IED_Ricaurte_Externo_a0ea1,,,,,
2026-09-12T14:41:13-05:00,PUR_IED_Ricaurte_S210_f546fd,PUR_IED_Ricaurte_S210_f546fd,,,,,
2026-09-12T14:41:13-05:00,PUR_IED_Ricaurte_S309_d4452,PUR_IED_Ricaurte_S309_d4452,,,,,
2026-09-12T14:41:13-05:00,PUR_IED_RogelioS_1102_531e69,PUR_IED_RogelioS_1102_531e69,,,,,
2026-09-12T14:41:13-05:00,PUR_IED_RogelioS_Ext_f25a18,PUR_IED_RogelioS_Ext_f25a18,,,,,
2026-09-12T14:41:13-05:00,PUR_IED_SBernardino_Ext_27aff8,PUR_IED_SBernardino_Ext_27aff8,,,,,
2026-09-12T14:41:13-05:00,PUR_IED_SBernardino_SArte_2ffd33,PUR_IED_SBernardino_SArte_2ffd33,,,,,
2026-09-12T14:41:13-05:00,PUR_IED_SBernardino_SIngl_7c7da5,PUR_IED_SBernardino_SIngl_7c7da5,,,,,
2026-09-12T14:41:13-05:00,PUR_IED_Sago_auditorio_dc9d1d,PUR_IED_Sago_auditorio_dc9d1d,,,,,
2026-09-12T14:41:13-05:00,PUR_IED_Saludcoop_Ext_95aac3,PUR_IED_Saludcoop_Ext_95aac3,,,,,
2026-09-12T14:41:13-05:00,PUR_IED_Saludcoop_InfI_90c854,PUR_IED_Saludcoop_InfI_90c854,,,,,
2026-09-12T14:41:13-05:00,PUR_IED_Saludcoop_SMedia_1b93be,PUR_IED_Saludcoop_SMedia_1b93be,,,,,
2026-09-12T14:41:13-05:00,PUR_IED_SanCarlos_1101_1a2360,PUR_IED_SanCarlos_1101_1a2360,,,,,
2026-09-12T14:41:13-05:00,PUR_IED_SanCarlos_1103_7bafb5,PUR_IED_SanCarlos_1103_7bafb5,,,,,
2026-09-12T14:41:13-05:00,PUR_IED_SanCarlos_Ext_b7cd1,PUR_IED_SanCarlos_Ext_b7cd1,,,,,
2026-09-12T14:41:13-05:00,PUR_IED_SanIgnacioBosa11a_50c26e,PUR_IED_SanIgnacioBosa11a_50c26e,,,,,
2026-09-12T14:41:13-05:00,PUR_IED_SanIgnacioBosa11b_371de8,PUR_IED_SanIgnacioBosa11b_371de8,,,,,
2026-09-12T14:41:13-05:00,PUR_IED_SanIgnacioBosaExt_ef0ffc,PUR_IED_SanIgnacioBosaExt_ef0ffc,,,,,
2026-09-12T14:41:13-05:00,PUR_IED_SanIgnacioBosa_11a_50c26e,PUR_IED_SanIgnacioBosa_11a_50c26e,,,,,
2026-09-12T14:41:13-05:00,PUR_IED_SanIgnacioBosa_Ext_ef0ffc,PUR_IED_SanIgnacioBosa_Ext_ef0ffc,,,,,
2026-09-12T14:41:13-05:00,PUR_IED_SanJoseN_intS1101_31c47f,PUR_IED_SanJoseN_intS1101_31c47f,,,,,
2026-09-12T14:41:13-05:00,PUR_IED_SanJoseUsm_Exter_f5d7e8,PUR_IED_SanJoseUsm_Exter_f5d7e8,,,,,
2026-09-12T14:41:13-05:00,PUR_IED_SanJoseUsm_Int11A_cfdef6,PUR_IED_SanJoseUsm_Int11A_cfdef6,,,,,
2026-09-12T14:41:13-05:00,PUR_IED_SilveriaR_IntB5_905349,PUR_IED_SilveriaR_IntB5_905349,,,,,
2026-09-12T14:41:13-05:00,PUR_IED_SilveriaR_IntSD14_981f93,PUR_IED_SilveriaR_IntSD14_981f93,,,,,
2026-09-12T14:41:13-05:00,PUR_IED_SilveriaR_ext_2b651d,PUR_IED_SilveriaR_ext_2b651d,,,,,
2026-09-12T14:41:13-05:00,PUR_IED_SimonB_Exterior_913975,PUR_IED_SimonB_Exterior_913975,,,,,
2026-09-12T14:41:13-05:00,PUR_IED_SimonB_LabQuimi_c56908,PUR_IED_SimonB_LabQuimi_c56908,,,,,
2026-09-12T14:41:13-05:00,PUR_IED_SimonB_informatic_a28c1,PUR_IED_SimonB_informatic_a28c1,,,,,
2026-09-12T14:41:13-05:00,PUR_IED_Sorrento_1102_315f50,PUR_IED_Sorrento_1102_315f50,,,,,
2026-09-12T14:41:13-05:00,PUR_IED_Sorrento_Minte_214eab,PUR_IED_Sorrento_Minte_214eab,,,,,
2026-09-12T14:41:13-05:00,PUR_IED_Sorrento_ext_7c3a0a,PUR_IED_Sorrento_ext_7c3a0a,,,,,
2026-09-12T14:41:13-05:00,PUR_IED_Tabora_Ext_f048ae,PUR_IED_Tabora_Ext_f048ae,,,,,
2026-09-12T14:41:13-05:00,PUR_IED_Tabora_S1102_b07752,PUR_IED_Tabora_S1102_b07752,,,,,
2026-09-12T14:41:13-05:00,PUR_IED_Tabora_S1103_d988f5,PUR_IED_Tabora_S1103_d988f5,,,,,
2026-09-12T14:41:13-05:00,PUR_IED_Tenerife_Ext_1ab188,PUR_IED_Tenerife_Ext_1ab188,,,,,
2026-09-12T14:41:13-05:00,PUR_IED_Tenerife_SDanzas_7bc02e,PUR_IED_Tenerife_SDanzas_7bc02e,,,,,
2026-09-12T14:41:13-05:00,PUR_IED_Tenerife_SIngles_7cc277,PUR_IED_Tenerife_SIngles_7cc277,,,,,
2026-09-12T14:41:13-05:00,PUR_IED_Tibabuyes_Exter_f2683d,PUR_IED_Tibabuyes_Exter_f2683d,,,,,
2026-09-12T14:41:13-05:00,PUR_IED_Tibabuyes_S10_dc87a8,PUR_IED_Tibabuyes_S10_dc87a8,,,,,
2026-09-12T14:41:13-05:00,PUR_IED_Tibabuyes_S15_dc0526,PUR_IED_Tibabuyes_S15_dc0526,,,,,
2026-09-12T14:41:13-05:00,PUR_IED_UnionE_S301_a1043,PUR_IED_UnionE_S301_a1043,,,,,
2026-09-12T14:41:13-05:00,PUR_IED_UnionE_S307_ff6c2f,PUR_IED_UnionE_S307_ff6c2f,,,,,
2026-09-12T14:41:13-05:00,PUR_IED_UnionE__Ext_5e2468,PUR_IED_UnionE__Ext_5e2468,,,,,
2026-09-12T14:41:13-05:00,PUR_IED_VillaRica_Ext_75be7c,PUR_IED_VillaRica_Ext_75be7c,,,,,
2026-09-12T14:41:13-05:00,PUR_IED_VillaRica_S4_cc5dcd,PUR_IED_VillaRica_S4_cc5dcd,,,,,
2026-09-12T14:41:13-05:00,PUR_IED_VillaRica_Sesp_99f5c,PUR_IED_VillaRica_Sesp_99f5c,,,,,
2026-09-12T14:46:11-05:00,PUR_IED_20deJulio_1101_91b1b9,PUR_IED_20deJulio_1101_91b1b9,,,,,
2026-09-12T14:46:11-05:00,PUR_IED_20deJulio_1102_1cfcf9,PUR_IED_20deJulio_1102_1cfcf9,,,,,
2026-09-12T14:46:11-05:00,PUR_IED_20deJulio_Ext_ab60bd,PUR_IED_20deJulio_Ext_ab60bd,,,,,
2026-09-12T14:46:11-05:00,PUR_IED_AgustinFer_Ext_7b9b77,PUR_IED_AgustinFer_Ext_7b9b77,,,,,
2026-09-12T14:46:11-05:00,PUR_IED_AgustinFer_Info2_27b3a7,PUR_IED_AgustinFer_Info2_27b3a7,,,,,
2026-09-12T14:46:11-05:00,PUR_IED_AgustinFer_Sena_54b4eb,PUR_IED_AgustinFer_Sena_54b4eb,,,,,
2026-09-12T14:46:11-05:00,PUR_IED_AlexanderF_1102_caf07b,PUR_IED_AlexanderF_1102_caf07b,,,,,
2026-09-12T14:46:11-05:00,PUR_IED_AlexanderF_1103_c79e71,PUR_IED_AlexanderF_1103_c79e71,,,,,
2026-09-12T14:46:11-05:00,PUR_IED_AlexanderF_Ext_c5b18b,PUR_IED_AlexanderF_Ext_c5b18b,,,,,
2026-09-12T14:46:11-05:00,PUR_IED_AlfonsoLopez_Ext_281d77,PUR_IED_AlfonsoLopez_Ext_281d77,,,,,
2026-09-12T14:46:11-05:00,PUR_IED_AlfonsoLopez_LabF_888ce0,PUR_IED_AlfonsoLopez_LabF_888ce0,,,,,
2026-09-12T14:46:11-05:00,PUR_IED_AlfonsoLopez_SMed_df6a7f,PUR_IED_AlfonsoLopez_SMed_df6a7f,,,,,
2026-09-12T14:46:11-05:00,PUR_IED_AltamiraSO_A2_209f92,PUR_IED_AltamiraSO_A2_209f92,,,,,
2026-09-12T14:46:11-05:00,PUR_IED_AltamiraSO_Ext_186d66,PUR_IED_AltamiraSO_Ext_186d66,,,,,
2026-09-12T14:46:11-05:00,PUR_IED_AltamiraSO_Sistem_27afe1,PUR_IED_AltamiraSO_Sistem_27afe1,,,,,
2026-09-12T14:46:11-05:00,PUR_IED_AlvaroGom_LabQuim_813179,PUR_IED_AlvaroGom_LabQuim_813179,,,,,
2026-09-12T14:46:11-05:00,PUR_IED_AlvaroGomez_Ext_47c7ca,PUR_IED_AlvaroGomez_Ext_47c7ca,,,,,
2026-09-12T14:46:11-05:00,PUR_IED_AlvaroGomez_LabQuim_813179,PUR_IED_AlvaroGomez_LabQuim_813179,,,,,
2026-09-12T14:46:11-05:00,PUR_IED_AlvaroGomez_S23_7ba89f,PUR_IED_AlvaroGomez_S23_7ba89f,,,,,
2026-09-12T14:46:11-05:00,PUR_IED_Amistad_306_dc8728,PUR_IED_Amistad_306_dc8728,,,,,
2026-09-12T14:46:11-05:00,PUR_IED_Amistad_Ext_8cd55e,PUR_IED_Amistad_Ext_8cd55e,,,,,
2026-09-12T14:46:11-05:00,PUR_IED_Amistad_S202_a41169,PUR_IED_Amistad_S202_a41169,,,,,
2026-09-12T14:46:11-05:00,PUR_IED_AndresBello_Bio_fd5f5e,PUR_IED_AndresBello_Bio_fd5f5e,,,,,
2026-09-12T14:46:11-05:00,PUR_IED_AndresBello_ext_dcad65,PUR_IED_AndresBello_ext_dcad65,,,,,
2026-09-12T14:46:11-05:00,PUR_IED_AndresBello_port_eed3ec,PUR_IED_AndresBello_port_eed3ec,,,,,
2026-09-12T14:46:11-05:00,PUR_IED_AngelaR_11b_d90a6b,PUR_IED_AngelaR_11b_d90a6b,,,,,
2026-09-12T14:46:11-05:00,PUR_IED_AngelaR_ext_7cad3e,PUR_IED_AngelaR_ext_7cad3e,,,,,
2026-09-12T14:46:11-05:00,PUR_IED_AntJoseSucre_10mo_df2575,PUR_IED_AntJoseSucre_10mo_df2575,,,,,
2026-09-12T14:46:11-05:00,PUR_IED_AntJoseSucre_Ext_215b36,PUR_IED_AntJoseSucre_Ext_215b36,,,,,
2026-09-12T14:46:11-05:00,PUR_IED_AntJoseSucre_Lab_3139de,PUR_IED_AntJoseSucre_Lab_3139de,,,,,
2026-09-12T14:46:11-05:00,PUR_IED_AntonioGarcia_301_d6b188,PUR_IED_AntonioGarcia_301_d6b188,,,,,
2026-09-12T14:46:11-05:00,PUR_IED_AntonioGarcia_302_88a82,PUR_IED_AntonioGarcia_302_88a82,,,,,
2026-09-12T14:46:11-05:00,PUR_IED_AntonioGarcia_Ext_20950c,PUR_IED_AntonioGarcia_Ext_20950c,,,,,
2026-09-12T14:46:11-05:00,PUR_IED_AntonioVan_Aula2_6dea02,PUR_IED_AntonioVan_Aula2_6dea02,,,,,
2026-09-12T14:46:11-05:00,PUR_IED_AntonioVan_Aula5_f1557e,PUR_IED_AntonioVan_Aula5_f1557e,,,,,
2026-09-12T14:46:11-05:00,PUR_IED_AntonioVan_Ext_406f2f,PUR_IED_AntonioVan_Ext_406f2f,,,,,
2026-09-12T14:46:11-05:00,PUR_IED_Atabanzha_Ext_cc5af9,PUR_IED_Atabanzha_Ext_cc5af9,,,,,
2026-09-12T14:46:11-05:00,PUR_IED_Atabanzha_SA101_56c37,PUR_IED_Atabanzha_SA101_56c37,,,,,
2026-09-12T14:46:11-05:00,PUR_IED_Atabanzha_SB302_27b374,PUR_IED_Atabanzha_SB302_27b374,,,,,
2026-09-12T14:46:11-05:00,PUR_IED_Atahualpa_Ext_fc1748,PUR_IED_Atahualpa_Ext_fc1748,,,,,
2026-09-12T14:46:11-05:00,PUR_IED_Atahualpa_Informa_dc9a95,PUR_IED_Atahualpa_Informa_dc9a95,,,,,
2026-09-12T14:46:11-05:00,PUR_IED_Atahualpa_S1101_f98056,PUR_IED_Atahualpa_S1101_f98056,,,,,
2026-09-12T14:46:11-05:00,PUR_IED_Bellavista_Ext_f5aa74,PUR_IED_Bellavista_Ext_f5aa74,,,,,
2026-09-12T14:46:11-05:00,PUR_IED_Bilbao_11A_916c41,PUR_IED_Bilbao_11A_916c41,,,,,
2026-09-12T14:46:11-05:00,PUR_IED_Bilbao_Ext_fb579a,PUR_IED_Bilbao_Ext_fb579a,,,,,
2026-09-12T14:46:11-05:00,PUR_IED_BrasiliaU_A125_304280,PUR_IED_BrasiliaU_A125_304280,,,,,
2026-09-12T14:46:11-05:00,PUR_IED_BrasiliaU_A203_7c8ca5,PUR_IED_BrasiliaU_A203_7c8ca5,,,,,
2026-09-12T14:46:11-05:00,PUR_IED_BrasiliaU_Ext_8d6e9f,PUR_IED_BrasiliaU_Ext_8d6e9f,3,21,51,4.5175,-74.116302
2026-09-12T14:46:11-05:00,PUR_IED_Brasilia_Ext_fe6593,PUR_IED_Brasilia_Ext_fe6593,,,,,
2026-09-12T14:46:11-05:00,PUR_IED_Brasilia_S24_7c130d,PUR_IED_Brasilia_S24_7c130d,,,,,
2026-09-12T14:46:11-05:00,PUR_IED_Brasilia_S501_186a54,PUR_IED_Brasilia_S501_186a54,,,,,
2026-09-12T14:46:11-05:00,PUR_IED_CHARRY_EXT_f1d5cd,PUR_IED_CHARRY_EXT_f1d5cd,,,,,
2026-09-12T14:46:11-05:00,PUR_IED_CHARRY_INTDANZAS_7a08e6,PUR_IED_CHARRY_INTDANZAS_7a08e6,,,,,
2026-09-12T14:46:11-05:00,PUR_IED_CHARRY_INT_AULA20_dc998d,PUR_IED_CHARRY_INT_AULA20_dc998d,,,,,
2026-09-12T14:46:11-05:00,PUR_IED_COLVIV_1101_S25_7f520a,PUR_IED_COLVIV_1101_S25_7f520a,,,,,
2026-09-12T14:46:11-05:00,PUR_IED_COLVIV_1102_S16_f570ba,PUR_IED_COLVIV_1102_S16_f570ba,,,,,
2026-09-12T14:46:11-05:00,PUR_IED_COLVIV_Ext_1a26fa,PUR_IED_COLVIV_Ext_1a26fa,,,,,
2026-09-12T14:46:11-05:00,PUR_IED_CULPOP_301A_f660f3,PUR_IED_CULPOP_301A_f660f3,,,,,
2026-09-12T14:46:11-05:00,PUR_IED_CULPOP_303_568afe,PUR_IED_CULPOP_303_568afe,,,,,
2026-09-12T14:46:11-05:00,PUR_IED_CULPOP_Ext_e02ccb,PUR_IED_CULPOP_Ext_e02ccb,,,,,
2026-09-12T14:46:11-05:00,PUR_IED_CVillavicen_Ext_26eb58,PUR_IED_CVillavicen_Ext_26eb58,2,17,70,4.487,-74.102798
2026-09-12T14:46:11-05:00,PUR_IED_CVillavicen_Intel_1ce5c2,PUR_IED_CVillavicen_Intel_1ce5c2,,,,,
2026-09-12T14:46:11-05:00,PUR_IED_CVillavicen_Poliv_e0766c,PUR_IED_CVillavicen_Poliv_e0766c,,,,,
2026-09-12T14:46:11-05:00,PUR_IED_CVillavicen_int_1ba140,PUR_IED_CVillavicen_int_1ba140,,,,,
2026-09-12T14:46:11-05:00,PUR_IED_CVillavicen_intel_1ba140,PUR_IED_CVillavicen_intel_1ba140,,,,,
2026-09-12T14:46:11-05:00,PUR_IED_CarlosPizarro_Ext_e307cc,PUR_IED_CarlosPizarro_Ext_e307cc,,,,,
2026-09-12T14:46:11-05:00,PUR_IED_CarlosPizarro_L36_7e5cdb,PUR_IED_CarlosPizarro_L36_7e5cdb,,,,,
2026-09-12T14:46:11-05:00,PUR_IED_CarlosPizarro_L37_c8566c,PUR_IED_CarlosPizarro_L37_c8566c,,,,,
2026-09-12T14:46:11-05:00,PUR_IED_Castilla_Ext_cf35f,PUR_IED_Castilla_Ext_cf35f,,,,,
2026-09-12T14:46:11-05:00,PUR_IED_Castilla_SFisik_360e38,PUR_IED_Castilla_SFisik_360e38,,,,,
2026-09-12T14:46:11-05:00,PUR_IED_Castilla_Sc304_496fbf,PUR_IED_Castilla_Sc304_496fbf,,,,,
2026-09-12T14:46:11-05:00,PUR_IED_CervantesSa_Ext_6b57b,PUR_IED_CervantesSa_Ext_6b57b,2,21,58,4.5128,-74.117203
2026-09-12T14:46:11-05:00,PUR_IED_CervantesSa_S107_225c2b,PUR_IED_CervantesSa_S107_225c2b,,,,,
2026-09-12T14:46:11-05:00,PUR_IED_CervantesSa_S108_940925,PUR_IED_CervantesSa_S108_940925,,,,,
2026-09-12T14:46:11-05:00,PUR_IED_Charry_A20_f53e7c,PUR_IED_Charry_A20_f53e7c,,,,,
2026-09-12T14:46:11-05:00,PUR_IED_Charry_Ext_f1d5cd,PUR_IED_Charry_Ext_f1d5cd,,,,,
2026-09-12T14:46:11-05:00,PUR_IED_Charry_IntAula20_dc998d,PUR_IED_Charry_IntAula20_dc998d,,,,,
2026-09-12T14:46:11-05:00,PUR_IED_Charry_IntDanzas_7a08e6,PUR_IED_Charry_IntDanzas_7a08e6,,,,,
2026-09-12T14:46:11-05:00,PUR_IED_ClememciaC_203_43e2fc,PUR_IED_ClememciaC_203_43e2fc,,,,,
2026-09-12T14:46:11-05:00,PUR_IED_ClememciaC_Ext_1b411a,PUR_IED_ClememciaC_Ext_1b411a,,,,,
2026-09-12T14:46:11-05:00,PUR_IED_ClememciaC_Quimic_44b5fc,PUR_IED_ClememciaC_Quimic_44b5fc,,,,,
2026-09-12T14:46:11-05:00,PUR_IED_ClemenciaC_203_43e2fc,PUR_IED_ClemenciaC_203_43e2fc,,,,,
2026-09-12T14:46:11-05:00,PUR_IED_ClemenciaC_Ext_1b411a,PUR_IED_ClemenciaC_Ext_1b411a,,,,,
2026-09-12T14:46:11-05:00,PUR_IED_ClemenciaC_Quimic_44b5fc,PUR_IED_ClemenciaC_Quimic_44b5fc,,,,,
2026-09-12T14:46:11-05:00,PUR_IED_ColViva_1101_S25_7f520a,PUR_IED_ColViva_1101_S25_7f520a,,,,,
2026-09-12T14:46:11-05:00,PUR_IED_ColViva_1102_S16_f570ba,PUR_IED_ColViva_1102_S16_f570ba,,,,,
2026-09-12T14:46:11-05:00,PUR_IED_ColViva_Ext_1a26fa,PUR_IED_ColViva_Ext_1a26fa,,,,,
2026-09-12T14:46:11-05:00,PUR_IED_ColegioBici_Asist_7c8798,PUR_IED_ColegioBici_Asist_7c8798,,,,,
2026-09-12T14:46:11-05:00,PUR_IED_ColegioBici_Ext_25cbf6,PUR_IED_ColegioBici_Ext_25cbf6,,,,,
2026-09-12T14:46:11-05:00,PUR_IED_ColegioBici_LabQ_7b57db,PUR_IED_ColegioBici_LabQ_7b57db,,,,,
2026-09-12T14:46:11-05:00,PUR_IED_CostaRica_Ext_5e640,PUR_IED_CostaRica_Ext_5e640,,,,,
2026-09-12T14:46:11-05:00,PUR_IED_CostaRica_Quim1_766d1c,PUR_IED_CostaRica_Quim1_766d1c,,,,,
2026-09-12T14:46:11-05:00,PUR_IED_CostaRica__Fisica_6f0873,PUR_IED_CostaRica__Fisica_6f0873,,,,,
2026-09-12T14:46:11-05:00,PUR_IED_CulPopu_301A_f660f3,PUR_IED_CulPopu_301A_f660f3,,,,,
2026-09-12T14:46:11-05:00,PUR_IED_CulPopu_303_568afe,PUR_IED_CulPopu_303_568afe,,,,,
2026-09-12T14:46:11-05:00,PUR_IED_CulPopu_Ext_e02ccb,PUR_IED_CulPopu_Ext_e02ccb,,,,,
2026-09-12T14:46:11-05:00,PUR_IED_Cundinamarca_Ext_f15985,PUR_IED_Cundinamarca_Ext_f15985,,,,,
2026-09-12T14:46:11-05:00,PUR_IED_Cundinamarca_Info_7aa5d7,PUR_IED_Cundinamarca_Info_7aa5d7,,,,,
2026-09-12T14:46:11-05:00,PUR_IED_Cundinamarca_Tec2_f449c7,PUR_IED_Cundinamarca_Tec2_f449c7,,,,,
2026-09-12T14:46:11-05:00,PUR_IED_DiegoM_Aula1_27b314,PUR_IED_DiegoM_Aula1_27b314,,,,,
2026-09-12T14:46:11-05:00,PUR_IED_DiegoM_Ext_d80ac8,PUR_IED_DiegoM_Ext_d80ac8,,,,,
2026-09-12T14:46:11-05:00,PUR_IED_DiegoM_S25_da928f,PUR_IED_DiegoM_S25_da928f,,,,,
2026-09-12T14:46:11-05:00,PUR_IED_ELRODEO_360881,PUR_IED_ELRODEO_360881,,,,,
2026-09-12T14:46:11-05:00,PUR_IED_ELRODEO_ext_360881,PUR_IED_ELRODEO_ext_360881,,,,,
2026-09-12T14:46:11-05:00,PUR_IED_EduardoU_Ext_1c1969,PUR_IED_EduardoU_Ext_1c1969,,,,,
2026-09-12T14:46:11-05:00,PUR_IED_EduardoU_SCiencia_4dfb94,PUR_IED_EduardoU_SCiencia_4dfb94,,,,,
2026-09-12T14:46:11-05:00,PUR_IED_EduardoU_SQuimica_5a46e7,PUR_IED_EduardoU_SQuimica_5a46e7,,,,,
2026-09-12T14:46:11-05:00,PUR_IED_ElRodeo_Aula14_676984,PUR_IED_ElRodeo_Aula14_676984,,,,,
2026-09-12T14:46:11-05:00,PUR_IED_ElRodeo_Aula16_2dd35b,PUR_IED_ElRodeo_Aula16_2dd35b,,,,,
2026-09-12T14:46:11-05:00,PUR_IED_ElRodeo_Ext_360881,PUR_IED_ElRodeo_Ext_360881,,,,,
2026-09-12T14:46:11-05:00,PUR_IED_ElRodeo_Exterior_8c6d28,PUR_IED_ElRodeo_Exterior_8c6d28,,,,,
2026-09-12T14:46:11-05:00,PUR_IED_ElRodeo_ext_360881,PUR_IED_ElRodeo_ext_360881,,,,,
2026-09-12T14:46:11-05:00,PUR_IED_EmmaReyes_Ext_987625,PUR_IED_EmmaReyes_Ext_987625,2,22,47,4.6367,-74.1511
2026-09-12T14:46:11-05:00,PUR_IED_Ensueño_Ext_7f0250,PUR_IED_Ensueño_Ext_7f0250,,,,,
2026-09-12T14:46:11-05:00,PUR_IED_EscNormal_Ext_5fef3b,PUR_IED_EscNormal_Ext_5fef3b,2,22,50,4.5852,-74.096901
2026-09-12T14:46:11-05:00,PUR_IED_EscNormal_S309_5b263,PUR_IED_EscNormal_S309_5b263,,,,,
2026-09-12T14:46:11-05:00,PUR_IED_EscNormal_S310_27b3b8,PUR_IED_EscNormal_S310_27b3b8,,,,,
2026-09-12T14:46:11-05:00,PUR_IED_Evangelista_Conta_f6cd4f,PUR_IED_Evangelista_Conta_f6cd4f,,,,,
2026-09-12T14:46:11-05:00,PUR_IED_Evangelista_Cri_5e16a,PUR_IED_Evangelista_Cri_5e16a,,,,,
2026-09-12T14:46:11-05:00,PUR_IED_Evangelista_Exter_754066,PUR_IED_Evangelista_Exter_754066,,,,,
2026-09-12T14:46:11-05:00,PUR_IED_FMiranda_S209_5cc2a3,PUR_IED_FMiranda_S209_5cc2a3,,,,,
2026-09-12T14:46:11-05:00,PUR_IED_FMiranda_S303_19e344,PUR_IED_FMiranda_S303_19e344,,,,,
2026-09-12T14:46:11-05:00,PUR_IED_FMiranda_ext_f53e7c,PUR_IED_FMiranda_ext_f53e7c,,,,,
2026-09-12T14:46:11-05:00,PUR_IED_FabioLozano_Bibli_1cee05,PUR_IED_FabioLozano_Bibli_1cee05,,,,,
2026-09-12T14:46:11-05:00,PUR_IED_FabioLozano_Ext_6ea285,PUR_IED_FabioLozano_Ext_6ea285,,,,,
2026-09-12T14:46:11-05:00,PUR_IED_FabioLozano_SLudi_f09e1e,PUR_IED_FabioLozano_SLudi_f09e1e,,,,,
2026-09-12T14:46:11-05:00,PUR_IED_FaustinoS_Aula07_27a731,PUR_IED_FaustinoS_Aula07_27a731,,,,,
2026-09-12T14:46:11-05:00,PUR_IED_FaustinoS_Ext_7b936f,PUR_IED_FaustinoS_Ext_7b936f,,,,,
2026-09-12T14:46:11-05:00,PUR_IED_FaustinoS_Fisica_da2c60,PUR_IED_FaustinoS_Fisica_da2c60,,,,,
2026-09-12T14:46:11-05:00,PUR_IED_FeGarciaLo_Ext_dc68ee,PUR_IED_FeGarciaLo_Ext_dc68ee,,,,,
2026-09-12T14:46:11-05:00,PUR_IED_FeGarciaLo_SDanza_f70a59,PUR_IED_FeGarciaLo_SDanza_f70a59,,,,,
2026-09-12T14:46:11-05:00,PUR_IED_FeGarciaLo_SMusic_125cdd,PUR_IED_FeGarciaLo_SMusic_125cdd,,,,,
2026-09-12T14:46:11-05:00,PUR_IED_FederalAlema_Exte_50c345,PUR_IED_FederalAlema_Exte_50c345,,,,,
2026-09-12T14:46:11-05:00,PUR_IED_FederalAlema_S31_f18371,PUR_IED_FederalAlema_S31_f18371,,,,,
2026-09-12T14:46:11-05:00,PUR_IED_FederalAlema_S901_a62cd,PUR_IED_FederalAlema_S901_a62cd,,,,,
2026-09-12T14:46:11-05:00,PUR_IED_FilarmonicaS_A5_f35eb1,PUR_IED_FilarmonicaS_A5_f35eb1,,,,,
2026-09-12T14:46:11-05:00,PUR_IED_FilarmonicaS_Ext_8a3bde,PUR_IED_FilarmonicaS_Ext_8a3bde,,,,,
2026-09-12T14:46:11-05:00,PUR_IED_FilarmonicaS_Spol_406114,PUR_IED_FilarmonicaS_Spol_406114,,,,,
2026-09-12T14:46:11-05:00,PUR_IED_FlorentinoG_A13_d1fa59,PUR_IED_FlorentinoG_A13_d1fa59,,,,,
2026-09-12T14:46:11-05:00,PUR_IED_FlorentinoG_Ext_1ce6ce,PUR_IED_FlorentinoG_Ext_1ce6ce,,,,,
2026-09-12T14:46:11-05:00,PUR_IED_FlorentinoG_Idiom_a66aac,PUR_IED_FlorentinoG_Idiom_a66aac,,,,,
2026-09-12T14:46:11-05:00,PUR_IED_FranciscoMati_Ext_e3869d,PUR_IED_FranciscoMati_Ext_e3869d,,,,,
2026-09-12T14:46:11-05:00,PUR_IED_FranciscoMati_S13_f31c67,PUR_IED_FranciscoMati_S13_f31c67,,,,,
2026-09-12T14:46:11-05:00,PUR_IED_FranciscoMati_S14_97dead,PUR_IED_FranciscoMati_S14_97dead,,,,,
2026-09-12T14:46:11-05:00,PUR_IED_FranciscoPS_Ext_7bfa9a,PUR_IED_FranciscoPS_Ext_7bfa9a,2,23,50,4.5899,-74.110397
2026-09-12T14:46:11-05:00,PUR_IED_FranciscoPS_Infor_fb8f4c,PUR_IED_FranciscoPS_Infor_fb8f4c,,,,,
2026-09-12T14:46:11-05:00,PUR_IED_FranciscoPS_Quimi_94d39c,PUR_IED_FranciscoPS_Quimi_94d39c,,,,,
2026-09-12T14:46:11-05:00,PUR_IED_FranciscoP_LabQ_d7e148,PUR_IED_FranciscoP_LabQ_d7e148,,,,,
2026-09-12T14:46:11-05:00,PUR_IED_FranciscoP_S28_cf9b30,PUR_IED_FranciscoP_S28_cf9b30,,,,,
2026-09-12T14:46:11-05:00,PUR_IED_FranciscoP_ext_e2313,PUR_IED_FranciscoP_ext_e2313,,,,,
2026-09-12T14:46:11-05:00,PUR_IED_FriederichN_Ext_8ac92a,PUR_IED_FriederichN_Ext_8ac92a,,,,,
2026-09-12T14:46:11-05:00,PUR_IED_FriederichN_S301_dd7e5a,PUR_IED_FriederichN_S301_dd7e5a,,,,,
2026-09-12T14:46:11-05:00,PUR_IED_FriederichN_S308_761f4f,PUR_IED_FriederichN_S308_761f4f,,,,,
2026-09-12T14:46:11-05:00,PUR_IED_GSantander_Aula10_533dd7,PUR_IED_GSantander_Aula10_533dd7,,,,,
2026-09-12T14:46:11-05:00,PUR_IED_GSantander_Aula12_fd4e4f,PUR_IED_GSantander_Aula12_fd4e4f,,,,,
2026-09-12T14:46:11-05:00,PUR_IED_GSantander_Aula310_533dd7,PUR_IED_GSantander_Aula310_533dd7,,,,,
2026-09-12T14:46:11-05:00,PUR_IED_GSantander_Aula312_fd4e4f,PUR_IED_GSantander_Aula312_fd4e4f,,,,,
2026-09-12T14:46:11-05:00,PUR_IED_GSantander_Ext_5f66b0,PUR_IED_GSantander_Ext_5f66b0,,,,,
2026-09-12T14:46:11-05:00,PUR_IED_GYomasa_Ext_f6bea5,PUR_IED_GYomasa_Ext_f6bea5,,,,,
2026-09-12T14:46:11-05:00,PUR_IED_GYomasa_LBiol_2c41aa,PUR_IED_GYomasa_LBiol_2c41aa,,,,,
2026-09-12T14:46:11-05:00,PUR_IED_GYomasa_LQuim_33c80,PUR_IED_GYomasa_LQuim_33c80,,,,,
2026-09-12T14:46:11-05:00,PUR_IED_GabBetMejia_Cienc_5a99c,PUR_IED_GabBetMejia_Cienc_5a99c,,,,,
2026-09-12T14:46:11-05:00,PUR_IED_GabBetMejia_Ext_9153d0,PUR_IED_GabBetMejia_Ext_9153d0,,,,,
2026-09-12T14:46:11-05:00,PUR_IED_GabBetMejia_Lab_f55347,PUR_IED_GabBetMejia_Lab_f55347,,,,,
2026-09-12T14:46:11-05:00,PUR_IED_GabBetanMejia_Ext_9153d0,PUR_IED_GabBetanMejia_Ext_9153d0,,,,,
2026-09-12T14:46:11-05:00,PUR_IED_Gaitana_Aula13_7aac11,PUR_IED_Gaitana_Aula13_7aac11,,,,,
2026-09-12T14:46:11-05:00,PUR_IED_Gaitana_Ext_5fcf4,PUR_IED_Gaitana_Ext_5fcf4,,,,,
2026-09-12T14:46:11-05:00,PUR_IED_Gaitana_LabFisica_644448,PUR_IED_Gaitana_LabFisica_644448,,,,,
2026-09-12T14:46:11-05:00,PUR_IED_GenSantander_Dise_8ac858,PUR_IED_GenSantander_Dise_8ac858,,,,,
2026-09-12T14:46:11-05:00,PUR_IED_GenSantander_Ext_8d5dfe,PUR_IED_GenSantander_Ext_8d5dfe,,,,,
2026-09-12T14:46:11-05:00,PUR_IED_GenSantander_Info_6c25b,PUR_IED_GenSantander_Info_6c25b,,,,,
2026-09-12T14:46:11-05:00,PUR_IED_GustavoMo_Exterio_75e63d,PUR_IED_GustavoMo_Exterio_75e63d,,,,,
2026-09-12T14:46:11-05:00,PUR_IED_GustavoMo_LabFisi_224d37,PUR_IED_GustavoMo_LabFisi_224d37,,,,,
2026-09-12T14:46:11-05:00,PUR_IED_GustavoMo_S208_3e6918,PUR_IED_GustavoMo_S208_3e6918,,,,,
2026-09-12T14:46:11-05:00,PUR_IED_GustavoR_A02_8cd4a8,PUR_IED_GustavoR_A02_8cd4a8,,,,,
2026-09-12T14:46:11-05:00,PUR_IED_GustavoR_B11_5b0ed,PUR_IED_GustavoR_B11_5b0ed,,,,,
2026-09-12T14:46:11-05:00,PUR_IED_GustavoR_Ext_7a0c90,PUR_IED_GustavoR_Ext_7a0c90,,,,,
2026-09-12T14:46:11-05:00,PUR_IED_HernandoDuran_Ext_8cd82b,PUR_IED_HernandoDuran_Ext_8cd82b,,,,,
2026-09-12T14:46:11-05:00,PUR_IED_HernandoDuran_S24_2772c6,PUR_IED_HernandoDuran_S24_2772c6,,,,,
2026-09-12T14:46:11-05:00,PUR_IED_HernandoDuran_S30_f2de41,PUR_IED_HernandoDuran_S30_f2de41,,,,,
2026-09-12T14:46:11-05:00,PUR_IED_HolguInUr_S1101_8cd732,PUR_IED_HolguInUr_S1101_8cd732,,,,,
2026-09-12T14:46:11-05:00,PUR_IED_HolguinUr_Exter_ddae6d,PUR_IED_HolguinUr_Exter_ddae6d,,,,,
2026-09-12T14:46:11-05:00,PUR_IED_HolguinUr_LabQuim_92b952,PUR_IED_HolguinUr_LabQuim_92b952,,,,,
2026-09-12T14:46:11-05:00,PUR_IED_Isabel-II_Ext_5245cc,PUR_IED_Isabel-II_Ext_5245cc,2,21,51,4.6336,-74.153
2026-09-12T14:46:11-05:00,PUR_IED_Isabel-II_S_idiom_1c29aa,PUR_IED_Isabel-II_S_idiom_1c29aa,,,,,
2026-09-12T14:46:11-05:00,PUR_IED_Isabel-II_S_infor_fd741,PUR_IED_Isabel-II_S_infor_fd741,,,,,
2026-09-12T14:46:11-05:00,PUR_IED_IsidroSur_Exterio_5b90ea,PUR_IED_IsidroSur_Exterio_5b90ea,,,,,
2026-09-12T14:46:11-05:00,PUR_IED_IsidroSur_LabTec_56697a,PUR_IED_IsidroSur_LabTec_56697a,,,,,
2026-09-12T14:46:11-05:00,PUR_IED_IsidroSur_Robotic_b7c38f,PUR_IED_IsidroSur_Robotic_b7c38f,,,,,
2026-09-12T14:46:11-05:00,PUR_IED_IsmaelPerd_Ext_7b6672,PUR_IED_IsmaelPerd_Ext_7b6672,,,,,
2026-09-12T14:46:11-05:00,PUR_IED_IsmaelPerd_Inform_306540,PUR_IED_IsmaelPerd_Inform_306540,,,,,
2026-09-12T14:46:11-05:00,PUR_IED_IsmaelPerd_S30_2e2c83,PUR_IED_IsmaelPerd_S30_2e2c83,,,,,
2026-09-12T14:46:11-05:00,PUR_IED_JLozano_Exter_432910,PUR_IED_JLozano_Exter_432910,,,,,
2026-09-12T14:46:11-05:00,PUR_IED_JLozano_salaMulti_df5125,PUR_IED_JLozano_salaMulti_df5125,,,,,
2026-09-12T14:46:11-05:00,PUR_IED_JMCordoba_206_86f80b,PUR_IED_JMCordoba_206_86f80b,,,,,
2026-09-12T14:46:11-05:00,PUR_IED_JMCordoba_Ext_27ad97,PUR_IED_JMCordoba_Ext_27ad97,,,,,
2026-09-12T14:46:11-05:00,PUR_IED_JMCordoba_S310_d59ab4,PUR_IED_JMCordoba_S310_d59ab4,,,,,
2026-09-12T14:46:11-05:00,PUR_IED_Japon_Ext_549100,PUR_IED_Japon_Ext_549100,,,,,
2026-09-12T14:46:11-05:00,PUR_IED_Japon_Laboratorio_bec51d,PUR_IED_Japon_Laboratorio_bec51d,,,,,
2026-09-12T14:46:11-05:00,PUR_IED_Japon_informatica_d99327,PUR_IED_Japon_informatica_d99327,,,,,
2026-09-12T14:46:11-05:00,PUR_IED_Jazmin_Ext_d27bda,PUR_IED_Jazmin_Ext_d27bda,,,,,
2026-09-12T14:46:11-05:00,PUR_IED_Jazmin_Fisica_8d14d7,PUR_IED_Jazmin_Fisica_8d14d7,,,,,
2026-09-12T14:46:11-05:00,PUR_IED_Jazmin_Quimica_801cb5,PUR_IED_Jazmin_Quimica_801cb5,,,,,
2026-09-12T14:46:11-05:00,PUR_IED_JorgeGaitan_Exter_f098d1,PUR_IED_JorgeGaitan_Exter_f098d1,,,,,
2026-09-12T14:46:11-05:00,PUR_IED_JorgeGaitan_STec1_dc9d1d,PUR_IED_JorgeGaitan_STec1_dc9d1d,,,,,
2026-09-12T14:46:11-05:00,PUR_IED_JorgeGaitan_STec2_281e69,PUR_IED_JorgeGaitan_STec2_281e69,,,,,
2026-09-12T14:46:11-05:00,PUR_IED_JorgeSoto_Exterio_d9d0a2,PUR_IED_JorgeSoto_Exterio_d9d0a2,,,,,
2026-09-12T14:46:11-05:00,PUR_IED_JorgeSoto_LabFisi_209c54,PUR_IED_JorgeSoto_LabFisi_209c54,,,,,
2026-09-12T14:46:11-05:00,PUR_IED_JorgeSoto_S103_27b51a,PUR_IED_JorgeSoto_S103_27b51a,,,,,
2026-09-12T14:46:11-05:00,PUR_IED_JoseAcevedo_A02_e965eb,PUR_IED_JoseAcevedo_A02_e965eb,,,,,
2026-09-12T14:46:11-05:00,PUR_IED_JoseAcevedo_A07_dd5b4,PUR_IED_JoseAcevedo_A07_dd5b4,,,,,
2026-09-12T14:46:11-05:00,PUR_IED_JoseAcevedo_Ext_b47484,PUR_IED_JoseAcevedo_Ext_b47484,,,,,
2026-09-12T14:46:11-05:00,PUR_IED_JoseMarti_Exte_5b9bf,PUR_IED_JoseMarti_Exte_5b9bf,,,,,
2026-09-12T14:46:11-05:00,PUR_IED_JoseMarti_LabQuim_1c6c2d,PUR_IED_JoseMarti_LabQuim_1c6c2d,,,,,
2026-09-12T14:46:11-05:00,PUR_IED_JoseMarti_S_info_f5f177,PUR_IED_JoseMarti_S_info_f5f177,,,,,
2026-09-12T14:46:11-05:00,PUR_IED_Josejoaquin_Ext_dfc5dc,PUR_IED_Josejoaquin_Ext_dfc5dc,,,,,
2026-09-12T14:46:11-05:00,PUR_IED_Josejoaquin_S05_5b2a96,PUR_IED_Josejoaquin_S05_5b2a96,,,,,
2026-09-12T14:46:11-05:00,PUR_IED_Josejoaquin_S06_1ce7d2,PUR_IED_Josejoaquin_S06_1ce7d2,,,,,
2026-09-12T14:46:11-05:00,PUR_IED_JulioFlorez_Danza_9b82dd,PUR_IED_JulioFlorez_Danza_9b82dd,,,,,
2026-09-12T14:46:11-05:00,PUR_IED_JulioFlorez_Exter_f9f314,PUR_IED_JulioFlorez_Exter_f9f314,,,,,
2026-09-12T14:46:11-05:00,PUR_IED_JulioFlorez_info2_6b6e08,PUR_IED_JulioFlorez_info2_6b6e08,,,,,
2026-09-12T14:46:11-05:00,PUR_IED_LaBelleza_Aula13_1d00d8,PUR_IED_LaBelleza_Aula13_1d00d8,,,,,
2026-09-12T14:46:11-05:00,PUR_IED_LaBelleza_Ext_7bc08c,PUR_IED_LaBelleza_Ext_7bc08c,,,,,
2026-09-12T14:46:11-05:00,PUR_IED_LaChucua_Ext_8cd6d2,PUR_IED_LaChucua_Ext_8cd6d2,,,,,
2026-09-12T14:46:11-05:00,PUR_IED_LaChucua_S15_f578ce,PUR_IED_LaChucua_S15_f578ce,,,,,
2026-09-12T14:46:11-05:00,PUR_IED_LaChucua_S16_eebcf9,PUR_IED_LaChucua_S16_eebcf9,,,,,
2026-09-12T14:46:11-05:00,PUR_IED_LaFelicidad_Ext_fb5109,PUR_IED_LaFelicidad_Ext_fb5109,,,,,
2026-09-12T14:46:11-05:00,PUR_IED_LaMerced_206_66ebd,PUR_IED_LaMerced_206_66ebd,,,,,
2026-09-12T14:46:11-05:00,PUR_IED_LaMerced_207_6ebd6,PUR_IED_LaMerced_207_6ebd6,,,,,
2026-09-12T14:46:11-05:00,PUR_IED_LaMerced_ext_304311,PUR_IED_LaMerced_ext_304311,,,,,
2026-09-12T14:46:11-05:00,PUR_IED_Laureano_CiencNat_281e5e,PUR_IED_Laureano_CiencNat_281e5e,,,,,
2026-09-12T14:46:11-05:00,PUR_IED_Laureano_Comedor_f65c0a,PUR_IED_Laureano_Comedor_f65c0a,,,,,
2026-09-12T14:46:11-05:00,PUR_IED_Laureano_Exterior_7ab011,PUR_IED_Laureano_Exterior_7ab011,,,,,
2026-09-12T14:46:11-05:00,PUR_IED_LeonGreiff_Exte_dfe560,PUR_IED_LeonGreiff_Exte_dfe560,,,,,
2026-09-12T14:46:11-05:00,PUR_IED_LeonGreiff_S210_f264ed,PUR_IED_LeonGreiff_S210_f264ed,,,,,
2026-09-12T14:46:11-05:00,PUR_IED_LeonGreiff_SQuimi_e8296f,PUR_IED_LeonGreiff_SQuimi_e8296f,,,,,
2026-09-12T14:46:11-05:00,PUR_IED_LlanoOrientalS208_7b9fcd,PUR_IED_LlanoOrientalS208_7b9fcd,,,,,
2026-09-12T14:46:11-05:00,PUR_IED_LlanoOriental_Ext_fb3766,PUR_IED_LlanoOriental_Ext_fb3766,,,,,
2026-09-12T14:46:11-05:00,PUR_IED_LlanoOriental_S208_7b9fcd,PUR_IED_LlanoOriental_S208_7b9fcd,,,,,
2026-09-12T14:46:11-05:00,PUR_IED_LlanoOriental_S9_27b378,PUR_IED_LlanoOriental_S9_27b378,,,,,
2026-09-12T14:46:11-05:00,PUR_IED_LosTejares_1101_477602,PUR_IED_LosTejares_1101_477602,,,,,
2026-09-12T14:46:11-05:00,PUR_IED_LosTejares_11_d2c595,PUR_IED_LosTejares_11_d2c595,,,,,
2026-09-12T14:46:11-05:00,PUR_IED_LosTejares_12_477602,PUR_IED_LosTejares_12_477602,,,,,
2026-09-12T14:46:11-05:00,PUR_IED_LosTejares_Ext_8e2115,PUR_IED_LosTejares_Ext_8e2115,,,,,
2026-09-12T14:46:11-05:00,PUR_IED_MagdalenaO_B202_5ddda3,PUR_IED_MagdalenaO_B202_5ddda3,,,,,
2026-09-12T14:46:11-05:00,PUR_IED_MagdalenaO_B205_fb76e8,PUR_IED_MagdalenaO_B205_fb76e8,,,,,
2026-09-12T14:46:11-05:00,PUR_IED_MagdalenaO_ext_dc69cd,PUR_IED_MagdalenaO_ext_dc69cd,,,,,
2026-09-12T14:46:11-05:00,PUR_IED_ManueCepeda_artes_eee956,PUR_IED_ManueCepeda_artes_eee956,,,,,
2026-09-12T14:46:11-05:00,PUR_IED_ManuelCepeda_Ext_58313,PUR_IED_ManuelCepeda_Ext_58313,,,,,
2026-09-12T14:46:11-05:00,PUR_IED_ManuelCepeda_tec_1c5731,PUR_IED_ManuelCepeda_tec_1c5731,,,,,
2026-09-12T14:46:11-05:00,PUR_IED_ManuelS_Exterior_5b269,PUR_IED_ManuelS_Exterior_5b269,,,,,
2026-09-12T14:46:11-05:00,PUR_IED_ManuelS_Inform_f369ce,PUR_IED_ManuelS_Inform_f369ce,,,,,
2026-09-12T14:46:11-05:00,PUR_IED_ManuelS_SArtes_7d15f1,PUR_IED_ManuelS_SArtes_7d15f1,,,,,
2026-09-12T14:46:11-05:00,PUR_IED_ManuelZapata_303_3ca6,PUR_IED_ManuelZapata_303_3ca6,,,,,
2026-09-12T14:46:11-05:00,PUR_IED_ManuelZapata_311_bfbabc,PUR_IED_ManuelZapata_311_bfbabc,,,,,
2026-09-12T14:46:11-05:00,PUR_IED_ManuelZapata_Ext_50824a,PUR_IED_ManuelZapata_Ext_50824a,,,,,
2026-09-12T14:46:11-05:00,PUR_IED_ManuelitaS_Exteri_656a92,PUR_IED_ManuelitaS_Exteri_656a92,,,,,
2026-09-12T14:46:11-05:00,PUR_IED_ManuelitaS_JuzgDe_f58ec3,PUR_IED_ManuelitaS_JuzgDe_f58ec3,,,,,
2026-09-12T14:46:11-05:00,PUR_IED_ManuelitaS_Recrea_d793db,PUR_IED_ManuelitaS_Recrea_d793db,,,,,
2026-09-12T14:46:11-05:00,PUR_IED_MarFidSuarez_Ext_c27b19,PUR_IED_MarFidSuarez_Ext_c27b19,,,,,
2026-09-12T14:46:11-05:00,PUR_IED_MarFidSuarez_Info_e384d7,PUR_IED_MarFidSuarez_Info_e384d7,,,,,
2026-09-12T14:46:11-05:00,PUR_IED_MarFidSuarez_S306_1d0032,PUR_IED_MarFidSuarez_S306_1d0032,,,,,
2026-09-12T14:46:11-05:00,PUR_IED_Menorah_301_2a25a3,PUR_IED_Menorah_301_2a25a3,,,,,
2026-09-12T14:46:11-05:00,PUR_IED_Menorah_306_37ed3,PUR_IED_Menorah_306_37ed3,,,,,
2026-09-12T14:46:11-05:00,PUR_IED_Menorah_Ext_3e155b,PUR_IED_Menorah_Ext_3e155b,,,,,
2026-09-12T14:46:11-05:00,PUR_IED_MinutoB.Aires_A11_1b1604,PUR_IED_MinutoB.Aires_A11_1b1604,,,,,
2026-09-12T14:46:11-05:00,PUR_IED_MinutoB.Aires_A12_fb5860,PUR_IED_MinutoB.Aires_A12_fb5860,,,,,
2026-09-12T14:46:11-05:00,PUR_IED_MinutoB.Aires_Ext_81293f,PUR_IED_MinutoB.Aires_Ext_81293f,,,,,
2026-09-12T14:46:11-05:00,PUR_IED_MinutoBAires_A11_1b1604,PUR_IED_MinutoBAires_A11_1b1604,,,,,
2026-09-12T14:46:11-05:00,PUR_IED_MinutoBAires_A12_fb5860,PUR_IED_MinutoBAires_A12_fb5860,,,,,
2026-09-12T14:46:11-05:00,PUR_IED_MinutoBAires_Ext_81293f,PUR_IED_MinutoBAires_Ext_81293f,,,,,
2026-09-12T14:46:11-05:00,PUR_IED_Montreal_Aula10_1e4959,PUR_IED_Montreal_Aula10_1e4959,,,,,
2026-09-12T14:46:11-05:00,PUR_IED_Montreal_Aula6_300367,PUR_IED_Montreal_Aula6_300367,,,,,
2026-09-12T14:46:11-05:00,PUR_IED_Montreal_Exterior_91a179,PUR_IED_Montreal_Exterior_91a179,,,,,
2026-09-12T14:46:11-05:00,PUR_IED_Mqgdalena_B202_5ddda3,PUR_IED_Mqgdalena_B202_5ddda3,,,,,
2026-09-12T14:46:11-05:00,PUR_IED_NACUND_Soc_dc8728,PUR_IED_NACUND_Soc_dc8728,,,,,
2026-09-12T14:46:11-05:00,PUR_IED_NACUND_ext_27ad97,PUR_IED_NACUND_ext_27ad97,,,,,
2026-09-12T14:46:11-05:00,PUR_IED_NEsperanza_Ext_d24b61,PUR_IED_NEsperanza_Ext_d24b61,,,,,
2026-09-12T14:46:11-05:00,PUR_IED_NEsperanza_SElect_7d1807,PUR_IED_NEsperanza_SElect_7d1807,,,,,
2026-09-12T14:46:11-05:00,PUR_IED_NEsperanza_SLabor_8b2d0a,PUR_IED_NEsperanza_SLabor_8b2d0a,,,,,
2026-09-12T14:46:11-05:00,PUR_IED_NacionesU_Ext_f661a9,PUR_IED_NacionesU_Ext_f661a9,,,,,
2026-09-12T14:46:11-05:00,PUR_IED_NacionesU_Quimica_66f0a,PUR_IED_NacionesU_Quimica_66f0a,,,,,
2026-09-12T14:46:11-05:00,PUR_IED_NacionesU_S306_1b4b3d,PUR_IED_NacionesU_S306_1b4b3d,,,,,
2026-09-12T14:46:11-05:00,PUR_IED_NestorFA_Ext_e4201c,PUR_IED_NestorFA_Ext_e4201c,,,,,
2026-09-12T14:46:11-05:00,PUR_IED_NestorFA_Laborato_f22fe0,PUR_IED_NestorFA_Laborato_f22fe0,,,,,
2026-09-12T14:46:11-05:00,PUR_IED_NestorFA_S204_dee996,PUR_IED_NestorFA_S204_dee996,,,,,
2026-09-12T14:46:11-05:00,PUR_IED_NidyaQT_Aula03_76999b,PUR_IED_NidyaQT_Aula03_76999b,,,,,
2026-09-12T14:46:11-05:00,PUR_IED_NidyaQT_Aula10_56325,PUR_IED_NidyaQT_Aula10_56325,,,,,
2026-09-12T14:46:11-05:00,PUR_IED_NidyaQT_Ext_46e32d,PUR_IED_NidyaQT_Ext_46e32d,,,,,
2026-09-12T14:46:11-05:00,PUR_IED_NuevaCol_Exterior_d9b859,PUR_IED_NuevaCol_Exterior_d9b859,,,,,
2026-09-12T14:46:11-05:00,PUR_IED_NuevaCol_S1101_76c43b,PUR_IED_NuevaCol_S1101_76c43b,,,,,
2026-09-12T14:46:11-05:00,PUR_IED_NuevaCol_S1102_1ce0b5,PUR_IED_NuevaCol_S1102_1ce0b5,,,,,
2026-09-12T14:46:11-05:00,PUR_IED_OEA_A202_f7e3f2,PUR_IED_OEA_A202_f7e3f2,,,,,
2026-09-12T14:46:11-05:00,PUR_IED_OEA_A203_7d1b8d,PUR_IED_OEA_A203_7d1b8d,,,,,
2026-09-12T14:46:11-05:00,PUR_IED_OEA_Ext_27b593,PUR_IED_OEA_Ext_27b593,,,,,
2026-09-12T14:46:11-05:00,PUR_IED_Ochoa_Ext_1c29da,PUR_IED_Ochoa_Ext_1c29da,,,,,
2026-09-12T14:46:11-05:00,PUR_IED_Ochoa_S205_8b1121,PUR_IED_Ochoa_S205_8b1121,,,,,
2026-09-12T14:46:11-05:00,PUR_IED_Ochoa_Sistemas_f33af6,PUR_IED_Ochoa_Sistemas_f33af6,,,,,
2026-09-12T14:46:11-05:00,PUR_IED_PQuebec_Ext_1c67c7,PUR_IED_PQuebec_Ext_1c67c7,,,,,
2026-09-12T14:46:11-05:00,PUR_IED_PQuebec_S15_23e8e2,PUR_IED_PQuebec_S15_23e8e2,,,,,
2026-09-12T14:46:11-05:00,PUR_IED_PQuebec_S16_8ec76b,PUR_IED_PQuebec_S16_8ec76b,,,,,
2026-09-12T14:46:11-05:00,PUR_IED_PabloN_Ext_49dc96,PUR_IED_PabloN_Ext_49dc96,,,,,
2026-09-12T14:46:11-05:00,PUR_IED_PabloN_S1102_4e3df5,PUR_IED_PabloN_S1102_4e3df5,,,,,
2026-09-12T14:46:11-05:00,PUR_IED_PabloN_S1103_50c94b,PUR_IED_PabloN_S1103_50c94b,,,,,
2026-09-12T14:46:11-05:00,PUR_IED_Palestina_S1101_db9198,PUR_IED_Palestina_S1101_db9198,,,,,
2026-09-12T14:46:11-05:00,PUR_IED_Palestina_S1102_dc54fa,PUR_IED_Palestina_S1102_dc54fa,,,,,
2026-09-12T14:46:11-05:00,PUR_IED_Palestina_ext_4ccce6,PUR_IED_Palestina_ext_4ccce6,,,,,
2026-09-12T14:46:11-05:00,PUR_IED_Panama_Fisica_4d0794,PUR_IED_Panama_Fisica_4d0794,,,,,
2026-09-12T14:46:11-05:00,PUR_IED_Panama_SIngles_a4077e,PUR_IED_Panama_SIngles_a4077e,,,,,
2026-09-12T14:46:11-05:00,PUR_IED_Panama_ext_4c54b4,PUR_IED_Panama_ext_4c54b4,,,,,
2026-09-12T14:46:11-05:00,PUR_IED_ParaisoM_Exterior_8cd7f0,PUR_IED_ParaisoM_Exterior_8cd7f0,,,,,
2026-09-12T14:46:11-05:00,PUR_IED_ParaisoM_Laborato_27af35,PUR_IED_ParaisoM_Laborato_27af35,,,,,
2026-09-12T14:46:11-05:00,PUR_IED_ParaisoM_S304_d1edca,PUR_IED_ParaisoM_S304_d1edca,,,,,
2026-09-12T14:46:11-05:00,PUR_IED_PorfirioBarba_Ext_301466,PUR_IED_PorfirioBarba_Ext_301466,,,,,
2026-09-12T14:46:11-05:00,PUR_IED_PorfirioBarba_S11_df6cd2,PUR_IED_PorfirioBarba_S11_df6cd2,,,,,
2026-09-12T14:46:11-05:00,PUR_IED_PorfirioBarba_S29_27a7d6,PUR_IED_PorfirioBarba_S29_27a7d6,,,,,
2026-09-12T14:46:11-05:00,PUR_IED_PradoV_Exter_8b27ad,PUR_IED_PradoV_Exter_8b27ad,,,,,
2026-09-12T14:46:11-05:00,PUR_IED_PradoV_S301_de65b5,PUR_IED_PradoV_S301_de65b5,,,,,
2026-09-12T14:46:11-05:00,PUR_IED_PradoV_S302_7d2593,PUR_IED_PradoV_S302_7d2593,,,,,
2026-09-12T14:46:11-05:00,PUR_IED_QuirogaAlz_Ext_1ddc82,PUR_IED_QuirogaAlz_Ext_1ddc82,,,,,
2026-09-12T14:46:11-05:00,PUR_IED_QuirogaAlz_S302_9926a3,PUR_IED_QuirogaAlz_S302_9926a3,,,,,
2026-09-12T14:46:11-05:00,PUR_IED_QuirogaAlz_S305_cdf1f1,PUR_IED_QuirogaAlz_S305_cdf1f1,,,,,
2026-09-12T14:46:11-05:00,PUR_IED_RGuatemala_Biling_dc53b7,PUR_IED_RGuatemala_Biling_dc53b7,,,,,
2026-09-12T14:46:11-05:00,PUR_IED_RGuatemala_Ext_1b89a3,PUR_IED_RGuatemala_Ext_1b89a3,,,,,
2026-09-12T14:46:11-05:00,PUR_IED_RGuatemala_Tecnol_281a34,PUR_IED_RGuatemala_Tecnol_281a34,,,,,
2026-09-12T14:46:11-05:00,PUR_IED_RafaNu_Ext_f7c302,PUR_IED_RafaNu_Ext_f7c302,,,,,
2026-09-12T14:46:11-05:00,PUR_IED_RafaNu_S1101_25fde,PUR_IED_RafaNu_S1101_25fde,,,,,
2026-09-12T14:46:11-05:00,PUR_IED_RafaNu_S1102_281517,PUR_IED_RafaNu_S1102_281517,,,,,
2026-09-12T14:46:11-05:00,PUR_IED_RafaelB_S305_ee2783,PUR_IED_RafaelB_S305_ee2783,,,,,
2026-09-12T14:46:11-05:00,PUR_IED_RafaelB_S306_75fe33,PUR_IED_RafaelB_S306_75fe33,,,,,
2026-09-12T14:46:11-05:00,PUR_IED_RafaelB_ext_283336,PUR_IED_RafaelB_ext_283336,3,20,58,4.6722,-74.0737
2026-09-12T14:46:11-05:00,PUR_IED_RafaelUU_Exterior_281a51,PUR_IED_RafaelUU_Exterior_281a51,,,,,
2026-09-12T14:46:11-05:00,PUR_IED_RafaelUU_Human_806b2,PUR_IED_RafaelUU_Human_806b2,,,,,
2026-09-12T14:46:11-05:00,PUR_IED_RafaelUU_Mate2_5680d4,PUR_IED_RafaelUU_Mate2_5680d4,,,,,
2026-09-12T14:46:11-05:00,PUR_IED_RamonSub_Ext_f9eeb9,PUR_IED_RamonSub_Ext_f9eeb9,,,,,
2026-09-12T14:46:11-05:00,PUR_IED_RamonSub_Media_d1f62f,PUR_IED_RamonSub_Media_d1f62f,,,,,
2026-09-12T14:46:11-05:00,PUR_IED_RamonSub_planta_51b82,PUR_IED_RamonSub_planta_51b82,,,,,
2026-09-12T14:46:11-05:00,PUR_IED_RepBoliVene_Exter_27af7c,PUR_IED_RepBoliVene_Exter_27af7c,,,,,
2026-09-12T14:46:11-05:00,PUR_IED_RepBoliVene_SCPT_5ae2ee,PUR_IED_RepBoliVene_SCPT_5ae2ee,,,,,
2026-09-12T14:46:11-05:00,PUR_IED_RepBoliVene_Socia_4b11d5,PUR_IED_RepBoliVene_Socia_4b11d5,,,,,
2026-09-12T14:46:11-05:00,PUR_IED_RepChina_Ext_76d9ee,PUR_IED_RepChina_Ext_76d9ee,,,,,
2026-09-12T14:46:11-05:00,PUR_IED_RepChina_S404_7c804c,PUR_IED_RepChina_S404_7c804c,,,,,
2026-09-12T14:46:11-05:00,PUR_IED_RepChina_S405_df2c33,PUR_IED_RepChina_S405_df2c33,,,,,
2026-09-12T14:46:11-05:00,PUR_IED_RepublicaC_Exteri_7d1ec9,PUR_IED_RepublicaC_Exteri_7d1ec9,,,,,
2026-09-12T14:46:11-05:00,PUR_IED_RepublicaC_S1101_f544b3,PUR_IED_RepublicaC_S1101_f544b3,,,,,
2026-09-12T14:46:11-05:00,PUR_IED_RepublicaC_S1102_7aafc7,PUR_IED_RepublicaC_S1102_7aafc7,,,,,
2026-09-12T14:46:11-05:00,PUR_IED_Ricaurte_Externo_a0ea1,PUR_IED_Ricaurte_Externo_a0ea1,,,,,
2026-09-12T14:46:11-05:00,PUR_IED_Ricaurte_S210_f546fd,PUR_IED_Ricaurte_S210_f546fd,,,,,
2026-09-12T14:46:11-05:00,PUR_IED_Ricaurte_S309_d4452,PUR_IED_Ricaurte_S309_d4452,,,,,
2026-09-12T14:46:11-05:00,PUR_IED_RogelioS_1102_531e69,PUR_IED_RogelioS_1102_531e69,,,,,
2026-09-12T14:46:11-05:00,PUR_IED_RogelioS_Ext_f25a18,PUR_IED_RogelioS_Ext_f25a18,,,,,
2026-09-12T14:46:11-05:00,PUR_IED_SBernardino_Ext_27aff8,PUR_IED_SBernardino_Ext_27aff8,,,,,
2026-09-12T14:46:11-05:00,PUR_IED_SBernardino_SArte_2ffd33,PUR_IED_SBernardino_SArte_2ffd33,,,,,
2026-09-12T14:46:11-05:00,PUR_IED_SBernardino_SIngl_7c7da5,PUR_IED_SBernardino_SIngl_7c7da5,,,,,
2026-09-12T14:46:11-05:00,PUR_IED_Sago_auditorio_dc9d1d,PUR_IED_Sago_auditorio_dc9d1d,,,,,
2026-09-12T14:46:11-05:00,PUR_IED_Saludcoop_Ext_95aac3,PUR_IED_Saludcoop_Ext_95aac3,,,,,
2026-09-12T14:46:11-05:00,PUR_IED_Saludcoop_InfI_90c854,PUR_IED_Saludcoop_InfI_90c854,,,,,
2026-09-12T14:46:11-05:00,PUR_IED_Saludcoop_SMedia_1b93be,PUR_IED_Saludcoop_SMedia_1b93be,,,,,
2026-09-12T14:46:11-05:00,PUR_IED_SanCarlos_1101_1a2360,PUR_IED_SanCarlos_1101_1a2360,,,,,
2026-09-12T14:46:11-05:00,PUR_IED_SanCarlos_1103_7bafb5,PUR_IED_SanCarlos_1103_7bafb5,,,,,
2026-09-12T14:46:11-05:00,PUR_IED_SanCarlos_Ext_b7cd1,PUR_IED_SanCarlos_Ext_b7cd1,,,,,
2026-09-12T14:46:11-05:00,PUR_IED_SanIgnacioBosa11a_50c26e,PUR_IED_SanIgnacioBosa11a_50c26e,,,,,
2026-09-12T14:46:11-05:00,PUR_IED_SanIgnacioBosa11b_371de8,PUR_IED_SanIgnacioBosa11b_371de8,,,,,
2026-09-12T14:46:11-05:00,PUR_IED_SanIgnacioBosaExt_ef0ffc,PUR_IED_SanIgnacioBosaExt_ef0ffc,,,,,
2026-09-12T14:46:11-05:00,PUR_IED_SanIgnacioBosa_11a_50c26e,PUR_IED_SanIgnacioBosa_11a_50c26e,,,,,
2026-09-12T14:46:11-05:00,PUR_IED_SanIgnacioBosa_Ext_ef0ffc,PUR_IED_SanIgnacioBosa_Ext_ef0ffc,,,,,
2026-09-12T14:46:11-05:00,PUR_IED_SanJoseN_intS1101_31c47f,PUR_IED_SanJoseN_intS1101_31c47f,,,,,
2026-09-12T14:46:11-05:00,PUR_IED_SanJoseUsm_Exter_f5d7e8,PUR_IED_SanJoseUsm_Exter_f5d7e8,,,,,
2026-09-12T14:46:11-05:00,PUR_IED_SanJoseUsm_Int11A_cfdef6,PUR_IED_SanJoseUsm_Int11A_cfdef6,,,,,
2026-09-12T14:46:11-05:00,PUR_IED_SilveriaR_IntB5_905349,PUR_IED_SilveriaR_IntB5_905349,,,,,
2026-09-12T14:46:11-05:00,PUR_IED_SilveriaR_IntSD14_981f93,PUR_IED_SilveriaR_IntSD14_981f93,,,,,
2026-09-12T14:46:11-05:00,PUR_IED_SilveriaR_ext_2b651d,PUR_IED_SilveriaR_ext_2b651d,,,,,
2026-09-12T14:46:11-05:00,PUR_IED_SimonB_Exterior_913975,PUR_IED_SimonB_Exterior_913975,,,,,
2026-09-12T14:46:11-05:00,PUR_IED_SimonB_LabQuimi_c56908,PUR_IED_SimonB_LabQuimi_c56908,,,,,
2026-09-12T14:46:11-05:00,PUR_IED_SimonB_informatic_a28c1,PUR_IED_SimonB_informatic_a28c1,,,,,
2026-09-12T14:46:11-05:00,PUR_IED_Sorrento_1102_315f50,PUR_IED_Sorrento_1102_315f50,,,,,
2026-09-12T14:46:11-05:00,PUR_IED_Sorrento_Minte_214eab,PUR_IED_Sorrento_Minte_214eab,,,,,
2026-09-12T14:46:11-05:00,PUR_IED_Sorrento_ext_7c3a0a,PUR_IED_Sorrento_ext_7c3a0a,,,,,
2026-09-12T14:46:11-05:00,PUR_IED_Tabora_Ext_f048ae,PUR_IED_Tabora_Ext_f048ae,,,,,
2026-09-12T14:46:11-05:00,PUR_IED_Tabora_S1102_b07752,PUR_IED_Tabora_S1102_b07752,,,,,
2026-09-12T14:46:11-05:00,PUR_IED_Tabora_S1103_d988f5,PUR_IED_Tabora_S1103_d988f5,,,,,
2026-09-12T14:46:11-05:00,PUR_IED_Tenerife_Ext_1ab188,PUR_IED_Tenerife_Ext_1ab188,,,,,
2026-09-12T14:46:11-05:00,PUR_IED_Tenerife_SDanzas_7bc02e,PUR_IED_Tenerife_SDanzas_7bc02e,,,,,
2026-09-12T14:46:11-05:00,PUR_IED_Tenerife_SIngles_7cc277,PUR_IED_Tenerife_SIngles_7cc277,,,,,
2026-09-12T14:46:11-05:00,PUR_IED_Tibabuyes_Exter_f2683d,PUR_IED_Tibabuyes_Exter_f2683d,,,,,
2026-09-12T14:46:11-05:00,PUR_IED_Tibabuyes_S10_dc87a8,PUR_IED_Tibabuyes_S10_dc87a8,,,,,
2026-09-12T14:46:11-05:00,PUR_IED_Tibabuyes_S15_dc0526,PUR_IED_Tibabuyes_S15_dc0526,,,,,
2026-09-12T14:46:11-05:00,PUR_IED_UnionE_S301_a1043,PUR_IED_UnionE_S301_a1043,,,,,
2026-09-12T14:46:11-05:00,PUR_IED_UnionE_S307_ff6c2f,PUR_IED_UnionE_S307_ff6c2f,,,,,
2026-09-12T14:46:11-05:00,PUR_IED_UnionE__Ext_5e2468,PUR_IED_UnionE__Ext_5e2468,,,,,
2026-09-12T14:46:11-05:00,PUR_IED_VillaRica_Ext_75be7c,PUR_IED_VillaRica_Ext_75be7c,,,,,
2026-09-12T14:46:11-05:00,PUR_IED_VillaRica_S4_cc5dcd,PUR_IED_VillaRica_S4_cc5dcd,,,,,
2026-09-12T14:46:11-05:00,PUR_IED_VillaRica_Sesp_99f5c,PUR_IED_VillaRica_Sesp_99f5c,,,,,
2026-09-12T14:51:07-05:00,PUR_IED_20deJulio_1101_91b1b9,PUR_IED_20deJulio_1101_91b1b9,,,,,
2026-09-12T14:51:07-05:00,PUR_IED_20deJulio_1102_1cfcf9,PUR_IED_20deJulio_1102_1cfcf9,,,,,
2026-09-12T14:51:07-05:00,PUR_IED_20deJulio_Ext_ab60bd,PUR_IED_20deJulio_Ext_ab60bd,,,,,
2026-09-12T14:51:07-05:00,PUR_IED_AgustinFer_Ext_7b9b77,PUR_IED_AgustinFer_Ext_7b9b77,,,,,
2026-09-12T14:51:07-05:00,PUR_IED_AgustinFer_Info2_27b3a7,PUR_IED_AgustinFer_Info2_27b3a7,,,,,
2026-09-12T14:51:07-05:00,PUR_IED_AgustinFer_Sena_54b4eb,PUR_IED_AgustinFer_Sena_54b4eb,,,,,
2026-09-12T14:51:07-05:00,PUR_IED_AlexanderF_1102_caf07b,PUR_IED_AlexanderF_1102_caf07b,,,,,
2026-09-12T14:51:07-05:00,PUR_IED_AlexanderF_1103_c79e71,PUR_IED_AlexanderF_1103_c79e71,,,,,
2026-09-12T14:51:07-05:00,PUR_IED_AlexanderF_Ext_c5b18b,PUR_IED_AlexanderF_Ext_c5b18b,,,,,
2026-09-12T14:51:07-05:00,PUR_IED_AlfonsoLopez_Ext_281d77,PUR_IED_AlfonsoLopez_Ext_281d77,,,,,
2026-09-12T14:51:07-05:00,PUR_IED_AlfonsoLopez_LabF_888ce0,PUR_IED_AlfonsoLopez_LabF_888ce0,,,,,
2026-09-12T14:51:07-05:00,PUR_IED_AlfonsoLopez_SMed_df6a7f,PUR_IED_AlfonsoLopez_SMed_df6a7f,,,,,
2026-09-12T14:51:07-05:00,PUR_IED_AltamiraSO_A2_209f92,PUR_IED_AltamiraSO_A2_209f92,,,,,
2026-09-12T14:51:07-05:00,PUR_IED_AltamiraSO_Ext_186d66,PUR_IED_AltamiraSO_Ext_186d66,,,,,
2026-09-12T14:51:07-05:00,PUR_IED_AltamiraSO_Sistem_27afe1,PUR_IED_AltamiraSO_Sistem_27afe1,,,,,
2026-09-12T14:51:07-05:00,PUR_IED_AlvaroGom_LabQuim_813179,PUR_IED_AlvaroGom_LabQuim_813179,,,,,
2026-09-12T14:51:07-05:00,PUR_IED_AlvaroGomez_Ext_47c7ca,PUR_IED_AlvaroGomez_Ext_47c7ca,,,,,
2026-09-12T14:51:07-05:00,PUR_IED_AlvaroGomez_LabQuim_813179,PUR_IED_AlvaroGomez_LabQuim_813179,,,,,
2026-09-12T14:51:07-05:00,PUR_IED_AlvaroGomez_S23_7ba89f,PUR_IED_AlvaroGomez_S23_7ba89f,,,,,
2026-09-12T14:51:07-05:00,PUR_IED_Amistad_306_dc8728,PUR_IED_Amistad_306_dc8728,,,,,
2026-09-12T14:51:07-05:00,PUR_IED_Amistad_Ext_8cd55e,PUR_IED_Amistad_Ext_8cd55e,,,,,
2026-09-12T14:51:07-05:00,PUR_IED_Amistad_S202_a41169,PUR_IED_Amistad_S202_a41169,,,,,
2026-09-12T14:51:07-05:00,PUR_IED_AndresBello_Bio_fd5f5e,PUR_IED_AndresBello_Bio_fd5f5e,,,,,
2026-09-12T14:51:07-05:00,PUR_IED_AndresBello_ext_dcad65,PUR_IED_AndresBello_ext_dcad65,,,,,
2026-09-12T14:51:07-05:00,PUR_IED_AndresBello_port_eed3ec,PUR_IED_AndresBello_port_eed3ec,,,,,
2026-09-12T14:51:07-05:00,PUR_IED_AngelaR_11b_d90a6b,PUR_IED_AngelaR_11b_d90a6b,,,,,
2026-09-12T14:51:07-05:00,PUR_IED_AngelaR_ext_7cad3e,PUR_IED_AngelaR_ext_7cad3e,2,22,54,4.5825,-74.164497
2026-09-12T14:51:07-05:00,PUR_IED_AntJoseSucre_10mo_df2575,PUR_IED_AntJoseSucre_10mo_df2575,,,,,
2026-09-12T14:51:07-05:00,PUR_IED_AntJoseSucre_Ext_215b36,PUR_IED_AntJoseSucre_Ext_215b36,,,,,
2026-09-12T14:51:07-05:00,PUR_IED_AntJoseSucre_Lab_3139de,PUR_IED_AntJoseSucre_Lab_3139de,,,,,
2026-09-12T14:51:07-05:00,PUR_IED_AntonioGarcia_301_d6b188,PUR_IED_AntonioGarcia_301_d6b188,,,,,
2026-09-12T14:51:07-05:00,PUR_IED_AntonioGarcia_302_88a82,PUR_IED_AntonioGarcia_302_88a82,,,,,
2026-09-12T14:51:07-05:00,PUR_IED_AntonioGarcia_Ext_20950c,PUR_IED_AntonioGarcia_Ext_20950c,,,,,
2026-09-12T14:51:07-05:00,PUR_IED_AntonioVan_Aula2_6dea02,PUR_IED_AntonioVan_Aula2_6dea02,,,,,
2026-09-12T14:51:07-05:00,PUR_IED_AntonioVan_Aula5_f1557e,PUR_IED_AntonioVan_Aula5_f1557e,,,,,
2026-09-12T14:51:07-05:00,PUR_IED_AntonioVan_Ext_406f2f,PUR_IED_AntonioVan_Ext_406f2f,,,,,
2026-09-12T14:51:07-05:00,PUR_IED_Atabanzha_Ext_cc5af9,PUR_IED_Atabanzha_Ext_cc5af9,,,,,
2026-09-12T14:51:07-05:00,PUR_IED_Atabanzha_SA101_56c37,PUR_IED_Atabanzha_SA101_56c37,,,,,
2026-09-12T14:51:07-05:00,PUR_IED_Atabanzha_SB302_27b374,PUR_IED_Atabanzha_SB302_27b374,,,,,
2026-09-12T14:51:07-05:00,PUR_IED_Atahualpa_Ext_fc1748,PUR_IED_Atahualpa_Ext_fc1748,,,,,
2026-09-12T14:51:07-05:00,PUR_IED_Atahualpa_Informa_dc9a95,PUR_IED_Atahualpa_Informa_dc9a95,,,,,
2026-09-12T14:51:07-05:00,PUR_IED_Atahualpa_S1101_f98056,PUR_IED_Atahualpa_S1101_f98056,,,,,
2026-09-12T14:51:07-05:00,PUR_IED_Bellavista_Ext_f5aa74,PUR_IED_Bellavista_Ext_f5aa74,,,,,
2026-09-12T14:51:07-05:00,PUR_IED_Bilbao_11A_916c41,PUR_IED_Bilbao_11A_916c41,,,,,
2026-09-12T14:51:07-05:00,PUR_IED_Bilbao_Ext_fb579a,PUR_IED_Bilbao_Ext_fb579a,,,,,
2026-09-12T14:51:07-05:00,PUR_IED_BrasiliaU_A125_304280,PUR_IED_BrasiliaU_A125_304280,,,,,
2026-09-12T14:51:07-05:00,PUR_IED_BrasiliaU_A203_7c8ca5,PUR_IED_BrasiliaU_A203_7c8ca5,,,,,
2026-09-12T14:51:07-05:00,PUR_IED_BrasiliaU_Ext_8d6e9f,PUR_IED_BrasiliaU_Ext_8d6e9f,3,21,51,4.5175,-74.116302
2026-09-12T14:51:07-05:00,PUR_IED_Brasilia_Ext_fe6593,PUR_IED_Brasilia_Ext_fe6593,,,,,
2026-09-12T14:51:07-05:00,PUR_IED_Brasilia_S24_7c130d,PUR_IED_Brasilia_S24_7c130d,,,,,
2026-09-12T14:51:07-05:00,PUR_IED_Brasilia_S501_186a54,PUR_IED_Brasilia_S501_186a54,,,,,
2026-09-12T14:51:07-05:00,PUR_IED_CHARRY_EXT_f1d5cd,PUR_IED_CHARRY_EXT_f1d5cd,,,,,
2026-09-12T14:51:07-05:00,PUR_IED_CHARRY_INTDANZAS_7a08e6,PUR_IED_CHARRY_INTDANZAS_7a08e6,,,,,
2026-09-12T14:51:07-05:00,PUR_IED_CHARRY_INT_AULA20_dc998d,PUR_IED_CHARRY_INT_AULA20_dc998d,,,,,
2026-09-12T14:51:07-05:00,PUR_IED_COLVIV_1101_S25_7f520a,PUR_IED_COLVIV_1101_S25_7f520a,,,,,
2026-09-12T14:51:07-05:00,PUR_IED_COLVIV_1102_S16_f570ba,PUR_IED_COLVIV_1102_S16_f570ba,,,,,
2026-09-12T14:51:07-05:00,PUR_IED_COLVIV_Ext_1a26fa,PUR_IED_COLVIV_Ext_1a26fa,,,,,
2026-09-12T14:51:07-05:00,PUR_IED_CULPOP_301A_f660f3,PUR_IED_CULPOP_301A_f660f3,,,,,
2026-09-12T14:51:07-05:00,PUR_IED_CULPOP_303_568afe,PUR_IED_CULPOP_303_568afe,,,,,
2026-09-12T14:51:07-05:00,PUR_IED_CULPOP_Ext_e02ccb,PUR_IED_CULPOP_Ext_e02ccb,,,,,
2026-09-12T14:51:07-05:00,PUR_IED_CVillavicen_Ext_26eb58,PUR_IED_CVillavicen_Ext_26eb58,2,17,70,4.487,-74.102798
2026-09-12T14:51:07-05:00,PUR_IED_CVillavicen_Intel_1ce5c2,PUR_IED_CVillavicen_Intel_1ce5c2,,,,,
2026-09-12T14:51:07-05:00,PUR_IED_CVillavicen_Poliv_e0766c,PUR_IED_CVillavicen_Poliv_e0766c,,,,,
2026-09-12T14:51:07-05:00,PUR_IED_CVillavicen_int_1ba140,PUR_IED_CVillavicen_int_1ba140,,,,,
2026-09-12T14:51:07-05:00,PUR_IED_CVillavicen_intel_1ba140,PUR_IED_CVillavicen_intel_1ba140,,,,,
2026-09-12T14:51:07-05:00,PUR_IED_CarlosPizarro_Ext_e307cc,PUR_IED_CarlosPizarro_Ext_e307cc,,,,,
2026-09-12T14:51:07-05:00,PUR_IED_CarlosPizarro_L36_7e5cdb,PUR_IED_CarlosPizarro_L36_7e5cdb,,,,,
2026-09-12T14:51:07-05:00,PUR_IED_CarlosPizarro_L37_c8566c,PUR_IED_CarlosPizarro_L37_c8566c,,,,,
2026-09-12T14:51:07-05:00,PUR_IED_Castilla_Ext_cf35f,PUR_IED_Castilla_Ext_cf35f,,,,,
2026-09-12T14:51:07-05:00,PUR_IED_Castilla_SFisik_360e38,PUR_IED_Castilla_SFisik_360e38,,,,,
2026-09-12T14:51:07-05:00,PUR_IED_Castilla_Sc304_496fbf,PUR_IED_Castilla_Sc304_496fbf,,,,,
2026-09-12T14:51:07-05:00,PUR_IED_CervantesSa_Ext_6b57b,PUR_IED_CervantesSa_Ext_6b57b,2,21,58,4.5128,-74.117203
2026-09-12T14:51:07-05:00,PUR_IED_CervantesSa_S107_225c2b,PUR_IED_CervantesSa_S107_225c2b,,,,,
2026-09-12T14:51:07-05:00,PUR_IED_CervantesSa_S108_940925,PUR_IED_CervantesSa_S108_940925,,,,,
2026-09-12T14:51:07-05:00,PUR_IED_Charry_A20_f53e7c,PUR_IED_Charry_A20_f53e7c,,,,,
2026-09-12T14:51:07-05:00,PUR_IED_Charry_Ext_f1d5cd,PUR_IED_Charry_Ext_f1d5cd,,,,,
2026-09-12T14:51:07-05:00,PUR_IED_Charry_IntAula20_dc998d,PUR_IED_Charry_IntAula20_dc998d,,,,,
2026-09-12T14:51:07-05:00,PUR_IED_Charry_IntDanzas_7a08e6,PUR_IED_Charry_IntDanzas_7a08e6,,,,,
2026-09-12T14:51:07-05:00,PUR_IED_ClememciaC_203_43e2fc,PUR_IED_ClememciaC_203_43e2fc,,,,,
2026-09-12T14:51:07-05:00,PUR_IED_ClememciaC_Ext_1b411a,PUR_IED_ClememciaC_Ext_1b411a,,,,,
2026-09-12T14:51:07-05:00,PUR_IED_ClememciaC_Quimic_44b5fc,PUR_IED_ClememciaC_Quimic_44b5fc,,,,,
2026-09-12T14:51:07-05:00,PUR_IED_ClemenciaC_203_43e2fc,PUR_IED_ClemenciaC_203_43e2fc,,,,,
2026-09-12T14:51:07-05:00,PUR_IED_ClemenciaC_Ext_1b411a,PUR_IED_ClemenciaC_Ext_1b411a,,,,,
2026-09-12T14:51:07-05:00,PUR_IED_ClemenciaC_Quimic_44b5fc,PUR_IED_ClemenciaC_Quimic_44b5fc,,,,,
2026-09-12T14:51:07-05:00,PUR_IED_ColViva_1101_S25_7f520a,PUR_IED_ColViva_1101_S25_7f520a,,,,,
2026-09-12T14:51:07-05:00,PUR_IED_ColViva_1102_S16_f570ba,PUR_IED_ColViva_1102_S16_f570ba,,,,,
2026-09-12T14:51:07-05:00,PUR_IED_ColViva_Ext_1a26fa,PUR_IED_ColViva_Ext_1a26fa,,,,,
2026-09-12T14:51:07-05:00,PUR_IED_ColegioBici_Asist_7c8798,PUR_IED_ColegioBici_Asist_7c8798,,,,,
2026-09-12T14:51:07-05:00,PUR_IED_ColegioBici_Ext_25cbf6,PUR_IED_ColegioBici_Ext_25cbf6,,,,,
2026-09-12T14:51:07-05:00,PUR_IED_ColegioBici_LabQ_7b57db,PUR_IED_ColegioBici_LabQ_7b57db,,,,,
2026-09-12T14:51:07-05:00,PUR_IED_CostaRica_Ext_5e640,PUR_IED_CostaRica_Ext_5e640,,,,,
2026-09-12T14:51:07-05:00,PUR_IED_CostaRica_Quim1_766d1c,PUR_IED_CostaRica_Quim1_766d1c,,,,,
2026-09-12T14:51:07-05:00,PUR_IED_CostaRica__Fisica_6f0873,PUR_IED_CostaRica__Fisica_6f0873,,,,,
2026-09-12T14:51:07-05:00,PUR_IED_CulPopu_301A_f660f3,PUR_IED_CulPopu_301A_f660f3,,,,,
2026-09-12T14:51:07-05:00,PUR_IED_CulPopu_303_568afe,PUR_IED_CulPopu_303_568afe,,,,,
2026-09-12T14:51:07-05:00,PUR_IED_CulPopu_Ext_e02ccb,PUR_IED_CulPopu_Ext_e02ccb,,,,,
2026-09-12T14:51:07-05:00,PUR_IED_Cundinamarca_Ext_f15985,PUR_IED_Cundinamarca_Ext_f15985,,,,,
2026-09-12T14:51:07-05:00,PUR_IED_Cundinamarca_Info_7aa5d7,PUR_IED_Cundinamarca_Info_7aa5d7,,,,,
2026-09-12T14:51:07-05:00,PUR_IED_Cundinamarca_Tec2_f449c7,PUR_IED_Cundinamarca_Tec2_f449c7,,,,,
2026-09-12T14:51:07-05:00,PUR_IED_DiegoM_Aula1_27b314,PUR_IED_DiegoM_Aula1_27b314,,,,,
2026-09-12T14:51:07-05:00,PUR_IED_DiegoM_Ext_d80ac8,PUR_IED_DiegoM_Ext_d80ac8,,,,,
2026-09-12T14:51:07-05:00,PUR_IED_DiegoM_S25_da928f,PUR_IED_DiegoM_S25_da928f,,,,,
2026-09-12T14:51:07-05:00,PUR_IED_ELRODEO_360881,PUR_IED_ELRODEO_360881,,,,,
2026-09-12T14:51:07-05:00,PUR_IED_ELRODEO_ext_360881,PUR_IED_ELRODEO_ext_360881,,,,,
2026-09-12T14:51:07-05:00,PUR_IED_EduardoU_Ext_1c1969,PUR_IED_EduardoU_Ext_1c1969,,,,,
2026-09-12T14:51:07-05:00,PUR_IED_EduardoU_SCiencia_4dfb94,PUR_IED_EduardoU_SCiencia_4dfb94,,,,,
2026-09-12T14:51:07-05:00,PUR_IED_EduardoU_SQuimica_5a46e7,PUR_IED_EduardoU_SQuimica_5a46e7,,,,,
2026-09-12T14:51:07-05:00,PUR_IED_ElRodeo_Aula14_676984,PUR_IED_ElRodeo_Aula14_676984,,,,,
2026-09-12T14:51:07-05:00,PUR_IED_ElRodeo_Aula16_2dd35b,PUR_IED_ElRodeo_Aula16_2dd35b,,,,,
2026-09-12T14:51:07-05:00,PUR_IED_ElRodeo_Ext_360881,PUR_IED_ElRodeo_Ext_360881,,,,,
2026-09-12T14:51:07-05:00,PUR_IED_ElRodeo_Exterior_8c6d28,PUR_IED_ElRodeo_Exterior_8c6d28,,,,,
2026-09-12T14:51:07-05:00,PUR_IED_ElRodeo_ext_360881,PUR_IED_ElRodeo_ext_360881,,,,,
2026-09-12T14:51:07-05:00,PUR_IED_EmmaReyes_Ext_987625,PUR_IED_EmmaReyes_Ext_987625,2,22,47,4.6367,-74.1511
2026-09-12T14:51:07-05:00,PUR_IED_Ensueño_Ext_7f0250,PUR_IED_Ensueño_Ext_7f0250,,,,,
2026-09-12T14:51:07-05:00,PUR_IED_EscNormal_Ext_5fef3b,PUR_IED_EscNormal_Ext_5fef3b,2,22,51,4.5852,-74.096901
2026-09-12T14:51:07-05:00,PUR_IED_EscNormal_S309_5b263,PUR_IED_EscNormal_S309_5b263,,,,,
2026-09-12T14:51:07-05:00,PUR_IED_EscNormal_S310_27b3b8,PUR_IED_EscNormal_S310_27b3b8,,,,,
2026-09-12T14:51:07-05:00,PUR_IED_Evangelista_Conta_f6cd4f,PUR_IED_Evangelista_Conta_f6cd4f,,,,,
2026-09-12T14:51:07-05:00,PUR_IED_Evangelista_Cri_5e16a,PUR_IED_Evangelista_Cri_5e16a,,,,,
2026-09-12T14:51:07-05:00,PUR_IED_Evangelista_Exter_754066,PUR_IED_Evangelista_Exter_754066,,,,,
2026-09-12T14:51:07-05:00,PUR_IED_FMiranda_S209_5cc2a3,PUR_IED_FMiranda_S209_5cc2a3,,,,,
2026-09-12T14:51:07-05:00,PUR_IED_FMiranda_S303_19e344,PUR_IED_FMiranda_S303_19e344,,,,,
2026-09-12T14:51:07-05:00,PUR_IED_FMiranda_ext_f53e7c,PUR_IED_FMiranda_ext_f53e7c,,,,,
2026-09-12T14:51:07-05:00,PUR_IED_FabioLozano_Bibli_1cee05,PUR_IED_FabioLozano_Bibli_1cee05,,,,,
2026-09-12T14:51:07-05:00,PUR_IED_FabioLozano_Ext_6ea285,PUR_IED_FabioLozano_Ext_6ea285,,,,,
2026-09-12T14:51:07-05:00,PUR_IED_FabioLozano_SLudi_f09e1e,PUR_IED_FabioLozano_SLudi_f09e1e,,,,,
2026-09-12T14:51:07-05:00,PUR_IED_FaustinoS_Aula07_27a731,PUR_IED_FaustinoS_Aula07_27a731,,,,,
2026-09-12T14:51:07-05:00,PUR_IED_FaustinoS_Ext_7b936f,PUR_IED_FaustinoS_Ext_7b936f,,,,,
2026-09-12T14:51:07-05:00,PUR_IED_FaustinoS_Fisica_da2c60,PUR_IED_FaustinoS_Fisica_da2c60,,,,,
2026-09-12T14:51:07-05:00,PUR_IED_FeGarciaLo_Ext_dc68ee,PUR_IED_FeGarciaLo_Ext_dc68ee,,,,,
2026-09-12T14:51:07-05:00,PUR_IED_FeGarciaLo_SDanza_f70a59,PUR_IED_FeGarciaLo_SDanza_f70a59,,,,,
2026-09-12T14:51:07-05:00,PUR_IED_FeGarciaLo_SMusic_125cdd,PUR_IED_FeGarciaLo_SMusic_125cdd,,,,,
2026-09-12T14:51:07-05:00,PUR_IED_FederalAlema_Exte_50c345,PUR_IED_FederalAlema_Exte_50c345,,,,,
2026-09-12T14:51:07-05:00,PUR_IED_FederalAlema_S31_f18371,PUR_IED_FederalAlema_S31_f18371,,,,,
2026-09-12T14:51:07-05:00,PUR_IED_FederalAlema_S901_a62cd,PUR_IED_FederalAlema_S901_a62cd,,,,,
2026-09-12T14:51:07-05:00,PUR_IED_FilarmonicaS_A5_f35eb1,PUR_IED_FilarmonicaS_A5_f35eb1,,,,,
2026-09-12T14:51:07-05:00,PUR_IED_FilarmonicaS_Ext_8a3bde,PUR_IED_FilarmonicaS_Ext_8a3bde,,,,,
2026-09-12T14:51:07-05:00,PUR_IED_FilarmonicaS_Spol_406114,PUR_IED_FilarmonicaS_Spol_406114,,,,,
2026-09-12T14:51:07-05:00,PUR_IED_FlorentinoG_A13_d1fa59,PUR_IED_FlorentinoG_A13_d1fa59,,,,,
2026-09-12T14:51:07-05:00,PUR_IED_FlorentinoG_Ext_1ce6ce,PUR_IED_FlorentinoG_Ext_1ce6ce,,,,,
2026-09-12T14:51:07-05:00,PUR_IED_FlorentinoG_Idiom_a66aac,PUR_IED_FlorentinoG_Idiom_a66aac,,,,,
2026-09-12T14:51:07-05:00,PUR_IED_FranciscoMati_Ext_e3869d,PUR_IED_FranciscoMati_Ext_e3869d,,,,,
2026-09-12T14:51:07-05:00,PUR_IED_FranciscoMati_S13_f31c67,PUR_IED_FranciscoMati_S13_f31c67,,,,,
2026-09-12T14:51:07-05:00,PUR_IED_FranciscoMati_S14_97dead,PUR_IED_FranciscoMati_S14_97dead,,,,,
2026-09-12T14:51:07-05:00,PUR_IED_FranciscoPS_Ext_7bfa9a,PUR_IED_FranciscoPS_Ext_7bfa9a,2,22,51,4.5899,-74.110397
2026-09-12T14:51:07-05:00,PUR_IED_FranciscoPS_Infor_fb8f4c,PUR_IED_FranciscoPS_Infor_fb8f4c,,,,,
2026-09-12T14:51:07-05:00,PUR_IED_FranciscoPS_Quimi_94d39c,PUR_IED_FranciscoPS_Quimi_94d39c,,,,,
2026-09-12T14:51:07-05:00,PUR_IED_FranciscoP_LabQ_d7e148,PUR_IED_FranciscoP_LabQ_d7e148,,,,,
2026-09-12T14:51:07-05:00,PUR_IED_FranciscoP_S28_cf9b30,PUR_IED_FranciscoP_S28_cf9b30,,,,,
2026-09-12T14:51:07-05:00,PUR_IED_FranciscoP_ext_e2313,PUR_IED_FranciscoP_ext_e2313,,,,,
2026-09-12T14:51:07-05:00,PUR_IED_FriederichN_Ext_8ac92a,PUR_IED_FriederichN_Ext_8ac92a,,,,,
2026-09-12T14:51:07-05:00,PUR_IED_FriederichN_S301_dd7e5a,PUR_IED_FriederichN_S301_dd7e5a,,,,,
2026-09-12T14:51:07-05:00,PUR_IED_FriederichN_S308_761f4f,PUR_IED_FriederichN_S308_761f4f,,,,,
2026-09-12T14:51:07-05:00,PUR_IED_GSantander_Aula10_533dd7,PUR_IED_GSantander_Aula10_533dd7,,,,,
2026-09-12T14:51:07-05:00,PUR_IED_GSantander_Aula12_fd4e4f,PUR_IED_GSantander_Aula12_fd4e4f,,,,,
2026-09-12T14:51:07-05:00,PUR_IED_GSantander_Aula310_533dd7,PUR_IED_GSantander_Aula310_533dd7,,,,,
2026-09-12T14:51:07-05:00,PUR_IED_GSantander_Aula312_fd4e4f,PUR_IED_GSantander_Aula312_fd4e4f,,,,,
2026-09-12T14:51:07-05:00,PUR_IED_GSantander_Ext_5f66b0,PUR_IED_GSantander_Ext_5f66b0,,,,,
2026-09-12T14:51:07-05:00,PUR_IED_GYomasa_Ext_f6bea5,PUR_IED_GYomasa_Ext_f6bea5,,,,,
2026-09-12T14:51:07-05:00,PUR_IED_GYomasa_LBiol_2c41aa,PUR_IED_GYomasa_LBiol_2c41aa,,,,,
2026-09-12T14:51:07-05:00,PUR_IED_GYomasa_LQuim_33c80,PUR_IED_GYomasa_LQuim_33c80,,,,,
2026-09-12T14:51:07-05:00,PUR_IED_GabBetMejia_Cienc_5a99c,PUR_IED_GabBetMejia_Cienc_5a99c,,,,,
2026-09-12T14:51:07-05:00,PUR_IED_GabBetMejia_Ext_9153d0,PUR_IED_GabBetMejia_Ext_9153d0,,,,,
2026-09-12T14:51:07-05:00,PUR_IED_GabBetMejia_Lab_f55347,PUR_IED_GabBetMejia_Lab_f55347,,,,,
2026-09-12T14:51:07-05:00,PUR_IED_GabBetanMejia_Ext_9153d0,PUR_IED_GabBetanMejia_Ext_9153d0,,,,,
2026-09-12T14:51:07-05:00,PUR_IED_Gaitana_Aula13_7aac11,PUR_IED_Gaitana_Aula13_7aac11,,,,,
2026-09-12T14:51:07-05:00,PUR_IED_Gaitana_Ext_5fcf4,PUR_IED_Gaitana_Ext_5fcf4,,,,,
2026-09-12T14:51:07-05:00,PUR_IED_Gaitana_LabFisica_644448,PUR_IED_Gaitana_LabFisica_644448,,,,,
2026-09-12T14:51:07-05:00,PUR_IED_GenSantander_Dise_8ac858,PUR_IED_GenSantander_Dise_8ac858,,,,,
2026-09-12T14:51:07-05:00,PUR_IED_GenSantander_Ext_8d5dfe,PUR_IED_GenSantander_Ext_8d5dfe,,,,,
2026-09-12T14:51:07-05:00,PUR_IED_GenSantander_Info_6c25b,PUR_IED_GenSantander_Info_6c25b,,,,,
2026-09-12T14:51:07-05:00,PUR_IED_GustavoMo_Exterio_75e63d,PUR_IED_GustavoMo_Exterio_75e63d,,,,,
2026-09-12T14:51:07-05:00,PUR_IED_GustavoMo_LabFisi_224d37,PUR_IED_GustavoMo_LabFisi_224d37,,,,,
2026-09-12T14:51:07-05:00,PUR_IED_GustavoMo_S208_3e6918,PUR_IED_GustavoMo_S208_3e6918,,,,,
2026-09-12T14:51:07-05:00,PUR_IED_GustavoR_A02_8cd4a8,PUR_IED_GustavoR_A02_8cd4a8,,,,,
2026-09-12T14:51:07-05:00,PUR_IED_GustavoR_B11_5b0ed,PUR_IED_GustavoR_B11_5b0ed,,,,,
2026-09-12T14:51:07-05:00,PUR_IED_GustavoR_Ext_7a0c90,PUR_IED_GustavoR_Ext_7a0c90,,,,,
2026-09-12T14:51:07-05:00,PUR_IED_HernandoDuran_Ext_8cd82b,PUR_IED_HernandoDuran_Ext_8cd82b,,,,,
2026-09-12T14:51:07-05:00,PUR_IED_HernandoDuran_S24_2772c6,PUR_IED_HernandoDuran_S24_2772c6,,,,,
2026-09-12T14:51:07-05:00,PUR_IED_HernandoDuran_S30_f2de41,PUR_IED_HernandoDuran_S30_f2de41,,,,,
2026-09-12T14:51:07-05:00,PUR_IED_HolguInUr_S1101_8cd732,PUR_IED_HolguInUr_S1101_8cd732,,,,,
2026-09-12T14:51:07-05:00,PUR_IED_HolguinUr_Exter_ddae6d,PUR_IED_HolguinUr_Exter_ddae6d,,,,,
2026-09-12T14:51:07-05:00,PUR_IED_HolguinUr_LabQuim_92b952,PUR_IED_HolguinUr_LabQuim_92b952,,,,,
2026-09-12T14:51:07-05:00,PUR_IED_Isabel-II_Ext_5245cc,PUR_IED_Isabel-II_Ext_5245cc,2,21,51,4.6336,-74.153
2026-09-12T14:51:07-05:00,PUR_IED_Isabel-II_S_idiom_1c29aa,PUR_IED_Isabel-II_S_idiom_1c29aa,,,,,
2026-09-12T14:51:07-05:00,PUR_IED_Isabel-II_S_infor_fd741,PUR_IED_Isabel-II_S_infor_fd741,,,,,
2026-09-12T14:51:07-05:00,PUR_IED_IsidroSur_Exterio_5b90ea,PUR_IED_IsidroSur_Exterio_5b90ea,,,,,
2026-09-12T14:51:07-05:00,PUR_IED_IsidroSur_LabTec_56697a,PUR_IED_IsidroSur_LabTec_56697a,,,,,
2026-09-12T14:51:07-05:00,PUR_IED_IsidroSur_Robotic_b7c38f,PUR_IED_IsidroSur_Robotic_b7c38f,,,,,
2026-09-12T14:51:07-05:00,PUR_IED_IsmaelPerd_Ext_7b6672,PUR_IED_IsmaelPerd_Ext_7b6672,,,,,
2026-09-12T14:51:07-05:00,PUR_IED_IsmaelPerd_Inform_306540,PUR_IED_IsmaelPerd_Inform_306540,,,,,
2026-09-12T14:51:07-05:00,PUR_IED_IsmaelPerd_S30_2e2c83,PUR_IED_IsmaelPerd_S30_2e2c83,,,,,
2026-09-12T14:51:07-05:00,PUR_IED_JLozano_Exter_432910,PUR_IED_JLozano_Exter_432910,,,,,
2026-09-12T14:51:07-05:00,PUR_IED_JLozano_salaMulti_df5125,PUR_IED_JLozano_salaMulti_df5125,,,,,
2026-09-12T14:51:07-05:00,PUR_IED_JMCordoba_206_86f80b,PUR_IED_JMCordoba_206_86f80b,,,,,
2026-09-12T14:51:07-05:00,PUR_IED_JMCordoba_Ext_27ad97,PUR_IED_JMCordoba_Ext_27ad97,,,,,
2026-09-12T14:51:07-05:00,PUR_IED_JMCordoba_S310_d59ab4,PUR_IED_JMCordoba_S310_d59ab4,,,,,
2026-09-12T14:51:07-05:00,PUR_IED_Japon_Ext_549100,PUR_IED_Japon_Ext_549100,,,,,
2026-09-12T14:51:07-05:00,PUR_IED_Japon_Laboratorio_bec51d,PUR_IED_Japon_Laboratorio_bec51d,,,,,
2026-09-12T14:51:07-05:00,PUR_IED_Japon_informatica_d99327,PUR_IED_Japon_informatica_d99327,,,,,
2026-09-12T14:51:07-05:00,PUR_IED_Jazmin_Ext_d27bda,PUR_IED_Jazmin_Ext_d27bda,,,,,
2026-09-12T14:51:07-05:00,PUR_IED_Jazmin_Fisica_8d14d7,PUR_IED_Jazmin_Fisica_8d14d7,,,,,
2026-09-12T14:51:07-05:00,PUR_IED_Jazmin_Quimica_801cb5,PUR_IED_Jazmin_Quimica_801cb5,,,,,
2026-09-12T14:51:07-05:00,PUR_IED_JorgeGaitan_Exter_f098d1,PUR_IED_JorgeGaitan_Exter_f098d1,,,,,
2026-09-12T14:51:07-05:00,PUR_IED_JorgeGaitan_STec1_dc9d1d,PUR_IED_JorgeGaitan_STec1_dc9d1d,,,,,
2026-09-12T14:51:07-05:00,PUR_IED_JorgeGaitan_STec2_281e69,PUR_IED_JorgeGaitan_STec2_281e69,,,,,
2026-09-12T14:51:07-05:00,PUR_IED_JorgeSoto_Exterio_d9d0a2,PUR_IED_JorgeSoto_Exterio_d9d0a2,,,,,
2026-09-12T14:51:07-05:00,PUR_IED_JorgeSoto_LabFisi_209c54,PUR_IED_JorgeSoto_LabFisi_209c54,,,,,
2026-09-12T14:51:07-05:00,PUR_IED_JorgeSoto_S103_27b51a,PUR_IED_JorgeSoto_S103_27b51a,,,,,
2026-09-12T14:51:07-05:00,PUR_IED_JoseAcevedo_A02_e965eb,PUR_IED_JoseAcevedo_A02_e965eb,,,,,
2026-09-12T14:51:07-05:00,PUR_IED_JoseAcevedo_A07_dd5b4,PUR_IED_JoseAcevedo_A07_dd5b4,,,,,
2026-09-12T14:51:07-05:00,PUR_IED_JoseAcevedo_Ext_b47484,PUR_IED_JoseAcevedo_Ext_b47484,,,,,
2026-09-12T14:51:07-05:00,PUR_IED_JoseMarti_Exte_5b9bf,PUR_IED_JoseMarti_Exte_5b9bf,,,,,
2026-09-12T14:51:07-05:00,PUR_IED_JoseMarti_LabQuim_1c6c2d,PUR_IED_JoseMarti_LabQuim_1c6c2d,,,,,
2026-09-12T14:51:07-05:00,PUR_IED_JoseMarti_S_info_f5f177,PUR_IED_JoseMarti_S_info_f5f177,,,,,
2026-09-12T14:51:07-05:00,PUR_IED_Josejoaquin_Ext_dfc5dc,PUR_IED_Josejoaquin_Ext_dfc5dc,,,,,
2026-09-12T14:51:07-05:00,PUR_IED_Josejoaquin_S05_5b2a96,PUR_IED_Josejoaquin_S05_5b2a96,,,,,
2026-09-12T14:51:07-05:00,PUR_IED_Josejoaquin_S06_1ce7d2,PUR_IED_Josejoaquin_S06_1ce7d2,,,,,
2026-09-12T14:51:07-05:00,PUR_IED_JulioFlorez_Danza_9b82dd,PUR_IED_JulioFlorez_Danza_9b82dd,,,,,
2026-09-12T14:51:07-05:00,PUR_IED_JulioFlorez_Exter_f9f314,PUR_IED_JulioFlorez_Exter_f9f314,,,,,
2026-09-12T14:51:07-05:00,PUR_IED_JulioFlorez_info2_6b6e08,PUR_IED_JulioFlorez_info2_6b6e08,,,,,
2026-09-12T14:51:07-05:00,PUR_IED_LaBelleza_Aula13_1d00d8,PUR_IED_LaBelleza_Aula13_1d00d8,,,,,
2026-09-12T14:51:07-05:00,PUR_IED_LaBelleza_Ext_7bc08c,PUR_IED_LaBelleza_Ext_7bc08c,,,,,
2026-09-12T14:51:07-05:00,PUR_IED_LaChucua_Ext_8cd6d2,PUR_IED_LaChucua_Ext_8cd6d2,,,,,
2026-09-12T14:51:07-05:00,PUR_IED_LaChucua_S15_f578ce,PUR_IED_LaChucua_S15_f578ce,,,,,
2026-09-12T14:51:07-05:00,PUR_IED_LaChucua_S16_eebcf9,PUR_IED_LaChucua_S16_eebcf9,,,,,
2026-09-12T14:51:07-05:00,PUR_IED_LaFelicidad_Ext_fb5109,PUR_IED_LaFelicidad_Ext_fb5109,,,,,
2026-09-12T14:51:07-05:00,PUR_IED_LaMerced_206_66ebd,PUR_IED_LaMerced_206_66ebd,,,,,
2026-09-12T14:51:07-05:00,PUR_IED_LaMerced_207_6ebd6,PUR_IED_LaMerced_207_6ebd6,,,,,
2026-09-12T14:51:07-05:00,PUR_IED_LaMerced_ext_304311,PUR_IED_LaMerced_ext_304311,,,,,
2026-09-12T14:51:07-05:00,PUR_IED_Laureano_CiencNat_281e5e,PUR_IED_Laureano_CiencNat_281e5e,,,,,
2026-09-12T14:51:07-05:00,PUR_IED_Laureano_Comedor_f65c0a,PUR_IED_Laureano_Comedor_f65c0a,,,,,
2026-09-12T14:51:07-05:00,PUR_IED_Laureano_Exterior_7ab011,PUR_IED_Laureano_Exterior_7ab011,,,,,
2026-09-12T14:51:07-05:00,PUR_IED_LeonGreiff_Exte_dfe560,PUR_IED_LeonGreiff_Exte_dfe560,,,,,
2026-09-12T14:51:07-05:00,PUR_IED_LeonGreiff_S210_f264ed,PUR_IED_LeonGreiff_S210_f264ed,,,,,
2026-09-12T14:51:07-05:00,PUR_IED_LeonGreiff_SQuimi_e8296f,PUR_IED_LeonGreiff_SQuimi_e8296f,,,,,
2026-09-12T14:51:07-05:00,PUR_IED_LlanoOrientalS208_7b9fcd,PUR_IED_LlanoOrientalS208_7b9fcd,,,,,
2026-09-12T14:51:07-05:00,PUR_IED_LlanoOriental_Ext_fb3766,PUR_IED_LlanoOriental_Ext_fb3766,,,,,
2026-09-12T14:51:07-05:00,PUR_IED_LlanoOriental_S208_7b9fcd,PUR_IED_LlanoOriental_S208_7b9fcd,,,,,
2026-09-12T14:51:07-05:00,PUR_IED_LlanoOriental_S9_27b378,PUR_IED_LlanoOriental_S9_27b378,,,,,
2026-09-12T14:51:07-05:00,PUR_IED_LosTejares_1101_477602,PUR_IED_LosTejares_1101_477602,,,,,
2026-09-12T14:51:07-05:00,PUR_IED_LosTejares_11_d2c595,PUR_IED_LosTejares_11_d2c595,,,,,
2026-09-12T14:51:07-05:00,PUR_IED_LosTejares_12_477602,PUR_IED_LosTejares_12_477602,,,,,
2026-09-12T14:51:07-05:00,PUR_IED_LosTejares_Ext_8e2115,PUR_IED_LosTejares_Ext_8e2115,,,,,
2026-09-12T14:51:07-05:00,PUR_IED_MagdalenaO_B202_5ddda3,PUR_IED_MagdalenaO_B202_5ddda3,,,,,
2026-09-12T14:51:07-05:00,PUR_IED_MagdalenaO_B205_fb76e8,PUR_IED_MagdalenaO_B205_fb76e8,,,,,
2026-09-12T14:51:07-05:00,PUR_IED_MagdalenaO_ext_dc69cd,PUR_IED_MagdalenaO_ext_dc69cd,,,,,
2026-09-12T14:51:07-05:00,PUR_IED_ManueCepeda_artes_eee956,PUR_IED_ManueCepeda_artes_eee956,,,,,
2026-09-12T14:51:07-05:00,PUR_IED_ManuelCepeda_Ext_58313,PUR_IED_ManuelCepeda_Ext_58313,,,,,
2026-09-12T14:51:07-05:00,PUR_IED_ManuelCepeda_tec_1c5731,PUR_IED_ManuelCepeda_tec_1c5731,,,,,
2026-09-12T14:51:07-05:00,PUR_IED_ManuelS_Exterior_5b269,PUR_IED_ManuelS_Exterior_5b269,,,,,
2026-09-12T14:51:07-05:00,PUR_IED_ManuelS_Inform_f369ce,PUR_IED_ManuelS_Inform_f369ce,,,,,
2026-09-12T14:51:07-05:00,PUR_IED_ManuelS_SArtes_7d15f1,PUR_IED_ManuelS_SArtes_7d15f1,,,,,
2026-09-12T14:51:07-05:00,PUR_IED_ManuelZapata_303_3ca6,PUR_IED_ManuelZapata_303_3ca6,,,,,
2026-09-12T14:51:07-05:00,PUR_IED_ManuelZapata_311_bfbabc,PUR_IED_ManuelZapata_311_bfbabc,,,,,
2026-09-12T14:51:07-05:00,PUR_IED_ManuelZapata_Ext_50824a,PUR_IED_ManuelZapata_Ext_50824a,,,,,
2026-09-12T14:51:07-05:00,PUR_IED_ManuelitaS_Exteri_656a92,PUR_IED_ManuelitaS_Exteri_656a92,,,,,
2026-09-12T14:51:07-05:00,PUR_IED_ManuelitaS_JuzgDe_f58ec3,PUR_IED_ManuelitaS_JuzgDe_f58ec3,,,,,
2026-09-12T14:51:07-05:00,PUR_IED_ManuelitaS_Recrea_d793db,PUR_IED_ManuelitaS_Recrea_d793db,,,,,
2026-09-12T14:51:07-05:00,PUR_IED_MarFidSuarez_Ext_c27b19,PUR_IED_MarFidSuarez_Ext_c27b19,,,,,
2026-09-12T14:51:07-05:00,PUR_IED_MarFidSuarez_Info_e384d7,PUR_IED_MarFidSuarez_Info_e384d7,,,,,
2026-09-12T14:51:07-05:00,PUR_IED_MarFidSuarez_S306_1d0032,PUR_IED_MarFidSuarez_S306_1d0032,,,,,
2026-09-12T14:51:07-05:00,PUR_IED_Menorah_301_2a25a3,PUR_IED_Menorah_301_2a25a3,,,,,
2026-09-12T14:51:07-05:00,PUR_IED_Menorah_306_37ed3,PUR_IED_Menorah_306_37ed3,,,,,
2026-09-12T14:51:07-05:00,PUR_IED_Menorah_Ext_3e155b,PUR_IED_Menorah_Ext_3e155b,,,,,
2026-09-12T14:51:07-05:00,PUR_IED_MinutoB.Aires_A11_1b1604,PUR_IED_MinutoB.Aires_A11_1b1604,,,,,
2026-09-12T14:51:07-05:00,PUR_IED_MinutoB.Aires_A12_fb5860,PUR_IED_MinutoB.Aires_A12_fb5860,,,,,
2026-09-12T14:51:07-05:00,PUR_IED_MinutoB.Aires_Ext_81293f,PUR_IED_MinutoB.Aires_Ext_81293f,,,,,
2026-09-12T14:51:07-05:00,PUR_IED_MinutoBAires_A11_1b1604,PUR_IED_MinutoBAires_A11_1b1604,,,,,
2026-09-12T14:51:07-05:00,PUR_IED_MinutoBAires_A12_fb5860,PUR_IED_MinutoBAires_A12_fb5860,,,,,
2026-09-12T14:51:07-05:00,PUR_IED_MinutoBAires_Ext_81293f,PUR_IED_MinutoBAires_Ext_81293f,,,,,
2026-09-12T14:51:07-05:00,PUR_IED_Montreal_Aula10_1e4959,PUR_IED_Montreal_Aula10_1e4959,,,,,
2026-09-12T14:51:07-05:00,PUR_IED_Montreal_Aula6_300367,PUR_IED_Montreal_Aula6_300367,,,,,
2026-09-12T14:51:07-05:00,PUR_IED_Montreal_Exterior_91a179,PUR_IED_Montreal_Exterior_91a179,,,,,
2026-09-12T14:51:07-05:00,PUR_IED_Mqgdalena_B202_5ddda3,PUR_IED_Mqgdalena_B202_5ddda3,,,,,
2026-09-12T14:51:07-05:00,PUR_IED_NACUND_Soc_dc8728,PUR_IED_NACUND_Soc_dc8728,,,,,
2026-09-12T14:51:07-05:00,PUR_IED_NACUND_ext_27ad97,PUR_IED_NACUND_ext_27ad97,,,,,
2026-09-12T14:51:07-05:00,PUR_IED_NEsperanza_Ext_d24b61,PUR_IED_NEsperanza_Ext_d24b61,,,,,
2026-09-12T14:51:07-05:00,PUR_IED_NEsperanza_SElect_7d1807,PUR_IED_NEsperanza_SElect_7d1807,,,,,
2026-09-12T14:51:07-05:00,PUR_IED_NEsperanza_SLabor_8b2d0a,PUR_IED_NEsperanza_SLabor_8b2d0a,,,,,
2026-09-12T14:51:07-05:00,PUR_IED_NacionesU_Ext_f661a9,PUR_IED_NacionesU_Ext_f661a9,,,,,
2026-09-12T14:51:07-05:00,PUR_IED_NacionesU_Quimica_66f0a,PUR_IED_NacionesU_Quimica_66f0a,,,,,
2026-09-12T14:51:07-05:00,PUR_IED_NacionesU_S306_1b4b3d,PUR_IED_NacionesU_S306_1b4b3d,,,,,
2026-09-12T14:51:07-05:00,PUR_IED_NestorFA_Ext_e4201c,PUR_IED_NestorFA_Ext_e4201c,,,,,
2026-09-12T14:51:07-05:00,PUR_IED_NestorFA_Laborato_f22fe0,PUR_IED_NestorFA_Laborato_f22fe0,,,,,
2026-09-12T14:51:07-05:00,PUR_IED_NestorFA_S204_dee996,PUR_IED_NestorFA_S204_dee996,,,,,
2026-09-12T14:51:07-05:00,PUR_IED_NidyaQT_Aula03_76999b,PUR_IED_NidyaQT_Aula03_76999b,,,,,
2026-09-12T14:51:07-05:00,PUR_IED_NidyaQT_Aula10_56325,PUR_IED_NidyaQT_Aula10_56325,,,,,
2026-09-12T14:51:07-05:00,PUR_IED_NidyaQT_Ext_46e32d,PUR_IED_NidyaQT_Ext_46e32d,,,,,
2026-09-12T14:51:07-05:00,PUR_IED_NuevaCol_Exterior_d9b859,PUR_IED_NuevaCol_Exterior_d9b859,,,,,
2026-09-12T14:51:07-05:00,PUR_IED_NuevaCol_S1101_76c43b,PUR_IED_NuevaCol_S1101_76c43b,,,,,
2026-09-12T14:51:07-05:00,PUR_IED_NuevaCol_S1102_1ce0b5,PUR_IED_NuevaCol_S1102_1ce0b5,,,,,
2026-09-12T14:51:07-05:00,PUR_IED_OEA_A202_f7e3f2,PUR_IED_OEA_A202_f7e3f2,,,,,
2026-09-12T14:51:07-05:00,PUR_IED_OEA_A203_7d1b8d,PUR_IED_OEA_A203_7d1b8d,,,,,
2026-09-12T14:51:07-05:00,PUR_IED_OEA_Ext_27b593,PUR_IED_OEA_Ext_27b593,,,,,
2026-09-12T14:51:07-05:00,PUR_IED_Ochoa_Ext_1c29da,PUR_IED_Ochoa_Ext_1c29da,,,,,
2026-09-12T14:51:07-05:00,PUR_IED_Ochoa_S205_8b1121,PUR_IED_Ochoa_S205_8b1121,,,,,
2026-09-12T14:51:07-05:00,PUR_IED_Ochoa_Sistemas_f33af6,PUR_IED_Ochoa_Sistemas_f33af6,,,,,
2026-09-12T14:51:07-05:00,PUR_IED_PQuebec_Ext_1c67c7,PUR_IED_PQuebec_Ext_1c67c7,,,,,
2026-09-12T14:51:07-05:00,PUR_IED_PQuebec_S15_23e8e2,PUR_IED_PQuebec_S15_23e8e2,,,,,
2026-09-12T14:51:07-05:00,PUR_IED_PQuebec_S16_8ec76b,PUR_IED_PQuebec_S16_8ec76b,,,,,
2026-09-12T14:51:07-05:00,PUR_IED_PabloN_Ext_49dc96,PUR_IED_PabloN_Ext_49dc96,,,,,
2026-09-12T14:51:07-05:00,PUR_IED_PabloN_S1102_4e3df5,PUR_IED_PabloN_S1102_4e3df5,,,,,
2026-09-12T14:51:07-05:00,PUR_IED_PabloN_S1103_50c94b,PUR_IED_PabloN_S1103_50c94b,,,,,
2026-09-12T14:51:07-05:00,PUR_IED_Palestina_S1101_db9198,PUR_IED_Palestina_S1101_db9198,,,,,
2026-09-12T14:51:07-05:00,PUR_IED_Palestina_S1102_dc54fa,PUR_IED_Palestina_S1102_dc54fa,,,,,
2026-09-12T14:51:07-05:00,PUR_IED_Palestina_ext_4ccce6,PUR_IED_Palestina_ext_4ccce6,,,,,
2026-09-12T14:51:07-05:00,PUR_IED_Panama_Fisica_4d0794,PUR_IED_Panama_Fisica_4d0794,,,,,
2026-09-12T14:51:07-05:00,PUR_IED_Panama_SIngles_a4077e,PUR_IED_Panama_SIngles_a4077e,,,,,
2026-09-12T14:51:07-05:00,PUR_IED_Panama_ext_4c54b4,PUR_IED_Panama_ext_4c54b4,,,,,
2026-09-12T14:51:07-05:00,PUR_IED_ParaisoM_Exterior_8cd7f0,PUR_IED_ParaisoM_Exterior_8cd7f0,,,,,
2026-09-12T14:51:07-05:00,PUR_IED_ParaisoM_Laborato_27af35,PUR_IED_ParaisoM_Laborato_27af35,,,,,
2026-09-12T14:51:07-05:00,PUR_IED_ParaisoM_S304_d1edca,PUR_IED_ParaisoM_S304_d1edca,,,,,
2026-09-12T14:51:07-05:00,PUR_IED_PorfirioBarba_Ext_301466,PUR_IED_PorfirioBarba_Ext_301466,,,,,
2026-09-12T14:51:07-05:00,PUR_IED_PorfirioBarba_S11_df6cd2,PUR_IED_PorfirioBarba_S11_df6cd2,,,,,
2026-09-12T14:51:07-05:00,PUR_IED_PorfirioBarba_S29_27a7d6,PUR_IED_PorfirioBarba_S29_27a7d6,,,,,
2026-09-12T14:51:07-05:00,PUR_IED_PradoV_Exter_8b27ad,PUR_IED_PradoV_Exter_8b27ad,,,,,
2026-09-12T14:51:07-05:00,PUR_IED_PradoV_S301_de65b5,PUR_IED_PradoV_S301_de65b5,,,,,
2026-09-12T14:51:07-05:00,PUR_IED_PradoV_S302_7d2593,PUR_IED_PradoV_S302_7d2593,,,,,
2026-09-12T14:51:07-05:00,PUR_IED_QuirogaAlz_Ext_1ddc82,PUR_IED_QuirogaAlz_Ext_1ddc82,,,,,
2026-09-12T14:51:07-05:00,PUR_IED_QuirogaAlz_S302_9926a3,PUR_IED_QuirogaAlz_S302_9926a3,,,,,
2026-09-12T14:51:07-05:00,PUR_IED_QuirogaAlz_S305_cdf1f1,PUR_IED_QuirogaAlz_S305_cdf1f1,,,,,
2026-09-12T14:51:07-05:00,PUR_IED_RGuatemala_Biling_dc53b7,PUR_IED_RGuatemala_Biling_dc53b7,,,,,
2026-09-12T14:51:07-05:00,PUR_IED_RGuatemala_Ext_1b89a3,PUR_IED_RGuatemala_Ext_1b89a3,,,,,
2026-09-12T14:51:07-05:00,PUR_IED_RGuatemala_Tecnol_281a34,PUR_IED_RGuatemala_Tecnol_281a34,,,,,
2026-09-12T14:51:07-05:00,PUR_IED_RafaNu_Ext_f7c302,PUR_IED_RafaNu_Ext_f7c302,,,,,
2026-09-12T14:51:07-05:00,PUR_IED_RafaNu_S1101_25fde,PUR_IED_RafaNu_S1101_25fde,,,,,
2026-09-12T14:51:07-05:00,PUR_IED_RafaNu_S1102_281517,PUR_IED_RafaNu_S1102_281517,,,,,
2026-09-12T14:51:07-05:00,PUR_IED_RafaelB_S305_ee2783,PUR_IED_RafaelB_S305_ee2783,,,,,
2026-09-12T14:51:07-05:00,PUR_IED_RafaelB_S306_75fe33,PUR_IED_RafaelB_S306_75fe33,,,,,
2026-09-12T14:51:07-05:00,PUR_IED_RafaelB_ext_283336,PUR_IED_RafaelB_ext_283336,3,20,57,4.6722,-74.0737
2026-09-12T14:51:07-05:00,PUR_IED_RafaelUU_Exterior_281a51,PUR_IED_RafaelUU_Exterior_281a51,,,,,
2026-09-12T14:51:07-05:00,PUR_IED_RafaelUU_Human_806b2,PUR_IED_RafaelUU_Human_806b2,,,,,
2026-09-12T14:51:07-05:00,PUR_IED_RafaelUU_Mate2_5680d4,PUR_IED_RafaelUU_Mate2_5680d4,,,,,
2026-09-12T14:51:07-05:00,PUR_IED_RamonSub_Ext_f9eeb9,PUR_IED_RamonSub_Ext_f9eeb9,,,,,
2026-09-12T14:51:07-05:00,PUR_IED_RamonSub_Media_d1f62f,PUR_IED_RamonSub_Media_d1f62f,,,,,
2026-09-12T14:51:07-05:00,PUR_IED_RamonSub_planta_51b82,PUR_IED_RamonSub_planta_51b82,,,,,
2026-09-12T14:51:07-05:00,PUR_IED_RepBoliVene_Exter_27af7c,PUR_IED_RepBoliVene_Exter_27af7c,,,,,
2026-09-12T14:51:07-05:00,PUR_IED_RepBoliVene_SCPT_5ae2ee,PUR_IED_RepBoliVene_SCPT_5ae2ee,,,,,
2026-09-12T14:51:07-05:00,PUR_IED_RepBoliVene_Socia_4b11d5,PUR_IED_RepBoliVene_Socia_4b11d5,,,,,
2026-09-12T14:51:07-05:00,PUR_IED_RepChina_Ext_76d9ee,PUR_IED_RepChina_Ext_76d9ee,,,,,
2026-09-12T14:51:07-05:00,PUR_IED_RepChina_S404_7c804c,PUR_IED_RepChina_S404_7c804c,,,,,
2026-09-12T14:51:07-05:00,PUR_IED_RepChina_S405_df2c33,PUR_IED_RepChina_S405_df2c33,,,,,
2026-09-12T14:51:07-05:00,PUR_IED_RepublicaC_Exteri_7d1ec9,PUR_IED_RepublicaC_Exteri_7d1ec9,,,,,
2026-09-12T14:51:07-05:00,PUR_IED_RepublicaC_S1101_f544b3,PUR_IED_RepublicaC_S1101_f544b3,,,,,
2026-09-12T14:51:07-05:00,PUR_IED_RepublicaC_S1102_7aafc7,PUR_IED_RepublicaC_S1102_7aafc7,,,,,
2026-09-12T14:51:07-05:00,PUR_IED_Ricaurte_Externo_a0ea1,PUR_IED_Ricaurte_Externo_a0ea1,,,,,
2026-09-12T14:51:07-05:00,PUR_IED_Ricaurte_S210_f546fd,PUR_IED_Ricaurte_S210_f546fd,,,,,
2026-09-12T14:51:07-05:00,PUR_IED_Ricaurte_S309_d4452,PUR_IED_Ricaurte_S309_d4452,,,,,
2026-09-12T14:51:07-05:00,PUR_IED_RogelioS_1102_531e69,PUR_IED_RogelioS_1102_531e69,,,,,
2026-09-12T14:51:07-05:00,PUR_IED_RogelioS_Ext_f25a18,PUR_IED_RogelioS_Ext_f25a18,,,,,
2026-09-12T14:51:07-05:00,PUR_IED_SBernardino_Ext_27aff8,PUR_IED_SBernardino_Ext_27aff8,,,,,
2026-09-12T14:51:07-05:00,PUR_IED_SBernardino_SArte_2ffd33,PUR_IED_SBernardino_SArte_2ffd33,,,,,
2026-09-12T14:51:07-05:00,PUR_IED_SBernardino_SIngl_7c7da5,PUR_IED_SBernardino_SIngl_7c7da5,,,,,
2026-09-12T14:51:07-05:00,PUR_IED_Sago_auditorio_dc9d1d,PUR_IED_Sago_auditorio_dc9d1d,,,,,
2026-09-12T14:51:07-05:00,PUR_IED_Saludcoop_Ext_95aac3,PUR_IED_Saludcoop_Ext_95aac3,,,,,
2026-09-12T14:51:07-05:00,PUR_IED_Saludcoop_InfI_90c854,PUR_IED_Saludcoop_InfI_90c854,,,,,
2026-09-12T14:51:07-05:00,PUR_IED_Saludcoop_SMedia_1b93be,PUR_IED_Saludcoop_SMedia_1b93be,,,,,
2026-09-12T14:51:07-05:00,PUR_IED_SanCarlos_1101_1a2360,PUR_IED_SanCarlos_1101_1a2360,,,,,
2026-09-12T14:51:07-05:00,PUR_IED_SanCarlos_1103_7bafb5,PUR_IED_SanCarlos_1103_7bafb5,,,,,
2026-09-12T14:51:07-05:00,PUR_IED_SanCarlos_Ext_b7cd1,PUR_IED_SanCarlos_Ext_b7cd1,,,,,
2026-09-12T14:51:07-05:00,PUR_IED_SanIgnacioBosa11a_50c26e,PUR_IED_SanIgnacioBosa11a_50c26e,,,,,
2026-09-12T14:51:07-05:00,PUR_IED_SanIgnacioBosa11b_371de8,PUR_IED_SanIgnacioBosa11b_371de8,,,,,
2026-09-12T14:51:07-05:00,PUR_IED_SanIgnacioBosaExt_ef0ffc,PUR_IED_SanIgnacioBosaExt_ef0ffc,,,,,
2026-09-12T14:51:07-05:00,PUR_IED_SanIgnacioBosa_11a_50c26e,PUR_IED_SanIgnacioBosa_11a_50c26e,,,,,
2026-09-12T14:51:07-05:00,PUR_IED_SanIgnacioBosa_Ext_ef0ffc,PUR_IED_SanIgnacioBosa_Ext_ef0ffc,,,,,
2026-09-12T14:51:07-05:00,PUR_IED_SanJoseN_intS1101_31c47f,PUR_IED_SanJoseN_intS1101_31c47f,,,,,
2026-09-12T14:51:07-05:00,PUR_IED_SanJoseUsm_Exter_f5d7e8,PUR_IED_SanJoseUsm_Exter_f5d7e8,,,,,
2026-09-12T14:51:07-05:00,PUR_IED_SanJoseUsm_Int11A_cfdef6,PUR_IED_SanJoseUsm_Int11A_cfdef6,,,,,
2026-09-12T14:51:07-05:00,PUR_IED_SilveriaR_IntB5_905349,PUR_IED_SilveriaR_IntB5_905349,,,,,
2026-09-12T14:51:07-05:00,PUR_IED_SilveriaR_IntSD14_981f93,PUR_IED_SilveriaR_IntSD14_981f93,,,,,
2026-09-12T14:51:07-05:00,PUR_IED_SilveriaR_ext_2b651d,PUR_IED_SilveriaR_ext_2b651d,,,,,
2026-09-12T14:51:07-05:00,PUR_IED_SimonB_Exterior_913975,PUR_IED_SimonB_Exterior_913975,,,,,
2026-09-12T14:51:07-05:00,PUR_IED_SimonB_LabQuimi_c56908,PUR_IED_SimonB_LabQuimi_c56908,,,,,
2026-09-12T14:51:07-05:00,PUR_IED_SimonB_informatic_a28c1,PUR_IED_SimonB_informatic_a28c1,,,,,
2026-09-12T14:51:07-05:00,PUR_IED_Sorrento_1102_315f50,PUR_IED_Sorrento_1102_315f50,,,,,
2026-09-12T14:51:07-05:00,PUR_IED_Sorrento_Minte_214eab,PUR_IED_Sorrento_Minte_214eab,,,,,
2026-09-12T14:51:07-05:00,PUR_IED_Sorrento_ext_7c3a0a,PUR_IED_Sorrento_ext_7c3a0a,,,,,
2026-09-12T14:51:07-05:00,PUR_IED_Tabora_Ext_f048ae,PUR_IED_Tabora_Ext_f048ae,,,,,
2026-09-12T14:51:07-05:00,PUR_IED_Tabora_S1102_b07752,PUR_IED_Tabora_S1102_b07752,,,,,
2026-09-12T14:51:07-05:00,PUR_IED_Tabora_S1103_d988f5,PUR_IED_Tabora_S1103_d988f5,,,,,
2026-09-12T14:51:07-05:00,PUR_IED_Tenerife_Ext_1ab188,PUR_IED_Tenerife_Ext_1ab188,,,,,
2026-09-12T14:51:07-05:00,PUR_IED_Tenerife_SDanzas_7bc02e,PUR_IED_Tenerife_SDanzas_7bc02e,,,,,
2026-09-12T14:51:07-05:00,PUR_IED_Tenerife_SIngles_7cc277,PUR_IED_Tenerife_SIngles_7cc277,,,,,
2026-09-12T14:51:07-05:00,PUR_IED_Tibabuyes_Exter_f2683d,PUR_IED_Tibabuyes_Exter_f2683d,,,,,
2026-09-12T14:51:07-05:00,PUR_IED_Tibabuyes_S10_dc87a8,PUR_IED_Tibabuyes_S10_dc87a8,,,,,
2026-09-12T14:51:07-05:00,PUR_IED_Tibabuyes_S15_dc0526,PUR_IED_Tibabuyes_S15_dc0526,,,,,
2026-09-12T14:51:07-05:00,PUR_IED_UnionE_S301_a1043,PUR_IED_UnionE_S301_a1043,,,,,
2026-09-12T14:51:07-05:00,PUR_IED_UnionE_S307_ff6c2f,PUR_IED_UnionE_S307_ff6c2f,,,,,
2026-09-12T14:51:07-05:00,PUR_IED_UnionE__Ext_5e2468,PUR_IED_UnionE__Ext_5e2468,,,,,
2026-09-12T14:51:07-05:00,PUR_IED_VillaRica_Ext_75be7c,PUR_IED_VillaRica_Ext_75be7c,,,,,
2026-09-12T14:51:07-05:00,PUR_IED_VillaRica_S4_cc5dcd,PUR_IED_VillaRica_S4_cc5dcd,,,,,
2026-09-12T14:51:07-05:00,PUR_IED_VillaRica_Sesp_99f5c,PUR_IED_VillaRica_Sesp_99f5c,,,,,
2026-09-12T14:56:07-05:00,PUR_IED_20deJulio_1101_91b1b9,PUR_IED_20deJulio_1101_91b1b9,,,,,
2026-09-12T14:56:07-05:00,PUR_IED_20deJulio_1102_1cfcf9,PUR_IED_20deJulio_1102_1cfcf9,,,,,
2026-09-12T14:56:07-05:00,PUR_IED_20deJulio_Ext_ab60bd,PUR_IED_20deJulio_Ext_ab60bd,,,,,
2026-09-12T14:56:07-05:00,PUR_IED_AgustinFer_Ext_7b9b77,PUR_IED_AgustinFer_Ext_7b9b77,,,,,
2026-09-12T14:56:07-05:00,PUR_IED_AgustinFer_Info2_27b3a7,PUR_IED_AgustinFer_Info2_27b3a7,,,,,
2026-09-12T14:56:07-05:00,PUR_IED_AgustinFer_Sena_54b4eb,PUR_IED_AgustinFer_Sena_54b4eb,,,,,
2026-09-12T14:56:07-05:00,PUR_IED_AlexanderF_1102_caf07b,PUR_IED_AlexanderF_1102_caf07b,,,,,
2026-09-12T14:56:07-05:00,PUR_IED_AlexanderF_1103_c79e71,PUR_IED_AlexanderF_1103_c79e71,,,,,
2026-09-12T14:56:07-05:00,PUR_IED_AlexanderF_Ext_c5b18b,PUR_IED_AlexanderF_Ext_c5b18b,,,,,
2026-09-12T14:56:07-05:00,PUR_IED_AlfonsoLopez_Ext_281d77,PUR_IED_AlfonsoLopez_Ext_281d77,,,,,
2026-09-12T14:56:07-05:00,PUR_IED_AlfonsoLopez_LabF_888ce0,PUR_IED_AlfonsoLopez_LabF_888ce0,,,,,
2026-09-12T14:56:07-05:00,PUR_IED_AlfonsoLopez_SMed_df6a7f,PUR_IED_AlfonsoLopez_SMed_df6a7f,,,,,
2026-09-12T14:56:07-05:00,PUR_IED_AltamiraSO_A2_209f92,PUR_IED_AltamiraSO_A2_209f92,,,,,
2026-09-12T14:56:07-05:00,PUR_IED_AltamiraSO_Ext_186d66,PUR_IED_AltamiraSO_Ext_186d66,,,,,
2026-09-12T14:56:07-05:00,PUR_IED_AltamiraSO_Sistem_27afe1,PUR_IED_AltamiraSO_Sistem_27afe1,,,,,
2026-09-12T14:56:07-05:00,PUR_IED_AlvaroGom_LabQuim_813179,PUR_IED_AlvaroGom_LabQuim_813179,,,,,
2026-09-12T14:56:07-05:00,PUR_IED_AlvaroGomez_Ext_47c7ca,PUR_IED_AlvaroGomez_Ext_47c7ca,,,,,
2026-09-12T14:56:07-05:00,PUR_IED_AlvaroGomez_LabQuim_813179,PUR_IED_AlvaroGomez_LabQuim_813179,,,,,
2026-09-12T14:56:07-05:00,PUR_IED_AlvaroGomez_S23_7ba89f,PUR_IED_AlvaroGomez_S23_7ba89f,,,,,
2026-09-12T14:56:07-05:00,PUR_IED_Amistad_306_dc8728,PUR_IED_Amistad_306_dc8728,,,,,
2026-09-12T14:56:07-05:00,PUR_IED_Amistad_Ext_8cd55e,PUR_IED_Amistad_Ext_8cd55e,,,,,
2026-09-12T14:56:07-05:00,PUR_IED_Amistad_S202_a41169,PUR_IED_Amistad_S202_a41169,,,,,
2026-09-12T14:56:07-05:00,PUR_IED_AndresBello_Bio_fd5f5e,PUR_IED_AndresBello_Bio_fd5f5e,,,,,
2026-09-12T14:56:07-05:00,PUR_IED_AndresBello_ext_dcad65,PUR_IED_AndresBello_ext_dcad65,,,,,
2026-09-12T14:56:07-05:00,PUR_IED_AndresBello_port_eed3ec,PUR_IED_AndresBello_port_eed3ec,,,,,
2026-09-12T14:56:07-05:00,PUR_IED_AngelaR_11b_d90a6b,PUR_IED_AngelaR_11b_d90a6b,,,,,
2026-09-12T14:56:07-05:00,PUR_IED_AngelaR_ext_7cad3e,PUR_IED_AngelaR_ext_7cad3e,2,22,53,4.5825,-74.164497
2026-09-12T14:56:07-05:00,PUR_IED_AntJoseSucre_10mo_df2575,PUR_IED_AntJoseSucre_10mo_df2575,,,,,
2026-09-12T14:56:07-05:00,PUR_IED_AntJoseSucre_Ext_215b36,PUR_IED_AntJoseSucre_Ext_215b36,,,,,
2026-09-12T14:56:07-05:00,PUR_IED_AntJoseSucre_Lab_3139de,PUR_IED_AntJoseSucre_Lab_3139de,,,,,
2026-09-12T14:56:07-05:00,PUR_IED_AntonioGarcia_301_d6b188,PUR_IED_AntonioGarcia_301_d6b188,,,,,
2026-09-12T14:56:07-05:00,PUR_IED_AntonioGarcia_302_88a82,PUR_IED_AntonioGarcia_302_88a82,,,,,
2026-09-12T14:56:07-05:00,PUR_IED_AntonioGarcia_Ext_20950c,PUR_IED_AntonioGarcia_Ext_20950c,,,,,
2026-09-12T14:56:07-05:00,PUR_IED_AntonioVan_Aula2_6dea02,PUR_IED_AntonioVan_Aula2_6dea02,,,,,
2026-09-12T14:56:07-05:00,PUR_IED_AntonioVan_Aula5_f1557e,PUR_IED_AntonioVan_Aula5_f1557e,,,,,
2026-09-12T14:56:07-05:00,PUR_IED_AntonioVan_Ext_406f2f,PUR_IED_AntonioVan_Ext_406f2f,,,,,
2026-09-12T14:56:07-05:00,PUR_IED_Atabanzha_Ext_cc5af9,PUR_IED_Atabanzha_Ext_cc5af9,,,,,
2026-09-12T14:56:07-05:00,PUR_IED_Atabanzha_SA101_56c37,PUR_IED_Atabanzha_SA101_56c37,,,,,
2026-09-12T14:56:07-05:00,PUR_IED_Atabanzha_SB302_27b374,PUR_IED_Atabanzha_SB302_27b374,,,,,
2026-09-12T14:56:07-05:00,PUR_IED_Atahualpa_Ext_fc1748,PUR_IED_Atahualpa_Ext_fc1748,,,,,
2026-09-12T14:56:07-05:00,PUR_IED_Atahualpa_Informa_dc9a95,PUR_IED_Atahualpa_Informa_dc9a95,,,,,
2026-09-12T14:56:07-05:00,PUR_IED_Atahualpa_S1101_f98056,PUR_IED_Atahualpa_S1101_f98056,,,,,
2026-09-12T14:56:07-05:00,PUR_IED_Bellavista_Ext_f5aa74,PUR_IED_Bellavista_Ext_f5aa74,,,,,
2026-09-12T14:56:07-05:00,PUR_IED_Bilbao_11A_916c41,PUR_IED_Bilbao_11A_916c41,,,,,
2026-09-12T14:56:07-05:00,PUR_IED_Bilbao_Ext_fb579a,PUR_IED_Bilbao_Ext_fb579a,,,,,
2026-09-12T14:56:07-05:00,PUR_IED_BrasiliaU_A125_304280,PUR_IED_BrasiliaU_A125_304280,,,,,
2026-09-12T14:56:07-05:00,PUR_IED_BrasiliaU_A203_7c8ca5,PUR_IED_BrasiliaU_A203_7c8ca5,,,,,
2026-09-12T14:56:07-05:00,PUR_IED_BrasiliaU_Ext_8d6e9f,PUR_IED_BrasiliaU_Ext_8d6e9f,3,21,51,4.5175,-74.116302
2026-09-12T14:56:07-05:00,PUR_IED_Brasilia_Ext_fe6593,PUR_IED_Brasilia_Ext_fe6593,,,,,
2026-09-12T14:56:07-05:00,PUR_IED_Brasilia_S24_7c130d,PUR_IED_Brasilia_S24_7c130d,,,,,
2026-09-12T14:56:07-05:00,PUR_IED_Brasilia_S501_186a54,PUR_IED_Brasilia_S501_186a54,,,,,
2026-09-12T14:56:07-05:00,PUR_IED_CHARRY_EXT_f1d5cd,PUR_IED_CHARRY_EXT_f1d5cd,,,,,
2026-09-12T14:56:07-05:00,PUR_IED_CHARRY_INTDANZAS_7a08e6,PUR_IED_CHARRY_INTDANZAS_7a08e6,,,,,
2026-09-12T14:56:07-05:00,PUR_IED_CHARRY_INT_AULA20_dc998d,PUR_IED_CHARRY_INT_AULA20_dc998d,,,,,
2026-09-12T14:56:07-05:00,PUR_IED_COLVIV_1101_S25_7f520a,PUR_IED_COLVIV_1101_S25_7f520a,,,,,
2026-09-12T14:56:07-05:00,PUR_IED_COLVIV_1102_S16_f570ba,PUR_IED_COLVIV_1102_S16_f570ba,,,,,
2026-09-12T14:56:07-05:00,PUR_IED_COLVIV_Ext_1a26fa,PUR_IED_COLVIV_Ext_1a26fa,,,,,
2026-09-12T14:56:07-05:00,PUR_IED_CULPOP_301A_f660f3,PUR_IED_CULPOP_301A_f660f3,,,,,
2026-09-12T14:56:07-05:00,PUR_IED_CULPOP_303_568afe,PUR_IED_CULPOP_303_568afe,,,,,
2026-09-12T14:56:07-05:00,PUR_IED_CULPOP_Ext_e02ccb,PUR_IED_CULPOP_Ext_e02ccb,,,,,
2026-09-12T14:56:07-05:00,PUR_IED_CVillavicen_Ext_26eb58,PUR_IED_CVillavicen_Ext_26eb58,2,17,70,4.487,-74.102798
2026-09-12T14:56:07-05:00,PUR_IED_CVillavicen_Intel_1ce5c2,PUR_IED_CVillavicen_Intel_1ce5c2,,,,,
2026-09-12T14:56:07-05:00,PUR_IED_CVillavicen_Poliv_e0766c,PUR_IED_CVillavicen_Poliv_e0766c,,,,,
2026-09-12T14:56:07-05:00,PUR_IED_CVillavicen_int_1ba140,PUR_IED_CVillavicen_int_1ba140,,,,,
2026-09-12T14:56:07-05:00,PUR_IED_CVillavicen_intel_1ba140,PUR_IED_CVillavicen_intel_1ba140,,,,,
2026-09-12T14:56:07-05:00,PUR_IED_CarlosPizarro_Ext_e307cc,PUR_IED_CarlosPizarro_Ext_e307cc,,,,,
2026-09-12T14:56:07-05:00,PUR_IED_CarlosPizarro_L36_7e5cdb,PUR_IED_CarlosPizarro_L36_7e5cdb,,,,,
2026-09-12T14:56:07-05:00,PUR_IED_CarlosPizarro_L37_c8566c,PUR_IED_CarlosPizarro_L37_c8566c,,,,,
2026-09-12T14:56:07-05:00,PUR_IED_Castilla_Ext_cf35f,PUR_IED_Castilla_Ext_cf35f,,,,,
2026-09-12T14:56:07-05:00,PUR_IED_Castilla_SFisik_360e38,PUR_IED_Castilla_SFisik_360e38,,,,,
2026-09-12T14:56:07-05:00,PUR_IED_Castilla_Sc304_496fbf,PUR_IED_Castilla_Sc304_496fbf,,,,,
2026-09-12T14:56:07-05:00,PUR_IED_CervantesSa_Ext_6b57b,PUR_IED_CervantesSa_Ext_6b57b,2,21,58,4.5128,-74.117203
2026-09-12T14:56:07-05:00,PUR_IED_CervantesSa_S107_225c2b,PUR_IED_CervantesSa_S107_225c2b,,,,,
2026-09-12T14:56:07-05:00,PUR_IED_CervantesSa_S108_940925,PUR_IED_CervantesSa_S108_940925,,,,,
2026-09-12T14:56:07-05:00,PUR_IED_Charry_A20_f53e7c,PUR_IED_Charry_A20_f53e7c,,,,,
2026-09-12T14:56:07-05:00,PUR_IED_Charry_Ext_f1d5cd,PUR_IED_Charry_Ext_f1d5cd,,,,,
2026-09-12T14:56:07-05:00,PUR_IED_Charry_IntAula20_dc998d,PUR_IED_Charry_IntAula20_dc998d,,,,,
2026-09-12T14:56:07-05:00,PUR_IED_Charry_IntDanzas_7a08e6,PUR_IED_Charry_IntDanzas_7a08e6,,,,,
2026-09-12T14:56:07-05:00,PUR_IED_ClememciaC_203_43e2fc,PUR_IED_ClememciaC_203_43e2fc,,,,,
2026-09-12T14:56:07-05:00,PUR_IED_ClememciaC_Ext_1b411a,PUR_IED_ClememciaC_Ext_1b411a,,,,,
2026-09-12T14:56:07-05:00,PUR_IED_ClememciaC_Quimic_44b5fc,PUR_IED_ClememciaC_Quimic_44b5fc,,,,,
2026-09-12T14:56:07-05:00,PUR_IED_ClemenciaC_203_43e2fc,PUR_IED_ClemenciaC_203_43e2fc,,,,,
2026-09-12T14:56:07-05:00,PUR_IED_ClemenciaC_Ext_1b411a,PUR_IED_ClemenciaC_Ext_1b411a,,,,,
2026-09-12T14:56:07-05:00,PUR_IED_ClemenciaC_Quimic_44b5fc,PUR_IED_ClemenciaC_Quimic_44b5fc,,,,,
2026-09-12T14:56:07-05:00,PUR_IED_ColViva_1101_S25_7f520a,PUR_IED_ColViva_1101_S25_7f520a,,,,,
2026-09-12T14:56:07-05:00,PUR_IED_ColViva_1102_S16_f570ba,PUR_IED_ColViva_1102_S16_f570ba,,,,,
2026-09-12T14:56:07-05:00,PUR_IED_ColViva_Ext_1a26fa,PUR_IED_ColViva_Ext_1a26fa,,,,,
2026-09-12T14:56:07-05:00,PUR_IED_ColegioBici_Asist_7c8798,PUR_IED_ColegioBici_Asist_7c8798,,,,,
2026-09-12T14:56:07-05:00,PUR_IED_ColegioBici_Ext_25cbf6,PUR_IED_ColegioBici_Ext_25cbf6,,,,,
2026-09-12T14:56:07-05:00,PUR_IED_ColegioBici_LabQ_7b57db,PUR_IED_ColegioBici_LabQ_7b57db,,,,,
2026-09-12T14:56:07-05:00,PUR_IED_CostaRica_Ext_5e640,PUR_IED_CostaRica_Ext_5e640,,,,,
2026-09-12T14:56:07-05:00,PUR_IED_CostaRica_Quim1_766d1c,PUR_IED_CostaRica_Quim1_766d1c,,,,,
2026-09-12T14:56:07-05:00,PUR_IED_CostaRica__Fisica_6f0873,PUR_IED_CostaRica__Fisica_6f0873,,,,,
2026-09-12T14:56:07-05:00,PUR_IED_CulPopu_301A_f660f3,PUR_IED_CulPopu_301A_f660f3,,,,,
2026-09-12T14:56:07-05:00,PUR_IED_CulPopu_303_568afe,PUR_IED_CulPopu_303_568afe,,,,,
2026-09-12T14:56:07-05:00,PUR_IED_CulPopu_Ext_e02ccb,PUR_IED_CulPopu_Ext_e02ccb,,,,,
2026-09-12T14:56:07-05:00,PUR_IED_Cundinamarca_Ext_f15985,PUR_IED_Cundinamarca_Ext_f15985,,,,,
2026-09-12T14:56:07-05:00,PUR_IED_Cundinamarca_Info_7aa5d7,PUR_IED_Cundinamarca_Info_7aa5d7,,,,,
2026-09-12T14:56:07-05:00,PUR_IED_Cundinamarca_Tec2_f449c7,PUR_IED_Cundinamarca_Tec2_f449c7,,,,,
2026-09-12T14:56:07-05:00,PUR_IED_DiegoM_Aula1_27b314,PUR_IED_DiegoM_Aula1_27b314,,,,,
2026-09-12T14:56:07-05:00,PUR_IED_DiegoM_Ext_d80ac8,PUR_IED_DiegoM_Ext_d80ac8,,,,,
2026-09-12T14:56:07-05:00,PUR_IED_DiegoM_S25_da928f,PUR_IED_DiegoM_S25_da928f,,,,,
2026-09-12T14:56:07-05:00,PUR_IED_ELRODEO_360881,PUR_IED_ELRODEO_360881,,,,,
2026-09-12T14:56:07-05:00,PUR_IED_ELRODEO_ext_360881,PUR_IED_ELRODEO_ext_360881,,,,,
2026-09-12T14:56:07-05:00,PUR_IED_EduardoU_Ext_1c1969,PUR_IED_EduardoU_Ext_1c1969,,,,,
2026-09-12T14:56:07-05:00,PUR_IED_EduardoU_SCiencia_4dfb94,PUR_IED_EduardoU_SCiencia_4dfb94,,,,,
2026-09-12T14:56:07-05:00,PUR_IED_EduardoU_SQuimica_5a46e7,PUR_IED_EduardoU_SQuimica_5a46e7,,,,,
2026-09-12T14:56:07-05:00,PUR_IED_ElRodeo_Aula14_676984,PUR_IED_ElRodeo_Aula14_676984,,,,,
2026-09-12T14:56:07-05:00,PUR_IED_ElRodeo_Aula16_2dd35b,PUR_IED_ElRodeo_Aula16_2dd35b,,,,,
2026-09-12T14:56:07-05:00,PUR_IED_ElRodeo_Ext_360881,PUR_IED_ElRodeo_Ext_360881,,,,,
2026-09-12T14:56:07-05:00,PUR_IED_ElRodeo_Exterior_8c6d28,PUR_IED_ElRodeo_Exterior_8c6d28,,,,,
2026-09-12T14:56:07-05:00,PUR_IED_ElRodeo_ext_360881,PUR_IED_ElRodeo_ext_360881,,,,,
2026-09-12T14:56:07-05:00,PUR_IED_EmmaReyes_Ext_987625,PUR_IED_EmmaReyes_Ext_987625,3,22,47,4.6367,-74.1511
2026-09-12T14:56:07-05:00,PUR_IED_Ensueño_Ext_7f0250,PUR_IED_Ensueño_Ext_7f0250,,,,,
2026-09-12T14:56:07-05:00,PUR_IED_EscNormal_Ext_5fef3b,PUR_IED_EscNormal_Ext_5fef3b,2,22,51,4.5852,-74.096901
2026-09-12T14:56:07-05:00,PUR_IED_EscNormal_S309_5b263,PUR_IED_EscNormal_S309_5b263,,,,,
2026-09-12T14:56:07-05:00,PUR_IED_EscNormal_S310_27b3b8,PUR_IED_EscNormal_S310_27b3b8,,,,,
2026-09-12T14:56:07-05:00,PUR_IED_Evangelista_Conta_f6cd4f,PUR_IED_Evangelista_Conta_f6cd4f,,,,,
2026-09-12T14:56:07-05:00,PUR_IED_Evangelista_Cri_5e16a,PUR_IED_Evangelista_Cri_5e16a,,,,,
2026-09-12T14:56:07-05:00,PUR_IED_Evangelista_Exter_754066,PUR_IED_Evangelista_Exter_754066,,,,,
2026-09-12T14:56:07-05:00,PUR_IED_FMiranda_S209_5cc2a3,PUR_IED_FMiranda_S209_5cc2a3,,,,,
2026-09-12T14:56:07-05:00,PUR_IED_FMiranda_S303_19e344,PUR_IED_FMiranda_S303_19e344,,,,,
2026-09-12T14:56:07-05:00,PUR_IED_FMiranda_ext_f53e7c,PUR_IED_FMiranda_ext_f53e7c,,,,,
2026-09-12T14:56:07-05:00,PUR_IED_FabioLozano_Bibli_1cee05,PUR_IED_FabioLozano_Bibli_1cee05,,,,,
2026-09-12T14:56:07-05:00,PUR_IED_FabioLozano_Ext_6ea285,PUR_IED_FabioLozano_Ext_6ea285,,,,,
2026-09-12T14:56:07-05:00,PUR_IED_FabioLozano_SLudi_f09e1e,PUR_IED_FabioLozano_SLudi_f09e1e,,,,,
2026-09-12T14:56:07-05:00,PUR_IED_FaustinoS_Aula07_27a731,PUR_IED_FaustinoS_Aula07_27a731,,,,,
2026-09-12T14:56:07-05:00,PUR_IED_FaustinoS_Ext_7b936f,PUR_IED_FaustinoS_Ext_7b936f,,,,,
2026-09-12T14:56:07-05:00,PUR_IED_FaustinoS_Fisica_da2c60,PUR_IED_FaustinoS_Fisica_da2c60,,,,,
2026-09-12T14:56:07-05:00,PUR_IED_FeGarciaLo_Ext_dc68ee,PUR_IED_FeGarciaLo_Ext_dc68ee,,,,,
2026-09-12T14:56:07-05:00,PUR_IED_FeGarciaLo_SDanza_f70a59,PUR_IED_FeGarciaLo_SDanza_f70a59,,,,,
2026-09-12T14:56:07-05:00,PUR_IED_FeGarciaLo_SMusic_125cdd,PUR_IED_FeGarciaLo_SMusic_125cdd,,,,,
2026-09-12T14:56:07-05:00,PUR_IED_FederalAlema_Exte_50c345,PUR_IED_FederalAlema_Exte_50c345,,,,,
2026-09-12T14:56:07-05:00,PUR_IED_FederalAlema_S31_f18371,PUR_IED_FederalAlema_S31_f18371,,,,,
2026-09-12T14:56:07-05:00,PUR_IED_FederalAlema_S901_a62cd,PUR_IED_FederalAlema_S901_a62cd,,,,,
2026-09-12T14:56:07-05:00,PUR_IED_FilarmonicaS_A5_f35eb1,PUR_IED_FilarmonicaS_A5_f35eb1,,,,,
2026-09-12T14:56:07-05:00,PUR_IED_FilarmonicaS_Ext_8a3bde,PUR_IED_FilarmonicaS_Ext_8a3bde,,,,,
2026-09-12T14:56:07-05:00,PUR_IED_FilarmonicaS_Spol_406114,PUR_IED_FilarmonicaS_Spol_406114,,,,,
2026-09-12T14:56:07-05:00,PUR_IED_FlorentinoG_A13_d1fa59,PUR_IED_FlorentinoG_A13_d1fa59,,,,,
2026-09-12T14:56:07-05:00,PUR_IED_FlorentinoG_Ext_1ce6ce,PUR_IED_FlorentinoG_Ext_1ce6ce,,,,,
2026-09-12T14:56:07-05:00,PUR_IED_FlorentinoG_Idiom_a66aac,PUR_IED_FlorentinoG_Idiom_a66aac,,,,,
2026-09-12T14:56:07-05:00,PUR_IED_FranciscoMati_Ext_e3869d,PUR_IED_FranciscoMati_Ext_e3869d,,,,,
2026-09-12T14:56:07-05:00,PUR_IED_FranciscoMati_S13_f31c67,PUR_IED_FranciscoMati_S13_f31c67,,,,,
2026-09-12T14:56:07-05:00,PUR_IED_FranciscoMati_S14_97dead,PUR_IED_FranciscoMati_S14_97dead,,,,,
2026-09-12T14:56:07-05:00,PUR_IED_FranciscoPS_Ext_7bfa9a,PUR_IED_FranciscoPS_Ext_7bfa9a,2,22,52,4.5899,-74.110397
2026-09-12T14:56:07-05:00,PUR_IED_FranciscoPS_Infor_fb8f4c,PUR_IED_FranciscoPS_Infor_fb8f4c,,,,,
2026-09-12T14:56:07-05:00,PUR_IED_FranciscoPS_Quimi_94d39c,PUR_IED_FranciscoPS_Quimi_94d39c,,,,,
2026-09-12T14:56:07-05:00,PUR_IED_FranciscoP_LabQ_d7e148,PUR_IED_FranciscoP_LabQ_d7e148,,,,,
2026-09-12T14:56:07-05:00,PUR_IED_FranciscoP_S28_cf9b30,PUR_IED_FranciscoP_S28_cf9b30,,,,,
2026-09-12T14:56:07-05:00,PUR_IED_FranciscoP_ext_e2313,PUR_IED_FranciscoP_ext_e2313,,,,,
2026-09-12T14:56:07-05:00,PUR_IED_FriederichN_Ext_8ac92a,PUR_IED_FriederichN_Ext_8ac92a,,,,,
2026-09-12T14:56:07-05:00,PUR_IED_FriederichN_S301_dd7e5a,PUR_IED_FriederichN_S301_dd7e5a,,,,,
2026-09-12T14:56:07-05:00,PUR_IED_FriederichN_S308_761f4f,PUR_IED_FriederichN_S308_761f4f,,,,,
2026-09-12T14:56:07-05:00,PUR_IED_GSantander_Aula10_533dd7,PUR_IED_GSantander_Aula10_533dd7,,,,,
2026-09-12T14:56:07-05:00,PUR_IED_GSantander_Aula12_fd4e4f,PUR_IED_GSantander_Aula12_fd4e4f,,,,,
2026-09-12T14:56:07-05:00,PUR_IED_GSantander_Aula310_533dd7,PUR_IED_GSantander_Aula310_533dd7,,,,,
2026-09-12T14:56:07-05:00,PUR_IED_GSantander_Aula312_fd4e4f,PUR_IED_GSantander_Aula312_fd4e4f,,,,,
2026-09-12T14:56:07-05:00,PUR_IED_GSantander_Ext_5f66b0,PUR_IED_GSantander_Ext_5f66b0,,,,,
2026-09-12T14:56:07-05:00,PUR_IED_GYomasa_Ext_f6bea5,PUR_IED_GYomasa_Ext_f6bea5,,,,,
2026-09-12T14:56:07-05:00,PUR_IED_GYomasa_LBiol_2c41aa,PUR_IED_GYomasa_LBiol_2c41aa,,,,,
2026-09-12T14:56:07-05:00,PUR_IED_GYomasa_LQuim_33c80,PUR_IED_GYomasa_LQuim_33c80,,,,,
2026-09-12T14:56:07-05:00,PUR_IED_GabBetMejia_Cienc_5a99c,PUR_IED_GabBetMejia_Cienc_5a99c,,,,,
2026-09-12T14:56:07-05:00,PUR_IED_GabBetMejia_Ext_9153d0,PUR_IED_GabBetMejia_Ext_9153d0,,,,,
2026-09-12T14:56:07-05:00,PUR_IED_GabBetMejia_Lab_f55347,PUR_IED_GabBetMejia_Lab_f55347,,,,,
2026-09-12T14:56:07-05:00,PUR_IED_GabBetanMejia_Ext_9153d0,PUR_IED_GabBetanMejia_Ext_9153d0,,,,,
2026-09-12T14:56:07-05:00,PUR_IED_Gaitana_Aula13_7aac11,PUR_IED_Gaitana_Aula13_7aac11,,,,,
2026-09-12T14:56:07-05:00,PUR_IED_Gaitana_Ext_5fcf4,PUR_IED_Gaitana_Ext_5fcf4,,,,,
2026-09-12T14:56:07-05:00,PUR_IED_Gaitana_LabFisica_644448,PUR_IED_Gaitana_LabFisica_644448,,,,,
2026-09-12T14:56:07-05:00,PUR_IED_GenSantander_Dise_8ac858,PUR_IED_GenSantander_Dise_8ac858,,,,,
2026-09-12T14:56:07-05:00,PUR_IED_GenSantander_Ext_8d5dfe,PUR_IED_GenSantander_Ext_8d5dfe,,,,,
2026-09-12T14:56:07-05:00,PUR_IED_GenSantander_Info_6c25b,PUR_IED_GenSantander_Info_6c25b,,,,,
2026-09-12T14:56:07-05:00,PUR_IED_GustavoMo_Exterio_75e63d,PUR_IED_GustavoMo_Exterio_75e63d,,,,,
2026-09-12T14:56:07-05:00,PUR_IED_GustavoMo_LabFisi_224d37,PUR_IED_GustavoMo_LabFisi_224d37,,,,,
2026-09-12T14:56:07-05:00,PUR_IED_GustavoMo_S208_3e6918,PUR_IED_GustavoMo_S208_3e6918,,,,,
2026-09-12T14:56:07-05:00,PUR_IED_GustavoR_A02_8cd4a8,PUR_IED_GustavoR_A02_8cd4a8,,,,,
2026-09-12T14:56:07-05:00,PUR_IED_GustavoR_B11_5b0ed,PUR_IED_GustavoR_B11_5b0ed,,,,,
2026-09-12T14:56:07-05:00,PUR_IED_GustavoR_Ext_7a0c90,PUR_IED_GustavoR_Ext_7a0c90,,,,,
2026-09-12T14:56:07-05:00,PUR_IED_HernandoDuran_Ext_8cd82b,PUR_IED_HernandoDuran_Ext_8cd82b,,,,,
2026-09-12T14:56:07-05:00,PUR_IED_HernandoDuran_S24_2772c6,PUR_IED_HernandoDuran_S24_2772c6,,,,,
2026-09-12T14:56:07-05:00,PUR_IED_HernandoDuran_S30_f2de41,PUR_IED_HernandoDuran_S30_f2de41,,,,,
2026-09-12T14:56:07-05:00,PUR_IED_HolguInUr_S1101_8cd732,PUR_IED_HolguInUr_S1101_8cd732,,,,,
2026-09-12T14:56:07-05:00,PUR_IED_HolguinUr_Exter_ddae6d,PUR_IED_HolguinUr_Exter_ddae6d,,,,,
2026-09-12T14:56:07-05:00,PUR_IED_HolguinUr_LabQuim_92b952,PUR_IED_HolguinUr_LabQuim_92b952,,,,,
2026-09-12T14:56:07-05:00,PUR_IED_Isabel-II_Ext_5245cc,PUR_IED_Isabel-II_Ext_5245cc,2,20,51,4.6336,-74.153
2026-09-12T14:56:07-05:00,PUR_IED_Isabel-II_S_idiom_1c29aa,PUR_IED_Isabel-II_S_idiom_1c29aa,,,,,
2026-09-12T14:56:07-05:00,PUR_IED_Isabel-II_S_infor_fd741,PUR_IED_Isabel-II_S_infor_fd741,,,,,
2026-09-12T14:56:07-05:00,PUR_IED_IsidroSur_Exterio_5b90ea,PUR_IED_IsidroSur_Exterio_5b90ea,,,,,
2026-09-12T14:56:07-05:00,PUR_IED_IsidroSur_LabTec_56697a,PUR_IED_IsidroSur_LabTec_56697a,,,,,
2026-09-12T14:56:07-05:00,PUR_IED_IsidroSur_Robotic_b7c38f,PUR_IED_IsidroSur_Robotic_b7c38f,,,,,
2026-09-12T14:56:07-05:00,PUR_IED_IsmaelPerd_Ext_7b6672,PUR_IED_IsmaelPerd_Ext_7b6672,,,,,
2026-09-12T14:56:07-05:00,PUR_IED_IsmaelPerd_Inform_306540,PUR_IED_IsmaelPerd_Inform_306540,,,,,
2026-09-12T14:56:07-05:00,PUR_IED_IsmaelPerd_S30_2e2c83,PUR_IED_IsmaelPerd_S30_2e2c83,,,,,
2026-09-12T14:56:07-05:00,PUR_IED_JLozano_Exter_432910,PUR_IED_JLozano_Exter_432910,,,,,
2026-09-12T14:56:07-05:00,PUR_IED_JLozano_salaMulti_df5125,PUR_IED_JLozano_salaMulti_df5125,,,,,
2026-09-12T14:56:07-05:00,PUR_IED_JMCordoba_206_86f80b,PUR_IED_JMCordoba_206_86f80b,,,,,
2026-09-12T14:56:07-05:00,PUR_IED_JMCordoba_Ext_27ad97,PUR_IED_JMCordoba_Ext_27ad97,,,,,
2026-09-12T14:56:07-05:00,PUR_IED_JMCordoba_S310_d59ab4,PUR_IED_JMCordoba_S310_d59ab4,,,,,
2026-09-12T14:56:07-05:00,PUR_IED_Japon_Ext_549100,PUR_IED_Japon_Ext_549100,,,,,
2026-09-12T14:56:07-05:00,PUR_IED_Japon_Laboratorio_bec51d,PUR_IED_Japon_Laboratorio_bec51d,,,,,
2026-09-12T14:56:07-05:00,PUR_IED_Japon_informatica_d99327,PUR_IED_Japon_informatica_d99327,,,,,
2026-09-12T14:56:07-05:00,PUR_IED_Jazmin_Ext_d27bda,PUR_IED_Jazmin_Ext_d27bda,,,,,
2026-09-12T14:56:07-05:00,PUR_IED_Jazmin_Fisica_8d14d7,PUR_IED_Jazmin_Fisica_8d14d7,,,,,
2026-09-12T14:56:07-05:00,PUR_IED_Jazmin_Quimica_801cb5,PUR_IED_Jazmin_Quimica_801cb5,,,,,
2026-09-12T14:56:07-05:00,PUR_IED_JorgeGaitan_Exter_f098d1,PUR_IED_JorgeGaitan_Exter_f098d1,,,,,
2026-09-12T14:56:07-05:00,PUR_IED_JorgeGaitan_STec1_dc9d1d,PUR_IED_JorgeGaitan_STec1_dc9d1d,,,,,
2026-09-12T14:56:07-05:00,PUR_IED_JorgeGaitan_STec2_281e69,PUR_IED_JorgeGaitan_STec2_281e69,,,,,
2026-09-12T14:56:07-05:00,PUR_IED_JorgeSoto_Exterio_d9d0a2,PUR_IED_JorgeSoto_Exterio_d9d0a2,,,,,
2026-09-12T14:56:07-05:00,PUR_IED_JorgeSoto_LabFisi_209c54,PUR_IED_JorgeSoto_LabFisi_209c54,,,,,
2026-09-12T14:56:07-05:00,PUR_IED_JorgeSoto_S103_27b51a,PUR_IED_JorgeSoto_S103_27b51a,,,,,
2026-09-12T14:56:07-05:00,PUR_IED_JoseAcevedo_A02_e965eb,PUR_IED_JoseAcevedo_A02_e965eb,,,,,
2026-09-12T14:56:07-05:00,PUR_IED_JoseAcevedo_A07_dd5b4,PUR_IED_JoseAcevedo_A07_dd5b4,,,,,
2026-09-12T14:56:07-05:00,PUR_IED_JoseAcevedo_Ext_b47484,PUR_IED_JoseAcevedo_Ext_b47484,,,,,
2026-09-12T14:56:07-05:00,PUR_IED_JoseMarti_Exte_5b9bf,PUR_IED_JoseMarti_Exte_5b9bf,,,,,
2026-09-12T14:56:07-05:00,PUR_IED_JoseMarti_LabQuim_1c6c2d,PUR_IED_JoseMarti_LabQuim_1c6c2d,,,,,
2026-09-12T14:56:07-05:00,PUR_IED_JoseMarti_S_info_f5f177,PUR_IED_JoseMarti_S_info_f5f177,,,,,
2026-09-12T14:56:07-05:00,PUR_IED_Josejoaquin_Ext_dfc5dc,PUR_IED_Josejoaquin_Ext_dfc5dc,,,,,
2026-09-12T14:56:07-05:00,PUR_IED_Josejoaquin_S05_5b2a96,PUR_IED_Josejoaquin_S05_5b2a96,,,,,
2026-09-12T14:56:07-05:00,PUR_IED_Josejoaquin_S06_1ce7d2,PUR_IED_Josejoaquin_S06_1ce7d2,,,,,
2026-09-12T14:56:07-05:00,PUR_IED_JulioFlorez_Danza_9b82dd,PUR_IED_JulioFlorez_Danza_9b82dd,,,,,
2026-09-12T14:56:07-05:00,PUR_IED_JulioFlorez_Exter_f9f314,PUR_IED_JulioFlorez_Exter_f9f314,,,,,
2026-09-12T14:56:07-05:00,PUR_IED_JulioFlorez_info2_6b6e08,PUR_IED_JulioFlorez_info2_6b6e08,,,,,
2026-09-12T14:56:07-05:00,PUR_IED_LaBelleza_Aula13_1d00d8,PUR_IED_LaBelleza_Aula13_1d00d8,,,,,
2026-09-12T14:56:07-05:00,PUR_IED_LaBelleza_Ext_7bc08c,PUR_IED_LaBelleza_Ext_7bc08c,,,,,
2026-09-12T14:56:07-05:00,PUR_IED_LaChucua_Ext_8cd6d2,PUR_IED_LaChucua_Ext_8cd6d2,,,,,
2026-09-12T14:56:07-05:00,PUR_IED_LaChucua_S15_f578ce,PUR_IED_LaChucua_S15_f578ce,,,,,
2026-09-12T14:56:07-05:00,PUR_IED_LaChucua_S16_eebcf9,PUR_IED_LaChucua_S16_eebcf9,,,,,
2026-09-12T14:56:07-05:00,PUR_IED_LaFelicidad_Ext_fb5109,PUR_IED_LaFelicidad_Ext_fb5109,,,,,
2026-09-12T14:56:07-05:00,PUR_IED_LaMerced_206_66ebd,PUR_IED_LaMerced_206_66ebd,,,,,
2026-09-12T14:56:07-05:00,PUR_IED_LaMerced_207_6ebd6,PUR_IED_LaMerced_207_6ebd6,,,,,
2026-09-12T14:56:07-05:00,PUR_IED_LaMerced_ext_304311,PUR_IED_LaMerced_ext_304311,,,,,
2026-09-12T14:56:07-05:00,PUR_IED_Laureano_CiencNat_281e5e,PUR_IED_Laureano_CiencNat_281e5e,,,,,
2026-09-12T14:56:07-05:00,PUR_IED_Laureano_Comedor_f65c0a,PUR_IED_Laureano_Comedor_f65c0a,,,,,
2026-09-12T14:56:07-05:00,PUR_IED_Laureano_Exterior_7ab011,PUR_IED_Laureano_Exterior_7ab011,,,,,
2026-09-12T14:56:07-05:00,PUR_IED_LeonGreiff_Exte_dfe560,PUR_IED_LeonGreiff_Exte_dfe560,,,,,
2026-09-12T14:56:07-05:00,PUR_IED_LeonGreiff_S210_f264ed,PUR_IED_LeonGreiff_S210_f264ed,,,,,
2026-09-12T14:56:07-05:00,PUR_IED_LeonGreiff_SQuimi_e8296f,PUR_IED_LeonGreiff_SQuimi_e8296f,,,,,
2026-09-12T14:56:07-05:00,PUR_IED_LlanoOrientalS208_7b9fcd,PUR_IED_LlanoOrientalS208_7b9fcd,,,,,
2026-09-12T14:56:07-05:00,PUR_IED_LlanoOriental_Ext_fb3766,PUR_IED_LlanoOriental_Ext_fb3766,,,,,
2026-09-12T14:56:07-05:00,PUR_IED_LlanoOriental_S208_7b9fcd,PUR_IED_LlanoOriental_S208_7b9fcd,,,,,
2026-09-12T14:56:07-05:00,PUR_IED_LlanoOriental_S9_27b378,PUR_IED_LlanoOriental_S9_27b378,,,,,
2026-09-12T14:56:07-05:00,PUR_IED_LosTejares_1101_477602,PUR_IED_LosTejares_1101_477602,,,,,
2026-09-12T14:56:07-05:00,PUR_IED_LosTejares_11_d2c595,PUR_IED_LosTejares_11_d2c595,,,,,
2026-09-12T14:56:07-05:00,PUR_IED_LosTejares_12_477602,PUR_IED_LosTejares_12_477602,,,,,
2026-09-12T14:56:07-05:00,PUR_IED_LosTejares_Ext_8e2115,PUR_IED_LosTejares_Ext_8e2115,,,,,
2026-09-12T14:56:07-05:00,PUR_IED_MagdalenaO_B202_5ddda3,PUR_IED_MagdalenaO_B202_5ddda3,,,,,
2026-09-12T14:56:07-05:00,PUR_IED_MagdalenaO_B205_fb76e8,PUR_IED_MagdalenaO_B205_fb76e8,,,,,
2026-09-12T14:56:07-05:00,PUR_IED_MagdalenaO_ext_dc69cd,PUR_IED_MagdalenaO_ext_dc69cd,,,,,
2026-09-12T14:56:07-05:00,PUR_IED_ManueCepeda_artes_eee956,PUR_IED_ManueCepeda_artes_eee956,,,,,
2026-09-12T14:56:07-05:00,PUR_IED_ManuelCepeda_Ext_58313,PUR_IED_ManuelCepeda_Ext_58313,,,,,
2026-09-12T14:56:07-05:00,PUR_IED_ManuelCepeda_tec_1c5731,PUR_IED_ManuelCepeda_tec_1c5731,,,,,
2026-09-12T14:56:07-05:00,PUR_IED_ManuelS_Exterior_5b269,PUR_IED_ManuelS_Exterior_5b269,,,,,
2026-09-12T14:56:07-05:00,PUR_IED_ManuelS_Inform_f369ce,PUR_IED_ManuelS_Inform_f369ce,,,,,
2026-09-12T14:56:07-05:00,PUR_IED_ManuelS_SArtes_7d15f1,PUR_IED_ManuelS_SArtes_7d15f1,,,,,
2026-09-12T14:56:07-05:00,PUR_IED_ManuelZapata_303_3ca6,PUR_IED_ManuelZapata_303_3ca6,,,,,
2026-09-12T14:56:07-05:00,PUR_IED_ManuelZapata_311_bfbabc,PUR_IED_ManuelZapata_311_bfbabc,,,,,
2026-09-12T14:56:07-05:00,PUR_IED_ManuelZapata_Ext_50824a,PUR_IED_ManuelZapata_Ext_50824a,,,,,
2026-09-12T14:56:07-05:00,PUR_IED_ManuelitaS_Exteri_656a92,PUR_IED_ManuelitaS_Exteri_656a92,,,,,
2026-09-12T14:56:07-05:00,PUR_IED_ManuelitaS_JuzgDe_f58ec3,PUR_IED_ManuelitaS_JuzgDe_f58ec3,,,,,
2026-09-12T14:56:07-05:00,PUR_IED_ManuelitaS_Recrea_d793db,PUR_IED_ManuelitaS_Recrea_d793db,,,,,
2026-09-12T14:56:07-05:00,PUR_IED_MarFidSuarez_Ext_c27b19,PUR_IED_MarFidSuarez_Ext_c27b19,,,,,
2026-09-12T14:56:07-05:00,PUR_IED_MarFidSuarez_Info_e384d7,PUR_IED_MarFidSuarez_Info_e384d7,,,,,
2026-09-12T14:56:07-05:00,PUR_IED_MarFidSuarez_S306_1d0032,PUR_IED_MarFidSuarez_S306_1d0032,,,,,
2026-09-12T14:56:07-05:00,PUR_IED_Menorah_301_2a25a3,PUR_IED_Menorah_301_2a25a3,,,,,
2026-09-12T14:56:07-05:00,PUR_IED_Menorah_306_37ed3,PUR_IED_Menorah_306_37ed3,,,,,
2026-09-12T14:56:07-05:00,PUR_IED_Menorah_Ext_3e155b,PUR_IED_Menorah_Ext_3e155b,,,,,
2026-09-12T14:56:07-05:00,PUR_IED_MinutoB.Aires_A11_1b1604,PUR_IED_MinutoB.Aires_A11_1b1604,,,,,
2026-09-12T14:56:07-05:00,PUR_IED_MinutoB.Aires_A12_fb5860,PUR_IED_MinutoB.Aires_A12_fb5860,,,,,
2026-09-12T14:56:07-05:00,PUR_IED_MinutoB.Aires_Ext_81293f,PUR_IED_MinutoB.Aires_Ext_81293f,,,,,
2026-09-12T14:56:07-05:00,PUR_IED_MinutoBAires_A11_1b1604,PUR_IED_MinutoBAires_A11_1b1604,,,,,
2026-09-12T14:56:07-05:00,PUR_IED_MinutoBAires_A12_fb5860,PUR_IED_MinutoBAires_A12_fb5860,,,,,
2026-09-12T14:56:07-05:00,PUR_IED_MinutoBAires_Ext_81293f,PUR_IED_MinutoBAires_Ext_81293f,,,,,
2026-09-12T14:56:07-05:00,PUR_IED_Montreal_Aula10_1e4959,PUR_IED_Montreal_Aula10_1e4959,,,,,
2026-09-12T14:56:07-05:00,PUR_IED_Montreal_Aula6_300367,PUR_IED_Montreal_Aula6_300367,,,,,
2026-09-12T14:56:07-05:00,PUR_IED_Montreal_Exterior_91a179,PUR_IED_Montreal_Exterior_91a179,,,,,
2026-09-12T14:56:07-05:00,PUR_IED_Mqgdalena_B202_5ddda3,PUR_IED_Mqgdalena_B202_5ddda3,,,,,
2026-09-12T14:56:07-05:00,PUR_IED_NACUND_Soc_dc8728,PUR_IED_NACUND_Soc_dc8728,,,,,
2026-09-12T14:56:07-05:00,PUR_IED_NACUND_ext_27ad97,PUR_IED_NACUND_ext_27ad97,,,,,
2026-09-12T14:56:07-05:00,PUR_IED_NEsperanza_Ext_d24b61,PUR_IED_NEsperanza_Ext_d24b61,,,,,
2026-09-12T14:56:07-05:00,PUR_IED_NEsperanza_SElect_7d1807,PUR_IED_NEsperanza_SElect_7d1807,,,,,
2026-09-12T14:56:07-05:00,PUR_IED_NEsperanza_SLabor_8b2d0a,PUR_IED_NEsperanza_SLabor_8b2d0a,,,,,
2026-09-12T14:56:07-05:00,PUR_IED_NacionesU_Ext_f661a9,PUR_IED_NacionesU_Ext_f661a9,,,,,
2026-09-12T14:56:07-05:00,PUR_IED_NacionesU_Quimica_66f0a,PUR_IED_NacionesU_Quimica_66f0a,,,,,
2026-09-12T14:56:07-05:00,PUR_IED_NacionesU_S306_1b4b3d,PUR_IED_NacionesU_S306_1b4b3d,,,,,
2026-09-12T14:56:07-05:00,PUR_IED_NestorFA_Ext_e4201c,PUR_IED_NestorFA_Ext_e4201c,,,,,
2026-09-12T14:56:07-05:00,PUR_IED_NestorFA_Laborato_f22fe0,PUR_IED_NestorFA_Laborato_f22fe0,,,,,
2026-09-12T14:56:07-05:00,PUR_IED_NestorFA_S204_dee996,PUR_IED_NestorFA_S204_dee996,,,,,
2026-09-12T14:56:07-05:00,PUR_IED_NidyaQT_Aula03_76999b,PUR_IED_NidyaQT_Aula03_76999b,,,,,
2026-09-12T14:56:07-05:00,PUR_IED_NidyaQT_Aula10_56325,PUR_IED_NidyaQT_Aula10_56325,,,,,
2026-09-12T14:56:07-05:00,PUR_IED_NidyaQT_Ext_46e32d,PUR_IED_NidyaQT_Ext_46e32d,,,,,
2026-09-12T14:56:07-05:00,PUR_IED_NuevaCol_Exterior_d9b859,PUR_IED_NuevaCol_Exterior_d9b859,,,,,
2026-09-12T14:56:07-05:00,PUR_IED_NuevaCol_S1101_76c43b,PUR_IED_NuevaCol_S1101_76c43b,,,,,
2026-09-12T14:56:07-05:00,PUR_IED_NuevaCol_S1102_1ce0b5,PUR_IED_NuevaCol_S1102_1ce0b5,,,,,
2026-09-12T14:56:07-05:00,PUR_IED_OEA_A202_f7e3f2,PUR_IED_OEA_A202_f7e3f2,,,,,
2026-09-12T14:56:07-05:00,PUR_IED_OEA_A203_7d1b8d,PUR_IED_OEA_A203_7d1b8d,,,,,
2026-09-12T14:56:07-05:00,PUR_IED_OEA_Ext_27b593,PUR_IED_OEA_Ext_27b593,,,,,
2026-09-12T14:56:07-05:00,PUR_IED_Ochoa_Ext_1c29da,PUR_IED_Ochoa_Ext_1c29da,,,,,
2026-09-12T14:56:07-05:00,PUR_IED_Ochoa_S205_8b1121,PUR_IED_Ochoa_S205_8b1121,,,,,
2026-09-12T14:56:07-05:00,PUR_IED_Ochoa_Sistemas_f33af6,PUR_IED_Ochoa_Sistemas_f33af6,,,,,
2026-09-12T14:56:07-05:00,PUR_IED_PQuebec_Ext_1c67c7,PUR_IED_PQuebec_Ext_1c67c7,,,,,
2026-09-12T14:56:07-05:00,PUR_IED_PQuebec_S15_23e8e2,PUR_IED_PQuebec_S15_23e8e2,,,,,
2026-09-12T14:56:07-05:00,PUR_IED_PQuebec_S16_8ec76b,PUR_IED_PQuebec_S16_8ec76b,,,,,
2026-09-12T14:56:07-05:00,PUR_IED_PabloN_Ext_49dc96,PUR_IED_PabloN_Ext_49dc96,,,,,
2026-09-12T14:56:07-05:00,PUR_IED_PabloN_S1102_4e3df5,PUR_IED_PabloN_S1102_4e3df5,,,,,
2026-09-12T14:56:07-05:00,PUR_IED_PabloN_S1103_50c94b,PUR_IED_PabloN_S1103_50c94b,,,,,
2026-09-12T14:56:07-05:00,PUR_IED_Palestina_S1101_db9198,PUR_IED_Palestina_S1101_db9198,,,,,
2026-09-12T14:56:07-05:00,PUR_IED_Palestina_S1102_dc54fa,PUR_IED_Palestina_S1102_dc54fa,,,,,
2026-09-12T14:56:07-05:00,PUR_IED_Palestina_ext_4ccce6,PUR_IED_Palestina_ext_4ccce6,,,,,
2026-09-12T14:56:07-05:00,PUR_IED_Panama_Fisica_4d0794,PUR_IED_Panama_Fisica_4d0794,,,,,
2026-09-12T14:56:07-05:00,PUR_IED_Panama_SIngles_a4077e,PUR_IED_Panama_SIngles_a4077e,,,,,
2026-09-12T14:56:07-05:00,PUR_IED_Panama_ext_4c54b4,PUR_IED_Panama_ext_4c54b4,,,,,
2026-09-12T14:56:07-05:00,PUR_IED_ParaisoM_Exterior_8cd7f0,PUR_IED_ParaisoM_Exterior_8cd7f0,,,,,
2026-09-12T14:56:07-05:00,PUR_IED_ParaisoM_Laborato_27af35,PUR_IED_ParaisoM_Laborato_27af35,,,,,
2026-09-12T14:56:07-05:00,PUR_IED_ParaisoM_S304_d1edca,PUR_IED_ParaisoM_S304_d1edca,,,,,
2026-09-12T14:56:07-05:00,PUR_IED_PorfirioBarba_Ext_301466,PUR_IED_PorfirioBarba_Ext_301466,,,,,
2026-09-12T14:56:07-05:00,PUR_IED_PorfirioBarba_S11_df6cd2,PUR_IED_PorfirioBarba_S11_df6cd2,,,,,
2026-09-12T14:56:07-05:00,PUR_IED_PorfirioBarba_S29_27a7d6,PUR_IED_PorfirioBarba_S29_27a7d6,,,,,
2026-09-12T14:56:07-05:00,PUR_IED_PradoV_Exter_8b27ad,PUR_IED_PradoV_Exter_8b27ad,,,,,
2026-09-12T14:56:07-05:00,PUR_IED_PradoV_S301_de65b5,PUR_IED_PradoV_S301_de65b5,,,,,
2026-09-12T14:56:07-05:00,PUR_IED_PradoV_S302_7d2593,PUR_IED_PradoV_S302_7d2593,,,,,
2026-09-12T14:56:07-05:00,PUR_IED_QuirogaAlz_Ext_1ddc82,PUR_IED_QuirogaAlz_Ext_1ddc82,,,,,
2026-09-12T14:56:07-05:00,PUR_IED_QuirogaAlz_S302_9926a3,PUR_IED_QuirogaAlz_S302_9926a3,,,,,
2026-09-12T14:56:07-05:00,PUR_IED_QuirogaAlz_S305_cdf1f1,PUR_IED_QuirogaAlz_S305_cdf1f1,,,,,
2026-09-12T14:56:07-05:00,PUR_IED_RGuatemala_Biling_dc53b7,PUR_IED_RGuatemala_Biling_dc53b7,,,,,
2026-09-12T14:56:07-05:00,PUR_IED_RGuatemala_Ext_1b89a3,PUR_IED_RGuatemala_Ext_1b89a3,,,,,
2026-09-12T14:56:07-05:00,PUR_IED_RGuatemala_Tecnol_281a34,PUR_IED_RGuatemala_Tecnol_281a34,,,,,
2026-09-12T14:56:07-05:00,PUR_IED_RafaNu_Ext_f7c302,PUR_IED_RafaNu_Ext_f7c302,,,,,
2026-09-12T14:56:07-05:00,PUR_IED_RafaNu_S1101_25fde,PUR_IED_RafaNu_S1101_25fde,,,,,
2026-09-12T14:56:07-05:00,PUR_IED_RafaNu_S1102_281517,PUR_IED_RafaNu_S1102_281517,,,,,
2026-09-12T14:56:07-05:00,PUR_IED_RafaelB_S305_ee2783,PUR_IED_RafaelB_S305_ee2783,,,,,
2026-09-12T14:56:07-05:00,PUR_IED_RafaelB_S306_75fe33,PUR_IED_RafaelB_S306_75fe33,,,,,
2026-09-12T14:56:07-05:00,PUR_IED_RafaelB_ext_283336,PUR_IED_RafaelB_ext_283336,3,20,56,4.6722,-74.0737
2026-09-12T14:56:07-05:00,PUR_IED_RafaelUU_Exterior_281a51,PUR_IED_RafaelUU_Exterior_281a51,,,,,
2026-09-12T14:56:07-05:00,PUR_IED_RafaelUU_Human_806b2,PUR_IED_RafaelUU_Human_806b2,,,,,
2026-09-12T14:56:07-05:00,PUR_IED_RafaelUU_Mate2_5680d4,PUR_IED_RafaelUU_Mate2_5680d4,,,,,
2026-09-12T14:56:07-05:00,PUR_IED_RamonSub_Ext_f9eeb9,PUR_IED_RamonSub_Ext_f9eeb9,,,,,
2026-09-12T14:56:07-05:00,PUR_IED_RamonSub_Media_d1f62f,PUR_IED_RamonSub_Media_d1f62f,,,,,
2026-09-12T14:56:07-05:00,PUR_IED_RamonSub_planta_51b82,PUR_IED_RamonSub_planta_51b82,,,,,
2026-09-12T14:56:07-05:00,PUR_IED_RepBoliVene_Exter_27af7c,PUR_IED_RepBoliVene_Exter_27af7c,,,,,
2026-09-12T14:56:07-05:00,PUR_IED_RepBoliVene_SCPT_5ae2ee,PUR_IED_RepBoliVene_SCPT_5ae2ee,,,,,
2026-09-12T14:56:07-05:00,PUR_IED_RepBoliVene_Socia_4b11d5,PUR_IED_RepBoliVene_Socia_4b11d5,,,,,
2026-09-12T14:56:07-05:00,PUR_IED_RepChina_Ext_76d9ee,PUR_IED_RepChina_Ext_76d9ee,,,,,
2026-09-12T14:56:07-05:00,PUR_IED_RepChina_S404_7c804c,PUR_IED_RepChina_S404_7c804c,,,,,
2026-09-12T14:56:07-05:00,PUR_IED_RepChina_S405_df2c33,PUR_IED_RepChina_S405_df2c33,,,,,
2026-09-12T14:56:07-05:00,PUR_IED_RepublicaC_Exteri_7d1ec9,PUR_IED_RepublicaC_Exteri_7d1ec9,,,,,
2026-09-12T14:56:07-05:00,PUR_IED_RepublicaC_S1101_f544b3,PUR_IED_RepublicaC_S1101_f544b3,,,,,
2026-09-12T14:56:07-05:00,PUR_IED_RepublicaC_S1102_7aafc7,PUR_IED_RepublicaC_S1102_7aafc7,,,,,
2026-09-12T14:56:07-05:00,PUR_IED_Ricaurte_Externo_a0ea1,PUR_IED_Ricaurte_Externo_a0ea1,,,,,
2026-09-12T14:56:07-05:00,PUR_IED_Ricaurte_S210_f546fd,PUR_IED_Ricaurte_S210_f546fd,,,,,
2026-09-12T14:56:07-05:00,PUR_IED_Ricaurte_S309_d4452,PUR_IED_Ricaurte_S309_d4452,,,,,
2026-09-12T14:56:07-05:00,PUR_IED_RogelioS_1102_531e69,PUR_IED_RogelioS_1102_531e69,,,,,
2026-09-12T14:56:07-05:00,PUR_IED_RogelioS_Ext_f25a18,PUR_IED_RogelioS_Ext_f25a18,,,,,
2026-09-12T14:56:07-05:00,PUR_IED_SBernardino_Ext_27aff8,PUR_IED_SBernardino_Ext_27aff8,,,,,
2026-09-12T14:56:07-05:00,PUR_IED_SBernardino_SArte_2ffd33,PUR_IED_SBernardino_SArte_2ffd33,,,,,
2026-09-12T14:56:07-05:00,PUR_IED_SBernardino_SIngl_7c7da5,PUR_IED_SBernardino_SIngl_7c7da5,,,,,
2026-09-12T14:56:07-05:00,PUR_IED_Sago_auditorio_dc9d1d,PUR_IED_Sago_auditorio_dc9d1d,,,,,
2026-09-12T14:56:07-05:00,PUR_IED_Saludcoop_Ext_95aac3,PUR_IED_Saludcoop_Ext_95aac3,,,,,
2026-09-12T14:56:07-05:00,PUR_IED_Saludcoop_InfI_90c854,PUR_IED_Saludcoop_InfI_90c854,,,,,
2026-09-12T14:56:07-05:00,PUR_IED_Saludcoop_SMedia_1b93be,PUR_IED_Saludcoop_SMedia_1b93be,,,,,
2026-09-12T14:56:07-05:00,PUR_IED_SanCarlos_1101_1a2360,PUR_IED_SanCarlos_1101_1a2360,,,,,
2026-09-12T14:56:07-05:00,PUR_IED_SanCarlos_1103_7bafb5,PUR_IED_SanCarlos_1103_7bafb5,,,,,
2026-09-12T14:56:07-05:00,PUR_IED_SanCarlos_Ext_b7cd1,PUR_IED_SanCarlos_Ext_b7cd1,,,,,
2026-09-12T14:56:07-05:00,PUR_IED_SanIgnacioBosa11a_50c26e,PUR_IED_SanIgnacioBosa11a_50c26e,,,,,
2026-09-12T14:56:07-05:00,PUR_IED_SanIgnacioBosa11b_371de8,PUR_IED_SanIgnacioBosa11b_371de8,,,,,
2026-09-12T14:56:07-05:00,PUR_IED_SanIgnacioBosaExt_ef0ffc,PUR_IED_SanIgnacioBosaExt_ef0ffc,,,,,
2026-09-12T14:56:07-05:00,PUR_IED_SanIgnacioBosa_11a_50c26e,PUR_IED_SanIgnacioBosa_11a_50c26e,,,,,
2026-09-12T14:56:07-05:00,PUR_IED_SanIgnacioBosa_Ext_ef0ffc,PUR_IED_SanIgnacioBosa_Ext_ef0ffc,,,,,
2026-09-12T14:56:07-05:00,PUR_IED_SanJoseN_intS1101_31c47f,PUR_IED_SanJoseN_intS1101_31c47f,,,,,
2026-09-12T14:56:07-05:00,PUR_IED_SanJoseUsm_Exter_f5d7e8,PUR_IED_SanJoseUsm_Exter_f5d7e8,,,,,
2026-09-12T14:56:07-05:00,PUR_IED_SanJoseUsm_Int11A_cfdef6,PUR_IED_SanJoseUsm_Int11A_cfdef6,,,,,
2026-09-12T14:56:07-05:00,PUR_IED_SilveriaR_IntB5_905349,PUR_IED_SilveriaR_IntB5_905349,,,,,
2026-09-12T14:56:07-05:00,PUR_IED_SilveriaR_IntSD14_981f93,PUR_IED_SilveriaR_IntSD14_981f93,,,,,
2026-09-12T14:56:07-05:00,PUR_IED_SilveriaR_ext_2b651d,PUR_IED_SilveriaR_ext_2b651d,,,,,
2026-09-12T14:56:07-05:00,PUR_IED_SimonB_Exterior_913975,PUR_IED_SimonB_Exterior_913975,,,,,
2026-09-12T14:56:07-05:00,PUR_IED_SimonB_LabQuimi_c56908,PUR_IED_SimonB_LabQuimi_c56908,,,,,
2026-09-12T14:56:07-05:00,PUR_IED_SimonB_informatic_a28c1,PUR_IED_SimonB_informatic_a28c1,,,,,
2026-09-12T14:56:07-05:00,PUR_IED_Sorrento_1102_315f50,PUR_IED_Sorrento_1102_315f50,,,,,
2026-09-12T14:56:07-05:00,PUR_IED_Sorrento_Minte_214eab,PUR_IED_Sorrento_Minte_214eab,,,,,
2026-09-12T14:56:07-05:00,PUR_IED_Sorrento_ext_7c3a0a,PUR_IED_Sorrento_ext_7c3a0a,,,,,
2026-09-12T14:56:07-05:00,PUR_IED_Tabora_Ext_f048ae,PUR_IED_Tabora_Ext_f048ae,,,,,
2026-09-12T14:56:07-05:00,PUR_IED_Tabora_S1102_b07752,PUR_IED_Tabora_S1102_b07752,,,,,
2026-09-12T14:56:07-05:00,PUR_IED_Tabora_S1103_d988f5,PUR_IED_Tabora_S1103_d988f5,,,,,
2026-09-12T14:56:07-05:00,PUR_IED_Tenerife_Ext_1ab188,PUR_IED_Tenerife_Ext_1ab188,,,,,
2026-09-12T14:56:07-05:00,PUR_IED_Tenerife_SDanzas_7bc02e,PUR_IED_Tenerife_SDanzas_7bc02e,,,,,
2026-09-12T14:56:07-05:00,PUR_IED_Tenerife_SIngles_7cc277,PUR_IED_Tenerife_SIngles_7cc277,,,,,
2026-09-12T14:56:07-05:00,PUR_IED_Tibabuyes_Exter_f2683d,PUR_IED_Tibabuyes_Exter_f2683d,,,,,
2026-09-12T14:56:07-05:00,PUR_IED_Tibabuyes_S10_dc87a8,PUR_IED_Tibabuyes_S10_dc87a8,,,,,
2026-09-12T14:56:07-05:00,PUR_IED_Tibabuyes_S15_dc0526,PUR_IED_Tibabuyes_S15_dc0526,,,,,
2026-09-12T14:56:07-05:00,PUR_IED_UnionE_S301_a1043,PUR_IED_UnionE_S301_a1043,,,,,
2026-09-12T14:56:07-05:00,PUR_IED_UnionE_S307_ff6c2f,PUR_IED_UnionE_S307_ff6c2f,,,,,
2026-09-12T14:56:07-05:00,PUR_IED_UnionE__Ext_5e2468,PUR_IED_UnionE__Ext_5e2468,,,,,
2026-09-12T14:56:07-05:00,PUR_IED_VillaRica_Ext_75be7c,PUR_IED_VillaRica_Ext_75be7c,,,,,
2026-09-12T14:56:07-05:00,PUR_IED_VillaRica_S4_cc5dcd,PUR_IED_VillaRica_S4_cc5dcd,,,,,
2026-09-12T14:56:07-05:00,PUR_IED_VillaRica_Sesp_99f5c,PUR_IED_VillaRica_Sesp_99f5c,,,,,
2026-09-12T15:01:09-05:00,PUR_IED_20deJulio_1101_91b1b9,PUR_IED_20deJulio_1101_91b1b9,,,,,
2026-09-12T15:01:09-05:00,PUR_IED_20deJulio_1102_1cfcf9,PUR_IED_20deJulio_1102_1cfcf9,,,,,
2026-09-12T15:01:09-05:00,PUR_IED_20deJulio_Ext_ab60bd,PUR_IED_20deJulio_Ext_ab60bd,,,,,
2026-09-12T15:01:09-05:00,PUR_IED_AgustinFer_Ext_7b9b77,PUR_IED_AgustinFer_Ext_7b9b77,,,,,
2026-09-12T15:01:09-05:00,PUR_IED_AgustinFer_Info2_27b3a7,PUR_IED_AgustinFer_Info2_27b3a7,,,,,
2026-09-12T15:01:09-05:00,PUR_IED_AgustinFer_Sena_54b4eb,PUR_IED_AgustinFer_Sena_54b4eb,,,,,
2026-09-12T15:01:09-05:00,PUR_IED_AlexanderF_1102_caf07b,PUR_IED_AlexanderF_1102_caf07b,,,,,
2026-09-12T15:01:09-05:00,PUR_IED_AlexanderF_1103_c79e71,PUR_IED_AlexanderF_1103_c79e71,,,,,
2026-09-12T15:01:09-05:00,PUR_IED_AlexanderF_Ext_c5b18b,PUR_IED_AlexanderF_Ext_c5b18b,,,,,
2026-09-12T15:01:09-05:00,PUR_IED_AlfonsoLopez_Ext_281d77,PUR_IED_AlfonsoLopez_Ext_281d77,,,,,
2026-09-12T15:01:09-05:00,PUR_IED_AlfonsoLopez_LabF_888ce0,PUR_IED_AlfonsoLopez_LabF_888ce0,,,,,
2026-09-12T15:01:09-05:00,PUR_IED_AlfonsoLopez_SMed_df6a7f,PUR_IED_AlfonsoLopez_SMed_df6a7f,,,,,
2026-09-12T15:01:09-05:00,PUR_IED_AltamiraSO_A2_209f92,PUR_IED_AltamiraSO_A2_209f92,,,,,
2026-09-12T15:01:09-05:00,PUR_IED_AltamiraSO_Ext_186d66,PUR_IED_AltamiraSO_Ext_186d66,,,,,
2026-09-12T15:01:09-05:00,PUR_IED_AltamiraSO_Sistem_27afe1,PUR_IED_AltamiraSO_Sistem_27afe1,,,,,
2026-09-12T15:01:09-05:00,PUR_IED_AlvaroGom_LabQuim_813179,PUR_IED_AlvaroGom_LabQuim_813179,,,,,
2026-09-12T15:01:09-05:00,PUR_IED_AlvaroGomez_Ext_47c7ca,PUR_IED_AlvaroGomez_Ext_47c7ca,,,,,
2026-09-12T15:01:09-05:00,PUR_IED_AlvaroGomez_LabQuim_813179,PUR_IED_AlvaroGomez_LabQuim_813179,,,,,
2026-09-12T15:01:09-05:00,PUR_IED_AlvaroGomez_S23_7ba89f,PUR_IED_AlvaroGomez_S23_7ba89f,,,,,
2026-09-12T15:01:09-05:00,PUR_IED_Amistad_306_dc8728,PUR_IED_Amistad_306_dc8728,,,,,
2026-09-12T15:01:09-05:00,PUR_IED_Amistad_Ext_8cd55e,PUR_IED_Amistad_Ext_8cd55e,,,,,
2026-09-12T15:01:09-05:00,PUR_IED_Amistad_S202_a41169,PUR_IED_Amistad_S202_a41169,,,,,
2026-09-12T15:01:09-05:00,PUR_IED_AndresBello_Bio_fd5f5e,PUR_IED_AndresBello_Bio_fd5f5e,,,,,
2026-09-12T15:01:09-05:00,PUR_IED_AndresBello_ext_dcad65,PUR_IED_AndresBello_ext_dcad65,,,,,
2026-09-12T15:01:09-05:00,PUR_IED_AndresBello_port_eed3ec,PUR_IED_AndresBello_port_eed3ec,,,,,
2026-09-12T15:01:09-05:00,PUR_IED_AngelaR_11b_d90a6b,PUR_IED_AngelaR_11b_d90a6b,,,,,
2026-09-12T15:01:09-05:00,PUR_IED_AngelaR_ext_7cad3e,PUR_IED_AngelaR_ext_7cad3e,3,21,54,4.5825,-74.164497
2026-09-12T15:01:09-05:00,PUR_IED_AntJoseSucre_10mo_df2575,PUR_IED_AntJoseSucre_10mo_df2575,,,,,
2026-09-12T15:01:09-05:00,PUR_IED_AntJoseSucre_Ext_215b36,PUR_IED_AntJoseSucre_Ext_215b36,,,,,
2026-09-12T15:01:09-05:00,PUR_IED_AntJoseSucre_Lab_3139de,PUR_IED_AntJoseSucre_Lab_3139de,,,,,
2026-09-12T15:01:09-05:00,PUR_IED_AntonioGarcia_301_d6b188,PUR_IED_AntonioGarcia_301_d6b188,,,,,
2026-09-12T15:01:09-05:00,PUR_IED_AntonioGarcia_302_88a82,PUR_IED_AntonioGarcia_302_88a82,,,,,
2026-09-12T15:01:09-05:00,PUR_IED_AntonioGarcia_Ext_20950c,PUR_IED_AntonioGarcia_Ext_20950c,,,,,
2026-09-12T15:01:09-05:00,PUR_IED_AntonioVan_Aula2_6dea02,PUR_IED_AntonioVan_Aula2_6dea02,,,,,
2026-09-12T15:01:09-05:00,PUR_IED_AntonioVan_Aula5_f1557e,PUR_IED_AntonioVan_Aula5_f1557e,,,,,
2026-09-12T15:01:09-05:00,PUR_IED_AntonioVan_Ext_406f2f,PUR_IED_AntonioVan_Ext_406f2f,,,,,
2026-09-12T15:01:09-05:00,PUR_IED_Atabanzha_Ext_cc5af9,PUR_IED_Atabanzha_Ext_cc5af9,,,,,
2026-09-12T15:01:09-05:00,PUR_IED_Atabanzha_SA101_56c37,PUR_IED_Atabanzha_SA101_56c37,,,,,
2026-09-12T15:01:09-05:00,PUR_IED_Atabanzha_SB302_27b374,PUR_IED_Atabanzha_SB302_27b374,,,,,
2026-09-12T15:01:09-05:00,PUR_IED_Atahualpa_Ext_fc1748,PUR_IED_Atahualpa_Ext_fc1748,,,,,
2026-09-12T15:01:09-05:00,PUR_IED_Atahualpa_Informa_dc9a95,PUR_IED_Atahualpa_Informa_dc9a95,,,,,
2026-09-12T15:01:09-05:00,PUR_IED_Atahualpa_S1101_f98056,PUR_IED_Atahualpa_S1101_f98056,,,,,
2026-09-12T15:01:09-05:00,PUR_IED_Bellavista_Ext_f5aa74,PUR_IED_Bellavista_Ext_f5aa74,,,,,
2026-09-12T15:01:09-05:00,PUR_IED_Bilbao_11A_916c41,PUR_IED_Bilbao_11A_916c41,,,,,
2026-09-12T15:01:09-05:00,PUR_IED_Bilbao_Ext_fb579a,PUR_IED_Bilbao_Ext_fb579a,,,,,
2026-09-12T15:01:09-05:00,PUR_IED_BrasiliaU_A125_304280,PUR_IED_BrasiliaU_A125_304280,,,,,
2026-09-12T15:01:09-05:00,PUR_IED_BrasiliaU_A203_7c8ca5,PUR_IED_BrasiliaU_A203_7c8ca5,,,,,
2026-09-12T15:01:09-05:00,PUR_IED_BrasiliaU_Ext_8d6e9f,PUR_IED_BrasiliaU_Ext_8d6e9f,3,21,51,4.5175,-74.116302
2026-09-12T15:01:09-05:00,PUR_IED_Brasilia_Ext_fe6593,PUR_IED_Brasilia_Ext_fe6593,,,,,
2026-09-12T15:01:09-05:00,PUR_IED_Brasilia_S24_7c130d,PUR_IED_Brasilia_S24_7c130d,,,,,
2026-09-12T15:01:09-05:00,PUR_IED_Brasilia_S501_186a54,PUR_IED_Brasilia_S501_186a54,,,,,
2026-09-12T15:01:09-05:00,PUR_IED_CHARRY_EXT_f1d5cd,PUR_IED_CHARRY_EXT_f1d5cd,,,,,
2026-09-12T15:01:09-05:00,PUR_IED_CHARRY_INTDANZAS_7a08e6,PUR_IED_CHARRY_INTDANZAS_7a08e6,,,,,
2026-09-12T15:01:09-05:00,PUR_IED_CHARRY_INT_AULA20_dc998d,PUR_IED_CHARRY_INT_AULA20_dc998d,,,,,
2026-09-12T15:01:09-05:00,PUR_IED_COLVIV_1101_S25_7f520a,PUR_IED_COLVIV_1101_S25_7f520a,,,,,
2026-09-12T15:01:09-05:00,PUR_IED_COLVIV_1102_S16_f570ba,PUR_IED_COLVIV_1102_S16_f570ba,,,,,
2026-09-12T15:01:09-05:00,PUR_IED_COLVIV_Ext_1a26fa,PUR_IED_COLVIV_Ext_1a26fa,,,,,
2026-09-12T15:01:09-05:00,PUR_IED_CULPOP_301A_f660f3,PUR_IED_CULPOP_301A_f660f3,,,,,
2026-09-12T15:01:09-05:00,PUR_IED_CULPOP_303_568afe,PUR_IED_CULPOP_303_568afe,,,,,
2026-09-12T15:01:09-05:00,PUR_IED_CULPOP_Ext_e02ccb,PUR_IED_CULPOP_Ext_e02ccb,,,,,
2026-09-12T15:01:09-05:00,PUR_IED_CVillavicen_Ext_26eb58,PUR_IED_CVillavicen_Ext_26eb58,3,17,71,4.487,-74.102798
2026-09-12T15:01:09-05:00,PUR_IED_CVillavicen_Intel_1ce5c2,PUR_IED_CVillavicen_Intel_1ce5c2,,,,,
2026-09-12T15:01:09-05:00,PUR_IED_CVillavicen_Poliv_e0766c,PUR_IED_CVillavicen_Poliv_e0766c,,,,,
2026-09-12T15:01:09-05:00,PUR_IED_CVillavicen_int_1ba140,PUR_IED_CVillavicen_int_1ba140,,,,,
2026-09-12T15:01:09-05:00,PUR_IED_CVillavicen_intel_1ba140,PUR_IED_CVillavicen_intel_1ba140,,,,,
2026-09-12T15:01:09-05:00,PUR_IED_CarlosPizarro_Ext_e307cc,PUR_IED_CarlosPizarro_Ext_e307cc,,,,,
2026-09-12T15:01:09-05:00,PUR_IED_CarlosPizarro_L36_7e5cdb,PUR_IED_CarlosPizarro_L36_7e5cdb,,,,,
2026-09-12T15:01:09-05:00,PUR_IED_CarlosPizarro_L37_c8566c,PUR_IED_CarlosPizarro_L37_c8566c,,,,,
2026-09-12T15:01:09-05:00,PUR_IED_Castilla_Ext_cf35f,PUR_IED_Castilla_Ext_cf35f,,,,,
2026-09-12T15:01:09-05:00,PUR_IED_Castilla_SFisik_360e38,PUR_IED_Castilla_SFisik_360e38,,,,,
2026-09-12T15:01:09-05:00,PUR_IED_Castilla_Sc304_496fbf,PUR_IED_Castilla_Sc304_496fbf,,,,,
2026-09-12T15:01:09-05:00,PUR_IED_CervantesSa_Ext_6b57b,PUR_IED_CervantesSa_Ext_6b57b,2,20,59,4.5128,-74.117203
2026-09-12T15:01:09-05:00,PUR_IED_CervantesSa_S107_225c2b,PUR_IED_CervantesSa_S107_225c2b,,,,,
2026-09-12T15:01:09-05:00,PUR_IED_CervantesSa_S108_940925,PUR_IED_CervantesSa_S108_940925,,,,,
2026-09-12T15:01:09-05:00,PUR_IED_Charry_A20_f53e7c,PUR_IED_Charry_A20_f53e7c,,,,,
2026-09-12T15:01:09-05:00,PUR_IED_Charry_Ext_f1d5cd,PUR_IED_Charry_Ext_f1d5cd,,,,,
2026-09-12T15:01:09-05:00,PUR_IED_Charry_IntAula20_dc998d,PUR_IED_Charry_IntAula20_dc998d,,,,,
2026-09-12T15:01:09-05:00,PUR_IED_Charry_IntDanzas_7a08e6,PUR_IED_Charry_IntDanzas_7a08e6,,,,,
2026-09-12T15:01:09-05:00,PUR_IED_ClememciaC_203_43e2fc,PUR_IED_ClememciaC_203_43e2fc,,,,,
2026-09-12T15:01:09-05:00,PUR_IED_ClememciaC_Ext_1b411a,PUR_IED_ClememciaC_Ext_1b411a,,,,,
2026-09-12T15:01:09-05:00,PUR_IED_ClememciaC_Quimic_44b5fc,PUR_IED_ClememciaC_Quimic_44b5fc,,,,,
2026-09-12T15:01:09-05:00,PUR_IED_ClemenciaC_203_43e2fc,PUR_IED_ClemenciaC_203_43e2fc,,,,,
2026-09-12T15:01:09-05:00,PUR_IED_ClemenciaC_Ext_1b411a,PUR_IED_ClemenciaC_Ext_1b411a,,,,,
2026-09-12T15:01:09-05:00,PUR_IED_ClemenciaC_Quimic_44b5fc,PUR_IED_ClemenciaC_Quimic_44b5fc,,,,,
2026-09-12T15:01:09-05:00,PUR_IED_ColViva_1101_S25_7f520a,PUR_IED_ColViva_1101_S25_7f520a,,,,,
2026-09-12T15:01:09-05:00,PUR_IED_ColViva_1102_S16_f570ba,PUR_IED_ColViva_1102_S16_f570ba,,,,,
2026-09-12T15:01:09-05:00,PUR_IED_ColViva_Ext_1a26fa,PUR_IED_ColViva_Ext_1a26fa,,,,,
2026-09-12T15:01:09-05:00,PUR_IED_ColegioBici_Asist_7c8798,PUR_IED_ColegioBici_Asist_7c8798,,,,,
2026-09-12T15:01:09-05:00,PUR_IED_ColegioBici_Ext_25cbf6,PUR_IED_ColegioBici_Ext_25cbf6,,,,,
2026-09-12T15:01:09-05:00,PUR_IED_ColegioBici_LabQ_7b57db,PUR_IED_ColegioBici_LabQ_7b57db,,,,,
2026-09-12T15:01:09-05:00,PUR_IED_CostaRica_Ext_5e640,PUR_IED_CostaRica_Ext_5e640,,,,,
2026-09-12T15:01:09-05:00,PUR_IED_CostaRica_Quim1_766d1c,PUR_IED_CostaRica_Quim1_766d1c,,,,,
2026-09-12T15:01:09-05:00,PUR_IED_CostaRica__Fisica_6f0873,PUR_IED_CostaRica__Fisica_6f0873,,,,,
2026-09-12T15:01:09-05:00,PUR_IED_CulPopu_301A_f660f3,PUR_IED_CulPopu_301A_f660f3,,,,,
2026-09-12T15:01:09-05:00,PUR_IED_CulPopu_303_568afe,PUR_IED_CulPopu_303_568afe,,,,,
2026-09-12T15:01:09-05:00,PUR_IED_CulPopu_Ext_e02ccb,PUR_IED_CulPopu_Ext_e02ccb,,,,,
2026-09-12T15:01:09-05:00,PUR_IED_Cundinamarca_Ext_f15985,PUR_IED_Cundinamarca_Ext_f15985,,,,,
2026-09-12T15:01:09-05:00,PUR_IED_Cundinamarca_Info_7aa5d7,PUR_IED_Cundinamarca_Info_7aa5d7,,,,,
2026-09-12T15:01:09-05:00,PUR_IED_Cundinamarca_Tec2_f449c7,PUR_IED_Cundinamarca_Tec2_f449c7,,,,,
2026-09-12T15:01:09-05:00,PUR_IED_DiegoM_Aula1_27b314,PUR_IED_DiegoM_Aula1_27b314,,,,,
2026-09-12T15:01:09-05:00,PUR_IED_DiegoM_Ext_d80ac8,PUR_IED_DiegoM_Ext_d80ac8,,,,,
2026-09-12T15:01:09-05:00,PUR_IED_DiegoM_S25_da928f,PUR_IED_DiegoM_S25_da928f,,,,,
2026-09-12T15:01:09-05:00,PUR_IED_ELRODEO_360881,PUR_IED_ELRODEO_360881,,,,,
2026-09-12T15:01:09-05:00,PUR_IED_ELRODEO_ext_360881,PUR_IED_ELRODEO_ext_360881,,,,,
2026-09-12T15:01:09-05:00,PUR_IED_EduardoU_Ext_1c1969,PUR_IED_EduardoU_Ext_1c1969,,,,,
2026-09-12T15:01:09-05:00,PUR_IED_EduardoU_SCiencia_4dfb94,PUR_IED_EduardoU_SCiencia_4dfb94,,,,,
2026-09-12T15:01:09-05:00,PUR_IED_EduardoU_SQuimica_5a46e7,PUR_IED_EduardoU_SQuimica_5a46e7,,,,,
2026-09-12T15:01:09-05:00,PUR_IED_ElRodeo_Aula14_676984,PUR_IED_ElRodeo_Aula14_676984,,,,,
2026-09-12T15:01:09-05:00,PUR_IED_ElRodeo_Aula16_2dd35b,PUR_IED_ElRodeo_Aula16_2dd35b,,,,,
2026-09-12T15:01:09-05:00,PUR_IED_ElRodeo_Ext_360881,PUR_IED_ElRodeo_Ext_360881,,,,,
2026-09-12T15:01:09-05:00,PUR_IED_ElRodeo_Exterior_8c6d28,PUR_IED_ElRodeo_Exterior_8c6d28,,,,,
2026-09-12T15:01:09-05:00,PUR_IED_ElRodeo_ext_360881,PUR_IED_ElRodeo_ext_360881,,,,,
2026-09-12T15:01:09-05:00,PUR_IED_EmmaReyes_Ext_987625,PUR_IED_EmmaReyes_Ext_987625,5,22,47,4.6367,-74.1511
2026-09-12T15:01:09-05:00,PUR_IED_Ensueño_Ext_7f0250,PUR_IED_Ensueño_Ext_7f0250,,,,,
2026-09-12T15:01:09-05:00,PUR_IED_EscNormal_Ext_5fef3b,PUR_IED_EscNormal_Ext_5fef3b,2,22,52,4.5852,-74.096901
2026-09-12T15:01:09-05:00,PUR_IED_EscNormal_S309_5b263,PUR_IED_EscNormal_S309_5b263,,,,,
2026-09-12T15:01:09-05:00,PUR_IED_EscNormal_S310_27b3b8,PUR_IED_EscNormal_S310_27b3b8,,,,,
2026-09-12T15:01:09-05:00,PUR_IED_Evangelista_Conta_f6cd4f,PUR_IED_Evangelista_Conta_f6cd4f,,,,,
2026-09-12T15:01:09-05:00,PUR_IED_Evangelista_Cri_5e16a,PUR_IED_Evangelista_Cri_5e16a,,,,,
2026-09-12T15:01:09-05:00,PUR_IED_Evangelista_Exter_754066,PUR_IED_Evangelista_Exter_754066,,,,,
2026-09-12T15:01:09-05:00,PUR_IED_FMiranda_S209_5cc2a3,PUR_IED_FMiranda_S209_5cc2a3,,,,,
2026-09-12T15:01:09-05:00,PUR_IED_FMiranda_S303_19e344,PUR_IED_FMiranda_S303_19e344,,,,,
2026-09-12T15:01:09-05:00,PUR_IED_FMiranda_ext_f53e7c,PUR_IED_FMiranda_ext_f53e7c,,,,,
2026-09-12T15:01:09-05:00,PUR_IED_FabioLozano_Bibli_1cee05,PUR_IED_FabioLozano_Bibli_1cee05,,,,,
2026-09-12T15:01:09-05:00,PUR_IED_FabioLozano_Ext_6ea285,PUR_IED_FabioLozano_Ext_6ea285,,,,,
2026-09-12T15:01:09-05:00,PUR_IED_FabioLozano_SLudi_f09e1e,PUR_IED_FabioLozano_SLudi_f09e1e,,,,,
2026-09-12T15:01:09-05:00,PUR_IED_FaustinoS_Aula07_27a731,PUR_IED_FaustinoS_Aula07_27a731,,,,,
2026-09-12T15:01:09-05:00,PUR_IED_FaustinoS_Ext_7b936f,PUR_IED_FaustinoS_Ext_7b936f,,,,,
2026-09-12T15:01:09-05:00,PUR_IED_FaustinoS_Fisica_da2c60,PUR_IED_FaustinoS_Fisica_da2c60,,,,,
2026-09-12T15:01:09-05:00,PUR_IED_FeGarciaLo_Ext_dc68ee,PUR_IED_FeGarciaLo_Ext_dc68ee,,,,,
2026-09-12T15:01:09-05:00,PUR_IED_FeGarciaLo_SDanza_f70a59,PUR_IED_FeGarciaLo_SDanza_f70a59,,,,,
2026-09-12T15:01:09-05:00,PUR_IED_FeGarciaLo_SMusic_125cdd,PUR_IED_FeGarciaLo_SMusic_125cdd,,,,,
2026-09-12T15:01:09-05:00,PUR_IED_FederalAlema_Exte_50c345,PUR_IED_FederalAlema_Exte_50c345,,,,,
2026-09-12T15:01:09-05:00,PUR_IED_FederalAlema_S31_f18371,PUR_IED_FederalAlema_S31_f18371,,,,,
2026-09-12T15:01:09-05:00,PUR_IED_FederalAlema_S901_a62cd,PUR_IED_FederalAlema_S901_a62cd,,,,,
2026-09-12T15:01:09-05:00,PUR_IED_FilarmonicaS_A5_f35eb1,PUR_IED_FilarmonicaS_A5_f35eb1,,,,,
2026-09-12T15:01:09-05:00,PUR_IED_FilarmonicaS_Ext_8a3bde,PUR_IED_FilarmonicaS_Ext_8a3bde,,,,,
2026-09-12T15:01:09-05:00,PUR_IED_FilarmonicaS_Spol_406114,PUR_IED_FilarmonicaS_Spol_406114,,,,,
2026-09-12T15:01:09-05:00,PUR_IED_FlorentinoG_A13_d1fa59,PUR_IED_FlorentinoG_A13_d1fa59,,,,,
2026-09-12T15:01:09-05:00,PUR_IED_FlorentinoG_Ext_1ce6ce,PUR_IED_FlorentinoG_Ext_1ce6ce,,,,,
2026-09-12T15:01:09-05:00,PUR_IED_FlorentinoG_Idiom_a66aac,PUR_IED_FlorentinoG_Idiom_a66aac,,,,,
2026-09-12T15:01:09-05:00,PUR_IED_FranciscoMati_Ext_e3869d,PUR_IED_FranciscoMati_Ext_e3869d,,,,,
2026-09-12T15:01:09-05:00,PUR_IED_FranciscoMati_S13_f31c67,PUR_IED_FranciscoMati_S13_f31c67,,,,,
2026-09-12T15:01:09-05:00,PUR_IED_FranciscoMati_S14_97dead,PUR_IED_FranciscoMati_S14_97dead,,,,,
2026-09-12T15:01:09-05:00,PUR_IED_FranciscoPS_Ext_7bfa9a,PUR_IED_FranciscoPS_Ext_7bfa9a,2,22,52,4.5899,-74.110397
2026-09-12T15:01:09-05:00,PUR_IED_FranciscoPS_Infor_fb8f4c,PUR_IED_FranciscoPS_Infor_fb8f4c,,,,,
2026-09-12T15:01:09-05:00,PUR_IED_FranciscoPS_Quimi_94d39c,PUR_IED_FranciscoPS_Quimi_94d39c,,,,,
2026-09-12T15:01:09-05:00,PUR_IED_FranciscoP_LabQ_d7e148,PUR_IED_FranciscoP_LabQ_d7e148,,,,,
2026-09-12T15:01:09-05:00,PUR_IED_FranciscoP_S28_cf9b30,PUR_IED_FranciscoP_S28_cf9b30,,,,,
2026-09-12T15:01:09-05:00,PUR_IED_FranciscoP_ext_e2313,PUR_IED_FranciscoP_ext_e2313,,,,,
2026-09-12T15:01:09-05:00,PUR_IED_FriederichN_Ext_8ac92a,PUR_IED_FriederichN_Ext_8ac92a,,,,,
2026-09-12T15:01:09-05:00,PUR_IED_FriederichN_S301_dd7e5a,PUR_IED_FriederichN_S301_dd7e5a,,,,,
2026-09-12T15:01:09-05:00,PUR_IED_FriederichN_S308_761f4f,PUR_IED_FriederichN_S308_761f4f,,,,,
2026-09-12T15:01:09-05:00,PUR_IED_GSantander_Aula10_533dd7,PUR_IED_GSantander_Aula10_533dd7,,,,,
2026-09-12T15:01:09-05:00,PUR_IED_GSantander_Aula12_fd4e4f,PUR_IED_GSantander_Aula12_fd4e4f,,,,,
2026-09-12T15:01:09-05:00,PUR_IED_GSantander_Aula310_533dd7,PUR_IED_GSantander_Aula310_533dd7,,,,,
2026-09-12T15:01:09-05:00,PUR_IED_GSantander_Aula312_fd4e4f,PUR_IED_GSantander_Aula312_fd4e4f,,,,,
2026-09-12T15:01:09-05:00,PUR_IED_GSantander_Ext_5f66b0,PUR_IED_GSantander_Ext_5f66b0,,,,,
2026-09-12T15:01:09-05:00,PUR_IED_GYomasa_Ext_f6bea5,PUR_IED_GYomasa_Ext_f6bea5,,,,,
2026-09-12T15:01:09-05:00,PUR_IED_GYomasa_LBiol_2c41aa,PUR_IED_GYomasa_LBiol_2c41aa,,,,,
2026-09-12T15:01:09-05:00,PUR_IED_GYomasa_LQuim_33c80,PUR_IED_GYomasa_LQuim_33c80,,,,,
2026-09-12T15:01:09-05:00,PUR_IED_GabBetMejia_Cienc_5a99c,PUR_IED_GabBetMejia_Cienc_5a99c,,,,,
2026-09-12T15:01:09-05:00,PUR_IED_GabBetMejia_Ext_9153d0,PUR_IED_GabBetMejia_Ext_9153d0,,,,,
2026-09-12T15:01:09-05:00,PUR_IED_GabBetMejia_Lab_f55347,PUR_IED_GabBetMejia_Lab_f55347,,,,,
2026-09-12T15:01:09-05:00,PUR_IED_GabBetanMejia_Ext_9153d0,PUR_IED_GabBetanMejia_Ext_9153d0,,,,,
2026-09-12T15:01:09-05:00,PUR_IED_Gaitana_Aula13_7aac11,PUR_IED_Gaitana_Aula13_7aac11,,,,,
2026-09-12T15:01:09-05:00,PUR_IED_Gaitana_Ext_5fcf4,PUR_IED_Gaitana_Ext_5fcf4,,,,,
2026-09-12T15:01:09-05:00,PUR_IED_Gaitana_LabFisica_644448,PUR_IED_Gaitana_LabFisica_644448,,,,,
2026-09-12T15:01:09-05:00,PUR_IED_GenSantander_Dise_8ac858,PUR_IED_GenSantander_Dise_8ac858,,,,,
2026-09-12T15:01:09-05:00,PUR_IED_GenSantander_Ext_8d5dfe,PUR_IED_GenSantander_Ext_8d5dfe,,,,,
2026-09-12T15:01:09-05:00,PUR_IED_GenSantander_Info_6c25b,PUR_IED_GenSantander_Info_6c25b,,,,,
2026-09-12T15:01:09-05:00,PUR_IED_GustavoMo_Exterio_75e63d,PUR_IED_GustavoMo_Exterio_75e63d,,,,,
2026-09-12T15:01:09-05:00,PUR_IED_GustavoMo_LabFisi_224d37,PUR_IED_GustavoMo_LabFisi_224d37,,,,,
2026-09-12T15:01:09-05:00,PUR_IED_GustavoMo_S208_3e6918,PUR_IED_GustavoMo_S208_3e6918,,,,,
2026-09-12T15:01:09-05:00,PUR_IED_GustavoR_A02_8cd4a8,PUR_IED_GustavoR_A02_8cd4a8,,,,,
2026-09-12T15:01:09-05:00,PUR_IED_GustavoR_B11_5b0ed,PUR_IED_GustavoR_B11_5b0ed,,,,,
2026-09-12T15:01:09-05:00,PUR_IED_GustavoR_Ext_7a0c90,PUR_IED_GustavoR_Ext_7a0c90,,,,,
2026-09-12T15:01:09-05:00,PUR_IED_HernandoDuran_Ext_8cd82b,PUR_IED_HernandoDuran_Ext_8cd82b,,,,,
2026-09-12T15:01:09-05:00,PUR_IED_HernandoDuran_S24_2772c6,PUR_IED_HernandoDuran_S24_2772c6,,,,,
2026-09-12T15:01:09-05:00,PUR_IED_HernandoDuran_S30_f2de41,PUR_IED_HernandoDuran_S30_f2de41,,,,,
2026-09-12T15:01:09-05:00,PUR_IED_HolguInUr_S1101_8cd732,PUR_IED_HolguInUr_S1101_8cd732,,,,,
2026-09-12T15:01:09-05:00,PUR_IED_HolguinUr_Exter_ddae6d,PUR_IED_HolguinUr_Exter_ddae6d,,,,,
2026-09-12T15:01:09-05:00,PUR_IED_HolguinUr_LabQuim_92b952,PUR_IED_HolguinUr_LabQuim_92b952,,,,,
2026-09-12T15:01:09-05:00,PUR_IED_Isabel-II_Ext_5245cc,PUR_IED_Isabel-II_Ext_5245cc,2,20,52,4.6336,-74.153
2026-09-12T15:01:09-05:00,PUR_IED_Isabel-II_S_idiom_1c29aa,PUR_IED_Isabel-II_S_idiom_1c29aa,,,,,
2026-09-12T15:01:09-05:00,PUR_IED_Isabel-II_S_infor_fd741,PUR_IED_Isabel-II_S_infor_fd741,,,,,
2026-09-12T15:01:09-05:00,PUR_IED_IsidroSur_Exterio_5b90ea,PUR_IED_IsidroSur_Exterio_5b90ea,,,,,
2026-09-12T15:01:09-05:00,PUR_IED_IsidroSur_LabTec_56697a,PUR_IED_IsidroSur_LabTec_56697a,,,,,
2026-09-12T15:01:09-05:00,PUR_IED_IsidroSur_Robotic_b7c38f,PUR_IED_IsidroSur_Robotic_b7c38f,,,,,
2026-09-12T15:01:09-05:00,PUR_IED_IsmaelPerd_Ext_7b6672,PUR_IED_IsmaelPerd_Ext_7b6672,,,,,
2026-09-12T15:01:09-05:00,PUR_IED_IsmaelPerd_Inform_306540,PUR_IED_IsmaelPerd_Inform_306540,,,,,
2026-09-12T15:01:09-05:00,PUR_IED_IsmaelPerd_S30_2e2c83,PUR_IED_IsmaelPerd_S30_2e2c83,,,,,
2026-09-12T15:01:09-05:00,PUR_IED_JLozano_Exter_432910,PUR_IED_JLozano_Exter_432910,,,,,
2026-09-12T15:01:09-05:00,PUR_IED_JLozano_salaMulti_df5125,PUR_IED_JLozano_salaMulti_df5125,,,,,
2026-09-12T15:01:09-05:00,PUR_IED_JMCordoba_206_86f80b,PUR_IED_JMCordoba_206_86f80b,,,,,
2026-09-12T15:01:09-05:00,PUR_IED_JMCordoba_Ext_27ad97,PUR_IED_JMCordoba_Ext_27ad97,,,,,
2026-09-12T15:01:09-05:00,PUR_IED_JMCordoba_S310_d59ab4,PUR_IED_JMCordoba_S310_d59ab4,,,,,
2026-09-12T15:01:09-05:00,PUR_IED_Japon_Ext_549100,PUR_IED_Japon_Ext_549100,,,,,
2026-09-12T15:01:09-05:00,PUR_IED_Japon_Laboratorio_bec51d,PUR_IED_Japon_Laboratorio_bec51d,,,,,
2026-09-12T15:01:09-05:00,PUR_IED_Japon_informatica_d99327,PUR_IED_Japon_informatica_d99327,,,,,
2026-09-12T15:01:09-05:00,PUR_IED_Jazmin_Ext_d27bda,PUR_IED_Jazmin_Ext_d27bda,,,,,
2026-09-12T15:01:09-05:00,PUR_IED_Jazmin_Fisica_8d14d7,PUR_IED_Jazmin_Fisica_8d14d7,,,,,
2026-09-12T15:01:09-05:00,PUR_IED_Jazmin_Quimica_801cb5,PUR_IED_Jazmin_Quimica_801cb5,,,,,
2026-09-12T15:01:09-05:00,PUR_IED_JorgeGaitan_Exter_f098d1,PUR_IED_JorgeGaitan_Exter_f098d1,,,,,
2026-09-12T15:01:09-05:00,PUR_IED_JorgeGaitan_STec1_dc9d1d,PUR_IED_JorgeGaitan_STec1_dc9d1d,,,,,
2026-09-12T15:01:09-05:00,PUR_IED_JorgeGaitan_STec2_281e69,PUR_IED_JorgeGaitan_STec2_281e69,,,,,
2026-09-12T15:01:09-05:00,PUR_IED_JorgeSoto_Exterio_d9d0a2,PUR_IED_JorgeSoto_Exterio_d9d0a2,,,,,
2026-09-12T15:01:09-05:00,PUR_IED_JorgeSoto_LabFisi_209c54,PUR_IED_JorgeSoto_LabFisi_209c54,,,,,
2026-09-12T15:01:09-05:00,PUR_IED_JorgeSoto_S103_27b51a,PUR_IED_JorgeSoto_S103_27b51a,,,,,
2026-09-12T15:01:09-05:00,PUR_IED_JoseAcevedo_A02_e965eb,PUR_IED_JoseAcevedo_A02_e965eb,,,,,
2026-09-12T15:01:09-05:00,PUR_IED_JoseAcevedo_A07_dd5b4,PUR_IED_JoseAcevedo_A07_dd5b4,,,,,
2026-09-12T15:01:09-05:00,PUR_IED_JoseAcevedo_Ext_b47484,PUR_IED_JoseAcevedo_Ext_b47484,,,,,
2026-09-12T15:01:09-05:00,PUR_IED_JoseMarti_Exte_5b9bf,PUR_IED_JoseMarti_Exte_5b9bf,,,,,
2026-09-12T15:01:09-05:00,PUR_IED_JoseMarti_LabQuim_1c6c2d,PUR_IED_JoseMarti_LabQuim_1c6c2d,,,,,
2026-09-12T15:01:09-05:00,PUR_IED_JoseMarti_S_info_f5f177,PUR_IED_JoseMarti_S_info_f5f177,,,,,
2026-09-12T15:01:09-05:00,PUR_IED_Josejoaquin_Ext_dfc5dc,PUR_IED_Josejoaquin_Ext_dfc5dc,,,,,
2026-09-12T15:01:09-05:00,PUR_IED_Josejoaquin_S05_5b2a96,PUR_IED_Josejoaquin_S05_5b2a96,,,,,
2026-09-12T15:01:09-05:00,PUR_IED_Josejoaquin_S06_1ce7d2,PUR_IED_Josejoaquin_S06_1ce7d2,,,,,
2026-09-12T15:01:09-05:00,PUR_IED_JulioFlorez_Danza_9b82dd,PUR_IED_JulioFlorez_Danza_9b82dd,,,,,
2026-09-12T15:01:09-05:00,PUR_IED_JulioFlorez_Exter_f9f314,PUR_IED_JulioFlorez_Exter_f9f314,,,,,
2026-09-12T15:01:09-05:00,PUR_IED_JulioFlorez_info2_6b6e08,PUR_IED_JulioFlorez_info2_6b6e08,,,,,
2026-09-12T15:01:09-05:00,PUR_IED_LaBelleza_Aula13_1d00d8,PUR_IED_LaBelleza_Aula13_1d00d8,,,,,
2026-09-12T15:01:09-05:00,PUR_IED_LaBelleza_Ext_7bc08c,PUR_IED_LaBelleza_Ext_7bc08c,,,,,
2026-09-12T15:01:09-05:00,PUR_IED_LaChucua_Ext_8cd6d2,PUR_IED_LaChucua_Ext_8cd6d2,,,,,
2026-09-12T15:01:09-05:00,PUR_IED_LaChucua_S15_f578ce,PUR_IED_LaChucua_S15_f578ce,,,,,
2026-09-12T15:01:09-05:00,PUR_IED_LaChucua_S16_eebcf9,PUR_IED_LaChucua_S16_eebcf9,,,,,
2026-09-12T15:01:09-05:00,PUR_IED_LaFelicidad_Ext_fb5109,PUR_IED_LaFelicidad_Ext_fb5109,,,,,
2026-09-12T15:01:09-05:00,PUR_IED_LaMerced_206_66ebd,PUR_IED_LaMerced_206_66ebd,,,,,
2026-09-12T15:01:09-05:00,PUR_IED_LaMerced_207_6ebd6,PUR_IED_LaMerced_207_6ebd6,,,,,
2026-09-12T15:01:09-05:00,PUR_IED_LaMerced_ext_304311,PUR_IED_LaMerced_ext_304311,,,,,
2026-09-12T15:01:09-05:00,PUR_IED_Laureano_CiencNat_281e5e,PUR_IED_Laureano_CiencNat_281e5e,,,,,
2026-09-12T15:01:09-05:00,PUR_IED_Laureano_Comedor_f65c0a,PUR_IED_Laureano_Comedor_f65c0a,,,,,
2026-09-12T15:01:09-05:00,PUR_IED_Laureano_Exterior_7ab011,PUR_IED_Laureano_Exterior_7ab011,,,,,
2026-09-12T15:01:09-05:00,PUR_IED_LeonGreiff_Exte_dfe560,PUR_IED_LeonGreiff_Exte_dfe560,,,,,
2026-09-12T15:01:09-05:00,PUR_IED_LeonGreiff_S210_f264ed,PUR_IED_LeonGreiff_S210_f264ed,,,,,
2026-09-12T15:01:09-05:00,PUR_IED_LeonGreiff_SQuimi_e8296f,PUR_IED_LeonGreiff_SQuimi_e8296f,,,,,
2026-09-12T15:01:09-05:00,PUR_IED_LlanoOrientalS208_7b9fcd,PUR_IED_LlanoOrientalS208_7b9fcd,,,,,
2026-09-12T15:01:09-05:00,PUR_IED_LlanoOriental_Ext_fb3766,PUR_IED_LlanoOriental_Ext_fb3766,,,,,
2026-09-12T15:01:09-05:00,PUR_IED_LlanoOriental_S208_7b9fcd,PUR_IED_LlanoOriental_S208_7b9fcd,,,,,
2026-09-12T15:01:09-05:00,PUR_IED_LlanoOriental_S9_27b378,PUR_IED_LlanoOriental_S9_27b378,,,,,
2026-09-12T15:01:09-05:00,PUR_IED_LosTejares_1101_477602,PUR_IED_LosTejares_1101_477602,,,,,
2026-09-12T15:01:09-05:00,PUR_IED_LosTejares_11_d2c595,PUR_IED_LosTejares_11_d2c595,,,,,
2026-09-12T15:01:09-05:00,PUR_IED_LosTejares_12_477602,PUR_IED_LosTejares_12_477602,,,,,
2026-09-12T15:01:09-05:00,PUR_IED_LosTejares_Ext_8e2115,PUR_IED_LosTejares_Ext_8e2115,,,,,
2026-09-12T15:01:09-05:00,PUR_IED_MagdalenaO_B202_5ddda3,PUR_IED_MagdalenaO_B202_5ddda3,,,,,
2026-09-12T15:01:09-05:00,PUR_IED_MagdalenaO_B205_fb76e8,PUR_IED_MagdalenaO_B205_fb76e8,,,,,
2026-09-12T15:01:09-05:00,PUR_IED_MagdalenaO_ext_dc69cd,PUR_IED_MagdalenaO_ext_dc69cd,,,,,
2026-09-12T15:01:09-05:00,PUR_IED_ManueCepeda_artes_eee956,PUR_IED_ManueCepeda_artes_eee956,,,,,
2026-09-12T15:01:09-05:00,PUR_IED_ManuelCepeda_Ext_58313,PUR_IED_ManuelCepeda_Ext_58313,,,,,
2026-09-12T15:01:09-05:00,PUR_IED_ManuelCepeda_tec_1c5731,PUR_IED_ManuelCepeda_tec_1c5731,,,,,
2026-09-12T15:01:09-05:00,PUR_IED_ManuelS_Exterior_5b269,PUR_IED_ManuelS_Exterior_5b269,,,,,
2026-09-12T15:01:09-05:00,PUR_IED_ManuelS_Inform_f369ce,PUR_IED_ManuelS_Inform_f369ce,,,,,
2026-09-12T15:01:09-05:00,PUR_IED_ManuelS_SArtes_7d15f1,PUR_IED_ManuelS_SArtes_7d15f1,,,,,
2026-09-12T15:01:09-05:00,PUR_IED_ManuelZapata_303_3ca6,PUR_IED_ManuelZapata_303_3ca6,,,,,
2026-09-12T15:01:09-05:00,PUR_IED_ManuelZapata_311_bfbabc,PUR_IED_ManuelZapata_311_bfbabc,,,,,
2026-09-12T15:01:09-05:00,PUR_IED_ManuelZapata_Ext_50824a,PUR_IED_ManuelZapata_Ext_50824a,,,,,
2026-09-12T15:01:09-05:00,PUR_IED_ManuelitaS_Exteri_656a92,PUR_IED_ManuelitaS_Exteri_656a92,,,,,
2026-09-12T15:01:09-05:00,PUR_IED_ManuelitaS_JuzgDe_f58ec3,PUR_IED_ManuelitaS_JuzgDe_f58ec3,,,,,
2026-09-12T15:01:09-05:00,PUR_IED_ManuelitaS_Recrea_d793db,PUR_IED_ManuelitaS_Recrea_d793db,,,,,
2026-09-12T15:01:09-05:00,PUR_IED_MarFidSuarez_Ext_c27b19,PUR_IED_MarFidSuarez_Ext_c27b19,,,,,
2026-09-12T15:01:09-05:00,PUR_IED_MarFidSuarez_Info_e384d7,PUR_IED_MarFidSuarez_Info_e384d7,,,,,
2026-09-12T15:01:09-05:00,PUR_IED_MarFidSuarez_S306_1d0032,PUR_IED_MarFidSuarez_S306_1d0032,,,,,
2026-09-12T15:01:09-05:00,PUR_IED_Menorah_301_2a25a3,PUR_IED_Menorah_301_2a25a3,,,,,
2026-09-12T15:01:09-05:00,PUR_IED_Menorah_306_37ed3,PUR_IED_Menorah_306_37ed3,,,,,
2026-09-12T15:01:09-05:00,PUR_IED_Menorah_Ext_3e155b,PUR_IED_Menorah_Ext_3e155b,,,,,
2026-09-12T15:01:09-05:00,PUR_IED_MinutoB.Aires_A11_1b1604,PUR_IED_MinutoB.Aires_A11_1b1604,,,,,
2026-09-12T15:01:09-05:00,PUR_IED_MinutoB.Aires_A12_fb5860,PUR_IED_MinutoB.Aires_A12_fb5860,,,,,
2026-09-12T15:01:09-05:00,PUR_IED_MinutoB.Aires_Ext_81293f,PUR_IED_MinutoB.Aires_Ext_81293f,,,,,
2026-09-12T15:01:09-05:00,PUR_IED_MinutoBAires_A11_1b1604,PUR_IED_MinutoBAires_A11_1b1604,,,,,
2026-09-12T15:01:09-05:00,PUR_IED_MinutoBAires_A12_fb5860,PUR_IED_MinutoBAires_A12_fb5860,,,,,
2026-09-12T15:01:09-05:00,PUR_IED_MinutoBAires_Ext_81293f,PUR_IED_MinutoBAires_Ext_81293f,,,,,
2026-09-12T15:01:09-05:00,PUR_IED_Montreal_Aula10_1e4959,PUR_IED_Montreal_Aula10_1e4959,,,,,
2026-09-12T15:01:09-05:00,PUR_IED_Montreal_Aula6_300367,PUR_IED_Montreal_Aula6_300367,,,,,
2026-09-12T15:01:09-05:00,PUR_IED_Montreal_Exterior_91a179,PUR_IED_Montreal_Exterior_91a179,,,,,
2026-09-12T15:01:09-05:00,PUR_IED_Mqgdalena_B202_5ddda3,PUR_IED_Mqgdalena_B202_5ddda3,,,,,
2026-09-12T15:01:09-05:00,PUR_IED_NACUND_Soc_dc8728,PUR_IED_NACUND_Soc_dc8728,,,,,
2026-09-12T15:01:09-05:00,PUR_IED_NACUND_ext_27ad97,PUR_IED_NACUND_ext_27ad97,,,,,
2026-09-12T15:01:09-05:00,PUR_IED_NEsperanza_Ext_d24b61,PUR_IED_NEsperanza_Ext_d24b61,,,,,
2026-09-12T15:01:09-05:00,PUR_IED_NEsperanza_SElect_7d1807,PUR_IED_NEsperanza_SElect_7d1807,,,,,
2026-09-12T15:01:09-05:00,PUR_IED_NEsperanza_SLabor_8b2d0a,PUR_IED_NEsperanza_SLabor_8b2d0a,,,,,
2026-09-12T15:01:09-05:00,PUR_IED_NacionesU_Ext_f661a9,PUR_IED_NacionesU_Ext_f661a9,,,,,
2026-09-12T15:01:09-05:00,PUR_IED_NacionesU_Quimica_66f0a,PUR_IED_NacionesU_Quimica_66f0a,,,,,
2026-09-12T15:01:09-05:00,PUR_IED_NacionesU_S306_1b4b3d,PUR_IED_NacionesU_S306_1b4b3d,,,,,
2026-09-12T15:01:09-05:00,PUR_IED_NestorFA_Ext_e4201c,PUR_IED_NestorFA_Ext_e4201c,,,,,
2026-09-12T15:01:09-05:00,PUR_IED_NestorFA_Laborato_f22fe0,PUR_IED_NestorFA_Laborato_f22fe0,,,,,
2026-09-12T15:01:09-05:00,PUR_IED_NestorFA_S204_dee996,PUR_IED_NestorFA_S204_dee996,,,,,
2026-09-12T15:01:09-05:00,PUR_IED_NidyaQT_Aula03_76999b,PUR_IED_NidyaQT_Aula03_76999b,,,,,
2026-09-12T15:01:09-05:00,PUR_IED_NidyaQT_Aula10_56325,PUR_IED_NidyaQT_Aula10_56325,,,,,
2026-09-12T15:01:09-05:00,PUR_IED_NidyaQT_Ext_46e32d,PUR_IED_NidyaQT_Ext_46e32d,,,,,
2026-09-12T15:01:09-05:00,PUR_IED_NuevaCol_Exterior_d9b859,PUR_IED_NuevaCol_Exterior_d9b859,,,,,
2026-09-12T15:01:09-05:00,PUR_IED_NuevaCol_S1101_76c43b,PUR_IED_NuevaCol_S1101_76c43b,,,,,
2026-09-12T15:01:09-05:00,PUR_IED_NuevaCol_S1102_1ce0b5,PUR_IED_NuevaCol_S1102_1ce0b5,,,,,
2026-09-12T15:01:09-05:00,PUR_IED_OEA_A202_f7e3f2,PUR_IED_OEA_A202_f7e3f2,,,,,
2026-09-12T15:01:09-05:00,PUR_IED_OEA_A203_7d1b8d,PUR_IED_OEA_A203_7d1b8d,,,,,
2026-09-12T15:01:09-05:00,PUR_IED_OEA_Ext_27b593,PUR_IED_OEA_Ext_27b593,,,,,
2026-09-12T15:01:09-05:00,PUR_IED_Ochoa_Ext_1c29da,PUR_IED_Ochoa_Ext_1c29da,,,,,
2026-09-12T15:01:09-05:00,PUR_IED_Ochoa_S205_8b1121,PUR_IED_Ochoa_S205_8b1121,,,,,
2026-09-12T15:01:09-05:00,PUR_IED_Ochoa_Sistemas_f33af6,PUR_IED_Ochoa_Sistemas_f33af6,,,,,
2026-09-12T15:01:09-05:00,PUR_IED_PQuebec_Ext_1c67c7,PUR_IED_PQuebec_Ext_1c67c7,,,,,
2026-09-12T15:01:09-05:00,PUR_IED_PQuebec_S15_23e8e2,PUR_IED_PQuebec_S15_23e8e2,,,,,
2026-09-12T15:01:09-05:00,PUR_IED_PQuebec_S16_8ec76b,PUR_IED_PQuebec_S16_8ec76b,,,,,
2026-09-12T15:01:09-05:00,PUR_IED_PabloN_Ext_49dc96,PUR_IED_PabloN_Ext_49dc96,,,,,
2026-09-12T15:01:09-05:00,PUR_IED_PabloN_S1102_4e3df5,PUR_IED_PabloN_S1102_4e3df5,,,,,
2026-09-12T15:01:09-05:00,PUR_IED_PabloN_S1103_50c94b,PUR_IED_PabloN_S1103_50c94b,,,,,
2026-09-12T15:01:09-05:00,PUR_IED_Palestina_S1101_db9198,PUR_IED_Palestina_S1101_db9198,,,,,
2026-09-12T15:01:09-05:00,PUR_IED_Palestina_S1102_dc54fa,PUR_IED_Palestina_S1102_dc54fa,,,,,
2026-09-12T15:01:09-05:00,PUR_IED_Palestina_ext_4ccce6,PUR_IED_Palestina_ext_4ccce6,,,,,
2026-09-12T15:01:09-05:00,PUR_IED_Panama_Fisica_4d0794,PUR_IED_Panama_Fisica_4d0794,,,,,
2026-09-12T15:01:09-05:00,PUR_IED_Panama_SIngles_a4077e,PUR_IED_Panama_SIngles_a4077e,,,,,
2026-09-12T15:01:09-05:00,PUR_IED_Panama_ext_4c54b4,PUR_IED_Panama_ext_4c54b4,,,,,
2026-09-12T15:01:09-05:00,PUR_IED_ParaisoM_Exterior_8cd7f0,PUR_IED_ParaisoM_Exterior_8cd7f0,,,,,
2026-09-12T15:01:09-05:00,PUR_IED_ParaisoM_Laborato_27af35,PUR_IED_ParaisoM_Laborato_27af35,,,,,
2026-09-12T15:01:09-05:00,PUR_IED_ParaisoM_S304_d1edca,PUR_IED_ParaisoM_S304_d1edca,,,,,
2026-09-12T15:01:09-05:00,PUR_IED_PorfirioBarba_Ext_301466,PUR_IED_PorfirioBarba_Ext_301466,,,,,
2026-09-12T15:01:09-05:00,PUR_IED_PorfirioBarba_S11_df6cd2,PUR_IED_PorfirioBarba_S11_df6cd2,,,,,
2026-09-12T15:01:09-05:00,PUR_IED_PorfirioBarba_S29_27a7d6,PUR_IED_PorfirioBarba_S29_27a7d6,,,,,
2026-09-12T15:01:09-05:00,PUR_IED_PradoV_Exter_8b27ad,PUR_IED_PradoV_Exter_8b27ad,,,,,
2026-09-12T15:01:09-05:00,PUR_IED_PradoV_S301_de65b5,PUR_IED_PradoV_S301_de65b5,,,,,
2026-09-12T15:01:09-05:00,PUR_IED_PradoV_S302_7d2593,PUR_IED_PradoV_S302_7d2593,,,,,
2026-09-12T15:01:09-05:00,PUR_IED_QuirogaAlz_Ext_1ddc82,PUR_IED_QuirogaAlz_Ext_1ddc82,,,,,
2026-09-12T15:01:09-05:00,PUR_IED_QuirogaAlz_S302_9926a3,PUR_IED_QuirogaAlz_S302_9926a3,,,,,
2026-09-12T15:01:09-05:00,PUR_IED_QuirogaAlz_S305_cdf1f1,PUR_IED_QuirogaAlz_S305_cdf1f1,,,,,
2026-09-12T15:01:09-05:00,PUR_IED_RGuatemala_Biling_dc53b7,PUR_IED_RGuatemala_Biling_dc53b7,,,,,
2026-09-12T15:01:09-05:00,PUR_IED_RGuatemala_Ext_1b89a3,PUR_IED_RGuatemala_Ext_1b89a3,,,,,
2026-09-12T15:01:09-05:00,PUR_IED_RGuatemala_Tecnol_281a34,PUR_IED_RGuatemala_Tecnol_281a34,,,,,
2026-09-12T15:01:09-05:00,PUR_IED_RafaNu_Ext_f7c302,PUR_IED_RafaNu_Ext_f7c302,,,,,
2026-09-12T15:01:09-05:00,PUR_IED_RafaNu_S1101_25fde,PUR_IED_RafaNu_S1101_25fde,,,,,
2026-09-12T15:01:09-05:00,PUR_IED_RafaNu_S1102_281517,PUR_IED_RafaNu_S1102_281517,,,,,
2026-09-12T15:01:09-05:00,PUR_IED_RafaelB_S305_ee2783,PUR_IED_RafaelB_S305_ee2783,,,,,
2026-09-12T15:01:09-05:00,PUR_IED_RafaelB_S306_75fe33,PUR_IED_RafaelB_S306_75fe33,,,,,
2026-09-12T15:01:09-05:00,PUR_IED_RafaelB_ext_283336,PUR_IED_RafaelB_ext_283336,2,20,56,4.6722,-74.0737
2026-09-12T15:01:09-05:00,PUR_IED_RafaelUU_Exterior_281a51,PUR_IED_RafaelUU_Exterior_281a51,,,,,
2026-09-12T15:01:09-05:00,PUR_IED_RafaelUU_Human_806b2,PUR_IED_RafaelUU_Human_806b2,,,,,
2026-09-12T15:01:09-05:00,PUR_IED_RafaelUU_Mate2_5680d4,PUR_IED_RafaelUU_Mate2_5680d4,,,,,
2026-09-12T15:01:09-05:00,PUR_IED_RamonSub_Ext_f9eeb9,PUR_IED_RamonSub_Ext_f9eeb9,,,,,
2026-09-12T15:01:09-05:00,PUR_IED_RamonSub_Media_d1f62f,PUR_IED_RamonSub_Media_d1f62f,,,,,
2026-09-12T15:01:09-05:00,PUR_IED_RamonSub_planta_51b82,PUR_IED_RamonSub_planta_51b82,,,,,
2026-09-12T15:01:09-05:00,PUR_IED_RepBoliVene_Exter_27af7c,PUR_IED_RepBoliVene_Exter_27af7c,,,,,
2026-09-12T15:01:09-05:00,PUR_IED_RepBoliVene_SCPT_5ae2ee,PUR_IED_RepBoliVene_SCPT_5ae2ee,,,,,
2026-09-12T15:01:09-05:00,PUR_IED_RepBoliVene_Socia_4b11d5,PUR_IED_RepBoliVene_Socia_4b11d5,,,,,
2026-09-12T15:01:09-05:00,PUR_IED_RepChina_Ext_76d9ee,PUR_IED_RepChina_Ext_76d9ee,,,,,
2026-09-12T15:01:09-05:00,PUR_IED_RepChina_S404_7c804c,PUR_IED_RepChina_S404_7c804c,,,,,
2026-09-12T15:01:09-05:00,PUR_IED_RepChina_S405_df2c33,PUR_IED_RepChina_S405_df2c33,,,,,
2026-09-12T15:01:09-05:00,PUR_IED_RepublicaC_Exteri_7d1ec9,PUR_IED_RepublicaC_Exteri_7d1ec9,,,,,
2026-09-12T15:01:09-05:00,PUR_IED_RepublicaC_S1101_f544b3,PUR_IED_RepublicaC_S1101_f544b3,,,,,
2026-09-12T15:01:09-05:00,PUR_IED_RepublicaC_S1102_7aafc7,PUR_IED_RepublicaC_S1102_7aafc7,,,,,
2026-09-12T15:01:09-05:00,PUR_IED_Ricaurte_Externo_a0ea1,PUR_IED_Ricaurte_Externo_a0ea1,,,,,
2026-09-12T15:01:09-05:00,PUR_IED_Ricaurte_S210_f546fd,PUR_IED_Ricaurte_S210_f546fd,,,,,
2026-09-12T15:01:09-05:00,PUR_IED_Ricaurte_S309_d4452,PUR_IED_Ricaurte_S309_d4452,,,,,
2026-09-12T15:01:09-05:00,PUR_IED_RogelioS_1102_531e69,PUR_IED_RogelioS_1102_531e69,,,,,
2026-09-12T15:01:09-05:00,PUR_IED_RogelioS_Ext_f25a18,PUR_IED_RogelioS_Ext_f25a18,,,,,
2026-09-12T15:01:09-05:00,PUR_IED_SBernardino_Ext_27aff8,PUR_IED_SBernardino_Ext_27aff8,,,,,
2026-09-12T15:01:09-05:00,PUR_IED_SBernardino_SArte_2ffd33,PUR_IED_SBernardino_SArte_2ffd33,,,,,
2026-09-12T15:01:09-05:00,PUR_IED_SBernardino_SIngl_7c7da5,PUR_IED_SBernardino_SIngl_7c7da5,,,,,
2026-09-12T15:01:09-05:00,PUR_IED_Sago_auditorio_dc9d1d,PUR_IED_Sago_auditorio_dc9d1d,,,,,
2026-09-12T15:01:09-05:00,PUR_IED_Saludcoop_Ext_95aac3,PUR_IED_Saludcoop_Ext_95aac3,,,,,
2026-09-12T15:01:09-05:00,PUR_IED_Saludcoop_InfI_90c854,PUR_IED_Saludcoop_InfI_90c854,,,,,
2026-09-12T15:01:09-05:00,PUR_IED_Saludcoop_SMedia_1b93be,PUR_IED_Saludcoop_SMedia_1b93be,,,,,
2026-09-12T15:01:09-05:00,PUR_IED_SanCarlos_1101_1a2360,PUR_IED_SanCarlos_1101_1a2360,,,,,
2026-09-12T15:01:09-05:00,PUR_IED_SanCarlos_1103_7bafb5,PUR_IED_SanCarlos_1103_7bafb5,,,,,
2026-09-12T15:01:09-05:00,PUR_IED_SanCarlos_Ext_b7cd1,PUR_IED_SanCarlos_Ext_b7cd1,,,,,
2026-09-12T15:01:09-05:00,PUR_IED_SanIgnacioBosa11a_50c26e,PUR_IED_SanIgnacioBosa11a_50c26e,,,,,
2026-09-12T15:01:09-05:00,PUR_IED_SanIgnacioBosa11b_371de8,PUR_IED_SanIgnacioBosa11b_371de8,,,,,
2026-09-12T15:01:09-05:00,PUR_IED_SanIgnacioBosaExt_ef0ffc,PUR_IED_SanIgnacioBosaExt_ef0ffc,,,,,
2026-09-12T15:01:09-05:00,PUR_IED_SanIgnacioBosa_11a_50c26e,PUR_IED_SanIgnacioBosa_11a_50c26e,,,,,
2026-09-12T15:01:09-05:00,PUR_IED_SanIgnacioBosa_Ext_ef0ffc,PUR_IED_SanIgnacioBosa_Ext_ef0ffc,,,,,
2026-09-12T15:01:09-05:00,PUR_IED_SanJoseN_intS1101_31c47f,PUR_IED_SanJoseN_intS1101_31c47f,,,,,
2026-09-12T15:01:09-05:00,PUR_IED_SanJoseUsm_Exter_f5d7e8,PUR_IED_SanJoseUsm_Exter_f5d7e8,,,,,
2026-09-12T15:01:09-05:00,PUR_IED_SanJoseUsm_Int11A_cfdef6,PUR_IED_SanJoseUsm_Int11A_cfdef6,,,,,
2026-09-12T15:01:09-05:00,PUR_IED_SilveriaR_IntB5_905349,PUR_IED_SilveriaR_IntB5_905349,,,,,
2026-09-12T15:01:09-05:00,PUR_IED_SilveriaR_IntSD14_981f93,PUR_IED_SilveriaR_IntSD14_981f93,,,,,
2026-09-12T15:01:09-05:00,PUR_IED_SilveriaR_ext_2b651d,PUR_IED_SilveriaR_ext_2b651d,,,,,
2026-09-12T15:01:09-05:00,PUR_IED_SimonB_Exterior_913975,PUR_IED_SimonB_Exterior_913975,,,,,
2026-09-12T15:01:09-05:00,PUR_IED_SimonB_LabQuimi_c56908,PUR_IED_SimonB_LabQuimi_c56908,,,,,
2026-09-12T15:01:09-05:00,PUR_IED_SimonB_informatic_a28c1,PUR_IED_SimonB_informatic_a28c1,,,,,
2026-09-12T15:01:09-05:00,PUR_IED_Sorrento_1102_315f50,PUR_IED_Sorrento_1102_315f50,,,,,
2026-09-12T15:01:09-05:00,PUR_IED_Sorrento_Minte_214eab,PUR_IED_Sorrento_Minte_214eab,,,,,
2026-09-12T15:01:09-05:00,PUR_IED_Sorrento_ext_7c3a0a,PUR_IED_Sorrento_ext_7c3a0a,,,,,
2026-09-12T15:01:09-05:00,PUR_IED_Tabora_Ext_f048ae,PUR_IED_Tabora_Ext_f048ae,,,,,
2026-09-12T15:01:09-05:00,PUR_IED_Tabora_S1102_b07752,PUR_IED_Tabora_S1102_b07752,,,,,
2026-09-12T15:01:09-05:00,PUR_IED_Tabora_S1103_d988f5,PUR_IED_Tabora_S1103_d988f5,,,,,
2026-09-12T15:01:09-05:00,PUR_IED_Tenerife_Ext_1ab188,PUR_IED_Tenerife_Ext_1ab188,,,,,
2026-09-12T15:01:09-05:00,PUR_IED_Tenerife_SDanzas_7bc02e,PUR_IED_Tenerife_SDanzas_7bc02e,,,,,
2026-09-12T15:01:09-05:00,PUR_IED_Tenerife_SIngles_7cc277,PUR_IED_Tenerife_SIngles_7cc277,,,,,
2026-09-12T15:01:09-05:00,PUR_IED_Tibabuyes_Exter_f2683d,PUR_IED_Tibabuyes_Exter_f2683d,,,,,
2026-09-12T15:01:09-05:00,PUR_IED_Tibabuyes_S10_dc87a8,PUR_IED_Tibabuyes_S10_dc87a8,,,,,
2026-09-12T15:01:09-05:00,PUR_IED_Tibabuyes_S15_dc0526,PUR_IED_Tibabuyes_S15_dc0526,,,,,
2026-09-12T15:01:09-05:00,PUR_IED_UnionE_S301_a1043,PUR_IED_UnionE_S301_a1043,,,,,
2026-09-12T15:01:09-05:00,PUR_IED_UnionE_S307_ff6c2f,PUR_IED_UnionE_S307_ff6c2f,,,,,
2026-09-12T15:01:09-05:00,PUR_IED_UnionE__Ext_5e2468,PUR_IED_UnionE__Ext_5e2468,,,,,
2026-09-12T15:01:09-05:00,PUR_IED_VillaRica_Ext_75be7c,PUR_IED_VillaRica_Ext_75be7c,,,,,
2026-09-12T15:01:09-05:00,PUR_IED_VillaRica_S4_cc5dcd,PUR_IED_VillaRica_S4_cc5dcd,,,,,
2026-09-12T15:01:09-05:00,PUR_IED_VillaRica_Sesp_99f5c,PUR_IED_VillaRica_Sesp_99f5c,,,,,
2026-09-12T15:06:04-05:00,PUR_IED_20deJulio_1101_91b1b9,PUR_IED_20deJulio_1101_91b1b9,,,,,
2026-09-12T15:06:04-05:00,PUR_IED_20deJulio_1102_1cfcf9,PUR_IED_20deJulio_1102_1cfcf9,,,,,
2026-09-12T15:06:04-05:00,PUR_IED_20deJulio_Ext_ab60bd,PUR_IED_20deJulio_Ext_ab60bd,,,,,
2026-09-12T15:06:04-05:00,PUR_IED_AgustinFer_Ext_7b9b77,PUR_IED_AgustinFer_Ext_7b9b77,,,,,
2026-09-12T15:06:04-05:00,PUR_IED_AgustinFer_Info2_27b3a7,PUR_IED_AgustinFer_Info2_27b3a7,,,,,
2026-09-12T15:06:04-05:00,PUR_IED_AgustinFer_Sena_54b4eb,PUR_IED_AgustinFer_Sena_54b4eb,,,,,
2026-09-12T15:06:04-05:00,PUR_IED_AlexanderF_1102_caf07b,PUR_IED_AlexanderF_1102_caf07b,,,,,
2026-09-12T15:06:04-05:00,PUR_IED_AlexanderF_1103_c79e71,PUR_IED_AlexanderF_1103_c79e71,,,,,
2026-09-12T15:06:04-05:00,PUR_IED_AlexanderF_Ext_c5b18b,PUR_IED_AlexanderF_Ext_c5b18b,,,,,
2026-09-12T15:06:04-05:00,PUR_IED_AlfonsoLopez_Ext_281d77,PUR_IED_AlfonsoLopez_Ext_281d77,,,,,
2026-09-12T15:06:04-05:00,PUR_IED_AlfonsoLopez_LabF_888ce0,PUR_IED_AlfonsoLopez_LabF_888ce0,,,,,
2026-09-12T15:06:04-05:00,PUR_IED_AlfonsoLopez_SMed_df6a7f,PUR_IED_AlfonsoLopez_SMed_df6a7f,,,,,
2026-09-12T15:06:04-05:00,PUR_IED_AltamiraSO_A2_209f92,PUR_IED_AltamiraSO_A2_209f92,,,,,
2026-09-12T15:06:04-05:00,PUR_IED_AltamiraSO_Ext_186d66,PUR_IED_AltamiraSO_Ext_186d66,,,,,
2026-09-12T15:06:04-05:00,PUR_IED_AltamiraSO_Sistem_27afe1,PUR_IED_AltamiraSO_Sistem_27afe1,,,,,
2026-09-12T15:06:04-05:00,PUR_IED_AlvaroGom_LabQuim_813179,PUR_IED_AlvaroGom_LabQuim_813179,,,,,
2026-09-12T15:06:04-05:00,PUR_IED_AlvaroGomez_Ext_47c7ca,PUR_IED_AlvaroGomez_Ext_47c7ca,,,,,
2026-09-12T15:06:04-05:00,PUR_IED_AlvaroGomez_LabQuim_813179,PUR_IED_AlvaroGomez_LabQuim_813179,,,,,
2026-09-12T15:06:04-05:00,PUR_IED_AlvaroGomez_S23_7ba89f,PUR_IED_AlvaroGomez_S23_7ba89f,,,,,
2026-09-12T15:06:04-05:00,PUR_IED_Amistad_306_dc8728,PUR_IED_Amistad_306_dc8728,,,,,
2026-09-12T15:06:04-05:00,PUR_IED_Amistad_Ext_8cd55e,PUR_IED_Amistad_Ext_8cd55e,,,,,
2026-09-12T15:06:04-05:00,PUR_IED_Amistad_S202_a41169,PUR_IED_Amistad_S202_a41169,,,,,
2026-09-12T15:06:04-05:00,PUR_IED_AndresBello_Bio_fd5f5e,PUR_IED_AndresBello_Bio_fd5f5e,,,,,
2026-09-12T15:06:04-05:00,PUR_IED_AndresBello_ext_dcad65,PUR_IED_AndresBello_ext_dcad65,,,,,
2026-09-12T15:06:04-05:00,PUR_IED_AndresBello_port_eed3ec,PUR_IED_AndresBello_port_eed3ec,,,,,
2026-09-12T15:06:04-05:00,PUR_IED_AngelaR_11b_d90a6b,PUR_IED_AngelaR_11b_d90a6b,,,,,
2026-09-12T15:06:04-05:00,PUR_IED_AngelaR_ext_7cad3e,PUR_IED_AngelaR_ext_7cad3e,3,21,55,4.5825,-74.164497
2026-09-12T15:06:04-05:00,PUR_IED_AntJoseSucre_10mo_df2575,PUR_IED_AntJoseSucre_10mo_df2575,,,,,
2026-09-12T15:06:04-05:00,PUR_IED_AntJoseSucre_Ext_215b36,PUR_IED_AntJoseSucre_Ext_215b36,,,,,
2026-09-12T15:06:04-05:00,PUR_IED_AntJoseSucre_Lab_3139de,PUR_IED_AntJoseSucre_Lab_3139de,,,,,
2026-09-12T15:06:04-05:00,PUR_IED_AntonioGarcia_301_d6b188,PUR_IED_AntonioGarcia_301_d6b188,,,,,
2026-09-12T15:06:04-05:00,PUR_IED_AntonioGarcia_302_88a82,PUR_IED_AntonioGarcia_302_88a82,,,,,
2026-09-12T15:06:04-05:00,PUR_IED_AntonioGarcia_Ext_20950c,PUR_IED_AntonioGarcia_Ext_20950c,,,,,
2026-09-12T15:06:04-05:00,PUR_IED_AntonioVan_Aula2_6dea02,PUR_IED_AntonioVan_Aula2_6dea02,,,,,
2026-09-12T15:06:04-05:00,PUR_IED_AntonioVan_Aula5_f1557e,PUR_IED_AntonioVan_Aula5_f1557e,,,,,
2026-09-12T15:06:04-05:00,PUR_IED_AntonioVan_Ext_406f2f,PUR_IED_AntonioVan_Ext_406f2f,,,,,
2026-09-12T15:06:04-05:00,PUR_IED_Atabanzha_Ext_cc5af9,PUR_IED_Atabanzha_Ext_cc5af9,,,,,
2026-09-12T15:06:04-05:00,PUR_IED_Atabanzha_SA101_56c37,PUR_IED_Atabanzha_SA101_56c37,,,,,
2026-09-12T15:06:04-05:00,PUR_IED_Atabanzha_SB302_27b374,PUR_IED_Atabanzha_SB302_27b374,,,,,
2026-09-12T15:06:04-05:00,PUR_IED_Atahualpa_Ext_fc1748,PUR_IED_Atahualpa_Ext_fc1748,,,,,
2026-09-12T15:06:04-05:00,PUR_IED_Atahualpa_Informa_dc9a95,PUR_IED_Atahualpa_Informa_dc9a95,,,,,
2026-09-12T15:06:04-05:00,PUR_IED_Atahualpa_S1101_f98056,PUR_IED_Atahualpa_S1101_f98056,,,,,
2026-09-12T15:06:04-05:00,PUR_IED_Bellavista_Ext_f5aa74,PUR_IED_Bellavista_Ext_f5aa74,,,,,
2026-09-12T15:06:04-05:00,PUR_IED_Bilbao_11A_916c41,PUR_IED_Bilbao_11A_916c41,,,,,
2026-09-12T15:06:04-05:00,PUR_IED_Bilbao_Ext_fb579a,PUR_IED_Bilbao_Ext_fb579a,,,,,
2026-09-12T15:06:04-05:00,PUR_IED_BrasiliaU_A125_304280,PUR_IED_BrasiliaU_A125_304280,,,,,
2026-09-12T15:06:04-05:00,PUR_IED_BrasiliaU_A203_7c8ca5,PUR_IED_BrasiliaU_A203_7c8ca5,,,,,
2026-09-12T15:06:04-05:00,PUR_IED_BrasiliaU_Ext_8d6e9f,PUR_IED_BrasiliaU_Ext_8d6e9f,3,21,52,4.5175,-74.116302
2026-09-12T15:06:04-05:00,PUR_IED_Brasilia_Ext_fe6593,PUR_IED_Brasilia_Ext_fe6593,,,,,
2026-09-12T15:06:04-05:00,PUR_IED_Brasilia_S24_7c130d,PUR_IED_Brasilia_S24_7c130d,,,,,
2026-09-12T15:06:04-05:00,PUR_IED_Brasilia_S501_186a54,PUR_IED_Brasilia_S501_186a54,,,,,
2026-09-12T15:06:04-05:00,PUR_IED_CHARRY_EXT_f1d5cd,PUR_IED_CHARRY_EXT_f1d5cd,,,,,
2026-09-12T15:06:04-05:00,PUR_IED_CHARRY_INTDANZAS_7a08e6,PUR_IED_CHARRY_INTDANZAS_7a08e6,,,,,
2026-09-12T15:06:04-05:00,PUR_IED_CHARRY_INT_AULA20_dc998d,PUR_IED_CHARRY_INT_AULA20_dc998d,,,,,
2026-09-12T15:06:04-05:00,PUR_IED_COLVIV_1101_S25_7f520a,PUR_IED_COLVIV_1101_S25_7f520a,,,,,
2026-09-12T15:06:04-05:00,PUR_IED_COLVIV_1102_S16_f570ba,PUR_IED_COLVIV_1102_S16_f570ba,,,,,
2026-09-12T15:06:04-05:00,PUR_IED_COLVIV_Ext_1a26fa,PUR_IED_COLVIV_Ext_1a26fa,,,,,
2026-09-12T15:06:04-05:00,PUR_IED_CULPOP_301A_f660f3,PUR_IED_CULPOP_301A_f660f3,,,,,
2026-09-12T15:06:04-05:00,PUR_IED_CULPOP_303_568afe,PUR_IED_CULPOP_303_568afe,,,,,
2026-09-12T15:06:04-05:00,PUR_IED_CULPOP_Ext_e02ccb,PUR_IED_CULPOP_Ext_e02ccb,,,,,
2026-09-12T15:06:04-05:00,PUR_IED_CVillavicen_Ext_26eb58,PUR_IED_CVillavicen_Ext_26eb58,3,17,72,4.487,-74.102798
2026-09-12T15:06:04-05:00,PUR_IED_CVillavicen_Intel_1ce5c2,PUR_IED_CVillavicen_Intel_1ce5c2,,,,,
2026-09-12T15:06:04-05:00,PUR_IED_CVillavicen_Poliv_e0766c,PUR_IED_CVillavicen_Poliv_e0766c,,,,,
2026-09-12T15:06:04-05:00,PUR_IED_CVillavicen_int_1ba140,PUR_IED_CVillavicen_int_1ba140,,,,,
2026-09-12T15:06:04-05:00,PUR_IED_CVillavicen_intel_1ba140,PUR_IED_CVillavicen_intel_1ba140,,,,,
2026-09-12T15:06:04-05:00,PUR_IED_CarlosPizarro_Ext_e307cc,PUR_IED_CarlosPizarro_Ext_e307cc,,,,,
2026-09-12T15:06:04-05:00,PUR_IED_CarlosPizarro_L36_7e5cdb,PUR_IED_CarlosPizarro_L36_7e5cdb,,,,,
2026-09-12T15:06:04-05:00,PUR_IED_CarlosPizarro_L37_c8566c,PUR_IED_CarlosPizarro_L37_c8566c,,,,,
2026-09-12T15:06:04-05:00,PUR_IED_Castilla_Ext_cf35f,PUR_IED_Castilla_Ext_cf35f,,,,,
2026-09-12T15:06:04-05:00,PUR_IED_Castilla_SFisik_360e38,PUR_IED_Castilla_SFisik_360e38,,,,,
2026-09-12T15:06:04-05:00,PUR_IED_Castilla_Sc304_496fbf,PUR_IED_Castilla_Sc304_496fbf,,,,,
2026-09-12T15:06:04-05:00,PUR_IED_CervantesSa_Ext_6b57b,PUR_IED_CervantesSa_Ext_6b57b,2,20,60,4.5128,-74.117203
2026-09-12T15:06:04-05:00,PUR_IED_CervantesSa_S107_225c2b,PUR_IED_CervantesSa_S107_225c2b,,,,,
2026-09-12T15:06:04-05:00,PUR_IED_CervantesSa_S108_940925,PUR_IED_CervantesSa_S108_940925,,,,,
2026-09-12T15:06:04-05:00,PUR_IED_Charry_A20_f53e7c,PUR_IED_Charry_A20_f53e7c,,,,,
2026-09-12T15:06:04-05:00,PUR_IED_Charry_Ext_f1d5cd,PUR_IED_Charry_Ext_f1d5cd,,,,,
2026-09-12T15:06:04-05:00,PUR_IED_Charry_IntAula20_dc998d,PUR_IED_Charry_IntAula20_dc998d,,,,,
2026-09-12T15:06:04-05:00,PUR_IED_Charry_IntDanzas_7a08e6,PUR_IED_Charry_IntDanzas_7a08e6,,,,,
2026-09-12T15:06:04-05:00,PUR_IED_ClememciaC_203_43e2fc,PUR_IED_ClememciaC_203_43e2fc,,,,,
2026-09-12T15:06:04-05:00,PUR_IED_ClememciaC_Ext_1b411a,PUR_IED_ClememciaC_Ext_1b411a,,,,,
2026-09-12T15:06:04-05:00,PUR_IED_ClememciaC_Quimic_44b5fc,PUR_IED_ClememciaC_Quimic_44b5fc,,,,,
2026-09-12T15:06:04-05:00,PUR_IED_ClemenciaC_203_43e2fc,PUR_IED_ClemenciaC_203_43e2fc,,,,,
2026-09-12T15:06:04-05:00,PUR_IED_ClemenciaC_Ext_1b411a,PUR_IED_ClemenciaC_Ext_1b411a,,,,,
2026-09-12T15:06:04-05:00,PUR_IED_ClemenciaC_Quimic_44b5fc,PUR_IED_ClemenciaC_Quimic_44b5fc,,,,,
2026-09-12T15:06:04-05:00,PUR_IED_ColViva_1101_S25_7f520a,PUR_IED_ColViva_1101_S25_7f520a,,,,,
2026-09-12T15:06:04-05:00,PUR_IED_ColViva_1102_S16_f570ba,PUR_IED_ColViva_1102_S16_f570ba,,,,,
2026-09-12T15:06:04-05:00,PUR_IED_ColViva_Ext_1a26fa,PUR_IED_ColViva_Ext_1a26fa,,,,,
2026-09-12T15:06:04-05:00,PUR_IED_ColegioBici_Asist_7c8798,PUR_IED_ColegioBici_Asist_7c8798,,,,,
2026-09-12T15:06:04-05:00,PUR_IED_ColegioBici_Ext_25cbf6,PUR_IED_ColegioBici_Ext_25cbf6,,,,,
2026-09-12T15:06:04-05:00,PUR_IED_ColegioBici_LabQ_7b57db,PUR_IED_ColegioBici_LabQ_7b57db,,,,,
2026-09-12T15:06:04-05:00,PUR_IED_CostaRica_Ext_5e640,PUR_IED_CostaRica_Ext_5e640,,,,,
2026-09-12T15:06:04-05:00,PUR_IED_CostaRica_Quim1_766d1c,PUR_IED_CostaRica_Quim1_766d1c,,,,,
2026-09-12T15:06:04-05:00,PUR_IED_CostaRica__Fisica_6f0873,PUR_IED_CostaRica__Fisica_6f0873,,,,,
2026-09-12T15:06:04-05:00,PUR_IED_CulPopu_301A_f660f3,PUR_IED_CulPopu_301A_f660f3,,,,,
2026-09-12T15:06:04-05:00,PUR_IED_CulPopu_303_568afe,PUR_IED_CulPopu_303_568afe,,,,,
2026-09-12T15:06:04-05:00,PUR_IED_CulPopu_Ext_e02ccb,PUR_IED_CulPopu_Ext_e02ccb,,,,,
2026-09-12T15:06:04-05:00,PUR_IED_Cundinamarca_Ext_f15985,PUR_IED_Cundinamarca_Ext_f15985,,,,,
2026-09-12T15:06:04-05:00,PUR_IED_Cundinamarca_Info_7aa5d7,PUR_IED_Cundinamarca_Info_7aa5d7,,,,,
2026-09-12T15:06:04-05:00,PUR_IED_Cundinamarca_Tec2_f449c7,PUR_IED_Cundinamarca_Tec2_f449c7,,,,,
2026-09-12T15:06:04-05:00,PUR_IED_DiegoM_Aula1_27b314,PUR_IED_DiegoM_Aula1_27b314,,,,,
2026-09-12T15:06:04-05:00,PUR_IED_DiegoM_Ext_d80ac8,PUR_IED_DiegoM_Ext_d80ac8,,,,,
2026-09-12T15:06:04-05:00,PUR_IED_DiegoM_S25_da928f,PUR_IED_DiegoM_S25_da928f,,,,,
2026-09-12T15:06:04-05:00,PUR_IED_ELRODEO_360881,PUR_IED_ELRODEO_360881,,,,,
2026-09-12T15:06:04-05:00,PUR_IED_ELRODEO_ext_360881,PUR_IED_ELRODEO_ext_360881,,,,,
2026-09-12T15:06:04-05:00,PUR_IED_EduardoU_Ext_1c1969,PUR_IED_EduardoU_Ext_1c1969,,,,,
2026-09-12T15:06:04-05:00,PUR_IED_EduardoU_SCiencia_4dfb94,PUR_IED_EduardoU_SCiencia_4dfb94,,,,,
2026-09-12T15:06:04-05:00,PUR_IED_EduardoU_SQuimica_5a46e7,PUR_IED_EduardoU_SQuimica_5a46e7,,,,,
2026-09-12T15:06:04-05:00,PUR_IED_ElRodeo_Aula14_676984,PUR_IED_ElRodeo_Aula14_676984,,,,,
2026-09-12T15:06:04-05:00,PUR_IED_ElRodeo_Aula16_2dd35b,PUR_IED_ElRodeo_Aula16_2dd35b,,,,,
2026-09-12T15:06:04-05:00,PUR_IED_ElRodeo_Ext_360881,PUR_IED_ElRodeo_Ext_360881,,,,,
2026-09-12T15:06:04-05:00,PUR_IED_ElRodeo_Exterior_8c6d28,PUR_IED_ElRodeo_Exterior_8c6d28,,,,,
2026-09-12T15:06:04-05:00,PUR_IED_ElRodeo_ext_360881,PUR_IED_ElRodeo_ext_360881,,,,,
2026-09-12T15:06:04-05:00,PUR_IED_EmmaReyes_Ext_987625,PUR_IED_EmmaReyes_Ext_987625,2,22,47,4.6367,-74.1511
2026-09-12T15:06:04-05:00,PUR_IED_Ensueño_Ext_7f0250,PUR_IED_Ensueño_Ext_7f0250,,,,,
2026-09-12T15:06:04-05:00,PUR_IED_EscNormal_Ext_5fef3b,PUR_IED_EscNormal_Ext_5fef3b,2,22,52,4.5852,-74.096901
2026-09-12T15:06:04-05:00,PUR_IED_EscNormal_S309_5b263,PUR_IED_EscNormal_S309_5b263,,,,,
2026-09-12T15:06:04-05:00,PUR_IED_EscNormal_S310_27b3b8,PUR_IED_EscNormal_S310_27b3b8,,,,,
2026-09-12T15:06:04-05:00,PUR_IED_Evangelista_Conta_f6cd4f,PUR_IED_Evangelista_Conta_f6cd4f,,,,,
2026-09-12T15:06:04-05:00,PUR_IED_Evangelista_Cri_5e16a,PUR_IED_Evangelista_Cri_5e16a,,,,,
2026-09-12T15:06:04-05:00,PUR_IED_Evangelista_Exter_754066,PUR_IED_Evangelista_Exter_754066,,,,,
2026-09-12T15:06:04-05:00,PUR_IED_FMiranda_S209_5cc2a3,PUR_IED_FMiranda_S209_5cc2a3,,,,,
2026-09-12T15:06:04-05:00,PUR_IED_FMiranda_S303_19e344,PUR_IED_FMiranda_S303_19e344,,,,,
2026-09-12T15:06:04-05:00,PUR_IED_FMiranda_ext_f53e7c,PUR_IED_FMiranda_ext_f53e7c,,,,,
2026-09-12T15:06:04-05:00,PUR_IED_FabioLozano_Bibli_1cee05,PUR_IED_FabioLozano_Bibli_1cee05,,,,,
2026-09-12T15:06:04-05:00,PUR_IED_FabioLozano_Ext_6ea285,PUR_IED_FabioLozano_Ext_6ea285,,,,,
2026-09-12T15:06:04-05:00,PUR_IED_FabioLozano_SLudi_f09e1e,PUR_IED_FabioLozano_SLudi_f09e1e,,,,,
2026-09-12T15:06:04-05:00,PUR_IED_FaustinoS_Aula07_27a731,PUR_IED_FaustinoS_Aula07_27a731,,,,,
2026-09-12T15:06:04-05:00,PUR_IED_FaustinoS_Ext_7b936f,PUR_IED_FaustinoS_Ext_7b936f,,,,,
2026-09-12T15:06:04-05:00,PUR_IED_FaustinoS_Fisica_da2c60,PUR_IED_FaustinoS_Fisica_da2c60,,,,,
2026-09-12T15:06:04-05:00,PUR_IED_FeGarciaLo_Ext_dc68ee,PUR_IED_FeGarciaLo_Ext_dc68ee,,,,,
2026-09-12T15:06:04-05:00,PUR_IED_FeGarciaLo_SDanza_f70a59,PUR_IED_FeGarciaLo_SDanza_f70a59,,,,,
2026-09-12T15:06:04-05:00,PUR_IED_FeGarciaLo_SMusic_125cdd,PUR_IED_FeGarciaLo_SMusic_125cdd,,,,,
2026-09-12T15:06:04-05:00,PUR_IED_FederalAlema_Exte_50c345,PUR_IED_FederalAlema_Exte_50c345,,,,,
2026-09-12T15:06:04-05:00,PUR_IED_FederalAlema_S31_f18371,PUR_IED_FederalAlema_S31_f18371,,,,,
2026-09-12T15:06:04-05:00,PUR_IED_FederalAlema_S901_a62cd,PUR_IED_FederalAlema_S901_a62cd,,,,,
2026-09-12T15:06:04-05:00,PUR_IED_FilarmonicaS_A5_f35eb1,PUR_IED_FilarmonicaS_A5_f35eb1,,,,,
2026-09-12T15:06:04-05:00,PUR_IED_FilarmonicaS_Ext_8a3bde,PUR_IED_FilarmonicaS_Ext_8a3bde,,,,,
2026-09-12T15:06:04-05:00,PUR_IED_FilarmonicaS_Spol_406114,PUR_IED_FilarmonicaS_Spol_406114,,,,,
2026-09-12T15:06:04-05:00,PUR_IED_FlorentinoG_A13_d1fa59,PUR_IED_FlorentinoG_A13_d1fa59,,,,,
2026-09-12T15:06:04-05:00,PUR_IED_FlorentinoG_Ext_1ce6ce,PUR_IED_FlorentinoG_Ext_1ce6ce,,,,,
2026-09-12T15:06:04-05:00,PUR_IED_FlorentinoG_Idiom_a66aac,PUR_IED_FlorentinoG_Idiom_a66aac,,,,,
2026-09-12T15:06:04-05:00,PUR_IED_FranciscoMati_Ext_e3869d,PUR_IED_FranciscoMati_Ext_e3869d,,,,,
2026-09-12T15:06:04-05:00,PUR_IED_FranciscoMati_S13_f31c67,PUR_IED_FranciscoMati_S13_f31c67,,,,,
2026-09-12T15:06:04-05:00,PUR_IED_FranciscoMati_S14_97dead,PUR_IED_FranciscoMati_S14_97dead,,,,,
2026-09-12T15:06:04-05:00,PUR_IED_FranciscoPS_Ext_7bfa9a,PUR_IED_FranciscoPS_Ext_7bfa9a,2,22,52,4.5899,-74.110397
2026-09-12T15:06:04-05:00,PUR_IED_FranciscoPS_Infor_fb8f4c,PUR_IED_FranciscoPS_Infor_fb8f4c,,,,,
2026-09-12T15:06:04-05:00,PUR_IED_FranciscoPS_Quimi_94d39c,PUR_IED_FranciscoPS_Quimi_94d39c,,,,,
2026-09-12T15:06:04-05:00,PUR_IED_FranciscoP_LabQ_d7e148,PUR_IED_FranciscoP_LabQ_d7e148,,,,,
2026-09-12T15:06:04-05:00,PUR_IED_FranciscoP_S28_cf9b30,PUR_IED_FranciscoP_S28_cf9b30,,,,,
2026-09-12T15:06:04-05:00,PUR_IED_FranciscoP_ext_e2313,PUR_IED_FranciscoP_ext_e2313,,,,,
2026-09-12T15:06:04-05:00,PUR_IED_FriederichN_Ext_8ac92a,PUR_IED_FriederichN_Ext_8ac92a,,,,,
2026-09-12T15:06:04-05:00,PUR_IED_FriederichN_S301_dd7e5a,PUR_IED_FriederichN_S301_dd7e5a,,,,,
2026-09-12T15:06:04-05:00,PUR_IED_FriederichN_S308_761f4f,PUR_IED_FriederichN_S308_761f4f,,,,,
2026-09-12T15:06:04-05:00,PUR_IED_GSantander_Aula10_533dd7,PUR_IED_GSantander_Aula10_533dd7,,,,,
2026-09-12T15:06:04-05:00,PUR_IED_GSantander_Aula12_fd4e4f,PUR_IED_GSantander_Aula12_fd4e4f,,,,,
2026-09-12T15:06:04-05:00,PUR_IED_GSantander_Aula310_533dd7,PUR_IED_GSantander_Aula310_533dd7,,,,,
2026-09-12T15:06:04-05:00,PUR_IED_GSantander_Aula312_fd4e4f,PUR_IED_GSantander_Aula312_fd4e4f,,,,,
2026-09-12T15:06:04-05:00,PUR_IED_GSantander_Ext_5f66b0,PUR_IED_GSantander_Ext_5f66b0,,,,,
2026-09-12T15:06:04-05:00,PUR_IED_GYomasa_Ext_f6bea5,PUR_IED_GYomasa_Ext_f6bea5,,,,,
2026-09-12T15:06:04-05:00,PUR_IED_GYomasa_LBiol_2c41aa,PUR_IED_GYomasa_LBiol_2c41aa,,,,,
2026-09-12T15:06:04-05:00,PUR_IED_GYomasa_LQuim_33c80,PUR_IED_GYomasa_LQuim_33c80,,,,,
2026-09-12T15:06:04-05:00,PUR_IED_GabBetMejia_Cienc_5a99c,PUR_IED_GabBetMejia_Cienc_5a99c,,,,,
2026-09-12T15:06:04-05:00,PUR_IED_GabBetMejia_Ext_9153d0,PUR_IED_GabBetMejia_Ext_9153d0,,,,,
2026-09-12T15:06:04-05:00,PUR_IED_GabBetMejia_Lab_f55347,PUR_IED_GabBetMejia_Lab_f55347,,,,,
2026-09-12T15:06:04-05:00,PUR_IED_GabBetanMejia_Ext_9153d0,PUR_IED_GabBetanMejia_Ext_9153d0,,,,,
2026-09-12T15:06:04-05:00,PUR_IED_Gaitana_Aula13_7aac11,PUR_IED_Gaitana_Aula13_7aac11,,,,,
2026-09-12T15:06:04-05:00,PUR_IED_Gaitana_Ext_5fcf4,PUR_IED_Gaitana_Ext_5fcf4,,,,,
2026-09-12T15:06:04-05:00,PUR_IED_Gaitana_LabFisica_644448,PUR_IED_Gaitana_LabFisica_644448,,,,,
2026-09-12T15:06:04-05:00,PUR_IED_GenSantander_Dise_8ac858,PUR_IED_GenSantander_Dise_8ac858,,,,,
2026-09-12T15:06:04-05:00,PUR_IED_GenSantander_Ext_8d5dfe,PUR_IED_GenSantander_Ext_8d5dfe,,,,,
2026-09-12T15:06:04-05:00,PUR_IED_GenSantander_Info_6c25b,PUR_IED_GenSantander_Info_6c25b,,,,,
2026-09-12T15:06:04-05:00,PUR_IED_GustavoMo_Exterio_75e63d,PUR_IED_GustavoMo_Exterio_75e63d,,,,,
2026-09-12T15:06:04-05:00,PUR_IED_GustavoMo_LabFisi_224d37,PUR_IED_GustavoMo_LabFisi_224d37,,,,,
2026-09-12T15:06:04-05:00,PUR_IED_GustavoMo_S208_3e6918,PUR_IED_GustavoMo_S208_3e6918,,,,,
2026-09-12T15:06:04-05:00,PUR_IED_GustavoR_A02_8cd4a8,PUR_IED_GustavoR_A02_8cd4a8,,,,,
2026-09-12T15:06:04-05:00,PUR_IED_GustavoR_B11_5b0ed,PUR_IED_GustavoR_B11_5b0ed,,,,,
2026-09-12T15:06:04-05:00,PUR_IED_GustavoR_Ext_7a0c90,PUR_IED_GustavoR_Ext_7a0c90,,,,,
2026-09-12T15:06:04-05:00,PUR_IED_HernandoDuran_Ext_8cd82b,PUR_IED_HernandoDuran_Ext_8cd82b,,,,,
2026-09-12T15:06:04-05:00,PUR_IED_HernandoDuran_S24_2772c6,PUR_IED_HernandoDuran_S24_2772c6,,,,,
2026-09-12T15:06:04-05:00,PUR_IED_HernandoDuran_S30_f2de41,PUR_IED_HernandoDuran_S30_f2de41,,,,,
2026-09-12T15:06:04-05:00,PUR_IED_HolguInUr_S1101_8cd732,PUR_IED_HolguInUr_S1101_8cd732,,,,,
2026-09-12T15:06:04-05:00,PUR_IED_HolguinUr_Exter_ddae6d,PUR_IED_HolguinUr_Exter_ddae6d,,,,,
2026-09-12T15:06:04-05:00,PUR_IED_HolguinUr_LabQuim_92b952,PUR_IED_HolguinUr_LabQuim_92b952,,,,,
2026-09-12T15:06:04-05:00,PUR_IED_Isabel-II_Ext_5245cc,PUR_IED_Isabel-II_Ext_5245cc,2,20,52,4.6336,-74.153
2026-09-12T15:06:04-05:00,PUR_IED_Isabel-II_S_idiom_1c29aa,PUR_IED_Isabel-II_S_idiom_1c29aa,,,,,
2026-09-12T15:06:04-05:00,PUR_IED_Isabel-II_S_infor_fd741,PUR_IED_Isabel-II_S_infor_fd741,,,,,
2026-09-12T15:06:04-05:00,PUR_IED_IsidroSur_Exterio_5b90ea,PUR_IED_IsidroSur_Exterio_5b90ea,,,,,
2026-09-12T15:06:04-05:00,PUR_IED_IsidroSur_LabTec_56697a,PUR_IED_IsidroSur_LabTec_56697a,,,,,
2026-09-12T15:06:04-05:00,PUR_IED_IsidroSur_Robotic_b7c38f,PUR_IED_IsidroSur_Robotic_b7c38f,,,,,
2026-09-12T15:06:04-05:00,PUR_IED_IsmaelPerd_Ext_7b6672,PUR_IED_IsmaelPerd_Ext_7b6672,,,,,
2026-09-12T15:06:04-05:00,PUR_IED_IsmaelPerd_Inform_306540,PUR_IED_IsmaelPerd_Inform_306540,,,,,
2026-09-12T15:06:04-05:00,PUR_IED_IsmaelPerd_S30_2e2c83,PUR_IED_IsmaelPerd_S30_2e2c83,,,,,
2026-09-12T15:06:04-05:00,PUR_IED_JLozano_Exter_432910,PUR_IED_JLozano_Exter_432910,,,,,
2026-09-12T15:06:04-05:00,PUR_IED_JLozano_salaMulti_df5125,PUR_IED_JLozano_salaMulti_df5125,,,,,
2026-09-12T15:06:04-05:00,PUR_IED_JMCordoba_206_86f80b,PUR_IED_JMCordoba_206_86f80b,,,,,
2026-09-12T15:06:04-05:00,PUR_IED_JMCordoba_Ext_27ad97,PUR_IED_JMCordoba_Ext_27ad97,,,,,
2026-09-12T15:06:04-05:00,PUR_IED_JMCordoba_S310_d59ab4,PUR_IED_JMCordoba_S310_d59ab4,,,,,
2026-09-12T15:06:04-05:00,PUR_IED_Japon_Ext_549100,PUR_IED_Japon_Ext_549100,,,,,
2026-09-12T15:06:04-05:00,PUR_IED_Japon_Laboratorio_bec51d,PUR_IED_Japon_Laboratorio_bec51d,,,,,
2026-09-12T15:06:04-05:00,PUR_IED_Japon_informatica_d99327,PUR_IED_Japon_informatica_d99327,,,,,
2026-09-12T15:06:04-05:00,PUR_IED_Jazmin_Ext_d27bda,PUR_IED_Jazmin_Ext_d27bda,,,,,
2026-09-12T15:06:04-05:00,PUR_IED_Jazmin_Fisica_8d14d7,PUR_IED_Jazmin_Fisica_8d14d7,,,,,
2026-09-12T15:06:04-05:00,PUR_IED_Jazmin_Quimica_801cb5,PUR_IED_Jazmin_Quimica_801cb5,,,,,
2026-09-12T15:06:04-05:00,PUR_IED_JorgeGaitan_Exter_f098d1,PUR_IED_JorgeGaitan_Exter_f098d1,,,,,
2026-09-12T15:06:04-05:00,PUR_IED_JorgeGaitan_STec1_dc9d1d,PUR_IED_JorgeGaitan_STec1_dc9d1d,,,,,
2026-09-12T15:06:04-05:00,PUR_IED_JorgeGaitan_STec2_281e69,PUR_IED_JorgeGaitan_STec2_281e69,,,,,
2026-09-12T15:06:04-05:00,PUR_IED_JorgeSoto_Exterio_d9d0a2,PUR_IED_JorgeSoto_Exterio_d9d0a2,,,,,
2026-09-12T15:06:04-05:00,PUR_IED_JorgeSoto_LabFisi_209c54,PUR_IED_JorgeSoto_LabFisi_209c54,,,,,
2026-09-12T15:06:04-05:00,PUR_IED_JorgeSoto_S103_27b51a,PUR_IED_JorgeSoto_S103_27b51a,,,,,
2026-09-12T15:06:04-05:00,PUR_IED_JoseAcevedo_A02_e965eb,PUR_IED_JoseAcevedo_A02_e965eb,,,,,
2026-09-12T15:06:04-05:00,PUR_IED_JoseAcevedo_A07_dd5b4,PUR_IED_JoseAcevedo_A07_dd5b4,,,,,
2026-09-12T15:06:04-05:00,PUR_IED_JoseAcevedo_Ext_b47484,PUR_IED_JoseAcevedo_Ext_b47484,,,,,
2026-09-12T15:06:04-05:00,PUR_IED_JoseMarti_Exte_5b9bf,PUR_IED_JoseMarti_Exte_5b9bf,,,,,
2026-09-12T15:06:04-05:00,PUR_IED_JoseMarti_LabQuim_1c6c2d,PUR_IED_JoseMarti_LabQuim_1c6c2d,,,,,
2026-09-12T15:06:04-05:00,PUR_IED_JoseMarti_S_info_f5f177,PUR_IED_JoseMarti_S_info_f5f177,,,,,
2026-09-12T15:06:04-05:00,PUR_IED_Josejoaquin_Ext_dfc5dc,PUR_IED_Josejoaquin_Ext_dfc5dc,,,,,
2026-09-12T15:06:04-05:00,PUR_IED_Josejoaquin_S05_5b2a96,PUR_IED_Josejoaquin_S05_5b2a96,,,,,
2026-09-12T15:06:04-05:00,PUR_IED_Josejoaquin_S06_1ce7d2,PUR_IED_Josejoaquin_S06_1ce7d2,,,,,
2026-09-12T15:06:04-05:00,PUR_IED_JulioFlorez_Danza_9b82dd,PUR_IED_JulioFlorez_Danza_9b82dd,,,,,
2026-09-12T15:06:04-05:00,PUR_IED_JulioFlorez_Exter_f9f314,PUR_IED_JulioFlorez_Exter_f9f314,,,,,
2026-09-12T15:06:04-05:00,PUR_IED_JulioFlorez_info2_6b6e08,PUR_IED_JulioFlorez_info2_6b6e08,,,,,
2026-09-12T15:06:04-05:00,PUR_IED_LaBelleza_Aula13_1d00d8,PUR_IED_LaBelleza_Aula13_1d00d8,,,,,
2026-09-12T15:06:04-05:00,PUR_IED_LaBelleza_Ext_7bc08c,PUR_IED_LaBelleza_Ext_7bc08c,,,,,
2026-09-12T15:06:04-05:00,PUR_IED_LaChucua_Ext_8cd6d2,PUR_IED_LaChucua_Ext_8cd6d2,,,,,
2026-09-12T15:06:04-05:00,PUR_IED_LaChucua_S15_f578ce,PUR_IED_LaChucua_S15_f578ce,,,,,
2026-09-12T15:06:04-05:00,PUR_IED_LaChucua_S16_eebcf9,PUR_IED_LaChucua_S16_eebcf9,,,,,
2026-09-12T15:06:04-05:00,PUR_IED_LaFelicidad_Ext_fb5109,PUR_IED_LaFelicidad_Ext_fb5109,,,,,
2026-09-12T15:06:04-05:00,PUR_IED_LaMerced_206_66ebd,PUR_IED_LaMerced_206_66ebd,,,,,
2026-09-12T15:06:04-05:00,PUR_IED_LaMerced_207_6ebd6,PUR_IED_LaMerced_207_6ebd6,,,,,
2026-09-12T15:06:04-05:00,PUR_IED_LaMerced_ext_304311,PUR_IED_LaMerced_ext_304311,,,,,
2026-09-12T15:06:04-05:00,PUR_IED_Laureano_CiencNat_281e5e,PUR_IED_Laureano_CiencNat_281e5e,,,,,
2026-09-12T15:06:04-05:00,PUR_IED_Laureano_Comedor_f65c0a,PUR_IED_Laureano_Comedor_f65c0a,,,,,
2026-09-12T15:06:04-05:00,PUR_IED_Laureano_Exterior_7ab011,PUR_IED_Laureano_Exterior_7ab011,,,,,
2026-09-12T15:06:04-05:00,PUR_IED_LeonGreiff_Exte_dfe560,PUR_IED_LeonGreiff_Exte_dfe560,,,,,
2026-09-12T15:06:04-05:00,PUR_IED_LeonGreiff_S210_f264ed,PUR_IED_LeonGreiff_S210_f264ed,,,,,
2026-09-12T15:06:04-05:00,PUR_IED_LeonGreiff_SQuimi_e8296f,PUR_IED_LeonGreiff_SQuimi_e8296f,,,,,
2026-09-12T15:06:04-05:00,PUR_IED_LlanoOrientalS208_7b9fcd,PUR_IED_LlanoOrientalS208_7b9fcd,,,,,
2026-09-12T15:06:04-05:00,PUR_IED_LlanoOriental_Ext_fb3766,PUR_IED_LlanoOriental_Ext_fb3766,,,,,
2026-09-12T15:06:04-05:00,PUR_IED_LlanoOriental_S208_7b9fcd,PUR_IED_LlanoOriental_S208_7b9fcd,,,,,
2026-09-12T15:06:04-05:00,PUR_IED_LlanoOriental_S9_27b378,PUR_IED_LlanoOriental_S9_27b378,,,,,
2026-09-12T15:06:04-05:00,PUR_IED_LosTejares_1101_477602,PUR_IED_LosTejares_1101_477602,,,,,
2026-09-12T15:06:04-05:00,PUR_IED_LosTejares_11_d2c595,PUR_IED_LosTejares_11_d2c595,,,,,
2026-09-12T15:06:04-05:00,PUR_IED_LosTejares_12_477602,PUR_IED_LosTejares_12_477602,,,,,
2026-09-12T15:06:04-05:00,PUR_IED_LosTejares_Ext_8e2115,PUR_IED_LosTejares_Ext_8e2115,,,,,
2026-09-12T15:06:04-05:00,PUR_IED_MagdalenaO_B202_5ddda3,PUR_IED_MagdalenaO_B202_5ddda3,,,,,
2026-09-12T15:06:04-05:00,PUR_IED_MagdalenaO_B205_fb76e8,PUR_IED_MagdalenaO_B205_fb76e8,,,,,
2026-09-12T15:06:04-05:00,PUR_IED_MagdalenaO_ext_dc69cd,PUR_IED_MagdalenaO_ext_dc69cd,,,,,
2026-09-12T15:06:04-05:00,PUR_IED_ManueCepeda_artes_eee956,PUR_IED_ManueCepeda_artes_eee956,,,,,
2026-09-12T15:06:04-05:00,PUR_IED_ManuelCepeda_Ext_58313,PUR_IED_ManuelCepeda_Ext_58313,,,,,
2026-09-12T15:06:04-05:00,PUR_IED_ManuelCepeda_tec_1c5731,PUR_IED_ManuelCepeda_tec_1c5731,,,,,
2026-09-12T15:06:04-05:00,PUR_IED_ManuelS_Exterior_5b269,PUR_IED_ManuelS_Exterior_5b269,,,,,
2026-09-12T15:06:04-05:00,PUR_IED_ManuelS_Inform_f369ce,PUR_IED_ManuelS_Inform_f369ce,,,,,
2026-09-12T15:06:04-05:00,PUR_IED_ManuelS_SArtes_7d15f1,PUR_IED_ManuelS_SArtes_7d15f1,,,,,
2026-09-12T15:06:04-05:00,PUR_IED_ManuelZapata_303_3ca6,PUR_IED_ManuelZapata_303_3ca6,,,,,
2026-09-12T15:06:04-05:00,PUR_IED_ManuelZapata_311_bfbabc,PUR_IED_ManuelZapata_311_bfbabc,,,,,
2026-09-12T15:06:04-05:00,PUR_IED_ManuelZapata_Ext_50824a,PUR_IED_ManuelZapata_Ext_50824a,,,,,
2026-09-12T15:06:04-05:00,PUR_IED_ManuelitaS_Exteri_656a92,PUR_IED_ManuelitaS_Exteri_656a92,,,,,
2026-09-12T15:06:04-05:00,PUR_IED_ManuelitaS_JuzgDe_f58ec3,PUR_IED_ManuelitaS_JuzgDe_f58ec3,,,,,
2026-09-12T15:06:04-05:00,PUR_IED_ManuelitaS_Recrea_d793db,PUR_IED_ManuelitaS_Recrea_d793db,,,,,
2026-09-12T15:06:04-05:00,PUR_IED_MarFidSuarez_Ext_c27b19,PUR_IED_MarFidSuarez_Ext_c27b19,,,,,
2026-09-12T15:06:04-05:00,PUR_IED_MarFidSuarez_Info_e384d7,PUR_IED_MarFidSuarez_Info_e384d7,,,,,
2026-09-12T15:06:04-05:00,PUR_IED_MarFidSuarez_S306_1d0032,PUR_IED_MarFidSuarez_S306_1d0032,,,,,
2026-09-12T15:06:04-05:00,PUR_IED_Menorah_301_2a25a3,PUR_IED_Menorah_301_2a25a3,,,,,
2026-09-12T15:06:04-05:00,PUR_IED_Menorah_306_37ed3,PUR_IED_Menorah_306_37ed3,,,,,
2026-09-12T15:06:04-05:00,PUR_IED_Menorah_Ext_3e155b,PUR_IED_Menorah_Ext_3e155b,,,,,
2026-09-12T15:06:04-05:00,PUR_IED_MinutoB.Aires_A11_1b1604,PUR_IED_MinutoB.Aires_A11_1b1604,,,,,
2026-09-12T15:06:04-05:00,PUR_IED_MinutoB.Aires_A12_fb5860,PUR_IED_MinutoB.Aires_A12_fb5860,,,,,
2026-09-12T15:06:04-05:00,PUR_IED_MinutoB.Aires_Ext_81293f,PUR_IED_MinutoB.Aires_Ext_81293f,,,,,
2026-09-12T15:06:04-05:00,PUR_IED_MinutoBAires_A11_1b1604,PUR_IED_MinutoBAires_A11_1b1604,,,,,
2026-09-12T15:06:04-05:00,PUR_IED_MinutoBAires_A12_fb5860,PUR_IED_MinutoBAires_A12_fb5860,,,,,
2026-09-12T15:06:04-05:00,PUR_IED_MinutoBAires_Ext_81293f,PUR_IED_MinutoBAires_Ext_81293f,,,,,
2026-09-12T15:06:04-05:00,PUR_IED_Montreal_Aula10_1e4959,PUR_IED_Montreal_Aula10_1e4959,,,,,
2026-09-12T15:06:04-05:00,PUR_IED_Montreal_Aula6_300367,PUR_IED_Montreal_Aula6_300367,,,,,
2026-09-12T15:06:04-05:00,PUR_IED_Montreal_Exterior_91a179,PUR_IED_Montreal_Exterior_91a179,,,,,
2026-09-12T15:06:04-05:00,PUR_IED_Mqgdalena_B202_5ddda3,PUR_IED_Mqgdalena_B202_5ddda3,,,,,
2026-09-12T15:06:04-05:00,PUR_IED_NACUND_Soc_dc8728,PUR_IED_NACUND_Soc_dc8728,,,,,
2026-09-12T15:06:04-05:00,PUR_IED_NACUND_ext_27ad97,PUR_IED_NACUND_ext_27ad97,,,,,
2026-09-12T15:06:04-05:00,PUR_IED_NEsperanza_Ext_d24b61,PUR_IED_NEsperanza_Ext_d24b61,,,,,
2026-09-12T15:06:04-05:00,PUR_IED_NEsperanza_SElect_7d1807,PUR_IED_NEsperanza_SElect_7d1807,,,,,
2026-09-12T15:06:04-05:00,PUR_IED_NEsperanza_SLabor_8b2d0a,PUR_IED_NEsperanza_SLabor_8b2d0a,,,,,
2026-09-12T15:06:04-05:00,PUR_IED_NacionesU_Ext_f661a9,PUR_IED_NacionesU_Ext_f661a9,,,,,
2026-09-12T15:06:04-05:00,PUR_IED_NacionesU_Quimica_66f0a,PUR_IED_NacionesU_Quimica_66f0a,,,,,
2026-09-12T15:06:04-05:00,PUR_IED_NacionesU_S306_1b4b3d,PUR_IED_NacionesU_S306_1b4b3d,,,,,
2026-09-12T15:06:04-05:00,PUR_IED_NestorFA_Ext_e4201c,PUR_IED_NestorFA_Ext_e4201c,,,,,
2026-09-12T15:06:04-05:00,PUR_IED_NestorFA_Laborato_f22fe0,PUR_IED_NestorFA_Laborato_f22fe0,,,,,
2026-09-12T15:06:04-05:00,PUR_IED_NestorFA_S204_dee996,PUR_IED_NestorFA_S204_dee996,,,,,
2026-09-12T15:06:04-05:00,PUR_IED_NidyaQT_Aula03_76999b,PUR_IED_NidyaQT_Aula03_76999b,,,,,
2026-09-12T15:06:04-05:00,PUR_IED_NidyaQT_Aula10_56325,PUR_IED_NidyaQT_Aula10_56325,,,,,
2026-09-12T15:06:04-05:00,PUR_IED_NidyaQT_Ext_46e32d,PUR_IED_NidyaQT_Ext_46e32d,,,,,
2026-09-12T15:06:04-05:00,PUR_IED_NuevaCol_Exterior_d9b859,PUR_IED_NuevaCol_Exterior_d9b859,,,,,
2026-09-12T15:06:04-05:00,PUR_IED_NuevaCol_S1101_76c43b,PUR_IED_NuevaCol_S1101_76c43b,,,,,
2026-09-12T15:06:04-05:00,PUR_IED_NuevaCol_S1102_1ce0b5,PUR_IED_NuevaCol_S1102_1ce0b5,,,,,
2026-09-12T15:06:04-05:00,PUR_IED_OEA_A202_f7e3f2,PUR_IED_OEA_A202_f7e3f2,,,,,
2026-09-12T15:06:04-05:00,PUR_IED_OEA_A203_7d1b8d,PUR_IED_OEA_A203_7d1b8d,,,,,
2026-09-12T15:06:04-05:00,PUR_IED_OEA_Ext_27b593,PUR_IED_OEA_Ext_27b593,,,,,
2026-09-12T15:06:04-05:00,PUR_IED_Ochoa_Ext_1c29da,PUR_IED_Ochoa_Ext_1c29da,,,,,
2026-09-12T15:06:04-05:00,PUR_IED_Ochoa_S205_8b1121,PUR_IED_Ochoa_S205_8b1121,,,,,
2026-09-12T15:06:04-05:00,PUR_IED_Ochoa_Sistemas_f33af6,PUR_IED_Ochoa_Sistemas_f33af6,,,,,
2026-09-12T15:06:04-05:00,PUR_IED_PQuebec_Ext_1c67c7,PUR_IED_PQuebec_Ext_1c67c7,,,,,
2026-09-12T15:06:04-05:00,PUR_IED_PQuebec_S15_23e8e2,PUR_IED_PQuebec_S15_23e8e2,,,,,
2026-09-12T15:06:04-05:00,PUR_IED_PQuebec_S16_8ec76b,PUR_IED_PQuebec_S16_8ec76b,,,,,
2026-09-12T15:06:04-05:00,PUR_IED_PabloN_Ext_49dc96,PUR_IED_PabloN_Ext_49dc96,,,,,
2026-09-12T15:06:04-05:00,PUR_IED_PabloN_S1102_4e3df5,PUR_IED_PabloN_S1102_4e3df5,,,,,
2026-09-12T15:06:04-05:00,PUR_IED_PabloN_S1103_50c94b,PUR_IED_PabloN_S1103_50c94b,,,,,
2026-09-12T15:06:04-05:00,PUR_IED_Palestina_S1101_db9198,PUR_IED_Palestina_S1101_db9198,,,,,
2026-09-12T15:06:04-05:00,PUR_IED_Palestina_S1102_dc54fa,PUR_IED_Palestina_S1102_dc54fa,,,,,
2026-09-12T15:06:04-05:00,PUR_IED_Palestina_ext_4ccce6,PUR_IED_Palestina_ext_4ccce6,,,,,
2026-09-12T15:06:04-05:00,PUR_IED_Panama_Fisica_4d0794,PUR_IED_Panama_Fisica_4d0794,,,,,
2026-09-12T15:06:04-05:00,PUR_IED_Panama_SIngles_a4077e,PUR_IED_Panama_SIngles_a4077e,,,,,
2026-09-12T15:06:04-05:00,PUR_IED_Panama_ext_4c54b4,PUR_IED_Panama_ext_4c54b4,,,,,
2026-09-12T15:06:04-05:00,PUR_IED_ParaisoM_Exterior_8cd7f0,PUR_IED_ParaisoM_Exterior_8cd7f0,,,,,
2026-09-12T15:06:04-05:00,PUR_IED_ParaisoM_Laborato_27af35,PUR_IED_ParaisoM_Laborato_27af35,,,,,
2026-09-12T15:06:04-05:00,PUR_IED_ParaisoM_S304_d1edca,PUR_IED_ParaisoM_S304_d1edca,,,,,
2026-09-12T15:06:04-05:00,PUR_IED_PorfirioBarba_Ext_301466,PUR_IED_PorfirioBarba_Ext_301466,,,,,
2026-09-12T15:06:04-05:00,PUR_IED_PorfirioBarba_S11_df6cd2,PUR_IED_PorfirioBarba_S11_df6cd2,,,,,
2026-09-12T15:06:04-05:00,PUR_IED_PorfirioBarba_S29_27a7d6,PUR_IED_PorfirioBarba_S29_27a7d6,,,,,
2026-09-12T15:06:04-05:00,PUR_IED_PradoV_Exter_8b27ad,PUR_IED_PradoV_Exter_8b27ad,,,,,
2026-09-12T15:06:04-05:00,PUR_IED_PradoV_S301_de65b5,PUR_IED_PradoV_S301_de65b5,,,,,
2026-09-12T15:06:04-05:00,PUR_IED_PradoV_S302_7d2593,PUR_IED_PradoV_S302_7d2593,,,,,
2026-09-12T15:06:04-05:00,PUR_IED_QuirogaAlz_Ext_1ddc82,PUR_IED_QuirogaAlz_Ext_1ddc82,,,,,
2026-09-12T15:06:04-05:00,PUR_IED_QuirogaAlz_S302_9926a3,PUR_IED_QuirogaAlz_S302_9926a3,,,,,
2026-09-12T15:06:04-05:00,PUR_IED_QuirogaAlz_S305_cdf1f1,PUR_IED_QuirogaAlz_S305_cdf1f1,,,,,
2026-09-12T15:06:04-05:00,PUR_IED_RGuatemala_Biling_dc53b7,PUR_IED_RGuatemala_Biling_dc53b7,,,,,
2026-09-12T15:06:04-05:00,PUR_IED_RGuatemala_Ext_1b89a3,PUR_IED_RGuatemala_Ext_1b89a3,,,,,
2026-09-12T15:06:04-05:00,PUR_IED_RGuatemala_Tecnol_281a34,PUR_IED_RGuatemala_Tecnol_281a34,,,,,
2026-09-12T15:06:04-05:00,PUR_IED_RafaNu_Ext_f7c302,PUR_IED_RafaNu_Ext_f7c302,,,,,
2026-09-12T15:06:04-05:00,PUR_IED_RafaNu_S1101_25fde,PUR_IED_RafaNu_S1101_25fde,,,,,
2026-09-12T15:06:04-05:00,PUR_IED_RafaNu_S1102_281517,PUR_IED_RafaNu_S1102_281517,,,,,
2026-09-12T15:06:04-05:00,PUR_IED_RafaelB_S305_ee2783,PUR_IED_RafaelB_S305_ee2783,,,,,
2026-09-12T15:06:04-05:00,PUR_IED_RafaelB_S306_75fe33,PUR_IED_RafaelB_S306_75fe33,,,,,
2026-09-12T15:06:04-05:00,PUR_IED_RafaelB_ext_283336,PUR_IED_RafaelB_ext_283336,3,20,56,4.6722,-74.0737
2026-09-12T15:06:04-05:00,PUR_IED_RafaelUU_Exterior_281a51,PUR_IED_RafaelUU_Exterior_281a51,,,,,
2026-09-12T15:06:04-05:00,PUR_IED_RafaelUU_Human_806b2,PUR_IED_RafaelUU_Human_806b2,,,,,
2026-09-12T15:06:04-05:00,PUR_IED_RafaelUU_Mate2_5680d4,PUR_IED_RafaelUU_Mate2_5680d4,,,,,
2026-09-12T15:06:04-05:00,PUR_IED_RamonSub_Ext_f9eeb9,PUR_IED_RamonSub_Ext_f9eeb9,,,,,
2026-09-12T15:06:04-05:00,PUR_IED_RamonSub_Media_d1f62f,PUR_IED_RamonSub_Media_d1f62f,,,,,
2026-09-12T15:06:04-05:00,PUR_IED_RamonSub_planta_51b82,PUR_IED_RamonSub_planta_51b82,,,,,
2026-09-12T15:06:04-05:00,PUR_IED_RepBoliVene_Exter_27af7c,PUR_IED_RepBoliVene_Exter_27af7c,,,,,
2026-09-12T15:06:04-05:00,PUR_IED_RepBoliVene_SCPT_5ae2ee,PUR_IED_RepBoliVene_SCPT_5ae2ee,,,,,
2026-09-12T15:06:04-05:00,PUR_IED_RepBoliVene_Socia_4b11d5,PUR_IED_RepBoliVene_Socia_4b11d5,,,,,
2026-09-12T15:06:04-05:00,PUR_IED_RepChina_Ext_76d9ee,PUR_IED_RepChina_Ext_76d9ee,,,,,
2026-09-12T15:06:04-05:00,PUR_IED_RepChina_S404_7c804c,PUR_IED_RepChina_S404_7c804c,,,,,
2026-09-12T15:06:04-05:00,PUR_IED_RepChina_S405_df2c33,PUR_IED_RepChina_S405_df2c33,,,,,
2026-09-12T15:06:04-05:00,PUR_IED_RepublicaC_Exteri_7d1ec9,PUR_IED_RepublicaC_Exteri_7d1ec9,,,,,
2026-09-12T15:06:04-05:00,PUR_IED_RepublicaC_S1101_f544b3,PUR_IED_RepublicaC_S1101_f544b3,,,,,
2026-09-12T15:06:04-05:00,PUR_IED_RepublicaC_S1102_7aafc7,PUR_IED_RepublicaC_S1102_7aafc7,,,,,
2026-09-12T15:06:04-05:00,PUR_IED_Ricaurte_Externo_a0ea1,PUR_IED_Ricaurte_Externo_a0ea1,,,,,
2026-09-12T15:06:04-05:00,PUR_IED_Ricaurte_S210_f546fd,PUR_IED_Ricaurte_S210_f546fd,,,,,
2026-09-12T15:06:04-05:00,PUR_IED_Ricaurte_S309_d4452,PUR_IED_Ricaurte_S309_d4452,,,,,
2026-09-12T15:06:04-05:00,PUR_IED_RogelioS_1102_531e69,PUR_IED_RogelioS_1102_531e69,,,,,
2026-09-12T15:06:04-05:00,PUR_IED_RogelioS_Ext_f25a18,PUR_IED_RogelioS_Ext_f25a18,,,,,
2026-09-12T15:06:04-05:00,PUR_IED_SBernardino_Ext_27aff8,PUR_IED_SBernardino_Ext_27aff8,,,,,
2026-09-12T15:06:04-05:00,PUR_IED_SBernardino_SArte_2ffd33,PUR_IED_SBernardino_SArte_2ffd33,,,,,
2026-09-12T15:06:04-05:00,PUR_IED_SBernardino_SIngl_7c7da5,PUR_IED_SBernardino_SIngl_7c7da5,,,,,
2026-09-12T15:06:04-05:00,PUR_IED_Sago_auditorio_dc9d1d,PUR_IED_Sago_auditorio_dc9d1d,,,,,
2026-09-12T15:06:04-05:00,PUR_IED_Saludcoop_Ext_95aac3,PUR_IED_Saludcoop_Ext_95aac3,,,,,
2026-09-12T15:06:04-05:00,PUR_IED_Saludcoop_InfI_90c854,PUR_IED_Saludcoop_InfI_90c854,,,,,
2026-09-12T15:06:04-05:00,PUR_IED_Saludcoop_SMedia_1b93be,PUR_IED_Saludcoop_SMedia_1b93be,,,,,
2026-09-12T15:06:04-05:00,PUR_IED_SanCarlos_1101_1a2360,PUR_IED_SanCarlos_1101_1a2360,,,,,
2026-09-12T15:06:04-05:00,PUR_IED_SanCarlos_1103_7bafb5,PUR_IED_SanCarlos_1103_7bafb5,,,,,
2026-09-12T15:06:04-05:00,PUR_IED_SanCarlos_Ext_b7cd1,PUR_IED_SanCarlos_Ext_b7cd1,,,,,
2026-09-12T15:06:04-05:00,PUR_IED_SanIgnacioBosa11a_50c26e,PUR_IED_SanIgnacioBosa11a_50c26e,,,,,
2026-09-12T15:06:04-05:00,PUR_IED_SanIgnacioBosa11b_371de8,PUR_IED_SanIgnacioBosa11b_371de8,,,,,
2026-09-12T15:06:04-05:00,PUR_IED_SanIgnacioBosaExt_ef0ffc,PUR_IED_SanIgnacioBosaExt_ef0ffc,,,,,
2026-09-12T15:06:04-05:00,PUR_IED_SanIgnacioBosa_11a_50c26e,PUR_IED_SanIgnacioBosa_11a_50c26e,,,,,
2026-09-12T15:06:04-05:00,PUR_IED_SanIgnacioBosa_Ext_ef0ffc,PUR_IED_SanIgnacioBosa_Ext_ef0ffc,,,,,
2026-09-12T15:06:04-05:00,PUR_IED_SanJoseN_intS1101_31c47f,PUR_IED_SanJoseN_intS1101_31c47f,,,,,
2026-09-12T15:06:04-05:00,PUR_IED_SanJoseUsm_Exter_f5d7e8,PUR_IED_SanJoseUsm_Exter_f5d7e8,,,,,
2026-09-12T15:06:04-05:00,PUR_IED_SanJoseUsm_Int11A_cfdef6,PUR_IED_SanJoseUsm_Int11A_cfdef6,,,,,
2026-09-12T15:06:04-05:00,PUR_IED_SilveriaR_IntB5_905349,PUR_IED_SilveriaR_IntB5_905349,,,,,
2026-09-12T15:06:04-05:00,PUR_IED_SilveriaR_IntSD14_981f93,PUR_IED_SilveriaR_IntSD14_981f93,,,,,
2026-09-12T15:06:04-05:00,PUR_IED_SilveriaR_ext_2b651d,PUR_IED_SilveriaR_ext_2b651d,,,,,
2026-09-12T15:06:04-05:00,PUR_IED_SimonB_Exterior_913975,PUR_IED_SimonB_Exterior_913975,,,,,
2026-09-12T15:06:04-05:00,PUR_IED_SimonB_LabQuimi_c56908,PUR_IED_SimonB_LabQuimi_c56908,,,,,
2026-09-12T15:06:04-05:00,PUR_IED_SimonB_informatic_a28c1,PUR_IED_SimonB_informatic_a28c1,,,,,
2026-09-12T15:06:04-05:00,PUR_IED_Sorrento_1102_315f50,PUR_IED_Sorrento_1102_315f50,,,,,
2026-09-12T15:06:04-05:00,PUR_IED_Sorrento_Minte_214eab,PUR_IED_Sorrento_Minte_214eab,,,,,
2026-09-12T15:06:04-05:00,PUR_IED_Sorrento_ext_7c3a0a,PUR_IED_Sorrento_ext_7c3a0a,,,,,
2026-09-12T15:06:04-05:00,PUR_IED_Tabora_Ext_f048ae,PUR_IED_Tabora_Ext_f048ae,,,,,
2026-09-12T15:06:04-05:00,PUR_IED_Tabora_S1102_b07752,PUR_IED_Tabora_S1102_b07752,,,,,
2026-09-12T15:06:04-05:00,PUR_IED_Tabora_S1103_d988f5,PUR_IED_Tabora_S1103_d988f5,,,,,
2026-09-12T15:06:04-05:00,PUR_IED_Tenerife_Ext_1ab188,PUR_IED_Tenerife_Ext_1ab188,,,,,
2026-09-12T15:06:04-05:00,PUR_IED_Tenerife_SDanzas_7bc02e,PUR_IED_Tenerife_SDanzas_7bc02e,,,,,
2026-09-12T15:06:04-05:00,PUR_IED_Tenerife_SIngles_7cc277,PUR_IED_Tenerife_SIngles_7cc277,,,,,
2026-09-12T15:06:04-05:00,PUR_IED_Tibabuyes_Exter_f2683d,PUR_IED_Tibabuyes_Exter_f2683d,,,,,
2026-09-12T15:06:04-05:00,PUR_IED_Tibabuyes_S10_dc87a8,PUR_IED_Tibabuyes_S10_dc87a8,,,,,
2026-09-12T15:06:04-05:00,PUR_IED_Tibabuyes_S15_dc0526,PUR_IED_Tibabuyes_S15_dc0526,,,,,
2026-09-12T15:06:04-05:00,PUR_IED_UnionE_S301_a1043,PUR_IED_UnionE_S301_a1043,,,,,
2026-09-12T15:06:04-05:00,PUR_IED_UnionE_S307_ff6c2f,PUR_IED_UnionE_S307_ff6c2f,,,,,
2026-09-12T15:06:04-05:00,PUR_IED_UnionE__Ext_5e2468,PUR_IED_UnionE__Ext_5e2468,,,,,
2026-09-12T15:06:04-05:00,PUR_IED_VillaRica_Ext_75be7c,PUR_IED_VillaRica_Ext_75be7c,,,,,
2026-09-12T15:06:04-05:00,PUR_IED_VillaRica_S4_cc5dcd,PUR_IED_VillaRica_S4_cc5dcd,,,,,
2026-09-12T15:06:04-05:00,PUR_IED_VillaRica_Sesp_99f5c,PUR_IED_VillaRica_Sesp_99f5c,,,,,
2026-09-12T15:11:07-05:00,PUR_IED_20deJulio_1101_91b1b9,PUR_IED_20deJulio_1101_91b1b9,,,,,
2026-09-12T15:11:07-05:00,PUR_IED_20deJulio_1102_1cfcf9,PUR_IED_20deJulio_1102_1cfcf9,,,,,
2026-09-12T15:11:07-05:00,PUR_IED_20deJulio_Ext_ab60bd,PUR_IED_20deJulio_Ext_ab60bd,,,,,
2026-09-12T15:11:07-05:00,PUR_IED_AgustinFer_Ext_7b9b77,PUR_IED_AgustinFer_Ext_7b9b77,,,,,
2026-09-12T15:11:07-05:00,PUR_IED_AgustinFer_Info2_27b3a7,PUR_IED_AgustinFer_Info2_27b3a7,,,,,
2026-09-12T15:11:07-05:00,PUR_IED_AgustinFer_Sena_54b4eb,PUR_IED_AgustinFer_Sena_54b4eb,,,,,
2026-09-12T15:11:07-05:00,PUR_IED_AlexanderF_1102_caf07b,PUR_IED_AlexanderF_1102_caf07b,,,,,
2026-09-12T15:11:07-05:00,PUR_IED_AlexanderF_1103_c79e71,PUR_IED_AlexanderF_1103_c79e71,,,,,
2026-09-12T15:11:07-05:00,PUR_IED_AlexanderF_Ext_c5b18b,PUR_IED_AlexanderF_Ext_c5b18b,,,,,
2026-09-12T15:11:07-05:00,PUR_IED_AlfonsoLopez_Ext_281d77,PUR_IED_AlfonsoLopez_Ext_281d77,,,,,
2026-09-12T15:11:07-05:00,PUR_IED_AlfonsoLopez_LabF_888ce0,PUR_IED_AlfonsoLopez_LabF_888ce0,,,,,
2026-09-12T15:11:07-05:00,PUR_IED_AlfonsoLopez_SMed_df6a7f,PUR_IED_AlfonsoLopez_SMed_df6a7f,,,,,
2026-09-12T15:11:07-05:00,PUR_IED_AltamiraSO_A2_209f92,PUR_IED_AltamiraSO_A2_209f92,,,,,
2026-09-12T15:11:07-05:00,PUR_IED_AltamiraSO_Ext_186d66,PUR_IED_AltamiraSO_Ext_186d66,,,,,
2026-09-12T15:11:07-05:00,PUR_IED_AltamiraSO_Sistem_27afe1,PUR_IED_AltamiraSO_Sistem_27afe1,,,,,
2026-09-12T15:11:07-05:00,PUR_IED_AlvaroGom_LabQuim_813179,PUR_IED_AlvaroGom_LabQuim_813179,,,,,
2026-09-12T15:11:07-05:00,PUR_IED_AlvaroGomez_Ext_47c7ca,PUR_IED_AlvaroGomez_Ext_47c7ca,,,,,
2026-09-12T15:11:07-05:00,PUR_IED_AlvaroGomez_LabQuim_813179,PUR_IED_AlvaroGomez_LabQuim_813179,,,,,
2026-09-12T15:11:07-05:00,PUR_IED_AlvaroGomez_S23_7ba89f,PUR_IED_AlvaroGomez_S23_7ba89f,,,,,
2026-09-12T15:11:07-05:00,PUR_IED_Amistad_306_dc8728,PUR_IED_Amistad_306_dc8728,,,,,
2026-09-12T15:11:07-05:00,PUR_IED_Amistad_Ext_8cd55e,PUR_IED_Amistad_Ext_8cd55e,,,,,
2026-09-12T15:11:07-05:00,PUR_IED_Amistad_S202_a41169,PUR_IED_Amistad_S202_a41169,,,,,
2026-09-12T15:11:07-05:00,PUR_IED_AndresBello_Bio_fd5f5e,PUR_IED_AndresBello_Bio_fd5f5e,,,,,
2026-09-12T15:11:07-05:00,PUR_IED_AndresBello_ext_dcad65,PUR_IED_AndresBello_ext_dcad65,,,,,
2026-09-12T15:11:07-05:00,PUR_IED_AndresBello_port_eed3ec,PUR_IED_AndresBello_port_eed3ec,,,,,
2026-09-12T15:11:07-05:00,PUR_IED_AngelaR_11b_d90a6b,PUR_IED_AngelaR_11b_d90a6b,,,,,
2026-09-12T15:11:07-05:00,PUR_IED_AngelaR_ext_7cad3e,PUR_IED_AngelaR_ext_7cad3e,,,,,
2026-09-12T15:11:07-05:00,PUR_IED_AntJoseSucre_10mo_df2575,PUR_IED_AntJoseSucre_10mo_df2575,,,,,
2026-09-12T15:11:07-05:00,PUR_IED_AntJoseSucre_Ext_215b36,PUR_IED_AntJoseSucre_Ext_215b36,,,,,
2026-09-12T15:11:07-05:00,PUR_IED_AntJoseSucre_Lab_3139de,PUR_IED_AntJoseSucre_Lab_3139de,,,,,
2026-09-12T15:11:07-05:00,PUR_IED_AntonioGarcia_301_d6b188,PUR_IED_AntonioGarcia_301_d6b188,,,,,
2026-09-12T15:11:07-05:00,PUR_IED_AntonioGarcia_302_88a82,PUR_IED_AntonioGarcia_302_88a82,,,,,
2026-09-12T15:11:07-05:00,PUR_IED_AntonioGarcia_Ext_20950c,PUR_IED_AntonioGarcia_Ext_20950c,,,,,
2026-09-12T15:11:07-05:00,PUR_IED_AntonioVan_Aula2_6dea02,PUR_IED_AntonioVan_Aula2_6dea02,,,,,
2026-09-12T15:11:07-05:00,PUR_IED_AntonioVan_Aula5_f1557e,PUR_IED_AntonioVan_Aula5_f1557e,,,,,
2026-09-12T15:11:07-05:00,PUR_IED_AntonioVan_Ext_406f2f,PUR_IED_AntonioVan_Ext_406f2f,,,,,
2026-09-12T15:11:07-05:00,PUR_IED_Atabanzha_Ext_cc5af9,PUR_IED_Atabanzha_Ext_cc5af9,,,,,
2026-09-12T15:11:07-05:00,PUR_IED_Atabanzha_SA101_56c37,PUR_IED_Atabanzha_SA101_56c37,,,,,
2026-09-12T15:11:07-05:00,PUR_IED_Atabanzha_SB302_27b374,PUR_IED_Atabanzha_SB302_27b374,,,,,
2026-09-12T15:11:07-05:00,PUR_IED_Atahualpa_Ext_fc1748,PUR_IED_Atahualpa_Ext_fc1748,,,,,
2026-09-12T15:11:07-05:00,PUR_IED_Atahualpa_Informa_dc9a95,PUR_IED_Atahualpa_Informa_dc9a95,,,,,
2026-09-12T15:11:07-05:00,PUR_IED_Atahualpa_S1101_f98056,PUR_IED_Atahualpa_S1101_f98056,,,,,
2026-09-12T15:11:07-05:00,PUR_IED_Bellavista_Ext_f5aa74,PUR_IED_Bellavista_Ext_f5aa74,,,,,
2026-09-12T15:11:07-05:00,PUR_IED_Bilbao_11A_916c41,PUR_IED_Bilbao_11A_916c41,,,,,
2026-09-12T15:11:07-05:00,PUR_IED_Bilbao_Ext_fb579a,PUR_IED_Bilbao_Ext_fb579a,,,,,
2026-09-12T15:11:07-05:00,PUR_IED_BrasiliaU_A125_304280,PUR_IED_BrasiliaU_A125_304280,,,,,
2026-09-12T15:11:07-05:00,PUR_IED_BrasiliaU_A203_7c8ca5,PUR_IED_BrasiliaU_A203_7c8ca5,,,,,
2026-09-12T15:11:07-05:00,PUR_IED_BrasiliaU_Ext_8d6e9f,PUR_IED_BrasiliaU_Ext_8d6e9f,3,21,53,4.5175,-74.116302
2026-09-12T15:11:07-05:00,PUR_IED_Brasilia_Ext_fe6593,PUR_IED_Brasilia_Ext_fe6593,,,,,
2026-09-12T15:11:07-05:00,PUR_IED_Brasilia_S24_7c130d,PUR_IED_Brasilia_S24_7c130d,,,,,
2026-09-12T15:11:07-05:00,PUR_IED_Brasilia_S501_186a54,PUR_IED_Brasilia_S501_186a54,,,,,
2026-09-12T15:11:07-05:00,PUR_IED_CHARRY_EXT_f1d5cd,PUR_IED_CHARRY_EXT_f1d5cd,,,,,
2026-09-12T15:11:07-05:00,PUR_IED_CHARRY_INTDANZAS_7a08e6,PUR_IED_CHARRY_INTDANZAS_7a08e6,,,,,
2026-09-12T15:11:07-05:00,PUR_IED_CHARRY_INT_AULA20_dc998d,PUR_IED_CHARRY_INT_AULA20_dc998d,,,,,
2026-09-12T15:11:07-05:00,PUR_IED_COLVIV_1101_S25_7f520a,PUR_IED_COLVIV_1101_S25_7f520a,,,,,
2026-09-12T15:11:07-05:00,PUR_IED_COLVIV_1102_S16_f570ba,PUR_IED_COLVIV_1102_S16_f570ba,,,,,
2026-09-12T15:11:07-05:00,PUR_IED_COLVIV_Ext_1a26fa,PUR_IED_COLVIV_Ext_1a26fa,,,,,
2026-09-12T15:11:07-05:00,PUR_IED_CULPOP_301A_f660f3,PUR_IED_CULPOP_301A_f660f3,,,,,
2026-09-12T15:11:07-05:00,PUR_IED_CULPOP_303_568afe,PUR_IED_CULPOP_303_568afe,,,,,
2026-09-12T15:11:07-05:00,PUR_IED_CULPOP_Ext_e02ccb,PUR_IED_CULPOP_Ext_e02ccb,,,,,
2026-09-12T15:11:07-05:00,PUR_IED_CVillavicen_Ext_26eb58,PUR_IED_CVillavicen_Ext_26eb58,3,17,72,4.487,-74.102798
2026-09-12T15:11:07-05:00,PUR_IED_CVillavicen_Intel_1ce5c2,PUR_IED_CVillavicen_Intel_1ce5c2,,,,,
2026-09-12T15:11:07-05:00,PUR_IED_CVillavicen_Poliv_e0766c,PUR_IED_CVillavicen_Poliv_e0766c,,,,,
2026-09-12T15:11:07-05:00,PUR_IED_CVillavicen_int_1ba140,PUR_IED_CVillavicen_int_1ba140,,,,,
2026-09-12T15:11:07-05:00,PUR_IED_CVillavicen_intel_1ba140,PUR_IED_CVillavicen_intel_1ba140,,,,,
2026-09-12T15:11:07-05:00,PUR_IED_CarlosPizarro_Ext_e307cc,PUR_IED_CarlosPizarro_Ext_e307cc,,,,,
2026-09-12T15:11:07-05:00,PUR_IED_CarlosPizarro_L36_7e5cdb,PUR_IED_CarlosPizarro_L36_7e5cdb,,,,,
2026-09-12T15:11:07-05:00,PUR_IED_CarlosPizarro_L37_c8566c,PUR_IED_CarlosPizarro_L37_c8566c,,,,,
2026-09-12T15:11:07-05:00,PUR_IED_Castilla_Ext_cf35f,PUR_IED_Castilla_Ext_cf35f,,,,,
2026-09-12T15:11:07-05:00,PUR_IED_Castilla_SFisik_360e38,PUR_IED_Castilla_SFisik_360e38,,,,,
2026-09-12T15:11:07-05:00,PUR_IED_Castilla_Sc304_496fbf,PUR_IED_Castilla_Sc304_496fbf,,,,,
2026-09-12T15:11:07-05:00,PUR_IED_CervantesSa_Ext_6b57b,PUR_IED_CervantesSa_Ext_6b57b,2,20,60,4.5128,-74.117203
2026-09-12T15:11:07-05:00,PUR_IED_CervantesSa_S107_225c2b,PUR_IED_CervantesSa_S107_225c2b,,,,,
2026-09-12T15:11:07-05:00,PUR_IED_CervantesSa_S108_940925,PUR_IED_CervantesSa_S108_940925,,,,,
2026-09-12T15:11:07-05:00,PUR_IED_Charry_A20_f53e7c,PUR_IED_Charry_A20_f53e7c,,,,,
2026-09-12T15:11:07-05:00,PUR_IED_Charry_Ext_f1d5cd,PUR_IED_Charry_Ext_f1d5cd,,,,,
2026-09-12T15:11:07-05:00,PUR_IED_Charry_IntAula20_dc998d,PUR_IED_Charry_IntAula20_dc998d,,,,,
2026-09-12T15:11:07-05:00,PUR_IED_Charry_IntDanzas_7a08e6,PUR_IED_Charry_IntDanzas_7a08e6,,,,,
2026-09-12T15:11:07-05:00,PUR_IED_ClememciaC_203_43e2fc,PUR_IED_ClememciaC_203_43e2fc,,,,,
2026-09-12T15:11:07-05:00,PUR_IED_ClememciaC_Ext_1b411a,PUR_IED_ClememciaC_Ext_1b411a,,,,,
2026-09-12T15:11:07-05:00,PUR_IED_ClememciaC_Quimic_44b5fc,PUR_IED_ClememciaC_Quimic_44b5fc,,,,,
2026-09-12T15:11:07-05:00,PUR_IED_ClemenciaC_203_43e2fc,PUR_IED_ClemenciaC_203_43e2fc,,,,,
2026-09-12T15:11:07-05:00,PUR_IED_ClemenciaC_Ext_1b411a,PUR_IED_ClemenciaC_Ext_1b411a,,,,,
2026-09-12T15:11:07-05:00,PUR_IED_ClemenciaC_Quimic_44b5fc,PUR_IED_ClemenciaC_Quimic_44b5fc,,,,,
2026-09-12T15:11:07-05:00,PUR_IED_ColViva_1101_S25_7f520a,PUR_IED_ColViva_1101_S25_7f520a,,,,,
2026-09-12T15:11:07-05:00,PUR_IED_ColViva_1102_S16_f570ba,PUR_IED_ColViva_1102_S16_f570ba,,,,,
2026-09-12T15:11:07-05:00,PUR_IED_ColViva_Ext_1a26fa,PUR_IED_ColViva_Ext_1a26fa,,,,,
2026-09-12T15:11:07-05:00,PUR_IED_ColegioBici_Asist_7c8798,PUR_IED_ColegioBici_Asist_7c8798,,,,,
2026-09-12T15:11:07-05:00,PUR_IED_ColegioBici_Ext_25cbf6,PUR_IED_ColegioBici_Ext_25cbf6,,,,,
2026-09-12T15:11:07-05:00,PUR_IED_ColegioBici_LabQ_7b57db,PUR_IED_ColegioBici_LabQ_7b57db,,,,,
2026-09-12T15:11:07-05:00,PUR_IED_CostaRica_Ext_5e640,PUR_IED_CostaRica_Ext_5e640,,,,,
2026-09-12T15:11:07-05:00,PUR_IED_CostaRica_Quim1_766d1c,PUR_IED_CostaRica_Quim1_766d1c,,,,,
2026-09-12T15:11:07-05:00,PUR_IED_CostaRica__Fisica_6f0873,PUR_IED_CostaRica__Fisica_6f0873,,,,,
2026-09-12T15:11:07-05:00,PUR_IED_CulPopu_301A_f660f3,PUR_IED_CulPopu_301A_f660f3,,,,,
2026-09-12T15:11:07-05:00,PUR_IED_CulPopu_303_568afe,PUR_IED_CulPopu_303_568afe,,,,,
2026-09-12T15:11:07-05:00,PUR_IED_CulPopu_Ext_e02ccb,PUR_IED_CulPopu_Ext_e02ccb,,,,,
2026-09-12T15:11:07-05:00,PUR_IED_Cundinamarca_Ext_f15985,PUR_IED_Cundinamarca_Ext_f15985,,,,,
2026-09-12T15:11:07-05:00,PUR_IED_Cundinamarca_Info_7aa5d7,PUR_IED_Cundinamarca_Info_7aa5d7,,,,,
2026-09-12T15:11:07-05:00,PUR_IED_Cundinamarca_Tec2_f449c7,PUR_IED_Cundinamarca_Tec2_f449c7,,,,,
2026-09-12T15:11:07-05:00,PUR_IED_DiegoM_Aula1_27b314,PUR_IED_DiegoM_Aula1_27b314,,,,,
2026-09-12T15:11:07-05:00,PUR_IED_DiegoM_Ext_d80ac8,PUR_IED_DiegoM_Ext_d80ac8,,,,,
2026-09-12T15:11:07-05:00,PUR_IED_DiegoM_S25_da928f,PUR_IED_DiegoM_S25_da928f,,,,,
2026-09-12T15:11:07-05:00,PUR_IED_ELRODEO_360881,PUR_IED_ELRODEO_360881,,,,,
2026-09-12T15:11:07-05:00,PUR_IED_ELRODEO_ext_360881,PUR_IED_ELRODEO_ext_360881,,,,,
2026-09-12T15:11:07-05:00,PUR_IED_EduardoU_Ext_1c1969,PUR_IED_EduardoU_Ext_1c1969,,,,,
2026-09-12T15:11:07-05:00,PUR_IED_EduardoU_SCiencia_4dfb94,PUR_IED_EduardoU_SCiencia_4dfb94,,,,,
2026-09-12T15:11:07-05:00,PUR_IED_EduardoU_SQuimica_5a46e7,PUR_IED_EduardoU_SQuimica_5a46e7,,,,,
2026-09-12T15:11:07-05:00,PUR_IED_ElRodeo_Aula14_676984,PUR_IED_ElRodeo_Aula14_676984,,,,,
2026-09-12T15:11:07-05:00,PUR_IED_ElRodeo_Aula16_2dd35b,PUR_IED_ElRodeo_Aula16_2dd35b,,,,,
2026-09-12T15:11:07-05:00,PUR_IED_ElRodeo_Ext_360881,PUR_IED_ElRodeo_Ext_360881,,,,,
2026-09-12T15:11:07-05:00,PUR_IED_ElRodeo_Exterior_8c6d28,PUR_IED_ElRodeo_Exterior_8c6d28,,,,,
2026-09-12T15:11:07-05:00,PUR_IED_ElRodeo_ext_360881,PUR_IED_ElRodeo_ext_360881,,,,,
2026-09-12T15:11:07-05:00,PUR_IED_EmmaReyes_Ext_987625,PUR_IED_EmmaReyes_Ext_987625,3,22,48,4.6367,-74.1511
2026-09-12T15:11:07-05:00,PUR_IED_Ensueño_Ext_7f0250,PUR_IED_Ensueño_Ext_7f0250,,,,,
2026-09-12T15:11:07-05:00,PUR_IED_EscNormal_Ext_5fef3b,PUR_IED_EscNormal_Ext_5fef3b,2,22,52,4.5852,-74.096901
2026-09-12T15:11:07-05:00,PUR_IED_EscNormal_S309_5b263,PUR_IED_EscNormal_S309_5b263,,,,,
2026-09-12T15:11:07-05:00,PUR_IED_EscNormal_S310_27b3b8,PUR_IED_EscNormal_S310_27b3b8,,,,,
2026-09-12T15:11:07-05:00,PUR_IED_Evangelista_Conta_f6cd4f,PUR_IED_Evangelista_Conta_f6cd4f,,,,,
2026-09-12T15:11:07-05:00,PUR_IED_Evangelista_Cri_5e16a,PUR_IED_Evangelista_Cri_5e16a,,,,,
2026-09-12T15:11:07-05:00,PUR_IED_Evangelista_Exter_754066,PUR_IED_Evangelista_Exter_754066,,,,,
2026-09-12T15:11:07-05:00,PUR_IED_FMiranda_S209_5cc2a3,PUR_IED_FMiranda_S209_5cc2a3,,,,,
2026-09-12T15:11:07-05:00,PUR_IED_FMiranda_S303_19e344,PUR_IED_FMiranda_S303_19e344,,,,,
2026-09-12T15:11:07-05:00,PUR_IED_FMiranda_ext_f53e7c,PUR_IED_FMiranda_ext_f53e7c,,,,,
2026-09-12T15:11:07-05:00,PUR_IED_FabioLozano_Bibli_1cee05,PUR_IED_FabioLozano_Bibli_1cee05,,,,,
2026-09-12T15:11:07-05:00,PUR_IED_FabioLozano_Ext_6ea285,PUR_IED_FabioLozano_Ext_6ea285,,,,,
2026-09-12T15:11:07-05:00,PUR_IED_FabioLozano_SLudi_f09e1e,PUR_IED_FabioLozano_SLudi_f09e1e,,,,,
2026-09-12T15:11:07-05:00,PUR_IED_FaustinoS_Aula07_27a731,PUR_IED_FaustinoS_Aula07_27a731,,,,,
2026-09-12T15:11:07-05:00,PUR_IED_FaustinoS_Ext_7b936f,PUR_IED_FaustinoS_Ext_7b936f,,,,,
2026-09-12T15:11:07-05:00,PUR_IED_FaustinoS_Fisica_da2c60,PUR_IED_FaustinoS_Fisica_da2c60,,,,,
2026-09-12T15:11:07-05:00,PUR_IED_FeGarciaLo_Ext_dc68ee,PUR_IED_FeGarciaLo_Ext_dc68ee,,,,,
2026-09-12T15:11:07-05:00,PUR_IED_FeGarciaLo_SDanza_f70a59,PUR_IED_FeGarciaLo_SDanza_f70a59,,,,,
2026-09-12T15:11:07-05:00,PUR_IED_FeGarciaLo_SMusic_125cdd,PUR_IED_FeGarciaLo_SMusic_125cdd,,,,,
2026-09-12T15:11:07-05:00,PUR_IED_FederalAlema_Exte_50c345,PUR_IED_FederalAlema_Exte_50c345,,,,,
2026-09-12T15:11:07-05:00,PUR_IED_FederalAlema_S31_f18371,PUR_IED_FederalAlema_S31_f18371,,,,,
2026-09-12T15:11:07-05:00,PUR_IED_FederalAlema_S901_a62cd,PUR_IED_FederalAlema_S901_a62cd,,,,,
2026-09-12T15:11:07-05:00,PUR_IED_FilarmonicaS_A5_f35eb1,PUR_IED_FilarmonicaS_A5_f35eb1,,,,,
2026-09-12T15:11:07-05:00,PUR_IED_FilarmonicaS_Ext_8a3bde,PUR_IED_FilarmonicaS_Ext_8a3bde,,,,,
2026-09-12T15:11:07-05:00,PUR_IED_FilarmonicaS_Spol_406114,PUR_IED_FilarmonicaS_Spol_406114,,,,,
2026-09-12T15:11:07-05:00,PUR_IED_FlorentinoG_A13_d1fa59,PUR_IED_FlorentinoG_A13_d1fa59,,,,,
2026-09-12T15:11:07-05:00,PUR_IED_FlorentinoG_Ext_1ce6ce,PUR_IED_FlorentinoG_Ext_1ce6ce,,,,,
2026-09-12T15:11:07-05:00,PUR_IED_FlorentinoG_Idiom_a66aac,PUR_IED_FlorentinoG_Idiom_a66aac,,,,,
2026-09-12T15:11:07-05:00,PUR_IED_FranciscoMati_Ext_e3869d,PUR_IED_FranciscoMati_Ext_e3869d,,,,,
2026-09-12T15:11:07-05:00,PUR_IED_FranciscoMati_S13_f31c67,PUR_IED_FranciscoMati_S13_f31c67,,,,,
2026-09-12T15:11:07-05:00,PUR_IED_FranciscoMati_S14_97dead,PUR_IED_FranciscoMati_S14_97dead,,,,,
2026-09-12T15:11:07-05:00,PUR_IED_FranciscoPS_Ext_7bfa9a,PUR_IED_FranciscoPS_Ext_7bfa9a,2,22,53,4.5899,-74.110397
2026-09-12T15:11:07-05:00,PUR_IED_FranciscoPS_Infor_fb8f4c,PUR_IED_FranciscoPS_Infor_fb8f4c,,,,,
2026-09-12T15:11:07-05:00,PUR_IED_FranciscoPS_Quimi_94d39c,PUR_IED_FranciscoPS_Quimi_94d39c,,,,,
2026-09-12T15:11:07-05:00,PUR_IED_FranciscoP_LabQ_d7e148,PUR_IED_FranciscoP_LabQ_d7e148,,,,,
2026-09-12T15:11:07-05:00,PUR_IED_FranciscoP_S28_cf9b30,PUR_IED_FranciscoP_S28_cf9b30,,,,,
2026-09-12T15:11:07-05:00,PUR_IED_FranciscoP_ext_e2313,PUR_IED_FranciscoP_ext_e2313,,,,,
2026-09-12T15:11:07-05:00,PUR_IED_FriederichN_Ext_8ac92a,PUR_IED_FriederichN_Ext_8ac92a,,,,,
2026-09-12T15:11:07-05:00,PUR_IED_FriederichN_S301_dd7e5a,PUR_IED_FriederichN_S301_dd7e5a,,,,,
2026-09-12T15:11:07-05:00,PUR_IED_FriederichN_S308_761f4f,PUR_IED_FriederichN_S308_761f4f,,,,,
2026-09-12T15:11:07-05:00,PUR_IED_GSantander_Aula10_533dd7,PUR_IED_GSantander_Aula10_533dd7,,,,,
2026-09-12T15:11:07-05:00,PUR_IED_GSantander_Aula12_fd4e4f,PUR_IED_GSantander_Aula12_fd4e4f,,,,,
2026-09-12T15:11:07-05:00,PUR_IED_GSantander_Aula310_533dd7,PUR_IED_GSantander_Aula310_533dd7,,,,,
2026-09-12T15:11:07-05:00,PUR_IED_GSantander_Aula312_fd4e4f,PUR_IED_GSantander_Aula312_fd4e4f,,,,,
2026-09-12T15:11:07-05:00,PUR_IED_GSantander_Ext_5f66b0,PUR_IED_GSantander_Ext_5f66b0,,,,,
2026-09-12T15:11:07-05:00,PUR_IED_GYomasa_Ext_f6bea5,PUR_IED_GYomasa_Ext_f6bea5,,,,,
2026-09-12T15:11:07-05:00,PUR_IED_GYomasa_LBiol_2c41aa,PUR_IED_GYomasa_LBiol_2c41aa,,,,,
2026-09-12T15:11:07-05:00,PUR_IED_GYomasa_LQuim_33c80,PUR_IED_GYomasa_LQuim_33c80,,,,,
2026-09-12T15:11:07-05:00,PUR_IED_GabBetMejia_Cienc_5a99c,PUR_IED_GabBetMejia_Cienc_5a99c,,,,,
2026-09-12T15:11:07-05:00,PUR_IED_GabBetMejia_Ext_9153d0,PUR_IED_GabBetMejia_Ext_9153d0,,,,,
2026-09-12T15:11:07-05:00,PUR_IED_GabBetMejia_Lab_f55347,PUR_IED_GabBetMejia_Lab_f55347,,,,,
2026-09-12T15:11:07-05:00,PUR_IED_GabBetanMejia_Ext_9153d0,PUR_IED_GabBetanMejia_Ext_9153d0,,,,,
2026-09-12T15:11:07-05:00,PUR_IED_Gaitana_Aula13_7aac11,PUR_IED_Gaitana_Aula13_7aac11,,,,,
2026-09-12T15:11:07-05:00,PUR_IED_Gaitana_Ext_5fcf4,PUR_IED_Gaitana_Ext_5fcf4,,,,,
2026-09-12T15:11:07-05:00,PUR_IED_Gaitana_LabFisica_644448,PUR_IED_Gaitana_LabFisica_644448,,,,,
2026-09-12T15:11:07-05:00,PUR_IED_GenSantander_Dise_8ac858,PUR_IED_GenSantander_Dise_8ac858,,,,,
2026-09-12T15:11:07-05:00,PUR_IED_GenSantander_Ext_8d5dfe,PUR_IED_GenSantander_Ext_8d5dfe,,,,,
2026-09-12T15:11:07-05:00,PUR_IED_GenSantander_Info_6c25b,PUR_IED_GenSantander_Info_6c25b,,,,,
2026-09-12T15:11:07-05:00,PUR_IED_GustavoMo_Exterio_75e63d,PUR_IED_GustavoMo_Exterio_75e63d,,,,,
2026-09-12T15:11:07-05:00,PUR_IED_GustavoMo_LabFisi_224d37,PUR_IED_GustavoMo_LabFisi_224d37,,,,,
2026-09-12T15:11:07-05:00,PUR_IED_GustavoMo_S208_3e6918,PUR_IED_GustavoMo_S208_3e6918,,,,,
2026-09-12T15:11:07-05:00,PUR_IED_GustavoR_A02_8cd4a8,PUR_IED_GustavoR_A02_8cd4a8,,,,,
2026-09-12T15:11:07-05:00,PUR_IED_GustavoR_B11_5b0ed,PUR_IED_GustavoR_B11_5b0ed,,,,,
2026-09-12T15:11:07-05:00,PUR_IED_GustavoR_Ext_7a0c90,PUR_IED_GustavoR_Ext_7a0c90,,,,,
2026-09-12T15:11:07-05:00,PUR_IED_HernandoDuran_Ext_8cd82b,PUR_IED_HernandoDuran_Ext_8cd82b,,,,,
2026-09-12T15:11:07-05:00,PUR_IED_HernandoDuran_S24_2772c6,PUR_IED_HernandoDuran_S24_2772c6,,,,,
2026-09-12T15:11:07-05:00,PUR_IED_HernandoDuran_S30_f2de41,PUR_IED_HernandoDuran_S30_f2de41,,,,,
2026-09-12T15:11:07-05:00,PUR_IED_HolguInUr_S1101_8cd732,PUR_IED_HolguInUr_S1101_8cd732,,,,,
2026-09-12T15:11:07-05:00,PUR_IED_HolguinUr_Exter_ddae6d,PUR_IED_HolguinUr_Exter_ddae6d,,,,,
2026-09-12T15:11:07-05:00,PUR_IED_HolguinUr_LabQuim_92b952,PUR_IED_HolguinUr_LabQuim_92b952,,,,,
2026-09-12T15:11:07-05:00,PUR_IED_Isabel-II_Ext_5245cc,PUR_IED_Isabel-II_Ext_5245cc,2,20,53,4.6336,-74.153
2026-09-12T15:11:07-05:00,PUR_IED_Isabel-II_S_idiom_1c29aa,PUR_IED_Isabel-II_S_idiom_1c29aa,,,,,
2026-09-12T15:11:07-05:00,PUR_IED_Isabel-II_S_infor_fd741,PUR_IED_Isabel-II_S_infor_fd741,,,,,
2026-09-12T15:11:07-05:00,PUR_IED_IsidroSur_Exterio_5b90ea,PUR_IED_IsidroSur_Exterio_5b90ea,,,,,
2026-09-12T15:11:07-05:00,PUR_IED_IsidroSur_LabTec_56697a,PUR_IED_IsidroSur_LabTec_56697a,,,,,
2026-09-12T15:11:07-05:00,PUR_IED_IsidroSur_Robotic_b7c38f,PUR_IED_IsidroSur_Robotic_b7c38f,,,,,
2026-09-12T15:11:07-05:00,PUR_IED_IsmaelPerd_Ext_7b6672,PUR_IED_IsmaelPerd_Ext_7b6672,,,,,
2026-09-12T15:11:07-05:00,PUR_IED_IsmaelPerd_Inform_306540,PUR_IED_IsmaelPerd_Inform_306540,,,,,
2026-09-12T15:11:07-05:00,PUR_IED_IsmaelPerd_S30_2e2c83,PUR_IED_IsmaelPerd_S30_2e2c83,,,,,
2026-09-12T15:11:07-05:00,PUR_IED_JLozano_Exter_432910,PUR_IED_JLozano_Exter_432910,,,,,
2026-09-12T15:11:07-05:00,PUR_IED_JLozano_salaMulti_df5125,PUR_IED_JLozano_salaMulti_df5125,,,,,
2026-09-12T15:11:07-05:00,PUR_IED_JMCordoba_206_86f80b,PUR_IED_JMCordoba_206_86f80b,,,,,
2026-09-12T15:11:07-05:00,PUR_IED_JMCordoba_Ext_27ad97,PUR_IED_JMCordoba_Ext_27ad97,,,,,
2026-09-12T15:11:07-05:00,PUR_IED_JMCordoba_S310_d59ab4,PUR_IED_JMCordoba_S310_d59ab4,,,,,
2026-09-12T15:11:07-05:00,PUR_IED_Japon_Ext_549100,PUR_IED_Japon_Ext_549100,,,,,
2026-09-12T15:11:07-05:00,PUR_IED_Japon_Laboratorio_bec51d,PUR_IED_Japon_Laboratorio_bec51d,,,,,
2026-09-12T15:11:07-05:00,PUR_IED_Japon_informatica_d99327,PUR_IED_Japon_informatica_d99327,,,,,
2026-09-12T15:11:07-05:00,PUR_IED_Jazmin_Ext_d27bda,PUR_IED_Jazmin_Ext_d27bda,,,,,
2026-09-12T15:11:07-05:00,PUR_IED_Jazmin_Fisica_8d14d7,PUR_IED_Jazmin_Fisica_8d14d7,,,,,
2026-09-12T15:11:07-05:00,PUR_IED_Jazmin_Quimica_801cb5,PUR_IED_Jazmin_Quimica_801cb5,,,,,
2026-09-12T15:11:07-05:00,PUR_IED_JorgeGaitan_Exter_f098d1,PUR_IED_JorgeGaitan_Exter_f098d1,,,,,
2026-09-12T15:11:07-05:00,PUR_IED_JorgeGaitan_STec1_dc9d1d,PUR_IED_JorgeGaitan_STec1_dc9d1d,,,,,
2026-09-12T15:11:07-05:00,PUR_IED_JorgeGaitan_STec2_281e69,PUR_IED_JorgeGaitan_STec2_281e69,,,,,
2026-09-12T15:11:07-05:00,PUR_IED_JorgeSoto_Exterio_d9d0a2,PUR_IED_JorgeSoto_Exterio_d9d0a2,,,,,
2026-09-12T15:11:07-05:00,PUR_IED_JorgeSoto_LabFisi_209c54,PUR_IED_JorgeSoto_LabFisi_209c54,,,,,
2026-09-12T15:11:07-05:00,PUR_IED_JorgeSoto_S103_27b51a,PUR_IED_JorgeSoto_S103_27b51a,,,,,
2026-09-12T15:11:07-05:00,PUR_IED_JoseAcevedo_A02_e965eb,PUR_IED_JoseAcevedo_A02_e965eb,,,,,
2026-09-12T15:11:07-05:00,PUR_IED_JoseAcevedo_A07_dd5b4,PUR_IED_JoseAcevedo_A07_dd5b4,,,,,
2026-09-12T15:11:07-05:00,PUR_IED_JoseAcevedo_Ext_b47484,PUR_IED_JoseAcevedo_Ext_b47484,,,,,
2026-09-12T15:11:07-05:00,PUR_IED_JoseMarti_Exte_5b9bf,PUR_IED_JoseMarti_Exte_5b9bf,,,,,
2026-09-12T15:11:07-05:00,PUR_IED_JoseMarti_LabQuim_1c6c2d,PUR_IED_JoseMarti_LabQuim_1c6c2d,,,,,
2026-09-12T15:11:07-05:00,PUR_IED_JoseMarti_S_info_f5f177,PUR_IED_JoseMarti_S_info_f5f177,,,,,
2026-09-12T15:11:07-05:00,PUR_IED_Josejoaquin_Ext_dfc5dc,PUR_IED_Josejoaquin_Ext_dfc5dc,,,,,
2026-09-12T15:11:07-05:00,PUR_IED_Josejoaquin_S05_5b2a96,PUR_IED_Josejoaquin_S05_5b2a96,,,,,
2026-09-12T15:11:07-05:00,PUR_IED_Josejoaquin_S06_1ce7d2,PUR_IED_Josejoaquin_S06_1ce7d2,,,,,
2026-09-12T15:11:07-05:00,PUR_IED_JulioFlorez_Danza_9b82dd,PUR_IED_JulioFlorez_Danza_9b82dd,,,,,
2026-09-12T15:11:07-05:00,PUR_IED_JulioFlorez_Exter_f9f314,PUR_IED_JulioFlorez_Exter_f9f314,,,,,
2026-09-12T15:11:07-05:00,PUR_IED_JulioFlorez_info2_6b6e08,PUR_IED_JulioFlorez_info2_6b6e08,,,,,
2026-09-12T15:11:07-05:00,PUR_IED_LaBelleza_Aula13_1d00d8,PUR_IED_LaBelleza_Aula13_1d00d8,,,,,
2026-09-12T15:11:07-05:00,PUR_IED_LaBelleza_Ext_7bc08c,PUR_IED_LaBelleza_Ext_7bc08c,,,,,
2026-09-12T15:11:07-05:00,PUR_IED_LaChucua_Ext_8cd6d2,PUR_IED_LaChucua_Ext_8cd6d2,,,,,
2026-09-12T15:11:07-05:00,PUR_IED_LaChucua_S15_f578ce,PUR_IED_LaChucua_S15_f578ce,,,,,
2026-09-12T15:11:07-05:00,PUR_IED_LaChucua_S16_eebcf9,PUR_IED_LaChucua_S16_eebcf9,,,,,
2026-09-12T15:11:07-05:00,PUR_IED_LaFelicidad_Ext_fb5109,PUR_IED_LaFelicidad_Ext_fb5109,,,,,
2026-09-12T15:11:07-05:00,PUR_IED_LaMerced_206_66ebd,PUR_IED_LaMerced_206_66ebd,,,,,
2026-09-12T15:11:07-05:00,PUR_IED_LaMerced_207_6ebd6,PUR_IED_LaMerced_207_6ebd6,,,,,
2026-09-12T15:11:07-05:00,PUR_IED_LaMerced_ext_304311,PUR_IED_LaMerced_ext_304311,,,,,
2026-09-12T15:11:07-05:00,PUR_IED_Laureano_CiencNat_281e5e,PUR_IED_Laureano_CiencNat_281e5e,,,,,
2026-09-12T15:11:07-05:00,PUR_IED_Laureano_Comedor_f65c0a,PUR_IED_Laureano_Comedor_f65c0a,,,,,
2026-09-12T15:11:07-05:00,PUR_IED_Laureano_Exterior_7ab011,PUR_IED_Laureano_Exterior_7ab011,,,,,
2026-09-12T15:11:07-05:00,PUR_IED_LeonGreiff_Exte_dfe560,PUR_IED_LeonGreiff_Exte_dfe560,,,,,
2026-09-12T15:11:07-05:00,PUR_IED_LeonGreiff_S210_f264ed,PUR_IED_LeonGreiff_S210_f264ed,,,,,
2026-09-12T15:11:07-05:00,PUR_IED_LeonGreiff_SQuimi_e8296f,PUR_IED_LeonGreiff_SQuimi_e8296f,,,,,
2026-09-12T15:11:07-05:00,PUR_IED_LlanoOrientalS208_7b9fcd,PUR_IED_LlanoOrientalS208_7b9fcd,,,,,
2026-09-12T15:11:07-05:00,PUR_IED_LlanoOriental_Ext_fb3766,PUR_IED_LlanoOriental_Ext_fb3766,,,,,
2026-09-12T15:11:07-05:00,PUR_IED_LlanoOriental_S208_7b9fcd,PUR_IED_LlanoOriental_S208_7b9fcd,,,,,
2026-09-12T15:11:07-05:00,PUR_IED_LlanoOriental_S9_27b378,PUR_IED_LlanoOriental_S9_27b378,,,,,
2026-09-12T15:11:07-05:00,PUR_IED_LosTejares_1101_477602,PUR_IED_LosTejares_1101_477602,,,,,
2026-09-12T15:11:07-05:00,PUR_IED_LosTejares_11_d2c595,PUR_IED_LosTejares_11_d2c595,,,,,
2026-09-12T15:11:07-05:00,PUR_IED_LosTejares_12_477602,PUR_IED_LosTejares_12_477602,,,,,
2026-09-12T15:11:07-05:00,PUR_IED_LosTejares_Ext_8e2115,PUR_IED_LosTejares_Ext_8e2115,,,,,
2026-09-12T15:11:07-05:00,PUR_IED_MagdalenaO_B202_5ddda3,PUR_IED_MagdalenaO_B202_5ddda3,,,,,
2026-09-12T15:11:07-05:00,PUR_IED_MagdalenaO_B205_fb76e8,PUR_IED_MagdalenaO_B205_fb76e8,,,,,
2026-09-12T15:11:07-05:00,PUR_IED_MagdalenaO_ext_dc69cd,PUR_IED_MagdalenaO_ext_dc69cd,,,,,
2026-09-12T15:11:07-05:00,PUR_IED_ManueCepeda_artes_eee956,PUR_IED_ManueCepeda_artes_eee956,,,,,
2026-09-12T15:11:07-05:00,PUR_IED_ManuelCepeda_Ext_58313,PUR_IED_ManuelCepeda_Ext_58313,,,,,
2026-09-12T15:11:07-05:00,PUR_IED_ManuelCepeda_tec_1c5731,PUR_IED_ManuelCepeda_tec_1c5731,,,,,
2026-09-12T15:11:07-05:00,PUR_IED_ManuelS_Exterior_5b269,PUR_IED_ManuelS_Exterior_5b269,,,,,
2026-09-12T15:11:07-05:00,PUR_IED_ManuelS_Inform_f369ce,PUR_IED_ManuelS_Inform_f369ce,,,,,
2026-09-12T15:11:07-05:00,PUR_IED_ManuelS_SArtes_7d15f1,PUR_IED_ManuelS_SArtes_7d15f1,,,,,
2026-09-12T15:11:07-05:00,PUR_IED_ManuelZapata_303_3ca6,PUR_IED_ManuelZapata_303_3ca6,,,,,
2026-09-12T15:11:07-05:00,PUR_IED_ManuelZapata_311_bfbabc,PUR_IED_ManuelZapata_311_bfbabc,,,,,
2026-09-12T15:11:07-05:00,PUR_IED_ManuelZapata_Ext_50824a,PUR_IED_ManuelZapata_Ext_50824a,,,,,
2026-09-12T15:11:07-05:00,PUR_IED_ManuelitaS_Exteri_656a92,PUR_IED_ManuelitaS_Exteri_656a92,,,,,
2026-09-12T15:11:07-05:00,PUR_IED_ManuelitaS_JuzgDe_f58ec3,PUR_IED_ManuelitaS_JuzgDe_f58ec3,,,,,
2026-09-12T15:11:07-05:00,PUR_IED_ManuelitaS_Recrea_d793db,PUR_IED_ManuelitaS_Recrea_d793db,,,,,
2026-09-12T15:11:07-05:00,PUR_IED_MarFidSuarez_Ext_c27b19,PUR_IED_MarFidSuarez_Ext_c27b19,,,,,
2026-09-12T15:11:07-05:00,PUR_IED_MarFidSuarez_Info_e384d7,PUR_IED_MarFidSuarez_Info_e384d7,,,,,
2026-09-12T15:11:07-05:00,PUR_IED_MarFidSuarez_S306_1d0032,PUR_IED_MarFidSuarez_S306_1d0032,,,,,
2026-09-12T15:11:07-05:00,PUR_IED_Menorah_301_2a25a3,PUR_IED_Menorah_301_2a25a3,,,,,
2026-09-12T15:11:07-05:00,PUR_IED_Menorah_306_37ed3,PUR_IED_Menorah_306_37ed3,,,,,
2026-09-12T15:11:07-05:00,PUR_IED_Menorah_Ext_3e155b,PUR_IED_Menorah_Ext_3e155b,,,,,
2026-09-12T15:11:07-05:00,PUR_IED_MinutoB.Aires_A11_1b1604,PUR_IED_MinutoB.Aires_A11_1b1604,,,,,
2026-09-12T15:11:07-05:00,PUR_IED_MinutoB.Aires_A12_fb5860,PUR_IED_MinutoB.Aires_A12_fb5860,,,,,
2026-09-12T15:11:07-05:00,PUR_IED_MinutoB.Aires_Ext_81293f,PUR_IED_MinutoB.Aires_Ext_81293f,,,,,
2026-09-12T15:11:07-05:00,PUR_IED_MinutoBAires_A11_1b1604,PUR_IED_MinutoBAires_A11_1b1604,,,,,
2026-09-12T15:11:07-05:00,PUR_IED_MinutoBAires_A12_fb5860,PUR_IED_MinutoBAires_A12_fb5860,,,,,
2026-09-12T15:11:07-05:00,PUR_IED_MinutoBAires_Ext_81293f,PUR_IED_MinutoBAires_Ext_81293f,,,,,
2026-09-12T15:11:07-05:00,PUR_IED_Montreal_Aula10_1e4959,PUR_IED_Montreal_Aula10_1e4959,,,,,
2026-09-12T15:11:07-05:00,PUR_IED_Montreal_Aula6_300367,PUR_IED_Montreal_Aula6_300367,,,,,
2026-09-12T15:11:07-05:00,PUR_IED_Montreal_Exterior_91a179,PUR_IED_Montreal_Exterior_91a179,,,,,
2026-09-12T15:11:07-05:00,PUR_IED_Mqgdalena_B202_5ddda3,PUR_IED_Mqgdalena_B202_5ddda3,,,,,
2026-09-12T15:11:07-05:00,PUR_IED_NACUND_Soc_dc8728,PUR_IED_NACUND_Soc_dc8728,,,,,
2026-09-12T15:11:07-05:00,PUR_IED_NACUND_ext_27ad97,PUR_IED_NACUND_ext_27ad97,,,,,
2026-09-12T15:11:07-05:00,PUR_IED_NEsperanza_Ext_d24b61,PUR_IED_NEsperanza_Ext_d24b61,,,,,
2026-09-12T15:11:07-05:00,PUR_IED_NEsperanza_SElect_7d1807,PUR_IED_NEsperanza_SElect_7d1807,,,,,
2026-09-12T15:11:07-05:00,PUR_IED_NEsperanza_SLabor_8b2d0a,PUR_IED_NEsperanza_SLabor_8b2d0a,,,,,
2026-09-12T15:11:07-05:00,PUR_IED_NacionesU_Ext_f661a9,PUR_IED_NacionesU_Ext_f661a9,,,,,
2026-09-12T15:11:07-05:00,PUR_IED_NacionesU_Quimica_66f0a,PUR_IED_NacionesU_Quimica_66f0a,,,,,
2026-09-12T15:11:07-05:00,PUR_IED_NacionesU_S306_1b4b3d,PUR_IED_NacionesU_S306_1b4b3d,,,,,
2026-09-12T15:11:07-05:00,PUR_IED_NestorFA_Ext_e4201c,PUR_IED_NestorFA_Ext_e4201c,,,,,
2026-09-12T15:11:07-05:00,PUR_IED_NestorFA_Laborato_f22fe0,PUR_IED_NestorFA_Laborato_f22fe0,,,,,
2026-09-12T15:11:07-05:00,PUR_IED_NestorFA_S204_dee996,PUR_IED_NestorFA_S204_dee996,,,,,
2026-09-12T15:11:07-05:00,PUR_IED_NidyaQT_Aula03_76999b,PUR_IED_NidyaQT_Aula03_76999b,,,,,
2026-09-12T15:11:07-05:00,PUR_IED_NidyaQT_Aula10_56325,PUR_IED_NidyaQT_Aula10_56325,,,,,
2026-09-12T15:11:07-05:00,PUR_IED_NidyaQT_Ext_46e32d,PUR_IED_NidyaQT_Ext_46e32d,,,,,
2026-09-12T15:11:07-05:00,PUR_IED_NuevaCol_Exterior_d9b859,PUR_IED_NuevaCol_Exterior_d9b859,,,,,
2026-09-12T15:11:07-05:00,PUR_IED_NuevaCol_S1101_76c43b,PUR_IED_NuevaCol_S1101_76c43b,,,,,
2026-09-12T15:11:07-05:00,PUR_IED_NuevaCol_S1102_1ce0b5,PUR_IED_NuevaCol_S1102_1ce0b5,,,,,
2026-09-12T15:11:07-05:00,PUR_IED_OEA_A202_f7e3f2,PUR_IED_OEA_A202_f7e3f2,,,,,
2026-09-12T15:11:07-05:00,PUR_IED_OEA_A203_7d1b8d,PUR_IED_OEA_A203_7d1b8d,,,,,
2026-09-12T15:11:07-05:00,PUR_IED_OEA_Ext_27b593,PUR_IED_OEA_Ext_27b593,,,,,
2026-09-12T15:11:07-05:00,PUR_IED_Ochoa_Ext_1c29da,PUR_IED_Ochoa_Ext_1c29da,,,,,
2026-09-12T15:11:07-05:00,PUR_IED_Ochoa_S205_8b1121,PUR_IED_Ochoa_S205_8b1121,,,,,
2026-09-12T15:11:07-05:00,PUR_IED_Ochoa_Sistemas_f33af6,PUR_IED_Ochoa_Sistemas_f33af6,,,,,
2026-09-12T15:11:07-05:00,PUR_IED_PQuebec_Ext_1c67c7,PUR_IED_PQuebec_Ext_1c67c7,,,,,
2026-09-12T15:11:07-05:00,PUR_IED_PQuebec_S15_23e8e2,PUR_IED_PQuebec_S15_23e8e2,,,,,
2026-09-12T15:11:07-05:00,PUR_IED_PQuebec_S16_8ec76b,PUR_IED_PQuebec_S16_8ec76b,,,,,
2026-09-12T15:11:07-05:00,PUR_IED_PabloN_Ext_49dc96,PUR_IED_PabloN_Ext_49dc96,,,,,
2026-09-12T15:11:07-05:00,PUR_IED_PabloN_S1102_4e3df5,PUR_IED_PabloN_S1102_4e3df5,,,,,
2026-09-12T15:11:07-05:00,PUR_IED_PabloN_S1103_50c94b,PUR_IED_PabloN_S1103_50c94b,,,,,
2026-09-12T15:11:07-05:00,PUR_IED_Palestina_S1101_db9198,PUR_IED_Palestina_S1101_db9198,,,,,
2026-09-12T15:11:07-05:00,PUR_IED_Palestina_S1102_dc54fa,PUR_IED_Palestina_S1102_dc54fa,,,,,
2026-09-12T15:11:07-05:00,PUR_IED_Palestina_ext_4ccce6,PUR_IED_Palestina_ext_4ccce6,,,,,
2026-09-12T15:11:07-05:00,PUR_IED_Panama_Fisica_4d0794,PUR_IED_Panama_Fisica_4d0794,,,,,
2026-09-12T15:11:07-05:00,PUR_IED_Panama_SIngles_a4077e,PUR_IED_Panama_SIngles_a4077e,,,,,
2026-09-12T15:11:07-05:00,PUR_IED_Panama_ext_4c54b4,PUR_IED_Panama_ext_4c54b4,,,,,
2026-09-12T15:11:07-05:00,PUR_IED_ParaisoM_Exterior_8cd7f0,PUR_IED_ParaisoM_Exterior_8cd7f0,,,,,
2026-09-12T15:11:07-05:00,PUR_IED_ParaisoM_Laborato_27af35,PUR_IED_ParaisoM_Laborato_27af35,,,,,
2026-09-12T15:11:07-05:00,PUR_IED_ParaisoM_S304_d1edca,PUR_IED_ParaisoM_S304_d1edca,,,,,
2026-09-12T15:11:07-05:00,PUR_IED_PorfirioBarba_Ext_301466,PUR_IED_PorfirioBarba_Ext_301466,,,,,
2026-09-12T15:11:07-05:00,PUR_IED_PorfirioBarba_S11_df6cd2,PUR_IED_PorfirioBarba_S11_df6cd2,,,,,
2026-09-12T15:11:07-05:00,PUR_IED_PorfirioBarba_S29_27a7d6,PUR_IED_PorfirioBarba_S29_27a7d6,,,,,
2026-09-12T15:11:07-05:00,PUR_IED_PradoV_Exter_8b27ad,PUR_IED_PradoV_Exter_8b27ad,,,,,
2026-09-12T15:11:07-05:00,PUR_IED_PradoV_S301_de65b5,PUR_IED_PradoV_S301_de65b5,,,,,
2026-09-12T15:11:07-05:00,PUR_IED_PradoV_S302_7d2593,PUR_IED_PradoV_S302_7d2593,,,,,
2026-09-12T15:11:07-05:00,PUR_IED_QuirogaAlz_Ext_1ddc82,PUR_IED_QuirogaAlz_Ext_1ddc82,,,,,
2026-09-12T15:11:07-05:00,PUR_IED_QuirogaAlz_S302_9926a3,PUR_IED_QuirogaAlz_S302_9926a3,,,,,
2026-09-12T15:11:07-05:00,PUR_IED_QuirogaAlz_S305_cdf1f1,PUR_IED_QuirogaAlz_S305_cdf1f1,,,,,
2026-09-12T15:11:07-05:00,PUR_IED_RGuatemala_Biling_dc53b7,PUR_IED_RGuatemala_Biling_dc53b7,,,,,
2026-09-12T15:11:07-05:00,PUR_IED_RGuatemala_Ext_1b89a3,PUR_IED_RGuatemala_Ext_1b89a3,,,,,
2026-09-12T15:11:07-05:00,PUR_IED_RGuatemala_Tecnol_281a34,PUR_IED_RGuatemala_Tecnol_281a34,,,,,
2026-09-12T15:11:07-05:00,PUR_IED_RafaNu_Ext_f7c302,PUR_IED_RafaNu_Ext_f7c302,,,,,
2026-09-12T15:11:07-05:00,PUR_IED_RafaNu_S1101_25fde,PUR_IED_RafaNu_S1101_25fde,,,,,
2026-09-12T15:11:07-05:00,PUR_IED_RafaNu_S1102_281517,PUR_IED_RafaNu_S1102_281517,,,,,
2026-09-12T15:11:07-05:00,PUR_IED_RafaelB_S305_ee2783,PUR_IED_RafaelB_S305_ee2783,,,,,
2026-09-12T15:11:07-05:00,PUR_IED_RafaelB_S306_75fe33,PUR_IED_RafaelB_S306_75fe33,,,,,
2026-09-12T15:11:07-05:00,PUR_IED_RafaelB_ext_283336,PUR_IED_RafaelB_ext_283336,2,20,55,4.6722,-74.0737
2026-09-12T15:11:07-05:00,PUR_IED_RafaelUU_Exterior_281a51,PUR_IED_RafaelUU_Exterior_281a51,,,,,
2026-09-12T15:11:07-05:00,PUR_IED_RafaelUU_Human_806b2,PUR_IED_RafaelUU_Human_806b2,,,,,
2026-09-12T15:11:07-05:00,PUR_IED_RafaelUU_Mate2_5680d4,PUR_IED_RafaelUU_Mate2_5680d4,,,,,
2026-09-12T15:11:07-05:00,PUR_IED_RamonSub_Ext_f9eeb9,PUR_IED_RamonSub_Ext_f9eeb9,,,,,
2026-09-12T15:11:07-05:00,PUR_IED_RamonSub_Media_d1f62f,PUR_IED_RamonSub_Media_d1f62f,,,,,
2026-09-12T15:11:07-05:00,PUR_IED_RamonSub_planta_51b82,PUR_IED_RamonSub_planta_51b82,,,,,
2026-09-12T15:11:07-05:00,PUR_IED_RepBoliVene_Exter_27af7c,PUR_IED_RepBoliVene_Exter_27af7c,,,,,
2026-09-12T15:11:07-05:00,PUR_IED_RepBoliVene_SCPT_5ae2ee,PUR_IED_RepBoliVene_SCPT_5ae2ee,,,,,
2026-09-12T15:11:07-05:00,PUR_IED_RepBoliVene_Socia_4b11d5,PUR_IED_RepBoliVene_Socia_4b11d5,,,,,
2026-09-12T15:11:07-05:00,PUR_IED_RepChina_Ext_76d9ee,PUR_IED_RepChina_Ext_76d9ee,,,,,
2026-09-12T15:11:07-05:00,PUR_IED_RepChina_S404_7c804c,PUR_IED_RepChina_S404_7c804c,,,,,
2026-09-12T15:11:07-05:00,PUR_IED_RepChina_S405_df2c33,PUR_IED_RepChina_S405_df2c33,,,,,
2026-09-12T15:11:07-05:00,PUR_IED_RepublicaC_Exteri_7d1ec9,PUR_IED_RepublicaC_Exteri_7d1ec9,,,,,
2026-09-12T15:11:07-05:00,PUR_IED_RepublicaC_S1101_f544b3,PUR_IED_RepublicaC_S1101_f544b3,,,,,
2026-09-12T15:11:07-05:00,PUR_IED_RepublicaC_S1102_7aafc7,PUR_IED_RepublicaC_S1102_7aafc7,,,,,
2026-09-12T15:11:07-05:00,PUR_IED_Ricaurte_Externo_a0ea1,PUR_IED_Ricaurte_Externo_a0ea1,,,,,
2026-09-12T15:11:07-05:00,PUR_IED_Ricaurte_S210_f546fd,PUR_IED_Ricaurte_S210_f546fd,,,,,
2026-09-12T15:11:07-05:00,PUR_IED_Ricaurte_S309_d4452,PUR_IED_Ricaurte_S309_d4452,,,,,
2026-09-12T15:11:07-05:00,PUR_IED_RogelioS_1102_531e69,PUR_IED_RogelioS_1102_531e69,,,,,
2026-09-12T15:11:07-05:00,PUR_IED_RogelioS_Ext_f25a18,PUR_IED_RogelioS_Ext_f25a18,,,,,
2026-09-12T15:11:07-05:00,PUR_IED_SBernardino_Ext_27aff8,PUR_IED_SBernardino_Ext_27aff8,,,,,
2026-09-12T15:11:07-05:00,PUR_IED_SBernardino_SArte_2ffd33,PUR_IED_SBernardino_SArte_2ffd33,,,,,
2026-09-12T15:11:07-05:00,PUR_IED_SBernardino_SIngl_7c7da5,PUR_IED_SBernardino_SIngl_7c7da5,,,,,
2026-09-12T15:11:07-05:00,PUR_IED_Sago_auditorio_dc9d1d,PUR_IED_Sago_auditorio_dc9d1d,,,,,
2026-09-12T15:11:07-05:00,PUR_IED_Saludcoop_Ext_95aac3,PUR_IED_Saludcoop_Ext_95aac3,,,,,
2026-09-12T15:11:07-05:00,PUR_IED_Saludcoop_InfI_90c854,PUR_IED_Saludcoop_InfI_90c854,,,,,
2026-09-12T15:11:07-05:00,PUR_IED_Saludcoop_SMedia_1b93be,PUR_IED_Saludcoop_SMedia_1b93be,,,,,
2026-09-12T15:11:07-05:00,PUR_IED_SanCarlos_1101_1a2360,PUR_IED_SanCarlos_1101_1a2360,,,,,
2026-09-12T15:11:07-05:00,PUR_IED_SanCarlos_1103_7bafb5,PUR_IED_SanCarlos_1103_7bafb5,,,,,
2026-09-12T15:11:07-05:00,PUR_IED_SanCarlos_Ext_b7cd1,PUR_IED_SanCarlos_Ext_b7cd1,,,,,
2026-09-12T15:11:07-05:00,PUR_IED_SanIgnacioBosa11a_50c26e,PUR_IED_SanIgnacioBosa11a_50c26e,,,,,
2026-09-12T15:11:07-05:00,PUR_IED_SanIgnacioBosa11b_371de8,PUR_IED_SanIgnacioBosa11b_371de8,,,,,
2026-09-12T15:11:07-05:00,PUR_IED_SanIgnacioBosaExt_ef0ffc,PUR_IED_SanIgnacioBosaExt_ef0ffc,,,,,
2026-09-12T15:11:07-05:00,PUR_IED_SanIgnacioBosa_11a_50c26e,PUR_IED_SanIgnacioBosa_11a_50c26e,,,,,
2026-09-12T15:11:07-05:00,PUR_IED_SanIgnacioBosa_Ext_ef0ffc,PUR_IED_SanIgnacioBosa_Ext_ef0ffc,,,,,
2026-09-12T15:11:07-05:00,PUR_IED_SanJoseN_intS1101_31c47f,PUR_IED_SanJoseN_intS1101_31c47f,,,,,
2026-09-12T15:11:07-05:00,PUR_IED_SanJoseUsm_Exter_f5d7e8,PUR_IED_SanJoseUsm_Exter_f5d7e8,,,,,
2026-09-12T15:11:07-05:00,PUR_IED_SanJoseUsm_Int11A_cfdef6,PUR_IED_SanJoseUsm_Int11A_cfdef6,,,,,
2026-09-12T15:11:07-05:00,PUR_IED_SilveriaR_IntB5_905349,PUR_IED_SilveriaR_IntB5_905349,,,,,
2026-09-12T15:11:07-05:00,PUR_IED_SilveriaR_IntSD14_981f93,PUR_IED_SilveriaR_IntSD14_981f93,,,,,
2026-09-12T15:11:07-05:00,PUR_IED_SilveriaR_ext_2b651d,PUR_IED_SilveriaR_ext_2b651d,,,,,
2026-09-12T15:11:07-05:00,PUR_IED_SimonB_Exterior_913975,PUR_IED_SimonB_Exterior_913975,,,,,
2026-09-12T15:11:07-05:00,PUR_IED_SimonB_LabQuimi_c56908,PUR_IED_SimonB_LabQuimi_c56908,,,,,
2026-09-12T15:11:07-05:00,PUR_IED_SimonB_informatic_a28c1,PUR_IED_SimonB_informatic_a28c1,,,,,
2026-09-12T15:11:07-05:00,PUR_IED_Sorrento_1102_315f50,PUR_IED_Sorrento_1102_315f50,,,,,
2026-09-12T15:11:07-05:00,PUR_IED_Sorrento_Minte_214eab,PUR_IED_Sorrento_Minte_214eab,,,,,
2026-09-12T15:11:07-05:00,PUR_IED_Sorrento_ext_7c3a0a,PUR_IED_Sorrento_ext_7c3a0a,,,,,
2026-09-12T15:11:07-05:00,PUR_IED_Tabora_Ext_f048ae,PUR_IED_Tabora_Ext_f048ae,,,,,
2026-09-12T15:11:07-05:00,PUR_IED_Tabora_S1102_b07752,PUR_IED_Tabora_S1102_b07752,,,,,
2026-09-12T15:11:07-05:00,PUR_IED_Tabora_S1103_d988f5,PUR_IED_Tabora_S1103_d988f5,,,,,
2026-09-12T15:11:07-05:00,PUR_IED_Tenerife_Ext_1ab188,PUR_IED_Tenerife_Ext_1ab188,,,,,
2026-09-12T15:11:07-05:00,PUR_IED_Tenerife_SDanzas_7bc02e,PUR_IED_Tenerife_SDanzas_7bc02e,,,,,
2026-09-12T15:11:07-05:00,PUR_IED_Tenerife_SIngles_7cc277,PUR_IED_Tenerife_SIngles_7cc277,,,,,
2026-09-12T15:11:07-05:00,PUR_IED_Tibabuyes_Exter_f2683d,PUR_IED_Tibabuyes_Exter_f2683d,,,,,
2026-09-12T15:11:07-05:00,PUR_IED_Tibabuyes_S10_dc87a8,PUR_IED_Tibabuyes_S10_dc87a8,,,,,
2026-09-12T15:11:07-05:00,PUR_IED_Tibabuyes_S15_dc0526,PUR_IED_Tibabuyes_S15_dc0526,,,,,
2026-09-12T15:11:07-05:00,PUR_IED_UnionE_S301_a1043,PUR_IED_UnionE_S301_a1043,,,,,
2026-09-12T15:11:07-05:00,PUR_IED_UnionE_S307_ff6c2f,PUR_IED_UnionE_S307_ff6c2f,,,,,
2026-09-12T15:11:07-05:00,PUR_IED_UnionE__Ext_5e2468,PUR_IED_UnionE__Ext_5e2468,,,,,
2026-09-12T15:11:07-05:00,PUR_IED_VillaRica_Ext_75be7c,PUR_IED_VillaRica_Ext_75be7c,,,,,
2026-09-12T15:11:07-05:00,PUR_IED_VillaRica_S4_cc5dcd,PUR_IED_VillaRica_S4_cc5dcd,,,,,
2026-09-12T15:11:07-05:00,PUR_IED_VillaRica_Sesp_99f5c,PUR_IED_VillaRica_Sesp_99f5c,,,,,
2026-09-12T15:16:25-05:00,PUR_IED_20deJulio_1101_91b1b9,PUR_IED_20deJulio_1101_91b1b9,,,,,
2026-09-12T15:16:25-05:00,PUR_IED_20deJulio_1102_1cfcf9,PUR_IED_20deJulio_1102_1cfcf9,,,,,
2026-09-12T15:16:25-05:00,PUR_IED_20deJulio_Ext_ab60bd,PUR_IED_20deJulio_Ext_ab60bd,,,,,
2026-09-12T15:16:25-05:00,PUR_IED_AgustinFer_Ext_7b9b77,PUR_IED_AgustinFer_Ext_7b9b77,,,,,
2026-09-12T15:16:25-05:00,PUR_IED_AgustinFer_Info2_27b3a7,PUR_IED_AgustinFer_Info2_27b3a7,,,,,
2026-09-12T15:16:25-05:00,PUR_IED_AgustinFer_Sena_54b4eb,PUR_IED_AgustinFer_Sena_54b4eb,,,,,
2026-09-12T15:16:25-05:00,PUR_IED_AlexanderF_1102_caf07b,PUR_IED_AlexanderF_1102_caf07b,,,,,
2026-09-12T15:16:25-05:00,PUR_IED_AlexanderF_1103_c79e71,PUR_IED_AlexanderF_1103_c79e71,,,,,
2026-09-12T15:16:25-05:00,PUR_IED_AlexanderF_Ext_c5b18b,PUR_IED_AlexanderF_Ext_c5b18b,,,,,
2026-09-12T15:16:25-05:00,PUR_IED_AlfonsoLopez_Ext_281d77,PUR_IED_AlfonsoLopez_Ext_281d77,,,,,
2026-09-12T15:16:25-05:00,PUR_IED_AlfonsoLopez_LabF_888ce0,PUR_IED_AlfonsoLopez_LabF_888ce0,,,,,
2026-09-12T15:16:25-05:00,PUR_IED_AlfonsoLopez_SMed_df6a7f,PUR_IED_AlfonsoLopez_SMed_df6a7f,,,,,
2026-09-12T15:16:25-05:00,PUR_IED_AltamiraSO_A2_209f92,PUR_IED_AltamiraSO_A2_209f92,,,,,
2026-09-12T15:16:25-05:00,PUR_IED_AltamiraSO_Ext_186d66,PUR_IED_AltamiraSO_Ext_186d66,,,,,
2026-09-12T15:16:25-05:00,PUR_IED_AltamiraSO_Sistem_27afe1,PUR_IED_AltamiraSO_Sistem_27afe1,,,,,
2026-09-12T15:16:25-05:00,PUR_IED_AlvaroGom_LabQuim_813179,PUR_IED_AlvaroGom_LabQuim_813179,,,,,
2026-09-12T15:16:25-05:00,PUR_IED_AlvaroGomez_Ext_47c7ca,PUR_IED_AlvaroGomez_Ext_47c7ca,,,,,
2026-09-12T15:16:25-05:00,PUR_IED_AlvaroGomez_LabQuim_813179,PUR_IED_AlvaroGomez_LabQuim_813179,,,,,
2026-09-12T15:16:25-05:00,PUR_IED_AlvaroGomez_S23_7ba89f,PUR_IED_AlvaroGomez_S23_7ba89f,,,,,
2026-09-12T15:16:25-05:00,PUR_IED_Amistad_306_dc8728,PUR_IED_Amistad_306_dc8728,,,,,
2026-09-12T15:16:25-05:00,PUR_IED_Amistad_Ext_8cd55e,PUR_IED_Amistad_Ext_8cd55e,,,,,
2026-09-12T15:16:25-05:00,PUR_IED_Amistad_S202_a41169,PUR_IED_Amistad_S202_a41169,,,,,
2026-09-12T15:16:25-05:00,PUR_IED_AndresBello_Bio_fd5f5e,PUR_IED_AndresBello_Bio_fd5f5e,,,,,
2026-09-12T15:16:25-05:00,PUR_IED_AndresBello_ext_dcad65,PUR_IED_AndresBello_ext_dcad65,,,,,
2026-09-12T15:16:25-05:00,PUR_IED_AndresBello_port_eed3ec,PUR_IED_AndresBello_port_eed3ec,,,,,
2026-09-12T15:16:25-05:00,PUR_IED_AngelaR_11b_d90a6b,PUR_IED_AngelaR_11b_d90a6b,,,,,
2026-09-12T15:16:25-05:00,PUR_IED_AngelaR_ext_7cad3e,PUR_IED_AngelaR_ext_7cad3e,,,,,
2026-09-12T15:16:25-05:00,PUR_IED_AntJoseSucre_10mo_df2575,PUR_IED_AntJoseSucre_10mo_df2575,,,,,
2026-09-12T15:16:25-05:00,PUR_IED_AntJoseSucre_Ext_215b36,PUR_IED_AntJoseSucre_Ext_215b36,,,,,
2026-09-12T15:16:25-05:00,PUR_IED_AntJoseSucre_Lab_3139de,PUR_IED_AntJoseSucre_Lab_3139de,,,,,
2026-09-12T15:16:25-05:00,PUR_IED_AntonioGarcia_301_d6b188,PUR_IED_AntonioGarcia_301_d6b188,,,,,
2026-09-12T15:16:25-05:00,PUR_IED_AntonioGarcia_302_88a82,PUR_IED_AntonioGarcia_302_88a82,,,,,
2026-09-12T15:16:25-05:00,PUR_IED_AntonioGarcia_Ext_20950c,PUR_IED_AntonioGarcia_Ext_20950c,,,,,
2026-09-12T15:16:25-05:00,PUR_IED_AntonioVan_Aula2_6dea02,PUR_IED_AntonioVan_Aula2_6dea02,,,,,
2026-09-12T15:16:25-05:00,PUR_IED_AntonioVan_Aula5_f1557e,PUR_IED_AntonioVan_Aula5_f1557e,,,,,
2026-09-12T15:16:25-05:00,PUR_IED_AntonioVan_Ext_406f2f,PUR_IED_AntonioVan_Ext_406f2f,,,,,
2026-09-12T15:16:25-05:00,PUR_IED_Atabanzha_Ext_cc5af9,PUR_IED_Atabanzha_Ext_cc5af9,,,,,
2026-09-12T15:16:25-05:00,PUR_IED_Atabanzha_SA101_56c37,PUR_IED_Atabanzha_SA101_56c37,,,,,
2026-09-12T15:16:25-05:00,PUR_IED_Atabanzha_SB302_27b374,PUR_IED_Atabanzha_SB302_27b374,,,,,
2026-09-12T15:16:25-05:00,PUR_IED_Atahualpa_Ext_fc1748,PUR_IED_Atahualpa_Ext_fc1748,,,,,
2026-09-12T15:16:25-05:00,PUR_IED_Atahualpa_Informa_dc9a95,PUR_IED_Atahualpa_Informa_dc9a95,,,,,
2026-09-12T15:16:25-05:00,PUR_IED_Atahualpa_S1101_f98056,PUR_IED_Atahualpa_S1101_f98056,,,,,
2026-09-12T15:16:25-05:00,PUR_IED_Bellavista_Ext_f5aa74,PUR_IED_Bellavista_Ext_f5aa74,,,,,
2026-09-12T15:16:25-05:00,PUR_IED_Bilbao_11A_916c41,PUR_IED_Bilbao_11A_916c41,,,,,
2026-09-12T15:16:25-05:00,PUR_IED_Bilbao_Ext_fb579a,PUR_IED_Bilbao_Ext_fb579a,,,,,
2026-09-12T15:16:25-05:00,PUR_IED_BrasiliaU_A125_304280,PUR_IED_BrasiliaU_A125_304280,,,,,
2026-09-12T15:16:25-05:00,PUR_IED_BrasiliaU_A203_7c8ca5,PUR_IED_BrasiliaU_A203_7c8ca5,,,,,
2026-09-12T15:16:25-05:00,PUR_IED_BrasiliaU_Ext_8d6e9f,PUR_IED_BrasiliaU_Ext_8d6e9f,3,21,52,4.5175,-74.116302
2026-09-12T15:16:25-05:00,PUR_IED_Brasilia_Ext_fe6593,PUR_IED_Brasilia_Ext_fe6593,,,,,
2026-09-12T15:16:25-05:00,PUR_IED_Brasilia_S24_7c130d,PUR_IED_Brasilia_S24_7c130d,,,,,
2026-09-12T15:16:25-05:00,PUR_IED_Brasilia_S501_186a54,PUR_IED_Brasilia_S501_186a54,,,,,
2026-09-12T15:16:25-05:00,PUR_IED_CHARRY_EXT_f1d5cd,PUR_IED_CHARRY_EXT_f1d5cd,,,,,
2026-09-12T15:16:25-05:00,PUR_IED_CHARRY_INTDANZAS_7a08e6,PUR_IED_CHARRY_INTDANZAS_7a08e6,,,,,
2026-09-12T15:16:25-05:00,PUR_IED_CHARRY_INT_AULA20_dc998d,PUR_IED_CHARRY_INT_AULA20_dc998d,,,,,
2026-09-12T15:16:25-05:00,PUR_IED_COLVIV_1101_S25_7f520a,PUR_IED_COLVIV_1101_S25_7f520a,,,,,
2026-09-12T15:16:25-05:00,PUR_IED_COLVIV_1102_S16_f570ba,PUR_IED_COLVIV_1102_S16_f570ba,,,,,
2026-09-12T15:16:25-05:00,PUR_IED_COLVIV_Ext_1a26fa,PUR_IED_COLVIV_Ext_1a26fa,,,,,
2026-09-12T15:16:25-05:00,PUR_IED_CULPOP_301A_f660f3,PUR_IED_CULPOP_301A_f660f3,,,,,
2026-09-12T15:16:25-05:00,PUR_IED_CULPOP_303_568afe,PUR_IED_CULPOP_303_568afe,,,,,
2026-09-12T15:16:25-05:00,PUR_IED_CULPOP_Ext_e02ccb,PUR_IED_CULPOP_Ext_e02ccb,,,,,
2026-09-12T15:16:25-05:00,PUR_IED_CVillavicen_Ext_26eb58,PUR_IED_CVillavicen_Ext_26eb58,2,17,71,4.487,-74.102798
2026-09-12T15:16:25-05:00,PUR_IED_CVillavicen_Intel_1ce5c2,PUR_IED_CVillavicen_Intel_1ce5c2,,,,,
2026-09-12T15:16:25-05:00,PUR_IED_CVillavicen_Poliv_e0766c,PUR_IED_CVillavicen_Poliv_e0766c,,,,,
2026-09-12T15:16:25-05:00,PUR_IED_CVillavicen_int_1ba140,PUR_IED_CVillavicen_int_1ba140,,,,,
2026-09-12T15:16:25-05:00,PUR_IED_CVillavicen_intel_1ba140,PUR_IED_CVillavicen_intel_1ba140,,,,,
2026-09-12T15:16:25-05:00,PUR_IED_CarlosPizarro_Ext_e307cc,PUR_IED_CarlosPizarro_Ext_e307cc,,,,,
2026-09-12T15:16:25-05:00,PUR_IED_CarlosPizarro_L36_7e5cdb,PUR_IED_CarlosPizarro_L36_7e5cdb,,,,,
2026-09-12T15:16:25-05:00,PUR_IED_CarlosPizarro_L37_c8566c,PUR_IED_CarlosPizarro_L37_c8566c,,,,,
2026-09-12T15:16:25-05:00,PUR_IED_Castilla_Ext_cf35f,PUR_IED_Castilla_Ext_cf35f,,,,,
2026-09-12T15:16:25-05:00,PUR_IED_Castilla_SFisik_360e38,PUR_IED_Castilla_SFisik_360e38,,,,,
2026-09-12T15:16:25-05:00,PUR_IED_Castilla_Sc304_496fbf,PUR_IED_Castilla_Sc304_496fbf,,,,,
2026-09-12T15:16:25-05:00,PUR_IED_CervantesSa_Ext_6b57b,PUR_IED_CervantesSa_Ext_6b57b,2,20,60,4.5128,-74.117203
2026-09-12T15:16:25-05:00,PUR_IED_CervantesSa_S107_225c2b,PUR_IED_CervantesSa_S107_225c2b,,,,,
2026-09-12T15:16:25-05:00,PUR_IED_CervantesSa_S108_940925,PUR_IED_CervantesSa_S108_940925,,,,,
2026-09-12T15:16:25-05:00,PUR_IED_Charry_A20_f53e7c,PUR_IED_Charry_A20_f53e7c,,,,,
2026-09-12T15:16:25-05:00,PUR_IED_Charry_Ext_f1d5cd,PUR_IED_Charry_Ext_f1d5cd,,,,,
2026-09-12T15:16:25-05:00,PUR_IED_Charry_IntAula20_dc998d,PUR_IED_Charry_IntAula20_dc998d,,,,,
2026-09-12T15:16:25-05:00,PUR_IED_Charry_IntDanzas_7a08e6,PUR_IED_Charry_IntDanzas_7a08e6,,,,,
2026-09-12T15:16:25-05:00,PUR_IED_ClememciaC_203_43e2fc,PUR_IED_ClememciaC_203_43e2fc,,,,,
2026-09-12T15:16:25-05:00,PUR_IED_ClememciaC_Ext_1b411a,PUR_IED_ClememciaC_Ext_1b411a,,,,,
2026-09-12T15:16:25-05:00,PUR_IED_ClememciaC_Quimic_44b5fc,PUR_IED_ClememciaC_Quimic_44b5fc,,,,,
2026-09-12T15:16:25-05:00,PUR_IED_ClemenciaC_203_43e2fc,PUR_IED_ClemenciaC_203_43e2fc,,,,,
2026-09-12T15:16:25-05:00,PUR_IED_ClemenciaC_Ext_1b411a,PUR_IED_ClemenciaC_Ext_1b411a,,,,,
2026-09-12T15:16:25-05:00,PUR_IED_ClemenciaC_Quimic_44b5fc,PUR_IED_ClemenciaC_Quimic_44b5fc,,,,,
2026-09-12T15:16:25-05:00,PUR_IED_ColViva_1101_S25_7f520a,PUR_IED_ColViva_1101_S25_7f520a,,,,,
2026-09-12T15:16:25-05:00,PUR_IED_ColViva_1102_S16_f570ba,PUR_IED_ColViva_1102_S16_f570ba,,,,,
2026-09-12T15:16:25-05:00,PUR_IED_ColViva_Ext_1a26fa,PUR_IED_ColViva_Ext_1a26fa,,,,,
2026-09-12T15:16:25-05:00,PUR_IED_ColegioBici_Asist_7c8798,PUR_IED_ColegioBici_Asist_7c8798,,,,,
2026-09-12T15:16:25-05:00,PUR_IED_ColegioBici_Ext_25cbf6,PUR_IED_ColegioBici_Ext_25cbf6,,,,,
2026-09-12T15:16:25-05:00,PUR_IED_ColegioBici_LabQ_7b57db,PUR_IED_ColegioBici_LabQ_7b57db,,,,,
2026-09-12T15:16:25-05:00,PUR_IED_CostaRica_Ext_5e640,PUR_IED_CostaRica_Ext_5e640,,,,,
2026-09-12T15:16:25-05:00,PUR_IED_CostaRica_Quim1_766d1c,PUR_IED_CostaRica_Quim1_766d1c,,,,,
2026-09-12T15:16:25-05:00,PUR_IED_CostaRica__Fisica_6f0873,PUR_IED_CostaRica__Fisica_6f0873,,,,,
2026-09-12T15:16:25-05:00,PUR_IED_CulPopu_301A_f660f3,PUR_IED_CulPopu_301A_f660f3,,,,,
2026-09-12T15:16:25-05:00,PUR_IED_CulPopu_303_568afe,PUR_IED_CulPopu_303_568afe,,,,,
2026-09-12T15:16:25-05:00,PUR_IED_CulPopu_Ext_e02ccb,PUR_IED_CulPopu_Ext_e02ccb,,,,,
2026-09-12T15:16:25-05:00,PUR_IED_Cundinamarca_Ext_f15985,PUR_IED_Cundinamarca_Ext_f15985,,,,,
2026-09-12T15:16:25-05:00,PUR_IED_Cundinamarca_Info_7aa5d7,PUR_IED_Cundinamarca_Info_7aa5d7,,,,,
2026-09-12T15:16:25-05:00,PUR_IED_Cundinamarca_Tec2_f449c7,PUR_IED_Cundinamarca_Tec2_f449c7,,,,,
2026-09-12T15:16:25-05:00,PUR_IED_DiegoM_Aula1_27b314,PUR_IED_DiegoM_Aula1_27b314,,,,,
2026-09-12T15:16:25-05:00,PUR_IED_DiegoM_Ext_d80ac8,PUR_IED_DiegoM_Ext_d80ac8,,,,,
2026-09-12T15:16:25-05:00,PUR_IED_DiegoM_S25_da928f,PUR_IED_DiegoM_S25_da928f,,,,,
2026-09-12T15:16:25-05:00,PUR_IED_ELRODEO_360881,PUR_IED_ELRODEO_360881,,,,,
2026-09-12T15:16:25-05:00,PUR_IED_ELRODEO_ext_360881,PUR_IED_ELRODEO_ext_360881,,,,,
2026-09-12T15:16:25-05:00,PUR_IED_EduardoU_Ext_1c1969,PUR_IED_EduardoU_Ext_1c1969,,,,,
2026-09-12T15:16:25-05:00,PUR_IED_EduardoU_SCiencia_4dfb94,PUR_IED_EduardoU_SCiencia_4dfb94,,,,,
2026-09-12T15:16:25-05:00,PUR_IED_EduardoU_SQuimica_5a46e7,PUR_IED_EduardoU_SQuimica_5a46e7,,,,,
2026-09-12T15:16:25-05:00,PUR_IED_ElRodeo_Aula14_676984,PUR_IED_ElRodeo_Aula14_676984,,,,,
2026-09-12T15:16:25-05:00,PUR_IED_ElRodeo_Aula16_2dd35b,PUR_IED_ElRodeo_Aula16_2dd35b,,,,,
2026-09-12T15:16:25-05:00,PUR_IED_ElRodeo_Ext_360881,PUR_IED_ElRodeo_Ext_360881,,,,,
2026-09-12T15:16:25-05:00,PUR_IED_ElRodeo_Exterior_8c6d28,PUR_IED_ElRodeo_Exterior_8c6d28,,,,,
2026-09-12T15:16:25-05:00,PUR_IED_ElRodeo_ext_360881,PUR_IED_ElRodeo_ext_360881,,,,,
2026-09-12T15:16:25-05:00,PUR_IED_EmmaReyes_Ext_987625,PUR_IED_EmmaReyes_Ext_987625,3,22,48,4.6367,-74.1511
2026-09-12T15:16:25-05:00,PUR_IED_Ensueño_Ext_7f0250,PUR_IED_Ensueño_Ext_7f0250,,,,,
2026-09-12T15:16:25-05:00,PUR_IED_EscNormal_Ext_5fef3b,PUR_IED_EscNormal_Ext_5fef3b,2,22,53,4.5852,-74.096901
2026-09-12T15:16:25-05:00,PUR_IED_EscNormal_S309_5b263,PUR_IED_EscNormal_S309_5b263,,,,,
2026-09-12T15:16:25-05:00,PUR_IED_EscNormal_S310_27b3b8,PUR_IED_EscNormal_S310_27b3b8,,,,,
2026-09-12T15:16:25-05:00,PUR_IED_Evangelista_Conta_f6cd4f,PUR_IED_Evangelista_Conta_f6cd4f,,,,,
2026-09-12T15:16:25-05:00,PUR_IED_Evangelista_Cri_5e16a,PUR_IED_Evangelista_Cri_5e16a,,,,,
2026-09-12T15:16:25-05:00,PUR_IED_Evangelista_Exter_754066,PUR_IED_Evangelista_Exter_754066,,,,,
2026-09-12T15:16:25-05:00,PUR_IED_FMiranda_S209_5cc2a3,PUR_IED_FMiranda_S209_5cc2a3,,,,,
2026-09-12T15:16:25-05:00,PUR_IED_FMiranda_S303_19e344,PUR_IED_FMiranda_S303_19e344,,,,,
2026-09-12T15:16:25-05:00,PUR_IED_FMiranda_ext_f53e7c,PUR_IED_FMiranda_ext_f53e7c,,,,,
2026-09-12T15:16:25-05:00,PUR_IED_FabioLozano_Bibli_1cee05,PUR_IED_FabioLozano_Bibli_1cee05,,,,,
2026-09-12T15:16:25-05:00,PUR_IED_FabioLozano_Ext_6ea285,PUR_IED_FabioLozano_Ext_6ea285,,,,,
2026-09-12T15:16:25-05:00,PUR_IED_FabioLozano_SLudi_f09e1e,PUR_IED_FabioLozano_SLudi_f09e1e,,,,,
2026-09-12T15:16:25-05:00,PUR_IED_FaustinoS_Aula07_27a731,PUR_IED_FaustinoS_Aula07_27a731,,,,,
2026-09-12T15:16:25-05:00,PUR_IED_FaustinoS_Ext_7b936f,PUR_IED_FaustinoS_Ext_7b936f,,,,,
2026-09-12T15:16:25-05:00,PUR_IED_FaustinoS_Fisica_da2c60,PUR_IED_FaustinoS_Fisica_da2c60,,,,,
2026-09-12T15:16:25-05:00,PUR_IED_FeGarciaLo_Ext_dc68ee,PUR_IED_FeGarciaLo_Ext_dc68ee,,,,,
2026-09-12T15:16:25-05:00,PUR_IED_FeGarciaLo_SDanza_f70a59,PUR_IED_FeGarciaLo_SDanza_f70a59,,,,,
2026-09-12T15:16:25-05:00,PUR_IED_FeGarciaLo_SMusic_125cdd,PUR_IED_FeGarciaLo_SMusic_125cdd,,,,,
2026-09-12T15:16:25-05:00,PUR_IED_FederalAlema_Exte_50c345,PUR_IED_FederalAlema_Exte_50c345,,,,,
2026-09-12T15:16:25-05:00,PUR_IED_FederalAlema_S31_f18371,PUR_IED_FederalAlema_S31_f18371,,,,,
2026-09-12T15:16:25-05:00,PUR_IED_FederalAlema_S901_a62cd,PUR_IED_FederalAlema_S901_a62cd,,,,,
2026-09-12T15:16:25-05:00,PUR_IED_FilarmonicaS_A5_f35eb1,PUR_IED_FilarmonicaS_A5_f35eb1,,,,,
2026-09-12T15:16:25-05:00,PUR_IED_FilarmonicaS_Ext_8a3bde,PUR_IED_FilarmonicaS_Ext_8a3bde,,,,,
2026-09-12T15:16:25-05:00,PUR_IED_FilarmonicaS_Spol_406114,PUR_IED_FilarmonicaS_Spol_406114,,,,,
2026-09-12T15:16:25-05:00,PUR_IED_FlorentinoG_A13_d1fa59,PUR_IED_FlorentinoG_A13_d1fa59,,,,,
2026-09-12T15:16:25-05:00,PUR_IED_FlorentinoG_Ext_1ce6ce,PUR_IED_FlorentinoG_Ext_1ce6ce,,,,,
2026-09-12T15:16:25-05:00,PUR_IED_FlorentinoG_Idiom_a66aac,PUR_IED_FlorentinoG_Idiom_a66aac,,,,,
2026-09-12T15:16:25-05:00,PUR_IED_FranciscoMati_Ext_e3869d,PUR_IED_FranciscoMati_Ext_e3869d,,,,,
2026-09-12T15:16:25-05:00,PUR_IED_FranciscoMati_S13_f31c67,PUR_IED_FranciscoMati_S13_f31c67,,,,,
2026-09-12T15:16:25-05:00,PUR_IED_FranciscoMati_S14_97dead,PUR_IED_FranciscoMati_S14_97dead,,,,,
2026-09-12T15:16:25-05:00,PUR_IED_FranciscoPS_Ext_7bfa9a,PUR_IED_FranciscoPS_Ext_7bfa9a,2,22,53,4.5899,-74.110397
2026-09-12T15:16:25-05:00,PUR_IED_FranciscoPS_Infor_fb8f4c,PUR_IED_FranciscoPS_Infor_fb8f4c,,,,,
2026-09-12T15:16:25-05:00,PUR_IED_FranciscoPS_Quimi_94d39c,PUR_IED_FranciscoPS_Quimi_94d39c,,,,,
2026-09-12T15:16:25-05:00,PUR_IED_FranciscoP_LabQ_d7e148,PUR_IED_FranciscoP_LabQ_d7e148,,,,,
2026-09-12T15:16:25-05:00,PUR_IED_FranciscoP_S28_cf9b30,PUR_IED_FranciscoP_S28_cf9b30,,,,,
2026-09-12T15:16:25-05:00,PUR_IED_FranciscoP_ext_e2313,PUR_IED_FranciscoP_ext_e2313,,,,,
2026-09-12T15:16:25-05:00,PUR_IED_FriederichN_Ext_8ac92a,PUR_IED_FriederichN_Ext_8ac92a,,,,,
2026-09-12T15:16:25-05:00,PUR_IED_FriederichN_S301_dd7e5a,PUR_IED_FriederichN_S301_dd7e5a,,,,,
2026-09-12T15:16:25-05:00,PUR_IED_FriederichN_S308_761f4f,PUR_IED_FriederichN_S308_761f4f,,,,,
2026-09-12T15:16:25-05:00,PUR_IED_GSantander_Aula10_533dd7,PUR_IED_GSantander_Aula10_533dd7,,,,,
2026-09-12T15:16:25-05:00,PUR_IED_GSantander_Aula12_fd4e4f,PUR_IED_GSantander_Aula12_fd4e4f,,,,,
2026-09-12T15:16:25-05:00,PUR_IED_GSantander_Aula310_533dd7,PUR_IED_GSantander_Aula310_533dd7,,,,,
2026-09-12T15:16:25-05:00,PUR_IED_GSantander_Aula312_fd4e4f,PUR_IED_GSantander_Aula312_fd4e4f,,,,,
2026-09-12T15:16:25-05:00,PUR_IED_GSantander_Ext_5f66b0,PUR_IED_GSantander_Ext_5f66b0,,,,,
2026-09-12T15:16:25-05:00,PUR_IED_GYomasa_Ext_f6bea5,PUR_IED_GYomasa_Ext_f6bea5,,,,,
2026-09-12T15:16:25-05:00,PUR_IED_GYomasa_LBiol_2c41aa,PUR_IED_GYomasa_LBiol_2c41aa,,,,,
2026-09-12T15:16:25-05:00,PUR_IED_GYomasa_LQuim_33c80,PUR_IED_GYomasa_LQuim_33c80,,,,,
2026-09-12T15:16:25-05:00,PUR_IED_GabBetMejia_Cienc_5a99c,PUR_IED_GabBetMejia_Cienc_5a99c,,,,,
2026-09-12T15:16:25-05:00,PUR_IED_GabBetMejia_Ext_9153d0,PUR_IED_GabBetMejia_Ext_9153d0,,,,,
2026-09-12T15:16:25-05:00,PUR_IED_GabBetMejia_Lab_f55347,PUR_IED_GabBetMejia_Lab_f55347,,,,,
2026-09-12T15:16:25-05:00,PUR_IED_GabBetanMejia_Ext_9153d0,PUR_IED_GabBetanMejia_Ext_9153d0,,,,,
2026-09-12T15:16:25-05:00,PUR_IED_Gaitana_Aula13_7aac11,PUR_IED_Gaitana_Aula13_7aac11,,,,,
2026-09-12T15:16:25-05:00,PUR_IED_Gaitana_Ext_5fcf4,PUR_IED_Gaitana_Ext_5fcf4,,,,,
2026-09-12T15:16:25-05:00,PUR_IED_Gaitana_LabFisica_644448,PUR_IED_Gaitana_LabFisica_644448,,,,,
2026-09-12T15:16:25-05:00,PUR_IED_GenSantander_Dise_8ac858,PUR_IED_GenSantander_Dise_8ac858,,,,,
2026-09-12T15:16:25-05:00,PUR_IED_GenSantander_Ext_8d5dfe,PUR_IED_GenSantander_Ext_8d5dfe,,,,,
2026-09-12T15:16:25-05:00,PUR_IED_GenSantander_Info_6c25b,PUR_IED_GenSantander_Info_6c25b,,,,,
2026-09-12T15:16:25-05:00,PUR_IED_GustavoMo_Exterio_75e63d,PUR_IED_GustavoMo_Exterio_75e63d,,,,,
2026-09-12T15:16:25-05:00,PUR_IED_GustavoMo_LabFisi_224d37,PUR_IED_GustavoMo_LabFisi_224d37,,,,,
2026-09-12T15:16:25-05:00,PUR_IED_GustavoMo_S208_3e6918,PUR_IED_GustavoMo_S208_3e6918,,,,,
2026-09-12T15:16:25-05:00,PUR_IED_GustavoR_A02_8cd4a8,PUR_IED_GustavoR_A02_8cd4a8,,,,,
2026-09-12T15:16:25-05:00,PUR_IED_GustavoR_B11_5b0ed,PUR_IED_GustavoR_B11_5b0ed,,,,,
2026-09-12T15:16:25-05:00,PUR_IED_GustavoR_Ext_7a0c90,PUR_IED_GustavoR_Ext_7a0c90,,,,,
2026-09-12T15:16:25-05:00,PUR_IED_HernandoDuran_Ext_8cd82b,PUR_IED_HernandoDuran_Ext_8cd82b,,,,,
2026-09-12T15:16:25-05:00,PUR_IED_HernandoDuran_S24_2772c6,PUR_IED_HernandoDuran_S24_2772c6,,,,,
2026-09-12T15:16:25-05:00,PUR_IED_HernandoDuran_S30_f2de41,PUR_IED_HernandoDuran_S30_f2de41,,,,,
2026-09-12T15:16:25-05:00,PUR_IED_HolguInUr_S1101_8cd732,PUR_IED_HolguInUr_S1101_8cd732,,,,,
2026-09-12T15:16:25-05:00,PUR_IED_HolguinUr_Exter_ddae6d,PUR_IED_HolguinUr_Exter_ddae6d,,,,,
2026-09-12T15:16:25-05:00,PUR_IED_HolguinUr_LabQuim_92b952,PUR_IED_HolguinUr_LabQuim_92b952,,,,,
2026-09-12T15:16:25-05:00,PUR_IED_Isabel-II_Ext_5245cc,PUR_IED_Isabel-II_Ext_5245cc,2,20,53,4.6336,-74.153
2026-09-12T15:16:25-05:00,PUR_IED_Isabel-II_S_idiom_1c29aa,PUR_IED_Isabel-II_S_idiom_1c29aa,,,,,
2026-09-12T15:16:25-05:00,PUR_IED_Isabel-II_S_infor_fd741,PUR_IED_Isabel-II_S_infor_fd741,,,,,
2026-09-12T15:16:25-05:00,PUR_IED_IsidroSur_Exterio_5b90ea,PUR_IED_IsidroSur_Exterio_5b90ea,,,,,
2026-09-12T15:16:25-05:00,PUR_IED_IsidroSur_LabTec_56697a,PUR_IED_IsidroSur_LabTec_56697a,,,,,
2026-09-12T15:16:25-05:00,PUR_IED_IsidroSur_Robotic_b7c38f,PUR_IED_IsidroSur_Robotic_b7c38f,,,,,
2026-09-12T15:16:25-05:00,PUR_IED_IsmaelPerd_Ext_7b6672,PUR_IED_IsmaelPerd_Ext_7b6672,,,,,
2026-09-12T15:16:25-05:00,PUR_IED_IsmaelPerd_Inform_306540,PUR_IED_IsmaelPerd_Inform_306540,,,,,
2026-09-12T15:16:25-05:00,PUR_IED_IsmaelPerd_S30_2e2c83,PUR_IED_IsmaelPerd_S30_2e2c83,,,,,
2026-09-12T15:16:25-05:00,PUR_IED_JLozano_Exter_432910,PUR_IED_JLozano_Exter_432910,,,,,
2026-09-12T15:16:25-05:00,PUR_IED_JLozano_salaMulti_df5125,PUR_IED_JLozano_salaMulti_df5125,,,,,
2026-09-12T15:16:25-05:00,PUR_IED_JMCordoba_206_86f80b,PUR_IED_JMCordoba_206_86f80b,,,,,
2026-09-12T15:16:25-05:00,PUR_IED_JMCordoba_Ext_27ad97,PUR_IED_JMCordoba_Ext_27ad97,,,,,
2026-09-12T15:16:25-05:00,PUR_IED_JMCordoba_S310_d59ab4,PUR_IED_JMCordoba_S310_d59ab4,,,,,
2026-09-12T15:16:25-05:00,PUR_IED_Japon_Ext_549100,PUR_IED_Japon_Ext_549100,,,,,
2026-09-12T15:16:25-05:00,PUR_IED_Japon_Laboratorio_bec51d,PUR_IED_Japon_Laboratorio_bec51d,,,,,
2026-09-12T15:16:25-05:00,PUR_IED_Japon_informatica_d99327,PUR_IED_Japon_informatica_d99327,,,,,
2026-09-12T15:16:25-05:00,PUR_IED_Jazmin_Ext_d27bda,PUR_IED_Jazmin_Ext_d27bda,,,,,
2026-09-12T15:16:25-05:00,PUR_IED_Jazmin_Fisica_8d14d7,PUR_IED_Jazmin_Fisica_8d14d7,,,,,
2026-09-12T15:16:25-05:00,PUR_IED_Jazmin_Quimica_801cb5,PUR_IED_Jazmin_Quimica_801cb5,,,,,
2026-09-12T15:16:25-05:00,PUR_IED_JorgeGaitan_Exter_f098d1,PUR_IED_JorgeGaitan_Exter_f098d1,,,,,
2026-09-12T15:16:25-05:00,PUR_IED_JorgeGaitan_STec1_dc9d1d,PUR_IED_JorgeGaitan_STec1_dc9d1d,,,,,
2026-09-12T15:16:25-05:00,PUR_IED_JorgeGaitan_STec2_281e69,PUR_IED_JorgeGaitan_STec2_281e69,,,,,
2026-09-12T15:16:25-05:00,PUR_IED_JorgeSoto_Exterio_d9d0a2,PUR_IED_JorgeSoto_Exterio_d9d0a2,,,,,
2026-09-12T15:16:25-05:00,PUR_IED_JorgeSoto_LabFisi_209c54,PUR_IED_JorgeSoto_LabFisi_209c54,,,,,
2026-09-12T15:16:25-05:00,PUR_IED_JorgeSoto_S103_27b51a,PUR_IED_JorgeSoto_S103_27b51a,,,,,
2026-09-12T15:16:25-05:00,PUR_IED_JoseAcevedo_A02_e965eb,PUR_IED_JoseAcevedo_A02_e965eb,,,,,
2026-09-12T15:16:25-05:00,PUR_IED_JoseAcevedo_A07_dd5b4,PUR_IED_JoseAcevedo_A07_dd5b4,,,,,
2026-09-12T15:16:25-05:00,PUR_IED_JoseAcevedo_Ext_b47484,PUR_IED_JoseAcevedo_Ext_b47484,,,,,
2026-09-12T15:16:25-05:00,PUR_IED_JoseMarti_Exte_5b9bf,PUR_IED_JoseMarti_Exte_5b9bf,,,,,
2026-09-12T15:16:25-05:00,PUR_IED_JoseMarti_LabQuim_1c6c2d,PUR_IED_JoseMarti_LabQuim_1c6c2d,,,,,
2026-09-12T15:16:25-05:00,PUR_IED_JoseMarti_S_info_f5f177,PUR_IED_JoseMarti_S_info_f5f177,,,,,
2026-09-12T15:16:25-05:00,PUR_IED_Josejoaquin_Ext_dfc5dc,PUR_IED_Josejoaquin_Ext_dfc5dc,,,,,
2026-09-12T15:16:25-05:00,PUR_IED_Josejoaquin_S05_5b2a96,PUR_IED_Josejoaquin_S05_5b2a96,,,,,
2026-09-12T15:16:25-05:00,PUR_IED_Josejoaquin_S06_1ce7d2,PUR_IED_Josejoaquin_S06_1ce7d2,,,,,
2026-09-12T15:16:25-05:00,PUR_IED_JulioFlorez_Danza_9b82dd,PUR_IED_JulioFlorez_Danza_9b82dd,,,,,
2026-09-12T15:16:25-05:00,PUR_IED_JulioFlorez_Exter_f9f314,PUR_IED_JulioFlorez_Exter_f9f314,,,,,
2026-09-12T15:16:25-05:00,PUR_IED_JulioFlorez_info2_6b6e08,PUR_IED_JulioFlorez_info2_6b6e08,,,,,
2026-09-12T15:16:25-05:00,PUR_IED_LaBelleza_Aula13_1d00d8,PUR_IED_LaBelleza_Aula13_1d00d8,,,,,
2026-09-12T15:16:25-05:00,PUR_IED_LaBelleza_Ext_7bc08c,PUR_IED_LaBelleza_Ext_7bc08c,,,,,
2026-09-12T15:16:25-05:00,PUR_IED_LaChucua_Ext_8cd6d2,PUR_IED_LaChucua_Ext_8cd6d2,,,,,
2026-09-12T15:16:25-05:00,PUR_IED_LaChucua_S15_f578ce,PUR_IED_LaChucua_S15_f578ce,,,,,
2026-09-12T15:16:25-05:00,PUR_IED_LaChucua_S16_eebcf9,PUR_IED_LaChucua_S16_eebcf9,,,,,
2026-09-12T15:16:25-05:00,PUR_IED_LaFelicidad_Ext_fb5109,PUR_IED_LaFelicidad_Ext_fb5109,,,,,
2026-09-12T15:16:25-05:00,PUR_IED_LaMerced_206_66ebd,PUR_IED_LaMerced_206_66ebd,,,,,
2026-09-12T15:16:25-05:00,PUR_IED_LaMerced_207_6ebd6,PUR_IED_LaMerced_207_6ebd6,,,,,
2026-09-12T15:16:25-05:00,PUR_IED_LaMerced_ext_304311,PUR_IED_LaMerced_ext_304311,,,,,
2026-09-12T15:16:25-05:00,PUR_IED_Laureano_CiencNat_281e5e,PUR_IED_Laureano_CiencNat_281e5e,,,,,
2026-09-12T15:16:25-05:00,PUR_IED_Laureano_Comedor_f65c0a,PUR_IED_Laureano_Comedor_f65c0a,,,,,
2026-09-12T15:16:25-05:00,PUR_IED_Laureano_Exterior_7ab011,PUR_IED_Laureano_Exterior_7ab011,,,,,
2026-09-12T15:16:25-05:00,PUR_IED_LeonGreiff_Exte_dfe560,PUR_IED_LeonGreiff_Exte_dfe560,,,,,
2026-09-12T15:16:25-05:00,PUR_IED_LeonGreiff_S210_f264ed,PUR_IED_LeonGreiff_S210_f264ed,,,,,
2026-09-12T15:16:25-05:00,PUR_IED_LeonGreiff_SQuimi_e8296f,PUR_IED_LeonGreiff_SQuimi_e8296f,,,,,
2026-09-12T15:16:25-05:00,PUR_IED_LlanoOrientalS208_7b9fcd,PUR_IED_LlanoOrientalS208_7b9fcd,,,,,
2026-09-12T15:16:25-05:00,PUR_IED_LlanoOriental_Ext_fb3766,PUR_IED_LlanoOriental_Ext_fb3766,,,,,
2026-09-12T15:16:25-05:00,PUR_IED_LlanoOriental_S208_7b9fcd,PUR_IED_LlanoOriental_S208_7b9fcd,,,,,
2026-09-12T15:16:25-05:00,PUR_IED_LlanoOriental_S9_27b378,PUR_IED_LlanoOriental_S9_27b378,,,,,
2026-09-12T15:16:25-05:00,PUR_IED_LosTejares_1101_477602,PUR_IED_LosTejares_1101_477602,,,,,
2026-09-12T15:16:25-05:00,PUR_IED_LosTejares_11_d2c595,PUR_IED_LosTejares_11_d2c595,,,,,
2026-09-12T15:16:25-05:00,PUR_IED_LosTejares_12_477602,PUR_IED_LosTejares_12_477602,,,,,
2026-09-12T15:16:25-05:00,PUR_IED_LosTejares_Ext_8e2115,PUR_IED_LosTejares_Ext_8e2115,,,,,
2026-09-12T15:16:25-05:00,PUR_IED_MagdalenaO_B202_5ddda3,PUR_IED_MagdalenaO_B202_5ddda3,,,,,
2026-09-12T15:16:25-05:00,PUR_IED_MagdalenaO_B205_fb76e8,PUR_IED_MagdalenaO_B205_fb76e8,,,,,
2026-09-12T15:16:25-05:00,PUR_IED_MagdalenaO_ext_dc69cd,PUR_IED_MagdalenaO_ext_dc69cd,,,,,
2026-09-12T15:16:25-05:00,PUR_IED_ManueCepeda_artes_eee956,PUR_IED_ManueCepeda_artes_eee956,,,,,
2026-09-12T15:16:25-05:00,PUR_IED_ManuelCepeda_Ext_58313,PUR_IED_ManuelCepeda_Ext_58313,,,,,
2026-09-12T15:16:25-05:00,PUR_IED_ManuelCepeda_tec_1c5731,PUR_IED_ManuelCepeda_tec_1c5731,,,,,
2026-09-12T15:16:25-05:00,PUR_IED_ManuelS_Exterior_5b269,PUR_IED_ManuelS_Exterior_5b269,,,,,
2026-09-12T15:16:25-05:00,PUR_IED_ManuelS_Inform_f369ce,PUR_IED_ManuelS_Inform_f369ce,,,,,
2026-09-12T15:16:25-05:00,PUR_IED_ManuelS_SArtes_7d15f1,PUR_IED_ManuelS_SArtes_7d15f1,,,,,
2026-09-12T15:16:25-05:00,PUR_IED_ManuelZapata_303_3ca6,PUR_IED_ManuelZapata_303_3ca6,,,,,
2026-09-12T15:16:25-05:00,PUR_IED_ManuelZapata_311_bfbabc,PUR_IED_ManuelZapata_311_bfbabc,,,,,
2026-09-12T15:16:25-05:00,PUR_IED_ManuelZapata_Ext_50824a,PUR_IED_ManuelZapata_Ext_50824a,,,,,
2026-09-12T15:16:25-05:00,PUR_IED_ManuelitaS_Exteri_656a92,PUR_IED_ManuelitaS_Exteri_656a92,,,,,
2026-09-12T15:16:25-05:00,PUR_IED_ManuelitaS_JuzgDe_f58ec3,PUR_IED_ManuelitaS_JuzgDe_f58ec3,,,,,
2026-09-12T15:16:25-05:00,PUR_IED_ManuelitaS_Recrea_d793db,PUR_IED_ManuelitaS_Recrea_d793db,,,,,
2026-09-12T15:16:25-05:00,PUR_IED_MarFidSuarez_Ext_c27b19,PUR_IED_MarFidSuarez_Ext_c27b19,,,,,
2026-09-12T15:16:25-05:00,PUR_IED_MarFidSuarez_Info_e384d7,PUR_IED_MarFidSuarez_Info_e384d7,,,,,
2026-09-12T15:16:25-05:00,PUR_IED_MarFidSuarez_S306_1d0032,PUR_IED_MarFidSuarez_S306_1d0032,,,,,
2026-09-12T15:16:25-05:00,PUR_IED_Menorah_301_2a25a3,PUR_IED_Menorah_301_2a25a3,,,,,
2026-09-12T15:16:25-05:00,PUR_IED_Menorah_306_37ed3,PUR_IED_Menorah_306_37ed3,,,,,
2026-09-12T15:16:25-05:00,PUR_IED_Menorah_Ext_3e155b,PUR_IED_Menorah_Ext_3e155b,,,,,
2026-09-12T15:16:25-05:00,PUR_IED_MinutoB.Aires_A11_1b1604,PUR_IED_MinutoB.Aires_A11_1b1604,,,,,
2026-09-12T15:16:25-05:00,PUR_IED_MinutoB.Aires_A12_fb5860,PUR_IED_MinutoB.Aires_A12_fb5860,,,,,
2026-09-12T15:16:25-05:00,PUR_IED_MinutoB.Aires_Ext_81293f,PUR_IED_MinutoB.Aires_Ext_81293f,,,,,
2026-09-12T15:16:25-05:00,PUR_IED_MinutoBAires_A11_1b1604,PUR_IED_MinutoBAires_A11_1b1604,,,,,
2026-09-12T15:16:25-05:00,PUR_IED_MinutoBAires_A12_fb5860,PUR_IED_MinutoBAires_A12_fb5860,,,,,
2026-09-12T15:16:25-05:00,PUR_IED_MinutoBAires_Ext_81293f,PUR_IED_MinutoBAires_Ext_81293f,,,,,
2026-09-12T15:16:25-05:00,PUR_IED_Montreal_Aula10_1e4959,PUR_IED_Montreal_Aula10_1e4959,,,,,
2026-09-12T15:16:25-05:00,PUR_IED_Montreal_Aula6_300367,PUR_IED_Montreal_Aula6_300367,,,,,
2026-09-12T15:16:25-05:00,PUR_IED_Montreal_Exterior_91a179,PUR_IED_Montreal_Exterior_91a179,,,,,
2026-09-12T15:16:25-05:00,PUR_IED_Mqgdalena_B202_5ddda3,PUR_IED_Mqgdalena_B202_5ddda3,,,,,
2026-09-12T15:16:25-05:00,PUR_IED_NACUND_Soc_dc8728,PUR_IED_NACUND_Soc_dc8728,,,,,
2026-09-12T15:16:25-05:00,PUR_IED_NACUND_ext_27ad97,PUR_IED_NACUND_ext_27ad97,,,,,
2026-09-12T15:16:25-05:00,PUR_IED_NEsperanza_Ext_d24b61,PUR_IED_NEsperanza_Ext_d24b61,,,,,
2026-09-12T15:16:25-05:00,PUR_IED_NEsperanza_SElect_7d1807,PUR_IED_NEsperanza_SElect_7d1807,,,,,
2026-09-12T15:16:25-05:00,PUR_IED_NEsperanza_SLabor_8b2d0a,PUR_IED_NEsperanza_SLabor_8b2d0a,,,,,
2026-09-12T15:16:25-05:00,PUR_IED_NacionesU_Ext_f661a9,PUR_IED_NacionesU_Ext_f661a9,,,,,
2026-09-12T15:16:25-05:00,PUR_IED_NacionesU_Quimica_66f0a,PUR_IED_NacionesU_Quimica_66f0a,,,,,
2026-09-12T15:16:25-05:00,PUR_IED_NacionesU_S306_1b4b3d,PUR_IED_NacionesU_S306_1b4b3d,,,,,
2026-09-12T15:16:25-05:00,PUR_IED_NestorFA_Ext_e4201c,PUR_IED_NestorFA_Ext_e4201c,,,,,
2026-09-12T15:16:25-05:00,PUR_IED_NestorFA_Laborato_f22fe0,PUR_IED_NestorFA_Laborato_f22fe0,,,,,
2026-09-12T15:16:25-05:00,PUR_IED_NestorFA_S204_dee996,PUR_IED_NestorFA_S204_dee996,,,,,
2026-09-12T15:16:25-05:00,PUR_IED_NidyaQT_Aula03_76999b,PUR_IED_NidyaQT_Aula03_76999b,,,,,
2026-09-12T15:16:25-05:00,PUR_IED_NidyaQT_Aula10_56325,PUR_IED_NidyaQT_Aula10_56325,,,,,
2026-09-12T15:16:25-05:00,PUR_IED_NidyaQT_Ext_46e32d,PUR_IED_NidyaQT_Ext_46e32d,,,,,
2026-09-12T15:16:25-05:00,PUR_IED_NuevaCol_Exterior_d9b859,PUR_IED_NuevaCol_Exterior_d9b859,,,,,
2026-09-12T15:16:25-05:00,PUR_IED_NuevaCol_S1101_76c43b,PUR_IED_NuevaCol_S1101_76c43b,,,,,
2026-09-12T15:16:25-05:00,PUR_IED_NuevaCol_S1102_1ce0b5,PUR_IED_NuevaCol_S1102_1ce0b5,,,,,
2026-09-12T15:16:25-05:00,PUR_IED_OEA_A202_f7e3f2,PUR_IED_OEA_A202_f7e3f2,,,,,
2026-09-12T15:16:25-05:00,PUR_IED_OEA_A203_7d1b8d,PUR_IED_OEA_A203_7d1b8d,,,,,
2026-09-12T15:16:25-05:00,PUR_IED_OEA_Ext_27b593,PUR_IED_OEA_Ext_27b593,,,,,
2026-09-12T15:16:25-05:00,PUR_IED_Ochoa_Ext_1c29da,PUR_IED_Ochoa_Ext_1c29da,,,,,
2026-09-12T15:16:25-05:00,PUR_IED_Ochoa_S205_8b1121,PUR_IED_Ochoa_S205_8b1121,,,,,
2026-09-12T15:16:25-05:00,PUR_IED_Ochoa_Sistemas_f33af6,PUR_IED_Ochoa_Sistemas_f33af6,,,,,
2026-09-12T15:16:25-05:00,PUR_IED_PQuebec_Ext_1c67c7,PUR_IED_PQuebec_Ext_1c67c7,,,,,
2026-09-12T15:16:25-05:00,PUR_IED_PQuebec_S15_23e8e2,PUR_IED_PQuebec_S15_23e8e2,,,,,
2026-09-12T15:16:25-05:00,PUR_IED_PQuebec_S16_8ec76b,PUR_IED_PQuebec_S16_8ec76b,,,,,
2026-09-12T15:16:25-05:00,PUR_IED_PabloN_Ext_49dc96,PUR_IED_PabloN_Ext_49dc96,,,,,
2026-09-12T15:16:25-05:00,PUR_IED_PabloN_S1102_4e3df5,PUR_IED_PabloN_S1102_4e3df5,,,,,
2026-09-12T15:16:25-05:00,PUR_IED_PabloN_S1103_50c94b,PUR_IED_PabloN_S1103_50c94b,,,,,
2026-09-12T15:16:25-05:00,PUR_IED_Palestina_S1101_db9198,PUR_IED_Palestina_S1101_db9198,,,,,
2026-09-12T15:16:25-05:00,PUR_IED_Palestina_S1102_dc54fa,PUR_IED_Palestina_S1102_dc54fa,,,,,
2026-09-12T15:16:25-05:00,PUR_IED_Palestina_ext_4ccce6,PUR_IED_Palestina_ext_4ccce6,,,,,
2026-09-12T15:16:25-05:00,PUR_IED_Panama_Fisica_4d0794,PUR_IED_Panama_Fisica_4d0794,,,,,
2026-09-12T15:16:25-05:00,PUR_IED_Panama_SIngles_a4077e,PUR_IED_Panama_SIngles_a4077e,,,,,
2026-09-12T15:16:25-05:00,PUR_IED_Panama_ext_4c54b4,PUR_IED_Panama_ext_4c54b4,,,,,
2026-09-12T15:16:25-05:00,PUR_IED_ParaisoM_Exterior_8cd7f0,PUR_IED_ParaisoM_Exterior_8cd7f0,,,,,
2026-09-12T15:16:25-05:00,PUR_IED_ParaisoM_Laborato_27af35,PUR_IED_ParaisoM_Laborato_27af35,,,,,
2026-09-12T15:16:25-05:00,PUR_IED_ParaisoM_S304_d1edca,PUR_IED_ParaisoM_S304_d1edca,,,,,
2026-09-12T15:16:25-05:00,PUR_IED_PorfirioBarba_Ext_301466,PUR_IED_PorfirioBarba_Ext_301466,,,,,
2026-09-12T15:16:25-05:00,PUR_IED_PorfirioBarba_S11_df6cd2,PUR_IED_PorfirioBarba_S11_df6cd2,,,,,
2026-09-12T15:16:25-05:00,PUR_IED_PorfirioBarba_S29_27a7d6,PUR_IED_PorfirioBarba_S29_27a7d6,,,,,
2026-09-12T15:16:25-05:00,PUR_IED_PradoV_Exter_8b27ad,PUR_IED_PradoV_Exter_8b27ad,,,,,
2026-09-12T15:16:25-05:00,PUR_IED_PradoV_S301_de65b5,PUR_IED_PradoV_S301_de65b5,,,,,
2026-09-12T15:16:25-05:00,PUR_IED_PradoV_S302_7d2593,PUR_IED_PradoV_S302_7d2593,,,,,
2026-09-12T15:16:25-05:00,PUR_IED_QuirogaAlz_Ext_1ddc82,PUR_IED_QuirogaAlz_Ext_1ddc82,,,,,
2026-09-12T15:16:25-05:00,PUR_IED_QuirogaAlz_S302_9926a3,PUR_IED_QuirogaAlz_S302_9926a3,,,,,
2026-09-12T15:16:25-05:00,PUR_IED_QuirogaAlz_S305_cdf1f1,PUR_IED_QuirogaAlz_S305_cdf1f1,,,,,
2026-09-12T15:16:25-05:00,PUR_IED_RGuatemala_Biling_dc53b7,PUR_IED_RGuatemala_Biling_dc53b7,,,,,
2026-09-12T15:16:25-05:00,PUR_IED_RGuatemala_Ext_1b89a3,PUR_IED_RGuatemala_Ext_1b89a3,,,,,
2026-09-12T15:16:25-05:00,PUR_IED_RGuatemala_Tecnol_281a34,PUR_IED_RGuatemala_Tecnol_281a34,,,,,
2026-09-12T15:16:25-05:00,PUR_IED_RafaNu_Ext_f7c302,PUR_IED_RafaNu_Ext_f7c302,,,,,
2026-09-12T15:16:25-05:00,PUR_IED_RafaNu_S1101_25fde,PUR_IED_RafaNu_S1101_25fde,,,,,
2026-09-12T15:16:25-05:00,PUR_IED_RafaNu_S1102_281517,PUR_IED_RafaNu_S1102_281517,,,,,
2026-09-12T15:16:25-05:00,PUR_IED_RafaelB_S305_ee2783,PUR_IED_RafaelB_S305_ee2783,,,,,
2026-09-12T15:16:25-05:00,PUR_IED_RafaelB_S306_75fe33,PUR_IED_RafaelB_S306_75fe33,,,,,
2026-09-12T15:16:25-05:00,PUR_IED_RafaelB_ext_283336,PUR_IED_RafaelB_ext_283336,2,20,54,4.6722,-74.0737
2026-09-12T15:16:25-05:00,PUR_IED_RafaelUU_Exterior_281a51,PUR_IED_RafaelUU_Exterior_281a51,,,,,
2026-09-12T15:16:25-05:00,PUR_IED_RafaelUU_Human_806b2,PUR_IED_RafaelUU_Human_806b2,,,,,
2026-09-12T15:16:25-05:00,PUR_IED_RafaelUU_Mate2_5680d4,PUR_IED_RafaelUU_Mate2_5680d4,,,,,
2026-09-12T15:16:25-05:00,PUR_IED_RamonSub_Ext_f9eeb9,PUR_IED_RamonSub_Ext_f9eeb9,,,,,
2026-09-12T15:16:25-05:00,PUR_IED_RamonSub_Media_d1f62f,PUR_IED_RamonSub_Media_d1f62f,,,,,
2026-09-12T15:16:25-05:00,PUR_IED_RamonSub_planta_51b82,PUR_IED_RamonSub_planta_51b82,,,,,
2026-09-12T15:16:25-05:00,PUR_IED_RepBoliVene_Exter_27af7c,PUR_IED_RepBoliVene_Exter_27af7c,,,,,
2026-09-12T15:16:25-05:00,PUR_IED_RepBoliVene_SCPT_5ae2ee,PUR_IED_RepBoliVene_SCPT_5ae2ee,,,,,
2026-09-12T15:16:25-05:00,PUR_IED_RepBoliVene_Socia_4b11d5,PUR_IED_RepBoliVene_Socia_4b11d5,,,,,
2026-09-12T15:16:25-05:00,PUR_IED_RepChina_Ext_76d9ee,PUR_IED_RepChina_Ext_76d9ee,,,,,
2026-09-12T15:16:25-05:00,PUR_IED_RepChina_S404_7c804c,PUR_IED_RepChina_S404_7c804c,,,,,
2026-09-12T15:16:25-05:00,PUR_IED_RepChina_S405_df2c33,PUR_IED_RepChina_S405_df2c33,,,,,
2026-09-12T15:16:25-05:00,PUR_IED_RepublicaC_Exteri_7d1ec9,PUR_IED_RepublicaC_Exteri_7d1ec9,,,,,
2026-09-12T15:16:25-05:00,PUR_IED_RepublicaC_S1101_f544b3,PUR_IED_RepublicaC_S1101_f544b3,,,,,
2026-09-12T15:16:25-05:00,PUR_IED_RepublicaC_S1102_7aafc7,PUR_IED_RepublicaC_S1102_7aafc7,,,,,
2026-09-12T15:16:25-05:00,PUR_IED_Ricaurte_Externo_a0ea1,PUR_IED_Ricaurte_Externo_a0ea1,,,,,
2026-09-12T15:16:25-05:00,PUR_IED_Ricaurte_S210_f546fd,PUR_IED_Ricaurte_S210_f546fd,,,,,
2026-09-12T15:16:25-05:00,PUR_IED_Ricaurte_S309_d4452,PUR_IED_Ricaurte_S309_d4452,,,,,
2026-09-12T15:16:25-05:00,PUR_IED_RogelioS_1102_531e69,PUR_IED_RogelioS_1102_531e69,,,,,
2026-09-12T15:16:25-05:00,PUR_IED_RogelioS_Ext_f25a18,PUR_IED_RogelioS_Ext_f25a18,,,,,
2026-09-12T15:16:25-05:00,PUR_IED_SBernardino_Ext_27aff8,PUR_IED_SBernardino_Ext_27aff8,,,,,
2026-09-12T15:16:25-05:00,PUR_IED_SBernardino_SArte_2ffd33,PUR_IED_SBernardino_SArte_2ffd33,,,,,
2026-09-12T15:16:25-05:00,PUR_IED_SBernardino_SIngl_7c7da5,PUR_IED_SBernardino_SIngl_7c7da5,,,,,
2026-09-12T15:16:25-05:00,PUR_IED_Sago_auditorio_dc9d1d,PUR_IED_Sago_auditorio_dc9d1d,,,,,
2026-09-12T15:16:25-05:00,PUR_IED_Saludcoop_Ext_95aac3,PUR_IED_Saludcoop_Ext_95aac3,,,,,
2026-09-12T15:16:25-05:00,PUR_IED_Saludcoop_InfI_90c854,PUR_IED_Saludcoop_InfI_90c854,,,,,
2026-09-12T15:16:25-05:00,PUR_IED_Saludcoop_SMedia_1b93be,PUR_IED_Saludcoop_SMedia_1b93be,,,,,
2026-09-12T15:16:25-05:00,PUR_IED_SanCarlos_1101_1a2360,PUR_IED_SanCarlos_1101_1a2360,,,,,
2026-09-12T15:16:25-05:00,PUR_IED_SanCarlos_1103_7bafb5,PUR_IED_SanCarlos_1103_7bafb5,,,,,
2026-09-12T15:16:25-05:00,PUR_IED_SanCarlos_Ext_b7cd1,PUR_IED_SanCarlos_Ext_b7cd1,,,,,
2026-09-12T15:16:25-05:00,PUR_IED_SanIgnacioBosa11a_50c26e,PUR_IED_SanIgnacioBosa11a_50c26e,,,,,
2026-09-12T15:16:25-05:00,PUR_IED_SanIgnacioBosa11b_371de8,PUR_IED_SanIgnacioBosa11b_371de8,,,,,
2026-09-12T15:16:25-05:00,PUR_IED_SanIgnacioBosaExt_ef0ffc,PUR_IED_SanIgnacioBosaExt_ef0ffc,,,,,
2026-09-12T15:16:25-05:00,PUR_IED_SanIgnacioBosa_11a_50c26e,PUR_IED_SanIgnacioBosa_11a_50c26e,,,,,
2026-09-12T15:16:25-05:00,PUR_IED_SanIgnacioBosa_Ext_ef0ffc,PUR_IED_SanIgnacioBosa_Ext_ef0ffc,,,,,
2026-09-12T15:16:25-05:00,PUR_IED_SanJoseN_intS1101_31c47f,PUR_IED_SanJoseN_intS1101_31c47f,,,,,
2026-09-12T15:16:25-05:00,PUR_IED_SanJoseUsm_Exter_f5d7e8,PUR_IED_SanJoseUsm_Exter_f5d7e8,,,,,
2026-09-12T15:16:25-05:00,PUR_IED_SanJoseUsm_Int11A_cfdef6,PUR_IED_SanJoseUsm_Int11A_cfdef6,,,,,
2026-09-12T15:16:25-05:00,PUR_IED_SilveriaR_IntB5_905349,PUR_IED_SilveriaR_IntB5_905349,,,,,
2026-09-12T15:16:25-05:00,PUR_IED_SilveriaR_IntSD14_981f93,PUR_IED_SilveriaR_IntSD14_981f93,,,,,
2026-09-12T15:16:25-05:00,PUR_IED_SilveriaR_ext_2b651d,PUR_IED_SilveriaR_ext_2b651d,,,,,
2026-09-12T15:16:25-05:00,PUR_IED_SimonB_Exterior_913975,PUR_IED_SimonB_Exterior_913975,,,,,
2026-09-12T15:16:25-05:00,PUR_IED_SimonB_LabQuimi_c56908,PUR_IED_SimonB_LabQuimi_c56908,,,,,
2026-09-12T15:16:25-05:00,PUR_IED_SimonB_informatic_a28c1,PUR_IED_SimonB_informatic_a28c1,,,,,
2026-09-12T15:16:25-05:00,PUR_IED_Sorrento_1102_315f50,PUR_IED_Sorrento_1102_315f50,,,,,
2026-09-12T15:16:25-05:00,PUR_IED_Sorrento_Minte_214eab,PUR_IED_Sorrento_Minte_214eab,,,,,
2026-09-12T15:16:25-05:00,PUR_IED_Sorrento_ext_7c3a0a,PUR_IED_Sorrento_ext_7c3a0a,,,,,
2026-09-12T15:16:25-05:00,PUR_IED_Tabora_Ext_f048ae,PUR_IED_Tabora_Ext_f048ae,,,,,
2026-09-12T15:16:25-05:00,PUR_IED_Tabora_S1102_b07752,PUR_IED_Tabora_S1102_b07752,,,,,
2026-09-12T15:16:25-05:00,PUR_IED_Tabora_S1103_d988f5,PUR_IED_Tabora_S1103_d988f5,,,,,
2026-09-12T15:16:25-05:00,PUR_IED_Tenerife_Ext_1ab188,PUR_IED_Tenerife_Ext_1ab188,,,,,
2026-09-12T15:16:25-05:00,PUR_IED_Tenerife_SDanzas_7bc02e,PUR_IED_Tenerife_SDanzas_7bc02e,,,,,
2026-09-12T15:16:25-05:00,PUR_IED_Tenerife_SIngles_7cc277,PUR_IED_Tenerife_SIngles_7cc277,,,,,
2026-09-12T15:16:25-05:00,PUR_IED_Tibabuyes_Exter_f2683d,PUR_IED_Tibabuyes_Exter_f2683d,,,,,
2026-09-12T15:16:25-05:00,PUR_IED_Tibabuyes_S10_dc87a8,PUR_IED_Tibabuyes_S10_dc87a8,,,,,
2026-09-12T15:16:25-05:00,PUR_IED_Tibabuyes_S15_dc0526,PUR_IED_Tibabuyes_S15_dc0526,,,,,
2026-09-12T15:16:25-05:00,PUR_IED_UnionE_S301_a1043,PUR_IED_UnionE_S301_a1043,,,,,
2026-09-12T15:16:25-05:00,PUR_IED_UnionE_S307_ff6c2f,PUR_IED_UnionE_S307_ff6c2f,,,,,
2026-09-12T15:16:25-05:00,PUR_IED_UnionE__Ext_5e2468,PUR_IED_UnionE__Ext_5e2468,,,,,
2026-09-12T15:16:25-05:00,PUR_IED_VillaRica_Ext_75be7c,PUR_IED_VillaRica_Ext_75be7c,,,,,
2026-09-12T15:16:25-05:00,PUR_IED_VillaRica_S4_cc5dcd,PUR_IED_VillaRica_S4_cc5dcd,,,,,
2026-09-12T15:16:25-05:00,PUR_IED_VillaRica_Sesp_99f5c,PUR_IED_VillaRica_Sesp_99f5c,,,,,
2026-09-12T15:21:06-05:00,PUR_IED_20deJulio_1101_91b1b9,PUR_IED_20deJulio_1101_91b1b9,,,,,
2026-09-12T15:21:06-05:00,PUR_IED_20deJulio_1102_1cfcf9,PUR_IED_20deJulio_1102_1cfcf9,,,,,
2026-09-12T15:21:06-05:00,PUR_IED_20deJulio_Ext_ab60bd,PUR_IED_20deJulio_Ext_ab60bd,,,,,
2026-09-12T15:21:06-05:00,PUR_IED_AgustinFer_Ext_7b9b77,PUR_IED_AgustinFer_Ext_7b9b77,,,,,
2026-09-12T15:21:06-05:00,PUR_IED_AgustinFer_Info2_27b3a7,PUR_IED_AgustinFer_Info2_27b3a7,,,,,
2026-09-12T15:21:06-05:00,PUR_IED_AgustinFer_Sena_54b4eb,PUR_IED_AgustinFer_Sena_54b4eb,,,,,
2026-09-12T15:21:06-05:00,PUR_IED_AlexanderF_1102_caf07b,PUR_IED_AlexanderF_1102_caf07b,,,,,
2026-09-12T15:21:06-05:00,PUR_IED_AlexanderF_1103_c79e71,PUR_IED_AlexanderF_1103_c79e71,,,,,
2026-09-12T15:21:06-05:00,PUR_IED_AlexanderF_Ext_c5b18b,PUR_IED_AlexanderF_Ext_c5b18b,,,,,
2026-09-12T15:21:06-05:00,PUR_IED_AlfonsoLopez_Ext_281d77,PUR_IED_AlfonsoLopez_Ext_281d77,,,,,
2026-09-12T15:21:06-05:00,PUR_IED_AlfonsoLopez_LabF_888ce0,PUR_IED_AlfonsoLopez_LabF_888ce0,,,,,
2026-09-12T15:21:06-05:00,PUR_IED_AlfonsoLopez_SMed_df6a7f,PUR_IED_AlfonsoLopez_SMed_df6a7f,,,,,
2026-09-12T15:21:06-05:00,PUR_IED_AltamiraSO_A2_209f92,PUR_IED_AltamiraSO_A2_209f92,,,,,
2026-09-12T15:21:06-05:00,PUR_IED_AltamiraSO_Ext_186d66,PUR_IED_AltamiraSO_Ext_186d66,,,,,
2026-09-12T15:21:06-05:00,PUR_IED_AltamiraSO_Sistem_27afe1,PUR_IED_AltamiraSO_Sistem_27afe1,,,,,
2026-09-12T15:21:06-05:00,PUR_IED_AlvaroGom_LabQuim_813179,PUR_IED_AlvaroGom_LabQuim_813179,,,,,
2026-09-12T15:21:06-05:00,PUR_IED_AlvaroGomez_Ext_47c7ca,PUR_IED_AlvaroGomez_Ext_47c7ca,,,,,
2026-09-12T15:21:06-05:00,PUR_IED_AlvaroGomez_LabQuim_813179,PUR_IED_AlvaroGomez_LabQuim_813179,,,,,
2026-09-12T15:21:06-05:00,PUR_IED_AlvaroGomez_S23_7ba89f,PUR_IED_AlvaroGomez_S23_7ba89f,,,,,
2026-09-12T15:21:06-05:00,PUR_IED_Amistad_306_dc8728,PUR_IED_Amistad_306_dc8728,,,,,
2026-09-12T15:21:06-05:00,PUR_IED_Amistad_Ext_8cd55e,PUR_IED_Amistad_Ext_8cd55e,,,,,
2026-09-12T15:21:06-05:00,PUR_IED_Amistad_S202_a41169,PUR_IED_Amistad_S202_a41169,,,,,
2026-09-12T15:21:06-05:00,PUR_IED_AndresBello_Bio_fd5f5e,PUR_IED_AndresBello_Bio_fd5f5e,,,,,
2026-09-12T15:21:06-05:00,PUR_IED_AndresBello_ext_dcad65,PUR_IED_AndresBello_ext_dcad65,,,,,
2026-09-12T15:21:06-05:00,PUR_IED_AndresBello_port_eed3ec,PUR_IED_AndresBello_port_eed3ec,,,,,
2026-09-12T15:21:06-05:00,PUR_IED_AngelaR_11b_d90a6b,PUR_IED_AngelaR_11b_d90a6b,,,,,
2026-09-12T15:21:06-05:00,PUR_IED_AngelaR_ext_7cad3e,PUR_IED_AngelaR_ext_7cad3e,,,,,
2026-09-12T15:21:06-05:00,PUR_IED_AntJoseSucre_10mo_df2575,PUR_IED_AntJoseSucre_10mo_df2575,,,,,
2026-09-12T15:21:06-05:00,PUR_IED_AntJoseSucre_Ext_215b36,PUR_IED_AntJoseSucre_Ext_215b36,,,,,
2026-09-12T15:21:06-05:00,PUR_IED_AntJoseSucre_Lab_3139de,PUR_IED_AntJoseSucre_Lab_3139de,,,,,
2026-09-12T15:21:06-05:00,PUR_IED_AntonioGarcia_301_d6b188,PUR_IED_AntonioGarcia_301_d6b188,,,,,
2026-09-12T15:21:06-05:00,PUR_IED_AntonioGarcia_302_88a82,PUR_IED_AntonioGarcia_302_88a82,,,,,
2026-09-12T15:21:06-05:00,PUR_IED_AntonioGarcia_Ext_20950c,PUR_IED_AntonioGarcia_Ext_20950c,,,,,
2026-09-12T15:21:06-05:00,PUR_IED_AntonioVan_Aula2_6dea02,PUR_IED_AntonioVan_Aula2_6dea02,,,,,
2026-09-12T15:21:06-05:00,PUR_IED_AntonioVan_Aula5_f1557e,PUR_IED_AntonioVan_Aula5_f1557e,,,,,
2026-09-12T15:21:06-05:00,PUR_IED_AntonioVan_Ext_406f2f,PUR_IED_AntonioVan_Ext_406f2f,,,,,
2026-09-12T15:21:06-05:00,PUR_IED_Atabanzha_Ext_cc5af9,PUR_IED_Atabanzha_Ext_cc5af9,,,,,
2026-09-12T15:21:06-05:00,PUR_IED_Atabanzha_SA101_56c37,PUR_IED_Atabanzha_SA101_56c37,,,,,
2026-09-12T15:21:06-05:00,PUR_IED_Atabanzha_SB302_27b374,PUR_IED_Atabanzha_SB302_27b374,,,,,
2026-09-12T15:21:06-05:00,PUR_IED_Atahualpa_Ext_fc1748,PUR_IED_Atahualpa_Ext_fc1748,,,,,
2026-09-12T15:21:06-05:00,PUR_IED_Atahualpa_Informa_dc9a95,PUR_IED_Atahualpa_Informa_dc9a95,,,,,
2026-09-12T15:21:06-05:00,PUR_IED_Atahualpa_S1101_f98056,PUR_IED_Atahualpa_S1101_f98056,,,,,
2026-09-12T15:21:06-05:00,PUR_IED_Bellavista_Ext_f5aa74,PUR_IED_Bellavista_Ext_f5aa74,,,,,
2026-09-12T15:21:06-05:00,PUR_IED_Bilbao_11A_916c41,PUR_IED_Bilbao_11A_916c41,,,,,
2026-09-12T15:21:06-05:00,PUR_IED_Bilbao_Ext_fb579a,PUR_IED_Bilbao_Ext_fb579a,,,,,
2026-09-12T15:21:06-05:00,PUR_IED_BrasiliaU_A125_304280,PUR_IED_BrasiliaU_A125_304280,,,,,
2026-09-12T15:21:06-05:00,PUR_IED_BrasiliaU_A203_7c8ca5,PUR_IED_BrasiliaU_A203_7c8ca5,,,,,
2026-09-12T15:21:06-05:00,PUR_IED_BrasiliaU_Ext_8d6e9f,PUR_IED_BrasiliaU_Ext_8d6e9f,2,21,52,4.5175,-74.116302
2026-09-12T15:21:06-05:00,PUR_IED_Brasilia_Ext_fe6593,PUR_IED_Brasilia_Ext_fe6593,,,,,
2026-09-12T15:21:06-05:00,PUR_IED_Brasilia_S24_7c130d,PUR_IED_Brasilia_S24_7c130d,,,,,
2026-09-12T15:21:06-05:00,PUR_IED_Brasilia_S501_186a54,PUR_IED_Brasilia_S501_186a54,,,,,
2026-09-12T15:21:06-05:00,PUR_IED_CHARRY_EXT_f1d5cd,PUR_IED_CHARRY_EXT_f1d5cd,,,,,
2026-09-12T15:21:06-05:00,PUR_IED_CHARRY_INTDANZAS_7a08e6,PUR_IED_CHARRY_INTDANZAS_7a08e6,,,,,
2026-09-12T15:21:06-05:00,PUR_IED_CHARRY_INT_AULA20_dc998d,PUR_IED_CHARRY_INT_AULA20_dc998d,,,,,
2026-09-12T15:21:06-05:00,PUR_IED_COLVIV_1101_S25_7f520a,PUR_IED_COLVIV_1101_S25_7f520a,,,,,
2026-09-12T15:21:06-05:00,PUR_IED_COLVIV_1102_S16_f570ba,PUR_IED_COLVIV_1102_S16_f570ba,,,,,
2026-09-12T15:21:06-05:00,PUR_IED_COLVIV_Ext_1a26fa,PUR_IED_COLVIV_Ext_1a26fa,,,,,
2026-09-12T15:21:06-05:00,PUR_IED_CULPOP_301A_f660f3,PUR_IED_CULPOP_301A_f660f3,,,,,
2026-09-12T15:21:06-05:00,PUR_IED_CULPOP_303_568afe,PUR_IED_CULPOP_303_568afe,,,,,
2026-09-12T15:21:06-05:00,PUR_IED_CULPOP_Ext_e02ccb,PUR_IED_CULPOP_Ext_e02ccb,,,,,
2026-09-12T15:21:06-05:00,PUR_IED_CVillavicen_Ext_26eb58,PUR_IED_CVillavicen_Ext_26eb58,5,17,71,4.487,-74.102798
2026-09-12T15:21:06-05:00,PUR_IED_CVillavicen_Intel_1ce5c2,PUR_IED_CVillavicen_Intel_1ce5c2,,,,,
2026-09-12T15:21:06-05:00,PUR_IED_CVillavicen_Poliv_e0766c,PUR_IED_CVillavicen_Poliv_e0766c,,,,,
2026-09-12T15:21:06-05:00,PUR_IED_CVillavicen_int_1ba140,PUR_IED_CVillavicen_int_1ba140,,,,,
2026-09-12T15:21:06-05:00,PUR_IED_CVillavicen_intel_1ba140,PUR_IED_CVillavicen_intel_1ba140,,,,,
2026-09-12T15:21:06-05:00,PUR_IED_CarlosPizarro_Ext_e307cc,PUR_IED_CarlosPizarro_Ext_e307cc,,,,,
2026-09-12T15:21:06-05:00,PUR_IED_CarlosPizarro_L36_7e5cdb,PUR_IED_CarlosPizarro_L36_7e5cdb,,,,,
2026-09-12T15:21:06-05:00,PUR_IED_CarlosPizarro_L37_c8566c,PUR_IED_CarlosPizarro_L37_c8566c,,,,,
2026-09-12T15:21:06-05:00,PUR_IED_Castilla_Ext_cf35f,PUR_IED_Castilla_Ext_cf35f,,,,,
2026-09-12T15:21:06-05:00,PUR_IED_Castilla_SFisik_360e38,PUR_IED_Castilla_SFisik_360e38,,,,,
2026-09-12T15:21:06-05:00,PUR_IED_Castilla_Sc304_496fbf,PUR_IED_Castilla_Sc304_496fbf,,,,,
2026-09-12T15:21:06-05:00,PUR_IED_CervantesSa_Ext_6b57b,PUR_IED_CervantesSa_Ext_6b57b,2,20,59,4.5128,-74.117203
2026-09-12T15:21:06-05:00,PUR_IED_CervantesSa_S107_225c2b,PUR_IED_CervantesSa_S107_225c2b,,,,,
2026-09-12T15:21:06-05:00,PUR_IED_CervantesSa_S108_940925,PUR_IED_CervantesSa_S108_940925,,,,,
2026-09-12T15:21:06-05:00,PUR_IED_Charry_A20_f53e7c,PUR_IED_Charry_A20_f53e7c,,,,,
2026-09-12T15:21:06-05:00,PUR_IED_Charry_Ext_f1d5cd,PUR_IED_Charry_Ext_f1d5cd,,,,,
2026-09-12T15:21:06-05:00,PUR_IED_Charry_IntAula20_dc998d,PUR_IED_Charry_IntAula20_dc998d,,,,,
2026-09-12T15:21:06-05:00,PUR_IED_Charry_IntDanzas_7a08e6,PUR_IED_Charry_IntDanzas_7a08e6,,,,,
2026-09-12T15:21:06-05:00,PUR_IED_ClememciaC_203_43e2fc,PUR_IED_ClememciaC_203_43e2fc,,,,,
2026-09-12T15:21:06-05:00,PUR_IED_ClememciaC_Ext_1b411a,PUR_IED_ClememciaC_Ext_1b411a,,,,,
2026-09-12T15:21:06-05:00,PUR_IED_ClememciaC_Quimic_44b5fc,PUR_IED_ClememciaC_Quimic_44b5fc,,,,,
2026-09-12T15:21:06-05:00,PUR_IED_ClemenciaC_203_43e2fc,PUR_IED_ClemenciaC_203_43e2fc,,,,,
2026-09-12T15:21:06-05:00,PUR_IED_ClemenciaC_Ext_1b411a,PUR_IED_ClemenciaC_Ext_1b411a,,,,,
2026-09-12T15:21:06-05:00,PUR_IED_ClemenciaC_Quimic_44b5fc,PUR_IED_ClemenciaC_Quimic_44b5fc,,,,,
2026-09-12T15:21:06-05:00,PUR_IED_ColViva_1101_S25_7f520a,PUR_IED_ColViva_1101_S25_7f520a,,,,,
2026-09-12T15:21:06-05:00,PUR_IED_ColViva_1102_S16_f570ba,PUR_IED_ColViva_1102_S16_f570ba,,,,,
2026-09-12T15:21:06-05:00,PUR_IED_ColViva_Ext_1a26fa,PUR_IED_ColViva_Ext_1a26fa,,,,,
2026-09-12T15:21:06-05:00,PUR_IED_ColegioBici_Asist_7c8798,PUR_IED_ColegioBici_Asist_7c8798,,,,,
2026-09-12T15:21:06-05:00,PUR_IED_ColegioBici_Ext_25cbf6,PUR_IED_ColegioBici_Ext_25cbf6,,,,,
2026-09-12T15:21:06-05:00,PUR_IED_ColegioBici_LabQ_7b57db,PUR_IED_ColegioBici_LabQ_7b57db,,,,,
2026-09-12T15:21:06-05:00,PUR_IED_CostaRica_Ext_5e640,PUR_IED_CostaRica_Ext_5e640,,,,,
2026-09-12T15:21:06-05:00,PUR_IED_CostaRica_Quim1_766d1c,PUR_IED_CostaRica_Quim1_766d1c,,,,,
2026-09-12T15:21:06-05:00,PUR_IED_CostaRica__Fisica_6f0873,PUR_IED_CostaRica__Fisica_6f0873,,,,,
2026-09-12T15:21:06-05:00,PUR_IED_CulPopu_301A_f660f3,PUR_IED_CulPopu_301A_f660f3,,,,,
2026-09-12T15:21:06-05:00,PUR_IED_CulPopu_303_568afe,PUR_IED_CulPopu_303_568afe,,,,,
2026-09-12T15:21:06-05:00,PUR_IED_CulPopu_Ext_e02ccb,PUR_IED_CulPopu_Ext_e02ccb,,,,,
2026-09-12T15:21:06-05:00,PUR_IED_Cundinamarca_Ext_f15985,PUR_IED_Cundinamarca_Ext_f15985,,,,,
2026-09-12T15:21:06-05:00,PUR_IED_Cundinamarca_Info_7aa5d7,PUR_IED_Cundinamarca_Info_7aa5d7,,,,,
2026-09-12T15:21:06-05:00,PUR_IED_Cundinamarca_Tec2_f449c7,PUR_IED_Cundinamarca_Tec2_f449c7,,,,,
2026-09-12T15:21:06-05:00,PUR_IED_DiegoM_Aula1_27b314,PUR_IED_DiegoM_Aula1_27b314,,,,,
2026-09-12T15:21:06-05:00,PUR_IED_DiegoM_Ext_d80ac8,PUR_IED_DiegoM_Ext_d80ac8,,,,,
2026-09-12T15:21:06-05:00,PUR_IED_DiegoM_S25_da928f,PUR_IED_DiegoM_S25_da928f,,,,,
2026-09-12T15:21:06-05:00,PUR_IED_ELRODEO_360881,PUR_IED_ELRODEO_360881,,,,,
2026-09-12T15:21:06-05:00,PUR_IED_ELRODEO_ext_360881,PUR_IED_ELRODEO_ext_360881,,,,,
2026-09-12T15:21:06-05:00,PUR_IED_EduardoU_Ext_1c1969,PUR_IED_EduardoU_Ext_1c1969,,,,,
2026-09-12T15:21:06-05:00,PUR_IED_EduardoU_SCiencia_4dfb94,PUR_IED_EduardoU_SCiencia_4dfb94,,,,,
2026-09-12T15:21:06-05:00,PUR_IED_EduardoU_SQuimica_5a46e7,PUR_IED_EduardoU_SQuimica_5a46e7,,,,,
2026-09-12T15:21:06-05:00,PUR_IED_ElRodeo_Aula14_676984,PUR_IED_ElRodeo_Aula14_676984,,,,,
2026-09-12T15:21:06-05:00,PUR_IED_ElRodeo_Aula16_2dd35b,PUR_IED_ElRodeo_Aula16_2dd35b,,,,,
2026-09-12T15:21:06-05:00,PUR_IED_ElRodeo_Ext_360881,PUR_IED_ElRodeo_Ext_360881,,,,,
2026-09-12T15:21:06-05:00,PUR_IED_ElRodeo_Exterior_8c6d28,PUR_IED_ElRodeo_Exterior_8c6d28,,,,,
2026-09-12T15:21:06-05:00,PUR_IED_ElRodeo_ext_360881,PUR_IED_ElRodeo_ext_360881,,,,,
2026-09-12T15:21:06-05:00,PUR_IED_EmmaReyes_Ext_987625,PUR_IED_EmmaReyes_Ext_987625,3,22,47,4.6367,-74.1511
2026-09-12T15:21:06-05:00,PUR_IED_Ensueño_Ext_7f0250,PUR_IED_Ensueño_Ext_7f0250,,,,,
2026-09-12T15:21:06-05:00,PUR_IED_EscNormal_Ext_5fef3b,PUR_IED_EscNormal_Ext_5fef3b,2,21,53,4.5852,-74.096901
2026-09-12T15:21:06-05:00,PUR_IED_EscNormal_S309_5b263,PUR_IED_EscNormal_S309_5b263,,,,,
2026-09-12T15:21:06-05:00,PUR_IED_EscNormal_S310_27b3b8,PUR_IED_EscNormal_S310_27b3b8,,,,,
2026-09-12T15:21:06-05:00,PUR_IED_Evangelista_Conta_f6cd4f,PUR_IED_Evangelista_Conta_f6cd4f,,,,,
2026-09-12T15:21:06-05:00,PUR_IED_Evangelista_Cri_5e16a,PUR_IED_Evangelista_Cri_5e16a,,,,,
2026-09-12T15:21:06-05:00,PUR_IED_Evangelista_Exter_754066,PUR_IED_Evangelista_Exter_754066,,,,,
2026-09-12T15:21:06-05:00,PUR_IED_FMiranda_S209_5cc2a3,PUR_IED_FMiranda_S209_5cc2a3,,,,,
2026-09-12T15:21:06-05:00,PUR_IED_FMiranda_S303_19e344,PUR_IED_FMiranda_S303_19e344,,,,,
2026-09-12T15:21:06-05:00,PUR_IED_FMiranda_ext_f53e7c,PUR_IED_FMiranda_ext_f53e7c,,,,,
2026-09-12T15:21:06-05:00,PUR_IED_FabioLozano_Bibli_1cee05,PUR_IED_FabioLozano_Bibli_1cee05,,,,,
2026-09-12T15:21:06-05:00,PUR_IED_FabioLozano_Ext_6ea285,PUR_IED_FabioLozano_Ext_6ea285,,,,,
2026-09-12T15:21:06-05:00,PUR_IED_FabioLozano_SLudi_f09e1e,PUR_IED_FabioLozano_SLudi_f09e1e,,,,,
2026-09-12T15:21:06-05:00,PUR_IED_FaustinoS_Aula07_27a731,PUR_IED_FaustinoS_Aula07_27a731,,,,,
2026-09-12T15:21:06-05:00,PUR_IED_FaustinoS_Ext_7b936f,PUR_IED_FaustinoS_Ext_7b936f,,,,,
2026-09-12T15:21:06-05:00,PUR_IED_FaustinoS_Fisica_da2c60,PUR_IED_FaustinoS_Fisica_da2c60,,,,,
2026-09-12T15:21:06-05:00,PUR_IED_FeGarciaLo_Ext_dc68ee,PUR_IED_FeGarciaLo_Ext_dc68ee,,,,,
2026-09-12T15:21:06-05:00,PUR_IED_FeGarciaLo_SDanza_f70a59,PUR_IED_FeGarciaLo_SDanza_f70a59,,,,,
2026-09-12T15:21:06-05:00,PUR_IED_FeGarciaLo_SMusic_125cdd,PUR_IED_FeGarciaLo_SMusic_125cdd,,,,,
2026-09-12T15:21:06-05:00,PUR_IED_FederalAlema_Exte_50c345,PUR_IED_FederalAlema_Exte_50c345,,,,,
2026-09-12T15:21:06-05:00,PUR_IED_FederalAlema_S31_f18371,PUR_IED_FederalAlema_S31_f18371,,,,,
2026-09-12T15:21:06-05:00,PUR_IED_FederalAlema_S901_a62cd,PUR_IED_FederalAlema_S901_a62cd,,,,,
2026-09-12T15:21:06-05:00,PUR_IED_FilarmonicaS_A5_f35eb1,PUR_IED_FilarmonicaS_A5_f35eb1,,,,,
2026-09-12T15:21:06-05:00,PUR_IED_FilarmonicaS_Ext_8a3bde,PUR_IED_FilarmonicaS_Ext_8a3bde,,,,,
2026-09-12T15:21:06-05:00,PUR_IED_FilarmonicaS_Spol_406114,PUR_IED_FilarmonicaS_Spol_406114,,,,,
2026-09-12T15:21:06-05:00,PUR_IED_FlorentinoG_A13_d1fa59,PUR_IED_FlorentinoG_A13_d1fa59,,,,,
2026-09-12T15:21:06-05:00,PUR_IED_FlorentinoG_Ext_1ce6ce,PUR_IED_FlorentinoG_Ext_1ce6ce,,,,,
2026-09-12T15:21:06-05:00,PUR_IED_FlorentinoG_Idiom_a66aac,PUR_IED_FlorentinoG_Idiom_a66aac,,,,,
2026-09-12T15:21:06-05:00,PUR_IED_FranciscoMati_Ext_e3869d,PUR_IED_FranciscoMati_Ext_e3869d,,,,,
2026-09-12T15:21:06-05:00,PUR_IED_FranciscoMati_S13_f31c67,PUR_IED_FranciscoMati_S13_f31c67,,,,,
2026-09-12T15:21:06-05:00,PUR_IED_FranciscoMati_S14_97dead,PUR_IED_FranciscoMati_S14_97dead,,,,,
2026-09-12T15:21:06-05:00,PUR_IED_FranciscoPS_Ext_7bfa9a,PUR_IED_FranciscoPS_Ext_7bfa9a,2,22,54,4.5899,-74.110397
2026-09-12T15:21:06-05:00,PUR_IED_FranciscoPS_Infor_fb8f4c,PUR_IED_FranciscoPS_Infor_fb8f4c,,,,,
2026-09-12T15:21:06-05:00,PUR_IED_FranciscoPS_Quimi_94d39c,PUR_IED_FranciscoPS_Quimi_94d39c,,,,,
2026-09-12T15:21:06-05:00,PUR_IED_FranciscoP_LabQ_d7e148,PUR_IED_FranciscoP_LabQ_d7e148,,,,,
2026-09-12T15:21:06-05:00,PUR_IED_FranciscoP_S28_cf9b30,PUR_IED_FranciscoP_S28_cf9b30,,,,,
2026-09-12T15:21:06-05:00,PUR_IED_FranciscoP_ext_e2313,PUR_IED_FranciscoP_ext_e2313,,,,,
2026-09-12T15:21:06-05:00,PUR_IED_FriederichN_Ext_8ac92a,PUR_IED_FriederichN_Ext_8ac92a,,,,,
2026-09-12T15:21:06-05:00,PUR_IED_FriederichN_S301_dd7e5a,PUR_IED_FriederichN_S301_dd7e5a,,,,,
2026-09-12T15:21:06-05:00,PUR_IED_FriederichN_S308_761f4f,PUR_IED_FriederichN_S308_761f4f,,,,,
2026-09-12T15:21:06-05:00,PUR_IED_GSantander_Aula10_533dd7,PUR_IED_GSantander_Aula10_533dd7,,,,,
2026-09-12T15:21:06-05:00,PUR_IED_GSantander_Aula12_fd4e4f,PUR_IED_GSantander_Aula12_fd4e4f,,,,,
2026-09-12T15:21:06-05:00,PUR_IED_GSantander_Aula310_533dd7,PUR_IED_GSantander_Aula310_533dd7,,,,,
2026-09-12T15:21:06-05:00,PUR_IED_GSantander_Aula312_fd4e4f,PUR_IED_GSantander_Aula312_fd4e4f,,,,,
2026-09-12T15:21:06-05:00,PUR_IED_GSantander_Ext_5f66b0,PUR_IED_GSantander_Ext_5f66b0,,,,,
2026-09-12T15:21:06-05:00,PUR_IED_GYomasa_Ext_f6bea5,PUR_IED_GYomasa_Ext_f6bea5,,,,,
2026-09-12T15:21:06-05:00,PUR_IED_GYomasa_LBiol_2c41aa,PUR_IED_GYomasa_LBiol_2c41aa,,,,,
2026-09-12T15:21:06-05:00,PUR_IED_GYomasa_LQuim_33c80,PUR_IED_GYomasa_LQuim_33c80,,,,,
2026-09-12T15:21:06-05:00,PUR_IED_GabBetMejia_Cienc_5a99c,PUR_IED_GabBetMejia_Cienc_5a99c,,,,,
2026-09-12T15:21:06-05:00,PUR_IED_GabBetMejia_Ext_9153d0,PUR_IED_GabBetMejia_Ext_9153d0,,,,,
2026-09-12T15:21:06-05:00,PUR_IED_GabBetMejia_Lab_f55347,PUR_IED_GabBetMejia_Lab_f55347,,,,,
2026-09-12T15:21:06-05:00,PUR_IED_GabBetanMejia_Ext_9153d0,PUR_IED_GabBetanMejia_Ext_9153d0,,,,,
2026-09-12T15:21:06-05:00,PUR_IED_Gaitana_Aula13_7aac11,PUR_IED_Gaitana_Aula13_7aac11,,,,,
2026-09-12T15:21:06-05:00,PUR_IED_Gaitana_Ext_5fcf4,PUR_IED_Gaitana_Ext_5fcf4,,,,,
2026-09-12T15:21:06-05:00,PUR_IED_Gaitana_LabFisica_644448,PUR_IED_Gaitana_LabFisica_644448,,,,,
2026-09-12T15:21:06-05:00,PUR_IED_GenSantander_Dise_8ac858,PUR_IED_GenSantander_Dise_8ac858,,,,,
2026-09-12T15:21:06-05:00,PUR_IED_GenSantander_Ext_8d5dfe,PUR_IED_GenSantander_Ext_8d5dfe,,,,,
2026-09-12T15:21:06-05:00,PUR_IED_GenSantander_Info_6c25b,PUR_IED_GenSantander_Info_6c25b,,,,,
2026-09-12T15:21:06-05:00,PUR_IED_GustavoMo_Exterio_75e63d,PUR_IED_GustavoMo_Exterio_75e63d,,,,,
2026-09-12T15:21:06-05:00,PUR_IED_GustavoMo_LabFisi_224d37,PUR_IED_GustavoMo_LabFisi_224d37,,,,,
2026-09-12T15:21:06-05:00,PUR_IED_GustavoMo_S208_3e6918,PUR_IED_GustavoMo_S208_3e6918,,,,,
2026-09-12T15:21:06-05:00,PUR_IED_GustavoR_A02_8cd4a8,PUR_IED_GustavoR_A02_8cd4a8,,,,,
2026-09-12T15:21:06-05:00,PUR_IED_GustavoR_B11_5b0ed,PUR_IED_GustavoR_B11_5b0ed,,,,,
2026-09-12T15:21:06-05:00,PUR_IED_GustavoR_Ext_7a0c90,PUR_IED_GustavoR_Ext_7a0c90,,,,,
2026-09-12T15:21:06-05:00,PUR_IED_HernandoDuran_Ext_8cd82b,PUR_IED_HernandoDuran_Ext_8cd82b,,,,,
2026-09-12T15:21:06-05:00,PUR_IED_HernandoDuran_S24_2772c6,PUR_IED_HernandoDuran_S24_2772c6,,,,,
2026-09-12T15:21:06-05:00,PUR_IED_HernandoDuran_S30_f2de41,PUR_IED_HernandoDuran_S30_f2de41,,,,,
2026-09-12T15:21:06-05:00,PUR_IED_HolguInUr_S1101_8cd732,PUR_IED_HolguInUr_S1101_8cd732,,,,,
2026-09-12T15:21:06-05:00,PUR_IED_HolguinUr_Exter_ddae6d,PUR_IED_HolguinUr_Exter_ddae6d,,,,,
2026-09-12T15:21:06-05:00,PUR_IED_HolguinUr_LabQuim_92b952,PUR_IED_HolguinUr_LabQuim_92b952,,,,,
2026-09-12T15:21:06-05:00,PUR_IED_Isabel-II_Ext_5245cc,PUR_IED_Isabel-II_Ext_5245cc,2,20,53,4.6336,-74.153
2026-09-12T15:21:06-05:00,PUR_IED_Isabel-II_S_idiom_1c29aa,PUR_IED_Isabel-II_S_idiom_1c29aa,,,,,
2026-09-12T15:21:06-05:00,PUR_IED_Isabel-II_S_infor_fd741,PUR_IED_Isabel-II_S_infor_fd741,,,,,
2026-09-12T15:21:06-05:00,PUR_IED_IsidroSur_Exterio_5b90ea,PUR_IED_IsidroSur_Exterio_5b90ea,,,,,
2026-09-12T15:21:06-05:00,PUR_IED_IsidroSur_LabTec_56697a,PUR_IED_IsidroSur_LabTec_56697a,,,,,
2026-09-12T15:21:06-05:00,PUR_IED_IsidroSur_Robotic_b7c38f,PUR_IED_IsidroSur_Robotic_b7c38f,,,,,
2026-09-12T15:21:06-05:00,PUR_IED_IsmaelPerd_Ext_7b6672,PUR_IED_IsmaelPerd_Ext_7b6672,,,,,
2026-09-12T15:21:06-05:00,PUR_IED_IsmaelPerd_Inform_306540,PUR_IED_IsmaelPerd_Inform_306540,,,,,
2026-09-12T15:21:06-05:00,PUR_IED_IsmaelPerd_S30_2e2c83,PUR_IED_IsmaelPerd_S30_2e2c83,,,,,
2026-09-12T15:21:06-05:00,PUR_IED_JLozano_Exter_432910,PUR_IED_JLozano_Exter_432910,,,,,
2026-09-12T15:21:06-05:00,PUR_IED_JLozano_salaMulti_df5125,PUR_IED_JLozano_salaMulti_df5125,,,,,
2026-09-12T15:21:06-05:00,PUR_IED_JMCordoba_206_86f80b,PUR_IED_JMCordoba_206_86f80b,,,,,
2026-09-12T15:21:06-05:00,PUR_IED_JMCordoba_Ext_27ad97,PUR_IED_JMCordoba_Ext_27ad97,,,,,
2026-09-12T15:21:06-05:00,PUR_IED_JMCordoba_S310_d59ab4,PUR_IED_JMCordoba_S310_d59ab4,,,,,
2026-09-12T15:21:06-05:00,PUR_IED_Japon_Ext_549100,PUR_IED_Japon_Ext_549100,,,,,
2026-09-12T15:21:06-05:00,PUR_IED_Japon_Laboratorio_bec51d,PUR_IED_Japon_Laboratorio_bec51d,,,,,
2026-09-12T15:21:06-05:00,PUR_IED_Japon_informatica_d99327,PUR_IED_Japon_informatica_d99327,,,,,
2026-09-12T15:21:06-05:00,PUR_IED_Jazmin_Ext_d27bda,PUR_IED_Jazmin_Ext_d27bda,,,,,
2026-09-12T15:21:06-05:00,PUR_IED_Jazmin_Fisica_8d14d7,PUR_IED_Jazmin_Fisica_8d14d7,,,,,
2026-09-12T15:21:06-05:00,PUR_IED_Jazmin_Quimica_801cb5,PUR_IED_Jazmin_Quimica_801cb5,,,,,
2026-09-12T15:21:06-05:00,PUR_IED_JorgeGaitan_Exter_f098d1,PUR_IED_JorgeGaitan_Exter_f098d1,,,,,
2026-09-12T15:21:06-05:00,PUR_IED_JorgeGaitan_STec1_dc9d1d,PUR_IED_JorgeGaitan_STec1_dc9d1d,,,,,
2026-09-12T15:21:06-05:00,PUR_IED_JorgeGaitan_STec2_281e69,PUR_IED_JorgeGaitan_STec2_281e69,,,,,
2026-09-12T15:21:06-05:00,PUR_IED_JorgeSoto_Exterio_d9d0a2,PUR_IED_JorgeSoto_Exterio_d9d0a2,,,,,
2026-09-12T15:21:06-05:00,PUR_IED_JorgeSoto_LabFisi_209c54,PUR_IED_JorgeSoto_LabFisi_209c54,,,,,
2026-09-12T15:21:06-05:00,PUR_IED_JorgeSoto_S103_27b51a,PUR_IED_JorgeSoto_S103_27b51a,,,,,
2026-09-12T15:21:06-05:00,PUR_IED_JoseAcevedo_A02_e965eb,PUR_IED_JoseAcevedo_A02_e965eb,,,,,
2026-09-12T15:21:06-05:00,PUR_IED_JoseAcevedo_A07_dd5b4,PUR_IED_JoseAcevedo_A07_dd5b4,,,,,
2026-09-12T15:21:06-05:00,PUR_IED_JoseAcevedo_Ext_b47484,PUR_IED_JoseAcevedo_Ext_b47484,,,,,
2026-09-12T15:21:06-05:00,PUR_IED_JoseMarti_Exte_5b9bf,PUR_IED_JoseMarti_Exte_5b9bf,,,,,
2026-09-12T15:21:06-05:00,PUR_IED_JoseMarti_LabQuim_1c6c2d,PUR_IED_JoseMarti_LabQuim_1c6c2d,,,,,
2026-09-12T15:21:06-05:00,PUR_IED_JoseMarti_S_info_f5f177,PUR_IED_JoseMarti_S_info_f5f177,,,,,
2026-09-12T15:21:06-05:00,PUR_IED_Josejoaquin_Ext_dfc5dc,PUR_IED_Josejoaquin_Ext_dfc5dc,,,,,
2026-09-12T15:21:06-05:00,PUR_IED_Josejoaquin_S05_5b2a96,PUR_IED_Josejoaquin_S05_5b2a96,,,,,
2026-09-12T15:21:06-05:00,PUR_IED_Josejoaquin_S06_1ce7d2,PUR_IED_Josejoaquin_S06_1ce7d2,,,,,
2026-09-12T15:21:06-05:00,PUR_IED_JulioFlorez_Danza_9b82dd,PUR_IED_JulioFlorez_Danza_9b82dd,,,,,
2026-09-12T15:21:06-05:00,PUR_IED_JulioFlorez_Exter_f9f314,PUR_IED_JulioFlorez_Exter_f9f314,,,,,
2026-09-12T15:21:06-05:00,PUR_IED_JulioFlorez_info2_6b6e08,PUR_IED_JulioFlorez_info2_6b6e08,,,,,
2026-09-12T15:21:06-05:00,PUR_IED_LaBelleza_Aula13_1d00d8,PUR_IED_LaBelleza_Aula13_1d00d8,,,,,
2026-09-12T15:21:06-05:00,PUR_IED_LaBelleza_Ext_7bc08c,PUR_IED_LaBelleza_Ext_7bc08c,,,,,
2026-09-12T15:21:06-05:00,PUR_IED_LaChucua_Ext_8cd6d2,PUR_IED_LaChucua_Ext_8cd6d2,,,,,
2026-09-12T15:21:06-05:00,PUR_IED_LaChucua_S15_f578ce,PUR_IED_LaChucua_S15_f578ce,,,,,
2026-09-12T15:21:06-05:00,PUR_IED_LaChucua_S16_eebcf9,PUR_IED_LaChucua_S16_eebcf9,,,,,
2026-09-12T15:21:06-05:00,PUR_IED_LaFelicidad_Ext_fb5109,PUR_IED_LaFelicidad_Ext_fb5109,,,,,
2026-09-12T15:21:06-05:00,PUR_IED_LaMerced_206_66ebd,PUR_IED_LaMerced_206_66ebd,,,,,
2026-09-12T15:21:06-05:00,PUR_IED_LaMerced_207_6ebd6,PUR_IED_LaMerced_207_6ebd6,,,,,
2026-09-12T15:21:06-05:00,PUR_IED_LaMerced_ext_304311,PUR_IED_LaMerced_ext_304311,,,,,
2026-09-12T15:21:06-05:00,PUR_IED_Laureano_CiencNat_281e5e,PUR_IED_Laureano_CiencNat_281e5e,,,,,
2026-09-12T15:21:06-05:00,PUR_IED_Laureano_Comedor_f65c0a,PUR_IED_Laureano_Comedor_f65c0a,,,,,
2026-09-12T15:21:06-05:00,PUR_IED_Laureano_Exterior_7ab011,PUR_IED_Laureano_Exterior_7ab011,,,,,
2026-09-12T15:21:06-05:00,PUR_IED_LeonGreiff_Exte_dfe560,PUR_IED_LeonGreiff_Exte_dfe560,,,,,
2026-09-12T15:21:06-05:00,PUR_IED_LeonGreiff_S210_f264ed,PUR_IED_LeonGreiff_S210_f264ed,,,,,
2026-09-12T15:21:06-05:00,PUR_IED_LeonGreiff_SQuimi_e8296f,PUR_IED_LeonGreiff_SQuimi_e8296f,,,,,
2026-09-12T15:21:06-05:00,PUR_IED_LlanoOrientalS208_7b9fcd,PUR_IED_LlanoOrientalS208_7b9fcd,,,,,
2026-09-12T15:21:06-05:00,PUR_IED_LlanoOriental_Ext_fb3766,PUR_IED_LlanoOriental_Ext_fb3766,,,,,
2026-09-12T15:21:06-05:00,PUR_IED_LlanoOriental_S208_7b9fcd,PUR_IED_LlanoOriental_S208_7b9fcd,,,,,
2026-09-12T15:21:06-05:00,PUR_IED_LlanoOriental_S9_27b378,PUR_IED_LlanoOriental_S9_27b378,,,,,
2026-09-12T15:21:06-05:00,PUR_IED_LosTejares_1101_477602,PUR_IED_LosTejares_1101_477602,,,,,
2026-09-12T15:21:06-05:00,PUR_IED_LosTejares_11_d2c595,PUR_IED_LosTejares_11_d2c595,,,,,
2026-09-12T15:21:06-05:00,PUR_IED_LosTejares_12_477602,PUR_IED_LosTejares_12_477602,,,,,
2026-09-12T15:21:06-05:00,PUR_IED_LosTejares_Ext_8e2115,PUR_IED_LosTejares_Ext_8e2115,,,,,
2026-09-12T15:21:06-05:00,PUR_IED_MagdalenaO_B202_5ddda3,PUR_IED_MagdalenaO_B202_5ddda3,,,,,
2026-09-12T15:21:06-05:00,PUR_IED_MagdalenaO_B205_fb76e8,PUR_IED_MagdalenaO_B205_fb76e8,,,,,
2026-09-12T15:21:06-05:00,PUR_IED_MagdalenaO_ext_dc69cd,PUR_IED_MagdalenaO_ext_dc69cd,,,,,
2026-09-12T15:21:06-05:00,PUR_IED_ManueCepeda_artes_eee956,PUR_IED_ManueCepeda_artes_eee956,,,,,
2026-09-12T15:21:06-05:00,PUR_IED_ManuelCepeda_Ext_58313,PUR_IED_ManuelCepeda_Ext_58313,,,,,
2026-09-12T15:21:06-05:00,PUR_IED_ManuelCepeda_tec_1c5731,PUR_IED_ManuelCepeda_tec_1c5731,,,,,
2026-09-12T15:21:06-05:00,PUR_IED_ManuelS_Exterior_5b269,PUR_IED_ManuelS_Exterior_5b269,,,,,
2026-09-12T15:21:06-05:00,PUR_IED_ManuelS_Inform_f369ce,PUR_IED_ManuelS_Inform_f369ce,,,,,
2026-09-12T15:21:06-05:00,PUR_IED_ManuelS_SArtes_7d15f1,PUR_IED_ManuelS_SArtes_7d15f1,,,,,
2026-09-12T15:21:06-05:00,PUR_IED_ManuelZapata_303_3ca6,PUR_IED_ManuelZapata_303_3ca6,,,,,
2026-09-12T15:21:06-05:00,PUR_IED_ManuelZapata_311_bfbabc,PUR_IED_ManuelZapata_311_bfbabc,,,,,
2026-09-12T15:21:06-05:00,PUR_IED_ManuelZapata_Ext_50824a,PUR_IED_ManuelZapata_Ext_50824a,,,,,
2026-09-12T15:21:06-05:00,PUR_IED_ManuelitaS_Exteri_656a92,PUR_IED_ManuelitaS_Exteri_656a92,,,,,
2026-09-12T15:21:06-05:00,PUR_IED_ManuelitaS_JuzgDe_f58ec3,PUR_IED_ManuelitaS_JuzgDe_f58ec3,,,,,
2026-09-12T15:21:06-05:00,PUR_IED_ManuelitaS_Recrea_d793db,PUR_IED_ManuelitaS_Recrea_d793db,,,,,
2026-09-12T15:21:06-05:00,PUR_IED_MarFidSuarez_Ext_c27b19,PUR_IED_MarFidSuarez_Ext_c27b19,,,,,
2026-09-12T15:21:06-05:00,PUR_IED_MarFidSuarez_Info_e384d7,PUR_IED_MarFidSuarez_Info_e384d7,,,,,
2026-09-12T15:21:06-05:00,PUR_IED_MarFidSuarez_S306_1d0032,PUR_IED_MarFidSuarez_S306_1d0032,,,,,
2026-09-12T15:21:06-05:00,PUR_IED_Menorah_301_2a25a3,PUR_IED_Menorah_301_2a25a3,,,,,
2026-09-12T15:21:06-05:00,PUR_IED_Menorah_306_37ed3,PUR_IED_Menorah_306_37ed3,,,,,
2026-09-12T15:21:06-05:00,PUR_IED_Menorah_Ext_3e155b,PUR_IED_Menorah_Ext_3e155b,,,,,
2026-09-12T15:21:06-05:00,PUR_IED_MinutoB.Aires_A11_1b1604,PUR_IED_MinutoB.Aires_A11_1b1604,,,,,
2026-09-12T15:21:06-05:00,PUR_IED_MinutoB.Aires_A12_fb5860,PUR_IED_MinutoB.Aires_A12_fb5860,,,,,
2026-09-12T15:21:06-05:00,PUR_IED_MinutoB.Aires_Ext_81293f,PUR_IED_MinutoB.Aires_Ext_81293f,,,,,
2026-09-12T15:21:06-05:00,PUR_IED_MinutoBAires_A11_1b1604,PUR_IED_MinutoBAires_A11_1b1604,,,,,
2026-09-12T15:21:06-05:00,PUR_IED_MinutoBAires_A12_fb5860,PUR_IED_MinutoBAires_A12_fb5860,,,,,
2026-09-12T15:21:06-05:00,PUR_IED_MinutoBAires_Ext_81293f,PUR_IED_MinutoBAires_Ext_81293f,,,,,
2026-09-12T15:21:06-05:00,PUR_IED_Montreal_Aula10_1e4959,PUR_IED_Montreal_Aula10_1e4959,,,,,
2026-09-12T15:21:06-05:00,PUR_IED_Montreal_Aula6_300367,PUR_IED_Montreal_Aula6_300367,,,,,
2026-09-12T15:21:06-05:00,PUR_IED_Montreal_Exterior_91a179,PUR_IED_Montreal_Exterior_91a179,,,,,
2026-09-12T15:21:06-05:00,PUR_IED_Mqgdalena_B202_5ddda3,PUR_IED_Mqgdalena_B202_5ddda3,,,,,
2026-09-12T15:21:06-05:00,PUR_IED_NACUND_Soc_dc8728,PUR_IED_NACUND_Soc_dc8728,,,,,
2026-09-12T15:21:06-05:00,PUR_IED_NACUND_ext_27ad97,PUR_IED_NACUND_ext_27ad97,,,,,
2026-09-12T15:21:06-05:00,PUR_IED_NEsperanza_Ext_d24b61,PUR_IED_NEsperanza_Ext_d24b61,,,,,
2026-09-12T15:21:06-05:00,PUR_IED_NEsperanza_SElect_7d1807,PUR_IED_NEsperanza_SElect_7d1807,,,,,
2026-09-12T15:21:06-05:00,PUR_IED_NEsperanza_SLabor_8b2d0a,PUR_IED_NEsperanza_SLabor_8b2d0a,,,,,
2026-09-12T15:21:06-05:00,PUR_IED_NacionesU_Ext_f661a9,PUR_IED_NacionesU_Ext_f661a9,,,,,
2026-09-12T15:21:06-05:00,PUR_IED_NacionesU_Quimica_66f0a,PUR_IED_NacionesU_Quimica_66f0a,,,,,
2026-09-12T15:21:06-05:00,PUR_IED_NacionesU_S306_1b4b3d,PUR_IED_NacionesU_S306_1b4b3d,,,,,
2026-09-12T15:21:06-05:00,PUR_IED_NestorFA_Ext_e4201c,PUR_IED_NestorFA_Ext_e4201c,,,,,
2026-09-12T15:21:06-05:00,PUR_IED_NestorFA_Laborato_f22fe0,PUR_IED_NestorFA_Laborato_f22fe0,,,,,
2026-09-12T15:21:06-05:00,PUR_IED_NestorFA_S204_dee996,PUR_IED_NestorFA_S204_dee996,,,,,
2026-09-12T15:21:06-05:00,PUR_IED_NidyaQT_Aula03_76999b,PUR_IED_NidyaQT_Aula03_76999b,,,,,
2026-09-12T15:21:06-05:00,PUR_IED_NidyaQT_Aula10_56325,PUR_IED_NidyaQT_Aula10_56325,,,,,
2026-09-12T15:21:06-05:00,PUR_IED_NidyaQT_Ext_46e32d,PUR_IED_NidyaQT_Ext_46e32d,,,,,
2026-09-12T15:21:06-05:00,PUR_IED_NuevaCol_Exterior_d9b859,PUR_IED_NuevaCol_Exterior_d9b859,,,,,
2026-09-12T15:21:06-05:00,PUR_IED_NuevaCol_S1101_76c43b,PUR_IED_NuevaCol_S1101_76c43b,,,,,
2026-09-12T15:21:06-05:00,PUR_IED_NuevaCol_S1102_1ce0b5,PUR_IED_NuevaCol_S1102_1ce0b5,,,,,
2026-09-12T15:21:06-05:00,PUR_IED_OEA_A202_f7e3f2,PUR_IED_OEA_A202_f7e3f2,,,,,
2026-09-12T15:21:06-05:00,PUR_IED_OEA_A203_7d1b8d,PUR_IED_OEA_A203_7d1b8d,,,,,
2026-09-12T15:21:06-05:00,PUR_IED_OEA_Ext_27b593,PUR_IED_OEA_Ext_27b593,,,,,
2026-09-12T15:21:06-05:00,PUR_IED_Ochoa_Ext_1c29da,PUR_IED_Ochoa_Ext_1c29da,,,,,
2026-09-12T15:21:06-05:00,PUR_IED_Ochoa_S205_8b1121,PUR_IED_Ochoa_S205_8b1121,,,,,
2026-09-12T15:21:06-05:00,PUR_IED_Ochoa_Sistemas_f33af6,PUR_IED_Ochoa_Sistemas_f33af6,,,,,
2026-09-12T15:21:06-05:00,PUR_IED_PQuebec_Ext_1c67c7,PUR_IED_PQuebec_Ext_1c67c7,,,,,
2026-09-12T15:21:06-05:00,PUR_IED_PQuebec_S15_23e8e2,PUR_IED_PQuebec_S15_23e8e2,,,,,
2026-09-12T15:21:06-05:00,PUR_IED_PQuebec_S16_8ec76b,PUR_IED_PQuebec_S16_8ec76b,,,,,
2026-09-12T15:21:06-05:00,PUR_IED_PabloN_Ext_49dc96,PUR_IED_PabloN_Ext_49dc96,,,,,
2026-09-12T15:21:06-05:00,PUR_IED_PabloN_S1102_4e3df5,PUR_IED_PabloN_S1102_4e3df5,,,,,
2026-09-12T15:21:06-05:00,PUR_IED_PabloN_S1103_50c94b,PUR_IED_PabloN_S1103_50c94b,,,,,
2026-09-12T15:21:06-05:00,PUR_IED_Palestina_S1101_db9198,PUR_IED_Palestina_S1101_db9198,,,,,
2026-09-12T15:21:06-05:00,PUR_IED_Palestina_S1102_dc54fa,PUR_IED_Palestina_S1102_dc54fa,,,,,
2026-09-12T15:21:06-05:00,PUR_IED_Palestina_ext_4ccce6,PUR_IED_Palestina_ext_4ccce6,,,,,
2026-09-12T15:21:06-05:00,PUR_IED_Panama_Fisica_4d0794,PUR_IED_Panama_Fisica_4d0794,,,,,
2026-09-12T15:21:06-05:00,PUR_IED_Panama_SIngles_a4077e,PUR_IED_Panama_SIngles_a4077e,,,,,
2026-09-12T15:21:06-05:00,PUR_IED_Panama_ext_4c54b4,PUR_IED_Panama_ext_4c54b4,,,,,
2026-09-12T15:21:06-05:00,PUR_IED_ParaisoM_Exterior_8cd7f0,PUR_IED_ParaisoM_Exterior_8cd7f0,,,,,
2026-09-12T15:21:06-05:00,PUR_IED_ParaisoM_Laborato_27af35,PUR_IED_ParaisoM_Laborato_27af35,,,,,
2026-09-12T15:21:06-05:00,PUR_IED_ParaisoM_S304_d1edca,PUR_IED_ParaisoM_S304_d1edca,,,,,
2026-09-12T15:21:06-05:00,PUR_IED_PorfirioBarba_Ext_301466,PUR_IED_PorfirioBarba_Ext_301466,,,,,
2026-09-12T15:21:06-05:00,PUR_IED_PorfirioBarba_S11_df6cd2,PUR_IED_PorfirioBarba_S11_df6cd2,,,,,
2026-09-12T15:21:06-05:00,PUR_IED_PorfirioBarba_S29_27a7d6,PUR_IED_PorfirioBarba_S29_27a7d6,,,,,
2026-09-12T15:21:06-05:00,PUR_IED_PradoV_Exter_8b27ad,PUR_IED_PradoV_Exter_8b27ad,,,,,
2026-09-12T15:21:06-05:00,PUR_IED_PradoV_S301_de65b5,PUR_IED_PradoV_S301_de65b5,,,,,
2026-09-12T15:21:06-05:00,PUR_IED_PradoV_S302_7d2593,PUR_IED_PradoV_S302_7d2593,,,,,
2026-09-12T15:21:06-05:00,PUR_IED_QuirogaAlz_Ext_1ddc82,PUR_IED_QuirogaAlz_Ext_1ddc82,,,,,
2026-09-12T15:21:06-05:00,PUR_IED_QuirogaAlz_S302_9926a3,PUR_IED_QuirogaAlz_S302_9926a3,,,,,
2026-09-12T15:21:06-05:00,PUR_IED_QuirogaAlz_S305_cdf1f1,PUR_IED_QuirogaAlz_S305_cdf1f1,,,,,
2026-09-12T15:21:06-05:00,PUR_IED_RGuatemala_Biling_dc53b7,PUR_IED_RGuatemala_Biling_dc53b7,,,,,
2026-09-12T15:21:06-05:00,PUR_IED_RGuatemala_Ext_1b89a3,PUR_IED_RGuatemala_Ext_1b89a3,,,,,
2026-09-12T15:21:06-05:00,PUR_IED_RGuatemala_Tecnol_281a34,PUR_IED_RGuatemala_Tecnol_281a34,,,,,
2026-09-12T15:21:06-05:00,PUR_IED_RafaNu_Ext_f7c302,PUR_IED_RafaNu_Ext_f7c302,,,,,
2026-09-12T15:21:06-05:00,PUR_IED_RafaNu_S1101_25fde,PUR_IED_RafaNu_S1101_25fde,,,,,
2026-09-12T15:21:06-05:00,PUR_IED_RafaNu_S1102_281517,PUR_IED_RafaNu_S1102_281517,,,,,
2026-09-12T15:21:06-05:00,PUR_IED_RafaelB_S305_ee2783,PUR_IED_RafaelB_S305_ee2783,,,,,
2026-09-12T15:21:06-05:00,PUR_IED_RafaelB_S306_75fe33,PUR_IED_RafaelB_S306_75fe33,,,,,
2026-09-12T15:21:06-05:00,PUR_IED_RafaelB_ext_283336,PUR_IED_RafaelB_ext_283336,2,20,54,4.6722,-74.0737
2026-09-12T15:21:06-05:00,PUR_IED_RafaelUU_Exterior_281a51,PUR_IED_RafaelUU_Exterior_281a51,,,,,
2026-09-12T15:21:06-05:00,PUR_IED_RafaelUU_Human_806b2,PUR_IED_RafaelUU_Human_806b2,,,,,
2026-09-12T15:21:06-05:00,PUR_IED_RafaelUU_Mate2_5680d4,PUR_IED_RafaelUU_Mate2_5680d4,,,,,
2026-09-12T15:21:06-05:00,PUR_IED_RamonSub_Ext_f9eeb9,PUR_IED_RamonSub_Ext_f9eeb9,,,,,
2026-09-12T15:21:06-05:00,PUR_IED_RamonSub_Media_d1f62f,PUR_IED_RamonSub_Media_d1f62f,,,,,
2026-09-12T15:21:06-05:00,PUR_IED_RamonSub_planta_51b82,PUR_IED_RamonSub_planta_51b82,,,,,
2026-09-12T15:21:06-05:00,PUR_IED_RepBoliVene_Exter_27af7c,PUR_IED_RepBoliVene_Exter_27af7c,,,,,
2026-09-12T15:21:06-05:00,PUR_IED_RepBoliVene_SCPT_5ae2ee,PUR_IED_RepBoliVene_SCPT_5ae2ee,,,,,
2026-09-12T15:21:06-05:00,PUR_IED_RepBoliVene_Socia_4b11d5,PUR_IED_RepBoliVene_Socia_4b11d5,,,,,
2026-09-12T15:21:06-05:00,PUR_IED_RepChina_Ext_76d9ee,PUR_IED_RepChina_Ext_76d9ee,,,,,
2026-09-12T15:21:06-05:00,PUR_IED_RepChina_S404_7c804c,PUR_IED_RepChina_S404_7c804c,,,,,
2026-09-12T15:21:06-05:00,PUR_IED_RepChina_S405_df2c33,PUR_IED_RepChina_S405_df2c33,,,,,
2026-09-12T15:21:06-05:00,PUR_IED_RepublicaC_Exteri_7d1ec9,PUR_IED_RepublicaC_Exteri_7d1ec9,,,,,
2026-09-12T15:21:06-05:00,PUR_IED_RepublicaC_S1101_f544b3,PUR_IED_RepublicaC_S1101_f544b3,,,,,
2026-09-12T15:21:06-05:00,PUR_IED_RepublicaC_S1102_7aafc7,PUR_IED_RepublicaC_S1102_7aafc7,,,,,
2026-09-12T15:21:06-05:00,PUR_IED_Ricaurte_Externo_a0ea1,PUR_IED_Ricaurte_Externo_a0ea1,,,,,
2026-09-12T15:21:06-05:00,PUR_IED_Ricaurte_S210_f546fd,PUR_IED_Ricaurte_S210_f546fd,,,,,
2026-09-12T15:21:06-05:00,PUR_IED_Ricaurte_S309_d4452,PUR_IED_Ricaurte_S309_d4452,,,,,
2026-09-12T15:21:06-05:00,PUR_IED_RogelioS_1102_531e69,PUR_IED_RogelioS_1102_531e69,,,,,
2026-09-12T15:21:06-05:00,PUR_IED_RogelioS_Ext_f25a18,PUR_IED_RogelioS_Ext_f25a18,,,,,
2026-09-12T15:21:06-05:00,PUR_IED_SBernardino_Ext_27aff8,PUR_IED_SBernardino_Ext_27aff8,,,,,
2026-09-12T15:21:06-05:00,PUR_IED_SBernardino_SArte_2ffd33,PUR_IED_SBernardino_SArte_2ffd33,,,,,
2026-09-12T15:21:06-05:00,PUR_IED_SBernardino_SIngl_7c7da5,PUR_IED_SBernardino_SIngl_7c7da5,,,,,
2026-09-12T15:21:06-05:00,PUR_IED_Sago_auditorio_dc9d1d,PUR_IED_Sago_auditorio_dc9d1d,,,,,
2026-09-12T15:21:06-05:00,PUR_IED_Saludcoop_Ext_95aac3,PUR_IED_Saludcoop_Ext_95aac3,,,,,
2026-09-12T15:21:06-05:00,PUR_IED_Saludcoop_InfI_90c854,PUR_IED_Saludcoop_InfI_90c854,,,,,
2026-09-12T15:21:06-05:00,PUR_IED_Saludcoop_SMedia_1b93be,PUR_IED_Saludcoop_SMedia_1b93be,,,,,
2026-09-12T15:21:06-05:00,PUR_IED_SanCarlos_1101_1a2360,PUR_IED_SanCarlos_1101_1a2360,,,,,
2026-09-12T15:21:06-05:00,PUR_IED_SanCarlos_1103_7bafb5,PUR_IED_SanCarlos_1103_7bafb5,,,,,
2026-09-12T15:21:06-05:00,PUR_IED_SanCarlos_Ext_b7cd1,PUR_IED_SanCarlos_Ext_b7cd1,,,,,
2026-09-12T15:21:06-05:00,PUR_IED_SanIgnacioBosa11a_50c26e,PUR_IED_SanIgnacioBosa11a_50c26e,,,,,
2026-09-12T15:21:06-05:00,PUR_IED_SanIgnacioBosa11b_371de8,PUR_IED_SanIgnacioBosa11b_371de8,,,,,
2026-09-12T15:21:06-05:00,PUR_IED_SanIgnacioBosaExt_ef0ffc,PUR_IED_SanIgnacioBosaExt_ef0ffc,,,,,
2026-09-12T15:21:06-05:00,PUR_IED_SanIgnacioBosa_11a_50c26e,PUR_IED_SanIgnacioBosa_11a_50c26e,,,,,
2026-09-12T15:21:06-05:00,PUR_IED_SanIgnacioBosa_Ext_ef0ffc,PUR_IED_SanIgnacioBosa_Ext_ef0ffc,,,,,
2026-09-12T15:21:06-05:00,PUR_IED_SanJoseN_intS1101_31c47f,PUR_IED_SanJoseN_intS1101_31c47f,,,,,
2026-09-12T15:21:06-05:00,PUR_IED_SanJoseUsm_Exter_f5d7e8,PUR_IED_SanJoseUsm_Exter_f5d7e8,,,,,
2026-09-12T15:21:06-05:00,PUR_IED_SanJoseUsm_Int11A_cfdef6,PUR_IED_SanJoseUsm_Int11A_cfdef6,,,,,
2026-09-12T15:21:06-05:00,PUR_IED_SilveriaR_IntB5_905349,PUR_IED_SilveriaR_IntB5_905349,,,,,
2026-09-12T15:21:06-05:00,PUR_IED_SilveriaR_IntSD14_981f93,PUR_IED_SilveriaR_IntSD14_981f93,,,,,
2026-09-12T15:21:06-05:00,PUR_IED_SilveriaR_ext_2b651d,PUR_IED_SilveriaR_ext_2b651d,,,,,
2026-09-12T15:21:06-05:00,PUR_IED_SimonB_Exterior_913975,PUR_IED_SimonB_Exterior_913975,,,,,
2026-09-12T15:21:06-05:00,PUR_IED_SimonB_LabQuimi_c56908,PUR_IED_SimonB_LabQuimi_c56908,,,,,
2026-09-12T15:21:06-05:00,PUR_IED_SimonB_informatic_a28c1,PUR_IED_SimonB_informatic_a28c1,,,,,
2026-09-12T15:21:06-05:00,PUR_IED_Sorrento_1102_315f50,PUR_IED_Sorrento_1102_315f50,,,,,
2026-09-12T15:21:06-05:00,PUR_IED_Sorrento_Minte_214eab,PUR_IED_Sorrento_Minte_214eab,,,,,
2026-09-12T15:21:06-05:00,PUR_IED_Sorrento_ext_7c3a0a,PUR_IED_Sorrento_ext_7c3a0a,,,,,
2026-09-12T15:21:06-05:00,PUR_IED_Tabora_Ext_f048ae,PUR_IED_Tabora_Ext_f048ae,,,,,
2026-09-12T15:21:06-05:00,PUR_IED_Tabora_S1102_b07752,PUR_IED_Tabora_S1102_b07752,,,,,
2026-09-12T15:21:06-05:00,PUR_IED_Tabora_S1103_d988f5,PUR_IED_Tabora_S1103_d988f5,,,,,
2026-09-12T15:21:06-05:00,PUR_IED_Tenerife_Ext_1ab188,PUR_IED_Tenerife_Ext_1ab188,,,,,
2026-09-12T15:21:06-05:00,PUR_IED_Tenerife_SDanzas_7bc02e,PUR_IED_Tenerife_SDanzas_7bc02e,,,,,
2026-09-12T15:21:06-05:00,PUR_IED_Tenerife_SIngles_7cc277,PUR_IED_Tenerife_SIngles_7cc277,,,,,
2026-09-12T15:21:06-05:00,PUR_IED_Tibabuyes_Exter_f2683d,PUR_IED_Tibabuyes_Exter_f2683d,,,,,
2026-09-12T15:21:06-05:00,PUR_IED_Tibabuyes_S10_dc87a8,PUR_IED_Tibabuyes_S10_dc87a8,,,,,
2026-09-12T15:21:06-05:00,PUR_IED_Tibabuyes_S15_dc0526,PUR_IED_Tibabuyes_S15_dc0526,,,,,
2026-09-12T15:21:06-05:00,PUR_IED_UnionE_S301_a1043,PUR_IED_UnionE_S301_a1043,,,,,
2026-09-12T15:21:06-05:00,PUR_IED_UnionE_S307_ff6c2f,PUR_IED_UnionE_S307_ff6c2f,,,,,
2026-09-12T15:21:06-05:00,PUR_IED_UnionE__Ext_5e2468,PUR_IED_UnionE__Ext_5e2468,,,,,
2026-09-12T15:21:06-05:00,PUR_IED_VillaRica_Ext_75be7c,PUR_IED_VillaRica_Ext_75be7c,,,,,
2026-09-12T15:21:06-05:00,PUR_IED_VillaRica_S4_cc5dcd,PUR_IED_VillaRica_S4_cc5dcd,,,,,
2026-09-12T15:21:06-05:00,PUR_IED_VillaRica_Sesp_99f5c,PUR_IED_VillaRica_Sesp_99f5c,,,,,
2026-09-12T15:26:09-05:00,PUR_IED_20deJulio_1101_91b1b9,PUR_IED_20deJulio_1101_91b1b9,,,,,
2026-09-12T15:26:09-05:00,PUR_IED_20deJulio_1102_1cfcf9,PUR_IED_20deJulio_1102_1cfcf9,,,,,
2026-09-12T15:26:09-05:00,PUR_IED_20deJulio_Ext_ab60bd,PUR_IED_20deJulio_Ext_ab60bd,,,,,
2026-09-12T15:26:09-05:00,PUR_IED_AgustinFer_Ext_7b9b77,PUR_IED_AgustinFer_Ext_7b9b77,,,,,
2026-09-12T15:26:09-05:00,PUR_IED_AgustinFer_Info2_27b3a7,PUR_IED_AgustinFer_Info2_27b3a7,,,,,
2026-09-12T15:26:09-05:00,PUR_IED_AgustinFer_Sena_54b4eb,PUR_IED_AgustinFer_Sena_54b4eb,,,,,
2026-09-12T15:26:09-05:00,PUR_IED_AlexanderF_1102_caf07b,PUR_IED_AlexanderF_1102_caf07b,,,,,
2026-09-12T15:26:09-05:00,PUR_IED_AlexanderF_1103_c79e71,PUR_IED_AlexanderF_1103_c79e71,,,,,
2026-09-12T15:26:09-05:00,PUR_IED_AlexanderF_Ext_c5b18b,PUR_IED_AlexanderF_Ext_c5b18b,,,,,
2026-09-12T15:26:09-05:00,PUR_IED_AlfonsoLopez_Ext_281d77,PUR_IED_AlfonsoLopez_Ext_281d77,,,,,
2026-09-12T15:26:09-05:00,PUR_IED_AlfonsoLopez_LabF_888ce0,PUR_IED_AlfonsoLopez_LabF_888ce0,,,,,
2026-09-12T15:26:09-05:00,PUR_IED_AlfonsoLopez_SMed_df6a7f,PUR_IED_AlfonsoLopez_SMed_df6a7f,,,,,
2026-09-12T15:26:09-05:00,PUR_IED_AltamiraSO_A2_209f92,PUR_IED_AltamiraSO_A2_209f92,,,,,
2026-09-12T15:26:09-05:00,PUR_IED_AltamiraSO_Ext_186d66,PUR_IED_AltamiraSO_Ext_186d66,,,,,
2026-09-12T15:26:09-05:00,PUR_IED_AltamiraSO_Sistem_27afe1,PUR_IED_AltamiraSO_Sistem_27afe1,,,,,
2026-09-12T15:26:09-05:00,PUR_IED_AlvaroGom_LabQuim_813179,PUR_IED_AlvaroGom_LabQuim_813179,,,,,
2026-09-12T15:26:09-05:00,PUR_IED_AlvaroGomez_Ext_47c7ca,PUR_IED_AlvaroGomez_Ext_47c7ca,,,,,
2026-09-12T15:26:09-05:00,PUR_IED_AlvaroGomez_LabQuim_813179,PUR_IED_AlvaroGomez_LabQuim_813179,,,,,
2026-09-12T15:26:09-05:00,PUR_IED_AlvaroGomez_S23_7ba89f,PUR_IED_AlvaroGomez_S23_7ba89f,,,,,
2026-09-12T15:26:09-05:00,PUR_IED_Amistad_306_dc8728,PUR_IED_Amistad_306_dc8728,,,,,
2026-09-12T15:26:09-05:00,PUR_IED_Amistad_Ext_8cd55e,PUR_IED_Amistad_Ext_8cd55e,,,,,
2026-09-12T15:26:09-05:00,PUR_IED_Amistad_S202_a41169,PUR_IED_Amistad_S202_a41169,,,,,
2026-09-12T15:26:09-05:00,PUR_IED_AndresBello_Bio_fd5f5e,PUR_IED_AndresBello_Bio_fd5f5e,,,,,
2026-09-12T15:26:09-05:00,PUR_IED_AndresBello_ext_dcad65,PUR_IED_AndresBello_ext_dcad65,,,,,
2026-09-12T15:26:09-05:00,PUR_IED_AndresBello_port_eed3ec,PUR_IED_AndresBello_port_eed3ec,,,,,
2026-09-12T15:26:09-05:00,PUR_IED_AngelaR_11b_d90a6b,PUR_IED_AngelaR_11b_d90a6b,,,,,
2026-09-12T15:26:09-05:00,PUR_IED_AngelaR_ext_7cad3e,PUR_IED_AngelaR_ext_7cad3e,,,,,
2026-09-12T15:26:09-05:00,PUR_IED_AntJoseSucre_10mo_df2575,PUR_IED_AntJoseSucre_10mo_df2575,,,,,
2026-09-12T15:26:09-05:00,PUR_IED_AntJoseSucre_Ext_215b36,PUR_IED_AntJoseSucre_Ext_215b36,,,,,
2026-09-12T15:26:09-05:00,PUR_IED_AntJoseSucre_Lab_3139de,PUR_IED_AntJoseSucre_Lab_3139de,,,,,
2026-09-12T15:26:09-05:00,PUR_IED_AntonioGarcia_301_d6b188,PUR_IED_AntonioGarcia_301_d6b188,,,,,
2026-09-12T15:26:09-05:00,PUR_IED_AntonioGarcia_302_88a82,PUR_IED_AntonioGarcia_302_88a82,,,,,
2026-09-12T15:26:09-05:00,PUR_IED_AntonioGarcia_Ext_20950c,PUR_IED_AntonioGarcia_Ext_20950c,,,,,
2026-09-12T15:26:09-05:00,PUR_IED_AntonioVan_Aula2_6dea02,PUR_IED_AntonioVan_Aula2_6dea02,,,,,
2026-09-12T15:26:09-05:00,PUR_IED_AntonioVan_Aula5_f1557e,PUR_IED_AntonioVan_Aula5_f1557e,,,,,
2026-09-12T15:26:09-05:00,PUR_IED_AntonioVan_Ext_406f2f,PUR_IED_AntonioVan_Ext_406f2f,,,,,
2026-09-12T15:26:09-05:00,PUR_IED_Atabanzha_Ext_cc5af9,PUR_IED_Atabanzha_Ext_cc5af9,,,,,
2026-09-12T15:26:09-05:00,PUR_IED_Atabanzha_SA101_56c37,PUR_IED_Atabanzha_SA101_56c37,,,,,
2026-09-12T15:26:09-05:00,PUR_IED_Atabanzha_SB302_27b374,PUR_IED_Atabanzha_SB302_27b374,,,,,
2026-09-12T15:26:09-05:00,PUR_IED_Atahualpa_Ext_fc1748,PUR_IED_Atahualpa_Ext_fc1748,,,,,
2026-09-12T15:26:09-05:00,PUR_IED_Atahualpa_Informa_dc9a95,PUR_IED_Atahualpa_Informa_dc9a95,,,,,
2026-09-12T15:26:09-05:00,PUR_IED_Atahualpa_S1101_f98056,PUR_IED_Atahualpa_S1101_f98056,,,,,
2026-09-12T15:26:09-05:00,PUR_IED_Bellavista_Ext_f5aa74,PUR_IED_Bellavista_Ext_f5aa74,,,,,
2026-09-12T15:26:09-05:00,PUR_IED_Bilbao_11A_916c41,PUR_IED_Bilbao_11A_916c41,,,,,
2026-09-12T15:26:09-05:00,PUR_IED_Bilbao_Ext_fb579a,PUR_IED_Bilbao_Ext_fb579a,,,,,
2026-09-12T15:26:09-05:00,PUR_IED_BrasiliaU_A125_304280,PUR_IED_BrasiliaU_A125_304280,,,,,
2026-09-12T15:26:09-05:00,PUR_IED_BrasiliaU_A203_7c8ca5,PUR_IED_BrasiliaU_A203_7c8ca5,,,,,
2026-09-12T15:26:09-05:00,PUR_IED_BrasiliaU_Ext_8d6e9f,PUR_IED_BrasiliaU_Ext_8d6e9f,3,20,53,4.5175,-74.116302
2026-09-12T15:26:09-05:00,PUR_IED_Brasilia_Ext_fe6593,PUR_IED_Brasilia_Ext_fe6593,,,,,
2026-09-12T15:26:09-05:00,PUR_IED_Brasilia_S24_7c130d,PUR_IED_Brasilia_S24_7c130d,,,,,
2026-09-12T15:26:09-05:00,PUR_IED_Brasilia_S501_186a54,PUR_IED_Brasilia_S501_186a54,,,,,
2026-09-12T15:26:09-05:00,PUR_IED_CHARRY_EXT_f1d5cd,PUR_IED_CHARRY_EXT_f1d5cd,,,,,
2026-09-12T15:26:09-05:00,PUR_IED_CHARRY_INTDANZAS_7a08e6,PUR_IED_CHARRY_INTDANZAS_7a08e6,,,,,
2026-09-12T15:26:09-05:00,PUR_IED_CHARRY_INT_AULA20_dc998d,PUR_IED_CHARRY_INT_AULA20_dc998d,,,,,
2026-09-12T15:26:09-05:00,PUR_IED_COLVIV_1101_S25_7f520a,PUR_IED_COLVIV_1101_S25_7f520a,,,,,
2026-09-12T15:26:09-05:00,PUR_IED_COLVIV_1102_S16_f570ba,PUR_IED_COLVIV_1102_S16_f570ba,,,,,
2026-09-12T15:26:09-05:00,PUR_IED_COLVIV_Ext_1a26fa,PUR_IED_COLVIV_Ext_1a26fa,,,,,
2026-09-12T15:26:09-05:00,PUR_IED_CULPOP_301A_f660f3,PUR_IED_CULPOP_301A_f660f3,,,,,
2026-09-12T15:26:09-05:00,PUR_IED_CULPOP_303_568afe,PUR_IED_CULPOP_303_568afe,,,,,
2026-09-12T15:26:09-05:00,PUR_IED_CULPOP_Ext_e02ccb,PUR_IED_CULPOP_Ext_e02ccb,,,,,
2026-09-12T15:26:09-05:00,PUR_IED_CVillavicen_Ext_26eb58,PUR_IED_CVillavicen_Ext_26eb58,4,17,71,4.487,-74.102798
2026-09-12T15:26:09-05:00,PUR_IED_CVillavicen_Intel_1ce5c2,PUR_IED_CVillavicen_Intel_1ce5c2,,,,,
2026-09-12T15:26:09-05:00,PUR_IED_CVillavicen_Poliv_e0766c,PUR_IED_CVillavicen_Poliv_e0766c,,,,,
2026-09-12T15:26:09-05:00,PUR_IED_CVillavicen_int_1ba140,PUR_IED_CVillavicen_int_1ba140,,,,,
2026-09-12T15:26:09-05:00,PUR_IED_CVillavicen_intel_1ba140,PUR_IED_CVillavicen_intel_1ba140,,,,,
2026-09-12T15:26:09-05:00,PUR_IED_CarlosPizarro_Ext_e307cc,PUR_IED_CarlosPizarro_Ext_e307cc,,,,,
2026-09-12T15:26:09-05:00,PUR_IED_CarlosPizarro_L36_7e5cdb,PUR_IED_CarlosPizarro_L36_7e5cdb,,,,,
2026-09-12T15:26:09-05:00,PUR_IED_CarlosPizarro_L37_c8566c,PUR_IED_CarlosPizarro_L37_c8566c,,,,,
2026-09-12T15:26:09-05:00,PUR_IED_Castilla_Ext_cf35f,PUR_IED_Castilla_Ext_cf35f,,,,,
2026-09-12T15:26:09-05:00,PUR_IED_Castilla_SFisik_360e38,PUR_IED_Castilla_SFisik_360e38,,,,,
2026-09-12T15:26:09-05:00,PUR_IED_Castilla_Sc304_496fbf,PUR_IED_Castilla_Sc304_496fbf,,,,,
2026-09-12T15:26:09-05:00,PUR_IED_CervantesSa_Ext_6b57b,PUR_IED_CervantesSa_Ext_6b57b,2,20,59,4.5128,-74.117203
2026-09-12T15:26:09-05:00,PUR_IED_CervantesSa_S107_225c2b,PUR_IED_CervantesSa_S107_225c2b,,,,,
2026-09-12T15:26:09-05:00,PUR_IED_CervantesSa_S108_940925,PUR_IED_CervantesSa_S108_940925,,,,,
2026-09-12T15:26:09-05:00,PUR_IED_Charry_A20_f53e7c,PUR_IED_Charry_A20_f53e7c,,,,,
2026-09-12T15:26:09-05:00,PUR_IED_Charry_Ext_f1d5cd,PUR_IED_Charry_Ext_f1d5cd,,,,,
2026-09-12T15:26:09-05:00,PUR_IED_Charry_IntAula20_dc998d,PUR_IED_Charry_IntAula20_dc998d,,,,,
2026-09-12T15:26:09-05:00,PUR_IED_Charry_IntDanzas_7a08e6,PUR_IED_Charry_IntDanzas_7a08e6,,,,,
2026-09-12T15:26:09-05:00,PUR_IED_ClememciaC_203_43e2fc,PUR_IED_ClememciaC_203_43e2fc,,,,,
2026-09-12T15:26:09-05:00,PUR_IED_ClememciaC_Ext_1b411a,PUR_IED_ClememciaC_Ext_1b411a,,,,,
2026-09-12T15:26:09-05:00,PUR_IED_ClememciaC_Quimic_44b5fc,PUR_IED_ClememciaC_Quimic_44b5fc,,,,,
2026-09-12T15:26:09-05:00,PUR_IED_ClemenciaC_203_43e2fc,PUR_IED_ClemenciaC_203_43e2fc,,,,,
2026-09-12T15:26:09-05:00,PUR_IED_ClemenciaC_Ext_1b411a,PUR_IED_ClemenciaC_Ext_1b411a,,,,,
2026-09-12T15:26:09-05:00,PUR_IED_ClemenciaC_Quimic_44b5fc,PUR_IED_ClemenciaC_Quimic_44b5fc,,,,,
2026-09-12T15:26:09-05:00,PUR_IED_ColViva_1101_S25_7f520a,PUR_IED_ColViva_1101_S25_7f520a,,,,,
2026-09-12T15:26:09-05:00,PUR_IED_ColViva_1102_S16_f570ba,PUR_IED_ColViva_1102_S16_f570ba,,,,,
2026-09-12T15:26:09-05:00,PUR_IED_ColViva_Ext_1a26fa,PUR_IED_ColViva_Ext_1a26fa,,,,,
2026-09-12T15:26:09-05:00,PUR_IED_ColegioBici_Asist_7c8798,PUR_IED_ColegioBici_Asist_7c8798,,,,,
2026-09-12T15:26:09-05:00,PUR_IED_ColegioBici_Ext_25cbf6,PUR_IED_ColegioBici_Ext_25cbf6,,,,,
2026-09-12T15:26:09-05:00,PUR_IED_ColegioBici_LabQ_7b57db,PUR_IED_ColegioBici_LabQ_7b57db,,,,,
2026-09-12T15:26:09-05:00,PUR_IED_CostaRica_Ext_5e640,PUR_IED_CostaRica_Ext_5e640,,,,,
2026-09-12T15:26:09-05:00,PUR_IED_CostaRica_Quim1_766d1c,PUR_IED_CostaRica_Quim1_766d1c,,,,,
2026-09-12T15:26:09-05:00,PUR_IED_CostaRica__Fisica_6f0873,PUR_IED_CostaRica__Fisica_6f0873,,,,,
2026-09-12T15:26:09-05:00,PUR_IED_CulPopu_301A_f660f3,PUR_IED_CulPopu_301A_f660f3,,,,,
2026-09-12T15:26:09-05:00,PUR_IED_CulPopu_303_568afe,PUR_IED_CulPopu_303_568afe,,,,,
2026-09-12T15:26:09-05:00,PUR_IED_CulPopu_Ext_e02ccb,PUR_IED_CulPopu_Ext_e02ccb,,,,,
2026-09-12T15:26:09-05:00,PUR_IED_Cundinamarca_Ext_f15985,PUR_IED_Cundinamarca_Ext_f15985,,,,,
2026-09-12T15:26:09-05:00,PUR_IED_Cundinamarca_Info_7aa5d7,PUR_IED_Cundinamarca_Info_7aa5d7,,,,,
2026-09-12T15:26:09-05:00,PUR_IED_Cundinamarca_Tec2_f449c7,PUR_IED_Cundinamarca_Tec2_f449c7,,,,,
2026-09-12T15:26:09-05:00,PUR_IED_DiegoM_Aula1_27b314,PUR_IED_DiegoM_Aula1_27b314,,,,,
2026-09-12T15:26:09-05:00,PUR_IED_DiegoM_Ext_d80ac8,PUR_IED_DiegoM_Ext_d80ac8,,,,,
2026-09-12T15:26:09-05:00,PUR_IED_DiegoM_S25_da928f,PUR_IED_DiegoM_S25_da928f,,,,,
2026-09-12T15:26:09-05:00,PUR_IED_ELRODEO_360881,PUR_IED_ELRODEO_360881,,,,,
2026-09-12T15:26:09-05:00,PUR_IED_ELRODEO_ext_360881,PUR_IED_ELRODEO_ext_360881,,,,,
2026-09-12T15:26:09-05:00,PUR_IED_EduardoU_Ext_1c1969,PUR_IED_EduardoU_Ext_1c1969,,,,,
2026-09-12T15:26:09-05:00,PUR_IED_EduardoU_SCiencia_4dfb94,PUR_IED_EduardoU_SCiencia_4dfb94,,,,,
2026-09-12T15:26:09-05:00,PUR_IED_EduardoU_SQuimica_5a46e7,PUR_IED_EduardoU_SQuimica_5a46e7,,,,,
2026-09-12T15:26:09-05:00,PUR_IED_ElRodeo_Aula14_676984,PUR_IED_ElRodeo_Aula14_676984,,,,,
2026-09-12T15:26:09-05:00,PUR_IED_ElRodeo_Aula16_2dd35b,PUR_IED_ElRodeo_Aula16_2dd35b,,,,,
2026-09-12T15:26:09-05:00,PUR_IED_ElRodeo_Ext_360881,PUR_IED_ElRodeo_Ext_360881,,,,,
2026-09-12T15:26:09-05:00,PUR_IED_ElRodeo_Exterior_8c6d28,PUR_IED_ElRodeo_Exterior_8c6d28,,,,,
2026-09-12T15:26:09-05:00,PUR_IED_ElRodeo_ext_360881,PUR_IED_ElRodeo_ext_360881,,,,,
2026-09-12T15:26:09-05:00,PUR_IED_EmmaReyes_Ext_987625,PUR_IED_EmmaReyes_Ext_987625,4,22,48,4.6367,-74.1511
2026-09-12T15:26:09-05:00,PUR_IED_Ensueño_Ext_7f0250,PUR_IED_Ensueño_Ext_7f0250,,,,,
2026-09-12T15:26:09-05:00,PUR_IED_EscNormal_Ext_5fef3b,PUR_IED_EscNormal_Ext_5fef3b,2,21,54,4.5852,-74.096901
2026-09-12T15:26:09-05:00,PUR_IED_EscNormal_S309_5b263,PUR_IED_EscNormal_S309_5b263,,,,,
2026-09-12T15:26:09-05:00,PUR_IED_EscNormal_S310_27b3b8,PUR_IED_EscNormal_S310_27b3b8,,,,,
2026-09-12T15:26:09-05:00,PUR_IED_Evangelista_Conta_f6cd4f,PUR_IED_Evangelista_Conta_f6cd4f,,,,,
2026-09-12T15:26:09-05:00,PUR_IED_Evangelista_Cri_5e16a,PUR_IED_Evangelista_Cri_5e16a,,,,,
2026-09-12T15:26:09-05:00,PUR_IED_Evangelista_Exter_754066,PUR_IED_Evangelista_Exter_754066,,,,,
2026-09-12T15:26:09-05:00,PUR_IED_FMiranda_S209_5cc2a3,PUR_IED_FMiranda_S209_5cc2a3,,,,,
2026-09-12T15:26:09-05:00,PUR_IED_FMiranda_S303_19e344,PUR_IED_FMiranda_S303_19e344,,,,,
2026-09-12T15:26:09-05:00,PUR_IED_FMiranda_ext_f53e7c,PUR_IED_FMiranda_ext_f53e7c,,,,,
2026-09-12T15:26:09-05:00,PUR_IED_FabioLozano_Bibli_1cee05,PUR_IED_FabioLozano_Bibli_1cee05,,,,,
2026-09-12T15:26:09-05:00,PUR_IED_FabioLozano_Ext_6ea285,PUR_IED_FabioLozano_Ext_6ea285,,,,,
2026-09-12T15:26:09-05:00,PUR_IED_FabioLozano_SLudi_f09e1e,PUR_IED_FabioLozano_SLudi_f09e1e,,,,,
2026-09-12T15:26:09-05:00,PUR_IED_FaustinoS_Aula07_27a731,PUR_IED_FaustinoS_Aula07_27a731,,,,,
2026-09-12T15:26:09-05:00,PUR_IED_FaustinoS_Ext_7b936f,PUR_IED_FaustinoS_Ext_7b936f,,,,,
2026-09-12T15:26:09-05:00,PUR_IED_FaustinoS_Fisica_da2c60,PUR_IED_FaustinoS_Fisica_da2c60,,,,,
2026-09-12T15:26:09-05:00,PUR_IED_FeGarciaLo_Ext_dc68ee,PUR_IED_FeGarciaLo_Ext_dc68ee,,,,,
2026-09-12T15:26:09-05:00,PUR_IED_FeGarciaLo_SDanza_f70a59,PUR_IED_FeGarciaLo_SDanza_f70a59,,,,,
2026-09-12T15:26:09-05:00,PUR_IED_FeGarciaLo_SMusic_125cdd,PUR_IED_FeGarciaLo_SMusic_125cdd,,,,,
2026-09-12T15:26:09-05:00,PUR_IED_FederalAlema_Exte_50c345,PUR_IED_FederalAlema_Exte_50c345,,,,,
2026-09-12T15:26:09-05:00,PUR_IED_FederalAlema_S31_f18371,PUR_IED_FederalAlema_S31_f18371,,,,,
2026-09-12T15:26:09-05:00,PUR_IED_FederalAlema_S901_a62cd,PUR_IED_FederalAlema_S901_a62cd,,,,,
2026-09-12T15:26:09-05:00,PUR_IED_FilarmonicaS_A5_f35eb1,PUR_IED_FilarmonicaS_A5_f35eb1,,,,,
2026-09-12T15:26:09-05:00,PUR_IED_FilarmonicaS_Ext_8a3bde,PUR_IED_FilarmonicaS_Ext_8a3bde,,,,,
2026-09-12T15:26:09-05:00,PUR_IED_FilarmonicaS_Spol_406114,PUR_IED_FilarmonicaS_Spol_406114,,,,,
2026-09-12T15:26:09-05:00,PUR_IED_FlorentinoG_A13_d1fa59,PUR_IED_FlorentinoG_A13_d1fa59,,,,,
2026-09-12T15:26:09-05:00,PUR_IED_FlorentinoG_Ext_1ce6ce,PUR_IED_FlorentinoG_Ext_1ce6ce,,,,,
2026-09-12T15:26:09-05:00,PUR_IED_FlorentinoG_Idiom_a66aac,PUR_IED_FlorentinoG_Idiom_a66aac,,,,,
2026-09-12T15:26:09-05:00,PUR_IED_FranciscoMati_Ext_e3869d,PUR_IED_FranciscoMati_Ext_e3869d,,,,,
2026-09-12T15:26:09-05:00,PUR_IED_FranciscoMati_S13_f31c67,PUR_IED_FranciscoMati_S13_f31c67,,,,,
2026-09-12T15:26:09-05:00,PUR_IED_FranciscoMati_S14_97dead,PUR_IED_FranciscoMati_S14_97dead,,,,,
2026-09-12T15:26:09-05:00,PUR_IED_FranciscoPS_Ext_7bfa9a,PUR_IED_FranciscoPS_Ext_7bfa9a,2,22,54,4.5899,-74.110397
2026-09-12T15:26:09-05:00,PUR_IED_FranciscoPS_Infor_fb8f4c,PUR_IED_FranciscoPS_Infor_fb8f4c,,,,,
2026-09-12T15:26:09-05:00,PUR_IED_FranciscoPS_Quimi_94d39c,PUR_IED_FranciscoPS_Quimi_94d39c,,,,,
2026-09-12T15:26:09-05:00,PUR_IED_FranciscoP_LabQ_d7e148,PUR_IED_FranciscoP_LabQ_d7e148,,,,,
2026-09-12T15:26:09-05:00,PUR_IED_FranciscoP_S28_cf9b30,PUR_IED_FranciscoP_S28_cf9b30,,,,,
2026-09-12T15:26:09-05:00,PUR_IED_FranciscoP_ext_e2313,PUR_IED_FranciscoP_ext_e2313,,,,,
2026-09-12T15:26:09-05:00,PUR_IED_FriederichN_Ext_8ac92a,PUR_IED_FriederichN_Ext_8ac92a,,,,,
2026-09-12T15:26:09-05:00,PUR_IED_FriederichN_S301_dd7e5a,PUR_IED_FriederichN_S301_dd7e5a,,,,,
2026-09-12T15:26:09-05:00,PUR_IED_FriederichN_S308_761f4f,PUR_IED_FriederichN_S308_761f4f,,,,,
2026-09-12T15:26:09-05:00,PUR_IED_GSantander_Aula10_533dd7,PUR_IED_GSantander_Aula10_533dd7,,,,,
2026-09-12T15:26:09-05:00,PUR_IED_GSantander_Aula12_fd4e4f,PUR_IED_GSantander_Aula12_fd4e4f,,,,,
2026-09-12T15:26:09-05:00,PUR_IED_GSantander_Aula310_533dd7,PUR_IED_GSantander_Aula310_533dd7,,,,,
2026-09-12T15:26:09-05:00,PUR_IED_GSantander_Aula312_fd4e4f,PUR_IED_GSantander_Aula312_fd4e4f,,,,,
2026-09-12T15:26:09-05:00,PUR_IED_GSantander_Ext_5f66b0,PUR_IED_GSantander_Ext_5f66b0,,,,,
2026-09-12T15:26:09-05:00,PUR_IED_GYomasa_Ext_f6bea5,PUR_IED_GYomasa_Ext_f6bea5,,,,,
2026-09-12T15:26:09-05:00,PUR_IED_GYomasa_LBiol_2c41aa,PUR_IED_GYomasa_LBiol_2c41aa,,,,,
2026-09-12T15:26:09-05:00,PUR_IED_GYomasa_LQuim_33c80,PUR_IED_GYomasa_LQuim_33c80,,,,,
2026-09-12T15:26:09-05:00,PUR_IED_GabBetMejia_Cienc_5a99c,PUR_IED_GabBetMejia_Cienc_5a99c,,,,,
2026-09-12T15:26:09-05:00,PUR_IED_GabBetMejia_Ext_9153d0,PUR_IED_GabBetMejia_Ext_9153d0,,,,,
2026-09-12T15:26:09-05:00,PUR_IED_GabBetMejia_Lab_f55347,PUR_IED_GabBetMejia_Lab_f55347,,,,,
2026-09-12T15:26:09-05:00,PUR_IED_GabBetanMejia_Ext_9153d0,PUR_IED_GabBetanMejia_Ext_9153d0,,,,,
2026-09-12T15:26:09-05:00,PUR_IED_Gaitana_Aula13_7aac11,PUR_IED_Gaitana_Aula13_7aac11,,,,,
2026-09-12T15:26:09-05:00,PUR_IED_Gaitana_Ext_5fcf4,PUR_IED_Gaitana_Ext_5fcf4,,,,,
2026-09-12T15:26:09-05:00,PUR_IED_Gaitana_LabFisica_644448,PUR_IED_Gaitana_LabFisica_644448,,,,,
2026-09-12T15:26:09-05:00,PUR_IED_GenSantander_Dise_8ac858,PUR_IED_GenSantander_Dise_8ac858,,,,,
2026-09-12T15:26:09-05:00,PUR_IED_GenSantander_Ext_8d5dfe,PUR_IED_GenSantander_Ext_8d5dfe,,,,,
2026-09-12T15:26:09-05:00,PUR_IED_GenSantander_Info_6c25b,PUR_IED_GenSantander_Info_6c25b,,,,,
2026-09-12T15:26:09-05:00,PUR_IED_GustavoMo_Exterio_75e63d,PUR_IED_GustavoMo_Exterio_75e63d,,,,,
2026-09-12T15:26:09-05:00,PUR_IED_GustavoMo_LabFisi_224d37,PUR_IED_GustavoMo_LabFisi_224d37,,,,,
2026-09-12T15:26:09-05:00,PUR_IED_GustavoMo_S208_3e6918,PUR_IED_GustavoMo_S208_3e6918,,,,,
2026-09-12T15:26:09-05:00,PUR_IED_GustavoR_A02_8cd4a8,PUR_IED_GustavoR_A02_8cd4a8,,,,,
2026-09-12T15:26:09-05:00,PUR_IED_GustavoR_B11_5b0ed,PUR_IED_GustavoR_B11_5b0ed,,,,,
2026-09-12T15:26:09-05:00,PUR_IED_GustavoR_Ext_7a0c90,PUR_IED_GustavoR_Ext_7a0c90,,,,,
2026-09-12T15:26:09-05:00,PUR_IED_HernandoDuran_Ext_8cd82b,PUR_IED_HernandoDuran_Ext_8cd82b,,,,,
2026-09-12T15:26:09-05:00,PUR_IED_HernandoDuran_S24_2772c6,PUR_IED_HernandoDuran_S24_2772c6,,,,,
2026-09-12T15:26:09-05:00,PUR_IED_HernandoDuran_S30_f2de41,PUR_IED_HernandoDuran_S30_f2de41,,,,,
2026-09-12T15:26:09-05:00,PUR_IED_HolguInUr_S1101_8cd732,PUR_IED_HolguInUr_S1101_8cd732,,,,,
2026-09-12T15:26:09-05:00,PUR_IED_HolguinUr_Exter_ddae6d,PUR_IED_HolguinUr_Exter_ddae6d,,,,,
2026-09-12T15:26:09-05:00,PUR_IED_HolguinUr_LabQuim_92b952,PUR_IED_HolguinUr_LabQuim_92b952,,,,,
2026-09-12T15:26:09-05:00,PUR_IED_Isabel-II_Ext_5245cc,PUR_IED_Isabel-II_Ext_5245cc,2,20,53,4.6336,-74.153
2026-09-12T15:26:09-05:00,PUR_IED_Isabel-II_S_idiom_1c29aa,PUR_IED_Isabel-II_S_idiom_1c29aa,,,,,
2026-09-12T15:26:09-05:00,PUR_IED_Isabel-II_S_infor_fd741,PUR_IED_Isabel-II_S_infor_fd741,,,,,
2026-09-12T15:26:09-05:00,PUR_IED_IsidroSur_Exterio_5b90ea,PUR_IED_IsidroSur_Exterio_5b90ea,,,,,
2026-09-12T15:26:09-05:00,PUR_IED_IsidroSur_LabTec_56697a,PUR_IED_IsidroSur_LabTec_56697a,,,,,
2026-09-12T15:26:09-05:00,PUR_IED_IsidroSur_Robotic_b7c38f,PUR_IED_IsidroSur_Robotic_b7c38f,,,,,
2026-09-12T15:26:09-05:00,PUR_IED_IsmaelPerd_Ext_7b6672,PUR_IED_IsmaelPerd_Ext_7b6672,,,,,
2026-09-12T15:26:09-05:00,PUR_IED_IsmaelPerd_Inform_306540,PUR_IED_IsmaelPerd_Inform_306540,,,,,
2026-09-12T15:26:09-05:00,PUR_IED_IsmaelPerd_S30_2e2c83,PUR_IED_IsmaelPerd_S30_2e2c83,,,,,
2026-09-12T15:26:09-05:00,PUR_IED_JLozano_Exter_432910,PUR_IED_JLozano_Exter_432910,,,,,
2026-09-12T15:26:09-05:00,PUR_IED_JLozano_salaMulti_df5125,PUR_IED_JLozano_salaMulti_df5125,,,,,
2026-09-12T15:26:09-05:00,PUR_IED_JMCordoba_206_86f80b,PUR_IED_JMCordoba_206_86f80b,,,,,
2026-09-12T15:26:09-05:00,PUR_IED_JMCordoba_Ext_27ad97,PUR_IED_JMCordoba_Ext_27ad97,,,,,
2026-09-12T15:26:09-05:00,PUR_IED_JMCordoba_S310_d59ab4,PUR_IED_JMCordoba_S310_d59ab4,,,,,
2026-09-12T15:26:09-05:00,PUR_IED_Japon_Ext_549100,PUR_IED_Japon_Ext_549100,,,,,
2026-09-12T15:26:09-05:00,PUR_IED_Japon_Laboratorio_bec51d,PUR_IED_Japon_Laboratorio_bec51d,,,,,
2026-09-12T15:26:09-05:00,PUR_IED_Japon_informatica_d99327,PUR_IED_Japon_informatica_d99327,,,,,
2026-09-12T15:26:09-05:00,PUR_IED_Jazmin_Ext_d27bda,PUR_IED_Jazmin_Ext_d27bda,,,,,
2026-09-12T15:26:09-05:00,PUR_IED_Jazmin_Fisica_8d14d7,PUR_IED_Jazmin_Fisica_8d14d7,,,,,
2026-09-12T15:26:09-05:00,PUR_IED_Jazmin_Quimica_801cb5,PUR_IED_Jazmin_Quimica_801cb5,,,,,
2026-09-12T15:26:09-05:00,PUR_IED_JorgeGaitan_Exter_f098d1,PUR_IED_JorgeGaitan_Exter_f098d1,,,,,
2026-09-12T15:26:09-05:00,PUR_IED_JorgeGaitan_STec1_dc9d1d,PUR_IED_JorgeGaitan_STec1_dc9d1d,,,,,
2026-09-12T15:26:09-05:00,PUR_IED_JorgeGaitan_STec2_281e69,PUR_IED_JorgeGaitan_STec2_281e69,,,,,
2026-09-12T15:26:09-05:00,PUR_IED_JorgeSoto_Exterio_d9d0a2,PUR_IED_JorgeSoto_Exterio_d9d0a2,,,,,
2026-09-12T15:26:09-05:00,PUR_IED_JorgeSoto_LabFisi_209c54,PUR_IED_JorgeSoto_LabFisi_209c54,,,,,
2026-09-12T15:26:09-05:00,PUR_IED_JorgeSoto_S103_27b51a,PUR_IED_JorgeSoto_S103_27b51a,,,,,
2026-09-12T15:26:09-05:00,PUR_IED_JoseAcevedo_A02_e965eb,PUR_IED_JoseAcevedo_A02_e965eb,,,,,
2026-09-12T15:26:09-05:00,PUR_IED_JoseAcevedo_A07_dd5b4,PUR_IED_JoseAcevedo_A07_dd5b4,,,,,
2026-09-12T15:26:09-05:00,PUR_IED_JoseAcevedo_Ext_b47484,PUR_IED_JoseAcevedo_Ext_b47484,,,,,
2026-09-12T15:26:09-05:00,PUR_IED_JoseMarti_Exte_5b9bf,PUR_IED_JoseMarti_Exte_5b9bf,,,,,
2026-09-12T15:26:09-05:00,PUR_IED_JoseMarti_LabQuim_1c6c2d,PUR_IED_JoseMarti_LabQuim_1c6c2d,,,,,
2026-09-12T15:26:09-05:00,PUR_IED_JoseMarti_S_info_f5f177,PUR_IED_JoseMarti_S_info_f5f177,,,,,
2026-09-12T15:26:09-05:00,PUR_IED_Josejoaquin_Ext_dfc5dc,PUR_IED_Josejoaquin_Ext_dfc5dc,,,,,
2026-09-12T15:26:09-05:00,PUR_IED_Josejoaquin_S05_5b2a96,PUR_IED_Josejoaquin_S05_5b2a96,,,,,
2026-09-12T15:26:09-05:00,PUR_IED_Josejoaquin_S06_1ce7d2,PUR_IED_Josejoaquin_S06_1ce7d2,,,,,
2026-09-12T15:26:09-05:00,PUR_IED_JulioFlorez_Danza_9b82dd,PUR_IED_JulioFlorez_Danza_9b82dd,,,,,
2026-09-12T15:26:09-05:00,PUR_IED_JulioFlorez_Exter_f9f314,PUR_IED_JulioFlorez_Exter_f9f314,,,,,
2026-09-12T15:26:09-05:00,PUR_IED_JulioFlorez_info2_6b6e08,PUR_IED_JulioFlorez_info2_6b6e08,,,,,
2026-09-12T15:26:09-05:00,PUR_IED_LaBelleza_Aula13_1d00d8,PUR_IED_LaBelleza_Aula13_1d00d8,,,,,
2026-09-12T15:26:09-05:00,PUR_IED_LaBelleza_Ext_7bc08c,PUR_IED_LaBelleza_Ext_7bc08c,,,,,
2026-09-12T15:26:09-05:00,PUR_IED_LaChucua_Ext_8cd6d2,PUR_IED_LaChucua_Ext_8cd6d2,,,,,
2026-09-12T15:26:09-05:00,PUR_IED_LaChucua_S15_f578ce,PUR_IED_LaChucua_S15_f578ce,,,,,
2026-09-12T15:26:09-05:00,PUR_IED_LaChucua_S16_eebcf9,PUR_IED_LaChucua_S16_eebcf9,,,,,
2026-09-12T15:26:09-05:00,PUR_IED_LaFelicidad_Ext_fb5109,PUR_IED_LaFelicidad_Ext_fb5109,,,,,
2026-09-12T15:26:09-05:00,PUR_IED_LaMerced_206_66ebd,PUR_IED_LaMerced_206_66ebd,,,,,
2026-09-12T15:26:09-05:00,PUR_IED_LaMerced_207_6ebd6,PUR_IED_LaMerced_207_6ebd6,,,,,
2026-09-12T15:26:09-05:00,PUR_IED_LaMerced_ext_304311,PUR_IED_LaMerced_ext_304311,,,,,
2026-09-12T15:26:09-05:00,PUR_IED_Laureano_CiencNat_281e5e,PUR_IED_Laureano_CiencNat_281e5e,,,,,
2026-09-12T15:26:09-05:00,PUR_IED_Laureano_Comedor_f65c0a,PUR_IED_Laureano_Comedor_f65c0a,,,,,
2026-09-12T15:26:09-05:00,PUR_IED_Laureano_Exterior_7ab011,PUR_IED_Laureano_Exterior_7ab011,,,,,
2026-09-12T15:26:09-05:00,PUR_IED_LeonGreiff_Exte_dfe560,PUR_IED_LeonGreiff_Exte_dfe560,,,,,
2026-09-12T15:26:09-05:00,PUR_IED_LeonGreiff_S210_f264ed,PUR_IED_LeonGreiff_S210_f264ed,,,,,
2026-09-12T15:26:09-05:00,PUR_IED_LeonGreiff_SQuimi_e8296f,PUR_IED_LeonGreiff_SQuimi_e8296f,,,,,
2026-09-12T15:26:09-05:00,PUR_IED_LlanoOrientalS208_7b9fcd,PUR_IED_LlanoOrientalS208_7b9fcd,,,,,
2026-09-12T15:26:09-05:00,PUR_IED_LlanoOriental_Ext_fb3766,PUR_IED_LlanoOriental_Ext_fb3766,,,,,
2026-09-12T15:26:09-05:00,PUR_IED_LlanoOriental_S208_7b9fcd,PUR_IED_LlanoOriental_S208_7b9fcd,,,,,
2026-09-12T15:26:09-05:00,PUR_IED_LlanoOriental_S9_27b378,PUR_IED_LlanoOriental_S9_27b378,,,,,
2026-09-12T15:26:09-05:00,PUR_IED_LosTejares_1101_477602,PUR_IED_LosTejares_1101_477602,,,,,
2026-09-12T15:26:09-05:00,PUR_IED_LosTejares_11_d2c595,PUR_IED_LosTejares_11_d2c595,,,,,
2026-09-12T15:26:09-05:00,PUR_IED_LosTejares_12_477602,PUR_IED_LosTejares_12_477602,,,,,
2026-09-12T15:26:09-05:00,PUR_IED_LosTejares_Ext_8e2115,PUR_IED_LosTejares_Ext_8e2115,,,,,
2026-09-12T15:26:09-05:00,PUR_IED_MagdalenaO_B202_5ddda3,PUR_IED_MagdalenaO_B202_5ddda3,,,,,
2026-09-12T15:26:09-05:00,PUR_IED_MagdalenaO_B205_fb76e8,PUR_IED_MagdalenaO_B205_fb76e8,,,,,
2026-09-12T15:26:09-05:00,PUR_IED_MagdalenaO_ext_dc69cd,PUR_IED_MagdalenaO_ext_dc69cd,,,,,
2026-09-12T15:26:09-05:00,PUR_IED_ManueCepeda_artes_eee956,PUR_IED_ManueCepeda_artes_eee956,,,,,
2026-09-12T15:26:09-05:00,PUR_IED_ManuelCepeda_Ext_58313,PUR_IED_ManuelCepeda_Ext_58313,,,,,
2026-09-12T15:26:09-05:00,PUR_IED_ManuelCepeda_tec_1c5731,PUR_IED_ManuelCepeda_tec_1c5731,,,,,
2026-09-12T15:26:09-05:00,PUR_IED_ManuelS_Exterior_5b269,PUR_IED_ManuelS_Exterior_5b269,,,,,
2026-09-12T15:26:09-05:00,PUR_IED_ManuelS_Inform_f369ce,PUR_IED_ManuelS_Inform_f369ce,,,,,
2026-09-12T15:26:09-05:00,PUR_IED_ManuelS_SArtes_7d15f1,PUR_IED_ManuelS_SArtes_7d15f1,,,,,
2026-09-12T15:26:09-05:00,PUR_IED_ManuelZapata_303_3ca6,PUR_IED_ManuelZapata_303_3ca6,,,,,
2026-09-12T15:26:09-05:00,PUR_IED_ManuelZapata_311_bfbabc,PUR_IED_ManuelZapata_311_bfbabc,,,,,
2026-09-12T15:26:09-05:00,PUR_IED_ManuelZapata_Ext_50824a,PUR_IED_ManuelZapata_Ext_50824a,,,,,
2026-09-12T15:26:09-05:00,PUR_IED_ManuelitaS_Exteri_656a92,PUR_IED_ManuelitaS_Exteri_656a92,,,,,
2026-09-12T15:26:09-05:00,PUR_IED_ManuelitaS_JuzgDe_f58ec3,PUR_IED_ManuelitaS_JuzgDe_f58ec3,,,,,
2026-09-12T15:26:09-05:00,PUR_IED_ManuelitaS_Recrea_d793db,PUR_IED_ManuelitaS_Recrea_d793db,,,,,
2026-09-12T15:26:09-05:00,PUR_IED_MarFidSuarez_Ext_c27b19,PUR_IED_MarFidSuarez_Ext_c27b19,,,,,
2026-09-12T15:26:09-05:00,PUR_IED_MarFidSuarez_Info_e384d7,PUR_IED_MarFidSuarez_Info_e384d7,,,,,
2026-09-12T15:26:09-05:00,PUR_IED_MarFidSuarez_S306_1d0032,PUR_IED_MarFidSuarez_S306_1d0032,,,,,
2026-09-12T15:26:09-05:00,PUR_IED_Menorah_301_2a25a3,PUR_IED_Menorah_301_2a25a3,,,,,
2026-09-12T15:26:09-05:00,PUR_IED_Menorah_306_37ed3,PUR_IED_Menorah_306_37ed3,,,,,
2026-09-12T15:26:09-05:00,PUR_IED_Menorah_Ext_3e155b,PUR_IED_Menorah_Ext_3e155b,,,,,
2026-09-12T15:26:09-05:00,PUR_IED_MinutoB.Aires_A11_1b1604,PUR_IED_MinutoB.Aires_A11_1b1604,,,,,
2026-09-12T15:26:09-05:00,PUR_IED_MinutoB.Aires_A12_fb5860,PUR_IED_MinutoB.Aires_A12_fb5860,,,,,
2026-09-12T15:26:09-05:00,PUR_IED_MinutoB.Aires_Ext_81293f,PUR_IED_MinutoB.Aires_Ext_81293f,,,,,
2026-09-12T15:26:09-05:00,PUR_IED_MinutoBAires_A11_1b1604,PUR_IED_MinutoBAires_A11_1b1604,,,,,
2026-09-12T15:26:09-05:00,PUR_IED_MinutoBAires_A12_fb5860,PUR_IED_MinutoBAires_A12_fb5860,,,,,
2026-09-12T15:26:09-05:00,PUR_IED_MinutoBAires_Ext_81293f,PUR_IED_MinutoBAires_Ext_81293f,,,,,
2026-09-12T15:26:09-05:00,PUR_IED_Montreal_Aula10_1e4959,PUR_IED_Montreal_Aula10_1e4959,,,,,
2026-09-12T15:26:09-05:00,PUR_IED_Montreal_Aula6_300367,PUR_IED_Montreal_Aula6_300367,,,,,
2026-09-12T15:26:09-05:00,PUR_IED_Montreal_Exterior_91a179,PUR_IED_Montreal_Exterior_91a179,,,,,
2026-09-12T15:26:09-05:00,PUR_IED_Mqgdalena_B202_5ddda3,PUR_IED_Mqgdalena_B202_5ddda3,,,,,
2026-09-12T15:26:09-05:00,PUR_IED_NACUND_Soc_dc8728,PUR_IED_NACUND_Soc_dc8728,,,,,
2026-09-12T15:26:09-05:00,PUR_IED_NACUND_ext_27ad97,PUR_IED_NACUND_ext_27ad97,,,,,
2026-09-12T15:26:09-05:00,PUR_IED_NEsperanza_Ext_d24b61,PUR_IED_NEsperanza_Ext_d24b61,,,,,
2026-09-12T15:26:09-05:00,PUR_IED_NEsperanza_SElect_7d1807,PUR_IED_NEsperanza_SElect_7d1807,,,,,
2026-09-12T15:26:09-05:00,PUR_IED_NEsperanza_SLabor_8b2d0a,PUR_IED_NEsperanza_SLabor_8b2d0a,,,,,
2026-09-12T15:26:09-05:00,PUR_IED_NacionesU_Ext_f661a9,PUR_IED_NacionesU_Ext_f661a9,,,,,
2026-09-12T15:26:09-05:00,PUR_IED_NacionesU_Quimica_66f0a,PUR_IED_NacionesU_Quimica_66f0a,,,,,
2026-09-12T15:26:09-05:00,PUR_IED_NacionesU_S306_1b4b3d,PUR_IED_NacionesU_S306_1b4b3d,,,,,
2026-09-12T15:26:09-05:00,PUR_IED_NestorFA_Ext_e4201c,PUR_IED_NestorFA_Ext_e4201c,,,,,
2026-09-12T15:26:09-05:00,PUR_IED_NestorFA_Laborato_f22fe0,PUR_IED_NestorFA_Laborato_f22fe0,,,,,
2026-09-12T15:26:09-05:00,PUR_IED_NestorFA_S204_dee996,PUR_IED_NestorFA_S204_dee996,,,,,
2026-09-12T15:26:09-05:00,PUR_IED_NidyaQT_Aula03_76999b,PUR_IED_NidyaQT_Aula03_76999b,,,,,
2026-09-12T15:26:09-05:00,PUR_IED_NidyaQT_Aula10_56325,PUR_IED_NidyaQT_Aula10_56325,,,,,
2026-09-12T15:26:09-05:00,PUR_IED_NidyaQT_Ext_46e32d,PUR_IED_NidyaQT_Ext_46e32d,,,,,
2026-09-12T15:26:09-05:00,PUR_IED_NuevaCol_Exterior_d9b859,PUR_IED_NuevaCol_Exterior_d9b859,,,,,
2026-09-12T15:26:09-05:00,PUR_IED_NuevaCol_S1101_76c43b,PUR_IED_NuevaCol_S1101_76c43b,,,,,
2026-09-12T15:26:09-05:00,PUR_IED_NuevaCol_S1102_1ce0b5,PUR_IED_NuevaCol_S1102_1ce0b5,,,,,
2026-09-12T15:26:09-05:00,PUR_IED_OEA_A202_f7e3f2,PUR_IED_OEA_A202_f7e3f2,,,,,
2026-09-12T15:26:09-05:00,PUR_IED_OEA_A203_7d1b8d,PUR_IED_OEA_A203_7d1b8d,,,,,
2026-09-12T15:26:09-05:00,PUR_IED_OEA_Ext_27b593,PUR_IED_OEA_Ext_27b593,,,,,
2026-09-12T15:26:09-05:00,PUR_IED_Ochoa_Ext_1c29da,PUR_IED_Ochoa_Ext_1c29da,,,,,
2026-09-12T15:26:09-05:00,PUR_IED_Ochoa_S205_8b1121,PUR_IED_Ochoa_S205_8b1121,,,,,
2026-09-12T15:26:09-05:00,PUR_IED_Ochoa_Sistemas_f33af6,PUR_IED_Ochoa_Sistemas_f33af6,,,,,
2026-09-12T15:26:09-05:00,PUR_IED_PQuebec_Ext_1c67c7,PUR_IED_PQuebec_Ext_1c67c7,,,,,
2026-09-12T15:26:09-05:00,PUR_IED_PQuebec_S15_23e8e2,PUR_IED_PQuebec_S15_23e8e2,,,,,
2026-09-12T15:26:09-05:00,PUR_IED_PQuebec_S16_8ec76b,PUR_IED_PQuebec_S16_8ec76b,,,,,
2026-09-12T15:26:09-05:00,PUR_IED_PabloN_Ext_49dc96,PUR_IED_PabloN_Ext_49dc96,,,,,
2026-09-12T15:26:09-05:00,PUR_IED_PabloN_S1102_4e3df5,PUR_IED_PabloN_S1102_4e3df5,,,,,
2026-09-12T15:26:09-05:00,PUR_IED_PabloN_S1103_50c94b,PUR_IED_PabloN_S1103_50c94b,,,,,
2026-09-12T15:26:09-05:00,PUR_IED_Palestina_S1101_db9198,PUR_IED_Palestina_S1101_db9198,,,,,
2026-09-12T15:26:09-05:00,PUR_IED_Palestina_S1102_dc54fa,PUR_IED_Palestina_S1102_dc54fa,,,,,
2026-09-12T15:26:09-05:00,PUR_IED_Palestina_ext_4ccce6,PUR_IED_Palestina_ext_4ccce6,,,,,
2026-09-12T15:26:09-05:00,PUR_IED_Panama_Fisica_4d0794,PUR_IED_Panama_Fisica_4d0794,,,,,
2026-09-12T15:26:09-05:00,PUR_IED_Panama_SIngles_a4077e,PUR_IED_Panama_SIngles_a4077e,,,,,
2026-09-12T15:26:09-05:00,PUR_IED_Panama_ext_4c54b4,PUR_IED_Panama_ext_4c54b4,,,,,
2026-09-12T15:26:09-05:00,PUR_IED_ParaisoM_Exterior_8cd7f0,PUR_IED_ParaisoM_Exterior_8cd7f0,,,,,
2026-09-12T15:26:09-05:00,PUR_IED_ParaisoM_Laborato_27af35,PUR_IED_ParaisoM_Laborato_27af35,,,,,
2026-09-12T15:26:09-05:00,PUR_IED_ParaisoM_S304_d1edca,PUR_IED_ParaisoM_S304_d1edca,,,,,
2026-09-12T15:26:09-05:00,PUR_IED_PorfirioBarba_Ext_301466,PUR_IED_PorfirioBarba_Ext_301466,,,,,
2026-09-12T15:26:09-05:00,PUR_IED_PorfirioBarba_S11_df6cd2,PUR_IED_PorfirioBarba_S11_df6cd2,,,,,
2026-09-12T15:26:09-05:00,PUR_IED_PorfirioBarba_S29_27a7d6,PUR_IED_PorfirioBarba_S29_27a7d6,,,,,
2026-09-12T15:26:09-05:00,PUR_IED_PradoV_Exter_8b27ad,PUR_IED_PradoV_Exter_8b27ad,,,,,
2026-09-12T15:26:09-05:00,PUR_IED_PradoV_S301_de65b5,PUR_IED_PradoV_S301_de65b5,,,,,
2026-09-12T15:26:09-05:00,PUR_IED_PradoV_S302_7d2593,PUR_IED_PradoV_S302_7d2593,,,,,
2026-09-12T15:26:09-05:00,PUR_IED_QuirogaAlz_Ext_1ddc82,PUR_IED_QuirogaAlz_Ext_1ddc82,,,,,
2026-09-12T15:26:09-05:00,PUR_IED_QuirogaAlz_S302_9926a3,PUR_IED_QuirogaAlz_S302_9926a3,,,,,
2026-09-12T15:26:09-05:00,PUR_IED_QuirogaAlz_S305_cdf1f1,PUR_IED_QuirogaAlz_S305_cdf1f1,,,,,
2026-09-12T15:26:09-05:00,PUR_IED_RGuatemala_Biling_dc53b7,PUR_IED_RGuatemala_Biling_dc53b7,,,,,
2026-09-12T15:26:09-05:00,PUR_IED_RGuatemala_Ext_1b89a3,PUR_IED_RGuatemala_Ext_1b89a3,,,,,
2026-09-12T15:26:09-05:00,PUR_IED_RGuatemala_Tecnol_281a34,PUR_IED_RGuatemala_Tecnol_281a34,,,,,
2026-09-12T15:26:09-05:00,PUR_IED_RafaNu_Ext_f7c302,PUR_IED_RafaNu_Ext_f7c302,,,,,
2026-09-12T15:26:09-05:00,PUR_IED_RafaNu_S1101_25fde,PUR_IED_RafaNu_S1101_25fde,,,,,
2026-09-12T15:26:09-05:00,PUR_IED_RafaNu_S1102_281517,PUR_IED_RafaNu_S1102_281517,,,,,
2026-09-12T15:26:09-05:00,PUR_IED_RafaelB_S305_ee2783,PUR_IED_RafaelB_S305_ee2783,,,,,
2026-09-12T15:26:09-05:00,PUR_IED_RafaelB_S306_75fe33,PUR_IED_RafaelB_S306_75fe33,,,,,
2026-09-12T15:26:09-05:00,PUR_IED_RafaelB_ext_283336,PUR_IED_RafaelB_ext_283336,2,20,54,4.6722,-74.0737
2026-09-12T15:26:09-05:00,PUR_IED_RafaelUU_Exterior_281a51,PUR_IED_RafaelUU_Exterior_281a51,,,,,
2026-09-12T15:26:09-05:00,PUR_IED_RafaelUU_Human_806b2,PUR_IED_RafaelUU_Human_806b2,,,,,
2026-09-12T15:26:09-05:00,PUR_IED_RafaelUU_Mate2_5680d4,PUR_IED_RafaelUU_Mate2_5680d4,,,,,
2026-09-12T15:26:09-05:00,PUR_IED_RamonSub_Ext_f9eeb9,PUR_IED_RamonSub_Ext_f9eeb9,,,,,
2026-09-12T15:26:09-05:00,PUR_IED_RamonSub_Media_d1f62f,PUR_IED_RamonSub_Media_d1f62f,,,,,
2026-09-12T15:26:09-05:00,PUR_IED_RamonSub_planta_51b82,PUR_IED_RamonSub_planta_51b82,,,,,
2026-09-12T15:26:09-05:00,PUR_IED_RepBoliVene_Exter_27af7c,PUR_IED_RepBoliVene_Exter_27af7c,,,,,
2026-09-12T15:26:09-05:00,PUR_IED_RepBoliVene_SCPT_5ae2ee,PUR_IED_RepBoliVene_SCPT_5ae2ee,,,,,
2026-09-12T15:26:09-05:00,PUR_IED_RepBoliVene_Socia_4b11d5,PUR_IED_RepBoliVene_Socia_4b11d5,,,,,
2026-09-12T15:26:09-05:00,PUR_IED_RepChina_Ext_76d9ee,PUR_IED_RepChina_Ext_76d9ee,,,,,
2026-09-12T15:26:09-05:00,PUR_IED_RepChina_S404_7c804c,PUR_IED_RepChina_S404_7c804c,,,,,
2026-09-12T15:26:09-05:00,PUR_IED_RepChina_S405_df2c33,PUR_IED_RepChina_S405_df2c33,,,,,
2026-09-12T15:26:09-05:00,PUR_IED_RepublicaC_Exteri_7d1ec9,PUR_IED_RepublicaC_Exteri_7d1ec9,,,,,
2026-09-12T15:26:09-05:00,PUR_IED_RepublicaC_S1101_f544b3,PUR_IED_RepublicaC_S1101_f544b3,,,,,
2026-09-12T15:26:09-05:00,PUR_IED_RepublicaC_S1102_7aafc7,PUR_IED_RepublicaC_S1102_7aafc7,,,,,
2026-09-12T15:26:09-05:00,PUR_IED_Ricaurte_Externo_a0ea1,PUR_IED_Ricaurte_Externo_a0ea1,,,,,
2026-09-12T15:26:09-05:00,PUR_IED_Ricaurte_S210_f546fd,PUR_IED_Ricaurte_S210_f546fd,,,,,
2026-09-12T15:26:09-05:00,PUR_IED_Ricaurte_S309_d4452,PUR_IED_Ricaurte_S309_d4452,,,,,
2026-09-12T15:26:09-05:00,PUR_IED_RogelioS_1102_531e69,PUR_IED_RogelioS_1102_531e69,,,,,
2026-09-12T15:26:09-05:00,PUR_IED_RogelioS_Ext_f25a18,PUR_IED_RogelioS_Ext_f25a18,,,,,
2026-09-12T15:26:09-05:00,PUR_IED_SBernardino_Ext_27aff8,PUR_IED_SBernardino_Ext_27aff8,,,,,
2026-09-12T15:26:09-05:00,PUR_IED_SBernardino_SArte_2ffd33,PUR_IED_SBernardino_SArte_2ffd33,,,,,
2026-09-12T15:26:09-05:00,PUR_IED_SBernardino_SIngl_7c7da5,PUR_IED_SBernardino_SIngl_7c7da5,,,,,
2026-09-12T15:26:09-05:00,PUR_IED_Sago_auditorio_dc9d1d,PUR_IED_Sago_auditorio_dc9d1d,,,,,
2026-09-12T15:26:09-05:00,PUR_IED_Saludcoop_Ext_95aac3,PUR_IED_Saludcoop_Ext_95aac3,,,,,
2026-09-12T15:26:09-05:00,PUR_IED_Saludcoop_InfI_90c854,PUR_IED_Saludcoop_InfI_90c854,,,,,
2026-09-12T15:26:09-05:00,PUR_IED_Saludcoop_SMedia_1b93be,PUR_IED_Saludcoop_SMedia_1b93be,,,,,
2026-09-12T15:26:09-05:00,PUR_IED_SanCarlos_1101_1a2360,PUR_IED_SanCarlos_1101_1a2360,,,,,
2026-09-12T15:26:09-05:00,PUR_IED_SanCarlos_1103_7bafb5,PUR_IED_SanCarlos_1103_7bafb5,,,,,
2026-09-12T15:26:09-05:00,PUR_IED_SanCarlos_Ext_b7cd1,PUR_IED_SanCarlos_Ext_b7cd1,,,,,
2026-09-12T15:26:09-05:00,PUR_IED_SanIgnacioBosa11a_50c26e,PUR_IED_SanIgnacioBosa11a_50c26e,,,,,
2026-09-12T15:26:09-05:00,PUR_IED_SanIgnacioBosa11b_371de8,PUR_IED_SanIgnacioBosa11b_371de8,,,,,
2026-09-12T15:26:09-05:00,PUR_IED_SanIgnacioBosaExt_ef0ffc,PUR_IED_SanIgnacioBosaExt_ef0ffc,,,,,
2026-09-12T15:26:09-05:00,PUR_IED_SanIgnacioBosa_11a_50c26e,PUR_IED_SanIgnacioBosa_11a_50c26e,,,,,
2026-09-12T15:26:09-05:00,PUR_IED_SanIgnacioBosa_Ext_ef0ffc,PUR_IED_SanIgnacioBosa_Ext_ef0ffc,,,,,
2026-09-12T15:26:09-05:00,PUR_IED_SanJoseN_intS1101_31c47f,PUR_IED_SanJoseN_intS1101_31c47f,,,,,
2026-09-12T15:26:09-05:00,PUR_IED_SanJoseUsm_Exter_f5d7e8,PUR_IED_SanJoseUsm_Exter_f5d7e8,,,,,
2026-09-12T15:26:09-05:00,PUR_IED_SanJoseUsm_Int11A_cfdef6,PUR_IED_SanJoseUsm_Int11A_cfdef6,,,,,
2026-09-12T15:26:09-05:00,PUR_IED_SilveriaR_IntB5_905349,PUR_IED_SilveriaR_IntB5_905349,,,,,
2026-09-12T15:26:09-05:00,PUR_IED_SilveriaR_IntSD14_981f93,PUR_IED_SilveriaR_IntSD14_981f93,,,,,
2026-09-12T15:26:09-05:00,PUR_IED_SilveriaR_ext_2b651d,PUR_IED_SilveriaR_ext_2b651d,,,,,
2026-09-12T15:26:09-05:00,PUR_IED_SimonB_Exterior_913975,PUR_IED_SimonB_Exterior_913975,,,,,
2026-09-12T15:26:09-05:00,PUR_IED_SimonB_LabQuimi_c56908,PUR_IED_SimonB_LabQuimi_c56908,,,,,
2026-09-12T15:26:09-05:00,PUR_IED_SimonB_informatic_a28c1,PUR_IED_SimonB_informatic_a28c1,,,,,
2026-09-12T15:26:09-05:00,PUR_IED_Sorrento_1102_315f50,PUR_IED_Sorrento_1102_315f50,,,,,
2026-09-12T15:26:09-05:00,PUR_IED_Sorrento_Minte_214eab,PUR_IED_Sorrento_Minte_214eab,,,,,
2026-09-12T15:26:09-05:00,PUR_IED_Sorrento_ext_7c3a0a,PUR_IED_Sorrento_ext_7c3a0a,,,,,
2026-09-12T15:26:09-05:00,PUR_IED_Tabora_Ext_f048ae,PUR_IED_Tabora_Ext_f048ae,,,,,
2026-09-12T15:26:09-05:00,PUR_IED_Tabora_S1102_b07752,PUR_IED_Tabora_S1102_b07752,,,,,
2026-09-12T15:26:09-05:00,PUR_IED_Tabora_S1103_d988f5,PUR_IED_Tabora_S1103_d988f5,,,,,
2026-09-12T15:26:09-05:00,PUR_IED_Tenerife_Ext_1ab188,PUR_IED_Tenerife_Ext_1ab188,,,,,
2026-09-12T15:26:09-05:00,PUR_IED_Tenerife_SDanzas_7bc02e,PUR_IED_Tenerife_SDanzas_7bc02e,,,,,
2026-09-12T15:26:09-05:00,PUR_IED_Tenerife_SIngles_7cc277,PUR_IED_Tenerife_SIngles_7cc277,,,,,
2026-09-12T15:26:09-05:00,PUR_IED_Tibabuyes_Exter_f2683d,PUR_IED_Tibabuyes_Exter_f2683d,,,,,
2026-09-12T15:26:09-05:00,PUR_IED_Tibabuyes_S10_dc87a8,PUR_IED_Tibabuyes_S10_dc87a8,,,,,
2026-09-12T15:26:09-05:00,PUR_IED_Tibabuyes_S15_dc0526,PUR_IED_Tibabuyes_S15_dc0526,,,,,
2026-09-12T15:26:09-05:00,PUR_IED_UnionE_S301_a1043,PUR_IED_UnionE_S301_a1043,,,,,
2026-09-12T15:26:09-05:00,PUR_IED_UnionE_S307_ff6c2f,PUR_IED_UnionE_S307_ff6c2f,,,,,
2026-09-12T15:26:09-05:00,PUR_IED_UnionE__Ext_5e2468,PUR_IED_UnionE__Ext_5e2468,,,,,
2026-09-12T15:26:09-05:00,PUR_IED_VillaRica_Ext_75be7c,PUR_IED_VillaRica_Ext_75be7c,,,,,
2026-09-12T15:26:09-05:00,PUR_IED_VillaRica_S4_cc5dcd,PUR_IED_VillaRica_S4_cc5dcd,,,,,
2026-09-12T15:26:09-05:00,PUR_IED_VillaRica_Sesp_99f5c,PUR_IED_VillaRica_Sesp_99f5c,,,,,
2026-09-12T15:31:23-05:00,PUR_IED_20deJulio_1101_91b1b9,PUR_IED_20deJulio_1101_91b1b9,,,,,
2026-09-12T15:31:23-05:00,PUR_IED_20deJulio_1102_1cfcf9,PUR_IED_20deJulio_1102_1cfcf9,,,,,
2026-09-12T15:31:23-05:00,PUR_IED_20deJulio_Ext_ab60bd,PUR_IED_20deJulio_Ext_ab60bd,,,,,
2026-09-12T15:31:23-05:00,PUR_IED_AgustinFer_Ext_7b9b77,PUR_IED_AgustinFer_Ext_7b9b77,,,,,
2026-09-12T15:31:23-05:00,PUR_IED_AgustinFer_Info2_27b3a7,PUR_IED_AgustinFer_Info2_27b3a7,,,,,
2026-09-12T15:31:23-05:00,PUR_IED_AgustinFer_Sena_54b4eb,PUR_IED_AgustinFer_Sena_54b4eb,,,,,
2026-09-12T15:31:23-05:00,PUR_IED_AlexanderF_1102_caf07b,PUR_IED_AlexanderF_1102_caf07b,,,,,
2026-09-12T15:31:23-05:00,PUR_IED_AlexanderF_1103_c79e71,PUR_IED_AlexanderF_1103_c79e71,,,,,
2026-09-12T15:31:23-05:00,PUR_IED_AlexanderF_Ext_c5b18b,PUR_IED_AlexanderF_Ext_c5b18b,,,,,
2026-09-12T15:31:23-05:00,PUR_IED_AlfonsoLopez_Ext_281d77,PUR_IED_AlfonsoLopez_Ext_281d77,,,,,
2026-09-12T15:31:23-05:00,PUR_IED_AlfonsoLopez_LabF_888ce0,PUR_IED_AlfonsoLopez_LabF_888ce0,,,,,
2026-09-12T15:31:23-05:00,PUR_IED_AlfonsoLopez_SMed_df6a7f,PUR_IED_AlfonsoLopez_SMed_df6a7f,,,,,
2026-09-12T15:31:23-05:00,PUR_IED_AltamiraSO_A2_209f92,PUR_IED_AltamiraSO_A2_209f92,,,,,
2026-09-12T15:31:23-05:00,PUR_IED_AltamiraSO_Ext_186d66,PUR_IED_AltamiraSO_Ext_186d66,,,,,
2026-09-12T15:31:23-05:00,PUR_IED_AltamiraSO_Sistem_27afe1,PUR_IED_AltamiraSO_Sistem_27afe1,,,,,
2026-09-12T15:31:23-05:00,PUR_IED_AlvaroGom_LabQuim_813179,PUR_IED_AlvaroGom_LabQuim_813179,,,,,
2026-09-12T15:31:23-05:00,PUR_IED_AlvaroGomez_Ext_47c7ca,PUR_IED_AlvaroGomez_Ext_47c7ca,,,,,
2026-09-12T15:31:23-05:00,PUR_IED_AlvaroGomez_LabQuim_813179,PUR_IED_AlvaroGomez_LabQuim_813179,,,,,
2026-09-12T15:31:23-05:00,PUR_IED_AlvaroGomez_S23_7ba89f,PUR_IED_AlvaroGomez_S23_7ba89f,,,,,
2026-09-12T15:31:23-05:00,PUR_IED_Amistad_306_dc8728,PUR_IED_Amistad_306_dc8728,,,,,
2026-09-12T15:31:23-05:00,PUR_IED_Amistad_Ext_8cd55e,PUR_IED_Amistad_Ext_8cd55e,,,,,
2026-09-12T15:31:23-05:00,PUR_IED_Amistad_S202_a41169,PUR_IED_Amistad_S202_a41169,,,,,
2026-09-12T15:31:23-05:00,PUR_IED_AndresBello_Bio_fd5f5e,PUR_IED_AndresBello_Bio_fd5f5e,,,,,
2026-09-12T15:31:23-05:00,PUR_IED_AndresBello_ext_dcad65,PUR_IED_AndresBello_ext_dcad65,,,,,
2026-09-12T15:31:23-05:00,PUR_IED_AndresBello_port_eed3ec,PUR_IED_AndresBello_port_eed3ec,,,,,
2026-09-12T15:31:23-05:00,PUR_IED_AngelaR_11b_d90a6b,PUR_IED_AngelaR_11b_d90a6b,,,,,
2026-09-12T15:31:23-05:00,PUR_IED_AngelaR_ext_7cad3e,PUR_IED_AngelaR_ext_7cad3e,,,,,
2026-09-12T15:31:23-05:00,PUR_IED_AntJoseSucre_10mo_df2575,PUR_IED_AntJoseSucre_10mo_df2575,,,,,
2026-09-12T15:31:23-05:00,PUR_IED_AntJoseSucre_Ext_215b36,PUR_IED_AntJoseSucre_Ext_215b36,,,,,
2026-09-12T15:31:23-05:00,PUR_IED_AntJoseSucre_Lab_3139de,PUR_IED_AntJoseSucre_Lab_3139de,,,,,
2026-09-12T15:31:23-05:00,PUR_IED_AntonioGarcia_301_d6b188,PUR_IED_AntonioGarcia_301_d6b188,,,,,
2026-09-12T15:31:23-05:00,PUR_IED_AntonioGarcia_302_88a82,PUR_IED_AntonioGarcia_302_88a82,,,,,
2026-09-12T15:31:23-05:00,PUR_IED_AntonioGarcia_Ext_20950c,PUR_IED_AntonioGarcia_Ext_20950c,,,,,
2026-09-12T15:31:23-05:00,PUR_IED_AntonioVan_Aula2_6dea02,PUR_IED_AntonioVan_Aula2_6dea02,,,,,
2026-09-12T15:31:23-05:00,PUR_IED_AntonioVan_Aula5_f1557e,PUR_IED_AntonioVan_Aula5_f1557e,,,,,
2026-09-12T15:31:23-05:00,PUR_IED_AntonioVan_Ext_406f2f,PUR_IED_AntonioVan_Ext_406f2f,,,,,
2026-09-12T15:31:23-05:00,PUR_IED_Atabanzha_Ext_cc5af9,PUR_IED_Atabanzha_Ext_cc5af9,,,,,
2026-09-12T15:31:23-05:00,PUR_IED_Atabanzha_SA101_56c37,PUR_IED_Atabanzha_SA101_56c37,,,,,
2026-09-12T15:31:23-05:00,PUR_IED_Atabanzha_SB302_27b374,PUR_IED_Atabanzha_SB302_27b374,,,,,
2026-09-12T15:31:23-05:00,PUR_IED_Atahualpa_Ext_fc1748,PUR_IED_Atahualpa_Ext_fc1748,,,,,
2026-09-12T15:31:23-05:00,PUR_IED_Atahualpa_Informa_dc9a95,PUR_IED_Atahualpa_Informa_dc9a95,,,,,
2026-09-12T15:31:23-05:00,PUR_IED_Atahualpa_S1101_f98056,PUR_IED_Atahualpa_S1101_f98056,,,,,
2026-09-12T15:31:23-05:00,PUR_IED_Bellavista_Ext_f5aa74,PUR_IED_Bellavista_Ext_f5aa74,,,,,
2026-09-12T15:31:23-05:00,PUR_IED_Bilbao_11A_916c41,PUR_IED_Bilbao_11A_916c41,,,,,
2026-09-12T15:31:23-05:00,PUR_IED_Bilbao_Ext_fb579a,PUR_IED_Bilbao_Ext_fb579a,,,,,
2026-09-12T15:31:23-05:00,PUR_IED_BrasiliaU_A125_304280,PUR_IED_BrasiliaU_A125_304280,,,,,
2026-09-12T15:31:23-05:00,PUR_IED_BrasiliaU_A203_7c8ca5,PUR_IED_BrasiliaU_A203_7c8ca5,,,,,
2026-09-12T15:31:23-05:00,PUR_IED_BrasiliaU_Ext_8d6e9f,PUR_IED_BrasiliaU_Ext_8d6e9f,2,20,52,4.5175,-74.116302
2026-09-12T15:31:23-05:00,PUR_IED_Brasilia_Ext_fe6593,PUR_IED_Brasilia_Ext_fe6593,,,,,
2026-09-12T15:31:23-05:00,PUR_IED_Brasilia_S24_7c130d,PUR_IED_Brasilia_S24_7c130d,,,,,
2026-09-12T15:31:23-05:00,PUR_IED_Brasilia_S501_186a54,PUR_IED_Brasilia_S501_186a54,,,,,
2026-09-12T15:31:23-05:00,PUR_IED_CHARRY_EXT_f1d5cd,PUR_IED_CHARRY_EXT_f1d5cd,,,,,
2026-09-12T15:31:23-05:00,PUR_IED_CHARRY_INTDANZAS_7a08e6,PUR_IED_CHARRY_INTDANZAS_7a08e6,,,,,
2026-09-12T15:31:23-05:00,PUR_IED_CHARRY_INT_AULA20_dc998d,PUR_IED_CHARRY_INT_AULA20_dc998d,,,,,
2026-09-12T15:31:23-05:00,PUR_IED_COLVIV_1101_S25_7f520a,PUR_IED_COLVIV_1101_S25_7f520a,,,,,
2026-09-12T15:31:23-05:00,PUR_IED_COLVIV_1102_S16_f570ba,PUR_IED_COLVIV_1102_S16_f570ba,,,,,
2026-09-12T15:31:23-05:00,PUR_IED_COLVIV_Ext_1a26fa,PUR_IED_COLVIV_Ext_1a26fa,,,,,
2026-09-12T15:31:23-05:00,PUR_IED_CULPOP_301A_f660f3,PUR_IED_CULPOP_301A_f660f3,,,,,
2026-09-12T15:31:23-05:00,PUR_IED_CULPOP_303_568afe,PUR_IED_CULPOP_303_568afe,,,,,
2026-09-12T15:31:23-05:00,PUR_IED_CULPOP_Ext_e02ccb,PUR_IED_CULPOP_Ext_e02ccb,,,,,
2026-09-12T15:31:23-05:00,PUR_IED_CVillavicen_Ext_26eb58,PUR_IED_CVillavicen_Ext_26eb58,3,17,72,4.487,-74.102798
2026-09-12T15:31:23-05:00,PUR_IED_CVillavicen_Intel_1ce5c2,PUR_IED_CVillavicen_Intel_1ce5c2,,,,,
2026-09-12T15:31:23-05:00,PUR_IED_CVillavicen_Poliv_e0766c,PUR_IED_CVillavicen_Poliv_e0766c,,,,,
2026-09-12T15:31:23-05:00,PUR_IED_CVillavicen_int_1ba140,PUR_IED_CVillavicen_int_1ba140,,,,,
2026-09-12T15:31:23-05:00,PUR_IED_CVillavicen_intel_1ba140,PUR_IED_CVillavicen_intel_1ba140,,,,,
2026-09-12T15:31:23-05:00,PUR_IED_CarlosPizarro_Ext_e307cc,PUR_IED_CarlosPizarro_Ext_e307cc,,,,,
2026-09-12T15:31:23-05:00,PUR_IED_CarlosPizarro_L36_7e5cdb,PUR_IED_CarlosPizarro_L36_7e5cdb,,,,,
2026-09-12T15:31:23-05:00,PUR_IED_CarlosPizarro_L37_c8566c,PUR_IED_CarlosPizarro_L37_c8566c,,,,,
2026-09-12T15:31:23-05:00,PUR_IED_Castilla_Ext_cf35f,PUR_IED_Castilla_Ext_cf35f,,,,,
2026-09-12T15:31:23-05:00,PUR_IED_Castilla_SFisik_360e38,PUR_IED_Castilla_SFisik_360e38,,,,,
2026-09-12T15:31:23-05:00,PUR_IED_Castilla_Sc304_496fbf,PUR_IED_Castilla_Sc304_496fbf,,,,,
2026-09-12T15:31:23-05:00,PUR_IED_CervantesSa_Ext_6b57b,PUR_IED_CervantesSa_Ext_6b57b,2,20,59,4.5128,-74.117203
2026-09-12T15:31:23-05:00,PUR_IED_CervantesSa_S107_225c2b,PUR_IED_CervantesSa_S107_225c2b,,,,,
2026-09-12T15:31:23-05:00,PUR_IED_CervantesSa_S108_940925,PUR_IED_CervantesSa_S108_940925,,,,,
2026-09-12T15:31:23-05:00,PUR_IED_Charry_A20_f53e7c,PUR_IED_Charry_A20_f53e7c,,,,,
2026-09-12T15:31:23-05:00,PUR_IED_Charry_Ext_f1d5cd,PUR_IED_Charry_Ext_f1d5cd,,,,,
2026-09-12T15:31:23-05:00,PUR_IED_Charry_IntAula20_dc998d,PUR_IED_Charry_IntAula20_dc998d,,,,,
2026-09-12T15:31:23-05:00,PUR_IED_Charry_IntDanzas_7a08e6,PUR_IED_Charry_IntDanzas_7a08e6,,,,,
2026-09-12T15:31:23-05:00,PUR_IED_ClememciaC_203_43e2fc,PUR_IED_ClememciaC_203_43e2fc,,,,,
2026-09-12T15:31:23-05:00,PUR_IED_ClememciaC_Ext_1b411a,PUR_IED_ClememciaC_Ext_1b411a,,,,,
2026-09-12T15:31:23-05:00,PUR_IED_ClememciaC_Quimic_44b5fc,PUR_IED_ClememciaC_Quimic_44b5fc,,,,,
2026-09-12T15:31:23-05:00,PUR_IED_ClemenciaC_203_43e2fc,PUR_IED_ClemenciaC_203_43e2fc,,,,,
2026-09-12T15:31:23-05:00,PUR_IED_ClemenciaC_Ext_1b411a,PUR_IED_ClemenciaC_Ext_1b411a,,,,,
2026-09-12T15:31:23-05:00,PUR_IED_ClemenciaC_Quimic_44b5fc,PUR_IED_ClemenciaC_Quimic_44b5fc,,,,,
2026-09-12T15:31:23-05:00,PUR_IED_ColViva_1101_S25_7f520a,PUR_IED_ColViva_1101_S25_7f520a,,,,,
2026-09-12T15:31:23-05:00,PUR_IED_ColViva_1102_S16_f570ba,PUR_IED_ColViva_1102_S16_f570ba,,,,,
2026-09-12T15:31:23-05:00,PUR_IED_ColViva_Ext_1a26fa,PUR_IED_ColViva_Ext_1a26fa,,,,,
2026-09-12T15:31:23-05:00,PUR_IED_ColegioBici_Asist_7c8798,PUR_IED_ColegioBici_Asist_7c8798,,,,,
2026-09-12T15:31:23-05:00,PUR_IED_ColegioBici_Ext_25cbf6,PUR_IED_ColegioBici_Ext_25cbf6,,,,,
2026-09-12T15:31:23-05:00,PUR_IED_ColegioBici_LabQ_7b57db,PUR_IED_ColegioBici_LabQ_7b57db,,,,,
2026-09-12T15:31:23-05:00,PUR_IED_CostaRica_Ext_5e640,PUR_IED_CostaRica_Ext_5e640,,,,,
2026-09-12T15:31:23-05:00,PUR_IED_CostaRica_Quim1_766d1c,PUR_IED_CostaRica_Quim1_766d1c,,,,,
2026-09-12T15:31:23-05:00,PUR_IED_CostaRica__Fisica_6f0873,PUR_IED_CostaRica__Fisica_6f0873,,,,,
2026-09-12T15:31:23-05:00,PUR_IED_CulPopu_301A_f660f3,PUR_IED_CulPopu_301A_f660f3,,,,,
2026-09-12T15:31:23-05:00,PUR_IED_CulPopu_303_568afe,PUR_IED_CulPopu_303_568afe,,,,,
2026-09-12T15:31:23-05:00,PUR_IED_CulPopu_Ext_e02ccb,PUR_IED_CulPopu_Ext_e02ccb,,,,,
2026-09-12T15:31:23-05:00,PUR_IED_Cundinamarca_Ext_f15985,PUR_IED_Cundinamarca_Ext_f15985,,,,,
2026-09-12T15:31:23-05:00,PUR_IED_Cundinamarca_Info_7aa5d7,PUR_IED_Cundinamarca_Info_7aa5d7,,,,,
2026-09-12T15:31:23-05:00,PUR_IED_Cundinamarca_Tec2_f449c7,PUR_IED_Cundinamarca_Tec2_f449c7,,,,,
2026-09-12T15:31:23-05:00,PUR_IED_DiegoM_Aula1_27b314,PUR_IED_DiegoM_Aula1_27b314,,,,,
2026-09-12T15:31:23-05:00,PUR_IED_DiegoM_Ext_d80ac8,PUR_IED_DiegoM_Ext_d80ac8,,,,,
2026-09-12T15:31:23-05:00,PUR_IED_DiegoM_S25_da928f,PUR_IED_DiegoM_S25_da928f,,,,,
2026-09-12T15:31:23-05:00,PUR_IED_ELRODEO_360881,PUR_IED_ELRODEO_360881,,,,,
2026-09-12T15:31:23-05:00,PUR_IED_ELRODEO_ext_360881,PUR_IED_ELRODEO_ext_360881,,,,,
2026-09-12T15:31:23-05:00,PUR_IED_EduardoU_Ext_1c1969,PUR_IED_EduardoU_Ext_1c1969,,,,,
2026-09-12T15:31:23-05:00,PUR_IED_EduardoU_SCiencia_4dfb94,PUR_IED_EduardoU_SCiencia_4dfb94,,,,,
2026-09-12T15:31:23-05:00,PUR_IED_EduardoU_SQuimica_5a46e7,PUR_IED_EduardoU_SQuimica_5a46e7,,,,,
2026-09-12T15:31:23-05:00,PUR_IED_ElRodeo_Aula14_676984,PUR_IED_ElRodeo_Aula14_676984,,,,,
2026-09-12T15:31:23-05:00,PUR_IED_ElRodeo_Aula16_2dd35b,PUR_IED_ElRodeo_Aula16_2dd35b,,,,,
2026-09-12T15:31:23-05:00,PUR_IED_ElRodeo_Ext_360881,PUR_IED_ElRodeo_Ext_360881,,,,,
2026-09-12T15:31:23-05:00,PUR_IED_ElRodeo_Exterior_8c6d28,PUR_IED_ElRodeo_Exterior_8c6d28,,,,,
2026-09-12T15:31:23-05:00,PUR_IED_ElRodeo_ext_360881,PUR_IED_ElRodeo_ext_360881,,,,,
2026-09-12T15:31:23-05:00,PUR_IED_EmmaReyes_Ext_987625,PUR_IED_EmmaReyes_Ext_987625,4,22,48,4.6367,-74.1511
2026-09-12T15:31:23-05:00,PUR_IED_Ensueño_Ext_7f0250,PUR_IED_Ensueño_Ext_7f0250,,,,,
2026-09-12T15:31:23-05:00,PUR_IED_EscNormal_Ext_5fef3b,PUR_IED_EscNormal_Ext_5fef3b,2,21,55,4.5852,-74.096901
2026-09-12T15:31:23-05:00,PUR_IED_EscNormal_S309_5b263,PUR_IED_EscNormal_S309_5b263,,,,,
2026-09-12T15:31:23-05:00,PUR_IED_EscNormal_S310_27b3b8,PUR_IED_EscNormal_S310_27b3b8,,,,,
2026-09-12T15:31:23-05:00,PUR_IED_Evangelista_Conta_f6cd4f,PUR_IED_Evangelista_Conta_f6cd4f,,,,,
2026-09-12T15:31:23-05:00,PUR_IED_Evangelista_Cri_5e16a,PUR_IED_Evangelista_Cri_5e16a,,,,,
2026-09-12T15:31:23-05:00,PUR_IED_Evangelista_Exter_754066,PUR_IED_Evangelista_Exter_754066,,,,,
2026-09-12T15:31:23-05:00,PUR_IED_FMiranda_S209_5cc2a3,PUR_IED_FMiranda_S209_5cc2a3,,,,,
2026-09-12T15:31:23-05:00,PUR_IED_FMiranda_S303_19e344,PUR_IED_FMiranda_S303_19e344,,,,,
2026-09-12T15:31:23-05:00,PUR_IED_FMiranda_ext_f53e7c,PUR_IED_FMiranda_ext_f53e7c,,,,,
2026-09-12T15:31:23-05:00,PUR_IED_FabioLozano_Bibli_1cee05,PUR_IED_FabioLozano_Bibli_1cee05,,,,,
2026-09-12T15:31:23-05:00,PUR_IED_FabioLozano_Ext_6ea285,PUR_IED_FabioLozano_Ext_6ea285,,,,,
2026-09-12T15:31:23-05:00,PUR_IED_FabioLozano_SLudi_f09e1e,PUR_IED_FabioLozano_SLudi_f09e1e,,,,,
2026-09-12T15:31:23-05:00,PUR_IED_FaustinoS_Aula07_27a731,PUR_IED_FaustinoS_Aula07_27a731,,,,,
2026-09-12T15:31:23-05:00,PUR_IED_FaustinoS_Ext_7b936f,PUR_IED_FaustinoS_Ext_7b936f,,,,,
2026-09-12T15:31:23-05:00,PUR_IED_FaustinoS_Fisica_da2c60,PUR_IED_FaustinoS_Fisica_da2c60,,,,,
2026-09-12T15:31:23-05:00,PUR_IED_FeGarciaLo_Ext_dc68ee,PUR_IED_FeGarciaLo_Ext_dc68ee,,,,,
2026-09-12T15:31:23-05:00,PUR_IED_FeGarciaLo_SDanza_f70a59,PUR_IED_FeGarciaLo_SDanza_f70a59,,,,,
2026-09-12T15:31:23-05:00,PUR_IED_FeGarciaLo_SMusic_125cdd,PUR_IED_FeGarciaLo_SMusic_125cdd,,,,,
2026-09-12T15:31:23-05:00,PUR_IED_FederalAlema_Exte_50c345,PUR_IED_FederalAlema_Exte_50c345,,,,,
2026-09-12T15:31:23-05:00,PUR_IED_FederalAlema_S31_f18371,PUR_IED_FederalAlema_S31_f18371,,,,,
2026-09-12T15:31:23-05:00,PUR_IED_FederalAlema_S901_a62cd,PUR_IED_FederalAlema_S901_a62cd,,,,,
2026-09-12T15:31:23-05:00,PUR_IED_FilarmonicaS_A5_f35eb1,PUR_IED_FilarmonicaS_A5_f35eb1,,,,,
2026-09-12T15:31:23-05:00,PUR_IED_FilarmonicaS_Ext_8a3bde,PUR_IED_FilarmonicaS_Ext_8a3bde,,,,,
2026-09-12T15:31:23-05:00,PUR_IED_FilarmonicaS_Spol_406114,PUR_IED_FilarmonicaS_Spol_406114,,,,,
2026-09-12T15:31:23-05:00,PUR_IED_FlorentinoG_A13_d1fa59,PUR_IED_FlorentinoG_A13_d1fa59,,,,,
2026-09-12T15:31:23-05:00,PUR_IED_FlorentinoG_Ext_1ce6ce,PUR_IED_FlorentinoG_Ext_1ce6ce,,,,,
2026-09-12T15:31:23-05:00,PUR_IED_FlorentinoG_Idiom_a66aac,PUR_IED_FlorentinoG_Idiom_a66aac,,,,,
2026-09-12T15:31:23-05:00,PUR_IED_FranciscoMati_Ext_e3869d,PUR_IED_FranciscoMati_Ext_e3869d,,,,,
2026-09-12T15:31:23-05:00,PUR_IED_FranciscoMati_S13_f31c67,PUR_IED_FranciscoMati_S13_f31c67,,,,,
2026-09-12T15:31:23-05:00,PUR_IED_FranciscoMati_S14_97dead,PUR_IED_FranciscoMati_S14_97dead,,,,,
2026-09-12T15:31:23-05:00,PUR_IED_FranciscoPS_Ext_7bfa9a,PUR_IED_FranciscoPS_Ext_7bfa9a,2,22,54,4.5899,-74.110397
2026-09-12T15:31:23-05:00,PUR_IED_FranciscoPS_Infor_fb8f4c,PUR_IED_FranciscoPS_Infor_fb8f4c,,,,,
2026-09-12T15:31:23-05:00,PUR_IED_FranciscoPS_Quimi_94d39c,PUR_IED_FranciscoPS_Quimi_94d39c,,,,,
2026-09-12T15:31:23-05:00,PUR_IED_FranciscoP_LabQ_d7e148,PUR_IED_FranciscoP_LabQ_d7e148,,,,,
2026-09-12T15:31:23-05:00,PUR_IED_FranciscoP_S28_cf9b30,PUR_IED_FranciscoP_S28_cf9b30,,,,,
2026-09-12T15:31:23-05:00,PUR_IED_FranciscoP_ext_e2313,PUR_IED_FranciscoP_ext_e2313,,,,,
2026-09-12T15:31:23-05:00,PUR_IED_FriederichN_Ext_8ac92a,PUR_IED_FriederichN_Ext_8ac92a,,,,,
2026-09-12T15:31:23-05:00,PUR_IED_FriederichN_S301_dd7e5a,PUR_IED_FriederichN_S301_dd7e5a,,,,,
2026-09-12T15:31:23-05:00,PUR_IED_FriederichN_S308_761f4f,PUR_IED_FriederichN_S308_761f4f,,,,,
2026-09-12T15:31:23-05:00,PUR_IED_GSantander_Aula10_533dd7,PUR_IED_GSantander_Aula10_533dd7,,,,,
2026-09-12T15:31:23-05:00,PUR_IED_GSantander_Aula12_fd4e4f,PUR_IED_GSantander_Aula12_fd4e4f,,,,,
2026-09-12T15:31:23-05:00,PUR_IED_GSantander_Aula310_533dd7,PUR_IED_GSantander_Aula310_533dd7,,,,,
2026-09-12T15:31:23-05:00,PUR_IED_GSantander_Aula312_fd4e4f,PUR_IED_GSantander_Aula312_fd4e4f,,,,,
2026-09-12T15:31:23-05:00,PUR_IED_GSantander_Ext_5f66b0,PUR_IED_GSantander_Ext_5f66b0,,,,,
2026-09-12T15:31:23-05:00,PUR_IED_GYomasa_Ext_f6bea5,PUR_IED_GYomasa_Ext_f6bea5,,,,,
2026-09-12T15:31:23-05:00,PUR_IED_GYomasa_LBiol_2c41aa,PUR_IED_GYomasa_LBiol_2c41aa,,,,,
2026-09-12T15:31:23-05:00,PUR_IED_GYomasa_LQuim_33c80,PUR_IED_GYomasa_LQuim_33c80,,,,,
2026-09-12T15:31:23-05:00,PUR_IED_GabBetMejia_Cienc_5a99c,PUR_IED_GabBetMejia_Cienc_5a99c,,,,,
2026-09-12T15:31:23-05:00,PUR_IED_GabBetMejia_Ext_9153d0,PUR_IED_GabBetMejia_Ext_9153d0,,,,,
2026-09-12T15:31:23-05:00,PUR_IED_GabBetMejia_Lab_f55347,PUR_IED_GabBetMejia_Lab_f55347,,,,,
2026-09-12T15:31:23-05:00,PUR_IED_GabBetanMejia_Ext_9153d0,PUR_IED_GabBetanMejia_Ext_9153d0,,,,,
2026-09-12T15:31:23-05:00,PUR_IED_Gaitana_Aula13_7aac11,PUR_IED_Gaitana_Aula13_7aac11,,,,,
2026-09-12T15:31:23-05:00,PUR_IED_Gaitana_Ext_5fcf4,PUR_IED_Gaitana_Ext_5fcf4,,,,,
2026-09-12T15:31:23-05:00,PUR_IED_Gaitana_LabFisica_644448,PUR_IED_Gaitana_LabFisica_644448,,,,,
2026-09-12T15:31:23-05:00,PUR_IED_GenSantander_Dise_8ac858,PUR_IED_GenSantander_Dise_8ac858,,,,,
2026-09-12T15:31:23-05:00,PUR_IED_GenSantander_Ext_8d5dfe,PUR_IED_GenSantander_Ext_8d5dfe,,,,,
2026-09-12T15:31:23-05:00,PUR_IED_GenSantander_Info_6c25b,PUR_IED_GenSantander_Info_6c25b,,,,,
2026-09-12T15:31:23-05:00,PUR_IED_GustavoMo_Exterio_75e63d,PUR_IED_GustavoMo_Exterio_75e63d,,,,,
2026-09-12T15:31:23-05:00,PUR_IED_GustavoMo_LabFisi_224d37,PUR_IED_GustavoMo_LabFisi_224d37,,,,,
2026-09-12T15:31:23-05:00,PUR_IED_GustavoMo_S208_3e6918,PUR_IED_GustavoMo_S208_3e6918,,,,,
2026-09-12T15:31:23-05:00,PUR_IED_GustavoR_A02_8cd4a8,PUR_IED_GustavoR_A02_8cd4a8,,,,,
2026-09-12T15:31:23-05:00,PUR_IED_GustavoR_B11_5b0ed,PUR_IED_GustavoR_B11_5b0ed,,,,,
2026-09-12T15:31:23-05:00,PUR_IED_GustavoR_Ext_7a0c90,PUR_IED_GustavoR_Ext_7a0c90,,,,,
2026-09-12T15:31:23-05:00,PUR_IED_HernandoDuran_Ext_8cd82b,PUR_IED_HernandoDuran_Ext_8cd82b,,,,,
2026-09-12T15:31:23-05:00,PUR_IED_HernandoDuran_S24_2772c6,PUR_IED_HernandoDuran_S24_2772c6,,,,,
2026-09-12T15:31:23-05:00,PUR_IED_HernandoDuran_S30_f2de41,PUR_IED_HernandoDuran_S30_f2de41,,,,,
2026-09-12T15:31:23-05:00,PUR_IED_HolguInUr_S1101_8cd732,PUR_IED_HolguInUr_S1101_8cd732,,,,,
2026-09-12T15:31:23-05:00,PUR_IED_HolguinUr_Exter_ddae6d,PUR_IED_HolguinUr_Exter_ddae6d,,,,,
2026-09-12T15:31:23-05:00,PUR_IED_HolguinUr_LabQuim_92b952,PUR_IED_HolguinUr_LabQuim_92b952,,,,,
2026-09-12T15:31:23-05:00,PUR_IED_Isabel-II_Ext_5245cc,PUR_IED_Isabel-II_Ext_5245cc,2,20,54,4.6336,-74.153
2026-09-12T15:31:23-05:00,PUR_IED_Isabel-II_S_idiom_1c29aa,PUR_IED_Isabel-II_S_idiom_1c29aa,,,,,
2026-09-12T15:31:23-05:00,PUR_IED_Isabel-II_S_infor_fd741,PUR_IED_Isabel-II_S_infor_fd741,,,,,
2026-09-12T15:31:23-05:00,PUR_IED_IsidroSur_Exterio_5b90ea,PUR_IED_IsidroSur_Exterio_5b90ea,,,,,
2026-09-12T15:31:23-05:00,PUR_IED_IsidroSur_LabTec_56697a,PUR_IED_IsidroSur_LabTec_56697a,,,,,
2026-09-12T15:31:23-05:00,PUR_IED_IsidroSur_Robotic_b7c38f,PUR_IED_IsidroSur_Robotic_b7c38f,,,,,
2026-09-12T15:31:23-05:00,PUR_IED_IsmaelPerd_Ext_7b6672,PUR_IED_IsmaelPerd_Ext_7b6672,,,,,
2026-09-12T15:31:23-05:00,PUR_IED_IsmaelPerd_Inform_306540,PUR_IED_IsmaelPerd_Inform_306540,,,,,
2026-09-12T15:31:23-05:00,PUR_IED_IsmaelPerd_S30_2e2c83,PUR_IED_IsmaelPerd_S30_2e2c83,,,,,
2026-09-12T15:31:23-05:00,PUR_IED_JLozano_Exter_432910,PUR_IED_JLozano_Exter_432910,,,,,
2026-09-12T15:31:23-05:00,PUR_IED_JLozano_salaMulti_df5125,PUR_IED_JLozano_salaMulti_df5125,,,,,
2026-09-12T15:31:23-05:00,PUR_IED_JMCordoba_206_86f80b,PUR_IED_JMCordoba_206_86f80b,,,,,
2026-09-12T15:31:23-05:00,PUR_IED_JMCordoba_Ext_27ad97,PUR_IED_JMCordoba_Ext_27ad97,,,,,
2026-09-12T15:31:23-05:00,PUR_IED_JMCordoba_S310_d59ab4,PUR_IED_JMCordoba_S310_d59ab4,,,,,
2026-09-12T15:31:23-05:00,PUR_IED_Japon_Ext_549100,PUR_IED_Japon_Ext_549100,,,,,
2026-09-12T15:31:23-05:00,PUR_IED_Japon_Laboratorio_bec51d,PUR_IED_Japon_Laboratorio_bec51d,,,,,
2026-09-12T15:31:23-05:00,PUR_IED_Japon_informatica_d99327,PUR_IED_Japon_informatica_d99327,,,,,
2026-09-12T15:31:23-05:00,PUR_IED_Jazmin_Ext_d27bda,PUR_IED_Jazmin_Ext_d27bda,,,,,
2026-09-12T15:31:23-05:00,PUR_IED_Jazmin_Fisica_8d14d7,PUR_IED_Jazmin_Fisica_8d14d7,,,,,
2026-09-12T15:31:23-05:00,PUR_IED_Jazmin_Quimica_801cb5,PUR_IED_Jazmin_Quimica_801cb5,,,,,
2026-09-12T15:31:23-05:00,PUR_IED_JorgeGaitan_Exter_f098d1,PUR_IED_JorgeGaitan_Exter_f098d1,,,,,
2026-09-12T15:31:23-05:00,PUR_IED_JorgeGaitan_STec1_dc9d1d,PUR_IED_JorgeGaitan_STec1_dc9d1d,,,,,
2026-09-12T15:31:23-05:00,PUR_IED_JorgeGaitan_STec2_281e69,PUR_IED_JorgeGaitan_STec2_281e69,,,,,
2026-09-12T15:31:23-05:00,PUR_IED_JorgeSoto_Exterio_d9d0a2,PUR_IED_JorgeSoto_Exterio_d9d0a2,,,,,
2026-09-12T15:31:23-05:00,PUR_IED_JorgeSoto_LabFisi_209c54,PUR_IED_JorgeSoto_LabFisi_209c54,,,,,
2026-09-12T15:31:23-05:00,PUR_IED_JorgeSoto_S103_27b51a,PUR_IED_JorgeSoto_S103_27b51a,,,,,
2026-09-12T15:31:23-05:00,PUR_IED_JoseAcevedo_A02_e965eb,PUR_IED_JoseAcevedo_A02_e965eb,,,,,
2026-09-12T15:31:23-05:00,PUR_IED_JoseAcevedo_A07_dd5b4,PUR_IED_JoseAcevedo_A07_dd5b4,,,,,
2026-09-12T15:31:23-05:00,PUR_IED_JoseAcevedo_Ext_b47484,PUR_IED_JoseAcevedo_Ext_b47484,,,,,
2026-09-12T15:31:23-05:00,PUR_IED_JoseMarti_Exte_5b9bf,PUR_IED_JoseMarti_Exte_5b9bf,,,,,
2026-09-12T15:31:23-05:00,PUR_IED_JoseMarti_LabQuim_1c6c2d,PUR_IED_JoseMarti_LabQuim_1c6c2d,,,,,
2026-09-12T15:31:23-05:00,PUR_IED_JoseMarti_S_info_f5f177,PUR_IED_JoseMarti_S_info_f5f177,,,,,
2026-09-12T15:31:23-05:00,PUR_IED_Josejoaquin_Ext_dfc5dc,PUR_IED_Josejoaquin_Ext_dfc5dc,,,,,
2026-09-12T15:31:23-05:00,PUR_IED_Josejoaquin_S05_5b2a96,PUR_IED_Josejoaquin_S05_5b2a96,,,,,
2026-09-12T15:31:23-05:00,PUR_IED_Josejoaquin_S06_1ce7d2,PUR_IED_Josejoaquin_S06_1ce7d2,,,,,
2026-09-12T15:31:23-05:00,PUR_IED_JulioFlorez_Danza_9b82dd,PUR_IED_JulioFlorez_Danza_9b82dd,,,,,
2026-09-12T15:31:23-05:00,PUR_IED_JulioFlorez_Exter_f9f314,PUR_IED_JulioFlorez_Exter_f9f314,,,,,
2026-09-12T15:31:23-05:00,PUR_IED_JulioFlorez_info2_6b6e08,PUR_IED_JulioFlorez_info2_6b6e08,,,,,
2026-09-12T15:31:23-05:00,PUR_IED_LaBelleza_Aula13_1d00d8,PUR_IED_LaBelleza_Aula13_1d00d8,,,,,
2026-09-12T15:31:23-05:00,PUR_IED_LaBelleza_Ext_7bc08c,PUR_IED_LaBelleza_Ext_7bc08c,,,,,
2026-09-12T15:31:23-05:00,PUR_IED_LaChucua_Ext_8cd6d2,PUR_IED_LaChucua_Ext_8cd6d2,,,,,
2026-09-12T15:31:23-05:00,PUR_IED_LaChucua_S15_f578ce,PUR_IED_LaChucua_S15_f578ce,,,,,
2026-09-12T15:31:23-05:00,PUR_IED_LaChucua_S16_eebcf9,PUR_IED_LaChucua_S16_eebcf9,,,,,
2026-09-12T15:31:23-05:00,PUR_IED_LaFelicidad_Ext_fb5109,PUR_IED_LaFelicidad_Ext_fb5109,,,,,
2026-09-12T15:31:23-05:00,PUR_IED_LaMerced_206_66ebd,PUR_IED_LaMerced_206_66ebd,,,,,
2026-09-12T15:31:23-05:00,PUR_IED_LaMerced_207_6ebd6,PUR_IED_LaMerced_207_6ebd6,,,,,
2026-09-12T15:31:23-05:00,PUR_IED_LaMerced_ext_304311,PUR_IED_LaMerced_ext_304311,,,,,
2026-09-12T15:31:23-05:00,PUR_IED_Laureano_CiencNat_281e5e,PUR_IED_Laureano_CiencNat_281e5e,,,,,
2026-09-12T15:31:23-05:00,PUR_IED_Laureano_Comedor_f65c0a,PUR_IED_Laureano_Comedor_f65c0a,,,,,
2026-09-12T15:31:23-05:00,PUR_IED_Laureano_Exterior_7ab011,PUR_IED_Laureano_Exterior_7ab011,,,,,
2026-09-12T15:31:23-05:00,PUR_IED_LeonGreiff_Exte_dfe560,PUR_IED_LeonGreiff_Exte_dfe560,,,,,
2026-09-12T15:31:23-05:00,PUR_IED_LeonGreiff_S210_f264ed,PUR_IED_LeonGreiff_S210_f264ed,,,,,
2026-09-12T15:31:23-05:00,PUR_IED_LeonGreiff_SQuimi_e8296f,PUR_IED_LeonGreiff_SQuimi_e8296f,,,,,
2026-09-12T15:31:23-05:00,PUR_IED_LlanoOrientalS208_7b9fcd,PUR_IED_LlanoOrientalS208_7b9fcd,,,,,
2026-09-12T15:31:23-05:00,PUR_IED_LlanoOriental_Ext_fb3766,PUR_IED_LlanoOriental_Ext_fb3766,,,,,
2026-09-12T15:31:23-05:00,PUR_IED_LlanoOriental_S208_7b9fcd,PUR_IED_LlanoOriental_S208_7b9fcd,,,,,
2026-09-12T15:31:23-05:00,PUR_IED_LlanoOriental_S9_27b378,PUR_IED_LlanoOriental_S9_27b378,,,,,
2026-09-12T15:31:23-05:00,PUR_IED_LosTejares_1101_477602,PUR_IED_LosTejares_1101_477602,,,,,
2026-09-12T15:31:23-05:00,PUR_IED_LosTejares_11_d2c595,PUR_IED_LosTejares_11_d2c595,,,,,
2026-09-12T15:31:23-05:00,PUR_IED_LosTejares_12_477602,PUR_IED_LosTejares_12_477602,,,,,
2026-09-12T15:31:23-05:00,PUR_IED_LosTejares_Ext_8e2115,PUR_IED_LosTejares_Ext_8e2115,,,,,
2026-09-12T15:31:23-05:00,PUR_IED_MagdalenaO_B202_5ddda3,PUR_IED_MagdalenaO_B202_5ddda3,,,,,
2026-09-12T15:31:23-05:00,PUR_IED_MagdalenaO_B205_fb76e8,PUR_IED_MagdalenaO_B205_fb76e8,,,,,
2026-09-12T15:31:23-05:00,PUR_IED_MagdalenaO_ext_dc69cd,PUR_IED_MagdalenaO_ext_dc69cd,,,,,
2026-09-12T15:31:23-05:00,PUR_IED_ManueCepeda_artes_eee956,PUR_IED_ManueCepeda_artes_eee956,,,,,
2026-09-12T15:31:23-05:00,PUR_IED_ManuelCepeda_Ext_58313,PUR_IED_ManuelCepeda_Ext_58313,,,,,
2026-09-12T15:31:23-05:00,PUR_IED_ManuelCepeda_tec_1c5731,PUR_IED_ManuelCepeda_tec_1c5731,,,,,
2026-09-12T15:31:23-05:00,PUR_IED_ManuelS_Exterior_5b269,PUR_IED_ManuelS_Exterior_5b269,,,,,
2026-09-12T15:31:23-05:00,PUR_IED_ManuelS_Inform_f369ce,PUR_IED_ManuelS_Inform_f369ce,,,,,
2026-09-12T15:31:23-05:00,PUR_IED_ManuelS_SArtes_7d15f1,PUR_IED_ManuelS_SArtes_7d15f1,,,,,
2026-09-12T15:31:23-05:00,PUR_IED_ManuelZapata_303_3ca6,PUR_IED_ManuelZapata_303_3ca6,,,,,
2026-09-12T15:31:23-05:00,PUR_IED_ManuelZapata_311_bfbabc,PUR_IED_ManuelZapata_311_bfbabc,,,,,
2026-09-12T15:31:23-05:00,PUR_IED_ManuelZapata_Ext_50824a,PUR_IED_ManuelZapata_Ext_50824a,,,,,
2026-09-12T15:31:23-05:00,PUR_IED_ManuelitaS_Exteri_656a92,PUR_IED_ManuelitaS_Exteri_656a92,,,,,
2026-09-12T15:31:23-05:00,PUR_IED_ManuelitaS_JuzgDe_f58ec3,PUR_IED_ManuelitaS_JuzgDe_f58ec3,,,,,
2026-09-12T15:31:23-05:00,PUR_IED_ManuelitaS_Recrea_d793db,PUR_IED_ManuelitaS_Recrea_d793db,,,,,
2026-09-12T15:31:23-05:00,PUR_IED_MarFidSuarez_Ext_c27b19,PUR_IED_MarFidSuarez_Ext_c27b19,,,,,
2026-09-12T15:31:23-05:00,PUR_IED_MarFidSuarez_Info_e384d7,PUR_IED_MarFidSuarez_Info_e384d7,,,,,
2026-09-12T15:31:23-05:00,PUR_IED_MarFidSuarez_S306_1d0032,PUR_IED_MarFidSuarez_S306_1d0032,,,,,
2026-09-12T15:31:23-05:00,PUR_IED_Menorah_301_2a25a3,PUR_IED_Menorah_301_2a25a3,,,,,
2026-09-12T15:31:23-05:00,PUR_IED_Menorah_306_37ed3,PUR_IED_Menorah_306_37ed3,,,,,
2026-09-12T15:31:23-05:00,PUR_IED_Menorah_Ext_3e155b,PUR_IED_Menorah_Ext_3e155b,,,,,
2026-09-12T15:31:23-05:00,PUR_IED_MinutoB.Aires_A11_1b1604,PUR_IED_MinutoB.Aires_A11_1b1604,,,,,
2026-09-12T15:31:23-05:00,PUR_IED_MinutoB.Aires_A12_fb5860,PUR_IED_MinutoB.Aires_A12_fb5860,,,,,
2026-09-12T15:31:23-05:00,PUR_IED_MinutoB.Aires_Ext_81293f,PUR_IED_MinutoB.Aires_Ext_81293f,,,,,
2026-09-12T15:31:23-05:00,PUR_IED_MinutoBAires_A11_1b1604,PUR_IED_MinutoBAires_A11_1b1604,,,,,
2026-09-12T15:31:23-05:00,PUR_IED_MinutoBAires_A12_fb5860,PUR_IED_MinutoBAires_A12_fb5860,,,,,
2026-09-12T15:31:23-05:00,PUR_IED_MinutoBAires_Ext_81293f,PUR_IED_MinutoBAires_Ext_81293f,,,,,
2026-09-12T15:31:23-05:00,PUR_IED_Montreal_Aula10_1e4959,PUR_IED_Montreal_Aula10_1e4959,,,,,
2026-09-12T15:31:23-05:00,PUR_IED_Montreal_Aula6_300367,PUR_IED_Montreal_Aula6_300367,,,,,
2026-09-12T15:31:23-05:00,PUR_IED_Montreal_Exterior_91a179,PUR_IED_Montreal_Exterior_91a179,,,,,
2026-09-12T15:31:23-05:00,PUR_IED_Mqgdalena_B202_5ddda3,PUR_IED_Mqgdalena_B202_5ddda3,,,,,
2026-09-12T15:31:23-05:00,PUR_IED_NACUND_Soc_dc8728,PUR_IED_NACUND_Soc_dc8728,,,,,
2026-09-12T15:31:23-05:00,PUR_IED_NACUND_ext_27ad97,PUR_IED_NACUND_ext_27ad97,,,,,
2026-09-12T15:31:23-05:00,PUR_IED_NEsperanza_Ext_d24b61,PUR_IED_NEsperanza_Ext_d24b61,,,,,
2026-09-12T15:31:23-05:00,PUR_IED_NEsperanza_SElect_7d1807,PUR_IED_NEsperanza_SElect_7d1807,,,,,
2026-09-12T15:31:23-05:00,PUR_IED_NEsperanza_SLabor_8b2d0a,PUR_IED_NEsperanza_SLabor_8b2d0a,,,,,
2026-09-12T15:31:23-05:00,PUR_IED_NacionesU_Ext_f661a9,PUR_IED_NacionesU_Ext_f661a9,,,,,
2026-09-12T15:31:23-05:00,PUR_IED_NacionesU_Quimica_66f0a,PUR_IED_NacionesU_Quimica_66f0a,,,,,
2026-09-12T15:31:23-05:00,PUR_IED_NacionesU_S306_1b4b3d,PUR_IED_NacionesU_S306_1b4b3d,,,,,
2026-09-12T15:31:23-05:00,PUR_IED_NestorFA_Ext_e4201c,PUR_IED_NestorFA_Ext_e4201c,,,,,
2026-09-12T15:31:23-05:00,PUR_IED_NestorFA_Laborato_f22fe0,PUR_IED_NestorFA_Laborato_f22fe0,,,,,
2026-09-12T15:31:23-05:00,PUR_IED_NestorFA_S204_dee996,PUR_IED_NestorFA_S204_dee996,,,,,
2026-09-12T15:31:23-05:00,PUR_IED_NidyaQT_Aula03_76999b,PUR_IED_NidyaQT_Aula03_76999b,,,,,
2026-09-12T15:31:23-05:00,PUR_IED_NidyaQT_Aula10_56325,PUR_IED_NidyaQT_Aula10_56325,,,,,
2026-09-12T15:31:23-05:00,PUR_IED_NidyaQT_Ext_46e32d,PUR_IED_NidyaQT_Ext_46e32d,,,,,
2026-09-12T15:31:23-05:00,PUR_IED_NuevaCol_Exterior_d9b859,PUR_IED_NuevaCol_Exterior_d9b859,,,,,
2026-09-12T15:31:23-05:00,PUR_IED_NuevaCol_S1101_76c43b,PUR_IED_NuevaCol_S1101_76c43b,,,,,
2026-09-12T15:31:23-05:00,PUR_IED_NuevaCol_S1102_1ce0b5,PUR_IED_NuevaCol_S1102_1ce0b5,,,,,
2026-09-12T15:31:23-05:00,PUR_IED_OEA_A202_f7e3f2,PUR_IED_OEA_A202_f7e3f2,,,,,
2026-09-12T15:31:23-05:00,PUR_IED_OEA_A203_7d1b8d,PUR_IED_OEA_A203_7d1b8d,,,,,
2026-09-12T15:31:23-05:00,PUR_IED_OEA_Ext_27b593,PUR_IED_OEA_Ext_27b593,,,,,
2026-09-12T15:31:23-05:00,PUR_IED_Ochoa_Ext_1c29da,PUR_IED_Ochoa_Ext_1c29da,,,,,
2026-09-12T15:31:23-05:00,PUR_IED_Ochoa_S205_8b1121,PUR_IED_Ochoa_S205_8b1121,,,,,
2026-09-12T15:31:23-05:00,PUR_IED_Ochoa_Sistemas_f33af6,PUR_IED_Ochoa_Sistemas_f33af6,,,,,
2026-09-12T15:31:23-05:00,PUR_IED_PQuebec_Ext_1c67c7,PUR_IED_PQuebec_Ext_1c67c7,,,,,
2026-09-12T15:31:23-05:00,PUR_IED_PQuebec_S15_23e8e2,PUR_IED_PQuebec_S15_23e8e2,,,,,
2026-09-12T15:31:23-05:00,PUR_IED_PQuebec_S16_8ec76b,PUR_IED_PQuebec_S16_8ec76b,,,,,
2026-09-12T15:31:23-05:00,PUR_IED_PabloN_Ext_49dc96,PUR_IED_PabloN_Ext_49dc96,,,,,
2026-09-12T15:31:23-05:00,PUR_IED_PabloN_S1102_4e3df5,PUR_IED_PabloN_S1102_4e3df5,,,,,
2026-09-12T15:31:23-05:00,PUR_IED_PabloN_S1103_50c94b,PUR_IED_PabloN_S1103_50c94b,,,,,
2026-09-12T15:31:23-05:00,PUR_IED_Palestina_S1101_db9198,PUR_IED_Palestina_S1101_db9198,,,,,
2026-09-12T15:31:23-05:00,PUR_IED_Palestina_S1102_dc54fa,PUR_IED_Palestina_S1102_dc54fa,,,,,
2026-09-12T15:31:23-05:00,PUR_IED_Palestina_ext_4ccce6,PUR_IED_Palestina_ext_4ccce6,,,,,
2026-09-12T15:31:23-05:00,PUR_IED_Panama_Fisica_4d0794,PUR_IED_Panama_Fisica_4d0794,,,,,
2026-09-12T15:31:23-05:00,PUR_IED_Panama_SIngles_a4077e,PUR_IED_Panama_SIngles_a4077e,,,,,
2026-09-12T15:31:23-05:00,PUR_IED_Panama_ext_4c54b4,PUR_IED_Panama_ext_4c54b4,,,,,
2026-09-12T15:31:23-05:00,PUR_IED_ParaisoM_Exterior_8cd7f0,PUR_IED_ParaisoM_Exterior_8cd7f0,,,,,
2026-09-12T15:31:23-05:00,PUR_IED_ParaisoM_Laborato_27af35,PUR_IED_ParaisoM_Laborato_27af35,,,,,
2026-09-12T15:31:23-05:00,PUR_IED_ParaisoM_S304_d1edca,PUR_IED_ParaisoM_S304_d1edca,,,,,
2026-09-12T15:31:23-05:00,PUR_IED_PorfirioBarba_Ext_301466,PUR_IED_PorfirioBarba_Ext_301466,,,,,
2026-09-12T15:31:23-05:00,PUR_IED_PorfirioBarba_S11_df6cd2,PUR_IED_PorfirioBarba_S11_df6cd2,,,,,
2026-09-12T15:31:23-05:00,PUR_IED_PorfirioBarba_S29_27a7d6,PUR_IED_PorfirioBarba_S29_27a7d6,,,,,
2026-09-12T15:31:23-05:00,PUR_IED_PradoV_Exter_8b27ad,PUR_IED_PradoV_Exter_8b27ad,,,,,
2026-09-12T15:31:23-05:00,PUR_IED_PradoV_S301_de65b5,PUR_IED_PradoV_S301_de65b5,,,,,
2026-09-12T15:31:23-05:00,PUR_IED_PradoV_S302_7d2593,PUR_IED_PradoV_S302_7d2593,,,,,
2026-09-12T15:31:23-05:00,PUR_IED_QuirogaAlz_Ext_1ddc82,PUR_IED_QuirogaAlz_Ext_1ddc82,,,,,
2026-09-12T15:31:23-05:00,PUR_IED_QuirogaAlz_S302_9926a3,PUR_IED_QuirogaAlz_S302_9926a3,,,,,
2026-09-12T15:31:23-05:00,PUR_IED_QuirogaAlz_S305_cdf1f1,PUR_IED_QuirogaAlz_S305_cdf1f1,,,,,
2026-09-12T15:31:23-05:00,PUR_IED_RGuatemala_Biling_dc53b7,PUR_IED_RGuatemala_Biling_dc53b7,,,,,
2026-09-12T15:31:23-05:00,PUR_IED_RGuatemala_Ext_1b89a3,PUR_IED_RGuatemala_Ext_1b89a3,,,,,
2026-09-12T15:31:23-05:00,PUR_IED_RGuatemala_Tecnol_281a34,PUR_IED_RGuatemala_Tecnol_281a34,,,,,
2026-09-12T15:31:23-05:00,PUR_IED_RafaNu_Ext_f7c302,PUR_IED_RafaNu_Ext_f7c302,,,,,
2026-09-12T15:31:23-05:00,PUR_IED_RafaNu_S1101_25fde,PUR_IED_RafaNu_S1101_25fde,,,,,
2026-09-12T15:31:23-05:00,PUR_IED_RafaNu_S1102_281517,PUR_IED_RafaNu_S1102_281517,,,,,
2026-09-12T15:31:23-05:00,PUR_IED_RafaelB_S305_ee2783,PUR_IED_RafaelB_S305_ee2783,,,,,
2026-09-12T15:31:23-05:00,PUR_IED_RafaelB_S306_75fe33,PUR_IED_RafaelB_S306_75fe33,,,,,
2026-09-12T15:31:23-05:00,PUR_IED_RafaelB_ext_283336,PUR_IED_RafaelB_ext_283336,2,20,54,4.6722,-74.0737
2026-09-12T15:31:23-05:00,PUR_IED_RafaelUU_Exterior_281a51,PUR_IED_RafaelUU_Exterior_281a51,,,,,
2026-09-12T15:31:23-05:00,PUR_IED_RafaelUU_Human_806b2,PUR_IED_RafaelUU_Human_806b2,,,,,
2026-09-12T15:31:23-05:00,PUR_IED_RafaelUU_Mate2_5680d4,PUR_IED_RafaelUU_Mate2_5680d4,,,,,
2026-09-12T15:31:23-05:00,PUR_IED_RamonSub_Ext_f9eeb9,PUR_IED_RamonSub_Ext_f9eeb9,,,,,
2026-09-12T15:31:23-05:00,PUR_IED_RamonSub_Media_d1f62f,PUR_IED_RamonSub_Media_d1f62f,,,,,
2026-09-12T15:31:23-05:00,PUR_IED_RamonSub_planta_51b82,PUR_IED_RamonSub_planta_51b82,,,,,
2026-09-12T15:31:23-05:00,PUR_IED_RepBoliVene_Exter_27af7c,PUR_IED_RepBoliVene_Exter_27af7c,,,,,
2026-09-12T15:31:23-05:00,PUR_IED_RepBoliVene_SCPT_5ae2ee,PUR_IED_RepBoliVene_SCPT_5ae2ee,,,,,
2026-09-12T15:31:23-05:00,PUR_IED_RepBoliVene_Socia_4b11d5,PUR_IED_RepBoliVene_Socia_4b11d5,,,,,
2026-09-12T15:31:23-05:00,PUR_IED_RepChina_Ext_76d9ee,PUR_IED_RepChina_Ext_76d9ee,,,,,
2026-09-12T15:31:23-05:00,PUR_IED_RepChina_S404_7c804c,PUR_IED_RepChina_S404_7c804c,,,,,
2026-09-12T15:31:23-05:00,PUR_IED_RepChina_S405_df2c33,PUR_IED_RepChina_S405_df2c33,,,,,
2026-09-12T15:31:23-05:00,PUR_IED_RepublicaC_Exteri_7d1ec9,PUR_IED_RepublicaC_Exteri_7d1ec9,,,,,
2026-09-12T15:31:23-05:00,PUR_IED_RepublicaC_S1101_f544b3,PUR_IED_RepublicaC_S1101_f544b3,,,,,
2026-09-12T15:31:23-05:00,PUR_IED_RepublicaC_S1102_7aafc7,PUR_IED_RepublicaC_S1102_7aafc7,,,,,
2026-09-12T15:31:23-05:00,PUR_IED_Ricaurte_Externo_a0ea1,PUR_IED_Ricaurte_Externo_a0ea1,,,,,
2026-09-12T15:31:23-05:00,PUR_IED_Ricaurte_S210_f546fd,PUR_IED_Ricaurte_S210_f546fd,,,,,
2026-09-12T15:31:23-05:00,PUR_IED_Ricaurte_S309_d4452,PUR_IED_Ricaurte_S309_d4452,,,,,
2026-09-12T15:31:23-05:00,PUR_IED_RogelioS_1102_531e69,PUR_IED_RogelioS_1102_531e69,,,,,
2026-09-12T15:31:23-05:00,PUR_IED_RogelioS_Ext_f25a18,PUR_IED_RogelioS_Ext_f25a18,,,,,
2026-09-12T15:31:23-05:00,PUR_IED_SBernardino_Ext_27aff8,PUR_IED_SBernardino_Ext_27aff8,,,,,
2026-09-12T15:31:23-05:00,PUR_IED_SBernardino_SArte_2ffd33,PUR_IED_SBernardino_SArte_2ffd33,,,,,
2026-09-12T15:31:23-05:00,PUR_IED_SBernardino_SIngl_7c7da5,PUR_IED_SBernardino_SIngl_7c7da5,,,,,
2026-09-12T15:31:23-05:00,PUR_IED_Sago_auditorio_dc9d1d,PUR_IED_Sago_auditorio_dc9d1d,,,,,
2026-09-12T15:31:23-05:00,PUR_IED_Saludcoop_Ext_95aac3,PUR_IED_Saludcoop_Ext_95aac3,,,,,
2026-09-12T15:31:23-05:00,PUR_IED_Saludcoop_InfI_90c854,PUR_IED_Saludcoop_InfI_90c854,,,,,
2026-09-12T15:31:23-05:00,PUR_IED_Saludcoop_SMedia_1b93be,PUR_IED_Saludcoop_SMedia_1b93be,,,,,
2026-09-12T15:31:23-05:00,PUR_IED_SanCarlos_1101_1a2360,PUR_IED_SanCarlos_1101_1a2360,,,,,
2026-09-12T15:31:23-05:00,PUR_IED_SanCarlos_1103_7bafb5,PUR_IED_SanCarlos_1103_7bafb5,,,,,
2026-09-12T15:31:23-05:00,PUR_IED_SanCarlos_Ext_b7cd1,PUR_IED_SanCarlos_Ext_b7cd1,,,,,
2026-09-12T15:31:23-05:00,PUR_IED_SanIgnacioBosa11a_50c26e,PUR_IED_SanIgnacioBosa11a_50c26e,,,,,
2026-09-12T15:31:23-05:00,PUR_IED_SanIgnacioBosa11b_371de8,PUR_IED_SanIgnacioBosa11b_371de8,,,,,
2026-09-12T15:31:23-05:00,PUR_IED_SanIgnacioBosaExt_ef0ffc,PUR_IED_SanIgnacioBosaExt_ef0ffc,,,,,
2026-09-12T15:31:23-05:00,PUR_IED_SanIgnacioBosa_11a_50c26e,PUR_IED_SanIgnacioBosa_11a_50c26e,,,,,
2026-09-12T15:31:23-05:00,PUR_IED_SanIgnacioBosa_Ext_ef0ffc,PUR_IED_SanIgnacioBosa_Ext_ef0ffc,,,,,
2026-09-12T15:31:23-05:00,PUR_IED_SanJoseN_intS1101_31c47f,PUR_IED_SanJoseN_intS1101_31c47f,,,,,
2026-09-12T15:31:23-05:00,PUR_IED_SanJoseUsm_Exter_f5d7e8,PUR_IED_SanJoseUsm_Exter_f5d7e8,,,,,
2026-09-12T15:31:23-05:00,PUR_IED_SanJoseUsm_Int11A_cfdef6,PUR_IED_SanJoseUsm_Int11A_cfdef6,,,,,
2026-09-12T15:31:23-05:00,PUR_IED_SilveriaR_IntB5_905349,PUR_IED_SilveriaR_IntB5_905349,,,,,
2026-09-12T15:31:23-05:00,PUR_IED_SilveriaR_IntSD14_981f93,PUR_IED_SilveriaR_IntSD14_981f93,,,,,
2026-09-12T15:31:23-05:00,PUR_IED_SilveriaR_ext_2b651d,PUR_IED_SilveriaR_ext_2b651d,,,,,
2026-09-12T15:31:23-05:00,PUR_IED_SimonB_Exterior_913975,PUR_IED_SimonB_Exterior_913975,,,,,
2026-09-12T15:31:23-05:00,PUR_IED_SimonB_LabQuimi_c56908,PUR_IED_SimonB_LabQuimi_c56908,,,,,
2026-09-12T15:31:23-05:00,PUR_IED_SimonB_informatic_a28c1,PUR_IED_SimonB_informatic_a28c1,,,,,
2026-09-12T15:31:23-05:00,PUR_IED_Sorrento_1102_315f50,PUR_IED_Sorrento_1102_315f50,,,,,
2026-09-12T15:31:23-05:00,PUR_IED_Sorrento_Minte_214eab,PUR_IED_Sorrento_Minte_214eab,,,,,
2026-09-12T15:31:23-05:00,PUR_IED_Sorrento_ext_7c3a0a,PUR_IED_Sorrento_ext_7c3a0a,,,,,
2026-09-12T15:31:23-05:00,PUR_IED_Tabora_Ext_f048ae,PUR_IED_Tabora_Ext_f048ae,,,,,
2026-09-12T15:31:23-05:00,PUR_IED_Tabora_S1102_b07752,PUR_IED_Tabora_S1102_b07752,,,,,
2026-09-12T15:31:23-05:00,PUR_IED_Tabora_S1103_d988f5,PUR_IED_Tabora_S1103_d988f5,,,,,
2026-09-12T15:31:23-05:00,PUR_IED_Tenerife_Ext_1ab188,PUR_IED_Tenerife_Ext_1ab188,,,,,
2026-09-12T15:31:23-05:00,PUR_IED_Tenerife_SDanzas_7bc02e,PUR_IED_Tenerife_SDanzas_7bc02e,,,,,
2026-09-12T15:31:23-05:00,PUR_IED_Tenerife_SIngles_7cc277,PUR_IED_Tenerife_SIngles_7cc277,,,,,
2026-09-12T15:31:23-05:00,PUR_IED_Tibabuyes_Exter_f2683d,PUR_IED_Tibabuyes_Exter_f2683d,,,,,
2026-09-12T15:31:23-05:00,PUR_IED_Tibabuyes_S10_dc87a8,PUR_IED_Tibabuyes_S10_dc87a8,,,,,
2026-09-12T15:31:23-05:00,PUR_IED_Tibabuyes_S15_dc0526,PUR_IED_Tibabuyes_S15_dc0526,,,,,
2026-09-12T15:31:23-05:00,PUR_IED_UnionE_S301_a1043,PUR_IED_UnionE_S301_a1043,,,,,
2026-09-12T15:31:23-05:00,PUR_IED_UnionE_S307_ff6c2f,PUR_IED_UnionE_S307_ff6c2f,,,,,
2026-09-12T15:31:23-05:00,PUR_IED_UnionE__Ext_5e2468,PUR_IED_UnionE__Ext_5e2468,,,,,
2026-09-12T15:31:23-05:00,PUR_IED_VillaRica_Ext_75be7c,PUR_IED_VillaRica_Ext_75be7c,,,,,
2026-09-12T15:31:23-05:00,PUR_IED_VillaRica_S4_cc5dcd,PUR_IED_VillaRica_S4_cc5dcd,,,,,
2026-09-12T15:31:23-05:00,PUR_IED_VillaRica_Sesp_99f5c,PUR_IED_VillaRica_Sesp_99f5c,,,,,
2026-09-12T15:36:07-05:00,PUR_IED_20deJulio_1101_91b1b9,PUR_IED_20deJulio_1101_91b1b9,,,,,
2026-09-12T15:36:07-05:00,PUR_IED_20deJulio_1102_1cfcf9,PUR_IED_20deJulio_1102_1cfcf9,,,,,
2026-09-12T15:36:07-05:00,PUR_IED_20deJulio_Ext_ab60bd,PUR_IED_20deJulio_Ext_ab60bd,,,,,
2026-09-12T15:36:07-05:00,PUR_IED_AgustinFer_Ext_7b9b77,PUR_IED_AgustinFer_Ext_7b9b77,,,,,
2026-09-12T15:36:07-05:00,PUR_IED_AgustinFer_Info2_27b3a7,PUR_IED_AgustinFer_Info2_27b3a7,,,,,
2026-09-12T15:36:07-05:00,PUR_IED_AgustinFer_Sena_54b4eb,PUR_IED_AgustinFer_Sena_54b4eb,,,,,
2026-09-12T15:36:07-05:00,PUR_IED_AlexanderF_1102_caf07b,PUR_IED_AlexanderF_1102_caf07b,,,,,
2026-09-12T15:36:07-05:00,PUR_IED_AlexanderF_1103_c79e71,PUR_IED_AlexanderF_1103_c79e71,,,,,
2026-09-12T15:36:07-05:00,PUR_IED_AlexanderF_Ext_c5b18b,PUR_IED_AlexanderF_Ext_c5b18b,,,,,
2026-09-12T15:36:07-05:00,PUR_IED_AlfonsoLopez_Ext_281d77,PUR_IED_AlfonsoLopez_Ext_281d77,,,,,
2026-09-12T15:36:07-05:00,PUR_IED_AlfonsoLopez_LabF_888ce0,PUR_IED_AlfonsoLopez_LabF_888ce0,,,,,
2026-09-12T15:36:07-05:00,PUR_IED_AlfonsoLopez_SMed_df6a7f,PUR_IED_AlfonsoLopez_SMed_df6a7f,,,,,
2026-09-12T15:36:07-05:00,PUR_IED_AltamiraSO_A2_209f92,PUR_IED_AltamiraSO_A2_209f92,,,,,
2026-09-12T15:36:07-05:00,PUR_IED_AltamiraSO_Ext_186d66,PUR_IED_AltamiraSO_Ext_186d66,,,,,
2026-09-12T15:36:07-05:00,PUR_IED_AltamiraSO_Sistem_27afe1,PUR_IED_AltamiraSO_Sistem_27afe1,,,,,
2026-09-12T15:36:07-05:00,PUR_IED_AlvaroGom_LabQuim_813179,PUR_IED_AlvaroGom_LabQuim_813179,,,,,
2026-09-12T15:36:07-05:00,PUR_IED_AlvaroGomez_Ext_47c7ca,PUR_IED_AlvaroGomez_Ext_47c7ca,,,,,
2026-09-12T15:36:07-05:00,PUR_IED_AlvaroGomez_LabQuim_813179,PUR_IED_AlvaroGomez_LabQuim_813179,,,,,
2026-09-12T15:36:07-05:00,PUR_IED_AlvaroGomez_S23_7ba89f,PUR_IED_AlvaroGomez_S23_7ba89f,,,,,
2026-09-12T15:36:07-05:00,PUR_IED_Amistad_306_dc8728,PUR_IED_Amistad_306_dc8728,,,,,
2026-09-12T15:36:07-05:00,PUR_IED_Amistad_Ext_8cd55e,PUR_IED_Amistad_Ext_8cd55e,,,,,
2026-09-12T15:36:07-05:00,PUR_IED_Amistad_S202_a41169,PUR_IED_Amistad_S202_a41169,,,,,
2026-09-12T15:36:07-05:00,PUR_IED_AndresBello_Bio_fd5f5e,PUR_IED_AndresBello_Bio_fd5f5e,,,,,
2026-09-12T15:36:07-05:00,PUR_IED_AndresBello_ext_dcad65,PUR_IED_AndresBello_ext_dcad65,,,,,
2026-09-12T15:36:07-05:00,PUR_IED_AndresBello_port_eed3ec,PUR_IED_AndresBello_port_eed3ec,,,,,
2026-09-12T15:36:07-05:00,PUR_IED_AngelaR_11b_d90a6b,PUR_IED_AngelaR_11b_d90a6b,,,,,
2026-09-12T15:36:07-05:00,PUR_IED_AngelaR_ext_7cad3e,PUR_IED_AngelaR_ext_7cad3e,,,,,
2026-09-12T15:36:07-05:00,PUR_IED_AntJoseSucre_10mo_df2575,PUR_IED_AntJoseSucre_10mo_df2575,,,,,
2026-09-12T15:36:07-05:00,PUR_IED_AntJoseSucre_Ext_215b36,PUR_IED_AntJoseSucre_Ext_215b36,,,,,
2026-09-12T15:36:07-05:00,PUR_IED_AntJoseSucre_Lab_3139de,PUR_IED_AntJoseSucre_Lab_3139de,,,,,
2026-09-12T15:36:07-05:00,PUR_IED_AntonioGarcia_301_d6b188,PUR_IED_AntonioGarcia_301_d6b188,,,,,
2026-09-12T15:36:07-05:00,PUR_IED_AntonioGarcia_302_88a82,PUR_IED_AntonioGarcia_302_88a82,,,,,
2026-09-12T15:36:07-05:00,PUR_IED_AntonioGarcia_Ext_20950c,PUR_IED_AntonioGarcia_Ext_20950c,,,,,
2026-09-12T15:36:07-05:00,PUR_IED_AntonioVan_Aula2_6dea02,PUR_IED_AntonioVan_Aula2_6dea02,,,,,
2026-09-12T15:36:07-05:00,PUR_IED_AntonioVan_Aula5_f1557e,PUR_IED_AntonioVan_Aula5_f1557e,,,,,
2026-09-12T15:36:07-05:00,PUR_IED_AntonioVan_Ext_406f2f,PUR_IED_AntonioVan_Ext_406f2f,,,,,
2026-09-12T15:36:07-05:00,PUR_IED_Atabanzha_Ext_cc5af9,PUR_IED_Atabanzha_Ext_cc5af9,,,,,
2026-09-12T15:36:07-05:00,PUR_IED_Atabanzha_SA101_56c37,PUR_IED_Atabanzha_SA101_56c37,,,,,
2026-09-12T15:36:07-05:00,PUR_IED_Atabanzha_SB302_27b374,PUR_IED_Atabanzha_SB302_27b374,,,,,
2026-09-12T15:36:07-05:00,PUR_IED_Atahualpa_Ext_fc1748,PUR_IED_Atahualpa_Ext_fc1748,,,,,
2026-09-12T15:36:07-05:00,PUR_IED_Atahualpa_Informa_dc9a95,PUR_IED_Atahualpa_Informa_dc9a95,,,,,
2026-09-12T15:36:07-05:00,PUR_IED_Atahualpa_S1101_f98056,PUR_IED_Atahualpa_S1101_f98056,,,,,
2026-09-12T15:36:07-05:00,PUR_IED_Bellavista_Ext_f5aa74,PUR_IED_Bellavista_Ext_f5aa74,,,,,
2026-09-12T15:36:07-05:00,PUR_IED_Bilbao_11A_916c41,PUR_IED_Bilbao_11A_916c41,,,,,
2026-09-12T15:36:07-05:00,PUR_IED_Bilbao_Ext_fb579a,PUR_IED_Bilbao_Ext_fb579a,,,,,
2026-09-12T15:36:07-05:00,PUR_IED_BrasiliaU_A125_304280,PUR_IED_BrasiliaU_A125_304280,,,,,
2026-09-12T15:36:07-05:00,PUR_IED_BrasiliaU_A203_7c8ca5,PUR_IED_BrasiliaU_A203_7c8ca5,,,,,
2026-09-12T15:36:07-05:00,PUR_IED_BrasiliaU_Ext_8d6e9f,PUR_IED_BrasiliaU_Ext_8d6e9f,2,21,52,4.5175,-74.116302
2026-09-12T15:36:07-05:00,PUR_IED_Brasilia_Ext_fe6593,PUR_IED_Brasilia_Ext_fe6593,,,,,
2026-09-12T15:36:07-05:00,PUR_IED_Brasilia_S24_7c130d,PUR_IED_Brasilia_S24_7c130d,,,,,
2026-09-12T15:36:07-05:00,PUR_IED_Brasilia_S501_186a54,PUR_IED_Brasilia_S501_186a54,,,,,
2026-09-12T15:36:07-05:00,PUR_IED_CHARRY_EXT_f1d5cd,PUR_IED_CHARRY_EXT_f1d5cd,,,,,
2026-09-12T15:36:07-05:00,PUR_IED_CHARRY_INTDANZAS_7a08e6,PUR_IED_CHARRY_INTDANZAS_7a08e6,,,,,
2026-09-12T15:36:07-05:00,PUR_IED_CHARRY_INT_AULA20_dc998d,PUR_IED_CHARRY_INT_AULA20_dc998d,,,,,
2026-09-12T15:36:07-05:00,PUR_IED_COLVIV_1101_S25_7f520a,PUR_IED_COLVIV_1101_S25_7f520a,,,,,
2026-09-12T15:36:07-05:00,PUR_IED_COLVIV_1102_S16_f570ba,PUR_IED_COLVIV_1102_S16_f570ba,,,,,
2026-09-12T15:36:07-05:00,PUR_IED_COLVIV_Ext_1a26fa,PUR_IED_COLVIV_Ext_1a26fa,,,,,
2026-09-12T15:36:07-05:00,PUR_IED_CULPOP_301A_f660f3,PUR_IED_CULPOP_301A_f660f3,,,,,
2026-09-12T15:36:07-05:00,PUR_IED_CULPOP_303_568afe,PUR_IED_CULPOP_303_568afe,,,,,
2026-09-12T15:36:07-05:00,PUR_IED_CULPOP_Ext_e02ccb,PUR_IED_CULPOP_Ext_e02ccb,,,,,
2026-09-12T15:36:07-05:00,PUR_IED_CVillavicen_Ext_26eb58,PUR_IED_CVillavicen_Ext_26eb58,3,17,73,4.487,-74.102798
2026-09-12T15:36:07-05:00,PUR_IED_CVillavicen_Intel_1ce5c2,PUR_IED_CVillavicen_Intel_1ce5c2,,,,,
2026-09-12T15:36:07-05:00,PUR_IED_CVillavicen_Poliv_e0766c,PUR_IED_CVillavicen_Poliv_e0766c,,,,,
2026-09-12T15:36:07-05:00,PUR_IED_CVillavicen_int_1ba140,PUR_IED_CVillavicen_int_1ba140,,,,,
2026-09-12T15:36:07-05:00,PUR_IED_CVillavicen_intel_1ba140,PUR_IED_CVillavicen_intel_1ba140,,,,,
2026-09-12T15:36:07-05:00,PUR_IED_CarlosPizarro_Ext_e307cc,PUR_IED_CarlosPizarro_Ext_e307cc,,,,,
2026-09-12T15:36:07-05:00,PUR_IED_CarlosPizarro_L36_7e5cdb,PUR_IED_CarlosPizarro_L36_7e5cdb,,,,,
2026-09-12T15:36:07-05:00,PUR_IED_CarlosPizarro_L37_c8566c,PUR_IED_CarlosPizarro_L37_c8566c,,,,,
2026-09-12T15:36:07-05:00,PUR_IED_Castilla_Ext_cf35f,PUR_IED_Castilla_Ext_cf35f,,,,,
2026-09-12T15:36:07-05:00,PUR_IED_Castilla_SFisik_360e38,PUR_IED_Castilla_SFisik_360e38,,,,,
2026-09-12T15:36:07-05:00,PUR_IED_Castilla_Sc304_496fbf,PUR_IED_Castilla_Sc304_496fbf,,,,,
2026-09-12T15:36:07-05:00,PUR_IED_CervantesSa_Ext_6b57b,PUR_IED_CervantesSa_Ext_6b57b,2,20,60,4.5128,-74.117203
2026-09-12T15:36:07-05:00,PUR_IED_CervantesSa_S107_225c2b,PUR_IED_CervantesSa_S107_225c2b,,,,,
2026-09-12T15:36:07-05:00,PUR_IED_CervantesSa_S108_940925,PUR_IED_CervantesSa_S108_940925,,,,,
2026-09-12T15:36:07-05:00,PUR_IED_Charry_A20_f53e7c,PUR_IED_Charry_A20_f53e7c,,,,,
2026-09-12T15:36:07-05:00,PUR_IED_Charry_Ext_f1d5cd,PUR_IED_Charry_Ext_f1d5cd,,,,,
2026-09-12T15:36:07-05:00,PUR_IED_Charry_IntAula20_dc998d,PUR_IED_Charry_IntAula20_dc998d,,,,,
2026-09-12T15:36:07-05:00,PUR_IED_Charry_IntDanzas_7a08e6,PUR_IED_Charry_IntDanzas_7a08e6,,,,,
2026-09-12T15:36:07-05:00,PUR_IED_ClememciaC_203_43e2fc,PUR_IED_ClememciaC_203_43e2fc,,,,,
2026-09-12T15:36:07-05:00,PUR_IED_ClememciaC_Ext_1b411a,PUR_IED_ClememciaC_Ext_1b411a,,,,,
2026-09-12T15:36:07-05:00,PUR_IED_ClememciaC_Quimic_44b5fc,PUR_IED_ClememciaC_Quimic_44b5fc,,,,,
2026-09-12T15:36:07-05:00,PUR_IED_ClemenciaC_203_43e2fc,PUR_IED_ClemenciaC_203_43e2fc,,,,,
2026-09-12T15:36:07-05:00,PUR_IED_ClemenciaC_Ext_1b411a,PUR_IED_ClemenciaC_Ext_1b411a,,,,,
2026-09-12T15:36:07-05:00,PUR_IED_ClemenciaC_Quimic_44b5fc,PUR_IED_ClemenciaC_Quimic_44b5fc,,,,,
2026-09-12T15:36:07-05:00,PUR_IED_ColViva_1101_S25_7f520a,PUR_IED_ColViva_1101_S25_7f520a,,,,,
2026-09-12T15:36:07-05:00,PUR_IED_ColViva_1102_S16_f570ba,PUR_IED_ColViva_1102_S16_f570ba,,,,,
2026-09-12T15:36:07-05:00,PUR_IED_ColViva_Ext_1a26fa,PUR_IED_ColViva_Ext_1a26fa,,,,,
2026-09-12T15:36:07-05:00,PUR_IED_ColegioBici_Asist_7c8798,PUR_IED_ColegioBici_Asist_7c8798,,,,,
2026-09-12T15:36:07-05:00,PUR_IED_ColegioBici_Ext_25cbf6,PUR_IED_ColegioBici_Ext_25cbf6,,,,,
2026-09-12T15:36:07-05:00,PUR_IED_ColegioBici_LabQ_7b57db,PUR_IED_ColegioBici_LabQ_7b57db,,,,,
2026-09-12T15:36:07-05:00,PUR_IED_CostaRica_Ext_5e640,PUR_IED_CostaRica_Ext_5e640,,,,,
2026-09-12T15:36:07-05:00,PUR_IED_CostaRica_Quim1_766d1c,PUR_IED_CostaRica_Quim1_766d1c,,,,,
2026-09-12T15:36:07-05:00,PUR_IED_CostaRica__Fisica_6f0873,PUR_IED_CostaRica__Fisica_6f0873,,,,,
2026-09-12T15:36:07-05:00,PUR_IED_CulPopu_301A_f660f3,PUR_IED_CulPopu_301A_f660f3,,,,,
2026-09-12T15:36:07-05:00,PUR_IED_CulPopu_303_568afe,PUR_IED_CulPopu_303_568afe,,,,,
2026-09-12T15:36:07-05:00,PUR_IED_CulPopu_Ext_e02ccb,PUR_IED_CulPopu_Ext_e02ccb,,,,,
2026-09-12T15:36:07-05:00,PUR_IED_Cundinamarca_Ext_f15985,PUR_IED_Cundinamarca_Ext_f15985,,,,,
2026-09-12T15:36:07-05:00,PUR_IED_Cundinamarca_Info_7aa5d7,PUR_IED_Cundinamarca_Info_7aa5d7,,,,,
2026-09-12T15:36:07-05:00,PUR_IED_Cundinamarca_Tec2_f449c7,PUR_IED_Cundinamarca_Tec2_f449c7,,,,,
2026-09-12T15:36:07-05:00,PUR_IED_DiegoM_Aula1_27b314,PUR_IED_DiegoM_Aula1_27b314,,,,,
2026-09-12T15:36:07-05:00,PUR_IED_DiegoM_Ext_d80ac8,PUR_IED_DiegoM_Ext_d80ac8,,,,,
2026-09-12T15:36:07-05:00,PUR_IED_DiegoM_S25_da928f,PUR_IED_DiegoM_S25_da928f,,,,,
2026-09-12T15:36:07-05:00,PUR_IED_ELRODEO_360881,PUR_IED_ELRODEO_360881,,,,,
2026-09-12T15:36:07-05:00,PUR_IED_ELRODEO_ext_360881,PUR_IED_ELRODEO_ext_360881,,,,,
2026-09-12T15:36:07-05:00,PUR_IED_EduardoU_Ext_1c1969,PUR_IED_EduardoU_Ext_1c1969,,,,,
2026-09-12T15:36:07-05:00,PUR_IED_EduardoU_SCiencia_4dfb94,PUR_IED_EduardoU_SCiencia_4dfb94,,,,,
2026-09-12T15:36:07-05:00,PUR_IED_EduardoU_SQuimica_5a46e7,PUR_IED_EduardoU_SQuimica_5a46e7,,,,,
2026-09-12T15:36:07-05:00,PUR_IED_ElRodeo_Aula14_676984,PUR_IED_ElRodeo_Aula14_676984,,,,,
2026-09-12T15:36:07-05:00,PUR_IED_ElRodeo_Aula16_2dd35b,PUR_IED_ElRodeo_Aula16_2dd35b,,,,,
2026-09-12T15:36:07-05:00,PUR_IED_ElRodeo_Ext_360881,PUR_IED_ElRodeo_Ext_360881,,,,,
2026-09-12T15:36:07-05:00,PUR_IED_ElRodeo_Exterior_8c6d28,PUR_IED_ElRodeo_Exterior_8c6d28,,,,,
2026-09-12T15:36:07-05:00,PUR_IED_ElRodeo_ext_360881,PUR_IED_ElRodeo_ext_360881,,,,,
2026-09-12T15:36:07-05:00,PUR_IED_EmmaReyes_Ext_987625,PUR_IED_EmmaReyes_Ext_987625,4,22,48,4.6367,-74.1511
2026-09-12T15:36:07-05:00,PUR_IED_Ensueño_Ext_7f0250,PUR_IED_Ensueño_Ext_7f0250,,,,,
2026-09-12T15:36:07-05:00,PUR_IED_EscNormal_Ext_5fef3b,PUR_IED_EscNormal_Ext_5fef3b,2,21,54,4.5852,-74.096901
2026-09-12T15:36:07-05:00,PUR_IED_EscNormal_S309_5b263,PUR_IED_EscNormal_S309_5b263,,,,,
2026-09-12T15:36:07-05:00,PUR_IED_EscNormal_S310_27b3b8,PUR_IED_EscNormal_S310_27b3b8,,,,,
2026-09-12T15:36:07-05:00,PUR_IED_Evangelista_Conta_f6cd4f,PUR_IED_Evangelista_Conta_f6cd4f,,,,,
2026-09-12T15:36:07-05:00,PUR_IED_Evangelista_Cri_5e16a,PUR_IED_Evangelista_Cri_5e16a,,,,,
2026-09-12T15:36:07-05:00,PUR_IED_Evangelista_Exter_754066,PUR_IED_Evangelista_Exter_754066,,,,,
2026-09-12T15:36:07-05:00,PUR_IED_FMiranda_S209_5cc2a3,PUR_IED_FMiranda_S209_5cc2a3,,,,,
2026-09-12T15:36:07-05:00,PUR_IED_FMiranda_S303_19e344,PUR_IED_FMiranda_S303_19e344,,,,,
2026-09-12T15:36:07-05:00,PUR_IED_FMiranda_ext_f53e7c,PUR_IED_FMiranda_ext_f53e7c,,,,,
2026-09-12T15:36:07-05:00,PUR_IED_FabioLozano_Bibli_1cee05,PUR_IED_FabioLozano_Bibli_1cee05,,,,,
2026-09-12T15:36:07-05:00,PUR_IED_FabioLozano_Ext_6ea285,PUR_IED_FabioLozano_Ext_6ea285,,,,,
2026-09-12T15:36:07-05:00,PUR_IED_FabioLozano_SLudi_f09e1e,PUR_IED_FabioLozano_SLudi_f09e1e,,,,,
2026-09-12T15:36:07-05:00,PUR_IED_FaustinoS_Aula07_27a731,PUR_IED_FaustinoS_Aula07_27a731,,,,,
2026-09-12T15:36:07-05:00,PUR_IED_FaustinoS_Ext_7b936f,PUR_IED_FaustinoS_Ext_7b936f,,,,,
2026-09-12T15:36:07-05:00,PUR_IED_FaustinoS_Fisica_da2c60,PUR_IED_FaustinoS_Fisica_da2c60,,,,,
2026-09-12T15:36:07-05:00,PUR_IED_FeGarciaLo_Ext_dc68ee,PUR_IED_FeGarciaLo_Ext_dc68ee,,,,,
2026-09-12T15:36:07-05:00,PUR_IED_FeGarciaLo_SDanza_f70a59,PUR_IED_FeGarciaLo_SDanza_f70a59,,,,,
2026-09-12T15:36:07-05:00,PUR_IED_FeGarciaLo_SMusic_125cdd,PUR_IED_FeGarciaLo_SMusic_125cdd,,,,,
2026-09-12T15:36:07-05:00,PUR_IED_FederalAlema_Exte_50c345,PUR_IED_FederalAlema_Exte_50c345,,,,,
2026-09-12T15:36:07-05:00,PUR_IED_FederalAlema_S31_f18371,PUR_IED_FederalAlema_S31_f18371,,,,,
2026-09-12T15:36:07-05:00,PUR_IED_FederalAlema_S901_a62cd,PUR_IED_FederalAlema_S901_a62cd,,,,,
2026-09-12T15:36:07-05:00,PUR_IED_FilarmonicaS_A5_f35eb1,PUR_IED_FilarmonicaS_A5_f35eb1,,,,,
2026-09-12T15:36:07-05:00,PUR_IED_FilarmonicaS_Ext_8a3bde,PUR_IED_FilarmonicaS_Ext_8a3bde,,,,,
2026-09-12T15:36:07-05:00,PUR_IED_FilarmonicaS_Spol_406114,PUR_IED_FilarmonicaS_Spol_406114,,,,,
2026-09-12T15:36:07-05:00,PUR_IED_FlorentinoG_A13_d1fa59,PUR_IED_FlorentinoG_A13_d1fa59,,,,,
2026-09-12T15:36:07-05:00,PUR_IED_FlorentinoG_Ext_1ce6ce,PUR_IED_FlorentinoG_Ext_1ce6ce,,,,,
2026-09-12T15:36:07-05:00,PUR_IED_FlorentinoG_Idiom_a66aac,PUR_IED_FlorentinoG_Idiom_a66aac,,,,,
2026-09-12T15:36:07-05:00,PUR_IED_FranciscoMati_Ext_e3869d,PUR_IED_FranciscoMati_Ext_e3869d,,,,,
2026-09-12T15:36:07-05:00,PUR_IED_FranciscoMati_S13_f31c67,PUR_IED_FranciscoMati_S13_f31c67,,,,,
2026-09-12T15:36:07-05:00,PUR_IED_FranciscoMati_S14_97dead,PUR_IED_FranciscoMati_S14_97dead,,,,,
2026-09-12T15:36:07-05:00,PUR_IED_FranciscoPS_Ext_7bfa9a,PUR_IED_FranciscoPS_Ext_7bfa9a,2,22,54,4.5899,-74.110397
2026-09-12T15:36:07-05:00,PUR_IED_FranciscoPS_Infor_fb8f4c,PUR_IED_FranciscoPS_Infor_fb8f4c,,,,,
2026-09-12T15:36:07-05:00,PUR_IED_FranciscoPS_Quimi_94d39c,PUR_IED_FranciscoPS_Quimi_94d39c,,,,,
2026-09-12T15:36:07-05:00,PUR_IED_FranciscoP_LabQ_d7e148,PUR_IED_FranciscoP_LabQ_d7e148,,,,,
2026-09-12T15:36:07-05:00,PUR_IED_FranciscoP_S28_cf9b30,PUR_IED_FranciscoP_S28_cf9b30,,,,,
2026-09-12T15:36:07-05:00,PUR_IED_FranciscoP_ext_e2313,PUR_IED_FranciscoP_ext_e2313,,,,,
2026-09-12T15:36:07-05:00,PUR_IED_FriederichN_Ext_8ac92a,PUR_IED_FriederichN_Ext_8ac92a,,,,,
2026-09-12T15:36:07-05:00,PUR_IED_FriederichN_S301_dd7e5a,PUR_IED_FriederichN_S301_dd7e5a,,,,,
2026-09-12T15:36:07-05:00,PUR_IED_FriederichN_S308_761f4f,PUR_IED_FriederichN_S308_761f4f,,,,,
2026-09-12T15:36:07-05:00,PUR_IED_GSantander_Aula10_533dd7,PUR_IED_GSantander_Aula10_533dd7,,,,,
2026-09-12T15:36:07-05:00,PUR_IED_GSantander_Aula12_fd4e4f,PUR_IED_GSantander_Aula12_fd4e4f,,,,,
2026-09-12T15:36:07-05:00,PUR_IED_GSantander_Aula310_533dd7,PUR_IED_GSantander_Aula310_533dd7,,,,,
2026-09-12T15:36:07-05:00,PUR_IED_GSantander_Aula312_fd4e4f,PUR_IED_GSantander_Aula312_fd4e4f,,,,,
2026-09-12T15:36:07-05:00,PUR_IED_GSantander_Ext_5f66b0,PUR_IED_GSantander_Ext_5f66b0,,,,,
2026-09-12T15:36:07-05:00,PUR_IED_GYomasa_Ext_f6bea5,PUR_IED_GYomasa_Ext_f6bea5,,,,,
2026-09-12T15:36:07-05:00,PUR_IED_GYomasa_LBiol_2c41aa,PUR_IED_GYomasa_LBiol_2c41aa,,,,,
2026-09-12T15:36:07-05:00,PUR_IED_GYomasa_LQuim_33c80,PUR_IED_GYomasa_LQuim_33c80,,,,,
2026-09-12T15:36:07-05:00,PUR_IED_GabBetMejia_Cienc_5a99c,PUR_IED_GabBetMejia_Cienc_5a99c,,,,,
2026-09-12T15:36:07-05:00,PUR_IED_GabBetMejia_Ext_9153d0,PUR_IED_GabBetMejia_Ext_9153d0,,,,,
2026-09-12T15:36:07-05:00,PUR_IED_GabBetMejia_Lab_f55347,PUR_IED_GabBetMejia_Lab_f55347,,,,,
2026-09-12T15:36:07-05:00,PUR_IED_GabBetanMejia_Ext_9153d0,PUR_IED_GabBetanMejia_Ext_9153d0,,,,,
2026-09-12T15:36:07-05:00,PUR_IED_Gaitana_Aula13_7aac11,PUR_IED_Gaitana_Aula13_7aac11,,,,,
2026-09-12T15:36:07-05:00,PUR_IED_Gaitana_Ext_5fcf4,PUR_IED_Gaitana_Ext_5fcf4,,,,,
2026-09-12T15:36:07-05:00,PUR_IED_Gaitana_LabFisica_644448,PUR_IED_Gaitana_LabFisica_644448,,,,,
2026-09-12T15:36:07-05:00,PUR_IED_GenSantander_Dise_8ac858,PUR_IED_GenSantander_Dise_8ac858,,,,,
2026-09-12T15:36:07-05:00,PUR_IED_GenSantander_Ext_8d5dfe,PUR_IED_GenSantander_Ext_8d5dfe,,,,,
2026-09-12T15:36:07-05:00,PUR_IED_GenSantander_Info_6c25b,PUR_IED_GenSantander_Info_6c25b,,,,,
2026-09-12T15:36:07-05:00,PUR_IED_GustavoMo_Exterio_75e63d,PUR_IED_GustavoMo_Exterio_75e63d,,,,,
2026-09-12T15:36:07-05:00,PUR_IED_GustavoMo_LabFisi_224d37,PUR_IED_GustavoMo_LabFisi_224d37,,,,,
2026-09-12T15:36:07-05:00,PUR_IED_GustavoMo_S208_3e6918,PUR_IED_GustavoMo_S208_3e6918,,,,,
2026-09-12T15:36:07-05:00,PUR_IED_GustavoR_A02_8cd4a8,PUR_IED_GustavoR_A02_8cd4a8,,,,,
2026-09-12T15:36:07-05:00,PUR_IED_GustavoR_B11_5b0ed,PUR_IED_GustavoR_B11_5b0ed,,,,,
2026-09-12T15:36:07-05:00,PUR_IED_GustavoR_Ext_7a0c90,PUR_IED_GustavoR_Ext_7a0c90,,,,,
2026-09-12T15:36:07-05:00,PUR_IED_HernandoDuran_Ext_8cd82b,PUR_IED_HernandoDuran_Ext_8cd82b,,,,,
2026-09-12T15:36:07-05:00,PUR_IED_HernandoDuran_S24_2772c6,PUR_IED_HernandoDuran_S24_2772c6,,,,,
2026-09-12T15:36:07-05:00,PUR_IED_HernandoDuran_S30_f2de41,PUR_IED_HernandoDuran_S30_f2de41,,,,,
2026-09-12T15:36:07-05:00,PUR_IED_HolguInUr_S1101_8cd732,PUR_IED_HolguInUr_S1101_8cd732,,,,,
2026-09-12T15:36:07-05:00,PUR_IED_HolguinUr_Exter_ddae6d,PUR_IED_HolguinUr_Exter_ddae6d,,,,,
2026-09-12T15:36:07-05:00,PUR_IED_HolguinUr_LabQuim_92b952,PUR_IED_HolguinUr_LabQuim_92b952,,,,,
2026-09-12T15:36:07-05:00,PUR_IED_Isabel-II_Ext_5245cc,PUR_IED_Isabel-II_Ext_5245cc,2,20,54,4.6336,-74.153
2026-09-12T15:36:07-05:00,PUR_IED_Isabel-II_S_idiom_1c29aa,PUR_IED_Isabel-II_S_idiom_1c29aa,,,,,
2026-09-12T15:36:07-05:00,PUR_IED_Isabel-II_S_infor_fd741,PUR_IED_Isabel-II_S_infor_fd741,,,,,
2026-09-12T15:36:07-05:00,PUR_IED_IsidroSur_Exterio_5b90ea,PUR_IED_IsidroSur_Exterio_5b90ea,,,,,
2026-09-12T15:36:07-05:00,PUR_IED_IsidroSur_LabTec_56697a,PUR_IED_IsidroSur_LabTec_56697a,,,,,
2026-09-12T15:36:07-05:00,PUR_IED_IsidroSur_Robotic_b7c38f,PUR_IED_IsidroSur_Robotic_b7c38f,,,,,
2026-09-12T15:36:07-05:00,PUR_IED_IsmaelPerd_Ext_7b6672,PUR_IED_IsmaelPerd_Ext_7b6672,,,,,
2026-09-12T15:36:07-05:00,PUR_IED_IsmaelPerd_Inform_306540,PUR_IED_IsmaelPerd_Inform_306540,,,,,
2026-09-12T15:36:07-05:00,PUR_IED_IsmaelPerd_S30_2e2c83,PUR_IED_IsmaelPerd_S30_2e2c83,,,,,
2026-09-12T15:36:07-05:00,PUR_IED_JLozano_Exter_432910,PUR_IED_JLozano_Exter_432910,,,,,
2026-09-12T15:36:07-05:00,PUR_IED_JLozano_salaMulti_df5125,PUR_IED_JLozano_salaMulti_df5125,,,,,
2026-09-12T15:36:07-05:00,PUR_IED_JMCordoba_206_86f80b,PUR_IED_JMCordoba_206_86f80b,,,,,
2026-09-12T15:36:07-05:00,PUR_IED_JMCordoba_Ext_27ad97,PUR_IED_JMCordoba_Ext_27ad97,,,,,
2026-09-12T15:36:07-05:00,PUR_IED_JMCordoba_S310_d59ab4,PUR_IED_JMCordoba_S310_d59ab4,,,,,
2026-09-12T15:36:07-05:00,PUR_IED_Japon_Ext_549100,PUR_IED_Japon_Ext_549100,,,,,
2026-09-12T15:36:07-05:00,PUR_IED_Japon_Laboratorio_bec51d,PUR_IED_Japon_Laboratorio_bec51d,,,,,
2026-09-12T15:36:07-05:00,PUR_IED_Japon_informatica_d99327,PUR_IED_Japon_informatica_d99327,,,,,
2026-09-12T15:36:07-05:00,PUR_IED_Jazmin_Ext_d27bda,PUR_IED_Jazmin_Ext_d27bda,,,,,
2026-09-12T15:36:07-05:00,PUR_IED_Jazmin_Fisica_8d14d7,PUR_IED_Jazmin_Fisica_8d14d7,,,,,
2026-09-12T15:36:07-05:00,PUR_IED_Jazmin_Quimica_801cb5,PUR_IED_Jazmin_Quimica_801cb5,,,,,
2026-09-12T15:36:07-05:00,PUR_IED_JorgeGaitan_Exter_f098d1,PUR_IED_JorgeGaitan_Exter_f098d1,,,,,
2026-09-12T15:36:07-05:00,PUR_IED_JorgeGaitan_STec1_dc9d1d,PUR_IED_JorgeGaitan_STec1_dc9d1d,,,,,
2026-09-12T15:36:07-05:00,PUR_IED_JorgeGaitan_STec2_281e69,PUR_IED_JorgeGaitan_STec2_281e69,,,,,
2026-09-12T15:36:07-05:00,PUR_IED_JorgeSoto_Exterio_d9d0a2,PUR_IED_JorgeSoto_Exterio_d9d0a2,,,,,
2026-09-12T15:36:07-05:00,PUR_IED_JorgeSoto_LabFisi_209c54,PUR_IED_JorgeSoto_LabFisi_209c54,,,,,
2026-09-12T15:36:07-05:00,PUR_IED_JorgeSoto_S103_27b51a,PUR_IED_JorgeSoto_S103_27b51a,,,,,
2026-09-12T15:36:07-05:00,PUR_IED_JoseAcevedo_A02_e965eb,PUR_IED_JoseAcevedo_A02_e965eb,,,,,
2026-09-12T15:36:07-05:00,PUR_IED_JoseAcevedo_A07_dd5b4,PUR_IED_JoseAcevedo_A07_dd5b4,,,,,
2026-09-12T15:36:07-05:00,PUR_IED_JoseAcevedo_Ext_b47484,PUR_IED_JoseAcevedo_Ext_b47484,,,,,
2026-09-12T15:36:07-05:00,PUR_IED_JoseMarti_Exte_5b9bf,PUR_IED_JoseMarti_Exte_5b9bf,,,,,
2026-09-12T15:36:07-05:00,PUR_IED_JoseMarti_LabQuim_1c6c2d,PUR_IED_JoseMarti_LabQuim_1c6c2d,,,,,
2026-09-12T15:36:07-05:00,PUR_IED_JoseMarti_S_info_f5f177,PUR_IED_JoseMarti_S_info_f5f177,,,,,
2026-09-12T15:36:07-05:00,PUR_IED_Josejoaquin_Ext_dfc5dc,PUR_IED_Josejoaquin_Ext_dfc5dc,,,,,
2026-09-12T15:36:07-05:00,PUR_IED_Josejoaquin_S05_5b2a96,PUR_IED_Josejoaquin_S05_5b2a96,,,,,
2026-09-12T15:36:07-05:00,PUR_IED_Josejoaquin_S06_1ce7d2,PUR_IED_Josejoaquin_S06_1ce7d2,,,,,
2026-09-12T15:36:07-05:00,PUR_IED_JulioFlorez_Danza_9b82dd,PUR_IED_JulioFlorez_Danza_9b82dd,,,,,
2026-09-12T15:36:07-05:00,PUR_IED_JulioFlorez_Exter_f9f314,PUR_IED_JulioFlorez_Exter_f9f314,,,,,
2026-09-12T15:36:07-05:00,PUR_IED_JulioFlorez_info2_6b6e08,PUR_IED_JulioFlorez_info2_6b6e08,,,,,
2026-09-12T15:36:07-05:00,PUR_IED_LaBelleza_Aula13_1d00d8,PUR_IED_LaBelleza_Aula13_1d00d8,,,,,
2026-09-12T15:36:07-05:00,PUR_IED_LaBelleza_Ext_7bc08c,PUR_IED_LaBelleza_Ext_7bc08c,,,,,
2026-09-12T15:36:07-05:00,PUR_IED_LaChucua_Ext_8cd6d2,PUR_IED_LaChucua_Ext_8cd6d2,,,,,
2026-09-12T15:36:07-05:00,PUR_IED_LaChucua_S15_f578ce,PUR_IED_LaChucua_S15_f578ce,,,,,
2026-09-12T15:36:07-05:00,PUR_IED_LaChucua_S16_eebcf9,PUR_IED_LaChucua_S16_eebcf9,,,,,
2026-09-12T15:36:07-05:00,PUR_IED_LaFelicidad_Ext_fb5109,PUR_IED_LaFelicidad_Ext_fb5109,,,,,
2026-09-12T15:36:07-05:00,PUR_IED_LaMerced_206_66ebd,PUR_IED_LaMerced_206_66ebd,,,,,
2026-09-12T15:36:07-05:00,PUR_IED_LaMerced_207_6ebd6,PUR_IED_LaMerced_207_6ebd6,,,,,
2026-09-12T15:36:07-05:00,PUR_IED_LaMerced_ext_304311,PUR_IED_LaMerced_ext_304311,,,,,
2026-09-12T15:36:07-05:00,PUR_IED_Laureano_CiencNat_281e5e,PUR_IED_Laureano_CiencNat_281e5e,,,,,
2026-09-12T15:36:07-05:00,PUR_IED_Laureano_Comedor_f65c0a,PUR_IED_Laureano_Comedor_f65c0a,,,,,
2026-09-12T15:36:07-05:00,PUR_IED_Laureano_Exterior_7ab011,PUR_IED_Laureano_Exterior_7ab011,,,,,
2026-09-12T15:36:07-05:00,PUR_IED_LeonGreiff_Exte_dfe560,PUR_IED_LeonGreiff_Exte_dfe560,,,,,
2026-09-12T15:36:07-05:00,PUR_IED_LeonGreiff_S210_f264ed,PUR_IED_LeonGreiff_S210_f264ed,,,,,
2026-09-12T15:36:07-05:00,PUR_IED_LeonGreiff_SQuimi_e8296f,PUR_IED_LeonGreiff_SQuimi_e8296f,,,,,
2026-09-12T15:36:07-05:00,PUR_IED_LlanoOrientalS208_7b9fcd,PUR_IED_LlanoOrientalS208_7b9fcd,,,,,
2026-09-12T15:36:07-05:00,PUR_IED_LlanoOriental_Ext_fb3766,PUR_IED_LlanoOriental_Ext_fb3766,,,,,
2026-09-12T15:36:07-05:00,PUR_IED_LlanoOriental_S208_7b9fcd,PUR_IED_LlanoOriental_S208_7b9fcd,,,,,
2026-09-12T15:36:07-05:00,PUR_IED_LlanoOriental_S9_27b378,PUR_IED_LlanoOriental_S9_27b378,,,,,
2026-09-12T15:36:07-05:00,PUR_IED_LosTejares_1101_477602,PUR_IED_LosTejares_1101_477602,,,,,
2026-09-12T15:36:07-05:00,PUR_IED_LosTejares_11_d2c595,PUR_IED_LosTejares_11_d2c595,,,,,
2026-09-12T15:36:07-05:00,PUR_IED_LosTejares_12_477602,PUR_IED_LosTejares_12_477602,,,,,
2026-09-12T15:36:07-05:00,PUR_IED_LosTejares_Ext_8e2115,PUR_IED_LosTejares_Ext_8e2115,,,,,
2026-09-12T15:36:07-05:00,PUR_IED_MagdalenaO_B202_5ddda3,PUR_IED_MagdalenaO_B202_5ddda3,,,,,
2026-09-12T15:36:07-05:00,PUR_IED_MagdalenaO_B205_fb76e8,PUR_IED_MagdalenaO_B205_fb76e8,,,,,
2026-09-12T15:36:07-05:00,PUR_IED_MagdalenaO_ext_dc69cd,PUR_IED_MagdalenaO_ext_dc69cd,,,,,
2026-09-12T15:36:07-05:00,PUR_IED_ManueCepeda_artes_eee956,PUR_IED_ManueCepeda_artes_eee956,,,,,
2026-09-12T15:36:07-05:00,PUR_IED_ManuelCepeda_Ext_58313,PUR_IED_ManuelCepeda_Ext_58313,,,,,
2026-09-12T15:36:07-05:00,PUR_IED_ManuelCepeda_tec_1c5731,PUR_IED_ManuelCepeda_tec_1c5731,,,,,
2026-09-12T15:36:07-05:00,PUR_IED_ManuelS_Exterior_5b269,PUR_IED_ManuelS_Exterior_5b269,,,,,
2026-09-12T15:36:07-05:00,PUR_IED_ManuelS_Inform_f369ce,PUR_IED_ManuelS_Inform_f369ce,,,,,
2026-09-12T15:36:07-05:00,PUR_IED_ManuelS_SArtes_7d15f1,PUR_IED_ManuelS_SArtes_7d15f1,,,,,
2026-09-12T15:36:07-05:00,PUR_IED_ManuelZapata_303_3ca6,PUR_IED_ManuelZapata_303_3ca6,,,,,
2026-09-12T15:36:07-05:00,PUR_IED_ManuelZapata_311_bfbabc,PUR_IED_ManuelZapata_311_bfbabc,,,,,
2026-09-12T15:36:07-05:00,PUR_IED_ManuelZapata_Ext_50824a,PUR_IED_ManuelZapata_Ext_50824a,,,,,
2026-09-12T15:36:07-05:00,PUR_IED_ManuelitaS_Exteri_656a92,PUR_IED_ManuelitaS_Exteri_656a92,,,,,
2026-09-12T15:36:07-05:00,PUR_IED_ManuelitaS_JuzgDe_f58ec3,PUR_IED_ManuelitaS_JuzgDe_f58ec3,,,,,
2026-09-12T15:36:07-05:00,PUR_IED_ManuelitaS_Recrea_d793db,PUR_IED_ManuelitaS_Recrea_d793db,,,,,
2026-09-12T15:36:07-05:00,PUR_IED_MarFidSuarez_Ext_c27b19,PUR_IED_MarFidSuarez_Ext_c27b19,,,,,
2026-09-12T15:36:07-05:00,PUR_IED_MarFidSuarez_Info_e384d7,PUR_IED_MarFidSuarez_Info_e384d7,,,,,
2026-09-12T15:36:07-05:00,PUR_IED_MarFidSuarez_S306_1d0032,PUR_IED_MarFidSuarez_S306_1d0032,,,,,
2026-09-12T15:36:07-05:00,PUR_IED_Menorah_301_2a25a3,PUR_IED_Menorah_301_2a25a3,,,,,
2026-09-12T15:36:07-05:00,PUR_IED_Menorah_306_37ed3,PUR_IED_Menorah_306_37ed3,,,,,
2026-09-12T15:36:07-05:00,PUR_IED_Menorah_Ext_3e155b,PUR_IED_Menorah_Ext_3e155b,,,,,
2026-09-12T15:36:07-05:00,PUR_IED_MinutoB.Aires_A11_1b1604,PUR_IED_MinutoB.Aires_A11_1b1604,,,,,
2026-09-12T15:36:07-05:00,PUR_IED_MinutoB.Aires_A12_fb5860,PUR_IED_MinutoB.Aires_A12_fb5860,,,,,
2026-09-12T15:36:07-05:00,PUR_IED_MinutoB.Aires_Ext_81293f,PUR_IED_MinutoB.Aires_Ext_81293f,,,,,
2026-09-12T15:36:07-05:00,PUR_IED_MinutoBAires_A11_1b1604,PUR_IED_MinutoBAires_A11_1b1604,,,,,
2026-09-12T15:36:07-05:00,PUR_IED_MinutoBAires_A12_fb5860,PUR_IED_MinutoBAires_A12_fb5860,,,,,
2026-09-12T15:36:07-05:00,PUR_IED_MinutoBAires_Ext_81293f,PUR_IED_MinutoBAires_Ext_81293f,,,,,
2026-09-12T15:36:07-05:00,PUR_IED_Montreal_Aula10_1e4959,PUR_IED_Montreal_Aula10_1e4959,,,,,
2026-09-12T15:36:07-05:00,PUR_IED_Montreal_Aula6_300367,PUR_IED_Montreal_Aula6_300367,,,,,
2026-09-12T15:36:07-05:00,PUR_IED_Montreal_Exterior_91a179,PUR_IED_Montreal_Exterior_91a179,,,,,
2026-09-12T15:36:07-05:00,PUR_IED_Mqgdalena_B202_5ddda3,PUR_IED_Mqgdalena_B202_5ddda3,,,,,
2026-09-12T15:36:07-05:00,PUR_IED_NACUND_Soc_dc8728,PUR_IED_NACUND_Soc_dc8728,,,,,
2026-09-12T15:36:07-05:00,PUR_IED_NACUND_ext_27ad97,PUR_IED_NACUND_ext_27ad97,,,,,
2026-09-12T15:36:07-05:00,PUR_IED_NEsperanza_Ext_d24b61,PUR_IED_NEsperanza_Ext_d24b61,,,,,
2026-09-12T15:36:07-05:00,PUR_IED_NEsperanza_SElect_7d1807,PUR_IED_NEsperanza_SElect_7d1807,,,,,
2026-09-12T15:36:07-05:00,PUR_IED_NEsperanza_SLabor_8b2d0a,PUR_IED_NEsperanza_SLabor_8b2d0a,,,,,
2026-09-12T15:36:07-05:00,PUR_IED_NacionesU_Ext_f661a9,PUR_IED_NacionesU_Ext_f661a9,,,,,
2026-09-12T15:36:07-05:00,PUR_IED_NacionesU_Quimica_66f0a,PUR_IED_NacionesU_Quimica_66f0a,,,,,
2026-09-12T15:36:07-05:00,PUR_IED_NacionesU_S306_1b4b3d,PUR_IED_NacionesU_S306_1b4b3d,,,,,
2026-09-12T15:36:07-05:00,PUR_IED_NestorFA_Ext_e4201c,PUR_IED_NestorFA_Ext_e4201c,,,,,
2026-09-12T15:36:07-05:00,PUR_IED_NestorFA_Laborato_f22fe0,PUR_IED_NestorFA_Laborato_f22fe0,,,,,
2026-09-12T15:36:07-05:00,PUR_IED_NestorFA_S204_dee996,PUR_IED_NestorFA_S204_dee996,,,,,
2026-09-12T15:36:07-05:00,PUR_IED_NidyaQT_Aula03_76999b,PUR_IED_NidyaQT_Aula03_76999b,,,,,
2026-09-12T15:36:07-05:00,PUR_IED_NidyaQT_Aula10_56325,PUR_IED_NidyaQT_Aula10_56325,,,,,
2026-09-12T15:36:07-05:00,PUR_IED_NidyaQT_Ext_46e32d,PUR_IED_NidyaQT_Ext_46e32d,,,,,
2026-09-12T15:36:07-05:00,PUR_IED_NuevaCol_Exterior_d9b859,PUR_IED_NuevaCol_Exterior_d9b859,,,,,
2026-09-12T15:36:07-05:00,PUR_IED_NuevaCol_S1101_76c43b,PUR_IED_NuevaCol_S1101_76c43b,,,,,
2026-09-12T15:36:07-05:00,PUR_IED_NuevaCol_S1102_1ce0b5,PUR_IED_NuevaCol_S1102_1ce0b5,,,,,
2026-09-12T15:36:07-05:00,PUR_IED_OEA_A202_f7e3f2,PUR_IED_OEA_A202_f7e3f2,,,,,
2026-09-12T15:36:07-05:00,PUR_IED_OEA_A203_7d1b8d,PUR_IED_OEA_A203_7d1b8d,,,,,
2026-09-12T15:36:07-05:00,PUR_IED_OEA_Ext_27b593,PUR_IED_OEA_Ext_27b593,,,,,
2026-09-12T15:36:07-05:00,PUR_IED_Ochoa_Ext_1c29da,PUR_IED_Ochoa_Ext_1c29da,,,,,
2026-09-12T15:36:07-05:00,PUR_IED_Ochoa_S205_8b1121,PUR_IED_Ochoa_S205_8b1121,,,,,
2026-09-12T15:36:07-05:00,PUR_IED_Ochoa_Sistemas_f33af6,PUR_IED_Ochoa_Sistemas_f33af6,,,,,
2026-09-12T15:36:07-05:00,PUR_IED_PQuebec_Ext_1c67c7,PUR_IED_PQuebec_Ext_1c67c7,,,,,
2026-09-12T15:36:07-05:00,PUR_IED_PQuebec_S15_23e8e2,PUR_IED_PQuebec_S15_23e8e2,,,,,
2026-09-12T15:36:07-05:00,PUR_IED_PQuebec_S16_8ec76b,PUR_IED_PQuebec_S16_8ec76b,,,,,
2026-09-12T15:36:07-05:00,PUR_IED_PabloN_Ext_49dc96,PUR_IED_PabloN_Ext_49dc96,,,,,
2026-09-12T15:36:07-05:00,PUR_IED_PabloN_S1102_4e3df5,PUR_IED_PabloN_S1102_4e3df5,,,,,
2026-09-12T15:36:07-05:00,PUR_IED_PabloN_S1103_50c94b,PUR_IED_PabloN_S1103_50c94b,,,,,
2026-09-12T15:36:07-05:00,PUR_IED_Palestina_S1101_db9198,PUR_IED_Palestina_S1101_db9198,,,,,
2026-09-12T15:36:07-05:00,PUR_IED_Palestina_S1102_dc54fa,PUR_IED_Palestina_S1102_dc54fa,,,,,
2026-09-12T15:36:07-05:00,PUR_IED_Palestina_ext_4ccce6,PUR_IED_Palestina_ext_4ccce6,,,,,
2026-09-12T15:36:07-05:00,PUR_IED_Panama_Fisica_4d0794,PUR_IED_Panama_Fisica_4d0794,,,,,
2026-09-12T15:36:07-05:00,PUR_IED_Panama_SIngles_a4077e,PUR_IED_Panama_SIngles_a4077e,,,,,
2026-09-12T15:36:07-05:00,PUR_IED_Panama_ext_4c54b4,PUR_IED_Panama_ext_4c54b4,,,,,
2026-09-12T15:36:07-05:00,PUR_IED_ParaisoM_Exterior_8cd7f0,PUR_IED_ParaisoM_Exterior_8cd7f0,,,,,
2026-09-12T15:36:07-05:00,PUR_IED_ParaisoM_Laborato_27af35,PUR_IED_ParaisoM_Laborato_27af35,,,,,
2026-09-12T15:36:07-05:00,PUR_IED_ParaisoM_S304_d1edca,PUR_IED_ParaisoM_S304_d1edca,,,,,
2026-09-12T15:36:07-05:00,PUR_IED_PorfirioBarba_Ext_301466,PUR_IED_PorfirioBarba_Ext_301466,,,,,
2026-09-12T15:36:07-05:00,PUR_IED_PorfirioBarba_S11_df6cd2,PUR_IED_PorfirioBarba_S11_df6cd2,,,,,
2026-09-12T15:36:07-05:00,PUR_IED_PorfirioBarba_S29_27a7d6,PUR_IED_PorfirioBarba_S29_27a7d6,,,,,
2026-09-12T15:36:07-05:00,PUR_IED_PradoV_Exter_8b27ad,PUR_IED_PradoV_Exter_8b27ad,,,,,
2026-09-12T15:36:07-05:00,PUR_IED_PradoV_S301_de65b5,PUR_IED_PradoV_S301_de65b5,,,,,
2026-09-12T15:36:07-05:00,PUR_IED_PradoV_S302_7d2593,PUR_IED_PradoV_S302_7d2593,,,,,
2026-09-12T15:36:07-05:00,PUR_IED_QuirogaAlz_Ext_1ddc82,PUR_IED_QuirogaAlz_Ext_1ddc82,,,,,
2026-09-12T15:36:07-05:00,PUR_IED_QuirogaAlz_S302_9926a3,PUR_IED_QuirogaAlz_S302_9926a3,,,,,
2026-09-12T15:36:07-05:00,PUR_IED_QuirogaAlz_S305_cdf1f1,PUR_IED_QuirogaAlz_S305_cdf1f1,,,,,
2026-09-12T15:36:07-05:00,PUR_IED_RGuatemala_Biling_dc53b7,PUR_IED_RGuatemala_Biling_dc53b7,,,,,
2026-09-12T15:36:07-05:00,PUR_IED_RGuatemala_Ext_1b89a3,PUR_IED_RGuatemala_Ext_1b89a3,,,,,
2026-09-12T15:36:07-05:00,PUR_IED_RGuatemala_Tecnol_281a34,PUR_IED_RGuatemala_Tecnol_281a34,,,,,
2026-09-12T15:36:07-05:00,PUR_IED_RafaNu_Ext_f7c302,PUR_IED_RafaNu_Ext_f7c302,,,,,
2026-09-12T15:36:07-05:00,PUR_IED_RafaNu_S1101_25fde,PUR_IED_RafaNu_S1101_25fde,,,,,
2026-09-12T15:36:07-05:00,PUR_IED_RafaNu_S1102_281517,PUR_IED_RafaNu_S1102_281517,,,,,
2026-09-12T15:36:07-05:00,PUR_IED_RafaelB_S305_ee2783,PUR_IED_RafaelB_S305_ee2783,,,,,
2026-09-12T15:36:07-05:00,PUR_IED_RafaelB_S306_75fe33,PUR_IED_RafaelB_S306_75fe33,,,,,
2026-09-12T15:36:07-05:00,PUR_IED_RafaelB_ext_283336,PUR_IED_RafaelB_ext_283336,2,20,55,4.6722,-74.0737
2026-09-12T15:36:07-05:00,PUR_IED_RafaelUU_Exterior_281a51,PUR_IED_RafaelUU_Exterior_281a51,,,,,
2026-09-12T15:36:07-05:00,PUR_IED_RafaelUU_Human_806b2,PUR_IED_RafaelUU_Human_806b2,,,,,
2026-09-12T15:36:07-05:00,PUR_IED_RafaelUU_Mate2_5680d4,PUR_IED_RafaelUU_Mate2_5680d4,,,,,
2026-09-12T15:36:07-05:00,PUR_IED_RamonSub_Ext_f9eeb9,PUR_IED_RamonSub_Ext_f9eeb9,,,,,
2026-09-12T15:36:07-05:00,PUR_IED_RamonSub_Media_d1f62f,PUR_IED_RamonSub_Media_d1f62f,,,,,
2026-09-12T15:36:07-05:00,PUR_IED_RamonSub_planta_51b82,PUR_IED_RamonSub_planta_51b82,,,,,
2026-09-12T15:36:07-05:00,PUR_IED_RepBoliVene_Exter_27af7c,PUR_IED_RepBoliVene_Exter_27af7c,,,,,
2026-09-12T15:36:07-05:00,PUR_IED_RepBoliVene_SCPT_5ae2ee,PUR_IED_RepBoliVene_SCPT_5ae2ee,,,,,
2026-09-12T15:36:07-05:00,PUR_IED_RepBoliVene_Socia_4b11d5,PUR_IED_RepBoliVene_Socia_4b11d5,,,,,
2026-09-12T15:36:07-05:00,PUR_IED_RepChina_Ext_76d9ee,PUR_IED_RepChina_Ext_76d9ee,,,,,
2026-09-12T15:36:07-05:00,PUR_IED_RepChina_S404_7c804c,PUR_IED_RepChina_S404_7c804c,,,,,
2026-09-12T15:36:07-05:00,PUR_IED_RepChina_S405_df2c33,PUR_IED_RepChina_S405_df2c33,,,,,
2026-09-12T15:36:07-05:00,PUR_IED_RepublicaC_Exteri_7d1ec9,PUR_IED_RepublicaC_Exteri_7d1ec9,,,,,
2026-09-12T15:36:07-05:00,PUR_IED_RepublicaC_S1101_f544b3,PUR_IED_RepublicaC_S1101_f544b3,,,,,
2026-09-12T15:36:07-05:00,PUR_IED_RepublicaC_S1102_7aafc7,PUR_IED_RepublicaC_S1102_7aafc7,,,,,
2026-09-12T15:36:07-05:00,PUR_IED_Ricaurte_Externo_a0ea1,PUR_IED_Ricaurte_Externo_a0ea1,,,,,
2026-09-12T15:36:07-05:00,PUR_IED_Ricaurte_S210_f546fd,PUR_IED_Ricaurte_S210_f546fd,,,,,
2026-09-12T15:36:07-05:00,PUR_IED_Ricaurte_S309_d4452,PUR_IED_Ricaurte_S309_d4452,,,,,
2026-09-12T15:36:07-05:00,PUR_IED_RogelioS_1102_531e69,PUR_IED_RogelioS_1102_531e69,,,,,
2026-09-12T15:36:07-05:00,PUR_IED_RogelioS_Ext_f25a18,PUR_IED_RogelioS_Ext_f25a18,,,,,
2026-09-12T15:36:07-05:00,PUR_IED_SBernardino_Ext_27aff8,PUR_IED_SBernardino_Ext_27aff8,,,,,
2026-09-12T15:36:07-05:00,PUR_IED_SBernardino_SArte_2ffd33,PUR_IED_SBernardino_SArte_2ffd33,,,,,
2026-09-12T15:36:07-05:00,PUR_IED_SBernardino_SIngl_7c7da5,PUR_IED_SBernardino_SIngl_7c7da5,,,,,
2026-09-12T15:36:07-05:00,PUR_IED_Sago_auditorio_dc9d1d,PUR_IED_Sago_auditorio_dc9d1d,,,,,
2026-09-12T15:36:07-05:00,PUR_IED_Saludcoop_Ext_95aac3,PUR_IED_Saludcoop_Ext_95aac3,,,,,
2026-09-12T15:36:07-05:00,PUR_IED_Saludcoop_InfI_90c854,PUR_IED_Saludcoop_InfI_90c854,,,,,
2026-09-12T15:36:07-05:00,PUR_IED_Saludcoop_SMedia_1b93be,PUR_IED_Saludcoop_SMedia_1b93be,,,,,
2026-09-12T15:36:07-05:00,PUR_IED_SanCarlos_1101_1a2360,PUR_IED_SanCarlos_1101_1a2360,,,,,
2026-09-12T15:36:07-05:00,PUR_IED_SanCarlos_1103_7bafb5,PUR_IED_SanCarlos_1103_7bafb5,,,,,
2026-09-12T15:36:07-05:00,PUR_IED_SanCarlos_Ext_b7cd1,PUR_IED_SanCarlos_Ext_b7cd1,,,,,
2026-09-12T15:36:07-05:00,PUR_IED_SanIgnacioBosa11a_50c26e,PUR_IED_SanIgnacioBosa11a_50c26e,,,,,
2026-09-12T15:36:07-05:00,PUR_IED_SanIgnacioBosa11b_371de8,PUR_IED_SanIgnacioBosa11b_371de8,,,,,
2026-09-12T15:36:07-05:00,PUR_IED_SanIgnacioBosaExt_ef0ffc,PUR_IED_SanIgnacioBosaExt_ef0ffc,,,,,
2026-09-12T15:36:07-05:00,PUR_IED_SanIgnacioBosa_11a_50c26e,PUR_IED_SanIgnacioBosa_11a_50c26e,,,,,
2026-09-12T15:36:07-05:00,PUR_IED_SanIgnacioBosa_Ext_ef0ffc,PUR_IED_SanIgnacioBosa_Ext_ef0ffc,,,,,
2026-09-12T15:36:07-05:00,PUR_IED_SanJoseN_intS1101_31c47f,PUR_IED_SanJoseN_intS1101_31c47f,,,,,
2026-09-12T15:36:07-05:00,PUR_IED_SanJoseUsm_Exter_f5d7e8,PUR_IED_SanJoseUsm_Exter_f5d7e8,,,,,
2026-09-12T15:36:07-05:00,PUR_IED_SanJoseUsm_Int11A_cfdef6,PUR_IED_SanJoseUsm_Int11A_cfdef6,,,,,
2026-09-12T15:36:07-05:00,PUR_IED_SilveriaR_IntB5_905349,PUR_IED_SilveriaR_IntB5_905349,,,,,
2026-09-12T15:36:07-05:00,PUR_IED_SilveriaR_IntSD14_981f93,PUR_IED_SilveriaR_IntSD14_981f93,,,,,
2026-09-12T15:36:07-05:00,PUR_IED_SilveriaR_ext_2b651d,PUR_IED_SilveriaR_ext_2b651d,,,,,
2026-09-12T15:36:07-05:00,PUR_IED_SimonB_Exterior_913975,PUR_IED_SimonB_Exterior_913975,,,,,
2026-09-12T15:36:07-05:00,PUR_IED_SimonB_LabQuimi_c56908,PUR_IED_SimonB_LabQuimi_c56908,,,,,
2026-09-12T15:36:07-05:00,PUR_IED_SimonB_informatic_a28c1,PUR_IED_SimonB_informatic_a28c1,,,,,
2026-09-12T15:36:07-05:00,PUR_IED_Sorrento_1102_315f50,PUR_IED_Sorrento_1102_315f50,,,,,
2026-09-12T15:36:07-05:00,PUR_IED_Sorrento_Minte_214eab,PUR_IED_Sorrento_Minte_214eab,,,,,
2026-09-12T15:36:07-05:00,PUR_IED_Sorrento_ext_7c3a0a,PUR_IED_Sorrento_ext_7c3a0a,,,,,
2026-09-12T15:36:07-05:00,PUR_IED_Tabora_Ext_f048ae,PUR_IED_Tabora_Ext_f048ae,,,,,
2026-09-12T15:36:07-05:00,PUR_IED_Tabora_S1102_b07752,PUR_IED_Tabora_S1102_b07752,,,,,
2026-09-12T15:36:07-05:00,PUR_IED_Tabora_S1103_d988f5,PUR_IED_Tabora_S1103_d988f5,,,,,
2026-09-12T15:36:07-05:00,PUR_IED_Tenerife_Ext_1ab188,PUR_IED_Tenerife_Ext_1ab188,,,,,
2026-09-12T15:36:07-05:00,PUR_IED_Tenerife_SDanzas_7bc02e,PUR_IED_Tenerife_SDanzas_7bc02e,,,,,
2026-09-12T15:36:07-05:00,PUR_IED_Tenerife_SIngles_7cc277,PUR_IED_Tenerife_SIngles_7cc277,,,,,
2026-09-12T15:36:07-05:00,PUR_IED_Tibabuyes_Exter_f2683d,PUR_IED_Tibabuyes_Exter_f2683d,,,,,
2026-09-12T15:36:07-05:00,PUR_IED_Tibabuyes_S10_dc87a8,PUR_IED_Tibabuyes_S10_dc87a8,,,,,
2026-09-12T15:36:07-05:00,PUR_IED_Tibabuyes_S15_dc0526,PUR_IED_Tibabuyes_S15_dc0526,,,,,
2026-09-12T15:36:07-05:00,PUR_IED_UnionE_S301_a1043,PUR_IED_UnionE_S301_a1043,,,,,
2026-09-12T15:36:07-05:00,PUR_IED_UnionE_S307_ff6c2f,PUR_IED_UnionE_S307_ff6c2f,,,,,
2026-09-12T15:36:07-05:00,PUR_IED_UnionE__Ext_5e2468,PUR_IED_UnionE__Ext_5e2468,,,,,
2026-09-12T15:36:07-05:00,PUR_IED_VillaRica_Ext_75be7c,PUR_IED_VillaRica_Ext_75be7c,,,,,
2026-09-12T15:36:07-05:00,PUR_IED_VillaRica_S4_cc5dcd,PUR_IED_VillaRica_S4_cc5dcd,,,,,
2026-09-12T15:36:07-05:00,PUR_IED_VillaRica_Sesp_99f5c,PUR_IED_VillaRica_Sesp_99f5c,,,,,
2026-09-12T15:41:20-05:00,PUR_IED_20deJulio_1101_91b1b9,PUR_IED_20deJulio_1101_91b1b9,,,,,
2026-09-12T15:41:20-05:00,PUR_IED_20deJulio_1102_1cfcf9,PUR_IED_20deJulio_1102_1cfcf9,,,,,
2026-09-12T15:41:20-05:00,PUR_IED_20deJulio_Ext_ab60bd,PUR_IED_20deJulio_Ext_ab60bd,,,,,
2026-09-12T15:41:20-05:00,PUR_IED_AgustinFer_Ext_7b9b77,PUR_IED_AgustinFer_Ext_7b9b77,,,,,
2026-09-12T15:41:20-05:00,PUR_IED_AgustinFer_Info2_27b3a7,PUR_IED_AgustinFer_Info2_27b3a7,,,,,
2026-09-12T15:41:20-05:00,PUR_IED_AgustinFer_Sena_54b4eb,PUR_IED_AgustinFer_Sena_54b4eb,,,,,
2026-09-12T15:41:20-05:00,PUR_IED_AlexanderF_1102_caf07b,PUR_IED_AlexanderF_1102_caf07b,,,,,
2026-09-12T15:41:20-05:00,PUR_IED_AlexanderF_1103_c79e71,PUR_IED_AlexanderF_1103_c79e71,,,,,
2026-09-12T15:41:20-05:00,PUR_IED_AlexanderF_Ext_c5b18b,PUR_IED_AlexanderF_Ext_c5b18b,,,,,
2026-09-12T15:41:20-05:00,PUR_IED_AlfonsoLopez_Ext_281d77,PUR_IED_AlfonsoLopez_Ext_281d77,,,,,
2026-09-12T15:41:20-05:00,PUR_IED_AlfonsoLopez_LabF_888ce0,PUR_IED_AlfonsoLopez_LabF_888ce0,,,,,
2026-09-12T15:41:20-05:00,PUR_IED_AlfonsoLopez_SMed_df6a7f,PUR_IED_AlfonsoLopez_SMed_df6a7f,,,,,
2026-09-12T15:41:20-05:00,PUR_IED_AltamiraSO_A2_209f92,PUR_IED_AltamiraSO_A2_209f92,,,,,
2026-09-12T15:41:20-05:00,PUR_IED_AltamiraSO_Ext_186d66,PUR_IED_AltamiraSO_Ext_186d66,,,,,
2026-09-12T15:41:20-05:00,PUR_IED_AltamiraSO_Sistem_27afe1,PUR_IED_AltamiraSO_Sistem_27afe1,,,,,
2026-09-12T15:41:20-05:00,PUR_IED_AlvaroGom_LabQuim_813179,PUR_IED_AlvaroGom_LabQuim_813179,,,,,
2026-09-12T15:41:20-05:00,PUR_IED_AlvaroGomez_Ext_47c7ca,PUR_IED_AlvaroGomez_Ext_47c7ca,,,,,
2026-09-12T15:41:20-05:00,PUR_IED_AlvaroGomez_LabQuim_813179,PUR_IED_AlvaroGomez_LabQuim_813179,,,,,
2026-09-12T15:41:20-05:00,PUR_IED_AlvaroGomez_S23_7ba89f,PUR_IED_AlvaroGomez_S23_7ba89f,,,,,
2026-09-12T15:41:20-05:00,PUR_IED_Amistad_306_dc8728,PUR_IED_Amistad_306_dc8728,,,,,
2026-09-12T15:41:20-05:00,PUR_IED_Amistad_Ext_8cd55e,PUR_IED_Amistad_Ext_8cd55e,,,,,
2026-09-12T15:41:20-05:00,PUR_IED_Amistad_S202_a41169,PUR_IED_Amistad_S202_a41169,,,,,
2026-09-12T15:41:20-05:00,PUR_IED_AndresBello_Bio_fd5f5e,PUR_IED_AndresBello_Bio_fd5f5e,,,,,
2026-09-12T15:41:20-05:00,PUR_IED_AndresBello_ext_dcad65,PUR_IED_AndresBello_ext_dcad65,,,,,
2026-09-12T15:41:20-05:00,PUR_IED_AndresBello_port_eed3ec,PUR_IED_AndresBello_port_eed3ec,,,,,
2026-09-12T15:41:20-05:00,PUR_IED_AngelaR_11b_d90a6b,PUR_IED_AngelaR_11b_d90a6b,,,,,
2026-09-12T15:41:20-05:00,PUR_IED_AngelaR_ext_7cad3e,PUR_IED_AngelaR_ext_7cad3e,,,,,
2026-09-12T15:41:20-05:00,PUR_IED_AntJoseSucre_10mo_df2575,PUR_IED_AntJoseSucre_10mo_df2575,,,,,
2026-09-12T15:41:20-05:00,PUR_IED_AntJoseSucre_Ext_215b36,PUR_IED_AntJoseSucre_Ext_215b36,,,,,
2026-09-12T15:41:20-05:00,PUR_IED_AntJoseSucre_Lab_3139de,PUR_IED_AntJoseSucre_Lab_3139de,,,,,
2026-09-12T15:41:20-05:00,PUR_IED_AntonioGarcia_301_d6b188,PUR_IED_AntonioGarcia_301_d6b188,,,,,
2026-09-12T15:41:20-05:00,PUR_IED_AntonioGarcia_302_88a82,PUR_IED_AntonioGarcia_302_88a82,,,,,
2026-09-12T15:41:20-05:00,PUR_IED_AntonioGarcia_Ext_20950c,PUR_IED_AntonioGarcia_Ext_20950c,,,,,
2026-09-12T15:41:20-05:00,PUR_IED_AntonioVan_Aula2_6dea02,PUR_IED_AntonioVan_Aula2_6dea02,,,,,
2026-09-12T15:41:20-05:00,PUR_IED_AntonioVan_Aula5_f1557e,PUR_IED_AntonioVan_Aula5_f1557e,,,,,
2026-09-12T15:41:20-05:00,PUR_IED_AntonioVan_Ext_406f2f,PUR_IED_AntonioVan_Ext_406f2f,,,,,
2026-09-12T15:41:20-05:00,PUR_IED_Atabanzha_Ext_cc5af9,PUR_IED_Atabanzha_Ext_cc5af9,,,,,
2026-09-12T15:41:20-05:00,PUR_IED_Atabanzha_SA101_56c37,PUR_IED_Atabanzha_SA101_56c37,,,,,
2026-09-12T15:41:20-05:00,PUR_IED_Atabanzha_SB302_27b374,PUR_IED_Atabanzha_SB302_27b374,,,,,
2026-09-12T15:41:20-05:00,PUR_IED_Atahualpa_Ext_fc1748,PUR_IED_Atahualpa_Ext_fc1748,,,,,
2026-09-12T15:41:20-05:00,PUR_IED_Atahualpa_Informa_dc9a95,PUR_IED_Atahualpa_Informa_dc9a95,,,,,
2026-09-12T15:41:20-05:00,PUR_IED_Atahualpa_S1101_f98056,PUR_IED_Atahualpa_S1101_f98056,,,,,
2026-09-12T15:41:20-05:00,PUR_IED_Bellavista_Ext_f5aa74,PUR_IED_Bellavista_Ext_f5aa74,,,,,
2026-09-12T15:41:20-05:00,PUR_IED_Bilbao_11A_916c41,PUR_IED_Bilbao_11A_916c41,,,,,
2026-09-12T15:41:20-05:00,PUR_IED_Bilbao_Ext_fb579a,PUR_IED_Bilbao_Ext_fb579a,,,,,
2026-09-12T15:41:20-05:00,PUR_IED_BrasiliaU_A125_304280,PUR_IED_BrasiliaU_A125_304280,,,,,
2026-09-12T15:41:20-05:00,PUR_IED_BrasiliaU_A203_7c8ca5,PUR_IED_BrasiliaU_A203_7c8ca5,,,,,
2026-09-12T15:41:20-05:00,PUR_IED_BrasiliaU_Ext_8d6e9f,PUR_IED_BrasiliaU_Ext_8d6e9f,3,21,53,4.5175,-74.116302
2026-09-12T15:41:20-05:00,PUR_IED_Brasilia_Ext_fe6593,PUR_IED_Brasilia_Ext_fe6593,,,,,
2026-09-12T15:41:20-05:00,PUR_IED_Brasilia_S24_7c130d,PUR_IED_Brasilia_S24_7c130d,,,,,
2026-09-12T15:41:20-05:00,PUR_IED_Brasilia_S501_186a54,PUR_IED_Brasilia_S501_186a54,,,,,
2026-09-12T15:41:20-05:00,PUR_IED_CHARRY_EXT_f1d5cd,PUR_IED_CHARRY_EXT_f1d5cd,,,,,
2026-09-12T15:41:20-05:00,PUR_IED_CHARRY_INTDANZAS_7a08e6,PUR_IED_CHARRY_INTDANZAS_7a08e6,,,,,
2026-09-12T15:41:20-05:00,PUR_IED_CHARRY_INT_AULA20_dc998d,PUR_IED_CHARRY_INT_AULA20_dc998d,,,,,
2026-09-12T15:41:20-05:00,PUR_IED_COLVIV_1101_S25_7f520a,PUR_IED_COLVIV_1101_S25_7f520a,,,,,
2026-09-12T15:41:20-05:00,PUR_IED_COLVIV_1102_S16_f570ba,PUR_IED_COLVIV_1102_S16_f570ba,,,,,
2026-09-12T15:41:20-05:00,PUR_IED_COLVIV_Ext_1a26fa,PUR_IED_COLVIV_Ext_1a26fa,,,,,
2026-09-12T15:41:20-05:00,PUR_IED_CULPOP_301A_f660f3,PUR_IED_CULPOP_301A_f660f3,,,,,
2026-09-12T15:41:20-05:00,PUR_IED_CULPOP_303_568afe,PUR_IED_CULPOP_303_568afe,,,,,
2026-09-12T15:41:20-05:00,PUR_IED_CULPOP_Ext_e02ccb,PUR_IED_CULPOP_Ext_e02ccb,,,,,
2026-09-12T15:41:20-05:00,PUR_IED_CVillavicen_Ext_26eb58,PUR_IED_CVillavicen_Ext_26eb58,4,17,73,4.487,-74.102798
2026-09-12T15:41:20-05:00,PUR_IED_CVillavicen_Intel_1ce5c2,PUR_IED_CVillavicen_Intel_1ce5c2,,,,,
2026-09-12T15:41:20-05:00,PUR_IED_CVillavicen_Poliv_e0766c,PUR_IED_CVillavicen_Poliv_e0766c,,,,,
2026-09-12T15:41:20-05:00,PUR_IED_CVillavicen_int_1ba140,PUR_IED_CVillavicen_int_1ba140,,,,,
2026-09-12T15:41:20-05:00,PUR_IED_CVillavicen_intel_1ba140,PUR_IED_CVillavicen_intel_1ba140,,,,,
2026-09-12T15:41:20-05:00,PUR_IED_CarlosPizarro_Ext_e307cc,PUR_IED_CarlosPizarro_Ext_e307cc,,,,,
2026-09-12T15:41:20-05:00,PUR_IED_CarlosPizarro_L36_7e5cdb,PUR_IED_CarlosPizarro_L36_7e5cdb,,,,,
2026-09-12T15:41:20-05:00,PUR_IED_CarlosPizarro_L37_c8566c,PUR_IED_CarlosPizarro_L37_c8566c,,,,,
2026-09-12T15:41:20-05:00,PUR_IED_Castilla_Ext_cf35f,PUR_IED_Castilla_Ext_cf35f,,,,,
2026-09-12T15:41:20-05:00,PUR_IED_Castilla_SFisik_360e38,PUR_IED_Castilla_SFisik_360e38,,,,,
2026-09-12T15:41:20-05:00,PUR_IED_Castilla_Sc304_496fbf,PUR_IED_Castilla_Sc304_496fbf,,,,,
2026-09-12T15:41:20-05:00,PUR_IED_CervantesSa_Ext_6b57b,PUR_IED_CervantesSa_Ext_6b57b,2,20,61,4.5128,-74.117203
2026-09-12T15:41:20-05:00,PUR_IED_CervantesSa_S107_225c2b,PUR_IED_CervantesSa_S107_225c2b,,,,,
2026-09-12T15:41:20-05:00,PUR_IED_CervantesSa_S108_940925,PUR_IED_CervantesSa_S108_940925,,,,,
2026-09-12T15:41:20-05:00,PUR_IED_Charry_A20_f53e7c,PUR_IED_Charry_A20_f53e7c,,,,,
2026-09-12T15:41:20-05:00,PUR_IED_Charry_Ext_f1d5cd,PUR_IED_Charry_Ext_f1d5cd,,,,,
2026-09-12T15:41:20-05:00,PUR_IED_Charry_IntAula20_dc998d,PUR_IED_Charry_IntAula20_dc998d,,,,,
2026-09-12T15:41:20-05:00,PUR_IED_Charry_IntDanzas_7a08e6,PUR_IED_Charry_IntDanzas_7a08e6,,,,,
2026-09-12T15:41:20-05:00,PUR_IED_ClememciaC_203_43e2fc,PUR_IED_ClememciaC_203_43e2fc,,,,,
2026-09-12T15:41:20-05:00,PUR_IED_ClememciaC_Ext_1b411a,PUR_IED_ClememciaC_Ext_1b411a,,,,,
2026-09-12T15:41:20-05:00,PUR_IED_ClememciaC_Quimic_44b5fc,PUR_IED_ClememciaC_Quimic_44b5fc,,,,,
2026-09-12T15:41:20-05:00,PUR_IED_ClemenciaC_203_43e2fc,PUR_IED_ClemenciaC_203_43e2fc,,,,,
2026-09-12T15:41:20-05:00,PUR_IED_ClemenciaC_Ext_1b411a,PUR_IED_ClemenciaC_Ext_1b411a,,,,,
2026-09-12T15:41:20-05:00,PUR_IED_ClemenciaC_Quimic_44b5fc,PUR_IED_ClemenciaC_Quimic_44b5fc,,,,,
2026-09-12T15:41:20-05:00,PUR_IED_ColViva_1101_S25_7f520a,PUR_IED_ColViva_1101_S25_7f520a,,,,,
2026-09-12T15:41:20-05:00,PUR_IED_ColViva_1102_S16_f570ba,PUR_IED_ColViva_1102_S16_f570ba,,,,,
2026-09-12T15:41:20-05:00,PUR_IED_ColViva_Ext_1a26fa,PUR_IED_ColViva_Ext_1a26fa,,,,,
2026-09-12T15:41:20-05:00,PUR_IED_ColegioBici_Asist_7c8798,PUR_IED_ColegioBici_Asist_7c8798,,,,,
2026-09-12T15:41:20-05:00,PUR_IED_ColegioBici_Ext_25cbf6,PUR_IED_ColegioBici_Ext_25cbf6,,,,,
2026-09-12T15:41:20-05:00,PUR_IED_ColegioBici_LabQ_7b57db,PUR_IED_ColegioBici_LabQ_7b57db,,,,,
2026-09-12T15:41:20-05:00,PUR_IED_CostaRica_Ext_5e640,PUR_IED_CostaRica_Ext_5e640,,,,,
2026-09-12T15:41:20-05:00,PUR_IED_CostaRica_Quim1_766d1c,PUR_IED_CostaRica_Quim1_766d1c,,,,,
2026-09-12T15:41:20-05:00,PUR_IED_CostaRica__Fisica_6f0873,PUR_IED_CostaRica__Fisica_6f0873,,,,,
2026-09-12T15:41:20-05:00,PUR_IED_CulPopu_301A_f660f3,PUR_IED_CulPopu_301A_f660f3,,,,,
2026-09-12T15:41:20-05:00,PUR_IED_CulPopu_303_568afe,PUR_IED_CulPopu_303_568afe,,,,,
2026-09-12T15:41:20-05:00,PUR_IED_CulPopu_Ext_e02ccb,PUR_IED_CulPopu_Ext_e02ccb,,,,,
2026-09-12T15:41:20-05:00,PUR_IED_Cundinamarca_Ext_f15985,PUR_IED_Cundinamarca_Ext_f15985,,,,,
2026-09-12T15:41:20-05:00,PUR_IED_Cundinamarca_Info_7aa5d7,PUR_IED_Cundinamarca_Info_7aa5d7,,,,,
2026-09-12T15:41:20-05:00,PUR_IED_Cundinamarca_Tec2_f449c7,PUR_IED_Cundinamarca_Tec2_f449c7,,,,,
2026-09-12T15:41:20-05:00,PUR_IED_DiegoM_Aula1_27b314,PUR_IED_DiegoM_Aula1_27b314,,,,,
2026-09-12T15:41:20-05:00,PUR_IED_DiegoM_Ext_d80ac8,PUR_IED_DiegoM_Ext_d80ac8,,,,,
2026-09-12T15:41:20-05:00,PUR_IED_DiegoM_S25_da928f,PUR_IED_DiegoM_S25_da928f,,,,,
2026-09-12T15:41:20-05:00,PUR_IED_ELRODEO_360881,PUR_IED_ELRODEO_360881,,,,,
2026-09-12T15:41:20-05:00,PUR_IED_ELRODEO_ext_360881,PUR_IED_ELRODEO_ext_360881,,,,,
2026-09-12T15:41:20-05:00,PUR_IED_EduardoU_Ext_1c1969,PUR_IED_EduardoU_Ext_1c1969,,,,,
2026-09-12T15:41:20-05:00,PUR_IED_EduardoU_SCiencia_4dfb94,PUR_IED_EduardoU_SCiencia_4dfb94,,,,,
2026-09-12T15:41:20-05:00,PUR_IED_EduardoU_SQuimica_5a46e7,PUR_IED_EduardoU_SQuimica_5a46e7,,,,,
2026-09-12T15:41:20-05:00,PUR_IED_ElRodeo_Aula14_676984,PUR_IED_ElRodeo_Aula14_676984,,,,,
2026-09-12T15:41:20-05:00,PUR_IED_ElRodeo_Aula16_2dd35b,PUR_IED_ElRodeo_Aula16_2dd35b,,,,,
2026-09-12T15:41:20-05:00,PUR_IED_ElRodeo_Ext_360881,PUR_IED_ElRodeo_Ext_360881,,,,,
2026-09-12T15:41:20-05:00,PUR_IED_ElRodeo_Exterior_8c6d28,PUR_IED_ElRodeo_Exterior_8c6d28,,,,,
2026-09-12T15:41:20-05:00,PUR_IED_ElRodeo_ext_360881,PUR_IED_ElRodeo_ext_360881,,,,,
2026-09-12T15:41:20-05:00,PUR_IED_EmmaReyes_Ext_987625,PUR_IED_EmmaReyes_Ext_987625,5,22,48,4.6367,-74.1511
2026-09-12T15:41:20-05:00,PUR_IED_Ensueño_Ext_7f0250,PUR_IED_Ensueño_Ext_7f0250,,,,,
2026-09-12T15:41:20-05:00,PUR_IED_EscNormal_Ext_5fef3b,PUR_IED_EscNormal_Ext_5fef3b,2,21,54,4.5852,-74.096901
2026-09-12T15:41:20-05:00,PUR_IED_EscNormal_S309_5b263,PUR_IED_EscNormal_S309_5b263,,,,,
2026-09-12T15:41:20-05:00,PUR_IED_EscNormal_S310_27b3b8,PUR_IED_EscNormal_S310_27b3b8,,,,,
2026-09-12T15:41:20-05:00,PUR_IED_Evangelista_Conta_f6cd4f,PUR_IED_Evangelista_Conta_f6cd4f,,,,,
2026-09-12T15:41:20-05:00,PUR_IED_Evangelista_Cri_5e16a,PUR_IED_Evangelista_Cri_5e16a,,,,,
2026-09-12T15:41:20-05:00,PUR_IED_Evangelista_Exter_754066,PUR_IED_Evangelista_Exter_754066,,,,,
2026-09-12T15:41:20-05:00,PUR_IED_FMiranda_S209_5cc2a3,PUR_IED_FMiranda_S209_5cc2a3,,,,,
2026-09-12T15:41:20-05:00,PUR_IED_FMiranda_S303_19e344,PUR_IED_FMiranda_S303_19e344,,,,,
2026-09-12T15:41:20-05:00,PUR_IED_FMiranda_ext_f53e7c,PUR_IED_FMiranda_ext_f53e7c,,,,,
2026-09-12T15:41:20-05:00,PUR_IED_FabioLozano_Bibli_1cee05,PUR_IED_FabioLozano_Bibli_1cee05,,,,,
2026-09-12T15:41:20-05:00,PUR_IED_FabioLozano_Ext_6ea285,PUR_IED_FabioLozano_Ext_6ea285,,,,,
2026-09-12T15:41:20-05:00,PUR_IED_FabioLozano_SLudi_f09e1e,PUR_IED_FabioLozano_SLudi_f09e1e,,,,,
2026-09-12T15:41:20-05:00,PUR_IED_FaustinoS_Aula07_27a731,PUR_IED_FaustinoS_Aula07_27a731,,,,,
2026-09-12T15:41:20-05:00,PUR_IED_FaustinoS_Ext_7b936f,PUR_IED_FaustinoS_Ext_7b936f,,,,,
2026-09-12T15:41:20-05:00,PUR_IED_FaustinoS_Fisica_da2c60,PUR_IED_FaustinoS_Fisica_da2c60,,,,,
2026-09-12T15:41:20-05:00,PUR_IED_FeGarciaLo_Ext_dc68ee,PUR_IED_FeGarciaLo_Ext_dc68ee,,,,,
2026-09-12T15:41:20-05:00,PUR_IED_FeGarciaLo_SDanza_f70a59,PUR_IED_FeGarciaLo_SDanza_f70a59,,,,,
2026-09-12T15:41:20-05:00,PUR_IED_FeGarciaLo_SMusic_125cdd,PUR_IED_FeGarciaLo_SMusic_125cdd,,,,,
2026-09-12T15:41:20-05:00,PUR_IED_FederalAlema_Exte_50c345,PUR_IED_FederalAlema_Exte_50c345,,,,,
2026-09-12T15:41:20-05:00,PUR_IED_FederalAlema_S31_f18371,PUR_IED_FederalAlema_S31_f18371,,,,,
2026-09-12T15:41:20-05:00,PUR_IED_FederalAlema_S901_a62cd,PUR_IED_FederalAlema_S901_a62cd,,,,,
2026-09-12T15:41:20-05:00,PUR_IED_FilarmonicaS_A5_f35eb1,PUR_IED_FilarmonicaS_A5_f35eb1,,,,,
2026-09-12T15:41:20-05:00,PUR_IED_FilarmonicaS_Ext_8a3bde,PUR_IED_FilarmonicaS_Ext_8a3bde,,,,,
2026-09-12T15:41:20-05:00,PUR_IED_FilarmonicaS_Spol_406114,PUR_IED_FilarmonicaS_Spol_406114,,,,,
2026-09-12T15:41:20-05:00,PUR_IED_FlorentinoG_A13_d1fa59,PUR_IED_FlorentinoG_A13_d1fa59,,,,,
2026-09-12T15:41:20-05:00,PUR_IED_FlorentinoG_Ext_1ce6ce,PUR_IED_FlorentinoG_Ext_1ce6ce,,,,,
2026-09-12T15:41:20-05:00,PUR_IED_FlorentinoG_Idiom_a66aac,PUR_IED_FlorentinoG_Idiom_a66aac,,,,,
2026-09-12T15:41:20-05:00,PUR_IED_FranciscoMati_Ext_e3869d,PUR_IED_FranciscoMati_Ext_e3869d,,,,,
2026-09-12T15:41:20-05:00,PUR_IED_FranciscoMati_S13_f31c67,PUR_IED_FranciscoMati_S13_f31c67,,,,,
2026-09-12T15:41:20-05:00,PUR_IED_FranciscoMati_S14_97dead,PUR_IED_FranciscoMati_S14_97dead,,,,,
2026-09-12T15:41:20-05:00,PUR_IED_FranciscoPS_Ext_7bfa9a,PUR_IED_FranciscoPS_Ext_7bfa9a,2,21,54,4.5899,-74.110397
2026-09-12T15:41:20-05:00,PUR_IED_FranciscoPS_Infor_fb8f4c,PUR_IED_FranciscoPS_Infor_fb8f4c,,,,,
2026-09-12T15:41:20-05:00,PUR_IED_FranciscoPS_Quimi_94d39c,PUR_IED_FranciscoPS_Quimi_94d39c,,,,,
2026-09-12T15:41:20-05:00,PUR_IED_FranciscoP_LabQ_d7e148,PUR_IED_FranciscoP_LabQ_d7e148,,,,,
2026-09-12T15:41:20-05:00,PUR_IED_FranciscoP_S28_cf9b30,PUR_IED_FranciscoP_S28_cf9b30,,,,,
2026-09-12T15:41:20-05:00,PUR_IED_FranciscoP_ext_e2313,PUR_IED_FranciscoP_ext_e2313,,,,,
2026-09-12T15:41:20-05:00,PUR_IED_FriederichN_Ext_8ac92a,PUR_IED_FriederichN_Ext_8ac92a,,,,,
2026-09-12T15:41:20-05:00,PUR_IED_FriederichN_S301_dd7e5a,PUR_IED_FriederichN_S301_dd7e5a,,,,,
2026-09-12T15:41:20-05:00,PUR_IED_FriederichN_S308_761f4f,PUR_IED_FriederichN_S308_761f4f,,,,,
2026-09-12T15:41:20-05:00,PUR_IED_GSantander_Aula10_533dd7,PUR_IED_GSantander_Aula10_533dd7,,,,,
2026-09-12T15:41:20-05:00,PUR_IED_GSantander_Aula12_fd4e4f,PUR_IED_GSantander_Aula12_fd4e4f,,,,,
2026-09-12T15:41:20-05:00,PUR_IED_GSantander_Aula310_533dd7,PUR_IED_GSantander_Aula310_533dd7,,,,,
2026-09-12T15:41:20-05:00,PUR_IED_GSantander_Aula312_fd4e4f,PUR_IED_GSantander_Aula312_fd4e4f,,,,,
2026-09-12T15:41:20-05:00,PUR_IED_GSantander_Ext_5f66b0,PUR_IED_GSantander_Ext_5f66b0,,,,,
2026-09-12T15:41:20-05:00,PUR_IED_GYomasa_Ext_f6bea5,PUR_IED_GYomasa_Ext_f6bea5,,,,,
2026-09-12T15:41:20-05:00,PUR_IED_GYomasa_LBiol_2c41aa,PUR_IED_GYomasa_LBiol_2c41aa,,,,,
2026-09-12T15:41:20-05:00,PUR_IED_GYomasa_LQuim_33c80,PUR_IED_GYomasa_LQuim_33c80,,,,,
2026-09-12T15:41:20-05:00,PUR_IED_GabBetMejia_Cienc_5a99c,PUR_IED_GabBetMejia_Cienc_5a99c,,,,,
2026-09-12T15:41:20-05:00,PUR_IED_GabBetMejia_Ext_9153d0,PUR_IED_GabBetMejia_Ext_9153d0,,,,,
2026-09-12T15:41:20-05:00,PUR_IED_GabBetMejia_Lab_f55347,PUR_IED_GabBetMejia_Lab_f55347,,,,,
2026-09-12T15:41:20-05:00,PUR_IED_GabBetanMejia_Ext_9153d0,PUR_IED_GabBetanMejia_Ext_9153d0,,,,,
2026-09-12T15:41:20-05:00,PUR_IED_Gaitana_Aula13_7aac11,PUR_IED_Gaitana_Aula13_7aac11,,,,,
2026-09-12T15:41:20-05:00,PUR_IED_Gaitana_Ext_5fcf4,PUR_IED_Gaitana_Ext_5fcf4,,,,,
2026-09-12T15:41:20-05:00,PUR_IED_Gaitana_LabFisica_644448,PUR_IED_Gaitana_LabFisica_644448,,,,,
2026-09-12T15:41:20-05:00,PUR_IED_GenSantander_Dise_8ac858,PUR_IED_GenSantander_Dise_8ac858,,,,,
2026-09-12T15:41:20-05:00,PUR_IED_GenSantander_Ext_8d5dfe,PUR_IED_GenSantander_Ext_8d5dfe,,,,,
2026-09-12T15:41:20-05:00,PUR_IED_GenSantander_Info_6c25b,PUR_IED_GenSantander_Info_6c25b,,,,,
2026-09-12T15:41:20-05:00,PUR_IED_GustavoMo_Exterio_75e63d,PUR_IED_GustavoMo_Exterio_75e63d,,,,,
2026-09-12T15:41:20-05:00,PUR_IED_GustavoMo_LabFisi_224d37,PUR_IED_GustavoMo_LabFisi_224d37,,,,,
2026-09-12T15:41:20-05:00,PUR_IED_GustavoMo_S208_3e6918,PUR_IED_GustavoMo_S208_3e6918,,,,,
2026-09-12T15:41:20-05:00,PUR_IED_GustavoR_A02_8cd4a8,PUR_IED_GustavoR_A02_8cd4a8,,,,,
2026-09-12T15:41:20-05:00,PUR_IED_GustavoR_B11_5b0ed,PUR_IED_GustavoR_B11_5b0ed,,,,,
2026-09-12T15:41:20-05:00,PUR_IED_GustavoR_Ext_7a0c90,PUR_IED_GustavoR_Ext_7a0c90,,,,,
2026-09-12T15:41:20-05:00,PUR_IED_HernandoDuran_Ext_8cd82b,PUR_IED_HernandoDuran_Ext_8cd82b,,,,,
2026-09-12T15:41:20-05:00,PUR_IED_HernandoDuran_S24_2772c6,PUR_IED_HernandoDuran_S24_2772c6,,,,,
2026-09-12T15:41:20-05:00,PUR_IED_HernandoDuran_S30_f2de41,PUR_IED_HernandoDuran_S30_f2de41,,,,,
2026-09-12T15:41:20-05:00,PUR_IED_HolguInUr_S1101_8cd732,PUR_IED_HolguInUr_S1101_8cd732,,,,,
2026-09-12T15:41:20-05:00,PUR_IED_HolguinUr_Exter_ddae6d,PUR_IED_HolguinUr_Exter_ddae6d,,,,,
2026-09-12T15:41:20-05:00,PUR_IED_HolguinUr_LabQuim_92b952,PUR_IED_HolguinUr_LabQuim_92b952,,,,,
2026-09-12T15:41:20-05:00,PUR_IED_Isabel-II_Ext_5245cc,PUR_IED_Isabel-II_Ext_5245cc,2,20,55,4.6336,-74.153
2026-09-12T15:41:20-05:00,PUR_IED_Isabel-II_S_idiom_1c29aa,PUR_IED_Isabel-II_S_idiom_1c29aa,,,,,
2026-09-12T15:41:20-05:00,PUR_IED_Isabel-II_S_infor_fd741,PUR_IED_Isabel-II_S_infor_fd741,,,,,
2026-09-12T15:41:20-05:00,PUR_IED_IsidroSur_Exterio_5b90ea,PUR_IED_IsidroSur_Exterio_5b90ea,,,,,
2026-09-12T15:41:20-05:00,PUR_IED_IsidroSur_LabTec_56697a,PUR_IED_IsidroSur_LabTec_56697a,,,,,
2026-09-12T15:41:20-05:00,PUR_IED_IsidroSur_Robotic_b7c38f,PUR_IED_IsidroSur_Robotic_b7c38f,,,,,
2026-09-12T15:41:20-05:00,PUR_IED_IsmaelPerd_Ext_7b6672,PUR_IED_IsmaelPerd_Ext_7b6672,,,,,
2026-09-12T15:41:20-05:00,PUR_IED_IsmaelPerd_Inform_306540,PUR_IED_IsmaelPerd_Inform_306540,,,,,
2026-09-12T15:41:20-05:00,PUR_IED_IsmaelPerd_S30_2e2c83,PUR_IED_IsmaelPerd_S30_2e2c83,,,,,
2026-09-12T15:41:20-05:00,PUR_IED_JLozano_Exter_432910,PUR_IED_JLozano_Exter_432910,,,,,
2026-09-12T15:41:20-05:00,PUR_IED_JLozano_salaMulti_df5125,PUR_IED_JLozano_salaMulti_df5125,,,,,
2026-09-12T15:41:20-05:00,PUR_IED_JMCordoba_206_86f80b,PUR_IED_JMCordoba_206_86f80b,,,,,
2026-09-12T15:41:20-05:00,PUR_IED_JMCordoba_Ext_27ad97,PUR_IED_JMCordoba_Ext_27ad97,,,,,
2026-09-12T15:41:20-05:00,PUR_IED_JMCordoba_S310_d59ab4,PUR_IED_JMCordoba_S310_d59ab4,,,,,
2026-09-12T15:41:20-05:00,PUR_IED_Japon_Ext_549100,PUR_IED_Japon_Ext_549100,,,,,
2026-09-12T15:41:20-05:00,PUR_IED_Japon_Laboratorio_bec51d,PUR_IED_Japon_Laboratorio_bec51d,,,,,
2026-09-12T15:41:20-05:00,PUR_IED_Japon_informatica_d99327,PUR_IED_Japon_informatica_d99327,,,,,
2026-09-12T15:41:20-05:00,PUR_IED_Jazmin_Ext_d27bda,PUR_IED_Jazmin_Ext_d27bda,,,,,
2026-09-12T15:41:20-05:00,PUR_IED_Jazmin_Fisica_8d14d7,PUR_IED_Jazmin_Fisica_8d14d7,,,,,
2026-09-12T15:41:20-05:00,PUR_IED_Jazmin_Quimica_801cb5,PUR_IED_Jazmin_Quimica_801cb5,,,,,
2026-09-12T15:41:20-05:00,PUR_IED_JorgeGaitan_Exter_f098d1,PUR_IED_JorgeGaitan_Exter_f098d1,,,,,
2026-09-12T15:41:20-05:00,PUR_IED_JorgeGaitan_STec1_dc9d1d,PUR_IED_JorgeGaitan_STec1_dc9d1d,,,,,
2026-09-12T15:41:20-05:00,PUR_IED_JorgeGaitan_STec2_281e69,PUR_IED_JorgeGaitan_STec2_281e69,,,,,
2026-09-12T15:41:20-05:00,PUR_IED_JorgeSoto_Exterio_d9d0a2,PUR_IED_JorgeSoto_Exterio_d9d0a2,,,,,
2026-09-12T15:41:20-05:00,PUR_IED_JorgeSoto_LabFisi_209c54,PUR_IED_JorgeSoto_LabFisi_209c54,,,,,
2026-09-12T15:41:20-05:00,PUR_IED_JorgeSoto_S103_27b51a,PUR_IED_JorgeSoto_S103_27b51a,,,,,
2026-09-12T15:41:20-05:00,PUR_IED_JoseAcevedo_A02_e965eb,PUR_IED_JoseAcevedo_A02_e965eb,,,,,
2026-09-12T15:41:20-05:00,PUR_IED_JoseAcevedo_A07_dd5b4,PUR_IED_JoseAcevedo_A07_dd5b4,,,,,
2026-09-12T15:41:20-05:00,PUR_IED_JoseAcevedo_Ext_b47484,PUR_IED_JoseAcevedo_Ext_b47484,,,,,
2026-09-12T15:41:20-05:00,PUR_IED_JoseMarti_Exte_5b9bf,PUR_IED_JoseMarti_Exte_5b9bf,,,,,
2026-09-12T15:41:20-05:00,PUR_IED_JoseMarti_LabQuim_1c6c2d,PUR_IED_JoseMarti_LabQuim_1c6c2d,,,,,
2026-09-12T15:41:20-05:00,PUR_IED_JoseMarti_S_info_f5f177,PUR_IED_JoseMarti_S_info_f5f177,,,,,
2026-09-12T15:41:20-05:00,PUR_IED_Josejoaquin_Ext_dfc5dc,PUR_IED_Josejoaquin_Ext_dfc5dc,,,,,
2026-09-12T15:41:20-05:00,PUR_IED_Josejoaquin_S05_5b2a96,PUR_IED_Josejoaquin_S05_5b2a96,,,,,
2026-09-12T15:41:20-05:00,PUR_IED_Josejoaquin_S06_1ce7d2,PUR_IED_Josejoaquin_S06_1ce7d2,,,,,
2026-09-12T15:41:20-05:00,PUR_IED_JulioFlorez_Danza_9b82dd,PUR_IED_JulioFlorez_Danza_9b82dd,,,,,
2026-09-12T15:41:20-05:00,PUR_IED_JulioFlorez_Exter_f9f314,PUR_IED_JulioFlorez_Exter_f9f314,,,,,
2026-09-12T15:41:20-05:00,PUR_IED_JulioFlorez_info2_6b6e08,PUR_IED_JulioFlorez_info2_6b6e08,,,,,
2026-09-12T15:41:20-05:00,PUR_IED_LaBelleza_Aula13_1d00d8,PUR_IED_LaBelleza_Aula13_1d00d8,,,,,
2026-09-12T15:41:20-05:00,PUR_IED_LaBelleza_Ext_7bc08c,PUR_IED_LaBelleza_Ext_7bc08c,,,,,
2026-09-12T15:41:20-05:00,PUR_IED_LaChucua_Ext_8cd6d2,PUR_IED_LaChucua_Ext_8cd6d2,,,,,
2026-09-12T15:41:20-05:00,PUR_IED_LaChucua_S15_f578ce,PUR_IED_LaChucua_S15_f578ce,,,,,
2026-09-12T15:41:20-05:00,PUR_IED_LaChucua_S16_eebcf9,PUR_IED_LaChucua_S16_eebcf9,,,,,
2026-09-12T15:41:20-05:00,PUR_IED_LaFelicidad_Ext_fb5109,PUR_IED_LaFelicidad_Ext_fb5109,,,,,
2026-09-12T15:41:20-05:00,PUR_IED_LaMerced_206_66ebd,PUR_IED_LaMerced_206_66ebd,,,,,
2026-09-12T15:41:20-05:00,PUR_IED_LaMerced_207_6ebd6,PUR_IED_LaMerced_207_6ebd6,,,,,
2026-09-12T15:41:20-05:00,PUR_IED_LaMerced_ext_304311,PUR_IED_LaMerced_ext_304311,,,,,
2026-09-12T15:41:20-05:00,PUR_IED_Laureano_CiencNat_281e5e,PUR_IED_Laureano_CiencNat_281e5e,,,,,
2026-09-12T15:41:20-05:00,PUR_IED_Laureano_Comedor_f65c0a,PUR_IED_Laureano_Comedor_f65c0a,,,,,
2026-09-12T15:41:20-05:00,PUR_IED_Laureano_Exterior_7ab011,PUR_IED_Laureano_Exterior_7ab011,,,,,
2026-09-12T15:41:20-05:00,PUR_IED_LeonGreiff_Exte_dfe560,PUR_IED_LeonGreiff_Exte_dfe560,,,,,
2026-09-12T15:41:20-05:00,PUR_IED_LeonGreiff_S210_f264ed,PUR_IED_LeonGreiff_S210_f264ed,,,,,
2026-09-12T15:41:20-05:00,PUR_IED_LeonGreiff_SQuimi_e8296f,PUR_IED_LeonGreiff_SQuimi_e8296f,,,,,
2026-09-12T15:41:20-05:00,PUR_IED_LlanoOrientalS208_7b9fcd,PUR_IED_LlanoOrientalS208_7b9fcd,,,,,
2026-09-12T15:41:20-05:00,PUR_IED_LlanoOriental_Ext_fb3766,PUR_IED_LlanoOriental_Ext_fb3766,,,,,
2026-09-12T15:41:20-05:00,PUR_IED_LlanoOriental_S208_7b9fcd,PUR_IED_LlanoOriental_S208_7b9fcd,,,,,
2026-09-12T15:41:20-05:00,PUR_IED_LlanoOriental_S9_27b378,PUR_IED_LlanoOriental_S9_27b378,,,,,
2026-09-12T15:41:20-05:00,PUR_IED_LosTejares_1101_477602,PUR_IED_LosTejares_1101_477602,,,,,
2026-09-12T15:41:20-05:00,PUR_IED_LosTejares_11_d2c595,PUR_IED_LosTejares_11_d2c595,,,,,
2026-09-12T15:41:20-05:00,PUR_IED_LosTejares_12_477602,PUR_IED_LosTejares_12_477602,,,,,
2026-09-12T15:41:20-05:00,PUR_IED_LosTejares_Ext_8e2115,PUR_IED_LosTejares_Ext_8e2115,,,,,
2026-09-12T15:41:20-05:00,PUR_IED_MagdalenaO_B202_5ddda3,PUR_IED_MagdalenaO_B202_5ddda3,,,,,
2026-09-12T15:41:20-05:00,PUR_IED_MagdalenaO_B205_fb76e8,PUR_IED_MagdalenaO_B205_fb76e8,,,,,
2026-09-12T15:41:20-05:00,PUR_IED_MagdalenaO_ext_dc69cd,PUR_IED_MagdalenaO_ext_dc69cd,,,,,
2026-09-12T15:41:20-05:00,PUR_IED_ManueCepeda_artes_eee956,PUR_IED_ManueCepeda_artes_eee956,,,,,
2026-09-12T15:41:20-05:00,PUR_IED_ManuelCepeda_Ext_58313,PUR_IED_ManuelCepeda_Ext_58313,,,,,
2026-09-12T15:41:20-05:00,PUR_IED_ManuelCepeda_tec_1c5731,PUR_IED_ManuelCepeda_tec_1c5731,,,,,
2026-09-12T15:41:20-05:00,PUR_IED_ManuelS_Exterior_5b269,PUR_IED_ManuelS_Exterior_5b269,,,,,
2026-09-12T15:41:20-05:00,PUR_IED_ManuelS_Inform_f369ce,PUR_IED_ManuelS_Inform_f369ce,,,,,
2026-09-12T15:41:20-05:00,PUR_IED_ManuelS_SArtes_7d15f1,PUR_IED_ManuelS_SArtes_7d15f1,,,,,
2026-09-12T15:41:20-05:00,PUR_IED_ManuelZapata_303_3ca6,PUR_IED_ManuelZapata_303_3ca6,,,,,
2026-09-12T15:41:20-05:00,PUR_IED_ManuelZapata_311_bfbabc,PUR_IED_ManuelZapata_311_bfbabc,,,,,
2026-09-12T15:41:20-05:00,PUR_IED_ManuelZapata_Ext_50824a,PUR_IED_ManuelZapata_Ext_50824a,,,,,
2026-09-12T15:41:20-05:00,PUR_IED_ManuelitaS_Exteri_656a92,PUR_IED_ManuelitaS_Exteri_656a92,,,,,
2026-09-12T15:41:20-05:00,PUR_IED_ManuelitaS_JuzgDe_f58ec3,PUR_IED_ManuelitaS_JuzgDe_f58ec3,,,,,
2026-09-12T15:41:20-05:00,PUR_IED_ManuelitaS_Recrea_d793db,PUR_IED_ManuelitaS_Recrea_d793db,,,,,
2026-09-12T15:41:20-05:00,PUR_IED_MarFidSuarez_Ext_c27b19,PUR_IED_MarFidSuarez_Ext_c27b19,,,,,
2026-09-12T15:41:20-05:00,PUR_IED_MarFidSuarez_Info_e384d7,PUR_IED_MarFidSuarez_Info_e384d7,,,,,
2026-09-12T15:41:20-05:00,PUR_IED_MarFidSuarez_S306_1d0032,PUR_IED_MarFidSuarez_S306_1d0032,,,,,
2026-09-12T15:41:20-05:00,PUR_IED_Menorah_301_2a25a3,PUR_IED_Menorah_301_2a25a3,,,,,
2026-09-12T15:41:20-05:00,PUR_IED_Menorah_306_37ed3,PUR_IED_Menorah_306_37ed3,,,,,
2026-09-12T15:41:20-05:00,PUR_IED_Menorah_Ext_3e155b,PUR_IED_Menorah_Ext_3e155b,,,,,
2026-09-12T15:41:20-05:00,PUR_IED_MinutoB.Aires_A11_1b1604,PUR_IED_MinutoB.Aires_A11_1b1604,,,,,
2026-09-12T15:41:20-05:00,PUR_IED_MinutoB.Aires_A12_fb5860,PUR_IED_MinutoB.Aires_A12_fb5860,,,,,
2026-09-12T15:41:20-05:00,PUR_IED_MinutoB.Aires_Ext_81293f,PUR_IED_MinutoB.Aires_Ext_81293f,,,,,
2026-09-12T15:41:20-05:00,PUR_IED_MinutoBAires_A11_1b1604,PUR_IED_MinutoBAires_A11_1b1604,,,,,
2026-09-12T15:41:20-05:00,PUR_IED_MinutoBAires_A12_fb5860,PUR_IED_MinutoBAires_A12_fb5860,,,,,
2026-09-12T15:41:20-05:00,PUR_IED_MinutoBAires_Ext_81293f,PUR_IED_MinutoBAires_Ext_81293f,,,,,
2026-09-12T15:41:20-05:00,PUR_IED_Montreal_Aula10_1e4959,PUR_IED_Montreal_Aula10_1e4959,,,,,
2026-09-12T15:41:20-05:00,PUR_IED_Montreal_Aula6_300367,PUR_IED_Montreal_Aula6_300367,,,,,
2026-09-12T15:41:20-05:00,PUR_IED_Montreal_Exterior_91a179,PUR_IED_Montreal_Exterior_91a179,,,,,
2026-09-12T15:41:20-05:00,PUR_IED_Mqgdalena_B202_5ddda3,PUR_IED_Mqgdalena_B202_5ddda3,,,,,
2026-09-12T15:41:20-05:00,PUR_IED_NACUND_Soc_dc8728,PUR_IED_NACUND_Soc_dc8728,,,,,
2026-09-12T15:41:20-05:00,PUR_IED_NACUND_ext_27ad97,PUR_IED_NACUND_ext_27ad97,,,,,
2026-09-12T15:41:20-05:00,PUR_IED_NEsperanza_Ext_d24b61,PUR_IED_NEsperanza_Ext_d24b61,,,,,
2026-09-12T15:41:20-05:00,PUR_IED_NEsperanza_SElect_7d1807,PUR_IED_NEsperanza_SElect_7d1807,,,,,
2026-09-12T15:41:20-05:00,PUR_IED_NEsperanza_SLabor_8b2d0a,PUR_IED_NEsperanza_SLabor_8b2d0a,,,,,
2026-09-12T15:41:20-05:00,PUR_IED_NacionesU_Ext_f661a9,PUR_IED_NacionesU_Ext_f661a9,,,,,
2026-09-12T15:41:20-05:00,PUR_IED_NacionesU_Quimica_66f0a,PUR_IED_NacionesU_Quimica_66f0a,,,,,
2026-09-12T15:41:20-05:00,PUR_IED_NacionesU_S306_1b4b3d,PUR_IED_NacionesU_S306_1b4b3d,,,,,
2026-09-12T15:41:20-05:00,PUR_IED_NestorFA_Ext_e4201c,PUR_IED_NestorFA_Ext_e4201c,,,,,
2026-09-12T15:41:20-05:00,PUR_IED_NestorFA_Laborato_f22fe0,PUR_IED_NestorFA_Laborato_f22fe0,,,,,
2026-09-12T15:41:20-05:00,PUR_IED_NestorFA_S204_dee996,PUR_IED_NestorFA_S204_dee996,,,,,
2026-09-12T15:41:20-05:00,PUR_IED_NidyaQT_Aula03_76999b,PUR_IED_NidyaQT_Aula03_76999b,,,,,
2026-09-12T15:41:20-05:00,PUR_IED_NidyaQT_Aula10_56325,PUR_IED_NidyaQT_Aula10_56325,,,,,
2026-09-12T15:41:20-05:00,PUR_IED_NidyaQT_Ext_46e32d,PUR_IED_NidyaQT_Ext_46e32d,,,,,
2026-09-12T15:41:20-05:00,PUR_IED_NuevaCol_Exterior_d9b859,PUR_IED_NuevaCol_Exterior_d9b859,,,,,
2026-09-12T15:41:20-05:00,PUR_IED_NuevaCol_S1101_76c43b,PUR_IED_NuevaCol_S1101_76c43b,,,,,
2026-09-12T15:41:20-05:00,PUR_IED_NuevaCol_S1102_1ce0b5,PUR_IED_NuevaCol_S1102_1ce0b5,,,,,
2026-09-12T15:41:20-05:00,PUR_IED_OEA_A202_f7e3f2,PUR_IED_OEA_A202_f7e3f2,,,,,
2026-09-12T15:41:20-05:00,PUR_IED_OEA_A203_7d1b8d,PUR_IED_OEA_A203_7d1b8d,,,,,
2026-09-12T15:41:20-05:00,PUR_IED_OEA_Ext_27b593,PUR_IED_OEA_Ext_27b593,,,,,
2026-09-12T15:41:20-05:00,PUR_IED_Ochoa_Ext_1c29da,PUR_IED_Ochoa_Ext_1c29da,,,,,
2026-09-12T15:41:20-05:00,PUR_IED_Ochoa_S205_8b1121,PUR_IED_Ochoa_S205_8b1121,,,,,
2026-09-12T15:41:20-05:00,PUR_IED_Ochoa_Sistemas_f33af6,PUR_IED_Ochoa_Sistemas_f33af6,,,,,
2026-09-12T15:41:20-05:00,PUR_IED_PQuebec_Ext_1c67c7,PUR_IED_PQuebec_Ext_1c67c7,,,,,
2026-09-12T15:41:20-05:00,PUR_IED_PQuebec_S15_23e8e2,PUR_IED_PQuebec_S15_23e8e2,,,,,
2026-09-12T15:41:20-05:00,PUR_IED_PQuebec_S16_8ec76b,PUR_IED_PQuebec_S16_8ec76b,,,,,
2026-09-12T15:41:20-05:00,PUR_IED_PabloN_Ext_49dc96,PUR_IED_PabloN_Ext_49dc96,,,,,
2026-09-12T15:41:20-05:00,PUR_IED_PabloN_S1102_4e3df5,PUR_IED_PabloN_S1102_4e3df5,,,,,
2026-09-12T15:41:20-05:00,PUR_IED_PabloN_S1103_50c94b,PUR_IED_PabloN_S1103_50c94b,,,,,
2026-09-12T15:41:20-05:00,PUR_IED_Palestina_S1101_db9198,PUR_IED_Palestina_S1101_db9198,,,,,
2026-09-12T15:41:20-05:00,PUR_IED_Palestina_S1102_dc54fa,PUR_IED_Palestina_S1102_dc54fa,,,,,
2026-09-12T15:41:20-05:00,PUR_IED_Palestina_ext_4ccce6,PUR_IED_Palestina_ext_4ccce6,,,,,
2026-09-12T15:41:20-05:00,PUR_IED_Panama_Fisica_4d0794,PUR_IED_Panama_Fisica_4d0794,,,,,
2026-09-12T15:41:20-05:00,PUR_IED_Panama_SIngles_a4077e,PUR_IED_Panama_SIngles_a4077e,,,,,
2026-09-12T15:41:20-05:00,PUR_IED_Panama_ext_4c54b4,PUR_IED_Panama_ext_4c54b4,,,,,
2026-09-12T15:41:20-05:00,PUR_IED_ParaisoM_Exterior_8cd7f0,PUR_IED_ParaisoM_Exterior_8cd7f0,,,,,
2026-09-12T15:41:20-05:00,PUR_IED_ParaisoM_Laborato_27af35,PUR_IED_ParaisoM_Laborato_27af35,,,,,
2026-09-12T15:41:20-05:00,PUR_IED_ParaisoM_S304_d1edca,PUR_IED_ParaisoM_S304_d1edca,,,,,
2026-09-12T15:41:20-05:00,PUR_IED_PorfirioBarba_Ext_301466,PUR_IED_PorfirioBarba_Ext_301466,,,,,
2026-09-12T15:41:20-05:00,PUR_IED_PorfirioBarba_S11_df6cd2,PUR_IED_PorfirioBarba_S11_df6cd2,,,,,
2026-09-12T15:41:20-05:00,PUR_IED_PorfirioBarba_S29_27a7d6,PUR_IED_PorfirioBarba_S29_27a7d6,,,,,
2026-09-12T15:41:20-05:00,PUR_IED_PradoV_Exter_8b27ad,PUR_IED_PradoV_Exter_8b27ad,,,,,
2026-09-12T15:41:20-05:00,PUR_IED_PradoV_S301_de65b5,PUR_IED_PradoV_S301_de65b5,,,,,
2026-09-12T15:41:20-05:00,PUR_IED_PradoV_S302_7d2593,PUR_IED_PradoV_S302_7d2593,,,,,
2026-09-12T15:41:20-05:00,PUR_IED_QuirogaAlz_Ext_1ddc82,PUR_IED_QuirogaAlz_Ext_1ddc82,,,,,
2026-09-12T15:41:20-05:00,PUR_IED_QuirogaAlz_S302_9926a3,PUR_IED_QuirogaAlz_S302_9926a3,,,,,
2026-09-12T15:41:20-05:00,PUR_IED_QuirogaAlz_S305_cdf1f1,PUR_IED_QuirogaAlz_S305_cdf1f1,,,,,
2026-09-12T15:41:20-05:00,PUR_IED_RGuatemala_Biling_dc53b7,PUR_IED_RGuatemala_Biling_dc53b7,,,,,
2026-09-12T15:41:20-05:00,PUR_IED_RGuatemala_Ext_1b89a3,PUR_IED_RGuatemala_Ext_1b89a3,,,,,
2026-09-12T15:41:20-05:00,PUR_IED_RGuatemala_Tecnol_281a34,PUR_IED_RGuatemala_Tecnol_281a34,,,,,
2026-09-12T15:41:20-05:00,PUR_IED_RafaNu_Ext_f7c302,PUR_IED_RafaNu_Ext_f7c302,,,,,
2026-09-12T15:41:20-05:00,PUR_IED_RafaNu_S1101_25fde,PUR_IED_RafaNu_S1101_25fde,,,,,
2026-09-12T15:41:20-05:00,PUR_IED_RafaNu_S1102_281517,PUR_IED_RafaNu_S1102_281517,,,,,
2026-09-12T15:41:20-05:00,PUR_IED_RafaelB_S305_ee2783,PUR_IED_RafaelB_S305_ee2783,,,,,
2026-09-12T15:41:20-05:00,PUR_IED_RafaelB_S306_75fe33,PUR_IED_RafaelB_S306_75fe33,,,,,
2026-09-12T15:41:20-05:00,PUR_IED_RafaelB_ext_283336,PUR_IED_RafaelB_ext_283336,3,20,55,4.6722,-74.0737
2026-09-12T15:41:20-05:00,PUR_IED_RafaelUU_Exterior_281a51,PUR_IED_RafaelUU_Exterior_281a51,,,,,
2026-09-12T15:41:20-05:00,PUR_IED_RafaelUU_Human_806b2,PUR_IED_RafaelUU_Human_806b2,,,,,
2026-09-12T15:41:20-05:00,PUR_IED_RafaelUU_Mate2_5680d4,PUR_IED_RafaelUU_Mate2_5680d4,,,,,
2026-09-12T15:41:20-05:00,PUR_IED_RamonSub_Ext_f9eeb9,PUR_IED_RamonSub_Ext_f9eeb9,,,,,
2026-09-12T15:41:20-05:00,PUR_IED_RamonSub_Media_d1f62f,PUR_IED_RamonSub_Media_d1f62f,,,,,
2026-09-12T15:41:20-05:00,PUR_IED_RamonSub_planta_51b82,PUR_IED_RamonSub_planta_51b82,,,,,
2026-09-12T15:41:20-05:00,PUR_IED_RepBoliVene_Exter_27af7c,PUR_IED_RepBoliVene_Exter_27af7c,,,,,
2026-09-12T15:41:20-05:00,PUR_IED_RepBoliVene_SCPT_5ae2ee,PUR_IED_RepBoliVene_SCPT_5ae2ee,,,,,
2026-09-12T15:41:20-05:00,PUR_IED_RepBoliVene_Socia_4b11d5,PUR_IED_RepBoliVene_Socia_4b11d5,,,,,
2026-09-12T15:41:20-05:00,PUR_IED_RepChina_Ext_76d9ee,PUR_IED_RepChina_Ext_76d9ee,,,,,
2026-09-12T15:41:20-05:00,PUR_IED_RepChina_S404_7c804c,PUR_IED_RepChina_S404_7c804c,,,,,
2026-09-12T15:41:20-05:00,PUR_IED_RepChina_S405_df2c33,PUR_IED_RepChina_S405_df2c33,,,,,
2026-09-12T15:41:20-05:00,PUR_IED_RepublicaC_Exteri_7d1ec9,PUR_IED_RepublicaC_Exteri_7d1ec9,,,,,
2026-09-12T15:41:20-05:00,PUR_IED_RepublicaC_S1101_f544b3,PUR_IED_RepublicaC_S1101_f544b3,,,,,
2026-09-12T15:41:20-05:00,PUR_IED_RepublicaC_S1102_7aafc7,PUR_IED_RepublicaC_S1102_7aafc7,,,,,
2026-09-12T15:41:20-05:00,PUR_IED_Ricaurte_Externo_a0ea1,PUR_IED_Ricaurte_Externo_a0ea1,,,,,
2026-09-12T15:41:20-05:00,PUR_IED_Ricaurte_S210_f546fd,PUR_IED_Ricaurte_S210_f546fd,,,,,
2026-09-12T15:41:20-05:00,PUR_IED_Ricaurte_S309_d4452,PUR_IED_Ricaurte_S309_d4452,,,,,
2026-09-12T15:41:20-05:00,PUR_IED_RogelioS_1102_531e69,PUR_IED_RogelioS_1102_531e69,,,,,
2026-09-12T15:41:20-05:00,PUR_IED_RogelioS_Ext_f25a18,PUR_IED_RogelioS_Ext_f25a18,,,,,
2026-09-12T15:41:20-05:00,PUR_IED_SBernardino_Ext_27aff8,PUR_IED_SBernardino_Ext_27aff8,,,,,
2026-09-12T15:41:20-05:00,PUR_IED_SBernardino_SArte_2ffd33,PUR_IED_SBernardino_SArte_2ffd33,,,,,
2026-09-12T15:41:20-05:00,PUR_IED_SBernardino_SIngl_7c7da5,PUR_IED_SBernardino_SIngl_7c7da5,,,,,
2026-09-12T15:41:20-05:00,PUR_IED_Sago_auditorio_dc9d1d,PUR_IED_Sago_auditorio_dc9d1d,,,,,
2026-09-12T15:41:20-05:00,PUR_IED_Saludcoop_Ext_95aac3,PUR_IED_Saludcoop_Ext_95aac3,,,,,
2026-09-12T15:41:20-05:00,PUR_IED_Saludcoop_InfI_90c854,PUR_IED_Saludcoop_InfI_90c854,,,,,
2026-09-12T15:41:20-05:00,PUR_IED_Saludcoop_SMedia_1b93be,PUR_IED_Saludcoop_SMedia_1b93be,,,,,
2026-09-12T15:41:20-05:00,PUR_IED_SanCarlos_1101_1a2360,PUR_IED_SanCarlos_1101_1a2360,,,,,
2026-09-12T15:41:20-05:00,PUR_IED_SanCarlos_1103_7bafb5,PUR_IED_SanCarlos_1103_7bafb5,,,,,
2026-09-12T15:41:20-05:00,PUR_IED_SanCarlos_Ext_b7cd1,PUR_IED_SanCarlos_Ext_b7cd1,,,,,
2026-09-12T15:41:20-05:00,PUR_IED_SanIgnacioBosa11a_50c26e,PUR_IED_SanIgnacioBosa11a_50c26e,,,,,
2026-09-12T15:41:20-05:00,PUR_IED_SanIgnacioBosa11b_371de8,PUR_IED_SanIgnacioBosa11b_371de8,,,,,
2026-09-12T15:41:20-05:00,PUR_IED_SanIgnacioBosaExt_ef0ffc,PUR_IED_SanIgnacioBosaExt_ef0ffc,,,,,
2026-09-12T15:41:20-05:00,PUR_IED_SanIgnacioBosa_11a_50c26e,PUR_IED_SanIgnacioBosa_11a_50c26e,,,,,
2026-09-12T15:41:20-05:00,PUR_IED_SanIgnacioBosa_Ext_ef0ffc,PUR_IED_SanIgnacioBosa_Ext_ef0ffc,,,,,
2026-09-12T15:41:20-05:00,PUR_IED_SanJoseN_intS1101_31c47f,PUR_IED_SanJoseN_intS1101_31c47f,,,,,
2026-09-12T15:41:20-05:00,PUR_IED_SanJoseUsm_Exter_f5d7e8,PUR_IED_SanJoseUsm_Exter_f5d7e8,,,,,
2026-09-12T15:41:20-05:00,PUR_IED_SanJoseUsm_Int11A_cfdef6,PUR_IED_SanJoseUsm_Int11A_cfdef6,,,,,
2026-09-12T15:41:20-05:00,PUR_IED_SilveriaR_IntB5_905349,PUR_IED_SilveriaR_IntB5_905349,,,,,
2026-09-12T15:41:20-05:00,PUR_IED_SilveriaR_IntSD14_981f93,PUR_IED_SilveriaR_IntSD14_981f93,,,,,
2026-09-12T15:41:20-05:00,PUR_IED_SilveriaR_ext_2b651d,PUR_IED_SilveriaR_ext_2b651d,,,,,
2026-09-12T15:41:20-05:00,PUR_IED_SimonB_Exterior_913975,PUR_IED_SimonB_Exterior_913975,,,,,
2026-09-12T15:41:20-05:00,PUR_IED_SimonB_LabQuimi_c56908,PUR_IED_SimonB_LabQuimi_c56908,,,,,
2026-09-12T15:41:20-05:00,PUR_IED_SimonB_informatic_a28c1,PUR_IED_SimonB_informatic_a28c1,,,,,
2026-09-12T15:41:20-05:00,PUR_IED_Sorrento_1102_315f50,PUR_IED_Sorrento_1102_315f50,,,,,
2026-09-12T15:41:20-05:00,PUR_IED_Sorrento_Minte_214eab,PUR_IED_Sorrento_Minte_214eab,,,,,
2026-09-12T15:41:20-05:00,PUR_IED_Sorrento_ext_7c3a0a,PUR_IED_Sorrento_ext_7c3a0a,,,,,
2026-09-12T15:41:20-05:00,PUR_IED_Tabora_Ext_f048ae,PUR_IED_Tabora_Ext_f048ae,,,,,
2026-09-12T15:41:20-05:00,PUR_IED_Tabora_S1102_b07752,PUR_IED_Tabora_S1102_b07752,,,,,
2026-09-12T15:41:20-05:00,PUR_IED_Tabora_S1103_d988f5,PUR_IED_Tabora_S1103_d988f5,,,,,
2026-09-12T15:41:20-05:00,PUR_IED_Tenerife_Ext_1ab188,PUR_IED_Tenerife_Ext_1ab188,,,,,
2026-09-12T15:41:20-05:00,PUR_IED_Tenerife_SDanzas_7bc02e,PUR_IED_Tenerife_SDanzas_7bc02e,,,,,
2026-09-12T15:41:20-05:00,PUR_IED_Tenerife_SIngles_7cc277,PUR_IED_Tenerife_SIngles_7cc277,,,,,
2026-09-12T15:41:20-05:00,PUR_IED_Tibabuyes_Exter_f2683d,PUR_IED_Tibabuyes_Exter_f2683d,,,,,
2026-09-12T15:41:20-05:00,PUR_IED_Tibabuyes_S10_dc87a8,PUR_IED_Tibabuyes_S10_dc87a8,,,,,
2026-09-12T15:41:20-05:00,PUR_IED_Tibabuyes_S15_dc0526,PUR_IED_Tibabuyes_S15_dc0526,,,,,
2026-09-12T15:41:20-05:00,PUR_IED_UnionE_S301_a1043,PUR_IED_UnionE_S301_a1043,,,,,
2026-09-12T15:41:20-05:00,PUR_IED_UnionE_S307_ff6c2f,PUR_IED_UnionE_S307_ff6c2f,,,,,
2026-09-12T15:41:20-05:00,PUR_IED_UnionE__Ext_5e2468,PUR_IED_UnionE__Ext_5e2468,,,,,
2026-09-12T15:41:20-05:00,PUR_IED_VillaRica_Ext_75be7c,PUR_IED_VillaRica_Ext_75be7c,,,,,
2026-09-12T15:41:20-05:00,PUR_IED_VillaRica_S4_cc5dcd,PUR_IED_VillaRica_S4_cc5dcd,,,,,
2026-09-12T15:41:20-05:00,PUR_IED_VillaRica_Sesp_99f5c,PUR_IED_VillaRica_Sesp_99f5c,,,,,
2026-09-12T15:46:11-05:00,PUR_IED_20deJulio_1101_91b1b9,PUR_IED_20deJulio_1101_91b1b9,,,,,
2026-09-12T15:46:11-05:00,PUR_IED_20deJulio_1102_1cfcf9,PUR_IED_20deJulio_1102_1cfcf9,,,,,
2026-09-12T15:46:11-05:00,PUR_IED_20deJulio_Ext_ab60bd,PUR_IED_20deJulio_Ext_ab60bd,,,,,
2026-09-12T15:46:11-05:00,PUR_IED_AgustinFer_Ext_7b9b77,PUR_IED_AgustinFer_Ext_7b9b77,,,,,
2026-09-12T15:46:11-05:00,PUR_IED_AgustinFer_Info2_27b3a7,PUR_IED_AgustinFer_Info2_27b3a7,,,,,
2026-09-12T15:46:11-05:00,PUR_IED_AgustinFer_Sena_54b4eb,PUR_IED_AgustinFer_Sena_54b4eb,,,,,
2026-09-12T15:46:11-05:00,PUR_IED_AlexanderF_1102_caf07b,PUR_IED_AlexanderF_1102_caf07b,,,,,
2026-09-12T15:46:11-05:00,PUR_IED_AlexanderF_1103_c79e71,PUR_IED_AlexanderF_1103_c79e71,,,,,
2026-09-12T15:46:11-05:00,PUR_IED_AlexanderF_Ext_c5b18b,PUR_IED_AlexanderF_Ext_c5b18b,,,,,
2026-09-12T15:46:11-05:00,PUR_IED_AlfonsoLopez_Ext_281d77,PUR_IED_AlfonsoLopez_Ext_281d77,,,,,
2026-09-12T15:46:11-05:00,PUR_IED_AlfonsoLopez_LabF_888ce0,PUR_IED_AlfonsoLopez_LabF_888ce0,,,,,
2026-09-12T15:46:11-05:00,PUR_IED_AlfonsoLopez_SMed_df6a7f,PUR_IED_AlfonsoLopez_SMed_df6a7f,,,,,
2026-09-12T15:46:11-05:00,PUR_IED_AltamiraSO_A2_209f92,PUR_IED_AltamiraSO_A2_209f92,,,,,
2026-09-12T15:46:11-05:00,PUR_IED_AltamiraSO_Ext_186d66,PUR_IED_AltamiraSO_Ext_186d66,,,,,
2026-09-12T15:46:11-05:00,PUR_IED_AltamiraSO_Sistem_27afe1,PUR_IED_AltamiraSO_Sistem_27afe1,,,,,
2026-09-12T15:46:11-05:00,PUR_IED_AlvaroGom_LabQuim_813179,PUR_IED_AlvaroGom_LabQuim_813179,,,,,
2026-09-12T15:46:11-05:00,PUR_IED_AlvaroGomez_Ext_47c7ca,PUR_IED_AlvaroGomez_Ext_47c7ca,,,,,
2026-09-12T15:46:11-05:00,PUR_IED_AlvaroGomez_LabQuim_813179,PUR_IED_AlvaroGomez_LabQuim_813179,,,,,
2026-09-12T15:46:11-05:00,PUR_IED_AlvaroGomez_S23_7ba89f,PUR_IED_AlvaroGomez_S23_7ba89f,,,,,
2026-09-12T15:46:11-05:00,PUR_IED_Amistad_306_dc8728,PUR_IED_Amistad_306_dc8728,,,,,
2026-09-12T15:46:11-05:00,PUR_IED_Amistad_Ext_8cd55e,PUR_IED_Amistad_Ext_8cd55e,,,,,
2026-09-12T15:46:11-05:00,PUR_IED_Amistad_S202_a41169,PUR_IED_Amistad_S202_a41169,,,,,
2026-09-12T15:46:11-05:00,PUR_IED_AndresBello_Bio_fd5f5e,PUR_IED_AndresBello_Bio_fd5f5e,,,,,
2026-09-12T15:46:11-05:00,PUR_IED_AndresBello_ext_dcad65,PUR_IED_AndresBello_ext_dcad65,,,,,
2026-09-12T15:46:11-05:00,PUR_IED_AndresBello_port_eed3ec,PUR_IED_AndresBello_port_eed3ec,,,,,
2026-09-12T15:46:11-05:00,PUR_IED_AngelaR_11b_d90a6b,PUR_IED_AngelaR_11b_d90a6b,,,,,
2026-09-12T15:46:11-05:00,PUR_IED_AngelaR_ext_7cad3e,PUR_IED_AngelaR_ext_7cad3e,3,21,56,4.5825,-74.164497
2026-09-12T15:46:11-05:00,PUR_IED_AntJoseSucre_10mo_df2575,PUR_IED_AntJoseSucre_10mo_df2575,,,,,
2026-09-12T15:46:11-05:00,PUR_IED_AntJoseSucre_Ext_215b36,PUR_IED_AntJoseSucre_Ext_215b36,,,,,
2026-09-12T15:46:11-05:00,PUR_IED_AntJoseSucre_Lab_3139de,PUR_IED_AntJoseSucre_Lab_3139de,,,,,
2026-09-12T15:46:11-05:00,PUR_IED_AntonioGarcia_301_d6b188,PUR_IED_AntonioGarcia_301_d6b188,,,,,
2026-09-12T15:46:11-05:00,PUR_IED_AntonioGarcia_302_88a82,PUR_IED_AntonioGarcia_302_88a82,,,,,
2026-09-12T15:46:11-05:00,PUR_IED_AntonioGarcia_Ext_20950c,PUR_IED_AntonioGarcia_Ext_20950c,,,,,
2026-09-12T15:46:11-05:00,PUR_IED_AntonioVan_Aula2_6dea02,PUR_IED_AntonioVan_Aula2_6dea02,,,,,
2026-09-12T15:46:11-05:00,PUR_IED_AntonioVan_Aula5_f1557e,PUR_IED_AntonioVan_Aula5_f1557e,,,,,
2026-09-12T15:46:11-05:00,PUR_IED_AntonioVan_Ext_406f2f,PUR_IED_AntonioVan_Ext_406f2f,,,,,
2026-09-12T15:46:11-05:00,PUR_IED_Atabanzha_Ext_cc5af9,PUR_IED_Atabanzha_Ext_cc5af9,,,,,
2026-09-12T15:46:11-05:00,PUR_IED_Atabanzha_SA101_56c37,PUR_IED_Atabanzha_SA101_56c37,,,,,
2026-09-12T15:46:11-05:00,PUR_IED_Atabanzha_SB302_27b374,PUR_IED_Atabanzha_SB302_27b374,,,,,
2026-09-12T15:46:11-05:00,PUR_IED_Atahualpa_Ext_fc1748,PUR_IED_Atahualpa_Ext_fc1748,,,,,
2026-09-12T15:46:11-05:00,PUR_IED_Atahualpa_Informa_dc9a95,PUR_IED_Atahualpa_Informa_dc9a95,,,,,
2026-09-12T15:46:11-05:00,PUR_IED_Atahualpa_S1101_f98056,PUR_IED_Atahualpa_S1101_f98056,,,,,
2026-09-12T15:46:11-05:00,PUR_IED_Bellavista_Ext_f5aa74,PUR_IED_Bellavista_Ext_f5aa74,,,,,
2026-09-12T15:46:11-05:00,PUR_IED_Bilbao_11A_916c41,PUR_IED_Bilbao_11A_916c41,,,,,
2026-09-12T15:46:11-05:00,PUR_IED_Bilbao_Ext_fb579a,PUR_IED_Bilbao_Ext_fb579a,,,,,
2026-09-12T15:46:11-05:00,PUR_IED_BrasiliaU_A125_304280,PUR_IED_BrasiliaU_A125_304280,,,,,
2026-09-12T15:46:11-05:00,PUR_IED_BrasiliaU_A203_7c8ca5,PUR_IED_BrasiliaU_A203_7c8ca5,,,,,
2026-09-12T15:46:11-05:00,PUR_IED_BrasiliaU_Ext_8d6e9f,PUR_IED_BrasiliaU_Ext_8d6e9f,3,20,54,4.5175,-74.116302
2026-09-12T15:46:11-05:00,PUR_IED_Brasilia_Ext_fe6593,PUR_IED_Brasilia_Ext_fe6593,,,,,
2026-09-12T15:46:11-05:00,PUR_IED_Brasilia_S24_7c130d,PUR_IED_Brasilia_S24_7c130d,,,,,
2026-09-12T15:46:11-05:00,PUR_IED_Brasilia_S501_186a54,PUR_IED_Brasilia_S501_186a54,,,,,
2026-09-12T15:46:11-05:00,PUR_IED_CHARRY_EXT_f1d5cd,PUR_IED_CHARRY_EXT_f1d5cd,,,,,
2026-09-12T15:46:11-05:00,PUR_IED_CHARRY_INTDANZAS_7a08e6,PUR_IED_CHARRY_INTDANZAS_7a08e6,,,,,
2026-09-12T15:46:11-05:00,PUR_IED_CHARRY_INT_AULA20_dc998d,PUR_IED_CHARRY_INT_AULA20_dc998d,,,,,
2026-09-12T15:46:11-05:00,PUR_IED_COLVIV_1101_S25_7f520a,PUR_IED_COLVIV_1101_S25_7f520a,,,,,
2026-09-12T15:46:11-05:00,PUR_IED_COLVIV_1102_S16_f570ba,PUR_IED_COLVIV_1102_S16_f570ba,,,,,
2026-09-12T15:46:11-05:00,PUR_IED_COLVIV_Ext_1a26fa,PUR_IED_COLVIV_Ext_1a26fa,,,,,
2026-09-12T15:46:11-05:00,PUR_IED_CULPOP_301A_f660f3,PUR_IED_CULPOP_301A_f660f3,,,,,
2026-09-12T15:46:11-05:00,PUR_IED_CULPOP_303_568afe,PUR_IED_CULPOP_303_568afe,,,,,
2026-09-12T15:46:11-05:00,PUR_IED_CULPOP_Ext_e02ccb,PUR_IED_CULPOP_Ext_e02ccb,,,,,
2026-09-12T15:46:11-05:00,PUR_IED_CVillavicen_Ext_26eb58,PUR_IED_CVillavicen_Ext_26eb58,4,17,74,4.487,-74.102798
2026-09-12T15:46:11-05:00,PUR_IED_CVillavicen_Intel_1ce5c2,PUR_IED_CVillavicen_Intel_1ce5c2,,,,,
2026-09-12T15:46:11-05:00,PUR_IED_CVillavicen_Poliv_e0766c,PUR_IED_CVillavicen_Poliv_e0766c,,,,,
2026-09-12T15:46:11-05:00,PUR_IED_CVillavicen_int_1ba140,PUR_IED_CVillavicen_int_1ba140,,,,,
2026-09-12T15:46:11-05:00,PUR_IED_CVillavicen_intel_1ba140,PUR_IED_CVillavicen_intel_1ba140,,,,,
2026-09-12T15:46:11-05:00,PUR_IED_CarlosPizarro_Ext_e307cc,PUR_IED_CarlosPizarro_Ext_e307cc,,,,,
2026-09-12T15:46:11-05:00,PUR_IED_CarlosPizarro_L36_7e5cdb,PUR_IED_CarlosPizarro_L36_7e5cdb,,,,,
2026-09-12T15:46:11-05:00,PUR_IED_CarlosPizarro_L37_c8566c,PUR_IED_CarlosPizarro_L37_c8566c,,,,,
2026-09-12T15:46:11-05:00,PUR_IED_Castilla_Ext_cf35f,PUR_IED_Castilla_Ext_cf35f,,,,,
2026-09-12T15:46:11-05:00,PUR_IED_Castilla_SFisik_360e38,PUR_IED_Castilla_SFisik_360e38,,,,,
2026-09-12T15:46:11-05:00,PUR_IED_Castilla_Sc304_496fbf,PUR_IED_Castilla_Sc304_496fbf,,,,,
2026-09-12T15:46:11-05:00,PUR_IED_CervantesSa_Ext_6b57b,PUR_IED_CervantesSa_Ext_6b57b,2,20,61,4.5128,-74.117203
2026-09-12T15:46:11-05:00,PUR_IED_CervantesSa_S107_225c2b,PUR_IED_CervantesSa_S107_225c2b,,,,,
2026-09-12T15:46:11-05:00,PUR_IED_CervantesSa_S108_940925,PUR_IED_CervantesSa_S108_940925,,,,,
2026-09-12T15:46:11-05:00,PUR_IED_Charry_A20_f53e7c,PUR_IED_Charry_A20_f53e7c,,,,,
2026-09-12T15:46:11-05:00,PUR_IED_Charry_Ext_f1d5cd,PUR_IED_Charry_Ext_f1d5cd,,,,,
2026-09-12T15:46:11-05:00,PUR_IED_Charry_IntAula20_dc998d,PUR_IED_Charry_IntAula20_dc998d,,,,,
2026-09-12T15:46:11-05:00,PUR_IED_Charry_IntDanzas_7a08e6,PUR_IED_Charry_IntDanzas_7a08e6,,,,,
2026-09-12T15:46:11-05:00,PUR_IED_ClememciaC_203_43e2fc,PUR_IED_ClememciaC_203_43e2fc,,,,,
2026-09-12T15:46:11-05:00,PUR_IED_ClememciaC_Ext_1b411a,PUR_IED_ClememciaC_Ext_1b411a,,,,,
2026-09-12T15:46:11-05:00,PUR_IED_ClememciaC_Quimic_44b5fc,PUR_IED_ClememciaC_Quimic_44b5fc,,,,,
2026-09-12T15:46:11-05:00,PUR_IED_ClemenciaC_203_43e2fc,PUR_IED_ClemenciaC_203_43e2fc,,,,,
2026-09-12T15:46:11-05:00,PUR_IED_ClemenciaC_Ext_1b411a,PUR_IED_ClemenciaC_Ext_1b411a,,,,,
2026-09-12T15:46:11-05:00,PUR_IED_ClemenciaC_Quimic_44b5fc,PUR_IED_ClemenciaC_Quimic_44b5fc,,,,,
2026-09-12T15:46:11-05:00,PUR_IED_ColViva_1101_S25_7f520a,PUR_IED_ColViva_1101_S25_7f520a,,,,,
2026-09-12T15:46:11-05:00,PUR_IED_ColViva_1102_S16_f570ba,PUR_IED_ColViva_1102_S16_f570ba,,,,,
2026-09-12T15:46:11-05:00,PUR_IED_ColViva_Ext_1a26fa,PUR_IED_ColViva_Ext_1a26fa,,,,,
2026-09-12T15:46:11-05:00,PUR_IED_ColegioBici_Asist_7c8798,PUR_IED_ColegioBici_Asist_7c8798,,,,,
2026-09-12T15:46:11-05:00,PUR_IED_ColegioBici_Ext_25cbf6,PUR_IED_ColegioBici_Ext_25cbf6,,,,,
2026-09-12T15:46:11-05:00,PUR_IED_ColegioBici_LabQ_7b57db,PUR_IED_ColegioBici_LabQ_7b57db,,,,,
2026-09-12T15:46:11-05:00,PUR_IED_CostaRica_Ext_5e640,PUR_IED_CostaRica_Ext_5e640,,,,,
2026-09-12T15:46:11-05:00,PUR_IED_CostaRica_Quim1_766d1c,PUR_IED_CostaRica_Quim1_766d1c,,,,,
2026-09-12T15:46:11-05:00,PUR_IED_CostaRica__Fisica_6f0873,PUR_IED_CostaRica__Fisica_6f0873,,,,,
2026-09-12T15:46:11-05:00,PUR_IED_CulPopu_301A_f660f3,PUR_IED_CulPopu_301A_f660f3,,,,,
2026-09-12T15:46:11-05:00,PUR_IED_CulPopu_303_568afe,PUR_IED_CulPopu_303_568afe,,,,,
2026-09-12T15:46:11-05:00,PUR_IED_CulPopu_Ext_e02ccb,PUR_IED_CulPopu_Ext_e02ccb,,,,,
2026-09-12T15:46:11-05:00,PUR_IED_Cundinamarca_Ext_f15985,PUR_IED_Cundinamarca_Ext_f15985,,,,,
2026-09-12T15:46:11-05:00,PUR_IED_Cundinamarca_Info_7aa5d7,PUR_IED_Cundinamarca_Info_7aa5d7,,,,,
2026-09-12T15:46:11-05:00,PUR_IED_Cundinamarca_Tec2_f449c7,PUR_IED_Cundinamarca_Tec2_f449c7,,,,,
2026-09-12T15:46:11-05:00,PUR_IED_DiegoM_Aula1_27b314,PUR_IED_DiegoM_Aula1_27b314,,,,,
2026-09-12T15:46:11-05:00,PUR_IED_DiegoM_Ext_d80ac8,PUR_IED_DiegoM_Ext_d80ac8,,,,,
2026-09-12T15:46:11-05:00,PUR_IED_DiegoM_S25_da928f,PUR_IED_DiegoM_S25_da928f,,,,,
2026-09-12T15:46:11-05:00,PUR_IED_ELRODEO_360881,PUR_IED_ELRODEO_360881,,,,,
2026-09-12T15:46:11-05:00,PUR_IED_ELRODEO_ext_360881,PUR_IED_ELRODEO_ext_360881,,,,,
2026-09-12T15:46:11-05:00,PUR_IED_EduardoU_Ext_1c1969,PUR_IED_EduardoU_Ext_1c1969,,,,,
2026-09-12T15:46:11-05:00,PUR_IED_EduardoU_SCiencia_4dfb94,PUR_IED_EduardoU_SCiencia_4dfb94,,,,,
2026-09-12T15:46:11-05:00,PUR_IED_EduardoU_SQuimica_5a46e7,PUR_IED_EduardoU_SQuimica_5a46e7,,,,,
2026-09-12T15:46:11-05:00,PUR_IED_ElRodeo_Aula14_676984,PUR_IED_ElRodeo_Aula14_676984,,,,,
2026-09-12T15:46:11-05:00,PUR_IED_ElRodeo_Aula16_2dd35b,PUR_IED_ElRodeo_Aula16_2dd35b,,,,,
2026-09-12T15:46:11-05:00,PUR_IED_ElRodeo_Ext_360881,PUR_IED_ElRodeo_Ext_360881,,,,,
2026-09-12T15:46:11-05:00,PUR_IED_ElRodeo_Exterior_8c6d28,PUR_IED_ElRodeo_Exterior_8c6d28,,,,,
2026-09-12T15:46:11-05:00,PUR_IED_ElRodeo_ext_360881,PUR_IED_ElRodeo_ext_360881,,,,,
2026-09-12T15:46:11-05:00,PUR_IED_EmmaReyes_Ext_987625,PUR_IED_EmmaReyes_Ext_987625,4,22,49,4.6367,-74.1511
2026-09-12T15:46:11-05:00,PUR_IED_Ensueño_Ext_7f0250,PUR_IED_Ensueño_Ext_7f0250,,,,,
2026-09-12T15:46:11-05:00,PUR_IED_EscNormal_Ext_5fef3b,PUR_IED_EscNormal_Ext_5fef3b,2,21,54,4.5852,-74.096901
2026-09-12T15:46:11-05:00,PUR_IED_EscNormal_S309_5b263,PUR_IED_EscNormal_S309_5b263,,,,,
2026-09-12T15:46:11-05:00,PUR_IED_EscNormal_S310_27b3b8,PUR_IED_EscNormal_S310_27b3b8,,,,,
2026-09-12T15:46:11-05:00,PUR_IED_Evangelista_Conta_f6cd4f,PUR_IED_Evangelista_Conta_f6cd4f,,,,,
2026-09-12T15:46:11-05:00,PUR_IED_Evangelista_Cri_5e16a,PUR_IED_Evangelista_Cri_5e16a,,,,,
2026-09-12T15:46:11-05:00,PUR_IED_Evangelista_Exter_754066,PUR_IED_Evangelista_Exter_754066,,,,,
2026-09-12T15:46:11-05:00,PUR_IED_FMiranda_S209_5cc2a3,PUR_IED_FMiranda_S209_5cc2a3,,,,,
2026-09-12T15:46:11-05:00,PUR_IED_FMiranda_S303_19e344,PUR_IED_FMiranda_S303_19e344,,,,,
2026-09-12T15:46:11-05:00,PUR_IED_FMiranda_ext_f53e7c,PUR_IED_FMiranda_ext_f53e7c,,,,,
2026-09-12T15:46:11-05:00,PUR_IED_FabioLozano_Bibli_1cee05,PUR_IED_FabioLozano_Bibli_1cee05,,,,,
2026-09-12T15:46:11-05:00,PUR_IED_FabioLozano_Ext_6ea285,PUR_IED_FabioLozano_Ext_6ea285,,,,,
2026-09-12T15:46:11-05:00,PUR_IED_FabioLozano_SLudi_f09e1e,PUR_IED_FabioLozano_SLudi_f09e1e,,,,,
2026-09-12T15:46:11-05:00,PUR_IED_FaustinoS_Aula07_27a731,PUR_IED_FaustinoS_Aula07_27a731,,,,,
2026-09-12T15:46:11-05:00,PUR_IED_FaustinoS_Ext_7b936f,PUR_IED_FaustinoS_Ext_7b936f,,,,,
2026-09-12T15:46:11-05:00,PUR_IED_FaustinoS_Fisica_da2c60,PUR_IED_FaustinoS_Fisica_da2c60,,,,,
2026-09-12T15:46:11-05:00,PUR_IED_FeGarciaLo_Ext_dc68ee,PUR_IED_FeGarciaLo_Ext_dc68ee,,,,,
2026-09-12T15:46:11-05:00,PUR_IED_FeGarciaLo_SDanza_f70a59,PUR_IED_FeGarciaLo_SDanza_f70a59,,,,,
2026-09-12T15:46:11-05:00,PUR_IED_FeGarciaLo_SMusic_125cdd,PUR_IED_FeGarciaLo_SMusic_125cdd,,,,,
2026-09-12T15:46:11-05:00,PUR_IED_FederalAlema_Exte_50c345,PUR_IED_FederalAlema_Exte_50c345,,,,,
2026-09-12T15:46:11-05:00,PUR_IED_FederalAlema_S31_f18371,PUR_IED_FederalAlema_S31_f18371,,,,,
2026-09-12T15:46:11-05:00,PUR_IED_FederalAlema_S901_a62cd,PUR_IED_FederalAlema_S901_a62cd,,,,,
2026-09-12T15:46:11-05:00,PUR_IED_FilarmonicaS_A5_f35eb1,PUR_IED_FilarmonicaS_A5_f35eb1,,,,,
2026-09-12T15:46:11-05:00,PUR_IED_FilarmonicaS_Ext_8a3bde,PUR_IED_FilarmonicaS_Ext_8a3bde,,,,,
2026-09-12T15:46:11-05:00,PUR_IED_FilarmonicaS_Spol_406114,PUR_IED_FilarmonicaS_Spol_406114,,,,,
2026-09-12T15:46:11-05:00,PUR_IED_FlorentinoG_A13_d1fa59,PUR_IED_FlorentinoG_A13_d1fa59,,,,,
2026-09-12T15:46:11-05:00,PUR_IED_FlorentinoG_Ext_1ce6ce,PUR_IED_FlorentinoG_Ext_1ce6ce,,,,,
2026-09-12T15:46:11-05:00,PUR_IED_FlorentinoG_Idiom_a66aac,PUR_IED_FlorentinoG_Idiom_a66aac,,,,,
2026-09-12T15:46:11-05:00,PUR_IED_FranciscoMati_Ext_e3869d,PUR_IED_FranciscoMati_Ext_e3869d,,,,,
2026-09-12T15:46:11-05:00,PUR_IED_FranciscoMati_S13_f31c67,PUR_IED_FranciscoMati_S13_f31c67,,,,,
2026-09-12T15:46:11-05:00,PUR_IED_FranciscoMati_S14_97dead,PUR_IED_FranciscoMati_S14_97dead,,,,,
2026-09-12T15:46:11-05:00,PUR_IED_FranciscoPS_Ext_7bfa9a,PUR_IED_FranciscoPS_Ext_7bfa9a,2,22,54,4.5899,-74.110397
2026-09-12T15:46:11-05:00,PUR_IED_FranciscoPS_Infor_fb8f4c,PUR_IED_FranciscoPS_Infor_fb8f4c,,,,,
2026-09-12T15:46:11-05:00,PUR_IED_FranciscoPS_Quimi_94d39c,PUR_IED_FranciscoPS_Quimi_94d39c,,,,,
2026-09-12T15:46:11-05:00,PUR_IED_FranciscoP_LabQ_d7e148,PUR_IED_FranciscoP_LabQ_d7e148,,,,,
2026-09-12T15:46:11-05:00,PUR_IED_FranciscoP_S28_cf9b30,PUR_IED_FranciscoP_S28_cf9b30,,,,,
2026-09-12T15:46:11-05:00,PUR_IED_FranciscoP_ext_e2313,PUR_IED_FranciscoP_ext_e2313,,,,,
2026-09-12T15:46:11-05:00,PUR_IED_FriederichN_Ext_8ac92a,PUR_IED_FriederichN_Ext_8ac92a,,,,,
2026-09-12T15:46:11-05:00,PUR_IED_FriederichN_S301_dd7e5a,PUR_IED_FriederichN_S301_dd7e5a,,,,,
2026-09-12T15:46:11-05:00,PUR_IED_FriederichN_S308_761f4f,PUR_IED_FriederichN_S308_761f4f,,,,,
2026-09-12T15:46:11-05:00,PUR_IED_GSantander_Aula10_533dd7,PUR_IED_GSantander_Aula10_533dd7,,,,,
2026-09-12T15:46:11-05:00,PUR_IED_GSantander_Aula12_fd4e4f,PUR_IED_GSantander_Aula12_fd4e4f,,,,,
2026-09-12T15:46:11-05:00,PUR_IED_GSantander_Aula310_533dd7,PUR_IED_GSantander_Aula310_533dd7,,,,,
2026-09-12T15:46:11-05:00,PUR_IED_GSantander_Aula312_fd4e4f,PUR_IED_GSantander_Aula312_fd4e4f,,,,,
2026-09-12T15:46:11-05:00,PUR_IED_GSantander_Ext_5f66b0,PUR_IED_GSantander_Ext_5f66b0,,,,,
2026-09-12T15:46:11-05:00,PUR_IED_GYomasa_Ext_f6bea5,PUR_IED_GYomasa_Ext_f6bea5,,,,,
2026-09-12T15:46:11-05:00,PUR_IED_GYomasa_LBiol_2c41aa,PUR_IED_GYomasa_LBiol_2c41aa,,,,,
2026-09-12T15:46:11-05:00,PUR_IED_GYomasa_LQuim_33c80,PUR_IED_GYomasa_LQuim_33c80,,,,,
2026-09-12T15:46:11-05:00,PUR_IED_GabBetMejia_Cienc_5a99c,PUR_IED_GabBetMejia_Cienc_5a99c,,,,,
2026-09-12T15:46:11-05:00,PUR_IED_GabBetMejia_Ext_9153d0,PUR_IED_GabBetMejia_Ext_9153d0,,,,,
2026-09-12T15:46:11-05:00,PUR_IED_GabBetMejia_Lab_f55347,PUR_IED_GabBetMejia_Lab_f55347,,,,,
2026-09-12T15:46:11-05:00,PUR_IED_GabBetanMejia_Ext_9153d0,PUR_IED_GabBetanMejia_Ext_9153d0,,,,,
2026-09-12T15:46:11-05:00,PUR_IED_Gaitana_Aula13_7aac11,PUR_IED_Gaitana_Aula13_7aac11,,,,,
2026-09-12T15:46:11-05:00,PUR_IED_Gaitana_Ext_5fcf4,PUR_IED_Gaitana_Ext_5fcf4,,,,,
2026-09-12T15:46:11-05:00,PUR_IED_Gaitana_LabFisica_644448,PUR_IED_Gaitana_LabFisica_644448,,,,,
2026-09-12T15:46:11-05:00,PUR_IED_GenSantander_Dise_8ac858,PUR_IED_GenSantander_Dise_8ac858,,,,,
2026-09-12T15:46:11-05:00,PUR_IED_GenSantander_Ext_8d5dfe,PUR_IED_GenSantander_Ext_8d5dfe,,,,,
2026-09-12T15:46:11-05:00,PUR_IED_GenSantander_Info_6c25b,PUR_IED_GenSantander_Info_6c25b,,,,,
2026-09-12T15:46:11-05:00,PUR_IED_GustavoMo_Exterio_75e63d,PUR_IED_GustavoMo_Exterio_75e63d,,,,,
2026-09-12T15:46:11-05:00,PUR_IED_GustavoMo_LabFisi_224d37,PUR_IED_GustavoMo_LabFisi_224d37,,,,,
2026-09-12T15:46:11-05:00,PUR_IED_GustavoMo_S208_3e6918,PUR_IED_GustavoMo_S208_3e6918,,,,,
2026-09-12T15:46:11-05:00,PUR_IED_GustavoR_A02_8cd4a8,PUR_IED_GustavoR_A02_8cd4a8,,,,,
2026-09-12T15:46:11-05:00,PUR_IED_GustavoR_B11_5b0ed,PUR_IED_GustavoR_B11_5b0ed,,,,,
2026-09-12T15:46:11-05:00,PUR_IED_GustavoR_Ext_7a0c90,PUR_IED_GustavoR_Ext_7a0c90,,,,,
2026-09-12T15:46:11-05:00,PUR_IED_HernandoDuran_Ext_8cd82b,PUR_IED_HernandoDuran_Ext_8cd82b,,,,,
2026-09-12T15:46:11-05:00,PUR_IED_HernandoDuran_S24_2772c6,PUR_IED_HernandoDuran_S24_2772c6,,,,,
2026-09-12T15:46:11-05:00,PUR_IED_HernandoDuran_S30_f2de41,PUR_IED_HernandoDuran_S30_f2de41,,,,,
2026-09-12T15:46:11-05:00,PUR_IED_HolguInUr_S1101_8cd732,PUR_IED_HolguInUr_S1101_8cd732,,,,,
2026-09-12T15:46:11-05:00,PUR_IED_HolguinUr_Exter_ddae6d,PUR_IED_HolguinUr_Exter_ddae6d,,,,,
2026-09-12T15:46:11-05:00,PUR_IED_HolguinUr_LabQuim_92b952,PUR_IED_HolguinUr_LabQuim_92b952,,,,,
2026-09-12T15:46:11-05:00,PUR_IED_Isabel-II_Ext_5245cc,PUR_IED_Isabel-II_Ext_5245cc,2,20,55,4.6336,-74.153
2026-09-12T15:46:11-05:00,PUR_IED_Isabel-II_S_idiom_1c29aa,PUR_IED_Isabel-II_S_idiom_1c29aa,,,,,
2026-09-12T15:46:11-05:00,PUR_IED_Isabel-II_S_infor_fd741,PUR_IED_Isabel-II_S_infor_fd741,,,,,
2026-09-12T15:46:11-05:00,PUR_IED_IsidroSur_Exterio_5b90ea,PUR_IED_IsidroSur_Exterio_5b90ea,,,,,
2026-09-12T15:46:11-05:00,PUR_IED_IsidroSur_LabTec_56697a,PUR_IED_IsidroSur_LabTec_56697a,,,,,
2026-09-12T15:46:11-05:00,PUR_IED_IsidroSur_Robotic_b7c38f,PUR_IED_IsidroSur_Robotic_b7c38f,,,,,
2026-09-12T15:46:11-05:00,PUR_IED_IsmaelPerd_Ext_7b6672,PUR_IED_IsmaelPerd_Ext_7b6672,,,,,
2026-09-12T15:46:11-05:00,PUR_IED_IsmaelPerd_Inform_306540,PUR_IED_IsmaelPerd_Inform_306540,,,,,
2026-09-12T15:46:11-05:00,PUR_IED_IsmaelPerd_S30_2e2c83,PUR_IED_IsmaelPerd_S30_2e2c83,,,,,
2026-09-12T15:46:11-05:00,PUR_IED_JLozano_Exter_432910,PUR_IED_JLozano_Exter_432910,,,,,
2026-09-12T15:46:11-05:00,PUR_IED_JLozano_salaMulti_df5125,PUR_IED_JLozano_salaMulti_df5125,,,,,
2026-09-12T15:46:11-05:00,PUR_IED_JMCordoba_206_86f80b,PUR_IED_JMCordoba_206_86f80b,,,,,
2026-09-12T15:46:11-05:00,PUR_IED_JMCordoba_Ext_27ad97,PUR_IED_JMCordoba_Ext_27ad97,,,,,
2026-09-12T15:46:11-05:00,PUR_IED_JMCordoba_S310_d59ab4,PUR_IED_JMCordoba_S310_d59ab4,,,,,
2026-09-12T15:46:11-05:00,PUR_IED_Japon_Ext_549100,PUR_IED_Japon_Ext_549100,,,,,
2026-09-12T15:46:11-05:00,PUR_IED_Japon_Laboratorio_bec51d,PUR_IED_Japon_Laboratorio_bec51d,,,,,
2026-09-12T15:46:11-05:00,PUR_IED_Japon_informatica_d99327,PUR_IED_Japon_informatica_d99327,,,,,
2026-09-12T15:46:11-05:00,PUR_IED_Jazmin_Ext_d27bda,PUR_IED_Jazmin_Ext_d27bda,,,,,
2026-09-12T15:46:11-05:00,PUR_IED_Jazmin_Fisica_8d14d7,PUR_IED_Jazmin_Fisica_8d14d7,,,,,
2026-09-12T15:46:11-05:00,PUR_IED_Jazmin_Quimica_801cb5,PUR_IED_Jazmin_Quimica_801cb5,,,,,
2026-09-12T15:46:11-05:00,PUR_IED_JorgeGaitan_Exter_f098d1,PUR_IED_JorgeGaitan_Exter_f098d1,,,,,
2026-09-12T15:46:11-05:00,PUR_IED_JorgeGaitan_STec1_dc9d1d,PUR_IED_JorgeGaitan_STec1_dc9d1d,,,,,
2026-09-12T15:46:11-05:00,PUR_IED_JorgeGaitan_STec2_281e69,PUR_IED_JorgeGaitan_STec2_281e69,,,,,
2026-09-12T15:46:11-05:00,PUR_IED_JorgeSoto_Exterio_d9d0a2,PUR_IED_JorgeSoto_Exterio_d9d0a2,,,,,
2026-09-12T15:46:11-05:00,PUR_IED_JorgeSoto_LabFisi_209c54,PUR_IED_JorgeSoto_LabFisi_209c54,,,,,
2026-09-12T15:46:11-05:00,PUR_IED_JorgeSoto_S103_27b51a,PUR_IED_JorgeSoto_S103_27b51a,,,,,
2026-09-12T15:46:11-05:00,PUR_IED_JoseAcevedo_A02_e965eb,PUR_IED_JoseAcevedo_A02_e965eb,,,,,
2026-09-12T15:46:11-05:00,PUR_IED_JoseAcevedo_A07_dd5b4,PUR_IED_JoseAcevedo_A07_dd5b4,,,,,
2026-09-12T15:46:11-05:00,PUR_IED_JoseAcevedo_Ext_b47484,PUR_IED_JoseAcevedo_Ext_b47484,,,,,
2026-09-12T15:46:11-05:00,PUR_IED_JoseMarti_Exte_5b9bf,PUR_IED_JoseMarti_Exte_5b9bf,,,,,
2026-09-12T15:46:11-05:00,PUR_IED_JoseMarti_LabQuim_1c6c2d,PUR_IED_JoseMarti_LabQuim_1c6c2d,,,,,
2026-09-12T15:46:11-05:00,PUR_IED_JoseMarti_S_info_f5f177,PUR_IED_JoseMarti_S_info_f5f177,,,,,
2026-09-12T15:46:11-05:00,PUR_IED_Josejoaquin_Ext_dfc5dc,PUR_IED_Josejoaquin_Ext_dfc5dc,,,,,
2026-09-12T15:46:11-05:00,PUR_IED_Josejoaquin_S05_5b2a96,PUR_IED_Josejoaquin_S05_5b2a96,,,,,
2026-09-12T15:46:11-05:00,PUR_IED_Josejoaquin_S06_1ce7d2,PUR_IED_Josejoaquin_S06_1ce7d2,,,,,
2026-09-12T15:46:11-05:00,PUR_IED_JulioFlorez_Danza_9b82dd,PUR_IED_JulioFlorez_Danza_9b82dd,,,,,
2026-09-12T15:46:11-05:00,PUR_IED_JulioFlorez_Exter_f9f314,PUR_IED_JulioFlorez_Exter_f9f314,,,,,
2026-09-12T15:46:11-05:00,PUR_IED_JulioFlorez_info2_6b6e08,PUR_IED_JulioFlorez_info2_6b6e08,,,,,
2026-09-12T15:46:11-05:00,PUR_IED_LaBelleza_Aula13_1d00d8,PUR_IED_LaBelleza_Aula13_1d00d8,,,,,
2026-09-12T15:46:11-05:00,PUR_IED_LaBelleza_Ext_7bc08c,PUR_IED_LaBelleza_Ext_7bc08c,,,,,
2026-09-12T15:46:11-05:00,PUR_IED_LaChucua_Ext_8cd6d2,PUR_IED_LaChucua_Ext_8cd6d2,,,,,
2026-09-12T15:46:11-05:00,PUR_IED_LaChucua_S15_f578ce,PUR_IED_LaChucua_S15_f578ce,,,,,
2026-09-12T15:46:11-05:00,PUR_IED_LaChucua_S16_eebcf9,PUR_IED_LaChucua_S16_eebcf9,,,,,
2026-09-12T15:46:11-05:00,PUR_IED_LaFelicidad_Ext_fb5109,PUR_IED_LaFelicidad_Ext_fb5109,,,,,
2026-09-12T15:46:11-05:00,PUR_IED_LaMerced_206_66ebd,PUR_IED_LaMerced_206_66ebd,,,,,
2026-09-12T15:46:11-05:00,PUR_IED_LaMerced_207_6ebd6,PUR_IED_LaMerced_207_6ebd6,,,,,
2026-09-12T15:46:11-05:00,PUR_IED_LaMerced_ext_304311,PUR_IED_LaMerced_ext_304311,,,,,
2026-09-12T15:46:11-05:00,PUR_IED_Laureano_CiencNat_281e5e,PUR_IED_Laureano_CiencNat_281e5e,,,,,
2026-09-12T15:46:11-05:00,PUR_IED_Laureano_Comedor_f65c0a,PUR_IED_Laureano_Comedor_f65c0a,,,,,
2026-09-12T15:46:11-05:00,PUR_IED_Laureano_Exterior_7ab011,PUR_IED_Laureano_Exterior_7ab011,,,,,
2026-09-12T15:46:11-05:00,PUR_IED_LeonGreiff_Exte_dfe560,PUR_IED_LeonGreiff_Exte_dfe560,,,,,
2026-09-12T15:46:11-05:00,PUR_IED_LeonGreiff_S210_f264ed,PUR_IED_LeonGreiff_S210_f264ed,,,,,
2026-09-12T15:46:11-05:00,PUR_IED_LeonGreiff_SQuimi_e8296f,PUR_IED_LeonGreiff_SQuimi_e8296f,,,,,
2026-09-12T15:46:11-05:00,PUR_IED_LlanoOrientalS208_7b9fcd,PUR_IED_LlanoOrientalS208_7b9fcd,,,,,
2026-09-12T15:46:11-05:00,PUR_IED_LlanoOriental_Ext_fb3766,PUR_IED_LlanoOriental_Ext_fb3766,,,,,
2026-09-12T15:46:11-05:00,PUR_IED_LlanoOriental_S208_7b9fcd,PUR_IED_LlanoOriental_S208_7b9fcd,,,,,
2026-09-12T15:46:11-05:00,PUR_IED_LlanoOriental_S9_27b378,PUR_IED_LlanoOriental_S9_27b378,,,,,
2026-09-12T15:46:11-05:00,PUR_IED_LosTejares_1101_477602,PUR_IED_LosTejares_1101_477602,,,,,
2026-09-12T15:46:11-05:00,PUR_IED_LosTejares_11_d2c595,PUR_IED_LosTejares_11_d2c595,,,,,
2026-09-12T15:46:11-05:00,PUR_IED_LosTejares_12_477602,PUR_IED_LosTejares_12_477602,,,,,
2026-09-12T15:46:11-05:00,PUR_IED_LosTejares_Ext_8e2115,PUR_IED_LosTejares_Ext_8e2115,,,,,
2026-09-12T15:46:11-05:00,PUR_IED_MagdalenaO_B202_5ddda3,PUR_IED_MagdalenaO_B202_5ddda3,,,,,
2026-09-12T15:46:11-05:00,PUR_IED_MagdalenaO_B205_fb76e8,PUR_IED_MagdalenaO_B205_fb76e8,,,,,
2026-09-12T15:46:11-05:00,PUR_IED_MagdalenaO_ext_dc69cd,PUR_IED_MagdalenaO_ext_dc69cd,,,,,
2026-09-12T15:46:11-05:00,PUR_IED_ManueCepeda_artes_eee956,PUR_IED_ManueCepeda_artes_eee956,,,,,
2026-09-12T15:46:11-05:00,PUR_IED_ManuelCepeda_Ext_58313,PUR_IED_ManuelCepeda_Ext_58313,,,,,
2026-09-12T15:46:11-05:00,PUR_IED_ManuelCepeda_tec_1c5731,PUR_IED_ManuelCepeda_tec_1c5731,,,,,
2026-09-12T15:46:11-05:00,PUR_IED_ManuelS_Exterior_5b269,PUR_IED_ManuelS_Exterior_5b269,,,,,
2026-09-12T15:46:11-05:00,PUR_IED_ManuelS_Inform_f369ce,PUR_IED_ManuelS_Inform_f369ce,,,,,
2026-09-12T15:46:11-05:00,PUR_IED_ManuelS_SArtes_7d15f1,PUR_IED_ManuelS_SArtes_7d15f1,,,,,
2026-09-12T15:46:11-05:00,PUR_IED_ManuelZapata_303_3ca6,PUR_IED_ManuelZapata_303_3ca6,,,,,
2026-09-12T15:46:11-05:00,PUR_IED_ManuelZapata_311_bfbabc,PUR_IED_ManuelZapata_311_bfbabc,,,,,
2026-09-12T15:46:11-05:00,PUR_IED_ManuelZapata_Ext_50824a,PUR_IED_ManuelZapata_Ext_50824a,,,,,
2026-09-12T15:46:11-05:00,PUR_IED_ManuelitaS_Exteri_656a92,PUR_IED_ManuelitaS_Exteri_656a92,,,,,
2026-09-12T15:46:11-05:00,PUR_IED_ManuelitaS_JuzgDe_f58ec3,PUR_IED_ManuelitaS_JuzgDe_f58ec3,,,,,
2026-09-12T15:46:11-05:00,PUR_IED_ManuelitaS_Recrea_d793db,PUR_IED_ManuelitaS_Recrea_d793db,,,,,
2026-09-12T15:46:11-05:00,PUR_IED_MarFidSuarez_Ext_c27b19,PUR_IED_MarFidSuarez_Ext_c27b19,,,,,
2026-09-12T15:46:11-05:00,PUR_IED_MarFidSuarez_Info_e384d7,PUR_IED_MarFidSuarez_Info_e384d7,,,,,
2026-09-12T15:46:11-05:00,PUR_IED_MarFidSuarez_S306_1d0032,PUR_IED_MarFidSuarez_S306_1d0032,,,,,
2026-09-12T15:46:11-05:00,PUR_IED_Menorah_301_2a25a3,PUR_IED_Menorah_301_2a25a3,,,,,
2026-09-12T15:46:11-05:00,PUR_IED_Menorah_306_37ed3,PUR_IED_Menorah_306_37ed3,,,,,
2026-09-12T15:46:11-05:00,PUR_IED_Menorah_Ext_3e155b,PUR_IED_Menorah_Ext_3e155b,,,,,
2026-09-12T15:46:11-05:00,PUR_IED_MinutoB.Aires_A11_1b1604,PUR_IED_MinutoB.Aires_A11_1b1604,,,,,
2026-09-12T15:46:11-05:00,PUR_IED_MinutoB.Aires_A12_fb5860,PUR_IED_MinutoB.Aires_A12_fb5860,,,,,
2026-09-12T15:46:11-05:00,PUR_IED_MinutoB.Aires_Ext_81293f,PUR_IED_MinutoB.Aires_Ext_81293f,,,,,
2026-09-12T15:46:11-05:00,PUR_IED_MinutoBAires_A11_1b1604,PUR_IED_MinutoBAires_A11_1b1604,,,,,
2026-09-12T15:46:11-05:00,PUR_IED_MinutoBAires_A12_fb5860,PUR_IED_MinutoBAires_A12_fb5860,,,,,
2026-09-12T15:46:11-05:00,PUR_IED_MinutoBAires_Ext_81293f,PUR_IED_MinutoBAires_Ext_81293f,,,,,
2026-09-12T15:46:11-05:00,PUR_IED_Montreal_Aula10_1e4959,PUR_IED_Montreal_Aula10_1e4959,,,,,
2026-09-12T15:46:11-05:00,PUR_IED_Montreal_Aula6_300367,PUR_IED_Montreal_Aula6_300367,,,,,
2026-09-12T15:46:11-05:00,PUR_IED_Montreal_Exterior_91a179,PUR_IED_Montreal_Exterior_91a179,,,,,
2026-09-12T15:46:11-05:00,PUR_IED_Mqgdalena_B202_5ddda3,PUR_IED_Mqgdalena_B202_5ddda3,,,,,
2026-09-12T15:46:11-05:00,PUR_IED_NACUND_Soc_dc8728,PUR_IED_NACUND_Soc_dc8728,,,,,
2026-09-12T15:46:11-05:00,PUR_IED_NACUND_ext_27ad97,PUR_IED_NACUND_ext_27ad97,,,,,
2026-09-12T15:46:11-05:00,PUR_IED_NEsperanza_Ext_d24b61,PUR_IED_NEsperanza_Ext_d24b61,,,,,
2026-09-12T15:46:11-05:00,PUR_IED_NEsperanza_SElect_7d1807,PUR_IED_NEsperanza_SElect_7d1807,,,,,
2026-09-12T15:46:11-05:00,PUR_IED_NEsperanza_SLabor_8b2d0a,PUR_IED_NEsperanza_SLabor_8b2d0a,,,,,
2026-09-12T15:46:11-05:00,PUR_IED_NacionesU_Ext_f661a9,PUR_IED_NacionesU_Ext_f661a9,,,,,
2026-09-12T15:46:11-05:00,PUR_IED_NacionesU_Quimica_66f0a,PUR_IED_NacionesU_Quimica_66f0a,,,,,
2026-09-12T15:46:11-05:00,PUR_IED_NacionesU_S306_1b4b3d,PUR_IED_NacionesU_S306_1b4b3d,,,,,
2026-09-12T15:46:11-05:00,PUR_IED_NestorFA_Ext_e4201c,PUR_IED_NestorFA_Ext_e4201c,,,,,
2026-09-12T15:46:11-05:00,PUR_IED_NestorFA_Laborato_f22fe0,PUR_IED_NestorFA_Laborato_f22fe0,,,,,
2026-09-12T15:46:11-05:00,PUR_IED_NestorFA_S204_dee996,PUR_IED_NestorFA_S204_dee996,,,,,
2026-09-12T15:46:11-05:00,PUR_IED_NidyaQT_Aula03_76999b,PUR_IED_NidyaQT_Aula03_76999b,,,,,
2026-09-12T15:46:11-05:00,PUR_IED_NidyaQT_Aula10_56325,PUR_IED_NidyaQT_Aula10_56325,,,,,
2026-09-12T15:46:11-05:00,PUR_IED_NidyaQT_Ext_46e32d,PUR_IED_NidyaQT_Ext_46e32d,,,,,
2026-09-12T15:46:11-05:00,PUR_IED_NuevaCol_Exterior_d9b859,PUR_IED_NuevaCol_Exterior_d9b859,,,,,
2026-09-12T15:46:11-05:00,PUR_IED_NuevaCol_S1101_76c43b,PUR_IED_NuevaCol_S1101_76c43b,,,,,
2026-09-12T15:46:11-05:00,PUR_IED_NuevaCol_S1102_1ce0b5,PUR_IED_NuevaCol_S1102_1ce0b5,,,,,
2026-09-12T15:46:11-05:00,PUR_IED_OEA_A202_f7e3f2,PUR_IED_OEA_A202_f7e3f2,,,,,
2026-09-12T15:46:11-05:00,PUR_IED_OEA_A203_7d1b8d,PUR_IED_OEA_A203_7d1b8d,,,,,
2026-09-12T15:46:11-05:00,PUR_IED_OEA_Ext_27b593,PUR_IED_OEA_Ext_27b593,,,,,
2026-09-12T15:46:11-05:00,PUR_IED_Ochoa_Ext_1c29da,PUR_IED_Ochoa_Ext_1c29da,,,,,
2026-09-12T15:46:11-05:00,PUR_IED_Ochoa_S205_8b1121,PUR_IED_Ochoa_S205_8b1121,,,,,
2026-09-12T15:46:11-05:00,PUR_IED_Ochoa_Sistemas_f33af6,PUR_IED_Ochoa_Sistemas_f33af6,,,,,
2026-09-12T15:46:11-05:00,PUR_IED_PQuebec_Ext_1c67c7,PUR_IED_PQuebec_Ext_1c67c7,,,,,
2026-09-12T15:46:11-05:00,PUR_IED_PQuebec_S15_23e8e2,PUR_IED_PQuebec_S15_23e8e2,,,,,
2026-09-12T15:46:11-05:00,PUR_IED_PQuebec_S16_8ec76b,PUR_IED_PQuebec_S16_8ec76b,,,,,
2026-09-12T15:46:11-05:00,PUR_IED_PabloN_Ext_49dc96,PUR_IED_PabloN_Ext_49dc96,,,,,
2026-09-12T15:46:11-05:00,PUR_IED_PabloN_S1102_4e3df5,PUR_IED_PabloN_S1102_4e3df5,,,,,
2026-09-12T15:46:11-05:00,PUR_IED_PabloN_S1103_50c94b,PUR_IED_PabloN_S1103_50c94b,,,,,
2026-09-12T15:46:11-05:00,PUR_IED_Palestina_S1101_db9198,PUR_IED_Palestina_S1101_db9198,,,,,
2026-09-12T15:46:11-05:00,PUR_IED_Palestina_S1102_dc54fa,PUR_IED_Palestina_S1102_dc54fa,,,,,
2026-09-12T15:46:11-05:00,PUR_IED_Palestina_ext_4ccce6,PUR_IED_Palestina_ext_4ccce6,,,,,
2026-09-12T15:46:11-05:00,PUR_IED_Panama_Fisica_4d0794,PUR_IED_Panama_Fisica_4d0794,,,,,
2026-09-12T15:46:11-05:00,PUR_IED_Panama_SIngles_a4077e,PUR_IED_Panama_SIngles_a4077e,,,,,
2026-09-12T15:46:11-05:00,PUR_IED_Panama_ext_4c54b4,PUR_IED_Panama_ext_4c54b4,,,,,
2026-09-12T15:46:11-05:00,PUR_IED_ParaisoM_Exterior_8cd7f0,PUR_IED_ParaisoM_Exterior_8cd7f0,,,,,
2026-09-12T15:46:11-05:00,PUR_IED_ParaisoM_Laborato_27af35,PUR_IED_ParaisoM_Laborato_27af35,,,,,
2026-09-12T15:46:11-05:00,PUR_IED_ParaisoM_S304_d1edca,PUR_IED_ParaisoM_S304_d1edca,,,,,
2026-09-12T15:46:11-05:00,PUR_IED_PorfirioBarba_Ext_301466,PUR_IED_PorfirioBarba_Ext_301466,,,,,
2026-09-12T15:46:11-05:00,PUR_IED_PorfirioBarba_S11_df6cd2,PUR_IED_PorfirioBarba_S11_df6cd2,,,,,
2026-09-12T15:46:11-05:00,PUR_IED_PorfirioBarba_S29_27a7d6,PUR_IED_PorfirioBarba_S29_27a7d6,,,,,
2026-09-12T15:46:11-05:00,PUR_IED_PradoV_Exter_8b27ad,PUR_IED_PradoV_Exter_8b27ad,,,,,
2026-09-12T15:46:11-05:00,PUR_IED_PradoV_S301_de65b5,PUR_IED_PradoV_S301_de65b5,,,,,
2026-09-12T15:46:11-05:00,PUR_IED_PradoV_S302_7d2593,PUR_IED_PradoV_S302_7d2593,,,,,
2026-09-12T15:46:11-05:00,PUR_IED_QuirogaAlz_Ext_1ddc82,PUR_IED_QuirogaAlz_Ext_1ddc82,,,,,
2026-09-12T15:46:11-05:00,PUR_IED_QuirogaAlz_S302_9926a3,PUR_IED_QuirogaAlz_S302_9926a3,,,,,
2026-09-12T15:46:11-05:00,PUR_IED_QuirogaAlz_S305_cdf1f1,PUR_IED_QuirogaAlz_S305_cdf1f1,,,,,
2026-09-12T15:46:11-05:00,PUR_IED_RGuatemala_Biling_dc53b7,PUR_IED_RGuatemala_Biling_dc53b7,,,,,
2026-09-12T15:46:11-05:00,PUR_IED_RGuatemala_Ext_1b89a3,PUR_IED_RGuatemala_Ext_1b89a3,,,,,
2026-09-12T15:46:11-05:00,PUR_IED_RGuatemala_Tecnol_281a34,PUR_IED_RGuatemala_Tecnol_281a34,,,,,
2026-09-12T15:46:11-05:00,PUR_IED_RafaNu_Ext_f7c302,PUR_IED_RafaNu_Ext_f7c302,,,,,
2026-09-12T15:46:11-05:00,PUR_IED_RafaNu_S1101_25fde,PUR_IED_RafaNu_S1101_25fde,,,,,
2026-09-12T15:46:11-05:00,PUR_IED_RafaNu_S1102_281517,PUR_IED_RafaNu_S1102_281517,,,,,
2026-09-12T15:46:11-05:00,PUR_IED_RafaelB_S305_ee2783,PUR_IED_RafaelB_S305_ee2783,,,,,
2026-09-12T15:46:11-05:00,PUR_IED_RafaelB_S306_75fe33,PUR_IED_RafaelB_S306_75fe33,,,,,
2026-09-12T15:46:11-05:00,PUR_IED_RafaelB_ext_283336,PUR_IED_RafaelB_ext_283336,4,20,55,4.6722,-74.0737
2026-09-12T15:46:11-05:00,PUR_IED_RafaelUU_Exterior_281a51,PUR_IED_RafaelUU_Exterior_281a51,,,,,
2026-09-12T15:46:11-05:00,PUR_IED_RafaelUU_Human_806b2,PUR_IED_RafaelUU_Human_806b2,,,,,
2026-09-12T15:46:11-05:00,PUR_IED_RafaelUU_Mate2_5680d4,PUR_IED_RafaelUU_Mate2_5680d4,,,,,
2026-09-12T15:46:11-05:00,PUR_IED_RamonSub_Ext_f9eeb9,PUR_IED_RamonSub_Ext_f9eeb9,,,,,
2026-09-12T15:46:11-05:00,PUR_IED_RamonSub_Media_d1f62f,PUR_IED_RamonSub_Media_d1f62f,,,,,
2026-09-12T15:46:11-05:00,PUR_IED_RamonSub_planta_51b82,PUR_IED_RamonSub_planta_51b82,,,,,
2026-09-12T15:46:11-05:00,PUR_IED_RepBoliVene_Exter_27af7c,PUR_IED_RepBoliVene_Exter_27af7c,,,,,
2026-09-12T15:46:11-05:00,PUR_IED_RepBoliVene_SCPT_5ae2ee,PUR_IED_RepBoliVene_SCPT_5ae2ee,,,,,
2026-09-12T15:46:11-05:00,PUR_IED_RepBoliVene_Socia_4b11d5,PUR_IED_RepBoliVene_Socia_4b11d5,,,,,
2026-09-12T15:46:11-05:00,PUR_IED_RepChina_Ext_76d9ee,PUR_IED_RepChina_Ext_76d9ee,,,,,
2026-09-12T15:46:11-05:00,PUR_IED_RepChina_S404_7c804c,PUR_IED_RepChina_S404_7c804c,,,,,
2026-09-12T15:46:11-05:00,PUR_IED_RepChina_S405_df2c33,PUR_IED_RepChina_S405_df2c33,,,,,
2026-09-12T15:46:11-05:00,PUR_IED_RepublicaC_Exteri_7d1ec9,PUR_IED_RepublicaC_Exteri_7d1ec9,,,,,
2026-09-12T15:46:11-05:00,PUR_IED_RepublicaC_S1101_f544b3,PUR_IED_RepublicaC_S1101_f544b3,,,,,
2026-09-12T15:46:11-05:00,PUR_IED_RepublicaC_S1102_7aafc7,PUR_IED_RepublicaC_S1102_7aafc7,,,,,
2026-09-12T15:46:11-05:00,PUR_IED_Ricaurte_Externo_a0ea1,PUR_IED_Ricaurte_Externo_a0ea1,,,,,
2026-09-12T15:46:11-05:00,PUR_IED_Ricaurte_S210_f546fd,PUR_IED_Ricaurte_S210_f546fd,,,,,
2026-09-12T15:46:11-05:00,PUR_IED_Ricaurte_S309_d4452,PUR_IED_Ricaurte_S309_d4452,,,,,
2026-09-12T15:46:11-05:00,PUR_IED_RogelioS_1102_531e69,PUR_IED_RogelioS_1102_531e69,,,,,
2026-09-12T15:46:11-05:00,PUR_IED_RogelioS_Ext_f25a18,PUR_IED_RogelioS_Ext_f25a18,,,,,
2026-09-12T15:46:11-05:00,PUR_IED_SBernardino_Ext_27aff8,PUR_IED_SBernardino_Ext_27aff8,,,,,
2026-09-12T15:46:11-05:00,PUR_IED_SBernardino_SArte_2ffd33,PUR_IED_SBernardino_SArte_2ffd33,,,,,
2026-09-12T15:46:11-05:00,PUR_IED_SBernardino_SIngl_7c7da5,PUR_IED_SBernardino_SIngl_7c7da5,,,,,
2026-09-12T15:46:11-05:00,PUR_IED_Sago_auditorio_dc9d1d,PUR_IED_Sago_auditorio_dc9d1d,,,,,
2026-09-12T15:46:11-05:00,PUR_IED_Saludcoop_Ext_95aac3,PUR_IED_Saludcoop_Ext_95aac3,,,,,
2026-09-12T15:46:11-05:00,PUR_IED_Saludcoop_InfI_90c854,PUR_IED_Saludcoop_InfI_90c854,,,,,
2026-09-12T15:46:11-05:00,PUR_IED_Saludcoop_SMedia_1b93be,PUR_IED_Saludcoop_SMedia_1b93be,,,,,
2026-09-12T15:46:11-05:00,PUR_IED_SanCarlos_1101_1a2360,PUR_IED_SanCarlos_1101_1a2360,,,,,
2026-09-12T15:46:11-05:00,PUR_IED_SanCarlos_1103_7bafb5,PUR_IED_SanCarlos_1103_7bafb5,,,,,
2026-09-12T15:46:11-05:00,PUR_IED_SanCarlos_Ext_b7cd1,PUR_IED_SanCarlos_Ext_b7cd1,,,,,
2026-09-12T15:46:11-05:00,PUR_IED_SanIgnacioBosa11a_50c26e,PUR_IED_SanIgnacioBosa11a_50c26e,,,,,
2026-09-12T15:46:11-05:00,PUR_IED_SanIgnacioBosa11b_371de8,PUR_IED_SanIgnacioBosa11b_371de8,,,,,
2026-09-12T15:46:11-05:00,PUR_IED_SanIgnacioBosaExt_ef0ffc,PUR_IED_SanIgnacioBosaExt_ef0ffc,,,,,
2026-09-12T15:46:11-05:00,PUR_IED_SanIgnacioBosa_11a_50c26e,PUR_IED_SanIgnacioBosa_11a_50c26e,,,,,
2026-09-12T15:46:11-05:00,PUR_IED_SanIgnacioBosa_Ext_ef0ffc,PUR_IED_SanIgnacioBosa_Ext_ef0ffc,,,,,
2026-09-12T15:46:11-05:00,PUR_IED_SanJoseN_intS1101_31c47f,PUR_IED_SanJoseN_intS1101_31c47f,,,,,
2026-09-12T15:46:11-05:00,PUR_IED_SanJoseUsm_Exter_f5d7e8,PUR_IED_SanJoseUsm_Exter_f5d7e8,,,,,
2026-09-12T15:46:11-05:00,PUR_IED_SanJoseUsm_Int11A_cfdef6,PUR_IED_SanJoseUsm_Int11A_cfdef6,,,,,
2026-09-12T15:46:11-05:00,PUR_IED_SilveriaR_IntB5_905349,PUR_IED_SilveriaR_IntB5_905349,,,,,
2026-09-12T15:46:11-05:00,PUR_IED_SilveriaR_IntSD14_981f93,PUR_IED_SilveriaR_IntSD14_981f93,,,,,
2026-09-12T15:46:11-05:00,PUR_IED_SilveriaR_ext_2b651d,PUR_IED_SilveriaR_ext_2b651d,,,,,
2026-09-12T15:46:11-05:00,PUR_IED_SimonB_Exterior_913975,PUR_IED_SimonB_Exterior_913975,,,,,
2026-09-12T15:46:11-05:00,PUR_IED_SimonB_LabQuimi_c56908,PUR_IED_SimonB_LabQuimi_c56908,,,,,
2026-09-12T15:46:11-05:00,PUR_IED_SimonB_informatic_a28c1,PUR_IED_SimonB_informatic_a28c1,,,,,
2026-09-12T15:46:11-05:00,PUR_IED_Sorrento_1102_315f50,PUR_IED_Sorrento_1102_315f50,,,,,
2026-09-12T15:46:11-05:00,PUR_IED_Sorrento_Minte_214eab,PUR_IED_Sorrento_Minte_214eab,,,,,
2026-09-12T15:46:11-05:00,PUR_IED_Sorrento_ext_7c3a0a,PUR_IED_Sorrento_ext_7c3a0a,,,,,
2026-09-12T15:46:11-05:00,PUR_IED_Tabora_Ext_f048ae,PUR_IED_Tabora_Ext_f048ae,,,,,
2026-09-12T15:46:11-05:00,PUR_IED_Tabora_S1102_b07752,PUR_IED_Tabora_S1102_b07752,,,,,
2026-09-12T15:46:11-05:00,PUR_IED_Tabora_S1103_d988f5,PUR_IED_Tabora_S1103_d988f5,,,,,
2026-09-12T15:46:11-05:00,PUR_IED_Tenerife_Ext_1ab188,PUR_IED_Tenerife_Ext_1ab188,,,,,
2026-09-12T15:46:11-05:00,PUR_IED_Tenerife_SDanzas_7bc02e,PUR_IED_Tenerife_SDanzas_7bc02e,,,,,
2026-09-12T15:46:11-05:00,PUR_IED_Tenerife_SIngles_7cc277,PUR_IED_Tenerife_SIngles_7cc277,,,,,
2026-09-12T15:46:11-05:00,PUR_IED_Tibabuyes_Exter_f2683d,PUR_IED_Tibabuyes_Exter_f2683d,,,,,
2026-09-12T15:46:11-05:00,PUR_IED_Tibabuyes_S10_dc87a8,PUR_IED_Tibabuyes_S10_dc87a8,,,,,
2026-09-12T15:46:11-05:00,PUR_IED_Tibabuyes_S15_dc0526,PUR_IED_Tibabuyes_S15_dc0526,,,,,
2026-09-12T15:46:11-05:00,PUR_IED_UnionE_S301_a1043,PUR_IED_UnionE_S301_a1043,,,,,
2026-09-12T15:46:11-05:00,PUR_IED_UnionE_S307_ff6c2f,PUR_IED_UnionE_S307_ff6c2f,,,,,
2026-09-12T15:46:11-05:00,PUR_IED_UnionE__Ext_5e2468,PUR_IED_UnionE__Ext_5e2468,,,,,
2026-09-12T15:46:11-05:00,PUR_IED_VillaRica_Ext_75be7c,PUR_IED_VillaRica_Ext_75be7c,,,,,
2026-09-12T15:46:11-05:00,PUR_IED_VillaRica_S4_cc5dcd,PUR_IED_VillaRica_S4_cc5dcd,,,,,
2026-09-12T15:46:11-05:00,PUR_IED_VillaRica_Sesp_99f5c,PUR_IED_VillaRica_Sesp_99f5c,,,,,
2026-09-12T15:51:09-05:00,PUR_IED_20deJulio_1101_91b1b9,PUR_IED_20deJulio_1101_91b1b9,,,,,
2026-09-12T15:51:09-05:00,PUR_IED_20deJulio_1102_1cfcf9,PUR_IED_20deJulio_1102_1cfcf9,,,,,
2026-09-12T15:51:09-05:00,PUR_IED_20deJulio_Ext_ab60bd,PUR_IED_20deJulio_Ext_ab60bd,,,,,
2026-09-12T15:51:09-05:00,PUR_IED_AgustinFer_Ext_7b9b77,PUR_IED_AgustinFer_Ext_7b9b77,,,,,
2026-09-12T15:51:09-05:00,PUR_IED_AgustinFer_Info2_27b3a7,PUR_IED_AgustinFer_Info2_27b3a7,,,,,
2026-09-12T15:51:09-05:00,PUR_IED_AgustinFer_Sena_54b4eb,PUR_IED_AgustinFer_Sena_54b4eb,,,,,
2026-09-12T15:51:09-05:00,PUR_IED_AlexanderF_1102_caf07b,PUR_IED_AlexanderF_1102_caf07b,,,,,
2026-09-12T15:51:09-05:00,PUR_IED_AlexanderF_1103_c79e71,PUR_IED_AlexanderF_1103_c79e71,,,,,
2026-09-12T15:51:09-05:00,PUR_IED_AlexanderF_Ext_c5b18b,PUR_IED_AlexanderF_Ext_c5b18b,,,,,
2026-09-12T15:51:09-05:00,PUR_IED_AlfonsoLopez_Ext_281d77,PUR_IED_AlfonsoLopez_Ext_281d77,,,,,
2026-09-12T15:51:09-05:00,PUR_IED_AlfonsoLopez_LabF_888ce0,PUR_IED_AlfonsoLopez_LabF_888ce0,,,,,
2026-09-12T15:51:09-05:00,PUR_IED_AlfonsoLopez_SMed_df6a7f,PUR_IED_AlfonsoLopez_SMed_df6a7f,,,,,
2026-09-12T15:51:09-05:00,PUR_IED_AltamiraSO_A2_209f92,PUR_IED_AltamiraSO_A2_209f92,,,,,
2026-09-12T15:51:09-05:00,PUR_IED_AltamiraSO_Ext_186d66,PUR_IED_AltamiraSO_Ext_186d66,,,,,
2026-09-12T15:51:09-05:00,PUR_IED_AltamiraSO_Sistem_27afe1,PUR_IED_AltamiraSO_Sistem_27afe1,,,,,
2026-09-12T15:51:09-05:00,PUR_IED_AlvaroGom_LabQuim_813179,PUR_IED_AlvaroGom_LabQuim_813179,,,,,
2026-09-12T15:51:09-05:00,PUR_IED_AlvaroGomez_Ext_47c7ca,PUR_IED_AlvaroGomez_Ext_47c7ca,,,,,
2026-09-12T15:51:09-05:00,PUR_IED_AlvaroGomez_LabQuim_813179,PUR_IED_AlvaroGomez_LabQuim_813179,,,,,
2026-09-12T15:51:09-05:00,PUR_IED_AlvaroGomez_S23_7ba89f,PUR_IED_AlvaroGomez_S23_7ba89f,,,,,
2026-09-12T15:51:09-05:00,PUR_IED_Amistad_306_dc8728,PUR_IED_Amistad_306_dc8728,,,,,
2026-09-12T15:51:09-05:00,PUR_IED_Amistad_Ext_8cd55e,PUR_IED_Amistad_Ext_8cd55e,,,,,
2026-09-12T15:51:09-05:00,PUR_IED_Amistad_S202_a41169,PUR_IED_Amistad_S202_a41169,,,,,
2026-09-12T15:51:09-05:00,PUR_IED_AndresBello_Bio_fd5f5e,PUR_IED_AndresBello_Bio_fd5f5e,,,,,
2026-09-12T15:51:09-05:00,PUR_IED_AndresBello_ext_dcad65,PUR_IED_AndresBello_ext_dcad65,,,,,
2026-09-12T15:51:09-05:00,PUR_IED_AndresBello_port_eed3ec,PUR_IED_AndresBello_port_eed3ec,,,,,
2026-09-12T15:51:09-05:00,PUR_IED_AngelaR_11b_d90a6b,PUR_IED_AngelaR_11b_d90a6b,,,,,
2026-09-12T15:51:09-05:00,PUR_IED_AngelaR_ext_7cad3e,PUR_IED_AngelaR_ext_7cad3e,,,,,
2026-09-12T15:51:09-05:00,PUR_IED_AntJoseSucre_10mo_df2575,PUR_IED_AntJoseSucre_10mo_df2575,,,,,
2026-09-12T15:51:09-05:00,PUR_IED_AntJoseSucre_Ext_215b36,PUR_IED_AntJoseSucre_Ext_215b36,,,,,
2026-09-12T15:51:09-05:00,PUR_IED_AntJoseSucre_Lab_3139de,PUR_IED_AntJoseSucre_Lab_3139de,,,,,
2026-09-12T15:51:09-05:00,PUR_IED_AntonioGarcia_301_d6b188,PUR_IED_AntonioGarcia_301_d6b188,,,,,
2026-09-12T15:51:09-05:00,PUR_IED_AntonioGarcia_302_88a82,PUR_IED_AntonioGarcia_302_88a82,,,,,
2026-09-12T15:51:09-05:00,PUR_IED_AntonioGarcia_Ext_20950c,PUR_IED_AntonioGarcia_Ext_20950c,,,,,
2026-09-12T15:51:09-05:00,PUR_IED_AntonioVan_Aula2_6dea02,PUR_IED_AntonioVan_Aula2_6dea02,,,,,
2026-09-12T15:51:09-05:00,PUR_IED_AntonioVan_Aula5_f1557e,PUR_IED_AntonioVan_Aula5_f1557e,,,,,
2026-09-12T15:51:09-05:00,PUR_IED_AntonioVan_Ext_406f2f,PUR_IED_AntonioVan_Ext_406f2f,,,,,
2026-09-12T15:51:09-05:00,PUR_IED_Atabanzha_Ext_cc5af9,PUR_IED_Atabanzha_Ext_cc5af9,,,,,
2026-09-12T15:51:09-05:00,PUR_IED_Atabanzha_SA101_56c37,PUR_IED_Atabanzha_SA101_56c37,,,,,
2026-09-12T15:51:09-05:00,PUR_IED_Atabanzha_SB302_27b374,PUR_IED_Atabanzha_SB302_27b374,,,,,
2026-09-12T15:51:09-05:00,PUR_IED_Atahualpa_Ext_fc1748,PUR_IED_Atahualpa_Ext_fc1748,,,,,
2026-09-12T15:51:09-05:00,PUR_IED_Atahualpa_Informa_dc9a95,PUR_IED_Atahualpa_Informa_dc9a95,,,,,
2026-09-12T15:51:09-05:00,PUR_IED_Atahualpa_S1101_f98056,PUR_IED_Atahualpa_S1101_f98056,,,,,
2026-09-12T15:51:09-05:00,PUR_IED_Bellavista_Ext_f5aa74,PUR_IED_Bellavista_Ext_f5aa74,,,,,
2026-09-12T15:51:09-05:00,PUR_IED_Bilbao_11A_916c41,PUR_IED_Bilbao_11A_916c41,,,,,
2026-09-12T15:51:09-05:00,PUR_IED_Bilbao_Ext_fb579a,PUR_IED_Bilbao_Ext_fb579a,,,,,
2026-09-12T15:51:09-05:00,PUR_IED_BrasiliaU_A125_304280,PUR_IED_BrasiliaU_A125_304280,,,,,
2026-09-12T15:51:09-05:00,PUR_IED_BrasiliaU_A203_7c8ca5,PUR_IED_BrasiliaU_A203_7c8ca5,,,,,
2026-09-12T15:51:09-05:00,PUR_IED_BrasiliaU_Ext_8d6e9f,PUR_IED_BrasiliaU_Ext_8d6e9f,3,20,54,4.5175,-74.116302
2026-09-12T15:51:09-05:00,PUR_IED_Brasilia_Ext_fe6593,PUR_IED_Brasilia_Ext_fe6593,,,,,
2026-09-12T15:51:09-05:00,PUR_IED_Brasilia_S24_7c130d,PUR_IED_Brasilia_S24_7c130d,,,,,
2026-09-12T15:51:09-05:00,PUR_IED_Brasilia_S501_186a54,PUR_IED_Brasilia_S501_186a54,,,,,
2026-09-12T15:51:09-05:00,PUR_IED_CHARRY_EXT_f1d5cd,PUR_IED_CHARRY_EXT_f1d5cd,,,,,
2026-09-12T15:51:09-05:00,PUR_IED_CHARRY_INTDANZAS_7a08e6,PUR_IED_CHARRY_INTDANZAS_7a08e6,,,,,
2026-09-12T15:51:09-05:00,PUR_IED_CHARRY_INT_AULA20_dc998d,PUR_IED_CHARRY_INT_AULA20_dc998d,,,,,
2026-09-12T15:51:09-05:00,PUR_IED_COLVIV_1101_S25_7f520a,PUR_IED_COLVIV_1101_S25_7f520a,,,,,
2026-09-12T15:51:09-05:00,PUR_IED_COLVIV_1102_S16_f570ba,PUR_IED_COLVIV_1102_S16_f570ba,,,,,
2026-09-12T15:51:09-05:00,PUR_IED_COLVIV_Ext_1a26fa,PUR_IED_COLVIV_Ext_1a26fa,,,,,
2026-09-12T15:51:09-05:00,PUR_IED_CULPOP_301A_f660f3,PUR_IED_CULPOP_301A_f660f3,,,,,
2026-09-12T15:51:09-05:00,PUR_IED_CULPOP_303_568afe,PUR_IED_CULPOP_303_568afe,,,,,
2026-09-12T15:51:09-05:00,PUR_IED_CULPOP_Ext_e02ccb,PUR_IED_CULPOP_Ext_e02ccb,,,,,
2026-09-12T15:51:09-05:00,PUR_IED_CVillavicen_Ext_26eb58,PUR_IED_CVillavicen_Ext_26eb58,5,17,74,4.487,-74.102798
2026-09-12T15:51:09-05:00,PUR_IED_CVillavicen_Intel_1ce5c2,PUR_IED_CVillavicen_Intel_1ce5c2,,,,,
2026-09-12T15:51:09-05:00,PUR_IED_CVillavicen_Poliv_e0766c,PUR_IED_CVillavicen_Poliv_e0766c,,,,,
2026-09-12T15:51:09-05:00,PUR_IED_CVillavicen_int_1ba140,PUR_IED_CVillavicen_int_1ba140,,,,,
2026-09-12T15:51:09-05:00,PUR_IED_CVillavicen_intel_1ba140,PUR_IED_CVillavicen_intel_1ba140,,,,,
2026-09-12T15:51:09-05:00,PUR_IED_CarlosPizarro_Ext_e307cc,PUR_IED_CarlosPizarro_Ext_e307cc,,,,,
2026-09-12T15:51:09-05:00,PUR_IED_CarlosPizarro_L36_7e5cdb,PUR_IED_CarlosPizarro_L36_7e5cdb,,,,,
2026-09-12T15:51:09-05:00,PUR_IED_CarlosPizarro_L37_c8566c,PUR_IED_CarlosPizarro_L37_c8566c,,,,,
2026-09-12T15:51:09-05:00,PUR_IED_Castilla_Ext_cf35f,PUR_IED_Castilla_Ext_cf35f,,,,,
2026-09-12T15:51:09-05:00,PUR_IED_Castilla_SFisik_360e38,PUR_IED_Castilla_SFisik_360e38,,,,,
2026-09-12T15:51:09-05:00,PUR_IED_Castilla_Sc304_496fbf,PUR_IED_Castilla_Sc304_496fbf,,,,,
2026-09-12T15:51:09-05:00,PUR_IED_CervantesSa_Ext_6b57b,PUR_IED_CervantesSa_Ext_6b57b,3,20,62,4.5128,-74.117203
2026-09-12T15:51:09-05:00,PUR_IED_CervantesSa_S107_225c2b,PUR_IED_CervantesSa_S107_225c2b,,,,,
2026-09-12T15:51:09-05:00,PUR_IED_CervantesSa_S108_940925,PUR_IED_CervantesSa_S108_940925,,,,,
2026-09-12T15:51:09-05:00,PUR_IED_Charry_A20_f53e7c,PUR_IED_Charry_A20_f53e7c,,,,,
2026-09-12T15:51:09-05:00,PUR_IED_Charry_Ext_f1d5cd,PUR_IED_Charry_Ext_f1d5cd,,,,,
2026-09-12T15:51:09-05:00,PUR_IED_Charry_IntAula20_dc998d,PUR_IED_Charry_IntAula20_dc998d,,,,,
2026-09-12T15:51:09-05:00,PUR_IED_Charry_IntDanzas_7a08e6,PUR_IED_Charry_IntDanzas_7a08e6,,,,,
2026-09-12T15:51:09-05:00,PUR_IED_ClememciaC_203_43e2fc,PUR_IED_ClememciaC_203_43e2fc,,,,,
2026-09-12T15:51:09-05:00,PUR_IED_ClememciaC_Ext_1b411a,PUR_IED_ClememciaC_Ext_1b411a,,,,,
2026-09-12T15:51:09-05:00,PUR_IED_ClememciaC_Quimic_44b5fc,PUR_IED_ClememciaC_Quimic_44b5fc,,,,,
2026-09-12T15:51:09-05:00,PUR_IED_ClemenciaC_203_43e2fc,PUR_IED_ClemenciaC_203_43e2fc,,,,,
2026-09-12T15:51:09-05:00,PUR_IED_ClemenciaC_Ext_1b411a,PUR_IED_ClemenciaC_Ext_1b411a,,,,,
2026-09-12T15:51:09-05:00,PUR_IED_ClemenciaC_Quimic_44b5fc,PUR_IED_ClemenciaC_Quimic_44b5fc,,,,,
2026-09-12T15:51:09-05:00,PUR_IED_ColViva_1101_S25_7f520a,PUR_IED_ColViva_1101_S25_7f520a,,,,,
2026-09-12T15:51:09-05:00,PUR_IED_ColViva_1102_S16_f570ba,PUR_IED_ColViva_1102_S16_f570ba,,,,,
2026-09-12T15:51:09-05:00,PUR_IED_ColViva_Ext_1a26fa,PUR_IED_ColViva_Ext_1a26fa,,,,,
2026-09-12T15:51:09-05:00,PUR_IED_ColegioBici_Asist_7c8798,PUR_IED_ColegioBici_Asist_7c8798,,,,,
2026-09-12T15:51:09-05:00,PUR_IED_ColegioBici_Ext_25cbf6,PUR_IED_ColegioBici_Ext_25cbf6,,,,,
2026-09-12T15:51:09-05:00,PUR_IED_ColegioBici_LabQ_7b57db,PUR_IED_ColegioBici_LabQ_7b57db,,,,,
2026-09-12T15:51:09-05:00,PUR_IED_CostaRica_Ext_5e640,PUR_IED_CostaRica_Ext_5e640,,,,,
2026-09-12T15:51:09-05:00,PUR_IED_CostaRica_Quim1_766d1c,PUR_IED_CostaRica_Quim1_766d1c,,,,,
2026-09-12T15:51:09-05:00,PUR_IED_CostaRica__Fisica_6f0873,PUR_IED_CostaRica__Fisica_6f0873,,,,,
2026-09-12T15:51:09-05:00,PUR_IED_CulPopu_301A_f660f3,PUR_IED_CulPopu_301A_f660f3,,,,,
2026-09-12T15:51:09-05:00,PUR_IED_CulPopu_303_568afe,PUR_IED_CulPopu_303_568afe,,,,,
2026-09-12T15:51:09-05:00,PUR_IED_CulPopu_Ext_e02ccb,PUR_IED_CulPopu_Ext_e02ccb,,,,,
2026-09-12T15:51:09-05:00,PUR_IED_Cundinamarca_Ext_f15985,PUR_IED_Cundinamarca_Ext_f15985,,,,,
2026-09-12T15:51:09-05:00,PUR_IED_Cundinamarca_Info_7aa5d7,PUR_IED_Cundinamarca_Info_7aa5d7,,,,,
2026-09-12T15:51:09-05:00,PUR_IED_Cundinamarca_Tec2_f449c7,PUR_IED_Cundinamarca_Tec2_f449c7,,,,,
2026-09-12T15:51:09-05:00,PUR_IED_DiegoM_Aula1_27b314,PUR_IED_DiegoM_Aula1_27b314,,,,,
2026-09-12T15:51:09-05:00,PUR_IED_DiegoM_Ext_d80ac8,PUR_IED_DiegoM_Ext_d80ac8,,,,,
2026-09-12T15:51:09-05:00,PUR_IED_DiegoM_S25_da928f,PUR_IED_DiegoM_S25_da928f,,,,,
2026-09-12T15:51:09-05:00,PUR_IED_ELRODEO_360881,PUR_IED_ELRODEO_360881,,,,,
2026-09-12T15:51:09-05:00,PUR_IED_ELRODEO_ext_360881,PUR_IED_ELRODEO_ext_360881,,,,,
2026-09-12T15:51:09-05:00,PUR_IED_EduardoU_Ext_1c1969,PUR_IED_EduardoU_Ext_1c1969,,,,,
2026-09-12T15:51:09-05:00,PUR_IED_EduardoU_SCiencia_4dfb94,PUR_IED_EduardoU_SCiencia_4dfb94,,,,,
2026-09-12T15:51:09-05:00,PUR_IED_EduardoU_SQuimica_5a46e7,PUR_IED_EduardoU_SQuimica_5a46e7,,,,,
2026-09-12T15:51:09-05:00,PUR_IED_ElRodeo_Aula14_676984,PUR_IED_ElRodeo_Aula14_676984,,,,,
2026-09-12T15:51:09-05:00,PUR_IED_ElRodeo_Aula16_2dd35b,PUR_IED_ElRodeo_Aula16_2dd35b,,,,,
2026-09-12T15:51:09-05:00,PUR_IED_ElRodeo_Ext_360881,PUR_IED_ElRodeo_Ext_360881,,,,,
2026-09-12T15:51:09-05:00,PUR_IED_ElRodeo_Exterior_8c6d28,PUR_IED_ElRodeo_Exterior_8c6d28,,,,,
2026-09-12T15:51:09-05:00,PUR_IED_ElRodeo_ext_360881,PUR_IED_ElRodeo_ext_360881,,,,,
2026-09-12T15:51:09-05:00,PUR_IED_EmmaReyes_Ext_987625,PUR_IED_EmmaReyes_Ext_987625,4,22,49,4.6367,-74.1511
2026-09-12T15:51:09-05:00,PUR_IED_Ensueño_Ext_7f0250,PUR_IED_Ensueño_Ext_7f0250,,,,,
2026-09-12T15:51:09-05:00,PUR_IED_EscNormal_Ext_5fef3b,PUR_IED_EscNormal_Ext_5fef3b,2,22,53,4.5852,-74.096901
2026-09-12T15:51:09-05:00,PUR_IED_EscNormal_S309_5b263,PUR_IED_EscNormal_S309_5b263,,,,,
2026-09-12T15:51:09-05:00,PUR_IED_EscNormal_S310_27b3b8,PUR_IED_EscNormal_S310_27b3b8,,,,,
2026-09-12T15:51:09-05:00,PUR_IED_Evangelista_Conta_f6cd4f,PUR_IED_Evangelista_Conta_f6cd4f,,,,,
2026-09-12T15:51:09-05:00,PUR_IED_Evangelista_Cri_5e16a,PUR_IED_Evangelista_Cri_5e16a,,,,,
2026-09-12T15:51:09-05:00,PUR_IED_Evangelista_Exter_754066,PUR_IED_Evangelista_Exter_754066,,,,,
2026-09-12T15:51:09-05:00,PUR_IED_FMiranda_S209_5cc2a3,PUR_IED_FMiranda_S209_5cc2a3,,,,,
2026-09-12T15:51:09-05:00,PUR_IED_FMiranda_S303_19e344,PUR_IED_FMiranda_S303_19e344,,,,,
2026-09-12T15:51:09-05:00,PUR_IED_FMiranda_ext_f53e7c,PUR_IED_FMiranda_ext_f53e7c,,,,,
2026-09-12T15:51:09-05:00,PUR_IED_FabioLozano_Bibli_1cee05,PUR_IED_FabioLozano_Bibli_1cee05,,,,,
2026-09-12T15:51:09-05:00,PUR_IED_FabioLozano_Ext_6ea285,PUR_IED_FabioLozano_Ext_6ea285,,,,,
2026-09-12T15:51:09-05:00,PUR_IED_FabioLozano_SLudi_f09e1e,PUR_IED_FabioLozano_SLudi_f09e1e,,,,,
2026-09-12T15:51:09-05:00,PUR_IED_FaustinoS_Aula07_27a731,PUR_IED_FaustinoS_Aula07_27a731,,,,,
2026-09-12T15:51:09-05:00,PUR_IED_FaustinoS_Ext_7b936f,PUR_IED_FaustinoS_Ext_7b936f,,,,,
2026-09-12T15:51:09-05:00,PUR_IED_FaustinoS_Fisica_da2c60,PUR_IED_FaustinoS_Fisica_da2c60,,,,,
2026-09-12T15:51:09-05:00,PUR_IED_FeGarciaLo_Ext_dc68ee,PUR_IED_FeGarciaLo_Ext_dc68ee,,,,,
2026-09-12T15:51:09-05:00,PUR_IED_FeGarciaLo_SDanza_f70a59,PUR_IED_FeGarciaLo_SDanza_f70a59,,,,,
2026-09-12T15:51:09-05:00,PUR_IED_FeGarciaLo_SMusic_125cdd,PUR_IED_FeGarciaLo_SMusic_125cdd,,,,,
2026-09-12T15:51:09-05:00,PUR_IED_FederalAlema_Exte_50c345,PUR_IED_FederalAlema_Exte_50c345,,,,,
2026-09-12T15:51:09-05:00,PUR_IED_FederalAlema_S31_f18371,PUR_IED_FederalAlema_S31_f18371,,,,,
2026-09-12T15:51:09-05:00,PUR_IED_FederalAlema_S901_a62cd,PUR_IED_FederalAlema_S901_a62cd,,,,,
2026-09-12T15:51:09-05:00,PUR_IED_FilarmonicaS_A5_f35eb1,PUR_IED_FilarmonicaS_A5_f35eb1,,,,,
2026-09-12T15:51:09-05:00,PUR_IED_FilarmonicaS_Ext_8a3bde,PUR_IED_FilarmonicaS_Ext_8a3bde,,,,,
2026-09-12T15:51:09-05:00,PUR_IED_FilarmonicaS_Spol_406114,PUR_IED_FilarmonicaS_Spol_406114,,,,,
2026-09-12T15:51:09-05:00,PUR_IED_FlorentinoG_A13_d1fa59,PUR_IED_FlorentinoG_A13_d1fa59,,,,,
2026-09-12T15:51:09-05:00,PUR_IED_FlorentinoG_Ext_1ce6ce,PUR_IED_FlorentinoG_Ext_1ce6ce,,,,,
2026-09-12T15:51:09-05:00,PUR_IED_FlorentinoG_Idiom_a66aac,PUR_IED_FlorentinoG_Idiom_a66aac,,,,,
2026-09-12T15:51:09-05:00,PUR_IED_FranciscoMati_Ext_e3869d,PUR_IED_FranciscoMati_Ext_e3869d,,,,,
2026-09-12T15:51:09-05:00,PUR_IED_FranciscoMati_S13_f31c67,PUR_IED_FranciscoMati_S13_f31c67,,,,,
2026-09-12T15:51:09-05:00,PUR_IED_FranciscoMati_S14_97dead,PUR_IED_FranciscoMati_S14_97dead,,,,,
2026-09-12T15:51:09-05:00,PUR_IED_FranciscoPS_Ext_7bfa9a,PUR_IED_FranciscoPS_Ext_7bfa9a,2,22,54,4.5899,-74.110397
2026-09-12T15:51:09-05:00,PUR_IED_FranciscoPS_Infor_fb8f4c,PUR_IED_FranciscoPS_Infor_fb8f4c,,,,,
2026-09-12T15:51:09-05:00,PUR_IED_FranciscoPS_Quimi_94d39c,PUR_IED_FranciscoPS_Quimi_94d39c,,,,,
2026-09-12T15:51:09-05:00,PUR_IED_FranciscoP_LabQ_d7e148,PUR_IED_FranciscoP_LabQ_d7e148,,,,,
2026-09-12T15:51:09-05:00,PUR_IED_FranciscoP_S28_cf9b30,PUR_IED_FranciscoP_S28_cf9b30,,,,,
2026-09-12T15:51:09-05:00,PUR_IED_FranciscoP_ext_e2313,PUR_IED_FranciscoP_ext_e2313,,,,,
2026-09-12T15:51:09-05:00,PUR_IED_FriederichN_Ext_8ac92a,PUR_IED_FriederichN_Ext_8ac92a,,,,,
2026-09-12T15:51:09-05:00,PUR_IED_FriederichN_S301_dd7e5a,PUR_IED_FriederichN_S301_dd7e5a,,,,,
2026-09-12T15:51:09-05:00,PUR_IED_FriederichN_S308_761f4f,PUR_IED_FriederichN_S308_761f4f,,,,,
2026-09-12T15:51:09-05:00,PUR_IED_GSantander_Aula10_533dd7,PUR_IED_GSantander_Aula10_533dd7,,,,,
2026-09-12T15:51:09-05:00,PUR_IED_GSantander_Aula12_fd4e4f,PUR_IED_GSantander_Aula12_fd4e4f,,,,,
2026-09-12T15:51:09-05:00,PUR_IED_GSantander_Aula310_533dd7,PUR_IED_GSantander_Aula310_533dd7,,,,,
2026-09-12T15:51:09-05:00,PUR_IED_GSantander_Aula312_fd4e4f,PUR_IED_GSantander_Aula312_fd4e4f,,,,,
2026-09-12T15:51:09-05:00,PUR_IED_GSantander_Ext_5f66b0,PUR_IED_GSantander_Ext_5f66b0,,,,,
2026-09-12T15:51:09-05:00,PUR_IED_GYomasa_Ext_f6bea5,PUR_IED_GYomasa_Ext_f6bea5,,,,,
2026-09-12T15:51:09-05:00,PUR_IED_GYomasa_LBiol_2c41aa,PUR_IED_GYomasa_LBiol_2c41aa,,,,,
2026-09-12T15:51:09-05:00,PUR_IED_GYomasa_LQuim_33c80,PUR_IED_GYomasa_LQuim_33c80,,,,,
2026-09-12T15:51:09-05:00,PUR_IED_GabBetMejia_Cienc_5a99c,PUR_IED_GabBetMejia_Cienc_5a99c,,,,,
2026-09-12T15:51:09-05:00,PUR_IED_GabBetMejia_Ext_9153d0,PUR_IED_GabBetMejia_Ext_9153d0,,,,,
2026-09-12T15:51:09-05:00,PUR_IED_GabBetMejia_Lab_f55347,PUR_IED_GabBetMejia_Lab_f55347,,,,,
2026-09-12T15:51:09-05:00,PUR_IED_GabBetanMejia_Ext_9153d0,PUR_IED_GabBetanMejia_Ext_9153d0,,,,,
2026-09-12T15:51:09-05:00,PUR_IED_Gaitana_Aula13_7aac11,PUR_IED_Gaitana_Aula13_7aac11,,,,,
2026-09-12T15:51:09-05:00,PUR_IED_Gaitana_Ext_5fcf4,PUR_IED_Gaitana_Ext_5fcf4,,,,,
2026-09-12T15:51:09-05:00,PUR_IED_Gaitana_LabFisica_644448,PUR_IED_Gaitana_LabFisica_644448,,,,,
2026-09-12T15:51:09-05:00,PUR_IED_GenSantander_Dise_8ac858,PUR_IED_GenSantander_Dise_8ac858,,,,,
2026-09-12T15:51:09-05:00,PUR_IED_GenSantander_Ext_8d5dfe,PUR_IED_GenSantander_Ext_8d5dfe,,,,,
2026-09-12T15:51:09-05:00,PUR_IED_GenSantander_Info_6c25b,PUR_IED_GenSantander_Info_6c25b,,,,,
2026-09-12T15:51:09-05:00,PUR_IED_GustavoMo_Exterio_75e63d,PUR_IED_GustavoMo_Exterio_75e63d,,,,,
2026-09-12T15:51:09-05:00,PUR_IED_GustavoMo_LabFisi_224d37,PUR_IED_GustavoMo_LabFisi_224d37,,,,,
2026-09-12T15:51:09-05:00,PUR_IED_GustavoMo_S208_3e6918,PUR_IED_GustavoMo_S208_3e6918,,,,,
2026-09-12T15:51:09-05:00,PUR_IED_GustavoR_A02_8cd4a8,PUR_IED_GustavoR_A02_8cd4a8,,,,,
2026-09-12T15:51:09-05:00,PUR_IED_GustavoR_B11_5b0ed,PUR_IED_GustavoR_B11_5b0ed,,,,,
2026-09-12T15:51:09-05:00,PUR_IED_GustavoR_Ext_7a0c90,PUR_IED_GustavoR_Ext_7a0c90,,,,,
2026-09-12T15:51:09-05:00,PUR_IED_HernandoDuran_Ext_8cd82b,PUR_IED_HernandoDuran_Ext_8cd82b,,,,,
2026-09-12T15:51:09-05:00,PUR_IED_HernandoDuran_S24_2772c6,PUR_IED_HernandoDuran_S24_2772c6,,,,,
2026-09-12T15:51:09-05:00,PUR_IED_HernandoDuran_S30_f2de41,PUR_IED_HernandoDuran_S30_f2de41,,,,,
2026-09-12T15:51:09-05:00,PUR_IED_HolguInUr_S1101_8cd732,PUR_IED_HolguInUr_S1101_8cd732,,,,,
2026-09-12T15:51:09-05:00,PUR_IED_HolguinUr_Exter_ddae6d,PUR_IED_HolguinUr_Exter_ddae6d,,,,,
2026-09-12T15:51:09-05:00,PUR_IED_HolguinUr_LabQuim_92b952,PUR_IED_HolguinUr_LabQuim_92b952,,,,,
2026-09-12T15:51:09-05:00,PUR_IED_Isabel-II_Ext_5245cc,PUR_IED_Isabel-II_Ext_5245cc,2,20,56,4.6336,-74.153
2026-09-12T15:51:09-05:00,PUR_IED_Isabel-II_S_idiom_1c29aa,PUR_IED_Isabel-II_S_idiom_1c29aa,,,,,
2026-09-12T15:51:09-05:00,PUR_IED_Isabel-II_S_infor_fd741,PUR_IED_Isabel-II_S_infor_fd741,,,,,
2026-09-12T15:51:09-05:00,PUR_IED_IsidroSur_Exterio_5b90ea,PUR_IED_IsidroSur_Exterio_5b90ea,,,,,
2026-09-12T15:51:09-05:00,PUR_IED_IsidroSur_LabTec_56697a,PUR_IED_IsidroSur_LabTec_56697a,,,,,
2026-09-12T15:51:09-05:00,PUR_IED_IsidroSur_Robotic_b7c38f,PUR_IED_IsidroSur_Robotic_b7c38f,,,,,
2026-09-12T15:51:09-05:00,PUR_IED_IsmaelPerd_Ext_7b6672,PUR_IED_IsmaelPerd_Ext_7b6672,,,,,
2026-09-12T15:51:09-05:00,PUR_IED_IsmaelPerd_Inform_306540,PUR_IED_IsmaelPerd_Inform_306540,,,,,
2026-09-12T15:51:09-05:00,PUR_IED_IsmaelPerd_S30_2e2c83,PUR_IED_IsmaelPerd_S30_2e2c83,,,,,
2026-09-12T15:51:09-05:00,PUR_IED_JLozano_Exter_432910,PUR_IED_JLozano_Exter_432910,,,,,
2026-09-12T15:51:09-05:00,PUR_IED_JLozano_salaMulti_df5125,PUR_IED_JLozano_salaMulti_df5125,,,,,
2026-09-12T15:51:09-05:00,PUR_IED_JMCordoba_206_86f80b,PUR_IED_JMCordoba_206_86f80b,,,,,
2026-09-12T15:51:09-05:00,PUR_IED_JMCordoba_Ext_27ad97,PUR_IED_JMCordoba_Ext_27ad97,,,,,
2026-09-12T15:51:09-05:00,PUR_IED_JMCordoba_S310_d59ab4,PUR_IED_JMCordoba_S310_d59ab4,,,,,
2026-09-12T15:51:09-05:00,PUR_IED_Japon_Ext_549100,PUR_IED_Japon_Ext_549100,,,,,
2026-09-12T15:51:09-05:00,PUR_IED_Japon_Laboratorio_bec51d,PUR_IED_Japon_Laboratorio_bec51d,,,,,
2026-09-12T15:51:09-05:00,PUR_IED_Japon_informatica_d99327,PUR_IED_Japon_informatica_d99327,,,,,
2026-09-12T15:51:09-05:00,PUR_IED_Jazmin_Ext_d27bda,PUR_IED_Jazmin_Ext_d27bda,,,,,
2026-09-12T15:51:09-05:00,PUR_IED_Jazmin_Fisica_8d14d7,PUR_IED_Jazmin_Fisica_8d14d7,,,,,
2026-09-12T15:51:09-05:00,PUR_IED_Jazmin_Quimica_801cb5,PUR_IED_Jazmin_Quimica_801cb5,,,,,
2026-09-12T15:51:09-05:00,PUR_IED_JorgeGaitan_Exter_f098d1,PUR_IED_JorgeGaitan_Exter_f098d1,,,,,
2026-09-12T15:51:09-05:00,PUR_IED_JorgeGaitan_STec1_dc9d1d,PUR_IED_JorgeGaitan_STec1_dc9d1d,,,,,
2026-09-12T15:51:09-05:00,PUR_IED_JorgeGaitan_STec2_281e69,PUR_IED_JorgeGaitan_STec2_281e69,,,,,
2026-09-12T15:51:09-05:00,PUR_IED_JorgeSoto_Exterio_d9d0a2,PUR_IED_JorgeSoto_Exterio_d9d0a2,,,,,
2026-09-12T15:51:09-05:00,PUR_IED_JorgeSoto_LabFisi_209c54,PUR_IED_JorgeSoto_LabFisi_209c54,,,,,
2026-09-12T15:51:09-05:00,PUR_IED_JorgeSoto_S103_27b51a,PUR_IED_JorgeSoto_S103_27b51a,,,,,
2026-09-12T15:51:09-05:00,PUR_IED_JoseAcevedo_A02_e965eb,PUR_IED_JoseAcevedo_A02_e965eb,,,,,
2026-09-12T15:51:09-05:00,PUR_IED_JoseAcevedo_A07_dd5b4,PUR_IED_JoseAcevedo_A07_dd5b4,,,,,
2026-09-12T15:51:09-05:00,PUR_IED_JoseAcevedo_Ext_b47484,PUR_IED_JoseAcevedo_Ext_b47484,,,,,
2026-09-12T15:51:09-05:00,PUR_IED_JoseMarti_Exte_5b9bf,PUR_IED_JoseMarti_Exte_5b9bf,,,,,
2026-09-12T15:51:09-05:00,PUR_IED_JoseMarti_LabQuim_1c6c2d,PUR_IED_JoseMarti_LabQuim_1c6c2d,,,,,
2026-09-12T15:51:09-05:00,PUR_IED_JoseMarti_S_info_f5f177,PUR_IED_JoseMarti_S_info_f5f177,,,,,
2026-09-12T15:51:09-05:00,PUR_IED_Josejoaquin_Ext_dfc5dc,PUR_IED_Josejoaquin_Ext_dfc5dc,,,,,
2026-09-12T15:51:09-05:00,PUR_IED_Josejoaquin_S05_5b2a96,PUR_IED_Josejoaquin_S05_5b2a96,,,,,
2026-09-12T15:51:09-05:00,PUR_IED_Josejoaquin_S06_1ce7d2,PUR_IED_Josejoaquin_S06_1ce7d2,,,,,
2026-09-12T15:51:09-05:00,PUR_IED_JulioFlorez_Danza_9b82dd,PUR_IED_JulioFlorez_Danza_9b82dd,,,,,
2026-09-12T15:51:09-05:00,PUR_IED_JulioFlorez_Exter_f9f314,PUR_IED_JulioFlorez_Exter_f9f314,,,,,
2026-09-12T15:51:09-05:00,PUR_IED_JulioFlorez_info2_6b6e08,PUR_IED_JulioFlorez_info2_6b6e08,,,,,
2026-09-12T15:51:09-05:00,PUR_IED_LaBelleza_Aula13_1d00d8,PUR_IED_LaBelleza_Aula13_1d00d8,,,,,
2026-09-12T15:51:09-05:00,PUR_IED_LaBelleza_Ext_7bc08c,PUR_IED_LaBelleza_Ext_7bc08c,,,,,
2026-09-12T15:51:09-05:00,PUR_IED_LaChucua_Ext_8cd6d2,PUR_IED_LaChucua_Ext_8cd6d2,,,,,
2026-09-12T15:51:09-05:00,PUR_IED_LaChucua_S15_f578ce,PUR_IED_LaChucua_S15_f578ce,,,,,
2026-09-12T15:51:09-05:00,PUR_IED_LaChucua_S16_eebcf9,PUR_IED_LaChucua_S16_eebcf9,,,,,
2026-09-12T15:51:09-05:00,PUR_IED_LaFelicidad_Ext_fb5109,PUR_IED_LaFelicidad_Ext_fb5109,,,,,
2026-09-12T15:51:09-05:00,PUR_IED_LaMerced_206_66ebd,PUR_IED_LaMerced_206_66ebd,,,,,
2026-09-12T15:51:09-05:00,PUR_IED_LaMerced_207_6ebd6,PUR_IED_LaMerced_207_6ebd6,,,,,
2026-09-12T15:51:09-05:00,PUR_IED_LaMerced_ext_304311,PUR_IED_LaMerced_ext_304311,,,,,
2026-09-12T15:51:09-05:00,PUR_IED_Laureano_CiencNat_281e5e,PUR_IED_Laureano_CiencNat_281e5e,,,,,
2026-09-12T15:51:09-05:00,PUR_IED_Laureano_Comedor_f65c0a,PUR_IED_Laureano_Comedor_f65c0a,,,,,
2026-09-12T15:51:09-05:00,PUR_IED_Laureano_Exterior_7ab011,PUR_IED_Laureano_Exterior_7ab011,,,,,
2026-09-12T15:51:09-05:00,PUR_IED_LeonGreiff_Exte_dfe560,PUR_IED_LeonGreiff_Exte_dfe560,,,,,
2026-09-12T15:51:09-05:00,PUR_IED_LeonGreiff_S210_f264ed,PUR_IED_LeonGreiff_S210_f264ed,,,,,
2026-09-12T15:51:09-05:00,PUR_IED_LeonGreiff_SQuimi_e8296f,PUR_IED_LeonGreiff_SQuimi_e8296f,,,,,
2026-09-12T15:51:09-05:00,PUR_IED_LlanoOrientalS208_7b9fcd,PUR_IED_LlanoOrientalS208_7b9fcd,,,,,
2026-09-12T15:51:09-05:00,PUR_IED_LlanoOriental_Ext_fb3766,PUR_IED_LlanoOriental_Ext_fb3766,,,,,
2026-09-12T15:51:09-05:00,PUR_IED_LlanoOriental_S208_7b9fcd,PUR_IED_LlanoOriental_S208_7b9fcd,,,,,
2026-09-12T15:51:09-05:00,PUR_IED_LlanoOriental_S9_27b378,PUR_IED_LlanoOriental_S9_27b378,,,,,
2026-09-12T15:51:09-05:00,PUR_IED_LosTejares_1101_477602,PUR_IED_LosTejares_1101_477602,,,,,
2026-09-12T15:51:09-05:00,PUR_IED_LosTejares_11_d2c595,PUR_IED_LosTejares_11_d2c595,,,,,
2026-09-12T15:51:09-05:00,PUR_IED_LosTejares_12_477602,PUR_IED_LosTejares_12_477602,,,,,
2026-09-12T15:51:09-05:00,PUR_IED_LosTejares_Ext_8e2115,PUR_IED_LosTejares_Ext_8e2115,,,,,
2026-09-12T15:51:09-05:00,PUR_IED_MagdalenaO_B202_5ddda3,PUR_IED_MagdalenaO_B202_5ddda3,,,,,
2026-09-12T15:51:09-05:00,PUR_IED_MagdalenaO_B205_fb76e8,PUR_IED_MagdalenaO_B205_fb76e8,,,,,
2026-09-12T15:51:09-05:00,PUR_IED_MagdalenaO_ext_dc69cd,PUR_IED_MagdalenaO_ext_dc69cd,,,,,
2026-09-12T15:51:09-05:00,PUR_IED_ManueCepeda_artes_eee956,PUR_IED_ManueCepeda_artes_eee956,,,,,
2026-09-12T15:51:09-05:00,PUR_IED_ManuelCepeda_Ext_58313,PUR_IED_ManuelCepeda_Ext_58313,,,,,
2026-09-12T15:51:09-05:00,PUR_IED_ManuelCepeda_tec_1c5731,PUR_IED_ManuelCepeda_tec_1c5731,,,,,
2026-09-12T15:51:09-05:00,PUR_IED_ManuelS_Exterior_5b269,PUR_IED_ManuelS_Exterior_5b269,,,,,
2026-09-12T15:51:09-05:00,PUR_IED_ManuelS_Inform_f369ce,PUR_IED_ManuelS_Inform_f369ce,,,,,
2026-09-12T15:51:09-05:00,PUR_IED_ManuelS_SArtes_7d15f1,PUR_IED_ManuelS_SArtes_7d15f1,,,,,
2026-09-12T15:51:09-05:00,PUR_IED_ManuelZapata_303_3ca6,PUR_IED_ManuelZapata_303_3ca6,,,,,
2026-09-12T15:51:09-05:00,PUR_IED_ManuelZapata_311_bfbabc,PUR_IED_ManuelZapata_311_bfbabc,,,,,
2026-09-12T15:51:09-05:00,PUR_IED_ManuelZapata_Ext_50824a,PUR_IED_ManuelZapata_Ext_50824a,,,,,
2026-09-12T15:51:09-05:00,PUR_IED_ManuelitaS_Exteri_656a92,PUR_IED_ManuelitaS_Exteri_656a92,,,,,
2026-09-12T15:51:09-05:00,PUR_IED_ManuelitaS_JuzgDe_f58ec3,PUR_IED_ManuelitaS_JuzgDe_f58ec3,,,,,
2026-09-12T15:51:09-05:00,PUR_IED_ManuelitaS_Recrea_d793db,PUR_IED_ManuelitaS_Recrea_d793db,,,,,
2026-09-12T15:51:09-05:00,PUR_IED_MarFidSuarez_Ext_c27b19,PUR_IED_MarFidSuarez_Ext_c27b19,,,,,
2026-09-12T15:51:09-05:00,PUR_IED_MarFidSuarez_Info_e384d7,PUR_IED_MarFidSuarez_Info_e384d7,,,,,
2026-09-12T15:51:09-05:00,PUR_IED_MarFidSuarez_S306_1d0032,PUR_IED_MarFidSuarez_S306_1d0032,,,,,
2026-09-12T15:51:09-05:00,PUR_IED_Menorah_301_2a25a3,PUR_IED_Menorah_301_2a25a3,,,,,
2026-09-12T15:51:09-05:00,PUR_IED_Menorah_306_37ed3,PUR_IED_Menorah_306_37ed3,,,,,
2026-09-12T15:51:09-05:00,PUR_IED_Menorah_Ext_3e155b,PUR_IED_Menorah_Ext_3e155b,,,,,
2026-09-12T15:51:09-05:00,PUR_IED_MinutoB.Aires_A11_1b1604,PUR_IED_MinutoB.Aires_A11_1b1604,,,,,
2026-09-12T15:51:09-05:00,PUR_IED_MinutoB.Aires_A12_fb5860,PUR_IED_MinutoB.Aires_A12_fb5860,,,,,
2026-09-12T15:51:09-05:00,PUR_IED_MinutoB.Aires_Ext_81293f,PUR_IED_MinutoB.Aires_Ext_81293f,,,,,
2026-09-12T15:51:09-05:00,PUR_IED_MinutoBAires_A11_1b1604,PUR_IED_MinutoBAires_A11_1b1604,,,,,
2026-09-12T15:51:09-05:00,PUR_IED_MinutoBAires_A12_fb5860,PUR_IED_MinutoBAires_A12_fb5860,,,,,
2026-09-12T15:51:09-05:00,PUR_IED_MinutoBAires_Ext_81293f,PUR_IED_MinutoBAires_Ext_81293f,,,,,
2026-09-12T15:51:09-05:00,PUR_IED_Montreal_Aula10_1e4959,PUR_IED_Montreal_Aula10_1e4959,,,,,
2026-09-12T15:51:09-05:00,PUR_IED_Montreal_Aula6_300367,PUR_IED_Montreal_Aula6_300367,,,,,
2026-09-12T15:51:09-05:00,PUR_IED_Montreal_Exterior_91a179,PUR_IED_Montreal_Exterior_91a179,,,,,
2026-09-12T15:51:09-05:00,PUR_IED_Mqgdalena_B202_5ddda3,PUR_IED_Mqgdalena_B202_5ddda3,,,,,
2026-09-12T15:51:09-05:00,PUR_IED_NACUND_Soc_dc8728,PUR_IED_NACUND_Soc_dc8728,,,,,
2026-09-12T15:51:09-05:00,PUR_IED_NACUND_ext_27ad97,PUR_IED_NACUND_ext_27ad97,,,,,
2026-09-12T15:51:09-05:00,PUR_IED_NEsperanza_Ext_d24b61,PUR_IED_NEsperanza_Ext_d24b61,,,,,
2026-09-12T15:51:09-05:00,PUR_IED_NEsperanza_SElect_7d1807,PUR_IED_NEsperanza_SElect_7d1807,,,,,
2026-09-12T15:51:09-05:00,PUR_IED_NEsperanza_SLabor_8b2d0a,PUR_IED_NEsperanza_SLabor_8b2d0a,,,,,
2026-09-12T15:51:09-05:00,PUR_IED_NacionesU_Ext_f661a9,PUR_IED_NacionesU_Ext_f661a9,,,,,
2026-09-12T15:51:09-05:00,PUR_IED_NacionesU_Quimica_66f0a,PUR_IED_NacionesU_Quimica_66f0a,,,,,
2026-09-12T15:51:09-05:00,PUR_IED_NacionesU_S306_1b4b3d,PUR_IED_NacionesU_S306_1b4b3d,,,,,
2026-09-12T15:51:09-05:00,PUR_IED_NestorFA_Ext_e4201c,PUR_IED_NestorFA_Ext_e4201c,,,,,
2026-09-12T15:51:09-05:00,PUR_IED_NestorFA_Laborato_f22fe0,PUR_IED_NestorFA_Laborato_f22fe0,,,,,
2026-09-12T15:51:09-05:00,PUR_IED_NestorFA_S204_dee996,PUR_IED_NestorFA_S204_dee996,,,,,
2026-09-12T15:51:09-05:00,PUR_IED_NidyaQT_Aula03_76999b,PUR_IED_NidyaQT_Aula03_76999b,,,,,
2026-09-12T15:51:09-05:00,PUR_IED_NidyaQT_Aula10_56325,PUR_IED_NidyaQT_Aula10_56325,,,,,
2026-09-12T15:51:09-05:00,PUR_IED_NidyaQT_Ext_46e32d,PUR_IED_NidyaQT_Ext_46e32d,,,,,
2026-09-12T15:51:09-05:00,PUR_IED_NuevaCol_Exterior_d9b859,PUR_IED_NuevaCol_Exterior_d9b859,,,,,
2026-09-12T15:51:09-05:00,PUR_IED_NuevaCol_S1101_76c43b,PUR_IED_NuevaCol_S1101_76c43b,,,,,
2026-09-12T15:51:09-05:00,PUR_IED_NuevaCol_S1102_1ce0b5,PUR_IED_NuevaCol_S1102_1ce0b5,,,,,
2026-09-12T15:51:09-05:00,PUR_IED_OEA_A202_f7e3f2,PUR_IED_OEA_A202_f7e3f2,,,,,
2026-09-12T15:51:09-05:00,PUR_IED_OEA_A203_7d1b8d,PUR_IED_OEA_A203_7d1b8d,,,,,
2026-09-12T15:51:09-05:00,PUR_IED_OEA_Ext_27b593,PUR_IED_OEA_Ext_27b593,,,,,
2026-09-12T15:51:09-05:00,PUR_IED_Ochoa_Ext_1c29da,PUR_IED_Ochoa_Ext_1c29da,,,,,
2026-09-12T15:51:09-05:00,PUR_IED_Ochoa_S205_8b1121,PUR_IED_Ochoa_S205_8b1121,,,,,
2026-09-12T15:51:09-05:00,PUR_IED_Ochoa_Sistemas_f33af6,PUR_IED_Ochoa_Sistemas_f33af6,,,,,
2026-09-12T15:51:09-05:00,PUR_IED_PQuebec_Ext_1c67c7,PUR_IED_PQuebec_Ext_1c67c7,,,,,
2026-09-12T15:51:09-05:00,PUR_IED_PQuebec_S15_23e8e2,PUR_IED_PQuebec_S15_23e8e2,,,,,
2026-09-12T15:51:09-05:00,PUR_IED_PQuebec_S16_8ec76b,PUR_IED_PQuebec_S16_8ec76b,,,,,
2026-09-12T15:51:09-05:00,PUR_IED_PabloN_Ext_49dc96,PUR_IED_PabloN_Ext_49dc96,,,,,
2026-09-12T15:51:09-05:00,PUR_IED_PabloN_S1102_4e3df5,PUR_IED_PabloN_S1102_4e3df5,,,,,
2026-09-12T15:51:09-05:00,PUR_IED_PabloN_S1103_50c94b,PUR_IED_PabloN_S1103_50c94b,,,,,
2026-09-12T15:51:09-05:00,PUR_IED_Palestina_S1101_db9198,PUR_IED_Palestina_S1101_db9198,,,,,
2026-09-12T15:51:09-05:00,PUR_IED_Palestina_S1102_dc54fa,PUR_IED_Palestina_S1102_dc54fa,,,,,
2026-09-12T15:51:09-05:00,PUR_IED_Palestina_ext_4ccce6,PUR_IED_Palestina_ext_4ccce6,,,,,
2026-09-12T15:51:09-05:00,PUR_IED_Panama_Fisica_4d0794,PUR_IED_Panama_Fisica_4d0794,,,,,
2026-09-12T15:51:09-05:00,PUR_IED_Panama_SIngles_a4077e,PUR_IED_Panama_SIngles_a4077e,,,,,
2026-09-12T15:51:09-05:00,PUR_IED_Panama_ext_4c54b4,PUR_IED_Panama_ext_4c54b4,,,,,
2026-09-12T15:51:09-05:00,PUR_IED_ParaisoM_Exterior_8cd7f0,PUR_IED_ParaisoM_Exterior_8cd7f0,,,,,
2026-09-12T15:51:09-05:00,PUR_IED_ParaisoM_Laborato_27af35,PUR_IED_ParaisoM_Laborato_27af35,,,,,
2026-09-12T15:51:09-05:00,PUR_IED_ParaisoM_S304_d1edca,PUR_IED_ParaisoM_S304_d1edca,,,,,
2026-09-12T15:51:09-05:00,PUR_IED_PorfirioBarba_Ext_301466,PUR_IED_PorfirioBarba_Ext_301466,,,,,
2026-09-12T15:51:09-05:00,PUR_IED_PorfirioBarba_S11_df6cd2,PUR_IED_PorfirioBarba_S11_df6cd2,,,,,
2026-09-12T15:51:09-05:00,PUR_IED_PorfirioBarba_S29_27a7d6,PUR_IED_PorfirioBarba_S29_27a7d6,,,,,
2026-09-12T15:51:09-05:00,PUR_IED_PradoV_Exter_8b27ad,PUR_IED_PradoV_Exter_8b27ad,,,,,
2026-09-12T15:51:09-05:00,PUR_IED_PradoV_S301_de65b5,PUR_IED_PradoV_S301_de65b5,,,,,
2026-09-12T15:51:09-05:00,PUR_IED_PradoV_S302_7d2593,PUR_IED_PradoV_S302_7d2593,,,,,
2026-09-12T15:51:09-05:00,PUR_IED_QuirogaAlz_Ext_1ddc82,PUR_IED_QuirogaAlz_Ext_1ddc82,,,,,
2026-09-12T15:51:09-05:00,PUR_IED_QuirogaAlz_S302_9926a3,PUR_IED_QuirogaAlz_S302_9926a3,,,,,
2026-09-12T15:51:09-05:00,PUR_IED_QuirogaAlz_S305_cdf1f1,PUR_IED_QuirogaAlz_S305_cdf1f1,,,,,
2026-09-12T15:51:09-05:00,PUR_IED_RGuatemala_Biling_dc53b7,PUR_IED_RGuatemala_Biling_dc53b7,,,,,
2026-09-12T15:51:09-05:00,PUR_IED_RGuatemala_Ext_1b89a3,PUR_IED_RGuatemala_Ext_1b89a3,,,,,
2026-09-12T15:51:09-05:00,PUR_IED_RGuatemala_Tecnol_281a34,PUR_IED_RGuatemala_Tecnol_281a34,,,,,
2026-09-12T15:51:09-05:00,PUR_IED_RafaNu_Ext_f7c302,PUR_IED_RafaNu_Ext_f7c302,,,,,
2026-09-12T15:51:09-05:00,PUR_IED_RafaNu_S1101_25fde,PUR_IED_RafaNu_S1101_25fde,,,,,
2026-09-12T15:51:09-05:00,PUR_IED_RafaNu_S1102_281517,PUR_IED_RafaNu_S1102_281517,,,,,
2026-09-12T15:51:09-05:00,PUR_IED_RafaelB_S305_ee2783,PUR_IED_RafaelB_S305_ee2783,,,,,
2026-09-12T15:51:09-05:00,PUR_IED_RafaelB_S306_75fe33,PUR_IED_RafaelB_S306_75fe33,,,,,
2026-09-12T15:51:09-05:00,PUR_IED_RafaelB_ext_283336,PUR_IED_RafaelB_ext_283336,3,20,56,4.6722,-74.0737
2026-09-12T15:51:09-05:00,PUR_IED_RafaelUU_Exterior_281a51,PUR_IED_RafaelUU_Exterior_281a51,,,,,
2026-09-12T15:51:09-05:00,PUR_IED_RafaelUU_Human_806b2,PUR_IED_RafaelUU_Human_806b2,,,,,
2026-09-12T15:51:09-05:00,PUR_IED_RafaelUU_Mate2_5680d4,PUR_IED_RafaelUU_Mate2_5680d4,,,,,
2026-09-12T15:51:09-05:00,PUR_IED_RamonSub_Ext_f9eeb9,PUR_IED_RamonSub_Ext_f9eeb9,,,,,
2026-09-12T15:51:09-05:00,PUR_IED_RamonSub_Media_d1f62f,PUR_IED_RamonSub_Media_d1f62f,,,,,
2026-09-12T15:51:09-05:00,PUR_IED_RamonSub_planta_51b82,PUR_IED_RamonSub_planta_51b82,,,,,
2026-09-12T15:51:09-05:00,PUR_IED_RepBoliVene_Exter_27af7c,PUR_IED_RepBoliVene_Exter_27af7c,,,,,
2026-09-12T15:51:09-05:00,PUR_IED_RepBoliVene_SCPT_5ae2ee,PUR_IED_RepBoliVene_SCPT_5ae2ee,,,,,
2026-09-12T15:51:09-05:00,PUR_IED_RepBoliVene_Socia_4b11d5,PUR_IED_RepBoliVene_Socia_4b11d5,,,,,
2026-09-12T15:51:09-05:00,PUR_IED_RepChina_Ext_76d9ee,PUR_IED_RepChina_Ext_76d9ee,,,,,
2026-09-12T15:51:09-05:00,PUR_IED_RepChina_S404_7c804c,PUR_IED_RepChina_S404_7c804c,,,,,
2026-09-12T15:51:09-05:00,PUR_IED_RepChina_S405_df2c33,PUR_IED_RepChina_S405_df2c33,,,,,
2026-09-12T15:51:09-05:00,PUR_IED_RepublicaC_Exteri_7d1ec9,PUR_IED_RepublicaC_Exteri_7d1ec9,,,,,
2026-09-12T15:51:09-05:00,PUR_IED_RepublicaC_S1101_f544b3,PUR_IED_RepublicaC_S1101_f544b3,,,,,
2026-09-12T15:51:09-05:00,PUR_IED_RepublicaC_S1102_7aafc7,PUR_IED_RepublicaC_S1102_7aafc7,,,,,
2026-09-12T15:51:09-05:00,PUR_IED_Ricaurte_Externo_a0ea1,PUR_IED_Ricaurte_Externo_a0ea1,,,,,
2026-09-12T15:51:09-05:00,PUR_IED_Ricaurte_S210_f546fd,PUR_IED_Ricaurte_S210_f546fd,,,,,
2026-09-12T15:51:09-05:00,PUR_IED_Ricaurte_S309_d4452,PUR_IED_Ricaurte_S309_d4452,,,,,
2026-09-12T15:51:09-05:00,PUR_IED_RogelioS_1102_531e69,PUR_IED_RogelioS_1102_531e69,,,,,
2026-09-12T15:51:09-05:00,PUR_IED_RogelioS_Ext_f25a18,PUR_IED_RogelioS_Ext_f25a18,,,,,
2026-09-12T15:51:09-05:00,PUR_IED_SBernardino_Ext_27aff8,PUR_IED_SBernardino_Ext_27aff8,,,,,
2026-09-12T15:51:09-05:00,PUR_IED_SBernardino_SArte_2ffd33,PUR_IED_SBernardino_SArte_2ffd33,,,,,
2026-09-12T15:51:09-05:00,PUR_IED_SBernardino_SIngl_7c7da5,PUR_IED_SBernardino_SIngl_7c7da5,,,,,
2026-09-12T15:51:09-05:00,PUR_IED_Sago_auditorio_dc9d1d,PUR_IED_Sago_auditorio_dc9d1d,,,,,
2026-09-12T15:51:09-05:00,PUR_IED_Saludcoop_Ext_95aac3,PUR_IED_Saludcoop_Ext_95aac3,,,,,
2026-09-12T15:51:09-05:00,PUR_IED_Saludcoop_InfI_90c854,PUR_IED_Saludcoop_InfI_90c854,,,,,
2026-09-12T15:51:09-05:00,PUR_IED_Saludcoop_SMedia_1b93be,PUR_IED_Saludcoop_SMedia_1b93be,,,,,
2026-09-12T15:51:09-05:00,PUR_IED_SanCarlos_1101_1a2360,PUR_IED_SanCarlos_1101_1a2360,,,,,
2026-09-12T15:51:09-05:00,PUR_IED_SanCarlos_1103_7bafb5,PUR_IED_SanCarlos_1103_7bafb5,,,,,
2026-09-12T15:51:09-05:00,PUR_IED_SanCarlos_Ext_b7cd1,PUR_IED_SanCarlos_Ext_b7cd1,,,,,
2026-09-12T15:51:09-05:00,PUR_IED_SanIgnacioBosa11a_50c26e,PUR_IED_SanIgnacioBosa11a_50c26e,,,,,
2026-09-12T15:51:09-05:00,PUR_IED_SanIgnacioBosa11b_371de8,PUR_IED_SanIgnacioBosa11b_371de8,,,,,
2026-09-12T15:51:09-05:00,PUR_IED_SanIgnacioBosaExt_ef0ffc,PUR_IED_SanIgnacioBosaExt_ef0ffc,,,,,
2026-09-12T15:51:09-05:00,PUR_IED_SanIgnacioBosa_11a_50c26e,PUR_IED_SanIgnacioBosa_11a_50c26e,,,,,
2026-09-12T15:51:09-05:00,PUR_IED_SanIgnacioBosa_Ext_ef0ffc,PUR_IED_SanIgnacioBosa_Ext_ef0ffc,,,,,
2026-09-12T15:51:09-05:00,PUR_IED_SanJoseN_intS1101_31c47f,PUR_IED_SanJoseN_intS1101_31c47f,,,,,
2026-09-12T15:51:09-05:00,PUR_IED_SanJoseUsm_Exter_f5d7e8,PUR_IED_SanJoseUsm_Exter_f5d7e8,,,,,
2026-09-12T15:51:09-05:00,PUR_IED_SanJoseUsm_Int11A_cfdef6,PUR_IED_SanJoseUsm_Int11A_cfdef6,,,,,
2026-09-12T15:51:09-05:00,PUR_IED_SilveriaR_IntB5_905349,PUR_IED_SilveriaR_IntB5_905349,,,,,
2026-09-12T15:51:09-05:00,PUR_IED_SilveriaR_IntSD14_981f93,PUR_IED_SilveriaR_IntSD14_981f93,,,,,
2026-09-12T15:51:09-05:00,PUR_IED_SilveriaR_ext_2b651d,PUR_IED_SilveriaR_ext_2b651d,,,,,
2026-09-12T15:51:09-05:00,PUR_IED_SimonB_Exterior_913975,PUR_IED_SimonB_Exterior_913975,,,,,
2026-09-12T15:51:09-05:00,PUR_IED_SimonB_LabQuimi_c56908,PUR_IED_SimonB_LabQuimi_c56908,,,,,
2026-09-12T15:51:09-05:00,PUR_IED_SimonB_informatic_a28c1,PUR_IED_SimonB_informatic_a28c1,,,,,
2026-09-12T15:51:09-05:00,PUR_IED_Sorrento_1102_315f50,PUR_IED_Sorrento_1102_315f50,,,,,
2026-09-12T15:51:09-05:00,PUR_IED_Sorrento_Minte_214eab,PUR_IED_Sorrento_Minte_214eab,,,,,
2026-09-12T15:51:09-05:00,PUR_IED_Sorrento_ext_7c3a0a,PUR_IED_Sorrento_ext_7c3a0a,,,,,
2026-09-12T15:51:09-05:00,PUR_IED_Tabora_Ext_f048ae,PUR_IED_Tabora_Ext_f048ae,,,,,
2026-09-12T15:51:09-05:00,PUR_IED_Tabora_S1102_b07752,PUR_IED_Tabora_S1102_b07752,,,,,
2026-09-12T15:51:09-05:00,PUR_IED_Tabora_S1103_d988f5,PUR_IED_Tabora_S1103_d988f5,,,,,
2026-09-12T15:51:09-05:00,PUR_IED_Tenerife_Ext_1ab188,PUR_IED_Tenerife_Ext_1ab188,,,,,
2026-09-12T15:51:09-05:00,PUR_IED_Tenerife_SDanzas_7bc02e,PUR_IED_Tenerife_SDanzas_7bc02e,,,,,
2026-09-12T15:51:09-05:00,PUR_IED_Tenerife_SIngles_7cc277,PUR_IED_Tenerife_SIngles_7cc277,,,,,
2026-09-12T15:51:09-05:00,PUR_IED_Tibabuyes_Exter_f2683d,PUR_IED_Tibabuyes_Exter_f2683d,,,,,
2026-09-12T15:51:09-05:00,PUR_IED_Tibabuyes_S10_dc87a8,PUR_IED_Tibabuyes_S10_dc87a8,,,,,
2026-09-12T15:51:09-05:00,PUR_IED_Tibabuyes_S15_dc0526,PUR_IED_Tibabuyes_S15_dc0526,,,,,
2026-09-12T15:51:09-05:00,PUR_IED_UnionE_S301_a1043,PUR_IED_UnionE_S301_a1043,,,,,
2026-09-12T15:51:09-05:00,PUR_IED_UnionE_S307_ff6c2f,PUR_IED_UnionE_S307_ff6c2f,,,,,
2026-09-12T15:51:09-05:00,PUR_IED_UnionE__Ext_5e2468,PUR_IED_UnionE__Ext_5e2468,,,,,
2026-09-12T15:51:09-05:00,PUR_IED_VillaRica_Ext_75be7c,PUR_IED_VillaRica_Ext_75be7c,,,,,
2026-09-12T15:51:09-05:00,PUR_IED_VillaRica_S4_cc5dcd,PUR_IED_VillaRica_S4_cc5dcd,,,,,
2026-09-12T15:51:09-05:00,PUR_IED_VillaRica_Sesp_99f5c,PUR_IED_VillaRica_Sesp_99f5c,,,,,
2026-09-12T15:56:24-05:00,PUR_IED_20deJulio_1101_91b1b9,PUR_IED_20deJulio_1101_91b1b9,,,,,
2026-09-12T15:56:24-05:00,PUR_IED_20deJulio_1102_1cfcf9,PUR_IED_20deJulio_1102_1cfcf9,,,,,
2026-09-12T15:56:24-05:00,PUR_IED_20deJulio_Ext_ab60bd,PUR_IED_20deJulio_Ext_ab60bd,,,,,
2026-09-12T15:56:24-05:00,PUR_IED_AgustinFer_Ext_7b9b77,PUR_IED_AgustinFer_Ext_7b9b77,,,,,
2026-09-12T15:56:24-05:00,PUR_IED_AgustinFer_Info2_27b3a7,PUR_IED_AgustinFer_Info2_27b3a7,,,,,
2026-09-12T15:56:24-05:00,PUR_IED_AgustinFer_Sena_54b4eb,PUR_IED_AgustinFer_Sena_54b4eb,,,,,
2026-09-12T15:56:24-05:00,PUR_IED_AlexanderF_1102_caf07b,PUR_IED_AlexanderF_1102_caf07b,,,,,
2026-09-12T15:56:24-05:00,PUR_IED_AlexanderF_1103_c79e71,PUR_IED_AlexanderF_1103_c79e71,,,,,
2026-09-12T15:56:24-05:00,PUR_IED_AlexanderF_Ext_c5b18b,PUR_IED_AlexanderF_Ext_c5b18b,,,,,
2026-09-12T15:56:24-05:00,PUR_IED_AlfonsoLopez_Ext_281d77,PUR_IED_AlfonsoLopez_Ext_281d77,,,,,
2026-09-12T15:56:24-05:00,PUR_IED_AlfonsoLopez_LabF_888ce0,PUR_IED_AlfonsoLopez_LabF_888ce0,,,,,
2026-09-12T15:56:24-05:00,PUR_IED_AlfonsoLopez_SMed_df6a7f,PUR_IED_AlfonsoLopez_SMed_df6a7f,,,,,
2026-09-12T15:56:24-05:00,PUR_IED_AltamiraSO_A2_209f92,PUR_IED_AltamiraSO_A2_209f92,,,,,
2026-09-12T15:56:24-05:00,PUR_IED_AltamiraSO_Ext_186d66,PUR_IED_AltamiraSO_Ext_186d66,,,,,
2026-09-12T15:56:24-05:00,PUR_IED_AltamiraSO_Sistem_27afe1,PUR_IED_AltamiraSO_Sistem_27afe1,,,,,
2026-09-12T15:56:24-05:00,PUR_IED_AlvaroGom_LabQuim_813179,PUR_IED_AlvaroGom_LabQuim_813179,,,,,
2026-09-12T15:56:24-05:00,PUR_IED_AlvaroGomez_Ext_47c7ca,PUR_IED_AlvaroGomez_Ext_47c7ca,,,,,
2026-09-12T15:56:24-05:00,PUR_IED_AlvaroGomez_LabQuim_813179,PUR_IED_AlvaroGomez_LabQuim_813179,,,,,
2026-09-12T15:56:24-05:00,PUR_IED_AlvaroGomez_S23_7ba89f,PUR_IED_AlvaroGomez_S23_7ba89f,,,,,
2026-09-12T15:56:24-05:00,PUR_IED_Amistad_306_dc8728,PUR_IED_Amistad_306_dc8728,,,,,
2026-09-12T15:56:24-05:00,PUR_IED_Amistad_Ext_8cd55e,PUR_IED_Amistad_Ext_8cd55e,,,,,
2026-09-12T15:56:24-05:00,PUR_IED_Amistad_S202_a41169,PUR_IED_Amistad_S202_a41169,,,,,
2026-09-12T15:56:24-05:00,PUR_IED_AndresBello_Bio_fd5f5e,PUR_IED_AndresBello_Bio_fd5f5e,,,,,
2026-09-12T15:56:24-05:00,PUR_IED_AndresBello_ext_dcad65,PUR_IED_AndresBello_ext_dcad65,,,,,
2026-09-12T15:56:24-05:00,PUR_IED_AndresBello_port_eed3ec,PUR_IED_AndresBello_port_eed3ec,,,,,
2026-09-12T15:56:24-05:00,PUR_IED_AngelaR_11b_d90a6b,PUR_IED_AngelaR_11b_d90a6b,,,,,
2026-09-12T15:56:24-05:00,PUR_IED_AngelaR_ext_7cad3e,PUR_IED_AngelaR_ext_7cad3e,2,21,56,4.5825,-74.164497
2026-09-12T15:56:24-05:00,PUR_IED_AntJoseSucre_10mo_df2575,PUR_IED_AntJoseSucre_10mo_df2575,,,,,
2026-09-12T15:56:24-05:00,PUR_IED_AntJoseSucre_Ext_215b36,PUR_IED_AntJoseSucre_Ext_215b36,,,,,
2026-09-12T15:56:24-05:00,PUR_IED_AntJoseSucre_Lab_3139de,PUR_IED_AntJoseSucre_Lab_3139de,,,,,
2026-09-12T15:56:24-05:00,PUR_IED_AntonioGarcia_301_d6b188,PUR_IED_AntonioGarcia_301_d6b188,,,,,
2026-09-12T15:56:24-05:00,PUR_IED_AntonioGarcia_302_88a82,PUR_IED_AntonioGarcia_302_88a82,,,,,
2026-09-12T15:56:24-05:00,PUR_IED_AntonioGarcia_Ext_20950c,PUR_IED_AntonioGarcia_Ext_20950c,,,,,
2026-09-12T15:56:24-05:00,PUR_IED_AntonioVan_Aula2_6dea02,PUR_IED_AntonioVan_Aula2_6dea02,,,,,
2026-09-12T15:56:24-05:00,PUR_IED_AntonioVan_Aula5_f1557e,PUR_IED_AntonioVan_Aula5_f1557e,,,,,
2026-09-12T15:56:24-05:00,PUR_IED_AntonioVan_Ext_406f2f,PUR_IED_AntonioVan_Ext_406f2f,,,,,
2026-09-12T15:56:24-05:00,PUR_IED_Atabanzha_Ext_cc5af9,PUR_IED_Atabanzha_Ext_cc5af9,,,,,
2026-09-12T15:56:24-05:00,PUR_IED_Atabanzha_SA101_56c37,PUR_IED_Atabanzha_SA101_56c37,,,,,
2026-09-12T15:56:24-05:00,PUR_IED_Atabanzha_SB302_27b374,PUR_IED_Atabanzha_SB302_27b374,,,,,
2026-09-12T15:56:24-05:00,PUR_IED_Atahualpa_Ext_fc1748,PUR_IED_Atahualpa_Ext_fc1748,,,,,
2026-09-12T15:56:24-05:00,PUR_IED_Atahualpa_Informa_dc9a95,PUR_IED_Atahualpa_Informa_dc9a95,,,,,
2026-09-12T15:56:24-05:00,PUR_IED_Atahualpa_S1101_f98056,PUR_IED_Atahualpa_S1101_f98056,,,,,
2026-09-12T15:56:24-05:00,PUR_IED_Bellavista_Ext_f5aa74,PUR_IED_Bellavista_Ext_f5aa74,,,,,
2026-09-12T15:56:24-05:00,PUR_IED_Bilbao_11A_916c41,PUR_IED_Bilbao_11A_916c41,,,,,
2026-09-12T15:56:24-05:00,PUR_IED_Bilbao_Ext_fb579a,PUR_IED_Bilbao_Ext_fb579a,,,,,
2026-09-12T15:56:24-05:00,PUR_IED_BrasiliaU_A125_304280,PUR_IED_BrasiliaU_A125_304280,,,,,
2026-09-12T15:56:24-05:00,PUR_IED_BrasiliaU_A203_7c8ca5,PUR_IED_BrasiliaU_A203_7c8ca5,,,,,
2026-09-12T15:56:24-05:00,PUR_IED_BrasiliaU_Ext_8d6e9f,PUR_IED_BrasiliaU_Ext_8d6e9f,4,20,55,4.5175,-74.116302
2026-09-12T15:56:24-05:00,PUR_IED_Brasilia_Ext_fe6593,PUR_IED_Brasilia_Ext_fe6593,,,,,
2026-09-12T15:56:24-05:00,PUR_IED_Brasilia_S24_7c130d,PUR_IED_Brasilia_S24_7c130d,,,,,
2026-09-12T15:56:24-05:00,PUR_IED_Brasilia_S501_186a54,PUR_IED_Brasilia_S501_186a54,,,,,
2026-09-12T15:56:24-05:00,PUR_IED_CHARRY_EXT_f1d5cd,PUR_IED_CHARRY_EXT_f1d5cd,,,,,
2026-09-12T15:56:24-05:00,PUR_IED_CHARRY_INTDANZAS_7a08e6,PUR_IED_CHARRY_INTDANZAS_7a08e6,,,,,
2026-09-12T15:56:24-05:00,PUR_IED_CHARRY_INT_AULA20_dc998d,PUR_IED_CHARRY_INT_AULA20_dc998d,,,,,
2026-09-12T15:56:24-05:00,PUR_IED_COLVIV_1101_S25_7f520a,PUR_IED_COLVIV_1101_S25_7f520a,,,,,
2026-09-12T15:56:24-05:00,PUR_IED_COLVIV_1102_S16_f570ba,PUR_IED_COLVIV_1102_S16_f570ba,,,,,
2026-09-12T15:56:24-05:00,PUR_IED_COLVIV_Ext_1a26fa,PUR_IED_COLVIV_Ext_1a26fa,,,,,
2026-09-12T15:56:24-05:00,PUR_IED_CULPOP_301A_f660f3,PUR_IED_CULPOP_301A_f660f3,,,,,
2026-09-12T15:56:24-05:00,PUR_IED_CULPOP_303_568afe,PUR_IED_CULPOP_303_568afe,,,,,
2026-09-12T15:56:24-05:00,PUR_IED_CULPOP_Ext_e02ccb,PUR_IED_CULPOP_Ext_e02ccb,,,,,
2026-09-12T15:56:24-05:00,PUR_IED_CVillavicen_Ext_26eb58,PUR_IED_CVillavicen_Ext_26eb58,4,17,74,4.487,-74.102798
2026-09-12T15:56:24-05:00,PUR_IED_CVillavicen_Intel_1ce5c2,PUR_IED_CVillavicen_Intel_1ce5c2,,,,,
2026-09-12T15:56:24-05:00,PUR_IED_CVillavicen_Poliv_e0766c,PUR_IED_CVillavicen_Poliv_e0766c,,,,,
2026-09-12T15:56:24-05:00,PUR_IED_CVillavicen_int_1ba140,PUR_IED_CVillavicen_int_1ba140,,,,,
2026-09-12T15:56:24-05:00,PUR_IED_CVillavicen_intel_1ba140,PUR_IED_CVillavicen_intel_1ba140,,,,,
2026-09-12T15:56:24-05:00,PUR_IED_CarlosPizarro_Ext_e307cc,PUR_IED_CarlosPizarro_Ext_e307cc,,,,,
2026-09-12T15:56:24-05:00,PUR_IED_CarlosPizarro_L36_7e5cdb,PUR_IED_CarlosPizarro_L36_7e5cdb,,,,,
2026-09-12T15:56:24-05:00,PUR_IED_CarlosPizarro_L37_c8566c,PUR_IED_CarlosPizarro_L37_c8566c,,,,,
2026-09-12T15:56:24-05:00,PUR_IED_Castilla_Ext_cf35f,PUR_IED_Castilla_Ext_cf35f,,,,,
2026-09-12T15:56:24-05:00,PUR_IED_Castilla_SFisik_360e38,PUR_IED_Castilla_SFisik_360e38,,,,,
2026-09-12T15:56:24-05:00,PUR_IED_Castilla_Sc304_496fbf,PUR_IED_Castilla_Sc304_496fbf,,,,,
2026-09-12T15:56:24-05:00,PUR_IED_CervantesSa_Ext_6b57b,PUR_IED_CervantesSa_Ext_6b57b,3,20,63,4.5128,-74.117203
2026-09-12T15:56:24-05:00,PUR_IED_CervantesSa_S107_225c2b,PUR_IED_CervantesSa_S107_225c2b,,,,,
2026-09-12T15:56:24-05:00,PUR_IED_CervantesSa_S108_940925,PUR_IED_CervantesSa_S108_940925,,,,,
2026-09-12T15:56:24-05:00,PUR_IED_Charry_A20_f53e7c,PUR_IED_Charry_A20_f53e7c,,,,,
2026-09-12T15:56:24-05:00,PUR_IED_Charry_Ext_f1d5cd,PUR_IED_Charry_Ext_f1d5cd,,,,,
2026-09-12T15:56:24-05:00,PUR_IED_Charry_IntAula20_dc998d,PUR_IED_Charry_IntAula20_dc998d,,,,,
2026-09-12T15:56:24-05:00,PUR_IED_Charry_IntDanzas_7a08e6,PUR_IED_Charry_IntDanzas_7a08e6,,,,,
2026-09-12T15:56:24-05:00,PUR_IED_ClememciaC_203_43e2fc,PUR_IED_ClememciaC_203_43e2fc,,,,,
2026-09-12T15:56:24-05:00,PUR_IED_ClememciaC_Ext_1b411a,PUR_IED_ClememciaC_Ext_1b411a,,,,,
2026-09-12T15:56:24-05:00,PUR_IED_ClememciaC_Quimic_44b5fc,PUR_IED_ClememciaC_Quimic_44b5fc,,,,,
2026-09-12T15:56:24-05:00,PUR_IED_ClemenciaC_203_43e2fc,PUR_IED_ClemenciaC_203_43e2fc,,,,,
2026-09-12T15:56:24-05:00,PUR_IED_ClemenciaC_Ext_1b411a,PUR_IED_ClemenciaC_Ext_1b411a,,,,,
2026-09-12T15:56:24-05:00,PUR_IED_ClemenciaC_Quimic_44b5fc,PUR_IED_ClemenciaC_Quimic_44b5fc,,,,,
2026-09-12T15:56:24-05:00,PUR_IED_ColViva_1101_S25_7f520a,PUR_IED_ColViva_1101_S25_7f520a,,,,,
2026-09-12T15:56:24-05:00,PUR_IED_ColViva_1102_S16_f570ba,PUR_IED_ColViva_1102_S16_f570ba,,,,,
2026-09-12T15:56:24-05:00,PUR_IED_ColViva_Ext_1a26fa,PUR_IED_ColViva_Ext_1a26fa,,,,,
2026-09-12T15:56:24-05:00,PUR_IED_ColegioBici_Asist_7c8798,PUR_IED_ColegioBici_Asist_7c8798,,,,,
2026-09-12T15:56:24-05:00,PUR_IED_ColegioBici_Ext_25cbf6,PUR_IED_ColegioBici_Ext_25cbf6,,,,,
2026-09-12T15:56:24-05:00,PUR_IED_ColegioBici_LabQ_7b57db,PUR_IED_ColegioBici_LabQ_7b57db,,,,,
2026-09-12T15:56:24-05:00,PUR_IED_CostaRica_Ext_5e640,PUR_IED_CostaRica_Ext_5e640,,,,,
2026-09-12T15:56:24-05:00,PUR_IED_CostaRica_Quim1_766d1c,PUR_IED_CostaRica_Quim1_766d1c,,,,,
2026-09-12T15:56:24-05:00,PUR_IED_CostaRica__Fisica_6f0873,PUR_IED_CostaRica__Fisica_6f0873,,,,,
2026-09-12T15:56:24-05:00,PUR_IED_CulPopu_301A_f660f3,PUR_IED_CulPopu_301A_f660f3,,,,,
2026-09-12T15:56:24-05:00,PUR_IED_CulPopu_303_568afe,PUR_IED_CulPopu_303_568afe,,,,,
2026-09-12T15:56:24-05:00,PUR_IED_CulPopu_Ext_e02ccb,PUR_IED_CulPopu_Ext_e02ccb,,,,,
2026-09-12T15:56:24-05:00,PUR_IED_Cundinamarca_Ext_f15985,PUR_IED_Cundinamarca_Ext_f15985,,,,,
2026-09-12T15:56:24-05:00,PUR_IED_Cundinamarca_Info_7aa5d7,PUR_IED_Cundinamarca_Info_7aa5d7,,,,,
2026-09-12T15:56:24-05:00,PUR_IED_Cundinamarca_Tec2_f449c7,PUR_IED_Cundinamarca_Tec2_f449c7,,,,,
2026-09-12T15:56:24-05:00,PUR_IED_DiegoM_Aula1_27b314,PUR_IED_DiegoM_Aula1_27b314,,,,,
2026-09-12T15:56:24-05:00,PUR_IED_DiegoM_Ext_d80ac8,PUR_IED_DiegoM_Ext_d80ac8,,,,,
2026-09-12T15:56:24-05:00,PUR_IED_DiegoM_S25_da928f,PUR_IED_DiegoM_S25_da928f,,,,,
2026-09-12T15:56:24-05:00,PUR_IED_ELRODEO_360881,PUR_IED_ELRODEO_360881,,,,,
2026-09-12T15:56:24-05:00,PUR_IED_ELRODEO_ext_360881,PUR_IED_ELRODEO_ext_360881,,,,,
2026-09-12T15:56:24-05:00,PUR_IED_EduardoU_Ext_1c1969,PUR_IED_EduardoU_Ext_1c1969,,,,,
2026-09-12T15:56:24-05:00,PUR_IED_EduardoU_SCiencia_4dfb94,PUR_IED_EduardoU_SCiencia_4dfb94,,,,,
2026-09-12T15:56:24-05:00,PUR_IED_EduardoU_SQuimica_5a46e7,PUR_IED_EduardoU_SQuimica_5a46e7,,,,,
2026-09-12T15:56:24-05:00,PUR_IED_ElRodeo_Aula14_676984,PUR_IED_ElRodeo_Aula14_676984,,,,,
2026-09-12T15:56:24-05:00,PUR_IED_ElRodeo_Aula16_2dd35b,PUR_IED_ElRodeo_Aula16_2dd35b,,,,,
2026-09-12T15:56:24-05:00,PUR_IED_ElRodeo_Ext_360881,PUR_IED_ElRodeo_Ext_360881,,,,,
2026-09-12T15:56:24-05:00,PUR_IED_ElRodeo_Exterior_8c6d28,PUR_IED_ElRodeo_Exterior_8c6d28,,,,,
2026-09-12T15:56:24-05:00,PUR_IED_ElRodeo_ext_360881,PUR_IED_ElRodeo_ext_360881,,,,,
2026-09-12T15:56:24-05:00,PUR_IED_EmmaReyes_Ext_987625,PUR_IED_EmmaReyes_Ext_987625,4,22,49,4.6367,-74.1511
2026-09-12T15:56:24-05:00,PUR_IED_Ensueño_Ext_7f0250,PUR_IED_Ensueño_Ext_7f0250,,,,,
2026-09-12T15:56:24-05:00,PUR_IED_EscNormal_Ext_5fef3b,PUR_IED_EscNormal_Ext_5fef3b,2,21,53,4.5852,-74.096901
2026-09-12T15:56:24-05:00,PUR_IED_EscNormal_S309_5b263,PUR_IED_EscNormal_S309_5b263,,,,,
2026-09-12T15:56:24-05:00,PUR_IED_EscNormal_S310_27b3b8,PUR_IED_EscNormal_S310_27b3b8,,,,,
2026-09-12T15:56:24-05:00,PUR_IED_Evangelista_Conta_f6cd4f,PUR_IED_Evangelista_Conta_f6cd4f,,,,,
2026-09-12T15:56:24-05:00,PUR_IED_Evangelista_Cri_5e16a,PUR_IED_Evangelista_Cri_5e16a,,,,,
2026-09-12T15:56:24-05:00,PUR_IED_Evangelista_Exter_754066,PUR_IED_Evangelista_Exter_754066,,,,,
2026-09-12T15:56:24-05:00,PUR_IED_FMiranda_S209_5cc2a3,PUR_IED_FMiranda_S209_5cc2a3,,,,,
2026-09-12T15:56:24-05:00,PUR_IED_FMiranda_S303_19e344,PUR_IED_FMiranda_S303_19e344,,,,,
2026-09-12T15:56:24-05:00,PUR_IED_FMiranda_ext_f53e7c,PUR_IED_FMiranda_ext_f53e7c,,,,,
2026-09-12T15:56:24-05:00,PUR_IED_FabioLozano_Bibli_1cee05,PUR_IED_FabioLozano_Bibli_1cee05,,,,,
2026-09-12T15:56:24-05:00,PUR_IED_FabioLozano_Ext_6ea285,PUR_IED_FabioLozano_Ext_6ea285,,,,,
2026-09-12T15:56:24-05:00,PUR_IED_FabioLozano_SLudi_f09e1e,PUR_IED_FabioLozano_SLudi_f09e1e,,,,,
2026-09-12T15:56:24-05:00,PUR_IED_FaustinoS_Aula07_27a731,PUR_IED_FaustinoS_Aula07_27a731,,,,,
2026-09-12T15:56:24-05:00,PUR_IED_FaustinoS_Ext_7b936f,PUR_IED_FaustinoS_Ext_7b936f,,,,,
2026-09-12T15:56:24-05:00,PUR_IED_FaustinoS_Fisica_da2c60,PUR_IED_FaustinoS_Fisica_da2c60,,,,,
2026-09-12T15:56:24-05:00,PUR_IED_FeGarciaLo_Ext_dc68ee,PUR_IED_FeGarciaLo_Ext_dc68ee,,,,,
2026-09-12T15:56:24-05:00,PUR_IED_FeGarciaLo_SDanza_f70a59,PUR_IED_FeGarciaLo_SDanza_f70a59,,,,,
2026-09-12T15:56:24-05:00,PUR_IED_FeGarciaLo_SMusic_125cdd,PUR_IED_FeGarciaLo_SMusic_125cdd,,,,,
2026-09-12T15:56:24-05:00,PUR_IED_FederalAlema_Exte_50c345,PUR_IED_FederalAlema_Exte_50c345,,,,,
2026-09-12T15:56:24-05:00,PUR_IED_FederalAlema_S31_f18371,PUR_IED_FederalAlema_S31_f18371,,,,,
2026-09-12T15:56:24-05:00,PUR_IED_FederalAlema_S901_a62cd,PUR_IED_FederalAlema_S901_a62cd,,,,,
2026-09-12T15:56:24-05:00,PUR_IED_FilarmonicaS_A5_f35eb1,PUR_IED_FilarmonicaS_A5_f35eb1,,,,,
2026-09-12T15:56:24-05:00,PUR_IED_FilarmonicaS_Ext_8a3bde,PUR_IED_FilarmonicaS_Ext_8a3bde,,,,,
2026-09-12T15:56:24-05:00,PUR_IED_FilarmonicaS_Spol_406114,PUR_IED_FilarmonicaS_Spol_406114,,,,,
2026-09-12T15:56:24-05:00,PUR_IED_FlorentinoG_A13_d1fa59,PUR_IED_FlorentinoG_A13_d1fa59,,,,,
2026-09-12T15:56:24-05:00,PUR_IED_FlorentinoG_Ext_1ce6ce,PUR_IED_FlorentinoG_Ext_1ce6ce,,,,,
2026-09-12T15:56:24-05:00,PUR_IED_FlorentinoG_Idiom_a66aac,PUR_IED_FlorentinoG_Idiom_a66aac,,,,,
2026-09-12T15:56:24-05:00,PUR_IED_FranciscoMati_Ext_e3869d,PUR_IED_FranciscoMati_Ext_e3869d,,,,,
2026-09-12T15:56:24-05:00,PUR_IED_FranciscoMati_S13_f31c67,PUR_IED_FranciscoMati_S13_f31c67,,,,,
2026-09-12T15:56:24-05:00,PUR_IED_FranciscoMati_S14_97dead,PUR_IED_FranciscoMati_S14_97dead,,,,,
2026-09-12T15:56:24-05:00,PUR_IED_FranciscoPS_Ext_7bfa9a,PUR_IED_FranciscoPS_Ext_7bfa9a,2,22,54,4.5899,-74.110397
2026-09-12T15:56:24-05:00,PUR_IED_FranciscoPS_Infor_fb8f4c,PUR_IED_FranciscoPS_Infor_fb8f4c,,,,,
2026-09-12T15:56:24-05:00,PUR_IED_FranciscoPS_Quimi_94d39c,PUR_IED_FranciscoPS_Quimi_94d39c,,,,,
2026-09-12T15:56:24-05:00,PUR_IED_FranciscoP_LabQ_d7e148,PUR_IED_FranciscoP_LabQ_d7e148,,,,,
2026-09-12T15:56:24-05:00,PUR_IED_FranciscoP_S28_cf9b30,PUR_IED_FranciscoP_S28_cf9b30,,,,,
2026-09-12T15:56:24-05:00,PUR_IED_FranciscoP_ext_e2313,PUR_IED_FranciscoP_ext_e2313,,,,,
2026-09-12T15:56:24-05:00,PUR_IED_FriederichN_Ext_8ac92a,PUR_IED_FriederichN_Ext_8ac92a,,,,,
2026-09-12T15:56:24-05:00,PUR_IED_FriederichN_S301_dd7e5a,PUR_IED_FriederichN_S301_dd7e5a,,,,,
2026-09-12T15:56:24-05:00,PUR_IED_FriederichN_S308_761f4f,PUR_IED_FriederichN_S308_761f4f,,,,,
2026-09-12T15:56:24-05:00,PUR_IED_GSantander_Aula10_533dd7,PUR_IED_GSantander_Aula10_533dd7,,,,,
2026-09-12T15:56:24-05:00,PUR_IED_GSantander_Aula12_fd4e4f,PUR_IED_GSantander_Aula12_fd4e4f,,,,,
2026-09-12T15:56:24-05:00,PUR_IED_GSantander_Aula310_533dd7,PUR_IED_GSantander_Aula310_533dd7,,,,,
2026-09-12T15:56:24-05:00,PUR_IED_GSantander_Aula312_fd4e4f,PUR_IED_GSantander_Aula312_fd4e4f,,,,,
2026-09-12T15:56:24-05:00,PUR_IED_GSantander_Ext_5f66b0,PUR_IED_GSantander_Ext_5f66b0,,,,,
2026-09-12T15:56:24-05:00,PUR_IED_GYomasa_Ext_f6bea5,PUR_IED_GYomasa_Ext_f6bea5,,,,,
2026-09-12T15:56:24-05:00,PUR_IED_GYomasa_LBiol_2c41aa,PUR_IED_GYomasa_LBiol_2c41aa,,,,,
2026-09-12T15:56:24-05:00,PUR_IED_GYomasa_LQuim_33c80,PUR_IED_GYomasa_LQuim_33c80,,,,,
2026-09-12T15:56:24-05:00,PUR_IED_GabBetMejia_Cienc_5a99c,PUR_IED_GabBetMejia_Cienc_5a99c,,,,,
2026-09-12T15:56:24-05:00,PUR_IED_GabBetMejia_Ext_9153d0,PUR_IED_GabBetMejia_Ext_9153d0,,,,,
2026-09-12T15:56:24-05:00,PUR_IED_GabBetMejia_Lab_f55347,PUR_IED_GabBetMejia_Lab_f55347,,,,,
2026-09-12T15:56:24-05:00,PUR_IED_GabBetanMejia_Ext_9153d0,PUR_IED_GabBetanMejia_Ext_9153d0,,,,,
2026-09-12T15:56:24-05:00,PUR_IED_Gaitana_Aula13_7aac11,PUR_IED_Gaitana_Aula13_7aac11,,,,,
2026-09-12T15:56:24-05:00,PUR_IED_Gaitana_Ext_5fcf4,PUR_IED_Gaitana_Ext_5fcf4,,,,,
2026-09-12T15:56:24-05:00,PUR_IED_Gaitana_LabFisica_644448,PUR_IED_Gaitana_LabFisica_644448,,,,,
2026-09-12T15:56:24-05:00,PUR_IED_GenSantander_Dise_8ac858,PUR_IED_GenSantander_Dise_8ac858,,,,,
2026-09-12T15:56:24-05:00,PUR_IED_GenSantander_Ext_8d5dfe,PUR_IED_GenSantander_Ext_8d5dfe,,,,,
2026-09-12T15:56:24-05:00,PUR_IED_GenSantander_Info_6c25b,PUR_IED_GenSantander_Info_6c25b,,,,,
2026-09-12T15:56:24-05:00,PUR_IED_GustavoMo_Exterio_75e63d,PUR_IED_GustavoMo_Exterio_75e63d,,,,,
2026-09-12T15:56:24-05:00,PUR_IED_GustavoMo_LabFisi_224d37,PUR_IED_GustavoMo_LabFisi_224d37,,,,,
2026-09-12T15:56:24-05:00,PUR_IED_GustavoMo_S208_3e6918,PUR_IED_GustavoMo_S208_3e6918,,,,,
2026-09-12T15:56:24-05:00,PUR_IED_GustavoR_A02_8cd4a8,PUR_IED_GustavoR_A02_8cd4a8,,,,,
2026-09-12T15:56:24-05:00,PUR_IED_GustavoR_B11_5b0ed,PUR_IED_GustavoR_B11_5b0ed,,,,,
2026-09-12T15:56:24-05:00,PUR_IED_GustavoR_Ext_7a0c90,PUR_IED_GustavoR_Ext_7a0c90,,,,,
2026-09-12T15:56:24-05:00,PUR_IED_HernandoDuran_Ext_8cd82b,PUR_IED_HernandoDuran_Ext_8cd82b,,,,,
2026-09-12T15:56:24-05:00,PUR_IED_HernandoDuran_S24_2772c6,PUR_IED_HernandoDuran_S24_2772c6,,,,,
2026-09-12T15:56:24-05:00,PUR_IED_HernandoDuran_S30_f2de41,PUR_IED_HernandoDuran_S30_f2de41,,,,,
2026-09-12T15:56:24-05:00,PUR_IED_HolguInUr_S1101_8cd732,PUR_IED_HolguInUr_S1101_8cd732,,,,,
2026-09-12T15:56:24-05:00,PUR_IED_HolguinUr_Exter_ddae6d,PUR_IED_HolguinUr_Exter_ddae6d,,,,,
2026-09-12T15:56:24-05:00,PUR_IED_HolguinUr_LabQuim_92b952,PUR_IED_HolguinUr_LabQuim_92b952,,,,,
2026-09-12T15:56:24-05:00,PUR_IED_Isabel-II_Ext_5245cc,PUR_IED_Isabel-II_Ext_5245cc,2,20,55,4.6336,-74.153
2026-09-12T15:56:24-05:00,PUR_IED_Isabel-II_S_idiom_1c29aa,PUR_IED_Isabel-II_S_idiom_1c29aa,,,,,
2026-09-12T15:56:24-05:00,PUR_IED_Isabel-II_S_infor_fd741,PUR_IED_Isabel-II_S_infor_fd741,,,,,
2026-09-12T15:56:24-05:00,PUR_IED_IsidroSur_Exterio_5b90ea,PUR_IED_IsidroSur_Exterio_5b90ea,,,,,
2026-09-12T15:56:24-05:00,PUR_IED_IsidroSur_LabTec_56697a,PUR_IED_IsidroSur_LabTec_56697a,,,,,
2026-09-12T15:56:24-05:00,PUR_IED_IsidroSur_Robotic_b7c38f,PUR_IED_IsidroSur_Robotic_b7c38f,,,,,
2026-09-12T15:56:24-05:00,PUR_IED_IsmaelPerd_Ext_7b6672,PUR_IED_IsmaelPerd_Ext_7b6672,,,,,
2026-09-12T15:56:24-05:00,PUR_IED_IsmaelPerd_Inform_306540,PUR_IED_IsmaelPerd_Inform_306540,,,,,
2026-09-12T15:56:24-05:00,PUR_IED_IsmaelPerd_S30_2e2c83,PUR_IED_IsmaelPerd_S30_2e2c83,,,,,
2026-09-12T15:56:24-05:00,PUR_IED_JLozano_Exter_432910,PUR_IED_JLozano_Exter_432910,,,,,
2026-09-12T15:56:24-05:00,PUR_IED_JLozano_salaMulti_df5125,PUR_IED_JLozano_salaMulti_df5125,,,,,
2026-09-12T15:56:24-05:00,PUR_IED_JMCordoba_206_86f80b,PUR_IED_JMCordoba_206_86f80b,,,,,
2026-09-12T15:56:24-05:00,PUR_IED_JMCordoba_Ext_27ad97,PUR_IED_JMCordoba_Ext_27ad97,,,,,
2026-09-12T15:56:24-05:00,PUR_IED_JMCordoba_S310_d59ab4,PUR_IED_JMCordoba_S310_d59ab4,,,,,
2026-09-12T15:56:24-05:00,PUR_IED_Japon_Ext_549100,PUR_IED_Japon_Ext_549100,,,,,
2026-09-12T15:56:24-05:00,PUR_IED_Japon_Laboratorio_bec51d,PUR_IED_Japon_Laboratorio_bec51d,,,,,
2026-09-12T15:56:24-05:00,PUR_IED_Japon_informatica_d99327,PUR_IED_Japon_informatica_d99327,,,,,
2026-09-12T15:56:24-05:00,PUR_IED_Jazmin_Ext_d27bda,PUR_IED_Jazmin_Ext_d27bda,,,,,
2026-09-12T15:56:24-05:00,PUR_IED_Jazmin_Fisica_8d14d7,PUR_IED_Jazmin_Fisica_8d14d7,,,,,
2026-09-12T15:56:24-05:00,PUR_IED_Jazmin_Quimica_801cb5,PUR_IED_Jazmin_Quimica_801cb5,,,,,
2026-09-12T15:56:24-05:00,PUR_IED_JorgeGaitan_Exter_f098d1,PUR_IED_JorgeGaitan_Exter_f098d1,,,,,
2026-09-12T15:56:24-05:00,PUR_IED_JorgeGaitan_STec1_dc9d1d,PUR_IED_JorgeGaitan_STec1_dc9d1d,,,,,
2026-09-12T15:56:24-05:00,PUR_IED_JorgeGaitan_STec2_281e69,PUR_IED_JorgeGaitan_STec2_281e69,,,,,
2026-09-12T15:56:24-05:00,PUR_IED_JorgeSoto_Exterio_d9d0a2,PUR_IED_JorgeSoto_Exterio_d9d0a2,,,,,
2026-09-12T15:56:24-05:00,PUR_IED_JorgeSoto_LabFisi_209c54,PUR_IED_JorgeSoto_LabFisi_209c54,,,,,
2026-09-12T15:56:24-05:00,PUR_IED_JorgeSoto_S103_27b51a,PUR_IED_JorgeSoto_S103_27b51a,,,,,
2026-09-12T15:56:24-05:00,PUR_IED_JoseAcevedo_A02_e965eb,PUR_IED_JoseAcevedo_A02_e965eb,,,,,
2026-09-12T15:56:24-05:00,PUR_IED_JoseAcevedo_A07_dd5b4,PUR_IED_JoseAcevedo_A07_dd5b4,,,,,
2026-09-12T15:56:24-05:00,PUR_IED_JoseAcevedo_Ext_b47484,PUR_IED_JoseAcevedo_Ext_b47484,,,,,
2026-09-12T15:56:24-05:00,PUR_IED_JoseMarti_Exte_5b9bf,PUR_IED_JoseMarti_Exte_5b9bf,,,,,
2026-09-12T15:56:24-05:00,PUR_IED_JoseMarti_LabQuim_1c6c2d,PUR_IED_JoseMarti_LabQuim_1c6c2d,,,,,
2026-09-12T15:56:24-05:00,PUR_IED_JoseMarti_S_info_f5f177,PUR_IED_JoseMarti_S_info_f5f177,,,,,
2026-09-12T15:56:24-05:00,PUR_IED_Josejoaquin_Ext_dfc5dc,PUR_IED_Josejoaquin_Ext_dfc5dc,,,,,
2026-09-12T15:56:24-05:00,PUR_IED_Josejoaquin_S05_5b2a96,PUR_IED_Josejoaquin_S05_5b2a96,,,,,
2026-09-12T15:56:24-05:00,PUR_IED_Josejoaquin_S06_1ce7d2,PUR_IED_Josejoaquin_S06_1ce7d2,,,,,
2026-09-12T15:56:24-05:00,PUR_IED_JulioFlorez_Danza_9b82dd,PUR_IED_JulioFlorez_Danza_9b82dd,,,,,
2026-09-12T15:56:24-05:00,PUR_IED_JulioFlorez_Exter_f9f314,PUR_IED_JulioFlorez_Exter_f9f314,,,,,
2026-09-12T15:56:24-05:00,PUR_IED_JulioFlorez_info2_6b6e08,PUR_IED_JulioFlorez_info2_6b6e08,,,,,
2026-09-12T15:56:24-05:00,PUR_IED_LaBelleza_Aula13_1d00d8,PUR_IED_LaBelleza_Aula13_1d00d8,,,,,
2026-09-12T15:56:24-05:00,PUR_IED_LaBelleza_Ext_7bc08c,PUR_IED_LaBelleza_Ext_7bc08c,,,,,
2026-09-12T15:56:24-05:00,PUR_IED_LaChucua_Ext_8cd6d2,PUR_IED_LaChucua_Ext_8cd6d2,,,,,
2026-09-12T15:56:24-05:00,PUR_IED_LaChucua_S15_f578ce,PUR_IED_LaChucua_S15_f578ce,,,,,
2026-09-12T15:56:24-05:00,PUR_IED_LaChucua_S16_eebcf9,PUR_IED_LaChucua_S16_eebcf9,,,,,
2026-09-12T15:56:24-05:00,PUR_IED_LaFelicidad_Ext_fb5109,PUR_IED_LaFelicidad_Ext_fb5109,,,,,
2026-09-12T15:56:24-05:00,PUR_IED_LaMerced_206_66ebd,PUR_IED_LaMerced_206_66ebd,,,,,
2026-09-12T15:56:24-05:00,PUR_IED_LaMerced_207_6ebd6,PUR_IED_LaMerced_207_6ebd6,,,,,
2026-09-12T15:56:24-05:00,PUR_IED_LaMerced_ext_304311,PUR_IED_LaMerced_ext_304311,,,,,
2026-09-12T15:56:24-05:00,PUR_IED_Laureano_CiencNat_281e5e,PUR_IED_Laureano_CiencNat_281e5e,,,,,
2026-09-12T15:56:24-05:00,PUR_IED_Laureano_Comedor_f65c0a,PUR_IED_Laureano_Comedor_f65c0a,,,,,
2026-09-12T15:56:24-05:00,PUR_IED_Laureano_Exterior_7ab011,PUR_IED_Laureano_Exterior_7ab011,,,,,
2026-09-12T15:56:24-05:00,PUR_IED_LeonGreiff_Exte_dfe560,PUR_IED_LeonGreiff_Exte_dfe560,,,,,
2026-09-12T15:56:24-05:00,PUR_IED_LeonGreiff_S210_f264ed,PUR_IED_LeonGreiff_S210_f264ed,,,,,
2026-09-12T15:56:24-05:00,PUR_IED_LeonGreiff_SQuimi_e8296f,PUR_IED_LeonGreiff_SQuimi_e8296f,,,,,
2026-09-12T15:56:24-05:00,PUR_IED_LlanoOrientalS208_7b9fcd,PUR_IED_LlanoOrientalS208_7b9fcd,,,,,
2026-09-12T15:56:24-05:00,PUR_IED_LlanoOriental_Ext_fb3766,PUR_IED_LlanoOriental_Ext_fb3766,,,,,
2026-09-12T15:56:24-05:00,PUR_IED_LlanoOriental_S208_7b9fcd,PUR_IED_LlanoOriental_S208_7b9fcd,,,,,
2026-09-12T15:56:24-05:00,PUR_IED_LlanoOriental_S9_27b378,PUR_IED_LlanoOriental_S9_27b378,,,,,
2026-09-12T15:56:24-05:00,PUR_IED_LosTejares_1101_477602,PUR_IED_LosTejares_1101_477602,,,,,
2026-09-12T15:56:24-05:00,PUR_IED_LosTejares_11_d2c595,PUR_IED_LosTejares_11_d2c595,,,,,
2026-09-12T15:56:24-05:00,PUR_IED_LosTejares_12_477602,PUR_IED_LosTejares_12_477602,,,,,
2026-09-12T15:56:24-05:00,PUR_IED_LosTejares_Ext_8e2115,PUR_IED_LosTejares_Ext_8e2115,,,,,
2026-09-12T15:56:24-05:00,PUR_IED_MagdalenaO_B202_5ddda3,PUR_IED_MagdalenaO_B202_5ddda3,,,,,
2026-09-12T15:56:24-05:00,PUR_IED_MagdalenaO_B205_fb76e8,PUR_IED_MagdalenaO_B205_fb76e8,,,,,
2026-09-12T15:56:24-05:00,PUR_IED_MagdalenaO_ext_dc69cd,PUR_IED_MagdalenaO_ext_dc69cd,,,,,
2026-09-12T15:56:24-05:00,PUR_IED_ManueCepeda_artes_eee956,PUR_IED_ManueCepeda_artes_eee956,,,,,
2026-09-12T15:56:24-05:00,PUR_IED_ManuelCepeda_Ext_58313,PUR_IED_ManuelCepeda_Ext_58313,,,,,
2026-09-12T15:56:24-05:00,PUR_IED_ManuelCepeda_tec_1c5731,PUR_IED_ManuelCepeda_tec_1c5731,,,,,
2026-09-12T15:56:24-05:00,PUR_IED_ManuelS_Exterior_5b269,PUR_IED_ManuelS_Exterior_5b269,,,,,
2026-09-12T15:56:24-05:00,PUR_IED_ManuelS_Inform_f369ce,PUR_IED_ManuelS_Inform_f369ce,,,,,
2026-09-12T15:56:24-05:00,PUR_IED_ManuelS_SArtes_7d15f1,PUR_IED_ManuelS_SArtes_7d15f1,,,,,
2026-09-12T15:56:24-05:00,PUR_IED_ManuelZapata_303_3ca6,PUR_IED_ManuelZapata_303_3ca6,,,,,
2026-09-12T15:56:24-05:00,PUR_IED_ManuelZapata_311_bfbabc,PUR_IED_ManuelZapata_311_bfbabc,,,,,
2026-09-12T15:56:24-05:00,PUR_IED_ManuelZapata_Ext_50824a,PUR_IED_ManuelZapata_Ext_50824a,,,,,
2026-09-12T15:56:24-05:00,PUR_IED_ManuelitaS_Exteri_656a92,PUR_IED_ManuelitaS_Exteri_656a92,,,,,
2026-09-12T15:56:24-05:00,PUR_IED_ManuelitaS_JuzgDe_f58ec3,PUR_IED_ManuelitaS_JuzgDe_f58ec3,,,,,
2026-09-12T15:56:24-05:00,PUR_IED_ManuelitaS_Recrea_d793db,PUR_IED_ManuelitaS_Recrea_d793db,,,,,
2026-09-12T15:56:24-05:00,PUR_IED_MarFidSuarez_Ext_c27b19,PUR_IED_MarFidSuarez_Ext_c27b19,,,,,
2026-09-12T15:56:24-05:00,PUR_IED_MarFidSuarez_Info_e384d7,PUR_IED_MarFidSuarez_Info_e384d7,,,,,
2026-09-12T15:56:24-05:00,PUR_IED_MarFidSuarez_S306_1d0032,PUR_IED_MarFidSuarez_S306_1d0032,,,,,
2026-09-12T15:56:24-05:00,PUR_IED_Menorah_301_2a25a3,PUR_IED_Menorah_301_2a25a3,,,,,
2026-09-12T15:56:24-05:00,PUR_IED_Menorah_306_37ed3,PUR_IED_Menorah_306_37ed3,,,,,
2026-09-12T15:56:24-05:00,PUR_IED_Menorah_Ext_3e155b,PUR_IED_Menorah_Ext_3e155b,,,,,
2026-09-12T15:56:24-05:00,PUR_IED_MinutoB.Aires_A11_1b1604,PUR_IED_MinutoB.Aires_A11_1b1604,,,,,
2026-09-12T15:56:24-05:00,PUR_IED_MinutoB.Aires_A12_fb5860,PUR_IED_MinutoB.Aires_A12_fb5860,,,,,
2026-09-12T15:56:24-05:00,PUR_IED_MinutoB.Aires_Ext_81293f,PUR_IED_MinutoB.Aires_Ext_81293f,,,,,
2026-09-12T15:56:24-05:00,PUR_IED_MinutoBAires_A11_1b1604,PUR_IED_MinutoBAires_A11_1b1604,,,,,
2026-09-12T15:56:24-05:00,PUR_IED_MinutoBAires_A12_fb5860,PUR_IED_MinutoBAires_A12_fb5860,,,,,
2026-09-12T15:56:24-05:00,PUR_IED_MinutoBAires_Ext_81293f,PUR_IED_MinutoBAires_Ext_81293f,,,,,
2026-09-12T15:56:24-05:00,PUR_IED_Montreal_Aula10_1e4959,PUR_IED_Montreal_Aula10_1e4959,,,,,
2026-09-12T15:56:24-05:00,PUR_IED_Montreal_Aula6_300367,PUR_IED_Montreal_Aula6_300367,,,,,
2026-09-12T15:56:24-05:00,PUR_IED_Montreal_Exterior_91a179,PUR_IED_Montreal_Exterior_91a179,,,,,
2026-09-12T15:56:24-05:00,PUR_IED_Mqgdalena_B202_5ddda3,PUR_IED_Mqgdalena_B202_5ddda3,,,,,
2026-09-12T15:56:24-05:00,PUR_IED_NACUND_Soc_dc8728,PUR_IED_NACUND_Soc_dc8728,,,,,
2026-09-12T15:56:24-05:00,PUR_IED_NACUND_ext_27ad97,PUR_IED_NACUND_ext_27ad97,,,,,
2026-09-12T15:56:24-05:00,PUR_IED_NEsperanza_Ext_d24b61,PUR_IED_NEsperanza_Ext_d24b61,,,,,
2026-09-12T15:56:24-05:00,PUR_IED_NEsperanza_SElect_7d1807,PUR_IED_NEsperanza_SElect_7d1807,,,,,
2026-09-12T15:56:24-05:00,PUR_IED_NEsperanza_SLabor_8b2d0a,PUR_IED_NEsperanza_SLabor_8b2d0a,,,,,
2026-09-12T15:56:24-05:00,PUR_IED_NacionesU_Ext_f661a9,PUR_IED_NacionesU_Ext_f661a9,,,,,
2026-09-12T15:56:24-05:00,PUR_IED_NacionesU_Quimica_66f0a,PUR_IED_NacionesU_Quimica_66f0a,,,,,
2026-09-12T15:56:24-05:00,PUR_IED_NacionesU_S306_1b4b3d,PUR_IED_NacionesU_S306_1b4b3d,,,,,
2026-09-12T15:56:24-05:00,PUR_IED_NestorFA_Ext_e4201c,PUR_IED_NestorFA_Ext_e4201c,,,,,
2026-09-12T15:56:24-05:00,PUR_IED_NestorFA_Laborato_f22fe0,PUR_IED_NestorFA_Laborato_f22fe0,,,,,
2026-09-12T15:56:24-05:00,PUR_IED_NestorFA_S204_dee996,PUR_IED_NestorFA_S204_dee996,,,,,
2026-09-12T15:56:24-05:00,PUR_IED_NidyaQT_Aula03_76999b,PUR_IED_NidyaQT_Aula03_76999b,,,,,
2026-09-12T15:56:24-05:00,PUR_IED_NidyaQT_Aula10_56325,PUR_IED_NidyaQT_Aula10_56325,,,,,
2026-09-12T15:56:24-05:00,PUR_IED_NidyaQT_Ext_46e32d,PUR_IED_NidyaQT_Ext_46e32d,,,,,
2026-09-12T15:56:24-05:00,PUR_IED_NuevaCol_Exterior_d9b859,PUR_IED_NuevaCol_Exterior_d9b859,,,,,
2026-09-12T15:56:24-05:00,PUR_IED_NuevaCol_S1101_76c43b,PUR_IED_NuevaCol_S1101_76c43b,,,,,
2026-09-12T15:56:24-05:00,PUR_IED_NuevaCol_S1102_1ce0b5,PUR_IED_NuevaCol_S1102_1ce0b5,,,,,
2026-09-12T15:56:24-05:00,PUR_IED_OEA_A202_f7e3f2,PUR_IED_OEA_A202_f7e3f2,,,,,
2026-09-12T15:56:24-05:00,PUR_IED_OEA_A203_7d1b8d,PUR_IED_OEA_A203_7d1b8d,,,,,
2026-09-12T15:56:24-05:00,PUR_IED_OEA_Ext_27b593,PUR_IED_OEA_Ext_27b593,,,,,
2026-09-12T15:56:24-05:00,PUR_IED_Ochoa_Ext_1c29da,PUR_IED_Ochoa_Ext_1c29da,,,,,
2026-09-12T15:56:24-05:00,PUR_IED_Ochoa_S205_8b1121,PUR_IED_Ochoa_S205_8b1121,,,,,
2026-09-12T15:56:24-05:00,PUR_IED_Ochoa_Sistemas_f33af6,PUR_IED_Ochoa_Sistemas_f33af6,,,,,
2026-09-12T15:56:24-05:00,PUR_IED_PQuebec_Ext_1c67c7,PUR_IED_PQuebec_Ext_1c67c7,,,,,
2026-09-12T15:56:24-05:00,PUR_IED_PQuebec_S15_23e8e2,PUR_IED_PQuebec_S15_23e8e2,,,,,
2026-09-12T15:56:24-05:00,PUR_IED_PQuebec_S16_8ec76b,PUR_IED_PQuebec_S16_8ec76b,,,,,
2026-09-12T15:56:24-05:00,PUR_IED_PabloN_Ext_49dc96,PUR_IED_PabloN_Ext_49dc96,,,,,
2026-09-12T15:56:24-05:00,PUR_IED_PabloN_S1102_4e3df5,PUR_IED_PabloN_S1102_4e3df5,,,,,
2026-09-12T15:56:24-05:00,PUR_IED_PabloN_S1103_50c94b,PUR_IED_PabloN_S1103_50c94b,,,,,
2026-09-12T15:56:24-05:00,PUR_IED_Palestina_S1101_db9198,PUR_IED_Palestina_S1101_db9198,,,,,
2026-09-12T15:56:24-05:00,PUR_IED_Palestina_S1102_dc54fa,PUR_IED_Palestina_S1102_dc54fa,,,,,
2026-09-12T15:56:24-05:00,PUR_IED_Palestina_ext_4ccce6,PUR_IED_Palestina_ext_4ccce6,,,,,
2026-09-12T15:56:24-05:00,PUR_IED_Panama_Fisica_4d0794,PUR_IED_Panama_Fisica_4d0794,,,,,
2026-09-12T15:56:24-05:00,PUR_IED_Panama_SIngles_a4077e,PUR_IED_Panama_SIngles_a4077e,,,,,
2026-09-12T15:56:24-05:00,PUR_IED_Panama_ext_4c54b4,PUR_IED_Panama_ext_4c54b4,,,,,
2026-09-12T15:56:24-05:00,PUR_IED_ParaisoM_Exterior_8cd7f0,PUR_IED_ParaisoM_Exterior_8cd7f0,,,,,
2026-09-12T15:56:24-05:00,PUR_IED_ParaisoM_Laborato_27af35,PUR_IED_ParaisoM_Laborato_27af35,,,,,
2026-09-12T15:56:24-05:00,PUR_IED_ParaisoM_S304_d1edca,PUR_IED_ParaisoM_S304_d1edca,,,,,
2026-09-12T15:56:24-05:00,PUR_IED_PorfirioBarba_Ext_301466,PUR_IED_PorfirioBarba_Ext_301466,,,,,
2026-09-12T15:56:24-05:00,PUR_IED_PorfirioBarba_S11_df6cd2,PUR_IED_PorfirioBarba_S11_df6cd2,,,,,
2026-09-12T15:56:24-05:00,PUR_IED_PorfirioBarba_S29_27a7d6,PUR_IED_PorfirioBarba_S29_27a7d6,,,,,
2026-09-12T15:56:24-05:00,PUR_IED_PradoV_Exter_8b27ad,PUR_IED_PradoV_Exter_8b27ad,,,,,
2026-09-12T15:56:24-05:00,PUR_IED_PradoV_S301_de65b5,PUR_IED_PradoV_S301_de65b5,,,,,
2026-09-12T15:56:24-05:00,PUR_IED_PradoV_S302_7d2593,PUR_IED_PradoV_S302_7d2593,,,,,
2026-09-12T15:56:24-05:00,PUR_IED_QuirogaAlz_Ext_1ddc82,PUR_IED_QuirogaAlz_Ext_1ddc82,,,,,
2026-09-12T15:56:24-05:00,PUR_IED_QuirogaAlz_S302_9926a3,PUR_IED_QuirogaAlz_S302_9926a3,,,,,
2026-09-12T15:56:24-05:00,PUR_IED_QuirogaAlz_S305_cdf1f1,PUR_IED_QuirogaAlz_S305_cdf1f1,,,,,
2026-09-12T15:56:24-05:00,PUR_IED_RGuatemala_Biling_dc53b7,PUR_IED_RGuatemala_Biling_dc53b7,,,,,
2026-09-12T15:56:24-05:00,PUR_IED_RGuatemala_Ext_1b89a3,PUR_IED_RGuatemala_Ext_1b89a3,,,,,
2026-09-12T15:56:24-05:00,PUR_IED_RGuatemala_Tecnol_281a34,PUR_IED_RGuatemala_Tecnol_281a34,,,,,
2026-09-12T15:56:24-05:00,PUR_IED_RafaNu_Ext_f7c302,PUR_IED_RafaNu_Ext_f7c302,,,,,
2026-09-12T15:56:24-05:00,PUR_IED_RafaNu_S1101_25fde,PUR_IED_RafaNu_S1101_25fde,,,,,
2026-09-12T15:56:24-05:00,PUR_IED_RafaNu_S1102_281517,PUR_IED_RafaNu_S1102_281517,,,,,
2026-09-12T15:56:24-05:00,PUR_IED_RafaelB_S305_ee2783,PUR_IED_RafaelB_S305_ee2783,,,,,
2026-09-12T15:56:24-05:00,PUR_IED_RafaelB_S306_75fe33,PUR_IED_RafaelB_S306_75fe33,,,,,
2026-09-12T15:56:24-05:00,PUR_IED_RafaelB_ext_283336,PUR_IED_RafaelB_ext_283336,2,20,55,4.6722,-74.0737
2026-09-12T15:56:24-05:00,PUR_IED_RafaelUU_Exterior_281a51,PUR_IED_RafaelUU_Exterior_281a51,,,,,
2026-09-12T15:56:24-05:00,PUR_IED_RafaelUU_Human_806b2,PUR_IED_RafaelUU_Human_806b2,,,,,
2026-09-12T15:56:24-05:00,PUR_IED_RafaelUU_Mate2_5680d4,PUR_IED_RafaelUU_Mate2_5680d4,,,,,
2026-09-12T15:56:24-05:00,PUR_IED_RamonSub_Ext_f9eeb9,PUR_IED_RamonSub_Ext_f9eeb9,,,,,
2026-09-12T15:56:24-05:00,PUR_IED_RamonSub_Media_d1f62f,PUR_IED_RamonSub_Media_d1f62f,,,,,
2026-09-12T15:56:24-05:00,PUR_IED_RamonSub_planta_51b82,PUR_IED_RamonSub_planta_51b82,,,,,
2026-09-12T15:56:24-05:00,PUR_IED_RepBoliVene_Exter_27af7c,PUR_IED_RepBoliVene_Exter_27af7c,,,,,
2026-09-12T15:56:24-05:00,PUR_IED_RepBoliVene_SCPT_5ae2ee,PUR_IED_RepBoliVene_SCPT_5ae2ee,,,,,
2026-09-12T15:56:24-05:00,PUR_IED_RepBoliVene_Socia_4b11d5,PUR_IED_RepBoliVene_Socia_4b11d5,,,,,
2026-09-12T15:56:24-05:00,PUR_IED_RepChina_Ext_76d9ee,PUR_IED_RepChina_Ext_76d9ee,,,,,
2026-09-12T15:56:24-05:00,PUR_IED_RepChina_S404_7c804c,PUR_IED_RepChina_S404_7c804c,,,,,
2026-09-12T15:56:24-05:00,PUR_IED_RepChina_S405_df2c33,PUR_IED_RepChina_S405_df2c33,,,,,
2026-09-12T15:56:24-05:00,PUR_IED_RepublicaC_Exteri_7d1ec9,PUR_IED_RepublicaC_Exteri_7d1ec9,,,,,
2026-09-12T15:56:24-05:00,PUR_IED_RepublicaC_S1101_f544b3,PUR_IED_RepublicaC_S1101_f544b3,,,,,
2026-09-12T15:56:24-05:00,PUR_IED_RepublicaC_S1102_7aafc7,PUR_IED_RepublicaC_S1102_7aafc7,,,,,
2026-09-12T15:56:24-05:00,PUR_IED_Ricaurte_Externo_a0ea1,PUR_IED_Ricaurte_Externo_a0ea1,,,,,
2026-09-12T15:56:24-05:00,PUR_IED_Ricaurte_S210_f546fd,PUR_IED_Ricaurte_S210_f546fd,,,,,
2026-09-12T15:56:24-05:00,PUR_IED_Ricaurte_S309_d4452,PUR_IED_Ricaurte_S309_d4452,,,,,
2026-09-12T15:56:24-05:00,PUR_IED_RogelioS_1102_531e69,PUR_IED_RogelioS_1102_531e69,,,,,
2026-09-12T15:56:24-05:00,PUR_IED_RogelioS_Ext_f25a18,PUR_IED_RogelioS_Ext_f25a18,,,,,
2026-09-12T15:56:24-05:00,PUR_IED_SBernardino_Ext_27aff8,PUR_IED_SBernardino_Ext_27aff8,,,,,
2026-09-12T15:56:24-05:00,PUR_IED_SBernardino_SArte_2ffd33,PUR_IED_SBernardino_SArte_2ffd33,,,,,
2026-09-12T15:56:24-05:00,PUR_IED_SBernardino_SIngl_7c7da5,PUR_IED_SBernardino_SIngl_7c7da5,,,,,
2026-09-12T15:56:24-05:00,PUR_IED_Sago_auditorio_dc9d1d,PUR_IED_Sago_auditorio_dc9d1d,,,,,
2026-09-12T15:56:24-05:00,PUR_IED_Saludcoop_Ext_95aac3,PUR_IED_Saludcoop_Ext_95aac3,,,,,
2026-09-12T15:56:24-05:00,PUR_IED_Saludcoop_InfI_90c854,PUR_IED_Saludcoop_InfI_90c854,,,,,
2026-09-12T15:56:24-05:00,PUR_IED_Saludcoop_SMedia_1b93be,PUR_IED_Saludcoop_SMedia_1b93be,,,,,
2026-09-12T15:56:24-05:00,PUR_IED_SanCarlos_1101_1a2360,PUR_IED_SanCarlos_1101_1a2360,,,,,
2026-09-12T15:56:24-05:00,PUR_IED_SanCarlos_1103_7bafb5,PUR_IED_SanCarlos_1103_7bafb5,,,,,
2026-09-12T15:56:24-05:00,PUR_IED_SanCarlos_Ext_b7cd1,PUR_IED_SanCarlos_Ext_b7cd1,,,,,
2026-09-12T15:56:24-05:00,PUR_IED_SanIgnacioBosa11a_50c26e,PUR_IED_SanIgnacioBosa11a_50c26e,,,,,
2026-09-12T15:56:24-05:00,PUR_IED_SanIgnacioBosa11b_371de8,PUR_IED_SanIgnacioBosa11b_371de8,,,,,
2026-09-12T15:56:24-05:00,PUR_IED_SanIgnacioBosaExt_ef0ffc,PUR_IED_SanIgnacioBosaExt_ef0ffc,,,,,
2026-09-12T15:56:24-05:00,PUR_IED_SanIgnacioBosa_11a_50c26e,PUR_IED_SanIgnacioBosa_11a_50c26e,,,,,
2026-09-12T15:56:24-05:00,PUR_IED_SanIgnacioBosa_Ext_ef0ffc,PUR_IED_SanIgnacioBosa_Ext_ef0ffc,,,,,
2026-09-12T15:56:24-05:00,PUR_IED_SanJoseN_intS1101_31c47f,PUR_IED_SanJoseN_intS1101_31c47f,,,,,
2026-09-12T15:56:24-05:00,PUR_IED_SanJoseUsm_Exter_f5d7e8,PUR_IED_SanJoseUsm_Exter_f5d7e8,,,,,
2026-09-12T15:56:24-05:00,PUR_IED_SanJoseUsm_Int11A_cfdef6,PUR_IED_SanJoseUsm_Int11A_cfdef6,,,,,
2026-09-12T15:56:24-05:00,PUR_IED_SilveriaR_IntB5_905349,PUR_IED_SilveriaR_IntB5_905349,,,,,
2026-09-12T15:56:24-05:00,PUR_IED_SilveriaR_IntSD14_981f93,PUR_IED_SilveriaR_IntSD14_981f93,,,,,
2026-09-12T15:56:24-05:00,PUR_IED_SilveriaR_ext_2b651d,PUR_IED_SilveriaR_ext_2b651d,,,,,
2026-09-12T15:56:24-05:00,PUR_IED_SimonB_Exterior_913975,PUR_IED_SimonB_Exterior_913975,,,,,
2026-09-12T15:56:24-05:00,PUR_IED_SimonB_LabQuimi_c56908,PUR_IED_SimonB_LabQuimi_c56908,,,,,
2026-09-12T15:56:24-05:00,PUR_IED_SimonB_informatic_a28c1,PUR_IED_SimonB_informatic_a28c1,,,,,
2026-09-12T15:56:24-05:00,PUR_IED_Sorrento_1102_315f50,PUR_IED_Sorrento_1102_315f50,,,,,
2026-09-12T15:56:24-05:00,PUR_IED_Sorrento_Minte_214eab,PUR_IED_Sorrento_Minte_214eab,,,,,
2026-09-12T15:56:24-05:00,PUR_IED_Sorrento_ext_7c3a0a,PUR_IED_Sorrento_ext_7c3a0a,,,,,
2026-09-12T15:56:24-05:00,PUR_IED_Tabora_Ext_f048ae,PUR_IED_Tabora_Ext_f048ae,,,,,
2026-09-12T15:56:24-05:00,PUR_IED_Tabora_S1102_b07752,PUR_IED_Tabora_S1102_b07752,,,,,
2026-09-12T15:56:24-05:00,PUR_IED_Tabora_S1103_d988f5,PUR_IED_Tabora_S1103_d988f5,,,,,
2026-09-12T15:56:24-05:00,PUR_IED_Tenerife_Ext_1ab188,PUR_IED_Tenerife_Ext_1ab188,,,,,
2026-09-12T15:56:24-05:00,PUR_IED_Tenerife_SDanzas_7bc02e,PUR_IED_Tenerife_SDanzas_7bc02e,,,,,
2026-09-12T15:56:24-05:00,PUR_IED_Tenerife_SIngles_7cc277,PUR_IED_Tenerife_SIngles_7cc277,,,,,
2026-09-12T15:56:24-05:00,PUR_IED_Tibabuyes_Exter_f2683d,PUR_IED_Tibabuyes_Exter_f2683d,,,,,
2026-09-12T15:56:24-05:00,PUR_IED_Tibabuyes_S10_dc87a8,PUR_IED_Tibabuyes_S10_dc87a8,,,,,
2026-09-12T15:56:24-05:00,PUR_IED_Tibabuyes_S15_dc0526,PUR_IED_Tibabuyes_S15_dc0526,,,,,
2026-09-12T15:56:24-05:00,PUR_IED_UnionE_S301_a1043,PUR_IED_UnionE_S301_a1043,,,,,
2026-09-12T15:56:24-05:00,PUR_IED_UnionE_S307_ff6c2f,PUR_IED_UnionE_S307_ff6c2f,,,,,
2026-09-12T15:56:24-05:00,PUR_IED_UnionE__Ext_5e2468,PUR_IED_UnionE__Ext_5e2468,,,,,
2026-09-12T15:56:24-05:00,PUR_IED_VillaRica_Ext_75be7c,PUR_IED_VillaRica_Ext_75be7c,,,,,
2026-09-12T15:56:24-05:00,PUR_IED_VillaRica_S4_cc5dcd,PUR_IED_VillaRica_S4_cc5dcd,,,,,
2026-09-12T15:56:24-05:00,PUR_IED_VillaRica_Sesp_99f5c,PUR_IED_VillaRica_Sesp_99f5c,,,,,
2026-09-12T16:01:17-05:00,PUR_IED_20deJulio_1101_91b1b9,PUR_IED_20deJulio_1101_91b1b9,,,,,
2026-09-12T16:01:17-05:00,PUR_IED_20deJulio_1102_1cfcf9,PUR_IED_20deJulio_1102_1cfcf9,,,,,
2026-09-12T16:01:17-05:00,PUR_IED_20deJulio_Ext_ab60bd,PUR_IED_20deJulio_Ext_ab60bd,,,,,
2026-09-12T16:01:17-05:00,PUR_IED_AgustinFer_Ext_7b9b77,PUR_IED_AgustinFer_Ext_7b9b77,,,,,
2026-09-12T16:01:17-05:00,PUR_IED_AgustinFer_Info2_27b3a7,PUR_IED_AgustinFer_Info2_27b3a7,,,,,
2026-09-12T16:01:17-05:00,PUR_IED_AgustinFer_Sena_54b4eb,PUR_IED_AgustinFer_Sena_54b4eb,,,,,
2026-09-12T16:01:17-05:00,PUR_IED_AlexanderF_1102_caf07b,PUR_IED_AlexanderF_1102_caf07b,,,,,
2026-09-12T16:01:17-05:00,PUR_IED_AlexanderF_1103_c79e71,PUR_IED_AlexanderF_1103_c79e71,,,,,
2026-09-12T16:01:17-05:00,PUR_IED_AlexanderF_Ext_c5b18b,PUR_IED_AlexanderF_Ext_c5b18b,,,,,
2026-09-12T16:01:17-05:00,PUR_IED_AlfonsoLopez_Ext_281d77,PUR_IED_AlfonsoLopez_Ext_281d77,,,,,
2026-09-12T16:01:17-05:00,PUR_IED_AlfonsoLopez_LabF_888ce0,PUR_IED_AlfonsoLopez_LabF_888ce0,,,,,
2026-09-12T16:01:17-05:00,PUR_IED_AlfonsoLopez_SMed_df6a7f,PUR_IED_AlfonsoLopez_SMed_df6a7f,,,,,
2026-09-12T16:01:17-05:00,PUR_IED_AltamiraSO_A2_209f92,PUR_IED_AltamiraSO_A2_209f92,,,,,
2026-09-12T16:01:17-05:00,PUR_IED_AltamiraSO_Ext_186d66,PUR_IED_AltamiraSO_Ext_186d66,,,,,
2026-09-12T16:01:17-05:00,PUR_IED_AltamiraSO_Sistem_27afe1,PUR_IED_AltamiraSO_Sistem_27afe1,,,,,
2026-09-12T16:01:17-05:00,PUR_IED_AlvaroGom_LabQuim_813179,PUR_IED_AlvaroGom_LabQuim_813179,,,,,
2026-09-12T16:01:17-05:00,PUR_IED_AlvaroGomez_Ext_47c7ca,PUR_IED_AlvaroGomez_Ext_47c7ca,,,,,
2026-09-12T16:01:17-05:00,PUR_IED_AlvaroGomez_LabQuim_813179,PUR_IED_AlvaroGomez_LabQuim_813179,,,,,
2026-09-12T16:01:17-05:00,PUR_IED_AlvaroGomez_S23_7ba89f,PUR_IED_AlvaroGomez_S23_7ba89f,,,,,
2026-09-12T16:01:17-05:00,PUR_IED_Amistad_306_dc8728,PUR_IED_Amistad_306_dc8728,,,,,
2026-09-12T16:01:17-05:00,PUR_IED_Amistad_Ext_8cd55e,PUR_IED_Amistad_Ext_8cd55e,,,,,
2026-09-12T16:01:17-05:00,PUR_IED_Amistad_S202_a41169,PUR_IED_Amistad_S202_a41169,,,,,
2026-09-12T16:01:17-05:00,PUR_IED_AndresBello_Bio_fd5f5e,PUR_IED_AndresBello_Bio_fd5f5e,,,,,
2026-09-12T16:01:17-05:00,PUR_IED_AndresBello_ext_dcad65,PUR_IED_AndresBello_ext_dcad65,,,,,
2026-09-12T16:01:17-05:00,PUR_IED_AndresBello_port_eed3ec,PUR_IED_AndresBello_port_eed3ec,,,,,
2026-09-12T16:01:17-05:00,PUR_IED_AngelaR_11b_d90a6b,PUR_IED_AngelaR_11b_d90a6b,,,,,
2026-09-12T16:01:17-05:00,PUR_IED_AngelaR_ext_7cad3e,PUR_IED_AngelaR_ext_7cad3e,3,21,56,4.5825,-74.164497
2026-09-12T16:01:17-05:00,PUR_IED_AntJoseSucre_10mo_df2575,PUR_IED_AntJoseSucre_10mo_df2575,,,,,
2026-09-12T16:01:17-05:00,PUR_IED_AntJoseSucre_Ext_215b36,PUR_IED_AntJoseSucre_Ext_215b36,,,,,
2026-09-12T16:01:17-05:00,PUR_IED_AntJoseSucre_Lab_3139de,PUR_IED_AntJoseSucre_Lab_3139de,,,,,
2026-09-12T16:01:17-05:00,PUR_IED_AntonioGarcia_301_d6b188,PUR_IED_AntonioGarcia_301_d6b188,,,,,
2026-09-12T16:01:17-05:00,PUR_IED_AntonioGarcia_302_88a82,PUR_IED_AntonioGarcia_302_88a82,,,,,
2026-09-12T16:01:17-05:00,PUR_IED_AntonioGarcia_Ext_20950c,PUR_IED_AntonioGarcia_Ext_20950c,,,,,
2026-09-12T16:01:17-05:00,PUR_IED_AntonioVan_Aula2_6dea02,PUR_IED_AntonioVan_Aula2_6dea02,,,,,
2026-09-12T16:01:17-05:00,PUR_IED_AntonioVan_Aula5_f1557e,PUR_IED_AntonioVan_Aula5_f1557e,,,,,
2026-09-12T16:01:17-05:00,PUR_IED_AntonioVan_Ext_406f2f,PUR_IED_AntonioVan_Ext_406f2f,,,,,
2026-09-12T16:01:17-05:00,PUR_IED_Atabanzha_Ext_cc5af9,PUR_IED_Atabanzha_Ext_cc5af9,,,,,
2026-09-12T16:01:17-05:00,PUR_IED_Atabanzha_SA101_56c37,PUR_IED_Atabanzha_SA101_56c37,,,,,
2026-09-12T16:01:17-05:00,PUR_IED_Atabanzha_SB302_27b374,PUR_IED_Atabanzha_SB302_27b374,,,,,
2026-09-12T16:01:17-05:00,PUR_IED_Atahualpa_Ext_fc1748,PUR_IED_Atahualpa_Ext_fc1748,,,,,
2026-09-12T16:01:17-05:00,PUR_IED_Atahualpa_Informa_dc9a95,PUR_IED_Atahualpa_Informa_dc9a95,,,,,
2026-09-12T16:01:17-05:00,PUR_IED_Atahualpa_S1101_f98056,PUR_IED_Atahualpa_S1101_f98056,,,,,
2026-09-12T16:01:17-05:00,PUR_IED_Bellavista_Ext_f5aa74,PUR_IED_Bellavista_Ext_f5aa74,,,,,
2026-09-12T16:01:17-05:00,PUR_IED_Bilbao_11A_916c41,PUR_IED_Bilbao_11A_916c41,,,,,
2026-09-12T16:01:17-05:00,PUR_IED_Bilbao_Ext_fb579a,PUR_IED_Bilbao_Ext_fb579a,,,,,
2026-09-12T16:01:17-05:00,PUR_IED_BrasiliaU_A125_304280,PUR_IED_BrasiliaU_A125_304280,,,,,
2026-09-12T16:01:17-05:00,PUR_IED_BrasiliaU_A203_7c8ca5,PUR_IED_BrasiliaU_A203_7c8ca5,,,,,
2026-09-12T16:01:17-05:00,PUR_IED_BrasiliaU_Ext_8d6e9f,PUR_IED_BrasiliaU_Ext_8d6e9f,4,20,55,4.5175,-74.116302
2026-09-12T16:01:17-05:00,PUR_IED_Brasilia_Ext_fe6593,PUR_IED_Brasilia_Ext_fe6593,,,,,
2026-09-12T16:01:17-05:00,PUR_IED_Brasilia_S24_7c130d,PUR_IED_Brasilia_S24_7c130d,,,,,
2026-09-12T16:01:17-05:00,PUR_IED_Brasilia_S501_186a54,PUR_IED_Brasilia_S501_186a54,,,,,
2026-09-12T16:01:17-05:00,PUR_IED_CHARRY_EXT_f1d5cd,PUR_IED_CHARRY_EXT_f1d5cd,,,,,
2026-09-12T16:01:17-05:00,PUR_IED_CHARRY_INTDANZAS_7a08e6,PUR_IED_CHARRY_INTDANZAS_7a08e6,,,,,
2026-09-12T16:01:17-05:00,PUR_IED_CHARRY_INT_AULA20_dc998d,PUR_IED_CHARRY_INT_AULA20_dc998d,,,,,
2026-09-12T16:01:17-05:00,PUR_IED_COLVIV_1101_S25_7f520a,PUR_IED_COLVIV_1101_S25_7f520a,,,,,
2026-09-12T16:01:17-05:00,PUR_IED_COLVIV_1102_S16_f570ba,PUR_IED_COLVIV_1102_S16_f570ba,,,,,
2026-09-12T16:01:17-05:00,PUR_IED_COLVIV_Ext_1a26fa,PUR_IED_COLVIV_Ext_1a26fa,,,,,
2026-09-12T16:01:17-05:00,PUR_IED_CULPOP_301A_f660f3,PUR_IED_CULPOP_301A_f660f3,,,,,
2026-09-12T16:01:17-05:00,PUR_IED_CULPOP_303_568afe,PUR_IED_CULPOP_303_568afe,,,,,
2026-09-12T16:01:17-05:00,PUR_IED_CULPOP_Ext_e02ccb,PUR_IED_CULPOP_Ext_e02ccb,,,,,
2026-09-12T16:01:17-05:00,PUR_IED_CVillavicen_Ext_26eb58,PUR_IED_CVillavicen_Ext_26eb58,7,17,74,4.487,-74.102798
2026-09-12T16:01:17-05:00,PUR_IED_CVillavicen_Intel_1ce5c2,PUR_IED_CVillavicen_Intel_1ce5c2,,,,,
2026-09-12T16:01:17-05:00,PUR_IED_CVillavicen_Poliv_e0766c,PUR_IED_CVillavicen_Poliv_e0766c,,,,,
2026-09-12T16:01:17-05:00,PUR_IED_CVillavicen_int_1ba140,PUR_IED_CVillavicen_int_1ba140,,,,,
2026-09-12T16:01:17-05:00,PUR_IED_CVillavicen_intel_1ba140,PUR_IED_CVillavicen_intel_1ba140,,,,,
2026-09-12T16:01:17-05:00,PUR_IED_CarlosPizarro_Ext_e307cc,PUR_IED_CarlosPizarro_Ext_e307cc,,,,,
2026-09-12T16:01:17-05:00,PUR_IED_CarlosPizarro_L36_7e5cdb,PUR_IED_CarlosPizarro_L36_7e5cdb,,,,,
2026-09-12T16:01:17-05:00,PUR_IED_CarlosPizarro_L37_c8566c,PUR_IED_CarlosPizarro_L37_c8566c,,,,,
2026-09-12T16:01:17-05:00,PUR_IED_Castilla_Ext_cf35f,PUR_IED_Castilla_Ext_cf35f,,,,,
2026-09-12T16:01:17-05:00,PUR_IED_Castilla_SFisik_360e38,PUR_IED_Castilla_SFisik_360e38,,,,,
2026-09-12T16:01:17-05:00,PUR_IED_Castilla_Sc304_496fbf,PUR_IED_Castilla_Sc304_496fbf,,,,,
2026-09-12T16:01:17-05:00,PUR_IED_CervantesSa_Ext_6b57b,PUR_IED_CervantesSa_Ext_6b57b,3,20,63,4.5128,-74.117203
2026-09-12T16:01:17-05:00,PUR_IED_CervantesSa_S107_225c2b,PUR_IED_CervantesSa_S107_225c2b,,,,,
2026-09-12T16:01:17-05:00,PUR_IED_CervantesSa_S108_940925,PUR_IED_CervantesSa_S108_940925,,,,,
2026-09-12T16:01:17-05:00,PUR_IED_Charry_A20_f53e7c,PUR_IED_Charry_A20_f53e7c,,,,,
2026-09-12T16:01:17-05:00,PUR_IED_Charry_Ext_f1d5cd,PUR_IED_Charry_Ext_f1d5cd,,,,,
2026-09-12T16:01:17-05:00,PUR_IED_Charry_IntAula20_dc998d,PUR_IED_Charry_IntAula20_dc998d,,,,,
2026-09-12T16:01:17-05:00,PUR_IED_Charry_IntDanzas_7a08e6,PUR_IED_Charry_IntDanzas_7a08e6,,,,,
2026-09-12T16:01:17-05:00,PUR_IED_ClememciaC_203_43e2fc,PUR_IED_ClememciaC_203_43e2fc,,,,,
2026-09-12T16:01:17-05:00,PUR_IED_ClememciaC_Ext_1b411a,PUR_IED_ClememciaC_Ext_1b411a,,,,,
2026-09-12T16:01:17-05:00,PUR_IED_ClememciaC_Quimic_44b5fc,PUR_IED_ClememciaC_Quimic_44b5fc,,,,,
2026-09-12T16:01:17-05:00,PUR_IED_ClemenciaC_203_43e2fc,PUR_IED_ClemenciaC_203_43e2fc,,,,,
2026-09-12T16:01:17-05:00,PUR_IED_ClemenciaC_Ext_1b411a,PUR_IED_ClemenciaC_Ext_1b411a,,,,,
2026-09-12T16:01:17-05:00,PUR_IED_ClemenciaC_Quimic_44b5fc,PUR_IED_ClemenciaC_Quimic_44b5fc,,,,,
2026-09-12T16:01:17-05:00,PUR_IED_ColViva_1101_S25_7f520a,PUR_IED_ColViva_1101_S25_7f520a,,,,,
2026-09-12T16:01:17-05:00,PUR_IED_ColViva_1102_S16_f570ba,PUR_IED_ColViva_1102_S16_f570ba,,,,,
2026-09-12T16:01:17-05:00,PUR_IED_ColViva_Ext_1a26fa,PUR_IED_ColViva_Ext_1a26fa,,,,,
2026-09-12T16:01:17-05:00,PUR_IED_ColegioBici_Asist_7c8798,PUR_IED_ColegioBici_Asist_7c8798,,,,,
2026-09-12T16:01:17-05:00,PUR_IED_ColegioBici_Ext_25cbf6,PUR_IED_ColegioBici_Ext_25cbf6,,,,,
2026-09-12T16:01:17-05:00,PUR_IED_ColegioBici_LabQ_7b57db,PUR_IED_ColegioBici_LabQ_7b57db,,,,,
2026-09-12T16:01:17-05:00,PUR_IED_CostaRica_Ext_5e640,PUR_IED_CostaRica_Ext_5e640,,,,,
2026-09-12T16:01:17-05:00,PUR_IED_CostaRica_Quim1_766d1c,PUR_IED_CostaRica_Quim1_766d1c,,,,,
2026-09-12T16:01:17-05:00,PUR_IED_CostaRica__Fisica_6f0873,PUR_IED_CostaRica__Fisica_6f0873,,,,,
2026-09-12T16:01:17-05:00,PUR_IED_CulPopu_301A_f660f3,PUR_IED_CulPopu_301A_f660f3,,,,,
2026-09-12T16:01:17-05:00,PUR_IED_CulPopu_303_568afe,PUR_IED_CulPopu_303_568afe,,,,,
2026-09-12T16:01:17-05:00,PUR_IED_CulPopu_Ext_e02ccb,PUR_IED_CulPopu_Ext_e02ccb,,,,,
2026-09-12T16:01:17-05:00,PUR_IED_Cundinamarca_Ext_f15985,PUR_IED_Cundinamarca_Ext_f15985,,,,,
2026-09-12T16:01:17-05:00,PUR_IED_Cundinamarca_Info_7aa5d7,PUR_IED_Cundinamarca_Info_7aa5d7,,,,,
2026-09-12T16:01:17-05:00,PUR_IED_Cundinamarca_Tec2_f449c7,PUR_IED_Cundinamarca_Tec2_f449c7,,,,,
2026-09-12T16:01:17-05:00,PUR_IED_DiegoM_Aula1_27b314,PUR_IED_DiegoM_Aula1_27b314,,,,,
2026-09-12T16:01:17-05:00,PUR_IED_DiegoM_Ext_d80ac8,PUR_IED_DiegoM_Ext_d80ac8,,,,,
2026-09-12T16:01:17-05:00,PUR_IED_DiegoM_S25_da928f,PUR_IED_DiegoM_S25_da928f,,,,,
2026-09-12T16:01:17-05:00,PUR_IED_ELRODEO_360881,PUR_IED_ELRODEO_360881,,,,,
2026-09-12T16:01:17-05:00,PUR_IED_ELRODEO_ext_360881,PUR_IED_ELRODEO_ext_360881,,,,,
2026-09-12T16:01:17-05:00,PUR_IED_EduardoU_Ext_1c1969,PUR_IED_EduardoU_Ext_1c1969,,,,,
2026-09-12T16:01:17-05:00,PUR_IED_EduardoU_SCiencia_4dfb94,PUR_IED_EduardoU_SCiencia_4dfb94,,,,,
2026-09-12T16:01:17-05:00,PUR_IED_EduardoU_SQuimica_5a46e7,PUR_IED_EduardoU_SQuimica_5a46e7,,,,,
2026-09-12T16:01:17-05:00,PUR_IED_ElRodeo_Aula14_676984,PUR_IED_ElRodeo_Aula14_676984,,,,,
2026-09-12T16:01:17-05:00,PUR_IED_ElRodeo_Aula16_2dd35b,PUR_IED_ElRodeo_Aula16_2dd35b,,,,,
2026-09-12T16:01:17-05:00,PUR_IED_ElRodeo_Ext_360881,PUR_IED_ElRodeo_Ext_360881,,,,,
2026-09-12T16:01:17-05:00,PUR_IED_ElRodeo_Exterior_8c6d28,PUR_IED_ElRodeo_Exterior_8c6d28,,,,,
2026-09-12T16:01:17-05:00,PUR_IED_ElRodeo_ext_360881,PUR_IED_ElRodeo_ext_360881,,,,,
2026-09-12T16:01:17-05:00,PUR_IED_EmmaReyes_Ext_987625,PUR_IED_EmmaReyes_Ext_987625,4,22,49,4.6367,-74.1511
2026-09-12T16:01:17-05:00,PUR_IED_Ensueño_Ext_7f0250,PUR_IED_Ensueño_Ext_7f0250,,,,,
2026-09-12T16:01:17-05:00,PUR_IED_EscNormal_Ext_5fef3b,PUR_IED_EscNormal_Ext_5fef3b,2,21,54,4.5852,-74.096901
2026-09-12T16:01:17-05:00,PUR_IED_EscNormal_S309_5b263,PUR_IED_EscNormal_S309_5b263,,,,,
2026-09-12T16:01:17-05:00,PUR_IED_EscNormal_S310_27b3b8,PUR_IED_EscNormal_S310_27b3b8,,,,,
2026-09-12T16:01:17-05:00,PUR_IED_Evangelista_Conta_f6cd4f,PUR_IED_Evangelista_Conta_f6cd4f,,,,,
2026-09-12T16:01:17-05:00,PUR_IED_Evangelista_Cri_5e16a,PUR_IED_Evangelista_Cri_5e16a,,,,,
2026-09-12T16:01:17-05:00,PUR_IED_Evangelista_Exter_754066,PUR_IED_Evangelista_Exter_754066,,,,,
2026-09-12T16:01:17-05:00,PUR_IED_FMiranda_S209_5cc2a3,PUR_IED_FMiranda_S209_5cc2a3,,,,,
2026-09-12T16:01:17-05:00,PUR_IED_FMiranda_S303_19e344,PUR_IED_FMiranda_S303_19e344,,,,,
2026-09-12T16:01:17-05:00,PUR_IED_FMiranda_ext_f53e7c,PUR_IED_FMiranda_ext_f53e7c,,,,,
2026-09-12T16:01:17-05:00,PUR_IED_FabioLozano_Bibli_1cee05,PUR_IED_FabioLozano_Bibli_1cee05,,,,,
2026-09-12T16:01:17-05:00,PUR_IED_FabioLozano_Ext_6ea285,PUR_IED_FabioLozano_Ext_6ea285,,,,,
2026-09-12T16:01:17-05:00,PUR_IED_FabioLozano_SLudi_f09e1e,PUR_IED_FabioLozano_SLudi_f09e1e,,,,,
2026-09-12T16:01:17-05:00,PUR_IED_FaustinoS_Aula07_27a731,PUR_IED_FaustinoS_Aula07_27a731,,,,,
2026-09-12T16:01:17-05:00,PUR_IED_FaustinoS_Ext_7b936f,PUR_IED_FaustinoS_Ext_7b936f,,,,,
2026-09-12T16:01:17-05:00,PUR_IED_FaustinoS_Fisica_da2c60,PUR_IED_FaustinoS_Fisica_da2c60,,,,,
2026-09-12T16:01:17-05:00,PUR_IED_FeGarciaLo_Ext_dc68ee,PUR_IED_FeGarciaLo_Ext_dc68ee,,,,,
2026-09-12T16:01:17-05:00,PUR_IED_FeGarciaLo_SDanza_f70a59,PUR_IED_FeGarciaLo_SDanza_f70a59,,,,,
2026-09-12T16:01:17-05:00,PUR_IED_FeGarciaLo_SMusic_125cdd,PUR_IED_FeGarciaLo_SMusic_125cdd,,,,,
2026-09-12T16:01:17-05:00,PUR_IED_FederalAlema_Exte_50c345,PUR_IED_FederalAlema_Exte_50c345,,,,,
2026-09-12T16:01:17-05:00,PUR_IED_FederalAlema_S31_f18371,PUR_IED_FederalAlema_S31_f18371,,,,,
2026-09-12T16:01:17-05:00,PUR_IED_FederalAlema_S901_a62cd,PUR_IED_FederalAlema_S901_a62cd,,,,,
2026-09-12T16:01:17-05:00,PUR_IED_FilarmonicaS_A5_f35eb1,PUR_IED_FilarmonicaS_A5_f35eb1,,,,,
2026-09-12T16:01:17-05:00,PUR_IED_FilarmonicaS_Ext_8a3bde,PUR_IED_FilarmonicaS_Ext_8a3bde,,,,,
2026-09-12T16:01:17-05:00,PUR_IED_FilarmonicaS_Spol_406114,PUR_IED_FilarmonicaS_Spol_406114,,,,,
2026-09-12T16:01:17-05:00,PUR_IED_FlorentinoG_A13_d1fa59,PUR_IED_FlorentinoG_A13_d1fa59,,,,,
2026-09-12T16:01:17-05:00,PUR_IED_FlorentinoG_Ext_1ce6ce,PUR_IED_FlorentinoG_Ext_1ce6ce,,,,,
2026-09-12T16:01:17-05:00,PUR_IED_FlorentinoG_Idiom_a66aac,PUR_IED_FlorentinoG_Idiom_a66aac,,,,,
2026-09-12T16:01:17-05:00,PUR_IED_FranciscoMati_Ext_e3869d,PUR_IED_FranciscoMati_Ext_e3869d,,,,,
2026-09-12T16:01:17-05:00,PUR_IED_FranciscoMati_S13_f31c67,PUR_IED_FranciscoMati_S13_f31c67,,,,,
2026-09-12T16:01:17-05:00,PUR_IED_FranciscoMati_S14_97dead,PUR_IED_FranciscoMati_S14_97dead,,,,,
2026-09-12T16:01:17-05:00,PUR_IED_FranciscoPS_Ext_7bfa9a,PUR_IED_FranciscoPS_Ext_7bfa9a,2,22,54,4.5899,-74.110397
2026-09-12T16:01:17-05:00,PUR_IED_FranciscoPS_Infor_fb8f4c,PUR_IED_FranciscoPS_Infor_fb8f4c,,,,,
2026-09-12T16:01:17-05:00,PUR_IED_FranciscoPS_Quimi_94d39c,PUR_IED_FranciscoPS_Quimi_94d39c,,,,,
2026-09-12T16:01:17-05:00,PUR_IED_FranciscoP_LabQ_d7e148,PUR_IED_FranciscoP_LabQ_d7e148,,,,,
2026-09-12T16:01:17-05:00,PUR_IED_FranciscoP_S28_cf9b30,PUR_IED_FranciscoP_S28_cf9b30,,,,,
2026-09-12T16:01:17-05:00,PUR_IED_FranciscoP_ext_e2313,PUR_IED_FranciscoP_ext_e2313,,,,,
2026-09-12T16:01:17-05:00,PUR_IED_FriederichN_Ext_8ac92a,PUR_IED_FriederichN_Ext_8ac92a,,,,,
2026-09-12T16:01:17-05:00,PUR_IED_FriederichN_S301_dd7e5a,PUR_IED_FriederichN_S301_dd7e5a,,,,,
2026-09-12T16:01:17-05:00,PUR_IED_FriederichN_S308_761f4f,PUR_IED_FriederichN_S308_761f4f,,,,,
2026-09-12T16:01:17-05:00,PUR_IED_GSantander_Aula10_533dd7,PUR_IED_GSantander_Aula10_533dd7,,,,,
2026-09-12T16:01:17-05:00,PUR_IED_GSantander_Aula12_fd4e4f,PUR_IED_GSantander_Aula12_fd4e4f,,,,,
2026-09-12T16:01:17-05:00,PUR_IED_GSantander_Aula310_533dd7,PUR_IED_GSantander_Aula310_533dd7,,,,,
2026-09-12T16:01:17-05:00,PUR_IED_GSantander_Aula312_fd4e4f,PUR_IED_GSantander_Aula312_fd4e4f,,,,,
2026-09-12T16:01:17-05:00,PUR_IED_GSantander_Ext_5f66b0,PUR_IED_GSantander_Ext_5f66b0,,,,,
2026-09-12T16:01:17-05:00,PUR_IED_GYomasa_Ext_f6bea5,PUR_IED_GYomasa_Ext_f6bea5,,,,,
2026-09-12T16:01:17-05:00,PUR_IED_GYomasa_LBiol_2c41aa,PUR_IED_GYomasa_LBiol_2c41aa,,,,,
2026-09-12T16:01:17-05:00,PUR_IED_GYomasa_LQuim_33c80,PUR_IED_GYomasa_LQuim_33c80,,,,,
2026-09-12T16:01:17-05:00,PUR_IED_GabBetMejia_Cienc_5a99c,PUR_IED_GabBetMejia_Cienc_5a99c,,,,,
2026-09-12T16:01:17-05:00,PUR_IED_GabBetMejia_Ext_9153d0,PUR_IED_GabBetMejia_Ext_9153d0,,,,,
2026-09-12T16:01:17-05:00,PUR_IED_GabBetMejia_Lab_f55347,PUR_IED_GabBetMejia_Lab_f55347,,,,,
2026-09-12T16:01:17-05:00,PUR_IED_GabBetanMejia_Ext_9153d0,PUR_IED_GabBetanMejia_Ext_9153d0,,,,,
2026-09-12T16:01:17-05:00,PUR_IED_Gaitana_Aula13_7aac11,PUR_IED_Gaitana_Aula13_7aac11,,,,,
2026-09-12T16:01:17-05:00,PUR_IED_Gaitana_Ext_5fcf4,PUR_IED_Gaitana_Ext_5fcf4,,,,,
2026-09-12T16:01:17-05:00,PUR_IED_Gaitana_LabFisica_644448,PUR_IED_Gaitana_LabFisica_644448,,,,,
2026-09-12T16:01:17-05:00,PUR_IED_GenSantander_Dise_8ac858,PUR_IED_GenSantander_Dise_8ac858,,,,,
2026-09-12T16:01:17-05:00,PUR_IED_GenSantander_Ext_8d5dfe,PUR_IED_GenSantander_Ext_8d5dfe,,,,,
2026-09-12T16:01:17-05:00,PUR_IED_GenSantander_Info_6c25b,PUR_IED_GenSantander_Info_6c25b,,,,,
2026-09-12T16:01:17-05:00,PUR_IED_GustavoMo_Exterio_75e63d,PUR_IED_GustavoMo_Exterio_75e63d,,,,,
2026-09-12T16:01:17-05:00,PUR_IED_GustavoMo_LabFisi_224d37,PUR_IED_GustavoMo_LabFisi_224d37,,,,,
2026-09-12T16:01:17-05:00,PUR_IED_GustavoMo_S208_3e6918,PUR_IED_GustavoMo_S208_3e6918,,,,,
2026-09-12T16:01:17-05:00,PUR_IED_GustavoR_A02_8cd4a8,PUR_IED_GustavoR_A02_8cd4a8,,,,,
2026-09-12T16:01:17-05:00,PUR_IED_GustavoR_B11_5b0ed,PUR_IED_GustavoR_B11_5b0ed,,,,,
2026-09-12T16:01:17-05:00,PUR_IED_GustavoR_Ext_7a0c90,PUR_IED_GustavoR_Ext_7a0c90,,,,,
2026-09-12T16:01:17-05:00,PUR_IED_HernandoDuran_Ext_8cd82b,PUR_IED_HernandoDuran_Ext_8cd82b,,,,,
2026-09-12T16:01:17-05:00,PUR_IED_HernandoDuran_S24_2772c6,PUR_IED_HernandoDuran_S24_2772c6,,,,,
2026-09-12T16:01:17-05:00,PUR_IED_HernandoDuran_S30_f2de41,PUR_IED_HernandoDuran_S30_f2de41,,,,,
2026-09-12T16:01:17-05:00,PUR_IED_HolguInUr_S1101_8cd732,PUR_IED_HolguInUr_S1101_8cd732,,,,,
2026-09-12T16:01:17-05:00,PUR_IED_HolguinUr_Exter_ddae6d,PUR_IED_HolguinUr_Exter_ddae6d,,,,,
2026-09-12T16:01:17-05:00,PUR_IED_HolguinUr_LabQuim_92b952,PUR_IED_HolguinUr_LabQuim_92b952,,,,,
2026-09-12T16:01:17-05:00,PUR_IED_Isabel-II_Ext_5245cc,PUR_IED_Isabel-II_Ext_5245cc,2,20,55,4.6336,-74.153
2026-09-12T16:01:17-05:00,PUR_IED_Isabel-II_S_idiom_1c29aa,PUR_IED_Isabel-II_S_idiom_1c29aa,,,,,
2026-09-12T16:01:17-05:00,PUR_IED_Isabel-II_S_infor_fd741,PUR_IED_Isabel-II_S_infor_fd741,,,,,
2026-09-12T16:01:17-05:00,PUR_IED_IsidroSur_Exterio_5b90ea,PUR_IED_IsidroSur_Exterio_5b90ea,,,,,
2026-09-12T16:01:17-05:00,PUR_IED_IsidroSur_LabTec_56697a,PUR_IED_IsidroSur_LabTec_56697a,,,,,
2026-09-12T16:01:17-05:00,PUR_IED_IsidroSur_Robotic_b7c38f,PUR_IED_IsidroSur_Robotic_b7c38f,,,,,
2026-09-12T16:01:17-05:00,PUR_IED_IsmaelPerd_Ext_7b6672,PUR_IED_IsmaelPerd_Ext_7b6672,,,,,
2026-09-12T16:01:17-05:00,PUR_IED_IsmaelPerd_Inform_306540,PUR_IED_IsmaelPerd_Inform_306540,,,,,
2026-09-12T16:01:17-05:00,PUR_IED_IsmaelPerd_S30_2e2c83,PUR_IED_IsmaelPerd_S30_2e2c83,,,,,
2026-09-12T16:01:17-05:00,PUR_IED_JLozano_Exter_432910,PUR_IED_JLozano_Exter_432910,,,,,
2026-09-12T16:01:17-05:00,PUR_IED_JLozano_salaMulti_df5125,PUR_IED_JLozano_salaMulti_df5125,,,,,
2026-09-12T16:01:17-05:00,PUR_IED_JMCordoba_206_86f80b,PUR_IED_JMCordoba_206_86f80b,,,,,
2026-09-12T16:01:17-05:00,PUR_IED_JMCordoba_Ext_27ad97,PUR_IED_JMCordoba_Ext_27ad97,,,,,
2026-09-12T16:01:17-05:00,PUR_IED_JMCordoba_S310_d59ab4,PUR_IED_JMCordoba_S310_d59ab4,,,,,
2026-09-12T16:01:17-05:00,PUR_IED_Japon_Ext_549100,PUR_IED_Japon_Ext_549100,,,,,
2026-09-12T16:01:17-05:00,PUR_IED_Japon_Laboratorio_bec51d,PUR_IED_Japon_Laboratorio_bec51d,,,,,
2026-09-12T16:01:17-05:00,PUR_IED_Japon_informatica_d99327,PUR_IED_Japon_informatica_d99327,,,,,
2026-09-12T16:01:17-05:00,PUR_IED_Jazmin_Ext_d27bda,PUR_IED_Jazmin_Ext_d27bda,,,,,
2026-09-12T16:01:17-05:00,PUR_IED_Jazmin_Fisica_8d14d7,PUR_IED_Jazmin_Fisica_8d14d7,,,,,
2026-09-12T16:01:17-05:00,PUR_IED_Jazmin_Quimica_801cb5,PUR_IED_Jazmin_Quimica_801cb5,,,,,
2026-09-12T16:01:17-05:00,PUR_IED_JorgeGaitan_Exter_f098d1,PUR_IED_JorgeGaitan_Exter_f098d1,,,,,
2026-09-12T16:01:17-05:00,PUR_IED_JorgeGaitan_STec1_dc9d1d,PUR_IED_JorgeGaitan_STec1_dc9d1d,,,,,
2026-09-12T16:01:17-05:00,PUR_IED_JorgeGaitan_STec2_281e69,PUR_IED_JorgeGaitan_STec2_281e69,,,,,
2026-09-12T16:01:17-05:00,PUR_IED_JorgeSoto_Exterio_d9d0a2,PUR_IED_JorgeSoto_Exterio_d9d0a2,,,,,
2026-09-12T16:01:17-05:00,PUR_IED_JorgeSoto_LabFisi_209c54,PUR_IED_JorgeSoto_LabFisi_209c54,,,,,
2026-09-12T16:01:17-05:00,PUR_IED_JorgeSoto_S103_27b51a,PUR_IED_JorgeSoto_S103_27b51a,,,,,
2026-09-12T16:01:17-05:00,PUR_IED_JoseAcevedo_A02_e965eb,PUR_IED_JoseAcevedo_A02_e965eb,,,,,
2026-09-12T16:01:17-05:00,PUR_IED_JoseAcevedo_A07_dd5b4,PUR_IED_JoseAcevedo_A07_dd5b4,,,,,
2026-09-12T16:01:17-05:00,PUR_IED_JoseAcevedo_Ext_b47484,PUR_IED_JoseAcevedo_Ext_b47484,,,,,
2026-09-12T16:01:17-05:00,PUR_IED_JoseMarti_Exte_5b9bf,PUR_IED_JoseMarti_Exte_5b9bf,,,,,
2026-09-12T16:01:17-05:00,PUR_IED_JoseMarti_LabQuim_1c6c2d,PUR_IED_JoseMarti_LabQuim_1c6c2d,,,,,
2026-09-12T16:01:17-05:00,PUR_IED_JoseMarti_S_info_f5f177,PUR_IED_JoseMarti_S_info_f5f177,,,,,
2026-09-12T16:01:17-05:00,PUR_IED_Josejoaquin_Ext_dfc5dc,PUR_IED_Josejoaquin_Ext_dfc5dc,,,,,
2026-09-12T16:01:17-05:00,PUR_IED_Josejoaquin_S05_5b2a96,PUR_IED_Josejoaquin_S05_5b2a96,,,,,
2026-09-12T16:01:17-05:00,PUR_IED_Josejoaquin_S06_1ce7d2,PUR_IED_Josejoaquin_S06_1ce7d2,,,,,
2026-09-12T16:01:17-05:00,PUR_IED_JulioFlorez_Danza_9b82dd,PUR_IED_JulioFlorez_Danza_9b82dd,,,,,
2026-09-12T16:01:17-05:00,PUR_IED_JulioFlorez_Exter_f9f314,PUR_IED_JulioFlorez_Exter_f9f314,,,,,
2026-09-12T16:01:17-05:00,PUR_IED_JulioFlorez_info2_6b6e08,PUR_IED_JulioFlorez_info2_6b6e08,,,,,
2026-09-12T16:01:17-05:00,PUR_IED_LaBelleza_Aula13_1d00d8,PUR_IED_LaBelleza_Aula13_1d00d8,,,,,
2026-09-12T16:01:17-05:00,PUR_IED_LaBelleza_Ext_7bc08c,PUR_IED_LaBelleza_Ext_7bc08c,,,,,
2026-09-12T16:01:17-05:00,PUR_IED_LaChucua_Ext_8cd6d2,PUR_IED_LaChucua_Ext_8cd6d2,,,,,
2026-09-12T16:01:17-05:00,PUR_IED_LaChucua_S15_f578ce,PUR_IED_LaChucua_S15_f578ce,,,,,
2026-09-12T16:01:17-05:00,PUR_IED_LaChucua_S16_eebcf9,PUR_IED_LaChucua_S16_eebcf9,,,,,
2026-09-12T16:01:17-05:00,PUR_IED_LaFelicidad_Ext_fb5109,PUR_IED_LaFelicidad_Ext_fb5109,,,,,
2026-09-12T16:01:17-05:00,PUR_IED_LaMerced_206_66ebd,PUR_IED_LaMerced_206_66ebd,,,,,
2026-09-12T16:01:17-05:00,PUR_IED_LaMerced_207_6ebd6,PUR_IED_LaMerced_207_6ebd6,,,,,
2026-09-12T16:01:17-05:00,PUR_IED_LaMerced_ext_304311,PUR_IED_LaMerced_ext_304311,,,,,
2026-09-12T16:01:17-05:00,PUR_IED_Laureano_CiencNat_281e5e,PUR_IED_Laureano_CiencNat_281e5e,,,,,
2026-09-12T16:01:17-05:00,PUR_IED_Laureano_Comedor_f65c0a,PUR_IED_Laureano_Comedor_f65c0a,,,,,
2026-09-12T16:01:17-05:00,PUR_IED_Laureano_Exterior_7ab011,PUR_IED_Laureano_Exterior_7ab011,,,,,
2026-09-12T16:01:17-05:00,PUR_IED_LeonGreiff_Exte_dfe560,PUR_IED_LeonGreiff_Exte_dfe560,,,,,
2026-09-12T16:01:17-05:00,PUR_IED_LeonGreiff_S210_f264ed,PUR_IED_LeonGreiff_S210_f264ed,,,,,
2026-09-12T16:01:17-05:00,PUR_IED_LeonGreiff_SQuimi_e8296f,PUR_IED_LeonGreiff_SQuimi_e8296f,,,,,
2026-09-12T16:01:17-05:00,PUR_IED_LlanoOrientalS208_7b9fcd,PUR_IED_LlanoOrientalS208_7b9fcd,,,,,
2026-09-12T16:01:17-05:00,PUR_IED_LlanoOriental_Ext_fb3766,PUR_IED_LlanoOriental_Ext_fb3766,,,,,
2026-09-12T16:01:17-05:00,PUR_IED_LlanoOriental_S208_7b9fcd,PUR_IED_LlanoOriental_S208_7b9fcd,,,,,
2026-09-12T16:01:17-05:00,PUR_IED_LlanoOriental_S9_27b378,PUR_IED_LlanoOriental_S9_27b378,,,,,
2026-09-12T16:01:17-05:00,PUR_IED_LosTejares_1101_477602,PUR_IED_LosTejares_1101_477602,,,,,
2026-09-12T16:01:17-05:00,PUR_IED_LosTejares_11_d2c595,PUR_IED_LosTejares_11_d2c595,,,,,
2026-09-12T16:01:17-05:00,PUR_IED_LosTejares_12_477602,PUR_IED_LosTejares_12_477602,,,,,
2026-09-12T16:01:17-05:00,PUR_IED_LosTejares_Ext_8e2115,PUR_IED_LosTejares_Ext_8e2115,,,,,
2026-09-12T16:01:17-05:00,PUR_IED_MagdalenaO_B202_5ddda3,PUR_IED_MagdalenaO_B202_5ddda3,,,,,
2026-09-12T16:01:17-05:00,PUR_IED_MagdalenaO_B205_fb76e8,PUR_IED_MagdalenaO_B205_fb76e8,,,,,
2026-09-12T16:01:17-05:00,PUR_IED_MagdalenaO_ext_dc69cd,PUR_IED_MagdalenaO_ext_dc69cd,,,,,
2026-09-12T16:01:17-05:00,PUR_IED_ManueCepeda_artes_eee956,PUR_IED_ManueCepeda_artes_eee956,,,,,
2026-09-12T16:01:17-05:00,PUR_IED_ManuelCepeda_Ext_58313,PUR_IED_ManuelCepeda_Ext_58313,,,,,
2026-09-12T16:01:17-05:00,PUR_IED_ManuelCepeda_tec_1c5731,PUR_IED_ManuelCepeda_tec_1c5731,,,,,
2026-09-12T16:01:17-05:00,PUR_IED_ManuelS_Exterior_5b269,PUR_IED_ManuelS_Exterior_5b269,,,,,
2026-09-12T16:01:17-05:00,PUR_IED_ManuelS_Inform_f369ce,PUR_IED_ManuelS_Inform_f369ce,,,,,
2026-09-12T16:01:17-05:00,PUR_IED_ManuelS_SArtes_7d15f1,PUR_IED_ManuelS_SArtes_7d15f1,,,,,
2026-09-12T16:01:17-05:00,PUR_IED_ManuelZapata_303_3ca6,PUR_IED_ManuelZapata_303_3ca6,,,,,
2026-09-12T16:01:17-05:00,PUR_IED_ManuelZapata_311_bfbabc,PUR_IED_ManuelZapata_311_bfbabc,,,,,
2026-09-12T16:01:17-05:00,PUR_IED_ManuelZapata_Ext_50824a,PUR_IED_ManuelZapata_Ext_50824a,,,,,
2026-09-12T16:01:17-05:00,PUR_IED_ManuelitaS_Exteri_656a92,PUR_IED_ManuelitaS_Exteri_656a92,,,,,
2026-09-12T16:01:17-05:00,PUR_IED_ManuelitaS_JuzgDe_f58ec3,PUR_IED_ManuelitaS_JuzgDe_f58ec3,,,,,
2026-09-12T16:01:17-05:00,PUR_IED_ManuelitaS_Recrea_d793db,PUR_IED_ManuelitaS_Recrea_d793db,,,,,
2026-09-12T16:01:17-05:00,PUR_IED_MarFidSuarez_Ext_c27b19,PUR_IED_MarFidSuarez_Ext_c27b19,,,,,
2026-09-12T16:01:17-05:00,PUR_IED_MarFidSuarez_Info_e384d7,PUR_IED_MarFidSuarez_Info_e384d7,,,,,
2026-09-12T16:01:17-05:00,PUR_IED_MarFidSuarez_S306_1d0032,PUR_IED_MarFidSuarez_S306_1d0032,,,,,
2026-09-12T16:01:17-05:00,PUR_IED_Menorah_301_2a25a3,PUR_IED_Menorah_301_2a25a3,,,,,
2026-09-12T16:01:17-05:00,PUR_IED_Menorah_306_37ed3,PUR_IED_Menorah_306_37ed3,,,,,
2026-09-12T16:01:17-05:00,PUR_IED_Menorah_Ext_3e155b,PUR_IED_Menorah_Ext_3e155b,,,,,
2026-09-12T16:01:17-05:00,PUR_IED_MinutoB.Aires_A11_1b1604,PUR_IED_MinutoB.Aires_A11_1b1604,,,,,
2026-09-12T16:01:17-05:00,PUR_IED_MinutoB.Aires_A12_fb5860,PUR_IED_MinutoB.Aires_A12_fb5860,,,,,
2026-09-12T16:01:17-05:00,PUR_IED_MinutoB.Aires_Ext_81293f,PUR_IED_MinutoB.Aires_Ext_81293f,,,,,
2026-09-12T16:01:17-05:00,PUR_IED_MinutoBAires_A11_1b1604,PUR_IED_MinutoBAires_A11_1b1604,,,,,
2026-09-12T16:01:17-05:00,PUR_IED_MinutoBAires_A12_fb5860,PUR_IED_MinutoBAires_A12_fb5860,,,,,
2026-09-12T16:01:17-05:00,PUR_IED_MinutoBAires_Ext_81293f,PUR_IED_MinutoBAires_Ext_81293f,,,,,
2026-09-12T16:01:17-05:00,PUR_IED_Montreal_Aula10_1e4959,PUR_IED_Montreal_Aula10_1e4959,,,,,
2026-09-12T16:01:17-05:00,PUR_IED_Montreal_Aula6_300367,PUR_IED_Montreal_Aula6_300367,,,,,
2026-09-12T16:01:17-05:00,PUR_IED_Montreal_Exterior_91a179,PUR_IED_Montreal_Exterior_91a179,,,,,
2026-09-12T16:01:17-05:00,PUR_IED_Mqgdalena_B202_5ddda3,PUR_IED_Mqgdalena_B202_5ddda3,,,,,
2026-09-12T16:01:17-05:00,PUR_IED_NACUND_Soc_dc8728,PUR_IED_NACUND_Soc_dc8728,,,,,
2026-09-12T16:01:17-05:00,PUR_IED_NACUND_ext_27ad97,PUR_IED_NACUND_ext_27ad97,,,,,
2026-09-12T16:01:17-05:00,PUR_IED_NEsperanza_Ext_d24b61,PUR_IED_NEsperanza_Ext_d24b61,,,,,
2026-09-12T16:01:17-05:00,PUR_IED_NEsperanza_SElect_7d1807,PUR_IED_NEsperanza_SElect_7d1807,,,,,
2026-09-12T16:01:17-05:00,PUR_IED_NEsperanza_SLabor_8b2d0a,PUR_IED_NEsperanza_SLabor_8b2d0a,,,,,
2026-09-12T16:01:17-05:00,PUR_IED_NacionesU_Ext_f661a9,PUR_IED_NacionesU_Ext_f661a9,,,,,
2026-09-12T16:01:17-05:00,PUR_IED_NacionesU_Quimica_66f0a,PUR_IED_NacionesU_Quimica_66f0a,,,,,
2026-09-12T16:01:17-05:00,PUR_IED_NacionesU_S306_1b4b3d,PUR_IED_NacionesU_S306_1b4b3d,,,,,
2026-09-12T16:01:17-05:00,PUR_IED_NestorFA_Ext_e4201c,PUR_IED_NestorFA_Ext_e4201c,,,,,
2026-09-12T16:01:17-05:00,PUR_IED_NestorFA_Laborato_f22fe0,PUR_IED_NestorFA_Laborato_f22fe0,,,,,
2026-09-12T16:01:17-05:00,PUR_IED_NestorFA_S204_dee996,PUR_IED_NestorFA_S204_dee996,,,,,
2026-09-12T16:01:17-05:00,PUR_IED_NidyaQT_Aula03_76999b,PUR_IED_NidyaQT_Aula03_76999b,,,,,
2026-09-12T16:01:17-05:00,PUR_IED_NidyaQT_Aula10_56325,PUR_IED_NidyaQT_Aula10_56325,,,,,
2026-09-12T16:01:17-05:00,PUR_IED_NidyaQT_Ext_46e32d,PUR_IED_NidyaQT_Ext_46e32d,,,,,
2026-09-12T16:01:17-05:00,PUR_IED_NuevaCol_Exterior_d9b859,PUR_IED_NuevaCol_Exterior_d9b859,,,,,
2026-09-12T16:01:17-05:00,PUR_IED_NuevaCol_S1101_76c43b,PUR_IED_NuevaCol_S1101_76c43b,,,,,
2026-09-12T16:01:17-05:00,PUR_IED_NuevaCol_S1102_1ce0b5,PUR_IED_NuevaCol_S1102_1ce0b5,,,,,
2026-09-12T16:01:17-05:00,PUR_IED_OEA_A202_f7e3f2,PUR_IED_OEA_A202_f7e3f2,,,,,
2026-09-12T16:01:17-05:00,PUR_IED_OEA_A203_7d1b8d,PUR_IED_OEA_A203_7d1b8d,,,,,
2026-09-12T16:01:17-05:00,PUR_IED_OEA_Ext_27b593,PUR_IED_OEA_Ext_27b593,,,,,
2026-09-12T16:01:17-05:00,PUR_IED_Ochoa_Ext_1c29da,PUR_IED_Ochoa_Ext_1c29da,,,,,
2026-09-12T16:01:17-05:00,PUR_IED_Ochoa_S205_8b1121,PUR_IED_Ochoa_S205_8b1121,,,,,
2026-09-12T16:01:17-05:00,PUR_IED_Ochoa_Sistemas_f33af6,PUR_IED_Ochoa_Sistemas_f33af6,,,,,
2026-09-12T16:01:17-05:00,PUR_IED_PQuebec_Ext_1c67c7,PUR_IED_PQuebec_Ext_1c67c7,,,,,
2026-09-12T16:01:17-05:00,PUR_IED_PQuebec_S15_23e8e2,PUR_IED_PQuebec_S15_23e8e2,,,,,
2026-09-12T16:01:17-05:00,PUR_IED_PQuebec_S16_8ec76b,PUR_IED_PQuebec_S16_8ec76b,,,,,
2026-09-12T16:01:17-05:00,PUR_IED_PabloN_Ext_49dc96,PUR_IED_PabloN_Ext_49dc96,,,,,
2026-09-12T16:01:17-05:00,PUR_IED_PabloN_S1102_4e3df5,PUR_IED_PabloN_S1102_4e3df5,,,,,
2026-09-12T16:01:17-05:00,PUR_IED_PabloN_S1103_50c94b,PUR_IED_PabloN_S1103_50c94b,,,,,
2026-09-12T16:01:17-05:00,PUR_IED_Palestina_S1101_db9198,PUR_IED_Palestina_S1101_db9198,,,,,
2026-09-12T16:01:17-05:00,PUR_IED_Palestina_S1102_dc54fa,PUR_IED_Palestina_S1102_dc54fa,,,,,
2026-09-12T16:01:17-05:00,PUR_IED_Palestina_ext_4ccce6,PUR_IED_Palestina_ext_4ccce6,,,,,
2026-09-12T16:01:17-05:00,PUR_IED_Panama_Fisica_4d0794,PUR_IED_Panama_Fisica_4d0794,,,,,
2026-09-12T16:01:17-05:00,PUR_IED_Panama_SIngles_a4077e,PUR_IED_Panama_SIngles_a4077e,,,,,
2026-09-12T16:01:17-05:00,PUR_IED_Panama_ext_4c54b4,PUR_IED_Panama_ext_4c54b4,,,,,
2026-09-12T16:01:17-05:00,PUR_IED_ParaisoM_Exterior_8cd7f0,PUR_IED_ParaisoM_Exterior_8cd7f0,,,,,
2026-09-12T16:01:17-05:00,PUR_IED_ParaisoM_Laborato_27af35,PUR_IED_ParaisoM_Laborato_27af35,,,,,
2026-09-12T16:01:17-05:00,PUR_IED_ParaisoM_S304_d1edca,PUR_IED_ParaisoM_S304_d1edca,,,,,
2026-09-12T16:01:17-05:00,PUR_IED_PorfirioBarba_Ext_301466,PUR_IED_PorfirioBarba_Ext_301466,,,,,
2026-09-12T16:01:17-05:00,PUR_IED_PorfirioBarba_S11_df6cd2,PUR_IED_PorfirioBarba_S11_df6cd2,,,,,
2026-09-12T16:01:17-05:00,PUR_IED_PorfirioBarba_S29_27a7d6,PUR_IED_PorfirioBarba_S29_27a7d6,,,,,
2026-09-12T16:01:17-05:00,PUR_IED_PradoV_Exter_8b27ad,PUR_IED_PradoV_Exter_8b27ad,,,,,
2026-09-12T16:01:17-05:00,PUR_IED_PradoV_S301_de65b5,PUR_IED_PradoV_S301_de65b5,,,,,
2026-09-12T16:01:17-05:00,PUR_IED_PradoV_S302_7d2593,PUR_IED_PradoV_S302_7d2593,,,,,
2026-09-12T16:01:17-05:00,PUR_IED_QuirogaAlz_Ext_1ddc82,PUR_IED_QuirogaAlz_Ext_1ddc82,,,,,
2026-09-12T16:01:17-05:00,PUR_IED_QuirogaAlz_S302_9926a3,PUR_IED_QuirogaAlz_S302_9926a3,,,,,
2026-09-12T16:01:17-05:00,PUR_IED_QuirogaAlz_S305_cdf1f1,PUR_IED_QuirogaAlz_S305_cdf1f1,,,,,
2026-09-12T16:01:17-05:00,PUR_IED_RGuatemala_Biling_dc53b7,PUR_IED_RGuatemala_Biling_dc53b7,,,,,
2026-09-12T16:01:17-05:00,PUR_IED_RGuatemala_Ext_1b89a3,PUR_IED_RGuatemala_Ext_1b89a3,,,,,
2026-09-12T16:01:17-05:00,PUR_IED_RGuatemala_Tecnol_281a34,PUR_IED_RGuatemala_Tecnol_281a34,,,,,
2026-09-12T16:01:17-05:00,PUR_IED_RafaNu_Ext_f7c302,PUR_IED_RafaNu_Ext_f7c302,,,,,
2026-09-12T16:01:17-05:00,PUR_IED_RafaNu_S1101_25fde,PUR_IED_RafaNu_S1101_25fde,,,,,
2026-09-12T16:01:17-05:00,PUR_IED_RafaNu_S1102_281517,PUR_IED_RafaNu_S1102_281517,,,,,
2026-09-12T16:01:17-05:00,PUR_IED_RafaelB_S305_ee2783,PUR_IED_RafaelB_S305_ee2783,,,,,
2026-09-12T16:01:17-05:00,PUR_IED_RafaelB_S306_75fe33,PUR_IED_RafaelB_S306_75fe33,,,,,
2026-09-12T16:01:17-05:00,PUR_IED_RafaelB_ext_283336,PUR_IED_RafaelB_ext_283336,2,20,56,4.6722,-74.0737
2026-09-12T16:01:17-05:00,PUR_IED_RafaelUU_Exterior_281a51,PUR_IED_RafaelUU_Exterior_281a51,,,,,
2026-09-12T16:01:17-05:00,PUR_IED_RafaelUU_Human_806b2,PUR_IED_RafaelUU_Human_806b2,,,,,
2026-09-12T16:01:17-05:00,PUR_IED_RafaelUU_Mate2_5680d4,PUR_IED_RafaelUU_Mate2_5680d4,,,,,
2026-09-12T16:01:17-05:00,PUR_IED_RamonSub_Ext_f9eeb9,PUR_IED_RamonSub_Ext_f9eeb9,,,,,
2026-09-12T16:01:17-05:00,PUR_IED_RamonSub_Media_d1f62f,PUR_IED_RamonSub_Media_d1f62f,,,,,
2026-09-12T16:01:17-05:00,PUR_IED_RamonSub_planta_51b82,PUR_IED_RamonSub_planta_51b82,,,,,
2026-09-12T16:01:17-05:00,PUR_IED_RepBoliVene_Exter_27af7c,PUR_IED_RepBoliVene_Exter_27af7c,,,,,
2026-09-12T16:01:17-05:00,PUR_IED_RepBoliVene_SCPT_5ae2ee,PUR_IED_RepBoliVene_SCPT_5ae2ee,,,,,
2026-09-12T16:01:17-05:00,PUR_IED_RepBoliVene_Socia_4b11d5,PUR_IED_RepBoliVene_Socia_4b11d5,,,,,
2026-09-12T16:01:17-05:00,PUR_IED_RepChina_Ext_76d9ee,PUR_IED_RepChina_Ext_76d9ee,,,,,
2026-09-12T16:01:17-05:00,PUR_IED_RepChina_S404_7c804c,PUR_IED_RepChina_S404_7c804c,,,,,
2026-09-12T16:01:17-05:00,PUR_IED_RepChina_S405_df2c33,PUR_IED_RepChina_S405_df2c33,,,,,
2026-09-12T16:01:17-05:00,PUR_IED_RepublicaC_Exteri_7d1ec9,PUR_IED_RepublicaC_Exteri_7d1ec9,,,,,
2026-09-12T16:01:17-05:00,PUR_IED_RepublicaC_S1101_f544b3,PUR_IED_RepublicaC_S1101_f544b3,,,,,
2026-09-12T16:01:17-05:00,PUR_IED_RepublicaC_S1102_7aafc7,PUR_IED_RepublicaC_S1102_7aafc7,,,,,
2026-09-12T16:01:17-05:00,PUR_IED_Ricaurte_Externo_a0ea1,PUR_IED_Ricaurte_Externo_a0ea1,,,,,
2026-09-12T16:01:17-05:00,PUR_IED_Ricaurte_S210_f546fd,PUR_IED_Ricaurte_S210_f546fd,,,,,
2026-09-12T16:01:17-05:00,PUR_IED_Ricaurte_S309_d4452,PUR_IED_Ricaurte_S309_d4452,,,,,
2026-09-12T16:01:17-05:00,PUR_IED_RogelioS_1102_531e69,PUR_IED_RogelioS_1102_531e69,,,,,
2026-09-12T16:01:17-05:00,PUR_IED_RogelioS_Ext_f25a18,PUR_IED_RogelioS_Ext_f25a18,,,,,
2026-09-12T16:01:17-05:00,PUR_IED_SBernardino_Ext_27aff8,PUR_IED_SBernardino_Ext_27aff8,,,,,
2026-09-12T16:01:17-05:00,PUR_IED_SBernardino_SArte_2ffd33,PUR_IED_SBernardino_SArte_2ffd33,,,,,
2026-09-12T16:01:17-05:00,PUR_IED_SBernardino_SIngl_7c7da5,PUR_IED_SBernardino_SIngl_7c7da5,,,,,
2026-09-12T16:01:17-05:00,PUR_IED_Sago_auditorio_dc9d1d,PUR_IED_Sago_auditorio_dc9d1d,,,,,
2026-09-12T16:01:17-05:00,PUR_IED_Saludcoop_Ext_95aac3,PUR_IED_Saludcoop_Ext_95aac3,,,,,
2026-09-12T16:01:17-05:00,PUR_IED_Saludcoop_InfI_90c854,PUR_IED_Saludcoop_InfI_90c854,,,,,
2026-09-12T16:01:17-05:00,PUR_IED_Saludcoop_SMedia_1b93be,PUR_IED_Saludcoop_SMedia_1b93be,,,,,
2026-09-12T16:01:17-05:00,PUR_IED_SanCarlos_1101_1a2360,PUR_IED_SanCarlos_1101_1a2360,,,,,
2026-09-12T16:01:17-05:00,PUR_IED_SanCarlos_1103_7bafb5,PUR_IED_SanCarlos_1103_7bafb5,,,,,
2026-09-12T16:01:17-05:00,PUR_IED_SanCarlos_Ext_b7cd1,PUR_IED_SanCarlos_Ext_b7cd1,,,,,
2026-09-12T16:01:17-05:00,PUR_IED_SanIgnacioBosa11a_50c26e,PUR_IED_SanIgnacioBosa11a_50c26e,,,,,
2026-09-12T16:01:17-05:00,PUR_IED_SanIgnacioBosa11b_371de8,PUR_IED_SanIgnacioBosa11b_371de8,,,,,
2026-09-12T16:01:17-05:00,PUR_IED_SanIgnacioBosaExt_ef0ffc,PUR_IED_SanIgnacioBosaExt_ef0ffc,,,,,
2026-09-12T16:01:17-05:00,PUR_IED_SanIgnacioBosa_11a_50c26e,PUR_IED_SanIgnacioBosa_11a_50c26e,,,,,
2026-09-12T16:01:17-05:00,PUR_IED_SanIgnacioBosa_Ext_ef0ffc,PUR_IED_SanIgnacioBosa_Ext_ef0ffc,,,,,
2026-09-12T16:01:17-05:00,PUR_IED_SanJoseN_intS1101_31c47f,PUR_IED_SanJoseN_intS1101_31c47f,,,,,
2026-09-12T16:01:17-05:00,PUR_IED_SanJoseUsm_Exter_f5d7e8,PUR_IED_SanJoseUsm_Exter_f5d7e8,,,,,
2026-09-12T16:01:17-05:00,PUR_IED_SanJoseUsm_Int11A_cfdef6,PUR_IED_SanJoseUsm_Int11A_cfdef6,,,,,
2026-09-12T16:01:17-05:00,PUR_IED_SilveriaR_IntB5_905349,PUR_IED_SilveriaR_IntB5_905349,,,,,
2026-09-12T16:01:17-05:00,PUR_IED_SilveriaR_IntSD14_981f93,PUR_IED_SilveriaR_IntSD14_981f93,,,,,
2026-09-12T16:01:17-05:00,PUR_IED_SilveriaR_ext_2b651d,PUR_IED_SilveriaR_ext_2b651d,,,,,
2026-09-12T16:01:17-05:00,PUR_IED_SimonB_Exterior_913975,PUR_IED_SimonB_Exterior_913975,,,,,
2026-09-12T16:01:17-05:00,PUR_IED_SimonB_LabQuimi_c56908,PUR_IED_SimonB_LabQuimi_c56908,,,,,
2026-09-12T16:01:17-05:00,PUR_IED_SimonB_informatic_a28c1,PUR_IED_SimonB_informatic_a28c1,,,,,
2026-09-12T16:01:17-05:00,PUR_IED_Sorrento_1102_315f50,PUR_IED_Sorrento_1102_315f50,,,,,
2026-09-12T16:01:17-05:00,PUR_IED_Sorrento_Minte_214eab,PUR_IED_Sorrento_Minte_214eab,,,,,
2026-09-12T16:01:17-05:00,PUR_IED_Sorrento_ext_7c3a0a,PUR_IED_Sorrento_ext_7c3a0a,,,,,
2026-09-12T16:01:17-05:00,PUR_IED_Tabora_Ext_f048ae,PUR_IED_Tabora_Ext_f048ae,,,,,
2026-09-12T16:01:17-05:00,PUR_IED_Tabora_S1102_b07752,PUR_IED_Tabora_S1102_b07752,,,,,
2026-09-12T16:01:17-05:00,PUR_IED_Tabora_S1103_d988f5,PUR_IED_Tabora_S1103_d988f5,,,,,
2026-09-12T16:01:17-05:00,PUR_IED_Tenerife_Ext_1ab188,PUR_IED_Tenerife_Ext_1ab188,,,,,
2026-09-12T16:01:17-05:00,PUR_IED_Tenerife_SDanzas_7bc02e,PUR_IED_Tenerife_SDanzas_7bc02e,,,,,
2026-09-12T16:01:17-05:00,PUR_IED_Tenerife_SIngles_7cc277,PUR_IED_Tenerife_SIngles_7cc277,,,,,
2026-09-12T16:01:17-05:00,PUR_IED_Tibabuyes_Exter_f2683d,PUR_IED_Tibabuyes_Exter_f2683d,,,,,
2026-09-12T16:01:17-05:00,PUR_IED_Tibabuyes_S10_dc87a8,PUR_IED_Tibabuyes_S10_dc87a8,,,,,
2026-09-12T16:01:17-05:00,PUR_IED_Tibabuyes_S15_dc0526,PUR_IED_Tibabuyes_S15_dc0526,,,,,
2026-09-12T16:01:17-05:00,PUR_IED_UnionE_S301_a1043,PUR_IED_UnionE_S301_a1043,,,,,
2026-09-12T16:01:17-05:00,PUR_IED_UnionE_S307_ff6c2f,PUR_IED_UnionE_S307_ff6c2f,,,,,
2026-09-12T16:01:17-05:00,PUR_IED_UnionE__Ext_5e2468,PUR_IED_UnionE__Ext_5e2468,,,,,
2026-09-12T16:01:17-05:00,PUR_IED_VillaRica_Ext_75be7c,PUR_IED_VillaRica_Ext_75be7c,,,,,
2026-09-12T16:01:17-05:00,PUR_IED_VillaRica_S4_cc5dcd,PUR_IED_VillaRica_S4_cc5dcd,,,,,
2026-09-12T16:01:17-05:00,PUR_IED_VillaRica_Sesp_99f5c,PUR_IED_VillaRica_Sesp_99f5c,,,,,
2026-09-12T16:06:04-05:00,PUR_IED_20deJulio_1101_91b1b9,PUR_IED_20deJulio_1101_91b1b9,,,,,
2026-09-12T16:06:04-05:00,PUR_IED_20deJulio_1102_1cfcf9,PUR_IED_20deJulio_1102_1cfcf9,,,,,
2026-09-12T16:06:04-05:00,PUR_IED_20deJulio_Ext_ab60bd,PUR_IED_20deJulio_Ext_ab60bd,,,,,
2026-09-12T16:06:04-05:00,PUR_IED_AgustinFer_Ext_7b9b77,PUR_IED_AgustinFer_Ext_7b9b77,,,,,
2026-09-12T16:06:04-05:00,PUR_IED_AgustinFer_Info2_27b3a7,PUR_IED_AgustinFer_Info2_27b3a7,,,,,
2026-09-12T16:06:04-05:00,PUR_IED_AgustinFer_Sena_54b4eb,PUR_IED_AgustinFer_Sena_54b4eb,,,,,
2026-09-12T16:06:04-05:00,PUR_IED_AlexanderF_1102_caf07b,PUR_IED_AlexanderF_1102_caf07b,,,,,
2026-09-12T16:06:04-05:00,PUR_IED_AlexanderF_1103_c79e71,PUR_IED_AlexanderF_1103_c79e71,,,,,
2026-09-12T16:06:04-05:00,PUR_IED_AlexanderF_Ext_c5b18b,PUR_IED_AlexanderF_Ext_c5b18b,,,,,
2026-09-12T16:06:04-05:00,PUR_IED_AlfonsoLopez_Ext_281d77,PUR_IED_AlfonsoLopez_Ext_281d77,,,,,
2026-09-12T16:06:04-05:00,PUR_IED_AlfonsoLopez_LabF_888ce0,PUR_IED_AlfonsoLopez_LabF_888ce0,,,,,
2026-09-12T16:06:04-05:00,PUR_IED_AlfonsoLopez_SMed_df6a7f,PUR_IED_AlfonsoLopez_SMed_df6a7f,,,,,
2026-09-12T16:06:04-05:00,PUR_IED_AltamiraSO_A2_209f92,PUR_IED_AltamiraSO_A2_209f92,,,,,
2026-09-12T16:06:04-05:00,PUR_IED_AltamiraSO_Ext_186d66,PUR_IED_AltamiraSO_Ext_186d66,,,,,
2026-09-12T16:06:04-05:00,PUR_IED_AltamiraSO_Sistem_27afe1,PUR_IED_AltamiraSO_Sistem_27afe1,,,,,
2026-09-12T16:06:04-05:00,PUR_IED_AlvaroGom_LabQuim_813179,PUR_IED_AlvaroGom_LabQuim_813179,,,,,
2026-09-12T16:06:04-05:00,PUR_IED_AlvaroGomez_Ext_47c7ca,PUR_IED_AlvaroGomez_Ext_47c7ca,,,,,
2026-09-12T16:06:04-05:00,PUR_IED_AlvaroGomez_LabQuim_813179,PUR_IED_AlvaroGomez_LabQuim_813179,,,,,
2026-09-12T16:06:04-05:00,PUR_IED_AlvaroGomez_S23_7ba89f,PUR_IED_AlvaroGomez_S23_7ba89f,,,,,
2026-09-12T16:06:04-05:00,PUR_IED_Amistad_306_dc8728,PUR_IED_Amistad_306_dc8728,,,,,
2026-09-12T16:06:04-05:00,PUR_IED_Amistad_Ext_8cd55e,PUR_IED_Amistad_Ext_8cd55e,,,,,
2026-09-12T16:06:04-05:00,PUR_IED_Amistad_S202_a41169,PUR_IED_Amistad_S202_a41169,,,,,
2026-09-12T16:06:04-05:00,PUR_IED_AndresBello_Bio_fd5f5e,PUR_IED_AndresBello_Bio_fd5f5e,,,,,
2026-09-12T16:06:04-05:00,PUR_IED_AndresBello_ext_dcad65,PUR_IED_AndresBello_ext_dcad65,,,,,
2026-09-12T16:06:04-05:00,PUR_IED_AndresBello_port_eed3ec,PUR_IED_AndresBello_port_eed3ec,,,,,
2026-09-12T16:06:04-05:00,PUR_IED_AngelaR_11b_d90a6b,PUR_IED_AngelaR_11b_d90a6b,,,,,
2026-09-12T16:06:04-05:00,PUR_IED_AngelaR_ext_7cad3e,PUR_IED_AngelaR_ext_7cad3e,3,21,57,4.5825,-74.164497
2026-09-12T16:06:04-05:00,PUR_IED_AntJoseSucre_10mo_df2575,PUR_IED_AntJoseSucre_10mo_df2575,,,,,
2026-09-12T16:06:04-05:00,PUR_IED_AntJoseSucre_Ext_215b36,PUR_IED_AntJoseSucre_Ext_215b36,,,,,
2026-09-12T16:06:04-05:00,PUR_IED_AntJoseSucre_Lab_3139de,PUR_IED_AntJoseSucre_Lab_3139de,,,,,
2026-09-12T16:06:04-05:00,PUR_IED_AntonioGarcia_301_d6b188,PUR_IED_AntonioGarcia_301_d6b188,,,,,
2026-09-12T16:06:04-05:00,PUR_IED_AntonioGarcia_302_88a82,PUR_IED_AntonioGarcia_302_88a82,,,,,
2026-09-12T16:06:04-05:00,PUR_IED_AntonioGarcia_Ext_20950c,PUR_IED_AntonioGarcia_Ext_20950c,,,,,
2026-09-12T16:06:04-05:00,PUR_IED_AntonioVan_Aula2_6dea02,PUR_IED_AntonioVan_Aula2_6dea02,,,,,
2026-09-12T16:06:04-05:00,PUR_IED_AntonioVan_Aula5_f1557e,PUR_IED_AntonioVan_Aula5_f1557e,,,,,
2026-09-12T16:06:04-05:00,PUR_IED_AntonioVan_Ext_406f2f,PUR_IED_AntonioVan_Ext_406f2f,,,,,
2026-09-12T16:06:04-05:00,PUR_IED_Atabanzha_Ext_cc5af9,PUR_IED_Atabanzha_Ext_cc5af9,,,,,
2026-09-12T16:06:04-05:00,PUR_IED_Atabanzha_SA101_56c37,PUR_IED_Atabanzha_SA101_56c37,,,,,
2026-09-12T16:06:04-05:00,PUR_IED_Atabanzha_SB302_27b374,PUR_IED_Atabanzha_SB302_27b374,,,,,
2026-09-12T16:06:04-05:00,PUR_IED_Atahualpa_Ext_fc1748,PUR_IED_Atahualpa_Ext_fc1748,,,,,
2026-09-12T16:06:04-05:00,PUR_IED_Atahualpa_Informa_dc9a95,PUR_IED_Atahualpa_Informa_dc9a95,,,,,
2026-09-12T16:06:04-05:00,PUR_IED_Atahualpa_S1101_f98056,PUR_IED_Atahualpa_S1101_f98056,,,,,
2026-09-12T16:06:04-05:00,PUR_IED_Bellavista_Ext_f5aa74,PUR_IED_Bellavista_Ext_f5aa74,,,,,
2026-09-12T16:06:04-05:00,PUR_IED_Bilbao_11A_916c41,PUR_IED_Bilbao_11A_916c41,,,,,
2026-09-12T16:06:04-05:00,PUR_IED_Bilbao_Ext_fb579a,PUR_IED_Bilbao_Ext_fb579a,,,,,
2026-09-12T16:06:04-05:00,PUR_IED_BrasiliaU_A125_304280,PUR_IED_BrasiliaU_A125_304280,,,,,
2026-09-12T16:06:04-05:00,PUR_IED_BrasiliaU_A203_7c8ca5,PUR_IED_BrasiliaU_A203_7c8ca5,,,,,
2026-09-12T16:06:04-05:00,PUR_IED_BrasiliaU_Ext_8d6e9f,PUR_IED_BrasiliaU_Ext_8d6e9f,3,20,55,4.5175,-74.116302
2026-09-12T16:06:04-05:00,PUR_IED_Brasilia_Ext_fe6593,PUR_IED_Brasilia_Ext_fe6593,,,,,
2026-09-12T16:06:04-05:00,PUR_IED_Brasilia_S24_7c130d,PUR_IED_Brasilia_S24_7c130d,,,,,
2026-09-12T16:06:04-05:00,PUR_IED_Brasilia_S501_186a54,PUR_IED_Brasilia_S501_186a54,,,,,
2026-09-12T16:06:04-05:00,PUR_IED_CHARRY_EXT_f1d5cd,PUR_IED_CHARRY_EXT_f1d5cd,,,,,
2026-09-12T16:06:04-05:00,PUR_IED_CHARRY_INTDANZAS_7a08e6,PUR_IED_CHARRY_INTDANZAS_7a08e6,,,,,
2026-09-12T16:06:04-05:00,PUR_IED_CHARRY_INT_AULA20_dc998d,PUR_IED_CHARRY_INT_AULA20_dc998d,,,,,
2026-09-12T16:06:04-05:00,PUR_IED_COLVIV_1101_S25_7f520a,PUR_IED_COLVIV_1101_S25_7f520a,,,,,
2026-09-12T16:06:04-05:00,PUR_IED_COLVIV_1102_S16_f570ba,PUR_IED_COLVIV_1102_S16_f570ba,,,,,
2026-09-12T16:06:04-05:00,PUR_IED_COLVIV_Ext_1a26fa,PUR_IED_COLVIV_Ext_1a26fa,,,,,
2026-09-12T16:06:04-05:00,PUR_IED_CULPOP_301A_f660f3,PUR_IED_CULPOP_301A_f660f3,,,,,
2026-09-12T16:06:04-05:00,PUR_IED_CULPOP_303_568afe,PUR_IED_CULPOP_303_568afe,,,,,
2026-09-12T16:06:04-05:00,PUR_IED_CULPOP_Ext_e02ccb,PUR_IED_CULPOP_Ext_e02ccb,,,,,
2026-09-12T16:06:04-05:00,PUR_IED_CVillavicen_Ext_26eb58,PUR_IED_CVillavicen_Ext_26eb58,5,17,75,4.487,-74.102798
2026-09-12T16:06:04-05:00,PUR_IED_CVillavicen_Intel_1ce5c2,PUR_IED_CVillavicen_Intel_1ce5c2,,,,,
2026-09-12T16:06:04-05:00,PUR_IED_CVillavicen_Poliv_e0766c,PUR_IED_CVillavicen_Poliv_e0766c,,,,,
2026-09-12T16:06:04-05:00,PUR_IED_CVillavicen_int_1ba140,PUR_IED_CVillavicen_int_1ba140,,,,,
2026-09-12T16:06:04-05:00,PUR_IED_CVillavicen_intel_1ba140,PUR_IED_CVillavicen_intel_1ba140,,,,,
2026-09-12T16:06:04-05:00,PUR_IED_CarlosPizarro_Ext_e307cc,PUR_IED_CarlosPizarro_Ext_e307cc,,,,,
2026-09-12T16:06:04-05:00,PUR_IED_CarlosPizarro_L36_7e5cdb,PUR_IED_CarlosPizarro_L36_7e5cdb,,,,,
2026-09-12T16:06:04-05:00,PUR_IED_CarlosPizarro_L37_c8566c,PUR_IED_CarlosPizarro_L37_c8566c,,,,,
2026-09-12T16:06:04-05:00,PUR_IED_Castilla_Ext_cf35f,PUR_IED_Castilla_Ext_cf35f,,,,,
2026-09-12T16:06:04-05:00,PUR_IED_Castilla_SFisik_360e38,PUR_IED_Castilla_SFisik_360e38,,,,,
2026-09-12T16:06:04-05:00,PUR_IED_Castilla_Sc304_496fbf,PUR_IED_Castilla_Sc304_496fbf,,,,,
2026-09-12T16:06:04-05:00,PUR_IED_CervantesSa_Ext_6b57b,PUR_IED_CervantesSa_Ext_6b57b,3,20,63,4.5128,-74.117203
2026-09-12T16:06:04-05:00,PUR_IED_CervantesSa_S107_225c2b,PUR_IED_CervantesSa_S107_225c2b,,,,,
2026-09-12T16:06:04-05:00,PUR_IED_CervantesSa_S108_940925,PUR_IED_CervantesSa_S108_940925,,,,,
2026-09-12T16:06:04-05:00,PUR_IED_Charry_A20_f53e7c,PUR_IED_Charry_A20_f53e7c,,,,,
2026-09-12T16:06:04-05:00,PUR_IED_Charry_Ext_f1d5cd,PUR_IED_Charry_Ext_f1d5cd,,,,,
2026-09-12T16:06:04-05:00,PUR_IED_Charry_IntAula20_dc998d,PUR_IED_Charry_IntAula20_dc998d,,,,,
2026-09-12T16:06:04-05:00,PUR_IED_Charry_IntDanzas_7a08e6,PUR_IED_Charry_IntDanzas_7a08e6,,,,,
2026-09-12T16:06:04-05:00,PUR_IED_ClememciaC_203_43e2fc,PUR_IED_ClememciaC_203_43e2fc,,,,,
2026-09-12T16:06:04-05:00,PUR_IED_ClememciaC_Ext_1b411a,PUR_IED_ClememciaC_Ext_1b411a,,,,,
2026-09-12T16:06:04-05:00,PUR_IED_ClememciaC_Quimic_44b5fc,PUR_IED_ClememciaC_Quimic_44b5fc,,,,,
2026-09-12T16:06:04-05:00,PUR_IED_ClemenciaC_203_43e2fc,PUR_IED_ClemenciaC_203_43e2fc,,,,,
2026-09-12T16:06:04-05:00,PUR_IED_ClemenciaC_Ext_1b411a,PUR_IED_ClemenciaC_Ext_1b411a,,,,,
2026-09-12T16:06:04-05:00,PUR_IED_ClemenciaC_Quimic_44b5fc,PUR_IED_ClemenciaC_Quimic_44b5fc,,,,,
2026-09-12T16:06:04-05:00,PUR_IED_ColViva_1101_S25_7f520a,PUR_IED_ColViva_1101_S25_7f520a,,,,,
2026-09-12T16:06:04-05:00,PUR_IED_ColViva_1102_S16_f570ba,PUR_IED_ColViva_1102_S16_f570ba,,,,,
2026-09-12T16:06:04-05:00,PUR_IED_ColViva_Ext_1a26fa,PUR_IED_ColViva_Ext_1a26fa,,,,,
2026-09-12T16:06:04-05:00,PUR_IED_ColegioBici_Asist_7c8798,PUR_IED_ColegioBici_Asist_7c8798,,,,,
2026-09-12T16:06:04-05:00,PUR_IED_ColegioBici_Ext_25cbf6,PUR_IED_ColegioBici_Ext_25cbf6,,,,,
2026-09-12T16:06:04-05:00,PUR_IED_ColegioBici_LabQ_7b57db,PUR_IED_ColegioBici_LabQ_7b57db,,,,,
2026-09-12T16:06:04-05:00,PUR_IED_CostaRica_Ext_5e640,PUR_IED_CostaRica_Ext_5e640,,,,,
2026-09-12T16:06:04-05:00,PUR_IED_CostaRica_Quim1_766d1c,PUR_IED_CostaRica_Quim1_766d1c,,,,,
2026-09-12T16:06:04-05:00,PUR_IED_CostaRica__Fisica_6f0873,PUR_IED_CostaRica__Fisica_6f0873,,,,,
2026-09-12T16:06:04-05:00,PUR_IED_CulPopu_301A_f660f3,PUR_IED_CulPopu_301A_f660f3,,,,,
2026-09-12T16:06:04-05:00,PUR_IED_CulPopu_303_568afe,PUR_IED_CulPopu_303_568afe,,,,,
2026-09-12T16:06:04-05:00,PUR_IED_CulPopu_Ext_e02ccb,PUR_IED_CulPopu_Ext_e02ccb,,,,,
2026-09-12T16:06:04-05:00,PUR_IED_Cundinamarca_Ext_f15985,PUR_IED_Cundinamarca_Ext_f15985,,,,,
2026-09-12T16:06:04-05:00,PUR_IED_Cundinamarca_Info_7aa5d7,PUR_IED_Cundinamarca_Info_7aa5d7,,,,,
2026-09-12T16:06:04-05:00,PUR_IED_Cundinamarca_Tec2_f449c7,PUR_IED_Cundinamarca_Tec2_f449c7,,,,,
2026-09-12T16:06:04-05:00,PUR_IED_DiegoM_Aula1_27b314,PUR_IED_DiegoM_Aula1_27b314,,,,,
2026-09-12T16:06:04-05:00,PUR_IED_DiegoM_Ext_d80ac8,PUR_IED_DiegoM_Ext_d80ac8,,,,,
2026-09-12T16:06:04-05:00,PUR_IED_DiegoM_S25_da928f,PUR_IED_DiegoM_S25_da928f,,,,,
2026-09-12T16:06:04-05:00,PUR_IED_ELRODEO_360881,PUR_IED_ELRODEO_360881,,,,,
2026-09-12T16:06:04-05:00,PUR_IED_ELRODEO_ext_360881,PUR_IED_ELRODEO_ext_360881,,,,,
2026-09-12T16:06:04-05:00,PUR_IED_EduardoU_Ext_1c1969,PUR_IED_EduardoU_Ext_1c1969,,,,,
2026-09-12T16:06:04-05:00,PUR_IED_EduardoU_SCiencia_4dfb94,PUR_IED_EduardoU_SCiencia_4dfb94,,,,,
2026-09-12T16:06:04-05:00,PUR_IED_EduardoU_SQuimica_5a46e7,PUR_IED_EduardoU_SQuimica_5a46e7,,,,,
2026-09-12T16:06:04-05:00,PUR_IED_ElRodeo_Aula14_676984,PUR_IED_ElRodeo_Aula14_676984,,,,,
2026-09-12T16:06:04-05:00,PUR_IED_ElRodeo_Aula16_2dd35b,PUR_IED_ElRodeo_Aula16_2dd35b,,,,,
2026-09-12T16:06:04-05:00,PUR_IED_ElRodeo_Ext_360881,PUR_IED_ElRodeo_Ext_360881,,,,,
2026-09-12T16:06:04-05:00,PUR_IED_ElRodeo_Exterior_8c6d28,PUR_IED_ElRodeo_Exterior_8c6d28,,,,,
2026-09-12T16:06:04-05:00,PUR_IED_ElRodeo_ext_360881,PUR_IED_ElRodeo_ext_360881,,,,,
2026-09-12T16:06:04-05:00,PUR_IED_EmmaReyes_Ext_987625,PUR_IED_EmmaReyes_Ext_987625,4,22,49,4.6367,-74.1511
2026-09-12T16:06:04-05:00,PUR_IED_Ensueño_Ext_7f0250,PUR_IED_Ensueño_Ext_7f0250,,,,,
2026-09-12T16:06:04-05:00,PUR_IED_EscNormal_Ext_5fef3b,PUR_IED_EscNormal_Ext_5fef3b,2,21,54,4.5852,-74.096901
2026-09-12T16:06:04-05:00,PUR_IED_EscNormal_S309_5b263,PUR_IED_EscNormal_S309_5b263,,,,,
2026-09-12T16:06:04-05:00,PUR_IED_EscNormal_S310_27b3b8,PUR_IED_EscNormal_S310_27b3b8,,,,,
2026-09-12T16:06:04-05:00,PUR_IED_Evangelista_Conta_f6cd4f,PUR_IED_Evangelista_Conta_f6cd4f,,,,,
2026-09-12T16:06:04-05:00,PUR_IED_Evangelista_Cri_5e16a,PUR_IED_Evangelista_Cri_5e16a,,,,,
2026-09-12T16:06:04-05:00,PUR_IED_Evangelista_Exter_754066,PUR_IED_Evangelista_Exter_754066,,,,,
2026-09-12T16:06:04-05:00,PUR_IED_FMiranda_S209_5cc2a3,PUR_IED_FMiranda_S209_5cc2a3,,,,,
2026-09-12T16:06:04-05:00,PUR_IED_FMiranda_S303_19e344,PUR_IED_FMiranda_S303_19e344,,,,,
2026-09-12T16:06:04-05:00,PUR_IED_FMiranda_ext_f53e7c,PUR_IED_FMiranda_ext_f53e7c,,,,,
2026-09-12T16:06:04-05:00,PUR_IED_FabioLozano_Bibli_1cee05,PUR_IED_FabioLozano_Bibli_1cee05,,,,,
2026-09-12T16:06:04-05:00,PUR_IED_FabioLozano_Ext_6ea285,PUR_IED_FabioLozano_Ext_6ea285,,,,,
2026-09-12T16:06:04-05:00,PUR_IED_FabioLozano_SLudi_f09e1e,PUR_IED_FabioLozano_SLudi_f09e1e,,,,,
2026-09-12T16:06:04-05:00,PUR_IED_FaustinoS_Aula07_27a731,PUR_IED_FaustinoS_Aula07_27a731,,,,,
2026-09-12T16:06:04-05:00,PUR_IED_FaustinoS_Ext_7b936f,PUR_IED_FaustinoS_Ext_7b936f,,,,,
2026-09-12T16:06:04-05:00,PUR_IED_FaustinoS_Fisica_da2c60,PUR_IED_FaustinoS_Fisica_da2c60,,,,,
2026-09-12T16:06:04-05:00,PUR_IED_FeGarciaLo_Ext_dc68ee,PUR_IED_FeGarciaLo_Ext_dc68ee,,,,,
2026-09-12T16:06:04-05:00,PUR_IED_FeGarciaLo_SDanza_f70a59,PUR_IED_FeGarciaLo_SDanza_f70a59,,,,,
2026-09-12T16:06:04-05:00,PUR_IED_FeGarciaLo_SMusic_125cdd,PUR_IED_FeGarciaLo_SMusic_125cdd,,,,,
2026-09-12T16:06:04-05:00,PUR_IED_FederalAlema_Exte_50c345,PUR_IED_FederalAlema_Exte_50c345,,,,,
2026-09-12T16:06:04-05:00,PUR_IED_FederalAlema_S31_f18371,PUR_IED_FederalAlema_S31_f18371,,,,,
2026-09-12T16:06:04-05:00,PUR_IED_FederalAlema_S901_a62cd,PUR_IED_FederalAlema_S901_a62cd,,,,,
2026-09-12T16:06:04-05:00,PUR_IED_FilarmonicaS_A5_f35eb1,PUR_IED_FilarmonicaS_A5_f35eb1,,,,,
2026-09-12T16:06:04-05:00,PUR_IED_FilarmonicaS_Ext_8a3bde,PUR_IED_FilarmonicaS_Ext_8a3bde,,,,,
2026-09-12T16:06:04-05:00,PUR_IED_FilarmonicaS_Spol_406114,PUR_IED_FilarmonicaS_Spol_406114,,,,,
2026-09-12T16:06:04-05:00,PUR_IED_FlorentinoG_A13_d1fa59,PUR_IED_FlorentinoG_A13_d1fa59,,,,,
2026-09-12T16:06:04-05:00,PUR_IED_FlorentinoG_Ext_1ce6ce,PUR_IED_FlorentinoG_Ext_1ce6ce,,,,,
2026-09-12T16:06:04-05:00,PUR_IED_FlorentinoG_Idiom_a66aac,PUR_IED_FlorentinoG_Idiom_a66aac,,,,,
2026-09-12T16:06:04-05:00,PUR_IED_FranciscoMati_Ext_e3869d,PUR_IED_FranciscoMati_Ext_e3869d,,,,,
2026-09-12T16:06:04-05:00,PUR_IED_FranciscoMati_S13_f31c67,PUR_IED_FranciscoMati_S13_f31c67,,,,,
2026-09-12T16:06:04-05:00,PUR_IED_FranciscoMati_S14_97dead,PUR_IED_FranciscoMati_S14_97dead,,,,,
2026-09-12T16:06:04-05:00,PUR_IED_FranciscoPS_Ext_7bfa9a,PUR_IED_FranciscoPS_Ext_7bfa9a,2,22,54,4.5899,-74.110397
2026-09-12T16:06:04-05:00,PUR_IED_FranciscoPS_Infor_fb8f4c,PUR_IED_FranciscoPS_Infor_fb8f4c,,,,,
2026-09-12T16:06:04-05:00,PUR_IED_FranciscoPS_Quimi_94d39c,PUR_IED_FranciscoPS_Quimi_94d39c,,,,,
2026-09-12T16:06:04-05:00,PUR_IED_FranciscoP_LabQ_d7e148,PUR_IED_FranciscoP_LabQ_d7e148,,,,,
2026-09-12T16:06:04-05:00,PUR_IED_FranciscoP_S28_cf9b30,PUR_IED_FranciscoP_S28_cf9b30,,,,,
2026-09-12T16:06:04-05:00,PUR_IED_FranciscoP_ext_e2313,PUR_IED_FranciscoP_ext_e2313,,,,,
2026-09-12T16:06:04-05:00,PUR_IED_FriederichN_Ext_8ac92a,PUR_IED_FriederichN_Ext_8ac92a,,,,,
2026-09-12T16:06:04-05:00,PUR_IED_FriederichN_S301_dd7e5a,PUR_IED_FriederichN_S301_dd7e5a,,,,,
2026-09-12T16:06:04-05:00,PUR_IED_FriederichN_S308_761f4f,PUR_IED_FriederichN_S308_761f4f,,,,,
2026-09-12T16:06:04-05:00,PUR_IED_GSantander_Aula10_533dd7,PUR_IED_GSantander_Aula10_533dd7,,,,,
2026-09-12T16:06:04-05:00,PUR_IED_GSantander_Aula12_fd4e4f,PUR_IED_GSantander_Aula12_fd4e4f,,,,,
2026-09-12T16:06:04-05:00,PUR_IED_GSantander_Aula310_533dd7,PUR_IED_GSantander_Aula310_533dd7,,,,,
2026-09-12T16:06:04-05:00,PUR_IED_GSantander_Aula312_fd4e4f,PUR_IED_GSantander_Aula312_fd4e4f,,,,,
2026-09-12T16:06:04-05:00,PUR_IED_GSantander_Ext_5f66b0,PUR_IED_GSantander_Ext_5f66b0,,,,,
2026-09-12T16:06:04-05:00,PUR_IED_GYomasa_Ext_f6bea5,PUR_IED_GYomasa_Ext_f6bea5,,,,,
2026-09-12T16:06:04-05:00,PUR_IED_GYomasa_LBiol_2c41aa,PUR_IED_GYomasa_LBiol_2c41aa,,,,,
2026-09-12T16:06:04-05:00,PUR_IED_GYomasa_LQuim_33c80,PUR_IED_GYomasa_LQuim_33c80,,,,,
2026-09-12T16:06:04-05:00,PUR_IED_GabBetMejia_Cienc_5a99c,PUR_IED_GabBetMejia_Cienc_5a99c,,,,,
2026-09-12T16:06:04-05:00,PUR_IED_GabBetMejia_Ext_9153d0,PUR_IED_GabBetMejia_Ext_9153d0,,,,,
2026-09-12T16:06:04-05:00,PUR_IED_GabBetMejia_Lab_f55347,PUR_IED_GabBetMejia_Lab_f55347,,,,,
2026-09-12T16:06:04-05:00,PUR_IED_GabBetanMejia_Ext_9153d0,PUR_IED_GabBetanMejia_Ext_9153d0,,,,,
2026-09-12T16:06:04-05:00,PUR_IED_Gaitana_Aula13_7aac11,PUR_IED_Gaitana_Aula13_7aac11,,,,,
2026-09-12T16:06:04-05:00,PUR_IED_Gaitana_Ext_5fcf4,PUR_IED_Gaitana_Ext_5fcf4,,,,,
2026-09-12T16:06:04-05:00,PUR_IED_Gaitana_LabFisica_644448,PUR_IED_Gaitana_LabFisica_644448,,,,,
2026-09-12T16:06:04-05:00,PUR_IED_GenSantander_Dise_8ac858,PUR_IED_GenSantander_Dise_8ac858,,,,,
2026-09-12T16:06:04-05:00,PUR_IED_GenSantander_Ext_8d5dfe,PUR_IED_GenSantander_Ext_8d5dfe,,,,,
2026-09-12T16:06:04-05:00,PUR_IED_GenSantander_Info_6c25b,PUR_IED_GenSantander_Info_6c25b,,,,,
2026-09-12T16:06:04-05:00,PUR_IED_GustavoMo_Exterio_75e63d,PUR_IED_GustavoMo_Exterio_75e63d,,,,,
2026-09-12T16:06:04-05:00,PUR_IED_GustavoMo_LabFisi_224d37,PUR_IED_GustavoMo_LabFisi_224d37,,,,,
2026-09-12T16:06:04-05:00,PUR_IED_GustavoMo_S208_3e6918,PUR_IED_GustavoMo_S208_3e6918,,,,,
2026-09-12T16:06:04-05:00,PUR_IED_GustavoR_A02_8cd4a8,PUR_IED_GustavoR_A02_8cd4a8,,,,,
2026-09-12T16:06:04-05:00,PUR_IED_GustavoR_B11_5b0ed,PUR_IED_GustavoR_B11_5b0ed,,,,,
2026-09-12T16:06:04-05:00,PUR_IED_GustavoR_Ext_7a0c90,PUR_IED_GustavoR_Ext_7a0c90,,,,,
2026-09-12T16:06:04-05:00,PUR_IED_HernandoDuran_Ext_8cd82b,PUR_IED_HernandoDuran_Ext_8cd82b,,,,,
2026-09-12T16:06:04-05:00,PUR_IED_HernandoDuran_S24_2772c6,PUR_IED_HernandoDuran_S24_2772c6,,,,,
2026-09-12T16:06:04-05:00,PUR_IED_HernandoDuran_S30_f2de41,PUR_IED_HernandoDuran_S30_f2de41,,,,,
2026-09-12T16:06:04-05:00,PUR_IED_HolguInUr_S1101_8cd732,PUR_IED_HolguInUr_S1101_8cd732,,,,,
2026-09-12T16:06:04-05:00,PUR_IED_HolguinUr_Exter_ddae6d,PUR_IED_HolguinUr_Exter_ddae6d,,,,,
2026-09-12T16:06:04-05:00,PUR_IED_HolguinUr_LabQuim_92b952,PUR_IED_HolguinUr_LabQuim_92b952,,,,,
2026-09-12T16:06:04-05:00,PUR_IED_Isabel-II_Ext_5245cc,PUR_IED_Isabel-II_Ext_5245cc,2,20,55,4.6336,-74.153
2026-09-12T16:06:04-05:00,PUR_IED_Isabel-II_S_idiom_1c29aa,PUR_IED_Isabel-II_S_idiom_1c29aa,,,,,
2026-09-12T16:06:04-05:00,PUR_IED_Isabel-II_S_infor_fd741,PUR_IED_Isabel-II_S_infor_fd741,,,,,
2026-09-12T16:06:04-05:00,PUR_IED_IsidroSur_Exterio_5b90ea,PUR_IED_IsidroSur_Exterio_5b90ea,,,,,
2026-09-12T16:06:04-05:00,PUR_IED_IsidroSur_LabTec_56697a,PUR_IED_IsidroSur_LabTec_56697a,,,,,
2026-09-12T16:06:04-05:00,PUR_IED_IsidroSur_Robotic_b7c38f,PUR_IED_IsidroSur_Robotic_b7c38f,,,,,
2026-09-12T16:06:04-05:00,PUR_IED_IsmaelPerd_Ext_7b6672,PUR_IED_IsmaelPerd_Ext_7b6672,,,,,
2026-09-12T16:06:04-05:00,PUR_IED_IsmaelPerd_Inform_306540,PUR_IED_IsmaelPerd_Inform_306540,,,,,
2026-09-12T16:06:04-05:00,PUR_IED_IsmaelPerd_S30_2e2c83,PUR_IED_IsmaelPerd_S30_2e2c83,,,,,
2026-09-12T16:06:04-05:00,PUR_IED_JLozano_Exter_432910,PUR_IED_JLozano_Exter_432910,,,,,
2026-09-12T16:06:04-05:00,PUR_IED_JLozano_salaMulti_df5125,PUR_IED_JLozano_salaMulti_df5125,,,,,
2026-09-12T16:06:04-05:00,PUR_IED_JMCordoba_206_86f80b,PUR_IED_JMCordoba_206_86f80b,,,,,
2026-09-12T16:06:04-05:00,PUR_IED_JMCordoba_Ext_27ad97,PUR_IED_JMCordoba_Ext_27ad97,,,,,
2026-09-12T16:06:04-05:00,PUR_IED_JMCordoba_S310_d59ab4,PUR_IED_JMCordoba_S310_d59ab4,,,,,
2026-09-12T16:06:04-05:00,PUR_IED_Japon_Ext_549100,PUR_IED_Japon_Ext_549100,,,,,
2026-09-12T16:06:04-05:00,PUR_IED_Japon_Laboratorio_bec51d,PUR_IED_Japon_Laboratorio_bec51d,,,,,
2026-09-12T16:06:04-05:00,PUR_IED_Japon_informatica_d99327,PUR_IED_Japon_informatica_d99327,,,,,
2026-09-12T16:06:04-05:00,PUR_IED_Jazmin_Ext_d27bda,PUR_IED_Jazmin_Ext_d27bda,,,,,
2026-09-12T16:06:04-05:00,PUR_IED_Jazmin_Fisica_8d14d7,PUR_IED_Jazmin_Fisica_8d14d7,,,,,
2026-09-12T16:06:04-05:00,PUR_IED_Jazmin_Quimica_801cb5,PUR_IED_Jazmin_Quimica_801cb5,,,,,
2026-09-12T16:06:04-05:00,PUR_IED_JorgeGaitan_Exter_f098d1,PUR_IED_JorgeGaitan_Exter_f098d1,,,,,
2026-09-12T16:06:04-05:00,PUR_IED_JorgeGaitan_STec1_dc9d1d,PUR_IED_JorgeGaitan_STec1_dc9d1d,,,,,
2026-09-12T16:06:04-05:00,PUR_IED_JorgeGaitan_STec2_281e69,PUR_IED_JorgeGaitan_STec2_281e69,,,,,
2026-09-12T16:06:04-05:00,PUR_IED_JorgeSoto_Exterio_d9d0a2,PUR_IED_JorgeSoto_Exterio_d9d0a2,,,,,
2026-09-12T16:06:04-05:00,PUR_IED_JorgeSoto_LabFisi_209c54,PUR_IED_JorgeSoto_LabFisi_209c54,,,,,
2026-09-12T16:06:04-05:00,PUR_IED_JorgeSoto_S103_27b51a,PUR_IED_JorgeSoto_S103_27b51a,,,,,
2026-09-12T16:06:04-05:00,PUR_IED_JoseAcevedo_A02_e965eb,PUR_IED_JoseAcevedo_A02_e965eb,,,,,
2026-09-12T16:06:04-05:00,PUR_IED_JoseAcevedo_A07_dd5b4,PUR_IED_JoseAcevedo_A07_dd5b4,,,,,
2026-09-12T16:06:04-05:00,PUR_IED_JoseAcevedo_Ext_b47484,PUR_IED_JoseAcevedo_Ext_b47484,,,,,
2026-09-12T16:06:04-05:00,PUR_IED_JoseMarti_Exte_5b9bf,PUR_IED_JoseMarti_Exte_5b9bf,,,,,
2026-09-12T16:06:04-05:00,PUR_IED_JoseMarti_LabQuim_1c6c2d,PUR_IED_JoseMarti_LabQuim_1c6c2d,,,,,
2026-09-12T16:06:04-05:00,PUR_IED_JoseMarti_S_info_f5f177,PUR_IED_JoseMarti_S_info_f5f177,,,,,
2026-09-12T16:06:04-05:00,PUR_IED_Josejoaquin_Ext_dfc5dc,PUR_IED_Josejoaquin_Ext_dfc5dc,,,,,
2026-09-12T16:06:04-05:00,PUR_IED_Josejoaquin_S05_5b2a96,PUR_IED_Josejoaquin_S05_5b2a96,,,,,
2026-09-12T16:06:04-05:00,PUR_IED_Josejoaquin_S06_1ce7d2,PUR_IED_Josejoaquin_S06_1ce7d2,,,,,
2026-09-12T16:06:04-05:00,PUR_IED_JulioFlorez_Danza_9b82dd,PUR_IED_JulioFlorez_Danza_9b82dd,,,,,
2026-09-12T16:06:04-05:00,PUR_IED_JulioFlorez_Exter_f9f314,PUR_IED_JulioFlorez_Exter_f9f314,,,,,
2026-09-12T16:06:04-05:00,PUR_IED_JulioFlorez_info2_6b6e08,PUR_IED_JulioFlorez_info2_6b6e08,,,,,
2026-09-12T16:06:04-05:00,PUR_IED_LaBelleza_Aula13_1d00d8,PUR_IED_LaBelleza_Aula13_1d00d8,,,,,
2026-09-12T16:06:04-05:00,PUR_IED_LaBelleza_Ext_7bc08c,PUR_IED_LaBelleza_Ext_7bc08c,,,,,
2026-09-12T16:06:04-05:00,PUR_IED_LaChucua_Ext_8cd6d2,PUR_IED_LaChucua_Ext_8cd6d2,,,,,
2026-09-12T16:06:04-05:00,PUR_IED_LaChucua_S15_f578ce,PUR_IED_LaChucua_S15_f578ce,,,,,
2026-09-12T16:06:04-05:00,PUR_IED_LaChucua_S16_eebcf9,PUR_IED_LaChucua_S16_eebcf9,,,,,
2026-09-12T16:06:04-05:00,PUR_IED_LaFelicidad_Ext_fb5109,PUR_IED_LaFelicidad_Ext_fb5109,,,,,
2026-09-12T16:06:04-05:00,PUR_IED_LaMerced_206_66ebd,PUR_IED_LaMerced_206_66ebd,,,,,
2026-09-12T16:06:04-05:00,PUR_IED_LaMerced_207_6ebd6,PUR_IED_LaMerced_207_6ebd6,,,,,
2026-09-12T16:06:04-05:00,PUR_IED_LaMerced_ext_304311,PUR_IED_LaMerced_ext_304311,,,,,
2026-09-12T16:06:04-05:00,PUR_IED_Laureano_CiencNat_281e5e,PUR_IED_Laureano_CiencNat_281e5e,,,,,
2026-09-12T16:06:04-05:00,PUR_IED_Laureano_Comedor_f65c0a,PUR_IED_Laureano_Comedor_f65c0a,,,,,
2026-09-12T16:06:04-05:00,PUR_IED_Laureano_Exterior_7ab011,PUR_IED_Laureano_Exterior_7ab011,,,,,
2026-09-12T16:06:04-05:00,PUR_IED_LeonGreiff_Exte_dfe560,PUR_IED_LeonGreiff_Exte_dfe560,,,,,
2026-09-12T16:06:04-05:00,PUR_IED_LeonGreiff_S210_f264ed,PUR_IED_LeonGreiff_S210_f264ed,,,,,
2026-09-12T16:06:04-05:00,PUR_IED_LeonGreiff_SQuimi_e8296f,PUR_IED_LeonGreiff_SQuimi_e8296f,,,,,
2026-09-12T16:06:04-05:00,PUR_IED_LlanoOrientalS208_7b9fcd,PUR_IED_LlanoOrientalS208_7b9fcd,,,,,
2026-09-12T16:06:04-05:00,PUR_IED_LlanoOriental_Ext_fb3766,PUR_IED_LlanoOriental_Ext_fb3766,,,,,
2026-09-12T16:06:04-05:00,PUR_IED_LlanoOriental_S208_7b9fcd,PUR_IED_LlanoOriental_S208_7b9fcd,,,,,
2026-09-12T16:06:04-05:00,PUR_IED_LlanoOriental_S9_27b378,PUR_IED_LlanoOriental_S9_27b378,,,,,
2026-09-12T16:06:04-05:00,PUR_IED_LosTejares_1101_477602,PUR_IED_LosTejares_1101_477602,,,,,
2026-09-12T16:06:04-05:00,PUR_IED_LosTejares_11_d2c595,PUR_IED_LosTejares_11_d2c595,,,,,
2026-09-12T16:06:04-05:00,PUR_IED_LosTejares_12_477602,PUR_IED_LosTejares_12_477602,,,,,
2026-09-12T16:06:04-05:00,PUR_IED_LosTejares_Ext_8e2115,PUR_IED_LosTejares_Ext_8e2115,,,,,
2026-09-12T16:06:04-05:00,PUR_IED_MagdalenaO_B202_5ddda3,PUR_IED_MagdalenaO_B202_5ddda3,,,,,
2026-09-12T16:06:04-05:00,PUR_IED_MagdalenaO_B205_fb76e8,PUR_IED_MagdalenaO_B205_fb76e8,,,,,
2026-09-12T16:06:04-05:00,PUR_IED_MagdalenaO_ext_dc69cd,PUR_IED_MagdalenaO_ext_dc69cd,,,,,
2026-09-12T16:06:04-05:00,PUR_IED_ManueCepeda_artes_eee956,PUR_IED_ManueCepeda_artes_eee956,,,,,
2026-09-12T16:06:04-05:00,PUR_IED_ManuelCepeda_Ext_58313,PUR_IED_ManuelCepeda_Ext_58313,,,,,
2026-09-12T16:06:04-05:00,PUR_IED_ManuelCepeda_tec_1c5731,PUR_IED_ManuelCepeda_tec_1c5731,,,,,
2026-09-12T16:06:04-05:00,PUR_IED_ManuelS_Exterior_5b269,PUR_IED_ManuelS_Exterior_5b269,,,,,
2026-09-12T16:06:04-05:00,PUR_IED_ManuelS_Inform_f369ce,PUR_IED_ManuelS_Inform_f369ce,,,,,
2026-09-12T16:06:04-05:00,PUR_IED_ManuelS_SArtes_7d15f1,PUR_IED_ManuelS_SArtes_7d15f1,,,,,
2026-09-12T16:06:04-05:00,PUR_IED_ManuelZapata_303_3ca6,PUR_IED_ManuelZapata_303_3ca6,,,,,
2026-09-12T16:06:04-05:00,PUR_IED_ManuelZapata_311_bfbabc,PUR_IED_ManuelZapata_311_bfbabc,,,,,
2026-09-12T16:06:04-05:00,PUR_IED_ManuelZapata_Ext_50824a,PUR_IED_ManuelZapata_Ext_50824a,,,,,
2026-09-12T16:06:04-05:00,PUR_IED_ManuelitaS_Exteri_656a92,PUR_IED_ManuelitaS_Exteri_656a92,,,,,
2026-09-12T16:06:04-05:00,PUR_IED_ManuelitaS_JuzgDe_f58ec3,PUR_IED_ManuelitaS_JuzgDe_f58ec3,,,,,
2026-09-12T16:06:04-05:00,PUR_IED_ManuelitaS_Recrea_d793db,PUR_IED_ManuelitaS_Recrea_d793db,,,,,
2026-09-12T16:06:04-05:00,PUR_IED_MarFidSuarez_Ext_c27b19,PUR_IED_MarFidSuarez_Ext_c27b19,,,,,
2026-09-12T16:06:04-05:00,PUR_IED_MarFidSuarez_Info_e384d7,PUR_IED_MarFidSuarez_Info_e384d7,,,,,
2026-09-12T16:06:04-05:00,PUR_IED_MarFidSuarez_S306_1d0032,PUR_IED_MarFidSuarez_S306_1d0032,,,,,
2026-09-12T16:06:04-05:00,PUR_IED_Menorah_301_2a25a3,PUR_IED_Menorah_301_2a25a3,,,,,
2026-09-12T16:06:04-05:00,PUR_IED_Menorah_306_37ed3,PUR_IED_Menorah_306_37ed3,,,,,
2026-09-12T16:06:04-05:00,PUR_IED_Menorah_Ext_3e155b,PUR_IED_Menorah_Ext_3e155b,,,,,
2026-09-12T16:06:04-05:00,PUR_IED_MinutoB.Aires_A11_1b1604,PUR_IED_MinutoB.Aires_A11_1b1604,,,,,
2026-09-12T16:06:04-05:00,PUR_IED_MinutoB.Aires_A12_fb5860,PUR_IED_MinutoB.Aires_A12_fb5860,,,,,
2026-09-12T16:06:04-05:00,PUR_IED_MinutoB.Aires_Ext_81293f,PUR_IED_MinutoB.Aires_Ext_81293f,,,,,
2026-09-12T16:06:04-05:00,PUR_IED_MinutoBAires_A11_1b1604,PUR_IED_MinutoBAires_A11_1b1604,,,,,
2026-09-12T16:06:04-05:00,PUR_IED_MinutoBAires_A12_fb5860,PUR_IED_MinutoBAires_A12_fb5860,,,,,
2026-09-12T16:06:04-05:00,PUR_IED_MinutoBAires_Ext_81293f,PUR_IED_MinutoBAires_Ext_81293f,,,,,
2026-09-12T16:06:04-05:00,PUR_IED_Montreal_Aula10_1e4959,PUR_IED_Montreal_Aula10_1e4959,,,,,
2026-09-12T16:06:04-05:00,PUR_IED_Montreal_Aula6_300367,PUR_IED_Montreal_Aula6_300367,,,,,
2026-09-12T16:06:04-05:00,PUR_IED_Montreal_Exterior_91a179,PUR_IED_Montreal_Exterior_91a179,,,,,
2026-09-12T16:06:04-05:00,PUR_IED_Mqgdalena_B202_5ddda3,PUR_IED_Mqgdalena_B202_5ddda3,,,,,
2026-09-12T16:06:04-05:00,PUR_IED_NACUND_Soc_dc8728,PUR_IED_NACUND_Soc_dc8728,,,,,
2026-09-12T16:06:04-05:00,PUR_IED_NACUND_ext_27ad97,PUR_IED_NACUND_ext_27ad97,,,,,
2026-09-12T16:06:04-05:00,PUR_IED_NEsperanza_Ext_d24b61,PUR_IED_NEsperanza_Ext_d24b61,,,,,
2026-09-12T16:06:04-05:00,PUR_IED_NEsperanza_SElect_7d1807,PUR_IED_NEsperanza_SElect_7d1807,,,,,
2026-09-12T16:06:04-05:00,PUR_IED_NEsperanza_SLabor_8b2d0a,PUR_IED_NEsperanza_SLabor_8b2d0a,,,,,
2026-09-12T16:06:04-05:00,PUR_IED_NacionesU_Ext_f661a9,PUR_IED_NacionesU_Ext_f661a9,,,,,
2026-09-12T16:06:04-05:00,PUR_IED_NacionesU_Quimica_66f0a,PUR_IED_NacionesU_Quimica_66f0a,,,,,
2026-09-12T16:06:04-05:00,PUR_IED_NacionesU_S306_1b4b3d,PUR_IED_NacionesU_S306_1b4b3d,,,,,
2026-09-12T16:06:04-05:00,PUR_IED_NestorFA_Ext_e4201c,PUR_IED_NestorFA_Ext_e4201c,,,,,
2026-09-12T16:06:04-05:00,PUR_IED_NestorFA_Laborato_f22fe0,PUR_IED_NestorFA_Laborato_f22fe0,,,,,
2026-09-12T16:06:04-05:00,PUR_IED_NestorFA_S204_dee996,PUR_IED_NestorFA_S204_dee996,,,,,
2026-09-12T16:06:04-05:00,PUR_IED_NidyaQT_Aula03_76999b,PUR_IED_NidyaQT_Aula03_76999b,,,,,
2026-09-12T16:06:04-05:00,PUR_IED_NidyaQT_Aula10_56325,PUR_IED_NidyaQT_Aula10_56325,,,,,
2026-09-12T16:06:04-05:00,PUR_IED_NidyaQT_Ext_46e32d,PUR_IED_NidyaQT_Ext_46e32d,,,,,
2026-09-12T16:06:04-05:00,PUR_IED_NuevaCol_Exterior_d9b859,PUR_IED_NuevaCol_Exterior_d9b859,,,,,
2026-09-12T16:06:04-05:00,PUR_IED_NuevaCol_S1101_76c43b,PUR_IED_NuevaCol_S1101_76c43b,,,,,
2026-09-12T16:06:04-05:00,PUR_IED_NuevaCol_S1102_1ce0b5,PUR_IED_NuevaCol_S1102_1ce0b5,,,,,
2026-09-12T16:06:04-05:00,PUR_IED_OEA_A202_f7e3f2,PUR_IED_OEA_A202_f7e3f2,,,,,
2026-09-12T16:06:04-05:00,PUR_IED_OEA_A203_7d1b8d,PUR_IED_OEA_A203_7d1b8d,,,,,
2026-09-12T16:06:04-05:00,PUR_IED_OEA_Ext_27b593,PUR_IED_OEA_Ext_27b593,,,,,
2026-09-12T16:06:04-05:00,PUR_IED_Ochoa_Ext_1c29da,PUR_IED_Ochoa_Ext_1c29da,,,,,
2026-09-12T16:06:04-05:00,PUR_IED_Ochoa_S205_8b1121,PUR_IED_Ochoa_S205_8b1121,,,,,
2026-09-12T16:06:04-05:00,PUR_IED_Ochoa_Sistemas_f33af6,PUR_IED_Ochoa_Sistemas_f33af6,,,,,
2026-09-12T16:06:04-05:00,PUR_IED_PQuebec_Ext_1c67c7,PUR_IED_PQuebec_Ext_1c67c7,,,,,
2026-09-12T16:06:04-05:00,PUR_IED_PQuebec_S15_23e8e2,PUR_IED_PQuebec_S15_23e8e2,,,,,
2026-09-12T16:06:04-05:00,PUR_IED_PQuebec_S16_8ec76b,PUR_IED_PQuebec_S16_8ec76b,,,,,
2026-09-12T16:06:04-05:00,PUR_IED_PabloN_Ext_49dc96,PUR_IED_PabloN_Ext_49dc96,,,,,
2026-09-12T16:06:04-05:00,PUR_IED_PabloN_S1102_4e3df5,PUR_IED_PabloN_S1102_4e3df5,,,,,
2026-09-12T16:06:04-05:00,PUR_IED_PabloN_S1103_50c94b,PUR_IED_PabloN_S1103_50c94b,,,,,
2026-09-12T16:06:04-05:00,PUR_IED_Palestina_S1101_db9198,PUR_IED_Palestina_S1101_db9198,,,,,
2026-09-12T16:06:04-05:00,PUR_IED_Palestina_S1102_dc54fa,PUR_IED_Palestina_S1102_dc54fa,,,,,
2026-09-12T16:06:04-05:00,PUR_IED_Palestina_ext_4ccce6,PUR_IED_Palestina_ext_4ccce6,,,,,
2026-09-12T16:06:04-05:00,PUR_IED_Panama_Fisica_4d0794,PUR_IED_Panama_Fisica_4d0794,,,,,
2026-09-12T16:06:04-05:00,PUR_IED_Panama_SIngles_a4077e,PUR_IED_Panama_SIngles_a4077e,,,,,
2026-09-12T16:06:04-05:00,PUR_IED_Panama_ext_4c54b4,PUR_IED_Panama_ext_4c54b4,,,,,
2026-09-12T16:06:04-05:00,PUR_IED_ParaisoM_Exterior_8cd7f0,PUR_IED_ParaisoM_Exterior_8cd7f0,,,,,
2026-09-12T16:06:04-05:00,PUR_IED_ParaisoM_Laborato_27af35,PUR_IED_ParaisoM_Laborato_27af35,,,,,
2026-09-12T16:06:04-05:00,PUR_IED_ParaisoM_S304_d1edca,PUR_IED_ParaisoM_S304_d1edca,,,,,
2026-09-12T16:06:04-05:00,PUR_IED_PorfirioBarba_Ext_301466,PUR_IED_PorfirioBarba_Ext_301466,,,,,
2026-09-12T16:06:04-05:00,PUR_IED_PorfirioBarba_S11_df6cd2,PUR_IED_PorfirioBarba_S11_df6cd2,,,,,
2026-09-12T16:06:04-05:00,PUR_IED_PorfirioBarba_S29_27a7d6,PUR_IED_PorfirioBarba_S29_27a7d6,,,,,
2026-09-12T16:06:04-05:00,PUR_IED_PradoV_Exter_8b27ad,PUR_IED_PradoV_Exter_8b27ad,,,,,
2026-09-12T16:06:04-05:00,PUR_IED_PradoV_S301_de65b5,PUR_IED_PradoV_S301_de65b5,,,,,
2026-09-12T16:06:04-05:00,PUR_IED_PradoV_S302_7d2593,PUR_IED_PradoV_S302_7d2593,,,,,
2026-09-12T16:06:04-05:00,PUR_IED_QuirogaAlz_Ext_1ddc82,PUR_IED_QuirogaAlz_Ext_1ddc82,,,,,
2026-09-12T16:06:04-05:00,PUR_IED_QuirogaAlz_S302_9926a3,PUR_IED_QuirogaAlz_S302_9926a3,,,,,
2026-09-12T16:06:04-05:00,PUR_IED_QuirogaAlz_S305_cdf1f1,PUR_IED_QuirogaAlz_S305_cdf1f1,,,,,
2026-09-12T16:06:04-05:00,PUR_IED_RGuatemala_Biling_dc53b7,PUR_IED_RGuatemala_Biling_dc53b7,,,,,
2026-09-12T16:06:04-05:00,PUR_IED_RGuatemala_Ext_1b89a3,PUR_IED_RGuatemala_Ext_1b89a3,,,,,
2026-09-12T16:06:04-05:00,PUR_IED_RGuatemala_Tecnol_281a34,PUR_IED_RGuatemala_Tecnol_281a34,,,,,
2026-09-12T16:06:04-05:00,PUR_IED_RafaNu_Ext_f7c302,PUR_IED_RafaNu_Ext_f7c302,,,,,
2026-09-12T16:06:04-05:00,PUR_IED_RafaNu_S1101_25fde,PUR_IED_RafaNu_S1101_25fde,,,,,
2026-09-12T16:06:04-05:00,PUR_IED_RafaNu_S1102_281517,PUR_IED_RafaNu_S1102_281517,,,,,
2026-09-12T16:06:04-05:00,PUR_IED_RafaelB_S305_ee2783,PUR_IED_RafaelB_S305_ee2783,,,,,
2026-09-12T16:06:04-05:00,PUR_IED_RafaelB_S306_75fe33,PUR_IED_RafaelB_S306_75fe33,,,,,
2026-09-12T16:06:04-05:00,PUR_IED_RafaelB_ext_283336,PUR_IED_RafaelB_ext_283336,2,20,56,4.6722,-74.0737
2026-09-12T16:06:04-05:00,PUR_IED_RafaelUU_Exterior_281a51,PUR_IED_RafaelUU_Exterior_281a51,,,,,
2026-09-12T16:06:04-05:00,PUR_IED_RafaelUU_Human_806b2,PUR_IED_RafaelUU_Human_806b2,,,,,
2026-09-12T16:06:04-05:00,PUR_IED_RafaelUU_Mate2_5680d4,PUR_IED_RafaelUU_Mate2_5680d4,,,,,
2026-09-12T16:06:04-05:00,PUR_IED_RamonSub_Ext_f9eeb9,PUR_IED_RamonSub_Ext_f9eeb9,,,,,
2026-09-12T16:06:04-05:00,PUR_IED_RamonSub_Media_d1f62f,PUR_IED_RamonSub_Media_d1f62f,,,,,
2026-09-12T16:06:04-05:00,PUR_IED_RamonSub_planta_51b82,PUR_IED_RamonSub_planta_51b82,,,,,
2026-09-12T16:06:04-05:00,PUR_IED_RepBoliVene_Exter_27af7c,PUR_IED_RepBoliVene_Exter_27af7c,,,,,
2026-09-12T16:06:04-05:00,PUR_IED_RepBoliVene_SCPT_5ae2ee,PUR_IED_RepBoliVene_SCPT_5ae2ee,,,,,
2026-09-12T16:06:04-05:00,PUR_IED_RepBoliVene_Socia_4b11d5,PUR_IED_RepBoliVene_Socia_4b11d5,,,,,
2026-09-12T16:06:04-05:00,PUR_IED_RepChina_Ext_76d9ee,PUR_IED_RepChina_Ext_76d9ee,,,,,
2026-09-12T16:06:04-05:00,PUR_IED_RepChina_S404_7c804c,PUR_IED_RepChina_S404_7c804c,,,,,
2026-09-12T16:06:04-05:00,PUR_IED_RepChina_S405_df2c33,PUR_IED_RepChina_S405_df2c33,,,,,
2026-09-12T16:06:04-05:00,PUR_IED_RepublicaC_Exteri_7d1ec9,PUR_IED_RepublicaC_Exteri_7d1ec9,,,,,
2026-09-12T16:06:04-05:00,PUR_IED_RepublicaC_S1101_f544b3,PUR_IED_RepublicaC_S1101_f544b3,,,,,
2026-09-12T16:06:04-05:00,PUR_IED_RepublicaC_S1102_7aafc7,PUR_IED_RepublicaC_S1102_7aafc7,,,,,
2026-09-12T16:06:04-05:00,PUR_IED_Ricaurte_Externo_a0ea1,PUR_IED_Ricaurte_Externo_a0ea1,,,,,
2026-09-12T16:06:04-05:00,PUR_IED_Ricaurte_S210_f546fd,PUR_IED_Ricaurte_S210_f546fd,,,,,
2026-09-12T16:06:04-05:00,PUR_IED_Ricaurte_S309_d4452,PUR_IED_Ricaurte_S309_d4452,,,,,
2026-09-12T16:06:04-05:00,PUR_IED_RogelioS_1102_531e69,PUR_IED_RogelioS_1102_531e69,,,,,
2026-09-12T16:06:04-05:00,PUR_IED_RogelioS_Ext_f25a18,PUR_IED_RogelioS_Ext_f25a18,,,,,
2026-09-12T16:06:04-05:00,PUR_IED_SBernardino_Ext_27aff8,PUR_IED_SBernardino_Ext_27aff8,,,,,
2026-09-12T16:06:04-05:00,PUR_IED_SBernardino_SArte_2ffd33,PUR_IED_SBernardino_SArte_2ffd33,,,,,
2026-09-12T16:06:04-05:00,PUR_IED_SBernardino_SIngl_7c7da5,PUR_IED_SBernardino_SIngl_7c7da5,,,,,
2026-09-12T16:06:04-05:00,PUR_IED_Sago_auditorio_dc9d1d,PUR_IED_Sago_auditorio_dc9d1d,,,,,
2026-09-12T16:06:04-05:00,PUR_IED_Saludcoop_Ext_95aac3,PUR_IED_Saludcoop_Ext_95aac3,,,,,
2026-09-12T16:06:04-05:00,PUR_IED_Saludcoop_InfI_90c854,PUR_IED_Saludcoop_InfI_90c854,,,,,
2026-09-12T16:06:04-05:00,PUR_IED_Saludcoop_SMedia_1b93be,PUR_IED_Saludcoop_SMedia_1b93be,,,,,
2026-09-12T16:06:04-05:00,PUR_IED_SanCarlos_1101_1a2360,PUR_IED_SanCarlos_1101_1a2360,,,,,
2026-09-12T16:06:04-05:00,PUR_IED_SanCarlos_1103_7bafb5,PUR_IED_SanCarlos_1103_7bafb5,,,,,
2026-09-12T16:06:04-05:00,PUR_IED_SanCarlos_Ext_b7cd1,PUR_IED_SanCarlos_Ext_b7cd1,,,,,
2026-09-12T16:06:04-05:00,PUR_IED_SanIgnacioBosa11a_50c26e,PUR_IED_SanIgnacioBosa11a_50c26e,,,,,
2026-09-12T16:06:04-05:00,PUR_IED_SanIgnacioBosa11b_371de8,PUR_IED_SanIgnacioBosa11b_371de8,,,,,
2026-09-12T16:06:04-05:00,PUR_IED_SanIgnacioBosaExt_ef0ffc,PUR_IED_SanIgnacioBosaExt_ef0ffc,,,,,
2026-09-12T16:06:04-05:00,PUR_IED_SanIgnacioBosa_11a_50c26e,PUR_IED_SanIgnacioBosa_11a_50c26e,,,,,
2026-09-12T16:06:04-05:00,PUR_IED_SanIgnacioBosa_Ext_ef0ffc,PUR_IED_SanIgnacioBosa_Ext_ef0ffc,,,,,
2026-09-12T16:06:04-05:00,PUR_IED_SanJoseN_intS1101_31c47f,PUR_IED_SanJoseN_intS1101_31c47f,,,,,
2026-09-12T16:06:04-05:00,PUR_IED_SanJoseUsm_Exter_f5d7e8,PUR_IED_SanJoseUsm_Exter_f5d7e8,,,,,
2026-09-12T16:06:04-05:00,PUR_IED_SanJoseUsm_Int11A_cfdef6,PUR_IED_SanJoseUsm_Int11A_cfdef6,,,,,
2026-09-12T16:06:04-05:00,PUR_IED_SilveriaR_IntB5_905349,PUR_IED_SilveriaR_IntB5_905349,,,,,
2026-09-12T16:06:04-05:00,PUR_IED_SilveriaR_IntSD14_981f93,PUR_IED_SilveriaR_IntSD14_981f93,,,,,
2026-09-12T16:06:04-05:00,PUR_IED_SilveriaR_ext_2b651d,PUR_IED_SilveriaR_ext_2b651d,,,,,
2026-09-12T16:06:04-05:00,PUR_IED_SimonB_Exterior_913975,PUR_IED_SimonB_Exterior_913975,,,,,
2026-09-12T16:06:04-05:00,PUR_IED_SimonB_LabQuimi_c56908,PUR_IED_SimonB_LabQuimi_c56908,,,,,
2026-09-12T16:06:04-05:00,PUR_IED_SimonB_informatic_a28c1,PUR_IED_SimonB_informatic_a28c1,,,,,
2026-09-12T16:06:04-05:00,PUR_IED_Sorrento_1102_315f50,PUR_IED_Sorrento_1102_315f50,,,,,
2026-09-12T16:06:04-05:00,PUR_IED_Sorrento_Minte_214eab,PUR_IED_Sorrento_Minte_214eab,,,,,
2026-09-12T16:06:04-05:00,PUR_IED_Sorrento_ext_7c3a0a,PUR_IED_Sorrento_ext_7c3a0a,,,,,
2026-09-12T16:06:04-05:00,PUR_IED_Tabora_Ext_f048ae,PUR_IED_Tabora_Ext_f048ae,,,,,
2026-09-12T16:06:04-05:00,PUR_IED_Tabora_S1102_b07752,PUR_IED_Tabora_S1102_b07752,,,,,
2026-09-12T16:06:04-05:00,PUR_IED_Tabora_S1103_d988f5,PUR_IED_Tabora_S1103_d988f5,,,,,
2026-09-12T16:06:04-05:00,PUR_IED_Tenerife_Ext_1ab188,PUR_IED_Tenerife_Ext_1ab188,,,,,
2026-09-12T16:06:04-05:00,PUR_IED_Tenerife_SDanzas_7bc02e,PUR_IED_Tenerife_SDanzas_7bc02e,,,,,
2026-09-12T16:06:04-05:00,PUR_IED_Tenerife_SIngles_7cc277,PUR_IED_Tenerife_SIngles_7cc277,,,,,
2026-09-12T16:06:04-05:00,PUR_IED_Tibabuyes_Exter_f2683d,PUR_IED_Tibabuyes_Exter_f2683d,,,,,
2026-09-12T16:06:04-05:00,PUR_IED_Tibabuyes_S10_dc87a8,PUR_IED_Tibabuyes_S10_dc87a8,,,,,
2026-09-12T16:06:04-05:00,PUR_IED_Tibabuyes_S15_dc0526,PUR_IED_Tibabuyes_S15_dc0526,,,,,
2026-09-12T16:06:04-05:00,PUR_IED_UnionE_S301_a1043,PUR_IED_UnionE_S301_a1043,,,,,
2026-09-12T16:06:04-05:00,PUR_IED_UnionE_S307_ff6c2f,PUR_IED_UnionE_S307_ff6c2f,,,,,
2026-09-12T16:06:04-05:00,PUR_IED_UnionE__Ext_5e2468,PUR_IED_UnionE__Ext_5e2468,,,,,
2026-09-12T16:06:04-05:00,PUR_IED_VillaRica_Ext_75be7c,PUR_IED_VillaRica_Ext_75be7c,,,,,
2026-09-12T16:06:04-05:00,PUR_IED_VillaRica_S4_cc5dcd,PUR_IED_VillaRica_S4_cc5dcd,,,,,
2026-09-12T16:06:04-05:00,PUR_IED_VillaRica_Sesp_99f5c,PUR_IED_VillaRica_Sesp_99f5c,,,,,
2026-09-12T16:11:09-05:00,PUR_IED_20deJulio_1101_91b1b9,PUR_IED_20deJulio_1101_91b1b9,,,,,
2026-09-12T16:11:09-05:00,PUR_IED_20deJulio_1102_1cfcf9,PUR_IED_20deJulio_1102_1cfcf9,,,,,
2026-09-12T16:11:09-05:00,PUR_IED_20deJulio_Ext_ab60bd,PUR_IED_20deJulio_Ext_ab60bd,,,,,
2026-09-12T16:11:09-05:00,PUR_IED_AgustinFer_Ext_7b9b77,PUR_IED_AgustinFer_Ext_7b9b77,,,,,
2026-09-12T16:11:09-05:00,PUR_IED_AgustinFer_Info2_27b3a7,PUR_IED_AgustinFer_Info2_27b3a7,,,,,
2026-09-12T16:11:09-05:00,PUR_IED_AgustinFer_Sena_54b4eb,PUR_IED_AgustinFer_Sena_54b4eb,,,,,
2026-09-12T16:11:09-05:00,PUR_IED_AlexanderF_1102_caf07b,PUR_IED_AlexanderF_1102_caf07b,,,,,
2026-09-12T16:11:09-05:00,PUR_IED_AlexanderF_1103_c79e71,PUR_IED_AlexanderF_1103_c79e71,,,,,
2026-09-12T16:11:09-05:00,PUR_IED_AlexanderF_Ext_c5b18b,PUR_IED_AlexanderF_Ext_c5b18b,,,,,
2026-09-12T16:11:09-05:00,PUR_IED_AlfonsoLopez_Ext_281d77,PUR_IED_AlfonsoLopez_Ext_281d77,,,,,
2026-09-12T16:11:09-05:00,PUR_IED_AlfonsoLopez_LabF_888ce0,PUR_IED_AlfonsoLopez_LabF_888ce0,,,,,
2026-09-12T16:11:09-05:00,PUR_IED_AlfonsoLopez_SMed_df6a7f,PUR_IED_AlfonsoLopez_SMed_df6a7f,,,,,
2026-09-12T16:11:09-05:00,PUR_IED_AltamiraSO_A2_209f92,PUR_IED_AltamiraSO_A2_209f92,,,,,
2026-09-12T16:11:09-05:00,PUR_IED_AltamiraSO_Ext_186d66,PUR_IED_AltamiraSO_Ext_186d66,,,,,
2026-09-12T16:11:09-05:00,PUR_IED_AltamiraSO_Sistem_27afe1,PUR_IED_AltamiraSO_Sistem_27afe1,,,,,
2026-09-12T16:11:09-05:00,PUR_IED_AlvaroGom_LabQuim_813179,PUR_IED_AlvaroGom_LabQuim_813179,,,,,
2026-09-12T16:11:09-05:00,PUR_IED_AlvaroGomez_Ext_47c7ca,PUR_IED_AlvaroGomez_Ext_47c7ca,,,,,
2026-09-12T16:11:09-05:00,PUR_IED_AlvaroGomez_LabQuim_813179,PUR_IED_AlvaroGomez_LabQuim_813179,,,,,
2026-09-12T16:11:09-05:00,PUR_IED_AlvaroGomez_S23_7ba89f,PUR_IED_AlvaroGomez_S23_7ba89f,,,,,
2026-09-12T16:11:09-05:00,PUR_IED_Amistad_306_dc8728,PUR_IED_Amistad_306_dc8728,,,,,
2026-09-12T16:11:09-05:00,PUR_IED_Amistad_Ext_8cd55e,PUR_IED_Amistad_Ext_8cd55e,,,,,
2026-09-12T16:11:09-05:00,PUR_IED_Amistad_S202_a41169,PUR_IED_Amistad_S202_a41169,,,,,
2026-09-12T16:11:09-05:00,PUR_IED_AndresBello_Bio_fd5f5e,PUR_IED_AndresBello_Bio_fd5f5e,,,,,
2026-09-12T16:11:09-05:00,PUR_IED_AndresBello_ext_dcad65,PUR_IED_AndresBello_ext_dcad65,,,,,
2026-09-12T16:11:09-05:00,PUR_IED_AndresBello_port_eed3ec,PUR_IED_AndresBello_port_eed3ec,,,,,
2026-09-12T16:11:09-05:00,PUR_IED_AngelaR_11b_d90a6b,PUR_IED_AngelaR_11b_d90a6b,,,,,
2026-09-12T16:11:09-05:00,PUR_IED_AngelaR_ext_7cad3e,PUR_IED_AngelaR_ext_7cad3e,3,21,57,4.5825,-74.164497
2026-09-12T16:11:09-05:00,PUR_IED_AntJoseSucre_10mo_df2575,PUR_IED_AntJoseSucre_10mo_df2575,,,,,
2026-09-12T16:11:09-05:00,PUR_IED_AntJoseSucre_Ext_215b36,PUR_IED_AntJoseSucre_Ext_215b36,,,,,
2026-09-12T16:11:09-05:00,PUR_IED_AntJoseSucre_Lab_3139de,PUR_IED_AntJoseSucre_Lab_3139de,,,,,
2026-09-12T16:11:09-05:00,PUR_IED_AntonioGarcia_301_d6b188,PUR_IED_AntonioGarcia_301_d6b188,,,,,
2026-09-12T16:11:09-05:00,PUR_IED_AntonioGarcia_302_88a82,PUR_IED_AntonioGarcia_302_88a82,,,,,
2026-09-12T16:11:09-05:00,PUR_IED_AntonioGarcia_Ext_20950c,PUR_IED_AntonioGarcia_Ext_20950c,,,,,
2026-09-12T16:11:09-05:00,PUR_IED_AntonioVan_Aula2_6dea02,PUR_IED_AntonioVan_Aula2_6dea02,,,,,
2026-09-12T16:11:09-05:00,PUR_IED_AntonioVan_Aula5_f1557e,PUR_IED_AntonioVan_Aula5_f1557e,,,,,
2026-09-12T16:11:09-05:00,PUR_IED_AntonioVan_Ext_406f2f,PUR_IED_AntonioVan_Ext_406f2f,,,,,
2026-09-12T16:11:09-05:00,PUR_IED_Atabanzha_Ext_cc5af9,PUR_IED_Atabanzha_Ext_cc5af9,,,,,
2026-09-12T16:11:09-05:00,PUR_IED_Atabanzha_SA101_56c37,PUR_IED_Atabanzha_SA101_56c37,,,,,
2026-09-12T16:11:09-05:00,PUR_IED_Atabanzha_SB302_27b374,PUR_IED_Atabanzha_SB302_27b374,,,,,
2026-09-12T16:11:09-05:00,PUR_IED_Atahualpa_Ext_fc1748,PUR_IED_Atahualpa_Ext_fc1748,,,,,
2026-09-12T16:11:09-05:00,PUR_IED_Atahualpa_Informa_dc9a95,PUR_IED_Atahualpa_Informa_dc9a95,,,,,
2026-09-12T16:11:09-05:00,PUR_IED_Atahualpa_S1101_f98056,PUR_IED_Atahualpa_S1101_f98056,,,,,
2026-09-12T16:11:09-05:00,PUR_IED_Bellavista_Ext_f5aa74,PUR_IED_Bellavista_Ext_f5aa74,,,,,
2026-09-12T16:11:09-05:00,PUR_IED_Bilbao_11A_916c41,PUR_IED_Bilbao_11A_916c41,,,,,
2026-09-12T16:11:09-05:00,PUR_IED_Bilbao_Ext_fb579a,PUR_IED_Bilbao_Ext_fb579a,,,,,
2026-09-12T16:11:09-05:00,PUR_IED_BrasiliaU_A125_304280,PUR_IED_BrasiliaU_A125_304280,,,,,
2026-09-12T16:11:09-05:00,PUR_IED_BrasiliaU_A203_7c8ca5,PUR_IED_BrasiliaU_A203_7c8ca5,,,,,
2026-09-12T16:11:09-05:00,PUR_IED_BrasiliaU_Ext_8d6e9f,PUR_IED_BrasiliaU_Ext_8d6e9f,3,20,56,4.5175,-74.116302
2026-09-12T16:11:09-05:00,PUR_IED_Brasilia_Ext_fe6593,PUR_IED_Brasilia_Ext_fe6593,,,,,
2026-09-12T16:11:09-05:00,PUR_IED_Brasilia_S24_7c130d,PUR_IED_Brasilia_S24_7c130d,,,,,
2026-09-12T16:11:09-05:00,PUR_IED_Brasilia_S501_186a54,PUR_IED_Brasilia_S501_186a54,,,,,
2026-09-12T16:11:09-05:00,PUR_IED_CHARRY_EXT_f1d5cd,PUR_IED_CHARRY_EXT_f1d5cd,,,,,
2026-09-12T16:11:09-05:00,PUR_IED_CHARRY_INTDANZAS_7a08e6,PUR_IED_CHARRY_INTDANZAS_7a08e6,,,,,
2026-09-12T16:11:09-05:00,PUR_IED_CHARRY_INT_AULA20_dc998d,PUR_IED_CHARRY_INT_AULA20_dc998d,,,,,
2026-09-12T16:11:09-05:00,PUR_IED_COLVIV_1101_S25_7f520a,PUR_IED_COLVIV_1101_S25_7f520a,,,,,
2026-09-12T16:11:09-05:00,PUR_IED_COLVIV_1102_S16_f570ba,PUR_IED_COLVIV_1102_S16_f570ba,,,,,
2026-09-12T16:11:09-05:00,PUR_IED_COLVIV_Ext_1a26fa,PUR_IED_COLVIV_Ext_1a26fa,,,,,
2026-09-12T16:11:09-05:00,PUR_IED_CULPOP_301A_f660f3,PUR_IED_CULPOP_301A_f660f3,,,,,
2026-09-12T16:11:09-05:00,PUR_IED_CULPOP_303_568afe,PUR_IED_CULPOP_303_568afe,,,,,
2026-09-12T16:11:09-05:00,PUR_IED_CULPOP_Ext_e02ccb,PUR_IED_CULPOP_Ext_e02ccb,,,,,
2026-09-12T16:11:09-05:00,PUR_IED_CVillavicen_Ext_26eb58,PUR_IED_CVillavicen_Ext_26eb58,5,17,75,4.487,-74.102798
2026-09-12T16:11:09-05:00,PUR_IED_CVillavicen_Intel_1ce5c2,PUR_IED_CVillavicen_Intel_1ce5c2,,,,,
2026-09-12T16:11:09-05:00,PUR_IED_CVillavicen_Poliv_e0766c,PUR_IED_CVillavicen_Poliv_e0766c,,,,,
2026-09-12T16:11:09-05:00,PUR_IED_CVillavicen_int_1ba140,PUR_IED_CVillavicen_int_1ba140,,,,,
2026-09-12T16:11:09-05:00,PUR_IED_CVillavicen_intel_1ba140,PUR_IED_CVillavicen_intel_1ba140,,,,,
2026-09-12T16:11:09-05:00,PUR_IED_CarlosPizarro_Ext_e307cc,PUR_IED_CarlosPizarro_Ext_e307cc,,,,,
2026-09-12T16:11:09-05:00,PUR_IED_CarlosPizarro_L36_7e5cdb,PUR_IED_CarlosPizarro_L36_7e5cdb,,,,,
2026-09-12T16:11:09-05:00,PUR_IED_CarlosPizarro_L37_c8566c,PUR_IED_CarlosPizarro_L37_c8566c,,,,,
2026-09-12T16:11:09-05:00,PUR_IED_Castilla_Ext_cf35f,PUR_IED_Castilla_Ext_cf35f,,,,,
2026-09-12T16:11:09-05:00,PUR_IED_Castilla_SFisik_360e38,PUR_IED_Castilla_SFisik_360e38,,,,,
2026-09-12T16:11:09-05:00,PUR_IED_Castilla_Sc304_496fbf,PUR_IED_Castilla_Sc304_496fbf,,,,,
2026-09-12T16:11:09-05:00,PUR_IED_CervantesSa_Ext_6b57b,PUR_IED_CervantesSa_Ext_6b57b,3,20,64,4.5128,-74.117203
2026-09-12T16:11:09-05:00,PUR_IED_CervantesSa_S107_225c2b,PUR_IED_CervantesSa_S107_225c2b,,,,,
2026-09-12T16:11:09-05:00,PUR_IED_CervantesSa_S108_940925,PUR_IED_CervantesSa_S108_940925,,,,,
2026-09-12T16:11:09-05:00,PUR_IED_Charry_A20_f53e7c,PUR_IED_Charry_A20_f53e7c,,,,,
2026-09-12T16:11:09-05:00,PUR_IED_Charry_Ext_f1d5cd,PUR_IED_Charry_Ext_f1d5cd,,,,,
2026-09-12T16:11:09-05:00,PUR_IED_Charry_IntAula20_dc998d,PUR_IED_Charry_IntAula20_dc998d,,,,,
2026-09-12T16:11:09-05:00,PUR_IED_Charry_IntDanzas_7a08e6,PUR_IED_Charry_IntDanzas_7a08e6,,,,,
2026-09-12T16:11:09-05:00,PUR_IED_ClememciaC_203_43e2fc,PUR_IED_ClememciaC_203_43e2fc,,,,,
2026-09-12T16:11:09-05:00,PUR_IED_ClememciaC_Ext_1b411a,PUR_IED_ClememciaC_Ext_1b411a,,,,,
2026-09-12T16:11:09-05:00,PUR_IED_ClememciaC_Quimic_44b5fc,PUR_IED_ClememciaC_Quimic_44b5fc,,,,,
2026-09-12T16:11:09-05:00,PUR_IED_ClemenciaC_203_43e2fc,PUR_IED_ClemenciaC_203_43e2fc,,,,,
2026-09-12T16:11:09-05:00,PUR_IED_ClemenciaC_Ext_1b411a,PUR_IED_ClemenciaC_Ext_1b411a,,,,,
2026-09-12T16:11:09-05:00,PUR_IED_ClemenciaC_Quimic_44b5fc,PUR_IED_ClemenciaC_Quimic_44b5fc,,,,,
2026-09-12T16:11:09-05:00,PUR_IED_ColViva_1101_S25_7f520a,PUR_IED_ColViva_1101_S25_7f520a,,,,,
2026-09-12T16:11:09-05:00,PUR_IED_ColViva_1102_S16_f570ba,PUR_IED_ColViva_1102_S16_f570ba,,,,,
2026-09-12T16:11:09-05:00,PUR_IED_ColViva_Ext_1a26fa,PUR_IED_ColViva_Ext_1a26fa,,,,,
2026-09-12T16:11:09-05:00,PUR_IED_ColegioBici_Asist_7c8798,PUR_IED_ColegioBici_Asist_7c8798,,,,,
2026-09-12T16:11:09-05:00,PUR_IED_ColegioBici_Ext_25cbf6,PUR_IED_ColegioBici_Ext_25cbf6,,,,,
2026-09-12T16:11:09-05:00,PUR_IED_ColegioBici_LabQ_7b57db,PUR_IED_ColegioBici_LabQ_7b57db,,,,,
2026-09-12T16:11:09-05:00,PUR_IED_CostaRica_Ext_5e640,PUR_IED_CostaRica_Ext_5e640,,,,,
2026-09-12T16:11:09-05:00,PUR_IED_CostaRica_Quim1_766d1c,PUR_IED_CostaRica_Quim1_766d1c,,,,,
2026-09-12T16:11:09-05:00,PUR_IED_CostaRica__Fisica_6f0873,PUR_IED_CostaRica__Fisica_6f0873,,,,,
2026-09-12T16:11:09-05:00,PUR_IED_CulPopu_301A_f660f3,PUR_IED_CulPopu_301A_f660f3,,,,,
2026-09-12T16:11:09-05:00,PUR_IED_CulPopu_303_568afe,PUR_IED_CulPopu_303_568afe,,,,,
2026-09-12T16:11:09-05:00,PUR_IED_CulPopu_Ext_e02ccb,PUR_IED_CulPopu_Ext_e02ccb,,,,,
2026-09-12T16:11:09-05:00,PUR_IED_Cundinamarca_Ext_f15985,PUR_IED_Cundinamarca_Ext_f15985,,,,,
2026-09-12T16:11:09-05:00,PUR_IED_Cundinamarca_Info_7aa5d7,PUR_IED_Cundinamarca_Info_7aa5d7,,,,,
2026-09-12T16:11:09-05:00,PUR_IED_Cundinamarca_Tec2_f449c7,PUR_IED_Cundinamarca_Tec2_f449c7,,,,,
2026-09-12T16:11:09-05:00,PUR_IED_DiegoM_Aula1_27b314,PUR_IED_DiegoM_Aula1_27b314,,,,,
2026-09-12T16:11:09-05:00,PUR_IED_DiegoM_Ext_d80ac8,PUR_IED_DiegoM_Ext_d80ac8,,,,,
2026-09-12T16:11:09-05:00,PUR_IED_DiegoM_S25_da928f,PUR_IED_DiegoM_S25_da928f,,,,,
2026-09-12T16:11:09-05:00,PUR_IED_ELRODEO_360881,PUR_IED_ELRODEO_360881,,,,,
2026-09-12T16:11:09-05:00,PUR_IED_ELRODEO_ext_360881,PUR_IED_ELRODEO_ext_360881,,,,,
2026-09-12T16:11:09-05:00,PUR_IED_EduardoU_Ext_1c1969,PUR_IED_EduardoU_Ext_1c1969,,,,,
2026-09-12T16:11:09-05:00,PUR_IED_EduardoU_SCiencia_4dfb94,PUR_IED_EduardoU_SCiencia_4dfb94,,,,,
2026-09-12T16:11:09-05:00,PUR_IED_EduardoU_SQuimica_5a46e7,PUR_IED_EduardoU_SQuimica_5a46e7,,,,,
2026-09-12T16:11:09-05:00,PUR_IED_ElRodeo_Aula14_676984,PUR_IED_ElRodeo_Aula14_676984,,,,,
2026-09-12T16:11:09-05:00,PUR_IED_ElRodeo_Aula16_2dd35b,PUR_IED_ElRodeo_Aula16_2dd35b,,,,,
2026-09-12T16:11:09-05:00,PUR_IED_ElRodeo_Ext_360881,PUR_IED_ElRodeo_Ext_360881,,,,,
2026-09-12T16:11:09-05:00,PUR_IED_ElRodeo_Exterior_8c6d28,PUR_IED_ElRodeo_Exterior_8c6d28,,,,,
2026-09-12T16:11:09-05:00,PUR_IED_ElRodeo_ext_360881,PUR_IED_ElRodeo_ext_360881,,,,,
2026-09-12T16:11:09-05:00,PUR_IED_EmmaReyes_Ext_987625,PUR_IED_EmmaReyes_Ext_987625,4,22,49,4.6367,-74.1511
2026-09-12T16:11:09-05:00,PUR_IED_Ensueño_Ext_7f0250,PUR_IED_Ensueño_Ext_7f0250,,,,,
2026-09-12T16:11:09-05:00,PUR_IED_EscNormal_Ext_5fef3b,PUR_IED_EscNormal_Ext_5fef3b,2,21,54,4.5852,-74.096901
2026-09-12T16:11:09-05:00,PUR_IED_EscNormal_S309_5b263,PUR_IED_EscNormal_S309_5b263,,,,,
2026-09-12T16:11:09-05:00,PUR_IED_EscNormal_S310_27b3b8,PUR_IED_EscNormal_S310_27b3b8,,,,,
2026-09-12T16:11:09-05:00,PUR_IED_Evangelista_Conta_f6cd4f,PUR_IED_Evangelista_Conta_f6cd4f,,,,,
2026-09-12T16:11:09-05:00,PUR_IED_Evangelista_Cri_5e16a,PUR_IED_Evangelista_Cri_5e16a,,,,,
2026-09-12T16:11:09-05:00,PUR_IED_Evangelista_Exter_754066,PUR_IED_Evangelista_Exter_754066,,,,,
2026-09-12T16:11:09-05:00,PUR_IED_FMiranda_S209_5cc2a3,PUR_IED_FMiranda_S209_5cc2a3,,,,,
2026-09-12T16:11:09-05:00,PUR_IED_FMiranda_S303_19e344,PUR_IED_FMiranda_S303_19e344,,,,,
2026-09-12T16:11:09-05:00,PUR_IED_FMiranda_ext_f53e7c,PUR_IED_FMiranda_ext_f53e7c,,,,,
2026-09-12T16:11:09-05:00,PUR_IED_FabioLozano_Bibli_1cee05,PUR_IED_FabioLozano_Bibli_1cee05,,,,,
2026-09-12T16:11:09-05:00,PUR_IED_FabioLozano_Ext_6ea285,PUR_IED_FabioLozano_Ext_6ea285,,,,,
2026-09-12T16:11:09-05:00,PUR_IED_FabioLozano_SLudi_f09e1e,PUR_IED_FabioLozano_SLudi_f09e1e,,,,,
2026-09-12T16:11:09-05:00,PUR_IED_FaustinoS_Aula07_27a731,PUR_IED_FaustinoS_Aula07_27a731,,,,,
2026-09-12T16:11:09-05:00,PUR_IED_FaustinoS_Ext_7b936f,PUR_IED_FaustinoS_Ext_7b936f,,,,,
2026-09-12T16:11:09-05:00,PUR_IED_FaustinoS_Fisica_da2c60,PUR_IED_FaustinoS_Fisica_da2c60,,,,,
2026-09-12T16:11:09-05:00,PUR_IED_FeGarciaLo_Ext_dc68ee,PUR_IED_FeGarciaLo_Ext_dc68ee,,,,,
2026-09-12T16:11:09-05:00,PUR_IED_FeGarciaLo_SDanza_f70a59,PUR_IED_FeGarciaLo_SDanza_f70a59,,,,,
2026-09-12T16:11:09-05:00,PUR_IED_FeGarciaLo_SMusic_125cdd,PUR_IED_FeGarciaLo_SMusic_125cdd,,,,,
2026-09-12T16:11:09-05:00,PUR_IED_FederalAlema_Exte_50c345,PUR_IED_FederalAlema_Exte_50c345,,,,,
2026-09-12T16:11:09-05:00,PUR_IED_FederalAlema_S31_f18371,PUR_IED_FederalAlema_S31_f18371,,,,,
2026-09-12T16:11:09-05:00,PUR_IED_FederalAlema_S901_a62cd,PUR_IED_FederalAlema_S901_a62cd,,,,,
2026-09-12T16:11:09-05:00,PUR_IED_FilarmonicaS_A5_f35eb1,PUR_IED_FilarmonicaS_A5_f35eb1,,,,,
2026-09-12T16:11:09-05:00,PUR_IED_FilarmonicaS_Ext_8a3bde,PUR_IED_FilarmonicaS_Ext_8a3bde,,,,,
2026-09-12T16:11:09-05:00,PUR_IED_FilarmonicaS_Spol_406114,PUR_IED_FilarmonicaS_Spol_406114,,,,,
2026-09-12T16:11:09-05:00,PUR_IED_FlorentinoG_A13_d1fa59,PUR_IED_FlorentinoG_A13_d1fa59,,,,,
2026-09-12T16:11:09-05:00,PUR_IED_FlorentinoG_Ext_1ce6ce,PUR_IED_FlorentinoG_Ext_1ce6ce,,,,,
2026-09-12T16:11:09-05:00,PUR_IED_FlorentinoG_Idiom_a66aac,PUR_IED_FlorentinoG_Idiom_a66aac,,,,,
2026-09-12T16:11:09-05:00,PUR_IED_FranciscoMati_Ext_e3869d,PUR_IED_FranciscoMati_Ext_e3869d,,,,,
2026-09-12T16:11:09-05:00,PUR_IED_FranciscoMati_S13_f31c67,PUR_IED_FranciscoMati_S13_f31c67,,,,,
2026-09-12T16:11:09-05:00,PUR_IED_FranciscoMati_S14_97dead,PUR_IED_FranciscoMati_S14_97dead,,,,,
2026-09-12T16:11:09-05:00,PUR_IED_FranciscoPS_Ext_7bfa9a,PUR_IED_FranciscoPS_Ext_7bfa9a,2,22,55,4.5899,-74.110397
2026-09-12T16:11:09-05:00,PUR_IED_FranciscoPS_Infor_fb8f4c,PUR_IED_FranciscoPS_Infor_fb8f4c,,,,,
2026-09-12T16:11:09-05:00,PUR_IED_FranciscoPS_Quimi_94d39c,PUR_IED_FranciscoPS_Quimi_94d39c,,,,,
2026-09-12T16:11:09-05:00,PUR_IED_FranciscoP_LabQ_d7e148,PUR_IED_FranciscoP_LabQ_d7e148,,,,,
2026-09-12T16:11:09-05:00,PUR_IED_FranciscoP_S28_cf9b30,PUR_IED_FranciscoP_S28_cf9b30,,,,,
2026-09-12T16:11:09-05:00,PUR_IED_FranciscoP_ext_e2313,PUR_IED_FranciscoP_ext_e2313,,,,,
2026-09-12T16:11:09-05:00,PUR_IED_FriederichN_Ext_8ac92a,PUR_IED_FriederichN_Ext_8ac92a,,,,,
2026-09-12T16:11:09-05:00,PUR_IED_FriederichN_S301_dd7e5a,PUR_IED_FriederichN_S301_dd7e5a,,,,,
2026-09-12T16:11:09-05:00,PUR_IED_FriederichN_S308_761f4f,PUR_IED_FriederichN_S308_761f4f,,,,,
2026-09-12T16:11:09-05:00,PUR_IED_GSantander_Aula10_533dd7,PUR_IED_GSantander_Aula10_533dd7,,,,,
2026-09-12T16:11:09-05:00,PUR_IED_GSantander_Aula12_fd4e4f,PUR_IED_GSantander_Aula12_fd4e4f,,,,,
2026-09-12T16:11:09-05:00,PUR_IED_GSantander_Aula310_533dd7,PUR_IED_GSantander_Aula310_533dd7,,,,,
2026-09-12T16:11:09-05:00,PUR_IED_GSantander_Aula312_fd4e4f,PUR_IED_GSantander_Aula312_fd4e4f,,,,,
2026-09-12T16:11:09-05:00,PUR_IED_GSantander_Ext_5f66b0,PUR_IED_GSantander_Ext_5f66b0,,,,,
2026-09-12T16:11:09-05:00,PUR_IED_GYomasa_Ext_f6bea5,PUR_IED_GYomasa_Ext_f6bea5,,,,,
2026-09-12T16:11:09-05:00,PUR_IED_GYomasa_LBiol_2c41aa,PUR_IED_GYomasa_LBiol_2c41aa,,,,,
2026-09-12T16:11:09-05:00,PUR_IED_GYomasa_LQuim_33c80,PUR_IED_GYomasa_LQuim_33c80,,,,,
2026-09-12T16:11:09-05:00,PUR_IED_GabBetMejia_Cienc_5a99c,PUR_IED_GabBetMejia_Cienc_5a99c,,,,,
2026-09-12T16:11:09-05:00,PUR_IED_GabBetMejia_Ext_9153d0,PUR_IED_GabBetMejia_Ext_9153d0,,,,,
2026-09-12T16:11:09-05:00,PUR_IED_GabBetMejia_Lab_f55347,PUR_IED_GabBetMejia_Lab_f55347,,,,,
2026-09-12T16:11:09-05:00,PUR_IED_GabBetanMejia_Ext_9153d0,PUR_IED_GabBetanMejia_Ext_9153d0,,,,,
2026-09-12T16:11:09-05:00,PUR_IED_Gaitana_Aula13_7aac11,PUR_IED_Gaitana_Aula13_7aac11,,,,,
2026-09-12T16:11:09-05:00,PUR_IED_Gaitana_Ext_5fcf4,PUR_IED_Gaitana_Ext_5fcf4,,,,,
2026-09-12T16:11:09-05:00,PUR_IED_Gaitana_LabFisica_644448,PUR_IED_Gaitana_LabFisica_644448,,,,,
2026-09-12T16:11:09-05:00,PUR_IED_GenSantander_Dise_8ac858,PUR_IED_GenSantander_Dise_8ac858,,,,,
2026-09-12T16:11:09-05:00,PUR_IED_GenSantander_Ext_8d5dfe,PUR_IED_GenSantander_Ext_8d5dfe,,,,,
2026-09-12T16:11:09-05:00,PUR_IED_GenSantander_Info_6c25b,PUR_IED_GenSantander_Info_6c25b,,,,,
2026-09-12T16:11:09-05:00,PUR_IED_GustavoMo_Exterio_75e63d,PUR_IED_GustavoMo_Exterio_75e63d,,,,,
2026-09-12T16:11:09-05:00,PUR_IED_GustavoMo_LabFisi_224d37,PUR_IED_GustavoMo_LabFisi_224d37,,,,,
2026-09-12T16:11:09-05:00,PUR_IED_GustavoMo_S208_3e6918,PUR_IED_GustavoMo_S208_3e6918,,,,,
2026-09-12T16:11:09-05:00,PUR_IED_GustavoR_A02_8cd4a8,PUR_IED_GustavoR_A02_8cd4a8,,,,,
2026-09-12T16:11:09-05:00,PUR_IED_GustavoR_B11_5b0ed,PUR_IED_GustavoR_B11_5b0ed,,,,,
2026-09-12T16:11:09-05:00,PUR_IED_GustavoR_Ext_7a0c90,PUR_IED_GustavoR_Ext_7a0c90,,,,,
2026-09-12T16:11:09-05:00,PUR_IED_HernandoDuran_Ext_8cd82b,PUR_IED_HernandoDuran_Ext_8cd82b,,,,,
2026-09-12T16:11:09-05:00,PUR_IED_HernandoDuran_S24_2772c6,PUR_IED_HernandoDuran_S24_2772c6,,,,,
2026-09-12T16:11:09-05:00,PUR_IED_HernandoDuran_S30_f2de41,PUR_IED_HernandoDuran_S30_f2de41,,,,,
2026-09-12T16:11:09-05:00,PUR_IED_HolguInUr_S1101_8cd732,PUR_IED_HolguInUr_S1101_8cd732,,,,,
2026-09-12T16:11:09-05:00,PUR_IED_HolguinUr_Exter_ddae6d,PUR_IED_HolguinUr_Exter_ddae6d,,,,,
2026-09-12T16:11:09-05:00,PUR_IED_HolguinUr_LabQuim_92b952,PUR_IED_HolguinUr_LabQuim_92b952,,,,,
2026-09-12T16:11:09-05:00,PUR_IED_Isabel-II_Ext_5245cc,PUR_IED_Isabel-II_Ext_5245cc,2,20,55,4.6336,-74.153
2026-09-12T16:11:09-05:00,PUR_IED_Isabel-II_S_idiom_1c29aa,PUR_IED_Isabel-II_S_idiom_1c29aa,,,,,
2026-09-12T16:11:09-05:00,PUR_IED_Isabel-II_S_infor_fd741,PUR_IED_Isabel-II_S_infor_fd741,,,,,
2026-09-12T16:11:09-05:00,PUR_IED_IsidroSur_Exterio_5b90ea,PUR_IED_IsidroSur_Exterio_5b90ea,,,,,
2026-09-12T16:11:09-05:00,PUR_IED_IsidroSur_LabTec_56697a,PUR_IED_IsidroSur_LabTec_56697a,,,,,
2026-09-12T16:11:09-05:00,PUR_IED_IsidroSur_Robotic_b7c38f,PUR_IED_IsidroSur_Robotic_b7c38f,,,,,
2026-09-12T16:11:09-05:00,PUR_IED_IsmaelPerd_Ext_7b6672,PUR_IED_IsmaelPerd_Ext_7b6672,,,,,
2026-09-12T16:11:09-05:00,PUR_IED_IsmaelPerd_Inform_306540,PUR_IED_IsmaelPerd_Inform_306540,,,,,
2026-09-12T16:11:09-05:00,PUR_IED_IsmaelPerd_S30_2e2c83,PUR_IED_IsmaelPerd_S30_2e2c83,,,,,
2026-09-12T16:11:09-05:00,PUR_IED_JLozano_Exter_432910,PUR_IED_JLozano_Exter_432910,,,,,
2026-09-12T16:11:09-05:00,PUR_IED_JLozano_salaMulti_df5125,PUR_IED_JLozano_salaMulti_df5125,,,,,
2026-09-12T16:11:09-05:00,PUR_IED_JMCordoba_206_86f80b,PUR_IED_JMCordoba_206_86f80b,,,,,
2026-09-12T16:11:09-05:00,PUR_IED_JMCordoba_Ext_27ad97,PUR_IED_JMCordoba_Ext_27ad97,,,,,
2026-09-12T16:11:09-05:00,PUR_IED_JMCordoba_S310_d59ab4,PUR_IED_JMCordoba_S310_d59ab4,,,,,
2026-09-12T16:11:09-05:00,PUR_IED_Japon_Ext_549100,PUR_IED_Japon_Ext_549100,,,,,
2026-09-12T16:11:09-05:00,PUR_IED_Japon_Laboratorio_bec51d,PUR_IED_Japon_Laboratorio_bec51d,,,,,
2026-09-12T16:11:09-05:00,PUR_IED_Japon_informatica_d99327,PUR_IED_Japon_informatica_d99327,,,,,
2026-09-12T16:11:09-05:00,PUR_IED_Jazmin_Ext_d27bda,PUR_IED_Jazmin_Ext_d27bda,,,,,
2026-09-12T16:11:09-05:00,PUR_IED_Jazmin_Fisica_8d14d7,PUR_IED_Jazmin_Fisica_8d14d7,,,,,
2026-09-12T16:11:09-05:00,PUR_IED_Jazmin_Quimica_801cb5,PUR_IED_Jazmin_Quimica_801cb5,,,,,
2026-09-12T16:11:09-05:00,PUR_IED_JorgeGaitan_Exter_f098d1,PUR_IED_JorgeGaitan_Exter_f098d1,,,,,
2026-09-12T16:11:09-05:00,PUR_IED_JorgeGaitan_STec1_dc9d1d,PUR_IED_JorgeGaitan_STec1_dc9d1d,,,,,
2026-09-12T16:11:09-05:00,PUR_IED_JorgeGaitan_STec2_281e69,PUR_IED_JorgeGaitan_STec2_281e69,,,,,
2026-09-12T16:11:09-05:00,PUR_IED_JorgeSoto_Exterio_d9d0a2,PUR_IED_JorgeSoto_Exterio_d9d0a2,,,,,
2026-09-12T16:11:09-05:00,PUR_IED_JorgeSoto_LabFisi_209c54,PUR_IED_JorgeSoto_LabFisi_209c54,,,,,
2026-09-12T16:11:09-05:00,PUR_IED_JorgeSoto_S103_27b51a,PUR_IED_JorgeSoto_S103_27b51a,,,,,
2026-09-12T16:11:09-05:00,PUR_IED_JoseAcevedo_A02_e965eb,PUR_IED_JoseAcevedo_A02_e965eb,,,,,
2026-09-12T16:11:09-05:00,PUR_IED_JoseAcevedo_A07_dd5b4,PUR_IED_JoseAcevedo_A07_dd5b4,,,,,
2026-09-12T16:11:09-05:00,PUR_IED_JoseAcevedo_Ext_b47484,PUR_IED_JoseAcevedo_Ext_b47484,,,,,
2026-09-12T16:11:09-05:00,PUR_IED_JoseMarti_Exte_5b9bf,PUR_IED_JoseMarti_Exte_5b9bf,,,,,
2026-09-12T16:11:09-05:00,PUR_IED_JoseMarti_LabQuim_1c6c2d,PUR_IED_JoseMarti_LabQuim_1c6c2d,,,,,
2026-09-12T16:11:09-05:00,PUR_IED_JoseMarti_S_info_f5f177,PUR_IED_JoseMarti_S_info_f5f177,,,,,
2026-09-12T16:11:09-05:00,PUR_IED_Josejoaquin_Ext_dfc5dc,PUR_IED_Josejoaquin_Ext_dfc5dc,,,,,
2026-09-12T16:11:09-05:00,PUR_IED_Josejoaquin_S05_5b2a96,PUR_IED_Josejoaquin_S05_5b2a96,,,,,
2026-09-12T16:11:09-05:00,PUR_IED_Josejoaquin_S06_1ce7d2,PUR_IED_Josejoaquin_S06_1ce7d2,,,,,
2026-09-12T16:11:09-05:00,PUR_IED_JulioFlorez_Danza_9b82dd,PUR_IED_JulioFlorez_Danza_9b82dd,,,,,
2026-09-12T16:11:09-05:00,PUR_IED_JulioFlorez_Exter_f9f314,PUR_IED_JulioFlorez_Exter_f9f314,,,,,
2026-09-12T16:11:09-05:00,PUR_IED_JulioFlorez_info2_6b6e08,PUR_IED_JulioFlorez_info2_6b6e08,,,,,
2026-09-12T16:11:09-05:00,PUR_IED_LaBelleza_Aula13_1d00d8,PUR_IED_LaBelleza_Aula13_1d00d8,,,,,
2026-09-12T16:11:09-05:00,PUR_IED_LaBelleza_Ext_7bc08c,PUR_IED_LaBelleza_Ext_7bc08c,,,,,
2026-09-12T16:11:09-05:00,PUR_IED_LaChucua_Ext_8cd6d2,PUR_IED_LaChucua_Ext_8cd6d2,,,,,
2026-09-12T16:11:09-05:00,PUR_IED_LaChucua_S15_f578ce,PUR_IED_LaChucua_S15_f578ce,,,,,
2026-09-12T16:11:09-05:00,PUR_IED_LaChucua_S16_eebcf9,PUR_IED_LaChucua_S16_eebcf9,,,,,
2026-09-12T16:11:09-05:00,PUR_IED_LaFelicidad_Ext_fb5109,PUR_IED_LaFelicidad_Ext_fb5109,,,,,
2026-09-12T16:11:09-05:00,PUR_IED_LaMerced_206_66ebd,PUR_IED_LaMerced_206_66ebd,,,,,
2026-09-12T16:11:09-05:00,PUR_IED_LaMerced_207_6ebd6,PUR_IED_LaMerced_207_6ebd6,,,,,
2026-09-12T16:11:09-05:00,PUR_IED_LaMerced_ext_304311,PUR_IED_LaMerced_ext_304311,,,,,
2026-09-12T16:11:09-05:00,PUR_IED_Laureano_CiencNat_281e5e,PUR_IED_Laureano_CiencNat_281e5e,,,,,
2026-09-12T16:11:09-05:00,PUR_IED_Laureano_Comedor_f65c0a,PUR_IED_Laureano_Comedor_f65c0a,,,,,
2026-09-12T16:11:09-05:00,PUR_IED_Laureano_Exterior_7ab011,PUR_IED_Laureano_Exterior_7ab011,,,,,
2026-09-12T16:11:09-05:00,PUR_IED_LeonGreiff_Exte_dfe560,PUR_IED_LeonGreiff_Exte_dfe560,,,,,
2026-09-12T16:11:09-05:00,PUR_IED_LeonGreiff_S210_f264ed,PUR_IED_LeonGreiff_S210_f264ed,,,,,
2026-09-12T16:11:09-05:00,PUR_IED_LeonGreiff_SQuimi_e8296f,PUR_IED_LeonGreiff_SQuimi_e8296f,,,,,
2026-09-12T16:11:09-05:00,PUR_IED_LlanoOrientalS208_7b9fcd,PUR_IED_LlanoOrientalS208_7b9fcd,,,,,
2026-09-12T16:11:09-05:00,PUR_IED_LlanoOriental_Ext_fb3766,PUR_IED_LlanoOriental_Ext_fb3766,,,,,
2026-09-12T16:11:09-05:00,PUR_IED_LlanoOriental_S208_7b9fcd,PUR_IED_LlanoOriental_S208_7b9fcd,,,,,
2026-09-12T16:11:09-05:00,PUR_IED_LlanoOriental_S9_27b378,PUR_IED_LlanoOriental_S9_27b378,,,,,
2026-09-12T16:11:09-05:00,PUR_IED_LosTejares_1101_477602,PUR_IED_LosTejares_1101_477602,,,,,
2026-09-12T16:11:09-05:00,PUR_IED_LosTejares_11_d2c595,PUR_IED_LosTejares_11_d2c595,,,,,
2026-09-12T16:11:09-05:00,PUR_IED_LosTejares_12_477602,PUR_IED_LosTejares_12_477602,,,,,
2026-09-12T16:11:09-05:00,PUR_IED_LosTejares_Ext_8e2115,PUR_IED_LosTejares_Ext_8e2115,,,,,
2026-09-12T16:11:09-05:00,PUR_IED_MagdalenaO_B202_5ddda3,PUR_IED_MagdalenaO_B202_5ddda3,,,,,
2026-09-12T16:11:09-05:00,PUR_IED_MagdalenaO_B205_fb76e8,PUR_IED_MagdalenaO_B205_fb76e8,,,,,
2026-09-12T16:11:09-05:00,PUR_IED_MagdalenaO_ext_dc69cd,PUR_IED_MagdalenaO_ext_dc69cd,,,,,
2026-09-12T16:11:09-05:00,PUR_IED_ManueCepeda_artes_eee956,PUR_IED_ManueCepeda_artes_eee956,,,,,
2026-09-12T16:11:09-05:00,PUR_IED_ManuelCepeda_Ext_58313,PUR_IED_ManuelCepeda_Ext_58313,,,,,
2026-09-12T16:11:09-05:00,PUR_IED_ManuelCepeda_tec_1c5731,PUR_IED_ManuelCepeda_tec_1c5731,,,,,
2026-09-12T16:11:09-05:00,PUR_IED_ManuelS_Exterior_5b269,PUR_IED_ManuelS_Exterior_5b269,,,,,
2026-09-12T16:11:09-05:00,PUR_IED_ManuelS_Inform_f369ce,PUR_IED_ManuelS_Inform_f369ce,,,,,
2026-09-12T16:11:09-05:00,PUR_IED_ManuelS_SArtes_7d15f1,PUR_IED_ManuelS_SArtes_7d15f1,,,,,
2026-09-12T16:11:09-05:00,PUR_IED_ManuelZapata_303_3ca6,PUR_IED_ManuelZapata_303_3ca6,,,,,
2026-09-12T16:11:09-05:00,PUR_IED_ManuelZapata_311_bfbabc,PUR_IED_ManuelZapata_311_bfbabc,,,,,
2026-09-12T16:11:09-05:00,PUR_IED_ManuelZapata_Ext_50824a,PUR_IED_ManuelZapata_Ext_50824a,,,,,
2026-09-12T16:11:09-05:00,PUR_IED_ManuelitaS_Exteri_656a92,PUR_IED_ManuelitaS_Exteri_656a92,,,,,
2026-09-12T16:11:09-05:00,PUR_IED_ManuelitaS_JuzgDe_f58ec3,PUR_IED_ManuelitaS_JuzgDe_f58ec3,,,,,
2026-09-12T16:11:09-05:00,PUR_IED_ManuelitaS_Recrea_d793db,PUR_IED_ManuelitaS_Recrea_d793db,,,,,
2026-09-12T16:11:09-05:00,PUR_IED_MarFidSuarez_Ext_c27b19,PUR_IED_MarFidSuarez_Ext_c27b19,,,,,
2026-09-12T16:11:09-05:00,PUR_IED_MarFidSuarez_Info_e384d7,PUR_IED_MarFidSuarez_Info_e384d7,,,,,
2026-09-12T16:11:09-05:00,PUR_IED_MarFidSuarez_S306_1d0032,PUR_IED_MarFidSuarez_S306_1d0032,,,,,
2026-09-12T16:11:09-05:00,PUR_IED_Menorah_301_2a25a3,PUR_IED_Menorah_301_2a25a3,,,,,
2026-09-12T16:11:09-05:00,PUR_IED_Menorah_306_37ed3,PUR_IED_Menorah_306_37ed3,,,,,
2026-09-12T16:11:09-05:00,PUR_IED_Menorah_Ext_3e155b,PUR_IED_Menorah_Ext_3e155b,,,,,
2026-09-12T16:11:09-05:00,PUR_IED_MinutoB.Aires_A11_1b1604,PUR_IED_MinutoB.Aires_A11_1b1604,,,,,
2026-09-12T16:11:09-05:00,PUR_IED_MinutoB.Aires_A12_fb5860,PUR_IED_MinutoB.Aires_A12_fb5860,,,,,
2026-09-12T16:11:09-05:00,PUR_IED_MinutoB.Aires_Ext_81293f,PUR_IED_MinutoB.Aires_Ext_81293f,,,,,
2026-09-12T16:11:09-05:00,PUR_IED_MinutoBAires_A11_1b1604,PUR_IED_MinutoBAires_A11_1b1604,,,,,
2026-09-12T16:11:09-05:00,PUR_IED_MinutoBAires_A12_fb5860,PUR_IED_MinutoBAires_A12_fb5860,,,,,
2026-09-12T16:11:09-05:00,PUR_IED_MinutoBAires_Ext_81293f,PUR_IED_MinutoBAires_Ext_81293f,,,,,
2026-09-12T16:11:09-05:00,PUR_IED_Montreal_Aula10_1e4959,PUR_IED_Montreal_Aula10_1e4959,,,,,
2026-09-12T16:11:09-05:00,PUR_IED_Montreal_Aula6_300367,PUR_IED_Montreal_Aula6_300367,,,,,
2026-09-12T16:11:09-05:00,PUR_IED_Montreal_Exterior_91a179,PUR_IED_Montreal_Exterior_91a179,,,,,
2026-09-12T16:11:09-05:00,PUR_IED_Mqgdalena_B202_5ddda3,PUR_IED_Mqgdalena_B202_5ddda3,,,,,
2026-09-12T16:11:09-05:00,PUR_IED_NACUND_Soc_dc8728,PUR_IED_NACUND_Soc_dc8728,,,,,
2026-09-12T16:11:09-05:00,PUR_IED_NACUND_ext_27ad97,PUR_IED_NACUND_ext_27ad97,,,,,
2026-09-12T16:11:09-05:00,PUR_IED_NEsperanza_Ext_d24b61,PUR_IED_NEsperanza_Ext_d24b61,,,,,
2026-09-12T16:11:09-05:00,PUR_IED_NEsperanza_SElect_7d1807,PUR_IED_NEsperanza_SElect_7d1807,,,,,
2026-09-12T16:11:09-05:00,PUR_IED_NEsperanza_SLabor_8b2d0a,PUR_IED_NEsperanza_SLabor_8b2d0a,,,,,
2026-09-12T16:11:09-05:00,PUR_IED_NacionesU_Ext_f661a9,PUR_IED_NacionesU_Ext_f661a9,,,,,
2026-09-12T16:11:09-05:00,PUR_IED_NacionesU_Quimica_66f0a,PUR_IED_NacionesU_Quimica_66f0a,,,,,
2026-09-12T16:11:09-05:00,PUR_IED_NacionesU_S306_1b4b3d,PUR_IED_NacionesU_S306_1b4b3d,,,,,
2026-09-12T16:11:09-05:00,PUR_IED_NestorFA_Ext_e4201c,PUR_IED_NestorFA_Ext_e4201c,,,,,
2026-09-12T16:11:09-05:00,PUR_IED_NestorFA_Laborato_f22fe0,PUR_IED_NestorFA_Laborato_f22fe0,,,,,
2026-09-12T16:11:09-05:00,PUR_IED_NestorFA_S204_dee996,PUR_IED_NestorFA_S204_dee996,,,,,
2026-09-12T16:11:09-05:00,PUR_IED_NidyaQT_Aula03_76999b,PUR_IED_NidyaQT_Aula03_76999b,,,,,
2026-09-12T16:11:09-05:00,PUR_IED_NidyaQT_Aula10_56325,PUR_IED_NidyaQT_Aula10_56325,,,,,
2026-09-12T16:11:09-05:00,PUR_IED_NidyaQT_Ext_46e32d,PUR_IED_NidyaQT_Ext_46e32d,,,,,
2026-09-12T16:11:09-05:00,PUR_IED_NuevaCol_Exterior_d9b859,PUR_IED_NuevaCol_Exterior_d9b859,,,,,
2026-09-12T16:11:09-05:00,PUR_IED_NuevaCol_S1101_76c43b,PUR_IED_NuevaCol_S1101_76c43b,,,,,
2026-09-12T16:11:09-05:00,PUR_IED_NuevaCol_S1102_1ce0b5,PUR_IED_NuevaCol_S1102_1ce0b5,,,,,
2026-09-12T16:11:09-05:00,PUR_IED_OEA_A202_f7e3f2,PUR_IED_OEA_A202_f7e3f2,,,,,
2026-09-12T16:11:09-05:00,PUR_IED_OEA_A203_7d1b8d,PUR_IED_OEA_A203_7d1b8d,,,,,
2026-09-12T16:11:09-05:00,PUR_IED_OEA_Ext_27b593,PUR_IED_OEA_Ext_27b593,,,,,
2026-09-12T16:11:09-05:00,PUR_IED_Ochoa_Ext_1c29da,PUR_IED_Ochoa_Ext_1c29da,,,,,
2026-09-12T16:11:09-05:00,PUR_IED_Ochoa_S205_8b1121,PUR_IED_Ochoa_S205_8b1121,,,,,
2026-09-12T16:11:09-05:00,PUR_IED_Ochoa_Sistemas_f33af6,PUR_IED_Ochoa_Sistemas_f33af6,,,,,
2026-09-12T16:11:09-05:00,PUR_IED_PQuebec_Ext_1c67c7,PUR_IED_PQuebec_Ext_1c67c7,,,,,
2026-09-12T16:11:09-05:00,PUR_IED_PQuebec_S15_23e8e2,PUR_IED_PQuebec_S15_23e8e2,,,,,
2026-09-12T16:11:09-05:00,PUR_IED_PQuebec_S16_8ec76b,PUR_IED_PQuebec_S16_8ec76b,,,,,
2026-09-12T16:11:09-05:00,PUR_IED_PabloN_Ext_49dc96,PUR_IED_PabloN_Ext_49dc96,,,,,
2026-09-12T16:11:09-05:00,PUR_IED_PabloN_S1102_4e3df5,PUR_IED_PabloN_S1102_4e3df5,,,,,
2026-09-12T16:11:09-05:00,PUR_IED_PabloN_S1103_50c94b,PUR_IED_PabloN_S1103_50c94b,,,,,
2026-09-12T16:11:09-05:00,PUR_IED_Palestina_S1101_db9198,PUR_IED_Palestina_S1101_db9198,,,,,
2026-09-12T16:11:09-05:00,PUR_IED_Palestina_S1102_dc54fa,PUR_IED_Palestina_S1102_dc54fa,,,,,
2026-09-12T16:11:09-05:00,PUR_IED_Palestina_ext_4ccce6,PUR_IED_Palestina_ext_4ccce6,,,,,
2026-09-12T16:11:09-05:00,PUR_IED_Panama_Fisica_4d0794,PUR_IED_Panama_Fisica_4d0794,,,,,
2026-09-12T16:11:09-05:00,PUR_IED_Panama_SIngles_a4077e,PUR_IED_Panama_SIngles_a4077e,,,,,
2026-09-12T16:11:09-05:00,PUR_IED_Panama_ext_4c54b4,PUR_IED_Panama_ext_4c54b4,,,,,
2026-09-12T16:11:09-05:00,PUR_IED_ParaisoM_Exterior_8cd7f0,PUR_IED_ParaisoM_Exterior_8cd7f0,,,,,
2026-09-12T16:11:09-05:00,PUR_IED_ParaisoM_Laborato_27af35,PUR_IED_ParaisoM_Laborato_27af35,,,,,
2026-09-12T16:11:09-05:00,PUR_IED_ParaisoM_S304_d1edca,PUR_IED_ParaisoM_S304_d1edca,,,,,
2026-09-12T16:11:09-05:00,PUR_IED_PorfirioBarba_Ext_301466,PUR_IED_PorfirioBarba_Ext_301466,,,,,
2026-09-12T16:11:09-05:00,PUR_IED_PorfirioBarba_S11_df6cd2,PUR_IED_PorfirioBarba_S11_df6cd2,,,,,
2026-09-12T16:11:09-05:00,PUR_IED_PorfirioBarba_S29_27a7d6,PUR_IED_PorfirioBarba_S29_27a7d6,,,,,
2026-09-12T16:11:09-05:00,PUR_IED_PradoV_Exter_8b27ad,PUR_IED_PradoV_Exter_8b27ad,,,,,
2026-09-12T16:11:09-05:00,PUR_IED_PradoV_S301_de65b5,PUR_IED_PradoV_S301_de65b5,,,,,
2026-09-12T16:11:09-05:00,PUR_IED_PradoV_S302_7d2593,PUR_IED_PradoV_S302_7d2593,,,,,
2026-09-12T16:11:09-05:00,PUR_IED_QuirogaAlz_Ext_1ddc82,PUR_IED_QuirogaAlz_Ext_1ddc82,,,,,
2026-09-12T16:11:09-05:00,PUR_IED_QuirogaAlz_S302_9926a3,PUR_IED_QuirogaAlz_S302_9926a3,,,,,
2026-09-12T16:11:09-05:00,PUR_IED_QuirogaAlz_S305_cdf1f1,PUR_IED_QuirogaAlz_S305_cdf1f1,,,,,
2026-09-12T16:11:09-05:00,PUR_IED_RGuatemala_Biling_dc53b7,PUR_IED_RGuatemala_Biling_dc53b7,,,,,
2026-09-12T16:11:09-05:00,PUR_IED_RGuatemala_Ext_1b89a3,PUR_IED_RGuatemala_Ext_1b89a3,,,,,
2026-09-12T16:11:09-05:00,PUR_IED_RGuatemala_Tecnol_281a34,PUR_IED_RGuatemala_Tecnol_281a34,,,,,
2026-09-12T16:11:09-05:00,PUR_IED_RafaNu_Ext_f7c302,PUR_IED_RafaNu_Ext_f7c302,,,,,
2026-09-12T16:11:09-05:00,PUR_IED_RafaNu_S1101_25fde,PUR_IED_RafaNu_S1101_25fde,,,,,
2026-09-12T16:11:09-05:00,PUR_IED_RafaNu_S1102_281517,PUR_IED_RafaNu_S1102_281517,,,,,
2026-09-12T16:11:09-05:00,PUR_IED_RafaelB_S305_ee2783,PUR_IED_RafaelB_S305_ee2783,,,,,
2026-09-12T16:11:09-05:00,PUR_IED_RafaelB_S306_75fe33,PUR_IED_RafaelB_S306_75fe33,,,,,
2026-09-12T16:11:09-05:00,PUR_IED_RafaelB_ext_283336,PUR_IED_RafaelB_ext_283336,2,20,56,4.6722,-74.0737
2026-09-12T16:11:09-05:00,PUR_IED_RafaelUU_Exterior_281a51,PUR_IED_RafaelUU_Exterior_281a51,,,,,
2026-09-12T16:11:09-05:00,PUR_IED_RafaelUU_Human_806b2,PUR_IED_RafaelUU_Human_806b2,,,,,
2026-09-12T16:11:09-05:00,PUR_IED_RafaelUU_Mate2_5680d4,PUR_IED_RafaelUU_Mate2_5680d4,,,,,
2026-09-12T16:11:09-05:00,PUR_IED_RamonSub_Ext_f9eeb9,PUR_IED_RamonSub_Ext_f9eeb9,,,,,
2026-09-12T16:11:09-05:00,PUR_IED_RamonSub_Media_d1f62f,PUR_IED_RamonSub_Media_d1f62f,,,,,
2026-09-12T16:11:09-05:00,PUR_IED_RamonSub_planta_51b82,PUR_IED_RamonSub_planta_51b82,,,,,
2026-09-12T16:11:09-05:00,PUR_IED_RepBoliVene_Exter_27af7c,PUR_IED_RepBoliVene_Exter_27af7c,,,,,
2026-09-12T16:11:09-05:00,PUR_IED_RepBoliVene_SCPT_5ae2ee,PUR_IED_RepBoliVene_SCPT_5ae2ee,,,,,
2026-09-12T16:11:09-05:00,PUR_IED_RepBoliVene_Socia_4b11d5,PUR_IED_RepBoliVene_Socia_4b11d5,,,,,
2026-09-12T16:11:09-05:00,PUR_IED_RepChina_Ext_76d9ee,PUR_IED_RepChina_Ext_76d9ee,,,,,
2026-09-12T16:11:09-05:00,PUR_IED_RepChina_S404_7c804c,PUR_IED_RepChina_S404_7c804c,,,,,
2026-09-12T16:11:09-05:00,PUR_IED_RepChina_S405_df2c33,PUR_IED_RepChina_S405_df2c33,,,,,
2026-09-12T16:11:09-05:00,PUR_IED_RepublicaC_Exteri_7d1ec9,PUR_IED_RepublicaC_Exteri_7d1ec9,,,,,
2026-09-12T16:11:09-05:00,PUR_IED_RepublicaC_S1101_f544b3,PUR_IED_RepublicaC_S1101_f544b3,,,,,
2026-09-12T16:11:09-05:00,PUR_IED_RepublicaC_S1102_7aafc7,PUR_IED_RepublicaC_S1102_7aafc7,,,,,
2026-09-12T16:11:09-05:00,PUR_IED_Ricaurte_Externo_a0ea1,PUR_IED_Ricaurte_Externo_a0ea1,,,,,
2026-09-12T16:11:09-05:00,PUR_IED_Ricaurte_S210_f546fd,PUR_IED_Ricaurte_S210_f546fd,,,,,
2026-09-12T16:11:09-05:00,PUR_IED_Ricaurte_S309_d4452,PUR_IED_Ricaurte_S309_d4452,,,,,
2026-09-12T16:11:09-05:00,PUR_IED_RogelioS_1102_531e69,PUR_IED_RogelioS_1102_531e69,,,,,
2026-09-12T16:11:09-05:00,PUR_IED_RogelioS_Ext_f25a18,PUR_IED_RogelioS_Ext_f25a18,,,,,
2026-09-12T16:11:09-05:00,PUR_IED_SBernardino_Ext_27aff8,PUR_IED_SBernardino_Ext_27aff8,,,,,
2026-09-12T16:11:09-05:00,PUR_IED_SBernardino_SArte_2ffd33,PUR_IED_SBernardino_SArte_2ffd33,,,,,
2026-09-12T16:11:09-05:00,PUR_IED_SBernardino_SIngl_7c7da5,PUR_IED_SBernardino_SIngl_7c7da5,,,,,
2026-09-12T16:11:09-05:00,PUR_IED_Sago_auditorio_dc9d1d,PUR_IED_Sago_auditorio_dc9d1d,,,,,
2026-09-12T16:11:09-05:00,PUR_IED_Saludcoop_Ext_95aac3,PUR_IED_Saludcoop_Ext_95aac3,,,,,
2026-09-12T16:11:09-05:00,PUR_IED_Saludcoop_InfI_90c854,PUR_IED_Saludcoop_InfI_90c854,,,,,
2026-09-12T16:11:09-05:00,PUR_IED_Saludcoop_SMedia_1b93be,PUR_IED_Saludcoop_SMedia_1b93be,,,,,
2026-09-12T16:11:09-05:00,PUR_IED_SanCarlos_1101_1a2360,PUR_IED_SanCarlos_1101_1a2360,,,,,
2026-09-12T16:11:09-05:00,PUR_IED_SanCarlos_1103_7bafb5,PUR_IED_SanCarlos_1103_7bafb5,,,,,
2026-09-12T16:11:09-05:00,PUR_IED_SanCarlos_Ext_b7cd1,PUR_IED_SanCarlos_Ext_b7cd1,,,,,
2026-09-12T16:11:09-05:00,PUR_IED_SanIgnacioBosa11a_50c26e,PUR_IED_SanIgnacioBosa11a_50c26e,,,,,
2026-09-12T16:11:09-05:00,PUR_IED_SanIgnacioBosa11b_371de8,PUR_IED_SanIgnacioBosa11b_371de8,,,,,
2026-09-12T16:11:09-05:00,PUR_IED_SanIgnacioBosaExt_ef0ffc,PUR_IED_SanIgnacioBosaExt_ef0ffc,,,,,
2026-09-12T16:11:09-05:00,PUR_IED_SanIgnacioBosa_11a_50c26e,PUR_IED_SanIgnacioBosa_11a_50c26e,,,,,
2026-09-12T16:11:09-05:00,PUR_IED_SanIgnacioBosa_Ext_ef0ffc,PUR_IED_SanIgnacioBosa_Ext_ef0ffc,,,,,
2026-09-12T16:11:09-05:00,PUR_IED_SanJoseN_intS1101_31c47f,PUR_IED_SanJoseN_intS1101_31c47f,,,,,
2026-09-12T16:11:09-05:00,PUR_IED_SanJoseUsm_Exter_f5d7e8,PUR_IED_SanJoseUsm_Exter_f5d7e8,,,,,
2026-09-12T16:11:09-05:00,PUR_IED_SanJoseUsm_Int11A_cfdef6,PUR_IED_SanJoseUsm_Int11A_cfdef6,,,,,
2026-09-12T16:11:09-05:00,PUR_IED_SilveriaR_IntB5_905349,PUR_IED_SilveriaR_IntB5_905349,,,,,
2026-09-12T16:11:09-05:00,PUR_IED_SilveriaR_IntSD14_981f93,PUR_IED_SilveriaR_IntSD14_981f93,,,,,
2026-09-12T16:11:09-05:00,PUR_IED_SilveriaR_ext_2b651d,PUR_IED_SilveriaR_ext_2b651d,,,,,
2026-09-12T16:11:09-05:00,PUR_IED_SimonB_Exterior_913975,PUR_IED_SimonB_Exterior_913975,,,,,
2026-09-12T16:11:09-05:00,PUR_IED_SimonB_LabQuimi_c56908,PUR_IED_SimonB_LabQuimi_c56908,,,,,
2026-09-12T16:11:09-05:00,PUR_IED_SimonB_informatic_a28c1,PUR_IED_SimonB_informatic_a28c1,,,,,
2026-09-12T16:11:09-05:00,PUR_IED_Sorrento_1102_315f50,PUR_IED_Sorrento_1102_315f50,,,,,
2026-09-12T16:11:09-05:00,PUR_IED_Sorrento_Minte_214eab,PUR_IED_Sorrento_Minte_214eab,,,,,
2026-09-12T16:11:09-05:00,PUR_IED_Sorrento_ext_7c3a0a,PUR_IED_Sorrento_ext_7c3a0a,,,,,
2026-09-12T16:11:09-05:00,PUR_IED_Tabora_Ext_f048ae,PUR_IED_Tabora_Ext_f048ae,,,,,
2026-09-12T16:11:09-05:00,PUR_IED_Tabora_S1102_b07752,PUR_IED_Tabora_S1102_b07752,,,,,
2026-09-12T16:11:09-05:00,PUR_IED_Tabora_S1103_d988f5,PUR_IED_Tabora_S1103_d988f5,,,,,
2026-09-12T16:11:09-05:00,PUR_IED_Tenerife_Ext_1ab188,PUR_IED_Tenerife_Ext_1ab188,,,,,
2026-09-12T16:11:09-05:00,PUR_IED_Tenerife_SDanzas_7bc02e,PUR_IED_Tenerife_SDanzas_7bc02e,,,,,
2026-09-12T16:11:09-05:00,PUR_IED_Tenerife_SIngles_7cc277,PUR_IED_Tenerife_SIngles_7cc277,,,,,
2026-09-12T16:11:09-05:00,PUR_IED_Tibabuyes_Exter_f2683d,PUR_IED_Tibabuyes_Exter_f2683d,,,,,
2026-09-12T16:11:09-05:00,PUR_IED_Tibabuyes_S10_dc87a8,PUR_IED_Tibabuyes_S10_dc87a8,,,,,
2026-09-12T16:11:09-05:00,PUR_IED_Tibabuyes_S15_dc0526,PUR_IED_Tibabuyes_S15_dc0526,,,,,
2026-09-12T16:11:09-05:00,PUR_IED_UnionE_S301_a1043,PUR_IED_UnionE_S301_a1043,,,,,
2026-09-12T16:11:09-05:00,PUR_IED_UnionE_S307_ff6c2f,PUR_IED_UnionE_S307_ff6c2f,,,,,
2026-09-12T16:11:09-05:00,PUR_IED_UnionE__Ext_5e2468,PUR_IED_UnionE__Ext_5e2468,,,,,
2026-09-12T16:11:09-05:00,PUR_IED_VillaRica_Ext_75be7c,PUR_IED_VillaRica_Ext_75be7c,,,,,
2026-09-12T16:11:09-05:00,PUR_IED_VillaRica_S4_cc5dcd,PUR_IED_VillaRica_S4_cc5dcd,,,,,
2026-09-12T16:11:09-05:00,PUR_IED_VillaRica_Sesp_99f5c,PUR_IED_VillaRica_Sesp_99f5c,,,,,
2026-09-12T16:16:15-05:00,PUR_IED_20deJulio_1101_91b1b9,PUR_IED_20deJulio_1101_91b1b9,,,,,
2026-09-12T16:16:15-05:00,PUR_IED_20deJulio_1102_1cfcf9,PUR_IED_20deJulio_1102_1cfcf9,,,,,
2026-09-12T16:16:15-05:00,PUR_IED_20deJulio_Ext_ab60bd,PUR_IED_20deJulio_Ext_ab60bd,,,,,
2026-09-12T16:16:15-05:00,PUR_IED_AgustinFer_Ext_7b9b77,PUR_IED_AgustinFer_Ext_7b9b77,,,,,
2026-09-12T16:16:15-05:00,PUR_IED_AgustinFer_Info2_27b3a7,PUR_IED_AgustinFer_Info2_27b3a7,,,,,
2026-09-12T16:16:15-05:00,PUR_IED_AgustinFer_Sena_54b4eb,PUR_IED_AgustinFer_Sena_54b4eb,,,,,
2026-09-12T16:16:15-05:00,PUR_IED_AlexanderF_1102_caf07b,PUR_IED_AlexanderF_1102_caf07b,,,,,
2026-09-12T16:16:15-05:00,PUR_IED_AlexanderF_1103_c79e71,PUR_IED_AlexanderF_1103_c79e71,,,,,
2026-09-12T16:16:15-05:00,PUR_IED_AlexanderF_Ext_c5b18b,PUR_IED_AlexanderF_Ext_c5b18b,,,,,
2026-09-12T16:16:15-05:00,PUR_IED_AlfonsoLopez_Ext_281d77,PUR_IED_AlfonsoLopez_Ext_281d77,,,,,
2026-09-12T16:16:15-05:00,PUR_IED_AlfonsoLopez_LabF_888ce0,PUR_IED_AlfonsoLopez_LabF_888ce0,,,,,
2026-09-12T16:16:15-05:00,PUR_IED_AlfonsoLopez_SMed_df6a7f,PUR_IED_AlfonsoLopez_SMed_df6a7f,,,,,
2026-09-12T16:16:15-05:00,PUR_IED_AltamiraSO_A2_209f92,PUR_IED_AltamiraSO_A2_209f92,,,,,
2026-09-12T16:16:15-05:00,PUR_IED_AltamiraSO_Ext_186d66,PUR_IED_AltamiraSO_Ext_186d66,,,,,
2026-09-12T16:16:15-05:00,PUR_IED_AltamiraSO_Sistem_27afe1,PUR_IED_AltamiraSO_Sistem_27afe1,,,,,
2026-09-12T16:16:15-05:00,PUR_IED_AlvaroGom_LabQuim_813179,PUR_IED_AlvaroGom_LabQuim_813179,,,,,
2026-09-12T16:16:15-05:00,PUR_IED_AlvaroGomez_Ext_47c7ca,PUR_IED_AlvaroGomez_Ext_47c7ca,,,,,
2026-09-12T16:16:15-05:00,PUR_IED_AlvaroGomez_LabQuim_813179,PUR_IED_AlvaroGomez_LabQuim_813179,,,,,
2026-09-12T16:16:15-05:00,PUR_IED_AlvaroGomez_S23_7ba89f,PUR_IED_AlvaroGomez_S23_7ba89f,,,,,
2026-09-12T16:16:15-05:00,PUR_IED_Amistad_306_dc8728,PUR_IED_Amistad_306_dc8728,,,,,
2026-09-12T16:16:15-05:00,PUR_IED_Amistad_Ext_8cd55e,PUR_IED_Amistad_Ext_8cd55e,,,,,
2026-09-12T16:16:15-05:00,PUR_IED_Amistad_S202_a41169,PUR_IED_Amistad_S202_a41169,,,,,
2026-09-12T16:16:15-05:00,PUR_IED_AndresBello_Bio_fd5f5e,PUR_IED_AndresBello_Bio_fd5f5e,,,,,
2026-09-12T16:16:15-05:00,PUR_IED_AndresBello_ext_dcad65,PUR_IED_AndresBello_ext_dcad65,,,,,
2026-09-12T16:16:15-05:00,PUR_IED_AndresBello_port_eed3ec,PUR_IED_AndresBello_port_eed3ec,,,,,
2026-09-12T16:16:15-05:00,PUR_IED_AngelaR_11b_d90a6b,PUR_IED_AngelaR_11b_d90a6b,,,,,
2026-09-12T16:16:15-05:00,PUR_IED_AngelaR_ext_7cad3e,PUR_IED_AngelaR_ext_7cad3e,3,21,58,4.5825,-74.164497
2026-09-12T16:16:15-05:00,PUR_IED_AntJoseSucre_10mo_df2575,PUR_IED_AntJoseSucre_10mo_df2575,,,,,
2026-09-12T16:16:15-05:00,PUR_IED_AntJoseSucre_Ext_215b36,PUR_IED_AntJoseSucre_Ext_215b36,,,,,
2026-09-12T16:16:15-05:00,PUR_IED_AntJoseSucre_Lab_3139de,PUR_IED_AntJoseSucre_Lab_3139de,,,,,
2026-09-12T16:16:15-05:00,PUR_IED_AntonioGarcia_301_d6b188,PUR_IED_AntonioGarcia_301_d6b188,,,,,
2026-09-12T16:16:15-05:00,PUR_IED_AntonioGarcia_302_88a82,PUR_IED_AntonioGarcia_302_88a82,,,,,
2026-09-12T16:16:15-05:00,PUR_IED_AntonioGarcia_Ext_20950c,PUR_IED_AntonioGarcia_Ext_20950c,,,,,
2026-09-12T16:16:15-05:00,PUR_IED_AntonioVan_Aula2_6dea02,PUR_IED_AntonioVan_Aula2_6dea02,,,,,
2026-09-12T16:16:15-05:00,PUR_IED_AntonioVan_Aula5_f1557e,PUR_IED_AntonioVan_Aula5_f1557e,,,,,
2026-09-12T16:16:15-05:00,PUR_IED_AntonioVan_Ext_406f2f,PUR_IED_AntonioVan_Ext_406f2f,,,,,
2026-09-12T16:16:15-05:00,PUR_IED_Atabanzha_Ext_cc5af9,PUR_IED_Atabanzha_Ext_cc5af9,,,,,
2026-09-12T16:16:15-05:00,PUR_IED_Atabanzha_SA101_56c37,PUR_IED_Atabanzha_SA101_56c37,,,,,
2026-09-12T16:16:15-05:00,PUR_IED_Atabanzha_SB302_27b374,PUR_IED_Atabanzha_SB302_27b374,,,,,
2026-09-12T16:16:15-05:00,PUR_IED_Atahualpa_Ext_fc1748,PUR_IED_Atahualpa_Ext_fc1748,,,,,
2026-09-12T16:16:15-05:00,PUR_IED_Atahualpa_Informa_dc9a95,PUR_IED_Atahualpa_Informa_dc9a95,,,,,
2026-09-12T16:16:15-05:00,PUR_IED_Atahualpa_S1101_f98056,PUR_IED_Atahualpa_S1101_f98056,,,,,
2026-09-12T16:16:15-05:00,PUR_IED_Bellavista_Ext_f5aa74,PUR_IED_Bellavista_Ext_f5aa74,,,,,
2026-09-12T16:16:15-05:00,PUR_IED_Bilbao_11A_916c41,PUR_IED_Bilbao_11A_916c41,,,,,
2026-09-12T16:16:15-05:00,PUR_IED_Bilbao_Ext_fb579a,PUR_IED_Bilbao_Ext_fb579a,,,,,
2026-09-12T16:16:15-05:00,PUR_IED_BrasiliaU_A125_304280,PUR_IED_BrasiliaU_A125_304280,,,,,
2026-09-12T16:16:15-05:00,PUR_IED_BrasiliaU_A203_7c8ca5,PUR_IED_BrasiliaU_A203_7c8ca5,,,,,
2026-09-12T16:16:15-05:00,PUR_IED_BrasiliaU_Ext_8d6e9f,PUR_IED_BrasiliaU_Ext_8d6e9f,4,20,57,4.5175,-74.116302
2026-09-12T16:16:15-05:00,PUR_IED_Brasilia_Ext_fe6593,PUR_IED_Brasilia_Ext_fe6593,,,,,
2026-09-12T16:16:15-05:00,PUR_IED_Brasilia_S24_7c130d,PUR_IED_Brasilia_S24_7c130d,,,,,
2026-09-12T16:16:15-05:00,PUR_IED_Brasilia_S501_186a54,PUR_IED_Brasilia_S501_186a54,,,,,
2026-09-12T16:16:15-05:00,PUR_IED_CHARRY_EXT_f1d5cd,PUR_IED_CHARRY_EXT_f1d5cd,,,,,
2026-09-12T16:16:15-05:00,PUR_IED_CHARRY_INTDANZAS_7a08e6,PUR_IED_CHARRY_INTDANZAS_7a08e6,,,,,
2026-09-12T16:16:15-05:00,PUR_IED_CHARRY_INT_AULA20_dc998d,PUR_IED_CHARRY_INT_AULA20_dc998d,,,,,
2026-09-12T16:16:15-05:00,PUR_IED_COLVIV_1101_S25_7f520a,PUR_IED_COLVIV_1101_S25_7f520a,,,,,
2026-09-12T16:16:15-05:00,PUR_IED_COLVIV_1102_S16_f570ba,PUR_IED_COLVIV_1102_S16_f570ba,,,,,
2026-09-12T16:16:15-05:00,PUR_IED_COLVIV_Ext_1a26fa,PUR_IED_COLVIV_Ext_1a26fa,,,,,
2026-09-12T16:16:15-05:00,PUR_IED_CULPOP_301A_f660f3,PUR_IED_CULPOP_301A_f660f3,,,,,
2026-09-12T16:16:15-05:00,PUR_IED_CULPOP_303_568afe,PUR_IED_CULPOP_303_568afe,,,,,
2026-09-12T16:16:15-05:00,PUR_IED_CULPOP_Ext_e02ccb,PUR_IED_CULPOP_Ext_e02ccb,,,,,
2026-09-12T16:16:15-05:00,PUR_IED_CVillavicen_Ext_26eb58,PUR_IED_CVillavicen_Ext_26eb58,6,17,76,4.487,-74.102798
2026-09-12T16:16:15-05:00,PUR_IED_CVillavicen_Intel_1ce5c2,PUR_IED_CVillavicen_Intel_1ce5c2,,,,,
2026-09-12T16:16:15-05:00,PUR_IED_CVillavicen_Poliv_e0766c,PUR_IED_CVillavicen_Poliv_e0766c,,,,,
2026-09-12T16:16:15-05:00,PUR_IED_CVillavicen_int_1ba140,PUR_IED_CVillavicen_int_1ba140,,,,,
2026-09-12T16:16:15-05:00,PUR_IED_CVillavicen_intel_1ba140,PUR_IED_CVillavicen_intel_1ba140,,,,,
2026-09-12T16:16:15-05:00,PUR_IED_CarlosPizarro_Ext_e307cc,PUR_IED_CarlosPizarro_Ext_e307cc,,,,,
2026-09-12T16:16:15-05:00,PUR_IED_CarlosPizarro_L36_7e5cdb,PUR_IED_CarlosPizarro_L36_7e5cdb,,,,,
2026-09-12T16:16:15-05:00,PUR_IED_CarlosPizarro_L37_c8566c,PUR_IED_CarlosPizarro_L37_c8566c,,,,,
2026-09-12T16:16:15-05:00,PUR_IED_Castilla_Ext_cf35f,PUR_IED_Castilla_Ext_cf35f,,,,,
2026-09-12T16:16:15-05:00,PUR_IED_Castilla_SFisik_360e38,PUR_IED_Castilla_SFisik_360e38,,,,,
2026-09-12T16:16:15-05:00,PUR_IED_Castilla_Sc304_496fbf,PUR_IED_Castilla_Sc304_496fbf,,,,,
2026-09-12T16:16:15-05:00,PUR_IED_CervantesSa_Ext_6b57b,PUR_IED_CervantesSa_Ext_6b57b,3,19,64,4.5128,-74.117203
2026-09-12T16:16:15-05:00,PUR_IED_CervantesSa_S107_225c2b,PUR_IED_CervantesSa_S107_225c2b,,,,,
2026-09-12T16:16:15-05:00,PUR_IED_CervantesSa_S108_940925,PUR_IED_CervantesSa_S108_940925,,,,,
2026-09-12T16:16:15-05:00,PUR_IED_Charry_A20_f53e7c,PUR_IED_Charry_A20_f53e7c,,,,,
2026-09-12T16:16:15-05:00,PUR_IED_Charry_Ext_f1d5cd,PUR_IED_Charry_Ext_f1d5cd,,,,,
2026-09-12T16:16:15-05:00,PUR_IED_Charry_IntAula20_dc998d,PUR_IED_Charry_IntAula20_dc998d,,,,,
2026-09-12T16:16:15-05:00,PUR_IED_Charry_IntDanzas_7a08e6,PUR_IED_Charry_IntDanzas_7a08e6,,,,,
2026-09-12T16:16:15-05:00,PUR_IED_ClememciaC_203_43e2fc,PUR_IED_ClememciaC_203_43e2fc,,,,,
2026-09-12T16:16:15-05:00,PUR_IED_ClememciaC_Ext_1b411a,PUR_IED_ClememciaC_Ext_1b411a,,,,,
2026-09-12T16:16:15-05:00,PUR_IED_ClememciaC_Quimic_44b5fc,PUR_IED_ClememciaC_Quimic_44b5fc,,,,,
2026-09-12T16:16:15-05:00,PUR_IED_ClemenciaC_203_43e2fc,PUR_IED_ClemenciaC_203_43e2fc,,,,,
2026-09-12T16:16:15-05:00,PUR_IED_ClemenciaC_Ext_1b411a,PUR_IED_ClemenciaC_Ext_1b411a,,,,,
2026-09-12T16:16:15-05:00,PUR_IED_ClemenciaC_Quimic_44b5fc,PUR_IED_ClemenciaC_Quimic_44b5fc,,,,,
2026-09-12T16:16:15-05:00,PUR_IED_ColViva_1101_S25_7f520a,PUR_IED_ColViva_1101_S25_7f520a,,,,,
2026-09-12T16:16:15-05:00,PUR_IED_ColViva_1102_S16_f570ba,PUR_IED_ColViva_1102_S16_f570ba,,,,,
2026-09-12T16:16:15-05:00,PUR_IED_ColViva_Ext_1a26fa,PUR_IED_ColViva_Ext_1a26fa,,,,,
2026-09-12T16:16:15-05:00,PUR_IED_ColegioBici_Asist_7c8798,PUR_IED_ColegioBici_Asist_7c8798,,,,,
2026-09-12T16:16:15-05:00,PUR_IED_ColegioBici_Ext_25cbf6,PUR_IED_ColegioBici_Ext_25cbf6,,,,,
2026-09-12T16:16:15-05:00,PUR_IED_ColegioBici_LabQ_7b57db,PUR_IED_ColegioBici_LabQ_7b57db,,,,,
2026-09-12T16:16:15-05:00,PUR_IED_CostaRica_Ext_5e640,PUR_IED_CostaRica_Ext_5e640,,,,,
2026-09-12T16:16:15-05:00,PUR_IED_CostaRica_Quim1_766d1c,PUR_IED_CostaRica_Quim1_766d1c,,,,,
2026-09-12T16:16:15-05:00,PUR_IED_CostaRica__Fisica_6f0873,PUR_IED_CostaRica__Fisica_6f0873,,,,,
2026-09-12T16:16:15-05:00,PUR_IED_CulPopu_301A_f660f3,PUR_IED_CulPopu_301A_f660f3,,,,,
2026-09-12T16:16:15-05:00,PUR_IED_CulPopu_303_568afe,PUR_IED_CulPopu_303_568afe,,,,,
2026-09-12T16:16:15-05:00,PUR_IED_CulPopu_Ext_e02ccb,PUR_IED_CulPopu_Ext_e02ccb,,,,,
2026-09-12T16:16:15-05:00,PUR_IED_Cundinamarca_Ext_f15985,PUR_IED_Cundinamarca_Ext_f15985,,,,,
2026-09-12T16:16:15-05:00,PUR_IED_Cundinamarca_Info_7aa5d7,PUR_IED_Cundinamarca_Info_7aa5d7,,,,,
2026-09-12T16:16:15-05:00,PUR_IED_Cundinamarca_Tec2_f449c7,PUR_IED_Cundinamarca_Tec2_f449c7,,,,,
2026-09-12T16:16:15-05:00,PUR_IED_DiegoM_Aula1_27b314,PUR_IED_DiegoM_Aula1_27b314,,,,,
2026-09-12T16:16:15-05:00,PUR_IED_DiegoM_Ext_d80ac8,PUR_IED_DiegoM_Ext_d80ac8,,,,,
2026-09-12T16:16:15-05:00,PUR_IED_DiegoM_S25_da928f,PUR_IED_DiegoM_S25_da928f,,,,,
2026-09-12T16:16:15-05:00,PUR_IED_ELRODEO_360881,PUR_IED_ELRODEO_360881,,,,,
2026-09-12T16:16:15-05:00,PUR_IED_ELRODEO_ext_360881,PUR_IED_ELRODEO_ext_360881,,,,,
2026-09-12T16:16:15-05:00,PUR_IED_EduardoU_Ext_1c1969,PUR_IED_EduardoU_Ext_1c1969,,,,,
2026-09-12T16:16:15-05:00,PUR_IED_EduardoU_SCiencia_4dfb94,PUR_IED_EduardoU_SCiencia_4dfb94,,,,,
2026-09-12T16:16:15-05:00,PUR_IED_EduardoU_SQuimica_5a46e7,PUR_IED_EduardoU_SQuimica_5a46e7,,,,,
2026-09-12T16:16:15-05:00,PUR_IED_ElRodeo_Aula14_676984,PUR_IED_ElRodeo_Aula14_676984,,,,,
2026-09-12T16:16:15-05:00,PUR_IED_ElRodeo_Aula16_2dd35b,PUR_IED_ElRodeo_Aula16_2dd35b,,,,,
2026-09-12T16:16:15-05:00,PUR_IED_ElRodeo_Ext_360881,PUR_IED_ElRodeo_Ext_360881,,,,,
2026-09-12T16:16:15-05:00,PUR_IED_ElRodeo_Exterior_8c6d28,PUR_IED_ElRodeo_Exterior_8c6d28,,,,,
2026-09-12T16:16:15-05:00,PUR_IED_ElRodeo_ext_360881,PUR_IED_ElRodeo_ext_360881,,,,,
2026-09-12T16:16:15-05:00,PUR_IED_EmmaReyes_Ext_987625,PUR_IED_EmmaReyes_Ext_987625,3,22,49,4.6367,-74.1511
2026-09-12T16:16:15-05:00,PUR_IED_Ensueño_Ext_7f0250,PUR_IED_Ensueño_Ext_7f0250,,,,,
2026-09-12T16:16:15-05:00,PUR_IED_EscNormal_Ext_5fef3b,PUR_IED_EscNormal_Ext_5fef3b,2,21,55,4.5852,-74.096901
2026-09-12T16:16:15-05:00,PUR_IED_EscNormal_S309_5b263,PUR_IED_EscNormal_S309_5b263,,,,,
2026-09-12T16:16:15-05:00,PUR_IED_EscNormal_S310_27b3b8,PUR_IED_EscNormal_S310_27b3b8,,,,,
2026-09-12T16:16:15-05:00,PUR_IED_Evangelista_Conta_f6cd4f,PUR_IED_Evangelista_Conta_f6cd4f,,,,,
2026-09-12T16:16:15-05:00,PUR_IED_Evangelista_Cri_5e16a,PUR_IED_Evangelista_Cri_5e16a,,,,,
2026-09-12T16:16:15-05:00,PUR_IED_Evangelista_Exter_754066,PUR_IED_Evangelista_Exter_754066,,,,,
2026-09-12T16:16:15-05:00,PUR_IED_FMiranda_S209_5cc2a3,PUR_IED_FMiranda_S209_5cc2a3,,,,,
2026-09-12T16:16:15-05:00,PUR_IED_FMiranda_S303_19e344,PUR_IED_FMiranda_S303_19e344,,,,,
2026-09-12T16:16:15-05:00,PUR_IED_FMiranda_ext_f53e7c,PUR_IED_FMiranda_ext_f53e7c,,,,,
2026-09-12T16:16:15-05:00,PUR_IED_FabioLozano_Bibli_1cee05,PUR_IED_FabioLozano_Bibli_1cee05,,,,,
2026-09-12T16:16:15-05:00,PUR_IED_FabioLozano_Ext_6ea285,PUR_IED_FabioLozano_Ext_6ea285,,,,,
2026-09-12T16:16:15-05:00,PUR_IED_FabioLozano_SLudi_f09e1e,PUR_IED_FabioLozano_SLudi_f09e1e,,,,,
2026-09-12T16:16:15-05:00,PUR_IED_FaustinoS_Aula07_27a731,PUR_IED_FaustinoS_Aula07_27a731,,,,,
2026-09-12T16:16:15-05:00,PUR_IED_FaustinoS_Ext_7b936f,PUR_IED_FaustinoS_Ext_7b936f,,,,,
2026-09-12T16:16:15-05:00,PUR_IED_FaustinoS_Fisica_da2c60,PUR_IED_FaustinoS_Fisica_da2c60,,,,,
2026-09-12T16:16:15-05:00,PUR_IED_FeGarciaLo_Ext_dc68ee,PUR_IED_FeGarciaLo_Ext_dc68ee,,,,,
2026-09-12T16:16:15-05:00,PUR_IED_FeGarciaLo_SDanza_f70a59,PUR_IED_FeGarciaLo_SDanza_f70a59,,,,,
2026-09-12T16:16:15-05:00,PUR_IED_FeGarciaLo_SMusic_125cdd,PUR_IED_FeGarciaLo_SMusic_125cdd,,,,,
2026-09-12T16:16:15-05:00,PUR_IED_FederalAlema_Exte_50c345,PUR_IED_FederalAlema_Exte_50c345,,,,,
2026-09-12T16:16:15-05:00,PUR_IED_FederalAlema_S31_f18371,PUR_IED_FederalAlema_S31_f18371,,,,,
2026-09-12T16:16:15-05:00,PUR_IED_FederalAlema_S901_a62cd,PUR_IED_FederalAlema_S901_a62cd,,,,,
2026-09-12T16:16:15-05:00,PUR_IED_FilarmonicaS_A5_f35eb1,PUR_IED_FilarmonicaS_A5_f35eb1,,,,,
2026-09-12T16:16:15-05:00,PUR_IED_FilarmonicaS_Ext_8a3bde,PUR_IED_FilarmonicaS_Ext_8a3bde,,,,,
2026-09-12T16:16:15-05:00,PUR_IED_FilarmonicaS_Spol_406114,PUR_IED_FilarmonicaS_Spol_406114,,,,,
2026-09-12T16:16:15-05:00,PUR_IED_FlorentinoG_A13_d1fa59,PUR_IED_FlorentinoG_A13_d1fa59,,,,,
2026-09-12T16:16:15-05:00,PUR_IED_FlorentinoG_Ext_1ce6ce,PUR_IED_FlorentinoG_Ext_1ce6ce,,,,,
2026-09-12T16:16:15-05:00,PUR_IED_FlorentinoG_Idiom_a66aac,PUR_IED_FlorentinoG_Idiom_a66aac,,,,,
2026-09-12T16:16:15-05:00,PUR_IED_FranciscoMati_Ext_e3869d,PUR_IED_FranciscoMati_Ext_e3869d,,,,,
2026-09-12T16:16:15-05:00,PUR_IED_FranciscoMati_S13_f31c67,PUR_IED_FranciscoMati_S13_f31c67,,,,,
2026-09-12T16:16:15-05:00,PUR_IED_FranciscoMati_S14_97dead,PUR_IED_FranciscoMati_S14_97dead,,,,,
2026-09-12T16:16:15-05:00,PUR_IED_FranciscoPS_Ext_7bfa9a,PUR_IED_FranciscoPS_Ext_7bfa9a,2,21,55,4.5899,-74.110397
2026-09-12T16:16:15-05:00,PUR_IED_FranciscoPS_Infor_fb8f4c,PUR_IED_FranciscoPS_Infor_fb8f4c,,,,,
2026-09-12T16:16:15-05:00,PUR_IED_FranciscoPS_Quimi_94d39c,PUR_IED_FranciscoPS_Quimi_94d39c,,,,,
2026-09-12T16:16:15-05:00,PUR_IED_FranciscoP_LabQ_d7e148,PUR_IED_FranciscoP_LabQ_d7e148,,,,,
2026-09-12T16:16:15-05:00,PUR_IED_FranciscoP_S28_cf9b30,PUR_IED_FranciscoP_S28_cf9b30,,,,,
2026-09-12T16:16:15-05:00,PUR_IED_FranciscoP_ext_e2313,PUR_IED_FranciscoP_ext_e2313,,,,,
2026-09-12T16:16:15-05:00,PUR_IED_FriederichN_Ext_8ac92a,PUR_IED_FriederichN_Ext_8ac92a,,,,,
2026-09-12T16:16:15-05:00,PUR_IED_FriederichN_S301_dd7e5a,PUR_IED_FriederichN_S301_dd7e5a,,,,,
2026-09-12T16:16:15-05:00,PUR_IED_FriederichN_S308_761f4f,PUR_IED_FriederichN_S308_761f4f,,,,,
2026-09-12T16:16:15-05:00,PUR_IED_GSantander_Aula10_533dd7,PUR_IED_GSantander_Aula10_533dd7,,,,,
2026-09-12T16:16:15-05:00,PUR_IED_GSantander_Aula12_fd4e4f,PUR_IED_GSantander_Aula12_fd4e4f,,,,,
2026-09-12T16:16:15-05:00,PUR_IED_GSantander_Aula310_533dd7,PUR_IED_GSantander_Aula310_533dd7,,,,,
2026-09-12T16:16:15-05:00,PUR_IED_GSantander_Aula312_fd4e4f,PUR_IED_GSantander_Aula312_fd4e4f,,,,,
2026-09-12T16:16:15-05:00,PUR_IED_GSantander_Ext_5f66b0,PUR_IED_GSantander_Ext_5f66b0,,,,,
2026-09-12T16:16:15-05:00,PUR_IED_GYomasa_Ext_f6bea5,PUR_IED_GYomasa_Ext_f6bea5,,,,,
2026-09-12T16:16:15-05:00,PUR_IED_GYomasa_LBiol_2c41aa,PUR_IED_GYomasa_LBiol_2c41aa,,,,,
2026-09-12T16:16:15-05:00,PUR_IED_GYomasa_LQuim_33c80,PUR_IED_GYomasa_LQuim_33c80,,,,,
2026-09-12T16:16:15-05:00,PUR_IED_GabBetMejia_Cienc_5a99c,PUR_IED_GabBetMejia_Cienc_5a99c,,,,,
2026-09-12T16:16:15-05:00,PUR_IED_GabBetMejia_Ext_9153d0,PUR_IED_GabBetMejia_Ext_9153d0,,,,,
2026-09-12T16:16:15-05:00,PUR_IED_GabBetMejia_Lab_f55347,PUR_IED_GabBetMejia_Lab_f55347,,,,,
2026-09-12T16:16:15-05:00,PUR_IED_GabBetanMejia_Ext_9153d0,PUR_IED_GabBetanMejia_Ext_9153d0,,,,,
2026-09-12T16:16:15-05:00,PUR_IED_Gaitana_Aula13_7aac11,PUR_IED_Gaitana_Aula13_7aac11,,,,,
2026-09-12T16:16:15-05:00,PUR_IED_Gaitana_Ext_5fcf4,PUR_IED_Gaitana_Ext_5fcf4,,,,,
2026-09-12T16:16:15-05:00,PUR_IED_Gaitana_LabFisica_644448,PUR_IED_Gaitana_LabFisica_644448,,,,,
2026-09-12T16:16:15-05:00,PUR_IED_GenSantander_Dise_8ac858,PUR_IED_GenSantander_Dise_8ac858,,,,,
2026-09-12T16:16:15-05:00,PUR_IED_GenSantander_Ext_8d5dfe,PUR_IED_GenSantander_Ext_8d5dfe,,,,,
2026-09-12T16:16:15-05:00,PUR_IED_GenSantander_Info_6c25b,PUR_IED_GenSantander_Info_6c25b,,,,,
2026-09-12T16:16:15-05:00,PUR_IED_GustavoMo_Exterio_75e63d,PUR_IED_GustavoMo_Exterio_75e63d,,,,,
2026-09-12T16:16:15-05:00,PUR_IED_GustavoMo_LabFisi_224d37,PUR_IED_GustavoMo_LabFisi_224d37,,,,,
2026-09-12T16:16:15-05:00,PUR_IED_GustavoMo_S208_3e6918,PUR_IED_GustavoMo_S208_3e6918,,,,,
2026-09-12T16:16:15-05:00,PUR_IED_GustavoR_A02_8cd4a8,PUR_IED_GustavoR_A02_8cd4a8,,,,,
2026-09-12T16:16:15-05:00,PUR_IED_GustavoR_B11_5b0ed,PUR_IED_GustavoR_B11_5b0ed,,,,,
2026-09-12T16:16:15-05:00,PUR_IED_GustavoR_Ext_7a0c90,PUR_IED_GustavoR_Ext_7a0c90,,,,,
2026-09-12T16:16:15-05:00,PUR_IED_HernandoDuran_Ext_8cd82b,PUR_IED_HernandoDuran_Ext_8cd82b,,,,,
2026-09-12T16:16:15-05:00,PUR_IED_HernandoDuran_S24_2772c6,PUR_IED_HernandoDuran_S24_2772c6,,,,,
2026-09-12T16:16:15-05:00,PUR_IED_HernandoDuran_S30_f2de41,PUR_IED_HernandoDuran_S30_f2de41,,,,,
2026-09-12T16:16:15-05:00,PUR_IED_HolguInUr_S1101_8cd732,PUR_IED_HolguInUr_S1101_8cd732,,,,,
2026-09-12T16:16:15-05:00,PUR_IED_HolguinUr_Exter_ddae6d,PUR_IED_HolguinUr_Exter_ddae6d,,,,,
2026-09-12T16:16:15-05:00,PUR_IED_HolguinUr_LabQuim_92b952,PUR_IED_HolguinUr_LabQuim_92b952,,,,,
2026-09-12T16:16:15-05:00,PUR_IED_Isabel-II_Ext_5245cc,PUR_IED_Isabel-II_Ext_5245cc,2,20,54,4.6336,-74.153
2026-09-12T16:16:15-05:00,PUR_IED_Isabel-II_S_idiom_1c29aa,PUR_IED_Isabel-II_S_idiom_1c29aa,,,,,
2026-09-12T16:16:15-05:00,PUR_IED_Isabel-II_S_infor_fd741,PUR_IED_Isabel-II_S_infor_fd741,,,,,
2026-09-12T16:16:15-05:00,PUR_IED_IsidroSur_Exterio_5b90ea,PUR_IED_IsidroSur_Exterio_5b90ea,,,,,
2026-09-12T16:16:15-05:00,PUR_IED_IsidroSur_LabTec_56697a,PUR_IED_IsidroSur_LabTec_56697a,,,,,
2026-09-12T16:16:15-05:00,PUR_IED_IsidroSur_Robotic_b7c38f,PUR_IED_IsidroSur_Robotic_b7c38f,,,,,
2026-09-12T16:16:15-05:00,PUR_IED_IsmaelPerd_Ext_7b6672,PUR_IED_IsmaelPerd_Ext_7b6672,,,,,
2026-09-12T16:16:15-05:00,PUR_IED_IsmaelPerd_Inform_306540,PUR_IED_IsmaelPerd_Inform_306540,,,,,
2026-09-12T16:16:15-05:00,PUR_IED_IsmaelPerd_S30_2e2c83,PUR_IED_IsmaelPerd_S30_2e2c83,,,,,
2026-09-12T16:16:15-05:00,PUR_IED_JLozano_Exter_432910,PUR_IED_JLozano_Exter_432910,,,,,
2026-09-12T16:16:15-05:00,PUR_IED_JLozano_salaMulti_df5125,PUR_IED_JLozano_salaMulti_df5125,,,,,
2026-09-12T16:16:15-05:00,PUR_IED_JMCordoba_206_86f80b,PUR_IED_JMCordoba_206_86f80b,,,,,
2026-09-12T16:16:15-05:00,PUR_IED_JMCordoba_Ext_27ad97,PUR_IED_JMCordoba_Ext_27ad97,,,,,
2026-09-12T16:16:15-05:00,PUR_IED_JMCordoba_S310_d59ab4,PUR_IED_JMCordoba_S310_d59ab4,,,,,
2026-09-12T16:16:15-05:00,PUR_IED_Japon_Ext_549100,PUR_IED_Japon_Ext_549100,,,,,
2026-09-12T16:16:15-05:00,PUR_IED_Japon_Laboratorio_bec51d,PUR_IED_Japon_Laboratorio_bec51d,,,,,
2026-09-12T16:16:15-05:00,PUR_IED_Japon_informatica_d99327,PUR_IED_Japon_informatica_d99327,,,,,
2026-09-12T16:16:15-05:00,PUR_IED_Jazmin_Ext_d27bda,PUR_IED_Jazmin_Ext_d27bda,,,,,
2026-09-12T16:16:15-05:00,PUR_IED_Jazmin_Fisica_8d14d7,PUR_IED_Jazmin_Fisica_8d14d7,,,,,
2026-09-12T16:16:15-05:00,PUR_IED_Jazmin_Quimica_801cb5,PUR_IED_Jazmin_Quimica_801cb5,,,,,
2026-09-12T16:16:15-05:00,PUR_IED_JorgeGaitan_Exter_f098d1,PUR_IED_JorgeGaitan_Exter_f098d1,,,,,
2026-09-12T16:16:15-05:00,PUR_IED_JorgeGaitan_STec1_dc9d1d,PUR_IED_JorgeGaitan_STec1_dc9d1d,,,,,
2026-09-12T16:16:15-05:00,PUR_IED_JorgeGaitan_STec2_281e69,PUR_IED_JorgeGaitan_STec2_281e69,,,,,
2026-09-12T16:16:15-05:00,PUR_IED_JorgeSoto_Exterio_d9d0a2,PUR_IED_JorgeSoto_Exterio_d9d0a2,,,,,
2026-09-12T16:16:15-05:00,PUR_IED_JorgeSoto_LabFisi_209c54,PUR_IED_JorgeSoto_LabFisi_209c54,,,,,
2026-09-12T16:16:15-05:00,PUR_IED_JorgeSoto_S103_27b51a,PUR_IED_JorgeSoto_S103_27b51a,,,,,
2026-09-12T16:16:15-05:00,PUR_IED_JoseAcevedo_A02_e965eb,PUR_IED_JoseAcevedo_A02_e965eb,,,,,
2026-09-12T16:16:15-05:00,PUR_IED_JoseAcevedo_A07_dd5b4,PUR_IED_JoseAcevedo_A07_dd5b4,,,,,
2026-09-12T16:16:15-05:00,PUR_IED_JoseAcevedo_Ext_b47484,PUR_IED_JoseAcevedo_Ext_b47484,,,,,
2026-09-12T16:16:15-05:00,PUR_IED_JoseMarti_Exte_5b9bf,PUR_IED_JoseMarti_Exte_5b9bf,,,,,
2026-09-12T16:16:15-05:00,PUR_IED_JoseMarti_LabQuim_1c6c2d,PUR_IED_JoseMarti_LabQuim_1c6c2d,,,,,
2026-09-12T16:16:15-05:00,PUR_IED_JoseMarti_S_info_f5f177,PUR_IED_JoseMarti_S_info_f5f177,,,,,
2026-09-12T16:16:15-05:00,PUR_IED_Josejoaquin_Ext_dfc5dc,PUR_IED_Josejoaquin_Ext_dfc5dc,,,,,
2026-09-12T16:16:15-05:00,PUR_IED_Josejoaquin_S05_5b2a96,PUR_IED_Josejoaquin_S05_5b2a96,,,,,
2026-09-12T16:16:15-05:00,PUR_IED_Josejoaquin_S06_1ce7d2,PUR_IED_Josejoaquin_S06_1ce7d2,,,,,
2026-09-12T16:16:15-05:00,PUR_IED_JulioFlorez_Danza_9b82dd,PUR_IED_JulioFlorez_Danza_9b82dd,,,,,
2026-09-12T16:16:15-05:00,PUR_IED_JulioFlorez_Exter_f9f314,PUR_IED_JulioFlorez_Exter_f9f314,,,,,
2026-09-12T16:16:15-05:00,PUR_IED_JulioFlorez_info2_6b6e08,PUR_IED_JulioFlorez_info2_6b6e08,,,,,
2026-09-12T16:16:15-05:00,PUR_IED_LaBelleza_Aula13_1d00d8,PUR_IED_LaBelleza_Aula13_1d00d8,,,,,
2026-09-12T16:16:15-05:00,PUR_IED_LaBelleza_Ext_7bc08c,PUR_IED_LaBelleza_Ext_7bc08c,,,,,
2026-09-12T16:16:15-05:00,PUR_IED_LaChucua_Ext_8cd6d2,PUR_IED_LaChucua_Ext_8cd6d2,,,,,
2026-09-12T16:16:15-05:00,PUR_IED_LaChucua_S15_f578ce,PUR_IED_LaChucua_S15_f578ce,,,,,
2026-09-12T16:16:15-05:00,PUR_IED_LaChucua_S16_eebcf9,PUR_IED_LaChucua_S16_eebcf9,,,,,
2026-09-12T16:16:15-05:00,PUR_IED_LaFelicidad_Ext_fb5109,PUR_IED_LaFelicidad_Ext_fb5109,,,,,
2026-09-12T16:16:15-05:00,PUR_IED_LaMerced_206_66ebd,PUR_IED_LaMerced_206_66ebd,,,,,
2026-09-12T16:16:15-05:00,PUR_IED_LaMerced_207_6ebd6,PUR_IED_LaMerced_207_6ebd6,,,,,
2026-09-12T16:16:15-05:00,PUR_IED_LaMerced_ext_304311,PUR_IED_LaMerced_ext_304311,,,,,
2026-09-12T16:16:15-05:00,PUR_IED_Laureano_CiencNat_281e5e,PUR_IED_Laureano_CiencNat_281e5e,,,,,
2026-09-12T16:16:15-05:00,PUR_IED_Laureano_Comedor_f65c0a,PUR_IED_Laureano_Comedor_f65c0a,,,,,
2026-09-12T16:16:15-05:00,PUR_IED_Laureano_Exterior_7ab011,PUR_IED_Laureano_Exterior_7ab011,,,,,
2026-09-12T16:16:15-05:00,PUR_IED_LeonGreiff_Exte_dfe560,PUR_IED_LeonGreiff_Exte_dfe560,,,,,
2026-09-12T16:16:15-05:00,PUR_IED_LeonGreiff_S210_f264ed,PUR_IED_LeonGreiff_S210_f264ed,,,,,
2026-09-12T16:16:15-05:00,PUR_IED_LeonGreiff_SQuimi_e8296f,PUR_IED_LeonGreiff_SQuimi_e8296f,,,,,
2026-09-12T16:16:15-05:00,PUR_IED_LlanoOrientalS208_7b9fcd,PUR_IED_LlanoOrientalS208_7b9fcd,,,,,
2026-09-12T16:16:15-05:00,PUR_IED_LlanoOriental_Ext_fb3766,PUR_IED_LlanoOriental_Ext_fb3766,,,,,
2026-09-12T16:16:15-05:00,PUR_IED_LlanoOriental_S208_7b9fcd,PUR_IED_LlanoOriental_S208_7b9fcd,,,,,
2026-09-12T16:16:15-05:00,PUR_IED_LlanoOriental_S9_27b378,PUR_IED_LlanoOriental_S9_27b378,,,,,
2026-09-12T16:16:15-05:00,PUR_IED_LosTejares_1101_477602,PUR_IED_LosTejares_1101_477602,,,,,
2026-09-12T16:16:15-05:00,PUR_IED_LosTejares_11_d2c595,PUR_IED_LosTejares_11_d2c595,,,,,
2026-09-12T16:16:15-05:00,PUR_IED_LosTejares_12_477602,PUR_IED_LosTejares_12_477602,,,,,
2026-09-12T16:16:15-05:00,PUR_IED_LosTejares_Ext_8e2115,PUR_IED_LosTejares_Ext_8e2115,,,,,
2026-09-12T16:16:15-05:00,PUR_IED_MagdalenaO_B202_5ddda3,PUR_IED_MagdalenaO_B202_5ddda3,,,,,
2026-09-12T16:16:15-05:00,PUR_IED_MagdalenaO_B205_fb76e8,PUR_IED_MagdalenaO_B205_fb76e8,,,,,
2026-09-12T16:16:15-05:00,PUR_IED_MagdalenaO_ext_dc69cd,PUR_IED_MagdalenaO_ext_dc69cd,,,,,
2026-09-12T16:16:15-05:00,PUR_IED_ManueCepeda_artes_eee956,PUR_IED_ManueCepeda_artes_eee956,,,,,
2026-09-12T16:16:15-05:00,PUR_IED_ManuelCepeda_Ext_58313,PUR_IED_ManuelCepeda_Ext_58313,,,,,
2026-09-12T16:16:15-05:00,PUR_IED_ManuelCepeda_tec_1c5731,PUR_IED_ManuelCepeda_tec_1c5731,,,,,
2026-09-12T16:16:15-05:00,PUR_IED_ManuelS_Exterior_5b269,PUR_IED_ManuelS_Exterior_5b269,,,,,
2026-09-12T16:16:15-05:00,PUR_IED_ManuelS_Inform_f369ce,PUR_IED_ManuelS_Inform_f369ce,,,,,
2026-09-12T16:16:15-05:00,PUR_IED_ManuelS_SArtes_7d15f1,PUR_IED_ManuelS_SArtes_7d15f1,,,,,
2026-09-12T16:16:15-05:00,PUR_IED_ManuelZapata_303_3ca6,PUR_IED_ManuelZapata_303_3ca6,,,,,
2026-09-12T16:16:15-05:00,PUR_IED_ManuelZapata_311_bfbabc,PUR_IED_ManuelZapata_311_bfbabc,,,,,
2026-09-12T16:16:15-05:00,PUR_IED_ManuelZapata_Ext_50824a,PUR_IED_ManuelZapata_Ext_50824a,,,,,
2026-09-12T16:16:15-05:00,PUR_IED_ManuelitaS_Exteri_656a92,PUR_IED_ManuelitaS_Exteri_656a92,,,,,
2026-09-12T16:16:15-05:00,PUR_IED_ManuelitaS_JuzgDe_f58ec3,PUR_IED_ManuelitaS_JuzgDe_f58ec3,,,,,
2026-09-12T16:16:15-05:00,PUR_IED_ManuelitaS_Recrea_d793db,PUR_IED_ManuelitaS_Recrea_d793db,,,,,
2026-09-12T16:16:15-05:00,PUR_IED_MarFidSuarez_Ext_c27b19,PUR_IED_MarFidSuarez_Ext_c27b19,,,,,
2026-09-12T16:16:15-05:00,PUR_IED_MarFidSuarez_Info_e384d7,PUR_IED_MarFidSuarez_Info_e384d7,,,,,
2026-09-12T16:16:15-05:00,PUR_IED_MarFidSuarez_S306_1d0032,PUR_IED_MarFidSuarez_S306_1d0032,,,,,
2026-09-12T16:16:15-05:00,PUR_IED_Menorah_301_2a25a3,PUR_IED_Menorah_301_2a25a3,,,,,
2026-09-12T16:16:15-05:00,PUR_IED_Menorah_306_37ed3,PUR_IED_Menorah_306_37ed3,,,,,
2026-09-12T16:16:15-05:00,PUR_IED_Menorah_Ext_3e155b,PUR_IED_Menorah_Ext_3e155b,,,,,
2026-09-12T16:16:15-05:00,PUR_IED_MinutoB.Aires_A11_1b1604,PUR_IED_MinutoB.Aires_A11_1b1604,,,,,
2026-09-12T16:16:15-05:00,PUR_IED_MinutoB.Aires_A12_fb5860,PUR_IED_MinutoB.Aires_A12_fb5860,,,,,
2026-09-12T16:16:15-05:00,PUR_IED_MinutoB.Aires_Ext_81293f,PUR_IED_MinutoB.Aires_Ext_81293f,,,,,
2026-09-12T16:16:15-05:00,PUR_IED_MinutoBAires_A11_1b1604,PUR_IED_MinutoBAires_A11_1b1604,,,,,
2026-09-12T16:16:15-05:00,PUR_IED_MinutoBAires_A12_fb5860,PUR_IED_MinutoBAires_A12_fb5860,,,,,
2026-09-12T16:16:15-05:00,PUR_IED_MinutoBAires_Ext_81293f,PUR_IED_MinutoBAires_Ext_81293f,,,,,
2026-09-12T16:16:15-05:00,PUR_IED_Montreal_Aula10_1e4959,PUR_IED_Montreal_Aula10_1e4959,,,,,
2026-09-12T16:16:15-05:00,PUR_IED_Montreal_Aula6_300367,PUR_IED_Montreal_Aula6_300367,,,,,
2026-09-12T16:16:15-05:00,PUR_IED_Montreal_Exterior_91a179,PUR_IED_Montreal_Exterior_91a179,,,,,
2026-09-12T16:16:15-05:00,PUR_IED_Mqgdalena_B202_5ddda3,PUR_IED_Mqgdalena_B202_5ddda3,,,,,
2026-09-12T16:16:15-05:00,PUR_IED_NACUND_Soc_dc8728,PUR_IED_NACUND_Soc_dc8728,,,,,
2026-09-12T16:16:15-05:00,PUR_IED_NACUND_ext_27ad97,PUR_IED_NACUND_ext_27ad97,,,,,
2026-09-12T16:16:15-05:00,PUR_IED_NEsperanza_Ext_d24b61,PUR_IED_NEsperanza_Ext_d24b61,,,,,
2026-09-12T16:16:15-05:00,PUR_IED_NEsperanza_SElect_7d1807,PUR_IED_NEsperanza_SElect_7d1807,,,,,
2026-09-12T16:16:15-05:00,PUR_IED_NEsperanza_SLabor_8b2d0a,PUR_IED_NEsperanza_SLabor_8b2d0a,,,,,
2026-09-12T16:16:15-05:00,PUR_IED_NacionesU_Ext_f661a9,PUR_IED_NacionesU_Ext_f661a9,,,,,
2026-09-12T16:16:15-05:00,PUR_IED_NacionesU_Quimica_66f0a,PUR_IED_NacionesU_Quimica_66f0a,,,,,
2026-09-12T16:16:15-05:00,PUR_IED_NacionesU_S306_1b4b3d,PUR_IED_NacionesU_S306_1b4b3d,,,,,
2026-09-12T16:16:15-05:00,PUR_IED_NestorFA_Ext_e4201c,PUR_IED_NestorFA_Ext_e4201c,,,,,
2026-09-12T16:16:15-05:00,PUR_IED_NestorFA_Laborato_f22fe0,PUR_IED_NestorFA_Laborato_f22fe0,,,,,
2026-09-12T16:16:15-05:00,PUR_IED_NestorFA_S204_dee996,PUR_IED_NestorFA_S204_dee996,,,,,
2026-09-12T16:16:15-05:00,PUR_IED_NidyaQT_Aula03_76999b,PUR_IED_NidyaQT_Aula03_76999b,,,,,
2026-09-12T16:16:15-05:00,PUR_IED_NidyaQT_Aula10_56325,PUR_IED_NidyaQT_Aula10_56325,,,,,
2026-09-12T16:16:15-05:00,PUR_IED_NidyaQT_Ext_46e32d,PUR_IED_NidyaQT_Ext_46e32d,,,,,
2026-09-12T16:16:15-05:00,PUR_IED_NuevaCol_Exterior_d9b859,PUR_IED_NuevaCol_Exterior_d9b859,,,,,
2026-09-12T16:16:15-05:00,PUR_IED_NuevaCol_S1101_76c43b,PUR_IED_NuevaCol_S1101_76c43b,,,,,
2026-09-12T16:16:15-05:00,PUR_IED_NuevaCol_S1102_1ce0b5,PUR_IED_NuevaCol_S1102_1ce0b5,,,,,
2026-09-12T16:16:15-05:00,PUR_IED_OEA_A202_f7e3f2,PUR_IED_OEA_A202_f7e3f2,,,,,
2026-09-12T16:16:15-05:00,PUR_IED_OEA_A203_7d1b8d,PUR_IED_OEA_A203_7d1b8d,,,,,
2026-09-12T16:16:15-05:00,PUR_IED_OEA_Ext_27b593,PUR_IED_OEA_Ext_27b593,,,,,
2026-09-12T16:16:15-05:00,PUR_IED_Ochoa_Ext_1c29da,PUR_IED_Ochoa_Ext_1c29da,,,,,
2026-09-12T16:16:15-05:00,PUR_IED_Ochoa_S205_8b1121,PUR_IED_Ochoa_S205_8b1121,,,,,
2026-09-12T16:16:15-05:00,PUR_IED_Ochoa_Sistemas_f33af6,PUR_IED_Ochoa_Sistemas_f33af6,,,,,
2026-09-12T16:16:15-05:00,PUR_IED_PQuebec_Ext_1c67c7,PUR_IED_PQuebec_Ext_1c67c7,,,,,
2026-09-12T16:16:15-05:00,PUR_IED_PQuebec_S15_23e8e2,PUR_IED_PQuebec_S15_23e8e2,,,,,
2026-09-12T16:16:15-05:00,PUR_IED_PQuebec_S16_8ec76b,PUR_IED_PQuebec_S16_8ec76b,,,,,
2026-09-12T16:16:15-05:00,PUR_IED_PabloN_Ext_49dc96,PUR_IED_PabloN_Ext_49dc96,,,,,
2026-09-12T16:16:15-05:00,PUR_IED_PabloN_S1102_4e3df5,PUR_IED_PabloN_S1102_4e3df5,,,,,
2026-09-12T16:16:15-05:00,PUR_IED_PabloN_S1103_50c94b,PUR_IED_PabloN_S1103_50c94b,,,,,
2026-09-12T16:16:15-05:00,PUR_IED_Palestina_S1101_db9198,PUR_IED_Palestina_S1101_db9198,,,,,
2026-09-12T16:16:15-05:00,PUR_IED_Palestina_S1102_dc54fa,PUR_IED_Palestina_S1102_dc54fa,,,,,
2026-09-12T16:16:15-05:00,PUR_IED_Palestina_ext_4ccce6,PUR_IED_Palestina_ext_4ccce6,,,,,
2026-09-12T16:16:15-05:00,PUR_IED_Panama_Fisica_4d0794,PUR_IED_Panama_Fisica_4d0794,,,,,
2026-09-12T16:16:15-05:00,PUR_IED_Panama_SIngles_a4077e,PUR_IED_Panama_SIngles_a4077e,,,,,
2026-09-12T16:16:15-05:00,PUR_IED_Panama_ext_4c54b4,PUR_IED_Panama_ext_4c54b4,,,,,
2026-09-12T16:16:15-05:00,PUR_IED_ParaisoM_Exterior_8cd7f0,PUR_IED_ParaisoM_Exterior_8cd7f0,,,,,
2026-09-12T16:16:15-05:00,PUR_IED_ParaisoM_Laborato_27af35,PUR_IED_ParaisoM_Laborato_27af35,,,,,
2026-09-12T16:16:15-05:00,PUR_IED_ParaisoM_S304_d1edca,PUR_IED_ParaisoM_S304_d1edca,,,,,
2026-09-12T16:16:15-05:00,PUR_IED_PorfirioBarba_Ext_301466,PUR_IED_PorfirioBarba_Ext_301466,,,,,
2026-09-12T16:16:15-05:00,PUR_IED_PorfirioBarba_S11_df6cd2,PUR_IED_PorfirioBarba_S11_df6cd2,,,,,
2026-09-12T16:16:15-05:00,PUR_IED_PorfirioBarba_S29_27a7d6,PUR_IED_PorfirioBarba_S29_27a7d6,,,,,
2026-09-12T16:16:15-05:00,PUR_IED_PradoV_Exter_8b27ad,PUR_IED_PradoV_Exter_8b27ad,,,,,
2026-09-12T16:16:15-05:00,PUR_IED_PradoV_S301_de65b5,PUR_IED_PradoV_S301_de65b5,,,,,
2026-09-12T16:16:15-05:00,PUR_IED_PradoV_S302_7d2593,PUR_IED_PradoV_S302_7d2593,,,,,
2026-09-12T16:16:15-05:00,PUR_IED_QuirogaAlz_Ext_1ddc82,PUR_IED_QuirogaAlz_Ext_1ddc82,,,,,
2026-09-12T16:16:15-05:00,PUR_IED_QuirogaAlz_S302_9926a3,PUR_IED_QuirogaAlz_S302_9926a3,,,,,
2026-09-12T16:16:15-05:00,PUR_IED_QuirogaAlz_S305_cdf1f1,PUR_IED_QuirogaAlz_S305_cdf1f1,,,,,
2026-09-12T16:16:15-05:00,PUR_IED_RGuatemala_Biling_dc53b7,PUR_IED_RGuatemala_Biling_dc53b7,,,,,
2026-09-12T16:16:15-05:00,PUR_IED_RGuatemala_Ext_1b89a3,PUR_IED_RGuatemala_Ext_1b89a3,,,,,
2026-09-12T16:16:15-05:00,PUR_IED_RGuatemala_Tecnol_281a34,PUR_IED_RGuatemala_Tecnol_281a34,,,,,
2026-09-12T16:16:15-05:00,PUR_IED_RafaNu_Ext_f7c302,PUR_IED_RafaNu_Ext_f7c302,,,,,
2026-09-12T16:16:15-05:00,PUR_IED_RafaNu_S1101_25fde,PUR_IED_RafaNu_S1101_25fde,,,,,
2026-09-12T16:16:15-05:00,PUR_IED_RafaNu_S1102_281517,PUR_IED_RafaNu_S1102_281517,,,,,
2026-09-12T16:16:15-05:00,PUR_IED_RafaelB_S305_ee2783,PUR_IED_RafaelB_S305_ee2783,,,,,
2026-09-12T16:16:15-05:00,PUR_IED_RafaelB_S306_75fe33,PUR_IED_RafaelB_S306_75fe33,,,,,
2026-09-12T16:16:15-05:00,PUR_IED_RafaelB_ext_283336,PUR_IED_RafaelB_ext_283336,2,20,56,4.6722,-74.0737
2026-09-12T16:16:15-05:00,PUR_IED_RafaelUU_Exterior_281a51,PUR_IED_RafaelUU_Exterior_281a51,,,,,
2026-09-12T16:16:15-05:00,PUR_IED_RafaelUU_Human_806b2,PUR_IED_RafaelUU_Human_806b2,,,,,
2026-09-12T16:16:15-05:00,PUR_IED_RafaelUU_Mate2_5680d4,PUR_IED_RafaelUU_Mate2_5680d4,,,,,
2026-09-12T16:16:15-05:00,PUR_IED_RamonSub_Ext_f9eeb9,PUR_IED_RamonSub_Ext_f9eeb9,,,,,
2026-09-12T16:16:15-05:00,PUR_IED_RamonSub_Media_d1f62f,PUR_IED_RamonSub_Media_d1f62f,,,,,
2026-09-12T16:16:15-05:00,PUR_IED_RamonSub_planta_51b82,PUR_IED_RamonSub_planta_51b82,,,,,
2026-09-12T16:16:15-05:00,PUR_IED_RepBoliVene_Exter_27af7c,PUR_IED_RepBoliVene_Exter_27af7c,,,,,
2026-09-12T16:16:15-05:00,PUR_IED_RepBoliVene_SCPT_5ae2ee,PUR_IED_RepBoliVene_SCPT_5ae2ee,,,,,
2026-09-12T16:16:15-05:00,PUR_IED_RepBoliVene_Socia_4b11d5,PUR_IED_RepBoliVene_Socia_4b11d5,,,,,
2026-09-12T16:16:15-05:00,PUR_IED_RepChina_Ext_76d9ee,PUR_IED_RepChina_Ext_76d9ee,,,,,
2026-09-12T16:16:15-05:00,PUR_IED_RepChina_S404_7c804c,PUR_IED_RepChina_S404_7c804c,,,,,
2026-09-12T16:16:15-05:00,PUR_IED_RepChina_S405_df2c33,PUR_IED_RepChina_S405_df2c33,,,,,
2026-09-12T16:16:15-05:00,PUR_IED_RepublicaC_Exteri_7d1ec9,PUR_IED_RepublicaC_Exteri_7d1ec9,,,,,
2026-09-12T16:16:15-05:00,PUR_IED_RepublicaC_S1101_f544b3,PUR_IED_RepublicaC_S1101_f544b3,,,,,
2026-09-12T16:16:15-05:00,PUR_IED_RepublicaC_S1102_7aafc7,PUR_IED_RepublicaC_S1102_7aafc7,,,,,
2026-09-12T16:16:15-05:00,PUR_IED_Ricaurte_Externo_a0ea1,PUR_IED_Ricaurte_Externo_a0ea1,,,,,
2026-09-12T16:16:15-05:00,PUR_IED_Ricaurte_S210_f546fd,PUR_IED_Ricaurte_S210_f546fd,,,,,
2026-09-12T16:16:15-05:00,PUR_IED_Ricaurte_S309_d4452,PUR_IED_Ricaurte_S309_d4452,,,,,
2026-09-12T16:16:15-05:00,PUR_IED_RogelioS_1102_531e69,PUR_IED_RogelioS_1102_531e69,,,,,
2026-09-12T16:16:15-05:00,PUR_IED_RogelioS_Ext_f25a18,PUR_IED_RogelioS_Ext_f25a18,,,,,
2026-09-12T16:16:15-05:00,PUR_IED_SBernardino_Ext_27aff8,PUR_IED_SBernardino_Ext_27aff8,,,,,
2026-09-12T16:16:15-05:00,PUR_IED_SBernardino_SArte_2ffd33,PUR_IED_SBernardino_SArte_2ffd33,,,,,
2026-09-12T16:16:15-05:00,PUR_IED_SBernardino_SIngl_7c7da5,PUR_IED_SBernardino_SIngl_7c7da5,,,,,
2026-09-12T16:16:15-05:00,PUR_IED_Sago_auditorio_dc9d1d,PUR_IED_Sago_auditorio_dc9d1d,,,,,
2026-09-12T16:16:15-05:00,PUR_IED_Saludcoop_Ext_95aac3,PUR_IED_Saludcoop_Ext_95aac3,,,,,
2026-09-12T16:16:15-05:00,PUR_IED_Saludcoop_InfI_90c854,PUR_IED_Saludcoop_InfI_90c854,,,,,
2026-09-12T16:16:15-05:00,PUR_IED_Saludcoop_SMedia_1b93be,PUR_IED_Saludcoop_SMedia_1b93be,,,,,
2026-09-12T16:16:15-05:00,PUR_IED_SanCarlos_1101_1a2360,PUR_IED_SanCarlos_1101_1a2360,,,,,
2026-09-12T16:16:15-05:00,PUR_IED_SanCarlos_1103_7bafb5,PUR_IED_SanCarlos_1103_7bafb5,,,,,
2026-09-12T16:16:15-05:00,PUR_IED_SanCarlos_Ext_b7cd1,PUR_IED_SanCarlos_Ext_b7cd1,,,,,
2026-09-12T16:16:15-05:00,PUR_IED_SanIgnacioBosa11a_50c26e,PUR_IED_SanIgnacioBosa11a_50c26e,,,,,
2026-09-12T16:16:15-05:00,PUR_IED_SanIgnacioBosa11b_371de8,PUR_IED_SanIgnacioBosa11b_371de8,,,,,
2026-09-12T16:16:15-05:00,PUR_IED_SanIgnacioBosaExt_ef0ffc,PUR_IED_SanIgnacioBosaExt_ef0ffc,,,,,
2026-09-12T16:16:15-05:00,PUR_IED_SanIgnacioBosa_11a_50c26e,PUR_IED_SanIgnacioBosa_11a_50c26e,,,,,
2026-09-12T16:16:15-05:00,PUR_IED_SanIgnacioBosa_Ext_ef0ffc,PUR_IED_SanIgnacioBosa_Ext_ef0ffc,,,,,
2026-09-12T16:16:15-05:00,PUR_IED_SanJoseN_intS1101_31c47f,PUR_IED_SanJoseN_intS1101_31c47f,,,,,
2026-09-12T16:16:15-05:00,PUR_IED_SanJoseUsm_Exter_f5d7e8,PUR_IED_SanJoseUsm_Exter_f5d7e8,,,,,
2026-09-12T16:16:15-05:00,PUR_IED_SanJoseUsm_Int11A_cfdef6,PUR_IED_SanJoseUsm_Int11A_cfdef6,,,,,
2026-09-12T16:16:15-05:00,PUR_IED_SilveriaR_IntB5_905349,PUR_IED_SilveriaR_IntB5_905349,,,,,
2026-09-12T16:16:15-05:00,PUR_IED_SilveriaR_IntSD14_981f93,PUR_IED_SilveriaR_IntSD14_981f93,,,,,
2026-09-12T16:16:15-05:00,PUR_IED_SilveriaR_ext_2b651d,PUR_IED_SilveriaR_ext_2b651d,,,,,
2026-09-12T16:16:15-05:00,PUR_IED_SimonB_Exterior_913975,PUR_IED_SimonB_Exterior_913975,,,,,
2026-09-12T16:16:15-05:00,PUR_IED_SimonB_LabQuimi_c56908,PUR_IED_SimonB_LabQuimi_c56908,,,,,
2026-09-12T16:16:15-05:00,PUR_IED_SimonB_informatic_a28c1,PUR_IED_SimonB_informatic_a28c1,,,,,
2026-09-12T16:16:15-05:00,PUR_IED_Sorrento_1102_315f50,PUR_IED_Sorrento_1102_315f50,,,,,
2026-09-12T16:16:15-05:00,PUR_IED_Sorrento_Minte_214eab,PUR_IED_Sorrento_Minte_214eab,,,,,
2026-09-12T16:16:15-05:00,PUR_IED_Sorrento_ext_7c3a0a,PUR_IED_Sorrento_ext_7c3a0a,,,,,
2026-09-12T16:16:15-05:00,PUR_IED_Tabora_Ext_f048ae,PUR_IED_Tabora_Ext_f048ae,,,,,
2026-09-12T16:16:15-05:00,PUR_IED_Tabora_S1102_b07752,PUR_IED_Tabora_S1102_b07752,,,,,
2026-09-12T16:16:15-05:00,PUR_IED_Tabora_S1103_d988f5,PUR_IED_Tabora_S1103_d988f5,,,,,
2026-09-12T16:16:15-05:00,PUR_IED_Tenerife_Ext_1ab188,PUR_IED_Tenerife_Ext_1ab188,,,,,
2026-09-12T16:16:15-05:00,PUR_IED_Tenerife_SDanzas_7bc02e,PUR_IED_Tenerife_SDanzas_7bc02e,,,,,
2026-09-12T16:16:15-05:00,PUR_IED_Tenerife_SIngles_7cc277,PUR_IED_Tenerife_SIngles_7cc277,,,,,
2026-09-12T16:16:15-05:00,PUR_IED_Tibabuyes_Exter_f2683d,PUR_IED_Tibabuyes_Exter_f2683d,,,,,
2026-09-12T16:16:15-05:00,PUR_IED_Tibabuyes_S10_dc87a8,PUR_IED_Tibabuyes_S10_dc87a8,,,,,
2026-09-12T16:16:15-05:00,PUR_IED_Tibabuyes_S15_dc0526,PUR_IED_Tibabuyes_S15_dc0526,,,,,
2026-09-12T16:16:15-05:00,PUR_IED_UnionE_S301_a1043,PUR_IED_UnionE_S301_a1043,,,,,
2026-09-12T16:16:15-05:00,PUR_IED_UnionE_S307_ff6c2f,PUR_IED_UnionE_S307_ff6c2f,,,,,
2026-09-12T16:16:15-05:00,PUR_IED_UnionE__Ext_5e2468,PUR_IED_UnionE__Ext_5e2468,,,,,
2026-09-12T16:16:15-05:00,PUR_IED_VillaRica_Ext_75be7c,PUR_IED_VillaRica_Ext_75be7c,,,,,
2026-09-12T16:16:15-05:00,PUR_IED_VillaRica_S4_cc5dcd,PUR_IED_VillaRica_S4_cc5dcd,,,,,
2026-09-12T16:16:15-05:00,PUR_IED_VillaRica_Sesp_99f5c,PUR_IED_VillaRica_Sesp_99f5c,,,,,
2026-09-12T16:21:09-05:00,PUR_IED_20deJulio_1101_91b1b9,PUR_IED_20deJulio_1101_91b1b9,,,,,
2026-09-12T16:21:09-05:00,PUR_IED_20deJulio_1102_1cfcf9,PUR_IED_20deJulio_1102_1cfcf9,,,,,
2026-09-12T16:21:09-05:00,PUR_IED_20deJulio_Ext_ab60bd,PUR_IED_20deJulio_Ext_ab60bd,,,,,
2026-09-12T16:21:09-05:00,PUR_IED_AgustinFer_Ext_7b9b77,PUR_IED_AgustinFer_Ext_7b9b77,,,,,
2026-09-12T16:21:09-05:00,PUR_IED_AgustinFer_Info2_27b3a7,PUR_IED_AgustinFer_Info2_27b3a7,,,,,
2026-09-12T16:21:09-05:00,PUR_IED_AgustinFer_Sena_54b4eb,PUR_IED_AgustinFer_Sena_54b4eb,,,,,
2026-09-12T16:21:09-05:00,PUR_IED_AlexanderF_1102_caf07b,PUR_IED_AlexanderF_1102_caf07b,,,,,
2026-09-12T16:21:09-05:00,PUR_IED_AlexanderF_1103_c79e71,PUR_IED_AlexanderF_1103_c79e71,,,,,
2026-09-12T16:21:09-05:00,PUR_IED_AlexanderF_Ext_c5b18b,PUR_IED_AlexanderF_Ext_c5b18b,,,,,
2026-09-12T16:21:09-05:00,PUR_IED_AlfonsoLopez_Ext_281d77,PUR_IED_AlfonsoLopez_Ext_281d77,,,,,
2026-09-12T16:21:09-05:00,PUR_IED_AlfonsoLopez_LabF_888ce0,PUR_IED_AlfonsoLopez_LabF_888ce0,,,,,
2026-09-12T16:21:09-05:00,PUR_IED_AlfonsoLopez_SMed_df6a7f,PUR_IED_AlfonsoLopez_SMed_df6a7f,,,,,
2026-09-12T16:21:09-05:00,PUR_IED_AltamiraSO_A2_209f92,PUR_IED_AltamiraSO_A2_209f92,,,,,
2026-09-12T16:21:09-05:00,PUR_IED_AltamiraSO_Ext_186d66,PUR_IED_AltamiraSO_Ext_186d66,,,,,
2026-09-12T16:21:09-05:00,PUR_IED_AltamiraSO_Sistem_27afe1,PUR_IED_AltamiraSO_Sistem_27afe1,,,,,
2026-09-12T16:21:09-05:00,PUR_IED_AlvaroGom_LabQuim_813179,PUR_IED_AlvaroGom_LabQuim_813179,,,,,
2026-09-12T16:21:09-05:00,PUR_IED_AlvaroGomez_Ext_47c7ca,PUR_IED_AlvaroGomez_Ext_47c7ca,,,,,
2026-09-12T16:21:09-05:00,PUR_IED_AlvaroGomez_LabQuim_813179,PUR_IED_AlvaroGomez_LabQuim_813179,,,,,
2026-09-12T16:21:09-05:00,PUR_IED_AlvaroGomez_S23_7ba89f,PUR_IED_AlvaroGomez_S23_7ba89f,,,,,
2026-09-12T16:21:09-05:00,PUR_IED_Amistad_306_dc8728,PUR_IED_Amistad_306_dc8728,,,,,
2026-09-12T16:21:09-05:00,PUR_IED_Amistad_Ext_8cd55e,PUR_IED_Amistad_Ext_8cd55e,,,,,
2026-09-12T16:21:09-05:00,PUR_IED_Amistad_S202_a41169,PUR_IED_Amistad_S202_a41169,,,,,
2026-09-12T16:21:09-05:00,PUR_IED_AndresBello_Bio_fd5f5e,PUR_IED_AndresBello_Bio_fd5f5e,,,,,
2026-09-12T16:21:09-05:00,PUR_IED_AndresBello_ext_dcad65,PUR_IED_AndresBello_ext_dcad65,,,,,
2026-09-12T16:21:09-05:00,PUR_IED_AndresBello_port_eed3ec,PUR_IED_AndresBello_port_eed3ec,,,,,
2026-09-12T16:21:09-05:00,PUR_IED_AngelaR_11b_d90a6b,PUR_IED_AngelaR_11b_d90a6b,,,,,
2026-09-12T16:21:09-05:00,PUR_IED_AngelaR_ext_7cad3e,PUR_IED_AngelaR_ext_7cad3e,3,20,58,4.5825,-74.164497
2026-09-12T16:21:09-05:00,PUR_IED_AntJoseSucre_10mo_df2575,PUR_IED_AntJoseSucre_10mo_df2575,,,,,
2026-09-12T16:21:09-05:00,PUR_IED_AntJoseSucre_Ext_215b36,PUR_IED_AntJoseSucre_Ext_215b36,,,,,
2026-09-12T16:21:09-05:00,PUR_IED_AntJoseSucre_Lab_3139de,PUR_IED_AntJoseSucre_Lab_3139de,,,,,
2026-09-12T16:21:09-05:00,PUR_IED_AntonioGarcia_301_d6b188,PUR_IED_AntonioGarcia_301_d6b188,,,,,
2026-09-12T16:21:09-05:00,PUR_IED_AntonioGarcia_302_88a82,PUR_IED_AntonioGarcia_302_88a82,,,,,
2026-09-12T16:21:09-05:00,PUR_IED_AntonioGarcia_Ext_20950c,PUR_IED_AntonioGarcia_Ext_20950c,,,,,
2026-09-12T16:21:09-05:00,PUR_IED_AntonioVan_Aula2_6dea02,PUR_IED_AntonioVan_Aula2_6dea02,,,,,
2026-09-12T16:21:09-05:00,PUR_IED_AntonioVan_Aula5_f1557e,PUR_IED_AntonioVan_Aula5_f1557e,,,,,
2026-09-12T16:21:09-05:00,PUR_IED_AntonioVan_Ext_406f2f,PUR_IED_AntonioVan_Ext_406f2f,,,,,
2026-09-12T16:21:09-05:00,PUR_IED_Atabanzha_Ext_cc5af9,PUR_IED_Atabanzha_Ext_cc5af9,,,,,
2026-09-12T16:21:09-05:00,PUR_IED_Atabanzha_SA101_56c37,PUR_IED_Atabanzha_SA101_56c37,,,,,
2026-09-12T16:21:09-05:00,PUR_IED_Atabanzha_SB302_27b374,PUR_IED_Atabanzha_SB302_27b374,,,,,
2026-09-12T16:21:09-05:00,PUR_IED_Atahualpa_Ext_fc1748,PUR_IED_Atahualpa_Ext_fc1748,,,,,
2026-09-12T16:21:09-05:00,PUR_IED_Atahualpa_Informa_dc9a95,PUR_IED_Atahualpa_Informa_dc9a95,,,,,
2026-09-12T16:21:09-05:00,PUR_IED_Atahualpa_S1101_f98056,PUR_IED_Atahualpa_S1101_f98056,,,,,
2026-09-12T16:21:09-05:00,PUR_IED_Bellavista_Ext_f5aa74,PUR_IED_Bellavista_Ext_f5aa74,,,,,
2026-09-12T16:21:09-05:00,PUR_IED_Bilbao_11A_916c41,PUR_IED_Bilbao_11A_916c41,,,,,
2026-09-12T16:21:09-05:00,PUR_IED_Bilbao_Ext_fb579a,PUR_IED_Bilbao_Ext_fb579a,,,,,
2026-09-12T16:21:09-05:00,PUR_IED_BrasiliaU_A125_304280,PUR_IED_BrasiliaU_A125_304280,,,,,
2026-09-12T16:21:09-05:00,PUR_IED_BrasiliaU_A203_7c8ca5,PUR_IED_BrasiliaU_A203_7c8ca5,,,,,
2026-09-12T16:21:09-05:00,PUR_IED_BrasiliaU_Ext_8d6e9f,PUR_IED_BrasiliaU_Ext_8d6e9f,4,20,57,4.5175,-74.116302
2026-09-12T16:21:09-05:00,PUR_IED_Brasilia_Ext_fe6593,PUR_IED_Brasilia_Ext_fe6593,,,,,
2026-09-12T16:21:09-05:00,PUR_IED_Brasilia_S24_7c130d,PUR_IED_Brasilia_S24_7c130d,,,,,
2026-09-12T16:21:09-05:00,PUR_IED_Brasilia_S501_186a54,PUR_IED_Brasilia_S501_186a54,,,,,
2026-09-12T16:21:09-05:00,PUR_IED_CHARRY_EXT_f1d5cd,PUR_IED_CHARRY_EXT_f1d5cd,,,,,
2026-09-12T16:21:09-05:00,PUR_IED_CHARRY_INTDANZAS_7a08e6,PUR_IED_CHARRY_INTDANZAS_7a08e6,,,,,
2026-09-12T16:21:09-05:00,PUR_IED_CHARRY_INT_AULA20_dc998d,PUR_IED_CHARRY_INT_AULA20_dc998d,,,,,
2026-09-12T16:21:09-05:00,PUR_IED_COLVIV_1101_S25_7f520a,PUR_IED_COLVIV_1101_S25_7f520a,,,,,
2026-09-12T16:21:09-05:00,PUR_IED_COLVIV_1102_S16_f570ba,PUR_IED_COLVIV_1102_S16_f570ba,,,,,
2026-09-12T16:21:09-05:00,PUR_IED_COLVIV_Ext_1a26fa,PUR_IED_COLVIV_Ext_1a26fa,,,,,
2026-09-12T16:21:09-05:00,PUR_IED_CULPOP_301A_f660f3,PUR_IED_CULPOP_301A_f660f3,,,,,
2026-09-12T16:21:09-05:00,PUR_IED_CULPOP_303_568afe,PUR_IED_CULPOP_303_568afe,,,,,
2026-09-12T16:21:09-05:00,PUR_IED_CULPOP_Ext_e02ccb,PUR_IED_CULPOP_Ext_e02ccb,,,,,
2026-09-12T16:21:09-05:00,PUR_IED_CVillavicen_Ext_26eb58,PUR_IED_CVillavicen_Ext_26eb58,4,17,76,4.487,-74.102798
2026-09-12T16:21:09-05:00,PUR_IED_CVillavicen_Intel_1ce5c2,PUR_IED_CVillavicen_Intel_1ce5c2,,,,,
2026-09-12T16:21:09-05:00,PUR_IED_CVillavicen_Poliv_e0766c,PUR_IED_CVillavicen_Poliv_e0766c,,,,,
2026-09-12T16:21:09-05:00,PUR_IED_CVillavicen_int_1ba140,PUR_IED_CVillavicen_int_1ba140,,,,,
2026-09-12T16:21:09-05:00,PUR_IED_CVillavicen_intel_1ba140,PUR_IED_CVillavicen_intel_1ba140,,,,,
2026-09-12T16:21:09-05:00,PUR_IED_CarlosPizarro_Ext_e307cc,PUR_IED_CarlosPizarro_Ext_e307cc,,,,,
2026-09-12T16:21:09-05:00,PUR_IED_CarlosPizarro_L36_7e5cdb,PUR_IED_CarlosPizarro_L36_7e5cdb,,,,,
2026-09-12T16:21:09-05:00,PUR_IED_CarlosPizarro_L37_c8566c,PUR_IED_CarlosPizarro_L37_c8566c,,,,,
2026-09-12T16:21:09-05:00,PUR_IED_Castilla_Ext_cf35f,PUR_IED_Castilla_Ext_cf35f,,,,,
2026-09-12T16:21:09-05:00,PUR_IED_Castilla_SFisik_360e38,PUR_IED_Castilla_SFisik_360e38,,,,,
2026-09-12T16:21:09-05:00,PUR_IED_Castilla_Sc304_496fbf,PUR_IED_Castilla_Sc304_496fbf,,,,,
2026-09-12T16:21:09-05:00,PUR_IED_CervantesSa_Ext_6b57b,PUR_IED_CervantesSa_Ext_6b57b,3,19,65,4.5128,-74.117203
2026-09-12T16:21:09-05:00,PUR_IED_CervantesSa_S107_225c2b,PUR_IED_CervantesSa_S107_225c2b,,,,,
2026-09-12T16:21:09-05:00,PUR_IED_CervantesSa_S108_940925,PUR_IED_CervantesSa_S108_940925,,,,,
2026-09-12T16:21:09-05:00,PUR_IED_Charry_A20_f53e7c,PUR_IED_Charry_A20_f53e7c,,,,,
2026-09-12T16:21:09-05:00,PUR_IED_Charry_Ext_f1d5cd,PUR_IED_Charry_Ext_f1d5cd,,,,,
2026-09-12T16:21:09-05:00,PUR_IED_Charry_IntAula20_dc998d,PUR_IED_Charry_IntAula20_dc998d,,,,,
2026-09-12T16:21:09-05:00,PUR_IED_Charry_IntDanzas_7a08e6,PUR_IED_Charry_IntDanzas_7a08e6,,,,,
2026-09-12T16:21:09-05:00,PUR_IED_ClememciaC_203_43e2fc,PUR_IED_ClememciaC_203_43e2fc,,,,,
2026-09-12T16:21:09-05:00,PUR_IED_ClememciaC_Ext_1b411a,PUR_IED_ClememciaC_Ext_1b411a,,,,,
2026-09-12T16:21:09-05:00,PUR_IED_ClememciaC_Quimic_44b5fc,PUR_IED_ClememciaC_Quimic_44b5fc,,,,,
2026-09-12T16:21:09-05:00,PUR_IED_ClemenciaC_203_43e2fc,PUR_IED_ClemenciaC_203_43e2fc,,,,,
2026-09-12T16:21:09-05:00,PUR_IED_ClemenciaC_Ext_1b411a,PUR_IED_ClemenciaC_Ext_1b411a,,,,,
2026-09-12T16:21:09-05:00,PUR_IED_ClemenciaC_Quimic_44b5fc,PUR_IED_ClemenciaC_Quimic_44b5fc,,,,,
2026-09-12T16:21:09-05:00,PUR_IED_ColViva_1101_S25_7f520a,PUR_IED_ColViva_1101_S25_7f520a,,,,,
2026-09-12T16:21:09-05:00,PUR_IED_ColViva_1102_S16_f570ba,PUR_IED_ColViva_1102_S16_f570ba,,,,,
2026-09-12T16:21:09-05:00,PUR_IED_ColViva_Ext_1a26fa,PUR_IED_ColViva_Ext_1a26fa,,,,,
2026-09-12T16:21:09-05:00,PUR_IED_ColegioBici_Asist_7c8798,PUR_IED_ColegioBici_Asist_7c8798,,,,,
2026-09-12T16:21:09-05:00,PUR_IED_ColegioBici_Ext_25cbf6,PUR_IED_ColegioBici_Ext_25cbf6,,,,,
2026-09-12T16:21:09-05:00,PUR_IED_ColegioBici_LabQ_7b57db,PUR_IED_ColegioBici_LabQ_7b57db,,,,,
2026-09-12T16:21:09-05:00,PUR_IED_CostaRica_Ext_5e640,PUR_IED_CostaRica_Ext_5e640,,,,,
2026-09-12T16:21:09-05:00,PUR_IED_CostaRica_Quim1_766d1c,PUR_IED_CostaRica_Quim1_766d1c,,,,,
2026-09-12T16:21:09-05:00,PUR_IED_CostaRica__Fisica_6f0873,PUR_IED_CostaRica__Fisica_6f0873,,,,,
2026-09-12T16:21:09-05:00,PUR_IED_CulPopu_301A_f660f3,PUR_IED_CulPopu_301A_f660f3,,,,,
2026-09-12T16:21:09-05:00,PUR_IED_CulPopu_303_568afe,PUR_IED_CulPopu_303_568afe,,,,,
2026-09-12T16:21:09-05:00,PUR_IED_CulPopu_Ext_e02ccb,PUR_IED_CulPopu_Ext_e02ccb,,,,,
2026-09-12T16:21:09-05:00,PUR_IED_Cundinamarca_Ext_f15985,PUR_IED_Cundinamarca_Ext_f15985,,,,,
2026-09-12T16:21:09-05:00,PUR_IED_Cundinamarca_Info_7aa5d7,PUR_IED_Cundinamarca_Info_7aa5d7,,,,,
2026-09-12T16:21:09-05:00,PUR_IED_Cundinamarca_Tec2_f449c7,PUR_IED_Cundinamarca_Tec2_f449c7,,,,,
2026-09-12T16:21:09-05:00,PUR_IED_DiegoM_Aula1_27b314,PUR_IED_DiegoM_Aula1_27b314,,,,,
2026-09-12T16:21:09-05:00,PUR_IED_DiegoM_Ext_d80ac8,PUR_IED_DiegoM_Ext_d80ac8,,,,,
2026-09-12T16:21:09-05:00,PUR_IED_DiegoM_S25_da928f,PUR_IED_DiegoM_S25_da928f,,,,,
2026-09-12T16:21:09-05:00,PUR_IED_ELRODEO_360881,PUR_IED_ELRODEO_360881,,,,,
2026-09-12T16:21:09-05:00,PUR_IED_ELRODEO_ext_360881,PUR_IED_ELRODEO_ext_360881,,,,,
2026-09-12T16:21:09-05:00,PUR_IED_EduardoU_Ext_1c1969,PUR_IED_EduardoU_Ext_1c1969,,,,,
2026-09-12T16:21:09-05:00,PUR_IED_EduardoU_SCiencia_4dfb94,PUR_IED_EduardoU_SCiencia_4dfb94,,,,,
2026-09-12T16:21:09-05:00,PUR_IED_EduardoU_SQuimica_5a46e7,PUR_IED_EduardoU_SQuimica_5a46e7,,,,,
2026-09-12T16:21:09-05:00,PUR_IED_ElRodeo_Aula14_676984,PUR_IED_ElRodeo_Aula14_676984,,,,,
2026-09-12T16:21:09-05:00,PUR_IED_ElRodeo_Aula16_2dd35b,PUR_IED_ElRodeo_Aula16_2dd35b,,,,,
2026-09-12T16:21:09-05:00,PUR_IED_ElRodeo_Ext_360881,PUR_IED_ElRodeo_Ext_360881,,,,,
2026-09-12T16:21:09-05:00,PUR_IED_ElRodeo_Exterior_8c6d28,PUR_IED_ElRodeo_Exterior_8c6d28,,,,,
2026-09-12T16:21:09-05:00,PUR_IED_ElRodeo_ext_360881,PUR_IED_ElRodeo_ext_360881,,,,,
2026-09-12T16:21:09-05:00,PUR_IED_EmmaReyes_Ext_987625,PUR_IED_EmmaReyes_Ext_987625,4,22,49,4.6367,-74.1511
2026-09-12T16:21:09-05:00,PUR_IED_Ensueño_Ext_7f0250,PUR_IED_Ensueño_Ext_7f0250,,,,,
2026-09-12T16:21:09-05:00,PUR_IED_EscNormal_Ext_5fef3b,PUR_IED_EscNormal_Ext_5fef3b,2,21,55,4.5852,-74.096901
2026-09-12T16:21:09-05:00,PUR_IED_EscNormal_S309_5b263,PUR_IED_EscNormal_S309_5b263,,,,,
2026-09-12T16:21:09-05:00,PUR_IED_EscNormal_S310_27b3b8,PUR_IED_EscNormal_S310_27b3b8,,,,,
2026-09-12T16:21:09-05:00,PUR_IED_Evangelista_Conta_f6cd4f,PUR_IED_Evangelista_Conta_f6cd4f,,,,,
2026-09-12T16:21:09-05:00,PUR_IED_Evangelista_Cri_5e16a,PUR_IED_Evangelista_Cri_5e16a,,,,,
2026-09-12T16:21:09-05:00,PUR_IED_Evangelista_Exter_754066,PUR_IED_Evangelista_Exter_754066,,,,,
2026-09-12T16:21:09-05:00,PUR_IED_FMiranda_S209_5cc2a3,PUR_IED_FMiranda_S209_5cc2a3,,,,,
2026-09-12T16:21:09-05:00,PUR_IED_FMiranda_S303_19e344,PUR_IED_FMiranda_S303_19e344,,,,,
2026-09-12T16:21:09-05:00,PUR_IED_FMiranda_ext_f53e7c,PUR_IED_FMiranda_ext_f53e7c,,,,,
2026-09-12T16:21:09-05:00,PUR_IED_FabioLozano_Bibli_1cee05,PUR_IED_FabioLozano_Bibli_1cee05,,,,,
2026-09-12T16:21:09-05:00,PUR_IED_FabioLozano_Ext_6ea285,PUR_IED_FabioLozano_Ext_6ea285,,,,,
2026-09-12T16:21:09-05:00,PUR_IED_FabioLozano_SLudi_f09e1e,PUR_IED_FabioLozano_SLudi_f09e1e,,,,,
2026-09-12T16:21:09-05:00,PUR_IED_FaustinoS_Aula07_27a731,PUR_IED_FaustinoS_Aula07_27a731,,,,,
2026-09-12T16:21:09-05:00,PUR_IED_FaustinoS_Ext_7b936f,PUR_IED_FaustinoS_Ext_7b936f,,,,,
2026-09-12T16:21:09-05:00,PUR_IED_FaustinoS_Fisica_da2c60,PUR_IED_FaustinoS_Fisica_da2c60,,,,,
2026-09-12T16:21:09-05:00,PUR_IED_FeGarciaLo_Ext_dc68ee,PUR_IED_FeGarciaLo_Ext_dc68ee,,,,,
2026-09-12T16:21:09-05:00,PUR_IED_FeGarciaLo_SDanza_f70a59,PUR_IED_FeGarciaLo_SDanza_f70a59,,,,,
2026-09-12T16:21:09-05:00,PUR_IED_FeGarciaLo_SMusic_125cdd,PUR_IED_FeGarciaLo_SMusic_125cdd,,,,,
2026-09-12T16:21:09-05:00,PUR_IED_FederalAlema_Exte_50c345,PUR_IED_FederalAlema_Exte_50c345,,,,,
2026-09-12T16:21:09-05:00,PUR_IED_FederalAlema_S31_f18371,PUR_IED_FederalAlema_S31_f18371,,,,,
2026-09-12T16:21:09-05:00,PUR_IED_FederalAlema_S901_a62cd,PUR_IED_FederalAlema_S901_a62cd,,,,,
2026-09-12T16:21:09-05:00,PUR_IED_FilarmonicaS_A5_f35eb1,PUR_IED_FilarmonicaS_A5_f35eb1,,,,,
2026-09-12T16:21:09-05:00,PUR_IED_FilarmonicaS_Ext_8a3bde,PUR_IED_FilarmonicaS_Ext_8a3bde,,,,,
2026-09-12T16:21:09-05:00,PUR_IED_FilarmonicaS_Spol_406114,PUR_IED_FilarmonicaS_Spol_406114,,,,,
2026-09-12T16:21:09-05:00,PUR_IED_FlorentinoG_A13_d1fa59,PUR_IED_FlorentinoG_A13_d1fa59,,,,,
2026-09-12T16:21:09-05:00,PUR_IED_FlorentinoG_Ext_1ce6ce,PUR_IED_FlorentinoG_Ext_1ce6ce,,,,,
2026-09-12T16:21:09-05:00,PUR_IED_FlorentinoG_Idiom_a66aac,PUR_IED_FlorentinoG_Idiom_a66aac,,,,,
2026-09-12T16:21:09-05:00,PUR_IED_FranciscoMati_Ext_e3869d,PUR_IED_FranciscoMati_Ext_e3869d,,,,,
2026-09-12T16:21:09-05:00,PUR_IED_FranciscoMati_S13_f31c67,PUR_IED_FranciscoMati_S13_f31c67,,,,,
2026-09-12T16:21:09-05:00,PUR_IED_FranciscoMati_S14_97dead,PUR_IED_FranciscoMati_S14_97dead,,,,,
2026-09-12T16:21:09-05:00,PUR_IED_FranciscoPS_Ext_7bfa9a,PUR_IED_FranciscoPS_Ext_7bfa9a,2,21,56,4.5899,-74.110397
2026-09-12T16:21:09-05:00,PUR_IED_FranciscoPS_Infor_fb8f4c,PUR_IED_FranciscoPS_Infor_fb8f4c,,,,,
2026-09-12T16:21:09-05:00,PUR_IED_FranciscoPS_Quimi_94d39c,PUR_IED_FranciscoPS_Quimi_94d39c,,,,,
2026-09-12T16:21:09-05:00,PUR_IED_FranciscoP_LabQ_d7e148,PUR_IED_FranciscoP_LabQ_d7e148,,,,,
2026-09-12T16:21:09-05:00,PUR_IED_FranciscoP_S28_cf9b30,PUR_IED_FranciscoP_S28_cf9b30,,,,,
2026-09-12T16:21:09-05:00,PUR_IED_FranciscoP_ext_e2313,PUR_IED_FranciscoP_ext_e2313,,,,,
2026-09-12T16:21:09-05:00,PUR_IED_FriederichN_Ext_8ac92a,PUR_IED_FriederichN_Ext_8ac92a,,,,,
2026-09-12T16:21:09-05:00,PUR_IED_FriederichN_S301_dd7e5a,PUR_IED_FriederichN_S301_dd7e5a,,,,,
2026-09-12T16:21:09-05:00,PUR_IED_FriederichN_S308_761f4f,PUR_IED_FriederichN_S308_761f4f,,,,,
2026-09-12T16:21:09-05:00,PUR_IED_GSantander_Aula10_533dd7,PUR_IED_GSantander_Aula10_533dd7,,,,,
2026-09-12T16:21:09-05:00,PUR_IED_GSantander_Aula12_fd4e4f,PUR_IED_GSantander_Aula12_fd4e4f,,,,,
2026-09-12T16:21:09-05:00,PUR_IED_GSantander_Aula310_533dd7,PUR_IED_GSantander_Aula310_533dd7,,,,,
2026-09-12T16:21:09-05:00,PUR_IED_GSantander_Aula312_fd4e4f,PUR_IED_GSantander_Aula312_fd4e4f,,,,,
2026-09-12T16:21:09-05:00,PUR_IED_GSantander_Ext_5f66b0,PUR_IED_GSantander_Ext_5f66b0,,,,,
2026-09-12T16:21:09-05:00,PUR_IED_GYomasa_Ext_f6bea5,PUR_IED_GYomasa_Ext_f6bea5,,,,,
2026-09-12T16:21:09-05:00,PUR_IED_GYomasa_LBiol_2c41aa,PUR_IED_GYomasa_LBiol_2c41aa,,,,,
2026-09-12T16:21:09-05:00,PUR_IED_GYomasa_LQuim_33c80,PUR_IED_GYomasa_LQuim_33c80,,,,,
2026-09-12T16:21:09-05:00,PUR_IED_GabBetMejia_Cienc_5a99c,PUR_IED_GabBetMejia_Cienc_5a99c,,,,,
2026-09-12T16:21:09-05:00,PUR_IED_GabBetMejia_Ext_9153d0,PUR_IED_GabBetMejia_Ext_9153d0,,,,,
2026-09-12T16:21:09-05:00,PUR_IED_GabBetMejia_Lab_f55347,PUR_IED_GabBetMejia_Lab_f55347,,,,,
2026-09-12T16:21:09-05:00,PUR_IED_GabBetanMejia_Ext_9153d0,PUR_IED_GabBetanMejia_Ext_9153d0,,,,,
2026-09-12T16:21:09-05:00,PUR_IED_Gaitana_Aula13_7aac11,PUR_IED_Gaitana_Aula13_7aac11,,,,,
2026-09-12T16:21:09-05:00,PUR_IED_Gaitana_Ext_5fcf4,PUR_IED_Gaitana_Ext_5fcf4,,,,,
2026-09-12T16:21:09-05:00,PUR_IED_Gaitana_LabFisica_644448,PUR_IED_Gaitana_LabFisica_644448,,,,,
2026-09-12T16:21:09-05:00,PUR_IED_GenSantander_Dise_8ac858,PUR_IED_GenSantander_Dise_8ac858,,,,,
2026-09-12T16:21:09-05:00,PUR_IED_GenSantander_Ext_8d5dfe,PUR_IED_GenSantander_Ext_8d5dfe,,,,,
2026-09-12T16:21:09-05:00,PUR_IED_GenSantander_Info_6c25b,PUR_IED_GenSantander_Info_6c25b,,,,,
2026-09-12T16:21:09-05:00,PUR_IED_GustavoMo_Exterio_75e63d,PUR_IED_GustavoMo_Exterio_75e63d,,,,,
2026-09-12T16:21:09-05:00,PUR_IED_GustavoMo_LabFisi_224d37,PUR_IED_GustavoMo_LabFisi_224d37,,,,,
2026-09-12T16:21:09-05:00,PUR_IED_GustavoMo_S208_3e6918,PUR_IED_GustavoMo_S208_3e6918,,,,,
2026-09-12T16:21:09-05:00,PUR_IED_GustavoR_A02_8cd4a8,PUR_IED_GustavoR_A02_8cd4a8,,,,,
2026-09-12T16:21:09-05:00,PUR_IED_GustavoR_B11_5b0ed,PUR_IED_GustavoR_B11_5b0ed,,,,,
2026-09-12T16:21:09-05:00,PUR_IED_GustavoR_Ext_7a0c90,PUR_IED_GustavoR_Ext_7a0c90,,,,,
2026-09-12T16:21:09-05:00,PUR_IED_HernandoDuran_Ext_8cd82b,PUR_IED_HernandoDuran_Ext_8cd82b,,,,,
2026-09-12T16:21:09-05:00,PUR_IED_HernandoDuran_S24_2772c6,PUR_IED_HernandoDuran_S24_2772c6,,,,,
2026-09-12T16:21:09-05:00,PUR_IED_HernandoDuran_S30_f2de41,PUR_IED_HernandoDuran_S30_f2de41,,,,,
2026-09-12T16:21:09-05:00,PUR_IED_HolguInUr_S1101_8cd732,PUR_IED_HolguInUr_S1101_8cd732,,,,,
2026-09-12T16:21:09-05:00,PUR_IED_HolguinUr_Exter_ddae6d,PUR_IED_HolguinUr_Exter_ddae6d,,,,,
2026-09-12T16:21:09-05:00,PUR_IED_HolguinUr_LabQuim_92b952,PUR_IED_HolguinUr_LabQuim_92b952,,,,,
2026-09-12T16:21:09-05:00,PUR_IED_Isabel-II_Ext_5245cc,PUR_IED_Isabel-II_Ext_5245cc,2,20,55,4.6336,-74.153
2026-09-12T16:21:09-05:00,PUR_IED_Isabel-II_S_idiom_1c29aa,PUR_IED_Isabel-II_S_idiom_1c29aa,,,,,
2026-09-12T16:21:09-05:00,PUR_IED_Isabel-II_S_infor_fd741,PUR_IED_Isabel-II_S_infor_fd741,,,,,
2026-09-12T16:21:09-05:00,PUR_IED_IsidroSur_Exterio_5b90ea,PUR_IED_IsidroSur_Exterio_5b90ea,,,,,
2026-09-12T16:21:09-05:00,PUR_IED_IsidroSur_LabTec_56697a,PUR_IED_IsidroSur_LabTec_56697a,,,,,
2026-09-12T16:21:09-05:00,PUR_IED_IsidroSur_Robotic_b7c38f,PUR_IED_IsidroSur_Robotic_b7c38f,,,,,
2026-09-12T16:21:09-05:00,PUR_IED_IsmaelPerd_Ext_7b6672,PUR_IED_IsmaelPerd_Ext_7b6672,,,,,
2026-09-12T16:21:09-05:00,PUR_IED_IsmaelPerd_Inform_306540,PUR_IED_IsmaelPerd_Inform_306540,,,,,
2026-09-12T16:21:09-05:00,PUR_IED_IsmaelPerd_S30_2e2c83,PUR_IED_IsmaelPerd_S30_2e2c83,,,,,
2026-09-12T16:21:09-05:00,PUR_IED_JLozano_Exter_432910,PUR_IED_JLozano_Exter_432910,,,,,
2026-09-12T16:21:09-05:00,PUR_IED_JLozano_salaMulti_df5125,PUR_IED_JLozano_salaMulti_df5125,,,,,
2026-09-12T16:21:09-05:00,PUR_IED_JMCordoba_206_86f80b,PUR_IED_JMCordoba_206_86f80b,,,,,
2026-09-12T16:21:09-05:00,PUR_IED_JMCordoba_Ext_27ad97,PUR_IED_JMCordoba_Ext_27ad97,,,,,
2026-09-12T16:21:09-05:00,PUR_IED_JMCordoba_S310_d59ab4,PUR_IED_JMCordoba_S310_d59ab4,,,,,
2026-09-12T16:21:09-05:00,PUR_IED_Japon_Ext_549100,PUR_IED_Japon_Ext_549100,,,,,
2026-09-12T16:21:09-05:00,PUR_IED_Japon_Laboratorio_bec51d,PUR_IED_Japon_Laboratorio_bec51d,,,,,
2026-09-12T16:21:09-05:00,PUR_IED_Japon_informatica_d99327,PUR_IED_Japon_informatica_d99327,,,,,
2026-09-12T16:21:09-05:00,PUR_IED_Jazmin_Ext_d27bda,PUR_IED_Jazmin_Ext_d27bda,,,,,
2026-09-12T16:21:09-05:00,PUR_IED_Jazmin_Fisica_8d14d7,PUR_IED_Jazmin_Fisica_8d14d7,,,,,
2026-09-12T16:21:09-05:00,PUR_IED_Jazmin_Quimica_801cb5,PUR_IED_Jazmin_Quimica_801cb5,,,,,
2026-09-12T16:21:09-05:00,PUR_IED_JorgeGaitan_Exter_f098d1,PUR_IED_JorgeGaitan_Exter_f098d1,,,,,
2026-09-12T16:21:09-05:00,PUR_IED_JorgeGaitan_STec1_dc9d1d,PUR_IED_JorgeGaitan_STec1_dc9d1d,,,,,
2026-09-12T16:21:09-05:00,PUR_IED_JorgeGaitan_STec2_281e69,PUR_IED_JorgeGaitan_STec2_281e69,,,,,
2026-09-12T16:21:09-05:00,PUR_IED_JorgeSoto_Exterio_d9d0a2,PUR_IED_JorgeSoto_Exterio_d9d0a2,,,,,
2026-09-12T16:21:09-05:00,PUR_IED_JorgeSoto_LabFisi_209c54,PUR_IED_JorgeSoto_LabFisi_209c54,,,,,
2026-09-12T16:21:09-05:00,PUR_IED_JorgeSoto_S103_27b51a,PUR_IED_JorgeSoto_S103_27b51a,,,,,
2026-09-12T16:21:09-05:00,PUR_IED_JoseAcevedo_A02_e965eb,PUR_IED_JoseAcevedo_A02_e965eb,,,,,
2026-09-12T16:21:09-05:00,PUR_IED_JoseAcevedo_A07_dd5b4,PUR_IED_JoseAcevedo_A07_dd5b4,,,,,
2026-09-12T16:21:09-05:00,PUR_IED_JoseAcevedo_Ext_b47484,PUR_IED_JoseAcevedo_Ext_b47484,,,,,
2026-09-12T16:21:09-05:00,PUR_IED_JoseMarti_Exte_5b9bf,PUR_IED_JoseMarti_Exte_5b9bf,,,,,
2026-09-12T16:21:09-05:00,PUR_IED_JoseMarti_LabQuim_1c6c2d,PUR_IED_JoseMarti_LabQuim_1c6c2d,,,,,
2026-09-12T16:21:09-05:00,PUR_IED_JoseMarti_S_info_f5f177,PUR_IED_JoseMarti_S_info_f5f177,,,,,
2026-09-12T16:21:09-05:00,PUR_IED_Josejoaquin_Ext_dfc5dc,PUR_IED_Josejoaquin_Ext_dfc5dc,,,,,
2026-09-12T16:21:09-05:00,PUR_IED_Josejoaquin_S05_5b2a96,PUR_IED_Josejoaquin_S05_5b2a96,,,,,
2026-09-12T16:21:09-05:00,PUR_IED_Josejoaquin_S06_1ce7d2,PUR_IED_Josejoaquin_S06_1ce7d2,,,,,
2026-09-12T16:21:09-05:00,PUR_IED_JulioFlorez_Danza_9b82dd,PUR_IED_JulioFlorez_Danza_9b82dd,,,,,
2026-09-12T16:21:09-05:00,PUR_IED_JulioFlorez_Exter_f9f314,PUR_IED_JulioFlorez_Exter_f9f314,,,,,
2026-09-12T16:21:09-05:00,PUR_IED_JulioFlorez_info2_6b6e08,PUR_IED_JulioFlorez_info2_6b6e08,,,,,
2026-09-12T16:21:09-05:00,PUR_IED_LaBelleza_Aula13_1d00d8,PUR_IED_LaBelleza_Aula13_1d00d8,,,,,
2026-09-12T16:21:09-05:00,PUR_IED_LaBelleza_Ext_7bc08c,PUR_IED_LaBelleza_Ext_7bc08c,,,,,
2026-09-12T16:21:09-05:00,PUR_IED_LaChucua_Ext_8cd6d2,PUR_IED_LaChucua_Ext_8cd6d2,,,,,
2026-09-12T16:21:09-05:00,PUR_IED_LaChucua_S15_f578ce,PUR_IED_LaChucua_S15_f578ce,,,,,
2026-09-12T16:21:09-05:00,PUR_IED_LaChucua_S16_eebcf9,PUR_IED_LaChucua_S16_eebcf9,,,,,
2026-09-12T16:21:09-05:00,PUR_IED_LaFelicidad_Ext_fb5109,PUR_IED_LaFelicidad_Ext_fb5109,,,,,
2026-09-12T16:21:09-05:00,PUR_IED_LaMerced_206_66ebd,PUR_IED_LaMerced_206_66ebd,,,,,
2026-09-12T16:21:09-05:00,PUR_IED_LaMerced_207_6ebd6,PUR_IED_LaMerced_207_6ebd6,,,,,
2026-09-12T16:21:09-05:00,PUR_IED_LaMerced_ext_304311,PUR_IED_LaMerced_ext_304311,,,,,
2026-09-12T16:21:09-05:00,PUR_IED_Laureano_CiencNat_281e5e,PUR_IED_Laureano_CiencNat_281e5e,,,,,
2026-09-12T16:21:09-05:00,PUR_IED_Laureano_Comedor_f65c0a,PUR_IED_Laureano_Comedor_f65c0a,,,,,
2026-09-12T16:21:09-05:00,PUR_IED_Laureano_Exterior_7ab011,PUR_IED_Laureano_Exterior_7ab011,,,,,
2026-09-12T16:21:09-05:00,PUR_IED_LeonGreiff_Exte_dfe560,PUR_IED_LeonGreiff_Exte_dfe560,,,,,
2026-09-12T16:21:09-05:00,PUR_IED_LeonGreiff_S210_f264ed,PUR_IED_LeonGreiff_S210_f264ed,,,,,
2026-09-12T16:21:09-05:00,PUR_IED_LeonGreiff_SQuimi_e8296f,PUR_IED_LeonGreiff_SQuimi_e8296f,,,,,
2026-09-12T16:21:09-05:00,PUR_IED_LlanoOrientalS208_7b9fcd,PUR_IED_LlanoOrientalS208_7b9fcd,,,,,
2026-09-12T16:21:09-05:00,PUR_IED_LlanoOriental_Ext_fb3766,PUR_IED_LlanoOriental_Ext_fb3766,,,,,
2026-09-12T16:21:09-05:00,PUR_IED_LlanoOriental_S208_7b9fcd,PUR_IED_LlanoOriental_S208_7b9fcd,,,,,
2026-09-12T16:21:09-05:00,PUR_IED_LlanoOriental_S9_27b378,PUR_IED_LlanoOriental_S9_27b378,,,,,
2026-09-12T16:21:09-05:00,PUR_IED_LosTejares_1101_477602,PUR_IED_LosTejares_1101_477602,,,,,
2026-09-12T16:21:09-05:00,PUR_IED_LosTejares_11_d2c595,PUR_IED_LosTejares_11_d2c595,,,,,
2026-09-12T16:21:09-05:00,PUR_IED_LosTejares_12_477602,PUR_IED_LosTejares_12_477602,,,,,
2026-09-12T16:21:09-05:00,PUR_IED_LosTejares_Ext_8e2115,PUR_IED_LosTejares_Ext_8e2115,,,,,
2026-09-12T16:21:09-05:00,PUR_IED_MagdalenaO_B202_5ddda3,PUR_IED_MagdalenaO_B202_5ddda3,,,,,
2026-09-12T16:21:09-05:00,PUR_IED_MagdalenaO_B205_fb76e8,PUR_IED_MagdalenaO_B205_fb76e8,,,,,
2026-09-12T16:21:09-05:00,PUR_IED_MagdalenaO_ext_dc69cd,PUR_IED_MagdalenaO_ext_dc69cd,,,,,
2026-09-12T16:21:09-05:00,PUR_IED_ManueCepeda_artes_eee956,PUR_IED_ManueCepeda_artes_eee956,,,,,
2026-09-12T16:21:09-05:00,PUR_IED_ManuelCepeda_Ext_58313,PUR_IED_ManuelCepeda_Ext_58313,,,,,
2026-09-12T16:21:09-05:00,PUR_IED_ManuelCepeda_tec_1c5731,PUR_IED_ManuelCepeda_tec_1c5731,,,,,
2026-09-12T16:21:09-05:00,PUR_IED_ManuelS_Exterior_5b269,PUR_IED_ManuelS_Exterior_5b269,,,,,
2026-09-12T16:21:09-05:00,PUR_IED_ManuelS_Inform_f369ce,PUR_IED_ManuelS_Inform_f369ce,,,,,
2026-09-12T16:21:09-05:00,PUR_IED_ManuelS_SArtes_7d15f1,PUR_IED_ManuelS_SArtes_7d15f1,,,,,
2026-09-12T16:21:09-05:00,PUR_IED_ManuelZapata_303_3ca6,PUR_IED_ManuelZapata_303_3ca6,,,,,
2026-09-12T16:21:09-05:00,PUR_IED_ManuelZapata_311_bfbabc,PUR_IED_ManuelZapata_311_bfbabc,,,,,
2026-09-12T16:21:09-05:00,PUR_IED_ManuelZapata_Ext_50824a,PUR_IED_ManuelZapata_Ext_50824a,,,,,
2026-09-12T16:21:09-05:00,PUR_IED_ManuelitaS_Exteri_656a92,PUR_IED_ManuelitaS_Exteri_656a92,,,,,
2026-09-12T16:21:09-05:00,PUR_IED_ManuelitaS_JuzgDe_f58ec3,PUR_IED_ManuelitaS_JuzgDe_f58ec3,,,,,
2026-09-12T16:21:09-05:00,PUR_IED_ManuelitaS_Recrea_d793db,PUR_IED_ManuelitaS_Recrea_d793db,,,,,
2026-09-12T16:21:09-05:00,PUR_IED_MarFidSuarez_Ext_c27b19,PUR_IED_MarFidSuarez_Ext_c27b19,,,,,
2026-09-12T16:21:09-05:00,PUR_IED_MarFidSuarez_Info_e384d7,PUR_IED_MarFidSuarez_Info_e384d7,,,,,
2026-09-12T16:21:09-05:00,PUR_IED_MarFidSuarez_S306_1d0032,PUR_IED_MarFidSuarez_S306_1d0032,,,,,
2026-09-12T16:21:09-05:00,PUR_IED_Menorah_301_2a25a3,PUR_IED_Menorah_301_2a25a3,,,,,
2026-09-12T16:21:09-05:00,PUR_IED_Menorah_306_37ed3,PUR_IED_Menorah_306_37ed3,,,,,
2026-09-12T16:21:09-05:00,PUR_IED_Menorah_Ext_3e155b,PUR_IED_Menorah_Ext_3e155b,,,,,
2026-09-12T16:21:09-05:00,PUR_IED_MinutoB.Aires_A11_1b1604,PUR_IED_MinutoB.Aires_A11_1b1604,,,,,
2026-09-12T16:21:09-05:00,PUR_IED_MinutoB.Aires_A12_fb5860,PUR_IED_MinutoB.Aires_A12_fb5860,,,,,
2026-09-12T16:21:09-05:00,PUR_IED_MinutoB.Aires_Ext_81293f,PUR_IED_MinutoB.Aires_Ext_81293f,,,,,
2026-09-12T16:21:09-05:00,PUR_IED_MinutoBAires_A11_1b1604,PUR_IED_MinutoBAires_A11_1b1604,,,,,
2026-09-12T16:21:09-05:00,PUR_IED_MinutoBAires_A12_fb5860,PUR_IED_MinutoBAires_A12_fb5860,,,,,
2026-09-12T16:21:09-05:00,PUR_IED_MinutoBAires_Ext_81293f,PUR_IED_MinutoBAires_Ext_81293f,,,,,
2026-09-12T16:21:09-05:00,PUR_IED_Montreal_Aula10_1e4959,PUR_IED_Montreal_Aula10_1e4959,,,,,
2026-09-12T16:21:09-05:00,PUR_IED_Montreal_Aula6_300367,PUR_IED_Montreal_Aula6_300367,,,,,
2026-09-12T16:21:09-05:00,PUR_IED_Montreal_Exterior_91a179,PUR_IED_Montreal_Exterior_91a179,,,,,
2026-09-12T16:21:09-05:00,PUR_IED_Mqgdalena_B202_5ddda3,PUR_IED_Mqgdalena_B202_5ddda3,,,,,
2026-09-12T16:21:09-05:00,PUR_IED_NACUND_Soc_dc8728,PUR_IED_NACUND_Soc_dc8728,,,,,
2026-09-12T16:21:09-05:00,PUR_IED_NACUND_ext_27ad97,PUR_IED_NACUND_ext_27ad97,,,,,
2026-09-12T16:21:09-05:00,PUR_IED_NEsperanza_Ext_d24b61,PUR_IED_NEsperanza_Ext_d24b61,,,,,
2026-09-12T16:21:09-05:00,PUR_IED_NEsperanza_SElect_7d1807,PUR_IED_NEsperanza_SElect_7d1807,,,,,
2026-09-12T16:21:09-05:00,PUR_IED_NEsperanza_SLabor_8b2d0a,PUR_IED_NEsperanza_SLabor_8b2d0a,,,,,
2026-09-12T16:21:09-05:00,PUR_IED_NacionesU_Ext_f661a9,PUR_IED_NacionesU_Ext_f661a9,,,,,
2026-09-12T16:21:09-05:00,PUR_IED_NacionesU_Quimica_66f0a,PUR_IED_NacionesU_Quimica_66f0a,,,,,
2026-09-12T16:21:09-05:00,PUR_IED_NacionesU_S306_1b4b3d,PUR_IED_NacionesU_S306_1b4b3d,,,,,
2026-09-12T16:21:09-05:00,PUR_IED_NestorFA_Ext_e4201c,PUR_IED_NestorFA_Ext_e4201c,,,,,
2026-09-12T16:21:09-05:00,PUR_IED_NestorFA_Laborato_f22fe0,PUR_IED_NestorFA_Laborato_f22fe0,,,,,
2026-09-12T16:21:09-05:00,PUR_IED_NestorFA_S204_dee996,PUR_IED_NestorFA_S204_dee996,,,,,
2026-09-12T16:21:09-05:00,PUR_IED_NidyaQT_Aula03_76999b,PUR_IED_NidyaQT_Aula03_76999b,,,,,
2026-09-12T16:21:09-05:00,PUR_IED_NidyaQT_Aula10_56325,PUR_IED_NidyaQT_Aula10_56325,,,,,
2026-09-12T16:21:09-05:00,PUR_IED_NidyaQT_Ext_46e32d,PUR_IED_NidyaQT_Ext_46e32d,,,,,
2026-09-12T16:21:09-05:00,PUR_IED_NuevaCol_Exterior_d9b859,PUR_IED_NuevaCol_Exterior_d9b859,,,,,
2026-09-12T16:21:09-05:00,PUR_IED_NuevaCol_S1101_76c43b,PUR_IED_NuevaCol_S1101_76c43b,,,,,
2026-09-12T16:21:09-05:00,PUR_IED_NuevaCol_S1102_1ce0b5,PUR_IED_NuevaCol_S1102_1ce0b5,,,,,
2026-09-12T16:21:09-05:00,PUR_IED_OEA_A202_f7e3f2,PUR_IED_OEA_A202_f7e3f2,,,,,
2026-09-12T16:21:09-05:00,PUR_IED_OEA_A203_7d1b8d,PUR_IED_OEA_A203_7d1b8d,,,,,
2026-09-12T16:21:09-05:00,PUR_IED_OEA_Ext_27b593,PUR_IED_OEA_Ext_27b593,,,,,
2026-09-12T16:21:09-05:00,PUR_IED_Ochoa_Ext_1c29da,PUR_IED_Ochoa_Ext_1c29da,,,,,
2026-09-12T16:21:09-05:00,PUR_IED_Ochoa_S205_8b1121,PUR_IED_Ochoa_S205_8b1121,,,,,
2026-09-12T16:21:09-05:00,PUR_IED_Ochoa_Sistemas_f33af6,PUR_IED_Ochoa_Sistemas_f33af6,,,,,
2026-09-12T16:21:09-05:00,PUR_IED_PQuebec_Ext_1c67c7,PUR_IED_PQuebec_Ext_1c67c7,,,,,
2026-09-12T16:21:09-05:00,PUR_IED_PQuebec_S15_23e8e2,PUR_IED_PQuebec_S15_23e8e2,,,,,
2026-09-12T16:21:09-05:00,PUR_IED_PQuebec_S16_8ec76b,PUR_IED_PQuebec_S16_8ec76b,,,,,
2026-09-12T16:21:09-05:00,PUR_IED_PabloN_Ext_49dc96,PUR_IED_PabloN_Ext_49dc96,,,,,
2026-09-12T16:21:09-05:00,PUR_IED_PabloN_S1102_4e3df5,PUR_IED_PabloN_S1102_4e3df5,,,,,
2026-09-12T16:21:09-05:00,PUR_IED_PabloN_S1103_50c94b,PUR_IED_PabloN_S1103_50c94b,,,,,
2026-09-12T16:21:09-05:00,PUR_IED_Palestina_S1101_db9198,PUR_IED_Palestina_S1101_db9198,,,,,
2026-09-12T16:21:09-05:00,PUR_IED_Palestina_S1102_dc54fa,PUR_IED_Palestina_S1102_dc54fa,,,,,
2026-09-12T16:21:09-05:00,PUR_IED_Palestina_ext_4ccce6,PUR_IED_Palestina_ext_4ccce6,,,,,
2026-09-12T16:21:09-05:00,PUR_IED_Panama_Fisica_4d0794,PUR_IED_Panama_Fisica_4d0794,,,,,
2026-09-12T16:21:09-05:00,PUR_IED_Panama_SIngles_a4077e,PUR_IED_Panama_SIngles_a4077e,,,,,
2026-09-12T16:21:09-05:00,PUR_IED_Panama_ext_4c54b4,PUR_IED_Panama_ext_4c54b4,,,,,
2026-09-12T16:21:09-05:00,PUR_IED_ParaisoM_Exterior_8cd7f0,PUR_IED_ParaisoM_Exterior_8cd7f0,,,,,
2026-09-12T16:21:09-05:00,PUR_IED_ParaisoM_Laborato_27af35,PUR_IED_ParaisoM_Laborato_27af35,,,,,
2026-09-12T16:21:09-05:00,PUR_IED_ParaisoM_S304_d1edca,PUR_IED_ParaisoM_S304_d1edca,,,,,
2026-09-12T16:21:09-05:00,PUR_IED_PorfirioBarba_Ext_301466,PUR_IED_PorfirioBarba_Ext_301466,,,,,
2026-09-12T16:21:09-05:00,PUR_IED_PorfirioBarba_S11_df6cd2,PUR_IED_PorfirioBarba_S11_df6cd2,,,,,
2026-09-12T16:21:09-05:00,PUR_IED_PorfirioBarba_S29_27a7d6,PUR_IED_PorfirioBarba_S29_27a7d6,,,,,
2026-09-12T16:21:09-05:00,PUR_IED_PradoV_Exter_8b27ad,PUR_IED_PradoV_Exter_8b27ad,,,,,
2026-09-12T16:21:09-05:00,PUR_IED_PradoV_S301_de65b5,PUR_IED_PradoV_S301_de65b5,,,,,
2026-09-12T16:21:09-05:00,PUR_IED_PradoV_S302_7d2593,PUR_IED_PradoV_S302_7d2593,,,,,
2026-09-12T16:21:09-05:00,PUR_IED_QuirogaAlz_Ext_1ddc82,PUR_IED_QuirogaAlz_Ext_1ddc82,,,,,
2026-09-12T16:21:09-05:00,PUR_IED_QuirogaAlz_S302_9926a3,PUR_IED_QuirogaAlz_S302_9926a3,,,,,
2026-09-12T16:21:09-05:00,PUR_IED_QuirogaAlz_S305_cdf1f1,PUR_IED_QuirogaAlz_S305_cdf1f1,,,,,
2026-09-12T16:21:09-05:00,PUR_IED_RGuatemala_Biling_dc53b7,PUR_IED_RGuatemala_Biling_dc53b7,,,,,
2026-09-12T16:21:09-05:00,PUR_IED_RGuatemala_Ext_1b89a3,PUR_IED_RGuatemala_Ext_1b89a3,,,,,
2026-09-12T16:21:09-05:00,PUR_IED_RGuatemala_Tecnol_281a34,PUR_IED_RGuatemala_Tecnol_281a34,,,,,
2026-09-12T16:21:09-05:00,PUR_IED_RafaNu_Ext_f7c302,PUR_IED_RafaNu_Ext_f7c302,,,,,
2026-09-12T16:21:09-05:00,PUR_IED_RafaNu_S1101_25fde,PUR_IED_RafaNu_S1101_25fde,,,,,
2026-09-12T16:21:09-05:00,PUR_IED_RafaNu_S1102_281517,PUR_IED_RafaNu_S1102_281517,,,,,
2026-09-12T16:21:09-05:00,PUR_IED_RafaelB_S305_ee2783,PUR_IED_RafaelB_S305_ee2783,,,,,
2026-09-12T16:21:09-05:00,PUR_IED_RafaelB_S306_75fe33,PUR_IED_RafaelB_S306_75fe33,,,,,
2026-09-12T16:21:09-05:00,PUR_IED_RafaelB_ext_283336,PUR_IED_RafaelB_ext_283336,3,20,56,4.6722,-74.0737
2026-09-12T16:21:09-05:00,PUR_IED_RafaelUU_Exterior_281a51,PUR_IED_RafaelUU_Exterior_281a51,,,,,
2026-09-12T16:21:09-05:00,PUR_IED_RafaelUU_Human_806b2,PUR_IED_RafaelUU_Human_806b2,,,,,
2026-09-12T16:21:09-05:00,PUR_IED_RafaelUU_Mate2_5680d4,PUR_IED_RafaelUU_Mate2_5680d4,,,,,
2026-09-12T16:21:09-05:00,PUR_IED_RamonSub_Ext_f9eeb9,PUR_IED_RamonSub_Ext_f9eeb9,,,,,
2026-09-12T16:21:09-05:00,PUR_IED_RamonSub_Media_d1f62f,PUR_IED_RamonSub_Media_d1f62f,,,,,
2026-09-12T16:21:09-05:00,PUR_IED_RamonSub_planta_51b82,PUR_IED_RamonSub_planta_51b82,,,,,
2026-09-12T16:21:09-05:00,PUR_IED_RepBoliVene_Exter_27af7c,PUR_IED_RepBoliVene_Exter_27af7c,,,,,
2026-09-12T16:21:09-05:00,PUR_IED_RepBoliVene_SCPT_5ae2ee,PUR_IED_RepBoliVene_SCPT_5ae2ee,,,,,
2026-09-12T16:21:09-05:00,PUR_IED_RepBoliVene_Socia_4b11d5,PUR_IED_RepBoliVene_Socia_4b11d5,,,,,
2026-09-12T16:21:09-05:00,PUR_IED_RepChina_Ext_76d9ee,PUR_IED_RepChina_Ext_76d9ee,,,,,
2026-09-12T16:21:09-05:00,PUR_IED_RepChina_S404_7c804c,PUR_IED_RepChina_S404_7c804c,,,,,
2026-09-12T16:21:09-05:00,PUR_IED_RepChina_S405_df2c33,PUR_IED_RepChina_S405_df2c33,,,,,
2026-09-12T16:21:09-05:00,PUR_IED_RepublicaC_Exteri_7d1ec9,PUR_IED_RepublicaC_Exteri_7d1ec9,,,,,
2026-09-12T16:21:09-05:00,PUR_IED_RepublicaC_S1101_f544b3,PUR_IED_RepublicaC_S1101_f544b3,,,,,
2026-09-12T16:21:09-05:00,PUR_IED_RepublicaC_S1102_7aafc7,PUR_IED_RepublicaC_S1102_7aafc7,,,,,
2026-09-12T16:21:09-05:00,PUR_IED_Ricaurte_Externo_a0ea1,PUR_IED_Ricaurte_Externo_a0ea1,,,,,
2026-09-12T16:21:09-05:00,PUR_IED_Ricaurte_S210_f546fd,PUR_IED_Ricaurte_S210_f546fd,,,,,
2026-09-12T16:21:09-05:00,PUR_IED_Ricaurte_S309_d4452,PUR_IED_Ricaurte_S309_d4452,,,,,
2026-09-12T16:21:09-05:00,PUR_IED_RogelioS_1102_531e69,PUR_IED_RogelioS_1102_531e69,,,,,
2026-09-12T16:21:09-05:00,PUR_IED_RogelioS_Ext_f25a18,PUR_IED_RogelioS_Ext_f25a18,,,,,
2026-09-12T16:21:09-05:00,PUR_IED_SBernardino_Ext_27aff8,PUR_IED_SBernardino_Ext_27aff8,,,,,
2026-09-12T16:21:09-05:00,PUR_IED_SBernardino_SArte_2ffd33,PUR_IED_SBernardino_SArte_2ffd33,,,,,
2026-09-12T16:21:09-05:00,PUR_IED_SBernardino_SIngl_7c7da5,PUR_IED_SBernardino_SIngl_7c7da5,,,,,
2026-09-12T16:21:09-05:00,PUR_IED_Sago_auditorio_dc9d1d,PUR_IED_Sago_auditorio_dc9d1d,,,,,
2026-09-12T16:21:09-05:00,PUR_IED_Saludcoop_Ext_95aac3,PUR_IED_Saludcoop_Ext_95aac3,,,,,
2026-09-12T16:21:09-05:00,PUR_IED_Saludcoop_InfI_90c854,PUR_IED_Saludcoop_InfI_90c854,,,,,
2026-09-12T16:21:09-05:00,PUR_IED_Saludcoop_SMedia_1b93be,PUR_IED_Saludcoop_SMedia_1b93be,,,,,
2026-09-12T16:21:09-05:00,PUR_IED_SanCarlos_1101_1a2360,PUR_IED_SanCarlos_1101_1a2360,,,,,
2026-09-12T16:21:09-05:00,PUR_IED_SanCarlos_1103_7bafb5,PUR_IED_SanCarlos_1103_7bafb5,,,,,
2026-09-12T16:21:09-05:00,PUR_IED_SanCarlos_Ext_b7cd1,PUR_IED_SanCarlos_Ext_b7cd1,,,,,
2026-09-12T16:21:09-05:00,PUR_IED_SanIgnacioBosa11a_50c26e,PUR_IED_SanIgnacioBosa11a_50c26e,,,,,
2026-09-12T16:21:09-05:00,PUR_IED_SanIgnacioBosa11b_371de8,PUR_IED_SanIgnacioBosa11b_371de8,,,,,
2026-09-12T16:21:09-05:00,PUR_IED_SanIgnacioBosaExt_ef0ffc,PUR_IED_SanIgnacioBosaExt_ef0ffc,,,,,
2026-09-12T16:21:09-05:00,PUR_IED_SanIgnacioBosa_11a_50c26e,PUR_IED_SanIgnacioBosa_11a_50c26e,,,,,
2026-09-12T16:21:09-05:00,PUR_IED_SanIgnacioBosa_Ext_ef0ffc,PUR_IED_SanIgnacioBosa_Ext_ef0ffc,,,,,
2026-09-12T16:21:09-05:00,PUR_IED_SanJoseN_intS1101_31c47f,PUR_IED_SanJoseN_intS1101_31c47f,,,,,
2026-09-12T16:21:09-05:00,PUR_IED_SanJoseUsm_Exter_f5d7e8,PUR_IED_SanJoseUsm_Exter_f5d7e8,,,,,
2026-09-12T16:21:09-05:00,PUR_IED_SanJoseUsm_Int11A_cfdef6,PUR_IED_SanJoseUsm_Int11A_cfdef6,,,,,
2026-09-12T16:21:09-05:00,PUR_IED_SilveriaR_IntB5_905349,PUR_IED_SilveriaR_IntB5_905349,,,,,
2026-09-12T16:21:09-05:00,PUR_IED_SilveriaR_IntSD14_981f93,PUR_IED_SilveriaR_IntSD14_981f93,,,,,
2026-09-12T16:21:09-05:00,PUR_IED_SilveriaR_ext_2b651d,PUR_IED_SilveriaR_ext_2b651d,,,,,
2026-09-12T16:21:09-05:00,PUR_IED_SimonB_Exterior_913975,PUR_IED_SimonB_Exterior_913975,,,,,
2026-09-12T16:21:09-05:00,PUR_IED_SimonB_LabQuimi_c56908,PUR_IED_SimonB_LabQuimi_c56908,,,,,
2026-09-12T16:21:09-05:00,PUR_IED_SimonB_informatic_a28c1,PUR_IED_SimonB_informatic_a28c1,,,,,
2026-09-12T16:21:09-05:00,PUR_IED_Sorrento_1102_315f50,PUR_IED_Sorrento_1102_315f50,,,,,
2026-09-12T16:21:09-05:00,PUR_IED_Sorrento_Minte_214eab,PUR_IED_Sorrento_Minte_214eab,,,,,
2026-09-12T16:21:09-05:00,PUR_IED_Sorrento_ext_7c3a0a,PUR_IED_Sorrento_ext_7c3a0a,,,,,
2026-09-12T16:21:09-05:00,PUR_IED_Tabora_Ext_f048ae,PUR_IED_Tabora_Ext_f048ae,,,,,
2026-09-12T16:21:09-05:00,PUR_IED_Tabora_S1102_b07752,PUR_IED_Tabora_S1102_b07752,,,,,
2026-09-12T16:21:09-05:00,PUR_IED_Tabora_S1103_d988f5,PUR_IED_Tabora_S1103_d988f5,,,,,
2026-09-12T16:21:09-05:00,PUR_IED_Tenerife_Ext_1ab188,PUR_IED_Tenerife_Ext_1ab188,,,,,
2026-09-12T16:21:09-05:00,PUR_IED_Tenerife_SDanzas_7bc02e,PUR_IED_Tenerife_SDanzas_7bc02e,,,,,
2026-09-12T16:21:09-05:00,PUR_IED_Tenerife_SIngles_7cc277,PUR_IED_Tenerife_SIngles_7cc277,,,,,
2026-09-12T16:21:09-05:00,PUR_IED_Tibabuyes_Exter_f2683d,PUR_IED_Tibabuyes_Exter_f2683d,,,,,
2026-09-12T16:21:09-05:00,PUR_IED_Tibabuyes_S10_dc87a8,PUR_IED_Tibabuyes_S10_dc87a8,,,,,
2026-09-12T16:21:09-05:00,PUR_IED_Tibabuyes_S15_dc0526,PUR_IED_Tibabuyes_S15_dc0526,,,,,
2026-09-12T16:21:09-05:00,PUR_IED_UnionE_S301_a1043,PUR_IED_UnionE_S301_a1043,,,,,
2026-09-12T16:21:09-05:00,PUR_IED_UnionE_S307_ff6c2f,PUR_IED_UnionE_S307_ff6c2f,,,,,
2026-09-12T16:21:09-05:00,PUR_IED_UnionE__Ext_5e2468,PUR_IED_UnionE__Ext_5e2468,,,,,
2026-09-12T16:21:09-05:00,PUR_IED_VillaRica_Ext_75be7c,PUR_IED_VillaRica_Ext_75be7c,,,,,
2026-09-12T16:21:09-05:00,PUR_IED_VillaRica_S4_cc5dcd,PUR_IED_VillaRica_S4_cc5dcd,,,,,
2026-09-12T16:21:09-05:00,PUR_IED_VillaRica_Sesp_99f5c,PUR_IED_VillaRica_Sesp_99f5c,,,,,
2026-09-12T16:26:07-05:00,PUR_IED_20deJulio_1101_91b1b9,PUR_IED_20deJulio_1101_91b1b9,,,,,
2026-09-12T16:26:07-05:00,PUR_IED_20deJulio_1102_1cfcf9,PUR_IED_20deJulio_1102_1cfcf9,,,,,
2026-09-12T16:26:07-05:00,PUR_IED_20deJulio_Ext_ab60bd,PUR_IED_20deJulio_Ext_ab60bd,,,,,
2026-09-12T16:26:07-05:00,PUR_IED_AgustinFer_Ext_7b9b77,PUR_IED_AgustinFer_Ext_7b9b77,,,,,
2026-09-12T16:26:07-05:00,PUR_IED_AgustinFer_Info2_27b3a7,PUR_IED_AgustinFer_Info2_27b3a7,,,,,
2026-09-12T16:26:07-05:00,PUR_IED_AgustinFer_Sena_54b4eb,PUR_IED_AgustinFer_Sena_54b4eb,,,,,
2026-09-12T16:26:07-05:00,PUR_IED_AlexanderF_1102_caf07b,PUR_IED_AlexanderF_1102_caf07b,,,,,
2026-09-12T16:26:07-05:00,PUR_IED_AlexanderF_1103_c79e71,PUR_IED_AlexanderF_1103_c79e71,,,,,
2026-09-12T16:26:07-05:00,PUR_IED_AlexanderF_Ext_c5b18b,PUR_IED_AlexanderF_Ext_c5b18b,,,,,
2026-09-12T16:26:07-05:00,PUR_IED_AlfonsoLopez_Ext_281d77,PUR_IED_AlfonsoLopez_Ext_281d77,,,,,
2026-09-12T16:26:07-05:00,PUR_IED_AlfonsoLopez_LabF_888ce0,PUR_IED_AlfonsoLopez_LabF_888ce0,,,,,
2026-09-12T16:26:07-05:00,PUR_IED_AlfonsoLopez_SMed_df6a7f,PUR_IED_AlfonsoLopez_SMed_df6a7f,,,,,
2026-09-12T16:26:07-05:00,PUR_IED_AltamiraSO_A2_209f92,PUR_IED_AltamiraSO_A2_209f92,,,,,
2026-09-12T16:26:07-05:00,PUR_IED_AltamiraSO_Ext_186d66,PUR_IED_AltamiraSO_Ext_186d66,,,,,
2026-09-12T16:26:07-05:00,PUR_IED_AltamiraSO_Sistem_27afe1,PUR_IED_AltamiraSO_Sistem_27afe1,,,,,
2026-09-12T16:26:07-05:00,PUR_IED_AlvaroGom_LabQuim_813179,PUR_IED_AlvaroGom_LabQuim_813179,,,,,
2026-09-12T16:26:07-05:00,PUR_IED_AlvaroGomez_Ext_47c7ca,PUR_IED_AlvaroGomez_Ext_47c7ca,,,,,
2026-09-12T16:26:07-05:00,PUR_IED_AlvaroGomez_LabQuim_813179,PUR_IED_AlvaroGomez_LabQuim_813179,,,,,
2026-09-12T16:26:07-05:00,PUR_IED_AlvaroGomez_S23_7ba89f,PUR_IED_AlvaroGomez_S23_7ba89f,,,,,
2026-09-12T16:26:07-05:00,PUR_IED_Amistad_306_dc8728,PUR_IED_Amistad_306_dc8728,,,,,
2026-09-12T16:26:07-05:00,PUR_IED_Amistad_Ext_8cd55e,PUR_IED_Amistad_Ext_8cd55e,,,,,
2026-09-12T16:26:07-05:00,PUR_IED_Amistad_S202_a41169,PUR_IED_Amistad_S202_a41169,,,,,
2026-09-12T16:26:07-05:00,PUR_IED_AndresBello_Bio_fd5f5e,PUR_IED_AndresBello_Bio_fd5f5e,,,,,
2026-09-12T16:26:07-05:00,PUR_IED_AndresBello_ext_dcad65,PUR_IED_AndresBello_ext_dcad65,,,,,
2026-09-12T16:26:07-05:00,PUR_IED_AndresBello_port_eed3ec,PUR_IED_AndresBello_port_eed3ec,,,,,
2026-09-12T16:26:07-05:00,PUR_IED_AngelaR_11b_d90a6b,PUR_IED_AngelaR_11b_d90a6b,,,,,
2026-09-12T16:26:07-05:00,PUR_IED_AngelaR_ext_7cad3e,PUR_IED_AngelaR_ext_7cad3e,3,20,59,4.5825,-74.164497
2026-09-12T16:26:07-05:00,PUR_IED_AntJoseSucre_10mo_df2575,PUR_IED_AntJoseSucre_10mo_df2575,,,,,
2026-09-12T16:26:07-05:00,PUR_IED_AntJoseSucre_Ext_215b36,PUR_IED_AntJoseSucre_Ext_215b36,,,,,
2026-09-12T16:26:07-05:00,PUR_IED_AntJoseSucre_Lab_3139de,PUR_IED_AntJoseSucre_Lab_3139de,,,,,
2026-09-12T16:26:07-05:00,PUR_IED_AntonioGarcia_301_d6b188,PUR_IED_AntonioGarcia_301_d6b188,,,,,
2026-09-12T16:26:07-05:00,PUR_IED_AntonioGarcia_302_88a82,PUR_IED_AntonioGarcia_302_88a82,,,,,
2026-09-12T16:26:07-05:00,PUR_IED_AntonioGarcia_Ext_20950c,PUR_IED_AntonioGarcia_Ext_20950c,,,,,
2026-09-12T16:26:07-05:00,PUR_IED_AntonioVan_Aula2_6dea02,PUR_IED_AntonioVan_Aula2_6dea02,,,,,
2026-09-12T16:26:07-05:00,PUR_IED_AntonioVan_Aula5_f1557e,PUR_IED_AntonioVan_Aula5_f1557e,,,,,
2026-09-12T16:26:07-05:00,PUR_IED_AntonioVan_Ext_406f2f,PUR_IED_AntonioVan_Ext_406f2f,,,,,
2026-09-12T16:26:07-05:00,PUR_IED_Atabanzha_Ext_cc5af9,PUR_IED_Atabanzha_Ext_cc5af9,,,,,
2026-09-12T16:26:07-05:00,PUR_IED_Atabanzha_SA101_56c37,PUR_IED_Atabanzha_SA101_56c37,,,,,
2026-09-12T16:26:07-05:00,PUR_IED_Atabanzha_SB302_27b374,PUR_IED_Atabanzha_SB302_27b374,,,,,
2026-09-12T16:26:07-05:00,PUR_IED_Atahualpa_Ext_fc1748,PUR_IED_Atahualpa_Ext_fc1748,,,,,
2026-09-12T16:26:07-05:00,PUR_IED_Atahualpa_Informa_dc9a95,PUR_IED_Atahualpa_Informa_dc9a95,,,,,
2026-09-12T16:26:07-05:00,PUR_IED_Atahualpa_S1101_f98056,PUR_IED_Atahualpa_S1101_f98056,,,,,
2026-09-12T16:26:07-05:00,PUR_IED_Bellavista_Ext_f5aa74,PUR_IED_Bellavista_Ext_f5aa74,,,,,
2026-09-12T16:26:07-05:00,PUR_IED_Bilbao_11A_916c41,PUR_IED_Bilbao_11A_916c41,,,,,
2026-09-12T16:26:07-05:00,PUR_IED_Bilbao_Ext_fb579a,PUR_IED_Bilbao_Ext_fb579a,,,,,
2026-09-12T16:26:07-05:00,PUR_IED_BrasiliaU_A125_304280,PUR_IED_BrasiliaU_A125_304280,,,,,
2026-09-12T16:26:07-05:00,PUR_IED_BrasiliaU_A203_7c8ca5,PUR_IED_BrasiliaU_A203_7c8ca5,,,,,
2026-09-12T16:26:07-05:00,PUR_IED_BrasiliaU_Ext_8d6e9f,PUR_IED_BrasiliaU_Ext_8d6e9f,5,20,57,4.5175,-74.116302
2026-09-12T16:26:07-05:00,PUR_IED_Brasilia_Ext_fe6593,PUR_IED_Brasilia_Ext_fe6593,,,,,
2026-09-12T16:26:07-05:00,PUR_IED_Brasilia_S24_7c130d,PUR_IED_Brasilia_S24_7c130d,,,,,
2026-09-12T16:26:07-05:00,PUR_IED_Brasilia_S501_186a54,PUR_IED_Brasilia_S501_186a54,,,,,
2026-09-12T16:26:07-05:00,PUR_IED_CHARRY_EXT_f1d5cd,PUR_IED_CHARRY_EXT_f1d5cd,,,,,
2026-09-12T16:26:07-05:00,PUR_IED_CHARRY_INTDANZAS_7a08e6,PUR_IED_CHARRY_INTDANZAS_7a08e6,,,,,
2026-09-12T16:26:07-05:00,PUR_IED_CHARRY_INT_AULA20_dc998d,PUR_IED_CHARRY_INT_AULA20_dc998d,,,,,
2026-09-12T16:26:07-05:00,PUR_IED_COLVIV_1101_S25_7f520a,PUR_IED_COLVIV_1101_S25_7f520a,,,,,
2026-09-12T16:26:07-05:00,PUR_IED_COLVIV_1102_S16_f570ba,PUR_IED_COLVIV_1102_S16_f570ba,,,,,
2026-09-12T16:26:07-05:00,PUR_IED_COLVIV_Ext_1a26fa,PUR_IED_COLVIV_Ext_1a26fa,,,,,
2026-09-12T16:26:07-05:00,PUR_IED_CULPOP_301A_f660f3,PUR_IED_CULPOP_301A_f660f3,,,,,
2026-09-12T16:26:07-05:00,PUR_IED_CULPOP_303_568afe,PUR_IED_CULPOP_303_568afe,,,,,
2026-09-12T16:26:07-05:00,PUR_IED_CULPOP_Ext_e02ccb,PUR_IED_CULPOP_Ext_e02ccb,,,,,
2026-09-12T16:26:07-05:00,PUR_IED_CVillavicen_Ext_26eb58,PUR_IED_CVillavicen_Ext_26eb58,8,17,76,4.487,-74.102798
2026-09-12T16:26:07-05:00,PUR_IED_CVillavicen_Intel_1ce5c2,PUR_IED_CVillavicen_Intel_1ce5c2,,,,,
2026-09-12T16:26:07-05:00,PUR_IED_CVillavicen_Poliv_e0766c,PUR_IED_CVillavicen_Poliv_e0766c,,,,,
2026-09-12T16:26:07-05:00,PUR_IED_CVillavicen_int_1ba140,PUR_IED_CVillavicen_int_1ba140,,,,,
2026-09-12T16:26:07-05:00,PUR_IED_CVillavicen_intel_1ba140,PUR_IED_CVillavicen_intel_1ba140,,,,,
2026-09-12T16:26:07-05:00,PUR_IED_CarlosPizarro_Ext_e307cc,PUR_IED_CarlosPizarro_Ext_e307cc,,,,,
2026-09-12T16:26:07-05:00,PUR_IED_CarlosPizarro_L36_7e5cdb,PUR_IED_CarlosPizarro_L36_7e5cdb,,,,,
2026-09-12T16:26:07-05:00,PUR_IED_CarlosPizarro_L37_c8566c,PUR_IED_CarlosPizarro_L37_c8566c,,,,,
2026-09-12T16:26:07-05:00,PUR_IED_Castilla_Ext_cf35f,PUR_IED_Castilla_Ext_cf35f,,,,,
2026-09-12T16:26:07-05:00,PUR_IED_Castilla_SFisik_360e38,PUR_IED_Castilla_SFisik_360e38,,,,,
2026-09-12T16:26:07-05:00,PUR_IED_Castilla_Sc304_496fbf,PUR_IED_Castilla_Sc304_496fbf,,,,,
2026-09-12T16:26:07-05:00,PUR_IED_CervantesSa_Ext_6b57b,PUR_IED_CervantesSa_Ext_6b57b,3,19,65,4.5128,-74.117203
2026-09-12T16:26:07-05:00,PUR_IED_CervantesSa_S107_225c2b,PUR_IED_CervantesSa_S107_225c2b,,,,,
2026-09-12T16:26:07-05:00,PUR_IED_CervantesSa_S108_940925,PUR_IED_CervantesSa_S108_940925,,,,,
2026-09-12T16:26:07-05:00,PUR_IED_Charry_A20_f53e7c,PUR_IED_Charry_A20_f53e7c,,,,,
2026-09-12T16:26:07-05:00,PUR_IED_Charry_Ext_f1d5cd,PUR_IED_Charry_Ext_f1d5cd,,,,,
2026-09-12T16:26:07-05:00,PUR_IED_Charry_IntAula20_dc998d,PUR_IED_Charry_IntAula20_dc998d,,,,,
2026-09-12T16:26:07-05:00,PUR_IED_Charry_IntDanzas_7a08e6,PUR_IED_Charry_IntDanzas_7a08e6,,,,,
2026-09-12T16:26:07-05:00,PUR_IED_ClememciaC_203_43e2fc,PUR_IED_ClememciaC_203_43e2fc,,,,,
2026-09-12T16:26:07-05:00,PUR_IED_ClememciaC_Ext_1b411a,PUR_IED_ClememciaC_Ext_1b411a,,,,,
2026-09-12T16:26:07-05:00,PUR_IED_ClememciaC_Quimic_44b5fc,PUR_IED_ClememciaC_Quimic_44b5fc,,,,,
2026-09-12T16:26:07-05:00,PUR_IED_ClemenciaC_203_43e2fc,PUR_IED_ClemenciaC_203_43e2fc,,,,,
2026-09-12T16:26:07-05:00,PUR_IED_ClemenciaC_Ext_1b411a,PUR_IED_ClemenciaC_Ext_1b411a,,,,,
2026-09-12T16:26:07-05:00,PUR_IED_ClemenciaC_Quimic_44b5fc,PUR_IED_ClemenciaC_Quimic_44b5fc,,,,,
2026-09-12T16:26:07-05:00,PUR_IED_ColViva_1101_S25_7f520a,PUR_IED_ColViva_1101_S25_7f520a,,,,,
2026-09-12T16:26:07-05:00,PUR_IED_ColViva_1102_S16_f570ba,PUR_IED_ColViva_1102_S16_f570ba,,,,,
2026-09-12T16:26:07-05:00,PUR_IED_ColViva_Ext_1a26fa,PUR_IED_ColViva_Ext_1a26fa,,,,,
2026-09-12T16:26:07-05:00,PUR_IED_ColegioBici_Asist_7c8798,PUR_IED_ColegioBici_Asist_7c8798,,,,,
2026-09-12T16:26:07-05:00,PUR_IED_ColegioBici_Ext_25cbf6,PUR_IED_ColegioBici_Ext_25cbf6,,,,,
2026-09-12T16:26:07-05:00,PUR_IED_ColegioBici_LabQ_7b57db,PUR_IED_ColegioBici_LabQ_7b57db,,,,,
2026-09-12T16:26:07-05:00,PUR_IED_CostaRica_Ext_5e640,PUR_IED_CostaRica_Ext_5e640,,,,,
2026-09-12T16:26:07-05:00,PUR_IED_CostaRica_Quim1_766d1c,PUR_IED_CostaRica_Quim1_766d1c,,,,,
2026-09-12T16:26:07-05:00,PUR_IED_CostaRica__Fisica_6f0873,PUR_IED_CostaRica__Fisica_6f0873,,,,,
2026-09-12T16:26:07-05:00,PUR_IED_CulPopu_301A_f660f3,PUR_IED_CulPopu_301A_f660f3,,,,,
2026-09-12T16:26:07-05:00,PUR_IED_CulPopu_303_568afe,PUR_IED_CulPopu_303_568afe,,,,,
2026-09-12T16:26:07-05:00,PUR_IED_CulPopu_Ext_e02ccb,PUR_IED_CulPopu_Ext_e02ccb,,,,,
2026-09-12T16:26:07-05:00,PUR_IED_Cundinamarca_Ext_f15985,PUR_IED_Cundinamarca_Ext_f15985,,,,,
2026-09-12T16:26:07-05:00,PUR_IED_Cundinamarca_Info_7aa5d7,PUR_IED_Cundinamarca_Info_7aa5d7,,,,,
2026-09-12T16:26:07-05:00,PUR_IED_Cundinamarca_Tec2_f449c7,PUR_IED_Cundinamarca_Tec2_f449c7,,,,,
2026-09-12T16:26:07-05:00,PUR_IED_DiegoM_Aula1_27b314,PUR_IED_DiegoM_Aula1_27b314,,,,,
2026-09-12T16:26:07-05:00,PUR_IED_DiegoM_Ext_d80ac8,PUR_IED_DiegoM_Ext_d80ac8,,,,,
2026-09-12T16:26:07-05:00,PUR_IED_DiegoM_S25_da928f,PUR_IED_DiegoM_S25_da928f,,,,,
2026-09-12T16:26:07-05:00,PUR_IED_ELRODEO_360881,PUR_IED_ELRODEO_360881,,,,,
2026-09-12T16:26:07-05:00,PUR_IED_ELRODEO_ext_360881,PUR_IED_ELRODEO_ext_360881,,,,,
2026-09-12T16:26:07-05:00,PUR_IED_EduardoU_Ext_1c1969,PUR_IED_EduardoU_Ext_1c1969,,,,,
2026-09-12T16:26:07-05:00,PUR_IED_EduardoU_SCiencia_4dfb94,PUR_IED_EduardoU_SCiencia_4dfb94,,,,,
2026-09-12T16:26:07-05:00,PUR_IED_EduardoU_SQuimica_5a46e7,PUR_IED_EduardoU_SQuimica_5a46e7,,,,,
2026-09-12T16:26:07-05:00,PUR_IED_ElRodeo_Aula14_676984,PUR_IED_ElRodeo_Aula14_676984,,,,,
2026-09-12T16:26:07-05:00,PUR_IED_ElRodeo_Aula16_2dd35b,PUR_IED_ElRodeo_Aula16_2dd35b,,,,,
2026-09-12T16:26:07-05:00,PUR_IED_ElRodeo_Ext_360881,PUR_IED_ElRodeo_Ext_360881,,,,,
2026-09-12T16:26:07-05:00,PUR_IED_ElRodeo_Exterior_8c6d28,PUR_IED_ElRodeo_Exterior_8c6d28,,,,,
2026-09-12T16:26:07-05:00,PUR_IED_ElRodeo_ext_360881,PUR_IED_ElRodeo_ext_360881,,,,,
2026-09-12T16:26:07-05:00,PUR_IED_EmmaReyes_Ext_987625,PUR_IED_EmmaReyes_Ext_987625,3,22,49,4.6367,-74.1511
2026-09-12T16:26:07-05:00,PUR_IED_Ensueño_Ext_7f0250,PUR_IED_Ensueño_Ext_7f0250,,,,,
2026-09-12T16:26:07-05:00,PUR_IED_EscNormal_Ext_5fef3b,PUR_IED_EscNormal_Ext_5fef3b,2,21,55,4.5852,-74.096901
2026-09-12T16:26:07-05:00,PUR_IED_EscNormal_S309_5b263,PUR_IED_EscNormal_S309_5b263,,,,,
2026-09-12T16:26:07-05:00,PUR_IED_EscNormal_S310_27b3b8,PUR_IED_EscNormal_S310_27b3b8,,,,,
2026-09-12T16:26:07-05:00,PUR_IED_Evangelista_Conta_f6cd4f,PUR_IED_Evangelista_Conta_f6cd4f,,,,,
2026-09-12T16:26:07-05:00,PUR_IED_Evangelista_Cri_5e16a,PUR_IED_Evangelista_Cri_5e16a,,,,,
2026-09-12T16:26:07-05:00,PUR_IED_Evangelista_Exter_754066,PUR_IED_Evangelista_Exter_754066,,,,,
2026-09-12T16:26:07-05:00,PUR_IED_FMiranda_S209_5cc2a3,PUR_IED_FMiranda_S209_5cc2a3,,,,,
2026-09-12T16:26:07-05:00,PUR_IED_FMiranda_S303_19e344,PUR_IED_FMiranda_S303_19e344,,,,,
2026-09-12T16:26:07-05:00,PUR_IED_FMiranda_ext_f53e7c,PUR_IED_FMiranda_ext_f53e7c,,,,,
2026-09-12T16:26:07-05:00,PUR_IED_FabioLozano_Bibli_1cee05,PUR_IED_FabioLozano_Bibli_1cee05,,,,,
2026-09-12T16:26:07-05:00,PUR_IED_FabioLozano_Ext_6ea285,PUR_IED_FabioLozano_Ext_6ea285,,,,,
2026-09-12T16:26:07-05:00,PUR_IED_FabioLozano_SLudi_f09e1e,PUR_IED_FabioLozano_SLudi_f09e1e,,,,,
2026-09-12T16:26:07-05:00,PUR_IED_FaustinoS_Aula07_27a731,PUR_IED_FaustinoS_Aula07_27a731,,,,,
2026-09-12T16:26:07-05:00,PUR_IED_FaustinoS_Ext_7b936f,PUR_IED_FaustinoS_Ext_7b936f,,,,,
2026-09-12T16:26:07-05:00,PUR_IED_FaustinoS_Fisica_da2c60,PUR_IED_FaustinoS_Fisica_da2c60,,,,,
2026-09-12T16:26:07-05:00,PUR_IED_FeGarciaLo_Ext_dc68ee,PUR_IED_FeGarciaLo_Ext_dc68ee,,,,,
2026-09-12T16:26:07-05:00,PUR_IED_FeGarciaLo_SDanza_f70a59,PUR_IED_FeGarciaLo_SDanza_f70a59,,,,,
2026-09-12T16:26:07-05:00,PUR_IED_FeGarciaLo_SMusic_125cdd,PUR_IED_FeGarciaLo_SMusic_125cdd,,,,,
2026-09-12T16:26:07-05:00,PUR_IED_FederalAlema_Exte_50c345,PUR_IED_FederalAlema_Exte_50c345,,,,,
2026-09-12T16:26:07-05:00,PUR_IED_FederalAlema_S31_f18371,PUR_IED_FederalAlema_S31_f18371,,,,,
2026-09-12T16:26:07-05:00,PUR_IED_FederalAlema_S901_a62cd,PUR_IED_FederalAlema_S901_a62cd,,,,,
2026-09-12T16:26:07-05:00,PUR_IED_FilarmonicaS_A5_f35eb1,PUR_IED_FilarmonicaS_A5_f35eb1,,,,,
2026-09-12T16:26:07-05:00,PUR_IED_FilarmonicaS_Ext_8a3bde,PUR_IED_FilarmonicaS_Ext_8a3bde,,,,,
2026-09-12T16:26:07-05:00,PUR_IED_FilarmonicaS_Spol_406114,PUR_IED_FilarmonicaS_Spol_406114,,,,,
2026-09-12T16:26:07-05:00,PUR_IED_FlorentinoG_A13_d1fa59,PUR_IED_FlorentinoG_A13_d1fa59,,,,,
2026-09-12T16:26:07-05:00,PUR_IED_FlorentinoG_Ext_1ce6ce,PUR_IED_FlorentinoG_Ext_1ce6ce,,,,,
2026-09-12T16:26:07-05:00,PUR_IED_FlorentinoG_Idiom_a66aac,PUR_IED_FlorentinoG_Idiom_a66aac,,,,,
2026-09-12T16:26:07-05:00,PUR_IED_FranciscoMati_Ext_e3869d,PUR_IED_FranciscoMati_Ext_e3869d,,,,,
2026-09-12T16:26:07-05:00,PUR_IED_FranciscoMati_S13_f31c67,PUR_IED_FranciscoMati_S13_f31c67,,,,,
2026-09-12T16:26:07-05:00,PUR_IED_FranciscoMati_S14_97dead,PUR_IED_FranciscoMati_S14_97dead,,,,,
2026-09-12T16:26:07-05:00,PUR_IED_FranciscoPS_Ext_7bfa9a,PUR_IED_FranciscoPS_Ext_7bfa9a,2,21,56,4.5899,-74.110397
2026-09-12T16:26:07-05:00,PUR_IED_FranciscoPS_Infor_fb8f4c,PUR_IED_FranciscoPS_Infor_fb8f4c,,,,,
2026-09-12T16:26:07-05:00,PUR_IED_FranciscoPS_Quimi_94d39c,PUR_IED_FranciscoPS_Quimi_94d39c,,,,,
2026-09-12T16:26:07-05:00,PUR_IED_FranciscoP_LabQ_d7e148,PUR_IED_FranciscoP_LabQ_d7e148,,,,,
2026-09-12T16:26:07-05:00,PUR_IED_FranciscoP_S28_cf9b30,PUR_IED_FranciscoP_S28_cf9b30,,,,,
2026-09-12T16:26:07-05:00,PUR_IED_FranciscoP_ext_e2313,PUR_IED_FranciscoP_ext_e2313,,,,,
2026-09-12T16:26:07-05:00,PUR_IED_FriederichN_Ext_8ac92a,PUR_IED_FriederichN_Ext_8ac92a,,,,,
2026-09-12T16:26:07-05:00,PUR_IED_FriederichN_S301_dd7e5a,PUR_IED_FriederichN_S301_dd7e5a,,,,,
2026-09-12T16:26:07-05:00,PUR_IED_FriederichN_S308_761f4f,PUR_IED_FriederichN_S308_761f4f,,,,,
2026-09-12T16:26:07-05:00,PUR_IED_GSantander_Aula10_533dd7,PUR_IED_GSantander_Aula10_533dd7,,,,,
2026-09-12T16:26:07-05:00,PUR_IED_GSantander_Aula12_fd4e4f,PUR_IED_GSantander_Aula12_fd4e4f,,,,,
2026-09-12T16:26:07-05:00,PUR_IED_GSantander_Aula310_533dd7,PUR_IED_GSantander_Aula310_533dd7,,,,,
2026-09-12T16:26:07-05:00,PUR_IED_GSantander_Aula312_fd4e4f,PUR_IED_GSantander_Aula312_fd4e4f,,,,,
2026-09-12T16:26:07-05:00,PUR_IED_GSantander_Ext_5f66b0,PUR_IED_GSantander_Ext_5f66b0,,,,,
2026-09-12T16:26:07-05:00,PUR_IED_GYomasa_Ext_f6bea5,PUR_IED_GYomasa_Ext_f6bea5,,,,,
2026-09-12T16:26:07-05:00,PUR_IED_GYomasa_LBiol_2c41aa,PUR_IED_GYomasa_LBiol_2c41aa,,,,,
2026-09-12T16:26:07-05:00,PUR_IED_GYomasa_LQuim_33c80,PUR_IED_GYomasa_LQuim_33c80,,,,,
2026-09-12T16:26:07-05:00,PUR_IED_GabBetMejia_Cienc_5a99c,PUR_IED_GabBetMejia_Cienc_5a99c,,,,,
2026-09-12T16:26:07-05:00,PUR_IED_GabBetMejia_Ext_9153d0,PUR_IED_GabBetMejia_Ext_9153d0,,,,,
2026-09-12T16:26:07-05:00,PUR_IED_GabBetMejia_Lab_f55347,PUR_IED_GabBetMejia_Lab_f55347,,,,,
2026-09-12T16:26:07-05:00,PUR_IED_GabBetanMejia_Ext_9153d0,PUR_IED_GabBetanMejia_Ext_9153d0,,,,,
2026-09-12T16:26:07-05:00,PUR_IED_Gaitana_Aula13_7aac11,PUR_IED_Gaitana_Aula13_7aac11,,,,,
2026-09-12T16:26:07-05:00,PUR_IED_Gaitana_Ext_5fcf4,PUR_IED_Gaitana_Ext_5fcf4,,,,,
2026-09-12T16:26:07-05:00,PUR_IED_Gaitana_LabFisica_644448,PUR_IED_Gaitana_LabFisica_644448,,,,,
2026-09-12T16:26:07-05:00,PUR_IED_GenSantander_Dise_8ac858,PUR_IED_GenSantander_Dise_8ac858,,,,,
2026-09-12T16:26:07-05:00,PUR_IED_GenSantander_Ext_8d5dfe,PUR_IED_GenSantander_Ext_8d5dfe,,,,,
2026-09-12T16:26:07-05:00,PUR_IED_GenSantander_Info_6c25b,PUR_IED_GenSantander_Info_6c25b,,,,,
2026-09-12T16:26:07-05:00,PUR_IED_GustavoMo_Exterio_75e63d,PUR_IED_GustavoMo_Exterio_75e63d,,,,,
2026-09-12T16:26:07-05:00,PUR_IED_GustavoMo_LabFisi_224d37,PUR_IED_GustavoMo_LabFisi_224d37,,,,,
2026-09-12T16:26:07-05:00,PUR_IED_GustavoMo_S208_3e6918,PUR_IED_GustavoMo_S208_3e6918,,,,,
2026-09-12T16:26:07-05:00,PUR_IED_GustavoR_A02_8cd4a8,PUR_IED_GustavoR_A02_8cd4a8,,,,,
2026-09-12T16:26:07-05:00,PUR_IED_GustavoR_B11_5b0ed,PUR_IED_GustavoR_B11_5b0ed,,,,,
2026-09-12T16:26:07-05:00,PUR_IED_GustavoR_Ext_7a0c90,PUR_IED_GustavoR_Ext_7a0c90,,,,,
2026-09-12T16:26:07-05:00,PUR_IED_HernandoDuran_Ext_8cd82b,PUR_IED_HernandoDuran_Ext_8cd82b,,,,,
2026-09-12T16:26:07-05:00,PUR_IED_HernandoDuran_S24_2772c6,PUR_IED_HernandoDuran_S24_2772c6,,,,,
2026-09-12T16:26:07-05:00,PUR_IED_HernandoDuran_S30_f2de41,PUR_IED_HernandoDuran_S30_f2de41,,,,,
2026-09-12T16:26:07-05:00,PUR_IED_HolguInUr_S1101_8cd732,PUR_IED_HolguInUr_S1101_8cd732,,,,,
2026-09-12T16:26:07-05:00,PUR_IED_HolguinUr_Exter_ddae6d,PUR_IED_HolguinUr_Exter_ddae6d,,,,,
2026-09-12T16:26:07-05:00,PUR_IED_HolguinUr_LabQuim_92b952,PUR_IED_HolguinUr_LabQuim_92b952,,,,,
2026-09-12T16:26:07-05:00,PUR_IED_Isabel-II_Ext_5245cc,PUR_IED_Isabel-II_Ext_5245cc,2,20,55,4.6336,-74.153
2026-09-12T16:26:07-05:00,PUR_IED_Isabel-II_S_idiom_1c29aa,PUR_IED_Isabel-II_S_idiom_1c29aa,,,,,
2026-09-12T16:26:07-05:00,PUR_IED_Isabel-II_S_infor_fd741,PUR_IED_Isabel-II_S_infor_fd741,,,,,
2026-09-12T16:26:07-05:00,PUR_IED_IsidroSur_Exterio_5b90ea,PUR_IED_IsidroSur_Exterio_5b90ea,,,,,
2026-09-12T16:26:07-05:00,PUR_IED_IsidroSur_LabTec_56697a,PUR_IED_IsidroSur_LabTec_56697a,,,,,
2026-09-12T16:26:07-05:00,PUR_IED_IsidroSur_Robotic_b7c38f,PUR_IED_IsidroSur_Robotic_b7c38f,,,,,
2026-09-12T16:26:07-05:00,PUR_IED_IsmaelPerd_Ext_7b6672,PUR_IED_IsmaelPerd_Ext_7b6672,,,,,
2026-09-12T16:26:07-05:00,PUR_IED_IsmaelPerd_Inform_306540,PUR_IED_IsmaelPerd_Inform_306540,,,,,
2026-09-12T16:26:07-05:00,PUR_IED_IsmaelPerd_S30_2e2c83,PUR_IED_IsmaelPerd_S30_2e2c83,,,,,
2026-09-12T16:26:07-05:00,PUR_IED_JLozano_Exter_432910,PUR_IED_JLozano_Exter_432910,,,,,
2026-09-12T16:26:07-05:00,PUR_IED_JLozano_salaMulti_df5125,PUR_IED_JLozano_salaMulti_df5125,,,,,
2026-09-12T16:26:07-05:00,PUR_IED_JMCordoba_206_86f80b,PUR_IED_JMCordoba_206_86f80b,,,,,
2026-09-12T16:26:07-05:00,PUR_IED_JMCordoba_Ext_27ad97,PUR_IED_JMCordoba_Ext_27ad97,,,,,
2026-09-12T16:26:07-05:00,PUR_IED_JMCordoba_S310_d59ab4,PUR_IED_JMCordoba_S310_d59ab4,,,,,
2026-09-12T16:26:07-05:00,PUR_IED_Japon_Ext_549100,PUR_IED_Japon_Ext_549100,,,,,
2026-09-12T16:26:07-05:00,PUR_IED_Japon_Laboratorio_bec51d,PUR_IED_Japon_Laboratorio_bec51d,,,,,
2026-09-12T16:26:07-05:00,PUR_IED_Japon_informatica_d99327,PUR_IED_Japon_informatica_d99327,,,,,
2026-09-12T16:26:07-05:00,PUR_IED_Jazmin_Ext_d27bda,PUR_IED_Jazmin_Ext_d27bda,,,,,
2026-09-12T16:26:07-05:00,PUR_IED_Jazmin_Fisica_8d14d7,PUR_IED_Jazmin_Fisica_8d14d7,,,,,
2026-09-12T16:26:07-05:00,PUR_IED_Jazmin_Quimica_801cb5,PUR_IED_Jazmin_Quimica_801cb5,,,,,
2026-09-12T16:26:07-05:00,PUR_IED_JorgeGaitan_Exter_f098d1,PUR_IED_JorgeGaitan_Exter_f098d1,,,,,
2026-09-12T16:26:07-05:00,PUR_IED_JorgeGaitan_STec1_dc9d1d,PUR_IED_JorgeGaitan_STec1_dc9d1d,,,,,
2026-09-12T16:26:07-05:00,PUR_IED_JorgeGaitan_STec2_281e69,PUR_IED_JorgeGaitan_STec2_281e69,,,,,
2026-09-12T16:26:07-05:00,PUR_IED_JorgeSoto_Exterio_d9d0a2,PUR_IED_JorgeSoto_Exterio_d9d0a2,,,,,
2026-09-12T16:26:07-05:00,PUR_IED_JorgeSoto_LabFisi_209c54,PUR_IED_JorgeSoto_LabFisi_209c54,,,,,
2026-09-12T16:26:07-05:00,PUR_IED_JorgeSoto_S103_27b51a,PUR_IED_JorgeSoto_S103_27b51a,,,,,
2026-09-12T16:26:07-05:00,PUR_IED_JoseAcevedo_A02_e965eb,PUR_IED_JoseAcevedo_A02_e965eb,,,,,
2026-09-12T16:26:07-05:00,PUR_IED_JoseAcevedo_A07_dd5b4,PUR_IED_JoseAcevedo_A07_dd5b4,,,,,
2026-09-12T16:26:07-05:00,PUR_IED_JoseAcevedo_Ext_b47484,PUR_IED_JoseAcevedo_Ext_b47484,,,,,
2026-09-12T16:26:07-05:00,PUR_IED_JoseMarti_Exte_5b9bf,PUR_IED_JoseMarti_Exte_5b9bf,,,,,
2026-09-12T16:26:07-05:00,PUR_IED_JoseMarti_LabQuim_1c6c2d,PUR_IED_JoseMarti_LabQuim_1c6c2d,,,,,
2026-09-12T16:26:07-05:00,PUR_IED_JoseMarti_S_info_f5f177,PUR_IED_JoseMarti_S_info_f5f177,,,,,
2026-09-12T16:26:07-05:00,PUR_IED_Josejoaquin_Ext_dfc5dc,PUR_IED_Josejoaquin_Ext_dfc5dc,,,,,
2026-09-12T16:26:07-05:00,PUR_IED_Josejoaquin_S05_5b2a96,PUR_IED_Josejoaquin_S05_5b2a96,,,,,
2026-09-12T16:26:07-05:00,PUR_IED_Josejoaquin_S06_1ce7d2,PUR_IED_Josejoaquin_S06_1ce7d2,,,,,
2026-09-12T16:26:07-05:00,PUR_IED_JulioFlorez_Danza_9b82dd,PUR_IED_JulioFlorez_Danza_9b82dd,,,,,
2026-09-12T16:26:07-05:00,PUR_IED_JulioFlorez_Exter_f9f314,PUR_IED_JulioFlorez_Exter_f9f314,,,,,
2026-09-12T16:26:07-05:00,PUR_IED_JulioFlorez_info2_6b6e08,PUR_IED_JulioFlorez_info2_6b6e08,,,,,
2026-09-12T16:26:07-05:00,PUR_IED_LaBelleza_Aula13_1d00d8,PUR_IED_LaBelleza_Aula13_1d00d8,,,,,
2026-09-12T16:26:07-05:00,PUR_IED_LaBelleza_Ext_7bc08c,PUR_IED_LaBelleza_Ext_7bc08c,,,,,
2026-09-12T16:26:07-05:00,PUR_IED_LaChucua_Ext_8cd6d2,PUR_IED_LaChucua_Ext_8cd6d2,,,,,
2026-09-12T16:26:07-05:00,PUR_IED_LaChucua_S15_f578ce,PUR_IED_LaChucua_S15_f578ce,,,,,
2026-09-12T16:26:07-05:00,PUR_IED_LaChucua_S16_eebcf9,PUR_IED_LaChucua_S16_eebcf9,,,,,
2026-09-12T16:26:07-05:00,PUR_IED_LaFelicidad_Ext_fb5109,PUR_IED_LaFelicidad_Ext_fb5109,,,,,
2026-09-12T16:26:07-05:00,PUR_IED_LaMerced_206_66ebd,PUR_IED_LaMerced_206_66ebd,,,,,
2026-09-12T16:26:07-05:00,PUR_IED_LaMerced_207_6ebd6,PUR_IED_LaMerced_207_6ebd6,,,,,
2026-09-12T16:26:07-05:00,PUR_IED_LaMerced_ext_304311,PUR_IED_LaMerced_ext_304311,,,,,
2026-09-12T16:26:07-05:00,PUR_IED_Laureano_CiencNat_281e5e,PUR_IED_Laureano_CiencNat_281e5e,,,,,
2026-09-12T16:26:07-05:00,PUR_IED_Laureano_Comedor_f65c0a,PUR_IED_Laureano_Comedor_f65c0a,,,,,
2026-09-12T16:26:07-05:00,PUR_IED_Laureano_Exterior_7ab011,PUR_IED_Laureano_Exterior_7ab011,,,,,
2026-09-12T16:26:07-05:00,PUR_IED_LeonGreiff_Exte_dfe560,PUR_IED_LeonGreiff_Exte_dfe560,,,,,
2026-09-12T16:26:07-05:00,PUR_IED_LeonGreiff_S210_f264ed,PUR_IED_LeonGreiff_S210_f264ed,,,,,
2026-09-12T16:26:07-05:00,PUR_IED_LeonGreiff_SQuimi_e8296f,PUR_IED_LeonGreiff_SQuimi_e8296f,,,,,
2026-09-12T16:26:07-05:00,PUR_IED_LlanoOrientalS208_7b9fcd,PUR_IED_LlanoOrientalS208_7b9fcd,,,,,
2026-09-12T16:26:07-05:00,PUR_IED_LlanoOriental_Ext_fb3766,PUR_IED_LlanoOriental_Ext_fb3766,,,,,
2026-09-12T16:26:07-05:00,PUR_IED_LlanoOriental_S208_7b9fcd,PUR_IED_LlanoOriental_S208_7b9fcd,,,,,
2026-09-12T16:26:07-05:00,PUR_IED_LlanoOriental_S9_27b378,PUR_IED_LlanoOriental_S9_27b378,,,,,
2026-09-12T16:26:07-05:00,PUR_IED_LosTejares_1101_477602,PUR_IED_LosTejares_1101_477602,,,,,
2026-09-12T16:26:07-05:00,PUR_IED_LosTejares_11_d2c595,PUR_IED_LosTejares_11_d2c595,,,,,
2026-09-12T16:26:07-05:00,PUR_IED_LosTejares_12_477602,PUR_IED_LosTejares_12_477602,,,,,
2026-09-12T16:26:07-05:00,PUR_IED_LosTejares_Ext_8e2115,PUR_IED_LosTejares_Ext_8e2115,,,,,
2026-09-12T16:26:07-05:00,PUR_IED_MagdalenaO_B202_5ddda3,PUR_IED_MagdalenaO_B202_5ddda3,,,,,
2026-09-12T16:26:07-05:00,PUR_IED_MagdalenaO_B205_fb76e8,PUR_IED_MagdalenaO_B205_fb76e8,,,,,
2026-09-12T16:26:07-05:00,PUR_IED_MagdalenaO_ext_dc69cd,PUR_IED_MagdalenaO_ext_dc69cd,,,,,
2026-09-12T16:26:07-05:00,PUR_IED_ManueCepeda_artes_eee956,PUR_IED_ManueCepeda_artes_eee956,,,,,
2026-09-12T16:26:07-05:00,PUR_IED_ManuelCepeda_Ext_58313,PUR_IED_ManuelCepeda_Ext_58313,,,,,
2026-09-12T16:26:07-05:00,PUR_IED_ManuelCepeda_tec_1c5731,PUR_IED_ManuelCepeda_tec_1c5731,,,,,
2026-09-12T16:26:07-05:00,PUR_IED_ManuelS_Exterior_5b269,PUR_IED_ManuelS_Exterior_5b269,,,,,
2026-09-12T16:26:07-05:00,PUR_IED_ManuelS_Inform_f369ce,PUR_IED_ManuelS_Inform_f369ce,,,,,
2026-09-12T16:26:07-05:00,PUR_IED_ManuelS_SArtes_7d15f1,PUR_IED_ManuelS_SArtes_7d15f1,,,,,
2026-09-12T16:26:07-05:00,PUR_IED_ManuelZapata_303_3ca6,PUR_IED_ManuelZapata_303_3ca6,,,,,
2026-09-12T16:26:07-05:00,PUR_IED_ManuelZapata_311_bfbabc,PUR_IED_ManuelZapata_311_bfbabc,,,,,
2026-09-12T16:26:07-05:00,PUR_IED_ManuelZapata_Ext_50824a,PUR_IED_ManuelZapata_Ext_50824a,,,,,
2026-09-12T16:26:07-05:00,PUR_IED_ManuelitaS_Exteri_656a92,PUR_IED_ManuelitaS_Exteri_656a92,,,,,
2026-09-12T16:26:07-05:00,PUR_IED_ManuelitaS_JuzgDe_f58ec3,PUR_IED_ManuelitaS_JuzgDe_f58ec3,,,,,
2026-09-12T16:26:07-05:00,PUR_IED_ManuelitaS_Recrea_d793db,PUR_IED_ManuelitaS_Recrea_d793db,,,,,
2026-09-12T16:26:07-05:00,PUR_IED_MarFidSuarez_Ext_c27b19,PUR_IED_MarFidSuarez_Ext_c27b19,,,,,
2026-09-12T16:26:07-05:00,PUR_IED_MarFidSuarez_Info_e384d7,PUR_IED_MarFidSuarez_Info_e384d7,,,,,
2026-09-12T16:26:07-05:00,PUR_IED_MarFidSuarez_S306_1d0032,PUR_IED_MarFidSuarez_S306_1d0032,,,,,
2026-09-12T16:26:07-05:00,PUR_IED_Menorah_301_2a25a3,PUR_IED_Menorah_301_2a25a3,,,,,
2026-09-12T16:26:07-05:00,PUR_IED_Menorah_306_37ed3,PUR_IED_Menorah_306_37ed3,,,,,
2026-09-12T16:26:07-05:00,PUR_IED_Menorah_Ext_3e155b,PUR_IED_Menorah_Ext_3e155b,,,,,
2026-09-12T16:26:07-05:00,PUR_IED_MinutoB.Aires_A11_1b1604,PUR_IED_MinutoB.Aires_A11_1b1604,,,,,
2026-09-12T16:26:07-05:00,PUR_IED_MinutoB.Aires_A12_fb5860,PUR_IED_MinutoB.Aires_A12_fb5860,,,,,
2026-09-12T16:26:07-05:00,PUR_IED_MinutoB.Aires_Ext_81293f,PUR_IED_MinutoB.Aires_Ext_81293f,,,,,
2026-09-12T16:26:07-05:00,PUR_IED_MinutoBAires_A11_1b1604,PUR_IED_MinutoBAires_A11_1b1604,,,,,
2026-09-12T16:26:07-05:00,PUR_IED_MinutoBAires_A12_fb5860,PUR_IED_MinutoBAires_A12_fb5860,,,,,
2026-09-12T16:26:07-05:00,PUR_IED_MinutoBAires_Ext_81293f,PUR_IED_MinutoBAires_Ext_81293f,,,,,
2026-09-12T16:26:07-05:00,PUR_IED_Montreal_Aula10_1e4959,PUR_IED_Montreal_Aula10_1e4959,,,,,
2026-09-12T16:26:07-05:00,PUR_IED_Montreal_Aula6_300367,PUR_IED_Montreal_Aula6_300367,,,,,
2026-09-12T16:26:07-05:00,PUR_IED_Montreal_Exterior_91a179,PUR_IED_Montreal_Exterior_91a179,,,,,
2026-09-12T16:26:07-05:00,PUR_IED_Mqgdalena_B202_5ddda3,PUR_IED_Mqgdalena_B202_5ddda3,,,,,
2026-09-12T16:26:07-05:00,PUR_IED_NACUND_Soc_dc8728,PUR_IED_NACUND_Soc_dc8728,,,,,
2026-09-12T16:26:07-05:00,PUR_IED_NACUND_ext_27ad97,PUR_IED_NACUND_ext_27ad97,,,,,
2026-09-12T16:26:07-05:00,PUR_IED_NEsperanza_Ext_d24b61,PUR_IED_NEsperanza_Ext_d24b61,,,,,
2026-09-12T16:26:07-05:00,PUR_IED_NEsperanza_SElect_7d1807,PUR_IED_NEsperanza_SElect_7d1807,,,,,
2026-09-12T16:26:07-05:00,PUR_IED_NEsperanza_SLabor_8b2d0a,PUR_IED_NEsperanza_SLabor_8b2d0a,,,,,
2026-09-12T16:26:07-05:00,PUR_IED_NacionesU_Ext_f661a9,PUR_IED_NacionesU_Ext_f661a9,,,,,
2026-09-12T16:26:07-05:00,PUR_IED_NacionesU_Quimica_66f0a,PUR_IED_NacionesU_Quimica_66f0a,,,,,
2026-09-12T16:26:07-05:00,PUR_IED_NacionesU_S306_1b4b3d,PUR_IED_NacionesU_S306_1b4b3d,,,,,
2026-09-12T16:26:07-05:00,PUR_IED_NestorFA_Ext_e4201c,PUR_IED_NestorFA_Ext_e4201c,,,,,
2026-09-12T16:26:07-05:00,PUR_IED_NestorFA_Laborato_f22fe0,PUR_IED_NestorFA_Laborato_f22fe0,,,,,
2026-09-12T16:26:07-05:00,PUR_IED_NestorFA_S204_dee996,PUR_IED_NestorFA_S204_dee996,,,,,
2026-09-12T16:26:07-05:00,PUR_IED_NidyaQT_Aula03_76999b,PUR_IED_NidyaQT_Aula03_76999b,,,,,
2026-09-12T16:26:07-05:00,PUR_IED_NidyaQT_Aula10_56325,PUR_IED_NidyaQT_Aula10_56325,,,,,
2026-09-12T16:26:07-05:00,PUR_IED_NidyaQT_Ext_46e32d,PUR_IED_NidyaQT_Ext_46e32d,,,,,
2026-09-12T16:26:07-05:00,PUR_IED_NuevaCol_Exterior_d9b859,PUR_IED_NuevaCol_Exterior_d9b859,,,,,
2026-09-12T16:26:07-05:00,PUR_IED_NuevaCol_S1101_76c43b,PUR_IED_NuevaCol_S1101_76c43b,,,,,
2026-09-12T16:26:07-05:00,PUR_IED_NuevaCol_S1102_1ce0b5,PUR_IED_NuevaCol_S1102_1ce0b5,,,,,
2026-09-12T16:26:07-05:00,PUR_IED_OEA_A202_f7e3f2,PUR_IED_OEA_A202_f7e3f2,,,,,
2026-09-12T16:26:07-05:00,PUR_IED_OEA_A203_7d1b8d,PUR_IED_OEA_A203_7d1b8d,,,,,
2026-09-12T16:26:07-05:00,PUR_IED_OEA_Ext_27b593,PUR_IED_OEA_Ext_27b593,,,,,
2026-09-12T16:26:07-05:00,PUR_IED_Ochoa_Ext_1c29da,PUR_IED_Ochoa_Ext_1c29da,,,,,
2026-09-12T16:26:07-05:00,PUR_IED_Ochoa_S205_8b1121,PUR_IED_Ochoa_S205_8b1121,,,,,
2026-09-12T16:26:07-05:00,PUR_IED_Ochoa_Sistemas_f33af6,PUR_IED_Ochoa_Sistemas_f33af6,,,,,
2026-09-12T16:26:07-05:00,PUR_IED_PQuebec_Ext_1c67c7,PUR_IED_PQuebec_Ext_1c67c7,,,,,
2026-09-12T16:26:07-05:00,PUR_IED_PQuebec_S15_23e8e2,PUR_IED_PQuebec_S15_23e8e2,,,,,
2026-09-12T16:26:07-05:00,PUR_IED_PQuebec_S16_8ec76b,PUR_IED_PQuebec_S16_8ec76b,,,,,
2026-09-12T16:26:07-05:00,PUR_IED_PabloN_Ext_49dc96,PUR_IED_PabloN_Ext_49dc96,,,,,
2026-09-12T16:26:07-05:00,PUR_IED_PabloN_S1102_4e3df5,PUR_IED_PabloN_S1102_4e3df5,,,,,
2026-09-12T16:26:07-05:00,PUR_IED_PabloN_S1103_50c94b,PUR_IED_PabloN_S1103_50c94b,,,,,
2026-09-12T16:26:07-05:00,PUR_IED_Palestina_S1101_db9198,PUR_IED_Palestina_S1101_db9198,,,,,
2026-09-12T16:26:07-05:00,PUR_IED_Palestina_S1102_dc54fa,PUR_IED_Palestina_S1102_dc54fa,,,,,
2026-09-12T16:26:07-05:00,PUR_IED_Palestina_ext_4ccce6,PUR_IED_Palestina_ext_4ccce6,,,,,
2026-09-12T16:26:07-05:00,PUR_IED_Panama_Fisica_4d0794,PUR_IED_Panama_Fisica_4d0794,,,,,
2026-09-12T16:26:07-05:00,PUR_IED_Panama_SIngles_a4077e,PUR_IED_Panama_SIngles_a4077e,,,,,
2026-09-12T16:26:07-05:00,PUR_IED_Panama_ext_4c54b4,PUR_IED_Panama_ext_4c54b4,,,,,
2026-09-12T16:26:07-05:00,PUR_IED_ParaisoM_Exterior_8cd7f0,PUR_IED_ParaisoM_Exterior_8cd7f0,,,,,
2026-09-12T16:26:07-05:00,PUR_IED_ParaisoM_Laborato_27af35,PUR_IED_ParaisoM_Laborato_27af35,,,,,
2026-09-12T16:26:07-05:00,PUR_IED_ParaisoM_S304_d1edca,PUR_IED_ParaisoM_S304_d1edca,,,,,
2026-09-12T16:26:07-05:00,PUR_IED_PorfirioBarba_Ext_301466,PUR_IED_PorfirioBarba_Ext_301466,,,,,
2026-09-12T16:26:07-05:00,PUR_IED_PorfirioBarba_S11_df6cd2,PUR_IED_PorfirioBarba_S11_df6cd2,,,,,
2026-09-12T16:26:07-05:00,PUR_IED_PorfirioBarba_S29_27a7d6,PUR_IED_PorfirioBarba_S29_27a7d6,,,,,
2026-09-12T16:26:07-05:00,PUR_IED_PradoV_Exter_8b27ad,PUR_IED_PradoV_Exter_8b27ad,,,,,
2026-09-12T16:26:07-05:00,PUR_IED_PradoV_S301_de65b5,PUR_IED_PradoV_S301_de65b5,,,,,
2026-09-12T16:26:07-05:00,PUR_IED_PradoV_S302_7d2593,PUR_IED_PradoV_S302_7d2593,,,,,
2026-09-12T16:26:07-05:00,PUR_IED_QuirogaAlz_Ext_1ddc82,PUR_IED_QuirogaAlz_Ext_1ddc82,,,,,
2026-09-12T16:26:07-05:00,PUR_IED_QuirogaAlz_S302_9926a3,PUR_IED_QuirogaAlz_S302_9926a3,,,,,
2026-09-12T16:26:07-05:00,PUR_IED_QuirogaAlz_S305_cdf1f1,PUR_IED_QuirogaAlz_S305_cdf1f1,,,,,
2026-09-12T16:26:07-05:00,PUR_IED_RGuatemala_Biling_dc53b7,PUR_IED_RGuatemala_Biling_dc53b7,,,,,
2026-09-12T16:26:07-05:00,PUR_IED_RGuatemala_Ext_1b89a3,PUR_IED_RGuatemala_Ext_1b89a3,,,,,
2026-09-12T16:26:07-05:00,PUR_IED_RGuatemala_Tecnol_281a34,PUR_IED_RGuatemala_Tecnol_281a34,,,,,
2026-09-12T16:26:07-05:00,PUR_IED_RafaNu_Ext_f7c302,PUR_IED_RafaNu_Ext_f7c302,,,,,
2026-09-12T16:26:07-05:00,PUR_IED_RafaNu_S1101_25fde,PUR_IED_RafaNu_S1101_25fde,,,,,
2026-09-12T16:26:07-05:00,PUR_IED_RafaNu_S1102_281517,PUR_IED_RafaNu_S1102_281517,,,,,
2026-09-12T16:26:07-05:00,PUR_IED_RafaelB_S305_ee2783,PUR_IED_RafaelB_S305_ee2783,,,,,
2026-09-12T16:26:07-05:00,PUR_IED_RafaelB_S306_75fe33,PUR_IED_RafaelB_S306_75fe33,,,,,
2026-09-12T16:26:07-05:00,PUR_IED_RafaelB_ext_283336,PUR_IED_RafaelB_ext_283336,2,20,56,4.6722,-74.0737
2026-09-12T16:26:07-05:00,PUR_IED_RafaelUU_Exterior_281a51,PUR_IED_RafaelUU_Exterior_281a51,,,,,
2026-09-12T16:26:07-05:00,PUR_IED_RafaelUU_Human_806b2,PUR_IED_RafaelUU_Human_806b2,,,,,
2026-09-12T16:26:07-05:00,PUR_IED_RafaelUU_Mate2_5680d4,PUR_IED_RafaelUU_Mate2_5680d4,,,,,
2026-09-12T16:26:07-05:00,PUR_IED_RamonSub_Ext_f9eeb9,PUR_IED_RamonSub_Ext_f9eeb9,,,,,
2026-09-12T16:26:07-05:00,PUR_IED_RamonSub_Media_d1f62f,PUR_IED_RamonSub_Media_d1f62f,,,,,
2026-09-12T16:26:07-05:00,PUR_IED_RamonSub_planta_51b82,PUR_IED_RamonSub_planta_51b82,,,,,
2026-09-12T16:26:07-05:00,PUR_IED_RepBoliVene_Exter_27af7c,PUR_IED_RepBoliVene_Exter_27af7c,,,,,
2026-09-12T16:26:07-05:00,PUR_IED_RepBoliVene_SCPT_5ae2ee,PUR_IED_RepBoliVene_SCPT_5ae2ee,,,,,
2026-09-12T16:26:07-05:00,PUR_IED_RepBoliVene_Socia_4b11d5,PUR_IED_RepBoliVene_Socia_4b11d5,,,,,
2026-09-12T16:26:07-05:00,PUR_IED_RepChina_Ext_76d9ee,PUR_IED_RepChina_Ext_76d9ee,,,,,
2026-09-12T16:26:07-05:00,PUR_IED_RepChina_S404_7c804c,PUR_IED_RepChina_S404_7c804c,,,,,
2026-09-12T16:26:07-05:00,PUR_IED_RepChina_S405_df2c33,PUR_IED_RepChina_S405_df2c33,,,,,
2026-09-12T16:26:07-05:00,PUR_IED_RepublicaC_Exteri_7d1ec9,PUR_IED_RepublicaC_Exteri_7d1ec9,,,,,
2026-09-12T16:26:07-05:00,PUR_IED_RepublicaC_S1101_f544b3,PUR_IED_RepublicaC_S1101_f544b3,,,,,
2026-09-12T16:26:07-05:00,PUR_IED_RepublicaC_S1102_7aafc7,PUR_IED_RepublicaC_S1102_7aafc7,,,,,
2026-09-12T16:26:07-05:00,PUR_IED_Ricaurte_Externo_a0ea1,PUR_IED_Ricaurte_Externo_a0ea1,,,,,
2026-09-12T16:26:07-05:00,PUR_IED_Ricaurte_S210_f546fd,PUR_IED_Ricaurte_S210_f546fd,,,,,
2026-09-12T16:26:07-05:00,PUR_IED_Ricaurte_S309_d4452,PUR_IED_Ricaurte_S309_d4452,,,,,
2026-09-12T16:26:07-05:00,PUR_IED_RogelioS_1102_531e69,PUR_IED_RogelioS_1102_531e69,,,,,
2026-09-12T16:26:07-05:00,PUR_IED_RogelioS_Ext_f25a18,PUR_IED_RogelioS_Ext_f25a18,,,,,
2026-09-12T16:26:07-05:00,PUR_IED_SBernardino_Ext_27aff8,PUR_IED_SBernardino_Ext_27aff8,,,,,
2026-09-12T16:26:07-05:00,PUR_IED_SBernardino_SArte_2ffd33,PUR_IED_SBernardino_SArte_2ffd33,,,,,
2026-09-12T16:26:07-05:00,PUR_IED_SBernardino_SIngl_7c7da5,PUR_IED_SBernardino_SIngl_7c7da5,,,,,
2026-09-12T16:26:07-05:00,PUR_IED_Sago_auditorio_dc9d1d,PUR_IED_Sago_auditorio_dc9d1d,,,,,
2026-09-12T16:26:07-05:00,PUR_IED_Saludcoop_Ext_95aac3,PUR_IED_Saludcoop_Ext_95aac3,,,,,
2026-09-12T16:26:07-05:00,PUR_IED_Saludcoop_InfI_90c854,PUR_IED_Saludcoop_InfI_90c854,,,,,
2026-09-12T16:26:07-05:00,PUR_IED_Saludcoop_SMedia_1b93be,PUR_IED_Saludcoop_SMedia_1b93be,,,,,
2026-09-12T16:26:07-05:00,PUR_IED_SanCarlos_1101_1a2360,PUR_IED_SanCarlos_1101_1a2360,,,,,
2026-09-12T16:26:07-05:00,PUR_IED_SanCarlos_1103_7bafb5,PUR_IED_SanCarlos_1103_7bafb5,,,,,
2026-09-12T16:26:07-05:00,PUR_IED_SanCarlos_Ext_b7cd1,PUR_IED_SanCarlos_Ext_b7cd1,,,,,
2026-09-12T16:26:07-05:00,PUR_IED_SanIgnacioBosa11a_50c26e,PUR_IED_SanIgnacioBosa11a_50c26e,,,,,
2026-09-12T16:26:07-05:00,PUR_IED_SanIgnacioBosa11b_371de8,PUR_IED_SanIgnacioBosa11b_371de8,,,,,
2026-09-12T16:26:07-05:00,PUR_IED_SanIgnacioBosaExt_ef0ffc,PUR_IED_SanIgnacioBosaExt_ef0ffc,,,,,
2026-09-12T16:26:07-05:00,PUR_IED_SanIgnacioBosa_11a_50c26e,PUR_IED_SanIgnacioBosa_11a_50c26e,,,,,
2026-09-12T16:26:07-05:00,PUR_IED_SanIgnacioBosa_Ext_ef0ffc,PUR_IED_SanIgnacioBosa_Ext_ef0ffc,,,,,
2026-09-12T16:26:07-05:00,PUR_IED_SanJoseN_intS1101_31c47f,PUR_IED_SanJoseN_intS1101_31c47f,,,,,
2026-09-12T16:26:07-05:00,PUR_IED_SanJoseUsm_Exter_f5d7e8,PUR_IED_SanJoseUsm_Exter_f5d7e8,,,,,
2026-09-12T16:26:07-05:00,PUR_IED_SanJoseUsm_Int11A_cfdef6,PUR_IED_SanJoseUsm_Int11A_cfdef6,,,,,
2026-09-12T16:26:07-05:00,PUR_IED_SilveriaR_IntB5_905349,PUR_IED_SilveriaR_IntB5_905349,,,,,
2026-09-12T16:26:07-05:00,PUR_IED_SilveriaR_IntSD14_981f93,PUR_IED_SilveriaR_IntSD14_981f93,,,,,
2026-09-12T16:26:07-05:00,PUR_IED_SilveriaR_ext_2b651d,PUR_IED_SilveriaR_ext_2b651d,,,,,
2026-09-12T16:26:07-05:00,PUR_IED_SimonB_Exterior_913975,PUR_IED_SimonB_Exterior_913975,,,,,
2026-09-12T16:26:07-05:00,PUR_IED_SimonB_LabQuimi_c56908,PUR_IED_SimonB_LabQuimi_c56908,,,,,
2026-09-12T16:26:07-05:00,PUR_IED_SimonB_informatic_a28c1,PUR_IED_SimonB_informatic_a28c1,,,,,
2026-09-12T16:26:07-05:00,PUR_IED_Sorrento_1102_315f50,PUR_IED_Sorrento_1102_315f50,,,,,
2026-09-12T16:26:07-05:00,PUR_IED_Sorrento_Minte_214eab,PUR_IED_Sorrento_Minte_214eab,,,,,
2026-09-12T16:26:07-05:00,PUR_IED_Sorrento_ext_7c3a0a,PUR_IED_Sorrento_ext_7c3a0a,,,,,
2026-09-12T16:26:07-05:00,PUR_IED_Tabora_Ext_f048ae,PUR_IED_Tabora_Ext_f048ae,,,,,
2026-09-12T16:26:07-05:00,PUR_IED_Tabora_S1102_b07752,PUR_IED_Tabora_S1102_b07752,,,,,
2026-09-12T16:26:07-05:00,PUR_IED_Tabora_S1103_d988f5,PUR_IED_Tabora_S1103_d988f5,,,,,
2026-09-12T16:26:07-05:00,PUR_IED_Tenerife_Ext_1ab188,PUR_IED_Tenerife_Ext_1ab188,,,,,
2026-09-12T16:26:07-05:00,PUR_IED_Tenerife_SDanzas_7bc02e,PUR_IED_Tenerife_SDanzas_7bc02e,,,,,
2026-09-12T16:26:07-05:00,PUR_IED_Tenerife_SIngles_7cc277,PUR_IED_Tenerife_SIngles_7cc277,,,,,
2026-09-12T16:26:07-05:00,PUR_IED_Tibabuyes_Exter_f2683d,PUR_IED_Tibabuyes_Exter_f2683d,,,,,
2026-09-12T16:26:07-05:00,PUR_IED_Tibabuyes_S10_dc87a8,PUR_IED_Tibabuyes_S10_dc87a8,,,,,
2026-09-12T16:26:07-05:00,PUR_IED_Tibabuyes_S15_dc0526,PUR_IED_Tibabuyes_S15_dc0526,,,,,
2026-09-12T16:26:07-05:00,PUR_IED_UnionE_S301_a1043,PUR_IED_UnionE_S301_a1043,,,,,
2026-09-12T16:26:07-05:00,PUR_IED_UnionE_S307_ff6c2f,PUR_IED_UnionE_S307_ff6c2f,,,,,
2026-09-12T16:26:07-05:00,PUR_IED_UnionE__Ext_5e2468,PUR_IED_UnionE__Ext_5e2468,,,,,
2026-09-12T16:26:07-05:00,PUR_IED_VillaRica_Ext_75be7c,PUR_IED_VillaRica_Ext_75be7c,,,,,
2026-09-12T16:26:07-05:00,PUR_IED_VillaRica_S4_cc5dcd,PUR_IED_VillaRica_S4_cc5dcd,,,,,
2026-09-12T16:26:07-05:00,PUR_IED_VillaRica_Sesp_99f5c,PUR_IED_VillaRica_Sesp_99f5c,,,,,
2026-09-12T16:31:06-05:00,PUR_IED_20deJulio_1101_91b1b9,PUR_IED_20deJulio_1101_91b1b9,,,,,
2026-09-12T16:31:06-05:00,PUR_IED_20deJulio_1102_1cfcf9,PUR_IED_20deJulio_1102_1cfcf9,,,,,
2026-09-12T16:31:06-05:00,PUR_IED_20deJulio_Ext_ab60bd,PUR_IED_20deJulio_Ext_ab60bd,,,,,
2026-09-12T16:31:06-05:00,PUR_IED_AgustinFer_Ext_7b9b77,PUR_IED_AgustinFer_Ext_7b9b77,,,,,
2026-09-12T16:31:06-05:00,PUR_IED_AgustinFer_Info2_27b3a7,PUR_IED_AgustinFer_Info2_27b3a7,,,,,
2026-09-12T16:31:06-05:00,PUR_IED_AgustinFer_Sena_54b4eb,PUR_IED_AgustinFer_Sena_54b4eb,,,,,
2026-09-12T16:31:06-05:00,PUR_IED_AlexanderF_1102_caf07b,PUR_IED_AlexanderF_1102_caf07b,,,,,
2026-09-12T16:31:06-05:00,PUR_IED_AlexanderF_1103_c79e71,PUR_IED_AlexanderF_1103_c79e71,,,,,
2026-09-12T16:31:06-05:00,PUR_IED_AlexanderF_Ext_c5b18b,PUR_IED_AlexanderF_Ext_c5b18b,,,,,
2026-09-12T16:31:06-05:00,PUR_IED_AlfonsoLopez_Ext_281d77,PUR_IED_AlfonsoLopez_Ext_281d77,,,,,
2026-09-12T16:31:06-05:00,PUR_IED_AlfonsoLopez_LabF_888ce0,PUR_IED_AlfonsoLopez_LabF_888ce0,,,,,
2026-09-12T16:31:06-05:00,PUR_IED_AlfonsoLopez_SMed_df6a7f,PUR_IED_AlfonsoLopez_SMed_df6a7f,,,,,
2026-09-12T16:31:06-05:00,PUR_IED_AltamiraSO_A2_209f92,PUR_IED_AltamiraSO_A2_209f92,,,,,
2026-09-12T16:31:06-05:00,PUR_IED_AltamiraSO_Ext_186d66,PUR_IED_AltamiraSO_Ext_186d66,,,,,
2026-09-12T16:31:06-05:00,PUR_IED_AltamiraSO_Sistem_27afe1,PUR_IED_AltamiraSO_Sistem_27afe1,,,,,
2026-09-12T16:31:06-05:00,PUR_IED_AlvaroGom_LabQuim_813179,PUR_IED_AlvaroGom_LabQuim_813179,,,,,
2026-09-12T16:31:06-05:00,PUR_IED_AlvaroGomez_Ext_47c7ca,PUR_IED_AlvaroGomez_Ext_47c7ca,,,,,
2026-09-12T16:31:06-05:00,PUR_IED_AlvaroGomez_LabQuim_813179,PUR_IED_AlvaroGomez_LabQuim_813179,,,,,
2026-09-12T16:31:06-05:00,PUR_IED_AlvaroGomez_S23_7ba89f,PUR_IED_AlvaroGomez_S23_7ba89f,,,,,
2026-09-12T16:31:06-05:00,PUR_IED_Amistad_306_dc8728,PUR_IED_Amistad_306_dc8728,,,,,
2026-09-12T16:31:06-05:00,PUR_IED_Amistad_Ext_8cd55e,PUR_IED_Amistad_Ext_8cd55e,,,,,
2026-09-12T16:31:06-05:00,PUR_IED_Amistad_S202_a41169,PUR_IED_Amistad_S202_a41169,,,,,
2026-09-12T16:31:06-05:00,PUR_IED_AndresBello_Bio_fd5f5e,PUR_IED_AndresBello_Bio_fd5f5e,,,,,
2026-09-12T16:31:06-05:00,PUR_IED_AndresBello_ext_dcad65,PUR_IED_AndresBello_ext_dcad65,,,,,
2026-09-12T16:31:06-05:00,PUR_IED_AndresBello_port_eed3ec,PUR_IED_AndresBello_port_eed3ec,,,,,
2026-09-12T16:31:06-05:00,PUR_IED_AngelaR_11b_d90a6b,PUR_IED_AngelaR_11b_d90a6b,,,,,
2026-09-12T16:31:06-05:00,PUR_IED_AngelaR_ext_7cad3e,PUR_IED_AngelaR_ext_7cad3e,3,20,59,4.5825,-74.164497
2026-09-12T16:31:06-05:00,PUR_IED_AntJoseSucre_10mo_df2575,PUR_IED_AntJoseSucre_10mo_df2575,,,,,
2026-09-12T16:31:06-05:00,PUR_IED_AntJoseSucre_Ext_215b36,PUR_IED_AntJoseSucre_Ext_215b36,,,,,
2026-09-12T16:31:06-05:00,PUR_IED_AntJoseSucre_Lab_3139de,PUR_IED_AntJoseSucre_Lab_3139de,,,,,
2026-09-12T16:31:06-05:00,PUR_IED_AntonioGarcia_301_d6b188,PUR_IED_AntonioGarcia_301_d6b188,,,,,
2026-09-12T16:31:06-05:00,PUR_IED_AntonioGarcia_302_88a82,PUR_IED_AntonioGarcia_302_88a82,,,,,
2026-09-12T16:31:06-05:00,PUR_IED_AntonioGarcia_Ext_20950c,PUR_IED_AntonioGarcia_Ext_20950c,,,,,
2026-09-12T16:31:06-05:00,PUR_IED_AntonioVan_Aula2_6dea02,PUR_IED_AntonioVan_Aula2_6dea02,,,,,
2026-09-12T16:31:06-05:00,PUR_IED_AntonioVan_Aula5_f1557e,PUR_IED_AntonioVan_Aula5_f1557e,,,,,
2026-09-12T16:31:06-05:00,PUR_IED_AntonioVan_Ext_406f2f,PUR_IED_AntonioVan_Ext_406f2f,,,,,
2026-09-12T16:31:06-05:00,PUR_IED_Atabanzha_Ext_cc5af9,PUR_IED_Atabanzha_Ext_cc5af9,,,,,
2026-09-12T16:31:06-05:00,PUR_IED_Atabanzha_SA101_56c37,PUR_IED_Atabanzha_SA101_56c37,,,,,
2026-09-12T16:31:06-05:00,PUR_IED_Atabanzha_SB302_27b374,PUR_IED_Atabanzha_SB302_27b374,,,,,
2026-09-12T16:31:06-05:00,PUR_IED_Atahualpa_Ext_fc1748,PUR_IED_Atahualpa_Ext_fc1748,,,,,
2026-09-12T16:31:06-05:00,PUR_IED_Atahualpa_Informa_dc9a95,PUR_IED_Atahualpa_Informa_dc9a95,,,,,
2026-09-12T16:31:06-05:00,PUR_IED_Atahualpa_S1101_f98056,PUR_IED_Atahualpa_S1101_f98056,,,,,
2026-09-12T16:31:06-05:00,PUR_IED_Bellavista_Ext_f5aa74,PUR_IED_Bellavista_Ext_f5aa74,,,,,
2026-09-12T16:31:06-05:00,PUR_IED_Bilbao_11A_916c41,PUR_IED_Bilbao_11A_916c41,,,,,
2026-09-12T16:31:06-05:00,PUR_IED_Bilbao_Ext_fb579a,PUR_IED_Bilbao_Ext_fb579a,,,,,
2026-09-12T16:31:06-05:00,PUR_IED_BrasiliaU_A125_304280,PUR_IED_BrasiliaU_A125_304280,,,,,
2026-09-12T16:31:06-05:00,PUR_IED_BrasiliaU_A203_7c8ca5,PUR_IED_BrasiliaU_A203_7c8ca5,,,,,
2026-09-12T16:31:06-05:00,PUR_IED_BrasiliaU_Ext_8d6e9f,PUR_IED_BrasiliaU_Ext_8d6e9f,3,20,56,4.5175,-74.116302
2026-09-12T16:31:06-05:00,PUR_IED_Brasilia_Ext_fe6593,PUR_IED_Brasilia_Ext_fe6593,,,,,
2026-09-12T16:31:06-05:00,PUR_IED_Brasilia_S24_7c130d,PUR_IED_Brasilia_S24_7c130d,,,,,
2026-09-12T16:31:06-05:00,PUR_IED_Brasilia_S501_186a54,PUR_IED_Brasilia_S501_186a54,,,,,
2026-09-12T16:31:06-05:00,PUR_IED_CHARRY_EXT_f1d5cd,PUR_IED_CHARRY_EXT_f1d5cd,,,,,
2026-09-12T16:31:06-05:00,PUR_IED_CHARRY_INTDANZAS_7a08e6,PUR_IED_CHARRY_INTDANZAS_7a08e6,,,,,
2026-09-12T16:31:06-05:00,PUR_IED_CHARRY_INT_AULA20_dc998d,PUR_IED_CHARRY_INT_AULA20_dc998d,,,,,
2026-09-12T16:31:06-05:00,PUR_IED_COLVIV_1101_S25_7f520a,PUR_IED_COLVIV_1101_S25_7f520a,,,,,
2026-09-12T16:31:06-05:00,PUR_IED_COLVIV_1102_S16_f570ba,PUR_IED_COLVIV_1102_S16_f570ba,,,,,
2026-09-12T16:31:06-05:00,PUR_IED_COLVIV_Ext_1a26fa,PUR_IED_COLVIV_Ext_1a26fa,,,,,
2026-09-12T16:31:06-05:00,PUR_IED_CULPOP_301A_f660f3,PUR_IED_CULPOP_301A_f660f3,,,,,
2026-09-12T16:31:06-05:00,PUR_IED_CULPOP_303_568afe,PUR_IED_CULPOP_303_568afe,,,,,
2026-09-12T16:31:06-05:00,PUR_IED_CULPOP_Ext_e02ccb,PUR_IED_CULPOP_Ext_e02ccb,,,,,
2026-09-12T16:31:06-05:00,PUR_IED_CVillavicen_Ext_26eb58,PUR_IED_CVillavicen_Ext_26eb58,6,17,76,4.487,-74.102798
2026-09-12T16:31:06-05:00,PUR_IED_CVillavicen_Intel_1ce5c2,PUR_IED_CVillavicen_Intel_1ce5c2,,,,,
2026-09-12T16:31:06-05:00,PUR_IED_CVillavicen_Poliv_e0766c,PUR_IED_CVillavicen_Poliv_e0766c,,,,,
2026-09-12T16:31:06-05:00,PUR_IED_CVillavicen_int_1ba140,PUR_IED_CVillavicen_int_1ba140,,,,,
2026-09-12T16:31:06-05:00,PUR_IED_CVillavicen_intel_1ba140,PUR_IED_CVillavicen_intel_1ba140,,,,,
2026-09-12T16:31:06-05:00,PUR_IED_CarlosPizarro_Ext_e307cc,PUR_IED_CarlosPizarro_Ext_e307cc,,,,,
2026-09-12T16:31:06-05:00,PUR_IED_CarlosPizarro_L36_7e5cdb,PUR_IED_CarlosPizarro_L36_7e5cdb,,,,,
2026-09-12T16:31:06-05:00,PUR_IED_CarlosPizarro_L37_c8566c,PUR_IED_CarlosPizarro_L37_c8566c,,,,,
2026-09-12T16:31:06-05:00,PUR_IED_Castilla_Ext_cf35f,PUR_IED_Castilla_Ext_cf35f,,,,,
2026-09-12T16:31:06-05:00,PUR_IED_Castilla_SFisik_360e38,PUR_IED_Castilla_SFisik_360e38,,,,,
2026-09-12T16:31:06-05:00,PUR_IED_Castilla_Sc304_496fbf,PUR_IED_Castilla_Sc304_496fbf,,,,,
2026-09-12T16:31:06-05:00,PUR_IED_CervantesSa_Ext_6b57b,PUR_IED_CervantesSa_Ext_6b57b,3,19,65,4.5128,-74.117203
2026-09-12T16:31:06-05:00,PUR_IED_CervantesSa_S107_225c2b,PUR_IED_CervantesSa_S107_225c2b,,,,,
2026-09-12T16:31:06-05:00,PUR_IED_CervantesSa_S108_940925,PUR_IED_CervantesSa_S108_940925,,,,,
2026-09-12T16:31:06-05:00,PUR_IED_Charry_A20_f53e7c,PUR_IED_Charry_A20_f53e7c,,,,,
2026-09-12T16:31:06-05:00,PUR_IED_Charry_Ext_f1d5cd,PUR_IED_Charry_Ext_f1d5cd,,,,,
2026-09-12T16:31:06-05:00,PUR_IED_Charry_IntAula20_dc998d,PUR_IED_Charry_IntAula20_dc998d,,,,,
2026-09-12T16:31:06-05:00,PUR_IED_Charry_IntDanzas_7a08e6,PUR_IED_Charry_IntDanzas_7a08e6,,,,,
2026-09-12T16:31:06-05:00,PUR_IED_ClememciaC_203_43e2fc,PUR_IED_ClememciaC_203_43e2fc,,,,,
2026-09-12T16:31:06-05:00,PUR_IED_ClememciaC_Ext_1b411a,PUR_IED_ClememciaC_Ext_1b411a,,,,,
2026-09-12T16:31:06-05:00,PUR_IED_ClememciaC_Quimic_44b5fc,PUR_IED_ClememciaC_Quimic_44b5fc,,,,,
2026-09-12T16:31:06-05:00,PUR_IED_ClemenciaC_203_43e2fc,PUR_IED_ClemenciaC_203_43e2fc,,,,,
2026-09-12T16:31:06-05:00,PUR_IED_ClemenciaC_Ext_1b411a,PUR_IED_ClemenciaC_Ext_1b411a,,,,,
2026-09-12T16:31:06-05:00,PUR_IED_ClemenciaC_Quimic_44b5fc,PUR_IED_ClemenciaC_Quimic_44b5fc,,,,,
2026-09-12T16:31:06-05:00,PUR_IED_ColViva_1101_S25_7f520a,PUR_IED_ColViva_1101_S25_7f520a,,,,,
2026-09-12T16:31:06-05:00,PUR_IED_ColViva_1102_S16_f570ba,PUR_IED_ColViva_1102_S16_f570ba,,,,,
2026-09-12T16:31:06-05:00,PUR_IED_ColViva_Ext_1a26fa,PUR_IED_ColViva_Ext_1a26fa,,,,,
2026-09-12T16:31:06-05:00,PUR_IED_ColegioBici_Asist_7c8798,PUR_IED_ColegioBici_Asist_7c8798,,,,,
2026-09-12T16:31:06-05:00,PUR_IED_ColegioBici_Ext_25cbf6,PUR_IED_ColegioBici_Ext_25cbf6,,,,,
2026-09-12T16:31:06-05:00,PUR_IED_ColegioBici_LabQ_7b57db,PUR_IED_ColegioBici_LabQ_7b57db,,,,,
2026-09-12T16:31:06-05:00,PUR_IED_CostaRica_Ext_5e640,PUR_IED_CostaRica_Ext_5e640,,,,,
2026-09-12T16:31:06-05:00,PUR_IED_CostaRica_Quim1_766d1c,PUR_IED_CostaRica_Quim1_766d1c,,,,,
2026-09-12T16:31:06-05:00,PUR_IED_CostaRica__Fisica_6f0873,PUR_IED_CostaRica__Fisica_6f0873,,,,,
2026-09-12T16:31:06-05:00,PUR_IED_CulPopu_301A_f660f3,PUR_IED_CulPopu_301A_f660f3,,,,,
2026-09-12T16:31:06-05:00,PUR_IED_CulPopu_303_568afe,PUR_IED_CulPopu_303_568afe,,,,,
2026-09-12T16:31:06-05:00,PUR_IED_CulPopu_Ext_e02ccb,PUR_IED_CulPopu_Ext_e02ccb,,,,,
2026-09-12T16:31:06-05:00,PUR_IED_Cundinamarca_Ext_f15985,PUR_IED_Cundinamarca_Ext_f15985,,,,,
2026-09-12T16:31:06-05:00,PUR_IED_Cundinamarca_Info_7aa5d7,PUR_IED_Cundinamarca_Info_7aa5d7,,,,,
2026-09-12T16:31:06-05:00,PUR_IED_Cundinamarca_Tec2_f449c7,PUR_IED_Cundinamarca_Tec2_f449c7,,,,,
2026-09-12T16:31:06-05:00,PUR_IED_DiegoM_Aula1_27b314,PUR_IED_DiegoM_Aula1_27b314,,,,,
2026-09-12T16:31:06-05:00,PUR_IED_DiegoM_Ext_d80ac8,PUR_IED_DiegoM_Ext_d80ac8,,,,,
2026-09-12T16:31:06-05:00,PUR_IED_DiegoM_S25_da928f,PUR_IED_DiegoM_S25_da928f,,,,,
2026-09-12T16:31:06-05:00,PUR_IED_ELRODEO_360881,PUR_IED_ELRODEO_360881,,,,,
2026-09-12T16:31:06-05:00,PUR_IED_ELRODEO_ext_360881,PUR_IED_ELRODEO_ext_360881,,,,,
2026-09-12T16:31:06-05:00,PUR_IED_EduardoU_Ext_1c1969,PUR_IED_EduardoU_Ext_1c1969,,,,,
2026-09-12T16:31:06-05:00,PUR_IED_EduardoU_SCiencia_4dfb94,PUR_IED_EduardoU_SCiencia_4dfb94,,,,,
2026-09-12T16:31:06-05:00,PUR_IED_EduardoU_SQuimica_5a46e7,PUR_IED_EduardoU_SQuimica_5a46e7,,,,,
2026-09-12T16:31:06-05:00,PUR_IED_ElRodeo_Aula14_676984,PUR_IED_ElRodeo_Aula14_676984,,,,,
2026-09-12T16:31:06-05:00,PUR_IED_ElRodeo_Aula16_2dd35b,PUR_IED_ElRodeo_Aula16_2dd35b,,,,,
2026-09-12T16:31:06-05:00,PUR_IED_ElRodeo_Ext_360881,PUR_IED_ElRodeo_Ext_360881,,,,,
2026-09-12T16:31:06-05:00,PUR_IED_ElRodeo_Exterior_8c6d28,PUR_IED_ElRodeo_Exterior_8c6d28,,,,,
2026-09-12T16:31:06-05:00,PUR_IED_ElRodeo_ext_360881,PUR_IED_ElRodeo_ext_360881,,,,,
2026-09-12T16:31:06-05:00,PUR_IED_EmmaReyes_Ext_987625,PUR_IED_EmmaReyes_Ext_987625,3,22,49,4.6367,-74.1511
2026-09-12T16:31:06-05:00,PUR_IED_Ensueño_Ext_7f0250,PUR_IED_Ensueño_Ext_7f0250,,,,,
2026-09-12T16:31:06-05:00,PUR_IED_EscNormal_Ext_5fef3b,PUR_IED_EscNormal_Ext_5fef3b,2,21,55,4.5852,-74.096901
2026-09-12T16:31:06-05:00,PUR_IED_EscNormal_S309_5b263,PUR_IED_EscNormal_S309_5b263,,,,,
2026-09-12T16:31:06-05:00,PUR_IED_EscNormal_S310_27b3b8,PUR_IED_EscNormal_S310_27b3b8,,,,,
2026-09-12T16:31:06-05:00,PUR_IED_Evangelista_Conta_f6cd4f,PUR_IED_Evangelista_Conta_f6cd4f,,,,,
2026-09-12T16:31:06-05:00,PUR_IED_Evangelista_Cri_5e16a,PUR_IED_Evangelista_Cri_5e16a,,,,,
2026-09-12T16:31:06-05:00,PUR_IED_Evangelista_Exter_754066,PUR_IED_Evangelista_Exter_754066,,,,,
2026-09-12T16:31:06-05:00,PUR_IED_FMiranda_S209_5cc2a3,PUR_IED_FMiranda_S209_5cc2a3,,,,,
2026-09-12T16:31:06-05:00,PUR_IED_FMiranda_S303_19e344,PUR_IED_FMiranda_S303_19e344,,,,,
2026-09-12T16:31:06-05:00,PUR_IED_FMiranda_ext_f53e7c,PUR_IED_FMiranda_ext_f53e7c,,,,,
2026-09-12T16:31:06-05:00,PUR_IED_FabioLozano_Bibli_1cee05,PUR_IED_FabioLozano_Bibli_1cee05,,,,,
2026-09-12T16:31:06-05:00,PUR_IED_FabioLozano_Ext_6ea285,PUR_IED_FabioLozano_Ext_6ea285,,,,,
2026-09-12T16:31:06-05:00,PUR_IED_FabioLozano_SLudi_f09e1e,PUR_IED_FabioLozano_SLudi_f09e1e,,,,,
2026-09-12T16:31:06-05:00,PUR_IED_FaustinoS_Aula07_27a731,PUR_IED_FaustinoS_Aula07_27a731,,,,,
2026-09-12T16:31:06-05:00,PUR_IED_FaustinoS_Ext_7b936f,PUR_IED_FaustinoS_Ext_7b936f,,,,,
2026-09-12T16:31:06-05:00,PUR_IED_FaustinoS_Fisica_da2c60,PUR_IED_FaustinoS_Fisica_da2c60,,,,,
2026-09-12T16:31:06-05:00,PUR_IED_FeGarciaLo_Ext_dc68ee,PUR_IED_FeGarciaLo_Ext_dc68ee,,,,,
2026-09-12T16:31:06-05:00,PUR_IED_FeGarciaLo_SDanza_f70a59,PUR_IED_FeGarciaLo_SDanza_f70a59,,,,,
2026-09-12T16:31:06-05:00,PUR_IED_FeGarciaLo_SMusic_125cdd,PUR_IED_FeGarciaLo_SMusic_125cdd,,,,,
2026-09-12T16:31:06-05:00,PUR_IED_FederalAlema_Exte_50c345,PUR_IED_FederalAlema_Exte_50c345,,,,,
2026-09-12T16:31:06-05:00,PUR_IED_FederalAlema_S31_f18371,PUR_IED_FederalAlema_S31_f18371,,,,,
2026-09-12T16:31:06-05:00,PUR_IED_FederalAlema_S901_a62cd,PUR_IED_FederalAlema_S901_a62cd,,,,,
2026-09-12T16:31:06-05:00,PUR_IED_FilarmonicaS_A5_f35eb1,PUR_IED_FilarmonicaS_A5_f35eb1,,,,,
2026-09-12T16:31:06-05:00,PUR_IED_FilarmonicaS_Ext_8a3bde,PUR_IED_FilarmonicaS_Ext_8a3bde,,,,,
2026-09-12T16:31:06-05:00,PUR_IED_FilarmonicaS_Spol_406114,PUR_IED_FilarmonicaS_Spol_406114,,,,,
2026-09-12T16:31:06-05:00,PUR_IED_FlorentinoG_A13_d1fa59,PUR_IED_FlorentinoG_A13_d1fa59,,,,,
2026-09-12T16:31:06-05:00,PUR_IED_FlorentinoG_Ext_1ce6ce,PUR_IED_FlorentinoG_Ext_1ce6ce,,,,,
2026-09-12T16:31:06-05:00,PUR_IED_FlorentinoG_Idiom_a66aac,PUR_IED_FlorentinoG_Idiom_a66aac,,,,,
2026-09-12T16:31:06-05:00,PUR_IED_FranciscoMati_Ext_e3869d,PUR_IED_FranciscoMati_Ext_e3869d,,,,,
2026-09-12T16:31:06-05:00,PUR_IED_FranciscoMati_S13_f31c67,PUR_IED_FranciscoMati_S13_f31c67,,,,,
2026-09-12T16:31:06-05:00,PUR_IED_FranciscoMati_S14_97dead,PUR_IED_FranciscoMati_S14_97dead,,,,,
2026-09-12T16:31:06-05:00,PUR_IED_FranciscoPS_Ext_7bfa9a,PUR_IED_FranciscoPS_Ext_7bfa9a,2,22,56,4.5899,-74.110397
2026-09-12T16:31:06-05:00,PUR_IED_FranciscoPS_Infor_fb8f4c,PUR_IED_FranciscoPS_Infor_fb8f4c,,,,,
2026-09-12T16:31:06-05:00,PUR_IED_FranciscoPS_Quimi_94d39c,PUR_IED_FranciscoPS_Quimi_94d39c,,,,,
2026-09-12T16:31:06-05:00,PUR_IED_FranciscoP_LabQ_d7e148,PUR_IED_FranciscoP_LabQ_d7e148,,,,,
2026-09-12T16:31:06-05:00,PUR_IED_FranciscoP_S28_cf9b30,PUR_IED_FranciscoP_S28_cf9b30,,,,,
2026-09-12T16:31:06-05:00,PUR_IED_FranciscoP_ext_e2313,PUR_IED_FranciscoP_ext_e2313,,,,,
2026-09-12T16:31:06-05:00,PUR_IED_FriederichN_Ext_8ac92a,PUR_IED_FriederichN_Ext_8ac92a,,,,,
2026-09-12T16:31:06-05:00,PUR_IED_FriederichN_S301_dd7e5a,PUR_IED_FriederichN_S301_dd7e5a,,,,,
2026-09-12T16:31:06-05:00,PUR_IED_FriederichN_S308_761f4f,PUR_IED_FriederichN_S308_761f4f,,,,,
2026-09-12T16:31:06-05:00,PUR_IED_GSantander_Aula10_533dd7,PUR_IED_GSantander_Aula10_533dd7,,,,,
2026-09-12T16:31:06-05:00,PUR_IED_GSantander_Aula12_fd4e4f,PUR_IED_GSantander_Aula12_fd4e4f,,,,,
2026-09-12T16:31:06-05:00,PUR_IED_GSantander_Aula310_533dd7,PUR_IED_GSantander_Aula310_533dd7,,,,,
2026-09-12T16:31:06-05:00,PUR_IED_GSantander_Aula312_fd4e4f,PUR_IED_GSantander_Aula312_fd4e4f,,,,,
2026-09-12T16:31:06-05:00,PUR_IED_GSantander_Ext_5f66b0,PUR_IED_GSantander_Ext_5f66b0,,,,,
2026-09-12T16:31:06-05:00,PUR_IED_GYomasa_Ext_f6bea5,PUR_IED_GYomasa_Ext_f6bea5,,,,,
2026-09-12T16:31:06-05:00,PUR_IED_GYomasa_LBiol_2c41aa,PUR_IED_GYomasa_LBiol_2c41aa,,,,,
2026-09-12T16:31:06-05:00,PUR_IED_GYomasa_LQuim_33c80,PUR_IED_GYomasa_LQuim_33c80,,,,,
2026-09-12T16:31:06-05:00,PUR_IED_GabBetMejia_Cienc_5a99c,PUR_IED_GabBetMejia_Cienc_5a99c,,,,,
2026-09-12T16:31:06-05:00,PUR_IED_GabBetMejia_Ext_9153d0,PUR_IED_GabBetMejia_Ext_9153d0,,,,,
2026-09-12T16:31:06-05:00,PUR_IED_GabBetMejia_Lab_f55347,PUR_IED_GabBetMejia_Lab_f55347,,,,,
2026-09-12T16:31:06-05:00,PUR_IED_GabBetanMejia_Ext_9153d0,PUR_IED_GabBetanMejia_Ext_9153d0,,,,,
2026-09-12T16:31:06-05:00,PUR_IED_Gaitana_Aula13_7aac11,PUR_IED_Gaitana_Aula13_7aac11,,,,,
2026-09-12T16:31:06-05:00,PUR_IED_Gaitana_Ext_5fcf4,PUR_IED_Gaitana_Ext_5fcf4,,,,,
2026-09-12T16:31:06-05:00,PUR_IED_Gaitana_LabFisica_644448,PUR_IED_Gaitana_LabFisica_644448,,,,,
2026-09-12T16:31:06-05:00,PUR_IED_GenSantander_Dise_8ac858,PUR_IED_GenSantander_Dise_8ac858,,,,,
2026-09-12T16:31:06-05:00,PUR_IED_GenSantander_Ext_8d5dfe,PUR_IED_GenSantander_Ext_8d5dfe,,,,,
2026-09-12T16:31:06-05:00,PUR_IED_GenSantander_Info_6c25b,PUR_IED_GenSantander_Info_6c25b,,,,,
2026-09-12T16:31:06-05:00,PUR_IED_GustavoMo_Exterio_75e63d,PUR_IED_GustavoMo_Exterio_75e63d,,,,,
2026-09-12T16:31:06-05:00,PUR_IED_GustavoMo_LabFisi_224d37,PUR_IED_GustavoMo_LabFisi_224d37,,,,,
2026-09-12T16:31:06-05:00,PUR_IED_GustavoMo_S208_3e6918,PUR_IED_GustavoMo_S208_3e6918,,,,,
2026-09-12T16:31:06-05:00,PUR_IED_GustavoR_A02_8cd4a8,PUR_IED_GustavoR_A02_8cd4a8,,,,,
2026-09-12T16:31:06-05:00,PUR_IED_GustavoR_B11_5b0ed,PUR_IED_GustavoR_B11_5b0ed,,,,,
2026-09-12T16:31:06-05:00,PUR_IED_GustavoR_Ext_7a0c90,PUR_IED_GustavoR_Ext_7a0c90,,,,,
2026-09-12T16:31:06-05:00,PUR_IED_HernandoDuran_Ext_8cd82b,PUR_IED_HernandoDuran_Ext_8cd82b,,,,,
2026-09-12T16:31:06-05:00,PUR_IED_HernandoDuran_S24_2772c6,PUR_IED_HernandoDuran_S24_2772c6,,,,,
2026-09-12T16:31:06-05:00,PUR_IED_HernandoDuran_S30_f2de41,PUR_IED_HernandoDuran_S30_f2de41,,,,,
2026-09-12T16:31:06-05:00,PUR_IED_HolguInUr_S1101_8cd732,PUR_IED_HolguInUr_S1101_8cd732,,,,,
2026-09-12T16:31:06-05:00,PUR_IED_HolguinUr_Exter_ddae6d,PUR_IED_HolguinUr_Exter_ddae6d,,,,,
2026-09-12T16:31:06-05:00,PUR_IED_HolguinUr_LabQuim_92b952,PUR_IED_HolguinUr_LabQuim_92b952,,,,,
2026-09-12T16:31:06-05:00,PUR_IED_Isabel-II_Ext_5245cc,PUR_IED_Isabel-II_Ext_5245cc,2,20,55,4.6336,-74.153
2026-09-12T16:31:06-05:00,PUR_IED_Isabel-II_S_idiom_1c29aa,PUR_IED_Isabel-II_S_idiom_1c29aa,,,,,
2026-09-12T16:31:06-05:00,PUR_IED_Isabel-II_S_infor_fd741,PUR_IED_Isabel-II_S_infor_fd741,,,,,
2026-09-12T16:31:06-05:00,PUR_IED_IsidroSur_Exterio_5b90ea,PUR_IED_IsidroSur_Exterio_5b90ea,,,,,
2026-09-12T16:31:06-05:00,PUR_IED_IsidroSur_LabTec_56697a,PUR_IED_IsidroSur_LabTec_56697a,,,,,
2026-09-12T16:31:06-05:00,PUR_IED_IsidroSur_Robotic_b7c38f,PUR_IED_IsidroSur_Robotic_b7c38f,,,,,
2026-09-12T16:31:06-05:00,PUR_IED_IsmaelPerd_Ext_7b6672,PUR_IED_IsmaelPerd_Ext_7b6672,,,,,
2026-09-12T16:31:06-05:00,PUR_IED_IsmaelPerd_Inform_306540,PUR_IED_IsmaelPerd_Inform_306540,,,,,
2026-09-12T16:31:06-05:00,PUR_IED_IsmaelPerd_S30_2e2c83,PUR_IED_IsmaelPerd_S30_2e2c83,,,,,
2026-09-12T16:31:06-05:00,PUR_IED_JLozano_Exter_432910,PUR_IED_JLozano_Exter_432910,,,,,
2026-09-12T16:31:06-05:00,PUR_IED_JLozano_salaMulti_df5125,PUR_IED_JLozano_salaMulti_df5125,,,,,
2026-09-12T16:31:06-05:00,PUR_IED_JMCordoba_206_86f80b,PUR_IED_JMCordoba_206_86f80b,,,,,
2026-09-12T16:31:06-05:00,PUR_IED_JMCordoba_Ext_27ad97,PUR_IED_JMCordoba_Ext_27ad97,,,,,
2026-09-12T16:31:06-05:00,PUR_IED_JMCordoba_S310_d59ab4,PUR_IED_JMCordoba_S310_d59ab4,,,,,
2026-09-12T16:31:06-05:00,PUR_IED_Japon_Ext_549100,PUR_IED_Japon_Ext_549100,,,,,
2026-09-12T16:31:06-05:00,PUR_IED_Japon_Laboratorio_bec51d,PUR_IED_Japon_Laboratorio_bec51d,,,,,
2026-09-12T16:31:06-05:00,PUR_IED_Japon_informatica_d99327,PUR_IED_Japon_informatica_d99327,,,,,
2026-09-12T16:31:06-05:00,PUR_IED_Jazmin_Ext_d27bda,PUR_IED_Jazmin_Ext_d27bda,,,,,
2026-09-12T16:31:06-05:00,PUR_IED_Jazmin_Fisica_8d14d7,PUR_IED_Jazmin_Fisica_8d14d7,,,,,
2026-09-12T16:31:06-05:00,PUR_IED_Jazmin_Quimica_801cb5,PUR_IED_Jazmin_Quimica_801cb5,,,,,
2026-09-12T16:31:06-05:00,PUR_IED_JorgeGaitan_Exter_f098d1,PUR_IED_JorgeGaitan_Exter_f098d1,,,,,
2026-09-12T16:31:06-05:00,PUR_IED_JorgeGaitan_STec1_dc9d1d,PUR_IED_JorgeGaitan_STec1_dc9d1d,,,,,
2026-09-12T16:31:06-05:00,PUR_IED_JorgeGaitan_STec2_281e69,PUR_IED_JorgeGaitan_STec2_281e69,,,,,
2026-09-12T16:31:06-05:00,PUR_IED_JorgeSoto_Exterio_d9d0a2,PUR_IED_JorgeSoto_Exterio_d9d0a2,,,,,
2026-09-12T16:31:06-05:00,PUR_IED_JorgeSoto_LabFisi_209c54,PUR_IED_JorgeSoto_LabFisi_209c54,,,,,
2026-09-12T16:31:06-05:00,PUR_IED_JorgeSoto_S103_27b51a,PUR_IED_JorgeSoto_S103_27b51a,,,,,
2026-09-12T16:31:06-05:00,PUR_IED_JoseAcevedo_A02_e965eb,PUR_IED_JoseAcevedo_A02_e965eb,,,,,
2026-09-12T16:31:06-05:00,PUR_IED_JoseAcevedo_A07_dd5b4,PUR_IED_JoseAcevedo_A07_dd5b4,,,,,
2026-09-12T16:31:06-05:00,PUR_IED_JoseAcevedo_Ext_b47484,PUR_IED_JoseAcevedo_Ext_b47484,,,,,
2026-09-12T16:31:06-05:00,PUR_IED_JoseMarti_Exte_5b9bf,PUR_IED_JoseMarti_Exte_5b9bf,,,,,
2026-09-12T16:31:06-05:00,PUR_IED_JoseMarti_LabQuim_1c6c2d,PUR_IED_JoseMarti_LabQuim_1c6c2d,,,,,
2026-09-12T16:31:06-05:00,PUR_IED_JoseMarti_S_info_f5f177,PUR_IED_JoseMarti_S_info_f5f177,,,,,
2026-09-12T16:31:06-05:00,PUR_IED_Josejoaquin_Ext_dfc5dc,PUR_IED_Josejoaquin_Ext_dfc5dc,,,,,
2026-09-12T16:31:06-05:00,PUR_IED_Josejoaquin_S05_5b2a96,PUR_IED_Josejoaquin_S05_5b2a96,,,,,
2026-09-12T16:31:06-05:00,PUR_IED_Josejoaquin_S06_1ce7d2,PUR_IED_Josejoaquin_S06_1ce7d2,,,,,
2026-09-12T16:31:06-05:00,PUR_IED_JulioFlorez_Danza_9b82dd,PUR_IED_JulioFlorez_Danza_9b82dd,,,,,
2026-09-12T16:31:06-05:00,PUR_IED_JulioFlorez_Exter_f9f314,PUR_IED_JulioFlorez_Exter_f9f314,,,,,
2026-09-12T16:31:06-05:00,PUR_IED_JulioFlorez_info2_6b6e08,PUR_IED_JulioFlorez_info2_6b6e08,,,,,
2026-09-12T16:31:06-05:00,PUR_IED_LaBelleza_Aula13_1d00d8,PUR_IED_LaBelleza_Aula13_1d00d8,,,,,
2026-09-12T16:31:06-05:00,PUR_IED_LaBelleza_Ext_7bc08c,PUR_IED_LaBelleza_Ext_7bc08c,,,,,
2026-09-12T16:31:06-05:00,PUR_IED_LaChucua_Ext_8cd6d2,PUR_IED_LaChucua_Ext_8cd6d2,,,,,
2026-09-12T16:31:06-05:00,PUR_IED_LaChucua_S15_f578ce,PUR_IED_LaChucua_S15_f578ce,,,,,
2026-09-12T16:31:06-05:00,PUR_IED_LaChucua_S16_eebcf9,PUR_IED_LaChucua_S16_eebcf9,,,,,
2026-09-12T16:31:06-05:00,PUR_IED_LaFelicidad_Ext_fb5109,PUR_IED_LaFelicidad_Ext_fb5109,,,,,
2026-09-12T16:31:06-05:00,PUR_IED_LaMerced_206_66ebd,PUR_IED_LaMerced_206_66ebd,,,,,
2026-09-12T16:31:06-05:00,PUR_IED_LaMerced_207_6ebd6,PUR_IED_LaMerced_207_6ebd6,,,,,
2026-09-12T16:31:06-05:00,PUR_IED_LaMerced_ext_304311,PUR_IED_LaMerced_ext_304311,,,,,
2026-09-12T16:31:06-05:00,PUR_IED_Laureano_CiencNat_281e5e,PUR_IED_Laureano_CiencNat_281e5e,,,,,
2026-09-12T16:31:06-05:00,PUR_IED_Laureano_Comedor_f65c0a,PUR_IED_Laureano_Comedor_f65c0a,,,,,
2026-09-12T16:31:06-05:00,PUR_IED_Laureano_Exterior_7ab011,PUR_IED_Laureano_Exterior_7ab011,,,,,
2026-09-12T16:31:06-05:00,PUR_IED_LeonGreiff_Exte_dfe560,PUR_IED_LeonGreiff_Exte_dfe560,,,,,
2026-09-12T16:31:06-05:00,PUR_IED_LeonGreiff_S210_f264ed,PUR_IED_LeonGreiff_S210_f264ed,,,,,
2026-09-12T16:31:06-05:00,PUR_IED_LeonGreiff_SQuimi_e8296f,PUR_IED_LeonGreiff_SQuimi_e8296f,,,,,
2026-09-12T16:31:06-05:00,PUR_IED_LlanoOrientalS208_7b9fcd,PUR_IED_LlanoOrientalS208_7b9fcd,,,,,
2026-09-12T16:31:06-05:00,PUR_IED_LlanoOriental_Ext_fb3766,PUR_IED_LlanoOriental_Ext_fb3766,,,,,
2026-09-12T16:31:06-05:00,PUR_IED_LlanoOriental_S208_7b9fcd,PUR_IED_LlanoOriental_S208_7b9fcd,,,,,
2026-09-12T16:31:06-05:00,PUR_IED_LlanoOriental_S9_27b378,PUR_IED_LlanoOriental_S9_27b378,,,,,
2026-09-12T16:31:06-05:00,PUR_IED_LosTejares_1101_477602,PUR_IED_LosTejares_1101_477602,,,,,
2026-09-12T16:31:06-05:00,PUR_IED_LosTejares_11_d2c595,PUR_IED_LosTejares_11_d2c595,,,,,
2026-09-12T16:31:06-05:00,PUR_IED_LosTejares_12_477602,PUR_IED_LosTejares_12_477602,,,,,
2026-09-12T16:31:06-05:00,PUR_IED_LosTejares_Ext_8e2115,PUR_IED_LosTejares_Ext_8e2115,,,,,
2026-09-12T16:31:06-05:00,PUR_IED_MagdalenaO_B202_5ddda3,PUR_IED_MagdalenaO_B202_5ddda3,,,,,
2026-09-12T16:31:06-05:00,PUR_IED_MagdalenaO_B205_fb76e8,PUR_IED_MagdalenaO_B205_fb76e8,,,,,
2026-09-12T16:31:06-05:00,PUR_IED_MagdalenaO_ext_dc69cd,PUR_IED_MagdalenaO_ext_dc69cd,,,,,
2026-09-12T16:31:06-05:00,PUR_IED_ManueCepeda_artes_eee956,PUR_IED_ManueCepeda_artes_eee956,,,,,
2026-09-12T16:31:06-05:00,PUR_IED_ManuelCepeda_Ext_58313,PUR_IED_ManuelCepeda_Ext_58313,,,,,
2026-09-12T16:31:06-05:00,PUR_IED_ManuelCepeda_tec_1c5731,PUR_IED_ManuelCepeda_tec_1c5731,,,,,
2026-09-12T16:31:06-05:00,PUR_IED_ManuelS_Exterior_5b269,PUR_IED_ManuelS_Exterior_5b269,,,,,
2026-09-12T16:31:06-05:00,PUR_IED_ManuelS_Inform_f369ce,PUR_IED_ManuelS_Inform_f369ce,,,,,
2026-09-12T16:31:06-05:00,PUR_IED_ManuelS_SArtes_7d15f1,PUR_IED_ManuelS_SArtes_7d15f1,,,,,
2026-09-12T16:31:06-05:00,PUR_IED_ManuelZapata_303_3ca6,PUR_IED_ManuelZapata_303_3ca6,,,,,
2026-09-12T16:31:06-05:00,PUR_IED_ManuelZapata_311_bfbabc,PUR_IED_ManuelZapata_311_bfbabc,,,,,
2026-09-12T16:31:06-05:00,PUR_IED_ManuelZapata_Ext_50824a,PUR_IED_ManuelZapata_Ext_50824a,,,,,
2026-09-12T16:31:06-05:00,PUR_IED_ManuelitaS_Exteri_656a92,PUR_IED_ManuelitaS_Exteri_656a92,,,,,
2026-09-12T16:31:06-05:00,PUR_IED_ManuelitaS_JuzgDe_f58ec3,PUR_IED_ManuelitaS_JuzgDe_f58ec3,,,,,
2026-09-12T16:31:06-05:00,PUR_IED_ManuelitaS_Recrea_d793db,PUR_IED_ManuelitaS_Recrea_d793db,,,,,
2026-09-12T16:31:06-05:00,PUR_IED_MarFidSuarez_Ext_c27b19,PUR_IED_MarFidSuarez_Ext_c27b19,,,,,
2026-09-12T16:31:06-05:00,PUR_IED_MarFidSuarez_Info_e384d7,PUR_IED_MarFidSuarez_Info_e384d7,,,,,
2026-09-12T16:31:06-05:00,PUR_IED_MarFidSuarez_S306_1d0032,PUR_IED_MarFidSuarez_S306_1d0032,,,,,
2026-09-12T16:31:06-05:00,PUR_IED_Menorah_301_2a25a3,PUR_IED_Menorah_301_2a25a3,,,,,
2026-09-12T16:31:06-05:00,PUR_IED_Menorah_306_37ed3,PUR_IED_Menorah_306_37ed3,,,,,
2026-09-12T16:31:06-05:00,PUR_IED_Menorah_Ext_3e155b,PUR_IED_Menorah_Ext_3e155b,,,,,
2026-09-12T16:31:06-05:00,PUR_IED_MinutoB.Aires_A11_1b1604,PUR_IED_MinutoB.Aires_A11_1b1604,,,,,
2026-09-12T16:31:06-05:00,PUR_IED_MinutoB.Aires_A12_fb5860,PUR_IED_MinutoB.Aires_A12_fb5860,,,,,
2026-09-12T16:31:06-05:00,PUR_IED_MinutoB.Aires_Ext_81293f,PUR_IED_MinutoB.Aires_Ext_81293f,,,,,
2026-09-12T16:31:06-05:00,PUR_IED_MinutoBAires_A11_1b1604,PUR_IED_MinutoBAires_A11_1b1604,,,,,
2026-09-12T16:31:06-05:00,PUR_IED_MinutoBAires_A12_fb5860,PUR_IED_MinutoBAires_A12_fb5860,,,,,
2026-09-12T16:31:06-05:00,PUR_IED_MinutoBAires_Ext_81293f,PUR_IED_MinutoBAires_Ext_81293f,,,,,
2026-09-12T16:31:06-05:00,PUR_IED_Montreal_Aula10_1e4959,PUR_IED_Montreal_Aula10_1e4959,,,,,
2026-09-12T16:31:06-05:00,PUR_IED_Montreal_Aula6_300367,PUR_IED_Montreal_Aula6_300367,,,,,
2026-09-12T16:31:06-05:00,PUR_IED_Montreal_Exterior_91a179,PUR_IED_Montreal_Exterior_91a179,,,,,
2026-09-12T16:31:06-05:00,PUR_IED_Mqgdalena_B202_5ddda3,PUR_IED_Mqgdalena_B202_5ddda3,,,,,
2026-09-12T16:31:06-05:00,PUR_IED_NACUND_Soc_dc8728,PUR_IED_NACUND_Soc_dc8728,,,,,
2026-09-12T16:31:06-05:00,PUR_IED_NACUND_ext_27ad97,PUR_IED_NACUND_ext_27ad97,,,,,
2026-09-12T16:31:06-05:00,PUR_IED_NEsperanza_Ext_d24b61,PUR_IED_NEsperanza_Ext_d24b61,,,,,
2026-09-12T16:31:06-05:00,PUR_IED_NEsperanza_SElect_7d1807,PUR_IED_NEsperanza_SElect_7d1807,,,,,
2026-09-12T16:31:06-05:00,PUR_IED_NEsperanza_SLabor_8b2d0a,PUR_IED_NEsperanza_SLabor_8b2d0a,,,,,
2026-09-12T16:31:06-05:00,PUR_IED_NacionesU_Ext_f661a9,PUR_IED_NacionesU_Ext_f661a9,,,,,
2026-09-12T16:31:06-05:00,PUR_IED_NacionesU_Quimica_66f0a,PUR_IED_NacionesU_Quimica_66f0a,,,,,
2026-09-12T16:31:06-05:00,PUR_IED_NacionesU_S306_1b4b3d,PUR_IED_NacionesU_S306_1b4b3d,,,,,
2026-09-12T16:31:06-05:00,PUR_IED_NestorFA_Ext_e4201c,PUR_IED_NestorFA_Ext_e4201c,,,,,
2026-09-12T16:31:06-05:00,PUR_IED_NestorFA_Laborato_f22fe0,PUR_IED_NestorFA_Laborato_f22fe0,,,,,
2026-09-12T16:31:06-05:00,PUR_IED_NestorFA_S204_dee996,PUR_IED_NestorFA_S204_dee996,,,,,
2026-09-12T16:31:06-05:00,PUR_IED_NidyaQT_Aula03_76999b,PUR_IED_NidyaQT_Aula03_76999b,,,,,
2026-09-12T16:31:06-05:00,PUR_IED_NidyaQT_Aula10_56325,PUR_IED_NidyaQT_Aula10_56325,,,,,
2026-09-12T16:31:06-05:00,PUR_IED_NidyaQT_Ext_46e32d,PUR_IED_NidyaQT_Ext_46e32d,,,,,
2026-09-12T16:31:06-05:00,PUR_IED_NuevaCol_Exterior_d9b859,PUR_IED_NuevaCol_Exterior_d9b859,,,,,
2026-09-12T16:31:06-05:00,PUR_IED_NuevaCol_S1101_76c43b,PUR_IED_NuevaCol_S1101_76c43b,,,,,
2026-09-12T16:31:06-05:00,PUR_IED_NuevaCol_S1102_1ce0b5,PUR_IED_NuevaCol_S1102_1ce0b5,,,,,
2026-09-12T16:31:06-05:00,PUR_IED_OEA_A202_f7e3f2,PUR_IED_OEA_A202_f7e3f2,,,,,
2026-09-12T16:31:06-05:00,PUR_IED_OEA_A203_7d1b8d,PUR_IED_OEA_A203_7d1b8d,,,,,
2026-09-12T16:31:06-05:00,PUR_IED_OEA_Ext_27b593,PUR_IED_OEA_Ext_27b593,,,,,
2026-09-12T16:31:06-05:00,PUR_IED_Ochoa_Ext_1c29da,PUR_IED_Ochoa_Ext_1c29da,,,,,
2026-09-12T16:31:06-05:00,PUR_IED_Ochoa_S205_8b1121,PUR_IED_Ochoa_S205_8b1121,,,,,
2026-09-12T16:31:06-05:00,PUR_IED_Ochoa_Sistemas_f33af6,PUR_IED_Ochoa_Sistemas_f33af6,,,,,
2026-09-12T16:31:06-05:00,PUR_IED_PQuebec_Ext_1c67c7,PUR_IED_PQuebec_Ext_1c67c7,,,,,
2026-09-12T16:31:06-05:00,PUR_IED_PQuebec_S15_23e8e2,PUR_IED_PQuebec_S15_23e8e2,,,,,
2026-09-12T16:31:06-05:00,PUR_IED_PQuebec_S16_8ec76b,PUR_IED_PQuebec_S16_8ec76b,,,,,
2026-09-12T16:31:06-05:00,PUR_IED_PabloN_Ext_49dc96,PUR_IED_PabloN_Ext_49dc96,,,,,
2026-09-12T16:31:06-05:00,PUR_IED_PabloN_S1102_4e3df5,PUR_IED_PabloN_S1102_4e3df5,,,,,
2026-09-12T16:31:06-05:00,PUR_IED_PabloN_S1103_50c94b,PUR_IED_PabloN_S1103_50c94b,,,,,
2026-09-12T16:31:06-05:00,PUR_IED_Palestina_S1101_db9198,PUR_IED_Palestina_S1101_db9198,,,,,
2026-09-12T16:31:06-05:00,PUR_IED_Palestina_S1102_dc54fa,PUR_IED_Palestina_S1102_dc54fa,,,,,
2026-09-12T16:31:06-05:00,PUR_IED_Palestina_ext_4ccce6,PUR_IED_Palestina_ext_4ccce6,,,,,
2026-09-12T16:31:06-05:00,PUR_IED_Panama_Fisica_4d0794,PUR_IED_Panama_Fisica_4d0794,,,,,
2026-09-12T16:31:06-05:00,PUR_IED_Panama_SIngles_a4077e,PUR_IED_Panama_SIngles_a4077e,,,,,
2026-09-12T16:31:06-05:00,PUR_IED_Panama_ext_4c54b4,PUR_IED_Panama_ext_4c54b4,,,,,
2026-09-12T16:31:06-05:00,PUR_IED_ParaisoM_Exterior_8cd7f0,PUR_IED_ParaisoM_Exterior_8cd7f0,,,,,
2026-09-12T16:31:06-05:00,PUR_IED_ParaisoM_Laborato_27af35,PUR_IED_ParaisoM_Laborato_27af35,,,,,
2026-09-12T16:31:06-05:00,PUR_IED_ParaisoM_S304_d1edca,PUR_IED_ParaisoM_S304_d1edca,,,,,
2026-09-12T16:31:06-05:00,PUR_IED_PorfirioBarba_Ext_301466,PUR_IED_PorfirioBarba_Ext_301466,,,,,
2026-09-12T16:31:06-05:00,PUR_IED_PorfirioBarba_S11_df6cd2,PUR_IED_PorfirioBarba_S11_df6cd2,,,,,
2026-09-12T16:31:06-05:00,PUR_IED_PorfirioBarba_S29_27a7d6,PUR_IED_PorfirioBarba_S29_27a7d6,,,,,
2026-09-12T16:31:06-05:00,PUR_IED_PradoV_Exter_8b27ad,PUR_IED_PradoV_Exter_8b27ad,,,,,
2026-09-12T16:31:06-05:00,PUR_IED_PradoV_S301_de65b5,PUR_IED_PradoV_S301_de65b5,,,,,
2026-09-12T16:31:06-05:00,PUR_IED_PradoV_S302_7d2593,PUR_IED_PradoV_S302_7d2593,,,,,
2026-09-12T16:31:06-05:00,PUR_IED_QuirogaAlz_Ext_1ddc82,PUR_IED_QuirogaAlz_Ext_1ddc82,,,,,
2026-09-12T16:31:06-05:00,PUR_IED_QuirogaAlz_S302_9926a3,PUR_IED_QuirogaAlz_S302_9926a3,,,,,
2026-09-12T16:31:06-05:00,PUR_IED_QuirogaAlz_S305_cdf1f1,PUR_IED_QuirogaAlz_S305_cdf1f1,,,,,
2026-09-12T16:31:06-05:00,PUR_IED_RGuatemala_Biling_dc53b7,PUR_IED_RGuatemala_Biling_dc53b7,,,,,
2026-09-12T16:31:06-05:00,PUR_IED_RGuatemala_Ext_1b89a3,PUR_IED_RGuatemala_Ext_1b89a3,,,,,
2026-09-12T16:31:06-05:00,PUR_IED_RGuatemala_Tecnol_281a34,PUR_IED_RGuatemala_Tecnol_281a34,,,,,
2026-09-12T16:31:06-05:00,PUR_IED_RafaNu_Ext_f7c302,PUR_IED_RafaNu_Ext_f7c302,,,,,
2026-09-12T16:31:06-05:00,PUR_IED_RafaNu_S1101_25fde,PUR_IED_RafaNu_S1101_25fde,,,,,
2026-09-12T16:31:06-05:00,PUR_IED_RafaNu_S1102_281517,PUR_IED_RafaNu_S1102_281517,,,,,
2026-09-12T16:31:06-05:00,PUR_IED_RafaelB_S305_ee2783,PUR_IED_RafaelB_S305_ee2783,,,,,
2026-09-12T16:31:06-05:00,PUR_IED_RafaelB_S306_75fe33,PUR_IED_RafaelB_S306_75fe33,,,,,
2026-09-12T16:31:06-05:00,PUR_IED_RafaelB_ext_283336,PUR_IED_RafaelB_ext_283336,2,20,56,4.6722,-74.0737
2026-09-12T16:31:06-05:00,PUR_IED_RafaelUU_Exterior_281a51,PUR_IED_RafaelUU_Exterior_281a51,,,,,
2026-09-12T16:31:06-05:00,PUR_IED_RafaelUU_Human_806b2,PUR_IED_RafaelUU_Human_806b2,,,,,
2026-09-12T16:31:06-05:00,PUR_IED_RafaelUU_Mate2_5680d4,PUR_IED_RafaelUU_Mate2_5680d4,,,,,
2026-09-12T16:31:06-05:00,PUR_IED_RamonSub_Ext_f9eeb9,PUR_IED_RamonSub_Ext_f9eeb9,,,,,
2026-09-12T16:31:06-05:00,PUR_IED_RamonSub_Media_d1f62f,PUR_IED_RamonSub_Media_d1f62f,,,,,
2026-09-12T16:31:06-05:00,PUR_IED_RamonSub_planta_51b82,PUR_IED_RamonSub_planta_51b82,,,,,
2026-09-12T16:31:06-05:00,PUR_IED_RepBoliVene_Exter_27af7c,PUR_IED_RepBoliVene_Exter_27af7c,,,,,
2026-09-12T16:31:06-05:00,PUR_IED_RepBoliVene_SCPT_5ae2ee,PUR_IED_RepBoliVene_SCPT_5ae2ee,,,,,
2026-09-12T16:31:06-05:00,PUR_IED_RepBoliVene_Socia_4b11d5,PUR_IED_RepBoliVene_Socia_4b11d5,,,,,
2026-09-12T16:31:06-05:00,PUR_IED_RepChina_Ext_76d9ee,PUR_IED_RepChina_Ext_76d9ee,,,,,
2026-09-12T16:31:06-05:00,PUR_IED_RepChina_S404_7c804c,PUR_IED_RepChina_S404_7c804c,,,,,
2026-09-12T16:31:06-05:00,PUR_IED_RepChina_S405_df2c33,PUR_IED_RepChina_S405_df2c33,,,,,
2026-09-12T16:31:06-05:00,PUR_IED_RepublicaC_Exteri_7d1ec9,PUR_IED_RepublicaC_Exteri_7d1ec9,,,,,
2026-09-12T16:31:06-05:00,PUR_IED_RepublicaC_S1101_f544b3,PUR_IED_RepublicaC_S1101_f544b3,,,,,
2026-09-12T16:31:06-05:00,PUR_IED_RepublicaC_S1102_7aafc7,PUR_IED_RepublicaC_S1102_7aafc7,,,,,
2026-09-12T16:31:06-05:00,PUR_IED_Ricaurte_Externo_a0ea1,PUR_IED_Ricaurte_Externo_a0ea1,,,,,
2026-09-12T16:31:06-05:00,PUR_IED_Ricaurte_S210_f546fd,PUR_IED_Ricaurte_S210_f546fd,,,,,
2026-09-12T16:31:06-05:00,PUR_IED_Ricaurte_S309_d4452,PUR_IED_Ricaurte_S309_d4452,,,,,
2026-09-12T16:31:06-05:00,PUR_IED_RogelioS_1102_531e69,PUR_IED_RogelioS_1102_531e69,,,,,
2026-09-12T16:31:06-05:00,PUR_IED_RogelioS_Ext_f25a18,PUR_IED_RogelioS_Ext_f25a18,,,,,
2026-09-12T16:31:06-05:00,PUR_IED_SBernardino_Ext_27aff8,PUR_IED_SBernardino_Ext_27aff8,,,,,
2026-09-12T16:31:06-05:00,PUR_IED_SBernardino_SArte_2ffd33,PUR_IED_SBernardino_SArte_2ffd33,,,,,
2026-09-12T16:31:06-05:00,PUR_IED_SBernardino_SIngl_7c7da5,PUR_IED_SBernardino_SIngl_7c7da5,,,,,
2026-09-12T16:31:06-05:00,PUR_IED_Sago_auditorio_dc9d1d,PUR_IED_Sago_auditorio_dc9d1d,,,,,
2026-09-12T16:31:06-05:00,PUR_IED_Saludcoop_Ext_95aac3,PUR_IED_Saludcoop_Ext_95aac3,,,,,
2026-09-12T16:31:06-05:00,PUR_IED_Saludcoop_InfI_90c854,PUR_IED_Saludcoop_InfI_90c854,,,,,
2026-09-12T16:31:06-05:00,PUR_IED_Saludcoop_SMedia_1b93be,PUR_IED_Saludcoop_SMedia_1b93be,,,,,
2026-09-12T16:31:06-05:00,PUR_IED_SanCarlos_1101_1a2360,PUR_IED_SanCarlos_1101_1a2360,,,,,
2026-09-12T16:31:06-05:00,PUR_IED_SanCarlos_1103_7bafb5,PUR_IED_SanCarlos_1103_7bafb5,,,,,
2026-09-12T16:31:06-05:00,PUR_IED_SanCarlos_Ext_b7cd1,PUR_IED_SanCarlos_Ext_b7cd1,,,,,
2026-09-12T16:31:06-05:00,PUR_IED_SanIgnacioBosa11a_50c26e,PUR_IED_SanIgnacioBosa11a_50c26e,,,,,
2026-09-12T16:31:06-05:00,PUR_IED_SanIgnacioBosa11b_371de8,PUR_IED_SanIgnacioBosa11b_371de8,,,,,
2026-09-12T16:31:06-05:00,PUR_IED_SanIgnacioBosaExt_ef0ffc,PUR_IED_SanIgnacioBosaExt_ef0ffc,,,,,
2026-09-12T16:31:06-05:00,PUR_IED_SanIgnacioBosa_11a_50c26e,PUR_IED_SanIgnacioBosa_11a_50c26e,,,,,
2026-09-12T16:31:06-05:00,PUR_IED_SanIgnacioBosa_Ext_ef0ffc,PUR_IED_SanIgnacioBosa_Ext_ef0ffc,,,,,
2026-09-12T16:31:06-05:00,PUR_IED_SanJoseN_intS1101_31c47f,PUR_IED_SanJoseN_intS1101_31c47f,,,,,
2026-09-12T16:31:06-05:00,PUR_IED_SanJoseUsm_Exter_f5d7e8,PUR_IED_SanJoseUsm_Exter_f5d7e8,,,,,
2026-09-12T16:31:06-05:00,PUR_IED_SanJoseUsm_Int11A_cfdef6,PUR_IED_SanJoseUsm_Int11A_cfdef6,,,,,
2026-09-12T16:31:06-05:00,PUR_IED_SilveriaR_IntB5_905349,PUR_IED_SilveriaR_IntB5_905349,,,,,
2026-09-12T16:31:06-05:00,PUR_IED_SilveriaR_IntSD14_981f93,PUR_IED_SilveriaR_IntSD14_981f93,,,,,
2026-09-12T16:31:06-05:00,PUR_IED_SilveriaR_ext_2b651d,PUR_IED_SilveriaR_ext_2b651d,,,,,
2026-09-12T16:31:06-05:00,PUR_IED_SimonB_Exterior_913975,PUR_IED_SimonB_Exterior_913975,,,,,
2026-09-12T16:31:06-05:00,PUR_IED_SimonB_LabQuimi_c56908,PUR_IED_SimonB_LabQuimi_c56908,,,,,
2026-09-12T16:31:06-05:00,PUR_IED_SimonB_informatic_a28c1,PUR_IED_SimonB_informatic_a28c1,,,,,
2026-09-12T16:31:06-05:00,PUR_IED_Sorrento_1102_315f50,PUR_IED_Sorrento_1102_315f50,,,,,
2026-09-12T16:31:06-05:00,PUR_IED_Sorrento_Minte_214eab,PUR_IED_Sorrento_Minte_214eab,,,,,
2026-09-12T16:31:06-05:00,PUR_IED_Sorrento_ext_7c3a0a,PUR_IED_Sorrento_ext_7c3a0a,,,,,
2026-09-12T16:31:06-05:00,PUR_IED_Tabora_Ext_f048ae,PUR_IED_Tabora_Ext_f048ae,,,,,
2026-09-12T16:31:06-05:00,PUR_IED_Tabora_S1102_b07752,PUR_IED_Tabora_S1102_b07752,,,,,
2026-09-12T16:31:06-05:00,PUR_IED_Tabora_S1103_d988f5,PUR_IED_Tabora_S1103_d988f5,,,,,
2026-09-12T16:31:06-05:00,PUR_IED_Tenerife_Ext_1ab188,PUR_IED_Tenerife_Ext_1ab188,,,,,
2026-09-12T16:31:06-05:00,PUR_IED_Tenerife_SDanzas_7bc02e,PUR_IED_Tenerife_SDanzas_7bc02e,,,,,
2026-09-12T16:31:06-05:00,PUR_IED_Tenerife_SIngles_7cc277,PUR_IED_Tenerife_SIngles_7cc277,,,,,
2026-09-12T16:31:06-05:00,PUR_IED_Tibabuyes_Exter_f2683d,PUR_IED_Tibabuyes_Exter_f2683d,,,,,
2026-09-12T16:31:06-05:00,PUR_IED_Tibabuyes_S10_dc87a8,PUR_IED_Tibabuyes_S10_dc87a8,,,,,
2026-09-12T16:31:06-05:00,PUR_IED_Tibabuyes_S15_dc0526,PUR_IED_Tibabuyes_S15_dc0526,,,,,
2026-09-12T16:31:06-05:00,PUR_IED_UnionE_S301_a1043,PUR_IED_UnionE_S301_a1043,,,,,
2026-09-12T16:31:06-05:00,PUR_IED_UnionE_S307_ff6c2f,PUR_IED_UnionE_S307_ff6c2f,,,,,
2026-09-12T16:31:06-05:00,PUR_IED_UnionE__Ext_5e2468,PUR_IED_UnionE__Ext_5e2468,,,,,
2026-09-12T16:31:06-05:00,PUR_IED_VillaRica_Ext_75be7c,PUR_IED_VillaRica_Ext_75be7c,,,,,
2026-09-12T16:31:06-05:00,PUR_IED_VillaRica_S4_cc5dcd,PUR_IED_VillaRica_S4_cc5dcd,,,,,
2026-09-12T16:31:06-05:00,PUR_IED_VillaRica_Sesp_99f5c,PUR_IED_VillaRica_Sesp_99f5c,,,,,
2026-09-12T16:36:07-05:00,PUR_IED_20deJulio_1101_91b1b9,PUR_IED_20deJulio_1101_91b1b9,,,,,
2026-09-12T16:36:07-05:00,PUR_IED_20deJulio_1102_1cfcf9,PUR_IED_20deJulio_1102_1cfcf9,,,,,
2026-09-12T16:36:07-05:00,PUR_IED_20deJulio_Ext_ab60bd,PUR_IED_20deJulio_Ext_ab60bd,,,,,
2026-09-12T16:36:07-05:00,PUR_IED_AgustinFer_Ext_7b9b77,PUR_IED_AgustinFer_Ext_7b9b77,,,,,
2026-09-12T16:36:07-05:00,PUR_IED_AgustinFer_Info2_27b3a7,PUR_IED_AgustinFer_Info2_27b3a7,,,,,
2026-09-12T16:36:07-05:00,PUR_IED_AgustinFer_Sena_54b4eb,PUR_IED_AgustinFer_Sena_54b4eb,,,,,
2026-09-12T16:36:07-05:00,PUR_IED_AlexanderF_1102_caf07b,PUR_IED_AlexanderF_1102_caf07b,,,,,
2026-09-12T16:36:07-05:00,PUR_IED_AlexanderF_1103_c79e71,PUR_IED_AlexanderF_1103_c79e71,,,,,
2026-09-12T16:36:07-05:00,PUR_IED_AlexanderF_Ext_c5b18b,PUR_IED_AlexanderF_Ext_c5b18b,,,,,
2026-09-12T16:36:07-05:00,PUR_IED_AlfonsoLopez_Ext_281d77,PUR_IED_AlfonsoLopez_Ext_281d77,,,,,
2026-09-12T16:36:07-05:00,PUR_IED_AlfonsoLopez_LabF_888ce0,PUR_IED_AlfonsoLopez_LabF_888ce0,,,,,
2026-09-12T16:36:07-05:00,PUR_IED_AlfonsoLopez_SMed_df6a7f,PUR_IED_AlfonsoLopez_SMed_df6a7f,,,,,
2026-09-12T16:36:07-05:00,PUR_IED_AltamiraSO_A2_209f92,PUR_IED_AltamiraSO_A2_209f92,,,,,
2026-09-12T16:36:07-05:00,PUR_IED_AltamiraSO_Ext_186d66,PUR_IED_AltamiraSO_Ext_186d66,,,,,
2026-09-12T16:36:07-05:00,PUR_IED_AltamiraSO_Sistem_27afe1,PUR_IED_AltamiraSO_Sistem_27afe1,,,,,
2026-09-12T16:36:07-05:00,PUR_IED_AlvaroGom_LabQuim_813179,PUR_IED_AlvaroGom_LabQuim_813179,,,,,
2026-09-12T16:36:07-05:00,PUR_IED_AlvaroGomez_Ext_47c7ca,PUR_IED_AlvaroGomez_Ext_47c7ca,,,,,
2026-09-12T16:36:07-05:00,PUR_IED_AlvaroGomez_LabQuim_813179,PUR_IED_AlvaroGomez_LabQuim_813179,,,,,
2026-09-12T16:36:07-05:00,PUR_IED_AlvaroGomez_S23_7ba89f,PUR_IED_AlvaroGomez_S23_7ba89f,,,,,
2026-09-12T16:36:07-05:00,PUR_IED_Amistad_306_dc8728,PUR_IED_Amistad_306_dc8728,,,,,
2026-09-12T16:36:07-05:00,PUR_IED_Amistad_Ext_8cd55e,PUR_IED_Amistad_Ext_8cd55e,,,,,
2026-09-12T16:36:07-05:00,PUR_IED_Amistad_S202_a41169,PUR_IED_Amistad_S202_a41169,,,,,
2026-09-12T16:36:07-05:00,PUR_IED_AndresBello_Bio_fd5f5e,PUR_IED_AndresBello_Bio_fd5f5e,,,,,
2026-09-12T16:36:07-05:00,PUR_IED_AndresBello_ext_dcad65,PUR_IED_AndresBello_ext_dcad65,,,,,
2026-09-12T16:36:07-05:00,PUR_IED_AndresBello_port_eed3ec,PUR_IED_AndresBello_port_eed3ec,,,,,
2026-09-12T16:36:07-05:00,PUR_IED_AngelaR_11b_d90a6b,PUR_IED_AngelaR_11b_d90a6b,,,,,
2026-09-12T16:36:07-05:00,PUR_IED_AngelaR_ext_7cad3e,PUR_IED_AngelaR_ext_7cad3e,3,20,60,4.5825,-74.164497
2026-09-12T16:36:07-05:00,PUR_IED_AntJoseSucre_10mo_df2575,PUR_IED_AntJoseSucre_10mo_df2575,,,,,
2026-09-12T16:36:07-05:00,PUR_IED_AntJoseSucre_Ext_215b36,PUR_IED_AntJoseSucre_Ext_215b36,,,,,
2026-09-12T16:36:07-05:00,PUR_IED_AntJoseSucre_Lab_3139de,PUR_IED_AntJoseSucre_Lab_3139de,,,,,
2026-09-12T16:36:07-05:00,PUR_IED_AntonioGarcia_301_d6b188,PUR_IED_AntonioGarcia_301_d6b188,,,,,
2026-09-12T16:36:07-05:00,PUR_IED_AntonioGarcia_302_88a82,PUR_IED_AntonioGarcia_302_88a82,,,,,
2026-09-12T16:36:07-05:00,PUR_IED_AntonioGarcia_Ext_20950c,PUR_IED_AntonioGarcia_Ext_20950c,,,,,
2026-09-12T16:36:07-05:00,PUR_IED_AntonioVan_Aula2_6dea02,PUR_IED_AntonioVan_Aula2_6dea02,,,,,
2026-09-12T16:36:07-05:00,PUR_IED_AntonioVan_Aula5_f1557e,PUR_IED_AntonioVan_Aula5_f1557e,,,,,
2026-09-12T16:36:07-05:00,PUR_IED_AntonioVan_Ext_406f2f,PUR_IED_AntonioVan_Ext_406f2f,,,,,
2026-09-12T16:36:07-05:00,PUR_IED_Atabanzha_Ext_cc5af9,PUR_IED_Atabanzha_Ext_cc5af9,,,,,
2026-09-12T16:36:07-05:00,PUR_IED_Atabanzha_SA101_56c37,PUR_IED_Atabanzha_SA101_56c37,,,,,
2026-09-12T16:36:07-05:00,PUR_IED_Atabanzha_SB302_27b374,PUR_IED_Atabanzha_SB302_27b374,,,,,
2026-09-12T16:36:07-05:00,PUR_IED_Atahualpa_Ext_fc1748,PUR_IED_Atahualpa_Ext_fc1748,,,,,
2026-09-12T16:36:07-05:00,PUR_IED_Atahualpa_Informa_dc9a95,PUR_IED_Atahualpa_Informa_dc9a95,,,,,
2026-09-12T16:36:07-05:00,PUR_IED_Atahualpa_S1101_f98056,PUR_IED_Atahualpa_S1101_f98056,,,,,
2026-09-12T16:36:07-05:00,PUR_IED_Bellavista_Ext_f5aa74,PUR_IED_Bellavista_Ext_f5aa74,,,,,
2026-09-12T16:36:07-05:00,PUR_IED_Bilbao_11A_916c41,PUR_IED_Bilbao_11A_916c41,,,,,
2026-09-12T16:36:07-05:00,PUR_IED_Bilbao_Ext_fb579a,PUR_IED_Bilbao_Ext_fb579a,,,,,
2026-09-12T16:36:07-05:00,PUR_IED_BrasiliaU_A125_304280,PUR_IED_BrasiliaU_A125_304280,,,,,
2026-09-12T16:36:07-05:00,PUR_IED_BrasiliaU_A203_7c8ca5,PUR_IED_BrasiliaU_A203_7c8ca5,,,,,
2026-09-12T16:36:07-05:00,PUR_IED_BrasiliaU_Ext_8d6e9f,PUR_IED_BrasiliaU_Ext_8d6e9f,4,20,57,4.5175,-74.116302
2026-09-12T16:36:07-05:00,PUR_IED_Brasilia_Ext_fe6593,PUR_IED_Brasilia_Ext_fe6593,,,,,
2026-09-12T16:36:07-05:00,PUR_IED_Brasilia_S24_7c130d,PUR_IED_Brasilia_S24_7c130d,,,,,
2026-09-12T16:36:07-05:00,PUR_IED_Brasilia_S501_186a54,PUR_IED_Brasilia_S501_186a54,,,,,
2026-09-12T16:36:07-05:00,PUR_IED_CHARRY_EXT_f1d5cd,PUR_IED_CHARRY_EXT_f1d5cd,,,,,
2026-09-12T16:36:07-05:00,PUR_IED_CHARRY_INTDANZAS_7a08e6,PUR_IED_CHARRY_INTDANZAS_7a08e6,,,,,
2026-09-12T16:36:07-05:00,PUR_IED_CHARRY_INT_AULA20_dc998d,PUR_IED_CHARRY_INT_AULA20_dc998d,,,,,
2026-09-12T16:36:07-05:00,PUR_IED_COLVIV_1101_S25_7f520a,PUR_IED_COLVIV_1101_S25_7f520a,,,,,
2026-09-12T16:36:07-05:00,PUR_IED_COLVIV_1102_S16_f570ba,PUR_IED_COLVIV_1102_S16_f570ba,,,,,
2026-09-12T16:36:07-05:00,PUR_IED_COLVIV_Ext_1a26fa,PUR_IED_COLVIV_Ext_1a26fa,,,,,
2026-09-12T16:36:07-05:00,PUR_IED_CULPOP_301A_f660f3,PUR_IED_CULPOP_301A_f660f3,,,,,
2026-09-12T16:36:07-05:00,PUR_IED_CULPOP_303_568afe,PUR_IED_CULPOP_303_568afe,,,,,
2026-09-12T16:36:07-05:00,PUR_IED_CULPOP_Ext_e02ccb,PUR_IED_CULPOP_Ext_e02ccb,,,,,
2026-09-12T16:36:07-05:00,PUR_IED_CVillavicen_Ext_26eb58,PUR_IED_CVillavicen_Ext_26eb58,10,17,76,4.487,-74.102798
2026-09-12T16:36:07-05:00,PUR_IED_CVillavicen_Intel_1ce5c2,PUR_IED_CVillavicen_Intel_1ce5c2,,,,,
2026-09-12T16:36:07-05:00,PUR_IED_CVillavicen_Poliv_e0766c,PUR_IED_CVillavicen_Poliv_e0766c,,,,,
2026-09-12T16:36:07-05:00,PUR_IED_CVillavicen_int_1ba140,PUR_IED_CVillavicen_int_1ba140,,,,,
2026-09-12T16:36:07-05:00,PUR_IED_CVillavicen_intel_1ba140,PUR_IED_CVillavicen_intel_1ba140,,,,,
2026-09-12T16:36:07-05:00,PUR_IED_CarlosPizarro_Ext_e307cc,PUR_IED_CarlosPizarro_Ext_e307cc,,,,,
2026-09-12T16:36:07-05:00,PUR_IED_CarlosPizarro_L36_7e5cdb,PUR_IED_CarlosPizarro_L36_7e5cdb,,,,,
2026-09-12T16:36:07-05:00,PUR_IED_CarlosPizarro_L37_c8566c,PUR_IED_CarlosPizarro_L37_c8566c,,,,,
2026-09-12T16:36:07-05:00,PUR_IED_Castilla_Ext_cf35f,PUR_IED_Castilla_Ext_cf35f,,,,,
2026-09-12T16:36:07-05:00,PUR_IED_Castilla_SFisik_360e38,PUR_IED_Castilla_SFisik_360e38,,,,,
2026-09-12T16:36:07-05:00,PUR_IED_Castilla_Sc304_496fbf,PUR_IED_Castilla_Sc304_496fbf,,,,,
2026-09-12T16:36:07-05:00,PUR_IED_CervantesSa_Ext_6b57b,PUR_IED_CervantesSa_Ext_6b57b,3,19,66,4.5128,-74.117203
2026-09-12T16:36:07-05:00,PUR_IED_CervantesSa_S107_225c2b,PUR_IED_CervantesSa_S107_225c2b,,,,,
2026-09-12T16:36:07-05:00,PUR_IED_CervantesSa_S108_940925,PUR_IED_CervantesSa_S108_940925,,,,,
2026-09-12T16:36:07-05:00,PUR_IED_Charry_A20_f53e7c,PUR_IED_Charry_A20_f53e7c,,,,,
2026-09-12T16:36:07-05:00,PUR_IED_Charry_Ext_f1d5cd,PUR_IED_Charry_Ext_f1d5cd,,,,,
2026-09-12T16:36:07-05:00,PUR_IED_Charry_IntAula20_dc998d,PUR_IED_Charry_IntAula20_dc998d,,,,,
2026-09-12T16:36:07-05:00,PUR_IED_Charry_IntDanzas_7a08e6,PUR_IED_Charry_IntDanzas_7a08e6,,,,,
2026-09-12T16:36:07-05:00,PUR_IED_ClememciaC_203_43e2fc,PUR_IED_ClememciaC_203_43e2fc,,,,,
2026-09-12T16:36:07-05:00,PUR_IED_ClememciaC_Ext_1b411a,PUR_IED_ClememciaC_Ext_1b411a,,,,,
2026-09-12T16:36:07-05:00,PUR_IED_ClememciaC_Quimic_44b5fc,PUR_IED_ClememciaC_Quimic_44b5fc,,,,,
2026-09-12T16:36:07-05:00,PUR_IED_ClemenciaC_203_43e2fc,PUR_IED_ClemenciaC_203_43e2fc,,,,,
2026-09-12T16:36:07-05:00,PUR_IED_ClemenciaC_Ext_1b411a,PUR_IED_ClemenciaC_Ext_1b411a,,,,,
2026-09-12T16:36:07-05:00,PUR_IED_ClemenciaC_Quimic_44b5fc,PUR_IED_ClemenciaC_Quimic_44b5fc,,,,,
2026-09-12T16:36:07-05:00,PUR_IED_ColViva_1101_S25_7f520a,PUR_IED_ColViva_1101_S25_7f520a,,,,,
2026-09-12T16:36:07-05:00,PUR_IED_ColViva_1102_S16_f570ba,PUR_IED_ColViva_1102_S16_f570ba,,,,,
2026-09-12T16:36:07-05:00,PUR_IED_ColViva_Ext_1a26fa,PUR_IED_ColViva_Ext_1a26fa,,,,,
2026-09-12T16:36:07-05:00,PUR_IED_ColegioBici_Asist_7c8798,PUR_IED_ColegioBici_Asist_7c8798,,,,,
2026-09-12T16:36:07-05:00,PUR_IED_ColegioBici_Ext_25cbf6,PUR_IED_ColegioBici_Ext_25cbf6,,,,,
2026-09-12T16:36:07-05:00,PUR_IED_ColegioBici_LabQ_7b57db,PUR_IED_ColegioBici_LabQ_7b57db,,,,,
2026-09-12T16:36:07-05:00,PUR_IED_CostaRica_Ext_5e640,PUR_IED_CostaRica_Ext_5e640,,,,,
2026-09-12T16:36:07-05:00,PUR_IED_CostaRica_Quim1_766d1c,PUR_IED_CostaRica_Quim1_766d1c,,,,,
2026-09-12T16:36:07-05:00,PUR_IED_CostaRica__Fisica_6f0873,PUR_IED_CostaRica__Fisica_6f0873,,,,,
2026-09-12T16:36:07-05:00,PUR_IED_CulPopu_301A_f660f3,PUR_IED_CulPopu_301A_f660f3,,,,,
2026-09-12T16:36:07-05:00,PUR_IED_CulPopu_303_568afe,PUR_IED_CulPopu_303_568afe,,,,,
2026-09-12T16:36:07-05:00,PUR_IED_CulPopu_Ext_e02ccb,PUR_IED_CulPopu_Ext_e02ccb,,,,,
2026-09-12T16:36:07-05:00,PUR_IED_Cundinamarca_Ext_f15985,PUR_IED_Cundinamarca_Ext_f15985,,,,,
2026-09-12T16:36:07-05:00,PUR_IED_Cundinamarca_Info_7aa5d7,PUR_IED_Cundinamarca_Info_7aa5d7,,,,,
2026-09-12T16:36:07-05:00,PUR_IED_Cundinamarca_Tec2_f449c7,PUR_IED_Cundinamarca_Tec2_f449c7,,,,,
2026-09-12T16:36:07-05:00,PUR_IED_DiegoM_Aula1_27b314,PUR_IED_DiegoM_Aula1_27b314,,,,,
2026-09-12T16:36:07-05:00,PUR_IED_DiegoM_Ext_d80ac8,PUR_IED_DiegoM_Ext_d80ac8,,,,,
2026-09-12T16:36:07-05:00,PUR_IED_DiegoM_S25_da928f,PUR_IED_DiegoM_S25_da928f,,,,,
2026-09-12T16:36:07-05:00,PUR_IED_ELRODEO_360881,PUR_IED_ELRODEO_360881,,,,,
2026-09-12T16:36:07-05:00,PUR_IED_ELRODEO_ext_360881,PUR_IED_ELRODEO_ext_360881,,,,,
2026-09-12T16:36:07-05:00,PUR_IED_EduardoU_Ext_1c1969,PUR_IED_EduardoU_Ext_1c1969,,,,,
2026-09-12T16:36:07-05:00,PUR_IED_EduardoU_SCiencia_4dfb94,PUR_IED_EduardoU_SCiencia_4dfb94,,,,,
2026-09-12T16:36:07-05:00,PUR_IED_EduardoU_SQuimica_5a46e7,PUR_IED_EduardoU_SQuimica_5a46e7,,,,,
2026-09-12T16:36:07-05:00,PUR_IED_ElRodeo_Aula14_676984,PUR_IED_ElRodeo_Aula14_676984,,,,,
2026-09-12T16:36:07-05:00,PUR_IED_ElRodeo_Aula16_2dd35b,PUR_IED_ElRodeo_Aula16_2dd35b,,,,,
2026-09-12T16:36:07-05:00,PUR_IED_ElRodeo_Ext_360881,PUR_IED_ElRodeo_Ext_360881,,,,,
2026-09-12T16:36:07-05:00,PUR_IED_ElRodeo_Exterior_8c6d28,PUR_IED_ElRodeo_Exterior_8c6d28,,,,,
2026-09-12T16:36:07-05:00,PUR_IED_ElRodeo_ext_360881,PUR_IED_ElRodeo_ext_360881,,,,,
2026-09-12T16:36:07-05:00,PUR_IED_EmmaReyes_Ext_987625,PUR_IED_EmmaReyes_Ext_987625,3,22,49,4.6367,-74.1511
2026-09-12T16:36:07-05:00,PUR_IED_Ensueño_Ext_7f0250,PUR_IED_Ensueño_Ext_7f0250,,,,,
2026-09-12T16:36:07-05:00,PUR_IED_EscNormal_Ext_5fef3b,PUR_IED_EscNormal_Ext_5fef3b,2,21,56,4.5852,-74.096901
2026-09-12T16:36:07-05:00,PUR_IED_EscNormal_S309_5b263,PUR_IED_EscNormal_S309_5b263,,,,,
2026-09-12T16:36:07-05:00,PUR_IED_EscNormal_S310_27b3b8,PUR_IED_EscNormal_S310_27b3b8,,,,,
2026-09-12T16:36:07-05:00,PUR_IED_Evangelista_Conta_f6cd4f,PUR_IED_Evangelista_Conta_f6cd4f,,,,,
2026-09-12T16:36:07-05:00,PUR_IED_Evangelista_Cri_5e16a,PUR_IED_Evangelista_Cri_5e16a,,,,,
2026-09-12T16:36:07-05:00,PUR_IED_Evangelista_Exter_754066,PUR_IED_Evangelista_Exter_754066,,,,,
2026-09-12T16:36:07-05:00,PUR_IED_FMiranda_S209_5cc2a3,PUR_IED_FMiranda_S209_5cc2a3,,,,,
2026-09-12T16:36:07-05:00,PUR_IED_FMiranda_S303_19e344,PUR_IED_FMiranda_S303_19e344,,,,,
2026-09-12T16:36:07-05:00,PUR_IED_FMiranda_ext_f53e7c,PUR_IED_FMiranda_ext_f53e7c,,,,,
2026-09-12T16:36:07-05:00,PUR_IED_FabioLozano_Bibli_1cee05,PUR_IED_FabioLozano_Bibli_1cee05,,,,,
2026-09-12T16:36:07-05:00,PUR_IED_FabioLozano_Ext_6ea285,PUR_IED_FabioLozano_Ext_6ea285,,,,,
2026-09-12T16:36:07-05:00,PUR_IED_FabioLozano_SLudi_f09e1e,PUR_IED_FabioLozano_SLudi_f09e1e,,,,,
2026-09-12T16:36:07-05:00,PUR_IED_FaustinoS_Aula07_27a731,PUR_IED_FaustinoS_Aula07_27a731,,,,,
2026-09-12T16:36:07-05:00,PUR_IED_FaustinoS_Ext_7b936f,PUR_IED_FaustinoS_Ext_7b936f,,,,,
2026-09-12T16:36:07-05:00,PUR_IED_FaustinoS_Fisica_da2c60,PUR_IED_FaustinoS_Fisica_da2c60,,,,,
2026-09-12T16:36:07-05:00,PUR_IED_FeGarciaLo_Ext_dc68ee,PUR_IED_FeGarciaLo_Ext_dc68ee,,,,,
2026-09-12T16:36:07-05:00,PUR_IED_FeGarciaLo_SDanza_f70a59,PUR_IED_FeGarciaLo_SDanza_f70a59,,,,,
2026-09-12T16:36:07-05:00,PUR_IED_FeGarciaLo_SMusic_125cdd,PUR_IED_FeGarciaLo_SMusic_125cdd,,,,,
2026-09-12T16:36:07-05:00,PUR_IED_FederalAlema_Exte_50c345,PUR_IED_FederalAlema_Exte_50c345,,,,,
2026-09-12T16:36:07-05:00,PUR_IED_FederalAlema_S31_f18371,PUR_IED_FederalAlema_S31_f18371,,,,,
2026-09-12T16:36:07-05:00,PUR_IED_FederalAlema_S901_a62cd,PUR_IED_FederalAlema_S901_a62cd,,,,,
2026-09-12T16:36:07-05:00,PUR_IED_FilarmonicaS_A5_f35eb1,PUR_IED_FilarmonicaS_A5_f35eb1,,,,,
2026-09-12T16:36:07-05:00,PUR_IED_FilarmonicaS_Ext_8a3bde,PUR_IED_FilarmonicaS_Ext_8a3bde,,,,,
2026-09-12T16:36:07-05:00,PUR_IED_FilarmonicaS_Spol_406114,PUR_IED_FilarmonicaS_Spol_406114,,,,,
2026-09-12T16:36:07-05:00,PUR_IED_FlorentinoG_A13_d1fa59,PUR_IED_FlorentinoG_A13_d1fa59,,,,,
2026-09-12T16:36:07-05:00,PUR_IED_FlorentinoG_Ext_1ce6ce,PUR_IED_FlorentinoG_Ext_1ce6ce,,,,,
2026-09-12T16:36:07-05:00,PUR_IED_FlorentinoG_Idiom_a66aac,PUR_IED_FlorentinoG_Idiom_a66aac,,,,,
2026-09-12T16:36:07-05:00,PUR_IED_FranciscoMati_Ext_e3869d,PUR_IED_FranciscoMati_Ext_e3869d,,,,,
2026-09-12T16:36:07-05:00,PUR_IED_FranciscoMati_S13_f31c67,PUR_IED_FranciscoMati_S13_f31c67,,,,,
2026-09-12T16:36:07-05:00,PUR_IED_FranciscoMati_S14_97dead,PUR_IED_FranciscoMati_S14_97dead,,,,,
2026-09-12T16:36:07-05:00,PUR_IED_FranciscoPS_Ext_7bfa9a,PUR_IED_FranciscoPS_Ext_7bfa9a,2,22,56,4.5899,-74.110397
2026-09-12T16:36:07-05:00,PUR_IED_FranciscoPS_Infor_fb8f4c,PUR_IED_FranciscoPS_Infor_fb8f4c,,,,,
2026-09-12T16:36:07-05:00,PUR_IED_FranciscoPS_Quimi_94d39c,PUR_IED_FranciscoPS_Quimi_94d39c,,,,,
2026-09-12T16:36:07-05:00,PUR_IED_FranciscoP_LabQ_d7e148,PUR_IED_FranciscoP_LabQ_d7e148,,,,,
2026-09-12T16:36:07-05:00,PUR_IED_FranciscoP_S28_cf9b30,PUR_IED_FranciscoP_S28_cf9b30,,,,,
2026-09-12T16:36:07-05:00,PUR_IED_FranciscoP_ext_e2313,PUR_IED_FranciscoP_ext_e2313,,,,,
2026-09-12T16:36:07-05:00,PUR_IED_FriederichN_Ext_8ac92a,PUR_IED_FriederichN_Ext_8ac92a,,,,,
2026-09-12T16:36:07-05:00,PUR_IED_FriederichN_S301_dd7e5a,PUR_IED_FriederichN_S301_dd7e5a,,,,,
2026-09-12T16:36:07-05:00,PUR_IED_FriederichN_S308_761f4f,PUR_IED_FriederichN_S308_761f4f,,,,,
2026-09-12T16:36:07-05:00,PUR_IED_GSantander_Aula10_533dd7,PUR_IED_GSantander_Aula10_533dd7,,,,,
2026-09-12T16:36:07-05:00,PUR_IED_GSantander_Aula12_fd4e4f,PUR_IED_GSantander_Aula12_fd4e4f,,,,,
2026-09-12T16:36:07-05:00,PUR_IED_GSantander_Aula310_533dd7,PUR_IED_GSantander_Aula310_533dd7,,,,,
2026-09-12T16:36:07-05:00,PUR_IED_GSantander_Aula312_fd4e4f,PUR_IED_GSantander_Aula312_fd4e4f,,,,,
2026-09-12T16:36:07-05:00,PUR_IED_GSantander_Ext_5f66b0,PUR_IED_GSantander_Ext_5f66b0,,,,,
2026-09-12T16:36:07-05:00,PUR_IED_GYomasa_Ext_f6bea5,PUR_IED_GYomasa_Ext_f6bea5,,,,,
2026-09-12T16:36:07-05:00,PUR_IED_GYomasa_LBiol_2c41aa,PUR_IED_GYomasa_LBiol_2c41aa,,,,,
2026-09-12T16:36:07-05:00,PUR_IED_GYomasa_LQuim_33c80,PUR_IED_GYomasa_LQuim_33c80,,,,,
2026-09-12T16:36:07-05:00,PUR_IED_GabBetMejia_Cienc_5a99c,PUR_IED_GabBetMejia_Cienc_5a99c,,,,,
2026-09-12T16:36:07-05:00,PUR_IED_GabBetMejia_Ext_9153d0,PUR_IED_GabBetMejia_Ext_9153d0,,,,,
2026-09-12T16:36:07-05:00,PUR_IED_GabBetMejia_Lab_f55347,PUR_IED_GabBetMejia_Lab_f55347,,,,,
2026-09-12T16:36:07-05:00,PUR_IED_GabBetanMejia_Ext_9153d0,PUR_IED_GabBetanMejia_Ext_9153d0,,,,,
2026-09-12T16:36:07-05:00,PUR_IED_Gaitana_Aula13_7aac11,PUR_IED_Gaitana_Aula13_7aac11,,,,,
2026-09-12T16:36:07-05:00,PUR_IED_Gaitana_Ext_5fcf4,PUR_IED_Gaitana_Ext_5fcf4,,,,,
2026-09-12T16:36:07-05:00,PUR_IED_Gaitana_LabFisica_644448,PUR_IED_Gaitana_LabFisica_644448,,,,,
2026-09-12T16:36:07-05:00,PUR_IED_GenSantander_Dise_8ac858,PUR_IED_GenSantander_Dise_8ac858,,,,,
2026-09-12T16:36:07-05:00,PUR_IED_GenSantander_Ext_8d5dfe,PUR_IED_GenSantander_Ext_8d5dfe,,,,,
2026-09-12T16:36:07-05:00,PUR_IED_GenSantander_Info_6c25b,PUR_IED_GenSantander_Info_6c25b,,,,,
2026-09-12T16:36:07-05:00,PUR_IED_GustavoMo_Exterio_75e63d,PUR_IED_GustavoMo_Exterio_75e63d,,,,,
2026-09-12T16:36:07-05:00,PUR_IED_GustavoMo_LabFisi_224d37,PUR_IED_GustavoMo_LabFisi_224d37,,,,,
2026-09-12T16:36:07-05:00,PUR_IED_GustavoMo_S208_3e6918,PUR_IED_GustavoMo_S208_3e6918,,,,,
2026-09-12T16:36:07-05:00,PUR_IED_GustavoR_A02_8cd4a8,PUR_IED_GustavoR_A02_8cd4a8,,,,,
2026-09-12T16:36:07-05:00,PUR_IED_GustavoR_B11_5b0ed,PUR_IED_GustavoR_B11_5b0ed,,,,,
2026-09-12T16:36:07-05:00,PUR_IED_GustavoR_Ext_7a0c90,PUR_IED_GustavoR_Ext_7a0c90,,,,,
2026-09-12T16:36:07-05:00,PUR_IED_HernandoDuran_Ext_8cd82b,PUR_IED_HernandoDuran_Ext_8cd82b,,,,,
2026-09-12T16:36:07-05:00,PUR_IED_HernandoDuran_S24_2772c6,PUR_IED_HernandoDuran_S24_2772c6,,,,,
2026-09-12T16:36:07-05:00,PUR_IED_HernandoDuran_S30_f2de41,PUR_IED_HernandoDuran_S30_f2de41,,,,,
2026-09-12T16:36:07-05:00,PUR_IED_HolguInUr_S1101_8cd732,PUR_IED_HolguInUr_S1101_8cd732,,,,,
2026-09-12T16:36:07-05:00,PUR_IED_HolguinUr_Exter_ddae6d,PUR_IED_HolguinUr_Exter_ddae6d,,,,,
2026-09-12T16:36:07-05:00,PUR_IED_HolguinUr_LabQuim_92b952,PUR_IED_HolguinUr_LabQuim_92b952,,,,,
2026-09-12T16:36:07-05:00,PUR_IED_Isabel-II_Ext_5245cc,PUR_IED_Isabel-II_Ext_5245cc,2,20,56,4.6336,-74.153
2026-09-12T16:36:07-05:00,PUR_IED_Isabel-II_S_idiom_1c29aa,PUR_IED_Isabel-II_S_idiom_1c29aa,,,,,
2026-09-12T16:36:07-05:00,PUR_IED_Isabel-II_S_infor_fd741,PUR_IED_Isabel-II_S_infor_fd741,,,,,
2026-09-12T16:36:07-05:00,PUR_IED_IsidroSur_Exterio_5b90ea,PUR_IED_IsidroSur_Exterio_5b90ea,,,,,
2026-09-12T16:36:07-05:00,PUR_IED_IsidroSur_LabTec_56697a,PUR_IED_IsidroSur_LabTec_56697a,,,,,
2026-09-12T16:36:07-05:00,PUR_IED_IsidroSur_Robotic_b7c38f,PUR_IED_IsidroSur_Robotic_b7c38f,,,,,
2026-09-12T16:36:07-05:00,PUR_IED_IsmaelPerd_Ext_7b6672,PUR_IED_IsmaelPerd_Ext_7b6672,,,,,
2026-09-12T16:36:07-05:00,PUR_IED_IsmaelPerd_Inform_306540,PUR_IED_IsmaelPerd_Inform_306540,,,,,
2026-09-12T16:36:07-05:00,PUR_IED_IsmaelPerd_S30_2e2c83,PUR_IED_IsmaelPerd_S30_2e2c83,,,,,
2026-09-12T16:36:07-05:00,PUR_IED_JLozano_Exter_432910,PUR_IED_JLozano_Exter_432910,,,,,
2026-09-12T16:36:07-05:00,PUR_IED_JLozano_salaMulti_df5125,PUR_IED_JLozano_salaMulti_df5125,,,,,
2026-09-12T16:36:07-05:00,PUR_IED_JMCordoba_206_86f80b,PUR_IED_JMCordoba_206_86f80b,,,,,
2026-09-12T16:36:07-05:00,PUR_IED_JMCordoba_Ext_27ad97,PUR_IED_JMCordoba_Ext_27ad97,,,,,
2026-09-12T16:36:07-05:00,PUR_IED_JMCordoba_S310_d59ab4,PUR_IED_JMCordoba_S310_d59ab4,,,,,
2026-09-12T16:36:07-05:00,PUR_IED_Japon_Ext_549100,PUR_IED_Japon_Ext_549100,,,,,
2026-09-12T16:36:07-05:00,PUR_IED_Japon_Laboratorio_bec51d,PUR_IED_Japon_Laboratorio_bec51d,,,,,
2026-09-12T16:36:07-05:00,PUR_IED_Japon_informatica_d99327,PUR_IED_Japon_informatica_d99327,,,,,
2026-09-12T16:36:07-05:00,PUR_IED_Jazmin_Ext_d27bda,PUR_IED_Jazmin_Ext_d27bda,,,,,
2026-09-12T16:36:07-05:00,PUR_IED_Jazmin_Fisica_8d14d7,PUR_IED_Jazmin_Fisica_8d14d7,,,,,
2026-09-12T16:36:07-05:00,PUR_IED_Jazmin_Quimica_801cb5,PUR_IED_Jazmin_Quimica_801cb5,,,,,
2026-09-12T16:36:07-05:00,PUR_IED_JorgeGaitan_Exter_f098d1,PUR_IED_JorgeGaitan_Exter_f098d1,,,,,
2026-09-12T16:36:07-05:00,PUR_IED_JorgeGaitan_STec1_dc9d1d,PUR_IED_JorgeGaitan_STec1_dc9d1d,,,,,
2026-09-12T16:36:07-05:00,PUR_IED_JorgeGaitan_STec2_281e69,PUR_IED_JorgeGaitan_STec2_281e69,,,,,
2026-09-12T16:36:07-05:00,PUR_IED_JorgeSoto_Exterio_d9d0a2,PUR_IED_JorgeSoto_Exterio_d9d0a2,,,,,
2026-09-12T16:36:07-05:00,PUR_IED_JorgeSoto_LabFisi_209c54,PUR_IED_JorgeSoto_LabFisi_209c54,,,,,
2026-09-12T16:36:07-05:00,PUR_IED_JorgeSoto_S103_27b51a,PUR_IED_JorgeSoto_S103_27b51a,,,,,
2026-09-12T16:36:07-05:00,PUR_IED_JoseAcevedo_A02_e965eb,PUR_IED_JoseAcevedo_A02_e965eb,,,,,
2026-09-12T16:36:07-05:00,PUR_IED_JoseAcevedo_A07_dd5b4,PUR_IED_JoseAcevedo_A07_dd5b4,,,,,
2026-09-12T16:36:07-05:00,PUR_IED_JoseAcevedo_Ext_b47484,PUR_IED_JoseAcevedo_Ext_b47484,,,,,
2026-09-12T16:36:07-05:00,PUR_IED_JoseMarti_Exte_5b9bf,PUR_IED_JoseMarti_Exte_5b9bf,,,,,
2026-09-12T16:36:07-05:00,PUR_IED_JoseMarti_LabQuim_1c6c2d,PUR_IED_JoseMarti_LabQuim_1c6c2d,,,,,
2026-09-12T16:36:07-05:00,PUR_IED_JoseMarti_S_info_f5f177,PUR_IED_JoseMarti_S_info_f5f177,,,,,
2026-09-12T16:36:07-05:00,PUR_IED_Josejoaquin_Ext_dfc5dc,PUR_IED_Josejoaquin_Ext_dfc5dc,,,,,
2026-09-12T16:36:07-05:00,PUR_IED_Josejoaquin_S05_5b2a96,PUR_IED_Josejoaquin_S05_5b2a96,,,,,
2026-09-12T16:36:07-05:00,PUR_IED_Josejoaquin_S06_1ce7d2,PUR_IED_Josejoaquin_S06_1ce7d2,,,,,
2026-09-12T16:36:07-05:00,PUR_IED_JulioFlorez_Danza_9b82dd,PUR_IED_JulioFlorez_Danza_9b82dd,,,,,
2026-09-12T16:36:07-05:00,PUR_IED_JulioFlorez_Exter_f9f314,PUR_IED_JulioFlorez_Exter_f9f314,,,,,
2026-09-12T16:36:07-05:00,PUR_IED_JulioFlorez_info2_6b6e08,PUR_IED_JulioFlorez_info2_6b6e08,,,,,
2026-09-12T16:36:07-05:00,PUR_IED_LaBelleza_Aula13_1d00d8,PUR_IED_LaBelleza_Aula13_1d00d8,,,,,
2026-09-12T16:36:07-05:00,PUR_IED_LaBelleza_Ext_7bc08c,PUR_IED_LaBelleza_Ext_7bc08c,,,,,
2026-09-12T16:36:07-05:00,PUR_IED_LaChucua_Ext_8cd6d2,PUR_IED_LaChucua_Ext_8cd6d2,,,,,
2026-09-12T16:36:07-05:00,PUR_IED_LaChucua_S15_f578ce,PUR_IED_LaChucua_S15_f578ce,,,,,
2026-09-12T16:36:07-05:00,PUR_IED_LaChucua_S16_eebcf9,PUR_IED_LaChucua_S16_eebcf9,,,,,
2026-09-12T16:36:07-05:00,PUR_IED_LaFelicidad_Ext_fb5109,PUR_IED_LaFelicidad_Ext_fb5109,,,,,
2026-09-12T16:36:07-05:00,PUR_IED_LaMerced_206_66ebd,PUR_IED_LaMerced_206_66ebd,,,,,
2026-09-12T16:36:07-05:00,PUR_IED_LaMerced_207_6ebd6,PUR_IED_LaMerced_207_6ebd6,,,,,
2026-09-12T16:36:07-05:00,PUR_IED_LaMerced_ext_304311,PUR_IED_LaMerced_ext_304311,,,,,
2026-09-12T16:36:07-05:00,PUR_IED_Laureano_CiencNat_281e5e,PUR_IED_Laureano_CiencNat_281e5e,,,,,
2026-09-12T16:36:07-05:00,PUR_IED_Laureano_Comedor_f65c0a,PUR_IED_Laureano_Comedor_f65c0a,,,,,
2026-09-12T16:36:07-05:00,PUR_IED_Laureano_Exterior_7ab011,PUR_IED_Laureano_Exterior_7ab011,,,,,
2026-09-12T16:36:07-05:00,PUR_IED_LeonGreiff_Exte_dfe560,PUR_IED_LeonGreiff_Exte_dfe560,,,,,
2026-09-12T16:36:07-05:00,PUR_IED_LeonGreiff_S210_f264ed,PUR_IED_LeonGreiff_S210_f264ed,,,,,
2026-09-12T16:36:07-05:00,PUR_IED_LeonGreiff_SQuimi_e8296f,PUR_IED_LeonGreiff_SQuimi_e8296f,,,,,
2026-09-12T16:36:07-05:00,PUR_IED_LlanoOrientalS208_7b9fcd,PUR_IED_LlanoOrientalS208_7b9fcd,,,,,
2026-09-12T16:36:07-05:00,PUR_IED_LlanoOriental_Ext_fb3766,PUR_IED_LlanoOriental_Ext_fb3766,,,,,
2026-09-12T16:36:07-05:00,PUR_IED_LlanoOriental_S208_7b9fcd,PUR_IED_LlanoOriental_S208_7b9fcd,,,,,
2026-09-12T16:36:07-05:00,PUR_IED_LlanoOriental_S9_27b378,PUR_IED_LlanoOriental_S9_27b378,,,,,
2026-09-12T16:36:07-05:00,PUR_IED_LosTejares_1101_477602,PUR_IED_LosTejares_1101_477602,,,,,
2026-09-12T16:36:07-05:00,PUR_IED_LosTejares_11_d2c595,PUR_IED_LosTejares_11_d2c595,,,,,
2026-09-12T16:36:07-05:00,PUR_IED_LosTejares_12_477602,PUR_IED_LosTejares_12_477602,,,,,
2026-09-12T16:36:07-05:00,PUR_IED_LosTejares_Ext_8e2115,PUR_IED_LosTejares_Ext_8e2115,,,,,
2026-09-12T16:36:07-05:00,PUR_IED_MagdalenaO_B202_5ddda3,PUR_IED_MagdalenaO_B202_5ddda3,,,,,
2026-09-12T16:36:07-05:00,PUR_IED_MagdalenaO_B205_fb76e8,PUR_IED_MagdalenaO_B205_fb76e8,,,,,
2026-09-12T16:36:07-05:00,PUR_IED_MagdalenaO_ext_dc69cd,PUR_IED_MagdalenaO_ext_dc69cd,,,,,
2026-09-12T16:36:07-05:00,PUR_IED_ManueCepeda_artes_eee956,PUR_IED_ManueCepeda_artes_eee956,,,,,
2026-09-12T16:36:07-05:00,PUR_IED_ManuelCepeda_Ext_58313,PUR_IED_ManuelCepeda_Ext_58313,,,,,
2026-09-12T16:36:07-05:00,PUR_IED_ManuelCepeda_tec_1c5731,PUR_IED_ManuelCepeda_tec_1c5731,,,,,
2026-09-12T16:36:07-05:00,PUR_IED_ManuelS_Exterior_5b269,PUR_IED_ManuelS_Exterior_5b269,,,,,
2026-09-12T16:36:07-05:00,PUR_IED_ManuelS_Inform_f369ce,PUR_IED_ManuelS_Inform_f369ce,,,,,
2026-09-12T16:36:07-05:00,PUR_IED_ManuelS_SArtes_7d15f1,PUR_IED_ManuelS_SArtes_7d15f1,,,,,
2026-09-12T16:36:07-05:00,PUR_IED_ManuelZapata_303_3ca6,PUR_IED_ManuelZapata_303_3ca6,,,,,
2026-09-12T16:36:07-05:00,PUR_IED_ManuelZapata_311_bfbabc,PUR_IED_ManuelZapata_311_bfbabc,,,,,
2026-09-12T16:36:07-05:00,PUR_IED_ManuelZapata_Ext_50824a,PUR_IED_ManuelZapata_Ext_50824a,,,,,
2026-09-12T16:36:07-05:00,PUR_IED_ManuelitaS_Exteri_656a92,PUR_IED_ManuelitaS_Exteri_656a92,,,,,
2026-09-12T16:36:07-05:00,PUR_IED_ManuelitaS_JuzgDe_f58ec3,PUR_IED_ManuelitaS_JuzgDe_f58ec3,,,,,
2026-09-12T16:36:07-05:00,PUR_IED_ManuelitaS_Recrea_d793db,PUR_IED_ManuelitaS_Recrea_d793db,,,,,
2026-09-12T16:36:07-05:00,PUR_IED_MarFidSuarez_Ext_c27b19,PUR_IED_MarFidSuarez_Ext_c27b19,,,,,
2026-09-12T16:36:07-05:00,PUR_IED_MarFidSuarez_Info_e384d7,PUR_IED_MarFidSuarez_Info_e384d7,,,,,
2026-09-12T16:36:07-05:00,PUR_IED_MarFidSuarez_S306_1d0032,PUR_IED_MarFidSuarez_S306_1d0032,,,,,
2026-09-12T16:36:07-05:00,PUR_IED_Menorah_301_2a25a3,PUR_IED_Menorah_301_2a25a3,,,,,
2026-09-12T16:36:07-05:00,PUR_IED_Menorah_306_37ed3,PUR_IED_Menorah_306_37ed3,,,,,
2026-09-12T16:36:07-05:00,PUR_IED_Menorah_Ext_3e155b,PUR_IED_Menorah_Ext_3e155b,,,,,
2026-09-12T16:36:07-05:00,PUR_IED_MinutoB.Aires_A11_1b1604,PUR_IED_MinutoB.Aires_A11_1b1604,,,,,
2026-09-12T16:36:07-05:00,PUR_IED_MinutoB.Aires_A12_fb5860,PUR_IED_MinutoB.Aires_A12_fb5860,,,,,
2026-09-12T16:36:07-05:00,PUR_IED_MinutoB.Aires_Ext_81293f,PUR_IED_MinutoB.Aires_Ext_81293f,,,,,
2026-09-12T16:36:07-05:00,PUR_IED_MinutoBAires_A11_1b1604,PUR_IED_MinutoBAires_A11_1b1604,,,,,
2026-09-12T16:36:07-05:00,PUR_IED_MinutoBAires_A12_fb5860,PUR_IED_MinutoBAires_A12_fb5860,,,,,
2026-09-12T16:36:07-05:00,PUR_IED_MinutoBAires_Ext_81293f,PUR_IED_MinutoBAires_Ext_81293f,,,,,
2026-09-12T16:36:07-05:00,PUR_IED_Montreal_Aula10_1e4959,PUR_IED_Montreal_Aula10_1e4959,,,,,
2026-09-12T16:36:07-05:00,PUR_IED_Montreal_Aula6_300367,PUR_IED_Montreal_Aula6_300367,,,,,
2026-09-12T16:36:07-05:00,PUR_IED_Montreal_Exterior_91a179,PUR_IED_Montreal_Exterior_91a179,,,,,
2026-09-12T16:36:07-05:00,PUR_IED_Mqgdalena_B202_5ddda3,PUR_IED_Mqgdalena_B202_5ddda3,,,,,
2026-09-12T16:36:07-05:00,PUR_IED_NACUND_Soc_dc8728,PUR_IED_NACUND_Soc_dc8728,,,,,
2026-09-12T16:36:07-05:00,PUR_IED_NACUND_ext_27ad97,PUR_IED_NACUND_ext_27ad97,,,,,
2026-09-12T16:36:07-05:00,PUR_IED_NEsperanza_Ext_d24b61,PUR_IED_NEsperanza_Ext_d24b61,,,,,
2026-09-12T16:36:07-05:00,PUR_IED_NEsperanza_SElect_7d1807,PUR_IED_NEsperanza_SElect_7d1807,,,,,
2026-09-12T16:36:07-05:00,PUR_IED_NEsperanza_SLabor_8b2d0a,PUR_IED_NEsperanza_SLabor_8b2d0a,,,,,
2026-09-12T16:36:07-05:00,PUR_IED_NacionesU_Ext_f661a9,PUR_IED_NacionesU_Ext_f661a9,,,,,
2026-09-12T16:36:07-05:00,PUR_IED_NacionesU_Quimica_66f0a,PUR_IED_NacionesU_Quimica_66f0a,,,,,
2026-09-12T16:36:07-05:00,PUR_IED_NacionesU_S306_1b4b3d,PUR_IED_NacionesU_S306_1b4b3d,,,,,
2026-09-12T16:36:07-05:00,PUR_IED_NestorFA_Ext_e4201c,PUR_IED_NestorFA_Ext_e4201c,,,,,
2026-09-12T16:36:07-05:00,PUR_IED_NestorFA_Laborato_f22fe0,PUR_IED_NestorFA_Laborato_f22fe0,,,,,
2026-09-12T16:36:07-05:00,PUR_IED_NestorFA_S204_dee996,PUR_IED_NestorFA_S204_dee996,,,,,
2026-09-12T16:36:07-05:00,PUR_IED_NidyaQT_Aula03_76999b,PUR_IED_NidyaQT_Aula03_76999b,,,,,
2026-09-12T16:36:07-05:00,PUR_IED_NidyaQT_Aula10_56325,PUR_IED_NidyaQT_Aula10_56325,,,,,
2026-09-12T16:36:07-05:00,PUR_IED_NidyaQT_Ext_46e32d,PUR_IED_NidyaQT_Ext_46e32d,,,,,
2026-09-12T16:36:07-05:00,PUR_IED_NuevaCol_Exterior_d9b859,PUR_IED_NuevaCol_Exterior_d9b859,,,,,
2026-09-12T16:36:07-05:00,PUR_IED_NuevaCol_S1101_76c43b,PUR_IED_NuevaCol_S1101_76c43b,,,,,
2026-09-12T16:36:07-05:00,PUR_IED_NuevaCol_S1102_1ce0b5,PUR_IED_NuevaCol_S1102_1ce0b5,,,,,
2026-09-12T16:36:07-05:00,PUR_IED_OEA_A202_f7e3f2,PUR_IED_OEA_A202_f7e3f2,,,,,
2026-09-12T16:36:07-05:00,PUR_IED_OEA_A203_7d1b8d,PUR_IED_OEA_A203_7d1b8d,,,,,
2026-09-12T16:36:07-05:00,PUR_IED_OEA_Ext_27b593,PUR_IED_OEA_Ext_27b593,,,,,
2026-09-12T16:36:07-05:00,PUR_IED_Ochoa_Ext_1c29da,PUR_IED_Ochoa_Ext_1c29da,,,,,
2026-09-12T16:36:07-05:00,PUR_IED_Ochoa_S205_8b1121,PUR_IED_Ochoa_S205_8b1121,,,,,
2026-09-12T16:36:07-05:00,PUR_IED_Ochoa_Sistemas_f33af6,PUR_IED_Ochoa_Sistemas_f33af6,,,,,
2026-09-12T16:36:07-05:00,PUR_IED_PQuebec_Ext_1c67c7,PUR_IED_PQuebec_Ext_1c67c7,,,,,
2026-09-12T16:36:07-05:00,PUR_IED_PQuebec_S15_23e8e2,PUR_IED_PQuebec_S15_23e8e2,,,,,
2026-09-12T16:36:07-05:00,PUR_IED_PQuebec_S16_8ec76b,PUR_IED_PQuebec_S16_8ec76b,,,,,
2026-09-12T16:36:07-05:00,PUR_IED_PabloN_Ext_49dc96,PUR_IED_PabloN_Ext_49dc96,,,,,
2026-09-12T16:36:07-05:00,PUR_IED_PabloN_S1102_4e3df5,PUR_IED_PabloN_S1102_4e3df5,,,,,
2026-09-12T16:36:07-05:00,PUR_IED_PabloN_S1103_50c94b,PUR_IED_PabloN_S1103_50c94b,,,,,
2026-09-12T16:36:07-05:00,PUR_IED_Palestina_S1101_db9198,PUR_IED_Palestina_S1101_db9198,,,,,
2026-09-12T16:36:07-05:00,PUR_IED_Palestina_S1102_dc54fa,PUR_IED_Palestina_S1102_dc54fa,,,,,
2026-09-12T16:36:07-05:00,PUR_IED_Palestina_ext_4ccce6,PUR_IED_Palestina_ext_4ccce6,,,,,
2026-09-12T16:36:07-05:00,PUR_IED_Panama_Fisica_4d0794,PUR_IED_Panama_Fisica_4d0794,,,,,
2026-09-12T16:36:07-05:00,PUR_IED_Panama_SIngles_a4077e,PUR_IED_Panama_SIngles_a4077e,,,,,
2026-09-12T16:36:07-05:00,PUR_IED_Panama_ext_4c54b4,PUR_IED_Panama_ext_4c54b4,,,,,
2026-09-12T16:36:07-05:00,PUR_IED_ParaisoM_Exterior_8cd7f0,PUR_IED_ParaisoM_Exterior_8cd7f0,,,,,
2026-09-12T16:36:07-05:00,PUR_IED_ParaisoM_Laborato_27af35,PUR_IED_ParaisoM_Laborato_27af35,,,,,
2026-09-12T16:36:07-05:00,PUR_IED_ParaisoM_S304_d1edca,PUR_IED_ParaisoM_S304_d1edca,,,,,
2026-09-12T16:36:07-05:00,PUR_IED_PorfirioBarba_Ext_301466,PUR_IED_PorfirioBarba_Ext_301466,,,,,
2026-09-12T16:36:07-05:00,PUR_IED_PorfirioBarba_S11_df6cd2,PUR_IED_PorfirioBarba_S11_df6cd2,,,,,
2026-09-12T16:36:07-05:00,PUR_IED_PorfirioBarba_S29_27a7d6,PUR_IED_PorfirioBarba_S29_27a7d6,,,,,
2026-09-12T16:36:07-05:00,PUR_IED_PradoV_Exter_8b27ad,PUR_IED_PradoV_Exter_8b27ad,,,,,
2026-09-12T16:36:07-05:00,PUR_IED_PradoV_S301_de65b5,PUR_IED_PradoV_S301_de65b5,,,,,
2026-09-12T16:36:07-05:00,PUR_IED_PradoV_S302_7d2593,PUR_IED_PradoV_S302_7d2593,,,,,
2026-09-12T16:36:07-05:00,PUR_IED_QuirogaAlz_Ext_1ddc82,PUR_IED_QuirogaAlz_Ext_1ddc82,,,,,
2026-09-12T16:36:07-05:00,PUR_IED_QuirogaAlz_S302_9926a3,PUR_IED_QuirogaAlz_S302_9926a3,,,,,
2026-09-12T16:36:07-05:00,PUR_IED_QuirogaAlz_S305_cdf1f1,PUR_IED_QuirogaAlz_S305_cdf1f1,,,,,
2026-09-12T16:36:07-05:00,PUR_IED_RGuatemala_Biling_dc53b7,PUR_IED_RGuatemala_Biling_dc53b7,,,,,
2026-09-12T16:36:07-05:00,PUR_IED_RGuatemala_Ext_1b89a3,PUR_IED_RGuatemala_Ext_1b89a3,,,,,
2026-09-12T16:36:07-05:00,PUR_IED_RGuatemala_Tecnol_281a34,PUR_IED_RGuatemala_Tecnol_281a34,,,,,
2026-09-12T16:36:07-05:00,PUR_IED_RafaNu_Ext_f7c302,PUR_IED_RafaNu_Ext_f7c302,,,,,
2026-09-12T16:36:07-05:00,PUR_IED_RafaNu_S1101_25fde,PUR_IED_RafaNu_S1101_25fde,,,,,
2026-09-12T16:36:07-05:00,PUR_IED_RafaNu_S1102_281517,PUR_IED_RafaNu_S1102_281517,,,,,
2026-09-12T16:36:07-05:00,PUR_IED_RafaelB_S305_ee2783,PUR_IED_RafaelB_S305_ee2783,,,,,
2026-09-12T16:36:07-05:00,PUR_IED_RafaelB_S306_75fe33,PUR_IED_RafaelB_S306_75fe33,,,,,
2026-09-12T16:36:07-05:00,PUR_IED_RafaelB_ext_283336,PUR_IED_RafaelB_ext_283336,2,20,57,4.6722,-74.0737
2026-09-12T16:36:07-05:00,PUR_IED_RafaelUU_Exterior_281a51,PUR_IED_RafaelUU_Exterior_281a51,,,,,
2026-09-12T16:36:07-05:00,PUR_IED_RafaelUU_Human_806b2,PUR_IED_RafaelUU_Human_806b2,,,,,
2026-09-12T16:36:07-05:00,PUR_IED_RafaelUU_Mate2_5680d4,PUR_IED_RafaelUU_Mate2_5680d4,,,,,
2026-09-12T16:36:07-05:00,PUR_IED_RamonSub_Ext_f9eeb9,PUR_IED_RamonSub_Ext_f9eeb9,,,,,
2026-09-12T16:36:07-05:00,PUR_IED_RamonSub_Media_d1f62f,PUR_IED_RamonSub_Media_d1f62f,,,,,
2026-09-12T16:36:07-05:00,PUR_IED_RamonSub_planta_51b82,PUR_IED_RamonSub_planta_51b82,,,,,
2026-09-12T16:36:07-05:00,PUR_IED_RepBoliVene_Exter_27af7c,PUR_IED_RepBoliVene_Exter_27af7c,,,,,
2026-09-12T16:36:07-05:00,PUR_IED_RepBoliVene_SCPT_5ae2ee,PUR_IED_RepBoliVene_SCPT_5ae2ee,,,,,
2026-09-12T16:36:07-05:00,PUR_IED_RepBoliVene_Socia_4b11d5,PUR_IED_RepBoliVene_Socia_4b11d5,,,,,
2026-09-12T16:36:07-05:00,PUR_IED_RepChina_Ext_76d9ee,PUR_IED_RepChina_Ext_76d9ee,,,,,
2026-09-12T16:36:07-05:00,PUR_IED_RepChina_S404_7c804c,PUR_IED_RepChina_S404_7c804c,,,,,
2026-09-12T16:36:07-05:00,PUR_IED_RepChina_S405_df2c33,PUR_IED_RepChina_S405_df2c33,,,,,
2026-09-12T16:36:07-05:00,PUR_IED_RepublicaC_Exteri_7d1ec9,PUR_IED_RepublicaC_Exteri_7d1ec9,,,,,
2026-09-12T16:36:07-05:00,PUR_IED_RepublicaC_S1101_f544b3,PUR_IED_RepublicaC_S1101_f544b3,,,,,
2026-09-12T16:36:07-05:00,PUR_IED_RepublicaC_S1102_7aafc7,PUR_IED_RepublicaC_S1102_7aafc7,,,,,
2026-09-12T16:36:07-05:00,PUR_IED_Ricaurte_Externo_a0ea1,PUR_IED_Ricaurte_Externo_a0ea1,,,,,
2026-09-12T16:36:07-05:00,PUR_IED_Ricaurte_S210_f546fd,PUR_IED_Ricaurte_S210_f546fd,,,,,
2026-09-12T16:36:07-05:00,PUR_IED_Ricaurte_S309_d4452,PUR_IED_Ricaurte_S309_d4452,,,,,
2026-09-12T16:36:07-05:00,PUR_IED_RogelioS_1102_531e69,PUR_IED_RogelioS_1102_531e69,,,,,
2026-09-12T16:36:07-05:00,PUR_IED_RogelioS_Ext_f25a18,PUR_IED_RogelioS_Ext_f25a18,,,,,
2026-09-12T16:36:07-05:00,PUR_IED_SBernardino_Ext_27aff8,PUR_IED_SBernardino_Ext_27aff8,,,,,
2026-09-12T16:36:07-05:00,PUR_IED_SBernardino_SArte_2ffd33,PUR_IED_SBernardino_SArte_2ffd33,,,,,
2026-09-12T16:36:07-05:00,PUR_IED_SBernardino_SIngl_7c7da5,PUR_IED_SBernardino_SIngl_7c7da5,,,,,
2026-09-12T16:36:07-05:00,PUR_IED_Sago_auditorio_dc9d1d,PUR_IED_Sago_auditorio_dc9d1d,,,,,
2026-09-12T16:36:07-05:00,PUR_IED_Saludcoop_Ext_95aac3,PUR_IED_Saludcoop_Ext_95aac3,,,,,
2026-09-12T16:36:07-05:00,PUR_IED_Saludcoop_InfI_90c854,PUR_IED_Saludcoop_InfI_90c854,,,,,
2026-09-12T16:36:07-05:00,PUR_IED_Saludcoop_SMedia_1b93be,PUR_IED_Saludcoop_SMedia_1b93be,,,,,
2026-09-12T16:36:07-05:00,PUR_IED_SanCarlos_1101_1a2360,PUR_IED_SanCarlos_1101_1a2360,,,,,
2026-09-12T16:36:07-05:00,PUR_IED_SanCarlos_1103_7bafb5,PUR_IED_SanCarlos_1103_7bafb5,,,,,
2026-09-12T16:36:07-05:00,PUR_IED_SanCarlos_Ext_b7cd1,PUR_IED_SanCarlos_Ext_b7cd1,,,,,
2026-09-12T16:36:07-05:00,PUR_IED_SanIgnacioBosa11a_50c26e,PUR_IED_SanIgnacioBosa11a_50c26e,,,,,
2026-09-12T16:36:07-05:00,PUR_IED_SanIgnacioBosa11b_371de8,PUR_IED_SanIgnacioBosa11b_371de8,,,,,
2026-09-12T16:36:07-05:00,PUR_IED_SanIgnacioBosaExt_ef0ffc,PUR_IED_SanIgnacioBosaExt_ef0ffc,,,,,
2026-09-12T16:36:07-05:00,PUR_IED_SanIgnacioBosa_11a_50c26e,PUR_IED_SanIgnacioBosa_11a_50c26e,,,,,
2026-09-12T16:36:07-05:00,PUR_IED_SanIgnacioBosa_Ext_ef0ffc,PUR_IED_SanIgnacioBosa_Ext_ef0ffc,,,,,
2026-09-12T16:36:07-05:00,PUR_IED_SanJoseN_intS1101_31c47f,PUR_IED_SanJoseN_intS1101_31c47f,,,,,
2026-09-12T16:36:07-05:00,PUR_IED_SanJoseUsm_Exter_f5d7e8,PUR_IED_SanJoseUsm_Exter_f5d7e8,,,,,
2026-09-12T16:36:07-05:00,PUR_IED_SanJoseUsm_Int11A_cfdef6,PUR_IED_SanJoseUsm_Int11A_cfdef6,,,,,
2026-09-12T16:36:07-05:00,PUR_IED_SilveriaR_IntB5_905349,PUR_IED_SilveriaR_IntB5_905349,,,,,
2026-09-12T16:36:07-05:00,PUR_IED_SilveriaR_IntSD14_981f93,PUR_IED_SilveriaR_IntSD14_981f93,,,,,
2026-09-12T16:36:07-05:00,PUR_IED_SilveriaR_ext_2b651d,PUR_IED_SilveriaR_ext_2b651d,,,,,
2026-09-12T16:36:07-05:00,PUR_IED_SimonB_Exterior_913975,PUR_IED_SimonB_Exterior_913975,,,,,
2026-09-12T16:36:07-05:00,PUR_IED_SimonB_LabQuimi_c56908,PUR_IED_SimonB_LabQuimi_c56908,,,,,
2026-09-12T16:36:07-05:00,PUR_IED_SimonB_informatic_a28c1,PUR_IED_SimonB_informatic_a28c1,,,,,
2026-09-12T16:36:07-05:00,PUR_IED_Sorrento_1102_315f50,PUR_IED_Sorrento_1102_315f50,,,,,
2026-09-12T16:36:07-05:00,PUR_IED_Sorrento_Minte_214eab,PUR_IED_Sorrento_Minte_214eab,,,,,
2026-09-12T16:36:07-05:00,PUR_IED_Sorrento_ext_7c3a0a,PUR_IED_Sorrento_ext_7c3a0a,,,,,
2026-09-12T16:36:07-05:00,PUR_IED_Tabora_Ext_f048ae,PUR_IED_Tabora_Ext_f048ae,,,,,
2026-09-12T16:36:07-05:00,PUR_IED_Tabora_S1102_b07752,PUR_IED_Tabora_S1102_b07752,,,,,
2026-09-12T16:36:07-05:00,PUR_IED_Tabora_S1103_d988f5,PUR_IED_Tabora_S1103_d988f5,,,,,
2026-09-12T16:36:07-05:00,PUR_IED_Tenerife_Ext_1ab188,PUR_IED_Tenerife_Ext_1ab188,,,,,
2026-09-12T16:36:07-05:00,PUR_IED_Tenerife_SDanzas_7bc02e,PUR_IED_Tenerife_SDanzas_7bc02e,,,,,
2026-09-12T16:36:07-05:00,PUR_IED_Tenerife_SIngles_7cc277,PUR_IED_Tenerife_SIngles_7cc277,,,,,
2026-09-12T16:36:07-05:00,PUR_IED_Tibabuyes_Exter_f2683d,PUR_IED_Tibabuyes_Exter_f2683d,,,,,
2026-09-12T16:36:07-05:00,PUR_IED_Tibabuyes_S10_dc87a8,PUR_IED_Tibabuyes_S10_dc87a8,,,,,
2026-09-12T16:36:07-05:00,PUR_IED_Tibabuyes_S15_dc0526,PUR_IED_Tibabuyes_S15_dc0526,,,,,
2026-09-12T16:36:07-05:00,PUR_IED_UnionE_S301_a1043,PUR_IED_UnionE_S301_a1043,,,,,
2026-09-12T16:36:07-05:00,PUR_IED_UnionE_S307_ff6c2f,PUR_IED_UnionE_S307_ff6c2f,,,,,
2026-09-12T16:36:07-05:00,PUR_IED_UnionE__Ext_5e2468,PUR_IED_UnionE__Ext_5e2468,,,,,
2026-09-12T16:36:07-05:00,PUR_IED_VillaRica_Ext_75be7c,PUR_IED_VillaRica_Ext_75be7c,,,,,
2026-09-12T16:36:07-05:00,PUR_IED_VillaRica_S4_cc5dcd,PUR_IED_VillaRica_S4_cc5dcd,,,,,
2026-09-12T16:36:07-05:00,PUR_IED_VillaRica_Sesp_99f5c,PUR_IED_VillaRica_Sesp_99f5c,,,,,
2026-09-12T16:41:05-05:00,PUR_IED_20deJulio_1101_91b1b9,PUR_IED_20deJulio_1101_91b1b9,,,,,
2026-09-12T16:41:05-05:00,PUR_IED_20deJulio_1102_1cfcf9,PUR_IED_20deJulio_1102_1cfcf9,,,,,
2026-09-12T16:41:05-05:00,PUR_IED_20deJulio_Ext_ab60bd,PUR_IED_20deJulio_Ext_ab60bd,,,,,
2026-09-12T16:41:05-05:00,PUR_IED_AgustinFer_Ext_7b9b77,PUR_IED_AgustinFer_Ext_7b9b77,,,,,
2026-09-12T16:41:05-05:00,PUR_IED_AgustinFer_Info2_27b3a7,PUR_IED_AgustinFer_Info2_27b3a7,,,,,
2026-09-12T16:41:05-05:00,PUR_IED_AgustinFer_Sena_54b4eb,PUR_IED_AgustinFer_Sena_54b4eb,,,,,
2026-09-12T16:41:05-05:00,PUR_IED_AlexanderF_1102_caf07b,PUR_IED_AlexanderF_1102_caf07b,,,,,
2026-09-12T16:41:05-05:00,PUR_IED_AlexanderF_1103_c79e71,PUR_IED_AlexanderF_1103_c79e71,,,,,
2026-09-12T16:41:05-05:00,PUR_IED_AlexanderF_Ext_c5b18b,PUR_IED_AlexanderF_Ext_c5b18b,,,,,
2026-09-12T16:41:05-05:00,PUR_IED_AlfonsoLopez_Ext_281d77,PUR_IED_AlfonsoLopez_Ext_281d77,,,,,
2026-09-12T16:41:05-05:00,PUR_IED_AlfonsoLopez_LabF_888ce0,PUR_IED_AlfonsoLopez_LabF_888ce0,,,,,
2026-09-12T16:41:05-05:00,PUR_IED_AlfonsoLopez_SMed_df6a7f,PUR_IED_AlfonsoLopez_SMed_df6a7f,,,,,
2026-09-12T16:41:05-05:00,PUR_IED_AltamiraSO_A2_209f92,PUR_IED_AltamiraSO_A2_209f92,,,,,
2026-09-12T16:41:05-05:00,PUR_IED_AltamiraSO_Ext_186d66,PUR_IED_AltamiraSO_Ext_186d66,,,,,
2026-09-12T16:41:05-05:00,PUR_IED_AltamiraSO_Sistem_27afe1,PUR_IED_AltamiraSO_Sistem_27afe1,,,,,
2026-09-12T16:41:05-05:00,PUR_IED_AlvaroGom_LabQuim_813179,PUR_IED_AlvaroGom_LabQuim_813179,,,,,
2026-09-12T16:41:05-05:00,PUR_IED_AlvaroGomez_Ext_47c7ca,PUR_IED_AlvaroGomez_Ext_47c7ca,,,,,
2026-09-12T16:41:05-05:00,PUR_IED_AlvaroGomez_LabQuim_813179,PUR_IED_AlvaroGomez_LabQuim_813179,,,,,
2026-09-12T16:41:05-05:00,PUR_IED_AlvaroGomez_S23_7ba89f,PUR_IED_AlvaroGomez_S23_7ba89f,,,,,
2026-09-12T16:41:05-05:00,PUR_IED_Amistad_306_dc8728,PUR_IED_Amistad_306_dc8728,,,,,
2026-09-12T16:41:05-05:00,PUR_IED_Amistad_Ext_8cd55e,PUR_IED_Amistad_Ext_8cd55e,,,,,
2026-09-12T16:41:05-05:00,PUR_IED_Amistad_S202_a41169,PUR_IED_Amistad_S202_a41169,,,,,
2026-09-12T16:41:05-05:00,PUR_IED_AndresBello_Bio_fd5f5e,PUR_IED_AndresBello_Bio_fd5f5e,,,,,
2026-09-12T16:41:05-05:00,PUR_IED_AndresBello_ext_dcad65,PUR_IED_AndresBello_ext_dcad65,,,,,
2026-09-12T16:41:05-05:00,PUR_IED_AndresBello_port_eed3ec,PUR_IED_AndresBello_port_eed3ec,,,,,
2026-09-12T16:41:05-05:00,PUR_IED_AngelaR_11b_d90a6b,PUR_IED_AngelaR_11b_d90a6b,,,,,
2026-09-12T16:41:05-05:00,PUR_IED_AngelaR_ext_7cad3e,PUR_IED_AngelaR_ext_7cad3e,3,20,60,4.5825,-74.164497
2026-09-12T16:41:05-05:00,PUR_IED_AntJoseSucre_10mo_df2575,PUR_IED_AntJoseSucre_10mo_df2575,,,,,
2026-09-12T16:41:05-05:00,PUR_IED_AntJoseSucre_Ext_215b36,PUR_IED_AntJoseSucre_Ext_215b36,,,,,
2026-09-12T16:41:05-05:00,PUR_IED_AntJoseSucre_Lab_3139de,PUR_IED_AntJoseSucre_Lab_3139de,,,,,
2026-09-12T16:41:05-05:00,PUR_IED_AntonioGarcia_301_d6b188,PUR_IED_AntonioGarcia_301_d6b188,,,,,
2026-09-12T16:41:05-05:00,PUR_IED_AntonioGarcia_302_88a82,PUR_IED_AntonioGarcia_302_88a82,,,,,
2026-09-12T16:41:05-05:00,PUR_IED_AntonioGarcia_Ext_20950c,PUR_IED_AntonioGarcia_Ext_20950c,,,,,
2026-09-12T16:41:05-05:00,PUR_IED_AntonioVan_Aula2_6dea02,PUR_IED_AntonioVan_Aula2_6dea02,,,,,
2026-09-12T16:41:05-05:00,PUR_IED_AntonioVan_Aula5_f1557e,PUR_IED_AntonioVan_Aula5_f1557e,,,,,
2026-09-12T16:41:05-05:00,PUR_IED_AntonioVan_Ext_406f2f,PUR_IED_AntonioVan_Ext_406f2f,,,,,
2026-09-12T16:41:05-05:00,PUR_IED_Atabanzha_Ext_cc5af9,PUR_IED_Atabanzha_Ext_cc5af9,,,,,
2026-09-12T16:41:05-05:00,PUR_IED_Atabanzha_SA101_56c37,PUR_IED_Atabanzha_SA101_56c37,,,,,
2026-09-12T16:41:05-05:00,PUR_IED_Atabanzha_SB302_27b374,PUR_IED_Atabanzha_SB302_27b374,,,,,
2026-09-12T16:41:05-05:00,PUR_IED_Atahualpa_Ext_fc1748,PUR_IED_Atahualpa_Ext_fc1748,,,,,
2026-09-12T16:41:05-05:00,PUR_IED_Atahualpa_Informa_dc9a95,PUR_IED_Atahualpa_Informa_dc9a95,,,,,
2026-09-12T16:41:05-05:00,PUR_IED_Atahualpa_S1101_f98056,PUR_IED_Atahualpa_S1101_f98056,,,,,
2026-09-12T16:41:05-05:00,PUR_IED_Bellavista_Ext_f5aa74,PUR_IED_Bellavista_Ext_f5aa74,,,,,
2026-09-12T16:41:05-05:00,PUR_IED_Bilbao_11A_916c41,PUR_IED_Bilbao_11A_916c41,,,,,
2026-09-12T16:41:05-05:00,PUR_IED_Bilbao_Ext_fb579a,PUR_IED_Bilbao_Ext_fb579a,,,,,
2026-09-12T16:41:05-05:00,PUR_IED_BrasiliaU_A125_304280,PUR_IED_BrasiliaU_A125_304280,,,,,
2026-09-12T16:41:05-05:00,PUR_IED_BrasiliaU_A203_7c8ca5,PUR_IED_BrasiliaU_A203_7c8ca5,,,,,
2026-09-12T16:41:05-05:00,PUR_IED_BrasiliaU_Ext_8d6e9f,PUR_IED_BrasiliaU_Ext_8d6e9f,4,20,58,4.5175,-74.116302
2026-09-12T16:41:05-05:00,PUR_IED_Brasilia_Ext_fe6593,PUR_IED_Brasilia_Ext_fe6593,,,,,
2026-09-12T16:41:05-05:00,PUR_IED_Brasilia_S24_7c130d,PUR_IED_Brasilia_S24_7c130d,,,,,
2026-09-12T16:41:05-05:00,PUR_IED_Brasilia_S501_186a54,PUR_IED_Brasilia_S501_186a54,,,,,
2026-09-12T16:41:05-05:00,PUR_IED_CHARRY_EXT_f1d5cd,PUR_IED_CHARRY_EXT_f1d5cd,,,,,
2026-09-12T16:41:05-05:00,PUR_IED_CHARRY_INTDANZAS_7a08e6,PUR_IED_CHARRY_INTDANZAS_7a08e6,,,,,
2026-09-12T16:41:05-05:00,PUR_IED_CHARRY_INT_AULA20_dc998d,PUR_IED_CHARRY_INT_AULA20_dc998d,,,,,
2026-09-12T16:41:05-05:00,PUR_IED_COLVIV_1101_S25_7f520a,PUR_IED_COLVIV_1101_S25_7f520a,,,,,
2026-09-12T16:41:05-05:00,PUR_IED_COLVIV_1102_S16_f570ba,PUR_IED_COLVIV_1102_S16_f570ba,,,,,
2026-09-12T16:41:05-05:00,PUR_IED_COLVIV_Ext_1a26fa,PUR_IED_COLVIV_Ext_1a26fa,,,,,
2026-09-12T16:41:05-05:00,PUR_IED_CULPOP_301A_f660f3,PUR_IED_CULPOP_301A_f660f3,,,,,
2026-09-12T16:41:05-05:00,PUR_IED_CULPOP_303_568afe,PUR_IED_CULPOP_303_568afe,,,,,
2026-09-12T16:41:05-05:00,PUR_IED_CULPOP_Ext_e02ccb,PUR_IED_CULPOP_Ext_e02ccb,,,,,
2026-09-12T16:41:05-05:00,PUR_IED_CVillavicen_Ext_26eb58,PUR_IED_CVillavicen_Ext_26eb58,7,17,77,4.487,-74.102798
2026-09-12T16:41:05-05:00,PUR_IED_CVillavicen_Intel_1ce5c2,PUR_IED_CVillavicen_Intel_1ce5c2,,,,,
2026-09-12T16:41:05-05:00,PUR_IED_CVillavicen_Poliv_e0766c,PUR_IED_CVillavicen_Poliv_e0766c,,,,,
2026-09-12T16:41:05-05:00,PUR_IED_CVillavicen_int_1ba140,PUR_IED_CVillavicen_int_1ba140,,,,,
2026-09-12T16:41:05-05:00,PUR_IED_CVillavicen_intel_1ba140,PUR_IED_CVillavicen_intel_1ba140,,,,,
2026-09-12T16:41:05-05:00,PUR_IED_CarlosPizarro_Ext_e307cc,PUR_IED_CarlosPizarro_Ext_e307cc,,,,,
2026-09-12T16:41:05-05:00,PUR_IED_CarlosPizarro_L36_7e5cdb,PUR_IED_CarlosPizarro_L36_7e5cdb,,,,,
2026-09-12T16:41:05-05:00,PUR_IED_CarlosPizarro_L37_c8566c,PUR_IED_CarlosPizarro_L37_c8566c,,,,,
2026-09-12T16:41:05-05:00,PUR_IED_Castilla_Ext_cf35f,PUR_IED_Castilla_Ext_cf35f,,,,,
2026-09-12T16:41:05-05:00,PUR_IED_Castilla_SFisik_360e38,PUR_IED_Castilla_SFisik_360e38,,,,,
2026-09-12T16:41:05-05:00,PUR_IED_Castilla_Sc304_496fbf,PUR_IED_Castilla_Sc304_496fbf,,,,,
2026-09-12T16:41:05-05:00,PUR_IED_CervantesSa_Ext_6b57b,PUR_IED_CervantesSa_Ext_6b57b,3,19,66,4.5128,-74.117203
2026-09-12T16:41:05-05:00,PUR_IED_CervantesSa_S107_225c2b,PUR_IED_CervantesSa_S107_225c2b,,,,,
2026-09-12T16:41:05-05:00,PUR_IED_CervantesSa_S108_940925,PUR_IED_CervantesSa_S108_940925,,,,,
2026-09-12T16:41:05-05:00,PUR_IED_Charry_A20_f53e7c,PUR_IED_Charry_A20_f53e7c,,,,,
2026-09-12T16:41:05-05:00,PUR_IED_Charry_Ext_f1d5cd,PUR_IED_Charry_Ext_f1d5cd,,,,,
2026-09-12T16:41:05-05:00,PUR_IED_Charry_IntAula20_dc998d,PUR_IED_Charry_IntAula20_dc998d,,,,,
2026-09-12T16:41:05-05:00,PUR_IED_Charry_IntDanzas_7a08e6,PUR_IED_Charry_IntDanzas_7a08e6,,,,,
2026-09-12T16:41:05-05:00,PUR_IED_ClememciaC_203_43e2fc,PUR_IED_ClememciaC_203_43e2fc,,,,,
2026-09-12T16:41:05-05:00,PUR_IED_ClememciaC_Ext_1b411a,PUR_IED_ClememciaC_Ext_1b411a,,,,,
2026-09-12T16:41:05-05:00,PUR_IED_ClememciaC_Quimic_44b5fc,PUR_IED_ClememciaC_Quimic_44b5fc,,,,,
2026-09-12T16:41:05-05:00,PUR_IED_ClemenciaC_203_43e2fc,PUR_IED_ClemenciaC_203_43e2fc,,,,,
2026-09-12T16:41:05-05:00,PUR_IED_ClemenciaC_Ext_1b411a,PUR_IED_ClemenciaC_Ext_1b411a,,,,,
2026-09-12T16:41:05-05:00,PUR_IED_ClemenciaC_Quimic_44b5fc,PUR_IED_ClemenciaC_Quimic_44b5fc,,,,,
2026-09-12T16:41:05-05:00,PUR_IED_ColViva_1101_S25_7f520a,PUR_IED_ColViva_1101_S25_7f520a,,,,,
2026-09-12T16:41:05-05:00,PUR_IED_ColViva_1102_S16_f570ba,PUR_IED_ColViva_1102_S16_f570ba,,,,,
2026-09-12T16:41:05-05:00,PUR_IED_ColViva_Ext_1a26fa,PUR_IED_ColViva_Ext_1a26fa,,,,,
2026-09-12T16:41:05-05:00,PUR_IED_ColegioBici_Asist_7c8798,PUR_IED_ColegioBici_Asist_7c8798,,,,,
2026-09-12T16:41:05-05:00,PUR_IED_ColegioBici_Ext_25cbf6,PUR_IED_ColegioBici_Ext_25cbf6,,,,,
2026-09-12T16:41:05-05:00,PUR_IED_ColegioBici_LabQ_7b57db,PUR_IED_ColegioBici_LabQ_7b57db,,,,,
2026-09-12T16:41:05-05:00,PUR_IED_CostaRica_Ext_5e640,PUR_IED_CostaRica_Ext_5e640,,,,,
2026-09-12T16:41:05-05:00,PUR_IED_CostaRica_Quim1_766d1c,PUR_IED_CostaRica_Quim1_766d1c,,,,,
2026-09-12T16:41:05-05:00,PUR_IED_CostaRica__Fisica_6f0873,PUR_IED_CostaRica__Fisica_6f0873,,,,,
2026-09-12T16:41:05-05:00,PUR_IED_CulPopu_301A_f660f3,PUR_IED_CulPopu_301A_f660f3,,,,,
2026-09-12T16:41:05-05:00,PUR_IED_CulPopu_303_568afe,PUR_IED_CulPopu_303_568afe,,,,,
2026-09-12T16:41:05-05:00,PUR_IED_CulPopu_Ext_e02ccb,PUR_IED_CulPopu_Ext_e02ccb,,,,,
2026-09-12T16:41:05-05:00,PUR_IED_Cundinamarca_Ext_f15985,PUR_IED_Cundinamarca_Ext_f15985,,,,,
2026-09-12T16:41:05-05:00,PUR_IED_Cundinamarca_Info_7aa5d7,PUR_IED_Cundinamarca_Info_7aa5d7,,,,,
2026-09-12T16:41:05-05:00,PUR_IED_Cundinamarca_Tec2_f449c7,PUR_IED_Cundinamarca_Tec2_f449c7,,,,,
2026-09-12T16:41:05-05:00,PUR_IED_DiegoM_Aula1_27b314,PUR_IED_DiegoM_Aula1_27b314,,,,,
2026-09-12T16:41:05-05:00,PUR_IED_DiegoM_Ext_d80ac8,PUR_IED_DiegoM_Ext_d80ac8,,,,,
2026-09-12T16:41:05-05:00,PUR_IED_DiegoM_S25_da928f,PUR_IED_DiegoM_S25_da928f,,,,,
2026-09-12T16:41:05-05:00,PUR_IED_ELRODEO_360881,PUR_IED_ELRODEO_360881,,,,,
2026-09-12T16:41:05-05:00,PUR_IED_ELRODEO_ext_360881,PUR_IED_ELRODEO_ext_360881,,,,,
2026-09-12T16:41:05-05:00,PUR_IED_EduardoU_Ext_1c1969,PUR_IED_EduardoU_Ext_1c1969,,,,,
2026-09-12T16:41:05-05:00,PUR_IED_EduardoU_SCiencia_4dfb94,PUR_IED_EduardoU_SCiencia_4dfb94,,,,,
2026-09-12T16:41:05-05:00,PUR_IED_EduardoU_SQuimica_5a46e7,PUR_IED_EduardoU_SQuimica_5a46e7,,,,,
2026-09-12T16:41:05-05:00,PUR_IED_ElRodeo_Aula14_676984,PUR_IED_ElRodeo_Aula14_676984,,,,,
2026-09-12T16:41:05-05:00,PUR_IED_ElRodeo_Aula16_2dd35b,PUR_IED_ElRodeo_Aula16_2dd35b,,,,,
2026-09-12T16:41:05-05:00,PUR_IED_ElRodeo_Ext_360881,PUR_IED_ElRodeo_Ext_360881,,,,,
2026-09-12T16:41:05-05:00,PUR_IED_ElRodeo_Exterior_8c6d28,PUR_IED_ElRodeo_Exterior_8c6d28,,,,,
2026-09-12T16:41:05-05:00,PUR_IED_ElRodeo_ext_360881,PUR_IED_ElRodeo_ext_360881,,,,,
2026-09-12T16:41:05-05:00,PUR_IED_EmmaReyes_Ext_987625,PUR_IED_EmmaReyes_Ext_987625,3,22,49,4.6367,-74.1511
2026-09-12T16:41:05-05:00,PUR_IED_Ensueño_Ext_7f0250,PUR_IED_Ensueño_Ext_7f0250,,,,,
2026-09-12T16:41:05-05:00,PUR_IED_EscNormal_Ext_5fef3b,PUR_IED_EscNormal_Ext_5fef3b,2,21,55,4.5852,-74.096901
2026-09-12T16:41:05-05:00,PUR_IED_EscNormal_S309_5b263,PUR_IED_EscNormal_S309_5b263,,,,,
2026-09-12T16:41:05-05:00,PUR_IED_EscNormal_S310_27b3b8,PUR_IED_EscNormal_S310_27b3b8,,,,,
2026-09-12T16:41:05-05:00,PUR_IED_Evangelista_Conta_f6cd4f,PUR_IED_Evangelista_Conta_f6cd4f,,,,,
2026-09-12T16:41:05-05:00,PUR_IED_Evangelista_Cri_5e16a,PUR_IED_Evangelista_Cri_5e16a,,,,,
2026-09-12T16:41:05-05:00,PUR_IED_Evangelista_Exter_754066,PUR_IED_Evangelista_Exter_754066,,,,,
2026-09-12T16:41:05-05:00,PUR_IED_FMiranda_S209_5cc2a3,PUR_IED_FMiranda_S209_5cc2a3,,,,,
2026-09-12T16:41:05-05:00,PUR_IED_FMiranda_S303_19e344,PUR_IED_FMiranda_S303_19e344,,,,,
2026-09-12T16:41:05-05:00,PUR_IED_FMiranda_ext_f53e7c,PUR_IED_FMiranda_ext_f53e7c,,,,,
2026-09-12T16:41:05-05:00,PUR_IED_FabioLozano_Bibli_1cee05,PUR_IED_FabioLozano_Bibli_1cee05,,,,,
2026-09-12T16:41:05-05:00,PUR_IED_FabioLozano_Ext_6ea285,PUR_IED_FabioLozano_Ext_6ea285,,,,,
2026-09-12T16:41:05-05:00,PUR_IED_FabioLozano_SLudi_f09e1e,PUR_IED_FabioLozano_SLudi_f09e1e,,,,,
2026-09-12T16:41:05-05:00,PUR_IED_FaustinoS_Aula07_27a731,PUR_IED_FaustinoS_Aula07_27a731,,,,,
2026-09-12T16:41:05-05:00,PUR_IED_FaustinoS_Ext_7b936f,PUR_IED_FaustinoS_Ext_7b936f,,,,,
2026-09-12T16:41:05-05:00,PUR_IED_FaustinoS_Fisica_da2c60,PUR_IED_FaustinoS_Fisica_da2c60,,,,,
2026-09-12T16:41:05-05:00,PUR_IED_FeGarciaLo_Ext_dc68ee,PUR_IED_FeGarciaLo_Ext_dc68ee,,,,,
2026-09-12T16:41:05-05:00,PUR_IED_FeGarciaLo_SDanza_f70a59,PUR_IED_FeGarciaLo_SDanza_f70a59,,,,,
2026-09-12T16:41:05-05:00,PUR_IED_FeGarciaLo_SMusic_125cdd,PUR_IED_FeGarciaLo_SMusic_125cdd,,,,,
2026-09-12T16:41:05-05:00,PUR_IED_FederalAlema_Exte_50c345,PUR_IED_FederalAlema_Exte_50c345,,,,,
2026-09-12T16:41:05-05:00,PUR_IED_FederalAlema_S31_f18371,PUR_IED_FederalAlema_S31_f18371,,,,,
2026-09-12T16:41:05-05:00,PUR_IED_FederalAlema_S901_a62cd,PUR_IED_FederalAlema_S901_a62cd,,,,,
2026-09-12T16:41:05-05:00,PUR_IED_FilarmonicaS_A5_f35eb1,PUR_IED_FilarmonicaS_A5_f35eb1,,,,,
2026-09-12T16:41:05-05:00,PUR_IED_FilarmonicaS_Ext_8a3bde,PUR_IED_FilarmonicaS_Ext_8a3bde,,,,,
2026-09-12T16:41:05-05:00,PUR_IED_FilarmonicaS_Spol_406114,PUR_IED_FilarmonicaS_Spol_406114,,,,,
2026-09-12T16:41:05-05:00,PUR_IED_FlorentinoG_A13_d1fa59,PUR_IED_FlorentinoG_A13_d1fa59,,,,,
2026-09-12T16:41:05-05:00,PUR_IED_FlorentinoG_Ext_1ce6ce,PUR_IED_FlorentinoG_Ext_1ce6ce,,,,,
2026-09-12T16:41:05-05:00,PUR_IED_FlorentinoG_Idiom_a66aac,PUR_IED_FlorentinoG_Idiom_a66aac,,,,,
2026-09-12T16:41:05-05:00,PUR_IED_FranciscoMati_Ext_e3869d,PUR_IED_FranciscoMati_Ext_e3869d,,,,,
2026-09-12T16:41:05-05:00,PUR_IED_FranciscoMati_S13_f31c67,PUR_IED_FranciscoMati_S13_f31c67,,,,,
2026-09-12T16:41:05-05:00,PUR_IED_FranciscoMati_S14_97dead,PUR_IED_FranciscoMati_S14_97dead,,,,,
2026-09-12T16:41:05-05:00,PUR_IED_FranciscoPS_Ext_7bfa9a,PUR_IED_FranciscoPS_Ext_7bfa9a,2,21,56,4.5899,-74.110397
2026-09-12T16:41:05-05:00,PUR_IED_FranciscoPS_Infor_fb8f4c,PUR_IED_FranciscoPS_Infor_fb8f4c,,,,,
2026-09-12T16:41:05-05:00,PUR_IED_FranciscoPS_Quimi_94d39c,PUR_IED_FranciscoPS_Quimi_94d39c,,,,,
2026-09-12T16:41:05-05:00,PUR_IED_FranciscoP_LabQ_d7e148,PUR_IED_FranciscoP_LabQ_d7e148,,,,,
2026-09-12T16:41:05-05:00,PUR_IED_FranciscoP_S28_cf9b30,PUR_IED_FranciscoP_S28_cf9b30,,,,,
2026-09-12T16:41:05-05:00,PUR_IED_FranciscoP_ext_e2313,PUR_IED_FranciscoP_ext_e2313,,,,,
2026-09-12T16:41:05-05:00,PUR_IED_FriederichN_Ext_8ac92a,PUR_IED_FriederichN_Ext_8ac92a,,,,,
2026-09-12T16:41:05-05:00,PUR_IED_FriederichN_S301_dd7e5a,PUR_IED_FriederichN_S301_dd7e5a,,,,,
2026-09-12T16:41:05-05:00,PUR_IED_FriederichN_S308_761f4f,PUR_IED_FriederichN_S308_761f4f,,,,,
2026-09-12T16:41:05-05:00,PUR_IED_GSantander_Aula10_533dd7,PUR_IED_GSantander_Aula10_533dd7,,,,,
2026-09-12T16:41:05-05:00,PUR_IED_GSantander_Aula12_fd4e4f,PUR_IED_GSantander_Aula12_fd4e4f,,,,,
2026-09-12T16:41:05-05:00,PUR_IED_GSantander_Aula310_533dd7,PUR_IED_GSantander_Aula310_533dd7,,,,,
2026-09-12T16:41:05-05:00,PUR_IED_GSantander_Aula312_fd4e4f,PUR_IED_GSantander_Aula312_fd4e4f,,,,,
2026-09-12T16:41:05-05:00,PUR_IED_GSantander_Ext_5f66b0,PUR_IED_GSantander_Ext_5f66b0,,,,,
2026-09-12T16:41:05-05:00,PUR_IED_GYomasa_Ext_f6bea5,PUR_IED_GYomasa_Ext_f6bea5,,,,,
2026-09-12T16:41:05-05:00,PUR_IED_GYomasa_LBiol_2c41aa,PUR_IED_GYomasa_LBiol_2c41aa,,,,,
2026-09-12T16:41:05-05:00,PUR_IED_GYomasa_LQuim_33c80,PUR_IED_GYomasa_LQuim_33c80,,,,,
2026-09-12T16:41:05-05:00,PUR_IED_GabBetMejia_Cienc_5a99c,PUR_IED_GabBetMejia_Cienc_5a99c,,,,,
2026-09-12T16:41:05-05:00,PUR_IED_GabBetMejia_Ext_9153d0,PUR_IED_GabBetMejia_Ext_9153d0,,,,,
2026-09-12T16:41:05-05:00,PUR_IED_GabBetMejia_Lab_f55347,PUR_IED_GabBetMejia_Lab_f55347,,,,,
2026-09-12T16:41:05-05:00,PUR_IED_GabBetanMejia_Ext_9153d0,PUR_IED_GabBetanMejia_Ext_9153d0,,,,,
2026-09-12T16:41:05-05:00,PUR_IED_Gaitana_Aula13_7aac11,PUR_IED_Gaitana_Aula13_7aac11,,,,,
2026-09-12T16:41:05-05:00,PUR_IED_Gaitana_Ext_5fcf4,PUR_IED_Gaitana_Ext_5fcf4,,,,,
2026-09-12T16:41:05-05:00,PUR_IED_Gaitana_LabFisica_644448,PUR_IED_Gaitana_LabFisica_644448,,,,,
2026-09-12T16:41:05-05:00,PUR_IED_GenSantander_Dise_8ac858,PUR_IED_GenSantander_Dise_8ac858,,,,,
2026-09-12T16:41:05-05:00,PUR_IED_GenSantander_Ext_8d5dfe,PUR_IED_GenSantander_Ext_8d5dfe,,,,,
2026-09-12T16:41:05-05:00,PUR_IED_GenSantander_Info_6c25b,PUR_IED_GenSantander_Info_6c25b,,,,,
2026-09-12T16:41:05-05:00,PUR_IED_GustavoMo_Exterio_75e63d,PUR_IED_GustavoMo_Exterio_75e63d,,,,,
2026-09-12T16:41:05-05:00,PUR_IED_GustavoMo_LabFisi_224d37,PUR_IED_GustavoMo_LabFisi_224d37,,,,,
2026-09-12T16:41:05-05:00,PUR_IED_GustavoMo_S208_3e6918,PUR_IED_GustavoMo_S208_3e6918,,,,,
2026-09-12T16:41:05-05:00,PUR_IED_GustavoR_A02_8cd4a8,PUR_IED_GustavoR_A02_8cd4a8,,,,,
2026-09-12T16:41:05-05:00,PUR_IED_GustavoR_B11_5b0ed,PUR_IED_GustavoR_B11_5b0ed,,,,,
2026-09-12T16:41:05-05:00,PUR_IED_GustavoR_Ext_7a0c90,PUR_IED_GustavoR_Ext_7a0c90,,,,,
2026-09-12T16:41:05-05:00,PUR_IED_HernandoDuran_Ext_8cd82b,PUR_IED_HernandoDuran_Ext_8cd82b,,,,,
2026-09-12T16:41:05-05:00,PUR_IED_HernandoDuran_S24_2772c6,PUR_IED_HernandoDuran_S24_2772c6,,,,,
2026-09-12T16:41:05-05:00,PUR_IED_HernandoDuran_S30_f2de41,PUR_IED_HernandoDuran_S30_f2de41,,,,,
2026-09-12T16:41:05-05:00,PUR_IED_HolguInUr_S1101_8cd732,PUR_IED_HolguInUr_S1101_8cd732,,,,,
2026-09-12T16:41:05-05:00,PUR_IED_HolguinUr_Exter_ddae6d,PUR_IED_HolguinUr_Exter_ddae6d,,,,,
2026-09-12T16:41:05-05:00,PUR_IED_HolguinUr_LabQuim_92b952,PUR_IED_HolguinUr_LabQuim_92b952,,,,,
2026-09-12T16:41:05-05:00,PUR_IED_Isabel-II_Ext_5245cc,PUR_IED_Isabel-II_Ext_5245cc,2,20,56,4.6336,-74.153
2026-09-12T16:41:05-05:00,PUR_IED_Isabel-II_S_idiom_1c29aa,PUR_IED_Isabel-II_S_idiom_1c29aa,,,,,
2026-09-12T16:41:05-05:00,PUR_IED_Isabel-II_S_infor_fd741,PUR_IED_Isabel-II_S_infor_fd741,,,,,
2026-09-12T16:41:05-05:00,PUR_IED_IsidroSur_Exterio_5b90ea,PUR_IED_IsidroSur_Exterio_5b90ea,,,,,
2026-09-12T16:41:05-05:00,PUR_IED_IsidroSur_LabTec_56697a,PUR_IED_IsidroSur_LabTec_56697a,,,,,
2026-09-12T16:41:05-05:00,PUR_IED_IsidroSur_Robotic_b7c38f,PUR_IED_IsidroSur_Robotic_b7c38f,,,,,
2026-09-12T16:41:05-05:00,PUR_IED_IsmaelPerd_Ext_7b6672,PUR_IED_IsmaelPerd_Ext_7b6672,,,,,
2026-09-12T16:41:05-05:00,PUR_IED_IsmaelPerd_Inform_306540,PUR_IED_IsmaelPerd_Inform_306540,,,,,
2026-09-12T16:41:05-05:00,PUR_IED_IsmaelPerd_S30_2e2c83,PUR_IED_IsmaelPerd_S30_2e2c83,,,,,
2026-09-12T16:41:05-05:00,PUR_IED_JLozano_Exter_432910,PUR_IED_JLozano_Exter_432910,,,,,
2026-09-12T16:41:05-05:00,PUR_IED_JLozano_salaMulti_df5125,PUR_IED_JLozano_salaMulti_df5125,,,,,
2026-09-12T16:41:05-05:00,PUR_IED_JMCordoba_206_86f80b,PUR_IED_JMCordoba_206_86f80b,,,,,
2026-09-12T16:41:05-05:00,PUR_IED_JMCordoba_Ext_27ad97,PUR_IED_JMCordoba_Ext_27ad97,,,,,
2026-09-12T16:41:05-05:00,PUR_IED_JMCordoba_S310_d59ab4,PUR_IED_JMCordoba_S310_d59ab4,,,,,
2026-09-12T16:41:05-05:00,PUR_IED_Japon_Ext_549100,PUR_IED_Japon_Ext_549100,,,,,
2026-09-12T16:41:05-05:00,PUR_IED_Japon_Laboratorio_bec51d,PUR_IED_Japon_Laboratorio_bec51d,,,,,
2026-09-12T16:41:05-05:00,PUR_IED_Japon_informatica_d99327,PUR_IED_Japon_informatica_d99327,,,,,
2026-09-12T16:41:05-05:00,PUR_IED_Jazmin_Ext_d27bda,PUR_IED_Jazmin_Ext_d27bda,,,,,
2026-09-12T16:41:05-05:00,PUR_IED_Jazmin_Fisica_8d14d7,PUR_IED_Jazmin_Fisica_8d14d7,,,,,
2026-09-12T16:41:05-05:00,PUR_IED_Jazmin_Quimica_801cb5,PUR_IED_Jazmin_Quimica_801cb5,,,,,
2026-09-12T16:41:05-05:00,PUR_IED_JorgeGaitan_Exter_f098d1,PUR_IED_JorgeGaitan_Exter_f098d1,,,,,
2026-09-12T16:41:05-05:00,PUR_IED_JorgeGaitan_STec1_dc9d1d,PUR_IED_JorgeGaitan_STec1_dc9d1d,,,,,
2026-09-12T16:41:05-05:00,PUR_IED_JorgeGaitan_STec2_281e69,PUR_IED_JorgeGaitan_STec2_281e69,,,,,
2026-09-12T16:41:05-05:00,PUR_IED_JorgeSoto_Exterio_d9d0a2,PUR_IED_JorgeSoto_Exterio_d9d0a2,,,,,
2026-09-12T16:41:05-05:00,PUR_IED_JorgeSoto_LabFisi_209c54,PUR_IED_JorgeSoto_LabFisi_209c54,,,,,
2026-09-12T16:41:05-05:00,PUR_IED_JorgeSoto_S103_27b51a,PUR_IED_JorgeSoto_S103_27b51a,,,,,
2026-09-12T16:41:05-05:00,PUR_IED_JoseAcevedo_A02_e965eb,PUR_IED_JoseAcevedo_A02_e965eb,,,,,
2026-09-12T16:41:05-05:00,PUR_IED_JoseAcevedo_A07_dd5b4,PUR_IED_JoseAcevedo_A07_dd5b4,,,,,
2026-09-12T16:41:05-05:00,PUR_IED_JoseAcevedo_Ext_b47484,PUR_IED_JoseAcevedo_Ext_b47484,,,,,
2026-09-12T16:41:05-05:00,PUR_IED_JoseMarti_Exte_5b9bf,PUR_IED_JoseMarti_Exte_5b9bf,,,,,
2026-09-12T16:41:05-05:00,PUR_IED_JoseMarti_LabQuim_1c6c2d,PUR_IED_JoseMarti_LabQuim_1c6c2d,,,,,
2026-09-12T16:41:05-05:00,PUR_IED_JoseMarti_S_info_f5f177,PUR_IED_JoseMarti_S_info_f5f177,,,,,
2026-09-12T16:41:05-05:00,PUR_IED_Josejoaquin_Ext_dfc5dc,PUR_IED_Josejoaquin_Ext_dfc5dc,,,,,
2026-09-12T16:41:05-05:00,PUR_IED_Josejoaquin_S05_5b2a96,PUR_IED_Josejoaquin_S05_5b2a96,,,,,
2026-09-12T16:41:05-05:00,PUR_IED_Josejoaquin_S06_1ce7d2,PUR_IED_Josejoaquin_S06_1ce7d2,,,,,
2026-09-12T16:41:05-05:00,PUR_IED_JulioFlorez_Danza_9b82dd,PUR_IED_JulioFlorez_Danza_9b82dd,,,,,
2026-09-12T16:41:05-05:00,PUR_IED_JulioFlorez_Exter_f9f314,PUR_IED_JulioFlorez_Exter_f9f314,,,,,
2026-09-12T16:41:05-05:00,PUR_IED_JulioFlorez_info2_6b6e08,PUR_IED_JulioFlorez_info2_6b6e08,,,,,
2026-09-12T16:41:05-05:00,PUR_IED_LaBelleza_Aula13_1d00d8,PUR_IED_LaBelleza_Aula13_1d00d8,,,,,
2026-09-12T16:41:05-05:00,PUR_IED_LaBelleza_Ext_7bc08c,PUR_IED_LaBelleza_Ext_7bc08c,,,,,
2026-09-12T16:41:05-05:00,PUR_IED_LaChucua_Ext_8cd6d2,PUR_IED_LaChucua_Ext_8cd6d2,,,,,
2026-09-12T16:41:05-05:00,PUR_IED_LaChucua_S15_f578ce,PUR_IED_LaChucua_S15_f578ce,,,,,
2026-09-12T16:41:05-05:00,PUR_IED_LaChucua_S16_eebcf9,PUR_IED_LaChucua_S16_eebcf9,,,,,
2026-09-12T16:41:05-05:00,PUR_IED_LaFelicidad_Ext_fb5109,PUR_IED_LaFelicidad_Ext_fb5109,,,,,
2026-09-12T16:41:05-05:00,PUR_IED_LaMerced_206_66ebd,PUR_IED_LaMerced_206_66ebd,,,,,
2026-09-12T16:41:05-05:00,PUR_IED_LaMerced_207_6ebd6,PUR_IED_LaMerced_207_6ebd6,,,,,
2026-09-12T16:41:05-05:00,PUR_IED_LaMerced_ext_304311,PUR_IED_LaMerced_ext_304311,,,,,
2026-09-12T16:41:05-05:00,PUR_IED_Laureano_CiencNat_281e5e,PUR_IED_Laureano_CiencNat_281e5e,,,,,
2026-09-12T16:41:05-05:00,PUR_IED_Laureano_Comedor_f65c0a,PUR_IED_Laureano_Comedor_f65c0a,,,,,
2026-09-12T16:41:05-05:00,PUR_IED_Laureano_Exterior_7ab011,PUR_IED_Laureano_Exterior_7ab011,,,,,
2026-09-12T16:41:05-05:00,PUR_IED_LeonGreiff_Exte_dfe560,PUR_IED_LeonGreiff_Exte_dfe560,,,,,
2026-09-12T16:41:05-05:00,PUR_IED_LeonGreiff_S210_f264ed,PUR_IED_LeonGreiff_S210_f264ed,,,,,
2026-09-12T16:41:05-05:00,PUR_IED_LeonGreiff_SQuimi_e8296f,PUR_IED_LeonGreiff_SQuimi_e8296f,,,,,
2026-09-12T16:41:05-05:00,PUR_IED_LlanoOrientalS208_7b9fcd,PUR_IED_LlanoOrientalS208_7b9fcd,,,,,
2026-09-12T16:41:05-05:00,PUR_IED_LlanoOriental_Ext_fb3766,PUR_IED_LlanoOriental_Ext_fb3766,,,,,
2026-09-12T16:41:05-05:00,PUR_IED_LlanoOriental_S208_7b9fcd,PUR_IED_LlanoOriental_S208_7b9fcd,,,,,
2026-09-12T16:41:05-05:00,PUR_IED_LlanoOriental_S9_27b378,PUR_IED_LlanoOriental_S9_27b378,,,,,
2026-09-12T16:41:05-05:00,PUR_IED_LosTejares_1101_477602,PUR_IED_LosTejares_1101_477602,,,,,
2026-09-12T16:41:05-05:00,PUR_IED_LosTejares_11_d2c595,PUR_IED_LosTejares_11_d2c595,,,,,
2026-09-12T16:41:05-05:00,PUR_IED_LosTejares_12_477602,PUR_IED_LosTejares_12_477602,,,,,
2026-09-12T16:41:05-05:00,PUR_IED_LosTejares_Ext_8e2115,PUR_IED_LosTejares_Ext_8e2115,,,,,
2026-09-12T16:41:05-05:00,PUR_IED_MagdalenaO_B202_5ddda3,PUR_IED_MagdalenaO_B202_5ddda3,,,,,
2026-09-12T16:41:05-05:00,PUR_IED_MagdalenaO_B205_fb76e8,PUR_IED_MagdalenaO_B205_fb76e8,,,,,
2026-09-12T16:41:05-05:00,PUR_IED_MagdalenaO_ext_dc69cd,PUR_IED_MagdalenaO_ext_dc69cd,,,,,
2026-09-12T16:41:05-05:00,PUR_IED_ManueCepeda_artes_eee956,PUR_IED_ManueCepeda_artes_eee956,,,,,
2026-09-12T16:41:05-05:00,PUR_IED_ManuelCepeda_Ext_58313,PUR_IED_ManuelCepeda_Ext_58313,,,,,
2026-09-12T16:41:05-05:00,PUR_IED_ManuelCepeda_tec_1c5731,PUR_IED_ManuelCepeda_tec_1c5731,,,,,
2026-09-12T16:41:05-05:00,PUR_IED_ManuelS_Exterior_5b269,PUR_IED_ManuelS_Exterior_5b269,,,,,
2026-09-12T16:41:05-05:00,PUR_IED_ManuelS_Inform_f369ce,PUR_IED_ManuelS_Inform_f369ce,,,,,
2026-09-12T16:41:05-05:00,PUR_IED_ManuelS_SArtes_7d15f1,PUR_IED_ManuelS_SArtes_7d15f1,,,,,
2026-09-12T16:41:05-05:00,PUR_IED_ManuelZapata_303_3ca6,PUR_IED_ManuelZapata_303_3ca6,,,,,
2026-09-12T16:41:05-05:00,PUR_IED_ManuelZapata_311_bfbabc,PUR_IED_ManuelZapata_311_bfbabc,,,,,
2026-09-12T16:41:05-05:00,PUR_IED_ManuelZapata_Ext_50824a,PUR_IED_ManuelZapata_Ext_50824a,,,,,
2026-09-12T16:41:05-05:00,PUR_IED_ManuelitaS_Exteri_656a92,PUR_IED_ManuelitaS_Exteri_656a92,,,,,
2026-09-12T16:41:05-05:00,PUR_IED_ManuelitaS_JuzgDe_f58ec3,PUR_IED_ManuelitaS_JuzgDe_f58ec3,,,,,
2026-09-12T16:41:05-05:00,PUR_IED_ManuelitaS_Recrea_d793db,PUR_IED_ManuelitaS_Recrea_d793db,,,,,
2026-09-12T16:41:05-05:00,PUR_IED_MarFidSuarez_Ext_c27b19,PUR_IED_MarFidSuarez_Ext_c27b19,,,,,
2026-09-12T16:41:05-05:00,PUR_IED_MarFidSuarez_Info_e384d7,PUR_IED_MarFidSuarez_Info_e384d7,,,,,
2026-09-12T16:41:05-05:00,PUR_IED_MarFidSuarez_S306_1d0032,PUR_IED_MarFidSuarez_S306_1d0032,,,,,
2026-09-12T16:41:05-05:00,PUR_IED_Menorah_301_2a25a3,PUR_IED_Menorah_301_2a25a3,,,,,
2026-09-12T16:41:05-05:00,PUR_IED_Menorah_306_37ed3,PUR_IED_Menorah_306_37ed3,,,,,
2026-09-12T16:41:05-05:00,PUR_IED_Menorah_Ext_3e155b,PUR_IED_Menorah_Ext_3e155b,,,,,
2026-09-12T16:41:05-05:00,PUR_IED_MinutoB.Aires_A11_1b1604,PUR_IED_MinutoB.Aires_A11_1b1604,,,,,
2026-09-12T16:41:05-05:00,PUR_IED_MinutoB.Aires_A12_fb5860,PUR_IED_MinutoB.Aires_A12_fb5860,,,,,
2026-09-12T16:41:05-05:00,PUR_IED_MinutoB.Aires_Ext_81293f,PUR_IED_MinutoB.Aires_Ext_81293f,,,,,
2026-09-12T16:41:05-05:00,PUR_IED_MinutoBAires_A11_1b1604,PUR_IED_MinutoBAires_A11_1b1604,,,,,
2026-09-12T16:41:05-05:00,PUR_IED_MinutoBAires_A12_fb5860,PUR_IED_MinutoBAires_A12_fb5860,,,,,
2026-09-12T16:41:05-05:00,PUR_IED_MinutoBAires_Ext_81293f,PUR_IED_MinutoBAires_Ext_81293f,,,,,
2026-09-12T16:41:05-05:00,PUR_IED_Montreal_Aula10_1e4959,PUR_IED_Montreal_Aula10_1e4959,,,,,
2026-09-12T16:41:05-05:00,PUR_IED_Montreal_Aula6_300367,PUR_IED_Montreal_Aula6_300367,,,,,
2026-09-12T16:41:05-05:00,PUR_IED_Montreal_Exterior_91a179,PUR_IED_Montreal_Exterior_91a179,,,,,
2026-09-12T16:41:05-05:00,PUR_IED_Mqgdalena_B202_5ddda3,PUR_IED_Mqgdalena_B202_5ddda3,,,,,
2026-09-12T16:41:05-05:00,PUR_IED_NACUND_Soc_dc8728,PUR_IED_NACUND_Soc_dc8728,,,,,
2026-09-12T16:41:05-05:00,PUR_IED_NACUND_ext_27ad97,PUR_IED_NACUND_ext_27ad97,,,,,
2026-09-12T16:41:05-05:00,PUR_IED_NEsperanza_Ext_d24b61,PUR_IED_NEsperanza_Ext_d24b61,,,,,
2026-09-12T16:41:05-05:00,PUR_IED_NEsperanza_SElect_7d1807,PUR_IED_NEsperanza_SElect_7d1807,,,,,
2026-09-12T16:41:05-05:00,PUR_IED_NEsperanza_SLabor_8b2d0a,PUR_IED_NEsperanza_SLabor_8b2d0a,,,,,
2026-09-12T16:41:05-05:00,PUR_IED_NacionesU_Ext_f661a9,PUR_IED_NacionesU_Ext_f661a9,,,,,
2026-09-12T16:41:05-05:00,PUR_IED_NacionesU_Quimica_66f0a,PUR_IED_NacionesU_Quimica_66f0a,,,,,
2026-09-12T16:41:05-05:00,PUR_IED_NacionesU_S306_1b4b3d,PUR_IED_NacionesU_S306_1b4b3d,,,,,
2026-09-12T16:41:05-05:00,PUR_IED_NestorFA_Ext_e4201c,PUR_IED_NestorFA_Ext_e4201c,,,,,
2026-09-12T16:41:05-05:00,PUR_IED_NestorFA_Laborato_f22fe0,PUR_IED_NestorFA_Laborato_f22fe0,,,,,
2026-09-12T16:41:05-05:00,PUR_IED_NestorFA_S204_dee996,PUR_IED_NestorFA_S204_dee996,,,,,
2026-09-12T16:41:05-05:00,PUR_IED_NidyaQT_Aula03_76999b,PUR_IED_NidyaQT_Aula03_76999b,,,,,
2026-09-12T16:41:05-05:00,PUR_IED_NidyaQT_Aula10_56325,PUR_IED_NidyaQT_Aula10_56325,,,,,
2026-09-12T16:41:05-05:00,PUR_IED_NidyaQT_Ext_46e32d,PUR_IED_NidyaQT_Ext_46e32d,,,,,
2026-09-12T16:41:05-05:00,PUR_IED_NuevaCol_Exterior_d9b859,PUR_IED_NuevaCol_Exterior_d9b859,,,,,
2026-09-12T16:41:05-05:00,PUR_IED_NuevaCol_S1101_76c43b,PUR_IED_NuevaCol_S1101_76c43b,,,,,
2026-09-12T16:41:05-05:00,PUR_IED_NuevaCol_S1102_1ce0b5,PUR_IED_NuevaCol_S1102_1ce0b5,,,,,
2026-09-12T16:41:05-05:00,PUR_IED_OEA_A202_f7e3f2,PUR_IED_OEA_A202_f7e3f2,,,,,
2026-09-12T16:41:05-05:00,PUR_IED_OEA_A203_7d1b8d,PUR_IED_OEA_A203_7d1b8d,,,,,
2026-09-12T16:41:05-05:00,PUR_IED_OEA_Ext_27b593,PUR_IED_OEA_Ext_27b593,,,,,
2026-09-12T16:41:05-05:00,PUR_IED_Ochoa_Ext_1c29da,PUR_IED_Ochoa_Ext_1c29da,,,,,
2026-09-12T16:41:05-05:00,PUR_IED_Ochoa_S205_8b1121,PUR_IED_Ochoa_S205_8b1121,,,,,
2026-09-12T16:41:05-05:00,PUR_IED_Ochoa_Sistemas_f33af6,PUR_IED_Ochoa_Sistemas_f33af6,,,,,
2026-09-12T16:41:05-05:00,PUR_IED_PQuebec_Ext_1c67c7,PUR_IED_PQuebec_Ext_1c67c7,,,,,
2026-09-12T16:41:05-05:00,PUR_IED_PQuebec_S15_23e8e2,PUR_IED_PQuebec_S15_23e8e2,,,,,
2026-09-12T16:41:05-05:00,PUR_IED_PQuebec_S16_8ec76b,PUR_IED_PQuebec_S16_8ec76b,,,,,
2026-09-12T16:41:05-05:00,PUR_IED_PabloN_Ext_49dc96,PUR_IED_PabloN_Ext_49dc96,,,,,
2026-09-12T16:41:05-05:00,PUR_IED_PabloN_S1102_4e3df5,PUR_IED_PabloN_S1102_4e3df5,,,,,
2026-09-12T16:41:05-05:00,PUR_IED_PabloN_S1103_50c94b,PUR_IED_PabloN_S1103_50c94b,,,,,
2026-09-12T16:41:05-05:00,PUR_IED_Palestina_S1101_db9198,PUR_IED_Palestina_S1101_db9198,,,,,
2026-09-12T16:41:05-05:00,PUR_IED_Palestina_S1102_dc54fa,PUR_IED_Palestina_S1102_dc54fa,,,,,
2026-09-12T16:41:05-05:00,PUR_IED_Palestina_ext_4ccce6,PUR_IED_Palestina_ext_4ccce6,,,,,
2026-09-12T16:41:05-05:00,PUR_IED_Panama_Fisica_4d0794,PUR_IED_Panama_Fisica_4d0794,,,,,
2026-09-12T16:41:05-05:00,PUR_IED_Panama_SIngles_a4077e,PUR_IED_Panama_SIngles_a4077e,,,,,
2026-09-12T16:41:05-05:00,PUR_IED_Panama_ext_4c54b4,PUR_IED_Panama_ext_4c54b4,,,,,
2026-09-12T16:41:05-05:00,PUR_IED_ParaisoM_Exterior_8cd7f0,PUR_IED_ParaisoM_Exterior_8cd7f0,,,,,
2026-09-12T16:41:05-05:00,PUR_IED_ParaisoM_Laborato_27af35,PUR_IED_ParaisoM_Laborato_27af35,,,,,
2026-09-12T16:41:05-05:00,PUR_IED_ParaisoM_S304_d1edca,PUR_IED_ParaisoM_S304_d1edca,,,,,
2026-09-12T16:41:05-05:00,PUR_IED_PorfirioBarba_Ext_301466,PUR_IED_PorfirioBarba_Ext_301466,,,,,
2026-09-12T16:41:05-05:00,PUR_IED_PorfirioBarba_S11_df6cd2,PUR_IED_PorfirioBarba_S11_df6cd2,,,,,
2026-09-12T16:41:05-05:00,PUR_IED_PorfirioBarba_S29_27a7d6,PUR_IED_PorfirioBarba_S29_27a7d6,,,,,
2026-09-12T16:41:05-05:00,PUR_IED_PradoV_Exter_8b27ad,PUR_IED_PradoV_Exter_8b27ad,,,,,
2026-09-12T16:41:05-05:00,PUR_IED_PradoV_S301_de65b5,PUR_IED_PradoV_S301_de65b5,,,,,
2026-09-12T16:41:05-05:00,PUR_IED_PradoV_S302_7d2593,PUR_IED_PradoV_S302_7d2593,,,,,
2026-09-12T16:41:05-05:00,PUR_IED_QuirogaAlz_Ext_1ddc82,PUR_IED_QuirogaAlz_Ext_1ddc82,,,,,
2026-09-12T16:41:05-05:00,PUR_IED_QuirogaAlz_S302_9926a3,PUR_IED_QuirogaAlz_S302_9926a3,,,,,
2026-09-12T16:41:05-05:00,PUR_IED_QuirogaAlz_S305_cdf1f1,PUR_IED_QuirogaAlz_S305_cdf1f1,,,,,
2026-09-12T16:41:05-05:00,PUR_IED_RGuatemala_Biling_dc53b7,PUR_IED_RGuatemala_Biling_dc53b7,,,,,
2026-09-12T16:41:05-05:00,PUR_IED_RGuatemala_Ext_1b89a3,PUR_IED_RGuatemala_Ext_1b89a3,,,,,
2026-09-12T16:41:05-05:00,PUR_IED_RGuatemala_Tecnol_281a34,PUR_IED_RGuatemala_Tecnol_281a34,,,,,
2026-09-12T16:41:05-05:00,PUR_IED_RafaNu_Ext_f7c302,PUR_IED_RafaNu_Ext_f7c302,,,,,
2026-09-12T16:41:05-05:00,PUR_IED_RafaNu_S1101_25fde,PUR_IED_RafaNu_S1101_25fde,,,,,
2026-09-12T16:41:05-05:00,PUR_IED_RafaNu_S1102_281517,PUR_IED_RafaNu_S1102_281517,,,,,
2026-09-12T16:41:05-05:00,PUR_IED_RafaelB_S305_ee2783,PUR_IED_RafaelB_S305_ee2783,,,,,
2026-09-12T16:41:05-05:00,PUR_IED_RafaelB_S306_75fe33,PUR_IED_RafaelB_S306_75fe33,,,,,
2026-09-12T16:41:05-05:00,PUR_IED_RafaelB_ext_283336,PUR_IED_RafaelB_ext_283336,2,20,58,4.6722,-74.0737
2026-09-12T16:41:05-05:00,PUR_IED_RafaelUU_Exterior_281a51,PUR_IED_RafaelUU_Exterior_281a51,,,,,
2026-09-12T16:41:05-05:00,PUR_IED_RafaelUU_Human_806b2,PUR_IED_RafaelUU_Human_806b2,,,,,
2026-09-12T16:41:05-05:00,PUR_IED_RafaelUU_Mate2_5680d4,PUR_IED_RafaelUU_Mate2_5680d4,,,,,
2026-09-12T16:41:05-05:00,PUR_IED_RamonSub_Ext_f9eeb9,PUR_IED_RamonSub_Ext_f9eeb9,,,,,
2026-09-12T16:41:05-05:00,PUR_IED_RamonSub_Media_d1f62f,PUR_IED_RamonSub_Media_d1f62f,,,,,
2026-09-12T16:41:05-05:00,PUR_IED_RamonSub_planta_51b82,PUR_IED_RamonSub_planta_51b82,,,,,
2026-09-12T16:41:05-05:00,PUR_IED_RepBoliVene_Exter_27af7c,PUR_IED_RepBoliVene_Exter_27af7c,,,,,
2026-09-12T16:41:05-05:00,PUR_IED_RepBoliVene_SCPT_5ae2ee,PUR_IED_RepBoliVene_SCPT_5ae2ee,,,,,
2026-09-12T16:41:05-05:00,PUR_IED_RepBoliVene_Socia_4b11d5,PUR_IED_RepBoliVene_Socia_4b11d5,,,,,
2026-09-12T16:41:05-05:00,PUR_IED_RepChina_Ext_76d9ee,PUR_IED_RepChina_Ext_76d9ee,,,,,
2026-09-12T16:41:05-05:00,PUR_IED_RepChina_S404_7c804c,PUR_IED_RepChina_S404_7c804c,,,,,
2026-09-12T16:41:05-05:00,PUR_IED_RepChina_S405_df2c33,PUR_IED_RepChina_S405_df2c33,,,,,
2026-09-12T16:41:05-05:00,PUR_IED_RepublicaC_Exteri_7d1ec9,PUR_IED_RepublicaC_Exteri_7d1ec9,,,,,
2026-09-12T16:41:05-05:00,PUR_IED_RepublicaC_S1101_f544b3,PUR_IED_RepublicaC_S1101_f544b3,,,,,
2026-09-12T16:41:05-05:00,PUR_IED_RepublicaC_S1102_7aafc7,PUR_IED_RepublicaC_S1102_7aafc7,,,,,
2026-09-12T16:41:05-05:00,PUR_IED_Ricaurte_Externo_a0ea1,PUR_IED_Ricaurte_Externo_a0ea1,,,,,
2026-09-12T16:41:05-05:00,PUR_IED_Ricaurte_S210_f546fd,PUR_IED_Ricaurte_S210_f546fd,,,,,
2026-09-12T16:41:05-05:00,PUR_IED_Ricaurte_S309_d4452,PUR_IED_Ricaurte_S309_d4452,,,,,
2026-09-12T16:41:05-05:00,PUR_IED_RogelioS_1102_531e69,PUR_IED_RogelioS_1102_531e69,,,,,
2026-09-12T16:41:05-05:00,PUR_IED_RogelioS_Ext_f25a18,PUR_IED_RogelioS_Ext_f25a18,,,,,
2026-09-12T16:41:05-05:00,PUR_IED_SBernardino_Ext_27aff8,PUR_IED_SBernardino_Ext_27aff8,,,,,
2026-09-12T16:41:05-05:00,PUR_IED_SBernardino_SArte_2ffd33,PUR_IED_SBernardino_SArte_2ffd33,,,,,
2026-09-12T16:41:05-05:00,PUR_IED_SBernardino_SIngl_7c7da5,PUR_IED_SBernardino_SIngl_7c7da5,,,,,
2026-09-12T16:41:05-05:00,PUR_IED_Sago_auditorio_dc9d1d,PUR_IED_Sago_auditorio_dc9d1d,,,,,
2026-09-12T16:41:05-05:00,PUR_IED_Saludcoop_Ext_95aac3,PUR_IED_Saludcoop_Ext_95aac3,,,,,
2026-09-12T16:41:05-05:00,PUR_IED_Saludcoop_InfI_90c854,PUR_IED_Saludcoop_InfI_90c854,,,,,
2026-09-12T16:41:05-05:00,PUR_IED_Saludcoop_SMedia_1b93be,PUR_IED_Saludcoop_SMedia_1b93be,,,,,
2026-09-12T16:41:05-05:00,PUR_IED_SanCarlos_1101_1a2360,PUR_IED_SanCarlos_1101_1a2360,,,,,
2026-09-12T16:41:05-05:00,PUR_IED_SanCarlos_1103_7bafb5,PUR_IED_SanCarlos_1103_7bafb5,,,,,
2026-09-12T16:41:05-05:00,PUR_IED_SanCarlos_Ext_b7cd1,PUR_IED_SanCarlos_Ext_b7cd1,,,,,
2026-09-12T16:41:05-05:00,PUR_IED_SanIgnacioBosa11a_50c26e,PUR_IED_SanIgnacioBosa11a_50c26e,,,,,
2026-09-12T16:41:05-05:00,PUR_IED_SanIgnacioBosa11b_371de8,PUR_IED_SanIgnacioBosa11b_371de8,,,,,
2026-09-12T16:41:05-05:00,PUR_IED_SanIgnacioBosaExt_ef0ffc,PUR_IED_SanIgnacioBosaExt_ef0ffc,,,,,
2026-09-12T16:41:05-05:00,PUR_IED_SanIgnacioBosa_11a_50c26e,PUR_IED_SanIgnacioBosa_11a_50c26e,,,,,
2026-09-12T16:41:05-05:00,PUR_IED_SanIgnacioBosa_Ext_ef0ffc,PUR_IED_SanIgnacioBosa_Ext_ef0ffc,,,,,
2026-09-12T16:41:05-05:00,PUR_IED_SanJoseN_intS1101_31c47f,PUR_IED_SanJoseN_intS1101_31c47f,,,,,
2026-09-12T16:41:05-05:00,PUR_IED_SanJoseUsm_Exter_f5d7e8,PUR_IED_SanJoseUsm_Exter_f5d7e8,,,,,
2026-09-12T16:41:05-05:00,PUR_IED_SanJoseUsm_Int11A_cfdef6,PUR_IED_SanJoseUsm_Int11A_cfdef6,,,,,
2026-09-12T16:41:05-05:00,PUR_IED_SilveriaR_IntB5_905349,PUR_IED_SilveriaR_IntB5_905349,,,,,
2026-09-12T16:41:05-05:00,PUR_IED_SilveriaR_IntSD14_981f93,PUR_IED_SilveriaR_IntSD14_981f93,,,,,
2026-09-12T16:41:05-05:00,PUR_IED_SilveriaR_ext_2b651d,PUR_IED_SilveriaR_ext_2b651d,,,,,
2026-09-12T16:41:05-05:00,PUR_IED_SimonB_Exterior_913975,PUR_IED_SimonB_Exterior_913975,,,,,
2026-09-12T16:41:05-05:00,PUR_IED_SimonB_LabQuimi_c56908,PUR_IED_SimonB_LabQuimi_c56908,,,,,
2026-09-12T16:41:05-05:00,PUR_IED_SimonB_informatic_a28c1,PUR_IED_SimonB_informatic_a28c1,,,,,
2026-09-12T16:41:05-05:00,PUR_IED_Sorrento_1102_315f50,PUR_IED_Sorrento_1102_315f50,,,,,
2026-09-12T16:41:05-05:00,PUR_IED_Sorrento_Minte_214eab,PUR_IED_Sorrento_Minte_214eab,,,,,
2026-09-12T16:41:05-05:00,PUR_IED_Sorrento_ext_7c3a0a,PUR_IED_Sorrento_ext_7c3a0a,,,,,
2026-09-12T16:41:05-05:00,PUR_IED_Tabora_Ext_f048ae,PUR_IED_Tabora_Ext_f048ae,,,,,
2026-09-12T16:41:05-05:00,PUR_IED_Tabora_S1102_b07752,PUR_IED_Tabora_S1102_b07752,,,,,
2026-09-12T16:41:05-05:00,PUR_IED_Tabora_S1103_d988f5,PUR_IED_Tabora_S1103_d988f5,,,,,
2026-09-12T16:41:05-05:00,PUR_IED_Tenerife_Ext_1ab188,PUR_IED_Tenerife_Ext_1ab188,,,,,
2026-09-12T16:41:05-05:00,PUR_IED_Tenerife_SDanzas_7bc02e,PUR_IED_Tenerife_SDanzas_7bc02e,,,,,
2026-09-12T16:41:05-05:00,PUR_IED_Tenerife_SIngles_7cc277,PUR_IED_Tenerife_SIngles_7cc277,,,,,
2026-09-12T16:41:05-05:00,PUR_IED_Tibabuyes_Exter_f2683d,PUR_IED_Tibabuyes_Exter_f2683d,,,,,
2026-09-12T16:41:05-05:00,PUR_IED_Tibabuyes_S10_dc87a8,PUR_IED_Tibabuyes_S10_dc87a8,,,,,
2026-09-12T16:41:05-05:00,PUR_IED_Tibabuyes_S15_dc0526,PUR_IED_Tibabuyes_S15_dc0526,,,,,
2026-09-12T16:41:05-05:00,PUR_IED_UnionE_S301_a1043,PUR_IED_UnionE_S301_a1043,,,,,
2026-09-12T16:41:05-05:00,PUR_IED_UnionE_S307_ff6c2f,PUR_IED_UnionE_S307_ff6c2f,,,,,
2026-09-12T16:41:05-05:00,PUR_IED_UnionE__Ext_5e2468,PUR_IED_UnionE__Ext_5e2468,,,,,
2026-09-12T16:41:05-05:00,PUR_IED_VillaRica_Ext_75be7c,PUR_IED_VillaRica_Ext_75be7c,,,,,
2026-09-12T16:41:05-05:00,PUR_IED_VillaRica_S4_cc5dcd,PUR_IED_VillaRica_S4_cc5dcd,,,,,
2026-09-12T16:41:05-05:00,PUR_IED_VillaRica_Sesp_99f5c,PUR_IED_VillaRica_Sesp_99f5c,,,,,
2026-09-12T16:46:06-05:00,PUR_IED_20deJulio_1101_91b1b9,PUR_IED_20deJulio_1101_91b1b9,,,,,
2026-09-12T16:46:06-05:00,PUR_IED_20deJulio_1102_1cfcf9,PUR_IED_20deJulio_1102_1cfcf9,,,,,
2026-09-12T16:46:06-05:00,PUR_IED_20deJulio_Ext_ab60bd,PUR_IED_20deJulio_Ext_ab60bd,,,,,
2026-09-12T16:46:06-05:00,PUR_IED_AgustinFer_Ext_7b9b77,PUR_IED_AgustinFer_Ext_7b9b77,,,,,
2026-09-12T16:46:06-05:00,PUR_IED_AgustinFer_Info2_27b3a7,PUR_IED_AgustinFer_Info2_27b3a7,,,,,
2026-09-12T16:46:06-05:00,PUR_IED_AgustinFer_Sena_54b4eb,PUR_IED_AgustinFer_Sena_54b4eb,,,,,
2026-09-12T16:46:06-05:00,PUR_IED_AlexanderF_1102_caf07b,PUR_IED_AlexanderF_1102_caf07b,,,,,
2026-09-12T16:46:06-05:00,PUR_IED_AlexanderF_1103_c79e71,PUR_IED_AlexanderF_1103_c79e71,,,,,
2026-09-12T16:46:06-05:00,PUR_IED_AlexanderF_Ext_c5b18b,PUR_IED_AlexanderF_Ext_c5b18b,,,,,
2026-09-12T16:46:06-05:00,PUR_IED_AlfonsoLopez_Ext_281d77,PUR_IED_AlfonsoLopez_Ext_281d77,,,,,
2026-09-12T16:46:06-05:00,PUR_IED_AlfonsoLopez_LabF_888ce0,PUR_IED_AlfonsoLopez_LabF_888ce0,,,,,
2026-09-12T16:46:06-05:00,PUR_IED_AlfonsoLopez_SMed_df6a7f,PUR_IED_AlfonsoLopez_SMed_df6a7f,,,,,
2026-09-12T16:46:06-05:00,PUR_IED_AltamiraSO_A2_209f92,PUR_IED_AltamiraSO_A2_209f92,,,,,
2026-09-12T16:46:06-05:00,PUR_IED_AltamiraSO_Ext_186d66,PUR_IED_AltamiraSO_Ext_186d66,,,,,
2026-09-12T16:46:06-05:00,PUR_IED_AltamiraSO_Sistem_27afe1,PUR_IED_AltamiraSO_Sistem_27afe1,,,,,
2026-09-12T16:46:06-05:00,PUR_IED_AlvaroGom_LabQuim_813179,PUR_IED_AlvaroGom_LabQuim_813179,,,,,
2026-09-12T16:46:06-05:00,PUR_IED_AlvaroGomez_Ext_47c7ca,PUR_IED_AlvaroGomez_Ext_47c7ca,,,,,
2026-09-12T16:46:06-05:00,PUR_IED_AlvaroGomez_LabQuim_813179,PUR_IED_AlvaroGomez_LabQuim_813179,,,,,
2026-09-12T16:46:06-05:00,PUR_IED_AlvaroGomez_S23_7ba89f,PUR_IED_AlvaroGomez_S23_7ba89f,,,,,
2026-09-12T16:46:06-05:00,PUR_IED_Amistad_306_dc8728,PUR_IED_Amistad_306_dc8728,,,,,
2026-09-12T16:46:06-05:00,PUR_IED_Amistad_Ext_8cd55e,PUR_IED_Amistad_Ext_8cd55e,,,,,
2026-09-12T16:46:06-05:00,PUR_IED_Amistad_S202_a41169,PUR_IED_Amistad_S202_a41169,,,,,
2026-09-12T16:46:06-05:00,PUR_IED_AndresBello_Bio_fd5f5e,PUR_IED_AndresBello_Bio_fd5f5e,,,,,
2026-09-12T16:46:06-05:00,PUR_IED_AndresBello_ext_dcad65,PUR_IED_AndresBello_ext_dcad65,,,,,
2026-09-12T16:46:06-05:00,PUR_IED_AndresBello_port_eed3ec,PUR_IED_AndresBello_port_eed3ec,,,,,
2026-09-12T16:46:06-05:00,PUR_IED_AngelaR_11b_d90a6b,PUR_IED_AngelaR_11b_d90a6b,,,,,
2026-09-12T16:46:06-05:00,PUR_IED_AngelaR_ext_7cad3e,PUR_IED_AngelaR_ext_7cad3e,2,20,60,4.5825,-74.164497
2026-09-12T16:46:06-05:00,PUR_IED_AntJoseSucre_10mo_df2575,PUR_IED_AntJoseSucre_10mo_df2575,,,,,
2026-09-12T16:46:06-05:00,PUR_IED_AntJoseSucre_Ext_215b36,PUR_IED_AntJoseSucre_Ext_215b36,,,,,
2026-09-12T16:46:06-05:00,PUR_IED_AntJoseSucre_Lab_3139de,PUR_IED_AntJoseSucre_Lab_3139de,,,,,
2026-09-12T16:46:06-05:00,PUR_IED_AntonioGarcia_301_d6b188,PUR_IED_AntonioGarcia_301_d6b188,,,,,
2026-09-12T16:46:06-05:00,PUR_IED_AntonioGarcia_302_88a82,PUR_IED_AntonioGarcia_302_88a82,,,,,
2026-09-12T16:46:06-05:00,PUR_IED_AntonioGarcia_Ext_20950c,PUR_IED_AntonioGarcia_Ext_20950c,,,,,
2026-09-12T16:46:06-05:00,PUR_IED_AntonioVan_Aula2_6dea02,PUR_IED_AntonioVan_Aula2_6dea02,,,,,
2026-09-12T16:46:06-05:00,PUR_IED_AntonioVan_Aula5_f1557e,PUR_IED_AntonioVan_Aula5_f1557e,,,,,
2026-09-12T16:46:06-05:00,PUR_IED_AntonioVan_Ext_406f2f,PUR_IED_AntonioVan_Ext_406f2f,,,,,
2026-09-12T16:46:06-05:00,PUR_IED_Atabanzha_Ext_cc5af9,PUR_IED_Atabanzha_Ext_cc5af9,,,,,
2026-09-12T16:46:06-05:00,PUR_IED_Atabanzha_SA101_56c37,PUR_IED_Atabanzha_SA101_56c37,,,,,
2026-09-12T16:46:06-05:00,PUR_IED_Atabanzha_SB302_27b374,PUR_IED_Atabanzha_SB302_27b374,,,,,
2026-09-12T16:46:06-05:00,PUR_IED_Atahualpa_Ext_fc1748,PUR_IED_Atahualpa_Ext_fc1748,,,,,
2026-09-12T16:46:06-05:00,PUR_IED_Atahualpa_Informa_dc9a95,PUR_IED_Atahualpa_Informa_dc9a95,,,,,
2026-09-12T16:46:06-05:00,PUR_IED_Atahualpa_S1101_f98056,PUR_IED_Atahualpa_S1101_f98056,,,,,
2026-09-12T16:46:06-05:00,PUR_IED_Bellavista_Ext_f5aa74,PUR_IED_Bellavista_Ext_f5aa74,,,,,
2026-09-12T16:46:06-05:00,PUR_IED_Bilbao_11A_916c41,PUR_IED_Bilbao_11A_916c41,,,,,
2026-09-12T16:46:06-05:00,PUR_IED_Bilbao_Ext_fb579a,PUR_IED_Bilbao_Ext_fb579a,,,,,
2026-09-12T16:46:06-05:00,PUR_IED_BrasiliaU_A125_304280,PUR_IED_BrasiliaU_A125_304280,,,,,
2026-09-12T16:46:06-05:00,PUR_IED_BrasiliaU_A203_7c8ca5,PUR_IED_BrasiliaU_A203_7c8ca5,,,,,
2026-09-12T16:46:06-05:00,PUR_IED_BrasiliaU_Ext_8d6e9f,PUR_IED_BrasiliaU_Ext_8d6e9f,4,20,58,4.5175,-74.116302
2026-09-12T16:46:06-05:00,PUR_IED_Brasilia_Ext_fe6593,PUR_IED_Brasilia_Ext_fe6593,,,,,
2026-09-12T16:46:06-05:00,PUR_IED_Brasilia_S24_7c130d,PUR_IED_Brasilia_S24_7c130d,,,,,
2026-09-12T16:46:06-05:00,PUR_IED_Brasilia_S501_186a54,PUR_IED_Brasilia_S501_186a54,,,,,
2026-09-12T16:46:06-05:00,PUR_IED_CHARRY_EXT_f1d5cd,PUR_IED_CHARRY_EXT_f1d5cd,,,,,
2026-09-12T16:46:06-05:00,PUR_IED_CHARRY_INTDANZAS_7a08e6,PUR_IED_CHARRY_INTDANZAS_7a08e6,,,,,
2026-09-12T16:46:06-05:00,PUR_IED_CHARRY_INT_AULA20_dc998d,PUR_IED_CHARRY_INT_AULA20_dc998d,,,,,
2026-09-12T16:46:06-05:00,PUR_IED_COLVIV_1101_S25_7f520a,PUR_IED_COLVIV_1101_S25_7f520a,,,,,
2026-09-12T16:46:06-05:00,PUR_IED_COLVIV_1102_S16_f570ba,PUR_IED_COLVIV_1102_S16_f570ba,,,,,
2026-09-12T16:46:06-05:00,PUR_IED_COLVIV_Ext_1a26fa,PUR_IED_COLVIV_Ext_1a26fa,,,,,
2026-09-12T16:46:06-05:00,PUR_IED_CULPOP_301A_f660f3,PUR_IED_CULPOP_301A_f660f3,,,,,
2026-09-12T16:46:06-05:00,PUR_IED_CULPOP_303_568afe,PUR_IED_CULPOP_303_568afe,,,,,
2026-09-12T16:46:06-05:00,PUR_IED_CULPOP_Ext_e02ccb,PUR_IED_CULPOP_Ext_e02ccb,,,,,
2026-09-12T16:46:06-05:00,PUR_IED_CVillavicen_Ext_26eb58,PUR_IED_CVillavicen_Ext_26eb58,6,17,77,4.487,-74.102798
2026-09-12T16:46:06-05:00,PUR_IED_CVillavicen_Intel_1ce5c2,PUR_IED_CVillavicen_Intel_1ce5c2,,,,,
2026-09-12T16:46:06-05:00,PUR_IED_CVillavicen_Poliv_e0766c,PUR_IED_CVillavicen_Poliv_e0766c,,,,,
2026-09-12T16:46:06-05:00,PUR_IED_CVillavicen_int_1ba140,PUR_IED_CVillavicen_int_1ba140,,,,,
2026-09-12T16:46:06-05:00,PUR_IED_CVillavicen_intel_1ba140,PUR_IED_CVillavicen_intel_1ba140,,,,,
2026-09-12T16:46:06-05:00,PUR_IED_CarlosPizarro_Ext_e307cc,PUR_IED_CarlosPizarro_Ext_e307cc,,,,,
2026-09-12T16:46:06-05:00,PUR_IED_CarlosPizarro_L36_7e5cdb,PUR_IED_CarlosPizarro_L36_7e5cdb,,,,,
2026-09-12T16:46:06-05:00,PUR_IED_CarlosPizarro_L37_c8566c,PUR_IED_CarlosPizarro_L37_c8566c,,,,,
2026-09-12T16:46:06-05:00,PUR_IED_Castilla_Ext_cf35f,PUR_IED_Castilla_Ext_cf35f,,,,,
2026-09-12T16:46:06-05:00,PUR_IED_Castilla_SFisik_360e38,PUR_IED_Castilla_SFisik_360e38,,,,,
2026-09-12T16:46:06-05:00,PUR_IED_Castilla_Sc304_496fbf,PUR_IED_Castilla_Sc304_496fbf,,,,,
2026-09-12T16:46:06-05:00,PUR_IED_CervantesSa_Ext_6b57b,PUR_IED_CervantesSa_Ext_6b57b,3,19,66,4.5128,-74.117203
2026-09-12T16:46:06-05:00,PUR_IED_CervantesSa_S107_225c2b,PUR_IED_CervantesSa_S107_225c2b,,,,,
2026-09-12T16:46:06-05:00,PUR_IED_CervantesSa_S108_940925,PUR_IED_CervantesSa_S108_940925,,,,,
2026-09-12T16:46:06-05:00,PUR_IED_Charry_A20_f53e7c,PUR_IED_Charry_A20_f53e7c,,,,,
2026-09-12T16:46:06-05:00,PUR_IED_Charry_Ext_f1d5cd,PUR_IED_Charry_Ext_f1d5cd,,,,,
2026-09-12T16:46:06-05:00,PUR_IED_Charry_IntAula20_dc998d,PUR_IED_Charry_IntAula20_dc998d,,,,,
2026-09-12T16:46:06-05:00,PUR_IED_Charry_IntDanzas_7a08e6,PUR_IED_Charry_IntDanzas_7a08e6,,,,,
2026-09-12T16:46:06-05:00,PUR_IED_ClememciaC_203_43e2fc,PUR_IED_ClememciaC_203_43e2fc,,,,,
2026-09-12T16:46:06-05:00,PUR_IED_ClememciaC_Ext_1b411a,PUR_IED_ClememciaC_Ext_1b411a,,,,,
2026-09-12T16:46:06-05:00,PUR_IED_ClememciaC_Quimic_44b5fc,PUR_IED_ClememciaC_Quimic_44b5fc,,,,,
2026-09-12T16:46:06-05:00,PUR_IED_ClemenciaC_203_43e2fc,PUR_IED_ClemenciaC_203_43e2fc,,,,,
2026-09-12T16:46:06-05:00,PUR_IED_ClemenciaC_Ext_1b411a,PUR_IED_ClemenciaC_Ext_1b411a,,,,,
2026-09-12T16:46:06-05:00,PUR_IED_ClemenciaC_Quimic_44b5fc,PUR_IED_ClemenciaC_Quimic_44b5fc,,,,,
2026-09-12T16:46:06-05:00,PUR_IED_ColViva_1101_S25_7f520a,PUR_IED_ColViva_1101_S25_7f520a,,,,,
2026-09-12T16:46:06-05:00,PUR_IED_ColViva_1102_S16_f570ba,PUR_IED_ColViva_1102_S16_f570ba,,,,,
2026-09-12T16:46:06-05:00,PUR_IED_ColViva_Ext_1a26fa,PUR_IED_ColViva_Ext_1a26fa,,,,,
2026-09-12T16:46:06-05:00,PUR_IED_ColegioBici_Asist_7c8798,PUR_IED_ColegioBici_Asist_7c8798,,,,,
2026-09-12T16:46:06-05:00,PUR_IED_ColegioBici_Ext_25cbf6,PUR_IED_ColegioBici_Ext_25cbf6,,,,,
2026-09-12T16:46:06-05:00,PUR_IED_ColegioBici_LabQ_7b57db,PUR_IED_ColegioBici_LabQ_7b57db,,,,,
2026-09-12T16:46:06-05:00,PUR_IED_CostaRica_Ext_5e640,PUR_IED_CostaRica_Ext_5e640,,,,,
2026-09-12T16:46:06-05:00,PUR_IED_CostaRica_Quim1_766d1c,PUR_IED_CostaRica_Quim1_766d1c,,,,,
2026-09-12T16:46:06-05:00,PUR_IED_CostaRica__Fisica_6f0873,PUR_IED_CostaRica__Fisica_6f0873,,,,,
2026-09-12T16:46:06-05:00,PUR_IED_CulPopu_301A_f660f3,PUR_IED_CulPopu_301A_f660f3,,,,,
2026-09-12T16:46:06-05:00,PUR_IED_CulPopu_303_568afe,PUR_IED_CulPopu_303_568afe,,,,,
2026-09-12T16:46:06-05:00,PUR_IED_CulPopu_Ext_e02ccb,PUR_IED_CulPopu_Ext_e02ccb,,,,,
2026-09-12T16:46:06-05:00,PUR_IED_Cundinamarca_Ext_f15985,PUR_IED_Cundinamarca_Ext_f15985,,,,,
2026-09-12T16:46:06-05:00,PUR_IED_Cundinamarca_Info_7aa5d7,PUR_IED_Cundinamarca_Info_7aa5d7,,,,,
2026-09-12T16:46:06-05:00,PUR_IED_Cundinamarca_Tec2_f449c7,PUR_IED_Cundinamarca_Tec2_f449c7,,,,,
2026-09-12T16:46:06-05:00,PUR_IED_DiegoM_Aula1_27b314,PUR_IED_DiegoM_Aula1_27b314,,,,,
2026-09-12T16:46:06-05:00,PUR_IED_DiegoM_Ext_d80ac8,PUR_IED_DiegoM_Ext_d80ac8,,,,,
2026-09-12T16:46:06-05:00,PUR_IED_DiegoM_S25_da928f,PUR_IED_DiegoM_S25_da928f,,,,,
2026-09-12T16:46:06-05:00,PUR_IED_ELRODEO_360881,PUR_IED_ELRODEO_360881,,,,,
2026-09-12T16:46:06-05:00,PUR_IED_ELRODEO_ext_360881,PUR_IED_ELRODEO_ext_360881,,,,,
2026-09-12T16:46:06-05:00,PUR_IED_EduardoU_Ext_1c1969,PUR_IED_EduardoU_Ext_1c1969,,,,,
2026-09-12T16:46:06-05:00,PUR_IED_EduardoU_SCiencia_4dfb94,PUR_IED_EduardoU_SCiencia_4dfb94,,,,,
2026-09-12T16:46:06-05:00,PUR_IED_EduardoU_SQuimica_5a46e7,PUR_IED_EduardoU_SQuimica_5a46e7,,,,,
2026-09-12T16:46:06-05:00,PUR_IED_ElRodeo_Aula14_676984,PUR_IED_ElRodeo_Aula14_676984,,,,,
2026-09-12T16:46:06-05:00,PUR_IED_ElRodeo_Aula16_2dd35b,PUR_IED_ElRodeo_Aula16_2dd35b,,,,,
2026-09-12T16:46:06-05:00,PUR_IED_ElRodeo_Ext_360881,PUR_IED_ElRodeo_Ext_360881,,,,,
2026-09-12T16:46:06-05:00,PUR_IED_ElRodeo_Exterior_8c6d28,PUR_IED_ElRodeo_Exterior_8c6d28,,,,,
2026-09-12T16:46:06-05:00,PUR_IED_ElRodeo_ext_360881,PUR_IED_ElRodeo_ext_360881,,,,,
2026-09-12T16:46:06-05:00,PUR_IED_EmmaReyes_Ext_987625,PUR_IED_EmmaReyes_Ext_987625,3,22,49,4.6367,-74.1511
2026-09-12T16:46:06-05:00,PUR_IED_Ensueño_Ext_7f0250,PUR_IED_Ensueño_Ext_7f0250,,,,,
2026-09-12T16:46:06-05:00,PUR_IED_EscNormal_Ext_5fef3b,PUR_IED_EscNormal_Ext_5fef3b,2,21,55,4.5852,-74.096901
2026-09-12T16:46:06-05:00,PUR_IED_EscNormal_S309_5b263,PUR_IED_EscNormal_S309_5b263,,,,,
2026-09-12T16:46:06-05:00,PUR_IED_EscNormal_S310_27b3b8,PUR_IED_EscNormal_S310_27b3b8,,,,,
2026-09-12T16:46:06-05:00,PUR_IED_Evangelista_Conta_f6cd4f,PUR_IED_Evangelista_Conta_f6cd4f,,,,,
2026-09-12T16:46:06-05:00,PUR_IED_Evangelista_Cri_5e16a,PUR_IED_Evangelista_Cri_5e16a,,,,,
2026-09-12T16:46:06-05:00,PUR_IED_Evangelista_Exter_754066,PUR_IED_Evangelista_Exter_754066,,,,,
2026-09-12T16:46:06-05:00,PUR_IED_FMiranda_S209_5cc2a3,PUR_IED_FMiranda_S209_5cc2a3,,,,,
2026-09-12T16:46:06-05:00,PUR_IED_FMiranda_S303_19e344,PUR_IED_FMiranda_S303_19e344,,,,,
2026-09-12T16:46:06-05:00,PUR_IED_FMiranda_ext_f53e7c,PUR_IED_FMiranda_ext_f53e7c,,,,,
2026-09-12T16:46:06-05:00,PUR_IED_FabioLozano_Bibli_1cee05,PUR_IED_FabioLozano_Bibli_1cee05,,,,,
2026-09-12T16:46:06-05:00,PUR_IED_FabioLozano_Ext_6ea285,PUR_IED_FabioLozano_Ext_6ea285,,,,,
2026-09-12T16:46:06-05:00,PUR_IED_FabioLozano_SLudi_f09e1e,PUR_IED_FabioLozano_SLudi_f09e1e,,,,,
2026-09-12T16:46:06-05:00,PUR_IED_FaustinoS_Aula07_27a731,PUR_IED_FaustinoS_Aula07_27a731,,,,,
2026-09-12T16:46:06-05:00,PUR_IED_FaustinoS_Ext_7b936f,PUR_IED_FaustinoS_Ext_7b936f,,,,,
2026-09-12T16:46:06-05:00,PUR_IED_FaustinoS_Fisica_da2c60,PUR_IED_FaustinoS_Fisica_da2c60,,,,,
2026-09-12T16:46:06-05:00,PUR_IED_FeGarciaLo_Ext_dc68ee,PUR_IED_FeGarciaLo_Ext_dc68ee,,,,,
2026-09-12T16:46:06-05:00,PUR_IED_FeGarciaLo_SDanza_f70a59,PUR_IED_FeGarciaLo_SDanza_f70a59,,,,,
2026-09-12T16:46:06-05:00,PUR_IED_FeGarciaLo_SMusic_125cdd,PUR_IED_FeGarciaLo_SMusic_125cdd,,,,,
2026-09-12T16:46:06-05:00,PUR_IED_FederalAlema_Exte_50c345,PUR_IED_FederalAlema_Exte_50c345,,,,,
2026-09-12T16:46:06-05:00,PUR_IED_FederalAlema_S31_f18371,PUR_IED_FederalAlema_S31_f18371,,,,,
2026-09-12T16:46:06-05:00,PUR_IED_FederalAlema_S901_a62cd,PUR_IED_FederalAlema_S901_a62cd,,,,,
2026-09-12T16:46:06-05:00,PUR_IED_FilarmonicaS_A5_f35eb1,PUR_IED_FilarmonicaS_A5_f35eb1,,,,,
2026-09-12T16:46:06-05:00,PUR_IED_FilarmonicaS_Ext_8a3bde,PUR_IED_FilarmonicaS_Ext_8a3bde,,,,,
2026-09-12T16:46:06-05:00,PUR_IED_FilarmonicaS_Spol_406114,PUR_IED_FilarmonicaS_Spol_406114,,,,,
2026-09-12T16:46:06-05:00,PUR_IED_FlorentinoG_A13_d1fa59,PUR_IED_FlorentinoG_A13_d1fa59,,,,,
2026-09-12T16:46:06-05:00,PUR_IED_FlorentinoG_Ext_1ce6ce,PUR_IED_FlorentinoG_Ext_1ce6ce,,,,,
2026-09-12T16:46:06-05:00,PUR_IED_FlorentinoG_Idiom_a66aac,PUR_IED_FlorentinoG_Idiom_a66aac,,,,,
2026-09-12T16:46:06-05:00,PUR_IED_FranciscoMati_Ext_e3869d,PUR_IED_FranciscoMati_Ext_e3869d,,,,,
2026-09-12T16:46:06-05:00,PUR_IED_FranciscoMati_S13_f31c67,PUR_IED_FranciscoMati_S13_f31c67,,,,,
2026-09-12T16:46:06-05:00,PUR_IED_FranciscoMati_S14_97dead,PUR_IED_FranciscoMati_S14_97dead,,,,,
2026-09-12T16:46:06-05:00,PUR_IED_FranciscoPS_Ext_7bfa9a,PUR_IED_FranciscoPS_Ext_7bfa9a,2,21,56,4.5899,-74.110397
2026-09-12T16:46:06-05:00,PUR_IED_FranciscoPS_Infor_fb8f4c,PUR_IED_FranciscoPS_Infor_fb8f4c,,,,,
2026-09-12T16:46:06-05:00,PUR_IED_FranciscoPS_Quimi_94d39c,PUR_IED_FranciscoPS_Quimi_94d39c,,,,,
2026-09-12T16:46:06-05:00,PUR_IED_FranciscoP_LabQ_d7e148,PUR_IED_FranciscoP_LabQ_d7e148,,,,,
2026-09-12T16:46:06-05:00,PUR_IED_FranciscoP_S28_cf9b30,PUR_IED_FranciscoP_S28_cf9b30,,,,,
2026-09-12T16:46:06-05:00,PUR_IED_FranciscoP_ext_e2313,PUR_IED_FranciscoP_ext_e2313,,,,,
2026-09-12T16:46:06-05:00,PUR_IED_FriederichN_Ext_8ac92a,PUR_IED_FriederichN_Ext_8ac92a,,,,,
2026-09-12T16:46:06-05:00,PUR_IED_FriederichN_S301_dd7e5a,PUR_IED_FriederichN_S301_dd7e5a,,,,,
2026-09-12T16:46:06-05:00,PUR_IED_FriederichN_S308_761f4f,PUR_IED_FriederichN_S308_761f4f,,,,,
2026-09-12T16:46:06-05:00,PUR_IED_GSantander_Aula10_533dd7,PUR_IED_GSantander_Aula10_533dd7,,,,,
2026-09-12T16:46:06-05:00,PUR_IED_GSantander_Aula12_fd4e4f,PUR_IED_GSantander_Aula12_fd4e4f,,,,,
2026-09-12T16:46:06-05:00,PUR_IED_GSantander_Aula310_533dd7,PUR_IED_GSantander_Aula310_533dd7,,,,,
2026-09-12T16:46:06-05:00,PUR_IED_GSantander_Aula312_fd4e4f,PUR_IED_GSantander_Aula312_fd4e4f,,,,,
2026-09-12T16:46:06-05:00,PUR_IED_GSantander_Ext_5f66b0,PUR_IED_GSantander_Ext_5f66b0,,,,,
2026-09-12T16:46:06-05:00,PUR_IED_GYomasa_Ext_f6bea5,PUR_IED_GYomasa_Ext_f6bea5,,,,,
2026-09-12T16:46:06-05:00,PUR_IED_GYomasa_LBiol_2c41aa,PUR_IED_GYomasa_LBiol_2c41aa,,,,,
2026-09-12T16:46:06-05:00,PUR_IED_GYomasa_LQuim_33c80,PUR_IED_GYomasa_LQuim_33c80,,,,,
2026-09-12T16:46:06-05:00,PUR_IED_GabBetMejia_Cienc_5a99c,PUR_IED_GabBetMejia_Cienc_5a99c,,,,,
2026-09-12T16:46:06-05:00,PUR_IED_GabBetMejia_Ext_9153d0,PUR_IED_GabBetMejia_Ext_9153d0,,,,,
2026-09-12T16:46:06-05:00,PUR_IED_GabBetMejia_Lab_f55347,PUR_IED_GabBetMejia_Lab_f55347,,,,,
2026-09-12T16:46:06-05:00,PUR_IED_GabBetanMejia_Ext_9153d0,PUR_IED_GabBetanMejia_Ext_9153d0,,,,,
2026-09-12T16:46:06-05:00,PUR_IED_Gaitana_Aula13_7aac11,PUR_IED_Gaitana_Aula13_7aac11,,,,,
2026-09-12T16:46:06-05:00,PUR_IED_Gaitana_Ext_5fcf4,PUR_IED_Gaitana_Ext_5fcf4,,,,,
2026-09-12T16:46:06-05:00,PUR_IED_Gaitana_LabFisica_644448,PUR_IED_Gaitana_LabFisica_644448,,,,,
2026-09-12T16:46:06-05:00,PUR_IED_GenSantander_Dise_8ac858,PUR_IED_GenSantander_Dise_8ac858,,,,,
2026-09-12T16:46:06-05:00,PUR_IED_GenSantander_Ext_8d5dfe,PUR_IED_GenSantander_Ext_8d5dfe,,,,,
2026-09-12T16:46:06-05:00,PUR_IED_GenSantander_Info_6c25b,PUR_IED_GenSantander_Info_6c25b,,,,,
2026-09-12T16:46:06-05:00,PUR_IED_GustavoMo_Exterio_75e63d,PUR_IED_GustavoMo_Exterio_75e63d,,,,,
2026-09-12T16:46:06-05:00,PUR_IED_GustavoMo_LabFisi_224d37,PUR_IED_GustavoMo_LabFisi_224d37,,,,,
2026-09-12T16:46:06-05:00,PUR_IED_GustavoMo_S208_3e6918,PUR_IED_GustavoMo_S208_3e6918,,,,,
2026-09-12T16:46:06-05:00,PUR_IED_GustavoR_A02_8cd4a8,PUR_IED_GustavoR_A02_8cd4a8,,,,,
2026-09-12T16:46:06-05:00,PUR_IED_GustavoR_B11_5b0ed,PUR_IED_GustavoR_B11_5b0ed,,,,,
2026-09-12T16:46:06-05:00,PUR_IED_GustavoR_Ext_7a0c90,PUR_IED_GustavoR_Ext_7a0c90,,,,,
2026-09-12T16:46:06-05:00,PUR_IED_HernandoDuran_Ext_8cd82b,PUR_IED_HernandoDuran_Ext_8cd82b,,,,,
2026-09-12T16:46:06-05:00,PUR_IED_HernandoDuran_S24_2772c6,PUR_IED_HernandoDuran_S24_2772c6,,,,,
2026-09-12T16:46:06-05:00,PUR_IED_HernandoDuran_S30_f2de41,PUR_IED_HernandoDuran_S30_f2de41,,,,,
2026-09-12T16:46:06-05:00,PUR_IED_HolguInUr_S1101_8cd732,PUR_IED_HolguInUr_S1101_8cd732,,,,,
2026-09-12T16:46:06-05:00,PUR_IED_HolguinUr_Exter_ddae6d,PUR_IED_HolguinUr_Exter_ddae6d,,,,,
2026-09-12T16:46:06-05:00,PUR_IED_HolguinUr_LabQuim_92b952,PUR_IED_HolguinUr_LabQuim_92b952,,,,,
2026-09-12T16:46:06-05:00,PUR_IED_Isabel-II_Ext_5245cc,PUR_IED_Isabel-II_Ext_5245cc,2,19,57,4.6336,-74.153
2026-09-12T16:46:06-05:00,PUR_IED_Isabel-II_S_idiom_1c29aa,PUR_IED_Isabel-II_S_idiom_1c29aa,,,,,
2026-09-12T16:46:06-05:00,PUR_IED_Isabel-II_S_infor_fd741,PUR_IED_Isabel-II_S_infor_fd741,,,,,
2026-09-12T16:46:06-05:00,PUR_IED_IsidroSur_Exterio_5b90ea,PUR_IED_IsidroSur_Exterio_5b90ea,,,,,
2026-09-12T16:46:06-05:00,PUR_IED_IsidroSur_LabTec_56697a,PUR_IED_IsidroSur_LabTec_56697a,,,,,
2026-09-12T16:46:06-05:00,PUR_IED_IsidroSur_Robotic_b7c38f,PUR_IED_IsidroSur_Robotic_b7c38f,,,,,
2026-09-12T16:46:06-05:00,PUR_IED_IsmaelPerd_Ext_7b6672,PUR_IED_IsmaelPerd_Ext_7b6672,,,,,
2026-09-12T16:46:06-05:00,PUR_IED_IsmaelPerd_Inform_306540,PUR_IED_IsmaelPerd_Inform_306540,,,,,
2026-09-12T16:46:06-05:00,PUR_IED_IsmaelPerd_S30_2e2c83,PUR_IED_IsmaelPerd_S30_2e2c83,,,,,
2026-09-12T16:46:06-05:00,PUR_IED_JLozano_Exter_432910,PUR_IED_JLozano_Exter_432910,,,,,
2026-09-12T16:46:06-05:00,PUR_IED_JLozano_salaMulti_df5125,PUR_IED_JLozano_salaMulti_df5125,,,,,
2026-09-12T16:46:06-05:00,PUR_IED_JMCordoba_206_86f80b,PUR_IED_JMCordoba_206_86f80b,,,,,
2026-09-12T16:46:06-05:00,PUR_IED_JMCordoba_Ext_27ad97,PUR_IED_JMCordoba_Ext_27ad97,,,,,
2026-09-12T16:46:06-05:00,PUR_IED_JMCordoba_S310_d59ab4,PUR_IED_JMCordoba_S310_d59ab4,,,,,
2026-09-12T16:46:06-05:00,PUR_IED_Japon_Ext_549100,PUR_IED_Japon_Ext_549100,,,,,
2026-09-12T16:46:06-05:00,PUR_IED_Japon_Laboratorio_bec51d,PUR_IED_Japon_Laboratorio_bec51d,,,,,
2026-09-12T16:46:06-05:00,PUR_IED_Japon_informatica_d99327,PUR_IED_Japon_informatica_d99327,,,,,
2026-09-12T16:46:06-05:00,PUR_IED_Jazmin_Ext_d27bda,PUR_IED_Jazmin_Ext_d27bda,,,,,
2026-09-12T16:46:06-05:00,PUR_IED_Jazmin_Fisica_8d14d7,PUR_IED_Jazmin_Fisica_8d14d7,,,,,
2026-09-12T16:46:06-05:00,PUR_IED_Jazmin_Quimica_801cb5,PUR_IED_Jazmin_Quimica_801cb5,,,,,
2026-09-12T16:46:06-05:00,PUR_IED_JorgeGaitan_Exter_f098d1,PUR_IED_JorgeGaitan_Exter_f098d1,,,,,
2026-09-12T16:46:06-05:00,PUR_IED_JorgeGaitan_STec1_dc9d1d,PUR_IED_JorgeGaitan_STec1_dc9d1d,,,,,
2026-09-12T16:46:06-05:00,PUR_IED_JorgeGaitan_STec2_281e69,PUR_IED_JorgeGaitan_STec2_281e69,,,,,
2026-09-12T16:46:06-05:00,PUR_IED_JorgeSoto_Exterio_d9d0a2,PUR_IED_JorgeSoto_Exterio_d9d0a2,,,,,
2026-09-12T16:46:06-05:00,PUR_IED_JorgeSoto_LabFisi_209c54,PUR_IED_JorgeSoto_LabFisi_209c54,,,,,
2026-09-12T16:46:06-05:00,PUR_IED_JorgeSoto_S103_27b51a,PUR_IED_JorgeSoto_S103_27b51a,,,,,
2026-09-12T16:46:06-05:00,PUR_IED_JoseAcevedo_A02_e965eb,PUR_IED_JoseAcevedo_A02_e965eb,,,,,
2026-09-12T16:46:06-05:00,PUR_IED_JoseAcevedo_A07_dd5b4,PUR_IED_JoseAcevedo_A07_dd5b4,,,,,
2026-09-12T16:46:06-05:00,PUR_IED_JoseAcevedo_Ext_b47484,PUR_IED_JoseAcevedo_Ext_b47484,,,,,
2026-09-12T16:46:06-05:00,PUR_IED_JoseMarti_Exte_5b9bf,PUR_IED_JoseMarti_Exte_5b9bf,,,,,
2026-09-12T16:46:06-05:00,PUR_IED_JoseMarti_LabQuim_1c6c2d,PUR_IED_JoseMarti_LabQuim_1c6c2d,,,,,
2026-09-12T16:46:06-05:00,PUR_IED_JoseMarti_S_info_f5f177,PUR_IED_JoseMarti_S_info_f5f177,,,,,
2026-09-12T16:46:06-05:00,PUR_IED_Josejoaquin_Ext_dfc5dc,PUR_IED_Josejoaquin_Ext_dfc5dc,,,,,
2026-09-12T16:46:06-05:00,PUR_IED_Josejoaquin_S05_5b2a96,PUR_IED_Josejoaquin_S05_5b2a96,,,,,
2026-09-12T16:46:06-05:00,PUR_IED_Josejoaquin_S06_1ce7d2,PUR_IED_Josejoaquin_S06_1ce7d2,,,,,
2026-09-12T16:46:06-05:00,PUR_IED_JulioFlorez_Danza_9b82dd,PUR_IED_JulioFlorez_Danza_9b82dd,,,,,
2026-09-12T16:46:06-05:00,PUR_IED_JulioFlorez_Exter_f9f314,PUR_IED_JulioFlorez_Exter_f9f314,,,,,
2026-09-12T16:46:06-05:00,PUR_IED_JulioFlorez_info2_6b6e08,PUR_IED_JulioFlorez_info2_6b6e08,,,,,
2026-09-12T16:46:06-05:00,PUR_IED_LaBelleza_Aula13_1d00d8,PUR_IED_LaBelleza_Aula13_1d00d8,,,,,
2026-09-12T16:46:06-05:00,PUR_IED_LaBelleza_Ext_7bc08c,PUR_IED_LaBelleza_Ext_7bc08c,,,,,
2026-09-12T16:46:06-05:00,PUR_IED_LaChucua_Ext_8cd6d2,PUR_IED_LaChucua_Ext_8cd6d2,,,,,
2026-09-12T16:46:06-05:00,PUR_IED_LaChucua_S15_f578ce,PUR_IED_LaChucua_S15_f578ce,,,,,
2026-09-12T16:46:06-05:00,PUR_IED_LaChucua_S16_eebcf9,PUR_IED_LaChucua_S16_eebcf9,,,,,
2026-09-12T16:46:06-05:00,PUR_IED_LaFelicidad_Ext_fb5109,PUR_IED_LaFelicidad_Ext_fb5109,,,,,
2026-09-12T16:46:06-05:00,PUR_IED_LaMerced_206_66ebd,PUR_IED_LaMerced_206_66ebd,,,,,
2026-09-12T16:46:06-05:00,PUR_IED_LaMerced_207_6ebd6,PUR_IED_LaMerced_207_6ebd6,,,,,
2026-09-12T16:46:06-05:00,PUR_IED_LaMerced_ext_304311,PUR_IED_LaMerced_ext_304311,,,,,
2026-09-12T16:46:06-05:00,PUR_IED_Laureano_CiencNat_281e5e,PUR_IED_Laureano_CiencNat_281e5e,,,,,
2026-09-12T16:46:06-05:00,PUR_IED_Laureano_Comedor_f65c0a,PUR_IED_Laureano_Comedor_f65c0a,,,,,
2026-09-12T16:46:06-05:00,PUR_IED_Laureano_Exterior_7ab011,PUR_IED_Laureano_Exterior_7ab011,,,,,
2026-09-12T16:46:06-05:00,PUR_IED_LeonGreiff_Exte_dfe560,PUR_IED_LeonGreiff_Exte_dfe560,,,,,
2026-09-12T16:46:06-05:00,PUR_IED_LeonGreiff_S210_f264ed,PUR_IED_LeonGreiff_S210_f264ed,,,,,
2026-09-12T16:46:06-05:00,PUR_IED_LeonGreiff_SQuimi_e8296f,PUR_IED_LeonGreiff_SQuimi_e8296f,,,,,
2026-09-12T16:46:06-05:00,PUR_IED_LlanoOrientalS208_7b9fcd,PUR_IED_LlanoOrientalS208_7b9fcd,,,,,
2026-09-12T16:46:06-05:00,PUR_IED_LlanoOriental_Ext_fb3766,PUR_IED_LlanoOriental_Ext_fb3766,,,,,
2026-09-12T16:46:06-05:00,PUR_IED_LlanoOriental_S208_7b9fcd,PUR_IED_LlanoOriental_S208_7b9fcd,,,,,
2026-09-12T16:46:06-05:00,PUR_IED_LlanoOriental_S9_27b378,PUR_IED_LlanoOriental_S9_27b378,,,,,
2026-09-12T16:46:06-05:00,PUR_IED_LosTejares_1101_477602,PUR_IED_LosTejares_1101_477602,,,,,
2026-09-12T16:46:06-05:00,PUR_IED_LosTejares_11_d2c595,PUR_IED_LosTejares_11_d2c595,,,,,
2026-09-12T16:46:06-05:00,PUR_IED_LosTejares_12_477602,PUR_IED_LosTejares_12_477602,,,,,
2026-09-12T16:46:06-05:00,PUR_IED_LosTejares_Ext_8e2115,PUR_IED_LosTejares_Ext_8e2115,,,,,
2026-09-12T16:46:06-05:00,PUR_IED_MagdalenaO_B202_5ddda3,PUR_IED_MagdalenaO_B202_5ddda3,,,,,
2026-09-12T16:46:06-05:00,PUR_IED_MagdalenaO_B205_fb76e8,PUR_IED_MagdalenaO_B205_fb76e8,,,,,
2026-09-12T16:46:06-05:00,PUR_IED_MagdalenaO_ext_dc69cd,PUR_IED_MagdalenaO_ext_dc69cd,,,,,
2026-09-12T16:46:06-05:00,PUR_IED_ManueCepeda_artes_eee956,PUR_IED_ManueCepeda_artes_eee956,,,,,
2026-09-12T16:46:06-05:00,PUR_IED_ManuelCepeda_Ext_58313,PUR_IED_ManuelCepeda_Ext_58313,,,,,
2026-09-12T16:46:06-05:00,PUR_IED_ManuelCepeda_tec_1c5731,PUR_IED_ManuelCepeda_tec_1c5731,,,,,
2026-09-12T16:46:06-05:00,PUR_IED_ManuelS_Exterior_5b269,PUR_IED_ManuelS_Exterior_5b269,,,,,
2026-09-12T16:46:06-05:00,PUR_IED_ManuelS_Inform_f369ce,PUR_IED_ManuelS_Inform_f369ce,,,,,
2026-09-12T16:46:06-05:00,PUR_IED_ManuelS_SArtes_7d15f1,PUR_IED_ManuelS_SArtes_7d15f1,,,,,
2026-09-12T16:46:06-05:00,PUR_IED_ManuelZapata_303_3ca6,PUR_IED_ManuelZapata_303_3ca6,,,,,
2026-09-12T16:46:06-05:00,PUR_IED_ManuelZapata_311_bfbabc,PUR_IED_ManuelZapata_311_bfbabc,,,,,
2026-09-12T16:46:06-05:00,PUR_IED_ManuelZapata_Ext_50824a,PUR_IED_ManuelZapata_Ext_50824a,,,,,
2026-09-12T16:46:06-05:00,PUR_IED_ManuelitaS_Exteri_656a92,PUR_IED_ManuelitaS_Exteri_656a92,,,,,
2026-09-12T16:46:06-05:00,PUR_IED_ManuelitaS_JuzgDe_f58ec3,PUR_IED_ManuelitaS_JuzgDe_f58ec3,,,,,
2026-09-12T16:46:06-05:00,PUR_IED_ManuelitaS_Recrea_d793db,PUR_IED_ManuelitaS_Recrea_d793db,,,,,
2026-09-12T16:46:06-05:00,PUR_IED_MarFidSuarez_Ext_c27b19,PUR_IED_MarFidSuarez_Ext_c27b19,,,,,
2026-09-12T16:46:06-05:00,PUR_IED_MarFidSuarez_Info_e384d7,PUR_IED_MarFidSuarez_Info_e384d7,,,,,
2026-09-12T16:46:06-05:00,PUR_IED_MarFidSuarez_S306_1d0032,PUR_IED_MarFidSuarez_S306_1d0032,,,,,
2026-09-12T16:46:06-05:00,PUR_IED_Menorah_301_2a25a3,PUR_IED_Menorah_301_2a25a3,,,,,
2026-09-12T16:46:06-05:00,PUR_IED_Menorah_306_37ed3,PUR_IED_Menorah_306_37ed3,,,,,
2026-09-12T16:46:06-05:00,PUR_IED_Menorah_Ext_3e155b,PUR_IED_Menorah_Ext_3e155b,,,,,
2026-09-12T16:46:06-05:00,PUR_IED_MinutoB.Aires_A11_1b1604,PUR_IED_MinutoB.Aires_A11_1b1604,,,,,
2026-09-12T16:46:06-05:00,PUR_IED_MinutoB.Aires_A12_fb5860,PUR_IED_MinutoB.Aires_A12_fb5860,,,,,
2026-09-12T16:46:06-05:00,PUR_IED_MinutoB.Aires_Ext_81293f,PUR_IED_MinutoB.Aires_Ext_81293f,,,,,
2026-09-12T16:46:06-05:00,PUR_IED_MinutoBAires_A11_1b1604,PUR_IED_MinutoBAires_A11_1b1604,,,,,
2026-09-12T16:46:06-05:00,PUR_IED_MinutoBAires_A12_fb5860,PUR_IED_MinutoBAires_A12_fb5860,,,,,
2026-09-12T16:46:06-05:00,PUR_IED_MinutoBAires_Ext_81293f,PUR_IED_MinutoBAires_Ext_81293f,,,,,
2026-09-12T16:46:06-05:00,PUR_IED_Montreal_Aula10_1e4959,PUR_IED_Montreal_Aula10_1e4959,,,,,
2026-09-12T16:46:06-05:00,PUR_IED_Montreal_Aula6_300367,PUR_IED_Montreal_Aula6_300367,,,,,
2026-09-12T16:46:06-05:00,PUR_IED_Montreal_Exterior_91a179,PUR_IED_Montreal_Exterior_91a179,,,,,
2026-09-12T16:46:06-05:00,PUR_IED_Mqgdalena_B202_5ddda3,PUR_IED_Mqgdalena_B202_5ddda3,,,,,
2026-09-12T16:46:06-05:00,PUR_IED_NACUND_Soc_dc8728,PUR_IED_NACUND_Soc_dc8728,,,,,
2026-09-12T16:46:06-05:00,PUR_IED_NACUND_ext_27ad97,PUR_IED_NACUND_ext_27ad97,,,,,
2026-09-12T16:46:06-05:00,PUR_IED_NEsperanza_Ext_d24b61,PUR_IED_NEsperanza_Ext_d24b61,,,,,
2026-09-12T16:46:06-05:00,PUR_IED_NEsperanza_SElect_7d1807,PUR_IED_NEsperanza_SElect_7d1807,,,,,
2026-09-12T16:46:06-05:00,PUR_IED_NEsperanza_SLabor_8b2d0a,PUR_IED_NEsperanza_SLabor_8b2d0a,,,,,
2026-09-12T16:46:06-05:00,PUR_IED_NacionesU_Ext_f661a9,PUR_IED_NacionesU_Ext_f661a9,,,,,
2026-09-12T16:46:06-05:00,PUR_IED_NacionesU_Quimica_66f0a,PUR_IED_NacionesU_Quimica_66f0a,,,,,
2026-09-12T16:46:06-05:00,PUR_IED_NacionesU_S306_1b4b3d,PUR_IED_NacionesU_S306_1b4b3d,,,,,
2026-09-12T16:46:06-05:00,PUR_IED_NestorFA_Ext_e4201c,PUR_IED_NestorFA_Ext_e4201c,,,,,
2026-09-12T16:46:06-05:00,PUR_IED_NestorFA_Laborato_f22fe0,PUR_IED_NestorFA_Laborato_f22fe0,,,,,
2026-09-12T16:46:06-05:00,PUR_IED_NestorFA_S204_dee996,PUR_IED_NestorFA_S204_dee996,,,,,
2026-09-12T16:46:06-05:00,PUR_IED_NidyaQT_Aula03_76999b,PUR_IED_NidyaQT_Aula03_76999b,,,,,
2026-09-12T16:46:06-05:00,PUR_IED_NidyaQT_Aula10_56325,PUR_IED_NidyaQT_Aula10_56325,,,,,
2026-09-12T16:46:06-05:00,PUR_IED_NidyaQT_Ext_46e32d,PUR_IED_NidyaQT_Ext_46e32d,,,,,
2026-09-12T16:46:06-05:00,PUR_IED_NuevaCol_Exterior_d9b859,PUR_IED_NuevaCol_Exterior_d9b859,,,,,
2026-09-12T16:46:06-05:00,PUR_IED_NuevaCol_S1101_76c43b,PUR_IED_NuevaCol_S1101_76c43b,,,,,
2026-09-12T16:46:06-05:00,PUR_IED_NuevaCol_S1102_1ce0b5,PUR_IED_NuevaCol_S1102_1ce0b5,,,,,
2026-09-12T16:46:06-05:00,PUR_IED_OEA_A202_f7e3f2,PUR_IED_OEA_A202_f7e3f2,,,,,
2026-09-12T16:46:06-05:00,PUR_IED_OEA_A203_7d1b8d,PUR_IED_OEA_A203_7d1b8d,,,,,
2026-09-12T16:46:06-05:00,PUR_IED_OEA_Ext_27b593,PUR_IED_OEA_Ext_27b593,,,,,
2026-09-12T16:46:06-05:00,PUR_IED_Ochoa_Ext_1c29da,PUR_IED_Ochoa_Ext_1c29da,,,,,
2026-09-12T16:46:06-05:00,PUR_IED_Ochoa_S205_8b1121,PUR_IED_Ochoa_S205_8b1121,,,,,
2026-09-12T16:46:06-05:00,PUR_IED_Ochoa_Sistemas_f33af6,PUR_IED_Ochoa_Sistemas_f33af6,,,,,
2026-09-12T16:46:06-05:00,PUR_IED_PQuebec_Ext_1c67c7,PUR_IED_PQuebec_Ext_1c67c7,,,,,
2026-09-12T16:46:06-05:00,PUR_IED_PQuebec_S15_23e8e2,PUR_IED_PQuebec_S15_23e8e2,,,,,
2026-09-12T16:46:06-05:00,PUR_IED_PQuebec_S16_8ec76b,PUR_IED_PQuebec_S16_8ec76b,,,,,
2026-09-12T16:46:06-05:00,PUR_IED_PabloN_Ext_49dc96,PUR_IED_PabloN_Ext_49dc96,,,,,
2026-09-12T16:46:06-05:00,PUR_IED_PabloN_S1102_4e3df5,PUR_IED_PabloN_S1102_4e3df5,,,,,
2026-09-12T16:46:06-05:00,PUR_IED_PabloN_S1103_50c94b,PUR_IED_PabloN_S1103_50c94b,,,,,
2026-09-12T16:46:06-05:00,PUR_IED_Palestina_S1101_db9198,PUR_IED_Palestina_S1101_db9198,,,,,
2026-09-12T16:46:06-05:00,PUR_IED_Palestina_S1102_dc54fa,PUR_IED_Palestina_S1102_dc54fa,,,,,
2026-09-12T16:46:06-05:00,PUR_IED_Palestina_ext_4ccce6,PUR_IED_Palestina_ext_4ccce6,,,,,
2026-09-12T16:46:06-05:00,PUR_IED_Panama_Fisica_4d0794,PUR_IED_Panama_Fisica_4d0794,,,,,
2026-09-12T16:46:06-05:00,PUR_IED_Panama_SIngles_a4077e,PUR_IED_Panama_SIngles_a4077e,,,,,
2026-09-12T16:46:06-05:00,PUR_IED_Panama_ext_4c54b4,PUR_IED_Panama_ext_4c54b4,,,,,
2026-09-12T16:46:06-05:00,PUR_IED_ParaisoM_Exterior_8cd7f0,PUR_IED_ParaisoM_Exterior_8cd7f0,,,,,
2026-09-12T16:46:06-05:00,PUR_IED_ParaisoM_Laborato_27af35,PUR_IED_ParaisoM_Laborato_27af35,,,,,
2026-09-12T16:46:06-05:00,PUR_IED_ParaisoM_S304_d1edca,PUR_IED_ParaisoM_S304_d1edca,,,,,
2026-09-12T16:46:06-05:00,PUR_IED_PorfirioBarba_Ext_301466,PUR_IED_PorfirioBarba_Ext_301466,,,,,
2026-09-12T16:46:06-05:00,PUR_IED_PorfirioBarba_S11_df6cd2,PUR_IED_PorfirioBarba_S11_df6cd2,,,,,
2026-09-12T16:46:06-05:00,PUR_IED_PorfirioBarba_S29_27a7d6,PUR_IED_PorfirioBarba_S29_27a7d6,,,,,
2026-09-12T16:46:06-05:00,PUR_IED_PradoV_Exter_8b27ad,PUR_IED_PradoV_Exter_8b27ad,,,,,
2026-09-12T16:46:06-05:00,PUR_IED_PradoV_S301_de65b5,PUR_IED_PradoV_S301_de65b5,,,,,
2026-09-12T16:46:06-05:00,PUR_IED_PradoV_S302_7d2593,PUR_IED_PradoV_S302_7d2593,,,,,
2026-09-12T16:46:06-05:00,PUR_IED_QuirogaAlz_Ext_1ddc82,PUR_IED_QuirogaAlz_Ext_1ddc82,,,,,
2026-09-12T16:46:06-05:00,PUR_IED_QuirogaAlz_S302_9926a3,PUR_IED_QuirogaAlz_S302_9926a3,,,,,
2026-09-12T16:46:06-05:00,PUR_IED_QuirogaAlz_S305_cdf1f1,PUR_IED_QuirogaAlz_S305_cdf1f1,,,,,
2026-09-12T16:46:06-05:00,PUR_IED_RGuatemala_Biling_dc53b7,PUR_IED_RGuatemala_Biling_dc53b7,,,,,
2026-09-12T16:46:06-05:00,PUR_IED_RGuatemala_Ext_1b89a3,PUR_IED_RGuatemala_Ext_1b89a3,,,,,
2026-09-12T16:46:06-05:00,PUR_IED_RGuatemala_Tecnol_281a34,PUR_IED_RGuatemala_Tecnol_281a34,,,,,
2026-09-12T16:46:06-05:00,PUR_IED_RafaNu_Ext_f7c302,PUR_IED_RafaNu_Ext_f7c302,,,,,
2026-09-12T16:46:06-05:00,PUR_IED_RafaNu_S1101_25fde,PUR_IED_RafaNu_S1101_25fde,,,,,
2026-09-12T16:46:06-05:00,PUR_IED_RafaNu_S1102_281517,PUR_IED_RafaNu_S1102_281517,,,,,
2026-09-12T16:46:06-05:00,PUR_IED_RafaelB_S305_ee2783,PUR_IED_RafaelB_S305_ee2783,,,,,
2026-09-12T16:46:06-05:00,PUR_IED_RafaelB_S306_75fe33,PUR_IED_RafaelB_S306_75fe33,,,,,
2026-09-12T16:46:06-05:00,PUR_IED_RafaelB_ext_283336,PUR_IED_RafaelB_ext_283336,2,20,59,4.6722,-74.0737
2026-09-12T16:46:06-05:00,PUR_IED_RafaelUU_Exterior_281a51,PUR_IED_RafaelUU_Exterior_281a51,,,,,
2026-09-12T16:46:06-05:00,PUR_IED_RafaelUU_Human_806b2,PUR_IED_RafaelUU_Human_806b2,,,,,
2026-09-12T16:46:06-05:00,PUR_IED_RafaelUU_Mate2_5680d4,PUR_IED_RafaelUU_Mate2_5680d4,,,,,
2026-09-12T16:46:06-05:00,PUR_IED_RamonSub_Ext_f9eeb9,PUR_IED_RamonSub_Ext_f9eeb9,,,,,
2026-09-12T16:46:06-05:00,PUR_IED_RamonSub_Media_d1f62f,PUR_IED_RamonSub_Media_d1f62f,,,,,
2026-09-12T16:46:06-05:00,PUR_IED_RamonSub_planta_51b82,PUR_IED_RamonSub_planta_51b82,,,,,
2026-09-12T16:46:06-05:00,PUR_IED_RepBoliVene_Exter_27af7c,PUR_IED_RepBoliVene_Exter_27af7c,,,,,
2026-09-12T16:46:06-05:00,PUR_IED_RepBoliVene_SCPT_5ae2ee,PUR_IED_RepBoliVene_SCPT_5ae2ee,,,,,
2026-09-12T16:46:06-05:00,PUR_IED_RepBoliVene_Socia_4b11d5,PUR_IED_RepBoliVene_Socia_4b11d5,,,,,
2026-09-12T16:46:06-05:00,PUR_IED_RepChina_Ext_76d9ee,PUR_IED_RepChina_Ext_76d9ee,,,,,
2026-09-12T16:46:06-05:00,PUR_IED_RepChina_S404_7c804c,PUR_IED_RepChina_S404_7c804c,,,,,
2026-09-12T16:46:06-05:00,PUR_IED_RepChina_S405_df2c33,PUR_IED_RepChina_S405_df2c33,,,,,
2026-09-12T16:46:06-05:00,PUR_IED_RepublicaC_Exteri_7d1ec9,PUR_IED_RepublicaC_Exteri_7d1ec9,,,,,
2026-09-12T16:46:06-05:00,PUR_IED_RepublicaC_S1101_f544b3,PUR_IED_RepublicaC_S1101_f544b3,,,,,
2026-09-12T16:46:06-05:00,PUR_IED_RepublicaC_S1102_7aafc7,PUR_IED_RepublicaC_S1102_7aafc7,,,,,
2026-09-12T16:46:06-05:00,PUR_IED_Ricaurte_Externo_a0ea1,PUR_IED_Ricaurte_Externo_a0ea1,,,,,
2026-09-12T16:46:06-05:00,PUR_IED_Ricaurte_S210_f546fd,PUR_IED_Ricaurte_S210_f546fd,,,,,
2026-09-12T16:46:06-05:00,PUR_IED_Ricaurte_S309_d4452,PUR_IED_Ricaurte_S309_d4452,,,,,
2026-09-12T16:46:06-05:00,PUR_IED_RogelioS_1102_531e69,PUR_IED_RogelioS_1102_531e69,,,,,
2026-09-12T16:46:06-05:00,PUR_IED_RogelioS_Ext_f25a18,PUR_IED_RogelioS_Ext_f25a18,,,,,
2026-09-12T16:46:06-05:00,PUR_IED_SBernardino_Ext_27aff8,PUR_IED_SBernardino_Ext_27aff8,,,,,
2026-09-12T16:46:06-05:00,PUR_IED_SBernardino_SArte_2ffd33,PUR_IED_SBernardino_SArte_2ffd33,,,,,
2026-09-12T16:46:06-05:00,PUR_IED_SBernardino_SIngl_7c7da5,PUR_IED_SBernardino_SIngl_7c7da5,,,,,
2026-09-12T16:46:06-05:00,PUR_IED_Sago_auditorio_dc9d1d,PUR_IED_Sago_auditorio_dc9d1d,,,,,
2026-09-12T16:46:06-05:00,PUR_IED_Saludcoop_Ext_95aac3,PUR_IED_Saludcoop_Ext_95aac3,,,,,
2026-09-12T16:46:06-05:00,PUR_IED_Saludcoop_InfI_90c854,PUR_IED_Saludcoop_InfI_90c854,,,,,
2026-09-12T16:46:06-05:00,PUR_IED_Saludcoop_SMedia_1b93be,PUR_IED_Saludcoop_SMedia_1b93be,,,,,
2026-09-12T16:46:06-05:00,PUR_IED_SanCarlos_1101_1a2360,PUR_IED_SanCarlos_1101_1a2360,,,,,
2026-09-12T16:46:06-05:00,PUR_IED_SanCarlos_1103_7bafb5,PUR_IED_SanCarlos_1103_7bafb5,,,,,
2026-09-12T16:46:06-05:00,PUR_IED_SanCarlos_Ext_b7cd1,PUR_IED_SanCarlos_Ext_b7cd1,,,,,
2026-09-12T16:46:06-05:00,PUR_IED_SanIgnacioBosa11a_50c26e,PUR_IED_SanIgnacioBosa11a_50c26e,,,,,
2026-09-12T16:46:06-05:00,PUR_IED_SanIgnacioBosa11b_371de8,PUR_IED_SanIgnacioBosa11b_371de8,,,,,
2026-09-12T16:46:06-05:00,PUR_IED_SanIgnacioBosaExt_ef0ffc,PUR_IED_SanIgnacioBosaExt_ef0ffc,,,,,
2026-09-12T16:46:06-05:00,PUR_IED_SanIgnacioBosa_11a_50c26e,PUR_IED_SanIgnacioBosa_11a_50c26e,,,,,
2026-09-12T16:46:06-05:00,PUR_IED_SanIgnacioBosa_Ext_ef0ffc,PUR_IED_SanIgnacioBosa_Ext_ef0ffc,,,,,
2026-09-12T16:46:06-05:00,PUR_IED_SanJoseN_intS1101_31c47f,PUR_IED_SanJoseN_intS1101_31c47f,,,,,
2026-09-12T16:46:06-05:00,PUR_IED_SanJoseUsm_Exter_f5d7e8,PUR_IED_SanJoseUsm_Exter_f5d7e8,,,,,
2026-09-12T16:46:06-05:00,PUR_IED_SanJoseUsm_Int11A_cfdef6,PUR_IED_SanJoseUsm_Int11A_cfdef6,,,,,
2026-09-12T16:46:06-05:00,PUR_IED_SilveriaR_IntB5_905349,PUR_IED_SilveriaR_IntB5_905349,,,,,
2026-09-12T16:46:06-05:00,PUR_IED_SilveriaR_IntSD14_981f93,PUR_IED_SilveriaR_IntSD14_981f93,,,,,
2026-09-12T16:46:06-05:00,PUR_IED_SilveriaR_ext_2b651d,PUR_IED_SilveriaR_ext_2b651d,,,,,
2026-09-12T16:46:06-05:00,PUR_IED_SimonB_Exterior_913975,PUR_IED_SimonB_Exterior_913975,,,,,
2026-09-12T16:46:06-05:00,PUR_IED_SimonB_LabQuimi_c56908,PUR_IED_SimonB_LabQuimi_c56908,,,,,
2026-09-12T16:46:06-05:00,PUR_IED_SimonB_informatic_a28c1,PUR_IED_SimonB_informatic_a28c1,,,,,
2026-09-12T16:46:06-05:00,PUR_IED_Sorrento_1102_315f50,PUR_IED_Sorrento_1102_315f50,,,,,
2026-09-12T16:46:06-05:00,PUR_IED_Sorrento_Minte_214eab,PUR_IED_Sorrento_Minte_214eab,,,,,
2026-09-12T16:46:06-05:00,PUR_IED_Sorrento_ext_7c3a0a,PUR_IED_Sorrento_ext_7c3a0a,,,,,
2026-09-12T16:46:06-05:00,PUR_IED_Tabora_Ext_f048ae,PUR_IED_Tabora_Ext_f048ae,,,,,
2026-09-12T16:46:06-05:00,PUR_IED_Tabora_S1102_b07752,PUR_IED_Tabora_S1102_b07752,,,,,
2026-09-12T16:46:06-05:00,PUR_IED_Tabora_S1103_d988f5,PUR_IED_Tabora_S1103_d988f5,,,,,
2026-09-12T16:46:06-05:00,PUR_IED_Tenerife_Ext_1ab188,PUR_IED_Tenerife_Ext_1ab188,,,,,
2026-09-12T16:46:06-05:00,PUR_IED_Tenerife_SDanzas_7bc02e,PUR_IED_Tenerife_SDanzas_7bc02e,,,,,
2026-09-12T16:46:06-05:00,PUR_IED_Tenerife_SIngles_7cc277,PUR_IED_Tenerife_SIngles_7cc277,,,,,
2026-09-12T16:46:06-05:00,PUR_IED_Tibabuyes_Exter_f2683d,PUR_IED_Tibabuyes_Exter_f2683d,,,,,
2026-09-12T16:46:06-05:00,PUR_IED_Tibabuyes_S10_dc87a8,PUR_IED_Tibabuyes_S10_dc87a8,,,,,
2026-09-12T16:46:06-05:00,PUR_IED_Tibabuyes_S15_dc0526,PUR_IED_Tibabuyes_S15_dc0526,,,,,
2026-09-12T16:46:06-05:00,PUR_IED_UnionE_S301_a1043,PUR_IED_UnionE_S301_a1043,,,,,
2026-09-12T16:46:06-05:00,PUR_IED_UnionE_S307_ff6c2f,PUR_IED_UnionE_S307_ff6c2f,,,,,
2026-09-12T16:46:06-05:00,PUR_IED_UnionE__Ext_5e2468,PUR_IED_UnionE__Ext_5e2468,,,,,
2026-09-12T16:46:06-05:00,PUR_IED_VillaRica_Ext_75be7c,PUR_IED_VillaRica_Ext_75be7c,,,,,
2026-09-12T16:46:06-05:00,PUR_IED_VillaRica_S4_cc5dcd,PUR_IED_VillaRica_S4_cc5dcd,,,,,
2026-09-12T16:46:06-05:00,PUR_IED_VillaRica_Sesp_99f5c,PUR_IED_VillaRica_Sesp_99f5c,,,,,
2026-09-12T16:51:04-05:00,PUR_IED_20deJulio_1101_91b1b9,PUR_IED_20deJulio_1101_91b1b9,,,,,
2026-09-12T16:51:04-05:00,PUR_IED_20deJulio_1102_1cfcf9,PUR_IED_20deJulio_1102_1cfcf9,,,,,
2026-09-12T16:51:04-05:00,PUR_IED_20deJulio_Ext_ab60bd,PUR_IED_20deJulio_Ext_ab60bd,,,,,
2026-09-12T16:51:04-05:00,PUR_IED_AgustinFer_Ext_7b9b77,PUR_IED_AgustinFer_Ext_7b9b77,,,,,
2026-09-12T16:51:04-05:00,PUR_IED_AgustinFer_Info2_27b3a7,PUR_IED_AgustinFer_Info2_27b3a7,,,,,
2026-09-12T16:51:04-05:00,PUR_IED_AgustinFer_Sena_54b4eb,PUR_IED_AgustinFer_Sena_54b4eb,,,,,
2026-09-12T16:51:04-05:00,PUR_IED_AlexanderF_1102_caf07b,PUR_IED_AlexanderF_1102_caf07b,,,,,
2026-09-12T16:51:04-05:00,PUR_IED_AlexanderF_1103_c79e71,PUR_IED_AlexanderF_1103_c79e71,,,,,
2026-09-12T16:51:04-05:00,PUR_IED_AlexanderF_Ext_c5b18b,PUR_IED_AlexanderF_Ext_c5b18b,,,,,
2026-09-12T16:51:04-05:00,PUR_IED_AlfonsoLopez_Ext_281d77,PUR_IED_AlfonsoLopez_Ext_281d77,,,,,
2026-09-12T16:51:04-05:00,PUR_IED_AlfonsoLopez_LabF_888ce0,PUR_IED_AlfonsoLopez_LabF_888ce0,,,,,
2026-09-12T16:51:04-05:00,PUR_IED_AlfonsoLopez_SMed_df6a7f,PUR_IED_AlfonsoLopez_SMed_df6a7f,,,,,
2026-09-12T16:51:04-05:00,PUR_IED_AltamiraSO_A2_209f92,PUR_IED_AltamiraSO_A2_209f92,,,,,
2026-09-12T16:51:04-05:00,PUR_IED_AltamiraSO_Ext_186d66,PUR_IED_AltamiraSO_Ext_186d66,,,,,
2026-09-12T16:51:04-05:00,PUR_IED_AltamiraSO_Sistem_27afe1,PUR_IED_AltamiraSO_Sistem_27afe1,,,,,
2026-09-12T16:51:04-05:00,PUR_IED_AlvaroGom_LabQuim_813179,PUR_IED_AlvaroGom_LabQuim_813179,,,,,
2026-09-12T16:51:04-05:00,PUR_IED_AlvaroGomez_Ext_47c7ca,PUR_IED_AlvaroGomez_Ext_47c7ca,,,,,
2026-09-12T16:51:04-05:00,PUR_IED_AlvaroGomez_LabQuim_813179,PUR_IED_AlvaroGomez_LabQuim_813179,,,,,
2026-09-12T16:51:04-05:00,PUR_IED_AlvaroGomez_S23_7ba89f,PUR_IED_AlvaroGomez_S23_7ba89f,,,,,
2026-09-12T16:51:04-05:00,PUR_IED_Amistad_306_dc8728,PUR_IED_Amistad_306_dc8728,,,,,
2026-09-12T16:51:04-05:00,PUR_IED_Amistad_Ext_8cd55e,PUR_IED_Amistad_Ext_8cd55e,,,,,
2026-09-12T16:51:04-05:00,PUR_IED_Amistad_S202_a41169,PUR_IED_Amistad_S202_a41169,,,,,
2026-09-12T16:51:04-05:00,PUR_IED_AndresBello_Bio_fd5f5e,PUR_IED_AndresBello_Bio_fd5f5e,,,,,
2026-09-12T16:51:04-05:00,PUR_IED_AndresBello_ext_dcad65,PUR_IED_AndresBello_ext_dcad65,,,,,
2026-09-12T16:51:04-05:00,PUR_IED_AndresBello_port_eed3ec,PUR_IED_AndresBello_port_eed3ec,,,,,
2026-09-12T16:51:04-05:00,PUR_IED_AngelaR_11b_d90a6b,PUR_IED_AngelaR_11b_d90a6b,,,,,
2026-09-12T16:51:04-05:00,PUR_IED_AngelaR_ext_7cad3e,PUR_IED_AngelaR_ext_7cad3e,3,20,60,4.5825,-74.164497
2026-09-12T16:51:04-05:00,PUR_IED_AntJoseSucre_10mo_df2575,PUR_IED_AntJoseSucre_10mo_df2575,,,,,
2026-09-12T16:51:04-05:00,PUR_IED_AntJoseSucre_Ext_215b36,PUR_IED_AntJoseSucre_Ext_215b36,,,,,
2026-09-12T16:51:04-05:00,PUR_IED_AntJoseSucre_Lab_3139de,PUR_IED_AntJoseSucre_Lab_3139de,,,,,
2026-09-12T16:51:04-05:00,PUR_IED_AntonioGarcia_301_d6b188,PUR_IED_AntonioGarcia_301_d6b188,,,,,
2026-09-12T16:51:04-05:00,PUR_IED_AntonioGarcia_302_88a82,PUR_IED_AntonioGarcia_302_88a82,,,,,
2026-09-12T16:51:04-05:00,PUR_IED_AntonioGarcia_Ext_20950c,PUR_IED_AntonioGarcia_Ext_20950c,,,,,
2026-09-12T16:51:04-05:00,PUR_IED_AntonioVan_Aula2_6dea02,PUR_IED_AntonioVan_Aula2_6dea02,,,,,
2026-09-12T16:51:04-05:00,PUR_IED_AntonioVan_Aula5_f1557e,PUR_IED_AntonioVan_Aula5_f1557e,,,,,
2026-09-12T16:51:04-05:00,PUR_IED_AntonioVan_Ext_406f2f,PUR_IED_AntonioVan_Ext_406f2f,,,,,
2026-09-12T16:51:04-05:00,PUR_IED_Atabanzha_Ext_cc5af9,PUR_IED_Atabanzha_Ext_cc5af9,,,,,
2026-09-12T16:51:04-05:00,PUR_IED_Atabanzha_SA101_56c37,PUR_IED_Atabanzha_SA101_56c37,,,,,
2026-09-12T16:51:04-05:00,PUR_IED_Atabanzha_SB302_27b374,PUR_IED_Atabanzha_SB302_27b374,,,,,
2026-09-12T16:51:04-05:00,PUR_IED_Atahualpa_Ext_fc1748,PUR_IED_Atahualpa_Ext_fc1748,,,,,
2026-09-12T16:51:04-05:00,PUR_IED_Atahualpa_Informa_dc9a95,PUR_IED_Atahualpa_Informa_dc9a95,,,,,
2026-09-12T16:51:04-05:00,PUR_IED_Atahualpa_S1101_f98056,PUR_IED_Atahualpa_S1101_f98056,,,,,
2026-09-12T16:51:04-05:00,PUR_IED_Bellavista_Ext_f5aa74,PUR_IED_Bellavista_Ext_f5aa74,,,,,
2026-09-12T16:51:04-05:00,PUR_IED_Bilbao_11A_916c41,PUR_IED_Bilbao_11A_916c41,,,,,
2026-09-12T16:51:04-05:00,PUR_IED_Bilbao_Ext_fb579a,PUR_IED_Bilbao_Ext_fb579a,,,,,
2026-09-12T16:51:04-05:00,PUR_IED_BrasiliaU_A125_304280,PUR_IED_BrasiliaU_A125_304280,,,,,
2026-09-12T16:51:04-05:00,PUR_IED_BrasiliaU_A203_7c8ca5,PUR_IED_BrasiliaU_A203_7c8ca5,,,,,
2026-09-12T16:51:04-05:00,PUR_IED_BrasiliaU_Ext_8d6e9f,PUR_IED_BrasiliaU_Ext_8d6e9f,4,20,59,4.5175,-74.116302
2026-09-12T16:51:04-05:00,PUR_IED_Brasilia_Ext_fe6593,PUR_IED_Brasilia_Ext_fe6593,,,,,
2026-09-12T16:51:04-05:00,PUR_IED_Brasilia_S24_7c130d,PUR_IED_Brasilia_S24_7c130d,,,,,
2026-09-12T16:51:04-05:00,PUR_IED_Brasilia_S501_186a54,PUR_IED_Brasilia_S501_186a54,,,,,
2026-09-12T16:51:04-05:00,PUR_IED_CHARRY_EXT_f1d5cd,PUR_IED_CHARRY_EXT_f1d5cd,,,,,
2026-09-12T16:51:04-05:00,PUR_IED_CHARRY_INTDANZAS_7a08e6,PUR_IED_CHARRY_INTDANZAS_7a08e6,,,,,
2026-09-12T16:51:04-05:00,PUR_IED_CHARRY_INT_AULA20_dc998d,PUR_IED_CHARRY_INT_AULA20_dc998d,,,,,
2026-09-12T16:51:04-05:00,PUR_IED_COLVIV_1101_S25_7f520a,PUR_IED_COLVIV_1101_S25_7f520a,,,,,
2026-09-12T16:51:04-05:00,PUR_IED_COLVIV_1102_S16_f570ba,PUR_IED_COLVIV_1102_S16_f570ba,,,,,
2026-09-12T16:51:04-05:00,PUR_IED_COLVIV_Ext_1a26fa,PUR_IED_COLVIV_Ext_1a26fa,,,,,
2026-09-12T16:51:04-05:00,PUR_IED_CULPOP_301A_f660f3,PUR_IED_CULPOP_301A_f660f3,,,,,
2026-09-12T16:51:04-05:00,PUR_IED_CULPOP_303_568afe,PUR_IED_CULPOP_303_568afe,,,,,
2026-09-12T16:51:04-05:00,PUR_IED_CULPOP_Ext_e02ccb,PUR_IED_CULPOP_Ext_e02ccb,,,,,
2026-09-12T16:51:04-05:00,PUR_IED_CVillavicen_Ext_26eb58,PUR_IED_CVillavicen_Ext_26eb58,7,17,77,4.487,-74.102798
2026-09-12T16:51:04-05:00,PUR_IED_CVillavicen_Intel_1ce5c2,PUR_IED_CVillavicen_Intel_1ce5c2,,,,,
2026-09-12T16:51:04-05:00,PUR_IED_CVillavicen_Poliv_e0766c,PUR_IED_CVillavicen_Poliv_e0766c,,,,,
2026-09-12T16:51:04-05:00,PUR_IED_CVillavicen_int_1ba140,PUR_IED_CVillavicen_int_1ba140,,,,,
2026-09-12T16:51:04-05:00,PUR_IED_CVillavicen_intel_1ba140,PUR_IED_CVillavicen_intel_1ba140,,,,,
2026-09-12T16:51:04-05:00,PUR_IED_CarlosPizarro_Ext_e307cc,PUR_IED_CarlosPizarro_Ext_e307cc,,,,,
2026-09-12T16:51:04-05:00,PUR_IED_CarlosPizarro_L36_7e5cdb,PUR_IED_CarlosPizarro_L36_7e5cdb,,,,,
2026-09-12T16:51:04-05:00,PUR_IED_CarlosPizarro_L37_c8566c,PUR_IED_CarlosPizarro_L37_c8566c,,,,,
2026-09-12T16:51:04-05:00,PUR_IED_Castilla_Ext_cf35f,PUR_IED_Castilla_Ext_cf35f,,,,,
2026-09-12T16:51:04-05:00,PUR_IED_Castilla_SFisik_360e38,PUR_IED_Castilla_SFisik_360e38,,,,,
2026-09-12T16:51:04-05:00,PUR_IED_Castilla_Sc304_496fbf,PUR_IED_Castilla_Sc304_496fbf,,,,,
2026-09-12T16:51:04-05:00,PUR_IED_CervantesSa_Ext_6b57b,PUR_IED_CervantesSa_Ext_6b57b,3,19,66,4.5128,-74.117203
2026-09-12T16:51:04-05:00,PUR_IED_CervantesSa_S107_225c2b,PUR_IED_CervantesSa_S107_225c2b,,,,,
2026-09-12T16:51:04-05:00,PUR_IED_CervantesSa_S108_940925,PUR_IED_CervantesSa_S108_940925,,,,,
2026-09-12T16:51:04-05:00,PUR_IED_Charry_A20_f53e7c,PUR_IED_Charry_A20_f53e7c,,,,,
2026-09-12T16:51:04-05:00,PUR_IED_Charry_Ext_f1d5cd,PUR_IED_Charry_Ext_f1d5cd,,,,,
2026-09-12T16:51:04-05:00,PUR_IED_Charry_IntAula20_dc998d,PUR_IED_Charry_IntAula20_dc998d,,,,,
2026-09-12T16:51:04-05:00,PUR_IED_Charry_IntDanzas_7a08e6,PUR_IED_Charry_IntDanzas_7a08e6,,,,,
2026-09-12T16:51:04-05:00,PUR_IED_ClememciaC_203_43e2fc,PUR_IED_ClememciaC_203_43e2fc,,,,,
2026-09-12T16:51:04-05:00,PUR_IED_ClememciaC_Ext_1b411a,PUR_IED_ClememciaC_Ext_1b411a,,,,,
2026-09-12T16:51:04-05:00,PUR_IED_ClememciaC_Quimic_44b5fc,PUR_IED_ClememciaC_Quimic_44b5fc,,,,,
2026-09-12T16:51:04-05:00,PUR_IED_ClemenciaC_203_43e2fc,PUR_IED_ClemenciaC_203_43e2fc,,,,,
2026-09-12T16:51:04-05:00,PUR_IED_ClemenciaC_Ext_1b411a,PUR_IED_ClemenciaC_Ext_1b411a,,,,,
2026-09-12T16:51:04-05:00,PUR_IED_ClemenciaC_Quimic_44b5fc,PUR_IED_ClemenciaC_Quimic_44b5fc,,,,,
2026-09-12T16:51:04-05:00,PUR_IED_ColViva_1101_S25_7f520a,PUR_IED_ColViva_1101_S25_7f520a,,,,,
2026-09-12T16:51:04-05:00,PUR_IED_ColViva_1102_S16_f570ba,PUR_IED_ColViva_1102_S16_f570ba,,,,,
2026-09-12T16:51:04-05:00,PUR_IED_ColViva_Ext_1a26fa,PUR_IED_ColViva_Ext_1a26fa,,,,,
2026-09-12T16:51:04-05:00,PUR_IED_ColegioBici_Asist_7c8798,PUR_IED_ColegioBici_Asist_7c8798,,,,,
2026-09-12T16:51:04-05:00,PUR_IED_ColegioBici_Ext_25cbf6,PUR_IED_ColegioBici_Ext_25cbf6,,,,,
2026-09-12T16:51:04-05:00,PUR_IED_ColegioBici_LabQ_7b57db,PUR_IED_ColegioBici_LabQ_7b57db,,,,,
2026-09-12T16:51:04-05:00,PUR_IED_CostaRica_Ext_5e640,PUR_IED_CostaRica_Ext_5e640,,,,,
2026-09-12T16:51:04-05:00,PUR_IED_CostaRica_Quim1_766d1c,PUR_IED_CostaRica_Quim1_766d1c,,,,,
2026-09-12T16:51:04-05:00,PUR_IED_CostaRica__Fisica_6f0873,PUR_IED_CostaRica__Fisica_6f0873,,,,,
2026-09-12T16:51:04-05:00,PUR_IED_CulPopu_301A_f660f3,PUR_IED_CulPopu_301A_f660f3,,,,,
2026-09-12T16:51:04-05:00,PUR_IED_CulPopu_303_568afe,PUR_IED_CulPopu_303_568afe,,,,,
2026-09-12T16:51:04-05:00,PUR_IED_CulPopu_Ext_e02ccb,PUR_IED_CulPopu_Ext_e02ccb,,,,,
2026-09-12T16:51:04-05:00,PUR_IED_Cundinamarca_Ext_f15985,PUR_IED_Cundinamarca_Ext_f15985,,,,,
2026-09-12T16:51:04-05:00,PUR_IED_Cundinamarca_Info_7aa5d7,PUR_IED_Cundinamarca_Info_7aa5d7,,,,,
2026-09-12T16:51:04-05:00,PUR_IED_Cundinamarca_Tec2_f449c7,PUR_IED_Cundinamarca_Tec2_f449c7,,,,,
2026-09-12T16:51:04-05:00,PUR_IED_DiegoM_Aula1_27b314,PUR_IED_DiegoM_Aula1_27b314,,,,,
2026-09-12T16:51:04-05:00,PUR_IED_DiegoM_Ext_d80ac8,PUR_IED_DiegoM_Ext_d80ac8,,,,,
2026-09-12T16:51:04-05:00,PUR_IED_DiegoM_S25_da928f,PUR_IED_DiegoM_S25_da928f,,,,,
2026-09-12T16:51:04-05:00,PUR_IED_ELRODEO_360881,PUR_IED_ELRODEO_360881,,,,,
2026-09-12T16:51:04-05:00,PUR_IED_ELRODEO_ext_360881,PUR_IED_ELRODEO_ext_360881,,,,,
2026-09-12T16:51:04-05:00,PUR_IED_EduardoU_Ext_1c1969,PUR_IED_EduardoU_Ext_1c1969,,,,,
2026-09-12T16:51:04-05:00,PUR_IED_EduardoU_SCiencia_4dfb94,PUR_IED_EduardoU_SCiencia_4dfb94,,,,,
2026-09-12T16:51:04-05:00,PUR_IED_EduardoU_SQuimica_5a46e7,PUR_IED_EduardoU_SQuimica_5a46e7,,,,,
2026-09-12T16:51:04-05:00,PUR_IED_ElRodeo_Aula14_676984,PUR_IED_ElRodeo_Aula14_676984,,,,,
2026-09-12T16:51:04-05:00,PUR_IED_ElRodeo_Aula16_2dd35b,PUR_IED_ElRodeo_Aula16_2dd35b,,,,,
2026-09-12T16:51:04-05:00,PUR_IED_ElRodeo_Ext_360881,PUR_IED_ElRodeo_Ext_360881,,,,,
2026-09-12T16:51:04-05:00,PUR_IED_ElRodeo_Exterior_8c6d28,PUR_IED_ElRodeo_Exterior_8c6d28,,,,,
2026-09-12T16:51:04-05:00,PUR_IED_ElRodeo_ext_360881,PUR_IED_ElRodeo_ext_360881,,,,,
2026-09-12T16:51:04-05:00,PUR_IED_EmmaReyes_Ext_987625,PUR_IED_EmmaReyes_Ext_987625,3,22,50,4.6367,-74.1511
2026-09-12T16:51:04-05:00,PUR_IED_Ensueño_Ext_7f0250,PUR_IED_Ensueño_Ext_7f0250,,,,,
2026-09-12T16:51:04-05:00,PUR_IED_EscNormal_Ext_5fef3b,PUR_IED_EscNormal_Ext_5fef3b,2,21,55,4.5852,-74.096901
2026-09-12T16:51:04-05:00,PUR_IED_EscNormal_S309_5b263,PUR_IED_EscNormal_S309_5b263,,,,,
2026-09-12T16:51:04-05:00,PUR_IED_EscNormal_S310_27b3b8,PUR_IED_EscNormal_S310_27b3b8,,,,,
2026-09-12T16:51:04-05:00,PUR_IED_Evangelista_Conta_f6cd4f,PUR_IED_Evangelista_Conta_f6cd4f,,,,,
2026-09-12T16:51:04-05:00,PUR_IED_Evangelista_Cri_5e16a,PUR_IED_Evangelista_Cri_5e16a,,,,,
2026-09-12T16:51:04-05:00,PUR_IED_Evangelista_Exter_754066,PUR_IED_Evangelista_Exter_754066,,,,,
2026-09-12T16:51:04-05:00,PUR_IED_FMiranda_S209_5cc2a3,PUR_IED_FMiranda_S209_5cc2a3,,,,,
2026-09-12T16:51:04-05:00,PUR_IED_FMiranda_S303_19e344,PUR_IED_FMiranda_S303_19e344,,,,,
2026-09-12T16:51:04-05:00,PUR_IED_FMiranda_ext_f53e7c,PUR_IED_FMiranda_ext_f53e7c,,,,,
2026-09-12T16:51:04-05:00,PUR_IED_FabioLozano_Bibli_1cee05,PUR_IED_FabioLozano_Bibli_1cee05,,,,,
2026-09-12T16:51:04-05:00,PUR_IED_FabioLozano_Ext_6ea285,PUR_IED_FabioLozano_Ext_6ea285,,,,,
2026-09-12T16:51:04-05:00,PUR_IED_FabioLozano_SLudi_f09e1e,PUR_IED_FabioLozano_SLudi_f09e1e,,,,,
2026-09-12T16:51:04-05:00,PUR_IED_FaustinoS_Aula07_27a731,PUR_IED_FaustinoS_Aula07_27a731,,,,,
2026-09-12T16:51:04-05:00,PUR_IED_FaustinoS_Ext_7b936f,PUR_IED_FaustinoS_Ext_7b936f,,,,,
2026-09-12T16:51:04-05:00,PUR_IED_FaustinoS_Fisica_da2c60,PUR_IED_FaustinoS_Fisica_da2c60,,,,,
2026-09-12T16:51:04-05:00,PUR_IED_FeGarciaLo_Ext_dc68ee,PUR_IED_FeGarciaLo_Ext_dc68ee,,,,,
2026-09-12T16:51:04-05:00,PUR_IED_FeGarciaLo_SDanza_f70a59,PUR_IED_FeGarciaLo_SDanza_f70a59,,,,,
2026-09-12T16:51:04-05:00,PUR_IED_FeGarciaLo_SMusic_125cdd,PUR_IED_FeGarciaLo_SMusic_125cdd,,,,,
2026-09-12T16:51:04-05:00,PUR_IED_FederalAlema_Exte_50c345,PUR_IED_FederalAlema_Exte_50c345,,,,,
2026-09-12T16:51:04-05:00,PUR_IED_FederalAlema_S31_f18371,PUR_IED_FederalAlema_S31_f18371,,,,,
2026-09-12T16:51:04-05:00,PUR_IED_FederalAlema_S901_a62cd,PUR_IED_FederalAlema_S901_a62cd,,,,,
2026-09-12T16:51:04-05:00,PUR_IED_FilarmonicaS_A5_f35eb1,PUR_IED_FilarmonicaS_A5_f35eb1,,,,,
2026-09-12T16:51:04-05:00,PUR_IED_FilarmonicaS_Ext_8a3bde,PUR_IED_FilarmonicaS_Ext_8a3bde,,,,,
2026-09-12T16:51:04-05:00,PUR_IED_FilarmonicaS_Spol_406114,PUR_IED_FilarmonicaS_Spol_406114,,,,,
2026-09-12T16:51:04-05:00,PUR_IED_FlorentinoG_A13_d1fa59,PUR_IED_FlorentinoG_A13_d1fa59,,,,,
2026-09-12T16:51:04-05:00,PUR_IED_FlorentinoG_Ext_1ce6ce,PUR_IED_FlorentinoG_Ext_1ce6ce,,,,,
2026-09-12T16:51:04-05:00,PUR_IED_FlorentinoG_Idiom_a66aac,PUR_IED_FlorentinoG_Idiom_a66aac,,,,,
2026-09-12T16:51:04-05:00,PUR_IED_FranciscoMati_Ext_e3869d,PUR_IED_FranciscoMati_Ext_e3869d,,,,,
2026-09-12T16:51:04-05:00,PUR_IED_FranciscoMati_S13_f31c67,PUR_IED_FranciscoMati_S13_f31c67,,,,,
2026-09-12T16:51:04-05:00,PUR_IED_FranciscoMati_S14_97dead,PUR_IED_FranciscoMati_S14_97dead,,,,,
2026-09-12T16:51:04-05:00,PUR_IED_FranciscoPS_Ext_7bfa9a,PUR_IED_FranciscoPS_Ext_7bfa9a,2,21,56,4.5899,-74.110397
2026-09-12T16:51:04-05:00,PUR_IED_FranciscoPS_Infor_fb8f4c,PUR_IED_FranciscoPS_Infor_fb8f4c,,,,,
2026-09-12T16:51:04-05:00,PUR_IED_FranciscoPS_Quimi_94d39c,PUR_IED_FranciscoPS_Quimi_94d39c,,,,,
2026-09-12T16:51:04-05:00,PUR_IED_FranciscoP_LabQ_d7e148,PUR_IED_FranciscoP_LabQ_d7e148,,,,,
2026-09-12T16:51:04-05:00,PUR_IED_FranciscoP_S28_cf9b30,PUR_IED_FranciscoP_S28_cf9b30,,,,,
2026-09-12T16:51:04-05:00,PUR_IED_FranciscoP_ext_e2313,PUR_IED_FranciscoP_ext_e2313,,,,,
2026-09-12T16:51:04-05:00,PUR_IED_FriederichN_Ext_8ac92a,PUR_IED_FriederichN_Ext_8ac92a,,,,,
2026-09-12T16:51:04-05:00,PUR_IED_FriederichN_S301_dd7e5a,PUR_IED_FriederichN_S301_dd7e5a,,,,,
2026-09-12T16:51:04-05:00,PUR_IED_FriederichN_S308_761f4f,PUR_IED_FriederichN_S308_761f4f,,,,,
2026-09-12T16:51:04-05:00,PUR_IED_GSantander_Aula10_533dd7,PUR_IED_GSantander_Aula10_533dd7,,,,,
2026-09-12T16:51:04-05:00,PUR_IED_GSantander_Aula12_fd4e4f,PUR_IED_GSantander_Aula12_fd4e4f,,,,,
2026-09-12T16:51:04-05:00,PUR_IED_GSantander_Aula310_533dd7,PUR_IED_GSantander_Aula310_533dd7,,,,,
2026-09-12T16:51:04-05:00,PUR_IED_GSantander_Aula312_fd4e4f,PUR_IED_GSantander_Aula312_fd4e4f,,,,,
2026-09-12T16:51:04-05:00,PUR_IED_GSantander_Ext_5f66b0,PUR_IED_GSantander_Ext_5f66b0,,,,,
2026-09-12T16:51:04-05:00,PUR_IED_GYomasa_Ext_f6bea5,PUR_IED_GYomasa_Ext_f6bea5,,,,,
2026-09-12T16:51:04-05:00,PUR_IED_GYomasa_LBiol_2c41aa,PUR_IED_GYomasa_LBiol_2c41aa,,,,,
2026-09-12T16:51:04-05:00,PUR_IED_GYomasa_LQuim_33c80,PUR_IED_GYomasa_LQuim_33c80,,,,,
2026-09-12T16:51:04-05:00,PUR_IED_GabBetMejia_Cienc_5a99c,PUR_IED_GabBetMejia_Cienc_5a99c,,,,,
2026-09-12T16:51:04-05:00,PUR_IED_GabBetMejia_Ext_9153d0,PUR_IED_GabBetMejia_Ext_9153d0,,,,,
2026-09-12T16:51:04-05:00,PUR_IED_GabBetMejia_Lab_f55347,PUR_IED_GabBetMejia_Lab_f55347,,,,,
2026-09-12T16:51:04-05:00,PUR_IED_GabBetanMejia_Ext_9153d0,PUR_IED_GabBetanMejia_Ext_9153d0,,,,,
2026-09-12T16:51:04-05:00,PUR_IED_Gaitana_Aula13_7aac11,PUR_IED_Gaitana_Aula13_7aac11,,,,,
2026-09-12T16:51:04-05:00,PUR_IED_Gaitana_Ext_5fcf4,PUR_IED_Gaitana_Ext_5fcf4,,,,,
2026-09-12T16:51:04-05:00,PUR_IED_Gaitana_LabFisica_644448,PUR_IED_Gaitana_LabFisica_644448,,,,,
2026-09-12T16:51:04-05:00,PUR_IED_GenSantander_Dise_8ac858,PUR_IED_GenSantander_Dise_8ac858,,,,,
2026-09-12T16:51:04-05:00,PUR_IED_GenSantander_Ext_8d5dfe,PUR_IED_GenSantander_Ext_8d5dfe,,,,,
2026-09-12T16:51:04-05:00,PUR_IED_GenSantander_Info_6c25b,PUR_IED_GenSantander_Info_6c25b,,,,,
2026-09-12T16:51:04-05:00,PUR_IED_GustavoMo_Exterio_75e63d,PUR_IED_GustavoMo_Exterio_75e63d,,,,,
2026-09-12T16:51:04-05:00,PUR_IED_GustavoMo_LabFisi_224d37,PUR_IED_GustavoMo_LabFisi_224d37,,,,,
2026-09-12T16:51:04-05:00,PUR_IED_GustavoMo_S208_3e6918,PUR_IED_GustavoMo_S208_3e6918,,,,,
2026-09-12T16:51:04-05:00,PUR_IED_GustavoR_A02_8cd4a8,PUR_IED_GustavoR_A02_8cd4a8,,,,,
2026-09-12T16:51:04-05:00,PUR_IED_GustavoR_B11_5b0ed,PUR_IED_GustavoR_B11_5b0ed,,,,,
2026-09-12T16:51:04-05:00,PUR_IED_GustavoR_Ext_7a0c90,PUR_IED_GustavoR_Ext_7a0c90,,,,,
2026-09-12T16:51:04-05:00,PUR_IED_HernandoDuran_Ext_8cd82b,PUR_IED_HernandoDuran_Ext_8cd82b,,,,,
2026-09-12T16:51:04-05:00,PUR_IED_HernandoDuran_S24_2772c6,PUR_IED_HernandoDuran_S24_2772c6,,,,,
2026-09-12T16:51:04-05:00,PUR_IED_HernandoDuran_S30_f2de41,PUR_IED_HernandoDuran_S30_f2de41,,,,,
2026-09-12T16:51:04-05:00,PUR_IED_HolguInUr_S1101_8cd732,PUR_IED_HolguInUr_S1101_8cd732,,,,,
2026-09-12T16:51:04-05:00,PUR_IED_HolguinUr_Exter_ddae6d,PUR_IED_HolguinUr_Exter_ddae6d,,,,,
2026-09-12T16:51:04-05:00,PUR_IED_HolguinUr_LabQuim_92b952,PUR_IED_HolguinUr_LabQuim_92b952,,,,,
2026-09-12T16:51:04-05:00,PUR_IED_Isabel-II_Ext_5245cc,PUR_IED_Isabel-II_Ext_5245cc,2,20,57,4.6336,-74.153
2026-09-12T16:51:04-05:00,PUR_IED_Isabel-II_S_idiom_1c29aa,PUR_IED_Isabel-II_S_idiom_1c29aa,,,,,
2026-09-12T16:51:04-05:00,PUR_IED_Isabel-II_S_infor_fd741,PUR_IED_Isabel-II_S_infor_fd741,,,,,
2026-09-12T16:51:04-05:00,PUR_IED_IsidroSur_Exterio_5b90ea,PUR_IED_IsidroSur_Exterio_5b90ea,,,,,
2026-09-12T16:51:04-05:00,PUR_IED_IsidroSur_LabTec_56697a,PUR_IED_IsidroSur_LabTec_56697a,,,,,
2026-09-12T16:51:04-05:00,PUR_IED_IsidroSur_Robotic_b7c38f,PUR_IED_IsidroSur_Robotic_b7c38f,,,,,
2026-09-12T16:51:04-05:00,PUR_IED_IsmaelPerd_Ext_7b6672,PUR_IED_IsmaelPerd_Ext_7b6672,,,,,
2026-09-12T16:51:04-05:00,PUR_IED_IsmaelPerd_Inform_306540,PUR_IED_IsmaelPerd_Inform_306540,,,,,
2026-09-12T16:51:04-05:00,PUR_IED_IsmaelPerd_S30_2e2c83,PUR_IED_IsmaelPerd_S30_2e2c83,,,,,
2026-09-12T16:51:04-05:00,PUR_IED_JLozano_Exter_432910,PUR_IED_JLozano_Exter_432910,,,,,
2026-09-12T16:51:04-05:00,PUR_IED_JLozano_salaMulti_df5125,PUR_IED_JLozano_salaMulti_df5125,,,,,
2026-09-12T16:51:04-05:00,PUR_IED_JMCordoba_206_86f80b,PUR_IED_JMCordoba_206_86f80b,,,,,
2026-09-12T16:51:04-05:00,PUR_IED_JMCordoba_Ext_27ad97,PUR_IED_JMCordoba_Ext_27ad97,,,,,
2026-09-12T16:51:04-05:00,PUR_IED_JMCordoba_S310_d59ab4,PUR_IED_JMCordoba_S310_d59ab4,,,,,
2026-09-12T16:51:04-05:00,PUR_IED_Japon_Ext_549100,PUR_IED_Japon_Ext_549100,,,,,
2026-09-12T16:51:04-05:00,PUR_IED_Japon_Laboratorio_bec51d,PUR_IED_Japon_Laboratorio_bec51d,,,,,
2026-09-12T16:51:04-05:00,PUR_IED_Japon_informatica_d99327,PUR_IED_Japon_informatica_d99327,,,,,
2026-09-12T16:51:04-05:00,PUR_IED_Jazmin_Ext_d27bda,PUR_IED_Jazmin_Ext_d27bda,,,,,
2026-09-12T16:51:04-05:00,PUR_IED_Jazmin_Fisica_8d14d7,PUR_IED_Jazmin_Fisica_8d14d7,,,,,
2026-09-12T16:51:04-05:00,PUR_IED_Jazmin_Quimica_801cb5,PUR_IED_Jazmin_Quimica_801cb5,,,,,
2026-09-12T16:51:04-05:00,PUR_IED_JorgeGaitan_Exter_f098d1,PUR_IED_JorgeGaitan_Exter_f098d1,,,,,
2026-09-12T16:51:04-05:00,PUR_IED_JorgeGaitan_STec1_dc9d1d,PUR_IED_JorgeGaitan_STec1_dc9d1d,,,,,
2026-09-12T16:51:04-05:00,PUR_IED_JorgeGaitan_STec2_281e69,PUR_IED_JorgeGaitan_STec2_281e69,,,,,
2026-09-12T16:51:04-05:00,PUR_IED_JorgeSoto_Exterio_d9d0a2,PUR_IED_JorgeSoto_Exterio_d9d0a2,,,,,
2026-09-12T16:51:04-05:00,PUR_IED_JorgeSoto_LabFisi_209c54,PUR_IED_JorgeSoto_LabFisi_209c54,,,,,
2026-09-12T16:51:04-05:00,PUR_IED_JorgeSoto_S103_27b51a,PUR_IED_JorgeSoto_S103_27b51a,,,,,
2026-09-12T16:51:04-05:00,PUR_IED_JoseAcevedo_A02_e965eb,PUR_IED_JoseAcevedo_A02_e965eb,,,,,
2026-09-12T16:51:04-05:00,PUR_IED_JoseAcevedo_A07_dd5b4,PUR_IED_JoseAcevedo_A07_dd5b4,,,,,
2026-09-12T16:51:04-05:00,PUR_IED_JoseAcevedo_Ext_b47484,PUR_IED_JoseAcevedo_Ext_b47484,,,,,
2026-09-12T16:51:04-05:00,PUR_IED_JoseMarti_Exte_5b9bf,PUR_IED_JoseMarti_Exte_5b9bf,,,,,
2026-09-12T16:51:04-05:00,PUR_IED_JoseMarti_LabQuim_1c6c2d,PUR_IED_JoseMarti_LabQuim_1c6c2d,,,,,
2026-09-12T16:51:04-05:00,PUR_IED_JoseMarti_S_info_f5f177,PUR_IED_JoseMarti_S_info_f5f177,,,,,
2026-09-12T16:51:04-05:00,PUR_IED_Josejoaquin_Ext_dfc5dc,PUR_IED_Josejoaquin_Ext_dfc5dc,,,,,
2026-09-12T16:51:04-05:00,PUR_IED_Josejoaquin_S05_5b2a96,PUR_IED_Josejoaquin_S05_5b2a96,,,,,
2026-09-12T16:51:04-05:00,PUR_IED_Josejoaquin_S06_1ce7d2,PUR_IED_Josejoaquin_S06_1ce7d2,,,,,
2026-09-12T16:51:04-05:00,PUR_IED_JulioFlorez_Danza_9b82dd,PUR_IED_JulioFlorez_Danza_9b82dd,,,,,
2026-09-12T16:51:04-05:00,PUR_IED_JulioFlorez_Exter_f9f314,PUR_IED_JulioFlorez_Exter_f9f314,,,,,
2026-09-12T16:51:04-05:00,PUR_IED_JulioFlorez_info2_6b6e08,PUR_IED_JulioFlorez_info2_6b6e08,,,,,
2026-09-12T16:51:04-05:00,PUR_IED_LaBelleza_Aula13_1d00d8,PUR_IED_LaBelleza_Aula13_1d00d8,,,,,
2026-09-12T16:51:04-05:00,PUR_IED_LaBelleza_Ext_7bc08c,PUR_IED_LaBelleza_Ext_7bc08c,,,,,
2026-09-12T16:51:04-05:00,PUR_IED_LaChucua_Ext_8cd6d2,PUR_IED_LaChucua_Ext_8cd6d2,,,,,
2026-09-12T16:51:04-05:00,PUR_IED_LaChucua_S15_f578ce,PUR_IED_LaChucua_S15_f578ce,,,,,
2026-09-12T16:51:04-05:00,PUR_IED_LaChucua_S16_eebcf9,PUR_IED_LaChucua_S16_eebcf9,,,,,
2026-09-12T16:51:04-05:00,PUR_IED_LaFelicidad_Ext_fb5109,PUR_IED_LaFelicidad_Ext_fb5109,,,,,
2026-09-12T16:51:04-05:00,PUR_IED_LaMerced_206_66ebd,PUR_IED_LaMerced_206_66ebd,,,,,
2026-09-12T16:51:04-05:00,PUR_IED_LaMerced_207_6ebd6,PUR_IED_LaMerced_207_6ebd6,,,,,
2026-09-12T16:51:04-05:00,PUR_IED_LaMerced_ext_304311,PUR_IED_LaMerced_ext_304311,,,,,
2026-09-12T16:51:04-05:00,PUR_IED_Laureano_CiencNat_281e5e,PUR_IED_Laureano_CiencNat_281e5e,,,,,
2026-09-12T16:51:04-05:00,PUR_IED_Laureano_Comedor_f65c0a,PUR_IED_Laureano_Comedor_f65c0a,,,,,
2026-09-12T16:51:04-05:00,PUR_IED_Laureano_Exterior_7ab011,PUR_IED_Laureano_Exterior_7ab011,,,,,
2026-09-12T16:51:04-05:00,PUR_IED_LeonGreiff_Exte_dfe560,PUR_IED_LeonGreiff_Exte_dfe560,,,,,
2026-09-12T16:51:04-05:00,PUR_IED_LeonGreiff_S210_f264ed,PUR_IED_LeonGreiff_S210_f264ed,,,,,
2026-09-12T16:51:04-05:00,PUR_IED_LeonGreiff_SQuimi_e8296f,PUR_IED_LeonGreiff_SQuimi_e8296f,,,,,
2026-09-12T16:51:04-05:00,PUR_IED_LlanoOrientalS208_7b9fcd,PUR_IED_LlanoOrientalS208_7b9fcd,,,,,
2026-09-12T16:51:04-05:00,PUR_IED_LlanoOriental_Ext_fb3766,PUR_IED_LlanoOriental_Ext_fb3766,,,,,
2026-09-12T16:51:04-05:00,PUR_IED_LlanoOriental_S208_7b9fcd,PUR_IED_LlanoOriental_S208_7b9fcd,,,,,
2026-09-12T16:51:04-05:00,PUR_IED_LlanoOriental_S9_27b378,PUR_IED_LlanoOriental_S9_27b378,,,,,
2026-09-12T16:51:04-05:00,PUR_IED_LosTejares_1101_477602,PUR_IED_LosTejares_1101_477602,,,,,
2026-09-12T16:51:04-05:00,PUR_IED_LosTejares_11_d2c595,PUR_IED_LosTejares_11_d2c595,,,,,
2026-09-12T16:51:04-05:00,PUR_IED_LosTejares_12_477602,PUR_IED_LosTejares_12_477602,,,,,
2026-09-12T16:51:04-05:00,PUR_IED_LosTejares_Ext_8e2115,PUR_IED_LosTejares_Ext_8e2115,,,,,
2026-09-12T16:51:04-05:00,PUR_IED_MagdalenaO_B202_5ddda3,PUR_IED_MagdalenaO_B202_5ddda3,,,,,
2026-09-12T16:51:04-05:00,PUR_IED_MagdalenaO_B205_fb76e8,PUR_IED_MagdalenaO_B205_fb76e8,,,,,
2026-09-12T16:51:04-05:00,PUR_IED_MagdalenaO_ext_dc69cd,PUR_IED_MagdalenaO_ext_dc69cd,,,,,
2026-09-12T16:51:04-05:00,PUR_IED_ManueCepeda_artes_eee956,PUR_IED_ManueCepeda_artes_eee956,,,,,
2026-09-12T16:51:04-05:00,PUR_IED_ManuelCepeda_Ext_58313,PUR_IED_ManuelCepeda_Ext_58313,,,,,
2026-09-12T16:51:04-05:00,PUR_IED_ManuelCepeda_tec_1c5731,PUR_IED_ManuelCepeda_tec_1c5731,,,,,
2026-09-12T16:51:04-05:00,PUR_IED_ManuelS_Exterior_5b269,PUR_IED_ManuelS_Exterior_5b269,,,,,
2026-09-12T16:51:04-05:00,PUR_IED_ManuelS_Inform_f369ce,PUR_IED_ManuelS_Inform_f369ce,,,,,
2026-09-12T16:51:04-05:00,PUR_IED_ManuelS_SArtes_7d15f1,PUR_IED_ManuelS_SArtes_7d15f1,,,,,
2026-09-12T16:51:04-05:00,PUR_IED_ManuelZapata_303_3ca6,PUR_IED_ManuelZapata_303_3ca6,,,,,
2026-09-12T16:51:04-05:00,PUR_IED_ManuelZapata_311_bfbabc,PUR_IED_ManuelZapata_311_bfbabc,,,,,
2026-09-12T16:51:04-05:00,PUR_IED_ManuelZapata_Ext_50824a,PUR_IED_ManuelZapata_Ext_50824a,,,,,
2026-09-12T16:51:04-05:00,PUR_IED_ManuelitaS_Exteri_656a92,PUR_IED_ManuelitaS_Exteri_656a92,,,,,
2026-09-12T16:51:04-05:00,PUR_IED_ManuelitaS_JuzgDe_f58ec3,PUR_IED_ManuelitaS_JuzgDe_f58ec3,,,,,
2026-09-12T16:51:04-05:00,PUR_IED_ManuelitaS_Recrea_d793db,PUR_IED_ManuelitaS_Recrea_d793db,,,,,
2026-09-12T16:51:04-05:00,PUR_IED_MarFidSuarez_Ext_c27b19,PUR_IED_MarFidSuarez_Ext_c27b19,,,,,
2026-09-12T16:51:04-05:00,PUR_IED_MarFidSuarez_Info_e384d7,PUR_IED_MarFidSuarez_Info_e384d7,,,,,
2026-09-12T16:51:04-05:00,PUR_IED_MarFidSuarez_S306_1d0032,PUR_IED_MarFidSuarez_S306_1d0032,,,,,
2026-09-12T16:51:04-05:00,PUR_IED_Menorah_301_2a25a3,PUR_IED_Menorah_301_2a25a3,,,,,
2026-09-12T16:51:04-05:00,PUR_IED_Menorah_306_37ed3,PUR_IED_Menorah_306_37ed3,,,,,
2026-09-12T16:51:04-05:00,PUR_IED_Menorah_Ext_3e155b,PUR_IED_Menorah_Ext_3e155b,,,,,
2026-09-12T16:51:04-05:00,PUR_IED_MinutoB.Aires_A11_1b1604,PUR_IED_MinutoB.Aires_A11_1b1604,,,,,
2026-09-12T16:51:04-05:00,PUR_IED_MinutoB.Aires_A12_fb5860,PUR_IED_MinutoB.Aires_A12_fb5860,,,,,
2026-09-12T16:51:04-05:00,PUR_IED_MinutoB.Aires_Ext_81293f,PUR_IED_MinutoB.Aires_Ext_81293f,,,,,
2026-09-12T16:51:04-05:00,PUR_IED_MinutoBAires_A11_1b1604,PUR_IED_MinutoBAires_A11_1b1604,,,,,
2026-09-12T16:51:04-05:00,PUR_IED_MinutoBAires_A12_fb5860,PUR_IED_MinutoBAires_A12_fb5860,,,,,
2026-09-12T16:51:04-05:00,PUR_IED_MinutoBAires_Ext_81293f,PUR_IED_MinutoBAires_Ext_81293f,,,,,
2026-09-12T16:51:04-05:00,PUR_IED_Montreal_Aula10_1e4959,PUR_IED_Montreal_Aula10_1e4959,,,,,
2026-09-12T16:51:04-05:00,PUR_IED_Montreal_Aula6_300367,PUR_IED_Montreal_Aula6_300367,,,,,
2026-09-12T16:51:04-05:00,PUR_IED_Montreal_Exterior_91a179,PUR_IED_Montreal_Exterior_91a179,,,,,
2026-09-12T16:51:04-05:00,PUR_IED_Mqgdalena_B202_5ddda3,PUR_IED_Mqgdalena_B202_5ddda3,,,,,
2026-09-12T16:51:04-05:00,PUR_IED_NACUND_Soc_dc8728,PUR_IED_NACUND_Soc_dc8728,,,,,
2026-09-12T16:51:04-05:00,PUR_IED_NACUND_ext_27ad97,PUR_IED_NACUND_ext_27ad97,,,,,
2026-09-12T16:51:04-05:00,PUR_IED_NEsperanza_Ext_d24b61,PUR_IED_NEsperanza_Ext_d24b61,,,,,
2026-09-12T16:51:04-05:00,PUR_IED_NEsperanza_SElect_7d1807,PUR_IED_NEsperanza_SElect_7d1807,,,,,
2026-09-12T16:51:04-05:00,PUR_IED_NEsperanza_SLabor_8b2d0a,PUR_IED_NEsperanza_SLabor_8b2d0a,,,,,
2026-09-12T16:51:04-05:00,PUR_IED_NacionesU_Ext_f661a9,PUR_IED_NacionesU_Ext_f661a9,,,,,
2026-09-12T16:51:04-05:00,PUR_IED_NacionesU_Quimica_66f0a,PUR_IED_NacionesU_Quimica_66f0a,,,,,
2026-09-12T16:51:04-05:00,PUR_IED_NacionesU_S306_1b4b3d,PUR_IED_NacionesU_S306_1b4b3d,,,,,
2026-09-12T16:51:04-05:00,PUR_IED_NestorFA_Ext_e4201c,PUR_IED_NestorFA_Ext_e4201c,,,,,
2026-09-12T16:51:04-05:00,PUR_IED_NestorFA_Laborato_f22fe0,PUR_IED_NestorFA_Laborato_f22fe0,,,,,
2026-09-12T16:51:04-05:00,PUR_IED_NestorFA_S204_dee996,PUR_IED_NestorFA_S204_dee996,,,,,
2026-09-12T16:51:04-05:00,PUR_IED_NidyaQT_Aula03_76999b,PUR_IED_NidyaQT_Aula03_76999b,,,,,
2026-09-12T16:51:04-05:00,PUR_IED_NidyaQT_Aula10_56325,PUR_IED_NidyaQT_Aula10_56325,,,,,
2026-09-12T16:51:04-05:00,PUR_IED_NidyaQT_Ext_46e32d,PUR_IED_NidyaQT_Ext_46e32d,,,,,
2026-09-12T16:51:04-05:00,PUR_IED_NuevaCol_Exterior_d9b859,PUR_IED_NuevaCol_Exterior_d9b859,,,,,
2026-09-12T16:51:04-05:00,PUR_IED_NuevaCol_S1101_76c43b,PUR_IED_NuevaCol_S1101_76c43b,,,,,
2026-09-12T16:51:04-05:00,PUR_IED_NuevaCol_S1102_1ce0b5,PUR_IED_NuevaCol_S1102_1ce0b5,,,,,
2026-09-12T16:51:04-05:00,PUR_IED_OEA_A202_f7e3f2,PUR_IED_OEA_A202_f7e3f2,,,,,
2026-09-12T16:51:04-05:00,PUR_IED_OEA_A203_7d1b8d,PUR_IED_OEA_A203_7d1b8d,,,,,
2026-09-12T16:51:04-05:00,PUR_IED_OEA_Ext_27b593,PUR_IED_OEA_Ext_27b593,,,,,
2026-09-12T16:51:04-05:00,PUR_IED_Ochoa_Ext_1c29da,PUR_IED_Ochoa_Ext_1c29da,,,,,
2026-09-12T16:51:04-05:00,PUR_IED_Ochoa_S205_8b1121,PUR_IED_Ochoa_S205_8b1121,,,,,
2026-09-12T16:51:04-05:00,PUR_IED_Ochoa_Sistemas_f33af6,PUR_IED_Ochoa_Sistemas_f33af6,,,,,
2026-09-12T16:51:04-05:00,PUR_IED_PQuebec_Ext_1c67c7,PUR_IED_PQuebec_Ext_1c67c7,,,,,
2026-09-12T16:51:04-05:00,PUR_IED_PQuebec_S15_23e8e2,PUR_IED_PQuebec_S15_23e8e2,,,,,
2026-09-12T16:51:04-05:00,PUR_IED_PQuebec_S16_8ec76b,PUR_IED_PQuebec_S16_8ec76b,,,,,
2026-09-12T16:51:04-05:00,PUR_IED_PabloN_Ext_49dc96,PUR_IED_PabloN_Ext_49dc96,,,,,
2026-09-12T16:51:04-05:00,PUR_IED_PabloN_S1102_4e3df5,PUR_IED_PabloN_S1102_4e3df5,,,,,
2026-09-12T16:51:04-05:00,PUR_IED_PabloN_S1103_50c94b,PUR_IED_PabloN_S1103_50c94b,,,,,
2026-09-12T16:51:04-05:00,PUR_IED_Palestina_S1101_db9198,PUR_IED_Palestina_S1101_db9198,,,,,
2026-09-12T16:51:04-05:00,PUR_IED_Palestina_S1102_dc54fa,PUR_IED_Palestina_S1102_dc54fa,,,,,
2026-09-12T16:51:04-05:00,PUR_IED_Palestina_ext_4ccce6,PUR_IED_Palestina_ext_4ccce6,,,,,
2026-09-12T16:51:04-05:00,PUR_IED_Panama_Fisica_4d0794,PUR_IED_Panama_Fisica_4d0794,,,,,
2026-09-12T16:51:04-05:00,PUR_IED_Panama_SIngles_a4077e,PUR_IED_Panama_SIngles_a4077e,,,,,
2026-09-12T16:51:04-05:00,PUR_IED_Panama_ext_4c54b4,PUR_IED_Panama_ext_4c54b4,,,,,
2026-09-12T16:51:04-05:00,PUR_IED_ParaisoM_Exterior_8cd7f0,PUR_IED_ParaisoM_Exterior_8cd7f0,,,,,
2026-09-12T16:51:04-05:00,PUR_IED_ParaisoM_Laborato_27af35,PUR_IED_ParaisoM_Laborato_27af35,,,,,
2026-09-12T16:51:04-05:00,PUR_IED_ParaisoM_S304_d1edca,PUR_IED_ParaisoM_S304_d1edca,,,,,
2026-09-12T16:51:04-05:00,PUR_IED_PorfirioBarba_Ext_301466,PUR_IED_PorfirioBarba_Ext_301466,,,,,
2026-09-12T16:51:04-05:00,PUR_IED_PorfirioBarba_S11_df6cd2,PUR_IED_PorfirioBarba_S11_df6cd2,,,,,
2026-09-12T16:51:04-05:00,PUR_IED_PorfirioBarba_S29_27a7d6,PUR_IED_PorfirioBarba_S29_27a7d6,,,,,
2026-09-12T16:51:04-05:00,PUR_IED_PradoV_Exter_8b27ad,PUR_IED_PradoV_Exter_8b27ad,,,,,
2026-09-12T16:51:04-05:00,PUR_IED_PradoV_S301_de65b5,PUR_IED_PradoV_S301_de65b5,,,,,
2026-09-12T16:51:04-05:00,PUR_IED_PradoV_S302_7d2593,PUR_IED_PradoV_S302_7d2593,,,,,
2026-09-12T16:51:04-05:00,PUR_IED_QuirogaAlz_Ext_1ddc82,PUR_IED_QuirogaAlz_Ext_1ddc82,,,,,
2026-09-12T16:51:04-05:00,PUR_IED_QuirogaAlz_S302_9926a3,PUR_IED_QuirogaAlz_S302_9926a3,,,,,
2026-09-12T16:51:04-05:00,PUR_IED_QuirogaAlz_S305_cdf1f1,PUR_IED_QuirogaAlz_S305_cdf1f1,,,,,
2026-09-12T16:51:04-05:00,PUR_IED_RGuatemala_Biling_dc53b7,PUR_IED_RGuatemala_Biling_dc53b7,,,,,
2026-09-12T16:51:04-05:00,PUR_IED_RGuatemala_Ext_1b89a3,PUR_IED_RGuatemala_Ext_1b89a3,,,,,
2026-09-12T16:51:04-05:00,PUR_IED_RGuatemala_Tecnol_281a34,PUR_IED_RGuatemala_Tecnol_281a34,,,,,
2026-09-12T16:51:04-05:00,PUR_IED_RafaNu_Ext_f7c302,PUR_IED_RafaNu_Ext_f7c302,,,,,
2026-09-12T16:51:04-05:00,PUR_IED_RafaNu_S1101_25fde,PUR_IED_RafaNu_S1101_25fde,,,,,
2026-09-12T16:51:04-05:00,PUR_IED_RafaNu_S1102_281517,PUR_IED_RafaNu_S1102_281517,,,,,
2026-09-12T16:51:04-05:00,PUR_IED_RafaelB_S305_ee2783,PUR_IED_RafaelB_S305_ee2783,,,,,
2026-09-12T16:51:04-05:00,PUR_IED_RafaelB_S306_75fe33,PUR_IED_RafaelB_S306_75fe33,,,,,
2026-09-12T16:51:04-05:00,PUR_IED_RafaelB_ext_283336,PUR_IED_RafaelB_ext_283336,2,19,60,4.6722,-74.0737
2026-09-12T16:51:04-05:00,PUR_IED_RafaelUU_Exterior_281a51,PUR_IED_RafaelUU_Exterior_281a51,,,,,
2026-09-12T16:51:04-05:00,PUR_IED_RafaelUU_Human_806b2,PUR_IED_RafaelUU_Human_806b2,,,,,
2026-09-12T16:51:04-05:00,PUR_IED_RafaelUU_Mate2_5680d4,PUR_IED_RafaelUU_Mate2_5680d4,,,,,
2026-09-12T16:51:04-05:00,PUR_IED_RamonSub_Ext_f9eeb9,PUR_IED_RamonSub_Ext_f9eeb9,,,,,
2026-09-12T16:51:04-05:00,PUR_IED_RamonSub_Media_d1f62f,PUR_IED_RamonSub_Media_d1f62f,,,,,
2026-09-12T16:51:04-05:00,PUR_IED_RamonSub_planta_51b82,PUR_IED_RamonSub_planta_51b82,,,,,
2026-09-12T16:51:04-05:00,PUR_IED_RepBoliVene_Exter_27af7c,PUR_IED_RepBoliVene_Exter_27af7c,,,,,
2026-09-12T16:51:04-05:00,PUR_IED_RepBoliVene_SCPT_5ae2ee,PUR_IED_RepBoliVene_SCPT_5ae2ee,,,,,
2026-09-12T16:51:04-05:00,PUR_IED_RepBoliVene_Socia_4b11d5,PUR_IED_RepBoliVene_Socia_4b11d5,,,,,
2026-09-12T16:51:04-05:00,PUR_IED_RepChina_Ext_76d9ee,PUR_IED_RepChina_Ext_76d9ee,,,,,
2026-09-12T16:51:04-05:00,PUR_IED_RepChina_S404_7c804c,PUR_IED_RepChina_S404_7c804c,,,,,
2026-09-12T16:51:04-05:00,PUR_IED_RepChina_S405_df2c33,PUR_IED_RepChina_S405_df2c33,,,,,
2026-09-12T16:51:04-05:00,PUR_IED_RepublicaC_Exteri_7d1ec9,PUR_IED_RepublicaC_Exteri_7d1ec9,,,,,
2026-09-12T16:51:04-05:00,PUR_IED_RepublicaC_S1101_f544b3,PUR_IED_RepublicaC_S1101_f544b3,,,,,
2026-09-12T16:51:04-05:00,PUR_IED_RepublicaC_S1102_7aafc7,PUR_IED_RepublicaC_S1102_7aafc7,,,,,
2026-09-12T16:51:04-05:00,PUR_IED_Ricaurte_Externo_a0ea1,PUR_IED_Ricaurte_Externo_a0ea1,,,,,
2026-09-12T16:51:04-05:00,PUR_IED_Ricaurte_S210_f546fd,PUR_IED_Ricaurte_S210_f546fd,,,,,
2026-09-12T16:51:04-05:00,PUR_IED_Ricaurte_S309_d4452,PUR_IED_Ricaurte_S309_d4452,,,,,
2026-09-12T16:51:04-05:00,PUR_IED_RogelioS_1102_531e69,PUR_IED_RogelioS_1102_531e69,,,,,
2026-09-12T16:51:04-05:00,PUR_IED_RogelioS_Ext_f25a18,PUR_IED_RogelioS_Ext_f25a18,,,,,
2026-09-12T16:51:04-05:00,PUR_IED_SBernardino_Ext_27aff8,PUR_IED_SBernardino_Ext_27aff8,,,,,
2026-09-12T16:51:04-05:00,PUR_IED_SBernardino_SArte_2ffd33,PUR_IED_SBernardino_SArte_2ffd33,,,,,
2026-09-12T16:51:04-05:00,PUR_IED_SBernardino_SIngl_7c7da5,PUR_IED_SBernardino_SIngl_7c7da5,,,,,
2026-09-12T16:51:04-05:00,PUR_IED_Sago_auditorio_dc9d1d,PUR_IED_Sago_auditorio_dc9d1d,,,,,
2026-09-12T16:51:04-05:00,PUR_IED_Saludcoop_Ext_95aac3,PUR_IED_Saludcoop_Ext_95aac3,,,,,
2026-09-12T16:51:04-05:00,PUR_IED_Saludcoop_InfI_90c854,PUR_IED_Saludcoop_InfI_90c854,,,,,
2026-09-12T16:51:04-05:00,PUR_IED_Saludcoop_SMedia_1b93be,PUR_IED_Saludcoop_SMedia_1b93be,,,,,
2026-09-12T16:51:04-05:00,PUR_IED_SanCarlos_1101_1a2360,PUR_IED_SanCarlos_1101_1a2360,,,,,
2026-09-12T16:51:04-05:00,PUR_IED_SanCarlos_1103_7bafb5,PUR_IED_SanCarlos_1103_7bafb5,,,,,
2026-09-12T16:51:04-05:00,PUR_IED_SanCarlos_Ext_b7cd1,PUR_IED_SanCarlos_Ext_b7cd1,,,,,
2026-09-12T16:51:04-05:00,PUR_IED_SanIgnacioBosa11a_50c26e,PUR_IED_SanIgnacioBosa11a_50c26e,,,,,
2026-09-12T16:51:04-05:00,PUR_IED_SanIgnacioBosa11b_371de8,PUR_IED_SanIgnacioBosa11b_371de8,,,,,
2026-09-12T16:51:04-05:00,PUR_IED_SanIgnacioBosaExt_ef0ffc,PUR_IED_SanIgnacioBosaExt_ef0ffc,,,,,
2026-09-12T16:51:04-05:00,PUR_IED_SanIgnacioBosa_11a_50c26e,PUR_IED_SanIgnacioBosa_11a_50c26e,,,,,
2026-09-12T16:51:04-05:00,PUR_IED_SanIgnacioBosa_Ext_ef0ffc,PUR_IED_SanIgnacioBosa_Ext_ef0ffc,,,,,
2026-09-12T16:51:04-05:00,PUR_IED_SanJoseN_intS1101_31c47f,PUR_IED_SanJoseN_intS1101_31c47f,,,,,
2026-09-12T16:51:04-05:00,PUR_IED_SanJoseUsm_Exter_f5d7e8,PUR_IED_SanJoseUsm_Exter_f5d7e8,,,,,
2026-09-12T16:51:04-05:00,PUR_IED_SanJoseUsm_Int11A_cfdef6,PUR_IED_SanJoseUsm_Int11A_cfdef6,,,,,
2026-09-12T16:51:04-05:00,PUR_IED_SilveriaR_IntB5_905349,PUR_IED_SilveriaR_IntB5_905349,,,,,
2026-09-12T16:51:04-05:00,PUR_IED_SilveriaR_IntSD14_981f93,PUR_IED_SilveriaR_IntSD14_981f93,,,,,
2026-09-12T16:51:04-05:00,PUR_IED_SilveriaR_ext_2b651d,PUR_IED_SilveriaR_ext_2b651d,,,,,
2026-09-12T16:51:04-05:00,PUR_IED_SimonB_Exterior_913975,PUR_IED_SimonB_Exterior_913975,,,,,
2026-09-12T16:51:04-05:00,PUR_IED_SimonB_LabQuimi_c56908,PUR_IED_SimonB_LabQuimi_c56908,,,,,
2026-09-12T16:51:04-05:00,PUR_IED_SimonB_informatic_a28c1,PUR_IED_SimonB_informatic_a28c1,,,,,
2026-09-12T16:51:04-05:00,PUR_IED_Sorrento_1102_315f50,PUR_IED_Sorrento_1102_315f50,,,,,
2026-09-12T16:51:04-05:00,PUR_IED_Sorrento_Minte_214eab,PUR_IED_Sorrento_Minte_214eab,,,,,
2026-09-12T16:51:04-05:00,PUR_IED_Sorrento_ext_7c3a0a,PUR_IED_Sorrento_ext_7c3a0a,,,,,
2026-09-12T16:51:04-05:00,PUR_IED_Tabora_Ext_f048ae,PUR_IED_Tabora_Ext_f048ae,,,,,
2026-09-12T16:51:04-05:00,PUR_IED_Tabora_S1102_b07752,PUR_IED_Tabora_S1102_b07752,,,,,
2026-09-12T16:51:04-05:00,PUR_IED_Tabora_S1103_d988f5,PUR_IED_Tabora_S1103_d988f5,,,,,
2026-09-12T16:51:04-05:00,PUR_IED_Tenerife_Ext_1ab188,PUR_IED_Tenerife_Ext_1ab188,,,,,
2026-09-12T16:51:04-05:00,PUR_IED_Tenerife_SDanzas_7bc02e,PUR_IED_Tenerife_SDanzas_7bc02e,,,,,
2026-09-12T16:51:04-05:00,PUR_IED_Tenerife_SIngles_7cc277,PUR_IED_Tenerife_SIngles_7cc277,,,,,
2026-09-12T16:51:04-05:00,PUR_IED_Tibabuyes_Exter_f2683d,PUR_IED_Tibabuyes_Exter_f2683d,,,,,
2026-09-12T16:51:04-05:00,PUR_IED_Tibabuyes_S10_dc87a8,PUR_IED_Tibabuyes_S10_dc87a8,,,,,
2026-09-12T16:51:04-05:00,PUR_IED_Tibabuyes_S15_dc0526,PUR_IED_Tibabuyes_S15_dc0526,,,,,
2026-09-12T16:51:04-05:00,PUR_IED_UnionE_S301_a1043,PUR_IED_UnionE_S301_a1043,,,,,
2026-09-12T16:51:04-05:00,PUR_IED_UnionE_S307_ff6c2f,PUR_IED_UnionE_S307_ff6c2f,,,,,
2026-09-12T16:51:04-05:00,PUR_IED_UnionE__Ext_5e2468,PUR_IED_UnionE__Ext_5e2468,,,,,
2026-09-12T16:51:04-05:00,PUR_IED_VillaRica_Ext_75be7c,PUR_IED_VillaRica_Ext_75be7c,,,,,
2026-09-12T16:51:04-05:00,PUR_IED_VillaRica_S4_cc5dcd,PUR_IED_VillaRica_S4_cc5dcd,,,,,
2026-09-12T16:51:04-05:00,PUR_IED_VillaRica_Sesp_99f5c,PUR_IED_VillaRica_Sesp_99f5c,,,,,
2026-09-12T16:56:07-05:00,PUR_IED_20deJulio_1101_91b1b9,PUR_IED_20deJulio_1101_91b1b9,,,,,
2026-09-12T16:56:07-05:00,PUR_IED_20deJulio_1102_1cfcf9,PUR_IED_20deJulio_1102_1cfcf9,,,,,
2026-09-12T16:56:07-05:00,PUR_IED_20deJulio_Ext_ab60bd,PUR_IED_20deJulio_Ext_ab60bd,,,,,
2026-09-12T16:56:07-05:00,PUR_IED_AgustinFer_Ext_7b9b77,PUR_IED_AgustinFer_Ext_7b9b77,,,,,
2026-09-12T16:56:07-05:00,PUR_IED_AgustinFer_Info2_27b3a7,PUR_IED_AgustinFer_Info2_27b3a7,,,,,
2026-09-12T16:56:07-05:00,PUR_IED_AgustinFer_Sena_54b4eb,PUR_IED_AgustinFer_Sena_54b4eb,,,,,
2026-09-12T16:56:07-05:00,PUR_IED_AlexanderF_1102_caf07b,PUR_IED_AlexanderF_1102_caf07b,,,,,
2026-09-12T16:56:07-05:00,PUR_IED_AlexanderF_1103_c79e71,PUR_IED_AlexanderF_1103_c79e71,,,,,
2026-09-12T16:56:07-05:00,PUR_IED_AlexanderF_Ext_c5b18b,PUR_IED_AlexanderF_Ext_c5b18b,,,,,
2026-09-12T16:56:07-05:00,PUR_IED_AlfonsoLopez_Ext_281d77,PUR_IED_AlfonsoLopez_Ext_281d77,,,,,
2026-09-12T16:56:07-05:00,PUR_IED_AlfonsoLopez_LabF_888ce0,PUR_IED_AlfonsoLopez_LabF_888ce0,,,,,
2026-09-12T16:56:07-05:00,PUR_IED_AlfonsoLopez_SMed_df6a7f,PUR_IED_AlfonsoLopez_SMed_df6a7f,,,,,
2026-09-12T16:56:07-05:00,PUR_IED_AltamiraSO_A2_209f92,PUR_IED_AltamiraSO_A2_209f92,,,,,
2026-09-12T16:56:07-05:00,PUR_IED_AltamiraSO_Ext_186d66,PUR_IED_AltamiraSO_Ext_186d66,,,,,
2026-09-12T16:56:07-05:00,PUR_IED_AltamiraSO_Sistem_27afe1,PUR_IED_AltamiraSO_Sistem_27afe1,,,,,
2026-09-12T16:56:07-05:00,PUR_IED_AlvaroGom_LabQuim_813179,PUR_IED_AlvaroGom_LabQuim_813179,,,,,
2026-09-12T16:56:07-05:00,PUR_IED_AlvaroGomez_Ext_47c7ca,PUR_IED_AlvaroGomez_Ext_47c7ca,,,,,
2026-09-12T16:56:07-05:00,PUR_IED_AlvaroGomez_LabQuim_813179,PUR_IED_AlvaroGomez_LabQuim_813179,,,,,
2026-09-12T16:56:07-05:00,PUR_IED_AlvaroGomez_S23_7ba89f,PUR_IED_AlvaroGomez_S23_7ba89f,,,,,
2026-09-12T16:56:07-05:00,PUR_IED_Amistad_306_dc8728,PUR_IED_Amistad_306_dc8728,,,,,
2026-09-12T16:56:07-05:00,PUR_IED_Amistad_Ext_8cd55e,PUR_IED_Amistad_Ext_8cd55e,,,,,
2026-09-12T16:56:07-05:00,PUR_IED_Amistad_S202_a41169,PUR_IED_Amistad_S202_a41169,,,,,
2026-09-12T16:56:07-05:00,PUR_IED_AndresBello_Bio_fd5f5e,PUR_IED_AndresBello_Bio_fd5f5e,,,,,
2026-09-12T16:56:07-05:00,PUR_IED_AndresBello_ext_dcad65,PUR_IED_AndresBello_ext_dcad65,,,,,
2026-09-12T16:56:07-05:00,PUR_IED_AndresBello_port_eed3ec,PUR_IED_AndresBello_port_eed3ec,,,,,
2026-09-12T16:56:07-05:00,PUR_IED_AngelaR_11b_d90a6b,PUR_IED_AngelaR_11b_d90a6b,,,,,
2026-09-12T16:56:07-05:00,PUR_IED_AngelaR_ext_7cad3e,PUR_IED_AngelaR_ext_7cad3e,3,20,60,4.5825,-74.164497
2026-09-12T16:56:07-05:00,PUR_IED_AntJoseSucre_10mo_df2575,PUR_IED_AntJoseSucre_10mo_df2575,,,,,
2026-09-12T16:56:07-05:00,PUR_IED_AntJoseSucre_Ext_215b36,PUR_IED_AntJoseSucre_Ext_215b36,,,,,
2026-09-12T16:56:07-05:00,PUR_IED_AntJoseSucre_Lab_3139de,PUR_IED_AntJoseSucre_Lab_3139de,,,,,
2026-09-12T16:56:07-05:00,PUR_IED_AntonioGarcia_301_d6b188,PUR_IED_AntonioGarcia_301_d6b188,,,,,
2026-09-12T16:56:07-05:00,PUR_IED_AntonioGarcia_302_88a82,PUR_IED_AntonioGarcia_302_88a82,,,,,
2026-09-12T16:56:07-05:00,PUR_IED_AntonioGarcia_Ext_20950c,PUR_IED_AntonioGarcia_Ext_20950c,,,,,
2026-09-12T16:56:07-05:00,PUR_IED_AntonioVan_Aula2_6dea02,PUR_IED_AntonioVan_Aula2_6dea02,,,,,
2026-09-12T16:56:07-05:00,PUR_IED_AntonioVan_Aula5_f1557e,PUR_IED_AntonioVan_Aula5_f1557e,,,,,
2026-09-12T16:56:07-05:00,PUR_IED_AntonioVan_Ext_406f2f,PUR_IED_AntonioVan_Ext_406f2f,,,,,
2026-09-12T16:56:07-05:00,PUR_IED_Atabanzha_Ext_cc5af9,PUR_IED_Atabanzha_Ext_cc5af9,,,,,
2026-09-12T16:56:07-05:00,PUR_IED_Atabanzha_SA101_56c37,PUR_IED_Atabanzha_SA101_56c37,,,,,
2026-09-12T16:56:07-05:00,PUR_IED_Atabanzha_SB302_27b374,PUR_IED_Atabanzha_SB302_27b374,,,,,
2026-09-12T16:56:07-05:00,PUR_IED_Atahualpa_Ext_fc1748,PUR_IED_Atahualpa_Ext_fc1748,,,,,
2026-09-12T16:56:07-05:00,PUR_IED_Atahualpa_Informa_dc9a95,PUR_IED_Atahualpa_Informa_dc9a95,,,,,
2026-09-12T16:56:07-05:00,PUR_IED_Atahualpa_S1101_f98056,PUR_IED_Atahualpa_S1101_f98056,,,,,
2026-09-12T16:56:07-05:00,PUR_IED_Bellavista_Ext_f5aa74,PUR_IED_Bellavista_Ext_f5aa74,,,,,
2026-09-12T16:56:07-05:00,PUR_IED_Bilbao_11A_916c41,PUR_IED_Bilbao_11A_916c41,,,,,
2026-09-12T16:56:07-05:00,PUR_IED_Bilbao_Ext_fb579a,PUR_IED_Bilbao_Ext_fb579a,,,,,
2026-09-12T16:56:07-05:00,PUR_IED_BrasiliaU_A125_304280,PUR_IED_BrasiliaU_A125_304280,,,,,
2026-09-12T16:56:07-05:00,PUR_IED_BrasiliaU_A203_7c8ca5,PUR_IED_BrasiliaU_A203_7c8ca5,,,,,
2026-09-12T16:56:07-05:00,PUR_IED_BrasiliaU_Ext_8d6e9f,PUR_IED_BrasiliaU_Ext_8d6e9f,4,20,59,4.5175,-74.116302
2026-09-12T16:56:07-05:00,PUR_IED_Brasilia_Ext_fe6593,PUR_IED_Brasilia_Ext_fe6593,,,,,
2026-09-12T16:56:07-05:00,PUR_IED_Brasilia_S24_7c130d,PUR_IED_Brasilia_S24_7c130d,,,,,
2026-09-12T16:56:07-05:00,PUR_IED_Brasilia_S501_186a54,PUR_IED_Brasilia_S501_186a54,,,,,
2026-09-12T16:56:07-05:00,PUR_IED_CHARRY_EXT_f1d5cd,PUR_IED_CHARRY_EXT_f1d5cd,,,,,
2026-09-12T16:56:07-05:00,PUR_IED_CHARRY_INTDANZAS_7a08e6,PUR_IED_CHARRY_INTDANZAS_7a08e6,,,,,
2026-09-12T16:56:07-05:00,PUR_IED_CHARRY_INT_AULA20_dc998d,PUR_IED_CHARRY_INT_AULA20_dc998d,,,,,
2026-09-12T16:56:07-05:00,PUR_IED_COLVIV_1101_S25_7f520a,PUR_IED_COLVIV_1101_S25_7f520a,,,,,
2026-09-12T16:56:07-05:00,PUR_IED_COLVIV_1102_S16_f570ba,PUR_IED_COLVIV_1102_S16_f570ba,,,,,
2026-09-12T16:56:07-05:00,PUR_IED_COLVIV_Ext_1a26fa,PUR_IED_COLVIV_Ext_1a26fa,,,,,
2026-09-12T16:56:07-05:00,PUR_IED_CULPOP_301A_f660f3,PUR_IED_CULPOP_301A_f660f3,,,,,
2026-09-12T16:56:07-05:00,PUR_IED_CULPOP_303_568afe,PUR_IED_CULPOP_303_568afe,,,,,
2026-09-12T16:56:07-05:00,PUR_IED_CULPOP_Ext_e02ccb,PUR_IED_CULPOP_Ext_e02ccb,,,,,
2026-09-12T16:56:07-05:00,PUR_IED_CVillavicen_Ext_26eb58,PUR_IED_CVillavicen_Ext_26eb58,6,17,77,4.487,-74.102798
2026-09-12T16:56:07-05:00,PUR_IED_CVillavicen_Intel_1ce5c2,PUR_IED_CVillavicen_Intel_1ce5c2,,,,,
2026-09-12T16:56:07-05:00,PUR_IED_CVillavicen_Poliv_e0766c,PUR_IED_CVillavicen_Poliv_e0766c,,,,,
2026-09-12T16:56:07-05:00,PUR_IED_CVillavicen_int_1ba140,PUR_IED_CVillavicen_int_1ba140,,,,,
2026-09-12T16:56:07-05:00,PUR_IED_CVillavicen_intel_1ba140,PUR_IED_CVillavicen_intel_1ba140,,,,,
2026-09-12T16:56:07-05:00,PUR_IED_CarlosPizarro_Ext_e307cc,PUR_IED_CarlosPizarro_Ext_e307cc,,,,,
2026-09-12T16:56:07-05:00,PUR_IED_CarlosPizarro_L36_7e5cdb,PUR_IED_CarlosPizarro_L36_7e5cdb,,,,,
2026-09-12T16:56:07-05:00,PUR_IED_CarlosPizarro_L37_c8566c,PUR_IED_CarlosPizarro_L37_c8566c,,,,,
2026-09-12T16:56:07-05:00,PUR_IED_Castilla_Ext_cf35f,PUR_IED_Castilla_Ext_cf35f,,,,,
2026-09-12T16:56:07-05:00,PUR_IED_Castilla_SFisik_360e38,PUR_IED_Castilla_SFisik_360e38,,,,,
2026-09-12T16:56:07-05:00,PUR_IED_Castilla_Sc304_496fbf,PUR_IED_Castilla_Sc304_496fbf,,,,,
2026-09-12T16:56:07-05:00,PUR_IED_CervantesSa_Ext_6b57b,PUR_IED_CervantesSa_Ext_6b57b,4,19,66,4.5128,-74.117203
2026-09-12T16:56:07-05:00,PUR_IED_CervantesSa_S107_225c2b,PUR_IED_CervantesSa_S107_225c2b,,,,,
2026-09-12T16:56:07-05:00,PUR_IED_CervantesSa_S108_940925,PUR_IED_CervantesSa_S108_940925,,,,,
2026-09-12T16:56:07-05:00,PUR_IED_Charry_A20_f53e7c,PUR_IED_Charry_A20_f53e7c,,,,,
2026-09-12T16:56:07-05:00,PUR_IED_Charry_Ext_f1d5cd,PUR_IED_Charry_Ext_f1d5cd,,,,,
2026-09-12T16:56:07-05:00,PUR_IED_Charry_IntAula20_dc998d,PUR_IED_Charry_IntAula20_dc998d,,,,,
2026-09-12T16:56:07-05:00,PUR_IED_Charry_IntDanzas_7a08e6,PUR_IED_Charry_IntDanzas_7a08e6,,,,,
2026-09-12T16:56:07-05:00,PUR_IED_ClememciaC_203_43e2fc,PUR_IED_ClememciaC_203_43e2fc,,,,,
2026-09-12T16:56:07-05:00,PUR_IED_ClememciaC_Ext_1b411a,PUR_IED_ClememciaC_Ext_1b411a,,,,,
2026-09-12T16:56:07-05:00,PUR_IED_ClememciaC_Quimic_44b5fc,PUR_IED_ClememciaC_Quimic_44b5fc,,,,,
2026-09-12T16:56:07-05:00,PUR_IED_ClemenciaC_203_43e2fc,PUR_IED_ClemenciaC_203_43e2fc,,,,,
2026-09-12T16:56:07-05:00,PUR_IED_ClemenciaC_Ext_1b411a,PUR_IED_ClemenciaC_Ext_1b411a,,,,,
2026-09-12T16:56:07-05:00,PUR_IED_ClemenciaC_Quimic_44b5fc,PUR_IED_ClemenciaC_Quimic_44b5fc,,,,,
2026-09-12T16:56:07-05:00,PUR_IED_ColViva_1101_S25_7f520a,PUR_IED_ColViva_1101_S25_7f520a,,,,,
2026-09-12T16:56:07-05:00,PUR_IED_ColViva_1102_S16_f570ba,PUR_IED_ColViva_1102_S16_f570ba,,,,,
2026-09-12T16:56:07-05:00,PUR_IED_ColViva_Ext_1a26fa,PUR_IED_ColViva_Ext_1a26fa,,,,,
2026-09-12T16:56:07-05:00,PUR_IED_ColegioBici_Asist_7c8798,PUR_IED_ColegioBici_Asist_7c8798,,,,,
2026-09-12T16:56:07-05:00,PUR_IED_ColegioBici_Ext_25cbf6,PUR_IED_ColegioBici_Ext_25cbf6,,,,,
2026-09-12T16:56:07-05:00,PUR_IED_ColegioBici_LabQ_7b57db,PUR_IED_ColegioBici_LabQ_7b57db,,,,,
2026-09-12T16:56:07-05:00,PUR_IED_CostaRica_Ext_5e640,PUR_IED_CostaRica_Ext_5e640,,,,,
2026-09-12T16:56:07-05:00,PUR_IED_CostaRica_Quim1_766d1c,PUR_IED_CostaRica_Quim1_766d1c,,,,,
2026-09-12T16:56:07-05:00,PUR_IED_CostaRica__Fisica_6f0873,PUR_IED_CostaRica__Fisica_6f0873,,,,,
2026-09-12T16:56:07-05:00,PUR_IED_CulPopu_301A_f660f3,PUR_IED_CulPopu_301A_f660f3,,,,,
2026-09-12T16:56:07-05:00,PUR_IED_CulPopu_303_568afe,PUR_IED_CulPopu_303_568afe,,,,,
2026-09-12T16:56:07-05:00,PUR_IED_CulPopu_Ext_e02ccb,PUR_IED_CulPopu_Ext_e02ccb,,,,,
2026-09-12T16:56:07-05:00,PUR_IED_Cundinamarca_Ext_f15985,PUR_IED_Cundinamarca_Ext_f15985,,,,,
2026-09-12T16:56:07-05:00,PUR_IED_Cundinamarca_Info_7aa5d7,PUR_IED_Cundinamarca_Info_7aa5d7,,,,,
2026-09-12T16:56:07-05:00,PUR_IED_Cundinamarca_Tec2_f449c7,PUR_IED_Cundinamarca_Tec2_f449c7,,,,,
2026-09-12T16:56:07-05:00,PUR_IED_DiegoM_Aula1_27b314,PUR_IED_DiegoM_Aula1_27b314,,,,,
2026-09-12T16:56:07-05:00,PUR_IED_DiegoM_Ext_d80ac8,PUR_IED_DiegoM_Ext_d80ac8,,,,,
2026-09-12T16:56:07-05:00,PUR_IED_DiegoM_S25_da928f,PUR_IED_DiegoM_S25_da928f,,,,,
2026-09-12T16:56:07-05:00,PUR_IED_ELRODEO_360881,PUR_IED_ELRODEO_360881,,,,,
2026-09-12T16:56:07-05:00,PUR_IED_ELRODEO_ext_360881,PUR_IED_ELRODEO_ext_360881,,,,,
2026-09-12T16:56:07-05:00,PUR_IED_EduardoU_Ext_1c1969,PUR_IED_EduardoU_Ext_1c1969,,,,,
2026-09-12T16:56:07-05:00,PUR_IED_EduardoU_SCiencia_4dfb94,PUR_IED_EduardoU_SCiencia_4dfb94,,,,,
2026-09-12T16:56:07-05:00,PUR_IED_EduardoU_SQuimica_5a46e7,PUR_IED_EduardoU_SQuimica_5a46e7,,,,,
2026-09-12T16:56:07-05:00,PUR_IED_ElRodeo_Aula14_676984,PUR_IED_ElRodeo_Aula14_676984,,,,,
2026-09-12T16:56:07-05:00,PUR_IED_ElRodeo_Aula16_2dd35b,PUR_IED_ElRodeo_Aula16_2dd35b,,,,,
2026-09-12T16:56:07-05:00,PUR_IED_ElRodeo_Ext_360881,PUR_IED_ElRodeo_Ext_360881,,,,,
2026-09-12T16:56:07-05:00,PUR_IED_ElRodeo_Exterior_8c6d28,PUR_IED_ElRodeo_Exterior_8c6d28,,,,,
2026-09-12T16:56:07-05:00,PUR_IED_ElRodeo_ext_360881,PUR_IED_ElRodeo_ext_360881,,,,,
2026-09-12T16:56:07-05:00,PUR_IED_EmmaReyes_Ext_987625,PUR_IED_EmmaReyes_Ext_987625,2,22,50,4.6367,-74.1511
2026-09-12T16:56:07-05:00,PUR_IED_Ensueño_Ext_7f0250,PUR_IED_Ensueño_Ext_7f0250,,,,,
2026-09-12T16:56:07-05:00,PUR_IED_EscNormal_Ext_5fef3b,PUR_IED_EscNormal_Ext_5fef3b,2,21,56,4.5852,-74.096901
2026-09-12T16:56:07-05:00,PUR_IED_EscNormal_S309_5b263,PUR_IED_EscNormal_S309_5b263,,,,,
2026-09-12T16:56:07-05:00,PUR_IED_EscNormal_S310_27b3b8,PUR_IED_EscNormal_S310_27b3b8,,,,,
2026-09-12T16:56:07-05:00,PUR_IED_Evangelista_Conta_f6cd4f,PUR_IED_Evangelista_Conta_f6cd4f,,,,,
2026-09-12T16:56:07-05:00,PUR_IED_Evangelista_Cri_5e16a,PUR_IED_Evangelista_Cri_5e16a,,,,,
2026-09-12T16:56:07-05:00,PUR_IED_Evangelista_Exter_754066,PUR_IED_Evangelista_Exter_754066,,,,,
2026-09-12T16:56:07-05:00,PUR_IED_FMiranda_S209_5cc2a3,PUR_IED_FMiranda_S209_5cc2a3,,,,,
2026-09-12T16:56:07-05:00,PUR_IED_FMiranda_S303_19e344,PUR_IED_FMiranda_S303_19e344,,,,,
2026-09-12T16:56:07-05:00,PUR_IED_FMiranda_ext_f53e7c,PUR_IED_FMiranda_ext_f53e7c,,,,,
2026-09-12T16:56:07-05:00,PUR_IED_FabioLozano_Bibli_1cee05,PUR_IED_FabioLozano_Bibli_1cee05,,,,,
2026-09-12T16:56:07-05:00,PUR_IED_FabioLozano_Ext_6ea285,PUR_IED_FabioLozano_Ext_6ea285,,,,,
2026-09-12T16:56:07-05:00,PUR_IED_FabioLozano_SLudi_f09e1e,PUR_IED_FabioLozano_SLudi_f09e1e,,,,,
2026-09-12T16:56:07-05:00,PUR_IED_FaustinoS_Aula07_27a731,PUR_IED_FaustinoS_Aula07_27a731,,,,,
2026-09-12T16:56:07-05:00,PUR_IED_FaustinoS_Ext_7b936f,PUR_IED_FaustinoS_Ext_7b936f,,,,,
2026-09-12T16:56:07-05:00,PUR_IED_FaustinoS_Fisica_da2c60,PUR_IED_FaustinoS_Fisica_da2c60,,,,,
2026-09-12T16:56:07-05:00,PUR_IED_FeGarciaLo_Ext_dc68ee,PUR_IED_FeGarciaLo_Ext_dc68ee,,,,,
2026-09-12T16:56:07-05:00,PUR_IED_FeGarciaLo_SDanza_f70a59,PUR_IED_FeGarciaLo_SDanza_f70a59,,,,,
2026-09-12T16:56:07-05:00,PUR_IED_FeGarciaLo_SMusic_125cdd,PUR_IED_FeGarciaLo_SMusic_125cdd,,,,,
2026-09-12T16:56:07-05:00,PUR_IED_FederalAlema_Exte_50c345,PUR_IED_FederalAlema_Exte_50c345,,,,,
2026-09-12T16:56:07-05:00,PUR_IED_FederalAlema_S31_f18371,PUR_IED_FederalAlema_S31_f18371,,,,,
2026-09-12T16:56:07-05:00,PUR_IED_FederalAlema_S901_a62cd,PUR_IED_FederalAlema_S901_a62cd,,,,,
2026-09-12T16:56:07-05:00,PUR_IED_FilarmonicaS_A5_f35eb1,PUR_IED_FilarmonicaS_A5_f35eb1,,,,,
2026-09-12T16:56:07-05:00,PUR_IED_FilarmonicaS_Ext_8a3bde,PUR_IED_FilarmonicaS_Ext_8a3bde,,,,,
2026-09-12T16:56:07-05:00,PUR_IED_FilarmonicaS_Spol_406114,PUR_IED_FilarmonicaS_Spol_406114,,,,,
2026-09-12T16:56:07-05:00,PUR_IED_FlorentinoG_A13_d1fa59,PUR_IED_FlorentinoG_A13_d1fa59,,,,,
2026-09-12T16:56:07-05:00,PUR_IED_FlorentinoG_Ext_1ce6ce,PUR_IED_FlorentinoG_Ext_1ce6ce,,,,,
2026-09-12T16:56:07-05:00,PUR_IED_FlorentinoG_Idiom_a66aac,PUR_IED_FlorentinoG_Idiom_a66aac,,,,,
2026-09-12T16:56:07-05:00,PUR_IED_FranciscoMati_Ext_e3869d,PUR_IED_FranciscoMati_Ext_e3869d,,,,,
2026-09-12T16:56:07-05:00,PUR_IED_FranciscoMati_S13_f31c67,PUR_IED_FranciscoMati_S13_f31c67,,,,,
2026-09-12T16:56:07-05:00,PUR_IED_FranciscoMati_S14_97dead,PUR_IED_FranciscoMati_S14_97dead,,,,,
2026-09-12T16:56:07-05:00,PUR_IED_FranciscoPS_Ext_7bfa9a,PUR_IED_FranciscoPS_Ext_7bfa9a,2,21,56,4.5899,-74.110397
2026-09-12T16:56:07-05:00,PUR_IED_FranciscoPS_Infor_fb8f4c,PUR_IED_FranciscoPS_Infor_fb8f4c,,,,,
2026-09-12T16:56:07-05:00,PUR_IED_FranciscoPS_Quimi_94d39c,PUR_IED_FranciscoPS_Quimi_94d39c,,,,,
2026-09-12T16:56:07-05:00,PUR_IED_FranciscoP_LabQ_d7e148,PUR_IED_FranciscoP_LabQ_d7e148,,,,,
2026-09-12T16:56:07-05:00,PUR_IED_FranciscoP_S28_cf9b30,PUR_IED_FranciscoP_S28_cf9b30,,,,,
2026-09-12T16:56:07-05:00,PUR_IED_FranciscoP_ext_e2313,PUR_IED_FranciscoP_ext_e2313,,,,,
2026-09-12T16:56:07-05:00,PUR_IED_FriederichN_Ext_8ac92a,PUR_IED_FriederichN_Ext_8ac92a,,,,,
2026-09-12T16:56:07-05:00,PUR_IED_FriederichN_S301_dd7e5a,PUR_IED_FriederichN_S301_dd7e5a,,,,,
2026-09-12T16:56:07-05:00,PUR_IED_FriederichN_S308_761f4f,PUR_IED_FriederichN_S308_761f4f,,,,,
2026-09-12T16:56:07-05:00,PUR_IED_GSantander_Aula10_533dd7,PUR_IED_GSantander_Aula10_533dd7,,,,,
2026-09-12T16:56:07-05:00,PUR_IED_GSantander_Aula12_fd4e4f,PUR_IED_GSantander_Aula12_fd4e4f,,,,,
2026-09-12T16:56:07-05:00,PUR_IED_GSantander_Aula310_533dd7,PUR_IED_GSantander_Aula310_533dd7,,,,,
2026-09-12T16:56:07-05:00,PUR_IED_GSantander_Aula312_fd4e4f,PUR_IED_GSantander_Aula312_fd4e4f,,,,,
2026-09-12T16:56:07-05:00,PUR_IED_GSantander_Ext_5f66b0,PUR_IED_GSantander_Ext_5f66b0,,,,,
2026-09-12T16:56:07-05:00,PUR_IED_GYomasa_Ext_f6bea5,PUR_IED_GYomasa_Ext_f6bea5,,,,,
2026-09-12T16:56:07-05:00,PUR_IED_GYomasa_LBiol_2c41aa,PUR_IED_GYomasa_LBiol_2c41aa,,,,,
2026-09-12T16:56:07-05:00,PUR_IED_GYomasa_LQuim_33c80,PUR_IED_GYomasa_LQuim_33c80,,,,,
2026-09-12T16:56:07-05:00,PUR_IED_GabBetMejia_Cienc_5a99c,PUR_IED_GabBetMejia_Cienc_5a99c,,,,,
2026-09-12T16:56:07-05:00,PUR_IED_GabBetMejia_Ext_9153d0,PUR_IED_GabBetMejia_Ext_9153d0,,,,,
2026-09-12T16:56:07-05:00,PUR_IED_GabBetMejia_Lab_f55347,PUR_IED_GabBetMejia_Lab_f55347,,,,,
2026-09-12T16:56:07-05:00,PUR_IED_GabBetanMejia_Ext_9153d0,PUR_IED_GabBetanMejia_Ext_9153d0,,,,,
2026-09-12T16:56:07-05:00,PUR_IED_Gaitana_Aula13_7aac11,PUR_IED_Gaitana_Aula13_7aac11,,,,,
2026-09-12T16:56:07-05:00,PUR_IED_Gaitana_Ext_5fcf4,PUR_IED_Gaitana_Ext_5fcf4,,,,,
2026-09-12T16:56:07-05:00,PUR_IED_Gaitana_LabFisica_644448,PUR_IED_Gaitana_LabFisica_644448,,,,,
2026-09-12T16:56:07-05:00,PUR_IED_GenSantander_Dise_8ac858,PUR_IED_GenSantander_Dise_8ac858,,,,,
2026-09-12T16:56:07-05:00,PUR_IED_GenSantander_Ext_8d5dfe,PUR_IED_GenSantander_Ext_8d5dfe,,,,,
2026-09-12T16:56:07-05:00,PUR_IED_GenSantander_Info_6c25b,PUR_IED_GenSantander_Info_6c25b,,,,,
2026-09-12T16:56:07-05:00,PUR_IED_GustavoMo_Exterio_75e63d,PUR_IED_GustavoMo_Exterio_75e63d,,,,,
2026-09-12T16:56:07-05:00,PUR_IED_GustavoMo_LabFisi_224d37,PUR_IED_GustavoMo_LabFisi_224d37,,,,,
2026-09-12T16:56:07-05:00,PUR_IED_GustavoMo_S208_3e6918,PUR_IED_GustavoMo_S208_3e6918,,,,,
2026-09-12T16:56:07-05:00,PUR_IED_GustavoR_A02_8cd4a8,PUR_IED_GustavoR_A02_8cd4a8,,,,,
2026-09-12T16:56:07-05:00,PUR_IED_GustavoR_B11_5b0ed,PUR_IED_GustavoR_B11_5b0ed,,,,,
2026-09-12T16:56:07-05:00,PUR_IED_GustavoR_Ext_7a0c90,PUR_IED_GustavoR_Ext_7a0c90,,,,,
2026-09-12T16:56:07-05:00,PUR_IED_HernandoDuran_Ext_8cd82b,PUR_IED_HernandoDuran_Ext_8cd82b,,,,,
2026-09-12T16:56:07-05:00,PUR_IED_HernandoDuran_S24_2772c6,PUR_IED_HernandoDuran_S24_2772c6,,,,,
2026-09-12T16:56:07-05:00,PUR_IED_HernandoDuran_S30_f2de41,PUR_IED_HernandoDuran_S30_f2de41,,,,,
2026-09-12T16:56:07-05:00,PUR_IED_HolguInUr_S1101_8cd732,PUR_IED_HolguInUr_S1101_8cd732,,,,,
2026-09-12T16:56:07-05:00,PUR_IED_HolguinUr_Exter_ddae6d,PUR_IED_HolguinUr_Exter_ddae6d,,,,,
2026-09-12T16:56:07-05:00,PUR_IED_HolguinUr_LabQuim_92b952,PUR_IED_HolguinUr_LabQuim_92b952,,,,,
2026-09-12T16:56:07-05:00,PUR_IED_Isabel-II_Ext_5245cc,PUR_IED_Isabel-II_Ext_5245cc,2,20,57,4.6336,-74.153
2026-09-12T16:56:07-05:00,PUR_IED_Isabel-II_S_idiom_1c29aa,PUR_IED_Isabel-II_S_idiom_1c29aa,,,,,
2026-09-12T16:56:07-05:00,PUR_IED_Isabel-II_S_infor_fd741,PUR_IED_Isabel-II_S_infor_fd741,,,,,
2026-09-12T16:56:07-05:00,PUR_IED_IsidroSur_Exterio_5b90ea,PUR_IED_IsidroSur_Exterio_5b90ea,,,,,
2026-09-12T16:56:07-05:00,PUR_IED_IsidroSur_LabTec_56697a,PUR_IED_IsidroSur_LabTec_56697a,,,,,
2026-09-12T16:56:07-05:00,PUR_IED_IsidroSur_Robotic_b7c38f,PUR_IED_IsidroSur_Robotic_b7c38f,,,,,
2026-09-12T16:56:07-05:00,PUR_IED_IsmaelPerd_Ext_7b6672,PUR_IED_IsmaelPerd_Ext_7b6672,,,,,
2026-09-12T16:56:07-05:00,PUR_IED_IsmaelPerd_Inform_306540,PUR_IED_IsmaelPerd_Inform_306540,,,,,
2026-09-12T16:56:07-05:00,PUR_IED_IsmaelPerd_S30_2e2c83,PUR_IED_IsmaelPerd_S30_2e2c83,,,,,
2026-09-12T16:56:07-05:00,PUR_IED_JLozano_Exter_432910,PUR_IED_JLozano_Exter_432910,,,,,
2026-09-12T16:56:07-05:00,PUR_IED_JLozano_salaMulti_df5125,PUR_IED_JLozano_salaMulti_df5125,,,,,
2026-09-12T16:56:07-05:00,PUR_IED_JMCordoba_206_86f80b,PUR_IED_JMCordoba_206_86f80b,,,,,
2026-09-12T16:56:07-05:00,PUR_IED_JMCordoba_Ext_27ad97,PUR_IED_JMCordoba_Ext_27ad97,,,,,
2026-09-12T16:56:07-05:00,PUR_IED_JMCordoba_S310_d59ab4,PUR_IED_JMCordoba_S310_d59ab4,,,,,
2026-09-12T16:56:07-05:00,PUR_IED_Japon_Ext_549100,PUR_IED_Japon_Ext_549100,,,,,
2026-09-12T16:56:07-05:00,PUR_IED_Japon_Laboratorio_bec51d,PUR_IED_Japon_Laboratorio_bec51d,,,,,
2026-09-12T16:56:07-05:00,PUR_IED_Japon_informatica_d99327,PUR_IED_Japon_informatica_d99327,,,,,
2026-09-12T16:56:07-05:00,PUR_IED_Jazmin_Ext_d27bda,PUR_IED_Jazmin_Ext_d27bda,,,,,
2026-09-12T16:56:07-05:00,PUR_IED_Jazmin_Fisica_8d14d7,PUR_IED_Jazmin_Fisica_8d14d7,,,,,
2026-09-12T16:56:07-05:00,PUR_IED_Jazmin_Quimica_801cb5,PUR_IED_Jazmin_Quimica_801cb5,,,,,
2026-09-12T16:56:07-05:00,PUR_IED_JorgeGaitan_Exter_f098d1,PUR_IED_JorgeGaitan_Exter_f098d1,,,,,
2026-09-12T16:56:07-05:00,PUR_IED_JorgeGaitan_STec1_dc9d1d,PUR_IED_JorgeGaitan_STec1_dc9d1d,,,,,
2026-09-12T16:56:07-05:00,PUR_IED_JorgeGaitan_STec2_281e69,PUR_IED_JorgeGaitan_STec2_281e69,,,,,
2026-09-12T16:56:07-05:00,PUR_IED_JorgeSoto_Exterio_d9d0a2,PUR_IED_JorgeSoto_Exterio_d9d0a2,,,,,
2026-09-12T16:56:07-05:00,PUR_IED_JorgeSoto_LabFisi_209c54,PUR_IED_JorgeSoto_LabFisi_209c54,,,,,
2026-09-12T16:56:07-05:00,PUR_IED_JorgeSoto_S103_27b51a,PUR_IED_JorgeSoto_S103_27b51a,,,,,
2026-09-12T16:56:07-05:00,PUR_IED_JoseAcevedo_A02_e965eb,PUR_IED_JoseAcevedo_A02_e965eb,,,,,
2026-09-12T16:56:07-05:00,PUR_IED_JoseAcevedo_A07_dd5b4,PUR_IED_JoseAcevedo_A07_dd5b4,,,,,
2026-09-12T16:56:07-05:00,PUR_IED_JoseAcevedo_Ext_b47484,PUR_IED_JoseAcevedo_Ext_b47484,,,,,
2026-09-12T16:56:07-05:00,PUR_IED_JoseMarti_Exte_5b9bf,PUR_IED_JoseMarti_Exte_5b9bf,,,,,
2026-09-12T16:56:07-05:00,PUR_IED_JoseMarti_LabQuim_1c6c2d,PUR_IED_JoseMarti_LabQuim_1c6c2d,,,,,
2026-09-12T16:56:07-05:00,PUR_IED_JoseMarti_S_info_f5f177,PUR_IED_JoseMarti_S_info_f5f177,,,,,
2026-09-12T16:56:07-05:00,PUR_IED_Josejoaquin_Ext_dfc5dc,PUR_IED_Josejoaquin_Ext_dfc5dc,,,,,
2026-09-12T16:56:07-05:00,PUR_IED_Josejoaquin_S05_5b2a96,PUR_IED_Josejoaquin_S05_5b2a96,,,,,
2026-09-12T16:56:07-05:00,PUR_IED_Josejoaquin_S06_1ce7d2,PUR_IED_Josejoaquin_S06_1ce7d2,,,,,
2026-09-12T16:56:07-05:00,PUR_IED_JulioFlorez_Danza_9b82dd,PUR_IED_JulioFlorez_Danza_9b82dd,,,,,
2026-09-12T16:56:07-05:00,PUR_IED_JulioFlorez_Exter_f9f314,PUR_IED_JulioFlorez_Exter_f9f314,,,,,
2026-09-12T16:56:07-05:00,PUR_IED_JulioFlorez_info2_6b6e08,PUR_IED_JulioFlorez_info2_6b6e08,,,,,
2026-09-12T16:56:07-05:00,PUR_IED_LaBelleza_Aula13_1d00d8,PUR_IED_LaBelleza_Aula13_1d00d8,,,,,
2026-09-12T16:56:07-05:00,PUR_IED_LaBelleza_Ext_7bc08c,PUR_IED_LaBelleza_Ext_7bc08c,,,,,
2026-09-12T16:56:07-05:00,PUR_IED_LaChucua_Ext_8cd6d2,PUR_IED_LaChucua_Ext_8cd6d2,,,,,
2026-09-12T16:56:07-05:00,PUR_IED_LaChucua_S15_f578ce,PUR_IED_LaChucua_S15_f578ce,,,,,
2026-09-12T16:56:07-05:00,PUR_IED_LaChucua_S16_eebcf9,PUR_IED_LaChucua_S16_eebcf9,,,,,
2026-09-12T16:56:07-05:00,PUR_IED_LaFelicidad_Ext_fb5109,PUR_IED_LaFelicidad_Ext_fb5109,,,,,
2026-09-12T16:56:07-05:00,PUR_IED_LaMerced_206_66ebd,PUR_IED_LaMerced_206_66ebd,,,,,
2026-09-12T16:56:07-05:00,PUR_IED_LaMerced_207_6ebd6,PUR_IED_LaMerced_207_6ebd6,,,,,
2026-09-12T16:56:07-05:00,PUR_IED_LaMerced_ext_304311,PUR_IED_LaMerced_ext_304311,,,,,
2026-09-12T16:56:07-05:00,PUR_IED_Laureano_CiencNat_281e5e,PUR_IED_Laureano_CiencNat_281e5e,,,,,
2026-09-12T16:56:07-05:00,PUR_IED_Laureano_Comedor_f65c0a,PUR_IED_Laureano_Comedor_f65c0a,,,,,
2026-09-12T16:56:07-05:00,PUR_IED_Laureano_Exterior_7ab011,PUR_IED_Laureano_Exterior_7ab011,,,,,
2026-09-12T16:56:07-05:00,PUR_IED_LeonGreiff_Exte_dfe560,PUR_IED_LeonGreiff_Exte_dfe560,,,,,
2026-09-12T16:56:07-05:00,PUR_IED_LeonGreiff_S210_f264ed,PUR_IED_LeonGreiff_S210_f264ed,,,,,
2026-09-12T16:56:07-05:00,PUR_IED_LeonGreiff_SQuimi_e8296f,PUR_IED_LeonGreiff_SQuimi_e8296f,,,,,
2026-09-12T16:56:07-05:00,PUR_IED_LlanoOrientalS208_7b9fcd,PUR_IED_LlanoOrientalS208_7b9fcd,,,,,
2026-09-12T16:56:07-05:00,PUR_IED_LlanoOriental_Ext_fb3766,PUR_IED_LlanoOriental_Ext_fb3766,,,,,
2026-09-12T16:56:07-05:00,PUR_IED_LlanoOriental_S208_7b9fcd,PUR_IED_LlanoOriental_S208_7b9fcd,,,,,
2026-09-12T16:56:07-05:00,PUR_IED_LlanoOriental_S9_27b378,PUR_IED_LlanoOriental_S9_27b378,,,,,
2026-09-12T16:56:07-05:00,PUR_IED_LosTejares_1101_477602,PUR_IED_LosTejares_1101_477602,,,,,
2026-09-12T16:56:07-05:00,PUR_IED_LosTejares_11_d2c595,PUR_IED_LosTejares_11_d2c595,,,,,
2026-09-12T16:56:07-05:00,PUR_IED_LosTejares_12_477602,PUR_IED_LosTejares_12_477602,,,,,
2026-09-12T16:56:07-05:00,PUR_IED_LosTejares_Ext_8e2115,PUR_IED_LosTejares_Ext_8e2115,,,,,
2026-09-12T16:56:07-05:00,PUR_IED_MagdalenaO_B202_5ddda3,PUR_IED_MagdalenaO_B202_5ddda3,,,,,
2026-09-12T16:56:07-05:00,PUR_IED_MagdalenaO_B205_fb76e8,PUR_IED_MagdalenaO_B205_fb76e8,,,,,
2026-09-12T16:56:07-05:00,PUR_IED_MagdalenaO_ext_dc69cd,PUR_IED_MagdalenaO_ext_dc69cd,,,,,
2026-09-12T16:56:07-05:00,PUR_IED_ManueCepeda_artes_eee956,PUR_IED_ManueCepeda_artes_eee956,,,,,
2026-09-12T16:56:07-05:00,PUR_IED_ManuelCepeda_Ext_58313,PUR_IED_ManuelCepeda_Ext_58313,,,,,
2026-09-12T16:56:07-05:00,PUR_IED_ManuelCepeda_tec_1c5731,PUR_IED_ManuelCepeda_tec_1c5731,,,,,
2026-09-12T16:56:07-05:00,PUR_IED_ManuelS_Exterior_5b269,PUR_IED_ManuelS_Exterior_5b269,,,,,
2026-09-12T16:56:07-05:00,PUR_IED_ManuelS_Inform_f369ce,PUR_IED_ManuelS_Inform_f369ce,,,,,
2026-09-12T16:56:07-05:00,PUR_IED_ManuelS_SArtes_7d15f1,PUR_IED_ManuelS_SArtes_7d15f1,,,,,
2026-09-12T16:56:07-05:00,PUR_IED_ManuelZapata_303_3ca6,PUR_IED_ManuelZapata_303_3ca6,,,,,
2026-09-12T16:56:07-05:00,PUR_IED_ManuelZapata_311_bfbabc,PUR_IED_ManuelZapata_311_bfbabc,,,,,
2026-09-12T16:56:07-05:00,PUR_IED_ManuelZapata_Ext_50824a,PUR_IED_ManuelZapata_Ext_50824a,,,,,
2026-09-12T16:56:07-05:00,PUR_IED_ManuelitaS_Exteri_656a92,PUR_IED_ManuelitaS_Exteri_656a92,,,,,
2026-09-12T16:56:07-05:00,PUR_IED_ManuelitaS_JuzgDe_f58ec3,PUR_IED_ManuelitaS_JuzgDe_f58ec3,,,,,
2026-09-12T16:56:07-05:00,PUR_IED_ManuelitaS_Recrea_d793db,PUR_IED_ManuelitaS_Recrea_d793db,,,,,
2026-09-12T16:56:07-05:00,PUR_IED_MarFidSuarez_Ext_c27b19,PUR_IED_MarFidSuarez_Ext_c27b19,,,,,
2026-09-12T16:56:07-05:00,PUR_IED_MarFidSuarez_Info_e384d7,PUR_IED_MarFidSuarez_Info_e384d7,,,,,
2026-09-12T16:56:07-05:00,PUR_IED_MarFidSuarez_S306_1d0032,PUR_IED_MarFidSuarez_S306_1d0032,,,,,
2026-09-12T16:56:07-05:00,PUR_IED_Menorah_301_2a25a3,PUR_IED_Menorah_301_2a25a3,,,,,
2026-09-12T16:56:07-05:00,PUR_IED_Menorah_306_37ed3,PUR_IED_Menorah_306_37ed3,,,,,
2026-09-12T16:56:07-05:00,PUR_IED_Menorah_Ext_3e155b,PUR_IED_Menorah_Ext_3e155b,,,,,
2026-09-12T16:56:07-05:00,PUR_IED_MinutoB.Aires_A11_1b1604,PUR_IED_MinutoB.Aires_A11_1b1604,,,,,
2026-09-12T16:56:07-05:00,PUR_IED_MinutoB.Aires_A12_fb5860,PUR_IED_MinutoB.Aires_A12_fb5860,,,,,
2026-09-12T16:56:07-05:00,PUR_IED_MinutoB.Aires_Ext_81293f,PUR_IED_MinutoB.Aires_Ext_81293f,,,,,
2026-09-12T16:56:07-05:00,PUR_IED_MinutoBAires_A11_1b1604,PUR_IED_MinutoBAires_A11_1b1604,,,,,
2026-09-12T16:56:07-05:00,PUR_IED_MinutoBAires_A12_fb5860,PUR_IED_MinutoBAires_A12_fb5860,,,,,
2026-09-12T16:56:07-05:00,PUR_IED_MinutoBAires_Ext_81293f,PUR_IED_MinutoBAires_Ext_81293f,,,,,
2026-09-12T16:56:07-05:00,PUR_IED_Montreal_Aula10_1e4959,PUR_IED_Montreal_Aula10_1e4959,,,,,
2026-09-12T16:56:07-05:00,PUR_IED_Montreal_Aula6_300367,PUR_IED_Montreal_Aula6_300367,,,,,
2026-09-12T16:56:07-05:00,PUR_IED_Montreal_Exterior_91a179,PUR_IED_Montreal_Exterior_91a179,,,,,
2026-09-12T16:56:07-05:00,PUR_IED_Mqgdalena_B202_5ddda3,PUR_IED_Mqgdalena_B202_5ddda3,,,,,
2026-09-12T16:56:07-05:00,PUR_IED_NACUND_Soc_dc8728,PUR_IED_NACUND_Soc_dc8728,,,,,
2026-09-12T16:56:07-05:00,PUR_IED_NACUND_ext_27ad97,PUR_IED_NACUND_ext_27ad97,,,,,
2026-09-12T16:56:07-05:00,PUR_IED_NEsperanza_Ext_d24b61,PUR_IED_NEsperanza_Ext_d24b61,,,,,
2026-09-12T16:56:07-05:00,PUR_IED_NEsperanza_SElect_7d1807,PUR_IED_NEsperanza_SElect_7d1807,,,,,
2026-09-12T16:56:07-05:00,PUR_IED_NEsperanza_SLabor_8b2d0a,PUR_IED_NEsperanza_SLabor_8b2d0a,,,,,
2026-09-12T16:56:07-05:00,PUR_IED_NacionesU_Ext_f661a9,PUR_IED_NacionesU_Ext_f661a9,,,,,
2026-09-12T16:56:07-05:00,PUR_IED_NacionesU_Quimica_66f0a,PUR_IED_NacionesU_Quimica_66f0a,,,,,
2026-09-12T16:56:07-05:00,PUR_IED_NacionesU_S306_1b4b3d,PUR_IED_NacionesU_S306_1b4b3d,,,,,
2026-09-12T16:56:07-05:00,PUR_IED_NestorFA_Ext_e4201c,PUR_IED_NestorFA_Ext_e4201c,,,,,
2026-09-12T16:56:07-05:00,PUR_IED_NestorFA_Laborato_f22fe0,PUR_IED_NestorFA_Laborato_f22fe0,,,,,
2026-09-12T16:56:07-05:00,PUR_IED_NestorFA_S204_dee996,PUR_IED_NestorFA_S204_dee996,,,,,
2026-09-12T16:56:07-05:00,PUR_IED_NidyaQT_Aula03_76999b,PUR_IED_NidyaQT_Aula03_76999b,,,,,
2026-09-12T16:56:07-05:00,PUR_IED_NidyaQT_Aula10_56325,PUR_IED_NidyaQT_Aula10_56325,,,,,
2026-09-12T16:56:07-05:00,PUR_IED_NidyaQT_Ext_46e32d,PUR_IED_NidyaQT_Ext_46e32d,,,,,
2026-09-12T16:56:07-05:00,PUR_IED_NuevaCol_Exterior_d9b859,PUR_IED_NuevaCol_Exterior_d9b859,,,,,
2026-09-12T16:56:07-05:00,PUR_IED_NuevaCol_S1101_76c43b,PUR_IED_NuevaCol_S1101_76c43b,,,,,
2026-09-12T16:56:07-05:00,PUR_IED_NuevaCol_S1102_1ce0b5,PUR_IED_NuevaCol_S1102_1ce0b5,,,,,
2026-09-12T16:56:07-05:00,PUR_IED_OEA_A202_f7e3f2,PUR_IED_OEA_A202_f7e3f2,,,,,
2026-09-12T16:56:07-05:00,PUR_IED_OEA_A203_7d1b8d,PUR_IED_OEA_A203_7d1b8d,,,,,
2026-09-12T16:56:07-05:00,PUR_IED_OEA_Ext_27b593,PUR_IED_OEA_Ext_27b593,,,,,
2026-09-12T16:56:07-05:00,PUR_IED_Ochoa_Ext_1c29da,PUR_IED_Ochoa_Ext_1c29da,,,,,
2026-09-12T16:56:07-05:00,PUR_IED_Ochoa_S205_8b1121,PUR_IED_Ochoa_S205_8b1121,,,,,
2026-09-12T16:56:07-05:00,PUR_IED_Ochoa_Sistemas_f33af6,PUR_IED_Ochoa_Sistemas_f33af6,,,,,
2026-09-12T16:56:07-05:00,PUR_IED_PQuebec_Ext_1c67c7,PUR_IED_PQuebec_Ext_1c67c7,,,,,
2026-09-12T16:56:07-05:00,PUR_IED_PQuebec_S15_23e8e2,PUR_IED_PQuebec_S15_23e8e2,,,,,
2026-09-12T16:56:07-05:00,PUR_IED_PQuebec_S16_8ec76b,PUR_IED_PQuebec_S16_8ec76b,,,,,
2026-09-12T16:56:07-05:00,PUR_IED_PabloN_Ext_49dc96,PUR_IED_PabloN_Ext_49dc96,,,,,
2026-09-12T16:56:07-05:00,PUR_IED_PabloN_S1102_4e3df5,PUR_IED_PabloN_S1102_4e3df5,,,,,
2026-09-12T16:56:07-05:00,PUR_IED_PabloN_S1103_50c94b,PUR_IED_PabloN_S1103_50c94b,,,,,
2026-09-12T16:56:07-05:00,PUR_IED_Palestina_S1101_db9198,PUR_IED_Palestina_S1101_db9198,,,,,
2026-09-12T16:56:07-05:00,PUR_IED_Palestina_S1102_dc54fa,PUR_IED_Palestina_S1102_dc54fa,,,,,
2026-09-12T16:56:07-05:00,PUR_IED_Palestina_ext_4ccce6,PUR_IED_Palestina_ext_4ccce6,,,,,
2026-09-12T16:56:07-05:00,PUR_IED_Panama_Fisica_4d0794,PUR_IED_Panama_Fisica_4d0794,,,,,
2026-09-12T16:56:07-05:00,PUR_IED_Panama_SIngles_a4077e,PUR_IED_Panama_SIngles_a4077e,,,,,
2026-09-12T16:56:07-05:00,PUR_IED_Panama_ext_4c54b4,PUR_IED_Panama_ext_4c54b4,,,,,
2026-09-12T16:56:07-05:00,PUR_IED_ParaisoM_Exterior_8cd7f0,PUR_IED_ParaisoM_Exterior_8cd7f0,,,,,
2026-09-12T16:56:07-05:00,PUR_IED_ParaisoM_Laborato_27af35,PUR_IED_ParaisoM_Laborato_27af35,,,,,
2026-09-12T16:56:07-05:00,PUR_IED_ParaisoM_S304_d1edca,PUR_IED_ParaisoM_S304_d1edca,,,,,
2026-09-12T16:56:07-05:00,PUR_IED_PorfirioBarba_Ext_301466,PUR_IED_PorfirioBarba_Ext_301466,,,,,
2026-09-12T16:56:07-05:00,PUR_IED_PorfirioBarba_S11_df6cd2,PUR_IED_PorfirioBarba_S11_df6cd2,,,,,
2026-09-12T16:56:07-05:00,PUR_IED_PorfirioBarba_S29_27a7d6,PUR_IED_PorfirioBarba_S29_27a7d6,,,,,
2026-09-12T16:56:07-05:00,PUR_IED_PradoV_Exter_8b27ad,PUR_IED_PradoV_Exter_8b27ad,,,,,
2026-09-12T16:56:07-05:00,PUR_IED_PradoV_S301_de65b5,PUR_IED_PradoV_S301_de65b5,,,,,
2026-09-12T16:56:07-05:00,PUR_IED_PradoV_S302_7d2593,PUR_IED_PradoV_S302_7d2593,,,,,
2026-09-12T16:56:07-05:00,PUR_IED_QuirogaAlz_Ext_1ddc82,PUR_IED_QuirogaAlz_Ext_1ddc82,,,,,
2026-09-12T16:56:07-05:00,PUR_IED_QuirogaAlz_S302_9926a3,PUR_IED_QuirogaAlz_S302_9926a3,,,,,
2026-09-12T16:56:07-05:00,PUR_IED_QuirogaAlz_S305_cdf1f1,PUR_IED_QuirogaAlz_S305_cdf1f1,,,,,
2026-09-12T16:56:07-05:00,PUR_IED_RGuatemala_Biling_dc53b7,PUR_IED_RGuatemala_Biling_dc53b7,,,,,
2026-09-12T16:56:07-05:00,PUR_IED_RGuatemala_Ext_1b89a3,PUR_IED_RGuatemala_Ext_1b89a3,,,,,
2026-09-12T16:56:07-05:00,PUR_IED_RGuatemala_Tecnol_281a34,PUR_IED_RGuatemala_Tecnol_281a34,,,,,
2026-09-12T16:56:07-05:00,PUR_IED_RafaNu_Ext_f7c302,PUR_IED_RafaNu_Ext_f7c302,,,,,
2026-09-12T16:56:07-05:00,PUR_IED_RafaNu_S1101_25fde,PUR_IED_RafaNu_S1101_25fde,,,,,
2026-09-12T16:56:07-05:00,PUR_IED_RafaNu_S1102_281517,PUR_IED_RafaNu_S1102_281517,,,,,
2026-09-12T16:56:07-05:00,PUR_IED_RafaelB_S305_ee2783,PUR_IED_RafaelB_S305_ee2783,,,,,
2026-09-12T16:56:07-05:00,PUR_IED_RafaelB_S306_75fe33,PUR_IED_RafaelB_S306_75fe33,,,,,
2026-09-12T16:56:07-05:00,PUR_IED_RafaelB_ext_283336,PUR_IED_RafaelB_ext_283336,,,,,
2026-09-12T16:56:07-05:00,PUR_IED_RafaelUU_Exterior_281a51,PUR_IED_RafaelUU_Exterior_281a51,,,,,
2026-09-12T16:56:07-05:00,PUR_IED_RafaelUU_Human_806b2,PUR_IED_RafaelUU_Human_806b2,,,,,
2026-09-12T16:56:07-05:00,PUR_IED_RafaelUU_Mate2_5680d4,PUR_IED_RafaelUU_Mate2_5680d4,,,,,
2026-09-12T16:56:07-05:00,PUR_IED_RamonSub_Ext_f9eeb9,PUR_IED_RamonSub_Ext_f9eeb9,,,,,
2026-09-12T16:56:07-05:00,PUR_IED_RamonSub_Media_d1f62f,PUR_IED_RamonSub_Media_d1f62f,,,,,
2026-09-12T16:56:07-05:00,PUR_IED_RamonSub_planta_51b82,PUR_IED_RamonSub_planta_51b82,,,,,
2026-09-12T16:56:07-05:00,PUR_IED_RepBoliVene_Exter_27af7c,PUR_IED_RepBoliVene_Exter_27af7c,,,,,
2026-09-12T16:56:07-05:00,PUR_IED_RepBoliVene_SCPT_5ae2ee,PUR_IED_RepBoliVene_SCPT_5ae2ee,,,,,
2026-09-12T16:56:07-05:00,PUR_IED_RepBoliVene_Socia_4b11d5,PUR_IED_RepBoliVene_Socia_4b11d5,,,,,
2026-09-12T16:56:07-05:00,PUR_IED_RepChina_Ext_76d9ee,PUR_IED_RepChina_Ext_76d9ee,,,,,
2026-09-12T16:56:07-05:00,PUR_IED_RepChina_S404_7c804c,PUR_IED_RepChina_S404_7c804c,,,,,
2026-09-12T16:56:07-05:00,PUR_IED_RepChina_S405_df2c33,PUR_IED_RepChina_S405_df2c33,,,,,
2026-09-12T16:56:07-05:00,PUR_IED_RepublicaC_Exteri_7d1ec9,PUR_IED_RepublicaC_Exteri_7d1ec9,,,,,
2026-09-12T16:56:07-05:00,PUR_IED_RepublicaC_S1101_f544b3,PUR_IED_RepublicaC_S1101_f544b3,,,,,
2026-09-12T16:56:07-05:00,PUR_IED_RepublicaC_S1102_7aafc7,PUR_IED_RepublicaC_S1102_7aafc7,,,,,
2026-09-12T16:56:07-05:00,PUR_IED_Ricaurte_Externo_a0ea1,PUR_IED_Ricaurte_Externo_a0ea1,,,,,
2026-09-12T16:56:07-05:00,PUR_IED_Ricaurte_S210_f546fd,PUR_IED_Ricaurte_S210_f546fd,,,,,
2026-09-12T16:56:07-05:00,PUR_IED_Ricaurte_S309_d4452,PUR_IED_Ricaurte_S309_d4452,,,,,
2026-09-12T16:56:07-05:00,PUR_IED_RogelioS_1102_531e69,PUR_IED_RogelioS_1102_531e69,,,,,
2026-09-12T16:56:07-05:00,PUR_IED_RogelioS_Ext_f25a18,PUR_IED_RogelioS_Ext_f25a18,,,,,
2026-09-12T16:56:07-05:00,PUR_IED_SBernardino_Ext_27aff8,PUR_IED_SBernardino_Ext_27aff8,,,,,
2026-09-12T16:56:07-05:00,PUR_IED_SBernardino_SArte_2ffd33,PUR_IED_SBernardino_SArte_2ffd33,,,,,
2026-09-12T16:56:07-05:00,PUR_IED_SBernardino_SIngl_7c7da5,PUR_IED_SBernardino_SIngl_7c7da5,,,,,
2026-09-12T16:56:07-05:00,PUR_IED_Sago_auditorio_dc9d1d,PUR_IED_Sago_auditorio_dc9d1d,,,,,
2026-09-12T16:56:07-05:00,PUR_IED_Saludcoop_Ext_95aac3,PUR_IED_Saludcoop_Ext_95aac3,,,,,
2026-09-12T16:56:07-05:00,PUR_IED_Saludcoop_InfI_90c854,PUR_IED_Saludcoop_InfI_90c854,,,,,
2026-09-12T16:56:07-05:00,PUR_IED_Saludcoop_SMedia_1b93be,PUR_IED_Saludcoop_SMedia_1b93be,,,,,
2026-09-12T16:56:07-05:00,PUR_IED_SanCarlos_1101_1a2360,PUR_IED_SanCarlos_1101_1a2360,,,,,
2026-09-12T16:56:07-05:00,PUR_IED_SanCarlos_1103_7bafb5,PUR_IED_SanCarlos_1103_7bafb5,,,,,
2026-09-12T16:56:07-05:00,PUR_IED_SanCarlos_Ext_b7cd1,PUR_IED_SanCarlos_Ext_b7cd1,,,,,
2026-09-12T16:56:07-05:00,PUR_IED_SanIgnacioBosa11a_50c26e,PUR_IED_SanIgnacioBosa11a_50c26e,,,,,
2026-09-12T16:56:07-05:00,PUR_IED_SanIgnacioBosa11b_371de8,PUR_IED_SanIgnacioBosa11b_371de8,,,,,
2026-09-12T16:56:07-05:00,PUR_IED_SanIgnacioBosaExt_ef0ffc,PUR_IED_SanIgnacioBosaExt_ef0ffc,,,,,
2026-09-12T16:56:07-05:00,PUR_IED_SanIgnacioBosa_11a_50c26e,PUR_IED_SanIgnacioBosa_11a_50c26e,,,,,
2026-09-12T16:56:07-05:00,PUR_IED_SanIgnacioBosa_Ext_ef0ffc,PUR_IED_SanIgnacioBosa_Ext_ef0ffc,,,,,
2026-09-12T16:56:07-05:00,PUR_IED_SanJoseN_intS1101_31c47f,PUR_IED_SanJoseN_intS1101_31c47f,,,,,
2026-09-12T16:56:07-05:00,PUR_IED_SanJoseUsm_Exter_f5d7e8,PUR_IED_SanJoseUsm_Exter_f5d7e8,,,,,
2026-09-12T16:56:07-05:00,PUR_IED_SanJoseUsm_Int11A_cfdef6,PUR_IED_SanJoseUsm_Int11A_cfdef6,,,,,
2026-09-12T16:56:07-05:00,PUR_IED_SilveriaR_IntB5_905349,PUR_IED_SilveriaR_IntB5_905349,,,,,
2026-09-12T16:56:07-05:00,PUR_IED_SilveriaR_IntSD14_981f93,PUR_IED_SilveriaR_IntSD14_981f93,,,,,
2026-09-12T16:56:07-05:00,PUR_IED_SilveriaR_ext_2b651d,PUR_IED_SilveriaR_ext_2b651d,,,,,
2026-09-12T16:56:07-05:00,PUR_IED_SimonB_Exterior_913975,PUR_IED_SimonB_Exterior_913975,,,,,
2026-09-12T16:56:07-05:00,PUR_IED_SimonB_LabQuimi_c56908,PUR_IED_SimonB_LabQuimi_c56908,,,,,
2026-09-12T16:56:07-05:00,PUR_IED_SimonB_informatic_a28c1,PUR_IED_SimonB_informatic_a28c1,,,,,
2026-09-12T16:56:07-05:00,PUR_IED_Sorrento_1102_315f50,PUR_IED_Sorrento_1102_315f50,,,,,
2026-09-12T16:56:07-05:00,PUR_IED_Sorrento_Minte_214eab,PUR_IED_Sorrento_Minte_214eab,,,,,
2026-09-12T16:56:07-05:00,PUR_IED_Sorrento_ext_7c3a0a,PUR_IED_Sorrento_ext_7c3a0a,,,,,
2026-09-12T16:56:07-05:00,PUR_IED_Tabora_Ext_f048ae,PUR_IED_Tabora_Ext_f048ae,,,,,
2026-09-12T16:56:07-05:00,PUR_IED_Tabora_S1102_b07752,PUR_IED_Tabora_S1102_b07752,,,,,
2026-09-12T16:56:07-05:00,PUR_IED_Tabora_S1103_d988f5,PUR_IED_Tabora_S1103_d988f5,,,,,
2026-09-12T16:56:07-05:00,PUR_IED_Tenerife_Ext_1ab188,PUR_IED_Tenerife_Ext_1ab188,,,,,
2026-09-12T16:56:07-05:00,PUR_IED_Tenerife_SDanzas_7bc02e,PUR_IED_Tenerife_SDanzas_7bc02e,,,,,
2026-09-12T16:56:07-05:00,PUR_IED_Tenerife_SIngles_7cc277,PUR_IED_Tenerife_SIngles_7cc277,,,,,
2026-09-12T16:56:07-05:00,PUR_IED_Tibabuyes_Exter_f2683d,PUR_IED_Tibabuyes_Exter_f2683d,,,,,
2026-09-12T16:56:07-05:00,PUR_IED_Tibabuyes_S10_dc87a8,PUR_IED_Tibabuyes_S10_dc87a8,,,,,
2026-09-12T16:56:07-05:00,PUR_IED_Tibabuyes_S15_dc0526,PUR_IED_Tibabuyes_S15_dc0526,,,,,
2026-09-12T16:56:07-05:00,PUR_IED_UnionE_S301_a1043,PUR_IED_UnionE_S301_a1043,,,,,
2026-09-12T16:56:07-05:00,PUR_IED_UnionE_S307_ff6c2f,PUR_IED_UnionE_S307_ff6c2f,,,,,
2026-09-12T16:56:07-05:00,PUR_IED_UnionE__Ext_5e2468,PUR_IED_UnionE__Ext_5e2468,,,,,
2026-09-12T16:56:07-05:00,PUR_IED_VillaRica_Ext_75be7c,PUR_IED_VillaRica_Ext_75be7c,,,,,
2026-09-12T16:56:07-05:00,PUR_IED_VillaRica_S4_cc5dcd,PUR_IED_VillaRica_S4_cc5dcd,,,,,
2026-09-12T16:56:07-05:00,PUR_IED_VillaRica_Sesp_99f5c,PUR_IED_VillaRica_Sesp_99f5c,,,,,
2026-09-12T17:01:15-05:00,PUR_IED_20deJulio_1101_91b1b9,PUR_IED_20deJulio_1101_91b1b9,,,,,
2026-09-12T17:01:15-05:00,PUR_IED_20deJulio_1102_1cfcf9,PUR_IED_20deJulio_1102_1cfcf9,,,,,
2026-09-12T17:01:15-05:00,PUR_IED_20deJulio_Ext_ab60bd,PUR_IED_20deJulio_Ext_ab60bd,,,,,
2026-09-12T17:01:15-05:00,PUR_IED_AgustinFer_Ext_7b9b77,PUR_IED_AgustinFer_Ext_7b9b77,,,,,
2026-09-12T17:01:15-05:00,PUR_IED_AgustinFer_Info2_27b3a7,PUR_IED_AgustinFer_Info2_27b3a7,,,,,
2026-09-12T17:01:15-05:00,PUR_IED_AgustinFer_Sena_54b4eb,PUR_IED_AgustinFer_Sena_54b4eb,,,,,
2026-09-12T17:01:15-05:00,PUR_IED_AlexanderF_1102_caf07b,PUR_IED_AlexanderF_1102_caf07b,,,,,
2026-09-12T17:01:15-05:00,PUR_IED_AlexanderF_1103_c79e71,PUR_IED_AlexanderF_1103_c79e71,,,,,
2026-09-12T17:01:15-05:00,PUR_IED_AlexanderF_Ext_c5b18b,PUR_IED_AlexanderF_Ext_c5b18b,,,,,
2026-09-12T17:01:15-05:00,PUR_IED_AlfonsoLopez_Ext_281d77,PUR_IED_AlfonsoLopez_Ext_281d77,,,,,
2026-09-12T17:01:15-05:00,PUR_IED_AlfonsoLopez_LabF_888ce0,PUR_IED_AlfonsoLopez_LabF_888ce0,,,,,
2026-09-12T17:01:15-05:00,PUR_IED_AlfonsoLopez_SMed_df6a7f,PUR_IED_AlfonsoLopez_SMed_df6a7f,,,,,
2026-09-12T17:01:15-05:00,PUR_IED_AltamiraSO_A2_209f92,PUR_IED_AltamiraSO_A2_209f92,,,,,
2026-09-12T17:01:15-05:00,PUR_IED_AltamiraSO_Ext_186d66,PUR_IED_AltamiraSO_Ext_186d66,,,,,
2026-09-12T17:01:15-05:00,PUR_IED_AltamiraSO_Sistem_27afe1,PUR_IED_AltamiraSO_Sistem_27afe1,,,,,
2026-09-12T17:01:15-05:00,PUR_IED_AlvaroGom_LabQuim_813179,PUR_IED_AlvaroGom_LabQuim_813179,,,,,
2026-09-12T17:01:15-05:00,PUR_IED_AlvaroGomez_Ext_47c7ca,PUR_IED_AlvaroGomez_Ext_47c7ca,,,,,
2026-09-12T17:01:15-05:00,PUR_IED_AlvaroGomez_LabQuim_813179,PUR_IED_AlvaroGomez_LabQuim_813179,,,,,
2026-09-12T17:01:15-05:00,PUR_IED_AlvaroGomez_S23_7ba89f,PUR_IED_AlvaroGomez_S23_7ba89f,,,,,
2026-09-12T17:01:15-05:00,PUR_IED_Amistad_306_dc8728,PUR_IED_Amistad_306_dc8728,,,,,
2026-09-12T17:01:15-05:00,PUR_IED_Amistad_Ext_8cd55e,PUR_IED_Amistad_Ext_8cd55e,,,,,
2026-09-12T17:01:15-05:00,PUR_IED_Amistad_S202_a41169,PUR_IED_Amistad_S202_a41169,,,,,
2026-09-12T17:01:15-05:00,PUR_IED_AndresBello_Bio_fd5f5e,PUR_IED_AndresBello_Bio_fd5f5e,,,,,
2026-09-12T17:01:15-05:00,PUR_IED_AndresBello_ext_dcad65,PUR_IED_AndresBello_ext_dcad65,,,,,
2026-09-12T17:01:15-05:00,PUR_IED_AndresBello_port_eed3ec,PUR_IED_AndresBello_port_eed3ec,,,,,
2026-09-12T17:01:15-05:00,PUR_IED_AngelaR_11b_d90a6b,PUR_IED_AngelaR_11b_d90a6b,,,,,
2026-09-12T17:01:15-05:00,PUR_IED_AngelaR_ext_7cad3e,PUR_IED_AngelaR_ext_7cad3e,3,20,60,4.5825,-74.164497
2026-09-12T17:01:15-05:00,PUR_IED_AntJoseSucre_10mo_df2575,PUR_IED_AntJoseSucre_10mo_df2575,,,,,
2026-09-12T17:01:15-05:00,PUR_IED_AntJoseSucre_Ext_215b36,PUR_IED_AntJoseSucre_Ext_215b36,,,,,
2026-09-12T17:01:15-05:00,PUR_IED_AntJoseSucre_Lab_3139de,PUR_IED_AntJoseSucre_Lab_3139de,,,,,
2026-09-12T17:01:15-05:00,PUR_IED_AntonioGarcia_301_d6b188,PUR_IED_AntonioGarcia_301_d6b188,,,,,
2026-09-12T17:01:15-05:00,PUR_IED_AntonioGarcia_302_88a82,PUR_IED_AntonioGarcia_302_88a82,,,,,
2026-09-12T17:01:15-05:00,PUR_IED_AntonioGarcia_Ext_20950c,PUR_IED_AntonioGarcia_Ext_20950c,,,,,
2026-09-12T17:01:15-05:00,PUR_IED_AntonioVan_Aula2_6dea02,PUR_IED_AntonioVan_Aula2_6dea02,,,,,
2026-09-12T17:01:15-05:00,PUR_IED_AntonioVan_Aula5_f1557e,PUR_IED_AntonioVan_Aula5_f1557e,,,,,
2026-09-12T17:01:15-05:00,PUR_IED_AntonioVan_Ext_406f2f,PUR_IED_AntonioVan_Ext_406f2f,,,,,
2026-09-12T17:01:15-05:00,PUR_IED_Atabanzha_Ext_cc5af9,PUR_IED_Atabanzha_Ext_cc5af9,,,,,
2026-09-12T17:01:15-05:00,PUR_IED_Atabanzha_SA101_56c37,PUR_IED_Atabanzha_SA101_56c37,,,,,
2026-09-12T17:01:15-05:00,PUR_IED_Atabanzha_SB302_27b374,PUR_IED_Atabanzha_SB302_27b374,,,,,
2026-09-12T17:01:15-05:00,PUR_IED_Atahualpa_Ext_fc1748,PUR_IED_Atahualpa_Ext_fc1748,,,,,
2026-09-12T17:01:15-05:00,PUR_IED_Atahualpa_Informa_dc9a95,PUR_IED_Atahualpa_Informa_dc9a95,,,,,
2026-09-12T17:01:15-05:00,PUR_IED_Atahualpa_S1101_f98056,PUR_IED_Atahualpa_S1101_f98056,,,,,
2026-09-12T17:01:15-05:00,PUR_IED_Bellavista_Ext_f5aa74,PUR_IED_Bellavista_Ext_f5aa74,,,,,
2026-09-12T17:01:15-05:00,PUR_IED_Bilbao_11A_916c41,PUR_IED_Bilbao_11A_916c41,,,,,
2026-09-12T17:01:15-05:00,PUR_IED_Bilbao_Ext_fb579a,PUR_IED_Bilbao_Ext_fb579a,,,,,
2026-09-12T17:01:15-05:00,PUR_IED_BrasiliaU_A125_304280,PUR_IED_BrasiliaU_A125_304280,,,,,
2026-09-12T17:01:15-05:00,PUR_IED_BrasiliaU_A203_7c8ca5,PUR_IED_BrasiliaU_A203_7c8ca5,,,,,
2026-09-12T17:01:15-05:00,PUR_IED_BrasiliaU_Ext_8d6e9f,PUR_IED_BrasiliaU_Ext_8d6e9f,4,20,59,4.5175,-74.116302
2026-09-12T17:01:15-05:00,PUR_IED_Brasilia_Ext_fe6593,PUR_IED_Brasilia_Ext_fe6593,,,,,
2026-09-12T17:01:15-05:00,PUR_IED_Brasilia_S24_7c130d,PUR_IED_Brasilia_S24_7c130d,,,,,
2026-09-12T17:01:15-05:00,PUR_IED_Brasilia_S501_186a54,PUR_IED_Brasilia_S501_186a54,,,,,
2026-09-12T17:01:15-05:00,PUR_IED_CHARRY_EXT_f1d5cd,PUR_IED_CHARRY_EXT_f1d5cd,,,,,
2026-09-12T17:01:15-05:00,PUR_IED_CHARRY_INTDANZAS_7a08e6,PUR_IED_CHARRY_INTDANZAS_7a08e6,,,,,
2026-09-12T17:01:15-05:00,PUR_IED_CHARRY_INT_AULA20_dc998d,PUR_IED_CHARRY_INT_AULA20_dc998d,,,,,
2026-09-12T17:01:15-05:00,PUR_IED_COLVIV_1101_S25_7f520a,PUR_IED_COLVIV_1101_S25_7f520a,,,,,
2026-09-12T17:01:15-05:00,PUR_IED_COLVIV_1102_S16_f570ba,PUR_IED_COLVIV_1102_S16_f570ba,,,,,
2026-09-12T17:01:15-05:00,PUR_IED_COLVIV_Ext_1a26fa,PUR_IED_COLVIV_Ext_1a26fa,,,,,
2026-09-12T17:01:15-05:00,PUR_IED_CULPOP_301A_f660f3,PUR_IED_CULPOP_301A_f660f3,,,,,
2026-09-12T17:01:15-05:00,PUR_IED_CULPOP_303_568afe,PUR_IED_CULPOP_303_568afe,,,,,
2026-09-12T17:01:15-05:00,PUR_IED_CULPOP_Ext_e02ccb,PUR_IED_CULPOP_Ext_e02ccb,,,,,
2026-09-12T17:01:15-05:00,PUR_IED_CVillavicen_Ext_26eb58,PUR_IED_CVillavicen_Ext_26eb58,7,17,78,4.487,-74.102798
2026-09-12T17:01:15-05:00,PUR_IED_CVillavicen_Intel_1ce5c2,PUR_IED_CVillavicen_Intel_1ce5c2,,,,,
2026-09-12T17:01:15-05:00,PUR_IED_CVillavicen_Poliv_e0766c,PUR_IED_CVillavicen_Poliv_e0766c,,,,,
2026-09-12T17:01:15-05:00,PUR_IED_CVillavicen_int_1ba140,PUR_IED_CVillavicen_int_1ba140,,,,,
2026-09-12T17:01:15-05:00,PUR_IED_CVillavicen_intel_1ba140,PUR_IED_CVillavicen_intel_1ba140,,,,,
2026-09-12T17:01:15-05:00,PUR_IED_CarlosPizarro_Ext_e307cc,PUR_IED_CarlosPizarro_Ext_e307cc,,,,,
2026-09-12T17:01:15-05:00,PUR_IED_CarlosPizarro_L36_7e5cdb,PUR_IED_CarlosPizarro_L36_7e5cdb,,,,,
2026-09-12T17:01:15-05:00,PUR_IED_CarlosPizarro_L37_c8566c,PUR_IED_CarlosPizarro_L37_c8566c,,,,,
2026-09-12T17:01:15-05:00,PUR_IED_Castilla_Ext_cf35f,PUR_IED_Castilla_Ext_cf35f,,,,,
2026-09-12T17:01:15-05:00,PUR_IED_Castilla_SFisik_360e38,PUR_IED_Castilla_SFisik_360e38,,,,,
2026-09-12T17:01:15-05:00,PUR_IED_Castilla_Sc304_496fbf,PUR_IED_Castilla_Sc304_496fbf,,,,,
2026-09-12T17:01:15-05:00,PUR_IED_CervantesSa_Ext_6b57b,PUR_IED_CervantesSa_Ext_6b57b,3,19,66,4.5128,-74.117203
2026-09-12T17:01:15-05:00,PUR_IED_CervantesSa_S107_225c2b,PUR_IED_CervantesSa_S107_225c2b,,,,,
2026-09-12T17:01:15-05:00,PUR_IED_CervantesSa_S108_940925,PUR_IED_CervantesSa_S108_940925,,,,,
2026-09-12T17:01:15-05:00,PUR_IED_Charry_A20_f53e7c,PUR_IED_Charry_A20_f53e7c,,,,,
2026-09-12T17:01:15-05:00,PUR_IED_Charry_Ext_f1d5cd,PUR_IED_Charry_Ext_f1d5cd,,,,,
2026-09-12T17:01:15-05:00,PUR_IED_Charry_IntAula20_dc998d,PUR_IED_Charry_IntAula20_dc998d,,,,,
2026-09-12T17:01:15-05:00,PUR_IED_Charry_IntDanzas_7a08e6,PUR_IED_Charry_IntDanzas_7a08e6,,,,,
2026-09-12T17:01:15-05:00,PUR_IED_ClememciaC_203_43e2fc,PUR_IED_ClememciaC_203_43e2fc,,,,,
2026-09-12T17:01:15-05:00,PUR_IED_ClememciaC_Ext_1b411a,PUR_IED_ClememciaC_Ext_1b411a,,,,,
2026-09-12T17:01:15-05:00,PUR_IED_ClememciaC_Quimic_44b5fc,PUR_IED_ClememciaC_Quimic_44b5fc,,,,,
2026-09-12T17:01:15-05:00,PUR_IED_ClemenciaC_203_43e2fc,PUR_IED_ClemenciaC_203_43e2fc,,,,,
2026-09-12T17:01:15-05:00,PUR_IED_ClemenciaC_Ext_1b411a,PUR_IED_ClemenciaC_Ext_1b411a,,,,,
2026-09-12T17:01:15-05:00,PUR_IED_ClemenciaC_Quimic_44b5fc,PUR_IED_ClemenciaC_Quimic_44b5fc,,,,,
2026-09-12T17:01:15-05:00,PUR_IED_ColViva_1101_S25_7f520a,PUR_IED_ColViva_1101_S25_7f520a,,,,,
2026-09-12T17:01:15-05:00,PUR_IED_ColViva_1102_S16_f570ba,PUR_IED_ColViva_1102_S16_f570ba,,,,,
2026-09-12T17:01:15-05:00,PUR_IED_ColViva_Ext_1a26fa,PUR_IED_ColViva_Ext_1a26fa,,,,,
2026-09-12T17:01:15-05:00,PUR_IED_ColegioBici_Asist_7c8798,PUR_IED_ColegioBici_Asist_7c8798,,,,,
2026-09-12T17:01:15-05:00,PUR_IED_ColegioBici_Ext_25cbf6,PUR_IED_ColegioBici_Ext_25cbf6,,,,,
2026-09-12T17:01:15-05:00,PUR_IED_ColegioBici_LabQ_7b57db,PUR_IED_ColegioBici_LabQ_7b57db,,,,,
2026-09-12T17:01:15-05:00,PUR_IED_CostaRica_Ext_5e640,PUR_IED_CostaRica_Ext_5e640,,,,,
2026-09-12T17:01:15-05:00,PUR_IED_CostaRica_Quim1_766d1c,PUR_IED_CostaRica_Quim1_766d1c,,,,,
2026-09-12T17:01:15-05:00,PUR_IED_CostaRica__Fisica_6f0873,PUR_IED_CostaRica__Fisica_6f0873,,,,,
2026-09-12T17:01:15-05:00,PUR_IED_CulPopu_301A_f660f3,PUR_IED_CulPopu_301A_f660f3,,,,,
2026-09-12T17:01:15-05:00,PUR_IED_CulPopu_303_568afe,PUR_IED_CulPopu_303_568afe,,,,,
2026-09-12T17:01:15-05:00,PUR_IED_CulPopu_Ext_e02ccb,PUR_IED_CulPopu_Ext_e02ccb,,,,,
2026-09-12T17:01:15-05:00,PUR_IED_Cundinamarca_Ext_f15985,PUR_IED_Cundinamarca_Ext_f15985,,,,,
2026-09-12T17:01:15-05:00,PUR_IED_Cundinamarca_Info_7aa5d7,PUR_IED_Cundinamarca_Info_7aa5d7,,,,,
2026-09-12T17:01:15-05:00,PUR_IED_Cundinamarca_Tec2_f449c7,PUR_IED_Cundinamarca_Tec2_f449c7,,,,,
2026-09-12T17:01:15-05:00,PUR_IED_DiegoM_Aula1_27b314,PUR_IED_DiegoM_Aula1_27b314,,,,,
2026-09-12T17:01:15-05:00,PUR_IED_DiegoM_Ext_d80ac8,PUR_IED_DiegoM_Ext_d80ac8,,,,,
2026-09-12T17:01:15-05:00,PUR_IED_DiegoM_S25_da928f,PUR_IED_DiegoM_S25_da928f,,,,,
2026-09-12T17:01:15-05:00,PUR_IED_ELRODEO_360881,PUR_IED_ELRODEO_360881,,,,,
2026-09-12T17:01:15-05:00,PUR_IED_ELRODEO_ext_360881,PUR_IED_ELRODEO_ext_360881,,,,,
2026-09-12T17:01:15-05:00,PUR_IED_EduardoU_Ext_1c1969,PUR_IED_EduardoU_Ext_1c1969,,,,,
2026-09-12T17:01:15-05:00,PUR_IED_EduardoU_SCiencia_4dfb94,PUR_IED_EduardoU_SCiencia_4dfb94,,,,,
2026-09-12T17:01:15-05:00,PUR_IED_EduardoU_SQuimica_5a46e7,PUR_IED_EduardoU_SQuimica_5a46e7,,,,,
2026-09-12T17:01:15-05:00,PUR_IED_ElRodeo_Aula14_676984,PUR_IED_ElRodeo_Aula14_676984,,,,,
2026-09-12T17:01:15-05:00,PUR_IED_ElRodeo_Aula16_2dd35b,PUR_IED_ElRodeo_Aula16_2dd35b,,,,,
2026-09-12T17:01:15-05:00,PUR_IED_ElRodeo_Ext_360881,PUR_IED_ElRodeo_Ext_360881,,,,,
2026-09-12T17:01:15-05:00,PUR_IED_ElRodeo_Exterior_8c6d28,PUR_IED_ElRodeo_Exterior_8c6d28,,,,,
2026-09-12T17:01:15-05:00,PUR_IED_ElRodeo_ext_360881,PUR_IED_ElRodeo_ext_360881,,,,,
2026-09-12T17:01:15-05:00,PUR_IED_EmmaReyes_Ext_987625,PUR_IED_EmmaReyes_Ext_987625,2,22,50,4.6367,-74.1511
2026-09-12T17:01:15-05:00,PUR_IED_Ensueño_Ext_7f0250,PUR_IED_Ensueño_Ext_7f0250,,,,,
2026-09-12T17:01:15-05:00,PUR_IED_EscNormal_Ext_5fef3b,PUR_IED_EscNormal_Ext_5fef3b,2,21,56,4.5852,-74.096901
2026-09-12T17:01:15-05:00,PUR_IED_EscNormal_S309_5b263,PUR_IED_EscNormal_S309_5b263,,,,,
2026-09-12T17:01:15-05:00,PUR_IED_EscNormal_S310_27b3b8,PUR_IED_EscNormal_S310_27b3b8,,,,,
2026-09-12T17:01:15-05:00,PUR_IED_Evangelista_Conta_f6cd4f,PUR_IED_Evangelista_Conta_f6cd4f,,,,,
2026-09-12T17:01:15-05:00,PUR_IED_Evangelista_Cri_5e16a,PUR_IED_Evangelista_Cri_5e16a,,,,,
2026-09-12T17:01:15-05:00,PUR_IED_Evangelista_Exter_754066,PUR_IED_Evangelista_Exter_754066,,,,,
2026-09-12T17:01:15-05:00,PUR_IED_FMiranda_S209_5cc2a3,PUR_IED_FMiranda_S209_5cc2a3,,,,,
2026-09-12T17:01:15-05:00,PUR_IED_FMiranda_S303_19e344,PUR_IED_FMiranda_S303_19e344,,,,,
2026-09-12T17:01:15-05:00,PUR_IED_FMiranda_ext_f53e7c,PUR_IED_FMiranda_ext_f53e7c,,,,,
2026-09-12T17:01:15-05:00,PUR_IED_FabioLozano_Bibli_1cee05,PUR_IED_FabioLozano_Bibli_1cee05,,,,,
2026-09-12T17:01:15-05:00,PUR_IED_FabioLozano_Ext_6ea285,PUR_IED_FabioLozano_Ext_6ea285,,,,,
2026-09-12T17:01:15-05:00,PUR_IED_FabioLozano_SLudi_f09e1e,PUR_IED_FabioLozano_SLudi_f09e1e,,,,,
2026-09-12T17:01:15-05:00,PUR_IED_FaustinoS_Aula07_27a731,PUR_IED_FaustinoS_Aula07_27a731,,,,,
2026-09-12T17:01:15-05:00,PUR_IED_FaustinoS_Ext_7b936f,PUR_IED_FaustinoS_Ext_7b936f,,,,,
2026-09-12T17:01:15-05:00,PUR_IED_FaustinoS_Fisica_da2c60,PUR_IED_FaustinoS_Fisica_da2c60,,,,,
2026-09-12T17:01:15-05:00,PUR_IED_FeGarciaLo_Ext_dc68ee,PUR_IED_FeGarciaLo_Ext_dc68ee,,,,,
2026-09-12T17:01:15-05:00,PUR_IED_FeGarciaLo_SDanza_f70a59,PUR_IED_FeGarciaLo_SDanza_f70a59,,,,,
2026-09-12T17:01:15-05:00,PUR_IED_FeGarciaLo_SMusic_125cdd,PUR_IED_FeGarciaLo_SMusic_125cdd,,,,,
2026-09-12T17:01:15-05:00,PUR_IED_FederalAlema_Exte_50c345,PUR_IED_FederalAlema_Exte_50c345,,,,,
2026-09-12T17:01:15-05:00,PUR_IED_FederalAlema_S31_f18371,PUR_IED_FederalAlema_S31_f18371,,,,,
2026-09-12T17:01:15-05:00,PUR_IED_FederalAlema_S901_a62cd,PUR_IED_FederalAlema_S901_a62cd,,,,,
2026-09-12T17:01:15-05:00,PUR_IED_FilarmonicaS_A5_f35eb1,PUR_IED_FilarmonicaS_A5_f35eb1,,,,,
2026-09-12T17:01:15-05:00,PUR_IED_FilarmonicaS_Ext_8a3bde,PUR_IED_FilarmonicaS_Ext_8a3bde,,,,,
2026-09-12T17:01:15-05:00,PUR_IED_FilarmonicaS_Spol_406114,PUR_IED_FilarmonicaS_Spol_406114,,,,,
2026-09-12T17:01:15-05:00,PUR_IED_FlorentinoG_A13_d1fa59,PUR_IED_FlorentinoG_A13_d1fa59,,,,,
2026-09-12T17:01:15-05:00,PUR_IED_FlorentinoG_Ext_1ce6ce,PUR_IED_FlorentinoG_Ext_1ce6ce,,,,,
2026-09-12T17:01:15-05:00,PUR_IED_FlorentinoG_Idiom_a66aac,PUR_IED_FlorentinoG_Idiom_a66aac,,,,,
2026-09-12T17:01:15-05:00,PUR_IED_FranciscoMati_Ext_e3869d,PUR_IED_FranciscoMati_Ext_e3869d,,,,,
2026-09-12T17:01:15-05:00,PUR_IED_FranciscoMati_S13_f31c67,PUR_IED_FranciscoMati_S13_f31c67,,,,,
2026-09-12T17:01:15-05:00,PUR_IED_FranciscoMati_S14_97dead,PUR_IED_FranciscoMati_S14_97dead,,,,,
2026-09-12T17:01:15-05:00,PUR_IED_FranciscoPS_Ext_7bfa9a,PUR_IED_FranciscoPS_Ext_7bfa9a,2,22,56,4.5899,-74.110397
2026-09-12T17:01:15-05:00,PUR_IED_FranciscoPS_Infor_fb8f4c,PUR_IED_FranciscoPS_Infor_fb8f4c,,,,,
2026-09-12T17:01:15-05:00,PUR_IED_FranciscoPS_Quimi_94d39c,PUR_IED_FranciscoPS_Quimi_94d39c,,,,,
2026-09-12T17:01:15-05:00,PUR_IED_FranciscoP_LabQ_d7e148,PUR_IED_FranciscoP_LabQ_d7e148,,,,,
2026-09-12T17:01:15-05:00,PUR_IED_FranciscoP_S28_cf9b30,PUR_IED_FranciscoP_S28_cf9b30,,,,,
2026-09-12T17:01:15-05:00,PUR_IED_FranciscoP_ext_e2313,PUR_IED_FranciscoP_ext_e2313,,,,,
2026-09-12T17:01:15-05:00,PUR_IED_FriederichN_Ext_8ac92a,PUR_IED_FriederichN_Ext_8ac92a,,,,,
2026-09-12T17:01:15-05:00,PUR_IED_FriederichN_S301_dd7e5a,PUR_IED_FriederichN_S301_dd7e5a,,,,,
2026-09-12T17:01:15-05:00,PUR_IED_FriederichN_S308_761f4f,PUR_IED_FriederichN_S308_761f4f,,,,,
2026-09-12T17:01:15-05:00,PUR_IED_GSantander_Aula10_533dd7,PUR_IED_GSantander_Aula10_533dd7,,,,,
2026-09-12T17:01:15-05:00,PUR_IED_GSantander_Aula12_fd4e4f,PUR_IED_GSantander_Aula12_fd4e4f,,,,,
2026-09-12T17:01:15-05:00,PUR_IED_GSantander_Aula310_533dd7,PUR_IED_GSantander_Aula310_533dd7,,,,,
2026-09-12T17:01:15-05:00,PUR_IED_GSantander_Aula312_fd4e4f,PUR_IED_GSantander_Aula312_fd4e4f,,,,,
2026-09-12T17:01:15-05:00,PUR_IED_GSantander_Ext_5f66b0,PUR_IED_GSantander_Ext_5f66b0,,,,,
2026-09-12T17:01:15-05:00,PUR_IED_GYomasa_Ext_f6bea5,PUR_IED_GYomasa_Ext_f6bea5,,,,,
2026-09-12T17:01:15-05:00,PUR_IED_GYomasa_LBiol_2c41aa,PUR_IED_GYomasa_LBiol_2c41aa,,,,,
2026-09-12T17:01:15-05:00,PUR_IED_GYomasa_LQuim_33c80,PUR_IED_GYomasa_LQuim_33c80,,,,,
2026-09-12T17:01:15-05:00,PUR_IED_GabBetMejia_Cienc_5a99c,PUR_IED_GabBetMejia_Cienc_5a99c,,,,,
2026-09-12T17:01:15-05:00,PUR_IED_GabBetMejia_Ext_9153d0,PUR_IED_GabBetMejia_Ext_9153d0,,,,,
2026-09-12T17:01:15-05:00,PUR_IED_GabBetMejia_Lab_f55347,PUR_IED_GabBetMejia_Lab_f55347,,,,,
2026-09-12T17:01:15-05:00,PUR_IED_GabBetanMejia_Ext_9153d0,PUR_IED_GabBetanMejia_Ext_9153d0,,,,,
2026-09-12T17:01:15-05:00,PUR_IED_Gaitana_Aula13_7aac11,PUR_IED_Gaitana_Aula13_7aac11,,,,,
2026-09-12T17:01:15-05:00,PUR_IED_Gaitana_Ext_5fcf4,PUR_IED_Gaitana_Ext_5fcf4,,,,,
2026-09-12T17:01:15-05:00,PUR_IED_Gaitana_LabFisica_644448,PUR_IED_Gaitana_LabFisica_644448,,,,,
2026-09-12T17:01:15-05:00,PUR_IED_GenSantander_Dise_8ac858,PUR_IED_GenSantander_Dise_8ac858,,,,,
2026-09-12T17:01:15-05:00,PUR_IED_GenSantander_Ext_8d5dfe,PUR_IED_GenSantander_Ext_8d5dfe,,,,,
2026-09-12T17:01:15-05:00,PUR_IED_GenSantander_Info_6c25b,PUR_IED_GenSantander_Info_6c25b,,,,,
2026-09-12T17:01:15-05:00,PUR_IED_GustavoMo_Exterio_75e63d,PUR_IED_GustavoMo_Exterio_75e63d,,,,,
2026-09-12T17:01:15-05:00,PUR_IED_GustavoMo_LabFisi_224d37,PUR_IED_GustavoMo_LabFisi_224d37,,,,,
2026-09-12T17:01:15-05:00,PUR_IED_GustavoMo_S208_3e6918,PUR_IED_GustavoMo_S208_3e6918,,,,,
2026-09-12T17:01:15-05:00,PUR_IED_GustavoR_A02_8cd4a8,PUR_IED_GustavoR_A02_8cd4a8,,,,,
2026-09-12T17:01:15-05:00,PUR_IED_GustavoR_B11_5b0ed,PUR_IED_GustavoR_B11_5b0ed,,,,,
2026-09-12T17:01:15-05:00,PUR_IED_GustavoR_Ext_7a0c90,PUR_IED_GustavoR_Ext_7a0c90,,,,,
2026-09-12T17:01:15-05:00,PUR_IED_HernandoDuran_Ext_8cd82b,PUR_IED_HernandoDuran_Ext_8cd82b,,,,,
2026-09-12T17:01:15-05:00,PUR_IED_HernandoDuran_S24_2772c6,PUR_IED_HernandoDuran_S24_2772c6,,,,,
2026-09-12T17:01:15-05:00,PUR_IED_HernandoDuran_S30_f2de41,PUR_IED_HernandoDuran_S30_f2de41,,,,,
2026-09-12T17:01:15-05:00,PUR_IED_HolguInUr_S1101_8cd732,PUR_IED_HolguInUr_S1101_8cd732,,,,,
2026-09-12T17:01:15-05:00,PUR_IED_HolguinUr_Exter_ddae6d,PUR_IED_HolguinUr_Exter_ddae6d,,,,,
2026-09-12T17:01:15-05:00,PUR_IED_HolguinUr_LabQuim_92b952,PUR_IED_HolguinUr_LabQuim_92b952,,,,,
2026-09-12T17:01:15-05:00,PUR_IED_Isabel-II_Ext_5245cc,PUR_IED_Isabel-II_Ext_5245cc,3,20,57,4.6336,-74.153
2026-09-12T17:01:15-05:00,PUR_IED_Isabel-II_S_idiom_1c29aa,PUR_IED_Isabel-II_S_idiom_1c29aa,,,,,
2026-09-12T17:01:15-05:00,PUR_IED_Isabel-II_S_infor_fd741,PUR_IED_Isabel-II_S_infor_fd741,,,,,
2026-09-12T17:01:15-05:00,PUR_IED_IsidroSur_Exterio_5b90ea,PUR_IED_IsidroSur_Exterio_5b90ea,,,,,
2026-09-12T17:01:15-05:00,PUR_IED_IsidroSur_LabTec_56697a,PUR_IED_IsidroSur_LabTec_56697a,,,,,
2026-09-12T17:01:15-05:00,PUR_IED_IsidroSur_Robotic_b7c38f,PUR_IED_IsidroSur_Robotic_b7c38f,,,,,
2026-09-12T17:01:15-05:00,PUR_IED_IsmaelPerd_Ext_7b6672,PUR_IED_IsmaelPerd_Ext_7b6672,,,,,
2026-09-12T17:01:15-05:00,PUR_IED_IsmaelPerd_Inform_306540,PUR_IED_IsmaelPerd_Inform_306540,,,,,
2026-09-12T17:01:15-05:00,PUR_IED_IsmaelPerd_S30_2e2c83,PUR_IED_IsmaelPerd_S30_2e2c83,,,,,
2026-09-12T17:01:15-05:00,PUR_IED_JLozano_Exter_432910,PUR_IED_JLozano_Exter_432910,,,,,
2026-09-12T17:01:15-05:00,PUR_IED_JLozano_salaMulti_df5125,PUR_IED_JLozano_salaMulti_df5125,,,,,
2026-09-12T17:01:15-05:00,PUR_IED_JMCordoba_206_86f80b,PUR_IED_JMCordoba_206_86f80b,,,,,
2026-09-12T17:01:15-05:00,PUR_IED_JMCordoba_Ext_27ad97,PUR_IED_JMCordoba_Ext_27ad97,,,,,
2026-09-12T17:01:15-05:00,PUR_IED_JMCordoba_S310_d59ab4,PUR_IED_JMCordoba_S310_d59ab4,,,,,
2026-09-12T17:01:15-05:00,PUR_IED_Japon_Ext_549100,PUR_IED_Japon_Ext_549100,,,,,
2026-09-12T17:01:15-05:00,PUR_IED_Japon_Laboratorio_bec51d,PUR_IED_Japon_Laboratorio_bec51d,,,,,
2026-09-12T17:01:15-05:00,PUR_IED_Japon_informatica_d99327,PUR_IED_Japon_informatica_d99327,,,,,
2026-09-12T17:01:15-05:00,PUR_IED_Jazmin_Ext_d27bda,PUR_IED_Jazmin_Ext_d27bda,,,,,
2026-09-12T17:01:15-05:00,PUR_IED_Jazmin_Fisica_8d14d7,PUR_IED_Jazmin_Fisica_8d14d7,,,,,
2026-09-12T17:01:15-05:00,PUR_IED_Jazmin_Quimica_801cb5,PUR_IED_Jazmin_Quimica_801cb5,,,,,
2026-09-12T17:01:15-05:00,PUR_IED_JorgeGaitan_Exter_f098d1,PUR_IED_JorgeGaitan_Exter_f098d1,,,,,
2026-09-12T17:01:15-05:00,PUR_IED_JorgeGaitan_STec1_dc9d1d,PUR_IED_JorgeGaitan_STec1_dc9d1d,,,,,
2026-09-12T17:01:15-05:00,PUR_IED_JorgeGaitan_STec2_281e69,PUR_IED_JorgeGaitan_STec2_281e69,,,,,
2026-09-12T17:01:15-05:00,PUR_IED_JorgeSoto_Exterio_d9d0a2,PUR_IED_JorgeSoto_Exterio_d9d0a2,,,,,
2026-09-12T17:01:15-05:00,PUR_IED_JorgeSoto_LabFisi_209c54,PUR_IED_JorgeSoto_LabFisi_209c54,,,,,
2026-09-12T17:01:15-05:00,PUR_IED_JorgeSoto_S103_27b51a,PUR_IED_JorgeSoto_S103_27b51a,,,,,
2026-09-12T17:01:15-05:00,PUR_IED_JoseAcevedo_A02_e965eb,PUR_IED_JoseAcevedo_A02_e965eb,,,,,
2026-09-12T17:01:15-05:00,PUR_IED_JoseAcevedo_A07_dd5b4,PUR_IED_JoseAcevedo_A07_dd5b4,,,,,
2026-09-12T17:01:15-05:00,PUR_IED_JoseAcevedo_Ext_b47484,PUR_IED_JoseAcevedo_Ext_b47484,,,,,
2026-09-12T17:01:15-05:00,PUR_IED_JoseMarti_Exte_5b9bf,PUR_IED_JoseMarti_Exte_5b9bf,,,,,
2026-09-12T17:01:15-05:00,PUR_IED_JoseMarti_LabQuim_1c6c2d,PUR_IED_JoseMarti_LabQuim_1c6c2d,,,,,
2026-09-12T17:01:15-05:00,PUR_IED_JoseMarti_S_info_f5f177,PUR_IED_JoseMarti_S_info_f5f177,,,,,
2026-09-12T17:01:15-05:00,PUR_IED_Josejoaquin_Ext_dfc5dc,PUR_IED_Josejoaquin_Ext_dfc5dc,,,,,
2026-09-12T17:01:15-05:00,PUR_IED_Josejoaquin_S05_5b2a96,PUR_IED_Josejoaquin_S05_5b2a96,,,,,
2026-09-12T17:01:15-05:00,PUR_IED_Josejoaquin_S06_1ce7d2,PUR_IED_Josejoaquin_S06_1ce7d2,,,,,
2026-09-12T17:01:15-05:00,PUR_IED_JulioFlorez_Danza_9b82dd,PUR_IED_JulioFlorez_Danza_9b82dd,,,,,
2026-09-12T17:01:15-05:00,PUR_IED_JulioFlorez_Exter_f9f314,PUR_IED_JulioFlorez_Exter_f9f314,,,,,
2026-09-12T17:01:15-05:00,PUR_IED_JulioFlorez_info2_6b6e08,PUR_IED_JulioFlorez_info2_6b6e08,,,,,
2026-09-12T17:01:15-05:00,PUR_IED_LaBelleza_Aula13_1d00d8,PUR_IED_LaBelleza_Aula13_1d00d8,,,,,
2026-09-12T17:01:15-05:00,PUR_IED_LaBelleza_Ext_7bc08c,PUR_IED_LaBelleza_Ext_7bc08c,,,,,
2026-09-12T17:01:15-05:00,PUR_IED_LaChucua_Ext_8cd6d2,PUR_IED_LaChucua_Ext_8cd6d2,,,,,
2026-09-12T17:01:15-05:00,PUR_IED_LaChucua_S15_f578ce,PUR_IED_LaChucua_S15_f578ce,,,,,
2026-09-12T17:01:15-05:00,PUR_IED_LaChucua_S16_eebcf9,PUR_IED_LaChucua_S16_eebcf9,,,,,
2026-09-12T17:01:15-05:00,PUR_IED_LaFelicidad_Ext_fb5109,PUR_IED_LaFelicidad_Ext_fb5109,,,,,
2026-09-12T17:01:15-05:00,PUR_IED_LaMerced_206_66ebd,PUR_IED_LaMerced_206_66ebd,,,,,
2026-09-12T17:01:15-05:00,PUR_IED_LaMerced_207_6ebd6,PUR_IED_LaMerced_207_6ebd6,,,,,
2026-09-12T17:01:15-05:00,PUR_IED_LaMerced_ext_304311,PUR_IED_LaMerced_ext_304311,,,,,
2026-09-12T17:01:15-05:00,PUR_IED_Laureano_CiencNat_281e5e,PUR_IED_Laureano_CiencNat_281e5e,,,,,
2026-09-12T17:01:15-05:00,PUR_IED_Laureano_Comedor_f65c0a,PUR_IED_Laureano_Comedor_f65c0a,,,,,
2026-09-12T17:01:15-05:00,PUR_IED_Laureano_Exterior_7ab011,PUR_IED_Laureano_Exterior_7ab011,,,,,
2026-09-12T17:01:15-05:00,PUR_IED_LeonGreiff_Exte_dfe560,PUR_IED_LeonGreiff_Exte_dfe560,,,,,
2026-09-12T17:01:15-05:00,PUR_IED_LeonGreiff_S210_f264ed,PUR_IED_LeonGreiff_S210_f264ed,,,,,
2026-09-12T17:01:15-05:00,PUR_IED_LeonGreiff_SQuimi_e8296f,PUR_IED_LeonGreiff_SQuimi_e8296f,,,,,
2026-09-12T17:01:15-05:00,PUR_IED_LlanoOrientalS208_7b9fcd,PUR_IED_LlanoOrientalS208_7b9fcd,,,,,
2026-09-12T17:01:15-05:00,PUR_IED_LlanoOriental_Ext_fb3766,PUR_IED_LlanoOriental_Ext_fb3766,,,,,
2026-09-12T17:01:15-05:00,PUR_IED_LlanoOriental_S208_7b9fcd,PUR_IED_LlanoOriental_S208_7b9fcd,,,,,
2026-09-12T17:01:15-05:00,PUR_IED_LlanoOriental_S9_27b378,PUR_IED_LlanoOriental_S9_27b378,,,,,
2026-09-12T17:01:15-05:00,PUR_IED_LosTejares_1101_477602,PUR_IED_LosTejares_1101_477602,,,,,
2026-09-12T17:01:15-05:00,PUR_IED_LosTejares_11_d2c595,PUR_IED_LosTejares_11_d2c595,,,,,
2026-09-12T17:01:15-05:00,PUR_IED_LosTejares_12_477602,PUR_IED_LosTejares_12_477602,,,,,
2026-09-12T17:01:15-05:00,PUR_IED_LosTejares_Ext_8e2115,PUR_IED_LosTejares_Ext_8e2115,,,,,
2026-09-12T17:01:15-05:00,PUR_IED_MagdalenaO_B202_5ddda3,PUR_IED_MagdalenaO_B202_5ddda3,,,,,
2026-09-12T17:01:15-05:00,PUR_IED_MagdalenaO_B205_fb76e8,PUR_IED_MagdalenaO_B205_fb76e8,,,,,
2026-09-12T17:01:15-05:00,PUR_IED_MagdalenaO_ext_dc69cd,PUR_IED_MagdalenaO_ext_dc69cd,,,,,
2026-09-12T17:01:15-05:00,PUR_IED_ManueCepeda_artes_eee956,PUR_IED_ManueCepeda_artes_eee956,,,,,
2026-09-12T17:01:15-05:00,PUR_IED_ManuelCepeda_Ext_58313,PUR_IED_ManuelCepeda_Ext_58313,,,,,
2026-09-12T17:01:15-05:00,PUR_IED_ManuelCepeda_tec_1c5731,PUR_IED_ManuelCepeda_tec_1c5731,,,,,
2026-09-12T17:01:15-05:00,PUR_IED_ManuelS_Exterior_5b269,PUR_IED_ManuelS_Exterior_5b269,,,,,
2026-09-12T17:01:15-05:00,PUR_IED_ManuelS_Inform_f369ce,PUR_IED_ManuelS_Inform_f369ce,,,,,
2026-09-12T17:01:15-05:00,PUR_IED_ManuelS_SArtes_7d15f1,PUR_IED_ManuelS_SArtes_7d15f1,,,,,
2026-09-12T17:01:15-05:00,PUR_IED_ManuelZapata_303_3ca6,PUR_IED_ManuelZapata_303_3ca6,,,,,
2026-09-12T17:01:15-05:00,PUR_IED_ManuelZapata_311_bfbabc,PUR_IED_ManuelZapata_311_bfbabc,,,,,
2026-09-12T17:01:15-05:00,PUR_IED_ManuelZapata_Ext_50824a,PUR_IED_ManuelZapata_Ext_50824a,,,,,
2026-09-12T17:01:15-05:00,PUR_IED_ManuelitaS_Exteri_656a92,PUR_IED_ManuelitaS_Exteri_656a92,,,,,
2026-09-12T17:01:15-05:00,PUR_IED_ManuelitaS_JuzgDe_f58ec3,PUR_IED_ManuelitaS_JuzgDe_f58ec3,,,,,
2026-09-12T17:01:15-05:00,PUR_IED_ManuelitaS_Recrea_d793db,PUR_IED_ManuelitaS_Recrea_d793db,,,,,
2026-09-12T17:01:15-05:00,PUR_IED_MarFidSuarez_Ext_c27b19,PUR_IED_MarFidSuarez_Ext_c27b19,,,,,
2026-09-12T17:01:15-05:00,PUR_IED_MarFidSuarez_Info_e384d7,PUR_IED_MarFidSuarez_Info_e384d7,,,,,
2026-09-12T17:01:15-05:00,PUR_IED_MarFidSuarez_S306_1d0032,PUR_IED_MarFidSuarez_S306_1d0032,,,,,
2026-09-12T17:01:15-05:00,PUR_IED_Menorah_301_2a25a3,PUR_IED_Menorah_301_2a25a3,,,,,
2026-09-12T17:01:15-05:00,PUR_IED_Menorah_306_37ed3,PUR_IED_Menorah_306_37ed3,,,,,
2026-09-12T17:01:15-05:00,PUR_IED_Menorah_Ext_3e155b,PUR_IED_Menorah_Ext_3e155b,,,,,
2026-09-12T17:01:15-05:00,PUR_IED_MinutoB.Aires_A11_1b1604,PUR_IED_MinutoB.Aires_A11_1b1604,,,,,
2026-09-12T17:01:15-05:00,PUR_IED_MinutoB.Aires_A12_fb5860,PUR_IED_MinutoB.Aires_A12_fb5860,,,,,
2026-09-12T17:01:15-05:00,PUR_IED_MinutoB.Aires_Ext_81293f,PUR_IED_MinutoB.Aires_Ext_81293f,,,,,
2026-09-12T17:01:15-05:00,PUR_IED_MinutoBAires_A11_1b1604,PUR_IED_MinutoBAires_A11_1b1604,,,,,
2026-09-12T17:01:15-05:00,PUR_IED_MinutoBAires_A12_fb5860,PUR_IED_MinutoBAires_A12_fb5860,,,,,
2026-09-12T17:01:15-05:00,PUR_IED_MinutoBAires_Ext_81293f,PUR_IED_MinutoBAires_Ext_81293f,,,,,
2026-09-12T17:01:15-05:00,PUR_IED_Montreal_Aula10_1e4959,PUR_IED_Montreal_Aula10_1e4959,,,,,
2026-09-12T17:01:15-05:00,PUR_IED_Montreal_Aula6_300367,PUR_IED_Montreal_Aula6_300367,,,,,
2026-09-12T17:01:15-05:00,PUR_IED_Montreal_Exterior_91a179,PUR_IED_Montreal_Exterior_91a179,,,,,
2026-09-12T17:01:15-05:00,PUR_IED_Mqgdalena_B202_5ddda3,PUR_IED_Mqgdalena_B202_5ddda3,,,,,
2026-09-12T17:01:15-05:00,PUR_IED_NACUND_Soc_dc8728,PUR_IED_NACUND_Soc_dc8728,,,,,
2026-09-12T17:01:15-05:00,PUR_IED_NACUND_ext_27ad97,PUR_IED_NACUND_ext_27ad97,,,,,
2026-09-12T17:01:15-05:00,PUR_IED_NEsperanza_Ext_d24b61,PUR_IED_NEsperanza_Ext_d24b61,,,,,
2026-09-12T17:01:15-05:00,PUR_IED_NEsperanza_SElect_7d1807,PUR_IED_NEsperanza_SElect_7d1807,,,,,
2026-09-12T17:01:15-05:00,PUR_IED_NEsperanza_SLabor_8b2d0a,PUR_IED_NEsperanza_SLabor_8b2d0a,,,,,
2026-09-12T17:01:15-05:00,PUR_IED_NacionesU_Ext_f661a9,PUR_IED_NacionesU_Ext_f661a9,,,,,
2026-09-12T17:01:15-05:00,PUR_IED_NacionesU_Quimica_66f0a,PUR_IED_NacionesU_Quimica_66f0a,,,,,
2026-09-12T17:01:15-05:00,PUR_IED_NacionesU_S306_1b4b3d,PUR_IED_NacionesU_S306_1b4b3d,,,,,
2026-09-12T17:01:15-05:00,PUR_IED_NestorFA_Ext_e4201c,PUR_IED_NestorFA_Ext_e4201c,,,,,
2026-09-12T17:01:15-05:00,PUR_IED_NestorFA_Laborato_f22fe0,PUR_IED_NestorFA_Laborato_f22fe0,,,,,
2026-09-12T17:01:15-05:00,PUR_IED_NestorFA_S204_dee996,PUR_IED_NestorFA_S204_dee996,,,,,
2026-09-12T17:01:15-05:00,PUR_IED_NidyaQT_Aula03_76999b,PUR_IED_NidyaQT_Aula03_76999b,,,,,
2026-09-12T17:01:15-05:00,PUR_IED_NidyaQT_Aula10_56325,PUR_IED_NidyaQT_Aula10_56325,,,,,
2026-09-12T17:01:15-05:00,PUR_IED_NidyaQT_Ext_46e32d,PUR_IED_NidyaQT_Ext_46e32d,,,,,
2026-09-12T17:01:15-05:00,PUR_IED_NuevaCol_Exterior_d9b859,PUR_IED_NuevaCol_Exterior_d9b859,,,,,
2026-09-12T17:01:15-05:00,PUR_IED_NuevaCol_S1101_76c43b,PUR_IED_NuevaCol_S1101_76c43b,,,,,
2026-09-12T17:01:15-05:00,PUR_IED_NuevaCol_S1102_1ce0b5,PUR_IED_NuevaCol_S1102_1ce0b5,,,,,
2026-09-12T17:01:15-05:00,PUR_IED_OEA_A202_f7e3f2,PUR_IED_OEA_A202_f7e3f2,,,,,
2026-09-12T17:01:15-05:00,PUR_IED_OEA_A203_7d1b8d,PUR_IED_OEA_A203_7d1b8d,,,,,
2026-09-12T17:01:15-05:00,PUR_IED_OEA_Ext_27b593,PUR_IED_OEA_Ext_27b593,,,,,
2026-09-12T17:01:15-05:00,PUR_IED_Ochoa_Ext_1c29da,PUR_IED_Ochoa_Ext_1c29da,,,,,
2026-09-12T17:01:15-05:00,PUR_IED_Ochoa_S205_8b1121,PUR_IED_Ochoa_S205_8b1121,,,,,
2026-09-12T17:01:15-05:00,PUR_IED_Ochoa_Sistemas_f33af6,PUR_IED_Ochoa_Sistemas_f33af6,,,,,
2026-09-12T17:01:15-05:00,PUR_IED_PQuebec_Ext_1c67c7,PUR_IED_PQuebec_Ext_1c67c7,,,,,
2026-09-12T17:01:15-05:00,PUR_IED_PQuebec_S15_23e8e2,PUR_IED_PQuebec_S15_23e8e2,,,,,
2026-09-12T17:01:15-05:00,PUR_IED_PQuebec_S16_8ec76b,PUR_IED_PQuebec_S16_8ec76b,,,,,
2026-09-12T17:01:15-05:00,PUR_IED_PabloN_Ext_49dc96,PUR_IED_PabloN_Ext_49dc96,,,,,
2026-09-12T17:01:15-05:00,PUR_IED_PabloN_S1102_4e3df5,PUR_IED_PabloN_S1102_4e3df5,,,,,
2026-09-12T17:01:15-05:00,PUR_IED_PabloN_S1103_50c94b,PUR_IED_PabloN_S1103_50c94b,,,,,
2026-09-12T17:01:15-05:00,PUR_IED_Palestina_S1101_db9198,PUR_IED_Palestina_S1101_db9198,,,,,
2026-09-12T17:01:15-05:00,PUR_IED_Palestina_S1102_dc54fa,PUR_IED_Palestina_S1102_dc54fa,,,,,
2026-09-12T17:01:15-05:00,PUR_IED_Palestina_ext_4ccce6,PUR_IED_Palestina_ext_4ccce6,,,,,
2026-09-12T17:01:15-05:00,PUR_IED_Panama_Fisica_4d0794,PUR_IED_Panama_Fisica_4d0794,,,,,
2026-09-12T17:01:15-05:00,PUR_IED_Panama_SIngles_a4077e,PUR_IED_Panama_SIngles_a4077e,,,,,
2026-09-12T17:01:15-05:00,PUR_IED_Panama_ext_4c54b4,PUR_IED_Panama_ext_4c54b4,,,,,
2026-09-12T17:01:15-05:00,PUR_IED_ParaisoM_Exterior_8cd7f0,PUR_IED_ParaisoM_Exterior_8cd7f0,,,,,
2026-09-12T17:01:15-05:00,PUR_IED_ParaisoM_Laborato_27af35,PUR_IED_ParaisoM_Laborato_27af35,,,,,
2026-09-12T17:01:15-05:00,PUR_IED_ParaisoM_S304_d1edca,PUR_IED_ParaisoM_S304_d1edca,,,,,
2026-09-12T17:01:15-05:00,PUR_IED_PorfirioBarba_Ext_301466,PUR_IED_PorfirioBarba_Ext_301466,,,,,
2026-09-12T17:01:15-05:00,PUR_IED_PorfirioBarba_S11_df6cd2,PUR_IED_PorfirioBarba_S11_df6cd2,,,,,
2026-09-12T17:01:15-05:00,PUR_IED_PorfirioBarba_S29_27a7d6,PUR_IED_PorfirioBarba_S29_27a7d6,,,,,
2026-09-12T17:01:15-05:00,PUR_IED_PradoV_Exter_8b27ad,PUR_IED_PradoV_Exter_8b27ad,,,,,
2026-09-12T17:01:15-05:00,PUR_IED_PradoV_S301_de65b5,PUR_IED_PradoV_S301_de65b5,,,,,
2026-09-12T17:01:15-05:00,PUR_IED_PradoV_S302_7d2593,PUR_IED_PradoV_S302_7d2593,,,,,
2026-09-12T17:01:15-05:00,PUR_IED_QuirogaAlz_Ext_1ddc82,PUR_IED_QuirogaAlz_Ext_1ddc82,,,,,
2026-09-12T17:01:15-05:00,PUR_IED_QuirogaAlz_S302_9926a3,PUR_IED_QuirogaAlz_S302_9926a3,,,,,
2026-09-12T17:01:15-05:00,PUR_IED_QuirogaAlz_S305_cdf1f1,PUR_IED_QuirogaAlz_S305_cdf1f1,,,,,
2026-09-12T17:01:15-05:00,PUR_IED_RGuatemala_Biling_dc53b7,PUR_IED_RGuatemala_Biling_dc53b7,,,,,
2026-09-12T17:01:15-05:00,PUR_IED_RGuatemala_Ext_1b89a3,PUR_IED_RGuatemala_Ext_1b89a3,,,,,
2026-09-12T17:01:15-05:00,PUR_IED_RGuatemala_Tecnol_281a34,PUR_IED_RGuatemala_Tecnol_281a34,,,,,
2026-09-12T17:01:15-05:00,PUR_IED_RafaNu_Ext_f7c302,PUR_IED_RafaNu_Ext_f7c302,,,,,
2026-09-12T17:01:15-05:00,PUR_IED_RafaNu_S1101_25fde,PUR_IED_RafaNu_S1101_25fde,,,,,
2026-09-12T17:01:15-05:00,PUR_IED_RafaNu_S1102_281517,PUR_IED_RafaNu_S1102_281517,,,,,
2026-09-12T17:01:15-05:00,PUR_IED_RafaelB_S305_ee2783,PUR_IED_RafaelB_S305_ee2783,,,,,
2026-09-12T17:01:15-05:00,PUR_IED_RafaelB_S306_75fe33,PUR_IED_RafaelB_S306_75fe33,,,,,
2026-09-12T17:01:15-05:00,PUR_IED_RafaelB_ext_283336,PUR_IED_RafaelB_ext_283336,2,19,62,4.6722,-74.0737
2026-09-12T17:01:15-05:00,PUR_IED_RafaelUU_Exterior_281a51,PUR_IED_RafaelUU_Exterior_281a51,,,,,
2026-09-12T17:01:15-05:00,PUR_IED_RafaelUU_Human_806b2,PUR_IED_RafaelUU_Human_806b2,,,,,
2026-09-12T17:01:15-05:00,PUR_IED_RafaelUU_Mate2_5680d4,PUR_IED_RafaelUU_Mate2_5680d4,,,,,
2026-09-12T17:01:15-05:00,PUR_IED_RamonSub_Ext_f9eeb9,PUR_IED_RamonSub_Ext_f9eeb9,,,,,
2026-09-12T17:01:15-05:00,PUR_IED_RamonSub_Media_d1f62f,PUR_IED_RamonSub_Media_d1f62f,,,,,
2026-09-12T17:01:15-05:00,PUR_IED_RamonSub_planta_51b82,PUR_IED_RamonSub_planta_51b82,,,,,
2026-09-12T17:01:15-05:00,PUR_IED_RepBoliVene_Exter_27af7c,PUR_IED_RepBoliVene_Exter_27af7c,,,,,
2026-09-12T17:01:15-05:00,PUR_IED_RepBoliVene_SCPT_5ae2ee,PUR_IED_RepBoliVene_SCPT_5ae2ee,,,,,
2026-09-12T17:01:15-05:00,PUR_IED_RepBoliVene_Socia_4b11d5,PUR_IED_RepBoliVene_Socia_4b11d5,,,,,
2026-09-12T17:01:15-05:00,PUR_IED_RepChina_Ext_76d9ee,PUR_IED_RepChina_Ext_76d9ee,,,,,
2026-09-12T17:01:15-05:00,PUR_IED_RepChina_S404_7c804c,PUR_IED_RepChina_S404_7c804c,,,,,
2026-09-12T17:01:15-05:00,PUR_IED_RepChina_S405_df2c33,PUR_IED_RepChina_S405_df2c33,,,,,
2026-09-12T17:01:15-05:00,PUR_IED_RepublicaC_Exteri_7d1ec9,PUR_IED_RepublicaC_Exteri_7d1ec9,,,,,
2026-09-12T17:01:15-05:00,PUR_IED_RepublicaC_S1101_f544b3,PUR_IED_RepublicaC_S1101_f544b3,,,,,
2026-09-12T17:01:15-05:00,PUR_IED_RepublicaC_S1102_7aafc7,PUR_IED_RepublicaC_S1102_7aafc7,,,,,
2026-09-12T17:01:15-05:00,PUR_IED_Ricaurte_Externo_a0ea1,PUR_IED_Ricaurte_Externo_a0ea1,,,,,
2026-09-12T17:01:15-05:00,PUR_IED_Ricaurte_S210_f546fd,PUR_IED_Ricaurte_S210_f546fd,,,,,
2026-09-12T17:01:15-05:00,PUR_IED_Ricaurte_S309_d4452,PUR_IED_Ricaurte_S309_d4452,,,,,
2026-09-12T17:01:15-05:00,PUR_IED_RogelioS_1102_531e69,PUR_IED_RogelioS_1102_531e69,,,,,
2026-09-12T17:01:15-05:00,PUR_IED_RogelioS_Ext_f25a18,PUR_IED_RogelioS_Ext_f25a18,,,,,
2026-09-12T17:01:15-05:00,PUR_IED_SBernardino_Ext_27aff8,PUR_IED_SBernardino_Ext_27aff8,,,,,
2026-09-12T17:01:15-05:00,PUR_IED_SBernardino_SArte_2ffd33,PUR_IED_SBernardino_SArte_2ffd33,,,,,
2026-09-12T17:01:15-05:00,PUR_IED_SBernardino_SIngl_7c7da5,PUR_IED_SBernardino_SIngl_7c7da5,,,,,
2026-09-12T17:01:15-05:00,PUR_IED_Sago_auditorio_dc9d1d,PUR_IED_Sago_auditorio_dc9d1d,,,,,
2026-09-12T17:01:15-05:00,PUR_IED_Saludcoop_Ext_95aac3,PUR_IED_Saludcoop_Ext_95aac3,,,,,
2026-09-12T17:01:15-05:00,PUR_IED_Saludcoop_InfI_90c854,PUR_IED_Saludcoop_InfI_90c854,,,,,
2026-09-12T17:01:15-05:00,PUR_IED_Saludcoop_SMedia_1b93be,PUR_IED_Saludcoop_SMedia_1b93be,,,,,
2026-09-12T17:01:15-05:00,PUR_IED_SanCarlos_1101_1a2360,PUR_IED_SanCarlos_1101_1a2360,,,,,
2026-09-12T17:01:15-05:00,PUR_IED_SanCarlos_1103_7bafb5,PUR_IED_SanCarlos_1103_7bafb5,,,,,
2026-09-12T17:01:15-05:00,PUR_IED_SanCarlos_Ext_b7cd1,PUR_IED_SanCarlos_Ext_b7cd1,,,,,
2026-09-12T17:01:15-05:00,PUR_IED_SanIgnacioBosa11a_50c26e,PUR_IED_SanIgnacioBosa11a_50c26e,,,,,
2026-09-12T17:01:15-05:00,PUR_IED_SanIgnacioBosa11b_371de8,PUR_IED_SanIgnacioBosa11b_371de8,,,,,
2026-09-12T17:01:15-05:00,PUR_IED_SanIgnacioBosaExt_ef0ffc,PUR_IED_SanIgnacioBosaExt_ef0ffc,,,,,
2026-09-12T17:01:15-05:00,PUR_IED_SanIgnacioBosa_11a_50c26e,PUR_IED_SanIgnacioBosa_11a_50c26e,,,,,
2026-09-12T17:01:15-05:00,PUR_IED_SanIgnacioBosa_Ext_ef0ffc,PUR_IED_SanIgnacioBosa_Ext_ef0ffc,,,,,
2026-09-12T17:01:15-05:00,PUR_IED_SanJoseN_intS1101_31c47f,PUR_IED_SanJoseN_intS1101_31c47f,,,,,
2026-09-12T17:01:15-05:00,PUR_IED_SanJoseUsm_Exter_f5d7e8,PUR_IED_SanJoseUsm_Exter_f5d7e8,,,,,
2026-09-12T17:01:15-05:00,PUR_IED_SanJoseUsm_Int11A_cfdef6,PUR_IED_SanJoseUsm_Int11A_cfdef6,,,,,
2026-09-12T17:01:15-05:00,PUR_IED_SilveriaR_IntB5_905349,PUR_IED_SilveriaR_IntB5_905349,,,,,
2026-09-12T17:01:15-05:00,PUR_IED_SilveriaR_IntSD14_981f93,PUR_IED_SilveriaR_IntSD14_981f93,,,,,
2026-09-12T17:01:15-05:00,PUR_IED_SilveriaR_ext_2b651d,PUR_IED_SilveriaR_ext_2b651d,,,,,
2026-09-12T17:01:15-05:00,PUR_IED_SimonB_Exterior_913975,PUR_IED_SimonB_Exterior_913975,,,,,
2026-09-12T17:01:15-05:00,PUR_IED_SimonB_LabQuimi_c56908,PUR_IED_SimonB_LabQuimi_c56908,,,,,
2026-09-12T17:01:15-05:00,PUR_IED_SimonB_informatic_a28c1,PUR_IED_SimonB_informatic_a28c1,,,,,
2026-09-12T17:01:15-05:00,PUR_IED_Sorrento_1102_315f50,PUR_IED_Sorrento_1102_315f50,,,,,
2026-09-12T17:01:15-05:00,PUR_IED_Sorrento_Minte_214eab,PUR_IED_Sorrento_Minte_214eab,,,,,
2026-09-12T17:01:15-05:00,PUR_IED_Sorrento_ext_7c3a0a,PUR_IED_Sorrento_ext_7c3a0a,,,,,
2026-09-12T17:01:15-05:00,PUR_IED_Tabora_Ext_f048ae,PUR_IED_Tabora_Ext_f048ae,,,,,
2026-09-12T17:01:15-05:00,PUR_IED_Tabora_S1102_b07752,PUR_IED_Tabora_S1102_b07752,,,,,
2026-09-12T17:01:15-05:00,PUR_IED_Tabora_S1103_d988f5,PUR_IED_Tabora_S1103_d988f5,,,,,
2026-09-12T17:01:15-05:00,PUR_IED_Tenerife_Ext_1ab188,PUR_IED_Tenerife_Ext_1ab188,,,,,
2026-09-12T17:01:15-05:00,PUR_IED_Tenerife_SDanzas_7bc02e,PUR_IED_Tenerife_SDanzas_7bc02e,,,,,
2026-09-12T17:01:15-05:00,PUR_IED_Tenerife_SIngles_7cc277,PUR_IED_Tenerife_SIngles_7cc277,,,,,
2026-09-12T17:01:15-05:00,PUR_IED_Tibabuyes_Exter_f2683d,PUR_IED_Tibabuyes_Exter_f2683d,,,,,
2026-09-12T17:01:15-05:00,PUR_IED_Tibabuyes_S10_dc87a8,PUR_IED_Tibabuyes_S10_dc87a8,,,,,
2026-09-12T17:01:15-05:00,PUR_IED_Tibabuyes_S15_dc0526,PUR_IED_Tibabuyes_S15_dc0526,,,,,
2026-09-12T17:01:15-05:00,PUR_IED_UnionE_S301_a1043,PUR_IED_UnionE_S301_a1043,,,,,
2026-09-12T17:01:15-05:00,PUR_IED_UnionE_S307_ff6c2f,PUR_IED_UnionE_S307_ff6c2f,,,,,
2026-09-12T17:01:15-05:00,PUR_IED_UnionE__Ext_5e2468,PUR_IED_UnionE__Ext_5e2468,,,,,
2026-09-12T17:01:15-05:00,PUR_IED_VillaRica_Ext_75be7c,PUR_IED_VillaRica_Ext_75be7c,,,,,
2026-09-12T17:01:15-05:00,PUR_IED_VillaRica_S4_cc5dcd,PUR_IED_VillaRica_S4_cc5dcd,,,,,
2026-09-12T17:01:15-05:00,PUR_IED_VillaRica_Sesp_99f5c,PUR_IED_VillaRica_Sesp_99f5c,,,,,
2026-09-12T17:06:11-05:00,PUR_IED_20deJulio_1101_91b1b9,PUR_IED_20deJulio_1101_91b1b9,,,,,
2026-09-12T17:06:11-05:00,PUR_IED_20deJulio_1102_1cfcf9,PUR_IED_20deJulio_1102_1cfcf9,,,,,
2026-09-12T17:06:11-05:00,PUR_IED_20deJulio_Ext_ab60bd,PUR_IED_20deJulio_Ext_ab60bd,,,,,
2026-09-12T17:06:11-05:00,PUR_IED_AgustinFer_Ext_7b9b77,PUR_IED_AgustinFer_Ext_7b9b77,,,,,
2026-09-12T17:06:11-05:00,PUR_IED_AgustinFer_Info2_27b3a7,PUR_IED_AgustinFer_Info2_27b3a7,,,,,
2026-09-12T17:06:11-05:00,PUR_IED_AgustinFer_Sena_54b4eb,PUR_IED_AgustinFer_Sena_54b4eb,,,,,
2026-09-12T17:06:11-05:00,PUR_IED_AlexanderF_1102_caf07b,PUR_IED_AlexanderF_1102_caf07b,,,,,
2026-09-12T17:06:11-05:00,PUR_IED_AlexanderF_1103_c79e71,PUR_IED_AlexanderF_1103_c79e71,,,,,
2026-09-12T17:06:11-05:00,PUR_IED_AlexanderF_Ext_c5b18b,PUR_IED_AlexanderF_Ext_c5b18b,,,,,
2026-09-12T17:06:11-05:00,PUR_IED_AlfonsoLopez_Ext_281d77,PUR_IED_AlfonsoLopez_Ext_281d77,,,,,
2026-09-12T17:06:11-05:00,PUR_IED_AlfonsoLopez_LabF_888ce0,PUR_IED_AlfonsoLopez_LabF_888ce0,,,,,
2026-09-12T17:06:11-05:00,PUR_IED_AlfonsoLopez_SMed_df6a7f,PUR_IED_AlfonsoLopez_SMed_df6a7f,,,,,
2026-09-12T17:06:11-05:00,PUR_IED_AltamiraSO_A2_209f92,PUR_IED_AltamiraSO_A2_209f92,,,,,
2026-09-12T17:06:11-05:00,PUR_IED_AltamiraSO_Ext_186d66,PUR_IED_AltamiraSO_Ext_186d66,,,,,
2026-09-12T17:06:11-05:00,PUR_IED_AltamiraSO_Sistem_27afe1,PUR_IED_AltamiraSO_Sistem_27afe1,,,,,
2026-09-12T17:06:11-05:00,PUR_IED_AlvaroGom_LabQuim_813179,PUR_IED_AlvaroGom_LabQuim_813179,,,,,
2026-09-12T17:06:11-05:00,PUR_IED_AlvaroGomez_Ext_47c7ca,PUR_IED_AlvaroGomez_Ext_47c7ca,,,,,
2026-09-12T17:06:11-05:00,PUR_IED_AlvaroGomez_LabQuim_813179,PUR_IED_AlvaroGomez_LabQuim_813179,,,,,
2026-09-12T17:06:11-05:00,PUR_IED_AlvaroGomez_S23_7ba89f,PUR_IED_AlvaroGomez_S23_7ba89f,,,,,
2026-09-12T17:06:11-05:00,PUR_IED_Amistad_306_dc8728,PUR_IED_Amistad_306_dc8728,,,,,
2026-09-12T17:06:11-05:00,PUR_IED_Amistad_Ext_8cd55e,PUR_IED_Amistad_Ext_8cd55e,,,,,
2026-09-12T17:06:11-05:00,PUR_IED_Amistad_S202_a41169,PUR_IED_Amistad_S202_a41169,,,,,
2026-09-12T17:06:11-05:00,PUR_IED_AndresBello_Bio_fd5f5e,PUR_IED_AndresBello_Bio_fd5f5e,,,,,
2026-09-12T17:06:11-05:00,PUR_IED_AndresBello_ext_dcad65,PUR_IED_AndresBello_ext_dcad65,,,,,
2026-09-12T17:06:11-05:00,PUR_IED_AndresBello_port_eed3ec,PUR_IED_AndresBello_port_eed3ec,,,,,
2026-09-12T17:06:11-05:00,PUR_IED_AngelaR_11b_d90a6b,PUR_IED_AngelaR_11b_d90a6b,,,,,
2026-09-12T17:06:11-05:00,PUR_IED_AngelaR_ext_7cad3e,PUR_IED_AngelaR_ext_7cad3e,2,20,61,4.5825,-74.164497
2026-09-12T17:06:11-05:00,PUR_IED_AntJoseSucre_10mo_df2575,PUR_IED_AntJoseSucre_10mo_df2575,,,,,
2026-09-12T17:06:11-05:00,PUR_IED_AntJoseSucre_Ext_215b36,PUR_IED_AntJoseSucre_Ext_215b36,,,,,
2026-09-12T17:06:11-05:00,PUR_IED_AntJoseSucre_Lab_3139de,PUR_IED_AntJoseSucre_Lab_3139de,,,,,
2026-09-12T17:06:11-05:00,PUR_IED_AntonioGarcia_301_d6b188,PUR_IED_AntonioGarcia_301_d6b188,,,,,
2026-09-12T17:06:11-05:00,PUR_IED_AntonioGarcia_302_88a82,PUR_IED_AntonioGarcia_302_88a82,,,,,
2026-09-12T17:06:11-05:00,PUR_IED_AntonioGarcia_Ext_20950c,PUR_IED_AntonioGarcia_Ext_20950c,,,,,
2026-09-12T17:06:11-05:00,PUR_IED_AntonioVan_Aula2_6dea02,PUR_IED_AntonioVan_Aula2_6dea02,,,,,
2026-09-12T17:06:11-05:00,PUR_IED_AntonioVan_Aula5_f1557e,PUR_IED_AntonioVan_Aula5_f1557e,,,,,
2026-09-12T17:06:11-05:00,PUR_IED_AntonioVan_Ext_406f2f,PUR_IED_AntonioVan_Ext_406f2f,,,,,
2026-09-12T17:06:11-05:00,PUR_IED_Atabanzha_Ext_cc5af9,PUR_IED_Atabanzha_Ext_cc5af9,,,,,
2026-09-12T17:06:11-05:00,PUR_IED_Atabanzha_SA101_56c37,PUR_IED_Atabanzha_SA101_56c37,,,,,
2026-09-12T17:06:11-05:00,PUR_IED_Atabanzha_SB302_27b374,PUR_IED_Atabanzha_SB302_27b374,,,,,
2026-09-12T17:06:11-05:00,PUR_IED_Atahualpa_Ext_fc1748,PUR_IED_Atahualpa_Ext_fc1748,,,,,
2026-09-12T17:06:11-05:00,PUR_IED_Atahualpa_Informa_dc9a95,PUR_IED_Atahualpa_Informa_dc9a95,,,,,
2026-09-12T17:06:11-05:00,PUR_IED_Atahualpa_S1101_f98056,PUR_IED_Atahualpa_S1101_f98056,,,,,
2026-09-12T17:06:11-05:00,PUR_IED_Bellavista_Ext_f5aa74,PUR_IED_Bellavista_Ext_f5aa74,,,,,
2026-09-12T17:06:11-05:00,PUR_IED_Bilbao_11A_916c41,PUR_IED_Bilbao_11A_916c41,,,,,
2026-09-12T17:06:11-05:00,PUR_IED_Bilbao_Ext_fb579a,PUR_IED_Bilbao_Ext_fb579a,,,,,
2026-09-12T17:06:11-05:00,PUR_IED_BrasiliaU_A125_304280,PUR_IED_BrasiliaU_A125_304280,,,,,
2026-09-12T17:06:11-05:00,PUR_IED_BrasiliaU_A203_7c8ca5,PUR_IED_BrasiliaU_A203_7c8ca5,,,,,
2026-09-12T17:06:11-05:00,PUR_IED_BrasiliaU_Ext_8d6e9f,PUR_IED_BrasiliaU_Ext_8d6e9f,5,20,59,4.5175,-74.116302
2026-09-12T17:06:11-05:00,PUR_IED_Brasilia_Ext_fe6593,PUR_IED_Brasilia_Ext_fe6593,,,,,
2026-09-12T17:06:11-05:00,PUR_IED_Brasilia_S24_7c130d,PUR_IED_Brasilia_S24_7c130d,,,,,
2026-09-12T17:06:11-05:00,PUR_IED_Brasilia_S501_186a54,PUR_IED_Brasilia_S501_186a54,,,,,
2026-09-12T17:06:11-05:00,PUR_IED_CHARRY_EXT_f1d5cd,PUR_IED_CHARRY_EXT_f1d5cd,,,,,
2026-09-12T17:06:11-05:00,PUR_IED_CHARRY_INTDANZAS_7a08e6,PUR_IED_CHARRY_INTDANZAS_7a08e6,,,,,
2026-09-12T17:06:11-05:00,PUR_IED_CHARRY_INT_AULA20_dc998d,PUR_IED_CHARRY_INT_AULA20_dc998d,,,,,
2026-09-12T17:06:11-05:00,PUR_IED_COLVIV_1101_S25_7f520a,PUR_IED_COLVIV_1101_S25_7f520a,,,,,
2026-09-12T17:06:11-05:00,PUR_IED_COLVIV_1102_S16_f570ba,PUR_IED_COLVIV_1102_S16_f570ba,,,,,
2026-09-12T17:06:11-05:00,PUR_IED_COLVIV_Ext_1a26fa,PUR_IED_COLVIV_Ext_1a26fa,,,,,
2026-09-12T17:06:11-05:00,PUR_IED_CULPOP_301A_f660f3,PUR_IED_CULPOP_301A_f660f3,,,,,
2026-09-12T17:06:11-05:00,PUR_IED_CULPOP_303_568afe,PUR_IED_CULPOP_303_568afe,,,,,
2026-09-12T17:06:11-05:00,PUR_IED_CULPOP_Ext_e02ccb,PUR_IED_CULPOP_Ext_e02ccb,,,,,
2026-09-12T17:06:11-05:00,PUR_IED_CVillavicen_Ext_26eb58,PUR_IED_CVillavicen_Ext_26eb58,4,16,77,4.487,-74.102798
2026-09-12T17:06:11-05:00,PUR_IED_CVillavicen_Intel_1ce5c2,PUR_IED_CVillavicen_Intel_1ce5c2,,,,,
2026-09-12T17:06:11-05:00,PUR_IED_CVillavicen_Poliv_e0766c,PUR_IED_CVillavicen_Poliv_e0766c,,,,,
2026-09-12T17:06:11-05:00,PUR_IED_CVillavicen_int_1ba140,PUR_IED_CVillavicen_int_1ba140,,,,,
2026-09-12T17:06:11-05:00,PUR_IED_CVillavicen_intel_1ba140,PUR_IED_CVillavicen_intel_1ba140,,,,,
2026-09-12T17:06:11-05:00,PUR_IED_CarlosPizarro_Ext_e307cc,PUR_IED_CarlosPizarro_Ext_e307cc,,,,,
2026-09-12T17:06:11-05:00,PUR_IED_CarlosPizarro_L36_7e5cdb,PUR_IED_CarlosPizarro_L36_7e5cdb,,,,,
2026-09-12T17:06:11-05:00,PUR_IED_CarlosPizarro_L37_c8566c,PUR_IED_CarlosPizarro_L37_c8566c,,,,,
2026-09-12T17:06:11-05:00,PUR_IED_Castilla_Ext_cf35f,PUR_IED_Castilla_Ext_cf35f,,,,,
2026-09-12T17:06:11-05:00,PUR_IED_Castilla_SFisik_360e38,PUR_IED_Castilla_SFisik_360e38,,,,,
2026-09-12T17:06:11-05:00,PUR_IED_Castilla_Sc304_496fbf,PUR_IED_Castilla_Sc304_496fbf,,,,,
2026-09-12T17:06:11-05:00,PUR_IED_CervantesSa_Ext_6b57b,PUR_IED_CervantesSa_Ext_6b57b,3,19,66,4.5128,-74.117203
2026-09-12T17:06:11-05:00,PUR_IED_CervantesSa_S107_225c2b,PUR_IED_CervantesSa_S107_225c2b,,,,,
2026-09-12T17:06:11-05:00,PUR_IED_CervantesSa_S108_940925,PUR_IED_CervantesSa_S108_940925,,,,,
2026-09-12T17:06:11-05:00,PUR_IED_Charry_A20_f53e7c,PUR_IED_Charry_A20_f53e7c,,,,,
2026-09-12T17:06:11-05:00,PUR_IED_Charry_Ext_f1d5cd,PUR_IED_Charry_Ext_f1d5cd,,,,,
2026-09-12T17:06:11-05:00,PUR_IED_Charry_IntAula20_dc998d,PUR_IED_Charry_IntAula20_dc998d,,,,,
2026-09-12T17:06:11-05:00,PUR_IED_Charry_IntDanzas_7a08e6,PUR_IED_Charry_IntDanzas_7a08e6,,,,,
2026-09-12T17:06:11-05:00,PUR_IED_ClememciaC_203_43e2fc,PUR_IED_ClememciaC_203_43e2fc,,,,,
2026-09-12T17:06:11-05:00,PUR_IED_ClememciaC_Ext_1b411a,PUR_IED_ClememciaC_Ext_1b411a,,,,,
2026-09-12T17:06:11-05:00,PUR_IED_ClememciaC_Quimic_44b5fc,PUR_IED_ClememciaC_Quimic_44b5fc,,,,,
2026-09-12T17:06:11-05:00,PUR_IED_ClemenciaC_203_43e2fc,PUR_IED_ClemenciaC_203_43e2fc,,,,,
2026-09-12T17:06:11-05:00,PUR_IED_ClemenciaC_Ext_1b411a,PUR_IED_ClemenciaC_Ext_1b411a,,,,,
2026-09-12T17:06:11-05:00,PUR_IED_ClemenciaC_Quimic_44b5fc,PUR_IED_ClemenciaC_Quimic_44b5fc,,,,,
2026-09-12T17:06:11-05:00,PUR_IED_ColViva_1101_S25_7f520a,PUR_IED_ColViva_1101_S25_7f520a,,,,,
2026-09-12T17:06:11-05:00,PUR_IED_ColViva_1102_S16_f570ba,PUR_IED_ColViva_1102_S16_f570ba,,,,,
2026-09-12T17:06:11-05:00,PUR_IED_ColViva_Ext_1a26fa,PUR_IED_ColViva_Ext_1a26fa,,,,,
2026-09-12T17:06:11-05:00,PUR_IED_ColegioBici_Asist_7c8798,PUR_IED_ColegioBici_Asist_7c8798,,,,,
2026-09-12T17:06:11-05:00,PUR_IED_ColegioBici_Ext_25cbf6,PUR_IED_ColegioBici_Ext_25cbf6,,,,,
2026-09-12T17:06:11-05:00,PUR_IED_ColegioBici_LabQ_7b57db,PUR_IED_ColegioBici_LabQ_7b57db,,,,,
2026-09-12T17:06:11-05:00,PUR_IED_CostaRica_Ext_5e640,PUR_IED_CostaRica_Ext_5e640,,,,,
2026-09-12T17:06:11-05:00,PUR_IED_CostaRica_Quim1_766d1c,PUR_IED_CostaRica_Quim1_766d1c,,,,,
2026-09-12T17:06:11-05:00,PUR_IED_CostaRica__Fisica_6f0873,PUR_IED_CostaRica__Fisica_6f0873,,,,,
2026-09-12T17:06:11-05:00,PUR_IED_CulPopu_301A_f660f3,PUR_IED_CulPopu_301A_f660f3,,,,,
2026-09-12T17:06:11-05:00,PUR_IED_CulPopu_303_568afe,PUR_IED_CulPopu_303_568afe,,,,,
2026-09-12T17:06:11-05:00,PUR_IED_CulPopu_Ext_e02ccb,PUR_IED_CulPopu_Ext_e02ccb,,,,,
2026-09-12T17:06:11-05:00,PUR_IED_Cundinamarca_Ext_f15985,PUR_IED_Cundinamarca_Ext_f15985,,,,,
2026-09-12T17:06:11-05:00,PUR_IED_Cundinamarca_Info_7aa5d7,PUR_IED_Cundinamarca_Info_7aa5d7,,,,,
2026-09-12T17:06:11-05:00,PUR_IED_Cundinamarca_Tec2_f449c7,PUR_IED_Cundinamarca_Tec2_f449c7,,,,,
2026-09-12T17:06:11-05:00,PUR_IED_DiegoM_Aula1_27b314,PUR_IED_DiegoM_Aula1_27b314,,,,,
2026-09-12T17:06:11-05:00,PUR_IED_DiegoM_Ext_d80ac8,PUR_IED_DiegoM_Ext_d80ac8,,,,,
2026-09-12T17:06:11-05:00,PUR_IED_DiegoM_S25_da928f,PUR_IED_DiegoM_S25_da928f,,,,,
2026-09-12T17:06:11-05:00,PUR_IED_ELRODEO_360881,PUR_IED_ELRODEO_360881,,,,,
2026-09-12T17:06:11-05:00,PUR_IED_ELRODEO_ext_360881,PUR_IED_ELRODEO_ext_360881,,,,,
2026-09-12T17:06:11-05:00,PUR_IED_EduardoU_Ext_1c1969,PUR_IED_EduardoU_Ext_1c1969,,,,,
2026-09-12T17:06:11-05:00,PUR_IED_EduardoU_SCiencia_4dfb94,PUR_IED_EduardoU_SCiencia_4dfb94,,,,,
2026-09-12T17:06:11-05:00,PUR_IED_EduardoU_SQuimica_5a46e7,PUR_IED_EduardoU_SQuimica_5a46e7,,,,,
2026-09-12T17:06:11-05:00,PUR_IED_ElRodeo_Aula14_676984,PUR_IED_ElRodeo_Aula14_676984,,,,,
2026-09-12T17:06:11-05:00,PUR_IED_ElRodeo_Aula16_2dd35b,PUR_IED_ElRodeo_Aula16_2dd35b,,,,,
2026-09-12T17:06:11-05:00,PUR_IED_ElRodeo_Ext_360881,PUR_IED_ElRodeo_Ext_360881,,,,,
2026-09-12T17:06:11-05:00,PUR_IED_ElRodeo_Exterior_8c6d28,PUR_IED_ElRodeo_Exterior_8c6d28,,,,,
2026-09-12T17:06:11-05:00,PUR_IED_ElRodeo_ext_360881,PUR_IED_ElRodeo_ext_360881,,,,,
2026-09-12T17:06:11-05:00,PUR_IED_EmmaReyes_Ext_987625,PUR_IED_EmmaReyes_Ext_987625,2,21,50,4.6367,-74.1511
2026-09-12T17:06:11-05:00,PUR_IED_Ensueño_Ext_7f0250,PUR_IED_Ensueño_Ext_7f0250,,,,,
2026-09-12T17:06:11-05:00,PUR_IED_EscNormal_Ext_5fef3b,PUR_IED_EscNormal_Ext_5fef3b,2,21,56,4.5852,-74.096901
2026-09-12T17:06:11-05:00,PUR_IED_EscNormal_S309_5b263,PUR_IED_EscNormal_S309_5b263,,,,,
2026-09-12T17:06:11-05:00,PUR_IED_EscNormal_S310_27b3b8,PUR_IED_EscNormal_S310_27b3b8,,,,,
2026-09-12T17:06:11-05:00,PUR_IED_Evangelista_Conta_f6cd4f,PUR_IED_Evangelista_Conta_f6cd4f,,,,,
2026-09-12T17:06:11-05:00,PUR_IED_Evangelista_Cri_5e16a,PUR_IED_Evangelista_Cri_5e16a,,,,,
2026-09-12T17:06:11-05:00,PUR_IED_Evangelista_Exter_754066,PUR_IED_Evangelista_Exter_754066,,,,,
2026-09-12T17:06:11-05:00,PUR_IED_FMiranda_S209_5cc2a3,PUR_IED_FMiranda_S209_5cc2a3,,,,,
2026-09-12T17:06:11-05:00,PUR_IED_FMiranda_S303_19e344,PUR_IED_FMiranda_S303_19e344,,,,,
2026-09-12T17:06:11-05:00,PUR_IED_FMiranda_ext_f53e7c,PUR_IED_FMiranda_ext_f53e7c,,,,,
2026-09-12T17:06:11-05:00,PUR_IED_FabioLozano_Bibli_1cee05,PUR_IED_FabioLozano_Bibli_1cee05,,,,,
2026-09-12T17:06:11-05:00,PUR_IED_FabioLozano_Ext_6ea285,PUR_IED_FabioLozano_Ext_6ea285,,,,,
2026-09-12T17:06:11-05:00,PUR_IED_FabioLozano_SLudi_f09e1e,PUR_IED_FabioLozano_SLudi_f09e1e,,,,,
2026-09-12T17:06:11-05:00,PUR_IED_FaustinoS_Aula07_27a731,PUR_IED_FaustinoS_Aula07_27a731,,,,,
2026-09-12T17:06:11-05:00,PUR_IED_FaustinoS_Ext_7b936f,PUR_IED_FaustinoS_Ext_7b936f,,,,,
2026-09-12T17:06:11-05:00,PUR_IED_FaustinoS_Fisica_da2c60,PUR_IED_FaustinoS_Fisica_da2c60,,,,,
2026-09-12T17:06:11-05:00,PUR_IED_FeGarciaLo_Ext_dc68ee,PUR_IED_FeGarciaLo_Ext_dc68ee,,,,,
2026-09-12T17:06:11-05:00,PUR_IED_FeGarciaLo_SDanza_f70a59,PUR_IED_FeGarciaLo_SDanza_f70a59,,,,,
2026-09-12T17:06:11-05:00,PUR_IED_FeGarciaLo_SMusic_125cdd,PUR_IED_FeGarciaLo_SMusic_125cdd,,,,,
2026-09-12T17:06:11-05:00,PUR_IED_FederalAlema_Exte_50c345,PUR_IED_FederalAlema_Exte_50c345,,,,,
2026-09-12T17:06:11-05:00,PUR_IED_FederalAlema_S31_f18371,PUR_IED_FederalAlema_S31_f18371,,,,,
2026-09-12T17:06:11-05:00,PUR_IED_FederalAlema_S901_a62cd,PUR_IED_FederalAlema_S901_a62cd,,,,,
2026-09-12T17:06:11-05:00,PUR_IED_FilarmonicaS_A5_f35eb1,PUR_IED_FilarmonicaS_A5_f35eb1,,,,,
2026-09-12T17:06:11-05:00,PUR_IED_FilarmonicaS_Ext_8a3bde,PUR_IED_FilarmonicaS_Ext_8a3bde,,,,,
2026-09-12T17:06:11-05:00,PUR_IED_FilarmonicaS_Spol_406114,PUR_IED_FilarmonicaS_Spol_406114,,,,,
2026-09-12T17:06:11-05:00,PUR_IED_FlorentinoG_A13_d1fa59,PUR_IED_FlorentinoG_A13_d1fa59,,,,,
2026-09-12T17:06:11-05:00,PUR_IED_FlorentinoG_Ext_1ce6ce,PUR_IED_FlorentinoG_Ext_1ce6ce,,,,,
2026-09-12T17:06:11-05:00,PUR_IED_FlorentinoG_Idiom_a66aac,PUR_IED_FlorentinoG_Idiom_a66aac,,,,,
2026-09-12T17:06:11-05:00,PUR_IED_FranciscoMati_Ext_e3869d,PUR_IED_FranciscoMati_Ext_e3869d,,,,,
2026-09-12T17:06:11-05:00,PUR_IED_FranciscoMati_S13_f31c67,PUR_IED_FranciscoMati_S13_f31c67,,,,,
2026-09-12T17:06:11-05:00,PUR_IED_FranciscoMati_S14_97dead,PUR_IED_FranciscoMati_S14_97dead,,,,,
2026-09-12T17:06:11-05:00,PUR_IED_FranciscoPS_Ext_7bfa9a,PUR_IED_FranciscoPS_Ext_7bfa9a,2,21,56,4.5899,-74.110397
2026-09-12T17:06:11-05:00,PUR_IED_FranciscoPS_Infor_fb8f4c,PUR_IED_FranciscoPS_Infor_fb8f4c,,,,,
2026-09-12T17:06:11-05:00,PUR_IED_FranciscoPS_Quimi_94d39c,PUR_IED_FranciscoPS_Quimi_94d39c,,,,,
2026-09-12T17:06:11-05:00,PUR_IED_FranciscoP_LabQ_d7e148,PUR_IED_FranciscoP_LabQ_d7e148,,,,,
2026-09-12T17:06:11-05:00,PUR_IED_FranciscoP_S28_cf9b30,PUR_IED_FranciscoP_S28_cf9b30,,,,,
2026-09-12T17:06:11-05:00,PUR_IED_FranciscoP_ext_e2313,PUR_IED_FranciscoP_ext_e2313,,,,,
2026-09-12T17:06:11-05:00,PUR_IED_FriederichN_Ext_8ac92a,PUR_IED_FriederichN_Ext_8ac92a,,,,,
2026-09-12T17:06:11-05:00,PUR_IED_FriederichN_S301_dd7e5a,PUR_IED_FriederichN_S301_dd7e5a,,,,,
2026-09-12T17:06:11-05:00,PUR_IED_FriederichN_S308_761f4f,PUR_IED_FriederichN_S308_761f4f,,,,,
2026-09-12T17:06:11-05:00,PUR_IED_GSantander_Aula10_533dd7,PUR_IED_GSantander_Aula10_533dd7,,,,,
2026-09-12T17:06:11-05:00,PUR_IED_GSantander_Aula12_fd4e4f,PUR_IED_GSantander_Aula12_fd4e4f,,,,,
2026-09-12T17:06:11-05:00,PUR_IED_GSantander_Aula310_533dd7,PUR_IED_GSantander_Aula310_533dd7,,,,,
2026-09-12T17:06:11-05:00,PUR_IED_GSantander_Aula312_fd4e4f,PUR_IED_GSantander_Aula312_fd4e4f,,,,,
2026-09-12T17:06:11-05:00,PUR_IED_GSantander_Ext_5f66b0,PUR_IED_GSantander_Ext_5f66b0,,,,,
2026-09-12T17:06:11-05:00,PUR_IED_GYomasa_Ext_f6bea5,PUR_IED_GYomasa_Ext_f6bea5,,,,,
2026-09-12T17:06:11-05:00,PUR_IED_GYomasa_LBiol_2c41aa,PUR_IED_GYomasa_LBiol_2c41aa,,,,,
2026-09-12T17:06:11-05:00,PUR_IED_GYomasa_LQuim_33c80,PUR_IED_GYomasa_LQuim_33c80,,,,,
2026-09-12T17:06:11-05:00,PUR_IED_GabBetMejia_Cienc_5a99c,PUR_IED_GabBetMejia_Cienc_5a99c,,,,,
2026-09-12T17:06:11-05:00,PUR_IED_GabBetMejia_Ext_9153d0,PUR_IED_GabBetMejia_Ext_9153d0,,,,,
2026-09-12T17:06:11-05:00,PUR_IED_GabBetMejia_Lab_f55347,PUR_IED_GabBetMejia_Lab_f55347,,,,,
2026-09-12T17:06:11-05:00,PUR_IED_GabBetanMejia_Ext_9153d0,PUR_IED_GabBetanMejia_Ext_9153d0,,,,,
2026-09-12T17:06:11-05:00,PUR_IED_Gaitana_Aula13_7aac11,PUR_IED_Gaitana_Aula13_7aac11,,,,,
2026-09-12T17:06:11-05:00,PUR_IED_Gaitana_Ext_5fcf4,PUR_IED_Gaitana_Ext_5fcf4,,,,,
2026-09-12T17:06:11-05:00,PUR_IED_Gaitana_LabFisica_644448,PUR_IED_Gaitana_LabFisica_644448,,,,,
2026-09-12T17:06:11-05:00,PUR_IED_GenSantander_Dise_8ac858,PUR_IED_GenSantander_Dise_8ac858,,,,,
2026-09-12T17:06:11-05:00,PUR_IED_GenSantander_Ext_8d5dfe,PUR_IED_GenSantander_Ext_8d5dfe,,,,,
2026-09-12T17:06:11-05:00,PUR_IED_GenSantander_Info_6c25b,PUR_IED_GenSantander_Info_6c25b,,,,,
2026-09-12T17:06:11-05:00,PUR_IED_GustavoMo_Exterio_75e63d,PUR_IED_GustavoMo_Exterio_75e63d,,,,,
2026-09-12T17:06:11-05:00,PUR_IED_GustavoMo_LabFisi_224d37,PUR_IED_GustavoMo_LabFisi_224d37,,,,,
2026-09-12T17:06:11-05:00,PUR_IED_GustavoMo_S208_3e6918,PUR_IED_GustavoMo_S208_3e6918,,,,,
2026-09-12T17:06:11-05:00,PUR_IED_GustavoR_A02_8cd4a8,PUR_IED_GustavoR_A02_8cd4a8,,,,,
2026-09-12T17:06:11-05:00,PUR_IED_GustavoR_B11_5b0ed,PUR_IED_GustavoR_B11_5b0ed,,,,,
2026-09-12T17:06:11-05:00,PUR_IED_GustavoR_Ext_7a0c90,PUR_IED_GustavoR_Ext_7a0c90,,,,,
2026-09-12T17:06:11-05:00,PUR_IED_HernandoDuran_Ext_8cd82b,PUR_IED_HernandoDuran_Ext_8cd82b,,,,,
2026-09-12T17:06:11-05:00,PUR_IED_HernandoDuran_S24_2772c6,PUR_IED_HernandoDuran_S24_2772c6,,,,,
2026-09-12T17:06:11-05:00,PUR_IED_HernandoDuran_S30_f2de41,PUR_IED_HernandoDuran_S30_f2de41,,,,,
2026-09-12T17:06:11-05:00,PUR_IED_HolguInUr_S1101_8cd732,PUR_IED_HolguInUr_S1101_8cd732,,,,,
2026-09-12T17:06:11-05:00,PUR_IED_HolguinUr_Exter_ddae6d,PUR_IED_HolguinUr_Exter_ddae6d,,,,,
2026-09-12T17:06:11-05:00,PUR_IED_HolguinUr_LabQuim_92b952,PUR_IED_HolguinUr_LabQuim_92b952,,,,,
2026-09-12T17:06:11-05:00,PUR_IED_Isabel-II_Ext_5245cc,PUR_IED_Isabel-II_Ext_5245cc,2,20,56,4.6336,-74.153
2026-09-12T17:06:11-05:00,PUR_IED_Isabel-II_S_idiom_1c29aa,PUR_IED_Isabel-II_S_idiom_1c29aa,,,,,
2026-09-12T17:06:11-05:00,PUR_IED_Isabel-II_S_infor_fd741,PUR_IED_Isabel-II_S_infor_fd741,,,,,
2026-09-12T17:06:11-05:00,PUR_IED_IsidroSur_Exterio_5b90ea,PUR_IED_IsidroSur_Exterio_5b90ea,,,,,
2026-09-12T17:06:11-05:00,PUR_IED_IsidroSur_LabTec_56697a,PUR_IED_IsidroSur_LabTec_56697a,,,,,
2026-09-12T17:06:11-05:00,PUR_IED_IsidroSur_Robotic_b7c38f,PUR_IED_IsidroSur_Robotic_b7c38f,,,,,
2026-09-12T17:06:11-05:00,PUR_IED_IsmaelPerd_Ext_7b6672,PUR_IED_IsmaelPerd_Ext_7b6672,,,,,
2026-09-12T17:06:11-05:00,PUR_IED_IsmaelPerd_Inform_306540,PUR_IED_IsmaelPerd_Inform_306540,,,,,
2026-09-12T17:06:11-05:00,PUR_IED_IsmaelPerd_S30_2e2c83,PUR_IED_IsmaelPerd_S30_2e2c83,,,,,
2026-09-12T17:06:11-05:00,PUR_IED_JLozano_Exter_432910,PUR_IED_JLozano_Exter_432910,,,,,
2026-09-12T17:06:11-05:00,PUR_IED_JLozano_salaMulti_df5125,PUR_IED_JLozano_salaMulti_df5125,,,,,
2026-09-12T17:06:11-05:00,PUR_IED_JMCordoba_206_86f80b,PUR_IED_JMCordoba_206_86f80b,,,,,
2026-09-12T17:06:11-05:00,PUR_IED_JMCordoba_Ext_27ad97,PUR_IED_JMCordoba_Ext_27ad97,,,,,
2026-09-12T17:06:11-05:00,PUR_IED_JMCordoba_S310_d59ab4,PUR_IED_JMCordoba_S310_d59ab4,,,,,
2026-09-12T17:06:11-05:00,PUR_IED_Japon_Ext_549100,PUR_IED_Japon_Ext_549100,,,,,
2026-09-12T17:06:11-05:00,PUR_IED_Japon_Laboratorio_bec51d,PUR_IED_Japon_Laboratorio_bec51d,,,,,
2026-09-12T17:06:11-05:00,PUR_IED_Japon_informatica_d99327,PUR_IED_Japon_informatica_d99327,,,,,
2026-09-12T17:06:11-05:00,PUR_IED_Jazmin_Ext_d27bda,PUR_IED_Jazmin_Ext_d27bda,,,,,
2026-09-12T17:06:11-05:00,PUR_IED_Jazmin_Fisica_8d14d7,PUR_IED_Jazmin_Fisica_8d14d7,,,,,
2026-09-12T17:06:11-05:00,PUR_IED_Jazmin_Quimica_801cb5,PUR_IED_Jazmin_Quimica_801cb5,,,,,
2026-09-12T17:06:11-05:00,PUR_IED_JorgeGaitan_Exter_f098d1,PUR_IED_JorgeGaitan_Exter_f098d1,,,,,
2026-09-12T17:06:11-05:00,PUR_IED_JorgeGaitan_STec1_dc9d1d,PUR_IED_JorgeGaitan_STec1_dc9d1d,,,,,
2026-09-12T17:06:11-05:00,PUR_IED_JorgeGaitan_STec2_281e69,PUR_IED_JorgeGaitan_STec2_281e69,,,,,
2026-09-12T17:06:11-05:00,PUR_IED_JorgeSoto_Exterio_d9d0a2,PUR_IED_JorgeSoto_Exterio_d9d0a2,,,,,
2026-09-12T17:06:11-05:00,PUR_IED_JorgeSoto_LabFisi_209c54,PUR_IED_JorgeSoto_LabFisi_209c54,,,,,
2026-09-12T17:06:11-05:00,PUR_IED_JorgeSoto_S103_27b51a,PUR_IED_JorgeSoto_S103_27b51a,,,,,
2026-09-12T17:06:11-05:00,PUR_IED_JoseAcevedo_A02_e965eb,PUR_IED_JoseAcevedo_A02_e965eb,,,,,
2026-09-12T17:06:11-05:00,PUR_IED_JoseAcevedo_A07_dd5b4,PUR_IED_JoseAcevedo_A07_dd5b4,,,,,
2026-09-12T17:06:11-05:00,PUR_IED_JoseAcevedo_Ext_b47484,PUR_IED_JoseAcevedo_Ext_b47484,,,,,
2026-09-12T17:06:11-05:00,PUR_IED_JoseMarti_Exte_5b9bf,PUR_IED_JoseMarti_Exte_5b9bf,,,,,
2026-09-12T17:06:11-05:00,PUR_IED_JoseMarti_LabQuim_1c6c2d,PUR_IED_JoseMarti_LabQuim_1c6c2d,,,,,
2026-09-12T17:06:11-05:00,PUR_IED_JoseMarti_S_info_f5f177,PUR_IED_JoseMarti_S_info_f5f177,,,,,
2026-09-12T17:06:11-05:00,PUR_IED_Josejoaquin_Ext_dfc5dc,PUR_IED_Josejoaquin_Ext_dfc5dc,,,,,
2026-09-12T17:06:11-05:00,PUR_IED_Josejoaquin_S05_5b2a96,PUR_IED_Josejoaquin_S05_5b2a96,,,,,
2026-09-12T17:06:11-05:00,PUR_IED_Josejoaquin_S06_1ce7d2,PUR_IED_Josejoaquin_S06_1ce7d2,,,,,
2026-09-12T17:06:11-05:00,PUR_IED_JulioFlorez_Danza_9b82dd,PUR_IED_JulioFlorez_Danza_9b82dd,,,,,
2026-09-12T17:06:11-05:00,PUR_IED_JulioFlorez_Exter_f9f314,PUR_IED_JulioFlorez_Exter_f9f314,,,,,
2026-09-12T17:06:11-05:00,PUR_IED_JulioFlorez_info2_6b6e08,PUR_IED_JulioFlorez_info2_6b6e08,,,,,
2026-09-12T17:06:11-05:00,PUR_IED_LaBelleza_Aula13_1d00d8,PUR_IED_LaBelleza_Aula13_1d00d8,,,,,
2026-09-12T17:06:11-05:00,PUR_IED_LaBelleza_Ext_7bc08c,PUR_IED_LaBelleza_Ext_7bc08c,,,,,
2026-09-12T17:06:11-05:00,PUR_IED_LaChucua_Ext_8cd6d2,PUR_IED_LaChucua_Ext_8cd6d2,,,,,
2026-09-12T17:06:11-05:00,PUR_IED_LaChucua_S15_f578ce,PUR_IED_LaChucua_S15_f578ce,,,,,
2026-09-12T17:06:11-05:00,PUR_IED_LaChucua_S16_eebcf9,PUR_IED_LaChucua_S16_eebcf9,,,,,
2026-09-12T17:06:11-05:00,PUR_IED_LaFelicidad_Ext_fb5109,PUR_IED_LaFelicidad_Ext_fb5109,,,,,
2026-09-12T17:06:11-05:00,PUR_IED_LaMerced_206_66ebd,PUR_IED_LaMerced_206_66ebd,,,,,
2026-09-12T17:06:11-05:00,PUR_IED_LaMerced_207_6ebd6,PUR_IED_LaMerced_207_6ebd6,,,,,
2026-09-12T17:06:11-05:00,PUR_IED_LaMerced_ext_304311,PUR_IED_LaMerced_ext_304311,,,,,
2026-09-12T17:06:11-05:00,PUR_IED_Laureano_CiencNat_281e5e,PUR_IED_Laureano_CiencNat_281e5e,,,,,
2026-09-12T17:06:11-05:00,PUR_IED_Laureano_Comedor_f65c0a,PUR_IED_Laureano_Comedor_f65c0a,,,,,
2026-09-12T17:06:11-05:00,PUR_IED_Laureano_Exterior_7ab011,PUR_IED_Laureano_Exterior_7ab011,,,,,
2026-09-12T17:06:11-05:00,PUR_IED_LeonGreiff_Exte_dfe560,PUR_IED_LeonGreiff_Exte_dfe560,,,,,
2026-09-12T17:06:11-05:00,PUR_IED_LeonGreiff_S210_f264ed,PUR_IED_LeonGreiff_S210_f264ed,,,,,
2026-09-12T17:06:11-05:00,PUR_IED_LeonGreiff_SQuimi_e8296f,PUR_IED_LeonGreiff_SQuimi_e8296f,,,,,
2026-09-12T17:06:11-05:00,PUR_IED_LlanoOrientalS208_7b9fcd,PUR_IED_LlanoOrientalS208_7b9fcd,,,,,
2026-09-12T17:06:11-05:00,PUR_IED_LlanoOriental_Ext_fb3766,PUR_IED_LlanoOriental_Ext_fb3766,,,,,
2026-09-12T17:06:11-05:00,PUR_IED_LlanoOriental_S208_7b9fcd,PUR_IED_LlanoOriental_S208_7b9fcd,,,,,
2026-09-12T17:06:11-05:00,PUR_IED_LlanoOriental_S9_27b378,PUR_IED_LlanoOriental_S9_27b378,,,,,
2026-09-12T17:06:11-05:00,PUR_IED_LosTejares_1101_477602,PUR_IED_LosTejares_1101_477602,,,,,
2026-09-12T17:06:11-05:00,PUR_IED_LosTejares_11_d2c595,PUR_IED_LosTejares_11_d2c595,,,,,
2026-09-12T17:06:11-05:00,PUR_IED_LosTejares_12_477602,PUR_IED_LosTejares_12_477602,,,,,
2026-09-12T17:06:11-05:00,PUR_IED_LosTejares_Ext_8e2115,PUR_IED_LosTejares_Ext_8e2115,,,,,
2026-09-12T17:06:11-05:00,PUR_IED_MagdalenaO_B202_5ddda3,PUR_IED_MagdalenaO_B202_5ddda3,,,,,
2026-09-12T17:06:11-05:00,PUR_IED_MagdalenaO_B205_fb76e8,PUR_IED_MagdalenaO_B205_fb76e8,,,,,
2026-09-12T17:06:11-05:00,PUR_IED_MagdalenaO_ext_dc69cd,PUR_IED_MagdalenaO_ext_dc69cd,,,,,
2026-09-12T17:06:11-05:00,PUR_IED_ManueCepeda_artes_eee956,PUR_IED_ManueCepeda_artes_eee956,,,,,
2026-09-12T17:06:11-05:00,PUR_IED_ManuelCepeda_Ext_58313,PUR_IED_ManuelCepeda_Ext_58313,,,,,
2026-09-12T17:06:11-05:00,PUR_IED_ManuelCepeda_tec_1c5731,PUR_IED_ManuelCepeda_tec_1c5731,,,,,
2026-09-12T17:06:11-05:00,PUR_IED_ManuelS_Exterior_5b269,PUR_IED_ManuelS_Exterior_5b269,,,,,
2026-09-12T17:06:11-05:00,PUR_IED_ManuelS_Inform_f369ce,PUR_IED_ManuelS_Inform_f369ce,,,,,
2026-09-12T17:06:11-05:00,PUR_IED_ManuelS_SArtes_7d15f1,PUR_IED_ManuelS_SArtes_7d15f1,,,,,
2026-09-12T17:06:11-05:00,PUR_IED_ManuelZapata_303_3ca6,PUR_IED_ManuelZapata_303_3ca6,,,,,
2026-09-12T17:06:11-05:00,PUR_IED_ManuelZapata_311_bfbabc,PUR_IED_ManuelZapata_311_bfbabc,,,,,
2026-09-12T17:06:11-05:00,PUR_IED_ManuelZapata_Ext_50824a,PUR_IED_ManuelZapata_Ext_50824a,,,,,
2026-09-12T17:06:11-05:00,PUR_IED_ManuelitaS_Exteri_656a92,PUR_IED_ManuelitaS_Exteri_656a92,,,,,
2026-09-12T17:06:11-05:00,PUR_IED_ManuelitaS_JuzgDe_f58ec3,PUR_IED_ManuelitaS_JuzgDe_f58ec3,,,,,
2026-09-12T17:06:11-05:00,PUR_IED_ManuelitaS_Recrea_d793db,PUR_IED_ManuelitaS_Recrea_d793db,,,,,
2026-09-12T17:06:11-05:00,PUR_IED_MarFidSuarez_Ext_c27b19,PUR_IED_MarFidSuarez_Ext_c27b19,,,,,
2026-09-12T17:06:11-05:00,PUR_IED_MarFidSuarez_Info_e384d7,PUR_IED_MarFidSuarez_Info_e384d7,,,,,
2026-09-12T17:06:11-05:00,PUR_IED_MarFidSuarez_S306_1d0032,PUR_IED_MarFidSuarez_S306_1d0032,,,,,
2026-09-12T17:06:11-05:00,PUR_IED_Menorah_301_2a25a3,PUR_IED_Menorah_301_2a25a3,,,,,
2026-09-12T17:06:11-05:00,PUR_IED_Menorah_306_37ed3,PUR_IED_Menorah_306_37ed3,,,,,
2026-09-12T17:06:11-05:00,PUR_IED_Menorah_Ext_3e155b,PUR_IED_Menorah_Ext_3e155b,,,,,
2026-09-12T17:06:11-05:00,PUR_IED_MinutoB.Aires_A11_1b1604,PUR_IED_MinutoB.Aires_A11_1b1604,,,,,
2026-09-12T17:06:11-05:00,PUR_IED_MinutoB.Aires_A12_fb5860,PUR_IED_MinutoB.Aires_A12_fb5860,,,,,
2026-09-12T17:06:11-05:00,PUR_IED_MinutoB.Aires_Ext_81293f,PUR_IED_MinutoB.Aires_Ext_81293f,,,,,
2026-09-12T17:06:11-05:00,PUR_IED_MinutoBAires_A11_1b1604,PUR_IED_MinutoBAires_A11_1b1604,,,,,
2026-09-12T17:06:11-05:00,PUR_IED_MinutoBAires_A12_fb5860,PUR_IED_MinutoBAires_A12_fb5860,,,,,
2026-09-12T17:06:11-05:00,PUR_IED_MinutoBAires_Ext_81293f,PUR_IED_MinutoBAires_Ext_81293f,,,,,
2026-09-12T17:06:11-05:00,PUR_IED_Montreal_Aula10_1e4959,PUR_IED_Montreal_Aula10_1e4959,,,,,
2026-09-12T17:06:11-05:00,PUR_IED_Montreal_Aula6_300367,PUR_IED_Montreal_Aula6_300367,,,,,
2026-09-12T17:06:11-05:00,PUR_IED_Montreal_Exterior_91a179,PUR_IED_Montreal_Exterior_91a179,,,,,
2026-09-12T17:06:11-05:00,PUR_IED_Mqgdalena_B202_5ddda3,PUR_IED_Mqgdalena_B202_5ddda3,,,,,
2026-09-12T17:06:11-05:00,PUR_IED_NACUND_Soc_dc8728,PUR_IED_NACUND_Soc_dc8728,,,,,
2026-09-12T17:06:11-05:00,PUR_IED_NACUND_ext_27ad97,PUR_IED_NACUND_ext_27ad97,,,,,
2026-09-12T17:06:11-05:00,PUR_IED_NEsperanza_Ext_d24b61,PUR_IED_NEsperanza_Ext_d24b61,,,,,
2026-09-12T17:06:11-05:00,PUR_IED_NEsperanza_SElect_7d1807,PUR_IED_NEsperanza_SElect_7d1807,,,,,
2026-09-12T17:06:11-05:00,PUR_IED_NEsperanza_SLabor_8b2d0a,PUR_IED_NEsperanza_SLabor_8b2d0a,,,,,
2026-09-12T17:06:11-05:00,PUR_IED_NacionesU_Ext_f661a9,PUR_IED_NacionesU_Ext_f661a9,,,,,
2026-09-12T17:06:11-05:00,PUR_IED_NacionesU_Quimica_66f0a,PUR_IED_NacionesU_Quimica_66f0a,,,,,
2026-09-12T17:06:11-05:00,PUR_IED_NacionesU_S306_1b4b3d,PUR_IED_NacionesU_S306_1b4b3d,,,,,
2026-09-12T17:06:11-05:00,PUR_IED_NestorFA_Ext_e4201c,PUR_IED_NestorFA_Ext_e4201c,,,,,
2026-09-12T17:06:11-05:00,PUR_IED_NestorFA_Laborato_f22fe0,PUR_IED_NestorFA_Laborato_f22fe0,,,,,
2026-09-12T17:06:11-05:00,PUR_IED_NestorFA_S204_dee996,PUR_IED_NestorFA_S204_dee996,,,,,
2026-09-12T17:06:11-05:00,PUR_IED_NidyaQT_Aula03_76999b,PUR_IED_NidyaQT_Aula03_76999b,,,,,
2026-09-12T17:06:11-05:00,PUR_IED_NidyaQT_Aula10_56325,PUR_IED_NidyaQT_Aula10_56325,,,,,
2026-09-12T17:06:11-05:00,PUR_IED_NidyaQT_Ext_46e32d,PUR_IED_NidyaQT_Ext_46e32d,,,,,
2026-09-12T17:06:11-05:00,PUR_IED_NuevaCol_Exterior_d9b859,PUR_IED_NuevaCol_Exterior_d9b859,,,,,
2026-09-12T17:06:11-05:00,PUR_IED_NuevaCol_S1101_76c43b,PUR_IED_NuevaCol_S1101_76c43b,,,,,
2026-09-12T17:06:11-05:00,PUR_IED_NuevaCol_S1102_1ce0b5,PUR_IED_NuevaCol_S1102_1ce0b5,,,,,
2026-09-12T17:06:11-05:00,PUR_IED_OEA_A202_f7e3f2,PUR_IED_OEA_A202_f7e3f2,,,,,
2026-09-12T17:06:11-05:00,PUR_IED_OEA_A203_7d1b8d,PUR_IED_OEA_A203_7d1b8d,,,,,
2026-09-12T17:06:11-05:00,PUR_IED_OEA_Ext_27b593,PUR_IED_OEA_Ext_27b593,,,,,
2026-09-12T17:06:11-05:00,PUR_IED_Ochoa_Ext_1c29da,PUR_IED_Ochoa_Ext_1c29da,,,,,
2026-09-12T17:06:11-05:00,PUR_IED_Ochoa_S205_8b1121,PUR_IED_Ochoa_S205_8b1121,,,,,
2026-09-12T17:06:11-05:00,PUR_IED_Ochoa_Sistemas_f33af6,PUR_IED_Ochoa_Sistemas_f33af6,,,,,
2026-09-12T17:06:11-05:00,PUR_IED_PQuebec_Ext_1c67c7,PUR_IED_PQuebec_Ext_1c67c7,,,,,
2026-09-12T17:06:11-05:00,PUR_IED_PQuebec_S15_23e8e2,PUR_IED_PQuebec_S15_23e8e2,,,,,
2026-09-12T17:06:11-05:00,PUR_IED_PQuebec_S16_8ec76b,PUR_IED_PQuebec_S16_8ec76b,,,,,
2026-09-12T17:06:11-05:00,PUR_IED_PabloN_Ext_49dc96,PUR_IED_PabloN_Ext_49dc96,,,,,
2026-09-12T17:06:11-05:00,PUR_IED_PabloN_S1102_4e3df5,PUR_IED_PabloN_S1102_4e3df5,,,,,
2026-09-12T17:06:11-05:00,PUR_IED_PabloN_S1103_50c94b,PUR_IED_PabloN_S1103_50c94b,,,,,
2026-09-12T17:06:11-05:00,PUR_IED_Palestina_S1101_db9198,PUR_IED_Palestina_S1101_db9198,,,,,
2026-09-12T17:06:11-05:00,PUR_IED_Palestina_S1102_dc54fa,PUR_IED_Palestina_S1102_dc54fa,,,,,
2026-09-12T17:06:11-05:00,PUR_IED_Palestina_ext_4ccce6,PUR_IED_Palestina_ext_4ccce6,,,,,
2026-09-12T17:06:11-05:00,PUR_IED_Panama_Fisica_4d0794,PUR_IED_Panama_Fisica_4d0794,,,,,
2026-09-12T17:06:11-05:00,PUR_IED_Panama_SIngles_a4077e,PUR_IED_Panama_SIngles_a4077e,,,,,
2026-09-12T17:06:11-05:00,PUR_IED_Panama_ext_4c54b4,PUR_IED_Panama_ext_4c54b4,,,,,
2026-09-12T17:06:11-05:00,PUR_IED_ParaisoM_Exterior_8cd7f0,PUR_IED_ParaisoM_Exterior_8cd7f0,,,,,
2026-09-12T17:06:11-05:00,PUR_IED_ParaisoM_Laborato_27af35,PUR_IED_ParaisoM_Laborato_27af35,,,,,
2026-09-12T17:06:11-05:00,PUR_IED_ParaisoM_S304_d1edca,PUR_IED_ParaisoM_S304_d1edca,,,,,
2026-09-12T17:06:11-05:00,PUR_IED_PorfirioBarba_Ext_301466,PUR_IED_PorfirioBarba_Ext_301466,,,,,
2026-09-12T17:06:11-05:00,PUR_IED_PorfirioBarba_S11_df6cd2,PUR_IED_PorfirioBarba_S11_df6cd2,,,,,
2026-09-12T17:06:11-05:00,PUR_IED_PorfirioBarba_S29_27a7d6,PUR_IED_PorfirioBarba_S29_27a7d6,,,,,
2026-09-12T17:06:11-05:00,PUR_IED_PradoV_Exter_8b27ad,PUR_IED_PradoV_Exter_8b27ad,,,,,
2026-09-12T17:06:11-05:00,PUR_IED_PradoV_S301_de65b5,PUR_IED_PradoV_S301_de65b5,,,,,
2026-09-12T17:06:11-05:00,PUR_IED_PradoV_S302_7d2593,PUR_IED_PradoV_S302_7d2593,,,,,
2026-09-12T17:06:11-05:00,PUR_IED_QuirogaAlz_Ext_1ddc82,PUR_IED_QuirogaAlz_Ext_1ddc82,,,,,
2026-09-12T17:06:11-05:00,PUR_IED_QuirogaAlz_S302_9926a3,PUR_IED_QuirogaAlz_S302_9926a3,,,,,
2026-09-12T17:06:11-05:00,PUR_IED_QuirogaAlz_S305_cdf1f1,PUR_IED_QuirogaAlz_S305_cdf1f1,,,,,
2026-09-12T17:06:11-05:00,PUR_IED_RGuatemala_Biling_dc53b7,PUR_IED_RGuatemala_Biling_dc53b7,,,,,
2026-09-12T17:06:11-05:00,PUR_IED_RGuatemala_Ext_1b89a3,PUR_IED_RGuatemala_Ext_1b89a3,,,,,
2026-09-12T17:06:11-05:00,PUR_IED_RGuatemala_Tecnol_281a34,PUR_IED_RGuatemala_Tecnol_281a34,,,,,
2026-09-12T17:06:11-05:00,PUR_IED_RafaNu_Ext_f7c302,PUR_IED_RafaNu_Ext_f7c302,,,,,
2026-09-12T17:06:11-05:00,PUR_IED_RafaNu_S1101_25fde,PUR_IED_RafaNu_S1101_25fde,,,,,
2026-09-12T17:06:11-05:00,PUR_IED_RafaNu_S1102_281517,PUR_IED_RafaNu_S1102_281517,,,,,
2026-09-12T17:06:11-05:00,PUR_IED_RafaelB_S305_ee2783,PUR_IED_RafaelB_S305_ee2783,,,,,
2026-09-12T17:06:11-05:00,PUR_IED_RafaelB_S306_75fe33,PUR_IED_RafaelB_S306_75fe33,,,,,
2026-09-12T17:06:11-05:00,PUR_IED_RafaelB_ext_283336,PUR_IED_RafaelB_ext_283336,2,19,62,4.6722,-74.0737
2026-09-12T17:06:11-05:00,PUR_IED_RafaelUU_Exterior_281a51,PUR_IED_RafaelUU_Exterior_281a51,,,,,
2026-09-12T17:06:11-05:00,PUR_IED_RafaelUU_Human_806b2,PUR_IED_RafaelUU_Human_806b2,,,,,
2026-09-12T17:06:11-05:00,PUR_IED_RafaelUU_Mate2_5680d4,PUR_IED_RafaelUU_Mate2_5680d4,,,,,
2026-09-12T17:06:11-05:00,PUR_IED_RamonSub_Ext_f9eeb9,PUR_IED_RamonSub_Ext_f9eeb9,,,,,
2026-09-12T17:06:11-05:00,PUR_IED_RamonSub_Media_d1f62f,PUR_IED_RamonSub_Media_d1f62f,,,,,
2026-09-12T17:06:11-05:00,PUR_IED_RamonSub_planta_51b82,PUR_IED_RamonSub_planta_51b82,,,,,
2026-09-12T17:06:11-05:00,PUR_IED_RepBoliVene_Exter_27af7c,PUR_IED_RepBoliVene_Exter_27af7c,,,,,
2026-09-12T17:06:11-05:00,PUR_IED_RepBoliVene_SCPT_5ae2ee,PUR_IED_RepBoliVene_SCPT_5ae2ee,,,,,
2026-09-12T17:06:11-05:00,PUR_IED_RepBoliVene_Socia_4b11d5,PUR_IED_RepBoliVene_Socia_4b11d5,,,,,
2026-09-12T17:06:11-05:00,PUR_IED_RepChina_Ext_76d9ee,PUR_IED_RepChina_Ext_76d9ee,,,,,
2026-09-12T17:06:11-05:00,PUR_IED_RepChina_S404_7c804c,PUR_IED_RepChina_S404_7c804c,,,,,
2026-09-12T17:06:11-05:00,PUR_IED_RepChina_S405_df2c33,PUR_IED_RepChina_S405_df2c33,,,,,
2026-09-12T17:06:11-05:00,PUR_IED_RepublicaC_Exteri_7d1ec9,PUR_IED_RepublicaC_Exteri_7d1ec9,,,,,
2026-09-12T17:06:11-05:00,PUR_IED_RepublicaC_S1101_f544b3,PUR_IED_RepublicaC_S1101_f544b3,,,,,
2026-09-12T17:06:11-05:00,PUR_IED_RepublicaC_S1102_7aafc7,PUR_IED_RepublicaC_S1102_7aafc7,,,,,
2026-09-12T17:06:11-05:00,PUR_IED_Ricaurte_Externo_a0ea1,PUR_IED_Ricaurte_Externo_a0ea1,,,,,
2026-09-12T17:06:11-05:00,PUR_IED_Ricaurte_S210_f546fd,PUR_IED_Ricaurte_S210_f546fd,,,,,
2026-09-12T17:06:11-05:00,PUR_IED_Ricaurte_S309_d4452,PUR_IED_Ricaurte_S309_d4452,,,,,
2026-09-12T17:06:11-05:00,PUR_IED_RogelioS_1102_531e69,PUR_IED_RogelioS_1102_531e69,,,,,
2026-09-12T17:06:11-05:00,PUR_IED_RogelioS_Ext_f25a18,PUR_IED_RogelioS_Ext_f25a18,,,,,
2026-09-12T17:06:11-05:00,PUR_IED_SBernardino_Ext_27aff8,PUR_IED_SBernardino_Ext_27aff8,,,,,
2026-09-12T17:06:11-05:00,PUR_IED_SBernardino_SArte_2ffd33,PUR_IED_SBernardino_SArte_2ffd33,,,,,
2026-09-12T17:06:11-05:00,PUR_IED_SBernardino_SIngl_7c7da5,PUR_IED_SBernardino_SIngl_7c7da5,,,,,
2026-09-12T17:06:11-05:00,PUR_IED_Sago_auditorio_dc9d1d,PUR_IED_Sago_auditorio_dc9d1d,,,,,
2026-09-12T17:06:11-05:00,PUR_IED_Saludcoop_Ext_95aac3,PUR_IED_Saludcoop_Ext_95aac3,,,,,
2026-09-12T17:06:11-05:00,PUR_IED_Saludcoop_InfI_90c854,PUR_IED_Saludcoop_InfI_90c854,,,,,
2026-09-12T17:06:11-05:00,PUR_IED_Saludcoop_SMedia_1b93be,PUR_IED_Saludcoop_SMedia_1b93be,,,,,
2026-09-12T17:06:11-05:00,PUR_IED_SanCarlos_1101_1a2360,PUR_IED_SanCarlos_1101_1a2360,,,,,
2026-09-12T17:06:11-05:00,PUR_IED_SanCarlos_1103_7bafb5,PUR_IED_SanCarlos_1103_7bafb5,,,,,
2026-09-12T17:06:11-05:00,PUR_IED_SanCarlos_Ext_b7cd1,PUR_IED_SanCarlos_Ext_b7cd1,,,,,
2026-09-12T17:06:11-05:00,PUR_IED_SanIgnacioBosa11a_50c26e,PUR_IED_SanIgnacioBosa11a_50c26e,,,,,
2026-09-12T17:06:11-05:00,PUR_IED_SanIgnacioBosa11b_371de8,PUR_IED_SanIgnacioBosa11b_371de8,,,,,
2026-09-12T17:06:11-05:00,PUR_IED_SanIgnacioBosaExt_ef0ffc,PUR_IED_SanIgnacioBosaExt_ef0ffc,,,,,
2026-09-12T17:06:11-05:00,PUR_IED_SanIgnacioBosa_11a_50c26e,PUR_IED_SanIgnacioBosa_11a_50c26e,,,,,
2026-09-12T17:06:11-05:00,PUR_IED_SanIgnacioBosa_Ext_ef0ffc,PUR_IED_SanIgnacioBosa_Ext_ef0ffc,,,,,
2026-09-12T17:06:11-05:00,PUR_IED_SanJoseN_intS1101_31c47f,PUR_IED_SanJoseN_intS1101_31c47f,,,,,
2026-09-12T17:06:11-05:00,PUR_IED_SanJoseUsm_Exter_f5d7e8,PUR_IED_SanJoseUsm_Exter_f5d7e8,,,,,
2026-09-12T17:06:11-05:00,PUR_IED_SanJoseUsm_Int11A_cfdef6,PUR_IED_SanJoseUsm_Int11A_cfdef6,,,,,
2026-09-12T17:06:11-05:00,PUR_IED_SilveriaR_IntB5_905349,PUR_IED_SilveriaR_IntB5_905349,,,,,
2026-09-12T17:06:11-05:00,PUR_IED_SilveriaR_IntSD14_981f93,PUR_IED_SilveriaR_IntSD14_981f93,,,,,
2026-09-12T17:06:11-05:00,PUR_IED_SilveriaR_ext_2b651d,PUR_IED_SilveriaR_ext_2b651d,,,,,
2026-09-12T17:06:11-05:00,PUR_IED_SimonB_Exterior_913975,PUR_IED_SimonB_Exterior_913975,,,,,
2026-09-12T17:06:11-05:00,PUR_IED_SimonB_LabQuimi_c56908,PUR_IED_SimonB_LabQuimi_c56908,,,,,
2026-09-12T17:06:11-05:00,PUR_IED_SimonB_informatic_a28c1,PUR_IED_SimonB_informatic_a28c1,,,,,
2026-09-12T17:06:11-05:00,PUR_IED_Sorrento_1102_315f50,PUR_IED_Sorrento_1102_315f50,,,,,
2026-09-12T17:06:11-05:00,PUR_IED_Sorrento_Minte_214eab,PUR_IED_Sorrento_Minte_214eab,,,,,
2026-09-12T17:06:11-05:00,PUR_IED_Sorrento_ext_7c3a0a,PUR_IED_Sorrento_ext_7c3a0a,,,,,
2026-09-12T17:06:11-05:00,PUR_IED_Tabora_Ext_f048ae,PUR_IED_Tabora_Ext_f048ae,,,,,
2026-09-12T17:06:11-05:00,PUR_IED_Tabora_S1102_b07752,PUR_IED_Tabora_S1102_b07752,,,,,
2026-09-12T17:06:11-05:00,PUR_IED_Tabora_S1103_d988f5,PUR_IED_Tabora_S1103_d988f5,,,,,
2026-09-12T17:06:11-05:00,PUR_IED_Tenerife_Ext_1ab188,PUR_IED_Tenerife_Ext_1ab188,,,,,
2026-09-12T17:06:11-05:00,PUR_IED_Tenerife_SDanzas_7bc02e,PUR_IED_Tenerife_SDanzas_7bc02e,,,,,
2026-09-12T17:06:11-05:00,PUR_IED_Tenerife_SIngles_7cc277,PUR_IED_Tenerife_SIngles_7cc277,,,,,
2026-09-12T17:06:11-05:00,PUR_IED_Tibabuyes_Exter_f2683d,PUR_IED_Tibabuyes_Exter_f2683d,,,,,
2026-09-12T17:06:11-05:00,PUR_IED_Tibabuyes_S10_dc87a8,PUR_IED_Tibabuyes_S10_dc87a8,,,,,
2026-09-12T17:06:11-05:00,PUR_IED_Tibabuyes_S15_dc0526,PUR_IED_Tibabuyes_S15_dc0526,,,,,
2026-09-12T17:06:11-05:00,PUR_IED_UnionE_S301_a1043,PUR_IED_UnionE_S301_a1043,,,,,
2026-09-12T17:06:11-05:00,PUR_IED_UnionE_S307_ff6c2f,PUR_IED_UnionE_S307_ff6c2f,,,,,
2026-09-12T17:06:11-05:00,PUR_IED_UnionE__Ext_5e2468,PUR_IED_UnionE__Ext_5e2468,,,,,
2026-09-12T17:06:11-05:00,PUR_IED_VillaRica_Ext_75be7c,PUR_IED_VillaRica_Ext_75be7c,,,,,
2026-09-12T17:06:11-05:00,PUR_IED_VillaRica_S4_cc5dcd,PUR_IED_VillaRica_S4_cc5dcd,,,,,
2026-09-12T17:06:11-05:00,PUR_IED_VillaRica_Sesp_99f5c,PUR_IED_VillaRica_Sesp_99f5c,,,,,
2026-09-12T17:11:06-05:00,PUR_IED_20deJulio_1101_91b1b9,PUR_IED_20deJulio_1101_91b1b9,,,,,
2026-09-12T17:11:06-05:00,PUR_IED_20deJulio_1102_1cfcf9,PUR_IED_20deJulio_1102_1cfcf9,,,,,
2026-09-12T17:11:06-05:00,PUR_IED_20deJulio_Ext_ab60bd,PUR_IED_20deJulio_Ext_ab60bd,,,,,
2026-09-12T17:11:06-05:00,PUR_IED_AgustinFer_Ext_7b9b77,PUR_IED_AgustinFer_Ext_7b9b77,,,,,
2026-09-12T17:11:06-05:00,PUR_IED_AgustinFer_Info2_27b3a7,PUR_IED_AgustinFer_Info2_27b3a7,,,,,
2026-09-12T17:11:06-05:00,PUR_IED_AgustinFer_Sena_54b4eb,PUR_IED_AgustinFer_Sena_54b4eb,,,,,
2026-09-12T17:11:06-05:00,PUR_IED_AlexanderF_1102_caf07b,PUR_IED_AlexanderF_1102_caf07b,,,,,
2026-09-12T17:11:06-05:00,PUR_IED_AlexanderF_1103_c79e71,PUR_IED_AlexanderF_1103_c79e71,,,,,
2026-09-12T17:11:06-05:00,PUR_IED_AlexanderF_Ext_c5b18b,PUR_IED_AlexanderF_Ext_c5b18b,,,,,
2026-09-12T17:11:06-05:00,PUR_IED_AlfonsoLopez_Ext_281d77,PUR_IED_AlfonsoLopez_Ext_281d77,,,,,
2026-09-12T17:11:06-05:00,PUR_IED_AlfonsoLopez_LabF_888ce0,PUR_IED_AlfonsoLopez_LabF_888ce0,,,,,
2026-09-12T17:11:06-05:00,PUR_IED_AlfonsoLopez_SMed_df6a7f,PUR_IED_AlfonsoLopez_SMed_df6a7f,,,,,
2026-09-12T17:11:06-05:00,PUR_IED_AltamiraSO_A2_209f92,PUR_IED_AltamiraSO_A2_209f92,,,,,
2026-09-12T17:11:06-05:00,PUR_IED_AltamiraSO_Ext_186d66,PUR_IED_AltamiraSO_Ext_186d66,,,,,
2026-09-12T17:11:06-05:00,PUR_IED_AltamiraSO_Sistem_27afe1,PUR_IED_AltamiraSO_Sistem_27afe1,,,,,
2026-09-12T17:11:06-05:00,PUR_IED_AlvaroGom_LabQuim_813179,PUR_IED_AlvaroGom_LabQuim_813179,,,,,
2026-09-12T17:11:06-05:00,PUR_IED_AlvaroGomez_Ext_47c7ca,PUR_IED_AlvaroGomez_Ext_47c7ca,,,,,
2026-09-12T17:11:06-05:00,PUR_IED_AlvaroGomez_LabQuim_813179,PUR_IED_AlvaroGomez_LabQuim_813179,,,,,
2026-09-12T17:11:06-05:00,PUR_IED_AlvaroGomez_S23_7ba89f,PUR_IED_AlvaroGomez_S23_7ba89f,,,,,
2026-09-12T17:11:06-05:00,PUR_IED_Amistad_306_dc8728,PUR_IED_Amistad_306_dc8728,,,,,
2026-09-12T17:11:06-05:00,PUR_IED_Amistad_Ext_8cd55e,PUR_IED_Amistad_Ext_8cd55e,,,,,
2026-09-12T17:11:06-05:00,PUR_IED_Amistad_S202_a41169,PUR_IED_Amistad_S202_a41169,,,,,
2026-09-12T17:11:06-05:00,PUR_IED_AndresBello_Bio_fd5f5e,PUR_IED_AndresBello_Bio_fd5f5e,,,,,
2026-09-12T17:11:06-05:00,PUR_IED_AndresBello_ext_dcad65,PUR_IED_AndresBello_ext_dcad65,,,,,
2026-09-12T17:11:06-05:00,PUR_IED_AndresBello_port_eed3ec,PUR_IED_AndresBello_port_eed3ec,,,,,
2026-09-12T17:11:06-05:00,PUR_IED_AngelaR_11b_d90a6b,PUR_IED_AngelaR_11b_d90a6b,,,,,
2026-09-12T17:11:06-05:00,PUR_IED_AngelaR_ext_7cad3e,PUR_IED_AngelaR_ext_7cad3e,2,20,62,4.5825,-74.164497
2026-09-12T17:11:06-05:00,PUR_IED_AntJoseSucre_10mo_df2575,PUR_IED_AntJoseSucre_10mo_df2575,,,,,
2026-09-12T17:11:06-05:00,PUR_IED_AntJoseSucre_Ext_215b36,PUR_IED_AntJoseSucre_Ext_215b36,,,,,
2026-09-12T17:11:06-05:00,PUR_IED_AntJoseSucre_Lab_3139de,PUR_IED_AntJoseSucre_Lab_3139de,,,,,
2026-09-12T17:11:06-05:00,PUR_IED_AntonioGarcia_301_d6b188,PUR_IED_AntonioGarcia_301_d6b188,,,,,
2026-09-12T17:11:06-05:00,PUR_IED_AntonioGarcia_302_88a82,PUR_IED_AntonioGarcia_302_88a82,,,,,
2026-09-12T17:11:06-05:00,PUR_IED_AntonioGarcia_Ext_20950c,PUR_IED_AntonioGarcia_Ext_20950c,,,,,
2026-09-12T17:11:06-05:00,PUR_IED_AntonioVan_Aula2_6dea02,PUR_IED_AntonioVan_Aula2_6dea02,,,,,
2026-09-12T17:11:06-05:00,PUR_IED_AntonioVan_Aula5_f1557e,PUR_IED_AntonioVan_Aula5_f1557e,,,,,
2026-09-12T17:11:06-05:00,PUR_IED_AntonioVan_Ext_406f2f,PUR_IED_AntonioVan_Ext_406f2f,,,,,
2026-09-12T17:11:06-05:00,PUR_IED_Atabanzha_Ext_cc5af9,PUR_IED_Atabanzha_Ext_cc5af9,,,,,
2026-09-12T17:11:06-05:00,PUR_IED_Atabanzha_SA101_56c37,PUR_IED_Atabanzha_SA101_56c37,,,,,
2026-09-12T17:11:06-05:00,PUR_IED_Atabanzha_SB302_27b374,PUR_IED_Atabanzha_SB302_27b374,,,,,
2026-09-12T17:11:06-05:00,PUR_IED_Atahualpa_Ext_fc1748,PUR_IED_Atahualpa_Ext_fc1748,,,,,
2026-09-12T17:11:06-05:00,PUR_IED_Atahualpa_Informa_dc9a95,PUR_IED_Atahualpa_Informa_dc9a95,,,,,
2026-09-12T17:11:06-05:00,PUR_IED_Atahualpa_S1101_f98056,PUR_IED_Atahualpa_S1101_f98056,,,,,
2026-09-12T17:11:06-05:00,PUR_IED_Bellavista_Ext_f5aa74,PUR_IED_Bellavista_Ext_f5aa74,,,,,
2026-09-12T17:11:06-05:00,PUR_IED_Bilbao_11A_916c41,PUR_IED_Bilbao_11A_916c41,,,,,
2026-09-12T17:11:06-05:00,PUR_IED_Bilbao_Ext_fb579a,PUR_IED_Bilbao_Ext_fb579a,,,,,
2026-09-12T17:11:06-05:00,PUR_IED_BrasiliaU_A125_304280,PUR_IED_BrasiliaU_A125_304280,,,,,
2026-09-12T17:11:06-05:00,PUR_IED_BrasiliaU_A203_7c8ca5,PUR_IED_BrasiliaU_A203_7c8ca5,,,,,
2026-09-12T17:11:06-05:00,PUR_IED_BrasiliaU_Ext_8d6e9f,PUR_IED_BrasiliaU_Ext_8d6e9f,5,20,59,4.5175,-74.116302
2026-09-12T17:11:06-05:00,PUR_IED_Brasilia_Ext_fe6593,PUR_IED_Brasilia_Ext_fe6593,,,,,
2026-09-12T17:11:06-05:00,PUR_IED_Brasilia_S24_7c130d,PUR_IED_Brasilia_S24_7c130d,,,,,
2026-09-12T17:11:06-05:00,PUR_IED_Brasilia_S501_186a54,PUR_IED_Brasilia_S501_186a54,,,,,
2026-09-12T17:11:06-05:00,PUR_IED_CHARRY_EXT_f1d5cd,PUR_IED_CHARRY_EXT_f1d5cd,,,,,
2026-09-12T17:11:06-05:00,PUR_IED_CHARRY_INTDANZAS_7a08e6,PUR_IED_CHARRY_INTDANZAS_7a08e6,,,,,
2026-09-12T17:11:06-05:00,PUR_IED_CHARRY_INT_AULA20_dc998d,PUR_IED_CHARRY_INT_AULA20_dc998d,,,,,
2026-09-12T17:11:06-05:00,PUR_IED_COLVIV_1101_S25_7f520a,PUR_IED_COLVIV_1101_S25_7f520a,,,,,
2026-09-12T17:11:06-05:00,PUR_IED_COLVIV_1102_S16_f570ba,PUR_IED_COLVIV_1102_S16_f570ba,,,,,
2026-09-12T17:11:06-05:00,PUR_IED_COLVIV_Ext_1a26fa,PUR_IED_COLVIV_Ext_1a26fa,,,,,
2026-09-12T17:11:06-05:00,PUR_IED_CULPOP_301A_f660f3,PUR_IED_CULPOP_301A_f660f3,,,,,
2026-09-12T17:11:06-05:00,PUR_IED_CULPOP_303_568afe,PUR_IED_CULPOP_303_568afe,,,,,
2026-09-12T17:11:06-05:00,PUR_IED_CULPOP_Ext_e02ccb,PUR_IED_CULPOP_Ext_e02ccb,,,,,
2026-09-12T17:11:06-05:00,PUR_IED_CVillavicen_Ext_26eb58,PUR_IED_CVillavicen_Ext_26eb58,8,16,77,4.487,-74.102798
2026-09-12T17:11:06-05:00,PUR_IED_CVillavicen_Intel_1ce5c2,PUR_IED_CVillavicen_Intel_1ce5c2,,,,,
2026-09-12T17:11:06-05:00,PUR_IED_CVillavicen_Poliv_e0766c,PUR_IED_CVillavicen_Poliv_e0766c,,,,,
2026-09-12T17:11:06-05:00,PUR_IED_CVillavicen_int_1ba140,PUR_IED_CVillavicen_int_1ba140,,,,,
2026-09-12T17:11:06-05:00,PUR_IED_CVillavicen_intel_1ba140,PUR_IED_CVillavicen_intel_1ba140,,,,,
2026-09-12T17:11:06-05:00,PUR_IED_CarlosPizarro_Ext_e307cc,PUR_IED_CarlosPizarro_Ext_e307cc,,,,,
2026-09-12T17:11:06-05:00,PUR_IED_CarlosPizarro_L36_7e5cdb,PUR_IED_CarlosPizarro_L36_7e5cdb,,,,,
2026-09-12T17:11:06-05:00,PUR_IED_CarlosPizarro_L37_c8566c,PUR_IED_CarlosPizarro_L37_c8566c,,,,,
2026-09-12T17:11:06-05:00,PUR_IED_Castilla_Ext_cf35f,PUR_IED_Castilla_Ext_cf35f,,,,,
2026-09-12T17:11:06-05:00,PUR_IED_Castilla_SFisik_360e38,PUR_IED_Castilla_SFisik_360e38,,,,,
2026-09-12T17:11:06-05:00,PUR_IED_Castilla_Sc304_496fbf,PUR_IED_Castilla_Sc304_496fbf,,,,,
2026-09-12T17:11:06-05:00,PUR_IED_CervantesSa_Ext_6b57b,PUR_IED_CervantesSa_Ext_6b57b,3,19,66,4.5128,-74.117203
2026-09-12T17:11:06-05:00,PUR_IED_CervantesSa_S107_225c2b,PUR_IED_CervantesSa_S107_225c2b,,,,,
2026-09-12T17:11:06-05:00,PUR_IED_CervantesSa_S108_940925,PUR_IED_CervantesSa_S108_940925,,,,,
2026-09-12T17:11:06-05:00,PUR_IED_Charry_A20_f53e7c,PUR_IED_Charry_A20_f53e7c,,,,,
2026-09-12T17:11:06-05:00,PUR_IED_Charry_Ext_f1d5cd,PUR_IED_Charry_Ext_f1d5cd,,,,,
2026-09-12T17:11:06-05:00,PUR_IED_Charry_IntAula20_dc998d,PUR_IED_Charry_IntAula20_dc998d,,,,,
2026-09-12T17:11:06-05:00,PUR_IED_Charry_IntDanzas_7a08e6,PUR_IED_Charry_IntDanzas_7a08e6,,,,,
2026-09-12T17:11:06-05:00,PUR_IED_ClememciaC_203_43e2fc,PUR_IED_ClememciaC_203_43e2fc,,,,,
2026-09-12T17:11:06-05:00,PUR_IED_ClememciaC_Ext_1b411a,PUR_IED_ClememciaC_Ext_1b411a,,,,,
2026-09-12T17:11:06-05:00,PUR_IED_ClememciaC_Quimic_44b5fc,PUR_IED_ClememciaC_Quimic_44b5fc,,,,,
2026-09-12T17:11:06-05:00,PUR_IED_ClemenciaC_203_43e2fc,PUR_IED_ClemenciaC_203_43e2fc,,,,,
2026-09-12T17:11:06-05:00,PUR_IED_ClemenciaC_Ext_1b411a,PUR_IED_ClemenciaC_Ext_1b411a,,,,,
2026-09-12T17:11:06-05:00,PUR_IED_ClemenciaC_Quimic_44b5fc,PUR_IED_ClemenciaC_Quimic_44b5fc,,,,,
2026-09-12T17:11:06-05:00,PUR_IED_ColViva_1101_S25_7f520a,PUR_IED_ColViva_1101_S25_7f520a,,,,,
2026-09-12T17:11:06-05:00,PUR_IED_ColViva_1102_S16_f570ba,PUR_IED_ColViva_1102_S16_f570ba,,,,,
2026-09-12T17:11:06-05:00,PUR_IED_ColViva_Ext_1a26fa,PUR_IED_ColViva_Ext_1a26fa,,,,,
2026-09-12T17:11:06-05:00,PUR_IED_ColegioBici_Asist_7c8798,PUR_IED_ColegioBici_Asist_7c8798,,,,,
2026-09-12T17:11:06-05:00,PUR_IED_ColegioBici_Ext_25cbf6,PUR_IED_ColegioBici_Ext_25cbf6,,,,,
2026-09-12T17:11:06-05:00,PUR_IED_ColegioBici_LabQ_7b57db,PUR_IED_ColegioBici_LabQ_7b57db,,,,,
2026-09-12T17:11:06-05:00,PUR_IED_CostaRica_Ext_5e640,PUR_IED_CostaRica_Ext_5e640,,,,,
2026-09-12T17:11:06-05:00,PUR_IED_CostaRica_Quim1_766d1c,PUR_IED_CostaRica_Quim1_766d1c,,,,,
2026-09-12T17:11:06-05:00,PUR_IED_CostaRica__Fisica_6f0873,PUR_IED_CostaRica__Fisica_6f0873,,,,,
2026-09-12T17:11:06-05:00,PUR_IED_CulPopu_301A_f660f3,PUR_IED_CulPopu_301A_f660f3,,,,,
2026-09-12T17:11:06-05:00,PUR_IED_CulPopu_303_568afe,PUR_IED_CulPopu_303_568afe,,,,,
2026-09-12T17:11:06-05:00,PUR_IED_CulPopu_Ext_e02ccb,PUR_IED_CulPopu_Ext_e02ccb,,,,,
2026-09-12T17:11:06-05:00,PUR_IED_Cundinamarca_Ext_f15985,PUR_IED_Cundinamarca_Ext_f15985,,,,,
2026-09-12T17:11:06-05:00,PUR_IED_Cundinamarca_Info_7aa5d7,PUR_IED_Cundinamarca_Info_7aa5d7,,,,,
2026-09-12T17:11:06-05:00,PUR_IED_Cundinamarca_Tec2_f449c7,PUR_IED_Cundinamarca_Tec2_f449c7,,,,,
2026-09-12T17:11:06-05:00,PUR_IED_DiegoM_Aula1_27b314,PUR_IED_DiegoM_Aula1_27b314,,,,,
2026-09-12T17:11:06-05:00,PUR_IED_DiegoM_Ext_d80ac8,PUR_IED_DiegoM_Ext_d80ac8,,,,,
2026-09-12T17:11:06-05:00,PUR_IED_DiegoM_S25_da928f,PUR_IED_DiegoM_S25_da928f,,,,,
2026-09-12T17:11:06-05:00,PUR_IED_ELRODEO_360881,PUR_IED_ELRODEO_360881,,,,,
2026-09-12T17:11:06-05:00,PUR_IED_ELRODEO_ext_360881,PUR_IED_ELRODEO_ext_360881,,,,,
2026-09-12T17:11:06-05:00,PUR_IED_EduardoU_Ext_1c1969,PUR_IED_EduardoU_Ext_1c1969,,,,,
2026-09-12T17:11:06-05:00,PUR_IED_EduardoU_SCiencia_4dfb94,PUR_IED_EduardoU_SCiencia_4dfb94,,,,,
2026-09-12T17:11:06-05:00,PUR_IED_EduardoU_SQuimica_5a46e7,PUR_IED_EduardoU_SQuimica_5a46e7,,,,,
2026-09-12T17:11:06-05:00,PUR_IED_ElRodeo_Aula14_676984,PUR_IED_ElRodeo_Aula14_676984,,,,,
2026-09-12T17:11:06-05:00,PUR_IED_ElRodeo_Aula16_2dd35b,PUR_IED_ElRodeo_Aula16_2dd35b,,,,,
2026-09-12T17:11:06-05:00,PUR_IED_ElRodeo_Ext_360881,PUR_IED_ElRodeo_Ext_360881,,,,,
2026-09-12T17:11:06-05:00,PUR_IED_ElRodeo_Exterior_8c6d28,PUR_IED_ElRodeo_Exterior_8c6d28,,,,,
2026-09-12T17:11:06-05:00,PUR_IED_ElRodeo_ext_360881,PUR_IED_ElRodeo_ext_360881,,,,,
2026-09-12T17:11:06-05:00,PUR_IED_EmmaReyes_Ext_987625,PUR_IED_EmmaReyes_Ext_987625,2,21,50,4.6367,-74.1511
2026-09-12T17:11:06-05:00,PUR_IED_Ensueño_Ext_7f0250,PUR_IED_Ensueño_Ext_7f0250,,,,,
2026-09-12T17:11:06-05:00,PUR_IED_EscNormal_Ext_5fef3b,PUR_IED_EscNormal_Ext_5fef3b,2,21,56,4.5852,-74.096901
2026-09-12T17:11:06-05:00,PUR_IED_EscNormal_S309_5b263,PUR_IED_EscNormal_S309_5b263,,,,,
2026-09-12T17:11:06-05:00,PUR_IED_EscNormal_S310_27b3b8,PUR_IED_EscNormal_S310_27b3b8,,,,,
2026-09-12T17:11:06-05:00,PUR_IED_Evangelista_Conta_f6cd4f,PUR_IED_Evangelista_Conta_f6cd4f,,,,,
2026-09-12T17:11:06-05:00,PUR_IED_Evangelista_Cri_5e16a,PUR_IED_Evangelista_Cri_5e16a,,,,,
2026-09-12T17:11:06-05:00,PUR_IED_Evangelista_Exter_754066,PUR_IED_Evangelista_Exter_754066,,,,,
2026-09-12T17:11:06-05:00,PUR_IED_FMiranda_S209_5cc2a3,PUR_IED_FMiranda_S209_5cc2a3,,,,,
2026-09-12T17:11:06-05:00,PUR_IED_FMiranda_S303_19e344,PUR_IED_FMiranda_S303_19e344,,,,,
2026-09-12T17:11:06-05:00,PUR_IED_FMiranda_ext_f53e7c,PUR_IED_FMiranda_ext_f53e7c,,,,,
2026-09-12T17:11:06-05:00,PUR_IED_FabioLozano_Bibli_1cee05,PUR_IED_FabioLozano_Bibli_1cee05,,,,,
2026-09-12T17:11:06-05:00,PUR_IED_FabioLozano_Ext_6ea285,PUR_IED_FabioLozano_Ext_6ea285,,,,,
2026-09-12T17:11:06-05:00,PUR_IED_FabioLozano_SLudi_f09e1e,PUR_IED_FabioLozano_SLudi_f09e1e,,,,,
2026-09-12T17:11:06-05:00,PUR_IED_FaustinoS_Aula07_27a731,PUR_IED_FaustinoS_Aula07_27a731,,,,,
2026-09-12T17:11:06-05:00,PUR_IED_FaustinoS_Ext_7b936f,PUR_IED_FaustinoS_Ext_7b936f,,,,,
2026-09-12T17:11:06-05:00,PUR_IED_FaustinoS_Fisica_da2c60,PUR_IED_FaustinoS_Fisica_da2c60,,,,,
2026-09-12T17:11:06-05:00,PUR_IED_FeGarciaLo_Ext_dc68ee,PUR_IED_FeGarciaLo_Ext_dc68ee,,,,,
2026-09-12T17:11:06-05:00,PUR_IED_FeGarciaLo_SDanza_f70a59,PUR_IED_FeGarciaLo_SDanza_f70a59,,,,,
2026-09-12T17:11:06-05:00,PUR_IED_FeGarciaLo_SMusic_125cdd,PUR_IED_FeGarciaLo_SMusic_125cdd,,,,,
2026-09-12T17:11:06-05:00,PUR_IED_FederalAlema_Exte_50c345,PUR_IED_FederalAlema_Exte_50c345,,,,,
2026-09-12T17:11:06-05:00,PUR_IED_FederalAlema_S31_f18371,PUR_IED_FederalAlema_S31_f18371,,,,,
2026-09-12T17:11:06-05:00,PUR_IED_FederalAlema_S901_a62cd,PUR_IED_FederalAlema_S901_a62cd,,,,,
2026-09-12T17:11:06-05:00,PUR_IED_FilarmonicaS_A5_f35eb1,PUR_IED_FilarmonicaS_A5_f35eb1,,,,,
2026-09-12T17:11:06-05:00,PUR_IED_FilarmonicaS_Ext_8a3bde,PUR_IED_FilarmonicaS_Ext_8a3bde,,,,,
2026-09-12T17:11:06-05:00,PUR_IED_FilarmonicaS_Spol_406114,PUR_IED_FilarmonicaS_Spol_406114,,,,,
2026-09-12T17:11:06-05:00,PUR_IED_FlorentinoG_A13_d1fa59,PUR_IED_FlorentinoG_A13_d1fa59,,,,,
2026-09-12T17:11:06-05:00,PUR_IED_FlorentinoG_Ext_1ce6ce,PUR_IED_FlorentinoG_Ext_1ce6ce,,,,,
2026-09-12T17:11:06-05:00,PUR_IED_FlorentinoG_Idiom_a66aac,PUR_IED_FlorentinoG_Idiom_a66aac,,,,,
2026-09-12T17:11:06-05:00,PUR_IED_FranciscoMati_Ext_e3869d,PUR_IED_FranciscoMati_Ext_e3869d,,,,,
2026-09-12T17:11:06-05:00,PUR_IED_FranciscoMati_S13_f31c67,PUR_IED_FranciscoMati_S13_f31c67,,,,,
2026-09-12T17:11:06-05:00,PUR_IED_FranciscoMati_S14_97dead,PUR_IED_FranciscoMati_S14_97dead,,,,,
2026-09-12T17:11:06-05:00,PUR_IED_FranciscoPS_Ext_7bfa9a,PUR_IED_FranciscoPS_Ext_7bfa9a,2,22,56,4.5899,-74.110397
2026-09-12T17:11:06-05:00,PUR_IED_FranciscoPS_Infor_fb8f4c,PUR_IED_FranciscoPS_Infor_fb8f4c,,,,,
2026-09-12T17:11:06-05:00,PUR_IED_FranciscoPS_Quimi_94d39c,PUR_IED_FranciscoPS_Quimi_94d39c,,,,,
2026-09-12T17:11:06-05:00,PUR_IED_FranciscoP_LabQ_d7e148,PUR_IED_FranciscoP_LabQ_d7e148,,,,,
2026-09-12T17:11:06-05:00,PUR_IED_FranciscoP_S28_cf9b30,PUR_IED_FranciscoP_S28_cf9b30,,,,,
2026-09-12T17:11:06-05:00,PUR_IED_FranciscoP_ext_e2313,PUR_IED_FranciscoP_ext_e2313,,,,,
2026-09-12T17:11:06-05:00,PUR_IED_FriederichN_Ext_8ac92a,PUR_IED_FriederichN_Ext_8ac92a,,,,,
2026-09-12T17:11:06-05:00,PUR_IED_FriederichN_S301_dd7e5a,PUR_IED_FriederichN_S301_dd7e5a,,,,,
2026-09-12T17:11:06-05:00,PUR_IED_FriederichN_S308_761f4f,PUR_IED_FriederichN_S308_761f4f,,,,,
2026-09-12T17:11:06-05:00,PUR_IED_GSantander_Aula10_533dd7,PUR_IED_GSantander_Aula10_533dd7,,,,,
2026-09-12T17:11:06-05:00,PUR_IED_GSantander_Aula12_fd4e4f,PUR_IED_GSantander_Aula12_fd4e4f,,,,,
2026-09-12T17:11:06-05:00,PUR_IED_GSantander_Aula310_533dd7,PUR_IED_GSantander_Aula310_533dd7,,,,,
2026-09-12T17:11:06-05:00,PUR_IED_GSantander_Aula312_fd4e4f,PUR_IED_GSantander_Aula312_fd4e4f,,,,,
2026-09-12T17:11:06-05:00,PUR_IED_GSantander_Ext_5f66b0,PUR_IED_GSantander_Ext_5f66b0,,,,,
2026-09-12T17:11:06-05:00,PUR_IED_GYomasa_Ext_f6bea5,PUR_IED_GYomasa_Ext_f6bea5,,,,,
2026-09-12T17:11:06-05:00,PUR_IED_GYomasa_LBiol_2c41aa,PUR_IED_GYomasa_LBiol_2c41aa,,,,,
2026-09-12T17:11:06-05:00,PUR_IED_GYomasa_LQuim_33c80,PUR_IED_GYomasa_LQuim_33c80,,,,,
2026-09-12T17:11:06-05:00,PUR_IED_GabBetMejia_Cienc_5a99c,PUR_IED_GabBetMejia_Cienc_5a99c,,,,,
2026-09-12T17:11:06-05:00,PUR_IED_GabBetMejia_Ext_9153d0,PUR_IED_GabBetMejia_Ext_9153d0,,,,,
2026-09-12T17:11:06-05:00,PUR_IED_GabBetMejia_Lab_f55347,PUR_IED_GabBetMejia_Lab_f55347,,,,,
2026-09-12T17:11:06-05:00,PUR_IED_GabBetanMejia_Ext_9153d0,PUR_IED_GabBetanMejia_Ext_9153d0,,,,,
2026-09-12T17:11:06-05:00,PUR_IED_Gaitana_Aula13_7aac11,PUR_IED_Gaitana_Aula13_7aac11,,,,,
2026-09-12T17:11:06-05:00,PUR_IED_Gaitana_Ext_5fcf4,PUR_IED_Gaitana_Ext_5fcf4,,,,,
2026-09-12T17:11:06-05:00,PUR_IED_Gaitana_LabFisica_644448,PUR_IED_Gaitana_LabFisica_644448,,,,,
2026-09-12T17:11:06-05:00,PUR_IED_GenSantander_Dise_8ac858,PUR_IED_GenSantander_Dise_8ac858,,,,,
2026-09-12T17:11:06-05:00,PUR_IED_GenSantander_Ext_8d5dfe,PUR_IED_GenSantander_Ext_8d5dfe,,,,,
2026-09-12T17:11:06-05:00,PUR_IED_GenSantander_Info_6c25b,PUR_IED_GenSantander_Info_6c25b,,,,,
2026-09-12T17:11:06-05:00,PUR_IED_GustavoMo_Exterio_75e63d,PUR_IED_GustavoMo_Exterio_75e63d,,,,,
2026-09-12T17:11:06-05:00,PUR_IED_GustavoMo_LabFisi_224d37,PUR_IED_GustavoMo_LabFisi_224d37,,,,,
2026-09-12T17:11:06-05:00,PUR_IED_GustavoMo_S208_3e6918,PUR_IED_GustavoMo_S208_3e6918,,,,,
2026-09-12T17:11:06-05:00,PUR_IED_GustavoR_A02_8cd4a8,PUR_IED_GustavoR_A02_8cd4a8,,,,,
2026-09-12T17:11:06-05:00,PUR_IED_GustavoR_B11_5b0ed,PUR_IED_GustavoR_B11_5b0ed,,,,,
2026-09-12T17:11:06-05:00,PUR_IED_GustavoR_Ext_7a0c90,PUR_IED_GustavoR_Ext_7a0c90,,,,,
2026-09-12T17:11:06-05:00,PUR_IED_HernandoDuran_Ext_8cd82b,PUR_IED_HernandoDuran_Ext_8cd82b,,,,,
2026-09-12T17:11:06-05:00,PUR_IED_HernandoDuran_S24_2772c6,PUR_IED_HernandoDuran_S24_2772c6,,,,,
2026-09-12T17:11:06-05:00,PUR_IED_HernandoDuran_S30_f2de41,PUR_IED_HernandoDuran_S30_f2de41,,,,,
2026-09-12T17:11:06-05:00,PUR_IED_HolguInUr_S1101_8cd732,PUR_IED_HolguInUr_S1101_8cd732,,,,,
2026-09-12T17:11:06-05:00,PUR_IED_HolguinUr_Exter_ddae6d,PUR_IED_HolguinUr_Exter_ddae6d,,,,,
2026-09-12T17:11:06-05:00,PUR_IED_HolguinUr_LabQuim_92b952,PUR_IED_HolguinUr_LabQuim_92b952,,,,,
2026-09-12T17:11:06-05:00,PUR_IED_Isabel-II_Ext_5245cc,PUR_IED_Isabel-II_Ext_5245cc,3,19,57,4.6336,-74.153
2026-09-12T17:11:06-05:00,PUR_IED_Isabel-II_S_idiom_1c29aa,PUR_IED_Isabel-II_S_idiom_1c29aa,,,,,
2026-09-12T17:11:06-05:00,PUR_IED_Isabel-II_S_infor_fd741,PUR_IED_Isabel-II_S_infor_fd741,,,,,
2026-09-12T17:11:06-05:00,PUR_IED_IsidroSur_Exterio_5b90ea,PUR_IED_IsidroSur_Exterio_5b90ea,,,,,
2026-09-12T17:11:06-05:00,PUR_IED_IsidroSur_LabTec_56697a,PUR_IED_IsidroSur_LabTec_56697a,,,,,
2026-09-12T17:11:06-05:00,PUR_IED_IsidroSur_Robotic_b7c38f,PUR_IED_IsidroSur_Robotic_b7c38f,,,,,
2026-09-12T17:11:06-05:00,PUR_IED_IsmaelPerd_Ext_7b6672,PUR_IED_IsmaelPerd_Ext_7b6672,,,,,
2026-09-12T17:11:06-05:00,PUR_IED_IsmaelPerd_Inform_306540,PUR_IED_IsmaelPerd_Inform_306540,,,,,
2026-09-12T17:11:06-05:00,PUR_IED_IsmaelPerd_S30_2e2c83,PUR_IED_IsmaelPerd_S30_2e2c83,,,,,
2026-09-12T17:11:06-05:00,PUR_IED_JLozano_Exter_432910,PUR_IED_JLozano_Exter_432910,,,,,
2026-09-12T17:11:06-05:00,PUR_IED_JLozano_salaMulti_df5125,PUR_IED_JLozano_salaMulti_df5125,,,,,
2026-09-12T17:11:06-05:00,PUR_IED_JMCordoba_206_86f80b,PUR_IED_JMCordoba_206_86f80b,,,,,
2026-09-12T17:11:06-05:00,PUR_IED_JMCordoba_Ext_27ad97,PUR_IED_JMCordoba_Ext_27ad97,,,,,
2026-09-12T17:11:06-05:00,PUR_IED_JMCordoba_S310_d59ab4,PUR_IED_JMCordoba_S310_d59ab4,,,,,
2026-09-12T17:11:06-05:00,PUR_IED_Japon_Ext_549100,PUR_IED_Japon_Ext_549100,,,,,
2026-09-12T17:11:06-05:00,PUR_IED_Japon_Laboratorio_bec51d,PUR_IED_Japon_Laboratorio_bec51d,,,,,
2026-09-12T17:11:06-05:00,PUR_IED_Japon_informatica_d99327,PUR_IED_Japon_informatica_d99327,,,,,
2026-09-12T17:11:06-05:00,PUR_IED_Jazmin_Ext_d27bda,PUR_IED_Jazmin_Ext_d27bda,,,,,
2026-09-12T17:11:06-05:00,PUR_IED_Jazmin_Fisica_8d14d7,PUR_IED_Jazmin_Fisica_8d14d7,,,,,
2026-09-12T17:11:06-05:00,PUR_IED_Jazmin_Quimica_801cb5,PUR_IED_Jazmin_Quimica_801cb5,,,,,
2026-09-12T17:11:06-05:00,PUR_IED_JorgeGaitan_Exter_f098d1,PUR_IED_JorgeGaitan_Exter_f098d1,,,,,
2026-09-12T17:11:06-05:00,PUR_IED_JorgeGaitan_STec1_dc9d1d,PUR_IED_JorgeGaitan_STec1_dc9d1d,,,,,
2026-09-12T17:11:06-05:00,PUR_IED_JorgeGaitan_STec2_281e69,PUR_IED_JorgeGaitan_STec2_281e69,,,,,
2026-09-12T17:11:06-05:00,PUR_IED_JorgeSoto_Exterio_d9d0a2,PUR_IED_JorgeSoto_Exterio_d9d0a2,,,,,
2026-09-12T17:11:06-05:00,PUR_IED_JorgeSoto_LabFisi_209c54,PUR_IED_JorgeSoto_LabFisi_209c54,,,,,
2026-09-12T17:11:06-05:00,PUR_IED_JorgeSoto_S103_27b51a,PUR_IED_JorgeSoto_S103_27b51a,,,,,
2026-09-12T17:11:06-05:00,PUR_IED_JoseAcevedo_A02_e965eb,PUR_IED_JoseAcevedo_A02_e965eb,,,,,
2026-09-12T17:11:06-05:00,PUR_IED_JoseAcevedo_A07_dd5b4,PUR_IED_JoseAcevedo_A07_dd5b4,,,,,
2026-09-12T17:11:06-05:00,PUR_IED_JoseAcevedo_Ext_b47484,PUR_IED_JoseAcevedo_Ext_b47484,,,,,
2026-09-12T17:11:06-05:00,PUR_IED_JoseMarti_Exte_5b9bf,PUR_IED_JoseMarti_Exte_5b9bf,,,,,
2026-09-12T17:11:06-05:00,PUR_IED_JoseMarti_LabQuim_1c6c2d,PUR_IED_JoseMarti_LabQuim_1c6c2d,,,,,
2026-09-12T17:11:06-05:00,PUR_IED_JoseMarti_S_info_f5f177,PUR_IED_JoseMarti_S_info_f5f177,,,,,
2026-09-12T17:11:06-05:00,PUR_IED_Josejoaquin_Ext_dfc5dc,PUR_IED_Josejoaquin_Ext_dfc5dc,,,,,
2026-09-12T17:11:06-05:00,PUR_IED_Josejoaquin_S05_5b2a96,PUR_IED_Josejoaquin_S05_5b2a96,,,,,
2026-09-12T17:11:06-05:00,PUR_IED_Josejoaquin_S06_1ce7d2,PUR_IED_Josejoaquin_S06_1ce7d2,,,,,
2026-09-12T17:11:06-05:00,PUR_IED_JulioFlorez_Danza_9b82dd,PUR_IED_JulioFlorez_Danza_9b82dd,,,,,
2026-09-12T17:11:06-05:00,PUR_IED_JulioFlorez_Exter_f9f314,PUR_IED_JulioFlorez_Exter_f9f314,,,,,
2026-09-12T17:11:06-05:00,PUR_IED_JulioFlorez_info2_6b6e08,PUR_IED_JulioFlorez_info2_6b6e08,,,,,
2026-09-12T17:11:06-05:00,PUR_IED_LaBelleza_Aula13_1d00d8,PUR_IED_LaBelleza_Aula13_1d00d8,,,,,
2026-09-12T17:11:06-05:00,PUR_IED_LaBelleza_Ext_7bc08c,PUR_IED_LaBelleza_Ext_7bc08c,,,,,
2026-09-12T17:11:06-05:00,PUR_IED_LaChucua_Ext_8cd6d2,PUR_IED_LaChucua_Ext_8cd6d2,,,,,
2026-09-12T17:11:06-05:00,PUR_IED_LaChucua_S15_f578ce,PUR_IED_LaChucua_S15_f578ce,,,,,
2026-09-12T17:11:06-05:00,PUR_IED_LaChucua_S16_eebcf9,PUR_IED_LaChucua_S16_eebcf9,,,,,
2026-09-12T17:11:06-05:00,PUR_IED_LaFelicidad_Ext_fb5109,PUR_IED_LaFelicidad_Ext_fb5109,,,,,
2026-09-12T17:11:06-05:00,PUR_IED_LaMerced_206_66ebd,PUR_IED_LaMerced_206_66ebd,,,,,
2026-09-12T17:11:06-05:00,PUR_IED_LaMerced_207_6ebd6,PUR_IED_LaMerced_207_6ebd6,,,,,
2026-09-12T17:11:06-05:00,PUR_IED_LaMerced_ext_304311,PUR_IED_LaMerced_ext_304311,,,,,
2026-09-12T17:11:06-05:00,PUR_IED_Laureano_CiencNat_281e5e,PUR_IED_Laureano_CiencNat_281e5e,,,,,
2026-09-12T17:11:06-05:00,PUR_IED_Laureano_Comedor_f65c0a,PUR_IED_Laureano_Comedor_f65c0a,,,,,
2026-09-12T17:11:06-05:00,PUR_IED_Laureano_Exterior_7ab011,PUR_IED_Laureano_Exterior_7ab011,,,,,
2026-09-12T17:11:06-05:00,PUR_IED_LeonGreiff_Exte_dfe560,PUR_IED_LeonGreiff_Exte_dfe560,,,,,
2026-09-12T17:11:06-05:00,PUR_IED_LeonGreiff_S210_f264ed,PUR_IED_LeonGreiff_S210_f264ed,,,,,
2026-09-12T17:11:06-05:00,PUR_IED_LeonGreiff_SQuimi_e8296f,PUR_IED_LeonGreiff_SQuimi_e8296f,,,,,
2026-09-12T17:11:06-05:00,PUR_IED_LlanoOrientalS208_7b9fcd,PUR_IED_LlanoOrientalS208_7b9fcd,,,,,
2026-09-12T17:11:06-05:00,PUR_IED_LlanoOriental_Ext_fb3766,PUR_IED_LlanoOriental_Ext_fb3766,,,,,
2026-09-12T17:11:06-05:00,PUR_IED_LlanoOriental_S208_7b9fcd,PUR_IED_LlanoOriental_S208_7b9fcd,,,,,
2026-09-12T17:11:06-05:00,PUR_IED_LlanoOriental_S9_27b378,PUR_IED_LlanoOriental_S9_27b378,,,,,
2026-09-12T17:11:06-05:00,PUR_IED_LosTejares_1101_477602,PUR_IED_LosTejares_1101_477602,,,,,
2026-09-12T17:11:06-05:00,PUR_IED_LosTejares_11_d2c595,PUR_IED_LosTejares_11_d2c595,,,,,
2026-09-12T17:11:06-05:00,PUR_IED_LosTejares_12_477602,PUR_IED_LosTejares_12_477602,,,,,
2026-09-12T17:11:06-05:00,PUR_IED_LosTejares_Ext_8e2115,PUR_IED_LosTejares_Ext_8e2115,,,,,
2026-09-12T17:11:06-05:00,PUR_IED_MagdalenaO_B202_5ddda3,PUR_IED_MagdalenaO_B202_5ddda3,,,,,
2026-09-12T17:11:06-05:00,PUR_IED_MagdalenaO_B205_fb76e8,PUR_IED_MagdalenaO_B205_fb76e8,,,,,
2026-09-12T17:11:06-05:00,PUR_IED_MagdalenaO_ext_dc69cd,PUR_IED_MagdalenaO_ext_dc69cd,,,,,
2026-09-12T17:11:06-05:00,PUR_IED_ManueCepeda_artes_eee956,PUR_IED_ManueCepeda_artes_eee956,,,,,
2026-09-12T17:11:06-05:00,PUR_IED_ManuelCepeda_Ext_58313,PUR_IED_ManuelCepeda_Ext_58313,,,,,
2026-09-12T17:11:06-05:00,PUR_IED_ManuelCepeda_tec_1c5731,PUR_IED_ManuelCepeda_tec_1c5731,,,,,
2026-09-12T17:11:06-05:00,PUR_IED_ManuelS_Exterior_5b269,PUR_IED_ManuelS_Exterior_5b269,,,,,
2026-09-12T17:11:06-05:00,PUR_IED_ManuelS_Inform_f369ce,PUR_IED_ManuelS_Inform_f369ce,,,,,
2026-09-12T17:11:06-05:00,PUR_IED_ManuelS_SArtes_7d15f1,PUR_IED_ManuelS_SArtes_7d15f1,,,,,
2026-09-12T17:11:06-05:00,PUR_IED_ManuelZapata_303_3ca6,PUR_IED_ManuelZapata_303_3ca6,,,,,
2026-09-12T17:11:06-05:00,PUR_IED_ManuelZapata_311_bfbabc,PUR_IED_ManuelZapata_311_bfbabc,,,,,
2026-09-12T17:11:06-05:00,PUR_IED_ManuelZapata_Ext_50824a,PUR_IED_ManuelZapata_Ext_50824a,,,,,
2026-09-12T17:11:06-05:00,PUR_IED_ManuelitaS_Exteri_656a92,PUR_IED_ManuelitaS_Exteri_656a92,,,,,
2026-09-12T17:11:06-05:00,PUR_IED_ManuelitaS_JuzgDe_f58ec3,PUR_IED_ManuelitaS_JuzgDe_f58ec3,,,,,
2026-09-12T17:11:06-05:00,PUR_IED_ManuelitaS_Recrea_d793db,PUR_IED_ManuelitaS_Recrea_d793db,,,,,
2026-09-12T17:11:06-05:00,PUR_IED_MarFidSuarez_Ext_c27b19,PUR_IED_MarFidSuarez_Ext_c27b19,,,,,
2026-09-12T17:11:06-05:00,PUR_IED_MarFidSuarez_Info_e384d7,PUR_IED_MarFidSuarez_Info_e384d7,,,,,
2026-09-12T17:11:06-05:00,PUR_IED_MarFidSuarez_S306_1d0032,PUR_IED_MarFidSuarez_S306_1d0032,,,,,
2026-09-12T17:11:06-05:00,PUR_IED_Menorah_301_2a25a3,PUR_IED_Menorah_301_2a25a3,,,,,
2026-09-12T17:11:06-05:00,PUR_IED_Menorah_306_37ed3,PUR_IED_Menorah_306_37ed3,,,,,
2026-09-12T17:11:06-05:00,PUR_IED_Menorah_Ext_3e155b,PUR_IED_Menorah_Ext_3e155b,,,,,
2026-09-12T17:11:06-05:00,PUR_IED_MinutoB.Aires_A11_1b1604,PUR_IED_MinutoB.Aires_A11_1b1604,,,,,
2026-09-12T17:11:06-05:00,PUR_IED_MinutoB.Aires_A12_fb5860,PUR_IED_MinutoB.Aires_A12_fb5860,,,,,
2026-09-12T17:11:06-05:00,PUR_IED_MinutoB.Aires_Ext_81293f,PUR_IED_MinutoB.Aires_Ext_81293f,,,,,
2026-09-12T17:11:06-05:00,PUR_IED_MinutoBAires_A11_1b1604,PUR_IED_MinutoBAires_A11_1b1604,,,,,
2026-09-12T17:11:06-05:00,PUR_IED_MinutoBAires_A12_fb5860,PUR_IED_MinutoBAires_A12_fb5860,,,,,
2026-09-12T17:11:06-05:00,PUR_IED_MinutoBAires_Ext_81293f,PUR_IED_MinutoBAires_Ext_81293f,,,,,
2026-09-12T17:11:06-05:00,PUR_IED_Montreal_Aula10_1e4959,PUR_IED_Montreal_Aula10_1e4959,,,,,
2026-09-12T17:11:06-05:00,PUR_IED_Montreal_Aula6_300367,PUR_IED_Montreal_Aula6_300367,,,,,
2026-09-12T17:11:06-05:00,PUR_IED_Montreal_Exterior_91a179,PUR_IED_Montreal_Exterior_91a179,,,,,
2026-09-12T17:11:06-05:00,PUR_IED_Mqgdalena_B202_5ddda3,PUR_IED_Mqgdalena_B202_5ddda3,,,,,
2026-09-12T17:11:06-05:00,PUR_IED_NACUND_Soc_dc8728,PUR_IED_NACUND_Soc_dc8728,,,,,
2026-09-12T17:11:06-05:00,PUR_IED_NACUND_ext_27ad97,PUR_IED_NACUND_ext_27ad97,,,,,
2026-09-12T17:11:06-05:00,PUR_IED_NEsperanza_Ext_d24b61,PUR_IED_NEsperanza_Ext_d24b61,,,,,
2026-09-12T17:11:06-05:00,PUR_IED_NEsperanza_SElect_7d1807,PUR_IED_NEsperanza_SElect_7d1807,,,,,
2026-09-12T17:11:06-05:00,PUR_IED_NEsperanza_SLabor_8b2d0a,PUR_IED_NEsperanza_SLabor_8b2d0a,,,,,
2026-09-12T17:11:06-05:00,PUR_IED_NacionesU_Ext_f661a9,PUR_IED_NacionesU_Ext_f661a9,,,,,
2026-09-12T17:11:06-05:00,PUR_IED_NacionesU_Quimica_66f0a,PUR_IED_NacionesU_Quimica_66f0a,,,,,
2026-09-12T17:11:06-05:00,PUR_IED_NacionesU_S306_1b4b3d,PUR_IED_NacionesU_S306_1b4b3d,,,,,
2026-09-12T17:11:06-05:00,PUR_IED_NestorFA_Ext_e4201c,PUR_IED_NestorFA_Ext_e4201c,,,,,
2026-09-12T17:11:06-05:00,PUR_IED_NestorFA_Laborato_f22fe0,PUR_IED_NestorFA_Laborato_f22fe0,,,,,
2026-09-12T17:11:06-05:00,PUR_IED_NestorFA_S204_dee996,PUR_IED_NestorFA_S204_dee996,,,,,
2026-09-12T17:11:06-05:00,PUR_IED_NidyaQT_Aula03_76999b,PUR_IED_NidyaQT_Aula03_76999b,,,,,
2026-09-12T17:11:06-05:00,PUR_IED_NidyaQT_Aula10_56325,PUR_IED_NidyaQT_Aula10_56325,,,,,
2026-09-12T17:11:06-05:00,PUR_IED_NidyaQT_Ext_46e32d,PUR_IED_NidyaQT_Ext_46e32d,,,,,
2026-09-12T17:11:06-05:00,PUR_IED_NuevaCol_Exterior_d9b859,PUR_IED_NuevaCol_Exterior_d9b859,,,,,
2026-09-12T17:11:06-05:00,PUR_IED_NuevaCol_S1101_76c43b,PUR_IED_NuevaCol_S1101_76c43b,,,,,
2026-09-12T17:11:06-05:00,PUR_IED_NuevaCol_S1102_1ce0b5,PUR_IED_NuevaCol_S1102_1ce0b5,,,,,
2026-09-12T17:11:06-05:00,PUR_IED_OEA_A202_f7e3f2,PUR_IED_OEA_A202_f7e3f2,,,,,
2026-09-12T17:11:06-05:00,PUR_IED_OEA_A203_7d1b8d,PUR_IED_OEA_A203_7d1b8d,,,,,
2026-09-12T17:11:06-05:00,PUR_IED_OEA_Ext_27b593,PUR_IED_OEA_Ext_27b593,,,,,
2026-09-12T17:11:06-05:00,PUR_IED_Ochoa_Ext_1c29da,PUR_IED_Ochoa_Ext_1c29da,,,,,
2026-09-12T17:11:06-05:00,PUR_IED_Ochoa_S205_8b1121,PUR_IED_Ochoa_S205_8b1121,,,,,
2026-09-12T17:11:06-05:00,PUR_IED_Ochoa_Sistemas_f33af6,PUR_IED_Ochoa_Sistemas_f33af6,,,,,
2026-09-12T17:11:06-05:00,PUR_IED_PQuebec_Ext_1c67c7,PUR_IED_PQuebec_Ext_1c67c7,,,,,
2026-09-12T17:11:06-05:00,PUR_IED_PQuebec_S15_23e8e2,PUR_IED_PQuebec_S15_23e8e2,,,,,
2026-09-12T17:11:06-05:00,PUR_IED_PQuebec_S16_8ec76b,PUR_IED_PQuebec_S16_8ec76b,,,,,
2026-09-12T17:11:06-05:00,PUR_IED_PabloN_Ext_49dc96,PUR_IED_PabloN_Ext_49dc96,,,,,
2026-09-12T17:11:06-05:00,PUR_IED_PabloN_S1102_4e3df5,PUR_IED_PabloN_S1102_4e3df5,,,,,
2026-09-12T17:11:06-05:00,PUR_IED_PabloN_S1103_50c94b,PUR_IED_PabloN_S1103_50c94b,,,,,
2026-09-12T17:11:06-05:00,PUR_IED_Palestina_S1101_db9198,PUR_IED_Palestina_S1101_db9198,,,,,
2026-09-12T17:11:06-05:00,PUR_IED_Palestina_S1102_dc54fa,PUR_IED_Palestina_S1102_dc54fa,,,,,
2026-09-12T17:11:06-05:00,PUR_IED_Palestina_ext_4ccce6,PUR_IED_Palestina_ext_4ccce6,,,,,
2026-09-12T17:11:06-05:00,PUR_IED_Panama_Fisica_4d0794,PUR_IED_Panama_Fisica_4d0794,,,,,
2026-09-12T17:11:06-05:00,PUR_IED_Panama_SIngles_a4077e,PUR_IED_Panama_SIngles_a4077e,,,,,
2026-09-12T17:11:06-05:00,PUR_IED_Panama_ext_4c54b4,PUR_IED_Panama_ext_4c54b4,,,,,
2026-09-12T17:11:06-05:00,PUR_IED_ParaisoM_Exterior_8cd7f0,PUR_IED_ParaisoM_Exterior_8cd7f0,,,,,
2026-09-12T17:11:06-05:00,PUR_IED_ParaisoM_Laborato_27af35,PUR_IED_ParaisoM_Laborato_27af35,,,,,
2026-09-12T17:11:06-05:00,PUR_IED_ParaisoM_S304_d1edca,PUR_IED_ParaisoM_S304_d1edca,,,,,
2026-09-12T17:11:06-05:00,PUR_IED_PorfirioBarba_Ext_301466,PUR_IED_PorfirioBarba_Ext_301466,,,,,
2026-09-12T17:11:06-05:00,PUR_IED_PorfirioBarba_S11_df6cd2,PUR_IED_PorfirioBarba_S11_df6cd2,,,,,
2026-09-12T17:11:06-05:00,PUR_IED_PorfirioBarba_S29_27a7d6,PUR_IED_PorfirioBarba_S29_27a7d6,,,,,
2026-09-12T17:11:06-05:00,PUR_IED_PradoV_Exter_8b27ad,PUR_IED_PradoV_Exter_8b27ad,,,,,
2026-09-12T17:11:06-05:00,PUR_IED_PradoV_S301_de65b5,PUR_IED_PradoV_S301_de65b5,,,,,
2026-09-12T17:11:06-05:00,PUR_IED_PradoV_S302_7d2593,PUR_IED_PradoV_S302_7d2593,,,,,
2026-09-12T17:11:06-05:00,PUR_IED_QuirogaAlz_Ext_1ddc82,PUR_IED_QuirogaAlz_Ext_1ddc82,,,,,
2026-09-12T17:11:06-05:00,PUR_IED_QuirogaAlz_S302_9926a3,PUR_IED_QuirogaAlz_S302_9926a3,,,,,
2026-09-12T17:11:06-05:00,PUR_IED_QuirogaAlz_S305_cdf1f1,PUR_IED_QuirogaAlz_S305_cdf1f1,,,,,
2026-09-12T17:11:06-05:00,PUR_IED_RGuatemala_Biling_dc53b7,PUR_IED_RGuatemala_Biling_dc53b7,,,,,
2026-09-12T17:11:06-05:00,PUR_IED_RGuatemala_Ext_1b89a3,PUR_IED_RGuatemala_Ext_1b89a3,,,,,
2026-09-12T17:11:06-05:00,PUR_IED_RGuatemala_Tecnol_281a34,PUR_IED_RGuatemala_Tecnol_281a34,,,,,
2026-09-12T17:11:06-05:00,PUR_IED_RafaNu_Ext_f7c302,PUR_IED_RafaNu_Ext_f7c302,,,,,
2026-09-12T17:11:06-05:00,PUR_IED_RafaNu_S1101_25fde,PUR_IED_RafaNu_S1101_25fde,,,,,
2026-09-12T17:11:06-05:00,PUR_IED_RafaNu_S1102_281517,PUR_IED_RafaNu_S1102_281517,,,,,
2026-09-12T17:11:06-05:00,PUR_IED_RafaelB_S305_ee2783,PUR_IED_RafaelB_S305_ee2783,,,,,
2026-09-12T17:11:06-05:00,PUR_IED_RafaelB_S306_75fe33,PUR_IED_RafaelB_S306_75fe33,,,,,
2026-09-12T17:11:06-05:00,PUR_IED_RafaelB_ext_283336,PUR_IED_RafaelB_ext_283336,2,19,61,4.6722,-74.0737
2026-09-12T17:11:06-05:00,PUR_IED_RafaelUU_Exterior_281a51,PUR_IED_RafaelUU_Exterior_281a51,,,,,
2026-09-12T17:11:06-05:00,PUR_IED_RafaelUU_Human_806b2,PUR_IED_RafaelUU_Human_806b2,,,,,
2026-09-12T17:11:06-05:00,PUR_IED_RafaelUU_Mate2_5680d4,PUR_IED_RafaelUU_Mate2_5680d4,,,,,
2026-09-12T17:11:06-05:00,PUR_IED_RamonSub_Ext_f9eeb9,PUR_IED_RamonSub_Ext_f9eeb9,,,,,
2026-09-12T17:11:06-05:00,PUR_IED_RamonSub_Media_d1f62f,PUR_IED_RamonSub_Media_d1f62f,,,,,
2026-09-12T17:11:06-05:00,PUR_IED_RamonSub_planta_51b82,PUR_IED_RamonSub_planta_51b82,,,,,
2026-09-12T17:11:06-05:00,PUR_IED_RepBoliVene_Exter_27af7c,PUR_IED_RepBoliVene_Exter_27af7c,,,,,
2026-09-12T17:11:06-05:00,PUR_IED_RepBoliVene_SCPT_5ae2ee,PUR_IED_RepBoliVene_SCPT_5ae2ee,,,,,
2026-09-12T17:11:06-05:00,PUR_IED_RepBoliVene_Socia_4b11d5,PUR_IED_RepBoliVene_Socia_4b11d5,,,,,
2026-09-12T17:11:06-05:00,PUR_IED_RepChina_Ext_76d9ee,PUR_IED_RepChina_Ext_76d9ee,,,,,
2026-09-12T17:11:06-05:00,PUR_IED_RepChina_S404_7c804c,PUR_IED_RepChina_S404_7c804c,,,,,
2026-09-12T17:11:06-05:00,PUR_IED_RepChina_S405_df2c33,PUR_IED_RepChina_S405_df2c33,,,,,
2026-09-12T17:11:06-05:00,PUR_IED_RepublicaC_Exteri_7d1ec9,PUR_IED_RepublicaC_Exteri_7d1ec9,,,,,
2026-09-12T17:11:06-05:00,PUR_IED_RepublicaC_S1101_f544b3,PUR_IED_RepublicaC_S1101_f544b3,,,,,
2026-09-12T17:11:06-05:00,PUR_IED_RepublicaC_S1102_7aafc7,PUR_IED_RepublicaC_S1102_7aafc7,,,,,
2026-09-12T17:11:06-05:00,PUR_IED_Ricaurte_Externo_a0ea1,PUR_IED_Ricaurte_Externo_a0ea1,,,,,
2026-09-12T17:11:06-05:00,PUR_IED_Ricaurte_S210_f546fd,PUR_IED_Ricaurte_S210_f546fd,,,,,
2026-09-12T17:11:06-05:00,PUR_IED_Ricaurte_S309_d4452,PUR_IED_Ricaurte_S309_d4452,,,,,
2026-09-12T17:11:06-05:00,PUR_IED_RogelioS_1102_531e69,PUR_IED_RogelioS_1102_531e69,,,,,
2026-09-12T17:11:06-05:00,PUR_IED_RogelioS_Ext_f25a18,PUR_IED_RogelioS_Ext_f25a18,,,,,
2026-09-12T17:11:06-05:00,PUR_IED_SBernardino_Ext_27aff8,PUR_IED_SBernardino_Ext_27aff8,,,,,
2026-09-12T17:11:06-05:00,PUR_IED_SBernardino_SArte_2ffd33,PUR_IED_SBernardino_SArte_2ffd33,,,,,
2026-09-12T17:11:06-05:00,PUR_IED_SBernardino_SIngl_7c7da5,PUR_IED_SBernardino_SIngl_7c7da5,,,,,
2026-09-12T17:11:06-05:00,PUR_IED_Sago_auditorio_dc9d1d,PUR_IED_Sago_auditorio_dc9d1d,,,,,
2026-09-12T17:11:06-05:00,PUR_IED_Saludcoop_Ext_95aac3,PUR_IED_Saludcoop_Ext_95aac3,,,,,
2026-09-12T17:11:06-05:00,PUR_IED_Saludcoop_InfI_90c854,PUR_IED_Saludcoop_InfI_90c854,,,,,
2026-09-12T17:11:06-05:00,PUR_IED_Saludcoop_SMedia_1b93be,PUR_IED_Saludcoop_SMedia_1b93be,,,,,
2026-09-12T17:11:06-05:00,PUR_IED_SanCarlos_1101_1a2360,PUR_IED_SanCarlos_1101_1a2360,,,,,
2026-09-12T17:11:06-05:00,PUR_IED_SanCarlos_1103_7bafb5,PUR_IED_SanCarlos_1103_7bafb5,,,,,
2026-09-12T17:11:06-05:00,PUR_IED_SanCarlos_Ext_b7cd1,PUR_IED_SanCarlos_Ext_b7cd1,,,,,
2026-09-12T17:11:06-05:00,PUR_IED_SanIgnacioBosa11a_50c26e,PUR_IED_SanIgnacioBosa11a_50c26e,,,,,
2026-09-12T17:11:06-05:00,PUR_IED_SanIgnacioBosa11b_371de8,PUR_IED_SanIgnacioBosa11b_371de8,,,,,
2026-09-12T17:11:06-05:00,PUR_IED_SanIgnacioBosaExt_ef0ffc,PUR_IED_SanIgnacioBosaExt_ef0ffc,,,,,
2026-09-12T17:11:06-05:00,PUR_IED_SanIgnacioBosa_11a_50c26e,PUR_IED_SanIgnacioBosa_11a_50c26e,,,,,
2026-09-12T17:11:06-05:00,PUR_IED_SanIgnacioBosa_Ext_ef0ffc,PUR_IED_SanIgnacioBosa_Ext_ef0ffc,,,,,
2026-09-12T17:11:06-05:00,PUR_IED_SanJoseN_intS1101_31c47f,PUR_IED_SanJoseN_intS1101_31c47f,,,,,
2026-09-12T17:11:06-05:00,PUR_IED_SanJoseUsm_Exter_f5d7e8,PUR_IED_SanJoseUsm_Exter_f5d7e8,,,,,
2026-09-12T17:11:06-05:00,PUR_IED_SanJoseUsm_Int11A_cfdef6,PUR_IED_SanJoseUsm_Int11A_cfdef6,,,,,
2026-09-12T17:11:06-05:00,PUR_IED_SilveriaR_IntB5_905349,PUR_IED_SilveriaR_IntB5_905349,,,,,
2026-09-12T17:11:06-05:00,PUR_IED_SilveriaR_IntSD14_981f93,PUR_IED_SilveriaR_IntSD14_981f93,,,,,
2026-09-12T17:11:06-05:00,PUR_IED_SilveriaR_ext_2b651d,PUR_IED_SilveriaR_ext_2b651d,,,,,
2026-09-12T17:11:06-05:00,PUR_IED_SimonB_Exterior_913975,PUR_IED_SimonB_Exterior_913975,,,,,
2026-09-12T17:11:06-05:00,PUR_IED_SimonB_LabQuimi_c56908,PUR_IED_SimonB_LabQuimi_c56908,,,,,
2026-09-12T17:11:06-05:00,PUR_IED_SimonB_informatic_a28c1,PUR_IED_SimonB_informatic_a28c1,,,,,
2026-09-12T17:11:06-05:00,PUR_IED_Sorrento_1102_315f50,PUR_IED_Sorrento_1102_315f50,,,,,
2026-09-12T17:11:06-05:00,PUR_IED_Sorrento_Minte_214eab,PUR_IED_Sorrento_Minte_214eab,,,,,
2026-09-12T17:11:06-05:00,PUR_IED_Sorrento_ext_7c3a0a,PUR_IED_Sorrento_ext_7c3a0a,,,,,
2026-09-12T17:11:06-05:00,PUR_IED_Tabora_Ext_f048ae,PUR_IED_Tabora_Ext_f048ae,,,,,
2026-09-12T17:11:06-05:00,PUR_IED_Tabora_S1102_b07752,PUR_IED_Tabora_S1102_b07752,,,,,
2026-09-12T17:11:06-05:00,PUR_IED_Tabora_S1103_d988f5,PUR_IED_Tabora_S1103_d988f5,,,,,
2026-09-12T17:11:06-05:00,PUR_IED_Tenerife_Ext_1ab188,PUR_IED_Tenerife_Ext_1ab188,,,,,
2026-09-12T17:11:06-05:00,PUR_IED_Tenerife_SDanzas_7bc02e,PUR_IED_Tenerife_SDanzas_7bc02e,,,,,
2026-09-12T17:11:06-05:00,PUR_IED_Tenerife_SIngles_7cc277,PUR_IED_Tenerife_SIngles_7cc277,,,,,
2026-09-12T17:11:06-05:00,PUR_IED_Tibabuyes_Exter_f2683d,PUR_IED_Tibabuyes_Exter_f2683d,,,,,
2026-09-12T17:11:06-05:00,PUR_IED_Tibabuyes_S10_dc87a8,PUR_IED_Tibabuyes_S10_dc87a8,,,,,
2026-09-12T17:11:06-05:00,PUR_IED_Tibabuyes_S15_dc0526,PUR_IED_Tibabuyes_S15_dc0526,,,,,
2026-09-12T17:11:06-05:00,PUR_IED_UnionE_S301_a1043,PUR_IED_UnionE_S301_a1043,,,,,
2026-09-12T17:11:06-05:00,PUR_IED_UnionE_S307_ff6c2f,PUR_IED_UnionE_S307_ff6c2f,,,,,
2026-09-12T17:11:06-05:00,PUR_IED_UnionE__Ext_5e2468,PUR_IED_UnionE__Ext_5e2468,,,,,
2026-09-12T17:11:06-05:00,PUR_IED_VillaRica_Ext_75be7c,PUR_IED_VillaRica_Ext_75be7c,,,,,
2026-09-12T17:11:06-05:00,PUR_IED_VillaRica_S4_cc5dcd,PUR_IED_VillaRica_S4_cc5dcd,,,,,
2026-09-12T17:11:06-05:00,PUR_IED_VillaRica_Sesp_99f5c,PUR_IED_VillaRica_Sesp_99f5c,,,,,
2026-09-12T17:16:10-05:00,PUR_IED_20deJulio_1101_91b1b9,PUR_IED_20deJulio_1101_91b1b9,,,,,
2026-09-12T17:16:10-05:00,PUR_IED_20deJulio_1102_1cfcf9,PUR_IED_20deJulio_1102_1cfcf9,,,,,
2026-09-12T17:16:10-05:00,PUR_IED_20deJulio_Ext_ab60bd,PUR_IED_20deJulio_Ext_ab60bd,,,,,
2026-09-12T17:16:10-05:00,PUR_IED_AgustinFer_Ext_7b9b77,PUR_IED_AgustinFer_Ext_7b9b77,,,,,
2026-09-12T17:16:10-05:00,PUR_IED_AgustinFer_Info2_27b3a7,PUR_IED_AgustinFer_Info2_27b3a7,,,,,
2026-09-12T17:16:10-05:00,PUR_IED_AgustinFer_Sena_54b4eb,PUR_IED_AgustinFer_Sena_54b4eb,,,,,
2026-09-12T17:16:10-05:00,PUR_IED_AlexanderF_1102_caf07b,PUR_IED_AlexanderF_1102_caf07b,,,,,
2026-09-12T17:16:10-05:00,PUR_IED_AlexanderF_1103_c79e71,PUR_IED_AlexanderF_1103_c79e71,,,,,
2026-09-12T17:16:10-05:00,PUR_IED_AlexanderF_Ext_c5b18b,PUR_IED_AlexanderF_Ext_c5b18b,,,,,
2026-09-12T17:16:10-05:00,PUR_IED_AlfonsoLopez_Ext_281d77,PUR_IED_AlfonsoLopez_Ext_281d77,,,,,
2026-09-12T17:16:10-05:00,PUR_IED_AlfonsoLopez_LabF_888ce0,PUR_IED_AlfonsoLopez_LabF_888ce0,,,,,
2026-09-12T17:16:10-05:00,PUR_IED_AlfonsoLopez_SMed_df6a7f,PUR_IED_AlfonsoLopez_SMed_df6a7f,,,,,
2026-09-12T17:16:10-05:00,PUR_IED_AltamiraSO_A2_209f92,PUR_IED_AltamiraSO_A2_209f92,,,,,
2026-09-12T17:16:10-05:00,PUR_IED_AltamiraSO_Ext_186d66,PUR_IED_AltamiraSO_Ext_186d66,,,,,
2026-09-12T17:16:10-05:00,PUR_IED_AltamiraSO_Sistem_27afe1,PUR_IED_AltamiraSO_Sistem_27afe1,,,,,
2026-09-12T17:16:10-05:00,PUR_IED_AlvaroGom_LabQuim_813179,PUR_IED_AlvaroGom_LabQuim_813179,,,,,
2026-09-12T17:16:10-05:00,PUR_IED_AlvaroGomez_Ext_47c7ca,PUR_IED_AlvaroGomez_Ext_47c7ca,,,,,
2026-09-12T17:16:10-05:00,PUR_IED_AlvaroGomez_LabQuim_813179,PUR_IED_AlvaroGomez_LabQuim_813179,,,,,
2026-09-12T17:16:10-05:00,PUR_IED_AlvaroGomez_S23_7ba89f,PUR_IED_AlvaroGomez_S23_7ba89f,,,,,
2026-09-12T17:16:10-05:00,PUR_IED_Amistad_306_dc8728,PUR_IED_Amistad_306_dc8728,,,,,
2026-09-12T17:16:10-05:00,PUR_IED_Amistad_Ext_8cd55e,PUR_IED_Amistad_Ext_8cd55e,,,,,
2026-09-12T17:16:10-05:00,PUR_IED_Amistad_S202_a41169,PUR_IED_Amistad_S202_a41169,,,,,
2026-09-12T17:16:10-05:00,PUR_IED_AndresBello_Bio_fd5f5e,PUR_IED_AndresBello_Bio_fd5f5e,,,,,
2026-09-12T17:16:10-05:00,PUR_IED_AndresBello_ext_dcad65,PUR_IED_AndresBello_ext_dcad65,,,,,
2026-09-12T17:16:10-05:00,PUR_IED_AndresBello_port_eed3ec,PUR_IED_AndresBello_port_eed3ec,,,,,
2026-09-12T17:16:10-05:00,PUR_IED_AngelaR_11b_d90a6b,PUR_IED_AngelaR_11b_d90a6b,,,,,
2026-09-12T17:16:10-05:00,PUR_IED_AngelaR_ext_7cad3e,PUR_IED_AngelaR_ext_7cad3e,3,20,62,4.5825,-74.164497
2026-09-12T17:16:10-05:00,PUR_IED_AntJoseSucre_10mo_df2575,PUR_IED_AntJoseSucre_10mo_df2575,,,,,
2026-09-12T17:16:10-05:00,PUR_IED_AntJoseSucre_Ext_215b36,PUR_IED_AntJoseSucre_Ext_215b36,,,,,
2026-09-12T17:16:10-05:00,PUR_IED_AntJoseSucre_Lab_3139de,PUR_IED_AntJoseSucre_Lab_3139de,,,,,
2026-09-12T17:16:10-05:00,PUR_IED_AntonioGarcia_301_d6b188,PUR_IED_AntonioGarcia_301_d6b188,,,,,
2026-09-12T17:16:10-05:00,PUR_IED_AntonioGarcia_302_88a82,PUR_IED_AntonioGarcia_302_88a82,,,,,
2026-09-12T17:16:10-05:00,PUR_IED_AntonioGarcia_Ext_20950c,PUR_IED_AntonioGarcia_Ext_20950c,,,,,
2026-09-12T17:16:10-05:00,PUR_IED_AntonioVan_Aula2_6dea02,PUR_IED_AntonioVan_Aula2_6dea02,,,,,
2026-09-12T17:16:10-05:00,PUR_IED_AntonioVan_Aula5_f1557e,PUR_IED_AntonioVan_Aula5_f1557e,,,,,
2026-09-12T17:16:10-05:00,PUR_IED_AntonioVan_Ext_406f2f,PUR_IED_AntonioVan_Ext_406f2f,,,,,
2026-09-12T17:16:10-05:00,PUR_IED_Atabanzha_Ext_cc5af9,PUR_IED_Atabanzha_Ext_cc5af9,,,,,
2026-09-12T17:16:10-05:00,PUR_IED_Atabanzha_SA101_56c37,PUR_IED_Atabanzha_SA101_56c37,,,,,
2026-09-12T17:16:10-05:00,PUR_IED_Atabanzha_SB302_27b374,PUR_IED_Atabanzha_SB302_27b374,,,,,
2026-09-12T17:16:10-05:00,PUR_IED_Atahualpa_Ext_fc1748,PUR_IED_Atahualpa_Ext_fc1748,,,,,
2026-09-12T17:16:10-05:00,PUR_IED_Atahualpa_Informa_dc9a95,PUR_IED_Atahualpa_Informa_dc9a95,,,,,
2026-09-12T17:16:10-05:00,PUR_IED_Atahualpa_S1101_f98056,PUR_IED_Atahualpa_S1101_f98056,,,,,
2026-09-12T17:16:10-05:00,PUR_IED_Bellavista_Ext_f5aa74,PUR_IED_Bellavista_Ext_f5aa74,,,,,
2026-09-12T17:16:10-05:00,PUR_IED_Bilbao_11A_916c41,PUR_IED_Bilbao_11A_916c41,,,,,
2026-09-12T17:16:10-05:00,PUR_IED_Bilbao_Ext_fb579a,PUR_IED_Bilbao_Ext_fb579a,,,,,
2026-09-12T17:16:10-05:00,PUR_IED_BrasiliaU_A125_304280,PUR_IED_BrasiliaU_A125_304280,,,,,
2026-09-12T17:16:10-05:00,PUR_IED_BrasiliaU_A203_7c8ca5,PUR_IED_BrasiliaU_A203_7c8ca5,,,,,
2026-09-12T17:16:10-05:00,PUR_IED_BrasiliaU_Ext_8d6e9f,PUR_IED_BrasiliaU_Ext_8d6e9f,,,,,
2026-09-12T17:16:10-05:00,PUR_IED_Brasilia_Ext_fe6593,PUR_IED_Brasilia_Ext_fe6593,,,,,
2026-09-12T17:16:10-05:00,PUR_IED_Brasilia_S24_7c130d,PUR_IED_Brasilia_S24_7c130d,,,,,
2026-09-12T17:16:10-05:00,PUR_IED_Brasilia_S501_186a54,PUR_IED_Brasilia_S501_186a54,,,,,
2026-09-12T17:16:10-05:00,PUR_IED_CHARRY_EXT_f1d5cd,PUR_IED_CHARRY_EXT_f1d5cd,,,,,
2026-09-12T17:16:10-05:00,PUR_IED_CHARRY_INTDANZAS_7a08e6,PUR_IED_CHARRY_INTDANZAS_7a08e6,,,,,
2026-09-12T17:16:10-05:00,PUR_IED_CHARRY_INT_AULA20_dc998d,PUR_IED_CHARRY_INT_AULA20_dc998d,,,,,
2026-09-12T17:16:10-05:00,PUR_IED_COLVIV_1101_S25_7f520a,PUR_IED_COLVIV_1101_S25_7f520a,,,,,
2026-09-12T17:16:10-05:00,PUR_IED_COLVIV_1102_S16_f570ba,PUR_IED_COLVIV_1102_S16_f570ba,,,,,
2026-09-12T17:16:10-05:00,PUR_IED_COLVIV_Ext_1a26fa,PUR_IED_COLVIV_Ext_1a26fa,,,,,
2026-09-12T17:16:10-05:00,PUR_IED_CULPOP_301A_f660f3,PUR_IED_CULPOP_301A_f660f3,,,,,
2026-09-12T17:16:10-05:00,PUR_IED_CULPOP_303_568afe,PUR_IED_CULPOP_303_568afe,,,,,
2026-09-12T17:16:10-05:00,PUR_IED_CULPOP_Ext_e02ccb,PUR_IED_CULPOP_Ext_e02ccb,,,,,
2026-09-12T17:16:10-05:00,PUR_IED_CVillavicen_Ext_26eb58,PUR_IED_CVillavicen_Ext_26eb58,5,16,78,4.487,-74.102798
2026-09-12T17:16:10-05:00,PUR_IED_CVillavicen_Intel_1ce5c2,PUR_IED_CVillavicen_Intel_1ce5c2,,,,,
2026-09-12T17:16:10-05:00,PUR_IED_CVillavicen_Poliv_e0766c,PUR_IED_CVillavicen_Poliv_e0766c,,,,,
2026-09-12T17:16:10-05:00,PUR_IED_CVillavicen_int_1ba140,PUR_IED_CVillavicen_int_1ba140,,,,,
2026-09-12T17:16:10-05:00,PUR_IED_CVillavicen_intel_1ba140,PUR_IED_CVillavicen_intel_1ba140,,,,,
2026-09-12T17:16:10-05:00,PUR_IED_CarlosPizarro_Ext_e307cc,PUR_IED_CarlosPizarro_Ext_e307cc,,,,,
2026-09-12T17:16:10-05:00,PUR_IED_CarlosPizarro_L36_7e5cdb,PUR_IED_CarlosPizarro_L36_7e5cdb,,,,,
2026-09-12T17:16:10-05:00,PUR_IED_CarlosPizarro_L37_c8566c,PUR_IED_CarlosPizarro_L37_c8566c,,,,,
2026-09-12T17:16:10-05:00,PUR_IED_Castilla_Ext_cf35f,PUR_IED_Castilla_Ext_cf35f,,,,,
2026-09-12T17:16:10-05:00,PUR_IED_Castilla_SFisik_360e38,PUR_IED_Castilla_SFisik_360e38,,,,,
2026-09-12T17:16:10-05:00,PUR_IED_Castilla_Sc304_496fbf,PUR_IED_Castilla_Sc304_496fbf,,,,,
2026-09-12T17:16:10-05:00,PUR_IED_CervantesSa_Ext_6b57b,PUR_IED_CervantesSa_Ext_6b57b,4,19,66,4.5128,-74.117203
2026-09-12T17:16:10-05:00,PUR_IED_CervantesSa_S107_225c2b,PUR_IED_CervantesSa_S107_225c2b,,,,,
2026-09-12T17:16:10-05:00,PUR_IED_CervantesSa_S108_940925,PUR_IED_CervantesSa_S108_940925,,,,,
2026-09-12T17:16:10-05:00,PUR_IED_Charry_A20_f53e7c,PUR_IED_Charry_A20_f53e7c,,,,,
2026-09-12T17:16:10-05:00,PUR_IED_Charry_Ext_f1d5cd,PUR_IED_Charry_Ext_f1d5cd,,,,,
2026-09-12T17:16:10-05:00,PUR_IED_Charry_IntAula20_dc998d,PUR_IED_Charry_IntAula20_dc998d,,,,,
2026-09-12T17:16:10-05:00,PUR_IED_Charry_IntDanzas_7a08e6,PUR_IED_Charry_IntDanzas_7a08e6,,,,,
2026-09-12T17:16:10-05:00,PUR_IED_ClememciaC_203_43e2fc,PUR_IED_ClememciaC_203_43e2fc,,,,,
2026-09-12T17:16:10-05:00,PUR_IED_ClememciaC_Ext_1b411a,PUR_IED_ClememciaC_Ext_1b411a,,,,,
2026-09-12T17:16:10-05:00,PUR_IED_ClememciaC_Quimic_44b5fc,PUR_IED_ClememciaC_Quimic_44b5fc,,,,,
2026-09-12T17:16:10-05:00,PUR_IED_ClemenciaC_203_43e2fc,PUR_IED_ClemenciaC_203_43e2fc,,,,,
2026-09-12T17:16:10-05:00,PUR_IED_ClemenciaC_Ext_1b411a,PUR_IED_ClemenciaC_Ext_1b411a,,,,,
2026-09-12T17:16:10-05:00,PUR_IED_ClemenciaC_Quimic_44b5fc,PUR_IED_ClemenciaC_Quimic_44b5fc,,,,,
2026-09-12T17:16:10-05:00,PUR_IED_ColViva_1101_S25_7f520a,PUR_IED_ColViva_1101_S25_7f520a,,,,,
2026-09-12T17:16:10-05:00,PUR_IED_ColViva_1102_S16_f570ba,PUR_IED_ColViva_1102_S16_f570ba,,,,,
2026-09-12T17:16:10-05:00,PUR_IED_ColViva_Ext_1a26fa,PUR_IED_ColViva_Ext_1a26fa,,,,,
2026-09-12T17:16:10-05:00,PUR_IED_ColegioBici_Asist_7c8798,PUR_IED_ColegioBici_Asist_7c8798,,,,,
2026-09-12T17:16:10-05:00,PUR_IED_ColegioBici_Ext_25cbf6,PUR_IED_ColegioBici_Ext_25cbf6,,,,,
2026-09-12T17:16:10-05:00,PUR_IED_ColegioBici_LabQ_7b57db,PUR_IED_ColegioBici_LabQ_7b57db,,,,,
2026-09-12T17:16:10-05:00,PUR_IED_CostaRica_Ext_5e640,PUR_IED_CostaRica_Ext_5e640,,,,,
2026-09-12T17:16:10-05:00,PUR_IED_CostaRica_Quim1_766d1c,PUR_IED_CostaRica_Quim1_766d1c,,,,,
2026-09-12T17:16:10-05:00,PUR_IED_CostaRica__Fisica_6f0873,PUR_IED_CostaRica__Fisica_6f0873,,,,,
2026-09-12T17:16:10-05:00,PUR_IED_CulPopu_301A_f660f3,PUR_IED_CulPopu_301A_f660f3,,,,,
2026-09-12T17:16:10-05:00,PUR_IED_CulPopu_303_568afe,PUR_IED_CulPopu_303_568afe,,,,,
2026-09-12T17:16:10-05:00,PUR_IED_CulPopu_Ext_e02ccb,PUR_IED_CulPopu_Ext_e02ccb,,,,,
2026-09-12T17:16:10-05:00,PUR_IED_Cundinamarca_Ext_f15985,PUR_IED_Cundinamarca_Ext_f15985,,,,,
2026-09-12T17:16:10-05:00,PUR_IED_Cundinamarca_Info_7aa5d7,PUR_IED_Cundinamarca_Info_7aa5d7,,,,,
2026-09-12T17:16:10-05:00,PUR_IED_Cundinamarca_Tec2_f449c7,PUR_IED_Cundinamarca_Tec2_f449c7,,,,,
2026-09-12T17:16:10-05:00,PUR_IED_DiegoM_Aula1_27b314,PUR_IED_DiegoM_Aula1_27b314,,,,,
2026-09-12T17:16:10-05:00,PUR_IED_DiegoM_Ext_d80ac8,PUR_IED_DiegoM_Ext_d80ac8,,,,,
2026-09-12T17:16:10-05:00,PUR_IED_DiegoM_S25_da928f,PUR_IED_DiegoM_S25_da928f,,,,,
2026-09-12T17:16:10-05:00,PUR_IED_ELRODEO_360881,PUR_IED_ELRODEO_360881,,,,,
2026-09-12T17:16:10-05:00,PUR_IED_ELRODEO_ext_360881,PUR_IED_ELRODEO_ext_360881,,,,,
2026-09-12T17:16:10-05:00,PUR_IED_EduardoU_Ext_1c1969,PUR_IED_EduardoU_Ext_1c1969,,,,,
2026-09-12T17:16:10-05:00,PUR_IED_EduardoU_SCiencia_4dfb94,PUR_IED_EduardoU_SCiencia_4dfb94,,,,,
2026-09-12T17:16:10-05:00,PUR_IED_EduardoU_SQuimica_5a46e7,PUR_IED_EduardoU_SQuimica_5a46e7,,,,,
2026-09-12T17:16:10-05:00,PUR_IED_ElRodeo_Aula14_676984,PUR_IED_ElRodeo_Aula14_676984,,,,,
2026-09-12T17:16:10-05:00,PUR_IED_ElRodeo_Aula16_2dd35b,PUR_IED_ElRodeo_Aula16_2dd35b,,,,,
2026-09-12T17:16:10-05:00,PUR_IED_ElRodeo_Ext_360881,PUR_IED_ElRodeo_Ext_360881,,,,,
2026-09-12T17:16:10-05:00,PUR_IED_ElRodeo_Exterior_8c6d28,PUR_IED_ElRodeo_Exterior_8c6d28,,,,,
2026-09-12T17:16:10-05:00,PUR_IED_ElRodeo_ext_360881,PUR_IED_ElRodeo_ext_360881,,,,,
2026-09-12T17:16:10-05:00,PUR_IED_EmmaReyes_Ext_987625,PUR_IED_EmmaReyes_Ext_987625,3,21,50,4.6367,-74.1511
2026-09-12T17:16:10-05:00,PUR_IED_Ensueño_Ext_7f0250,PUR_IED_Ensueño_Ext_7f0250,,,,,
2026-09-12T17:16:10-05:00,PUR_IED_EscNormal_Ext_5fef3b,PUR_IED_EscNormal_Ext_5fef3b,2,21,56,4.5852,-74.096901
2026-09-12T17:16:10-05:00,PUR_IED_EscNormal_S309_5b263,PUR_IED_EscNormal_S309_5b263,,,,,
2026-09-12T17:16:10-05:00,PUR_IED_EscNormal_S310_27b3b8,PUR_IED_EscNormal_S310_27b3b8,,,,,
2026-09-12T17:16:10-05:00,PUR_IED_Evangelista_Conta_f6cd4f,PUR_IED_Evangelista_Conta_f6cd4f,,,,,
2026-09-12T17:16:10-05:00,PUR_IED_Evangelista_Cri_5e16a,PUR_IED_Evangelista_Cri_5e16a,,,,,
2026-09-12T17:16:10-05:00,PUR_IED_Evangelista_Exter_754066,PUR_IED_Evangelista_Exter_754066,,,,,
2026-09-12T17:16:10-05:00,PUR_IED_FMiranda_S209_5cc2a3,PUR_IED_FMiranda_S209_5cc2a3,,,,,
2026-09-12T17:16:10-05:00,PUR_IED_FMiranda_S303_19e344,PUR_IED_FMiranda_S303_19e344,,,,,
2026-09-12T17:16:10-05:00,PUR_IED_FMiranda_ext_f53e7c,PUR_IED_FMiranda_ext_f53e7c,,,,,
2026-09-12T17:16:10-05:00,PUR_IED_FabioLozano_Bibli_1cee05,PUR_IED_FabioLozano_Bibli_1cee05,,,,,
2026-09-12T17:16:10-05:00,PUR_IED_FabioLozano_Ext_6ea285,PUR_IED_FabioLozano_Ext_6ea285,,,,,
2026-09-12T17:16:10-05:00,PUR_IED_FabioLozano_SLudi_f09e1e,PUR_IED_FabioLozano_SLudi_f09e1e,,,,,
2026-09-12T17:16:10-05:00,PUR_IED_FaustinoS_Aula07_27a731,PUR_IED_FaustinoS_Aula07_27a731,,,,,
2026-09-12T17:16:10-05:00,PUR_IED_FaustinoS_Ext_7b936f,PUR_IED_FaustinoS_Ext_7b936f,,,,,
2026-09-12T17:16:10-05:00,PUR_IED_FaustinoS_Fisica_da2c60,PUR_IED_FaustinoS_Fisica_da2c60,,,,,
2026-09-12T17:16:10-05:00,PUR_IED_FeGarciaLo_Ext_dc68ee,PUR_IED_FeGarciaLo_Ext_dc68ee,,,,,
2026-09-12T17:16:10-05:00,PUR_IED_FeGarciaLo_SDanza_f70a59,PUR_IED_FeGarciaLo_SDanza_f70a59,,,,,
2026-09-12T17:16:10-05:00,PUR_IED_FeGarciaLo_SMusic_125cdd,PUR_IED_FeGarciaLo_SMusic_125cdd,,,,,
2026-09-12T17:16:10-05:00,PUR_IED_FederalAlema_Exte_50c345,PUR_IED_FederalAlema_Exte_50c345,,,,,
2026-09-12T17:16:10-05:00,PUR_IED_FederalAlema_S31_f18371,PUR_IED_FederalAlema_S31_f18371,,,,,
2026-09-12T17:16:10-05:00,PUR_IED_FederalAlema_S901_a62cd,PUR_IED_FederalAlema_S901_a62cd,,,,,
2026-09-12T17:16:10-05:00,PUR_IED_FilarmonicaS_A5_f35eb1,PUR_IED_FilarmonicaS_A5_f35eb1,,,,,
2026-09-12T17:16:10-05:00,PUR_IED_FilarmonicaS_Ext_8a3bde,PUR_IED_FilarmonicaS_Ext_8a3bde,,,,,
2026-09-12T17:16:10-05:00,PUR_IED_FilarmonicaS_Spol_406114,PUR_IED_FilarmonicaS_Spol_406114,,,,,
2026-09-12T17:16:10-05:00,PUR_IED_FlorentinoG_A13_d1fa59,PUR_IED_FlorentinoG_A13_d1fa59,,,,,
2026-09-12T17:16:10-05:00,PUR_IED_FlorentinoG_Ext_1ce6ce,PUR_IED_FlorentinoG_Ext_1ce6ce,,,,,
2026-09-12T17:16:10-05:00,PUR_IED_FlorentinoG_Idiom_a66aac,PUR_IED_FlorentinoG_Idiom_a66aac,,,,,
2026-09-12T17:16:10-05:00,PUR_IED_FranciscoMati_Ext_e3869d,PUR_IED_FranciscoMati_Ext_e3869d,,,,,
2026-09-12T17:16:10-05:00,PUR_IED_FranciscoMati_S13_f31c67,PUR_IED_FranciscoMati_S13_f31c67,,,,,
2026-09-12T17:16:10-05:00,PUR_IED_FranciscoMati_S14_97dead,PUR_IED_FranciscoMati_S14_97dead,,,,,
2026-09-12T17:16:10-05:00,PUR_IED_FranciscoPS_Ext_7bfa9a,PUR_IED_FranciscoPS_Ext_7bfa9a,2,21,56,4.5899,-74.110397
2026-09-12T17:16:10-05:00,PUR_IED_FranciscoPS_Infor_fb8f4c,PUR_IED_FranciscoPS_Infor_fb8f4c,,,,,
2026-09-12T17:16:10-05:00,PUR_IED_FranciscoPS_Quimi_94d39c,PUR_IED_FranciscoPS_Quimi_94d39c,,,,,
2026-09-12T17:16:10-05:00,PUR_IED_FranciscoP_LabQ_d7e148,PUR_IED_FranciscoP_LabQ_d7e148,,,,,
2026-09-12T17:16:10-05:00,PUR_IED_FranciscoP_S28_cf9b30,PUR_IED_FranciscoP_S28_cf9b30,,,,,
2026-09-12T17:16:10-05:00,PUR_IED_FranciscoP_ext_e2313,PUR_IED_FranciscoP_ext_e2313,,,,,
2026-09-12T17:16:10-05:00,PUR_IED_FriederichN_Ext_8ac92a,PUR_IED_FriederichN_Ext_8ac92a,,,,,
2026-09-12T17:16:10-05:00,PUR_IED_FriederichN_S301_dd7e5a,PUR_IED_FriederichN_S301_dd7e5a,,,,,
2026-09-12T17:16:10-05:00,PUR_IED_FriederichN_S308_761f4f,PUR_IED_FriederichN_S308_761f4f,,,,,
2026-09-12T17:16:10-05:00,PUR_IED_GSantander_Aula10_533dd7,PUR_IED_GSantander_Aula10_533dd7,,,,,
2026-09-12T17:16:10-05:00,PUR_IED_GSantander_Aula12_fd4e4f,PUR_IED_GSantander_Aula12_fd4e4f,,,,,
2026-09-12T17:16:10-05:00,PUR_IED_GSantander_Aula310_533dd7,PUR_IED_GSantander_Aula310_533dd7,,,,,
2026-09-12T17:16:10-05:00,PUR_IED_GSantander_Aula312_fd4e4f,PUR_IED_GSantander_Aula312_fd4e4f,,,,,
2026-09-12T17:16:10-05:00,PUR_IED_GSantander_Ext_5f66b0,PUR_IED_GSantander_Ext_5f66b0,,,,,
2026-09-12T17:16:10-05:00,PUR_IED_GYomasa_Ext_f6bea5,PUR_IED_GYomasa_Ext_f6bea5,,,,,
2026-09-12T17:16:10-05:00,PUR_IED_GYomasa_LBiol_2c41aa,PUR_IED_GYomasa_LBiol_2c41aa,,,,,
2026-09-12T17:16:10-05:00,PUR_IED_GYomasa_LQuim_33c80,PUR_IED_GYomasa_LQuim_33c80,,,,,
2026-09-12T17:16:10-05:00,PUR_IED_GabBetMejia_Cienc_5a99c,PUR_IED_GabBetMejia_Cienc_5a99c,,,,,
2026-09-12T17:16:10-05:00,PUR_IED_GabBetMejia_Ext_9153d0,PUR_IED_GabBetMejia_Ext_9153d0,,,,,
2026-09-12T17:16:10-05:00,PUR_IED_GabBetMejia_Lab_f55347,PUR_IED_GabBetMejia_Lab_f55347,,,,,
2026-09-12T17:16:10-05:00,PUR_IED_GabBetanMejia_Ext_9153d0,PUR_IED_GabBetanMejia_Ext_9153d0,,,,,
2026-09-12T17:16:10-05:00,PUR_IED_Gaitana_Aula13_7aac11,PUR_IED_Gaitana_Aula13_7aac11,,,,,
2026-09-12T17:16:10-05:00,PUR_IED_Gaitana_Ext_5fcf4,PUR_IED_Gaitana_Ext_5fcf4,,,,,
2026-09-12T17:16:10-05:00,PUR_IED_Gaitana_LabFisica_644448,PUR_IED_Gaitana_LabFisica_644448,,,,,
2026-09-12T17:16:10-05:00,PUR_IED_GenSantander_Dise_8ac858,PUR_IED_GenSantander_Dise_8ac858,,,,,
2026-09-12T17:16:10-05:00,PUR_IED_GenSantander_Ext_8d5dfe,PUR_IED_GenSantander_Ext_8d5dfe,,,,,
2026-09-12T17:16:10-05:00,PUR_IED_GenSantander_Info_6c25b,PUR_IED_GenSantander_Info_6c25b,,,,,
2026-09-12T17:16:10-05:00,PUR_IED_GustavoMo_Exterio_75e63d,PUR_IED_GustavoMo_Exterio_75e63d,,,,,
2026-09-12T17:16:10-05:00,PUR_IED_GustavoMo_LabFisi_224d37,PUR_IED_GustavoMo_LabFisi_224d37,,,,,
2026-09-12T17:16:10-05:00,PUR_IED_GustavoMo_S208_3e6918,PUR_IED_GustavoMo_S208_3e6918,,,,,
2026-09-12T17:16:10-05:00,PUR_IED_GustavoR_A02_8cd4a8,PUR_IED_GustavoR_A02_8cd4a8,,,,,
2026-09-12T17:16:10-05:00,PUR_IED_GustavoR_B11_5b0ed,PUR_IED_GustavoR_B11_5b0ed,,,,,
2026-09-12T17:16:10-05:00,PUR_IED_GustavoR_Ext_7a0c90,PUR_IED_GustavoR_Ext_7a0c90,,,,,
2026-09-12T17:16:10-05:00,PUR_IED_HernandoDuran_Ext_8cd82b,PUR_IED_HernandoDuran_Ext_8cd82b,,,,,
2026-09-12T17:16:10-05:00,PUR_IED_HernandoDuran_S24_2772c6,PUR_IED_HernandoDuran_S24_2772c6,,,,,
2026-09-12T17:16:10-05:00,PUR_IED_HernandoDuran_S30_f2de41,PUR_IED_HernandoDuran_S30_f2de41,,,,,
2026-09-12T17:16:10-05:00,PUR_IED_HolguInUr_S1101_8cd732,PUR_IED_HolguInUr_S1101_8cd732,,,,,
2026-09-12T17:16:10-05:00,PUR_IED_HolguinUr_Exter_ddae6d,PUR_IED_HolguinUr_Exter_ddae6d,,,,,
2026-09-12T17:16:10-05:00,PUR_IED_HolguinUr_LabQuim_92b952,PUR_IED_HolguinUr_LabQuim_92b952,,,,,
2026-09-12T17:16:10-05:00,PUR_IED_Isabel-II_Ext_5245cc,PUR_IED_Isabel-II_Ext_5245cc,3,19,57,4.6336,-74.153
2026-09-12T17:16:10-05:00,PUR_IED_Isabel-II_S_idiom_1c29aa,PUR_IED_Isabel-II_S_idiom_1c29aa,,,,,
2026-09-12T17:16:10-05:00,PUR_IED_Isabel-II_S_infor_fd741,PUR_IED_Isabel-II_S_infor_fd741,,,,,
2026-09-12T17:16:10-05:00,PUR_IED_IsidroSur_Exterio_5b90ea,PUR_IED_IsidroSur_Exterio_5b90ea,,,,,
2026-09-12T17:16:10-05:00,PUR_IED_IsidroSur_LabTec_56697a,PUR_IED_IsidroSur_LabTec_56697a,,,,,
2026-09-12T17:16:10-05:00,PUR_IED_IsidroSur_Robotic_b7c38f,PUR_IED_IsidroSur_Robotic_b7c38f,,,,,
2026-09-12T17:16:10-05:00,PUR_IED_IsmaelPerd_Ext_7b6672,PUR_IED_IsmaelPerd_Ext_7b6672,,,,,
2026-09-12T17:16:10-05:00,PUR_IED_IsmaelPerd_Inform_306540,PUR_IED_IsmaelPerd_Inform_306540,,,,,
2026-09-12T17:16:10-05:00,PUR_IED_IsmaelPerd_S30_2e2c83,PUR_IED_IsmaelPerd_S30_2e2c83,,,,,
2026-09-12T17:16:10-05:00,PUR_IED_JLozano_Exter_432910,PUR_IED_JLozano_Exter_432910,,,,,
2026-09-12T17:16:10-05:00,PUR_IED_JLozano_salaMulti_df5125,PUR_IED_JLozano_salaMulti_df5125,,,,,
2026-09-12T17:16:10-05:00,PUR_IED_JMCordoba_206_86f80b,PUR_IED_JMCordoba_206_86f80b,,,,,
2026-09-12T17:16:10-05:00,PUR_IED_JMCordoba_Ext_27ad97,PUR_IED_JMCordoba_Ext_27ad97,,,,,
2026-09-12T17:16:10-05:00,PUR_IED_JMCordoba_S310_d59ab4,PUR_IED_JMCordoba_S310_d59ab4,,,,,
2026-09-12T17:16:10-05:00,PUR_IED_Japon_Ext_549100,PUR_IED_Japon_Ext_549100,,,,,
2026-09-12T17:16:10-05:00,PUR_IED_Japon_Laboratorio_bec51d,PUR_IED_Japon_Laboratorio_bec51d,,,,,
2026-09-12T17:16:10-05:00,PUR_IED_Japon_informatica_d99327,PUR_IED_Japon_informatica_d99327,,,,,
2026-09-12T17:16:10-05:00,PUR_IED_Jazmin_Ext_d27bda,PUR_IED_Jazmin_Ext_d27bda,,,,,
2026-09-12T17:16:10-05:00,PUR_IED_Jazmin_Fisica_8d14d7,PUR_IED_Jazmin_Fisica_8d14d7,,,,,
2026-09-12T17:16:10-05:00,PUR_IED_Jazmin_Quimica_801cb5,PUR_IED_Jazmin_Quimica_801cb5,,,,,
2026-09-12T17:16:10-05:00,PUR_IED_JorgeGaitan_Exter_f098d1,PUR_IED_JorgeGaitan_Exter_f098d1,,,,,
2026-09-12T17:16:10-05:00,PUR_IED_JorgeGaitan_STec1_dc9d1d,PUR_IED_JorgeGaitan_STec1_dc9d1d,,,,,
2026-09-12T17:16:10-05:00,PUR_IED_JorgeGaitan_STec2_281e69,PUR_IED_JorgeGaitan_STec2_281e69,,,,,
2026-09-12T17:16:10-05:00,PUR_IED_JorgeSoto_Exterio_d9d0a2,PUR_IED_JorgeSoto_Exterio_d9d0a2,,,,,
2026-09-12T17:16:10-05:00,PUR_IED_JorgeSoto_LabFisi_209c54,PUR_IED_JorgeSoto_LabFisi_209c54,,,,,
2026-09-12T17:16:10-05:00,PUR_IED_JorgeSoto_S103_27b51a,PUR_IED_JorgeSoto_S103_27b51a,,,,,
2026-09-12T17:16:10-05:00,PUR_IED_JoseAcevedo_A02_e965eb,PUR_IED_JoseAcevedo_A02_e965eb,,,,,
2026-09-12T17:16:10-05:00,PUR_IED_JoseAcevedo_A07_dd5b4,PUR_IED_JoseAcevedo_A07_dd5b4,,,,,
2026-09-12T17:16:10-05:00,PUR_IED_JoseAcevedo_Ext_b47484,PUR_IED_JoseAcevedo_Ext_b47484,,,,,
2026-09-12T17:16:10-05:00,PUR_IED_JoseMarti_Exte_5b9bf,PUR_IED_JoseMarti_Exte_5b9bf,,,,,
2026-09-12T17:16:10-05:00,PUR_IED_JoseMarti_LabQuim_1c6c2d,PUR_IED_JoseMarti_LabQuim_1c6c2d,,,,,
2026-09-12T17:16:10-05:00,PUR_IED_JoseMarti_S_info_f5f177,PUR_IED_JoseMarti_S_info_f5f177,,,,,
2026-09-12T17:16:10-05:00,PUR_IED_Josejoaquin_Ext_dfc5dc,PUR_IED_Josejoaquin_Ext_dfc5dc,,,,,
2026-09-12T17:16:10-05:00,PUR_IED_Josejoaquin_S05_5b2a96,PUR_IED_Josejoaquin_S05_5b2a96,,,,,
2026-09-12T17:16:10-05:00,PUR_IED_Josejoaquin_S06_1ce7d2,PUR_IED_Josejoaquin_S06_1ce7d2,,,,,
2026-09-12T17:16:10-05:00,PUR_IED_JulioFlorez_Danza_9b82dd,PUR_IED_JulioFlorez_Danza_9b82dd,,,,,
2026-09-12T17:16:10-05:00,PUR_IED_JulioFlorez_Exter_f9f314,PUR_IED_JulioFlorez_Exter_f9f314,,,,,
2026-09-12T17:16:10-05:00,PUR_IED_JulioFlorez_info2_6b6e08,PUR_IED_JulioFlorez_info2_6b6e08,,,,,
2026-09-12T17:16:10-05:00,PUR_IED_LaBelleza_Aula13_1d00d8,PUR_IED_LaBelleza_Aula13_1d00d8,,,,,
2026-09-12T17:16:10-05:00,PUR_IED_LaBelleza_Ext_7bc08c,PUR_IED_LaBelleza_Ext_7bc08c,,,,,
2026-09-12T17:16:10-05:00,PUR_IED_LaChucua_Ext_8cd6d2,PUR_IED_LaChucua_Ext_8cd6d2,,,,,
2026-09-12T17:16:10-05:00,PUR_IED_LaChucua_S15_f578ce,PUR_IED_LaChucua_S15_f578ce,,,,,
2026-09-12T17:16:10-05:00,PUR_IED_LaChucua_S16_eebcf9,PUR_IED_LaChucua_S16_eebcf9,,,,,
2026-09-12T17:16:10-05:00,PUR_IED_LaFelicidad_Ext_fb5109,PUR_IED_LaFelicidad_Ext_fb5109,,,,,
2026-09-12T17:16:10-05:00,PUR_IED_LaMerced_206_66ebd,PUR_IED_LaMerced_206_66ebd,,,,,
2026-09-12T17:16:10-05:00,PUR_IED_LaMerced_207_6ebd6,PUR_IED_LaMerced_207_6ebd6,,,,,
2026-09-12T17:16:10-05:00,PUR_IED_LaMerced_ext_304311,PUR_IED_LaMerced_ext_304311,,,,,
2026-09-12T17:16:10-05:00,PUR_IED_Laureano_CiencNat_281e5e,PUR_IED_Laureano_CiencNat_281e5e,,,,,
2026-09-12T17:16:10-05:00,PUR_IED_Laureano_Comedor_f65c0a,PUR_IED_Laureano_Comedor_f65c0a,,,,,
2026-09-12T17:16:10-05:00,PUR_IED_Laureano_Exterior_7ab011,PUR_IED_Laureano_Exterior_7ab011,,,,,
2026-09-12T17:16:10-05:00,PUR_IED_LeonGreiff_Exte_dfe560,PUR_IED_LeonGreiff_Exte_dfe560,,,,,
2026-09-12T17:16:10-05:00,PUR_IED_LeonGreiff_S210_f264ed,PUR_IED_LeonGreiff_S210_f264ed,,,,,
2026-09-12T17:16:10-05:00,PUR_IED_LeonGreiff_SQuimi_e8296f,PUR_IED_LeonGreiff_SQuimi_e8296f,,,,,
2026-09-12T17:16:10-05:00,PUR_IED_LlanoOrientalS208_7b9fcd,PUR_IED_LlanoOrientalS208_7b9fcd,,,,,
2026-09-12T17:16:10-05:00,PUR_IED_LlanoOriental_Ext_fb3766,PUR_IED_LlanoOriental_Ext_fb3766,,,,,
2026-09-12T17:16:10-05:00,PUR_IED_LlanoOriental_S208_7b9fcd,PUR_IED_LlanoOriental_S208_7b9fcd,,,,,
2026-09-12T17:16:10-05:00,PUR_IED_LlanoOriental_S9_27b378,PUR_IED_LlanoOriental_S9_27b378,,,,,
2026-09-12T17:16:10-05:00,PUR_IED_LosTejares_1101_477602,PUR_IED_LosTejares_1101_477602,,,,,
2026-09-12T17:16:10-05:00,PUR_IED_LosTejares_11_d2c595,PUR_IED_LosTejares_11_d2c595,,,,,
2026-09-12T17:16:10-05:00,PUR_IED_LosTejares_12_477602,PUR_IED_LosTejares_12_477602,,,,,
2026-09-12T17:16:10-05:00,PUR_IED_LosTejares_Ext_8e2115,PUR_IED_LosTejares_Ext_8e2115,,,,,
2026-09-12T17:16:10-05:00,PUR_IED_MagdalenaO_B202_5ddda3,PUR_IED_MagdalenaO_B202_5ddda3,,,,,
2026-09-12T17:16:10-05:00,PUR_IED_MagdalenaO_B205_fb76e8,PUR_IED_MagdalenaO_B205_fb76e8,,,,,
2026-09-12T17:16:10-05:00,PUR_IED_MagdalenaO_ext_dc69cd,PUR_IED_MagdalenaO_ext_dc69cd,,,,,
2026-09-12T17:16:10-05:00,PUR_IED_ManueCepeda_artes_eee956,PUR_IED_ManueCepeda_artes_eee956,,,,,
2026-09-12T17:16:10-05:00,PUR_IED_ManuelCepeda_Ext_58313,PUR_IED_ManuelCepeda_Ext_58313,,,,,
2026-09-12T17:16:10-05:00,PUR_IED_ManuelCepeda_tec_1c5731,PUR_IED_ManuelCepeda_tec_1c5731,,,,,
2026-09-12T17:16:10-05:00,PUR_IED_ManuelS_Exterior_5b269,PUR_IED_ManuelS_Exterior_5b269,,,,,
2026-09-12T17:16:10-05:00,PUR_IED_ManuelS_Inform_f369ce,PUR_IED_ManuelS_Inform_f369ce,,,,,
2026-09-12T17:16:10-05:00,PUR_IED_ManuelS_SArtes_7d15f1,PUR_IED_ManuelS_SArtes_7d15f1,,,,,
2026-09-12T17:16:10-05:00,PUR_IED_ManuelZapata_303_3ca6,PUR_IED_ManuelZapata_303_3ca6,,,,,
2026-09-12T17:16:10-05:00,PUR_IED_ManuelZapata_311_bfbabc,PUR_IED_ManuelZapata_311_bfbabc,,,,,
2026-09-12T17:16:10-05:00,PUR_IED_ManuelZapata_Ext_50824a,PUR_IED_ManuelZapata_Ext_50824a,,,,,
2026-09-12T17:16:10-05:00,PUR_IED_ManuelitaS_Exteri_656a92,PUR_IED_ManuelitaS_Exteri_656a92,,,,,
2026-09-12T17:16:10-05:00,PUR_IED_ManuelitaS_JuzgDe_f58ec3,PUR_IED_ManuelitaS_JuzgDe_f58ec3,,,,,
2026-09-12T17:16:10-05:00,PUR_IED_ManuelitaS_Recrea_d793db,PUR_IED_ManuelitaS_Recrea_d793db,,,,,
2026-09-12T17:16:10-05:00,PUR_IED_MarFidSuarez_Ext_c27b19,PUR_IED_MarFidSuarez_Ext_c27b19,,,,,
2026-09-12T17:16:10-05:00,PUR_IED_MarFidSuarez_Info_e384d7,PUR_IED_MarFidSuarez_Info_e384d7,,,,,
2026-09-12T17:16:10-05:00,PUR_IED_MarFidSuarez_S306_1d0032,PUR_IED_MarFidSuarez_S306_1d0032,,,,,
2026-09-12T17:16:10-05:00,PUR_IED_Menorah_301_2a25a3,PUR_IED_Menorah_301_2a25a3,,,,,
2026-09-12T17:16:10-05:00,PUR_IED_Menorah_306_37ed3,PUR_IED_Menorah_306_37ed3,,,,,
2026-09-12T17:16:10-05:00,PUR_IED_Menorah_Ext_3e155b,PUR_IED_Menorah_Ext_3e155b,,,,,
2026-09-12T17:16:10-05:00,PUR_IED_MinutoB.Aires_A11_1b1604,PUR_IED_MinutoB.Aires_A11_1b1604,,,,,
2026-09-12T17:16:10-05:00,PUR_IED_MinutoB.Aires_A12_fb5860,PUR_IED_MinutoB.Aires_A12_fb5860,,,,,
2026-09-12T17:16:10-05:00,PUR_IED_MinutoB.Aires_Ext_81293f,PUR_IED_MinutoB.Aires_Ext_81293f,,,,,
2026-09-12T17:16:10-05:00,PUR_IED_MinutoBAires_A11_1b1604,PUR_IED_MinutoBAires_A11_1b1604,,,,,
2026-09-12T17:16:10-05:00,PUR_IED_MinutoBAires_A12_fb5860,PUR_IED_MinutoBAires_A12_fb5860,,,,,
2026-09-12T17:16:10-05:00,PUR_IED_MinutoBAires_Ext_81293f,PUR_IED_MinutoBAires_Ext_81293f,,,,,
2026-09-12T17:16:10-05:00,PUR_IED_Montreal_Aula10_1e4959,PUR_IED_Montreal_Aula10_1e4959,,,,,
2026-09-12T17:16:10-05:00,PUR_IED_Montreal_Aula6_300367,PUR_IED_Montreal_Aula6_300367,,,,,
2026-09-12T17:16:10-05:00,PUR_IED_Montreal_Exterior_91a179,PUR_IED_Montreal_Exterior_91a179,,,,,
2026-09-12T17:16:10-05:00,PUR_IED_Mqgdalena_B202_5ddda3,PUR_IED_Mqgdalena_B202_5ddda3,,,,,
2026-09-12T17:16:10-05:00,PUR_IED_NACUND_Soc_dc8728,PUR_IED_NACUND_Soc_dc8728,,,,,
2026-09-12T17:16:10-05:00,PUR_IED_NACUND_ext_27ad97,PUR_IED_NACUND_ext_27ad97,,,,,
2026-09-12T17:16:10-05:00,PUR_IED_NEsperanza_Ext_d24b61,PUR_IED_NEsperanza_Ext_d24b61,,,,,
2026-09-12T17:16:10-05:00,PUR_IED_NEsperanza_SElect_7d1807,PUR_IED_NEsperanza_SElect_7d1807,,,,,
2026-09-12T17:16:10-05:00,PUR_IED_NEsperanza_SLabor_8b2d0a,PUR_IED_NEsperanza_SLabor_8b2d0a,,,,,
2026-09-12T17:16:10-05:00,PUR_IED_NacionesU_Ext_f661a9,PUR_IED_NacionesU_Ext_f661a9,,,,,
2026-09-12T17:16:10-05:00,PUR_IED_NacionesU_Quimica_66f0a,PUR_IED_NacionesU_Quimica_66f0a,,,,,
2026-09-12T17:16:10-05:00,PUR_IED_NacionesU_S306_1b4b3d,PUR_IED_NacionesU_S306_1b4b3d,,,,,
2026-09-12T17:16:10-05:00,PUR_IED_NestorFA_Ext_e4201c,PUR_IED_NestorFA_Ext_e4201c,,,,,
2026-09-12T17:16:10-05:00,PUR_IED_NestorFA_Laborato_f22fe0,PUR_IED_NestorFA_Laborato_f22fe0,,,,,
2026-09-12T17:16:10-05:00,PUR_IED_NestorFA_S204_dee996,PUR_IED_NestorFA_S204_dee996,,,,,
2026-09-12T17:16:10-05:00,PUR_IED_NidyaQT_Aula03_76999b,PUR_IED_NidyaQT_Aula03_76999b,,,,,
2026-09-12T17:16:10-05:00,PUR_IED_NidyaQT_Aula10_56325,PUR_IED_NidyaQT_Aula10_56325,,,,,
2026-09-12T17:16:10-05:00,PUR_IED_NidyaQT_Ext_46e32d,PUR_IED_NidyaQT_Ext_46e32d,,,,,
2026-09-12T17:16:10-05:00,PUR_IED_NuevaCol_Exterior_d9b859,PUR_IED_NuevaCol_Exterior_d9b859,,,,,
2026-09-12T17:16:10-05:00,PUR_IED_NuevaCol_S1101_76c43b,PUR_IED_NuevaCol_S1101_76c43b,,,,,
2026-09-12T17:16:10-05:00,PUR_IED_NuevaCol_S1102_1ce0b5,PUR_IED_NuevaCol_S1102_1ce0b5,,,,,
2026-09-12T17:16:10-05:00,PUR_IED_OEA_A202_f7e3f2,PUR_IED_OEA_A202_f7e3f2,,,,,
2026-09-12T17:16:10-05:00,PUR_IED_OEA_A203_7d1b8d,PUR_IED_OEA_A203_7d1b8d,,,,,
2026-09-12T17:16:10-05:00,PUR_IED_OEA_Ext_27b593,PUR_IED_OEA_Ext_27b593,,,,,
2026-09-12T17:16:10-05:00,PUR_IED_Ochoa_Ext_1c29da,PUR_IED_Ochoa_Ext_1c29da,,,,,
2026-09-12T17:16:10-05:00,PUR_IED_Ochoa_S205_8b1121,PUR_IED_Ochoa_S205_8b1121,,,,,
2026-09-12T17:16:10-05:00,PUR_IED_Ochoa_Sistemas_f33af6,PUR_IED_Ochoa_Sistemas_f33af6,,,,,
2026-09-12T17:16:10-05:00,PUR_IED_PQuebec_Ext_1c67c7,PUR_IED_PQuebec_Ext_1c67c7,,,,,
2026-09-12T17:16:10-05:00,PUR_IED_PQuebec_S15_23e8e2,PUR_IED_PQuebec_S15_23e8e2,,,,,
2026-09-12T17:16:10-05:00,PUR_IED_PQuebec_S16_8ec76b,PUR_IED_PQuebec_S16_8ec76b,,,,,
2026-09-12T17:16:10-05:00,PUR_IED_PabloN_Ext_49dc96,PUR_IED_PabloN_Ext_49dc96,,,,,
2026-09-12T17:16:10-05:00,PUR_IED_PabloN_S1102_4e3df5,PUR_IED_PabloN_S1102_4e3df5,,,,,
2026-09-12T17:16:10-05:00,PUR_IED_PabloN_S1103_50c94b,PUR_IED_PabloN_S1103_50c94b,,,,,
2026-09-12T17:16:10-05:00,PUR_IED_Palestina_S1101_db9198,PUR_IED_Palestina_S1101_db9198,,,,,
2026-09-12T17:16:10-05:00,PUR_IED_Palestina_S1102_dc54fa,PUR_IED_Palestina_S1102_dc54fa,,,,,
2026-09-12T17:16:10-05:00,PUR_IED_Palestina_ext_4ccce6,PUR_IED_Palestina_ext_4ccce6,,,,,
2026-09-12T17:16:10-05:00,PUR_IED_Panama_Fisica_4d0794,PUR_IED_Panama_Fisica_4d0794,,,,,
2026-09-12T17:16:10-05:00,PUR_IED_Panama_SIngles_a4077e,PUR_IED_Panama_SIngles_a4077e,,,,,
2026-09-12T17:16:10-05:00,PUR_IED_Panama_ext_4c54b4,PUR_IED_Panama_ext_4c54b4,,,,,
2026-09-12T17:16:10-05:00,PUR_IED_ParaisoM_Exterior_8cd7f0,PUR_IED_ParaisoM_Exterior_8cd7f0,,,,,
2026-09-12T17:16:10-05:00,PUR_IED_ParaisoM_Laborato_27af35,PUR_IED_ParaisoM_Laborato_27af35,,,,,
2026-09-12T17:16:10-05:00,PUR_IED_ParaisoM_S304_d1edca,PUR_IED_ParaisoM_S304_d1edca,,,,,
2026-09-12T17:16:10-05:00,PUR_IED_PorfirioBarba_Ext_301466,PUR_IED_PorfirioBarba_Ext_301466,,,,,
2026-09-12T17:16:10-05:00,PUR_IED_PorfirioBarba_S11_df6cd2,PUR_IED_PorfirioBarba_S11_df6cd2,,,,,
2026-09-12T17:16:10-05:00,PUR_IED_PorfirioBarba_S29_27a7d6,PUR_IED_PorfirioBarba_S29_27a7d6,,,,,
2026-09-12T17:16:10-05:00,PUR_IED_PradoV_Exter_8b27ad,PUR_IED_PradoV_Exter_8b27ad,,,,,
2026-09-12T17:16:10-05:00,PUR_IED_PradoV_S301_de65b5,PUR_IED_PradoV_S301_de65b5,,,,,
2026-09-12T17:16:10-05:00,PUR_IED_PradoV_S302_7d2593,PUR_IED_PradoV_S302_7d2593,,,,,
2026-09-12T17:16:10-05:00,PUR_IED_QuirogaAlz_Ext_1ddc82,PUR_IED_QuirogaAlz_Ext_1ddc82,,,,,
2026-09-12T17:16:10-05:00,PUR_IED_QuirogaAlz_S302_9926a3,PUR_IED_QuirogaAlz_S302_9926a3,,,,,
2026-09-12T17:16:10-05:00,PUR_IED_QuirogaAlz_S305_cdf1f1,PUR_IED_QuirogaAlz_S305_cdf1f1,,,,,
2026-09-12T17:16:10-05:00,PUR_IED_RGuatemala_Biling_dc53b7,PUR_IED_RGuatemala_Biling_dc53b7,,,,,
2026-09-12T17:16:10-05:00,PUR_IED_RGuatemala_Ext_1b89a3,PUR_IED_RGuatemala_Ext_1b89a3,,,,,
2026-09-12T17:16:10-05:00,PUR_IED_RGuatemala_Tecnol_281a34,PUR_IED_RGuatemala_Tecnol_281a34,,,,,
2026-09-12T17:16:10-05:00,PUR_IED_RafaNu_Ext_f7c302,PUR_IED_RafaNu_Ext_f7c302,,,,,
2026-09-12T17:16:10-05:00,PUR_IED_RafaNu_S1101_25fde,PUR_IED_RafaNu_S1101_25fde,,,,,
2026-09-12T17:16:10-05:00,PUR_IED_RafaNu_S1102_281517,PUR_IED_RafaNu_S1102_281517,,,,,
2026-09-12T17:16:10-05:00,PUR_IED_RafaelB_S305_ee2783,PUR_IED_RafaelB_S305_ee2783,,,,,
2026-09-12T17:16:10-05:00,PUR_IED_RafaelB_S306_75fe33,PUR_IED_RafaelB_S306_75fe33,,,,,
2026-09-12T17:16:10-05:00,PUR_IED_RafaelB_ext_283336,PUR_IED_RafaelB_ext_283336,2,19,61,4.6722,-74.0737
2026-09-12T17:16:10-05:00,PUR_IED_RafaelUU_Exterior_281a51,PUR_IED_RafaelUU_Exterior_281a51,,,,,
2026-09-12T17:16:10-05:00,PUR_IED_RafaelUU_Human_806b2,PUR_IED_RafaelUU_Human_806b2,,,,,
2026-09-12T17:16:10-05:00,PUR_IED_RafaelUU_Mate2_5680d4,PUR_IED_RafaelUU_Mate2_5680d4,,,,,
2026-09-12T17:16:10-05:00,PUR_IED_RamonSub_Ext_f9eeb9,PUR_IED_RamonSub_Ext_f9eeb9,,,,,
2026-09-12T17:16:10-05:00,PUR_IED_RamonSub_Media_d1f62f,PUR_IED_RamonSub_Media_d1f62f,,,,,
2026-09-12T17:16:10-05:00,PUR_IED_RamonSub_planta_51b82,PUR_IED_RamonSub_planta_51b82,,,,,
2026-09-12T17:16:10-05:00,PUR_IED_RepBoliVene_Exter_27af7c,PUR_IED_RepBoliVene_Exter_27af7c,,,,,
2026-09-12T17:16:10-05:00,PUR_IED_RepBoliVene_SCPT_5ae2ee,PUR_IED_RepBoliVene_SCPT_5ae2ee,,,,,
2026-09-12T17:16:10-05:00,PUR_IED_RepBoliVene_Socia_4b11d5,PUR_IED_RepBoliVene_Socia_4b11d5,,,,,
2026-09-12T17:16:10-05:00,PUR_IED_RepChina_Ext_76d9ee,PUR_IED_RepChina_Ext_76d9ee,,,,,
2026-09-12T17:16:10-05:00,PUR_IED_RepChina_S404_7c804c,PUR_IED_RepChina_S404_7c804c,,,,,
2026-09-12T17:16:10-05:00,PUR_IED_RepChina_S405_df2c33,PUR_IED_RepChina_S405_df2c33,,,,,
2026-09-12T17:16:10-05:00,PUR_IED_RepublicaC_Exteri_7d1ec9,PUR_IED_RepublicaC_Exteri_7d1ec9,,,,,
2026-09-12T17:16:10-05:00,PUR_IED_RepublicaC_S1101_f544b3,PUR_IED_RepublicaC_S1101_f544b3,,,,,
2026-09-12T17:16:10-05:00,PUR_IED_RepublicaC_S1102_7aafc7,PUR_IED_RepublicaC_S1102_7aafc7,,,,,
2026-09-12T17:16:10-05:00,PUR_IED_Ricaurte_Externo_a0ea1,PUR_IED_Ricaurte_Externo_a0ea1,,,,,
2026-09-12T17:16:10-05:00,PUR_IED_Ricaurte_S210_f546fd,PUR_IED_Ricaurte_S210_f546fd,,,,,
2026-09-12T17:16:10-05:00,PUR_IED_Ricaurte_S309_d4452,PUR_IED_Ricaurte_S309_d4452,,,,,
2026-09-12T17:16:10-05:00,PUR_IED_RogelioS_1102_531e69,PUR_IED_RogelioS_1102_531e69,,,,,
2026-09-12T17:16:10-05:00,PUR_IED_RogelioS_Ext_f25a18,PUR_IED_RogelioS_Ext_f25a18,,,,,
2026-09-12T17:16:10-05:00,PUR_IED_SBernardino_Ext_27aff8,PUR_IED_SBernardino_Ext_27aff8,,,,,
2026-09-12T17:16:10-05:00,PUR_IED_SBernardino_SArte_2ffd33,PUR_IED_SBernardino_SArte_2ffd33,,,,,
2026-09-12T17:16:10-05:00,PUR_IED_SBernardino_SIngl_7c7da5,PUR_IED_SBernardino_SIngl_7c7da5,,,,,
2026-09-12T17:16:10-05:00,PUR_IED_Sago_auditorio_dc9d1d,PUR_IED_Sago_auditorio_dc9d1d,,,,,
2026-09-12T17:16:10-05:00,PUR_IED_Saludcoop_Ext_95aac3,PUR_IED_Saludcoop_Ext_95aac3,,,,,
2026-09-12T17:16:10-05:00,PUR_IED_Saludcoop_InfI_90c854,PUR_IED_Saludcoop_InfI_90c854,,,,,
2026-09-12T17:16:10-05:00,PUR_IED_Saludcoop_SMedia_1b93be,PUR_IED_Saludcoop_SMedia_1b93be,,,,,
2026-09-12T17:16:10-05:00,PUR_IED_SanCarlos_1101_1a2360,PUR_IED_SanCarlos_1101_1a2360,,,,,
2026-09-12T17:16:10-05:00,PUR_IED_SanCarlos_1103_7bafb5,PUR_IED_SanCarlos_1103_7bafb5,,,,,
2026-09-12T17:16:10-05:00,PUR_IED_SanCarlos_Ext_b7cd1,PUR_IED_SanCarlos_Ext_b7cd1,,,,,
2026-09-12T17:16:10-05:00,PUR_IED_SanIgnacioBosa11a_50c26e,PUR_IED_SanIgnacioBosa11a_50c26e,,,,,
2026-09-12T17:16:10-05:00,PUR_IED_SanIgnacioBosa11b_371de8,PUR_IED_SanIgnacioBosa11b_371de8,,,,,
2026-09-12T17:16:10-05:00,PUR_IED_SanIgnacioBosaExt_ef0ffc,PUR_IED_SanIgnacioBosaExt_ef0ffc,,,,,
2026-09-12T17:16:10-05:00,PUR_IED_SanIgnacioBosa_11a_50c26e,PUR_IED_SanIgnacioBosa_11a_50c26e,,,,,
2026-09-12T17:16:10-05:00,PUR_IED_SanIgnacioBosa_Ext_ef0ffc,PUR_IED_SanIgnacioBosa_Ext_ef0ffc,,,,,
2026-09-12T17:16:10-05:00,PUR_IED_SanJoseN_intS1101_31c47f,PUR_IED_SanJoseN_intS1101_31c47f,,,,,
2026-09-12T17:16:10-05:00,PUR_IED_SanJoseUsm_Exter_f5d7e8,PUR_IED_SanJoseUsm_Exter_f5d7e8,,,,,
2026-09-12T17:16:10-05:00,PUR_IED_SanJoseUsm_Int11A_cfdef6,PUR_IED_SanJoseUsm_Int11A_cfdef6,,,,,
2026-09-12T17:16:10-05:00,PUR_IED_SilveriaR_IntB5_905349,PUR_IED_SilveriaR_IntB5_905349,,,,,
2026-09-12T17:16:10-05:00,PUR_IED_SilveriaR_IntSD14_981f93,PUR_IED_SilveriaR_IntSD14_981f93,,,,,
2026-09-12T17:16:10-05:00,PUR_IED_SilveriaR_ext_2b651d,PUR_IED_SilveriaR_ext_2b651d,,,,,
2026-09-12T17:16:10-05:00,PUR_IED_SimonB_Exterior_913975,PUR_IED_SimonB_Exterior_913975,,,,,
2026-09-12T17:16:10-05:00,PUR_IED_SimonB_LabQuimi_c56908,PUR_IED_SimonB_LabQuimi_c56908,,,,,
2026-09-12T17:16:10-05:00,PUR_IED_SimonB_informatic_a28c1,PUR_IED_SimonB_informatic_a28c1,,,,,
2026-09-12T17:16:10-05:00,PUR_IED_Sorrento_1102_315f50,PUR_IED_Sorrento_1102_315f50,,,,,
2026-09-12T17:16:10-05:00,PUR_IED_Sorrento_Minte_214eab,PUR_IED_Sorrento_Minte_214eab,,,,,
2026-09-12T17:16:10-05:00,PUR_IED_Sorrento_ext_7c3a0a,PUR_IED_Sorrento_ext_7c3a0a,,,,,
2026-09-12T17:16:10-05:00,PUR_IED_Tabora_Ext_f048ae,PUR_IED_Tabora_Ext_f048ae,,,,,
2026-09-12T17:16:10-05:00,PUR_IED_Tabora_S1102_b07752,PUR_IED_Tabora_S1102_b07752,,,,,
2026-09-12T17:16:10-05:00,PUR_IED_Tabora_S1103_d988f5,PUR_IED_Tabora_S1103_d988f5,,,,,
2026-09-12T17:16:10-05:00,PUR_IED_Tenerife_Ext_1ab188,PUR_IED_Tenerife_Ext_1ab188,,,,,
2026-09-12T17:16:10-05:00,PUR_IED_Tenerife_SDanzas_7bc02e,PUR_IED_Tenerife_SDanzas_7bc02e,,,,,
2026-09-12T17:16:10-05:00,PUR_IED_Tenerife_SIngles_7cc277,PUR_IED_Tenerife_SIngles_7cc277,,,,,
2026-09-12T17:16:10-05:00,PUR_IED_Tibabuyes_Exter_f2683d,PUR_IED_Tibabuyes_Exter_f2683d,,,,,
2026-09-12T17:16:10-05:00,PUR_IED_Tibabuyes_S10_dc87a8,PUR_IED_Tibabuyes_S10_dc87a8,,,,,
2026-09-12T17:16:10-05:00,PUR_IED_Tibabuyes_S15_dc0526,PUR_IED_Tibabuyes_S15_dc0526,,,,,
2026-09-12T17:16:10-05:00,PUR_IED_UnionE_S301_a1043,PUR_IED_UnionE_S301_a1043,,,,,
2026-09-12T17:16:10-05:00,PUR_IED_UnionE_S307_ff6c2f,PUR_IED_UnionE_S307_ff6c2f,,,,,
2026-09-12T17:16:10-05:00,PUR_IED_UnionE__Ext_5e2468,PUR_IED_UnionE__Ext_5e2468,,,,,
2026-09-12T17:16:10-05:00,PUR_IED_VillaRica_Ext_75be7c,PUR_IED_VillaRica_Ext_75be7c,,,,,
2026-09-12T17:16:10-05:00,PUR_IED_VillaRica_S4_cc5dcd,PUR_IED_VillaRica_S4_cc5dcd,,,,,
2026-09-12T17:16:10-05:00,PUR_IED_VillaRica_Sesp_99f5c,PUR_IED_VillaRica_Sesp_99f5c,,,,,
2026-09-12T17:21:11-05:00,PUR_IED_20deJulio_1101_91b1b9,PUR_IED_20deJulio_1101_91b1b9,,,,,
2026-09-12T17:21:11-05:00,PUR_IED_20deJulio_1102_1cfcf9,PUR_IED_20deJulio_1102_1cfcf9,,,,,
2026-09-12T17:21:11-05:00,PUR_IED_20deJulio_Ext_ab60bd,PUR_IED_20deJulio_Ext_ab60bd,,,,,
2026-09-12T17:21:11-05:00,PUR_IED_AgustinFer_Ext_7b9b77,PUR_IED_AgustinFer_Ext_7b9b77,,,,,
2026-09-12T17:21:11-05:00,PUR_IED_AgustinFer_Info2_27b3a7,PUR_IED_AgustinFer_Info2_27b3a7,,,,,
2026-09-12T17:21:11-05:00,PUR_IED_AgustinFer_Sena_54b4eb,PUR_IED_AgustinFer_Sena_54b4eb,,,,,
2026-09-12T17:21:11-05:00,PUR_IED_AlexanderF_1102_caf07b,PUR_IED_AlexanderF_1102_caf07b,,,,,
2026-09-12T17:21:11-05:00,PUR_IED_AlexanderF_1103_c79e71,PUR_IED_AlexanderF_1103_c79e71,,,,,
2026-09-12T17:21:11-05:00,PUR_IED_AlexanderF_Ext_c5b18b,PUR_IED_AlexanderF_Ext_c5b18b,,,,,
2026-09-12T17:21:11-05:00,PUR_IED_AlfonsoLopez_Ext_281d77,PUR_IED_AlfonsoLopez_Ext_281d77,,,,,
2026-09-12T17:21:11-05:00,PUR_IED_AlfonsoLopez_LabF_888ce0,PUR_IED_AlfonsoLopez_LabF_888ce0,,,,,
2026-09-12T17:21:11-05:00,PUR_IED_AlfonsoLopez_SMed_df6a7f,PUR_IED_AlfonsoLopez_SMed_df6a7f,,,,,
2026-09-12T17:21:11-05:00,PUR_IED_AltamiraSO_A2_209f92,PUR_IED_AltamiraSO_A2_209f92,,,,,
2026-09-12T17:21:11-05:00,PUR_IED_AltamiraSO_Ext_186d66,PUR_IED_AltamiraSO_Ext_186d66,,,,,
2026-09-12T17:21:11-05:00,PUR_IED_AltamiraSO_Sistem_27afe1,PUR_IED_AltamiraSO_Sistem_27afe1,,,,,
2026-09-12T17:21:11-05:00,PUR_IED_AlvaroGom_LabQuim_813179,PUR_IED_AlvaroGom_LabQuim_813179,,,,,
2026-09-12T17:21:11-05:00,PUR_IED_AlvaroGomez_Ext_47c7ca,PUR_IED_AlvaroGomez_Ext_47c7ca,,,,,
2026-09-12T17:21:11-05:00,PUR_IED_AlvaroGomez_LabQuim_813179,PUR_IED_AlvaroGomez_LabQuim_813179,,,,,
2026-09-12T17:21:11-05:00,PUR_IED_AlvaroGomez_S23_7ba89f,PUR_IED_AlvaroGomez_S23_7ba89f,,,,,
2026-09-12T17:21:11-05:00,PUR_IED_Amistad_306_dc8728,PUR_IED_Amistad_306_dc8728,,,,,
2026-09-12T17:21:11-05:00,PUR_IED_Amistad_Ext_8cd55e,PUR_IED_Amistad_Ext_8cd55e,,,,,
2026-09-12T17:21:11-05:00,PUR_IED_Amistad_S202_a41169,PUR_IED_Amistad_S202_a41169,,,,,
2026-09-12T17:21:11-05:00,PUR_IED_AndresBello_Bio_fd5f5e,PUR_IED_AndresBello_Bio_fd5f5e,,,,,
2026-09-12T17:21:11-05:00,PUR_IED_AndresBello_ext_dcad65,PUR_IED_AndresBello_ext_dcad65,,,,,
2026-09-12T17:21:11-05:00,PUR_IED_AndresBello_port_eed3ec,PUR_IED_AndresBello_port_eed3ec,,,,,
2026-09-12T17:21:11-05:00,PUR_IED_AngelaR_11b_d90a6b,PUR_IED_AngelaR_11b_d90a6b,,,,,
2026-09-12T17:21:11-05:00,PUR_IED_AngelaR_ext_7cad3e,PUR_IED_AngelaR_ext_7cad3e,,,,,
2026-09-12T17:21:11-05:00,PUR_IED_AntJoseSucre_10mo_df2575,PUR_IED_AntJoseSucre_10mo_df2575,,,,,
2026-09-12T17:21:11-05:00,PUR_IED_AntJoseSucre_Ext_215b36,PUR_IED_AntJoseSucre_Ext_215b36,,,,,
2026-09-12T17:21:11-05:00,PUR_IED_AntJoseSucre_Lab_3139de,PUR_IED_AntJoseSucre_Lab_3139de,,,,,
2026-09-12T17:21:11-05:00,PUR_IED_AntonioGarcia_301_d6b188,PUR_IED_AntonioGarcia_301_d6b188,,,,,
2026-09-12T17:21:11-05:00,PUR_IED_AntonioGarcia_302_88a82,PUR_IED_AntonioGarcia_302_88a82,,,,,
2026-09-12T17:21:11-05:00,PUR_IED_AntonioGarcia_Ext_20950c,PUR_IED_AntonioGarcia_Ext_20950c,,,,,
2026-09-12T17:21:11-05:00,PUR_IED_AntonioVan_Aula2_6dea02,PUR_IED_AntonioVan_Aula2_6dea02,,,,,
2026-09-12T17:21:11-05:00,PUR_IED_AntonioVan_Aula5_f1557e,PUR_IED_AntonioVan_Aula5_f1557e,,,,,
2026-09-12T17:21:11-05:00,PUR_IED_AntonioVan_Ext_406f2f,PUR_IED_AntonioVan_Ext_406f2f,,,,,
2026-09-12T17:21:11-05:00,PUR_IED_Atabanzha_Ext_cc5af9,PUR_IED_Atabanzha_Ext_cc5af9,,,,,
2026-09-12T17:21:11-05:00,PUR_IED_Atabanzha_SA101_56c37,PUR_IED_Atabanzha_SA101_56c37,,,,,
2026-09-12T17:21:11-05:00,PUR_IED_Atabanzha_SB302_27b374,PUR_IED_Atabanzha_SB302_27b374,,,,,
2026-09-12T17:21:11-05:00,PUR_IED_Atahualpa_Ext_fc1748,PUR_IED_Atahualpa_Ext_fc1748,,,,,
2026-09-12T17:21:11-05:00,PUR_IED_Atahualpa_Informa_dc9a95,PUR_IED_Atahualpa_Informa_dc9a95,,,,,
2026-09-12T17:21:11-05:00,PUR_IED_Atahualpa_S1101_f98056,PUR_IED_Atahualpa_S1101_f98056,,,,,
2026-09-12T17:21:11-05:00,PUR_IED_Bellavista_Ext_f5aa74,PUR_IED_Bellavista_Ext_f5aa74,,,,,
2026-09-12T17:21:11-05:00,PUR_IED_Bilbao_11A_916c41,PUR_IED_Bilbao_11A_916c41,,,,,
2026-09-12T17:21:11-05:00,PUR_IED_Bilbao_Ext_fb579a,PUR_IED_Bilbao_Ext_fb579a,,,,,
2026-09-12T17:21:11-05:00,PUR_IED_BrasiliaU_A125_304280,PUR_IED_BrasiliaU_A125_304280,,,,,
2026-09-12T17:21:11-05:00,PUR_IED_BrasiliaU_A203_7c8ca5,PUR_IED_BrasiliaU_A203_7c8ca5,,,,,
2026-09-12T17:21:11-05:00,PUR_IED_BrasiliaU_Ext_8d6e9f,PUR_IED_BrasiliaU_Ext_8d6e9f,3,20,59,4.5175,-74.116302
2026-09-12T17:21:11-05:00,PUR_IED_Brasilia_Ext_fe6593,PUR_IED_Brasilia_Ext_fe6593,,,,,
2026-09-12T17:21:11-05:00,PUR_IED_Brasilia_S24_7c130d,PUR_IED_Brasilia_S24_7c130d,,,,,
2026-09-12T17:21:11-05:00,PUR_IED_Brasilia_S501_186a54,PUR_IED_Brasilia_S501_186a54,,,,,
2026-09-12T17:21:11-05:00,PUR_IED_CHARRY_EXT_f1d5cd,PUR_IED_CHARRY_EXT_f1d5cd,,,,,
2026-09-12T17:21:11-05:00,PUR_IED_CHARRY_INTDANZAS_7a08e6,PUR_IED_CHARRY_INTDANZAS_7a08e6,,,,,
2026-09-12T17:21:11-05:00,PUR_IED_CHARRY_INT_AULA20_dc998d,PUR_IED_CHARRY_INT_AULA20_dc998d,,,,,
2026-09-12T17:21:11-05:00,PUR_IED_COLVIV_1101_S25_7f520a,PUR_IED_COLVIV_1101_S25_7f520a,,,,,
2026-09-12T17:21:11-05:00,PUR_IED_COLVIV_1102_S16_f570ba,PUR_IED_COLVIV_1102_S16_f570ba,,,,,
2026-09-12T17:21:11-05:00,PUR_IED_COLVIV_Ext_1a26fa,PUR_IED_COLVIV_Ext_1a26fa,,,,,
2026-09-12T17:21:11-05:00,PUR_IED_CULPOP_301A_f660f3,PUR_IED_CULPOP_301A_f660f3,,,,,
2026-09-12T17:21:11-05:00,PUR_IED_CULPOP_303_568afe,PUR_IED_CULPOP_303_568afe,,,,,
2026-09-12T17:21:11-05:00,PUR_IED_CULPOP_Ext_e02ccb,PUR_IED_CULPOP_Ext_e02ccb,,,,,
2026-09-12T17:21:11-05:00,PUR_IED_CVillavicen_Ext_26eb58,PUR_IED_CVillavicen_Ext_26eb58,6,16,78,4.487,-74.102798
2026-09-12T17:21:11-05:00,PUR_IED_CVillavicen_Intel_1ce5c2,PUR_IED_CVillavicen_Intel_1ce5c2,,,,,
2026-09-12T17:21:11-05:00,PUR_IED_CVillavicen_Poliv_e0766c,PUR_IED_CVillavicen_Poliv_e0766c,,,,,
2026-09-12T17:21:11-05:00,PUR_IED_CVillavicen_int_1ba140,PUR_IED_CVillavicen_int_1ba140,,,,,
2026-09-12T17:21:11-05:00,PUR_IED_CVillavicen_intel_1ba140,PUR_IED_CVillavicen_intel_1ba140,,,,,
2026-09-12T17:21:11-05:00,PUR_IED_CarlosPizarro_Ext_e307cc,PUR_IED_CarlosPizarro_Ext_e307cc,,,,,
2026-09-12T17:21:11-05:00,PUR_IED_CarlosPizarro_L36_7e5cdb,PUR_IED_CarlosPizarro_L36_7e5cdb,,,,,
2026-09-12T17:21:11-05:00,PUR_IED_CarlosPizarro_L37_c8566c,PUR_IED_CarlosPizarro_L37_c8566c,,,,,
2026-09-12T17:21:11-05:00,PUR_IED_Castilla_Ext_cf35f,PUR_IED_Castilla_Ext_cf35f,,,,,
2026-09-12T17:21:11-05:00,PUR_IED_Castilla_SFisik_360e38,PUR_IED_Castilla_SFisik_360e38,,,,,
2026-09-12T17:21:11-05:00,PUR_IED_Castilla_Sc304_496fbf,PUR_IED_Castilla_Sc304_496fbf,,,,,
2026-09-12T17:21:11-05:00,PUR_IED_CervantesSa_Ext_6b57b,PUR_IED_CervantesSa_Ext_6b57b,3,19,66,4.5128,-74.117203
2026-09-12T17:21:11-05:00,PUR_IED_CervantesSa_S107_225c2b,PUR_IED_CervantesSa_S107_225c2b,,,,,
2026-09-12T17:21:11-05:00,PUR_IED_CervantesSa_S108_940925,PUR_IED_CervantesSa_S108_940925,,,,,
2026-09-12T17:21:11-05:00,PUR_IED_Charry_A20_f53e7c,PUR_IED_Charry_A20_f53e7c,,,,,
2026-09-12T17:21:11-05:00,PUR_IED_Charry_Ext_f1d5cd,PUR_IED_Charry_Ext_f1d5cd,,,,,
2026-09-12T17:21:11-05:00,PUR_IED_Charry_IntAula20_dc998d,PUR_IED_Charry_IntAula20_dc998d,,,,,
2026-09-12T17:21:11-05:00,PUR_IED_Charry_IntDanzas_7a08e6,PUR_IED_Charry_IntDanzas_7a08e6,,,,,
2026-09-12T17:21:11-05:00,PUR_IED_ClememciaC_203_43e2fc,PUR_IED_ClememciaC_203_43e2fc,,,,,
2026-09-12T17:21:11-05:00,PUR_IED_ClememciaC_Ext_1b411a,PUR_IED_ClememciaC_Ext_1b411a,,,,,
2026-09-12T17:21:11-05:00,PUR_IED_ClememciaC_Quimic_44b5fc,PUR_IED_ClememciaC_Quimic_44b5fc,,,,,
2026-09-12T17:21:11-05:00,PUR_IED_ClemenciaC_203_43e2fc,PUR_IED_ClemenciaC_203_43e2fc,,,,,
2026-09-12T17:21:11-05:00,PUR_IED_ClemenciaC_Ext_1b411a,PUR_IED_ClemenciaC_Ext_1b411a,,,,,
2026-09-12T17:21:11-05:00,PUR_IED_ClemenciaC_Quimic_44b5fc,PUR_IED_ClemenciaC_Quimic_44b5fc,,,,,
2026-09-12T17:21:11-05:00,PUR_IED_ColViva_1101_S25_7f520a,PUR_IED_ColViva_1101_S25_7f520a,,,,,
2026-09-12T17:21:11-05:00,PUR_IED_ColViva_1102_S16_f570ba,PUR_IED_ColViva_1102_S16_f570ba,,,,,
2026-09-12T17:21:11-05:00,PUR_IED_ColViva_Ext_1a26fa,PUR_IED_ColViva_Ext_1a26fa,,,,,
2026-09-12T17:21:11-05:00,PUR_IED_ColegioBici_Asist_7c8798,PUR_IED_ColegioBici_Asist_7c8798,,,,,
2026-09-12T17:21:11-05:00,PUR_IED_ColegioBici_Ext_25cbf6,PUR_IED_ColegioBici_Ext_25cbf6,,,,,
2026-09-12T17:21:11-05:00,PUR_IED_ColegioBici_LabQ_7b57db,PUR_IED_ColegioBici_LabQ_7b57db,,,,,
2026-09-12T17:21:11-05:00,PUR_IED_CostaRica_Ext_5e640,PUR_IED_CostaRica_Ext_5e640,,,,,
2026-09-12T17:21:11-05:00,PUR_IED_CostaRica_Quim1_766d1c,PUR_IED_CostaRica_Quim1_766d1c,,,,,
2026-09-12T17:21:11-05:00,PUR_IED_CostaRica__Fisica_6f0873,PUR_IED_CostaRica__Fisica_6f0873,,,,,
2026-09-12T17:21:11-05:00,PUR_IED_CulPopu_301A_f660f3,PUR_IED_CulPopu_301A_f660f3,,,,,
2026-09-12T17:21:11-05:00,PUR_IED_CulPopu_303_568afe,PUR_IED_CulPopu_303_568afe,,,,,
2026-09-12T17:21:11-05:00,PUR_IED_CulPopu_Ext_e02ccb,PUR_IED_CulPopu_Ext_e02ccb,,,,,
2026-09-12T17:21:11-05:00,PUR_IED_Cundinamarca_Ext_f15985,PUR_IED_Cundinamarca_Ext_f15985,,,,,
2026-09-12T17:21:11-05:00,PUR_IED_Cundinamarca_Info_7aa5d7,PUR_IED_Cundinamarca_Info_7aa5d7,,,,,
2026-09-12T17:21:11-05:00,PUR_IED_Cundinamarca_Tec2_f449c7,PUR_IED_Cundinamarca_Tec2_f449c7,,,,,
2026-09-12T17:21:11-05:00,PUR_IED_DiegoM_Aula1_27b314,PUR_IED_DiegoM_Aula1_27b314,,,,,
2026-09-12T17:21:11-05:00,PUR_IED_DiegoM_Ext_d80ac8,PUR_IED_DiegoM_Ext_d80ac8,,,,,
2026-09-12T17:21:11-05:00,PUR_IED_DiegoM_S25_da928f,PUR_IED_DiegoM_S25_da928f,,,,,
2026-09-12T17:21:11-05:00,PUR_IED_ELRODEO_360881,PUR_IED_ELRODEO_360881,,,,,
2026-09-12T17:21:11-05:00,PUR_IED_ELRODEO_ext_360881,PUR_IED_ELRODEO_ext_360881,,,,,
2026-09-12T17:21:11-05:00,PUR_IED_EduardoU_Ext_1c1969,PUR_IED_EduardoU_Ext_1c1969,,,,,
2026-09-12T17:21:11-05:00,PUR_IED_EduardoU_SCiencia_4dfb94,PUR_IED_EduardoU_SCiencia_4dfb94,,,,,
2026-09-12T17:21:11-05:00,PUR_IED_EduardoU_SQuimica_5a46e7,PUR_IED_EduardoU_SQuimica_5a46e7,,,,,
2026-09-12T17:21:11-05:00,PUR_IED_ElRodeo_Aula14_676984,PUR_IED_ElRodeo_Aula14_676984,,,,,
2026-09-12T17:21:11-05:00,PUR_IED_ElRodeo_Aula16_2dd35b,PUR_IED_ElRodeo_Aula16_2dd35b,,,,,
2026-09-12T17:21:11-05:00,PUR_IED_ElRodeo_Ext_360881,PUR_IED_ElRodeo_Ext_360881,,,,,
2026-09-12T17:21:11-05:00,PUR_IED_ElRodeo_Exterior_8c6d28,PUR_IED_ElRodeo_Exterior_8c6d28,,,,,
2026-09-12T17:21:11-05:00,PUR_IED_ElRodeo_ext_360881,PUR_IED_ElRodeo_ext_360881,,,,,
2026-09-12T17:21:11-05:00,PUR_IED_EmmaReyes_Ext_987625,PUR_IED_EmmaReyes_Ext_987625,2,21,50,4.6367,-74.1511
2026-09-12T17:21:11-05:00,PUR_IED_Ensueño_Ext_7f0250,PUR_IED_Ensueño_Ext_7f0250,,,,,
2026-09-12T17:21:11-05:00,PUR_IED_EscNormal_Ext_5fef3b,PUR_IED_EscNormal_Ext_5fef3b,2,21,57,4.5852,-74.096901
2026-09-12T17:21:11-05:00,PUR_IED_EscNormal_S309_5b263,PUR_IED_EscNormal_S309_5b263,,,,,
2026-09-12T17:21:11-05:00,PUR_IED_EscNormal_S310_27b3b8,PUR_IED_EscNormal_S310_27b3b8,,,,,
2026-09-12T17:21:11-05:00,PUR_IED_Evangelista_Conta_f6cd4f,PUR_IED_Evangelista_Conta_f6cd4f,,,,,
2026-09-12T17:21:11-05:00,PUR_IED_Evangelista_Cri_5e16a,PUR_IED_Evangelista_Cri_5e16a,,,,,
2026-09-12T17:21:11-05:00,PUR_IED_Evangelista_Exter_754066,PUR_IED_Evangelista_Exter_754066,,,,,
2026-09-12T17:21:11-05:00,PUR_IED_FMiranda_S209_5cc2a3,PUR_IED_FMiranda_S209_5cc2a3,,,,,
2026-09-12T17:21:11-05:00,PUR_IED_FMiranda_S303_19e344,PUR_IED_FMiranda_S303_19e344,,,,,
2026-09-12T17:21:11-05:00,PUR_IED_FMiranda_ext_f53e7c,PUR_IED_FMiranda_ext_f53e7c,,,,,
2026-09-12T17:21:11-05:00,PUR_IED_FabioLozano_Bibli_1cee05,PUR_IED_FabioLozano_Bibli_1cee05,,,,,
2026-09-12T17:21:11-05:00,PUR_IED_FabioLozano_Ext_6ea285,PUR_IED_FabioLozano_Ext_6ea285,,,,,
2026-09-12T17:21:11-05:00,PUR_IED_FabioLozano_SLudi_f09e1e,PUR_IED_FabioLozano_SLudi_f09e1e,,,,,
2026-09-12T17:21:11-05:00,PUR_IED_FaustinoS_Aula07_27a731,PUR_IED_FaustinoS_Aula07_27a731,,,,,
2026-09-12T17:21:11-05:00,PUR_IED_FaustinoS_Ext_7b936f,PUR_IED_FaustinoS_Ext_7b936f,,,,,
2026-09-12T17:21:11-05:00,PUR_IED_FaustinoS_Fisica_da2c60,PUR_IED_FaustinoS_Fisica_da2c60,,,,,
2026-09-12T17:21:11-05:00,PUR_IED_FeGarciaLo_Ext_dc68ee,PUR_IED_FeGarciaLo_Ext_dc68ee,,,,,
2026-09-12T17:21:11-05:00,PUR_IED_FeGarciaLo_SDanza_f70a59,PUR_IED_FeGarciaLo_SDanza_f70a59,,,,,
2026-09-12T17:21:11-05:00,PUR_IED_FeGarciaLo_SMusic_125cdd,PUR_IED_FeGarciaLo_SMusic_125cdd,,,,,
2026-09-12T17:21:11-05:00,PUR_IED_FederalAlema_Exte_50c345,PUR_IED_FederalAlema_Exte_50c345,,,,,
2026-09-12T17:21:11-05:00,PUR_IED_FederalAlema_S31_f18371,PUR_IED_FederalAlema_S31_f18371,,,,,
2026-09-12T17:21:11-05:00,PUR_IED_FederalAlema_S901_a62cd,PUR_IED_FederalAlema_S901_a62cd,,,,,
2026-09-12T17:21:11-05:00,PUR_IED_FilarmonicaS_A5_f35eb1,PUR_IED_FilarmonicaS_A5_f35eb1,,,,,
2026-09-12T17:21:11-05:00,PUR_IED_FilarmonicaS_Ext_8a3bde,PUR_IED_FilarmonicaS_Ext_8a3bde,,,,,
2026-09-12T17:21:11-05:00,PUR_IED_FilarmonicaS_Spol_406114,PUR_IED_FilarmonicaS_Spol_406114,,,,,
2026-09-12T17:21:11-05:00,PUR_IED_FlorentinoG_A13_d1fa59,PUR_IED_FlorentinoG_A13_d1fa59,,,,,
2026-09-12T17:21:11-05:00,PUR_IED_FlorentinoG_Ext_1ce6ce,PUR_IED_FlorentinoG_Ext_1ce6ce,,,,,
2026-09-12T17:21:11-05:00,PUR_IED_FlorentinoG_Idiom_a66aac,PUR_IED_FlorentinoG_Idiom_a66aac,,,,,
2026-09-12T17:21:11-05:00,PUR_IED_FranciscoMati_Ext_e3869d,PUR_IED_FranciscoMati_Ext_e3869d,,,,,
2026-09-12T17:21:11-05:00,PUR_IED_FranciscoMati_S13_f31c67,PUR_IED_FranciscoMati_S13_f31c67,,,,,
2026-09-12T17:21:11-05:00,PUR_IED_FranciscoMati_S14_97dead,PUR_IED_FranciscoMati_S14_97dead,,,,,
2026-09-12T17:21:11-05:00,PUR_IED_FranciscoPS_Ext_7bfa9a,PUR_IED_FranciscoPS_Ext_7bfa9a,2,21,56,4.5899,-74.110397
2026-09-12T17:21:11-05:00,PUR_IED_FranciscoPS_Infor_fb8f4c,PUR_IED_FranciscoPS_Infor_fb8f4c,,,,,
2026-09-12T17:21:11-05:00,PUR_IED_FranciscoPS_Quimi_94d39c,PUR_IED_FranciscoPS_Quimi_94d39c,,,,,
2026-09-12T17:21:11-05:00,PUR_IED_FranciscoP_LabQ_d7e148,PUR_IED_FranciscoP_LabQ_d7e148,,,,,
2026-09-12T17:21:11-05:00,PUR_IED_FranciscoP_S28_cf9b30,PUR_IED_FranciscoP_S28_cf9b30,,,,,
2026-09-12T17:21:11-05:00,PUR_IED_FranciscoP_ext_e2313,PUR_IED_FranciscoP_ext_e2313,,,,,
2026-09-12T17:21:11-05:00,PUR_IED_FriederichN_Ext_8ac92a,PUR_IED_FriederichN_Ext_8ac92a,,,,,
2026-09-12T17:21:11-05:00,PUR_IED_FriederichN_S301_dd7e5a,PUR_IED_FriederichN_S301_dd7e5a,,,,,
2026-09-12T17:21:11-05:00,PUR_IED_FriederichN_S308_761f4f,PUR_IED_FriederichN_S308_761f4f,,,,,
2026-09-12T17:21:11-05:00,PUR_IED_GSantander_Aula10_533dd7,PUR_IED_GSantander_Aula10_533dd7,,,,,
2026-09-12T17:21:11-05:00,PUR_IED_GSantander_Aula12_fd4e4f,PUR_IED_GSantander_Aula12_fd4e4f,,,,,
2026-09-12T17:21:11-05:00,PUR_IED_GSantander_Aula310_533dd7,PUR_IED_GSantander_Aula310_533dd7,,,,,
2026-09-12T17:21:11-05:00,PUR_IED_GSantander_Aula312_fd4e4f,PUR_IED_GSantander_Aula312_fd4e4f,,,,,
2026-09-12T17:21:11-05:00,PUR_IED_GSantander_Ext_5f66b0,PUR_IED_GSantander_Ext_5f66b0,,,,,
2026-09-12T17:21:11-05:00,PUR_IED_GYomasa_Ext_f6bea5,PUR_IED_GYomasa_Ext_f6bea5,,,,,
2026-09-12T17:21:11-05:00,PUR_IED_GYomasa_LBiol_2c41aa,PUR_IED_GYomasa_LBiol_2c41aa,,,,,
2026-09-12T17:21:11-05:00,PUR_IED_GYomasa_LQuim_33c80,PUR_IED_GYomasa_LQuim_33c80,,,,,
2026-09-12T17:21:11-05:00,PUR_IED_GabBetMejia_Cienc_5a99c,PUR_IED_GabBetMejia_Cienc_5a99c,,,,,
2026-09-12T17:21:11-05:00,PUR_IED_GabBetMejia_Ext_9153d0,PUR_IED_GabBetMejia_Ext_9153d0,,,,,
2026-09-12T17:21:11-05:00,PUR_IED_GabBetMejia_Lab_f55347,PUR_IED_GabBetMejia_Lab_f55347,,,,,
2026-09-12T17:21:11-05:00,PUR_IED_GabBetanMejia_Ext_9153d0,PUR_IED_GabBetanMejia_Ext_9153d0,,,,,
2026-09-12T17:21:11-05:00,PUR_IED_Gaitana_Aula13_7aac11,PUR_IED_Gaitana_Aula13_7aac11,,,,,
2026-09-12T17:21:11-05:00,PUR_IED_Gaitana_Ext_5fcf4,PUR_IED_Gaitana_Ext_5fcf4,,,,,
2026-09-12T17:21:11-05:00,PUR_IED_Gaitana_LabFisica_644448,PUR_IED_Gaitana_LabFisica_644448,,,,,
2026-09-12T17:21:11-05:00,PUR_IED_GenSantander_Dise_8ac858,PUR_IED_GenSantander_Dise_8ac858,,,,,
2026-09-12T17:21:11-05:00,PUR_IED_GenSantander_Ext_8d5dfe,PUR_IED_GenSantander_Ext_8d5dfe,,,,,
2026-09-12T17:21:11-05:00,PUR_IED_GenSantander_Info_6c25b,PUR_IED_GenSantander_Info_6c25b,,,,,
2026-09-12T17:21:11-05:00,PUR_IED_GustavoMo_Exterio_75e63d,PUR_IED_GustavoMo_Exterio_75e63d,,,,,
2026-09-12T17:21:11-05:00,PUR_IED_GustavoMo_LabFisi_224d37,PUR_IED_GustavoMo_LabFisi_224d37,,,,,
2026-09-12T17:21:11-05:00,PUR_IED_GustavoMo_S208_3e6918,PUR_IED_GustavoMo_S208_3e6918,,,,,
2026-09-12T17:21:11-05:00,PUR_IED_GustavoR_A02_8cd4a8,PUR_IED_GustavoR_A02_8cd4a8,,,,,
2026-09-12T17:21:11-05:00,PUR_IED_GustavoR_B11_5b0ed,PUR_IED_GustavoR_B11_5b0ed,,,,,
2026-09-12T17:21:11-05:00,PUR_IED_GustavoR_Ext_7a0c90,PUR_IED_GustavoR_Ext_7a0c90,,,,,
2026-09-12T17:21:11-05:00,PUR_IED_HernandoDuran_Ext_8cd82b,PUR_IED_HernandoDuran_Ext_8cd82b,,,,,
2026-09-12T17:21:11-05:00,PUR_IED_HernandoDuran_S24_2772c6,PUR_IED_HernandoDuran_S24_2772c6,,,,,
2026-09-12T17:21:11-05:00,PUR_IED_HernandoDuran_S30_f2de41,PUR_IED_HernandoDuran_S30_f2de41,,,,,
2026-09-12T17:21:11-05:00,PUR_IED_HolguInUr_S1101_8cd732,PUR_IED_HolguInUr_S1101_8cd732,,,,,
2026-09-12T17:21:11-05:00,PUR_IED_HolguinUr_Exter_ddae6d,PUR_IED_HolguinUr_Exter_ddae6d,,,,,
2026-09-12T17:21:11-05:00,PUR_IED_HolguinUr_LabQuim_92b952,PUR_IED_HolguinUr_LabQuim_92b952,,,,,
2026-09-12T17:21:11-05:00,PUR_IED_Isabel-II_Ext_5245cc,PUR_IED_Isabel-II_Ext_5245cc,2,20,57,4.6336,-74.153
2026-09-12T17:21:11-05:00,PUR_IED_Isabel-II_S_idiom_1c29aa,PUR_IED_Isabel-II_S_idiom_1c29aa,,,,,
2026-09-12T17:21:11-05:00,PUR_IED_Isabel-II_S_infor_fd741,PUR_IED_Isabel-II_S_infor_fd741,,,,,
2026-09-12T17:21:11-05:00,PUR_IED_IsidroSur_Exterio_5b90ea,PUR_IED_IsidroSur_Exterio_5b90ea,,,,,
2026-09-12T17:21:11-05:00,PUR_IED_IsidroSur_LabTec_56697a,PUR_IED_IsidroSur_LabTec_56697a,,,,,
2026-09-12T17:21:11-05:00,PUR_IED_IsidroSur_Robotic_b7c38f,PUR_IED_IsidroSur_Robotic_b7c38f,,,,,
2026-09-12T17:21:11-05:00,PUR_IED_IsmaelPerd_Ext_7b6672,PUR_IED_IsmaelPerd_Ext_7b6672,,,,,
2026-09-12T17:21:11-05:00,PUR_IED_IsmaelPerd_Inform_306540,PUR_IED_IsmaelPerd_Inform_306540,,,,,
2026-09-12T17:21:11-05:00,PUR_IED_IsmaelPerd_S30_2e2c83,PUR_IED_IsmaelPerd_S30_2e2c83,,,,,
2026-09-12T17:21:11-05:00,PUR_IED_JLozano_Exter_432910,PUR_IED_JLozano_Exter_432910,,,,,
2026-09-12T17:21:11-05:00,PUR_IED_JLozano_salaMulti_df5125,PUR_IED_JLozano_salaMulti_df5125,,,,,
2026-09-12T17:21:11-05:00,PUR_IED_JMCordoba_206_86f80b,PUR_IED_JMCordoba_206_86f80b,,,,,
2026-09-12T17:21:11-05:00,PUR_IED_JMCordoba_Ext_27ad97,PUR_IED_JMCordoba_Ext_27ad97,,,,,
2026-09-12T17:21:11-05:00,PUR_IED_JMCordoba_S310_d59ab4,PUR_IED_JMCordoba_S310_d59ab4,,,,,
2026-09-12T17:21:11-05:00,PUR_IED_Japon_Ext_549100,PUR_IED_Japon_Ext_549100,,,,,
2026-09-12T17:21:11-05:00,PUR_IED_Japon_Laboratorio_bec51d,PUR_IED_Japon_Laboratorio_bec51d,,,,,
2026-09-12T17:21:11-05:00,PUR_IED_Japon_informatica_d99327,PUR_IED_Japon_informatica_d99327,,,,,
2026-09-12T17:21:11-05:00,PUR_IED_Jazmin_Ext_d27bda,PUR_IED_Jazmin_Ext_d27bda,,,,,
2026-09-12T17:21:11-05:00,PUR_IED_Jazmin_Fisica_8d14d7,PUR_IED_Jazmin_Fisica_8d14d7,,,,,
2026-09-12T17:21:11-05:00,PUR_IED_Jazmin_Quimica_801cb5,PUR_IED_Jazmin_Quimica_801cb5,,,,,
2026-09-12T17:21:11-05:00,PUR_IED_JorgeGaitan_Exter_f098d1,PUR_IED_JorgeGaitan_Exter_f098d1,,,,,
2026-09-12T17:21:11-05:00,PUR_IED_JorgeGaitan_STec1_dc9d1d,PUR_IED_JorgeGaitan_STec1_dc9d1d,,,,,
2026-09-12T17:21:11-05:00,PUR_IED_JorgeGaitan_STec2_281e69,PUR_IED_JorgeGaitan_STec2_281e69,,,,,
2026-09-12T17:21:11-05:00,PUR_IED_JorgeSoto_Exterio_d9d0a2,PUR_IED_JorgeSoto_Exterio_d9d0a2,,,,,
2026-09-12T17:21:11-05:00,PUR_IED_JorgeSoto_LabFisi_209c54,PUR_IED_JorgeSoto_LabFisi_209c54,,,,,
2026-09-12T17:21:11-05:00,PUR_IED_JorgeSoto_S103_27b51a,PUR_IED_JorgeSoto_S103_27b51a,,,,,
2026-09-12T17:21:11-05:00,PUR_IED_JoseAcevedo_A02_e965eb,PUR_IED_JoseAcevedo_A02_e965eb,,,,,
2026-09-12T17:21:11-05:00,PUR_IED_JoseAcevedo_A07_dd5b4,PUR_IED_JoseAcevedo_A07_dd5b4,,,,,
2026-09-12T17:21:11-05:00,PUR_IED_JoseAcevedo_Ext_b47484,PUR_IED_JoseAcevedo_Ext_b47484,,,,,
2026-09-12T17:21:11-05:00,PUR_IED_JoseMarti_Exte_5b9bf,PUR_IED_JoseMarti_Exte_5b9bf,,,,,
2026-09-12T17:21:11-05:00,PUR_IED_JoseMarti_LabQuim_1c6c2d,PUR_IED_JoseMarti_LabQuim_1c6c2d,,,,,
2026-09-12T17:21:11-05:00,PUR_IED_JoseMarti_S_info_f5f177,PUR_IED_JoseMarti_S_info_f5f177,,,,,
2026-09-12T17:21:11-05:00,PUR_IED_Josejoaquin_Ext_dfc5dc,PUR_IED_Josejoaquin_Ext_dfc5dc,,,,,
2026-09-12T17:21:11-05:00,PUR_IED_Josejoaquin_S05_5b2a96,PUR_IED_Josejoaquin_S05_5b2a96,,,,,
2026-09-12T17:21:11-05:00,PUR_IED_Josejoaquin_S06_1ce7d2,PUR_IED_Josejoaquin_S06_1ce7d2,,,,,
2026-09-12T17:21:11-05:00,PUR_IED_JulioFlorez_Danza_9b82dd,PUR_IED_JulioFlorez_Danza_9b82dd,,,,,
2026-09-12T17:21:11-05:00,PUR_IED_JulioFlorez_Exter_f9f314,PUR_IED_JulioFlorez_Exter_f9f314,,,,,
2026-09-12T17:21:11-05:00,PUR_IED_JulioFlorez_info2_6b6e08,PUR_IED_JulioFlorez_info2_6b6e08,,,,,
2026-09-12T17:21:11-05:00,PUR_IED_LaBelleza_Aula13_1d00d8,PUR_IED_LaBelleza_Aula13_1d00d8,,,,,
2026-09-12T17:21:11-05:00,PUR_IED_LaBelleza_Ext_7bc08c,PUR_IED_LaBelleza_Ext_7bc08c,,,,,
2026-09-12T17:21:11-05:00,PUR_IED_LaChucua_Ext_8cd6d2,PUR_IED_LaChucua_Ext_8cd6d2,,,,,
2026-09-12T17:21:11-05:00,PUR_IED_LaChucua_S15_f578ce,PUR_IED_LaChucua_S15_f578ce,,,,,
2026-09-12T17:21:11-05:00,PUR_IED_LaChucua_S16_eebcf9,PUR_IED_LaChucua_S16_eebcf9,,,,,
2026-09-12T17:21:11-05:00,PUR_IED_LaFelicidad_Ext_fb5109,PUR_IED_LaFelicidad_Ext_fb5109,,,,,
2026-09-12T17:21:11-05:00,PUR_IED_LaMerced_206_66ebd,PUR_IED_LaMerced_206_66ebd,,,,,
2026-09-12T17:21:11-05:00,PUR_IED_LaMerced_207_6ebd6,PUR_IED_LaMerced_207_6ebd6,,,,,
2026-09-12T17:21:11-05:00,PUR_IED_LaMerced_ext_304311,PUR_IED_LaMerced_ext_304311,,,,,
2026-09-12T17:21:11-05:00,PUR_IED_Laureano_CiencNat_281e5e,PUR_IED_Laureano_CiencNat_281e5e,,,,,
2026-09-12T17:21:11-05:00,PUR_IED_Laureano_Comedor_f65c0a,PUR_IED_Laureano_Comedor_f65c0a,,,,,
2026-09-12T17:21:11-05:00,PUR_IED_Laureano_Exterior_7ab011,PUR_IED_Laureano_Exterior_7ab011,,,,,
2026-09-12T17:21:11-05:00,PUR_IED_LeonGreiff_Exte_dfe560,PUR_IED_LeonGreiff_Exte_dfe560,,,,,
2026-09-12T17:21:11-05:00,PUR_IED_LeonGreiff_S210_f264ed,PUR_IED_LeonGreiff_S210_f264ed,,,,,
2026-09-12T17:21:11-05:00,PUR_IED_LeonGreiff_SQuimi_e8296f,PUR_IED_LeonGreiff_SQuimi_e8296f,,,,,
2026-09-12T17:21:11-05:00,PUR_IED_LlanoOrientalS208_7b9fcd,PUR_IED_LlanoOrientalS208_7b9fcd,,,,,
2026-09-12T17:21:11-05:00,PUR_IED_LlanoOriental_Ext_fb3766,PUR_IED_LlanoOriental_Ext_fb3766,,,,,
2026-09-12T17:21:11-05:00,PUR_IED_LlanoOriental_S208_7b9fcd,PUR_IED_LlanoOriental_S208_7b9fcd,,,,,
2026-09-12T17:21:11-05:00,PUR_IED_LlanoOriental_S9_27b378,PUR_IED_LlanoOriental_S9_27b378,,,,,
2026-09-12T17:21:11-05:00,PUR_IED_LosTejares_1101_477602,PUR_IED_LosTejares_1101_477602,,,,,
2026-09-12T17:21:11-05:00,PUR_IED_LosTejares_11_d2c595,PUR_IED_LosTejares_11_d2c595,,,,,
2026-09-12T17:21:11-05:00,PUR_IED_LosTejares_12_477602,PUR_IED_LosTejares_12_477602,,,,,
2026-09-12T17:21:11-05:00,PUR_IED_LosTejares_Ext_8e2115,PUR_IED_LosTejares_Ext_8e2115,,,,,
2026-09-12T17:21:11-05:00,PUR_IED_MagdalenaO_B202_5ddda3,PUR_IED_MagdalenaO_B202_5ddda3,,,,,
2026-09-12T17:21:11-05:00,PUR_IED_MagdalenaO_B205_fb76e8,PUR_IED_MagdalenaO_B205_fb76e8,,,,,
2026-09-12T17:21:11-05:00,PUR_IED_MagdalenaO_ext_dc69cd,PUR_IED_MagdalenaO_ext_dc69cd,,,,,
2026-09-12T17:21:11-05:00,PUR_IED_ManueCepeda_artes_eee956,PUR_IED_ManueCepeda_artes_eee956,,,,,
2026-09-12T17:21:11-05:00,PUR_IED_ManuelCepeda_Ext_58313,PUR_IED_ManuelCepeda_Ext_58313,,,,,
2026-09-12T17:21:11-05:00,PUR_IED_ManuelCepeda_tec_1c5731,PUR_IED_ManuelCepeda_tec_1c5731,,,,,
2026-09-12T17:21:11-05:00,PUR_IED_ManuelS_Exterior_5b269,PUR_IED_ManuelS_Exterior_5b269,,,,,
2026-09-12T17:21:11-05:00,PUR_IED_ManuelS_Inform_f369ce,PUR_IED_ManuelS_Inform_f369ce,,,,,
2026-09-12T17:21:11-05:00,PUR_IED_ManuelS_SArtes_7d15f1,PUR_IED_ManuelS_SArtes_7d15f1,,,,,
2026-09-12T17:21:11-05:00,PUR_IED_ManuelZapata_303_3ca6,PUR_IED_ManuelZapata_303_3ca6,,,,,
2026-09-12T17:21:11-05:00,PUR_IED_ManuelZapata_311_bfbabc,PUR_IED_ManuelZapata_311_bfbabc,,,,,
2026-09-12T17:21:11-05:00,PUR_IED_ManuelZapata_Ext_50824a,PUR_IED_ManuelZapata_Ext_50824a,,,,,
2026-09-12T17:21:11-05:00,PUR_IED_ManuelitaS_Exteri_656a92,PUR_IED_ManuelitaS_Exteri_656a92,,,,,
2026-09-12T17:21:11-05:00,PUR_IED_ManuelitaS_JuzgDe_f58ec3,PUR_IED_ManuelitaS_JuzgDe_f58ec3,,,,,
2026-09-12T17:21:11-05:00,PUR_IED_ManuelitaS_Recrea_d793db,PUR_IED_ManuelitaS_Recrea_d793db,,,,,
2026-09-12T17:21:11-05:00,PUR_IED_MarFidSuarez_Ext_c27b19,PUR_IED_MarFidSuarez_Ext_c27b19,,,,,
2026-09-12T17:21:11-05:00,PUR_IED_MarFidSuarez_Info_e384d7,PUR_IED_MarFidSuarez_Info_e384d7,,,,,
2026-09-12T17:21:11-05:00,PUR_IED_MarFidSuarez_S306_1d0032,PUR_IED_MarFidSuarez_S306_1d0032,,,,,
2026-09-12T17:21:11-05:00,PUR_IED_Menorah_301_2a25a3,PUR_IED_Menorah_301_2a25a3,,,,,
2026-09-12T17:21:11-05:00,PUR_IED_Menorah_306_37ed3,PUR_IED_Menorah_306_37ed3,,,,,
2026-09-12T17:21:11-05:00,PUR_IED_Menorah_Ext_3e155b,PUR_IED_Menorah_Ext_3e155b,,,,,
2026-09-12T17:21:11-05:00,PUR_IED_MinutoB.Aires_A11_1b1604,PUR_IED_MinutoB.Aires_A11_1b1604,,,,,
2026-09-12T17:21:11-05:00,PUR_IED_MinutoB.Aires_A12_fb5860,PUR_IED_MinutoB.Aires_A12_fb5860,,,,,
2026-09-12T17:21:11-05:00,PUR_IED_MinutoB.Aires_Ext_81293f,PUR_IED_MinutoB.Aires_Ext_81293f,,,,,
2026-09-12T17:21:11-05:00,PUR_IED_MinutoBAires_A11_1b1604,PUR_IED_MinutoBAires_A11_1b1604,,,,,
2026-09-12T17:21:11-05:00,PUR_IED_MinutoBAires_A12_fb5860,PUR_IED_MinutoBAires_A12_fb5860,,,,,
2026-09-12T17:21:11-05:00,PUR_IED_MinutoBAires_Ext_81293f,PUR_IED_MinutoBAires_Ext_81293f,,,,,
2026-09-12T17:21:11-05:00,PUR_IED_Montreal_Aula10_1e4959,PUR_IED_Montreal_Aula10_1e4959,,,,,
2026-09-12T17:21:11-05:00,PUR_IED_Montreal_Aula6_300367,PUR_IED_Montreal_Aula6_300367,,,,,
2026-09-12T17:21:11-05:00,PUR_IED_Montreal_Exterior_91a179,PUR_IED_Montreal_Exterior_91a179,,,,,
2026-09-12T17:21:11-05:00,PUR_IED_Mqgdalena_B202_5ddda3,PUR_IED_Mqgdalena_B202_5ddda3,,,,,
2026-09-12T17:21:11-05:00,PUR_IED_NACUND_Soc_dc8728,PUR_IED_NACUND_Soc_dc8728,,,,,
2026-09-12T17:21:11-05:00,PUR_IED_NACUND_ext_27ad97,PUR_IED_NACUND_ext_27ad97,,,,,
2026-09-12T17:21:11-05:00,PUR_IED_NEsperanza_Ext_d24b61,PUR_IED_NEsperanza_Ext_d24b61,,,,,
2026-09-12T17:21:11-05:00,PUR_IED_NEsperanza_SElect_7d1807,PUR_IED_NEsperanza_SElect_7d1807,,,,,
2026-09-12T17:21:11-05:00,PUR_IED_NEsperanza_SLabor_8b2d0a,PUR_IED_NEsperanza_SLabor_8b2d0a,,,,,
2026-09-12T17:21:11-05:00,PUR_IED_NacionesU_Ext_f661a9,PUR_IED_NacionesU_Ext_f661a9,,,,,
2026-09-12T17:21:11-05:00,PUR_IED_NacionesU_Quimica_66f0a,PUR_IED_NacionesU_Quimica_66f0a,,,,,
2026-09-12T17:21:11-05:00,PUR_IED_NacionesU_S306_1b4b3d,PUR_IED_NacionesU_S306_1b4b3d,,,,,
2026-09-12T17:21:11-05:00,PUR_IED_NestorFA_Ext_e4201c,PUR_IED_NestorFA_Ext_e4201c,,,,,
2026-09-12T17:21:11-05:00,PUR_IED_NestorFA_Laborato_f22fe0,PUR_IED_NestorFA_Laborato_f22fe0,,,,,
2026-09-12T17:21:11-05:00,PUR_IED_NestorFA_S204_dee996,PUR_IED_NestorFA_S204_dee996,,,,,
2026-09-12T17:21:11-05:00,PUR_IED_NidyaQT_Aula03_76999b,PUR_IED_NidyaQT_Aula03_76999b,,,,,
2026-09-12T17:21:11-05:00,PUR_IED_NidyaQT_Aula10_56325,PUR_IED_NidyaQT_Aula10_56325,,,,,
2026-09-12T17:21:11-05:00,PUR_IED_NidyaQT_Ext_46e32d,PUR_IED_NidyaQT_Ext_46e32d,,,,,
2026-09-12T17:21:11-05:00,PUR_IED_NuevaCol_Exterior_d9b859,PUR_IED_NuevaCol_Exterior_d9b859,,,,,
2026-09-12T17:21:11-05:00,PUR_IED_NuevaCol_S1101_76c43b,PUR_IED_NuevaCol_S1101_76c43b,,,,,
2026-09-12T17:21:11-05:00,PUR_IED_NuevaCol_S1102_1ce0b5,PUR_IED_NuevaCol_S1102_1ce0b5,,,,,
2026-09-12T17:21:11-05:00,PUR_IED_OEA_A202_f7e3f2,PUR_IED_OEA_A202_f7e3f2,,,,,
2026-09-12T17:21:11-05:00,PUR_IED_OEA_A203_7d1b8d,PUR_IED_OEA_A203_7d1b8d,,,,,
2026-09-12T17:21:11-05:00,PUR_IED_OEA_Ext_27b593,PUR_IED_OEA_Ext_27b593,,,,,
2026-09-12T17:21:11-05:00,PUR_IED_Ochoa_Ext_1c29da,PUR_IED_Ochoa_Ext_1c29da,,,,,
2026-09-12T17:21:11-05:00,PUR_IED_Ochoa_S205_8b1121,PUR_IED_Ochoa_S205_8b1121,,,,,
2026-09-12T17:21:11-05:00,PUR_IED_Ochoa_Sistemas_f33af6,PUR_IED_Ochoa_Sistemas_f33af6,,,,,
2026-09-12T17:21:11-05:00,PUR_IED_PQuebec_Ext_1c67c7,PUR_IED_PQuebec_Ext_1c67c7,,,,,
2026-09-12T17:21:11-05:00,PUR_IED_PQuebec_S15_23e8e2,PUR_IED_PQuebec_S15_23e8e2,,,,,
2026-09-12T17:21:11-05:00,PUR_IED_PQuebec_S16_8ec76b,PUR_IED_PQuebec_S16_8ec76b,,,,,
2026-09-12T17:21:11-05:00,PUR_IED_PabloN_Ext_49dc96,PUR_IED_PabloN_Ext_49dc96,,,,,
2026-09-12T17:21:11-05:00,PUR_IED_PabloN_S1102_4e3df5,PUR_IED_PabloN_S1102_4e3df5,,,,,
2026-09-12T17:21:11-05:00,PUR_IED_PabloN_S1103_50c94b,PUR_IED_PabloN_S1103_50c94b,,,,,
2026-09-12T17:21:11-05:00,PUR_IED_Palestina_S1101_db9198,PUR_IED_Palestina_S1101_db9198,,,,,
2026-09-12T17:21:11-05:00,PUR_IED_Palestina_S1102_dc54fa,PUR_IED_Palestina_S1102_dc54fa,,,,,
2026-09-12T17:21:11-05:00,PUR_IED_Palestina_ext_4ccce6,PUR_IED_Palestina_ext_4ccce6,,,,,
2026-09-12T17:21:11-05:00,PUR_IED_Panama_Fisica_4d0794,PUR_IED_Panama_Fisica_4d0794,,,,,
2026-09-12T17:21:11-05:00,PUR_IED_Panama_SIngles_a4077e,PUR_IED_Panama_SIngles_a4077e,,,,,
2026-09-12T17:21:11-05:00,PUR_IED_Panama_ext_4c54b4,PUR_IED_Panama_ext_4c54b4,,,,,
2026-09-12T17:21:11-05:00,PUR_IED_ParaisoM_Exterior_8cd7f0,PUR_IED_ParaisoM_Exterior_8cd7f0,,,,,
2026-09-12T17:21:11-05:00,PUR_IED_ParaisoM_Laborato_27af35,PUR_IED_ParaisoM_Laborato_27af35,,,,,
2026-09-12T17:21:11-05:00,PUR_IED_ParaisoM_S304_d1edca,PUR_IED_ParaisoM_S304_d1edca,,,,,
2026-09-12T17:21:11-05:00,PUR_IED_PorfirioBarba_Ext_301466,PUR_IED_PorfirioBarba_Ext_301466,,,,,
2026-09-12T17:21:11-05:00,PUR_IED_PorfirioBarba_S11_df6cd2,PUR_IED_PorfirioBarba_S11_df6cd2,,,,,
2026-09-12T17:21:11-05:00,PUR_IED_PorfirioBarba_S29_27a7d6,PUR_IED_PorfirioBarba_S29_27a7d6,,,,,
2026-09-12T17:21:11-05:00,PUR_IED_PradoV_Exter_8b27ad,PUR_IED_PradoV_Exter_8b27ad,,,,,
2026-09-12T17:21:11-05:00,PUR_IED_PradoV_S301_de65b5,PUR_IED_PradoV_S301_de65b5,,,,,
2026-09-12T17:21:11-05:00,PUR_IED_PradoV_S302_7d2593,PUR_IED_PradoV_S302_7d2593,,,,,
2026-09-12T17:21:11-05:00,PUR_IED_QuirogaAlz_Ext_1ddc82,PUR_IED_QuirogaAlz_Ext_1ddc82,,,,,
2026-09-12T17:21:11-05:00,PUR_IED_QuirogaAlz_S302_9926a3,PUR_IED_QuirogaAlz_S302_9926a3,,,,,
2026-09-12T17:21:11-05:00,PUR_IED_QuirogaAlz_S305_cdf1f1,PUR_IED_QuirogaAlz_S305_cdf1f1,,,,,
2026-09-12T17:21:11-05:00,PUR_IED_RGuatemala_Biling_dc53b7,PUR_IED_RGuatemala_Biling_dc53b7,,,,,
2026-09-12T17:21:11-05:00,PUR_IED_RGuatemala_Ext_1b89a3,PUR_IED_RGuatemala_Ext_1b89a3,,,,,
2026-09-12T17:21:11-05:00,PUR_IED_RGuatemala_Tecnol_281a34,PUR_IED_RGuatemala_Tecnol_281a34,,,,,
2026-09-12T17:21:11-05:00,PUR_IED_RafaNu_Ext_f7c302,PUR_IED_RafaNu_Ext_f7c302,,,,,
2026-09-12T17:21:11-05:00,PUR_IED_RafaNu_S1101_25fde,PUR_IED_RafaNu_S1101_25fde,,,,,
2026-09-12T17:21:11-05:00,PUR_IED_RafaNu_S1102_281517,PUR_IED_RafaNu_S1102_281517,,,,,
2026-09-12T17:21:11-05:00,PUR_IED_RafaelB_S305_ee2783,PUR_IED_RafaelB_S305_ee2783,,,,,
2026-09-12T17:21:11-05:00,PUR_IED_RafaelB_S306_75fe33,PUR_IED_RafaelB_S306_75fe33,,,,,
2026-09-12T17:21:11-05:00,PUR_IED_RafaelB_ext_283336,PUR_IED_RafaelB_ext_283336,3,19,60,4.6722,-74.0737
2026-09-12T17:21:11-05:00,PUR_IED_RafaelUU_Exterior_281a51,PUR_IED_RafaelUU_Exterior_281a51,,,,,
2026-09-12T17:21:11-05:00,PUR_IED_RafaelUU_Human_806b2,PUR_IED_RafaelUU_Human_806b2,,,,,
2026-09-12T17:21:11-05:00,PUR_IED_RafaelUU_Mate2_5680d4,PUR_IED_RafaelUU_Mate2_5680d4,,,,,
2026-09-12T17:21:11-05:00,PUR_IED_RamonSub_Ext_f9eeb9,PUR_IED_RamonSub_Ext_f9eeb9,,,,,
2026-09-12T17:21:11-05:00,PUR_IED_RamonSub_Media_d1f62f,PUR_IED_RamonSub_Media_d1f62f,,,,,
2026-09-12T17:21:11-05:00,PUR_IED_RamonSub_planta_51b82,PUR_IED_RamonSub_planta_51b82,,,,,
2026-09-12T17:21:11-05:00,PUR_IED_RepBoliVene_Exter_27af7c,PUR_IED_RepBoliVene_Exter_27af7c,,,,,
2026-09-12T17:21:11-05:00,PUR_IED_RepBoliVene_SCPT_5ae2ee,PUR_IED_RepBoliVene_SCPT_5ae2ee,,,,,
2026-09-12T17:21:11-05:00,PUR_IED_RepBoliVene_Socia_4b11d5,PUR_IED_RepBoliVene_Socia_4b11d5,,,,,
2026-09-12T17:21:11-05:00,PUR_IED_RepChina_Ext_76d9ee,PUR_IED_RepChina_Ext_76d9ee,,,,,
2026-09-12T17:21:11-05:00,PUR_IED_RepChina_S404_7c804c,PUR_IED_RepChina_S404_7c804c,,,,,
2026-09-12T17:21:11-05:00,PUR_IED_RepChina_S405_df2c33,PUR_IED_RepChina_S405_df2c33,,,,,
2026-09-12T17:21:11-05:00,PUR_IED_RepublicaC_Exteri_7d1ec9,PUR_IED_RepublicaC_Exteri_7d1ec9,,,,,
2026-09-12T17:21:11-05:00,PUR_IED_RepublicaC_S1101_f544b3,PUR_IED_RepublicaC_S1101_f544b3,,,,,
2026-09-12T17:21:11-05:00,PUR_IED_RepublicaC_S1102_7aafc7,PUR_IED_RepublicaC_S1102_7aafc7,,,,,
2026-09-12T17:21:11-05:00,PUR_IED_Ricaurte_Externo_a0ea1,PUR_IED_Ricaurte_Externo_a0ea1,,,,,
2026-09-12T17:21:11-05:00,PUR_IED_Ricaurte_S210_f546fd,PUR_IED_Ricaurte_S210_f546fd,,,,,
2026-09-12T17:21:11-05:00,PUR_IED_Ricaurte_S309_d4452,PUR_IED_Ricaurte_S309_d4452,,,,,
2026-09-12T17:21:11-05:00,PUR_IED_RogelioS_1102_531e69,PUR_IED_RogelioS_1102_531e69,,,,,
2026-09-12T17:21:11-05:00,PUR_IED_RogelioS_Ext_f25a18,PUR_IED_RogelioS_Ext_f25a18,,,,,
2026-09-12T17:21:11-05:00,PUR_IED_SBernardino_Ext_27aff8,PUR_IED_SBernardino_Ext_27aff8,,,,,
2026-09-12T17:21:11-05:00,PUR_IED_SBernardino_SArte_2ffd33,PUR_IED_SBernardino_SArte_2ffd33,,,,,
2026-09-12T17:21:11-05:00,PUR_IED_SBernardino_SIngl_7c7da5,PUR_IED_SBernardino_SIngl_7c7da5,,,,,
2026-09-12T17:21:11-05:00,PUR_IED_Sago_auditorio_dc9d1d,PUR_IED_Sago_auditorio_dc9d1d,,,,,
2026-09-12T17:21:11-05:00,PUR_IED_Saludcoop_Ext_95aac3,PUR_IED_Saludcoop_Ext_95aac3,,,,,
2026-09-12T17:21:11-05:00,PUR_IED_Saludcoop_InfI_90c854,PUR_IED_Saludcoop_InfI_90c854,,,,,
2026-09-12T17:21:11-05:00,PUR_IED_Saludcoop_SMedia_1b93be,PUR_IED_Saludcoop_SMedia_1b93be,,,,,
2026-09-12T17:21:11-05:00,PUR_IED_SanCarlos_1101_1a2360,PUR_IED_SanCarlos_1101_1a2360,,,,,
2026-09-12T17:21:11-05:00,PUR_IED_SanCarlos_1103_7bafb5,PUR_IED_SanCarlos_1103_7bafb5,,,,,
2026-09-12T17:21:11-05:00,PUR_IED_SanCarlos_Ext_b7cd1,PUR_IED_SanCarlos_Ext_b7cd1,,,,,
2026-09-12T17:21:11-05:00,PUR_IED_SanIgnacioBosa11a_50c26e,PUR_IED_SanIgnacioBosa11a_50c26e,,,,,
2026-09-12T17:21:11-05:00,PUR_IED_SanIgnacioBosa11b_371de8,PUR_IED_SanIgnacioBosa11b_371de8,,,,,
2026-09-12T17:21:11-05:00,PUR_IED_SanIgnacioBosaExt_ef0ffc,PUR_IED_SanIgnacioBosaExt_ef0ffc,,,,,
2026-09-12T17:21:11-05:00,PUR_IED_SanIgnacioBosa_11a_50c26e,PUR_IED_SanIgnacioBosa_11a_50c26e,,,,,
2026-09-12T17:21:11-05:00,PUR_IED_SanIgnacioBosa_Ext_ef0ffc,PUR_IED_SanIgnacioBosa_Ext_ef0ffc,,,,,
2026-09-12T17:21:11-05:00,PUR_IED_SanJoseN_intS1101_31c47f,PUR_IED_SanJoseN_intS1101_31c47f,,,,,
2026-09-12T17:21:11-05:00,PUR_IED_SanJoseUsm_Exter_f5d7e8,PUR_IED_SanJoseUsm_Exter_f5d7e8,,,,,
2026-09-12T17:21:11-05:00,PUR_IED_SanJoseUsm_Int11A_cfdef6,PUR_IED_SanJoseUsm_Int11A_cfdef6,,,,,
2026-09-12T17:21:11-05:00,PUR_IED_SilveriaR_IntB5_905349,PUR_IED_SilveriaR_IntB5_905349,,,,,
2026-09-12T17:21:11-05:00,PUR_IED_SilveriaR_IntSD14_981f93,PUR_IED_SilveriaR_IntSD14_981f93,,,,,
2026-09-12T17:21:11-05:00,PUR_IED_SilveriaR_ext_2b651d,PUR_IED_SilveriaR_ext_2b651d,,,,,
2026-09-12T17:21:11-05:00,PUR_IED_SimonB_Exterior_913975,PUR_IED_SimonB_Exterior_913975,,,,,
2026-09-12T17:21:11-05:00,PUR_IED_SimonB_LabQuimi_c56908,PUR_IED_SimonB_LabQuimi_c56908,,,,,
2026-09-12T17:21:11-05:00,PUR_IED_SimonB_informatic_a28c1,PUR_IED_SimonB_informatic_a28c1,,,,,
2026-09-12T17:21:11-05:00,PUR_IED_Sorrento_1102_315f50,PUR_IED_Sorrento_1102_315f50,,,,,
2026-09-12T17:21:11-05:00,PUR_IED_Sorrento_Minte_214eab,PUR_IED_Sorrento_Minte_214eab,,,,,
2026-09-12T17:21:11-05:00,PUR_IED_Sorrento_ext_7c3a0a,PUR_IED_Sorrento_ext_7c3a0a,,,,,
2026-09-12T17:21:11-05:00,PUR_IED_Tabora_Ext_f048ae,PUR_IED_Tabora_Ext_f048ae,,,,,
2026-09-12T17:21:11-05:00,PUR_IED_Tabora_S1102_b07752,PUR_IED_Tabora_S1102_b07752,,,,,
2026-09-12T17:21:11-05:00,PUR_IED_Tabora_S1103_d988f5,PUR_IED_Tabora_S1103_d988f5,,,,,
2026-09-12T17:21:11-05:00,PUR_IED_Tenerife_Ext_1ab188,PUR_IED_Tenerife_Ext_1ab188,,,,,
2026-09-12T17:21:11-05:00,PUR_IED_Tenerife_SDanzas_7bc02e,PUR_IED_Tenerife_SDanzas_7bc02e,,,,,
2026-09-12T17:21:11-05:00,PUR_IED_Tenerife_SIngles_7cc277,PUR_IED_Tenerife_SIngles_7cc277,,,,,
2026-09-12T17:21:11-05:00,PUR_IED_Tibabuyes_Exter_f2683d,PUR_IED_Tibabuyes_Exter_f2683d,,,,,
2026-09-12T17:21:11-05:00,PUR_IED_Tibabuyes_S10_dc87a8,PUR_IED_Tibabuyes_S10_dc87a8,,,,,
2026-09-12T17:21:11-05:00,PUR_IED_Tibabuyes_S15_dc0526,PUR_IED_Tibabuyes_S15_dc0526,,,,,
2026-09-12T17:21:11-05:00,PUR_IED_UnionE_S301_a1043,PUR_IED_UnionE_S301_a1043,,,,,
2026-09-12T17:21:11-05:00,PUR_IED_UnionE_S307_ff6c2f,PUR_IED_UnionE_S307_ff6c2f,,,,,
2026-09-12T17:21:11-05:00,PUR_IED_UnionE__Ext_5e2468,PUR_IED_UnionE__Ext_5e2468,,,,,
2026-09-12T17:21:11-05:00,PUR_IED_VillaRica_Ext_75be7c,PUR_IED_VillaRica_Ext_75be7c,,,,,
2026-09-12T17:21:11-05:00,PUR_IED_VillaRica_S4_cc5dcd,PUR_IED_VillaRica_S4_cc5dcd,,,,,
2026-09-12T17:21:11-05:00,PUR_IED_VillaRica_Sesp_99f5c,PUR_IED_VillaRica_Sesp_99f5c,,,,,
2026-09-12T17:26:07-05:00,PUR_IED_20deJulio_1101_91b1b9,PUR_IED_20deJulio_1101_91b1b9,,,,,
2026-09-12T17:26:07-05:00,PUR_IED_20deJulio_1102_1cfcf9,PUR_IED_20deJulio_1102_1cfcf9,,,,,
2026-09-12T17:26:07-05:00,PUR_IED_20deJulio_Ext_ab60bd,PUR_IED_20deJulio_Ext_ab60bd,,,,,
2026-09-12T17:26:07-05:00,PUR_IED_AgustinFer_Ext_7b9b77,PUR_IED_AgustinFer_Ext_7b9b77,,,,,
2026-09-12T17:26:07-05:00,PUR_IED_AgustinFer_Info2_27b3a7,PUR_IED_AgustinFer_Info2_27b3a7,,,,,
2026-09-12T17:26:07-05:00,PUR_IED_AgustinFer_Sena_54b4eb,PUR_IED_AgustinFer_Sena_54b4eb,,,,,
2026-09-12T17:26:07-05:00,PUR_IED_AlexanderF_1102_caf07b,PUR_IED_AlexanderF_1102_caf07b,,,,,
2026-09-12T17:26:07-05:00,PUR_IED_AlexanderF_1103_c79e71,PUR_IED_AlexanderF_1103_c79e71,,,,,
2026-09-12T17:26:07-05:00,PUR_IED_AlexanderF_Ext_c5b18b,PUR_IED_AlexanderF_Ext_c5b18b,,,,,
2026-09-12T17:26:07-05:00,PUR_IED_AlfonsoLopez_Ext_281d77,PUR_IED_AlfonsoLopez_Ext_281d77,,,,,
2026-09-12T17:26:07-05:00,PUR_IED_AlfonsoLopez_LabF_888ce0,PUR_IED_AlfonsoLopez_LabF_888ce0,,,,,
2026-09-12T17:26:07-05:00,PUR_IED_AlfonsoLopez_SMed_df6a7f,PUR_IED_AlfonsoLopez_SMed_df6a7f,,,,,
2026-09-12T17:26:07-05:00,PUR_IED_AltamiraSO_A2_209f92,PUR_IED_AltamiraSO_A2_209f92,,,,,
2026-09-12T17:26:07-05:00,PUR_IED_AltamiraSO_Ext_186d66,PUR_IED_AltamiraSO_Ext_186d66,,,,,
2026-09-12T17:26:07-05:00,PUR_IED_AltamiraSO_Sistem_27afe1,PUR_IED_AltamiraSO_Sistem_27afe1,,,,,
2026-09-12T17:26:07-05:00,PUR_IED_AlvaroGom_LabQuim_813179,PUR_IED_AlvaroGom_LabQuim_813179,,,,,
2026-09-12T17:26:07-05:00,PUR_IED_AlvaroGomez_Ext_47c7ca,PUR_IED_AlvaroGomez_Ext_47c7ca,,,,,
2026-09-12T17:26:07-05:00,PUR_IED_AlvaroGomez_LabQuim_813179,PUR_IED_AlvaroGomez_LabQuim_813179,,,,,
2026-09-12T17:26:07-05:00,PUR_IED_AlvaroGomez_S23_7ba89f,PUR_IED_AlvaroGomez_S23_7ba89f,,,,,
2026-09-12T17:26:07-05:00,PUR_IED_Amistad_306_dc8728,PUR_IED_Amistad_306_dc8728,,,,,
2026-09-12T17:26:07-05:00,PUR_IED_Amistad_Ext_8cd55e,PUR_IED_Amistad_Ext_8cd55e,,,,,
2026-09-12T17:26:07-05:00,PUR_IED_Amistad_S202_a41169,PUR_IED_Amistad_S202_a41169,,,,,
2026-09-12T17:26:07-05:00,PUR_IED_AndresBello_Bio_fd5f5e,PUR_IED_AndresBello_Bio_fd5f5e,,,,,
2026-09-12T17:26:07-05:00,PUR_IED_AndresBello_ext_dcad65,PUR_IED_AndresBello_ext_dcad65,,,,,
2026-09-12T17:26:07-05:00,PUR_IED_AndresBello_port_eed3ec,PUR_IED_AndresBello_port_eed3ec,,,,,
2026-09-12T17:26:07-05:00,PUR_IED_AngelaR_11b_d90a6b,PUR_IED_AngelaR_11b_d90a6b,,,,,
2026-09-12T17:26:07-05:00,PUR_IED_AngelaR_ext_7cad3e,PUR_IED_AngelaR_ext_7cad3e,,,,,
2026-09-12T17:26:07-05:00,PUR_IED_AntJoseSucre_10mo_df2575,PUR_IED_AntJoseSucre_10mo_df2575,,,,,
2026-09-12T17:26:07-05:00,PUR_IED_AntJoseSucre_Ext_215b36,PUR_IED_AntJoseSucre_Ext_215b36,,,,,
2026-09-12T17:26:07-05:00,PUR_IED_AntJoseSucre_Lab_3139de,PUR_IED_AntJoseSucre_Lab_3139de,,,,,
2026-09-12T17:26:07-05:00,PUR_IED_AntonioGarcia_301_d6b188,PUR_IED_AntonioGarcia_301_d6b188,,,,,
2026-09-12T17:26:07-05:00,PUR_IED_AntonioGarcia_302_88a82,PUR_IED_AntonioGarcia_302_88a82,,,,,
2026-09-12T17:26:07-05:00,PUR_IED_AntonioGarcia_Ext_20950c,PUR_IED_AntonioGarcia_Ext_20950c,,,,,
2026-09-12T17:26:07-05:00,PUR_IED_AntonioVan_Aula2_6dea02,PUR_IED_AntonioVan_Aula2_6dea02,,,,,
2026-09-12T17:26:07-05:00,PUR_IED_AntonioVan_Aula5_f1557e,PUR_IED_AntonioVan_Aula5_f1557e,,,,,
2026-09-12T17:26:07-05:00,PUR_IED_AntonioVan_Ext_406f2f,PUR_IED_AntonioVan_Ext_406f2f,,,,,
2026-09-12T17:26:07-05:00,PUR_IED_Atabanzha_Ext_cc5af9,PUR_IED_Atabanzha_Ext_cc5af9,,,,,
2026-09-12T17:26:07-05:00,PUR_IED_Atabanzha_SA101_56c37,PUR_IED_Atabanzha_SA101_56c37,,,,,
2026-09-12T17:26:07-05:00,PUR_IED_Atabanzha_SB302_27b374,PUR_IED_Atabanzha_SB302_27b374,,,,,
2026-09-12T17:26:07-05:00,PUR_IED_Atahualpa_Ext_fc1748,PUR_IED_Atahualpa_Ext_fc1748,,,,,
2026-09-12T17:26:07-05:00,PUR_IED_Atahualpa_Informa_dc9a95,PUR_IED_Atahualpa_Informa_dc9a95,,,,,
2026-09-12T17:26:07-05:00,PUR_IED_Atahualpa_S1101_f98056,PUR_IED_Atahualpa_S1101_f98056,,,,,
2026-09-12T17:26:07-05:00,PUR_IED_Bellavista_Ext_f5aa74,PUR_IED_Bellavista_Ext_f5aa74,,,,,
2026-09-12T17:26:07-05:00,PUR_IED_Bilbao_11A_916c41,PUR_IED_Bilbao_11A_916c41,,,,,
2026-09-12T17:26:07-05:00,PUR_IED_Bilbao_Ext_fb579a,PUR_IED_Bilbao_Ext_fb579a,,,,,
2026-09-12T17:26:07-05:00,PUR_IED_BrasiliaU_A125_304280,PUR_IED_BrasiliaU_A125_304280,,,,,
2026-09-12T17:26:07-05:00,PUR_IED_BrasiliaU_A203_7c8ca5,PUR_IED_BrasiliaU_A203_7c8ca5,,,,,
2026-09-12T17:26:07-05:00,PUR_IED_BrasiliaU_Ext_8d6e9f,PUR_IED_BrasiliaU_Ext_8d6e9f,4,19,59,4.5175,-74.116302
2026-09-12T17:26:07-05:00,PUR_IED_Brasilia_Ext_fe6593,PUR_IED_Brasilia_Ext_fe6593,,,,,
2026-09-12T17:26:07-05:00,PUR_IED_Brasilia_S24_7c130d,PUR_IED_Brasilia_S24_7c130d,,,,,
2026-09-12T17:26:07-05:00,PUR_IED_Brasilia_S501_186a54,PUR_IED_Brasilia_S501_186a54,,,,,
2026-09-12T17:26:07-05:00,PUR_IED_CHARRY_EXT_f1d5cd,PUR_IED_CHARRY_EXT_f1d5cd,,,,,
2026-09-12T17:26:07-05:00,PUR_IED_CHARRY_INTDANZAS_7a08e6,PUR_IED_CHARRY_INTDANZAS_7a08e6,,,,,
2026-09-12T17:26:07-05:00,PUR_IED_CHARRY_INT_AULA20_dc998d,PUR_IED_CHARRY_INT_AULA20_dc998d,,,,,
2026-09-12T17:26:07-05:00,PUR_IED_COLVIV_1101_S25_7f520a,PUR_IED_COLVIV_1101_S25_7f520a,,,,,
2026-09-12T17:26:07-05:00,PUR_IED_COLVIV_1102_S16_f570ba,PUR_IED_COLVIV_1102_S16_f570ba,,,,,
2026-09-12T17:26:07-05:00,PUR_IED_COLVIV_Ext_1a26fa,PUR_IED_COLVIV_Ext_1a26fa,,,,,
2026-09-12T17:26:07-05:00,PUR_IED_CULPOP_301A_f660f3,PUR_IED_CULPOP_301A_f660f3,,,,,
2026-09-12T17:26:07-05:00,PUR_IED_CULPOP_303_568afe,PUR_IED_CULPOP_303_568afe,,,,,
2026-09-12T17:26:07-05:00,PUR_IED_CULPOP_Ext_e02ccb,PUR_IED_CULPOP_Ext_e02ccb,,,,,
2026-09-12T17:26:07-05:00,PUR_IED_CVillavicen_Ext_26eb58,PUR_IED_CVillavicen_Ext_26eb58,4,16,77,4.487,-74.102798
2026-09-12T17:26:07-05:00,PUR_IED_CVillavicen_Intel_1ce5c2,PUR_IED_CVillavicen_Intel_1ce5c2,,,,,
2026-09-12T17:26:07-05:00,PUR_IED_CVillavicen_Poliv_e0766c,PUR_IED_CVillavicen_Poliv_e0766c,,,,,
2026-09-12T17:26:07-05:00,PUR_IED_CVillavicen_int_1ba140,PUR_IED_CVillavicen_int_1ba140,,,,,
2026-09-12T17:26:07-05:00,PUR_IED_CVillavicen_intel_1ba140,PUR_IED_CVillavicen_intel_1ba140,,,,,
2026-09-12T17:26:07-05:00,PUR_IED_CarlosPizarro_Ext_e307cc,PUR_IED_CarlosPizarro_Ext_e307cc,,,,,
2026-09-12T17:26:07-05:00,PUR_IED_CarlosPizarro_L36_7e5cdb,PUR_IED_CarlosPizarro_L36_7e5cdb,,,,,
2026-09-12T17:26:07-05:00,PUR_IED_CarlosPizarro_L37_c8566c,PUR_IED_CarlosPizarro_L37_c8566c,,,,,
2026-09-12T17:26:07-05:00,PUR_IED_Castilla_Ext_cf35f,PUR_IED_Castilla_Ext_cf35f,,,,,
2026-09-12T17:26:07-05:00,PUR_IED_Castilla_SFisik_360e38,PUR_IED_Castilla_SFisik_360e38,,,,,
2026-09-12T17:26:07-05:00,PUR_IED_Castilla_Sc304_496fbf,PUR_IED_Castilla_Sc304_496fbf,,,,,
2026-09-12T17:26:07-05:00,PUR_IED_CervantesSa_Ext_6b57b,PUR_IED_CervantesSa_Ext_6b57b,4,19,66,4.5128,-74.117203
2026-09-12T17:26:07-05:00,PUR_IED_CervantesSa_S107_225c2b,PUR_IED_CervantesSa_S107_225c2b,,,,,
2026-09-12T17:26:07-05:00,PUR_IED_CervantesSa_S108_940925,PUR_IED_CervantesSa_S108_940925,,,,,
2026-09-12T17:26:07-05:00,PUR_IED_Charry_A20_f53e7c,PUR_IED_Charry_A20_f53e7c,,,,,
2026-09-12T17:26:07-05:00,PUR_IED_Charry_Ext_f1d5cd,PUR_IED_Charry_Ext_f1d5cd,,,,,
2026-09-12T17:26:07-05:00,PUR_IED_Charry_IntAula20_dc998d,PUR_IED_Charry_IntAula20_dc998d,,,,,
2026-09-12T17:26:07-05:00,PUR_IED_Charry_IntDanzas_7a08e6,PUR_IED_Charry_IntDanzas_7a08e6,,,,,
2026-09-12T17:26:07-05:00,PUR_IED_ClememciaC_203_43e2fc,PUR_IED_ClememciaC_203_43e2fc,,,,,
2026-09-12T17:26:07-05:00,PUR_IED_ClememciaC_Ext_1b411a,PUR_IED_ClememciaC_Ext_1b411a,,,,,
2026-09-12T17:26:07-05:00,PUR_IED_ClememciaC_Quimic_44b5fc,PUR_IED_ClememciaC_Quimic_44b5fc,,,,,
2026-09-12T17:26:07-05:00,PUR_IED_ClemenciaC_203_43e2fc,PUR_IED_ClemenciaC_203_43e2fc,,,,,
2026-09-12T17:26:07-05:00,PUR_IED_ClemenciaC_Ext_1b411a,PUR_IED_ClemenciaC_Ext_1b411a,,,,,
2026-09-12T17:26:07-05:00,PUR_IED_ClemenciaC_Quimic_44b5fc,PUR_IED_ClemenciaC_Quimic_44b5fc,,,,,
2026-09-12T17:26:07-05:00,PUR_IED_ColViva_1101_S25_7f520a,PUR_IED_ColViva_1101_S25_7f520a,,,,,
2026-09-12T17:26:07-05:00,PUR_IED_ColViva_1102_S16_f570ba,PUR_IED_ColViva_1102_S16_f570ba,,,,,
2026-09-12T17:26:07-05:00,PUR_IED_ColViva_Ext_1a26fa,PUR_IED_ColViva_Ext_1a26fa,,,,,
2026-09-12T17:26:07-05:00,PUR_IED_ColegioBici_Asist_7c8798,PUR_IED_ColegioBici_Asist_7c8798,,,,,
2026-09-12T17:26:07-05:00,PUR_IED_ColegioBici_Ext_25cbf6,PUR_IED_ColegioBici_Ext_25cbf6,,,,,
2026-09-12T17:26:07-05:00,PUR_IED_ColegioBici_LabQ_7b57db,PUR_IED_ColegioBici_LabQ_7b57db,,,,,
2026-09-12T17:26:07-05:00,PUR_IED_CostaRica_Ext_5e640,PUR_IED_CostaRica_Ext_5e640,,,,,
2026-09-12T17:26:07-05:00,PUR_IED_CostaRica_Quim1_766d1c,PUR_IED_CostaRica_Quim1_766d1c,,,,,
2026-09-12T17:26:07-05:00,PUR_IED_CostaRica__Fisica_6f0873,PUR_IED_CostaRica__Fisica_6f0873,,,,,
2026-09-12T17:26:07-05:00,PUR_IED_CulPopu_301A_f660f3,PUR_IED_CulPopu_301A_f660f3,,,,,
2026-09-12T17:26:07-05:00,PUR_IED_CulPopu_303_568afe,PUR_IED_CulPopu_303_568afe,,,,,
2026-09-12T17:26:07-05:00,PUR_IED_CulPopu_Ext_e02ccb,PUR_IED_CulPopu_Ext_e02ccb,,,,,
2026-09-12T17:26:07-05:00,PUR_IED_Cundinamarca_Ext_f15985,PUR_IED_Cundinamarca_Ext_f15985,,,,,
2026-09-12T17:26:07-05:00,PUR_IED_Cundinamarca_Info_7aa5d7,PUR_IED_Cundinamarca_Info_7aa5d7,,,,,
2026-09-12T17:26:07-05:00,PUR_IED_Cundinamarca_Tec2_f449c7,PUR_IED_Cundinamarca_Tec2_f449c7,,,,,
2026-09-12T17:26:07-05:00,PUR_IED_DiegoM_Aula1_27b314,PUR_IED_DiegoM_Aula1_27b314,,,,,
2026-09-12T17:26:07-05:00,PUR_IED_DiegoM_Ext_d80ac8,PUR_IED_DiegoM_Ext_d80ac8,,,,,
2026-09-12T17:26:07-05:00,PUR_IED_DiegoM_S25_da928f,PUR_IED_DiegoM_S25_da928f,,,,,
2026-09-12T17:26:07-05:00,PUR_IED_ELRODEO_360881,PUR_IED_ELRODEO_360881,,,,,
2026-09-12T17:26:07-05:00,PUR_IED_ELRODEO_ext_360881,PUR_IED_ELRODEO_ext_360881,,,,,
2026-09-12T17:26:07-05:00,PUR_IED_EduardoU_Ext_1c1969,PUR_IED_EduardoU_Ext_1c1969,,,,,
2026-09-12T17:26:07-05:00,PUR_IED_EduardoU_SCiencia_4dfb94,PUR_IED_EduardoU_SCiencia_4dfb94,,,,,
2026-09-12T17:26:07-05:00,PUR_IED_EduardoU_SQuimica_5a46e7,PUR_IED_EduardoU_SQuimica_5a46e7,,,,,
2026-09-12T17:26:07-05:00,PUR_IED_ElRodeo_Aula14_676984,PUR_IED_ElRodeo_Aula14_676984,,,,,
2026-09-12T17:26:07-05:00,PUR_IED_ElRodeo_Aula16_2dd35b,PUR_IED_ElRodeo_Aula16_2dd35b,,,,,
2026-09-12T17:26:07-05:00,PUR_IED_ElRodeo_Ext_360881,PUR_IED_ElRodeo_Ext_360881,,,,,
2026-09-12T17:26:07-05:00,PUR_IED_ElRodeo_Exterior_8c6d28,PUR_IED_ElRodeo_Exterior_8c6d28,,,,,
2026-09-12T17:26:07-05:00,PUR_IED_ElRodeo_ext_360881,PUR_IED_ElRodeo_ext_360881,,,,,
2026-09-12T17:26:07-05:00,PUR_IED_EmmaReyes_Ext_987625,PUR_IED_EmmaReyes_Ext_987625,2,21,50,4.6367,-74.1511
2026-09-12T17:26:07-05:00,PUR_IED_Ensueño_Ext_7f0250,PUR_IED_Ensueño_Ext_7f0250,,,,,
2026-09-12T17:26:07-05:00,PUR_IED_EscNormal_Ext_5fef3b,PUR_IED_EscNormal_Ext_5fef3b,2,21,57,4.5852,-74.096901
2026-09-12T17:26:07-05:00,PUR_IED_EscNormal_S309_5b263,PUR_IED_EscNormal_S309_5b263,,,,,
2026-09-12T17:26:07-05:00,PUR_IED_EscNormal_S310_27b3b8,PUR_IED_EscNormal_S310_27b3b8,,,,,
2026-09-12T17:26:07-05:00,PUR_IED_Evangelista_Conta_f6cd4f,PUR_IED_Evangelista_Conta_f6cd4f,,,,,
2026-09-12T17:26:07-05:00,PUR_IED_Evangelista_Cri_5e16a,PUR_IED_Evangelista_Cri_5e16a,,,,,
2026-09-12T17:26:07-05:00,PUR_IED_Evangelista_Exter_754066,PUR_IED_Evangelista_Exter_754066,,,,,
2026-09-12T17:26:07-05:00,PUR_IED_FMiranda_S209_5cc2a3,PUR_IED_FMiranda_S209_5cc2a3,,,,,
2026-09-12T17:26:07-05:00,PUR_IED_FMiranda_S303_19e344,PUR_IED_FMiranda_S303_19e344,,,,,
2026-09-12T17:26:07-05:00,PUR_IED_FMiranda_ext_f53e7c,PUR_IED_FMiranda_ext_f53e7c,,,,,
2026-09-12T17:26:07-05:00,PUR_IED_FabioLozano_Bibli_1cee05,PUR_IED_FabioLozano_Bibli_1cee05,,,,,
2026-09-12T17:26:07-05:00,PUR_IED_FabioLozano_Ext_6ea285,PUR_IED_FabioLozano_Ext_6ea285,,,,,
2026-09-12T17:26:07-05:00,PUR_IED_FabioLozano_SLudi_f09e1e,PUR_IED_FabioLozano_SLudi_f09e1e,,,,,
2026-09-12T17:26:07-05:00,PUR_IED_FaustinoS_Aula07_27a731,PUR_IED_FaustinoS_Aula07_27a731,,,,,
2026-09-12T17:26:07-05:00,PUR_IED_FaustinoS_Ext_7b936f,PUR_IED_FaustinoS_Ext_7b936f,,,,,
2026-09-12T17:26:07-05:00,PUR_IED_FaustinoS_Fisica_da2c60,PUR_IED_FaustinoS_Fisica_da2c60,,,,,
2026-09-12T17:26:07-05:00,PUR_IED_FeGarciaLo_Ext_dc68ee,PUR_IED_FeGarciaLo_Ext_dc68ee,,,,,
2026-09-12T17:26:07-05:00,PUR_IED_FeGarciaLo_SDanza_f70a59,PUR_IED_FeGarciaLo_SDanza_f70a59,,,,,
2026-09-12T17:26:07-05:00,PUR_IED_FeGarciaLo_SMusic_125cdd,PUR_IED_FeGarciaLo_SMusic_125cdd,,,,,
2026-09-12T17:26:07-05:00,PUR_IED_FederalAlema_Exte_50c345,PUR_IED_FederalAlema_Exte_50c345,,,,,
2026-09-12T17:26:07-05:00,PUR_IED_FederalAlema_S31_f18371,PUR_IED_FederalAlema_S31_f18371,,,,,
2026-09-12T17:26:07-05:00,PUR_IED_FederalAlema_S901_a62cd,PUR_IED_FederalAlema_S901_a62cd,,,,,
2026-09-12T17:26:07-05:00,PUR_IED_FilarmonicaS_A5_f35eb1,PUR_IED_FilarmonicaS_A5_f35eb1,,,,,
2026-09-12T17:26:07-05:00,PUR_IED_FilarmonicaS_Ext_8a3bde,PUR_IED_FilarmonicaS_Ext_8a3bde,,,,,
2026-09-12T17:26:07-05:00,PUR_IED_FilarmonicaS_Spol_406114,PUR_IED_FilarmonicaS_Spol_406114,,,,,
2026-09-12T17:26:07-05:00,PUR_IED_FlorentinoG_A13_d1fa59,PUR_IED_FlorentinoG_A13_d1fa59,,,,,
2026-09-12T17:26:07-05:00,PUR_IED_FlorentinoG_Ext_1ce6ce,PUR_IED_FlorentinoG_Ext_1ce6ce,,,,,
2026-09-12T17:26:07-05:00,PUR_IED_FlorentinoG_Idiom_a66aac,PUR_IED_FlorentinoG_Idiom_a66aac,,,,,
2026-09-12T17:26:07-05:00,PUR_IED_FranciscoMati_Ext_e3869d,PUR_IED_FranciscoMati_Ext_e3869d,,,,,
2026-09-12T17:26:07-05:00,PUR_IED_FranciscoMati_S13_f31c67,PUR_IED_FranciscoMati_S13_f31c67,,,,,
2026-09-12T17:26:07-05:00,PUR_IED_FranciscoMati_S14_97dead,PUR_IED_FranciscoMati_S14_97dead,,,,,
2026-09-12T17:26:07-05:00,PUR_IED_FranciscoPS_Ext_7bfa9a,PUR_IED_FranciscoPS_Ext_7bfa9a,2,21,57,4.5899,-74.110397
2026-09-12T17:26:07-05:00,PUR_IED_FranciscoPS_Infor_fb8f4c,PUR_IED_FranciscoPS_Infor_fb8f4c,,,,,
2026-09-12T17:26:07-05:00,PUR_IED_FranciscoPS_Quimi_94d39c,PUR_IED_FranciscoPS_Quimi_94d39c,,,,,
2026-09-12T17:26:07-05:00,PUR_IED_FranciscoP_LabQ_d7e148,PUR_IED_FranciscoP_LabQ_d7e148,,,,,
2026-09-12T17:26:07-05:00,PUR_IED_FranciscoP_S28_cf9b30,PUR_IED_FranciscoP_S28_cf9b30,,,,,
2026-09-12T17:26:07-05:00,PUR_IED_FranciscoP_ext_e2313,PUR_IED_FranciscoP_ext_e2313,,,,,
2026-09-12T17:26:07-05:00,PUR_IED_FriederichN_Ext_8ac92a,PUR_IED_FriederichN_Ext_8ac92a,,,,,
2026-09-12T17:26:07-05:00,PUR_IED_FriederichN_S301_dd7e5a,PUR_IED_FriederichN_S301_dd7e5a,,,,,
2026-09-12T17:26:07-05:00,PUR_IED_FriederichN_S308_761f4f,PUR_IED_FriederichN_S308_761f4f,,,,,
2026-09-12T17:26:07-05:00,PUR_IED_GSantander_Aula10_533dd7,PUR_IED_GSantander_Aula10_533dd7,,,,,
2026-09-12T17:26:07-05:00,PUR_IED_GSantander_Aula12_fd4e4f,PUR_IED_GSantander_Aula12_fd4e4f,,,,,
2026-09-12T17:26:07-05:00,PUR_IED_GSantander_Aula310_533dd7,PUR_IED_GSantander_Aula310_533dd7,,,,,
2026-09-12T17:26:07-05:00,PUR_IED_GSantander_Aula312_fd4e4f,PUR_IED_GSantander_Aula312_fd4e4f,,,,,
2026-09-12T17:26:07-05:00,PUR_IED_GSantander_Ext_5f66b0,PUR_IED_GSantander_Ext_5f66b0,,,,,
2026-09-12T17:26:07-05:00,PUR_IED_GYomasa_Ext_f6bea5,PUR_IED_GYomasa_Ext_f6bea5,,,,,
2026-09-12T17:26:07-05:00,PUR_IED_GYomasa_LBiol_2c41aa,PUR_IED_GYomasa_LBiol_2c41aa,,,,,
2026-09-12T17:26:07-05:00,PUR_IED_GYomasa_LQuim_33c80,PUR_IED_GYomasa_LQuim_33c80,,,,,
2026-09-12T17:26:07-05:00,PUR_IED_GabBetMejia_Cienc_5a99c,PUR_IED_GabBetMejia_Cienc_5a99c,,,,,
2026-09-12T17:26:07-05:00,PUR_IED_GabBetMejia_Ext_9153d0,PUR_IED_GabBetMejia_Ext_9153d0,,,,,
2026-09-12T17:26:07-05:00,PUR_IED_GabBetMejia_Lab_f55347,PUR_IED_GabBetMejia_Lab_f55347,,,,,
2026-09-12T17:26:07-05:00,PUR_IED_GabBetanMejia_Ext_9153d0,PUR_IED_GabBetanMejia_Ext_9153d0,,,,,
2026-09-12T17:26:07-05:00,PUR_IED_Gaitana_Aula13_7aac11,PUR_IED_Gaitana_Aula13_7aac11,,,,,
2026-09-12T17:26:07-05:00,PUR_IED_Gaitana_Ext_5fcf4,PUR_IED_Gaitana_Ext_5fcf4,,,,,
2026-09-12T17:26:07-05:00,PUR_IED_Gaitana_LabFisica_644448,PUR_IED_Gaitana_LabFisica_644448,,,,,
2026-09-12T17:26:07-05:00,PUR_IED_GenSantander_Dise_8ac858,PUR_IED_GenSantander_Dise_8ac858,,,,,
2026-09-12T17:26:07-05:00,PUR_IED_GenSantander_Ext_8d5dfe,PUR_IED_GenSantander_Ext_8d5dfe,,,,,
2026-09-12T17:26:07-05:00,PUR_IED_GenSantander_Info_6c25b,PUR_IED_GenSantander_Info_6c25b,,,,,
2026-09-12T17:26:07-05:00,PUR_IED_GustavoMo_Exterio_75e63d,PUR_IED_GustavoMo_Exterio_75e63d,,,,,
2026-09-12T17:26:07-05:00,PUR_IED_GustavoMo_LabFisi_224d37,PUR_IED_GustavoMo_LabFisi_224d37,,,,,
2026-09-12T17:26:07-05:00,PUR_IED_GustavoMo_S208_3e6918,PUR_IED_GustavoMo_S208_3e6918,,,,,
2026-09-12T17:26:07-05:00,PUR_IED_GustavoR_A02_8cd4a8,PUR_IED_GustavoR_A02_8cd4a8,,,,,
2026-09-12T17:26:07-05:00,PUR_IED_GustavoR_B11_5b0ed,PUR_IED_GustavoR_B11_5b0ed,,,,,
2026-09-12T17:26:07-05:00,PUR_IED_GustavoR_Ext_7a0c90,PUR_IED_GustavoR_Ext_7a0c90,,,,,
2026-09-12T17:26:07-05:00,PUR_IED_HernandoDuran_Ext_8cd82b,PUR_IED_HernandoDuran_Ext_8cd82b,,,,,
2026-09-12T17:26:07-05:00,PUR_IED_HernandoDuran_S24_2772c6,PUR_IED_HernandoDuran_S24_2772c6,,,,,
2026-09-12T17:26:07-05:00,PUR_IED_HernandoDuran_S30_f2de41,PUR_IED_HernandoDuran_S30_f2de41,,,,,
2026-09-12T17:26:07-05:00,PUR_IED_HolguInUr_S1101_8cd732,PUR_IED_HolguInUr_S1101_8cd732,,,,,
2026-09-12T17:26:07-05:00,PUR_IED_HolguinUr_Exter_ddae6d,PUR_IED_HolguinUr_Exter_ddae6d,,,,,
2026-09-12T17:26:07-05:00,PUR_IED_HolguinUr_LabQuim_92b952,PUR_IED_HolguinUr_LabQuim_92b952,,,,,
2026-09-12T17:26:07-05:00,PUR_IED_Isabel-II_Ext_5245cc,PUR_IED_Isabel-II_Ext_5245cc,2,20,57,4.6336,-74.153
2026-09-12T17:26:07-05:00,PUR_IED_Isabel-II_S_idiom_1c29aa,PUR_IED_Isabel-II_S_idiom_1c29aa,,,,,
2026-09-12T17:26:07-05:00,PUR_IED_Isabel-II_S_infor_fd741,PUR_IED_Isabel-II_S_infor_fd741,,,,,
2026-09-12T17:26:07-05:00,PUR_IED_IsidroSur_Exterio_5b90ea,PUR_IED_IsidroSur_Exterio_5b90ea,,,,,
2026-09-12T17:26:07-05:00,PUR_IED_IsidroSur_LabTec_56697a,PUR_IED_IsidroSur_LabTec_56697a,,,,,
2026-09-12T17:26:07-05:00,PUR_IED_IsidroSur_Robotic_b7c38f,PUR_IED_IsidroSur_Robotic_b7c38f,,,,,
2026-09-12T17:26:07-05:00,PUR_IED_IsmaelPerd_Ext_7b6672,PUR_IED_IsmaelPerd_Ext_7b6672,,,,,
2026-09-12T17:26:07-05:00,PUR_IED_IsmaelPerd_Inform_306540,PUR_IED_IsmaelPerd_Inform_306540,,,,,
2026-09-12T17:26:07-05:00,PUR_IED_IsmaelPerd_S30_2e2c83,PUR_IED_IsmaelPerd_S30_2e2c83,,,,,
2026-09-12T17:26:07-05:00,PUR_IED_JLozano_Exter_432910,PUR_IED_JLozano_Exter_432910,,,,,
2026-09-12T17:26:07-05:00,PUR_IED_JLozano_salaMulti_df5125,PUR_IED_JLozano_salaMulti_df5125,,,,,
2026-09-12T17:26:07-05:00,PUR_IED_JMCordoba_206_86f80b,PUR_IED_JMCordoba_206_86f80b,,,,,
2026-09-12T17:26:07-05:00,PUR_IED_JMCordoba_Ext_27ad97,PUR_IED_JMCordoba_Ext_27ad97,,,,,
2026-09-12T17:26:07-05:00,PUR_IED_JMCordoba_S310_d59ab4,PUR_IED_JMCordoba_S310_d59ab4,,,,,
2026-09-12T17:26:07-05:00,PUR_IED_Japon_Ext_549100,PUR_IED_Japon_Ext_549100,,,,,
2026-09-12T17:26:07-05:00,PUR_IED_Japon_Laboratorio_bec51d,PUR_IED_Japon_Laboratorio_bec51d,,,,,
2026-09-12T17:26:07-05:00,PUR_IED_Japon_informatica_d99327,PUR_IED_Japon_informatica_d99327,,,,,
2026-09-12T17:26:07-05:00,PUR_IED_Jazmin_Ext_d27bda,PUR_IED_Jazmin_Ext_d27bda,,,,,
2026-09-12T17:26:07-05:00,PUR_IED_Jazmin_Fisica_8d14d7,PUR_IED_Jazmin_Fisica_8d14d7,,,,,
2026-09-12T17:26:07-05:00,PUR_IED_Jazmin_Quimica_801cb5,PUR_IED_Jazmin_Quimica_801cb5,,,,,
2026-09-12T17:26:07-05:00,PUR_IED_JorgeGaitan_Exter_f098d1,PUR_IED_JorgeGaitan_Exter_f098d1,,,,,
2026-09-12T17:26:07-05:00,PUR_IED_JorgeGaitan_STec1_dc9d1d,PUR_IED_JorgeGaitan_STec1_dc9d1d,,,,,
2026-09-12T17:26:07-05:00,PUR_IED_JorgeGaitan_STec2_281e69,PUR_IED_JorgeGaitan_STec2_281e69,,,,,
2026-09-12T17:26:07-05:00,PUR_IED_JorgeSoto_Exterio_d9d0a2,PUR_IED_JorgeSoto_Exterio_d9d0a2,,,,,
2026-09-12T17:26:07-05:00,PUR_IED_JorgeSoto_LabFisi_209c54,PUR_IED_JorgeSoto_LabFisi_209c54,,,,,
2026-09-12T17:26:07-05:00,PUR_IED_JorgeSoto_S103_27b51a,PUR_IED_JorgeSoto_S103_27b51a,,,,,
2026-09-12T17:26:07-05:00,PUR_IED_JoseAcevedo_A02_e965eb,PUR_IED_JoseAcevedo_A02_e965eb,,,,,
2026-09-12T17:26:07-05:00,PUR_IED_JoseAcevedo_A07_dd5b4,PUR_IED_JoseAcevedo_A07_dd5b4,,,,,
2026-09-12T17:26:07-05:00,PUR_IED_JoseAcevedo_Ext_b47484,PUR_IED_JoseAcevedo_Ext_b47484,,,,,
2026-09-12T17:26:07-05:00,PUR_IED_JoseMarti_Exte_5b9bf,PUR_IED_JoseMarti_Exte_5b9bf,,,,,
2026-09-12T17:26:07-05:00,PUR_IED_JoseMarti_LabQuim_1c6c2d,PUR_IED_JoseMarti_LabQuim_1c6c2d,,,,,
2026-09-12T17:26:07-05:00,PUR_IED_JoseMarti_S_info_f5f177,PUR_IED_JoseMarti_S_info_f5f177,,,,,
2026-09-12T17:26:07-05:00,PUR_IED_Josejoaquin_Ext_dfc5dc,PUR_IED_Josejoaquin_Ext_dfc5dc,,,,,
2026-09-12T17:26:07-05:00,PUR_IED_Josejoaquin_S05_5b2a96,PUR_IED_Josejoaquin_S05_5b2a96,,,,,
2026-09-12T17:26:07-05:00,PUR_IED_Josejoaquin_S06_1ce7d2,PUR_IED_Josejoaquin_S06_1ce7d2,,,,,
2026-09-12T17:26:07-05:00,PUR_IED_JulioFlorez_Danza_9b82dd,PUR_IED_JulioFlorez_Danza_9b82dd,,,,,
2026-09-12T17:26:07-05:00,PUR_IED_JulioFlorez_Exter_f9f314,PUR_IED_JulioFlorez_Exter_f9f314,,,,,
2026-09-12T17:26:07-05:00,PUR_IED_JulioFlorez_info2_6b6e08,PUR_IED_JulioFlorez_info2_6b6e08,,,,,
2026-09-12T17:26:07-05:00,PUR_IED_LaBelleza_Aula13_1d00d8,PUR_IED_LaBelleza_Aula13_1d00d8,,,,,
2026-09-12T17:26:07-05:00,PUR_IED_LaBelleza_Ext_7bc08c,PUR_IED_LaBelleza_Ext_7bc08c,,,,,
2026-09-12T17:26:07-05:00,PUR_IED_LaChucua_Ext_8cd6d2,PUR_IED_LaChucua_Ext_8cd6d2,,,,,
2026-09-12T17:26:07-05:00,PUR_IED_LaChucua_S15_f578ce,PUR_IED_LaChucua_S15_f578ce,,,,,
2026-09-12T17:26:07-05:00,PUR_IED_LaChucua_S16_eebcf9,PUR_IED_LaChucua_S16_eebcf9,,,,,
2026-09-12T17:26:07-05:00,PUR_IED_LaFelicidad_Ext_fb5109,PUR_IED_LaFelicidad_Ext_fb5109,,,,,
2026-09-12T17:26:07-05:00,PUR_IED_LaMerced_206_66ebd,PUR_IED_LaMerced_206_66ebd,,,,,
2026-09-12T17:26:07-05:00,PUR_IED_LaMerced_207_6ebd6,PUR_IED_LaMerced_207_6ebd6,,,,,
2026-09-12T17:26:07-05:00,PUR_IED_LaMerced_ext_304311,PUR_IED_LaMerced_ext_304311,,,,,
2026-09-12T17:26:07-05:00,PUR_IED_Laureano_CiencNat_281e5e,PUR_IED_Laureano_CiencNat_281e5e,,,,,
2026-09-12T17:26:07-05:00,PUR_IED_Laureano_Comedor_f65c0a,PUR_IED_Laureano_Comedor_f65c0a,,,,,
2026-09-12T17:26:07-05:00,PUR_IED_Laureano_Exterior_7ab011,PUR_IED_Laureano_Exterior_7ab011,,,,,
2026-09-12T17:26:07-05:00,PUR_IED_LeonGreiff_Exte_dfe560,PUR_IED_LeonGreiff_Exte_dfe560,,,,,
2026-09-12T17:26:07-05:00,PUR_IED_LeonGreiff_S210_f264ed,PUR_IED_LeonGreiff_S210_f264ed,,,,,
2026-09-12T17:26:07-05:00,PUR_IED_LeonGreiff_SQuimi_e8296f,PUR_IED_LeonGreiff_SQuimi_e8296f,,,,,
2026-09-12T17:26:07-05:00,PUR_IED_LlanoOrientalS208_7b9fcd,PUR_IED_LlanoOrientalS208_7b9fcd,,,,,
2026-09-12T17:26:07-05:00,PUR_IED_LlanoOriental_Ext_fb3766,PUR_IED_LlanoOriental_Ext_fb3766,,,,,
2026-09-12T17:26:07-05:00,PUR_IED_LlanoOriental_S208_7b9fcd,PUR_IED_LlanoOriental_S208_7b9fcd,,,,,
2026-09-12T17:26:07-05:00,PUR_IED_LlanoOriental_S9_27b378,PUR_IED_LlanoOriental_S9_27b378,,,,,
2026-09-12T17:26:07-05:00,PUR_IED_LosTejares_1101_477602,PUR_IED_LosTejares_1101_477602,,,,,
2026-09-12T17:26:07-05:00,PUR_IED_LosTejares_11_d2c595,PUR_IED_LosTejares_11_d2c595,,,,,
2026-09-12T17:26:07-05:00,PUR_IED_LosTejares_12_477602,PUR_IED_LosTejares_12_477602,,,,,
2026-09-12T17:26:07-05:00,PUR_IED_LosTejares_Ext_8e2115,PUR_IED_LosTejares_Ext_8e2115,,,,,
2026-09-12T17:26:07-05:00,PUR_IED_MagdalenaO_B202_5ddda3,PUR_IED_MagdalenaO_B202_5ddda3,,,,,
2026-09-12T17:26:07-05:00,PUR_IED_MagdalenaO_B205_fb76e8,PUR_IED_MagdalenaO_B205_fb76e8,,,,,
2026-09-12T17:26:07-05:00,PUR_IED_MagdalenaO_ext_dc69cd,PUR_IED_MagdalenaO_ext_dc69cd,,,,,
2026-09-12T17:26:07-05:00,PUR_IED_ManueCepeda_artes_eee956,PUR_IED_ManueCepeda_artes_eee956,,,,,
2026-09-12T17:26:07-05:00,PUR_IED_ManuelCepeda_Ext_58313,PUR_IED_ManuelCepeda_Ext_58313,,,,,
2026-09-12T17:26:07-05:00,PUR_IED_ManuelCepeda_tec_1c5731,PUR_IED_ManuelCepeda_tec_1c5731,,,,,
2026-09-12T17:26:07-05:00,PUR_IED_ManuelS_Exterior_5b269,PUR_IED_ManuelS_Exterior_5b269,,,,,
2026-09-12T17:26:07-05:00,PUR_IED_ManuelS_Inform_f369ce,PUR_IED_ManuelS_Inform_f369ce,,,,,
2026-09-12T17:26:07-05:00,PUR_IED_ManuelS_SArtes_7d15f1,PUR_IED_ManuelS_SArtes_7d15f1,,,,,
2026-09-12T17:26:07-05:00,PUR_IED_ManuelZapata_303_3ca6,PUR_IED_ManuelZapata_303_3ca6,,,,,
2026-09-12T17:26:07-05:00,PUR_IED_ManuelZapata_311_bfbabc,PUR_IED_ManuelZapata_311_bfbabc,,,,,
2026-09-12T17:26:07-05:00,PUR_IED_ManuelZapata_Ext_50824a,PUR_IED_ManuelZapata_Ext_50824a,,,,,
2026-09-12T17:26:07-05:00,PUR_IED_ManuelitaS_Exteri_656a92,PUR_IED_ManuelitaS_Exteri_656a92,,,,,
2026-09-12T17:26:07-05:00,PUR_IED_ManuelitaS_JuzgDe_f58ec3,PUR_IED_ManuelitaS_JuzgDe_f58ec3,,,,,
2026-09-12T17:26:07-05:00,PUR_IED_ManuelitaS_Recrea_d793db,PUR_IED_ManuelitaS_Recrea_d793db,,,,,
2026-09-12T17:26:07-05:00,PUR_IED_MarFidSuarez_Ext_c27b19,PUR_IED_MarFidSuarez_Ext_c27b19,,,,,
2026-09-12T17:26:07-05:00,PUR_IED_MarFidSuarez_Info_e384d7,PUR_IED_MarFidSuarez_Info_e384d7,,,,,
2026-09-12T17:26:07-05:00,PUR_IED_MarFidSuarez_S306_1d0032,PUR_IED_MarFidSuarez_S306_1d0032,,,,,
2026-09-12T17:26:07-05:00,PUR_IED_Menorah_301_2a25a3,PUR_IED_Menorah_301_2a25a3,,,,,
2026-09-12T17:26:07-05:00,PUR_IED_Menorah_306_37ed3,PUR_IED_Menorah_306_37ed3,,,,,
2026-09-12T17:26:07-05:00,PUR_IED_Menorah_Ext_3e155b,PUR_IED_Menorah_Ext_3e155b,,,,,
2026-09-12T17:26:07-05:00,PUR_IED_MinutoB.Aires_A11_1b1604,PUR_IED_MinutoB.Aires_A11_1b1604,,,,,
2026-09-12T17:26:07-05:00,PUR_IED_MinutoB.Aires_A12_fb5860,PUR_IED_MinutoB.Aires_A12_fb5860,,,,,
2026-09-12T17:26:07-05:00,PUR_IED_MinutoB.Aires_Ext_81293f,PUR_IED_MinutoB.Aires_Ext_81293f,,,,,
2026-09-12T17:26:07-05:00,PUR_IED_MinutoBAires_A11_1b1604,PUR_IED_MinutoBAires_A11_1b1604,,,,,
2026-09-12T17:26:07-05:00,PUR_IED_MinutoBAires_A12_fb5860,PUR_IED_MinutoBAires_A12_fb5860,,,,,
2026-09-12T17:26:07-05:00,PUR_IED_MinutoBAires_Ext_81293f,PUR_IED_MinutoBAires_Ext_81293f,,,,,
2026-09-12T17:26:07-05:00,PUR_IED_Montreal_Aula10_1e4959,PUR_IED_Montreal_Aula10_1e4959,,,,,
2026-09-12T17:26:07-05:00,PUR_IED_Montreal_Aula6_300367,PUR_IED_Montreal_Aula6_300367,,,,,
2026-09-12T17:26:07-05:00,PUR_IED_Montreal_Exterior_91a179,PUR_IED_Montreal_Exterior_91a179,,,,,
2026-09-12T17:26:07-05:00,PUR_IED_Mqgdalena_B202_5ddda3,PUR_IED_Mqgdalena_B202_5ddda3,,,,,
2026-09-12T17:26:07-05:00,PUR_IED_NACUND_Soc_dc8728,PUR_IED_NACUND_Soc_dc8728,,,,,
2026-09-12T17:26:07-05:00,PUR_IED_NACUND_ext_27ad97,PUR_IED_NACUND_ext_27ad97,,,,,
2026-09-12T17:26:07-05:00,PUR_IED_NEsperanza_Ext_d24b61,PUR_IED_NEsperanza_Ext_d24b61,,,,,
2026-09-12T17:26:07-05:00,PUR_IED_NEsperanza_SElect_7d1807,PUR_IED_NEsperanza_SElect_7d1807,,,,,
2026-09-12T17:26:07-05:00,PUR_IED_NEsperanza_SLabor_8b2d0a,PUR_IED_NEsperanza_SLabor_8b2d0a,,,,,
2026-09-12T17:26:07-05:00,PUR_IED_NacionesU_Ext_f661a9,PUR_IED_NacionesU_Ext_f661a9,,,,,
2026-09-12T17:26:07-05:00,PUR_IED_NacionesU_Quimica_66f0a,PUR_IED_NacionesU_Quimica_66f0a,,,,,
2026-09-12T17:26:07-05:00,PUR_IED_NacionesU_S306_1b4b3d,PUR_IED_NacionesU_S306_1b4b3d,,,,,
2026-09-12T17:26:07-05:00,PUR_IED_NestorFA_Ext_e4201c,PUR_IED_NestorFA_Ext_e4201c,,,,,
2026-09-12T17:26:07-05:00,PUR_IED_NestorFA_Laborato_f22fe0,PUR_IED_NestorFA_Laborato_f22fe0,,,,,
2026-09-12T17:26:07-05:00,PUR_IED_NestorFA_S204_dee996,PUR_IED_NestorFA_S204_dee996,,,,,
2026-09-12T17:26:07-05:00,PUR_IED_NidyaQT_Aula03_76999b,PUR_IED_NidyaQT_Aula03_76999b,,,,,
2026-09-12T17:26:07-05:00,PUR_IED_NidyaQT_Aula10_56325,PUR_IED_NidyaQT_Aula10_56325,,,,,
2026-09-12T17:26:07-05:00,PUR_IED_NidyaQT_Ext_46e32d,PUR_IED_NidyaQT_Ext_46e32d,,,,,
2026-09-12T17:26:07-05:00,PUR_IED_NuevaCol_Exterior_d9b859,PUR_IED_NuevaCol_Exterior_d9b859,,,,,
2026-09-12T17:26:07-05:00,PUR_IED_NuevaCol_S1101_76c43b,PUR_IED_NuevaCol_S1101_76c43b,,,,,
2026-09-12T17:26:07-05:00,PUR_IED_NuevaCol_S1102_1ce0b5,PUR_IED_NuevaCol_S1102_1ce0b5,,,,,
2026-09-12T17:26:07-05:00,PUR_IED_OEA_A202_f7e3f2,PUR_IED_OEA_A202_f7e3f2,,,,,
2026-09-12T17:26:07-05:00,PUR_IED_OEA_A203_7d1b8d,PUR_IED_OEA_A203_7d1b8d,,,,,
2026-09-12T17:26:07-05:00,PUR_IED_OEA_Ext_27b593,PUR_IED_OEA_Ext_27b593,,,,,
2026-09-12T17:26:07-05:00,PUR_IED_Ochoa_Ext_1c29da,PUR_IED_Ochoa_Ext_1c29da,,,,,
2026-09-12T17:26:07-05:00,PUR_IED_Ochoa_S205_8b1121,PUR_IED_Ochoa_S205_8b1121,,,,,
2026-09-12T17:26:07-05:00,PUR_IED_Ochoa_Sistemas_f33af6,PUR_IED_Ochoa_Sistemas_f33af6,,,,,
2026-09-12T17:26:07-05:00,PUR_IED_PQuebec_Ext_1c67c7,PUR_IED_PQuebec_Ext_1c67c7,,,,,
2026-09-12T17:26:07-05:00,PUR_IED_PQuebec_S15_23e8e2,PUR_IED_PQuebec_S15_23e8e2,,,,,
2026-09-12T17:26:07-05:00,PUR_IED_PQuebec_S16_8ec76b,PUR_IED_PQuebec_S16_8ec76b,,,,,
2026-09-12T17:26:07-05:00,PUR_IED_PabloN_Ext_49dc96,PUR_IED_PabloN_Ext_49dc96,,,,,
2026-09-12T17:26:07-05:00,PUR_IED_PabloN_S1102_4e3df5,PUR_IED_PabloN_S1102_4e3df5,,,,,
2026-09-12T17:26:07-05:00,PUR_IED_PabloN_S1103_50c94b,PUR_IED_PabloN_S1103_50c94b,,,,,
2026-09-12T17:26:07-05:00,PUR_IED_Palestina_S1101_db9198,PUR_IED_Palestina_S1101_db9198,,,,,
2026-09-12T17:26:07-05:00,PUR_IED_Palestina_S1102_dc54fa,PUR_IED_Palestina_S1102_dc54fa,,,,,
2026-09-12T17:26:07-05:00,PUR_IED_Palestina_ext_4ccce6,PUR_IED_Palestina_ext_4ccce6,,,,,
2026-09-12T17:26:07-05:00,PUR_IED_Panama_Fisica_4d0794,PUR_IED_Panama_Fisica_4d0794,,,,,
2026-09-12T17:26:07-05:00,PUR_IED_Panama_SIngles_a4077e,PUR_IED_Panama_SIngles_a4077e,,,,,
2026-09-12T17:26:07-05:00,PUR_IED_Panama_ext_4c54b4,PUR_IED_Panama_ext_4c54b4,,,,,
2026-09-12T17:26:07-05:00,PUR_IED_ParaisoM_Exterior_8cd7f0,PUR_IED_ParaisoM_Exterior_8cd7f0,,,,,
2026-09-12T17:26:07-05:00,PUR_IED_ParaisoM_Laborato_27af35,PUR_IED_ParaisoM_Laborato_27af35,,,,,
2026-09-12T17:26:07-05:00,PUR_IED_ParaisoM_S304_d1edca,PUR_IED_ParaisoM_S304_d1edca,,,,,
2026-09-12T17:26:07-05:00,PUR_IED_PorfirioBarba_Ext_301466,PUR_IED_PorfirioBarba_Ext_301466,,,,,
2026-09-12T17:26:07-05:00,PUR_IED_PorfirioBarba_S11_df6cd2,PUR_IED_PorfirioBarba_S11_df6cd2,,,,,
2026-09-12T17:26:07-05:00,PUR_IED_PorfirioBarba_S29_27a7d6,PUR_IED_PorfirioBarba_S29_27a7d6,,,,,
2026-09-12T17:26:07-05:00,PUR_IED_PradoV_Exter_8b27ad,PUR_IED_PradoV_Exter_8b27ad,,,,,
2026-09-12T17:26:07-05:00,PUR_IED_PradoV_S301_de65b5,PUR_IED_PradoV_S301_de65b5,,,,,
2026-09-12T17:26:07-05:00,PUR_IED_PradoV_S302_7d2593,PUR_IED_PradoV_S302_7d2593,,,,,
2026-09-12T17:26:07-05:00,PUR_IED_QuirogaAlz_Ext_1ddc82,PUR_IED_QuirogaAlz_Ext_1ddc82,,,,,
2026-09-12T17:26:07-05:00,PUR_IED_QuirogaAlz_S302_9926a3,PUR_IED_QuirogaAlz_S302_9926a3,,,,,
2026-09-12T17:26:07-05:00,PUR_IED_QuirogaAlz_S305_cdf1f1,PUR_IED_QuirogaAlz_S305_cdf1f1,,,,,
2026-09-12T17:26:07-05:00,PUR_IED_RGuatemala_Biling_dc53b7,PUR_IED_RGuatemala_Biling_dc53b7,,,,,
2026-09-12T17:26:07-05:00,PUR_IED_RGuatemala_Ext_1b89a3,PUR_IED_RGuatemala_Ext_1b89a3,,,,,
2026-09-12T17:26:07-05:00,PUR_IED_RGuatemala_Tecnol_281a34,PUR_IED_RGuatemala_Tecnol_281a34,,,,,
2026-09-12T17:26:07-05:00,PUR_IED_RafaNu_Ext_f7c302,PUR_IED_RafaNu_Ext_f7c302,,,,,
2026-09-12T17:26:07-05:00,PUR_IED_RafaNu_S1101_25fde,PUR_IED_RafaNu_S1101_25fde,,,,,
2026-09-12T17:26:07-05:00,PUR_IED_RafaNu_S1102_281517,PUR_IED_RafaNu_S1102_281517,,,,,
2026-09-12T17:26:07-05:00,PUR_IED_RafaelB_S305_ee2783,PUR_IED_RafaelB_S305_ee2783,,,,,
2026-09-12T17:26:07-05:00,PUR_IED_RafaelB_S306_75fe33,PUR_IED_RafaelB_S306_75fe33,,,,,
2026-09-12T17:26:07-05:00,PUR_IED_RafaelB_ext_283336,PUR_IED_RafaelB_ext_283336,2,19,59,4.6722,-74.0737
2026-09-12T17:26:07-05:00,PUR_IED_RafaelUU_Exterior_281a51,PUR_IED_RafaelUU_Exterior_281a51,,,,,
2026-09-12T17:26:07-05:00,PUR_IED_RafaelUU_Human_806b2,PUR_IED_RafaelUU_Human_806b2,,,,,
2026-09-12T17:26:07-05:00,PUR_IED_RafaelUU_Mate2_5680d4,PUR_IED_RafaelUU_Mate2_5680d4,,,,,
2026-09-12T17:26:07-05:00,PUR_IED_RamonSub_Ext_f9eeb9,PUR_IED_RamonSub_Ext_f9eeb9,,,,,
2026-09-12T17:26:07-05:00,PUR_IED_RamonSub_Media_d1f62f,PUR_IED_RamonSub_Media_d1f62f,,,,,
2026-09-12T17:26:07-05:00,PUR_IED_RamonSub_planta_51b82,PUR_IED_RamonSub_planta_51b82,,,,,
2026-09-12T17:26:07-05:00,PUR_IED_RepBoliVene_Exter_27af7c,PUR_IED_RepBoliVene_Exter_27af7c,,,,,
2026-09-12T17:26:07-05:00,PUR_IED_RepBoliVene_SCPT_5ae2ee,PUR_IED_RepBoliVene_SCPT_5ae2ee,,,,,
2026-09-12T17:26:07-05:00,PUR_IED_RepBoliVene_Socia_4b11d5,PUR_IED_RepBoliVene_Socia_4b11d5,,,,,
2026-09-12T17:26:07-05:00,PUR_IED_RepChina_Ext_76d9ee,PUR_IED_RepChina_Ext_76d9ee,,,,,
2026-09-12T17:26:07-05:00,PUR_IED_RepChina_S404_7c804c,PUR_IED_RepChina_S404_7c804c,,,,,
2026-09-12T17:26:07-05:00,PUR_IED_RepChina_S405_df2c33,PUR_IED_RepChina_S405_df2c33,,,,,
2026-09-12T17:26:07-05:00,PUR_IED_RepublicaC_Exteri_7d1ec9,PUR_IED_RepublicaC_Exteri_7d1ec9,,,,,
2026-09-12T17:26:07-05:00,PUR_IED_RepublicaC_S1101_f544b3,PUR_IED_RepublicaC_S1101_f544b3,,,,,
2026-09-12T17:26:07-05:00,PUR_IED_RepublicaC_S1102_7aafc7,PUR_IED_RepublicaC_S1102_7aafc7,,,,,
2026-09-12T17:26:07-05:00,PUR_IED_Ricaurte_Externo_a0ea1,PUR_IED_Ricaurte_Externo_a0ea1,,,,,
2026-09-12T17:26:07-05:00,PUR_IED_Ricaurte_S210_f546fd,PUR_IED_Ricaurte_S210_f546fd,,,,,
2026-09-12T17:26:07-05:00,PUR_IED_Ricaurte_S309_d4452,PUR_IED_Ricaurte_S309_d4452,,,,,
2026-09-12T17:26:07-05:00,PUR_IED_RogelioS_1102_531e69,PUR_IED_RogelioS_1102_531e69,,,,,
2026-09-12T17:26:07-05:00,PUR_IED_RogelioS_Ext_f25a18,PUR_IED_RogelioS_Ext_f25a18,,,,,
2026-09-12T17:26:07-05:00,PUR_IED_SBernardino_Ext_27aff8,PUR_IED_SBernardino_Ext_27aff8,,,,,
2026-09-12T17:26:07-05:00,PUR_IED_SBernardino_SArte_2ffd33,PUR_IED_SBernardino_SArte_2ffd33,,,,,
2026-09-12T17:26:07-05:00,PUR_IED_SBernardino_SIngl_7c7da5,PUR_IED_SBernardino_SIngl_7c7da5,,,,,
2026-09-12T17:26:07-05:00,PUR_IED_Sago_auditorio_dc9d1d,PUR_IED_Sago_auditorio_dc9d1d,,,,,
2026-09-12T17:26:07-05:00,PUR_IED_Saludcoop_Ext_95aac3,PUR_IED_Saludcoop_Ext_95aac3,,,,,
2026-09-12T17:26:07-05:00,PUR_IED_Saludcoop_InfI_90c854,PUR_IED_Saludcoop_InfI_90c854,,,,,
2026-09-12T17:26:07-05:00,PUR_IED_Saludcoop_SMedia_1b93be,PUR_IED_Saludcoop_SMedia_1b93be,,,,,
2026-09-12T17:26:07-05:00,PUR_IED_SanCarlos_1101_1a2360,PUR_IED_SanCarlos_1101_1a2360,,,,,
2026-09-12T17:26:07-05:00,PUR_IED_SanCarlos_1103_7bafb5,PUR_IED_SanCarlos_1103_7bafb5,,,,,
2026-09-12T17:26:07-05:00,PUR_IED_SanCarlos_Ext_b7cd1,PUR_IED_SanCarlos_Ext_b7cd1,,,,,
2026-09-12T17:26:07-05:00,PUR_IED_SanIgnacioBosa11a_50c26e,PUR_IED_SanIgnacioBosa11a_50c26e,,,,,
2026-09-12T17:26:07-05:00,PUR_IED_SanIgnacioBosa11b_371de8,PUR_IED_SanIgnacioBosa11b_371de8,,,,,
2026-09-12T17:26:07-05:00,PUR_IED_SanIgnacioBosaExt_ef0ffc,PUR_IED_SanIgnacioBosaExt_ef0ffc,,,,,
2026-09-12T17:26:07-05:00,PUR_IED_SanIgnacioBosa_11a_50c26e,PUR_IED_SanIgnacioBosa_11a_50c26e,,,,,
2026-09-12T17:26:07-05:00,PUR_IED_SanIgnacioBosa_Ext_ef0ffc,PUR_IED_SanIgnacioBosa_Ext_ef0ffc,,,,,
2026-09-12T17:26:07-05:00,PUR_IED_SanJoseN_intS1101_31c47f,PUR_IED_SanJoseN_intS1101_31c47f,,,,,
2026-09-12T17:26:07-05:00,PUR_IED_SanJoseUsm_Exter_f5d7e8,PUR_IED_SanJoseUsm_Exter_f5d7e8,,,,,
2026-09-12T17:26:07-05:00,PUR_IED_SanJoseUsm_Int11A_cfdef6,PUR_IED_SanJoseUsm_Int11A_cfdef6,,,,,
2026-09-12T17:26:07-05:00,PUR_IED_SilveriaR_IntB5_905349,PUR_IED_SilveriaR_IntB5_905349,,,,,
2026-09-12T17:26:07-05:00,PUR_IED_SilveriaR_IntSD14_981f93,PUR_IED_SilveriaR_IntSD14_981f93,,,,,
2026-09-12T17:26:07-05:00,PUR_IED_SilveriaR_ext_2b651d,PUR_IED_SilveriaR_ext_2b651d,,,,,
2026-09-12T17:26:07-05:00,PUR_IED_SimonB_Exterior_913975,PUR_IED_SimonB_Exterior_913975,,,,,
2026-09-12T17:26:07-05:00,PUR_IED_SimonB_LabQuimi_c56908,PUR_IED_SimonB_LabQuimi_c56908,,,,,
2026-09-12T17:26:07-05:00,PUR_IED_SimonB_informatic_a28c1,PUR_IED_SimonB_informatic_a28c1,,,,,
2026-09-12T17:26:07-05:00,PUR_IED_Sorrento_1102_315f50,PUR_IED_Sorrento_1102_315f50,,,,,
2026-09-12T17:26:07-05:00,PUR_IED_Sorrento_Minte_214eab,PUR_IED_Sorrento_Minte_214eab,,,,,
2026-09-12T17:26:07-05:00,PUR_IED_Sorrento_ext_7c3a0a,PUR_IED_Sorrento_ext_7c3a0a,,,,,
2026-09-12T17:26:07-05:00,PUR_IED_Tabora_Ext_f048ae,PUR_IED_Tabora_Ext_f048ae,,,,,
2026-09-12T17:26:07-05:00,PUR_IED_Tabora_S1102_b07752,PUR_IED_Tabora_S1102_b07752,,,,,
2026-09-12T17:26:07-05:00,PUR_IED_Tabora_S1103_d988f5,PUR_IED_Tabora_S1103_d988f5,,,,,
2026-09-12T17:26:07-05:00,PUR_IED_Tenerife_Ext_1ab188,PUR_IED_Tenerife_Ext_1ab188,,,,,
2026-09-12T17:26:07-05:00,PUR_IED_Tenerife_SDanzas_7bc02e,PUR_IED_Tenerife_SDanzas_7bc02e,,,,,
2026-09-12T17:26:07-05:00,PUR_IED_Tenerife_SIngles_7cc277,PUR_IED_Tenerife_SIngles_7cc277,,,,,
2026-09-12T17:26:07-05:00,PUR_IED_Tibabuyes_Exter_f2683d,PUR_IED_Tibabuyes_Exter_f2683d,,,,,
2026-09-12T17:26:07-05:00,PUR_IED_Tibabuyes_S10_dc87a8,PUR_IED_Tibabuyes_S10_dc87a8,,,,,
2026-09-12T17:26:07-05:00,PUR_IED_Tibabuyes_S15_dc0526,PUR_IED_Tibabuyes_S15_dc0526,,,,,
2026-09-12T17:26:07-05:00,PUR_IED_UnionE_S301_a1043,PUR_IED_UnionE_S301_a1043,,,,,
2026-09-12T17:26:07-05:00,PUR_IED_UnionE_S307_ff6c2f,PUR_IED_UnionE_S307_ff6c2f,,,,,
2026-09-12T17:26:07-05:00,PUR_IED_UnionE__Ext_5e2468,PUR_IED_UnionE__Ext_5e2468,,,,,
2026-09-12T17:26:07-05:00,PUR_IED_VillaRica_Ext_75be7c,PUR_IED_VillaRica_Ext_75be7c,,,,,
2026-09-12T17:26:07-05:00,PUR_IED_VillaRica_S4_cc5dcd,PUR_IED_VillaRica_S4_cc5dcd,,,,,
2026-09-12T17:26:07-05:00,PUR_IED_VillaRica_Sesp_99f5c,PUR_IED_VillaRica_Sesp_99f5c,,,,,
2026-09-12T17:31:16-05:00,PUR_IED_20deJulio_1101_91b1b9,PUR_IED_20deJulio_1101_91b1b9,,,,,
2026-09-12T17:31:16-05:00,PUR_IED_20deJulio_1102_1cfcf9,PUR_IED_20deJulio_1102_1cfcf9,,,,,
2026-09-12T17:31:16-05:00,PUR_IED_20deJulio_Ext_ab60bd,PUR_IED_20deJulio_Ext_ab60bd,,,,,
2026-09-12T17:31:16-05:00,PUR_IED_AgustinFer_Ext_7b9b77,PUR_IED_AgustinFer_Ext_7b9b77,,,,,
2026-09-12T17:31:16-05:00,PUR_IED_AgustinFer_Info2_27b3a7,PUR_IED_AgustinFer_Info2_27b3a7,,,,,
2026-09-12T17:31:16-05:00,PUR_IED_AgustinFer_Sena_54b4eb,PUR_IED_AgustinFer_Sena_54b4eb,,,,,
2026-09-12T17:31:16-05:00,PUR_IED_AlexanderF_1102_caf07b,PUR_IED_AlexanderF_1102_caf07b,,,,,
2026-09-12T17:31:16-05:00,PUR_IED_AlexanderF_1103_c79e71,PUR_IED_AlexanderF_1103_c79e71,,,,,
2026-09-12T17:31:16-05:00,PUR_IED_AlexanderF_Ext_c5b18b,PUR_IED_AlexanderF_Ext_c5b18b,,,,,
2026-09-12T17:31:16-05:00,PUR_IED_AlfonsoLopez_Ext_281d77,PUR_IED_AlfonsoLopez_Ext_281d77,,,,,
2026-09-12T17:31:16-05:00,PUR_IED_AlfonsoLopez_LabF_888ce0,PUR_IED_AlfonsoLopez_LabF_888ce0,,,,,
2026-09-12T17:31:16-05:00,PUR_IED_AlfonsoLopez_SMed_df6a7f,PUR_IED_AlfonsoLopez_SMed_df6a7f,,,,,
2026-09-12T17:31:16-05:00,PUR_IED_AltamiraSO_A2_209f92,PUR_IED_AltamiraSO_A2_209f92,,,,,
2026-09-12T17:31:16-05:00,PUR_IED_AltamiraSO_Ext_186d66,PUR_IED_AltamiraSO_Ext_186d66,,,,,
2026-09-12T17:31:16-05:00,PUR_IED_AltamiraSO_Sistem_27afe1,PUR_IED_AltamiraSO_Sistem_27afe1,,,,,
2026-09-12T17:31:16-05:00,PUR_IED_AlvaroGom_LabQuim_813179,PUR_IED_AlvaroGom_LabQuim_813179,,,,,
2026-09-12T17:31:16-05:00,PUR_IED_AlvaroGomez_Ext_47c7ca,PUR_IED_AlvaroGomez_Ext_47c7ca,,,,,
2026-09-12T17:31:16-05:00,PUR_IED_AlvaroGomez_LabQuim_813179,PUR_IED_AlvaroGomez_LabQuim_813179,,,,,
2026-09-12T17:31:16-05:00,PUR_IED_AlvaroGomez_S23_7ba89f,PUR_IED_AlvaroGomez_S23_7ba89f,,,,,
2026-09-12T17:31:16-05:00,PUR_IED_Amistad_306_dc8728,PUR_IED_Amistad_306_dc8728,,,,,
2026-09-12T17:31:16-05:00,PUR_IED_Amistad_Ext_8cd55e,PUR_IED_Amistad_Ext_8cd55e,,,,,
2026-09-12T17:31:16-05:00,PUR_IED_Amistad_S202_a41169,PUR_IED_Amistad_S202_a41169,,,,,
2026-09-12T17:31:16-05:00,PUR_IED_AndresBello_Bio_fd5f5e,PUR_IED_AndresBello_Bio_fd5f5e,,,,,
2026-09-12T17:31:16-05:00,PUR_IED_AndresBello_ext_dcad65,PUR_IED_AndresBello_ext_dcad65,,,,,
2026-09-12T17:31:16-05:00,PUR_IED_AndresBello_port_eed3ec,PUR_IED_AndresBello_port_eed3ec,,,,,
2026-09-12T17:31:16-05:00,PUR_IED_AngelaR_11b_d90a6b,PUR_IED_AngelaR_11b_d90a6b,,,,,
2026-09-12T17:31:16-05:00,PUR_IED_AngelaR_ext_7cad3e,PUR_IED_AngelaR_ext_7cad3e,,,,,
2026-09-12T17:31:16-05:00,PUR_IED_AntJoseSucre_10mo_df2575,PUR_IED_AntJoseSucre_10mo_df2575,,,,,
2026-09-12T17:31:16-05:00,PUR_IED_AntJoseSucre_Ext_215b36,PUR_IED_AntJoseSucre_Ext_215b36,,,,,
2026-09-12T17:31:16-05:00,PUR_IED_AntJoseSucre_Lab_3139de,PUR_IED_AntJoseSucre_Lab_3139de,,,,,
2026-09-12T17:31:16-05:00,PUR_IED_AntonioGarcia_301_d6b188,PUR_IED_AntonioGarcia_301_d6b188,,,,,
2026-09-12T17:31:16-05:00,PUR_IED_AntonioGarcia_302_88a82,PUR_IED_AntonioGarcia_302_88a82,,,,,
2026-09-12T17:31:16-05:00,PUR_IED_AntonioGarcia_Ext_20950c,PUR_IED_AntonioGarcia_Ext_20950c,,,,,
2026-09-12T17:31:16-05:00,PUR_IED_AntonioVan_Aula2_6dea02,PUR_IED_AntonioVan_Aula2_6dea02,,,,,
2026-09-12T17:31:16-05:00,PUR_IED_AntonioVan_Aula5_f1557e,PUR_IED_AntonioVan_Aula5_f1557e,,,,,
2026-09-12T17:31:16-05:00,PUR_IED_AntonioVan_Ext_406f2f,PUR_IED_AntonioVan_Ext_406f2f,,,,,
2026-09-12T17:31:16-05:00,PUR_IED_Atabanzha_Ext_cc5af9,PUR_IED_Atabanzha_Ext_cc5af9,,,,,
2026-09-12T17:31:16-05:00,PUR_IED_Atabanzha_SA101_56c37,PUR_IED_Atabanzha_SA101_56c37,,,,,
2026-09-12T17:31:16-05:00,PUR_IED_Atabanzha_SB302_27b374,PUR_IED_Atabanzha_SB302_27b374,,,,,
2026-09-12T17:31:16-05:00,PUR_IED_Atahualpa_Ext_fc1748,PUR_IED_Atahualpa_Ext_fc1748,,,,,
2026-09-12T17:31:16-05:00,PUR_IED_Atahualpa_Informa_dc9a95,PUR_IED_Atahualpa_Informa_dc9a95,,,,,
2026-09-12T17:31:16-05:00,PUR_IED_Atahualpa_S1101_f98056,PUR_IED_Atahualpa_S1101_f98056,,,,,
2026-09-12T17:31:16-05:00,PUR_IED_Bellavista_Ext_f5aa74,PUR_IED_Bellavista_Ext_f5aa74,,,,,
2026-09-12T17:31:16-05:00,PUR_IED_Bilbao_11A_916c41,PUR_IED_Bilbao_11A_916c41,,,,,
2026-09-12T17:31:16-05:00,PUR_IED_Bilbao_Ext_fb579a,PUR_IED_Bilbao_Ext_fb579a,,,,,
2026-09-12T17:31:16-05:00,PUR_IED_BrasiliaU_A125_304280,PUR_IED_BrasiliaU_A125_304280,,,,,
2026-09-12T17:31:16-05:00,PUR_IED_BrasiliaU_A203_7c8ca5,PUR_IED_BrasiliaU_A203_7c8ca5,,,,,
2026-09-12T17:31:16-05:00,PUR_IED_BrasiliaU_Ext_8d6e9f,PUR_IED_BrasiliaU_Ext_8d6e9f,4,19,59,4.5175,-74.116302
2026-09-12T17:31:16-05:00,PUR_IED_Brasilia_Ext_fe6593,PUR_IED_Brasilia_Ext_fe6593,,,,,
2026-09-12T17:31:16-05:00,PUR_IED_Brasilia_S24_7c130d,PUR_IED_Brasilia_S24_7c130d,,,,,
2026-09-12T17:31:16-05:00,PUR_IED_Brasilia_S501_186a54,PUR_IED_Brasilia_S501_186a54,,,,,
2026-09-12T17:31:16-05:00,PUR_IED_CHARRY_EXT_f1d5cd,PUR_IED_CHARRY_EXT_f1d5cd,,,,,
2026-09-12T17:31:16-05:00,PUR_IED_CHARRY_INTDANZAS_7a08e6,PUR_IED_CHARRY_INTDANZAS_7a08e6,,,,,
2026-09-12T17:31:16-05:00,PUR_IED_CHARRY_INT_AULA20_dc998d,PUR_IED_CHARRY_INT_AULA20_dc998d,,,,,
2026-09-12T17:31:16-05:00,PUR_IED_COLVIV_1101_S25_7f520a,PUR_IED_COLVIV_1101_S25_7f520a,,,,,
2026-09-12T17:31:16-05:00,PUR_IED_COLVIV_1102_S16_f570ba,PUR_IED_COLVIV_1102_S16_f570ba,,,,,
2026-09-12T17:31:16-05:00,PUR_IED_COLVIV_Ext_1a26fa,PUR_IED_COLVIV_Ext_1a26fa,,,,,
2026-09-12T17:31:16-05:00,PUR_IED_CULPOP_301A_f660f3,PUR_IED_CULPOP_301A_f660f3,,,,,
2026-09-12T17:31:16-05:00,PUR_IED_CULPOP_303_568afe,PUR_IED_CULPOP_303_568afe,,,,,
2026-09-12T17:31:16-05:00,PUR_IED_CULPOP_Ext_e02ccb,PUR_IED_CULPOP_Ext_e02ccb,,,,,
2026-09-12T17:31:16-05:00,PUR_IED_CVillavicen_Ext_26eb58,PUR_IED_CVillavicen_Ext_26eb58,5,16,77,4.487,-74.102798
2026-09-12T17:31:16-05:00,PUR_IED_CVillavicen_Intel_1ce5c2,PUR_IED_CVillavicen_Intel_1ce5c2,,,,,
2026-09-12T17:31:16-05:00,PUR_IED_CVillavicen_Poliv_e0766c,PUR_IED_CVillavicen_Poliv_e0766c,,,,,
2026-09-12T17:31:16-05:00,PUR_IED_CVillavicen_int_1ba140,PUR_IED_CVillavicen_int_1ba140,,,,,
2026-09-12T17:31:16-05:00,PUR_IED_CVillavicen_intel_1ba140,PUR_IED_CVillavicen_intel_1ba140,,,,,
2026-09-12T17:31:16-05:00,PUR_IED_CarlosPizarro_Ext_e307cc,PUR_IED_CarlosPizarro_Ext_e307cc,,,,,
2026-09-12T17:31:16-05:00,PUR_IED_CarlosPizarro_L36_7e5cdb,PUR_IED_CarlosPizarro_L36_7e5cdb,,,,,
2026-09-12T17:31:16-05:00,PUR_IED_CarlosPizarro_L37_c8566c,PUR_IED_CarlosPizarro_L37_c8566c,,,,,
2026-09-12T17:31:16-05:00,PUR_IED_Castilla_Ext_cf35f,PUR_IED_Castilla_Ext_cf35f,,,,,
2026-09-12T17:31:16-05:00,PUR_IED_Castilla_SFisik_360e38,PUR_IED_Castilla_SFisik_360e38,,,,,
2026-09-12T17:31:16-05:00,PUR_IED_Castilla_Sc304_496fbf,PUR_IED_Castilla_Sc304_496fbf,,,,,
2026-09-12T17:31:16-05:00,PUR_IED_CervantesSa_Ext_6b57b,PUR_IED_CervantesSa_Ext_6b57b,3,19,67,4.5128,-74.117203
2026-09-12T17:31:16-05:00,PUR_IED_CervantesSa_S107_225c2b,PUR_IED_CervantesSa_S107_225c2b,,,,,
2026-09-12T17:31:16-05:00,PUR_IED_CervantesSa_S108_940925,PUR_IED_CervantesSa_S108_940925,,,,,
2026-09-12T17:31:16-05:00,PUR_IED_Charry_A20_f53e7c,PUR_IED_Charry_A20_f53e7c,,,,,
2026-09-12T17:31:16-05:00,PUR_IED_Charry_Ext_f1d5cd,PUR_IED_Charry_Ext_f1d5cd,,,,,
2026-09-12T17:31:16-05:00,PUR_IED_Charry_IntAula20_dc998d,PUR_IED_Charry_IntAula20_dc998d,,,,,
2026-09-12T17:31:16-05:00,PUR_IED_Charry_IntDanzas_7a08e6,PUR_IED_Charry_IntDanzas_7a08e6,,,,,
2026-09-12T17:31:16-05:00,PUR_IED_ClememciaC_203_43e2fc,PUR_IED_ClememciaC_203_43e2fc,,,,,
2026-09-12T17:31:16-05:00,PUR_IED_ClememciaC_Ext_1b411a,PUR_IED_ClememciaC_Ext_1b411a,,,,,
2026-09-12T17:31:16-05:00,PUR_IED_ClememciaC_Quimic_44b5fc,PUR_IED_ClememciaC_Quimic_44b5fc,,,,,
2026-09-12T17:31:16-05:00,PUR_IED_ClemenciaC_203_43e2fc,PUR_IED_ClemenciaC_203_43e2fc,,,,,
2026-09-12T17:31:16-05:00,PUR_IED_ClemenciaC_Ext_1b411a,PUR_IED_ClemenciaC_Ext_1b411a,,,,,
2026-09-12T17:31:16-05:00,PUR_IED_ClemenciaC_Quimic_44b5fc,PUR_IED_ClemenciaC_Quimic_44b5fc,,,,,
2026-09-12T17:31:16-05:00,PUR_IED_ColViva_1101_S25_7f520a,PUR_IED_ColViva_1101_S25_7f520a,,,,,
2026-09-12T17:31:16-05:00,PUR_IED_ColViva_1102_S16_f570ba,PUR_IED_ColViva_1102_S16_f570ba,,,,,
2026-09-12T17:31:16-05:00,PUR_IED_ColViva_Ext_1a26fa,PUR_IED_ColViva_Ext_1a26fa,,,,,
2026-09-12T17:31:16-05:00,PUR_IED_ColegioBici_Asist_7c8798,PUR_IED_ColegioBici_Asist_7c8798,,,,,
2026-09-12T17:31:16-05:00,PUR_IED_ColegioBici_Ext_25cbf6,PUR_IED_ColegioBici_Ext_25cbf6,,,,,
2026-09-12T17:31:16-05:00,PUR_IED_ColegioBici_LabQ_7b57db,PUR_IED_ColegioBici_LabQ_7b57db,,,,,
2026-09-12T17:31:16-05:00,PUR_IED_CostaRica_Ext_5e640,PUR_IED_CostaRica_Ext_5e640,,,,,
2026-09-12T17:31:16-05:00,PUR_IED_CostaRica_Quim1_766d1c,PUR_IED_CostaRica_Quim1_766d1c,,,,,
2026-09-12T17:31:16-05:00,PUR_IED_CostaRica__Fisica_6f0873,PUR_IED_CostaRica__Fisica_6f0873,,,,,
2026-09-12T17:31:16-05:00,PUR_IED_CulPopu_301A_f660f3,PUR_IED_CulPopu_301A_f660f3,,,,,
2026-09-12T17:31:16-05:00,PUR_IED_CulPopu_303_568afe,PUR_IED_CulPopu_303_568afe,,,,,
2026-09-12T17:31:16-05:00,PUR_IED_CulPopu_Ext_e02ccb,PUR_IED_CulPopu_Ext_e02ccb,,,,,
2026-09-12T17:31:16-05:00,PUR_IED_Cundinamarca_Ext_f15985,PUR_IED_Cundinamarca_Ext_f15985,,,,,
2026-09-12T17:31:16-05:00,PUR_IED_Cundinamarca_Info_7aa5d7,PUR_IED_Cundinamarca_Info_7aa5d7,,,,,
2026-09-12T17:31:16-05:00,PUR_IED_Cundinamarca_Tec2_f449c7,PUR_IED_Cundinamarca_Tec2_f449c7,,,,,
2026-09-12T17:31:16-05:00,PUR_IED_DiegoM_Aula1_27b314,PUR_IED_DiegoM_Aula1_27b314,,,,,
2026-09-12T17:31:16-05:00,PUR_IED_DiegoM_Ext_d80ac8,PUR_IED_DiegoM_Ext_d80ac8,,,,,
2026-09-12T17:31:16-05:00,PUR_IED_DiegoM_S25_da928f,PUR_IED_DiegoM_S25_da928f,,,,,
2026-09-12T17:31:16-05:00,PUR_IED_ELRODEO_360881,PUR_IED_ELRODEO_360881,,,,,
2026-09-12T17:31:16-05:00,PUR_IED_ELRODEO_ext_360881,PUR_IED_ELRODEO_ext_360881,,,,,
2026-09-12T17:31:16-05:00,PUR_IED_EduardoU_Ext_1c1969,PUR_IED_EduardoU_Ext_1c1969,,,,,
2026-09-12T17:31:16-05:00,PUR_IED_EduardoU_SCiencia_4dfb94,PUR_IED_EduardoU_SCiencia_4dfb94,,,,,
2026-09-12T17:31:16-05:00,PUR_IED_EduardoU_SQuimica_5a46e7,PUR_IED_EduardoU_SQuimica_5a46e7,,,,,
2026-09-12T17:31:16-05:00,PUR_IED_ElRodeo_Aula14_676984,PUR_IED_ElRodeo_Aula14_676984,,,,,
2026-09-12T17:31:16-05:00,PUR_IED_ElRodeo_Aula16_2dd35b,PUR_IED_ElRodeo_Aula16_2dd35b,,,,,
2026-09-12T17:31:16-05:00,PUR_IED_ElRodeo_Ext_360881,PUR_IED_ElRodeo_Ext_360881,,,,,
2026-09-12T17:31:16-05:00,PUR_IED_ElRodeo_Exterior_8c6d28,PUR_IED_ElRodeo_Exterior_8c6d28,,,,,
2026-09-12T17:31:16-05:00,PUR_IED_ElRodeo_ext_360881,PUR_IED_ElRodeo_ext_360881,,,,,
2026-09-12T17:31:16-05:00,PUR_IED_EmmaReyes_Ext_987625,PUR_IED_EmmaReyes_Ext_987625,2,21,50,4.6367,-74.1511
2026-09-12T17:31:16-05:00,PUR_IED_Ensueño_Ext_7f0250,PUR_IED_Ensueño_Ext_7f0250,,,,,
2026-09-12T17:31:16-05:00,PUR_IED_EscNormal_Ext_5fef3b,PUR_IED_EscNormal_Ext_5fef3b,2,20,58,4.5852,-74.096901
2026-09-12T17:31:16-05:00,PUR_IED_EscNormal_S309_5b263,PUR_IED_EscNormal_S309_5b263,,,,,
2026-09-12T17:31:16-05:00,PUR_IED_EscNormal_S310_27b3b8,PUR_IED_EscNormal_S310_27b3b8,,,,,
2026-09-12T17:31:16-05:00,PUR_IED_Evangelista_Conta_f6cd4f,PUR_IED_Evangelista_Conta_f6cd4f,,,,,
2026-09-12T17:31:16-05:00,PUR_IED_Evangelista_Cri_5e16a,PUR_IED_Evangelista_Cri_5e16a,,,,,
2026-09-12T17:31:16-05:00,PUR_IED_Evangelista_Exter_754066,PUR_IED_Evangelista_Exter_754066,,,,,
2026-09-12T17:31:16-05:00,PUR_IED_FMiranda_S209_5cc2a3,PUR_IED_FMiranda_S209_5cc2a3,,,,,
2026-09-12T17:31:16-05:00,PUR_IED_FMiranda_S303_19e344,PUR_IED_FMiranda_S303_19e344,,,,,
2026-09-12T17:31:16-05:00,PUR_IED_FMiranda_ext_f53e7c,PUR_IED_FMiranda_ext_f53e7c,,,,,
2026-09-12T17:31:16-05:00,PUR_IED_FabioLozano_Bibli_1cee05,PUR_IED_FabioLozano_Bibli_1cee05,,,,,
2026-09-12T17:31:16-05:00,PUR_IED_FabioLozano_Ext_6ea285,PUR_IED_FabioLozano_Ext_6ea285,,,,,
2026-09-12T17:31:16-05:00,PUR_IED_FabioLozano_SLudi_f09e1e,PUR_IED_FabioLozano_SLudi_f09e1e,,,,,
2026-09-12T17:31:16-05:00,PUR_IED_FaustinoS_Aula07_27a731,PUR_IED_FaustinoS_Aula07_27a731,,,,,
2026-09-12T17:31:16-05:00,PUR_IED_FaustinoS_Ext_7b936f,PUR_IED_FaustinoS_Ext_7b936f,,,,,
2026-09-12T17:31:16-05:00,PUR_IED_FaustinoS_Fisica_da2c60,PUR_IED_FaustinoS_Fisica_da2c60,,,,,
2026-09-12T17:31:16-05:00,PUR_IED_FeGarciaLo_Ext_dc68ee,PUR_IED_FeGarciaLo_Ext_dc68ee,,,,,
2026-09-12T17:31:16-05:00,PUR_IED_FeGarciaLo_SDanza_f70a59,PUR_IED_FeGarciaLo_SDanza_f70a59,,,,,
2026-09-12T17:31:16-05:00,PUR_IED_FeGarciaLo_SMusic_125cdd,PUR_IED_FeGarciaLo_SMusic_125cdd,,,,,
2026-09-12T17:31:16-05:00,PUR_IED_FederalAlema_Exte_50c345,PUR_IED_FederalAlema_Exte_50c345,,,,,
2026-09-12T17:31:16-05:00,PUR_IED_FederalAlema_S31_f18371,PUR_IED_FederalAlema_S31_f18371,,,,,
2026-09-12T17:31:16-05:00,PUR_IED_FederalAlema_S901_a62cd,PUR_IED_FederalAlema_S901_a62cd,,,,,
2026-09-12T17:31:16-05:00,PUR_IED_FilarmonicaS_A5_f35eb1,PUR_IED_FilarmonicaS_A5_f35eb1,,,,,
2026-09-12T17:31:16-05:00,PUR_IED_FilarmonicaS_Ext_8a3bde,PUR_IED_FilarmonicaS_Ext_8a3bde,,,,,
2026-09-12T17:31:16-05:00,PUR_IED_FilarmonicaS_Spol_406114,PUR_IED_FilarmonicaS_Spol_406114,,,,,
2026-09-12T17:31:16-05:00,PUR_IED_FlorentinoG_A13_d1fa59,PUR_IED_FlorentinoG_A13_d1fa59,,,,,
2026-09-12T17:31:16-05:00,PUR_IED_FlorentinoG_Ext_1ce6ce,PUR_IED_FlorentinoG_Ext_1ce6ce,,,,,
2026-09-12T17:31:16-05:00,PUR_IED_FlorentinoG_Idiom_a66aac,PUR_IED_FlorentinoG_Idiom_a66aac,,,,,
2026-09-12T17:31:16-05:00,PUR_IED_FranciscoMati_Ext_e3869d,PUR_IED_FranciscoMati_Ext_e3869d,,,,,
2026-09-12T17:31:16-05:00,PUR_IED_FranciscoMati_S13_f31c67,PUR_IED_FranciscoMati_S13_f31c67,,,,,
2026-09-12T17:31:16-05:00,PUR_IED_FranciscoMati_S14_97dead,PUR_IED_FranciscoMati_S14_97dead,,,,,
2026-09-12T17:31:16-05:00,PUR_IED_FranciscoPS_Ext_7bfa9a,PUR_IED_FranciscoPS_Ext_7bfa9a,2,21,58,4.5899,-74.110397
2026-09-12T17:31:16-05:00,PUR_IED_FranciscoPS_Infor_fb8f4c,PUR_IED_FranciscoPS_Infor_fb8f4c,,,,,
2026-09-12T17:31:16-05:00,PUR_IED_FranciscoPS_Quimi_94d39c,PUR_IED_FranciscoPS_Quimi_94d39c,,,,,
2026-09-12T17:31:16-05:00,PUR_IED_FranciscoP_LabQ_d7e148,PUR_IED_FranciscoP_LabQ_d7e148,,,,,
2026-09-12T17:31:16-05:00,PUR_IED_FranciscoP_S28_cf9b30,PUR_IED_FranciscoP_S28_cf9b30,,,,,
2026-09-12T17:31:16-05:00,PUR_IED_FranciscoP_ext_e2313,PUR_IED_FranciscoP_ext_e2313,,,,,
2026-09-12T17:31:16-05:00,PUR_IED_FriederichN_Ext_8ac92a,PUR_IED_FriederichN_Ext_8ac92a,,,,,
2026-09-12T17:31:16-05:00,PUR_IED_FriederichN_S301_dd7e5a,PUR_IED_FriederichN_S301_dd7e5a,,,,,
2026-09-12T17:31:16-05:00,PUR_IED_FriederichN_S308_761f4f,PUR_IED_FriederichN_S308_761f4f,,,,,
2026-09-12T17:31:16-05:00,PUR_IED_GSantander_Aula10_533dd7,PUR_IED_GSantander_Aula10_533dd7,,,,,
2026-09-12T17:31:16-05:00,PUR_IED_GSantander_Aula12_fd4e4f,PUR_IED_GSantander_Aula12_fd4e4f,,,,,
2026-09-12T17:31:16-05:00,PUR_IED_GSantander_Aula310_533dd7,PUR_IED_GSantander_Aula310_533dd7,,,,,
2026-09-12T17:31:16-05:00,PUR_IED_GSantander_Aula312_fd4e4f,PUR_IED_GSantander_Aula312_fd4e4f,,,,,
2026-09-12T17:31:16-05:00,PUR_IED_GSantander_Ext_5f66b0,PUR_IED_GSantander_Ext_5f66b0,,,,,
2026-09-12T17:31:16-05:00,PUR_IED_GYomasa_Ext_f6bea5,PUR_IED_GYomasa_Ext_f6bea5,,,,,
2026-09-12T17:31:16-05:00,PUR_IED_GYomasa_LBiol_2c41aa,PUR_IED_GYomasa_LBiol_2c41aa,,,,,
2026-09-12T17:31:16-05:00,PUR_IED_GYomasa_LQuim_33c80,PUR_IED_GYomasa_LQuim_33c80,,,,,
2026-09-12T17:31:16-05:00,PUR_IED_GabBetMejia_Cienc_5a99c,PUR_IED_GabBetMejia_Cienc_5a99c,,,,,
2026-09-12T17:31:16-05:00,PUR_IED_GabBetMejia_Ext_9153d0,PUR_IED_GabBetMejia_Ext_9153d0,,,,,
2026-09-12T17:31:16-05:00,PUR_IED_GabBetMejia_Lab_f55347,PUR_IED_GabBetMejia_Lab_f55347,,,,,
2026-09-12T17:31:16-05:00,PUR_IED_GabBetanMejia_Ext_9153d0,PUR_IED_GabBetanMejia_Ext_9153d0,,,,,
2026-09-12T17:31:16-05:00,PUR_IED_Gaitana_Aula13_7aac11,PUR_IED_Gaitana_Aula13_7aac11,,,,,
2026-09-12T17:31:16-05:00,PUR_IED_Gaitana_Ext_5fcf4,PUR_IED_Gaitana_Ext_5fcf4,,,,,
2026-09-12T17:31:16-05:00,PUR_IED_Gaitana_LabFisica_644448,PUR_IED_Gaitana_LabFisica_644448,,,,,
2026-09-12T17:31:16-05:00,PUR_IED_GenSantander_Dise_8ac858,PUR_IED_GenSantander_Dise_8ac858,,,,,
2026-09-12T17:31:16-05:00,PUR_IED_GenSantander_Ext_8d5dfe,PUR_IED_GenSantander_Ext_8d5dfe,,,,,
2026-09-12T17:31:16-05:00,PUR_IED_GenSantander_Info_6c25b,PUR_IED_GenSantander_Info_6c25b,,,,,
2026-09-12T17:31:16-05:00,PUR_IED_GustavoMo_Exterio_75e63d,PUR_IED_GustavoMo_Exterio_75e63d,,,,,
2026-09-12T17:31:16-05:00,PUR_IED_GustavoMo_LabFisi_224d37,PUR_IED_GustavoMo_LabFisi_224d37,,,,,
2026-09-12T17:31:16-05:00,PUR_IED_GustavoMo_S208_3e6918,PUR_IED_GustavoMo_S208_3e6918,,,,,
2026-09-12T17:31:16-05:00,PUR_IED_GustavoR_A02_8cd4a8,PUR_IED_GustavoR_A02_8cd4a8,,,,,
2026-09-12T17:31:16-05:00,PUR_IED_GustavoR_B11_5b0ed,PUR_IED_GustavoR_B11_5b0ed,,,,,
2026-09-12T17:31:16-05:00,PUR_IED_GustavoR_Ext_7a0c90,PUR_IED_GustavoR_Ext_7a0c90,,,,,
2026-09-12T17:31:16-05:00,PUR_IED_HernandoDuran_Ext_8cd82b,PUR_IED_HernandoDuran_Ext_8cd82b,,,,,
2026-09-12T17:31:16-05:00,PUR_IED_HernandoDuran_S24_2772c6,PUR_IED_HernandoDuran_S24_2772c6,,,,,
2026-09-12T17:31:16-05:00,PUR_IED_HernandoDuran_S30_f2de41,PUR_IED_HernandoDuran_S30_f2de41,,,,,
2026-09-12T17:31:16-05:00,PUR_IED_HolguInUr_S1101_8cd732,PUR_IED_HolguInUr_S1101_8cd732,,,,,
2026-09-12T17:31:16-05:00,PUR_IED_HolguinUr_Exter_ddae6d,PUR_IED_HolguinUr_Exter_ddae6d,,,,,
2026-09-12T17:31:16-05:00,PUR_IED_HolguinUr_LabQuim_92b952,PUR_IED_HolguinUr_LabQuim_92b952,,,,,
2026-09-12T17:31:16-05:00,PUR_IED_Isabel-II_Ext_5245cc,PUR_IED_Isabel-II_Ext_5245cc,2,20,57,4.6336,-74.153
2026-09-12T17:31:16-05:00,PUR_IED_Isabel-II_S_idiom_1c29aa,PUR_IED_Isabel-II_S_idiom_1c29aa,,,,,
2026-09-12T17:31:16-05:00,PUR_IED_Isabel-II_S_infor_fd741,PUR_IED_Isabel-II_S_infor_fd741,,,,,
2026-09-12T17:31:16-05:00,PUR_IED_IsidroSur_Exterio_5b90ea,PUR_IED_IsidroSur_Exterio_5b90ea,,,,,
2026-09-12T17:31:16-05:00,PUR_IED_IsidroSur_LabTec_56697a,PUR_IED_IsidroSur_LabTec_56697a,,,,,
2026-09-12T17:31:16-05:00,PUR_IED_IsidroSur_Robotic_b7c38f,PUR_IED_IsidroSur_Robotic_b7c38f,,,,,
2026-09-12T17:31:16-05:00,PUR_IED_IsmaelPerd_Ext_7b6672,PUR_IED_IsmaelPerd_Ext_7b6672,,,,,
2026-09-12T17:31:16-05:00,PUR_IED_IsmaelPerd_Inform_306540,PUR_IED_IsmaelPerd_Inform_306540,,,,,
2026-09-12T17:31:16-05:00,PUR_IED_IsmaelPerd_S30_2e2c83,PUR_IED_IsmaelPerd_S30_2e2c83,,,,,
2026-09-12T17:31:16-05:00,PUR_IED_JLozano_Exter_432910,PUR_IED_JLozano_Exter_432910,,,,,
2026-09-12T17:31:16-05:00,PUR_IED_JLozano_salaMulti_df5125,PUR_IED_JLozano_salaMulti_df5125,,,,,
2026-09-12T17:31:16-05:00,PUR_IED_JMCordoba_206_86f80b,PUR_IED_JMCordoba_206_86f80b,,,,,
2026-09-12T17:31:16-05:00,PUR_IED_JMCordoba_Ext_27ad97,PUR_IED_JMCordoba_Ext_27ad97,,,,,
2026-09-12T17:31:16-05:00,PUR_IED_JMCordoba_S310_d59ab4,PUR_IED_JMCordoba_S310_d59ab4,,,,,
2026-09-12T17:31:16-05:00,PUR_IED_Japon_Ext_549100,PUR_IED_Japon_Ext_549100,,,,,
2026-09-12T17:31:16-05:00,PUR_IED_Japon_Laboratorio_bec51d,PUR_IED_Japon_Laboratorio_bec51d,,,,,
2026-09-12T17:31:16-05:00,PUR_IED_Japon_informatica_d99327,PUR_IED_Japon_informatica_d99327,,,,,
2026-09-12T17:31:16-05:00,PUR_IED_Jazmin_Ext_d27bda,PUR_IED_Jazmin_Ext_d27bda,,,,,
2026-09-12T17:31:16-05:00,PUR_IED_Jazmin_Fisica_8d14d7,PUR_IED_Jazmin_Fisica_8d14d7,,,,,
2026-09-12T17:31:16-05:00,PUR_IED_Jazmin_Quimica_801cb5,PUR_IED_Jazmin_Quimica_801cb5,,,,,
2026-09-12T17:31:16-05:00,PUR_IED_JorgeGaitan_Exter_f098d1,PUR_IED_JorgeGaitan_Exter_f098d1,,,,,
2026-09-12T17:31:16-05:00,PUR_IED_JorgeGaitan_STec1_dc9d1d,PUR_IED_JorgeGaitan_STec1_dc9d1d,,,,,
2026-09-12T17:31:16-05:00,PUR_IED_JorgeGaitan_STec2_281e69,PUR_IED_JorgeGaitan_STec2_281e69,,,,,
2026-09-12T17:31:16-05:00,PUR_IED_JorgeSoto_Exterio_d9d0a2,PUR_IED_JorgeSoto_Exterio_d9d0a2,,,,,
2026-09-12T17:31:16-05:00,PUR_IED_JorgeSoto_LabFisi_209c54,PUR_IED_JorgeSoto_LabFisi_209c54,,,,,
2026-09-12T17:31:16-05:00,PUR_IED_JorgeSoto_S103_27b51a,PUR_IED_JorgeSoto_S103_27b51a,,,,,
2026-09-12T17:31:16-05:00,PUR_IED_JoseAcevedo_A02_e965eb,PUR_IED_JoseAcevedo_A02_e965eb,,,,,
2026-09-12T17:31:16-05:00,PUR_IED_JoseAcevedo_A07_dd5b4,PUR_IED_JoseAcevedo_A07_dd5b4,,,,,
2026-09-12T17:31:16-05:00,PUR_IED_JoseAcevedo_Ext_b47484,PUR_IED_JoseAcevedo_Ext_b47484,,,,,
2026-09-12T17:31:16-05:00,PUR_IED_JoseMarti_Exte_5b9bf,PUR_IED_JoseMarti_Exte_5b9bf,,,,,
2026-09-12T17:31:16-05:00,PUR_IED_JoseMarti_LabQuim_1c6c2d,PUR_IED_JoseMarti_LabQuim_1c6c2d,,,,,
2026-09-12T17:31:16-05:00,PUR_IED_JoseMarti_S_info_f5f177,PUR_IED_JoseMarti_S_info_f5f177,,,,,
2026-09-12T17:31:16-05:00,PUR_IED_Josejoaquin_Ext_dfc5dc,PUR_IED_Josejoaquin_Ext_dfc5dc,,,,,
2026-09-12T17:31:16-05:00,PUR_IED_Josejoaquin_S05_5b2a96,PUR_IED_Josejoaquin_S05_5b2a96,,,,,
2026-09-12T17:31:16-05:00,PUR_IED_Josejoaquin_S06_1ce7d2,PUR_IED_Josejoaquin_S06_1ce7d2,,,,,
2026-09-12T17:31:16-05:00,PUR_IED_JulioFlorez_Danza_9b82dd,PUR_IED_JulioFlorez_Danza_9b82dd,,,,,
2026-09-12T17:31:16-05:00,PUR_IED_JulioFlorez_Exter_f9f314,PUR_IED_JulioFlorez_Exter_f9f314,,,,,
2026-09-12T17:31:16-05:00,PUR_IED_JulioFlorez_info2_6b6e08,PUR_IED_JulioFlorez_info2_6b6e08,,,,,
2026-09-12T17:31:16-05:00,PUR_IED_LaBelleza_Aula13_1d00d8,PUR_IED_LaBelleza_Aula13_1d00d8,,,,,
2026-09-12T17:31:16-05:00,PUR_IED_LaBelleza_Ext_7bc08c,PUR_IED_LaBelleza_Ext_7bc08c,,,,,
2026-09-12T17:31:16-05:00,PUR_IED_LaChucua_Ext_8cd6d2,PUR_IED_LaChucua_Ext_8cd6d2,,,,,
2026-09-12T17:31:16-05:00,PUR_IED_LaChucua_S15_f578ce,PUR_IED_LaChucua_S15_f578ce,,,,,
2026-09-12T17:31:16-05:00,PUR_IED_LaChucua_S16_eebcf9,PUR_IED_LaChucua_S16_eebcf9,,,,,
2026-09-12T17:31:16-05:00,PUR_IED_LaFelicidad_Ext_fb5109,PUR_IED_LaFelicidad_Ext_fb5109,,,,,
2026-09-12T17:31:16-05:00,PUR_IED_LaMerced_206_66ebd,PUR_IED_LaMerced_206_66ebd,,,,,
2026-09-12T17:31:16-05:00,PUR_IED_LaMerced_207_6ebd6,PUR_IED_LaMerced_207_6ebd6,,,,,
2026-09-12T17:31:16-05:00,PUR_IED_LaMerced_ext_304311,PUR_IED_LaMerced_ext_304311,,,,,
2026-09-12T17:31:16-05:00,PUR_IED_Laureano_CiencNat_281e5e,PUR_IED_Laureano_CiencNat_281e5e,,,,,
2026-09-12T17:31:16-05:00,PUR_IED_Laureano_Comedor_f65c0a,PUR_IED_Laureano_Comedor_f65c0a,,,,,
2026-09-12T17:31:16-05:00,PUR_IED_Laureano_Exterior_7ab011,PUR_IED_Laureano_Exterior_7ab011,,,,,
2026-09-12T17:31:16-05:00,PUR_IED_LeonGreiff_Exte_dfe560,PUR_IED_LeonGreiff_Exte_dfe560,,,,,
2026-09-12T17:31:16-05:00,PUR_IED_LeonGreiff_S210_f264ed,PUR_IED_LeonGreiff_S210_f264ed,,,,,
2026-09-12T17:31:16-05:00,PUR_IED_LeonGreiff_SQuimi_e8296f,PUR_IED_LeonGreiff_SQuimi_e8296f,,,,,
2026-09-12T17:31:16-05:00,PUR_IED_LlanoOrientalS208_7b9fcd,PUR_IED_LlanoOrientalS208_7b9fcd,,,,,
2026-09-12T17:31:16-05:00,PUR_IED_LlanoOriental_Ext_fb3766,PUR_IED_LlanoOriental_Ext_fb3766,,,,,
2026-09-12T17:31:16-05:00,PUR_IED_LlanoOriental_S208_7b9fcd,PUR_IED_LlanoOriental_S208_7b9fcd,,,,,
2026-09-12T17:31:16-05:00,PUR_IED_LlanoOriental_S9_27b378,PUR_IED_LlanoOriental_S9_27b378,,,,,
2026-09-12T17:31:16-05:00,PUR_IED_LosTejares_1101_477602,PUR_IED_LosTejares_1101_477602,,,,,
2026-09-12T17:31:16-05:00,PUR_IED_LosTejares_11_d2c595,PUR_IED_LosTejares_11_d2c595,,,,,
2026-09-12T17:31:16-05:00,PUR_IED_LosTejares_12_477602,PUR_IED_LosTejares_12_477602,,,,,
2026-09-12T17:31:16-05:00,PUR_IED_LosTejares_Ext_8e2115,PUR_IED_LosTejares_Ext_8e2115,,,,,
2026-09-12T17:31:16-05:00,PUR_IED_MagdalenaO_B202_5ddda3,PUR_IED_MagdalenaO_B202_5ddda3,,,,,
2026-09-12T17:31:16-05:00,PUR_IED_MagdalenaO_B205_fb76e8,PUR_IED_MagdalenaO_B205_fb76e8,,,,,
2026-09-12T17:31:16-05:00,PUR_IED_MagdalenaO_ext_dc69cd,PUR_IED_MagdalenaO_ext_dc69cd,,,,,
2026-09-12T17:31:16-05:00,PUR_IED_ManueCepeda_artes_eee956,PUR_IED_ManueCepeda_artes_eee956,,,,,
2026-09-12T17:31:16-05:00,PUR_IED_ManuelCepeda_Ext_58313,PUR_IED_ManuelCepeda_Ext_58313,,,,,
2026-09-12T17:31:16-05:00,PUR_IED_ManuelCepeda_tec_1c5731,PUR_IED_ManuelCepeda_tec_1c5731,,,,,
2026-09-12T17:31:16-05:00,PUR_IED_ManuelS_Exterior_5b269,PUR_IED_ManuelS_Exterior_5b269,,,,,
2026-09-12T17:31:16-05:00,PUR_IED_ManuelS_Inform_f369ce,PUR_IED_ManuelS_Inform_f369ce,,,,,
2026-09-12T17:31:16-05:00,PUR_IED_ManuelS_SArtes_7d15f1,PUR_IED_ManuelS_SArtes_7d15f1,,,,,
2026-09-12T17:31:16-05:00,PUR_IED_ManuelZapata_303_3ca6,PUR_IED_ManuelZapata_303_3ca6,,,,,
2026-09-12T17:31:16-05:00,PUR_IED_ManuelZapata_311_bfbabc,PUR_IED_ManuelZapata_311_bfbabc,,,,,
2026-09-12T17:31:16-05:00,PUR_IED_ManuelZapata_Ext_50824a,PUR_IED_ManuelZapata_Ext_50824a,,,,,
2026-09-12T17:31:16-05:00,PUR_IED_ManuelitaS_Exteri_656a92,PUR_IED_ManuelitaS_Exteri_656a92,,,,,
2026-09-12T17:31:16-05:00,PUR_IED_ManuelitaS_JuzgDe_f58ec3,PUR_IED_ManuelitaS_JuzgDe_f58ec3,,,,,
2026-09-12T17:31:16-05:00,PUR_IED_ManuelitaS_Recrea_d793db,PUR_IED_ManuelitaS_Recrea_d793db,,,,,
2026-09-12T17:31:16-05:00,PUR_IED_MarFidSuarez_Ext_c27b19,PUR_IED_MarFidSuarez_Ext_c27b19,,,,,
2026-09-12T17:31:16-05:00,PUR_IED_MarFidSuarez_Info_e384d7,PUR_IED_MarFidSuarez_Info_e384d7,,,,,
2026-09-12T17:31:16-05:00,PUR_IED_MarFidSuarez_S306_1d0032,PUR_IED_MarFidSuarez_S306_1d0032,,,,,
2026-09-12T17:31:16-05:00,PUR_IED_Menorah_301_2a25a3,PUR_IED_Menorah_301_2a25a3,,,,,
2026-09-12T17:31:16-05:00,PUR_IED_Menorah_306_37ed3,PUR_IED_Menorah_306_37ed3,,,,,
2026-09-12T17:31:16-05:00,PUR_IED_Menorah_Ext_3e155b,PUR_IED_Menorah_Ext_3e155b,,,,,
2026-09-12T17:31:16-05:00,PUR_IED_MinutoB.Aires_A11_1b1604,PUR_IED_MinutoB.Aires_A11_1b1604,,,,,
2026-09-12T17:31:16-05:00,PUR_IED_MinutoB.Aires_A12_fb5860,PUR_IED_MinutoB.Aires_A12_fb5860,,,,,
2026-09-12T17:31:16-05:00,PUR_IED_MinutoB.Aires_Ext_81293f,PUR_IED_MinutoB.Aires_Ext_81293f,,,,,
2026-09-12T17:31:16-05:00,PUR_IED_MinutoBAires_A11_1b1604,PUR_IED_MinutoBAires_A11_1b1604,,,,,
2026-09-12T17:31:16-05:00,PUR_IED_MinutoBAires_A12_fb5860,PUR_IED_MinutoBAires_A12_fb5860,,,,,
2026-09-12T17:31:16-05:00,PUR_IED_MinutoBAires_Ext_81293f,PUR_IED_MinutoBAires_Ext_81293f,,,,,
2026-09-12T17:31:16-05:00,PUR_IED_Montreal_Aula10_1e4959,PUR_IED_Montreal_Aula10_1e4959,,,,,
2026-09-12T17:31:16-05:00,PUR_IED_Montreal_Aula6_300367,PUR_IED_Montreal_Aula6_300367,,,,,
2026-09-12T17:31:16-05:00,PUR_IED_Montreal_Exterior_91a179,PUR_IED_Montreal_Exterior_91a179,,,,,
2026-09-12T17:31:16-05:00,PUR_IED_Mqgdalena_B202_5ddda3,PUR_IED_Mqgdalena_B202_5ddda3,,,,,
2026-09-12T17:31:16-05:00,PUR_IED_NACUND_Soc_dc8728,PUR_IED_NACUND_Soc_dc8728,,,,,
2026-09-12T17:31:16-05:00,PUR_IED_NACUND_ext_27ad97,PUR_IED_NACUND_ext_27ad97,,,,,
2026-09-12T17:31:16-05:00,PUR_IED_NEsperanza_Ext_d24b61,PUR_IED_NEsperanza_Ext_d24b61,,,,,
2026-09-12T17:31:16-05:00,PUR_IED_NEsperanza_SElect_7d1807,PUR_IED_NEsperanza_SElect_7d1807,,,,,
2026-09-12T17:31:16-05:00,PUR_IED_NEsperanza_SLabor_8b2d0a,PUR_IED_NEsperanza_SLabor_8b2d0a,,,,,
2026-09-12T17:31:16-05:00,PUR_IED_NacionesU_Ext_f661a9,PUR_IED_NacionesU_Ext_f661a9,,,,,
2026-09-12T17:31:16-05:00,PUR_IED_NacionesU_Quimica_66f0a,PUR_IED_NacionesU_Quimica_66f0a,,,,,
2026-09-12T17:31:16-05:00,PUR_IED_NacionesU_S306_1b4b3d,PUR_IED_NacionesU_S306_1b4b3d,,,,,
2026-09-12T17:31:16-05:00,PUR_IED_NestorFA_Ext_e4201c,PUR_IED_NestorFA_Ext_e4201c,,,,,
2026-09-12T17:31:16-05:00,PUR_IED_NestorFA_Laborato_f22fe0,PUR_IED_NestorFA_Laborato_f22fe0,,,,,
2026-09-12T17:31:16-05:00,PUR_IED_NestorFA_S204_dee996,PUR_IED_NestorFA_S204_dee996,,,,,
2026-09-12T17:31:16-05:00,PUR_IED_NidyaQT_Aula03_76999b,PUR_IED_NidyaQT_Aula03_76999b,,,,,
2026-09-12T17:31:16-05:00,PUR_IED_NidyaQT_Aula10_56325,PUR_IED_NidyaQT_Aula10_56325,,,,,
2026-09-12T17:31:16-05:00,PUR_IED_NidyaQT_Ext_46e32d,PUR_IED_NidyaQT_Ext_46e32d,,,,,
2026-09-12T17:31:16-05:00,PUR_IED_NuevaCol_Exterior_d9b859,PUR_IED_NuevaCol_Exterior_d9b859,,,,,
2026-09-12T17:31:16-05:00,PUR_IED_NuevaCol_S1101_76c43b,PUR_IED_NuevaCol_S1101_76c43b,,,,,
2026-09-12T17:31:16-05:00,PUR_IED_NuevaCol_S1102_1ce0b5,PUR_IED_NuevaCol_S1102_1ce0b5,,,,,
2026-09-12T17:31:16-05:00,PUR_IED_OEA_A202_f7e3f2,PUR_IED_OEA_A202_f7e3f2,,,,,
2026-09-12T17:31:16-05:00,PUR_IED_OEA_A203_7d1b8d,PUR_IED_OEA_A203_7d1b8d,,,,,
2026-09-12T17:31:16-05:00,PUR_IED_OEA_Ext_27b593,PUR_IED_OEA_Ext_27b593,,,,,
2026-09-12T17:31:16-05:00,PUR_IED_Ochoa_Ext_1c29da,PUR_IED_Ochoa_Ext_1c29da,,,,,
2026-09-12T17:31:16-05:00,PUR_IED_Ochoa_S205_8b1121,PUR_IED_Ochoa_S205_8b1121,,,,,
2026-09-12T17:31:16-05:00,PUR_IED_Ochoa_Sistemas_f33af6,PUR_IED_Ochoa_Sistemas_f33af6,,,,,
2026-09-12T17:31:16-05:00,PUR_IED_PQuebec_Ext_1c67c7,PUR_IED_PQuebec_Ext_1c67c7,,,,,
2026-09-12T17:31:16-05:00,PUR_IED_PQuebec_S15_23e8e2,PUR_IED_PQuebec_S15_23e8e2,,,,,
2026-09-12T17:31:16-05:00,PUR_IED_PQuebec_S16_8ec76b,PUR_IED_PQuebec_S16_8ec76b,,,,,
2026-09-12T17:31:16-05:00,PUR_IED_PabloN_Ext_49dc96,PUR_IED_PabloN_Ext_49dc96,,,,,
2026-09-12T17:31:16-05:00,PUR_IED_PabloN_S1102_4e3df5,PUR_IED_PabloN_S1102_4e3df5,,,,,
2026-09-12T17:31:16-05:00,PUR_IED_PabloN_S1103_50c94b,PUR_IED_PabloN_S1103_50c94b,,,,,
2026-09-12T17:31:16-05:00,PUR_IED_Palestina_S1101_db9198,PUR_IED_Palestina_S1101_db9198,,,,,
2026-09-12T17:31:16-05:00,PUR_IED_Palestina_S1102_dc54fa,PUR_IED_Palestina_S1102_dc54fa,,,,,
2026-09-12T17:31:16-05:00,PUR_IED_Palestina_ext_4ccce6,PUR_IED_Palestina_ext_4ccce6,,,,,
2026-09-12T17:31:16-05:00,PUR_IED_Panama_Fisica_4d0794,PUR_IED_Panama_Fisica_4d0794,,,,,
2026-09-12T17:31:16-05:00,PUR_IED_Panama_SIngles_a4077e,PUR_IED_Panama_SIngles_a4077e,,,,,
2026-09-12T17:31:16-05:00,PUR_IED_Panama_ext_4c54b4,PUR_IED_Panama_ext_4c54b4,,,,,
2026-09-12T17:31:16-05:00,PUR_IED_ParaisoM_Exterior_8cd7f0,PUR_IED_ParaisoM_Exterior_8cd7f0,,,,,
2026-09-12T17:31:16-05:00,PUR_IED_ParaisoM_Laborato_27af35,PUR_IED_ParaisoM_Laborato_27af35,,,,,
2026-09-12T17:31:16-05:00,PUR_IED_ParaisoM_S304_d1edca,PUR_IED_ParaisoM_S304_d1edca,,,,,
2026-09-12T17:31:16-05:00,PUR_IED_PorfirioBarba_Ext_301466,PUR_IED_PorfirioBarba_Ext_301466,,,,,
2026-09-12T17:31:16-05:00,PUR_IED_PorfirioBarba_S11_df6cd2,PUR_IED_PorfirioBarba_S11_df6cd2,,,,,
2026-09-12T17:31:16-05:00,PUR_IED_PorfirioBarba_S29_27a7d6,PUR_IED_PorfirioBarba_S29_27a7d6,,,,,
2026-09-12T17:31:16-05:00,PUR_IED_PradoV_Exter_8b27ad,PUR_IED_PradoV_Exter_8b27ad,,,,,
2026-09-12T17:31:16-05:00,PUR_IED_PradoV_S301_de65b5,PUR_IED_PradoV_S301_de65b5,,,,,
2026-09-12T17:31:16-05:00,PUR_IED_PradoV_S302_7d2593,PUR_IED_PradoV_S302_7d2593,,,,,
2026-09-12T17:31:16-05:00,PUR_IED_QuirogaAlz_Ext_1ddc82,PUR_IED_QuirogaAlz_Ext_1ddc82,,,,,
2026-09-12T17:31:16-05:00,PUR_IED_QuirogaAlz_S302_9926a3,PUR_IED_QuirogaAlz_S302_9926a3,,,,,
2026-09-12T17:31:16-05:00,PUR_IED_QuirogaAlz_S305_cdf1f1,PUR_IED_QuirogaAlz_S305_cdf1f1,,,,,
2026-09-12T17:31:16-05:00,PUR_IED_RGuatemala_Biling_dc53b7,PUR_IED_RGuatemala_Biling_dc53b7,,,,,
2026-09-12T17:31:16-05:00,PUR_IED_RGuatemala_Ext_1b89a3,PUR_IED_RGuatemala_Ext_1b89a3,,,,,
2026-09-12T17:31:16-05:00,PUR_IED_RGuatemala_Tecnol_281a34,PUR_IED_RGuatemala_Tecnol_281a34,,,,,
2026-09-12T17:31:16-05:00,PUR_IED_RafaNu_Ext_f7c302,PUR_IED_RafaNu_Ext_f7c302,,,,,
2026-09-12T17:31:16-05:00,PUR_IED_RafaNu_S1101_25fde,PUR_IED_RafaNu_S1101_25fde,,,,,
2026-09-12T17:31:16-05:00,PUR_IED_RafaNu_S1102_281517,PUR_IED_RafaNu_S1102_281517,,,,,
2026-09-12T17:31:16-05:00,PUR_IED_RafaelB_S305_ee2783,PUR_IED_RafaelB_S305_ee2783,,,,,
2026-09-12T17:31:16-05:00,PUR_IED_RafaelB_S306_75fe33,PUR_IED_RafaelB_S306_75fe33,,,,,
2026-09-12T17:31:16-05:00,PUR_IED_RafaelB_ext_283336,PUR_IED_RafaelB_ext_283336,2,19,59,4.6722,-74.0737
2026-09-12T17:31:16-05:00,PUR_IED_RafaelUU_Exterior_281a51,PUR_IED_RafaelUU_Exterior_281a51,,,,,
2026-09-12T17:31:16-05:00,PUR_IED_RafaelUU_Human_806b2,PUR_IED_RafaelUU_Human_806b2,,,,,
2026-09-12T17:31:16-05:00,PUR_IED_RafaelUU_Mate2_5680d4,PUR_IED_RafaelUU_Mate2_5680d4,,,,,
2026-09-12T17:31:16-05:00,PUR_IED_RamonSub_Ext_f9eeb9,PUR_IED_RamonSub_Ext_f9eeb9,,,,,
2026-09-12T17:31:16-05:00,PUR_IED_RamonSub_Media_d1f62f,PUR_IED_RamonSub_Media_d1f62f,,,,,
2026-09-12T17:31:16-05:00,PUR_IED_RamonSub_planta_51b82,PUR_IED_RamonSub_planta_51b82,,,,,
2026-09-12T17:31:16-05:00,PUR_IED_RepBoliVene_Exter_27af7c,PUR_IED_RepBoliVene_Exter_27af7c,,,,,
2026-09-12T17:31:16-05:00,PUR_IED_RepBoliVene_SCPT_5ae2ee,PUR_IED_RepBoliVene_SCPT_5ae2ee,,,,,
2026-09-12T17:31:16-05:00,PUR_IED_RepBoliVene_Socia_4b11d5,PUR_IED_RepBoliVene_Socia_4b11d5,,,,,
2026-09-12T17:31:16-05:00,PUR_IED_RepChina_Ext_76d9ee,PUR_IED_RepChina_Ext_76d9ee,,,,,
2026-09-12T17:31:16-05:00,PUR_IED_RepChina_S404_7c804c,PUR_IED_RepChina_S404_7c804c,,,,,
2026-09-12T17:31:16-05:00,PUR_IED_RepChina_S405_df2c33,PUR_IED_RepChina_S405_df2c33,,,,,
2026-09-12T17:31:16-05:00,PUR_IED_RepublicaC_Exteri_7d1ec9,PUR_IED_RepublicaC_Exteri_7d1ec9,,,,,
2026-09-12T17:31:16-05:00,PUR_IED_RepublicaC_S1101_f544b3,PUR_IED_RepublicaC_S1101_f544b3,,,,,
2026-09-12T17:31:16-05:00,PUR_IED_RepublicaC_S1102_7aafc7,PUR_IED_RepublicaC_S1102_7aafc7,,,,,
2026-09-12T17:31:16-05:00,PUR_IED_Ricaurte_Externo_a0ea1,PUR_IED_Ricaurte_Externo_a0ea1,,,,,
2026-09-12T17:31:16-05:00,PUR_IED_Ricaurte_S210_f546fd,PUR_IED_Ricaurte_S210_f546fd,,,,,
2026-09-12T17:31:16-05:00,PUR_IED_Ricaurte_S309_d4452,PUR_IED_Ricaurte_S309_d4452,,,,,
2026-09-12T17:31:16-05:00,PUR_IED_RogelioS_1102_531e69,PUR_IED_RogelioS_1102_531e69,,,,,
2026-09-12T17:31:16-05:00,PUR_IED_RogelioS_Ext_f25a18,PUR_IED_RogelioS_Ext_f25a18,,,,,
2026-09-12T17:31:16-05:00,PUR_IED_SBernardino_Ext_27aff8,PUR_IED_SBernardino_Ext_27aff8,,,,,
2026-09-12T17:31:16-05:00,PUR_IED_SBernardino_SArte_2ffd33,PUR_IED_SBernardino_SArte_2ffd33,,,,,
2026-09-12T17:31:16-05:00,PUR_IED_SBernardino_SIngl_7c7da5,PUR_IED_SBernardino_SIngl_7c7da5,,,,,
2026-09-12T17:31:16-05:00,PUR_IED_Sago_auditorio_dc9d1d,PUR_IED_Sago_auditorio_dc9d1d,,,,,
2026-09-12T17:31:16-05:00,PUR_IED_Saludcoop_Ext_95aac3,PUR_IED_Saludcoop_Ext_95aac3,,,,,
2026-09-12T17:31:16-05:00,PUR_IED_Saludcoop_InfI_90c854,PUR_IED_Saludcoop_InfI_90c854,,,,,
2026-09-12T17:31:16-05:00,PUR_IED_Saludcoop_SMedia_1b93be,PUR_IED_Saludcoop_SMedia_1b93be,,,,,
2026-09-12T17:31:16-05:00,PUR_IED_SanCarlos_1101_1a2360,PUR_IED_SanCarlos_1101_1a2360,,,,,
2026-09-12T17:31:16-05:00,PUR_IED_SanCarlos_1103_7bafb5,PUR_IED_SanCarlos_1103_7bafb5,,,,,
2026-09-12T17:31:16-05:00,PUR_IED_SanCarlos_Ext_b7cd1,PUR_IED_SanCarlos_Ext_b7cd1,,,,,
2026-09-12T17:31:16-05:00,PUR_IED_SanIgnacioBosa11a_50c26e,PUR_IED_SanIgnacioBosa11a_50c26e,,,,,
2026-09-12T17:31:16-05:00,PUR_IED_SanIgnacioBosa11b_371de8,PUR_IED_SanIgnacioBosa11b_371de8,,,,,
2026-09-12T17:31:16-05:00,PUR_IED_SanIgnacioBosaExt_ef0ffc,PUR_IED_SanIgnacioBosaExt_ef0ffc,,,,,
2026-09-12T17:31:16-05:00,PUR_IED_SanIgnacioBosa_11a_50c26e,PUR_IED_SanIgnacioBosa_11a_50c26e,,,,,
2026-09-12T17:31:16-05:00,PUR_IED_SanIgnacioBosa_Ext_ef0ffc,PUR_IED_SanIgnacioBosa_Ext_ef0ffc,,,,,
2026-09-12T17:31:16-05:00,PUR_IED_SanJoseN_intS1101_31c47f,PUR_IED_SanJoseN_intS1101_31c47f,,,,,
2026-09-12T17:31:16-05:00,PUR_IED_SanJoseUsm_Exter_f5d7e8,PUR_IED_SanJoseUsm_Exter_f5d7e8,,,,,
2026-09-12T17:31:16-05:00,PUR_IED_SanJoseUsm_Int11A_cfdef6,PUR_IED_SanJoseUsm_Int11A_cfdef6,,,,,
2026-09-12T17:31:16-05:00,PUR_IED_SilveriaR_IntB5_905349,PUR_IED_SilveriaR_IntB5_905349,,,,,
2026-09-12T17:31:16-05:00,PUR_IED_SilveriaR_IntSD14_981f93,PUR_IED_SilveriaR_IntSD14_981f93,,,,,
2026-09-12T17:31:16-05:00,PUR_IED_SilveriaR_ext_2b651d,PUR_IED_SilveriaR_ext_2b651d,,,,,
2026-09-12T17:31:16-05:00,PUR_IED_SimonB_Exterior_913975,PUR_IED_SimonB_Exterior_913975,,,,,
2026-09-12T17:31:16-05:00,PUR_IED_SimonB_LabQuimi_c56908,PUR_IED_SimonB_LabQuimi_c56908,,,,,
2026-09-12T17:31:16-05:00,PUR_IED_SimonB_informatic_a28c1,PUR_IED_SimonB_informatic_a28c1,,,,,
2026-09-12T17:31:16-05:00,PUR_IED_Sorrento_1102_315f50,PUR_IED_Sorrento_1102_315f50,,,,,
2026-09-12T17:31:16-05:00,PUR_IED_Sorrento_Minte_214eab,PUR_IED_Sorrento_Minte_214eab,,,,,
2026-09-12T17:31:16-05:00,PUR_IED_Sorrento_ext_7c3a0a,PUR_IED_Sorrento_ext_7c3a0a,,,,,
2026-09-12T17:31:16-05:00,PUR_IED_Tabora_Ext_f048ae,PUR_IED_Tabora_Ext_f048ae,,,,,
2026-09-12T17:31:16-05:00,PUR_IED_Tabora_S1102_b07752,PUR_IED_Tabora_S1102_b07752,,,,,
2026-09-12T17:31:16-05:00,PUR_IED_Tabora_S1103_d988f5,PUR_IED_Tabora_S1103_d988f5,,,,,
2026-09-12T17:31:16-05:00,PUR_IED_Tenerife_Ext_1ab188,PUR_IED_Tenerife_Ext_1ab188,,,,,
2026-09-12T17:31:16-05:00,PUR_IED_Tenerife_SDanzas_7bc02e,PUR_IED_Tenerife_SDanzas_7bc02e,,,,,
2026-09-12T17:31:16-05:00,PUR_IED_Tenerife_SIngles_7cc277,PUR_IED_Tenerife_SIngles_7cc277,,,,,
2026-09-12T17:31:16-05:00,PUR_IED_Tibabuyes_Exter_f2683d,PUR_IED_Tibabuyes_Exter_f2683d,,,,,
2026-09-12T17:31:16-05:00,PUR_IED_Tibabuyes_S10_dc87a8,PUR_IED_Tibabuyes_S10_dc87a8,,,,,
2026-09-12T17:31:16-05:00,PUR_IED_Tibabuyes_S15_dc0526,PUR_IED_Tibabuyes_S15_dc0526,,,,,
2026-09-12T17:31:16-05:00,PUR_IED_UnionE_S301_a1043,PUR_IED_UnionE_S301_a1043,,,,,
2026-09-12T17:31:16-05:00,PUR_IED_UnionE_S307_ff6c2f,PUR_IED_UnionE_S307_ff6c2f,,,,,
2026-09-12T17:31:16-05:00,PUR_IED_UnionE__Ext_5e2468,PUR_IED_UnionE__Ext_5e2468,,,,,
2026-09-12T17:31:16-05:00,PUR_IED_VillaRica_Ext_75be7c,PUR_IED_VillaRica_Ext_75be7c,,,,,
2026-09-12T17:31:16-05:00,PUR_IED_VillaRica_S4_cc5dcd,PUR_IED_VillaRica_S4_cc5dcd,,,,,
2026-09-12T17:31:16-05:00,PUR_IED_VillaRica_Sesp_99f5c,PUR_IED_VillaRica_Sesp_99f5c,,,,,
2026-09-12T17:36:02-05:00,PUR_IED_20deJulio_1101_91b1b9,PUR_IED_20deJulio_1101_91b1b9,,,,,
2026-09-12T17:36:02-05:00,PUR_IED_20deJulio_1102_1cfcf9,PUR_IED_20deJulio_1102_1cfcf9,,,,,
2026-09-12T17:36:02-05:00,PUR_IED_20deJulio_Ext_ab60bd,PUR_IED_20deJulio_Ext_ab60bd,,,,,
2026-09-12T17:36:02-05:00,PUR_IED_AgustinFer_Ext_7b9b77,PUR_IED_AgustinFer_Ext_7b9b77,,,,,
2026-09-12T17:36:02-05:00,PUR_IED_AgustinFer_Info2_27b3a7,PUR_IED_AgustinFer_Info2_27b3a7,,,,,
2026-09-12T17:36:02-05:00,PUR_IED_AgustinFer_Sena_54b4eb,PUR_IED_AgustinFer_Sena_54b4eb,,,,,
2026-09-12T17:36:02-05:00,PUR_IED_AlexanderF_1102_caf07b,PUR_IED_AlexanderF_1102_caf07b,,,,,
2026-09-12T17:36:02-05:00,PUR_IED_AlexanderF_1103_c79e71,PUR_IED_AlexanderF_1103_c79e71,,,,,
2026-09-12T17:36:02-05:00,PUR_IED_AlexanderF_Ext_c5b18b,PUR_IED_AlexanderF_Ext_c5b18b,,,,,
2026-09-12T17:36:02-05:00,PUR_IED_AlfonsoLopez_Ext_281d77,PUR_IED_AlfonsoLopez_Ext_281d77,,,,,
2026-09-12T17:36:02-05:00,PUR_IED_AlfonsoLopez_LabF_888ce0,PUR_IED_AlfonsoLopez_LabF_888ce0,,,,,
2026-09-12T17:36:02-05:00,PUR_IED_AlfonsoLopez_SMed_df6a7f,PUR_IED_AlfonsoLopez_SMed_df6a7f,,,,,
2026-09-12T17:36:02-05:00,PUR_IED_AltamiraSO_A2_209f92,PUR_IED_AltamiraSO_A2_209f92,,,,,
2026-09-12T17:36:02-05:00,PUR_IED_AltamiraSO_Ext_186d66,PUR_IED_AltamiraSO_Ext_186d66,,,,,
2026-09-12T17:36:02-05:00,PUR_IED_AltamiraSO_Sistem_27afe1,PUR_IED_AltamiraSO_Sistem_27afe1,,,,,
2026-09-12T17:36:02-05:00,PUR_IED_AlvaroGom_LabQuim_813179,PUR_IED_AlvaroGom_LabQuim_813179,,,,,
2026-09-12T17:36:02-05:00,PUR_IED_AlvaroGomez_Ext_47c7ca,PUR_IED_AlvaroGomez_Ext_47c7ca,,,,,
2026-09-12T17:36:02-05:00,PUR_IED_AlvaroGomez_LabQuim_813179,PUR_IED_AlvaroGomez_LabQuim_813179,,,,,
2026-09-12T17:36:02-05:00,PUR_IED_AlvaroGomez_S23_7ba89f,PUR_IED_AlvaroGomez_S23_7ba89f,,,,,
2026-09-12T17:36:02-05:00,PUR_IED_Amistad_306_dc8728,PUR_IED_Amistad_306_dc8728,,,,,
2026-09-12T17:36:02-05:00,PUR_IED_Amistad_Ext_8cd55e,PUR_IED_Amistad_Ext_8cd55e,,,,,
2026-09-12T17:36:02-05:00,PUR_IED_Amistad_S202_a41169,PUR_IED_Amistad_S202_a41169,,,,,
2026-09-12T17:36:02-05:00,PUR_IED_AndresBello_Bio_fd5f5e,PUR_IED_AndresBello_Bio_fd5f5e,,,,,
2026-09-12T17:36:02-05:00,PUR_IED_AndresBello_ext_dcad65,PUR_IED_AndresBello_ext_dcad65,,,,,
2026-09-12T17:36:02-05:00,PUR_IED_AndresBello_port_eed3ec,PUR_IED_AndresBello_port_eed3ec,,,,,
2026-09-12T17:36:02-05:00,PUR_IED_AngelaR_11b_d90a6b,PUR_IED_AngelaR_11b_d90a6b,,,,,
2026-09-12T17:36:02-05:00,PUR_IED_AngelaR_ext_7cad3e,PUR_IED_AngelaR_ext_7cad3e,4,20,62,4.5825,-74.164497
2026-09-12T17:36:02-05:00,PUR_IED_AntJoseSucre_10mo_df2575,PUR_IED_AntJoseSucre_10mo_df2575,,,,,
2026-09-12T17:36:02-05:00,PUR_IED_AntJoseSucre_Ext_215b36,PUR_IED_AntJoseSucre_Ext_215b36,,,,,
2026-09-12T17:36:02-05:00,PUR_IED_AntJoseSucre_Lab_3139de,PUR_IED_AntJoseSucre_Lab_3139de,,,,,
2026-09-12T17:36:02-05:00,PUR_IED_AntonioGarcia_301_d6b188,PUR_IED_AntonioGarcia_301_d6b188,,,,,
2026-09-12T17:36:02-05:00,PUR_IED_AntonioGarcia_302_88a82,PUR_IED_AntonioGarcia_302_88a82,,,,,
2026-09-12T17:36:02-05:00,PUR_IED_AntonioGarcia_Ext_20950c,PUR_IED_AntonioGarcia_Ext_20950c,,,,,
2026-09-12T17:36:02-05:00,PUR_IED_AntonioVan_Aula2_6dea02,PUR_IED_AntonioVan_Aula2_6dea02,,,,,
2026-09-12T17:36:02-05:00,PUR_IED_AntonioVan_Aula5_f1557e,PUR_IED_AntonioVan_Aula5_f1557e,,,,,
2026-09-12T17:36:02-05:00,PUR_IED_AntonioVan_Ext_406f2f,PUR_IED_AntonioVan_Ext_406f2f,,,,,
2026-09-12T17:36:02-05:00,PUR_IED_Atabanzha_Ext_cc5af9,PUR_IED_Atabanzha_Ext_cc5af9,,,,,
2026-09-12T17:36:02-05:00,PUR_IED_Atabanzha_SA101_56c37,PUR_IED_Atabanzha_SA101_56c37,,,,,
2026-09-12T17:36:02-05:00,PUR_IED_Atabanzha_SB302_27b374,PUR_IED_Atabanzha_SB302_27b374,,,,,
2026-09-12T17:36:02-05:00,PUR_IED_Atahualpa_Ext_fc1748,PUR_IED_Atahualpa_Ext_fc1748,,,,,
2026-09-12T17:36:02-05:00,PUR_IED_Atahualpa_Informa_dc9a95,PUR_IED_Atahualpa_Informa_dc9a95,,,,,
2026-09-12T17:36:02-05:00,PUR_IED_Atahualpa_S1101_f98056,PUR_IED_Atahualpa_S1101_f98056,,,,,
2026-09-12T17:36:02-05:00,PUR_IED_Bellavista_Ext_f5aa74,PUR_IED_Bellavista_Ext_f5aa74,,,,,
2026-09-12T17:36:02-05:00,PUR_IED_Bilbao_11A_916c41,PUR_IED_Bilbao_11A_916c41,,,,,
2026-09-12T17:36:02-05:00,PUR_IED_Bilbao_Ext_fb579a,PUR_IED_Bilbao_Ext_fb579a,,,,,
2026-09-12T17:36:02-05:00,PUR_IED_BrasiliaU_A125_304280,PUR_IED_BrasiliaU_A125_304280,,,,,
2026-09-12T17:36:02-05:00,PUR_IED_BrasiliaU_A203_7c8ca5,PUR_IED_BrasiliaU_A203_7c8ca5,,,,,
2026-09-12T17:36:02-05:00,PUR_IED_BrasiliaU_Ext_8d6e9f,PUR_IED_BrasiliaU_Ext_8d6e9f,5,19,59,4.5175,-74.116302
2026-09-12T17:36:02-05:00,PUR_IED_Brasilia_Ext_fe6593,PUR_IED_Brasilia_Ext_fe6593,,,,,
2026-09-12T17:36:02-05:00,PUR_IED_Brasilia_S24_7c130d,PUR_IED_Brasilia_S24_7c130d,,,,,
2026-09-12T17:36:02-05:00,PUR_IED_Brasilia_S501_186a54,PUR_IED_Brasilia_S501_186a54,,,,,
2026-09-12T17:36:02-05:00,PUR_IED_CHARRY_EXT_f1d5cd,PUR_IED_CHARRY_EXT_f1d5cd,,,,,
2026-09-12T17:36:02-05:00,PUR_IED_CHARRY_INTDANZAS_7a08e6,PUR_IED_CHARRY_INTDANZAS_7a08e6,,,,,
2026-09-12T17:36:02-05:00,PUR_IED_CHARRY_INT_AULA20_dc998d,PUR_IED_CHARRY_INT_AULA20_dc998d,,,,,
2026-09-12T17:36:02-05:00,PUR_IED_COLVIV_1101_S25_7f520a,PUR_IED_COLVIV_1101_S25_7f520a,,,,,
2026-09-12T17:36:02-05:00,PUR_IED_COLVIV_1102_S16_f570ba,PUR_IED_COLVIV_1102_S16_f570ba,,,,,
2026-09-12T17:36:02-05:00,PUR_IED_COLVIV_Ext_1a26fa,PUR_IED_COLVIV_Ext_1a26fa,,,,,
2026-09-12T17:36:02-05:00,PUR_IED_CULPOP_301A_f660f3,PUR_IED_CULPOP_301A_f660f3,,,,,
2026-09-12T17:36:02-05:00,PUR_IED_CULPOP_303_568afe,PUR_IED_CULPOP_303_568afe,,,,,
2026-09-12T17:36:02-05:00,PUR_IED_CULPOP_Ext_e02ccb,PUR_IED_CULPOP_Ext_e02ccb,,,,,
2026-09-12T17:36:02-05:00,PUR_IED_CVillavicen_Ext_26eb58,PUR_IED_CVillavicen_Ext_26eb58,5,16,77,4.487,-74.102798
2026-09-12T17:36:02-05:00,PUR_IED_CVillavicen_Intel_1ce5c2,PUR_IED_CVillavicen_Intel_1ce5c2,,,,,
2026-09-12T17:36:02-05:00,PUR_IED_CVillavicen_Poliv_e0766c,PUR_IED_CVillavicen_Poliv_e0766c,,,,,
2026-09-12T17:36:02-05:00,PUR_IED_CVillavicen_int_1ba140,PUR_IED_CVillavicen_int_1ba140,,,,,
2026-09-12T17:36:02-05:00,PUR_IED_CVillavicen_intel_1ba140,PUR_IED_CVillavicen_intel_1ba140,,,,,
2026-09-12T17:36:02-05:00,PUR_IED_CarlosPizarro_Ext_e307cc,PUR_IED_CarlosPizarro_Ext_e307cc,,,,,
2026-09-12T17:36:02-05:00,PUR_IED_CarlosPizarro_L36_7e5cdb,PUR_IED_CarlosPizarro_L36_7e5cdb,,,,,
2026-09-12T17:36:02-05:00,PUR_IED_CarlosPizarro_L37_c8566c,PUR_IED_CarlosPizarro_L37_c8566c,,,,,
2026-09-12T17:36:02-05:00,PUR_IED_Castilla_Ext_cf35f,PUR_IED_Castilla_Ext_cf35f,,,,,
2026-09-12T17:36:02-05:00,PUR_IED_Castilla_SFisik_360e38,PUR_IED_Castilla_SFisik_360e38,,,,,
2026-09-12T17:36:02-05:00,PUR_IED_Castilla_Sc304_496fbf,PUR_IED_Castilla_Sc304_496fbf,,,,,
2026-09-12T17:36:02-05:00,PUR_IED_CervantesSa_Ext_6b57b,PUR_IED_CervantesSa_Ext_6b57b,5,19,67,4.5128,-74.117203
2026-09-12T17:36:02-05:00,PUR_IED_CervantesSa_S107_225c2b,PUR_IED_CervantesSa_S107_225c2b,,,,,
2026-09-12T17:36:02-05:00,PUR_IED_CervantesSa_S108_940925,PUR_IED_CervantesSa_S108_940925,,,,,
2026-09-12T17:36:02-05:00,PUR_IED_Charry_A20_f53e7c,PUR_IED_Charry_A20_f53e7c,,,,,
2026-09-12T17:36:02-05:00,PUR_IED_Charry_Ext_f1d5cd,PUR_IED_Charry_Ext_f1d5cd,,,,,
2026-09-12T17:36:02-05:00,PUR_IED_Charry_IntAula20_dc998d,PUR_IED_Charry_IntAula20_dc998d,,,,,
2026-09-12T17:36:02-05:00,PUR_IED_Charry_IntDanzas_7a08e6,PUR_IED_Charry_IntDanzas_7a08e6,,,,,
2026-09-12T17:36:02-05:00,PUR_IED_ClememciaC_203_43e2fc,PUR_IED_ClememciaC_203_43e2fc,,,,,
2026-09-12T17:36:02-05:00,PUR_IED_ClememciaC_Ext_1b411a,PUR_IED_ClememciaC_Ext_1b411a,,,,,
2026-09-12T17:36:02-05:00,PUR_IED_ClememciaC_Quimic_44b5fc,PUR_IED_ClememciaC_Quimic_44b5fc,,,,,
2026-09-12T17:36:02-05:00,PUR_IED_ClemenciaC_203_43e2fc,PUR_IED_ClemenciaC_203_43e2fc,,,,,
2026-09-12T17:36:02-05:00,PUR_IED_ClemenciaC_Ext_1b411a,PUR_IED_ClemenciaC_Ext_1b411a,,,,,
2026-09-12T17:36:02-05:00,PUR_IED_ClemenciaC_Quimic_44b5fc,PUR_IED_ClemenciaC_Quimic_44b5fc,,,,,
2026-09-12T17:36:02-05:00,PUR_IED_ColViva_1101_S25_7f520a,PUR_IED_ColViva_1101_S25_7f520a,,,,,
2026-09-12T17:36:02-05:00,PUR_IED_ColViva_1102_S16_f570ba,PUR_IED_ColViva_1102_S16_f570ba,,,,,
2026-09-12T17:36:02-05:00,PUR_IED_ColViva_Ext_1a26fa,PUR_IED_ColViva_Ext_1a26fa,,,,,
2026-09-12T17:36:02-05:00,PUR_IED_ColegioBici_Asist_7c8798,PUR_IED_ColegioBici_Asist_7c8798,,,,,
2026-09-12T17:36:02-05:00,PUR_IED_ColegioBici_Ext_25cbf6,PUR_IED_ColegioBici_Ext_25cbf6,,,,,
2026-09-12T17:36:02-05:00,PUR_IED_ColegioBici_LabQ_7b57db,PUR_IED_ColegioBici_LabQ_7b57db,,,,,
2026-09-12T17:36:02-05:00,PUR_IED_CostaRica_Ext_5e640,PUR_IED_CostaRica_Ext_5e640,,,,,
2026-09-12T17:36:02-05:00,PUR_IED_CostaRica_Quim1_766d1c,PUR_IED_CostaRica_Quim1_766d1c,,,,,
2026-09-12T17:36:02-05:00,PUR_IED_CostaRica__Fisica_6f0873,PUR_IED_CostaRica__Fisica_6f0873,,,,,
2026-09-12T17:36:02-05:00,PUR_IED_CulPopu_301A_f660f3,PUR_IED_CulPopu_301A_f660f3,,,,,
2026-09-12T17:36:02-05:00,PUR_IED_CulPopu_303_568afe,PUR_IED_CulPopu_303_568afe,,,,,
2026-09-12T17:36:02-05:00,PUR_IED_CulPopu_Ext_e02ccb,PUR_IED_CulPopu_Ext_e02ccb,,,,,
2026-09-12T17:36:02-05:00,PUR_IED_Cundinamarca_Ext_f15985,PUR_IED_Cundinamarca_Ext_f15985,,,,,
2026-09-12T17:36:02-05:00,PUR_IED_Cundinamarca_Info_7aa5d7,PUR_IED_Cundinamarca_Info_7aa5d7,,,,,
2026-09-12T17:36:02-05:00,PUR_IED_Cundinamarca_Tec2_f449c7,PUR_IED_Cundinamarca_Tec2_f449c7,,,,,
2026-09-12T17:36:02-05:00,PUR_IED_DiegoM_Aula1_27b314,PUR_IED_DiegoM_Aula1_27b314,,,,,
2026-09-12T17:36:02-05:00,PUR_IED_DiegoM_Ext_d80ac8,PUR_IED_DiegoM_Ext_d80ac8,,,,,
2026-09-12T17:36:02-05:00,PUR_IED_DiegoM_S25_da928f,PUR_IED_DiegoM_S25_da928f,,,,,
2026-09-12T17:36:02-05:00,PUR_IED_ELRODEO_360881,PUR_IED_ELRODEO_360881,,,,,
2026-09-12T17:36:02-05:00,PUR_IED_ELRODEO_ext_360881,PUR_IED_ELRODEO_ext_360881,,,,,
2026-09-12T17:36:02-05:00,PUR_IED_EduardoU_Ext_1c1969,PUR_IED_EduardoU_Ext_1c1969,,,,,
2026-09-12T17:36:02-05:00,PUR_IED_EduardoU_SCiencia_4dfb94,PUR_IED_EduardoU_SCiencia_4dfb94,,,,,
2026-09-12T17:36:02-05:00,PUR_IED_EduardoU_SQuimica_5a46e7,PUR_IED_EduardoU_SQuimica_5a46e7,,,,,
2026-09-12T17:36:02-05:00,PUR_IED_ElRodeo_Aula14_676984,PUR_IED_ElRodeo_Aula14_676984,,,,,
2026-09-12T17:36:02-05:00,PUR_IED_ElRodeo_Aula16_2dd35b,PUR_IED_ElRodeo_Aula16_2dd35b,,,,,
2026-09-12T17:36:02-05:00,PUR_IED_ElRodeo_Ext_360881,PUR_IED_ElRodeo_Ext_360881,,,,,
2026-09-12T17:36:02-05:00,PUR_IED_ElRodeo_Exterior_8c6d28,PUR_IED_ElRodeo_Exterior_8c6d28,,,,,
2026-09-12T17:36:02-05:00,PUR_IED_ElRodeo_ext_360881,PUR_IED_ElRodeo_ext_360881,,,,,
2026-09-12T17:36:02-05:00,PUR_IED_EmmaReyes_Ext_987625,PUR_IED_EmmaReyes_Ext_987625,3,21,50,4.6367,-74.1511
2026-09-12T17:36:02-05:00,PUR_IED_Ensueño_Ext_7f0250,PUR_IED_Ensueño_Ext_7f0250,,,,,
2026-09-12T17:36:02-05:00,PUR_IED_EscNormal_Ext_5fef3b,PUR_IED_EscNormal_Ext_5fef3b,2,20,58,4.5852,-74.096901
2026-09-12T17:36:02-05:00,PUR_IED_EscNormal_S309_5b263,PUR_IED_EscNormal_S309_5b263,,,,,
2026-09-12T17:36:02-05:00,PUR_IED_EscNormal_S310_27b3b8,PUR_IED_EscNormal_S310_27b3b8,,,,,
2026-09-12T17:36:02-05:00,PUR_IED_Evangelista_Conta_f6cd4f,PUR_IED_Evangelista_Conta_f6cd4f,,,,,
2026-09-12T17:36:02-05:00,PUR_IED_Evangelista_Cri_5e16a,PUR_IED_Evangelista_Cri_5e16a,,,,,
2026-09-12T17:36:02-05:00,PUR_IED_Evangelista_Exter_754066,PUR_IED_Evangelista_Exter_754066,,,,,
2026-09-12T17:36:02-05:00,PUR_IED_FMiranda_S209_5cc2a3,PUR_IED_FMiranda_S209_5cc2a3,,,,,
2026-09-12T17:36:02-05:00,PUR_IED_FMiranda_S303_19e344,PUR_IED_FMiranda_S303_19e344,,,,,
2026-09-12T17:36:02-05:00,PUR_IED_FMiranda_ext_f53e7c,PUR_IED_FMiranda_ext_f53e7c,,,,,
2026-09-12T17:36:02-05:00,PUR_IED_FabioLozano_Bibli_1cee05,PUR_IED_FabioLozano_Bibli_1cee05,,,,,
2026-09-12T17:36:02-05:00,PUR_IED_FabioLozano_Ext_6ea285,PUR_IED_FabioLozano_Ext_6ea285,,,,,
2026-09-12T17:36:02-05:00,PUR_IED_FabioLozano_SLudi_f09e1e,PUR_IED_FabioLozano_SLudi_f09e1e,,,,,
2026-09-12T17:36:02-05:00,PUR_IED_FaustinoS_Aula07_27a731,PUR_IED_FaustinoS_Aula07_27a731,,,,,
2026-09-12T17:36:02-05:00,PUR_IED_FaustinoS_Ext_7b936f,PUR_IED_FaustinoS_Ext_7b936f,,,,,
2026-09-12T17:36:02-05:00,PUR_IED_FaustinoS_Fisica_da2c60,PUR_IED_FaustinoS_Fisica_da2c60,,,,,
2026-09-12T17:36:02-05:00,PUR_IED_FeGarciaLo_Ext_dc68ee,PUR_IED_FeGarciaLo_Ext_dc68ee,,,,,
2026-09-12T17:36:02-05:00,PUR_IED_FeGarciaLo_SDanza_f70a59,PUR_IED_FeGarciaLo_SDanza_f70a59,,,,,
2026-09-12T17:36:02-05:00,PUR_IED_FeGarciaLo_SMusic_125cdd,PUR_IED_FeGarciaLo_SMusic_125cdd,,,,,
2026-09-12T17:36:02-05:00,PUR_IED_FederalAlema_Exte_50c345,PUR_IED_FederalAlema_Exte_50c345,,,,,
2026-09-12T17:36:02-05:00,PUR_IED_FederalAlema_S31_f18371,PUR_IED_FederalAlema_S31_f18371,,,,,
2026-09-12T17:36:02-05:00,PUR_IED_FederalAlema_S901_a62cd,PUR_IED_FederalAlema_S901_a62cd,,,,,
2026-09-12T17:36:02-05:00,PUR_IED_FilarmonicaS_A5_f35eb1,PUR_IED_FilarmonicaS_A5_f35eb1,,,,,
2026-09-12T17:36:02-05:00,PUR_IED_FilarmonicaS_Ext_8a3bde,PUR_IED_FilarmonicaS_Ext_8a3bde,,,,,
2026-09-12T17:36:02-05:00,PUR_IED_FilarmonicaS_Spol_406114,PUR_IED_FilarmonicaS_Spol_406114,,,,,
2026-09-12T17:36:02-05:00,PUR_IED_FlorentinoG_A13_d1fa59,PUR_IED_FlorentinoG_A13_d1fa59,,,,,
2026-09-12T17:36:02-05:00,PUR_IED_FlorentinoG_Ext_1ce6ce,PUR_IED_FlorentinoG_Ext_1ce6ce,,,,,
2026-09-12T17:36:02-05:00,PUR_IED_FlorentinoG_Idiom_a66aac,PUR_IED_FlorentinoG_Idiom_a66aac,,,,,
2026-09-12T17:36:02-05:00,PUR_IED_FranciscoMati_Ext_e3869d,PUR_IED_FranciscoMati_Ext_e3869d,,,,,
2026-09-12T17:36:02-05:00,PUR_IED_FranciscoMati_S13_f31c67,PUR_IED_FranciscoMati_S13_f31c67,,,,,
2026-09-12T17:36:02-05:00,PUR_IED_FranciscoMati_S14_97dead,PUR_IED_FranciscoMati_S14_97dead,,,,,
2026-09-12T17:36:02-05:00,PUR_IED_FranciscoPS_Ext_7bfa9a,PUR_IED_FranciscoPS_Ext_7bfa9a,2,21,58,4.5899,-74.110397
2026-09-12T17:36:02-05:00,PUR_IED_FranciscoPS_Infor_fb8f4c,PUR_IED_FranciscoPS_Infor_fb8f4c,,,,,
2026-09-12T17:36:02-05:00,PUR_IED_FranciscoPS_Quimi_94d39c,PUR_IED_FranciscoPS_Quimi_94d39c,,,,,
2026-09-12T17:36:02-05:00,PUR_IED_FranciscoP_LabQ_d7e148,PUR_IED_FranciscoP_LabQ_d7e148,,,,,
2026-09-12T17:36:02-05:00,PUR_IED_FranciscoP_S28_cf9b30,PUR_IED_FranciscoP_S28_cf9b30,,,,,
2026-09-12T17:36:02-05:00,PUR_IED_FranciscoP_ext_e2313,PUR_IED_FranciscoP_ext_e2313,,,,,
2026-09-12T17:36:02-05:00,PUR_IED_FriederichN_Ext_8ac92a,PUR_IED_FriederichN_Ext_8ac92a,,,,,
2026-09-12T17:36:02-05:00,PUR_IED_FriederichN_S301_dd7e5a,PUR_IED_FriederichN_S301_dd7e5a,,,,,
2026-09-12T17:36:02-05:00,PUR_IED_FriederichN_S308_761f4f,PUR_IED_FriederichN_S308_761f4f,,,,,
2026-09-12T17:36:02-05:00,PUR_IED_GSantander_Aula10_533dd7,PUR_IED_GSantander_Aula10_533dd7,,,,,
2026-09-12T17:36:02-05:00,PUR_IED_GSantander_Aula12_fd4e4f,PUR_IED_GSantander_Aula12_fd4e4f,,,,,
2026-09-12T17:36:02-05:00,PUR_IED_GSantander_Aula310_533dd7,PUR_IED_GSantander_Aula310_533dd7,,,,,
2026-09-12T17:36:02-05:00,PUR_IED_GSantander_Aula312_fd4e4f,PUR_IED_GSantander_Aula312_fd4e4f,,,,,
2026-09-12T17:36:02-05:00,PUR_IED_GSantander_Ext_5f66b0,PUR_IED_GSantander_Ext_5f66b0,,,,,
2026-09-12T17:36:02-05:00,PUR_IED_GYomasa_Ext_f6bea5,PUR_IED_GYomasa_Ext_f6bea5,,,,,
2026-09-12T17:36:02-05:00,PUR_IED_GYomasa_LBiol_2c41aa,PUR_IED_GYomasa_LBiol_2c41aa,,,,,
2026-09-12T17:36:02-05:00,PUR_IED_GYomasa_LQuim_33c80,PUR_IED_GYomasa_LQuim_33c80,,,,,
2026-09-12T17:36:02-05:00,PUR_IED_GabBetMejia_Cienc_5a99c,PUR_IED_GabBetMejia_Cienc_5a99c,,,,,
2026-09-12T17:36:02-05:00,PUR_IED_GabBetMejia_Ext_9153d0,PUR_IED_GabBetMejia_Ext_9153d0,,,,,
2026-09-12T17:36:02-05:00,PUR_IED_GabBetMejia_Lab_f55347,PUR_IED_GabBetMejia_Lab_f55347,,,,,
2026-09-12T17:36:02-05:00,PUR_IED_GabBetanMejia_Ext_9153d0,PUR_IED_GabBetanMejia_Ext_9153d0,,,,,
2026-09-12T17:36:02-05:00,PUR_IED_Gaitana_Aula13_7aac11,PUR_IED_Gaitana_Aula13_7aac11,,,,,
2026-09-12T17:36:02-05:00,PUR_IED_Gaitana_Ext_5fcf4,PUR_IED_Gaitana_Ext_5fcf4,,,,,
2026-09-12T17:36:02-05:00,PUR_IED_Gaitana_LabFisica_644448,PUR_IED_Gaitana_LabFisica_644448,,,,,
2026-09-12T17:36:02-05:00,PUR_IED_GenSantander_Dise_8ac858,PUR_IED_GenSantander_Dise_8ac858,,,,,
2026-09-12T17:36:02-05:00,PUR_IED_GenSantander_Ext_8d5dfe,PUR_IED_GenSantander_Ext_8d5dfe,,,,,
2026-09-12T17:36:02-05:00,PUR_IED_GenSantander_Info_6c25b,PUR_IED_GenSantander_Info_6c25b,,,,,
2026-09-12T17:36:02-05:00,PUR_IED_GustavoMo_Exterio_75e63d,PUR_IED_GustavoMo_Exterio_75e63d,,,,,
2026-09-12T17:36:02-05:00,PUR_IED_GustavoMo_LabFisi_224d37,PUR_IED_GustavoMo_LabFisi_224d37,,,,,
2026-09-12T17:36:02-05:00,PUR_IED_GustavoMo_S208_3e6918,PUR_IED_GustavoMo_S208_3e6918,,,,,
2026-09-12T17:36:02-05:00,PUR_IED_GustavoR_A02_8cd4a8,PUR_IED_GustavoR_A02_8cd4a8,,,,,
2026-09-12T17:36:02-05:00,PUR_IED_GustavoR_B11_5b0ed,PUR_IED_GustavoR_B11_5b0ed,,,,,
2026-09-12T17:36:02-05:00,PUR_IED_GustavoR_Ext_7a0c90,PUR_IED_GustavoR_Ext_7a0c90,,,,,
2026-09-12T17:36:02-05:00,PUR_IED_HernandoDuran_Ext_8cd82b,PUR_IED_HernandoDuran_Ext_8cd82b,,,,,
2026-09-12T17:36:02-05:00,PUR_IED_HernandoDuran_S24_2772c6,PUR_IED_HernandoDuran_S24_2772c6,,,,,
2026-09-12T17:36:02-05:00,PUR_IED_HernandoDuran_S30_f2de41,PUR_IED_HernandoDuran_S30_f2de41,,,,,
2026-09-12T17:36:02-05:00,PUR_IED_HolguInUr_S1101_8cd732,PUR_IED_HolguInUr_S1101_8cd732,,,,,
2026-09-12T17:36:02-05:00,PUR_IED_HolguinUr_Exter_ddae6d,PUR_IED_HolguinUr_Exter_ddae6d,,,,,
2026-09-12T17:36:02-05:00,PUR_IED_HolguinUr_LabQuim_92b952,PUR_IED_HolguinUr_LabQuim_92b952,,,,,
2026-09-12T17:36:02-05:00,PUR_IED_Isabel-II_Ext_5245cc,PUR_IED_Isabel-II_Ext_5245cc,2,20,57,4.6336,-74.153
2026-09-12T17:36:02-05:00,PUR_IED_Isabel-II_S_idiom_1c29aa,PUR_IED_Isabel-II_S_idiom_1c29aa,,,,,
2026-09-12T17:36:02-05:00,PUR_IED_Isabel-II_S_infor_fd741,PUR_IED_Isabel-II_S_infor_fd741,,,,,
2026-09-12T17:36:02-05:00,PUR_IED_IsidroSur_Exterio_5b90ea,PUR_IED_IsidroSur_Exterio_5b90ea,,,,,
2026-09-12T17:36:02-05:00,PUR_IED_IsidroSur_LabTec_56697a,PUR_IED_IsidroSur_LabTec_56697a,,,,,
2026-09-12T17:36:02-05:00,PUR_IED_IsidroSur_Robotic_b7c38f,PUR_IED_IsidroSur_Robotic_b7c38f,,,,,
2026-09-12T17:36:02-05:00,PUR_IED_IsmaelPerd_Ext_7b6672,PUR_IED_IsmaelPerd_Ext_7b6672,,,,,
2026-09-12T17:36:02-05:00,PUR_IED_IsmaelPerd_Inform_306540,PUR_IED_IsmaelPerd_Inform_306540,,,,,
2026-09-12T17:36:02-05:00,PUR_IED_IsmaelPerd_S30_2e2c83,PUR_IED_IsmaelPerd_S30_2e2c83,,,,,
2026-09-12T17:36:02-05:00,PUR_IED_JLozano_Exter_432910,PUR_IED_JLozano_Exter_432910,,,,,
2026-09-12T17:36:02-05:00,PUR_IED_JLozano_salaMulti_df5125,PUR_IED_JLozano_salaMulti_df5125,,,,,
2026-09-12T17:36:02-05:00,PUR_IED_JMCordoba_206_86f80b,PUR_IED_JMCordoba_206_86f80b,,,,,
2026-09-12T17:36:02-05:00,PUR_IED_JMCordoba_Ext_27ad97,PUR_IED_JMCordoba_Ext_27ad97,,,,,
2026-09-12T17:36:02-05:00,PUR_IED_JMCordoba_S310_d59ab4,PUR_IED_JMCordoba_S310_d59ab4,,,,,
2026-09-12T17:36:02-05:00,PUR_IED_Japon_Ext_549100,PUR_IED_Japon_Ext_549100,,,,,
2026-09-12T17:36:02-05:00,PUR_IED_Japon_Laboratorio_bec51d,PUR_IED_Japon_Laboratorio_bec51d,,,,,
2026-09-12T17:36:02-05:00,PUR_IED_Japon_informatica_d99327,PUR_IED_Japon_informatica_d99327,,,,,
2026-09-12T17:36:02-05:00,PUR_IED_Jazmin_Ext_d27bda,PUR_IED_Jazmin_Ext_d27bda,,,,,
2026-09-12T17:36:02-05:00,PUR_IED_Jazmin_Fisica_8d14d7,PUR_IED_Jazmin_Fisica_8d14d7,,,,,
2026-09-12T17:36:02-05:00,PUR_IED_Jazmin_Quimica_801cb5,PUR_IED_Jazmin_Quimica_801cb5,,,,,
2026-09-12T17:36:02-05:00,PUR_IED_JorgeGaitan_Exter_f098d1,PUR_IED_JorgeGaitan_Exter_f098d1,,,,,
2026-09-12T17:36:02-05:00,PUR_IED_JorgeGaitan_STec1_dc9d1d,PUR_IED_JorgeGaitan_STec1_dc9d1d,,,,,
2026-09-12T17:36:02-05:00,PUR_IED_JorgeGaitan_STec2_281e69,PUR_IED_JorgeGaitan_STec2_281e69,,,,,
2026-09-12T17:36:02-05:00,PUR_IED_JorgeSoto_Exterio_d9d0a2,PUR_IED_JorgeSoto_Exterio_d9d0a2,,,,,
2026-09-12T17:36:02-05:00,PUR_IED_JorgeSoto_LabFisi_209c54,PUR_IED_JorgeSoto_LabFisi_209c54,,,,,
2026-09-12T17:36:02-05:00,PUR_IED_JorgeSoto_S103_27b51a,PUR_IED_JorgeSoto_S103_27b51a,,,,,
2026-09-12T17:36:02-05:00,PUR_IED_JoseAcevedo_A02_e965eb,PUR_IED_JoseAcevedo_A02_e965eb,,,,,
2026-09-12T17:36:02-05:00,PUR_IED_JoseAcevedo_A07_dd5b4,PUR_IED_JoseAcevedo_A07_dd5b4,,,,,
2026-09-12T17:36:02-05:00,PUR_IED_JoseAcevedo_Ext_b47484,PUR_IED_JoseAcevedo_Ext_b47484,,,,,
2026-09-12T17:36:02-05:00,PUR_IED_JoseMarti_Exte_5b9bf,PUR_IED_JoseMarti_Exte_5b9bf,,,,,
2026-09-12T17:36:02-05:00,PUR_IED_JoseMarti_LabQuim_1c6c2d,PUR_IED_JoseMarti_LabQuim_1c6c2d,,,,,
2026-09-12T17:36:02-05:00,PUR_IED_JoseMarti_S_info_f5f177,PUR_IED_JoseMarti_S_info_f5f177,,,,,
2026-09-12T17:36:02-05:00,PUR_IED_Josejoaquin_Ext_dfc5dc,PUR_IED_Josejoaquin_Ext_dfc5dc,,,,,
2026-09-12T17:36:02-05:00,PUR_IED_Josejoaquin_S05_5b2a96,PUR_IED_Josejoaquin_S05_5b2a96,,,,,
2026-09-12T17:36:02-05:00,PUR_IED_Josejoaquin_S06_1ce7d2,PUR_IED_Josejoaquin_S06_1ce7d2,,,,,
2026-09-12T17:36:02-05:00,PUR_IED_JulioFlorez_Danza_9b82dd,PUR_IED_JulioFlorez_Danza_9b82dd,,,,,
2026-09-12T17:36:02-05:00,PUR_IED_JulioFlorez_Exter_f9f314,PUR_IED_JulioFlorez_Exter_f9f314,,,,,
2026-09-12T17:36:02-05:00,PUR_IED_JulioFlorez_info2_6b6e08,PUR_IED_JulioFlorez_info2_6b6e08,,,,,
2026-09-12T17:36:02-05:00,PUR_IED_LaBelleza_Aula13_1d00d8,PUR_IED_LaBelleza_Aula13_1d00d8,,,,,
2026-09-12T17:36:02-05:00,PUR_IED_LaBelleza_Ext_7bc08c,PUR_IED_LaBelleza_Ext_7bc08c,,,,,
2026-09-12T17:36:02-05:00,PUR_IED_LaChucua_Ext_8cd6d2,PUR_IED_LaChucua_Ext_8cd6d2,,,,,
2026-09-12T17:36:02-05:00,PUR_IED_LaChucua_S15_f578ce,PUR_IED_LaChucua_S15_f578ce,,,,,
2026-09-12T17:36:02-05:00,PUR_IED_LaChucua_S16_eebcf9,PUR_IED_LaChucua_S16_eebcf9,,,,,
2026-09-12T17:36:02-05:00,PUR_IED_LaFelicidad_Ext_fb5109,PUR_IED_LaFelicidad_Ext_fb5109,,,,,
2026-09-12T17:36:02-05:00,PUR_IED_LaMerced_206_66ebd,PUR_IED_LaMerced_206_66ebd,,,,,
2026-09-12T17:36:02-05:00,PUR_IED_LaMerced_207_6ebd6,PUR_IED_LaMerced_207_6ebd6,,,,,
2026-09-12T17:36:02-05:00,PUR_IED_LaMerced_ext_304311,PUR_IED_LaMerced_ext_304311,,,,,
2026-09-12T17:36:02-05:00,PUR_IED_Laureano_CiencNat_281e5e,PUR_IED_Laureano_CiencNat_281e5e,,,,,
2026-09-12T17:36:02-05:00,PUR_IED_Laureano_Comedor_f65c0a,PUR_IED_Laureano_Comedor_f65c0a,,,,,
2026-09-12T17:36:02-05:00,PUR_IED_Laureano_Exterior_7ab011,PUR_IED_Laureano_Exterior_7ab011,,,,,
2026-09-12T17:36:02-05:00,PUR_IED_LeonGreiff_Exte_dfe560,PUR_IED_LeonGreiff_Exte_dfe560,,,,,
2026-09-12T17:36:02-05:00,PUR_IED_LeonGreiff_S210_f264ed,PUR_IED_LeonGreiff_S210_f264ed,,,,,
2026-09-12T17:36:02-05:00,PUR_IED_LeonGreiff_SQuimi_e8296f,PUR_IED_LeonGreiff_SQuimi_e8296f,,,,,
2026-09-12T17:36:02-05:00,PUR_IED_LlanoOrientalS208_7b9fcd,PUR_IED_LlanoOrientalS208_7b9fcd,,,,,
2026-09-12T17:36:02-05:00,PUR_IED_LlanoOriental_Ext_fb3766,PUR_IED_LlanoOriental_Ext_fb3766,,,,,
2026-09-12T17:36:02-05:00,PUR_IED_LlanoOriental_S208_7b9fcd,PUR_IED_LlanoOriental_S208_7b9fcd,,,,,
2026-09-12T17:36:02-05:00,PUR_IED_LlanoOriental_S9_27b378,PUR_IED_LlanoOriental_S9_27b378,,,,,
2026-09-12T17:36:02-05:00,PUR_IED_LosTejares_1101_477602,PUR_IED_LosTejares_1101_477602,,,,,
2026-09-12T17:36:02-05:00,PUR_IED_LosTejares_11_d2c595,PUR_IED_LosTejares_11_d2c595,,,,,
2026-09-12T17:36:02-05:00,PUR_IED_LosTejares_12_477602,PUR_IED_LosTejares_12_477602,,,,,
2026-09-12T17:36:02-05:00,PUR_IED_LosTejares_Ext_8e2115,PUR_IED_LosTejares_Ext_8e2115,,,,,
2026-09-12T17:36:02-05:00,PUR_IED_MagdalenaO_B202_5ddda3,PUR_IED_MagdalenaO_B202_5ddda3,,,,,
2026-09-12T17:36:02-05:00,PUR_IED_MagdalenaO_B205_fb76e8,PUR_IED_MagdalenaO_B205_fb76e8,,,,,
2026-09-12T17:36:02-05:00,PUR_IED_MagdalenaO_ext_dc69cd,PUR_IED_MagdalenaO_ext_dc69cd,,,,,
2026-09-12T17:36:02-05:00,PUR_IED_ManueCepeda_artes_eee956,PUR_IED_ManueCepeda_artes_eee956,,,,,
2026-09-12T17:36:02-05:00,PUR_IED_ManuelCepeda_Ext_58313,PUR_IED_ManuelCepeda_Ext_58313,,,,,
2026-09-12T17:36:02-05:00,PUR_IED_ManuelCepeda_tec_1c5731,PUR_IED_ManuelCepeda_tec_1c5731,,,,,
2026-09-12T17:36:02-05:00,PUR_IED_ManuelS_Exterior_5b269,PUR_IED_ManuelS_Exterior_5b269,,,,,
2026-09-12T17:36:02-05:00,PUR_IED_ManuelS_Inform_f369ce,PUR_IED_ManuelS_Inform_f369ce,,,,,
2026-09-12T17:36:02-05:00,PUR_IED_ManuelS_SArtes_7d15f1,PUR_IED_ManuelS_SArtes_7d15f1,,,,,
2026-09-12T17:36:02-05:00,PUR_IED_ManuelZapata_303_3ca6,PUR_IED_ManuelZapata_303_3ca6,,,,,
2026-09-12T17:36:02-05:00,PUR_IED_ManuelZapata_311_bfbabc,PUR_IED_ManuelZapata_311_bfbabc,,,,,
2026-09-12T17:36:02-05:00,PUR_IED_ManuelZapata_Ext_50824a,PUR_IED_ManuelZapata_Ext_50824a,,,,,
2026-09-12T17:36:02-05:00,PUR_IED_ManuelitaS_Exteri_656a92,PUR_IED_ManuelitaS_Exteri_656a92,,,,,
2026-09-12T17:36:02-05:00,PUR_IED_ManuelitaS_JuzgDe_f58ec3,PUR_IED_ManuelitaS_JuzgDe_f58ec3,,,,,
2026-09-12T17:36:02-05:00,PUR_IED_ManuelitaS_Recrea_d793db,PUR_IED_ManuelitaS_Recrea_d793db,,,,,
2026-09-12T17:36:02-05:00,PUR_IED_MarFidSuarez_Ext_c27b19,PUR_IED_MarFidSuarez_Ext_c27b19,,,,,
2026-09-12T17:36:02-05:00,PUR_IED_MarFidSuarez_Info_e384d7,PUR_IED_MarFidSuarez_Info_e384d7,,,,,
2026-09-12T17:36:02-05:00,PUR_IED_MarFidSuarez_S306_1d0032,PUR_IED_MarFidSuarez_S306_1d0032,,,,,
2026-09-12T17:36:02-05:00,PUR_IED_Menorah_301_2a25a3,PUR_IED_Menorah_301_2a25a3,,,,,
2026-09-12T17:36:02-05:00,PUR_IED_Menorah_306_37ed3,PUR_IED_Menorah_306_37ed3,,,,,
2026-09-12T17:36:02-05:00,PUR_IED_Menorah_Ext_3e155b,PUR_IED_Menorah_Ext_3e155b,,,,,
2026-09-12T17:36:02-05:00,PUR_IED_MinutoB.Aires_A11_1b1604,PUR_IED_MinutoB.Aires_A11_1b1604,,,,,
2026-09-12T17:36:02-05:00,PUR_IED_MinutoB.Aires_A12_fb5860,PUR_IED_MinutoB.Aires_A12_fb5860,,,,,
2026-09-12T17:36:02-05:00,PUR_IED_MinutoB.Aires_Ext_81293f,PUR_IED_MinutoB.Aires_Ext_81293f,,,,,
2026-09-12T17:36:02-05:00,PUR_IED_MinutoBAires_A11_1b1604,PUR_IED_MinutoBAires_A11_1b1604,,,,,
2026-09-12T17:36:02-05:00,PUR_IED_MinutoBAires_A12_fb5860,PUR_IED_MinutoBAires_A12_fb5860,,,,,
2026-09-12T17:36:02-05:00,PUR_IED_MinutoBAires_Ext_81293f,PUR_IED_MinutoBAires_Ext_81293f,,,,,
2026-09-12T17:36:02-05:00,PUR_IED_Montreal_Aula10_1e4959,PUR_IED_Montreal_Aula10_1e4959,,,,,
2026-09-12T17:36:02-05:00,PUR_IED_Montreal_Aula6_300367,PUR_IED_Montreal_Aula6_300367,,,,,
2026-09-12T17:36:02-05:00,PUR_IED_Montreal_Exterior_91a179,PUR_IED_Montreal_Exterior_91a179,,,,,
2026-09-12T17:36:02-05:00,PUR_IED_Mqgdalena_B202_5ddda3,PUR_IED_Mqgdalena_B202_5ddda3,,,,,
2026-09-12T17:36:02-05:00,PUR_IED_NACUND_Soc_dc8728,PUR_IED_NACUND_Soc_dc8728,,,,,
2026-09-12T17:36:02-05:00,PUR_IED_NACUND_ext_27ad97,PUR_IED_NACUND_ext_27ad97,,,,,
2026-09-12T17:36:02-05:00,PUR_IED_NEsperanza_Ext_d24b61,PUR_IED_NEsperanza_Ext_d24b61,,,,,
2026-09-12T17:36:02-05:00,PUR_IED_NEsperanza_SElect_7d1807,PUR_IED_NEsperanza_SElect_7d1807,,,,,
2026-09-12T17:36:02-05:00,PUR_IED_NEsperanza_SLabor_8b2d0a,PUR_IED_NEsperanza_SLabor_8b2d0a,,,,,
2026-09-12T17:36:02-05:00,PUR_IED_NacionesU_Ext_f661a9,PUR_IED_NacionesU_Ext_f661a9,,,,,
2026-09-12T17:36:02-05:00,PUR_IED_NacionesU_Quimica_66f0a,PUR_IED_NacionesU_Quimica_66f0a,,,,,
2026-09-12T17:36:02-05:00,PUR_IED_NacionesU_S306_1b4b3d,PUR_IED_NacionesU_S306_1b4b3d,,,,,
2026-09-12T17:36:02-05:00,PUR_IED_NestorFA_Ext_e4201c,PUR_IED_NestorFA_Ext_e4201c,,,,,
2026-09-12T17:36:02-05:00,PUR_IED_NestorFA_Laborato_f22fe0,PUR_IED_NestorFA_Laborato_f22fe0,,,,,
2026-09-12T17:36:02-05:00,PUR_IED_NestorFA_S204_dee996,PUR_IED_NestorFA_S204_dee996,,,,,
2026-09-12T17:36:02-05:00,PUR_IED_NidyaQT_Aula03_76999b,PUR_IED_NidyaQT_Aula03_76999b,,,,,
2026-09-12T17:36:02-05:00,PUR_IED_NidyaQT_Aula10_56325,PUR_IED_NidyaQT_Aula10_56325,,,,,
2026-09-12T17:36:02-05:00,PUR_IED_NidyaQT_Ext_46e32d,PUR_IED_NidyaQT_Ext_46e32d,,,,,
2026-09-12T17:36:02-05:00,PUR_IED_NuevaCol_Exterior_d9b859,PUR_IED_NuevaCol_Exterior_d9b859,,,,,
2026-09-12T17:36:02-05:00,PUR_IED_NuevaCol_S1101_76c43b,PUR_IED_NuevaCol_S1101_76c43b,,,,,
2026-09-12T17:36:02-05:00,PUR_IED_NuevaCol_S1102_1ce0b5,PUR_IED_NuevaCol_S1102_1ce0b5,,,,,
2026-09-12T17:36:02-05:00,PUR_IED_OEA_A202_f7e3f2,PUR_IED_OEA_A202_f7e3f2,,,,,
2026-09-12T17:36:02-05:00,PUR_IED_OEA_A203_7d1b8d,PUR_IED_OEA_A203_7d1b8d,,,,,
2026-09-12T17:36:02-05:00,PUR_IED_OEA_Ext_27b593,PUR_IED_OEA_Ext_27b593,,,,,
2026-09-12T17:36:02-05:00,PUR_IED_Ochoa_Ext_1c29da,PUR_IED_Ochoa_Ext_1c29da,,,,,
2026-09-12T17:36:02-05:00,PUR_IED_Ochoa_S205_8b1121,PUR_IED_Ochoa_S205_8b1121,,,,,
2026-09-12T17:36:02-05:00,PUR_IED_Ochoa_Sistemas_f33af6,PUR_IED_Ochoa_Sistemas_f33af6,,,,,
2026-09-12T17:36:02-05:00,PUR_IED_PQuebec_Ext_1c67c7,PUR_IED_PQuebec_Ext_1c67c7,,,,,
2026-09-12T17:36:02-05:00,PUR_IED_PQuebec_S15_23e8e2,PUR_IED_PQuebec_S15_23e8e2,,,,,
2026-09-12T17:36:02-05:00,PUR_IED_PQuebec_S16_8ec76b,PUR_IED_PQuebec_S16_8ec76b,,,,,
2026-09-12T17:36:02-05:00,PUR_IED_PabloN_Ext_49dc96,PUR_IED_PabloN_Ext_49dc96,,,,,
2026-09-12T17:36:02-05:00,PUR_IED_PabloN_S1102_4e3df5,PUR_IED_PabloN_S1102_4e3df5,,,,,
2026-09-12T17:36:02-05:00,PUR_IED_PabloN_S1103_50c94b,PUR_IED_PabloN_S1103_50c94b,,,,,
2026-09-12T17:36:02-05:00,PUR_IED_Palestina_S1101_db9198,PUR_IED_Palestina_S1101_db9198,,,,,
2026-09-12T17:36:02-05:00,PUR_IED_Palestina_S1102_dc54fa,PUR_IED_Palestina_S1102_dc54fa,,,,,
2026-09-12T17:36:02-05:00,PUR_IED_Palestina_ext_4ccce6,PUR_IED_Palestina_ext_4ccce6,,,,,
2026-09-12T17:36:02-05:00,PUR_IED_Panama_Fisica_4d0794,PUR_IED_Panama_Fisica_4d0794,,,,,
2026-09-12T17:36:02-05:00,PUR_IED_Panama_SIngles_a4077e,PUR_IED_Panama_SIngles_a4077e,,,,,
2026-09-12T17:36:02-05:00,PUR_IED_Panama_ext_4c54b4,PUR_IED_Panama_ext_4c54b4,,,,,
2026-09-12T17:36:02-05:00,PUR_IED_ParaisoM_Exterior_8cd7f0,PUR_IED_ParaisoM_Exterior_8cd7f0,,,,,
2026-09-12T17:36:02-05:00,PUR_IED_ParaisoM_Laborato_27af35,PUR_IED_ParaisoM_Laborato_27af35,,,,,
2026-09-12T17:36:02-05:00,PUR_IED_ParaisoM_S304_d1edca,PUR_IED_ParaisoM_S304_d1edca,,,,,
2026-09-12T17:36:02-05:00,PUR_IED_PorfirioBarba_Ext_301466,PUR_IED_PorfirioBarba_Ext_301466,,,,,
2026-09-12T17:36:02-05:00,PUR_IED_PorfirioBarba_S11_df6cd2,PUR_IED_PorfirioBarba_S11_df6cd2,,,,,
2026-09-12T17:36:02-05:00,PUR_IED_PorfirioBarba_S29_27a7d6,PUR_IED_PorfirioBarba_S29_27a7d6,,,,,
2026-09-12T17:36:02-05:00,PUR_IED_PradoV_Exter_8b27ad,PUR_IED_PradoV_Exter_8b27ad,,,,,
2026-09-12T17:36:02-05:00,PUR_IED_PradoV_S301_de65b5,PUR_IED_PradoV_S301_de65b5,,,,,
2026-09-12T17:36:02-05:00,PUR_IED_PradoV_S302_7d2593,PUR_IED_PradoV_S302_7d2593,,,,,
2026-09-12T17:36:02-05:00,PUR_IED_QuirogaAlz_Ext_1ddc82,PUR_IED_QuirogaAlz_Ext_1ddc82,,,,,
2026-09-12T17:36:02-05:00,PUR_IED_QuirogaAlz_S302_9926a3,PUR_IED_QuirogaAlz_S302_9926a3,,,,,
2026-09-12T17:36:02-05:00,PUR_IED_QuirogaAlz_S305_cdf1f1,PUR_IED_QuirogaAlz_S305_cdf1f1,,,,,
2026-09-12T17:36:02-05:00,PUR_IED_RGuatemala_Biling_dc53b7,PUR_IED_RGuatemala_Biling_dc53b7,,,,,
2026-09-12T17:36:02-05:00,PUR_IED_RGuatemala_Ext_1b89a3,PUR_IED_RGuatemala_Ext_1b89a3,,,,,
2026-09-12T17:36:02-05:00,PUR_IED_RGuatemala_Tecnol_281a34,PUR_IED_RGuatemala_Tecnol_281a34,,,,,
2026-09-12T17:36:02-05:00,PUR_IED_RafaNu_Ext_f7c302,PUR_IED_RafaNu_Ext_f7c302,,,,,
2026-09-12T17:36:02-05:00,PUR_IED_RafaNu_S1101_25fde,PUR_IED_RafaNu_S1101_25fde,,,,,
2026-09-12T17:36:02-05:00,PUR_IED_RafaNu_S1102_281517,PUR_IED_RafaNu_S1102_281517,,,,,
2026-09-12T17:36:02-05:00,PUR_IED_RafaelB_S305_ee2783,PUR_IED_RafaelB_S305_ee2783,,,,,
2026-09-12T17:36:02-05:00,PUR_IED_RafaelB_S306_75fe33,PUR_IED_RafaelB_S306_75fe33,,,,,
2026-09-12T17:36:02-05:00,PUR_IED_RafaelB_ext_283336,PUR_IED_RafaelB_ext_283336,2,19,59,4.6722,-74.0737
2026-09-12T17:36:02-05:00,PUR_IED_RafaelUU_Exterior_281a51,PUR_IED_RafaelUU_Exterior_281a51,,,,,
2026-09-12T17:36:02-05:00,PUR_IED_RafaelUU_Human_806b2,PUR_IED_RafaelUU_Human_806b2,,,,,
2026-09-12T17:36:02-05:00,PUR_IED_RafaelUU_Mate2_5680d4,PUR_IED_RafaelUU_Mate2_5680d4,,,,,
2026-09-12T17:36:02-05:00,PUR_IED_RamonSub_Ext_f9eeb9,PUR_IED_RamonSub_Ext_f9eeb9,,,,,
2026-09-12T17:36:02-05:00,PUR_IED_RamonSub_Media_d1f62f,PUR_IED_RamonSub_Media_d1f62f,,,,,
2026-09-12T17:36:02-05:00,PUR_IED_RamonSub_planta_51b82,PUR_IED_RamonSub_planta_51b82,,,,,
2026-09-12T17:36:02-05:00,PUR_IED_RepBoliVene_Exter_27af7c,PUR_IED_RepBoliVene_Exter_27af7c,,,,,
2026-09-12T17:36:02-05:00,PUR_IED_RepBoliVene_SCPT_5ae2ee,PUR_IED_RepBoliVene_SCPT_5ae2ee,,,,,
2026-09-12T17:36:02-05:00,PUR_IED_RepBoliVene_Socia_4b11d5,PUR_IED_RepBoliVene_Socia_4b11d5,,,,,
2026-09-12T17:36:02-05:00,PUR_IED_RepChina_Ext_76d9ee,PUR_IED_RepChina_Ext_76d9ee,,,,,
2026-09-12T17:36:02-05:00,PUR_IED_RepChina_S404_7c804c,PUR_IED_RepChina_S404_7c804c,,,,,
2026-09-12T17:36:02-05:00,PUR_IED_RepChina_S405_df2c33,PUR_IED_RepChina_S405_df2c33,,,,,
2026-09-12T17:36:02-05:00,PUR_IED_RepublicaC_Exteri_7d1ec9,PUR_IED_RepublicaC_Exteri_7d1ec9,,,,,
2026-09-12T17:36:02-05:00,PUR_IED_RepublicaC_S1101_f544b3,PUR_IED_RepublicaC_S1101_f544b3,,,,,
2026-09-12T17:36:02-05:00,PUR_IED_RepublicaC_S1102_7aafc7,PUR_IED_RepublicaC_S1102_7aafc7,,,,,
2026-09-12T17:36:02-05:00,PUR_IED_Ricaurte_Externo_a0ea1,PUR_IED_Ricaurte_Externo_a0ea1,,,,,
2026-09-12T17:36:02-05:00,PUR_IED_Ricaurte_S210_f546fd,PUR_IED_Ricaurte_S210_f546fd,,,,,
2026-09-12T17:36:02-05:00,PUR_IED_Ricaurte_S309_d4452,PUR_IED_Ricaurte_S309_d4452,,,,,
2026-09-12T17:36:02-05:00,PUR_IED_RogelioS_1102_531e69,PUR_IED_RogelioS_1102_531e69,,,,,
2026-09-12T17:36:02-05:00,PUR_IED_RogelioS_Ext_f25a18,PUR_IED_RogelioS_Ext_f25a18,,,,,
2026-09-12T17:36:02-05:00,PUR_IED_SBernardino_Ext_27aff8,PUR_IED_SBernardino_Ext_27aff8,,,,,
2026-09-12T17:36:02-05:00,PUR_IED_SBernardino_SArte_2ffd33,PUR_IED_SBernardino_SArte_2ffd33,,,,,
2026-09-12T17:36:02-05:00,PUR_IED_SBernardino_SIngl_7c7da5,PUR_IED_SBernardino_SIngl_7c7da5,,,,,
2026-09-12T17:36:02-05:00,PUR_IED_Sago_auditorio_dc9d1d,PUR_IED_Sago_auditorio_dc9d1d,,,,,
2026-09-12T17:36:02-05:00,PUR_IED_Saludcoop_Ext_95aac3,PUR_IED_Saludcoop_Ext_95aac3,,,,,
2026-09-12T17:36:02-05:00,PUR_IED_Saludcoop_InfI_90c854,PUR_IED_Saludcoop_InfI_90c854,,,,,
2026-09-12T17:36:02-05:00,PUR_IED_Saludcoop_SMedia_1b93be,PUR_IED_Saludcoop_SMedia_1b93be,,,,,
2026-09-12T17:36:02-05:00,PUR_IED_SanCarlos_1101_1a2360,PUR_IED_SanCarlos_1101_1a2360,,,,,
2026-09-12T17:36:02-05:00,PUR_IED_SanCarlos_1103_7bafb5,PUR_IED_SanCarlos_1103_7bafb5,,,,,
2026-09-12T17:36:02-05:00,PUR_IED_SanCarlos_Ext_b7cd1,PUR_IED_SanCarlos_Ext_b7cd1,,,,,
2026-09-12T17:36:02-05:00,PUR_IED_SanIgnacioBosa11a_50c26e,PUR_IED_SanIgnacioBosa11a_50c26e,,,,,
2026-09-12T17:36:02-05:00,PUR_IED_SanIgnacioBosa11b_371de8,PUR_IED_SanIgnacioBosa11b_371de8,,,,,
2026-09-12T17:36:02-05:00,PUR_IED_SanIgnacioBosaExt_ef0ffc,PUR_IED_SanIgnacioBosaExt_ef0ffc,,,,,
2026-09-12T17:36:02-05:00,PUR_IED_SanIgnacioBosa_11a_50c26e,PUR_IED_SanIgnacioBosa_11a_50c26e,,,,,
2026-09-12T17:36:02-05:00,PUR_IED_SanIgnacioBosa_Ext_ef0ffc,PUR_IED_SanIgnacioBosa_Ext_ef0ffc,,,,,
2026-09-12T17:36:02-05:00,PUR_IED_SanJoseN_intS1101_31c47f,PUR_IED_SanJoseN_intS1101_31c47f,,,,,
2026-09-12T17:36:02-05:00,PUR_IED_SanJoseUsm_Exter_f5d7e8,PUR_IED_SanJoseUsm_Exter_f5d7e8,,,,,
2026-09-12T17:36:02-05:00,PUR_IED_SanJoseUsm_Int11A_cfdef6,PUR_IED_SanJoseUsm_Int11A_cfdef6,,,,,
2026-09-12T17:36:02-05:00,PUR_IED_SilveriaR_IntB5_905349,PUR_IED_SilveriaR_IntB5_905349,,,,,
2026-09-12T17:36:02-05:00,PUR_IED_SilveriaR_IntSD14_981f93,PUR_IED_SilveriaR_IntSD14_981f93,,,,,
2026-09-12T17:36:02-05:00,PUR_IED_SilveriaR_ext_2b651d,PUR_IED_SilveriaR_ext_2b651d,,,,,
2026-09-12T17:36:02-05:00,PUR_IED_SimonB_Exterior_913975,PUR_IED_SimonB_Exterior_913975,,,,,
2026-09-12T17:36:02-05:00,PUR_IED_SimonB_LabQuimi_c56908,PUR_IED_SimonB_LabQuimi_c56908,,,,,
2026-09-12T17:36:02-05:00,PUR_IED_SimonB_informatic_a28c1,PUR_IED_SimonB_informatic_a28c1,,,,,
2026-09-12T17:36:02-05:00,PUR_IED_Sorrento_1102_315f50,PUR_IED_Sorrento_1102_315f50,,,,,
2026-09-12T17:36:02-05:00,PUR_IED_Sorrento_Minte_214eab,PUR_IED_Sorrento_Minte_214eab,,,,,
2026-09-12T17:36:02-05:00,PUR_IED_Sorrento_ext_7c3a0a,PUR_IED_Sorrento_ext_7c3a0a,,,,,
2026-09-12T17:36:02-05:00,PUR_IED_Tabora_Ext_f048ae,PUR_IED_Tabora_Ext_f048ae,,,,,
2026-09-12T17:36:02-05:00,PUR_IED_Tabora_S1102_b07752,PUR_IED_Tabora_S1102_b07752,,,,,
2026-09-12T17:36:02-05:00,PUR_IED_Tabora_S1103_d988f5,PUR_IED_Tabora_S1103_d988f5,,,,,
2026-09-12T17:36:02-05:00,PUR_IED_Tenerife_Ext_1ab188,PUR_IED_Tenerife_Ext_1ab188,,,,,
2026-09-12T17:36:02-05:00,PUR_IED_Tenerife_SDanzas_7bc02e,PUR_IED_Tenerife_SDanzas_7bc02e,,,,,
2026-09-12T17:36:02-05:00,PUR_IED_Tenerife_SIngles_7cc277,PUR_IED_Tenerife_SIngles_7cc277,,,,,
2026-09-12T17:36:02-05:00,PUR_IED_Tibabuyes_Exter_f2683d,PUR_IED_Tibabuyes_Exter_f2683d,,,,,
2026-09-12T17:36:02-05:00,PUR_IED_Tibabuyes_S10_dc87a8,PUR_IED_Tibabuyes_S10_dc87a8,,,,,
2026-09-12T17:36:02-05:00,PUR_IED_Tibabuyes_S15_dc0526,PUR_IED_Tibabuyes_S15_dc0526,,,,,
2026-09-12T17:36:02-05:00,PUR_IED_UnionE_S301_a1043,PUR_IED_UnionE_S301_a1043,,,,,
2026-09-12T17:36:02-05:00,PUR_IED_UnionE_S307_ff6c2f,PUR_IED_UnionE_S307_ff6c2f,,,,,
2026-09-12T17:36:02-05:00,PUR_IED_UnionE__Ext_5e2468,PUR_IED_UnionE__Ext_5e2468,,,,,
2026-09-12T17:36:02-05:00,PUR_IED_VillaRica_Ext_75be7c,PUR_IED_VillaRica_Ext_75be7c,,,,,
2026-09-12T17:36:02-05:00,PUR_IED_VillaRica_S4_cc5dcd,PUR_IED_VillaRica_S4_cc5dcd,,,,,
2026-09-12T17:36:02-05:00,PUR_IED_VillaRica_Sesp_99f5c,PUR_IED_VillaRica_Sesp_99f5c,,,,,
2026-09-12T17:41:04-05:00,PUR_IED_20deJulio_1101_91b1b9,PUR_IED_20deJulio_1101_91b1b9,,,,,
2026-09-12T17:41:04-05:00,PUR_IED_20deJulio_1102_1cfcf9,PUR_IED_20deJulio_1102_1cfcf9,,,,,
2026-09-12T17:41:04-05:00,PUR_IED_20deJulio_Ext_ab60bd,PUR_IED_20deJulio_Ext_ab60bd,,,,,
2026-09-12T17:41:04-05:00,PUR_IED_AgustinFer_Ext_7b9b77,PUR_IED_AgustinFer_Ext_7b9b77,,,,,
2026-09-12T17:41:04-05:00,PUR_IED_AgustinFer_Info2_27b3a7,PUR_IED_AgustinFer_Info2_27b3a7,,,,,
2026-09-12T17:41:04-05:00,PUR_IED_AgustinFer_Sena_54b4eb,PUR_IED_AgustinFer_Sena_54b4eb,,,,,
2026-09-12T17:41:04-05:00,PUR_IED_AlexanderF_1102_caf07b,PUR_IED_AlexanderF_1102_caf07b,,,,,
2026-09-12T17:41:04-05:00,PUR_IED_AlexanderF_1103_c79e71,PUR_IED_AlexanderF_1103_c79e71,,,,,
2026-09-12T17:41:04-05:00,PUR_IED_AlexanderF_Ext_c5b18b,PUR_IED_AlexanderF_Ext_c5b18b,,,,,
2026-09-12T17:41:04-05:00,PUR_IED_AlfonsoLopez_Ext_281d77,PUR_IED_AlfonsoLopez_Ext_281d77,,,,,
2026-09-12T17:41:04-05:00,PUR_IED_AlfonsoLopez_LabF_888ce0,PUR_IED_AlfonsoLopez_LabF_888ce0,,,,,
2026-09-12T17:41:04-05:00,PUR_IED_AlfonsoLopez_SMed_df6a7f,PUR_IED_AlfonsoLopez_SMed_df6a7f,,,,,
2026-09-12T17:41:04-05:00,PUR_IED_AltamiraSO_A2_209f92,PUR_IED_AltamiraSO_A2_209f92,,,,,
2026-09-12T17:41:04-05:00,PUR_IED_AltamiraSO_Ext_186d66,PUR_IED_AltamiraSO_Ext_186d66,,,,,
2026-09-12T17:41:04-05:00,PUR_IED_AltamiraSO_Sistem_27afe1,PUR_IED_AltamiraSO_Sistem_27afe1,,,,,
2026-09-12T17:41:04-05:00,PUR_IED_AlvaroGom_LabQuim_813179,PUR_IED_AlvaroGom_LabQuim_813179,,,,,
2026-09-12T17:41:04-05:00,PUR_IED_AlvaroGomez_Ext_47c7ca,PUR_IED_AlvaroGomez_Ext_47c7ca,,,,,
2026-09-12T17:41:04-05:00,PUR_IED_AlvaroGomez_LabQuim_813179,PUR_IED_AlvaroGomez_LabQuim_813179,,,,,
2026-09-12T17:41:04-05:00,PUR_IED_AlvaroGomez_S23_7ba89f,PUR_IED_AlvaroGomez_S23_7ba89f,,,,,
2026-09-12T17:41:04-05:00,PUR_IED_Amistad_306_dc8728,PUR_IED_Amistad_306_dc8728,,,,,
2026-09-12T17:41:04-05:00,PUR_IED_Amistad_Ext_8cd55e,PUR_IED_Amistad_Ext_8cd55e,,,,,
2026-09-12T17:41:04-05:00,PUR_IED_Amistad_S202_a41169,PUR_IED_Amistad_S202_a41169,,,,,
2026-09-12T17:41:04-05:00,PUR_IED_AndresBello_Bio_fd5f5e,PUR_IED_AndresBello_Bio_fd5f5e,,,,,
2026-09-12T17:41:04-05:00,PUR_IED_AndresBello_ext_dcad65,PUR_IED_AndresBello_ext_dcad65,,,,,
2026-09-12T17:41:04-05:00,PUR_IED_AndresBello_port_eed3ec,PUR_IED_AndresBello_port_eed3ec,,,,,
2026-09-12T17:41:04-05:00,PUR_IED_AngelaR_11b_d90a6b,PUR_IED_AngelaR_11b_d90a6b,,,,,
2026-09-12T17:41:04-05:00,PUR_IED_AngelaR_ext_7cad3e,PUR_IED_AngelaR_ext_7cad3e,3,20,62,4.5825,-74.164497
2026-09-12T17:41:04-05:00,PUR_IED_AntJoseSucre_10mo_df2575,PUR_IED_AntJoseSucre_10mo_df2575,,,,,
2026-09-12T17:41:04-05:00,PUR_IED_AntJoseSucre_Ext_215b36,PUR_IED_AntJoseSucre_Ext_215b36,,,,,
2026-09-12T17:41:04-05:00,PUR_IED_AntJoseSucre_Lab_3139de,PUR_IED_AntJoseSucre_Lab_3139de,,,,,
2026-09-12T17:41:04-05:00,PUR_IED_AntonioGarcia_301_d6b188,PUR_IED_AntonioGarcia_301_d6b188,,,,,
2026-09-12T17:41:04-05:00,PUR_IED_AntonioGarcia_302_88a82,PUR_IED_AntonioGarcia_302_88a82,,,,,
2026-09-12T17:41:04-05:00,PUR_IED_AntonioGarcia_Ext_20950c,PUR_IED_AntonioGarcia_Ext_20950c,,,,,
2026-09-12T17:41:04-05:00,PUR_IED_AntonioVan_Aula2_6dea02,PUR_IED_AntonioVan_Aula2_6dea02,,,,,
2026-09-12T17:41:04-05:00,PUR_IED_AntonioVan_Aula5_f1557e,PUR_IED_AntonioVan_Aula5_f1557e,,,,,
2026-09-12T17:41:04-05:00,PUR_IED_AntonioVan_Ext_406f2f,PUR_IED_AntonioVan_Ext_406f2f,,,,,
2026-09-12T17:41:04-05:00,PUR_IED_Atabanzha_Ext_cc5af9,PUR_IED_Atabanzha_Ext_cc5af9,,,,,
2026-09-12T17:41:04-05:00,PUR_IED_Atabanzha_SA101_56c37,PUR_IED_Atabanzha_SA101_56c37,,,,,
2026-09-12T17:41:04-05:00,PUR_IED_Atabanzha_SB302_27b374,PUR_IED_Atabanzha_SB302_27b374,,,,,
2026-09-12T17:41:04-05:00,PUR_IED_Atahualpa_Ext_fc1748,PUR_IED_Atahualpa_Ext_fc1748,,,,,
2026-09-12T17:41:04-05:00,PUR_IED_Atahualpa_Informa_dc9a95,PUR_IED_Atahualpa_Informa_dc9a95,,,,,
2026-09-12T17:41:04-05:00,PUR_IED_Atahualpa_S1101_f98056,PUR_IED_Atahualpa_S1101_f98056,,,,,
2026-09-12T17:41:04-05:00,PUR_IED_Bellavista_Ext_f5aa74,PUR_IED_Bellavista_Ext_f5aa74,,,,,
2026-09-12T17:41:04-05:00,PUR_IED_Bilbao_11A_916c41,PUR_IED_Bilbao_11A_916c41,,,,,
2026-09-12T17:41:04-05:00,PUR_IED_Bilbao_Ext_fb579a,PUR_IED_Bilbao_Ext_fb579a,,,,,
2026-09-12T17:41:04-05:00,PUR_IED_BrasiliaU_A125_304280,PUR_IED_BrasiliaU_A125_304280,,,,,
2026-09-12T17:41:04-05:00,PUR_IED_BrasiliaU_A203_7c8ca5,PUR_IED_BrasiliaU_A203_7c8ca5,,,,,
2026-09-12T17:41:04-05:00,PUR_IED_BrasiliaU_Ext_8d6e9f,PUR_IED_BrasiliaU_Ext_8d6e9f,4,19,60,4.5175,-74.116302
2026-09-12T17:41:04-05:00,PUR_IED_Brasilia_Ext_fe6593,PUR_IED_Brasilia_Ext_fe6593,,,,,
2026-09-12T17:41:04-05:00,PUR_IED_Brasilia_S24_7c130d,PUR_IED_Brasilia_S24_7c130d,,,,,
2026-09-12T17:41:04-05:00,PUR_IED_Brasilia_S501_186a54,PUR_IED_Brasilia_S501_186a54,,,,,
2026-09-12T17:41:04-05:00,PUR_IED_CHARRY_EXT_f1d5cd,PUR_IED_CHARRY_EXT_f1d5cd,,,,,
2026-09-12T17:41:04-05:00,PUR_IED_CHARRY_INTDANZAS_7a08e6,PUR_IED_CHARRY_INTDANZAS_7a08e6,,,,,
2026-09-12T17:41:04-05:00,PUR_IED_CHARRY_INT_AULA20_dc998d,PUR_IED_CHARRY_INT_AULA20_dc998d,,,,,
2026-09-12T17:41:04-05:00,PUR_IED_COLVIV_1101_S25_7f520a,PUR_IED_COLVIV_1101_S25_7f520a,,,,,
2026-09-12T17:41:04-05:00,PUR_IED_COLVIV_1102_S16_f570ba,PUR_IED_COLVIV_1102_S16_f570ba,,,,,
2026-09-12T17:41:04-05:00,PUR_IED_COLVIV_Ext_1a26fa,PUR_IED_COLVIV_Ext_1a26fa,,,,,
2026-09-12T17:41:04-05:00,PUR_IED_CULPOP_301A_f660f3,PUR_IED_CULPOP_301A_f660f3,,,,,
2026-09-12T17:41:04-05:00,PUR_IED_CULPOP_303_568afe,PUR_IED_CULPOP_303_568afe,,,,,
2026-09-12T17:41:04-05:00,PUR_IED_CULPOP_Ext_e02ccb,PUR_IED_CULPOP_Ext_e02ccb,,,,,
2026-09-12T17:41:04-05:00,PUR_IED_CVillavicen_Ext_26eb58,PUR_IED_CVillavicen_Ext_26eb58,4,16,77,4.487,-74.102798
2026-09-12T17:41:04-05:00,PUR_IED_CVillavicen_Intel_1ce5c2,PUR_IED_CVillavicen_Intel_1ce5c2,,,,,
2026-09-12T17:41:04-05:00,PUR_IED_CVillavicen_Poliv_e0766c,PUR_IED_CVillavicen_Poliv_e0766c,,,,,
2026-09-12T17:41:04-05:00,PUR_IED_CVillavicen_int_1ba140,PUR_IED_CVillavicen_int_1ba140,,,,,
2026-09-12T17:41:04-05:00,PUR_IED_CVillavicen_intel_1ba140,PUR_IED_CVillavicen_intel_1ba140,,,,,
2026-09-12T17:41:04-05:00,PUR_IED_CarlosPizarro_Ext_e307cc,PUR_IED_CarlosPizarro_Ext_e307cc,,,,,
2026-09-12T17:41:04-05:00,PUR_IED_CarlosPizarro_L36_7e5cdb,PUR_IED_CarlosPizarro_L36_7e5cdb,,,,,
2026-09-12T17:41:04-05:00,PUR_IED_CarlosPizarro_L37_c8566c,PUR_IED_CarlosPizarro_L37_c8566c,,,,,
2026-09-12T17:41:04-05:00,PUR_IED_Castilla_Ext_cf35f,PUR_IED_Castilla_Ext_cf35f,,,,,
2026-09-12T17:41:04-05:00,PUR_IED_Castilla_SFisik_360e38,PUR_IED_Castilla_SFisik_360e38,,,,,
2026-09-12T17:41:04-05:00,PUR_IED_Castilla_Sc304_496fbf,PUR_IED_Castilla_Sc304_496fbf,,,,,
2026-09-12T17:41:04-05:00,PUR_IED_CervantesSa_Ext_6b57b,PUR_IED_CervantesSa_Ext_6b57b,3,19,67,4.5128,-74.117203
2026-09-12T17:41:04-05:00,PUR_IED_CervantesSa_S107_225c2b,PUR_IED_CervantesSa_S107_225c2b,,,,,
2026-09-12T17:41:04-05:00,PUR_IED_CervantesSa_S108_940925,PUR_IED_CervantesSa_S108_940925,,,,,
2026-09-12T17:41:04-05:00,PUR_IED_Charry_A20_f53e7c,PUR_IED_Charry_A20_f53e7c,,,,,
2026-09-12T17:41:04-05:00,PUR_IED_Charry_Ext_f1d5cd,PUR_IED_Charry_Ext_f1d5cd,,,,,
2026-09-12T17:41:04-05:00,PUR_IED_Charry_IntAula20_dc998d,PUR_IED_Charry_IntAula20_dc998d,,,,,
2026-09-12T17:41:04-05:00,PUR_IED_Charry_IntDanzas_7a08e6,PUR_IED_Charry_IntDanzas_7a08e6,,,,,
2026-09-12T17:41:04-05:00,PUR_IED_ClememciaC_203_43e2fc,PUR_IED_ClememciaC_203_43e2fc,,,,,
2026-09-12T17:41:04-05:00,PUR_IED_ClememciaC_Ext_1b411a,PUR_IED_ClememciaC_Ext_1b411a,,,,,
2026-09-12T17:41:04-05:00,PUR_IED_ClememciaC_Quimic_44b5fc,PUR_IED_ClememciaC_Quimic_44b5fc,,,,,
2026-09-12T17:41:04-05:00,PUR_IED_ClemenciaC_203_43e2fc,PUR_IED_ClemenciaC_203_43e2fc,,,,,
2026-09-12T17:41:04-05:00,PUR_IED_ClemenciaC_Ext_1b411a,PUR_IED_ClemenciaC_Ext_1b411a,,,,,
2026-09-12T17:41:04-05:00,PUR_IED_ClemenciaC_Quimic_44b5fc,PUR_IED_ClemenciaC_Quimic_44b5fc,,,,,
2026-09-12T17:41:04-05:00,PUR_IED_ColViva_1101_S25_7f520a,PUR_IED_ColViva_1101_S25_7f520a,,,,,
2026-09-12T17:41:04-05:00,PUR_IED_ColViva_1102_S16_f570ba,PUR_IED_ColViva_1102_S16_f570ba,,,,,
2026-09-12T17:41:04-05:00,PUR_IED_ColViva_Ext_1a26fa,PUR_IED_ColViva_Ext_1a26fa,,,,,
2026-09-12T17:41:04-05:00,PUR_IED_ColegioBici_Asist_7c8798,PUR_IED_ColegioBici_Asist_7c8798,,,,,
2026-09-12T17:41:04-05:00,PUR_IED_ColegioBici_Ext_25cbf6,PUR_IED_ColegioBici_Ext_25cbf6,,,,,
2026-09-12T17:41:04-05:00,PUR_IED_ColegioBici_LabQ_7b57db,PUR_IED_ColegioBici_LabQ_7b57db,,,,,
2026-09-12T17:41:04-05:00,PUR_IED_CostaRica_Ext_5e640,PUR_IED_CostaRica_Ext_5e640,,,,,
2026-09-12T17:41:04-05:00,PUR_IED_CostaRica_Quim1_766d1c,PUR_IED_CostaRica_Quim1_766d1c,,,,,
2026-09-12T17:41:04-05:00,PUR_IED_CostaRica__Fisica_6f0873,PUR_IED_CostaRica__Fisica_6f0873,,,,,
2026-09-12T17:41:04-05:00,PUR_IED_CulPopu_301A_f660f3,PUR_IED_CulPopu_301A_f660f3,,,,,
2026-09-12T17:41:04-05:00,PUR_IED_CulPopu_303_568afe,PUR_IED_CulPopu_303_568afe,,,,,
2026-09-12T17:41:04-05:00,PUR_IED_CulPopu_Ext_e02ccb,PUR_IED_CulPopu_Ext_e02ccb,,,,,
2026-09-12T17:41:04-05:00,PUR_IED_Cundinamarca_Ext_f15985,PUR_IED_Cundinamarca_Ext_f15985,,,,,
2026-09-12T17:41:04-05:00,PUR_IED_Cundinamarca_Info_7aa5d7,PUR_IED_Cundinamarca_Info_7aa5d7,,,,,
2026-09-12T17:41:04-05:00,PUR_IED_Cundinamarca_Tec2_f449c7,PUR_IED_Cundinamarca_Tec2_f449c7,,,,,
2026-09-12T17:41:04-05:00,PUR_IED_DiegoM_Aula1_27b314,PUR_IED_DiegoM_Aula1_27b314,,,,,
2026-09-12T17:41:04-05:00,PUR_IED_DiegoM_Ext_d80ac8,PUR_IED_DiegoM_Ext_d80ac8,,,,,
2026-09-12T17:41:04-05:00,PUR_IED_DiegoM_S25_da928f,PUR_IED_DiegoM_S25_da928f,,,,,
2026-09-12T17:41:04-05:00,PUR_IED_ELRODEO_360881,PUR_IED_ELRODEO_360881,,,,,
2026-09-12T17:41:04-05:00,PUR_IED_ELRODEO_ext_360881,PUR_IED_ELRODEO_ext_360881,,,,,
2026-09-12T17:41:04-05:00,PUR_IED_EduardoU_Ext_1c1969,PUR_IED_EduardoU_Ext_1c1969,,,,,
2026-09-12T17:41:04-05:00,PUR_IED_EduardoU_SCiencia_4dfb94,PUR_IED_EduardoU_SCiencia_4dfb94,,,,,
2026-09-12T17:41:04-05:00,PUR_IED_EduardoU_SQuimica_5a46e7,PUR_IED_EduardoU_SQuimica_5a46e7,,,,,
2026-09-12T17:41:04-05:00,PUR_IED_ElRodeo_Aula14_676984,PUR_IED_ElRodeo_Aula14_676984,,,,,
2026-09-12T17:41:04-05:00,PUR_IED_ElRodeo_Aula16_2dd35b,PUR_IED_ElRodeo_Aula16_2dd35b,,,,,
2026-09-12T17:41:04-05:00,PUR_IED_ElRodeo_Ext_360881,PUR_IED_ElRodeo_Ext_360881,,,,,
2026-09-12T17:41:04-05:00,PUR_IED_ElRodeo_Exterior_8c6d28,PUR_IED_ElRodeo_Exterior_8c6d28,,,,,
2026-09-12T17:41:04-05:00,PUR_IED_ElRodeo_ext_360881,PUR_IED_ElRodeo_ext_360881,,,,,
2026-09-12T17:41:04-05:00,PUR_IED_EmmaReyes_Ext_987625,PUR_IED_EmmaReyes_Ext_987625,3,21,51,4.6367,-74.1511
2026-09-12T17:41:04-05:00,PUR_IED_Ensueño_Ext_7f0250,PUR_IED_Ensueño_Ext_7f0250,,,,,
2026-09-12T17:41:04-05:00,PUR_IED_EscNormal_Ext_5fef3b,PUR_IED_EscNormal_Ext_5fef3b,2,20,57,4.5852,-74.096901
2026-09-12T17:41:04-05:00,PUR_IED_EscNormal_S309_5b263,PUR_IED_EscNormal_S309_5b263,,,,,
2026-09-12T17:41:04-05:00,PUR_IED_EscNormal_S310_27b3b8,PUR_IED_EscNormal_S310_27b3b8,,,,,
2026-09-12T17:41:04-05:00,PUR_IED_Evangelista_Conta_f6cd4f,PUR_IED_Evangelista_Conta_f6cd4f,,,,,
2026-09-12T17:41:04-05:00,PUR_IED_Evangelista_Cri_5e16a,PUR_IED_Evangelista_Cri_5e16a,,,,,
2026-09-12T17:41:04-05:00,PUR_IED_Evangelista_Exter_754066,PUR_IED_Evangelista_Exter_754066,,,,,
2026-09-12T17:41:04-05:00,PUR_IED_FMiranda_S209_5cc2a3,PUR_IED_FMiranda_S209_5cc2a3,,,,,
2026-09-12T17:41:04-05:00,PUR_IED_FMiranda_S303_19e344,PUR_IED_FMiranda_S303_19e344,,,,,
2026-09-12T17:41:04-05:00,PUR_IED_FMiranda_ext_f53e7c,PUR_IED_FMiranda_ext_f53e7c,,,,,
2026-09-12T17:41:04-05:00,PUR_IED_FabioLozano_Bibli_1cee05,PUR_IED_FabioLozano_Bibli_1cee05,,,,,
2026-09-12T17:41:04-05:00,PUR_IED_FabioLozano_Ext_6ea285,PUR_IED_FabioLozano_Ext_6ea285,,,,,
2026-09-12T17:41:04-05:00,PUR_IED_FabioLozano_SLudi_f09e1e,PUR_IED_FabioLozano_SLudi_f09e1e,,,,,
2026-09-12T17:41:04-05:00,PUR_IED_FaustinoS_Aula07_27a731,PUR_IED_FaustinoS_Aula07_27a731,,,,,
2026-09-12T17:41:04-05:00,PUR_IED_FaustinoS_Ext_7b936f,PUR_IED_FaustinoS_Ext_7b936f,,,,,
2026-09-12T17:41:04-05:00,PUR_IED_FaustinoS_Fisica_da2c60,PUR_IED_FaustinoS_Fisica_da2c60,,,,,
2026-09-12T17:41:04-05:00,PUR_IED_FeGarciaLo_Ext_dc68ee,PUR_IED_FeGarciaLo_Ext_dc68ee,,,,,
2026-09-12T17:41:04-05:00,PUR_IED_FeGarciaLo_SDanza_f70a59,PUR_IED_FeGarciaLo_SDanza_f70a59,,,,,
2026-09-12T17:41:04-05:00,PUR_IED_FeGarciaLo_SMusic_125cdd,PUR_IED_FeGarciaLo_SMusic_125cdd,,,,,
2026-09-12T17:41:04-05:00,PUR_IED_FederalAlema_Exte_50c345,PUR_IED_FederalAlema_Exte_50c345,,,,,
2026-09-12T17:41:04-05:00,PUR_IED_FederalAlema_S31_f18371,PUR_IED_FederalAlema_S31_f18371,,,,,
2026-09-12T17:41:04-05:00,PUR_IED_FederalAlema_S901_a62cd,PUR_IED_FederalAlema_S901_a62cd,,,,,
2026-09-12T17:41:04-05:00,PUR_IED_FilarmonicaS_A5_f35eb1,PUR_IED_FilarmonicaS_A5_f35eb1,,,,,
2026-09-12T17:41:04-05:00,PUR_IED_FilarmonicaS_Ext_8a3bde,PUR_IED_FilarmonicaS_Ext_8a3bde,,,,,
2026-09-12T17:41:04-05:00,PUR_IED_FilarmonicaS_Spol_406114,PUR_IED_FilarmonicaS_Spol_406114,,,,,
2026-09-12T17:41:04-05:00,PUR_IED_FlorentinoG_A13_d1fa59,PUR_IED_FlorentinoG_A13_d1fa59,,,,,
2026-09-12T17:41:04-05:00,PUR_IED_FlorentinoG_Ext_1ce6ce,PUR_IED_FlorentinoG_Ext_1ce6ce,,,,,
2026-09-12T17:41:04-05:00,PUR_IED_FlorentinoG_Idiom_a66aac,PUR_IED_FlorentinoG_Idiom_a66aac,,,,,
2026-09-12T17:41:04-05:00,PUR_IED_FranciscoMati_Ext_e3869d,PUR_IED_FranciscoMati_Ext_e3869d,,,,,
2026-09-12T17:41:04-05:00,PUR_IED_FranciscoMati_S13_f31c67,PUR_IED_FranciscoMati_S13_f31c67,,,,,
2026-09-12T17:41:04-05:00,PUR_IED_FranciscoMati_S14_97dead,PUR_IED_FranciscoMati_S14_97dead,,,,,
2026-09-12T17:41:04-05:00,PUR_IED_FranciscoPS_Ext_7bfa9a,PUR_IED_FranciscoPS_Ext_7bfa9a,2,21,58,4.5899,-74.110397
2026-09-12T17:41:04-05:00,PUR_IED_FranciscoPS_Infor_fb8f4c,PUR_IED_FranciscoPS_Infor_fb8f4c,,,,,
2026-09-12T17:41:04-05:00,PUR_IED_FranciscoPS_Quimi_94d39c,PUR_IED_FranciscoPS_Quimi_94d39c,,,,,
2026-09-12T17:41:04-05:00,PUR_IED_FranciscoP_LabQ_d7e148,PUR_IED_FranciscoP_LabQ_d7e148,,,,,
2026-09-12T17:41:04-05:00,PUR_IED_FranciscoP_S28_cf9b30,PUR_IED_FranciscoP_S28_cf9b30,,,,,
2026-09-12T17:41:04-05:00,PUR_IED_FranciscoP_ext_e2313,PUR_IED_FranciscoP_ext_e2313,,,,,
2026-09-12T17:41:04-05:00,PUR_IED_FriederichN_Ext_8ac92a,PUR_IED_FriederichN_Ext_8ac92a,,,,,
2026-09-12T17:41:04-05:00,PUR_IED_FriederichN_S301_dd7e5a,PUR_IED_FriederichN_S301_dd7e5a,,,,,
2026-09-12T17:41:04-05:00,PUR_IED_FriederichN_S308_761f4f,PUR_IED_FriederichN_S308_761f4f,,,,,
2026-09-12T17:41:04-05:00,PUR_IED_GSantander_Aula10_533dd7,PUR_IED_GSantander_Aula10_533dd7,,,,,
2026-09-12T17:41:04-05:00,PUR_IED_GSantander_Aula12_fd4e4f,PUR_IED_GSantander_Aula12_fd4e4f,,,,,
2026-09-12T17:41:04-05:00,PUR_IED_GSantander_Aula310_533dd7,PUR_IED_GSantander_Aula310_533dd7,,,,,
2026-09-12T17:41:04-05:00,PUR_IED_GSantander_Aula312_fd4e4f,PUR_IED_GSantander_Aula312_fd4e4f,,,,,
2026-09-12T17:41:04-05:00,PUR_IED_GSantander_Ext_5f66b0,PUR_IED_GSantander_Ext_5f66b0,,,,,
2026-09-12T17:41:04-05:00,PUR_IED_GYomasa_Ext_f6bea5,PUR_IED_GYomasa_Ext_f6bea5,,,,,
2026-09-12T17:41:04-05:00,PUR_IED_GYomasa_LBiol_2c41aa,PUR_IED_GYomasa_LBiol_2c41aa,,,,,
2026-09-12T17:41:04-05:00,PUR_IED_GYomasa_LQuim_33c80,PUR_IED_GYomasa_LQuim_33c80,,,,,
2026-09-12T17:41:04-05:00,PUR_IED_GabBetMejia_Cienc_5a99c,PUR_IED_GabBetMejia_Cienc_5a99c,,,,,
2026-09-12T17:41:04-05:00,PUR_IED_GabBetMejia_Ext_9153d0,PUR_IED_GabBetMejia_Ext_9153d0,,,,,
2026-09-12T17:41:04-05:00,PUR_IED_GabBetMejia_Lab_f55347,PUR_IED_GabBetMejia_Lab_f55347,,,,,
2026-09-12T17:41:04-05:00,PUR_IED_GabBetanMejia_Ext_9153d0,PUR_IED_GabBetanMejia_Ext_9153d0,,,,,
2026-09-12T17:41:04-05:00,PUR_IED_Gaitana_Aula13_7aac11,PUR_IED_Gaitana_Aula13_7aac11,,,,,
2026-09-12T17:41:04-05:00,PUR_IED_Gaitana_Ext_5fcf4,PUR_IED_Gaitana_Ext_5fcf4,,,,,
2026-09-12T17:41:04-05:00,PUR_IED_Gaitana_LabFisica_644448,PUR_IED_Gaitana_LabFisica_644448,,,,,
2026-09-12T17:41:04-05:00,PUR_IED_GenSantander_Dise_8ac858,PUR_IED_GenSantander_Dise_8ac858,,,,,
2026-09-12T17:41:04-05:00,PUR_IED_GenSantander_Ext_8d5dfe,PUR_IED_GenSantander_Ext_8d5dfe,,,,,
2026-09-12T17:41:04-05:00,PUR_IED_GenSantander_Info_6c25b,PUR_IED_GenSantander_Info_6c25b,,,,,
2026-09-12T17:41:04-05:00,PUR_IED_GustavoMo_Exterio_75e63d,PUR_IED_GustavoMo_Exterio_75e63d,,,,,
2026-09-12T17:41:04-05:00,PUR_IED_GustavoMo_LabFisi_224d37,PUR_IED_GustavoMo_LabFisi_224d37,,,,,
2026-09-12T17:41:04-05:00,PUR_IED_GustavoMo_S208_3e6918,PUR_IED_GustavoMo_S208_3e6918,,,,,
2026-09-12T17:41:04-05:00,PUR_IED_GustavoR_A02_8cd4a8,PUR_IED_GustavoR_A02_8cd4a8,,,,,
2026-09-12T17:41:04-05:00,PUR_IED_GustavoR_B11_5b0ed,PUR_IED_GustavoR_B11_5b0ed,,,,,
2026-09-12T17:41:04-05:00,PUR_IED_GustavoR_Ext_7a0c90,PUR_IED_GustavoR_Ext_7a0c90,,,,,
2026-09-12T17:41:04-05:00,PUR_IED_HernandoDuran_Ext_8cd82b,PUR_IED_HernandoDuran_Ext_8cd82b,,,,,
2026-09-12T17:41:04-05:00,PUR_IED_HernandoDuran_S24_2772c6,PUR_IED_HernandoDuran_S24_2772c6,,,,,
2026-09-12T17:41:04-05:00,PUR_IED_HernandoDuran_S30_f2de41,PUR_IED_HernandoDuran_S30_f2de41,,,,,
2026-09-12T17:41:04-05:00,PUR_IED_HolguInUr_S1101_8cd732,PUR_IED_HolguInUr_S1101_8cd732,,,,,
2026-09-12T17:41:04-05:00,PUR_IED_HolguinUr_Exter_ddae6d,PUR_IED_HolguinUr_Exter_ddae6d,,,,,
2026-09-12T17:41:04-05:00,PUR_IED_HolguinUr_LabQuim_92b952,PUR_IED_HolguinUr_LabQuim_92b952,,,,,
2026-09-12T17:41:04-05:00,PUR_IED_Isabel-II_Ext_5245cc,PUR_IED_Isabel-II_Ext_5245cc,2,20,58,4.6336,-74.153
2026-09-12T17:41:04-05:00,PUR_IED_Isabel-II_S_idiom_1c29aa,PUR_IED_Isabel-II_S_idiom_1c29aa,,,,,
2026-09-12T17:41:04-05:00,PUR_IED_Isabel-II_S_infor_fd741,PUR_IED_Isabel-II_S_infor_fd741,,,,,
2026-09-12T17:41:04-05:00,PUR_IED_IsidroSur_Exterio_5b90ea,PUR_IED_IsidroSur_Exterio_5b90ea,,,,,
2026-09-12T17:41:04-05:00,PUR_IED_IsidroSur_LabTec_56697a,PUR_IED_IsidroSur_LabTec_56697a,,,,,
2026-09-12T17:41:04-05:00,PUR_IED_IsidroSur_Robotic_b7c38f,PUR_IED_IsidroSur_Robotic_b7c38f,,,,,
2026-09-12T17:41:04-05:00,PUR_IED_IsmaelPerd_Ext_7b6672,PUR_IED_IsmaelPerd_Ext_7b6672,,,,,
2026-09-12T17:41:04-05:00,PUR_IED_IsmaelPerd_Inform_306540,PUR_IED_IsmaelPerd_Inform_306540,,,,,
2026-09-12T17:41:04-05:00,PUR_IED_IsmaelPerd_S30_2e2c83,PUR_IED_IsmaelPerd_S30_2e2c83,,,,,
2026-09-12T17:41:04-05:00,PUR_IED_JLozano_Exter_432910,PUR_IED_JLozano_Exter_432910,,,,,
2026-09-12T17:41:04-05:00,PUR_IED_JLozano_salaMulti_df5125,PUR_IED_JLozano_salaMulti_df5125,,,,,
2026-09-12T17:41:04-05:00,PUR_IED_JMCordoba_206_86f80b,PUR_IED_JMCordoba_206_86f80b,,,,,
2026-09-12T17:41:04-05:00,PUR_IED_JMCordoba_Ext_27ad97,PUR_IED_JMCordoba_Ext_27ad97,,,,,
2026-09-12T17:41:04-05:00,PUR_IED_JMCordoba_S310_d59ab4,PUR_IED_JMCordoba_S310_d59ab4,,,,,
2026-09-12T17:41:04-05:00,PUR_IED_Japon_Ext_549100,PUR_IED_Japon_Ext_549100,,,,,
2026-09-12T17:41:04-05:00,PUR_IED_Japon_Laboratorio_bec51d,PUR_IED_Japon_Laboratorio_bec51d,,,,,
2026-09-12T17:41:04-05:00,PUR_IED_Japon_informatica_d99327,PUR_IED_Japon_informatica_d99327,,,,,
2026-09-12T17:41:04-05:00,PUR_IED_Jazmin_Ext_d27bda,PUR_IED_Jazmin_Ext_d27bda,,,,,
2026-09-12T17:41:04-05:00,PUR_IED_Jazmin_Fisica_8d14d7,PUR_IED_Jazmin_Fisica_8d14d7,,,,,
2026-09-12T17:41:04-05:00,PUR_IED_Jazmin_Quimica_801cb5,PUR_IED_Jazmin_Quimica_801cb5,,,,,
2026-09-12T17:41:04-05:00,PUR_IED_JorgeGaitan_Exter_f098d1,PUR_IED_JorgeGaitan_Exter_f098d1,,,,,
2026-09-12T17:41:04-05:00,PUR_IED_JorgeGaitan_STec1_dc9d1d,PUR_IED_JorgeGaitan_STec1_dc9d1d,,,,,
2026-09-12T17:41:04-05:00,PUR_IED_JorgeGaitan_STec2_281e69,PUR_IED_JorgeGaitan_STec2_281e69,,,,,
2026-09-12T17:41:04-05:00,PUR_IED_JorgeSoto_Exterio_d9d0a2,PUR_IED_JorgeSoto_Exterio_d9d0a2,,,,,
2026-09-12T17:41:04-05:00,PUR_IED_JorgeSoto_LabFisi_209c54,PUR_IED_JorgeSoto_LabFisi_209c54,,,,,
2026-09-12T17:41:04-05:00,PUR_IED_JorgeSoto_S103_27b51a,PUR_IED_JorgeSoto_S103_27b51a,,,,,
2026-09-12T17:41:04-05:00,PUR_IED_JoseAcevedo_A02_e965eb,PUR_IED_JoseAcevedo_A02_e965eb,,,,,
2026-09-12T17:41:04-05:00,PUR_IED_JoseAcevedo_A07_dd5b4,PUR_IED_JoseAcevedo_A07_dd5b4,,,,,
2026-09-12T17:41:04-05:00,PUR_IED_JoseAcevedo_Ext_b47484,PUR_IED_JoseAcevedo_Ext_b47484,,,,,
2026-09-12T17:41:04-05:00,PUR_IED_JoseMarti_Exte_5b9bf,PUR_IED_JoseMarti_Exte_5b9bf,,,,,
2026-09-12T17:41:04-05:00,PUR_IED_JoseMarti_LabQuim_1c6c2d,PUR_IED_JoseMarti_LabQuim_1c6c2d,,,,,
2026-09-12T17:41:04-05:00,PUR_IED_JoseMarti_S_info_f5f177,PUR_IED_JoseMarti_S_info_f5f177,,,,,
2026-09-12T17:41:04-05:00,PUR_IED_Josejoaquin_Ext_dfc5dc,PUR_IED_Josejoaquin_Ext_dfc5dc,,,,,
2026-09-12T17:41:04-05:00,PUR_IED_Josejoaquin_S05_5b2a96,PUR_IED_Josejoaquin_S05_5b2a96,,,,,
2026-09-12T17:41:04-05:00,PUR_IED_Josejoaquin_S06_1ce7d2,PUR_IED_Josejoaquin_S06_1ce7d2,,,,,
2026-09-12T17:41:04-05:00,PUR_IED_JulioFlorez_Danza_9b82dd,PUR_IED_JulioFlorez_Danza_9b82dd,,,,,
2026-09-12T17:41:04-05:00,PUR_IED_JulioFlorez_Exter_f9f314,PUR_IED_JulioFlorez_Exter_f9f314,,,,,
2026-09-12T17:41:04-05:00,PUR_IED_JulioFlorez_info2_6b6e08,PUR_IED_JulioFlorez_info2_6b6e08,,,,,
2026-09-12T17:41:04-05:00,PUR_IED_LaBelleza_Aula13_1d00d8,PUR_IED_LaBelleza_Aula13_1d00d8,,,,,
2026-09-12T17:41:04-05:00,PUR_IED_LaBelleza_Ext_7bc08c,PUR_IED_LaBelleza_Ext_7bc08c,,,,,
2026-09-12T17:41:04-05:00,PUR_IED_LaChucua_Ext_8cd6d2,PUR_IED_LaChucua_Ext_8cd6d2,,,,,
2026-09-12T17:41:04-05:00,PUR_IED_LaChucua_S15_f578ce,PUR_IED_LaChucua_S15_f578ce,,,,,
2026-09-12T17:41:04-05:00,PUR_IED_LaChucua_S16_eebcf9,PUR_IED_LaChucua_S16_eebcf9,,,,,
2026-09-12T17:41:04-05:00,PUR_IED_LaFelicidad_Ext_fb5109,PUR_IED_LaFelicidad_Ext_fb5109,,,,,
2026-09-12T17:41:04-05:00,PUR_IED_LaMerced_206_66ebd,PUR_IED_LaMerced_206_66ebd,,,,,
2026-09-12T17:41:04-05:00,PUR_IED_LaMerced_207_6ebd6,PUR_IED_LaMerced_207_6ebd6,,,,,
2026-09-12T17:41:04-05:00,PUR_IED_LaMerced_ext_304311,PUR_IED_LaMerced_ext_304311,,,,,
2026-09-12T17:41:04-05:00,PUR_IED_Laureano_CiencNat_281e5e,PUR_IED_Laureano_CiencNat_281e5e,,,,,
2026-09-12T17:41:04-05:00,PUR_IED_Laureano_Comedor_f65c0a,PUR_IED_Laureano_Comedor_f65c0a,,,,,
2026-09-12T17:41:04-05:00,PUR_IED_Laureano_Exterior_7ab011,PUR_IED_Laureano_Exterior_7ab011,,,,,
2026-09-12T17:41:04-05:00,PUR_IED_LeonGreiff_Exte_dfe560,PUR_IED_LeonGreiff_Exte_dfe560,,,,,
2026-09-12T17:41:04-05:00,PUR_IED_LeonGreiff_S210_f264ed,PUR_IED_LeonGreiff_S210_f264ed,,,,,
2026-09-12T17:41:04-05:00,PUR_IED_LeonGreiff_SQuimi_e8296f,PUR_IED_LeonGreiff_SQuimi_e8296f,,,,,
2026-09-12T17:41:04-05:00,PUR_IED_LlanoOrientalS208_7b9fcd,PUR_IED_LlanoOrientalS208_7b9fcd,,,,,
2026-09-12T17:41:04-05:00,PUR_IED_LlanoOriental_Ext_fb3766,PUR_IED_LlanoOriental_Ext_fb3766,,,,,
2026-09-12T17:41:04-05:00,PUR_IED_LlanoOriental_S208_7b9fcd,PUR_IED_LlanoOriental_S208_7b9fcd,,,,,
2026-09-12T17:41:04-05:00,PUR_IED_LlanoOriental_S9_27b378,PUR_IED_LlanoOriental_S9_27b378,,,,,
2026-09-12T17:41:04-05:00,PUR_IED_LosTejares_1101_477602,PUR_IED_LosTejares_1101_477602,,,,,
2026-09-12T17:41:04-05:00,PUR_IED_LosTejares_11_d2c595,PUR_IED_LosTejares_11_d2c595,,,,,
2026-09-12T17:41:04-05:00,PUR_IED_LosTejares_12_477602,PUR_IED_LosTejares_12_477602,,,,,
2026-09-12T17:41:04-05:00,PUR_IED_LosTejares_Ext_8e2115,PUR_IED_LosTejares_Ext_8e2115,,,,,
2026-09-12T17:41:04-05:00,PUR_IED_MagdalenaO_B202_5ddda3,PUR_IED_MagdalenaO_B202_5ddda3,,,,,
2026-09-12T17:41:04-05:00,PUR_IED_MagdalenaO_B205_fb76e8,PUR_IED_MagdalenaO_B205_fb76e8,,,,,
2026-09-12T17:41:04-05:00,PUR_IED_MagdalenaO_ext_dc69cd,PUR_IED_MagdalenaO_ext_dc69cd,,,,,
2026-09-12T17:41:04-05:00,PUR_IED_ManueCepeda_artes_eee956,PUR_IED_ManueCepeda_artes_eee956,,,,,
2026-09-12T17:41:04-05:00,PUR_IED_ManuelCepeda_Ext_58313,PUR_IED_ManuelCepeda_Ext_58313,,,,,
2026-09-12T17:41:04-05:00,PUR_IED_ManuelCepeda_tec_1c5731,PUR_IED_ManuelCepeda_tec_1c5731,,,,,
2026-09-12T17:41:04-05:00,PUR_IED_ManuelS_Exterior_5b269,PUR_IED_ManuelS_Exterior_5b269,,,,,
2026-09-12T17:41:04-05:00,PUR_IED_ManuelS_Inform_f369ce,PUR_IED_ManuelS_Inform_f369ce,,,,,
2026-09-12T17:41:04-05:00,PUR_IED_ManuelS_SArtes_7d15f1,PUR_IED_ManuelS_SArtes_7d15f1,,,,,
2026-09-12T17:41:04-05:00,PUR_IED_ManuelZapata_303_3ca6,PUR_IED_ManuelZapata_303_3ca6,,,,,
2026-09-12T17:41:04-05:00,PUR_IED_ManuelZapata_311_bfbabc,PUR_IED_ManuelZapata_311_bfbabc,,,,,
2026-09-12T17:41:04-05:00,PUR_IED_ManuelZapata_Ext_50824a,PUR_IED_ManuelZapata_Ext_50824a,,,,,
2026-09-12T17:41:04-05:00,PUR_IED_ManuelitaS_Exteri_656a92,PUR_IED_ManuelitaS_Exteri_656a92,,,,,
2026-09-12T17:41:04-05:00,PUR_IED_ManuelitaS_JuzgDe_f58ec3,PUR_IED_ManuelitaS_JuzgDe_f58ec3,,,,,
2026-09-12T17:41:04-05:00,PUR_IED_ManuelitaS_Recrea_d793db,PUR_IED_ManuelitaS_Recrea_d793db,,,,,
2026-09-12T17:41:04-05:00,PUR_IED_MarFidSuarez_Ext_c27b19,PUR_IED_MarFidSuarez_Ext_c27b19,,,,,
2026-09-12T17:41:04-05:00,PUR_IED_MarFidSuarez_Info_e384d7,PUR_IED_MarFidSuarez_Info_e384d7,,,,,
2026-09-12T17:41:04-05:00,PUR_IED_MarFidSuarez_S306_1d0032,PUR_IED_MarFidSuarez_S306_1d0032,,,,,
2026-09-12T17:41:04-05:00,PUR_IED_Menorah_301_2a25a3,PUR_IED_Menorah_301_2a25a3,,,,,
2026-09-12T17:41:04-05:00,PUR_IED_Menorah_306_37ed3,PUR_IED_Menorah_306_37ed3,,,,,
2026-09-12T17:41:04-05:00,PUR_IED_Menorah_Ext_3e155b,PUR_IED_Menorah_Ext_3e155b,,,,,
2026-09-12T17:41:04-05:00,PUR_IED_MinutoB.Aires_A11_1b1604,PUR_IED_MinutoB.Aires_A11_1b1604,,,,,
2026-09-12T17:41:04-05:00,PUR_IED_MinutoB.Aires_A12_fb5860,PUR_IED_MinutoB.Aires_A12_fb5860,,,,,
2026-09-12T17:41:04-05:00,PUR_IED_MinutoB.Aires_Ext_81293f,PUR_IED_MinutoB.Aires_Ext_81293f,,,,,
2026-09-12T17:41:04-05:00,PUR_IED_MinutoBAires_A11_1b1604,PUR_IED_MinutoBAires_A11_1b1604,,,,,
2026-09-12T17:41:04-05:00,PUR_IED_MinutoBAires_A12_fb5860,PUR_IED_MinutoBAires_A12_fb5860,,,,,
2026-09-12T17:41:04-05:00,PUR_IED_MinutoBAires_Ext_81293f,PUR_IED_MinutoBAires_Ext_81293f,,,,,
2026-09-12T17:41:04-05:00,PUR_IED_Montreal_Aula10_1e4959,PUR_IED_Montreal_Aula10_1e4959,,,,,
2026-09-12T17:41:04-05:00,PUR_IED_Montreal_Aula6_300367,PUR_IED_Montreal_Aula6_300367,,,,,
2026-09-12T17:41:04-05:00,PUR_IED_Montreal_Exterior_91a179,PUR_IED_Montreal_Exterior_91a179,,,,,
2026-09-12T17:41:04-05:00,PUR_IED_Mqgdalena_B202_5ddda3,PUR_IED_Mqgdalena_B202_5ddda3,,,,,
2026-09-12T17:41:04-05:00,PUR_IED_NACUND_Soc_dc8728,PUR_IED_NACUND_Soc_dc8728,,,,,
2026-09-12T17:41:04-05:00,PUR_IED_NACUND_ext_27ad97,PUR_IED_NACUND_ext_27ad97,,,,,
2026-09-12T17:41:04-05:00,PUR_IED_NEsperanza_Ext_d24b61,PUR_IED_NEsperanza_Ext_d24b61,,,,,
2026-09-12T17:41:04-05:00,PUR_IED_NEsperanza_SElect_7d1807,PUR_IED_NEsperanza_SElect_7d1807,,,,,
2026-09-12T17:41:04-05:00,PUR_IED_NEsperanza_SLabor_8b2d0a,PUR_IED_NEsperanza_SLabor_8b2d0a,,,,,
2026-09-12T17:41:04-05:00,PUR_IED_NacionesU_Ext_f661a9,PUR_IED_NacionesU_Ext_f661a9,,,,,
2026-09-12T17:41:04-05:00,PUR_IED_NacionesU_Quimica_66f0a,PUR_IED_NacionesU_Quimica_66f0a,,,,,
2026-09-12T17:41:04-05:00,PUR_IED_NacionesU_S306_1b4b3d,PUR_IED_NacionesU_S306_1b4b3d,,,,,
2026-09-12T17:41:04-05:00,PUR_IED_NestorFA_Ext_e4201c,PUR_IED_NestorFA_Ext_e4201c,,,,,
2026-09-12T17:41:04-05:00,PUR_IED_NestorFA_Laborato_f22fe0,PUR_IED_NestorFA_Laborato_f22fe0,,,,,
2026-09-12T17:41:04-05:00,PUR_IED_NestorFA_S204_dee996,PUR_IED_NestorFA_S204_dee996,,,,,
2026-09-12T17:41:04-05:00,PUR_IED_NidyaQT_Aula03_76999b,PUR_IED_NidyaQT_Aula03_76999b,,,,,
2026-09-12T17:41:04-05:00,PUR_IED_NidyaQT_Aula10_56325,PUR_IED_NidyaQT_Aula10_56325,,,,,
2026-09-12T17:41:04-05:00,PUR_IED_NidyaQT_Ext_46e32d,PUR_IED_NidyaQT_Ext_46e32d,,,,,
2026-09-12T17:41:04-05:00,PUR_IED_NuevaCol_Exterior_d9b859,PUR_IED_NuevaCol_Exterior_d9b859,,,,,
2026-09-12T17:41:04-05:00,PUR_IED_NuevaCol_S1101_76c43b,PUR_IED_NuevaCol_S1101_76c43b,,,,,
2026-09-12T17:41:04-05:00,PUR_IED_NuevaCol_S1102_1ce0b5,PUR_IED_NuevaCol_S1102_1ce0b5,,,,,
2026-09-12T17:41:04-05:00,PUR_IED_OEA_A202_f7e3f2,PUR_IED_OEA_A202_f7e3f2,,,,,
2026-09-12T17:41:04-05:00,PUR_IED_OEA_A203_7d1b8d,PUR_IED_OEA_A203_7d1b8d,,,,,
2026-09-12T17:41:04-05:00,PUR_IED_OEA_Ext_27b593,PUR_IED_OEA_Ext_27b593,,,,,
2026-09-12T17:41:04-05:00,PUR_IED_Ochoa_Ext_1c29da,PUR_IED_Ochoa_Ext_1c29da,,,,,
2026-09-12T17:41:04-05:00,PUR_IED_Ochoa_S205_8b1121,PUR_IED_Ochoa_S205_8b1121,,,,,
2026-09-12T17:41:04-05:00,PUR_IED_Ochoa_Sistemas_f33af6,PUR_IED_Ochoa_Sistemas_f33af6,,,,,
2026-09-12T17:41:04-05:00,PUR_IED_PQuebec_Ext_1c67c7,PUR_IED_PQuebec_Ext_1c67c7,,,,,
2026-09-12T17:41:04-05:00,PUR_IED_PQuebec_S15_23e8e2,PUR_IED_PQuebec_S15_23e8e2,,,,,
2026-09-12T17:41:04-05:00,PUR_IED_PQuebec_S16_8ec76b,PUR_IED_PQuebec_S16_8ec76b,,,,,
2026-09-12T17:41:04-05:00,PUR_IED_PabloN_Ext_49dc96,PUR_IED_PabloN_Ext_49dc96,,,,,
2026-09-12T17:41:04-05:00,PUR_IED_PabloN_S1102_4e3df5,PUR_IED_PabloN_S1102_4e3df5,,,,,
2026-09-12T17:41:04-05:00,PUR_IED_PabloN_S1103_50c94b,PUR_IED_PabloN_S1103_50c94b,,,,,
2026-09-12T17:41:04-05:00,PUR_IED_Palestina_S1101_db9198,PUR_IED_Palestina_S1101_db9198,,,,,
2026-09-12T17:41:04-05:00,PUR_IED_Palestina_S1102_dc54fa,PUR_IED_Palestina_S1102_dc54fa,,,,,
2026-09-12T17:41:04-05:00,PUR_IED_Palestina_ext_4ccce6,PUR_IED_Palestina_ext_4ccce6,,,,,
2026-09-12T17:41:04-05:00,PUR_IED_Panama_Fisica_4d0794,PUR_IED_Panama_Fisica_4d0794,,,,,
2026-09-12T17:41:04-05:00,PUR_IED_Panama_SIngles_a4077e,PUR_IED_Panama_SIngles_a4077e,,,,,
2026-09-12T17:41:04-05:00,PUR_IED_Panama_ext_4c54b4,PUR_IED_Panama_ext_4c54b4,,,,,
2026-09-12T17:41:04-05:00,PUR_IED_ParaisoM_Exterior_8cd7f0,PUR_IED_ParaisoM_Exterior_8cd7f0,,,,,
2026-09-12T17:41:04-05:00,PUR_IED_ParaisoM_Laborato_27af35,PUR_IED_ParaisoM_Laborato_27af35,,,,,
2026-09-12T17:41:04-05:00,PUR_IED_ParaisoM_S304_d1edca,PUR_IED_ParaisoM_S304_d1edca,,,,,
2026-09-12T17:41:04-05:00,PUR_IED_PorfirioBarba_Ext_301466,PUR_IED_PorfirioBarba_Ext_301466,,,,,
2026-09-12T17:41:04-05:00,PUR_IED_PorfirioBarba_S11_df6cd2,PUR_IED_PorfirioBarba_S11_df6cd2,,,,,
2026-09-12T17:41:04-05:00,PUR_IED_PorfirioBarba_S29_27a7d6,PUR_IED_PorfirioBarba_S29_27a7d6,,,,,
2026-09-12T17:41:04-05:00,PUR_IED_PradoV_Exter_8b27ad,PUR_IED_PradoV_Exter_8b27ad,,,,,
2026-09-12T17:41:04-05:00,PUR_IED_PradoV_S301_de65b5,PUR_IED_PradoV_S301_de65b5,,,,,
2026-09-12T17:41:04-05:00,PUR_IED_PradoV_S302_7d2593,PUR_IED_PradoV_S302_7d2593,,,,,
2026-09-12T17:41:04-05:00,PUR_IED_QuirogaAlz_Ext_1ddc82,PUR_IED_QuirogaAlz_Ext_1ddc82,,,,,
2026-09-12T17:41:04-05:00,PUR_IED_QuirogaAlz_S302_9926a3,PUR_IED_QuirogaAlz_S302_9926a3,,,,,
2026-09-12T17:41:04-05:00,PUR_IED_QuirogaAlz_S305_cdf1f1,PUR_IED_QuirogaAlz_S305_cdf1f1,,,,,
2026-09-12T17:41:04-05:00,PUR_IED_RGuatemala_Biling_dc53b7,PUR_IED_RGuatemala_Biling_dc53b7,,,,,
2026-09-12T17:41:04-05:00,PUR_IED_RGuatemala_Ext_1b89a3,PUR_IED_RGuatemala_Ext_1b89a3,,,,,
2026-09-12T17:41:04-05:00,PUR_IED_RGuatemala_Tecnol_281a34,PUR_IED_RGuatemala_Tecnol_281a34,,,,,
2026-09-12T17:41:04-05:00,PUR_IED_RafaNu_Ext_f7c302,PUR_IED_RafaNu_Ext_f7c302,,,,,
2026-09-12T17:41:04-05:00,PUR_IED_RafaNu_S1101_25fde,PUR_IED_RafaNu_S1101_25fde,,,,,
2026-09-12T17:41:04-05:00,PUR_IED_RafaNu_S1102_281517,PUR_IED_RafaNu_S1102_281517,,,,,
2026-09-12T17:41:04-05:00,PUR_IED_RafaelB_S305_ee2783,PUR_IED_RafaelB_S305_ee2783,,,,,
2026-09-12T17:41:04-05:00,PUR_IED_RafaelB_S306_75fe33,PUR_IED_RafaelB_S306_75fe33,,,,,
2026-09-12T17:41:04-05:00,PUR_IED_RafaelB_ext_283336,PUR_IED_RafaelB_ext_283336,2,19,59,4.6722,-74.0737
2026-09-12T17:41:04-05:00,PUR_IED_RafaelUU_Exterior_281a51,PUR_IED_RafaelUU_Exterior_281a51,,,,,
2026-09-12T17:41:04-05:00,PUR_IED_RafaelUU_Human_806b2,PUR_IED_RafaelUU_Human_806b2,,,,,
2026-09-12T17:41:04-05:00,PUR_IED_RafaelUU_Mate2_5680d4,PUR_IED_RafaelUU_Mate2_5680d4,,,,,
2026-09-12T17:41:04-05:00,PUR_IED_RamonSub_Ext_f9eeb9,PUR_IED_RamonSub_Ext_f9eeb9,,,,,
2026-09-12T17:41:04-05:00,PUR_IED_RamonSub_Media_d1f62f,PUR_IED_RamonSub_Media_d1f62f,,,,,
2026-09-12T17:41:04-05:00,PUR_IED_RamonSub_planta_51b82,PUR_IED_RamonSub_planta_51b82,,,,,
2026-09-12T17:41:04-05:00,PUR_IED_RepBoliVene_Exter_27af7c,PUR_IED_RepBoliVene_Exter_27af7c,,,,,
2026-09-12T17:41:04-05:00,PUR_IED_RepBoliVene_SCPT_5ae2ee,PUR_IED_RepBoliVene_SCPT_5ae2ee,,,,,
2026-09-12T17:41:04-05:00,PUR_IED_RepBoliVene_Socia_4b11d5,PUR_IED_RepBoliVene_Socia_4b11d5,,,,,
2026-09-12T17:41:04-05:00,PUR_IED_RepChina_Ext_76d9ee,PUR_IED_RepChina_Ext_76d9ee,,,,,
2026-09-12T17:41:04-05:00,PUR_IED_RepChina_S404_7c804c,PUR_IED_RepChina_S404_7c804c,,,,,
2026-09-12T17:41:04-05:00,PUR_IED_RepChina_S405_df2c33,PUR_IED_RepChina_S405_df2c33,,,,,
2026-09-12T17:41:04-05:00,PUR_IED_RepublicaC_Exteri_7d1ec9,PUR_IED_RepublicaC_Exteri_7d1ec9,,,,,
2026-09-12T17:41:04-05:00,PUR_IED_RepublicaC_S1101_f544b3,PUR_IED_RepublicaC_S1101_f544b3,,,,,
2026-09-12T17:41:04-05:00,PUR_IED_RepublicaC_S1102_7aafc7,PUR_IED_RepublicaC_S1102_7aafc7,,,,,
2026-09-12T17:41:04-05:00,PUR_IED_Ricaurte_Externo_a0ea1,PUR_IED_Ricaurte_Externo_a0ea1,,,,,
2026-09-12T17:41:04-05:00,PUR_IED_Ricaurte_S210_f546fd,PUR_IED_Ricaurte_S210_f546fd,,,,,
2026-09-12T17:41:04-05:00,PUR_IED_Ricaurte_S309_d4452,PUR_IED_Ricaurte_S309_d4452,,,,,
2026-09-12T17:41:04-05:00,PUR_IED_RogelioS_1102_531e69,PUR_IED_RogelioS_1102_531e69,,,,,
2026-09-12T17:41:04-05:00,PUR_IED_RogelioS_Ext_f25a18,PUR_IED_RogelioS_Ext_f25a18,,,,,
2026-09-12T17:41:04-05:00,PUR_IED_SBernardino_Ext_27aff8,PUR_IED_SBernardino_Ext_27aff8,,,,,
2026-09-12T17:41:04-05:00,PUR_IED_SBernardino_SArte_2ffd33,PUR_IED_SBernardino_SArte_2ffd33,,,,,
2026-09-12T17:41:04-05:00,PUR_IED_SBernardino_SIngl_7c7da5,PUR_IED_SBernardino_SIngl_7c7da5,,,,,
2026-09-12T17:41:04-05:00,PUR_IED_Sago_auditorio_dc9d1d,PUR_IED_Sago_auditorio_dc9d1d,,,,,
2026-09-12T17:41:04-05:00,PUR_IED_Saludcoop_Ext_95aac3,PUR_IED_Saludcoop_Ext_95aac3,,,,,
2026-09-12T17:41:04-05:00,PUR_IED_Saludcoop_InfI_90c854,PUR_IED_Saludcoop_InfI_90c854,,,,,
2026-09-12T17:41:04-05:00,PUR_IED_Saludcoop_SMedia_1b93be,PUR_IED_Saludcoop_SMedia_1b93be,,,,,
2026-09-12T17:41:04-05:00,PUR_IED_SanCarlos_1101_1a2360,PUR_IED_SanCarlos_1101_1a2360,,,,,
2026-09-12T17:41:04-05:00,PUR_IED_SanCarlos_1103_7bafb5,PUR_IED_SanCarlos_1103_7bafb5,,,,,
2026-09-12T17:41:04-05:00,PUR_IED_SanCarlos_Ext_b7cd1,PUR_IED_SanCarlos_Ext_b7cd1,,,,,
2026-09-12T17:41:04-05:00,PUR_IED_SanIgnacioBosa11a_50c26e,PUR_IED_SanIgnacioBosa11a_50c26e,,,,,
2026-09-12T17:41:04-05:00,PUR_IED_SanIgnacioBosa11b_371de8,PUR_IED_SanIgnacioBosa11b_371de8,,,,,
2026-09-12T17:41:04-05:00,PUR_IED_SanIgnacioBosaExt_ef0ffc,PUR_IED_SanIgnacioBosaExt_ef0ffc,,,,,
2026-09-12T17:41:04-05:00,PUR_IED_SanIgnacioBosa_11a_50c26e,PUR_IED_SanIgnacioBosa_11a_50c26e,,,,,
2026-09-12T17:41:04-05:00,PUR_IED_SanIgnacioBosa_Ext_ef0ffc,PUR_IED_SanIgnacioBosa_Ext_ef0ffc,,,,,
2026-09-12T17:41:04-05:00,PUR_IED_SanJoseN_intS1101_31c47f,PUR_IED_SanJoseN_intS1101_31c47f,,,,,
2026-09-12T17:41:04-05:00,PUR_IED_SanJoseUsm_Exter_f5d7e8,PUR_IED_SanJoseUsm_Exter_f5d7e8,,,,,
2026-09-12T17:41:04-05:00,PUR_IED_SanJoseUsm_Int11A_cfdef6,PUR_IED_SanJoseUsm_Int11A_cfdef6,,,,,
2026-09-12T17:41:04-05:00,PUR_IED_SilveriaR_IntB5_905349,PUR_IED_SilveriaR_IntB5_905349,,,,,
2026-09-12T17:41:04-05:00,PUR_IED_SilveriaR_IntSD14_981f93,PUR_IED_SilveriaR_IntSD14_981f93,,,,,
2026-09-12T17:41:04-05:00,PUR_IED_SilveriaR_ext_2b651d,PUR_IED_SilveriaR_ext_2b651d,,,,,
2026-09-12T17:41:04-05:00,PUR_IED_SimonB_Exterior_913975,PUR_IED_SimonB_Exterior_913975,,,,,
2026-09-12T17:41:04-05:00,PUR_IED_SimonB_LabQuimi_c56908,PUR_IED_SimonB_LabQuimi_c56908,,,,,
2026-09-12T17:41:04-05:00,PUR_IED_SimonB_informatic_a28c1,PUR_IED_SimonB_informatic_a28c1,,,,,
2026-09-12T17:41:04-05:00,PUR_IED_Sorrento_1102_315f50,PUR_IED_Sorrento_1102_315f50,,,,,
2026-09-12T17:41:04-05:00,PUR_IED_Sorrento_Minte_214eab,PUR_IED_Sorrento_Minte_214eab,,,,,
2026-09-12T17:41:04-05:00,PUR_IED_Sorrento_ext_7c3a0a,PUR_IED_Sorrento_ext_7c3a0a,,,,,
2026-09-12T17:41:04-05:00,PUR_IED_Tabora_Ext_f048ae,PUR_IED_Tabora_Ext_f048ae,,,,,
2026-09-12T17:41:04-05:00,PUR_IED_Tabora_S1102_b07752,PUR_IED_Tabora_S1102_b07752,,,,,
2026-09-12T17:41:04-05:00,PUR_IED_Tabora_S1103_d988f5,PUR_IED_Tabora_S1103_d988f5,,,,,
2026-09-12T17:41:04-05:00,PUR_IED_Tenerife_Ext_1ab188,PUR_IED_Tenerife_Ext_1ab188,,,,,
2026-09-12T17:41:04-05:00,PUR_IED_Tenerife_SDanzas_7bc02e,PUR_IED_Tenerife_SDanzas_7bc02e,,,,,
2026-09-12T17:41:04-05:00,PUR_IED_Tenerife_SIngles_7cc277,PUR_IED_Tenerife_SIngles_7cc277,,,,,
2026-09-12T17:41:04-05:00,PUR_IED_Tibabuyes_Exter_f2683d,PUR_IED_Tibabuyes_Exter_f2683d,,,,,
2026-09-12T17:41:04-05:00,PUR_IED_Tibabuyes_S10_dc87a8,PUR_IED_Tibabuyes_S10_dc87a8,,,,,
2026-09-12T17:41:04-05:00,PUR_IED_Tibabuyes_S15_dc0526,PUR_IED_Tibabuyes_S15_dc0526,,,,,
2026-09-12T17:41:04-05:00,PUR_IED_UnionE_S301_a1043,PUR_IED_UnionE_S301_a1043,,,,,
2026-09-12T17:41:04-05:00,PUR_IED_UnionE_S307_ff6c2f,PUR_IED_UnionE_S307_ff6c2f,,,,,
2026-09-12T17:41:04-05:00,PUR_IED_UnionE__Ext_5e2468,PUR_IED_UnionE__Ext_5e2468,,,,,
2026-09-12T17:41:04-05:00,PUR_IED_VillaRica_Ext_75be7c,PUR_IED_VillaRica_Ext_75be7c,,,,,
2026-09-12T17:41:04-05:00,PUR_IED_VillaRica_S4_cc5dcd,PUR_IED_VillaRica_S4_cc5dcd,,,,,
2026-09-12T17:41:04-05:00,PUR_IED_VillaRica_Sesp_99f5c,PUR_IED_VillaRica_Sesp_99f5c,,,,,
2026-09-12T17:46:09-05:00,PUR_IED_20deJulio_1101_91b1b9,PUR_IED_20deJulio_1101_91b1b9,,,,,
2026-09-12T17:46:09-05:00,PUR_IED_20deJulio_1102_1cfcf9,PUR_IED_20deJulio_1102_1cfcf9,,,,,
2026-09-12T17:46:09-05:00,PUR_IED_20deJulio_Ext_ab60bd,PUR_IED_20deJulio_Ext_ab60bd,,,,,
2026-09-12T17:46:09-05:00,PUR_IED_AgustinFer_Ext_7b9b77,PUR_IED_AgustinFer_Ext_7b9b77,,,,,
2026-09-12T17:46:09-05:00,PUR_IED_AgustinFer_Info2_27b3a7,PUR_IED_AgustinFer_Info2_27b3a7,,,,,
2026-09-12T17:46:09-05:00,PUR_IED_AgustinFer_Sena_54b4eb,PUR_IED_AgustinFer_Sena_54b4eb,,,,,
2026-09-12T17:46:09-05:00,PUR_IED_AlexanderF_1102_caf07b,PUR_IED_AlexanderF_1102_caf07b,,,,,
2026-09-12T17:46:09-05:00,PUR_IED_AlexanderF_1103_c79e71,PUR_IED_AlexanderF_1103_c79e71,,,,,
2026-09-12T17:46:09-05:00,PUR_IED_AlexanderF_Ext_c5b18b,PUR_IED_AlexanderF_Ext_c5b18b,,,,,
2026-09-12T17:46:09-05:00,PUR_IED_AlfonsoLopez_Ext_281d77,PUR_IED_AlfonsoLopez_Ext_281d77,,,,,
2026-09-12T17:46:09-05:00,PUR_IED_AlfonsoLopez_LabF_888ce0,PUR_IED_AlfonsoLopez_LabF_888ce0,,,,,
2026-09-12T17:46:09-05:00,PUR_IED_AlfonsoLopez_SMed_df6a7f,PUR_IED_AlfonsoLopez_SMed_df6a7f,,,,,
2026-09-12T17:46:09-05:00,PUR_IED_AltamiraSO_A2_209f92,PUR_IED_AltamiraSO_A2_209f92,,,,,
2026-09-12T17:46:09-05:00,PUR_IED_AltamiraSO_Ext_186d66,PUR_IED_AltamiraSO_Ext_186d66,,,,,
2026-09-12T17:46:09-05:00,PUR_IED_AltamiraSO_Sistem_27afe1,PUR_IED_AltamiraSO_Sistem_27afe1,,,,,
2026-09-12T17:46:09-05:00,PUR_IED_AlvaroGom_LabQuim_813179,PUR_IED_AlvaroGom_LabQuim_813179,,,,,
2026-09-12T17:46:09-05:00,PUR_IED_AlvaroGomez_Ext_47c7ca,PUR_IED_AlvaroGomez_Ext_47c7ca,,,,,
2026-09-12T17:46:09-05:00,PUR_IED_AlvaroGomez_LabQuim_813179,PUR_IED_AlvaroGomez_LabQuim_813179,,,,,
2026-09-12T17:46:09-05:00,PUR_IED_AlvaroGomez_S23_7ba89f,PUR_IED_AlvaroGomez_S23_7ba89f,,,,,
2026-09-12T17:46:09-05:00,PUR_IED_Amistad_306_dc8728,PUR_IED_Amistad_306_dc8728,,,,,
2026-09-12T17:46:09-05:00,PUR_IED_Amistad_Ext_8cd55e,PUR_IED_Amistad_Ext_8cd55e,,,,,
2026-09-12T17:46:09-05:00,PUR_IED_Amistad_S202_a41169,PUR_IED_Amistad_S202_a41169,,,,,
2026-09-12T17:46:09-05:00,PUR_IED_AndresBello_Bio_fd5f5e,PUR_IED_AndresBello_Bio_fd5f5e,,,,,
2026-09-12T17:46:09-05:00,PUR_IED_AndresBello_ext_dcad65,PUR_IED_AndresBello_ext_dcad65,,,,,
2026-09-12T17:46:09-05:00,PUR_IED_AndresBello_port_eed3ec,PUR_IED_AndresBello_port_eed3ec,,,,,
2026-09-12T17:46:09-05:00,PUR_IED_AngelaR_11b_d90a6b,PUR_IED_AngelaR_11b_d90a6b,,,,,
2026-09-12T17:46:09-05:00,PUR_IED_AngelaR_ext_7cad3e,PUR_IED_AngelaR_ext_7cad3e,4,20,63,4.5825,-74.164497
2026-09-12T17:46:09-05:00,PUR_IED_AntJoseSucre_10mo_df2575,PUR_IED_AntJoseSucre_10mo_df2575,,,,,
2026-09-12T17:46:09-05:00,PUR_IED_AntJoseSucre_Ext_215b36,PUR_IED_AntJoseSucre_Ext_215b36,,,,,
2026-09-12T17:46:09-05:00,PUR_IED_AntJoseSucre_Lab_3139de,PUR_IED_AntJoseSucre_Lab_3139de,,,,,
2026-09-12T17:46:09-05:00,PUR_IED_AntonioGarcia_301_d6b188,PUR_IED_AntonioGarcia_301_d6b188,,,,,
2026-09-12T17:46:09-05:00,PUR_IED_AntonioGarcia_302_88a82,PUR_IED_AntonioGarcia_302_88a82,,,,,
2026-09-12T17:46:09-05:00,PUR_IED_AntonioGarcia_Ext_20950c,PUR_IED_AntonioGarcia_Ext_20950c,,,,,
2026-09-12T17:46:09-05:00,PUR_IED_AntonioVan_Aula2_6dea02,PUR_IED_AntonioVan_Aula2_6dea02,,,,,
2026-09-12T17:46:09-05:00,PUR_IED_AntonioVan_Aula5_f1557e,PUR_IED_AntonioVan_Aula5_f1557e,,,,,
2026-09-12T17:46:09-05:00,PUR_IED_AntonioVan_Ext_406f2f,PUR_IED_AntonioVan_Ext_406f2f,,,,,
2026-09-12T17:46:09-05:00,PUR_IED_Atabanzha_Ext_cc5af9,PUR_IED_Atabanzha_Ext_cc5af9,,,,,
2026-09-12T17:46:09-05:00,PUR_IED_Atabanzha_SA101_56c37,PUR_IED_Atabanzha_SA101_56c37,,,,,
2026-09-12T17:46:09-05:00,PUR_IED_Atabanzha_SB302_27b374,PUR_IED_Atabanzha_SB302_27b374,,,,,
2026-09-12T17:46:09-05:00,PUR_IED_Atahualpa_Ext_fc1748,PUR_IED_Atahualpa_Ext_fc1748,,,,,
2026-09-12T17:46:09-05:00,PUR_IED_Atahualpa_Informa_dc9a95,PUR_IED_Atahualpa_Informa_dc9a95,,,,,
2026-09-12T17:46:09-05:00,PUR_IED_Atahualpa_S1101_f98056,PUR_IED_Atahualpa_S1101_f98056,,,,,
2026-09-12T17:46:09-05:00,PUR_IED_Bellavista_Ext_f5aa74,PUR_IED_Bellavista_Ext_f5aa74,,,,,
2026-09-12T17:46:09-05:00,PUR_IED_Bilbao_11A_916c41,PUR_IED_Bilbao_11A_916c41,,,,,
2026-09-12T17:46:09-05:00,PUR_IED_Bilbao_Ext_fb579a,PUR_IED_Bilbao_Ext_fb579a,,,,,
2026-09-12T17:46:09-05:00,PUR_IED_BrasiliaU_A125_304280,PUR_IED_BrasiliaU_A125_304280,,,,,
2026-09-12T17:46:09-05:00,PUR_IED_BrasiliaU_A203_7c8ca5,PUR_IED_BrasiliaU_A203_7c8ca5,,,,,
2026-09-12T17:46:09-05:00,PUR_IED_BrasiliaU_Ext_8d6e9f,PUR_IED_BrasiliaU_Ext_8d6e9f,6,19,60,4.5175,-74.116302
2026-09-12T17:46:09-05:00,PUR_IED_Brasilia_Ext_fe6593,PUR_IED_Brasilia_Ext_fe6593,,,,,
2026-09-12T17:46:09-05:00,PUR_IED_Brasilia_S24_7c130d,PUR_IED_Brasilia_S24_7c130d,,,,,
2026-09-12T17:46:09-05:00,PUR_IED_Brasilia_S501_186a54,PUR_IED_Brasilia_S501_186a54,,,,,
2026-09-12T17:46:09-05:00,PUR_IED_CHARRY_EXT_f1d5cd,PUR_IED_CHARRY_EXT_f1d5cd,,,,,
2026-09-12T17:46:09-05:00,PUR_IED_CHARRY_INTDANZAS_7a08e6,PUR_IED_CHARRY_INTDANZAS_7a08e6,,,,,
2026-09-12T17:46:09-05:00,PUR_IED_CHARRY_INT_AULA20_dc998d,PUR_IED_CHARRY_INT_AULA20_dc998d,,,,,
2026-09-12T17:46:09-05:00,PUR_IED_COLVIV_1101_S25_7f520a,PUR_IED_COLVIV_1101_S25_7f520a,,,,,
2026-09-12T17:46:09-05:00,PUR_IED_COLVIV_1102_S16_f570ba,PUR_IED_COLVIV_1102_S16_f570ba,,,,,
2026-09-12T17:46:09-05:00,PUR_IED_COLVIV_Ext_1a26fa,PUR_IED_COLVIV_Ext_1a26fa,,,,,
2026-09-12T17:46:09-05:00,PUR_IED_CULPOP_301A_f660f3,PUR_IED_CULPOP_301A_f660f3,,,,,
2026-09-12T17:46:09-05:00,PUR_IED_CULPOP_303_568afe,PUR_IED_CULPOP_303_568afe,,,,,
2026-09-12T17:46:09-05:00,PUR_IED_CULPOP_Ext_e02ccb,PUR_IED_CULPOP_Ext_e02ccb,,,,,
2026-09-12T17:46:09-05:00,PUR_IED_CVillavicen_Ext_26eb58,PUR_IED_CVillavicen_Ext_26eb58,6,16,77,4.487,-74.102798
2026-09-12T17:46:09-05:00,PUR_IED_CVillavicen_Intel_1ce5c2,PUR_IED_CVillavicen_Intel_1ce5c2,,,,,
2026-09-12T17:46:09-05:00,PUR_IED_CVillavicen_Poliv_e0766c,PUR_IED_CVillavicen_Poliv_e0766c,,,,,
2026-09-12T17:46:09-05:00,PUR_IED_CVillavicen_int_1ba140,PUR_IED_CVillavicen_int_1ba140,,,,,
2026-09-12T17:46:09-05:00,PUR_IED_CVillavicen_intel_1ba140,PUR_IED_CVillavicen_intel_1ba140,,,,,
2026-09-12T17:46:09-05:00,PUR_IED_CarlosPizarro_Ext_e307cc,PUR_IED_CarlosPizarro_Ext_e307cc,,,,,
2026-09-12T17:46:09-05:00,PUR_IED_CarlosPizarro_L36_7e5cdb,PUR_IED_CarlosPizarro_L36_7e5cdb,,,,,
2026-09-12T17:46:09-05:00,PUR_IED_CarlosPizarro_L37_c8566c,PUR_IED_CarlosPizarro_L37_c8566c,,,,,
2026-09-12T17:46:09-05:00,PUR_IED_Castilla_Ext_cf35f,PUR_IED_Castilla_Ext_cf35f,,,,,
2026-09-12T17:46:09-05:00,PUR_IED_Castilla_SFisik_360e38,PUR_IED_Castilla_SFisik_360e38,,,,,
2026-09-12T17:46:09-05:00,PUR_IED_Castilla_Sc304_496fbf,PUR_IED_Castilla_Sc304_496fbf,,,,,
2026-09-12T17:46:09-05:00,PUR_IED_CervantesSa_Ext_6b57b,PUR_IED_CervantesSa_Ext_6b57b,4,19,66,4.5128,-74.117203
2026-09-12T17:46:09-05:00,PUR_IED_CervantesSa_S107_225c2b,PUR_IED_CervantesSa_S107_225c2b,,,,,
2026-09-12T17:46:09-05:00,PUR_IED_CervantesSa_S108_940925,PUR_IED_CervantesSa_S108_940925,,,,,
2026-09-12T17:46:09-05:00,PUR_IED_Charry_A20_f53e7c,PUR_IED_Charry_A20_f53e7c,,,,,
2026-09-12T17:46:09-05:00,PUR_IED_Charry_Ext_f1d5cd,PUR_IED_Charry_Ext_f1d5cd,,,,,
2026-09-12T17:46:09-05:00,PUR_IED_Charry_IntAula20_dc998d,PUR_IED_Charry_IntAula20_dc998d,,,,,
2026-09-12T17:46:09-05:00,PUR_IED_Charry_IntDanzas_7a08e6,PUR_IED_Charry_IntDanzas_7a08e6,,,,,
2026-09-12T17:46:09-05:00,PUR_IED_ClememciaC_203_43e2fc,PUR_IED_ClememciaC_203_43e2fc,,,,,
2026-09-12T17:46:09-05:00,PUR_IED_ClememciaC_Ext_1b411a,PUR_IED_ClememciaC_Ext_1b411a,,,,,
2026-09-12T17:46:09-05:00,PUR_IED_ClememciaC_Quimic_44b5fc,PUR_IED_ClememciaC_Quimic_44b5fc,,,,,
2026-09-12T17:46:09-05:00,PUR_IED_ClemenciaC_203_43e2fc,PUR_IED_ClemenciaC_203_43e2fc,,,,,
2026-09-12T17:46:09-05:00,PUR_IED_ClemenciaC_Ext_1b411a,PUR_IED_ClemenciaC_Ext_1b411a,,,,,
2026-09-12T17:46:09-05:00,PUR_IED_ClemenciaC_Quimic_44b5fc,PUR_IED_ClemenciaC_Quimic_44b5fc,,,,,
2026-09-12T17:46:09-05:00,PUR_IED_ColViva_1101_S25_7f520a,PUR_IED_ColViva_1101_S25_7f520a,,,,,
2026-09-12T17:46:09-05:00,PUR_IED_ColViva_1102_S16_f570ba,PUR_IED_ColViva_1102_S16_f570ba,,,,,
2026-09-12T17:46:09-05:00,PUR_IED_ColViva_Ext_1a26fa,PUR_IED_ColViva_Ext_1a26fa,,,,,
2026-09-12T17:46:09-05:00,PUR_IED_ColegioBici_Asist_7c8798,PUR_IED_ColegioBici_Asist_7c8798,,,,,
2026-09-12T17:46:09-05:00,PUR_IED_ColegioBici_Ext_25cbf6,PUR_IED_ColegioBici_Ext_25cbf6,,,,,
2026-09-12T17:46:09-05:00,PUR_IED_ColegioBici_LabQ_7b57db,PUR_IED_ColegioBici_LabQ_7b57db,,,,,
2026-09-12T17:46:09-05:00,PUR_IED_CostaRica_Ext_5e640,PUR_IED_CostaRica_Ext_5e640,,,,,
2026-09-12T17:46:09-05:00,PUR_IED_CostaRica_Quim1_766d1c,PUR_IED_CostaRica_Quim1_766d1c,,,,,
2026-09-12T17:46:09-05:00,PUR_IED_CostaRica__Fisica_6f0873,PUR_IED_CostaRica__Fisica_6f0873,,,,,
2026-09-12T17:46:09-05:00,PUR_IED_CulPopu_301A_f660f3,PUR_IED_CulPopu_301A_f660f3,,,,,
2026-09-12T17:46:09-05:00,PUR_IED_CulPopu_303_568afe,PUR_IED_CulPopu_303_568afe,,,,,
2026-09-12T17:46:09-05:00,PUR_IED_CulPopu_Ext_e02ccb,PUR_IED_CulPopu_Ext_e02ccb,,,,,
2026-09-12T17:46:09-05:00,PUR_IED_Cundinamarca_Ext_f15985,PUR_IED_Cundinamarca_Ext_f15985,,,,,
2026-09-12T17:46:09-05:00,PUR_IED_Cundinamarca_Info_7aa5d7,PUR_IED_Cundinamarca_Info_7aa5d7,,,,,
2026-09-12T17:46:09-05:00,PUR_IED_Cundinamarca_Tec2_f449c7,PUR_IED_Cundinamarca_Tec2_f449c7,,,,,
2026-09-12T17:46:09-05:00,PUR_IED_DiegoM_Aula1_27b314,PUR_IED_DiegoM_Aula1_27b314,,,,,
2026-09-12T17:46:09-05:00,PUR_IED_DiegoM_Ext_d80ac8,PUR_IED_DiegoM_Ext_d80ac8,,,,,
2026-09-12T17:46:09-05:00,PUR_IED_DiegoM_S25_da928f,PUR_IED_DiegoM_S25_da928f,,,,,
2026-09-12T17:46:09-05:00,PUR_IED_ELRODEO_360881,PUR_IED_ELRODEO_360881,,,,,
2026-09-12T17:46:09-05:00,PUR_IED_ELRODEO_ext_360881,PUR_IED_ELRODEO_ext_360881,,,,,
2026-09-12T17:46:09-05:00,PUR_IED_EduardoU_Ext_1c1969,PUR_IED_EduardoU_Ext_1c1969,,,,,
2026-09-12T17:46:09-05:00,PUR_IED_EduardoU_SCiencia_4dfb94,PUR_IED_EduardoU_SCiencia_4dfb94,,,,,
2026-09-12T17:46:09-05:00,PUR_IED_EduardoU_SQuimica_5a46e7,PUR_IED_EduardoU_SQuimica_5a46e7,,,,,
2026-09-12T17:46:09-05:00,PUR_IED_ElRodeo_Aula14_676984,PUR_IED_ElRodeo_Aula14_676984,,,,,
2026-09-12T17:46:09-05:00,PUR_IED_ElRodeo_Aula16_2dd35b,PUR_IED_ElRodeo_Aula16_2dd35b,,,,,
2026-09-12T17:46:09-05:00,PUR_IED_ElRodeo_Ext_360881,PUR_IED_ElRodeo_Ext_360881,,,,,
2026-09-12T17:46:09-05:00,PUR_IED_ElRodeo_Exterior_8c6d28,PUR_IED_ElRodeo_Exterior_8c6d28,,,,,
2026-09-12T17:46:09-05:00,PUR_IED_ElRodeo_ext_360881,PUR_IED_ElRodeo_ext_360881,,,,,
2026-09-12T17:46:09-05:00,PUR_IED_EmmaReyes_Ext_987625,PUR_IED_EmmaReyes_Ext_987625,3,22,51,4.6367,-74.1511
2026-09-12T17:46:09-05:00,PUR_IED_Ensueño_Ext_7f0250,PUR_IED_Ensueño_Ext_7f0250,,,,,
2026-09-12T17:46:09-05:00,PUR_IED_EscNormal_Ext_5fef3b,PUR_IED_EscNormal_Ext_5fef3b,2,20,57,4.5852,-74.096901
2026-09-12T17:46:09-05:00,PUR_IED_EscNormal_S309_5b263,PUR_IED_EscNormal_S309_5b263,,,,,
2026-09-12T17:46:09-05:00,PUR_IED_EscNormal_S310_27b3b8,PUR_IED_EscNormal_S310_27b3b8,,,,,
2026-09-12T17:46:09-05:00,PUR_IED_Evangelista_Conta_f6cd4f,PUR_IED_Evangelista_Conta_f6cd4f,,,,,
2026-09-12T17:46:09-05:00,PUR_IED_Evangelista_Cri_5e16a,PUR_IED_Evangelista_Cri_5e16a,,,,,
2026-09-12T17:46:09-05:00,PUR_IED_Evangelista_Exter_754066,PUR_IED_Evangelista_Exter_754066,,,,,
2026-09-12T17:46:09-05:00,PUR_IED_FMiranda_S209_5cc2a3,PUR_IED_FMiranda_S209_5cc2a3,,,,,
2026-09-12T17:46:09-05:00,PUR_IED_FMiranda_S303_19e344,PUR_IED_FMiranda_S303_19e344,,,,,
2026-09-12T17:46:09-05:00,PUR_IED_FMiranda_ext_f53e7c,PUR_IED_FMiranda_ext_f53e7c,,,,,
2026-09-12T17:46:09-05:00,PUR_IED_FabioLozano_Bibli_1cee05,PUR_IED_FabioLozano_Bibli_1cee05,,,,,
2026-09-12T17:46:09-05:00,PUR_IED_FabioLozano_Ext_6ea285,PUR_IED_FabioLozano_Ext_6ea285,,,,,
2026-09-12T17:46:09-05:00,PUR_IED_FabioLozano_SLudi_f09e1e,PUR_IED_FabioLozano_SLudi_f09e1e,,,,,
2026-09-12T17:46:09-05:00,PUR_IED_FaustinoS_Aula07_27a731,PUR_IED_FaustinoS_Aula07_27a731,,,,,
2026-09-12T17:46:09-05:00,PUR_IED_FaustinoS_Ext_7b936f,PUR_IED_FaustinoS_Ext_7b936f,,,,,
2026-09-12T17:46:09-05:00,PUR_IED_FaustinoS_Fisica_da2c60,PUR_IED_FaustinoS_Fisica_da2c60,,,,,
2026-09-12T17:46:09-05:00,PUR_IED_FeGarciaLo_Ext_dc68ee,PUR_IED_FeGarciaLo_Ext_dc68ee,,,,,
2026-09-12T17:46:09-05:00,PUR_IED_FeGarciaLo_SDanza_f70a59,PUR_IED_FeGarciaLo_SDanza_f70a59,,,,,
2026-09-12T17:46:09-05:00,PUR_IED_FeGarciaLo_SMusic_125cdd,PUR_IED_FeGarciaLo_SMusic_125cdd,,,,,
2026-09-12T17:46:09-05:00,PUR_IED_FederalAlema_Exte_50c345,PUR_IED_FederalAlema_Exte_50c345,,,,,
2026-09-12T17:46:09-05:00,PUR_IED_FederalAlema_S31_f18371,PUR_IED_FederalAlema_S31_f18371,,,,,
2026-09-12T17:46:09-05:00,PUR_IED_FederalAlema_S901_a62cd,PUR_IED_FederalAlema_S901_a62cd,,,,,
2026-09-12T17:46:09-05:00,PUR_IED_FilarmonicaS_A5_f35eb1,PUR_IED_FilarmonicaS_A5_f35eb1,,,,,
2026-09-12T17:46:09-05:00,PUR_IED_FilarmonicaS_Ext_8a3bde,PUR_IED_FilarmonicaS_Ext_8a3bde,,,,,
2026-09-12T17:46:09-05:00,PUR_IED_FilarmonicaS_Spol_406114,PUR_IED_FilarmonicaS_Spol_406114,,,,,
2026-09-12T17:46:09-05:00,PUR_IED_FlorentinoG_A13_d1fa59,PUR_IED_FlorentinoG_A13_d1fa59,,,,,
2026-09-12T17:46:09-05:00,PUR_IED_FlorentinoG_Ext_1ce6ce,PUR_IED_FlorentinoG_Ext_1ce6ce,,,,,
2026-09-12T17:46:09-05:00,PUR_IED_FlorentinoG_Idiom_a66aac,PUR_IED_FlorentinoG_Idiom_a66aac,,,,,
2026-09-12T17:46:09-05:00,PUR_IED_FranciscoMati_Ext_e3869d,PUR_IED_FranciscoMati_Ext_e3869d,,,,,
2026-09-12T17:46:09-05:00,PUR_IED_FranciscoMati_S13_f31c67,PUR_IED_FranciscoMati_S13_f31c67,,,,,
2026-09-12T17:46:09-05:00,PUR_IED_FranciscoMati_S14_97dead,PUR_IED_FranciscoMati_S14_97dead,,,,,
2026-09-12T17:46:09-05:00,PUR_IED_FranciscoPS_Ext_7bfa9a,PUR_IED_FranciscoPS_Ext_7bfa9a,2,21,58,4.5899,-74.110397
2026-09-12T17:46:09-05:00,PUR_IED_FranciscoPS_Infor_fb8f4c,PUR_IED_FranciscoPS_Infor_fb8f4c,,,,,
2026-09-12T17:46:09-05:00,PUR_IED_FranciscoPS_Quimi_94d39c,PUR_IED_FranciscoPS_Quimi_94d39c,,,,,
2026-09-12T17:46:09-05:00,PUR_IED_FranciscoP_LabQ_d7e148,PUR_IED_FranciscoP_LabQ_d7e148,,,,,
2026-09-12T17:46:09-05:00,PUR_IED_FranciscoP_S28_cf9b30,PUR_IED_FranciscoP_S28_cf9b30,,,,,
2026-09-12T17:46:09-05:00,PUR_IED_FranciscoP_ext_e2313,PUR_IED_FranciscoP_ext_e2313,,,,,
2026-09-12T17:46:09-05:00,PUR_IED_FriederichN_Ext_8ac92a,PUR_IED_FriederichN_Ext_8ac92a,,,,,
2026-09-12T17:46:09-05:00,PUR_IED_FriederichN_S301_dd7e5a,PUR_IED_FriederichN_S301_dd7e5a,,,,,
2026-09-12T17:46:09-05:00,PUR_IED_FriederichN_S308_761f4f,PUR_IED_FriederichN_S308_761f4f,,,,,
2026-09-12T17:46:09-05:00,PUR_IED_GSantander_Aula10_533dd7,PUR_IED_GSantander_Aula10_533dd7,,,,,
2026-09-12T17:46:09-05:00,PUR_IED_GSantander_Aula12_fd4e4f,PUR_IED_GSantander_Aula12_fd4e4f,,,,,
2026-09-12T17:46:09-05:00,PUR_IED_GSantander_Aula310_533dd7,PUR_IED_GSantander_Aula310_533dd7,,,,,
2026-09-12T17:46:09-05:00,PUR_IED_GSantander_Aula312_fd4e4f,PUR_IED_GSantander_Aula312_fd4e4f,,,,,
2026-09-12T17:46:09-05:00,PUR_IED_GSantander_Ext_5f66b0,PUR_IED_GSantander_Ext_5f66b0,,,,,
2026-09-12T17:46:09-05:00,PUR_IED_GYomasa_Ext_f6bea5,PUR_IED_GYomasa_Ext_f6bea5,,,,,
2026-09-12T17:46:09-05:00,PUR_IED_GYomasa_LBiol_2c41aa,PUR_IED_GYomasa_LBiol_2c41aa,,,,,
2026-09-12T17:46:09-05:00,PUR_IED_GYomasa_LQuim_33c80,PUR_IED_GYomasa_LQuim_33c80,,,,,
2026-09-12T17:46:09-05:00,PUR_IED_GabBetMejia_Cienc_5a99c,PUR_IED_GabBetMejia_Cienc_5a99c,,,,,
2026-09-12T17:46:09-05:00,PUR_IED_GabBetMejia_Ext_9153d0,PUR_IED_GabBetMejia_Ext_9153d0,,,,,
2026-09-12T17:46:09-05:00,PUR_IED_GabBetMejia_Lab_f55347,PUR_IED_GabBetMejia_Lab_f55347,,,,,
2026-09-12T17:46:09-05:00,PUR_IED_GabBetanMejia_Ext_9153d0,PUR_IED_GabBetanMejia_Ext_9153d0,,,,,
2026-09-12T17:46:09-05:00,PUR_IED_Gaitana_Aula13_7aac11,PUR_IED_Gaitana_Aula13_7aac11,,,,,
2026-09-12T17:46:09-05:00,PUR_IED_Gaitana_Ext_5fcf4,PUR_IED_Gaitana_Ext_5fcf4,,,,,
2026-09-12T17:46:09-05:00,PUR_IED_Gaitana_LabFisica_644448,PUR_IED_Gaitana_LabFisica_644448,,,,,
2026-09-12T17:46:09-05:00,PUR_IED_GenSantander_Dise_8ac858,PUR_IED_GenSantander_Dise_8ac858,,,,,
2026-09-12T17:46:09-05:00,PUR_IED_GenSantander_Ext_8d5dfe,PUR_IED_GenSantander_Ext_8d5dfe,,,,,
2026-09-12T17:46:09-05:00,PUR_IED_GenSantander_Info_6c25b,PUR_IED_GenSantander_Info_6c25b,,,,,
2026-09-12T17:46:09-05:00,PUR_IED_GustavoMo_Exterio_75e63d,PUR_IED_GustavoMo_Exterio_75e63d,,,,,
2026-09-12T17:46:09-05:00,PUR_IED_GustavoMo_LabFisi_224d37,PUR_IED_GustavoMo_LabFisi_224d37,,,,,
2026-09-12T17:46:09-05:00,PUR_IED_GustavoMo_S208_3e6918,PUR_IED_GustavoMo_S208_3e6918,,,,,
2026-09-12T17:46:09-05:00,PUR_IED_GustavoR_A02_8cd4a8,PUR_IED_GustavoR_A02_8cd4a8,,,,,
2026-09-12T17:46:09-05:00,PUR_IED_GustavoR_B11_5b0ed,PUR_IED_GustavoR_B11_5b0ed,,,,,
2026-09-12T17:46:09-05:00,PUR_IED_GustavoR_Ext_7a0c90,PUR_IED_GustavoR_Ext_7a0c90,,,,,
2026-09-12T17:46:09-05:00,PUR_IED_HernandoDuran_Ext_8cd82b,PUR_IED_HernandoDuran_Ext_8cd82b,,,,,
2026-09-12T17:46:09-05:00,PUR_IED_HernandoDuran_S24_2772c6,PUR_IED_HernandoDuran_S24_2772c6,,,,,
2026-09-12T17:46:09-05:00,PUR_IED_HernandoDuran_S30_f2de41,PUR_IED_HernandoDuran_S30_f2de41,,,,,
2026-09-12T17:46:09-05:00,PUR_IED_HolguInUr_S1101_8cd732,PUR_IED_HolguInUr_S1101_8cd732,,,,,
2026-09-12T17:46:09-05:00,PUR_IED_HolguinUr_Exter_ddae6d,PUR_IED_HolguinUr_Exter_ddae6d,,,,,
2026-09-12T17:46:09-05:00,PUR_IED_HolguinUr_LabQuim_92b952,PUR_IED_HolguinUr_LabQuim_92b952,,,,,
2026-09-12T17:46:09-05:00,PUR_IED_Isabel-II_Ext_5245cc,PUR_IED_Isabel-II_Ext_5245cc,3,19,58,4.6336,-74.153
2026-09-12T17:46:09-05:00,PUR_IED_Isabel-II_S_idiom_1c29aa,PUR_IED_Isabel-II_S_idiom_1c29aa,,,,,
2026-09-12T17:46:09-05:00,PUR_IED_Isabel-II_S_infor_fd741,PUR_IED_Isabel-II_S_infor_fd741,,,,,
2026-09-12T17:46:09-05:00,PUR_IED_IsidroSur_Exterio_5b90ea,PUR_IED_IsidroSur_Exterio_5b90ea,,,,,
2026-09-12T17:46:09-05:00,PUR_IED_IsidroSur_LabTec_56697a,PUR_IED_IsidroSur_LabTec_56697a,,,,,
2026-09-12T17:46:09-05:00,PUR_IED_IsidroSur_Robotic_b7c38f,PUR_IED_IsidroSur_Robotic_b7c38f,,,,,
2026-09-12T17:46:09-05:00,PUR_IED_IsmaelPerd_Ext_7b6672,PUR_IED_IsmaelPerd_Ext_7b6672,,,,,
2026-09-12T17:46:09-05:00,PUR_IED_IsmaelPerd_Inform_306540,PUR_IED_IsmaelPerd_Inform_306540,,,,,
2026-09-12T17:46:09-05:00,PUR_IED_IsmaelPerd_S30_2e2c83,PUR_IED_IsmaelPerd_S30_2e2c83,,,,,
2026-09-12T17:46:09-05:00,PUR_IED_JLozano_Exter_432910,PUR_IED_JLozano_Exter_432910,,,,,
2026-09-12T17:46:09-05:00,PUR_IED_JLozano_salaMulti_df5125,PUR_IED_JLozano_salaMulti_df5125,,,,,
2026-09-12T17:46:09-05:00,PUR_IED_JMCordoba_206_86f80b,PUR_IED_JMCordoba_206_86f80b,,,,,
2026-09-12T17:46:09-05:00,PUR_IED_JMCordoba_Ext_27ad97,PUR_IED_JMCordoba_Ext_27ad97,,,,,
2026-09-12T17:46:09-05:00,PUR_IED_JMCordoba_S310_d59ab4,PUR_IED_JMCordoba_S310_d59ab4,,,,,
2026-09-12T17:46:09-05:00,PUR_IED_Japon_Ext_549100,PUR_IED_Japon_Ext_549100,,,,,
2026-09-12T17:46:09-05:00,PUR_IED_Japon_Laboratorio_bec51d,PUR_IED_Japon_Laboratorio_bec51d,,,,,
2026-09-12T17:46:09-05:00,PUR_IED_Japon_informatica_d99327,PUR_IED_Japon_informatica_d99327,,,,,
2026-09-12T17:46:09-05:00,PUR_IED_Jazmin_Ext_d27bda,PUR_IED_Jazmin_Ext_d27bda,,,,,
2026-09-12T17:46:09-05:00,PUR_IED_Jazmin_Fisica_8d14d7,PUR_IED_Jazmin_Fisica_8d14d7,,,,,
2026-09-12T17:46:09-05:00,PUR_IED_Jazmin_Quimica_801cb5,PUR_IED_Jazmin_Quimica_801cb5,,,,,
2026-09-12T17:46:09-05:00,PUR_IED_JorgeGaitan_Exter_f098d1,PUR_IED_JorgeGaitan_Exter_f098d1,,,,,
2026-09-12T17:46:09-05:00,PUR_IED_JorgeGaitan_STec1_dc9d1d,PUR_IED_JorgeGaitan_STec1_dc9d1d,,,,,
2026-09-12T17:46:09-05:00,PUR_IED_JorgeGaitan_STec2_281e69,PUR_IED_JorgeGaitan_STec2_281e69,,,,,
2026-09-12T17:46:09-05:00,PUR_IED_JorgeSoto_Exterio_d9d0a2,PUR_IED_JorgeSoto_Exterio_d9d0a2,,,,,
2026-09-12T17:46:09-05:00,PUR_IED_JorgeSoto_LabFisi_209c54,PUR_IED_JorgeSoto_LabFisi_209c54,,,,,
2026-09-12T17:46:09-05:00,PUR_IED_JorgeSoto_S103_27b51a,PUR_IED_JorgeSoto_S103_27b51a,,,,,
2026-09-12T17:46:09-05:00,PUR_IED_JoseAcevedo_A02_e965eb,PUR_IED_JoseAcevedo_A02_e965eb,,,,,
2026-09-12T17:46:09-05:00,PUR_IED_JoseAcevedo_A07_dd5b4,PUR_IED_JoseAcevedo_A07_dd5b4,,,,,
2026-09-12T17:46:09-05:00,PUR_IED_JoseAcevedo_Ext_b47484,PUR_IED_JoseAcevedo_Ext_b47484,,,,,
2026-09-12T17:46:09-05:00,PUR_IED_JoseMarti_Exte_5b9bf,PUR_IED_JoseMarti_Exte_5b9bf,,,,,
2026-09-12T17:46:09-05:00,PUR_IED_JoseMarti_LabQuim_1c6c2d,PUR_IED_JoseMarti_LabQuim_1c6c2d,,,,,
2026-09-12T17:46:09-05:00,PUR_IED_JoseMarti_S_info_f5f177,PUR_IED_JoseMarti_S_info_f5f177,,,,,
2026-09-12T17:46:09-05:00,PUR_IED_Josejoaquin_Ext_dfc5dc,PUR_IED_Josejoaquin_Ext_dfc5dc,,,,,
2026-09-12T17:46:09-05:00,PUR_IED_Josejoaquin_S05_5b2a96,PUR_IED_Josejoaquin_S05_5b2a96,,,,,
2026-09-12T17:46:09-05:00,PUR_IED_Josejoaquin_S06_1ce7d2,PUR_IED_Josejoaquin_S06_1ce7d2,,,,,
2026-09-12T17:46:09-05:00,PUR_IED_JulioFlorez_Danza_9b82dd,PUR_IED_JulioFlorez_Danza_9b82dd,,,,,
2026-09-12T17:46:09-05:00,PUR_IED_JulioFlorez_Exter_f9f314,PUR_IED_JulioFlorez_Exter_f9f314,,,,,
2026-09-12T17:46:09-05:00,PUR_IED_JulioFlorez_info2_6b6e08,PUR_IED_JulioFlorez_info2_6b6e08,,,,,
2026-09-12T17:46:09-05:00,PUR_IED_LaBelleza_Aula13_1d00d8,PUR_IED_LaBelleza_Aula13_1d00d8,,,,,
2026-09-12T17:46:09-05:00,PUR_IED_LaBelleza_Ext_7bc08c,PUR_IED_LaBelleza_Ext_7bc08c,,,,,
2026-09-12T17:46:09-05:00,PUR_IED_LaChucua_Ext_8cd6d2,PUR_IED_LaChucua_Ext_8cd6d2,,,,,
2026-09-12T17:46:09-05:00,PUR_IED_LaChucua_S15_f578ce,PUR_IED_LaChucua_S15_f578ce,,,,,
2026-09-12T17:46:09-05:00,PUR_IED_LaChucua_S16_eebcf9,PUR_IED_LaChucua_S16_eebcf9,,,,,
2026-09-12T17:46:09-05:00,PUR_IED_LaFelicidad_Ext_fb5109,PUR_IED_LaFelicidad_Ext_fb5109,,,,,
2026-09-12T17:46:09-05:00,PUR_IED_LaMerced_206_66ebd,PUR_IED_LaMerced_206_66ebd,,,,,
2026-09-12T17:46:09-05:00,PUR_IED_LaMerced_207_6ebd6,PUR_IED_LaMerced_207_6ebd6,,,,,
2026-09-12T17:46:09-05:00,PUR_IED_LaMerced_ext_304311,PUR_IED_LaMerced_ext_304311,,,,,
2026-09-12T17:46:09-05:00,PUR_IED_Laureano_CiencNat_281e5e,PUR_IED_Laureano_CiencNat_281e5e,,,,,
2026-09-12T17:46:09-05:00,PUR_IED_Laureano_Comedor_f65c0a,PUR_IED_Laureano_Comedor_f65c0a,,,,,
2026-09-12T17:46:09-05:00,PUR_IED_Laureano_Exterior_7ab011,PUR_IED_Laureano_Exterior_7ab011,,,,,
2026-09-12T17:46:09-05:00,PUR_IED_LeonGreiff_Exte_dfe560,PUR_IED_LeonGreiff_Exte_dfe560,,,,,
2026-09-12T17:46:09-05:00,PUR_IED_LeonGreiff_S210_f264ed,PUR_IED_LeonGreiff_S210_f264ed,,,,,
2026-09-12T17:46:09-05:00,PUR_IED_LeonGreiff_SQuimi_e8296f,PUR_IED_LeonGreiff_SQuimi_e8296f,,,,,
2026-09-12T17:46:09-05:00,PUR_IED_LlanoOrientalS208_7b9fcd,PUR_IED_LlanoOrientalS208_7b9fcd,,,,,
2026-09-12T17:46:09-05:00,PUR_IED_LlanoOriental_Ext_fb3766,PUR_IED_LlanoOriental_Ext_fb3766,,,,,
2026-09-12T17:46:09-05:00,PUR_IED_LlanoOriental_S208_7b9fcd,PUR_IED_LlanoOriental_S208_7b9fcd,,,,,
2026-09-12T17:46:09-05:00,PUR_IED_LlanoOriental_S9_27b378,PUR_IED_LlanoOriental_S9_27b378,,,,,
2026-09-12T17:46:09-05:00,PUR_IED_LosTejares_1101_477602,PUR_IED_LosTejares_1101_477602,,,,,
2026-09-12T17:46:09-05:00,PUR_IED_LosTejares_11_d2c595,PUR_IED_LosTejares_11_d2c595,,,,,
2026-09-12T17:46:09-05:00,PUR_IED_LosTejares_12_477602,PUR_IED_LosTejares_12_477602,,,,,
2026-09-12T17:46:09-05:00,PUR_IED_LosTejares_Ext_8e2115,PUR_IED_LosTejares_Ext_8e2115,,,,,
2026-09-12T17:46:09-05:00,PUR_IED_MagdalenaO_B202_5ddda3,PUR_IED_MagdalenaO_B202_5ddda3,,,,,
2026-09-12T17:46:09-05:00,PUR_IED_MagdalenaO_B205_fb76e8,PUR_IED_MagdalenaO_B205_fb76e8,,,,,
2026-09-12T17:46:09-05:00,PUR_IED_MagdalenaO_ext_dc69cd,PUR_IED_MagdalenaO_ext_dc69cd,,,,,
2026-09-12T17:46:09-05:00,PUR_IED_ManueCepeda_artes_eee956,PUR_IED_ManueCepeda_artes_eee956,,,,,
2026-09-12T17:46:09-05:00,PUR_IED_ManuelCepeda_Ext_58313,PUR_IED_ManuelCepeda_Ext_58313,,,,,
2026-09-12T17:46:09-05:00,PUR_IED_ManuelCepeda_tec_1c5731,PUR_IED_ManuelCepeda_tec_1c5731,,,,,
2026-09-12T17:46:09-05:00,PUR_IED_ManuelS_Exterior_5b269,PUR_IED_ManuelS_Exterior_5b269,,,,,
2026-09-12T17:46:09-05:00,PUR_IED_ManuelS_Inform_f369ce,PUR_IED_ManuelS_Inform_f369ce,,,,,
2026-09-12T17:46:09-05:00,PUR_IED_ManuelS_SArtes_7d15f1,PUR_IED_ManuelS_SArtes_7d15f1,,,,,
2026-09-12T17:46:09-05:00,PUR_IED_ManuelZapata_303_3ca6,PUR_IED_ManuelZapata_303_3ca6,,,,,
2026-09-12T17:46:09-05:00,PUR_IED_ManuelZapata_311_bfbabc,PUR_IED_ManuelZapata_311_bfbabc,,,,,
2026-09-12T17:46:09-05:00,PUR_IED_ManuelZapata_Ext_50824a,PUR_IED_ManuelZapata_Ext_50824a,,,,,
2026-09-12T17:46:09-05:00,PUR_IED_ManuelitaS_Exteri_656a92,PUR_IED_ManuelitaS_Exteri_656a92,,,,,
2026-09-12T17:46:09-05:00,PUR_IED_ManuelitaS_JuzgDe_f58ec3,PUR_IED_ManuelitaS_JuzgDe_f58ec3,,,,,
2026-09-12T17:46:09-05:00,PUR_IED_ManuelitaS_Recrea_d793db,PUR_IED_ManuelitaS_Recrea_d793db,,,,,
2026-09-12T17:46:09-05:00,PUR_IED_MarFidSuarez_Ext_c27b19,PUR_IED_MarFidSuarez_Ext_c27b19,,,,,
2026-09-12T17:46:09-05:00,PUR_IED_MarFidSuarez_Info_e384d7,PUR_IED_MarFidSuarez_Info_e384d7,,,,,
2026-09-12T17:46:09-05:00,PUR_IED_MarFidSuarez_S306_1d0032,PUR_IED_MarFidSuarez_S306_1d0032,,,,,
2026-09-12T17:46:09-05:00,PUR_IED_Menorah_301_2a25a3,PUR_IED_Menorah_301_2a25a3,,,,,
2026-09-12T17:46:09-05:00,PUR_IED_Menorah_306_37ed3,PUR_IED_Menorah_306_37ed3,,,,,
2026-09-12T17:46:09-05:00,PUR_IED_Menorah_Ext_3e155b,PUR_IED_Menorah_Ext_3e155b,,,,,
2026-09-12T17:46:09-05:00,PUR_IED_MinutoB.Aires_A11_1b1604,PUR_IED_MinutoB.Aires_A11_1b1604,,,,,
2026-09-12T17:46:09-05:00,PUR_IED_MinutoB.Aires_A12_fb5860,PUR_IED_MinutoB.Aires_A12_fb5860,,,,,
2026-09-12T17:46:09-05:00,PUR_IED_MinutoB.Aires_Ext_81293f,PUR_IED_MinutoB.Aires_Ext_81293f,,,,,
2026-09-12T17:46:09-05:00,PUR_IED_MinutoBAires_A11_1b1604,PUR_IED_MinutoBAires_A11_1b1604,,,,,
2026-09-12T17:46:09-05:00,PUR_IED_MinutoBAires_A12_fb5860,PUR_IED_MinutoBAires_A12_fb5860,,,,,
2026-09-12T17:46:09-05:00,PUR_IED_MinutoBAires_Ext_81293f,PUR_IED_MinutoBAires_Ext_81293f,,,,,
2026-09-12T17:46:09-05:00,PUR_IED_Montreal_Aula10_1e4959,PUR_IED_Montreal_Aula10_1e4959,,,,,
2026-09-12T17:46:09-05:00,PUR_IED_Montreal_Aula6_300367,PUR_IED_Montreal_Aula6_300367,,,,,
2026-09-12T17:46:09-05:00,PUR_IED_Montreal_Exterior_91a179,PUR_IED_Montreal_Exterior_91a179,,,,,
2026-09-12T17:46:09-05:00,PUR_IED_Mqgdalena_B202_5ddda3,PUR_IED_Mqgdalena_B202_5ddda3,,,,,
2026-09-12T17:46:09-05:00,PUR_IED_NACUND_Soc_dc8728,PUR_IED_NACUND_Soc_dc8728,,,,,
2026-09-12T17:46:09-05:00,PUR_IED_NACUND_ext_27ad97,PUR_IED_NACUND_ext_27ad97,,,,,
2026-09-12T17:46:09-05:00,PUR_IED_NEsperanza_Ext_d24b61,PUR_IED_NEsperanza_Ext_d24b61,,,,,
2026-09-12T17:46:09-05:00,PUR_IED_NEsperanza_SElect_7d1807,PUR_IED_NEsperanza_SElect_7d1807,,,,,
2026-09-12T17:46:09-05:00,PUR_IED_NEsperanza_SLabor_8b2d0a,PUR_IED_NEsperanza_SLabor_8b2d0a,,,,,
2026-09-12T17:46:09-05:00,PUR_IED_NacionesU_Ext_f661a9,PUR_IED_NacionesU_Ext_f661a9,,,,,
2026-09-12T17:46:09-05:00,PUR_IED_NacionesU_Quimica_66f0a,PUR_IED_NacionesU_Quimica_66f0a,,,,,
2026-09-12T17:46:09-05:00,PUR_IED_NacionesU_S306_1b4b3d,PUR_IED_NacionesU_S306_1b4b3d,,,,,
2026-09-12T17:46:09-05:00,PUR_IED_NestorFA_Ext_e4201c,PUR_IED_NestorFA_Ext_e4201c,,,,,
2026-09-12T17:46:09-05:00,PUR_IED_NestorFA_Laborato_f22fe0,PUR_IED_NestorFA_Laborato_f22fe0,,,,,
2026-09-12T17:46:09-05:00,PUR_IED_NestorFA_S204_dee996,PUR_IED_NestorFA_S204_dee996,,,,,
2026-09-12T17:46:09-05:00,PUR_IED_NidyaQT_Aula03_76999b,PUR_IED_NidyaQT_Aula03_76999b,,,,,
2026-09-12T17:46:09-05:00,PUR_IED_NidyaQT_Aula10_56325,PUR_IED_NidyaQT_Aula10_56325,,,,,
2026-09-12T17:46:09-05:00,PUR_IED_NidyaQT_Ext_46e32d,PUR_IED_NidyaQT_Ext_46e32d,,,,,
2026-09-12T17:46:09-05:00,PUR_IED_NuevaCol_Exterior_d9b859,PUR_IED_NuevaCol_Exterior_d9b859,,,,,
2026-09-12T17:46:09-05:00,PUR_IED_NuevaCol_S1101_76c43b,PUR_IED_NuevaCol_S1101_76c43b,,,,,
2026-09-12T17:46:09-05:00,PUR_IED_NuevaCol_S1102_1ce0b5,PUR_IED_NuevaCol_S1102_1ce0b5,,,,,
2026-09-12T17:46:09-05:00,PUR_IED_OEA_A202_f7e3f2,PUR_IED_OEA_A202_f7e3f2,,,,,
2026-09-12T17:46:09-05:00,PUR_IED_OEA_A203_7d1b8d,PUR_IED_OEA_A203_7d1b8d,,,,,
2026-09-12T17:46:09-05:00,PUR_IED_OEA_Ext_27b593,PUR_IED_OEA_Ext_27b593,,,,,
2026-09-12T17:46:09-05:00,PUR_IED_Ochoa_Ext_1c29da,PUR_IED_Ochoa_Ext_1c29da,,,,,
2026-09-12T17:46:09-05:00,PUR_IED_Ochoa_S205_8b1121,PUR_IED_Ochoa_S205_8b1121,,,,,
2026-09-12T17:46:09-05:00,PUR_IED_Ochoa_Sistemas_f33af6,PUR_IED_Ochoa_Sistemas_f33af6,,,,,
2026-09-12T17:46:09-05:00,PUR_IED_PQuebec_Ext_1c67c7,PUR_IED_PQuebec_Ext_1c67c7,,,,,
2026-09-12T17:46:09-05:00,PUR_IED_PQuebec_S15_23e8e2,PUR_IED_PQuebec_S15_23e8e2,,,,,
2026-09-12T17:46:09-05:00,PUR_IED_PQuebec_S16_8ec76b,PUR_IED_PQuebec_S16_8ec76b,,,,,
2026-09-12T17:46:09-05:00,PUR_IED_PabloN_Ext_49dc96,PUR_IED_PabloN_Ext_49dc96,,,,,
2026-09-12T17:46:09-05:00,PUR_IED_PabloN_S1102_4e3df5,PUR_IED_PabloN_S1102_4e3df5,,,,,
2026-09-12T17:46:09-05:00,PUR_IED_PabloN_S1103_50c94b,PUR_IED_PabloN_S1103_50c94b,,,,,
2026-09-12T17:46:09-05:00,PUR_IED_Palestina_S1101_db9198,PUR_IED_Palestina_S1101_db9198,,,,,
2026-09-12T17:46:09-05:00,PUR_IED_Palestina_S1102_dc54fa,PUR_IED_Palestina_S1102_dc54fa,,,,,
2026-09-12T17:46:09-05:00,PUR_IED_Palestina_ext_4ccce6,PUR_IED_Palestina_ext_4ccce6,,,,,
2026-09-12T17:46:09-05:00,PUR_IED_Panama_Fisica_4d0794,PUR_IED_Panama_Fisica_4d0794,,,,,
2026-09-12T17:46:09-05:00,PUR_IED_Panama_SIngles_a4077e,PUR_IED_Panama_SIngles_a4077e,,,,,
2026-09-12T17:46:09-05:00,PUR_IED_Panama_ext_4c54b4,PUR_IED_Panama_ext_4c54b4,,,,,
2026-09-12T17:46:09-05:00,PUR_IED_ParaisoM_Exterior_8cd7f0,PUR_IED_ParaisoM_Exterior_8cd7f0,,,,,
2026-09-12T17:46:09-05:00,PUR_IED_ParaisoM_Laborato_27af35,PUR_IED_ParaisoM_Laborato_27af35,,,,,
2026-09-12T17:46:09-05:00,PUR_IED_ParaisoM_S304_d1edca,PUR_IED_ParaisoM_S304_d1edca,,,,,
2026-09-12T17:46:09-05:00,PUR_IED_PorfirioBarba_Ext_301466,PUR_IED_PorfirioBarba_Ext_301466,,,,,
2026-09-12T17:46:09-05:00,PUR_IED_PorfirioBarba_S11_df6cd2,PUR_IED_PorfirioBarba_S11_df6cd2,,,,,
2026-09-12T17:46:09-05:00,PUR_IED_PorfirioBarba_S29_27a7d6,PUR_IED_PorfirioBarba_S29_27a7d6,,,,,
2026-09-12T17:46:09-05:00,PUR_IED_PradoV_Exter_8b27ad,PUR_IED_PradoV_Exter_8b27ad,,,,,
2026-09-12T17:46:09-05:00,PUR_IED_PradoV_S301_de65b5,PUR_IED_PradoV_S301_de65b5,,,,,
2026-09-12T17:46:09-05:00,PUR_IED_PradoV_S302_7d2593,PUR_IED_PradoV_S302_7d2593,,,,,
2026-09-12T17:46:09-05:00,PUR_IED_QuirogaAlz_Ext_1ddc82,PUR_IED_QuirogaAlz_Ext_1ddc82,,,,,
2026-09-12T17:46:09-05:00,PUR_IED_QuirogaAlz_S302_9926a3,PUR_IED_QuirogaAlz_S302_9926a3,,,,,
2026-09-12T17:46:09-05:00,PUR_IED_QuirogaAlz_S305_cdf1f1,PUR_IED_QuirogaAlz_S305_cdf1f1,,,,,
2026-09-12T17:46:09-05:00,PUR_IED_RGuatemala_Biling_dc53b7,PUR_IED_RGuatemala_Biling_dc53b7,,,,,
2026-09-12T17:46:09-05:00,PUR_IED_RGuatemala_Ext_1b89a3,PUR_IED_RGuatemala_Ext_1b89a3,,,,,
2026-09-12T17:46:09-05:00,PUR_IED_RGuatemala_Tecnol_281a34,PUR_IED_RGuatemala_Tecnol_281a34,,,,,
2026-09-12T17:46:09-05:00,PUR_IED_RafaNu_Ext_f7c302,PUR_IED_RafaNu_Ext_f7c302,,,,,
2026-09-12T17:46:09-05:00,PUR_IED_RafaNu_S1101_25fde,PUR_IED_RafaNu_S1101_25fde,,,,,
2026-09-12T17:46:09-05:00,PUR_IED_RafaNu_S1102_281517,PUR_IED_RafaNu_S1102_281517,,,,,
2026-09-12T17:46:09-05:00,PUR_IED_RafaelB_S305_ee2783,PUR_IED_RafaelB_S305_ee2783,,,,,
2026-09-12T17:46:09-05:00,PUR_IED_RafaelB_S306_75fe33,PUR_IED_RafaelB_S306_75fe33,,,,,
2026-09-12T17:46:09-05:00,PUR_IED_RafaelB_ext_283336,PUR_IED_RafaelB_ext_283336,2,20,59,4.6722,-74.0737
2026-09-12T17:46:09-05:00,PUR_IED_RafaelUU_Exterior_281a51,PUR_IED_RafaelUU_Exterior_281a51,,,,,
2026-09-12T17:46:09-05:00,PUR_IED_RafaelUU_Human_806b2,PUR_IED_RafaelUU_Human_806b2,,,,,
2026-09-12T17:46:09-05:00,PUR_IED_RafaelUU_Mate2_5680d4,PUR_IED_RafaelUU_Mate2_5680d4,,,,,
2026-09-12T17:46:09-05:00,PUR_IED_RamonSub_Ext_f9eeb9,PUR_IED_RamonSub_Ext_f9eeb9,,,,,
2026-09-12T17:46:09-05:00,PUR_IED_RamonSub_Media_d1f62f,PUR_IED_RamonSub_Media_d1f62f,,,,,
2026-09-12T17:46:09-05:00,PUR_IED_RamonSub_planta_51b82,PUR_IED_RamonSub_planta_51b82,,,,,
2026-09-12T17:46:09-05:00,PUR_IED_RepBoliVene_Exter_27af7c,PUR_IED_RepBoliVene_Exter_27af7c,,,,,
2026-09-12T17:46:09-05:00,PUR_IED_RepBoliVene_SCPT_5ae2ee,PUR_IED_RepBoliVene_SCPT_5ae2ee,,,,,
2026-09-12T17:46:09-05:00,PUR_IED_RepBoliVene_Socia_4b11d5,PUR_IED_RepBoliVene_Socia_4b11d5,,,,,
2026-09-12T17:46:09-05:00,PUR_IED_RepChina_Ext_76d9ee,PUR_IED_RepChina_Ext_76d9ee,,,,,
2026-09-12T17:46:09-05:00,PUR_IED_RepChina_S404_7c804c,PUR_IED_RepChina_S404_7c804c,,,,,
2026-09-12T17:46:09-05:00,PUR_IED_RepChina_S405_df2c33,PUR_IED_RepChina_S405_df2c33,,,,,
2026-09-12T17:46:09-05:00,PUR_IED_RepublicaC_Exteri_7d1ec9,PUR_IED_RepublicaC_Exteri_7d1ec9,,,,,
2026-09-12T17:46:09-05:00,PUR_IED_RepublicaC_S1101_f544b3,PUR_IED_RepublicaC_S1101_f544b3,,,,,
2026-09-12T17:46:09-05:00,PUR_IED_RepublicaC_S1102_7aafc7,PUR_IED_RepublicaC_S1102_7aafc7,,,,,
2026-09-12T17:46:09-05:00,PUR_IED_Ricaurte_Externo_a0ea1,PUR_IED_Ricaurte_Externo_a0ea1,,,,,
2026-09-12T17:46:09-05:00,PUR_IED_Ricaurte_S210_f546fd,PUR_IED_Ricaurte_S210_f546fd,,,,,
2026-09-12T17:46:09-05:00,PUR_IED_Ricaurte_S309_d4452,PUR_IED_Ricaurte_S309_d4452,,,,,
2026-09-12T17:46:09-05:00,PUR_IED_RogelioS_1102_531e69,PUR_IED_RogelioS_1102_531e69,,,,,
2026-09-12T17:46:09-05:00,PUR_IED_RogelioS_Ext_f25a18,PUR_IED_RogelioS_Ext_f25a18,,,,,
2026-09-12T17:46:09-05:00,PUR_IED_SBernardino_Ext_27aff8,PUR_IED_SBernardino_Ext_27aff8,,,,,
2026-09-12T17:46:09-05:00,PUR_IED_SBernardino_SArte_2ffd33,PUR_IED_SBernardino_SArte_2ffd33,,,,,
2026-09-12T17:46:09-05:00,PUR_IED_SBernardino_SIngl_7c7da5,PUR_IED_SBernardino_SIngl_7c7da5,,,,,
2026-09-12T17:46:09-05:00,PUR_IED_Sago_auditorio_dc9d1d,PUR_IED_Sago_auditorio_dc9d1d,,,,,
2026-09-12T17:46:09-05:00,PUR_IED_Saludcoop_Ext_95aac3,PUR_IED_Saludcoop_Ext_95aac3,,,,,
2026-09-12T17:46:09-05:00,PUR_IED_Saludcoop_InfI_90c854,PUR_IED_Saludcoop_InfI_90c854,,,,,
2026-09-12T17:46:09-05:00,PUR_IED_Saludcoop_SMedia_1b93be,PUR_IED_Saludcoop_SMedia_1b93be,,,,,
2026-09-12T17:46:09-05:00,PUR_IED_SanCarlos_1101_1a2360,PUR_IED_SanCarlos_1101_1a2360,,,,,
2026-09-12T17:46:09-05:00,PUR_IED_SanCarlos_1103_7bafb5,PUR_IED_SanCarlos_1103_7bafb5,,,,,
2026-09-12T17:46:09-05:00,PUR_IED_SanCarlos_Ext_b7cd1,PUR_IED_SanCarlos_Ext_b7cd1,,,,,
2026-09-12T17:46:09-05:00,PUR_IED_SanIgnacioBosa11a_50c26e,PUR_IED_SanIgnacioBosa11a_50c26e,,,,,
2026-09-12T17:46:09-05:00,PUR_IED_SanIgnacioBosa11b_371de8,PUR_IED_SanIgnacioBosa11b_371de8,,,,,
2026-09-12T17:46:09-05:00,PUR_IED_SanIgnacioBosaExt_ef0ffc,PUR_IED_SanIgnacioBosaExt_ef0ffc,,,,,
2026-09-12T17:46:09-05:00,PUR_IED_SanIgnacioBosa_11a_50c26e,PUR_IED_SanIgnacioBosa_11a_50c26e,,,,,
2026-09-12T17:46:09-05:00,PUR_IED_SanIgnacioBosa_Ext_ef0ffc,PUR_IED_SanIgnacioBosa_Ext_ef0ffc,,,,,
2026-09-12T17:46:09-05:00,PUR_IED_SanJoseN_intS1101_31c47f,PUR_IED_SanJoseN_intS1101_31c47f,,,,,
2026-09-12T17:46:09-05:00,PUR_IED_SanJoseUsm_Exter_f5d7e8,PUR_IED_SanJoseUsm_Exter_f5d7e8,,,,,
2026-09-12T17:46:09-05:00,PUR_IED_SanJoseUsm_Int11A_cfdef6,PUR_IED_SanJoseUsm_Int11A_cfdef6,,,,,
2026-09-12T17:46:09-05:00,PUR_IED_SilveriaR_IntB5_905349,PUR_IED_SilveriaR_IntB5_905349,,,,,
2026-09-12T17:46:09-05:00,PUR_IED_SilveriaR_IntSD14_981f93,PUR_IED_SilveriaR_IntSD14_981f93,,,,,
2026-09-12T17:46:09-05:00,PUR_IED_SilveriaR_ext_2b651d,PUR_IED_SilveriaR_ext_2b651d,,,,,
2026-09-12T17:46:09-05:00,PUR_IED_SimonB_Exterior_913975,PUR_IED_SimonB_Exterior_913975,,,,,
2026-09-12T17:46:09-05:00,PUR_IED_SimonB_LabQuimi_c56908,PUR_IED_SimonB_LabQuimi_c56908,,,,,
2026-09-12T17:46:09-05:00,PUR_IED_SimonB_informatic_a28c1,PUR_IED_SimonB_informatic_a28c1,,,,,
2026-09-12T17:46:09-05:00,PUR_IED_Sorrento_1102_315f50,PUR_IED_Sorrento_1102_315f50,,,,,
2026-09-12T17:46:09-05:00,PUR_IED_Sorrento_Minte_214eab,PUR_IED_Sorrento_Minte_214eab,,,,,
2026-09-12T17:46:09-05:00,PUR_IED_Sorrento_ext_7c3a0a,PUR_IED_Sorrento_ext_7c3a0a,,,,,
2026-09-12T17:46:09-05:00,PUR_IED_Tabora_Ext_f048ae,PUR_IED_Tabora_Ext_f048ae,,,,,
2026-09-12T17:46:09-05:00,PUR_IED_Tabora_S1102_b07752,PUR_IED_Tabora_S1102_b07752,,,,,
2026-09-12T17:46:09-05:00,PUR_IED_Tabora_S1103_d988f5,PUR_IED_Tabora_S1103_d988f5,,,,,
2026-09-12T17:46:09-05:00,PUR_IED_Tenerife_Ext_1ab188,PUR_IED_Tenerife_Ext_1ab188,,,,,
2026-09-12T17:46:09-05:00,PUR_IED_Tenerife_SDanzas_7bc02e,PUR_IED_Tenerife_SDanzas_7bc02e,,,,,
2026-09-12T17:46:09-05:00,PUR_IED_Tenerife_SIngles_7cc277,PUR_IED_Tenerife_SIngles_7cc277,,,,,
2026-09-12T17:46:09-05:00,PUR_IED_Tibabuyes_Exter_f2683d,PUR_IED_Tibabuyes_Exter_f2683d,,,,,
2026-09-12T17:46:09-05:00,PUR_IED_Tibabuyes_S10_dc87a8,PUR_IED_Tibabuyes_S10_dc87a8,,,,,
2026-09-12T17:46:09-05:00,PUR_IED_Tibabuyes_S15_dc0526,PUR_IED_Tibabuyes_S15_dc0526,,,,,
2026-09-12T17:46:09-05:00,PUR_IED_UnionE_S301_a1043,PUR_IED_UnionE_S301_a1043,,,,,
2026-09-12T17:46:09-05:00,PUR_IED_UnionE_S307_ff6c2f,PUR_IED_UnionE_S307_ff6c2f,,,,,
2026-09-12T17:46:09-05:00,PUR_IED_UnionE__Ext_5e2468,PUR_IED_UnionE__Ext_5e2468,,,,,
2026-09-12T17:46:09-05:00,PUR_IED_VillaRica_Ext_75be7c,PUR_IED_VillaRica_Ext_75be7c,,,,,
2026-09-12T17:46:09-05:00,PUR_IED_VillaRica_S4_cc5dcd,PUR_IED_VillaRica_S4_cc5dcd,,,,,
2026-09-12T17:46:09-05:00,PUR_IED_VillaRica_Sesp_99f5c,PUR_IED_VillaRica_Sesp_99f5c,,,,,
2026-09-12T17:51:10-05:00,PUR_IED_20deJulio_1101_91b1b9,PUR_IED_20deJulio_1101_91b1b9,,,,,
2026-09-12T17:51:10-05:00,PUR_IED_20deJulio_1102_1cfcf9,PUR_IED_20deJulio_1102_1cfcf9,,,,,
2026-09-12T17:51:10-05:00,PUR_IED_20deJulio_Ext_ab60bd,PUR_IED_20deJulio_Ext_ab60bd,,,,,
2026-09-12T17:51:10-05:00,PUR_IED_AgustinFer_Ext_7b9b77,PUR_IED_AgustinFer_Ext_7b9b77,,,,,
2026-09-12T17:51:10-05:00,PUR_IED_AgustinFer_Info2_27b3a7,PUR_IED_AgustinFer_Info2_27b3a7,,,,,
2026-09-12T17:51:10-05:00,PUR_IED_AgustinFer_Sena_54b4eb,PUR_IED_AgustinFer_Sena_54b4eb,,,,,
2026-09-12T17:51:10-05:00,PUR_IED_AlexanderF_1102_caf07b,PUR_IED_AlexanderF_1102_caf07b,,,,,
2026-09-12T17:51:10-05:00,PUR_IED_AlexanderF_1103_c79e71,PUR_IED_AlexanderF_1103_c79e71,,,,,
2026-09-12T17:51:10-05:00,PUR_IED_AlexanderF_Ext_c5b18b,PUR_IED_AlexanderF_Ext_c5b18b,,,,,
2026-09-12T17:51:10-05:00,PUR_IED_AlfonsoLopez_Ext_281d77,PUR_IED_AlfonsoLopez_Ext_281d77,,,,,
2026-09-12T17:51:10-05:00,PUR_IED_AlfonsoLopez_LabF_888ce0,PUR_IED_AlfonsoLopez_LabF_888ce0,,,,,
2026-09-12T17:51:10-05:00,PUR_IED_AlfonsoLopez_SMed_df6a7f,PUR_IED_AlfonsoLopez_SMed_df6a7f,,,,,
2026-09-12T17:51:10-05:00,PUR_IED_AltamiraSO_A2_209f92,PUR_IED_AltamiraSO_A2_209f92,,,,,
2026-09-12T17:51:10-05:00,PUR_IED_AltamiraSO_Ext_186d66,PUR_IED_AltamiraSO_Ext_186d66,,,,,
2026-09-12T17:51:10-05:00,PUR_IED_AltamiraSO_Sistem_27afe1,PUR_IED_AltamiraSO_Sistem_27afe1,,,,,
2026-09-12T17:51:10-05:00,PUR_IED_AlvaroGom_LabQuim_813179,PUR_IED_AlvaroGom_LabQuim_813179,,,,,
2026-09-12T17:51:10-05:00,PUR_IED_AlvaroGomez_Ext_47c7ca,PUR_IED_AlvaroGomez_Ext_47c7ca,,,,,
2026-09-12T17:51:10-05:00,PUR_IED_AlvaroGomez_LabQuim_813179,PUR_IED_AlvaroGomez_LabQuim_813179,,,,,
2026-09-12T17:51:10-05:00,PUR_IED_AlvaroGomez_S23_7ba89f,PUR_IED_AlvaroGomez_S23_7ba89f,,,,,
2026-09-12T17:51:10-05:00,PUR_IED_Amistad_306_dc8728,PUR_IED_Amistad_306_dc8728,,,,,
2026-09-12T17:51:10-05:00,PUR_IED_Amistad_Ext_8cd55e,PUR_IED_Amistad_Ext_8cd55e,,,,,
2026-09-12T17:51:10-05:00,PUR_IED_Amistad_S202_a41169,PUR_IED_Amistad_S202_a41169,,,,,
2026-09-12T17:51:10-05:00,PUR_IED_AndresBello_Bio_fd5f5e,PUR_IED_AndresBello_Bio_fd5f5e,,,,,
2026-09-12T17:51:10-05:00,PUR_IED_AndresBello_ext_dcad65,PUR_IED_AndresBello_ext_dcad65,,,,,
2026-09-12T17:51:10-05:00,PUR_IED_AndresBello_port_eed3ec,PUR_IED_AndresBello_port_eed3ec,,,,,
2026-09-12T17:51:10-05:00,PUR_IED_AngelaR_11b_d90a6b,PUR_IED_AngelaR_11b_d90a6b,,,,,
2026-09-12T17:51:10-05:00,PUR_IED_AngelaR_ext_7cad3e,PUR_IED_AngelaR_ext_7cad3e,4,20,63,4.5825,-74.164497
2026-09-12T17:51:10-05:00,PUR_IED_AntJoseSucre_10mo_df2575,PUR_IED_AntJoseSucre_10mo_df2575,,,,,
2026-09-12T17:51:10-05:00,PUR_IED_AntJoseSucre_Ext_215b36,PUR_IED_AntJoseSucre_Ext_215b36,,,,,
2026-09-12T17:51:10-05:00,PUR_IED_AntJoseSucre_Lab_3139de,PUR_IED_AntJoseSucre_Lab_3139de,,,,,
2026-09-12T17:51:10-05:00,PUR_IED_AntonioGarcia_301_d6b188,PUR_IED_AntonioGarcia_301_d6b188,,,,,
2026-09-12T17:51:10-05:00,PUR_IED_AntonioGarcia_302_88a82,PUR_IED_AntonioGarcia_302_88a82,,,,,
2026-09-12T17:51:10-05:00,PUR_IED_AntonioGarcia_Ext_20950c,PUR_IED_AntonioGarcia_Ext_20950c,,,,,
2026-09-12T17:51:10-05:00,PUR_IED_AntonioVan_Aula2_6dea02,PUR_IED_AntonioVan_Aula2_6dea02,,,,,
2026-09-12T17:51:10-05:00,PUR_IED_AntonioVan_Aula5_f1557e,PUR_IED_AntonioVan_Aula5_f1557e,,,,,
2026-09-12T17:51:10-05:00,PUR_IED_AntonioVan_Ext_406f2f,PUR_IED_AntonioVan_Ext_406f2f,,,,,
2026-09-12T17:51:10-05:00,PUR_IED_Atabanzha_Ext_cc5af9,PUR_IED_Atabanzha_Ext_cc5af9,,,,,
2026-09-12T17:51:10-05:00,PUR_IED_Atabanzha_SA101_56c37,PUR_IED_Atabanzha_SA101_56c37,,,,,
2026-09-12T17:51:10-05:00,PUR_IED_Atabanzha_SB302_27b374,PUR_IED_Atabanzha_SB302_27b374,,,,,
2026-09-12T17:51:10-05:00,PUR_IED_Atahualpa_Ext_fc1748,PUR_IED_Atahualpa_Ext_fc1748,,,,,
2026-09-12T17:51:10-05:00,PUR_IED_Atahualpa_Informa_dc9a95,PUR_IED_Atahualpa_Informa_dc9a95,,,,,
2026-09-12T17:51:10-05:00,PUR_IED_Atahualpa_S1101_f98056,PUR_IED_Atahualpa_S1101_f98056,,,,,
2026-09-12T17:51:10-05:00,PUR_IED_Bellavista_Ext_f5aa74,PUR_IED_Bellavista_Ext_f5aa74,,,,,
2026-09-12T17:51:10-05:00,PUR_IED_Bilbao_11A_916c41,PUR_IED_Bilbao_11A_916c41,,,,,
2026-09-12T17:51:10-05:00,PUR_IED_Bilbao_Ext_fb579a,PUR_IED_Bilbao_Ext_fb579a,,,,,
2026-09-12T17:51:10-05:00,PUR_IED_BrasiliaU_A125_304280,PUR_IED_BrasiliaU_A125_304280,,,,,
2026-09-12T17:51:10-05:00,PUR_IED_BrasiliaU_A203_7c8ca5,PUR_IED_BrasiliaU_A203_7c8ca5,,,,,
2026-09-12T17:51:10-05:00,PUR_IED_BrasiliaU_Ext_8d6e9f,PUR_IED_BrasiliaU_Ext_8d6e9f,8,19,59,4.5175,-74.116302
2026-09-12T17:51:10-05:00,PUR_IED_Brasilia_Ext_fe6593,PUR_IED_Brasilia_Ext_fe6593,,,,,
2026-09-12T17:51:10-05:00,PUR_IED_Brasilia_S24_7c130d,PUR_IED_Brasilia_S24_7c130d,,,,,
2026-09-12T17:51:10-05:00,PUR_IED_Brasilia_S501_186a54,PUR_IED_Brasilia_S501_186a54,,,,,
2026-09-12T17:51:10-05:00,PUR_IED_CHARRY_EXT_f1d5cd,PUR_IED_CHARRY_EXT_f1d5cd,,,,,
2026-09-12T17:51:10-05:00,PUR_IED_CHARRY_INTDANZAS_7a08e6,PUR_IED_CHARRY_INTDANZAS_7a08e6,,,,,
2026-09-12T17:51:10-05:00,PUR_IED_CHARRY_INT_AULA20_dc998d,PUR_IED_CHARRY_INT_AULA20_dc998d,,,,,
2026-09-12T17:51:10-05:00,PUR_IED_COLVIV_1101_S25_7f520a,PUR_IED_COLVIV_1101_S25_7f520a,,,,,
2026-09-12T17:51:10-05:00,PUR_IED_COLVIV_1102_S16_f570ba,PUR_IED_COLVIV_1102_S16_f570ba,,,,,
2026-09-12T17:51:10-05:00,PUR_IED_COLVIV_Ext_1a26fa,PUR_IED_COLVIV_Ext_1a26fa,,,,,
2026-09-12T17:51:10-05:00,PUR_IED_CULPOP_301A_f660f3,PUR_IED_CULPOP_301A_f660f3,,,,,
2026-09-12T17:51:10-05:00,PUR_IED_CULPOP_303_568afe,PUR_IED_CULPOP_303_568afe,,,,,
2026-09-12T17:51:10-05:00,PUR_IED_CULPOP_Ext_e02ccb,PUR_IED_CULPOP_Ext_e02ccb,,,,,
2026-09-12T17:51:10-05:00,PUR_IED_CVillavicen_Ext_26eb58,PUR_IED_CVillavicen_Ext_26eb58,5,16,77,4.487,-74.102798
2026-09-12T17:51:10-05:00,PUR_IED_CVillavicen_Intel_1ce5c2,PUR_IED_CVillavicen_Intel_1ce5c2,,,,,
2026-09-12T17:51:10-05:00,PUR_IED_CVillavicen_Poliv_e0766c,PUR_IED_CVillavicen_Poliv_e0766c,,,,,
2026-09-12T17:51:10-05:00,PUR_IED_CVillavicen_int_1ba140,PUR_IED_CVillavicen_int_1ba140,,,,,
2026-09-12T17:51:10-05:00,PUR_IED_CVillavicen_intel_1ba140,PUR_IED_CVillavicen_intel_1ba140,,,,,
2026-09-12T17:51:10-05:00,PUR_IED_CarlosPizarro_Ext_e307cc,PUR_IED_CarlosPizarro_Ext_e307cc,,,,,
2026-09-12T17:51:10-05:00,PUR_IED_CarlosPizarro_L36_7e5cdb,PUR_IED_CarlosPizarro_L36_7e5cdb,,,,,
2026-09-12T17:51:10-05:00,PUR_IED_CarlosPizarro_L37_c8566c,PUR_IED_CarlosPizarro_L37_c8566c,,,,,
2026-09-12T17:51:10-05:00,PUR_IED_Castilla_Ext_cf35f,PUR_IED_Castilla_Ext_cf35f,,,,,
2026-09-12T17:51:10-05:00,PUR_IED_Castilla_SFisik_360e38,PUR_IED_Castilla_SFisik_360e38,,,,,
2026-09-12T17:51:10-05:00,PUR_IED_Castilla_Sc304_496fbf,PUR_IED_Castilla_Sc304_496fbf,,,,,
2026-09-12T17:51:10-05:00,PUR_IED_CervantesSa_Ext_6b57b,PUR_IED_CervantesSa_Ext_6b57b,4,19,67,4.5128,-74.117203
2026-09-12T17:51:10-05:00,PUR_IED_CervantesSa_S107_225c2b,PUR_IED_CervantesSa_S107_225c2b,,,,,
2026-09-12T17:51:10-05:00,PUR_IED_CervantesSa_S108_940925,PUR_IED_CervantesSa_S108_940925,,,,,
2026-09-12T17:51:10-05:00,PUR_IED_Charry_A20_f53e7c,PUR_IED_Charry_A20_f53e7c,,,,,
2026-09-12T17:51:10-05:00,PUR_IED_Charry_Ext_f1d5cd,PUR_IED_Charry_Ext_f1d5cd,,,,,
2026-09-12T17:51:10-05:00,PUR_IED_Charry_IntAula20_dc998d,PUR_IED_Charry_IntAula20_dc998d,,,,,
2026-09-12T17:51:10-05:00,PUR_IED_Charry_IntDanzas_7a08e6,PUR_IED_Charry_IntDanzas_7a08e6,,,,,
2026-09-12T17:51:10-05:00,PUR_IED_ClememciaC_203_43e2fc,PUR_IED_ClememciaC_203_43e2fc,,,,,
2026-09-12T17:51:10-05:00,PUR_IED_ClememciaC_Ext_1b411a,PUR_IED_ClememciaC_Ext_1b411a,,,,,
2026-09-12T17:51:10-05:00,PUR_IED_ClememciaC_Quimic_44b5fc,PUR_IED_ClememciaC_Quimic_44b5fc,,,,,
2026-09-12T17:51:10-05:00,PUR_IED_ClemenciaC_203_43e2fc,PUR_IED_ClemenciaC_203_43e2fc,,,,,
2026-09-12T17:51:10-05:00,PUR_IED_ClemenciaC_Ext_1b411a,PUR_IED_ClemenciaC_Ext_1b411a,,,,,
2026-09-12T17:51:10-05:00,PUR_IED_ClemenciaC_Quimic_44b5fc,PUR_IED_ClemenciaC_Quimic_44b5fc,,,,,
2026-09-12T17:51:10-05:00,PUR_IED_ColViva_1101_S25_7f520a,PUR_IED_ColViva_1101_S25_7f520a,,,,,
2026-09-12T17:51:10-05:00,PUR_IED_ColViva_1102_S16_f570ba,PUR_IED_ColViva_1102_S16_f570ba,,,,,
2026-09-12T17:51:10-05:00,PUR_IED_ColViva_Ext_1a26fa,PUR_IED_ColViva_Ext_1a26fa,,,,,
2026-09-12T17:51:10-05:00,PUR_IED_ColegioBici_Asist_7c8798,PUR_IED_ColegioBici_Asist_7c8798,,,,,
2026-09-12T17:51:10-05:00,PUR_IED_ColegioBici_Ext_25cbf6,PUR_IED_ColegioBici_Ext_25cbf6,,,,,
2026-09-12T17:51:10-05:00,PUR_IED_ColegioBici_LabQ_7b57db,PUR_IED_ColegioBici_LabQ_7b57db,,,,,
2026-09-12T17:51:10-05:00,PUR_IED_CostaRica_Ext_5e640,PUR_IED_CostaRica_Ext_5e640,,,,,
2026-09-12T17:51:10-05:00,PUR_IED_CostaRica_Quim1_766d1c,PUR_IED_CostaRica_Quim1_766d1c,,,,,
2026-09-12T17:51:10-05:00,PUR_IED_CostaRica__Fisica_6f0873,PUR_IED_CostaRica__Fisica_6f0873,,,,,
2026-09-12T17:51:10-05:00,PUR_IED_CulPopu_301A_f660f3,PUR_IED_CulPopu_301A_f660f3,,,,,
2026-09-12T17:51:10-05:00,PUR_IED_CulPopu_303_568afe,PUR_IED_CulPopu_303_568afe,,,,,
2026-09-12T17:51:10-05:00,PUR_IED_CulPopu_Ext_e02ccb,PUR_IED_CulPopu_Ext_e02ccb,,,,,
2026-09-12T17:51:10-05:00,PUR_IED_Cundinamarca_Ext_f15985,PUR_IED_Cundinamarca_Ext_f15985,,,,,
2026-09-12T17:51:10-05:00,PUR_IED_Cundinamarca_Info_7aa5d7,PUR_IED_Cundinamarca_Info_7aa5d7,,,,,
2026-09-12T17:51:10-05:00,PUR_IED_Cundinamarca_Tec2_f449c7,PUR_IED_Cundinamarca_Tec2_f449c7,,,,,
2026-09-12T17:51:10-05:00,PUR_IED_DiegoM_Aula1_27b314,PUR_IED_DiegoM_Aula1_27b314,,,,,
2026-09-12T17:51:10-05:00,PUR_IED_DiegoM_Ext_d80ac8,PUR_IED_DiegoM_Ext_d80ac8,,,,,
2026-09-12T17:51:10-05:00,PUR_IED_DiegoM_S25_da928f,PUR_IED_DiegoM_S25_da928f,,,,,
2026-09-12T17:51:10-05:00,PUR_IED_ELRODEO_360881,PUR_IED_ELRODEO_360881,,,,,
2026-09-12T17:51:10-05:00,PUR_IED_ELRODEO_ext_360881,PUR_IED_ELRODEO_ext_360881,,,,,
2026-09-12T17:51:10-05:00,PUR_IED_EduardoU_Ext_1c1969,PUR_IED_EduardoU_Ext_1c1969,,,,,
2026-09-12T17:51:10-05:00,PUR_IED_EduardoU_SCiencia_4dfb94,PUR_IED_EduardoU_SCiencia_4dfb94,,,,,
2026-09-12T17:51:10-05:00,PUR_IED_EduardoU_SQuimica_5a46e7,PUR_IED_EduardoU_SQuimica_5a46e7,,,,,
2026-09-12T17:51:10-05:00,PUR_IED_ElRodeo_Aula14_676984,PUR_IED_ElRodeo_Aula14_676984,,,,,
2026-09-12T17:51:10-05:00,PUR_IED_ElRodeo_Aula16_2dd35b,PUR_IED_ElRodeo_Aula16_2dd35b,,,,,
2026-09-12T17:51:10-05:00,PUR_IED_ElRodeo_Ext_360881,PUR_IED_ElRodeo_Ext_360881,,,,,
2026-09-12T17:51:10-05:00,PUR_IED_ElRodeo_Exterior_8c6d28,PUR_IED_ElRodeo_Exterior_8c6d28,,,,,
2026-09-12T17:51:10-05:00,PUR_IED_ElRodeo_ext_360881,PUR_IED_ElRodeo_ext_360881,,,,,
2026-09-12T17:51:10-05:00,PUR_IED_EmmaReyes_Ext_987625,PUR_IED_EmmaReyes_Ext_987625,3,21,51,4.6367,-74.1511
2026-09-12T17:51:10-05:00,PUR_IED_Ensueño_Ext_7f0250,PUR_IED_Ensueño_Ext_7f0250,,,,,
2026-09-12T17:51:10-05:00,PUR_IED_EscNormal_Ext_5fef3b,PUR_IED_EscNormal_Ext_5fef3b,2,20,57,4.5852,-74.096901
2026-09-12T17:51:10-05:00,PUR_IED_EscNormal_S309_5b263,PUR_IED_EscNormal_S309_5b263,,,,,
2026-09-12T17:51:10-05:00,PUR_IED_EscNormal_S310_27b3b8,PUR_IED_EscNormal_S310_27b3b8,,,,,
2026-09-12T17:51:10-05:00,PUR_IED_Evangelista_Conta_f6cd4f,PUR_IED_Evangelista_Conta_f6cd4f,,,,,
2026-09-12T17:51:10-05:00,PUR_IED_Evangelista_Cri_5e16a,PUR_IED_Evangelista_Cri_5e16a,,,,,
2026-09-12T17:51:10-05:00,PUR_IED_Evangelista_Exter_754066,PUR_IED_Evangelista_Exter_754066,,,,,
2026-09-12T17:51:10-05:00,PUR_IED_FMiranda_S209_5cc2a3,PUR_IED_FMiranda_S209_5cc2a3,,,,,
2026-09-12T17:51:10-05:00,PUR_IED_FMiranda_S303_19e344,PUR_IED_FMiranda_S303_19e344,,,,,
2026-09-12T17:51:10-05:00,PUR_IED_FMiranda_ext_f53e7c,PUR_IED_FMiranda_ext_f53e7c,,,,,
2026-09-12T17:51:10-05:00,PUR_IED_FabioLozano_Bibli_1cee05,PUR_IED_FabioLozano_Bibli_1cee05,,,,,
2026-09-12T17:51:10-05:00,PUR_IED_FabioLozano_Ext_6ea285,PUR_IED_FabioLozano_Ext_6ea285,,,,,
2026-09-12T17:51:10-05:00,PUR_IED_FabioLozano_SLudi_f09e1e,PUR_IED_FabioLozano_SLudi_f09e1e,,,,,
2026-09-12T17:51:10-05:00,PUR_IED_FaustinoS_Aula07_27a731,PUR_IED_FaustinoS_Aula07_27a731,,,,,
2026-09-12T17:51:10-05:00,PUR_IED_FaustinoS_Ext_7b936f,PUR_IED_FaustinoS_Ext_7b936f,,,,,
2026-09-12T17:51:10-05:00,PUR_IED_FaustinoS_Fisica_da2c60,PUR_IED_FaustinoS_Fisica_da2c60,,,,,
2026-09-12T17:51:10-05:00,PUR_IED_FeGarciaLo_Ext_dc68ee,PUR_IED_FeGarciaLo_Ext_dc68ee,,,,,
2026-09-12T17:51:10-05:00,PUR_IED_FeGarciaLo_SDanza_f70a59,PUR_IED_FeGarciaLo_SDanza_f70a59,,,,,
2026-09-12T17:51:10-05:00,PUR_IED_FeGarciaLo_SMusic_125cdd,PUR_IED_FeGarciaLo_SMusic_125cdd,,,,,
2026-09-12T17:51:10-05:00,PUR_IED_FederalAlema_Exte_50c345,PUR_IED_FederalAlema_Exte_50c345,,,,,
2026-09-12T17:51:10-05:00,PUR_IED_FederalAlema_S31_f18371,PUR_IED_FederalAlema_S31_f18371,,,,,
2026-09-12T17:51:10-05:00,PUR_IED_FederalAlema_S901_a62cd,PUR_IED_FederalAlema_S901_a62cd,,,,,
2026-09-12T17:51:10-05:00,PUR_IED_FilarmonicaS_A5_f35eb1,PUR_IED_FilarmonicaS_A5_f35eb1,,,,,
2026-09-12T17:51:10-05:00,PUR_IED_FilarmonicaS_Ext_8a3bde,PUR_IED_FilarmonicaS_Ext_8a3bde,,,,,
2026-09-12T17:51:10-05:00,PUR_IED_FilarmonicaS_Spol_406114,PUR_IED_FilarmonicaS_Spol_406114,,,,,
2026-09-12T17:51:10-05:00,PUR_IED_FlorentinoG_A13_d1fa59,PUR_IED_FlorentinoG_A13_d1fa59,,,,,
2026-09-12T17:51:10-05:00,PUR_IED_FlorentinoG_Ext_1ce6ce,PUR_IED_FlorentinoG_Ext_1ce6ce,,,,,
2026-09-12T17:51:10-05:00,PUR_IED_FlorentinoG_Idiom_a66aac,PUR_IED_FlorentinoG_Idiom_a66aac,,,,,
2026-09-12T17:51:10-05:00,PUR_IED_FranciscoMati_Ext_e3869d,PUR_IED_FranciscoMati_Ext_e3869d,,,,,
2026-09-12T17:51:10-05:00,PUR_IED_FranciscoMati_S13_f31c67,PUR_IED_FranciscoMati_S13_f31c67,,,,,
2026-09-12T17:51:10-05:00,PUR_IED_FranciscoMati_S14_97dead,PUR_IED_FranciscoMati_S14_97dead,,,,,
2026-09-12T17:51:10-05:00,PUR_IED_FranciscoPS_Ext_7bfa9a,PUR_IED_FranciscoPS_Ext_7bfa9a,2,21,58,4.5899,-74.110397
2026-09-12T17:51:10-05:00,PUR_IED_FranciscoPS_Infor_fb8f4c,PUR_IED_FranciscoPS_Infor_fb8f4c,,,,,
2026-09-12T17:51:10-05:00,PUR_IED_FranciscoPS_Quimi_94d39c,PUR_IED_FranciscoPS_Quimi_94d39c,,,,,
2026-09-12T17:51:10-05:00,PUR_IED_FranciscoP_LabQ_d7e148,PUR_IED_FranciscoP_LabQ_d7e148,,,,,
2026-09-12T17:51:10-05:00,PUR_IED_FranciscoP_S28_cf9b30,PUR_IED_FranciscoP_S28_cf9b30,,,,,
2026-09-12T17:51:10-05:00,PUR_IED_FranciscoP_ext_e2313,PUR_IED_FranciscoP_ext_e2313,,,,,
2026-09-12T17:51:10-05:00,PUR_IED_FriederichN_Ext_8ac92a,PUR_IED_FriederichN_Ext_8ac92a,,,,,
2026-09-12T17:51:10-05:00,PUR_IED_FriederichN_S301_dd7e5a,PUR_IED_FriederichN_S301_dd7e5a,,,,,
2026-09-12T17:51:10-05:00,PUR_IED_FriederichN_S308_761f4f,PUR_IED_FriederichN_S308_761f4f,,,,,
2026-09-12T17:51:10-05:00,PUR_IED_GSantander_Aula10_533dd7,PUR_IED_GSantander_Aula10_533dd7,,,,,
2026-09-12T17:51:10-05:00,PUR_IED_GSantander_Aula12_fd4e4f,PUR_IED_GSantander_Aula12_fd4e4f,,,,,
2026-09-12T17:51:10-05:00,PUR_IED_GSantander_Aula310_533dd7,PUR_IED_GSantander_Aula310_533dd7,,,,,
2026-09-12T17:51:10-05:00,PUR_IED_GSantander_Aula312_fd4e4f,PUR_IED_GSantander_Aula312_fd4e4f,,,,,
2026-09-12T17:51:10-05:00,PUR_IED_GSantander_Ext_5f66b0,PUR_IED_GSantander_Ext_5f66b0,,,,,
2026-09-12T17:51:10-05:00,PUR_IED_GYomasa_Ext_f6bea5,PUR_IED_GYomasa_Ext_f6bea5,,,,,
2026-09-12T17:51:10-05:00,PUR_IED_GYomasa_LBiol_2c41aa,PUR_IED_GYomasa_LBiol_2c41aa,,,,,
2026-09-12T17:51:10-05:00,PUR_IED_GYomasa_LQuim_33c80,PUR_IED_GYomasa_LQuim_33c80,,,,,
2026-09-12T17:51:10-05:00,PUR_IED_GabBetMejia_Cienc_5a99c,PUR_IED_GabBetMejia_Cienc_5a99c,,,,,
2026-09-12T17:51:10-05:00,PUR_IED_GabBetMejia_Ext_9153d0,PUR_IED_GabBetMejia_Ext_9153d0,,,,,
2026-09-12T17:51:10-05:00,PUR_IED_GabBetMejia_Lab_f55347,PUR_IED_GabBetMejia_Lab_f55347,,,,,
2026-09-12T17:51:10-05:00,PUR_IED_GabBetanMejia_Ext_9153d0,PUR_IED_GabBetanMejia_Ext_9153d0,,,,,
2026-09-12T17:51:10-05:00,PUR_IED_Gaitana_Aula13_7aac11,PUR_IED_Gaitana_Aula13_7aac11,,,,,
2026-09-12T17:51:10-05:00,PUR_IED_Gaitana_Ext_5fcf4,PUR_IED_Gaitana_Ext_5fcf4,,,,,
2026-09-12T17:51:10-05:00,PUR_IED_Gaitana_LabFisica_644448,PUR_IED_Gaitana_LabFisica_644448,,,,,
2026-09-12T17:51:10-05:00,PUR_IED_GenSantander_Dise_8ac858,PUR_IED_GenSantander_Dise_8ac858,,,,,
2026-09-12T17:51:10-05:00,PUR_IED_GenSantander_Ext_8d5dfe,PUR_IED_GenSantander_Ext_8d5dfe,,,,,
2026-09-12T17:51:10-05:00,PUR_IED_GenSantander_Info_6c25b,PUR_IED_GenSantander_Info_6c25b,,,,,
2026-09-12T17:51:10-05:00,PUR_IED_GustavoMo_Exterio_75e63d,PUR_IED_GustavoMo_Exterio_75e63d,,,,,
2026-09-12T17:51:10-05:00,PUR_IED_GustavoMo_LabFisi_224d37,PUR_IED_GustavoMo_LabFisi_224d37,,,,,
2026-09-12T17:51:10-05:00,PUR_IED_GustavoMo_S208_3e6918,PUR_IED_GustavoMo_S208_3e6918,,,,,
2026-09-12T17:51:10-05:00,PUR_IED_GustavoR_A02_8cd4a8,PUR_IED_GustavoR_A02_8cd4a8,,,,,
2026-09-12T17:51:10-05:00,PUR_IED_GustavoR_B11_5b0ed,PUR_IED_GustavoR_B11_5b0ed,,,,,
2026-09-12T17:51:10-05:00,PUR_IED_GustavoR_Ext_7a0c90,PUR_IED_GustavoR_Ext_7a0c90,,,,,
2026-09-12T17:51:10-05:00,PUR_IED_HernandoDuran_Ext_8cd82b,PUR_IED_HernandoDuran_Ext_8cd82b,,,,,
2026-09-12T17:51:10-05:00,PUR_IED_HernandoDuran_S24_2772c6,PUR_IED_HernandoDuran_S24_2772c6,,,,,
2026-09-12T17:51:10-05:00,PUR_IED_HernandoDuran_S30_f2de41,PUR_IED_HernandoDuran_S30_f2de41,,,,,
2026-09-12T17:51:10-05:00,PUR_IED_HolguInUr_S1101_8cd732,PUR_IED_HolguInUr_S1101_8cd732,,,,,
2026-09-12T17:51:10-05:00,PUR_IED_HolguinUr_Exter_ddae6d,PUR_IED_HolguinUr_Exter_ddae6d,,,,,
2026-09-12T17:51:10-05:00,PUR_IED_HolguinUr_LabQuim_92b952,PUR_IED_HolguinUr_LabQuim_92b952,,,,,
2026-09-12T17:51:10-05:00,PUR_IED_Isabel-II_Ext_5245cc,PUR_IED_Isabel-II_Ext_5245cc,2,20,58,4.6336,-74.153
2026-09-12T17:51:10-05:00,PUR_IED_Isabel-II_S_idiom_1c29aa,PUR_IED_Isabel-II_S_idiom_1c29aa,,,,,
2026-09-12T17:51:10-05:00,PUR_IED_Isabel-II_S_infor_fd741,PUR_IED_Isabel-II_S_infor_fd741,,,,,
2026-09-12T17:51:10-05:00,PUR_IED_IsidroSur_Exterio_5b90ea,PUR_IED_IsidroSur_Exterio_5b90ea,,,,,
2026-09-12T17:51:10-05:00,PUR_IED_IsidroSur_LabTec_56697a,PUR_IED_IsidroSur_LabTec_56697a,,,,,
2026-09-12T17:51:10-05:00,PUR_IED_IsidroSur_Robotic_b7c38f,PUR_IED_IsidroSur_Robotic_b7c38f,,,,,
2026-09-12T17:51:10-05:00,PUR_IED_IsmaelPerd_Ext_7b6672,PUR_IED_IsmaelPerd_Ext_7b6672,,,,,
2026-09-12T17:51:10-05:00,PUR_IED_IsmaelPerd_Inform_306540,PUR_IED_IsmaelPerd_Inform_306540,,,,,
2026-09-12T17:51:10-05:00,PUR_IED_IsmaelPerd_S30_2e2c83,PUR_IED_IsmaelPerd_S30_2e2c83,,,,,
2026-09-12T17:51:10-05:00,PUR_IED_JLozano_Exter_432910,PUR_IED_JLozano_Exter_432910,,,,,
2026-09-12T17:51:10-05:00,PUR_IED_JLozano_salaMulti_df5125,PUR_IED_JLozano_salaMulti_df5125,,,,,
2026-09-12T17:51:10-05:00,PUR_IED_JMCordoba_206_86f80b,PUR_IED_JMCordoba_206_86f80b,,,,,
2026-09-12T17:51:10-05:00,PUR_IED_JMCordoba_Ext_27ad97,PUR_IED_JMCordoba_Ext_27ad97,,,,,
2026-09-12T17:51:10-05:00,PUR_IED_JMCordoba_S310_d59ab4,PUR_IED_JMCordoba_S310_d59ab4,,,,,
2026-09-12T17:51:10-05:00,PUR_IED_Japon_Ext_549100,PUR_IED_Japon_Ext_549100,,,,,
2026-09-12T17:51:10-05:00,PUR_IED_Japon_Laboratorio_bec51d,PUR_IED_Japon_Laboratorio_bec51d,,,,,
2026-09-12T17:51:10-05:00,PUR_IED_Japon_informatica_d99327,PUR_IED_Japon_informatica_d99327,,,,,
2026-09-12T17:51:10-05:00,PUR_IED_Jazmin_Ext_d27bda,PUR_IED_Jazmin_Ext_d27bda,,,,,
2026-09-12T17:51:10-05:00,PUR_IED_Jazmin_Fisica_8d14d7,PUR_IED_Jazmin_Fisica_8d14d7,,,,,
2026-09-12T17:51:10-05:00,PUR_IED_Jazmin_Quimica_801cb5,PUR_IED_Jazmin_Quimica_801cb5,,,,,
2026-09-12T17:51:10-05:00,PUR_IED_JorgeGaitan_Exter_f098d1,PUR_IED_JorgeGaitan_Exter_f098d1,,,,,
2026-09-12T17:51:10-05:00,PUR_IED_JorgeGaitan_STec1_dc9d1d,PUR_IED_JorgeGaitan_STec1_dc9d1d,,,,,
2026-09-12T17:51:10-05:00,PUR_IED_JorgeGaitan_STec2_281e69,PUR_IED_JorgeGaitan_STec2_281e69,,,,,
2026-09-12T17:51:10-05:00,PUR_IED_JorgeSoto_Exterio_d9d0a2,PUR_IED_JorgeSoto_Exterio_d9d0a2,,,,,
2026-09-12T17:51:10-05:00,PUR_IED_JorgeSoto_LabFisi_209c54,PUR_IED_JorgeSoto_LabFisi_209c54,,,,,
2026-09-12T17:51:10-05:00,PUR_IED_JorgeSoto_S103_27b51a,PUR_IED_JorgeSoto_S103_27b51a,,,,,
2026-09-12T17:51:10-05:00,PUR_IED_JoseAcevedo_A02_e965eb,PUR_IED_JoseAcevedo_A02_e965eb,,,,,
2026-09-12T17:51:10-05:00,PUR_IED_JoseAcevedo_A07_dd5b4,PUR_IED_JoseAcevedo_A07_dd5b4,,,,,
2026-09-12T17:51:10-05:00,PUR_IED_JoseAcevedo_Ext_b47484,PUR_IED_JoseAcevedo_Ext_b47484,,,,,
2026-09-12T17:51:10-05:00,PUR_IED_JoseMarti_Exte_5b9bf,PUR_IED_JoseMarti_Exte_5b9bf,,,,,
2026-09-12T17:51:10-05:00,PUR_IED_JoseMarti_LabQuim_1c6c2d,PUR_IED_JoseMarti_LabQuim_1c6c2d,,,,,
2026-09-12T17:51:10-05:00,PUR_IED_JoseMarti_S_info_f5f177,PUR_IED_JoseMarti_S_info_f5f177,,,,,
2026-09-12T17:51:10-05:00,PUR_IED_Josejoaquin_Ext_dfc5dc,PUR_IED_Josejoaquin_Ext_dfc5dc,,,,,
2026-09-12T17:51:10-05:00,PUR_IED_Josejoaquin_S05_5b2a96,PUR_IED_Josejoaquin_S05_5b2a96,,,,,
2026-09-12T17:51:10-05:00,PUR_IED_Josejoaquin_S06_1ce7d2,PUR_IED_Josejoaquin_S06_1ce7d2,,,,,
2026-09-12T17:51:10-05:00,PUR_IED_JulioFlorez_Danza_9b82dd,PUR_IED_JulioFlorez_Danza_9b82dd,,,,,
2026-09-12T17:51:10-05:00,PUR_IED_JulioFlorez_Exter_f9f314,PUR_IED_JulioFlorez_Exter_f9f314,,,,,
2026-09-12T17:51:10-05:00,PUR_IED_JulioFlorez_info2_6b6e08,PUR_IED_JulioFlorez_info2_6b6e08,,,,,
2026-09-12T17:51:10-05:00,PUR_IED_LaBelleza_Aula13_1d00d8,PUR_IED_LaBelleza_Aula13_1d00d8,,,,,
2026-09-12T17:51:10-05:00,PUR_IED_LaBelleza_Ext_7bc08c,PUR_IED_LaBelleza_Ext_7bc08c,,,,,
2026-09-12T17:51:10-05:00,PUR_IED_LaChucua_Ext_8cd6d2,PUR_IED_LaChucua_Ext_8cd6d2,,,,,
2026-09-12T17:51:10-05:00,PUR_IED_LaChucua_S15_f578ce,PUR_IED_LaChucua_S15_f578ce,,,,,
2026-09-12T17:51:10-05:00,PUR_IED_LaChucua_S16_eebcf9,PUR_IED_LaChucua_S16_eebcf9,,,,,
2026-09-12T17:51:10-05:00,PUR_IED_LaFelicidad_Ext_fb5109,PUR_IED_LaFelicidad_Ext_fb5109,,,,,
2026-09-12T17:51:10-05:00,PUR_IED_LaMerced_206_66ebd,PUR_IED_LaMerced_206_66ebd,,,,,
2026-09-12T17:51:10-05:00,PUR_IED_LaMerced_207_6ebd6,PUR_IED_LaMerced_207_6ebd6,,,,,
2026-09-12T17:51:10-05:00,PUR_IED_LaMerced_ext_304311,PUR_IED_LaMerced_ext_304311,,,,,
2026-09-12T17:51:10-05:00,PUR_IED_Laureano_CiencNat_281e5e,PUR_IED_Laureano_CiencNat_281e5e,,,,,
2026-09-12T17:51:10-05:00,PUR_IED_Laureano_Comedor_f65c0a,PUR_IED_Laureano_Comedor_f65c0a,,,,,
2026-09-12T17:51:10-05:00,PUR_IED_Laureano_Exterior_7ab011,PUR_IED_Laureano_Exterior_7ab011,,,,,
2026-09-12T17:51:10-05:00,PUR_IED_LeonGreiff_Exte_dfe560,PUR_IED_LeonGreiff_Exte_dfe560,,,,,
2026-09-12T17:51:10-05:00,PUR_IED_LeonGreiff_S210_f264ed,PUR_IED_LeonGreiff_S210_f264ed,,,,,
2026-09-12T17:51:10-05:00,PUR_IED_LeonGreiff_SQuimi_e8296f,PUR_IED_LeonGreiff_SQuimi_e8296f,,,,,
2026-09-12T17:51:10-05:00,PUR_IED_LlanoOrientalS208_7b9fcd,PUR_IED_LlanoOrientalS208_7b9fcd,,,,,
2026-09-12T17:51:10-05:00,PUR_IED_LlanoOriental_Ext_fb3766,PUR_IED_LlanoOriental_Ext_fb3766,,,,,
2026-09-12T17:51:10-05:00,PUR_IED_LlanoOriental_S208_7b9fcd,PUR_IED_LlanoOriental_S208_7b9fcd,,,,,
2026-09-12T17:51:10-05:00,PUR_IED_LlanoOriental_S9_27b378,PUR_IED_LlanoOriental_S9_27b378,,,,,
2026-09-12T17:51:10-05:00,PUR_IED_LosTejares_1101_477602,PUR_IED_LosTejares_1101_477602,,,,,
2026-09-12T17:51:10-05:00,PUR_IED_LosTejares_11_d2c595,PUR_IED_LosTejares_11_d2c595,,,,,
2026-09-12T17:51:10-05:00,PUR_IED_LosTejares_12_477602,PUR_IED_LosTejares_12_477602,,,,,
2026-09-12T17:51:10-05:00,PUR_IED_LosTejares_Ext_8e2115,PUR_IED_LosTejares_Ext_8e2115,,,,,
2026-09-12T17:51:10-05:00,PUR_IED_MagdalenaO_B202_5ddda3,PUR_IED_MagdalenaO_B202_5ddda3,,,,,
2026-09-12T17:51:10-05:00,PUR_IED_MagdalenaO_B205_fb76e8,PUR_IED_MagdalenaO_B205_fb76e8,,,,,
2026-09-12T17:51:10-05:00,PUR_IED_MagdalenaO_ext_dc69cd,PUR_IED_MagdalenaO_ext_dc69cd,,,,,
2026-09-12T17:51:10-05:00,PUR_IED_ManueCepeda_artes_eee956,PUR_IED_ManueCepeda_artes_eee956,,,,,
2026-09-12T17:51:10-05:00,PUR_IED_ManuelCepeda_Ext_58313,PUR_IED_ManuelCepeda_Ext_58313,,,,,
2026-09-12T17:51:10-05:00,PUR_IED_ManuelCepeda_tec_1c5731,PUR_IED_ManuelCepeda_tec_1c5731,,,,,
2026-09-12T17:51:10-05:00,PUR_IED_ManuelS_Exterior_5b269,PUR_IED_ManuelS_Exterior_5b269,,,,,
2026-09-12T17:51:10-05:00,PUR_IED_ManuelS_Inform_f369ce,PUR_IED_ManuelS_Inform_f369ce,,,,,
2026-09-12T17:51:10-05:00,PUR_IED_ManuelS_SArtes_7d15f1,PUR_IED_ManuelS_SArtes_7d15f1,,,,,
2026-09-12T17:51:10-05:00,PUR_IED_ManuelZapata_303_3ca6,PUR_IED_ManuelZapata_303_3ca6,,,,,
2026-09-12T17:51:10-05:00,PUR_IED_ManuelZapata_311_bfbabc,PUR_IED_ManuelZapata_311_bfbabc,,,,,
2026-09-12T17:51:10-05:00,PUR_IED_ManuelZapata_Ext_50824a,PUR_IED_ManuelZapata_Ext_50824a,,,,,
2026-09-12T17:51:10-05:00,PUR_IED_ManuelitaS_Exteri_656a92,PUR_IED_ManuelitaS_Exteri_656a92,,,,,
2026-09-12T17:51:10-05:00,PUR_IED_ManuelitaS_JuzgDe_f58ec3,PUR_IED_ManuelitaS_JuzgDe_f58ec3,,,,,
2026-09-12T17:51:10-05:00,PUR_IED_ManuelitaS_Recrea_d793db,PUR_IED_ManuelitaS_Recrea_d793db,,,,,
2026-09-12T17:51:10-05:00,PUR_IED_MarFidSuarez_Ext_c27b19,PUR_IED_MarFidSuarez_Ext_c27b19,,,,,
2026-09-12T17:51:10-05:00,PUR_IED_MarFidSuarez_Info_e384d7,PUR_IED_MarFidSuarez_Info_e384d7,,,,,
2026-09-12T17:51:10-05:00,PUR_IED_MarFidSuarez_S306_1d0032,PUR_IED_MarFidSuarez_S306_1d0032,,,,,
2026-09-12T17:51:10-05:00,PUR_IED_Menorah_301_2a25a3,PUR_IED_Menorah_301_2a25a3,,,,,
2026-09-12T17:51:10-05:00,PUR_IED_Menorah_306_37ed3,PUR_IED_Menorah_306_37ed3,,,,,
2026-09-12T17:51:10-05:00,PUR_IED_Menorah_Ext_3e155b,PUR_IED_Menorah_Ext_3e155b,,,,,
2026-09-12T17:51:10-05:00,PUR_IED_MinutoB.Aires_A11_1b1604,PUR_IED_MinutoB.Aires_A11_1b1604,,,,,
2026-09-12T17:51:10-05:00,PUR_IED_MinutoB.Aires_A12_fb5860,PUR_IED_MinutoB.Aires_A12_fb5860,,,,,
2026-09-12T17:51:10-05:00,PUR_IED_MinutoB.Aires_Ext_81293f,PUR_IED_MinutoB.Aires_Ext_81293f,,,,,
2026-09-12T17:51:10-05:00,PUR_IED_MinutoBAires_A11_1b1604,PUR_IED_MinutoBAires_A11_1b1604,,,,,
2026-09-12T17:51:10-05:00,PUR_IED_MinutoBAires_A12_fb5860,PUR_IED_MinutoBAires_A12_fb5860,,,,,
2026-09-12T17:51:10-05:00,PUR_IED_MinutoBAires_Ext_81293f,PUR_IED_MinutoBAires_Ext_81293f,,,,,
2026-09-12T17:51:10-05:00,PUR_IED_Montreal_Aula10_1e4959,PUR_IED_Montreal_Aula10_1e4959,,,,,
2026-09-12T17:51:10-05:00,PUR_IED_Montreal_Aula6_300367,PUR_IED_Montreal_Aula6_300367,,,,,
2026-09-12T17:51:10-05:00,PUR_IED_Montreal_Exterior_91a179,PUR_IED_Montreal_Exterior_91a179,,,,,
2026-09-12T17:51:10-05:00,PUR_IED_Mqgdalena_B202_5ddda3,PUR_IED_Mqgdalena_B202_5ddda3,,,,,
2026-09-12T17:51:10-05:00,PUR_IED_NACUND_Soc_dc8728,PUR_IED_NACUND_Soc_dc8728,,,,,
2026-09-12T17:51:10-05:00,PUR_IED_NACUND_ext_27ad97,PUR_IED_NACUND_ext_27ad97,,,,,
2026-09-12T17:51:10-05:00,PUR_IED_NEsperanza_Ext_d24b61,PUR_IED_NEsperanza_Ext_d24b61,,,,,
2026-09-12T17:51:10-05:00,PUR_IED_NEsperanza_SElect_7d1807,PUR_IED_NEsperanza_SElect_7d1807,,,,,
2026-09-12T17:51:10-05:00,PUR_IED_NEsperanza_SLabor_8b2d0a,PUR_IED_NEsperanza_SLabor_8b2d0a,,,,,
2026-09-12T17:51:10-05:00,PUR_IED_NacionesU_Ext_f661a9,PUR_IED_NacionesU_Ext_f661a9,,,,,
2026-09-12T17:51:10-05:00,PUR_IED_NacionesU_Quimica_66f0a,PUR_IED_NacionesU_Quimica_66f0a,,,,,
2026-09-12T17:51:10-05:00,PUR_IED_NacionesU_S306_1b4b3d,PUR_IED_NacionesU_S306_1b4b3d,,,,,
2026-09-12T17:51:10-05:00,PUR_IED_NestorFA_Ext_e4201c,PUR_IED_NestorFA_Ext_e4201c,,,,,
2026-09-12T17:51:10-05:00,PUR_IED_NestorFA_Laborato_f22fe0,PUR_IED_NestorFA_Laborato_f22fe0,,,,,
2026-09-12T17:51:10-05:00,PUR_IED_NestorFA_S204_dee996,PUR_IED_NestorFA_S204_dee996,,,,,
2026-09-12T17:51:10-05:00,PUR_IED_NidyaQT_Aula03_76999b,PUR_IED_NidyaQT_Aula03_76999b,,,,,
2026-09-12T17:51:10-05:00,PUR_IED_NidyaQT_Aula10_56325,PUR_IED_NidyaQT_Aula10_56325,,,,,
2026-09-12T17:51:10-05:00,PUR_IED_NidyaQT_Ext_46e32d,PUR_IED_NidyaQT_Ext_46e32d,,,,,
2026-09-12T17:51:10-05:00,PUR_IED_NuevaCol_Exterior_d9b859,PUR_IED_NuevaCol_Exterior_d9b859,,,,,
2026-09-12T17:51:10-05:00,PUR_IED_NuevaCol_S1101_76c43b,PUR_IED_NuevaCol_S1101_76c43b,,,,,
2026-09-12T17:51:10-05:00,PUR_IED_NuevaCol_S1102_1ce0b5,PUR_IED_NuevaCol_S1102_1ce0b5,,,,,
2026-09-12T17:51:10-05:00,PUR_IED_OEA_A202_f7e3f2,PUR_IED_OEA_A202_f7e3f2,,,,,
2026-09-12T17:51:10-05:00,PUR_IED_OEA_A203_7d1b8d,PUR_IED_OEA_A203_7d1b8d,,,,,
2026-09-12T17:51:10-05:00,PUR_IED_OEA_Ext_27b593,PUR_IED_OEA_Ext_27b593,,,,,
2026-09-12T17:51:10-05:00,PUR_IED_Ochoa_Ext_1c29da,PUR_IED_Ochoa_Ext_1c29da,,,,,
2026-09-12T17:51:10-05:00,PUR_IED_Ochoa_S205_8b1121,PUR_IED_Ochoa_S205_8b1121,,,,,
2026-09-12T17:51:10-05:00,PUR_IED_Ochoa_Sistemas_f33af6,PUR_IED_Ochoa_Sistemas_f33af6,,,,,
2026-09-12T17:51:10-05:00,PUR_IED_PQuebec_Ext_1c67c7,PUR_IED_PQuebec_Ext_1c67c7,,,,,
2026-09-12T17:51:10-05:00,PUR_IED_PQuebec_S15_23e8e2,PUR_IED_PQuebec_S15_23e8e2,,,,,
2026-09-12T17:51:10-05:00,PUR_IED_PQuebec_S16_8ec76b,PUR_IED_PQuebec_S16_8ec76b,,,,,
2026-09-12T17:51:10-05:00,PUR_IED_PabloN_Ext_49dc96,PUR_IED_PabloN_Ext_49dc96,,,,,
2026-09-12T17:51:10-05:00,PUR_IED_PabloN_S1102_4e3df5,PUR_IED_PabloN_S1102_4e3df5,,,,,
2026-09-12T17:51:10-05:00,PUR_IED_PabloN_S1103_50c94b,PUR_IED_PabloN_S1103_50c94b,,,,,
2026-09-12T17:51:10-05:00,PUR_IED_Palestina_S1101_db9198,PUR_IED_Palestina_S1101_db9198,,,,,
2026-09-12T17:51:10-05:00,PUR_IED_Palestina_S1102_dc54fa,PUR_IED_Palestina_S1102_dc54fa,,,,,
2026-09-12T17:51:10-05:00,PUR_IED_Palestina_ext_4ccce6,PUR_IED_Palestina_ext_4ccce6,,,,,
2026-09-12T17:51:10-05:00,PUR_IED_Panama_Fisica_4d0794,PUR_IED_Panama_Fisica_4d0794,,,,,
2026-09-12T17:51:10-05:00,PUR_IED_Panama_SIngles_a4077e,PUR_IED_Panama_SIngles_a4077e,,,,,
2026-09-12T17:51:10-05:00,PUR_IED_Panama_ext_4c54b4,PUR_IED_Panama_ext_4c54b4,,,,,
2026-09-12T17:51:10-05:00,PUR_IED_ParaisoM_Exterior_8cd7f0,PUR_IED_ParaisoM_Exterior_8cd7f0,,,,,
2026-09-12T17:51:10-05:00,PUR_IED_ParaisoM_Laborato_27af35,PUR_IED_ParaisoM_Laborato_27af35,,,,,
2026-09-12T17:51:10-05:00,PUR_IED_ParaisoM_S304_d1edca,PUR_IED_ParaisoM_S304_d1edca,,,,,
2026-09-12T17:51:10-05:00,PUR_IED_PorfirioBarba_Ext_301466,PUR_IED_PorfirioBarba_Ext_301466,,,,,
2026-09-12T17:51:10-05:00,PUR_IED_PorfirioBarba_S11_df6cd2,PUR_IED_PorfirioBarba_S11_df6cd2,,,,,
2026-09-12T17:51:10-05:00,PUR_IED_PorfirioBarba_S29_27a7d6,PUR_IED_PorfirioBarba_S29_27a7d6,,,,,
2026-09-12T17:51:10-05:00,PUR_IED_PradoV_Exter_8b27ad,PUR_IED_PradoV_Exter_8b27ad,,,,,
2026-09-12T17:51:10-05:00,PUR_IED_PradoV_S301_de65b5,PUR_IED_PradoV_S301_de65b5,,,,,
2026-09-12T17:51:10-05:00,PUR_IED_PradoV_S302_7d2593,PUR_IED_PradoV_S302_7d2593,,,,,
2026-09-12T17:51:10-05:00,PUR_IED_QuirogaAlz_Ext_1ddc82,PUR_IED_QuirogaAlz_Ext_1ddc82,,,,,
2026-09-12T17:51:10-05:00,PUR_IED_QuirogaAlz_S302_9926a3,PUR_IED_QuirogaAlz_S302_9926a3,,,,,
2026-09-12T17:51:10-05:00,PUR_IED_QuirogaAlz_S305_cdf1f1,PUR_IED_QuirogaAlz_S305_cdf1f1,,,,,
2026-09-12T17:51:10-05:00,PUR_IED_RGuatemala_Biling_dc53b7,PUR_IED_RGuatemala_Biling_dc53b7,,,,,
2026-09-12T17:51:10-05:00,PUR_IED_RGuatemala_Ext_1b89a3,PUR_IED_RGuatemala_Ext_1b89a3,,,,,
2026-09-12T17:51:10-05:00,PUR_IED_RGuatemala_Tecnol_281a34,PUR_IED_RGuatemala_Tecnol_281a34,,,,,
2026-09-12T17:51:10-05:00,PUR_IED_RafaNu_Ext_f7c302,PUR_IED_RafaNu_Ext_f7c302,,,,,
2026-09-12T17:51:10-05:00,PUR_IED_RafaNu_S1101_25fde,PUR_IED_RafaNu_S1101_25fde,,,,,
2026-09-12T17:51:10-05:00,PUR_IED_RafaNu_S1102_281517,PUR_IED_RafaNu_S1102_281517,,,,,
2026-09-12T17:51:10-05:00,PUR_IED_RafaelB_S305_ee2783,PUR_IED_RafaelB_S305_ee2783,,,,,
2026-09-12T17:51:10-05:00,PUR_IED_RafaelB_S306_75fe33,PUR_IED_RafaelB_S306_75fe33,,,,,
2026-09-12T17:51:10-05:00,PUR_IED_RafaelB_ext_283336,PUR_IED_RafaelB_ext_283336,3,20,59,4.6722,-74.0737
2026-09-12T17:51:10-05:00,PUR_IED_RafaelUU_Exterior_281a51,PUR_IED_RafaelUU_Exterior_281a51,,,,,
2026-09-12T17:51:10-05:00,PUR_IED_RafaelUU_Human_806b2,PUR_IED_RafaelUU_Human_806b2,,,,,
2026-09-12T17:51:10-05:00,PUR_IED_RafaelUU_Mate2_5680d4,PUR_IED_RafaelUU_Mate2_5680d4,,,,,
2026-09-12T17:51:10-05:00,PUR_IED_RamonSub_Ext_f9eeb9,PUR_IED_RamonSub_Ext_f9eeb9,,,,,
2026-09-12T17:51:10-05:00,PUR_IED_RamonSub_Media_d1f62f,PUR_IED_RamonSub_Media_d1f62f,,,,,
2026-09-12T17:51:10-05:00,PUR_IED_RamonSub_planta_51b82,PUR_IED_RamonSub_planta_51b82,,,,,
2026-09-12T17:51:10-05:00,PUR_IED_RepBoliVene_Exter_27af7c,PUR_IED_RepBoliVene_Exter_27af7c,,,,,
2026-09-12T17:51:10-05:00,PUR_IED_RepBoliVene_SCPT_5ae2ee,PUR_IED_RepBoliVene_SCPT_5ae2ee,,,,,
2026-09-12T17:51:10-05:00,PUR_IED_RepBoliVene_Socia_4b11d5,PUR_IED_RepBoliVene_Socia_4b11d5,,,,,
2026-09-12T17:51:10-05:00,PUR_IED_RepChina_Ext_76d9ee,PUR_IED_RepChina_Ext_76d9ee,,,,,
2026-09-12T17:51:10-05:00,PUR_IED_RepChina_S404_7c804c,PUR_IED_RepChina_S404_7c804c,,,,,
2026-09-12T17:51:10-05:00,PUR_IED_RepChina_S405_df2c33,PUR_IED_RepChina_S405_df2c33,,,,,
2026-09-12T17:51:10-05:00,PUR_IED_RepublicaC_Exteri_7d1ec9,PUR_IED_RepublicaC_Exteri_7d1ec9,,,,,
2026-09-12T17:51:10-05:00,PUR_IED_RepublicaC_S1101_f544b3,PUR_IED_RepublicaC_S1101_f544b3,,,,,
2026-09-12T17:51:10-05:00,PUR_IED_RepublicaC_S1102_7aafc7,PUR_IED_RepublicaC_S1102_7aafc7,,,,,
2026-09-12T17:51:10-05:00,PUR_IED_Ricaurte_Externo_a0ea1,PUR_IED_Ricaurte_Externo_a0ea1,,,,,
2026-09-12T17:51:10-05:00,PUR_IED_Ricaurte_S210_f546fd,PUR_IED_Ricaurte_S210_f546fd,,,,,
2026-09-12T17:51:10-05:00,PUR_IED_Ricaurte_S309_d4452,PUR_IED_Ricaurte_S309_d4452,,,,,
2026-09-12T17:51:10-05:00,PUR_IED_RogelioS_1102_531e69,PUR_IED_RogelioS_1102_531e69,,,,,
2026-09-12T17:51:10-05:00,PUR_IED_RogelioS_Ext_f25a18,PUR_IED_RogelioS_Ext_f25a18,,,,,
2026-09-12T17:51:10-05:00,PUR_IED_SBernardino_Ext_27aff8,PUR_IED_SBernardino_Ext_27aff8,,,,,
2026-09-12T17:51:10-05:00,PUR_IED_SBernardino_SArte_2ffd33,PUR_IED_SBernardino_SArte_2ffd33,,,,,
2026-09-12T17:51:10-05:00,PUR_IED_SBernardino_SIngl_7c7da5,PUR_IED_SBernardino_SIngl_7c7da5,,,,,
2026-09-12T17:51:10-05:00,PUR_IED_Sago_auditorio_dc9d1d,PUR_IED_Sago_auditorio_dc9d1d,,,,,
2026-09-12T17:51:10-05:00,PUR_IED_Saludcoop_Ext_95aac3,PUR_IED_Saludcoop_Ext_95aac3,,,,,
2026-09-12T17:51:10-05:00,PUR_IED_Saludcoop_InfI_90c854,PUR_IED_Saludcoop_InfI_90c854,,,,,
2026-09-12T17:51:10-05:00,PUR_IED_Saludcoop_SMedia_1b93be,PUR_IED_Saludcoop_SMedia_1b93be,,,,,
2026-09-12T17:51:10-05:00,PUR_IED_SanCarlos_1101_1a2360,PUR_IED_SanCarlos_1101_1a2360,,,,,
2026-09-12T17:51:10-05:00,PUR_IED_SanCarlos_1103_7bafb5,PUR_IED_SanCarlos_1103_7bafb5,,,,,
2026-09-12T17:51:10-05:00,PUR_IED_SanCarlos_Ext_b7cd1,PUR_IED_SanCarlos_Ext_b7cd1,,,,,
2026-09-12T17:51:10-05:00,PUR_IED_SanIgnacioBosa11a_50c26e,PUR_IED_SanIgnacioBosa11a_50c26e,,,,,
2026-09-12T17:51:10-05:00,PUR_IED_SanIgnacioBosa11b_371de8,PUR_IED_SanIgnacioBosa11b_371de8,,,,,
2026-09-12T17:51:10-05:00,PUR_IED_SanIgnacioBosaExt_ef0ffc,PUR_IED_SanIgnacioBosaExt_ef0ffc,,,,,
2026-09-12T17:51:10-05:00,PUR_IED_SanIgnacioBosa_11a_50c26e,PUR_IED_SanIgnacioBosa_11a_50c26e,,,,,
2026-09-12T17:51:10-05:00,PUR_IED_SanIgnacioBosa_Ext_ef0ffc,PUR_IED_SanIgnacioBosa_Ext_ef0ffc,,,,,
2026-09-12T17:51:10-05:00,PUR_IED_SanJoseN_intS1101_31c47f,PUR_IED_SanJoseN_intS1101_31c47f,,,,,
2026-09-12T17:51:10-05:00,PUR_IED_SanJoseUsm_Exter_f5d7e8,PUR_IED_SanJoseUsm_Exter_f5d7e8,,,,,
2026-09-12T17:51:10-05:00,PUR_IED_SanJoseUsm_Int11A_cfdef6,PUR_IED_SanJoseUsm_Int11A_cfdef6,,,,,
2026-09-12T17:51:10-05:00,PUR_IED_SilveriaR_IntB5_905349,PUR_IED_SilveriaR_IntB5_905349,,,,,
2026-09-12T17:51:10-05:00,PUR_IED_SilveriaR_IntSD14_981f93,PUR_IED_SilveriaR_IntSD14_981f93,,,,,
2026-09-12T17:51:10-05:00,PUR_IED_SilveriaR_ext_2b651d,PUR_IED_SilveriaR_ext_2b651d,,,,,
2026-09-12T17:51:10-05:00,PUR_IED_SimonB_Exterior_913975,PUR_IED_SimonB_Exterior_913975,,,,,
2026-09-12T17:51:10-05:00,PUR_IED_SimonB_LabQuimi_c56908,PUR_IED_SimonB_LabQuimi_c56908,,,,,
2026-09-12T17:51:10-05:00,PUR_IED_SimonB_informatic_a28c1,PUR_IED_SimonB_informatic_a28c1,,,,,
2026-09-12T17:51:10-05:00,PUR_IED_Sorrento_1102_315f50,PUR_IED_Sorrento_1102_315f50,,,,,
2026-09-12T17:51:10-05:00,PUR_IED_Sorrento_Minte_214eab,PUR_IED_Sorrento_Minte_214eab,,,,,
2026-09-12T17:51:10-05:00,PUR_IED_Sorrento_ext_7c3a0a,PUR_IED_Sorrento_ext_7c3a0a,,,,,
2026-09-12T17:51:10-05:00,PUR_IED_Tabora_Ext_f048ae,PUR_IED_Tabora_Ext_f048ae,,,,,
2026-09-12T17:51:10-05:00,PUR_IED_Tabora_S1102_b07752,PUR_IED_Tabora_S1102_b07752,,,,,
2026-09-12T17:51:10-05:00,PUR_IED_Tabora_S1103_d988f5,PUR_IED_Tabora_S1103_d988f5,,,,,
2026-09-12T17:51:10-05:00,PUR_IED_Tenerife_Ext_1ab188,PUR_IED_Tenerife_Ext_1ab188,,,,,
2026-09-12T17:51:10-05:00,PUR_IED_Tenerife_SDanzas_7bc02e,PUR_IED_Tenerife_SDanzas_7bc02e,,,,,
2026-09-12T17:51:10-05:00,PUR_IED_Tenerife_SIngles_7cc277,PUR_IED_Tenerife_SIngles_7cc277,,,,,
2026-09-12T17:51:10-05:00,PUR_IED_Tibabuyes_Exter_f2683d,PUR_IED_Tibabuyes_Exter_f2683d,,,,,
2026-09-12T17:51:10-05:00,PUR_IED_Tibabuyes_S10_dc87a8,PUR_IED_Tibabuyes_S10_dc87a8,,,,,
2026-09-12T17:51:10-05:00,PUR_IED_Tibabuyes_S15_dc0526,PUR_IED_Tibabuyes_S15_dc0526,,,,,
2026-09-12T17:51:10-05:00,PUR_IED_UnionE_S301_a1043,PUR_IED_UnionE_S301_a1043,,,,,
2026-09-12T17:51:10-05:00,PUR_IED_UnionE_S307_ff6c2f,PUR_IED_UnionE_S307_ff6c2f,,,,,
2026-09-12T17:51:10-05:00,PUR_IED_UnionE__Ext_5e2468,PUR_IED_UnionE__Ext_5e2468,,,,,
2026-09-12T17:51:10-05:00,PUR_IED_VillaRica_Ext_75be7c,PUR_IED_VillaRica_Ext_75be7c,,,,,
2026-09-12T17:51:10-05:00,PUR_IED_VillaRica_S4_cc5dcd,PUR_IED_VillaRica_S4_cc5dcd,,,,,
2026-09-12T17:51:10-05:00,PUR_IED_VillaRica_Sesp_99f5c,PUR_IED_VillaRica_Sesp_99f5c,,,,,
2026-09-12T17:56:06-05:00,PUR_IED_20deJulio_1101_91b1b9,PUR_IED_20deJulio_1101_91b1b9,,,,,
2026-09-12T17:56:06-05:00,PUR_IED_20deJulio_1102_1cfcf9,PUR_IED_20deJulio_1102_1cfcf9,,,,,
2026-09-12T17:56:06-05:00,PUR_IED_20deJulio_Ext_ab60bd,PUR_IED_20deJulio_Ext_ab60bd,,,,,
2026-09-12T17:56:06-05:00,PUR_IED_AgustinFer_Ext_7b9b77,PUR_IED_AgustinFer_Ext_7b9b77,,,,,
2026-09-12T17:56:06-05:00,PUR_IED_AgustinFer_Info2_27b3a7,PUR_IED_AgustinFer_Info2_27b3a7,,,,,
2026-09-12T17:56:06-05:00,PUR_IED_AgustinFer_Sena_54b4eb,PUR_IED_AgustinFer_Sena_54b4eb,,,,,
2026-09-12T17:56:06-05:00,PUR_IED_AlexanderF_1102_caf07b,PUR_IED_AlexanderF_1102_caf07b,,,,,
2026-09-12T17:56:06-05:00,PUR_IED_AlexanderF_1103_c79e71,PUR_IED_AlexanderF_1103_c79e71,,,,,
2026-09-12T17:56:06-05:00,PUR_IED_AlexanderF_Ext_c5b18b,PUR_IED_AlexanderF_Ext_c5b18b,,,,,
2026-09-12T17:56:06-05:00,PUR_IED_AlfonsoLopez_Ext_281d77,PUR_IED_AlfonsoLopez_Ext_281d77,,,,,
2026-09-12T17:56:06-05:00,PUR_IED_AlfonsoLopez_LabF_888ce0,PUR_IED_AlfonsoLopez_LabF_888ce0,,,,,
2026-09-12T17:56:06-05:00,PUR_IED_AlfonsoLopez_SMed_df6a7f,PUR_IED_AlfonsoLopez_SMed_df6a7f,,,,,
2026-09-12T17:56:06-05:00,PUR_IED_AltamiraSO_A2_209f92,PUR_IED_AltamiraSO_A2_209f92,,,,,
2026-09-12T17:56:06-05:00,PUR_IED_AltamiraSO_Ext_186d66,PUR_IED_AltamiraSO_Ext_186d66,,,,,
2026-09-12T17:56:06-05:00,PUR_IED_AltamiraSO_Sistem_27afe1,PUR_IED_AltamiraSO_Sistem_27afe1,,,,,
2026-09-12T17:56:06-05:00,PUR_IED_AlvaroGom_LabQuim_813179,PUR_IED_AlvaroGom_LabQuim_813179,,,,,
2026-09-12T17:56:06-05:00,PUR_IED_AlvaroGomez_Ext_47c7ca,PUR_IED_AlvaroGomez_Ext_47c7ca,,,,,
2026-09-12T17:56:06-05:00,PUR_IED_AlvaroGomez_LabQuim_813179,PUR_IED_AlvaroGomez_LabQuim_813179,,,,,
2026-09-12T17:56:06-05:00,PUR_IED_AlvaroGomez_S23_7ba89f,PUR_IED_AlvaroGomez_S23_7ba89f,,,,,
2026-09-12T17:56:06-05:00,PUR_IED_Amistad_306_dc8728,PUR_IED_Amistad_306_dc8728,,,,,
2026-09-12T17:56:06-05:00,PUR_IED_Amistad_Ext_8cd55e,PUR_IED_Amistad_Ext_8cd55e,,,,,
2026-09-12T17:56:06-05:00,PUR_IED_Amistad_S202_a41169,PUR_IED_Amistad_S202_a41169,,,,,
2026-09-12T17:56:06-05:00,PUR_IED_AndresBello_Bio_fd5f5e,PUR_IED_AndresBello_Bio_fd5f5e,,,,,
2026-09-12T17:56:06-05:00,PUR_IED_AndresBello_ext_dcad65,PUR_IED_AndresBello_ext_dcad65,,,,,
2026-09-12T17:56:06-05:00,PUR_IED_AndresBello_port_eed3ec,PUR_IED_AndresBello_port_eed3ec,,,,,
2026-09-12T17:56:06-05:00,PUR_IED_AngelaR_11b_d90a6b,PUR_IED_AngelaR_11b_d90a6b,,,,,
2026-09-12T17:56:06-05:00,PUR_IED_AngelaR_ext_7cad3e,PUR_IED_AngelaR_ext_7cad3e,3,20,62,4.5825,-74.164497
2026-09-12T17:56:06-05:00,PUR_IED_AntJoseSucre_10mo_df2575,PUR_IED_AntJoseSucre_10mo_df2575,,,,,
2026-09-12T17:56:06-05:00,PUR_IED_AntJoseSucre_Ext_215b36,PUR_IED_AntJoseSucre_Ext_215b36,,,,,
2026-09-12T17:56:06-05:00,PUR_IED_AntJoseSucre_Lab_3139de,PUR_IED_AntJoseSucre_Lab_3139de,,,,,
2026-09-12T17:56:06-05:00,PUR_IED_AntonioGarcia_301_d6b188,PUR_IED_AntonioGarcia_301_d6b188,,,,,
2026-09-12T17:56:06-05:00,PUR_IED_AntonioGarcia_302_88a82,PUR_IED_AntonioGarcia_302_88a82,,,,,
2026-09-12T17:56:06-05:00,PUR_IED_AntonioGarcia_Ext_20950c,PUR_IED_AntonioGarcia_Ext_20950c,,,,,
2026-09-12T17:56:06-05:00,PUR_IED_AntonioVan_Aula2_6dea02,PUR_IED_AntonioVan_Aula2_6dea02,,,,,
2026-09-12T17:56:06-05:00,PUR_IED_AntonioVan_Aula5_f1557e,PUR_IED_AntonioVan_Aula5_f1557e,,,,,
2026-09-12T17:56:06-05:00,PUR_IED_AntonioVan_Ext_406f2f,PUR_IED_AntonioVan_Ext_406f2f,,,,,
2026-09-12T17:56:06-05:00,PUR_IED_Atabanzha_Ext_cc5af9,PUR_IED_Atabanzha_Ext_cc5af9,,,,,
2026-09-12T17:56:06-05:00,PUR_IED_Atabanzha_SA101_56c37,PUR_IED_Atabanzha_SA101_56c37,,,,,
2026-09-12T17:56:06-05:00,PUR_IED_Atabanzha_SB302_27b374,PUR_IED_Atabanzha_SB302_27b374,,,,,
2026-09-12T17:56:06-05:00,PUR_IED_Atahualpa_Ext_fc1748,PUR_IED_Atahualpa_Ext_fc1748,,,,,
2026-09-12T17:56:06-05:00,PUR_IED_Atahualpa_Informa_dc9a95,PUR_IED_Atahualpa_Informa_dc9a95,,,,,
2026-09-12T17:56:06-05:00,PUR_IED_Atahualpa_S1101_f98056,PUR_IED_Atahualpa_S1101_f98056,,,,,
2026-09-12T17:56:06-05:00,PUR_IED_Bellavista_Ext_f5aa74,PUR_IED_Bellavista_Ext_f5aa74,,,,,
2026-09-12T17:56:06-05:00,PUR_IED_Bilbao_11A_916c41,PUR_IED_Bilbao_11A_916c41,,,,,
2026-09-12T17:56:06-05:00,PUR_IED_Bilbao_Ext_fb579a,PUR_IED_Bilbao_Ext_fb579a,,,,,
2026-09-12T17:56:06-05:00,PUR_IED_BrasiliaU_A125_304280,PUR_IED_BrasiliaU_A125_304280,,,,,
2026-09-12T17:56:06-05:00,PUR_IED_BrasiliaU_A203_7c8ca5,PUR_IED_BrasiliaU_A203_7c8ca5,,,,,
2026-09-12T17:56:06-05:00,PUR_IED_BrasiliaU_Ext_8d6e9f,PUR_IED_BrasiliaU_Ext_8d6e9f,7,19,59,4.5175,-74.116302
2026-09-12T17:56:06-05:00,PUR_IED_Brasilia_Ext_fe6593,PUR_IED_Brasilia_Ext_fe6593,,,,,
2026-09-12T17:56:06-05:00,PUR_IED_Brasilia_S24_7c130d,PUR_IED_Brasilia_S24_7c130d,,,,,
2026-09-12T17:56:06-05:00,PUR_IED_Brasilia_S501_186a54,PUR_IED_Brasilia_S501_186a54,,,,,
2026-09-12T17:56:06-05:00,PUR_IED_CHARRY_EXT_f1d5cd,PUR_IED_CHARRY_EXT_f1d5cd,,,,,
2026-09-12T17:56:06-05:00,PUR_IED_CHARRY_INTDANZAS_7a08e6,PUR_IED_CHARRY_INTDANZAS_7a08e6,,,,,
2026-09-12T17:56:06-05:00,PUR_IED_CHARRY_INT_AULA20_dc998d,PUR_IED_CHARRY_INT_AULA20_dc998d,,,,,
2026-09-12T17:56:06-05:00,PUR_IED_COLVIV_1101_S25_7f520a,PUR_IED_COLVIV_1101_S25_7f520a,,,,,
2026-09-12T17:56:06-05:00,PUR_IED_COLVIV_1102_S16_f570ba,PUR_IED_COLVIV_1102_S16_f570ba,,,,,
2026-09-12T17:56:06-05:00,PUR_IED_COLVIV_Ext_1a26fa,PUR_IED_COLVIV_Ext_1a26fa,,,,,
2026-09-12T17:56:06-05:00,PUR_IED_CULPOP_301A_f660f3,PUR_IED_CULPOP_301A_f660f3,,,,,
2026-09-12T17:56:06-05:00,PUR_IED_CULPOP_303_568afe,PUR_IED_CULPOP_303_568afe,,,,,
2026-09-12T17:56:06-05:00,PUR_IED_CULPOP_Ext_e02ccb,PUR_IED_CULPOP_Ext_e02ccb,,,,,
2026-09-12T17:56:06-05:00,PUR_IED_CVillavicen_Ext_26eb58,PUR_IED_CVillavicen_Ext_26eb58,5,16,77,4.487,-74.102798
2026-09-12T17:56:06-05:00,PUR_IED_CVillavicen_Intel_1ce5c2,PUR_IED_CVillavicen_Intel_1ce5c2,,,,,
2026-09-12T17:56:06-05:00,PUR_IED_CVillavicen_Poliv_e0766c,PUR_IED_CVillavicen_Poliv_e0766c,,,,,
2026-09-12T17:56:06-05:00,PUR_IED_CVillavicen_int_1ba140,PUR_IED_CVillavicen_int_1ba140,,,,,
2026-09-12T17:56:06-05:00,PUR_IED_CVillavicen_intel_1ba140,PUR_IED_CVillavicen_intel_1ba140,,,,,
2026-09-12T17:56:06-05:00,PUR_IED_CarlosPizarro_Ext_e307cc,PUR_IED_CarlosPizarro_Ext_e307cc,,,,,
2026-09-12T17:56:06-05:00,PUR_IED_CarlosPizarro_L36_7e5cdb,PUR_IED_CarlosPizarro_L36_7e5cdb,,,,,
2026-09-12T17:56:06-05:00,PUR_IED_CarlosPizarro_L37_c8566c,PUR_IED_CarlosPizarro_L37_c8566c,,,,,
2026-09-12T17:56:06-05:00,PUR_IED_Castilla_Ext_cf35f,PUR_IED_Castilla_Ext_cf35f,,,,,
2026-09-12T17:56:06-05:00,PUR_IED_Castilla_SFisik_360e38,PUR_IED_Castilla_SFisik_360e38,,,,,
2026-09-12T17:56:06-05:00,PUR_IED_Castilla_Sc304_496fbf,PUR_IED_Castilla_Sc304_496fbf,,,,,
2026-09-12T17:56:06-05:00,PUR_IED_CervantesSa_Ext_6b57b,PUR_IED_CervantesSa_Ext_6b57b,4,19,67,4.5128,-74.117203
2026-09-12T17:56:06-05:00,PUR_IED_CervantesSa_S107_225c2b,PUR_IED_CervantesSa_S107_225c2b,,,,,
2026-09-12T17:56:06-05:00,PUR_IED_CervantesSa_S108_940925,PUR_IED_CervantesSa_S108_940925,,,,,
2026-09-12T17:56:06-05:00,PUR_IED_Charry_A20_f53e7c,PUR_IED_Charry_A20_f53e7c,,,,,
2026-09-12T17:56:06-05:00,PUR_IED_Charry_Ext_f1d5cd,PUR_IED_Charry_Ext_f1d5cd,,,,,
2026-09-12T17:56:06-05:00,PUR_IED_Charry_IntAula20_dc998d,PUR_IED_Charry_IntAula20_dc998d,,,,,
2026-09-12T17:56:06-05:00,PUR_IED_Charry_IntDanzas_7a08e6,PUR_IED_Charry_IntDanzas_7a08e6,,,,,
2026-09-12T17:56:06-05:00,PUR_IED_ClememciaC_203_43e2fc,PUR_IED_ClememciaC_203_43e2fc,,,,,
2026-09-12T17:56:06-05:00,PUR_IED_ClememciaC_Ext_1b411a,PUR_IED_ClememciaC_Ext_1b411a,,,,,
2026-09-12T17:56:06-05:00,PUR_IED_ClememciaC_Quimic_44b5fc,PUR_IED_ClememciaC_Quimic_44b5fc,,,,,
2026-09-12T17:56:06-05:00,PUR_IED_ClemenciaC_203_43e2fc,PUR_IED_ClemenciaC_203_43e2fc,,,,,
2026-09-12T17:56:06-05:00,PUR_IED_ClemenciaC_Ext_1b411a,PUR_IED_ClemenciaC_Ext_1b411a,,,,,
2026-09-12T17:56:06-05:00,PUR_IED_ClemenciaC_Quimic_44b5fc,PUR_IED_ClemenciaC_Quimic_44b5fc,,,,,
2026-09-12T17:56:06-05:00,PUR_IED_ColViva_1101_S25_7f520a,PUR_IED_ColViva_1101_S25_7f520a,,,,,
2026-09-12T17:56:06-05:00,PUR_IED_ColViva_1102_S16_f570ba,PUR_IED_ColViva_1102_S16_f570ba,,,,,
2026-09-12T17:56:06-05:00,PUR_IED_ColViva_Ext_1a26fa,PUR_IED_ColViva_Ext_1a26fa,,,,,
2026-09-12T17:56:06-05:00,PUR_IED_ColegioBici_Asist_7c8798,PUR_IED_ColegioBici_Asist_7c8798,,,,,
2026-09-12T17:56:06-05:00,PUR_IED_ColegioBici_Ext_25cbf6,PUR_IED_ColegioBici_Ext_25cbf6,,,,,
2026-09-12T17:56:06-05:00,PUR_IED_ColegioBici_LabQ_7b57db,PUR_IED_ColegioBici_LabQ_7b57db,,,,,
2026-09-12T17:56:06-05:00,PUR_IED_CostaRica_Ext_5e640,PUR_IED_CostaRica_Ext_5e640,,,,,
2026-09-12T17:56:06-05:00,PUR_IED_CostaRica_Quim1_766d1c,PUR_IED_CostaRica_Quim1_766d1c,,,,,
2026-09-12T17:56:06-05:00,PUR_IED_CostaRica__Fisica_6f0873,PUR_IED_CostaRica__Fisica_6f0873,,,,,
2026-09-12T17:56:06-05:00,PUR_IED_CulPopu_301A_f660f3,PUR_IED_CulPopu_301A_f660f3,,,,,
2026-09-12T17:56:06-05:00,PUR_IED_CulPopu_303_568afe,PUR_IED_CulPopu_303_568afe,,,,,
2026-09-12T17:56:06-05:00,PUR_IED_CulPopu_Ext_e02ccb,PUR_IED_CulPopu_Ext_e02ccb,,,,,
2026-09-12T17:56:06-05:00,PUR_IED_Cundinamarca_Ext_f15985,PUR_IED_Cundinamarca_Ext_f15985,,,,,
2026-09-12T17:56:06-05:00,PUR_IED_Cundinamarca_Info_7aa5d7,PUR_IED_Cundinamarca_Info_7aa5d7,,,,,
2026-09-12T17:56:06-05:00,PUR_IED_Cundinamarca_Tec2_f449c7,PUR_IED_Cundinamarca_Tec2_f449c7,,,,,
2026-09-12T17:56:06-05:00,PUR_IED_DiegoM_Aula1_27b314,PUR_IED_DiegoM_Aula1_27b314,,,,,
2026-09-12T17:56:06-05:00,PUR_IED_DiegoM_Ext_d80ac8,PUR_IED_DiegoM_Ext_d80ac8,,,,,
2026-09-12T17:56:06-05:00,PUR_IED_DiegoM_S25_da928f,PUR_IED_DiegoM_S25_da928f,,,,,
2026-09-12T17:56:06-05:00,PUR_IED_ELRODEO_360881,PUR_IED_ELRODEO_360881,,,,,
2026-09-12T17:56:06-05:00,PUR_IED_ELRODEO_ext_360881,PUR_IED_ELRODEO_ext_360881,,,,,
2026-09-12T17:56:06-05:00,PUR_IED_EduardoU_Ext_1c1969,PUR_IED_EduardoU_Ext_1c1969,,,,,
2026-09-12T17:56:06-05:00,PUR_IED_EduardoU_SCiencia_4dfb94,PUR_IED_EduardoU_SCiencia_4dfb94,,,,,
2026-09-12T17:56:06-05:00,PUR_IED_EduardoU_SQuimica_5a46e7,PUR_IED_EduardoU_SQuimica_5a46e7,,,,,
2026-09-12T17:56:06-05:00,PUR_IED_ElRodeo_Aula14_676984,PUR_IED_ElRodeo_Aula14_676984,,,,,
2026-09-12T17:56:06-05:00,PUR_IED_ElRodeo_Aula16_2dd35b,PUR_IED_ElRodeo_Aula16_2dd35b,,,,,
2026-09-12T17:56:06-05:00,PUR_IED_ElRodeo_Ext_360881,PUR_IED_ElRodeo_Ext_360881,,,,,
2026-09-12T17:56:06-05:00,PUR_IED_ElRodeo_Exterior_8c6d28,PUR_IED_ElRodeo_Exterior_8c6d28,,,,,
2026-09-12T17:56:06-05:00,PUR_IED_ElRodeo_ext_360881,PUR_IED_ElRodeo_ext_360881,,,,,
2026-09-12T17:56:06-05:00,PUR_IED_EmmaReyes_Ext_987625,PUR_IED_EmmaReyes_Ext_987625,2,21,51,4.6367,-74.1511
2026-09-12T17:56:06-05:00,PUR_IED_Ensueño_Ext_7f0250,PUR_IED_Ensueño_Ext_7f0250,,,,,
2026-09-12T17:56:06-05:00,PUR_IED_EscNormal_Ext_5fef3b,PUR_IED_EscNormal_Ext_5fef3b,2,20,57,4.5852,-74.096901
2026-09-12T17:56:06-05:00,PUR_IED_EscNormal_S309_5b263,PUR_IED_EscNormal_S309_5b263,,,,,
2026-09-12T17:56:06-05:00,PUR_IED_EscNormal_S310_27b3b8,PUR_IED_EscNormal_S310_27b3b8,,,,,
2026-09-12T17:56:06-05:00,PUR_IED_Evangelista_Conta_f6cd4f,PUR_IED_Evangelista_Conta_f6cd4f,,,,,
2026-09-12T17:56:06-05:00,PUR_IED_Evangelista_Cri_5e16a,PUR_IED_Evangelista_Cri_5e16a,,,,,
2026-09-12T17:56:06-05:00,PUR_IED_Evangelista_Exter_754066,PUR_IED_Evangelista_Exter_754066,,,,,
2026-09-12T17:56:06-05:00,PUR_IED_FMiranda_S209_5cc2a3,PUR_IED_FMiranda_S209_5cc2a3,,,,,
2026-09-12T17:56:06-05:00,PUR_IED_FMiranda_S303_19e344,PUR_IED_FMiranda_S303_19e344,,,,,
2026-09-12T17:56:06-05:00,PUR_IED_FMiranda_ext_f53e7c,PUR_IED_FMiranda_ext_f53e7c,,,,,
2026-09-12T17:56:06-05:00,PUR_IED_FabioLozano_Bibli_1cee05,PUR_IED_FabioLozano_Bibli_1cee05,,,,,
2026-09-12T17:56:06-05:00,PUR_IED_FabioLozano_Ext_6ea285,PUR_IED_FabioLozano_Ext_6ea285,,,,,
2026-09-12T17:56:06-05:00,PUR_IED_FabioLozano_SLudi_f09e1e,PUR_IED_FabioLozano_SLudi_f09e1e,,,,,
2026-09-12T17:56:06-05:00,PUR_IED_FaustinoS_Aula07_27a731,PUR_IED_FaustinoS_Aula07_27a731,,,,,
2026-09-12T17:56:06-05:00,PUR_IED_FaustinoS_Ext_7b936f,PUR_IED_FaustinoS_Ext_7b936f,,,,,
2026-09-12T17:56:06-05:00,PUR_IED_FaustinoS_Fisica_da2c60,PUR_IED_FaustinoS_Fisica_da2c60,,,,,
2026-09-12T17:56:06-05:00,PUR_IED_FeGarciaLo_Ext_dc68ee,PUR_IED_FeGarciaLo_Ext_dc68ee,,,,,
2026-09-12T17:56:06-05:00,PUR_IED_FeGarciaLo_SDanza_f70a59,PUR_IED_FeGarciaLo_SDanza_f70a59,,,,,
2026-09-12T17:56:06-05:00,PUR_IED_FeGarciaLo_SMusic_125cdd,PUR_IED_FeGarciaLo_SMusic_125cdd,,,,,
2026-09-12T17:56:06-05:00,PUR_IED_FederalAlema_Exte_50c345,PUR_IED_FederalAlema_Exte_50c345,,,,,
2026-09-12T17:56:06-05:00,PUR_IED_FederalAlema_S31_f18371,PUR_IED_FederalAlema_S31_f18371,,,,,
2026-09-12T17:56:06-05:00,PUR_IED_FederalAlema_S901_a62cd,PUR_IED_FederalAlema_S901_a62cd,,,,,
2026-09-12T17:56:06-05:00,PUR_IED_FilarmonicaS_A5_f35eb1,PUR_IED_FilarmonicaS_A5_f35eb1,,,,,
2026-09-12T17:56:06-05:00,PUR_IED_FilarmonicaS_Ext_8a3bde,PUR_IED_FilarmonicaS_Ext_8a3bde,,,,,
2026-09-12T17:56:06-05:00,PUR_IED_FilarmonicaS_Spol_406114,PUR_IED_FilarmonicaS_Spol_406114,,,,,
2026-09-12T17:56:06-05:00,PUR_IED_FlorentinoG_A13_d1fa59,PUR_IED_FlorentinoG_A13_d1fa59,,,,,
2026-09-12T17:56:06-05:00,PUR_IED_FlorentinoG_Ext_1ce6ce,PUR_IED_FlorentinoG_Ext_1ce6ce,,,,,
2026-09-12T17:56:06-05:00,PUR_IED_FlorentinoG_Idiom_a66aac,PUR_IED_FlorentinoG_Idiom_a66aac,,,,,
2026-09-12T17:56:06-05:00,PUR_IED_FranciscoMati_Ext_e3869d,PUR_IED_FranciscoMati_Ext_e3869d,,,,,
2026-09-12T17:56:06-05:00,PUR_IED_FranciscoMati_S13_f31c67,PUR_IED_FranciscoMati_S13_f31c67,,,,,
2026-09-12T17:56:06-05:00,PUR_IED_FranciscoMati_S14_97dead,PUR_IED_FranciscoMati_S14_97dead,,,,,
2026-09-12T17:56:06-05:00,PUR_IED_FranciscoPS_Ext_7bfa9a,PUR_IED_FranciscoPS_Ext_7bfa9a,2,21,57,4.5899,-74.110397
2026-09-12T17:56:06-05:00,PUR_IED_FranciscoPS_Infor_fb8f4c,PUR_IED_FranciscoPS_Infor_fb8f4c,,,,,
2026-09-12T17:56:06-05:00,PUR_IED_FranciscoPS_Quimi_94d39c,PUR_IED_FranciscoPS_Quimi_94d39c,,,,,
2026-09-12T17:56:06-05:00,PUR_IED_FranciscoP_LabQ_d7e148,PUR_IED_FranciscoP_LabQ_d7e148,,,,,
2026-09-12T17:56:06-05:00,PUR_IED_FranciscoP_S28_cf9b30,PUR_IED_FranciscoP_S28_cf9b30,,,,,
2026-09-12T17:56:06-05:00,PUR_IED_FranciscoP_ext_e2313,PUR_IED_FranciscoP_ext_e2313,,,,,
2026-09-12T17:56:06-05:00,PUR_IED_FriederichN_Ext_8ac92a,PUR_IED_FriederichN_Ext_8ac92a,,,,,
2026-09-12T17:56:06-05:00,PUR_IED_FriederichN_S301_dd7e5a,PUR_IED_FriederichN_S301_dd7e5a,,,,,
2026-09-12T17:56:06-05:00,PUR_IED_FriederichN_S308_761f4f,PUR_IED_FriederichN_S308_761f4f,,,,,
2026-09-12T17:56:06-05:00,PUR_IED_GSantander_Aula10_533dd7,PUR_IED_GSantander_Aula10_533dd7,,,,,
2026-09-12T17:56:06-05:00,PUR_IED_GSantander_Aula12_fd4e4f,PUR_IED_GSantander_Aula12_fd4e4f,,,,,
2026-09-12T17:56:06-05:00,PUR_IED_GSantander_Aula310_533dd7,PUR_IED_GSantander_Aula310_533dd7,,,,,
2026-09-12T17:56:06-05:00,PUR_IED_GSantander_Aula312_fd4e4f,PUR_IED_GSantander_Aula312_fd4e4f,,,,,
2026-09-12T17:56:06-05:00,PUR_IED_GSantander_Ext_5f66b0,PUR_IED_GSantander_Ext_5f66b0,,,,,
2026-09-12T17:56:06-05:00,PUR_IED_GYomasa_Ext_f6bea5,PUR_IED_GYomasa_Ext_f6bea5,,,,,
2026-09-12T17:56:06-05:00,PUR_IED_GYomasa_LBiol_2c41aa,PUR_IED_GYomasa_LBiol_2c41aa,,,,,
2026-09-12T17:56:06-05:00,PUR_IED_GYomasa_LQuim_33c80,PUR_IED_GYomasa_LQuim_33c80,,,,,
2026-09-12T17:56:06-05:00,PUR_IED_GabBetMejia_Cienc_5a99c,PUR_IED_GabBetMejia_Cienc_5a99c,,,,,
2026-09-12T17:56:06-05:00,PUR_IED_GabBetMejia_Ext_9153d0,PUR_IED_GabBetMejia_Ext_9153d0,,,,,
2026-09-12T17:56:06-05:00,PUR_IED_GabBetMejia_Lab_f55347,PUR_IED_GabBetMejia_Lab_f55347,,,,,
2026-09-12T17:56:06-05:00,PUR_IED_GabBetanMejia_Ext_9153d0,PUR_IED_GabBetanMejia_Ext_9153d0,,,,,
2026-09-12T17:56:06-05:00,PUR_IED_Gaitana_Aula13_7aac11,PUR_IED_Gaitana_Aula13_7aac11,,,,,
2026-09-12T17:56:06-05:00,PUR_IED_Gaitana_Ext_5fcf4,PUR_IED_Gaitana_Ext_5fcf4,,,,,
2026-09-12T17:56:06-05:00,PUR_IED_Gaitana_LabFisica_644448,PUR_IED_Gaitana_LabFisica_644448,,,,,
2026-09-12T17:56:06-05:00,PUR_IED_GenSantander_Dise_8ac858,PUR_IED_GenSantander_Dise_8ac858,,,,,
2026-09-12T17:56:06-05:00,PUR_IED_GenSantander_Ext_8d5dfe,PUR_IED_GenSantander_Ext_8d5dfe,,,,,
2026-09-12T17:56:06-05:00,PUR_IED_GenSantander_Info_6c25b,PUR_IED_GenSantander_Info_6c25b,,,,,
2026-09-12T17:56:06-05:00,PUR_IED_GustavoMo_Exterio_75e63d,PUR_IED_GustavoMo_Exterio_75e63d,,,,,
2026-09-12T17:56:06-05:00,PUR_IED_GustavoMo_LabFisi_224d37,PUR_IED_GustavoMo_LabFisi_224d37,,,,,
2026-09-12T17:56:06-05:00,PUR_IED_GustavoMo_S208_3e6918,PUR_IED_GustavoMo_S208_3e6918,,,,,
2026-09-12T17:56:06-05:00,PUR_IED_GustavoR_A02_8cd4a8,PUR_IED_GustavoR_A02_8cd4a8,,,,,
2026-09-12T17:56:06-05:00,PUR_IED_GustavoR_B11_5b0ed,PUR_IED_GustavoR_B11_5b0ed,,,,,
2026-09-12T17:56:06-05:00,PUR_IED_GustavoR_Ext_7a0c90,PUR_IED_GustavoR_Ext_7a0c90,,,,,
2026-09-12T17:56:06-05:00,PUR_IED_HernandoDuran_Ext_8cd82b,PUR_IED_HernandoDuran_Ext_8cd82b,,,,,
2026-09-12T17:56:06-05:00,PUR_IED_HernandoDuran_S24_2772c6,PUR_IED_HernandoDuran_S24_2772c6,,,,,
2026-09-12T17:56:06-05:00,PUR_IED_HernandoDuran_S30_f2de41,PUR_IED_HernandoDuran_S30_f2de41,,,,,
2026-09-12T17:56:06-05:00,PUR_IED_HolguInUr_S1101_8cd732,PUR_IED_HolguInUr_S1101_8cd732,,,,,
2026-09-12T17:56:06-05:00,PUR_IED_HolguinUr_Exter_ddae6d,PUR_IED_HolguinUr_Exter_ddae6d,,,,,
2026-09-12T17:56:06-05:00,PUR_IED_HolguinUr_LabQuim_92b952,PUR_IED_HolguinUr_LabQuim_92b952,,,,,
2026-09-12T17:56:06-05:00,PUR_IED_Isabel-II_Ext_5245cc,PUR_IED_Isabel-II_Ext_5245cc,2,20,57,4.6336,-74.153
2026-09-12T17:56:06-05:00,PUR_IED_Isabel-II_S_idiom_1c29aa,PUR_IED_Isabel-II_S_idiom_1c29aa,,,,,
2026-09-12T17:56:06-05:00,PUR_IED_Isabel-II_S_infor_fd741,PUR_IED_Isabel-II_S_infor_fd741,,,,,
2026-09-12T17:56:06-05:00,PUR_IED_IsidroSur_Exterio_5b90ea,PUR_IED_IsidroSur_Exterio_5b90ea,,,,,
2026-09-12T17:56:06-05:00,PUR_IED_IsidroSur_LabTec_56697a,PUR_IED_IsidroSur_LabTec_56697a,,,,,
2026-09-12T17:56:06-05:00,PUR_IED_IsidroSur_Robotic_b7c38f,PUR_IED_IsidroSur_Robotic_b7c38f,,,,,
2026-09-12T17:56:06-05:00,PUR_IED_IsmaelPerd_Ext_7b6672,PUR_IED_IsmaelPerd_Ext_7b6672,,,,,
2026-09-12T17:56:06-05:00,PUR_IED_IsmaelPerd_Inform_306540,PUR_IED_IsmaelPerd_Inform_306540,,,,,
2026-09-12T17:56:06-05:00,PUR_IED_IsmaelPerd_S30_2e2c83,PUR_IED_IsmaelPerd_S30_2e2c83,,,,,
2026-09-12T17:56:06-05:00,PUR_IED_JLozano_Exter_432910,PUR_IED_JLozano_Exter_432910,,,,,
2026-09-12T17:56:06-05:00,PUR_IED_JLozano_salaMulti_df5125,PUR_IED_JLozano_salaMulti_df5125,,,,,
2026-09-12T17:56:06-05:00,PUR_IED_JMCordoba_206_86f80b,PUR_IED_JMCordoba_206_86f80b,,,,,
2026-09-12T17:56:06-05:00,PUR_IED_JMCordoba_Ext_27ad97,PUR_IED_JMCordoba_Ext_27ad97,,,,,
2026-09-12T17:56:06-05:00,PUR_IED_JMCordoba_S310_d59ab4,PUR_IED_JMCordoba_S310_d59ab4,,,,,
2026-09-12T17:56:06-05:00,PUR_IED_Japon_Ext_549100,PUR_IED_Japon_Ext_549100,,,,,
2026-09-12T17:56:06-05:00,PUR_IED_Japon_Laboratorio_bec51d,PUR_IED_Japon_Laboratorio_bec51d,,,,,
2026-09-12T17:56:06-05:00,PUR_IED_Japon_informatica_d99327,PUR_IED_Japon_informatica_d99327,,,,,
2026-09-12T17:56:06-05:00,PUR_IED_Jazmin_Ext_d27bda,PUR_IED_Jazmin_Ext_d27bda,,,,,
2026-09-12T17:56:06-05:00,PUR_IED_Jazmin_Fisica_8d14d7,PUR_IED_Jazmin_Fisica_8d14d7,,,,,
2026-09-12T17:56:06-05:00,PUR_IED_Jazmin_Quimica_801cb5,PUR_IED_Jazmin_Quimica_801cb5,,,,,
2026-09-12T17:56:06-05:00,PUR_IED_JorgeGaitan_Exter_f098d1,PUR_IED_JorgeGaitan_Exter_f098d1,,,,,
2026-09-12T17:56:06-05:00,PUR_IED_JorgeGaitan_STec1_dc9d1d,PUR_IED_JorgeGaitan_STec1_dc9d1d,,,,,
2026-09-12T17:56:06-05:00,PUR_IED_JorgeGaitan_STec2_281e69,PUR_IED_JorgeGaitan_STec2_281e69,,,,,
2026-09-12T17:56:06-05:00,PUR_IED_JorgeSoto_Exterio_d9d0a2,PUR_IED_JorgeSoto_Exterio_d9d0a2,,,,,
2026-09-12T17:56:06-05:00,PUR_IED_JorgeSoto_LabFisi_209c54,PUR_IED_JorgeSoto_LabFisi_209c54,,,,,
2026-09-12T17:56:06-05:00,PUR_IED_JorgeSoto_S103_27b51a,PUR_IED_JorgeSoto_S103_27b51a,,,,,
2026-09-12T17:56:06-05:00,PUR_IED_JoseAcevedo_A02_e965eb,PUR_IED_JoseAcevedo_A02_e965eb,,,,,
2026-09-12T17:56:06-05:00,PUR_IED_JoseAcevedo_A07_dd5b4,PUR_IED_JoseAcevedo_A07_dd5b4,,,,,
2026-09-12T17:56:06-05:00,PUR_IED_JoseAcevedo_Ext_b47484,PUR_IED_JoseAcevedo_Ext_b47484,,,,,
2026-09-12T17:56:06-05:00,PUR_IED_JoseMarti_Exte_5b9bf,PUR_IED_JoseMarti_Exte_5b9bf,,,,,
2026-09-12T17:56:06-05:00,PUR_IED_JoseMarti_LabQuim_1c6c2d,PUR_IED_JoseMarti_LabQuim_1c6c2d,,,,,
2026-09-12T17:56:06-05:00,PUR_IED_JoseMarti_S_info_f5f177,PUR_IED_JoseMarti_S_info_f5f177,,,,,
2026-09-12T17:56:06-05:00,PUR_IED_Josejoaquin_Ext_dfc5dc,PUR_IED_Josejoaquin_Ext_dfc5dc,,,,,
2026-09-12T17:56:06-05:00,PUR_IED_Josejoaquin_S05_5b2a96,PUR_IED_Josejoaquin_S05_5b2a96,,,,,
2026-09-12T17:56:06-05:00,PUR_IED_Josejoaquin_S06_1ce7d2,PUR_IED_Josejoaquin_S06_1ce7d2,,,,,
2026-09-12T17:56:06-05:00,PUR_IED_JulioFlorez_Danza_9b82dd,PUR_IED_JulioFlorez_Danza_9b82dd,,,,,
2026-09-12T17:56:06-05:00,PUR_IED_JulioFlorez_Exter_f9f314,PUR_IED_JulioFlorez_Exter_f9f314,,,,,
2026-09-12T17:56:06-05:00,PUR_IED_JulioFlorez_info2_6b6e08,PUR_IED_JulioFlorez_info2_6b6e08,,,,,
2026-09-12T17:56:06-05:00,PUR_IED_LaBelleza_Aula13_1d00d8,PUR_IED_LaBelleza_Aula13_1d00d8,,,,,
2026-09-12T17:56:06-05:00,PUR_IED_LaBelleza_Ext_7bc08c,PUR_IED_LaBelleza_Ext_7bc08c,,,,,
2026-09-12T17:56:06-05:00,PUR_IED_LaChucua_Ext_8cd6d2,PUR_IED_LaChucua_Ext_8cd6d2,,,,,
2026-09-12T17:56:06-05:00,PUR_IED_LaChucua_S15_f578ce,PUR_IED_LaChucua_S15_f578ce,,,,,
2026-09-12T17:56:06-05:00,PUR_IED_LaChucua_S16_eebcf9,PUR_IED_LaChucua_S16_eebcf9,,,,,
2026-09-12T17:56:06-05:00,PUR_IED_LaFelicidad_Ext_fb5109,PUR_IED_LaFelicidad_Ext_fb5109,,,,,
2026-09-12T17:56:06-05:00,PUR_IED_LaMerced_206_66ebd,PUR_IED_LaMerced_206_66ebd,,,,,
2026-09-12T17:56:06-05:00,PUR_IED_LaMerced_207_6ebd6,PUR_IED_LaMerced_207_6ebd6,,,,,
2026-09-12T17:56:06-05:00,PUR_IED_LaMerced_ext_304311,PUR_IED_LaMerced_ext_304311,,,,,
2026-09-12T17:56:06-05:00,PUR_IED_Laureano_CiencNat_281e5e,PUR_IED_Laureano_CiencNat_281e5e,,,,,
2026-09-12T17:56:06-05:00,PUR_IED_Laureano_Comedor_f65c0a,PUR_IED_Laureano_Comedor_f65c0a,,,,,
2026-09-12T17:56:06-05:00,PUR_IED_Laureano_Exterior_7ab011,PUR_IED_Laureano_Exterior_7ab011,,,,,
2026-09-12T17:56:06-05:00,PUR_IED_LeonGreiff_Exte_dfe560,PUR_IED_LeonGreiff_Exte_dfe560,,,,,
2026-09-12T17:56:06-05:00,PUR_IED_LeonGreiff_S210_f264ed,PUR_IED_LeonGreiff_S210_f264ed,,,,,
2026-09-12T17:56:06-05:00,PUR_IED_LeonGreiff_SQuimi_e8296f,PUR_IED_LeonGreiff_SQuimi_e8296f,,,,,
2026-09-12T17:56:06-05:00,PUR_IED_LlanoOrientalS208_7b9fcd,PUR_IED_LlanoOrientalS208_7b9fcd,,,,,
2026-09-12T17:56:06-05:00,PUR_IED_LlanoOriental_Ext_fb3766,PUR_IED_LlanoOriental_Ext_fb3766,,,,,
2026-09-12T17:56:06-05:00,PUR_IED_LlanoOriental_S208_7b9fcd,PUR_IED_LlanoOriental_S208_7b9fcd,,,,,
2026-09-12T17:56:06-05:00,PUR_IED_LlanoOriental_S9_27b378,PUR_IED_LlanoOriental_S9_27b378,,,,,
2026-09-12T17:56:06-05:00,PUR_IED_LosTejares_1101_477602,PUR_IED_LosTejares_1101_477602,,,,,
2026-09-12T17:56:06-05:00,PUR_IED_LosTejares_11_d2c595,PUR_IED_LosTejares_11_d2c595,,,,,
2026-09-12T17:56:06-05:00,PUR_IED_LosTejares_12_477602,PUR_IED_LosTejares_12_477602,,,,,
2026-09-12T17:56:06-05:00,PUR_IED_LosTejares_Ext_8e2115,PUR_IED_LosTejares_Ext_8e2115,,,,,
2026-09-12T17:56:06-05:00,PUR_IED_MagdalenaO_B202_5ddda3,PUR_IED_MagdalenaO_B202_5ddda3,,,,,
2026-09-12T17:56:06-05:00,PUR_IED_MagdalenaO_B205_fb76e8,PUR_IED_MagdalenaO_B205_fb76e8,,,,,
2026-09-12T17:56:06-05:00,PUR_IED_MagdalenaO_ext_dc69cd,PUR_IED_MagdalenaO_ext_dc69cd,,,,,
2026-09-12T17:56:06-05:00,PUR_IED_ManueCepeda_artes_eee956,PUR_IED_ManueCepeda_artes_eee956,,,,,
2026-09-12T17:56:06-05:00,PUR_IED_ManuelCepeda_Ext_58313,PUR_IED_ManuelCepeda_Ext_58313,,,,,
2026-09-12T17:56:06-05:00,PUR_IED_ManuelCepeda_tec_1c5731,PUR_IED_ManuelCepeda_tec_1c5731,,,,,
2026-09-12T17:56:06-05:00,PUR_IED_ManuelS_Exterior_5b269,PUR_IED_ManuelS_Exterior_5b269,,,,,
2026-09-12T17:56:06-05:00,PUR_IED_ManuelS_Inform_f369ce,PUR_IED_ManuelS_Inform_f369ce,,,,,
2026-09-12T17:56:06-05:00,PUR_IED_ManuelS_SArtes_7d15f1,PUR_IED_ManuelS_SArtes_7d15f1,,,,,
2026-09-12T17:56:06-05:00,PUR_IED_ManuelZapata_303_3ca6,PUR_IED_ManuelZapata_303_3ca6,,,,,
2026-09-12T17:56:06-05:00,PUR_IED_ManuelZapata_311_bfbabc,PUR_IED_ManuelZapata_311_bfbabc,,,,,
2026-09-12T17:56:06-05:00,PUR_IED_ManuelZapata_Ext_50824a,PUR_IED_ManuelZapata_Ext_50824a,,,,,
2026-09-12T17:56:06-05:00,PUR_IED_ManuelitaS_Exteri_656a92,PUR_IED_ManuelitaS_Exteri_656a92,,,,,
2026-09-12T17:56:06-05:00,PUR_IED_ManuelitaS_JuzgDe_f58ec3,PUR_IED_ManuelitaS_JuzgDe_f58ec3,,,,,
2026-09-12T17:56:06-05:00,PUR_IED_ManuelitaS_Recrea_d793db,PUR_IED_ManuelitaS_Recrea_d793db,,,,,
2026-09-12T17:56:06-05:00,PUR_IED_MarFidSuarez_Ext_c27b19,PUR_IED_MarFidSuarez_Ext_c27b19,,,,,
2026-09-12T17:56:06-05:00,PUR_IED_MarFidSuarez_Info_e384d7,PUR_IED_MarFidSuarez_Info_e384d7,,,,,
2026-09-12T17:56:06-05:00,PUR_IED_MarFidSuarez_S306_1d0032,PUR_IED_MarFidSuarez_S306_1d0032,,,,,
2026-09-12T17:56:06-05:00,PUR_IED_Menorah_301_2a25a3,PUR_IED_Menorah_301_2a25a3,,,,,
2026-09-12T17:56:06-05:00,PUR_IED_Menorah_306_37ed3,PUR_IED_Menorah_306_37ed3,,,,,
2026-09-12T17:56:06-05:00,PUR_IED_Menorah_Ext_3e155b,PUR_IED_Menorah_Ext_3e155b,,,,,
2026-09-12T17:56:06-05:00,PUR_IED_MinutoB.Aires_A11_1b1604,PUR_IED_MinutoB.Aires_A11_1b1604,,,,,
2026-09-12T17:56:06-05:00,PUR_IED_MinutoB.Aires_A12_fb5860,PUR_IED_MinutoB.Aires_A12_fb5860,,,,,
2026-09-12T17:56:06-05:00,PUR_IED_MinutoB.Aires_Ext_81293f,PUR_IED_MinutoB.Aires_Ext_81293f,,,,,
2026-09-12T17:56:06-05:00,PUR_IED_MinutoBAires_A11_1b1604,PUR_IED_MinutoBAires_A11_1b1604,,,,,
2026-09-12T17:56:06-05:00,PUR_IED_MinutoBAires_A12_fb5860,PUR_IED_MinutoBAires_A12_fb5860,,,,,
2026-09-12T17:56:06-05:00,PUR_IED_MinutoBAires_Ext_81293f,PUR_IED_MinutoBAires_Ext_81293f,,,,,
2026-09-12T17:56:06-05:00,PUR_IED_Montreal_Aula10_1e4959,PUR_IED_Montreal_Aula10_1e4959,,,,,
2026-09-12T17:56:06-05:00,PUR_IED_Montreal_Aula6_300367,PUR_IED_Montreal_Aula6_300367,,,,,
2026-09-12T17:56:06-05:00,PUR_IED_Montreal_Exterior_91a179,PUR_IED_Montreal_Exterior_91a179,,,,,
2026-09-12T17:56:06-05:00,PUR_IED_Mqgdalena_B202_5ddda3,PUR_IED_Mqgdalena_B202_5ddda3,,,,,
2026-09-12T17:56:06-05:00,PUR_IED_NACUND_Soc_dc8728,PUR_IED_NACUND_Soc_dc8728,,,,,
2026-09-12T17:56:06-05:00,PUR_IED_NACUND_ext_27ad97,PUR_IED_NACUND_ext_27ad97,,,,,
2026-09-12T17:56:06-05:00,PUR_IED_NEsperanza_Ext_d24b61,PUR_IED_NEsperanza_Ext_d24b61,,,,,
2026-09-12T17:56:06-05:00,PUR_IED_NEsperanza_SElect_7d1807,PUR_IED_NEsperanza_SElect_7d1807,,,,,
2026-09-12T17:56:06-05:00,PUR_IED_NEsperanza_SLabor_8b2d0a,PUR_IED_NEsperanza_SLabor_8b2d0a,,,,,
2026-09-12T17:56:06-05:00,PUR_IED_NacionesU_Ext_f661a9,PUR_IED_NacionesU_Ext_f661a9,,,,,
2026-09-12T17:56:06-05:00,PUR_IED_NacionesU_Quimica_66f0a,PUR_IED_NacionesU_Quimica_66f0a,,,,,
2026-09-12T17:56:06-05:00,PUR_IED_NacionesU_S306_1b4b3d,PUR_IED_NacionesU_S306_1b4b3d,,,,,
2026-09-12T17:56:06-05:00,PUR_IED_NestorFA_Ext_e4201c,PUR_IED_NestorFA_Ext_e4201c,,,,,
2026-09-12T17:56:06-05:00,PUR_IED_NestorFA_Laborato_f22fe0,PUR_IED_NestorFA_Laborato_f22fe0,,,,,
2026-09-12T17:56:06-05:00,PUR_IED_NestorFA_S204_dee996,PUR_IED_NestorFA_S204_dee996,,,,,
2026-09-12T17:56:06-05:00,PUR_IED_NidyaQT_Aula03_76999b,PUR_IED_NidyaQT_Aula03_76999b,,,,,
2026-09-12T17:56:06-05:00,PUR_IED_NidyaQT_Aula10_56325,PUR_IED_NidyaQT_Aula10_56325,,,,,
2026-09-12T17:56:06-05:00,PUR_IED_NidyaQT_Ext_46e32d,PUR_IED_NidyaQT_Ext_46e32d,,,,,
2026-09-12T17:56:06-05:00,PUR_IED_NuevaCol_Exterior_d9b859,PUR_IED_NuevaCol_Exterior_d9b859,,,,,
2026-09-12T17:56:06-05:00,PUR_IED_NuevaCol_S1101_76c43b,PUR_IED_NuevaCol_S1101_76c43b,,,,,
2026-09-12T17:56:06-05:00,PUR_IED_NuevaCol_S1102_1ce0b5,PUR_IED_NuevaCol_S1102_1ce0b5,,,,,
2026-09-12T17:56:06-05:00,PUR_IED_OEA_A202_f7e3f2,PUR_IED_OEA_A202_f7e3f2,,,,,
2026-09-12T17:56:06-05:00,PUR_IED_OEA_A203_7d1b8d,PUR_IED_OEA_A203_7d1b8d,,,,,
2026-09-12T17:56:06-05:00,PUR_IED_OEA_Ext_27b593,PUR_IED_OEA_Ext_27b593,,,,,
2026-09-12T17:56:06-05:00,PUR_IED_Ochoa_Ext_1c29da,PUR_IED_Ochoa_Ext_1c29da,,,,,
2026-09-12T17:56:06-05:00,PUR_IED_Ochoa_S205_8b1121,PUR_IED_Ochoa_S205_8b1121,,,,,
2026-09-12T17:56:06-05:00,PUR_IED_Ochoa_Sistemas_f33af6,PUR_IED_Ochoa_Sistemas_f33af6,,,,,
2026-09-12T17:56:06-05:00,PUR_IED_PQuebec_Ext_1c67c7,PUR_IED_PQuebec_Ext_1c67c7,,,,,
2026-09-12T17:56:06-05:00,PUR_IED_PQuebec_S15_23e8e2,PUR_IED_PQuebec_S15_23e8e2,,,,,
2026-09-12T17:56:06-05:00,PUR_IED_PQuebec_S16_8ec76b,PUR_IED_PQuebec_S16_8ec76b,,,,,
2026-09-12T17:56:06-05:00,PUR_IED_PabloN_Ext_49dc96,PUR_IED_PabloN_Ext_49dc96,,,,,
2026-09-12T17:56:06-05:00,PUR_IED_PabloN_S1102_4e3df5,PUR_IED_PabloN_S1102_4e3df5,,,,,
2026-09-12T17:56:06-05:00,PUR_IED_PabloN_S1103_50c94b,PUR_IED_PabloN_S1103_50c94b,,,,,
2026-09-12T17:56:06-05:00,PUR_IED_Palestina_S1101_db9198,PUR_IED_Palestina_S1101_db9198,,,,,
2026-09-12T17:56:06-05:00,PUR_IED_Palestina_S1102_dc54fa,PUR_IED_Palestina_S1102_dc54fa,,,,,
2026-09-12T17:56:06-05:00,PUR_IED_Palestina_ext_4ccce6,PUR_IED_Palestina_ext_4ccce6,,,,,
2026-09-12T17:56:06-05:00,PUR_IED_Panama_Fisica_4d0794,PUR_IED_Panama_Fisica_4d0794,,,,,
2026-09-12T17:56:06-05:00,PUR_IED_Panama_SIngles_a4077e,PUR_IED_Panama_SIngles_a4077e,,,,,
2026-09-12T17:56:06-05:00,PUR_IED_Panama_ext_4c54b4,PUR_IED_Panama_ext_4c54b4,,,,,
2026-09-12T17:56:06-05:00,PUR_IED_ParaisoM_Exterior_8cd7f0,PUR_IED_ParaisoM_Exterior_8cd7f0,,,,,
2026-09-12T17:56:06-05:00,PUR_IED_ParaisoM_Laborato_27af35,PUR_IED_ParaisoM_Laborato_27af35,,,,,
2026-09-12T17:56:06-05:00,PUR_IED_ParaisoM_S304_d1edca,PUR_IED_ParaisoM_S304_d1edca,,,,,
2026-09-12T17:56:06-05:00,PUR_IED_PorfirioBarba_Ext_301466,PUR_IED_PorfirioBarba_Ext_301466,,,,,
2026-09-12T17:56:06-05:00,PUR_IED_PorfirioBarba_S11_df6cd2,PUR_IED_PorfirioBarba_S11_df6cd2,,,,,
2026-09-12T17:56:06-05:00,PUR_IED_PorfirioBarba_S29_27a7d6,PUR_IED_PorfirioBarba_S29_27a7d6,,,,,
2026-09-12T17:56:06-05:00,PUR_IED_PradoV_Exter_8b27ad,PUR_IED_PradoV_Exter_8b27ad,,,,,
2026-09-12T17:56:06-05:00,PUR_IED_PradoV_S301_de65b5,PUR_IED_PradoV_S301_de65b5,,,,,
2026-09-12T17:56:06-05:00,PUR_IED_PradoV_S302_7d2593,PUR_IED_PradoV_S302_7d2593,,,,,
2026-09-12T17:56:06-05:00,PUR_IED_QuirogaAlz_Ext_1ddc82,PUR_IED_QuirogaAlz_Ext_1ddc82,,,,,
2026-09-12T17:56:06-05:00,PUR_IED_QuirogaAlz_S302_9926a3,PUR_IED_QuirogaAlz_S302_9926a3,,,,,
2026-09-12T17:56:06-05:00,PUR_IED_QuirogaAlz_S305_cdf1f1,PUR_IED_QuirogaAlz_S305_cdf1f1,,,,,
2026-09-12T17:56:06-05:00,PUR_IED_RGuatemala_Biling_dc53b7,PUR_IED_RGuatemala_Biling_dc53b7,,,,,
2026-09-12T17:56:06-05:00,PUR_IED_RGuatemala_Ext_1b89a3,PUR_IED_RGuatemala_Ext_1b89a3,,,,,
2026-09-12T17:56:06-05:00,PUR_IED_RGuatemala_Tecnol_281a34,PUR_IED_RGuatemala_Tecnol_281a34,,,,,
2026-09-12T17:56:06-05:00,PUR_IED_RafaNu_Ext_f7c302,PUR_IED_RafaNu_Ext_f7c302,,,,,
2026-09-12T17:56:06-05:00,PUR_IED_RafaNu_S1101_25fde,PUR_IED_RafaNu_S1101_25fde,,,,,
2026-09-12T17:56:06-05:00,PUR_IED_RafaNu_S1102_281517,PUR_IED_RafaNu_S1102_281517,,,,,
2026-09-12T17:56:06-05:00,PUR_IED_RafaelB_S305_ee2783,PUR_IED_RafaelB_S305_ee2783,,,,,
2026-09-12T17:56:06-05:00,PUR_IED_RafaelB_S306_75fe33,PUR_IED_RafaelB_S306_75fe33,,,,,
2026-09-12T17:56:06-05:00,PUR_IED_RafaelB_ext_283336,PUR_IED_RafaelB_ext_283336,2,19,59,4.6722,-74.0737
2026-09-12T17:56:06-05:00,PUR_IED_RafaelUU_Exterior_281a51,PUR_IED_RafaelUU_Exterior_281a51,,,,,
2026-09-12T17:56:06-05:00,PUR_IED_RafaelUU_Human_806b2,PUR_IED_RafaelUU_Human_806b2,,,,,
2026-09-12T17:56:06-05:00,PUR_IED_RafaelUU_Mate2_5680d4,PUR_IED_RafaelUU_Mate2_5680d4,,,,,
2026-09-12T17:56:06-05:00,PUR_IED_RamonSub_Ext_f9eeb9,PUR_IED_RamonSub_Ext_f9eeb9,,,,,
2026-09-12T17:56:06-05:00,PUR_IED_RamonSub_Media_d1f62f,PUR_IED_RamonSub_Media_d1f62f,,,,,
2026-09-12T17:56:06-05:00,PUR_IED_RamonSub_planta_51b82,PUR_IED_RamonSub_planta_51b82,,,,,
2026-09-12T17:56:06-05:00,PUR_IED_RepBoliVene_Exter_27af7c,PUR_IED_RepBoliVene_Exter_27af7c,,,,,
2026-09-12T17:56:06-05:00,PUR_IED_RepBoliVene_SCPT_5ae2ee,PUR_IED_RepBoliVene_SCPT_5ae2ee,,,,,
2026-09-12T17:56:06-05:00,PUR_IED_RepBoliVene_Socia_4b11d5,PUR_IED_RepBoliVene_Socia_4b11d5,,,,,
2026-09-12T17:56:06-05:00,PUR_IED_RepChina_Ext_76d9ee,PUR_IED_RepChina_Ext_76d9ee,,,,,
2026-09-12T17:56:06-05:00,PUR_IED_RepChina_S404_7c804c,PUR_IED_RepChina_S404_7c804c,,,,,
2026-09-12T17:56:06-05:00,PUR_IED_RepChina_S405_df2c33,PUR_IED_RepChina_S405_df2c33,,,,,
2026-09-12T17:56:06-05:00,PUR_IED_RepublicaC_Exteri_7d1ec9,PUR_IED_RepublicaC_Exteri_7d1ec9,,,,,
2026-09-12T17:56:06-05:00,PUR_IED_RepublicaC_S1101_f544b3,PUR_IED_RepublicaC_S1101_f544b3,,,,,
2026-09-12T17:56:06-05:00,PUR_IED_RepublicaC_S1102_7aafc7,PUR_IED_RepublicaC_S1102_7aafc7,,,,,
2026-09-12T17:56:06-05:00,PUR_IED_Ricaurte_Externo_a0ea1,PUR_IED_Ricaurte_Externo_a0ea1,,,,,
2026-09-12T17:56:06-05:00,PUR_IED_Ricaurte_S210_f546fd,PUR_IED_Ricaurte_S210_f546fd,,,,,
2026-09-12T17:56:06-05:00,PUR_IED_Ricaurte_S309_d4452,PUR_IED_Ricaurte_S309_d4452,,,,,
2026-09-12T17:56:06-05:00,PUR_IED_RogelioS_1102_531e69,PUR_IED_RogelioS_1102_531e69,,,,,
2026-09-12T17:56:06-05:00,PUR_IED_RogelioS_Ext_f25a18,PUR_IED_RogelioS_Ext_f25a18,,,,,
2026-09-12T17:56:06-05:00,PUR_IED_SBernardino_Ext_27aff8,PUR_IED_SBernardino_Ext_27aff8,,,,,
2026-09-12T17:56:06-05:00,PUR_IED_SBernardino_SArte_2ffd33,PUR_IED_SBernardino_SArte_2ffd33,,,,,
2026-09-12T17:56:06-05:00,PUR_IED_SBernardino_SIngl_7c7da5,PUR_IED_SBernardino_SIngl_7c7da5,,,,,
2026-09-12T17:56:06-05:00,PUR_IED_Sago_auditorio_dc9d1d,PUR_IED_Sago_auditorio_dc9d1d,,,,,
2026-09-12T17:56:06-05:00,PUR_IED_Saludcoop_Ext_95aac3,PUR_IED_Saludcoop_Ext_95aac3,,,,,
2026-09-12T17:56:06-05:00,PUR_IED_Saludcoop_InfI_90c854,PUR_IED_Saludcoop_InfI_90c854,,,,,
2026-09-12T17:56:06-05:00,PUR_IED_Saludcoop_SMedia_1b93be,PUR_IED_Saludcoop_SMedia_1b93be,,,,,
2026-09-12T17:56:06-05:00,PUR_IED_SanCarlos_1101_1a2360,PUR_IED_SanCarlos_1101_1a2360,,,,,
2026-09-12T17:56:06-05:00,PUR_IED_SanCarlos_1103_7bafb5,PUR_IED_SanCarlos_1103_7bafb5,,,,,
2026-09-12T17:56:06-05:00,PUR_IED_SanCarlos_Ext_b7cd1,PUR_IED_SanCarlos_Ext_b7cd1,,,,,
2026-09-12T17:56:06-05:00,PUR_IED_SanIgnacioBosa11a_50c26e,PUR_IED_SanIgnacioBosa11a_50c26e,,,,,
2026-09-12T17:56:06-05:00,PUR_IED_SanIgnacioBosa11b_371de8,PUR_IED_SanIgnacioBosa11b_371de8,,,,,
2026-09-12T17:56:06-05:00,PUR_IED_SanIgnacioBosaExt_ef0ffc,PUR_IED_SanIgnacioBosaExt_ef0ffc,,,,,
2026-09-12T17:56:06-05:00,PUR_IED_SanIgnacioBosa_11a_50c26e,PUR_IED_SanIgnacioBosa_11a_50c26e,,,,,
2026-09-12T17:56:06-05:00,PUR_IED_SanIgnacioBosa_Ext_ef0ffc,PUR_IED_SanIgnacioBosa_Ext_ef0ffc,,,,,
2026-09-12T17:56:06-05:00,PUR_IED_SanJoseN_intS1101_31c47f,PUR_IED_SanJoseN_intS1101_31c47f,,,,,
2026-09-12T17:56:06-05:00,PUR_IED_SanJoseUsm_Exter_f5d7e8,PUR_IED_SanJoseUsm_Exter_f5d7e8,,,,,
2026-09-12T17:56:06-05:00,PUR_IED_SanJoseUsm_Int11A_cfdef6,PUR_IED_SanJoseUsm_Int11A_cfdef6,,,,,
2026-09-12T17:56:06-05:00,PUR_IED_SilveriaR_IntB5_905349,PUR_IED_SilveriaR_IntB5_905349,,,,,
2026-09-12T17:56:06-05:00,PUR_IED_SilveriaR_IntSD14_981f93,PUR_IED_SilveriaR_IntSD14_981f93,,,,,
2026-09-12T17:56:06-05:00,PUR_IED_SilveriaR_ext_2b651d,PUR_IED_SilveriaR_ext_2b651d,,,,,
2026-09-12T17:56:06-05:00,PUR_IED_SimonB_Exterior_913975,PUR_IED_SimonB_Exterior_913975,,,,,
2026-09-12T17:56:06-05:00,PUR_IED_SimonB_LabQuimi_c56908,PUR_IED_SimonB_LabQuimi_c56908,,,,,
2026-09-12T17:56:06-05:00,PUR_IED_SimonB_informatic_a28c1,PUR_IED_SimonB_informatic_a28c1,,,,,
2026-09-12T17:56:06-05:00,PUR_IED_Sorrento_1102_315f50,PUR_IED_Sorrento_1102_315f50,,,,,
2026-09-12T17:56:06-05:00,PUR_IED_Sorrento_Minte_214eab,PUR_IED_Sorrento_Minte_214eab,,,,,
2026-09-12T17:56:06-05:00,PUR_IED_Sorrento_ext_7c3a0a,PUR_IED_Sorrento_ext_7c3a0a,,,,,
2026-09-12T17:56:06-05:00,PUR_IED_Tabora_Ext_f048ae,PUR_IED_Tabora_Ext_f048ae,,,,,
2026-09-12T17:56:06-05:00,PUR_IED_Tabora_S1102_b07752,PUR_IED_Tabora_S1102_b07752,,,,,
2026-09-12T17:56:06-05:00,PUR_IED_Tabora_S1103_d988f5,PUR_IED_Tabora_S1103_d988f5,,,,,
2026-09-12T17:56:06-05:00,PUR_IED_Tenerife_Ext_1ab188,PUR_IED_Tenerife_Ext_1ab188,,,,,
2026-09-12T17:56:06-05:00,PUR_IED_Tenerife_SDanzas_7bc02e,PUR_IED_Tenerife_SDanzas_7bc02e,,,,,
2026-09-12T17:56:06-05:00,PUR_IED_Tenerife_SIngles_7cc277,PUR_IED_Tenerife_SIngles_7cc277,,,,,
2026-09-12T17:56:06-05:00,PUR_IED_Tibabuyes_Exter_f2683d,PUR_IED_Tibabuyes_Exter_f2683d,,,,,
2026-09-12T17:56:06-05:00,PUR_IED_Tibabuyes_S10_dc87a8,PUR_IED_Tibabuyes_S10_dc87a8,,,,,
2026-09-12T17:56:06-05:00,PUR_IED_Tibabuyes_S15_dc0526,PUR_IED_Tibabuyes_S15_dc0526,,,,,
2026-09-12T17:56:06-05:00,PUR_IED_UnionE_S301_a1043,PUR_IED_UnionE_S301_a1043,,,,,
2026-09-12T17:56:06-05:00,PUR_IED_UnionE_S307_ff6c2f,PUR_IED_UnionE_S307_ff6c2f,,,,,
2026-09-12T17:56:06-05:00,PUR_IED_UnionE__Ext_5e2468,PUR_IED_UnionE__Ext_5e2468,,,,,
2026-09-12T17:56:06-05:00,PUR_IED_VillaRica_Ext_75be7c,PUR_IED_VillaRica_Ext_75be7c,,,,,
2026-09-12T17:56:06-05:00,PUR_IED_VillaRica_S4_cc5dcd,PUR_IED_VillaRica_S4_cc5dcd,,,,,
2026-09-12T17:56:06-05:00,PUR_IED_VillaRica_Sesp_99f5c,PUR_IED_VillaRica_Sesp_99f5c,,,,,
2026-09-12T18:01:15-05:00,PUR_IED_20deJulio_1101_91b1b9,PUR_IED_20deJulio_1101_91b1b9,,,,,
2026-09-12T18:01:15-05:00,PUR_IED_20deJulio_1102_1cfcf9,PUR_IED_20deJulio_1102_1cfcf9,,,,,
2026-09-12T18:01:15-05:00,PUR_IED_20deJulio_Ext_ab60bd,PUR_IED_20deJulio_Ext_ab60bd,,,,,
2026-09-12T18:01:15-05:00,PUR_IED_AgustinFer_Ext_7b9b77,PUR_IED_AgustinFer_Ext_7b9b77,,,,,
2026-09-12T18:01:15-05:00,PUR_IED_AgustinFer_Info2_27b3a7,PUR_IED_AgustinFer_Info2_27b3a7,,,,,
2026-09-12T18:01:15-05:00,PUR_IED_AgustinFer_Sena_54b4eb,PUR_IED_AgustinFer_Sena_54b4eb,,,,,
2026-09-12T18:01:15-05:00,PUR_IED_AlexanderF_1102_caf07b,PUR_IED_AlexanderF_1102_caf07b,,,,,
2026-09-12T18:01:15-05:00,PUR_IED_AlexanderF_1103_c79e71,PUR_IED_AlexanderF_1103_c79e71,,,,,
2026-09-12T18:01:15-05:00,PUR_IED_AlexanderF_Ext_c5b18b,PUR_IED_AlexanderF_Ext_c5b18b,,,,,
2026-09-12T18:01:15-05:00,PUR_IED_AlfonsoLopez_Ext_281d77,PUR_IED_AlfonsoLopez_Ext_281d77,,,,,
2026-09-12T18:01:15-05:00,PUR_IED_AlfonsoLopez_LabF_888ce0,PUR_IED_AlfonsoLopez_LabF_888ce0,,,,,
2026-09-12T18:01:15-05:00,PUR_IED_AlfonsoLopez_SMed_df6a7f,PUR_IED_AlfonsoLopez_SMed_df6a7f,,,,,
2026-09-12T18:01:15-05:00,PUR_IED_AltamiraSO_A2_209f92,PUR_IED_AltamiraSO_A2_209f92,,,,,
2026-09-12T18:01:15-05:00,PUR_IED_AltamiraSO_Ext_186d66,PUR_IED_AltamiraSO_Ext_186d66,,,,,
2026-09-12T18:01:15-05:00,PUR_IED_AltamiraSO_Sistem_27afe1,PUR_IED_AltamiraSO_Sistem_27afe1,,,,,
2026-09-12T18:01:15-05:00,PUR_IED_AlvaroGom_LabQuim_813179,PUR_IED_AlvaroGom_LabQuim_813179,,,,,
2026-09-12T18:01:15-05:00,PUR_IED_AlvaroGomez_Ext_47c7ca,PUR_IED_AlvaroGomez_Ext_47c7ca,,,,,
2026-09-12T18:01:15-05:00,PUR_IED_AlvaroGomez_LabQuim_813179,PUR_IED_AlvaroGomez_LabQuim_813179,,,,,
2026-09-12T18:01:15-05:00,PUR_IED_AlvaroGomez_S23_7ba89f,PUR_IED_AlvaroGomez_S23_7ba89f,,,,,
2026-09-12T18:01:15-05:00,PUR_IED_Amistad_306_dc8728,PUR_IED_Amistad_306_dc8728,,,,,
2026-09-12T18:01:15-05:00,PUR_IED_Amistad_Ext_8cd55e,PUR_IED_Amistad_Ext_8cd55e,,,,,
2026-09-12T18:01:15-05:00,PUR_IED_Amistad_S202_a41169,PUR_IED_Amistad_S202_a41169,,,,,
2026-09-12T18:01:15-05:00,PUR_IED_AndresBello_Bio_fd5f5e,PUR_IED_AndresBello_Bio_fd5f5e,,,,,
2026-09-12T18:01:15-05:00,PUR_IED_AndresBello_ext_dcad65,PUR_IED_AndresBello_ext_dcad65,,,,,
2026-09-12T18:01:15-05:00,PUR_IED_AndresBello_port_eed3ec,PUR_IED_AndresBello_port_eed3ec,,,,,
2026-09-12T18:01:15-05:00,PUR_IED_AngelaR_11b_d90a6b,PUR_IED_AngelaR_11b_d90a6b,,,,,
2026-09-12T18:01:15-05:00,PUR_IED_AngelaR_ext_7cad3e,PUR_IED_AngelaR_ext_7cad3e,4,20,62,4.5825,-74.164497
2026-09-12T18:01:15-05:00,PUR_IED_AntJoseSucre_10mo_df2575,PUR_IED_AntJoseSucre_10mo_df2575,,,,,
2026-09-12T18:01:15-05:00,PUR_IED_AntJoseSucre_Ext_215b36,PUR_IED_AntJoseSucre_Ext_215b36,,,,,
2026-09-12T18:01:15-05:00,PUR_IED_AntJoseSucre_Lab_3139de,PUR_IED_AntJoseSucre_Lab_3139de,,,,,
2026-09-12T18:01:15-05:00,PUR_IED_AntonioGarcia_301_d6b188,PUR_IED_AntonioGarcia_301_d6b188,,,,,
2026-09-12T18:01:15-05:00,PUR_IED_AntonioGarcia_302_88a82,PUR_IED_AntonioGarcia_302_88a82,,,,,
2026-09-12T18:01:15-05:00,PUR_IED_AntonioGarcia_Ext_20950c,PUR_IED_AntonioGarcia_Ext_20950c,,,,,
2026-09-12T18:01:15-05:00,PUR_IED_AntonioVan_Aula2_6dea02,PUR_IED_AntonioVan_Aula2_6dea02,,,,,
2026-09-12T18:01:15-05:00,PUR_IED_AntonioVan_Aula5_f1557e,PUR_IED_AntonioVan_Aula5_f1557e,,,,,
2026-09-12T18:01:15-05:00,PUR_IED_AntonioVan_Ext_406f2f,PUR_IED_AntonioVan_Ext_406f2f,,,,,
2026-09-12T18:01:15-05:00,PUR_IED_Atabanzha_Ext_cc5af9,PUR_IED_Atabanzha_Ext_cc5af9,,,,,
2026-09-12T18:01:15-05:00,PUR_IED_Atabanzha_SA101_56c37,PUR_IED_Atabanzha_SA101_56c37,,,,,
2026-09-12T18:01:15-05:00,PUR_IED_Atabanzha_SB302_27b374,PUR_IED_Atabanzha_SB302_27b374,,,,,
2026-09-12T18:01:15-05:00,PUR_IED_Atahualpa_Ext_fc1748,PUR_IED_Atahualpa_Ext_fc1748,,,,,
2026-09-12T18:01:15-05:00,PUR_IED_Atahualpa_Informa_dc9a95,PUR_IED_Atahualpa_Informa_dc9a95,,,,,
2026-09-12T18:01:15-05:00,PUR_IED_Atahualpa_S1101_f98056,PUR_IED_Atahualpa_S1101_f98056,,,,,
2026-09-12T18:01:15-05:00,PUR_IED_Bellavista_Ext_f5aa74,PUR_IED_Bellavista_Ext_f5aa74,,,,,
2026-09-12T18:01:15-05:00,PUR_IED_Bilbao_11A_916c41,PUR_IED_Bilbao_11A_916c41,,,,,
2026-09-12T18:01:15-05:00,PUR_IED_Bilbao_Ext_fb579a,PUR_IED_Bilbao_Ext_fb579a,,,,,
2026-09-12T18:01:15-05:00,PUR_IED_BrasiliaU_A125_304280,PUR_IED_BrasiliaU_A125_304280,,,,,
2026-09-12T18:01:15-05:00,PUR_IED_BrasiliaU_A203_7c8ca5,PUR_IED_BrasiliaU_A203_7c8ca5,,,,,
2026-09-12T18:01:15-05:00,PUR_IED_BrasiliaU_Ext_8d6e9f,PUR_IED_BrasiliaU_Ext_8d6e9f,6,19,59,4.5175,-74.116302
2026-09-12T18:01:15-05:00,PUR_IED_Brasilia_Ext_fe6593,PUR_IED_Brasilia_Ext_fe6593,,,,,
2026-09-12T18:01:15-05:00,PUR_IED_Brasilia_S24_7c130d,PUR_IED_Brasilia_S24_7c130d,,,,,
2026-09-12T18:01:15-05:00,PUR_IED_Brasilia_S501_186a54,PUR_IED_Brasilia_S501_186a54,,,,,
2026-09-12T18:01:15-05:00,PUR_IED_CHARRY_EXT_f1d5cd,PUR_IED_CHARRY_EXT_f1d5cd,,,,,
2026-09-12T18:01:15-05:00,PUR_IED_CHARRY_INTDANZAS_7a08e6,PUR_IED_CHARRY_INTDANZAS_7a08e6,,,,,
2026-09-12T18:01:15-05:00,PUR_IED_CHARRY_INT_AULA20_dc998d,PUR_IED_CHARRY_INT_AULA20_dc998d,,,,,
2026-09-12T18:01:15-05:00,PUR_IED_COLVIV_1101_S25_7f520a,PUR_IED_COLVIV_1101_S25_7f520a,,,,,
2026-09-12T18:01:15-05:00,PUR_IED_COLVIV_1102_S16_f570ba,PUR_IED_COLVIV_1102_S16_f570ba,,,,,
2026-09-12T18:01:15-05:00,PUR_IED_COLVIV_Ext_1a26fa,PUR_IED_COLVIV_Ext_1a26fa,,,,,
2026-09-12T18:01:15-05:00,PUR_IED_CULPOP_301A_f660f3,PUR_IED_CULPOP_301A_f660f3,,,,,
2026-09-12T18:01:15-05:00,PUR_IED_CULPOP_303_568afe,PUR_IED_CULPOP_303_568afe,,,,,
2026-09-12T18:01:15-05:00,PUR_IED_CULPOP_Ext_e02ccb,PUR_IED_CULPOP_Ext_e02ccb,,,,,
2026-09-12T18:01:15-05:00,PUR_IED_CVillavicen_Ext_26eb58,PUR_IED_CVillavicen_Ext_26eb58,5,16,78,4.487,-74.102798
2026-09-12T18:01:15-05:00,PUR_IED_CVillavicen_Intel_1ce5c2,PUR_IED_CVillavicen_Intel_1ce5c2,,,,,
2026-09-12T18:01:15-05:00,PUR_IED_CVillavicen_Poliv_e0766c,PUR_IED_CVillavicen_Poliv_e0766c,,,,,
2026-09-12T18:01:15-05:00,PUR_IED_CVillavicen_int_1ba140,PUR_IED_CVillavicen_int_1ba140,,,,,
2026-09-12T18:01:15-05:00,PUR_IED_CVillavicen_intel_1ba140,PUR_IED_CVillavicen_intel_1ba140,,,,,
2026-09-12T18:01:15-05:00,PUR_IED_CarlosPizarro_Ext_e307cc,PUR_IED_CarlosPizarro_Ext_e307cc,,,,,
2026-09-12T18:01:15-05:00,PUR_IED_CarlosPizarro_L36_7e5cdb,PUR_IED_CarlosPizarro_L36_7e5cdb,,,,,
2026-09-12T18:01:15-05:00,PUR_IED_CarlosPizarro_L37_c8566c,PUR_IED_CarlosPizarro_L37_c8566c,,,,,
2026-09-12T18:01:15-05:00,PUR_IED_Castilla_Ext_cf35f,PUR_IED_Castilla_Ext_cf35f,,,,,
2026-09-12T18:01:15-05:00,PUR_IED_Castilla_SFisik_360e38,PUR_IED_Castilla_SFisik_360e38,,,,,
2026-09-12T18:01:15-05:00,PUR_IED_Castilla_Sc304_496fbf,PUR_IED_Castilla_Sc304_496fbf,,,,,
2026-09-12T18:01:15-05:00,PUR_IED_CervantesSa_Ext_6b57b,PUR_IED_CervantesSa_Ext_6b57b,4,19,67,4.5128,-74.117203
2026-09-12T18:01:15-05:00,PUR_IED_CervantesSa_S107_225c2b,PUR_IED_CervantesSa_S107_225c2b,,,,,
2026-09-12T18:01:15-05:00,PUR_IED_CervantesSa_S108_940925,PUR_IED_CervantesSa_S108_940925,,,,,
2026-09-12T18:01:15-05:00,PUR_IED_Charry_A20_f53e7c,PUR_IED_Charry_A20_f53e7c,,,,,
2026-09-12T18:01:15-05:00,PUR_IED_Charry_Ext_f1d5cd,PUR_IED_Charry_Ext_f1d5cd,,,,,
2026-09-12T18:01:15-05:00,PUR_IED_Charry_IntAula20_dc998d,PUR_IED_Charry_IntAula20_dc998d,,,,,
2026-09-12T18:01:15-05:00,PUR_IED_Charry_IntDanzas_7a08e6,PUR_IED_Charry_IntDanzas_7a08e6,,,,,
2026-09-12T18:01:15-05:00,PUR_IED_ClememciaC_203_43e2fc,PUR_IED_ClememciaC_203_43e2fc,,,,,
2026-09-12T18:01:15-05:00,PUR_IED_ClememciaC_Ext_1b411a,PUR_IED_ClememciaC_Ext_1b411a,,,,,
2026-09-12T18:01:15-05:00,PUR_IED_ClememciaC_Quimic_44b5fc,PUR_IED_ClememciaC_Quimic_44b5fc,,,,,
2026-09-12T18:01:15-05:00,PUR_IED_ClemenciaC_203_43e2fc,PUR_IED_ClemenciaC_203_43e2fc,,,,,
2026-09-12T18:01:15-05:00,PUR_IED_ClemenciaC_Ext_1b411a,PUR_IED_ClemenciaC_Ext_1b411a,,,,,
2026-09-12T18:01:15-05:00,PUR_IED_ClemenciaC_Quimic_44b5fc,PUR_IED_ClemenciaC_Quimic_44b5fc,,,,,
2026-09-12T18:01:15-05:00,PUR_IED_ColViva_1101_S25_7f520a,PUR_IED_ColViva_1101_S25_7f520a,,,,,
2026-09-12T18:01:15-05:00,PUR_IED_ColViva_1102_S16_f570ba,PUR_IED_ColViva_1102_S16_f570ba,,,,,
2026-09-12T18:01:15-05:00,PUR_IED_ColViva_Ext_1a26fa,PUR_IED_ColViva_Ext_1a26fa,,,,,
2026-09-12T18:01:15-05:00,PUR_IED_ColegioBici_Asist_7c8798,PUR_IED_ColegioBici_Asist_7c8798,,,,,
2026-09-12T18:01:15-05:00,PUR_IED_ColegioBici_Ext_25cbf6,PUR_IED_ColegioBici_Ext_25cbf6,,,,,
2026-09-12T18:01:15-05:00,PUR_IED_ColegioBici_LabQ_7b57db,PUR_IED_ColegioBici_LabQ_7b57db,,,,,
2026-09-12T18:01:15-05:00,PUR_IED_CostaRica_Ext_5e640,PUR_IED_CostaRica_Ext_5e640,,,,,
2026-09-12T18:01:15-05:00,PUR_IED_CostaRica_Quim1_766d1c,PUR_IED_CostaRica_Quim1_766d1c,,,,,
2026-09-12T18:01:15-05:00,PUR_IED_CostaRica__Fisica_6f0873,PUR_IED_CostaRica__Fisica_6f0873,,,,,
2026-09-12T18:01:15-05:00,PUR_IED_CulPopu_301A_f660f3,PUR_IED_CulPopu_301A_f660f3,,,,,
2026-09-12T18:01:15-05:00,PUR_IED_CulPopu_303_568afe,PUR_IED_CulPopu_303_568afe,,,,,
2026-09-12T18:01:15-05:00,PUR_IED_CulPopu_Ext_e02ccb,PUR_IED_CulPopu_Ext_e02ccb,,,,,
2026-09-12T18:01:15-05:00,PUR_IED_Cundinamarca_Ext_f15985,PUR_IED_Cundinamarca_Ext_f15985,,,,,
2026-09-12T18:01:15-05:00,PUR_IED_Cundinamarca_Info_7aa5d7,PUR_IED_Cundinamarca_Info_7aa5d7,,,,,
2026-09-12T18:01:15-05:00,PUR_IED_Cundinamarca_Tec2_f449c7,PUR_IED_Cundinamarca_Tec2_f449c7,,,,,
2026-09-12T18:01:15-05:00,PUR_IED_DiegoM_Aula1_27b314,PUR_IED_DiegoM_Aula1_27b314,,,,,
2026-09-12T18:01:15-05:00,PUR_IED_DiegoM_Ext_d80ac8,PUR_IED_DiegoM_Ext_d80ac8,,,,,
2026-09-12T18:01:15-05:00,PUR_IED_DiegoM_S25_da928f,PUR_IED_DiegoM_S25_da928f,,,,,
2026-09-12T18:01:15-05:00,PUR_IED_ELRODEO_360881,PUR_IED_ELRODEO_360881,,,,,
2026-09-12T18:01:15-05:00,PUR_IED_ELRODEO_ext_360881,PUR_IED_ELRODEO_ext_360881,,,,,
2026-09-12T18:01:15-05:00,PUR_IED_EduardoU_Ext_1c1969,PUR_IED_EduardoU_Ext_1c1969,,,,,
2026-09-12T18:01:15-05:00,PUR_IED_EduardoU_SCiencia_4dfb94,PUR_IED_EduardoU_SCiencia_4dfb94,,,,,
2026-09-12T18:01:15-05:00,PUR_IED_EduardoU_SQuimica_5a46e7,PUR_IED_EduardoU_SQuimica_5a46e7,,,,,
2026-09-12T18:01:15-05:00,PUR_IED_ElRodeo_Aula14_676984,PUR_IED_ElRodeo_Aula14_676984,,,,,
2026-09-12T18:01:15-05:00,PUR_IED_ElRodeo_Aula16_2dd35b,PUR_IED_ElRodeo_Aula16_2dd35b,,,,,
2026-09-12T18:01:15-05:00,PUR_IED_ElRodeo_Ext_360881,PUR_IED_ElRodeo_Ext_360881,,,,,
2026-09-12T18:01:15-05:00,PUR_IED_ElRodeo_Exterior_8c6d28,PUR_IED_ElRodeo_Exterior_8c6d28,,,,,
2026-09-12T18:01:15-05:00,PUR_IED_ElRodeo_ext_360881,PUR_IED_ElRodeo_ext_360881,,,,,
2026-09-12T18:01:15-05:00,PUR_IED_EmmaReyes_Ext_987625,PUR_IED_EmmaReyes_Ext_987625,2,21,51,4.6367,-74.1511
2026-09-12T18:01:15-05:00,PUR_IED_Ensueño_Ext_7f0250,PUR_IED_Ensueño_Ext_7f0250,,,,,
2026-09-12T18:01:15-05:00,PUR_IED_EscNormal_Ext_5fef3b,PUR_IED_EscNormal_Ext_5fef3b,2,20,56,4.5852,-74.096901
2026-09-12T18:01:15-05:00,PUR_IED_EscNormal_S309_5b263,PUR_IED_EscNormal_S309_5b263,,,,,
2026-09-12T18:01:15-05:00,PUR_IED_EscNormal_S310_27b3b8,PUR_IED_EscNormal_S310_27b3b8,,,,,
2026-09-12T18:01:15-05:00,PUR_IED_Evangelista_Conta_f6cd4f,PUR_IED_Evangelista_Conta_f6cd4f,,,,,
2026-09-12T18:01:15-05:00,PUR_IED_Evangelista_Cri_5e16a,PUR_IED_Evangelista_Cri_5e16a,,,,,
2026-09-12T18:01:15-05:00,PUR_IED_Evangelista_Exter_754066,PUR_IED_Evangelista_Exter_754066,,,,,
2026-09-12T18:01:15-05:00,PUR_IED_FMiranda_S209_5cc2a3,PUR_IED_FMiranda_S209_5cc2a3,,,,,
2026-09-12T18:01:15-05:00,PUR_IED_FMiranda_S303_19e344,PUR_IED_FMiranda_S303_19e344,,,,,
2026-09-12T18:01:15-05:00,PUR_IED_FMiranda_ext_f53e7c,PUR_IED_FMiranda_ext_f53e7c,,,,,
2026-09-12T18:01:15-05:00,PUR_IED_FabioLozano_Bibli_1cee05,PUR_IED_FabioLozano_Bibli_1cee05,,,,,
2026-09-12T18:01:15-05:00,PUR_IED_FabioLozano_Ext_6ea285,PUR_IED_FabioLozano_Ext_6ea285,,,,,
2026-09-12T18:01:15-05:00,PUR_IED_FabioLozano_SLudi_f09e1e,PUR_IED_FabioLozano_SLudi_f09e1e,,,,,
2026-09-12T18:01:15-05:00,PUR_IED_FaustinoS_Aula07_27a731,PUR_IED_FaustinoS_Aula07_27a731,,,,,
2026-09-12T18:01:15-05:00,PUR_IED_FaustinoS_Ext_7b936f,PUR_IED_FaustinoS_Ext_7b936f,,,,,
2026-09-12T18:01:15-05:00,PUR_IED_FaustinoS_Fisica_da2c60,PUR_IED_FaustinoS_Fisica_da2c60,,,,,
2026-09-12T18:01:15-05:00,PUR_IED_FeGarciaLo_Ext_dc68ee,PUR_IED_FeGarciaLo_Ext_dc68ee,,,,,
2026-09-12T18:01:15-05:00,PUR_IED_FeGarciaLo_SDanza_f70a59,PUR_IED_FeGarciaLo_SDanza_f70a59,,,,,
2026-09-12T18:01:15-05:00,PUR_IED_FeGarciaLo_SMusic_125cdd,PUR_IED_FeGarciaLo_SMusic_125cdd,,,,,
2026-09-12T18:01:15-05:00,PUR_IED_FederalAlema_Exte_50c345,PUR_IED_FederalAlema_Exte_50c345,,,,,
2026-09-12T18:01:15-05:00,PUR_IED_FederalAlema_S31_f18371,PUR_IED_FederalAlema_S31_f18371,,,,,
2026-09-12T18:01:15-05:00,PUR_IED_FederalAlema_S901_a62cd,PUR_IED_FederalAlema_S901_a62cd,,,,,
2026-09-12T18:01:15-05:00,PUR_IED_FilarmonicaS_A5_f35eb1,PUR_IED_FilarmonicaS_A5_f35eb1,,,,,
2026-09-12T18:01:15-05:00,PUR_IED_FilarmonicaS_Ext_8a3bde,PUR_IED_FilarmonicaS_Ext_8a3bde,,,,,
2026-09-12T18:01:15-05:00,PUR_IED_FilarmonicaS_Spol_406114,PUR_IED_FilarmonicaS_Spol_406114,,,,,
2026-09-12T18:01:15-05:00,PUR_IED_FlorentinoG_A13_d1fa59,PUR_IED_FlorentinoG_A13_d1fa59,,,,,
2026-09-12T18:01:15-05:00,PUR_IED_FlorentinoG_Ext_1ce6ce,PUR_IED_FlorentinoG_Ext_1ce6ce,,,,,
2026-09-12T18:01:15-05:00,PUR_IED_FlorentinoG_Idiom_a66aac,PUR_IED_FlorentinoG_Idiom_a66aac,,,,,
2026-09-12T18:01:15-05:00,PUR_IED_FranciscoMati_Ext_e3869d,PUR_IED_FranciscoMati_Ext_e3869d,,,,,
2026-09-12T18:01:15-05:00,PUR_IED_FranciscoMati_S13_f31c67,PUR_IED_FranciscoMati_S13_f31c67,,,,,
2026-09-12T18:01:15-05:00,PUR_IED_FranciscoMati_S14_97dead,PUR_IED_FranciscoMati_S14_97dead,,,,,
2026-09-12T18:01:15-05:00,PUR_IED_FranciscoPS_Ext_7bfa9a,PUR_IED_FranciscoPS_Ext_7bfa9a,2,21,57,4.5899,-74.110397
2026-09-12T18:01:15-05:00,PUR_IED_FranciscoPS_Infor_fb8f4c,PUR_IED_FranciscoPS_Infor_fb8f4c,,,,,
2026-09-12T18:01:15-05:00,PUR_IED_FranciscoPS_Quimi_94d39c,PUR_IED_FranciscoPS_Quimi_94d39c,,,,,
2026-09-12T18:01:15-05:00,PUR_IED_FranciscoP_LabQ_d7e148,PUR_IED_FranciscoP_LabQ_d7e148,,,,,
2026-09-12T18:01:15-05:00,PUR_IED_FranciscoP_S28_cf9b30,PUR_IED_FranciscoP_S28_cf9b30,,,,,
2026-09-12T18:01:15-05:00,PUR_IED_FranciscoP_ext_e2313,PUR_IED_FranciscoP_ext_e2313,,,,,
2026-09-12T18:01:15-05:00,PUR_IED_FriederichN_Ext_8ac92a,PUR_IED_FriederichN_Ext_8ac92a,,,,,
2026-09-12T18:01:15-05:00,PUR_IED_FriederichN_S301_dd7e5a,PUR_IED_FriederichN_S301_dd7e5a,,,,,
2026-09-12T18:01:15-05:00,PUR_IED_FriederichN_S308_761f4f,PUR_IED_FriederichN_S308_761f4f,,,,,
2026-09-12T18:01:15-05:00,PUR_IED_GSantander_Aula10_533dd7,PUR_IED_GSantander_Aula10_533dd7,,,,,
2026-09-12T18:01:15-05:00,PUR_IED_GSantander_Aula12_fd4e4f,PUR_IED_GSantander_Aula12_fd4e4f,,,,,
2026-09-12T18:01:15-05:00,PUR_IED_GSantander_Aula310_533dd7,PUR_IED_GSantander_Aula310_533dd7,,,,,
2026-09-12T18:01:15-05:00,PUR_IED_GSantander_Aula312_fd4e4f,PUR_IED_GSantander_Aula312_fd4e4f,,,,,
2026-09-12T18:01:15-05:00,PUR_IED_GSantander_Ext_5f66b0,PUR_IED_GSantander_Ext_5f66b0,,,,,
2026-09-12T18:01:15-05:00,PUR_IED_GYomasa_Ext_f6bea5,PUR_IED_GYomasa_Ext_f6bea5,,,,,
2026-09-12T18:01:15-05:00,PUR_IED_GYomasa_LBiol_2c41aa,PUR_IED_GYomasa_LBiol_2c41aa,,,,,
2026-09-12T18:01:15-05:00,PUR_IED_GYomasa_LQuim_33c80,PUR_IED_GYomasa_LQuim_33c80,,,,,
2026-09-12T18:01:15-05:00,PUR_IED_GabBetMejia_Cienc_5a99c,PUR_IED_GabBetMejia_Cienc_5a99c,,,,,
2026-09-12T18:01:15-05:00,PUR_IED_GabBetMejia_Ext_9153d0,PUR_IED_GabBetMejia_Ext_9153d0,,,,,
2026-09-12T18:01:15-05:00,PUR_IED_GabBetMejia_Lab_f55347,PUR_IED_GabBetMejia_Lab_f55347,,,,,
2026-09-12T18:01:15-05:00,PUR_IED_GabBetanMejia_Ext_9153d0,PUR_IED_GabBetanMejia_Ext_9153d0,,,,,
2026-09-12T18:01:15-05:00,PUR_IED_Gaitana_Aula13_7aac11,PUR_IED_Gaitana_Aula13_7aac11,,,,,
2026-09-12T18:01:15-05:00,PUR_IED_Gaitana_Ext_5fcf4,PUR_IED_Gaitana_Ext_5fcf4,,,,,
2026-09-12T18:01:15-05:00,PUR_IED_Gaitana_LabFisica_644448,PUR_IED_Gaitana_LabFisica_644448,,,,,
2026-09-12T18:01:15-05:00,PUR_IED_GenSantander_Dise_8ac858,PUR_IED_GenSantander_Dise_8ac858,,,,,
2026-09-12T18:01:15-05:00,PUR_IED_GenSantander_Ext_8d5dfe,PUR_IED_GenSantander_Ext_8d5dfe,,,,,
2026-09-12T18:01:15-05:00,PUR_IED_GenSantander_Info_6c25b,PUR_IED_GenSantander_Info_6c25b,,,,,
2026-09-12T18:01:15-05:00,PUR_IED_GustavoMo_Exterio_75e63d,PUR_IED_GustavoMo_Exterio_75e63d,,,,,
2026-09-12T18:01:15-05:00,PUR_IED_GustavoMo_LabFisi_224d37,PUR_IED_GustavoMo_LabFisi_224d37,,,,,
2026-09-12T18:01:15-05:00,PUR_IED_GustavoMo_S208_3e6918,PUR_IED_GustavoMo_S208_3e6918,,,,,
2026-09-12T18:01:15-05:00,PUR_IED_GustavoR_A02_8cd4a8,PUR_IED_GustavoR_A02_8cd4a8,,,,,
2026-09-12T18:01:15-05:00,PUR_IED_GustavoR_B11_5b0ed,PUR_IED_GustavoR_B11_5b0ed,,,,,
2026-09-12T18:01:15-05:00,PUR_IED_GustavoR_Ext_7a0c90,PUR_IED_GustavoR_Ext_7a0c90,,,,,
2026-09-12T18:01:15-05:00,PUR_IED_HernandoDuran_Ext_8cd82b,PUR_IED_HernandoDuran_Ext_8cd82b,,,,,
2026-09-12T18:01:15-05:00,PUR_IED_HernandoDuran_S24_2772c6,PUR_IED_HernandoDuran_S24_2772c6,,,,,
2026-09-12T18:01:15-05:00,PUR_IED_HernandoDuran_S30_f2de41,PUR_IED_HernandoDuran_S30_f2de41,,,,,
2026-09-12T18:01:15-05:00,PUR_IED_HolguInUr_S1101_8cd732,PUR_IED_HolguInUr_S1101_8cd732,,,,,
2026-09-12T18:01:15-05:00,PUR_IED_HolguinUr_Exter_ddae6d,PUR_IED_HolguinUr_Exter_ddae6d,,,,,
2026-09-12T18:01:15-05:00,PUR_IED_HolguinUr_LabQuim_92b952,PUR_IED_HolguinUr_LabQuim_92b952,,,,,
2026-09-12T18:01:15-05:00,PUR_IED_Isabel-II_Ext_5245cc,PUR_IED_Isabel-II_Ext_5245cc,2,20,57,4.6336,-74.153
2026-09-12T18:01:15-05:00,PUR_IED_Isabel-II_S_idiom_1c29aa,PUR_IED_Isabel-II_S_idiom_1c29aa,,,,,
2026-09-12T18:01:15-05:00,PUR_IED_Isabel-II_S_infor_fd741,PUR_IED_Isabel-II_S_infor_fd741,,,,,
2026-09-12T18:01:15-05:00,PUR_IED_IsidroSur_Exterio_5b90ea,PUR_IED_IsidroSur_Exterio_5b90ea,,,,,
2026-09-12T18:01:15-05:00,PUR_IED_IsidroSur_LabTec_56697a,PUR_IED_IsidroSur_LabTec_56697a,,,,,
2026-09-12T18:01:15-05:00,PUR_IED_IsidroSur_Robotic_b7c38f,PUR_IED_IsidroSur_Robotic_b7c38f,,,,,
2026-09-12T18:01:15-05:00,PUR_IED_IsmaelPerd_Ext_7b6672,PUR_IED_IsmaelPerd_Ext_7b6672,,,,,
2026-09-12T18:01:15-05:00,PUR_IED_IsmaelPerd_Inform_306540,PUR_IED_IsmaelPerd_Inform_306540,,,,,
2026-09-12T18:01:15-05:00,PUR_IED_IsmaelPerd_S30_2e2c83,PUR_IED_IsmaelPerd_S30_2e2c83,,,,,
2026-09-12T18:01:15-05:00,PUR_IED_JLozano_Exter_432910,PUR_IED_JLozano_Exter_432910,,,,,
2026-09-12T18:01:15-05:00,PUR_IED_JLozano_salaMulti_df5125,PUR_IED_JLozano_salaMulti_df5125,,,,,
2026-09-12T18:01:15-05:00,PUR_IED_JMCordoba_206_86f80b,PUR_IED_JMCordoba_206_86f80b,,,,,
2026-09-12T18:01:15-05:00,PUR_IED_JMCordoba_Ext_27ad97,PUR_IED_JMCordoba_Ext_27ad97,,,,,
2026-09-12T18:01:15-05:00,PUR_IED_JMCordoba_S310_d59ab4,PUR_IED_JMCordoba_S310_d59ab4,,,,,
2026-09-12T18:01:15-05:00,PUR_IED_Japon_Ext_549100,PUR_IED_Japon_Ext_549100,,,,,
2026-09-12T18:01:15-05:00,PUR_IED_Japon_Laboratorio_bec51d,PUR_IED_Japon_Laboratorio_bec51d,,,,,
2026-09-12T18:01:15-05:00,PUR_IED_Japon_informatica_d99327,PUR_IED_Japon_informatica_d99327,,,,,
2026-09-12T18:01:15-05:00,PUR_IED_Jazmin_Ext_d27bda,PUR_IED_Jazmin_Ext_d27bda,,,,,
2026-09-12T18:01:15-05:00,PUR_IED_Jazmin_Fisica_8d14d7,PUR_IED_Jazmin_Fisica_8d14d7,,,,,
2026-09-12T18:01:15-05:00,PUR_IED_Jazmin_Quimica_801cb5,PUR_IED_Jazmin_Quimica_801cb5,,,,,
2026-09-12T18:01:15-05:00,PUR_IED_JorgeGaitan_Exter_f098d1,PUR_IED_JorgeGaitan_Exter_f098d1,,,,,
2026-09-12T18:01:15-05:00,PUR_IED_JorgeGaitan_STec1_dc9d1d,PUR_IED_JorgeGaitan_STec1_dc9d1d,,,,,
2026-09-12T18:01:15-05:00,PUR_IED_JorgeGaitan_STec2_281e69,PUR_IED_JorgeGaitan_STec2_281e69,,,,,
2026-09-12T18:01:15-05:00,PUR_IED_JorgeSoto_Exterio_d9d0a2,PUR_IED_JorgeSoto_Exterio_d9d0a2,,,,,
2026-09-12T18:01:15-05:00,PUR_IED_JorgeSoto_LabFisi_209c54,PUR_IED_JorgeSoto_LabFisi_209c54,,,,,
2026-09-12T18:01:15-05:00,PUR_IED_JorgeSoto_S103_27b51a,PUR_IED_JorgeSoto_S103_27b51a,,,,,
2026-09-12T18:01:15-05:00,PUR_IED_JoseAcevedo_A02_e965eb,PUR_IED_JoseAcevedo_A02_e965eb,,,,,
2026-09-12T18:01:15-05:00,PUR_IED_JoseAcevedo_A07_dd5b4,PUR_IED_JoseAcevedo_A07_dd5b4,,,,,
2026-09-12T18:01:15-05:00,PUR_IED_JoseAcevedo_Ext_b47484,PUR_IED_JoseAcevedo_Ext_b47484,,,,,
2026-09-12T18:01:15-05:00,PUR_IED_JoseMarti_Exte_5b9bf,PUR_IED_JoseMarti_Exte_5b9bf,,,,,
2026-09-12T18:01:15-05:00,PUR_IED_JoseMarti_LabQuim_1c6c2d,PUR_IED_JoseMarti_LabQuim_1c6c2d,,,,,
2026-09-12T18:01:15-05:00,PUR_IED_JoseMarti_S_info_f5f177,PUR_IED_JoseMarti_S_info_f5f177,,,,,
2026-09-12T18:01:15-05:00,PUR_IED_Josejoaquin_Ext_dfc5dc,PUR_IED_Josejoaquin_Ext_dfc5dc,,,,,
2026-09-12T18:01:15-05:00,PUR_IED_Josejoaquin_S05_5b2a96,PUR_IED_Josejoaquin_S05_5b2a96,,,,,
2026-09-12T18:01:15-05:00,PUR_IED_Josejoaquin_S06_1ce7d2,PUR_IED_Josejoaquin_S06_1ce7d2,,,,,
2026-09-12T18:01:15-05:00,PUR_IED_JulioFlorez_Danza_9b82dd,PUR_IED_JulioFlorez_Danza_9b82dd,,,,,
2026-09-12T18:01:15-05:00,PUR_IED_JulioFlorez_Exter_f9f314,PUR_IED_JulioFlorez_Exter_f9f314,,,,,
2026-09-12T18:01:15-05:00,PUR_IED_JulioFlorez_info2_6b6e08,PUR_IED_JulioFlorez_info2_6b6e08,,,,,
2026-09-12T18:01:15-05:00,PUR_IED_LaBelleza_Aula13_1d00d8,PUR_IED_LaBelleza_Aula13_1d00d8,,,,,
2026-09-12T18:01:15-05:00,PUR_IED_LaBelleza_Ext_7bc08c,PUR_IED_LaBelleza_Ext_7bc08c,,,,,
2026-09-12T18:01:15-05:00,PUR_IED_LaChucua_Ext_8cd6d2,PUR_IED_LaChucua_Ext_8cd6d2,,,,,
2026-09-12T18:01:15-05:00,PUR_IED_LaChucua_S15_f578ce,PUR_IED_LaChucua_S15_f578ce,,,,,
2026-09-12T18:01:15-05:00,PUR_IED_LaChucua_S16_eebcf9,PUR_IED_LaChucua_S16_eebcf9,,,,,
2026-09-12T18:01:15-05:00,PUR_IED_LaFelicidad_Ext_fb5109,PUR_IED_LaFelicidad_Ext_fb5109,,,,,
2026-09-12T18:01:15-05:00,PUR_IED_LaMerced_206_66ebd,PUR_IED_LaMerced_206_66ebd,,,,,
2026-09-12T18:01:15-05:00,PUR_IED_LaMerced_207_6ebd6,PUR_IED_LaMerced_207_6ebd6,,,,,
2026-09-12T18:01:15-05:00,PUR_IED_LaMerced_ext_304311,PUR_IED_LaMerced_ext_304311,,,,,
2026-09-12T18:01:15-05:00,PUR_IED_Laureano_CiencNat_281e5e,PUR_IED_Laureano_CiencNat_281e5e,,,,,
2026-09-12T18:01:15-05:00,PUR_IED_Laureano_Comedor_f65c0a,PUR_IED_Laureano_Comedor_f65c0a,,,,,
2026-09-12T18:01:15-05:00,PUR_IED_Laureano_Exterior_7ab011,PUR_IED_Laureano_Exterior_7ab011,,,,,
2026-09-12T18:01:15-05:00,PUR_IED_LeonGreiff_Exte_dfe560,PUR_IED_LeonGreiff_Exte_dfe560,,,,,
2026-09-12T18:01:15-05:00,PUR_IED_LeonGreiff_S210_f264ed,PUR_IED_LeonGreiff_S210_f264ed,,,,,
2026-09-12T18:01:15-05:00,PUR_IED_LeonGreiff_SQuimi_e8296f,PUR_IED_LeonGreiff_SQuimi_e8296f,,,,,
2026-09-12T18:01:15-05:00,PUR_IED_LlanoOrientalS208_7b9fcd,PUR_IED_LlanoOrientalS208_7b9fcd,,,,,
2026-09-12T18:01:15-05:00,PUR_IED_LlanoOriental_Ext_fb3766,PUR_IED_LlanoOriental_Ext_fb3766,,,,,
2026-09-12T18:01:15-05:00,PUR_IED_LlanoOriental_S208_7b9fcd,PUR_IED_LlanoOriental_S208_7b9fcd,,,,,
2026-09-12T18:01:15-05:00,PUR_IED_LlanoOriental_S9_27b378,PUR_IED_LlanoOriental_S9_27b378,,,,,
2026-09-12T18:01:15-05:00,PUR_IED_LosTejares_1101_477602,PUR_IED_LosTejares_1101_477602,,,,,
2026-09-12T18:01:15-05:00,PUR_IED_LosTejares_11_d2c595,PUR_IED_LosTejares_11_d2c595,,,,,
2026-09-12T18:01:15-05:00,PUR_IED_LosTejares_12_477602,PUR_IED_LosTejares_12_477602,,,,,
2026-09-12T18:01:15-05:00,PUR_IED_LosTejares_Ext_8e2115,PUR_IED_LosTejares_Ext_8e2115,,,,,
2026-09-12T18:01:15-05:00,PUR_IED_MagdalenaO_B202_5ddda3,PUR_IED_MagdalenaO_B202_5ddda3,,,,,
2026-09-12T18:01:15-05:00,PUR_IED_MagdalenaO_B205_fb76e8,PUR_IED_MagdalenaO_B205_fb76e8,,,,,
2026-09-12T18:01:15-05:00,PUR_IED_MagdalenaO_ext_dc69cd,PUR_IED_MagdalenaO_ext_dc69cd,,,,,
2026-09-12T18:01:15-05:00,PUR_IED_ManueCepeda_artes_eee956,PUR_IED_ManueCepeda_artes_eee956,,,,,
2026-09-12T18:01:15-05:00,PUR_IED_ManuelCepeda_Ext_58313,PUR_IED_ManuelCepeda_Ext_58313,,,,,
2026-09-12T18:01:15-05:00,PUR_IED_ManuelCepeda_tec_1c5731,PUR_IED_ManuelCepeda_tec_1c5731,,,,,
2026-09-12T18:01:15-05:00,PUR_IED_ManuelS_Exterior_5b269,PUR_IED_ManuelS_Exterior_5b269,,,,,
2026-09-12T18:01:15-05:00,PUR_IED_ManuelS_Inform_f369ce,PUR_IED_ManuelS_Inform_f369ce,,,,,
2026-09-12T18:01:15-05:00,PUR_IED_ManuelS_SArtes_7d15f1,PUR_IED_ManuelS_SArtes_7d15f1,,,,,
2026-09-12T18:01:15-05:00,PUR_IED_ManuelZapata_303_3ca6,PUR_IED_ManuelZapata_303_3ca6,,,,,
2026-09-12T18:01:15-05:00,PUR_IED_ManuelZapata_311_bfbabc,PUR_IED_ManuelZapata_311_bfbabc,,,,,
2026-09-12T18:01:15-05:00,PUR_IED_ManuelZapata_Ext_50824a,PUR_IED_ManuelZapata_Ext_50824a,,,,,
2026-09-12T18:01:15-05:00,PUR_IED_ManuelitaS_Exteri_656a92,PUR_IED_ManuelitaS_Exteri_656a92,,,,,
2026-09-12T18:01:15-05:00,PUR_IED_ManuelitaS_JuzgDe_f58ec3,PUR_IED_ManuelitaS_JuzgDe_f58ec3,,,,,
2026-09-12T18:01:15-05:00,PUR_IED_ManuelitaS_Recrea_d793db,PUR_IED_ManuelitaS_Recrea_d793db,,,,,
2026-09-12T18:01:15-05:00,PUR_IED_MarFidSuarez_Ext_c27b19,PUR_IED_MarFidSuarez_Ext_c27b19,,,,,
2026-09-12T18:01:15-05:00,PUR_IED_MarFidSuarez_Info_e384d7,PUR_IED_MarFidSuarez_Info_e384d7,,,,,
2026-09-12T18:01:15-05:00,PUR_IED_MarFidSuarez_S306_1d0032,PUR_IED_MarFidSuarez_S306_1d0032,,,,,
2026-09-12T18:01:15-05:00,PUR_IED_Menorah_301_2a25a3,PUR_IED_Menorah_301_2a25a3,,,,,
2026-09-12T18:01:15-05:00,PUR_IED_Menorah_306_37ed3,PUR_IED_Menorah_306_37ed3,,,,,
2026-09-12T18:01:15-05:00,PUR_IED_Menorah_Ext_3e155b,PUR_IED_Menorah_Ext_3e155b,,,,,
2026-09-12T18:01:15-05:00,PUR_IED_MinutoB.Aires_A11_1b1604,PUR_IED_MinutoB.Aires_A11_1b1604,,,,,
2026-09-12T18:01:15-05:00,PUR_IED_MinutoB.Aires_A12_fb5860,PUR_IED_MinutoB.Aires_A12_fb5860,,,,,
2026-09-12T18:01:15-05:00,PUR_IED_MinutoB.Aires_Ext_81293f,PUR_IED_MinutoB.Aires_Ext_81293f,,,,,
2026-09-12T18:01:15-05:00,PUR_IED_MinutoBAires_A11_1b1604,PUR_IED_MinutoBAires_A11_1b1604,,,,,
2026-09-12T18:01:15-05:00,PUR_IED_MinutoBAires_A12_fb5860,PUR_IED_MinutoBAires_A12_fb5860,,,,,
2026-09-12T18:01:15-05:00,PUR_IED_MinutoBAires_Ext_81293f,PUR_IED_MinutoBAires_Ext_81293f,,,,,
2026-09-12T18:01:15-05:00,PUR_IED_Montreal_Aula10_1e4959,PUR_IED_Montreal_Aula10_1e4959,,,,,
2026-09-12T18:01:15-05:00,PUR_IED_Montreal_Aula6_300367,PUR_IED_Montreal_Aula6_300367,,,,,
2026-09-12T18:01:15-05:00,PUR_IED_Montreal_Exterior_91a179,PUR_IED_Montreal_Exterior_91a179,,,,,
2026-09-12T18:01:15-05:00,PUR_IED_Mqgdalena_B202_5ddda3,PUR_IED_Mqgdalena_B202_5ddda3,,,,,
2026-09-12T18:01:15-05:00,PUR_IED_NACUND_Soc_dc8728,PUR_IED_NACUND_Soc_dc8728,,,,,
2026-09-12T18:01:15-05:00,PUR_IED_NACUND_ext_27ad97,PUR_IED_NACUND_ext_27ad97,,,,,
2026-09-12T18:01:15-05:00,PUR_IED_NEsperanza_Ext_d24b61,PUR_IED_NEsperanza_Ext_d24b61,,,,,
2026-09-12T18:01:15-05:00,PUR_IED_NEsperanza_SElect_7d1807,PUR_IED_NEsperanza_SElect_7d1807,,,,,
2026-09-12T18:01:15-05:00,PUR_IED_NEsperanza_SLabor_8b2d0a,PUR_IED_NEsperanza_SLabor_8b2d0a,,,,,
2026-09-12T18:01:15-05:00,PUR_IED_NacionesU_Ext_f661a9,PUR_IED_NacionesU_Ext_f661a9,,,,,
2026-09-12T18:01:15-05:00,PUR_IED_NacionesU_Quimica_66f0a,PUR_IED_NacionesU_Quimica_66f0a,,,,,
2026-09-12T18:01:15-05:00,PUR_IED_NacionesU_S306_1b4b3d,PUR_IED_NacionesU_S306_1b4b3d,,,,,
2026-09-12T18:01:15-05:00,PUR_IED_NestorFA_Ext_e4201c,PUR_IED_NestorFA_Ext_e4201c,,,,,
2026-09-12T18:01:15-05:00,PUR_IED_NestorFA_Laborato_f22fe0,PUR_IED_NestorFA_Laborato_f22fe0,,,,,
2026-09-12T18:01:15-05:00,PUR_IED_NestorFA_S204_dee996,PUR_IED_NestorFA_S204_dee996,,,,,
2026-09-12T18:01:15-05:00,PUR_IED_NidyaQT_Aula03_76999b,PUR_IED_NidyaQT_Aula03_76999b,,,,,
2026-09-12T18:01:15-05:00,PUR_IED_NidyaQT_Aula10_56325,PUR_IED_NidyaQT_Aula10_56325,,,,,
2026-09-12T18:01:15-05:00,PUR_IED_NidyaQT_Ext_46e32d,PUR_IED_NidyaQT_Ext_46e32d,,,,,
2026-09-12T18:01:15-05:00,PUR_IED_NuevaCol_Exterior_d9b859,PUR_IED_NuevaCol_Exterior_d9b859,,,,,
2026-09-12T18:01:15-05:00,PUR_IED_NuevaCol_S1101_76c43b,PUR_IED_NuevaCol_S1101_76c43b,,,,,
2026-09-12T18:01:15-05:00,PUR_IED_NuevaCol_S1102_1ce0b5,PUR_IED_NuevaCol_S1102_1ce0b5,,,,,
2026-09-12T18:01:15-05:00,PUR_IED_OEA_A202_f7e3f2,PUR_IED_OEA_A202_f7e3f2,,,,,
2026-09-12T18:01:15-05:00,PUR_IED_OEA_A203_7d1b8d,PUR_IED_OEA_A203_7d1b8d,,,,,
2026-09-12T18:01:15-05:00,PUR_IED_OEA_Ext_27b593,PUR_IED_OEA_Ext_27b593,,,,,
2026-09-12T18:01:15-05:00,PUR_IED_Ochoa_Ext_1c29da,PUR_IED_Ochoa_Ext_1c29da,,,,,
2026-09-12T18:01:15-05:00,PUR_IED_Ochoa_S205_8b1121,PUR_IED_Ochoa_S205_8b1121,,,,,
2026-09-12T18:01:15-05:00,PUR_IED_Ochoa_Sistemas_f33af6,PUR_IED_Ochoa_Sistemas_f33af6,,,,,
2026-09-12T18:01:15-05:00,PUR_IED_PQuebec_Ext_1c67c7,PUR_IED_PQuebec_Ext_1c67c7,,,,,
2026-09-12T18:01:15-05:00,PUR_IED_PQuebec_S15_23e8e2,PUR_IED_PQuebec_S15_23e8e2,,,,,
2026-09-12T18:01:15-05:00,PUR_IED_PQuebec_S16_8ec76b,PUR_IED_PQuebec_S16_8ec76b,,,,,
2026-09-12T18:01:15-05:00,PUR_IED_PabloN_Ext_49dc96,PUR_IED_PabloN_Ext_49dc96,,,,,
2026-09-12T18:01:15-05:00,PUR_IED_PabloN_S1102_4e3df5,PUR_IED_PabloN_S1102_4e3df5,,,,,
2026-09-12T18:01:15-05:00,PUR_IED_PabloN_S1103_50c94b,PUR_IED_PabloN_S1103_50c94b,,,,,
2026-09-12T18:01:15-05:00,PUR_IED_Palestina_S1101_db9198,PUR_IED_Palestina_S1101_db9198,,,,,
2026-09-12T18:01:15-05:00,PUR_IED_Palestina_S1102_dc54fa,PUR_IED_Palestina_S1102_dc54fa,,,,,
2026-09-12T18:01:15-05:00,PUR_IED_Palestina_ext_4ccce6,PUR_IED_Palestina_ext_4ccce6,,,,,
2026-09-12T18:01:15-05:00,PUR_IED_Panama_Fisica_4d0794,PUR_IED_Panama_Fisica_4d0794,,,,,
2026-09-12T18:01:15-05:00,PUR_IED_Panama_SIngles_a4077e,PUR_IED_Panama_SIngles_a4077e,,,,,
2026-09-12T18:01:15-05:00,PUR_IED_Panama_ext_4c54b4,PUR_IED_Panama_ext_4c54b4,,,,,
2026-09-12T18:01:15-05:00,PUR_IED_ParaisoM_Exterior_8cd7f0,PUR_IED_ParaisoM_Exterior_8cd7f0,,,,,
2026-09-12T18:01:15-05:00,PUR_IED_ParaisoM_Laborato_27af35,PUR_IED_ParaisoM_Laborato_27af35,,,,,
2026-09-12T18:01:15-05:00,PUR_IED_ParaisoM_S304_d1edca,PUR_IED_ParaisoM_S304_d1edca,,,,,
2026-09-12T18:01:15-05:00,PUR_IED_PorfirioBarba_Ext_301466,PUR_IED_PorfirioBarba_Ext_301466,,,,,
2026-09-12T18:01:15-05:00,PUR_IED_PorfirioBarba_S11_df6cd2,PUR_IED_PorfirioBarba_S11_df6cd2,,,,,
2026-09-12T18:01:15-05:00,PUR_IED_PorfirioBarba_S29_27a7d6,PUR_IED_PorfirioBarba_S29_27a7d6,,,,,
2026-09-12T18:01:15-05:00,PUR_IED_PradoV_Exter_8b27ad,PUR_IED_PradoV_Exter_8b27ad,,,,,
2026-09-12T18:01:15-05:00,PUR_IED_PradoV_S301_de65b5,PUR_IED_PradoV_S301_de65b5,,,,,
2026-09-12T18:01:15-05:00,PUR_IED_PradoV_S302_7d2593,PUR_IED_PradoV_S302_7d2593,,,,,
2026-09-12T18:01:15-05:00,PUR_IED_QuirogaAlz_Ext_1ddc82,PUR_IED_QuirogaAlz_Ext_1ddc82,,,,,
2026-09-12T18:01:15-05:00,PUR_IED_QuirogaAlz_S302_9926a3,PUR_IED_QuirogaAlz_S302_9926a3,,,,,
2026-09-12T18:01:15-05:00,PUR_IED_QuirogaAlz_S305_cdf1f1,PUR_IED_QuirogaAlz_S305_cdf1f1,,,,,
2026-09-12T18:01:15-05:00,PUR_IED_RGuatemala_Biling_dc53b7,PUR_IED_RGuatemala_Biling_dc53b7,,,,,
2026-09-12T18:01:15-05:00,PUR_IED_RGuatemala_Ext_1b89a3,PUR_IED_RGuatemala_Ext_1b89a3,,,,,
2026-09-12T18:01:15-05:00,PUR_IED_RGuatemala_Tecnol_281a34,PUR_IED_RGuatemala_Tecnol_281a34,,,,,
2026-09-12T18:01:15-05:00,PUR_IED_RafaNu_Ext_f7c302,PUR_IED_RafaNu_Ext_f7c302,,,,,
2026-09-12T18:01:15-05:00,PUR_IED_RafaNu_S1101_25fde,PUR_IED_RafaNu_S1101_25fde,,,,,
2026-09-12T18:01:15-05:00,PUR_IED_RafaNu_S1102_281517,PUR_IED_RafaNu_S1102_281517,,,,,
2026-09-12T18:01:15-05:00,PUR_IED_RafaelB_S305_ee2783,PUR_IED_RafaelB_S305_ee2783,,,,,
2026-09-12T18:01:15-05:00,PUR_IED_RafaelB_S306_75fe33,PUR_IED_RafaelB_S306_75fe33,,,,,
2026-09-12T18:01:15-05:00,PUR_IED_RafaelB_ext_283336,PUR_IED_RafaelB_ext_283336,,,,,
2026-09-12T18:01:15-05:00,PUR_IED_RafaelUU_Exterior_281a51,PUR_IED_RafaelUU_Exterior_281a51,,,,,
2026-09-12T18:01:15-05:00,PUR_IED_RafaelUU_Human_806b2,PUR_IED_RafaelUU_Human_806b2,,,,,
2026-09-12T18:01:15-05:00,PUR_IED_RafaelUU_Mate2_5680d4,PUR_IED_RafaelUU_Mate2_5680d4,,,,,
2026-09-12T18:01:15-05:00,PUR_IED_RamonSub_Ext_f9eeb9,PUR_IED_RamonSub_Ext_f9eeb9,,,,,
2026-09-12T18:01:15-05:00,PUR_IED_RamonSub_Media_d1f62f,PUR_IED_RamonSub_Media_d1f62f,,,,,
2026-09-12T18:01:15-05:00,PUR_IED_RamonSub_planta_51b82,PUR_IED_RamonSub_planta_51b82,,,,,
2026-09-12T18:01:15-05:00,PUR_IED_RepBoliVene_Exter_27af7c,PUR_IED_RepBoliVene_Exter_27af7c,,,,,
2026-09-12T18:01:15-05:00,PUR_IED_RepBoliVene_SCPT_5ae2ee,PUR_IED_RepBoliVene_SCPT_5ae2ee,,,,,
2026-09-12T18:01:15-05:00,PUR_IED_RepBoliVene_Socia_4b11d5,PUR_IED_RepBoliVene_Socia_4b11d5,,,,,
2026-09-12T18:01:15-05:00,PUR_IED_RepChina_Ext_76d9ee,PUR_IED_RepChina_Ext_76d9ee,,,,,
2026-09-12T18:01:15-05:00,PUR_IED_RepChina_S404_7c804c,PUR_IED_RepChina_S404_7c804c,,,,,
2026-09-12T18:01:15-05:00,PUR_IED_RepChina_S405_df2c33,PUR_IED_RepChina_S405_df2c33,,,,,
2026-09-12T18:01:15-05:00,PUR_IED_RepublicaC_Exteri_7d1ec9,PUR_IED_RepublicaC_Exteri_7d1ec9,,,,,
2026-09-12T18:01:15-05:00,PUR_IED_RepublicaC_S1101_f544b3,PUR_IED_RepublicaC_S1101_f544b3,,,,,
2026-09-12T18:01:15-05:00,PUR_IED_RepublicaC_S1102_7aafc7,PUR_IED_RepublicaC_S1102_7aafc7,,,,,
2026-09-12T18:01:15-05:00,PUR_IED_Ricaurte_Externo_a0ea1,PUR_IED_Ricaurte_Externo_a0ea1,,,,,
2026-09-12T18:01:15-05:00,PUR_IED_Ricaurte_S210_f546fd,PUR_IED_Ricaurte_S210_f546fd,,,,,
2026-09-12T18:01:15-05:00,PUR_IED_Ricaurte_S309_d4452,PUR_IED_Ricaurte_S309_d4452,,,,,
2026-09-12T18:01:15-05:00,PUR_IED_RogelioS_1102_531e69,PUR_IED_RogelioS_1102_531e69,,,,,
2026-09-12T18:01:15-05:00,PUR_IED_RogelioS_Ext_f25a18,PUR_IED_RogelioS_Ext_f25a18,,,,,
2026-09-12T18:01:15-05:00,PUR_IED_SBernardino_Ext_27aff8,PUR_IED_SBernardino_Ext_27aff8,,,,,
2026-09-12T18:01:15-05:00,PUR_IED_SBernardino_SArte_2ffd33,PUR_IED_SBernardino_SArte_2ffd33,,,,,
2026-09-12T18:01:15-05:00,PUR_IED_SBernardino_SIngl_7c7da5,PUR_IED_SBernardino_SIngl_7c7da5,,,,,
2026-09-12T18:01:15-05:00,PUR_IED_Sago_auditorio_dc9d1d,PUR_IED_Sago_auditorio_dc9d1d,,,,,
2026-09-12T18:01:15-05:00,PUR_IED_Saludcoop_Ext_95aac3,PUR_IED_Saludcoop_Ext_95aac3,,,,,
2026-09-12T18:01:15-05:00,PUR_IED_Saludcoop_InfI_90c854,PUR_IED_Saludcoop_InfI_90c854,,,,,
2026-09-12T18:01:15-05:00,PUR_IED_Saludcoop_SMedia_1b93be,PUR_IED_Saludcoop_SMedia_1b93be,,,,,
2026-09-12T18:01:15-05:00,PUR_IED_SanCarlos_1101_1a2360,PUR_IED_SanCarlos_1101_1a2360,,,,,
2026-09-12T18:01:15-05:00,PUR_IED_SanCarlos_1103_7bafb5,PUR_IED_SanCarlos_1103_7bafb5,,,,,
2026-09-12T18:01:15-05:00,PUR_IED_SanCarlos_Ext_b7cd1,PUR_IED_SanCarlos_Ext_b7cd1,,,,,
2026-09-12T18:01:15-05:00,PUR_IED_SanIgnacioBosa11a_50c26e,PUR_IED_SanIgnacioBosa11a_50c26e,,,,,
2026-09-12T18:01:15-05:00,PUR_IED_SanIgnacioBosa11b_371de8,PUR_IED_SanIgnacioBosa11b_371de8,,,,,
2026-09-12T18:01:15-05:00,PUR_IED_SanIgnacioBosaExt_ef0ffc,PUR_IED_SanIgnacioBosaExt_ef0ffc,,,,,
2026-09-12T18:01:15-05:00,PUR_IED_SanIgnacioBosa_11a_50c26e,PUR_IED_SanIgnacioBosa_11a_50c26e,,,,,
2026-09-12T18:01:15-05:00,PUR_IED_SanIgnacioBosa_Ext_ef0ffc,PUR_IED_SanIgnacioBosa_Ext_ef0ffc,,,,,
2026-09-12T18:01:15-05:00,PUR_IED_SanJoseN_intS1101_31c47f,PUR_IED_SanJoseN_intS1101_31c47f,,,,,
2026-09-12T18:01:15-05:00,PUR_IED_SanJoseUsm_Exter_f5d7e8,PUR_IED_SanJoseUsm_Exter_f5d7e8,,,,,
2026-09-12T18:01:15-05:00,PUR_IED_SanJoseUsm_Int11A_cfdef6,PUR_IED_SanJoseUsm_Int11A_cfdef6,,,,,
2026-09-12T18:01:15-05:00,PUR_IED_SilveriaR_IntB5_905349,PUR_IED_SilveriaR_IntB5_905349,,,,,
2026-09-12T18:01:15-05:00,PUR_IED_SilveriaR_IntSD14_981f93,PUR_IED_SilveriaR_IntSD14_981f93,,,,,
2026-09-12T18:01:15-05:00,PUR_IED_SilveriaR_ext_2b651d,PUR_IED_SilveriaR_ext_2b651d,,,,,
2026-09-12T18:01:15-05:00,PUR_IED_SimonB_Exterior_913975,PUR_IED_SimonB_Exterior_913975,,,,,
2026-09-12T18:01:15-05:00,PUR_IED_SimonB_LabQuimi_c56908,PUR_IED_SimonB_LabQuimi_c56908,,,,,
2026-09-12T18:01:15-05:00,PUR_IED_SimonB_informatic_a28c1,PUR_IED_SimonB_informatic_a28c1,,,,,
2026-09-12T18:01:15-05:00,PUR_IED_Sorrento_1102_315f50,PUR_IED_Sorrento_1102_315f50,,,,,
2026-09-12T18:01:15-05:00,PUR_IED_Sorrento_Minte_214eab,PUR_IED_Sorrento_Minte_214eab,,,,,
2026-09-12T18:01:15-05:00,PUR_IED_Sorrento_ext_7c3a0a,PUR_IED_Sorrento_ext_7c3a0a,,,,,
2026-09-12T18:01:15-05:00,PUR_IED_Tabora_Ext_f048ae,PUR_IED_Tabora_Ext_f048ae,,,,,
2026-09-12T18:01:15-05:00,PUR_IED_Tabora_S1102_b07752,PUR_IED_Tabora_S1102_b07752,,,,,
2026-09-12T18:01:15-05:00,PUR_IED_Tabora_S1103_d988f5,PUR_IED_Tabora_S1103_d988f5,,,,,
2026-09-12T18:01:15-05:00,PUR_IED_Tenerife_Ext_1ab188,PUR_IED_Tenerife_Ext_1ab188,,,,,
2026-09-12T18:01:15-05:00,PUR_IED_Tenerife_SDanzas_7bc02e,PUR_IED_Tenerife_SDanzas_7bc02e,,,,,
2026-09-12T18:01:15-05:00,PUR_IED_Tenerife_SIngles_7cc277,PUR_IED_Tenerife_SIngles_7cc277,,,,,
2026-09-12T18:01:15-05:00,PUR_IED_Tibabuyes_Exter_f2683d,PUR_IED_Tibabuyes_Exter_f2683d,,,,,
2026-09-12T18:01:15-05:00,PUR_IED_Tibabuyes_S10_dc87a8,PUR_IED_Tibabuyes_S10_dc87a8,,,,,
2026-09-12T18:01:15-05:00,PUR_IED_Tibabuyes_S15_dc0526,PUR_IED_Tibabuyes_S15_dc0526,,,,,
2026-09-12T18:01:15-05:00,PUR_IED_UnionE_S301_a1043,PUR_IED_UnionE_S301_a1043,,,,,
2026-09-12T18:01:15-05:00,PUR_IED_UnionE_S307_ff6c2f,PUR_IED_UnionE_S307_ff6c2f,,,,,
2026-09-12T18:01:15-05:00,PUR_IED_UnionE__Ext_5e2468,PUR_IED_UnionE__Ext_5e2468,,,,,
2026-09-12T18:01:15-05:00,PUR_IED_VillaRica_Ext_75be7c,PUR_IED_VillaRica_Ext_75be7c,,,,,
2026-09-12T18:01:15-05:00,PUR_IED_VillaRica_S4_cc5dcd,PUR_IED_VillaRica_S4_cc5dcd,,,,,
2026-09-12T18:01:15-05:00,PUR_IED_VillaRica_Sesp_99f5c,PUR_IED_VillaRica_Sesp_99f5c,,,,,
2026-09-12T18:06:08-05:00,PUR_IED_20deJulio_1101_91b1b9,PUR_IED_20deJulio_1101_91b1b9,,,,,
2026-09-12T18:06:08-05:00,PUR_IED_20deJulio_1102_1cfcf9,PUR_IED_20deJulio_1102_1cfcf9,,,,,
2026-09-12T18:06:08-05:00,PUR_IED_20deJulio_Ext_ab60bd,PUR_IED_20deJulio_Ext_ab60bd,,,,,
2026-09-12T18:06:08-05:00,PUR_IED_AgustinFer_Ext_7b9b77,PUR_IED_AgustinFer_Ext_7b9b77,,,,,
2026-09-12T18:06:08-05:00,PUR_IED_AgustinFer_Info2_27b3a7,PUR_IED_AgustinFer_Info2_27b3a7,,,,,
2026-09-12T18:06:08-05:00,PUR_IED_AgustinFer_Sena_54b4eb,PUR_IED_AgustinFer_Sena_54b4eb,,,,,
2026-09-12T18:06:08-05:00,PUR_IED_AlexanderF_1102_caf07b,PUR_IED_AlexanderF_1102_caf07b,,,,,
2026-09-12T18:06:08-05:00,PUR_IED_AlexanderF_1103_c79e71,PUR_IED_AlexanderF_1103_c79e71,,,,,
2026-09-12T18:06:08-05:00,PUR_IED_AlexanderF_Ext_c5b18b,PUR_IED_AlexanderF_Ext_c5b18b,,,,,
2026-09-12T18:06:08-05:00,PUR_IED_AlfonsoLopez_Ext_281d77,PUR_IED_AlfonsoLopez_Ext_281d77,,,,,
2026-09-12T18:06:08-05:00,PUR_IED_AlfonsoLopez_LabF_888ce0,PUR_IED_AlfonsoLopez_LabF_888ce0,,,,,
2026-09-12T18:06:08-05:00,PUR_IED_AlfonsoLopez_SMed_df6a7f,PUR_IED_AlfonsoLopez_SMed_df6a7f,,,,,
2026-09-12T18:06:08-05:00,PUR_IED_AltamiraSO_A2_209f92,PUR_IED_AltamiraSO_A2_209f92,,,,,
2026-09-12T18:06:08-05:00,PUR_IED_AltamiraSO_Ext_186d66,PUR_IED_AltamiraSO_Ext_186d66,,,,,
2026-09-12T18:06:08-05:00,PUR_IED_AltamiraSO_Sistem_27afe1,PUR_IED_AltamiraSO_Sistem_27afe1,,,,,
2026-09-12T18:06:08-05:00,PUR_IED_AlvaroGom_LabQuim_813179,PUR_IED_AlvaroGom_LabQuim_813179,,,,,
2026-09-12T18:06:08-05:00,PUR_IED_AlvaroGomez_Ext_47c7ca,PUR_IED_AlvaroGomez_Ext_47c7ca,,,,,
2026-09-12T18:06:08-05:00,PUR_IED_AlvaroGomez_LabQuim_813179,PUR_IED_AlvaroGomez_LabQuim_813179,,,,,
2026-09-12T18:06:08-05:00,PUR_IED_AlvaroGomez_S23_7ba89f,PUR_IED_AlvaroGomez_S23_7ba89f,,,,,
2026-09-12T18:06:08-05:00,PUR_IED_Amistad_306_dc8728,PUR_IED_Amistad_306_dc8728,,,,,
2026-09-12T18:06:08-05:00,PUR_IED_Amistad_Ext_8cd55e,PUR_IED_Amistad_Ext_8cd55e,,,,,
2026-09-12T18:06:08-05:00,PUR_IED_Amistad_S202_a41169,PUR_IED_Amistad_S202_a41169,,,,,
2026-09-12T18:06:08-05:00,PUR_IED_AndresBello_Bio_fd5f5e,PUR_IED_AndresBello_Bio_fd5f5e,,,,,
2026-09-12T18:06:08-05:00,PUR_IED_AndresBello_ext_dcad65,PUR_IED_AndresBello_ext_dcad65,,,,,
2026-09-12T18:06:08-05:00,PUR_IED_AndresBello_port_eed3ec,PUR_IED_AndresBello_port_eed3ec,,,,,
2026-09-12T18:06:08-05:00,PUR_IED_AngelaR_11b_d90a6b,PUR_IED_AngelaR_11b_d90a6b,,,,,
2026-09-12T18:06:08-05:00,PUR_IED_AngelaR_ext_7cad3e,PUR_IED_AngelaR_ext_7cad3e,4,20,63,4.5825,-74.164497
2026-09-12T18:06:08-05:00,PUR_IED_AntJoseSucre_10mo_df2575,PUR_IED_AntJoseSucre_10mo_df2575,,,,,
2026-09-12T18:06:08-05:00,PUR_IED_AntJoseSucre_Ext_215b36,PUR_IED_AntJoseSucre_Ext_215b36,,,,,
2026-09-12T18:06:08-05:00,PUR_IED_AntJoseSucre_Lab_3139de,PUR_IED_AntJoseSucre_Lab_3139de,,,,,
2026-09-12T18:06:08-05:00,PUR_IED_AntonioGarcia_301_d6b188,PUR_IED_AntonioGarcia_301_d6b188,,,,,
2026-09-12T18:06:08-05:00,PUR_IED_AntonioGarcia_302_88a82,PUR_IED_AntonioGarcia_302_88a82,,,,,
2026-09-12T18:06:08-05:00,PUR_IED_AntonioGarcia_Ext_20950c,PUR_IED_AntonioGarcia_Ext_20950c,,,,,
2026-09-12T18:06:08-05:00,PUR_IED_AntonioVan_Aula2_6dea02,PUR_IED_AntonioVan_Aula2_6dea02,,,,,
2026-09-12T18:06:08-05:00,PUR_IED_AntonioVan_Aula5_f1557e,PUR_IED_AntonioVan_Aula5_f1557e,,,,,
2026-09-12T18:06:08-05:00,PUR_IED_AntonioVan_Ext_406f2f,PUR_IED_AntonioVan_Ext_406f2f,,,,,
2026-09-12T18:06:08-05:00,PUR_IED_Atabanzha_Ext_cc5af9,PUR_IED_Atabanzha_Ext_cc5af9,,,,,
2026-09-12T18:06:08-05:00,PUR_IED_Atabanzha_SA101_56c37,PUR_IED_Atabanzha_SA101_56c37,,,,,
2026-09-12T18:06:08-05:00,PUR_IED_Atabanzha_SB302_27b374,PUR_IED_Atabanzha_SB302_27b374,,,,,
2026-09-12T18:06:08-05:00,PUR_IED_Atahualpa_Ext_fc1748,PUR_IED_Atahualpa_Ext_fc1748,,,,,
2026-09-12T18:06:08-05:00,PUR_IED_Atahualpa_Informa_dc9a95,PUR_IED_Atahualpa_Informa_dc9a95,,,,,
2026-09-12T18:06:08-05:00,PUR_IED_Atahualpa_S1101_f98056,PUR_IED_Atahualpa_S1101_f98056,,,,,
2026-09-12T18:06:08-05:00,PUR_IED_Bellavista_Ext_f5aa74,PUR_IED_Bellavista_Ext_f5aa74,,,,,
2026-09-12T18:06:08-05:00,PUR_IED_Bilbao_11A_916c41,PUR_IED_Bilbao_11A_916c41,,,,,
2026-09-12T18:06:08-05:00,PUR_IED_Bilbao_Ext_fb579a,PUR_IED_Bilbao_Ext_fb579a,,,,,
2026-09-12T18:06:08-05:00,PUR_IED_BrasiliaU_A125_304280,PUR_IED_BrasiliaU_A125_304280,,,,,
2026-09-12T18:06:08-05:00,PUR_IED_BrasiliaU_A203_7c8ca5,PUR_IED_BrasiliaU_A203_7c8ca5,,,,,
2026-09-12T18:06:08-05:00,PUR_IED_BrasiliaU_Ext_8d6e9f,PUR_IED_BrasiliaU_Ext_8d6e9f,5,19,59,4.5175,-74.116302
2026-09-12T18:06:08-05:00,PUR_IED_Brasilia_Ext_fe6593,PUR_IED_Brasilia_Ext_fe6593,,,,,
2026-09-12T18:06:08-05:00,PUR_IED_Brasilia_S24_7c130d,PUR_IED_Brasilia_S24_7c130d,,,,,
2026-09-12T18:06:08-05:00,PUR_IED_Brasilia_S501_186a54,PUR_IED_Brasilia_S501_186a54,,,,,
2026-09-12T18:06:08-05:00,PUR_IED_CHARRY_EXT_f1d5cd,PUR_IED_CHARRY_EXT_f1d5cd,,,,,
2026-09-12T18:06:08-05:00,PUR_IED_CHARRY_INTDANZAS_7a08e6,PUR_IED_CHARRY_INTDANZAS_7a08e6,,,,,
2026-09-12T18:06:08-05:00,PUR_IED_CHARRY_INT_AULA20_dc998d,PUR_IED_CHARRY_INT_AULA20_dc998d,,,,,
2026-09-12T18:06:08-05:00,PUR_IED_COLVIV_1101_S25_7f520a,PUR_IED_COLVIV_1101_S25_7f520a,,,,,
2026-09-12T18:06:08-05:00,PUR_IED_COLVIV_1102_S16_f570ba,PUR_IED_COLVIV_1102_S16_f570ba,,,,,
2026-09-12T18:06:08-05:00,PUR_IED_COLVIV_Ext_1a26fa,PUR_IED_COLVIV_Ext_1a26fa,,,,,
2026-09-12T18:06:08-05:00,PUR_IED_CULPOP_301A_f660f3,PUR_IED_CULPOP_301A_f660f3,,,,,
2026-09-12T18:06:08-05:00,PUR_IED_CULPOP_303_568afe,PUR_IED_CULPOP_303_568afe,,,,,
2026-09-12T18:06:08-05:00,PUR_IED_CULPOP_Ext_e02ccb,PUR_IED_CULPOP_Ext_e02ccb,,,,,
2026-09-12T18:06:08-05:00,PUR_IED_CVillavicen_Ext_26eb58,PUR_IED_CVillavicen_Ext_26eb58,5,16,78,4.487,-74.102798
2026-09-12T18:06:08-05:00,PUR_IED_CVillavicen_Intel_1ce5c2,PUR_IED_CVillavicen_Intel_1ce5c2,,,,,
2026-09-12T18:06:08-05:00,PUR_IED_CVillavicen_Poliv_e0766c,PUR_IED_CVillavicen_Poliv_e0766c,,,,,
2026-09-12T18:06:08-05:00,PUR_IED_CVillavicen_int_1ba140,PUR_IED_CVillavicen_int_1ba140,,,,,
2026-09-12T18:06:08-05:00,PUR_IED_CVillavicen_intel_1ba140,PUR_IED_CVillavicen_intel_1ba140,,,,,
2026-09-12T18:06:08-05:00,PUR_IED_CarlosPizarro_Ext_e307cc,PUR_IED_CarlosPizarro_Ext_e307cc,,,,,
2026-09-12T18:06:08-05:00,PUR_IED_CarlosPizarro_L36_7e5cdb,PUR_IED_CarlosPizarro_L36_7e5cdb,,,,,
2026-09-12T18:06:08-05:00,PUR_IED_CarlosPizarro_L37_c8566c,PUR_IED_CarlosPizarro_L37_c8566c,,,,,
2026-09-12T18:06:08-05:00,PUR_IED_Castilla_Ext_cf35f,PUR_IED_Castilla_Ext_cf35f,,,,,
2026-09-12T18:06:08-05:00,PUR_IED_Castilla_SFisik_360e38,PUR_IED_Castilla_SFisik_360e38,,,,,
2026-09-12T18:06:08-05:00,PUR_IED_Castilla_Sc304_496fbf,PUR_IED_Castilla_Sc304_496fbf,,,,,
2026-09-12T18:06:08-05:00,PUR_IED_CervantesSa_Ext_6b57b,PUR_IED_CervantesSa_Ext_6b57b,3,19,67,4.5128,-74.117203
2026-09-12T18:06:08-05:00,PUR_IED_CervantesSa_S107_225c2b,PUR_IED_CervantesSa_S107_225c2b,,,,,
2026-09-12T18:06:08-05:00,PUR_IED_CervantesSa_S108_940925,PUR_IED_CervantesSa_S108_940925,,,,,
2026-09-12T18:06:08-05:00,PUR_IED_Charry_A20_f53e7c,PUR_IED_Charry_A20_f53e7c,,,,,
2026-09-12T18:06:08-05:00,PUR_IED_Charry_Ext_f1d5cd,PUR_IED_Charry_Ext_f1d5cd,,,,,
2026-09-12T18:06:08-05:00,PUR_IED_Charry_IntAula20_dc998d,PUR_IED_Charry_IntAula20_dc998d,,,,,
2026-09-12T18:06:08-05:00,PUR_IED_Charry_IntDanzas_7a08e6,PUR_IED_Charry_IntDanzas_7a08e6,,,,,
2026-09-12T18:06:08-05:00,PUR_IED_ClememciaC_203_43e2fc,PUR_IED_ClememciaC_203_43e2fc,,,,,
2026-09-12T18:06:08-05:00,PUR_IED_ClememciaC_Ext_1b411a,PUR_IED_ClememciaC_Ext_1b411a,,,,,
2026-09-12T18:06:08-05:00,PUR_IED_ClememciaC_Quimic_44b5fc,PUR_IED_ClememciaC_Quimic_44b5fc,,,,,
2026-09-12T18:06:08-05:00,PUR_IED_ClemenciaC_203_43e2fc,PUR_IED_ClemenciaC_203_43e2fc,,,,,
2026-09-12T18:06:08-05:00,PUR_IED_ClemenciaC_Ext_1b411a,PUR_IED_ClemenciaC_Ext_1b411a,,,,,
2026-09-12T18:06:08-05:00,PUR_IED_ClemenciaC_Quimic_44b5fc,PUR_IED_ClemenciaC_Quimic_44b5fc,,,,,
2026-09-12T18:06:08-05:00,PUR_IED_ColViva_1101_S25_7f520a,PUR_IED_ColViva_1101_S25_7f520a,,,,,
2026-09-12T18:06:08-05:00,PUR_IED_ColViva_1102_S16_f570ba,PUR_IED_ColViva_1102_S16_f570ba,,,,,
2026-09-12T18:06:08-05:00,PUR_IED_ColViva_Ext_1a26fa,PUR_IED_ColViva_Ext_1a26fa,,,,,
2026-09-12T18:06:08-05:00,PUR_IED_ColegioBici_Asist_7c8798,PUR_IED_ColegioBici_Asist_7c8798,,,,,
2026-09-12T18:06:08-05:00,PUR_IED_ColegioBici_Ext_25cbf6,PUR_IED_ColegioBici_Ext_25cbf6,,,,,
2026-09-12T18:06:08-05:00,PUR_IED_ColegioBici_LabQ_7b57db,PUR_IED_ColegioBici_LabQ_7b57db,,,,,
2026-09-12T18:06:08-05:00,PUR_IED_CostaRica_Ext_5e640,PUR_IED_CostaRica_Ext_5e640,,,,,
2026-09-12T18:06:08-05:00,PUR_IED_CostaRica_Quim1_766d1c,PUR_IED_CostaRica_Quim1_766d1c,,,,,
2026-09-12T18:06:08-05:00,PUR_IED_CostaRica__Fisica_6f0873,PUR_IED_CostaRica__Fisica_6f0873,,,,,
2026-09-12T18:06:08-05:00,PUR_IED_CulPopu_301A_f660f3,PUR_IED_CulPopu_301A_f660f3,,,,,
2026-09-12T18:06:08-05:00,PUR_IED_CulPopu_303_568afe,PUR_IED_CulPopu_303_568afe,,,,,
2026-09-12T18:06:08-05:00,PUR_IED_CulPopu_Ext_e02ccb,PUR_IED_CulPopu_Ext_e02ccb,,,,,
2026-09-12T18:06:08-05:00,PUR_IED_Cundinamarca_Ext_f15985,PUR_IED_Cundinamarca_Ext_f15985,,,,,
2026-09-12T18:06:08-05:00,PUR_IED_Cundinamarca_Info_7aa5d7,PUR_IED_Cundinamarca_Info_7aa5d7,,,,,
2026-09-12T18:06:08-05:00,PUR_IED_Cundinamarca_Tec2_f449c7,PUR_IED_Cundinamarca_Tec2_f449c7,,,,,
2026-09-12T18:06:08-05:00,PUR_IED_DiegoM_Aula1_27b314,PUR_IED_DiegoM_Aula1_27b314,,,,,
2026-09-12T18:06:08-05:00,PUR_IED_DiegoM_Ext_d80ac8,PUR_IED_DiegoM_Ext_d80ac8,,,,,
2026-09-12T18:06:08-05:00,PUR_IED_DiegoM_S25_da928f,PUR_IED_DiegoM_S25_da928f,,,,,
2026-09-12T18:06:08-05:00,PUR_IED_ELRODEO_360881,PUR_IED_ELRODEO_360881,,,,,
2026-09-12T18:06:08-05:00,PUR_IED_ELRODEO_ext_360881,PUR_IED_ELRODEO_ext_360881,,,,,
2026-09-12T18:06:08-05:00,PUR_IED_EduardoU_Ext_1c1969,PUR_IED_EduardoU_Ext_1c1969,,,,,
2026-09-12T18:06:08-05:00,PUR_IED_EduardoU_SCiencia_4dfb94,PUR_IED_EduardoU_SCiencia_4dfb94,,,,,
2026-09-12T18:06:08-05:00,PUR_IED_EduardoU_SQuimica_5a46e7,PUR_IED_EduardoU_SQuimica_5a46e7,,,,,
2026-09-12T18:06:08-05:00,PUR_IED_ElRodeo_Aula14_676984,PUR_IED_ElRodeo_Aula14_676984,,,,,
2026-09-12T18:06:08-05:00,PUR_IED_ElRodeo_Aula16_2dd35b,PUR_IED_ElRodeo_Aula16_2dd35b,,,,,
2026-09-12T18:06:08-05:00,PUR_IED_ElRodeo_Ext_360881,PUR_IED_ElRodeo_Ext_360881,,,,,
2026-09-12T18:06:08-05:00,PUR_IED_ElRodeo_Exterior_8c6d28,PUR_IED_ElRodeo_Exterior_8c6d28,,,,,
2026-09-12T18:06:08-05:00,PUR_IED_ElRodeo_ext_360881,PUR_IED_ElRodeo_ext_360881,,,,,
2026-09-12T18:06:08-05:00,PUR_IED_EmmaReyes_Ext_987625,PUR_IED_EmmaReyes_Ext_987625,2,21,51,4.6367,-74.1511
2026-09-12T18:06:08-05:00,PUR_IED_Ensueño_Ext_7f0250,PUR_IED_Ensueño_Ext_7f0250,,,,,
2026-09-12T18:06:08-05:00,PUR_IED_EscNormal_Ext_5fef3b,PUR_IED_EscNormal_Ext_5fef3b,2,20,57,4.5852,-74.096901
2026-09-12T18:06:08-05:00,PUR_IED_EscNormal_S309_5b263,PUR_IED_EscNormal_S309_5b263,,,,,
2026-09-12T18:06:08-05:00,PUR_IED_EscNormal_S310_27b3b8,PUR_IED_EscNormal_S310_27b3b8,,,,,
2026-09-12T18:06:08-05:00,PUR_IED_Evangelista_Conta_f6cd4f,PUR_IED_Evangelista_Conta_f6cd4f,,,,,
2026-09-12T18:06:08-05:00,PUR_IED_Evangelista_Cri_5e16a,PUR_IED_Evangelista_Cri_5e16a,,,,,
2026-09-12T18:06:08-05:00,PUR_IED_Evangelista_Exter_754066,PUR_IED_Evangelista_Exter_754066,,,,,
2026-09-12T18:06:08-05:00,PUR_IED_FMiranda_S209_5cc2a3,PUR_IED_FMiranda_S209_5cc2a3,,,,,
2026-09-12T18:06:08-05:00,PUR_IED_FMiranda_S303_19e344,PUR_IED_FMiranda_S303_19e344,,,,,
2026-09-12T18:06:08-05:00,PUR_IED_FMiranda_ext_f53e7c,PUR_IED_FMiranda_ext_f53e7c,,,,,
2026-09-12T18:06:08-05:00,PUR_IED_FabioLozano_Bibli_1cee05,PUR_IED_FabioLozano_Bibli_1cee05,,,,,
2026-09-12T18:06:08-05:00,PUR_IED_FabioLozano_Ext_6ea285,PUR_IED_FabioLozano_Ext_6ea285,,,,,
2026-09-12T18:06:08-05:00,PUR_IED_FabioLozano_SLudi_f09e1e,PUR_IED_FabioLozano_SLudi_f09e1e,,,,,
2026-09-12T18:06:08-05:00,PUR_IED_FaustinoS_Aula07_27a731,PUR_IED_FaustinoS_Aula07_27a731,,,,,
2026-09-12T18:06:08-05:00,PUR_IED_FaustinoS_Ext_7b936f,PUR_IED_FaustinoS_Ext_7b936f,,,,,
2026-09-12T18:06:08-05:00,PUR_IED_FaustinoS_Fisica_da2c60,PUR_IED_FaustinoS_Fisica_da2c60,,,,,
2026-09-12T18:06:08-05:00,PUR_IED_FeGarciaLo_Ext_dc68ee,PUR_IED_FeGarciaLo_Ext_dc68ee,,,,,
2026-09-12T18:06:08-05:00,PUR_IED_FeGarciaLo_SDanza_f70a59,PUR_IED_FeGarciaLo_SDanza_f70a59,,,,,
2026-09-12T18:06:08-05:00,PUR_IED_FeGarciaLo_SMusic_125cdd,PUR_IED_FeGarciaLo_SMusic_125cdd,,,,,
2026-09-12T18:06:08-05:00,PUR_IED_FederalAlema_Exte_50c345,PUR_IED_FederalAlema_Exte_50c345,,,,,
2026-09-12T18:06:08-05:00,PUR_IED_FederalAlema_S31_f18371,PUR_IED_FederalAlema_S31_f18371,,,,,
2026-09-12T18:06:08-05:00,PUR_IED_FederalAlema_S901_a62cd,PUR_IED_FederalAlema_S901_a62cd,,,,,
2026-09-12T18:06:08-05:00,PUR_IED_FilarmonicaS_A5_f35eb1,PUR_IED_FilarmonicaS_A5_f35eb1,,,,,
2026-09-12T18:06:08-05:00,PUR_IED_FilarmonicaS_Ext_8a3bde,PUR_IED_FilarmonicaS_Ext_8a3bde,,,,,
2026-09-12T18:06:08-05:00,PUR_IED_FilarmonicaS_Spol_406114,PUR_IED_FilarmonicaS_Spol_406114,,,,,
2026-09-12T18:06:08-05:00,PUR_IED_FlorentinoG_A13_d1fa59,PUR_IED_FlorentinoG_A13_d1fa59,,,,,
2026-09-12T18:06:08-05:00,PUR_IED_FlorentinoG_Ext_1ce6ce,PUR_IED_FlorentinoG_Ext_1ce6ce,,,,,
2026-09-12T18:06:08-05:00,PUR_IED_FlorentinoG_Idiom_a66aac,PUR_IED_FlorentinoG_Idiom_a66aac,,,,,
2026-09-12T18:06:08-05:00,PUR_IED_FranciscoMati_Ext_e3869d,PUR_IED_FranciscoMati_Ext_e3869d,,,,,
2026-09-12T18:06:08-05:00,PUR_IED_FranciscoMati_S13_f31c67,PUR_IED_FranciscoMati_S13_f31c67,,,,,
2026-09-12T18:06:08-05:00,PUR_IED_FranciscoMati_S14_97dead,PUR_IED_FranciscoMati_S14_97dead,,,,,
2026-09-12T18:06:08-05:00,PUR_IED_FranciscoPS_Ext_7bfa9a,PUR_IED_FranciscoPS_Ext_7bfa9a,2,21,57,4.5899,-74.110397
2026-09-12T18:06:08-05:00,PUR_IED_FranciscoPS_Infor_fb8f4c,PUR_IED_FranciscoPS_Infor_fb8f4c,,,,,
2026-09-12T18:06:08-05:00,PUR_IED_FranciscoPS_Quimi_94d39c,PUR_IED_FranciscoPS_Quimi_94d39c,,,,,
2026-09-12T18:06:08-05:00,PUR_IED_FranciscoP_LabQ_d7e148,PUR_IED_FranciscoP_LabQ_d7e148,,,,,
2026-09-12T18:06:08-05:00,PUR_IED_FranciscoP_S28_cf9b30,PUR_IED_FranciscoP_S28_cf9b30,,,,,
2026-09-12T18:06:08-05:00,PUR_IED_FranciscoP_ext_e2313,PUR_IED_FranciscoP_ext_e2313,,,,,
2026-09-12T18:06:08-05:00,PUR_IED_FriederichN_Ext_8ac92a,PUR_IED_FriederichN_Ext_8ac92a,,,,,
2026-09-12T18:06:08-05:00,PUR_IED_FriederichN_S301_dd7e5a,PUR_IED_FriederichN_S301_dd7e5a,,,,,
2026-09-12T18:06:08-05:00,PUR_IED_FriederichN_S308_761f4f,PUR_IED_FriederichN_S308_761f4f,,,,,
2026-09-12T18:06:08-05:00,PUR_IED_GSantander_Aula10_533dd7,PUR_IED_GSantander_Aula10_533dd7,,,,,
2026-09-12T18:06:08-05:00,PUR_IED_GSantander_Aula12_fd4e4f,PUR_IED_GSantander_Aula12_fd4e4f,,,,,
2026-09-12T18:06:08-05:00,PUR_IED_GSantander_Aula310_533dd7,PUR_IED_GSantander_Aula310_533dd7,,,,,
2026-09-12T18:06:08-05:00,PUR_IED_GSantander_Aula312_fd4e4f,PUR_IED_GSantander_Aula312_fd4e4f,,,,,
2026-09-12T18:06:08-05:00,PUR_IED_GSantander_Ext_5f66b0,PUR_IED_GSantander_Ext_5f66b0,,,,,
2026-09-12T18:06:08-05:00,PUR_IED_GYomasa_Ext_f6bea5,PUR_IED_GYomasa_Ext_f6bea5,,,,,
2026-09-12T18:06:08-05:00,PUR_IED_GYomasa_LBiol_2c41aa,PUR_IED_GYomasa_LBiol_2c41aa,,,,,
2026-09-12T18:06:08-05:00,PUR_IED_GYomasa_LQuim_33c80,PUR_IED_GYomasa_LQuim_33c80,,,,,
2026-09-12T18:06:08-05:00,PUR_IED_GabBetMejia_Cienc_5a99c,PUR_IED_GabBetMejia_Cienc_5a99c,,,,,
2026-09-12T18:06:08-05:00,PUR_IED_GabBetMejia_Ext_9153d0,PUR_IED_GabBetMejia_Ext_9153d0,,,,,
2026-09-12T18:06:08-05:00,PUR_IED_GabBetMejia_Lab_f55347,PUR_IED_GabBetMejia_Lab_f55347,,,,,
2026-09-12T18:06:08-05:00,PUR_IED_GabBetanMejia_Ext_9153d0,PUR_IED_GabBetanMejia_Ext_9153d0,,,,,
2026-09-12T18:06:08-05:00,PUR_IED_Gaitana_Aula13_7aac11,PUR_IED_Gaitana_Aula13_7aac11,,,,,
2026-09-12T18:06:08-05:00,PUR_IED_Gaitana_Ext_5fcf4,PUR_IED_Gaitana_Ext_5fcf4,,,,,
2026-09-12T18:06:08-05:00,PUR_IED_Gaitana_LabFisica_644448,PUR_IED_Gaitana_LabFisica_644448,,,,,
2026-09-12T18:06:08-05:00,PUR_IED_GenSantander_Dise_8ac858,PUR_IED_GenSantander_Dise_8ac858,,,,,
2026-09-12T18:06:08-05:00,PUR_IED_GenSantander_Ext_8d5dfe,PUR_IED_GenSantander_Ext_8d5dfe,,,,,
2026-09-12T18:06:08-05:00,PUR_IED_GenSantander_Info_6c25b,PUR_IED_GenSantander_Info_6c25b,,,,,
2026-09-12T18:06:08-05:00,PUR_IED_GustavoMo_Exterio_75e63d,PUR_IED_GustavoMo_Exterio_75e63d,,,,,
2026-09-12T18:06:08-05:00,PUR_IED_GustavoMo_LabFisi_224d37,PUR_IED_GustavoMo_LabFisi_224d37,,,,,
2026-09-12T18:06:08-05:00,PUR_IED_GustavoMo_S208_3e6918,PUR_IED_GustavoMo_S208_3e6918,,,,,
2026-09-12T18:06:08-05:00,PUR_IED_GustavoR_A02_8cd4a8,PUR_IED_GustavoR_A02_8cd4a8,,,,,
2026-09-12T18:06:08-05:00,PUR_IED_GustavoR_B11_5b0ed,PUR_IED_GustavoR_B11_5b0ed,,,,,
2026-09-12T18:06:08-05:00,PUR_IED_GustavoR_Ext_7a0c90,PUR_IED_GustavoR_Ext_7a0c90,,,,,
2026-09-12T18:06:08-05:00,PUR_IED_HernandoDuran_Ext_8cd82b,PUR_IED_HernandoDuran_Ext_8cd82b,,,,,
2026-09-12T18:06:08-05:00,PUR_IED_HernandoDuran_S24_2772c6,PUR_IED_HernandoDuran_S24_2772c6,,,,,
2026-09-12T18:06:08-05:00,PUR_IED_HernandoDuran_S30_f2de41,PUR_IED_HernandoDuran_S30_f2de41,,,,,
2026-09-12T18:06:08-05:00,PUR_IED_HolguInUr_S1101_8cd732,PUR_IED_HolguInUr_S1101_8cd732,,,,,
2026-09-12T18:06:08-05:00,PUR_IED_HolguinUr_Exter_ddae6d,PUR_IED_HolguinUr_Exter_ddae6d,,,,,
2026-09-12T18:06:08-05:00,PUR_IED_HolguinUr_LabQuim_92b952,PUR_IED_HolguinUr_LabQuim_92b952,,,,,
2026-09-12T18:06:08-05:00,PUR_IED_Isabel-II_Ext_5245cc,PUR_IED_Isabel-II_Ext_5245cc,2,20,57,4.6336,-74.153
2026-09-12T18:06:08-05:00,PUR_IED_Isabel-II_S_idiom_1c29aa,PUR_IED_Isabel-II_S_idiom_1c29aa,,,,,
2026-09-12T18:06:08-05:00,PUR_IED_Isabel-II_S_infor_fd741,PUR_IED_Isabel-II_S_infor_fd741,,,,,
2026-09-12T18:06:08-05:00,PUR_IED_IsidroSur_Exterio_5b90ea,PUR_IED_IsidroSur_Exterio_5b90ea,,,,,
2026-09-12T18:06:08-05:00,PUR_IED_IsidroSur_LabTec_56697a,PUR_IED_IsidroSur_LabTec_56697a,,,,,
2026-09-12T18:06:08-05:00,PUR_IED_IsidroSur_Robotic_b7c38f,PUR_IED_IsidroSur_Robotic_b7c38f,,,,,
2026-09-12T18:06:08-05:00,PUR_IED_IsmaelPerd_Ext_7b6672,PUR_IED_IsmaelPerd_Ext_7b6672,,,,,
2026-09-12T18:06:08-05:00,PUR_IED_IsmaelPerd_Inform_306540,PUR_IED_IsmaelPerd_Inform_306540,,,,,
2026-09-12T18:06:08-05:00,PUR_IED_IsmaelPerd_S30_2e2c83,PUR_IED_IsmaelPerd_S30_2e2c83,,,,,
2026-09-12T18:06:08-05:00,PUR_IED_JLozano_Exter_432910,PUR_IED_JLozano_Exter_432910,,,,,
2026-09-12T18:06:08-05:00,PUR_IED_JLozano_salaMulti_df5125,PUR_IED_JLozano_salaMulti_df5125,,,,,
2026-09-12T18:06:08-05:00,PUR_IED_JMCordoba_206_86f80b,PUR_IED_JMCordoba_206_86f80b,,,,,
2026-09-12T18:06:08-05:00,PUR_IED_JMCordoba_Ext_27ad97,PUR_IED_JMCordoba_Ext_27ad97,,,,,
2026-09-12T18:06:08-05:00,PUR_IED_JMCordoba_S310_d59ab4,PUR_IED_JMCordoba_S310_d59ab4,,,,,
2026-09-12T18:06:08-05:00,PUR_IED_Japon_Ext_549100,PUR_IED_Japon_Ext_549100,,,,,
2026-09-12T18:06:08-05:00,PUR_IED_Japon_Laboratorio_bec51d,PUR_IED_Japon_Laboratorio_bec51d,,,,,
2026-09-12T18:06:08-05:00,PUR_IED_Japon_informatica_d99327,PUR_IED_Japon_informatica_d99327,,,,,
2026-09-12T18:06:08-05:00,PUR_IED_Jazmin_Ext_d27bda,PUR_IED_Jazmin_Ext_d27bda,,,,,
2026-09-12T18:06:08-05:00,PUR_IED_Jazmin_Fisica_8d14d7,PUR_IED_Jazmin_Fisica_8d14d7,,,,,
2026-09-12T18:06:08-05:00,PUR_IED_Jazmin_Quimica_801cb5,PUR_IED_Jazmin_Quimica_801cb5,,,,,
2026-09-12T18:06:08-05:00,PUR_IED_JorgeGaitan_Exter_f098d1,PUR_IED_JorgeGaitan_Exter_f098d1,,,,,
2026-09-12T18:06:08-05:00,PUR_IED_JorgeGaitan_STec1_dc9d1d,PUR_IED_JorgeGaitan_STec1_dc9d1d,,,,,
2026-09-12T18:06:08-05:00,PUR_IED_JorgeGaitan_STec2_281e69,PUR_IED_JorgeGaitan_STec2_281e69,,,,,
2026-09-12T18:06:08-05:00,PUR_IED_JorgeSoto_Exterio_d9d0a2,PUR_IED_JorgeSoto_Exterio_d9d0a2,,,,,
2026-09-12T18:06:08-05:00,PUR_IED_JorgeSoto_LabFisi_209c54,PUR_IED_JorgeSoto_LabFisi_209c54,,,,,
2026-09-12T18:06:08-05:00,PUR_IED_JorgeSoto_S103_27b51a,PUR_IED_JorgeSoto_S103_27b51a,,,,,
2026-09-12T18:06:08-05:00,PUR_IED_JoseAcevedo_A02_e965eb,PUR_IED_JoseAcevedo_A02_e965eb,,,,,
2026-09-12T18:06:08-05:00,PUR_IED_JoseAcevedo_A07_dd5b4,PUR_IED_JoseAcevedo_A07_dd5b4,,,,,
2026-09-12T18:06:08-05:00,PUR_IED_JoseAcevedo_Ext_b47484,PUR_IED_JoseAcevedo_Ext_b47484,,,,,
2026-09-12T18:06:08-05:00,PUR_IED_JoseMarti_Exte_5b9bf,PUR_IED_JoseMarti_Exte_5b9bf,,,,,
2026-09-12T18:06:08-05:00,PUR_IED_JoseMarti_LabQuim_1c6c2d,PUR_IED_JoseMarti_LabQuim_1c6c2d,,,,,
2026-09-12T18:06:08-05:00,PUR_IED_JoseMarti_S_info_f5f177,PUR_IED_JoseMarti_S_info_f5f177,,,,,
2026-09-12T18:06:08-05:00,PUR_IED_Josejoaquin_Ext_dfc5dc,PUR_IED_Josejoaquin_Ext_dfc5dc,,,,,
2026-09-12T18:06:08-05:00,PUR_IED_Josejoaquin_S05_5b2a96,PUR_IED_Josejoaquin_S05_5b2a96,,,,,
2026-09-12T18:06:08-05:00,PUR_IED_Josejoaquin_S06_1ce7d2,PUR_IED_Josejoaquin_S06_1ce7d2,,,,,
2026-09-12T18:06:08-05:00,PUR_IED_JulioFlorez_Danza_9b82dd,PUR_IED_JulioFlorez_Danza_9b82dd,,,,,
2026-09-12T18:06:08-05:00,PUR_IED_JulioFlorez_Exter_f9f314,PUR_IED_JulioFlorez_Exter_f9f314,,,,,
2026-09-12T18:06:08-05:00,PUR_IED_JulioFlorez_info2_6b6e08,PUR_IED_JulioFlorez_info2_6b6e08,,,,,
2026-09-12T18:06:08-05:00,PUR_IED_LaBelleza_Aula13_1d00d8,PUR_IED_LaBelleza_Aula13_1d00d8,,,,,
2026-09-12T18:06:08-05:00,PUR_IED_LaBelleza_Ext_7bc08c,PUR_IED_LaBelleza_Ext_7bc08c,,,,,
2026-09-12T18:06:08-05:00,PUR_IED_LaChucua_Ext_8cd6d2,PUR_IED_LaChucua_Ext_8cd6d2,,,,,
2026-09-12T18:06:08-05:00,PUR_IED_LaChucua_S15_f578ce,PUR_IED_LaChucua_S15_f578ce,,,,,
2026-09-12T18:06:08-05:00,PUR_IED_LaChucua_S16_eebcf9,PUR_IED_LaChucua_S16_eebcf9,,,,,
2026-09-12T18:06:08-05:00,PUR_IED_LaFelicidad_Ext_fb5109,PUR_IED_LaFelicidad_Ext_fb5109,,,,,
2026-09-12T18:06:08-05:00,PUR_IED_LaMerced_206_66ebd,PUR_IED_LaMerced_206_66ebd,,,,,
2026-09-12T18:06:08-05:00,PUR_IED_LaMerced_207_6ebd6,PUR_IED_LaMerced_207_6ebd6,,,,,
2026-09-12T18:06:08-05:00,PUR_IED_LaMerced_ext_304311,PUR_IED_LaMerced_ext_304311,,,,,
2026-09-12T18:06:08-05:00,PUR_IED_Laureano_CiencNat_281e5e,PUR_IED_Laureano_CiencNat_281e5e,,,,,
2026-09-12T18:06:08-05:00,PUR_IED_Laureano_Comedor_f65c0a,PUR_IED_Laureano_Comedor_f65c0a,,,,,
2026-09-12T18:06:08-05:00,PUR_IED_Laureano_Exterior_7ab011,PUR_IED_Laureano_Exterior_7ab011,,,,,
2026-09-12T18:06:08-05:00,PUR_IED_LeonGreiff_Exte_dfe560,PUR_IED_LeonGreiff_Exte_dfe560,,,,,
2026-09-12T18:06:08-05:00,PUR_IED_LeonGreiff_S210_f264ed,PUR_IED_LeonGreiff_S210_f264ed,,,,,
2026-09-12T18:06:08-05:00,PUR_IED_LeonGreiff_SQuimi_e8296f,PUR_IED_LeonGreiff_SQuimi_e8296f,,,,,
2026-09-12T18:06:08-05:00,PUR_IED_LlanoOrientalS208_7b9fcd,PUR_IED_LlanoOrientalS208_7b9fcd,,,,,
2026-09-12T18:06:08-05:00,PUR_IED_LlanoOriental_Ext_fb3766,PUR_IED_LlanoOriental_Ext_fb3766,,,,,
2026-09-12T18:06:08-05:00,PUR_IED_LlanoOriental_S208_7b9fcd,PUR_IED_LlanoOriental_S208_7b9fcd,,,,,
2026-09-12T18:06:08-05:00,PUR_IED_LlanoOriental_S9_27b378,PUR_IED_LlanoOriental_S9_27b378,,,,,
2026-09-12T18:06:08-05:00,PUR_IED_LosTejares_1101_477602,PUR_IED_LosTejares_1101_477602,,,,,
2026-09-12T18:06:08-05:00,PUR_IED_LosTejares_11_d2c595,PUR_IED_LosTejares_11_d2c595,,,,,
2026-09-12T18:06:08-05:00,PUR_IED_LosTejares_12_477602,PUR_IED_LosTejares_12_477602,,,,,
2026-09-12T18:06:08-05:00,PUR_IED_LosTejares_Ext_8e2115,PUR_IED_LosTejares_Ext_8e2115,,,,,
2026-09-12T18:06:08-05:00,PUR_IED_MagdalenaO_B202_5ddda3,PUR_IED_MagdalenaO_B202_5ddda3,,,,,
2026-09-12T18:06:08-05:00,PUR_IED_MagdalenaO_B205_fb76e8,PUR_IED_MagdalenaO_B205_fb76e8,,,,,
2026-09-12T18:06:08-05:00,PUR_IED_MagdalenaO_ext_dc69cd,PUR_IED_MagdalenaO_ext_dc69cd,,,,,
2026-09-12T18:06:08-05:00,PUR_IED_ManueCepeda_artes_eee956,PUR_IED_ManueCepeda_artes_eee956,,,,,
2026-09-12T18:06:08-05:00,PUR_IED_ManuelCepeda_Ext_58313,PUR_IED_ManuelCepeda_Ext_58313,,,,,
2026-09-12T18:06:08-05:00,PUR_IED_ManuelCepeda_tec_1c5731,PUR_IED_ManuelCepeda_tec_1c5731,,,,,
2026-09-12T18:06:08-05:00,PUR_IED_ManuelS_Exterior_5b269,PUR_IED_ManuelS_Exterior_5b269,,,,,
2026-09-12T18:06:08-05:00,PUR_IED_ManuelS_Inform_f369ce,PUR_IED_ManuelS_Inform_f369ce,,,,,
2026-09-12T18:06:08-05:00,PUR_IED_ManuelS_SArtes_7d15f1,PUR_IED_ManuelS_SArtes_7d15f1,,,,,
2026-09-12T18:06:08-05:00,PUR_IED_ManuelZapata_303_3ca6,PUR_IED_ManuelZapata_303_3ca6,,,,,
2026-09-12T18:06:08-05:00,PUR_IED_ManuelZapata_311_bfbabc,PUR_IED_ManuelZapata_311_bfbabc,,,,,
2026-09-12T18:06:08-05:00,PUR_IED_ManuelZapata_Ext_50824a,PUR_IED_ManuelZapata_Ext_50824a,,,,,
2026-09-12T18:06:08-05:00,PUR_IED_ManuelitaS_Exteri_656a92,PUR_IED_ManuelitaS_Exteri_656a92,,,,,
2026-09-12T18:06:08-05:00,PUR_IED_ManuelitaS_JuzgDe_f58ec3,PUR_IED_ManuelitaS_JuzgDe_f58ec3,,,,,
2026-09-12T18:06:08-05:00,PUR_IED_ManuelitaS_Recrea_d793db,PUR_IED_ManuelitaS_Recrea_d793db,,,,,
2026-09-12T18:06:08-05:00,PUR_IED_MarFidSuarez_Ext_c27b19,PUR_IED_MarFidSuarez_Ext_c27b19,,,,,
2026-09-12T18:06:08-05:00,PUR_IED_MarFidSuarez_Info_e384d7,PUR_IED_MarFidSuarez_Info_e384d7,,,,,
2026-09-12T18:06:08-05:00,PUR_IED_MarFidSuarez_S306_1d0032,PUR_IED_MarFidSuarez_S306_1d0032,,,,,
2026-09-12T18:06:08-05:00,PUR_IED_Menorah_301_2a25a3,PUR_IED_Menorah_301_2a25a3,,,,,
2026-09-12T18:06:08-05:00,PUR_IED_Menorah_306_37ed3,PUR_IED_Menorah_306_37ed3,,,,,
2026-09-12T18:06:08-05:00,PUR_IED_Menorah_Ext_3e155b,PUR_IED_Menorah_Ext_3e155b,,,,,
2026-09-12T18:06:08-05:00,PUR_IED_MinutoB.Aires_A11_1b1604,PUR_IED_MinutoB.Aires_A11_1b1604,,,,,
2026-09-12T18:06:08-05:00,PUR_IED_MinutoB.Aires_A12_fb5860,PUR_IED_MinutoB.Aires_A12_fb5860,,,,,
2026-09-12T18:06:08-05:00,PUR_IED_MinutoB.Aires_Ext_81293f,PUR_IED_MinutoB.Aires_Ext_81293f,,,,,
2026-09-12T18:06:08-05:00,PUR_IED_MinutoBAires_A11_1b1604,PUR_IED_MinutoBAires_A11_1b1604,,,,,
2026-09-12T18:06:08-05:00,PUR_IED_MinutoBAires_A12_fb5860,PUR_IED_MinutoBAires_A12_fb5860,,,,,
2026-09-12T18:06:08-05:00,PUR_IED_MinutoBAires_Ext_81293f,PUR_IED_MinutoBAires_Ext_81293f,,,,,
2026-09-12T18:06:08-05:00,PUR_IED_Montreal_Aula10_1e4959,PUR_IED_Montreal_Aula10_1e4959,,,,,
2026-09-12T18:06:08-05:00,PUR_IED_Montreal_Aula6_300367,PUR_IED_Montreal_Aula6_300367,,,,,
2026-09-12T18:06:08-05:00,PUR_IED_Montreal_Exterior_91a179,PUR_IED_Montreal_Exterior_91a179,,,,,
2026-09-12T18:06:08-05:00,PUR_IED_Mqgdalena_B202_5ddda3,PUR_IED_Mqgdalena_B202_5ddda3,,,,,
2026-09-12T18:06:08-05:00,PUR_IED_NACUND_Soc_dc8728,PUR_IED_NACUND_Soc_dc8728,,,,,
2026-09-12T18:06:08-05:00,PUR_IED_NACUND_ext_27ad97,PUR_IED_NACUND_ext_27ad97,,,,,
2026-09-12T18:06:08-05:00,PUR_IED_NEsperanza_Ext_d24b61,PUR_IED_NEsperanza_Ext_d24b61,,,,,
2026-09-12T18:06:08-05:00,PUR_IED_NEsperanza_SElect_7d1807,PUR_IED_NEsperanza_SElect_7d1807,,,,,
2026-09-12T18:06:08-05:00,PUR_IED_NEsperanza_SLabor_8b2d0a,PUR_IED_NEsperanza_SLabor_8b2d0a,,,,,
2026-09-12T18:06:08-05:00,PUR_IED_NacionesU_Ext_f661a9,PUR_IED_NacionesU_Ext_f661a9,,,,,
2026-09-12T18:06:08-05:00,PUR_IED_NacionesU_Quimica_66f0a,PUR_IED_NacionesU_Quimica_66f0a,,,,,
2026-09-12T18:06:08-05:00,PUR_IED_NacionesU_S306_1b4b3d,PUR_IED_NacionesU_S306_1b4b3d,,,,,
2026-09-12T18:06:08-05:00,PUR_IED_NestorFA_Ext_e4201c,PUR_IED_NestorFA_Ext_e4201c,,,,,
2026-09-12T18:06:08-05:00,PUR_IED_NestorFA_Laborato_f22fe0,PUR_IED_NestorFA_Laborato_f22fe0,,,,,
2026-09-12T18:06:08-05:00,PUR_IED_NestorFA_S204_dee996,PUR_IED_NestorFA_S204_dee996,,,,,
2026-09-12T18:06:08-05:00,PUR_IED_NidyaQT_Aula03_76999b,PUR_IED_NidyaQT_Aula03_76999b,,,,,
2026-09-12T18:06:08-05:00,PUR_IED_NidyaQT_Aula10_56325,PUR_IED_NidyaQT_Aula10_56325,,,,,
2026-09-12T18:06:08-05:00,PUR_IED_NidyaQT_Ext_46e32d,PUR_IED_NidyaQT_Ext_46e32d,,,,,
2026-09-12T18:06:08-05:00,PUR_IED_NuevaCol_Exterior_d9b859,PUR_IED_NuevaCol_Exterior_d9b859,,,,,
2026-09-12T18:06:08-05:00,PUR_IED_NuevaCol_S1101_76c43b,PUR_IED_NuevaCol_S1101_76c43b,,,,,
2026-09-12T18:06:08-05:00,PUR_IED_NuevaCol_S1102_1ce0b5,PUR_IED_NuevaCol_S1102_1ce0b5,,,,,
2026-09-12T18:06:08-05:00,PUR_IED_OEA_A202_f7e3f2,PUR_IED_OEA_A202_f7e3f2,,,,,
2026-09-12T18:06:08-05:00,PUR_IED_OEA_A203_7d1b8d,PUR_IED_OEA_A203_7d1b8d,,,,,
2026-09-12T18:06:08-05:00,PUR_IED_OEA_Ext_27b593,PUR_IED_OEA_Ext_27b593,,,,,
2026-09-12T18:06:08-05:00,PUR_IED_Ochoa_Ext_1c29da,PUR_IED_Ochoa_Ext_1c29da,,,,,
2026-09-12T18:06:08-05:00,PUR_IED_Ochoa_S205_8b1121,PUR_IED_Ochoa_S205_8b1121,,,,,
2026-09-12T18:06:08-05:00,PUR_IED_Ochoa_Sistemas_f33af6,PUR_IED_Ochoa_Sistemas_f33af6,,,,,
2026-09-12T18:06:08-05:00,PUR_IED_PQuebec_Ext_1c67c7,PUR_IED_PQuebec_Ext_1c67c7,,,,,
2026-09-12T18:06:08-05:00,PUR_IED_PQuebec_S15_23e8e2,PUR_IED_PQuebec_S15_23e8e2,,,,,
2026-09-12T18:06:08-05:00,PUR_IED_PQuebec_S16_8ec76b,PUR_IED_PQuebec_S16_8ec76b,,,,,
2026-09-12T18:06:08-05:00,PUR_IED_PabloN_Ext_49dc96,PUR_IED_PabloN_Ext_49dc96,,,,,
2026-09-12T18:06:08-05:00,PUR_IED_PabloN_S1102_4e3df5,PUR_IED_PabloN_S1102_4e3df5,,,,,
2026-09-12T18:06:08-05:00,PUR_IED_PabloN_S1103_50c94b,PUR_IED_PabloN_S1103_50c94b,,,,,
2026-09-12T18:06:08-05:00,PUR_IED_Palestina_S1101_db9198,PUR_IED_Palestina_S1101_db9198,,,,,
2026-09-12T18:06:08-05:00,PUR_IED_Palestina_S1102_dc54fa,PUR_IED_Palestina_S1102_dc54fa,,,,,
2026-09-12T18:06:08-05:00,PUR_IED_Palestina_ext_4ccce6,PUR_IED_Palestina_ext_4ccce6,,,,,
2026-09-12T18:06:08-05:00,PUR_IED_Panama_Fisica_4d0794,PUR_IED_Panama_Fisica_4d0794,,,,,
2026-09-12T18:06:08-05:00,PUR_IED_Panama_SIngles_a4077e,PUR_IED_Panama_SIngles_a4077e,,,,,
2026-09-12T18:06:08-05:00,PUR_IED_Panama_ext_4c54b4,PUR_IED_Panama_ext_4c54b4,,,,,
2026-09-12T18:06:08-05:00,PUR_IED_ParaisoM_Exterior_8cd7f0,PUR_IED_ParaisoM_Exterior_8cd7f0,,,,,
2026-09-12T18:06:08-05:00,PUR_IED_ParaisoM_Laborato_27af35,PUR_IED_ParaisoM_Laborato_27af35,,,,,
2026-09-12T18:06:08-05:00,PUR_IED_ParaisoM_S304_d1edca,PUR_IED_ParaisoM_S304_d1edca,,,,,
2026-09-12T18:06:08-05:00,PUR_IED_PorfirioBarba_Ext_301466,PUR_IED_PorfirioBarba_Ext_301466,,,,,
2026-09-12T18:06:08-05:00,PUR_IED_PorfirioBarba_S11_df6cd2,PUR_IED_PorfirioBarba_S11_df6cd2,,,,,
2026-09-12T18:06:08-05:00,PUR_IED_PorfirioBarba_S29_27a7d6,PUR_IED_PorfirioBarba_S29_27a7d6,,,,,
2026-09-12T18:06:08-05:00,PUR_IED_PradoV_Exter_8b27ad,PUR_IED_PradoV_Exter_8b27ad,,,,,
2026-09-12T18:06:08-05:00,PUR_IED_PradoV_S301_de65b5,PUR_IED_PradoV_S301_de65b5,,,,,
2026-09-12T18:06:08-05:00,PUR_IED_PradoV_S302_7d2593,PUR_IED_PradoV_S302_7d2593,,,,,
2026-09-12T18:06:08-05:00,PUR_IED_QuirogaAlz_Ext_1ddc82,PUR_IED_QuirogaAlz_Ext_1ddc82,,,,,
2026-09-12T18:06:08-05:00,PUR_IED_QuirogaAlz_S302_9926a3,PUR_IED_QuirogaAlz_S302_9926a3,,,,,
2026-09-12T18:06:08-05:00,PUR_IED_QuirogaAlz_S305_cdf1f1,PUR_IED_QuirogaAlz_S305_cdf1f1,,,,,
2026-09-12T18:06:08-05:00,PUR_IED_RGuatemala_Biling_dc53b7,PUR_IED_RGuatemala_Biling_dc53b7,,,,,
2026-09-12T18:06:08-05:00,PUR_IED_RGuatemala_Ext_1b89a3,PUR_IED_RGuatemala_Ext_1b89a3,,,,,
2026-09-12T18:06:08-05:00,PUR_IED_RGuatemala_Tecnol_281a34,PUR_IED_RGuatemala_Tecnol_281a34,,,,,
2026-09-12T18:06:08-05:00,PUR_IED_RafaNu_Ext_f7c302,PUR_IED_RafaNu_Ext_f7c302,,,,,
2026-09-12T18:06:08-05:00,PUR_IED_RafaNu_S1101_25fde,PUR_IED_RafaNu_S1101_25fde,,,,,
2026-09-12T18:06:08-05:00,PUR_IED_RafaNu_S1102_281517,PUR_IED_RafaNu_S1102_281517,,,,,
2026-09-12T18:06:08-05:00,PUR_IED_RafaelB_S305_ee2783,PUR_IED_RafaelB_S305_ee2783,,,,,
2026-09-12T18:06:08-05:00,PUR_IED_RafaelB_S306_75fe33,PUR_IED_RafaelB_S306_75fe33,,,,,
2026-09-12T18:06:08-05:00,PUR_IED_RafaelB_ext_283336,PUR_IED_RafaelB_ext_283336,2,20,59,4.6722,-74.0737
2026-09-12T18:06:08-05:00,PUR_IED_RafaelUU_Exterior_281a51,PUR_IED_RafaelUU_Exterior_281a51,,,,,
2026-09-12T18:06:08-05:00,PUR_IED_RafaelUU_Human_806b2,PUR_IED_RafaelUU_Human_806b2,,,,,
2026-09-12T18:06:08-05:00,PUR_IED_RafaelUU_Mate2_5680d4,PUR_IED_RafaelUU_Mate2_5680d4,,,,,
2026-09-12T18:06:08-05:00,PUR_IED_RamonSub_Ext_f9eeb9,PUR_IED_RamonSub_Ext_f9eeb9,,,,,
2026-09-12T18:06:08-05:00,PUR_IED_RamonSub_Media_d1f62f,PUR_IED_RamonSub_Media_d1f62f,,,,,
2026-09-12T18:06:08-05:00,PUR_IED_RamonSub_planta_51b82,PUR_IED_RamonSub_planta_51b82,,,,,
2026-09-12T18:06:08-05:00,PUR_IED_RepBoliVene_Exter_27af7c,PUR_IED_RepBoliVene_Exter_27af7c,,,,,
2026-09-12T18:06:08-05:00,PUR_IED_RepBoliVene_SCPT_5ae2ee,PUR_IED_RepBoliVene_SCPT_5ae2ee,,,,,
2026-09-12T18:06:08-05:00,PUR_IED_RepBoliVene_Socia_4b11d5,PUR_IED_RepBoliVene_Socia_4b11d5,,,,,
2026-09-12T18:06:08-05:00,PUR_IED_RepChina_Ext_76d9ee,PUR_IED_RepChina_Ext_76d9ee,,,,,
2026-09-12T18:06:08-05:00,PUR_IED_RepChina_S404_7c804c,PUR_IED_RepChina_S404_7c804c,,,,,
2026-09-12T18:06:08-05:00,PUR_IED_RepChina_S405_df2c33,PUR_IED_RepChina_S405_df2c33,,,,,
2026-09-12T18:06:08-05:00,PUR_IED_RepublicaC_Exteri_7d1ec9,PUR_IED_RepublicaC_Exteri_7d1ec9,,,,,
2026-09-12T18:06:08-05:00,PUR_IED_RepublicaC_S1101_f544b3,PUR_IED_RepublicaC_S1101_f544b3,,,,,
2026-09-12T18:06:08-05:00,PUR_IED_RepublicaC_S1102_7aafc7,PUR_IED_RepublicaC_S1102_7aafc7,,,,,
2026-09-12T18:06:08-05:00,PUR_IED_Ricaurte_Externo_a0ea1,PUR_IED_Ricaurte_Externo_a0ea1,,,,,
2026-09-12T18:06:08-05:00,PUR_IED_Ricaurte_S210_f546fd,PUR_IED_Ricaurte_S210_f546fd,,,,,
2026-09-12T18:06:08-05:00,PUR_IED_Ricaurte_S309_d4452,PUR_IED_Ricaurte_S309_d4452,,,,,
2026-09-12T18:06:08-05:00,PUR_IED_RogelioS_1102_531e69,PUR_IED_RogelioS_1102_531e69,,,,,
2026-09-12T18:06:08-05:00,PUR_IED_RogelioS_Ext_f25a18,PUR_IED_RogelioS_Ext_f25a18,,,,,
2026-09-12T18:06:08-05:00,PUR_IED_SBernardino_Ext_27aff8,PUR_IED_SBernardino_Ext_27aff8,,,,,
2026-09-12T18:06:08-05:00,PUR_IED_SBernardino_SArte_2ffd33,PUR_IED_SBernardino_SArte_2ffd33,,,,,
2026-09-12T18:06:08-05:00,PUR_IED_SBernardino_SIngl_7c7da5,PUR_IED_SBernardino_SIngl_7c7da5,,,,,
2026-09-12T18:06:08-05:00,PUR_IED_Sago_auditorio_dc9d1d,PUR_IED_Sago_auditorio_dc9d1d,,,,,
2026-09-12T18:06:08-05:00,PUR_IED_Saludcoop_Ext_95aac3,PUR_IED_Saludcoop_Ext_95aac3,,,,,
2026-09-12T18:06:08-05:00,PUR_IED_Saludcoop_InfI_90c854,PUR_IED_Saludcoop_InfI_90c854,,,,,
2026-09-12T18:06:08-05:00,PUR_IED_Saludcoop_SMedia_1b93be,PUR_IED_Saludcoop_SMedia_1b93be,,,,,
2026-09-12T18:06:08-05:00,PUR_IED_SanCarlos_1101_1a2360,PUR_IED_SanCarlos_1101_1a2360,,,,,
2026-09-12T18:06:08-05:00,PUR_IED_SanCarlos_1103_7bafb5,PUR_IED_SanCarlos_1103_7bafb5,,,,,
2026-09-12T18:06:08-05:00,PUR_IED_SanCarlos_Ext_b7cd1,PUR_IED_SanCarlos_Ext_b7cd1,,,,,
2026-09-12T18:06:08-05:00,PUR_IED_SanIgnacioBosa11a_50c26e,PUR_IED_SanIgnacioBosa11a_50c26e,,,,,
2026-09-12T18:06:08-05:00,PUR_IED_SanIgnacioBosa11b_371de8,PUR_IED_SanIgnacioBosa11b_371de8,,,,,
2026-09-12T18:06:08-05:00,PUR_IED_SanIgnacioBosaExt_ef0ffc,PUR_IED_SanIgnacioBosaExt_ef0ffc,,,,,
2026-09-12T18:06:08-05:00,PUR_IED_SanIgnacioBosa_11a_50c26e,PUR_IED_SanIgnacioBosa_11a_50c26e,,,,,
2026-09-12T18:06:08-05:00,PUR_IED_SanIgnacioBosa_Ext_ef0ffc,PUR_IED_SanIgnacioBosa_Ext_ef0ffc,,,,,
2026-09-12T18:06:08-05:00,PUR_IED_SanJoseN_intS1101_31c47f,PUR_IED_SanJoseN_intS1101_31c47f,,,,,
2026-09-12T18:06:08-05:00,PUR_IED_SanJoseUsm_Exter_f5d7e8,PUR_IED_SanJoseUsm_Exter_f5d7e8,,,,,
2026-09-12T18:06:08-05:00,PUR_IED_SanJoseUsm_Int11A_cfdef6,PUR_IED_SanJoseUsm_Int11A_cfdef6,,,,,
2026-09-12T18:06:08-05:00,PUR_IED_SilveriaR_IntB5_905349,PUR_IED_SilveriaR_IntB5_905349,,,,,
2026-09-12T18:06:08-05:00,PUR_IED_SilveriaR_IntSD14_981f93,PUR_IED_SilveriaR_IntSD14_981f93,,,,,
2026-09-12T18:06:08-05:00,PUR_IED_SilveriaR_ext_2b651d,PUR_IED_SilveriaR_ext_2b651d,,,,,
2026-09-12T18:06:08-05:00,PUR_IED_SimonB_Exterior_913975,PUR_IED_SimonB_Exterior_913975,,,,,
2026-09-12T18:06:08-05:00,PUR_IED_SimonB_LabQuimi_c56908,PUR_IED_SimonB_LabQuimi_c56908,,,,,
2026-09-12T18:06:08-05:00,PUR_IED_SimonB_informatic_a28c1,PUR_IED_SimonB_informatic_a28c1,,,,,
2026-09-12T18:06:08-05:00,PUR_IED_Sorrento_1102_315f50,PUR_IED_Sorrento_1102_315f50,,,,,
2026-09-12T18:06:08-05:00,PUR_IED_Sorrento_Minte_214eab,PUR_IED_Sorrento_Minte_214eab,,,,,
2026-09-12T18:06:08-05:00,PUR_IED_Sorrento_ext_7c3a0a,PUR_IED_Sorrento_ext_7c3a0a,,,,,
2026-09-12T18:06:08-05:00,PUR_IED_Tabora_Ext_f048ae,PUR_IED_Tabora_Ext_f048ae,,,,,
2026-09-12T18:06:08-05:00,PUR_IED_Tabora_S1102_b07752,PUR_IED_Tabora_S1102_b07752,,,,,
2026-09-12T18:06:08-05:00,PUR_IED_Tabora_S1103_d988f5,PUR_IED_Tabora_S1103_d988f5,,,,,
2026-09-12T18:06:08-05:00,PUR_IED_Tenerife_Ext_1ab188,PUR_IED_Tenerife_Ext_1ab188,,,,,
2026-09-12T18:06:08-05:00,PUR_IED_Tenerife_SDanzas_7bc02e,PUR_IED_Tenerife_SDanzas_7bc02e,,,,,
2026-09-12T18:06:08-05:00,PUR_IED_Tenerife_SIngles_7cc277,PUR_IED_Tenerife_SIngles_7cc277,,,,,
2026-09-12T18:06:08-05:00,PUR_IED_Tibabuyes_Exter_f2683d,PUR_IED_Tibabuyes_Exter_f2683d,,,,,
2026-09-12T18:06:08-05:00,PUR_IED_Tibabuyes_S10_dc87a8,PUR_IED_Tibabuyes_S10_dc87a8,,,,,
2026-09-12T18:06:08-05:00,PUR_IED_Tibabuyes_S15_dc0526,PUR_IED_Tibabuyes_S15_dc0526,,,,,
2026-09-12T18:06:08-05:00,PUR_IED_UnionE_S301_a1043,PUR_IED_UnionE_S301_a1043,,,,,
2026-09-12T18:06:08-05:00,PUR_IED_UnionE_S307_ff6c2f,PUR_IED_UnionE_S307_ff6c2f,,,,,
2026-09-12T18:06:08-05:00,PUR_IED_UnionE__Ext_5e2468,PUR_IED_UnionE__Ext_5e2468,,,,,
2026-09-12T18:06:08-05:00,PUR_IED_VillaRica_Ext_75be7c,PUR_IED_VillaRica_Ext_75be7c,,,,,
2026-09-12T18:06:08-05:00,PUR_IED_VillaRica_S4_cc5dcd,PUR_IED_VillaRica_S4_cc5dcd,,,,,
2026-09-12T18:06:08-05:00,PUR_IED_VillaRica_Sesp_99f5c,PUR_IED_VillaRica_Sesp_99f5c,,,,,
2026-09-12T18:11:05-05:00,PUR_IED_20deJulio_1101_91b1b9,PUR_IED_20deJulio_1101_91b1b9,,,,,
2026-09-12T18:11:05-05:00,PUR_IED_20deJulio_1102_1cfcf9,PUR_IED_20deJulio_1102_1cfcf9,,,,,
2026-09-12T18:11:05-05:00,PUR_IED_20deJulio_Ext_ab60bd,PUR_IED_20deJulio_Ext_ab60bd,,,,,
2026-09-12T18:11:05-05:00,PUR_IED_AgustinFer_Ext_7b9b77,PUR_IED_AgustinFer_Ext_7b9b77,,,,,
2026-09-12T18:11:05-05:00,PUR_IED_AgustinFer_Info2_27b3a7,PUR_IED_AgustinFer_Info2_27b3a7,,,,,
2026-09-12T18:11:05-05:00,PUR_IED_AgustinFer_Sena_54b4eb,PUR_IED_AgustinFer_Sena_54b4eb,,,,,
2026-09-12T18:11:05-05:00,PUR_IED_AlexanderF_1102_caf07b,PUR_IED_AlexanderF_1102_caf07b,,,,,
2026-09-12T18:11:05-05:00,PUR_IED_AlexanderF_1103_c79e71,PUR_IED_AlexanderF_1103_c79e71,,,,,
2026-09-12T18:11:05-05:00,PUR_IED_AlexanderF_Ext_c5b18b,PUR_IED_AlexanderF_Ext_c5b18b,,,,,
2026-09-12T18:11:05-05:00,PUR_IED_AlfonsoLopez_Ext_281d77,PUR_IED_AlfonsoLopez_Ext_281d77,,,,,
2026-09-12T18:11:05-05:00,PUR_IED_AlfonsoLopez_LabF_888ce0,PUR_IED_AlfonsoLopez_LabF_888ce0,,,,,
2026-09-12T18:11:05-05:00,PUR_IED_AlfonsoLopez_SMed_df6a7f,PUR_IED_AlfonsoLopez_SMed_df6a7f,,,,,
2026-09-12T18:11:05-05:00,PUR_IED_AltamiraSO_A2_209f92,PUR_IED_AltamiraSO_A2_209f92,,,,,
2026-09-12T18:11:05-05:00,PUR_IED_AltamiraSO_Ext_186d66,PUR_IED_AltamiraSO_Ext_186d66,,,,,
2026-09-12T18:11:05-05:00,PUR_IED_AltamiraSO_Sistem_27afe1,PUR_IED_AltamiraSO_Sistem_27afe1,,,,,
2026-09-12T18:11:05-05:00,PUR_IED_AlvaroGom_LabQuim_813179,PUR_IED_AlvaroGom_LabQuim_813179,,,,,
2026-09-12T18:11:05-05:00,PUR_IED_AlvaroGomez_Ext_47c7ca,PUR_IED_AlvaroGomez_Ext_47c7ca,,,,,
2026-09-12T18:11:05-05:00,PUR_IED_AlvaroGomez_LabQuim_813179,PUR_IED_AlvaroGomez_LabQuim_813179,,,,,
2026-09-12T18:11:05-05:00,PUR_IED_AlvaroGomez_S23_7ba89f,PUR_IED_AlvaroGomez_S23_7ba89f,,,,,
2026-09-12T18:11:05-05:00,PUR_IED_Amistad_306_dc8728,PUR_IED_Amistad_306_dc8728,,,,,
2026-09-12T18:11:05-05:00,PUR_IED_Amistad_Ext_8cd55e,PUR_IED_Amistad_Ext_8cd55e,,,,,
2026-09-12T18:11:05-05:00,PUR_IED_Amistad_S202_a41169,PUR_IED_Amistad_S202_a41169,,,,,
2026-09-12T18:11:05-05:00,PUR_IED_AndresBello_Bio_fd5f5e,PUR_IED_AndresBello_Bio_fd5f5e,,,,,
2026-09-12T18:11:05-05:00,PUR_IED_AndresBello_ext_dcad65,PUR_IED_AndresBello_ext_dcad65,,,,,
2026-09-12T18:11:05-05:00,PUR_IED_AndresBello_port_eed3ec,PUR_IED_AndresBello_port_eed3ec,,,,,
2026-09-12T18:11:05-05:00,PUR_IED_AngelaR_11b_d90a6b,PUR_IED_AngelaR_11b_d90a6b,,,,,
2026-09-12T18:11:05-05:00,PUR_IED_AngelaR_ext_7cad3e,PUR_IED_AngelaR_ext_7cad3e,4,20,63,4.5825,-74.164497
2026-09-12T18:11:05-05:00,PUR_IED_AntJoseSucre_10mo_df2575,PUR_IED_AntJoseSucre_10mo_df2575,,,,,
2026-09-12T18:11:05-05:00,PUR_IED_AntJoseSucre_Ext_215b36,PUR_IED_AntJoseSucre_Ext_215b36,,,,,
2026-09-12T18:11:05-05:00,PUR_IED_AntJoseSucre_Lab_3139de,PUR_IED_AntJoseSucre_Lab_3139de,,,,,
2026-09-12T18:11:05-05:00,PUR_IED_AntonioGarcia_301_d6b188,PUR_IED_AntonioGarcia_301_d6b188,,,,,
2026-09-12T18:11:05-05:00,PUR_IED_AntonioGarcia_302_88a82,PUR_IED_AntonioGarcia_302_88a82,,,,,
2026-09-12T18:11:05-05:00,PUR_IED_AntonioGarcia_Ext_20950c,PUR_IED_AntonioGarcia_Ext_20950c,,,,,
2026-09-12T18:11:05-05:00,PUR_IED_AntonioVan_Aula2_6dea02,PUR_IED_AntonioVan_Aula2_6dea02,,,,,
2026-09-12T18:11:05-05:00,PUR_IED_AntonioVan_Aula5_f1557e,PUR_IED_AntonioVan_Aula5_f1557e,,,,,
2026-09-12T18:11:05-05:00,PUR_IED_AntonioVan_Ext_406f2f,PUR_IED_AntonioVan_Ext_406f2f,,,,,
2026-09-12T18:11:05-05:00,PUR_IED_Atabanzha_Ext_cc5af9,PUR_IED_Atabanzha_Ext_cc5af9,,,,,
2026-09-12T18:11:05-05:00,PUR_IED_Atabanzha_SA101_56c37,PUR_IED_Atabanzha_SA101_56c37,,,,,
2026-09-12T18:11:05-05:00,PUR_IED_Atabanzha_SB302_27b374,PUR_IED_Atabanzha_SB302_27b374,,,,,
2026-09-12T18:11:05-05:00,PUR_IED_Atahualpa_Ext_fc1748,PUR_IED_Atahualpa_Ext_fc1748,,,,,
2026-09-12T18:11:05-05:00,PUR_IED_Atahualpa_Informa_dc9a95,PUR_IED_Atahualpa_Informa_dc9a95,,,,,
2026-09-12T18:11:05-05:00,PUR_IED_Atahualpa_S1101_f98056,PUR_IED_Atahualpa_S1101_f98056,,,,,
2026-09-12T18:11:05-05:00,PUR_IED_Bellavista_Ext_f5aa74,PUR_IED_Bellavista_Ext_f5aa74,,,,,
2026-09-12T18:11:05-05:00,PUR_IED_Bilbao_11A_916c41,PUR_IED_Bilbao_11A_916c41,,,,,
2026-09-12T18:11:05-05:00,PUR_IED_Bilbao_Ext_fb579a,PUR_IED_Bilbao_Ext_fb579a,,,,,
2026-09-12T18:11:05-05:00,PUR_IED_BrasiliaU_A125_304280,PUR_IED_BrasiliaU_A125_304280,,,,,
2026-09-12T18:11:05-05:00,PUR_IED_BrasiliaU_A203_7c8ca5,PUR_IED_BrasiliaU_A203_7c8ca5,,,,,
2026-09-12T18:11:05-05:00,PUR_IED_BrasiliaU_Ext_8d6e9f,PUR_IED_BrasiliaU_Ext_8d6e9f,5,19,59,4.5175,-74.116302
2026-09-12T18:11:05-05:00,PUR_IED_Brasilia_Ext_fe6593,PUR_IED_Brasilia_Ext_fe6593,,,,,
2026-09-12T18:11:05-05:00,PUR_IED_Brasilia_S24_7c130d,PUR_IED_Brasilia_S24_7c130d,,,,,
2026-09-12T18:11:05-05:00,PUR_IED_Brasilia_S501_186a54,PUR_IED_Brasilia_S501_186a54,,,,,
2026-09-12T18:11:05-05:00,PUR_IED_CHARRY_EXT_f1d5cd,PUR_IED_CHARRY_EXT_f1d5cd,,,,,
2026-09-12T18:11:05-05:00,PUR_IED_CHARRY_INTDANZAS_7a08e6,PUR_IED_CHARRY_INTDANZAS_7a08e6,,,,,
2026-09-12T18:11:05-05:00,PUR_IED_CHARRY_INT_AULA20_dc998d,PUR_IED_CHARRY_INT_AULA20_dc998d,,,,,
2026-09-12T18:11:05-05:00,PUR_IED_COLVIV_1101_S25_7f520a,PUR_IED_COLVIV_1101_S25_7f520a,,,,,
2026-09-12T18:11:05-05:00,PUR_IED_COLVIV_1102_S16_f570ba,PUR_IED_COLVIV_1102_S16_f570ba,,,,,
2026-09-12T18:11:05-05:00,PUR_IED_COLVIV_Ext_1a26fa,PUR_IED_COLVIV_Ext_1a26fa,,,,,
2026-09-12T18:11:05-05:00,PUR_IED_CULPOP_301A_f660f3,PUR_IED_CULPOP_301A_f660f3,,,,,
2026-09-12T18:11:05-05:00,PUR_IED_CULPOP_303_568afe,PUR_IED_CULPOP_303_568afe,,,,,
2026-09-12T18:11:05-05:00,PUR_IED_CULPOP_Ext_e02ccb,PUR_IED_CULPOP_Ext_e02ccb,,,,,
2026-09-12T18:11:05-05:00,PUR_IED_CVillavicen_Ext_26eb58,PUR_IED_CVillavicen_Ext_26eb58,4,16,78,4.487,-74.102798
2026-09-12T18:11:05-05:00,PUR_IED_CVillavicen_Intel_1ce5c2,PUR_IED_CVillavicen_Intel_1ce5c2,,,,,
2026-09-12T18:11:05-05:00,PUR_IED_CVillavicen_Poliv_e0766c,PUR_IED_CVillavicen_Poliv_e0766c,,,,,
2026-09-12T18:11:05-05:00,PUR_IED_CVillavicen_int_1ba140,PUR_IED_CVillavicen_int_1ba140,,,,,
2026-09-12T18:11:05-05:00,PUR_IED_CVillavicen_intel_1ba140,PUR_IED_CVillavicen_intel_1ba140,,,,,
2026-09-12T18:11:05-05:00,PUR_IED_CarlosPizarro_Ext_e307cc,PUR_IED_CarlosPizarro_Ext_e307cc,,,,,
2026-09-12T18:11:05-05:00,PUR_IED_CarlosPizarro_L36_7e5cdb,PUR_IED_CarlosPizarro_L36_7e5cdb,,,,,
2026-09-12T18:11:05-05:00,PUR_IED_CarlosPizarro_L37_c8566c,PUR_IED_CarlosPizarro_L37_c8566c,,,,,
2026-09-12T18:11:05-05:00,PUR_IED_Castilla_Ext_cf35f,PUR_IED_Castilla_Ext_cf35f,,,,,
2026-09-12T18:11:05-05:00,PUR_IED_Castilla_SFisik_360e38,PUR_IED_Castilla_SFisik_360e38,,,,,
2026-09-12T18:11:05-05:00,PUR_IED_Castilla_Sc304_496fbf,PUR_IED_Castilla_Sc304_496fbf,,,,,
2026-09-12T18:11:05-05:00,PUR_IED_CervantesSa_Ext_6b57b,PUR_IED_CervantesSa_Ext_6b57b,3,19,67,4.5128,-74.117203
2026-09-12T18:11:05-05:00,PUR_IED_CervantesSa_S107_225c2b,PUR_IED_CervantesSa_S107_225c2b,,,,,
2026-09-12T18:11:05-05:00,PUR_IED_CervantesSa_S108_940925,PUR_IED_CervantesSa_S108_940925,,,,,
2026-09-12T18:11:05-05:00,PUR_IED_Charry_A20_f53e7c,PUR_IED_Charry_A20_f53e7c,,,,,
2026-09-12T18:11:05-05:00,PUR_IED_Charry_Ext_f1d5cd,PUR_IED_Charry_Ext_f1d5cd,,,,,
2026-09-12T18:11:05-05:00,PUR_IED_Charry_IntAula20_dc998d,PUR_IED_Charry_IntAula20_dc998d,,,,,
2026-09-12T18:11:05-05:00,PUR_IED_Charry_IntDanzas_7a08e6,PUR_IED_Charry_IntDanzas_7a08e6,,,,,
2026-09-12T18:11:05-05:00,PUR_IED_ClememciaC_203_43e2fc,PUR_IED_ClememciaC_203_43e2fc,,,,,
2026-09-12T18:11:05-05:00,PUR_IED_ClememciaC_Ext_1b411a,PUR_IED_ClememciaC_Ext_1b411a,,,,,
2026-09-12T18:11:05-05:00,PUR_IED_ClememciaC_Quimic_44b5fc,PUR_IED_ClememciaC_Quimic_44b5fc,,,,,
2026-09-12T18:11:05-05:00,PUR_IED_ClemenciaC_203_43e2fc,PUR_IED_ClemenciaC_203_43e2fc,,,,,
2026-09-12T18:11:05-05:00,PUR_IED_ClemenciaC_Ext_1b411a,PUR_IED_ClemenciaC_Ext_1b411a,,,,,
2026-09-12T18:11:05-05:00,PUR_IED_ClemenciaC_Quimic_44b5fc,PUR_IED_ClemenciaC_Quimic_44b5fc,,,,,
2026-09-12T18:11:05-05:00,PUR_IED_ColViva_1101_S25_7f520a,PUR_IED_ColViva_1101_S25_7f520a,,,,,
2026-09-12T18:11:05-05:00,PUR_IED_ColViva_1102_S16_f570ba,PUR_IED_ColViva_1102_S16_f570ba,,,,,
2026-09-12T18:11:05-05:00,PUR_IED_ColViva_Ext_1a26fa,PUR_IED_ColViva_Ext_1a26fa,,,,,
2026-09-12T18:11:05-05:00,PUR_IED_ColegioBici_Asist_7c8798,PUR_IED_ColegioBici_Asist_7c8798,,,,,
2026-09-12T18:11:05-05:00,PUR_IED_ColegioBici_Ext_25cbf6,PUR_IED_ColegioBici_Ext_25cbf6,,,,,
2026-09-12T18:11:05-05:00,PUR_IED_ColegioBici_LabQ_7b57db,PUR_IED_ColegioBici_LabQ_7b57db,,,,,
2026-09-12T18:11:05-05:00,PUR_IED_CostaRica_Ext_5e640,PUR_IED_CostaRica_Ext_5e640,,,,,
2026-09-12T18:11:05-05:00,PUR_IED_CostaRica_Quim1_766d1c,PUR_IED_CostaRica_Quim1_766d1c,,,,,
2026-09-12T18:11:05-05:00,PUR_IED_CostaRica__Fisica_6f0873,PUR_IED_CostaRica__Fisica_6f0873,,,,,
2026-09-12T18:11:05-05:00,PUR_IED_CulPopu_301A_f660f3,PUR_IED_CulPopu_301A_f660f3,,,,,
2026-09-12T18:11:05-05:00,PUR_IED_CulPopu_303_568afe,PUR_IED_CulPopu_303_568afe,,,,,
2026-09-12T18:11:05-05:00,PUR_IED_CulPopu_Ext_e02ccb,PUR_IED_CulPopu_Ext_e02ccb,,,,,
2026-09-12T18:11:05-05:00,PUR_IED_Cundinamarca_Ext_f15985,PUR_IED_Cundinamarca_Ext_f15985,,,,,
2026-09-12T18:11:05-05:00,PUR_IED_Cundinamarca_Info_7aa5d7,PUR_IED_Cundinamarca_Info_7aa5d7,,,,,
2026-09-12T18:11:05-05:00,PUR_IED_Cundinamarca_Tec2_f449c7,PUR_IED_Cundinamarca_Tec2_f449c7,,,,,
2026-09-12T18:11:05-05:00,PUR_IED_DiegoM_Aula1_27b314,PUR_IED_DiegoM_Aula1_27b314,,,,,
2026-09-12T18:11:05-05:00,PUR_IED_DiegoM_Ext_d80ac8,PUR_IED_DiegoM_Ext_d80ac8,,,,,
2026-09-12T18:11:05-05:00,PUR_IED_DiegoM_S25_da928f,PUR_IED_DiegoM_S25_da928f,,,,,
2026-09-12T18:11:05-05:00,PUR_IED_ELRODEO_360881,PUR_IED_ELRODEO_360881,,,,,
2026-09-12T18:11:05-05:00,PUR_IED_ELRODEO_ext_360881,PUR_IED_ELRODEO_ext_360881,,,,,
2026-09-12T18:11:05-05:00,PUR_IED_EduardoU_Ext_1c1969,PUR_IED_EduardoU_Ext_1c1969,,,,,
2026-09-12T18:11:05-05:00,PUR_IED_EduardoU_SCiencia_4dfb94,PUR_IED_EduardoU_SCiencia_4dfb94,,,,,
2026-09-12T18:11:05-05:00,PUR_IED_EduardoU_SQuimica_5a46e7,PUR_IED_EduardoU_SQuimica_5a46e7,,,,,
2026-09-12T18:11:05-05:00,PUR_IED_ElRodeo_Aula14_676984,PUR_IED_ElRodeo_Aula14_676984,,,,,
2026-09-12T18:11:05-05:00,PUR_IED_ElRodeo_Aula16_2dd35b,PUR_IED_ElRodeo_Aula16_2dd35b,,,,,
2026-09-12T18:11:05-05:00,PUR_IED_ElRodeo_Ext_360881,PUR_IED_ElRodeo_Ext_360881,,,,,
2026-09-12T18:11:05-05:00,PUR_IED_ElRodeo_Exterior_8c6d28,PUR_IED_ElRodeo_Exterior_8c6d28,,,,,
2026-09-12T18:11:05-05:00,PUR_IED_ElRodeo_ext_360881,PUR_IED_ElRodeo_ext_360881,,,,,
2026-09-12T18:11:05-05:00,PUR_IED_EmmaReyes_Ext_987625,PUR_IED_EmmaReyes_Ext_987625,3,21,51,4.6367,-74.1511
2026-09-12T18:11:05-05:00,PUR_IED_Ensueño_Ext_7f0250,PUR_IED_Ensueño_Ext_7f0250,,,,,
2026-09-12T18:11:05-05:00,PUR_IED_EscNormal_Ext_5fef3b,PUR_IED_EscNormal_Ext_5fef3b,2,20,57,4.5852,-74.096901
2026-09-12T18:11:05-05:00,PUR_IED_EscNormal_S309_5b263,PUR_IED_EscNormal_S309_5b263,,,,,
2026-09-12T18:11:05-05:00,PUR_IED_EscNormal_S310_27b3b8,PUR_IED_EscNormal_S310_27b3b8,,,,,
2026-09-12T18:11:05-05:00,PUR_IED_Evangelista_Conta_f6cd4f,PUR_IED_Evangelista_Conta_f6cd4f,,,,,
2026-09-12T18:11:05-05:00,PUR_IED_Evangelista_Cri_5e16a,PUR_IED_Evangelista_Cri_5e16a,,,,,
2026-09-12T18:11:05-05:00,PUR_IED_Evangelista_Exter_754066,PUR_IED_Evangelista_Exter_754066,,,,,
2026-09-12T18:11:05-05:00,PUR_IED_FMiranda_S209_5cc2a3,PUR_IED_FMiranda_S209_5cc2a3,,,,,
2026-09-12T18:11:05-05:00,PUR_IED_FMiranda_S303_19e344,PUR_IED_FMiranda_S303_19e344,,,,,
2026-09-12T18:11:05-05:00,PUR_IED_FMiranda_ext_f53e7c,PUR_IED_FMiranda_ext_f53e7c,,,,,
2026-09-12T18:11:05-05:00,PUR_IED_FabioLozano_Bibli_1cee05,PUR_IED_FabioLozano_Bibli_1cee05,,,,,
2026-09-12T18:11:05-05:00,PUR_IED_FabioLozano_Ext_6ea285,PUR_IED_FabioLozano_Ext_6ea285,,,,,
2026-09-12T18:11:05-05:00,PUR_IED_FabioLozano_SLudi_f09e1e,PUR_IED_FabioLozano_SLudi_f09e1e,,,,,
2026-09-12T18:11:05-05:00,PUR_IED_FaustinoS_Aula07_27a731,PUR_IED_FaustinoS_Aula07_27a731,,,,,
2026-09-12T18:11:05-05:00,PUR_IED_FaustinoS_Ext_7b936f,PUR_IED_FaustinoS_Ext_7b936f,,,,,
2026-09-12T18:11:05-05:00,PUR_IED_FaustinoS_Fisica_da2c60,PUR_IED_FaustinoS_Fisica_da2c60,,,,,
2026-09-12T18:11:05-05:00,PUR_IED_FeGarciaLo_Ext_dc68ee,PUR_IED_FeGarciaLo_Ext_dc68ee,,,,,
2026-09-12T18:11:05-05:00,PUR_IED_FeGarciaLo_SDanza_f70a59,PUR_IED_FeGarciaLo_SDanza_f70a59,,,,,
2026-09-12T18:11:05-05:00,PUR_IED_FeGarciaLo_SMusic_125cdd,PUR_IED_FeGarciaLo_SMusic_125cdd,,,,,
2026-09-12T18:11:05-05:00,PUR_IED_FederalAlema_Exte_50c345,PUR_IED_FederalAlema_Exte_50c345,,,,,
2026-09-12T18:11:05-05:00,PUR_IED_FederalAlema_S31_f18371,PUR_IED_FederalAlema_S31_f18371,,,,,
2026-09-12T18:11:05-05:00,PUR_IED_FederalAlema_S901_a62cd,PUR_IED_FederalAlema_S901_a62cd,,,,,
2026-09-12T18:11:05-05:00,PUR_IED_FilarmonicaS_A5_f35eb1,PUR_IED_FilarmonicaS_A5_f35eb1,,,,,
2026-09-12T18:11:05-05:00,PUR_IED_FilarmonicaS_Ext_8a3bde,PUR_IED_FilarmonicaS_Ext_8a3bde,,,,,
2026-09-12T18:11:05-05:00,PUR_IED_FilarmonicaS_Spol_406114,PUR_IED_FilarmonicaS_Spol_406114,,,,,
2026-09-12T18:11:05-05:00,PUR_IED_FlorentinoG_A13_d1fa59,PUR_IED_FlorentinoG_A13_d1fa59,,,,,
2026-09-12T18:11:05-05:00,PUR_IED_FlorentinoG_Ext_1ce6ce,PUR_IED_FlorentinoG_Ext_1ce6ce,,,,,
2026-09-12T18:11:05-05:00,PUR_IED_FlorentinoG_Idiom_a66aac,PUR_IED_FlorentinoG_Idiom_a66aac,,,,,
2026-09-12T18:11:05-05:00,PUR_IED_FranciscoMati_Ext_e3869d,PUR_IED_FranciscoMati_Ext_e3869d,,,,,
2026-09-12T18:11:05-05:00,PUR_IED_FranciscoMati_S13_f31c67,PUR_IED_FranciscoMati_S13_f31c67,,,,,
2026-09-12T18:11:05-05:00,PUR_IED_FranciscoMati_S14_97dead,PUR_IED_FranciscoMati_S14_97dead,,,,,
2026-09-12T18:11:05-05:00,PUR_IED_FranciscoPS_Ext_7bfa9a,PUR_IED_FranciscoPS_Ext_7bfa9a,2,21,57,4.5899,-74.110397
2026-09-12T18:11:05-05:00,PUR_IED_FranciscoPS_Infor_fb8f4c,PUR_IED_FranciscoPS_Infor_fb8f4c,,,,,
2026-09-12T18:11:05-05:00,PUR_IED_FranciscoPS_Quimi_94d39c,PUR_IED_FranciscoPS_Quimi_94d39c,,,,,
2026-09-12T18:11:05-05:00,PUR_IED_FranciscoP_LabQ_d7e148,PUR_IED_FranciscoP_LabQ_d7e148,,,,,
2026-09-12T18:11:05-05:00,PUR_IED_FranciscoP_S28_cf9b30,PUR_IED_FranciscoP_S28_cf9b30,,,,,
2026-09-12T18:11:05-05:00,PUR_IED_FranciscoP_ext_e2313,PUR_IED_FranciscoP_ext_e2313,,,,,
2026-09-12T18:11:05-05:00,PUR_IED_FriederichN_Ext_8ac92a,PUR_IED_FriederichN_Ext_8ac92a,,,,,
2026-09-12T18:11:05-05:00,PUR_IED_FriederichN_S301_dd7e5a,PUR_IED_FriederichN_S301_dd7e5a,,,,,
2026-09-12T18:11:05-05:00,PUR_IED_FriederichN_S308_761f4f,PUR_IED_FriederichN_S308_761f4f,,,,,
2026-09-12T18:11:05-05:00,PUR_IED_GSantander_Aula10_533dd7,PUR_IED_GSantander_Aula10_533dd7,,,,,
2026-09-12T18:11:05-05:00,PUR_IED_GSantander_Aula12_fd4e4f,PUR_IED_GSantander_Aula12_fd4e4f,,,,,
2026-09-12T18:11:05-05:00,PUR_IED_GSantander_Aula310_533dd7,PUR_IED_GSantander_Aula310_533dd7,,,,,
2026-09-12T18:11:05-05:00,PUR_IED_GSantander_Aula312_fd4e4f,PUR_IED_GSantander_Aula312_fd4e4f,,,,,
2026-09-12T18:11:05-05:00,PUR_IED_GSantander_Ext_5f66b0,PUR_IED_GSantander_Ext_5f66b0,,,,,
2026-09-12T18:11:05-05:00,PUR_IED_GYomasa_Ext_f6bea5,PUR_IED_GYomasa_Ext_f6bea5,,,,,
2026-09-12T18:11:05-05:00,PUR_IED_GYomasa_LBiol_2c41aa,PUR_IED_GYomasa_LBiol_2c41aa,,,,,
2026-09-12T18:11:05-05:00,PUR_IED_GYomasa_LQuim_33c80,PUR_IED_GYomasa_LQuim_33c80,,,,,
2026-09-12T18:11:05-05:00,PUR_IED_GabBetMejia_Cienc_5a99c,PUR_IED_GabBetMejia_Cienc_5a99c,,,,,
2026-09-12T18:11:05-05:00,PUR_IED_GabBetMejia_Ext_9153d0,PUR_IED_GabBetMejia_Ext_9153d0,,,,,
2026-09-12T18:11:05-05:00,PUR_IED_GabBetMejia_Lab_f55347,PUR_IED_GabBetMejia_Lab_f55347,,,,,
2026-09-12T18:11:05-05:00,PUR_IED_GabBetanMejia_Ext_9153d0,PUR_IED_GabBetanMejia_Ext_9153d0,,,,,
2026-09-12T18:11:05-05:00,PUR_IED_Gaitana_Aula13_7aac11,PUR_IED_Gaitana_Aula13_7aac11,,,,,
2026-09-12T18:11:05-05:00,PUR_IED_Gaitana_Ext_5fcf4,PUR_IED_Gaitana_Ext_5fcf4,,,,,
2026-09-12T18:11:05-05:00,PUR_IED_Gaitana_LabFisica_644448,PUR_IED_Gaitana_LabFisica_644448,,,,,
2026-09-12T18:11:05-05:00,PUR_IED_GenSantander_Dise_8ac858,PUR_IED_GenSantander_Dise_8ac858,,,,,
2026-09-12T18:11:05-05:00,PUR_IED_GenSantander_Ext_8d5dfe,PUR_IED_GenSantander_Ext_8d5dfe,,,,,
2026-09-12T18:11:05-05:00,PUR_IED_GenSantander_Info_6c25b,PUR_IED_GenSantander_Info_6c25b,,,,,
2026-09-12T18:11:05-05:00,PUR_IED_GustavoMo_Exterio_75e63d,PUR_IED_GustavoMo_Exterio_75e63d,,,,,
2026-09-12T18:11:05-05:00,PUR_IED_GustavoMo_LabFisi_224d37,PUR_IED_GustavoMo_LabFisi_224d37,,,,,
2026-09-12T18:11:05-05:00,PUR_IED_GustavoMo_S208_3e6918,PUR_IED_GustavoMo_S208_3e6918,,,,,
2026-09-12T18:11:05-05:00,PUR_IED_GustavoR_A02_8cd4a8,PUR_IED_GustavoR_A02_8cd4a8,,,,,
2026-09-12T18:11:05-05:00,PUR_IED_GustavoR_B11_5b0ed,PUR_IED_GustavoR_B11_5b0ed,,,,,
2026-09-12T18:11:05-05:00,PUR_IED_GustavoR_Ext_7a0c90,PUR_IED_GustavoR_Ext_7a0c90,,,,,
2026-09-12T18:11:05-05:00,PUR_IED_HernandoDuran_Ext_8cd82b,PUR_IED_HernandoDuran_Ext_8cd82b,,,,,
2026-09-12T18:11:05-05:00,PUR_IED_HernandoDuran_S24_2772c6,PUR_IED_HernandoDuran_S24_2772c6,,,,,
2026-09-12T18:11:05-05:00,PUR_IED_HernandoDuran_S30_f2de41,PUR_IED_HernandoDuran_S30_f2de41,,,,,
2026-09-12T18:11:05-05:00,PUR_IED_HolguInUr_S1101_8cd732,PUR_IED_HolguInUr_S1101_8cd732,,,,,
2026-09-12T18:11:05-05:00,PUR_IED_HolguinUr_Exter_ddae6d,PUR_IED_HolguinUr_Exter_ddae6d,,,,,
2026-09-12T18:11:05-05:00,PUR_IED_HolguinUr_LabQuim_92b952,PUR_IED_HolguinUr_LabQuim_92b952,,,,,
2026-09-12T18:11:05-05:00,PUR_IED_Isabel-II_Ext_5245cc,PUR_IED_Isabel-II_Ext_5245cc,2,20,57,4.6336,-74.153
2026-09-12T18:11:05-05:00,PUR_IED_Isabel-II_S_idiom_1c29aa,PUR_IED_Isabel-II_S_idiom_1c29aa,,,,,
2026-09-12T18:11:05-05:00,PUR_IED_Isabel-II_S_infor_fd741,PUR_IED_Isabel-II_S_infor_fd741,,,,,
2026-09-12T18:11:05-05:00,PUR_IED_IsidroSur_Exterio_5b90ea,PUR_IED_IsidroSur_Exterio_5b90ea,,,,,
2026-09-12T18:11:05-05:00,PUR_IED_IsidroSur_LabTec_56697a,PUR_IED_IsidroSur_LabTec_56697a,,,,,
2026-09-12T18:11:05-05:00,PUR_IED_IsidroSur_Robotic_b7c38f,PUR_IED_IsidroSur_Robotic_b7c38f,,,,,
2026-09-12T18:11:05-05:00,PUR_IED_IsmaelPerd_Ext_7b6672,PUR_IED_IsmaelPerd_Ext_7b6672,,,,,
2026-09-12T18:11:05-05:00,PUR_IED_IsmaelPerd_Inform_306540,PUR_IED_IsmaelPerd_Inform_306540,,,,,
2026-09-12T18:11:05-05:00,PUR_IED_IsmaelPerd_S30_2e2c83,PUR_IED_IsmaelPerd_S30_2e2c83,,,,,
2026-09-12T18:11:05-05:00,PUR_IED_JLozano_Exter_432910,PUR_IED_JLozano_Exter_432910,,,,,
2026-09-12T18:11:05-05:00,PUR_IED_JLozano_salaMulti_df5125,PUR_IED_JLozano_salaMulti_df5125,,,,,
2026-09-12T18:11:05-05:00,PUR_IED_JMCordoba_206_86f80b,PUR_IED_JMCordoba_206_86f80b,,,,,
2026-09-12T18:11:05-05:00,PUR_IED_JMCordoba_Ext_27ad97,PUR_IED_JMCordoba_Ext_27ad97,,,,,
2026-09-12T18:11:05-05:00,PUR_IED_JMCordoba_S310_d59ab4,PUR_IED_JMCordoba_S310_d59ab4,,,,,
2026-09-12T18:11:05-05:00,PUR_IED_Japon_Ext_549100,PUR_IED_Japon_Ext_549100,,,,,
2026-09-12T18:11:05-05:00,PUR_IED_Japon_Laboratorio_bec51d,PUR_IED_Japon_Laboratorio_bec51d,,,,,
2026-09-12T18:11:05-05:00,PUR_IED_Japon_informatica_d99327,PUR_IED_Japon_informatica_d99327,,,,,
2026-09-12T18:11:05-05:00,PUR_IED_Jazmin_Ext_d27bda,PUR_IED_Jazmin_Ext_d27bda,,,,,
2026-09-12T18:11:05-05:00,PUR_IED_Jazmin_Fisica_8d14d7,PUR_IED_Jazmin_Fisica_8d14d7,,,,,
2026-09-12T18:11:05-05:00,PUR_IED_Jazmin_Quimica_801cb5,PUR_IED_Jazmin_Quimica_801cb5,,,,,
2026-09-12T18:11:05-05:00,PUR_IED_JorgeGaitan_Exter_f098d1,PUR_IED_JorgeGaitan_Exter_f098d1,,,,,
2026-09-12T18:11:05-05:00,PUR_IED_JorgeGaitan_STec1_dc9d1d,PUR_IED_JorgeGaitan_STec1_dc9d1d,,,,,
2026-09-12T18:11:05-05:00,PUR_IED_JorgeGaitan_STec2_281e69,PUR_IED_JorgeGaitan_STec2_281e69,,,,,
2026-09-12T18:11:05-05:00,PUR_IED_JorgeSoto_Exterio_d9d0a2,PUR_IED_JorgeSoto_Exterio_d9d0a2,,,,,
2026-09-12T18:11:05-05:00,PUR_IED_JorgeSoto_LabFisi_209c54,PUR_IED_JorgeSoto_LabFisi_209c54,,,,,
2026-09-12T18:11:05-05:00,PUR_IED_JorgeSoto_S103_27b51a,PUR_IED_JorgeSoto_S103_27b51a,,,,,
2026-09-12T18:11:05-05:00,PUR_IED_JoseAcevedo_A02_e965eb,PUR_IED_JoseAcevedo_A02_e965eb,,,,,
2026-09-12T18:11:05-05:00,PUR_IED_JoseAcevedo_A07_dd5b4,PUR_IED_JoseAcevedo_A07_dd5b4,,,,,
2026-09-12T18:11:05-05:00,PUR_IED_JoseAcevedo_Ext_b47484,PUR_IED_JoseAcevedo_Ext_b47484,,,,,
2026-09-12T18:11:05-05:00,PUR_IED_JoseMarti_Exte_5b9bf,PUR_IED_JoseMarti_Exte_5b9bf,,,,,
2026-09-12T18:11:05-05:00,PUR_IED_JoseMarti_LabQuim_1c6c2d,PUR_IED_JoseMarti_LabQuim_1c6c2d,,,,,
2026-09-12T18:11:05-05:00,PUR_IED_JoseMarti_S_info_f5f177,PUR_IED_JoseMarti_S_info_f5f177,,,,,
2026-09-12T18:11:05-05:00,PUR_IED_Josejoaquin_Ext_dfc5dc,PUR_IED_Josejoaquin_Ext_dfc5dc,,,,,
2026-09-12T18:11:05-05:00,PUR_IED_Josejoaquin_S05_5b2a96,PUR_IED_Josejoaquin_S05_5b2a96,,,,,
2026-09-12T18:11:05-05:00,PUR_IED_Josejoaquin_S06_1ce7d2,PUR_IED_Josejoaquin_S06_1ce7d2,,,,,
2026-09-12T18:11:05-05:00,PUR_IED_JulioFlorez_Danza_9b82dd,PUR_IED_JulioFlorez_Danza_9b82dd,,,,,
2026-09-12T18:11:05-05:00,PUR_IED_JulioFlorez_Exter_f9f314,PUR_IED_JulioFlorez_Exter_f9f314,,,,,
2026-09-12T18:11:05-05:00,PUR_IED_JulioFlorez_info2_6b6e08,PUR_IED_JulioFlorez_info2_6b6e08,,,,,
2026-09-12T18:11:05-05:00,PUR_IED_LaBelleza_Aula13_1d00d8,PUR_IED_LaBelleza_Aula13_1d00d8,,,,,
2026-09-12T18:11:05-05:00,PUR_IED_LaBelleza_Ext_7bc08c,PUR_IED_LaBelleza_Ext_7bc08c,,,,,
2026-09-12T18:11:05-05:00,PUR_IED_LaChucua_Ext_8cd6d2,PUR_IED_LaChucua_Ext_8cd6d2,,,,,
2026-09-12T18:11:05-05:00,PUR_IED_LaChucua_S15_f578ce,PUR_IED_LaChucua_S15_f578ce,,,,,
2026-09-12T18:11:05-05:00,PUR_IED_LaChucua_S16_eebcf9,PUR_IED_LaChucua_S16_eebcf9,,,,,
2026-09-12T18:11:05-05:00,PUR_IED_LaFelicidad_Ext_fb5109,PUR_IED_LaFelicidad_Ext_fb5109,,,,,
2026-09-12T18:11:05-05:00,PUR_IED_LaMerced_206_66ebd,PUR_IED_LaMerced_206_66ebd,,,,,
2026-09-12T18:11:05-05:00,PUR_IED_LaMerced_207_6ebd6,PUR_IED_LaMerced_207_6ebd6,,,,,
2026-09-12T18:11:05-05:00,PUR_IED_LaMerced_ext_304311,PUR_IED_LaMerced_ext_304311,,,,,
2026-09-12T18:11:05-05:00,PUR_IED_Laureano_CiencNat_281e5e,PUR_IED_Laureano_CiencNat_281e5e,,,,,
2026-09-12T18:11:05-05:00,PUR_IED_Laureano_Comedor_f65c0a,PUR_IED_Laureano_Comedor_f65c0a,,,,,
2026-09-12T18:11:05-05:00,PUR_IED_Laureano_Exterior_7ab011,PUR_IED_Laureano_Exterior_7ab011,,,,,
2026-09-12T18:11:05-05:00,PUR_IED_LeonGreiff_Exte_dfe560,PUR_IED_LeonGreiff_Exte_dfe560,,,,,
2026-09-12T18:11:05-05:00,PUR_IED_LeonGreiff_S210_f264ed,PUR_IED_LeonGreiff_S210_f264ed,,,,,
2026-09-12T18:11:05-05:00,PUR_IED_LeonGreiff_SQuimi_e8296f,PUR_IED_LeonGreiff_SQuimi_e8296f,,,,,
2026-09-12T18:11:05-05:00,PUR_IED_LlanoOrientalS208_7b9fcd,PUR_IED_LlanoOrientalS208_7b9fcd,,,,,
2026-09-12T18:11:05-05:00,PUR_IED_LlanoOriental_Ext_fb3766,PUR_IED_LlanoOriental_Ext_fb3766,,,,,
2026-09-12T18:11:05-05:00,PUR_IED_LlanoOriental_S208_7b9fcd,PUR_IED_LlanoOriental_S208_7b9fcd,,,,,
2026-09-12T18:11:05-05:00,PUR_IED_LlanoOriental_S9_27b378,PUR_IED_LlanoOriental_S9_27b378,,,,,
2026-09-12T18:11:05-05:00,PUR_IED_LosTejares_1101_477602,PUR_IED_LosTejares_1101_477602,,,,,
2026-09-12T18:11:05-05:00,PUR_IED_LosTejares_11_d2c595,PUR_IED_LosTejares_11_d2c595,,,,,
2026-09-12T18:11:05-05:00,PUR_IED_LosTejares_12_477602,PUR_IED_LosTejares_12_477602,,,,,
2026-09-12T18:11:05-05:00,PUR_IED_LosTejares_Ext_8e2115,PUR_IED_LosTejares_Ext_8e2115,,,,,
2026-09-12T18:11:05-05:00,PUR_IED_MagdalenaO_B202_5ddda3,PUR_IED_MagdalenaO_B202_5ddda3,,,,,
2026-09-12T18:11:05-05:00,PUR_IED_MagdalenaO_B205_fb76e8,PUR_IED_MagdalenaO_B205_fb76e8,,,,,
2026-09-12T18:11:05-05:00,PUR_IED_MagdalenaO_ext_dc69cd,PUR_IED_MagdalenaO_ext_dc69cd,,,,,
2026-09-12T18:11:05-05:00,PUR_IED_ManueCepeda_artes_eee956,PUR_IED_ManueCepeda_artes_eee956,,,,,
2026-09-12T18:11:05-05:00,PUR_IED_ManuelCepeda_Ext_58313,PUR_IED_ManuelCepeda_Ext_58313,,,,,
2026-09-12T18:11:05-05:00,PUR_IED_ManuelCepeda_tec_1c5731,PUR_IED_ManuelCepeda_tec_1c5731,,,,,
2026-09-12T18:11:05-05:00,PUR_IED_ManuelS_Exterior_5b269,PUR_IED_ManuelS_Exterior_5b269,,,,,
2026-09-12T18:11:05-05:00,PUR_IED_ManuelS_Inform_f369ce,PUR_IED_ManuelS_Inform_f369ce,,,,,
2026-09-12T18:11:05-05:00,PUR_IED_ManuelS_SArtes_7d15f1,PUR_IED_ManuelS_SArtes_7d15f1,,,,,
2026-09-12T18:11:05-05:00,PUR_IED_ManuelZapata_303_3ca6,PUR_IED_ManuelZapata_303_3ca6,,,,,
2026-09-12T18:11:05-05:00,PUR_IED_ManuelZapata_311_bfbabc,PUR_IED_ManuelZapata_311_bfbabc,,,,,
2026-09-12T18:11:05-05:00,PUR_IED_ManuelZapata_Ext_50824a,PUR_IED_ManuelZapata_Ext_50824a,,,,,
2026-09-12T18:11:05-05:00,PUR_IED_ManuelitaS_Exteri_656a92,PUR_IED_ManuelitaS_Exteri_656a92,,,,,
2026-09-12T18:11:05-05:00,PUR_IED_ManuelitaS_JuzgDe_f58ec3,PUR_IED_ManuelitaS_JuzgDe_f58ec3,,,,,
2026-09-12T18:11:05-05:00,PUR_IED_ManuelitaS_Recrea_d793db,PUR_IED_ManuelitaS_Recrea_d793db,,,,,
2026-09-12T18:11:05-05:00,PUR_IED_MarFidSuarez_Ext_c27b19,PUR_IED_MarFidSuarez_Ext_c27b19,,,,,
2026-09-12T18:11:05-05:00,PUR_IED_MarFidSuarez_Info_e384d7,PUR_IED_MarFidSuarez_Info_e384d7,,,,,
2026-09-12T18:11:05-05:00,PUR_IED_MarFidSuarez_S306_1d0032,PUR_IED_MarFidSuarez_S306_1d0032,,,,,
2026-09-12T18:11:05-05:00,PUR_IED_Menorah_301_2a25a3,PUR_IED_Menorah_301_2a25a3,,,,,
2026-09-12T18:11:05-05:00,PUR_IED_Menorah_306_37ed3,PUR_IED_Menorah_306_37ed3,,,,,
2026-09-12T18:11:05-05:00,PUR_IED_Menorah_Ext_3e155b,PUR_IED_Menorah_Ext_3e155b,,,,,
2026-09-12T18:11:05-05:00,PUR_IED_MinutoB.Aires_A11_1b1604,PUR_IED_MinutoB.Aires_A11_1b1604,,,,,
2026-09-12T18:11:05-05:00,PUR_IED_MinutoB.Aires_A12_fb5860,PUR_IED_MinutoB.Aires_A12_fb5860,,,,,
2026-09-12T18:11:05-05:00,PUR_IED_MinutoB.Aires_Ext_81293f,PUR_IED_MinutoB.Aires_Ext_81293f,,,,,
2026-09-12T18:11:05-05:00,PUR_IED_MinutoBAires_A11_1b1604,PUR_IED_MinutoBAires_A11_1b1604,,,,,
2026-09-12T18:11:05-05:00,PUR_IED_MinutoBAires_A12_fb5860,PUR_IED_MinutoBAires_A12_fb5860,,,,,
2026-09-12T18:11:05-05:00,PUR_IED_MinutoBAires_Ext_81293f,PUR_IED_MinutoBAires_Ext_81293f,,,,,
2026-09-12T18:11:05-05:00,PUR_IED_Montreal_Aula10_1e4959,PUR_IED_Montreal_Aula10_1e4959,,,,,
2026-09-12T18:11:05-05:00,PUR_IED_Montreal_Aula6_300367,PUR_IED_Montreal_Aula6_300367,,,,,
2026-09-12T18:11:05-05:00,PUR_IED_Montreal_Exterior_91a179,PUR_IED_Montreal_Exterior_91a179,,,,,
2026-09-12T18:11:05-05:00,PUR_IED_Mqgdalena_B202_5ddda3,PUR_IED_Mqgdalena_B202_5ddda3,,,,,
2026-09-12T18:11:05-05:00,PUR_IED_NACUND_Soc_dc8728,PUR_IED_NACUND_Soc_dc8728,,,,,
2026-09-12T18:11:05-05:00,PUR_IED_NACUND_ext_27ad97,PUR_IED_NACUND_ext_27ad97,,,,,
2026-09-12T18:11:05-05:00,PUR_IED_NEsperanza_Ext_d24b61,PUR_IED_NEsperanza_Ext_d24b61,,,,,
2026-09-12T18:11:05-05:00,PUR_IED_NEsperanza_SElect_7d1807,PUR_IED_NEsperanza_SElect_7d1807,,,,,
2026-09-12T18:11:05-05:00,PUR_IED_NEsperanza_SLabor_8b2d0a,PUR_IED_NEsperanza_SLabor_8b2d0a,,,,,
2026-09-12T18:11:05-05:00,PUR_IED_NacionesU_Ext_f661a9,PUR_IED_NacionesU_Ext_f661a9,,,,,
2026-09-12T18:11:05-05:00,PUR_IED_NacionesU_Quimica_66f0a,PUR_IED_NacionesU_Quimica_66f0a,,,,,
2026-09-12T18:11:05-05:00,PUR_IED_NacionesU_S306_1b4b3d,PUR_IED_NacionesU_S306_1b4b3d,,,,,
2026-09-12T18:11:05-05:00,PUR_IED_NestorFA_Ext_e4201c,PUR_IED_NestorFA_Ext_e4201c,,,,,
2026-09-12T18:11:05-05:00,PUR_IED_NestorFA_Laborato_f22fe0,PUR_IED_NestorFA_Laborato_f22fe0,,,,,
2026-09-12T18:11:05-05:00,PUR_IED_NestorFA_S204_dee996,PUR_IED_NestorFA_S204_dee996,,,,,
2026-09-12T18:11:05-05:00,PUR_IED_NidyaQT_Aula03_76999b,PUR_IED_NidyaQT_Aula03_76999b,,,,,
2026-09-12T18:11:05-05:00,PUR_IED_NidyaQT_Aula10_56325,PUR_IED_NidyaQT_Aula10_56325,,,,,
2026-09-12T18:11:05-05:00,PUR_IED_NidyaQT_Ext_46e32d,PUR_IED_NidyaQT_Ext_46e32d,,,,,
2026-09-12T18:11:05-05:00,PUR_IED_NuevaCol_Exterior_d9b859,PUR_IED_NuevaCol_Exterior_d9b859,,,,,
2026-09-12T18:11:05-05:00,PUR_IED_NuevaCol_S1101_76c43b,PUR_IED_NuevaCol_S1101_76c43b,,,,,
2026-09-12T18:11:05-05:00,PUR_IED_NuevaCol_S1102_1ce0b5,PUR_IED_NuevaCol_S1102_1ce0b5,,,,,
2026-09-12T18:11:05-05:00,PUR_IED_OEA_A202_f7e3f2,PUR_IED_OEA_A202_f7e3f2,,,,,
2026-09-12T18:11:05-05:00,PUR_IED_OEA_A203_7d1b8d,PUR_IED_OEA_A203_7d1b8d,,,,,
2026-09-12T18:11:05-05:00,PUR_IED_OEA_Ext_27b593,PUR_IED_OEA_Ext_27b593,,,,,
2026-09-12T18:11:05-05:00,PUR_IED_Ochoa_Ext_1c29da,PUR_IED_Ochoa_Ext_1c29da,,,,,
2026-09-12T18:11:05-05:00,PUR_IED_Ochoa_S205_8b1121,PUR_IED_Ochoa_S205_8b1121,,,,,
2026-09-12T18:11:05-05:00,PUR_IED_Ochoa_Sistemas_f33af6,PUR_IED_Ochoa_Sistemas_f33af6,,,,,
2026-09-12T18:11:05-05:00,PUR_IED_PQuebec_Ext_1c67c7,PUR_IED_PQuebec_Ext_1c67c7,,,,,
2026-09-12T18:11:05-05:00,PUR_IED_PQuebec_S15_23e8e2,PUR_IED_PQuebec_S15_23e8e2,,,,,
2026-09-12T18:11:05-05:00,PUR_IED_PQuebec_S16_8ec76b,PUR_IED_PQuebec_S16_8ec76b,,,,,
2026-09-12T18:11:05-05:00,PUR_IED_PabloN_Ext_49dc96,PUR_IED_PabloN_Ext_49dc96,,,,,
2026-09-12T18:11:05-05:00,PUR_IED_PabloN_S1102_4e3df5,PUR_IED_PabloN_S1102_4e3df5,,,,,
2026-09-12T18:11:05-05:00,PUR_IED_PabloN_S1103_50c94b,PUR_IED_PabloN_S1103_50c94b,,,,,
2026-09-12T18:11:05-05:00,PUR_IED_Palestina_S1101_db9198,PUR_IED_Palestina_S1101_db9198,,,,,
2026-09-12T18:11:05-05:00,PUR_IED_Palestina_S1102_dc54fa,PUR_IED_Palestina_S1102_dc54fa,,,,,
2026-09-12T18:11:05-05:00,PUR_IED_Palestina_ext_4ccce6,PUR_IED_Palestina_ext_4ccce6,,,,,
2026-09-12T18:11:05-05:00,PUR_IED_Panama_Fisica_4d0794,PUR_IED_Panama_Fisica_4d0794,,,,,
2026-09-12T18:11:05-05:00,PUR_IED_Panama_SIngles_a4077e,PUR_IED_Panama_SIngles_a4077e,,,,,
2026-09-12T18:11:05-05:00,PUR_IED_Panama_ext_4c54b4,PUR_IED_Panama_ext_4c54b4,,,,,
2026-09-12T18:11:05-05:00,PUR_IED_ParaisoM_Exterior_8cd7f0,PUR_IED_ParaisoM_Exterior_8cd7f0,,,,,
2026-09-12T18:11:05-05:00,PUR_IED_ParaisoM_Laborato_27af35,PUR_IED_ParaisoM_Laborato_27af35,,,,,
2026-09-12T18:11:05-05:00,PUR_IED_ParaisoM_S304_d1edca,PUR_IED_ParaisoM_S304_d1edca,,,,,
2026-09-12T18:11:05-05:00,PUR_IED_PorfirioBarba_Ext_301466,PUR_IED_PorfirioBarba_Ext_301466,,,,,
2026-09-12T18:11:05-05:00,PUR_IED_PorfirioBarba_S11_df6cd2,PUR_IED_PorfirioBarba_S11_df6cd2,,,,,
2026-09-12T18:11:05-05:00,PUR_IED_PorfirioBarba_S29_27a7d6,PUR_IED_PorfirioBarba_S29_27a7d6,,,,,
2026-09-12T18:11:05-05:00,PUR_IED_PradoV_Exter_8b27ad,PUR_IED_PradoV_Exter_8b27ad,,,,,
2026-09-12T18:11:05-05:00,PUR_IED_PradoV_S301_de65b5,PUR_IED_PradoV_S301_de65b5,,,,,
2026-09-12T18:11:05-05:00,PUR_IED_PradoV_S302_7d2593,PUR_IED_PradoV_S302_7d2593,,,,,
2026-09-12T18:11:05-05:00,PUR_IED_QuirogaAlz_Ext_1ddc82,PUR_IED_QuirogaAlz_Ext_1ddc82,,,,,
2026-09-12T18:11:05-05:00,PUR_IED_QuirogaAlz_S302_9926a3,PUR_IED_QuirogaAlz_S302_9926a3,,,,,
2026-09-12T18:11:05-05:00,PUR_IED_QuirogaAlz_S305_cdf1f1,PUR_IED_QuirogaAlz_S305_cdf1f1,,,,,
2026-09-12T18:11:05-05:00,PUR_IED_RGuatemala_Biling_dc53b7,PUR_IED_RGuatemala_Biling_dc53b7,,,,,
2026-09-12T18:11:05-05:00,PUR_IED_RGuatemala_Ext_1b89a3,PUR_IED_RGuatemala_Ext_1b89a3,,,,,
2026-09-12T18:11:05-05:00,PUR_IED_RGuatemala_Tecnol_281a34,PUR_IED_RGuatemala_Tecnol_281a34,,,,,
2026-09-12T18:11:05-05:00,PUR_IED_RafaNu_Ext_f7c302,PUR_IED_RafaNu_Ext_f7c302,,,,,
2026-09-12T18:11:05-05:00,PUR_IED_RafaNu_S1101_25fde,PUR_IED_RafaNu_S1101_25fde,,,,,
2026-09-12T18:11:05-05:00,PUR_IED_RafaNu_S1102_281517,PUR_IED_RafaNu_S1102_281517,,,,,
2026-09-12T18:11:05-05:00,PUR_IED_RafaelB_S305_ee2783,PUR_IED_RafaelB_S305_ee2783,,,,,
2026-09-12T18:11:05-05:00,PUR_IED_RafaelB_S306_75fe33,PUR_IED_RafaelB_S306_75fe33,,,,,
2026-09-12T18:11:05-05:00,PUR_IED_RafaelB_ext_283336,PUR_IED_RafaelB_ext_283336,2,20,59,4.6722,-74.0737
2026-09-12T18:11:05-05:00,PUR_IED_RafaelUU_Exterior_281a51,PUR_IED_RafaelUU_Exterior_281a51,,,,,
2026-09-12T18:11:05-05:00,PUR_IED_RafaelUU_Human_806b2,PUR_IED_RafaelUU_Human_806b2,,,,,
2026-09-12T18:11:05-05:00,PUR_IED_RafaelUU_Mate2_5680d4,PUR_IED_RafaelUU_Mate2_5680d4,,,,,
2026-09-12T18:11:05-05:00,PUR_IED_RamonSub_Ext_f9eeb9,PUR_IED_RamonSub_Ext_f9eeb9,,,,,
2026-09-12T18:11:05-05:00,PUR_IED_RamonSub_Media_d1f62f,PUR_IED_RamonSub_Media_d1f62f,,,,,
2026-09-12T18:11:05-05:00,PUR_IED_RamonSub_planta_51b82,PUR_IED_RamonSub_planta_51b82,,,,,
2026-09-12T18:11:05-05:00,PUR_IED_RepBoliVene_Exter_27af7c,PUR_IED_RepBoliVene_Exter_27af7c,,,,,
2026-09-12T18:11:05-05:00,PUR_IED_RepBoliVene_SCPT_5ae2ee,PUR_IED_RepBoliVene_SCPT_5ae2ee,,,,,
2026-09-12T18:11:05-05:00,PUR_IED_RepBoliVene_Socia_4b11d5,PUR_IED_RepBoliVene_Socia_4b11d5,,,,,
2026-09-12T18:11:05-05:00,PUR_IED_RepChina_Ext_76d9ee,PUR_IED_RepChina_Ext_76d9ee,,,,,
2026-09-12T18:11:05-05:00,PUR_IED_RepChina_S404_7c804c,PUR_IED_RepChina_S404_7c804c,,,,,
2026-09-12T18:11:05-05:00,PUR_IED_RepChina_S405_df2c33,PUR_IED_RepChina_S405_df2c33,,,,,
2026-09-12T18:11:05-05:00,PUR_IED_RepublicaC_Exteri_7d1ec9,PUR_IED_RepublicaC_Exteri_7d1ec9,,,,,
2026-09-12T18:11:05-05:00,PUR_IED_RepublicaC_S1101_f544b3,PUR_IED_RepublicaC_S1101_f544b3,,,,,
2026-09-12T18:11:05-05:00,PUR_IED_RepublicaC_S1102_7aafc7,PUR_IED_RepublicaC_S1102_7aafc7,,,,,
2026-09-12T18:11:05-05:00,PUR_IED_Ricaurte_Externo_a0ea1,PUR_IED_Ricaurte_Externo_a0ea1,,,,,
2026-09-12T18:11:05-05:00,PUR_IED_Ricaurte_S210_f546fd,PUR_IED_Ricaurte_S210_f546fd,,,,,
2026-09-12T18:11:05-05:00,PUR_IED_Ricaurte_S309_d4452,PUR_IED_Ricaurte_S309_d4452,,,,,
2026-09-12T18:11:05-05:00,PUR_IED_RogelioS_1102_531e69,PUR_IED_RogelioS_1102_531e69,,,,,
2026-09-12T18:11:05-05:00,PUR_IED_RogelioS_Ext_f25a18,PUR_IED_RogelioS_Ext_f25a18,,,,,
2026-09-12T18:11:05-05:00,PUR_IED_SBernardino_Ext_27aff8,PUR_IED_SBernardino_Ext_27aff8,,,,,
2026-09-12T18:11:05-05:00,PUR_IED_SBernardino_SArte_2ffd33,PUR_IED_SBernardino_SArte_2ffd33,,,,,
2026-09-12T18:11:05-05:00,PUR_IED_SBernardino_SIngl_7c7da5,PUR_IED_SBernardino_SIngl_7c7da5,,,,,
2026-09-12T18:11:05-05:00,PUR_IED_Sago_auditorio_dc9d1d,PUR_IED_Sago_auditorio_dc9d1d,,,,,
2026-09-12T18:11:05-05:00,PUR_IED_Saludcoop_Ext_95aac3,PUR_IED_Saludcoop_Ext_95aac3,,,,,
2026-09-12T18:11:05-05:00,PUR_IED_Saludcoop_InfI_90c854,PUR_IED_Saludcoop_InfI_90c854,,,,,
2026-09-12T18:11:05-05:00,PUR_IED_Saludcoop_SMedia_1b93be,PUR_IED_Saludcoop_SMedia_1b93be,,,,,
2026-09-12T18:11:05-05:00,PUR_IED_SanCarlos_1101_1a2360,PUR_IED_SanCarlos_1101_1a2360,,,,,
2026-09-12T18:11:05-05:00,PUR_IED_SanCarlos_1103_7bafb5,PUR_IED_SanCarlos_1103_7bafb5,,,,,
2026-09-12T18:11:05-05:00,PUR_IED_SanCarlos_Ext_b7cd1,PUR_IED_SanCarlos_Ext_b7cd1,,,,,
2026-09-12T18:11:05-05:00,PUR_IED_SanIgnacioBosa11a_50c26e,PUR_IED_SanIgnacioBosa11a_50c26e,,,,,
2026-09-12T18:11:05-05:00,PUR_IED_SanIgnacioBosa11b_371de8,PUR_IED_SanIgnacioBosa11b_371de8,,,,,
2026-09-12T18:11:05-05:00,PUR_IED_SanIgnacioBosaExt_ef0ffc,PUR_IED_SanIgnacioBosaExt_ef0ffc,,,,,
2026-09-12T18:11:05-05:00,PUR_IED_SanIgnacioBosa_11a_50c26e,PUR_IED_SanIgnacioBosa_11a_50c26e,,,,,
2026-09-12T18:11:05-05:00,PUR_IED_SanIgnacioBosa_Ext_ef0ffc,PUR_IED_SanIgnacioBosa_Ext_ef0ffc,,,,,
2026-09-12T18:11:05-05:00,PUR_IED_SanJoseN_intS1101_31c47f,PUR_IED_SanJoseN_intS1101_31c47f,,,,,
2026-09-12T18:11:05-05:00,PUR_IED_SanJoseUsm_Exter_f5d7e8,PUR_IED_SanJoseUsm_Exter_f5d7e8,,,,,
2026-09-12T18:11:05-05:00,PUR_IED_SanJoseUsm_Int11A_cfdef6,PUR_IED_SanJoseUsm_Int11A_cfdef6,,,,,
2026-09-12T18:11:05-05:00,PUR_IED_SilveriaR_IntB5_905349,PUR_IED_SilveriaR_IntB5_905349,,,,,
2026-09-12T18:11:05-05:00,PUR_IED_SilveriaR_IntSD14_981f93,PUR_IED_SilveriaR_IntSD14_981f93,,,,,
2026-09-12T18:11:05-05:00,PUR_IED_SilveriaR_ext_2b651d,PUR_IED_SilveriaR_ext_2b651d,,,,,
2026-09-12T18:11:05-05:00,PUR_IED_SimonB_Exterior_913975,PUR_IED_SimonB_Exterior_913975,,,,,
2026-09-12T18:11:05-05:00,PUR_IED_SimonB_LabQuimi_c56908,PUR_IED_SimonB_LabQuimi_c56908,,,,,
2026-09-12T18:11:05-05:00,PUR_IED_SimonB_informatic_a28c1,PUR_IED_SimonB_informatic_a28c1,,,,,
2026-09-12T18:11:05-05:00,PUR_IED_Sorrento_1102_315f50,PUR_IED_Sorrento_1102_315f50,,,,,
2026-09-12T18:11:05-05:00,PUR_IED_Sorrento_Minte_214eab,PUR_IED_Sorrento_Minte_214eab,,,,,
2026-09-12T18:11:05-05:00,PUR_IED_Sorrento_ext_7c3a0a,PUR_IED_Sorrento_ext_7c3a0a,,,,,
2026-09-12T18:11:05-05:00,PUR_IED_Tabora_Ext_f048ae,PUR_IED_Tabora_Ext_f048ae,,,,,
2026-09-12T18:11:05-05:00,PUR_IED_Tabora_S1102_b07752,PUR_IED_Tabora_S1102_b07752,,,,,
2026-09-12T18:11:05-05:00,PUR_IED_Tabora_S1103_d988f5,PUR_IED_Tabora_S1103_d988f5,,,,,
2026-09-12T18:11:05-05:00,PUR_IED_Tenerife_Ext_1ab188,PUR_IED_Tenerife_Ext_1ab188,,,,,
2026-09-12T18:11:05-05:00,PUR_IED_Tenerife_SDanzas_7bc02e,PUR_IED_Tenerife_SDanzas_7bc02e,,,,,
2026-09-12T18:11:05-05:00,PUR_IED_Tenerife_SIngles_7cc277,PUR_IED_Tenerife_SIngles_7cc277,,,,,
2026-09-12T18:11:05-05:00,PUR_IED_Tibabuyes_Exter_f2683d,PUR_IED_Tibabuyes_Exter_f2683d,,,,,
2026-09-12T18:11:05-05:00,PUR_IED_Tibabuyes_S10_dc87a8,PUR_IED_Tibabuyes_S10_dc87a8,,,,,
2026-09-12T18:11:05-05:00,PUR_IED_Tibabuyes_S15_dc0526,PUR_IED_Tibabuyes_S15_dc0526,,,,,
2026-09-12T18:11:05-05:00,PUR_IED_UnionE_S301_a1043,PUR_IED_UnionE_S301_a1043,,,,,
2026-09-12T18:11:05-05:00,PUR_IED_UnionE_S307_ff6c2f,PUR_IED_UnionE_S307_ff6c2f,,,,,
2026-09-12T18:11:05-05:00,PUR_IED_UnionE__Ext_5e2468,PUR_IED_UnionE__Ext_5e2468,,,,,
2026-09-12T18:11:05-05:00,PUR_IED_VillaRica_Ext_75be7c,PUR_IED_VillaRica_Ext_75be7c,,,,,
2026-09-12T18:11:05-05:00,PUR_IED_VillaRica_S4_cc5dcd,PUR_IED_VillaRica_S4_cc5dcd,,,,,
2026-09-12T18:11:05-05:00,PUR_IED_VillaRica_Sesp_99f5c,PUR_IED_VillaRica_Sesp_99f5c,,,,,
2026-09-12T18:16:03-05:00,PUR_IED_20deJulio_1101_91b1b9,PUR_IED_20deJulio_1101_91b1b9,,,,,
2026-09-12T18:16:03-05:00,PUR_IED_20deJulio_1102_1cfcf9,PUR_IED_20deJulio_1102_1cfcf9,,,,,
2026-09-12T18:16:03-05:00,PUR_IED_20deJulio_Ext_ab60bd,PUR_IED_20deJulio_Ext_ab60bd,,,,,
2026-09-12T18:16:03-05:00,PUR_IED_AgustinFer_Ext_7b9b77,PUR_IED_AgustinFer_Ext_7b9b77,,,,,
2026-09-12T18:16:03-05:00,PUR_IED_AgustinFer_Info2_27b3a7,PUR_IED_AgustinFer_Info2_27b3a7,,,,,
2026-09-12T18:16:03-05:00,PUR_IED_AgustinFer_Sena_54b4eb,PUR_IED_AgustinFer_Sena_54b4eb,,,,,
2026-09-12T18:16:03-05:00,PUR_IED_AlexanderF_1102_caf07b,PUR_IED_AlexanderF_1102_caf07b,,,,,
2026-09-12T18:16:03-05:00,PUR_IED_AlexanderF_1103_c79e71,PUR_IED_AlexanderF_1103_c79e71,,,,,
2026-09-12T18:16:03-05:00,PUR_IED_AlexanderF_Ext_c5b18b,PUR_IED_AlexanderF_Ext_c5b18b,,,,,
2026-09-12T18:16:03-05:00,PUR_IED_AlfonsoLopez_Ext_281d77,PUR_IED_AlfonsoLopez_Ext_281d77,,,,,
2026-09-12T18:16:03-05:00,PUR_IED_AlfonsoLopez_LabF_888ce0,PUR_IED_AlfonsoLopez_LabF_888ce0,,,,,
2026-09-12T18:16:03-05:00,PUR_IED_AlfonsoLopez_SMed_df6a7f,PUR_IED_AlfonsoLopez_SMed_df6a7f,,,,,
2026-09-12T18:16:03-05:00,PUR_IED_AltamiraSO_A2_209f92,PUR_IED_AltamiraSO_A2_209f92,,,,,
2026-09-12T18:16:03-05:00,PUR_IED_AltamiraSO_Ext_186d66,PUR_IED_AltamiraSO_Ext_186d66,,,,,
2026-09-12T18:16:03-05:00,PUR_IED_AltamiraSO_Sistem_27afe1,PUR_IED_AltamiraSO_Sistem_27afe1,,,,,
2026-09-12T18:16:03-05:00,PUR_IED_AlvaroGom_LabQuim_813179,PUR_IED_AlvaroGom_LabQuim_813179,,,,,
2026-09-12T18:16:03-05:00,PUR_IED_AlvaroGomez_Ext_47c7ca,PUR_IED_AlvaroGomez_Ext_47c7ca,,,,,
2026-09-12T18:16:03-05:00,PUR_IED_AlvaroGomez_LabQuim_813179,PUR_IED_AlvaroGomez_LabQuim_813179,,,,,
2026-09-12T18:16:03-05:00,PUR_IED_AlvaroGomez_S23_7ba89f,PUR_IED_AlvaroGomez_S23_7ba89f,,,,,
2026-09-12T18:16:03-05:00,PUR_IED_Amistad_306_dc8728,PUR_IED_Amistad_306_dc8728,,,,,
2026-09-12T18:16:03-05:00,PUR_IED_Amistad_Ext_8cd55e,PUR_IED_Amistad_Ext_8cd55e,,,,,
2026-09-12T18:16:03-05:00,PUR_IED_Amistad_S202_a41169,PUR_IED_Amistad_S202_a41169,,,,,
2026-09-12T18:16:03-05:00,PUR_IED_AndresBello_Bio_fd5f5e,PUR_IED_AndresBello_Bio_fd5f5e,,,,,
2026-09-12T18:16:03-05:00,PUR_IED_AndresBello_ext_dcad65,PUR_IED_AndresBello_ext_dcad65,,,,,
2026-09-12T18:16:03-05:00,PUR_IED_AndresBello_port_eed3ec,PUR_IED_AndresBello_port_eed3ec,,,,,
2026-09-12T18:16:03-05:00,PUR_IED_AngelaR_11b_d90a6b,PUR_IED_AngelaR_11b_d90a6b,,,,,
2026-09-12T18:16:03-05:00,PUR_IED_AngelaR_ext_7cad3e,PUR_IED_AngelaR_ext_7cad3e,5,19,63,4.5825,-74.164497
2026-09-12T18:16:03-05:00,PUR_IED_AntJoseSucre_10mo_df2575,PUR_IED_AntJoseSucre_10mo_df2575,,,,,
2026-09-12T18:16:03-05:00,PUR_IED_AntJoseSucre_Ext_215b36,PUR_IED_AntJoseSucre_Ext_215b36,,,,,
2026-09-12T18:16:03-05:00,PUR_IED_AntJoseSucre_Lab_3139de,PUR_IED_AntJoseSucre_Lab_3139de,,,,,
2026-09-12T18:16:03-05:00,PUR_IED_AntonioGarcia_301_d6b188,PUR_IED_AntonioGarcia_301_d6b188,,,,,
2026-09-12T18:16:03-05:00,PUR_IED_AntonioGarcia_302_88a82,PUR_IED_AntonioGarcia_302_88a82,,,,,
2026-09-12T18:16:03-05:00,PUR_IED_AntonioGarcia_Ext_20950c,PUR_IED_AntonioGarcia_Ext_20950c,,,,,
2026-09-12T18:16:03-05:00,PUR_IED_AntonioVan_Aula2_6dea02,PUR_IED_AntonioVan_Aula2_6dea02,,,,,
2026-09-12T18:16:03-05:00,PUR_IED_AntonioVan_Aula5_f1557e,PUR_IED_AntonioVan_Aula5_f1557e,,,,,
2026-09-12T18:16:03-05:00,PUR_IED_AntonioVan_Ext_406f2f,PUR_IED_AntonioVan_Ext_406f2f,,,,,
2026-09-12T18:16:03-05:00,PUR_IED_Atabanzha_Ext_cc5af9,PUR_IED_Atabanzha_Ext_cc5af9,,,,,
2026-09-12T18:16:03-05:00,PUR_IED_Atabanzha_SA101_56c37,PUR_IED_Atabanzha_SA101_56c37,,,,,
2026-09-12T18:16:03-05:00,PUR_IED_Atabanzha_SB302_27b374,PUR_IED_Atabanzha_SB302_27b374,,,,,
2026-09-12T18:16:03-05:00,PUR_IED_Atahualpa_Ext_fc1748,PUR_IED_Atahualpa_Ext_fc1748,,,,,
2026-09-12T18:16:03-05:00,PUR_IED_Atahualpa_Informa_dc9a95,PUR_IED_Atahualpa_Informa_dc9a95,,,,,
2026-09-12T18:16:03-05:00,PUR_IED_Atahualpa_S1101_f98056,PUR_IED_Atahualpa_S1101_f98056,,,,,
2026-09-12T18:16:03-05:00,PUR_IED_Bellavista_Ext_f5aa74,PUR_IED_Bellavista_Ext_f5aa74,,,,,
2026-09-12T18:16:03-05:00,PUR_IED_Bilbao_11A_916c41,PUR_IED_Bilbao_11A_916c41,,,,,
2026-09-12T18:16:03-05:00,PUR_IED_Bilbao_Ext_fb579a,PUR_IED_Bilbao_Ext_fb579a,,,,,
2026-09-12T18:16:03-05:00,PUR_IED_BrasiliaU_A125_304280,PUR_IED_BrasiliaU_A125_304280,,,,,
2026-09-12T18:16:03-05:00,PUR_IED_BrasiliaU_A203_7c8ca5,PUR_IED_BrasiliaU_A203_7c8ca5,,,,,
2026-09-12T18:16:03-05:00,PUR_IED_BrasiliaU_Ext_8d6e9f,PUR_IED_BrasiliaU_Ext_8d6e9f,5,19,59,4.5175,-74.116302
2026-09-12T18:16:03-05:00,PUR_IED_Brasilia_Ext_fe6593,PUR_IED_Brasilia_Ext_fe6593,,,,,
2026-09-12T18:16:03-05:00,PUR_IED_Brasilia_S24_7c130d,PUR_IED_Brasilia_S24_7c130d,,,,,
2026-09-12T18:16:03-05:00,PUR_IED_Brasilia_S501_186a54,PUR_IED_Brasilia_S501_186a54,,,,,
2026-09-12T18:16:03-05:00,PUR_IED_CHARRY_EXT_f1d5cd,PUR_IED_CHARRY_EXT_f1d5cd,,,,,
2026-09-12T18:16:03-05:00,PUR_IED_CHARRY_INTDANZAS_7a08e6,PUR_IED_CHARRY_INTDANZAS_7a08e6,,,,,
2026-09-12T18:16:03-05:00,PUR_IED_CHARRY_INT_AULA20_dc998d,PUR_IED_CHARRY_INT_AULA20_dc998d,,,,,
2026-09-12T18:16:03-05:00,PUR_IED_COLVIV_1101_S25_7f520a,PUR_IED_COLVIV_1101_S25_7f520a,,,,,
2026-09-12T18:16:03-05:00,PUR_IED_COLVIV_1102_S16_f570ba,PUR_IED_COLVIV_1102_S16_f570ba,,,,,
2026-09-12T18:16:03-05:00,PUR_IED_COLVIV_Ext_1a26fa,PUR_IED_COLVIV_Ext_1a26fa,,,,,
2026-09-12T18:16:03-05:00,PUR_IED_CULPOP_301A_f660f3,PUR_IED_CULPOP_301A_f660f3,,,,,
2026-09-12T18:16:03-05:00,PUR_IED_CULPOP_303_568afe,PUR_IED_CULPOP_303_568afe,,,,,
2026-09-12T18:16:03-05:00,PUR_IED_CULPOP_Ext_e02ccb,PUR_IED_CULPOP_Ext_e02ccb,,,,,
2026-09-12T18:16:03-05:00,PUR_IED_CVillavicen_Ext_26eb58,PUR_IED_CVillavicen_Ext_26eb58,4,16,78,4.487,-74.102798
2026-09-12T18:16:03-05:00,PUR_IED_CVillavicen_Intel_1ce5c2,PUR_IED_CVillavicen_Intel_1ce5c2,,,,,
2026-09-12T18:16:03-05:00,PUR_IED_CVillavicen_Poliv_e0766c,PUR_IED_CVillavicen_Poliv_e0766c,,,,,
2026-09-12T18:16:03-05:00,PUR_IED_CVillavicen_int_1ba140,PUR_IED_CVillavicen_int_1ba140,,,,,
2026-09-12T18:16:03-05:00,PUR_IED_CVillavicen_intel_1ba140,PUR_IED_CVillavicen_intel_1ba140,,,,,
2026-09-12T18:16:03-05:00,PUR_IED_CarlosPizarro_Ext_e307cc,PUR_IED_CarlosPizarro_Ext_e307cc,,,,,
2026-09-12T18:16:03-05:00,PUR_IED_CarlosPizarro_L36_7e5cdb,PUR_IED_CarlosPizarro_L36_7e5cdb,,,,,
2026-09-12T18:16:03-05:00,PUR_IED_CarlosPizarro_L37_c8566c,PUR_IED_CarlosPizarro_L37_c8566c,,,,,
2026-09-12T18:16:03-05:00,PUR_IED_Castilla_Ext_cf35f,PUR_IED_Castilla_Ext_cf35f,,,,,
2026-09-12T18:16:03-05:00,PUR_IED_Castilla_SFisik_360e38,PUR_IED_Castilla_SFisik_360e38,,,,,
2026-09-12T18:16:03-05:00,PUR_IED_Castilla_Sc304_496fbf,PUR_IED_Castilla_Sc304_496fbf,,,,,
2026-09-12T18:16:03-05:00,PUR_IED_CervantesSa_Ext_6b57b,PUR_IED_CervantesSa_Ext_6b57b,4,18,68,4.5128,-74.117203
2026-09-12T18:16:03-05:00,PUR_IED_CervantesSa_S107_225c2b,PUR_IED_CervantesSa_S107_225c2b,,,,,
2026-09-12T18:16:03-05:00,PUR_IED_CervantesSa_S108_940925,PUR_IED_CervantesSa_S108_940925,,,,,
2026-09-12T18:16:03-05:00,PUR_IED_Charry_A20_f53e7c,PUR_IED_Charry_A20_f53e7c,,,,,
2026-09-12T18:16:03-05:00,PUR_IED_Charry_Ext_f1d5cd,PUR_IED_Charry_Ext_f1d5cd,,,,,
2026-09-12T18:16:03-05:00,PUR_IED_Charry_IntAula20_dc998d,PUR_IED_Charry_IntAula20_dc998d,,,,,
2026-09-12T18:16:03-05:00,PUR_IED_Charry_IntDanzas_7a08e6,PUR_IED_Charry_IntDanzas_7a08e6,,,,,
2026-09-12T18:16:03-05:00,PUR_IED_ClememciaC_203_43e2fc,PUR_IED_ClememciaC_203_43e2fc,,,,,
2026-09-12T18:16:03-05:00,PUR_IED_ClememciaC_Ext_1b411a,PUR_IED_ClememciaC_Ext_1b411a,,,,,
2026-09-12T18:16:03-05:00,PUR_IED_ClememciaC_Quimic_44b5fc,PUR_IED_ClememciaC_Quimic_44b5fc,,,,,
2026-09-12T18:16:03-05:00,PUR_IED_ClemenciaC_203_43e2fc,PUR_IED_ClemenciaC_203_43e2fc,,,,,
2026-09-12T18:16:03-05:00,PUR_IED_ClemenciaC_Ext_1b411a,PUR_IED_ClemenciaC_Ext_1b411a,,,,,
2026-09-12T18:16:03-05:00,PUR_IED_ClemenciaC_Quimic_44b5fc,PUR_IED_ClemenciaC_Quimic_44b5fc,,,,,
2026-09-12T18:16:03-05:00,PUR_IED_ColViva_1101_S25_7f520a,PUR_IED_ColViva_1101_S25_7f520a,,,,,
2026-09-12T18:16:03-05:00,PUR_IED_ColViva_1102_S16_f570ba,PUR_IED_ColViva_1102_S16_f570ba,,,,,
2026-09-12T18:16:03-05:00,PUR_IED_ColViva_Ext_1a26fa,PUR_IED_ColViva_Ext_1a26fa,,,,,
2026-09-12T18:16:03-05:00,PUR_IED_ColegioBici_Asist_7c8798,PUR_IED_ColegioBici_Asist_7c8798,,,,,
2026-09-12T18:16:03-05:00,PUR_IED_ColegioBici_Ext_25cbf6,PUR_IED_ColegioBici_Ext_25cbf6,,,,,
2026-09-12T18:16:03-05:00,PUR_IED_ColegioBici_LabQ_7b57db,PUR_IED_ColegioBici_LabQ_7b57db,,,,,
2026-09-12T18:16:03-05:00,PUR_IED_CostaRica_Ext_5e640,PUR_IED_CostaRica_Ext_5e640,,,,,
2026-09-12T18:16:03-05:00,PUR_IED_CostaRica_Quim1_766d1c,PUR_IED_CostaRica_Quim1_766d1c,,,,,
2026-09-12T18:16:03-05:00,PUR_IED_CostaRica__Fisica_6f0873,PUR_IED_CostaRica__Fisica_6f0873,,,,,
2026-09-12T18:16:03-05:00,PUR_IED_CulPopu_301A_f660f3,PUR_IED_CulPopu_301A_f660f3,,,,,
2026-09-12T18:16:03-05:00,PUR_IED_CulPopu_303_568afe,PUR_IED_CulPopu_303_568afe,,,,,
2026-09-12T18:16:03-05:00,PUR_IED_CulPopu_Ext_e02ccb,PUR_IED_CulPopu_Ext_e02ccb,,,,,
2026-09-12T18:16:03-05:00,PUR_IED_Cundinamarca_Ext_f15985,PUR_IED_Cundinamarca_Ext_f15985,,,,,
2026-09-12T18:16:03-05:00,PUR_IED_Cundinamarca_Info_7aa5d7,PUR_IED_Cundinamarca_Info_7aa5d7,,,,,
2026-09-12T18:16:03-05:00,PUR_IED_Cundinamarca_Tec2_f449c7,PUR_IED_Cundinamarca_Tec2_f449c7,,,,,
2026-09-12T18:16:03-05:00,PUR_IED_DiegoM_Aula1_27b314,PUR_IED_DiegoM_Aula1_27b314,,,,,
2026-09-12T18:16:03-05:00,PUR_IED_DiegoM_Ext_d80ac8,PUR_IED_DiegoM_Ext_d80ac8,,,,,
2026-09-12T18:16:03-05:00,PUR_IED_DiegoM_S25_da928f,PUR_IED_DiegoM_S25_da928f,,,,,
2026-09-12T18:16:03-05:00,PUR_IED_ELRODEO_360881,PUR_IED_ELRODEO_360881,,,,,
2026-09-12T18:16:03-05:00,PUR_IED_ELRODEO_ext_360881,PUR_IED_ELRODEO_ext_360881,,,,,
2026-09-12T18:16:03-05:00,PUR_IED_EduardoU_Ext_1c1969,PUR_IED_EduardoU_Ext_1c1969,,,,,
2026-09-12T18:16:03-05:00,PUR_IED_EduardoU_SCiencia_4dfb94,PUR_IED_EduardoU_SCiencia_4dfb94,,,,,
2026-09-12T18:16:03-05:00,PUR_IED_EduardoU_SQuimica_5a46e7,PUR_IED_EduardoU_SQuimica_5a46e7,,,,,
2026-09-12T18:16:03-05:00,PUR_IED_ElRodeo_Aula14_676984,PUR_IED_ElRodeo_Aula14_676984,,,,,
2026-09-12T18:16:03-05:00,PUR_IED_ElRodeo_Aula16_2dd35b,PUR_IED_ElRodeo_Aula16_2dd35b,,,,,
2026-09-12T18:16:03-05:00,PUR_IED_ElRodeo_Ext_360881,PUR_IED_ElRodeo_Ext_360881,,,,,
2026-09-12T18:16:03-05:00,PUR_IED_ElRodeo_Exterior_8c6d28,PUR_IED_ElRodeo_Exterior_8c6d28,,,,,
2026-09-12T18:16:03-05:00,PUR_IED_ElRodeo_ext_360881,PUR_IED_ElRodeo_ext_360881,,,,,
2026-09-12T18:16:03-05:00,PUR_IED_EmmaReyes_Ext_987625,PUR_IED_EmmaReyes_Ext_987625,3,21,51,4.6367,-74.1511
2026-09-12T18:16:03-05:00,PUR_IED_Ensueño_Ext_7f0250,PUR_IED_Ensueño_Ext_7f0250,,,,,
2026-09-12T18:16:03-05:00,PUR_IED_EscNormal_Ext_5fef3b,PUR_IED_EscNormal_Ext_5fef3b,2,20,57,4.5852,-74.096901
2026-09-12T18:16:03-05:00,PUR_IED_EscNormal_S309_5b263,PUR_IED_EscNormal_S309_5b263,,,,,
2026-09-12T18:16:03-05:00,PUR_IED_EscNormal_S310_27b3b8,PUR_IED_EscNormal_S310_27b3b8,,,,,
2026-09-12T18:16:03-05:00,PUR_IED_Evangelista_Conta_f6cd4f,PUR_IED_Evangelista_Conta_f6cd4f,,,,,
2026-09-12T18:16:03-05:00,PUR_IED_Evangelista_Cri_5e16a,PUR_IED_Evangelista_Cri_5e16a,,,,,
2026-09-12T18:16:03-05:00,PUR_IED_Evangelista_Exter_754066,PUR_IED_Evangelista_Exter_754066,,,,,
2026-09-12T18:16:03-05:00,PUR_IED_FMiranda_S209_5cc2a3,PUR_IED_FMiranda_S209_5cc2a3,,,,,
2026-09-12T18:16:03-05:00,PUR_IED_FMiranda_S303_19e344,PUR_IED_FMiranda_S303_19e344,,,,,
2026-09-12T18:16:03-05:00,PUR_IED_FMiranda_ext_f53e7c,PUR_IED_FMiranda_ext_f53e7c,,,,,
2026-09-12T18:16:03-05:00,PUR_IED_FabioLozano_Bibli_1cee05,PUR_IED_FabioLozano_Bibli_1cee05,,,,,
2026-09-12T18:16:03-05:00,PUR_IED_FabioLozano_Ext_6ea285,PUR_IED_FabioLozano_Ext_6ea285,,,,,
2026-09-12T18:16:03-05:00,PUR_IED_FabioLozano_SLudi_f09e1e,PUR_IED_FabioLozano_SLudi_f09e1e,,,,,
2026-09-12T18:16:03-05:00,PUR_IED_FaustinoS_Aula07_27a731,PUR_IED_FaustinoS_Aula07_27a731,,,,,
2026-09-12T18:16:03-05:00,PUR_IED_FaustinoS_Ext_7b936f,PUR_IED_FaustinoS_Ext_7b936f,,,,,
2026-09-12T18:16:03-05:00,PUR_IED_FaustinoS_Fisica_da2c60,PUR_IED_FaustinoS_Fisica_da2c60,,,,,
2026-09-12T18:16:03-05:00,PUR_IED_FeGarciaLo_Ext_dc68ee,PUR_IED_FeGarciaLo_Ext_dc68ee,,,,,
2026-09-12T18:16:03-05:00,PUR_IED_FeGarciaLo_SDanza_f70a59,PUR_IED_FeGarciaLo_SDanza_f70a59,,,,,
2026-09-12T18:16:03-05:00,PUR_IED_FeGarciaLo_SMusic_125cdd,PUR_IED_FeGarciaLo_SMusic_125cdd,,,,,
2026-09-12T18:16:03-05:00,PUR_IED_FederalAlema_Exte_50c345,PUR_IED_FederalAlema_Exte_50c345,,,,,
2026-09-12T18:16:03-05:00,PUR_IED_FederalAlema_S31_f18371,PUR_IED_FederalAlema_S31_f18371,,,,,
2026-09-12T18:16:03-05:00,PUR_IED_FederalAlema_S901_a62cd,PUR_IED_FederalAlema_S901_a62cd,,,,,
2026-09-12T18:16:03-05:00,PUR_IED_FilarmonicaS_A5_f35eb1,PUR_IED_FilarmonicaS_A5_f35eb1,,,,,
2026-09-12T18:16:03-05:00,PUR_IED_FilarmonicaS_Ext_8a3bde,PUR_IED_FilarmonicaS_Ext_8a3bde,,,,,
2026-09-12T18:16:03-05:00,PUR_IED_FilarmonicaS_Spol_406114,PUR_IED_FilarmonicaS_Spol_406114,,,,,
2026-09-12T18:16:03-05:00,PUR_IED_FlorentinoG_A13_d1fa59,PUR_IED_FlorentinoG_A13_d1fa59,,,,,
2026-09-12T18:16:03-05:00,PUR_IED_FlorentinoG_Ext_1ce6ce,PUR_IED_FlorentinoG_Ext_1ce6ce,,,,,
2026-09-12T18:16:03-05:00,PUR_IED_FlorentinoG_Idiom_a66aac,PUR_IED_FlorentinoG_Idiom_a66aac,,,,,
2026-09-12T18:16:03-05:00,PUR_IED_FranciscoMati_Ext_e3869d,PUR_IED_FranciscoMati_Ext_e3869d,,,,,
2026-09-12T18:16:03-05:00,PUR_IED_FranciscoMati_S13_f31c67,PUR_IED_FranciscoMati_S13_f31c67,,,,,
2026-09-12T18:16:03-05:00,PUR_IED_FranciscoMati_S14_97dead,PUR_IED_FranciscoMati_S14_97dead,,,,,
2026-09-12T18:16:03-05:00,PUR_IED_FranciscoPS_Ext_7bfa9a,PUR_IED_FranciscoPS_Ext_7bfa9a,2,20,57,4.5899,-74.110397
2026-09-12T18:16:03-05:00,PUR_IED_FranciscoPS_Infor_fb8f4c,PUR_IED_FranciscoPS_Infor_fb8f4c,,,,,
2026-09-12T18:16:03-05:00,PUR_IED_FranciscoPS_Quimi_94d39c,PUR_IED_FranciscoPS_Quimi_94d39c,,,,,
2026-09-12T18:16:03-05:00,PUR_IED_FranciscoP_LabQ_d7e148,PUR_IED_FranciscoP_LabQ_d7e148,,,,,
2026-09-12T18:16:03-05:00,PUR_IED_FranciscoP_S28_cf9b30,PUR_IED_FranciscoP_S28_cf9b30,,,,,
2026-09-12T18:16:03-05:00,PUR_IED_FranciscoP_ext_e2313,PUR_IED_FranciscoP_ext_e2313,,,,,
2026-09-12T18:16:03-05:00,PUR_IED_FriederichN_Ext_8ac92a,PUR_IED_FriederichN_Ext_8ac92a,,,,,
2026-09-12T18:16:03-05:00,PUR_IED_FriederichN_S301_dd7e5a,PUR_IED_FriederichN_S301_dd7e5a,,,,,
2026-09-12T18:16:03-05:00,PUR_IED_FriederichN_S308_761f4f,PUR_IED_FriederichN_S308_761f4f,,,,,
2026-09-12T18:16:03-05:00,PUR_IED_GSantander_Aula10_533dd7,PUR_IED_GSantander_Aula10_533dd7,,,,,
2026-09-12T18:16:03-05:00,PUR_IED_GSantander_Aula12_fd4e4f,PUR_IED_GSantander_Aula12_fd4e4f,,,,,
2026-09-12T18:16:03-05:00,PUR_IED_GSantander_Aula310_533dd7,PUR_IED_GSantander_Aula310_533dd7,,,,,
2026-09-12T18:16:03-05:00,PUR_IED_GSantander_Aula312_fd4e4f,PUR_IED_GSantander_Aula312_fd4e4f,,,,,
2026-09-12T18:16:03-05:00,PUR_IED_GSantander_Ext_5f66b0,PUR_IED_GSantander_Ext_5f66b0,,,,,
2026-09-12T18:16:03-05:00,PUR_IED_GYomasa_Ext_f6bea5,PUR_IED_GYomasa_Ext_f6bea5,,,,,
2026-09-12T18:16:03-05:00,PUR_IED_GYomasa_LBiol_2c41aa,PUR_IED_GYomasa_LBiol_2c41aa,,,,,
2026-09-12T18:16:03-05:00,PUR_IED_GYomasa_LQuim_33c80,PUR_IED_GYomasa_LQuim_33c80,,,,,
2026-09-12T18:16:03-05:00,PUR_IED_GabBetMejia_Cienc_5a99c,PUR_IED_GabBetMejia_Cienc_5a99c,,,,,
2026-09-12T18:16:03-05:00,PUR_IED_GabBetMejia_Ext_9153d0,PUR_IED_GabBetMejia_Ext_9153d0,,,,,
2026-09-12T18:16:03-05:00,PUR_IED_GabBetMejia_Lab_f55347,PUR_IED_GabBetMejia_Lab_f55347,,,,,
2026-09-12T18:16:03-05:00,PUR_IED_GabBetanMejia_Ext_9153d0,PUR_IED_GabBetanMejia_Ext_9153d0,,,,,
2026-09-12T18:16:03-05:00,PUR_IED_Gaitana_Aula13_7aac11,PUR_IED_Gaitana_Aula13_7aac11,,,,,
2026-09-12T18:16:03-05:00,PUR_IED_Gaitana_Ext_5fcf4,PUR_IED_Gaitana_Ext_5fcf4,,,,,
2026-09-12T18:16:03-05:00,PUR_IED_Gaitana_LabFisica_644448,PUR_IED_Gaitana_LabFisica_644448,,,,,
2026-09-12T18:16:03-05:00,PUR_IED_GenSantander_Dise_8ac858,PUR_IED_GenSantander_Dise_8ac858,,,,,
2026-09-12T18:16:03-05:00,PUR_IED_GenSantander_Ext_8d5dfe,PUR_IED_GenSantander_Ext_8d5dfe,,,,,
2026-09-12T18:16:03-05:00,PUR_IED_GenSantander_Info_6c25b,PUR_IED_GenSantander_Info_6c25b,,,,,
2026-09-12T18:16:03-05:00,PUR_IED_GustavoMo_Exterio_75e63d,PUR_IED_GustavoMo_Exterio_75e63d,,,,,
2026-09-12T18:16:03-05:00,PUR_IED_GustavoMo_LabFisi_224d37,PUR_IED_GustavoMo_LabFisi_224d37,,,,,
2026-09-12T18:16:03-05:00,PUR_IED_GustavoMo_S208_3e6918,PUR_IED_GustavoMo_S208_3e6918,,,,,
2026-09-12T18:16:03-05:00,PUR_IED_GustavoR_A02_8cd4a8,PUR_IED_GustavoR_A02_8cd4a8,,,,,
2026-09-12T18:16:03-05:00,PUR_IED_GustavoR_B11_5b0ed,PUR_IED_GustavoR_B11_5b0ed,,,,,
2026-09-12T18:16:03-05:00,PUR_IED_GustavoR_Ext_7a0c90,PUR_IED_GustavoR_Ext_7a0c90,,,,,
2026-09-12T18:16:03-05:00,PUR_IED_HernandoDuran_Ext_8cd82b,PUR_IED_HernandoDuran_Ext_8cd82b,,,,,
2026-09-12T18:16:03-05:00,PUR_IED_HernandoDuran_S24_2772c6,PUR_IED_HernandoDuran_S24_2772c6,,,,,
2026-09-12T18:16:03-05:00,PUR_IED_HernandoDuran_S30_f2de41,PUR_IED_HernandoDuran_S30_f2de41,,,,,
2026-09-12T18:16:03-05:00,PUR_IED_HolguInUr_S1101_8cd732,PUR_IED_HolguInUr_S1101_8cd732,,,,,
2026-09-12T18:16:03-05:00,PUR_IED_HolguinUr_Exter_ddae6d,PUR_IED_HolguinUr_Exter_ddae6d,,,,,
2026-09-12T18:16:03-05:00,PUR_IED_HolguinUr_LabQuim_92b952,PUR_IED_HolguinUr_LabQuim_92b952,,,,,
2026-09-12T18:16:03-05:00,PUR_IED_Isabel-II_Ext_5245cc,PUR_IED_Isabel-II_Ext_5245cc,2,19,57,4.6336,-74.153
2026-09-12T18:16:03-05:00,PUR_IED_Isabel-II_S_idiom_1c29aa,PUR_IED_Isabel-II_S_idiom_1c29aa,,,,,
2026-09-12T18:16:03-05:00,PUR_IED_Isabel-II_S_infor_fd741,PUR_IED_Isabel-II_S_infor_fd741,,,,,
2026-09-12T18:16:03-05:00,PUR_IED_IsidroSur_Exterio_5b90ea,PUR_IED_IsidroSur_Exterio_5b90ea,,,,,
2026-09-12T18:16:03-05:00,PUR_IED_IsidroSur_LabTec_56697a,PUR_IED_IsidroSur_LabTec_56697a,,,,,
2026-09-12T18:16:03-05:00,PUR_IED_IsidroSur_Robotic_b7c38f,PUR_IED_IsidroSur_Robotic_b7c38f,,,,,
2026-09-12T18:16:03-05:00,PUR_IED_IsmaelPerd_Ext_7b6672,PUR_IED_IsmaelPerd_Ext_7b6672,,,,,
2026-09-12T18:16:03-05:00,PUR_IED_IsmaelPerd_Inform_306540,PUR_IED_IsmaelPerd_Inform_306540,,,,,
2026-09-12T18:16:03-05:00,PUR_IED_IsmaelPerd_S30_2e2c83,PUR_IED_IsmaelPerd_S30_2e2c83,,,,,
2026-09-12T18:16:03-05:00,PUR_IED_JLozano_Exter_432910,PUR_IED_JLozano_Exter_432910,,,,,
2026-09-12T18:16:03-05:00,PUR_IED_JLozano_salaMulti_df5125,PUR_IED_JLozano_salaMulti_df5125,,,,,
2026-09-12T18:16:03-05:00,PUR_IED_JMCordoba_206_86f80b,PUR_IED_JMCordoba_206_86f80b,,,,,
2026-09-12T18:16:03-05:00,PUR_IED_JMCordoba_Ext_27ad97,PUR_IED_JMCordoba_Ext_27ad97,,,,,
2026-09-12T18:16:03-05:00,PUR_IED_JMCordoba_S310_d59ab4,PUR_IED_JMCordoba_S310_d59ab4,,,,,
2026-09-12T18:16:03-05:00,PUR_IED_Japon_Ext_549100,PUR_IED_Japon_Ext_549100,,,,,
2026-09-12T18:16:03-05:00,PUR_IED_Japon_Laboratorio_bec51d,PUR_IED_Japon_Laboratorio_bec51d,,,,,
2026-09-12T18:16:03-05:00,PUR_IED_Japon_informatica_d99327,PUR_IED_Japon_informatica_d99327,,,,,
2026-09-12T18:16:03-05:00,PUR_IED_Jazmin_Ext_d27bda,PUR_IED_Jazmin_Ext_d27bda,,,,,
2026-09-12T18:16:03-05:00,PUR_IED_Jazmin_Fisica_8d14d7,PUR_IED_Jazmin_Fisica_8d14d7,,,,,
2026-09-12T18:16:03-05:00,PUR_IED_Jazmin_Quimica_801cb5,PUR_IED_Jazmin_Quimica_801cb5,,,,,
2026-09-12T18:16:03-05:00,PUR_IED_JorgeGaitan_Exter_f098d1,PUR_IED_JorgeGaitan_Exter_f098d1,,,,,
2026-09-12T18:16:03-05:00,PUR_IED_JorgeGaitan_STec1_dc9d1d,PUR_IED_JorgeGaitan_STec1_dc9d1d,,,,,
2026-09-12T18:16:03-05:00,PUR_IED_JorgeGaitan_STec2_281e69,PUR_IED_JorgeGaitan_STec2_281e69,,,,,
2026-09-12T18:16:03-05:00,PUR_IED_JorgeSoto_Exterio_d9d0a2,PUR_IED_JorgeSoto_Exterio_d9d0a2,,,,,
2026-09-12T18:16:03-05:00,PUR_IED_JorgeSoto_LabFisi_209c54,PUR_IED_JorgeSoto_LabFisi_209c54,,,,,
2026-09-12T18:16:03-05:00,PUR_IED_JorgeSoto_S103_27b51a,PUR_IED_JorgeSoto_S103_27b51a,,,,,
2026-09-12T18:16:03-05:00,PUR_IED_JoseAcevedo_A02_e965eb,PUR_IED_JoseAcevedo_A02_e965eb,,,,,
2026-09-12T18:16:03-05:00,PUR_IED_JoseAcevedo_A07_dd5b4,PUR_IED_JoseAcevedo_A07_dd5b4,,,,,
2026-09-12T18:16:03-05:00,PUR_IED_JoseAcevedo_Ext_b47484,PUR_IED_JoseAcevedo_Ext_b47484,,,,,
2026-09-12T18:16:03-05:00,PUR_IED_JoseMarti_Exte_5b9bf,PUR_IED_JoseMarti_Exte_5b9bf,,,,,
2026-09-12T18:16:03-05:00,PUR_IED_JoseMarti_LabQuim_1c6c2d,PUR_IED_JoseMarti_LabQuim_1c6c2d,,,,,
2026-09-12T18:16:03-05:00,PUR_IED_JoseMarti_S_info_f5f177,PUR_IED_JoseMarti_S_info_f5f177,,,,,
2026-09-12T18:16:03-05:00,PUR_IED_Josejoaquin_Ext_dfc5dc,PUR_IED_Josejoaquin_Ext_dfc5dc,,,,,
2026-09-12T18:16:03-05:00,PUR_IED_Josejoaquin_S05_5b2a96,PUR_IED_Josejoaquin_S05_5b2a96,,,,,
2026-09-12T18:16:03-05:00,PUR_IED_Josejoaquin_S06_1ce7d2,PUR_IED_Josejoaquin_S06_1ce7d2,,,,,
2026-09-12T18:16:03-05:00,PUR_IED_JulioFlorez_Danza_9b82dd,PUR_IED_JulioFlorez_Danza_9b82dd,,,,,
2026-09-12T18:16:03-05:00,PUR_IED_JulioFlorez_Exter_f9f314,PUR_IED_JulioFlorez_Exter_f9f314,,,,,
2026-09-12T18:16:03-05:00,PUR_IED_JulioFlorez_info2_6b6e08,PUR_IED_JulioFlorez_info2_6b6e08,,,,,
2026-09-12T18:16:03-05:00,PUR_IED_LaBelleza_Aula13_1d00d8,PUR_IED_LaBelleza_Aula13_1d00d8,,,,,
2026-09-12T18:16:03-05:00,PUR_IED_LaBelleza_Ext_7bc08c,PUR_IED_LaBelleza_Ext_7bc08c,,,,,
2026-09-12T18:16:03-05:00,PUR_IED_LaChucua_Ext_8cd6d2,PUR_IED_LaChucua_Ext_8cd6d2,,,,,
2026-09-12T18:16:03-05:00,PUR_IED_LaChucua_S15_f578ce,PUR_IED_LaChucua_S15_f578ce,,,,,
2026-09-12T18:16:03-05:00,PUR_IED_LaChucua_S16_eebcf9,PUR_IED_LaChucua_S16_eebcf9,,,,,
2026-09-12T18:16:03-05:00,PUR_IED_LaFelicidad_Ext_fb5109,PUR_IED_LaFelicidad_Ext_fb5109,,,,,
2026-09-12T18:16:03-05:00,PUR_IED_LaMerced_206_66ebd,PUR_IED_LaMerced_206_66ebd,,,,,
2026-09-12T18:16:03-05:00,PUR_IED_LaMerced_207_6ebd6,PUR_IED_LaMerced_207_6ebd6,,,,,
2026-09-12T18:16:03-05:00,PUR_IED_LaMerced_ext_304311,PUR_IED_LaMerced_ext_304311,,,,,
2026-09-12T18:16:03-05:00,PUR_IED_Laureano_CiencNat_281e5e,PUR_IED_Laureano_CiencNat_281e5e,,,,,
2026-09-12T18:16:03-05:00,PUR_IED_Laureano_Comedor_f65c0a,PUR_IED_Laureano_Comedor_f65c0a,,,,,
2026-09-12T18:16:03-05:00,PUR_IED_Laureano_Exterior_7ab011,PUR_IED_Laureano_Exterior_7ab011,,,,,
2026-09-12T18:16:03-05:00,PUR_IED_LeonGreiff_Exte_dfe560,PUR_IED_LeonGreiff_Exte_dfe560,,,,,
2026-09-12T18:16:03-05:00,PUR_IED_LeonGreiff_S210_f264ed,PUR_IED_LeonGreiff_S210_f264ed,,,,,
2026-09-12T18:16:03-05:00,PUR_IED_LeonGreiff_SQuimi_e8296f,PUR_IED_LeonGreiff_SQuimi_e8296f,,,,,
2026-09-12T18:16:03-05:00,PUR_IED_LlanoOrientalS208_7b9fcd,PUR_IED_LlanoOrientalS208_7b9fcd,,,,,
2026-09-12T18:16:03-05:00,PUR_IED_LlanoOriental_Ext_fb3766,PUR_IED_LlanoOriental_Ext_fb3766,,,,,
2026-09-12T18:16:03-05:00,PUR_IED_LlanoOriental_S208_7b9fcd,PUR_IED_LlanoOriental_S208_7b9fcd,,,,,
2026-09-12T18:16:03-05:00,PUR_IED_LlanoOriental_S9_27b378,PUR_IED_LlanoOriental_S9_27b378,,,,,
2026-09-12T18:16:03-05:00,PUR_IED_LosTejares_1101_477602,PUR_IED_LosTejares_1101_477602,,,,,
2026-09-12T18:16:03-05:00,PUR_IED_LosTejares_11_d2c595,PUR_IED_LosTejares_11_d2c595,,,,,
2026-09-12T18:16:03-05:00,PUR_IED_LosTejares_12_477602,PUR_IED_LosTejares_12_477602,,,,,
2026-09-12T18:16:03-05:00,PUR_IED_LosTejares_Ext_8e2115,PUR_IED_LosTejares_Ext_8e2115,,,,,
2026-09-12T18:16:03-05:00,PUR_IED_MagdalenaO_B202_5ddda3,PUR_IED_MagdalenaO_B202_5ddda3,,,,,
2026-09-12T18:16:03-05:00,PUR_IED_MagdalenaO_B205_fb76e8,PUR_IED_MagdalenaO_B205_fb76e8,,,,,
2026-09-12T18:16:03-05:00,PUR_IED_MagdalenaO_ext_dc69cd,PUR_IED_MagdalenaO_ext_dc69cd,,,,,
2026-09-12T18:16:03-05:00,PUR_IED_ManueCepeda_artes_eee956,PUR_IED_ManueCepeda_artes_eee956,,,,,
2026-09-12T18:16:03-05:00,PUR_IED_ManuelCepeda_Ext_58313,PUR_IED_ManuelCepeda_Ext_58313,,,,,
2026-09-12T18:16:03-05:00,PUR_IED_ManuelCepeda_tec_1c5731,PUR_IED_ManuelCepeda_tec_1c5731,,,,,
2026-09-12T18:16:03-05:00,PUR_IED_ManuelS_Exterior_5b269,PUR_IED_ManuelS_Exterior_5b269,,,,,
2026-09-12T18:16:03-05:00,PUR_IED_ManuelS_Inform_f369ce,PUR_IED_ManuelS_Inform_f369ce,,,,,
2026-09-12T18:16:03-05:00,PUR_IED_ManuelS_SArtes_7d15f1,PUR_IED_ManuelS_SArtes_7d15f1,,,,,
2026-09-12T18:16:03-05:00,PUR_IED_ManuelZapata_303_3ca6,PUR_IED_ManuelZapata_303_3ca6,,,,,
2026-09-12T18:16:03-05:00,PUR_IED_ManuelZapata_311_bfbabc,PUR_IED_ManuelZapata_311_bfbabc,,,,,
2026-09-12T18:16:03-05:00,PUR_IED_ManuelZapata_Ext_50824a,PUR_IED_ManuelZapata_Ext_50824a,,,,,
2026-09-12T18:16:03-05:00,PUR_IED_ManuelitaS_Exteri_656a92,PUR_IED_ManuelitaS_Exteri_656a92,,,,,
2026-09-12T18:16:03-05:00,PUR_IED_ManuelitaS_JuzgDe_f58ec3,PUR_IED_ManuelitaS_JuzgDe_f58ec3,,,,,
2026-09-12T18:16:03-05:00,PUR_IED_ManuelitaS_Recrea_d793db,PUR_IED_ManuelitaS_Recrea_d793db,,,,,
2026-09-12T18:16:03-05:00,PUR_IED_MarFidSuarez_Ext_c27b19,PUR_IED_MarFidSuarez_Ext_c27b19,,,,,
2026-09-12T18:16:03-05:00,PUR_IED_MarFidSuarez_Info_e384d7,PUR_IED_MarFidSuarez_Info_e384d7,,,,,
2026-09-12T18:16:03-05:00,PUR_IED_MarFidSuarez_S306_1d0032,PUR_IED_MarFidSuarez_S306_1d0032,,,,,
2026-09-12T18:16:03-05:00,PUR_IED_Menorah_301_2a25a3,PUR_IED_Menorah_301_2a25a3,,,,,
2026-09-12T18:16:03-05:00,PUR_IED_Menorah_306_37ed3,PUR_IED_Menorah_306_37ed3,,,,,
2026-09-12T18:16:03-05:00,PUR_IED_Menorah_Ext_3e155b,PUR_IED_Menorah_Ext_3e155b,,,,,
2026-09-12T18:16:03-05:00,PUR_IED_MinutoB.Aires_A11_1b1604,PUR_IED_MinutoB.Aires_A11_1b1604,,,,,
2026-09-12T18:16:03-05:00,PUR_IED_MinutoB.Aires_A12_fb5860,PUR_IED_MinutoB.Aires_A12_fb5860,,,,,
2026-09-12T18:16:03-05:00,PUR_IED_MinutoB.Aires_Ext_81293f,PUR_IED_MinutoB.Aires_Ext_81293f,,,,,
2026-09-12T18:16:03-05:00,PUR_IED_MinutoBAires_A11_1b1604,PUR_IED_MinutoBAires_A11_1b1604,,,,,
2026-09-12T18:16:03-05:00,PUR_IED_MinutoBAires_A12_fb5860,PUR_IED_MinutoBAires_A12_fb5860,,,,,
2026-09-12T18:16:03-05:00,PUR_IED_MinutoBAires_Ext_81293f,PUR_IED_MinutoBAires_Ext_81293f,,,,,
2026-09-12T18:16:03-05:00,PUR_IED_Montreal_Aula10_1e4959,PUR_IED_Montreal_Aula10_1e4959,,,,,
2026-09-12T18:16:03-05:00,PUR_IED_Montreal_Aula6_300367,PUR_IED_Montreal_Aula6_300367,,,,,
2026-09-12T18:16:03-05:00,PUR_IED_Montreal_Exterior_91a179,PUR_IED_Montreal_Exterior_91a179,,,,,
2026-09-12T18:16:03-05:00,PUR_IED_Mqgdalena_B202_5ddda3,PUR_IED_Mqgdalena_B202_5ddda3,,,,,
2026-09-12T18:16:03-05:00,PUR_IED_NACUND_Soc_dc8728,PUR_IED_NACUND_Soc_dc8728,,,,,
2026-09-12T18:16:03-05:00,PUR_IED_NACUND_ext_27ad97,PUR_IED_NACUND_ext_27ad97,,,,,
2026-09-12T18:16:03-05:00,PUR_IED_NEsperanza_Ext_d24b61,PUR_IED_NEsperanza_Ext_d24b61,,,,,
2026-09-12T18:16:03-05:00,PUR_IED_NEsperanza_SElect_7d1807,PUR_IED_NEsperanza_SElect_7d1807,,,,,
2026-09-12T18:16:03-05:00,PUR_IED_NEsperanza_SLabor_8b2d0a,PUR_IED_NEsperanza_SLabor_8b2d0a,,,,,
2026-09-12T18:16:03-05:00,PUR_IED_NacionesU_Ext_f661a9,PUR_IED_NacionesU_Ext_f661a9,,,,,
2026-09-12T18:16:03-05:00,PUR_IED_NacionesU_Quimica_66f0a,PUR_IED_NacionesU_Quimica_66f0a,,,,,
2026-09-12T18:16:03-05:00,PUR_IED_NacionesU_S306_1b4b3d,PUR_IED_NacionesU_S306_1b4b3d,,,,,
2026-09-12T18:16:03-05:00,PUR_IED_NestorFA_Ext_e4201c,PUR_IED_NestorFA_Ext_e4201c,,,,,
2026-09-12T18:16:03-05:00,PUR_IED_NestorFA_Laborato_f22fe0,PUR_IED_NestorFA_Laborato_f22fe0,,,,,
2026-09-12T18:16:03-05:00,PUR_IED_NestorFA_S204_dee996,PUR_IED_NestorFA_S204_dee996,,,,,
2026-09-12T18:16:03-05:00,PUR_IED_NidyaQT_Aula03_76999b,PUR_IED_NidyaQT_Aula03_76999b,,,,,
2026-09-12T18:16:03-05:00,PUR_IED_NidyaQT_Aula10_56325,PUR_IED_NidyaQT_Aula10_56325,,,,,
2026-09-12T18:16:03-05:00,PUR_IED_NidyaQT_Ext_46e32d,PUR_IED_NidyaQT_Ext_46e32d,,,,,
2026-09-12T18:16:03-05:00,PUR_IED_NuevaCol_Exterior_d9b859,PUR_IED_NuevaCol_Exterior_d9b859,,,,,
2026-09-12T18:16:03-05:00,PUR_IED_NuevaCol_S1101_76c43b,PUR_IED_NuevaCol_S1101_76c43b,,,,,
2026-09-12T18:16:03-05:00,PUR_IED_NuevaCol_S1102_1ce0b5,PUR_IED_NuevaCol_S1102_1ce0b5,,,,,
2026-09-12T18:16:03-05:00,PUR_IED_OEA_A202_f7e3f2,PUR_IED_OEA_A202_f7e3f2,,,,,
2026-09-12T18:16:03-05:00,PUR_IED_OEA_A203_7d1b8d,PUR_IED_OEA_A203_7d1b8d,,,,,
2026-09-12T18:16:03-05:00,PUR_IED_OEA_Ext_27b593,PUR_IED_OEA_Ext_27b593,,,,,
2026-09-12T18:16:03-05:00,PUR_IED_Ochoa_Ext_1c29da,PUR_IED_Ochoa_Ext_1c29da,,,,,
2026-09-12T18:16:03-05:00,PUR_IED_Ochoa_S205_8b1121,PUR_IED_Ochoa_S205_8b1121,,,,,
2026-09-12T18:16:03-05:00,PUR_IED_Ochoa_Sistemas_f33af6,PUR_IED_Ochoa_Sistemas_f33af6,,,,,
2026-09-12T18:16:03-05:00,PUR_IED_PQuebec_Ext_1c67c7,PUR_IED_PQuebec_Ext_1c67c7,,,,,
2026-09-12T18:16:03-05:00,PUR_IED_PQuebec_S15_23e8e2,PUR_IED_PQuebec_S15_23e8e2,,,,,
2026-09-12T18:16:03-05:00,PUR_IED_PQuebec_S16_8ec76b,PUR_IED_PQuebec_S16_8ec76b,,,,,
2026-09-12T18:16:03-05:00,PUR_IED_PabloN_Ext_49dc96,PUR_IED_PabloN_Ext_49dc96,,,,,
2026-09-12T18:16:03-05:00,PUR_IED_PabloN_S1102_4e3df5,PUR_IED_PabloN_S1102_4e3df5,,,,,
2026-09-12T18:16:03-05:00,PUR_IED_PabloN_S1103_50c94b,PUR_IED_PabloN_S1103_50c94b,,,,,
2026-09-12T18:16:03-05:00,PUR_IED_Palestina_S1101_db9198,PUR_IED_Palestina_S1101_db9198,,,,,
2026-09-12T18:16:03-05:00,PUR_IED_Palestina_S1102_dc54fa,PUR_IED_Palestina_S1102_dc54fa,,,,,
2026-09-12T18:16:03-05:00,PUR_IED_Palestina_ext_4ccce6,PUR_IED_Palestina_ext_4ccce6,,,,,
2026-09-12T18:16:03-05:00,PUR_IED_Panama_Fisica_4d0794,PUR_IED_Panama_Fisica_4d0794,,,,,
2026-09-12T18:16:03-05:00,PUR_IED_Panama_SIngles_a4077e,PUR_IED_Panama_SIngles_a4077e,,,,,
2026-09-12T18:16:03-05:00,PUR_IED_Panama_ext_4c54b4,PUR_IED_Panama_ext_4c54b4,,,,,
2026-09-12T18:16:03-05:00,PUR_IED_ParaisoM_Exterior_8cd7f0,PUR_IED_ParaisoM_Exterior_8cd7f0,,,,,
2026-09-12T18:16:03-05:00,PUR_IED_ParaisoM_Laborato_27af35,PUR_IED_ParaisoM_Laborato_27af35,,,,,
2026-09-12T18:16:03-05:00,PUR_IED_ParaisoM_S304_d1edca,PUR_IED_ParaisoM_S304_d1edca,,,,,
2026-09-12T18:16:03-05:00,PUR_IED_PorfirioBarba_Ext_301466,PUR_IED_PorfirioBarba_Ext_301466,,,,,
2026-09-12T18:16:03-05:00,PUR_IED_PorfirioBarba_S11_df6cd2,PUR_IED_PorfirioBarba_S11_df6cd2,,,,,
2026-09-12T18:16:03-05:00,PUR_IED_PorfirioBarba_S29_27a7d6,PUR_IED_PorfirioBarba_S29_27a7d6,,,,,
2026-09-12T18:16:03-05:00,PUR_IED_PradoV_Exter_8b27ad,PUR_IED_PradoV_Exter_8b27ad,,,,,
2026-09-12T18:16:03-05:00,PUR_IED_PradoV_S301_de65b5,PUR_IED_PradoV_S301_de65b5,,,,,
2026-09-12T18:16:03-05:00,PUR_IED_PradoV_S302_7d2593,PUR_IED_PradoV_S302_7d2593,,,,,
2026-09-12T18:16:03-05:00,PUR_IED_QuirogaAlz_Ext_1ddc82,PUR_IED_QuirogaAlz_Ext_1ddc82,,,,,
2026-09-12T18:16:03-05:00,PUR_IED_QuirogaAlz_S302_9926a3,PUR_IED_QuirogaAlz_S302_9926a3,,,,,
2026-09-12T18:16:03-05:00,PUR_IED_QuirogaAlz_S305_cdf1f1,PUR_IED_QuirogaAlz_S305_cdf1f1,,,,,
2026-09-12T18:16:03-05:00,PUR_IED_RGuatemala_Biling_dc53b7,PUR_IED_RGuatemala_Biling_dc53b7,,,,,
2026-09-12T18:16:03-05:00,PUR_IED_RGuatemala_Ext_1b89a3,PUR_IED_RGuatemala_Ext_1b89a3,,,,,
2026-09-12T18:16:03-05:00,PUR_IED_RGuatemala_Tecnol_281a34,PUR_IED_RGuatemala_Tecnol_281a34,,,,,
2026-09-12T18:16:03-05:00,PUR_IED_RafaNu_Ext_f7c302,PUR_IED_RafaNu_Ext_f7c302,,,,,
2026-09-12T18:16:03-05:00,PUR_IED_RafaNu_S1101_25fde,PUR_IED_RafaNu_S1101_25fde,,,,,
2026-09-12T18:16:03-05:00,PUR_IED_RafaNu_S1102_281517,PUR_IED_RafaNu_S1102_281517,,,,,
2026-09-12T18:16:03-05:00,PUR_IED_RafaelB_S305_ee2783,PUR_IED_RafaelB_S305_ee2783,,,,,
2026-09-12T18:16:03-05:00,PUR_IED_RafaelB_S306_75fe33,PUR_IED_RafaelB_S306_75fe33,,,,,
2026-09-12T18:16:03-05:00,PUR_IED_RafaelB_ext_283336,PUR_IED_RafaelB_ext_283336,2,20,59,4.6722,-74.0737
2026-09-12T18:16:03-05:00,PUR_IED_RafaelUU_Exterior_281a51,PUR_IED_RafaelUU_Exterior_281a51,,,,,
2026-09-12T18:16:03-05:00,PUR_IED_RafaelUU_Human_806b2,PUR_IED_RafaelUU_Human_806b2,,,,,
2026-09-12T18:16:03-05:00,PUR_IED_RafaelUU_Mate2_5680d4,PUR_IED_RafaelUU_Mate2_5680d4,,,,,
2026-09-12T18:16:03-05:00,PUR_IED_RamonSub_Ext_f9eeb9,PUR_IED_RamonSub_Ext_f9eeb9,,,,,
2026-09-12T18:16:03-05:00,PUR_IED_RamonSub_Media_d1f62f,PUR_IED_RamonSub_Media_d1f62f,,,,,
2026-09-12T18:16:03-05:00,PUR_IED_RamonSub_planta_51b82,PUR_IED_RamonSub_planta_51b82,,,,,
2026-09-12T18:16:03-05:00,PUR_IED_RepBoliVene_Exter_27af7c,PUR_IED_RepBoliVene_Exter_27af7c,,,,,
2026-09-12T18:16:03-05:00,PUR_IED_RepBoliVene_SCPT_5ae2ee,PUR_IED_RepBoliVene_SCPT_5ae2ee,,,,,
2026-09-12T18:16:03-05:00,PUR_IED_RepBoliVene_Socia_4b11d5,PUR_IED_RepBoliVene_Socia_4b11d5,,,,,
2026-09-12T18:16:03-05:00,PUR_IED_RepChina_Ext_76d9ee,PUR_IED_RepChina_Ext_76d9ee,,,,,
2026-09-12T18:16:03-05:00,PUR_IED_RepChina_S404_7c804c,PUR_IED_RepChina_S404_7c804c,,,,,
2026-09-12T18:16:03-05:00,PUR_IED_RepChina_S405_df2c33,PUR_IED_RepChina_S405_df2c33,,,,,
2026-09-12T18:16:03-05:00,PUR_IED_RepublicaC_Exteri_7d1ec9,PUR_IED_RepublicaC_Exteri_7d1ec9,,,,,
2026-09-12T18:16:03-05:00,PUR_IED_RepublicaC_S1101_f544b3,PUR_IED_RepublicaC_S1101_f544b3,,,,,
2026-09-12T18:16:03-05:00,PUR_IED_RepublicaC_S1102_7aafc7,PUR_IED_RepublicaC_S1102_7aafc7,,,,,
2026-09-12T18:16:03-05:00,PUR_IED_Ricaurte_Externo_a0ea1,PUR_IED_Ricaurte_Externo_a0ea1,,,,,
2026-09-12T18:16:03-05:00,PUR_IED_Ricaurte_S210_f546fd,PUR_IED_Ricaurte_S210_f546fd,,,,,
2026-09-12T18:16:03-05:00,PUR_IED_Ricaurte_S309_d4452,PUR_IED_Ricaurte_S309_d4452,,,,,
2026-09-12T18:16:03-05:00,PUR_IED_RogelioS_1102_531e69,PUR_IED_RogelioS_1102_531e69,,,,,
2026-09-12T18:16:03-05:00,PUR_IED_RogelioS_Ext_f25a18,PUR_IED_RogelioS_Ext_f25a18,,,,,
2026-09-12T18:16:03-05:00,PUR_IED_SBernardino_Ext_27aff8,PUR_IED_SBernardino_Ext_27aff8,,,,,
2026-09-12T18:16:03-05:00,PUR_IED_SBernardino_SArte_2ffd33,PUR_IED_SBernardino_SArte_2ffd33,,,,,
2026-09-12T18:16:03-05:00,PUR_IED_SBernardino_SIngl_7c7da5,PUR_IED_SBernardino_SIngl_7c7da5,,,,,
2026-09-12T18:16:03-05:00,PUR_IED_Sago_auditorio_dc9d1d,PUR_IED_Sago_auditorio_dc9d1d,,,,,
2026-09-12T18:16:03-05:00,PUR_IED_Saludcoop_Ext_95aac3,PUR_IED_Saludcoop_Ext_95aac3,,,,,
2026-09-12T18:16:03-05:00,PUR_IED_Saludcoop_InfI_90c854,PUR_IED_Saludcoop_InfI_90c854,,,,,
2026-09-12T18:16:03-05:00,PUR_IED_Saludcoop_SMedia_1b93be,PUR_IED_Saludcoop_SMedia_1b93be,,,,,
2026-09-12T18:16:03-05:00,PUR_IED_SanCarlos_1101_1a2360,PUR_IED_SanCarlos_1101_1a2360,,,,,
2026-09-12T18:16:03-05:00,PUR_IED_SanCarlos_1103_7bafb5,PUR_IED_SanCarlos_1103_7bafb5,,,,,
2026-09-12T18:16:03-05:00,PUR_IED_SanCarlos_Ext_b7cd1,PUR_IED_SanCarlos_Ext_b7cd1,,,,,
2026-09-12T18:16:03-05:00,PUR_IED_SanIgnacioBosa11a_50c26e,PUR_IED_SanIgnacioBosa11a_50c26e,,,,,
2026-09-12T18:16:03-05:00,PUR_IED_SanIgnacioBosa11b_371de8,PUR_IED_SanIgnacioBosa11b_371de8,,,,,
2026-09-12T18:16:03-05:00,PUR_IED_SanIgnacioBosaExt_ef0ffc,PUR_IED_SanIgnacioBosaExt_ef0ffc,,,,,
2026-09-12T18:16:03-05:00,PUR_IED_SanIgnacioBosa_11a_50c26e,PUR_IED_SanIgnacioBosa_11a_50c26e,,,,,
2026-09-12T18:16:03-05:00,PUR_IED_SanIgnacioBosa_Ext_ef0ffc,PUR_IED_SanIgnacioBosa_Ext_ef0ffc,,,,,
2026-09-12T18:16:03-05:00,PUR_IED_SanJoseN_intS1101_31c47f,PUR_IED_SanJoseN_intS1101_31c47f,,,,,
2026-09-12T18:16:03-05:00,PUR_IED_SanJoseUsm_Exter_f5d7e8,PUR_IED_SanJoseUsm_Exter_f5d7e8,,,,,
2026-09-12T18:16:03-05:00,PUR_IED_SanJoseUsm_Int11A_cfdef6,PUR_IED_SanJoseUsm_Int11A_cfdef6,,,,,
2026-09-12T18:16:03-05:00,PUR_IED_SilveriaR_IntB5_905349,PUR_IED_SilveriaR_IntB5_905349,,,,,
2026-09-12T18:16:03-05:00,PUR_IED_SilveriaR_IntSD14_981f93,PUR_IED_SilveriaR_IntSD14_981f93,,,,,
2026-09-12T18:16:03-05:00,PUR_IED_SilveriaR_ext_2b651d,PUR_IED_SilveriaR_ext_2b651d,,,,,
2026-09-12T18:16:03-05:00,PUR_IED_SimonB_Exterior_913975,PUR_IED_SimonB_Exterior_913975,,,,,
2026-09-12T18:16:03-05:00,PUR_IED_SimonB_LabQuimi_c56908,PUR_IED_SimonB_LabQuimi_c56908,,,,,
2026-09-12T18:16:03-05:00,PUR_IED_SimonB_informatic_a28c1,PUR_IED_SimonB_informatic_a28c1,,,,,
2026-09-12T18:16:03-05:00,PUR_IED_Sorrento_1102_315f50,PUR_IED_Sorrento_1102_315f50,,,,,
2026-09-12T18:16:03-05:00,PUR_IED_Sorrento_Minte_214eab,PUR_IED_Sorrento_Minte_214eab,,,,,
2026-09-12T18:16:03-05:00,PUR_IED_Sorrento_ext_7c3a0a,PUR_IED_Sorrento_ext_7c3a0a,,,,,
2026-09-12T18:16:03-05:00,PUR_IED_Tabora_Ext_f048ae,PUR_IED_Tabora_Ext_f048ae,,,,,
2026-09-12T18:16:03-05:00,PUR_IED_Tabora_S1102_b07752,PUR_IED_Tabora_S1102_b07752,,,,,
2026-09-12T18:16:03-05:00,PUR_IED_Tabora_S1103_d988f5,PUR_IED_Tabora_S1103_d988f5,,,,,
2026-09-12T18:16:03-05:00,PUR_IED_Tenerife_Ext_1ab188,PUR_IED_Tenerife_Ext_1ab188,,,,,
2026-09-12T18:16:03-05:00,PUR_IED_Tenerife_SDanzas_7bc02e,PUR_IED_Tenerife_SDanzas_7bc02e,,,,,
2026-09-12T18:16:03-05:00,PUR_IED_Tenerife_SIngles_7cc277,PUR_IED_Tenerife_SIngles_7cc277,,,,,
2026-09-12T18:16:03-05:00,PUR_IED_Tibabuyes_Exter_f2683d,PUR_IED_Tibabuyes_Exter_f2683d,,,,,
2026-09-12T18:16:03-05:00,PUR_IED_Tibabuyes_S10_dc87a8,PUR_IED_Tibabuyes_S10_dc87a8,,,,,
2026-09-12T18:16:03-05:00,PUR_IED_Tibabuyes_S15_dc0526,PUR_IED_Tibabuyes_S15_dc0526,,,,,
2026-09-12T18:16:03-05:00,PUR_IED_UnionE_S301_a1043,PUR_IED_UnionE_S301_a1043,,,,,
2026-09-12T18:16:03-05:00,PUR_IED_UnionE_S307_ff6c2f,PUR_IED_UnionE_S307_ff6c2f,,,,,
2026-09-12T18:16:03-05:00,PUR_IED_UnionE__Ext_5e2468,PUR_IED_UnionE__Ext_5e2468,,,,,
2026-09-12T18:16:03-05:00,PUR_IED_VillaRica_Ext_75be7c,PUR_IED_VillaRica_Ext_75be7c,,,,,
2026-09-12T18:16:03-05:00,PUR_IED_VillaRica_S4_cc5dcd,PUR_IED_VillaRica_S4_cc5dcd,,,,,
2026-09-12T18:16:03-05:00,PUR_IED_VillaRica_Sesp_99f5c,PUR_IED_VillaRica_Sesp_99f5c,,,,,
2026-09-12T18:21:05-05:00,PUR_IED_20deJulio_1101_91b1b9,PUR_IED_20deJulio_1101_91b1b9,,,,,
2026-09-12T18:21:05-05:00,PUR_IED_20deJulio_1102_1cfcf9,PUR_IED_20deJulio_1102_1cfcf9,,,,,
2026-09-12T18:21:05-05:00,PUR_IED_20deJulio_Ext_ab60bd,PUR_IED_20deJulio_Ext_ab60bd,,,,,
2026-09-12T18:21:05-05:00,PUR_IED_AgustinFer_Ext_7b9b77,PUR_IED_AgustinFer_Ext_7b9b77,,,,,
2026-09-12T18:21:05-05:00,PUR_IED_AgustinFer_Info2_27b3a7,PUR_IED_AgustinFer_Info2_27b3a7,,,,,
2026-09-12T18:21:05-05:00,PUR_IED_AgustinFer_Sena_54b4eb,PUR_IED_AgustinFer_Sena_54b4eb,,,,,
2026-09-12T18:21:05-05:00,PUR_IED_AlexanderF_1102_caf07b,PUR_IED_AlexanderF_1102_caf07b,,,,,
2026-09-12T18:21:05-05:00,PUR_IED_AlexanderF_1103_c79e71,PUR_IED_AlexanderF_1103_c79e71,,,,,
2026-09-12T18:21:05-05:00,PUR_IED_AlexanderF_Ext_c5b18b,PUR_IED_AlexanderF_Ext_c5b18b,,,,,
2026-09-12T18:21:05-05:00,PUR_IED_AlfonsoLopez_Ext_281d77,PUR_IED_AlfonsoLopez_Ext_281d77,,,,,
2026-09-12T18:21:05-05:00,PUR_IED_AlfonsoLopez_LabF_888ce0,PUR_IED_AlfonsoLopez_LabF_888ce0,,,,,
2026-09-12T18:21:05-05:00,PUR_IED_AlfonsoLopez_SMed_df6a7f,PUR_IED_AlfonsoLopez_SMed_df6a7f,,,,,
2026-09-12T18:21:05-05:00,PUR_IED_AltamiraSO_A2_209f92,PUR_IED_AltamiraSO_A2_209f92,,,,,
2026-09-12T18:21:05-05:00,PUR_IED_AltamiraSO_Ext_186d66,PUR_IED_AltamiraSO_Ext_186d66,,,,,
2026-09-12T18:21:05-05:00,PUR_IED_AltamiraSO_Sistem_27afe1,PUR_IED_AltamiraSO_Sistem_27afe1,,,,,
2026-09-12T18:21:05-05:00,PUR_IED_AlvaroGom_LabQuim_813179,PUR_IED_AlvaroGom_LabQuim_813179,,,,,
2026-09-12T18:21:05-05:00,PUR_IED_AlvaroGomez_Ext_47c7ca,PUR_IED_AlvaroGomez_Ext_47c7ca,,,,,
2026-09-12T18:21:05-05:00,PUR_IED_AlvaroGomez_LabQuim_813179,PUR_IED_AlvaroGomez_LabQuim_813179,,,,,
2026-09-12T18:21:05-05:00,PUR_IED_AlvaroGomez_S23_7ba89f,PUR_IED_AlvaroGomez_S23_7ba89f,,,,,
2026-09-12T18:21:05-05:00,PUR_IED_Amistad_306_dc8728,PUR_IED_Amistad_306_dc8728,,,,,
2026-09-12T18:21:05-05:00,PUR_IED_Amistad_Ext_8cd55e,PUR_IED_Amistad_Ext_8cd55e,,,,,
2026-09-12T18:21:05-05:00,PUR_IED_Amistad_S202_a41169,PUR_IED_Amistad_S202_a41169,,,,,
2026-09-12T18:21:05-05:00,PUR_IED_AndresBello_Bio_fd5f5e,PUR_IED_AndresBello_Bio_fd5f5e,,,,,
2026-09-12T18:21:05-05:00,PUR_IED_AndresBello_ext_dcad65,PUR_IED_AndresBello_ext_dcad65,,,,,
2026-09-12T18:21:05-05:00,PUR_IED_AndresBello_port_eed3ec,PUR_IED_AndresBello_port_eed3ec,,,,,
2026-09-12T18:21:05-05:00,PUR_IED_AngelaR_11b_d90a6b,PUR_IED_AngelaR_11b_d90a6b,,,,,
2026-09-12T18:21:05-05:00,PUR_IED_AngelaR_ext_7cad3e,PUR_IED_AngelaR_ext_7cad3e,6,19,63,4.5825,-74.164497
2026-09-12T18:21:05-05:00,PUR_IED_AntJoseSucre_10mo_df2575,PUR_IED_AntJoseSucre_10mo_df2575,,,,,
2026-09-12T18:21:05-05:00,PUR_IED_AntJoseSucre_Ext_215b36,PUR_IED_AntJoseSucre_Ext_215b36,,,,,
2026-09-12T18:21:05-05:00,PUR_IED_AntJoseSucre_Lab_3139de,PUR_IED_AntJoseSucre_Lab_3139de,,,,,
2026-09-12T18:21:05-05:00,PUR_IED_AntonioGarcia_301_d6b188,PUR_IED_AntonioGarcia_301_d6b188,,,,,
2026-09-12T18:21:05-05:00,PUR_IED_AntonioGarcia_302_88a82,PUR_IED_AntonioGarcia_302_88a82,,,,,
2026-09-12T18:21:05-05:00,PUR_IED_AntonioGarcia_Ext_20950c,PUR_IED_AntonioGarcia_Ext_20950c,,,,,
2026-09-12T18:21:05-05:00,PUR_IED_AntonioVan_Aula2_6dea02,PUR_IED_AntonioVan_Aula2_6dea02,,,,,
2026-09-12T18:21:05-05:00,PUR_IED_AntonioVan_Aula5_f1557e,PUR_IED_AntonioVan_Aula5_f1557e,,,,,
2026-09-12T18:21:05-05:00,PUR_IED_AntonioVan_Ext_406f2f,PUR_IED_AntonioVan_Ext_406f2f,,,,,
2026-09-12T18:21:05-05:00,PUR_IED_Atabanzha_Ext_cc5af9,PUR_IED_Atabanzha_Ext_cc5af9,,,,,
2026-09-12T18:21:05-05:00,PUR_IED_Atabanzha_SA101_56c37,PUR_IED_Atabanzha_SA101_56c37,,,,,
2026-09-12T18:21:05-05:00,PUR_IED_Atabanzha_SB302_27b374,PUR_IED_Atabanzha_SB302_27b374,,,,,
2026-09-12T18:21:05-05:00,PUR_IED_Atahualpa_Ext_fc1748,PUR_IED_Atahualpa_Ext_fc1748,,,,,
2026-09-12T18:21:05-05:00,PUR_IED_Atahualpa_Informa_dc9a95,PUR_IED_Atahualpa_Informa_dc9a95,,,,,
2026-09-12T18:21:05-05:00,PUR_IED_Atahualpa_S1101_f98056,PUR_IED_Atahualpa_S1101_f98056,,,,,
2026-09-12T18:21:05-05:00,PUR_IED_Bellavista_Ext_f5aa74,PUR_IED_Bellavista_Ext_f5aa74,,,,,
2026-09-12T18:21:05-05:00,PUR_IED_Bilbao_11A_916c41,PUR_IED_Bilbao_11A_916c41,,,,,
2026-09-12T18:21:05-05:00,PUR_IED_Bilbao_Ext_fb579a,PUR_IED_Bilbao_Ext_fb579a,,,,,
2026-09-12T18:21:05-05:00,PUR_IED_BrasiliaU_A125_304280,PUR_IED_BrasiliaU_A125_304280,,,,,
2026-09-12T18:21:05-05:00,PUR_IED_BrasiliaU_A203_7c8ca5,PUR_IED_BrasiliaU_A203_7c8ca5,,,,,
2026-09-12T18:21:05-05:00,PUR_IED_BrasiliaU_Ext_8d6e9f,PUR_IED_BrasiliaU_Ext_8d6e9f,5,19,59,4.5175,-74.116302
2026-09-12T18:21:05-05:00,PUR_IED_Brasilia_Ext_fe6593,PUR_IED_Brasilia_Ext_fe6593,,,,,
2026-09-12T18:21:05-05:00,PUR_IED_Brasilia_S24_7c130d,PUR_IED_Brasilia_S24_7c130d,,,,,
2026-09-12T18:21:05-05:00,PUR_IED_Brasilia_S501_186a54,PUR_IED_Brasilia_S501_186a54,,,,,
2026-09-12T18:21:05-05:00,PUR_IED_CHARRY_EXT_f1d5cd,PUR_IED_CHARRY_EXT_f1d5cd,,,,,
2026-09-12T18:21:05-05:00,PUR_IED_CHARRY_INTDANZAS_7a08e6,PUR_IED_CHARRY_INTDANZAS_7a08e6,,,,,
2026-09-12T18:21:05-05:00,PUR_IED_CHARRY_INT_AULA20_dc998d,PUR_IED_CHARRY_INT_AULA20_dc998d,,,,,
2026-09-12T18:21:05-05:00,PUR_IED_COLVIV_1101_S25_7f520a,PUR_IED_COLVIV_1101_S25_7f520a,,,,,
2026-09-12T18:21:05-05:00,PUR_IED_COLVIV_1102_S16_f570ba,PUR_IED_COLVIV_1102_S16_f570ba,,,,,
2026-09-12T18:21:05-05:00,PUR_IED_COLVIV_Ext_1a26fa,PUR_IED_COLVIV_Ext_1a26fa,,,,,
2026-09-12T18:21:05-05:00,PUR_IED_CULPOP_301A_f660f3,PUR_IED_CULPOP_301A_f660f3,,,,,
2026-09-12T18:21:05-05:00,PUR_IED_CULPOP_303_568afe,PUR_IED_CULPOP_303_568afe,,,,,
2026-09-12T18:21:05-05:00,PUR_IED_CULPOP_Ext_e02ccb,PUR_IED_CULPOP_Ext_e02ccb,,,,,
2026-09-12T18:21:05-05:00,PUR_IED_CVillavicen_Ext_26eb58,PUR_IED_CVillavicen_Ext_26eb58,5,16,77,4.487,-74.102798
2026-09-12T18:21:05-05:00,PUR_IED_CVillavicen_Intel_1ce5c2,PUR_IED_CVillavicen_Intel_1ce5c2,,,,,
2026-09-12T18:21:05-05:00,PUR_IED_CVillavicen_Poliv_e0766c,PUR_IED_CVillavicen_Poliv_e0766c,,,,,
2026-09-12T18:21:05-05:00,PUR_IED_CVillavicen_int_1ba140,PUR_IED_CVillavicen_int_1ba140,,,,,
2026-09-12T18:21:05-05:00,PUR_IED_CVillavicen_intel_1ba140,PUR_IED_CVillavicen_intel_1ba140,,,,,
2026-09-12T18:21:05-05:00,PUR_IED_CarlosPizarro_Ext_e307cc,PUR_IED_CarlosPizarro_Ext_e307cc,,,,,
2026-09-12T18:21:05-05:00,PUR_IED_CarlosPizarro_L36_7e5cdb,PUR_IED_CarlosPizarro_L36_7e5cdb,,,,,
2026-09-12T18:21:05-05:00,PUR_IED_CarlosPizarro_L37_c8566c,PUR_IED_CarlosPizarro_L37_c8566c,,,,,
2026-09-12T18:21:05-05:00,PUR_IED_Castilla_Ext_cf35f,PUR_IED_Castilla_Ext_cf35f,,,,,
2026-09-12T18:21:05-05:00,PUR_IED_Castilla_SFisik_360e38,PUR_IED_Castilla_SFisik_360e38,,,,,
2026-09-12T18:21:05-05:00,PUR_IED_Castilla_Sc304_496fbf,PUR_IED_Castilla_Sc304_496fbf,,,,,
2026-09-12T18:21:05-05:00,PUR_IED_CervantesSa_Ext_6b57b,PUR_IED_CervantesSa_Ext_6b57b,4,18,67,4.5128,-74.117203
2026-09-12T18:21:05-05:00,PUR_IED_CervantesSa_S107_225c2b,PUR_IED_CervantesSa_S107_225c2b,,,,,
2026-09-12T18:21:05-05:00,PUR_IED_CervantesSa_S108_940925,PUR_IED_CervantesSa_S108_940925,,,,,
2026-09-12T18:21:05-05:00,PUR_IED_Charry_A20_f53e7c,PUR_IED_Charry_A20_f53e7c,,,,,
2026-09-12T18:21:05-05:00,PUR_IED_Charry_Ext_f1d5cd,PUR_IED_Charry_Ext_f1d5cd,,,,,
2026-09-12T18:21:05-05:00,PUR_IED_Charry_IntAula20_dc998d,PUR_IED_Charry_IntAula20_dc998d,,,,,
2026-09-12T18:21:05-05:00,PUR_IED_Charry_IntDanzas_7a08e6,PUR_IED_Charry_IntDanzas_7a08e6,,,,,
2026-09-12T18:21:05-05:00,PUR_IED_ClememciaC_203_43e2fc,PUR_IED_ClememciaC_203_43e2fc,,,,,
2026-09-12T18:21:05-05:00,PUR_IED_ClememciaC_Ext_1b411a,PUR_IED_ClememciaC_Ext_1b411a,,,,,
2026-09-12T18:21:05-05:00,PUR_IED_ClememciaC_Quimic_44b5fc,PUR_IED_ClememciaC_Quimic_44b5fc,,,,,
2026-09-12T18:21:05-05:00,PUR_IED_ClemenciaC_203_43e2fc,PUR_IED_ClemenciaC_203_43e2fc,,,,,
2026-09-12T18:21:05-05:00,PUR_IED_ClemenciaC_Ext_1b411a,PUR_IED_ClemenciaC_Ext_1b411a,,,,,
2026-09-12T18:21:05-05:00,PUR_IED_ClemenciaC_Quimic_44b5fc,PUR_IED_ClemenciaC_Quimic_44b5fc,,,,,
2026-09-12T18:21:05-05:00,PUR_IED_ColViva_1101_S25_7f520a,PUR_IED_ColViva_1101_S25_7f520a,,,,,
2026-09-12T18:21:05-05:00,PUR_IED_ColViva_1102_S16_f570ba,PUR_IED_ColViva_1102_S16_f570ba,,,,,
2026-09-12T18:21:05-05:00,PUR_IED_ColViva_Ext_1a26fa,PUR_IED_ColViva_Ext_1a26fa,,,,,
2026-09-12T18:21:05-05:00,PUR_IED_ColegioBici_Asist_7c8798,PUR_IED_ColegioBici_Asist_7c8798,,,,,
2026-09-12T18:21:05-05:00,PUR_IED_ColegioBici_Ext_25cbf6,PUR_IED_ColegioBici_Ext_25cbf6,,,,,
2026-09-12T18:21:05-05:00,PUR_IED_ColegioBici_LabQ_7b57db,PUR_IED_ColegioBici_LabQ_7b57db,,,,,
2026-09-12T18:21:05-05:00,PUR_IED_CostaRica_Ext_5e640,PUR_IED_CostaRica_Ext_5e640,,,,,
2026-09-12T18:21:05-05:00,PUR_IED_CostaRica_Quim1_766d1c,PUR_IED_CostaRica_Quim1_766d1c,,,,,
2026-09-12T18:21:05-05:00,PUR_IED_CostaRica__Fisica_6f0873,PUR_IED_CostaRica__Fisica_6f0873,,,,,
2026-09-12T18:21:05-05:00,PUR_IED_CulPopu_301A_f660f3,PUR_IED_CulPopu_301A_f660f3,,,,,
2026-09-12T18:21:05-05:00,PUR_IED_CulPopu_303_568afe,PUR_IED_CulPopu_303_568afe,,,,,
2026-09-12T18:21:05-05:00,PUR_IED_CulPopu_Ext_e02ccb,PUR_IED_CulPopu_Ext_e02ccb,,,,,
2026-09-12T18:21:05-05:00,PUR_IED_Cundinamarca_Ext_f15985,PUR_IED_Cundinamarca_Ext_f15985,,,,,
2026-09-12T18:21:05-05:00,PUR_IED_Cundinamarca_Info_7aa5d7,PUR_IED_Cundinamarca_Info_7aa5d7,,,,,
2026-09-12T18:21:05-05:00,PUR_IED_Cundinamarca_Tec2_f449c7,PUR_IED_Cundinamarca_Tec2_f449c7,,,,,
2026-09-12T18:21:05-05:00,PUR_IED_DiegoM_Aula1_27b314,PUR_IED_DiegoM_Aula1_27b314,,,,,
2026-09-12T18:21:05-05:00,PUR_IED_DiegoM_Ext_d80ac8,PUR_IED_DiegoM_Ext_d80ac8,,,,,
2026-09-12T18:21:05-05:00,PUR_IED_DiegoM_S25_da928f,PUR_IED_DiegoM_S25_da928f,,,,,
2026-09-12T18:21:05-05:00,PUR_IED_ELRODEO_360881,PUR_IED_ELRODEO_360881,,,,,
2026-09-12T18:21:05-05:00,PUR_IED_ELRODEO_ext_360881,PUR_IED_ELRODEO_ext_360881,,,,,
2026-09-12T18:21:05-05:00,PUR_IED_EduardoU_Ext_1c1969,PUR_IED_EduardoU_Ext_1c1969,,,,,
2026-09-12T18:21:05-05:00,PUR_IED_EduardoU_SCiencia_4dfb94,PUR_IED_EduardoU_SCiencia_4dfb94,,,,,
2026-09-12T18:21:05-05:00,PUR_IED_EduardoU_SQuimica_5a46e7,PUR_IED_EduardoU_SQuimica_5a46e7,,,,,
2026-09-12T18:21:05-05:00,PUR_IED_ElRodeo_Aula14_676984,PUR_IED_ElRodeo_Aula14_676984,,,,,
2026-09-12T18:21:05-05:00,PUR_IED_ElRodeo_Aula16_2dd35b,PUR_IED_ElRodeo_Aula16_2dd35b,,,,,
2026-09-12T18:21:05-05:00,PUR_IED_ElRodeo_Ext_360881,PUR_IED_ElRodeo_Ext_360881,,,,,
2026-09-12T18:21:05-05:00,PUR_IED_ElRodeo_Exterior_8c6d28,PUR_IED_ElRodeo_Exterior_8c6d28,,,,,
2026-09-12T18:21:05-05:00,PUR_IED_ElRodeo_ext_360881,PUR_IED_ElRodeo_ext_360881,,,,,
2026-09-12T18:21:05-05:00,PUR_IED_EmmaReyes_Ext_987625,PUR_IED_EmmaReyes_Ext_987625,2,21,51,4.6367,-74.1511
2026-09-12T18:21:05-05:00,PUR_IED_Ensueño_Ext_7f0250,PUR_IED_Ensueño_Ext_7f0250,,,,,
2026-09-12T18:21:05-05:00,PUR_IED_EscNormal_Ext_5fef3b,PUR_IED_EscNormal_Ext_5fef3b,2,20,57,4.5852,-74.096901
2026-09-12T18:21:05-05:00,PUR_IED_EscNormal_S309_5b263,PUR_IED_EscNormal_S309_5b263,,,,,
2026-09-12T18:21:05-05:00,PUR_IED_EscNormal_S310_27b3b8,PUR_IED_EscNormal_S310_27b3b8,,,,,
2026-09-12T18:21:05-05:00,PUR_IED_Evangelista_Conta_f6cd4f,PUR_IED_Evangelista_Conta_f6cd4f,,,,,
2026-09-12T18:21:05-05:00,PUR_IED_Evangelista_Cri_5e16a,PUR_IED_Evangelista_Cri_5e16a,,,,,
2026-09-12T18:21:05-05:00,PUR_IED_Evangelista_Exter_754066,PUR_IED_Evangelista_Exter_754066,,,,,
2026-09-12T18:21:05-05:00,PUR_IED_FMiranda_S209_5cc2a3,PUR_IED_FMiranda_S209_5cc2a3,,,,,
2026-09-12T18:21:05-05:00,PUR_IED_FMiranda_S303_19e344,PUR_IED_FMiranda_S303_19e344,,,,,
2026-09-12T18:21:05-05:00,PUR_IED_FMiranda_ext_f53e7c,PUR_IED_FMiranda_ext_f53e7c,,,,,
2026-09-12T18:21:05-05:00,PUR_IED_FabioLozano_Bibli_1cee05,PUR_IED_FabioLozano_Bibli_1cee05,,,,,
2026-09-12T18:21:05-05:00,PUR_IED_FabioLozano_Ext_6ea285,PUR_IED_FabioLozano_Ext_6ea285,,,,,
2026-09-12T18:21:05-05:00,PUR_IED_FabioLozano_SLudi_f09e1e,PUR_IED_FabioLozano_SLudi_f09e1e,,,,,
2026-09-12T18:21:05-05:00,PUR_IED_FaustinoS_Aula07_27a731,PUR_IED_FaustinoS_Aula07_27a731,,,,,
2026-09-12T18:21:05-05:00,PUR_IED_FaustinoS_Ext_7b936f,PUR_IED_FaustinoS_Ext_7b936f,,,,,
2026-09-12T18:21:05-05:00,PUR_IED_FaustinoS_Fisica_da2c60,PUR_IED_FaustinoS_Fisica_da2c60,,,,,
2026-09-12T18:21:05-05:00,PUR_IED_FeGarciaLo_Ext_dc68ee,PUR_IED_FeGarciaLo_Ext_dc68ee,,,,,
2026-09-12T18:21:05-05:00,PUR_IED_FeGarciaLo_SDanza_f70a59,PUR_IED_FeGarciaLo_SDanza_f70a59,,,,,
2026-09-12T18:21:05-05:00,PUR_IED_FeGarciaLo_SMusic_125cdd,PUR_IED_FeGarciaLo_SMusic_125cdd,,,,,
2026-09-12T18:21:05-05:00,PUR_IED_FederalAlema_Exte_50c345,PUR_IED_FederalAlema_Exte_50c345,,,,,
2026-09-12T18:21:05-05:00,PUR_IED_FederalAlema_S31_f18371,PUR_IED_FederalAlema_S31_f18371,,,,,
2026-09-12T18:21:05-05:00,PUR_IED_FederalAlema_S901_a62cd,PUR_IED_FederalAlema_S901_a62cd,,,,,
2026-09-12T18:21:05-05:00,PUR_IED_FilarmonicaS_A5_f35eb1,PUR_IED_FilarmonicaS_A5_f35eb1,,,,,
2026-09-12T18:21:05-05:00,PUR_IED_FilarmonicaS_Ext_8a3bde,PUR_IED_FilarmonicaS_Ext_8a3bde,,,,,
2026-09-12T18:21:05-05:00,PUR_IED_FilarmonicaS_Spol_406114,PUR_IED_FilarmonicaS_Spol_406114,,,,,
2026-09-12T18:21:05-05:00,PUR_IED_FlorentinoG_A13_d1fa59,PUR_IED_FlorentinoG_A13_d1fa59,,,,,
2026-09-12T18:21:05-05:00,PUR_IED_FlorentinoG_Ext_1ce6ce,PUR_IED_FlorentinoG_Ext_1ce6ce,,,,,
2026-09-12T18:21:05-05:00,PUR_IED_FlorentinoG_Idiom_a66aac,PUR_IED_FlorentinoG_Idiom_a66aac,,,,,
2026-09-12T18:21:05-05:00,PUR_IED_FranciscoMati_Ext_e3869d,PUR_IED_FranciscoMati_Ext_e3869d,,,,,
2026-09-12T18:21:05-05:00,PUR_IED_FranciscoMati_S13_f31c67,PUR_IED_FranciscoMati_S13_f31c67,,,,,
2026-09-12T18:21:05-05:00,PUR_IED_FranciscoMati_S14_97dead,PUR_IED_FranciscoMati_S14_97dead,,,,,
2026-09-12T18:21:05-05:00,PUR_IED_FranciscoPS_Ext_7bfa9a,PUR_IED_FranciscoPS_Ext_7bfa9a,2,21,57,4.5899,-74.110397
2026-09-12T18:21:05-05:00,PUR_IED_FranciscoPS_Infor_fb8f4c,PUR_IED_FranciscoPS_Infor_fb8f4c,,,,,
2026-09-12T18:21:05-05:00,PUR_IED_FranciscoPS_Quimi_94d39c,PUR_IED_FranciscoPS_Quimi_94d39c,,,,,
2026-09-12T18:21:05-05:00,PUR_IED_FranciscoP_LabQ_d7e148,PUR_IED_FranciscoP_LabQ_d7e148,,,,,
2026-09-12T18:21:05-05:00,PUR_IED_FranciscoP_S28_cf9b30,PUR_IED_FranciscoP_S28_cf9b30,,,,,
2026-09-12T18:21:05-05:00,PUR_IED_FranciscoP_ext_e2313,PUR_IED_FranciscoP_ext_e2313,,,,,
2026-09-12T18:21:05-05:00,PUR_IED_FriederichN_Ext_8ac92a,PUR_IED_FriederichN_Ext_8ac92a,,,,,
2026-09-12T18:21:05-05:00,PUR_IED_FriederichN_S301_dd7e5a,PUR_IED_FriederichN_S301_dd7e5a,,,,,
2026-09-12T18:21:05-05:00,PUR_IED_FriederichN_S308_761f4f,PUR_IED_FriederichN_S308_761f4f,,,,,
2026-09-12T18:21:05-05:00,PUR_IED_GSantander_Aula10_533dd7,PUR_IED_GSantander_Aula10_533dd7,,,,,
2026-09-12T18:21:05-05:00,PUR_IED_GSantander_Aula12_fd4e4f,PUR_IED_GSantander_Aula12_fd4e4f,,,,,
2026-09-12T18:21:05-05:00,PUR_IED_GSantander_Aula310_533dd7,PUR_IED_GSantander_Aula310_533dd7,,,,,
2026-09-12T18:21:05-05:00,PUR_IED_GSantander_Aula312_fd4e4f,PUR_IED_GSantander_Aula312_fd4e4f,,,,,
2026-09-12T18:21:05-05:00,PUR_IED_GSantander_Ext_5f66b0,PUR_IED_GSantander_Ext_5f66b0,,,,,
2026-09-12T18:21:05-05:00,PUR_IED_GYomasa_Ext_f6bea5,PUR_IED_GYomasa_Ext_f6bea5,,,,,
2026-09-12T18:21:05-05:00,PUR_IED_GYomasa_LBiol_2c41aa,PUR_IED_GYomasa_LBiol_2c41aa,,,,,
2026-09-12T18:21:05-05:00,PUR_IED_GYomasa_LQuim_33c80,PUR_IED_GYomasa_LQuim_33c80,,,,,
2026-09-12T18:21:05-05:00,PUR_IED_GabBetMejia_Cienc_5a99c,PUR_IED_GabBetMejia_Cienc_5a99c,,,,,
2026-09-12T18:21:05-05:00,PUR_IED_GabBetMejia_Ext_9153d0,PUR_IED_GabBetMejia_Ext_9153d0,,,,,
2026-09-12T18:21:05-05:00,PUR_IED_GabBetMejia_Lab_f55347,PUR_IED_GabBetMejia_Lab_f55347,,,,,
2026-09-12T18:21:05-05:00,PUR_IED_GabBetanMejia_Ext_9153d0,PUR_IED_GabBetanMejia_Ext_9153d0,,,,,
2026-09-12T18:21:05-05:00,PUR_IED_Gaitana_Aula13_7aac11,PUR_IED_Gaitana_Aula13_7aac11,,,,,
2026-09-12T18:21:05-05:00,PUR_IED_Gaitana_Ext_5fcf4,PUR_IED_Gaitana_Ext_5fcf4,,,,,
2026-09-12T18:21:05-05:00,PUR_IED_Gaitana_LabFisica_644448,PUR_IED_Gaitana_LabFisica_644448,,,,,
2026-09-12T18:21:05-05:00,PUR_IED_GenSantander_Dise_8ac858,PUR_IED_GenSantander_Dise_8ac858,,,,,
2026-09-12T18:21:05-05:00,PUR_IED_GenSantander_Ext_8d5dfe,PUR_IED_GenSantander_Ext_8d5dfe,,,,,
2026-09-12T18:21:05-05:00,PUR_IED_GenSantander_Info_6c25b,PUR_IED_GenSantander_Info_6c25b,,,,,
2026-09-12T18:21:05-05:00,PUR_IED_GustavoMo_Exterio_75e63d,PUR_IED_GustavoMo_Exterio_75e63d,,,,,
2026-09-12T18:21:05-05:00,PUR_IED_GustavoMo_LabFisi_224d37,PUR_IED_GustavoMo_LabFisi_224d37,,,,,
2026-09-12T18:21:05-05:00,PUR_IED_GustavoMo_S208_3e6918,PUR_IED_GustavoMo_S208_3e6918,,,,,
2026-09-12T18:21:05-05:00,PUR_IED_GustavoR_A02_8cd4a8,PUR_IED_GustavoR_A02_8cd4a8,,,,,
2026-09-12T18:21:05-05:00,PUR_IED_GustavoR_B11_5b0ed,PUR_IED_GustavoR_B11_5b0ed,,,,,
2026-09-12T18:21:05-05:00,PUR_IED_GustavoR_Ext_7a0c90,PUR_IED_GustavoR_Ext_7a0c90,,,,,
2026-09-12T18:21:05-05:00,PUR_IED_HernandoDuran_Ext_8cd82b,PUR_IED_HernandoDuran_Ext_8cd82b,,,,,
2026-09-12T18:21:05-05:00,PUR_IED_HernandoDuran_S24_2772c6,PUR_IED_HernandoDuran_S24_2772c6,,,,,
2026-09-12T18:21:05-05:00,PUR_IED_HernandoDuran_S30_f2de41,PUR_IED_HernandoDuran_S30_f2de41,,,,,
2026-09-12T18:21:05-05:00,PUR_IED_HolguInUr_S1101_8cd732,PUR_IED_HolguInUr_S1101_8cd732,,,,,
2026-09-12T18:21:05-05:00,PUR_IED_HolguinUr_Exter_ddae6d,PUR_IED_HolguinUr_Exter_ddae6d,,,,,
2026-09-12T18:21:05-05:00,PUR_IED_HolguinUr_LabQuim_92b952,PUR_IED_HolguinUr_LabQuim_92b952,,,,,
2026-09-12T18:21:05-05:00,PUR_IED_Isabel-II_Ext_5245cc,PUR_IED_Isabel-II_Ext_5245cc,2,19,57,4.6336,-74.153
2026-09-12T18:21:05-05:00,PUR_IED_Isabel-II_S_idiom_1c29aa,PUR_IED_Isabel-II_S_idiom_1c29aa,,,,,
2026-09-12T18:21:05-05:00,PUR_IED_Isabel-II_S_infor_fd741,PUR_IED_Isabel-II_S_infor_fd741,,,,,
2026-09-12T18:21:05-05:00,PUR_IED_IsidroSur_Exterio_5b90ea,PUR_IED_IsidroSur_Exterio_5b90ea,,,,,
2026-09-12T18:21:05-05:00,PUR_IED_IsidroSur_LabTec_56697a,PUR_IED_IsidroSur_LabTec_56697a,,,,,
2026-09-12T18:21:05-05:00,PUR_IED_IsidroSur_Robotic_b7c38f,PUR_IED_IsidroSur_Robotic_b7c38f,,,,,
2026-09-12T18:21:05-05:00,PUR_IED_IsmaelPerd_Ext_7b6672,PUR_IED_IsmaelPerd_Ext_7b6672,,,,,
2026-09-12T18:21:05-05:00,PUR_IED_IsmaelPerd_Inform_306540,PUR_IED_IsmaelPerd_Inform_306540,,,,,
2026-09-12T18:21:05-05:00,PUR_IED_IsmaelPerd_S30_2e2c83,PUR_IED_IsmaelPerd_S30_2e2c83,,,,,
2026-09-12T18:21:05-05:00,PUR_IED_JLozano_Exter_432910,PUR_IED_JLozano_Exter_432910,,,,,
2026-09-12T18:21:05-05:00,PUR_IED_JLozano_salaMulti_df5125,PUR_IED_JLozano_salaMulti_df5125,,,,,
2026-09-12T18:21:05-05:00,PUR_IED_JMCordoba_206_86f80b,PUR_IED_JMCordoba_206_86f80b,,,,,
2026-09-12T18:21:05-05:00,PUR_IED_JMCordoba_Ext_27ad97,PUR_IED_JMCordoba_Ext_27ad97,,,,,
2026-09-12T18:21:05-05:00,PUR_IED_JMCordoba_S310_d59ab4,PUR_IED_JMCordoba_S310_d59ab4,,,,,
2026-09-12T18:21:05-05:00,PUR_IED_Japon_Ext_549100,PUR_IED_Japon_Ext_549100,,,,,
2026-09-12T18:21:05-05:00,PUR_IED_Japon_Laboratorio_bec51d,PUR_IED_Japon_Laboratorio_bec51d,,,,,
2026-09-12T18:21:05-05:00,PUR_IED_Japon_informatica_d99327,PUR_IED_Japon_informatica_d99327,,,,,
2026-09-12T18:21:05-05:00,PUR_IED_Jazmin_Ext_d27bda,PUR_IED_Jazmin_Ext_d27bda,,,,,
2026-09-12T18:21:05-05:00,PUR_IED_Jazmin_Fisica_8d14d7,PUR_IED_Jazmin_Fisica_8d14d7,,,,,
2026-09-12T18:21:05-05:00,PUR_IED_Jazmin_Quimica_801cb5,PUR_IED_Jazmin_Quimica_801cb5,,,,,
2026-09-12T18:21:05-05:00,PUR_IED_JorgeGaitan_Exter_f098d1,PUR_IED_JorgeGaitan_Exter_f098d1,,,,,
2026-09-12T18:21:05-05:00,PUR_IED_JorgeGaitan_STec1_dc9d1d,PUR_IED_JorgeGaitan_STec1_dc9d1d,,,,,
2026-09-12T18:21:05-05:00,PUR_IED_JorgeGaitan_STec2_281e69,PUR_IED_JorgeGaitan_STec2_281e69,,,,,
2026-09-12T18:21:05-05:00,PUR_IED_JorgeSoto_Exterio_d9d0a2,PUR_IED_JorgeSoto_Exterio_d9d0a2,,,,,
2026-09-12T18:21:05-05:00,PUR_IED_JorgeSoto_LabFisi_209c54,PUR_IED_JorgeSoto_LabFisi_209c54,,,,,
2026-09-12T18:21:05-05:00,PUR_IED_JorgeSoto_S103_27b51a,PUR_IED_JorgeSoto_S103_27b51a,,,,,
2026-09-12T18:21:05-05:00,PUR_IED_JoseAcevedo_A02_e965eb,PUR_IED_JoseAcevedo_A02_e965eb,,,,,
2026-09-12T18:21:05-05:00,PUR_IED_JoseAcevedo_A07_dd5b4,PUR_IED_JoseAcevedo_A07_dd5b4,,,,,
2026-09-12T18:21:05-05:00,PUR_IED_JoseAcevedo_Ext_b47484,PUR_IED_JoseAcevedo_Ext_b47484,,,,,
2026-09-12T18:21:05-05:00,PUR_IED_JoseMarti_Exte_5b9bf,PUR_IED_JoseMarti_Exte_5b9bf,,,,,
2026-09-12T18:21:05-05:00,PUR_IED_JoseMarti_LabQuim_1c6c2d,PUR_IED_JoseMarti_LabQuim_1c6c2d,,,,,
2026-09-12T18:21:05-05:00,PUR_IED_JoseMarti_S_info_f5f177,PUR_IED_JoseMarti_S_info_f5f177,,,,,
2026-09-12T18:21:05-05:00,PUR_IED_Josejoaquin_Ext_dfc5dc,PUR_IED_Josejoaquin_Ext_dfc5dc,,,,,
2026-09-12T18:21:05-05:00,PUR_IED_Josejoaquin_S05_5b2a96,PUR_IED_Josejoaquin_S05_5b2a96,,,,,
2026-09-12T18:21:05-05:00,PUR_IED_Josejoaquin_S06_1ce7d2,PUR_IED_Josejoaquin_S06_1ce7d2,,,,,
2026-09-12T18:21:05-05:00,PUR_IED_JulioFlorez_Danza_9b82dd,PUR_IED_JulioFlorez_Danza_9b82dd,,,,,
2026-09-12T18:21:05-05:00,PUR_IED_JulioFlorez_Exter_f9f314,PUR_IED_JulioFlorez_Exter_f9f314,,,,,
2026-09-12T18:21:05-05:00,PUR_IED_JulioFlorez_info2_6b6e08,PUR_IED_JulioFlorez_info2_6b6e08,,,,,
2026-09-12T18:21:05-05:00,PUR_IED_LaBelleza_Aula13_1d00d8,PUR_IED_LaBelleza_Aula13_1d00d8,,,,,
2026-09-12T18:21:05-05:00,PUR_IED_LaBelleza_Ext_7bc08c,PUR_IED_LaBelleza_Ext_7bc08c,,,,,
2026-09-12T18:21:05-05:00,PUR_IED_LaChucua_Ext_8cd6d2,PUR_IED_LaChucua_Ext_8cd6d2,,,,,
2026-09-12T18:21:05-05:00,PUR_IED_LaChucua_S15_f578ce,PUR_IED_LaChucua_S15_f578ce,,,,,
2026-09-12T18:21:05-05:00,PUR_IED_LaChucua_S16_eebcf9,PUR_IED_LaChucua_S16_eebcf9,,,,,
2026-09-12T18:21:05-05:00,PUR_IED_LaFelicidad_Ext_fb5109,PUR_IED_LaFelicidad_Ext_fb5109,,,,,
2026-09-12T18:21:05-05:00,PUR_IED_LaMerced_206_66ebd,PUR_IED_LaMerced_206_66ebd,,,,,
2026-09-12T18:21:05-05:00,PUR_IED_LaMerced_207_6ebd6,PUR_IED_LaMerced_207_6ebd6,,,,,
2026-09-12T18:21:05-05:00,PUR_IED_LaMerced_ext_304311,PUR_IED_LaMerced_ext_304311,,,,,
2026-09-12T18:21:05-05:00,PUR_IED_Laureano_CiencNat_281e5e,PUR_IED_Laureano_CiencNat_281e5e,,,,,
2026-09-12T18:21:05-05:00,PUR_IED_Laureano_Comedor_f65c0a,PUR_IED_Laureano_Comedor_f65c0a,,,,,
2026-09-12T18:21:05-05:00,PUR_IED_Laureano_Exterior_7ab011,PUR_IED_Laureano_Exterior_7ab011,,,,,
2026-09-12T18:21:05-05:00,PUR_IED_LeonGreiff_Exte_dfe560,PUR_IED_LeonGreiff_Exte_dfe560,,,,,
2026-09-12T18:21:05-05:00,PUR_IED_LeonGreiff_S210_f264ed,PUR_IED_LeonGreiff_S210_f264ed,,,,,
2026-09-12T18:21:05-05:00,PUR_IED_LeonGreiff_SQuimi_e8296f,PUR_IED_LeonGreiff_SQuimi_e8296f,,,,,
2026-09-12T18:21:05-05:00,PUR_IED_LlanoOrientalS208_7b9fcd,PUR_IED_LlanoOrientalS208_7b9fcd,,,,,
2026-09-12T18:21:05-05:00,PUR_IED_LlanoOriental_Ext_fb3766,PUR_IED_LlanoOriental_Ext_fb3766,,,,,
2026-09-12T18:21:05-05:00,PUR_IED_LlanoOriental_S208_7b9fcd,PUR_IED_LlanoOriental_S208_7b9fcd,,,,,
2026-09-12T18:21:05-05:00,PUR_IED_LlanoOriental_S9_27b378,PUR_IED_LlanoOriental_S9_27b378,,,,,
2026-09-12T18:21:05-05:00,PUR_IED_LosTejares_1101_477602,PUR_IED_LosTejares_1101_477602,,,,,
2026-09-12T18:21:05-05:00,PUR_IED_LosTejares_11_d2c595,PUR_IED_LosTejares_11_d2c595,,,,,
2026-09-12T18:21:05-05:00,PUR_IED_LosTejares_12_477602,PUR_IED_LosTejares_12_477602,,,,,
2026-09-12T18:21:05-05:00,PUR_IED_LosTejares_Ext_8e2115,PUR_IED_LosTejares_Ext_8e2115,,,,,
2026-09-12T18:21:05-05:00,PUR_IED_MagdalenaO_B202_5ddda3,PUR_IED_MagdalenaO_B202_5ddda3,,,,,
2026-09-12T18:21:05-05:00,PUR_IED_MagdalenaO_B205_fb76e8,PUR_IED_MagdalenaO_B205_fb76e8,,,,,
2026-09-12T18:21:05-05:00,PUR_IED_MagdalenaO_ext_dc69cd,PUR_IED_MagdalenaO_ext_dc69cd,,,,,
2026-09-12T18:21:05-05:00,PUR_IED_ManueCepeda_artes_eee956,PUR_IED_ManueCepeda_artes_eee956,,,,,
2026-09-12T18:21:05-05:00,PUR_IED_ManuelCepeda_Ext_58313,PUR_IED_ManuelCepeda_Ext_58313,,,,,
2026-09-12T18:21:05-05:00,PUR_IED_ManuelCepeda_tec_1c5731,PUR_IED_ManuelCepeda_tec_1c5731,,,,,
2026-09-12T18:21:05-05:00,PUR_IED_ManuelS_Exterior_5b269,PUR_IED_ManuelS_Exterior_5b269,,,,,
2026-09-12T18:21:05-05:00,PUR_IED_ManuelS_Inform_f369ce,PUR_IED_ManuelS_Inform_f369ce,,,,,
2026-09-12T18:21:05-05:00,PUR_IED_ManuelS_SArtes_7d15f1,PUR_IED_ManuelS_SArtes_7d15f1,,,,,
2026-09-12T18:21:05-05:00,PUR_IED_ManuelZapata_303_3ca6,PUR_IED_ManuelZapata_303_3ca6,,,,,
2026-09-12T18:21:05-05:00,PUR_IED_ManuelZapata_311_bfbabc,PUR_IED_ManuelZapata_311_bfbabc,,,,,
2026-09-12T18:21:05-05:00,PUR_IED_ManuelZapata_Ext_50824a,PUR_IED_ManuelZapata_Ext_50824a,,,,,
2026-09-12T18:21:05-05:00,PUR_IED_ManuelitaS_Exteri_656a92,PUR_IED_ManuelitaS_Exteri_656a92,,,,,
2026-09-12T18:21:05-05:00,PUR_IED_ManuelitaS_JuzgDe_f58ec3,PUR_IED_ManuelitaS_JuzgDe_f58ec3,,,,,
2026-09-12T18:21:05-05:00,PUR_IED_ManuelitaS_Recrea_d793db,PUR_IED_ManuelitaS_Recrea_d793db,,,,,
2026-09-12T18:21:05-05:00,PUR_IED_MarFidSuarez_Ext_c27b19,PUR_IED_MarFidSuarez_Ext_c27b19,,,,,
2026-09-12T18:21:05-05:00,PUR_IED_MarFidSuarez_Info_e384d7,PUR_IED_MarFidSuarez_Info_e384d7,,,,,
2026-09-12T18:21:05-05:00,PUR_IED_MarFidSuarez_S306_1d0032,PUR_IED_MarFidSuarez_S306_1d0032,,,,,
2026-09-12T18:21:05-05:00,PUR_IED_Menorah_301_2a25a3,PUR_IED_Menorah_301_2a25a3,,,,,
2026-09-12T18:21:05-05:00,PUR_IED_Menorah_306_37ed3,PUR_IED_Menorah_306_37ed3,,,,,
2026-09-12T18:21:05-05:00,PUR_IED_Menorah_Ext_3e155b,PUR_IED_Menorah_Ext_3e155b,,,,,
2026-09-12T18:21:05-05:00,PUR_IED_MinutoB.Aires_A11_1b1604,PUR_IED_MinutoB.Aires_A11_1b1604,,,,,
2026-09-12T18:21:05-05:00,PUR_IED_MinutoB.Aires_A12_fb5860,PUR_IED_MinutoB.Aires_A12_fb5860,,,,,
2026-09-12T18:21:05-05:00,PUR_IED_MinutoB.Aires_Ext_81293f,PUR_IED_MinutoB.Aires_Ext_81293f,,,,,
2026-09-12T18:21:05-05:00,PUR_IED_MinutoBAires_A11_1b1604,PUR_IED_MinutoBAires_A11_1b1604,,,,,
2026-09-12T18:21:05-05:00,PUR_IED_MinutoBAires_A12_fb5860,PUR_IED_MinutoBAires_A12_fb5860,,,,,
2026-09-12T18:21:05-05:00,PUR_IED_MinutoBAires_Ext_81293f,PUR_IED_MinutoBAires_Ext_81293f,,,,,
2026-09-12T18:21:05-05:00,PUR_IED_Montreal_Aula10_1e4959,PUR_IED_Montreal_Aula10_1e4959,,,,,
2026-09-12T18:21:05-05:00,PUR_IED_Montreal_Aula6_300367,PUR_IED_Montreal_Aula6_300367,,,,,
2026-09-12T18:21:05-05:00,PUR_IED_Montreal_Exterior_91a179,PUR_IED_Montreal_Exterior_91a179,,,,,
2026-09-12T18:21:05-05:00,PUR_IED_Mqgdalena_B202_5ddda3,PUR_IED_Mqgdalena_B202_5ddda3,,,,,
2026-09-12T18:21:05-05:00,PUR_IED_NACUND_Soc_dc8728,PUR_IED_NACUND_Soc_dc8728,,,,,
2026-09-12T18:21:05-05:00,PUR_IED_NACUND_ext_27ad97,PUR_IED_NACUND_ext_27ad97,,,,,
2026-09-12T18:21:05-05:00,PUR_IED_NEsperanza_Ext_d24b61,PUR_IED_NEsperanza_Ext_d24b61,,,,,
2026-09-12T18:21:05-05:00,PUR_IED_NEsperanza_SElect_7d1807,PUR_IED_NEsperanza_SElect_7d1807,,,,,
2026-09-12T18:21:05-05:00,PUR_IED_NEsperanza_SLabor_8b2d0a,PUR_IED_NEsperanza_SLabor_8b2d0a,,,,,
2026-09-12T18:21:05-05:00,PUR_IED_NacionesU_Ext_f661a9,PUR_IED_NacionesU_Ext_f661a9,,,,,
2026-09-12T18:21:05-05:00,PUR_IED_NacionesU_Quimica_66f0a,PUR_IED_NacionesU_Quimica_66f0a,,,,,
2026-09-12T18:21:05-05:00,PUR_IED_NacionesU_S306_1b4b3d,PUR_IED_NacionesU_S306_1b4b3d,,,,,
2026-09-12T18:21:05-05:00,PUR_IED_NestorFA_Ext_e4201c,PUR_IED_NestorFA_Ext_e4201c,,,,,
2026-09-12T18:21:05-05:00,PUR_IED_NestorFA_Laborato_f22fe0,PUR_IED_NestorFA_Laborato_f22fe0,,,,,
2026-09-12T18:21:05-05:00,PUR_IED_NestorFA_S204_dee996,PUR_IED_NestorFA_S204_dee996,,,,,
2026-09-12T18:21:05-05:00,PUR_IED_NidyaQT_Aula03_76999b,PUR_IED_NidyaQT_Aula03_76999b,,,,,
2026-09-12T18:21:05-05:00,PUR_IED_NidyaQT_Aula10_56325,PUR_IED_NidyaQT_Aula10_56325,,,,,
2026-09-12T18:21:05-05:00,PUR_IED_NidyaQT_Ext_46e32d,PUR_IED_NidyaQT_Ext_46e32d,,,,,
2026-09-12T18:21:05-05:00,PUR_IED_NuevaCol_Exterior_d9b859,PUR_IED_NuevaCol_Exterior_d9b859,,,,,
2026-09-12T18:21:05-05:00,PUR_IED_NuevaCol_S1101_76c43b,PUR_IED_NuevaCol_S1101_76c43b,,,,,
2026-09-12T18:21:05-05:00,PUR_IED_NuevaCol_S1102_1ce0b5,PUR_IED_NuevaCol_S1102_1ce0b5,,,,,
2026-09-12T18:21:05-05:00,PUR_IED_OEA_A202_f7e3f2,PUR_IED_OEA_A202_f7e3f2,,,,,
2026-09-12T18:21:05-05:00,PUR_IED_OEA_A203_7d1b8d,PUR_IED_OEA_A203_7d1b8d,,,,,
2026-09-12T18:21:05-05:00,PUR_IED_OEA_Ext_27b593,PUR_IED_OEA_Ext_27b593,,,,,
2026-09-12T18:21:05-05:00,PUR_IED_Ochoa_Ext_1c29da,PUR_IED_Ochoa_Ext_1c29da,,,,,
2026-09-12T18:21:05-05:00,PUR_IED_Ochoa_S205_8b1121,PUR_IED_Ochoa_S205_8b1121,,,,,
2026-09-12T18:21:05-05:00,PUR_IED_Ochoa_Sistemas_f33af6,PUR_IED_Ochoa_Sistemas_f33af6,,,,,
2026-09-12T18:21:05-05:00,PUR_IED_PQuebec_Ext_1c67c7,PUR_IED_PQuebec_Ext_1c67c7,,,,,
2026-09-12T18:21:05-05:00,PUR_IED_PQuebec_S15_23e8e2,PUR_IED_PQuebec_S15_23e8e2,,,,,
2026-09-12T18:21:05-05:00,PUR_IED_PQuebec_S16_8ec76b,PUR_IED_PQuebec_S16_8ec76b,,,,,
2026-09-12T18:21:05-05:00,PUR_IED_PabloN_Ext_49dc96,PUR_IED_PabloN_Ext_49dc96,,,,,
2026-09-12T18:21:05-05:00,PUR_IED_PabloN_S1102_4e3df5,PUR_IED_PabloN_S1102_4e3df5,,,,,
2026-09-12T18:21:05-05:00,PUR_IED_PabloN_S1103_50c94b,PUR_IED_PabloN_S1103_50c94b,,,,,
2026-09-12T18:21:05-05:00,PUR_IED_Palestina_S1101_db9198,PUR_IED_Palestina_S1101_db9198,,,,,
2026-09-12T18:21:05-05:00,PUR_IED_Palestina_S1102_dc54fa,PUR_IED_Palestina_S1102_dc54fa,,,,,
2026-09-12T18:21:05-05:00,PUR_IED_Palestina_ext_4ccce6,PUR_IED_Palestina_ext_4ccce6,,,,,
2026-09-12T18:21:05-05:00,PUR_IED_Panama_Fisica_4d0794,PUR_IED_Panama_Fisica_4d0794,,,,,
2026-09-12T18:21:05-05:00,PUR_IED_Panama_SIngles_a4077e,PUR_IED_Panama_SIngles_a4077e,,,,,
2026-09-12T18:21:05-05:00,PUR_IED_Panama_ext_4c54b4,PUR_IED_Panama_ext_4c54b4,,,,,
2026-09-12T18:21:05-05:00,PUR_IED_ParaisoM_Exterior_8cd7f0,PUR_IED_ParaisoM_Exterior_8cd7f0,,,,,
2026-09-12T18:21:05-05:00,PUR_IED_ParaisoM_Laborato_27af35,PUR_IED_ParaisoM_Laborato_27af35,,,,,
2026-09-12T18:21:05-05:00,PUR_IED_ParaisoM_S304_d1edca,PUR_IED_ParaisoM_S304_d1edca,,,,,
2026-09-12T18:21:05-05:00,PUR_IED_PorfirioBarba_Ext_301466,PUR_IED_PorfirioBarba_Ext_301466,,,,,
2026-09-12T18:21:05-05:00,PUR_IED_PorfirioBarba_S11_df6cd2,PUR_IED_PorfirioBarba_S11_df6cd2,,,,,
2026-09-12T18:21:05-05:00,PUR_IED_PorfirioBarba_S29_27a7d6,PUR_IED_PorfirioBarba_S29_27a7d6,,,,,
2026-09-12T18:21:05-05:00,PUR_IED_PradoV_Exter_8b27ad,PUR_IED_PradoV_Exter_8b27ad,,,,,
2026-09-12T18:21:05-05:00,PUR_IED_PradoV_S301_de65b5,PUR_IED_PradoV_S301_de65b5,,,,,
2026-09-12T18:21:05-05:00,PUR_IED_PradoV_S302_7d2593,PUR_IED_PradoV_S302_7d2593,,,,,
2026-09-12T18:21:05-05:00,PUR_IED_QuirogaAlz_Ext_1ddc82,PUR_IED_QuirogaAlz_Ext_1ddc82,,,,,
2026-09-12T18:21:05-05:00,PUR_IED_QuirogaAlz_S302_9926a3,PUR_IED_QuirogaAlz_S302_9926a3,,,,,
2026-09-12T18:21:05-05:00,PUR_IED_QuirogaAlz_S305_cdf1f1,PUR_IED_QuirogaAlz_S305_cdf1f1,,,,,
2026-09-12T18:21:05-05:00,PUR_IED_RGuatemala_Biling_dc53b7,PUR_IED_RGuatemala_Biling_dc53b7,,,,,
2026-09-12T18:21:05-05:00,PUR_IED_RGuatemala_Ext_1b89a3,PUR_IED_RGuatemala_Ext_1b89a3,,,,,
2026-09-12T18:21:05-05:00,PUR_IED_RGuatemala_Tecnol_281a34,PUR_IED_RGuatemala_Tecnol_281a34,,,,,
2026-09-12T18:21:05-05:00,PUR_IED_RafaNu_Ext_f7c302,PUR_IED_RafaNu_Ext_f7c302,,,,,
2026-09-12T18:21:05-05:00,PUR_IED_RafaNu_S1101_25fde,PUR_IED_RafaNu_S1101_25fde,,,,,
2026-09-12T18:21:05-05:00,PUR_IED_RafaNu_S1102_281517,PUR_IED_RafaNu_S1102_281517,,,,,
2026-09-12T18:21:05-05:00,PUR_IED_RafaelB_S305_ee2783,PUR_IED_RafaelB_S305_ee2783,,,,,
2026-09-12T18:21:05-05:00,PUR_IED_RafaelB_S306_75fe33,PUR_IED_RafaelB_S306_75fe33,,,,,
2026-09-12T18:21:05-05:00,PUR_IED_RafaelB_ext_283336,PUR_IED_RafaelB_ext_283336,,,,,
2026-09-12T18:21:05-05:00,PUR_IED_RafaelUU_Exterior_281a51,PUR_IED_RafaelUU_Exterior_281a51,,,,,
2026-09-12T18:21:05-05:00,PUR_IED_RafaelUU_Human_806b2,PUR_IED_RafaelUU_Human_806b2,,,,,
2026-09-12T18:21:05-05:00,PUR_IED_RafaelUU_Mate2_5680d4,PUR_IED_RafaelUU_Mate2_5680d4,,,,,
2026-09-12T18:21:05-05:00,PUR_IED_RamonSub_Ext_f9eeb9,PUR_IED_RamonSub_Ext_f9eeb9,,,,,
2026-09-12T18:21:05-05:00,PUR_IED_RamonSub_Media_d1f62f,PUR_IED_RamonSub_Media_d1f62f,,,,,
2026-09-12T18:21:05-05:00,PUR_IED_RamonSub_planta_51b82,PUR_IED_RamonSub_planta_51b82,,,,,
2026-09-12T18:21:05-05:00,PUR_IED_RepBoliVene_Exter_27af7c,PUR_IED_RepBoliVene_Exter_27af7c,,,,,
2026-09-12T18:21:05-05:00,PUR_IED_RepBoliVene_SCPT_5ae2ee,PUR_IED_RepBoliVene_SCPT_5ae2ee,,,,,
2026-09-12T18:21:05-05:00,PUR_IED_RepBoliVene_Socia_4b11d5,PUR_IED_RepBoliVene_Socia_4b11d5,,,,,
2026-09-12T18:21:05-05:00,PUR_IED_RepChina_Ext_76d9ee,PUR_IED_RepChina_Ext_76d9ee,,,,,
2026-09-12T18:21:05-05:00,PUR_IED_RepChina_S404_7c804c,PUR_IED_RepChina_S404_7c804c,,,,,
2026-09-12T18:21:05-05:00,PUR_IED_RepChina_S405_df2c33,PUR_IED_RepChina_S405_df2c33,,,,,
2026-09-12T18:21:05-05:00,PUR_IED_RepublicaC_Exteri_7d1ec9,PUR_IED_RepublicaC_Exteri_7d1ec9,,,,,
2026-09-12T18:21:05-05:00,PUR_IED_RepublicaC_S1101_f544b3,PUR_IED_RepublicaC_S1101_f544b3,,,,,
2026-09-12T18:21:05-05:00,PUR_IED_RepublicaC_S1102_7aafc7,PUR_IED_RepublicaC_S1102_7aafc7,,,,,
2026-09-12T18:21:05-05:00,PUR_IED_Ricaurte_Externo_a0ea1,PUR_IED_Ricaurte_Externo_a0ea1,,,,,
2026-09-12T18:21:05-05:00,PUR_IED_Ricaurte_S210_f546fd,PUR_IED_Ricaurte_S210_f546fd,,,,,
2026-09-12T18:21:05-05:00,PUR_IED_Ricaurte_S309_d4452,PUR_IED_Ricaurte_S309_d4452,,,,,
2026-09-12T18:21:05-05:00,PUR_IED_RogelioS_1102_531e69,PUR_IED_RogelioS_1102_531e69,,,,,
2026-09-12T18:21:05-05:00,PUR_IED_RogelioS_Ext_f25a18,PUR_IED_RogelioS_Ext_f25a18,,,,,
2026-09-12T18:21:05-05:00,PUR_IED_SBernardino_Ext_27aff8,PUR_IED_SBernardino_Ext_27aff8,,,,,
2026-09-12T18:21:05-05:00,PUR_IED_SBernardino_SArte_2ffd33,PUR_IED_SBernardino_SArte_2ffd33,,,,,
2026-09-12T18:21:05-05:00,PUR_IED_SBernardino_SIngl_7c7da5,PUR_IED_SBernardino_SIngl_7c7da5,,,,,
2026-09-12T18:21:05-05:00,PUR_IED_Sago_auditorio_dc9d1d,PUR_IED_Sago_auditorio_dc9d1d,,,,,
2026-09-12T18:21:05-05:00,PUR_IED_Saludcoop_Ext_95aac3,PUR_IED_Saludcoop_Ext_95aac3,,,,,
2026-09-12T18:21:05-05:00,PUR_IED_Saludcoop_InfI_90c854,PUR_IED_Saludcoop_InfI_90c854,,,,,
2026-09-12T18:21:05-05:00,PUR_IED_Saludcoop_SMedia_1b93be,PUR_IED_Saludcoop_SMedia_1b93be,,,,,
2026-09-12T18:21:05-05:00,PUR_IED_SanCarlos_1101_1a2360,PUR_IED_SanCarlos_1101_1a2360,,,,,
2026-09-12T18:21:05-05:00,PUR_IED_SanCarlos_1103_7bafb5,PUR_IED_SanCarlos_1103_7bafb5,,,,,
2026-09-12T18:21:05-05:00,PUR_IED_SanCarlos_Ext_b7cd1,PUR_IED_SanCarlos_Ext_b7cd1,,,,,
2026-09-12T18:21:05-05:00,PUR_IED_SanIgnacioBosa11a_50c26e,PUR_IED_SanIgnacioBosa11a_50c26e,,,,,
2026-09-12T18:21:05-05:00,PUR_IED_SanIgnacioBosa11b_371de8,PUR_IED_SanIgnacioBosa11b_371de8,,,,,
2026-09-12T18:21:05-05:00,PUR_IED_SanIgnacioBosaExt_ef0ffc,PUR_IED_SanIgnacioBosaExt_ef0ffc,,,,,
2026-09-12T18:21:05-05:00,PUR_IED_SanIgnacioBosa_11a_50c26e,PUR_IED_SanIgnacioBosa_11a_50c26e,,,,,
2026-09-12T18:21:05-05:00,PUR_IED_SanIgnacioBosa_Ext_ef0ffc,PUR_IED_SanIgnacioBosa_Ext_ef0ffc,,,,,
2026-09-12T18:21:05-05:00,PUR_IED_SanJoseN_intS1101_31c47f,PUR_IED_SanJoseN_intS1101_31c47f,,,,,
2026-09-12T18:21:05-05:00,PUR_IED_SanJoseUsm_Exter_f5d7e8,PUR_IED_SanJoseUsm_Exter_f5d7e8,,,,,
2026-09-12T18:21:05-05:00,PUR_IED_SanJoseUsm_Int11A_cfdef6,PUR_IED_SanJoseUsm_Int11A_cfdef6,,,,,
2026-09-12T18:21:05-05:00,PUR_IED_SilveriaR_IntB5_905349,PUR_IED_SilveriaR_IntB5_905349,,,,,
2026-09-12T18:21:05-05:00,PUR_IED_SilveriaR_IntSD14_981f93,PUR_IED_SilveriaR_IntSD14_981f93,,,,,
2026-09-12T18:21:05-05:00,PUR_IED_SilveriaR_ext_2b651d,PUR_IED_SilveriaR_ext_2b651d,,,,,
2026-09-12T18:21:05-05:00,PUR_IED_SimonB_Exterior_913975,PUR_IED_SimonB_Exterior_913975,,,,,
2026-09-12T18:21:05-05:00,PUR_IED_SimonB_LabQuimi_c56908,PUR_IED_SimonB_LabQuimi_c56908,,,,,
2026-09-12T18:21:05-05:00,PUR_IED_SimonB_informatic_a28c1,PUR_IED_SimonB_informatic_a28c1,,,,,
2026-09-12T18:21:05-05:00,PUR_IED_Sorrento_1102_315f50,PUR_IED_Sorrento_1102_315f50,,,,,
2026-09-12T18:21:05-05:00,PUR_IED_Sorrento_Minte_214eab,PUR_IED_Sorrento_Minte_214eab,,,,,
2026-09-12T18:21:05-05:00,PUR_IED_Sorrento_ext_7c3a0a,PUR_IED_Sorrento_ext_7c3a0a,,,,,
2026-09-12T18:21:05-05:00,PUR_IED_Tabora_Ext_f048ae,PUR_IED_Tabora_Ext_f048ae,,,,,
2026-09-12T18:21:05-05:00,PUR_IED_Tabora_S1102_b07752,PUR_IED_Tabora_S1102_b07752,,,,,
2026-09-12T18:21:05-05:00,PUR_IED_Tabora_S1103_d988f5,PUR_IED_Tabora_S1103_d988f5,,,,,
2026-09-12T18:21:05-05:00,PUR_IED_Tenerife_Ext_1ab188,PUR_IED_Tenerife_Ext_1ab188,,,,,
2026-09-12T18:21:05-05:00,PUR_IED_Tenerife_SDanzas_7bc02e,PUR_IED_Tenerife_SDanzas_7bc02e,,,,,
2026-09-12T18:21:05-05:00,PUR_IED_Tenerife_SIngles_7cc277,PUR_IED_Tenerife_SIngles_7cc277,,,,,
2026-09-12T18:21:05-05:00,PUR_IED_Tibabuyes_Exter_f2683d,PUR_IED_Tibabuyes_Exter_f2683d,,,,,
2026-09-12T18:21:05-05:00,PUR_IED_Tibabuyes_S10_dc87a8,PUR_IED_Tibabuyes_S10_dc87a8,,,,,
2026-09-12T18:21:05-05:00,PUR_IED_Tibabuyes_S15_dc0526,PUR_IED_Tibabuyes_S15_dc0526,,,,,
2026-09-12T18:21:05-05:00,PUR_IED_UnionE_S301_a1043,PUR_IED_UnionE_S301_a1043,,,,,
2026-09-12T18:21:05-05:00,PUR_IED_UnionE_S307_ff6c2f,PUR_IED_UnionE_S307_ff6c2f,,,,,
2026-09-12T18:21:05-05:00,PUR_IED_UnionE__Ext_5e2468,PUR_IED_UnionE__Ext_5e2468,,,,,
2026-09-12T18:21:05-05:00,PUR_IED_VillaRica_Ext_75be7c,PUR_IED_VillaRica_Ext_75be7c,,,,,
2026-09-12T18:21:05-05:00,PUR_IED_VillaRica_S4_cc5dcd,PUR_IED_VillaRica_S4_cc5dcd,,,,,
2026-09-12T18:21:05-05:00,PUR_IED_VillaRica_Sesp_99f5c,PUR_IED_VillaRica_Sesp_99f5c,,,,,
2026-09-12T18:26:07-05:00,PUR_IED_20deJulio_1101_91b1b9,PUR_IED_20deJulio_1101_91b1b9,,,,,
2026-09-12T18:26:07-05:00,PUR_IED_20deJulio_1102_1cfcf9,PUR_IED_20deJulio_1102_1cfcf9,,,,,
2026-09-12T18:26:07-05:00,PUR_IED_20deJulio_Ext_ab60bd,PUR_IED_20deJulio_Ext_ab60bd,,,,,
2026-09-12T18:26:07-05:00,PUR_IED_AgustinFer_Ext_7b9b77,PUR_IED_AgustinFer_Ext_7b9b77,,,,,
2026-09-12T18:26:07-05:00,PUR_IED_AgustinFer_Info2_27b3a7,PUR_IED_AgustinFer_Info2_27b3a7,,,,,
2026-09-12T18:26:07-05:00,PUR_IED_AgustinFer_Sena_54b4eb,PUR_IED_AgustinFer_Sena_54b4eb,,,,,
2026-09-12T18:26:07-05:00,PUR_IED_AlexanderF_1102_caf07b,PUR_IED_AlexanderF_1102_caf07b,,,,,
2026-09-12T18:26:07-05:00,PUR_IED_AlexanderF_1103_c79e71,PUR_IED_AlexanderF_1103_c79e71,,,,,
2026-09-12T18:26:07-05:00,PUR_IED_AlexanderF_Ext_c5b18b,PUR_IED_AlexanderF_Ext_c5b18b,,,,,
2026-09-12T18:26:07-05:00,PUR_IED_AlfonsoLopez_Ext_281d77,PUR_IED_AlfonsoLopez_Ext_281d77,,,,,
2026-09-12T18:26:07-05:00,PUR_IED_AlfonsoLopez_LabF_888ce0,PUR_IED_AlfonsoLopez_LabF_888ce0,,,,,
2026-09-12T18:26:07-05:00,PUR_IED_AlfonsoLopez_SMed_df6a7f,PUR_IED_AlfonsoLopez_SMed_df6a7f,,,,,
2026-09-12T18:26:07-05:00,PUR_IED_AltamiraSO_A2_209f92,PUR_IED_AltamiraSO_A2_209f92,,,,,
2026-09-12T18:26:07-05:00,PUR_IED_AltamiraSO_Ext_186d66,PUR_IED_AltamiraSO_Ext_186d66,,,,,
2026-09-12T18:26:07-05:00,PUR_IED_AltamiraSO_Sistem_27afe1,PUR_IED_AltamiraSO_Sistem_27afe1,,,,,
2026-09-12T18:26:07-05:00,PUR_IED_AlvaroGom_LabQuim_813179,PUR_IED_AlvaroGom_LabQuim_813179,,,,,
2026-09-12T18:26:07-05:00,PUR_IED_AlvaroGomez_Ext_47c7ca,PUR_IED_AlvaroGomez_Ext_47c7ca,,,,,
2026-09-12T18:26:07-05:00,PUR_IED_AlvaroGomez_LabQuim_813179,PUR_IED_AlvaroGomez_LabQuim_813179,,,,,
2026-09-12T18:26:07-05:00,PUR_IED_AlvaroGomez_S23_7ba89f,PUR_IED_AlvaroGomez_S23_7ba89f,,,,,
2026-09-12T18:26:07-05:00,PUR_IED_Amistad_306_dc8728,PUR_IED_Amistad_306_dc8728,,,,,
2026-09-12T18:26:07-05:00,PUR_IED_Amistad_Ext_8cd55e,PUR_IED_Amistad_Ext_8cd55e,,,,,
2026-09-12T18:26:07-05:00,PUR_IED_Amistad_S202_a41169,PUR_IED_Amistad_S202_a41169,,,,,
2026-09-12T18:26:07-05:00,PUR_IED_AndresBello_Bio_fd5f5e,PUR_IED_AndresBello_Bio_fd5f5e,,,,,
2026-09-12T18:26:07-05:00,PUR_IED_AndresBello_ext_dcad65,PUR_IED_AndresBello_ext_dcad65,,,,,
2026-09-12T18:26:07-05:00,PUR_IED_AndresBello_port_eed3ec,PUR_IED_AndresBello_port_eed3ec,,,,,
2026-09-12T18:26:07-05:00,PUR_IED_AngelaR_11b_d90a6b,PUR_IED_AngelaR_11b_d90a6b,,,,,
2026-09-12T18:26:07-05:00,PUR_IED_AngelaR_ext_7cad3e,PUR_IED_AngelaR_ext_7cad3e,5,19,62,4.5825,-74.164497
2026-09-12T18:26:07-05:00,PUR_IED_AntJoseSucre_10mo_df2575,PUR_IED_AntJoseSucre_10mo_df2575,,,,,
2026-09-12T18:26:07-05:00,PUR_IED_AntJoseSucre_Ext_215b36,PUR_IED_AntJoseSucre_Ext_215b36,,,,,
2026-09-12T18:26:07-05:00,PUR_IED_AntJoseSucre_Lab_3139de,PUR_IED_AntJoseSucre_Lab_3139de,,,,,
2026-09-12T18:26:07-05:00,PUR_IED_AntonioGarcia_301_d6b188,PUR_IED_AntonioGarcia_301_d6b188,,,,,
2026-09-12T18:26:07-05:00,PUR_IED_AntonioGarcia_302_88a82,PUR_IED_AntonioGarcia_302_88a82,,,,,
2026-09-12T18:26:07-05:00,PUR_IED_AntonioGarcia_Ext_20950c,PUR_IED_AntonioGarcia_Ext_20950c,,,,,
2026-09-12T18:26:07-05:00,PUR_IED_AntonioVan_Aula2_6dea02,PUR_IED_AntonioVan_Aula2_6dea02,,,,,
2026-09-12T18:26:07-05:00,PUR_IED_AntonioVan_Aula5_f1557e,PUR_IED_AntonioVan_Aula5_f1557e,,,,,
2026-09-12T18:26:07-05:00,PUR_IED_AntonioVan_Ext_406f2f,PUR_IED_AntonioVan_Ext_406f2f,,,,,
2026-09-12T18:26:07-05:00,PUR_IED_Atabanzha_Ext_cc5af9,PUR_IED_Atabanzha_Ext_cc5af9,,,,,
2026-09-12T18:26:07-05:00,PUR_IED_Atabanzha_SA101_56c37,PUR_IED_Atabanzha_SA101_56c37,,,,,
2026-09-12T18:26:07-05:00,PUR_IED_Atabanzha_SB302_27b374,PUR_IED_Atabanzha_SB302_27b374,,,,,
2026-09-12T18:26:07-05:00,PUR_IED_Atahualpa_Ext_fc1748,PUR_IED_Atahualpa_Ext_fc1748,,,,,
2026-09-12T18:26:07-05:00,PUR_IED_Atahualpa_Informa_dc9a95,PUR_IED_Atahualpa_Informa_dc9a95,,,,,
2026-09-12T18:26:07-05:00,PUR_IED_Atahualpa_S1101_f98056,PUR_IED_Atahualpa_S1101_f98056,,,,,
2026-09-12T18:26:07-05:00,PUR_IED_Bellavista_Ext_f5aa74,PUR_IED_Bellavista_Ext_f5aa74,,,,,
2026-09-12T18:26:07-05:00,PUR_IED_Bilbao_11A_916c41,PUR_IED_Bilbao_11A_916c41,,,,,
2026-09-12T18:26:07-05:00,PUR_IED_Bilbao_Ext_fb579a,PUR_IED_Bilbao_Ext_fb579a,,,,,
2026-09-12T18:26:07-05:00,PUR_IED_BrasiliaU_A125_304280,PUR_IED_BrasiliaU_A125_304280,,,,,
2026-09-12T18:26:07-05:00,PUR_IED_BrasiliaU_A203_7c8ca5,PUR_IED_BrasiliaU_A203_7c8ca5,,,,,
2026-09-12T18:26:07-05:00,PUR_IED_BrasiliaU_Ext_8d6e9f,PUR_IED_BrasiliaU_Ext_8d6e9f,6,19,59,4.5175,-74.116302
2026-09-12T18:26:07-05:00,PUR_IED_Brasilia_Ext_fe6593,PUR_IED_Brasilia_Ext_fe6593,,,,,
2026-09-12T18:26:07-05:00,PUR_IED_Brasilia_S24_7c130d,PUR_IED_Brasilia_S24_7c130d,,,,,
2026-09-12T18:26:07-05:00,PUR_IED_Brasilia_S501_186a54,PUR_IED_Brasilia_S501_186a54,,,,,
2026-09-12T18:26:07-05:00,PUR_IED_CHARRY_EXT_f1d5cd,PUR_IED_CHARRY_EXT_f1d5cd,,,,,
2026-09-12T18:26:07-05:00,PUR_IED_CHARRY_INTDANZAS_7a08e6,PUR_IED_CHARRY_INTDANZAS_7a08e6,,,,,
2026-09-12T18:26:07-05:00,PUR_IED_CHARRY_INT_AULA20_dc998d,PUR_IED_CHARRY_INT_AULA20_dc998d,,,,,
2026-09-12T18:26:07-05:00,PUR_IED_COLVIV_1101_S25_7f520a,PUR_IED_COLVIV_1101_S25_7f520a,,,,,
2026-09-12T18:26:07-05:00,PUR_IED_COLVIV_1102_S16_f570ba,PUR_IED_COLVIV_1102_S16_f570ba,,,,,
2026-09-12T18:26:07-05:00,PUR_IED_COLVIV_Ext_1a26fa,PUR_IED_COLVIV_Ext_1a26fa,,,,,
2026-09-12T18:26:07-05:00,PUR_IED_CULPOP_301A_f660f3,PUR_IED_CULPOP_301A_f660f3,,,,,
2026-09-12T18:26:07-05:00,PUR_IED_CULPOP_303_568afe,PUR_IED_CULPOP_303_568afe,,,,,
2026-09-12T18:26:07-05:00,PUR_IED_CULPOP_Ext_e02ccb,PUR_IED_CULPOP_Ext_e02ccb,,,,,
2026-09-12T18:26:07-05:00,PUR_IED_CVillavicen_Ext_26eb58,PUR_IED_CVillavicen_Ext_26eb58,4,16,76,4.487,-74.102798
2026-09-12T18:26:07-05:00,PUR_IED_CVillavicen_Intel_1ce5c2,PUR_IED_CVillavicen_Intel_1ce5c2,,,,,
2026-09-12T18:26:07-05:00,PUR_IED_CVillavicen_Poliv_e0766c,PUR_IED_CVillavicen_Poliv_e0766c,,,,,
2026-09-12T18:26:07-05:00,PUR_IED_CVillavicen_int_1ba140,PUR_IED_CVillavicen_int_1ba140,,,,,
2026-09-12T18:26:07-05:00,PUR_IED_CVillavicen_intel_1ba140,PUR_IED_CVillavicen_intel_1ba140,,,,,
2026-09-12T18:26:07-05:00,PUR_IED_CarlosPizarro_Ext_e307cc,PUR_IED_CarlosPizarro_Ext_e307cc,,,,,
2026-09-12T18:26:07-05:00,PUR_IED_CarlosPizarro_L36_7e5cdb,PUR_IED_CarlosPizarro_L36_7e5cdb,,,,,
2026-09-12T18:26:07-05:00,PUR_IED_CarlosPizarro_L37_c8566c,PUR_IED_CarlosPizarro_L37_c8566c,,,,,
2026-09-12T18:26:07-05:00,PUR_IED_Castilla_Ext_cf35f,PUR_IED_Castilla_Ext_cf35f,,,,,
2026-09-12T18:26:07-05:00,PUR_IED_Castilla_SFisik_360e38,PUR_IED_Castilla_SFisik_360e38,,,,,
2026-09-12T18:26:07-05:00,PUR_IED_Castilla_Sc304_496fbf,PUR_IED_Castilla_Sc304_496fbf,,,,,
2026-09-12T18:26:07-05:00,PUR_IED_CervantesSa_Ext_6b57b,PUR_IED_CervantesSa_Ext_6b57b,4,18,67,4.5128,-74.117203
2026-09-12T18:26:07-05:00,PUR_IED_CervantesSa_S107_225c2b,PUR_IED_CervantesSa_S107_225c2b,,,,,
2026-09-12T18:26:07-05:00,PUR_IED_CervantesSa_S108_940925,PUR_IED_CervantesSa_S108_940925,,,,,
2026-09-12T18:26:07-05:00,PUR_IED_Charry_A20_f53e7c,PUR_IED_Charry_A20_f53e7c,,,,,
2026-09-12T18:26:07-05:00,PUR_IED_Charry_Ext_f1d5cd,PUR_IED_Charry_Ext_f1d5cd,,,,,
2026-09-12T18:26:07-05:00,PUR_IED_Charry_IntAula20_dc998d,PUR_IED_Charry_IntAula20_dc998d,,,,,
2026-09-12T18:26:07-05:00,PUR_IED_Charry_IntDanzas_7a08e6,PUR_IED_Charry_IntDanzas_7a08e6,,,,,
2026-09-12T18:26:07-05:00,PUR_IED_ClememciaC_203_43e2fc,PUR_IED_ClememciaC_203_43e2fc,,,,,
2026-09-12T18:26:07-05:00,PUR_IED_ClememciaC_Ext_1b411a,PUR_IED_ClememciaC_Ext_1b411a,,,,,
2026-09-12T18:26:07-05:00,PUR_IED_ClememciaC_Quimic_44b5fc,PUR_IED_ClememciaC_Quimic_44b5fc,,,,,
2026-09-12T18:26:07-05:00,PUR_IED_ClemenciaC_203_43e2fc,PUR_IED_ClemenciaC_203_43e2fc,,,,,
2026-09-12T18:26:07-05:00,PUR_IED_ClemenciaC_Ext_1b411a,PUR_IED_ClemenciaC_Ext_1b411a,,,,,
2026-09-12T18:26:07-05:00,PUR_IED_ClemenciaC_Quimic_44b5fc,PUR_IED_ClemenciaC_Quimic_44b5fc,,,,,
2026-09-12T18:26:07-05:00,PUR_IED_ColViva_1101_S25_7f520a,PUR_IED_ColViva_1101_S25_7f520a,,,,,
2026-09-12T18:26:07-05:00,PUR_IED_ColViva_1102_S16_f570ba,PUR_IED_ColViva_1102_S16_f570ba,,,,,
2026-09-12T18:26:07-05:00,PUR_IED_ColViva_Ext_1a26fa,PUR_IED_ColViva_Ext_1a26fa,,,,,
2026-09-12T18:26:07-05:00,PUR_IED_ColegioBici_Asist_7c8798,PUR_IED_ColegioBici_Asist_7c8798,,,,,
2026-09-12T18:26:07-05:00,PUR_IED_ColegioBici_Ext_25cbf6,PUR_IED_ColegioBici_Ext_25cbf6,,,,,
2026-09-12T18:26:07-05:00,PUR_IED_ColegioBici_LabQ_7b57db,PUR_IED_ColegioBici_LabQ_7b57db,,,,,
2026-09-12T18:26:07-05:00,PUR_IED_CostaRica_Ext_5e640,PUR_IED_CostaRica_Ext_5e640,,,,,
2026-09-12T18:26:07-05:00,PUR_IED_CostaRica_Quim1_766d1c,PUR_IED_CostaRica_Quim1_766d1c,,,,,
2026-09-12T18:26:07-05:00,PUR_IED_CostaRica__Fisica_6f0873,PUR_IED_CostaRica__Fisica_6f0873,,,,,
2026-09-12T18:26:07-05:00,PUR_IED_CulPopu_301A_f660f3,PUR_IED_CulPopu_301A_f660f3,,,,,
2026-09-12T18:26:07-05:00,PUR_IED_CulPopu_303_568afe,PUR_IED_CulPopu_303_568afe,,,,,
2026-09-12T18:26:07-05:00,PUR_IED_CulPopu_Ext_e02ccb,PUR_IED_CulPopu_Ext_e02ccb,,,,,
2026-09-12T18:26:07-05:00,PUR_IED_Cundinamarca_Ext_f15985,PUR_IED_Cundinamarca_Ext_f15985,,,,,
2026-09-12T18:26:07-05:00,PUR_IED_Cundinamarca_Info_7aa5d7,PUR_IED_Cundinamarca_Info_7aa5d7,,,,,
2026-09-12T18:26:07-05:00,PUR_IED_Cundinamarca_Tec2_f449c7,PUR_IED_Cundinamarca_Tec2_f449c7,,,,,
2026-09-12T18:26:07-05:00,PUR_IED_DiegoM_Aula1_27b314,PUR_IED_DiegoM_Aula1_27b314,,,,,
2026-09-12T18:26:07-05:00,PUR_IED_DiegoM_Ext_d80ac8,PUR_IED_DiegoM_Ext_d80ac8,,,,,
2026-09-12T18:26:07-05:00,PUR_IED_DiegoM_S25_da928f,PUR_IED_DiegoM_S25_da928f,,,,,
2026-09-12T18:26:07-05:00,PUR_IED_ELRODEO_360881,PUR_IED_ELRODEO_360881,,,,,
2026-09-12T18:26:07-05:00,PUR_IED_ELRODEO_ext_360881,PUR_IED_ELRODEO_ext_360881,,,,,
2026-09-12T18:26:07-05:00,PUR_IED_EduardoU_Ext_1c1969,PUR_IED_EduardoU_Ext_1c1969,,,,,
2026-09-12T18:26:07-05:00,PUR_IED_EduardoU_SCiencia_4dfb94,PUR_IED_EduardoU_SCiencia_4dfb94,,,,,
2026-09-12T18:26:07-05:00,PUR_IED_EduardoU_SQuimica_5a46e7,PUR_IED_EduardoU_SQuimica_5a46e7,,,,,
2026-09-12T18:26:07-05:00,PUR_IED_ElRodeo_Aula14_676984,PUR_IED_ElRodeo_Aula14_676984,,,,,
2026-09-12T18:26:07-05:00,PUR_IED_ElRodeo_Aula16_2dd35b,PUR_IED_ElRodeo_Aula16_2dd35b,,,,,
2026-09-12T18:26:07-05:00,PUR_IED_ElRodeo_Ext_360881,PUR_IED_ElRodeo_Ext_360881,,,,,
2026-09-12T18:26:07-05:00,PUR_IED_ElRodeo_Exterior_8c6d28,PUR_IED_ElRodeo_Exterior_8c6d28,,,,,
2026-09-12T18:26:07-05:00,PUR_IED_ElRodeo_ext_360881,PUR_IED_ElRodeo_ext_360881,,,,,
2026-09-12T18:26:07-05:00,PUR_IED_EmmaReyes_Ext_987625,PUR_IED_EmmaReyes_Ext_987625,2,21,51,4.6367,-74.1511
2026-09-12T18:26:07-05:00,PUR_IED_Ensueño_Ext_7f0250,PUR_IED_Ensueño_Ext_7f0250,,,,,
2026-09-12T18:26:07-05:00,PUR_IED_EscNormal_Ext_5fef3b,PUR_IED_EscNormal_Ext_5fef3b,2,20,58,4.5852,-74.096901
2026-09-12T18:26:07-05:00,PUR_IED_EscNormal_S309_5b263,PUR_IED_EscNormal_S309_5b263,,,,,
2026-09-12T18:26:07-05:00,PUR_IED_EscNormal_S310_27b3b8,PUR_IED_EscNormal_S310_27b3b8,,,,,
2026-09-12T18:26:07-05:00,PUR_IED_Evangelista_Conta_f6cd4f,PUR_IED_Evangelista_Conta_f6cd4f,,,,,
2026-09-12T18:26:07-05:00,PUR_IED_Evangelista_Cri_5e16a,PUR_IED_Evangelista_Cri_5e16a,,,,,
2026-09-12T18:26:07-05:00,PUR_IED_Evangelista_Exter_754066,PUR_IED_Evangelista_Exter_754066,,,,,
2026-09-12T18:26:07-05:00,PUR_IED_FMiranda_S209_5cc2a3,PUR_IED_FMiranda_S209_5cc2a3,,,,,
2026-09-12T18:26:07-05:00,PUR_IED_FMiranda_S303_19e344,PUR_IED_FMiranda_S303_19e344,,,,,
2026-09-12T18:26:07-05:00,PUR_IED_FMiranda_ext_f53e7c,PUR_IED_FMiranda_ext_f53e7c,,,,,
2026-09-12T18:26:07-05:00,PUR_IED_FabioLozano_Bibli_1cee05,PUR_IED_FabioLozano_Bibli_1cee05,,,,,
2026-09-12T18:26:07-05:00,PUR_IED_FabioLozano_Ext_6ea285,PUR_IED_FabioLozano_Ext_6ea285,,,,,
2026-09-12T18:26:07-05:00,PUR_IED_FabioLozano_SLudi_f09e1e,PUR_IED_FabioLozano_SLudi_f09e1e,,,,,
2026-09-12T18:26:07-05:00,PUR_IED_FaustinoS_Aula07_27a731,PUR_IED_FaustinoS_Aula07_27a731,,,,,
2026-09-12T18:26:07-05:00,PUR_IED_FaustinoS_Ext_7b936f,PUR_IED_FaustinoS_Ext_7b936f,,,,,
2026-09-12T18:26:07-05:00,PUR_IED_FaustinoS_Fisica_da2c60,PUR_IED_FaustinoS_Fisica_da2c60,,,,,
2026-09-12T18:26:07-05:00,PUR_IED_FeGarciaLo_Ext_dc68ee,PUR_IED_FeGarciaLo_Ext_dc68ee,,,,,
2026-09-12T18:26:07-05:00,PUR_IED_FeGarciaLo_SDanza_f70a59,PUR_IED_FeGarciaLo_SDanza_f70a59,,,,,
2026-09-12T18:26:07-05:00,PUR_IED_FeGarciaLo_SMusic_125cdd,PUR_IED_FeGarciaLo_SMusic_125cdd,,,,,
2026-09-12T18:26:07-05:00,PUR_IED_FederalAlema_Exte_50c345,PUR_IED_FederalAlema_Exte_50c345,,,,,
2026-09-12T18:26:07-05:00,PUR_IED_FederalAlema_S31_f18371,PUR_IED_FederalAlema_S31_f18371,,,,,
2026-09-12T18:26:07-05:00,PUR_IED_FederalAlema_S901_a62cd,PUR_IED_FederalAlema_S901_a62cd,,,,,
2026-09-12T18:26:07-05:00,PUR_IED_FilarmonicaS_A5_f35eb1,PUR_IED_FilarmonicaS_A5_f35eb1,,,,,
2026-09-12T18:26:07-05:00,PUR_IED_FilarmonicaS_Ext_8a3bde,PUR_IED_FilarmonicaS_Ext_8a3bde,,,,,
2026-09-12T18:26:07-05:00,PUR_IED_FilarmonicaS_Spol_406114,PUR_IED_FilarmonicaS_Spol_406114,,,,,
2026-09-12T18:26:07-05:00,PUR_IED_FlorentinoG_A13_d1fa59,PUR_IED_FlorentinoG_A13_d1fa59,,,,,
2026-09-12T18:26:07-05:00,PUR_IED_FlorentinoG_Ext_1ce6ce,PUR_IED_FlorentinoG_Ext_1ce6ce,,,,,
2026-09-12T18:26:07-05:00,PUR_IED_FlorentinoG_Idiom_a66aac,PUR_IED_FlorentinoG_Idiom_a66aac,,,,,
2026-09-12T18:26:07-05:00,PUR_IED_FranciscoMati_Ext_e3869d,PUR_IED_FranciscoMati_Ext_e3869d,,,,,
2026-09-12T18:26:07-05:00,PUR_IED_FranciscoMati_S13_f31c67,PUR_IED_FranciscoMati_S13_f31c67,,,,,
2026-09-12T18:26:07-05:00,PUR_IED_FranciscoMati_S14_97dead,PUR_IED_FranciscoMati_S14_97dead,,,,,
2026-09-12T18:26:07-05:00,PUR_IED_FranciscoPS_Ext_7bfa9a,PUR_IED_FranciscoPS_Ext_7bfa9a,2,21,57,4.5899,-74.110397
2026-09-12T18:26:07-05:00,PUR_IED_FranciscoPS_Infor_fb8f4c,PUR_IED_FranciscoPS_Infor_fb8f4c,,,,,
2026-09-12T18:26:07-05:00,PUR_IED_FranciscoPS_Quimi_94d39c,PUR_IED_FranciscoPS_Quimi_94d39c,,,,,
2026-09-12T18:26:07-05:00,PUR_IED_FranciscoP_LabQ_d7e148,PUR_IED_FranciscoP_LabQ_d7e148,,,,,
2026-09-12T18:26:07-05:00,PUR_IED_FranciscoP_S28_cf9b30,PUR_IED_FranciscoP_S28_cf9b30,,,,,
2026-09-12T18:26:07-05:00,PUR_IED_FranciscoP_ext_e2313,PUR_IED_FranciscoP_ext_e2313,,,,,
2026-09-12T18:26:07-05:00,PUR_IED_FriederichN_Ext_8ac92a,PUR_IED_FriederichN_Ext_8ac92a,,,,,
2026-09-12T18:26:07-05:00,PUR_IED_FriederichN_S301_dd7e5a,PUR_IED_FriederichN_S301_dd7e5a,,,,,
2026-09-12T18:26:07-05:00,PUR_IED_FriederichN_S308_761f4f,PUR_IED_FriederichN_S308_761f4f,,,,,
2026-09-12T18:26:07-05:00,PUR_IED_GSantander_Aula10_533dd7,PUR_IED_GSantander_Aula10_533dd7,,,,,
2026-09-12T18:26:07-05:00,PUR_IED_GSantander_Aula12_fd4e4f,PUR_IED_GSantander_Aula12_fd4e4f,,,,,
2026-09-12T18:26:07-05:00,PUR_IED_GSantander_Aula310_533dd7,PUR_IED_GSantander_Aula310_533dd7,,,,,
2026-09-12T18:26:07-05:00,PUR_IED_GSantander_Aula312_fd4e4f,PUR_IED_GSantander_Aula312_fd4e4f,,,,,
2026-09-12T18:26:07-05:00,PUR_IED_GSantander_Ext_5f66b0,PUR_IED_GSantander_Ext_5f66b0,,,,,
2026-09-12T18:26:07-05:00,PUR_IED_GYomasa_Ext_f6bea5,PUR_IED_GYomasa_Ext_f6bea5,,,,,
2026-09-12T18:26:07-05:00,PUR_IED_GYomasa_LBiol_2c41aa,PUR_IED_GYomasa_LBiol_2c41aa,,,,,
2026-09-12T18:26:07-05:00,PUR_IED_GYomasa_LQuim_33c80,PUR_IED_GYomasa_LQuim_33c80,,,,,
2026-09-12T18:26:07-05:00,PUR_IED_GabBetMejia_Cienc_5a99c,PUR_IED_GabBetMejia_Cienc_5a99c,,,,,
2026-09-12T18:26:07-05:00,PUR_IED_GabBetMejia_Ext_9153d0,PUR_IED_GabBetMejia_Ext_9153d0,,,,,
2026-09-12T18:26:07-05:00,PUR_IED_GabBetMejia_Lab_f55347,PUR_IED_GabBetMejia_Lab_f55347,,,,,
2026-09-12T18:26:07-05:00,PUR_IED_GabBetanMejia_Ext_9153d0,PUR_IED_GabBetanMejia_Ext_9153d0,,,,,
2026-09-12T18:26:07-05:00,PUR_IED_Gaitana_Aula13_7aac11,PUR_IED_Gaitana_Aula13_7aac11,,,,,
2026-09-12T18:26:07-05:00,PUR_IED_Gaitana_Ext_5fcf4,PUR_IED_Gaitana_Ext_5fcf4,,,,,
2026-09-12T18:26:07-05:00,PUR_IED_Gaitana_LabFisica_644448,PUR_IED_Gaitana_LabFisica_644448,,,,,
2026-09-12T18:26:07-05:00,PUR_IED_GenSantander_Dise_8ac858,PUR_IED_GenSantander_Dise_8ac858,,,,,
2026-09-12T18:26:07-05:00,PUR_IED_GenSantander_Ext_8d5dfe,PUR_IED_GenSantander_Ext_8d5dfe,,,,,
2026-09-12T18:26:07-05:00,PUR_IED_GenSantander_Info_6c25b,PUR_IED_GenSantander_Info_6c25b,,,,,
2026-09-12T18:26:07-05:00,PUR_IED_GustavoMo_Exterio_75e63d,PUR_IED_GustavoMo_Exterio_75e63d,,,,,
2026-09-12T18:26:07-05:00,PUR_IED_GustavoMo_LabFisi_224d37,PUR_IED_GustavoMo_LabFisi_224d37,,,,,
2026-09-12T18:26:07-05:00,PUR_IED_GustavoMo_S208_3e6918,PUR_IED_GustavoMo_S208_3e6918,,,,,
2026-09-12T18:26:07-05:00,PUR_IED_GustavoR_A02_8cd4a8,PUR_IED_GustavoR_A02_8cd4a8,,,,,
2026-09-12T18:26:07-05:00,PUR_IED_GustavoR_B11_5b0ed,PUR_IED_GustavoR_B11_5b0ed,,,,,
2026-09-12T18:26:07-05:00,PUR_IED_GustavoR_Ext_7a0c90,PUR_IED_GustavoR_Ext_7a0c90,,,,,
2026-09-12T18:26:07-05:00,PUR_IED_HernandoDuran_Ext_8cd82b,PUR_IED_HernandoDuran_Ext_8cd82b,,,,,
2026-09-12T18:26:07-05:00,PUR_IED_HernandoDuran_S24_2772c6,PUR_IED_HernandoDuran_S24_2772c6,,,,,
2026-09-12T18:26:07-05:00,PUR_IED_HernandoDuran_S30_f2de41,PUR_IED_HernandoDuran_S30_f2de41,,,,,
2026-09-12T18:26:07-05:00,PUR_IED_HolguInUr_S1101_8cd732,PUR_IED_HolguInUr_S1101_8cd732,,,,,
2026-09-12T18:26:07-05:00,PUR_IED_HolguinUr_Exter_ddae6d,PUR_IED_HolguinUr_Exter_ddae6d,,,,,
2026-09-12T18:26:07-05:00,PUR_IED_HolguinUr_LabQuim_92b952,PUR_IED_HolguinUr_LabQuim_92b952,,,,,
2026-09-12T18:26:07-05:00,PUR_IED_Isabel-II_Ext_5245cc,PUR_IED_Isabel-II_Ext_5245cc,2,19,57,4.6336,-74.153
2026-09-12T18:26:07-05:00,PUR_IED_Isabel-II_S_idiom_1c29aa,PUR_IED_Isabel-II_S_idiom_1c29aa,,,,,
2026-09-12T18:26:07-05:00,PUR_IED_Isabel-II_S_infor_fd741,PUR_IED_Isabel-II_S_infor_fd741,,,,,
2026-09-12T18:26:07-05:00,PUR_IED_IsidroSur_Exterio_5b90ea,PUR_IED_IsidroSur_Exterio_5b90ea,,,,,
2026-09-12T18:26:07-05:00,PUR_IED_IsidroSur_LabTec_56697a,PUR_IED_IsidroSur_LabTec_56697a,,,,,
2026-09-12T18:26:07-05:00,PUR_IED_IsidroSur_Robotic_b7c38f,PUR_IED_IsidroSur_Robotic_b7c38f,,,,,
2026-09-12T18:26:07-05:00,PUR_IED_IsmaelPerd_Ext_7b6672,PUR_IED_IsmaelPerd_Ext_7b6672,,,,,
2026-09-12T18:26:07-05:00,PUR_IED_IsmaelPerd_Inform_306540,PUR_IED_IsmaelPerd_Inform_306540,,,,,
2026-09-12T18:26:07-05:00,PUR_IED_IsmaelPerd_S30_2e2c83,PUR_IED_IsmaelPerd_S30_2e2c83,,,,,
2026-09-12T18:26:07-05:00,PUR_IED_JLozano_Exter_432910,PUR_IED_JLozano_Exter_432910,,,,,
2026-09-12T18:26:07-05:00,PUR_IED_JLozano_salaMulti_df5125,PUR_IED_JLozano_salaMulti_df5125,,,,,
2026-09-12T18:26:07-05:00,PUR_IED_JMCordoba_206_86f80b,PUR_IED_JMCordoba_206_86f80b,,,,,
2026-09-12T18:26:07-05:00,PUR_IED_JMCordoba_Ext_27ad97,PUR_IED_JMCordoba_Ext_27ad97,,,,,
2026-09-12T18:26:07-05:00,PUR_IED_JMCordoba_S310_d59ab4,PUR_IED_JMCordoba_S310_d59ab4,,,,,
2026-09-12T18:26:07-05:00,PUR_IED_Japon_Ext_549100,PUR_IED_Japon_Ext_549100,,,,,
2026-09-12T18:26:07-05:00,PUR_IED_Japon_Laboratorio_bec51d,PUR_IED_Japon_Laboratorio_bec51d,,,,,
2026-09-12T18:26:07-05:00,PUR_IED_Japon_informatica_d99327,PUR_IED_Japon_informatica_d99327,,,,,
2026-09-12T18:26:07-05:00,PUR_IED_Jazmin_Ext_d27bda,PUR_IED_Jazmin_Ext_d27bda,,,,,
2026-09-12T18:26:07-05:00,PUR_IED_Jazmin_Fisica_8d14d7,PUR_IED_Jazmin_Fisica_8d14d7,,,,,
2026-09-12T18:26:07-05:00,PUR_IED_Jazmin_Quimica_801cb5,PUR_IED_Jazmin_Quimica_801cb5,,,,,
2026-09-12T18:26:07-05:00,PUR_IED_JorgeGaitan_Exter_f098d1,PUR_IED_JorgeGaitan_Exter_f098d1,,,,,
2026-09-12T18:26:07-05:00,PUR_IED_JorgeGaitan_STec1_dc9d1d,PUR_IED_JorgeGaitan_STec1_dc9d1d,,,,,
2026-09-12T18:26:07-05:00,PUR_IED_JorgeGaitan_STec2_281e69,PUR_IED_JorgeGaitan_STec2_281e69,,,,,
2026-09-12T18:26:07-05:00,PUR_IED_JorgeSoto_Exterio_d9d0a2,PUR_IED_JorgeSoto_Exterio_d9d0a2,,,,,
2026-09-12T18:26:07-05:00,PUR_IED_JorgeSoto_LabFisi_209c54,PUR_IED_JorgeSoto_LabFisi_209c54,,,,,
2026-09-12T18:26:07-05:00,PUR_IED_JorgeSoto_S103_27b51a,PUR_IED_JorgeSoto_S103_27b51a,,,,,
2026-09-12T18:26:07-05:00,PUR_IED_JoseAcevedo_A02_e965eb,PUR_IED_JoseAcevedo_A02_e965eb,,,,,
2026-09-12T18:26:07-05:00,PUR_IED_JoseAcevedo_A07_dd5b4,PUR_IED_JoseAcevedo_A07_dd5b4,,,,,
2026-09-12T18:26:07-05:00,PUR_IED_JoseAcevedo_Ext_b47484,PUR_IED_JoseAcevedo_Ext_b47484,,,,,
2026-09-12T18:26:07-05:00,PUR_IED_JoseMarti_Exte_5b9bf,PUR_IED_JoseMarti_Exte_5b9bf,,,,,
2026-09-12T18:26:07-05:00,PUR_IED_JoseMarti_LabQuim_1c6c2d,PUR_IED_JoseMarti_LabQuim_1c6c2d,,,,,
2026-09-12T18:26:07-05:00,PUR_IED_JoseMarti_S_info_f5f177,PUR_IED_JoseMarti_S_info_f5f177,,,,,
2026-09-12T18:26:07-05:00,PUR_IED_Josejoaquin_Ext_dfc5dc,PUR_IED_Josejoaquin_Ext_dfc5dc,,,,,
2026-09-12T18:26:07-05:00,PUR_IED_Josejoaquin_S05_5b2a96,PUR_IED_Josejoaquin_S05_5b2a96,,,,,
2026-09-12T18:26:07-05:00,PUR_IED_Josejoaquin_S06_1ce7d2,PUR_IED_Josejoaquin_S06_1ce7d2,,,,,
2026-09-12T18:26:07-05:00,PUR_IED_JulioFlorez_Danza_9b82dd,PUR_IED_JulioFlorez_Danza_9b82dd,,,,,
2026-09-12T18:26:07-05:00,PUR_IED_JulioFlorez_Exter_f9f314,PUR_IED_JulioFlorez_Exter_f9f314,,,,,
2026-09-12T18:26:07-05:00,PUR_IED_JulioFlorez_info2_6b6e08,PUR_IED_JulioFlorez_info2_6b6e08,,,,,
2026-09-12T18:26:07-05:00,PUR_IED_LaBelleza_Aula13_1d00d8,PUR_IED_LaBelleza_Aula13_1d00d8,,,,,
2026-09-12T18:26:07-05:00,PUR_IED_LaBelleza_Ext_7bc08c,PUR_IED_LaBelleza_Ext_7bc08c,,,,,
2026-09-12T18:26:07-05:00,PUR_IED_LaChucua_Ext_8cd6d2,PUR_IED_LaChucua_Ext_8cd6d2,,,,,
2026-09-12T18:26:07-05:00,PUR_IED_LaChucua_S15_f578ce,PUR_IED_LaChucua_S15_f578ce,,,,,
2026-09-12T18:26:07-05:00,PUR_IED_LaChucua_S16_eebcf9,PUR_IED_LaChucua_S16_eebcf9,,,,,
2026-09-12T18:26:07-05:00,PUR_IED_LaFelicidad_Ext_fb5109,PUR_IED_LaFelicidad_Ext_fb5109,,,,,
2026-09-12T18:26:07-05:00,PUR_IED_LaMerced_206_66ebd,PUR_IED_LaMerced_206_66ebd,,,,,
2026-09-12T18:26:07-05:00,PUR_IED_LaMerced_207_6ebd6,PUR_IED_LaMerced_207_6ebd6,,,,,
2026-09-12T18:26:07-05:00,PUR_IED_LaMerced_ext_304311,PUR_IED_LaMerced_ext_304311,,,,,
2026-09-12T18:26:07-05:00,PUR_IED_Laureano_CiencNat_281e5e,PUR_IED_Laureano_CiencNat_281e5e,,,,,
2026-09-12T18:26:07-05:00,PUR_IED_Laureano_Comedor_f65c0a,PUR_IED_Laureano_Comedor_f65c0a,,,,,
2026-09-12T18:26:07-05:00,PUR_IED_Laureano_Exterior_7ab011,PUR_IED_Laureano_Exterior_7ab011,,,,,
2026-09-12T18:26:07-05:00,PUR_IED_LeonGreiff_Exte_dfe560,PUR_IED_LeonGreiff_Exte_dfe560,,,,,
2026-09-12T18:26:07-05:00,PUR_IED_LeonGreiff_S210_f264ed,PUR_IED_LeonGreiff_S210_f264ed,,,,,
2026-09-12T18:26:07-05:00,PUR_IED_LeonGreiff_SQuimi_e8296f,PUR_IED_LeonGreiff_SQuimi_e8296f,,,,,
2026-09-12T18:26:07-05:00,PUR_IED_LlanoOrientalS208_7b9fcd,PUR_IED_LlanoOrientalS208_7b9fcd,,,,,
2026-09-12T18:26:07-05:00,PUR_IED_LlanoOriental_Ext_fb3766,PUR_IED_LlanoOriental_Ext_fb3766,,,,,
2026-09-12T18:26:07-05:00,PUR_IED_LlanoOriental_S208_7b9fcd,PUR_IED_LlanoOriental_S208_7b9fcd,,,,,
2026-09-12T18:26:07-05:00,PUR_IED_LlanoOriental_S9_27b378,PUR_IED_LlanoOriental_S9_27b378,,,,,
2026-09-12T18:26:07-05:00,PUR_IED_LosTejares_1101_477602,PUR_IED_LosTejares_1101_477602,,,,,
2026-09-12T18:26:07-05:00,PUR_IED_LosTejares_11_d2c595,PUR_IED_LosTejares_11_d2c595,,,,,
2026-09-12T18:26:07-05:00,PUR_IED_LosTejares_12_477602,PUR_IED_LosTejares_12_477602,,,,,
2026-09-12T18:26:07-05:00,PUR_IED_LosTejares_Ext_8e2115,PUR_IED_LosTejares_Ext_8e2115,,,,,
2026-09-12T18:26:07-05:00,PUR_IED_MagdalenaO_B202_5ddda3,PUR_IED_MagdalenaO_B202_5ddda3,,,,,
2026-09-12T18:26:07-05:00,PUR_IED_MagdalenaO_B205_fb76e8,PUR_IED_MagdalenaO_B205_fb76e8,,,,,
2026-09-12T18:26:07-05:00,PUR_IED_MagdalenaO_ext_dc69cd,PUR_IED_MagdalenaO_ext_dc69cd,,,,,
2026-09-12T18:26:07-05:00,PUR_IED_ManueCepeda_artes_eee956,PUR_IED_ManueCepeda_artes_eee956,,,,,
2026-09-12T18:26:07-05:00,PUR_IED_ManuelCepeda_Ext_58313,PUR_IED_ManuelCepeda_Ext_58313,,,,,
2026-09-12T18:26:07-05:00,PUR_IED_ManuelCepeda_tec_1c5731,PUR_IED_ManuelCepeda_tec_1c5731,,,,,
2026-09-12T18:26:07-05:00,PUR_IED_ManuelS_Exterior_5b269,PUR_IED_ManuelS_Exterior_5b269,,,,,
2026-09-12T18:26:07-05:00,PUR_IED_ManuelS_Inform_f369ce,PUR_IED_ManuelS_Inform_f369ce,,,,,
2026-09-12T18:26:07-05:00,PUR_IED_ManuelS_SArtes_7d15f1,PUR_IED_ManuelS_SArtes_7d15f1,,,,,
2026-09-12T18:26:07-05:00,PUR_IED_ManuelZapata_303_3ca6,PUR_IED_ManuelZapata_303_3ca6,,,,,
2026-09-12T18:26:07-05:00,PUR_IED_ManuelZapata_311_bfbabc,PUR_IED_ManuelZapata_311_bfbabc,,,,,
2026-09-12T18:26:07-05:00,PUR_IED_ManuelZapata_Ext_50824a,PUR_IED_ManuelZapata_Ext_50824a,,,,,
2026-09-12T18:26:07-05:00,PUR_IED_ManuelitaS_Exteri_656a92,PUR_IED_ManuelitaS_Exteri_656a92,,,,,
2026-09-12T18:26:07-05:00,PUR_IED_ManuelitaS_JuzgDe_f58ec3,PUR_IED_ManuelitaS_JuzgDe_f58ec3,,,,,
2026-09-12T18:26:07-05:00,PUR_IED_ManuelitaS_Recrea_d793db,PUR_IED_ManuelitaS_Recrea_d793db,,,,,
2026-09-12T18:26:07-05:00,PUR_IED_MarFidSuarez_Ext_c27b19,PUR_IED_MarFidSuarez_Ext_c27b19,,,,,
2026-09-12T18:26:07-05:00,PUR_IED_MarFidSuarez_Info_e384d7,PUR_IED_MarFidSuarez_Info_e384d7,,,,,
2026-09-12T18:26:07-05:00,PUR_IED_MarFidSuarez_S306_1d0032,PUR_IED_MarFidSuarez_S306_1d0032,,,,,
2026-09-12T18:26:07-05:00,PUR_IED_Menorah_301_2a25a3,PUR_IED_Menorah_301_2a25a3,,,,,
2026-09-12T18:26:07-05:00,PUR_IED_Menorah_306_37ed3,PUR_IED_Menorah_306_37ed3,,,,,
2026-09-12T18:26:07-05:00,PUR_IED_Menorah_Ext_3e155b,PUR_IED_Menorah_Ext_3e155b,,,,,
2026-09-12T18:26:07-05:00,PUR_IED_MinutoB.Aires_A11_1b1604,PUR_IED_MinutoB.Aires_A11_1b1604,,,,,
2026-09-12T18:26:07-05:00,PUR_IED_MinutoB.Aires_A12_fb5860,PUR_IED_MinutoB.Aires_A12_fb5860,,,,,
2026-09-12T18:26:07-05:00,PUR_IED_MinutoB.Aires_Ext_81293f,PUR_IED_MinutoB.Aires_Ext_81293f,,,,,
2026-09-12T18:26:07-05:00,PUR_IED_MinutoBAires_A11_1b1604,PUR_IED_MinutoBAires_A11_1b1604,,,,,
2026-09-12T18:26:07-05:00,PUR_IED_MinutoBAires_A12_fb5860,PUR_IED_MinutoBAires_A12_fb5860,,,,,
2026-09-12T18:26:07-05:00,PUR_IED_MinutoBAires_Ext_81293f,PUR_IED_MinutoBAires_Ext_81293f,,,,,
2026-09-12T18:26:07-05:00,PUR_IED_Montreal_Aula10_1e4959,PUR_IED_Montreal_Aula10_1e4959,,,,,
2026-09-12T18:26:07-05:00,PUR_IED_Montreal_Aula6_300367,PUR_IED_Montreal_Aula6_300367,,,,,
2026-09-12T18:26:07-05:00,PUR_IED_Montreal_Exterior_91a179,PUR_IED_Montreal_Exterior_91a179,,,,,
2026-09-12T18:26:07-05:00,PUR_IED_Mqgdalena_B202_5ddda3,PUR_IED_Mqgdalena_B202_5ddda3,,,,,
2026-09-12T18:26:07-05:00,PUR_IED_NACUND_Soc_dc8728,PUR_IED_NACUND_Soc_dc8728,,,,,
2026-09-12T18:26:07-05:00,PUR_IED_NACUND_ext_27ad97,PUR_IED_NACUND_ext_27ad97,,,,,
2026-09-12T18:26:07-05:00,PUR_IED_NEsperanza_Ext_d24b61,PUR_IED_NEsperanza_Ext_d24b61,,,,,
2026-09-12T18:26:07-05:00,PUR_IED_NEsperanza_SElect_7d1807,PUR_IED_NEsperanza_SElect_7d1807,,,,,
2026-09-12T18:26:07-05:00,PUR_IED_NEsperanza_SLabor_8b2d0a,PUR_IED_NEsperanza_SLabor_8b2d0a,,,,,
2026-09-12T18:26:07-05:00,PUR_IED_NacionesU_Ext_f661a9,PUR_IED_NacionesU_Ext_f661a9,,,,,
2026-09-12T18:26:07-05:00,PUR_IED_NacionesU_Quimica_66f0a,PUR_IED_NacionesU_Quimica_66f0a,,,,,
2026-09-12T18:26:07-05:00,PUR_IED_NacionesU_S306_1b4b3d,PUR_IED_NacionesU_S306_1b4b3d,,,,,
2026-09-12T18:26:07-05:00,PUR_IED_NestorFA_Ext_e4201c,PUR_IED_NestorFA_Ext_e4201c,,,,,
2026-09-12T18:26:07-05:00,PUR_IED_NestorFA_Laborato_f22fe0,PUR_IED_NestorFA_Laborato_f22fe0,,,,,
2026-09-12T18:26:07-05:00,PUR_IED_NestorFA_S204_dee996,PUR_IED_NestorFA_S204_dee996,,,,,
2026-09-12T18:26:07-05:00,PUR_IED_NidyaQT_Aula03_76999b,PUR_IED_NidyaQT_Aula03_76999b,,,,,
2026-09-12T18:26:07-05:00,PUR_IED_NidyaQT_Aula10_56325,PUR_IED_NidyaQT_Aula10_56325,,,,,
2026-09-12T18:26:07-05:00,PUR_IED_NidyaQT_Ext_46e32d,PUR_IED_NidyaQT_Ext_46e32d,,,,,
2026-09-12T18:26:07-05:00,PUR_IED_NuevaCol_Exterior_d9b859,PUR_IED_NuevaCol_Exterior_d9b859,,,,,
2026-09-12T18:26:07-05:00,PUR_IED_NuevaCol_S1101_76c43b,PUR_IED_NuevaCol_S1101_76c43b,,,,,
2026-09-12T18:26:07-05:00,PUR_IED_NuevaCol_S1102_1ce0b5,PUR_IED_NuevaCol_S1102_1ce0b5,,,,,
2026-09-12T18:26:07-05:00,PUR_IED_OEA_A202_f7e3f2,PUR_IED_OEA_A202_f7e3f2,,,,,
2026-09-12T18:26:07-05:00,PUR_IED_OEA_A203_7d1b8d,PUR_IED_OEA_A203_7d1b8d,,,,,
2026-09-12T18:26:07-05:00,PUR_IED_OEA_Ext_27b593,PUR_IED_OEA_Ext_27b593,,,,,
2026-09-12T18:26:07-05:00,PUR_IED_Ochoa_Ext_1c29da,PUR_IED_Ochoa_Ext_1c29da,,,,,
2026-09-12T18:26:07-05:00,PUR_IED_Ochoa_S205_8b1121,PUR_IED_Ochoa_S205_8b1121,,,,,
2026-09-12T18:26:07-05:00,PUR_IED_Ochoa_Sistemas_f33af6,PUR_IED_Ochoa_Sistemas_f33af6,,,,,
2026-09-12T18:26:07-05:00,PUR_IED_PQuebec_Ext_1c67c7,PUR_IED_PQuebec_Ext_1c67c7,,,,,
2026-09-12T18:26:07-05:00,PUR_IED_PQuebec_S15_23e8e2,PUR_IED_PQuebec_S15_23e8e2,,,,,
2026-09-12T18:26:07-05:00,PUR_IED_PQuebec_S16_8ec76b,PUR_IED_PQuebec_S16_8ec76b,,,,,
2026-09-12T18:26:07-05:00,PUR_IED_PabloN_Ext_49dc96,PUR_IED_PabloN_Ext_49dc96,,,,,
2026-09-12T18:26:07-05:00,PUR_IED_PabloN_S1102_4e3df5,PUR_IED_PabloN_S1102_4e3df5,,,,,
2026-09-12T18:26:07-05:00,PUR_IED_PabloN_S1103_50c94b,PUR_IED_PabloN_S1103_50c94b,,,,,
2026-09-12T18:26:07-05:00,PUR_IED_Palestina_S1101_db9198,PUR_IED_Palestina_S1101_db9198,,,,,
2026-09-12T18:26:07-05:00,PUR_IED_Palestina_S1102_dc54fa,PUR_IED_Palestina_S1102_dc54fa,,,,,
2026-09-12T18:26:07-05:00,PUR_IED_Palestina_ext_4ccce6,PUR_IED_Palestina_ext_4ccce6,,,,,
2026-09-12T18:26:07-05:00,PUR_IED_Panama_Fisica_4d0794,PUR_IED_Panama_Fisica_4d0794,,,,,
2026-09-12T18:26:07-05:00,PUR_IED_Panama_SIngles_a4077e,PUR_IED_Panama_SIngles_a4077e,,,,,
2026-09-12T18:26:07-05:00,PUR_IED_Panama_ext_4c54b4,PUR_IED_Panama_ext_4c54b4,,,,,
2026-09-12T18:26:07-05:00,PUR_IED_ParaisoM_Exterior_8cd7f0,PUR_IED_ParaisoM_Exterior_8cd7f0,,,,,
2026-09-12T18:26:07-05:00,PUR_IED_ParaisoM_Laborato_27af35,PUR_IED_ParaisoM_Laborato_27af35,,,,,
2026-09-12T18:26:07-05:00,PUR_IED_ParaisoM_S304_d1edca,PUR_IED_ParaisoM_S304_d1edca,,,,,
2026-09-12T18:26:07-05:00,PUR_IED_PorfirioBarba_Ext_301466,PUR_IED_PorfirioBarba_Ext_301466,,,,,
2026-09-12T18:26:07-05:00,PUR_IED_PorfirioBarba_S11_df6cd2,PUR_IED_PorfirioBarba_S11_df6cd2,,,,,
2026-09-12T18:26:07-05:00,PUR_IED_PorfirioBarba_S29_27a7d6,PUR_IED_PorfirioBarba_S29_27a7d6,,,,,
2026-09-12T18:26:07-05:00,PUR_IED_PradoV_Exter_8b27ad,PUR_IED_PradoV_Exter_8b27ad,,,,,
2026-09-12T18:26:07-05:00,PUR_IED_PradoV_S301_de65b5,PUR_IED_PradoV_S301_de65b5,,,,,
2026-09-12T18:26:07-05:00,PUR_IED_PradoV_S302_7d2593,PUR_IED_PradoV_S302_7d2593,,,,,
2026-09-12T18:26:07-05:00,PUR_IED_QuirogaAlz_Ext_1ddc82,PUR_IED_QuirogaAlz_Ext_1ddc82,,,,,
2026-09-12T18:26:07-05:00,PUR_IED_QuirogaAlz_S302_9926a3,PUR_IED_QuirogaAlz_S302_9926a3,,,,,
2026-09-12T18:26:07-05:00,PUR_IED_QuirogaAlz_S305_cdf1f1,PUR_IED_QuirogaAlz_S305_cdf1f1,,,,,
2026-09-12T18:26:07-05:00,PUR_IED_RGuatemala_Biling_dc53b7,PUR_IED_RGuatemala_Biling_dc53b7,,,,,
2026-09-12T18:26:07-05:00,PUR_IED_RGuatemala_Ext_1b89a3,PUR_IED_RGuatemala_Ext_1b89a3,,,,,
2026-09-12T18:26:07-05:00,PUR_IED_RGuatemala_Tecnol_281a34,PUR_IED_RGuatemala_Tecnol_281a34,,,,,
2026-09-12T18:26:07-05:00,PUR_IED_RafaNu_Ext_f7c302,PUR_IED_RafaNu_Ext_f7c302,,,,,
2026-09-12T18:26:07-05:00,PUR_IED_RafaNu_S1101_25fde,PUR_IED_RafaNu_S1101_25fde,,,,,
2026-09-12T18:26:07-05:00,PUR_IED_RafaNu_S1102_281517,PUR_IED_RafaNu_S1102_281517,,,,,
2026-09-12T18:26:07-05:00,PUR_IED_RafaelB_S305_ee2783,PUR_IED_RafaelB_S305_ee2783,,,,,
2026-09-12T18:26:07-05:00,PUR_IED_RafaelB_S306_75fe33,PUR_IED_RafaelB_S306_75fe33,,,,,
2026-09-12T18:26:07-05:00,PUR_IED_RafaelB_ext_283336,PUR_IED_RafaelB_ext_283336,2,20,58,4.6722,-74.0737
2026-09-12T18:26:07-05:00,PUR_IED_RafaelUU_Exterior_281a51,PUR_IED_RafaelUU_Exterior_281a51,,,,,
2026-09-12T18:26:07-05:00,PUR_IED_RafaelUU_Human_806b2,PUR_IED_RafaelUU_Human_806b2,,,,,
2026-09-12T18:26:07-05:00,PUR_IED_RafaelUU_Mate2_5680d4,PUR_IED_RafaelUU_Mate2_5680d4,,,,,
2026-09-12T18:26:07-05:00,PUR_IED_RamonSub_Ext_f9eeb9,PUR_IED_RamonSub_Ext_f9eeb9,,,,,
2026-09-12T18:26:07-05:00,PUR_IED_RamonSub_Media_d1f62f,PUR_IED_RamonSub_Media_d1f62f,,,,,
2026-09-12T18:26:07-05:00,PUR_IED_RamonSub_planta_51b82,PUR_IED_RamonSub_planta_51b82,,,,,
2026-09-12T18:26:07-05:00,PUR_IED_RepBoliVene_Exter_27af7c,PUR_IED_RepBoliVene_Exter_27af7c,,,,,
2026-09-12T18:26:07-05:00,PUR_IED_RepBoliVene_SCPT_5ae2ee,PUR_IED_RepBoliVene_SCPT_5ae2ee,,,,,
2026-09-12T18:26:07-05:00,PUR_IED_RepBoliVene_Socia_4b11d5,PUR_IED_RepBoliVene_Socia_4b11d5,,,,,
2026-09-12T18:26:07-05:00,PUR_IED_RepChina_Ext_76d9ee,PUR_IED_RepChina_Ext_76d9ee,,,,,
2026-09-12T18:26:07-05:00,PUR_IED_RepChina_S404_7c804c,PUR_IED_RepChina_S404_7c804c,,,,,
2026-09-12T18:26:07-05:00,PUR_IED_RepChina_S405_df2c33,PUR_IED_RepChina_S405_df2c33,,,,,
2026-09-12T18:26:07-05:00,PUR_IED_RepublicaC_Exteri_7d1ec9,PUR_IED_RepublicaC_Exteri_7d1ec9,,,,,
2026-09-12T18:26:07-05:00,PUR_IED_RepublicaC_S1101_f544b3,PUR_IED_RepublicaC_S1101_f544b3,,,,,
2026-09-12T18:26:07-05:00,PUR_IED_RepublicaC_S1102_7aafc7,PUR_IED_RepublicaC_S1102_7aafc7,,,,,
2026-09-12T18:26:07-05:00,PUR_IED_Ricaurte_Externo_a0ea1,PUR_IED_Ricaurte_Externo_a0ea1,,,,,
2026-09-12T18:26:07-05:00,PUR_IED_Ricaurte_S210_f546fd,PUR_IED_Ricaurte_S210_f546fd,,,,,
2026-09-12T18:26:07-05:00,PUR_IED_Ricaurte_S309_d4452,PUR_IED_Ricaurte_S309_d4452,,,,,
2026-09-12T18:26:07-05:00,PUR_IED_RogelioS_1102_531e69,PUR_IED_RogelioS_1102_531e69,,,,,
2026-09-12T18:26:07-05:00,PUR_IED_RogelioS_Ext_f25a18,PUR_IED_RogelioS_Ext_f25a18,,,,,
2026-09-12T18:26:07-05:00,PUR_IED_SBernardino_Ext_27aff8,PUR_IED_SBernardino_Ext_27aff8,,,,,
2026-09-12T18:26:07-05:00,PUR_IED_SBernardino_SArte_2ffd33,PUR_IED_SBernardino_SArte_2ffd33,,,,,
2026-09-12T18:26:07-05:00,PUR_IED_SBernardino_SIngl_7c7da5,PUR_IED_SBernardino_SIngl_7c7da5,,,,,
2026-09-12T18:26:07-05:00,PUR_IED_Sago_auditorio_dc9d1d,PUR_IED_Sago_auditorio_dc9d1d,,,,,
2026-09-12T18:26:07-05:00,PUR_IED_Saludcoop_Ext_95aac3,PUR_IED_Saludcoop_Ext_95aac3,,,,,
2026-09-12T18:26:07-05:00,PUR_IED_Saludcoop_InfI_90c854,PUR_IED_Saludcoop_InfI_90c854,,,,,
2026-09-12T18:26:07-05:00,PUR_IED_Saludcoop_SMedia_1b93be,PUR_IED_Saludcoop_SMedia_1b93be,,,,,
2026-09-12T18:26:07-05:00,PUR_IED_SanCarlos_1101_1a2360,PUR_IED_SanCarlos_1101_1a2360,,,,,
2026-09-12T18:26:07-05:00,PUR_IED_SanCarlos_1103_7bafb5,PUR_IED_SanCarlos_1103_7bafb5,,,,,
2026-09-12T18:26:07-05:00,PUR_IED_SanCarlos_Ext_b7cd1,PUR_IED_SanCarlos_Ext_b7cd1,,,,,
2026-09-12T18:26:07-05:00,PUR_IED_SanIgnacioBosa11a_50c26e,PUR_IED_SanIgnacioBosa11a_50c26e,,,,,
2026-09-12T18:26:07-05:00,PUR_IED_SanIgnacioBosa11b_371de8,PUR_IED_SanIgnacioBosa11b_371de8,,,,,
2026-09-12T18:26:07-05:00,PUR_IED_SanIgnacioBosaExt_ef0ffc,PUR_IED_SanIgnacioBosaExt_ef0ffc,,,,,
2026-09-12T18:26:07-05:00,PUR_IED_SanIgnacioBosa_11a_50c26e,PUR_IED_SanIgnacioBosa_11a_50c26e,,,,,
2026-09-12T18:26:07-05:00,PUR_IED_SanIgnacioBosa_Ext_ef0ffc,PUR_IED_SanIgnacioBosa_Ext_ef0ffc,,,,,
2026-09-12T18:26:07-05:00,PUR_IED_SanJoseN_intS1101_31c47f,PUR_IED_SanJoseN_intS1101_31c47f,,,,,
2026-09-12T18:26:07-05:00,PUR_IED_SanJoseUsm_Exter_f5d7e8,PUR_IED_SanJoseUsm_Exter_f5d7e8,,,,,
2026-09-12T18:26:07-05:00,PUR_IED_SanJoseUsm_Int11A_cfdef6,PUR_IED_SanJoseUsm_Int11A_cfdef6,,,,,
2026-09-12T18:26:07-05:00,PUR_IED_SilveriaR_IntB5_905349,PUR_IED_SilveriaR_IntB5_905349,,,,,
2026-09-12T18:26:07-05:00,PUR_IED_SilveriaR_IntSD14_981f93,PUR_IED_SilveriaR_IntSD14_981f93,,,,,
2026-09-12T18:26:07-05:00,PUR_IED_SilveriaR_ext_2b651d,PUR_IED_SilveriaR_ext_2b651d,,,,,
2026-09-12T18:26:07-05:00,PUR_IED_SimonB_Exterior_913975,PUR_IED_SimonB_Exterior_913975,,,,,
2026-09-12T18:26:07-05:00,PUR_IED_SimonB_LabQuimi_c56908,PUR_IED_SimonB_LabQuimi_c56908,,,,,
2026-09-12T18:26:07-05:00,PUR_IED_SimonB_informatic_a28c1,PUR_IED_SimonB_informatic_a28c1,,,,,
2026-09-12T18:26:07-05:00,PUR_IED_Sorrento_1102_315f50,PUR_IED_Sorrento_1102_315f50,,,,,
2026-09-12T18:26:07-05:00,PUR_IED_Sorrento_Minte_214eab,PUR_IED_Sorrento_Minte_214eab,,,,,
2026-09-12T18:26:07-05:00,PUR_IED_Sorrento_ext_7c3a0a,PUR_IED_Sorrento_ext_7c3a0a,,,,,
2026-09-12T18:26:07-05:00,PUR_IED_Tabora_Ext_f048ae,PUR_IED_Tabora_Ext_f048ae,,,,,
2026-09-12T18:26:07-05:00,PUR_IED_Tabora_S1102_b07752,PUR_IED_Tabora_S1102_b07752,,,,,
2026-09-12T18:26:07-05:00,PUR_IED_Tabora_S1103_d988f5,PUR_IED_Tabora_S1103_d988f5,,,,,
2026-09-12T18:26:07-05:00,PUR_IED_Tenerife_Ext_1ab188,PUR_IED_Tenerife_Ext_1ab188,,,,,
2026-09-12T18:26:07-05:00,PUR_IED_Tenerife_SDanzas_7bc02e,PUR_IED_Tenerife_SDanzas_7bc02e,,,,,
2026-09-12T18:26:07-05:00,PUR_IED_Tenerife_SIngles_7cc277,PUR_IED_Tenerife_SIngles_7cc277,,,,,
2026-09-12T18:26:07-05:00,PUR_IED_Tibabuyes_Exter_f2683d,PUR_IED_Tibabuyes_Exter_f2683d,,,,,
2026-09-12T18:26:07-05:00,PUR_IED_Tibabuyes_S10_dc87a8,PUR_IED_Tibabuyes_S10_dc87a8,,,,,
2026-09-12T18:26:07-05:00,PUR_IED_Tibabuyes_S15_dc0526,PUR_IED_Tibabuyes_S15_dc0526,,,,,
2026-09-12T18:26:07-05:00,PUR_IED_UnionE_S301_a1043,PUR_IED_UnionE_S301_a1043,,,,,
2026-09-12T18:26:07-05:00,PUR_IED_UnionE_S307_ff6c2f,PUR_IED_UnionE_S307_ff6c2f,,,,,
2026-09-12T18:26:07-05:00,PUR_IED_UnionE__Ext_5e2468,PUR_IED_UnionE__Ext_5e2468,,,,,
2026-09-12T18:26:07-05:00,PUR_IED_VillaRica_Ext_75be7c,PUR_IED_VillaRica_Ext_75be7c,,,,,
2026-09-12T18:26:07-05:00,PUR_IED_VillaRica_S4_cc5dcd,PUR_IED_VillaRica_S4_cc5dcd,,,,,
2026-09-12T18:26:07-05:00,PUR_IED_VillaRica_Sesp_99f5c,PUR_IED_VillaRica_Sesp_99f5c,,,,,
2026-09-12T18:31:08-05:00,PUR_IED_20deJulio_1101_91b1b9,PUR_IED_20deJulio_1101_91b1b9,,,,,
2026-09-12T18:31:08-05:00,PUR_IED_20deJulio_1102_1cfcf9,PUR_IED_20deJulio_1102_1cfcf9,,,,,
2026-09-12T18:31:08-05:00,PUR_IED_20deJulio_Ext_ab60bd,PUR_IED_20deJulio_Ext_ab60bd,,,,,
2026-09-12T18:31:08-05:00,PUR_IED_AgustinFer_Ext_7b9b77,PUR_IED_AgustinFer_Ext_7b9b77,,,,,
2026-09-12T18:31:08-05:00,PUR_IED_AgustinFer_Info2_27b3a7,PUR_IED_AgustinFer_Info2_27b3a7,,,,,
2026-09-12T18:31:08-05:00,PUR_IED_AgustinFer_Sena_54b4eb,PUR_IED_AgustinFer_Sena_54b4eb,,,,,
2026-09-12T18:31:08-05:00,PUR_IED_AlexanderF_1102_caf07b,PUR_IED_AlexanderF_1102_caf07b,,,,,
2026-09-12T18:31:08-05:00,PUR_IED_AlexanderF_1103_c79e71,PUR_IED_AlexanderF_1103_c79e71,,,,,
2026-09-12T18:31:08-05:00,PUR_IED_AlexanderF_Ext_c5b18b,PUR_IED_AlexanderF_Ext_c5b18b,,,,,
2026-09-12T18:31:08-05:00,PUR_IED_AlfonsoLopez_Ext_281d77,PUR_IED_AlfonsoLopez_Ext_281d77,,,,,
2026-09-12T18:31:08-05:00,PUR_IED_AlfonsoLopez_LabF_888ce0,PUR_IED_AlfonsoLopez_LabF_888ce0,,,,,
2026-09-12T18:31:08-05:00,PUR_IED_AlfonsoLopez_SMed_df6a7f,PUR_IED_AlfonsoLopez_SMed_df6a7f,,,,,
2026-09-12T18:31:08-05:00,PUR_IED_AltamiraSO_A2_209f92,PUR_IED_AltamiraSO_A2_209f92,,,,,
2026-09-12T18:31:08-05:00,PUR_IED_AltamiraSO_Ext_186d66,PUR_IED_AltamiraSO_Ext_186d66,,,,,
2026-09-12T18:31:08-05:00,PUR_IED_AltamiraSO_Sistem_27afe1,PUR_IED_AltamiraSO_Sistem_27afe1,,,,,
2026-09-12T18:31:08-05:00,PUR_IED_AlvaroGom_LabQuim_813179,PUR_IED_AlvaroGom_LabQuim_813179,,,,,
2026-09-12T18:31:08-05:00,PUR_IED_AlvaroGomez_Ext_47c7ca,PUR_IED_AlvaroGomez_Ext_47c7ca,,,,,
2026-09-12T18:31:08-05:00,PUR_IED_AlvaroGomez_LabQuim_813179,PUR_IED_AlvaroGomez_LabQuim_813179,,,,,
2026-09-12T18:31:08-05:00,PUR_IED_AlvaroGomez_S23_7ba89f,PUR_IED_AlvaroGomez_S23_7ba89f,,,,,
2026-09-12T18:31:08-05:00,PUR_IED_Amistad_306_dc8728,PUR_IED_Amistad_306_dc8728,,,,,
2026-09-12T18:31:08-05:00,PUR_IED_Amistad_Ext_8cd55e,PUR_IED_Amistad_Ext_8cd55e,,,,,
2026-09-12T18:31:08-05:00,PUR_IED_Amistad_S202_a41169,PUR_IED_Amistad_S202_a41169,,,,,
2026-09-12T18:31:08-05:00,PUR_IED_AndresBello_Bio_fd5f5e,PUR_IED_AndresBello_Bio_fd5f5e,,,,,
2026-09-12T18:31:08-05:00,PUR_IED_AndresBello_ext_dcad65,PUR_IED_AndresBello_ext_dcad65,,,,,
2026-09-12T18:31:08-05:00,PUR_IED_AndresBello_port_eed3ec,PUR_IED_AndresBello_port_eed3ec,,,,,
2026-09-12T18:31:08-05:00,PUR_IED_AngelaR_11b_d90a6b,PUR_IED_AngelaR_11b_d90a6b,,,,,
2026-09-12T18:31:08-05:00,PUR_IED_AngelaR_ext_7cad3e,PUR_IED_AngelaR_ext_7cad3e,5,19,63,4.5825,-74.164497
2026-09-12T18:31:08-05:00,PUR_IED_AntJoseSucre_10mo_df2575,PUR_IED_AntJoseSucre_10mo_df2575,,,,,
2026-09-12T18:31:08-05:00,PUR_IED_AntJoseSucre_Ext_215b36,PUR_IED_AntJoseSucre_Ext_215b36,,,,,
2026-09-12T18:31:08-05:00,PUR_IED_AntJoseSucre_Lab_3139de,PUR_IED_AntJoseSucre_Lab_3139de,,,,,
2026-09-12T18:31:08-05:00,PUR_IED_AntonioGarcia_301_d6b188,PUR_IED_AntonioGarcia_301_d6b188,,,,,
2026-09-12T18:31:08-05:00,PUR_IED_AntonioGarcia_302_88a82,PUR_IED_AntonioGarcia_302_88a82,,,,,
2026-09-12T18:31:08-05:00,PUR_IED_AntonioGarcia_Ext_20950c,PUR_IED_AntonioGarcia_Ext_20950c,,,,,
2026-09-12T18:31:08-05:00,PUR_IED_AntonioVan_Aula2_6dea02,PUR_IED_AntonioVan_Aula2_6dea02,,,,,
2026-09-12T18:31:08-05:00,PUR_IED_AntonioVan_Aula5_f1557e,PUR_IED_AntonioVan_Aula5_f1557e,,,,,
2026-09-12T18:31:08-05:00,PUR_IED_AntonioVan_Ext_406f2f,PUR_IED_AntonioVan_Ext_406f2f,,,,,
2026-09-12T18:31:08-05:00,PUR_IED_Atabanzha_Ext_cc5af9,PUR_IED_Atabanzha_Ext_cc5af9,,,,,
2026-09-12T18:31:08-05:00,PUR_IED_Atabanzha_SA101_56c37,PUR_IED_Atabanzha_SA101_56c37,,,,,
2026-09-12T18:31:08-05:00,PUR_IED_Atabanzha_SB302_27b374,PUR_IED_Atabanzha_SB302_27b374,,,,,
2026-09-12T18:31:08-05:00,PUR_IED_Atahualpa_Ext_fc1748,PUR_IED_Atahualpa_Ext_fc1748,,,,,
2026-09-12T18:31:08-05:00,PUR_IED_Atahualpa_Informa_dc9a95,PUR_IED_Atahualpa_Informa_dc9a95,,,,,
2026-09-12T18:31:08-05:00,PUR_IED_Atahualpa_S1101_f98056,PUR_IED_Atahualpa_S1101_f98056,,,,,
2026-09-12T18:31:08-05:00,PUR_IED_Bellavista_Ext_f5aa74,PUR_IED_Bellavista_Ext_f5aa74,,,,,
2026-09-12T18:31:08-05:00,PUR_IED_Bilbao_11A_916c41,PUR_IED_Bilbao_11A_916c41,,,,,
2026-09-12T18:31:08-05:00,PUR_IED_Bilbao_Ext_fb579a,PUR_IED_Bilbao_Ext_fb579a,,,,,
2026-09-12T18:31:08-05:00,PUR_IED_BrasiliaU_A125_304280,PUR_IED_BrasiliaU_A125_304280,,,,,
2026-09-12T18:31:08-05:00,PUR_IED_BrasiliaU_A203_7c8ca5,PUR_IED_BrasiliaU_A203_7c8ca5,,,,,
2026-09-12T18:31:08-05:00,PUR_IED_BrasiliaU_Ext_8d6e9f,PUR_IED_BrasiliaU_Ext_8d6e9f,6,19,60,4.5175,-74.116302
2026-09-12T18:31:08-05:00,PUR_IED_Brasilia_Ext_fe6593,PUR_IED_Brasilia_Ext_fe6593,,,,,
2026-09-12T18:31:08-05:00,PUR_IED_Brasilia_S24_7c130d,PUR_IED_Brasilia_S24_7c130d,,,,,
2026-09-12T18:31:08-05:00,PUR_IED_Brasilia_S501_186a54,PUR_IED_Brasilia_S501_186a54,,,,,
2026-09-12T18:31:08-05:00,PUR_IED_CHARRY_EXT_f1d5cd,PUR_IED_CHARRY_EXT_f1d5cd,,,,,
2026-09-12T18:31:08-05:00,PUR_IED_CHARRY_INTDANZAS_7a08e6,PUR_IED_CHARRY_INTDANZAS_7a08e6,,,,,
2026-09-12T18:31:08-05:00,PUR_IED_CHARRY_INT_AULA20_dc998d,PUR_IED_CHARRY_INT_AULA20_dc998d,,,,,
2026-09-12T18:31:08-05:00,PUR_IED_COLVIV_1101_S25_7f520a,PUR_IED_COLVIV_1101_S25_7f520a,,,,,
2026-09-12T18:31:08-05:00,PUR_IED_COLVIV_1102_S16_f570ba,PUR_IED_COLVIV_1102_S16_f570ba,,,,,
2026-09-12T18:31:08-05:00,PUR_IED_COLVIV_Ext_1a26fa,PUR_IED_COLVIV_Ext_1a26fa,,,,,
2026-09-12T18:31:08-05:00,PUR_IED_CULPOP_301A_f660f3,PUR_IED_CULPOP_301A_f660f3,,,,,
2026-09-12T18:31:08-05:00,PUR_IED_CULPOP_303_568afe,PUR_IED_CULPOP_303_568afe,,,,,
2026-09-12T18:31:08-05:00,PUR_IED_CULPOP_Ext_e02ccb,PUR_IED_CULPOP_Ext_e02ccb,,,,,
2026-09-12T18:31:08-05:00,PUR_IED_CVillavicen_Ext_26eb58,PUR_IED_CVillavicen_Ext_26eb58,6,16,75,4.487,-74.102798
2026-09-12T18:31:08-05:00,PUR_IED_CVillavicen_Intel_1ce5c2,PUR_IED_CVillavicen_Intel_1ce5c2,,,,,
2026-09-12T18:31:08-05:00,PUR_IED_CVillavicen_Poliv_e0766c,PUR_IED_CVillavicen_Poliv_e0766c,,,,,
2026-09-12T18:31:08-05:00,PUR_IED_CVillavicen_int_1ba140,PUR_IED_CVillavicen_int_1ba140,,,,,
2026-09-12T18:31:08-05:00,PUR_IED_CVillavicen_intel_1ba140,PUR_IED_CVillavicen_intel_1ba140,,,,,
2026-09-12T18:31:08-05:00,PUR_IED_CarlosPizarro_Ext_e307cc,PUR_IED_CarlosPizarro_Ext_e307cc,,,,,
2026-09-12T18:31:08-05:00,PUR_IED_CarlosPizarro_L36_7e5cdb,PUR_IED_CarlosPizarro_L36_7e5cdb,,,,,
2026-09-12T18:31:08-05:00,PUR_IED_CarlosPizarro_L37_c8566c,PUR_IED_CarlosPizarro_L37_c8566c,,,,,
2026-09-12T18:31:08-05:00,PUR_IED_Castilla_Ext_cf35f,PUR_IED_Castilla_Ext_cf35f,,,,,
2026-09-12T18:31:08-05:00,PUR_IED_Castilla_SFisik_360e38,PUR_IED_Castilla_SFisik_360e38,,,,,
2026-09-12T18:31:08-05:00,PUR_IED_Castilla_Sc304_496fbf,PUR_IED_Castilla_Sc304_496fbf,,,,,
2026-09-12T18:31:08-05:00,PUR_IED_CervantesSa_Ext_6b57b,PUR_IED_CervantesSa_Ext_6b57b,5,19,67,4.5128,-74.117203
2026-09-12T18:31:08-05:00,PUR_IED_CervantesSa_S107_225c2b,PUR_IED_CervantesSa_S107_225c2b,,,,,
2026-09-12T18:31:08-05:00,PUR_IED_CervantesSa_S108_940925,PUR_IED_CervantesSa_S108_940925,,,,,
2026-09-12T18:31:08-05:00,PUR_IED_Charry_A20_f53e7c,PUR_IED_Charry_A20_f53e7c,,,,,
2026-09-12T18:31:08-05:00,PUR_IED_Charry_Ext_f1d5cd,PUR_IED_Charry_Ext_f1d5cd,,,,,
2026-09-12T18:31:08-05:00,PUR_IED_Charry_IntAula20_dc998d,PUR_IED_Charry_IntAula20_dc998d,,,,,
2026-09-12T18:31:08-05:00,PUR_IED_Charry_IntDanzas_7a08e6,PUR_IED_Charry_IntDanzas_7a08e6,,,,,
2026-09-12T18:31:08-05:00,PUR_IED_ClememciaC_203_43e2fc,PUR_IED_ClememciaC_203_43e2fc,,,,,
2026-09-12T18:31:08-05:00,PUR_IED_ClememciaC_Ext_1b411a,PUR_IED_ClememciaC_Ext_1b411a,,,,,
2026-09-12T18:31:08-05:00,PUR_IED_ClememciaC_Quimic_44b5fc,PUR_IED_ClememciaC_Quimic_44b5fc,,,,,
2026-09-12T18:31:08-05:00,PUR_IED_ClemenciaC_203_43e2fc,PUR_IED_ClemenciaC_203_43e2fc,,,,,
2026-09-12T18:31:08-05:00,PUR_IED_ClemenciaC_Ext_1b411a,PUR_IED_ClemenciaC_Ext_1b411a,,,,,
2026-09-12T18:31:08-05:00,PUR_IED_ClemenciaC_Quimic_44b5fc,PUR_IED_ClemenciaC_Quimic_44b5fc,,,,,
2026-09-12T18:31:08-05:00,PUR_IED_ColViva_1101_S25_7f520a,PUR_IED_ColViva_1101_S25_7f520a,,,,,
2026-09-12T18:31:08-05:00,PUR_IED_ColViva_1102_S16_f570ba,PUR_IED_ColViva_1102_S16_f570ba,,,,,
2026-09-12T18:31:08-05:00,PUR_IED_ColViva_Ext_1a26fa,PUR_IED_ColViva_Ext_1a26fa,,,,,
2026-09-12T18:31:08-05:00,PUR_IED_ColegioBici_Asist_7c8798,PUR_IED_ColegioBici_Asist_7c8798,,,,,
2026-09-12T18:31:08-05:00,PUR_IED_ColegioBici_Ext_25cbf6,PUR_IED_ColegioBici_Ext_25cbf6,,,,,
2026-09-12T18:31:08-05:00,PUR_IED_ColegioBici_LabQ_7b57db,PUR_IED_ColegioBici_LabQ_7b57db,,,,,
2026-09-12T18:31:08-05:00,PUR_IED_CostaRica_Ext_5e640,PUR_IED_CostaRica_Ext_5e640,,,,,
2026-09-12T18:31:08-05:00,PUR_IED_CostaRica_Quim1_766d1c,PUR_IED_CostaRica_Quim1_766d1c,,,,,
2026-09-12T18:31:08-05:00,PUR_IED_CostaRica__Fisica_6f0873,PUR_IED_CostaRica__Fisica_6f0873,,,,,
2026-09-12T18:31:08-05:00,PUR_IED_CulPopu_301A_f660f3,PUR_IED_CulPopu_301A_f660f3,,,,,
2026-09-12T18:31:08-05:00,PUR_IED_CulPopu_303_568afe,PUR_IED_CulPopu_303_568afe,,,,,
2026-09-12T18:31:08-05:00,PUR_IED_CulPopu_Ext_e02ccb,PUR_IED_CulPopu_Ext_e02ccb,,,,,
2026-09-12T18:31:08-05:00,PUR_IED_Cundinamarca_Ext_f15985,PUR_IED_Cundinamarca_Ext_f15985,,,,,
2026-09-12T18:31:08-05:00,PUR_IED_Cundinamarca_Info_7aa5d7,PUR_IED_Cundinamarca_Info_7aa5d7,,,,,
2026-09-12T18:31:08-05:00,PUR_IED_Cundinamarca_Tec2_f449c7,PUR_IED_Cundinamarca_Tec2_f449c7,,,,,
2026-09-12T18:31:08-05:00,PUR_IED_DiegoM_Aula1_27b314,PUR_IED_DiegoM_Aula1_27b314,,,,,
2026-09-12T18:31:08-05:00,PUR_IED_DiegoM_Ext_d80ac8,PUR_IED_DiegoM_Ext_d80ac8,,,,,
2026-09-12T18:31:08-05:00,PUR_IED_DiegoM_S25_da928f,PUR_IED_DiegoM_S25_da928f,,,,,
2026-09-12T18:31:08-05:00,PUR_IED_ELRODEO_360881,PUR_IED_ELRODEO_360881,,,,,
2026-09-12T18:31:08-05:00,PUR_IED_ELRODEO_ext_360881,PUR_IED_ELRODEO_ext_360881,,,,,
2026-09-12T18:31:08-05:00,PUR_IED_EduardoU_Ext_1c1969,PUR_IED_EduardoU_Ext_1c1969,,,,,
2026-09-12T18:31:08-05:00,PUR_IED_EduardoU_SCiencia_4dfb94,PUR_IED_EduardoU_SCiencia_4dfb94,,,,,
2026-09-12T18:31:08-05:00,PUR_IED_EduardoU_SQuimica_5a46e7,PUR_IED_EduardoU_SQuimica_5a46e7,,,,,
2026-09-12T18:31:08-05:00,PUR_IED_ElRodeo_Aula14_676984,PUR_IED_ElRodeo_Aula14_676984,,,,,
2026-09-12T18:31:08-05:00,PUR_IED_ElRodeo_Aula16_2dd35b,PUR_IED_ElRodeo_Aula16_2dd35b,,,,,
2026-09-12T18:31:08-05:00,PUR_IED_ElRodeo_Ext_360881,PUR_IED_ElRodeo_Ext_360881,,,,,
2026-09-12T18:31:08-05:00,PUR_IED_ElRodeo_Exterior_8c6d28,PUR_IED_ElRodeo_Exterior_8c6d28,,,,,
2026-09-12T18:31:08-05:00,PUR_IED_ElRodeo_ext_360881,PUR_IED_ElRodeo_ext_360881,,,,,
2026-09-12T18:31:08-05:00,PUR_IED_EmmaReyes_Ext_987625,PUR_IED_EmmaReyes_Ext_987625,2,21,51,4.6367,-74.1511
2026-09-12T18:31:08-05:00,PUR_IED_Ensueño_Ext_7f0250,PUR_IED_Ensueño_Ext_7f0250,,,,,
2026-09-12T18:31:08-05:00,PUR_IED_EscNormal_Ext_5fef3b,PUR_IED_EscNormal_Ext_5fef3b,2,20,58,4.5852,-74.096901
2026-09-12T18:31:08-05:00,PUR_IED_EscNormal_S309_5b263,PUR_IED_EscNormal_S309_5b263,,,,,
2026-09-12T18:31:08-05:00,PUR_IED_EscNormal_S310_27b3b8,PUR_IED_EscNormal_S310_27b3b8,,,,,
2026-09-12T18:31:08-05:00,PUR_IED_Evangelista_Conta_f6cd4f,PUR_IED_Evangelista_Conta_f6cd4f,,,,,
2026-09-12T18:31:08-05:00,PUR_IED_Evangelista_Cri_5e16a,PUR_IED_Evangelista_Cri_5e16a,,,,,
2026-09-12T18:31:08-05:00,PUR_IED_Evangelista_Exter_754066,PUR_IED_Evangelista_Exter_754066,,,,,
2026-09-12T18:31:08-05:00,PUR_IED_FMiranda_S209_5cc2a3,PUR_IED_FMiranda_S209_5cc2a3,,,,,
2026-09-12T18:31:08-05:00,PUR_IED_FMiranda_S303_19e344,PUR_IED_FMiranda_S303_19e344,,,,,
2026-09-12T18:31:08-05:00,PUR_IED_FMiranda_ext_f53e7c,PUR_IED_FMiranda_ext_f53e7c,,,,,
2026-09-12T18:31:08-05:00,PUR_IED_FabioLozano_Bibli_1cee05,PUR_IED_FabioLozano_Bibli_1cee05,,,,,
2026-09-12T18:31:08-05:00,PUR_IED_FabioLozano_Ext_6ea285,PUR_IED_FabioLozano_Ext_6ea285,,,,,
2026-09-12T18:31:08-05:00,PUR_IED_FabioLozano_SLudi_f09e1e,PUR_IED_FabioLozano_SLudi_f09e1e,,,,,
2026-09-12T18:31:08-05:00,PUR_IED_FaustinoS_Aula07_27a731,PUR_IED_FaustinoS_Aula07_27a731,,,,,
2026-09-12T18:31:08-05:00,PUR_IED_FaustinoS_Ext_7b936f,PUR_IED_FaustinoS_Ext_7b936f,,,,,
2026-09-12T18:31:08-05:00,PUR_IED_FaustinoS_Fisica_da2c60,PUR_IED_FaustinoS_Fisica_da2c60,,,,,
2026-09-12T18:31:08-05:00,PUR_IED_FeGarciaLo_Ext_dc68ee,PUR_IED_FeGarciaLo_Ext_dc68ee,,,,,
2026-09-12T18:31:08-05:00,PUR_IED_FeGarciaLo_SDanza_f70a59,PUR_IED_FeGarciaLo_SDanza_f70a59,,,,,
2026-09-12T18:31:08-05:00,PUR_IED_FeGarciaLo_SMusic_125cdd,PUR_IED_FeGarciaLo_SMusic_125cdd,,,,,
2026-09-12T18:31:08-05:00,PUR_IED_FederalAlema_Exte_50c345,PUR_IED_FederalAlema_Exte_50c345,,,,,
2026-09-12T18:31:08-05:00,PUR_IED_FederalAlema_S31_f18371,PUR_IED_FederalAlema_S31_f18371,,,,,
2026-09-12T18:31:08-05:00,PUR_IED_FederalAlema_S901_a62cd,PUR_IED_FederalAlema_S901_a62cd,,,,,
2026-09-12T18:31:08-05:00,PUR_IED_FilarmonicaS_A5_f35eb1,PUR_IED_FilarmonicaS_A5_f35eb1,,,,,
2026-09-12T18:31:08-05:00,PUR_IED_FilarmonicaS_Ext_8a3bde,PUR_IED_FilarmonicaS_Ext_8a3bde,,,,,
2026-09-12T18:31:08-05:00,PUR_IED_FilarmonicaS_Spol_406114,PUR_IED_FilarmonicaS_Spol_406114,,,,,
2026-09-12T18:31:08-05:00,PUR_IED_FlorentinoG_A13_d1fa59,PUR_IED_FlorentinoG_A13_d1fa59,,,,,
2026-09-12T18:31:08-05:00,PUR_IED_FlorentinoG_Ext_1ce6ce,PUR_IED_FlorentinoG_Ext_1ce6ce,,,,,
2026-09-12T18:31:08-05:00,PUR_IED_FlorentinoG_Idiom_a66aac,PUR_IED_FlorentinoG_Idiom_a66aac,,,,,
2026-09-12T18:31:08-05:00,PUR_IED_FranciscoMati_Ext_e3869d,PUR_IED_FranciscoMati_Ext_e3869d,,,,,
2026-09-12T18:31:08-05:00,PUR_IED_FranciscoMati_S13_f31c67,PUR_IED_FranciscoMati_S13_f31c67,,,,,
2026-09-12T18:31:08-05:00,PUR_IED_FranciscoMati_S14_97dead,PUR_IED_FranciscoMati_S14_97dead,,,,,
2026-09-12T18:31:08-05:00,PUR_IED_FranciscoPS_Ext_7bfa9a,PUR_IED_FranciscoPS_Ext_7bfa9a,2,21,57,4.5899,-74.110397
2026-09-12T18:31:08-05:00,PUR_IED_FranciscoPS_Infor_fb8f4c,PUR_IED_FranciscoPS_Infor_fb8f4c,,,,,
2026-09-12T18:31:08-05:00,PUR_IED_FranciscoPS_Quimi_94d39c,PUR_IED_FranciscoPS_Quimi_94d39c,,,,,
2026-09-12T18:31:08-05:00,PUR_IED_FranciscoP_LabQ_d7e148,PUR_IED_FranciscoP_LabQ_d7e148,,,,,
2026-09-12T18:31:08-05:00,PUR_IED_FranciscoP_S28_cf9b30,PUR_IED_FranciscoP_S28_cf9b30,,,,,
2026-09-12T18:31:08-05:00,PUR_IED_FranciscoP_ext_e2313,PUR_IED_FranciscoP_ext_e2313,,,,,
2026-09-12T18:31:08-05:00,PUR_IED_FriederichN_Ext_8ac92a,PUR_IED_FriederichN_Ext_8ac92a,,,,,
2026-09-12T18:31:08-05:00,PUR_IED_FriederichN_S301_dd7e5a,PUR_IED_FriederichN_S301_dd7e5a,,,,,
2026-09-12T18:31:08-05:00,PUR_IED_FriederichN_S308_761f4f,PUR_IED_FriederichN_S308_761f4f,,,,,
2026-09-12T18:31:08-05:00,PUR_IED_GSantander_Aula10_533dd7,PUR_IED_GSantander_Aula10_533dd7,,,,,
2026-09-12T18:31:08-05:00,PUR_IED_GSantander_Aula12_fd4e4f,PUR_IED_GSantander_Aula12_fd4e4f,,,,,
2026-09-12T18:31:08-05:00,PUR_IED_GSantander_Aula310_533dd7,PUR_IED_GSantander_Aula310_533dd7,,,,,
2026-09-12T18:31:08-05:00,PUR_IED_GSantander_Aula312_fd4e4f,PUR_IED_GSantander_Aula312_fd4e4f,,,,,
2026-09-12T18:31:08-05:00,PUR_IED_GSantander_Ext_5f66b0,PUR_IED_GSantander_Ext_5f66b0,,,,,
2026-09-12T18:31:08-05:00,PUR_IED_GYomasa_Ext_f6bea5,PUR_IED_GYomasa_Ext_f6bea5,,,,,
2026-09-12T18:31:08-05:00,PUR_IED_GYomasa_LBiol_2c41aa,PUR_IED_GYomasa_LBiol_2c41aa,,,,,
2026-09-12T18:31:08-05:00,PUR_IED_GYomasa_LQuim_33c80,PUR_IED_GYomasa_LQuim_33c80,,,,,
2026-09-12T18:31:08-05:00,PUR_IED_GabBetMejia_Cienc_5a99c,PUR_IED_GabBetMejia_Cienc_5a99c,,,,,
2026-09-12T18:31:08-05:00,PUR_IED_GabBetMejia_Ext_9153d0,PUR_IED_GabBetMejia_Ext_9153d0,,,,,
2026-09-12T18:31:08-05:00,PUR_IED_GabBetMejia_Lab_f55347,PUR_IED_GabBetMejia_Lab_f55347,,,,,
2026-09-12T18:31:08-05:00,PUR_IED_GabBetanMejia_Ext_9153d0,PUR_IED_GabBetanMejia_Ext_9153d0,,,,,
2026-09-12T18:31:08-05:00,PUR_IED_Gaitana_Aula13_7aac11,PUR_IED_Gaitana_Aula13_7aac11,,,,,
2026-09-12T18:31:08-05:00,PUR_IED_Gaitana_Ext_5fcf4,PUR_IED_Gaitana_Ext_5fcf4,,,,,
2026-09-12T18:31:08-05:00,PUR_IED_Gaitana_LabFisica_644448,PUR_IED_Gaitana_LabFisica_644448,,,,,
2026-09-12T18:31:08-05:00,PUR_IED_GenSantander_Dise_8ac858,PUR_IED_GenSantander_Dise_8ac858,,,,,
2026-09-12T18:31:08-05:00,PUR_IED_GenSantander_Ext_8d5dfe,PUR_IED_GenSantander_Ext_8d5dfe,,,,,
2026-09-12T18:31:08-05:00,PUR_IED_GenSantander_Info_6c25b,PUR_IED_GenSantander_Info_6c25b,,,,,
2026-09-12T18:31:08-05:00,PUR_IED_GustavoMo_Exterio_75e63d,PUR_IED_GustavoMo_Exterio_75e63d,,,,,
2026-09-12T18:31:08-05:00,PUR_IED_GustavoMo_LabFisi_224d37,PUR_IED_GustavoMo_LabFisi_224d37,,,,,
2026-09-12T18:31:08-05:00,PUR_IED_GustavoMo_S208_3e6918,PUR_IED_GustavoMo_S208_3e6918,,,,,
2026-09-12T18:31:08-05:00,PUR_IED_GustavoR_A02_8cd4a8,PUR_IED_GustavoR_A02_8cd4a8,,,,,
2026-09-12T18:31:08-05:00,PUR_IED_GustavoR_B11_5b0ed,PUR_IED_GustavoR_B11_5b0ed,,,,,
2026-09-12T18:31:08-05:00,PUR_IED_GustavoR_Ext_7a0c90,PUR_IED_GustavoR_Ext_7a0c90,,,,,
2026-09-12T18:31:08-05:00,PUR_IED_HernandoDuran_Ext_8cd82b,PUR_IED_HernandoDuran_Ext_8cd82b,,,,,
2026-09-12T18:31:08-05:00,PUR_IED_HernandoDuran_S24_2772c6,PUR_IED_HernandoDuran_S24_2772c6,,,,,
2026-09-12T18:31:08-05:00,PUR_IED_HernandoDuran_S30_f2de41,PUR_IED_HernandoDuran_S30_f2de41,,,,,
2026-09-12T18:31:08-05:00,PUR_IED_HolguInUr_S1101_8cd732,PUR_IED_HolguInUr_S1101_8cd732,,,,,
2026-09-12T18:31:08-05:00,PUR_IED_HolguinUr_Exter_ddae6d,PUR_IED_HolguinUr_Exter_ddae6d,,,,,
2026-09-12T18:31:08-05:00,PUR_IED_HolguinUr_LabQuim_92b952,PUR_IED_HolguinUr_LabQuim_92b952,,,,,
2026-09-12T18:31:08-05:00,PUR_IED_Isabel-II_Ext_5245cc,PUR_IED_Isabel-II_Ext_5245cc,3,19,57,4.6336,-74.153
2026-09-12T18:31:08-05:00,PUR_IED_Isabel-II_S_idiom_1c29aa,PUR_IED_Isabel-II_S_idiom_1c29aa,,,,,
2026-09-12T18:31:08-05:00,PUR_IED_Isabel-II_S_infor_fd741,PUR_IED_Isabel-II_S_infor_fd741,,,,,
2026-09-12T18:31:08-05:00,PUR_IED_IsidroSur_Exterio_5b90ea,PUR_IED_IsidroSur_Exterio_5b90ea,,,,,
2026-09-12T18:31:08-05:00,PUR_IED_IsidroSur_LabTec_56697a,PUR_IED_IsidroSur_LabTec_56697a,,,,,
2026-09-12T18:31:08-05:00,PUR_IED_IsidroSur_Robotic_b7c38f,PUR_IED_IsidroSur_Robotic_b7c38f,,,,,
2026-09-12T18:31:08-05:00,PUR_IED_IsmaelPerd_Ext_7b6672,PUR_IED_IsmaelPerd_Ext_7b6672,,,,,
2026-09-12T18:31:08-05:00,PUR_IED_IsmaelPerd_Inform_306540,PUR_IED_IsmaelPerd_Inform_306540,,,,,
2026-09-12T18:31:08-05:00,PUR_IED_IsmaelPerd_S30_2e2c83,PUR_IED_IsmaelPerd_S30_2e2c83,,,,,
2026-09-12T18:31:08-05:00,PUR_IED_JLozano_Exter_432910,PUR_IED_JLozano_Exter_432910,,,,,
2026-09-12T18:31:08-05:00,PUR_IED_JLozano_salaMulti_df5125,PUR_IED_JLozano_salaMulti_df5125,,,,,
2026-09-12T18:31:08-05:00,PUR_IED_JMCordoba_206_86f80b,PUR_IED_JMCordoba_206_86f80b,,,,,
2026-09-12T18:31:08-05:00,PUR_IED_JMCordoba_Ext_27ad97,PUR_IED_JMCordoba_Ext_27ad97,,,,,
2026-09-12T18:31:08-05:00,PUR_IED_JMCordoba_S310_d59ab4,PUR_IED_JMCordoba_S310_d59ab4,,,,,
2026-09-12T18:31:08-05:00,PUR_IED_Japon_Ext_549100,PUR_IED_Japon_Ext_549100,,,,,
2026-09-12T18:31:08-05:00,PUR_IED_Japon_Laboratorio_bec51d,PUR_IED_Japon_Laboratorio_bec51d,,,,,
2026-09-12T18:31:08-05:00,PUR_IED_Japon_informatica_d99327,PUR_IED_Japon_informatica_d99327,,,,,
2026-09-12T18:31:08-05:00,PUR_IED_Jazmin_Ext_d27bda,PUR_IED_Jazmin_Ext_d27bda,,,,,
2026-09-12T18:31:08-05:00,PUR_IED_Jazmin_Fisica_8d14d7,PUR_IED_Jazmin_Fisica_8d14d7,,,,,
2026-09-12T18:31:08-05:00,PUR_IED_Jazmin_Quimica_801cb5,PUR_IED_Jazmin_Quimica_801cb5,,,,,
2026-09-12T18:31:08-05:00,PUR_IED_JorgeGaitan_Exter_f098d1,PUR_IED_JorgeGaitan_Exter_f098d1,,,,,
2026-09-12T18:31:08-05:00,PUR_IED_JorgeGaitan_STec1_dc9d1d,PUR_IED_JorgeGaitan_STec1_dc9d1d,,,,,
2026-09-12T18:31:08-05:00,PUR_IED_JorgeGaitan_STec2_281e69,PUR_IED_JorgeGaitan_STec2_281e69,,,,,
2026-09-12T18:31:08-05:00,PUR_IED_JorgeSoto_Exterio_d9d0a2,PUR_IED_JorgeSoto_Exterio_d9d0a2,,,,,
2026-09-12T18:31:08-05:00,PUR_IED_JorgeSoto_LabFisi_209c54,PUR_IED_JorgeSoto_LabFisi_209c54,,,,,
2026-09-12T18:31:08-05:00,PUR_IED_JorgeSoto_S103_27b51a,PUR_IED_JorgeSoto_S103_27b51a,,,,,
2026-09-12T18:31:08-05:00,PUR_IED_JoseAcevedo_A02_e965eb,PUR_IED_JoseAcevedo_A02_e965eb,,,,,
2026-09-12T18:31:08-05:00,PUR_IED_JoseAcevedo_A07_dd5b4,PUR_IED_JoseAcevedo_A07_dd5b4,,,,,
2026-09-12T18:31:08-05:00,PUR_IED_JoseAcevedo_Ext_b47484,PUR_IED_JoseAcevedo_Ext_b47484,,,,,
2026-09-12T18:31:08-05:00,PUR_IED_JoseMarti_Exte_5b9bf,PUR_IED_JoseMarti_Exte_5b9bf,,,,,
2026-09-12T18:31:08-05:00,PUR_IED_JoseMarti_LabQuim_1c6c2d,PUR_IED_JoseMarti_LabQuim_1c6c2d,,,,,
2026-09-12T18:31:08-05:00,PUR_IED_JoseMarti_S_info_f5f177,PUR_IED_JoseMarti_S_info_f5f177,,,,,
2026-09-12T18:31:08-05:00,PUR_IED_Josejoaquin_Ext_dfc5dc,PUR_IED_Josejoaquin_Ext_dfc5dc,,,,,
2026-09-12T18:31:08-05:00,PUR_IED_Josejoaquin_S05_5b2a96,PUR_IED_Josejoaquin_S05_5b2a96,,,,,
2026-09-12T18:31:08-05:00,PUR_IED_Josejoaquin_S06_1ce7d2,PUR_IED_Josejoaquin_S06_1ce7d2,,,,,
2026-09-12T18:31:08-05:00,PUR_IED_JulioFlorez_Danza_9b82dd,PUR_IED_JulioFlorez_Danza_9b82dd,,,,,
2026-09-12T18:31:08-05:00,PUR_IED_JulioFlorez_Exter_f9f314,PUR_IED_JulioFlorez_Exter_f9f314,,,,,
2026-09-12T18:31:08-05:00,PUR_IED_JulioFlorez_info2_6b6e08,PUR_IED_JulioFlorez_info2_6b6e08,,,,,
2026-09-12T18:31:08-05:00,PUR_IED_LaBelleza_Aula13_1d00d8,PUR_IED_LaBelleza_Aula13_1d00d8,,,,,
2026-09-12T18:31:08-05:00,PUR_IED_LaBelleza_Ext_7bc08c,PUR_IED_LaBelleza_Ext_7bc08c,,,,,
2026-09-12T18:31:08-05:00,PUR_IED_LaChucua_Ext_8cd6d2,PUR_IED_LaChucua_Ext_8cd6d2,,,,,
2026-09-12T18:31:08-05:00,PUR_IED_LaChucua_S15_f578ce,PUR_IED_LaChucua_S15_f578ce,,,,,
2026-09-12T18:31:08-05:00,PUR_IED_LaChucua_S16_eebcf9,PUR_IED_LaChucua_S16_eebcf9,,,,,
2026-09-12T18:31:08-05:00,PUR_IED_LaFelicidad_Ext_fb5109,PUR_IED_LaFelicidad_Ext_fb5109,,,,,
2026-09-12T18:31:08-05:00,PUR_IED_LaMerced_206_66ebd,PUR_IED_LaMerced_206_66ebd,,,,,
2026-09-12T18:31:08-05:00,PUR_IED_LaMerced_207_6ebd6,PUR_IED_LaMerced_207_6ebd6,,,,,
2026-09-12T18:31:08-05:00,PUR_IED_LaMerced_ext_304311,PUR_IED_LaMerced_ext_304311,,,,,
2026-09-12T18:31:08-05:00,PUR_IED_Laureano_CiencNat_281e5e,PUR_IED_Laureano_CiencNat_281e5e,,,,,
2026-09-12T18:31:08-05:00,PUR_IED_Laureano_Comedor_f65c0a,PUR_IED_Laureano_Comedor_f65c0a,,,,,
2026-09-12T18:31:08-05:00,PUR_IED_Laureano_Exterior_7ab011,PUR_IED_Laureano_Exterior_7ab011,,,,,
2026-09-12T18:31:08-05:00,PUR_IED_LeonGreiff_Exte_dfe560,PUR_IED_LeonGreiff_Exte_dfe560,,,,,
2026-09-12T18:31:08-05:00,PUR_IED_LeonGreiff_S210_f264ed,PUR_IED_LeonGreiff_S210_f264ed,,,,,
2026-09-12T18:31:08-05:00,PUR_IED_LeonGreiff_SQuimi_e8296f,PUR_IED_LeonGreiff_SQuimi_e8296f,,,,,
2026-09-12T18:31:08-05:00,PUR_IED_LlanoOrientalS208_7b9fcd,PUR_IED_LlanoOrientalS208_7b9fcd,,,,,
2026-09-12T18:31:08-05:00,PUR_IED_LlanoOriental_Ext_fb3766,PUR_IED_LlanoOriental_Ext_fb3766,,,,,
2026-09-12T18:31:08-05:00,PUR_IED_LlanoOriental_S208_7b9fcd,PUR_IED_LlanoOriental_S208_7b9fcd,,,,,
2026-09-12T18:31:08-05:00,PUR_IED_LlanoOriental_S9_27b378,PUR_IED_LlanoOriental_S9_27b378,,,,,
2026-09-12T18:31:08-05:00,PUR_IED_LosTejares_1101_477602,PUR_IED_LosTejares_1101_477602,,,,,
2026-09-12T18:31:08-05:00,PUR_IED_LosTejares_11_d2c595,PUR_IED_LosTejares_11_d2c595,,,,,
2026-09-12T18:31:08-05:00,PUR_IED_LosTejares_12_477602,PUR_IED_LosTejares_12_477602,,,,,
2026-09-12T18:31:08-05:00,PUR_IED_LosTejares_Ext_8e2115,PUR_IED_LosTejares_Ext_8e2115,,,,,
2026-09-12T18:31:08-05:00,PUR_IED_MagdalenaO_B202_5ddda3,PUR_IED_MagdalenaO_B202_5ddda3,,,,,
2026-09-12T18:31:08-05:00,PUR_IED_MagdalenaO_B205_fb76e8,PUR_IED_MagdalenaO_B205_fb76e8,,,,,
2026-09-12T18:31:08-05:00,PUR_IED_MagdalenaO_ext_dc69cd,PUR_IED_MagdalenaO_ext_dc69cd,,,,,
2026-09-12T18:31:08-05:00,PUR_IED_ManueCepeda_artes_eee956,PUR_IED_ManueCepeda_artes_eee956,,,,,
2026-09-12T18:31:08-05:00,PUR_IED_ManuelCepeda_Ext_58313,PUR_IED_ManuelCepeda_Ext_58313,,,,,
2026-09-12T18:31:08-05:00,PUR_IED_ManuelCepeda_tec_1c5731,PUR_IED_ManuelCepeda_tec_1c5731,,,,,
2026-09-12T18:31:08-05:00,PUR_IED_ManuelS_Exterior_5b269,PUR_IED_ManuelS_Exterior_5b269,,,,,
2026-09-12T18:31:08-05:00,PUR_IED_ManuelS_Inform_f369ce,PUR_IED_ManuelS_Inform_f369ce,,,,,
2026-09-12T18:31:08-05:00,PUR_IED_ManuelS_SArtes_7d15f1,PUR_IED_ManuelS_SArtes_7d15f1,,,,,
2026-09-12T18:31:08-05:00,PUR_IED_ManuelZapata_303_3ca6,PUR_IED_ManuelZapata_303_3ca6,,,,,
2026-09-12T18:31:08-05:00,PUR_IED_ManuelZapata_311_bfbabc,PUR_IED_ManuelZapata_311_bfbabc,,,,,
2026-09-12T18:31:08-05:00,PUR_IED_ManuelZapata_Ext_50824a,PUR_IED_ManuelZapata_Ext_50824a,,,,,
2026-09-12T18:31:08-05:00,PUR_IED_ManuelitaS_Exteri_656a92,PUR_IED_ManuelitaS_Exteri_656a92,,,,,
2026-09-12T18:31:08-05:00,PUR_IED_ManuelitaS_JuzgDe_f58ec3,PUR_IED_ManuelitaS_JuzgDe_f58ec3,,,,,
2026-09-12T18:31:08-05:00,PUR_IED_ManuelitaS_Recrea_d793db,PUR_IED_ManuelitaS_Recrea_d793db,,,,,
2026-09-12T18:31:08-05:00,PUR_IED_MarFidSuarez_Ext_c27b19,PUR_IED_MarFidSuarez_Ext_c27b19,,,,,
2026-09-12T18:31:08-05:00,PUR_IED_MarFidSuarez_Info_e384d7,PUR_IED_MarFidSuarez_Info_e384d7,,,,,
2026-09-12T18:31:08-05:00,PUR_IED_MarFidSuarez_S306_1d0032,PUR_IED_MarFidSuarez_S306_1d0032,,,,,
2026-09-12T18:31:08-05:00,PUR_IED_Menorah_301_2a25a3,PUR_IED_Menorah_301_2a25a3,,,,,
2026-09-12T18:31:08-05:00,PUR_IED_Menorah_306_37ed3,PUR_IED_Menorah_306_37ed3,,,,,
2026-09-12T18:31:08-05:00,PUR_IED_Menorah_Ext_3e155b,PUR_IED_Menorah_Ext_3e155b,,,,,
2026-09-12T18:31:08-05:00,PUR_IED_MinutoB.Aires_A11_1b1604,PUR_IED_MinutoB.Aires_A11_1b1604,,,,,
2026-09-12T18:31:08-05:00,PUR_IED_MinutoB.Aires_A12_fb5860,PUR_IED_MinutoB.Aires_A12_fb5860,,,,,
2026-09-12T18:31:08-05:00,PUR_IED_MinutoB.Aires_Ext_81293f,PUR_IED_MinutoB.Aires_Ext_81293f,,,,,
2026-09-12T18:31:08-05:00,PUR_IED_MinutoBAires_A11_1b1604,PUR_IED_MinutoBAires_A11_1b1604,,,,,
2026-09-12T18:31:08-05:00,PUR_IED_MinutoBAires_A12_fb5860,PUR_IED_MinutoBAires_A12_fb5860,,,,,
2026-09-12T18:31:08-05:00,PUR_IED_MinutoBAires_Ext_81293f,PUR_IED_MinutoBAires_Ext_81293f,,,,,
2026-09-12T18:31:08-05:00,PUR_IED_Montreal_Aula10_1e4959,PUR_IED_Montreal_Aula10_1e4959,,,,,
2026-09-12T18:31:08-05:00,PUR_IED_Montreal_Aula6_300367,PUR_IED_Montreal_Aula6_300367,,,,,
2026-09-12T18:31:08-05:00,PUR_IED_Montreal_Exterior_91a179,PUR_IED_Montreal_Exterior_91a179,,,,,
2026-09-12T18:31:08-05:00,PUR_IED_Mqgdalena_B202_5ddda3,PUR_IED_Mqgdalena_B202_5ddda3,,,,,
2026-09-12T18:31:08-05:00,PUR_IED_NACUND_Soc_dc8728,PUR_IED_NACUND_Soc_dc8728,,,,,
2026-09-12T18:31:08-05:00,PUR_IED_NACUND_ext_27ad97,PUR_IED_NACUND_ext_27ad97,,,,,
2026-09-12T18:31:08-05:00,PUR_IED_NEsperanza_Ext_d24b61,PUR_IED_NEsperanza_Ext_d24b61,,,,,
2026-09-12T18:31:08-05:00,PUR_IED_NEsperanza_SElect_7d1807,PUR_IED_NEsperanza_SElect_7d1807,,,,,
2026-09-12T18:31:08-05:00,PUR_IED_NEsperanza_SLabor_8b2d0a,PUR_IED_NEsperanza_SLabor_8b2d0a,,,,,
2026-09-12T18:31:08-05:00,PUR_IED_NacionesU_Ext_f661a9,PUR_IED_NacionesU_Ext_f661a9,,,,,
2026-09-12T18:31:08-05:00,PUR_IED_NacionesU_Quimica_66f0a,PUR_IED_NacionesU_Quimica_66f0a,,,,,
2026-09-12T18:31:08-05:00,PUR_IED_NacionesU_S306_1b4b3d,PUR_IED_NacionesU_S306_1b4b3d,,,,,
2026-09-12T18:31:08-05:00,PUR_IED_NestorFA_Ext_e4201c,PUR_IED_NestorFA_Ext_e4201c,,,,,
2026-09-12T18:31:08-05:00,PUR_IED_NestorFA_Laborato_f22fe0,PUR_IED_NestorFA_Laborato_f22fe0,,,,,
2026-09-12T18:31:08-05:00,PUR_IED_NestorFA_S204_dee996,PUR_IED_NestorFA_S204_dee996,,,,,
2026-09-12T18:31:08-05:00,PUR_IED_NidyaQT_Aula03_76999b,PUR_IED_NidyaQT_Aula03_76999b,,,,,
2026-09-12T18:31:08-05:00,PUR_IED_NidyaQT_Aula10_56325,PUR_IED_NidyaQT_Aula10_56325,,,,,
2026-09-12T18:31:08-05:00,PUR_IED_NidyaQT_Ext_46e32d,PUR_IED_NidyaQT_Ext_46e32d,,,,,
2026-09-12T18:31:08-05:00,PUR_IED_NuevaCol_Exterior_d9b859,PUR_IED_NuevaCol_Exterior_d9b859,,,,,
2026-09-12T18:31:08-05:00,PUR_IED_NuevaCol_S1101_76c43b,PUR_IED_NuevaCol_S1101_76c43b,,,,,
2026-09-12T18:31:08-05:00,PUR_IED_NuevaCol_S1102_1ce0b5,PUR_IED_NuevaCol_S1102_1ce0b5,,,,,
2026-09-12T18:31:08-05:00,PUR_IED_OEA_A202_f7e3f2,PUR_IED_OEA_A202_f7e3f2,,,,,
2026-09-12T18:31:08-05:00,PUR_IED_OEA_A203_7d1b8d,PUR_IED_OEA_A203_7d1b8d,,,,,
2026-09-12T18:31:08-05:00,PUR_IED_OEA_Ext_27b593,PUR_IED_OEA_Ext_27b593,,,,,
2026-09-12T18:31:08-05:00,PUR_IED_Ochoa_Ext_1c29da,PUR_IED_Ochoa_Ext_1c29da,,,,,
2026-09-12T18:31:08-05:00,PUR_IED_Ochoa_S205_8b1121,PUR_IED_Ochoa_S205_8b1121,,,,,
2026-09-12T18:31:08-05:00,PUR_IED_Ochoa_Sistemas_f33af6,PUR_IED_Ochoa_Sistemas_f33af6,,,,,
2026-09-12T18:31:08-05:00,PUR_IED_PQuebec_Ext_1c67c7,PUR_IED_PQuebec_Ext_1c67c7,,,,,
2026-09-12T18:31:08-05:00,PUR_IED_PQuebec_S15_23e8e2,PUR_IED_PQuebec_S15_23e8e2,,,,,
2026-09-12T18:31:08-05:00,PUR_IED_PQuebec_S16_8ec76b,PUR_IED_PQuebec_S16_8ec76b,,,,,
2026-09-12T18:31:08-05:00,PUR_IED_PabloN_Ext_49dc96,PUR_IED_PabloN_Ext_49dc96,,,,,
2026-09-12T18:31:08-05:00,PUR_IED_PabloN_S1102_4e3df5,PUR_IED_PabloN_S1102_4e3df5,,,,,
2026-09-12T18:31:08-05:00,PUR_IED_PabloN_S1103_50c94b,PUR_IED_PabloN_S1103_50c94b,,,,,
2026-09-12T18:31:08-05:00,PUR_IED_Palestina_S1101_db9198,PUR_IED_Palestina_S1101_db9198,,,,,
2026-09-12T18:31:08-05:00,PUR_IED_Palestina_S1102_dc54fa,PUR_IED_Palestina_S1102_dc54fa,,,,,
2026-09-12T18:31:08-05:00,PUR_IED_Palestina_ext_4ccce6,PUR_IED_Palestina_ext_4ccce6,,,,,
2026-09-12T18:31:08-05:00,PUR_IED_Panama_Fisica_4d0794,PUR_IED_Panama_Fisica_4d0794,,,,,
2026-09-12T18:31:08-05:00,PUR_IED_Panama_SIngles_a4077e,PUR_IED_Panama_SIngles_a4077e,,,,,
2026-09-12T18:31:08-05:00,PUR_IED_Panama_ext_4c54b4,PUR_IED_Panama_ext_4c54b4,,,,,
2026-09-12T18:31:08-05:00,PUR_IED_ParaisoM_Exterior_8cd7f0,PUR_IED_ParaisoM_Exterior_8cd7f0,,,,,
2026-09-12T18:31:08-05:00,PUR_IED_ParaisoM_Laborato_27af35,PUR_IED_ParaisoM_Laborato_27af35,,,,,
2026-09-12T18:31:08-05:00,PUR_IED_ParaisoM_S304_d1edca,PUR_IED_ParaisoM_S304_d1edca,,,,,
2026-09-12T18:31:08-05:00,PUR_IED_PorfirioBarba_Ext_301466,PUR_IED_PorfirioBarba_Ext_301466,,,,,
2026-09-12T18:31:08-05:00,PUR_IED_PorfirioBarba_S11_df6cd2,PUR_IED_PorfirioBarba_S11_df6cd2,,,,,
2026-09-12T18:31:08-05:00,PUR_IED_PorfirioBarba_S29_27a7d6,PUR_IED_PorfirioBarba_S29_27a7d6,,,,,
2026-09-12T18:31:08-05:00,PUR_IED_PradoV_Exter_8b27ad,PUR_IED_PradoV_Exter_8b27ad,,,,,
2026-09-12T18:31:08-05:00,PUR_IED_PradoV_S301_de65b5,PUR_IED_PradoV_S301_de65b5,,,,,
2026-09-12T18:31:08-05:00,PUR_IED_PradoV_S302_7d2593,PUR_IED_PradoV_S302_7d2593,,,,,
2026-09-12T18:31:08-05:00,PUR_IED_QuirogaAlz_Ext_1ddc82,PUR_IED_QuirogaAlz_Ext_1ddc82,,,,,
2026-09-12T18:31:08-05:00,PUR_IED_QuirogaAlz_S302_9926a3,PUR_IED_QuirogaAlz_S302_9926a3,,,,,
2026-09-12T18:31:08-05:00,PUR_IED_QuirogaAlz_S305_cdf1f1,PUR_IED_QuirogaAlz_S305_cdf1f1,,,,,
2026-09-12T18:31:08-05:00,PUR_IED_RGuatemala_Biling_dc53b7,PUR_IED_RGuatemala_Biling_dc53b7,,,,,
2026-09-12T18:31:08-05:00,PUR_IED_RGuatemala_Ext_1b89a3,PUR_IED_RGuatemala_Ext_1b89a3,,,,,
2026-09-12T18:31:08-05:00,PUR_IED_RGuatemala_Tecnol_281a34,PUR_IED_RGuatemala_Tecnol_281a34,,,,,
2026-09-12T18:31:08-05:00,PUR_IED_RafaNu_Ext_f7c302,PUR_IED_RafaNu_Ext_f7c302,,,,,
2026-09-12T18:31:08-05:00,PUR_IED_RafaNu_S1101_25fde,PUR_IED_RafaNu_S1101_25fde,,,,,
2026-09-12T18:31:08-05:00,PUR_IED_RafaNu_S1102_281517,PUR_IED_RafaNu_S1102_281517,,,,,
2026-09-12T18:31:08-05:00,PUR_IED_RafaelB_S305_ee2783,PUR_IED_RafaelB_S305_ee2783,,,,,
2026-09-12T18:31:08-05:00,PUR_IED_RafaelB_S306_75fe33,PUR_IED_RafaelB_S306_75fe33,,,,,
2026-09-12T18:31:08-05:00,PUR_IED_RafaelB_ext_283336,PUR_IED_RafaelB_ext_283336,2,20,59,4.6722,-74.0737
2026-09-12T18:31:08-05:00,PUR_IED_RafaelUU_Exterior_281a51,PUR_IED_RafaelUU_Exterior_281a51,,,,,
2026-09-12T18:31:08-05:00,PUR_IED_RafaelUU_Human_806b2,PUR_IED_RafaelUU_Human_806b2,,,,,
2026-09-12T18:31:08-05:00,PUR_IED_RafaelUU_Mate2_5680d4,PUR_IED_RafaelUU_Mate2_5680d4,,,,,
2026-09-12T18:31:08-05:00,PUR_IED_RamonSub_Ext_f9eeb9,PUR_IED_RamonSub_Ext_f9eeb9,,,,,
2026-09-12T18:31:08-05:00,PUR_IED_RamonSub_Media_d1f62f,PUR_IED_RamonSub_Media_d1f62f,,,,,
2026-09-12T18:31:08-05:00,PUR_IED_RamonSub_planta_51b82,PUR_IED_RamonSub_planta_51b82,,,,,
2026-09-12T18:31:08-05:00,PUR_IED_RepBoliVene_Exter_27af7c,PUR_IED_RepBoliVene_Exter_27af7c,,,,,
2026-09-12T18:31:08-05:00,PUR_IED_RepBoliVene_SCPT_5ae2ee,PUR_IED_RepBoliVene_SCPT_5ae2ee,,,,,
2026-09-12T18:31:08-05:00,PUR_IED_RepBoliVene_Socia_4b11d5,PUR_IED_RepBoliVene_Socia_4b11d5,,,,,
2026-09-12T18:31:08-05:00,PUR_IED_RepChina_Ext_76d9ee,PUR_IED_RepChina_Ext_76d9ee,,,,,
2026-09-12T18:31:08-05:00,PUR_IED_RepChina_S404_7c804c,PUR_IED_RepChina_S404_7c804c,,,,,
2026-09-12T18:31:08-05:00,PUR_IED_RepChina_S405_df2c33,PUR_IED_RepChina_S405_df2c33,,,,,
2026-09-12T18:31:08-05:00,PUR_IED_RepublicaC_Exteri_7d1ec9,PUR_IED_RepublicaC_Exteri_7d1ec9,,,,,
2026-09-12T18:31:08-05:00,PUR_IED_RepublicaC_S1101_f544b3,PUR_IED_RepublicaC_S1101_f544b3,,,,,
2026-09-12T18:31:08-05:00,PUR_IED_RepublicaC_S1102_7aafc7,PUR_IED_RepublicaC_S1102_7aafc7,,,,,
2026-09-12T18:31:08-05:00,PUR_IED_Ricaurte_Externo_a0ea1,PUR_IED_Ricaurte_Externo_a0ea1,,,,,
2026-09-12T18:31:08-05:00,PUR_IED_Ricaurte_S210_f546fd,PUR_IED_Ricaurte_S210_f546fd,,,,,
2026-09-12T18:31:08-05:00,PUR_IED_Ricaurte_S309_d4452,PUR_IED_Ricaurte_S309_d4452,,,,,
2026-09-12T18:31:08-05:00,PUR_IED_RogelioS_1102_531e69,PUR_IED_RogelioS_1102_531e69,,,,,
2026-09-12T18:31:08-05:00,PUR_IED_RogelioS_Ext_f25a18,PUR_IED_RogelioS_Ext_f25a18,,,,,
2026-09-12T18:31:08-05:00,PUR_IED_SBernardino_Ext_27aff8,PUR_IED_SBernardino_Ext_27aff8,,,,,
2026-09-12T18:31:08-05:00,PUR_IED_SBernardino_SArte_2ffd33,PUR_IED_SBernardino_SArte_2ffd33,,,,,
2026-09-12T18:31:08-05:00,PUR_IED_SBernardino_SIngl_7c7da5,PUR_IED_SBernardino_SIngl_7c7da5,,,,,
2026-09-12T18:31:08-05:00,PUR_IED_Sago_auditorio_dc9d1d,PUR_IED_Sago_auditorio_dc9d1d,,,,,
2026-09-12T18:31:08-05:00,PUR_IED_Saludcoop_Ext_95aac3,PUR_IED_Saludcoop_Ext_95aac3,,,,,
2026-09-12T18:31:08-05:00,PUR_IED_Saludcoop_InfI_90c854,PUR_IED_Saludcoop_InfI_90c854,,,,,
2026-09-12T18:31:08-05:00,PUR_IED_Saludcoop_SMedia_1b93be,PUR_IED_Saludcoop_SMedia_1b93be,,,,,
2026-09-12T18:31:08-05:00,PUR_IED_SanCarlos_1101_1a2360,PUR_IED_SanCarlos_1101_1a2360,,,,,
2026-09-12T18:31:08-05:00,PUR_IED_SanCarlos_1103_7bafb5,PUR_IED_SanCarlos_1103_7bafb5,,,,,
2026-09-12T18:31:08-05:00,PUR_IED_SanCarlos_Ext_b7cd1,PUR_IED_SanCarlos_Ext_b7cd1,,,,,
2026-09-12T18:31:08-05:00,PUR_IED_SanIgnacioBosa11a_50c26e,PUR_IED_SanIgnacioBosa11a_50c26e,,,,,
2026-09-12T18:31:08-05:00,PUR_IED_SanIgnacioBosa11b_371de8,PUR_IED_SanIgnacioBosa11b_371de8,,,,,
2026-09-12T18:31:08-05:00,PUR_IED_SanIgnacioBosaExt_ef0ffc,PUR_IED_SanIgnacioBosaExt_ef0ffc,,,,,
2026-09-12T18:31:08-05:00,PUR_IED_SanIgnacioBosa_11a_50c26e,PUR_IED_SanIgnacioBosa_11a_50c26e,,,,,
2026-09-12T18:31:08-05:00,PUR_IED_SanIgnacioBosa_Ext_ef0ffc,PUR_IED_SanIgnacioBosa_Ext_ef0ffc,,,,,
2026-09-12T18:31:08-05:00,PUR_IED_SanJoseN_intS1101_31c47f,PUR_IED_SanJoseN_intS1101_31c47f,,,,,
2026-09-12T18:31:08-05:00,PUR_IED_SanJoseUsm_Exter_f5d7e8,PUR_IED_SanJoseUsm_Exter_f5d7e8,,,,,
2026-09-12T18:31:08-05:00,PUR_IED_SanJoseUsm_Int11A_cfdef6,PUR_IED_SanJoseUsm_Int11A_cfdef6,,,,,
2026-09-12T18:31:08-05:00,PUR_IED_SilveriaR_IntB5_905349,PUR_IED_SilveriaR_IntB5_905349,,,,,
2026-09-12T18:31:08-05:00,PUR_IED_SilveriaR_IntSD14_981f93,PUR_IED_SilveriaR_IntSD14_981f93,,,,,
2026-09-12T18:31:08-05:00,PUR_IED_SilveriaR_ext_2b651d,PUR_IED_SilveriaR_ext_2b651d,,,,,
2026-09-12T18:31:08-05:00,PUR_IED_SimonB_Exterior_913975,PUR_IED_SimonB_Exterior_913975,,,,,
2026-09-12T18:31:08-05:00,PUR_IED_SimonB_LabQuimi_c56908,PUR_IED_SimonB_LabQuimi_c56908,,,,,
2026-09-12T18:31:08-05:00,PUR_IED_SimonB_informatic_a28c1,PUR_IED_SimonB_informatic_a28c1,,,,,
2026-09-12T18:31:08-05:00,PUR_IED_Sorrento_1102_315f50,PUR_IED_Sorrento_1102_315f50,,,,,
2026-09-12T18:31:08-05:00,PUR_IED_Sorrento_Minte_214eab,PUR_IED_Sorrento_Minte_214eab,,,,,
2026-09-12T18:31:08-05:00,PUR_IED_Sorrento_ext_7c3a0a,PUR_IED_Sorrento_ext_7c3a0a,,,,,
2026-09-12T18:31:08-05:00,PUR_IED_Tabora_Ext_f048ae,PUR_IED_Tabora_Ext_f048ae,,,,,
2026-09-12T18:31:08-05:00,PUR_IED_Tabora_S1102_b07752,PUR_IED_Tabora_S1102_b07752,,,,,
2026-09-12T18:31:08-05:00,PUR_IED_Tabora_S1103_d988f5,PUR_IED_Tabora_S1103_d988f5,,,,,
2026-09-12T18:31:08-05:00,PUR_IED_Tenerife_Ext_1ab188,PUR_IED_Tenerife_Ext_1ab188,,,,,
2026-09-12T18:31:08-05:00,PUR_IED_Tenerife_SDanzas_7bc02e,PUR_IED_Tenerife_SDanzas_7bc02e,,,,,
2026-09-12T18:31:08-05:00,PUR_IED_Tenerife_SIngles_7cc277,PUR_IED_Tenerife_SIngles_7cc277,,,,,
2026-09-12T18:31:08-05:00,PUR_IED_Tibabuyes_Exter_f2683d,PUR_IED_Tibabuyes_Exter_f2683d,,,,,
2026-09-12T18:31:08-05:00,PUR_IED_Tibabuyes_S10_dc87a8,PUR_IED_Tibabuyes_S10_dc87a8,,,,,
2026-09-12T18:31:08-05:00,PUR_IED_Tibabuyes_S15_dc0526,PUR_IED_Tibabuyes_S15_dc0526,,,,,
2026-09-12T18:31:08-05:00,PUR_IED_UnionE_S301_a1043,PUR_IED_UnionE_S301_a1043,,,,,
2026-09-12T18:31:08-05:00,PUR_IED_UnionE_S307_ff6c2f,PUR_IED_UnionE_S307_ff6c2f,,,,,
2026-09-12T18:31:08-05:00,PUR_IED_UnionE__Ext_5e2468,PUR_IED_UnionE__Ext_5e2468,,,,,
2026-09-12T18:31:08-05:00,PUR_IED_VillaRica_Ext_75be7c,PUR_IED_VillaRica_Ext_75be7c,,,,,
2026-09-12T18:31:08-05:00,PUR_IED_VillaRica_S4_cc5dcd,PUR_IED_VillaRica_S4_cc5dcd,,,,,
2026-09-12T18:31:08-05:00,PUR_IED_VillaRica_Sesp_99f5c,PUR_IED_VillaRica_Sesp_99f5c,,,,,
2026-09-12T18:36:06-05:00,PUR_IED_20deJulio_1101_91b1b9,PUR_IED_20deJulio_1101_91b1b9,,,,,
2026-09-12T18:36:06-05:00,PUR_IED_20deJulio_1102_1cfcf9,PUR_IED_20deJulio_1102_1cfcf9,,,,,
2026-09-12T18:36:06-05:00,PUR_IED_20deJulio_Ext_ab60bd,PUR_IED_20deJulio_Ext_ab60bd,,,,,
2026-09-12T18:36:06-05:00,PUR_IED_AgustinFer_Ext_7b9b77,PUR_IED_AgustinFer_Ext_7b9b77,,,,,
2026-09-12T18:36:06-05:00,PUR_IED_AgustinFer_Info2_27b3a7,PUR_IED_AgustinFer_Info2_27b3a7,,,,,
2026-09-12T18:36:06-05:00,PUR_IED_AgustinFer_Sena_54b4eb,PUR_IED_AgustinFer_Sena_54b4eb,,,,,
2026-09-12T18:36:06-05:00,PUR_IED_AlexanderF_1102_caf07b,PUR_IED_AlexanderF_1102_caf07b,,,,,
2026-09-12T18:36:06-05:00,PUR_IED_AlexanderF_1103_c79e71,PUR_IED_AlexanderF_1103_c79e71,,,,,
2026-09-12T18:36:06-05:00,PUR_IED_AlexanderF_Ext_c5b18b,PUR_IED_AlexanderF_Ext_c5b18b,,,,,
2026-09-12T18:36:06-05:00,PUR_IED_AlfonsoLopez_Ext_281d77,PUR_IED_AlfonsoLopez_Ext_281d77,,,,,
2026-09-12T18:36:06-05:00,PUR_IED_AlfonsoLopez_LabF_888ce0,PUR_IED_AlfonsoLopez_LabF_888ce0,,,,,
2026-09-12T18:36:06-05:00,PUR_IED_AlfonsoLopez_SMed_df6a7f,PUR_IED_AlfonsoLopez_SMed_df6a7f,,,,,
2026-09-12T18:36:06-05:00,PUR_IED_AltamiraSO_A2_209f92,PUR_IED_AltamiraSO_A2_209f92,,,,,
2026-09-12T18:36:06-05:00,PUR_IED_AltamiraSO_Ext_186d66,PUR_IED_AltamiraSO_Ext_186d66,,,,,
2026-09-12T18:36:06-05:00,PUR_IED_AltamiraSO_Sistem_27afe1,PUR_IED_AltamiraSO_Sistem_27afe1,,,,,
2026-09-12T18:36:06-05:00,PUR_IED_AlvaroGom_LabQuim_813179,PUR_IED_AlvaroGom_LabQuim_813179,,,,,
2026-09-12T18:36:06-05:00,PUR_IED_AlvaroGomez_Ext_47c7ca,PUR_IED_AlvaroGomez_Ext_47c7ca,,,,,
2026-09-12T18:36:06-05:00,PUR_IED_AlvaroGomez_LabQuim_813179,PUR_IED_AlvaroGomez_LabQuim_813179,,,,,
2026-09-12T18:36:06-05:00,PUR_IED_AlvaroGomez_S23_7ba89f,PUR_IED_AlvaroGomez_S23_7ba89f,,,,,
2026-09-12T18:36:06-05:00,PUR_IED_Amistad_306_dc8728,PUR_IED_Amistad_306_dc8728,,,,,
2026-09-12T18:36:06-05:00,PUR_IED_Amistad_Ext_8cd55e,PUR_IED_Amistad_Ext_8cd55e,,,,,
2026-09-12T18:36:06-05:00,PUR_IED_Amistad_S202_a41169,PUR_IED_Amistad_S202_a41169,,,,,
2026-09-12T18:36:06-05:00,PUR_IED_AndresBello_Bio_fd5f5e,PUR_IED_AndresBello_Bio_fd5f5e,,,,,
2026-09-12T18:36:06-05:00,PUR_IED_AndresBello_ext_dcad65,PUR_IED_AndresBello_ext_dcad65,,,,,
2026-09-12T18:36:06-05:00,PUR_IED_AndresBello_port_eed3ec,PUR_IED_AndresBello_port_eed3ec,,,,,
2026-09-12T18:36:06-05:00,PUR_IED_AngelaR_11b_d90a6b,PUR_IED_AngelaR_11b_d90a6b,,,,,
2026-09-12T18:36:06-05:00,PUR_IED_AngelaR_ext_7cad3e,PUR_IED_AngelaR_ext_7cad3e,4,19,63,4.5825,-74.164497
2026-09-12T18:36:06-05:00,PUR_IED_AntJoseSucre_10mo_df2575,PUR_IED_AntJoseSucre_10mo_df2575,,,,,
2026-09-12T18:36:06-05:00,PUR_IED_AntJoseSucre_Ext_215b36,PUR_IED_AntJoseSucre_Ext_215b36,,,,,
2026-09-12T18:36:06-05:00,PUR_IED_AntJoseSucre_Lab_3139de,PUR_IED_AntJoseSucre_Lab_3139de,,,,,
2026-09-12T18:36:06-05:00,PUR_IED_AntonioGarcia_301_d6b188,PUR_IED_AntonioGarcia_301_d6b188,,,,,
2026-09-12T18:36:06-05:00,PUR_IED_AntonioGarcia_302_88a82,PUR_IED_AntonioGarcia_302_88a82,,,,,
2026-09-12T18:36:06-05:00,PUR_IED_AntonioGarcia_Ext_20950c,PUR_IED_AntonioGarcia_Ext_20950c,,,,,
2026-09-12T18:36:06-05:00,PUR_IED_AntonioVan_Aula2_6dea02,PUR_IED_AntonioVan_Aula2_6dea02,,,,,
2026-09-12T18:36:06-05:00,PUR_IED_AntonioVan_Aula5_f1557e,PUR_IED_AntonioVan_Aula5_f1557e,,,,,
2026-09-12T18:36:06-05:00,PUR_IED_AntonioVan_Ext_406f2f,PUR_IED_AntonioVan_Ext_406f2f,,,,,
2026-09-12T18:36:06-05:00,PUR_IED_Atabanzha_Ext_cc5af9,PUR_IED_Atabanzha_Ext_cc5af9,,,,,
2026-09-12T18:36:06-05:00,PUR_IED_Atabanzha_SA101_56c37,PUR_IED_Atabanzha_SA101_56c37,,,,,
2026-09-12T18:36:06-05:00,PUR_IED_Atabanzha_SB302_27b374,PUR_IED_Atabanzha_SB302_27b374,,,,,
2026-09-12T18:36:06-05:00,PUR_IED_Atahualpa_Ext_fc1748,PUR_IED_Atahualpa_Ext_fc1748,,,,,
2026-09-12T18:36:06-05:00,PUR_IED_Atahualpa_Informa_dc9a95,PUR_IED_Atahualpa_Informa_dc9a95,,,,,
2026-09-12T18:36:06-05:00,PUR_IED_Atahualpa_S1101_f98056,PUR_IED_Atahualpa_S1101_f98056,,,,,
2026-09-12T18:36:06-05:00,PUR_IED_Bellavista_Ext_f5aa74,PUR_IED_Bellavista_Ext_f5aa74,,,,,
2026-09-12T18:36:06-05:00,PUR_IED_Bilbao_11A_916c41,PUR_IED_Bilbao_11A_916c41,,,,,
2026-09-12T18:36:06-05:00,PUR_IED_Bilbao_Ext_fb579a,PUR_IED_Bilbao_Ext_fb579a,,,,,
2026-09-12T18:36:06-05:00,PUR_IED_BrasiliaU_A125_304280,PUR_IED_BrasiliaU_A125_304280,,,,,
2026-09-12T18:36:06-05:00,PUR_IED_BrasiliaU_A203_7c8ca5,PUR_IED_BrasiliaU_A203_7c8ca5,,,,,
2026-09-12T18:36:06-05:00,PUR_IED_BrasiliaU_Ext_8d6e9f,PUR_IED_BrasiliaU_Ext_8d6e9f,11,19,61,4.5175,-74.116302
2026-09-12T18:36:06-05:00,PUR_IED_Brasilia_Ext_fe6593,PUR_IED_Brasilia_Ext_fe6593,,,,,
2026-09-12T18:36:06-05:00,PUR_IED_Brasilia_S24_7c130d,PUR_IED_Brasilia_S24_7c130d,,,,,
2026-09-12T18:36:06-05:00,PUR_IED_Brasilia_S501_186a54,PUR_IED_Brasilia_S501_186a54,,,,,
2026-09-12T18:36:06-05:00,PUR_IED_CHARRY_EXT_f1d5cd,PUR_IED_CHARRY_EXT_f1d5cd,,,,,
2026-09-12T18:36:06-05:00,PUR_IED_CHARRY_INTDANZAS_7a08e6,PUR_IED_CHARRY_INTDANZAS_7a08e6,,,,,
2026-09-12T18:36:06-05:00,PUR_IED_CHARRY_INT_AULA20_dc998d,PUR_IED_CHARRY_INT_AULA20_dc998d,,,,,
2026-09-12T18:36:06-05:00,PUR_IED_COLVIV_1101_S25_7f520a,PUR_IED_COLVIV_1101_S25_7f520a,,,,,
2026-09-12T18:36:06-05:00,PUR_IED_COLVIV_1102_S16_f570ba,PUR_IED_COLVIV_1102_S16_f570ba,,,,,
2026-09-12T18:36:06-05:00,PUR_IED_COLVIV_Ext_1a26fa,PUR_IED_COLVIV_Ext_1a26fa,,,,,
2026-09-12T18:36:06-05:00,PUR_IED_CULPOP_301A_f660f3,PUR_IED_CULPOP_301A_f660f3,,,,,
2026-09-12T18:36:06-05:00,PUR_IED_CULPOP_303_568afe,PUR_IED_CULPOP_303_568afe,,,,,
2026-09-12T18:36:06-05:00,PUR_IED_CULPOP_Ext_e02ccb,PUR_IED_CULPOP_Ext_e02ccb,,,,,
2026-09-12T18:36:06-05:00,PUR_IED_CVillavicen_Ext_26eb58,PUR_IED_CVillavicen_Ext_26eb58,5,16,76,4.487,-74.102798
2026-09-12T18:36:06-05:00,PUR_IED_CVillavicen_Intel_1ce5c2,PUR_IED_CVillavicen_Intel_1ce5c2,,,,,
2026-09-12T18:36:06-05:00,PUR_IED_CVillavicen_Poliv_e0766c,PUR_IED_CVillavicen_Poliv_e0766c,,,,,
2026-09-12T18:36:06-05:00,PUR_IED_CVillavicen_int_1ba140,PUR_IED_CVillavicen_int_1ba140,,,,,
2026-09-12T18:36:06-05:00,PUR_IED_CVillavicen_intel_1ba140,PUR_IED_CVillavicen_intel_1ba140,,,,,
2026-09-12T18:36:06-05:00,PUR_IED_CarlosPizarro_Ext_e307cc,PUR_IED_CarlosPizarro_Ext_e307cc,,,,,
2026-09-12T18:36:06-05:00,PUR_IED_CarlosPizarro_L36_7e5cdb,PUR_IED_CarlosPizarro_L36_7e5cdb,,,,,
2026-09-12T18:36:06-05:00,PUR_IED_CarlosPizarro_L37_c8566c,PUR_IED_CarlosPizarro_L37_c8566c,,,,,
2026-09-12T18:36:06-05:00,PUR_IED_Castilla_Ext_cf35f,PUR_IED_Castilla_Ext_cf35f,,,,,
2026-09-12T18:36:06-05:00,PUR_IED_Castilla_SFisik_360e38,PUR_IED_Castilla_SFisik_360e38,,,,,
2026-09-12T18:36:06-05:00,PUR_IED_Castilla_Sc304_496fbf,PUR_IED_Castilla_Sc304_496fbf,,,,,
2026-09-12T18:36:06-05:00,PUR_IED_CervantesSa_Ext_6b57b,PUR_IED_CervantesSa_Ext_6b57b,5,19,67,4.5128,-74.117203
2026-09-12T18:36:06-05:00,PUR_IED_CervantesSa_S107_225c2b,PUR_IED_CervantesSa_S107_225c2b,,,,,
2026-09-12T18:36:06-05:00,PUR_IED_CervantesSa_S108_940925,PUR_IED_CervantesSa_S108_940925,,,,,
2026-09-12T18:36:06-05:00,PUR_IED_Charry_A20_f53e7c,PUR_IED_Charry_A20_f53e7c,,,,,
2026-09-12T18:36:06-05:00,PUR_IED_Charry_Ext_f1d5cd,PUR_IED_Charry_Ext_f1d5cd,,,,,
2026-09-12T18:36:06-05:00,PUR_IED_Charry_IntAula20_dc998d,PUR_IED_Charry_IntAula20_dc998d,,,,,
2026-09-12T18:36:06-05:00,PUR_IED_Charry_IntDanzas_7a08e6,PUR_IED_Charry_IntDanzas_7a08e6,,,,,
2026-09-12T18:36:06-05:00,PUR_IED_ClememciaC_203_43e2fc,PUR_IED_ClememciaC_203_43e2fc,,,,,
2026-09-12T18:36:06-05:00,PUR_IED_ClememciaC_Ext_1b411a,PUR_IED_ClememciaC_Ext_1b411a,,,,,
2026-09-12T18:36:06-05:00,PUR_IED_ClememciaC_Quimic_44b5fc,PUR_IED_ClememciaC_Quimic_44b5fc,,,,,
2026-09-12T18:36:06-05:00,PUR_IED_ClemenciaC_203_43e2fc,PUR_IED_ClemenciaC_203_43e2fc,,,,,
2026-09-12T18:36:06-05:00,PUR_IED_ClemenciaC_Ext_1b411a,PUR_IED_ClemenciaC_Ext_1b411a,,,,,
2026-09-12T18:36:06-05:00,PUR_IED_ClemenciaC_Quimic_44b5fc,PUR_IED_ClemenciaC_Quimic_44b5fc,,,,,
2026-09-12T18:36:06-05:00,PUR_IED_ColViva_1101_S25_7f520a,PUR_IED_ColViva_1101_S25_7f520a,,,,,
2026-09-12T18:36:06-05:00,PUR_IED_ColViva_1102_S16_f570ba,PUR_IED_ColViva_1102_S16_f570ba,,,,,
2026-09-12T18:36:06-05:00,PUR_IED_ColViva_Ext_1a26fa,PUR_IED_ColViva_Ext_1a26fa,,,,,
2026-09-12T18:36:06-05:00,PUR_IED_ColegioBici_Asist_7c8798,PUR_IED_ColegioBici_Asist_7c8798,,,,,
2026-09-12T18:36:06-05:00,PUR_IED_ColegioBici_Ext_25cbf6,PUR_IED_ColegioBici_Ext_25cbf6,,,,,
2026-09-12T18:36:06-05:00,PUR_IED_ColegioBici_LabQ_7b57db,PUR_IED_ColegioBici_LabQ_7b57db,,,,,
2026-09-12T18:36:06-05:00,PUR_IED_CostaRica_Ext_5e640,PUR_IED_CostaRica_Ext_5e640,,,,,
2026-09-12T18:36:06-05:00,PUR_IED_CostaRica_Quim1_766d1c,PUR_IED_CostaRica_Quim1_766d1c,,,,,
2026-09-12T18:36:06-05:00,PUR_IED_CostaRica__Fisica_6f0873,PUR_IED_CostaRica__Fisica_6f0873,,,,,
2026-09-12T18:36:06-05:00,PUR_IED_CulPopu_301A_f660f3,PUR_IED_CulPopu_301A_f660f3,,,,,
2026-09-12T18:36:06-05:00,PUR_IED_CulPopu_303_568afe,PUR_IED_CulPopu_303_568afe,,,,,
2026-09-12T18:36:06-05:00,PUR_IED_CulPopu_Ext_e02ccb,PUR_IED_CulPopu_Ext_e02ccb,,,,,
2026-09-12T18:36:06-05:00,PUR_IED_Cundinamarca_Ext_f15985,PUR_IED_Cundinamarca_Ext_f15985,,,,,
2026-09-12T18:36:06-05:00,PUR_IED_Cundinamarca_Info_7aa5d7,PUR_IED_Cundinamarca_Info_7aa5d7,,,,,
2026-09-12T18:36:06-05:00,PUR_IED_Cundinamarca_Tec2_f449c7,PUR_IED_Cundinamarca_Tec2_f449c7,,,,,
2026-09-12T18:36:06-05:00,PUR_IED_DiegoM_Aula1_27b314,PUR_IED_DiegoM_Aula1_27b314,,,,,
2026-09-12T18:36:06-05:00,PUR_IED_DiegoM_Ext_d80ac8,PUR_IED_DiegoM_Ext_d80ac8,,,,,
2026-09-12T18:36:06-05:00,PUR_IED_DiegoM_S25_da928f,PUR_IED_DiegoM_S25_da928f,,,,,
2026-09-12T18:36:06-05:00,PUR_IED_ELRODEO_360881,PUR_IED_ELRODEO_360881,,,,,
2026-09-12T18:36:06-05:00,PUR_IED_ELRODEO_ext_360881,PUR_IED_ELRODEO_ext_360881,,,,,
2026-09-12T18:36:06-05:00,PUR_IED_EduardoU_Ext_1c1969,PUR_IED_EduardoU_Ext_1c1969,,,,,
2026-09-12T18:36:06-05:00,PUR_IED_EduardoU_SCiencia_4dfb94,PUR_IED_EduardoU_SCiencia_4dfb94,,,,,
2026-09-12T18:36:06-05:00,PUR_IED_EduardoU_SQuimica_5a46e7,PUR_IED_EduardoU_SQuimica_5a46e7,,,,,
2026-09-12T18:36:06-05:00,PUR_IED_ElRodeo_Aula14_676984,PUR_IED_ElRodeo_Aula14_676984,,,,,
2026-09-12T18:36:06-05:00,PUR_IED_ElRodeo_Aula16_2dd35b,PUR_IED_ElRodeo_Aula16_2dd35b,,,,,
2026-09-12T18:36:06-05:00,PUR_IED_ElRodeo_Ext_360881,PUR_IED_ElRodeo_Ext_360881,,,,,
2026-09-12T18:36:06-05:00,PUR_IED_ElRodeo_Exterior_8c6d28,PUR_IED_ElRodeo_Exterior_8c6d28,,,,,
2026-09-12T18:36:06-05:00,PUR_IED_ElRodeo_ext_360881,PUR_IED_ElRodeo_ext_360881,,,,,
2026-09-12T18:36:06-05:00,PUR_IED_EmmaReyes_Ext_987625,PUR_IED_EmmaReyes_Ext_987625,3,21,50,4.6367,-74.1511
2026-09-12T18:36:06-05:00,PUR_IED_Ensueño_Ext_7f0250,PUR_IED_Ensueño_Ext_7f0250,,,,,
2026-09-12T18:36:06-05:00,PUR_IED_EscNormal_Ext_5fef3b,PUR_IED_EscNormal_Ext_5fef3b,2,19,59,4.5852,-74.096901
2026-09-12T18:36:06-05:00,PUR_IED_EscNormal_S309_5b263,PUR_IED_EscNormal_S309_5b263,,,,,
2026-09-12T18:36:06-05:00,PUR_IED_EscNormal_S310_27b3b8,PUR_IED_EscNormal_S310_27b3b8,,,,,
2026-09-12T18:36:06-05:00,PUR_IED_Evangelista_Conta_f6cd4f,PUR_IED_Evangelista_Conta_f6cd4f,,,,,
2026-09-12T18:36:06-05:00,PUR_IED_Evangelista_Cri_5e16a,PUR_IED_Evangelista_Cri_5e16a,,,,,
2026-09-12T18:36:06-05:00,PUR_IED_Evangelista_Exter_754066,PUR_IED_Evangelista_Exter_754066,,,,,
2026-09-12T18:36:06-05:00,PUR_IED_FMiranda_S209_5cc2a3,PUR_IED_FMiranda_S209_5cc2a3,,,,,
2026-09-12T18:36:06-05:00,PUR_IED_FMiranda_S303_19e344,PUR_IED_FMiranda_S303_19e344,,,,,
2026-09-12T18:36:06-05:00,PUR_IED_FMiranda_ext_f53e7c,PUR_IED_FMiranda_ext_f53e7c,,,,,
2026-09-12T18:36:06-05:00,PUR_IED_FabioLozano_Bibli_1cee05,PUR_IED_FabioLozano_Bibli_1cee05,,,,,
2026-09-12T18:36:06-05:00,PUR_IED_FabioLozano_Ext_6ea285,PUR_IED_FabioLozano_Ext_6ea285,,,,,
2026-09-12T18:36:06-05:00,PUR_IED_FabioLozano_SLudi_f09e1e,PUR_IED_FabioLozano_SLudi_f09e1e,,,,,
2026-09-12T18:36:06-05:00,PUR_IED_FaustinoS_Aula07_27a731,PUR_IED_FaustinoS_Aula07_27a731,,,,,
2026-09-12T18:36:06-05:00,PUR_IED_FaustinoS_Ext_7b936f,PUR_IED_FaustinoS_Ext_7b936f,,,,,
2026-09-12T18:36:06-05:00,PUR_IED_FaustinoS_Fisica_da2c60,PUR_IED_FaustinoS_Fisica_da2c60,,,,,
2026-09-12T18:36:06-05:00,PUR_IED_FeGarciaLo_Ext_dc68ee,PUR_IED_FeGarciaLo_Ext_dc68ee,,,,,
2026-09-12T18:36:06-05:00,PUR_IED_FeGarciaLo_SDanza_f70a59,PUR_IED_FeGarciaLo_SDanza_f70a59,,,,,
2026-09-12T18:36:06-05:00,PUR_IED_FeGarciaLo_SMusic_125cdd,PUR_IED_FeGarciaLo_SMusic_125cdd,,,,,
2026-09-12T18:36:06-05:00,PUR_IED_FederalAlema_Exte_50c345,PUR_IED_FederalAlema_Exte_50c345,,,,,
2026-09-12T18:36:06-05:00,PUR_IED_FederalAlema_S31_f18371,PUR_IED_FederalAlema_S31_f18371,,,,,
2026-09-12T18:36:06-05:00,PUR_IED_FederalAlema_S901_a62cd,PUR_IED_FederalAlema_S901_a62cd,,,,,
2026-09-12T18:36:06-05:00,PUR_IED_FilarmonicaS_A5_f35eb1,PUR_IED_FilarmonicaS_A5_f35eb1,,,,,
2026-09-12T18:36:06-05:00,PUR_IED_FilarmonicaS_Ext_8a3bde,PUR_IED_FilarmonicaS_Ext_8a3bde,,,,,
2026-09-12T18:36:06-05:00,PUR_IED_FilarmonicaS_Spol_406114,PUR_IED_FilarmonicaS_Spol_406114,,,,,
2026-09-12T18:36:06-05:00,PUR_IED_FlorentinoG_A13_d1fa59,PUR_IED_FlorentinoG_A13_d1fa59,,,,,
2026-09-12T18:36:06-05:00,PUR_IED_FlorentinoG_Ext_1ce6ce,PUR_IED_FlorentinoG_Ext_1ce6ce,,,,,
2026-09-12T18:36:06-05:00,PUR_IED_FlorentinoG_Idiom_a66aac,PUR_IED_FlorentinoG_Idiom_a66aac,,,,,
2026-09-12T18:36:06-05:00,PUR_IED_FranciscoMati_Ext_e3869d,PUR_IED_FranciscoMati_Ext_e3869d,,,,,
2026-09-12T18:36:06-05:00,PUR_IED_FranciscoMati_S13_f31c67,PUR_IED_FranciscoMati_S13_f31c67,,,,,
2026-09-12T18:36:06-05:00,PUR_IED_FranciscoMati_S14_97dead,PUR_IED_FranciscoMati_S14_97dead,,,,,
2026-09-12T18:36:06-05:00,PUR_IED_FranciscoPS_Ext_7bfa9a,PUR_IED_FranciscoPS_Ext_7bfa9a,2,21,57,4.5899,-74.110397
2026-09-12T18:36:06-05:00,PUR_IED_FranciscoPS_Infor_fb8f4c,PUR_IED_FranciscoPS_Infor_fb8f4c,,,,,
2026-09-12T18:36:06-05:00,PUR_IED_FranciscoPS_Quimi_94d39c,PUR_IED_FranciscoPS_Quimi_94d39c,,,,,
2026-09-12T18:36:06-05:00,PUR_IED_FranciscoP_LabQ_d7e148,PUR_IED_FranciscoP_LabQ_d7e148,,,,,
2026-09-12T18:36:06-05:00,PUR_IED_FranciscoP_S28_cf9b30,PUR_IED_FranciscoP_S28_cf9b30,,,,,
2026-09-12T18:36:06-05:00,PUR_IED_FranciscoP_ext_e2313,PUR_IED_FranciscoP_ext_e2313,,,,,
2026-09-12T18:36:06-05:00,PUR_IED_FriederichN_Ext_8ac92a,PUR_IED_FriederichN_Ext_8ac92a,,,,,
2026-09-12T18:36:06-05:00,PUR_IED_FriederichN_S301_dd7e5a,PUR_IED_FriederichN_S301_dd7e5a,,,,,
2026-09-12T18:36:06-05:00,PUR_IED_FriederichN_S308_761f4f,PUR_IED_FriederichN_S308_761f4f,,,,,
2026-09-12T18:36:06-05:00,PUR_IED_GSantander_Aula10_533dd7,PUR_IED_GSantander_Aula10_533dd7,,,,,
2026-09-12T18:36:06-05:00,PUR_IED_GSantander_Aula12_fd4e4f,PUR_IED_GSantander_Aula12_fd4e4f,,,,,
2026-09-12T18:36:06-05:00,PUR_IED_GSantander_Aula310_533dd7,PUR_IED_GSantander_Aula310_533dd7,,,,,
2026-09-12T18:36:06-05:00,PUR_IED_GSantander_Aula312_fd4e4f,PUR_IED_GSantander_Aula312_fd4e4f,,,,,
2026-09-12T18:36:06-05:00,PUR_IED_GSantander_Ext_5f66b0,PUR_IED_GSantander_Ext_5f66b0,,,,,
2026-09-12T18:36:06-05:00,PUR_IED_GYomasa_Ext_f6bea5,PUR_IED_GYomasa_Ext_f6bea5,,,,,
2026-09-12T18:36:06-05:00,PUR_IED_GYomasa_LBiol_2c41aa,PUR_IED_GYomasa_LBiol_2c41aa,,,,,
2026-09-12T18:36:06-05:00,PUR_IED_GYomasa_LQuim_33c80,PUR_IED_GYomasa_LQuim_33c80,,,,,
2026-09-12T18:36:06-05:00,PUR_IED_GabBetMejia_Cienc_5a99c,PUR_IED_GabBetMejia_Cienc_5a99c,,,,,
2026-09-12T18:36:06-05:00,PUR_IED_GabBetMejia_Ext_9153d0,PUR_IED_GabBetMejia_Ext_9153d0,,,,,
2026-09-12T18:36:06-05:00,PUR_IED_GabBetMejia_Lab_f55347,PUR_IED_GabBetMejia_Lab_f55347,,,,,
2026-09-12T18:36:06-05:00,PUR_IED_GabBetanMejia_Ext_9153d0,PUR_IED_GabBetanMejia_Ext_9153d0,,,,,
2026-09-12T18:36:06-05:00,PUR_IED_Gaitana_Aula13_7aac11,PUR_IED_Gaitana_Aula13_7aac11,,,,,
2026-09-12T18:36:06-05:00,PUR_IED_Gaitana_Ext_5fcf4,PUR_IED_Gaitana_Ext_5fcf4,,,,,
2026-09-12T18:36:06-05:00,PUR_IED_Gaitana_LabFisica_644448,PUR_IED_Gaitana_LabFisica_644448,,,,,
2026-09-12T18:36:06-05:00,PUR_IED_GenSantander_Dise_8ac858,PUR_IED_GenSantander_Dise_8ac858,,,,,
2026-09-12T18:36:06-05:00,PUR_IED_GenSantander_Ext_8d5dfe,PUR_IED_GenSantander_Ext_8d5dfe,,,,,
2026-09-12T18:36:06-05:00,PUR_IED_GenSantander_Info_6c25b,PUR_IED_GenSantander_Info_6c25b,,,,,
2026-09-12T18:36:06-05:00,PUR_IED_GustavoMo_Exterio_75e63d,PUR_IED_GustavoMo_Exterio_75e63d,,,,,
2026-09-12T18:36:06-05:00,PUR_IED_GustavoMo_LabFisi_224d37,PUR_IED_GustavoMo_LabFisi_224d37,,,,,
2026-09-12T18:36:06-05:00,PUR_IED_GustavoMo_S208_3e6918,PUR_IED_GustavoMo_S208_3e6918,,,,,
2026-09-12T18:36:06-05:00,PUR_IED_GustavoR_A02_8cd4a8,PUR_IED_GustavoR_A02_8cd4a8,,,,,
2026-09-12T18:36:06-05:00,PUR_IED_GustavoR_B11_5b0ed,PUR_IED_GustavoR_B11_5b0ed,,,,,
2026-09-12T18:36:06-05:00,PUR_IED_GustavoR_Ext_7a0c90,PUR_IED_GustavoR_Ext_7a0c90,,,,,
2026-09-12T18:36:06-05:00,PUR_IED_HernandoDuran_Ext_8cd82b,PUR_IED_HernandoDuran_Ext_8cd82b,,,,,
2026-09-12T18:36:06-05:00,PUR_IED_HernandoDuran_S24_2772c6,PUR_IED_HernandoDuran_S24_2772c6,,,,,
2026-09-12T18:36:06-05:00,PUR_IED_HernandoDuran_S30_f2de41,PUR_IED_HernandoDuran_S30_f2de41,,,,,
2026-09-12T18:36:06-05:00,PUR_IED_HolguInUr_S1101_8cd732,PUR_IED_HolguInUr_S1101_8cd732,,,,,
2026-09-12T18:36:06-05:00,PUR_IED_HolguinUr_Exter_ddae6d,PUR_IED_HolguinUr_Exter_ddae6d,,,,,
2026-09-12T18:36:06-05:00,PUR_IED_HolguinUr_LabQuim_92b952,PUR_IED_HolguinUr_LabQuim_92b952,,,,,
2026-09-12T18:36:06-05:00,PUR_IED_Isabel-II_Ext_5245cc,PUR_IED_Isabel-II_Ext_5245cc,3,19,56,4.6336,-74.153
2026-09-12T18:36:06-05:00,PUR_IED_Isabel-II_S_idiom_1c29aa,PUR_IED_Isabel-II_S_idiom_1c29aa,,,,,
2026-09-12T18:36:06-05:00,PUR_IED_Isabel-II_S_infor_fd741,PUR_IED_Isabel-II_S_infor_fd741,,,,,
2026-09-12T18:36:06-05:00,PUR_IED_IsidroSur_Exterio_5b90ea,PUR_IED_IsidroSur_Exterio_5b90ea,,,,,
2026-09-12T18:36:06-05:00,PUR_IED_IsidroSur_LabTec_56697a,PUR_IED_IsidroSur_LabTec_56697a,,,,,
2026-09-12T18:36:06-05:00,PUR_IED_IsidroSur_Robotic_b7c38f,PUR_IED_IsidroSur_Robotic_b7c38f,,,,,
2026-09-12T18:36:06-05:00,PUR_IED_IsmaelPerd_Ext_7b6672,PUR_IED_IsmaelPerd_Ext_7b6672,,,,,
2026-09-12T18:36:06-05:00,PUR_IED_IsmaelPerd_Inform_306540,PUR_IED_IsmaelPerd_Inform_306540,,,,,
2026-09-12T18:36:06-05:00,PUR_IED_IsmaelPerd_S30_2e2c83,PUR_IED_IsmaelPerd_S30_2e2c83,,,,,
2026-09-12T18:36:06-05:00,PUR_IED_JLozano_Exter_432910,PUR_IED_JLozano_Exter_432910,,,,,
2026-09-12T18:36:06-05:00,PUR_IED_JLozano_salaMulti_df5125,PUR_IED_JLozano_salaMulti_df5125,,,,,
2026-09-12T18:36:06-05:00,PUR_IED_JMCordoba_206_86f80b,PUR_IED_JMCordoba_206_86f80b,,,,,
2026-09-12T18:36:06-05:00,PUR_IED_JMCordoba_Ext_27ad97,PUR_IED_JMCordoba_Ext_27ad97,,,,,
2026-09-12T18:36:06-05:00,PUR_IED_JMCordoba_S310_d59ab4,PUR_IED_JMCordoba_S310_d59ab4,,,,,
2026-09-12T18:36:06-05:00,PUR_IED_Japon_Ext_549100,PUR_IED_Japon_Ext_549100,,,,,
2026-09-12T18:36:06-05:00,PUR_IED_Japon_Laboratorio_bec51d,PUR_IED_Japon_Laboratorio_bec51d,,,,,
2026-09-12T18:36:06-05:00,PUR_IED_Japon_informatica_d99327,PUR_IED_Japon_informatica_d99327,,,,,
2026-09-12T18:36:06-05:00,PUR_IED_Jazmin_Ext_d27bda,PUR_IED_Jazmin_Ext_d27bda,,,,,
2026-09-12T18:36:06-05:00,PUR_IED_Jazmin_Fisica_8d14d7,PUR_IED_Jazmin_Fisica_8d14d7,,,,,
2026-09-12T18:36:06-05:00,PUR_IED_Jazmin_Quimica_801cb5,PUR_IED_Jazmin_Quimica_801cb5,,,,,
2026-09-12T18:36:06-05:00,PUR_IED_JorgeGaitan_Exter_f098d1,PUR_IED_JorgeGaitan_Exter_f098d1,,,,,
2026-09-12T18:36:06-05:00,PUR_IED_JorgeGaitan_STec1_dc9d1d,PUR_IED_JorgeGaitan_STec1_dc9d1d,,,,,
2026-09-12T18:36:06-05:00,PUR_IED_JorgeGaitan_STec2_281e69,PUR_IED_JorgeGaitan_STec2_281e69,,,,,
2026-09-12T18:36:06-05:00,PUR_IED_JorgeSoto_Exterio_d9d0a2,PUR_IED_JorgeSoto_Exterio_d9d0a2,,,,,
2026-09-12T18:36:06-05:00,PUR_IED_JorgeSoto_LabFisi_209c54,PUR_IED_JorgeSoto_LabFisi_209c54,,,,,
2026-09-12T18:36:06-05:00,PUR_IED_JorgeSoto_S103_27b51a,PUR_IED_JorgeSoto_S103_27b51a,,,,,
2026-09-12T18:36:06-05:00,PUR_IED_JoseAcevedo_A02_e965eb,PUR_IED_JoseAcevedo_A02_e965eb,,,,,
2026-09-12T18:36:06-05:00,PUR_IED_JoseAcevedo_A07_dd5b4,PUR_IED_JoseAcevedo_A07_dd5b4,,,,,
2026-09-12T18:36:06-05:00,PUR_IED_JoseAcevedo_Ext_b47484,PUR_IED_JoseAcevedo_Ext_b47484,,,,,
2026-09-12T18:36:06-05:00,PUR_IED_JoseMarti_Exte_5b9bf,PUR_IED_JoseMarti_Exte_5b9bf,,,,,
2026-09-12T18:36:06-05:00,PUR_IED_JoseMarti_LabQuim_1c6c2d,PUR_IED_JoseMarti_LabQuim_1c6c2d,,,,,
2026-09-12T18:36:06-05:00,PUR_IED_JoseMarti_S_info_f5f177,PUR_IED_JoseMarti_S_info_f5f177,,,,,
2026-09-12T18:36:06-05:00,PUR_IED_Josejoaquin_Ext_dfc5dc,PUR_IED_Josejoaquin_Ext_dfc5dc,,,,,
2026-09-12T18:36:06-05:00,PUR_IED_Josejoaquin_S05_5b2a96,PUR_IED_Josejoaquin_S05_5b2a96,,,,,
2026-09-12T18:36:06-05:00,PUR_IED_Josejoaquin_S06_1ce7d2,PUR_IED_Josejoaquin_S06_1ce7d2,,,,,
2026-09-12T18:36:06-05:00,PUR_IED_JulioFlorez_Danza_9b82dd,PUR_IED_JulioFlorez_Danza_9b82dd,,,,,
2026-09-12T18:36:06-05:00,PUR_IED_JulioFlorez_Exter_f9f314,PUR_IED_JulioFlorez_Exter_f9f314,,,,,
2026-09-12T18:36:06-05:00,PUR_IED_JulioFlorez_info2_6b6e08,PUR_IED_JulioFlorez_info2_6b6e08,,,,,
2026-09-12T18:36:06-05:00,PUR_IED_LaBelleza_Aula13_1d00d8,PUR_IED_LaBelleza_Aula13_1d00d8,,,,,
2026-09-12T18:36:06-05:00,PUR_IED_LaBelleza_Ext_7bc08c,PUR_IED_LaBelleza_Ext_7bc08c,,,,,
2026-09-12T18:36:06-05:00,PUR_IED_LaChucua_Ext_8cd6d2,PUR_IED_LaChucua_Ext_8cd6d2,,,,,
2026-09-12T18:36:06-05:00,PUR_IED_LaChucua_S15_f578ce,PUR_IED_LaChucua_S15_f578ce,,,,,
2026-09-12T18:36:06-05:00,PUR_IED_LaChucua_S16_eebcf9,PUR_IED_LaChucua_S16_eebcf9,,,,,
2026-09-12T18:36:06-05:00,PUR_IED_LaFelicidad_Ext_fb5109,PUR_IED_LaFelicidad_Ext_fb5109,,,,,
2026-09-12T18:36:06-05:00,PUR_IED_LaMerced_206_66ebd,PUR_IED_LaMerced_206_66ebd,,,,,
2026-09-12T18:36:06-05:00,PUR_IED_LaMerced_207_6ebd6,PUR_IED_LaMerced_207_6ebd6,,,,,
2026-09-12T18:36:06-05:00,PUR_IED_LaMerced_ext_304311,PUR_IED_LaMerced_ext_304311,,,,,
2026-09-12T18:36:06-05:00,PUR_IED_Laureano_CiencNat_281e5e,PUR_IED_Laureano_CiencNat_281e5e,,,,,
2026-09-12T18:36:06-05:00,PUR_IED_Laureano_Comedor_f65c0a,PUR_IED_Laureano_Comedor_f65c0a,,,,,
2026-09-12T18:36:06-05:00,PUR_IED_Laureano_Exterior_7ab011,PUR_IED_Laureano_Exterior_7ab011,,,,,
2026-09-12T18:36:06-05:00,PUR_IED_LeonGreiff_Exte_dfe560,PUR_IED_LeonGreiff_Exte_dfe560,,,,,
2026-09-12T18:36:06-05:00,PUR_IED_LeonGreiff_S210_f264ed,PUR_IED_LeonGreiff_S210_f264ed,,,,,
2026-09-12T18:36:06-05:00,PUR_IED_LeonGreiff_SQuimi_e8296f,PUR_IED_LeonGreiff_SQuimi_e8296f,,,,,
2026-09-12T18:36:06-05:00,PUR_IED_LlanoOrientalS208_7b9fcd,PUR_IED_LlanoOrientalS208_7b9fcd,,,,,
2026-09-12T18:36:06-05:00,PUR_IED_LlanoOriental_Ext_fb3766,PUR_IED_LlanoOriental_Ext_fb3766,,,,,
2026-09-12T18:36:06-05:00,PUR_IED_LlanoOriental_S208_7b9fcd,PUR_IED_LlanoOriental_S208_7b9fcd,,,,,
2026-09-12T18:36:06-05:00,PUR_IED_LlanoOriental_S9_27b378,PUR_IED_LlanoOriental_S9_27b378,,,,,
2026-09-12T18:36:06-05:00,PUR_IED_LosTejares_1101_477602,PUR_IED_LosTejares_1101_477602,,,,,
2026-09-12T18:36:06-05:00,PUR_IED_LosTejares_11_d2c595,PUR_IED_LosTejares_11_d2c595,,,,,
2026-09-12T18:36:06-05:00,PUR_IED_LosTejares_12_477602,PUR_IED_LosTejares_12_477602,,,,,
2026-09-12T18:36:06-05:00,PUR_IED_LosTejares_Ext_8e2115,PUR_IED_LosTejares_Ext_8e2115,,,,,
2026-09-12T18:36:06-05:00,PUR_IED_MagdalenaO_B202_5ddda3,PUR_IED_MagdalenaO_B202_5ddda3,,,,,
2026-09-12T18:36:06-05:00,PUR_IED_MagdalenaO_B205_fb76e8,PUR_IED_MagdalenaO_B205_fb76e8,,,,,
2026-09-12T18:36:06-05:00,PUR_IED_MagdalenaO_ext_dc69cd,PUR_IED_MagdalenaO_ext_dc69cd,,,,,
2026-09-12T18:36:06-05:00,PUR_IED_ManueCepeda_artes_eee956,PUR_IED_ManueCepeda_artes_eee956,,,,,
2026-09-12T18:36:06-05:00,PUR_IED_ManuelCepeda_Ext_58313,PUR_IED_ManuelCepeda_Ext_58313,,,,,
2026-09-12T18:36:06-05:00,PUR_IED_ManuelCepeda_tec_1c5731,PUR_IED_ManuelCepeda_tec_1c5731,,,,,
2026-09-12T18:36:06-05:00,PUR_IED_ManuelS_Exterior_5b269,PUR_IED_ManuelS_Exterior_5b269,,,,,
2026-09-12T18:36:06-05:00,PUR_IED_ManuelS_Inform_f369ce,PUR_IED_ManuelS_Inform_f369ce,,,,,
2026-09-12T18:36:06-05:00,PUR_IED_ManuelS_SArtes_7d15f1,PUR_IED_ManuelS_SArtes_7d15f1,,,,,
2026-09-12T18:36:06-05:00,PUR_IED_ManuelZapata_303_3ca6,PUR_IED_ManuelZapata_303_3ca6,,,,,
2026-09-12T18:36:06-05:00,PUR_IED_ManuelZapata_311_bfbabc,PUR_IED_ManuelZapata_311_bfbabc,,,,,
2026-09-12T18:36:06-05:00,PUR_IED_ManuelZapata_Ext_50824a,PUR_IED_ManuelZapata_Ext_50824a,,,,,
2026-09-12T18:36:06-05:00,PUR_IED_ManuelitaS_Exteri_656a92,PUR_IED_ManuelitaS_Exteri_656a92,,,,,
2026-09-12T18:36:06-05:00,PUR_IED_ManuelitaS_JuzgDe_f58ec3,PUR_IED_ManuelitaS_JuzgDe_f58ec3,,,,,
2026-09-12T18:36:06-05:00,PUR_IED_ManuelitaS_Recrea_d793db,PUR_IED_ManuelitaS_Recrea_d793db,,,,,
2026-09-12T18:36:06-05:00,PUR_IED_MarFidSuarez_Ext_c27b19,PUR_IED_MarFidSuarez_Ext_c27b19,,,,,
2026-09-12T18:36:06-05:00,PUR_IED_MarFidSuarez_Info_e384d7,PUR_IED_MarFidSuarez_Info_e384d7,,,,,
2026-09-12T18:36:06-05:00,PUR_IED_MarFidSuarez_S306_1d0032,PUR_IED_MarFidSuarez_S306_1d0032,,,,,
2026-09-12T18:36:06-05:00,PUR_IED_Menorah_301_2a25a3,PUR_IED_Menorah_301_2a25a3,,,,,
2026-09-12T18:36:06-05:00,PUR_IED_Menorah_306_37ed3,PUR_IED_Menorah_306_37ed3,,,,,
2026-09-12T18:36:06-05:00,PUR_IED_Menorah_Ext_3e155b,PUR_IED_Menorah_Ext_3e155b,,,,,
2026-09-12T18:36:06-05:00,PUR_IED_MinutoB.Aires_A11_1b1604,PUR_IED_MinutoB.Aires_A11_1b1604,,,,,
2026-09-12T18:36:06-05:00,PUR_IED_MinutoB.Aires_A12_fb5860,PUR_IED_MinutoB.Aires_A12_fb5860,,,,,
2026-09-12T18:36:06-05:00,PUR_IED_MinutoB.Aires_Ext_81293f,PUR_IED_MinutoB.Aires_Ext_81293f,,,,,
2026-09-12T18:36:06-05:00,PUR_IED_MinutoBAires_A11_1b1604,PUR_IED_MinutoBAires_A11_1b1604,,,,,
2026-09-12T18:36:06-05:00,PUR_IED_MinutoBAires_A12_fb5860,PUR_IED_MinutoBAires_A12_fb5860,,,,,
2026-09-12T18:36:06-05:00,PUR_IED_MinutoBAires_Ext_81293f,PUR_IED_MinutoBAires_Ext_81293f,,,,,
2026-09-12T18:36:06-05:00,PUR_IED_Montreal_Aula10_1e4959,PUR_IED_Montreal_Aula10_1e4959,,,,,
2026-09-12T18:36:06-05:00,PUR_IED_Montreal_Aula6_300367,PUR_IED_Montreal_Aula6_300367,,,,,
2026-09-12T18:36:06-05:00,PUR_IED_Montreal_Exterior_91a179,PUR_IED_Montreal_Exterior_91a179,,,,,
2026-09-12T18:36:06-05:00,PUR_IED_Mqgdalena_B202_5ddda3,PUR_IED_Mqgdalena_B202_5ddda3,,,,,
2026-09-12T18:36:06-05:00,PUR_IED_NACUND_Soc_dc8728,PUR_IED_NACUND_Soc_dc8728,,,,,
2026-09-12T18:36:06-05:00,PUR_IED_NACUND_ext_27ad97,PUR_IED_NACUND_ext_27ad97,,,,,
2026-09-12T18:36:06-05:00,PUR_IED_NEsperanza_Ext_d24b61,PUR_IED_NEsperanza_Ext_d24b61,,,,,
2026-09-12T18:36:06-05:00,PUR_IED_NEsperanza_SElect_7d1807,PUR_IED_NEsperanza_SElect_7d1807,,,,,
2026-09-12T18:36:06-05:00,PUR_IED_NEsperanza_SLabor_8b2d0a,PUR_IED_NEsperanza_SLabor_8b2d0a,,,,,
2026-09-12T18:36:06-05:00,PUR_IED_NacionesU_Ext_f661a9,PUR_IED_NacionesU_Ext_f661a9,,,,,
2026-09-12T18:36:06-05:00,PUR_IED_NacionesU_Quimica_66f0a,PUR_IED_NacionesU_Quimica_66f0a,,,,,
2026-09-12T18:36:06-05:00,PUR_IED_NacionesU_S306_1b4b3d,PUR_IED_NacionesU_S306_1b4b3d,,,,,
2026-09-12T18:36:06-05:00,PUR_IED_NestorFA_Ext_e4201c,PUR_IED_NestorFA_Ext_e4201c,,,,,
2026-09-12T18:36:06-05:00,PUR_IED_NestorFA_Laborato_f22fe0,PUR_IED_NestorFA_Laborato_f22fe0,,,,,
2026-09-12T18:36:06-05:00,PUR_IED_NestorFA_S204_dee996,PUR_IED_NestorFA_S204_dee996,,,,,
2026-09-12T18:36:06-05:00,PUR_IED_NidyaQT_Aula03_76999b,PUR_IED_NidyaQT_Aula03_76999b,,,,,
2026-09-12T18:36:06-05:00,PUR_IED_NidyaQT_Aula10_56325,PUR_IED_NidyaQT_Aula10_56325,,,,,
2026-09-12T18:36:06-05:00,PUR_IED_NidyaQT_Ext_46e32d,PUR_IED_NidyaQT_Ext_46e32d,,,,,
2026-09-12T18:36:06-05:00,PUR_IED_NuevaCol_Exterior_d9b859,PUR_IED_NuevaCol_Exterior_d9b859,,,,,
2026-09-12T18:36:06-05:00,PUR_IED_NuevaCol_S1101_76c43b,PUR_IED_NuevaCol_S1101_76c43b,,,,,
2026-09-12T18:36:06-05:00,PUR_IED_NuevaCol_S1102_1ce0b5,PUR_IED_NuevaCol_S1102_1ce0b5,,,,,
2026-09-12T18:36:06-05:00,PUR_IED_OEA_A202_f7e3f2,PUR_IED_OEA_A202_f7e3f2,,,,,
2026-09-12T18:36:06-05:00,PUR_IED_OEA_A203_7d1b8d,PUR_IED_OEA_A203_7d1b8d,,,,,
2026-09-12T18:36:06-05:00,PUR_IED_OEA_Ext_27b593,PUR_IED_OEA_Ext_27b593,,,,,
2026-09-12T18:36:06-05:00,PUR_IED_Ochoa_Ext_1c29da,PUR_IED_Ochoa_Ext_1c29da,,,,,
2026-09-12T18:36:06-05:00,PUR_IED_Ochoa_S205_8b1121,PUR_IED_Ochoa_S205_8b1121,,,,,
2026-09-12T18:36:06-05:00,PUR_IED_Ochoa_Sistemas_f33af6,PUR_IED_Ochoa_Sistemas_f33af6,,,,,
2026-09-12T18:36:06-05:00,PUR_IED_PQuebec_Ext_1c67c7,PUR_IED_PQuebec_Ext_1c67c7,,,,,
2026-09-12T18:36:06-05:00,PUR_IED_PQuebec_S15_23e8e2,PUR_IED_PQuebec_S15_23e8e2,,,,,
2026-09-12T18:36:06-05:00,PUR_IED_PQuebec_S16_8ec76b,PUR_IED_PQuebec_S16_8ec76b,,,,,
2026-09-12T18:36:06-05:00,PUR_IED_PabloN_Ext_49dc96,PUR_IED_PabloN_Ext_49dc96,,,,,
2026-09-12T18:36:06-05:00,PUR_IED_PabloN_S1102_4e3df5,PUR_IED_PabloN_S1102_4e3df5,,,,,
2026-09-12T18:36:06-05:00,PUR_IED_PabloN_S1103_50c94b,PUR_IED_PabloN_S1103_50c94b,,,,,
2026-09-12T18:36:06-05:00,PUR_IED_Palestina_S1101_db9198,PUR_IED_Palestina_S1101_db9198,,,,,
2026-09-12T18:36:06-05:00,PUR_IED_Palestina_S1102_dc54fa,PUR_IED_Palestina_S1102_dc54fa,,,,,
2026-09-12T18:36:06-05:00,PUR_IED_Palestina_ext_4ccce6,PUR_IED_Palestina_ext_4ccce6,,,,,
2026-09-12T18:36:06-05:00,PUR_IED_Panama_Fisica_4d0794,PUR_IED_Panama_Fisica_4d0794,,,,,
2026-09-12T18:36:06-05:00,PUR_IED_Panama_SIngles_a4077e,PUR_IED_Panama_SIngles_a4077e,,,,,
2026-09-12T18:36:06-05:00,PUR_IED_Panama_ext_4c54b4,PUR_IED_Panama_ext_4c54b4,,,,,
2026-09-12T18:36:06-05:00,PUR_IED_ParaisoM_Exterior_8cd7f0,PUR_IED_ParaisoM_Exterior_8cd7f0,,,,,
2026-09-12T18:36:06-05:00,PUR_IED_ParaisoM_Laborato_27af35,PUR_IED_ParaisoM_Laborato_27af35,,,,,
2026-09-12T18:36:06-05:00,PUR_IED_ParaisoM_S304_d1edca,PUR_IED_ParaisoM_S304_d1edca,,,,,
2026-09-12T18:36:06-05:00,PUR_IED_PorfirioBarba_Ext_301466,PUR_IED_PorfirioBarba_Ext_301466,,,,,
2026-09-12T18:36:06-05:00,PUR_IED_PorfirioBarba_S11_df6cd2,PUR_IED_PorfirioBarba_S11_df6cd2,,,,,
2026-09-12T18:36:06-05:00,PUR_IED_PorfirioBarba_S29_27a7d6,PUR_IED_PorfirioBarba_S29_27a7d6,,,,,
2026-09-12T18:36:06-05:00,PUR_IED_PradoV_Exter_8b27ad,PUR_IED_PradoV_Exter_8b27ad,,,,,
2026-09-12T18:36:06-05:00,PUR_IED_PradoV_S301_de65b5,PUR_IED_PradoV_S301_de65b5,,,,,
2026-09-12T18:36:06-05:00,PUR_IED_PradoV_S302_7d2593,PUR_IED_PradoV_S302_7d2593,,,,,
2026-09-12T18:36:06-05:00,PUR_IED_QuirogaAlz_Ext_1ddc82,PUR_IED_QuirogaAlz_Ext_1ddc82,,,,,
2026-09-12T18:36:06-05:00,PUR_IED_QuirogaAlz_S302_9926a3,PUR_IED_QuirogaAlz_S302_9926a3,,,,,
2026-09-12T18:36:06-05:00,PUR_IED_QuirogaAlz_S305_cdf1f1,PUR_IED_QuirogaAlz_S305_cdf1f1,,,,,
2026-09-12T18:36:06-05:00,PUR_IED_RGuatemala_Biling_dc53b7,PUR_IED_RGuatemala_Biling_dc53b7,,,,,
2026-09-12T18:36:06-05:00,PUR_IED_RGuatemala_Ext_1b89a3,PUR_IED_RGuatemala_Ext_1b89a3,,,,,
2026-09-12T18:36:06-05:00,PUR_IED_RGuatemala_Tecnol_281a34,PUR_IED_RGuatemala_Tecnol_281a34,,,,,
2026-09-12T18:36:06-05:00,PUR_IED_RafaNu_Ext_f7c302,PUR_IED_RafaNu_Ext_f7c302,,,,,
2026-09-12T18:36:06-05:00,PUR_IED_RafaNu_S1101_25fde,PUR_IED_RafaNu_S1101_25fde,,,,,
2026-09-12T18:36:06-05:00,PUR_IED_RafaNu_S1102_281517,PUR_IED_RafaNu_S1102_281517,,,,,
2026-09-12T18:36:06-05:00,PUR_IED_RafaelB_S305_ee2783,PUR_IED_RafaelB_S305_ee2783,,,,,
2026-09-12T18:36:06-05:00,PUR_IED_RafaelB_S306_75fe33,PUR_IED_RafaelB_S306_75fe33,,,,,
2026-09-12T18:36:06-05:00,PUR_IED_RafaelB_ext_283336,PUR_IED_RafaelB_ext_283336,3,20,59,4.6722,-74.0737
2026-09-12T18:36:06-05:00,PUR_IED_RafaelUU_Exterior_281a51,PUR_IED_RafaelUU_Exterior_281a51,,,,,
2026-09-12T18:36:06-05:00,PUR_IED_RafaelUU_Human_806b2,PUR_IED_RafaelUU_Human_806b2,,,,,
2026-09-12T18:36:06-05:00,PUR_IED_RafaelUU_Mate2_5680d4,PUR_IED_RafaelUU_Mate2_5680d4,,,,,
2026-09-12T18:36:06-05:00,PUR_IED_RamonSub_Ext_f9eeb9,PUR_IED_RamonSub_Ext_f9eeb9,,,,,
2026-09-12T18:36:06-05:00,PUR_IED_RamonSub_Media_d1f62f,PUR_IED_RamonSub_Media_d1f62f,,,,,
2026-09-12T18:36:06-05:00,PUR_IED_RamonSub_planta_51b82,PUR_IED_RamonSub_planta_51b82,,,,,
2026-09-12T18:36:06-05:00,PUR_IED_RepBoliVene_Exter_27af7c,PUR_IED_RepBoliVene_Exter_27af7c,,,,,
2026-09-12T18:36:06-05:00,PUR_IED_RepBoliVene_SCPT_5ae2ee,PUR_IED_RepBoliVene_SCPT_5ae2ee,,,,,
2026-09-12T18:36:06-05:00,PUR_IED_RepBoliVene_Socia_4b11d5,PUR_IED_RepBoliVene_Socia_4b11d5,,,,,
2026-09-12T18:36:06-05:00,PUR_IED_RepChina_Ext_76d9ee,PUR_IED_RepChina_Ext_76d9ee,,,,,
2026-09-12T18:36:06-05:00,PUR_IED_RepChina_S404_7c804c,PUR_IED_RepChina_S404_7c804c,,,,,
2026-09-12T18:36:06-05:00,PUR_IED_RepChina_S405_df2c33,PUR_IED_RepChina_S405_df2c33,,,,,
2026-09-12T18:36:06-05:00,PUR_IED_RepublicaC_Exteri_7d1ec9,PUR_IED_RepublicaC_Exteri_7d1ec9,,,,,
2026-09-12T18:36:06-05:00,PUR_IED_RepublicaC_S1101_f544b3,PUR_IED_RepublicaC_S1101_f544b3,,,,,
2026-09-12T18:36:06-05:00,PUR_IED_RepublicaC_S1102_7aafc7,PUR_IED_RepublicaC_S1102_7aafc7,,,,,
2026-09-12T18:36:06-05:00,PUR_IED_Ricaurte_Externo_a0ea1,PUR_IED_Ricaurte_Externo_a0ea1,,,,,
2026-09-12T18:36:06-05:00,PUR_IED_Ricaurte_S210_f546fd,PUR_IED_Ricaurte_S210_f546fd,,,,,
2026-09-12T18:36:06-05:00,PUR_IED_Ricaurte_S309_d4452,PUR_IED_Ricaurte_S309_d4452,,,,,
2026-09-12T18:36:06-05:00,PUR_IED_RogelioS_1102_531e69,PUR_IED_RogelioS_1102_531e69,,,,,
2026-09-12T18:36:06-05:00,PUR_IED_RogelioS_Ext_f25a18,PUR_IED_RogelioS_Ext_f25a18,,,,,
2026-09-12T18:36:06-05:00,PUR_IED_SBernardino_Ext_27aff8,PUR_IED_SBernardino_Ext_27aff8,,,,,
2026-09-12T18:36:06-05:00,PUR_IED_SBernardino_SArte_2ffd33,PUR_IED_SBernardino_SArte_2ffd33,,,,,
2026-09-12T18:36:06-05:00,PUR_IED_SBernardino_SIngl_7c7da5,PUR_IED_SBernardino_SIngl_7c7da5,,,,,
2026-09-12T18:36:06-05:00,PUR_IED_Sago_auditorio_dc9d1d,PUR_IED_Sago_auditorio_dc9d1d,,,,,
2026-09-12T18:36:06-05:00,PUR_IED_Saludcoop_Ext_95aac3,PUR_IED_Saludcoop_Ext_95aac3,,,,,
2026-09-12T18:36:06-05:00,PUR_IED_Saludcoop_InfI_90c854,PUR_IED_Saludcoop_InfI_90c854,,,,,
2026-09-12T18:36:06-05:00,PUR_IED_Saludcoop_SMedia_1b93be,PUR_IED_Saludcoop_SMedia_1b93be,,,,,
2026-09-12T18:36:06-05:00,PUR_IED_SanCarlos_1101_1a2360,PUR_IED_SanCarlos_1101_1a2360,,,,,
2026-09-12T18:36:06-05:00,PUR_IED_SanCarlos_1103_7bafb5,PUR_IED_SanCarlos_1103_7bafb5,,,,,
2026-09-12T18:36:06-05:00,PUR_IED_SanCarlos_Ext_b7cd1,PUR_IED_SanCarlos_Ext_b7cd1,,,,,
2026-09-12T18:36:06-05:00,PUR_IED_SanIgnacioBosa11a_50c26e,PUR_IED_SanIgnacioBosa11a_50c26e,,,,,
2026-09-12T18:36:06-05:00,PUR_IED_SanIgnacioBosa11b_371de8,PUR_IED_SanIgnacioBosa11b_371de8,,,,,
2026-09-12T18:36:06-05:00,PUR_IED_SanIgnacioBosaExt_ef0ffc,PUR_IED_SanIgnacioBosaExt_ef0ffc,,,,,
2026-09-12T18:36:06-05:00,PUR_IED_SanIgnacioBosa_11a_50c26e,PUR_IED_SanIgnacioBosa_11a_50c26e,,,,,
2026-09-12T18:36:06-05:00,PUR_IED_SanIgnacioBosa_Ext_ef0ffc,PUR_IED_SanIgnacioBosa_Ext_ef0ffc,,,,,
2026-09-12T18:36:06-05:00,PUR_IED_SanJoseN_intS1101_31c47f,PUR_IED_SanJoseN_intS1101_31c47f,,,,,
2026-09-12T18:36:06-05:00,PUR_IED_SanJoseUsm_Exter_f5d7e8,PUR_IED_SanJoseUsm_Exter_f5d7e8,,,,,
2026-09-12T18:36:06-05:00,PUR_IED_SanJoseUsm_Int11A_cfdef6,PUR_IED_SanJoseUsm_Int11A_cfdef6,,,,,
2026-09-12T18:36:06-05:00,PUR_IED_SilveriaR_IntB5_905349,PUR_IED_SilveriaR_IntB5_905349,,,,,
2026-09-12T18:36:06-05:00,PUR_IED_SilveriaR_IntSD14_981f93,PUR_IED_SilveriaR_IntSD14_981f93,,,,,
2026-09-12T18:36:06-05:00,PUR_IED_SilveriaR_ext_2b651d,PUR_IED_SilveriaR_ext_2b651d,,,,,
2026-09-12T18:36:06-05:00,PUR_IED_SimonB_Exterior_913975,PUR_IED_SimonB_Exterior_913975,,,,,
2026-09-12T18:36:06-05:00,PUR_IED_SimonB_LabQuimi_c56908,PUR_IED_SimonB_LabQuimi_c56908,,,,,
2026-09-12T18:36:06-05:00,PUR_IED_SimonB_informatic_a28c1,PUR_IED_SimonB_informatic_a28c1,,,,,
2026-09-12T18:36:06-05:00,PUR_IED_Sorrento_1102_315f50,PUR_IED_Sorrento_1102_315f50,,,,,
2026-09-12T18:36:06-05:00,PUR_IED_Sorrento_Minte_214eab,PUR_IED_Sorrento_Minte_214eab,,,,,
2026-09-12T18:36:06-05:00,PUR_IED_Sorrento_ext_7c3a0a,PUR_IED_Sorrento_ext_7c3a0a,,,,,
2026-09-12T18:36:06-05:00,PUR_IED_Tabora_Ext_f048ae,PUR_IED_Tabora_Ext_f048ae,,,,,
2026-09-12T18:36:06-05:00,PUR_IED_Tabora_S1102_b07752,PUR_IED_Tabora_S1102_b07752,,,,,
2026-09-12T18:36:06-05:00,PUR_IED_Tabora_S1103_d988f5,PUR_IED_Tabora_S1103_d988f5,,,,,
2026-09-12T18:36:06-05:00,PUR_IED_Tenerife_Ext_1ab188,PUR_IED_Tenerife_Ext_1ab188,,,,,
2026-09-12T18:36:06-05:00,PUR_IED_Tenerife_SDanzas_7bc02e,PUR_IED_Tenerife_SDanzas_7bc02e,,,,,
2026-09-12T18:36:06-05:00,PUR_IED_Tenerife_SIngles_7cc277,PUR_IED_Tenerife_SIngles_7cc277,,,,,
2026-09-12T18:36:06-05:00,PUR_IED_Tibabuyes_Exter_f2683d,PUR_IED_Tibabuyes_Exter_f2683d,,,,,
2026-09-12T18:36:06-05:00,PUR_IED_Tibabuyes_S10_dc87a8,PUR_IED_Tibabuyes_S10_dc87a8,,,,,
2026-09-12T18:36:06-05:00,PUR_IED_Tibabuyes_S15_dc0526,PUR_IED_Tibabuyes_S15_dc0526,,,,,
2026-09-12T18:36:06-05:00,PUR_IED_UnionE_S301_a1043,PUR_IED_UnionE_S301_a1043,,,,,
2026-09-12T18:36:06-05:00,PUR_IED_UnionE_S307_ff6c2f,PUR_IED_UnionE_S307_ff6c2f,,,,,
2026-09-12T18:36:06-05:00,PUR_IED_UnionE__Ext_5e2468,PUR_IED_UnionE__Ext_5e2468,,,,,
2026-09-12T18:36:06-05:00,PUR_IED_VillaRica_Ext_75be7c,PUR_IED_VillaRica_Ext_75be7c,,,,,
2026-09-12T18:36:06-05:00,PUR_IED_VillaRica_S4_cc5dcd,PUR_IED_VillaRica_S4_cc5dcd,,,,,
2026-09-12T18:36:06-05:00,PUR_IED_VillaRica_Sesp_99f5c,PUR_IED_VillaRica_Sesp_99f5c,,,,,
2026-09-12T18:41:06-05:00,PUR_IED_20deJulio_1101_91b1b9,PUR_IED_20deJulio_1101_91b1b9,,,,,
2026-09-12T18:41:06-05:00,PUR_IED_20deJulio_1102_1cfcf9,PUR_IED_20deJulio_1102_1cfcf9,,,,,
2026-09-12T18:41:06-05:00,PUR_IED_20deJulio_Ext_ab60bd,PUR_IED_20deJulio_Ext_ab60bd,,,,,
2026-09-12T18:41:06-05:00,PUR_IED_AgustinFer_Ext_7b9b77,PUR_IED_AgustinFer_Ext_7b9b77,,,,,
2026-09-12T18:41:06-05:00,PUR_IED_AgustinFer_Info2_27b3a7,PUR_IED_AgustinFer_Info2_27b3a7,,,,,
2026-09-12T18:41:06-05:00,PUR_IED_AgustinFer_Sena_54b4eb,PUR_IED_AgustinFer_Sena_54b4eb,,,,,
2026-09-12T18:41:06-05:00,PUR_IED_AlexanderF_1102_caf07b,PUR_IED_AlexanderF_1102_caf07b,,,,,
2026-09-12T18:41:06-05:00,PUR_IED_AlexanderF_1103_c79e71,PUR_IED_AlexanderF_1103_c79e71,,,,,
2026-09-12T18:41:06-05:00,PUR_IED_AlexanderF_Ext_c5b18b,PUR_IED_AlexanderF_Ext_c5b18b,,,,,
2026-09-12T18:41:06-05:00,PUR_IED_AlfonsoLopez_Ext_281d77,PUR_IED_AlfonsoLopez_Ext_281d77,,,,,
2026-09-12T18:41:06-05:00,PUR_IED_AlfonsoLopez_LabF_888ce0,PUR_IED_AlfonsoLopez_LabF_888ce0,,,,,
2026-09-12T18:41:06-05:00,PUR_IED_AlfonsoLopez_SMed_df6a7f,PUR_IED_AlfonsoLopez_SMed_df6a7f,,,,,
2026-09-12T18:41:06-05:00,PUR_IED_AltamiraSO_A2_209f92,PUR_IED_AltamiraSO_A2_209f92,,,,,
2026-09-12T18:41:06-05:00,PUR_IED_AltamiraSO_Ext_186d66,PUR_IED_AltamiraSO_Ext_186d66,,,,,
2026-09-12T18:41:06-05:00,PUR_IED_AltamiraSO_Sistem_27afe1,PUR_IED_AltamiraSO_Sistem_27afe1,,,,,
2026-09-12T18:41:06-05:00,PUR_IED_AlvaroGom_LabQuim_813179,PUR_IED_AlvaroGom_LabQuim_813179,,,,,
2026-09-12T18:41:06-05:00,PUR_IED_AlvaroGomez_Ext_47c7ca,PUR_IED_AlvaroGomez_Ext_47c7ca,,,,,
2026-09-12T18:41:06-05:00,PUR_IED_AlvaroGomez_LabQuim_813179,PUR_IED_AlvaroGomez_LabQuim_813179,,,,,
2026-09-12T18:41:06-05:00,PUR_IED_AlvaroGomez_S23_7ba89f,PUR_IED_AlvaroGomez_S23_7ba89f,,,,,
2026-09-12T18:41:06-05:00,PUR_IED_Amistad_306_dc8728,PUR_IED_Amistad_306_dc8728,,,,,
2026-09-12T18:41:06-05:00,PUR_IED_Amistad_Ext_8cd55e,PUR_IED_Amistad_Ext_8cd55e,,,,,
2026-09-12T18:41:06-05:00,PUR_IED_Amistad_S202_a41169,PUR_IED_Amistad_S202_a41169,,,,,
2026-09-12T18:41:06-05:00,PUR_IED_AndresBello_Bio_fd5f5e,PUR_IED_AndresBello_Bio_fd5f5e,,,,,
2026-09-12T18:41:06-05:00,PUR_IED_AndresBello_ext_dcad65,PUR_IED_AndresBello_ext_dcad65,,,,,
2026-09-12T18:41:06-05:00,PUR_IED_AndresBello_port_eed3ec,PUR_IED_AndresBello_port_eed3ec,,,,,
2026-09-12T18:41:06-05:00,PUR_IED_AngelaR_11b_d90a6b,PUR_IED_AngelaR_11b_d90a6b,,,,,
2026-09-12T18:41:06-05:00,PUR_IED_AngelaR_ext_7cad3e,PUR_IED_AngelaR_ext_7cad3e,4,19,62,4.5825,-74.164497
2026-09-12T18:41:06-05:00,PUR_IED_AntJoseSucre_10mo_df2575,PUR_IED_AntJoseSucre_10mo_df2575,,,,,
2026-09-12T18:41:06-05:00,PUR_IED_AntJoseSucre_Ext_215b36,PUR_IED_AntJoseSucre_Ext_215b36,,,,,
2026-09-12T18:41:06-05:00,PUR_IED_AntJoseSucre_Lab_3139de,PUR_IED_AntJoseSucre_Lab_3139de,,,,,
2026-09-12T18:41:06-05:00,PUR_IED_AntonioGarcia_301_d6b188,PUR_IED_AntonioGarcia_301_d6b188,,,,,
2026-09-12T18:41:06-05:00,PUR_IED_AntonioGarcia_302_88a82,PUR_IED_AntonioGarcia_302_88a82,,,,,
2026-09-12T18:41:06-05:00,PUR_IED_AntonioGarcia_Ext_20950c,PUR_IED_AntonioGarcia_Ext_20950c,,,,,
2026-09-12T18:41:06-05:00,PUR_IED_AntonioVan_Aula2_6dea02,PUR_IED_AntonioVan_Aula2_6dea02,,,,,
2026-09-12T18:41:06-05:00,PUR_IED_AntonioVan_Aula5_f1557e,PUR_IED_AntonioVan_Aula5_f1557e,,,,,
2026-09-12T18:41:06-05:00,PUR_IED_AntonioVan_Ext_406f2f,PUR_IED_AntonioVan_Ext_406f2f,,,,,
2026-09-12T18:41:06-05:00,PUR_IED_Atabanzha_Ext_cc5af9,PUR_IED_Atabanzha_Ext_cc5af9,,,,,
2026-09-12T18:41:06-05:00,PUR_IED_Atabanzha_SA101_56c37,PUR_IED_Atabanzha_SA101_56c37,,,,,
2026-09-12T18:41:06-05:00,PUR_IED_Atabanzha_SB302_27b374,PUR_IED_Atabanzha_SB302_27b374,,,,,
2026-09-12T18:41:06-05:00,PUR_IED_Atahualpa_Ext_fc1748,PUR_IED_Atahualpa_Ext_fc1748,,,,,
2026-09-12T18:41:06-05:00,PUR_IED_Atahualpa_Informa_dc9a95,PUR_IED_Atahualpa_Informa_dc9a95,,,,,
2026-09-12T18:41:06-05:00,PUR_IED_Atahualpa_S1101_f98056,PUR_IED_Atahualpa_S1101_f98056,,,,,
2026-09-12T18:41:06-05:00,PUR_IED_Bellavista_Ext_f5aa74,PUR_IED_Bellavista_Ext_f5aa74,,,,,
2026-09-12T18:41:06-05:00,PUR_IED_Bilbao_11A_916c41,PUR_IED_Bilbao_11A_916c41,,,,,
2026-09-12T18:41:06-05:00,PUR_IED_Bilbao_Ext_fb579a,PUR_IED_Bilbao_Ext_fb579a,,,,,
2026-09-12T18:41:06-05:00,PUR_IED_BrasiliaU_A125_304280,PUR_IED_BrasiliaU_A125_304280,,,,,
2026-09-12T18:41:06-05:00,PUR_IED_BrasiliaU_A203_7c8ca5,PUR_IED_BrasiliaU_A203_7c8ca5,,,,,
2026-09-12T18:41:06-05:00,PUR_IED_BrasiliaU_Ext_8d6e9f,PUR_IED_BrasiliaU_Ext_8d6e9f,,,,,
2026-09-12T18:41:06-05:00,PUR_IED_Brasilia_Ext_fe6593,PUR_IED_Brasilia_Ext_fe6593,,,,,
2026-09-12T18:41:06-05:00,PUR_IED_Brasilia_S24_7c130d,PUR_IED_Brasilia_S24_7c130d,,,,,
2026-09-12T18:41:06-05:00,PUR_IED_Brasilia_S501_186a54,PUR_IED_Brasilia_S501_186a54,,,,,
2026-09-12T18:41:06-05:00,PUR_IED_CHARRY_EXT_f1d5cd,PUR_IED_CHARRY_EXT_f1d5cd,,,,,
2026-09-12T18:41:06-05:00,PUR_IED_CHARRY_INTDANZAS_7a08e6,PUR_IED_CHARRY_INTDANZAS_7a08e6,,,,,
2026-09-12T18:41:06-05:00,PUR_IED_CHARRY_INT_AULA20_dc998d,PUR_IED_CHARRY_INT_AULA20_dc998d,,,,,
2026-09-12T18:41:06-05:00,PUR_IED_COLVIV_1101_S25_7f520a,PUR_IED_COLVIV_1101_S25_7f520a,,,,,
2026-09-12T18:41:06-05:00,PUR_IED_COLVIV_1102_S16_f570ba,PUR_IED_COLVIV_1102_S16_f570ba,,,,,
2026-09-12T18:41:06-05:00,PUR_IED_COLVIV_Ext_1a26fa,PUR_IED_COLVIV_Ext_1a26fa,,,,,
2026-09-12T18:41:06-05:00,PUR_IED_CULPOP_301A_f660f3,PUR_IED_CULPOP_301A_f660f3,,,,,
2026-09-12T18:41:06-05:00,PUR_IED_CULPOP_303_568afe,PUR_IED_CULPOP_303_568afe,,,,,
2026-09-12T18:41:06-05:00,PUR_IED_CULPOP_Ext_e02ccb,PUR_IED_CULPOP_Ext_e02ccb,,,,,
2026-09-12T18:41:06-05:00,PUR_IED_CVillavicen_Ext_26eb58,PUR_IED_CVillavicen_Ext_26eb58,6,16,76,4.487,-74.102798
2026-09-12T18:41:06-05:00,PUR_IED_CVillavicen_Intel_1ce5c2,PUR_IED_CVillavicen_Intel_1ce5c2,,,,,
2026-09-12T18:41:06-05:00,PUR_IED_CVillavicen_Poliv_e0766c,PUR_IED_CVillavicen_Poliv_e0766c,,,,,
2026-09-12T18:41:06-05:00,PUR_IED_CVillavicen_int_1ba140,PUR_IED_CVillavicen_int_1ba140,,,,,
2026-09-12T18:41:06-05:00,PUR_IED_CVillavicen_intel_1ba140,PUR_IED_CVillavicen_intel_1ba140,,,,,
2026-09-12T18:41:06-05:00,PUR_IED_CarlosPizarro_Ext_e307cc,PUR_IED_CarlosPizarro_Ext_e307cc,,,,,
2026-09-12T18:41:06-05:00,PUR_IED_CarlosPizarro_L36_7e5cdb,PUR_IED_CarlosPizarro_L36_7e5cdb,,,,,
2026-09-12T18:41:06-05:00,PUR_IED_CarlosPizarro_L37_c8566c,PUR_IED_CarlosPizarro_L37_c8566c,,,,,
2026-09-12T18:41:06-05:00,PUR_IED_Castilla_Ext_cf35f,PUR_IED_Castilla_Ext_cf35f,,,,,
2026-09-12T18:41:06-05:00,PUR_IED_Castilla_SFisik_360e38,PUR_IED_Castilla_SFisik_360e38,,,,,
2026-09-12T18:41:06-05:00,PUR_IED_Castilla_Sc304_496fbf,PUR_IED_Castilla_Sc304_496fbf,,,,,
2026-09-12T18:41:06-05:00,PUR_IED_CervantesSa_Ext_6b57b,PUR_IED_CervantesSa_Ext_6b57b,5,19,66,4.5128,-74.117203
2026-09-12T18:41:06-05:00,PUR_IED_CervantesSa_S107_225c2b,PUR_IED_CervantesSa_S107_225c2b,,,,,
2026-09-12T18:41:06-05:00,PUR_IED_CervantesSa_S108_940925,PUR_IED_CervantesSa_S108_940925,,,,,
2026-09-12T18:41:06-05:00,PUR_IED_Charry_A20_f53e7c,PUR_IED_Charry_A20_f53e7c,,,,,
2026-09-12T18:41:06-05:00,PUR_IED_Charry_Ext_f1d5cd,PUR_IED_Charry_Ext_f1d5cd,,,,,
2026-09-12T18:41:06-05:00,PUR_IED_Charry_IntAula20_dc998d,PUR_IED_Charry_IntAula20_dc998d,,,,,
2026-09-12T18:41:06-05:00,PUR_IED_Charry_IntDanzas_7a08e6,PUR_IED_Charry_IntDanzas_7a08e6,,,,,
2026-09-12T18:41:06-05:00,PUR_IED_ClememciaC_203_43e2fc,PUR_IED_ClememciaC_203_43e2fc,,,,,
2026-09-12T18:41:06-05:00,PUR_IED_ClememciaC_Ext_1b411a,PUR_IED_ClememciaC_Ext_1b411a,,,,,
2026-09-12T18:41:06-05:00,PUR_IED_ClememciaC_Quimic_44b5fc,PUR_IED_ClememciaC_Quimic_44b5fc,,,,,
2026-09-12T18:41:06-05:00,PUR_IED_ClemenciaC_203_43e2fc,PUR_IED_ClemenciaC_203_43e2fc,,,,,
2026-09-12T18:41:06-05:00,PUR_IED_ClemenciaC_Ext_1b411a,PUR_IED_ClemenciaC_Ext_1b411a,,,,,
2026-09-12T18:41:06-05:00,PUR_IED_ClemenciaC_Quimic_44b5fc,PUR_IED_ClemenciaC_Quimic_44b5fc,,,,,
2026-09-12T18:41:06-05:00,PUR_IED_ColViva_1101_S25_7f520a,PUR_IED_ColViva_1101_S25_7f520a,,,,,
2026-09-12T18:41:06-05:00,PUR_IED_ColViva_1102_S16_f570ba,PUR_IED_ColViva_1102_S16_f570ba,,,,,
2026-09-12T18:41:06-05:00,PUR_IED_ColViva_Ext_1a26fa,PUR_IED_ColViva_Ext_1a26fa,,,,,
2026-09-12T18:41:06-05:00,PUR_IED_ColegioBici_Asist_7c8798,PUR_IED_ColegioBici_Asist_7c8798,,,,,
2026-09-12T18:41:06-05:00,PUR_IED_ColegioBici_Ext_25cbf6,PUR_IED_ColegioBici_Ext_25cbf6,,,,,
2026-09-12T18:41:06-05:00,PUR_IED_ColegioBici_LabQ_7b57db,PUR_IED_ColegioBici_LabQ_7b57db,,,,,
2026-09-12T18:41:06-05:00,PUR_IED_CostaRica_Ext_5e640,PUR_IED_CostaRica_Ext_5e640,,,,,
2026-09-12T18:41:06-05:00,PUR_IED_CostaRica_Quim1_766d1c,PUR_IED_CostaRica_Quim1_766d1c,,,,,
2026-09-12T18:41:06-05:00,PUR_IED_CostaRica__Fisica_6f0873,PUR_IED_CostaRica__Fisica_6f0873,,,,,
2026-09-12T18:41:06-05:00,PUR_IED_CulPopu_301A_f660f3,PUR_IED_CulPopu_301A_f660f3,,,,,
2026-09-12T18:41:06-05:00,PUR_IED_CulPopu_303_568afe,PUR_IED_CulPopu_303_568afe,,,,,
2026-09-12T18:41:06-05:00,PUR_IED_CulPopu_Ext_e02ccb,PUR_IED_CulPopu_Ext_e02ccb,,,,,
2026-09-12T18:41:06-05:00,PUR_IED_Cundinamarca_Ext_f15985,PUR_IED_Cundinamarca_Ext_f15985,,,,,
2026-09-12T18:41:06-05:00,PUR_IED_Cundinamarca_Info_7aa5d7,PUR_IED_Cundinamarca_Info_7aa5d7,,,,,
2026-09-12T18:41:06-05:00,PUR_IED_Cundinamarca_Tec2_f449c7,PUR_IED_Cundinamarca_Tec2_f449c7,,,,,
2026-09-12T18:41:06-05:00,PUR_IED_DiegoM_Aula1_27b314,PUR_IED_DiegoM_Aula1_27b314,,,,,
2026-09-12T18:41:06-05:00,PUR_IED_DiegoM_Ext_d80ac8,PUR_IED_DiegoM_Ext_d80ac8,,,,,
2026-09-12T18:41:06-05:00,PUR_IED_DiegoM_S25_da928f,PUR_IED_DiegoM_S25_da928f,,,,,
2026-09-12T18:41:06-05:00,PUR_IED_ELRODEO_360881,PUR_IED_ELRODEO_360881,,,,,
2026-09-12T18:41:06-05:00,PUR_IED_ELRODEO_ext_360881,PUR_IED_ELRODEO_ext_360881,,,,,
2026-09-12T18:41:06-05:00,PUR_IED_EduardoU_Ext_1c1969,PUR_IED_EduardoU_Ext_1c1969,,,,,
2026-09-12T18:41:06-05:00,PUR_IED_EduardoU_SCiencia_4dfb94,PUR_IED_EduardoU_SCiencia_4dfb94,,,,,
2026-09-12T18:41:06-05:00,PUR_IED_EduardoU_SQuimica_5a46e7,PUR_IED_EduardoU_SQuimica_5a46e7,,,,,
2026-09-12T18:41:06-05:00,PUR_IED_ElRodeo_Aula14_676984,PUR_IED_ElRodeo_Aula14_676984,,,,,
2026-09-12T18:41:06-05:00,PUR_IED_ElRodeo_Aula16_2dd35b,PUR_IED_ElRodeo_Aula16_2dd35b,,,,,
2026-09-12T18:41:06-05:00,PUR_IED_ElRodeo_Ext_360881,PUR_IED_ElRodeo_Ext_360881,,,,,
2026-09-12T18:41:06-05:00,PUR_IED_ElRodeo_Exterior_8c6d28,PUR_IED_ElRodeo_Exterior_8c6d28,,,,,
2026-09-12T18:41:06-05:00,PUR_IED_ElRodeo_ext_360881,PUR_IED_ElRodeo_ext_360881,,,,,
2026-09-12T18:41:06-05:00,PUR_IED_EmmaReyes_Ext_987625,PUR_IED_EmmaReyes_Ext_987625,3,21,51,4.6367,-74.1511
2026-09-12T18:41:06-05:00,PUR_IED_Ensueño_Ext_7f0250,PUR_IED_Ensueño_Ext_7f0250,,,,,
2026-09-12T18:41:06-05:00,PUR_IED_EscNormal_Ext_5fef3b,PUR_IED_EscNormal_Ext_5fef3b,2,19,58,4.5852,-74.096901
2026-09-12T18:41:06-05:00,PUR_IED_EscNormal_S309_5b263,PUR_IED_EscNormal_S309_5b263,,,,,
2026-09-12T18:41:06-05:00,PUR_IED_EscNormal_S310_27b3b8,PUR_IED_EscNormal_S310_27b3b8,,,,,
2026-09-12T18:41:06-05:00,PUR_IED_Evangelista_Conta_f6cd4f,PUR_IED_Evangelista_Conta_f6cd4f,,,,,
2026-09-12T18:41:06-05:00,PUR_IED_Evangelista_Cri_5e16a,PUR_IED_Evangelista_Cri_5e16a,,,,,
2026-09-12T18:41:06-05:00,PUR_IED_Evangelista_Exter_754066,PUR_IED_Evangelista_Exter_754066,,,,,
2026-09-12T18:41:06-05:00,PUR_IED_FMiranda_S209_5cc2a3,PUR_IED_FMiranda_S209_5cc2a3,,,,,
2026-09-12T18:41:06-05:00,PUR_IED_FMiranda_S303_19e344,PUR_IED_FMiranda_S303_19e344,,,,,
2026-09-12T18:41:06-05:00,PUR_IED_FMiranda_ext_f53e7c,PUR_IED_FMiranda_ext_f53e7c,,,,,
2026-09-12T18:41:06-05:00,PUR_IED_FabioLozano_Bibli_1cee05,PUR_IED_FabioLozano_Bibli_1cee05,,,,,
2026-09-12T18:41:06-05:00,PUR_IED_FabioLozano_Ext_6ea285,PUR_IED_FabioLozano_Ext_6ea285,,,,,
2026-09-12T18:41:06-05:00,PUR_IED_FabioLozano_SLudi_f09e1e,PUR_IED_FabioLozano_SLudi_f09e1e,,,,,
2026-09-12T18:41:06-05:00,PUR_IED_FaustinoS_Aula07_27a731,PUR_IED_FaustinoS_Aula07_27a731,,,,,
2026-09-12T18:41:06-05:00,PUR_IED_FaustinoS_Ext_7b936f,PUR_IED_FaustinoS_Ext_7b936f,,,,,
2026-09-12T18:41:06-05:00,PUR_IED_FaustinoS_Fisica_da2c60,PUR_IED_FaustinoS_Fisica_da2c60,,,,,
2026-09-12T18:41:06-05:00,PUR_IED_FeGarciaLo_Ext_dc68ee,PUR_IED_FeGarciaLo_Ext_dc68ee,,,,,
2026-09-12T18:41:06-05:00,PUR_IED_FeGarciaLo_SDanza_f70a59,PUR_IED_FeGarciaLo_SDanza_f70a59,,,,,
2026-09-12T18:41:06-05:00,PUR_IED_FeGarciaLo_SMusic_125cdd,PUR_IED_FeGarciaLo_SMusic_125cdd,,,,,
2026-09-12T18:41:06-05:00,PUR_IED_FederalAlema_Exte_50c345,PUR_IED_FederalAlema_Exte_50c345,,,,,
2026-09-12T18:41:06-05:00,PUR_IED_FederalAlema_S31_f18371,PUR_IED_FederalAlema_S31_f18371,,,,,
2026-09-12T18:41:06-05:00,PUR_IED_FederalAlema_S901_a62cd,PUR_IED_FederalAlema_S901_a62cd,,,,,
2026-09-12T18:41:06-05:00,PUR_IED_FilarmonicaS_A5_f35eb1,PUR_IED_FilarmonicaS_A5_f35eb1,,,,,
2026-09-12T18:41:06-05:00,PUR_IED_FilarmonicaS_Ext_8a3bde,PUR_IED_FilarmonicaS_Ext_8a3bde,,,,,
2026-09-12T18:41:06-05:00,PUR_IED_FilarmonicaS_Spol_406114,PUR_IED_FilarmonicaS_Spol_406114,,,,,
2026-09-12T18:41:06-05:00,PUR_IED_FlorentinoG_A13_d1fa59,PUR_IED_FlorentinoG_A13_d1fa59,,,,,
2026-09-12T18:41:06-05:00,PUR_IED_FlorentinoG_Ext_1ce6ce,PUR_IED_FlorentinoG_Ext_1ce6ce,,,,,
2026-09-12T18:41:06-05:00,PUR_IED_FlorentinoG_Idiom_a66aac,PUR_IED_FlorentinoG_Idiom_a66aac,,,,,
2026-09-12T18:41:06-05:00,PUR_IED_FranciscoMati_Ext_e3869d,PUR_IED_FranciscoMati_Ext_e3869d,,,,,
2026-09-12T18:41:06-05:00,PUR_IED_FranciscoMati_S13_f31c67,PUR_IED_FranciscoMati_S13_f31c67,,,,,
2026-09-12T18:41:06-05:00,PUR_IED_FranciscoMati_S14_97dead,PUR_IED_FranciscoMati_S14_97dead,,,,,
2026-09-12T18:41:06-05:00,PUR_IED_FranciscoPS_Ext_7bfa9a,PUR_IED_FranciscoPS_Ext_7bfa9a,2,21,57,4.5899,-74.110397
2026-09-12T18:41:06-05:00,PUR_IED_FranciscoPS_Infor_fb8f4c,PUR_IED_FranciscoPS_Infor_fb8f4c,,,,,
2026-09-12T18:41:06-05:00,PUR_IED_FranciscoPS_Quimi_94d39c,PUR_IED_FranciscoPS_Quimi_94d39c,,,,,
2026-09-12T18:41:06-05:00,PUR_IED_FranciscoP_LabQ_d7e148,PUR_IED_FranciscoP_LabQ_d7e148,,,,,
2026-09-12T18:41:06-05:00,PUR_IED_FranciscoP_S28_cf9b30,PUR_IED_FranciscoP_S28_cf9b30,,,,,
2026-09-12T18:41:06-05:00,PUR_IED_FranciscoP_ext_e2313,PUR_IED_FranciscoP_ext_e2313,,,,,
2026-09-12T18:41:06-05:00,PUR_IED_FriederichN_Ext_8ac92a,PUR_IED_FriederichN_Ext_8ac92a,,,,,
2026-09-12T18:41:06-05:00,PUR_IED_FriederichN_S301_dd7e5a,PUR_IED_FriederichN_S301_dd7e5a,,,,,
2026-09-12T18:41:06-05:00,PUR_IED_FriederichN_S308_761f4f,PUR_IED_FriederichN_S308_761f4f,,,,,
2026-09-12T18:41:06-05:00,PUR_IED_GSantander_Aula10_533dd7,PUR_IED_GSantander_Aula10_533dd7,,,,,
2026-09-12T18:41:06-05:00,PUR_IED_GSantander_Aula12_fd4e4f,PUR_IED_GSantander_Aula12_fd4e4f,,,,,
2026-09-12T18:41:06-05:00,PUR_IED_GSantander_Aula310_533dd7,PUR_IED_GSantander_Aula310_533dd7,,,,,
2026-09-12T18:41:06-05:00,PUR_IED_GSantander_Aula312_fd4e4f,PUR_IED_GSantander_Aula312_fd4e4f,,,,,
2026-09-12T18:41:06-05:00,PUR_IED_GSantander_Ext_5f66b0,PUR_IED_GSantander_Ext_5f66b0,,,,,
2026-09-12T18:41:06-05:00,PUR_IED_GYomasa_Ext_f6bea5,PUR_IED_GYomasa_Ext_f6bea5,,,,,
2026-09-12T18:41:06-05:00,PUR_IED_GYomasa_LBiol_2c41aa,PUR_IED_GYomasa_LBiol_2c41aa,,,,,
2026-09-12T18:41:06-05:00,PUR_IED_GYomasa_LQuim_33c80,PUR_IED_GYomasa_LQuim_33c80,,,,,
2026-09-12T18:41:06-05:00,PUR_IED_GabBetMejia_Cienc_5a99c,PUR_IED_GabBetMejia_Cienc_5a99c,,,,,
2026-09-12T18:41:06-05:00,PUR_IED_GabBetMejia_Ext_9153d0,PUR_IED_GabBetMejia_Ext_9153d0,,,,,
2026-09-12T18:41:06-05:00,PUR_IED_GabBetMejia_Lab_f55347,PUR_IED_GabBetMejia_Lab_f55347,,,,,
2026-09-12T18:41:06-05:00,PUR_IED_GabBetanMejia_Ext_9153d0,PUR_IED_GabBetanMejia_Ext_9153d0,,,,,
2026-09-12T18:41:06-05:00,PUR_IED_Gaitana_Aula13_7aac11,PUR_IED_Gaitana_Aula13_7aac11,,,,,
2026-09-12T18:41:06-05:00,PUR_IED_Gaitana_Ext_5fcf4,PUR_IED_Gaitana_Ext_5fcf4,,,,,
2026-09-12T18:41:06-05:00,PUR_IED_Gaitana_LabFisica_644448,PUR_IED_Gaitana_LabFisica_644448,,,,,
2026-09-12T18:41:06-05:00,PUR_IED_GenSantander_Dise_8ac858,PUR_IED_GenSantander_Dise_8ac858,,,,,
2026-09-12T18:41:06-05:00,PUR_IED_GenSantander_Ext_8d5dfe,PUR_IED_GenSantander_Ext_8d5dfe,,,,,
2026-09-12T18:41:06-05:00,PUR_IED_GenSantander_Info_6c25b,PUR_IED_GenSantander_Info_6c25b,,,,,
2026-09-12T18:41:06-05:00,PUR_IED_GustavoMo_Exterio_75e63d,PUR_IED_GustavoMo_Exterio_75e63d,,,,,
2026-09-12T18:41:06-05:00,PUR_IED_GustavoMo_LabFisi_224d37,PUR_IED_GustavoMo_LabFisi_224d37,,,,,
2026-09-12T18:41:06-05:00,PUR_IED_GustavoMo_S208_3e6918,PUR_IED_GustavoMo_S208_3e6918,,,,,
2026-09-12T18:41:06-05:00,PUR_IED_GustavoR_A02_8cd4a8,PUR_IED_GustavoR_A02_8cd4a8,,,,,
2026-09-12T18:41:06-05:00,PUR_IED_GustavoR_B11_5b0ed,PUR_IED_GustavoR_B11_5b0ed,,,,,
2026-09-12T18:41:06-05:00,PUR_IED_GustavoR_Ext_7a0c90,PUR_IED_GustavoR_Ext_7a0c90,,,,,
2026-09-12T18:41:06-05:00,PUR_IED_HernandoDuran_Ext_8cd82b,PUR_IED_HernandoDuran_Ext_8cd82b,,,,,
2026-09-12T18:41:06-05:00,PUR_IED_HernandoDuran_S24_2772c6,PUR_IED_HernandoDuran_S24_2772c6,,,,,
2026-09-12T18:41:06-05:00,PUR_IED_HernandoDuran_S30_f2de41,PUR_IED_HernandoDuran_S30_f2de41,,,,,
2026-09-12T18:41:06-05:00,PUR_IED_HolguInUr_S1101_8cd732,PUR_IED_HolguInUr_S1101_8cd732,,,,,
2026-09-12T18:41:06-05:00,PUR_IED_HolguinUr_Exter_ddae6d,PUR_IED_HolguinUr_Exter_ddae6d,,,,,
2026-09-12T18:41:06-05:00,PUR_IED_HolguinUr_LabQuim_92b952,PUR_IED_HolguinUr_LabQuim_92b952,,,,,
2026-09-12T18:41:06-05:00,PUR_IED_Isabel-II_Ext_5245cc,PUR_IED_Isabel-II_Ext_5245cc,2,19,57,4.6336,-74.153
2026-09-12T18:41:06-05:00,PUR_IED_Isabel-II_S_idiom_1c29aa,PUR_IED_Isabel-II_S_idiom_1c29aa,,,,,
2026-09-12T18:41:06-05:00,PUR_IED_Isabel-II_S_infor_fd741,PUR_IED_Isabel-II_S_infor_fd741,,,,,
2026-09-12T18:41:06-05:00,PUR_IED_IsidroSur_Exterio_5b90ea,PUR_IED_IsidroSur_Exterio_5b90ea,,,,,
2026-09-12T18:41:06-05:00,PUR_IED_IsidroSur_LabTec_56697a,PUR_IED_IsidroSur_LabTec_56697a,,,,,
2026-09-12T18:41:06-05:00,PUR_IED_IsidroSur_Robotic_b7c38f,PUR_IED_IsidroSur_Robotic_b7c38f,,,,,
2026-09-12T18:41:06-05:00,PUR_IED_IsmaelPerd_Ext_7b6672,PUR_IED_IsmaelPerd_Ext_7b6672,,,,,
2026-09-12T18:41:06-05:00,PUR_IED_IsmaelPerd_Inform_306540,PUR_IED_IsmaelPerd_Inform_306540,,,,,
2026-09-12T18:41:06-05:00,PUR_IED_IsmaelPerd_S30_2e2c83,PUR_IED_IsmaelPerd_S30_2e2c83,,,,,
2026-09-12T18:41:06-05:00,PUR_IED_JLozano_Exter_432910,PUR_IED_JLozano_Exter_432910,,,,,
2026-09-12T18:41:06-05:00,PUR_IED_JLozano_salaMulti_df5125,PUR_IED_JLozano_salaMulti_df5125,,,,,
2026-09-12T18:41:06-05:00,PUR_IED_JMCordoba_206_86f80b,PUR_IED_JMCordoba_206_86f80b,,,,,
2026-09-12T18:41:06-05:00,PUR_IED_JMCordoba_Ext_27ad97,PUR_IED_JMCordoba_Ext_27ad97,,,,,
2026-09-12T18:41:06-05:00,PUR_IED_JMCordoba_S310_d59ab4,PUR_IED_JMCordoba_S310_d59ab4,,,,,
2026-09-12T18:41:06-05:00,PUR_IED_Japon_Ext_549100,PUR_IED_Japon_Ext_549100,,,,,
2026-09-12T18:41:06-05:00,PUR_IED_Japon_Laboratorio_bec51d,PUR_IED_Japon_Laboratorio_bec51d,,,,,
2026-09-12T18:41:06-05:00,PUR_IED_Japon_informatica_d99327,PUR_IED_Japon_informatica_d99327,,,,,
2026-09-12T18:41:06-05:00,PUR_IED_Jazmin_Ext_d27bda,PUR_IED_Jazmin_Ext_d27bda,,,,,
2026-09-12T18:41:06-05:00,PUR_IED_Jazmin_Fisica_8d14d7,PUR_IED_Jazmin_Fisica_8d14d7,,,,,
2026-09-12T18:41:06-05:00,PUR_IED_Jazmin_Quimica_801cb5,PUR_IED_Jazmin_Quimica_801cb5,,,,,
2026-09-12T18:41:06-05:00,PUR_IED_JorgeGaitan_Exter_f098d1,PUR_IED_JorgeGaitan_Exter_f098d1,,,,,
2026-09-12T18:41:06-05:00,PUR_IED_JorgeGaitan_STec1_dc9d1d,PUR_IED_JorgeGaitan_STec1_dc9d1d,,,,,
2026-09-12T18:41:06-05:00,PUR_IED_JorgeGaitan_STec2_281e69,PUR_IED_JorgeGaitan_STec2_281e69,,,,,
2026-09-12T18:41:06-05:00,PUR_IED_JorgeSoto_Exterio_d9d0a2,PUR_IED_JorgeSoto_Exterio_d9d0a2,,,,,
2026-09-12T18:41:06-05:00,PUR_IED_JorgeSoto_LabFisi_209c54,PUR_IED_JorgeSoto_LabFisi_209c54,,,,,
2026-09-12T18:41:06-05:00,PUR_IED_JorgeSoto_S103_27b51a,PUR_IED_JorgeSoto_S103_27b51a,,,,,
2026-09-12T18:41:06-05:00,PUR_IED_JoseAcevedo_A02_e965eb,PUR_IED_JoseAcevedo_A02_e965eb,,,,,
2026-09-12T18:41:06-05:00,PUR_IED_JoseAcevedo_A07_dd5b4,PUR_IED_JoseAcevedo_A07_dd5b4,,,,,
2026-09-12T18:41:06-05:00,PUR_IED_JoseAcevedo_Ext_b47484,PUR_IED_JoseAcevedo_Ext_b47484,,,,,
2026-09-12T18:41:06-05:00,PUR_IED_JoseMarti_Exte_5b9bf,PUR_IED_JoseMarti_Exte_5b9bf,,,,,
2026-09-12T18:41:06-05:00,PUR_IED_JoseMarti_LabQuim_1c6c2d,PUR_IED_JoseMarti_LabQuim_1c6c2d,,,,,
2026-09-12T18:41:06-05:00,PUR_IED_JoseMarti_S_info_f5f177,PUR_IED_JoseMarti_S_info_f5f177,,,,,
2026-09-12T18:41:06-05:00,PUR_IED_Josejoaquin_Ext_dfc5dc,PUR_IED_Josejoaquin_Ext_dfc5dc,,,,,
2026-09-12T18:41:06-05:00,PUR_IED_Josejoaquin_S05_5b2a96,PUR_IED_Josejoaquin_S05_5b2a96,,,,,
2026-09-12T18:41:06-05:00,PUR_IED_Josejoaquin_S06_1ce7d2,PUR_IED_Josejoaquin_S06_1ce7d2,,,,,
2026-09-12T18:41:06-05:00,PUR_IED_JulioFlorez_Danza_9b82dd,PUR_IED_JulioFlorez_Danza_9b82dd,,,,,
2026-09-12T18:41:06-05:00,PUR_IED_JulioFlorez_Exter_f9f314,PUR_IED_JulioFlorez_Exter_f9f314,,,,,
2026-09-12T18:41:06-05:00,PUR_IED_JulioFlorez_info2_6b6e08,PUR_IED_JulioFlorez_info2_6b6e08,,,,,
2026-09-12T18:41:06-05:00,PUR_IED_LaBelleza_Aula13_1d00d8,PUR_IED_LaBelleza_Aula13_1d00d8,,,,,
2026-09-12T18:41:06-05:00,PUR_IED_LaBelleza_Ext_7bc08c,PUR_IED_LaBelleza_Ext_7bc08c,,,,,
2026-09-12T18:41:06-05:00,PUR_IED_LaChucua_Ext_8cd6d2,PUR_IED_LaChucua_Ext_8cd6d2,,,,,
2026-09-12T18:41:06-05:00,PUR_IED_LaChucua_S15_f578ce,PUR_IED_LaChucua_S15_f578ce,,,,,
2026-09-12T18:41:06-05:00,PUR_IED_LaChucua_S16_eebcf9,PUR_IED_LaChucua_S16_eebcf9,,,,,
2026-09-12T18:41:06-05:00,PUR_IED_LaFelicidad_Ext_fb5109,PUR_IED_LaFelicidad_Ext_fb5109,,,,,
2026-09-12T18:41:06-05:00,PUR_IED_LaMerced_206_66ebd,PUR_IED_LaMerced_206_66ebd,,,,,
2026-09-12T18:41:06-05:00,PUR_IED_LaMerced_207_6ebd6,PUR_IED_LaMerced_207_6ebd6,,,,,
2026-09-12T18:41:06-05:00,PUR_IED_LaMerced_ext_304311,PUR_IED_LaMerced_ext_304311,,,,,
2026-09-12T18:41:06-05:00,PUR_IED_Laureano_CiencNat_281e5e,PUR_IED_Laureano_CiencNat_281e5e,,,,,
2026-09-12T18:41:06-05:00,PUR_IED_Laureano_Comedor_f65c0a,PUR_IED_Laureano_Comedor_f65c0a,,,,,
2026-09-12T18:41:06-05:00,PUR_IED_Laureano_Exterior_7ab011,PUR_IED_Laureano_Exterior_7ab011,,,,,
2026-09-12T18:41:06-05:00,PUR_IED_LeonGreiff_Exte_dfe560,PUR_IED_LeonGreiff_Exte_dfe560,,,,,
2026-09-12T18:41:06-05:00,PUR_IED_LeonGreiff_S210_f264ed,PUR_IED_LeonGreiff_S210_f264ed,,,,,
2026-09-12T18:41:06-05:00,PUR_IED_LeonGreiff_SQuimi_e8296f,PUR_IED_LeonGreiff_SQuimi_e8296f,,,,,
2026-09-12T18:41:06-05:00,PUR_IED_LlanoOrientalS208_7b9fcd,PUR_IED_LlanoOrientalS208_7b9fcd,,,,,
2026-09-12T18:41:06-05:00,PUR_IED_LlanoOriental_Ext_fb3766,PUR_IED_LlanoOriental_Ext_fb3766,,,,,
2026-09-12T18:41:06-05:00,PUR_IED_LlanoOriental_S208_7b9fcd,PUR_IED_LlanoOriental_S208_7b9fcd,,,,,
2026-09-12T18:41:06-05:00,PUR_IED_LlanoOriental_S9_27b378,PUR_IED_LlanoOriental_S9_27b378,,,,,
2026-09-12T18:41:06-05:00,PUR_IED_LosTejares_1101_477602,PUR_IED_LosTejares_1101_477602,,,,,
2026-09-12T18:41:06-05:00,PUR_IED_LosTejares_11_d2c595,PUR_IED_LosTejares_11_d2c595,,,,,
2026-09-12T18:41:06-05:00,PUR_IED_LosTejares_12_477602,PUR_IED_LosTejares_12_477602,,,,,
2026-09-12T18:41:06-05:00,PUR_IED_LosTejares_Ext_8e2115,PUR_IED_LosTejares_Ext_8e2115,,,,,
2026-09-12T18:41:06-05:00,PUR_IED_MagdalenaO_B202_5ddda3,PUR_IED_MagdalenaO_B202_5ddda3,,,,,
2026-09-12T18:41:06-05:00,PUR_IED_MagdalenaO_B205_fb76e8,PUR_IED_MagdalenaO_B205_fb76e8,,,,,
2026-09-12T18:41:06-05:00,PUR_IED_MagdalenaO_ext_dc69cd,PUR_IED_MagdalenaO_ext_dc69cd,,,,,
2026-09-12T18:41:06-05:00,PUR_IED_ManueCepeda_artes_eee956,PUR_IED_ManueCepeda_artes_eee956,,,,,
2026-09-12T18:41:06-05:00,PUR_IED_ManuelCepeda_Ext_58313,PUR_IED_ManuelCepeda_Ext_58313,,,,,
2026-09-12T18:41:06-05:00,PUR_IED_ManuelCepeda_tec_1c5731,PUR_IED_ManuelCepeda_tec_1c5731,,,,,
2026-09-12T18:41:06-05:00,PUR_IED_ManuelS_Exterior_5b269,PUR_IED_ManuelS_Exterior_5b269,,,,,
2026-09-12T18:41:06-05:00,PUR_IED_ManuelS_Inform_f369ce,PUR_IED_ManuelS_Inform_f369ce,,,,,
2026-09-12T18:41:06-05:00,PUR_IED_ManuelS_SArtes_7d15f1,PUR_IED_ManuelS_SArtes_7d15f1,,,,,
2026-09-12T18:41:06-05:00,PUR_IED_ManuelZapata_303_3ca6,PUR_IED_ManuelZapata_303_3ca6,,,,,
2026-09-12T18:41:06-05:00,PUR_IED_ManuelZapata_311_bfbabc,PUR_IED_ManuelZapata_311_bfbabc,,,,,
2026-09-12T18:41:06-05:00,PUR_IED_ManuelZapata_Ext_50824a,PUR_IED_ManuelZapata_Ext_50824a,,,,,
2026-09-12T18:41:06-05:00,PUR_IED_ManuelitaS_Exteri_656a92,PUR_IED_ManuelitaS_Exteri_656a92,,,,,
2026-09-12T18:41:06-05:00,PUR_IED_ManuelitaS_JuzgDe_f58ec3,PUR_IED_ManuelitaS_JuzgDe_f58ec3,,,,,
2026-09-12T18:41:06-05:00,PUR_IED_ManuelitaS_Recrea_d793db,PUR_IED_ManuelitaS_Recrea_d793db,,,,,
2026-09-12T18:41:06-05:00,PUR_IED_MarFidSuarez_Ext_c27b19,PUR_IED_MarFidSuarez_Ext_c27b19,,,,,
2026-09-12T18:41:06-05:00,PUR_IED_MarFidSuarez_Info_e384d7,PUR_IED_MarFidSuarez_Info_e384d7,,,,,
2026-09-12T18:41:06-05:00,PUR_IED_MarFidSuarez_S306_1d0032,PUR_IED_MarFidSuarez_S306_1d0032,,,,,
2026-09-12T18:41:06-05:00,PUR_IED_Menorah_301_2a25a3,PUR_IED_Menorah_301_2a25a3,,,,,
2026-09-12T18:41:06-05:00,PUR_IED_Menorah_306_37ed3,PUR_IED_Menorah_306_37ed3,,,,,
2026-09-12T18:41:06-05:00,PUR_IED_Menorah_Ext_3e155b,PUR_IED_Menorah_Ext_3e155b,,,,,
2026-09-12T18:41:06-05:00,PUR_IED_MinutoB.Aires_A11_1b1604,PUR_IED_MinutoB.Aires_A11_1b1604,,,,,
2026-09-12T18:41:06-05:00,PUR_IED_MinutoB.Aires_A12_fb5860,PUR_IED_MinutoB.Aires_A12_fb5860,,,,,
2026-09-12T18:41:06-05:00,PUR_IED_MinutoB.Aires_Ext_81293f,PUR_IED_MinutoB.Aires_Ext_81293f,,,,,
2026-09-12T18:41:06-05:00,PUR_IED_MinutoBAires_A11_1b1604,PUR_IED_MinutoBAires_A11_1b1604,,,,,
2026-09-12T18:41:06-05:00,PUR_IED_MinutoBAires_A12_fb5860,PUR_IED_MinutoBAires_A12_fb5860,,,,,
2026-09-12T18:41:06-05:00,PUR_IED_MinutoBAires_Ext_81293f,PUR_IED_MinutoBAires_Ext_81293f,,,,,
2026-09-12T18:41:06-05:00,PUR_IED_Montreal_Aula10_1e4959,PUR_IED_Montreal_Aula10_1e4959,,,,,
2026-09-12T18:41:06-05:00,PUR_IED_Montreal_Aula6_300367,PUR_IED_Montreal_Aula6_300367,,,,,
2026-09-12T18:41:06-05:00,PUR_IED_Montreal_Exterior_91a179,PUR_IED_Montreal_Exterior_91a179,,,,,
2026-09-12T18:41:06-05:00,PUR_IED_Mqgdalena_B202_5ddda3,PUR_IED_Mqgdalena_B202_5ddda3,,,,,
2026-09-12T18:41:06-05:00,PUR_IED_NACUND_Soc_dc8728,PUR_IED_NACUND_Soc_dc8728,,,,,
2026-09-12T18:41:06-05:00,PUR_IED_NACUND_ext_27ad97,PUR_IED_NACUND_ext_27ad97,,,,,
2026-09-12T18:41:06-05:00,PUR_IED_NEsperanza_Ext_d24b61,PUR_IED_NEsperanza_Ext_d24b61,,,,,
2026-09-12T18:41:06-05:00,PUR_IED_NEsperanza_SElect_7d1807,PUR_IED_NEsperanza_SElect_7d1807,,,,,
2026-09-12T18:41:06-05:00,PUR_IED_NEsperanza_SLabor_8b2d0a,PUR_IED_NEsperanza_SLabor_8b2d0a,,,,,
2026-09-12T18:41:06-05:00,PUR_IED_NacionesU_Ext_f661a9,PUR_IED_NacionesU_Ext_f661a9,,,,,
2026-09-12T18:41:06-05:00,PUR_IED_NacionesU_Quimica_66f0a,PUR_IED_NacionesU_Quimica_66f0a,,,,,
2026-09-12T18:41:06-05:00,PUR_IED_NacionesU_S306_1b4b3d,PUR_IED_NacionesU_S306_1b4b3d,,,,,
2026-09-12T18:41:06-05:00,PUR_IED_NestorFA_Ext_e4201c,PUR_IED_NestorFA_Ext_e4201c,,,,,
2026-09-12T18:41:06-05:00,PUR_IED_NestorFA_Laborato_f22fe0,PUR_IED_NestorFA_Laborato_f22fe0,,,,,
2026-09-12T18:41:06-05:00,PUR_IED_NestorFA_S204_dee996,PUR_IED_NestorFA_S204_dee996,,,,,
2026-09-12T18:41:06-05:00,PUR_IED_NidyaQT_Aula03_76999b,PUR_IED_NidyaQT_Aula03_76999b,,,,,
2026-09-12T18:41:06-05:00,PUR_IED_NidyaQT_Aula10_56325,PUR_IED_NidyaQT_Aula10_56325,,,,,
2026-09-12T18:41:06-05:00,PUR_IED_NidyaQT_Ext_46e32d,PUR_IED_NidyaQT_Ext_46e32d,,,,,
2026-09-12T18:41:06-05:00,PUR_IED_NuevaCol_Exterior_d9b859,PUR_IED_NuevaCol_Exterior_d9b859,,,,,
2026-09-12T18:41:06-05:00,PUR_IED_NuevaCol_S1101_76c43b,PUR_IED_NuevaCol_S1101_76c43b,,,,,
2026-09-12T18:41:06-05:00,PUR_IED_NuevaCol_S1102_1ce0b5,PUR_IED_NuevaCol_S1102_1ce0b5,,,,,
2026-09-12T18:41:06-05:00,PUR_IED_OEA_A202_f7e3f2,PUR_IED_OEA_A202_f7e3f2,,,,,
2026-09-12T18:41:06-05:00,PUR_IED_OEA_A203_7d1b8d,PUR_IED_OEA_A203_7d1b8d,,,,,
2026-09-12T18:41:06-05:00,PUR_IED_OEA_Ext_27b593,PUR_IED_OEA_Ext_27b593,,,,,
2026-09-12T18:41:06-05:00,PUR_IED_Ochoa_Ext_1c29da,PUR_IED_Ochoa_Ext_1c29da,,,,,
2026-09-12T18:41:06-05:00,PUR_IED_Ochoa_S205_8b1121,PUR_IED_Ochoa_S205_8b1121,,,,,
2026-09-12T18:41:06-05:00,PUR_IED_Ochoa_Sistemas_f33af6,PUR_IED_Ochoa_Sistemas_f33af6,,,,,
2026-09-12T18:41:06-05:00,PUR_IED_PQuebec_Ext_1c67c7,PUR_IED_PQuebec_Ext_1c67c7,,,,,
2026-09-12T18:41:06-05:00,PUR_IED_PQuebec_S15_23e8e2,PUR_IED_PQuebec_S15_23e8e2,,,,,
2026-09-12T18:41:06-05:00,PUR_IED_PQuebec_S16_8ec76b,PUR_IED_PQuebec_S16_8ec76b,,,,,
2026-09-12T18:41:06-05:00,PUR_IED_PabloN_Ext_49dc96,PUR_IED_PabloN_Ext_49dc96,,,,,
2026-09-12T18:41:06-05:00,PUR_IED_PabloN_S1102_4e3df5,PUR_IED_PabloN_S1102_4e3df5,,,,,
2026-09-12T18:41:06-05:00,PUR_IED_PabloN_S1103_50c94b,PUR_IED_PabloN_S1103_50c94b,,,,,
2026-09-12T18:41:06-05:00,PUR_IED_Palestina_S1101_db9198,PUR_IED_Palestina_S1101_db9198,,,,,
2026-09-12T18:41:06-05:00,PUR_IED_Palestina_S1102_dc54fa,PUR_IED_Palestina_S1102_dc54fa,,,,,
2026-09-12T18:41:06-05:00,PUR_IED_Palestina_ext_4ccce6,PUR_IED_Palestina_ext_4ccce6,,,,,
2026-09-12T18:41:06-05:00,PUR_IED_Panama_Fisica_4d0794,PUR_IED_Panama_Fisica_4d0794,,,,,
2026-09-12T18:41:06-05:00,PUR_IED_Panama_SIngles_a4077e,PUR_IED_Panama_SIngles_a4077e,,,,,
2026-09-12T18:41:06-05:00,PUR_IED_Panama_ext_4c54b4,PUR_IED_Panama_ext_4c54b4,,,,,
2026-09-12T18:41:06-05:00,PUR_IED_ParaisoM_Exterior_8cd7f0,PUR_IED_ParaisoM_Exterior_8cd7f0,,,,,
2026-09-12T18:41:06-05:00,PUR_IED_ParaisoM_Laborato_27af35,PUR_IED_ParaisoM_Laborato_27af35,,,,,
2026-09-12T18:41:06-05:00,PUR_IED_ParaisoM_S304_d1edca,PUR_IED_ParaisoM_S304_d1edca,,,,,
2026-09-12T18:41:06-05:00,PUR_IED_PorfirioBarba_Ext_301466,PUR_IED_PorfirioBarba_Ext_301466,,,,,
2026-09-12T18:41:06-05:00,PUR_IED_PorfirioBarba_S11_df6cd2,PUR_IED_PorfirioBarba_S11_df6cd2,,,,,
2026-09-12T18:41:06-05:00,PUR_IED_PorfirioBarba_S29_27a7d6,PUR_IED_PorfirioBarba_S29_27a7d6,,,,,
2026-09-12T18:41:06-05:00,PUR_IED_PradoV_Exter_8b27ad,PUR_IED_PradoV_Exter_8b27ad,,,,,
2026-09-12T18:41:06-05:00,PUR_IED_PradoV_S301_de65b5,PUR_IED_PradoV_S301_de65b5,,,,,
2026-09-12T18:41:06-05:00,PUR_IED_PradoV_S302_7d2593,PUR_IED_PradoV_S302_7d2593,,,,,
2026-09-12T18:41:06-05:00,PUR_IED_QuirogaAlz_Ext_1ddc82,PUR_IED_QuirogaAlz_Ext_1ddc82,,,,,
2026-09-12T18:41:06-05:00,PUR_IED_QuirogaAlz_S302_9926a3,PUR_IED_QuirogaAlz_S302_9926a3,,,,,
2026-09-12T18:41:06-05:00,PUR_IED_QuirogaAlz_S305_cdf1f1,PUR_IED_QuirogaAlz_S305_cdf1f1,,,,,
2026-09-12T18:41:06-05:00,PUR_IED_RGuatemala_Biling_dc53b7,PUR_IED_RGuatemala_Biling_dc53b7,,,,,
2026-09-12T18:41:06-05:00,PUR_IED_RGuatemala_Ext_1b89a3,PUR_IED_RGuatemala_Ext_1b89a3,,,,,
2026-09-12T18:41:06-05:00,PUR_IED_RGuatemala_Tecnol_281a34,PUR_IED_RGuatemala_Tecnol_281a34,,,,,
2026-09-12T18:41:06-05:00,PUR_IED_RafaNu_Ext_f7c302,PUR_IED_RafaNu_Ext_f7c302,,,,,
2026-09-12T18:41:06-05:00,PUR_IED_RafaNu_S1101_25fde,PUR_IED_RafaNu_S1101_25fde,,,,,
2026-09-12T18:41:06-05:00,PUR_IED_RafaNu_S1102_281517,PUR_IED_RafaNu_S1102_281517,,,,,
2026-09-12T18:41:06-05:00,PUR_IED_RafaelB_S305_ee2783,PUR_IED_RafaelB_S305_ee2783,,,,,
2026-09-12T18:41:06-05:00,PUR_IED_RafaelB_S306_75fe33,PUR_IED_RafaelB_S306_75fe33,,,,,
2026-09-12T18:41:06-05:00,PUR_IED_RafaelB_ext_283336,PUR_IED_RafaelB_ext_283336,2,20,59,4.6722,-74.0737
2026-09-12T18:41:06-05:00,PUR_IED_RafaelUU_Exterior_281a51,PUR_IED_RafaelUU_Exterior_281a51,,,,,
2026-09-12T18:41:06-05:00,PUR_IED_RafaelUU_Human_806b2,PUR_IED_RafaelUU_Human_806b2,,,,,
2026-09-12T18:41:06-05:00,PUR_IED_RafaelUU_Mate2_5680d4,PUR_IED_RafaelUU_Mate2_5680d4,,,,,
2026-09-12T18:41:06-05:00,PUR_IED_RamonSub_Ext_f9eeb9,PUR_IED_RamonSub_Ext_f9eeb9,,,,,
2026-09-12T18:41:06-05:00,PUR_IED_RamonSub_Media_d1f62f,PUR_IED_RamonSub_Media_d1f62f,,,,,
2026-09-12T18:41:06-05:00,PUR_IED_RamonSub_planta_51b82,PUR_IED_RamonSub_planta_51b82,,,,,
2026-09-12T18:41:06-05:00,PUR_IED_RepBoliVene_Exter_27af7c,PUR_IED_RepBoliVene_Exter_27af7c,,,,,
2026-09-12T18:41:06-05:00,PUR_IED_RepBoliVene_SCPT_5ae2ee,PUR_IED_RepBoliVene_SCPT_5ae2ee,,,,,
2026-09-12T18:41:06-05:00,PUR_IED_RepBoliVene_Socia_4b11d5,PUR_IED_RepBoliVene_Socia_4b11d5,,,,,
2026-09-12T18:41:06-05:00,PUR_IED_RepChina_Ext_76d9ee,PUR_IED_RepChina_Ext_76d9ee,,,,,
2026-09-12T18:41:06-05:00,PUR_IED_RepChina_S404_7c804c,PUR_IED_RepChina_S404_7c804c,,,,,
2026-09-12T18:41:06-05:00,PUR_IED_RepChina_S405_df2c33,PUR_IED_RepChina_S405_df2c33,,,,,
2026-09-12T18:41:06-05:00,PUR_IED_RepublicaC_Exteri_7d1ec9,PUR_IED_RepublicaC_Exteri_7d1ec9,,,,,
2026-09-12T18:41:06-05:00,PUR_IED_RepublicaC_S1101_f544b3,PUR_IED_RepublicaC_S1101_f544b3,,,,,
2026-09-12T18:41:06-05:00,PUR_IED_RepublicaC_S1102_7aafc7,PUR_IED_RepublicaC_S1102_7aafc7,,,,,
2026-09-12T18:41:06-05:00,PUR_IED_Ricaurte_Externo_a0ea1,PUR_IED_Ricaurte_Externo_a0ea1,,,,,
2026-09-12T18:41:06-05:00,PUR_IED_Ricaurte_S210_f546fd,PUR_IED_Ricaurte_S210_f546fd,,,,,
2026-09-12T18:41:06-05:00,PUR_IED_Ricaurte_S309_d4452,PUR_IED_Ricaurte_S309_d4452,,,,,
2026-09-12T18:41:06-05:00,PUR_IED_RogelioS_1102_531e69,PUR_IED_RogelioS_1102_531e69,,,,,
2026-09-12T18:41:06-05:00,PUR_IED_RogelioS_Ext_f25a18,PUR_IED_RogelioS_Ext_f25a18,,,,,
2026-09-12T18:41:06-05:00,PUR_IED_SBernardino_Ext_27aff8,PUR_IED_SBernardino_Ext_27aff8,,,,,
2026-09-12T18:41:06-05:00,PUR_IED_SBernardino_SArte_2ffd33,PUR_IED_SBernardino_SArte_2ffd33,,,,,
2026-09-12T18:41:06-05:00,PUR_IED_SBernardino_SIngl_7c7da5,PUR_IED_SBernardino_SIngl_7c7da5,,,,,
2026-09-12T18:41:06-05:00,PUR_IED_Sago_auditorio_dc9d1d,PUR_IED_Sago_auditorio_dc9d1d,,,,,
2026-09-12T18:41:06-05:00,PUR_IED_Saludcoop_Ext_95aac3,PUR_IED_Saludcoop_Ext_95aac3,,,,,
2026-09-12T18:41:06-05:00,PUR_IED_Saludcoop_InfI_90c854,PUR_IED_Saludcoop_InfI_90c854,,,,,
2026-09-12T18:41:06-05:00,PUR_IED_Saludcoop_SMedia_1b93be,PUR_IED_Saludcoop_SMedia_1b93be,,,,,
2026-09-12T18:41:06-05:00,PUR_IED_SanCarlos_1101_1a2360,PUR_IED_SanCarlos_1101_1a2360,,,,,
2026-09-12T18:41:06-05:00,PUR_IED_SanCarlos_1103_7bafb5,PUR_IED_SanCarlos_1103_7bafb5,,,,,
2026-09-12T18:41:06-05:00,PUR_IED_SanCarlos_Ext_b7cd1,PUR_IED_SanCarlos_Ext_b7cd1,,,,,
2026-09-12T18:41:06-05:00,PUR_IED_SanIgnacioBosa11a_50c26e,PUR_IED_SanIgnacioBosa11a_50c26e,,,,,
2026-09-12T18:41:06-05:00,PUR_IED_SanIgnacioBosa11b_371de8,PUR_IED_SanIgnacioBosa11b_371de8,,,,,
2026-09-12T18:41:06-05:00,PUR_IED_SanIgnacioBosaExt_ef0ffc,PUR_IED_SanIgnacioBosaExt_ef0ffc,,,,,
2026-09-12T18:41:06-05:00,PUR_IED_SanIgnacioBosa_11a_50c26e,PUR_IED_SanIgnacioBosa_11a_50c26e,,,,,
2026-09-12T18:41:06-05:00,PUR_IED_SanIgnacioBosa_Ext_ef0ffc,PUR_IED_SanIgnacioBosa_Ext_ef0ffc,,,,,
2026-09-12T18:41:06-05:00,PUR_IED_SanJoseN_intS1101_31c47f,PUR_IED_SanJoseN_intS1101_31c47f,,,,,
2026-09-12T18:41:06-05:00,PUR_IED_SanJoseUsm_Exter_f5d7e8,PUR_IED_SanJoseUsm_Exter_f5d7e8,,,,,
2026-09-12T18:41:06-05:00,PUR_IED_SanJoseUsm_Int11A_cfdef6,PUR_IED_SanJoseUsm_Int11A_cfdef6,,,,,
2026-09-12T18:41:06-05:00,PUR_IED_SilveriaR_IntB5_905349,PUR_IED_SilveriaR_IntB5_905349,,,,,
2026-09-12T18:41:06-05:00,PUR_IED_SilveriaR_IntSD14_981f93,PUR_IED_SilveriaR_IntSD14_981f93,,,,,
2026-09-12T18:41:06-05:00,PUR_IED_SilveriaR_ext_2b651d,PUR_IED_SilveriaR_ext_2b651d,,,,,
2026-09-12T18:41:06-05:00,PUR_IED_SimonB_Exterior_913975,PUR_IED_SimonB_Exterior_913975,,,,,
2026-09-12T18:41:06-05:00,PUR_IED_SimonB_LabQuimi_c56908,PUR_IED_SimonB_LabQuimi_c56908,,,,,
2026-09-12T18:41:06-05:00,PUR_IED_SimonB_informatic_a28c1,PUR_IED_SimonB_informatic_a28c1,,,,,
2026-09-12T18:41:06-05:00,PUR_IED_Sorrento_1102_315f50,PUR_IED_Sorrento_1102_315f50,,,,,
2026-09-12T18:41:06-05:00,PUR_IED_Sorrento_Minte_214eab,PUR_IED_Sorrento_Minte_214eab,,,,,
2026-09-12T18:41:06-05:00,PUR_IED_Sorrento_ext_7c3a0a,PUR_IED_Sorrento_ext_7c3a0a,,,,,
2026-09-12T18:41:06-05:00,PUR_IED_Tabora_Ext_f048ae,PUR_IED_Tabora_Ext_f048ae,,,,,
2026-09-12T18:41:06-05:00,PUR_IED_Tabora_S1102_b07752,PUR_IED_Tabora_S1102_b07752,,,,,
2026-09-12T18:41:06-05:00,PUR_IED_Tabora_S1103_d988f5,PUR_IED_Tabora_S1103_d988f5,,,,,
2026-09-12T18:41:06-05:00,PUR_IED_Tenerife_Ext_1ab188,PUR_IED_Tenerife_Ext_1ab188,,,,,
2026-09-12T18:41:06-05:00,PUR_IED_Tenerife_SDanzas_7bc02e,PUR_IED_Tenerife_SDanzas_7bc02e,,,,,
2026-09-12T18:41:06-05:00,PUR_IED_Tenerife_SIngles_7cc277,PUR_IED_Tenerife_SIngles_7cc277,,,,,
2026-09-12T18:41:06-05:00,PUR_IED_Tibabuyes_Exter_f2683d,PUR_IED_Tibabuyes_Exter_f2683d,,,,,
2026-09-12T18:41:06-05:00,PUR_IED_Tibabuyes_S10_dc87a8,PUR_IED_Tibabuyes_S10_dc87a8,,,,,
2026-09-12T18:41:06-05:00,PUR_IED_Tibabuyes_S15_dc0526,PUR_IED_Tibabuyes_S15_dc0526,,,,,
2026-09-12T18:41:06-05:00,PUR_IED_UnionE_S301_a1043,PUR_IED_UnionE_S301_a1043,,,,,
2026-09-12T18:41:06-05:00,PUR_IED_UnionE_S307_ff6c2f,PUR_IED_UnionE_S307_ff6c2f,,,,,
2026-09-12T18:41:06-05:00,PUR_IED_UnionE__Ext_5e2468,PUR_IED_UnionE__Ext_5e2468,,,,,
2026-09-12T18:41:06-05:00,PUR_IED_VillaRica_Ext_75be7c,PUR_IED_VillaRica_Ext_75be7c,,,,,
2026-09-12T18:41:06-05:00,PUR_IED_VillaRica_S4_cc5dcd,PUR_IED_VillaRica_S4_cc5dcd,,,,,
2026-09-12T18:41:06-05:00,PUR_IED_VillaRica_Sesp_99f5c,PUR_IED_VillaRica_Sesp_99f5c,,,,,
2026-09-12T18:46:04-05:00,PUR_IED_20deJulio_1101_91b1b9,PUR_IED_20deJulio_1101_91b1b9,,,,,
2026-09-12T18:46:04-05:00,PUR_IED_20deJulio_1102_1cfcf9,PUR_IED_20deJulio_1102_1cfcf9,,,,,
2026-09-12T18:46:04-05:00,PUR_IED_20deJulio_Ext_ab60bd,PUR_IED_20deJulio_Ext_ab60bd,,,,,
2026-09-12T18:46:04-05:00,PUR_IED_AgustinFer_Ext_7b9b77,PUR_IED_AgustinFer_Ext_7b9b77,,,,,
2026-09-12T18:46:04-05:00,PUR_IED_AgustinFer_Info2_27b3a7,PUR_IED_AgustinFer_Info2_27b3a7,,,,,
2026-09-12T18:46:04-05:00,PUR_IED_AgustinFer_Sena_54b4eb,PUR_IED_AgustinFer_Sena_54b4eb,,,,,
2026-09-12T18:46:04-05:00,PUR_IED_AlexanderF_1102_caf07b,PUR_IED_AlexanderF_1102_caf07b,,,,,
2026-09-12T18:46:04-05:00,PUR_IED_AlexanderF_1103_c79e71,PUR_IED_AlexanderF_1103_c79e71,,,,,
2026-09-12T18:46:04-05:00,PUR_IED_AlexanderF_Ext_c5b18b,PUR_IED_AlexanderF_Ext_c5b18b,,,,,
2026-09-12T18:46:04-05:00,PUR_IED_AlfonsoLopez_Ext_281d77,PUR_IED_AlfonsoLopez_Ext_281d77,,,,,
2026-09-12T18:46:04-05:00,PUR_IED_AlfonsoLopez_LabF_888ce0,PUR_IED_AlfonsoLopez_LabF_888ce0,,,,,
2026-09-12T18:46:04-05:00,PUR_IED_AlfonsoLopez_SMed_df6a7f,PUR_IED_AlfonsoLopez_SMed_df6a7f,,,,,
2026-09-12T18:46:04-05:00,PUR_IED_AltamiraSO_A2_209f92,PUR_IED_AltamiraSO_A2_209f92,,,,,
2026-09-12T18:46:04-05:00,PUR_IED_AltamiraSO_Ext_186d66,PUR_IED_AltamiraSO_Ext_186d66,,,,,
2026-09-12T18:46:04-05:00,PUR_IED_AltamiraSO_Sistem_27afe1,PUR_IED_AltamiraSO_Sistem_27afe1,,,,,
2026-09-12T18:46:04-05:00,PUR_IED_AlvaroGom_LabQuim_813179,PUR_IED_AlvaroGom_LabQuim_813179,,,,,
2026-09-12T18:46:04-05:00,PUR_IED_AlvaroGomez_Ext_47c7ca,PUR_IED_AlvaroGomez_Ext_47c7ca,,,,,
2026-09-12T18:46:04-05:00,PUR_IED_AlvaroGomez_LabQuim_813179,PUR_IED_AlvaroGomez_LabQuim_813179,,,,,
2026-09-12T18:46:04-05:00,PUR_IED_AlvaroGomez_S23_7ba89f,PUR_IED_AlvaroGomez_S23_7ba89f,,,,,
2026-09-12T18:46:04-05:00,PUR_IED_Amistad_306_dc8728,PUR_IED_Amistad_306_dc8728,,,,,
2026-09-12T18:46:04-05:00,PUR_IED_Amistad_Ext_8cd55e,PUR_IED_Amistad_Ext_8cd55e,,,,,
2026-09-12T18:46:04-05:00,PUR_IED_Amistad_S202_a41169,PUR_IED_Amistad_S202_a41169,,,,,
2026-09-12T18:46:04-05:00,PUR_IED_AndresBello_Bio_fd5f5e,PUR_IED_AndresBello_Bio_fd5f5e,,,,,
2026-09-12T18:46:04-05:00,PUR_IED_AndresBello_ext_dcad65,PUR_IED_AndresBello_ext_dcad65,,,,,
2026-09-12T18:46:04-05:00,PUR_IED_AndresBello_port_eed3ec,PUR_IED_AndresBello_port_eed3ec,,,,,
2026-09-12T18:46:04-05:00,PUR_IED_AngelaR_11b_d90a6b,PUR_IED_AngelaR_11b_d90a6b,,,,,
2026-09-12T18:46:04-05:00,PUR_IED_AngelaR_ext_7cad3e,PUR_IED_AngelaR_ext_7cad3e,4,20,62,4.5825,-74.164497
2026-09-12T18:46:04-05:00,PUR_IED_AntJoseSucre_10mo_df2575,PUR_IED_AntJoseSucre_10mo_df2575,,,,,
2026-09-12T18:46:04-05:00,PUR_IED_AntJoseSucre_Ext_215b36,PUR_IED_AntJoseSucre_Ext_215b36,,,,,
2026-09-12T18:46:04-05:00,PUR_IED_AntJoseSucre_Lab_3139de,PUR_IED_AntJoseSucre_Lab_3139de,,,,,
2026-09-12T18:46:04-05:00,PUR_IED_AntonioGarcia_301_d6b188,PUR_IED_AntonioGarcia_301_d6b188,,,,,
2026-09-12T18:46:04-05:00,PUR_IED_AntonioGarcia_302_88a82,PUR_IED_AntonioGarcia_302_88a82,,,,,
2026-09-12T18:46:04-05:00,PUR_IED_AntonioGarcia_Ext_20950c,PUR_IED_AntonioGarcia_Ext_20950c,,,,,
2026-09-12T18:46:04-05:00,PUR_IED_AntonioVan_Aula2_6dea02,PUR_IED_AntonioVan_Aula2_6dea02,,,,,
2026-09-12T18:46:04-05:00,PUR_IED_AntonioVan_Aula5_f1557e,PUR_IED_AntonioVan_Aula5_f1557e,,,,,
2026-09-12T18:46:04-05:00,PUR_IED_AntonioVan_Ext_406f2f,PUR_IED_AntonioVan_Ext_406f2f,,,,,
2026-09-12T18:46:04-05:00,PUR_IED_Atabanzha_Ext_cc5af9,PUR_IED_Atabanzha_Ext_cc5af9,,,,,
2026-09-12T18:46:04-05:00,PUR_IED_Atabanzha_SA101_56c37,PUR_IED_Atabanzha_SA101_56c37,,,,,
2026-09-12T18:46:04-05:00,PUR_IED_Atabanzha_SB302_27b374,PUR_IED_Atabanzha_SB302_27b374,,,,,
2026-09-12T18:46:04-05:00,PUR_IED_Atahualpa_Ext_fc1748,PUR_IED_Atahualpa_Ext_fc1748,,,,,
2026-09-12T18:46:04-05:00,PUR_IED_Atahualpa_Informa_dc9a95,PUR_IED_Atahualpa_Informa_dc9a95,,,,,
2026-09-12T18:46:04-05:00,PUR_IED_Atahualpa_S1101_f98056,PUR_IED_Atahualpa_S1101_f98056,,,,,
2026-09-12T18:46:04-05:00,PUR_IED_Bellavista_Ext_f5aa74,PUR_IED_Bellavista_Ext_f5aa74,,,,,
2026-09-12T18:46:04-05:00,PUR_IED_Bilbao_11A_916c41,PUR_IED_Bilbao_11A_916c41,,,,,
2026-09-12T18:46:04-05:00,PUR_IED_Bilbao_Ext_fb579a,PUR_IED_Bilbao_Ext_fb579a,,,,,
2026-09-12T18:46:04-05:00,PUR_IED_BrasiliaU_A125_304280,PUR_IED_BrasiliaU_A125_304280,,,,,
2026-09-12T18:46:04-05:00,PUR_IED_BrasiliaU_A203_7c8ca5,PUR_IED_BrasiliaU_A203_7c8ca5,,,,,
2026-09-12T18:46:04-05:00,PUR_IED_BrasiliaU_Ext_8d6e9f,PUR_IED_BrasiliaU_Ext_8d6e9f,6,19,61,4.5175,-74.116302
2026-09-12T18:46:04-05:00,PUR_IED_Brasilia_Ext_fe6593,PUR_IED_Brasilia_Ext_fe6593,,,,,
2026-09-12T18:46:04-05:00,PUR_IED_Brasilia_S24_7c130d,PUR_IED_Brasilia_S24_7c130d,,,,,
2026-09-12T18:46:04-05:00,PUR_IED_Brasilia_S501_186a54,PUR_IED_Brasilia_S501_186a54,,,,,
2026-09-12T18:46:04-05:00,PUR_IED_CHARRY_EXT_f1d5cd,PUR_IED_CHARRY_EXT_f1d5cd,,,,,
2026-09-12T18:46:04-05:00,PUR_IED_CHARRY_INTDANZAS_7a08e6,PUR_IED_CHARRY_INTDANZAS_7a08e6,,,,,
2026-09-12T18:46:04-05:00,PUR_IED_CHARRY_INT_AULA20_dc998d,PUR_IED_CHARRY_INT_AULA20_dc998d,,,,,
2026-09-12T18:46:04-05:00,PUR_IED_COLVIV_1101_S25_7f520a,PUR_IED_COLVIV_1101_S25_7f520a,,,,,
2026-09-12T18:46:04-05:00,PUR_IED_COLVIV_1102_S16_f570ba,PUR_IED_COLVIV_1102_S16_f570ba,,,,,
2026-09-12T18:46:04-05:00,PUR_IED_COLVIV_Ext_1a26fa,PUR_IED_COLVIV_Ext_1a26fa,,,,,
2026-09-12T18:46:04-05:00,PUR_IED_CULPOP_301A_f660f3,PUR_IED_CULPOP_301A_f660f3,,,,,
2026-09-12T18:46:04-05:00,PUR_IED_CULPOP_303_568afe,PUR_IED_CULPOP_303_568afe,,,,,
2026-09-12T18:46:04-05:00,PUR_IED_CULPOP_Ext_e02ccb,PUR_IED_CULPOP_Ext_e02ccb,,,,,
2026-09-12T18:46:04-05:00,PUR_IED_CVillavicen_Ext_26eb58,PUR_IED_CVillavicen_Ext_26eb58,4,16,76,4.487,-74.102798
2026-09-12T18:46:04-05:00,PUR_IED_CVillavicen_Intel_1ce5c2,PUR_IED_CVillavicen_Intel_1ce5c2,,,,,
2026-09-12T18:46:04-05:00,PUR_IED_CVillavicen_Poliv_e0766c,PUR_IED_CVillavicen_Poliv_e0766c,,,,,
2026-09-12T18:46:04-05:00,PUR_IED_CVillavicen_int_1ba140,PUR_IED_CVillavicen_int_1ba140,,,,,
2026-09-12T18:46:04-05:00,PUR_IED_CVillavicen_intel_1ba140,PUR_IED_CVillavicen_intel_1ba140,,,,,
2026-09-12T18:46:04-05:00,PUR_IED_CarlosPizarro_Ext_e307cc,PUR_IED_CarlosPizarro_Ext_e307cc,,,,,
2026-09-12T18:46:04-05:00,PUR_IED_CarlosPizarro_L36_7e5cdb,PUR_IED_CarlosPizarro_L36_7e5cdb,,,,,
2026-09-12T18:46:04-05:00,PUR_IED_CarlosPizarro_L37_c8566c,PUR_IED_CarlosPizarro_L37_c8566c,,,,,
2026-09-12T18:46:04-05:00,PUR_IED_Castilla_Ext_cf35f,PUR_IED_Castilla_Ext_cf35f,,,,,
2026-09-12T18:46:04-05:00,PUR_IED_Castilla_SFisik_360e38,PUR_IED_Castilla_SFisik_360e38,,,,,
2026-09-12T18:46:04-05:00,PUR_IED_Castilla_Sc304_496fbf,PUR_IED_Castilla_Sc304_496fbf,,,,,
2026-09-12T18:46:04-05:00,PUR_IED_CervantesSa_Ext_6b57b,PUR_IED_CervantesSa_Ext_6b57b,6,19,66,4.5128,-74.117203
2026-09-12T18:46:04-05:00,PUR_IED_CervantesSa_S107_225c2b,PUR_IED_CervantesSa_S107_225c2b,,,,,
2026-09-12T18:46:04-05:00,PUR_IED_CervantesSa_S108_940925,PUR_IED_CervantesSa_S108_940925,,,,,
2026-09-12T18:46:04-05:00,PUR_IED_Charry_A20_f53e7c,PUR_IED_Charry_A20_f53e7c,,,,,
2026-09-12T18:46:04-05:00,PUR_IED_Charry_Ext_f1d5cd,PUR_IED_Charry_Ext_f1d5cd,,,,,
2026-09-12T18:46:04-05:00,PUR_IED_Charry_IntAula20_dc998d,PUR_IED_Charry_IntAula20_dc998d,,,,,
2026-09-12T18:46:04-05:00,PUR_IED_Charry_IntDanzas_7a08e6,PUR_IED_Charry_IntDanzas_7a08e6,,,,,
2026-09-12T18:46:04-05:00,PUR_IED_ClememciaC_203_43e2fc,PUR_IED_ClememciaC_203_43e2fc,,,,,
2026-09-12T18:46:04-05:00,PUR_IED_ClememciaC_Ext_1b411a,PUR_IED_ClememciaC_Ext_1b411a,,,,,
2026-09-12T18:46:04-05:00,PUR_IED_ClememciaC_Quimic_44b5fc,PUR_IED_ClememciaC_Quimic_44b5fc,,,,,
2026-09-12T18:46:04-05:00,PUR_IED_ClemenciaC_203_43e2fc,PUR_IED_ClemenciaC_203_43e2fc,,,,,
2026-09-12T18:46:04-05:00,PUR_IED_ClemenciaC_Ext_1b411a,PUR_IED_ClemenciaC_Ext_1b411a,,,,,
2026-09-12T18:46:04-05:00,PUR_IED_ClemenciaC_Quimic_44b5fc,PUR_IED_ClemenciaC_Quimic_44b5fc,,,,,
2026-09-12T18:46:04-05:00,PUR_IED_ColViva_1101_S25_7f520a,PUR_IED_ColViva_1101_S25_7f520a,,,,,
2026-09-12T18:46:04-05:00,PUR_IED_ColViva_1102_S16_f570ba,PUR_IED_ColViva_1102_S16_f570ba,,,,,
2026-09-12T18:46:04-05:00,PUR_IED_ColViva_Ext_1a26fa,PUR_IED_ColViva_Ext_1a26fa,,,,,
2026-09-12T18:46:04-05:00,PUR_IED_ColegioBici_Asist_7c8798,PUR_IED_ColegioBici_Asist_7c8798,,,,,
2026-09-12T18:46:04-05:00,PUR_IED_ColegioBici_Ext_25cbf6,PUR_IED_ColegioBici_Ext_25cbf6,,,,,
2026-09-12T18:46:04-05:00,PUR_IED_ColegioBici_LabQ_7b57db,PUR_IED_ColegioBici_LabQ_7b57db,,,,,
2026-09-12T18:46:04-05:00,PUR_IED_CostaRica_Ext_5e640,PUR_IED_CostaRica_Ext_5e640,,,,,
2026-09-12T18:46:04-05:00,PUR_IED_CostaRica_Quim1_766d1c,PUR_IED_CostaRica_Quim1_766d1c,,,,,
2026-09-12T18:46:04-05:00,PUR_IED_CostaRica__Fisica_6f0873,PUR_IED_CostaRica__Fisica_6f0873,,,,,
2026-09-12T18:46:04-05:00,PUR_IED_CulPopu_301A_f660f3,PUR_IED_CulPopu_301A_f660f3,,,,,
2026-09-12T18:46:04-05:00,PUR_IED_CulPopu_303_568afe,PUR_IED_CulPopu_303_568afe,,,,,
2026-09-12T18:46:04-05:00,PUR_IED_CulPopu_Ext_e02ccb,PUR_IED_CulPopu_Ext_e02ccb,,,,,
2026-09-12T18:46:04-05:00,PUR_IED_Cundinamarca_Ext_f15985,PUR_IED_Cundinamarca_Ext_f15985,,,,,
2026-09-12T18:46:04-05:00,PUR_IED_Cundinamarca_Info_7aa5d7,PUR_IED_Cundinamarca_Info_7aa5d7,,,,,
2026-09-12T18:46:04-05:00,PUR_IED_Cundinamarca_Tec2_f449c7,PUR_IED_Cundinamarca_Tec2_f449c7,,,,,
2026-09-12T18:46:04-05:00,PUR_IED_DiegoM_Aula1_27b314,PUR_IED_DiegoM_Aula1_27b314,,,,,
2026-09-12T18:46:04-05:00,PUR_IED_DiegoM_Ext_d80ac8,PUR_IED_DiegoM_Ext_d80ac8,,,,,
2026-09-12T18:46:04-05:00,PUR_IED_DiegoM_S25_da928f,PUR_IED_DiegoM_S25_da928f,,,,,
2026-09-12T18:46:04-05:00,PUR_IED_ELRODEO_360881,PUR_IED_ELRODEO_360881,,,,,
2026-09-12T18:46:04-05:00,PUR_IED_ELRODEO_ext_360881,PUR_IED_ELRODEO_ext_360881,,,,,
2026-09-12T18:46:04-05:00,PUR_IED_EduardoU_Ext_1c1969,PUR_IED_EduardoU_Ext_1c1969,,,,,
2026-09-12T18:46:04-05:00,PUR_IED_EduardoU_SCiencia_4dfb94,PUR_IED_EduardoU_SCiencia_4dfb94,,,,,
2026-09-12T18:46:04-05:00,PUR_IED_EduardoU_SQuimica_5a46e7,PUR_IED_EduardoU_SQuimica_5a46e7,,,,,
2026-09-12T18:46:04-05:00,PUR_IED_ElRodeo_Aula14_676984,PUR_IED_ElRodeo_Aula14_676984,,,,,
2026-09-12T18:46:04-05:00,PUR_IED_ElRodeo_Aula16_2dd35b,PUR_IED_ElRodeo_Aula16_2dd35b,,,,,
2026-09-12T18:46:04-05:00,PUR_IED_ElRodeo_Ext_360881,PUR_IED_ElRodeo_Ext_360881,,,,,
2026-09-12T18:46:04-05:00,PUR_IED_ElRodeo_Exterior_8c6d28,PUR_IED_ElRodeo_Exterior_8c6d28,,,,,
2026-09-12T18:46:04-05:00,PUR_IED_ElRodeo_ext_360881,PUR_IED_ElRodeo_ext_360881,,,,,
2026-09-12T18:46:04-05:00,PUR_IED_EmmaReyes_Ext_987625,PUR_IED_EmmaReyes_Ext_987625,3,21,51,4.6367,-74.1511
2026-09-12T18:46:04-05:00,PUR_IED_Ensueño_Ext_7f0250,PUR_IED_Ensueño_Ext_7f0250,,,,,
2026-09-12T18:46:04-05:00,PUR_IED_EscNormal_Ext_5fef3b,PUR_IED_EscNormal_Ext_5fef3b,2,19,59,4.5852,-74.096901
2026-09-12T18:46:04-05:00,PUR_IED_EscNormal_S309_5b263,PUR_IED_EscNormal_S309_5b263,,,,,
2026-09-12T18:46:04-05:00,PUR_IED_EscNormal_S310_27b3b8,PUR_IED_EscNormal_S310_27b3b8,,,,,
2026-09-12T18:46:04-05:00,PUR_IED_Evangelista_Conta_f6cd4f,PUR_IED_Evangelista_Conta_f6cd4f,,,,,
2026-09-12T18:46:04-05:00,PUR_IED_Evangelista_Cri_5e16a,PUR_IED_Evangelista_Cri_5e16a,,,,,
2026-09-12T18:46:04-05:00,PUR_IED_Evangelista_Exter_754066,PUR_IED_Evangelista_Exter_754066,,,,,
2026-09-12T18:46:04-05:00,PUR_IED_FMiranda_S209_5cc2a3,PUR_IED_FMiranda_S209_5cc2a3,,,,,
2026-09-12T18:46:04-05:00,PUR_IED_FMiranda_S303_19e344,PUR_IED_FMiranda_S303_19e344,,,,,
2026-09-12T18:46:04-05:00,PUR_IED_FMiranda_ext_f53e7c,PUR_IED_FMiranda_ext_f53e7c,,,,,
2026-09-12T18:46:04-05:00,PUR_IED_FabioLozano_Bibli_1cee05,PUR_IED_FabioLozano_Bibli_1cee05,,,,,
2026-09-12T18:46:04-05:00,PUR_IED_FabioLozano_Ext_6ea285,PUR_IED_FabioLozano_Ext_6ea285,,,,,
2026-09-12T18:46:04-05:00,PUR_IED_FabioLozano_SLudi_f09e1e,PUR_IED_FabioLozano_SLudi_f09e1e,,,,,
2026-09-12T18:46:04-05:00,PUR_IED_FaustinoS_Aula07_27a731,PUR_IED_FaustinoS_Aula07_27a731,,,,,
2026-09-12T18:46:04-05:00,PUR_IED_FaustinoS_Ext_7b936f,PUR_IED_FaustinoS_Ext_7b936f,,,,,
2026-09-12T18:46:04-05:00,PUR_IED_FaustinoS_Fisica_da2c60,PUR_IED_FaustinoS_Fisica_da2c60,,,,,
2026-09-12T18:46:04-05:00,PUR_IED_FeGarciaLo_Ext_dc68ee,PUR_IED_FeGarciaLo_Ext_dc68ee,,,,,
2026-09-12T18:46:04-05:00,PUR_IED_FeGarciaLo_SDanza_f70a59,PUR_IED_FeGarciaLo_SDanza_f70a59,,,,,
2026-09-12T18:46:04-05:00,PUR_IED_FeGarciaLo_SMusic_125cdd,PUR_IED_FeGarciaLo_SMusic_125cdd,,,,,
2026-09-12T18:46:04-05:00,PUR_IED_FederalAlema_Exte_50c345,PUR_IED_FederalAlema_Exte_50c345,,,,,
2026-09-12T18:46:04-05:00,PUR_IED_FederalAlema_S31_f18371,PUR_IED_FederalAlema_S31_f18371,,,,,
2026-09-12T18:46:04-05:00,PUR_IED_FederalAlema_S901_a62cd,PUR_IED_FederalAlema_S901_a62cd,,,,,
2026-09-12T18:46:04-05:00,PUR_IED_FilarmonicaS_A5_f35eb1,PUR_IED_FilarmonicaS_A5_f35eb1,,,,,
2026-09-12T18:46:04-05:00,PUR_IED_FilarmonicaS_Ext_8a3bde,PUR_IED_FilarmonicaS_Ext_8a3bde,,,,,
2026-09-12T18:46:04-05:00,PUR_IED_FilarmonicaS_Spol_406114,PUR_IED_FilarmonicaS_Spol_406114,,,,,
2026-09-12T18:46:04-05:00,PUR_IED_FlorentinoG_A13_d1fa59,PUR_IED_FlorentinoG_A13_d1fa59,,,,,
2026-09-12T18:46:04-05:00,PUR_IED_FlorentinoG_Ext_1ce6ce,PUR_IED_FlorentinoG_Ext_1ce6ce,,,,,
2026-09-12T18:46:04-05:00,PUR_IED_FlorentinoG_Idiom_a66aac,PUR_IED_FlorentinoG_Idiom_a66aac,,,,,
2026-09-12T18:46:04-05:00,PUR_IED_FranciscoMati_Ext_e3869d,PUR_IED_FranciscoMati_Ext_e3869d,,,,,
2026-09-12T18:46:04-05:00,PUR_IED_FranciscoMati_S13_f31c67,PUR_IED_FranciscoMati_S13_f31c67,,,,,
2026-09-12T18:46:04-05:00,PUR_IED_FranciscoMati_S14_97dead,PUR_IED_FranciscoMati_S14_97dead,,,,,
2026-09-12T18:46:04-05:00,PUR_IED_FranciscoPS_Ext_7bfa9a,PUR_IED_FranciscoPS_Ext_7bfa9a,2,21,57,4.5899,-74.110397
2026-09-12T18:46:04-05:00,PUR_IED_FranciscoPS_Infor_fb8f4c,PUR_IED_FranciscoPS_Infor_fb8f4c,,,,,
2026-09-12T18:46:04-05:00,PUR_IED_FranciscoPS_Quimi_94d39c,PUR_IED_FranciscoPS_Quimi_94d39c,,,,,
2026-09-12T18:46:04-05:00,PUR_IED_FranciscoP_LabQ_d7e148,PUR_IED_FranciscoP_LabQ_d7e148,,,,,
2026-09-12T18:46:04-05:00,PUR_IED_FranciscoP_S28_cf9b30,PUR_IED_FranciscoP_S28_cf9b30,,,,,
2026-09-12T18:46:04-05:00,PUR_IED_FranciscoP_ext_e2313,PUR_IED_FranciscoP_ext_e2313,,,,,
2026-09-12T18:46:04-05:00,PUR_IED_FriederichN_Ext_8ac92a,PUR_IED_FriederichN_Ext_8ac92a,,,,,
2026-09-12T18:46:04-05:00,PUR_IED_FriederichN_S301_dd7e5a,PUR_IED_FriederichN_S301_dd7e5a,,,,,
2026-09-12T18:46:04-05:00,PUR_IED_FriederichN_S308_761f4f,PUR_IED_FriederichN_S308_761f4f,,,,,
2026-09-12T18:46:04-05:00,PUR_IED_GSantander_Aula10_533dd7,PUR_IED_GSantander_Aula10_533dd7,,,,,
2026-09-12T18:46:04-05:00,PUR_IED_GSantander_Aula12_fd4e4f,PUR_IED_GSantander_Aula12_fd4e4f,,,,,
2026-09-12T18:46:04-05:00,PUR_IED_GSantander_Aula310_533dd7,PUR_IED_GSantander_Aula310_533dd7,,,,,
2026-09-12T18:46:04-05:00,PUR_IED_GSantander_Aula312_fd4e4f,PUR_IED_GSantander_Aula312_fd4e4f,,,,,
2026-09-12T18:46:04-05:00,PUR_IED_GSantander_Ext_5f66b0,PUR_IED_GSantander_Ext_5f66b0,,,,,
2026-09-12T18:46:04-05:00,PUR_IED_GYomasa_Ext_f6bea5,PUR_IED_GYomasa_Ext_f6bea5,,,,,
2026-09-12T18:46:04-05:00,PUR_IED_GYomasa_LBiol_2c41aa,PUR_IED_GYomasa_LBiol_2c41aa,,,,,
2026-09-12T18:46:04-05:00,PUR_IED_GYomasa_LQuim_33c80,PUR_IED_GYomasa_LQuim_33c80,,,,,
2026-09-12T18:46:04-05:00,PUR_IED_GabBetMejia_Cienc_5a99c,PUR_IED_GabBetMejia_Cienc_5a99c,,,,,
2026-09-12T18:46:04-05:00,PUR_IED_GabBetMejia_Ext_9153d0,PUR_IED_GabBetMejia_Ext_9153d0,,,,,
2026-09-12T18:46:04-05:00,PUR_IED_GabBetMejia_Lab_f55347,PUR_IED_GabBetMejia_Lab_f55347,,,,,
2026-09-12T18:46:04-05:00,PUR_IED_GabBetanMejia_Ext_9153d0,PUR_IED_GabBetanMejia_Ext_9153d0,,,,,
2026-09-12T18:46:04-05:00,PUR_IED_Gaitana_Aula13_7aac11,PUR_IED_Gaitana_Aula13_7aac11,,,,,
2026-09-12T18:46:04-05:00,PUR_IED_Gaitana_Ext_5fcf4,PUR_IED_Gaitana_Ext_5fcf4,,,,,
2026-09-12T18:46:04-05:00,PUR_IED_Gaitana_LabFisica_644448,PUR_IED_Gaitana_LabFisica_644448,,,,,
2026-09-12T18:46:04-05:00,PUR_IED_GenSantander_Dise_8ac858,PUR_IED_GenSantander_Dise_8ac858,,,,,
2026-09-12T18:46:04-05:00,PUR_IED_GenSantander_Ext_8d5dfe,PUR_IED_GenSantander_Ext_8d5dfe,,,,,
2026-09-12T18:46:04-05:00,PUR_IED_GenSantander_Info_6c25b,PUR_IED_GenSantander_Info_6c25b,,,,,
2026-09-12T18:46:04-05:00,PUR_IED_GustavoMo_Exterio_75e63d,PUR_IED_GustavoMo_Exterio_75e63d,,,,,
2026-09-12T18:46:04-05:00,PUR_IED_GustavoMo_LabFisi_224d37,PUR_IED_GustavoMo_LabFisi_224d37,,,,,
2026-09-12T18:46:04-05:00,PUR_IED_GustavoMo_S208_3e6918,PUR_IED_GustavoMo_S208_3e6918,,,,,
2026-09-12T18:46:04-05:00,PUR_IED_GustavoR_A02_8cd4a8,PUR_IED_GustavoR_A02_8cd4a8,,,,,
2026-09-12T18:46:04-05:00,PUR_IED_GustavoR_B11_5b0ed,PUR_IED_GustavoR_B11_5b0ed,,,,,
2026-09-12T18:46:04-05:00,PUR_IED_GustavoR_Ext_7a0c90,PUR_IED_GustavoR_Ext_7a0c90,,,,,
2026-09-12T18:46:04-05:00,PUR_IED_HernandoDuran_Ext_8cd82b,PUR_IED_HernandoDuran_Ext_8cd82b,,,,,
2026-09-12T18:46:04-05:00,PUR_IED_HernandoDuran_S24_2772c6,PUR_IED_HernandoDuran_S24_2772c6,,,,,
2026-09-12T18:46:04-05:00,PUR_IED_HernandoDuran_S30_f2de41,PUR_IED_HernandoDuran_S30_f2de41,,,,,
2026-09-12T18:46:04-05:00,PUR_IED_HolguInUr_S1101_8cd732,PUR_IED_HolguInUr_S1101_8cd732,,,,,
2026-09-12T18:46:04-05:00,PUR_IED_HolguinUr_Exter_ddae6d,PUR_IED_HolguinUr_Exter_ddae6d,,,,,
2026-09-12T18:46:04-05:00,PUR_IED_HolguinUr_LabQuim_92b952,PUR_IED_HolguinUr_LabQuim_92b952,,,,,
2026-09-12T18:46:04-05:00,PUR_IED_Isabel-II_Ext_5245cc,PUR_IED_Isabel-II_Ext_5245cc,3,20,57,4.6336,-74.153
2026-09-12T18:46:04-05:00,PUR_IED_Isabel-II_S_idiom_1c29aa,PUR_IED_Isabel-II_S_idiom_1c29aa,,,,,
2026-09-12T18:46:04-05:00,PUR_IED_Isabel-II_S_infor_fd741,PUR_IED_Isabel-II_S_infor_fd741,,,,,
2026-09-12T18:46:04-05:00,PUR_IED_IsidroSur_Exterio_5b90ea,PUR_IED_IsidroSur_Exterio_5b90ea,,,,,
2026-09-12T18:46:04-05:00,PUR_IED_IsidroSur_LabTec_56697a,PUR_IED_IsidroSur_LabTec_56697a,,,,,
2026-09-12T18:46:04-05:00,PUR_IED_IsidroSur_Robotic_b7c38f,PUR_IED_IsidroSur_Robotic_b7c38f,,,,,
2026-09-12T18:46:04-05:00,PUR_IED_IsmaelPerd_Ext_7b6672,PUR_IED_IsmaelPerd_Ext_7b6672,,,,,
2026-09-12T18:46:04-05:00,PUR_IED_IsmaelPerd_Inform_306540,PUR_IED_IsmaelPerd_Inform_306540,,,,,
2026-09-12T18:46:04-05:00,PUR_IED_IsmaelPerd_S30_2e2c83,PUR_IED_IsmaelPerd_S30_2e2c83,,,,,
2026-09-12T18:46:04-05:00,PUR_IED_JLozano_Exter_432910,PUR_IED_JLozano_Exter_432910,,,,,
2026-09-12T18:46:04-05:00,PUR_IED_JLozano_salaMulti_df5125,PUR_IED_JLozano_salaMulti_df5125,,,,,
2026-09-12T18:46:04-05:00,PUR_IED_JMCordoba_206_86f80b,PUR_IED_JMCordoba_206_86f80b,,,,,
2026-09-12T18:46:04-05:00,PUR_IED_JMCordoba_Ext_27ad97,PUR_IED_JMCordoba_Ext_27ad97,,,,,
2026-09-12T18:46:04-05:00,PUR_IED_JMCordoba_S310_d59ab4,PUR_IED_JMCordoba_S310_d59ab4,,,,,
2026-09-12T18:46:04-05:00,PUR_IED_Japon_Ext_549100,PUR_IED_Japon_Ext_549100,,,,,
2026-09-12T18:46:04-05:00,PUR_IED_Japon_Laboratorio_bec51d,PUR_IED_Japon_Laboratorio_bec51d,,,,,
2026-09-12T18:46:04-05:00,PUR_IED_Japon_informatica_d99327,PUR_IED_Japon_informatica_d99327,,,,,
2026-09-12T18:46:04-05:00,PUR_IED_Jazmin_Ext_d27bda,PUR_IED_Jazmin_Ext_d27bda,,,,,
2026-09-12T18:46:04-05:00,PUR_IED_Jazmin_Fisica_8d14d7,PUR_IED_Jazmin_Fisica_8d14d7,,,,,
2026-09-12T18:46:04-05:00,PUR_IED_Jazmin_Quimica_801cb5,PUR_IED_Jazmin_Quimica_801cb5,,,,,
2026-09-12T18:46:04-05:00,PUR_IED_JorgeGaitan_Exter_f098d1,PUR_IED_JorgeGaitan_Exter_f098d1,,,,,
2026-09-12T18:46:04-05:00,PUR_IED_JorgeGaitan_STec1_dc9d1d,PUR_IED_JorgeGaitan_STec1_dc9d1d,,,,,
2026-09-12T18:46:04-05:00,PUR_IED_JorgeGaitan_STec2_281e69,PUR_IED_JorgeGaitan_STec2_281e69,,,,,
2026-09-12T18:46:04-05:00,PUR_IED_JorgeSoto_Exterio_d9d0a2,PUR_IED_JorgeSoto_Exterio_d9d0a2,,,,,
2026-09-12T18:46:04-05:00,PUR_IED_JorgeSoto_LabFisi_209c54,PUR_IED_JorgeSoto_LabFisi_209c54,,,,,
2026-09-12T18:46:04-05:00,PUR_IED_JorgeSoto_S103_27b51a,PUR_IED_JorgeSoto_S103_27b51a,,,,,
2026-09-12T18:46:04-05:00,PUR_IED_JoseAcevedo_A02_e965eb,PUR_IED_JoseAcevedo_A02_e965eb,,,,,
2026-09-12T18:46:04-05:00,PUR_IED_JoseAcevedo_A07_dd5b4,PUR_IED_JoseAcevedo_A07_dd5b4,,,,,
2026-09-12T18:46:04-05:00,PUR_IED_JoseAcevedo_Ext_b47484,PUR_IED_JoseAcevedo_Ext_b47484,,,,,
2026-09-12T18:46:04-05:00,PUR_IED_JoseMarti_Exte_5b9bf,PUR_IED_JoseMarti_Exte_5b9bf,,,,,
2026-09-12T18:46:04-05:00,PUR_IED_JoseMarti_LabQuim_1c6c2d,PUR_IED_JoseMarti_LabQuim_1c6c2d,,,,,
2026-09-12T18:46:04-05:00,PUR_IED_JoseMarti_S_info_f5f177,PUR_IED_JoseMarti_S_info_f5f177,,,,,
2026-09-12T18:46:04-05:00,PUR_IED_Josejoaquin_Ext_dfc5dc,PUR_IED_Josejoaquin_Ext_dfc5dc,,,,,
2026-09-12T18:46:04-05:00,PUR_IED_Josejoaquin_S05_5b2a96,PUR_IED_Josejoaquin_S05_5b2a96,,,,,
2026-09-12T18:46:04-05:00,PUR_IED_Josejoaquin_S06_1ce7d2,PUR_IED_Josejoaquin_S06_1ce7d2,,,,,
2026-09-12T18:46:04-05:00,PUR_IED_JulioFlorez_Danza_9b82dd,PUR_IED_JulioFlorez_Danza_9b82dd,,,,,
2026-09-12T18:46:04-05:00,PUR_IED_JulioFlorez_Exter_f9f314,PUR_IED_JulioFlorez_Exter_f9f314,,,,,
2026-09-12T18:46:04-05:00,PUR_IED_JulioFlorez_info2_6b6e08,PUR_IED_JulioFlorez_info2_6b6e08,,,,,
2026-09-12T18:46:04-05:00,PUR_IED_LaBelleza_Aula13_1d00d8,PUR_IED_LaBelleza_Aula13_1d00d8,,,,,
2026-09-12T18:46:04-05:00,PUR_IED_LaBelleza_Ext_7bc08c,PUR_IED_LaBelleza_Ext_7bc08c,,,,,
2026-09-12T18:46:04-05:00,PUR_IED_LaChucua_Ext_8cd6d2,PUR_IED_LaChucua_Ext_8cd6d2,,,,,
2026-09-12T18:46:04-05:00,PUR_IED_LaChucua_S15_f578ce,PUR_IED_LaChucua_S15_f578ce,,,,,
2026-09-12T18:46:04-05:00,PUR_IED_LaChucua_S16_eebcf9,PUR_IED_LaChucua_S16_eebcf9,,,,,
2026-09-12T18:46:04-05:00,PUR_IED_LaFelicidad_Ext_fb5109,PUR_IED_LaFelicidad_Ext_fb5109,,,,,
2026-09-12T18:46:04-05:00,PUR_IED_LaMerced_206_66ebd,PUR_IED_LaMerced_206_66ebd,,,,,
2026-09-12T18:46:04-05:00,PUR_IED_LaMerced_207_6ebd6,PUR_IED_LaMerced_207_6ebd6,,,,,
2026-09-12T18:46:04-05:00,PUR_IED_LaMerced_ext_304311,PUR_IED_LaMerced_ext_304311,,,,,
2026-09-12T18:46:04-05:00,PUR_IED_Laureano_CiencNat_281e5e,PUR_IED_Laureano_CiencNat_281e5e,,,,,
2026-09-12T18:46:04-05:00,PUR_IED_Laureano_Comedor_f65c0a,PUR_IED_Laureano_Comedor_f65c0a,,,,,
2026-09-12T18:46:04-05:00,PUR_IED_Laureano_Exterior_7ab011,PUR_IED_Laureano_Exterior_7ab011,,,,,
2026-09-12T18:46:04-05:00,PUR_IED_LeonGreiff_Exte_dfe560,PUR_IED_LeonGreiff_Exte_dfe560,,,,,
2026-09-12T18:46:04-05:00,PUR_IED_LeonGreiff_S210_f264ed,PUR_IED_LeonGreiff_S210_f264ed,,,,,
2026-09-12T18:46:04-05:00,PUR_IED_LeonGreiff_SQuimi_e8296f,PUR_IED_LeonGreiff_SQuimi_e8296f,,,,,
2026-09-12T18:46:04-05:00,PUR_IED_LlanoOrientalS208_7b9fcd,PUR_IED_LlanoOrientalS208_7b9fcd,,,,,
2026-09-12T18:46:04-05:00,PUR_IED_LlanoOriental_Ext_fb3766,PUR_IED_LlanoOriental_Ext_fb3766,,,,,
2026-09-12T18:46:04-05:00,PUR_IED_LlanoOriental_S208_7b9fcd,PUR_IED_LlanoOriental_S208_7b9fcd,,,,,
2026-09-12T18:46:04-05:00,PUR_IED_LlanoOriental_S9_27b378,PUR_IED_LlanoOriental_S9_27b378,,,,,
2026-09-12T18:46:04-05:00,PUR_IED_LosTejares_1101_477602,PUR_IED_LosTejares_1101_477602,,,,,
2026-09-12T18:46:04-05:00,PUR_IED_LosTejares_11_d2c595,PUR_IED_LosTejares_11_d2c595,,,,,
2026-09-12T18:46:04-05:00,PUR_IED_LosTejares_12_477602,PUR_IED_LosTejares_12_477602,,,,,
2026-09-12T18:46:04-05:00,PUR_IED_LosTejares_Ext_8e2115,PUR_IED_LosTejares_Ext_8e2115,,,,,
2026-09-12T18:46:04-05:00,PUR_IED_MagdalenaO_B202_5ddda3,PUR_IED_MagdalenaO_B202_5ddda3,,,,,
2026-09-12T18:46:04-05:00,PUR_IED_MagdalenaO_B205_fb76e8,PUR_IED_MagdalenaO_B205_fb76e8,,,,,
2026-09-12T18:46:04-05:00,PUR_IED_MagdalenaO_ext_dc69cd,PUR_IED_MagdalenaO_ext_dc69cd,,,,,
2026-09-12T18:46:04-05:00,PUR_IED_ManueCepeda_artes_eee956,PUR_IED_ManueCepeda_artes_eee956,,,,,
2026-09-12T18:46:04-05:00,PUR_IED_ManuelCepeda_Ext_58313,PUR_IED_ManuelCepeda_Ext_58313,,,,,
2026-09-12T18:46:04-05:00,PUR_IED_ManuelCepeda_tec_1c5731,PUR_IED_ManuelCepeda_tec_1c5731,,,,,
2026-09-12T18:46:04-05:00,PUR_IED_ManuelS_Exterior_5b269,PUR_IED_ManuelS_Exterior_5b269,,,,,
2026-09-12T18:46:04-05:00,PUR_IED_ManuelS_Inform_f369ce,PUR_IED_ManuelS_Inform_f369ce,,,,,
2026-09-12T18:46:04-05:00,PUR_IED_ManuelS_SArtes_7d15f1,PUR_IED_ManuelS_SArtes_7d15f1,,,,,
2026-09-12T18:46:04-05:00,PUR_IED_ManuelZapata_303_3ca6,PUR_IED_ManuelZapata_303_3ca6,,,,,
2026-09-12T18:46:04-05:00,PUR_IED_ManuelZapata_311_bfbabc,PUR_IED_ManuelZapata_311_bfbabc,,,,,
2026-09-12T18:46:04-05:00,PUR_IED_ManuelZapata_Ext_50824a,PUR_IED_ManuelZapata_Ext_50824a,,,,,
2026-09-12T18:46:04-05:00,PUR_IED_ManuelitaS_Exteri_656a92,PUR_IED_ManuelitaS_Exteri_656a92,,,,,
2026-09-12T18:46:04-05:00,PUR_IED_ManuelitaS_JuzgDe_f58ec3,PUR_IED_ManuelitaS_JuzgDe_f58ec3,,,,,
2026-09-12T18:46:04-05:00,PUR_IED_ManuelitaS_Recrea_d793db,PUR_IED_ManuelitaS_Recrea_d793db,,,,,
2026-09-12T18:46:04-05:00,PUR_IED_MarFidSuarez_Ext_c27b19,PUR_IED_MarFidSuarez_Ext_c27b19,,,,,
2026-09-12T18:46:04-05:00,PUR_IED_MarFidSuarez_Info_e384d7,PUR_IED_MarFidSuarez_Info_e384d7,,,,,
2026-09-12T18:46:04-05:00,PUR_IED_MarFidSuarez_S306_1d0032,PUR_IED_MarFidSuarez_S306_1d0032,,,,,
2026-09-12T18:46:04-05:00,PUR_IED_Menorah_301_2a25a3,PUR_IED_Menorah_301_2a25a3,,,,,
2026-09-12T18:46:04-05:00,PUR_IED_Menorah_306_37ed3,PUR_IED_Menorah_306_37ed3,,,,,
2026-09-12T18:46:04-05:00,PUR_IED_Menorah_Ext_3e155b,PUR_IED_Menorah_Ext_3e155b,,,,,
2026-09-12T18:46:04-05:00,PUR_IED_MinutoB.Aires_A11_1b1604,PUR_IED_MinutoB.Aires_A11_1b1604,,,,,
2026-09-12T18:46:04-05:00,PUR_IED_MinutoB.Aires_A12_fb5860,PUR_IED_MinutoB.Aires_A12_fb5860,,,,,
2026-09-12T18:46:04-05:00,PUR_IED_MinutoB.Aires_Ext_81293f,PUR_IED_MinutoB.Aires_Ext_81293f,,,,,
2026-09-12T18:46:04-05:00,PUR_IED_MinutoBAires_A11_1b1604,PUR_IED_MinutoBAires_A11_1b1604,,,,,
2026-09-12T18:46:04-05:00,PUR_IED_MinutoBAires_A12_fb5860,PUR_IED_MinutoBAires_A12_fb5860,,,,,
2026-09-12T18:46:04-05:00,PUR_IED_MinutoBAires_Ext_81293f,PUR_IED_MinutoBAires_Ext_81293f,,,,,
2026-09-12T18:46:04-05:00,PUR_IED_Montreal_Aula10_1e4959,PUR_IED_Montreal_Aula10_1e4959,,,,,
2026-09-12T18:46:04-05:00,PUR_IED_Montreal_Aula6_300367,PUR_IED_Montreal_Aula6_300367,,,,,
2026-09-12T18:46:04-05:00,PUR_IED_Montreal_Exterior_91a179,PUR_IED_Montreal_Exterior_91a179,,,,,
2026-09-12T18:46:04-05:00,PUR_IED_Mqgdalena_B202_5ddda3,PUR_IED_Mqgdalena_B202_5ddda3,,,,,
2026-09-12T18:46:04-05:00,PUR_IED_NACUND_Soc_dc8728,PUR_IED_NACUND_Soc_dc8728,,,,,
2026-09-12T18:46:04-05:00,PUR_IED_NACUND_ext_27ad97,PUR_IED_NACUND_ext_27ad97,,,,,
2026-09-12T18:46:04-05:00,PUR_IED_NEsperanza_Ext_d24b61,PUR_IED_NEsperanza_Ext_d24b61,,,,,
2026-09-12T18:46:04-05:00,PUR_IED_NEsperanza_SElect_7d1807,PUR_IED_NEsperanza_SElect_7d1807,,,,,
2026-09-12T18:46:04-05:00,PUR_IED_NEsperanza_SLabor_8b2d0a,PUR_IED_NEsperanza_SLabor_8b2d0a,,,,,
2026-09-12T18:46:04-05:00,PUR_IED_NacionesU_Ext_f661a9,PUR_IED_NacionesU_Ext_f661a9,,,,,
2026-09-12T18:46:04-05:00,PUR_IED_NacionesU_Quimica_66f0a,PUR_IED_NacionesU_Quimica_66f0a,,,,,
2026-09-12T18:46:04-05:00,PUR_IED_NacionesU_S306_1b4b3d,PUR_IED_NacionesU_S306_1b4b3d,,,,,
2026-09-12T18:46:04-05:00,PUR_IED_NestorFA_Ext_e4201c,PUR_IED_NestorFA_Ext_e4201c,,,,,
2026-09-12T18:46:04-05:00,PUR_IED_NestorFA_Laborato_f22fe0,PUR_IED_NestorFA_Laborato_f22fe0,,,,,
2026-09-12T18:46:04-05:00,PUR_IED_NestorFA_S204_dee996,PUR_IED_NestorFA_S204_dee996,,,,,
2026-09-12T18:46:04-05:00,PUR_IED_NidyaQT_Aula03_76999b,PUR_IED_NidyaQT_Aula03_76999b,,,,,
2026-09-12T18:46:04-05:00,PUR_IED_NidyaQT_Aula10_56325,PUR_IED_NidyaQT_Aula10_56325,,,,,
2026-09-12T18:46:04-05:00,PUR_IED_NidyaQT_Ext_46e32d,PUR_IED_NidyaQT_Ext_46e32d,,,,,
2026-09-12T18:46:04-05:00,PUR_IED_NuevaCol_Exterior_d9b859,PUR_IED_NuevaCol_Exterior_d9b859,,,,,
2026-09-12T18:46:04-05:00,PUR_IED_NuevaCol_S1101_76c43b,PUR_IED_NuevaCol_S1101_76c43b,,,,,
2026-09-12T18:46:04-05:00,PUR_IED_NuevaCol_S1102_1ce0b5,PUR_IED_NuevaCol_S1102_1ce0b5,,,,,
2026-09-12T18:46:04-05:00,PUR_IED_OEA_A202_f7e3f2,PUR_IED_OEA_A202_f7e3f2,,,,,
2026-09-12T18:46:04-05:00,PUR_IED_OEA_A203_7d1b8d,PUR_IED_OEA_A203_7d1b8d,,,,,
2026-09-12T18:46:04-05:00,PUR_IED_OEA_Ext_27b593,PUR_IED_OEA_Ext_27b593,,,,,
2026-09-12T18:46:04-05:00,PUR_IED_Ochoa_Ext_1c29da,PUR_IED_Ochoa_Ext_1c29da,,,,,
2026-09-12T18:46:04-05:00,PUR_IED_Ochoa_S205_8b1121,PUR_IED_Ochoa_S205_8b1121,,,,,
2026-09-12T18:46:04-05:00,PUR_IED_Ochoa_Sistemas_f33af6,PUR_IED_Ochoa_Sistemas_f33af6,,,,,
2026-09-12T18:46:04-05:00,PUR_IED_PQuebec_Ext_1c67c7,PUR_IED_PQuebec_Ext_1c67c7,,,,,
2026-09-12T18:46:04-05:00,PUR_IED_PQuebec_S15_23e8e2,PUR_IED_PQuebec_S15_23e8e2,,,,,
2026-09-12T18:46:04-05:00,PUR_IED_PQuebec_S16_8ec76b,PUR_IED_PQuebec_S16_8ec76b,,,,,
2026-09-12T18:46:04-05:00,PUR_IED_PabloN_Ext_49dc96,PUR_IED_PabloN_Ext_49dc96,,,,,
2026-09-12T18:46:04-05:00,PUR_IED_PabloN_S1102_4e3df5,PUR_IED_PabloN_S1102_4e3df5,,,,,
2026-09-12T18:46:04-05:00,PUR_IED_PabloN_S1103_50c94b,PUR_IED_PabloN_S1103_50c94b,,,,,
2026-09-12T18:46:04-05:00,PUR_IED_Palestina_S1101_db9198,PUR_IED_Palestina_S1101_db9198,,,,,
2026-09-12T18:46:04-05:00,PUR_IED_Palestina_S1102_dc54fa,PUR_IED_Palestina_S1102_dc54fa,,,,,
2026-09-12T18:46:04-05:00,PUR_IED_Palestina_ext_4ccce6,PUR_IED_Palestina_ext_4ccce6,,,,,
2026-09-12T18:46:04-05:00,PUR_IED_Panama_Fisica_4d0794,PUR_IED_Panama_Fisica_4d0794,,,,,
2026-09-12T18:46:04-05:00,PUR_IED_Panama_SIngles_a4077e,PUR_IED_Panama_SIngles_a4077e,,,,,
2026-09-12T18:46:04-05:00,PUR_IED_Panama_ext_4c54b4,PUR_IED_Panama_ext_4c54b4,,,,,
2026-09-12T18:46:04-05:00,PUR_IED_ParaisoM_Exterior_8cd7f0,PUR_IED_ParaisoM_Exterior_8cd7f0,,,,,
2026-09-12T18:46:04-05:00,PUR_IED_ParaisoM_Laborato_27af35,PUR_IED_ParaisoM_Laborato_27af35,,,,,
2026-09-12T18:46:04-05:00,PUR_IED_ParaisoM_S304_d1edca,PUR_IED_ParaisoM_S304_d1edca,,,,,
2026-09-12T18:46:04-05:00,PUR_IED_PorfirioBarba_Ext_301466,PUR_IED_PorfirioBarba_Ext_301466,,,,,
2026-09-12T18:46:04-05:00,PUR_IED_PorfirioBarba_S11_df6cd2,PUR_IED_PorfirioBarba_S11_df6cd2,,,,,
2026-09-12T18:46:04-05:00,PUR_IED_PorfirioBarba_S29_27a7d6,PUR_IED_PorfirioBarba_S29_27a7d6,,,,,
2026-09-12T18:46:04-05:00,PUR_IED_PradoV_Exter_8b27ad,PUR_IED_PradoV_Exter_8b27ad,,,,,
2026-09-12T18:46:04-05:00,PUR_IED_PradoV_S301_de65b5,PUR_IED_PradoV_S301_de65b5,,,,,
2026-09-12T18:46:04-05:00,PUR_IED_PradoV_S302_7d2593,PUR_IED_PradoV_S302_7d2593,,,,,
2026-09-12T18:46:04-05:00,PUR_IED_QuirogaAlz_Ext_1ddc82,PUR_IED_QuirogaAlz_Ext_1ddc82,,,,,
2026-09-12T18:46:04-05:00,PUR_IED_QuirogaAlz_S302_9926a3,PUR_IED_QuirogaAlz_S302_9926a3,,,,,
2026-09-12T18:46:04-05:00,PUR_IED_QuirogaAlz_S305_cdf1f1,PUR_IED_QuirogaAlz_S305_cdf1f1,,,,,
2026-09-12T18:46:04-05:00,PUR_IED_RGuatemala_Biling_dc53b7,PUR_IED_RGuatemala_Biling_dc53b7,,,,,
2026-09-12T18:46:04-05:00,PUR_IED_RGuatemala_Ext_1b89a3,PUR_IED_RGuatemala_Ext_1b89a3,,,,,
2026-09-12T18:46:04-05:00,PUR_IED_RGuatemala_Tecnol_281a34,PUR_IED_RGuatemala_Tecnol_281a34,,,,,
2026-09-12T18:46:04-05:00,PUR_IED_RafaNu_Ext_f7c302,PUR_IED_RafaNu_Ext_f7c302,,,,,
2026-09-12T18:46:04-05:00,PUR_IED_RafaNu_S1101_25fde,PUR_IED_RafaNu_S1101_25fde,,,,,
2026-09-12T18:46:04-05:00,PUR_IED_RafaNu_S1102_281517,PUR_IED_RafaNu_S1102_281517,,,,,
2026-09-12T18:46:04-05:00,PUR_IED_RafaelB_S305_ee2783,PUR_IED_RafaelB_S305_ee2783,,,,,
2026-09-12T18:46:04-05:00,PUR_IED_RafaelB_S306_75fe33,PUR_IED_RafaelB_S306_75fe33,,,,,
2026-09-12T18:46:04-05:00,PUR_IED_RafaelB_ext_283336,PUR_IED_RafaelB_ext_283336,2,20,59,4.6722,-74.0737
2026-09-12T18:46:04-05:00,PUR_IED_RafaelUU_Exterior_281a51,PUR_IED_RafaelUU_Exterior_281a51,,,,,
2026-09-12T18:46:04-05:00,PUR_IED_RafaelUU_Human_806b2,PUR_IED_RafaelUU_Human_806b2,,,,,
2026-09-12T18:46:04-05:00,PUR_IED_RafaelUU_Mate2_5680d4,PUR_IED_RafaelUU_Mate2_5680d4,,,,,
2026-09-12T18:46:04-05:00,PUR_IED_RamonSub_Ext_f9eeb9,PUR_IED_RamonSub_Ext_f9eeb9,,,,,
2026-09-12T18:46:04-05:00,PUR_IED_RamonSub_Media_d1f62f,PUR_IED_RamonSub_Media_d1f62f,,,,,
2026-09-12T18:46:04-05:00,PUR_IED_RamonSub_planta_51b82,PUR_IED_RamonSub_planta_51b82,,,,,
2026-09-12T18:46:04-05:00,PUR_IED_RepBoliVene_Exter_27af7c,PUR_IED_RepBoliVene_Exter_27af7c,,,,,
2026-09-12T18:46:04-05:00,PUR_IED_RepBoliVene_SCPT_5ae2ee,PUR_IED_RepBoliVene_SCPT_5ae2ee,,,,,
2026-09-12T18:46:04-05:00,PUR_IED_RepBoliVene_Socia_4b11d5,PUR_IED_RepBoliVene_Socia_4b11d5,,,,,
2026-09-12T18:46:04-05:00,PUR_IED_RepChina_Ext_76d9ee,PUR_IED_RepChina_Ext_76d9ee,,,,,
2026-09-12T18:46:04-05:00,PUR_IED_RepChina_S404_7c804c,PUR_IED_RepChina_S404_7c804c,,,,,
2026-09-12T18:46:04-05:00,PUR_IED_RepChina_S405_df2c33,PUR_IED_RepChina_S405_df2c33,,,,,
2026-09-12T18:46:04-05:00,PUR_IED_RepublicaC_Exteri_7d1ec9,PUR_IED_RepublicaC_Exteri_7d1ec9,,,,,
2026-09-12T18:46:04-05:00,PUR_IED_RepublicaC_S1101_f544b3,PUR_IED_RepublicaC_S1101_f544b3,,,,,
2026-09-12T18:46:04-05:00,PUR_IED_RepublicaC_S1102_7aafc7,PUR_IED_RepublicaC_S1102_7aafc7,,,,,
2026-09-12T18:46:04-05:00,PUR_IED_Ricaurte_Externo_a0ea1,PUR_IED_Ricaurte_Externo_a0ea1,,,,,
2026-09-12T18:46:04-05:00,PUR_IED_Ricaurte_S210_f546fd,PUR_IED_Ricaurte_S210_f546fd,,,,,
2026-09-12T18:46:04-05:00,PUR_IED_Ricaurte_S309_d4452,PUR_IED_Ricaurte_S309_d4452,,,,,
2026-09-12T18:46:04-05:00,PUR_IED_RogelioS_1102_531e69,PUR_IED_RogelioS_1102_531e69,,,,,
2026-09-12T18:46:04-05:00,PUR_IED_RogelioS_Ext_f25a18,PUR_IED_RogelioS_Ext_f25a18,,,,,
2026-09-12T18:46:04-05:00,PUR_IED_SBernardino_Ext_27aff8,PUR_IED_SBernardino_Ext_27aff8,,,,,
2026-09-12T18:46:04-05:00,PUR_IED_SBernardino_SArte_2ffd33,PUR_IED_SBernardino_SArte_2ffd33,,,,,
2026-09-12T18:46:04-05:00,PUR_IED_SBernardino_SIngl_7c7da5,PUR_IED_SBernardino_SIngl_7c7da5,,,,,
2026-09-12T18:46:04-05:00,PUR_IED_Sago_auditorio_dc9d1d,PUR_IED_Sago_auditorio_dc9d1d,,,,,
2026-09-12T18:46:04-05:00,PUR_IED_Saludcoop_Ext_95aac3,PUR_IED_Saludcoop_Ext_95aac3,,,,,
2026-09-12T18:46:04-05:00,PUR_IED_Saludcoop_InfI_90c854,PUR_IED_Saludcoop_InfI_90c854,,,,,
2026-09-12T18:46:04-05:00,PUR_IED_Saludcoop_SMedia_1b93be,PUR_IED_Saludcoop_SMedia_1b93be,,,,,
2026-09-12T18:46:04-05:00,PUR_IED_SanCarlos_1101_1a2360,PUR_IED_SanCarlos_1101_1a2360,,,,,
2026-09-12T18:46:04-05:00,PUR_IED_SanCarlos_1103_7bafb5,PUR_IED_SanCarlos_1103_7bafb5,,,,,
2026-09-12T18:46:04-05:00,PUR_IED_SanCarlos_Ext_b7cd1,PUR_IED_SanCarlos_Ext_b7cd1,,,,,
2026-09-12T18:46:04-05:00,PUR_IED_SanIgnacioBosa11a_50c26e,PUR_IED_SanIgnacioBosa11a_50c26e,,,,,
2026-09-12T18:46:04-05:00,PUR_IED_SanIgnacioBosa11b_371de8,PUR_IED_SanIgnacioBosa11b_371de8,,,,,
2026-09-12T18:46:04-05:00,PUR_IED_SanIgnacioBosaExt_ef0ffc,PUR_IED_SanIgnacioBosaExt_ef0ffc,,,,,
2026-09-12T18:46:04-05:00,PUR_IED_SanIgnacioBosa_11a_50c26e,PUR_IED_SanIgnacioBosa_11a_50c26e,,,,,
2026-09-12T18:46:04-05:00,PUR_IED_SanIgnacioBosa_Ext_ef0ffc,PUR_IED_SanIgnacioBosa_Ext_ef0ffc,,,,,
2026-09-12T18:46:04-05:00,PUR_IED_SanJoseN_intS1101_31c47f,PUR_IED_SanJoseN_intS1101_31c47f,,,,,
2026-09-12T18:46:04-05:00,PUR_IED_SanJoseUsm_Exter_f5d7e8,PUR_IED_SanJoseUsm_Exter_f5d7e8,,,,,
2026-09-12T18:46:04-05:00,PUR_IED_SanJoseUsm_Int11A_cfdef6,PUR_IED_SanJoseUsm_Int11A_cfdef6,,,,,
2026-09-12T18:46:04-05:00,PUR_IED_SilveriaR_IntB5_905349,PUR_IED_SilveriaR_IntB5_905349,,,,,
2026-09-12T18:46:04-05:00,PUR_IED_SilveriaR_IntSD14_981f93,PUR_IED_SilveriaR_IntSD14_981f93,,,,,
2026-09-12T18:46:04-05:00,PUR_IED_SilveriaR_ext_2b651d,PUR_IED_SilveriaR_ext_2b651d,,,,,
2026-09-12T18:46:04-05:00,PUR_IED_SimonB_Exterior_913975,PUR_IED_SimonB_Exterior_913975,,,,,
2026-09-12T18:46:04-05:00,PUR_IED_SimonB_LabQuimi_c56908,PUR_IED_SimonB_LabQuimi_c56908,,,,,
2026-09-12T18:46:04-05:00,PUR_IED_SimonB_informatic_a28c1,PUR_IED_SimonB_informatic_a28c1,,,,,
2026-09-12T18:46:04-05:00,PUR_IED_Sorrento_1102_315f50,PUR_IED_Sorrento_1102_315f50,,,,,
2026-09-12T18:46:04-05:00,PUR_IED_Sorrento_Minte_214eab,PUR_IED_Sorrento_Minte_214eab,,,,,
2026-09-12T18:46:04-05:00,PUR_IED_Sorrento_ext_7c3a0a,PUR_IED_Sorrento_ext_7c3a0a,,,,,
2026-09-12T18:46:04-05:00,PUR_IED_Tabora_Ext_f048ae,PUR_IED_Tabora_Ext_f048ae,,,,,
2026-09-12T18:46:04-05:00,PUR_IED_Tabora_S1102_b07752,PUR_IED_Tabora_S1102_b07752,,,,,
2026-09-12T18:46:04-05:00,PUR_IED_Tabora_S1103_d988f5,PUR_IED_Tabora_S1103_d988f5,,,,,
2026-09-12T18:46:04-05:00,PUR_IED_Tenerife_Ext_1ab188,PUR_IED_Tenerife_Ext_1ab188,,,,,
2026-09-12T18:46:04-05:00,PUR_IED_Tenerife_SDanzas_7bc02e,PUR_IED_Tenerife_SDanzas_7bc02e,,,,,
2026-09-12T18:46:04-05:00,PUR_IED_Tenerife_SIngles_7cc277,PUR_IED_Tenerife_SIngles_7cc277,,,,,
2026-09-12T18:46:04-05:00,PUR_IED_Tibabuyes_Exter_f2683d,PUR_IED_Tibabuyes_Exter_f2683d,,,,,
2026-09-12T18:46:04-05:00,PUR_IED_Tibabuyes_S10_dc87a8,PUR_IED_Tibabuyes_S10_dc87a8,,,,,
2026-09-12T18:46:04-05:00,PUR_IED_Tibabuyes_S15_dc0526,PUR_IED_Tibabuyes_S15_dc0526,,,,,
2026-09-12T18:46:04-05:00,PUR_IED_UnionE_S301_a1043,PUR_IED_UnionE_S301_a1043,,,,,
2026-09-12T18:46:04-05:00,PUR_IED_UnionE_S307_ff6c2f,PUR_IED_UnionE_S307_ff6c2f,,,,,
2026-09-12T18:46:04-05:00,PUR_IED_UnionE__Ext_5e2468,PUR_IED_UnionE__Ext_5e2468,,,,,
2026-09-12T18:46:04-05:00,PUR_IED_VillaRica_Ext_75be7c,PUR_IED_VillaRica_Ext_75be7c,,,,,
2026-09-12T18:46:04-05:00,PUR_IED_VillaRica_S4_cc5dcd,PUR_IED_VillaRica_S4_cc5dcd,,,,,
2026-09-12T18:46:04-05:00,PUR_IED_VillaRica_Sesp_99f5c,PUR_IED_VillaRica_Sesp_99f5c,,,,,
2026-09-12T18:51:06-05:00,PUR_IED_20deJulio_1101_91b1b9,PUR_IED_20deJulio_1101_91b1b9,,,,,
2026-09-12T18:51:06-05:00,PUR_IED_20deJulio_1102_1cfcf9,PUR_IED_20deJulio_1102_1cfcf9,,,,,
2026-09-12T18:51:06-05:00,PUR_IED_20deJulio_Ext_ab60bd,PUR_IED_20deJulio_Ext_ab60bd,,,,,
2026-09-12T18:51:06-05:00,PUR_IED_AgustinFer_Ext_7b9b77,PUR_IED_AgustinFer_Ext_7b9b77,,,,,
2026-09-12T18:51:06-05:00,PUR_IED_AgustinFer_Info2_27b3a7,PUR_IED_AgustinFer_Info2_27b3a7,,,,,
2026-09-12T18:51:06-05:00,PUR_IED_AgustinFer_Sena_54b4eb,PUR_IED_AgustinFer_Sena_54b4eb,,,,,
2026-09-12T18:51:06-05:00,PUR_IED_AlexanderF_1102_caf07b,PUR_IED_AlexanderF_1102_caf07b,,,,,
2026-09-12T18:51:06-05:00,PUR_IED_AlexanderF_1103_c79e71,PUR_IED_AlexanderF_1103_c79e71,,,,,
2026-09-12T18:51:06-05:00,PUR_IED_AlexanderF_Ext_c5b18b,PUR_IED_AlexanderF_Ext_c5b18b,,,,,
2026-09-12T18:51:06-05:00,PUR_IED_AlfonsoLopez_Ext_281d77,PUR_IED_AlfonsoLopez_Ext_281d77,,,,,
2026-09-12T18:51:06-05:00,PUR_IED_AlfonsoLopez_LabF_888ce0,PUR_IED_AlfonsoLopez_LabF_888ce0,,,,,
2026-09-12T18:51:06-05:00,PUR_IED_AlfonsoLopez_SMed_df6a7f,PUR_IED_AlfonsoLopez_SMed_df6a7f,,,,,
2026-09-12T18:51:06-05:00,PUR_IED_AltamiraSO_A2_209f92,PUR_IED_AltamiraSO_A2_209f92,,,,,
2026-09-12T18:51:06-05:00,PUR_IED_AltamiraSO_Ext_186d66,PUR_IED_AltamiraSO_Ext_186d66,,,,,
2026-09-12T18:51:06-05:00,PUR_IED_AltamiraSO_Sistem_27afe1,PUR_IED_AltamiraSO_Sistem_27afe1,,,,,
2026-09-12T18:51:06-05:00,PUR_IED_AlvaroGom_LabQuim_813179,PUR_IED_AlvaroGom_LabQuim_813179,,,,,
2026-09-12T18:51:06-05:00,PUR_IED_AlvaroGomez_Ext_47c7ca,PUR_IED_AlvaroGomez_Ext_47c7ca,,,,,
2026-09-12T18:51:06-05:00,PUR_IED_AlvaroGomez_LabQuim_813179,PUR_IED_AlvaroGomez_LabQuim_813179,,,,,
2026-09-12T18:51:06-05:00,PUR_IED_AlvaroGomez_S23_7ba89f,PUR_IED_AlvaroGomez_S23_7ba89f,,,,,
2026-09-12T18:51:06-05:00,PUR_IED_Amistad_306_dc8728,PUR_IED_Amistad_306_dc8728,,,,,
2026-09-12T18:51:06-05:00,PUR_IED_Amistad_Ext_8cd55e,PUR_IED_Amistad_Ext_8cd55e,,,,,
2026-09-12T18:51:06-05:00,PUR_IED_Amistad_S202_a41169,PUR_IED_Amistad_S202_a41169,,,,,
2026-09-12T18:51:06-05:00,PUR_IED_AndresBello_Bio_fd5f5e,PUR_IED_AndresBello_Bio_fd5f5e,,,,,
2026-09-12T18:51:06-05:00,PUR_IED_AndresBello_ext_dcad65,PUR_IED_AndresBello_ext_dcad65,,,,,
2026-09-12T18:51:06-05:00,PUR_IED_AndresBello_port_eed3ec,PUR_IED_AndresBello_port_eed3ec,,,,,
2026-09-12T18:51:06-05:00,PUR_IED_AngelaR_11b_d90a6b,PUR_IED_AngelaR_11b_d90a6b,,,,,
2026-09-12T18:51:06-05:00,PUR_IED_AngelaR_ext_7cad3e,PUR_IED_AngelaR_ext_7cad3e,,,,,
2026-09-12T18:51:06-05:00,PUR_IED_AntJoseSucre_10mo_df2575,PUR_IED_AntJoseSucre_10mo_df2575,,,,,
2026-09-12T18:51:06-05:00,PUR_IED_AntJoseSucre_Ext_215b36,PUR_IED_AntJoseSucre_Ext_215b36,,,,,
2026-09-12T18:51:06-05:00,PUR_IED_AntJoseSucre_Lab_3139de,PUR_IED_AntJoseSucre_Lab_3139de,,,,,
2026-09-12T18:51:06-05:00,PUR_IED_AntonioGarcia_301_d6b188,PUR_IED_AntonioGarcia_301_d6b188,,,,,
2026-09-12T18:51:06-05:00,PUR_IED_AntonioGarcia_302_88a82,PUR_IED_AntonioGarcia_302_88a82,,,,,
2026-09-12T18:51:06-05:00,PUR_IED_AntonioGarcia_Ext_20950c,PUR_IED_AntonioGarcia_Ext_20950c,,,,,
2026-09-12T18:51:06-05:00,PUR_IED_AntonioVan_Aula2_6dea02,PUR_IED_AntonioVan_Aula2_6dea02,,,,,
2026-09-12T18:51:06-05:00,PUR_IED_AntonioVan_Aula5_f1557e,PUR_IED_AntonioVan_Aula5_f1557e,,,,,
2026-09-12T18:51:06-05:00,PUR_IED_AntonioVan_Ext_406f2f,PUR_IED_AntonioVan_Ext_406f2f,,,,,
2026-09-12T18:51:06-05:00,PUR_IED_Atabanzha_Ext_cc5af9,PUR_IED_Atabanzha_Ext_cc5af9,,,,,
2026-09-12T18:51:06-05:00,PUR_IED_Atabanzha_SA101_56c37,PUR_IED_Atabanzha_SA101_56c37,,,,,
2026-09-12T18:51:06-05:00,PUR_IED_Atabanzha_SB302_27b374,PUR_IED_Atabanzha_SB302_27b374,,,,,
2026-09-12T18:51:06-05:00,PUR_IED_Atahualpa_Ext_fc1748,PUR_IED_Atahualpa_Ext_fc1748,,,,,
2026-09-12T18:51:06-05:00,PUR_IED_Atahualpa_Informa_dc9a95,PUR_IED_Atahualpa_Informa_dc9a95,,,,,
2026-09-12T18:51:06-05:00,PUR_IED_Atahualpa_S1101_f98056,PUR_IED_Atahualpa_S1101_f98056,,,,,
2026-09-12T18:51:06-05:00,PUR_IED_Bellavista_Ext_f5aa74,PUR_IED_Bellavista_Ext_f5aa74,,,,,
2026-09-12T18:51:06-05:00,PUR_IED_Bilbao_11A_916c41,PUR_IED_Bilbao_11A_916c41,,,,,
2026-09-12T18:51:06-05:00,PUR_IED_Bilbao_Ext_fb579a,PUR_IED_Bilbao_Ext_fb579a,,,,,
2026-09-12T18:51:06-05:00,PUR_IED_BrasiliaU_A125_304280,PUR_IED_BrasiliaU_A125_304280,,,,,
2026-09-12T18:51:06-05:00,PUR_IED_BrasiliaU_A203_7c8ca5,PUR_IED_BrasiliaU_A203_7c8ca5,,,,,
2026-09-12T18:51:06-05:00,PUR_IED_BrasiliaU_Ext_8d6e9f,PUR_IED_BrasiliaU_Ext_8d6e9f,8,19,61,4.5175,-74.116302
2026-09-12T18:51:06-05:00,PUR_IED_Brasilia_Ext_fe6593,PUR_IED_Brasilia_Ext_fe6593,,,,,
2026-09-12T18:51:06-05:00,PUR_IED_Brasilia_S24_7c130d,PUR_IED_Brasilia_S24_7c130d,,,,,
2026-09-12T18:51:06-05:00,PUR_IED_Brasilia_S501_186a54,PUR_IED_Brasilia_S501_186a54,,,,,
2026-09-12T18:51:06-05:00,PUR_IED_CHARRY_EXT_f1d5cd,PUR_IED_CHARRY_EXT_f1d5cd,,,,,
2026-09-12T18:51:06-05:00,PUR_IED_CHARRY_INTDANZAS_7a08e6,PUR_IED_CHARRY_INTDANZAS_7a08e6,,,,,
2026-09-12T18:51:06-05:00,PUR_IED_CHARRY_INT_AULA20_dc998d,PUR_IED_CHARRY_INT_AULA20_dc998d,,,,,
2026-09-12T18:51:06-05:00,PUR_IED_COLVIV_1101_S25_7f520a,PUR_IED_COLVIV_1101_S25_7f520a,,,,,
2026-09-12T18:51:06-05:00,PUR_IED_COLVIV_1102_S16_f570ba,PUR_IED_COLVIV_1102_S16_f570ba,,,,,
2026-09-12T18:51:06-05:00,PUR_IED_COLVIV_Ext_1a26fa,PUR_IED_COLVIV_Ext_1a26fa,,,,,
2026-09-12T18:51:06-05:00,PUR_IED_CULPOP_301A_f660f3,PUR_IED_CULPOP_301A_f660f3,,,,,
2026-09-12T18:51:06-05:00,PUR_IED_CULPOP_303_568afe,PUR_IED_CULPOP_303_568afe,,,,,
2026-09-12T18:51:06-05:00,PUR_IED_CULPOP_Ext_e02ccb,PUR_IED_CULPOP_Ext_e02ccb,,,,,
2026-09-12T18:51:06-05:00,PUR_IED_CVillavicen_Ext_26eb58,PUR_IED_CVillavicen_Ext_26eb58,4,16,76,4.487,-74.102798
2026-09-12T18:51:06-05:00,PUR_IED_CVillavicen_Intel_1ce5c2,PUR_IED_CVillavicen_Intel_1ce5c2,,,,,
2026-09-12T18:51:06-05:00,PUR_IED_CVillavicen_Poliv_e0766c,PUR_IED_CVillavicen_Poliv_e0766c,,,,,
2026-09-12T18:51:06-05:00,PUR_IED_CVillavicen_int_1ba140,PUR_IED_CVillavicen_int_1ba140,,,,,
2026-09-12T18:51:06-05:00,PUR_IED_CVillavicen_intel_1ba140,PUR_IED_CVillavicen_intel_1ba140,,,,,
2026-09-12T18:51:06-05:00,PUR_IED_CarlosPizarro_Ext_e307cc,PUR_IED_CarlosPizarro_Ext_e307cc,,,,,
2026-09-12T18:51:06-05:00,PUR_IED_CarlosPizarro_L36_7e5cdb,PUR_IED_CarlosPizarro_L36_7e5cdb,,,,,
2026-09-12T18:51:06-05:00,PUR_IED_CarlosPizarro_L37_c8566c,PUR_IED_CarlosPizarro_L37_c8566c,,,,,
2026-09-12T18:51:06-05:00,PUR_IED_Castilla_Ext_cf35f,PUR_IED_Castilla_Ext_cf35f,,,,,
2026-09-12T18:51:06-05:00,PUR_IED_Castilla_SFisik_360e38,PUR_IED_Castilla_SFisik_360e38,,,,,
2026-09-12T18:51:06-05:00,PUR_IED_Castilla_Sc304_496fbf,PUR_IED_Castilla_Sc304_496fbf,,,,,
2026-09-12T18:51:06-05:00,PUR_IED_CervantesSa_Ext_6b57b,PUR_IED_CervantesSa_Ext_6b57b,7,19,65,4.5128,-74.117203
2026-09-12T18:51:06-05:00,PUR_IED_CervantesSa_S107_225c2b,PUR_IED_CervantesSa_S107_225c2b,,,,,
2026-09-12T18:51:06-05:00,PUR_IED_CervantesSa_S108_940925,PUR_IED_CervantesSa_S108_940925,,,,,
2026-09-12T18:51:06-05:00,PUR_IED_Charry_A20_f53e7c,PUR_IED_Charry_A20_f53e7c,,,,,
2026-09-12T18:51:06-05:00,PUR_IED_Charry_Ext_f1d5cd,PUR_IED_Charry_Ext_f1d5cd,,,,,
2026-09-12T18:51:06-05:00,PUR_IED_Charry_IntAula20_dc998d,PUR_IED_Charry_IntAula20_dc998d,,,,,
2026-09-12T18:51:06-05:00,PUR_IED_Charry_IntDanzas_7a08e6,PUR_IED_Charry_IntDanzas_7a08e6,,,,,
2026-09-12T18:51:06-05:00,PUR_IED_ClememciaC_203_43e2fc,PUR_IED_ClememciaC_203_43e2fc,,,,,
2026-09-12T18:51:06-05:00,PUR_IED_ClememciaC_Ext_1b411a,PUR_IED_ClememciaC_Ext_1b411a,,,,,
2026-09-12T18:51:06-05:00,PUR_IED_ClememciaC_Quimic_44b5fc,PUR_IED_ClememciaC_Quimic_44b5fc,,,,,
2026-09-12T18:51:06-05:00,PUR_IED_ClemenciaC_203_43e2fc,PUR_IED_ClemenciaC_203_43e2fc,,,,,
2026-09-12T18:51:06-05:00,PUR_IED_ClemenciaC_Ext_1b411a,PUR_IED_ClemenciaC_Ext_1b411a,,,,,
2026-09-12T18:51:06-05:00,PUR_IED_ClemenciaC_Quimic_44b5fc,PUR_IED_ClemenciaC_Quimic_44b5fc,,,,,
2026-09-12T18:51:06-05:00,PUR_IED_ColViva_1101_S25_7f520a,PUR_IED_ColViva_1101_S25_7f520a,,,,,
2026-09-12T18:51:06-05:00,PUR_IED_ColViva_1102_S16_f570ba,PUR_IED_ColViva_1102_S16_f570ba,,,,,
2026-09-12T18:51:06-05:00,PUR_IED_ColViva_Ext_1a26fa,PUR_IED_ColViva_Ext_1a26fa,,,,,
2026-09-12T18:51:06-05:00,PUR_IED_ColegioBici_Asist_7c8798,PUR_IED_ColegioBici_Asist_7c8798,,,,,
2026-09-12T18:51:06-05:00,PUR_IED_ColegioBici_Ext_25cbf6,PUR_IED_ColegioBici_Ext_25cbf6,,,,,
2026-09-12T18:51:06-05:00,PUR_IED_ColegioBici_LabQ_7b57db,PUR_IED_ColegioBici_LabQ_7b57db,,,,,
2026-09-12T18:51:06-05:00,PUR_IED_CostaRica_Ext_5e640,PUR_IED_CostaRica_Ext_5e640,,,,,
2026-09-12T18:51:06-05:00,PUR_IED_CostaRica_Quim1_766d1c,PUR_IED_CostaRica_Quim1_766d1c,,,,,
2026-09-12T18:51:06-05:00,PUR_IED_CostaRica__Fisica_6f0873,PUR_IED_CostaRica__Fisica_6f0873,,,,,
2026-09-12T18:51:06-05:00,PUR_IED_CulPopu_301A_f660f3,PUR_IED_CulPopu_301A_f660f3,,,,,
2026-09-12T18:51:06-05:00,PUR_IED_CulPopu_303_568afe,PUR_IED_CulPopu_303_568afe,,,,,
2026-09-12T18:51:06-05:00,PUR_IED_CulPopu_Ext_e02ccb,PUR_IED_CulPopu_Ext_e02ccb,,,,,
2026-09-12T18:51:06-05:00,PUR_IED_Cundinamarca_Ext_f15985,PUR_IED_Cundinamarca_Ext_f15985,,,,,
2026-09-12T18:51:06-05:00,PUR_IED_Cundinamarca_Info_7aa5d7,PUR_IED_Cundinamarca_Info_7aa5d7,,,,,
2026-09-12T18:51:06-05:00,PUR_IED_Cundinamarca_Tec2_f449c7,PUR_IED_Cundinamarca_Tec2_f449c7,,,,,
2026-09-12T18:51:06-05:00,PUR_IED_DiegoM_Aula1_27b314,PUR_IED_DiegoM_Aula1_27b314,,,,,
2026-09-12T18:51:06-05:00,PUR_IED_DiegoM_Ext_d80ac8,PUR_IED_DiegoM_Ext_d80ac8,,,,,
2026-09-12T18:51:06-05:00,PUR_IED_DiegoM_S25_da928f,PUR_IED_DiegoM_S25_da928f,,,,,
2026-09-12T18:51:06-05:00,PUR_IED_ELRODEO_360881,PUR_IED_ELRODEO_360881,,,,,
2026-09-12T18:51:06-05:00,PUR_IED_ELRODEO_ext_360881,PUR_IED_ELRODEO_ext_360881,,,,,
2026-09-12T18:51:06-05:00,PUR_IED_EduardoU_Ext_1c1969,PUR_IED_EduardoU_Ext_1c1969,,,,,
2026-09-12T18:51:06-05:00,PUR_IED_EduardoU_SCiencia_4dfb94,PUR_IED_EduardoU_SCiencia_4dfb94,,,,,
2026-09-12T18:51:06-05:00,PUR_IED_EduardoU_SQuimica_5a46e7,PUR_IED_EduardoU_SQuimica_5a46e7,,,,,
2026-09-12T18:51:06-05:00,PUR_IED_ElRodeo_Aula14_676984,PUR_IED_ElRodeo_Aula14_676984,,,,,
2026-09-12T18:51:06-05:00,PUR_IED_ElRodeo_Aula16_2dd35b,PUR_IED_ElRodeo_Aula16_2dd35b,,,,,
2026-09-12T18:51:06-05:00,PUR_IED_ElRodeo_Ext_360881,PUR_IED_ElRodeo_Ext_360881,,,,,
2026-09-12T18:51:06-05:00,PUR_IED_ElRodeo_Exterior_8c6d28,PUR_IED_ElRodeo_Exterior_8c6d28,,,,,
2026-09-12T18:51:06-05:00,PUR_IED_ElRodeo_ext_360881,PUR_IED_ElRodeo_ext_360881,,,,,
2026-09-12T18:51:06-05:00,PUR_IED_EmmaReyes_Ext_987625,PUR_IED_EmmaReyes_Ext_987625,2,21,51,4.6367,-74.1511
2026-09-12T18:51:06-05:00,PUR_IED_Ensueño_Ext_7f0250,PUR_IED_Ensueño_Ext_7f0250,,,,,
2026-09-12T18:51:06-05:00,PUR_IED_EscNormal_Ext_5fef3b,PUR_IED_EscNormal_Ext_5fef3b,2,19,59,4.5852,-74.096901
2026-09-12T18:51:06-05:00,PUR_IED_EscNormal_S309_5b263,PUR_IED_EscNormal_S309_5b263,,,,,
2026-09-12T18:51:06-05:00,PUR_IED_EscNormal_S310_27b3b8,PUR_IED_EscNormal_S310_27b3b8,,,,,
2026-09-12T18:51:06-05:00,PUR_IED_Evangelista_Conta_f6cd4f,PUR_IED_Evangelista_Conta_f6cd4f,,,,,
2026-09-12T18:51:06-05:00,PUR_IED_Evangelista_Cri_5e16a,PUR_IED_Evangelista_Cri_5e16a,,,,,
2026-09-12T18:51:06-05:00,PUR_IED_Evangelista_Exter_754066,PUR_IED_Evangelista_Exter_754066,,,,,
2026-09-12T18:51:06-05:00,PUR_IED_FMiranda_S209_5cc2a3,PUR_IED_FMiranda_S209_5cc2a3,,,,,
2026-09-12T18:51:06-05:00,PUR_IED_FMiranda_S303_19e344,PUR_IED_FMiranda_S303_19e344,,,,,
2026-09-12T18:51:06-05:00,PUR_IED_FMiranda_ext_f53e7c,PUR_IED_FMiranda_ext_f53e7c,,,,,
2026-09-12T18:51:06-05:00,PUR_IED_FabioLozano_Bibli_1cee05,PUR_IED_FabioLozano_Bibli_1cee05,,,,,
2026-09-12T18:51:06-05:00,PUR_IED_FabioLozano_Ext_6ea285,PUR_IED_FabioLozano_Ext_6ea285,,,,,
2026-09-12T18:51:06-05:00,PUR_IED_FabioLozano_SLudi_f09e1e,PUR_IED_FabioLozano_SLudi_f09e1e,,,,,
2026-09-12T18:51:06-05:00,PUR_IED_FaustinoS_Aula07_27a731,PUR_IED_FaustinoS_Aula07_27a731,,,,,
2026-09-12T18:51:06-05:00,PUR_IED_FaustinoS_Ext_7b936f,PUR_IED_FaustinoS_Ext_7b936f,,,,,
2026-09-12T18:51:06-05:00,PUR_IED_FaustinoS_Fisica_da2c60,PUR_IED_FaustinoS_Fisica_da2c60,,,,,
2026-09-12T18:51:06-05:00,PUR_IED_FeGarciaLo_Ext_dc68ee,PUR_IED_FeGarciaLo_Ext_dc68ee,,,,,
2026-09-12T18:51:06-05:00,PUR_IED_FeGarciaLo_SDanza_f70a59,PUR_IED_FeGarciaLo_SDanza_f70a59,,,,,
2026-09-12T18:51:06-05:00,PUR_IED_FeGarciaLo_SMusic_125cdd,PUR_IED_FeGarciaLo_SMusic_125cdd,,,,,
2026-09-12T18:51:06-05:00,PUR_IED_FederalAlema_Exte_50c345,PUR_IED_FederalAlema_Exte_50c345,,,,,
2026-09-12T18:51:06-05:00,PUR_IED_FederalAlema_S31_f18371,PUR_IED_FederalAlema_S31_f18371,,,,,
2026-09-12T18:51:06-05:00,PUR_IED_FederalAlema_S901_a62cd,PUR_IED_FederalAlema_S901_a62cd,,,,,
2026-09-12T18:51:06-05:00,PUR_IED_FilarmonicaS_A5_f35eb1,PUR_IED_FilarmonicaS_A5_f35eb1,,,,,
2026-09-12T18:51:06-05:00,PUR_IED_FilarmonicaS_Ext_8a3bde,PUR_IED_FilarmonicaS_Ext_8a3bde,,,,,
2026-09-12T18:51:06-05:00,PUR_IED_FilarmonicaS_Spol_406114,PUR_IED_FilarmonicaS_Spol_406114,,,,,
2026-09-12T18:51:06-05:00,PUR_IED_FlorentinoG_A13_d1fa59,PUR_IED_FlorentinoG_A13_d1fa59,,,,,
2026-09-12T18:51:06-05:00,PUR_IED_FlorentinoG_Ext_1ce6ce,PUR_IED_FlorentinoG_Ext_1ce6ce,,,,,
2026-09-12T18:51:06-05:00,PUR_IED_FlorentinoG_Idiom_a66aac,PUR_IED_FlorentinoG_Idiom_a66aac,,,,,
2026-09-12T18:51:06-05:00,PUR_IED_FranciscoMati_Ext_e3869d,PUR_IED_FranciscoMati_Ext_e3869d,,,,,
2026-09-12T18:51:06-05:00,PUR_IED_FranciscoMati_S13_f31c67,PUR_IED_FranciscoMati_S13_f31c67,,,,,
2026-09-12T18:51:06-05:00,PUR_IED_FranciscoMati_S14_97dead,PUR_IED_FranciscoMati_S14_97dead,,,,,
2026-09-12T18:51:06-05:00,PUR_IED_FranciscoPS_Ext_7bfa9a,PUR_IED_FranciscoPS_Ext_7bfa9a,2,21,56,4.5899,-74.110397
2026-09-12T18:51:06-05:00,PUR_IED_FranciscoPS_Infor_fb8f4c,PUR_IED_FranciscoPS_Infor_fb8f4c,,,,,
2026-09-12T18:51:06-05:00,PUR_IED_FranciscoPS_Quimi_94d39c,PUR_IED_FranciscoPS_Quimi_94d39c,,,,,
2026-09-12T18:51:06-05:00,PUR_IED_FranciscoP_LabQ_d7e148,PUR_IED_FranciscoP_LabQ_d7e148,,,,,
2026-09-12T18:51:06-05:00,PUR_IED_FranciscoP_S28_cf9b30,PUR_IED_FranciscoP_S28_cf9b30,,,,,
2026-09-12T18:51:06-05:00,PUR_IED_FranciscoP_ext_e2313,PUR_IED_FranciscoP_ext_e2313,,,,,
2026-09-12T18:51:06-05:00,PUR_IED_FriederichN_Ext_8ac92a,PUR_IED_FriederichN_Ext_8ac92a,,,,,
2026-09-12T18:51:06-05:00,PUR_IED_FriederichN_S301_dd7e5a,PUR_IED_FriederichN_S301_dd7e5a,,,,,
2026-09-12T18:51:06-05:00,PUR_IED_FriederichN_S308_761f4f,PUR_IED_FriederichN_S308_761f4f,,,,,
2026-09-12T18:51:06-05:00,PUR_IED_GSantander_Aula10_533dd7,PUR_IED_GSantander_Aula10_533dd7,,,,,
2026-09-12T18:51:06-05:00,PUR_IED_GSantander_Aula12_fd4e4f,PUR_IED_GSantander_Aula12_fd4e4f,,,,,
2026-09-12T18:51:06-05:00,PUR_IED_GSantander_Aula310_533dd7,PUR_IED_GSantander_Aula310_533dd7,,,,,
2026-09-12T18:51:06-05:00,PUR_IED_GSantander_Aula312_fd4e4f,PUR_IED_GSantander_Aula312_fd4e4f,,,,,
2026-09-12T18:51:06-05:00,PUR_IED_GSantander_Ext_5f66b0,PUR_IED_GSantander_Ext_5f66b0,,,,,
2026-09-12T18:51:06-05:00,PUR_IED_GYomasa_Ext_f6bea5,PUR_IED_GYomasa_Ext_f6bea5,,,,,
2026-09-12T18:51:06-05:00,PUR_IED_GYomasa_LBiol_2c41aa,PUR_IED_GYomasa_LBiol_2c41aa,,,,,
2026-09-12T18:51:06-05:00,PUR_IED_GYomasa_LQuim_33c80,PUR_IED_GYomasa_LQuim_33c80,,,,,
2026-09-12T18:51:06-05:00,PUR_IED_GabBetMejia_Cienc_5a99c,PUR_IED_GabBetMejia_Cienc_5a99c,,,,,
2026-09-12T18:51:06-05:00,PUR_IED_GabBetMejia_Ext_9153d0,PUR_IED_GabBetMejia_Ext_9153d0,,,,,
2026-09-12T18:51:06-05:00,PUR_IED_GabBetMejia_Lab_f55347,PUR_IED_GabBetMejia_Lab_f55347,,,,,
2026-09-12T18:51:06-05:00,PUR_IED_GabBetanMejia_Ext_9153d0,PUR_IED_GabBetanMejia_Ext_9153d0,,,,,
2026-09-12T18:51:06-05:00,PUR_IED_Gaitana_Aula13_7aac11,PUR_IED_Gaitana_Aula13_7aac11,,,,,
2026-09-12T18:51:06-05:00,PUR_IED_Gaitana_Ext_5fcf4,PUR_IED_Gaitana_Ext_5fcf4,,,,,
2026-09-12T18:51:06-05:00,PUR_IED_Gaitana_LabFisica_644448,PUR_IED_Gaitana_LabFisica_644448,,,,,
2026-09-12T18:51:06-05:00,PUR_IED_GenSantander_Dise_8ac858,PUR_IED_GenSantander_Dise_8ac858,,,,,
2026-09-12T18:51:06-05:00,PUR_IED_GenSantander_Ext_8d5dfe,PUR_IED_GenSantander_Ext_8d5dfe,,,,,
2026-09-12T18:51:06-05:00,PUR_IED_GenSantander_Info_6c25b,PUR_IED_GenSantander_Info_6c25b,,,,,
2026-09-12T18:51:06-05:00,PUR_IED_GustavoMo_Exterio_75e63d,PUR_IED_GustavoMo_Exterio_75e63d,,,,,
2026-09-12T18:51:06-05:00,PUR_IED_GustavoMo_LabFisi_224d37,PUR_IED_GustavoMo_LabFisi_224d37,,,,,
2026-09-12T18:51:06-05:00,PUR_IED_GustavoMo_S208_3e6918,PUR_IED_GustavoMo_S208_3e6918,,,,,
2026-09-12T18:51:06-05:00,PUR_IED_GustavoR_A02_8cd4a8,PUR_IED_GustavoR_A02_8cd4a8,,,,,
2026-09-12T18:51:06-05:00,PUR_IED_GustavoR_B11_5b0ed,PUR_IED_GustavoR_B11_5b0ed,,,,,
2026-09-12T18:51:06-05:00,PUR_IED_GustavoR_Ext_7a0c90,PUR_IED_GustavoR_Ext_7a0c90,,,,,
2026-09-12T18:51:06-05:00,PUR_IED_HernandoDuran_Ext_8cd82b,PUR_IED_HernandoDuran_Ext_8cd82b,,,,,
2026-09-12T18:51:06-05:00,PUR_IED_HernandoDuran_S24_2772c6,PUR_IED_HernandoDuran_S24_2772c6,,,,,
2026-09-12T18:51:06-05:00,PUR_IED_HernandoDuran_S30_f2de41,PUR_IED_HernandoDuran_S30_f2de41,,,,,
2026-09-12T18:51:06-05:00,PUR_IED_HolguInUr_S1101_8cd732,PUR_IED_HolguInUr_S1101_8cd732,,,,,
2026-09-12T18:51:06-05:00,PUR_IED_HolguinUr_Exter_ddae6d,PUR_IED_HolguinUr_Exter_ddae6d,,,,,
2026-09-12T18:51:06-05:00,PUR_IED_HolguinUr_LabQuim_92b952,PUR_IED_HolguinUr_LabQuim_92b952,,,,,
2026-09-12T18:51:06-05:00,PUR_IED_Isabel-II_Ext_5245cc,PUR_IED_Isabel-II_Ext_5245cc,3,19,58,4.6336,-74.153
2026-09-12T18:51:06-05:00,PUR_IED_Isabel-II_S_idiom_1c29aa,PUR_IED_Isabel-II_S_idiom_1c29aa,,,,,
2026-09-12T18:51:06-05:00,PUR_IED_Isabel-II_S_infor_fd741,PUR_IED_Isabel-II_S_infor_fd741,,,,,
2026-09-12T18:51:06-05:00,PUR_IED_IsidroSur_Exterio_5b90ea,PUR_IED_IsidroSur_Exterio_5b90ea,,,,,
2026-09-12T18:51:06-05:00,PUR_IED_IsidroSur_LabTec_56697a,PUR_IED_IsidroSur_LabTec_56697a,,,,,
2026-09-12T18:51:06-05:00,PUR_IED_IsidroSur_Robotic_b7c38f,PUR_IED_IsidroSur_Robotic_b7c38f,,,,,
2026-09-12T18:51:06-05:00,PUR_IED_IsmaelPerd_Ext_7b6672,PUR_IED_IsmaelPerd_Ext_7b6672,,,,,
2026-09-12T18:51:06-05:00,PUR_IED_IsmaelPerd_Inform_306540,PUR_IED_IsmaelPerd_Inform_306540,,,,,
2026-09-12T18:51:06-05:00,PUR_IED_IsmaelPerd_S30_2e2c83,PUR_IED_IsmaelPerd_S30_2e2c83,,,,,
2026-09-12T18:51:06-05:00,PUR_IED_JLozano_Exter_432910,PUR_IED_JLozano_Exter_432910,,,,,
2026-09-12T18:51:06-05:00,PUR_IED_JLozano_salaMulti_df5125,PUR_IED_JLozano_salaMulti_df5125,,,,,
2026-09-12T18:51:06-05:00,PUR_IED_JMCordoba_206_86f80b,PUR_IED_JMCordoba_206_86f80b,,,,,
2026-09-12T18:51:06-05:00,PUR_IED_JMCordoba_Ext_27ad97,PUR_IED_JMCordoba_Ext_27ad97,,,,,
2026-09-12T18:51:06-05:00,PUR_IED_JMCordoba_S310_d59ab4,PUR_IED_JMCordoba_S310_d59ab4,,,,,
2026-09-12T18:51:06-05:00,PUR_IED_Japon_Ext_549100,PUR_IED_Japon_Ext_549100,,,,,
2026-09-12T18:51:06-05:00,PUR_IED_Japon_Laboratorio_bec51d,PUR_IED_Japon_Laboratorio_bec51d,,,,,
2026-09-12T18:51:06-05:00,PUR_IED_Japon_informatica_d99327,PUR_IED_Japon_informatica_d99327,,,,,
2026-09-12T18:51:06-05:00,PUR_IED_Jazmin_Ext_d27bda,PUR_IED_Jazmin_Ext_d27bda,,,,,
2026-09-12T18:51:06-05:00,PUR_IED_Jazmin_Fisica_8d14d7,PUR_IED_Jazmin_Fisica_8d14d7,,,,,
2026-09-12T18:51:06-05:00,PUR_IED_Jazmin_Quimica_801cb5,PUR_IED_Jazmin_Quimica_801cb5,,,,,
2026-09-12T18:51:06-05:00,PUR_IED_JorgeGaitan_Exter_f098d1,PUR_IED_JorgeGaitan_Exter_f098d1,,,,,
2026-09-12T18:51:06-05:00,PUR_IED_JorgeGaitan_STec1_dc9d1d,PUR_IED_JorgeGaitan_STec1_dc9d1d,,,,,
2026-09-12T18:51:06-05:00,PUR_IED_JorgeGaitan_STec2_281e69,PUR_IED_JorgeGaitan_STec2_281e69,,,,,
2026-09-12T18:51:06-05:00,PUR_IED_JorgeSoto_Exterio_d9d0a2,PUR_IED_JorgeSoto_Exterio_d9d0a2,,,,,
2026-09-12T18:51:06-05:00,PUR_IED_JorgeSoto_LabFisi_209c54,PUR_IED_JorgeSoto_LabFisi_209c54,,,,,
2026-09-12T18:51:06-05:00,PUR_IED_JorgeSoto_S103_27b51a,PUR_IED_JorgeSoto_S103_27b51a,,,,,
2026-09-12T18:51:06-05:00,PUR_IED_JoseAcevedo_A02_e965eb,PUR_IED_JoseAcevedo_A02_e965eb,,,,,
2026-09-12T18:51:06-05:00,PUR_IED_JoseAcevedo_A07_dd5b4,PUR_IED_JoseAcevedo_A07_dd5b4,,,,,
2026-09-12T18:51:06-05:00,PUR_IED_JoseAcevedo_Ext_b47484,PUR_IED_JoseAcevedo_Ext_b47484,,,,,
2026-09-12T18:51:06-05:00,PUR_IED_JoseMarti_Exte_5b9bf,PUR_IED_JoseMarti_Exte_5b9bf,,,,,
2026-09-12T18:51:06-05:00,PUR_IED_JoseMarti_LabQuim_1c6c2d,PUR_IED_JoseMarti_LabQuim_1c6c2d,,,,,
2026-09-12T18:51:06-05:00,PUR_IED_JoseMarti_S_info_f5f177,PUR_IED_JoseMarti_S_info_f5f177,,,,,
2026-09-12T18:51:06-05:00,PUR_IED_Josejoaquin_Ext_dfc5dc,PUR_IED_Josejoaquin_Ext_dfc5dc,,,,,
2026-09-12T18:51:06-05:00,PUR_IED_Josejoaquin_S05_5b2a96,PUR_IED_Josejoaquin_S05_5b2a96,,,,,
2026-09-12T18:51:06-05:00,PUR_IED_Josejoaquin_S06_1ce7d2,PUR_IED_Josejoaquin_S06_1ce7d2,,,,,
2026-09-12T18:51:06-05:00,PUR_IED_JulioFlorez_Danza_9b82dd,PUR_IED_JulioFlorez_Danza_9b82dd,,,,,
2026-09-12T18:51:06-05:00,PUR_IED_JulioFlorez_Exter_f9f314,PUR_IED_JulioFlorez_Exter_f9f314,,,,,
2026-09-12T18:51:06-05:00,PUR_IED_JulioFlorez_info2_6b6e08,PUR_IED_JulioFlorez_info2_6b6e08,,,,,
2026-09-12T18:51:06-05:00,PUR_IED_LaBelleza_Aula13_1d00d8,PUR_IED_LaBelleza_Aula13_1d00d8,,,,,
2026-09-12T18:51:06-05:00,PUR_IED_LaBelleza_Ext_7bc08c,PUR_IED_LaBelleza_Ext_7bc08c,,,,,
2026-09-12T18:51:06-05:00,PUR_IED_LaChucua_Ext_8cd6d2,PUR_IED_LaChucua_Ext_8cd6d2,,,,,
2026-09-12T18:51:06-05:00,PUR_IED_LaChucua_S15_f578ce,PUR_IED_LaChucua_S15_f578ce,,,,,
2026-09-12T18:51:06-05:00,PUR_IED_LaChucua_S16_eebcf9,PUR_IED_LaChucua_S16_eebcf9,,,,,
2026-09-12T18:51:06-05:00,PUR_IED_LaFelicidad_Ext_fb5109,PUR_IED_LaFelicidad_Ext_fb5109,,,,,
2026-09-12T18:51:06-05:00,PUR_IED_LaMerced_206_66ebd,PUR_IED_LaMerced_206_66ebd,,,,,
2026-09-12T18:51:06-05:00,PUR_IED_LaMerced_207_6ebd6,PUR_IED_LaMerced_207_6ebd6,,,,,
2026-09-12T18:51:06-05:00,PUR_IED_LaMerced_ext_304311,PUR_IED_LaMerced_ext_304311,,,,,
2026-09-12T18:51:06-05:00,PUR_IED_Laureano_CiencNat_281e5e,PUR_IED_Laureano_CiencNat_281e5e,,,,,
2026-09-12T18:51:06-05:00,PUR_IED_Laureano_Comedor_f65c0a,PUR_IED_Laureano_Comedor_f65c0a,,,,,
2026-09-12T18:51:06-05:00,PUR_IED_Laureano_Exterior_7ab011,PUR_IED_Laureano_Exterior_7ab011,,,,,
2026-09-12T18:51:06-05:00,PUR_IED_LeonGreiff_Exte_dfe560,PUR_IED_LeonGreiff_Exte_dfe560,,,,,
2026-09-12T18:51:06-05:00,PUR_IED_LeonGreiff_S210_f264ed,PUR_IED_LeonGreiff_S210_f264ed,,,,,
2026-09-12T18:51:06-05:00,PUR_IED_LeonGreiff_SQuimi_e8296f,PUR_IED_LeonGreiff_SQuimi_e8296f,,,,,
2026-09-12T18:51:06-05:00,PUR_IED_LlanoOrientalS208_7b9fcd,PUR_IED_LlanoOrientalS208_7b9fcd,,,,,
2026-09-12T18:51:06-05:00,PUR_IED_LlanoOriental_Ext_fb3766,PUR_IED_LlanoOriental_Ext_fb3766,,,,,
2026-09-12T18:51:06-05:00,PUR_IED_LlanoOriental_S208_7b9fcd,PUR_IED_LlanoOriental_S208_7b9fcd,,,,,
2026-09-12T18:51:06-05:00,PUR_IED_LlanoOriental_S9_27b378,PUR_IED_LlanoOriental_S9_27b378,,,,,
2026-09-12T18:51:06-05:00,PUR_IED_LosTejares_1101_477602,PUR_IED_LosTejares_1101_477602,,,,,
2026-09-12T18:51:06-05:00,PUR_IED_LosTejares_11_d2c595,PUR_IED_LosTejares_11_d2c595,,,,,
2026-09-12T18:51:06-05:00,PUR_IED_LosTejares_12_477602,PUR_IED_LosTejares_12_477602,,,,,
2026-09-12T18:51:06-05:00,PUR_IED_LosTejares_Ext_8e2115,PUR_IED_LosTejares_Ext_8e2115,,,,,
2026-09-12T18:51:06-05:00,PUR_IED_MagdalenaO_B202_5ddda3,PUR_IED_MagdalenaO_B202_5ddda3,,,,,
2026-09-12T18:51:06-05:00,PUR_IED_MagdalenaO_B205_fb76e8,PUR_IED_MagdalenaO_B205_fb76e8,,,,,
2026-09-12T18:51:06-05:00,PUR_IED_MagdalenaO_ext_dc69cd,PUR_IED_MagdalenaO_ext_dc69cd,,,,,
2026-09-12T18:51:06-05:00,PUR_IED_ManueCepeda_artes_eee956,PUR_IED_ManueCepeda_artes_eee956,,,,,
2026-09-12T18:51:06-05:00,PUR_IED_ManuelCepeda_Ext_58313,PUR_IED_ManuelCepeda_Ext_58313,,,,,
2026-09-12T18:51:06-05:00,PUR_IED_ManuelCepeda_tec_1c5731,PUR_IED_ManuelCepeda_tec_1c5731,,,,,
2026-09-12T18:51:06-05:00,PUR_IED_ManuelS_Exterior_5b269,PUR_IED_ManuelS_Exterior_5b269,,,,,
2026-09-12T18:51:06-05:00,PUR_IED_ManuelS_Inform_f369ce,PUR_IED_ManuelS_Inform_f369ce,,,,,
2026-09-12T18:51:06-05:00,PUR_IED_ManuelS_SArtes_7d15f1,PUR_IED_ManuelS_SArtes_7d15f1,,,,,
2026-09-12T18:51:06-05:00,PUR_IED_ManuelZapata_303_3ca6,PUR_IED_ManuelZapata_303_3ca6,,,,,
2026-09-12T18:51:06-05:00,PUR_IED_ManuelZapata_311_bfbabc,PUR_IED_ManuelZapata_311_bfbabc,,,,,
2026-09-12T18:51:06-05:00,PUR_IED_ManuelZapata_Ext_50824a,PUR_IED_ManuelZapata_Ext_50824a,,,,,
2026-09-12T18:51:06-05:00,PUR_IED_ManuelitaS_Exteri_656a92,PUR_IED_ManuelitaS_Exteri_656a92,,,,,
2026-09-12T18:51:06-05:00,PUR_IED_ManuelitaS_JuzgDe_f58ec3,PUR_IED_ManuelitaS_JuzgDe_f58ec3,,,,,
2026-09-12T18:51:06-05:00,PUR_IED_ManuelitaS_Recrea_d793db,PUR_IED_ManuelitaS_Recrea_d793db,,,,,
2026-09-12T18:51:06-05:00,PUR_IED_MarFidSuarez_Ext_c27b19,PUR_IED_MarFidSuarez_Ext_c27b19,,,,,
2026-09-12T18:51:06-05:00,PUR_IED_MarFidSuarez_Info_e384d7,PUR_IED_MarFidSuarez_Info_e384d7,,,,,
2026-09-12T18:51:06-05:00,PUR_IED_MarFidSuarez_S306_1d0032,PUR_IED_MarFidSuarez_S306_1d0032,,,,,
2026-09-12T18:51:06-05:00,PUR_IED_Menorah_301_2a25a3,PUR_IED_Menorah_301_2a25a3,,,,,
2026-09-12T18:51:06-05:00,PUR_IED_Menorah_306_37ed3,PUR_IED_Menorah_306_37ed3,,,,,
2026-09-12T18:51:06-05:00,PUR_IED_Menorah_Ext_3e155b,PUR_IED_Menorah_Ext_3e155b,,,,,
2026-09-12T18:51:06-05:00,PUR_IED_MinutoB.Aires_A11_1b1604,PUR_IED_MinutoB.Aires_A11_1b1604,,,,,
2026-09-12T18:51:06-05:00,PUR_IED_MinutoB.Aires_A12_fb5860,PUR_IED_MinutoB.Aires_A12_fb5860,,,,,
2026-09-12T18:51:06-05:00,PUR_IED_MinutoB.Aires_Ext_81293f,PUR_IED_MinutoB.Aires_Ext_81293f,,,,,
2026-09-12T18:51:06-05:00,PUR_IED_MinutoBAires_A11_1b1604,PUR_IED_MinutoBAires_A11_1b1604,,,,,
2026-09-12T18:51:06-05:00,PUR_IED_MinutoBAires_A12_fb5860,PUR_IED_MinutoBAires_A12_fb5860,,,,,
2026-09-12T18:51:06-05:00,PUR_IED_MinutoBAires_Ext_81293f,PUR_IED_MinutoBAires_Ext_81293f,,,,,
2026-09-12T18:51:06-05:00,PUR_IED_Montreal_Aula10_1e4959,PUR_IED_Montreal_Aula10_1e4959,,,,,
2026-09-12T18:51:06-05:00,PUR_IED_Montreal_Aula6_300367,PUR_IED_Montreal_Aula6_300367,,,,,
2026-09-12T18:51:06-05:00,PUR_IED_Montreal_Exterior_91a179,PUR_IED_Montreal_Exterior_91a179,,,,,
2026-09-12T18:51:06-05:00,PUR_IED_Mqgdalena_B202_5ddda3,PUR_IED_Mqgdalena_B202_5ddda3,,,,,
2026-09-12T18:51:06-05:00,PUR_IED_NACUND_Soc_dc8728,PUR_IED_NACUND_Soc_dc8728,,,,,
2026-09-12T18:51:06-05:00,PUR_IED_NACUND_ext_27ad97,PUR_IED_NACUND_ext_27ad97,,,,,
2026-09-12T18:51:06-05:00,PUR_IED_NEsperanza_Ext_d24b61,PUR_IED_NEsperanza_Ext_d24b61,,,,,
2026-09-12T18:51:06-05:00,PUR_IED_NEsperanza_SElect_7d1807,PUR_IED_NEsperanza_SElect_7d1807,,,,,
2026-09-12T18:51:06-05:00,PUR_IED_NEsperanza_SLabor_8b2d0a,PUR_IED_NEsperanza_SLabor_8b2d0a,,,,,
2026-09-12T18:51:06-05:00,PUR_IED_NacionesU_Ext_f661a9,PUR_IED_NacionesU_Ext_f661a9,,,,,
2026-09-12T18:51:06-05:00,PUR_IED_NacionesU_Quimica_66f0a,PUR_IED_NacionesU_Quimica_66f0a,,,,,
2026-09-12T18:51:06-05:00,PUR_IED_NacionesU_S306_1b4b3d,PUR_IED_NacionesU_S306_1b4b3d,,,,,
2026-09-12T18:51:06-05:00,PUR_IED_NestorFA_Ext_e4201c,PUR_IED_NestorFA_Ext_e4201c,,,,,
2026-09-12T18:51:06-05:00,PUR_IED_NestorFA_Laborato_f22fe0,PUR_IED_NestorFA_Laborato_f22fe0,,,,,
2026-09-12T18:51:06-05:00,PUR_IED_NestorFA_S204_dee996,PUR_IED_NestorFA_S204_dee996,,,,,
2026-09-12T18:51:06-05:00,PUR_IED_NidyaQT_Aula03_76999b,PUR_IED_NidyaQT_Aula03_76999b,,,,,
2026-09-12T18:51:06-05:00,PUR_IED_NidyaQT_Aula10_56325,PUR_IED_NidyaQT_Aula10_56325,,,,,
2026-09-12T18:51:06-05:00,PUR_IED_NidyaQT_Ext_46e32d,PUR_IED_NidyaQT_Ext_46e32d,,,,,
2026-09-12T18:51:06-05:00,PUR_IED_NuevaCol_Exterior_d9b859,PUR_IED_NuevaCol_Exterior_d9b859,,,,,
2026-09-12T18:51:06-05:00,PUR_IED_NuevaCol_S1101_76c43b,PUR_IED_NuevaCol_S1101_76c43b,,,,,
2026-09-12T18:51:06-05:00,PUR_IED_NuevaCol_S1102_1ce0b5,PUR_IED_NuevaCol_S1102_1ce0b5,,,,,
2026-09-12T18:51:06-05:00,PUR_IED_OEA_A202_f7e3f2,PUR_IED_OEA_A202_f7e3f2,,,,,
2026-09-12T18:51:06-05:00,PUR_IED_OEA_A203_7d1b8d,PUR_IED_OEA_A203_7d1b8d,,,,,
2026-09-12T18:51:06-05:00,PUR_IED_OEA_Ext_27b593,PUR_IED_OEA_Ext_27b593,,,,,
2026-09-12T18:51:06-05:00,PUR_IED_Ochoa_Ext_1c29da,PUR_IED_Ochoa_Ext_1c29da,,,,,
2026-09-12T18:51:06-05:00,PUR_IED_Ochoa_S205_8b1121,PUR_IED_Ochoa_S205_8b1121,,,,,
2026-09-12T18:51:06-05:00,PUR_IED_Ochoa_Sistemas_f33af6,PUR_IED_Ochoa_Sistemas_f33af6,,,,,
2026-09-12T18:51:06-05:00,PUR_IED_PQuebec_Ext_1c67c7,PUR_IED_PQuebec_Ext_1c67c7,,,,,
2026-09-12T18:51:06-05:00,PUR_IED_PQuebec_S15_23e8e2,PUR_IED_PQuebec_S15_23e8e2,,,,,
2026-09-12T18:51:06-05:00,PUR_IED_PQuebec_S16_8ec76b,PUR_IED_PQuebec_S16_8ec76b,,,,,
2026-09-12T18:51:06-05:00,PUR_IED_PabloN_Ext_49dc96,PUR_IED_PabloN_Ext_49dc96,,,,,
2026-09-12T18:51:06-05:00,PUR_IED_PabloN_S1102_4e3df5,PUR_IED_PabloN_S1102_4e3df5,,,,,
2026-09-12T18:51:06-05:00,PUR_IED_PabloN_S1103_50c94b,PUR_IED_PabloN_S1103_50c94b,,,,,
2026-09-12T18:51:06-05:00,PUR_IED_Palestina_S1101_db9198,PUR_IED_Palestina_S1101_db9198,,,,,
2026-09-12T18:51:06-05:00,PUR_IED_Palestina_S1102_dc54fa,PUR_IED_Palestina_S1102_dc54fa,,,,,
2026-09-12T18:51:06-05:00,PUR_IED_Palestina_ext_4ccce6,PUR_IED_Palestina_ext_4ccce6,,,,,
2026-09-12T18:51:06-05:00,PUR_IED_Panama_Fisica_4d0794,PUR_IED_Panama_Fisica_4d0794,,,,,
2026-09-12T18:51:06-05:00,PUR_IED_Panama_SIngles_a4077e,PUR_IED_Panama_SIngles_a4077e,,,,,
2026-09-12T18:51:06-05:00,PUR_IED_Panama_ext_4c54b4,PUR_IED_Panama_ext_4c54b4,,,,,
2026-09-12T18:51:06-05:00,PUR_IED_ParaisoM_Exterior_8cd7f0,PUR_IED_ParaisoM_Exterior_8cd7f0,,,,,
2026-09-12T18:51:06-05:00,PUR_IED_ParaisoM_Laborato_27af35,PUR_IED_ParaisoM_Laborato_27af35,,,,,
2026-09-12T18:51:06-05:00,PUR_IED_ParaisoM_S304_d1edca,PUR_IED_ParaisoM_S304_d1edca,,,,,
2026-09-12T18:51:06-05:00,PUR_IED_PorfirioBarba_Ext_301466,PUR_IED_PorfirioBarba_Ext_301466,,,,,
2026-09-12T18:51:06-05:00,PUR_IED_PorfirioBarba_S11_df6cd2,PUR_IED_PorfirioBarba_S11_df6cd2,,,,,
2026-09-12T18:51:06-05:00,PUR_IED_PorfirioBarba_S29_27a7d6,PUR_IED_PorfirioBarba_S29_27a7d6,,,,,
2026-09-12T18:51:06-05:00,PUR_IED_PradoV_Exter_8b27ad,PUR_IED_PradoV_Exter_8b27ad,,,,,
2026-09-12T18:51:06-05:00,PUR_IED_PradoV_S301_de65b5,PUR_IED_PradoV_S301_de65b5,,,,,
2026-09-12T18:51:06-05:00,PUR_IED_PradoV_S302_7d2593,PUR_IED_PradoV_S302_7d2593,,,,,
2026-09-12T18:51:06-05:00,PUR_IED_QuirogaAlz_Ext_1ddc82,PUR_IED_QuirogaAlz_Ext_1ddc82,,,,,
2026-09-12T18:51:06-05:00,PUR_IED_QuirogaAlz_S302_9926a3,PUR_IED_QuirogaAlz_S302_9926a3,,,,,
2026-09-12T18:51:06-05:00,PUR_IED_QuirogaAlz_S305_cdf1f1,PUR_IED_QuirogaAlz_S305_cdf1f1,,,,,
2026-09-12T18:51:06-05:00,PUR_IED_RGuatemala_Biling_dc53b7,PUR_IED_RGuatemala_Biling_dc53b7,,,,,
2026-09-12T18:51:06-05:00,PUR_IED_RGuatemala_Ext_1b89a3,PUR_IED_RGuatemala_Ext_1b89a3,,,,,
2026-09-12T18:51:06-05:00,PUR_IED_RGuatemala_Tecnol_281a34,PUR_IED_RGuatemala_Tecnol_281a34,,,,,
2026-09-12T18:51:06-05:00,PUR_IED_RafaNu_Ext_f7c302,PUR_IED_RafaNu_Ext_f7c302,,,,,
2026-09-12T18:51:06-05:00,PUR_IED_RafaNu_S1101_25fde,PUR_IED_RafaNu_S1101_25fde,,,,,
2026-09-12T18:51:06-05:00,PUR_IED_RafaNu_S1102_281517,PUR_IED_RafaNu_S1102_281517,,,,,
2026-09-12T18:51:06-05:00,PUR_IED_RafaelB_S305_ee2783,PUR_IED_RafaelB_S305_ee2783,,,,,
2026-09-12T18:51:06-05:00,PUR_IED_RafaelB_S306_75fe33,PUR_IED_RafaelB_S306_75fe33,,,,,
2026-09-12T18:51:06-05:00,PUR_IED_RafaelB_ext_283336,PUR_IED_RafaelB_ext_283336,,,,,
2026-09-12T18:51:06-05:00,PUR_IED_RafaelUU_Exterior_281a51,PUR_IED_RafaelUU_Exterior_281a51,,,,,
2026-09-12T18:51:06-05:00,PUR_IED_RafaelUU_Human_806b2,PUR_IED_RafaelUU_Human_806b2,,,,,
2026-09-12T18:51:06-05:00,PUR_IED_RafaelUU_Mate2_5680d4,PUR_IED_RafaelUU_Mate2_5680d4,,,,,
2026-09-12T18:51:06-05:00,PUR_IED_RamonSub_Ext_f9eeb9,PUR_IED_RamonSub_Ext_f9eeb9,,,,,
2026-09-12T18:51:06-05:00,PUR_IED_RamonSub_Media_d1f62f,PUR_IED_RamonSub_Media_d1f62f,,,,,
2026-09-12T18:51:06-05:00,PUR_IED_RamonSub_planta_51b82,PUR_IED_RamonSub_planta_51b82,,,,,
2026-09-12T18:51:06-05:00,PUR_IED_RepBoliVene_Exter_27af7c,PUR_IED_RepBoliVene_Exter_27af7c,,,,,
2026-09-12T18:51:06-05:00,PUR_IED_RepBoliVene_SCPT_5ae2ee,PUR_IED_RepBoliVene_SCPT_5ae2ee,,,,,
2026-09-12T18:51:06-05:00,PUR_IED_RepBoliVene_Socia_4b11d5,PUR_IED_RepBoliVene_Socia_4b11d5,,,,,
2026-09-12T18:51:06-05:00,PUR_IED_RepChina_Ext_76d9ee,PUR_IED_RepChina_Ext_76d9ee,,,,,
2026-09-12T18:51:06-05:00,PUR_IED_RepChina_S404_7c804c,PUR_IED_RepChina_S404_7c804c,,,,,
2026-09-12T18:51:06-05:00,PUR_IED_RepChina_S405_df2c33,PUR_IED_RepChina_S405_df2c33,,,,,
2026-09-12T18:51:06-05:00,PUR_IED_RepublicaC_Exteri_7d1ec9,PUR_IED_RepublicaC_Exteri_7d1ec9,,,,,
2026-09-12T18:51:06-05:00,PUR_IED_RepublicaC_S1101_f544b3,PUR_IED_RepublicaC_S1101_f544b3,,,,,
2026-09-12T18:51:06-05:00,PUR_IED_RepublicaC_S1102_7aafc7,PUR_IED_RepublicaC_S1102_7aafc7,,,,,
2026-09-12T18:51:06-05:00,PUR_IED_Ricaurte_Externo_a0ea1,PUR_IED_Ricaurte_Externo_a0ea1,,,,,
2026-09-12T18:51:06-05:00,PUR_IED_Ricaurte_S210_f546fd,PUR_IED_Ricaurte_S210_f546fd,,,,,
2026-09-12T18:51:06-05:00,PUR_IED_Ricaurte_S309_d4452,PUR_IED_Ricaurte_S309_d4452,,,,,
2026-09-12T18:51:06-05:00,PUR_IED_RogelioS_1102_531e69,PUR_IED_RogelioS_1102_531e69,,,,,
2026-09-12T18:51:06-05:00,PUR_IED_RogelioS_Ext_f25a18,PUR_IED_RogelioS_Ext_f25a18,,,,,
2026-09-12T18:51:06-05:00,PUR_IED_SBernardino_Ext_27aff8,PUR_IED_SBernardino_Ext_27aff8,,,,,
2026-09-12T18:51:06-05:00,PUR_IED_SBernardino_SArte_2ffd33,PUR_IED_SBernardino_SArte_2ffd33,,,,,
2026-09-12T18:51:06-05:00,PUR_IED_SBernardino_SIngl_7c7da5,PUR_IED_SBernardino_SIngl_7c7da5,,,,,
2026-09-12T18:51:06-05:00,PUR_IED_Sago_auditorio_dc9d1d,PUR_IED_Sago_auditorio_dc9d1d,,,,,
2026-09-12T18:51:06-05:00,PUR_IED_Saludcoop_Ext_95aac3,PUR_IED_Saludcoop_Ext_95aac3,,,,,
2026-09-12T18:51:06-05:00,PUR_IED_Saludcoop_InfI_90c854,PUR_IED_Saludcoop_InfI_90c854,,,,,
2026-09-12T18:51:06-05:00,PUR_IED_Saludcoop_SMedia_1b93be,PUR_IED_Saludcoop_SMedia_1b93be,,,,,
2026-09-12T18:51:06-05:00,PUR_IED_SanCarlos_1101_1a2360,PUR_IED_SanCarlos_1101_1a2360,,,,,
2026-09-12T18:51:06-05:00,PUR_IED_SanCarlos_1103_7bafb5,PUR_IED_SanCarlos_1103_7bafb5,,,,,
2026-09-12T18:51:06-05:00,PUR_IED_SanCarlos_Ext_b7cd1,PUR_IED_SanCarlos_Ext_b7cd1,,,,,
2026-09-12T18:51:06-05:00,PUR_IED_SanIgnacioBosa11a_50c26e,PUR_IED_SanIgnacioBosa11a_50c26e,,,,,
2026-09-12T18:51:06-05:00,PUR_IED_SanIgnacioBosa11b_371de8,PUR_IED_SanIgnacioBosa11b_371de8,,,,,
2026-09-12T18:51:06-05:00,PUR_IED_SanIgnacioBosaExt_ef0ffc,PUR_IED_SanIgnacioBosaExt_ef0ffc,,,,,
2026-09-12T18:51:06-05:00,PUR_IED_SanIgnacioBosa_11a_50c26e,PUR_IED_SanIgnacioBosa_11a_50c26e,,,,,
2026-09-12T18:51:06-05:00,PUR_IED_SanIgnacioBosa_Ext_ef0ffc,PUR_IED_SanIgnacioBosa_Ext_ef0ffc,,,,,
2026-09-12T18:51:06-05:00,PUR_IED_SanJoseN_intS1101_31c47f,PUR_IED_SanJoseN_intS1101_31c47f,,,,,
2026-09-12T18:51:06-05:00,PUR_IED_SanJoseUsm_Exter_f5d7e8,PUR_IED_SanJoseUsm_Exter_f5d7e8,,,,,
2026-09-12T18:51:06-05:00,PUR_IED_SanJoseUsm_Int11A_cfdef6,PUR_IED_SanJoseUsm_Int11A_cfdef6,,,,,
2026-09-12T18:51:06-05:00,PUR_IED_SilveriaR_IntB5_905349,PUR_IED_SilveriaR_IntB5_905349,,,,,
2026-09-12T18:51:06-05:00,PUR_IED_SilveriaR_IntSD14_981f93,PUR_IED_SilveriaR_IntSD14_981f93,,,,,
2026-09-12T18:51:06-05:00,PUR_IED_SilveriaR_ext_2b651d,PUR_IED_SilveriaR_ext_2b651d,,,,,
2026-09-12T18:51:06-05:00,PUR_IED_SimonB_Exterior_913975,PUR_IED_SimonB_Exterior_913975,,,,,
2026-09-12T18:51:06-05:00,PUR_IED_SimonB_LabQuimi_c56908,PUR_IED_SimonB_LabQuimi_c56908,,,,,
2026-09-12T18:51:06-05:00,PUR_IED_SimonB_informatic_a28c1,PUR_IED_SimonB_informatic_a28c1,,,,,
2026-09-12T18:51:06-05:00,PUR_IED_Sorrento_1102_315f50,PUR_IED_Sorrento_1102_315f50,,,,,
2026-09-12T18:51:06-05:00,PUR_IED_Sorrento_Minte_214eab,PUR_IED_Sorrento_Minte_214eab,,,,,
2026-09-12T18:51:06-05:00,PUR_IED_Sorrento_ext_7c3a0a,PUR_IED_Sorrento_ext_7c3a0a,,,,,
2026-09-12T18:51:06-05:00,PUR_IED_Tabora_Ext_f048ae,PUR_IED_Tabora_Ext_f048ae,,,,,
2026-09-12T18:51:06-05:00,PUR_IED_Tabora_S1102_b07752,PUR_IED_Tabora_S1102_b07752,,,,,
2026-09-12T18:51:06-05:00,PUR_IED_Tabora_S1103_d988f5,PUR_IED_Tabora_S1103_d988f5,,,,,
2026-09-12T18:51:06-05:00,PUR_IED_Tenerife_Ext_1ab188,PUR_IED_Tenerife_Ext_1ab188,,,,,
2026-09-12T18:51:06-05:00,PUR_IED_Tenerife_SDanzas_7bc02e,PUR_IED_Tenerife_SDanzas_7bc02e,,,,,
2026-09-12T18:51:06-05:00,PUR_IED_Tenerife_SIngles_7cc277,PUR_IED_Tenerife_SIngles_7cc277,,,,,
2026-09-12T18:51:06-05:00,PUR_IED_Tibabuyes_Exter_f2683d,PUR_IED_Tibabuyes_Exter_f2683d,,,,,
2026-09-12T18:51:06-05:00,PUR_IED_Tibabuyes_S10_dc87a8,PUR_IED_Tibabuyes_S10_dc87a8,,,,,
2026-09-12T18:51:06-05:00,PUR_IED_Tibabuyes_S15_dc0526,PUR_IED_Tibabuyes_S15_dc0526,,,,,
2026-09-12T18:51:06-05:00,PUR_IED_UnionE_S301_a1043,PUR_IED_UnionE_S301_a1043,,,,,
2026-09-12T18:51:06-05:00,PUR_IED_UnionE_S307_ff6c2f,PUR_IED_UnionE_S307_ff6c2f,,,,,
2026-09-12T18:51:06-05:00,PUR_IED_UnionE__Ext_5e2468,PUR_IED_UnionE__Ext_5e2468,,,,,
2026-09-12T18:51:06-05:00,PUR_IED_VillaRica_Ext_75be7c,PUR_IED_VillaRica_Ext_75be7c,,,,,
2026-09-12T18:51:06-05:00,PUR_IED_VillaRica_S4_cc5dcd,PUR_IED_VillaRica_S4_cc5dcd,,,,,
2026-09-12T18:51:06-05:00,PUR_IED_VillaRica_Sesp_99f5c,PUR_IED_VillaRica_Sesp_99f5c,,,,,
2026-09-12T18:56:06-05:00,PUR_IED_20deJulio_1101_91b1b9,PUR_IED_20deJulio_1101_91b1b9,,,,,
2026-09-12T18:56:06-05:00,PUR_IED_20deJulio_1102_1cfcf9,PUR_IED_20deJulio_1102_1cfcf9,,,,,
2026-09-12T18:56:06-05:00,PUR_IED_20deJulio_Ext_ab60bd,PUR_IED_20deJulio_Ext_ab60bd,,,,,
2026-09-12T18:56:06-05:00,PUR_IED_AgustinFer_Ext_7b9b77,PUR_IED_AgustinFer_Ext_7b9b77,,,,,
2026-09-12T18:56:06-05:00,PUR_IED_AgustinFer_Info2_27b3a7,PUR_IED_AgustinFer_Info2_27b3a7,,,,,
2026-09-12T18:56:06-05:00,PUR_IED_AgustinFer_Sena_54b4eb,PUR_IED_AgustinFer_Sena_54b4eb,,,,,
2026-09-12T18:56:06-05:00,PUR_IED_AlexanderF_1102_caf07b,PUR_IED_AlexanderF_1102_caf07b,,,,,
2026-09-12T18:56:06-05:00,PUR_IED_AlexanderF_1103_c79e71,PUR_IED_AlexanderF_1103_c79e71,,,,,
2026-09-12T18:56:06-05:00,PUR_IED_AlexanderF_Ext_c5b18b,PUR_IED_AlexanderF_Ext_c5b18b,,,,,
2026-09-12T18:56:06-05:00,PUR_IED_AlfonsoLopez_Ext_281d77,PUR_IED_AlfonsoLopez_Ext_281d77,,,,,
2026-09-12T18:56:06-05:00,PUR_IED_AlfonsoLopez_LabF_888ce0,PUR_IED_AlfonsoLopez_LabF_888ce0,,,,,
2026-09-12T18:56:06-05:00,PUR_IED_AlfonsoLopez_SMed_df6a7f,PUR_IED_AlfonsoLopez_SMed_df6a7f,,,,,
2026-09-12T18:56:06-05:00,PUR_IED_AltamiraSO_A2_209f92,PUR_IED_AltamiraSO_A2_209f92,,,,,
2026-09-12T18:56:06-05:00,PUR_IED_AltamiraSO_Ext_186d66,PUR_IED_AltamiraSO_Ext_186d66,,,,,
2026-09-12T18:56:06-05:00,PUR_IED_AltamiraSO_Sistem_27afe1,PUR_IED_AltamiraSO_Sistem_27afe1,,,,,
2026-09-12T18:56:06-05:00,PUR_IED_AlvaroGom_LabQuim_813179,PUR_IED_AlvaroGom_LabQuim_813179,,,,,
2026-09-12T18:56:06-05:00,PUR_IED_AlvaroGomez_Ext_47c7ca,PUR_IED_AlvaroGomez_Ext_47c7ca,,,,,
2026-09-12T18:56:06-05:00,PUR_IED_AlvaroGomez_LabQuim_813179,PUR_IED_AlvaroGomez_LabQuim_813179,,,,,
2026-09-12T18:56:06-05:00,PUR_IED_AlvaroGomez_S23_7ba89f,PUR_IED_AlvaroGomez_S23_7ba89f,,,,,
2026-09-12T18:56:06-05:00,PUR_IED_Amistad_306_dc8728,PUR_IED_Amistad_306_dc8728,,,,,
2026-09-12T18:56:06-05:00,PUR_IED_Amistad_Ext_8cd55e,PUR_IED_Amistad_Ext_8cd55e,,,,,
2026-09-12T18:56:06-05:00,PUR_IED_Amistad_S202_a41169,PUR_IED_Amistad_S202_a41169,,,,,
2026-09-12T18:56:06-05:00,PUR_IED_AndresBello_Bio_fd5f5e,PUR_IED_AndresBello_Bio_fd5f5e,,,,,
2026-09-12T18:56:06-05:00,PUR_IED_AndresBello_ext_dcad65,PUR_IED_AndresBello_ext_dcad65,,,,,
2026-09-12T18:56:06-05:00,PUR_IED_AndresBello_port_eed3ec,PUR_IED_AndresBello_port_eed3ec,,,,,
2026-09-12T18:56:06-05:00,PUR_IED_AngelaR_11b_d90a6b,PUR_IED_AngelaR_11b_d90a6b,,,,,
2026-09-12T18:56:06-05:00,PUR_IED_AngelaR_ext_7cad3e,PUR_IED_AngelaR_ext_7cad3e,4,19,62,4.5825,-74.164497
2026-09-12T18:56:06-05:00,PUR_IED_AntJoseSucre_10mo_df2575,PUR_IED_AntJoseSucre_10mo_df2575,,,,,
2026-09-12T18:56:06-05:00,PUR_IED_AntJoseSucre_Ext_215b36,PUR_IED_AntJoseSucre_Ext_215b36,,,,,
2026-09-12T18:56:06-05:00,PUR_IED_AntJoseSucre_Lab_3139de,PUR_IED_AntJoseSucre_Lab_3139de,,,,,
2026-09-12T18:56:06-05:00,PUR_IED_AntonioGarcia_301_d6b188,PUR_IED_AntonioGarcia_301_d6b188,,,,,
2026-09-12T18:56:06-05:00,PUR_IED_AntonioGarcia_302_88a82,PUR_IED_AntonioGarcia_302_88a82,,,,,
2026-09-12T18:56:06-05:00,PUR_IED_AntonioGarcia_Ext_20950c,PUR_IED_AntonioGarcia_Ext_20950c,,,,,
2026-09-12T18:56:06-05:00,PUR_IED_AntonioVan_Aula2_6dea02,PUR_IED_AntonioVan_Aula2_6dea02,,,,,
2026-09-12T18:56:06-05:00,PUR_IED_AntonioVan_Aula5_f1557e,PUR_IED_AntonioVan_Aula5_f1557e,,,,,
2026-09-12T18:56:06-05:00,PUR_IED_AntonioVan_Ext_406f2f,PUR_IED_AntonioVan_Ext_406f2f,,,,,
2026-09-12T18:56:06-05:00,PUR_IED_Atabanzha_Ext_cc5af9,PUR_IED_Atabanzha_Ext_cc5af9,,,,,
2026-09-12T18:56:06-05:00,PUR_IED_Atabanzha_SA101_56c37,PUR_IED_Atabanzha_SA101_56c37,,,,,
2026-09-12T18:56:06-05:00,PUR_IED_Atabanzha_SB302_27b374,PUR_IED_Atabanzha_SB302_27b374,,,,,
2026-09-12T18:56:06-05:00,PUR_IED_Atahualpa_Ext_fc1748,PUR_IED_Atahualpa_Ext_fc1748,,,,,
2026-09-12T18:56:06-05:00,PUR_IED_Atahualpa_Informa_dc9a95,PUR_IED_Atahualpa_Informa_dc9a95,,,,,
2026-09-12T18:56:06-05:00,PUR_IED_Atahualpa_S1101_f98056,PUR_IED_Atahualpa_S1101_f98056,,,,,
2026-09-12T18:56:06-05:00,PUR_IED_Bellavista_Ext_f5aa74,PUR_IED_Bellavista_Ext_f5aa74,,,,,
2026-09-12T18:56:06-05:00,PUR_IED_Bilbao_11A_916c41,PUR_IED_Bilbao_11A_916c41,,,,,
2026-09-12T18:56:06-05:00,PUR_IED_Bilbao_Ext_fb579a,PUR_IED_Bilbao_Ext_fb579a,,,,,
2026-09-12T18:56:06-05:00,PUR_IED_BrasiliaU_A125_304280,PUR_IED_BrasiliaU_A125_304280,,,,,
2026-09-12T18:56:06-05:00,PUR_IED_BrasiliaU_A203_7c8ca5,PUR_IED_BrasiliaU_A203_7c8ca5,,,,,
2026-09-12T18:56:06-05:00,PUR_IED_BrasiliaU_Ext_8d6e9f,PUR_IED_BrasiliaU_Ext_8d6e9f,6,18,62,4.5175,-74.116302
2026-09-12T18:56:06-05:00,PUR_IED_Brasilia_Ext_fe6593,PUR_IED_Brasilia_Ext_fe6593,,,,,
2026-09-12T18:56:06-05:00,PUR_IED_Brasilia_S24_7c130d,PUR_IED_Brasilia_S24_7c130d,,,,,
2026-09-12T18:56:06-05:00,PUR_IED_Brasilia_S501_186a54,PUR_IED_Brasilia_S501_186a54,,,,,
2026-09-12T18:56:06-05:00,PUR_IED_CHARRY_EXT_f1d5cd,PUR_IED_CHARRY_EXT_f1d5cd,,,,,
2026-09-12T18:56:06-05:00,PUR_IED_CHARRY_INTDANZAS_7a08e6,PUR_IED_CHARRY_INTDANZAS_7a08e6,,,,,
2026-09-12T18:56:06-05:00,PUR_IED_CHARRY_INT_AULA20_dc998d,PUR_IED_CHARRY_INT_AULA20_dc998d,,,,,
2026-09-12T18:56:06-05:00,PUR_IED_COLVIV_1101_S25_7f520a,PUR_IED_COLVIV_1101_S25_7f520a,,,,,
2026-09-12T18:56:06-05:00,PUR_IED_COLVIV_1102_S16_f570ba,PUR_IED_COLVIV_1102_S16_f570ba,,,,,
2026-09-12T18:56:06-05:00,PUR_IED_COLVIV_Ext_1a26fa,PUR_IED_COLVIV_Ext_1a26fa,,,,,
2026-09-12T18:56:06-05:00,PUR_IED_CULPOP_301A_f660f3,PUR_IED_CULPOP_301A_f660f3,,,,,
2026-09-12T18:56:06-05:00,PUR_IED_CULPOP_303_568afe,PUR_IED_CULPOP_303_568afe,,,,,
2026-09-12T18:56:06-05:00,PUR_IED_CULPOP_Ext_e02ccb,PUR_IED_CULPOP_Ext_e02ccb,,,,,
2026-09-12T18:56:06-05:00,PUR_IED_CVillavicen_Ext_26eb58,PUR_IED_CVillavicen_Ext_26eb58,10,16,76,4.487,-74.102798
2026-09-12T18:56:06-05:00,PUR_IED_CVillavicen_Intel_1ce5c2,PUR_IED_CVillavicen_Intel_1ce5c2,,,,,
2026-09-12T18:56:06-05:00,PUR_IED_CVillavicen_Poliv_e0766c,PUR_IED_CVillavicen_Poliv_e0766c,,,,,
2026-09-12T18:56:06-05:00,PUR_IED_CVillavicen_int_1ba140,PUR_IED_CVillavicen_int_1ba140,,,,,
2026-09-12T18:56:06-05:00,PUR_IED_CVillavicen_intel_1ba140,PUR_IED_CVillavicen_intel_1ba140,,,,,
2026-09-12T18:56:06-05:00,PUR_IED_CarlosPizarro_Ext_e307cc,PUR_IED_CarlosPizarro_Ext_e307cc,,,,,
2026-09-12T18:56:06-05:00,PUR_IED_CarlosPizarro_L36_7e5cdb,PUR_IED_CarlosPizarro_L36_7e5cdb,,,,,
2026-09-12T18:56:06-05:00,PUR_IED_CarlosPizarro_L37_c8566c,PUR_IED_CarlosPizarro_L37_c8566c,,,,,
2026-09-12T18:56:06-05:00,PUR_IED_Castilla_Ext_cf35f,PUR_IED_Castilla_Ext_cf35f,,,,,
2026-09-12T18:56:06-05:00,PUR_IED_Castilla_SFisik_360e38,PUR_IED_Castilla_SFisik_360e38,,,,,
2026-09-12T18:56:06-05:00,PUR_IED_Castilla_Sc304_496fbf,PUR_IED_Castilla_Sc304_496fbf,,,,,
2026-09-12T18:56:06-05:00,PUR_IED_CervantesSa_Ext_6b57b,PUR_IED_CervantesSa_Ext_6b57b,4,19,66,4.5128,-74.117203
2026-09-12T18:56:06-05:00,PUR_IED_CervantesSa_S107_225c2b,PUR_IED_CervantesSa_S107_225c2b,,,,,
2026-09-12T18:56:06-05:00,PUR_IED_CervantesSa_S108_940925,PUR_IED_CervantesSa_S108_940925,,,,,
2026-09-12T18:56:06-05:00,PUR_IED_Charry_A20_f53e7c,PUR_IED_Charry_A20_f53e7c,,,,,
2026-09-12T18:56:06-05:00,PUR_IED_Charry_Ext_f1d5cd,PUR_IED_Charry_Ext_f1d5cd,,,,,
2026-09-12T18:56:06-05:00,PUR_IED_Charry_IntAula20_dc998d,PUR_IED_Charry_IntAula20_dc998d,,,,,
2026-09-12T18:56:06-05:00,PUR_IED_Charry_IntDanzas_7a08e6,PUR_IED_Charry_IntDanzas_7a08e6,,,,,
2026-09-12T18:56:06-05:00,PUR_IED_ClememciaC_203_43e2fc,PUR_IED_ClememciaC_203_43e2fc,,,,,
2026-09-12T18:56:06-05:00,PUR_IED_ClememciaC_Ext_1b411a,PUR_IED_ClememciaC_Ext_1b411a,,,,,
2026-09-12T18:56:06-05:00,PUR_IED_ClememciaC_Quimic_44b5fc,PUR_IED_ClememciaC_Quimic_44b5fc,,,,,
2026-09-12T18:56:06-05:00,PUR_IED_ClemenciaC_203_43e2fc,PUR_IED_ClemenciaC_203_43e2fc,,,,,
2026-09-12T18:56:06-05:00,PUR_IED_ClemenciaC_Ext_1b411a,PUR_IED_ClemenciaC_Ext_1b411a,,,,,
2026-09-12T18:56:06-05:00,PUR_IED_ClemenciaC_Quimic_44b5fc,PUR_IED_ClemenciaC_Quimic_44b5fc,,,,,
2026-09-12T18:56:06-05:00,PUR_IED_ColViva_1101_S25_7f520a,PUR_IED_ColViva_1101_S25_7f520a,,,,,
2026-09-12T18:56:06-05:00,PUR_IED_ColViva_1102_S16_f570ba,PUR_IED_ColViva_1102_S16_f570ba,,,,,
2026-09-12T18:56:06-05:00,PUR_IED_ColViva_Ext_1a26fa,PUR_IED_ColViva_Ext_1a26fa,,,,,
2026-09-12T18:56:06-05:00,PUR_IED_ColegioBici_Asist_7c8798,PUR_IED_ColegioBici_Asist_7c8798,,,,,
2026-09-12T18:56:06-05:00,PUR_IED_ColegioBici_Ext_25cbf6,PUR_IED_ColegioBici_Ext_25cbf6,,,,,
2026-09-12T18:56:06-05:00,PUR_IED_ColegioBici_LabQ_7b57db,PUR_IED_ColegioBici_LabQ_7b57db,,,,,
2026-09-12T18:56:06-05:00,PUR_IED_CostaRica_Ext_5e640,PUR_IED_CostaRica_Ext_5e640,,,,,
2026-09-12T18:56:06-05:00,PUR_IED_CostaRica_Quim1_766d1c,PUR_IED_CostaRica_Quim1_766d1c,,,,,
2026-09-12T18:56:06-05:00,PUR_IED_CostaRica__Fisica_6f0873,PUR_IED_CostaRica__Fisica_6f0873,,,,,
2026-09-12T18:56:06-05:00,PUR_IED_CulPopu_301A_f660f3,PUR_IED_CulPopu_301A_f660f3,,,,,
2026-09-12T18:56:06-05:00,PUR_IED_CulPopu_303_568afe,PUR_IED_CulPopu_303_568afe,,,,,
2026-09-12T18:56:06-05:00,PUR_IED_CulPopu_Ext_e02ccb,PUR_IED_CulPopu_Ext_e02ccb,,,,,
2026-09-12T18:56:06-05:00,PUR_IED_Cundinamarca_Ext_f15985,PUR_IED_Cundinamarca_Ext_f15985,,,,,
2026-09-12T18:56:06-05:00,PUR_IED_Cundinamarca_Info_7aa5d7,PUR_IED_Cundinamarca_Info_7aa5d7,,,,,
2026-09-12T18:56:06-05:00,PUR_IED_Cundinamarca_Tec2_f449c7,PUR_IED_Cundinamarca_Tec2_f449c7,,,,,
2026-09-12T18:56:06-05:00,PUR_IED_DiegoM_Aula1_27b314,PUR_IED_DiegoM_Aula1_27b314,,,,,
2026-09-12T18:56:06-05:00,PUR_IED_DiegoM_Ext_d80ac8,PUR_IED_DiegoM_Ext_d80ac8,,,,,
2026-09-12T18:56:06-05:00,PUR_IED_DiegoM_S25_da928f,PUR_IED_DiegoM_S25_da928f,,,,,
2026-09-12T18:56:06-05:00,PUR_IED_ELRODEO_360881,PUR_IED_ELRODEO_360881,,,,,
2026-09-12T18:56:06-05:00,PUR_IED_ELRODEO_ext_360881,PUR_IED_ELRODEO_ext_360881,,,,,
2026-09-12T18:56:06-05:00,PUR_IED_EduardoU_Ext_1c1969,PUR_IED_EduardoU_Ext_1c1969,,,,,
2026-09-12T18:56:06-05:00,PUR_IED_EduardoU_SCiencia_4dfb94,PUR_IED_EduardoU_SCiencia_4dfb94,,,,,
2026-09-12T18:56:06-05:00,PUR_IED_EduardoU_SQuimica_5a46e7,PUR_IED_EduardoU_SQuimica_5a46e7,,,,,
2026-09-12T18:56:06-05:00,PUR_IED_ElRodeo_Aula14_676984,PUR_IED_ElRodeo_Aula14_676984,,,,,
2026-09-12T18:56:06-05:00,PUR_IED_ElRodeo_Aula16_2dd35b,PUR_IED_ElRodeo_Aula16_2dd35b,,,,,
2026-09-12T18:56:06-05:00,PUR_IED_ElRodeo_Ext_360881,PUR_IED_ElRodeo_Ext_360881,,,,,
2026-09-12T18:56:06-05:00,PUR_IED_ElRodeo_Exterior_8c6d28,PUR_IED_ElRodeo_Exterior_8c6d28,,,,,
2026-09-12T18:56:06-05:00,PUR_IED_ElRodeo_ext_360881,PUR_IED_ElRodeo_ext_360881,,,,,
2026-09-12T18:56:06-05:00,PUR_IED_EmmaReyes_Ext_987625,PUR_IED_EmmaReyes_Ext_987625,2,21,51,4.6367,-74.1511
2026-09-12T18:56:06-05:00,PUR_IED_Ensueño_Ext_7f0250,PUR_IED_Ensueño_Ext_7f0250,,,,,
2026-09-12T18:56:06-05:00,PUR_IED_EscNormal_Ext_5fef3b,PUR_IED_EscNormal_Ext_5fef3b,2,19,59,4.5852,-74.096901
2026-09-12T18:56:06-05:00,PUR_IED_EscNormal_S309_5b263,PUR_IED_EscNormal_S309_5b263,,,,,
2026-09-12T18:56:06-05:00,PUR_IED_EscNormal_S310_27b3b8,PUR_IED_EscNormal_S310_27b3b8,,,,,
2026-09-12T18:56:06-05:00,PUR_IED_Evangelista_Conta_f6cd4f,PUR_IED_Evangelista_Conta_f6cd4f,,,,,
2026-09-12T18:56:06-05:00,PUR_IED_Evangelista_Cri_5e16a,PUR_IED_Evangelista_Cri_5e16a,,,,,
2026-09-12T18:56:06-05:00,PUR_IED_Evangelista_Exter_754066,PUR_IED_Evangelista_Exter_754066,,,,,
2026-09-12T18:56:06-05:00,PUR_IED_FMiranda_S209_5cc2a3,PUR_IED_FMiranda_S209_5cc2a3,,,,,
2026-09-12T18:56:06-05:00,PUR_IED_FMiranda_S303_19e344,PUR_IED_FMiranda_S303_19e344,,,,,
2026-09-12T18:56:06-05:00,PUR_IED_FMiranda_ext_f53e7c,PUR_IED_FMiranda_ext_f53e7c,,,,,
2026-09-12T18:56:06-05:00,PUR_IED_FabioLozano_Bibli_1cee05,PUR_IED_FabioLozano_Bibli_1cee05,,,,,
2026-09-12T18:56:06-05:00,PUR_IED_FabioLozano_Ext_6ea285,PUR_IED_FabioLozano_Ext_6ea285,,,,,
2026-09-12T18:56:06-05:00,PUR_IED_FabioLozano_SLudi_f09e1e,PUR_IED_FabioLozano_SLudi_f09e1e,,,,,
2026-09-12T18:56:06-05:00,PUR_IED_FaustinoS_Aula07_27a731,PUR_IED_FaustinoS_Aula07_27a731,,,,,
2026-09-12T18:56:06-05:00,PUR_IED_FaustinoS_Ext_7b936f,PUR_IED_FaustinoS_Ext_7b936f,,,,,
2026-09-12T18:56:06-05:00,PUR_IED_FaustinoS_Fisica_da2c60,PUR_IED_FaustinoS_Fisica_da2c60,,,,,
2026-09-12T18:56:06-05:00,PUR_IED_FeGarciaLo_Ext_dc68ee,PUR_IED_FeGarciaLo_Ext_dc68ee,,,,,
2026-09-12T18:56:06-05:00,PUR_IED_FeGarciaLo_SDanza_f70a59,PUR_IED_FeGarciaLo_SDanza_f70a59,,,,,
2026-09-12T18:56:06-05:00,PUR_IED_FeGarciaLo_SMusic_125cdd,PUR_IED_FeGarciaLo_SMusic_125cdd,,,,,
2026-09-12T18:56:06-05:00,PUR_IED_FederalAlema_Exte_50c345,PUR_IED_FederalAlema_Exte_50c345,,,,,
2026-09-12T18:56:06-05:00,PUR_IED_FederalAlema_S31_f18371,PUR_IED_FederalAlema_S31_f18371,,,,,
2026-09-12T18:56:06-05:00,PUR_IED_FederalAlema_S901_a62cd,PUR_IED_FederalAlema_S901_a62cd,,,,,
2026-09-12T18:56:06-05:00,PUR_IED_FilarmonicaS_A5_f35eb1,PUR_IED_FilarmonicaS_A5_f35eb1,,,,,
2026-09-12T18:56:06-05:00,PUR_IED_FilarmonicaS_Ext_8a3bde,PUR_IED_FilarmonicaS_Ext_8a3bde,,,,,
2026-09-12T18:56:06-05:00,PUR_IED_FilarmonicaS_Spol_406114,PUR_IED_FilarmonicaS_Spol_406114,,,,,
2026-09-12T18:56:06-05:00,PUR_IED_FlorentinoG_A13_d1fa59,PUR_IED_FlorentinoG_A13_d1fa59,,,,,
2026-09-12T18:56:06-05:00,PUR_IED_FlorentinoG_Ext_1ce6ce,PUR_IED_FlorentinoG_Ext_1ce6ce,,,,,
2026-09-12T18:56:06-05:00,PUR_IED_FlorentinoG_Idiom_a66aac,PUR_IED_FlorentinoG_Idiom_a66aac,,,,,
2026-09-12T18:56:06-05:00,PUR_IED_FranciscoMati_Ext_e3869d,PUR_IED_FranciscoMati_Ext_e3869d,,,,,
2026-09-12T18:56:06-05:00,PUR_IED_FranciscoMati_S13_f31c67,PUR_IED_FranciscoMati_S13_f31c67,,,,,
2026-09-12T18:56:06-05:00,PUR_IED_FranciscoMati_S14_97dead,PUR_IED_FranciscoMati_S14_97dead,,,,,
2026-09-12T18:56:06-05:00,PUR_IED_FranciscoPS_Ext_7bfa9a,PUR_IED_FranciscoPS_Ext_7bfa9a,2,21,57,4.5899,-74.110397
2026-09-12T18:56:06-05:00,PUR_IED_FranciscoPS_Infor_fb8f4c,PUR_IED_FranciscoPS_Infor_fb8f4c,,,,,
2026-09-12T18:56:06-05:00,PUR_IED_FranciscoPS_Quimi_94d39c,PUR_IED_FranciscoPS_Quimi_94d39c,,,,,
2026-09-12T18:56:06-05:00,PUR_IED_FranciscoP_LabQ_d7e148,PUR_IED_FranciscoP_LabQ_d7e148,,,,,
2026-09-12T18:56:06-05:00,PUR_IED_FranciscoP_S28_cf9b30,PUR_IED_FranciscoP_S28_cf9b30,,,,,
2026-09-12T18:56:06-05:00,PUR_IED_FranciscoP_ext_e2313,PUR_IED_FranciscoP_ext_e2313,,,,,
2026-09-12T18:56:06-05:00,PUR_IED_FriederichN_Ext_8ac92a,PUR_IED_FriederichN_Ext_8ac92a,,,,,
2026-09-12T18:56:06-05:00,PUR_IED_FriederichN_S301_dd7e5a,PUR_IED_FriederichN_S301_dd7e5a,,,,,
2026-09-12T18:56:06-05:00,PUR_IED_FriederichN_S308_761f4f,PUR_IED_FriederichN_S308_761f4f,,,,,
2026-09-12T18:56:06-05:00,PUR_IED_GSantander_Aula10_533dd7,PUR_IED_GSantander_Aula10_533dd7,,,,,
2026-09-12T18:56:06-05:00,PUR_IED_GSantander_Aula12_fd4e4f,PUR_IED_GSantander_Aula12_fd4e4f,,,,,
2026-09-12T18:56:06-05:00,PUR_IED_GSantander_Aula310_533dd7,PUR_IED_GSantander_Aula310_533dd7,,,,,
2026-09-12T18:56:06-05:00,PUR_IED_GSantander_Aula312_fd4e4f,PUR_IED_GSantander_Aula312_fd4e4f,,,,,
2026-09-12T18:56:06-05:00,PUR_IED_GSantander_Ext_5f66b0,PUR_IED_GSantander_Ext_5f66b0,,,,,
2026-09-12T18:56:06-05:00,PUR_IED_GYomasa_Ext_f6bea5,PUR_IED_GYomasa_Ext_f6bea5,,,,,
2026-09-12T18:56:06-05:00,PUR_IED_GYomasa_LBiol_2c41aa,PUR_IED_GYomasa_LBiol_2c41aa,,,,,
2026-09-12T18:56:06-05:00,PUR_IED_GYomasa_LQuim_33c80,PUR_IED_GYomasa_LQuim_33c80,,,,,
2026-09-12T18:56:06-05:00,PUR_IED_GabBetMejia_Cienc_5a99c,PUR_IED_GabBetMejia_Cienc_5a99c,,,,,
2026-09-12T18:56:06-05:00,PUR_IED_GabBetMejia_Ext_9153d0,PUR_IED_GabBetMejia_Ext_9153d0,,,,,
2026-09-12T18:56:06-05:00,PUR_IED_GabBetMejia_Lab_f55347,PUR_IED_GabBetMejia_Lab_f55347,,,,,
2026-09-12T18:56:06-05:00,PUR_IED_GabBetanMejia_Ext_9153d0,PUR_IED_GabBetanMejia_Ext_9153d0,,,,,
2026-09-12T18:56:06-05:00,PUR_IED_Gaitana_Aula13_7aac11,PUR_IED_Gaitana_Aula13_7aac11,,,,,
2026-09-12T18:56:06-05:00,PUR_IED_Gaitana_Ext_5fcf4,PUR_IED_Gaitana_Ext_5fcf4,,,,,
2026-09-12T18:56:06-05:00,PUR_IED_Gaitana_LabFisica_644448,PUR_IED_Gaitana_LabFisica_644448,,,,,
2026-09-12T18:56:06-05:00,PUR_IED_GenSantander_Dise_8ac858,PUR_IED_GenSantander_Dise_8ac858,,,,,
2026-09-12T18:56:06-05:00,PUR_IED_GenSantander_Ext_8d5dfe,PUR_IED_GenSantander_Ext_8d5dfe,,,,,
2026-09-12T18:56:06-05:00,PUR_IED_GenSantander_Info_6c25b,PUR_IED_GenSantander_Info_6c25b,,,,,
2026-09-12T18:56:06-05:00,PUR_IED_GustavoMo_Exterio_75e63d,PUR_IED_GustavoMo_Exterio_75e63d,,,,,
2026-09-12T18:56:06-05:00,PUR_IED_GustavoMo_LabFisi_224d37,PUR_IED_GustavoMo_LabFisi_224d37,,,,,
2026-09-12T18:56:06-05:00,PUR_IED_GustavoMo_S208_3e6918,PUR_IED_GustavoMo_S208_3e6918,,,,,
2026-09-12T18:56:06-05:00,PUR_IED_GustavoR_A02_8cd4a8,PUR_IED_GustavoR_A02_8cd4a8,,,,,
2026-09-12T18:56:06-05:00,PUR_IED_GustavoR_B11_5b0ed,PUR_IED_GustavoR_B11_5b0ed,,,,,
2026-09-12T18:56:06-05:00,PUR_IED_GustavoR_Ext_7a0c90,PUR_IED_GustavoR_Ext_7a0c90,,,,,
2026-09-12T18:56:06-05:00,PUR_IED_HernandoDuran_Ext_8cd82b,PUR_IED_HernandoDuran_Ext_8cd82b,,,,,
2026-09-12T18:56:06-05:00,PUR_IED_HernandoDuran_S24_2772c6,PUR_IED_HernandoDuran_S24_2772c6,,,,,
2026-09-12T18:56:06-05:00,PUR_IED_HernandoDuran_S30_f2de41,PUR_IED_HernandoDuran_S30_f2de41,,,,,
2026-09-12T18:56:06-05:00,PUR_IED_HolguInUr_S1101_8cd732,PUR_IED_HolguInUr_S1101_8cd732,,,,,
2026-09-12T18:56:06-05:00,PUR_IED_HolguinUr_Exter_ddae6d,PUR_IED_HolguinUr_Exter_ddae6d,,,,,
2026-09-12T18:56:06-05:00,PUR_IED_HolguinUr_LabQuim_92b952,PUR_IED_HolguinUr_LabQuim_92b952,,,,,
2026-09-12T18:56:06-05:00,PUR_IED_Isabel-II_Ext_5245cc,PUR_IED_Isabel-II_Ext_5245cc,4,19,58,4.6336,-74.153
2026-09-12T18:56:06-05:00,PUR_IED_Isabel-II_S_idiom_1c29aa,PUR_IED_Isabel-II_S_idiom_1c29aa,,,,,
2026-09-12T18:56:06-05:00,PUR_IED_Isabel-II_S_infor_fd741,PUR_IED_Isabel-II_S_infor_fd741,,,,,
2026-09-12T18:56:06-05:00,PUR_IED_IsidroSur_Exterio_5b90ea,PUR_IED_IsidroSur_Exterio_5b90ea,,,,,
2026-09-12T18:56:06-05:00,PUR_IED_IsidroSur_LabTec_56697a,PUR_IED_IsidroSur_LabTec_56697a,,,,,
2026-09-12T18:56:06-05:00,PUR_IED_IsidroSur_Robotic_b7c38f,PUR_IED_IsidroSur_Robotic_b7c38f,,,,,
2026-09-12T18:56:06-05:00,PUR_IED_IsmaelPerd_Ext_7b6672,PUR_IED_IsmaelPerd_Ext_7b6672,,,,,
2026-09-12T18:56:06-05:00,PUR_IED_IsmaelPerd_Inform_306540,PUR_IED_IsmaelPerd_Inform_306540,,,,,
2026-09-12T18:56:06-05:00,PUR_IED_IsmaelPerd_S30_2e2c83,PUR_IED_IsmaelPerd_S30_2e2c83,,,,,
2026-09-12T18:56:06-05:00,PUR_IED_JLozano_Exter_432910,PUR_IED_JLozano_Exter_432910,,,,,
2026-09-12T18:56:06-05:00,PUR_IED_JLozano_salaMulti_df5125,PUR_IED_JLozano_salaMulti_df5125,,,,,
2026-09-12T18:56:06-05:00,PUR_IED_JMCordoba_206_86f80b,PUR_IED_JMCordoba_206_86f80b,,,,,
2026-09-12T18:56:06-05:00,PUR_IED_JMCordoba_Ext_27ad97,PUR_IED_JMCordoba_Ext_27ad97,,,,,
2026-09-12T18:56:06-05:00,PUR_IED_JMCordoba_S310_d59ab4,PUR_IED_JMCordoba_S310_d59ab4,,,,,
2026-09-12T18:56:06-05:00,PUR_IED_Japon_Ext_549100,PUR_IED_Japon_Ext_549100,,,,,
2026-09-12T18:56:06-05:00,PUR_IED_Japon_Laboratorio_bec51d,PUR_IED_Japon_Laboratorio_bec51d,,,,,
2026-09-12T18:56:06-05:00,PUR_IED_Japon_informatica_d99327,PUR_IED_Japon_informatica_d99327,,,,,
2026-09-12T18:56:06-05:00,PUR_IED_Jazmin_Ext_d27bda,PUR_IED_Jazmin_Ext_d27bda,,,,,
2026-09-12T18:56:06-05:00,PUR_IED_Jazmin_Fisica_8d14d7,PUR_IED_Jazmin_Fisica_8d14d7,,,,,
2026-09-12T18:56:06-05:00,PUR_IED_Jazmin_Quimica_801cb5,PUR_IED_Jazmin_Quimica_801cb5,,,,,
2026-09-12T18:56:06-05:00,PUR_IED_JorgeGaitan_Exter_f098d1,PUR_IED_JorgeGaitan_Exter_f098d1,,,,,
2026-09-12T18:56:06-05:00,PUR_IED_JorgeGaitan_STec1_dc9d1d,PUR_IED_JorgeGaitan_STec1_dc9d1d,,,,,
2026-09-12T18:56:06-05:00,PUR_IED_JorgeGaitan_STec2_281e69,PUR_IED_JorgeGaitan_STec2_281e69,,,,,
2026-09-12T18:56:06-05:00,PUR_IED_JorgeSoto_Exterio_d9d0a2,PUR_IED_JorgeSoto_Exterio_d9d0a2,,,,,
2026-09-12T18:56:06-05:00,PUR_IED_JorgeSoto_LabFisi_209c54,PUR_IED_JorgeSoto_LabFisi_209c54,,,,,
2026-09-12T18:56:06-05:00,PUR_IED_JorgeSoto_S103_27b51a,PUR_IED_JorgeSoto_S103_27b51a,,,,,
2026-09-12T18:56:06-05:00,PUR_IED_JoseAcevedo_A02_e965eb,PUR_IED_JoseAcevedo_A02_e965eb,,,,,
2026-09-12T18:56:06-05:00,PUR_IED_JoseAcevedo_A07_dd5b4,PUR_IED_JoseAcevedo_A07_dd5b4,,,,,
2026-09-12T18:56:06-05:00,PUR_IED_JoseAcevedo_Ext_b47484,PUR_IED_JoseAcevedo_Ext_b47484,,,,,
2026-09-12T18:56:06-05:00,PUR_IED_JoseMarti_Exte_5b9bf,PUR_IED_JoseMarti_Exte_5b9bf,,,,,
2026-09-12T18:56:06-05:00,PUR_IED_JoseMarti_LabQuim_1c6c2d,PUR_IED_JoseMarti_LabQuim_1c6c2d,,,,,
2026-09-12T18:56:06-05:00,PUR_IED_JoseMarti_S_info_f5f177,PUR_IED_JoseMarti_S_info_f5f177,,,,,
2026-09-12T18:56:06-05:00,PUR_IED_Josejoaquin_Ext_dfc5dc,PUR_IED_Josejoaquin_Ext_dfc5dc,,,,,
2026-09-12T18:56:06-05:00,PUR_IED_Josejoaquin_S05_5b2a96,PUR_IED_Josejoaquin_S05_5b2a96,,,,,
2026-09-12T18:56:06-05:00,PUR_IED_Josejoaquin_S06_1ce7d2,PUR_IED_Josejoaquin_S06_1ce7d2,,,,,
2026-09-12T18:56:06-05:00,PUR_IED_JulioFlorez_Danza_9b82dd,PUR_IED_JulioFlorez_Danza_9b82dd,,,,,
2026-09-12T18:56:06-05:00,PUR_IED_JulioFlorez_Exter_f9f314,PUR_IED_JulioFlorez_Exter_f9f314,,,,,
2026-09-12T18:56:06-05:00,PUR_IED_JulioFlorez_info2_6b6e08,PUR_IED_JulioFlorez_info2_6b6e08,,,,,
2026-09-12T18:56:06-05:00,PUR_IED_LaBelleza_Aula13_1d00d8,PUR_IED_LaBelleza_Aula13_1d00d8,,,,,
2026-09-12T18:56:06-05:00,PUR_IED_LaBelleza_Ext_7bc08c,PUR_IED_LaBelleza_Ext_7bc08c,,,,,
2026-09-12T18:56:06-05:00,PUR_IED_LaChucua_Ext_8cd6d2,PUR_IED_LaChucua_Ext_8cd6d2,,,,,
2026-09-12T18:56:06-05:00,PUR_IED_LaChucua_S15_f578ce,PUR_IED_LaChucua_S15_f578ce,,,,,
2026-09-12T18:56:06-05:00,PUR_IED_LaChucua_S16_eebcf9,PUR_IED_LaChucua_S16_eebcf9,,,,,
2026-09-12T18:56:06-05:00,PUR_IED_LaFelicidad_Ext_fb5109,PUR_IED_LaFelicidad_Ext_fb5109,,,,,
2026-09-12T18:56:06-05:00,PUR_IED_LaMerced_206_66ebd,PUR_IED_LaMerced_206_66ebd,,,,,
2026-09-12T18:56:06-05:00,PUR_IED_LaMerced_207_6ebd6,PUR_IED_LaMerced_207_6ebd6,,,,,
2026-09-12T18:56:06-05:00,PUR_IED_LaMerced_ext_304311,PUR_IED_LaMerced_ext_304311,,,,,
2026-09-12T18:56:06-05:00,PUR_IED_Laureano_CiencNat_281e5e,PUR_IED_Laureano_CiencNat_281e5e,,,,,
2026-09-12T18:56:06-05:00,PUR_IED_Laureano_Comedor_f65c0a,PUR_IED_Laureano_Comedor_f65c0a,,,,,
2026-09-12T18:56:06-05:00,PUR_IED_Laureano_Exterior_7ab011,PUR_IED_Laureano_Exterior_7ab011,,,,,
2026-09-12T18:56:06-05:00,PUR_IED_LeonGreiff_Exte_dfe560,PUR_IED_LeonGreiff_Exte_dfe560,,,,,
2026-09-12T18:56:06-05:00,PUR_IED_LeonGreiff_S210_f264ed,PUR_IED_LeonGreiff_S210_f264ed,,,,,
2026-09-12T18:56:06-05:00,PUR_IED_LeonGreiff_SQuimi_e8296f,PUR_IED_LeonGreiff_SQuimi_e8296f,,,,,
2026-09-12T18:56:06-05:00,PUR_IED_LlanoOrientalS208_7b9fcd,PUR_IED_LlanoOrientalS208_7b9fcd,,,,,
2026-09-12T18:56:06-05:00,PUR_IED_LlanoOriental_Ext_fb3766,PUR_IED_LlanoOriental_Ext_fb3766,,,,,
2026-09-12T18:56:06-05:00,PUR_IED_LlanoOriental_S208_7b9fcd,PUR_IED_LlanoOriental_S208_7b9fcd,,,,,
2026-09-12T18:56:06-05:00,PUR_IED_LlanoOriental_S9_27b378,PUR_IED_LlanoOriental_S9_27b378,,,,,
2026-09-12T18:56:06-05:00,PUR_IED_LosTejares_1101_477602,PUR_IED_LosTejares_1101_477602,,,,,
2026-09-12T18:56:06-05:00,PUR_IED_LosTejares_11_d2c595,PUR_IED_LosTejares_11_d2c595,,,,,
2026-09-12T18:56:06-05:00,PUR_IED_LosTejares_12_477602,PUR_IED_LosTejares_12_477602,,,,,
2026-09-12T18:56:06-05:00,PUR_IED_LosTejares_Ext_8e2115,PUR_IED_LosTejares_Ext_8e2115,,,,,
2026-09-12T18:56:06-05:00,PUR_IED_MagdalenaO_B202_5ddda3,PUR_IED_MagdalenaO_B202_5ddda3,,,,,
2026-09-12T18:56:06-05:00,PUR_IED_MagdalenaO_B205_fb76e8,PUR_IED_MagdalenaO_B205_fb76e8,,,,,
2026-09-12T18:56:06-05:00,PUR_IED_MagdalenaO_ext_dc69cd,PUR_IED_MagdalenaO_ext_dc69cd,,,,,
2026-09-12T18:56:06-05:00,PUR_IED_ManueCepeda_artes_eee956,PUR_IED_ManueCepeda_artes_eee956,,,,,
2026-09-12T18:56:06-05:00,PUR_IED_ManuelCepeda_Ext_58313,PUR_IED_ManuelCepeda_Ext_58313,,,,,
2026-09-12T18:56:06-05:00,PUR_IED_ManuelCepeda_tec_1c5731,PUR_IED_ManuelCepeda_tec_1c5731,,,,,
2026-09-12T18:56:06-05:00,PUR_IED_ManuelS_Exterior_5b269,PUR_IED_ManuelS_Exterior_5b269,,,,,
2026-09-12T18:56:06-05:00,PUR_IED_ManuelS_Inform_f369ce,PUR_IED_ManuelS_Inform_f369ce,,,,,
2026-09-12T18:56:06-05:00,PUR_IED_ManuelS_SArtes_7d15f1,PUR_IED_ManuelS_SArtes_7d15f1,,,,,
2026-09-12T18:56:06-05:00,PUR_IED_ManuelZapata_303_3ca6,PUR_IED_ManuelZapata_303_3ca6,,,,,
2026-09-12T18:56:06-05:00,PUR_IED_ManuelZapata_311_bfbabc,PUR_IED_ManuelZapata_311_bfbabc,,,,,
2026-09-12T18:56:06-05:00,PUR_IED_ManuelZapata_Ext_50824a,PUR_IED_ManuelZapata_Ext_50824a,,,,,
2026-09-12T18:56:06-05:00,PUR_IED_ManuelitaS_Exteri_656a92,PUR_IED_ManuelitaS_Exteri_656a92,,,,,
2026-09-12T18:56:06-05:00,PUR_IED_ManuelitaS_JuzgDe_f58ec3,PUR_IED_ManuelitaS_JuzgDe_f58ec3,,,,,
2026-09-12T18:56:06-05:00,PUR_IED_ManuelitaS_Recrea_d793db,PUR_IED_ManuelitaS_Recrea_d793db,,,,,
2026-09-12T18:56:06-05:00,PUR_IED_MarFidSuarez_Ext_c27b19,PUR_IED_MarFidSuarez_Ext_c27b19,,,,,
2026-09-12T18:56:06-05:00,PUR_IED_MarFidSuarez_Info_e384d7,PUR_IED_MarFidSuarez_Info_e384d7,,,,,
2026-09-12T18:56:06-05:00,PUR_IED_MarFidSuarez_S306_1d0032,PUR_IED_MarFidSuarez_S306_1d0032,,,,,
2026-09-12T18:56:06-05:00,PUR_IED_Menorah_301_2a25a3,PUR_IED_Menorah_301_2a25a3,,,,,
2026-09-12T18:56:06-05:00,PUR_IED_Menorah_306_37ed3,PUR_IED_Menorah_306_37ed3,,,,,
2026-09-12T18:56:06-05:00,PUR_IED_Menorah_Ext_3e155b,PUR_IED_Menorah_Ext_3e155b,,,,,
2026-09-12T18:56:06-05:00,PUR_IED_MinutoB.Aires_A11_1b1604,PUR_IED_MinutoB.Aires_A11_1b1604,,,,,
2026-09-12T18:56:06-05:00,PUR_IED_MinutoB.Aires_A12_fb5860,PUR_IED_MinutoB.Aires_A12_fb5860,,,,,
2026-09-12T18:56:06-05:00,PUR_IED_MinutoB.Aires_Ext_81293f,PUR_IED_MinutoB.Aires_Ext_81293f,,,,,
2026-09-12T18:56:06-05:00,PUR_IED_MinutoBAires_A11_1b1604,PUR_IED_MinutoBAires_A11_1b1604,,,,,
2026-09-12T18:56:06-05:00,PUR_IED_MinutoBAires_A12_fb5860,PUR_IED_MinutoBAires_A12_fb5860,,,,,
2026-09-12T18:56:06-05:00,PUR_IED_MinutoBAires_Ext_81293f,PUR_IED_MinutoBAires_Ext_81293f,,,,,
2026-09-12T18:56:06-05:00,PUR_IED_Montreal_Aula10_1e4959,PUR_IED_Montreal_Aula10_1e4959,,,,,
2026-09-12T18:56:06-05:00,PUR_IED_Montreal_Aula6_300367,PUR_IED_Montreal_Aula6_300367,,,,,
2026-09-12T18:56:06-05:00,PUR_IED_Montreal_Exterior_91a179,PUR_IED_Montreal_Exterior_91a179,,,,,
2026-09-12T18:56:06-05:00,PUR_IED_Mqgdalena_B202_5ddda3,PUR_IED_Mqgdalena_B202_5ddda3,,,,,
2026-09-12T18:56:06-05:00,PUR_IED_NACUND_Soc_dc8728,PUR_IED_NACUND_Soc_dc8728,,,,,
2026-09-12T18:56:06-05:00,PUR_IED_NACUND_ext_27ad97,PUR_IED_NACUND_ext_27ad97,,,,,
2026-09-12T18:56:06-05:00,PUR_IED_NEsperanza_Ext_d24b61,PUR_IED_NEsperanza_Ext_d24b61,,,,,
2026-09-12T18:56:06-05:00,PUR_IED_NEsperanza_SElect_7d1807,PUR_IED_NEsperanza_SElect_7d1807,,,,,
2026-09-12T18:56:06-05:00,PUR_IED_NEsperanza_SLabor_8b2d0a,PUR_IED_NEsperanza_SLabor_8b2d0a,,,,,
2026-09-12T18:56:06-05:00,PUR_IED_NacionesU_Ext_f661a9,PUR_IED_NacionesU_Ext_f661a9,,,,,
2026-09-12T18:56:06-05:00,PUR_IED_NacionesU_Quimica_66f0a,PUR_IED_NacionesU_Quimica_66f0a,,,,,
2026-09-12T18:56:06-05:00,PUR_IED_NacionesU_S306_1b4b3d,PUR_IED_NacionesU_S306_1b4b3d,,,,,
2026-09-12T18:56:06-05:00,PUR_IED_NestorFA_Ext_e4201c,PUR_IED_NestorFA_Ext_e4201c,,,,,
2026-09-12T18:56:06-05:00,PUR_IED_NestorFA_Laborato_f22fe0,PUR_IED_NestorFA_Laborato_f22fe0,,,,,
2026-09-12T18:56:06-05:00,PUR_IED_NestorFA_S204_dee996,PUR_IED_NestorFA_S204_dee996,,,,,
2026-09-12T18:56:06-05:00,PUR_IED_NidyaQT_Aula03_76999b,PUR_IED_NidyaQT_Aula03_76999b,,,,,
2026-09-12T18:56:06-05:00,PUR_IED_NidyaQT_Aula10_56325,PUR_IED_NidyaQT_Aula10_56325,,,,,
2026-09-12T18:56:06-05:00,PUR_IED_NidyaQT_Ext_46e32d,PUR_IED_NidyaQT_Ext_46e32d,,,,,
2026-09-12T18:56:06-05:00,PUR_IED_NuevaCol_Exterior_d9b859,PUR_IED_NuevaCol_Exterior_d9b859,,,,,
2026-09-12T18:56:06-05:00,PUR_IED_NuevaCol_S1101_76c43b,PUR_IED_NuevaCol_S1101_76c43b,,,,,
2026-09-12T18:56:06-05:00,PUR_IED_NuevaCol_S1102_1ce0b5,PUR_IED_NuevaCol_S1102_1ce0b5,,,,,
2026-09-12T18:56:06-05:00,PUR_IED_OEA_A202_f7e3f2,PUR_IED_OEA_A202_f7e3f2,,,,,
2026-09-12T18:56:06-05:00,PUR_IED_OEA_A203_7d1b8d,PUR_IED_OEA_A203_7d1b8d,,,,,
2026-09-12T18:56:06-05:00,PUR_IED_OEA_Ext_27b593,PUR_IED_OEA_Ext_27b593,,,,,
2026-09-12T18:56:06-05:00,PUR_IED_Ochoa_Ext_1c29da,PUR_IED_Ochoa_Ext_1c29da,,,,,
2026-09-12T18:56:06-05:00,PUR_IED_Ochoa_S205_8b1121,PUR_IED_Ochoa_S205_8b1121,,,,,
2026-09-12T18:56:06-05:00,PUR_IED_Ochoa_Sistemas_f33af6,PUR_IED_Ochoa_Sistemas_f33af6,,,,,
2026-09-12T18:56:06-05:00,PUR_IED_PQuebec_Ext_1c67c7,PUR_IED_PQuebec_Ext_1c67c7,,,,,
2026-09-12T18:56:06-05:00,PUR_IED_PQuebec_S15_23e8e2,PUR_IED_PQuebec_S15_23e8e2,,,,,
2026-09-12T18:56:06-05:00,PUR_IED_PQuebec_S16_8ec76b,PUR_IED_PQuebec_S16_8ec76b,,,,,
2026-09-12T18:56:06-05:00,PUR_IED_PabloN_Ext_49dc96,PUR_IED_PabloN_Ext_49dc96,,,,,
2026-09-12T18:56:06-05:00,PUR_IED_PabloN_S1102_4e3df5,PUR_IED_PabloN_S1102_4e3df5,,,,,
2026-09-12T18:56:06-05:00,PUR_IED_PabloN_S1103_50c94b,PUR_IED_PabloN_S1103_50c94b,,,,,
2026-09-12T18:56:06-05:00,PUR_IED_Palestina_S1101_db9198,PUR_IED_Palestina_S1101_db9198,,,,,
2026-09-12T18:56:06-05:00,PUR_IED_Palestina_S1102_dc54fa,PUR_IED_Palestina_S1102_dc54fa,,,,,
2026-09-12T18:56:06-05:00,PUR_IED_Palestina_ext_4ccce6,PUR_IED_Palestina_ext_4ccce6,,,,,
2026-09-12T18:56:06-05:00,PUR_IED_Panama_Fisica_4d0794,PUR_IED_Panama_Fisica_4d0794,,,,,
2026-09-12T18:56:06-05:00,PUR_IED_Panama_SIngles_a4077e,PUR_IED_Panama_SIngles_a4077e,,,,,
2026-09-12T18:56:06-05:00,PUR_IED_Panama_ext_4c54b4,PUR_IED_Panama_ext_4c54b4,,,,,
2026-09-12T18:56:06-05:00,PUR_IED_ParaisoM_Exterior_8cd7f0,PUR_IED_ParaisoM_Exterior_8cd7f0,,,,,
2026-09-12T18:56:06-05:00,PUR_IED_ParaisoM_Laborato_27af35,PUR_IED_ParaisoM_Laborato_27af35,,,,,
2026-09-12T18:56:06-05:00,PUR_IED_ParaisoM_S304_d1edca,PUR_IED_ParaisoM_S304_d1edca,,,,,
2026-09-12T18:56:06-05:00,PUR_IED_PorfirioBarba_Ext_301466,PUR_IED_PorfirioBarba_Ext_301466,,,,,
2026-09-12T18:56:06-05:00,PUR_IED_PorfirioBarba_S11_df6cd2,PUR_IED_PorfirioBarba_S11_df6cd2,,,,,
2026-09-12T18:56:06-05:00,PUR_IED_PorfirioBarba_S29_27a7d6,PUR_IED_PorfirioBarba_S29_27a7d6,,,,,
2026-09-12T18:56:06-05:00,PUR_IED_PradoV_Exter_8b27ad,PUR_IED_PradoV_Exter_8b27ad,,,,,
2026-09-12T18:56:06-05:00,PUR_IED_PradoV_S301_de65b5,PUR_IED_PradoV_S301_de65b5,,,,,
2026-09-12T18:56:06-05:00,PUR_IED_PradoV_S302_7d2593,PUR_IED_PradoV_S302_7d2593,,,,,
2026-09-12T18:56:06-05:00,PUR_IED_QuirogaAlz_Ext_1ddc82,PUR_IED_QuirogaAlz_Ext_1ddc82,,,,,
2026-09-12T18:56:06-05:00,PUR_IED_QuirogaAlz_S302_9926a3,PUR_IED_QuirogaAlz_S302_9926a3,,,,,
2026-09-12T18:56:06-05:00,PUR_IED_QuirogaAlz_S305_cdf1f1,PUR_IED_QuirogaAlz_S305_cdf1f1,,,,,
2026-09-12T18:56:06-05:00,PUR_IED_RGuatemala_Biling_dc53b7,PUR_IED_RGuatemala_Biling_dc53b7,,,,,
2026-09-12T18:56:06-05:00,PUR_IED_RGuatemala_Ext_1b89a3,PUR_IED_RGuatemala_Ext_1b89a3,,,,,
2026-09-12T18:56:06-05:00,PUR_IED_RGuatemala_Tecnol_281a34,PUR_IED_RGuatemala_Tecnol_281a34,,,,,
2026-09-12T18:56:06-05:00,PUR_IED_RafaNu_Ext_f7c302,PUR_IED_RafaNu_Ext_f7c302,,,,,
2026-09-12T18:56:06-05:00,PUR_IED_RafaNu_S1101_25fde,PUR_IED_RafaNu_S1101_25fde,,,,,
2026-09-12T18:56:06-05:00,PUR_IED_RafaNu_S1102_281517,PUR_IED_RafaNu_S1102_281517,,,,,
2026-09-12T18:56:06-05:00,PUR_IED_RafaelB_S305_ee2783,PUR_IED_RafaelB_S305_ee2783,,,,,
2026-09-12T18:56:06-05:00,PUR_IED_RafaelB_S306_75fe33,PUR_IED_RafaelB_S306_75fe33,,,,,
2026-09-12T18:56:06-05:00,PUR_IED_RafaelB_ext_283336,PUR_IED_RafaelB_ext_283336,,,,,
2026-09-12T18:56:06-05:00,PUR_IED_RafaelUU_Exterior_281a51,PUR_IED_RafaelUU_Exterior_281a51,,,,,
2026-09-12T18:56:06-05:00,PUR_IED_RafaelUU_Human_806b2,PUR_IED_RafaelUU_Human_806b2,,,,,
2026-09-12T18:56:06-05:00,PUR_IED_RafaelUU_Mate2_5680d4,PUR_IED_RafaelUU_Mate2_5680d4,,,,,
2026-09-12T18:56:06-05:00,PUR_IED_RamonSub_Ext_f9eeb9,PUR_IED_RamonSub_Ext_f9eeb9,,,,,
2026-09-12T18:56:06-05:00,PUR_IED_RamonSub_Media_d1f62f,PUR_IED_RamonSub_Media_d1f62f,,,,,
2026-09-12T18:56:06-05:00,PUR_IED_RamonSub_planta_51b82,PUR_IED_RamonSub_planta_51b82,,,,,
2026-09-12T18:56:06-05:00,PUR_IED_RepBoliVene_Exter_27af7c,PUR_IED_RepBoliVene_Exter_27af7c,,,,,
2026-09-12T18:56:06-05:00,PUR_IED_RepBoliVene_SCPT_5ae2ee,PUR_IED_RepBoliVene_SCPT_5ae2ee,,,,,
2026-09-12T18:56:06-05:00,PUR_IED_RepBoliVene_Socia_4b11d5,PUR_IED_RepBoliVene_Socia_4b11d5,,,,,
2026-09-12T18:56:06-05:00,PUR_IED_RepChina_Ext_76d9ee,PUR_IED_RepChina_Ext_76d9ee,,,,,
2026-09-12T18:56:06-05:00,PUR_IED_RepChina_S404_7c804c,PUR_IED_RepChina_S404_7c804c,,,,,
2026-09-12T18:56:06-05:00,PUR_IED_RepChina_S405_df2c33,PUR_IED_RepChina_S405_df2c33,,,,,
2026-09-12T18:56:06-05:00,PUR_IED_RepublicaC_Exteri_7d1ec9,PUR_IED_RepublicaC_Exteri_7d1ec9,,,,,
2026-09-12T18:56:06-05:00,PUR_IED_RepublicaC_S1101_f544b3,PUR_IED_RepublicaC_S1101_f544b3,,,,,
2026-09-12T18:56:06-05:00,PUR_IED_RepublicaC_S1102_7aafc7,PUR_IED_RepublicaC_S1102_7aafc7,,,,,
2026-09-12T18:56:06-05:00,PUR_IED_Ricaurte_Externo_a0ea1,PUR_IED_Ricaurte_Externo_a0ea1,,,,,
2026-09-12T18:56:06-05:00,PUR_IED_Ricaurte_S210_f546fd,PUR_IED_Ricaurte_S210_f546fd,,,,,
2026-09-12T18:56:06-05:00,PUR_IED_Ricaurte_S309_d4452,PUR_IED_Ricaurte_S309_d4452,,,,,
2026-09-12T18:56:06-05:00,PUR_IED_RogelioS_1102_531e69,PUR_IED_RogelioS_1102_531e69,,,,,
2026-09-12T18:56:06-05:00,PUR_IED_RogelioS_Ext_f25a18,PUR_IED_RogelioS_Ext_f25a18,,,,,
2026-09-12T18:56:06-05:00,PUR_IED_SBernardino_Ext_27aff8,PUR_IED_SBernardino_Ext_27aff8,,,,,
2026-09-12T18:56:06-05:00,PUR_IED_SBernardino_SArte_2ffd33,PUR_IED_SBernardino_SArte_2ffd33,,,,,
2026-09-12T18:56:06-05:00,PUR_IED_SBernardino_SIngl_7c7da5,PUR_IED_SBernardino_SIngl_7c7da5,,,,,
2026-09-12T18:56:06-05:00,PUR_IED_Sago_auditorio_dc9d1d,PUR_IED_Sago_auditorio_dc9d1d,,,,,
2026-09-12T18:56:06-05:00,PUR_IED_Saludcoop_Ext_95aac3,PUR_IED_Saludcoop_Ext_95aac3,,,,,
2026-09-12T18:56:06-05:00,PUR_IED_Saludcoop_InfI_90c854,PUR_IED_Saludcoop_InfI_90c854,,,,,
2026-09-12T18:56:06-05:00,PUR_IED_Saludcoop_SMedia_1b93be,PUR_IED_Saludcoop_SMedia_1b93be,,,,,
2026-09-12T18:56:06-05:00,PUR_IED_SanCarlos_1101_1a2360,PUR_IED_SanCarlos_1101_1a2360,,,,,
2026-09-12T18:56:06-05:00,PUR_IED_SanCarlos_1103_7bafb5,PUR_IED_SanCarlos_1103_7bafb5,,,,,
2026-09-12T18:56:06-05:00,PUR_IED_SanCarlos_Ext_b7cd1,PUR_IED_SanCarlos_Ext_b7cd1,,,,,
2026-09-12T18:56:06-05:00,PUR_IED_SanIgnacioBosa11a_50c26e,PUR_IED_SanIgnacioBosa11a_50c26e,,,,,
2026-09-12T18:56:06-05:00,PUR_IED_SanIgnacioBosa11b_371de8,PUR_IED_SanIgnacioBosa11b_371de8,,,,,
2026-09-12T18:56:06-05:00,PUR_IED_SanIgnacioBosaExt_ef0ffc,PUR_IED_SanIgnacioBosaExt_ef0ffc,,,,,
2026-09-12T18:56:06-05:00,PUR_IED_SanIgnacioBosa_11a_50c26e,PUR_IED_SanIgnacioBosa_11a_50c26e,,,,,
2026-09-12T18:56:06-05:00,PUR_IED_SanIgnacioBosa_Ext_ef0ffc,PUR_IED_SanIgnacioBosa_Ext_ef0ffc,,,,,
2026-09-12T18:56:06-05:00,PUR_IED_SanJoseN_intS1101_31c47f,PUR_IED_SanJoseN_intS1101_31c47f,,,,,
2026-09-12T18:56:06-05:00,PUR_IED_SanJoseUsm_Exter_f5d7e8,PUR_IED_SanJoseUsm_Exter_f5d7e8,,,,,
2026-09-12T18:56:06-05:00,PUR_IED_SanJoseUsm_Int11A_cfdef6,PUR_IED_SanJoseUsm_Int11A_cfdef6,,,,,
2026-09-12T18:56:06-05:00,PUR_IED_SilveriaR_IntB5_905349,PUR_IED_SilveriaR_IntB5_905349,,,,,
2026-09-12T18:56:06-05:00,PUR_IED_SilveriaR_IntSD14_981f93,PUR_IED_SilveriaR_IntSD14_981f93,,,,,
2026-09-12T18:56:06-05:00,PUR_IED_SilveriaR_ext_2b651d,PUR_IED_SilveriaR_ext_2b651d,,,,,
2026-09-12T18:56:06-05:00,PUR_IED_SimonB_Exterior_913975,PUR_IED_SimonB_Exterior_913975,,,,,
2026-09-12T18:56:06-05:00,PUR_IED_SimonB_LabQuimi_c56908,PUR_IED_SimonB_LabQuimi_c56908,,,,,
2026-09-12T18:56:06-05:00,PUR_IED_SimonB_informatic_a28c1,PUR_IED_SimonB_informatic_a28c1,,,,,
2026-09-12T18:56:06-05:00,PUR_IED_Sorrento_1102_315f50,PUR_IED_Sorrento_1102_315f50,,,,,
2026-09-12T18:56:06-05:00,PUR_IED_Sorrento_Minte_214eab,PUR_IED_Sorrento_Minte_214eab,,,,,
2026-09-12T18:56:06-05:00,PUR_IED_Sorrento_ext_7c3a0a,PUR_IED_Sorrento_ext_7c3a0a,,,,,
2026-09-12T18:56:06-05:00,PUR_IED_Tabora_Ext_f048ae,PUR_IED_Tabora_Ext_f048ae,,,,,
2026-09-12T18:56:06-05:00,PUR_IED_Tabora_S1102_b07752,PUR_IED_Tabora_S1102_b07752,,,,,
2026-09-12T18:56:06-05:00,PUR_IED_Tabora_S1103_d988f5,PUR_IED_Tabora_S1103_d988f5,,,,,
2026-09-12T18:56:06-05:00,PUR_IED_Tenerife_Ext_1ab188,PUR_IED_Tenerife_Ext_1ab188,,,,,
2026-09-12T18:56:06-05:00,PUR_IED_Tenerife_SDanzas_7bc02e,PUR_IED_Tenerife_SDanzas_7bc02e,,,,,
2026-09-12T18:56:06-05:00,PUR_IED_Tenerife_SIngles_7cc277,PUR_IED_Tenerife_SIngles_7cc277,,,,,
2026-09-12T18:56:06-05:00,PUR_IED_Tibabuyes_Exter_f2683d,PUR_IED_Tibabuyes_Exter_f2683d,,,,,
2026-09-12T18:56:06-05:00,PUR_IED_Tibabuyes_S10_dc87a8,PUR_IED_Tibabuyes_S10_dc87a8,,,,,
2026-09-12T18:56:06-05:00,PUR_IED_Tibabuyes_S15_dc0526,PUR_IED_Tibabuyes_S15_dc0526,,,,,
2026-09-12T18:56:06-05:00,PUR_IED_UnionE_S301_a1043,PUR_IED_UnionE_S301_a1043,,,,,
2026-09-12T18:56:06-05:00,PUR_IED_UnionE_S307_ff6c2f,PUR_IED_UnionE_S307_ff6c2f,,,,,
2026-09-12T18:56:06-05:00,PUR_IED_UnionE__Ext_5e2468,PUR_IED_UnionE__Ext_5e2468,,,,,
2026-09-12T18:56:06-05:00,PUR_IED_VillaRica_Ext_75be7c,PUR_IED_VillaRica_Ext_75be7c,,,,,
2026-09-12T18:56:06-05:00,PUR_IED_VillaRica_S4_cc5dcd,PUR_IED_VillaRica_S4_cc5dcd,,,,,
2026-09-12T18:56:06-05:00,PUR_IED_VillaRica_Sesp_99f5c,PUR_IED_VillaRica_Sesp_99f5c,,,,,
2026-09-12T19:01:26-05:00,PUR_IED_20deJulio_1101_91b1b9,PUR_IED_20deJulio_1101_91b1b9,,,,,
2026-09-12T19:01:26-05:00,PUR_IED_20deJulio_1102_1cfcf9,PUR_IED_20deJulio_1102_1cfcf9,,,,,
2026-09-12T19:01:26-05:00,PUR_IED_20deJulio_Ext_ab60bd,PUR_IED_20deJulio_Ext_ab60bd,,,,,
2026-09-12T19:01:26-05:00,PUR_IED_AgustinFer_Ext_7b9b77,PUR_IED_AgustinFer_Ext_7b9b77,,,,,
2026-09-12T19:01:26-05:00,PUR_IED_AgustinFer_Info2_27b3a7,PUR_IED_AgustinFer_Info2_27b3a7,,,,,
2026-09-12T19:01:26-05:00,PUR_IED_AgustinFer_Sena_54b4eb,PUR_IED_AgustinFer_Sena_54b4eb,,,,,
2026-09-12T19:01:26-05:00,PUR_IED_AlexanderF_1102_caf07b,PUR_IED_AlexanderF_1102_caf07b,,,,,
2026-09-12T19:01:26-05:00,PUR_IED_AlexanderF_1103_c79e71,PUR_IED_AlexanderF_1103_c79e71,,,,,
2026-09-12T19:01:26-05:00,PUR_IED_AlexanderF_Ext_c5b18b,PUR_IED_AlexanderF_Ext_c5b18b,,,,,
2026-09-12T19:01:26-05:00,PUR_IED_AlfonsoLopez_Ext_281d77,PUR_IED_AlfonsoLopez_Ext_281d77,,,,,
2026-09-12T19:01:26-05:00,PUR_IED_AlfonsoLopez_LabF_888ce0,PUR_IED_AlfonsoLopez_LabF_888ce0,,,,,
2026-09-12T19:01:26-05:00,PUR_IED_AlfonsoLopez_SMed_df6a7f,PUR_IED_AlfonsoLopez_SMed_df6a7f,,,,,
2026-09-12T19:01:26-05:00,PUR_IED_AltamiraSO_A2_209f92,PUR_IED_AltamiraSO_A2_209f92,,,,,
2026-09-12T19:01:26-05:00,PUR_IED_AltamiraSO_Ext_186d66,PUR_IED_AltamiraSO_Ext_186d66,,,,,
2026-09-12T19:01:26-05:00,PUR_IED_AltamiraSO_Sistem_27afe1,PUR_IED_AltamiraSO_Sistem_27afe1,,,,,
2026-09-12T19:01:26-05:00,PUR_IED_AlvaroGom_LabQuim_813179,PUR_IED_AlvaroGom_LabQuim_813179,,,,,
2026-09-12T19:01:26-05:00,PUR_IED_AlvaroGomez_Ext_47c7ca,PUR_IED_AlvaroGomez_Ext_47c7ca,,,,,
2026-09-12T19:01:26-05:00,PUR_IED_AlvaroGomez_LabQuim_813179,PUR_IED_AlvaroGomez_LabQuim_813179,,,,,
2026-09-12T19:01:26-05:00,PUR_IED_AlvaroGomez_S23_7ba89f,PUR_IED_AlvaroGomez_S23_7ba89f,,,,,
2026-09-12T19:01:26-05:00,PUR_IED_Amistad_306_dc8728,PUR_IED_Amistad_306_dc8728,,,,,
2026-09-12T19:01:26-05:00,PUR_IED_Amistad_Ext_8cd55e,PUR_IED_Amistad_Ext_8cd55e,,,,,
2026-09-12T19:01:26-05:00,PUR_IED_Amistad_S202_a41169,PUR_IED_Amistad_S202_a41169,,,,,
2026-09-12T19:01:26-05:00,PUR_IED_AndresBello_Bio_fd5f5e,PUR_IED_AndresBello_Bio_fd5f5e,,,,,
2026-09-12T19:01:26-05:00,PUR_IED_AndresBello_ext_dcad65,PUR_IED_AndresBello_ext_dcad65,,,,,
2026-09-12T19:01:26-05:00,PUR_IED_AndresBello_port_eed3ec,PUR_IED_AndresBello_port_eed3ec,,,,,
2026-09-12T19:01:26-05:00,PUR_IED_AngelaR_11b_d90a6b,PUR_IED_AngelaR_11b_d90a6b,,,,,
2026-09-12T19:01:26-05:00,PUR_IED_AngelaR_ext_7cad3e,PUR_IED_AngelaR_ext_7cad3e,4,19,62,4.5825,-74.164497
2026-09-12T19:01:26-05:00,PUR_IED_AntJoseSucre_10mo_df2575,PUR_IED_AntJoseSucre_10mo_df2575,,,,,
2026-09-12T19:01:26-05:00,PUR_IED_AntJoseSucre_Ext_215b36,PUR_IED_AntJoseSucre_Ext_215b36,,,,,
2026-09-12T19:01:26-05:00,PUR_IED_AntJoseSucre_Lab_3139de,PUR_IED_AntJoseSucre_Lab_3139de,,,,,
2026-09-12T19:01:26-05:00,PUR_IED_AntonioGarcia_301_d6b188,PUR_IED_AntonioGarcia_301_d6b188,,,,,
2026-09-12T19:01:26-05:00,PUR_IED_AntonioGarcia_302_88a82,PUR_IED_AntonioGarcia_302_88a82,,,,,
2026-09-12T19:01:26-05:00,PUR_IED_AntonioGarcia_Ext_20950c,PUR_IED_AntonioGarcia_Ext_20950c,,,,,
2026-09-12T19:01:26-05:00,PUR_IED_AntonioVan_Aula2_6dea02,PUR_IED_AntonioVan_Aula2_6dea02,,,,,
2026-09-12T19:01:26-05:00,PUR_IED_AntonioVan_Aula5_f1557e,PUR_IED_AntonioVan_Aula5_f1557e,,,,,
2026-09-12T19:01:26-05:00,PUR_IED_AntonioVan_Ext_406f2f,PUR_IED_AntonioVan_Ext_406f2f,,,,,
2026-09-12T19:01:26-05:00,PUR_IED_Atabanzha_Ext_cc5af9,PUR_IED_Atabanzha_Ext_cc5af9,,,,,
2026-09-12T19:01:26-05:00,PUR_IED_Atabanzha_SA101_56c37,PUR_IED_Atabanzha_SA101_56c37,,,,,
2026-09-12T19:01:26-05:00,PUR_IED_Atabanzha_SB302_27b374,PUR_IED_Atabanzha_SB302_27b374,,,,,
2026-09-12T19:01:26-05:00,PUR_IED_Atahualpa_Ext_fc1748,PUR_IED_Atahualpa_Ext_fc1748,,,,,
2026-09-12T19:01:26-05:00,PUR_IED_Atahualpa_Informa_dc9a95,PUR_IED_Atahualpa_Informa_dc9a95,,,,,
2026-09-12T19:01:26-05:00,PUR_IED_Atahualpa_S1101_f98056,PUR_IED_Atahualpa_S1101_f98056,,,,,
2026-09-12T19:01:26-05:00,PUR_IED_Bellavista_Ext_f5aa74,PUR_IED_Bellavista_Ext_f5aa74,,,,,
2026-09-12T19:01:26-05:00,PUR_IED_Bilbao_11A_916c41,PUR_IED_Bilbao_11A_916c41,,,,,
2026-09-12T19:01:26-05:00,PUR_IED_Bilbao_Ext_fb579a,PUR_IED_Bilbao_Ext_fb579a,,,,,
2026-09-12T19:01:26-05:00,PUR_IED_BrasiliaU_A125_304280,PUR_IED_BrasiliaU_A125_304280,,,,,
2026-09-12T19:01:26-05:00,PUR_IED_BrasiliaU_A203_7c8ca5,PUR_IED_BrasiliaU_A203_7c8ca5,,,,,
2026-09-12T19:01:26-05:00,PUR_IED_BrasiliaU_Ext_8d6e9f,PUR_IED_BrasiliaU_Ext_8d6e9f,6,18,62,4.5175,-74.116302
2026-09-12T19:01:26-05:00,PUR_IED_Brasilia_Ext_fe6593,PUR_IED_Brasilia_Ext_fe6593,,,,,
2026-09-12T19:01:26-05:00,PUR_IED_Brasilia_S24_7c130d,PUR_IED_Brasilia_S24_7c130d,,,,,
2026-09-12T19:01:26-05:00,PUR_IED_Brasilia_S501_186a54,PUR_IED_Brasilia_S501_186a54,,,,,
2026-09-12T19:01:26-05:00,PUR_IED_CHARRY_EXT_f1d5cd,PUR_IED_CHARRY_EXT_f1d5cd,,,,,
2026-09-12T19:01:26-05:00,PUR_IED_CHARRY_INTDANZAS_7a08e6,PUR_IED_CHARRY_INTDANZAS_7a08e6,,,,,
2026-09-12T19:01:26-05:00,PUR_IED_CHARRY_INT_AULA20_dc998d,PUR_IED_CHARRY_INT_AULA20_dc998d,,,,,
2026-09-12T19:01:26-05:00,PUR_IED_COLVIV_1101_S25_7f520a,PUR_IED_COLVIV_1101_S25_7f520a,,,,,
2026-09-12T19:01:26-05:00,PUR_IED_COLVIV_1102_S16_f570ba,PUR_IED_COLVIV_1102_S16_f570ba,,,,,
2026-09-12T19:01:26-05:00,PUR_IED_COLVIV_Ext_1a26fa,PUR_IED_COLVIV_Ext_1a26fa,,,,,
2026-09-12T19:01:26-05:00,PUR_IED_CULPOP_301A_f660f3,PUR_IED_CULPOP_301A_f660f3,,,,,
2026-09-12T19:01:26-05:00,PUR_IED_CULPOP_303_568afe,PUR_IED_CULPOP_303_568afe,,,,,
2026-09-12T19:01:26-05:00,PUR_IED_CULPOP_Ext_e02ccb,PUR_IED_CULPOP_Ext_e02ccb,,,,,
2026-09-12T19:01:26-05:00,PUR_IED_CVillavicen_Ext_26eb58,PUR_IED_CVillavicen_Ext_26eb58,4,16,77,4.487,-74.102798
2026-09-12T19:01:26-05:00,PUR_IED_CVillavicen_Intel_1ce5c2,PUR_IED_CVillavicen_Intel_1ce5c2,,,,,
2026-09-12T19:01:26-05:00,PUR_IED_CVillavicen_Poliv_e0766c,PUR_IED_CVillavicen_Poliv_e0766c,,,,,
2026-09-12T19:01:26-05:00,PUR_IED_CVillavicen_int_1ba140,PUR_IED_CVillavicen_int_1ba140,,,,,
2026-09-12T19:01:26-05:00,PUR_IED_CVillavicen_intel_1ba140,PUR_IED_CVillavicen_intel_1ba140,,,,,
2026-09-12T19:01:26-05:00,PUR_IED_CarlosPizarro_Ext_e307cc,PUR_IED_CarlosPizarro_Ext_e307cc,,,,,
2026-09-12T19:01:26-05:00,PUR_IED_CarlosPizarro_L36_7e5cdb,PUR_IED_CarlosPizarro_L36_7e5cdb,,,,,
2026-09-12T19:01:26-05:00,PUR_IED_CarlosPizarro_L37_c8566c,PUR_IED_CarlosPizarro_L37_c8566c,,,,,
2026-09-12T19:01:26-05:00,PUR_IED_Castilla_Ext_cf35f,PUR_IED_Castilla_Ext_cf35f,,,,,
2026-09-12T19:01:26-05:00,PUR_IED_Castilla_SFisik_360e38,PUR_IED_Castilla_SFisik_360e38,,,,,
2026-09-12T19:01:26-05:00,PUR_IED_Castilla_Sc304_496fbf,PUR_IED_Castilla_Sc304_496fbf,,,,,
2026-09-12T19:01:26-05:00,PUR_IED_CervantesSa_Ext_6b57b,PUR_IED_CervantesSa_Ext_6b57b,4,19,67,4.5128,-74.117203
2026-09-12T19:01:26-05:00,PUR_IED_CervantesSa_S107_225c2b,PUR_IED_CervantesSa_S107_225c2b,,,,,
2026-09-12T19:01:26-05:00,PUR_IED_CervantesSa_S108_940925,PUR_IED_CervantesSa_S108_940925,,,,,
2026-09-12T19:01:26-05:00,PUR_IED_Charry_A20_f53e7c,PUR_IED_Charry_A20_f53e7c,,,,,
2026-09-12T19:01:26-05:00,PUR_IED_Charry_Ext_f1d5cd,PUR_IED_Charry_Ext_f1d5cd,,,,,
2026-09-12T19:01:26-05:00,PUR_IED_Charry_IntAula20_dc998d,PUR_IED_Charry_IntAula20_dc998d,,,,,
2026-09-12T19:01:26-05:00,PUR_IED_Charry_IntDanzas_7a08e6,PUR_IED_Charry_IntDanzas_7a08e6,,,,,
2026-09-12T19:01:26-05:00,PUR_IED_ClememciaC_203_43e2fc,PUR_IED_ClememciaC_203_43e2fc,,,,,
2026-09-12T19:01:26-05:00,PUR_IED_ClememciaC_Ext_1b411a,PUR_IED_ClememciaC_Ext_1b411a,,,,,
2026-09-12T19:01:26-05:00,PUR_IED_ClememciaC_Quimic_44b5fc,PUR_IED_ClememciaC_Quimic_44b5fc,,,,,
2026-09-12T19:01:26-05:00,PUR_IED_ClemenciaC_203_43e2fc,PUR_IED_ClemenciaC_203_43e2fc,,,,,
2026-09-12T19:01:26-05:00,PUR_IED_ClemenciaC_Ext_1b411a,PUR_IED_ClemenciaC_Ext_1b411a,,,,,
2026-09-12T19:01:26-05:00,PUR_IED_ClemenciaC_Quimic_44b5fc,PUR_IED_ClemenciaC_Quimic_44b5fc,,,,,
2026-09-12T19:01:26-05:00,PUR_IED_ColViva_1101_S25_7f520a,PUR_IED_ColViva_1101_S25_7f520a,,,,,
2026-09-12T19:01:26-05:00,PUR_IED_ColViva_1102_S16_f570ba,PUR_IED_ColViva_1102_S16_f570ba,,,,,
2026-09-12T19:01:26-05:00,PUR_IED_ColViva_Ext_1a26fa,PUR_IED_ColViva_Ext_1a26fa,,,,,
2026-09-12T19:01:26-05:00,PUR_IED_ColegioBici_Asist_7c8798,PUR_IED_ColegioBici_Asist_7c8798,,,,,
2026-09-12T19:01:26-05:00,PUR_IED_ColegioBici_Ext_25cbf6,PUR_IED_ColegioBici_Ext_25cbf6,,,,,
2026-09-12T19:01:26-05:00,PUR_IED_ColegioBici_LabQ_7b57db,PUR_IED_ColegioBici_LabQ_7b57db,,,,,
2026-09-12T19:01:26-05:00,PUR_IED_CostaRica_Ext_5e640,PUR_IED_CostaRica_Ext_5e640,,,,,
2026-09-12T19:01:26-05:00,PUR_IED_CostaRica_Quim1_766d1c,PUR_IED_CostaRica_Quim1_766d1c,,,,,
2026-09-12T19:01:26-05:00,PUR_IED_CostaRica__Fisica_6f0873,PUR_IED_CostaRica__Fisica_6f0873,,,,,
2026-09-12T19:01:26-05:00,PUR_IED_CulPopu_301A_f660f3,PUR_IED_CulPopu_301A_f660f3,,,,,
2026-09-12T19:01:26-05:00,PUR_IED_CulPopu_303_568afe,PUR_IED_CulPopu_303_568afe,,,,,
2026-09-12T19:01:26-05:00,PUR_IED_CulPopu_Ext_e02ccb,PUR_IED_CulPopu_Ext_e02ccb,,,,,
2026-09-12T19:01:26-05:00,PUR_IED_Cundinamarca_Ext_f15985,PUR_IED_Cundinamarca_Ext_f15985,,,,,
2026-09-12T19:01:26-05:00,PUR_IED_Cundinamarca_Info_7aa5d7,PUR_IED_Cundinamarca_Info_7aa5d7,,,,,
2026-09-12T19:01:26-05:00,PUR_IED_Cundinamarca_Tec2_f449c7,PUR_IED_Cundinamarca_Tec2_f449c7,,,,,
2026-09-12T19:01:26-05:00,PUR_IED_DiegoM_Aula1_27b314,PUR_IED_DiegoM_Aula1_27b314,,,,,
2026-09-12T19:01:26-05:00,PUR_IED_DiegoM_Ext_d80ac8,PUR_IED_DiegoM_Ext_d80ac8,,,,,
2026-09-12T19:01:26-05:00,PUR_IED_DiegoM_S25_da928f,PUR_IED_DiegoM_S25_da928f,,,,,
2026-09-12T19:01:26-05:00,PUR_IED_ELRODEO_360881,PUR_IED_ELRODEO_360881,,,,,
2026-09-12T19:01:26-05:00,PUR_IED_ELRODEO_ext_360881,PUR_IED_ELRODEO_ext_360881,,,,,
2026-09-12T19:01:26-05:00,PUR_IED_EduardoU_Ext_1c1969,PUR_IED_EduardoU_Ext_1c1969,,,,,
2026-09-12T19:01:26-05:00,PUR_IED_EduardoU_SCiencia_4dfb94,PUR_IED_EduardoU_SCiencia_4dfb94,,,,,
2026-09-12T19:01:26-05:00,PUR_IED_EduardoU_SQuimica_5a46e7,PUR_IED_EduardoU_SQuimica_5a46e7,,,,,
2026-09-12T19:01:26-05:00,PUR_IED_ElRodeo_Aula14_676984,PUR_IED_ElRodeo_Aula14_676984,,,,,
2026-09-12T19:01:26-05:00,PUR_IED_ElRodeo_Aula16_2dd35b,PUR_IED_ElRodeo_Aula16_2dd35b,,,,,
2026-09-12T19:01:26-05:00,PUR_IED_ElRodeo_Ext_360881,PUR_IED_ElRodeo_Ext_360881,,,,,
2026-09-12T19:01:26-05:00,PUR_IED_ElRodeo_Exterior_8c6d28,PUR_IED_ElRodeo_Exterior_8c6d28,,,,,
2026-09-12T19:01:26-05:00,PUR_IED_ElRodeo_ext_360881,PUR_IED_ElRodeo_ext_360881,,,,,
2026-09-12T19:01:26-05:00,PUR_IED_EmmaReyes_Ext_987625,PUR_IED_EmmaReyes_Ext_987625,2,21,51,4.6367,-74.1511
2026-09-12T19:01:26-05:00,PUR_IED_Ensueño_Ext_7f0250,PUR_IED_Ensueño_Ext_7f0250,,,,,
2026-09-12T19:01:26-05:00,PUR_IED_EscNormal_Ext_5fef3b,PUR_IED_EscNormal_Ext_5fef3b,2,19,58,4.5852,-74.096901
2026-09-12T19:01:26-05:00,PUR_IED_EscNormal_S309_5b263,PUR_IED_EscNormal_S309_5b263,,,,,
2026-09-12T19:01:26-05:00,PUR_IED_EscNormal_S310_27b3b8,PUR_IED_EscNormal_S310_27b3b8,,,,,
2026-09-12T19:01:26-05:00,PUR_IED_Evangelista_Conta_f6cd4f,PUR_IED_Evangelista_Conta_f6cd4f,,,,,
2026-09-12T19:01:26-05:00,PUR_IED_Evangelista_Cri_5e16a,PUR_IED_Evangelista_Cri_5e16a,,,,,
2026-09-12T19:01:26-05:00,PUR_IED_Evangelista_Exter_754066,PUR_IED_Evangelista_Exter_754066,,,,,
2026-09-12T19:01:26-05:00,PUR_IED_FMiranda_S209_5cc2a3,PUR_IED_FMiranda_S209_5cc2a3,,,,,
2026-09-12T19:01:26-05:00,PUR_IED_FMiranda_S303_19e344,PUR_IED_FMiranda_S303_19e344,,,,,
2026-09-12T19:01:26-05:00,PUR_IED_FMiranda_ext_f53e7c,PUR_IED_FMiranda_ext_f53e7c,,,,,
2026-09-12T19:01:26-05:00,PUR_IED_FabioLozano_Bibli_1cee05,PUR_IED_FabioLozano_Bibli_1cee05,,,,,
2026-09-12T19:01:26-05:00,PUR_IED_FabioLozano_Ext_6ea285,PUR_IED_FabioLozano_Ext_6ea285,,,,,
2026-09-12T19:01:26-05:00,PUR_IED_FabioLozano_SLudi_f09e1e,PUR_IED_FabioLozano_SLudi_f09e1e,,,,,
2026-09-12T19:01:26-05:00,PUR_IED_FaustinoS_Aula07_27a731,PUR_IED_FaustinoS_Aula07_27a731,,,,,
2026-09-12T19:01:26-05:00,PUR_IED_FaustinoS_Ext_7b936f,PUR_IED_FaustinoS_Ext_7b936f,,,,,
2026-09-12T19:01:26-05:00,PUR_IED_FaustinoS_Fisica_da2c60,PUR_IED_FaustinoS_Fisica_da2c60,,,,,
2026-09-12T19:01:26-05:00,PUR_IED_FeGarciaLo_Ext_dc68ee,PUR_IED_FeGarciaLo_Ext_dc68ee,,,,,
2026-09-12T19:01:26-05:00,PUR_IED_FeGarciaLo_SDanza_f70a59,PUR_IED_FeGarciaLo_SDanza_f70a59,,,,,
2026-09-12T19:01:26-05:00,PUR_IED_FeGarciaLo_SMusic_125cdd,PUR_IED_FeGarciaLo_SMusic_125cdd,,,,,
2026-09-12T19:01:26-05:00,PUR_IED_FederalAlema_Exte_50c345,PUR_IED_FederalAlema_Exte_50c345,,,,,
2026-09-12T19:01:26-05:00,PUR_IED_FederalAlema_S31_f18371,PUR_IED_FederalAlema_S31_f18371,,,,,
2026-09-12T19:01:26-05:00,PUR_IED_FederalAlema_S901_a62cd,PUR_IED_FederalAlema_S901_a62cd,,,,,
2026-09-12T19:01:26-05:00,PUR_IED_FilarmonicaS_A5_f35eb1,PUR_IED_FilarmonicaS_A5_f35eb1,,,,,
2026-09-12T19:01:26-05:00,PUR_IED_FilarmonicaS_Ext_8a3bde,PUR_IED_FilarmonicaS_Ext_8a3bde,,,,,
2026-09-12T19:01:26-05:00,PUR_IED_FilarmonicaS_Spol_406114,PUR_IED_FilarmonicaS_Spol_406114,,,,,
2026-09-12T19:01:26-05:00,PUR_IED_FlorentinoG_A13_d1fa59,PUR_IED_FlorentinoG_A13_d1fa59,,,,,
2026-09-12T19:01:26-05:00,PUR_IED_FlorentinoG_Ext_1ce6ce,PUR_IED_FlorentinoG_Ext_1ce6ce,,,,,
2026-09-12T19:01:26-05:00,PUR_IED_FlorentinoG_Idiom_a66aac,PUR_IED_FlorentinoG_Idiom_a66aac,,,,,
2026-09-12T19:01:26-05:00,PUR_IED_FranciscoMati_Ext_e3869d,PUR_IED_FranciscoMati_Ext_e3869d,,,,,
2026-09-12T19:01:26-05:00,PUR_IED_FranciscoMati_S13_f31c67,PUR_IED_FranciscoMati_S13_f31c67,,,,,
2026-09-12T19:01:26-05:00,PUR_IED_FranciscoMati_S14_97dead,PUR_IED_FranciscoMati_S14_97dead,,,,,
2026-09-12T19:01:26-05:00,PUR_IED_FranciscoPS_Ext_7bfa9a,PUR_IED_FranciscoPS_Ext_7bfa9a,2,21,57,4.5899,-74.110397
2026-09-12T19:01:26-05:00,PUR_IED_FranciscoPS_Infor_fb8f4c,PUR_IED_FranciscoPS_Infor_fb8f4c,,,,,
2026-09-12T19:01:26-05:00,PUR_IED_FranciscoPS_Quimi_94d39c,PUR_IED_FranciscoPS_Quimi_94d39c,,,,,
2026-09-12T19:01:26-05:00,PUR_IED_FranciscoP_LabQ_d7e148,PUR_IED_FranciscoP_LabQ_d7e148,,,,,
2026-09-12T19:01:26-05:00,PUR_IED_FranciscoP_S28_cf9b30,PUR_IED_FranciscoP_S28_cf9b30,,,,,
2026-09-12T19:01:26-05:00,PUR_IED_FranciscoP_ext_e2313,PUR_IED_FranciscoP_ext_e2313,,,,,
2026-09-12T19:01:26-05:00,PUR_IED_FriederichN_Ext_8ac92a,PUR_IED_FriederichN_Ext_8ac92a,,,,,
2026-09-12T19:01:26-05:00,PUR_IED_FriederichN_S301_dd7e5a,PUR_IED_FriederichN_S301_dd7e5a,,,,,
2026-09-12T19:01:26-05:00,PUR_IED_FriederichN_S308_761f4f,PUR_IED_FriederichN_S308_761f4f,,,,,
2026-09-12T19:01:26-05:00,PUR_IED_GSantander_Aula10_533dd7,PUR_IED_GSantander_Aula10_533dd7,,,,,
2026-09-12T19:01:26-05:00,PUR_IED_GSantander_Aula12_fd4e4f,PUR_IED_GSantander_Aula12_fd4e4f,,,,,
2026-09-12T19:01:26-05:00,PUR_IED_GSantander_Aula310_533dd7,PUR_IED_GSantander_Aula310_533dd7,,,,,
2026-09-12T19:01:26-05:00,PUR_IED_GSantander_Aula312_fd4e4f,PUR_IED_GSantander_Aula312_fd4e4f,,,,,
2026-09-12T19:01:26-05:00,PUR_IED_GSantander_Ext_5f66b0,PUR_IED_GSantander_Ext_5f66b0,,,,,
2026-09-12T19:01:26-05:00,PUR_IED_GYomasa_Ext_f6bea5,PUR_IED_GYomasa_Ext_f6bea5,,,,,
2026-09-12T19:01:26-05:00,PUR_IED_GYomasa_LBiol_2c41aa,PUR_IED_GYomasa_LBiol_2c41aa,,,,,
2026-09-12T19:01:26-05:00,PUR_IED_GYomasa_LQuim_33c80,PUR_IED_GYomasa_LQuim_33c80,,,,,
2026-09-12T19:01:26-05:00,PUR_IED_GabBetMejia_Cienc_5a99c,PUR_IED_GabBetMejia_Cienc_5a99c,,,,,
2026-09-12T19:01:26-05:00,PUR_IED_GabBetMejia_Ext_9153d0,PUR_IED_GabBetMejia_Ext_9153d0,,,,,
2026-09-12T19:01:26-05:00,PUR_IED_GabBetMejia_Lab_f55347,PUR_IED_GabBetMejia_Lab_f55347,,,,,
2026-09-12T19:01:26-05:00,PUR_IED_GabBetanMejia_Ext_9153d0,PUR_IED_GabBetanMejia_Ext_9153d0,,,,,
2026-09-12T19:01:26-05:00,PUR_IED_Gaitana_Aula13_7aac11,PUR_IED_Gaitana_Aula13_7aac11,,,,,
2026-09-12T19:01:26-05:00,PUR_IED_Gaitana_Ext_5fcf4,PUR_IED_Gaitana_Ext_5fcf4,,,,,
2026-09-12T19:01:26-05:00,PUR_IED_Gaitana_LabFisica_644448,PUR_IED_Gaitana_LabFisica_644448,,,,,
2026-09-12T19:01:26-05:00,PUR_IED_GenSantander_Dise_8ac858,PUR_IED_GenSantander_Dise_8ac858,,,,,
2026-09-12T19:01:26-05:00,PUR_IED_GenSantander_Ext_8d5dfe,PUR_IED_GenSantander_Ext_8d5dfe,,,,,
2026-09-12T19:01:26-05:00,PUR_IED_GenSantander_Info_6c25b,PUR_IED_GenSantander_Info_6c25b,,,,,
2026-09-12T19:01:26-05:00,PUR_IED_GustavoMo_Exterio_75e63d,PUR_IED_GustavoMo_Exterio_75e63d,,,,,
2026-09-12T19:01:26-05:00,PUR_IED_GustavoMo_LabFisi_224d37,PUR_IED_GustavoMo_LabFisi_224d37,,,,,
2026-09-12T19:01:26-05:00,PUR_IED_GustavoMo_S208_3e6918,PUR_IED_GustavoMo_S208_3e6918,,,,,
2026-09-12T19:01:26-05:00,PUR_IED_GustavoR_A02_8cd4a8,PUR_IED_GustavoR_A02_8cd4a8,,,,,
2026-09-12T19:01:26-05:00,PUR_IED_GustavoR_B11_5b0ed,PUR_IED_GustavoR_B11_5b0ed,,,,,
2026-09-12T19:01:26-05:00,PUR_IED_GustavoR_Ext_7a0c90,PUR_IED_GustavoR_Ext_7a0c90,,,,,
2026-09-12T19:01:26-05:00,PUR_IED_HernandoDuran_Ext_8cd82b,PUR_IED_HernandoDuran_Ext_8cd82b,,,,,
2026-09-12T19:01:26-05:00,PUR_IED_HernandoDuran_S24_2772c6,PUR_IED_HernandoDuran_S24_2772c6,,,,,
2026-09-12T19:01:26-05:00,PUR_IED_HernandoDuran_S30_f2de41,PUR_IED_HernandoDuran_S30_f2de41,,,,,
2026-09-12T19:01:26-05:00,PUR_IED_HolguInUr_S1101_8cd732,PUR_IED_HolguInUr_S1101_8cd732,,,,,
2026-09-12T19:01:26-05:00,PUR_IED_HolguinUr_Exter_ddae6d,PUR_IED_HolguinUr_Exter_ddae6d,,,,,
2026-09-12T19:01:26-05:00,PUR_IED_HolguinUr_LabQuim_92b952,PUR_IED_HolguinUr_LabQuim_92b952,,,,,
2026-09-12T19:01:26-05:00,PUR_IED_Isabel-II_Ext_5245cc,PUR_IED_Isabel-II_Ext_5245cc,4,19,59,4.6336,-74.153
2026-09-12T19:01:26-05:00,PUR_IED_Isabel-II_S_idiom_1c29aa,PUR_IED_Isabel-II_S_idiom_1c29aa,,,,,
2026-09-12T19:01:26-05:00,PUR_IED_Isabel-II_S_infor_fd741,PUR_IED_Isabel-II_S_infor_fd741,,,,,
2026-09-12T19:01:26-05:00,PUR_IED_IsidroSur_Exterio_5b90ea,PUR_IED_IsidroSur_Exterio_5b90ea,,,,,
2026-09-12T19:01:26-05:00,PUR_IED_IsidroSur_LabTec_56697a,PUR_IED_IsidroSur_LabTec_56697a,,,,,
2026-09-12T19:01:26-05:00,PUR_IED_IsidroSur_Robotic_b7c38f,PUR_IED_IsidroSur_Robotic_b7c38f,,,,,
2026-09-12T19:01:26-05:00,PUR_IED_IsmaelPerd_Ext_7b6672,PUR_IED_IsmaelPerd_Ext_7b6672,,,,,
2026-09-12T19:01:26-05:00,PUR_IED_IsmaelPerd_Inform_306540,PUR_IED_IsmaelPerd_Inform_306540,,,,,
2026-09-12T19:01:26-05:00,PUR_IED_IsmaelPerd_S30_2e2c83,PUR_IED_IsmaelPerd_S30_2e2c83,,,,,
2026-09-12T19:01:26-05:00,PUR_IED_JLozano_Exter_432910,PUR_IED_JLozano_Exter_432910,,,,,
2026-09-12T19:01:26-05:00,PUR_IED_JLozano_salaMulti_df5125,PUR_IED_JLozano_salaMulti_df5125,,,,,
2026-09-12T19:01:26-05:00,PUR_IED_JMCordoba_206_86f80b,PUR_IED_JMCordoba_206_86f80b,,,,,
2026-09-12T19:01:26-05:00,PUR_IED_JMCordoba_Ext_27ad97,PUR_IED_JMCordoba_Ext_27ad97,,,,,
2026-09-12T19:01:26-05:00,PUR_IED_JMCordoba_S310_d59ab4,PUR_IED_JMCordoba_S310_d59ab4,,,,,
2026-09-12T19:01:26-05:00,PUR_IED_Japon_Ext_549100,PUR_IED_Japon_Ext_549100,,,,,
2026-09-12T19:01:26-05:00,PUR_IED_Japon_Laboratorio_bec51d,PUR_IED_Japon_Laboratorio_bec51d,,,,,
2026-09-12T19:01:26-05:00,PUR_IED_Japon_informatica_d99327,PUR_IED_Japon_informatica_d99327,,,,,
2026-09-12T19:01:26-05:00,PUR_IED_Jazmin_Ext_d27bda,PUR_IED_Jazmin_Ext_d27bda,,,,,
2026-09-12T19:01:26-05:00,PUR_IED_Jazmin_Fisica_8d14d7,PUR_IED_Jazmin_Fisica_8d14d7,,,,,
2026-09-12T19:01:26-05:00,PUR_IED_Jazmin_Quimica_801cb5,PUR_IED_Jazmin_Quimica_801cb5,,,,,
2026-09-12T19:01:26-05:00,PUR_IED_JorgeGaitan_Exter_f098d1,PUR_IED_JorgeGaitan_Exter_f098d1,,,,,
2026-09-12T19:01:26-05:00,PUR_IED_JorgeGaitan_STec1_dc9d1d,PUR_IED_JorgeGaitan_STec1_dc9d1d,,,,,
2026-09-12T19:01:26-05:00,PUR_IED_JorgeGaitan_STec2_281e69,PUR_IED_JorgeGaitan_STec2_281e69,,,,,
2026-09-12T19:01:26-05:00,PUR_IED_JorgeSoto_Exterio_d9d0a2,PUR_IED_JorgeSoto_Exterio_d9d0a2,,,,,
2026-09-12T19:01:26-05:00,PUR_IED_JorgeSoto_LabFisi_209c54,PUR_IED_JorgeSoto_LabFisi_209c54,,,,,
2026-09-12T19:01:26-05:00,PUR_IED_JorgeSoto_S103_27b51a,PUR_IED_JorgeSoto_S103_27b51a,,,,,
2026-09-12T19:01:26-05:00,PUR_IED_JoseAcevedo_A02_e965eb,PUR_IED_JoseAcevedo_A02_e965eb,,,,,
2026-09-12T19:01:26-05:00,PUR_IED_JoseAcevedo_A07_dd5b4,PUR_IED_JoseAcevedo_A07_dd5b4,,,,,
2026-09-12T19:01:26-05:00,PUR_IED_JoseAcevedo_Ext_b47484,PUR_IED_JoseAcevedo_Ext_b47484,,,,,
2026-09-12T19:01:26-05:00,PUR_IED_JoseMarti_Exte_5b9bf,PUR_IED_JoseMarti_Exte_5b9bf,,,,,
2026-09-12T19:01:26-05:00,PUR_IED_JoseMarti_LabQuim_1c6c2d,PUR_IED_JoseMarti_LabQuim_1c6c2d,,,,,
2026-09-12T19:01:26-05:00,PUR_IED_JoseMarti_S_info_f5f177,PUR_IED_JoseMarti_S_info_f5f177,,,,,
2026-09-12T19:01:26-05:00,PUR_IED_Josejoaquin_Ext_dfc5dc,PUR_IED_Josejoaquin_Ext_dfc5dc,,,,,
2026-09-12T19:01:26-05:00,PUR_IED_Josejoaquin_S05_5b2a96,PUR_IED_Josejoaquin_S05_5b2a96,,,,,
2026-09-12T19:01:26-05:00,PUR_IED_Josejoaquin_S06_1ce7d2,PUR_IED_Josejoaquin_S06_1ce7d2,,,,,
2026-09-12T19:01:26-05:00,PUR_IED_JulioFlorez_Danza_9b82dd,PUR_IED_JulioFlorez_Danza_9b82dd,,,,,
2026-09-12T19:01:26-05:00,PUR_IED_JulioFlorez_Exter_f9f314,PUR_IED_JulioFlorez_Exter_f9f314,,,,,
2026-09-12T19:01:26-05:00,PUR_IED_JulioFlorez_info2_6b6e08,PUR_IED_JulioFlorez_info2_6b6e08,,,,,
2026-09-12T19:01:26-05:00,PUR_IED_LaBelleza_Aula13_1d00d8,PUR_IED_LaBelleza_Aula13_1d00d8,,,,,
2026-09-12T19:01:26-05:00,PUR_IED_LaBelleza_Ext_7bc08c,PUR_IED_LaBelleza_Ext_7bc08c,,,,,
2026-09-12T19:01:26-05:00,PUR_IED_LaChucua_Ext_8cd6d2,PUR_IED_LaChucua_Ext_8cd6d2,,,,,
2026-09-12T19:01:26-05:00,PUR_IED_LaChucua_S15_f578ce,PUR_IED_LaChucua_S15_f578ce,,,,,
2026-09-12T19:01:26-05:00,PUR_IED_LaChucua_S16_eebcf9,PUR_IED_LaChucua_S16_eebcf9,,,,,
2026-09-12T19:01:26-05:00,PUR_IED_LaFelicidad_Ext_fb5109,PUR_IED_LaFelicidad_Ext_fb5109,,,,,
2026-09-12T19:01:26-05:00,PUR_IED_LaMerced_206_66ebd,PUR_IED_LaMerced_206_66ebd,,,,,
2026-09-12T19:01:26-05:00,PUR_IED_LaMerced_207_6ebd6,PUR_IED_LaMerced_207_6ebd6,,,,,
2026-09-12T19:01:26-05:00,PUR_IED_LaMerced_ext_304311,PUR_IED_LaMerced_ext_304311,,,,,
2026-09-12T19:01:26-05:00,PUR_IED_Laureano_CiencNat_281e5e,PUR_IED_Laureano_CiencNat_281e5e,,,,,
2026-09-12T19:01:26-05:00,PUR_IED_Laureano_Comedor_f65c0a,PUR_IED_Laureano_Comedor_f65c0a,,,,,
2026-09-12T19:01:26-05:00,PUR_IED_Laureano_Exterior_7ab011,PUR_IED_Laureano_Exterior_7ab011,,,,,
2026-09-12T19:01:26-05:00,PUR_IED_LeonGreiff_Exte_dfe560,PUR_IED_LeonGreiff_Exte_dfe560,,,,,
2026-09-12T19:01:26-05:00,PUR_IED_LeonGreiff_S210_f264ed,PUR_IED_LeonGreiff_S210_f264ed,,,,,
2026-09-12T19:01:26-05:00,PUR_IED_LeonGreiff_SQuimi_e8296f,PUR_IED_LeonGreiff_SQuimi_e8296f,,,,,
2026-09-12T19:01:26-05:00,PUR_IED_LlanoOrientalS208_7b9fcd,PUR_IED_LlanoOrientalS208_7b9fcd,,,,,
2026-09-12T19:01:26-05:00,PUR_IED_LlanoOriental_Ext_fb3766,PUR_IED_LlanoOriental_Ext_fb3766,,,,,
2026-09-12T19:01:26-05:00,PUR_IED_LlanoOriental_S208_7b9fcd,PUR_IED_LlanoOriental_S208_7b9fcd,,,,,
2026-09-12T19:01:26-05:00,PUR_IED_LlanoOriental_S9_27b378,PUR_IED_LlanoOriental_S9_27b378,,,,,
2026-09-12T19:01:26-05:00,PUR_IED_LosTejares_1101_477602,PUR_IED_LosTejares_1101_477602,,,,,
2026-09-12T19:01:26-05:00,PUR_IED_LosTejares_11_d2c595,PUR_IED_LosTejares_11_d2c595,,,,,
2026-09-12T19:01:26-05:00,PUR_IED_LosTejares_12_477602,PUR_IED_LosTejares_12_477602,,,,,
2026-09-12T19:01:26-05:00,PUR_IED_LosTejares_Ext_8e2115,PUR_IED_LosTejares_Ext_8e2115,,,,,
2026-09-12T19:01:26-05:00,PUR_IED_MagdalenaO_B202_5ddda3,PUR_IED_MagdalenaO_B202_5ddda3,,,,,
2026-09-12T19:01:26-05:00,PUR_IED_MagdalenaO_B205_fb76e8,PUR_IED_MagdalenaO_B205_fb76e8,,,,,
2026-09-12T19:01:26-05:00,PUR_IED_MagdalenaO_ext_dc69cd,PUR_IED_MagdalenaO_ext_dc69cd,,,,,
2026-09-12T19:01:26-05:00,PUR_IED_ManueCepeda_artes_eee956,PUR_IED_ManueCepeda_artes_eee956,,,,,
2026-09-12T19:01:26-05:00,PUR_IED_ManuelCepeda_Ext_58313,PUR_IED_ManuelCepeda_Ext_58313,,,,,
2026-09-12T19:01:26-05:00,PUR_IED_ManuelCepeda_tec_1c5731,PUR_IED_ManuelCepeda_tec_1c5731,,,,,
2026-09-12T19:01:26-05:00,PUR_IED_ManuelS_Exterior_5b269,PUR_IED_ManuelS_Exterior_5b269,,,,,
2026-09-12T19:01:26-05:00,PUR_IED_ManuelS_Inform_f369ce,PUR_IED_ManuelS_Inform_f369ce,,,,,
2026-09-12T19:01:26-05:00,PUR_IED_ManuelS_SArtes_7d15f1,PUR_IED_ManuelS_SArtes_7d15f1,,,,,
2026-09-12T19:01:26-05:00,PUR_IED_ManuelZapata_303_3ca6,PUR_IED_ManuelZapata_303_3ca6,,,,,
2026-09-12T19:01:26-05:00,PUR_IED_ManuelZapata_311_bfbabc,PUR_IED_ManuelZapata_311_bfbabc,,,,,
2026-09-12T19:01:26-05:00,PUR_IED_ManuelZapata_Ext_50824a,PUR_IED_ManuelZapata_Ext_50824a,,,,,
2026-09-12T19:01:26-05:00,PUR_IED_ManuelitaS_Exteri_656a92,PUR_IED_ManuelitaS_Exteri_656a92,,,,,
2026-09-12T19:01:26-05:00,PUR_IED_ManuelitaS_JuzgDe_f58ec3,PUR_IED_ManuelitaS_JuzgDe_f58ec3,,,,,
2026-09-12T19:01:26-05:00,PUR_IED_ManuelitaS_Recrea_d793db,PUR_IED_ManuelitaS_Recrea_d793db,,,,,
2026-09-12T19:01:26-05:00,PUR_IED_MarFidSuarez_Ext_c27b19,PUR_IED_MarFidSuarez_Ext_c27b19,,,,,
2026-09-12T19:01:26-05:00,PUR_IED_MarFidSuarez_Info_e384d7,PUR_IED_MarFidSuarez_Info_e384d7,,,,,
2026-09-12T19:01:26-05:00,PUR_IED_MarFidSuarez_S306_1d0032,PUR_IED_MarFidSuarez_S306_1d0032,,,,,
2026-09-12T19:01:26-05:00,PUR_IED_Menorah_301_2a25a3,PUR_IED_Menorah_301_2a25a3,,,,,
2026-09-12T19:01:26-05:00,PUR_IED_Menorah_306_37ed3,PUR_IED_Menorah_306_37ed3,,,,,
2026-09-12T19:01:26-05:00,PUR_IED_Menorah_Ext_3e155b,PUR_IED_Menorah_Ext_3e155b,,,,,
2026-09-12T19:01:26-05:00,PUR_IED_MinutoB.Aires_A11_1b1604,PUR_IED_MinutoB.Aires_A11_1b1604,,,,,
2026-09-12T19:01:26-05:00,PUR_IED_MinutoB.Aires_A12_fb5860,PUR_IED_MinutoB.Aires_A12_fb5860,,,,,
2026-09-12T19:01:26-05:00,PUR_IED_MinutoB.Aires_Ext_81293f,PUR_IED_MinutoB.Aires_Ext_81293f,,,,,
2026-09-12T19:01:26-05:00,PUR_IED_MinutoBAires_A11_1b1604,PUR_IED_MinutoBAires_A11_1b1604,,,,,
2026-09-12T19:01:26-05:00,PUR_IED_MinutoBAires_A12_fb5860,PUR_IED_MinutoBAires_A12_fb5860,,,,,
2026-09-12T19:01:26-05:00,PUR_IED_MinutoBAires_Ext_81293f,PUR_IED_MinutoBAires_Ext_81293f,,,,,
2026-09-12T19:01:26-05:00,PUR_IED_Montreal_Aula10_1e4959,PUR_IED_Montreal_Aula10_1e4959,,,,,
2026-09-12T19:01:26-05:00,PUR_IED_Montreal_Aula6_300367,PUR_IED_Montreal_Aula6_300367,,,,,
2026-09-12T19:01:26-05:00,PUR_IED_Montreal_Exterior_91a179,PUR_IED_Montreal_Exterior_91a179,,,,,
2026-09-12T19:01:26-05:00,PUR_IED_Mqgdalena_B202_5ddda3,PUR_IED_Mqgdalena_B202_5ddda3,,,,,
2026-09-12T19:01:26-05:00,PUR_IED_NACUND_Soc_dc8728,PUR_IED_NACUND_Soc_dc8728,,,,,
2026-09-12T19:01:26-05:00,PUR_IED_NACUND_ext_27ad97,PUR_IED_NACUND_ext_27ad97,,,,,
2026-09-12T19:01:26-05:00,PUR_IED_NEsperanza_Ext_d24b61,PUR_IED_NEsperanza_Ext_d24b61,,,,,
2026-09-12T19:01:26-05:00,PUR_IED_NEsperanza_SElect_7d1807,PUR_IED_NEsperanza_SElect_7d1807,,,,,
2026-09-12T19:01:26-05:00,PUR_IED_NEsperanza_SLabor_8b2d0a,PUR_IED_NEsperanza_SLabor_8b2d0a,,,,,
2026-09-12T19:01:26-05:00,PUR_IED_NacionesU_Ext_f661a9,PUR_IED_NacionesU_Ext_f661a9,,,,,
2026-09-12T19:01:26-05:00,PUR_IED_NacionesU_Quimica_66f0a,PUR_IED_NacionesU_Quimica_66f0a,,,,,
2026-09-12T19:01:26-05:00,PUR_IED_NacionesU_S306_1b4b3d,PUR_IED_NacionesU_S306_1b4b3d,,,,,
2026-09-12T19:01:26-05:00,PUR_IED_NestorFA_Ext_e4201c,PUR_IED_NestorFA_Ext_e4201c,,,,,
2026-09-12T19:01:26-05:00,PUR_IED_NestorFA_Laborato_f22fe0,PUR_IED_NestorFA_Laborato_f22fe0,,,,,
2026-09-12T19:01:26-05:00,PUR_IED_NestorFA_S204_dee996,PUR_IED_NestorFA_S204_dee996,,,,,
2026-09-12T19:01:26-05:00,PUR_IED_NidyaQT_Aula03_76999b,PUR_IED_NidyaQT_Aula03_76999b,,,,,
2026-09-12T19:01:26-05:00,PUR_IED_NidyaQT_Aula10_56325,PUR_IED_NidyaQT_Aula10_56325,,,,,
2026-09-12T19:01:26-05:00,PUR_IED_NidyaQT_Ext_46e32d,PUR_IED_NidyaQT_Ext_46e32d,,,,,
2026-09-12T19:01:26-05:00,PUR_IED_NuevaCol_Exterior_d9b859,PUR_IED_NuevaCol_Exterior_d9b859,,,,,
2026-09-12T19:01:26-05:00,PUR_IED_NuevaCol_S1101_76c43b,PUR_IED_NuevaCol_S1101_76c43b,,,,,
2026-09-12T19:01:26-05:00,PUR_IED_NuevaCol_S1102_1ce0b5,PUR_IED_NuevaCol_S1102_1ce0b5,,,,,
2026-09-12T19:01:26-05:00,PUR_IED_OEA_A202_f7e3f2,PUR_IED_OEA_A202_f7e3f2,,,,,
2026-09-12T19:01:26-05:00,PUR_IED_OEA_A203_7d1b8d,PUR_IED_OEA_A203_7d1b8d,,,,,
2026-09-12T19:01:26-05:00,PUR_IED_OEA_Ext_27b593,PUR_IED_OEA_Ext_27b593,,,,,
2026-09-12T19:01:26-05:00,PUR_IED_Ochoa_Ext_1c29da,PUR_IED_Ochoa_Ext_1c29da,,,,,
2026-09-12T19:01:26-05:00,PUR_IED_Ochoa_S205_8b1121,PUR_IED_Ochoa_S205_8b1121,,,,,
2026-09-12T19:01:26-05:00,PUR_IED_Ochoa_Sistemas_f33af6,PUR_IED_Ochoa_Sistemas_f33af6,,,,,
2026-09-12T19:01:26-05:00,PUR_IED_PQuebec_Ext_1c67c7,PUR_IED_PQuebec_Ext_1c67c7,,,,,
2026-09-12T19:01:26-05:00,PUR_IED_PQuebec_S15_23e8e2,PUR_IED_PQuebec_S15_23e8e2,,,,,
2026-09-12T19:01:26-05:00,PUR_IED_PQuebec_S16_8ec76b,PUR_IED_PQuebec_S16_8ec76b,,,,,
2026-09-12T19:01:26-05:00,PUR_IED_PabloN_Ext_49dc96,PUR_IED_PabloN_Ext_49dc96,,,,,
2026-09-12T19:01:26-05:00,PUR_IED_PabloN_S1102_4e3df5,PUR_IED_PabloN_S1102_4e3df5,,,,,
2026-09-12T19:01:26-05:00,PUR_IED_PabloN_S1103_50c94b,PUR_IED_PabloN_S1103_50c94b,,,,,
2026-09-12T19:01:26-05:00,PUR_IED_Palestina_S1101_db9198,PUR_IED_Palestina_S1101_db9198,,,,,
2026-09-12T19:01:26-05:00,PUR_IED_Palestina_S1102_dc54fa,PUR_IED_Palestina_S1102_dc54fa,,,,,
2026-09-12T19:01:26-05:00,PUR_IED_Palestina_ext_4ccce6,PUR_IED_Palestina_ext_4ccce6,,,,,
2026-09-12T19:01:26-05:00,PUR_IED_Panama_Fisica_4d0794,PUR_IED_Panama_Fisica_4d0794,,,,,
2026-09-12T19:01:26-05:00,PUR_IED_Panama_SIngles_a4077e,PUR_IED_Panama_SIngles_a4077e,,,,,
2026-09-12T19:01:26-05:00,PUR_IED_Panama_ext_4c54b4,PUR_IED_Panama_ext_4c54b4,,,,,
2026-09-12T19:01:26-05:00,PUR_IED_ParaisoM_Exterior_8cd7f0,PUR_IED_ParaisoM_Exterior_8cd7f0,,,,,
2026-09-12T19:01:26-05:00,PUR_IED_ParaisoM_Laborato_27af35,PUR_IED_ParaisoM_Laborato_27af35,,,,,
2026-09-12T19:01:26-05:00,PUR_IED_ParaisoM_S304_d1edca,PUR_IED_ParaisoM_S304_d1edca,,,,,
2026-09-12T19:01:26-05:00,PUR_IED_PorfirioBarba_Ext_301466,PUR_IED_PorfirioBarba_Ext_301466,,,,,
2026-09-12T19:01:26-05:00,PUR_IED_PorfirioBarba_S11_df6cd2,PUR_IED_PorfirioBarba_S11_df6cd2,,,,,
2026-09-12T19:01:26-05:00,PUR_IED_PorfirioBarba_S29_27a7d6,PUR_IED_PorfirioBarba_S29_27a7d6,,,,,
2026-09-12T19:01:26-05:00,PUR_IED_PradoV_Exter_8b27ad,PUR_IED_PradoV_Exter_8b27ad,,,,,
2026-09-12T19:01:26-05:00,PUR_IED_PradoV_S301_de65b5,PUR_IED_PradoV_S301_de65b5,,,,,
2026-09-12T19:01:26-05:00,PUR_IED_PradoV_S302_7d2593,PUR_IED_PradoV_S302_7d2593,,,,,
2026-09-12T19:01:26-05:00,PUR_IED_QuirogaAlz_Ext_1ddc82,PUR_IED_QuirogaAlz_Ext_1ddc82,,,,,
2026-09-12T19:01:26-05:00,PUR_IED_QuirogaAlz_S302_9926a3,PUR_IED_QuirogaAlz_S302_9926a3,,,,,
2026-09-12T19:01:26-05:00,PUR_IED_QuirogaAlz_S305_cdf1f1,PUR_IED_QuirogaAlz_S305_cdf1f1,,,,,
2026-09-12T19:01:26-05:00,PUR_IED_RGuatemala_Biling_dc53b7,PUR_IED_RGuatemala_Biling_dc53b7,,,,,
2026-09-12T19:01:26-05:00,PUR_IED_RGuatemala_Ext_1b89a3,PUR_IED_RGuatemala_Ext_1b89a3,,,,,
2026-09-12T19:01:26-05:00,PUR_IED_RGuatemala_Tecnol_281a34,PUR_IED_RGuatemala_Tecnol_281a34,,,,,
2026-09-12T19:01:26-05:00,PUR_IED_RafaNu_Ext_f7c302,PUR_IED_RafaNu_Ext_f7c302,,,,,
2026-09-12T19:01:26-05:00,PUR_IED_RafaNu_S1101_25fde,PUR_IED_RafaNu_S1101_25fde,,,,,
2026-09-12T19:01:26-05:00,PUR_IED_RafaNu_S1102_281517,PUR_IED_RafaNu_S1102_281517,,,,,
2026-09-12T19:01:26-05:00,PUR_IED_RafaelB_S305_ee2783,PUR_IED_RafaelB_S305_ee2783,,,,,
2026-09-12T19:01:26-05:00,PUR_IED_RafaelB_S306_75fe33,PUR_IED_RafaelB_S306_75fe33,,,,,
2026-09-12T19:01:26-05:00,PUR_IED_RafaelB_ext_283336,PUR_IED_RafaelB_ext_283336,2,20,59,4.6722,-74.0737
2026-09-12T19:01:26-05:00,PUR_IED_RafaelUU_Exterior_281a51,PUR_IED_RafaelUU_Exterior_281a51,,,,,
2026-09-12T19:01:26-05:00,PUR_IED_RafaelUU_Human_806b2,PUR_IED_RafaelUU_Human_806b2,,,,,
2026-09-12T19:01:26-05:00,PUR_IED_RafaelUU_Mate2_5680d4,PUR_IED_RafaelUU_Mate2_5680d4,,,,,
2026-09-12T19:01:26-05:00,PUR_IED_RamonSub_Ext_f9eeb9,PUR_IED_RamonSub_Ext_f9eeb9,,,,,
2026-09-12T19:01:26-05:00,PUR_IED_RamonSub_Media_d1f62f,PUR_IED_RamonSub_Media_d1f62f,,,,,
2026-09-12T19:01:26-05:00,PUR_IED_RamonSub_planta_51b82,PUR_IED_RamonSub_planta_51b82,,,,,
2026-09-12T19:01:26-05:00,PUR_IED_RepBoliVene_Exter_27af7c,PUR_IED_RepBoliVene_Exter_27af7c,,,,,
2026-09-12T19:01:26-05:00,PUR_IED_RepBoliVene_SCPT_5ae2ee,PUR_IED_RepBoliVene_SCPT_5ae2ee,,,,,
2026-09-12T19:01:26-05:00,PUR_IED_RepBoliVene_Socia_4b11d5,PUR_IED_RepBoliVene_Socia_4b11d5,,,,,
2026-09-12T19:01:26-05:00,PUR_IED_RepChina_Ext_76d9ee,PUR_IED_RepChina_Ext_76d9ee,,,,,
2026-09-12T19:01:26-05:00,PUR_IED_RepChina_S404_7c804c,PUR_IED_RepChina_S404_7c804c,,,,,
2026-09-12T19:01:26-05:00,PUR_IED_RepChina_S405_df2c33,PUR_IED_RepChina_S405_df2c33,,,,,
2026-09-12T19:01:26-05:00,PUR_IED_RepublicaC_Exteri_7d1ec9,PUR_IED_RepublicaC_Exteri_7d1ec9,,,,,
2026-09-12T19:01:26-05:00,PUR_IED_RepublicaC_S1101_f544b3,PUR_IED_RepublicaC_S1101_f544b3,,,,,
2026-09-12T19:01:26-05:00,PUR_IED_RepublicaC_S1102_7aafc7,PUR_IED_RepublicaC_S1102_7aafc7,,,,,
2026-09-12T19:01:26-05:00,PUR_IED_Ricaurte_Externo_a0ea1,PUR_IED_Ricaurte_Externo_a0ea1,,,,,
2026-09-12T19:01:26-05:00,PUR_IED_Ricaurte_S210_f546fd,PUR_IED_Ricaurte_S210_f546fd,,,,,
2026-09-12T19:01:26-05:00,PUR_IED_Ricaurte_S309_d4452,PUR_IED_Ricaurte_S309_d4452,,,,,
2026-09-12T19:01:26-05:00,PUR_IED_RogelioS_1102_531e69,PUR_IED_RogelioS_1102_531e69,,,,,
2026-09-12T19:01:26-05:00,PUR_IED_RogelioS_Ext_f25a18,PUR_IED_RogelioS_Ext_f25a18,,,,,
2026-09-12T19:01:26-05:00,PUR_IED_SBernardino_Ext_27aff8,PUR_IED_SBernardino_Ext_27aff8,,,,,
2026-09-12T19:01:26-05:00,PUR_IED_SBernardino_SArte_2ffd33,PUR_IED_SBernardino_SArte_2ffd33,,,,,
2026-09-12T19:01:26-05:00,PUR_IED_SBernardino_SIngl_7c7da5,PUR_IED_SBernardino_SIngl_7c7da5,,,,,
2026-09-12T19:01:26-05:00,PUR_IED_Sago_auditorio_dc9d1d,PUR_IED_Sago_auditorio_dc9d1d,,,,,
2026-09-12T19:01:26-05:00,PUR_IED_Saludcoop_Ext_95aac3,PUR_IED_Saludcoop_Ext_95aac3,,,,,
2026-09-12T19:01:26-05:00,PUR_IED_Saludcoop_InfI_90c854,PUR_IED_Saludcoop_InfI_90c854,,,,,
2026-09-12T19:01:26-05:00,PUR_IED_Saludcoop_SMedia_1b93be,PUR_IED_Saludcoop_SMedia_1b93be,,,,,
2026-09-12T19:01:26-05:00,PUR_IED_SanCarlos_1101_1a2360,PUR_IED_SanCarlos_1101_1a2360,,,,,
2026-09-12T19:01:26-05:00,PUR_IED_SanCarlos_1103_7bafb5,PUR_IED_SanCarlos_1103_7bafb5,,,,,
2026-09-12T19:01:26-05:00,PUR_IED_SanCarlos_Ext_b7cd1,PUR_IED_SanCarlos_Ext_b7cd1,,,,,
2026-09-12T19:01:26-05:00,PUR_IED_SanIgnacioBosa11a_50c26e,PUR_IED_SanIgnacioBosa11a_50c26e,,,,,
2026-09-12T19:01:26-05:00,PUR_IED_SanIgnacioBosa11b_371de8,PUR_IED_SanIgnacioBosa11b_371de8,,,,,
2026-09-12T19:01:26-05:00,PUR_IED_SanIgnacioBosaExt_ef0ffc,PUR_IED_SanIgnacioBosaExt_ef0ffc,,,,,
2026-09-12T19:01:26-05:00,PUR_IED_SanIgnacioBosa_11a_50c26e,PUR_IED_SanIgnacioBosa_11a_50c26e,,,,,
2026-09-12T19:01:26-05:00,PUR_IED_SanIgnacioBosa_Ext_ef0ffc,PUR_IED_SanIgnacioBosa_Ext_ef0ffc,,,,,
2026-09-12T19:01:26-05:00,PUR_IED_SanJoseN_intS1101_31c47f,PUR_IED_SanJoseN_intS1101_31c47f,,,,,
2026-09-12T19:01:26-05:00,PUR_IED_SanJoseUsm_Exter_f5d7e8,PUR_IED_SanJoseUsm_Exter_f5d7e8,,,,,
2026-09-12T19:01:26-05:00,PUR_IED_SanJoseUsm_Int11A_cfdef6,PUR_IED_SanJoseUsm_Int11A_cfdef6,,,,,
2026-09-12T19:01:26-05:00,PUR_IED_SilveriaR_IntB5_905349,PUR_IED_SilveriaR_IntB5_905349,,,,,
2026-09-12T19:01:26-05:00,PUR_IED_SilveriaR_IntSD14_981f93,PUR_IED_SilveriaR_IntSD14_981f93,,,,,
2026-09-12T19:01:26-05:00,PUR_IED_SilveriaR_ext_2b651d,PUR_IED_SilveriaR_ext_2b651d,,,,,
2026-09-12T19:01:26-05:00,PUR_IED_SimonB_Exterior_913975,PUR_IED_SimonB_Exterior_913975,,,,,
2026-09-12T19:01:26-05:00,PUR_IED_SimonB_LabQuimi_c56908,PUR_IED_SimonB_LabQuimi_c56908,,,,,
2026-09-12T19:01:26-05:00,PUR_IED_SimonB_informatic_a28c1,PUR_IED_SimonB_informatic_a28c1,,,,,
2026-09-12T19:01:26-05:00,PUR_IED_Sorrento_1102_315f50,PUR_IED_Sorrento_1102_315f50,,,,,
2026-09-12T19:01:26-05:00,PUR_IED_Sorrento_Minte_214eab,PUR_IED_Sorrento_Minte_214eab,,,,,
2026-09-12T19:01:26-05:00,PUR_IED_Sorrento_ext_7c3a0a,PUR_IED_Sorrento_ext_7c3a0a,,,,,
2026-09-12T19:01:26-05:00,PUR_IED_Tabora_Ext_f048ae,PUR_IED_Tabora_Ext_f048ae,,,,,
2026-09-12T19:01:26-05:00,PUR_IED_Tabora_S1102_b07752,PUR_IED_Tabora_S1102_b07752,,,,,
2026-09-12T19:01:26-05:00,PUR_IED_Tabora_S1103_d988f5,PUR_IED_Tabora_S1103_d988f5,,,,,
2026-09-12T19:01:26-05:00,PUR_IED_Tenerife_Ext_1ab188,PUR_IED_Tenerife_Ext_1ab188,,,,,
2026-09-12T19:01:26-05:00,PUR_IED_Tenerife_SDanzas_7bc02e,PUR_IED_Tenerife_SDanzas_7bc02e,,,,,
2026-09-12T19:01:26-05:00,PUR_IED_Tenerife_SIngles_7cc277,PUR_IED_Tenerife_SIngles_7cc277,,,,,
2026-09-12T19:01:26-05:00,PUR_IED_Tibabuyes_Exter_f2683d,PUR_IED_Tibabuyes_Exter_f2683d,,,,,
2026-09-12T19:01:26-05:00,PUR_IED_Tibabuyes_S10_dc87a8,PUR_IED_Tibabuyes_S10_dc87a8,,,,,
2026-09-12T19:01:26-05:00,PUR_IED_Tibabuyes_S15_dc0526,PUR_IED_Tibabuyes_S15_dc0526,,,,,
2026-09-12T19:01:26-05:00,PUR_IED_UnionE_S301_a1043,PUR_IED_UnionE_S301_a1043,,,,,
2026-09-12T19:01:26-05:00,PUR_IED_UnionE_S307_ff6c2f,PUR_IED_UnionE_S307_ff6c2f,,,,,
2026-09-12T19:01:26-05:00,PUR_IED_UnionE__Ext_5e2468,PUR_IED_UnionE__Ext_5e2468,,,,,
2026-09-12T19:01:26-05:00,PUR_IED_VillaRica_Ext_75be7c,PUR_IED_VillaRica_Ext_75be7c,,,,,
2026-09-12T19:01:26-05:00,PUR_IED_VillaRica_S4_cc5dcd,PUR_IED_VillaRica_S4_cc5dcd,,,,,
2026-09-12T19:01:26-05:00,PUR_IED_VillaRica_Sesp_99f5c,PUR_IED_VillaRica_Sesp_99f5c,,,,,
2026-09-12T19:06:11-05:00,PUR_IED_20deJulio_1101_91b1b9,PUR_IED_20deJulio_1101_91b1b9,,,,,
2026-09-12T19:06:11-05:00,PUR_IED_20deJulio_1102_1cfcf9,PUR_IED_20deJulio_1102_1cfcf9,,,,,
2026-09-12T19:06:11-05:00,PUR_IED_20deJulio_Ext_ab60bd,PUR_IED_20deJulio_Ext_ab60bd,,,,,
2026-09-12T19:06:11-05:00,PUR_IED_AgustinFer_Ext_7b9b77,PUR_IED_AgustinFer_Ext_7b9b77,,,,,
2026-09-12T19:06:11-05:00,PUR_IED_AgustinFer_Info2_27b3a7,PUR_IED_AgustinFer_Info2_27b3a7,,,,,
2026-09-12T19:06:11-05:00,PUR_IED_AgustinFer_Sena_54b4eb,PUR_IED_AgustinFer_Sena_54b4eb,,,,,
2026-09-12T19:06:11-05:00,PUR_IED_AlexanderF_1102_caf07b,PUR_IED_AlexanderF_1102_caf07b,,,,,
2026-09-12T19:06:11-05:00,PUR_IED_AlexanderF_1103_c79e71,PUR_IED_AlexanderF_1103_c79e71,,,,,
2026-09-12T19:06:11-05:00,PUR_IED_AlexanderF_Ext_c5b18b,PUR_IED_AlexanderF_Ext_c5b18b,,,,,
2026-09-12T19:06:11-05:00,PUR_IED_AlfonsoLopez_Ext_281d77,PUR_IED_AlfonsoLopez_Ext_281d77,,,,,
2026-09-12T19:06:11-05:00,PUR_IED_AlfonsoLopez_LabF_888ce0,PUR_IED_AlfonsoLopez_LabF_888ce0,,,,,
2026-09-12T19:06:11-05:00,PUR_IED_AlfonsoLopez_SMed_df6a7f,PUR_IED_AlfonsoLopez_SMed_df6a7f,,,,,
2026-09-12T19:06:11-05:00,PUR_IED_AltamiraSO_A2_209f92,PUR_IED_AltamiraSO_A2_209f92,,,,,
2026-09-12T19:06:11-05:00,PUR_IED_AltamiraSO_Ext_186d66,PUR_IED_AltamiraSO_Ext_186d66,,,,,
2026-09-12T19:06:11-05:00,PUR_IED_AltamiraSO_Sistem_27afe1,PUR_IED_AltamiraSO_Sistem_27afe1,,,,,
2026-09-12T19:06:11-05:00,PUR_IED_AlvaroGom_LabQuim_813179,PUR_IED_AlvaroGom_LabQuim_813179,,,,,
2026-09-12T19:06:11-05:00,PUR_IED_AlvaroGomez_Ext_47c7ca,PUR_IED_AlvaroGomez_Ext_47c7ca,,,,,
2026-09-12T19:06:11-05:00,PUR_IED_AlvaroGomez_LabQuim_813179,PUR_IED_AlvaroGomez_LabQuim_813179,,,,,
2026-09-12T19:06:11-05:00,PUR_IED_AlvaroGomez_S23_7ba89f,PUR_IED_AlvaroGomez_S23_7ba89f,,,,,
2026-09-12T19:06:11-05:00,PUR_IED_Amistad_306_dc8728,PUR_IED_Amistad_306_dc8728,,,,,
2026-09-12T19:06:11-05:00,PUR_IED_Amistad_Ext_8cd55e,PUR_IED_Amistad_Ext_8cd55e,,,,,
2026-09-12T19:06:11-05:00,PUR_IED_Amistad_S202_a41169,PUR_IED_Amistad_S202_a41169,,,,,
2026-09-12T19:06:11-05:00,PUR_IED_AndresBello_Bio_fd5f5e,PUR_IED_AndresBello_Bio_fd5f5e,,,,,
2026-09-12T19:06:11-05:00,PUR_IED_AndresBello_ext_dcad65,PUR_IED_AndresBello_ext_dcad65,,,,,
2026-09-12T19:06:11-05:00,PUR_IED_AndresBello_port_eed3ec,PUR_IED_AndresBello_port_eed3ec,,,,,
2026-09-12T19:06:11-05:00,PUR_IED_AngelaR_11b_d90a6b,PUR_IED_AngelaR_11b_d90a6b,,,,,
2026-09-12T19:06:11-05:00,PUR_IED_AngelaR_ext_7cad3e,PUR_IED_AngelaR_ext_7cad3e,,,,,
2026-09-12T19:06:11-05:00,PUR_IED_AntJoseSucre_10mo_df2575,PUR_IED_AntJoseSucre_10mo_df2575,,,,,
2026-09-12T19:06:11-05:00,PUR_IED_AntJoseSucre_Ext_215b36,PUR_IED_AntJoseSucre_Ext_215b36,,,,,
2026-09-12T19:06:11-05:00,PUR_IED_AntJoseSucre_Lab_3139de,PUR_IED_AntJoseSucre_Lab_3139de,,,,,
2026-09-12T19:06:11-05:00,PUR_IED_AntonioGarcia_301_d6b188,PUR_IED_AntonioGarcia_301_d6b188,,,,,
2026-09-12T19:06:11-05:00,PUR_IED_AntonioGarcia_302_88a82,PUR_IED_AntonioGarcia_302_88a82,,,,,
2026-09-12T19:06:11-05:00,PUR_IED_AntonioGarcia_Ext_20950c,PUR_IED_AntonioGarcia_Ext_20950c,,,,,
2026-09-12T19:06:11-05:00,PUR_IED_AntonioVan_Aula2_6dea02,PUR_IED_AntonioVan_Aula2_6dea02,,,,,
2026-09-12T19:06:11-05:00,PUR_IED_AntonioVan_Aula5_f1557e,PUR_IED_AntonioVan_Aula5_f1557e,,,,,
2026-09-12T19:06:11-05:00,PUR_IED_AntonioVan_Ext_406f2f,PUR_IED_AntonioVan_Ext_406f2f,,,,,
2026-09-12T19:06:11-05:00,PUR_IED_Atabanzha_Ext_cc5af9,PUR_IED_Atabanzha_Ext_cc5af9,,,,,
2026-09-12T19:06:11-05:00,PUR_IED_Atabanzha_SA101_56c37,PUR_IED_Atabanzha_SA101_56c37,,,,,
2026-09-12T19:06:11-05:00,PUR_IED_Atabanzha_SB302_27b374,PUR_IED_Atabanzha_SB302_27b374,,,,,
2026-09-12T19:06:11-05:00,PUR_IED_Atahualpa_Ext_fc1748,PUR_IED_Atahualpa_Ext_fc1748,,,,,
2026-09-12T19:06:11-05:00,PUR_IED_Atahualpa_Informa_dc9a95,PUR_IED_Atahualpa_Informa_dc9a95,,,,,
2026-09-12T19:06:11-05:00,PUR_IED_Atahualpa_S1101_f98056,PUR_IED_Atahualpa_S1101_f98056,,,,,
2026-09-12T19:06:11-05:00,PUR_IED_Bellavista_Ext_f5aa74,PUR_IED_Bellavista_Ext_f5aa74,,,,,
2026-09-12T19:06:11-05:00,PUR_IED_Bilbao_11A_916c41,PUR_IED_Bilbao_11A_916c41,,,,,
2026-09-12T19:06:11-05:00,PUR_IED_Bilbao_Ext_fb579a,PUR_IED_Bilbao_Ext_fb579a,,,,,
2026-09-12T19:06:11-05:00,PUR_IED_BrasiliaU_A125_304280,PUR_IED_BrasiliaU_A125_304280,,,,,
2026-09-12T19:06:11-05:00,PUR_IED_BrasiliaU_A203_7c8ca5,PUR_IED_BrasiliaU_A203_7c8ca5,,,,,
2026-09-12T19:06:11-05:00,PUR_IED_BrasiliaU_Ext_8d6e9f,PUR_IED_BrasiliaU_Ext_8d6e9f,7,18,62,4.5175,-74.116302
2026-09-12T19:06:11-05:00,PUR_IED_Brasilia_Ext_fe6593,PUR_IED_Brasilia_Ext_fe6593,,,,,
2026-09-12T19:06:11-05:00,PUR_IED_Brasilia_S24_7c130d,PUR_IED_Brasilia_S24_7c130d,,,,,
2026-09-12T19:06:11-05:00,PUR_IED_Brasilia_S501_186a54,PUR_IED_Brasilia_S501_186a54,,,,,
2026-09-12T19:06:11-05:00,PUR_IED_CHARRY_EXT_f1d5cd,PUR_IED_CHARRY_EXT_f1d5cd,,,,,
2026-09-12T19:06:11-05:00,PUR_IED_CHARRY_INTDANZAS_7a08e6,PUR_IED_CHARRY_INTDANZAS_7a08e6,,,,,
2026-09-12T19:06:11-05:00,PUR_IED_CHARRY_INT_AULA20_dc998d,PUR_IED_CHARRY_INT_AULA20_dc998d,,,,,
2026-09-12T19:06:11-05:00,PUR_IED_COLVIV_1101_S25_7f520a,PUR_IED_COLVIV_1101_S25_7f520a,,,,,
2026-09-12T19:06:11-05:00,PUR_IED_COLVIV_1102_S16_f570ba,PUR_IED_COLVIV_1102_S16_f570ba,,,,,
2026-09-12T19:06:11-05:00,PUR_IED_COLVIV_Ext_1a26fa,PUR_IED_COLVIV_Ext_1a26fa,,,,,
2026-09-12T19:06:11-05:00,PUR_IED_CULPOP_301A_f660f3,PUR_IED_CULPOP_301A_f660f3,,,,,
2026-09-12T19:06:11-05:00,PUR_IED_CULPOP_303_568afe,PUR_IED_CULPOP_303_568afe,,,,,
2026-09-12T19:06:11-05:00,PUR_IED_CULPOP_Ext_e02ccb,PUR_IED_CULPOP_Ext_e02ccb,,,,,
2026-09-12T19:06:11-05:00,PUR_IED_CVillavicen_Ext_26eb58,PUR_IED_CVillavicen_Ext_26eb58,4,16,77,4.487,-74.102798
2026-09-12T19:06:11-05:00,PUR_IED_CVillavicen_Intel_1ce5c2,PUR_IED_CVillavicen_Intel_1ce5c2,,,,,
2026-09-12T19:06:11-05:00,PUR_IED_CVillavicen_Poliv_e0766c,PUR_IED_CVillavicen_Poliv_e0766c,,,,,
2026-09-12T19:06:11-05:00,PUR_IED_CVillavicen_int_1ba140,PUR_IED_CVillavicen_int_1ba140,,,,,
2026-09-12T19:06:11-05:00,PUR_IED_CVillavicen_intel_1ba140,PUR_IED_CVillavicen_intel_1ba140,,,,,
2026-09-12T19:06:11-05:00,PUR_IED_CarlosPizarro_Ext_e307cc,PUR_IED_CarlosPizarro_Ext_e307cc,,,,,
2026-09-12T19:06:11-05:00,PUR_IED_CarlosPizarro_L36_7e5cdb,PUR_IED_CarlosPizarro_L36_7e5cdb,,,,,
2026-09-12T19:06:11-05:00,PUR_IED_CarlosPizarro_L37_c8566c,PUR_IED_CarlosPizarro_L37_c8566c,,,,,
2026-09-12T19:06:11-05:00,PUR_IED_Castilla_Ext_cf35f,PUR_IED_Castilla_Ext_cf35f,,,,,
2026-09-12T19:06:11-05:00,PUR_IED_Castilla_SFisik_360e38,PUR_IED_Castilla_SFisik_360e38,,,,,
2026-09-12T19:06:11-05:00,PUR_IED_Castilla_Sc304_496fbf,PUR_IED_Castilla_Sc304_496fbf,,,,,
2026-09-12T19:06:11-05:00,PUR_IED_CervantesSa_Ext_6b57b,PUR_IED_CervantesSa_Ext_6b57b,6,19,67,4.5128,-74.117203
2026-09-12T19:06:11-05:00,PUR_IED_CervantesSa_S107_225c2b,PUR_IED_CervantesSa_S107_225c2b,,,,,
2026-09-12T19:06:11-05:00,PUR_IED_CervantesSa_S108_940925,PUR_IED_CervantesSa_S108_940925,,,,,
2026-09-12T19:06:11-05:00,PUR_IED_Charry_A20_f53e7c,PUR_IED_Charry_A20_f53e7c,,,,,
2026-09-12T19:06:11-05:00,PUR_IED_Charry_Ext_f1d5cd,PUR_IED_Charry_Ext_f1d5cd,,,,,
2026-09-12T19:06:11-05:00,PUR_IED_Charry_IntAula20_dc998d,PUR_IED_Charry_IntAula20_dc998d,,,,,
2026-09-12T19:06:11-05:00,PUR_IED_Charry_IntDanzas_7a08e6,PUR_IED_Charry_IntDanzas_7a08e6,,,,,
2026-09-12T19:06:11-05:00,PUR_IED_ClememciaC_203_43e2fc,PUR_IED_ClememciaC_203_43e2fc,,,,,
2026-09-12T19:06:11-05:00,PUR_IED_ClememciaC_Ext_1b411a,PUR_IED_ClememciaC_Ext_1b411a,,,,,
2026-09-12T19:06:11-05:00,PUR_IED_ClememciaC_Quimic_44b5fc,PUR_IED_ClememciaC_Quimic_44b5fc,,,,,
2026-09-12T19:06:11-05:00,PUR_IED_ClemenciaC_203_43e2fc,PUR_IED_ClemenciaC_203_43e2fc,,,,,
2026-09-12T19:06:11-05:00,PUR_IED_ClemenciaC_Ext_1b411a,PUR_IED_ClemenciaC_Ext_1b411a,,,,,
2026-09-12T19:06:11-05:00,PUR_IED_ClemenciaC_Quimic_44b5fc,PUR_IED_ClemenciaC_Quimic_44b5fc,,,,,
2026-09-12T19:06:11-05:00,PUR_IED_ColViva_1101_S25_7f520a,PUR_IED_ColViva_1101_S25_7f520a,,,,,
2026-09-12T19:06:11-05:00,PUR_IED_ColViva_1102_S16_f570ba,PUR_IED_ColViva_1102_S16_f570ba,,,,,
2026-09-12T19:06:11-05:00,PUR_IED_ColViva_Ext_1a26fa,PUR_IED_ColViva_Ext_1a26fa,,,,,
2026-09-12T19:06:11-05:00,PUR_IED_ColegioBici_Asist_7c8798,PUR_IED_ColegioBici_Asist_7c8798,,,,,
2026-09-12T19:06:11-05:00,PUR_IED_ColegioBici_Ext_25cbf6,PUR_IED_ColegioBici_Ext_25cbf6,,,,,
2026-09-12T19:06:11-05:00,PUR_IED_ColegioBici_LabQ_7b57db,PUR_IED_ColegioBici_LabQ_7b57db,,,,,
2026-09-12T19:06:11-05:00,PUR_IED_CostaRica_Ext_5e640,PUR_IED_CostaRica_Ext_5e640,,,,,
2026-09-12T19:06:11-05:00,PUR_IED_CostaRica_Quim1_766d1c,PUR_IED_CostaRica_Quim1_766d1c,,,,,
2026-09-12T19:06:11-05:00,PUR_IED_CostaRica__Fisica_6f0873,PUR_IED_CostaRica__Fisica_6f0873,,,,,
2026-09-12T19:06:11-05:00,PUR_IED_CulPopu_301A_f660f3,PUR_IED_CulPopu_301A_f660f3,,,,,
2026-09-12T19:06:11-05:00,PUR_IED_CulPopu_303_568afe,PUR_IED_CulPopu_303_568afe,,,,,
2026-09-12T19:06:11-05:00,PUR_IED_CulPopu_Ext_e02ccb,PUR_IED_CulPopu_Ext_e02ccb,,,,,
2026-09-12T19:06:11-05:00,PUR_IED_Cundinamarca_Ext_f15985,PUR_IED_Cundinamarca_Ext_f15985,,,,,
2026-09-12T19:06:11-05:00,PUR_IED_Cundinamarca_Info_7aa5d7,PUR_IED_Cundinamarca_Info_7aa5d7,,,,,
2026-09-12T19:06:11-05:00,PUR_IED_Cundinamarca_Tec2_f449c7,PUR_IED_Cundinamarca_Tec2_f449c7,,,,,
2026-09-12T19:06:11-05:00,PUR_IED_DiegoM_Aula1_27b314,PUR_IED_DiegoM_Aula1_27b314,,,,,
2026-09-12T19:06:11-05:00,PUR_IED_DiegoM_Ext_d80ac8,PUR_IED_DiegoM_Ext_d80ac8,,,,,
2026-09-12T19:06:11-05:00,PUR_IED_DiegoM_S25_da928f,PUR_IED_DiegoM_S25_da928f,,,,,
2026-09-12T19:06:11-05:00,PUR_IED_ELRODEO_360881,PUR_IED_ELRODEO_360881,,,,,
2026-09-12T19:06:11-05:00,PUR_IED_ELRODEO_ext_360881,PUR_IED_ELRODEO_ext_360881,,,,,
2026-09-12T19:06:11-05:00,PUR_IED_EduardoU_Ext_1c1969,PUR_IED_EduardoU_Ext_1c1969,,,,,
2026-09-12T19:06:11-05:00,PUR_IED_EduardoU_SCiencia_4dfb94,PUR_IED_EduardoU_SCiencia_4dfb94,,,,,
2026-09-12T19:06:11-05:00,PUR_IED_EduardoU_SQuimica_5a46e7,PUR_IED_EduardoU_SQuimica_5a46e7,,,,,
2026-09-12T19:06:11-05:00,PUR_IED_ElRodeo_Aula14_676984,PUR_IED_ElRodeo_Aula14_676984,,,,,
2026-09-12T19:06:11-05:00,PUR_IED_ElRodeo_Aula16_2dd35b,PUR_IED_ElRodeo_Aula16_2dd35b,,,,,
2026-09-12T19:06:11-05:00,PUR_IED_ElRodeo_Ext_360881,PUR_IED_ElRodeo_Ext_360881,,,,,
2026-09-12T19:06:11-05:00,PUR_IED_ElRodeo_Exterior_8c6d28,PUR_IED_ElRodeo_Exterior_8c6d28,,,,,
2026-09-12T19:06:11-05:00,PUR_IED_ElRodeo_ext_360881,PUR_IED_ElRodeo_ext_360881,,,,,
2026-09-12T19:06:11-05:00,PUR_IED_EmmaReyes_Ext_987625,PUR_IED_EmmaReyes_Ext_987625,3,21,51,4.6367,-74.1511
2026-09-12T19:06:11-05:00,PUR_IED_Ensueño_Ext_7f0250,PUR_IED_Ensueño_Ext_7f0250,,,,,
2026-09-12T19:06:11-05:00,PUR_IED_EscNormal_Ext_5fef3b,PUR_IED_EscNormal_Ext_5fef3b,2,20,57,4.5852,-74.096901
2026-09-12T19:06:11-05:00,PUR_IED_EscNormal_S309_5b263,PUR_IED_EscNormal_S309_5b263,,,,,
2026-09-12T19:06:11-05:00,PUR_IED_EscNormal_S310_27b3b8,PUR_IED_EscNormal_S310_27b3b8,,,,,
2026-09-12T19:06:11-05:00,PUR_IED_Evangelista_Conta_f6cd4f,PUR_IED_Evangelista_Conta_f6cd4f,,,,,
2026-09-12T19:06:11-05:00,PUR_IED_Evangelista_Cri_5e16a,PUR_IED_Evangelista_Cri_5e16a,,,,,
2026-09-12T19:06:11-05:00,PUR_IED_Evangelista_Exter_754066,PUR_IED_Evangelista_Exter_754066,,,,,
2026-09-12T19:06:11-05:00,PUR_IED_FMiranda_S209_5cc2a3,PUR_IED_FMiranda_S209_5cc2a3,,,,,
2026-09-12T19:06:11-05:00,PUR_IED_FMiranda_S303_19e344,PUR_IED_FMiranda_S303_19e344,,,,,
2026-09-12T19:06:11-05:00,PUR_IED_FMiranda_ext_f53e7c,PUR_IED_FMiranda_ext_f53e7c,,,,,
2026-09-12T19:06:11-05:00,PUR_IED_FabioLozano_Bibli_1cee05,PUR_IED_FabioLozano_Bibli_1cee05,,,,,
2026-09-12T19:06:11-05:00,PUR_IED_FabioLozano_Ext_6ea285,PUR_IED_FabioLozano_Ext_6ea285,,,,,
2026-09-12T19:06:11-05:00,PUR_IED_FabioLozano_SLudi_f09e1e,PUR_IED_FabioLozano_SLudi_f09e1e,,,,,
2026-09-12T19:06:11-05:00,PUR_IED_FaustinoS_Aula07_27a731,PUR_IED_FaustinoS_Aula07_27a731,,,,,
2026-09-12T19:06:11-05:00,PUR_IED_FaustinoS_Ext_7b936f,PUR_IED_FaustinoS_Ext_7b936f,,,,,
2026-09-12T19:06:11-05:00,PUR_IED_FaustinoS_Fisica_da2c60,PUR_IED_FaustinoS_Fisica_da2c60,,,,,
2026-09-12T19:06:11-05:00,PUR_IED_FeGarciaLo_Ext_dc68ee,PUR_IED_FeGarciaLo_Ext_dc68ee,,,,,
2026-09-12T19:06:11-05:00,PUR_IED_FeGarciaLo_SDanza_f70a59,PUR_IED_FeGarciaLo_SDanza_f70a59,,,,,
2026-09-12T19:06:11-05:00,PUR_IED_FeGarciaLo_SMusic_125cdd,PUR_IED_FeGarciaLo_SMusic_125cdd,,,,,
2026-09-12T19:06:11-05:00,PUR_IED_FederalAlema_Exte_50c345,PUR_IED_FederalAlema_Exte_50c345,,,,,
2026-09-12T19:06:11-05:00,PUR_IED_FederalAlema_S31_f18371,PUR_IED_FederalAlema_S31_f18371,,,,,
2026-09-12T19:06:11-05:00,PUR_IED_FederalAlema_S901_a62cd,PUR_IED_FederalAlema_S901_a62cd,,,,,
2026-09-12T19:06:11-05:00,PUR_IED_FilarmonicaS_A5_f35eb1,PUR_IED_FilarmonicaS_A5_f35eb1,,,,,
2026-09-12T19:06:11-05:00,PUR_IED_FilarmonicaS_Ext_8a3bde,PUR_IED_FilarmonicaS_Ext_8a3bde,,,,,
2026-09-12T19:06:11-05:00,PUR_IED_FilarmonicaS_Spol_406114,PUR_IED_FilarmonicaS_Spol_406114,,,,,
2026-09-12T19:06:11-05:00,PUR_IED_FlorentinoG_A13_d1fa59,PUR_IED_FlorentinoG_A13_d1fa59,,,,,
2026-09-12T19:06:11-05:00,PUR_IED_FlorentinoG_Ext_1ce6ce,PUR_IED_FlorentinoG_Ext_1ce6ce,,,,,
2026-09-12T19:06:11-05:00,PUR_IED_FlorentinoG_Idiom_a66aac,PUR_IED_FlorentinoG_Idiom_a66aac,,,,,
2026-09-12T19:06:11-05:00,PUR_IED_FranciscoMati_Ext_e3869d,PUR_IED_FranciscoMati_Ext_e3869d,,,,,
2026-09-12T19:06:11-05:00,PUR_IED_FranciscoMati_S13_f31c67,PUR_IED_FranciscoMati_S13_f31c67,,,,,
2026-09-12T19:06:11-05:00,PUR_IED_FranciscoMati_S14_97dead,PUR_IED_FranciscoMati_S14_97dead,,,,,
2026-09-12T19:06:11-05:00,PUR_IED_FranciscoPS_Ext_7bfa9a,PUR_IED_FranciscoPS_Ext_7bfa9a,2,21,57,4.5899,-74.110397
2026-09-12T19:06:11-05:00,PUR_IED_FranciscoPS_Infor_fb8f4c,PUR_IED_FranciscoPS_Infor_fb8f4c,,,,,
2026-09-12T19:06:11-05:00,PUR_IED_FranciscoPS_Quimi_94d39c,PUR_IED_FranciscoPS_Quimi_94d39c,,,,,
2026-09-12T19:06:11-05:00,PUR_IED_FranciscoP_LabQ_d7e148,PUR_IED_FranciscoP_LabQ_d7e148,,,,,
2026-09-12T19:06:11-05:00,PUR_IED_FranciscoP_S28_cf9b30,PUR_IED_FranciscoP_S28_cf9b30,,,,,
2026-09-12T19:06:11-05:00,PUR_IED_FranciscoP_ext_e2313,PUR_IED_FranciscoP_ext_e2313,,,,,
2026-09-12T19:06:11-05:00,PUR_IED_FriederichN_Ext_8ac92a,PUR_IED_FriederichN_Ext_8ac92a,,,,,
2026-09-12T19:06:11-05:00,PUR_IED_FriederichN_S301_dd7e5a,PUR_IED_FriederichN_S301_dd7e5a,,,,,
2026-09-12T19:06:11-05:00,PUR_IED_FriederichN_S308_761f4f,PUR_IED_FriederichN_S308_761f4f,,,,,
2026-09-12T19:06:11-05:00,PUR_IED_GSantander_Aula10_533dd7,PUR_IED_GSantander_Aula10_533dd7,,,,,
2026-09-12T19:06:11-05:00,PUR_IED_GSantander_Aula12_fd4e4f,PUR_IED_GSantander_Aula12_fd4e4f,,,,,
2026-09-12T19:06:11-05:00,PUR_IED_GSantander_Aula310_533dd7,PUR_IED_GSantander_Aula310_533dd7,,,,,
2026-09-12T19:06:11-05:00,PUR_IED_GSantander_Aula312_fd4e4f,PUR_IED_GSantander_Aula312_fd4e4f,,,,,
2026-09-12T19:06:11-05:00,PUR_IED_GSantander_Ext_5f66b0,PUR_IED_GSantander_Ext_5f66b0,,,,,
2026-09-12T19:06:11-05:00,PUR_IED_GYomasa_Ext_f6bea5,PUR_IED_GYomasa_Ext_f6bea5,,,,,
2026-09-12T19:06:11-05:00,PUR_IED_GYomasa_LBiol_2c41aa,PUR_IED_GYomasa_LBiol_2c41aa,,,,,
2026-09-12T19:06:11-05:00,PUR_IED_GYomasa_LQuim_33c80,PUR_IED_GYomasa_LQuim_33c80,,,,,
2026-09-12T19:06:11-05:00,PUR_IED_GabBetMejia_Cienc_5a99c,PUR_IED_GabBetMejia_Cienc_5a99c,,,,,
2026-09-12T19:06:11-05:00,PUR_IED_GabBetMejia_Ext_9153d0,PUR_IED_GabBetMejia_Ext_9153d0,,,,,
2026-09-12T19:06:11-05:00,PUR_IED_GabBetMejia_Lab_f55347,PUR_IED_GabBetMejia_Lab_f55347,,,,,
2026-09-12T19:06:11-05:00,PUR_IED_GabBetanMejia_Ext_9153d0,PUR_IED_GabBetanMejia_Ext_9153d0,,,,,
2026-09-12T19:06:11-05:00,PUR_IED_Gaitana_Aula13_7aac11,PUR_IED_Gaitana_Aula13_7aac11,,,,,
2026-09-12T19:06:11-05:00,PUR_IED_Gaitana_Ext_5fcf4,PUR_IED_Gaitana_Ext_5fcf4,,,,,
2026-09-12T19:06:11-05:00,PUR_IED_Gaitana_LabFisica_644448,PUR_IED_Gaitana_LabFisica_644448,,,,,
2026-09-12T19:06:11-05:00,PUR_IED_GenSantander_Dise_8ac858,PUR_IED_GenSantander_Dise_8ac858,,,,,
2026-09-12T19:06:11-05:00,PUR_IED_GenSantander_Ext_8d5dfe,PUR_IED_GenSantander_Ext_8d5dfe,,,,,
2026-09-12T19:06:11-05:00,PUR_IED_GenSantander_Info_6c25b,PUR_IED_GenSantander_Info_6c25b,,,,,
2026-09-12T19:06:11-05:00,PUR_IED_GustavoMo_Exterio_75e63d,PUR_IED_GustavoMo_Exterio_75e63d,,,,,
2026-09-12T19:06:11-05:00,PUR_IED_GustavoMo_LabFisi_224d37,PUR_IED_GustavoMo_LabFisi_224d37,,,,,
2026-09-12T19:06:11-05:00,PUR_IED_GustavoMo_S208_3e6918,PUR_IED_GustavoMo_S208_3e6918,,,,,
2026-09-12T19:06:11-05:00,PUR_IED_GustavoR_A02_8cd4a8,PUR_IED_GustavoR_A02_8cd4a8,,,,,
2026-09-12T19:06:11-05:00,PUR_IED_GustavoR_B11_5b0ed,PUR_IED_GustavoR_B11_5b0ed,,,,,
2026-09-12T19:06:11-05:00,PUR_IED_GustavoR_Ext_7a0c90,PUR_IED_GustavoR_Ext_7a0c90,,,,,
2026-09-12T19:06:11-05:00,PUR_IED_HernandoDuran_Ext_8cd82b,PUR_IED_HernandoDuran_Ext_8cd82b,,,,,
2026-09-12T19:06:11-05:00,PUR_IED_HernandoDuran_S24_2772c6,PUR_IED_HernandoDuran_S24_2772c6,,,,,
2026-09-12T19:06:11-05:00,PUR_IED_HernandoDuran_S30_f2de41,PUR_IED_HernandoDuran_S30_f2de41,,,,,
2026-09-12T19:06:11-05:00,PUR_IED_HolguInUr_S1101_8cd732,PUR_IED_HolguInUr_S1101_8cd732,,,,,
2026-09-12T19:06:11-05:00,PUR_IED_HolguinUr_Exter_ddae6d,PUR_IED_HolguinUr_Exter_ddae6d,,,,,
2026-09-12T19:06:11-05:00,PUR_IED_HolguinUr_LabQuim_92b952,PUR_IED_HolguinUr_LabQuim_92b952,,,,,
2026-09-12T19:06:11-05:00,PUR_IED_Isabel-II_Ext_5245cc,PUR_IED_Isabel-II_Ext_5245cc,4,19,58,4.6336,-74.153
2026-09-12T19:06:11-05:00,PUR_IED_Isabel-II_S_idiom_1c29aa,PUR_IED_Isabel-II_S_idiom_1c29aa,,,,,
2026-09-12T19:06:11-05:00,PUR_IED_Isabel-II_S_infor_fd741,PUR_IED_Isabel-II_S_infor_fd741,,,,,
2026-09-12T19:06:11-05:00,PUR_IED_IsidroSur_Exterio_5b90ea,PUR_IED_IsidroSur_Exterio_5b90ea,,,,,
2026-09-12T19:06:11-05:00,PUR_IED_IsidroSur_LabTec_56697a,PUR_IED_IsidroSur_LabTec_56697a,,,,,
2026-09-12T19:06:11-05:00,PUR_IED_IsidroSur_Robotic_b7c38f,PUR_IED_IsidroSur_Robotic_b7c38f,,,,,
2026-09-12T19:06:11-05:00,PUR_IED_IsmaelPerd_Ext_7b6672,PUR_IED_IsmaelPerd_Ext_7b6672,,,,,
2026-09-12T19:06:11-05:00,PUR_IED_IsmaelPerd_Inform_306540,PUR_IED_IsmaelPerd_Inform_306540,,,,,
2026-09-12T19:06:11-05:00,PUR_IED_IsmaelPerd_S30_2e2c83,PUR_IED_IsmaelPerd_S30_2e2c83,,,,,
2026-09-12T19:06:11-05:00,PUR_IED_JLozano_Exter_432910,PUR_IED_JLozano_Exter_432910,,,,,
2026-09-12T19:06:11-05:00,PUR_IED_JLozano_salaMulti_df5125,PUR_IED_JLozano_salaMulti_df5125,,,,,
2026-09-12T19:06:11-05:00,PUR_IED_JMCordoba_206_86f80b,PUR_IED_JMCordoba_206_86f80b,,,,,
2026-09-12T19:06:11-05:00,PUR_IED_JMCordoba_Ext_27ad97,PUR_IED_JMCordoba_Ext_27ad97,,,,,
2026-09-12T19:06:11-05:00,PUR_IED_JMCordoba_S310_d59ab4,PUR_IED_JMCordoba_S310_d59ab4,,,,,
2026-09-12T19:06:11-05:00,PUR_IED_Japon_Ext_549100,PUR_IED_Japon_Ext_549100,,,,,
2026-09-12T19:06:11-05:00,PUR_IED_Japon_Laboratorio_bec51d,PUR_IED_Japon_Laboratorio_bec51d,,,,,
2026-09-12T19:06:11-05:00,PUR_IED_Japon_informatica_d99327,PUR_IED_Japon_informatica_d99327,,,,,
2026-09-12T19:06:11-05:00,PUR_IED_Jazmin_Ext_d27bda,PUR_IED_Jazmin_Ext_d27bda,,,,,
2026-09-12T19:06:11-05:00,PUR_IED_Jazmin_Fisica_8d14d7,PUR_IED_Jazmin_Fisica_8d14d7,,,,,
2026-09-12T19:06:11-05:00,PUR_IED_Jazmin_Quimica_801cb5,PUR_IED_Jazmin_Quimica_801cb5,,,,,
2026-09-12T19:06:11-05:00,PUR_IED_JorgeGaitan_Exter_f098d1,PUR_IED_JorgeGaitan_Exter_f098d1,,,,,
2026-09-12T19:06:11-05:00,PUR_IED_JorgeGaitan_STec1_dc9d1d,PUR_IED_JorgeGaitan_STec1_dc9d1d,,,,,
2026-09-12T19:06:11-05:00,PUR_IED_JorgeGaitan_STec2_281e69,PUR_IED_JorgeGaitan_STec2_281e69,,,,,
2026-09-12T19:06:11-05:00,PUR_IED_JorgeSoto_Exterio_d9d0a2,PUR_IED_JorgeSoto_Exterio_d9d0a2,,,,,
2026-09-12T19:06:11-05:00,PUR_IED_JorgeSoto_LabFisi_209c54,PUR_IED_JorgeSoto_LabFisi_209c54,,,,,
2026-09-12T19:06:11-05:00,PUR_IED_JorgeSoto_S103_27b51a,PUR_IED_JorgeSoto_S103_27b51a,,,,,
2026-09-12T19:06:11-05:00,PUR_IED_JoseAcevedo_A02_e965eb,PUR_IED_JoseAcevedo_A02_e965eb,,,,,
2026-09-12T19:06:11-05:00,PUR_IED_JoseAcevedo_A07_dd5b4,PUR_IED_JoseAcevedo_A07_dd5b4,,,,,
2026-09-12T19:06:11-05:00,PUR_IED_JoseAcevedo_Ext_b47484,PUR_IED_JoseAcevedo_Ext_b47484,,,,,
2026-09-12T19:06:11-05:00,PUR_IED_JoseMarti_Exte_5b9bf,PUR_IED_JoseMarti_Exte_5b9bf,,,,,
2026-09-12T19:06:11-05:00,PUR_IED_JoseMarti_LabQuim_1c6c2d,PUR_IED_JoseMarti_LabQuim_1c6c2d,,,,,
2026-09-12T19:06:11-05:00,PUR_IED_JoseMarti_S_info_f5f177,PUR_IED_JoseMarti_S_info_f5f177,,,,,
2026-09-12T19:06:11-05:00,PUR_IED_Josejoaquin_Ext_dfc5dc,PUR_IED_Josejoaquin_Ext_dfc5dc,,,,,
2026-09-12T19:06:11-05:00,PUR_IED_Josejoaquin_S05_5b2a96,PUR_IED_Josejoaquin_S05_5b2a96,,,,,
2026-09-12T19:06:11-05:00,PUR_IED_Josejoaquin_S06_1ce7d2,PUR_IED_Josejoaquin_S06_1ce7d2,,,,,
2026-09-12T19:06:11-05:00,PUR_IED_JulioFlorez_Danza_9b82dd,PUR_IED_JulioFlorez_Danza_9b82dd,,,,,
2026-09-12T19:06:11-05:00,PUR_IED_JulioFlorez_Exter_f9f314,PUR_IED_JulioFlorez_Exter_f9f314,,,,,
2026-09-12T19:06:11-05:00,PUR_IED_JulioFlorez_info2_6b6e08,PUR_IED_JulioFlorez_info2_6b6e08,,,,,
2026-09-12T19:06:11-05:00,PUR_IED_LaBelleza_Aula13_1d00d8,PUR_IED_LaBelleza_Aula13_1d00d8,,,,,
2026-09-12T19:06:11-05:00,PUR_IED_LaBelleza_Ext_7bc08c,PUR_IED_LaBelleza_Ext_7bc08c,,,,,
2026-09-12T19:06:11-05:00,PUR_IED_LaChucua_Ext_8cd6d2,PUR_IED_LaChucua_Ext_8cd6d2,,,,,
2026-09-12T19:06:11-05:00,PUR_IED_LaChucua_S15_f578ce,PUR_IED_LaChucua_S15_f578ce,,,,,
2026-09-12T19:06:11-05:00,PUR_IED_LaChucua_S16_eebcf9,PUR_IED_LaChucua_S16_eebcf9,,,,,
2026-09-12T19:06:11-05:00,PUR_IED_LaFelicidad_Ext_fb5109,PUR_IED_LaFelicidad_Ext_fb5109,,,,,
2026-09-12T19:06:11-05:00,PUR_IED_LaMerced_206_66ebd,PUR_IED_LaMerced_206_66ebd,,,,,
2026-09-12T19:06:11-05:00,PUR_IED_LaMerced_207_6ebd6,PUR_IED_LaMerced_207_6ebd6,,,,,
2026-09-12T19:06:11-05:00,PUR_IED_LaMerced_ext_304311,PUR_IED_LaMerced_ext_304311,,,,,
2026-09-12T19:06:11-05:00,PUR_IED_Laureano_CiencNat_281e5e,PUR_IED_Laureano_CiencNat_281e5e,,,,,
2026-09-12T19:06:11-05:00,PUR_IED_Laureano_Comedor_f65c0a,PUR_IED_Laureano_Comedor_f65c0a,,,,,
2026-09-12T19:06:11-05:00,PUR_IED_Laureano_Exterior_7ab011,PUR_IED_Laureano_Exterior_7ab011,,,,,
2026-09-12T19:06:11-05:00,PUR_IED_LeonGreiff_Exte_dfe560,PUR_IED_LeonGreiff_Exte_dfe560,,,,,
2026-09-12T19:06:11-05:00,PUR_IED_LeonGreiff_S210_f264ed,PUR_IED_LeonGreiff_S210_f264ed,,,,,
2026-09-12T19:06:11-05:00,PUR_IED_LeonGreiff_SQuimi_e8296f,PUR_IED_LeonGreiff_SQuimi_e8296f,,,,,
2026-09-12T19:06:11-05:00,PUR_IED_LlanoOrientalS208_7b9fcd,PUR_IED_LlanoOrientalS208_7b9fcd,,,,,
2026-09-12T19:06:11-05:00,PUR_IED_LlanoOriental_Ext_fb3766,PUR_IED_LlanoOriental_Ext_fb3766,,,,,
2026-09-12T19:06:11-05:00,PUR_IED_LlanoOriental_S208_7b9fcd,PUR_IED_LlanoOriental_S208_7b9fcd,,,,,
2026-09-12T19:06:11-05:00,PUR_IED_LlanoOriental_S9_27b378,PUR_IED_LlanoOriental_S9_27b378,,,,,
2026-09-12T19:06:11-05:00,PUR_IED_LosTejares_1101_477602,PUR_IED_LosTejares_1101_477602,,,,,
2026-09-12T19:06:11-05:00,PUR_IED_LosTejares_11_d2c595,PUR_IED_LosTejares_11_d2c595,,,,,
2026-09-12T19:06:11-05:00,PUR_IED_LosTejares_12_477602,PUR_IED_LosTejares_12_477602,,,,,
2026-09-12T19:06:11-05:00,PUR_IED_LosTejares_Ext_8e2115,PUR_IED_LosTejares_Ext_8e2115,,,,,
2026-09-12T19:06:11-05:00,PUR_IED_MagdalenaO_B202_5ddda3,PUR_IED_MagdalenaO_B202_5ddda3,,,,,
2026-09-12T19:06:11-05:00,PUR_IED_MagdalenaO_B205_fb76e8,PUR_IED_MagdalenaO_B205_fb76e8,,,,,
2026-09-12T19:06:11-05:00,PUR_IED_MagdalenaO_ext_dc69cd,PUR_IED_MagdalenaO_ext_dc69cd,,,,,
2026-09-12T19:06:11-05:00,PUR_IED_ManueCepeda_artes_eee956,PUR_IED_ManueCepeda_artes_eee956,,,,,
2026-09-12T19:06:11-05:00,PUR_IED_ManuelCepeda_Ext_58313,PUR_IED_ManuelCepeda_Ext_58313,,,,,
2026-09-12T19:06:11-05:00,PUR_IED_ManuelCepeda_tec_1c5731,PUR_IED_ManuelCepeda_tec_1c5731,,,,,
2026-09-12T19:06:11-05:00,PUR_IED_ManuelS_Exterior_5b269,PUR_IED_ManuelS_Exterior_5b269,,,,,
2026-09-12T19:06:11-05:00,PUR_IED_ManuelS_Inform_f369ce,PUR_IED_ManuelS_Inform_f369ce,,,,,
2026-09-12T19:06:11-05:00,PUR_IED_ManuelS_SArtes_7d15f1,PUR_IED_ManuelS_SArtes_7d15f1,,,,,
2026-09-12T19:06:11-05:00,PUR_IED_ManuelZapata_303_3ca6,PUR_IED_ManuelZapata_303_3ca6,,,,,
2026-09-12T19:06:11-05:00,PUR_IED_ManuelZapata_311_bfbabc,PUR_IED_ManuelZapata_311_bfbabc,,,,,
2026-09-12T19:06:11-05:00,PUR_IED_ManuelZapata_Ext_50824a,PUR_IED_ManuelZapata_Ext_50824a,,,,,
2026-09-12T19:06:11-05:00,PUR_IED_ManuelitaS_Exteri_656a92,PUR_IED_ManuelitaS_Exteri_656a92,,,,,
2026-09-12T19:06:11-05:00,PUR_IED_ManuelitaS_JuzgDe_f58ec3,PUR_IED_ManuelitaS_JuzgDe_f58ec3,,,,,
2026-09-12T19:06:11-05:00,PUR_IED_ManuelitaS_Recrea_d793db,PUR_IED_ManuelitaS_Recrea_d793db,,,,,
2026-09-12T19:06:11-05:00,PUR_IED_MarFidSuarez_Ext_c27b19,PUR_IED_MarFidSuarez_Ext_c27b19,,,,,
2026-09-12T19:06:11-05:00,PUR_IED_MarFidSuarez_Info_e384d7,PUR_IED_MarFidSuarez_Info_e384d7,,,,,
2026-09-12T19:06:11-05:00,PUR_IED_MarFidSuarez_S306_1d0032,PUR_IED_MarFidSuarez_S306_1d0032,,,,,
2026-09-12T19:06:11-05:00,PUR_IED_Menorah_301_2a25a3,PUR_IED_Menorah_301_2a25a3,,,,,
2026-09-12T19:06:11-05:00,PUR_IED_Menorah_306_37ed3,PUR_IED_Menorah_306_37ed3,,,,,
2026-09-12T19:06:11-05:00,PUR_IED_Menorah_Ext_3e155b,PUR_IED_Menorah_Ext_3e155b,,,,,
2026-09-12T19:06:11-05:00,PUR_IED_MinutoB.Aires_A11_1b1604,PUR_IED_MinutoB.Aires_A11_1b1604,,,,,
2026-09-12T19:06:11-05:00,PUR_IED_MinutoB.Aires_A12_fb5860,PUR_IED_MinutoB.Aires_A12_fb5860,,,,,
2026-09-12T19:06:11-05:00,PUR_IED_MinutoB.Aires_Ext_81293f,PUR_IED_MinutoB.Aires_Ext_81293f,,,,,
2026-09-12T19:06:11-05:00,PUR_IED_MinutoBAires_A11_1b1604,PUR_IED_MinutoBAires_A11_1b1604,,,,,
2026-09-12T19:06:11-05:00,PUR_IED_MinutoBAires_A12_fb5860,PUR_IED_MinutoBAires_A12_fb5860,,,,,
2026-09-12T19:06:11-05:00,PUR_IED_MinutoBAires_Ext_81293f,PUR_IED_MinutoBAires_Ext_81293f,,,,,
2026-09-12T19:06:11-05:00,PUR_IED_Montreal_Aula10_1e4959,PUR_IED_Montreal_Aula10_1e4959,,,,,
2026-09-12T19:06:11-05:00,PUR_IED_Montreal_Aula6_300367,PUR_IED_Montreal_Aula6_300367,,,,,
2026-09-12T19:06:11-05:00,PUR_IED_Montreal_Exterior_91a179,PUR_IED_Montreal_Exterior_91a179,,,,,
2026-09-12T19:06:11-05:00,PUR_IED_Mqgdalena_B202_5ddda3,PUR_IED_Mqgdalena_B202_5ddda3,,,,,
2026-09-12T19:06:11-05:00,PUR_IED_NACUND_Soc_dc8728,PUR_IED_NACUND_Soc_dc8728,,,,,
2026-09-12T19:06:11-05:00,PUR_IED_NACUND_ext_27ad97,PUR_IED_NACUND_ext_27ad97,,,,,
2026-09-12T19:06:11-05:00,PUR_IED_NEsperanza_Ext_d24b61,PUR_IED_NEsperanza_Ext_d24b61,,,,,
2026-09-12T19:06:11-05:00,PUR_IED_NEsperanza_SElect_7d1807,PUR_IED_NEsperanza_SElect_7d1807,,,,,
2026-09-12T19:06:11-05:00,PUR_IED_NEsperanza_SLabor_8b2d0a,PUR_IED_NEsperanza_SLabor_8b2d0a,,,,,
2026-09-12T19:06:11-05:00,PUR_IED_NacionesU_Ext_f661a9,PUR_IED_NacionesU_Ext_f661a9,,,,,
2026-09-12T19:06:11-05:00,PUR_IED_NacionesU_Quimica_66f0a,PUR_IED_NacionesU_Quimica_66f0a,,,,,
2026-09-12T19:06:11-05:00,PUR_IED_NacionesU_S306_1b4b3d,PUR_IED_NacionesU_S306_1b4b3d,,,,,
2026-09-12T19:06:11-05:00,PUR_IED_NestorFA_Ext_e4201c,PUR_IED_NestorFA_Ext_e4201c,,,,,
2026-09-12T19:06:11-05:00,PUR_IED_NestorFA_Laborato_f22fe0,PUR_IED_NestorFA_Laborato_f22fe0,,,,,
2026-09-12T19:06:11-05:00,PUR_IED_NestorFA_S204_dee996,PUR_IED_NestorFA_S204_dee996,,,,,
2026-09-12T19:06:11-05:00,PUR_IED_NidyaQT_Aula03_76999b,PUR_IED_NidyaQT_Aula03_76999b,,,,,
2026-09-12T19:06:11-05:00,PUR_IED_NidyaQT_Aula10_56325,PUR_IED_NidyaQT_Aula10_56325,,,,,
2026-09-12T19:06:11-05:00,PUR_IED_NidyaQT_Ext_46e32d,PUR_IED_NidyaQT_Ext_46e32d,,,,,
2026-09-12T19:06:11-05:00,PUR_IED_NuevaCol_Exterior_d9b859,PUR_IED_NuevaCol_Exterior_d9b859,,,,,
2026-09-12T19:06:11-05:00,PUR_IED_NuevaCol_S1101_76c43b,PUR_IED_NuevaCol_S1101_76c43b,,,,,
2026-09-12T19:06:11-05:00,PUR_IED_NuevaCol_S1102_1ce0b5,PUR_IED_NuevaCol_S1102_1ce0b5,,,,,
2026-09-12T19:06:11-05:00,PUR_IED_OEA_A202_f7e3f2,PUR_IED_OEA_A202_f7e3f2,,,,,
2026-09-12T19:06:11-05:00,PUR_IED_OEA_A203_7d1b8d,PUR_IED_OEA_A203_7d1b8d,,,,,
2026-09-12T19:06:11-05:00,PUR_IED_OEA_Ext_27b593,PUR_IED_OEA_Ext_27b593,,,,,
2026-09-12T19:06:11-05:00,PUR_IED_Ochoa_Ext_1c29da,PUR_IED_Ochoa_Ext_1c29da,,,,,
2026-09-12T19:06:11-05:00,PUR_IED_Ochoa_S205_8b1121,PUR_IED_Ochoa_S205_8b1121,,,,,
2026-09-12T19:06:11-05:00,PUR_IED_Ochoa_Sistemas_f33af6,PUR_IED_Ochoa_Sistemas_f33af6,,,,,
2026-09-12T19:06:11-05:00,PUR_IED_PQuebec_Ext_1c67c7,PUR_IED_PQuebec_Ext_1c67c7,,,,,
2026-09-12T19:06:11-05:00,PUR_IED_PQuebec_S15_23e8e2,PUR_IED_PQuebec_S15_23e8e2,,,,,
2026-09-12T19:06:11-05:00,PUR_IED_PQuebec_S16_8ec76b,PUR_IED_PQuebec_S16_8ec76b,,,,,
2026-09-12T19:06:11-05:00,PUR_IED_PabloN_Ext_49dc96,PUR_IED_PabloN_Ext_49dc96,,,,,
2026-09-12T19:06:11-05:00,PUR_IED_PabloN_S1102_4e3df5,PUR_IED_PabloN_S1102_4e3df5,,,,,
2026-09-12T19:06:11-05:00,PUR_IED_PabloN_S1103_50c94b,PUR_IED_PabloN_S1103_50c94b,,,,,
2026-09-12T19:06:11-05:00,PUR_IED_Palestina_S1101_db9198,PUR_IED_Palestina_S1101_db9198,,,,,
2026-09-12T19:06:11-05:00,PUR_IED_Palestina_S1102_dc54fa,PUR_IED_Palestina_S1102_dc54fa,,,,,
2026-09-12T19:06:11-05:00,PUR_IED_Palestina_ext_4ccce6,PUR_IED_Palestina_ext_4ccce6,,,,,
2026-09-12T19:06:11-05:00,PUR_IED_Panama_Fisica_4d0794,PUR_IED_Panama_Fisica_4d0794,,,,,
2026-09-12T19:06:11-05:00,PUR_IED_Panama_SIngles_a4077e,PUR_IED_Panama_SIngles_a4077e,,,,,
2026-09-12T19:06:11-05:00,PUR_IED_Panama_ext_4c54b4,PUR_IED_Panama_ext_4c54b4,,,,,
2026-09-12T19:06:11-05:00,PUR_IED_ParaisoM_Exterior_8cd7f0,PUR_IED_ParaisoM_Exterior_8cd7f0,,,,,
2026-09-12T19:06:11-05:00,PUR_IED_ParaisoM_Laborato_27af35,PUR_IED_ParaisoM_Laborato_27af35,,,,,
2026-09-12T19:06:11-05:00,PUR_IED_ParaisoM_S304_d1edca,PUR_IED_ParaisoM_S304_d1edca,,,,,
2026-09-12T19:06:11-05:00,PUR_IED_PorfirioBarba_Ext_301466,PUR_IED_PorfirioBarba_Ext_301466,,,,,
2026-09-12T19:06:11-05:00,PUR_IED_PorfirioBarba_S11_df6cd2,PUR_IED_PorfirioBarba_S11_df6cd2,,,,,
2026-09-12T19:06:11-05:00,PUR_IED_PorfirioBarba_S29_27a7d6,PUR_IED_PorfirioBarba_S29_27a7d6,,,,,
2026-09-12T19:06:11-05:00,PUR_IED_PradoV_Exter_8b27ad,PUR_IED_PradoV_Exter_8b27ad,,,,,
2026-09-12T19:06:11-05:00,PUR_IED_PradoV_S301_de65b5,PUR_IED_PradoV_S301_de65b5,,,,,
2026-09-12T19:06:11-05:00,PUR_IED_PradoV_S302_7d2593,PUR_IED_PradoV_S302_7d2593,,,,,
2026-09-12T19:06:11-05:00,PUR_IED_QuirogaAlz_Ext_1ddc82,PUR_IED_QuirogaAlz_Ext_1ddc82,,,,,
2026-09-12T19:06:11-05:00,PUR_IED_QuirogaAlz_S302_9926a3,PUR_IED_QuirogaAlz_S302_9926a3,,,,,
2026-09-12T19:06:11-05:00,PUR_IED_QuirogaAlz_S305_cdf1f1,PUR_IED_QuirogaAlz_S305_cdf1f1,,,,,
2026-09-12T19:06:11-05:00,PUR_IED_RGuatemala_Biling_dc53b7,PUR_IED_RGuatemala_Biling_dc53b7,,,,,
2026-09-12T19:06:11-05:00,PUR_IED_RGuatemala_Ext_1b89a3,PUR_IED_RGuatemala_Ext_1b89a3,,,,,
2026-09-12T19:06:11-05:00,PUR_IED_RGuatemala_Tecnol_281a34,PUR_IED_RGuatemala_Tecnol_281a34,,,,,
2026-09-12T19:06:11-05:00,PUR_IED_RafaNu_Ext_f7c302,PUR_IED_RafaNu_Ext_f7c302,,,,,
2026-09-12T19:06:11-05:00,PUR_IED_RafaNu_S1101_25fde,PUR_IED_RafaNu_S1101_25fde,,,,,
2026-09-12T19:06:11-05:00,PUR_IED_RafaNu_S1102_281517,PUR_IED_RafaNu_S1102_281517,,,,,
2026-09-12T19:06:11-05:00,PUR_IED_RafaelB_S305_ee2783,PUR_IED_RafaelB_S305_ee2783,,,,,
2026-09-12T19:06:11-05:00,PUR_IED_RafaelB_S306_75fe33,PUR_IED_RafaelB_S306_75fe33,,,,,
2026-09-12T19:06:11-05:00,PUR_IED_RafaelB_ext_283336,PUR_IED_RafaelB_ext_283336,2,19,58,4.6722,-74.0737
2026-09-12T19:06:11-05:00,PUR_IED_RafaelUU_Exterior_281a51,PUR_IED_RafaelUU_Exterior_281a51,,,,,
2026-09-12T19:06:11-05:00,PUR_IED_RafaelUU_Human_806b2,PUR_IED_RafaelUU_Human_806b2,,,,,
2026-09-12T19:06:11-05:00,PUR_IED_RafaelUU_Mate2_5680d4,PUR_IED_RafaelUU_Mate2_5680d4,,,,,
2026-09-12T19:06:11-05:00,PUR_IED_RamonSub_Ext_f9eeb9,PUR_IED_RamonSub_Ext_f9eeb9,,,,,
2026-09-12T19:06:11-05:00,PUR_IED_RamonSub_Media_d1f62f,PUR_IED_RamonSub_Media_d1f62f,,,,,
2026-09-12T19:06:11-05:00,PUR_IED_RamonSub_planta_51b82,PUR_IED_RamonSub_planta_51b82,,,,,
2026-09-12T19:06:11-05:00,PUR_IED_RepBoliVene_Exter_27af7c,PUR_IED_RepBoliVene_Exter_27af7c,,,,,
2026-09-12T19:06:11-05:00,PUR_IED_RepBoliVene_SCPT_5ae2ee,PUR_IED_RepBoliVene_SCPT_5ae2ee,,,,,
2026-09-12T19:06:11-05:00,PUR_IED_RepBoliVene_Socia_4b11d5,PUR_IED_RepBoliVene_Socia_4b11d5,,,,,
2026-09-12T19:06:11-05:00,PUR_IED_RepChina_Ext_76d9ee,PUR_IED_RepChina_Ext_76d9ee,,,,,
2026-09-12T19:06:11-05:00,PUR_IED_RepChina_S404_7c804c,PUR_IED_RepChina_S404_7c804c,,,,,
2026-09-12T19:06:11-05:00,PUR_IED_RepChina_S405_df2c33,PUR_IED_RepChina_S405_df2c33,,,,,
2026-09-12T19:06:11-05:00,PUR_IED_RepublicaC_Exteri_7d1ec9,PUR_IED_RepublicaC_Exteri_7d1ec9,,,,,
2026-09-12T19:06:11-05:00,PUR_IED_RepublicaC_S1101_f544b3,PUR_IED_RepublicaC_S1101_f544b3,,,,,
2026-09-12T19:06:11-05:00,PUR_IED_RepublicaC_S1102_7aafc7,PUR_IED_RepublicaC_S1102_7aafc7,,,,,
2026-09-12T19:06:11-05:00,PUR_IED_Ricaurte_Externo_a0ea1,PUR_IED_Ricaurte_Externo_a0ea1,,,,,
2026-09-12T19:06:11-05:00,PUR_IED_Ricaurte_S210_f546fd,PUR_IED_Ricaurte_S210_f546fd,,,,,
2026-09-12T19:06:11-05:00,PUR_IED_Ricaurte_S309_d4452,PUR_IED_Ricaurte_S309_d4452,,,,,
2026-09-12T19:06:11-05:00,PUR_IED_RogelioS_1102_531e69,PUR_IED_RogelioS_1102_531e69,,,,,
2026-09-12T19:06:11-05:00,PUR_IED_RogelioS_Ext_f25a18,PUR_IED_RogelioS_Ext_f25a18,,,,,
2026-09-12T19:06:11-05:00,PUR_IED_SBernardino_Ext_27aff8,PUR_IED_SBernardino_Ext_27aff8,,,,,
2026-09-12T19:06:11-05:00,PUR_IED_SBernardino_SArte_2ffd33,PUR_IED_SBernardino_SArte_2ffd33,,,,,
2026-09-12T19:06:11-05:00,PUR_IED_SBernardino_SIngl_7c7da5,PUR_IED_SBernardino_SIngl_7c7da5,,,,,
2026-09-12T19:06:11-05:00,PUR_IED_Sago_auditorio_dc9d1d,PUR_IED_Sago_auditorio_dc9d1d,,,,,
2026-09-12T19:06:11-05:00,PUR_IED_Saludcoop_Ext_95aac3,PUR_IED_Saludcoop_Ext_95aac3,,,,,
2026-09-12T19:06:11-05:00,PUR_IED_Saludcoop_InfI_90c854,PUR_IED_Saludcoop_InfI_90c854,,,,,
2026-09-12T19:06:11-05:00,PUR_IED_Saludcoop_SMedia_1b93be,PUR_IED_Saludcoop_SMedia_1b93be,,,,,
2026-09-12T19:06:11-05:00,PUR_IED_SanCarlos_1101_1a2360,PUR_IED_SanCarlos_1101_1a2360,,,,,
2026-09-12T19:06:11-05:00,PUR_IED_SanCarlos_1103_7bafb5,PUR_IED_SanCarlos_1103_7bafb5,,,,,
2026-09-12T19:06:11-05:00,PUR_IED_SanCarlos_Ext_b7cd1,PUR_IED_SanCarlos_Ext_b7cd1,,,,,
2026-09-12T19:06:11-05:00,PUR_IED_SanIgnacioBosa11a_50c26e,PUR_IED_SanIgnacioBosa11a_50c26e,,,,,
2026-09-12T19:06:11-05:00,PUR_IED_SanIgnacioBosa11b_371de8,PUR_IED_SanIgnacioBosa11b_371de8,,,,,
2026-09-12T19:06:11-05:00,PUR_IED_SanIgnacioBosaExt_ef0ffc,PUR_IED_SanIgnacioBosaExt_ef0ffc,,,,,
2026-09-12T19:06:11-05:00,PUR_IED_SanIgnacioBosa_11a_50c26e,PUR_IED_SanIgnacioBosa_11a_50c26e,,,,,
2026-09-12T19:06:11-05:00,PUR_IED_SanIgnacioBosa_Ext_ef0ffc,PUR_IED_SanIgnacioBosa_Ext_ef0ffc,,,,,
2026-09-12T19:06:11-05:00,PUR_IED_SanJoseN_intS1101_31c47f,PUR_IED_SanJoseN_intS1101_31c47f,,,,,
2026-09-12T19:06:11-05:00,PUR_IED_SanJoseUsm_Exter_f5d7e8,PUR_IED_SanJoseUsm_Exter_f5d7e8,,,,,
2026-09-12T19:06:11-05:00,PUR_IED_SanJoseUsm_Int11A_cfdef6,PUR_IED_SanJoseUsm_Int11A_cfdef6,,,,,
2026-09-12T19:06:11-05:00,PUR_IED_SilveriaR_IntB5_905349,PUR_IED_SilveriaR_IntB5_905349,,,,,
2026-09-12T19:06:11-05:00,PUR_IED_SilveriaR_IntSD14_981f93,PUR_IED_SilveriaR_IntSD14_981f93,,,,,
2026-09-12T19:06:11-05:00,PUR_IED_SilveriaR_ext_2b651d,PUR_IED_SilveriaR_ext_2b651d,,,,,
2026-09-12T19:06:11-05:00,PUR_IED_SimonB_Exterior_913975,PUR_IED_SimonB_Exterior_913975,,,,,
2026-09-12T19:06:11-05:00,PUR_IED_SimonB_LabQuimi_c56908,PUR_IED_SimonB_LabQuimi_c56908,,,,,
2026-09-12T19:06:11-05:00,PUR_IED_SimonB_informatic_a28c1,PUR_IED_SimonB_informatic_a28c1,,,,,
2026-09-12T19:06:11-05:00,PUR_IED_Sorrento_1102_315f50,PUR_IED_Sorrento_1102_315f50,,,,,
2026-09-12T19:06:11-05:00,PUR_IED_Sorrento_Minte_214eab,PUR_IED_Sorrento_Minte_214eab,,,,,
2026-09-12T19:06:11-05:00,PUR_IED_Sorrento_ext_7c3a0a,PUR_IED_Sorrento_ext_7c3a0a,,,,,
2026-09-12T19:06:11-05:00,PUR_IED_Tabora_Ext_f048ae,PUR_IED_Tabora_Ext_f048ae,,,,,
2026-09-12T19:06:11-05:00,PUR_IED_Tabora_S1102_b07752,PUR_IED_Tabora_S1102_b07752,,,,,
2026-09-12T19:06:11-05:00,PUR_IED_Tabora_S1103_d988f5,PUR_IED_Tabora_S1103_d988f5,,,,,
2026-09-12T19:06:11-05:00,PUR_IED_Tenerife_Ext_1ab188,PUR_IED_Tenerife_Ext_1ab188,,,,,
2026-09-12T19:06:11-05:00,PUR_IED_Tenerife_SDanzas_7bc02e,PUR_IED_Tenerife_SDanzas_7bc02e,,,,,
2026-09-12T19:06:11-05:00,PUR_IED_Tenerife_SIngles_7cc277,PUR_IED_Tenerife_SIngles_7cc277,,,,,
2026-09-12T19:06:11-05:00,PUR_IED_Tibabuyes_Exter_f2683d,PUR_IED_Tibabuyes_Exter_f2683d,,,,,
2026-09-12T19:06:11-05:00,PUR_IED_Tibabuyes_S10_dc87a8,PUR_IED_Tibabuyes_S10_dc87a8,,,,,
2026-09-12T19:06:11-05:00,PUR_IED_Tibabuyes_S15_dc0526,PUR_IED_Tibabuyes_S15_dc0526,,,,,
2026-09-12T19:06:11-05:00,PUR_IED_UnionE_S301_a1043,PUR_IED_UnionE_S301_a1043,,,,,
2026-09-12T19:06:11-05:00,PUR_IED_UnionE_S307_ff6c2f,PUR_IED_UnionE_S307_ff6c2f,,,,,
2026-09-12T19:06:11-05:00,PUR_IED_UnionE__Ext_5e2468,PUR_IED_UnionE__Ext_5e2468,,,,,
2026-09-12T19:06:11-05:00,PUR_IED_VillaRica_Ext_75be7c,PUR_IED_VillaRica_Ext_75be7c,,,,,
2026-09-12T19:06:11-05:00,PUR_IED_VillaRica_S4_cc5dcd,PUR_IED_VillaRica_S4_cc5dcd,,,,,
2026-09-12T19:06:11-05:00,PUR_IED_VillaRica_Sesp_99f5c,PUR_IED_VillaRica_Sesp_99f5c,,,,,
2026-09-12T19:11:05-05:00,PUR_IED_20deJulio_1101_91b1b9,PUR_IED_20deJulio_1101_91b1b9,,,,,
2026-09-12T19:11:05-05:00,PUR_IED_20deJulio_1102_1cfcf9,PUR_IED_20deJulio_1102_1cfcf9,,,,,
2026-09-12T19:11:05-05:00,PUR_IED_20deJulio_Ext_ab60bd,PUR_IED_20deJulio_Ext_ab60bd,,,,,
2026-09-12T19:11:05-05:00,PUR_IED_AgustinFer_Ext_7b9b77,PUR_IED_AgustinFer_Ext_7b9b77,,,,,
2026-09-12T19:11:05-05:00,PUR_IED_AgustinFer_Info2_27b3a7,PUR_IED_AgustinFer_Info2_27b3a7,,,,,
2026-09-12T19:11:05-05:00,PUR_IED_AgustinFer_Sena_54b4eb,PUR_IED_AgustinFer_Sena_54b4eb,,,,,
2026-09-12T19:11:05-05:00,PUR_IED_AlexanderF_1102_caf07b,PUR_IED_AlexanderF_1102_caf07b,,,,,
2026-09-12T19:11:05-05:00,PUR_IED_AlexanderF_1103_c79e71,PUR_IED_AlexanderF_1103_c79e71,,,,,
2026-09-12T19:11:05-05:00,PUR_IED_AlexanderF_Ext_c5b18b,PUR_IED_AlexanderF_Ext_c5b18b,,,,,
2026-09-12T19:11:05-05:00,PUR_IED_AlfonsoLopez_Ext_281d77,PUR_IED_AlfonsoLopez_Ext_281d77,,,,,
2026-09-12T19:11:05-05:00,PUR_IED_AlfonsoLopez_LabF_888ce0,PUR_IED_AlfonsoLopez_LabF_888ce0,,,,,
2026-09-12T19:11:05-05:00,PUR_IED_AlfonsoLopez_SMed_df6a7f,PUR_IED_AlfonsoLopez_SMed_df6a7f,,,,,
2026-09-12T19:11:05-05:00,PUR_IED_AltamiraSO_A2_209f92,PUR_IED_AltamiraSO_A2_209f92,,,,,
2026-09-12T19:11:05-05:00,PUR_IED_AltamiraSO_Ext_186d66,PUR_IED_AltamiraSO_Ext_186d66,,,,,
2026-09-12T19:11:05-05:00,PUR_IED_AltamiraSO_Sistem_27afe1,PUR_IED_AltamiraSO_Sistem_27afe1,,,,,
2026-09-12T19:11:05-05:00,PUR_IED_AlvaroGom_LabQuim_813179,PUR_IED_AlvaroGom_LabQuim_813179,,,,,
2026-09-12T19:11:05-05:00,PUR_IED_AlvaroGomez_Ext_47c7ca,PUR_IED_AlvaroGomez_Ext_47c7ca,,,,,
2026-09-12T19:11:05-05:00,PUR_IED_AlvaroGomez_LabQuim_813179,PUR_IED_AlvaroGomez_LabQuim_813179,,,,,
2026-09-12T19:11:05-05:00,PUR_IED_AlvaroGomez_S23_7ba89f,PUR_IED_AlvaroGomez_S23_7ba89f,,,,,
2026-09-12T19:11:05-05:00,PUR_IED_Amistad_306_dc8728,PUR_IED_Amistad_306_dc8728,,,,,
2026-09-12T19:11:05-05:00,PUR_IED_Amistad_Ext_8cd55e,PUR_IED_Amistad_Ext_8cd55e,,,,,
2026-09-12T19:11:05-05:00,PUR_IED_Amistad_S202_a41169,PUR_IED_Amistad_S202_a41169,,,,,
2026-09-12T19:11:05-05:00,PUR_IED_AndresBello_Bio_fd5f5e,PUR_IED_AndresBello_Bio_fd5f5e,,,,,
2026-09-12T19:11:05-05:00,PUR_IED_AndresBello_ext_dcad65,PUR_IED_AndresBello_ext_dcad65,,,,,
2026-09-12T19:11:05-05:00,PUR_IED_AndresBello_port_eed3ec,PUR_IED_AndresBello_port_eed3ec,,,,,
2026-09-12T19:11:05-05:00,PUR_IED_AngelaR_11b_d90a6b,PUR_IED_AngelaR_11b_d90a6b,,,,,
2026-09-12T19:11:05-05:00,PUR_IED_AngelaR_ext_7cad3e,PUR_IED_AngelaR_ext_7cad3e,5,19,62,4.5825,-74.164497
2026-09-12T19:11:05-05:00,PUR_IED_AntJoseSucre_10mo_df2575,PUR_IED_AntJoseSucre_10mo_df2575,,,,,
2026-09-12T19:11:05-05:00,PUR_IED_AntJoseSucre_Ext_215b36,PUR_IED_AntJoseSucre_Ext_215b36,,,,,
2026-09-12T19:11:05-05:00,PUR_IED_AntJoseSucre_Lab_3139de,PUR_IED_AntJoseSucre_Lab_3139de,,,,,
2026-09-12T19:11:05-05:00,PUR_IED_AntonioGarcia_301_d6b188,PUR_IED_AntonioGarcia_301_d6b188,,,,,
2026-09-12T19:11:05-05:00,PUR_IED_AntonioGarcia_302_88a82,PUR_IED_AntonioGarcia_302_88a82,,,,,
2026-09-12T19:11:05-05:00,PUR_IED_AntonioGarcia_Ext_20950c,PUR_IED_AntonioGarcia_Ext_20950c,,,,,
2026-09-12T19:11:05-05:00,PUR_IED_AntonioVan_Aula2_6dea02,PUR_IED_AntonioVan_Aula2_6dea02,,,,,
2026-09-12T19:11:05-05:00,PUR_IED_AntonioVan_Aula5_f1557e,PUR_IED_AntonioVan_Aula5_f1557e,,,,,
2026-09-12T19:11:05-05:00,PUR_IED_AntonioVan_Ext_406f2f,PUR_IED_AntonioVan_Ext_406f2f,,,,,
2026-09-12T19:11:05-05:00,PUR_IED_Atabanzha_Ext_cc5af9,PUR_IED_Atabanzha_Ext_cc5af9,,,,,
2026-09-12T19:11:05-05:00,PUR_IED_Atabanzha_SA101_56c37,PUR_IED_Atabanzha_SA101_56c37,,,,,
2026-09-12T19:11:05-05:00,PUR_IED_Atabanzha_SB302_27b374,PUR_IED_Atabanzha_SB302_27b374,,,,,
2026-09-12T19:11:05-05:00,PUR_IED_Atahualpa_Ext_fc1748,PUR_IED_Atahualpa_Ext_fc1748,,,,,
2026-09-12T19:11:05-05:00,PUR_IED_Atahualpa_Informa_dc9a95,PUR_IED_Atahualpa_Informa_dc9a95,,,,,
2026-09-12T19:11:05-05:00,PUR_IED_Atahualpa_S1101_f98056,PUR_IED_Atahualpa_S1101_f98056,,,,,
2026-09-12T19:11:05-05:00,PUR_IED_Bellavista_Ext_f5aa74,PUR_IED_Bellavista_Ext_f5aa74,,,,,
2026-09-12T19:11:05-05:00,PUR_IED_Bilbao_11A_916c41,PUR_IED_Bilbao_11A_916c41,,,,,
2026-09-12T19:11:05-05:00,PUR_IED_Bilbao_Ext_fb579a,PUR_IED_Bilbao_Ext_fb579a,,,,,
2026-09-12T19:11:05-05:00,PUR_IED_BrasiliaU_A125_304280,PUR_IED_BrasiliaU_A125_304280,,,,,
2026-09-12T19:11:05-05:00,PUR_IED_BrasiliaU_A203_7c8ca5,PUR_IED_BrasiliaU_A203_7c8ca5,,,,,
2026-09-12T19:11:05-05:00,PUR_IED_BrasiliaU_Ext_8d6e9f,PUR_IED_BrasiliaU_Ext_8d6e9f,6,18,62,4.5175,-74.116302
2026-09-12T19:11:05-05:00,PUR_IED_Brasilia_Ext_fe6593,PUR_IED_Brasilia_Ext_fe6593,,,,,
2026-09-12T19:11:05-05:00,PUR_IED_Brasilia_S24_7c130d,PUR_IED_Brasilia_S24_7c130d,,,,,
2026-09-12T19:11:05-05:00,PUR_IED_Brasilia_S501_186a54,PUR_IED_Brasilia_S501_186a54,,,,,
2026-09-12T19:11:05-05:00,PUR_IED_CHARRY_EXT_f1d5cd,PUR_IED_CHARRY_EXT_f1d5cd,,,,,
2026-09-12T19:11:05-05:00,PUR_IED_CHARRY_INTDANZAS_7a08e6,PUR_IED_CHARRY_INTDANZAS_7a08e6,,,,,
2026-09-12T19:11:05-05:00,PUR_IED_CHARRY_INT_AULA20_dc998d,PUR_IED_CHARRY_INT_AULA20_dc998d,,,,,
2026-09-12T19:11:05-05:00,PUR_IED_COLVIV_1101_S25_7f520a,PUR_IED_COLVIV_1101_S25_7f520a,,,,,
2026-09-12T19:11:05-05:00,PUR_IED_COLVIV_1102_S16_f570ba,PUR_IED_COLVIV_1102_S16_f570ba,,,,,
2026-09-12T19:11:05-05:00,PUR_IED_COLVIV_Ext_1a26fa,PUR_IED_COLVIV_Ext_1a26fa,,,,,
2026-09-12T19:11:05-05:00,PUR_IED_CULPOP_301A_f660f3,PUR_IED_CULPOP_301A_f660f3,,,,,
2026-09-12T19:11:05-05:00,PUR_IED_CULPOP_303_568afe,PUR_IED_CULPOP_303_568afe,,,,,
2026-09-12T19:11:05-05:00,PUR_IED_CULPOP_Ext_e02ccb,PUR_IED_CULPOP_Ext_e02ccb,,,,,
2026-09-12T19:11:05-05:00,PUR_IED_CVillavicen_Ext_26eb58,PUR_IED_CVillavicen_Ext_26eb58,4,16,77,4.487,-74.102798
2026-09-12T19:11:05-05:00,PUR_IED_CVillavicen_Intel_1ce5c2,PUR_IED_CVillavicen_Intel_1ce5c2,,,,,
2026-09-12T19:11:05-05:00,PUR_IED_CVillavicen_Poliv_e0766c,PUR_IED_CVillavicen_Poliv_e0766c,,,,,
2026-09-12T19:11:05-05:00,PUR_IED_CVillavicen_int_1ba140,PUR_IED_CVillavicen_int_1ba140,,,,,
2026-09-12T19:11:05-05:00,PUR_IED_CVillavicen_intel_1ba140,PUR_IED_CVillavicen_intel_1ba140,,,,,
2026-09-12T19:11:05-05:00,PUR_IED_CarlosPizarro_Ext_e307cc,PUR_IED_CarlosPizarro_Ext_e307cc,,,,,
2026-09-12T19:11:05-05:00,PUR_IED_CarlosPizarro_L36_7e5cdb,PUR_IED_CarlosPizarro_L36_7e5cdb,,,,,
2026-09-12T19:11:05-05:00,PUR_IED_CarlosPizarro_L37_c8566c,PUR_IED_CarlosPizarro_L37_c8566c,,,,,
2026-09-12T19:11:05-05:00,PUR_IED_Castilla_Ext_cf35f,PUR_IED_Castilla_Ext_cf35f,,,,,
2026-09-12T19:11:05-05:00,PUR_IED_Castilla_SFisik_360e38,PUR_IED_Castilla_SFisik_360e38,,,,,
2026-09-12T19:11:05-05:00,PUR_IED_Castilla_Sc304_496fbf,PUR_IED_Castilla_Sc304_496fbf,,,,,
2026-09-12T19:11:05-05:00,PUR_IED_CervantesSa_Ext_6b57b,PUR_IED_CervantesSa_Ext_6b57b,5,19,67,4.5128,-74.117203
2026-09-12T19:11:05-05:00,PUR_IED_CervantesSa_S107_225c2b,PUR_IED_CervantesSa_S107_225c2b,,,,,
2026-09-12T19:11:05-05:00,PUR_IED_CervantesSa_S108_940925,PUR_IED_CervantesSa_S108_940925,,,,,
2026-09-12T19:11:05-05:00,PUR_IED_Charry_A20_f53e7c,PUR_IED_Charry_A20_f53e7c,,,,,
2026-09-12T19:11:05-05:00,PUR_IED_Charry_Ext_f1d5cd,PUR_IED_Charry_Ext_f1d5cd,,,,,
2026-09-12T19:11:05-05:00,PUR_IED_Charry_IntAula20_dc998d,PUR_IED_Charry_IntAula20_dc998d,,,,,
2026-09-12T19:11:05-05:00,PUR_IED_Charry_IntDanzas_7a08e6,PUR_IED_Charry_IntDanzas_7a08e6,,,,,
2026-09-12T19:11:05-05:00,PUR_IED_ClememciaC_203_43e2fc,PUR_IED_ClememciaC_203_43e2fc,,,,,
2026-09-12T19:11:05-05:00,PUR_IED_ClememciaC_Ext_1b411a,PUR_IED_ClememciaC_Ext_1b411a,,,,,
2026-09-12T19:11:05-05:00,PUR_IED_ClememciaC_Quimic_44b5fc,PUR_IED_ClememciaC_Quimic_44b5fc,,,,,
2026-09-12T19:11:05-05:00,PUR_IED_ClemenciaC_203_43e2fc,PUR_IED_ClemenciaC_203_43e2fc,,,,,
2026-09-12T19:11:05-05:00,PUR_IED_ClemenciaC_Ext_1b411a,PUR_IED_ClemenciaC_Ext_1b411a,,,,,
2026-09-12T19:11:05-05:00,PUR_IED_ClemenciaC_Quimic_44b5fc,PUR_IED_ClemenciaC_Quimic_44b5fc,,,,,
2026-09-12T19:11:05-05:00,PUR_IED_ColViva_1101_S25_7f520a,PUR_IED_ColViva_1101_S25_7f520a,,,,,
2026-09-12T19:11:05-05:00,PUR_IED_ColViva_1102_S16_f570ba,PUR_IED_ColViva_1102_S16_f570ba,,,,,
2026-09-12T19:11:05-05:00,PUR_IED_ColViva_Ext_1a26fa,PUR_IED_ColViva_Ext_1a26fa,,,,,
2026-09-12T19:11:05-05:00,PUR_IED_ColegioBici_Asist_7c8798,PUR_IED_ColegioBici_Asist_7c8798,,,,,
2026-09-12T19:11:05-05:00,PUR_IED_ColegioBici_Ext_25cbf6,PUR_IED_ColegioBici_Ext_25cbf6,,,,,
2026-09-12T19:11:05-05:00,PUR_IED_ColegioBici_LabQ_7b57db,PUR_IED_ColegioBici_LabQ_7b57db,,,,,
2026-09-12T19:11:05-05:00,PUR_IED_CostaRica_Ext_5e640,PUR_IED_CostaRica_Ext_5e640,,,,,
2026-09-12T19:11:05-05:00,PUR_IED_CostaRica_Quim1_766d1c,PUR_IED_CostaRica_Quim1_766d1c,,,,,
2026-09-12T19:11:05-05:00,PUR_IED_CostaRica__Fisica_6f0873,PUR_IED_CostaRica__Fisica_6f0873,,,,,
2026-09-12T19:11:05-05:00,PUR_IED_CulPopu_301A_f660f3,PUR_IED_CulPopu_301A_f660f3,,,,,
2026-09-12T19:11:05-05:00,PUR_IED_CulPopu_303_568afe,PUR_IED_CulPopu_303_568afe,,,,,
2026-09-12T19:11:05-05:00,PUR_IED_CulPopu_Ext_e02ccb,PUR_IED_CulPopu_Ext_e02ccb,,,,,
2026-09-12T19:11:05-05:00,PUR_IED_Cundinamarca_Ext_f15985,PUR_IED_Cundinamarca_Ext_f15985,,,,,
2026-09-12T19:11:05-05:00,PUR_IED_Cundinamarca_Info_7aa5d7,PUR_IED_Cundinamarca_Info_7aa5d7,,,,,
2026-09-12T19:11:05-05:00,PUR_IED_Cundinamarca_Tec2_f449c7,PUR_IED_Cundinamarca_Tec2_f449c7,,,,,
2026-09-12T19:11:05-05:00,PUR_IED_DiegoM_Aula1_27b314,PUR_IED_DiegoM_Aula1_27b314,,,,,
2026-09-12T19:11:05-05:00,PUR_IED_DiegoM_Ext_d80ac8,PUR_IED_DiegoM_Ext_d80ac8,,,,,
2026-09-12T19:11:05-05:00,PUR_IED_DiegoM_S25_da928f,PUR_IED_DiegoM_S25_da928f,,,,,
2026-09-12T19:11:05-05:00,PUR_IED_ELRODEO_360881,PUR_IED_ELRODEO_360881,,,,,
2026-09-12T19:11:05-05:00,PUR_IED_ELRODEO_ext_360881,PUR_IED_ELRODEO_ext_360881,,,,,
2026-09-12T19:11:05-05:00,PUR_IED_EduardoU_Ext_1c1969,PUR_IED_EduardoU_Ext_1c1969,,,,,
2026-09-12T19:11:05-05:00,PUR_IED_EduardoU_SCiencia_4dfb94,PUR_IED_EduardoU_SCiencia_4dfb94,,,,,
2026-09-12T19:11:05-05:00,PUR_IED_EduardoU_SQuimica_5a46e7,PUR_IED_EduardoU_SQuimica_5a46e7,,,,,
2026-09-12T19:11:05-05:00,PUR_IED_ElRodeo_Aula14_676984,PUR_IED_ElRodeo_Aula14_676984,,,,,
2026-09-12T19:11:05-05:00,PUR_IED_ElRodeo_Aula16_2dd35b,PUR_IED_ElRodeo_Aula16_2dd35b,,,,,
2026-09-12T19:11:05-05:00,PUR_IED_ElRodeo_Ext_360881,PUR_IED_ElRodeo_Ext_360881,,,,,
2026-09-12T19:11:05-05:00,PUR_IED_ElRodeo_Exterior_8c6d28,PUR_IED_ElRodeo_Exterior_8c6d28,,,,,
2026-09-12T19:11:05-05:00,PUR_IED_ElRodeo_ext_360881,PUR_IED_ElRodeo_ext_360881,,,,,
2026-09-12T19:11:05-05:00,PUR_IED_EmmaReyes_Ext_987625,PUR_IED_EmmaReyes_Ext_987625,3,21,51,4.6367,-74.1511
2026-09-12T19:11:05-05:00,PUR_IED_Ensueño_Ext_7f0250,PUR_IED_Ensueño_Ext_7f0250,,,,,
2026-09-12T19:11:05-05:00,PUR_IED_EscNormal_Ext_5fef3b,PUR_IED_EscNormal_Ext_5fef3b,2,19,57,4.5852,-74.096901
2026-09-12T19:11:05-05:00,PUR_IED_EscNormal_S309_5b263,PUR_IED_EscNormal_S309_5b263,,,,,
2026-09-12T19:11:05-05:00,PUR_IED_EscNormal_S310_27b3b8,PUR_IED_EscNormal_S310_27b3b8,,,,,
2026-09-12T19:11:05-05:00,PUR_IED_Evangelista_Conta_f6cd4f,PUR_IED_Evangelista_Conta_f6cd4f,,,,,
2026-09-12T19:11:05-05:00,PUR_IED_Evangelista_Cri_5e16a,PUR_IED_Evangelista_Cri_5e16a,,,,,
2026-09-12T19:11:05-05:00,PUR_IED_Evangelista_Exter_754066,PUR_IED_Evangelista_Exter_754066,,,,,
2026-09-12T19:11:05-05:00,PUR_IED_FMiranda_S209_5cc2a3,PUR_IED_FMiranda_S209_5cc2a3,,,,,
2026-09-12T19:11:05-05:00,PUR_IED_FMiranda_S303_19e344,PUR_IED_FMiranda_S303_19e344,,,,,
2026-09-12T19:11:05-05:00,PUR_IED_FMiranda_ext_f53e7c,PUR_IED_FMiranda_ext_f53e7c,,,,,
2026-09-12T19:11:05-05:00,PUR_IED_FabioLozano_Bibli_1cee05,PUR_IED_FabioLozano_Bibli_1cee05,,,,,
2026-09-12T19:11:05-05:00,PUR_IED_FabioLozano_Ext_6ea285,PUR_IED_FabioLozano_Ext_6ea285,,,,,
2026-09-12T19:11:05-05:00,PUR_IED_FabioLozano_SLudi_f09e1e,PUR_IED_FabioLozano_SLudi_f09e1e,,,,,
2026-09-12T19:11:05-05:00,PUR_IED_FaustinoS_Aula07_27a731,PUR_IED_FaustinoS_Aula07_27a731,,,,,
2026-09-12T19:11:05-05:00,PUR_IED_FaustinoS_Ext_7b936f,PUR_IED_FaustinoS_Ext_7b936f,,,,,
2026-09-12T19:11:05-05:00,PUR_IED_FaustinoS_Fisica_da2c60,PUR_IED_FaustinoS_Fisica_da2c60,,,,,
2026-09-12T19:11:05-05:00,PUR_IED_FeGarciaLo_Ext_dc68ee,PUR_IED_FeGarciaLo_Ext_dc68ee,,,,,
2026-09-12T19:11:05-05:00,PUR_IED_FeGarciaLo_SDanza_f70a59,PUR_IED_FeGarciaLo_SDanza_f70a59,,,,,
2026-09-12T19:11:05-05:00,PUR_IED_FeGarciaLo_SMusic_125cdd,PUR_IED_FeGarciaLo_SMusic_125cdd,,,,,
2026-09-12T19:11:05-05:00,PUR_IED_FederalAlema_Exte_50c345,PUR_IED_FederalAlema_Exte_50c345,,,,,
2026-09-12T19:11:05-05:00,PUR_IED_FederalAlema_S31_f18371,PUR_IED_FederalAlema_S31_f18371,,,,,
2026-09-12T19:11:05-05:00,PUR_IED_FederalAlema_S901_a62cd,PUR_IED_FederalAlema_S901_a62cd,,,,,
2026-09-12T19:11:05-05:00,PUR_IED_FilarmonicaS_A5_f35eb1,PUR_IED_FilarmonicaS_A5_f35eb1,,,,,
2026-09-12T19:11:05-05:00,PUR_IED_FilarmonicaS_Ext_8a3bde,PUR_IED_FilarmonicaS_Ext_8a3bde,,,,,
2026-09-12T19:11:05-05:00,PUR_IED_FilarmonicaS_Spol_406114,PUR_IED_FilarmonicaS_Spol_406114,,,,,
2026-09-12T19:11:05-05:00,PUR_IED_FlorentinoG_A13_d1fa59,PUR_IED_FlorentinoG_A13_d1fa59,,,,,
2026-09-12T19:11:05-05:00,PUR_IED_FlorentinoG_Ext_1ce6ce,PUR_IED_FlorentinoG_Ext_1ce6ce,,,,,
2026-09-12T19:11:05-05:00,PUR_IED_FlorentinoG_Idiom_a66aac,PUR_IED_FlorentinoG_Idiom_a66aac,,,,,
2026-09-12T19:11:05-05:00,PUR_IED_FranciscoMati_Ext_e3869d,PUR_IED_FranciscoMati_Ext_e3869d,,,,,
2026-09-12T19:11:05-05:00,PUR_IED_FranciscoMati_S13_f31c67,PUR_IED_FranciscoMati_S13_f31c67,,,,,
2026-09-12T19:11:05-05:00,PUR_IED_FranciscoMati_S14_97dead,PUR_IED_FranciscoMati_S14_97dead,,,,,
2026-09-12T19:11:05-05:00,PUR_IED_FranciscoPS_Ext_7bfa9a,PUR_IED_FranciscoPS_Ext_7bfa9a,2,20,57,4.5899,-74.110397
2026-09-12T19:11:05-05:00,PUR_IED_FranciscoPS_Infor_fb8f4c,PUR_IED_FranciscoPS_Infor_fb8f4c,,,,,
2026-09-12T19:11:05-05:00,PUR_IED_FranciscoPS_Quimi_94d39c,PUR_IED_FranciscoPS_Quimi_94d39c,,,,,
2026-09-12T19:11:05-05:00,PUR_IED_FranciscoP_LabQ_d7e148,PUR_IED_FranciscoP_LabQ_d7e148,,,,,
2026-09-12T19:11:05-05:00,PUR_IED_FranciscoP_S28_cf9b30,PUR_IED_FranciscoP_S28_cf9b30,,,,,
2026-09-12T19:11:05-05:00,PUR_IED_FranciscoP_ext_e2313,PUR_IED_FranciscoP_ext_e2313,,,,,
2026-09-12T19:11:05-05:00,PUR_IED_FriederichN_Ext_8ac92a,PUR_IED_FriederichN_Ext_8ac92a,,,,,
2026-09-12T19:11:05-05:00,PUR_IED_FriederichN_S301_dd7e5a,PUR_IED_FriederichN_S301_dd7e5a,,,,,
2026-09-12T19:11:05-05:00,PUR_IED_FriederichN_S308_761f4f,PUR_IED_FriederichN_S308_761f4f,,,,,
2026-09-12T19:11:05-05:00,PUR_IED_GSantander_Aula10_533dd7,PUR_IED_GSantander_Aula10_533dd7,,,,,
2026-09-12T19:11:05-05:00,PUR_IED_GSantander_Aula12_fd4e4f,PUR_IED_GSantander_Aula12_fd4e4f,,,,,
2026-09-12T19:11:05-05:00,PUR_IED_GSantander_Aula310_533dd7,PUR_IED_GSantander_Aula310_533dd7,,,,,
2026-09-12T19:11:05-05:00,PUR_IED_GSantander_Aula312_fd4e4f,PUR_IED_GSantander_Aula312_fd4e4f,,,,,
2026-09-12T19:11:05-05:00,PUR_IED_GSantander_Ext_5f66b0,PUR_IED_GSantander_Ext_5f66b0,,,,,
2026-09-12T19:11:05-05:00,PUR_IED_GYomasa_Ext_f6bea5,PUR_IED_GYomasa_Ext_f6bea5,,,,,
2026-09-12T19:11:05-05:00,PUR_IED_GYomasa_LBiol_2c41aa,PUR_IED_GYomasa_LBiol_2c41aa,,,,,
2026-09-12T19:11:05-05:00,PUR_IED_GYomasa_LQuim_33c80,PUR_IED_GYomasa_LQuim_33c80,,,,,
2026-09-12T19:11:05-05:00,PUR_IED_GabBetMejia_Cienc_5a99c,PUR_IED_GabBetMejia_Cienc_5a99c,,,,,
2026-09-12T19:11:05-05:00,PUR_IED_GabBetMejia_Ext_9153d0,PUR_IED_GabBetMejia_Ext_9153d0,,,,,
2026-09-12T19:11:05-05:00,PUR_IED_GabBetMejia_Lab_f55347,PUR_IED_GabBetMejia_Lab_f55347,,,,,
2026-09-12T19:11:05-05:00,PUR_IED_GabBetanMejia_Ext_9153d0,PUR_IED_GabBetanMejia_Ext_9153d0,,,,,
2026-09-12T19:11:05-05:00,PUR_IED_Gaitana_Aula13_7aac11,PUR_IED_Gaitana_Aula13_7aac11,,,,,
2026-09-12T19:11:05-05:00,PUR_IED_Gaitana_Ext_5fcf4,PUR_IED_Gaitana_Ext_5fcf4,,,,,
2026-09-12T19:11:05-05:00,PUR_IED_Gaitana_LabFisica_644448,PUR_IED_Gaitana_LabFisica_644448,,,,,
2026-09-12T19:11:05-05:00,PUR_IED_GenSantander_Dise_8ac858,PUR_IED_GenSantander_Dise_8ac858,,,,,
2026-09-12T19:11:05-05:00,PUR_IED_GenSantander_Ext_8d5dfe,PUR_IED_GenSantander_Ext_8d5dfe,,,,,
2026-09-12T19:11:05-05:00,PUR_IED_GenSantander_Info_6c25b,PUR_IED_GenSantander_Info_6c25b,,,,,
2026-09-12T19:11:05-05:00,PUR_IED_GustavoMo_Exterio_75e63d,PUR_IED_GustavoMo_Exterio_75e63d,,,,,
2026-09-12T19:11:05-05:00,PUR_IED_GustavoMo_LabFisi_224d37,PUR_IED_GustavoMo_LabFisi_224d37,,,,,
2026-09-12T19:11:05-05:00,PUR_IED_GustavoMo_S208_3e6918,PUR_IED_GustavoMo_S208_3e6918,,,,,
2026-09-12T19:11:05-05:00,PUR_IED_GustavoR_A02_8cd4a8,PUR_IED_GustavoR_A02_8cd4a8,,,,,
2026-09-12T19:11:05-05:00,PUR_IED_GustavoR_B11_5b0ed,PUR_IED_GustavoR_B11_5b0ed,,,,,
2026-09-12T19:11:05-05:00,PUR_IED_GustavoR_Ext_7a0c90,PUR_IED_GustavoR_Ext_7a0c90,,,,,
2026-09-12T19:11:05-05:00,PUR_IED_HernandoDuran_Ext_8cd82b,PUR_IED_HernandoDuran_Ext_8cd82b,,,,,
2026-09-12T19:11:05-05:00,PUR_IED_HernandoDuran_S24_2772c6,PUR_IED_HernandoDuran_S24_2772c6,,,,,
2026-09-12T19:11:05-05:00,PUR_IED_HernandoDuran_S30_f2de41,PUR_IED_HernandoDuran_S30_f2de41,,,,,
2026-09-12T19:11:05-05:00,PUR_IED_HolguInUr_S1101_8cd732,PUR_IED_HolguInUr_S1101_8cd732,,,,,
2026-09-12T19:11:05-05:00,PUR_IED_HolguinUr_Exter_ddae6d,PUR_IED_HolguinUr_Exter_ddae6d,,,,,
2026-09-12T19:11:05-05:00,PUR_IED_HolguinUr_LabQuim_92b952,PUR_IED_HolguinUr_LabQuim_92b952,,,,,
2026-09-12T19:11:05-05:00,PUR_IED_Isabel-II_Ext_5245cc,PUR_IED_Isabel-II_Ext_5245cc,3,19,57,4.6336,-74.153
2026-09-12T19:11:05-05:00,PUR_IED_Isabel-II_S_idiom_1c29aa,PUR_IED_Isabel-II_S_idiom_1c29aa,,,,,
2026-09-12T19:11:05-05:00,PUR_IED_Isabel-II_S_infor_fd741,PUR_IED_Isabel-II_S_infor_fd741,,,,,
2026-09-12T19:11:05-05:00,PUR_IED_IsidroSur_Exterio_5b90ea,PUR_IED_IsidroSur_Exterio_5b90ea,,,,,
2026-09-12T19:11:05-05:00,PUR_IED_IsidroSur_LabTec_56697a,PUR_IED_IsidroSur_LabTec_56697a,,,,,
2026-09-12T19:11:05-05:00,PUR_IED_IsidroSur_Robotic_b7c38f,PUR_IED_IsidroSur_Robotic_b7c38f,,,,,
2026-09-12T19:11:05-05:00,PUR_IED_IsmaelPerd_Ext_7b6672,PUR_IED_IsmaelPerd_Ext_7b6672,,,,,
2026-09-12T19:11:05-05:00,PUR_IED_IsmaelPerd_Inform_306540,PUR_IED_IsmaelPerd_Inform_306540,,,,,
2026-09-12T19:11:05-05:00,PUR_IED_IsmaelPerd_S30_2e2c83,PUR_IED_IsmaelPerd_S30_2e2c83,,,,,
2026-09-12T19:11:05-05:00,PUR_IED_JLozano_Exter_432910,PUR_IED_JLozano_Exter_432910,,,,,
2026-09-12T19:11:05-05:00,PUR_IED_JLozano_salaMulti_df5125,PUR_IED_JLozano_salaMulti_df5125,,,,,
2026-09-12T19:11:05-05:00,PUR_IED_JMCordoba_206_86f80b,PUR_IED_JMCordoba_206_86f80b,,,,,
2026-09-12T19:11:05-05:00,PUR_IED_JMCordoba_Ext_27ad97,PUR_IED_JMCordoba_Ext_27ad97,,,,,
2026-09-12T19:11:05-05:00,PUR_IED_JMCordoba_S310_d59ab4,PUR_IED_JMCordoba_S310_d59ab4,,,,,
2026-09-12T19:11:05-05:00,PUR_IED_Japon_Ext_549100,PUR_IED_Japon_Ext_549100,,,,,
2026-09-12T19:11:05-05:00,PUR_IED_Japon_Laboratorio_bec51d,PUR_IED_Japon_Laboratorio_bec51d,,,,,
2026-09-12T19:11:05-05:00,PUR_IED_Japon_informatica_d99327,PUR_IED_Japon_informatica_d99327,,,,,
2026-09-12T19:11:05-05:00,PUR_IED_Jazmin_Ext_d27bda,PUR_IED_Jazmin_Ext_d27bda,,,,,
2026-09-12T19:11:05-05:00,PUR_IED_Jazmin_Fisica_8d14d7,PUR_IED_Jazmin_Fisica_8d14d7,,,,,
2026-09-12T19:11:05-05:00,PUR_IED_Jazmin_Quimica_801cb5,PUR_IED_Jazmin_Quimica_801cb5,,,,,
2026-09-12T19:11:05-05:00,PUR_IED_JorgeGaitan_Exter_f098d1,PUR_IED_JorgeGaitan_Exter_f098d1,,,,,
2026-09-12T19:11:05-05:00,PUR_IED_JorgeGaitan_STec1_dc9d1d,PUR_IED_JorgeGaitan_STec1_dc9d1d,,,,,
2026-09-12T19:11:05-05:00,PUR_IED_JorgeGaitan_STec2_281e69,PUR_IED_JorgeGaitan_STec2_281e69,,,,,
2026-09-12T19:11:05-05:00,PUR_IED_JorgeSoto_Exterio_d9d0a2,PUR_IED_JorgeSoto_Exterio_d9d0a2,,,,,
2026-09-12T19:11:05-05:00,PUR_IED_JorgeSoto_LabFisi_209c54,PUR_IED_JorgeSoto_LabFisi_209c54,,,,,
2026-09-12T19:11:05-05:00,PUR_IED_JorgeSoto_S103_27b51a,PUR_IED_JorgeSoto_S103_27b51a,,,,,
2026-09-12T19:11:05-05:00,PUR_IED_JoseAcevedo_A02_e965eb,PUR_IED_JoseAcevedo_A02_e965eb,,,,,
2026-09-12T19:11:05-05:00,PUR_IED_JoseAcevedo_A07_dd5b4,PUR_IED_JoseAcevedo_A07_dd5b4,,,,,
2026-09-12T19:11:05-05:00,PUR_IED_JoseAcevedo_Ext_b47484,PUR_IED_JoseAcevedo_Ext_b47484,,,,,
2026-09-12T19:11:05-05:00,PUR_IED_JoseMarti_Exte_5b9bf,PUR_IED_JoseMarti_Exte_5b9bf,,,,,
2026-09-12T19:11:05-05:00,PUR_IED_JoseMarti_LabQuim_1c6c2d,PUR_IED_JoseMarti_LabQuim_1c6c2d,,,,,
2026-09-12T19:11:05-05:00,PUR_IED_JoseMarti_S_info_f5f177,PUR_IED_JoseMarti_S_info_f5f177,,,,,
2026-09-12T19:11:05-05:00,PUR_IED_Josejoaquin_Ext_dfc5dc,PUR_IED_Josejoaquin_Ext_dfc5dc,,,,,
2026-09-12T19:11:05-05:00,PUR_IED_Josejoaquin_S05_5b2a96,PUR_IED_Josejoaquin_S05_5b2a96,,,,,
2026-09-12T19:11:05-05:00,PUR_IED_Josejoaquin_S06_1ce7d2,PUR_IED_Josejoaquin_S06_1ce7d2,,,,,
2026-09-12T19:11:05-05:00,PUR_IED_JulioFlorez_Danza_9b82dd,PUR_IED_JulioFlorez_Danza_9b82dd,,,,,
2026-09-12T19:11:05-05:00,PUR_IED_JulioFlorez_Exter_f9f314,PUR_IED_JulioFlorez_Exter_f9f314,,,,,
2026-09-12T19:11:05-05:00,PUR_IED_JulioFlorez_info2_6b6e08,PUR_IED_JulioFlorez_info2_6b6e08,,,,,
2026-09-12T19:11:05-05:00,PUR_IED_LaBelleza_Aula13_1d00d8,PUR_IED_LaBelleza_Aula13_1d00d8,,,,,
2026-09-12T19:11:05-05:00,PUR_IED_LaBelleza_Ext_7bc08c,PUR_IED_LaBelleza_Ext_7bc08c,,,,,
2026-09-12T19:11:05-05:00,PUR_IED_LaChucua_Ext_8cd6d2,PUR_IED_LaChucua_Ext_8cd6d2,,,,,
2026-09-12T19:11:05-05:00,PUR_IED_LaChucua_S15_f578ce,PUR_IED_LaChucua_S15_f578ce,,,,,
2026-09-12T19:11:05-05:00,PUR_IED_LaChucua_S16_eebcf9,PUR_IED_LaChucua_S16_eebcf9,,,,,
2026-09-12T19:11:05-05:00,PUR_IED_LaFelicidad_Ext_fb5109,PUR_IED_LaFelicidad_Ext_fb5109,,,,,
2026-09-12T19:11:05-05:00,PUR_IED_LaMerced_206_66ebd,PUR_IED_LaMerced_206_66ebd,,,,,
2026-09-12T19:11:05-05:00,PUR_IED_LaMerced_207_6ebd6,PUR_IED_LaMerced_207_6ebd6,,,,,
2026-09-12T19:11:05-05:00,PUR_IED_LaMerced_ext_304311,PUR_IED_LaMerced_ext_304311,,,,,
2026-09-12T19:11:05-05:00,PUR_IED_Laureano_CiencNat_281e5e,PUR_IED_Laureano_CiencNat_281e5e,,,,,
2026-09-12T19:11:05-05:00,PUR_IED_Laureano_Comedor_f65c0a,PUR_IED_Laureano_Comedor_f65c0a,,,,,
2026-09-12T19:11:05-05:00,PUR_IED_Laureano_Exterior_7ab011,PUR_IED_Laureano_Exterior_7ab011,,,,,
2026-09-12T19:11:05-05:00,PUR_IED_LeonGreiff_Exte_dfe560,PUR_IED_LeonGreiff_Exte_dfe560,,,,,
2026-09-12T19:11:05-05:00,PUR_IED_LeonGreiff_S210_f264ed,PUR_IED_LeonGreiff_S210_f264ed,,,,,
2026-09-12T19:11:05-05:00,PUR_IED_LeonGreiff_SQuimi_e8296f,PUR_IED_LeonGreiff_SQuimi_e8296f,,,,,
2026-09-12T19:11:05-05:00,PUR_IED_LlanoOrientalS208_7b9fcd,PUR_IED_LlanoOrientalS208_7b9fcd,,,,,
2026-09-12T19:11:05-05:00,PUR_IED_LlanoOriental_Ext_fb3766,PUR_IED_LlanoOriental_Ext_fb3766,,,,,
2026-09-12T19:11:05-05:00,PUR_IED_LlanoOriental_S208_7b9fcd,PUR_IED_LlanoOriental_S208_7b9fcd,,,,,
2026-09-12T19:11:05-05:00,PUR_IED_LlanoOriental_S9_27b378,PUR_IED_LlanoOriental_S9_27b378,,,,,
2026-09-12T19:11:05-05:00,PUR_IED_LosTejares_1101_477602,PUR_IED_LosTejares_1101_477602,,,,,
2026-09-12T19:11:05-05:00,PUR_IED_LosTejares_11_d2c595,PUR_IED_LosTejares_11_d2c595,,,,,
2026-09-12T19:11:05-05:00,PUR_IED_LosTejares_12_477602,PUR_IED_LosTejares_12_477602,,,,,
2026-09-12T19:11:05-05:00,PUR_IED_LosTejares_Ext_8e2115,PUR_IED_LosTejares_Ext_8e2115,,,,,
2026-09-12T19:11:05-05:00,PUR_IED_MagdalenaO_B202_5ddda3,PUR_IED_MagdalenaO_B202_5ddda3,,,,,
2026-09-12T19:11:05-05:00,PUR_IED_MagdalenaO_B205_fb76e8,PUR_IED_MagdalenaO_B205_fb76e8,,,,,
2026-09-12T19:11:05-05:00,PUR_IED_MagdalenaO_ext_dc69cd,PUR_IED_MagdalenaO_ext_dc69cd,,,,,
2026-09-12T19:11:05-05:00,PUR_IED_ManueCepeda_artes_eee956,PUR_IED_ManueCepeda_artes_eee956,,,,,
2026-09-12T19:11:05-05:00,PUR_IED_ManuelCepeda_Ext_58313,PUR_IED_ManuelCepeda_Ext_58313,,,,,
2026-09-12T19:11:05-05:00,PUR_IED_ManuelCepeda_tec_1c5731,PUR_IED_ManuelCepeda_tec_1c5731,,,,,
2026-09-12T19:11:05-05:00,PUR_IED_ManuelS_Exterior_5b269,PUR_IED_ManuelS_Exterior_5b269,,,,,
2026-09-12T19:11:05-05:00,PUR_IED_ManuelS_Inform_f369ce,PUR_IED_ManuelS_Inform_f369ce,,,,,
2026-09-12T19:11:05-05:00,PUR_IED_ManuelS_SArtes_7d15f1,PUR_IED_ManuelS_SArtes_7d15f1,,,,,
2026-09-12T19:11:05-05:00,PUR_IED_ManuelZapata_303_3ca6,PUR_IED_ManuelZapata_303_3ca6,,,,,
2026-09-12T19:11:05-05:00,PUR_IED_ManuelZapata_311_bfbabc,PUR_IED_ManuelZapata_311_bfbabc,,,,,
2026-09-12T19:11:05-05:00,PUR_IED_ManuelZapata_Ext_50824a,PUR_IED_ManuelZapata_Ext_50824a,,,,,
2026-09-12T19:11:05-05:00,PUR_IED_ManuelitaS_Exteri_656a92,PUR_IED_ManuelitaS_Exteri_656a92,,,,,
2026-09-12T19:11:05-05:00,PUR_IED_ManuelitaS_JuzgDe_f58ec3,PUR_IED_ManuelitaS_JuzgDe_f58ec3,,,,,
2026-09-12T19:11:05-05:00,PUR_IED_ManuelitaS_Recrea_d793db,PUR_IED_ManuelitaS_Recrea_d793db,,,,,
2026-09-12T19:11:05-05:00,PUR_IED_MarFidSuarez_Ext_c27b19,PUR_IED_MarFidSuarez_Ext_c27b19,,,,,
2026-09-12T19:11:05-05:00,PUR_IED_MarFidSuarez_Info_e384d7,PUR_IED_MarFidSuarez_Info_e384d7,,,,,
2026-09-12T19:11:05-05:00,PUR_IED_MarFidSuarez_S306_1d0032,PUR_IED_MarFidSuarez_S306_1d0032,,,,,
2026-09-12T19:11:05-05:00,PUR_IED_Menorah_301_2a25a3,PUR_IED_Menorah_301_2a25a3,,,,,
2026-09-12T19:11:05-05:00,PUR_IED_Menorah_306_37ed3,PUR_IED_Menorah_306_37ed3,,,,,
2026-09-12T19:11:05-05:00,PUR_IED_Menorah_Ext_3e155b,PUR_IED_Menorah_Ext_3e155b,,,,,
2026-09-12T19:11:05-05:00,PUR_IED_MinutoB.Aires_A11_1b1604,PUR_IED_MinutoB.Aires_A11_1b1604,,,,,
2026-09-12T19:11:05-05:00,PUR_IED_MinutoB.Aires_A12_fb5860,PUR_IED_MinutoB.Aires_A12_fb5860,,,,,
2026-09-12T19:11:05-05:00,PUR_IED_MinutoB.Aires_Ext_81293f,PUR_IED_MinutoB.Aires_Ext_81293f,,,,,
2026-09-12T19:11:05-05:00,PUR_IED_MinutoBAires_A11_1b1604,PUR_IED_MinutoBAires_A11_1b1604,,,,,
2026-09-12T19:11:05-05:00,PUR_IED_MinutoBAires_A12_fb5860,PUR_IED_MinutoBAires_A12_fb5860,,,,,
2026-09-12T19:11:05-05:00,PUR_IED_MinutoBAires_Ext_81293f,PUR_IED_MinutoBAires_Ext_81293f,,,,,
2026-09-12T19:11:05-05:00,PUR_IED_Montreal_Aula10_1e4959,PUR_IED_Montreal_Aula10_1e4959,,,,,
2026-09-12T19:11:05-05:00,PUR_IED_Montreal_Aula6_300367,PUR_IED_Montreal_Aula6_300367,,,,,
2026-09-12T19:11:05-05:00,PUR_IED_Montreal_Exterior_91a179,PUR_IED_Montreal_Exterior_91a179,,,,,
2026-09-12T19:11:05-05:00,PUR_IED_Mqgdalena_B202_5ddda3,PUR_IED_Mqgdalena_B202_5ddda3,,,,,
2026-09-12T19:11:05-05:00,PUR_IED_NACUND_Soc_dc8728,PUR_IED_NACUND_Soc_dc8728,,,,,
2026-09-12T19:11:05-05:00,PUR_IED_NACUND_ext_27ad97,PUR_IED_NACUND_ext_27ad97,,,,,
2026-09-12T19:11:05-05:00,PUR_IED_NEsperanza_Ext_d24b61,PUR_IED_NEsperanza_Ext_d24b61,,,,,
2026-09-12T19:11:05-05:00,PUR_IED_NEsperanza_SElect_7d1807,PUR_IED_NEsperanza_SElect_7d1807,,,,,
2026-09-12T19:11:05-05:00,PUR_IED_NEsperanza_SLabor_8b2d0a,PUR_IED_NEsperanza_SLabor_8b2d0a,,,,,
2026-09-12T19:11:05-05:00,PUR_IED_NacionesU_Ext_f661a9,PUR_IED_NacionesU_Ext_f661a9,,,,,
2026-09-12T19:11:05-05:00,PUR_IED_NacionesU_Quimica_66f0a,PUR_IED_NacionesU_Quimica_66f0a,,,,,
2026-09-12T19:11:05-05:00,PUR_IED_NacionesU_S306_1b4b3d,PUR_IED_NacionesU_S306_1b4b3d,,,,,
2026-09-12T19:11:05-05:00,PUR_IED_NestorFA_Ext_e4201c,PUR_IED_NestorFA_Ext_e4201c,,,,,
2026-09-12T19:11:05-05:00,PUR_IED_NestorFA_Laborato_f22fe0,PUR_IED_NestorFA_Laborato_f22fe0,,,,,
2026-09-12T19:11:05-05:00,PUR_IED_NestorFA_S204_dee996,PUR_IED_NestorFA_S204_dee996,,,,,
2026-09-12T19:11:05-05:00,PUR_IED_NidyaQT_Aula03_76999b,PUR_IED_NidyaQT_Aula03_76999b,,,,,
2026-09-12T19:11:05-05:00,PUR_IED_NidyaQT_Aula10_56325,PUR_IED_NidyaQT_Aula10_56325,,,,,
2026-09-12T19:11:05-05:00,PUR_IED_NidyaQT_Ext_46e32d,PUR_IED_NidyaQT_Ext_46e32d,,,,,
2026-09-12T19:11:05-05:00,PUR_IED_NuevaCol_Exterior_d9b859,PUR_IED_NuevaCol_Exterior_d9b859,,,,,
2026-09-12T19:11:05-05:00,PUR_IED_NuevaCol_S1101_76c43b,PUR_IED_NuevaCol_S1101_76c43b,,,,,
2026-09-12T19:11:05-05:00,PUR_IED_NuevaCol_S1102_1ce0b5,PUR_IED_NuevaCol_S1102_1ce0b5,,,,,
2026-09-12T19:11:05-05:00,PUR_IED_OEA_A202_f7e3f2,PUR_IED_OEA_A202_f7e3f2,,,,,
2026-09-12T19:11:05-05:00,PUR_IED_OEA_A203_7d1b8d,PUR_IED_OEA_A203_7d1b8d,,,,,
2026-09-12T19:11:05-05:00,PUR_IED_OEA_Ext_27b593,PUR_IED_OEA_Ext_27b593,,,,,
2026-09-12T19:11:05-05:00,PUR_IED_Ochoa_Ext_1c29da,PUR_IED_Ochoa_Ext_1c29da,,,,,
2026-09-12T19:11:05-05:00,PUR_IED_Ochoa_S205_8b1121,PUR_IED_Ochoa_S205_8b1121,,,,,
2026-09-12T19:11:05-05:00,PUR_IED_Ochoa_Sistemas_f33af6,PUR_IED_Ochoa_Sistemas_f33af6,,,,,
2026-09-12T19:11:05-05:00,PUR_IED_PQuebec_Ext_1c67c7,PUR_IED_PQuebec_Ext_1c67c7,,,,,
2026-09-12T19:11:05-05:00,PUR_IED_PQuebec_S15_23e8e2,PUR_IED_PQuebec_S15_23e8e2,,,,,
2026-09-12T19:11:05-05:00,PUR_IED_PQuebec_S16_8ec76b,PUR_IED_PQuebec_S16_8ec76b,,,,,
2026-09-12T19:11:05-05:00,PUR_IED_PabloN_Ext_49dc96,PUR_IED_PabloN_Ext_49dc96,,,,,
2026-09-12T19:11:05-05:00,PUR_IED_PabloN_S1102_4e3df5,PUR_IED_PabloN_S1102_4e3df5,,,,,
2026-09-12T19:11:05-05:00,PUR_IED_PabloN_S1103_50c94b,PUR_IED_PabloN_S1103_50c94b,,,,,
2026-09-12T19:11:05-05:00,PUR_IED_Palestina_S1101_db9198,PUR_IED_Palestina_S1101_db9198,,,,,
2026-09-12T19:11:05-05:00,PUR_IED_Palestina_S1102_dc54fa,PUR_IED_Palestina_S1102_dc54fa,,,,,
2026-09-12T19:11:05-05:00,PUR_IED_Palestina_ext_4ccce6,PUR_IED_Palestina_ext_4ccce6,,,,,
2026-09-12T19:11:05-05:00,PUR_IED_Panama_Fisica_4d0794,PUR_IED_Panama_Fisica_4d0794,,,,,
2026-09-12T19:11:05-05:00,PUR_IED_Panama_SIngles_a4077e,PUR_IED_Panama_SIngles_a4077e,,,,,
2026-09-12T19:11:05-05:00,PUR_IED_Panama_ext_4c54b4,PUR_IED_Panama_ext_4c54b4,,,,,
2026-09-12T19:11:05-05:00,PUR_IED_ParaisoM_Exterior_8cd7f0,PUR_IED_ParaisoM_Exterior_8cd7f0,,,,,
2026-09-12T19:11:05-05:00,PUR_IED_ParaisoM_Laborato_27af35,PUR_IED_ParaisoM_Laborato_27af35,,,,,
2026-09-12T19:11:05-05:00,PUR_IED_ParaisoM_S304_d1edca,PUR_IED_ParaisoM_S304_d1edca,,,,,
2026-09-12T19:11:05-05:00,PUR_IED_PorfirioBarba_Ext_301466,PUR_IED_PorfirioBarba_Ext_301466,,,,,
2026-09-12T19:11:05-05:00,PUR_IED_PorfirioBarba_S11_df6cd2,PUR_IED_PorfirioBarba_S11_df6cd2,,,,,
2026-09-12T19:11:05-05:00,PUR_IED_PorfirioBarba_S29_27a7d6,PUR_IED_PorfirioBarba_S29_27a7d6,,,,,
2026-09-12T19:11:05-05:00,PUR_IED_PradoV_Exter_8b27ad,PUR_IED_PradoV_Exter_8b27ad,,,,,
2026-09-12T19:11:05-05:00,PUR_IED_PradoV_S301_de65b5,PUR_IED_PradoV_S301_de65b5,,,,,
2026-09-12T19:11:05-05:00,PUR_IED_PradoV_S302_7d2593,PUR_IED_PradoV_S302_7d2593,,,,,
2026-09-12T19:11:05-05:00,PUR_IED_QuirogaAlz_Ext_1ddc82,PUR_IED_QuirogaAlz_Ext_1ddc82,,,,,
2026-09-12T19:11:05-05:00,PUR_IED_QuirogaAlz_S302_9926a3,PUR_IED_QuirogaAlz_S302_9926a3,,,,,
2026-09-12T19:11:05-05:00,PUR_IED_QuirogaAlz_S305_cdf1f1,PUR_IED_QuirogaAlz_S305_cdf1f1,,,,,
2026-09-12T19:11:05-05:00,PUR_IED_RGuatemala_Biling_dc53b7,PUR_IED_RGuatemala_Biling_dc53b7,,,,,
2026-09-12T19:11:05-05:00,PUR_IED_RGuatemala_Ext_1b89a3,PUR_IED_RGuatemala_Ext_1b89a3,,,,,
2026-09-12T19:11:05-05:00,PUR_IED_RGuatemala_Tecnol_281a34,PUR_IED_RGuatemala_Tecnol_281a34,,,,,
2026-09-12T19:11:05-05:00,PUR_IED_RafaNu_Ext_f7c302,PUR_IED_RafaNu_Ext_f7c302,,,,,
2026-09-12T19:11:05-05:00,PUR_IED_RafaNu_S1101_25fde,PUR_IED_RafaNu_S1101_25fde,,,,,
2026-09-12T19:11:05-05:00,PUR_IED_RafaNu_S1102_281517,PUR_IED_RafaNu_S1102_281517,,,,,
2026-09-12T19:11:05-05:00,PUR_IED_RafaelB_S305_ee2783,PUR_IED_RafaelB_S305_ee2783,,,,,
2026-09-12T19:11:05-05:00,PUR_IED_RafaelB_S306_75fe33,PUR_IED_RafaelB_S306_75fe33,,,,,
2026-09-12T19:11:05-05:00,PUR_IED_RafaelB_ext_283336,PUR_IED_RafaelB_ext_283336,2,19,58,4.6722,-74.0737
2026-09-12T19:11:05-05:00,PUR_IED_RafaelUU_Exterior_281a51,PUR_IED_RafaelUU_Exterior_281a51,,,,,
2026-09-12T19:11:05-05:00,PUR_IED_RafaelUU_Human_806b2,PUR_IED_RafaelUU_Human_806b2,,,,,
2026-09-12T19:11:05-05:00,PUR_IED_RafaelUU_Mate2_5680d4,PUR_IED_RafaelUU_Mate2_5680d4,,,,,
2026-09-12T19:11:05-05:00,PUR_IED_RamonSub_Ext_f9eeb9,PUR_IED_RamonSub_Ext_f9eeb9,,,,,
2026-09-12T19:11:05-05:00,PUR_IED_RamonSub_Media_d1f62f,PUR_IED_RamonSub_Media_d1f62f,,,,,
2026-09-12T19:11:05-05:00,PUR_IED_RamonSub_planta_51b82,PUR_IED_RamonSub_planta_51b82,,,,,
2026-09-12T19:11:05-05:00,PUR_IED_RepBoliVene_Exter_27af7c,PUR_IED_RepBoliVene_Exter_27af7c,,,,,
2026-09-12T19:11:05-05:00,PUR_IED_RepBoliVene_SCPT_5ae2ee,PUR_IED_RepBoliVene_SCPT_5ae2ee,,,,,
2026-09-12T19:11:05-05:00,PUR_IED_RepBoliVene_Socia_4b11d5,PUR_IED_RepBoliVene_Socia_4b11d5,,,,,
2026-09-12T19:11:05-05:00,PUR_IED_RepChina_Ext_76d9ee,PUR_IED_RepChina_Ext_76d9ee,,,,,
2026-09-12T19:11:05-05:00,PUR_IED_RepChina_S404_7c804c,PUR_IED_RepChina_S404_7c804c,,,,,
2026-09-12T19:11:05-05:00,PUR_IED_RepChina_S405_df2c33,PUR_IED_RepChina_S405_df2c33,,,,,
2026-09-12T19:11:05-05:00,PUR_IED_RepublicaC_Exteri_7d1ec9,PUR_IED_RepublicaC_Exteri_7d1ec9,,,,,
2026-09-12T19:11:05-05:00,PUR_IED_RepublicaC_S1101_f544b3,PUR_IED_RepublicaC_S1101_f544b3,,,,,
2026-09-12T19:11:05-05:00,PUR_IED_RepublicaC_S1102_7aafc7,PUR_IED_RepublicaC_S1102_7aafc7,,,,,
2026-09-12T19:11:05-05:00,PUR_IED_Ricaurte_Externo_a0ea1,PUR_IED_Ricaurte_Externo_a0ea1,,,,,
2026-09-12T19:11:05-05:00,PUR_IED_Ricaurte_S210_f546fd,PUR_IED_Ricaurte_S210_f546fd,,,,,
2026-09-12T19:11:05-05:00,PUR_IED_Ricaurte_S309_d4452,PUR_IED_Ricaurte_S309_d4452,,,,,
2026-09-12T19:11:05-05:00,PUR_IED_RogelioS_1102_531e69,PUR_IED_RogelioS_1102_531e69,,,,,
2026-09-12T19:11:05-05:00,PUR_IED_RogelioS_Ext_f25a18,PUR_IED_RogelioS_Ext_f25a18,,,,,
2026-09-12T19:11:05-05:00,PUR_IED_SBernardino_Ext_27aff8,PUR_IED_SBernardino_Ext_27aff8,,,,,
2026-09-12T19:11:05-05:00,PUR_IED_SBernardino_SArte_2ffd33,PUR_IED_SBernardino_SArte_2ffd33,,,,,
2026-09-12T19:11:05-05:00,PUR_IED_SBernardino_SIngl_7c7da5,PUR_IED_SBernardino_SIngl_7c7da5,,,,,
2026-09-12T19:11:05-05:00,PUR_IED_Sago_auditorio_dc9d1d,PUR_IED_Sago_auditorio_dc9d1d,,,,,
2026-09-12T19:11:05-05:00,PUR_IED_Saludcoop_Ext_95aac3,PUR_IED_Saludcoop_Ext_95aac3,,,,,
2026-09-12T19:11:05-05:00,PUR_IED_Saludcoop_InfI_90c854,PUR_IED_Saludcoop_InfI_90c854,,,,,
2026-09-12T19:11:05-05:00,PUR_IED_Saludcoop_SMedia_1b93be,PUR_IED_Saludcoop_SMedia_1b93be,,,,,
2026-09-12T19:11:05-05:00,PUR_IED_SanCarlos_1101_1a2360,PUR_IED_SanCarlos_1101_1a2360,,,,,
2026-09-12T19:11:05-05:00,PUR_IED_SanCarlos_1103_7bafb5,PUR_IED_SanCarlos_1103_7bafb5,,,,,
2026-09-12T19:11:05-05:00,PUR_IED_SanCarlos_Ext_b7cd1,PUR_IED_SanCarlos_Ext_b7cd1,,,,,
2026-09-12T19:11:05-05:00,PUR_IED_SanIgnacioBosa11a_50c26e,PUR_IED_SanIgnacioBosa11a_50c26e,,,,,
2026-09-12T19:11:05-05:00,PUR_IED_SanIgnacioBosa11b_371de8,PUR_IED_SanIgnacioBosa11b_371de8,,,,,
2026-09-12T19:11:05-05:00,PUR_IED_SanIgnacioBosaExt_ef0ffc,PUR_IED_SanIgnacioBosaExt_ef0ffc,,,,,
2026-09-12T19:11:05-05:00,PUR_IED_SanIgnacioBosa_11a_50c26e,PUR_IED_SanIgnacioBosa_11a_50c26e,,,,,
2026-09-12T19:11:05-05:00,PUR_IED_SanIgnacioBosa_Ext_ef0ffc,PUR_IED_SanIgnacioBosa_Ext_ef0ffc,,,,,
2026-09-12T19:11:05-05:00,PUR_IED_SanJoseN_intS1101_31c47f,PUR_IED_SanJoseN_intS1101_31c47f,,,,,
2026-09-12T19:11:05-05:00,PUR_IED_SanJoseUsm_Exter_f5d7e8,PUR_IED_SanJoseUsm_Exter_f5d7e8,,,,,
2026-09-12T19:11:05-05:00,PUR_IED_SanJoseUsm_Int11A_cfdef6,PUR_IED_SanJoseUsm_Int11A_cfdef6,,,,,
2026-09-12T19:11:05-05:00,PUR_IED_SilveriaR_IntB5_905349,PUR_IED_SilveriaR_IntB5_905349,,,,,
2026-09-12T19:11:05-05:00,PUR_IED_SilveriaR_IntSD14_981f93,PUR_IED_SilveriaR_IntSD14_981f93,,,,,
2026-09-12T19:11:05-05:00,PUR_IED_SilveriaR_ext_2b651d,PUR_IED_SilveriaR_ext_2b651d,,,,,
2026-09-12T19:11:05-05:00,PUR_IED_SimonB_Exterior_913975,PUR_IED_SimonB_Exterior_913975,,,,,
2026-09-12T19:11:05-05:00,PUR_IED_SimonB_LabQuimi_c56908,PUR_IED_SimonB_LabQuimi_c56908,,,,,
2026-09-12T19:11:05-05:00,PUR_IED_SimonB_informatic_a28c1,PUR_IED_SimonB_informatic_a28c1,,,,,
2026-09-12T19:11:05-05:00,PUR_IED_Sorrento_1102_315f50,PUR_IED_Sorrento_1102_315f50,,,,,
2026-09-12T19:11:05-05:00,PUR_IED_Sorrento_Minte_214eab,PUR_IED_Sorrento_Minte_214eab,,,,,
2026-09-12T19:11:05-05:00,PUR_IED_Sorrento_ext_7c3a0a,PUR_IED_Sorrento_ext_7c3a0a,,,,,
2026-09-12T19:11:05-05:00,PUR_IED_Tabora_Ext_f048ae,PUR_IED_Tabora_Ext_f048ae,,,,,
2026-09-12T19:11:05-05:00,PUR_IED_Tabora_S1102_b07752,PUR_IED_Tabora_S1102_b07752,,,,,
2026-09-12T19:11:05-05:00,PUR_IED_Tabora_S1103_d988f5,PUR_IED_Tabora_S1103_d988f5,,,,,
2026-09-12T19:11:05-05:00,PUR_IED_Tenerife_Ext_1ab188,PUR_IED_Tenerife_Ext_1ab188,,,,,
2026-09-12T19:11:05-05:00,PUR_IED_Tenerife_SDanzas_7bc02e,PUR_IED_Tenerife_SDanzas_7bc02e,,,,,
2026-09-12T19:11:05-05:00,PUR_IED_Tenerife_SIngles_7cc277,PUR_IED_Tenerife_SIngles_7cc277,,,,,
2026-09-12T19:11:05-05:00,PUR_IED_Tibabuyes_Exter_f2683d,PUR_IED_Tibabuyes_Exter_f2683d,,,,,
2026-09-12T19:11:05-05:00,PUR_IED_Tibabuyes_S10_dc87a8,PUR_IED_Tibabuyes_S10_dc87a8,,,,,
2026-09-12T19:11:05-05:00,PUR_IED_Tibabuyes_S15_dc0526,PUR_IED_Tibabuyes_S15_dc0526,,,,,
2026-09-12T19:11:05-05:00,PUR_IED_UnionE_S301_a1043,PUR_IED_UnionE_S301_a1043,,,,,
2026-09-12T19:11:05-05:00,PUR_IED_UnionE_S307_ff6c2f,PUR_IED_UnionE_S307_ff6c2f,,,,,
2026-09-12T19:11:05-05:00,PUR_IED_UnionE__Ext_5e2468,PUR_IED_UnionE__Ext_5e2468,,,,,
2026-09-12T19:11:05-05:00,PUR_IED_VillaRica_Ext_75be7c,PUR_IED_VillaRica_Ext_75be7c,,,,,
2026-09-12T19:11:05-05:00,PUR_IED_VillaRica_S4_cc5dcd,PUR_IED_VillaRica_S4_cc5dcd,,,,,
2026-09-12T19:11:05-05:00,PUR_IED_VillaRica_Sesp_99f5c,PUR_IED_VillaRica_Sesp_99f5c,,,,,
2026-09-12T19:16:09-05:00,PUR_IED_20deJulio_1101_91b1b9,PUR_IED_20deJulio_1101_91b1b9,,,,,
2026-09-12T19:16:09-05:00,PUR_IED_20deJulio_1102_1cfcf9,PUR_IED_20deJulio_1102_1cfcf9,,,,,
2026-09-12T19:16:09-05:00,PUR_IED_20deJulio_Ext_ab60bd,PUR_IED_20deJulio_Ext_ab60bd,,,,,
2026-09-12T19:16:09-05:00,PUR_IED_AgustinFer_Ext_7b9b77,PUR_IED_AgustinFer_Ext_7b9b77,,,,,
2026-09-12T19:16:09-05:00,PUR_IED_AgustinFer_Info2_27b3a7,PUR_IED_AgustinFer_Info2_27b3a7,,,,,
2026-09-12T19:16:09-05:00,PUR_IED_AgustinFer_Sena_54b4eb,PUR_IED_AgustinFer_Sena_54b4eb,,,,,
2026-09-12T19:16:09-05:00,PUR_IED_AlexanderF_1102_caf07b,PUR_IED_AlexanderF_1102_caf07b,,,,,
2026-09-12T19:16:09-05:00,PUR_IED_AlexanderF_1103_c79e71,PUR_IED_AlexanderF_1103_c79e71,,,,,
2026-09-12T19:16:09-05:00,PUR_IED_AlexanderF_Ext_c5b18b,PUR_IED_AlexanderF_Ext_c5b18b,,,,,
2026-09-12T19:16:09-05:00,PUR_IED_AlfonsoLopez_Ext_281d77,PUR_IED_AlfonsoLopez_Ext_281d77,,,,,
2026-09-12T19:16:09-05:00,PUR_IED_AlfonsoLopez_LabF_888ce0,PUR_IED_AlfonsoLopez_LabF_888ce0,,,,,
2026-09-12T19:16:09-05:00,PUR_IED_AlfonsoLopez_SMed_df6a7f,PUR_IED_AlfonsoLopez_SMed_df6a7f,,,,,
2026-09-12T19:16:09-05:00,PUR_IED_AltamiraSO_A2_209f92,PUR_IED_AltamiraSO_A2_209f92,,,,,
2026-09-12T19:16:09-05:00,PUR_IED_AltamiraSO_Ext_186d66,PUR_IED_AltamiraSO_Ext_186d66,,,,,
2026-09-12T19:16:09-05:00,PUR_IED_AltamiraSO_Sistem_27afe1,PUR_IED_AltamiraSO_Sistem_27afe1,,,,,
2026-09-12T19:16:09-05:00,PUR_IED_AlvaroGom_LabQuim_813179,PUR_IED_AlvaroGom_LabQuim_813179,,,,,
2026-09-12T19:16:09-05:00,PUR_IED_AlvaroGomez_Ext_47c7ca,PUR_IED_AlvaroGomez_Ext_47c7ca,,,,,
2026-09-12T19:16:09-05:00,PUR_IED_AlvaroGomez_LabQuim_813179,PUR_IED_AlvaroGomez_LabQuim_813179,,,,,
2026-09-12T19:16:09-05:00,PUR_IED_AlvaroGomez_S23_7ba89f,PUR_IED_AlvaroGomez_S23_7ba89f,,,,,
2026-09-12T19:16:09-05:00,PUR_IED_Amistad_306_dc8728,PUR_IED_Amistad_306_dc8728,,,,,
2026-09-12T19:16:09-05:00,PUR_IED_Amistad_Ext_8cd55e,PUR_IED_Amistad_Ext_8cd55e,,,,,
2026-09-12T19:16:09-05:00,PUR_IED_Amistad_S202_a41169,PUR_IED_Amistad_S202_a41169,,,,,
2026-09-12T19:16:09-05:00,PUR_IED_AndresBello_Bio_fd5f5e,PUR_IED_AndresBello_Bio_fd5f5e,,,,,
2026-09-12T19:16:09-05:00,PUR_IED_AndresBello_ext_dcad65,PUR_IED_AndresBello_ext_dcad65,,,,,
2026-09-12T19:16:09-05:00,PUR_IED_AndresBello_port_eed3ec,PUR_IED_AndresBello_port_eed3ec,,,,,
2026-09-12T19:16:09-05:00,PUR_IED_AngelaR_11b_d90a6b,PUR_IED_AngelaR_11b_d90a6b,,,,,
2026-09-12T19:16:09-05:00,PUR_IED_AngelaR_ext_7cad3e,PUR_IED_AngelaR_ext_7cad3e,6,19,62,4.5825,-74.164497
2026-09-12T19:16:09-05:00,PUR_IED_AntJoseSucre_10mo_df2575,PUR_IED_AntJoseSucre_10mo_df2575,,,,,
2026-09-12T19:16:09-05:00,PUR_IED_AntJoseSucre_Ext_215b36,PUR_IED_AntJoseSucre_Ext_215b36,,,,,
2026-09-12T19:16:09-05:00,PUR_IED_AntJoseSucre_Lab_3139de,PUR_IED_AntJoseSucre_Lab_3139de,,,,,
2026-09-12T19:16:09-05:00,PUR_IED_AntonioGarcia_301_d6b188,PUR_IED_AntonioGarcia_301_d6b188,,,,,
2026-09-12T19:16:09-05:00,PUR_IED_AntonioGarcia_302_88a82,PUR_IED_AntonioGarcia_302_88a82,,,,,
2026-09-12T19:16:09-05:00,PUR_IED_AntonioGarcia_Ext_20950c,PUR_IED_AntonioGarcia_Ext_20950c,,,,,
2026-09-12T19:16:09-05:00,PUR_IED_AntonioVan_Aula2_6dea02,PUR_IED_AntonioVan_Aula2_6dea02,,,,,
2026-09-12T19:16:09-05:00,PUR_IED_AntonioVan_Aula5_f1557e,PUR_IED_AntonioVan_Aula5_f1557e,,,,,
2026-09-12T19:16:09-05:00,PUR_IED_AntonioVan_Ext_406f2f,PUR_IED_AntonioVan_Ext_406f2f,,,,,
2026-09-12T19:16:09-05:00,PUR_IED_Atabanzha_Ext_cc5af9,PUR_IED_Atabanzha_Ext_cc5af9,,,,,
2026-09-12T19:16:09-05:00,PUR_IED_Atabanzha_SA101_56c37,PUR_IED_Atabanzha_SA101_56c37,,,,,
2026-09-12T19:16:09-05:00,PUR_IED_Atabanzha_SB302_27b374,PUR_IED_Atabanzha_SB302_27b374,,,,,
2026-09-12T19:16:09-05:00,PUR_IED_Atahualpa_Ext_fc1748,PUR_IED_Atahualpa_Ext_fc1748,,,,,
2026-09-12T19:16:09-05:00,PUR_IED_Atahualpa_Informa_dc9a95,PUR_IED_Atahualpa_Informa_dc9a95,,,,,
2026-09-12T19:16:09-05:00,PUR_IED_Atahualpa_S1101_f98056,PUR_IED_Atahualpa_S1101_f98056,,,,,
2026-09-12T19:16:09-05:00,PUR_IED_Bellavista_Ext_f5aa74,PUR_IED_Bellavista_Ext_f5aa74,,,,,
2026-09-12T19:16:09-05:00,PUR_IED_Bilbao_11A_916c41,PUR_IED_Bilbao_11A_916c41,,,,,
2026-09-12T19:16:09-05:00,PUR_IED_Bilbao_Ext_fb579a,PUR_IED_Bilbao_Ext_fb579a,,,,,
2026-09-12T19:16:09-05:00,PUR_IED_BrasiliaU_A125_304280,PUR_IED_BrasiliaU_A125_304280,,,,,
2026-09-12T19:16:09-05:00,PUR_IED_BrasiliaU_A203_7c8ca5,PUR_IED_BrasiliaU_A203_7c8ca5,,,,,
2026-09-12T19:16:09-05:00,PUR_IED_BrasiliaU_Ext_8d6e9f,PUR_IED_BrasiliaU_Ext_8d6e9f,5,18,63,4.5175,-74.116302
2026-09-12T19:16:09-05:00,PUR_IED_Brasilia_Ext_fe6593,PUR_IED_Brasilia_Ext_fe6593,,,,,
2026-09-12T19:16:09-05:00,PUR_IED_Brasilia_S24_7c130d,PUR_IED_Brasilia_S24_7c130d,,,,,
2026-09-12T19:16:09-05:00,PUR_IED_Brasilia_S501_186a54,PUR_IED_Brasilia_S501_186a54,,,,,
2026-09-12T19:16:09-05:00,PUR_IED_CHARRY_EXT_f1d5cd,PUR_IED_CHARRY_EXT_f1d5cd,,,,,
2026-09-12T19:16:09-05:00,PUR_IED_CHARRY_INTDANZAS_7a08e6,PUR_IED_CHARRY_INTDANZAS_7a08e6,,,,,
2026-09-12T19:16:09-05:00,PUR_IED_CHARRY_INT_AULA20_dc998d,PUR_IED_CHARRY_INT_AULA20_dc998d,,,,,
2026-09-12T19:16:09-05:00,PUR_IED_COLVIV_1101_S25_7f520a,PUR_IED_COLVIV_1101_S25_7f520a,,,,,
2026-09-12T19:16:09-05:00,PUR_IED_COLVIV_1102_S16_f570ba,PUR_IED_COLVIV_1102_S16_f570ba,,,,,
2026-09-12T19:16:09-05:00,PUR_IED_COLVIV_Ext_1a26fa,PUR_IED_COLVIV_Ext_1a26fa,,,,,
2026-09-12T19:16:09-05:00,PUR_IED_CULPOP_301A_f660f3,PUR_IED_CULPOP_301A_f660f3,,,,,
2026-09-12T19:16:09-05:00,PUR_IED_CULPOP_303_568afe,PUR_IED_CULPOP_303_568afe,,,,,
2026-09-12T19:16:09-05:00,PUR_IED_CULPOP_Ext_e02ccb,PUR_IED_CULPOP_Ext_e02ccb,,,,,
2026-09-12T19:16:09-05:00,PUR_IED_CVillavicen_Ext_26eb58,PUR_IED_CVillavicen_Ext_26eb58,5,16,78,4.487,-74.102798
2026-09-12T19:16:09-05:00,PUR_IED_CVillavicen_Intel_1ce5c2,PUR_IED_CVillavicen_Intel_1ce5c2,,,,,
2026-09-12T19:16:09-05:00,PUR_IED_CVillavicen_Poliv_e0766c,PUR_IED_CVillavicen_Poliv_e0766c,,,,,
2026-09-12T19:16:09-05:00,PUR_IED_CVillavicen_int_1ba140,PUR_IED_CVillavicen_int_1ba140,,,,,
2026-09-12T19:16:09-05:00,PUR_IED_CVillavicen_intel_1ba140,PUR_IED_CVillavicen_intel_1ba140,,,,,
2026-09-12T19:16:09-05:00,PUR_IED_CarlosPizarro_Ext_e307cc,PUR_IED_CarlosPizarro_Ext_e307cc,,,,,
2026-09-12T19:16:09-05:00,PUR_IED_CarlosPizarro_L36_7e5cdb,PUR_IED_CarlosPizarro_L36_7e5cdb,,,,,
2026-09-12T19:16:09-05:00,PUR_IED_CarlosPizarro_L37_c8566c,PUR_IED_CarlosPizarro_L37_c8566c,,,,,
2026-09-12T19:16:09-05:00,PUR_IED_Castilla_Ext_cf35f,PUR_IED_Castilla_Ext_cf35f,,,,,
2026-09-12T19:16:09-05:00,PUR_IED_Castilla_SFisik_360e38,PUR_IED_Castilla_SFisik_360e38,,,,,
2026-09-12T19:16:09-05:00,PUR_IED_Castilla_Sc304_496fbf,PUR_IED_Castilla_Sc304_496fbf,,,,,
2026-09-12T19:16:09-05:00,PUR_IED_CervantesSa_Ext_6b57b,PUR_IED_CervantesSa_Ext_6b57b,5,19,67,4.5128,-74.117203
2026-09-12T19:16:09-05:00,PUR_IED_CervantesSa_S107_225c2b,PUR_IED_CervantesSa_S107_225c2b,,,,,
2026-09-12T19:16:09-05:00,PUR_IED_CervantesSa_S108_940925,PUR_IED_CervantesSa_S108_940925,,,,,
2026-09-12T19:16:09-05:00,PUR_IED_Charry_A20_f53e7c,PUR_IED_Charry_A20_f53e7c,,,,,
2026-09-12T19:16:09-05:00,PUR_IED_Charry_Ext_f1d5cd,PUR_IED_Charry_Ext_f1d5cd,,,,,
2026-09-12T19:16:09-05:00,PUR_IED_Charry_IntAula20_dc998d,PUR_IED_Charry_IntAula20_dc998d,,,,,
2026-09-12T19:16:09-05:00,PUR_IED_Charry_IntDanzas_7a08e6,PUR_IED_Charry_IntDanzas_7a08e6,,,,,
2026-09-12T19:16:09-05:00,PUR_IED_ClememciaC_203_43e2fc,PUR_IED_ClememciaC_203_43e2fc,,,,,
2026-09-12T19:16:09-05:00,PUR_IED_ClememciaC_Ext_1b411a,PUR_IED_ClememciaC_Ext_1b411a,,,,,
2026-09-12T19:16:09-05:00,PUR_IED_ClememciaC_Quimic_44b5fc,PUR_IED_ClememciaC_Quimic_44b5fc,,,,,
2026-09-12T19:16:09-05:00,PUR_IED_ClemenciaC_203_43e2fc,PUR_IED_ClemenciaC_203_43e2fc,,,,,
2026-09-12T19:16:09-05:00,PUR_IED_ClemenciaC_Ext_1b411a,PUR_IED_ClemenciaC_Ext_1b411a,,,,,
2026-09-12T19:16:09-05:00,PUR_IED_ClemenciaC_Quimic_44b5fc,PUR_IED_ClemenciaC_Quimic_44b5fc,,,,,
2026-09-12T19:16:09-05:00,PUR_IED_ColViva_1101_S25_7f520a,PUR_IED_ColViva_1101_S25_7f520a,,,,,
2026-09-12T19:16:09-05:00,PUR_IED_ColViva_1102_S16_f570ba,PUR_IED_ColViva_1102_S16_f570ba,,,,,
2026-09-12T19:16:09-05:00,PUR_IED_ColViva_Ext_1a26fa,PUR_IED_ColViva_Ext_1a26fa,,,,,
2026-09-12T19:16:09-05:00,PUR_IED_ColegioBici_Asist_7c8798,PUR_IED_ColegioBici_Asist_7c8798,,,,,
2026-09-12T19:16:09-05:00,PUR_IED_ColegioBici_Ext_25cbf6,PUR_IED_ColegioBici_Ext_25cbf6,,,,,
2026-09-12T19:16:09-05:00,PUR_IED_ColegioBici_LabQ_7b57db,PUR_IED_ColegioBici_LabQ_7b57db,,,,,
2026-09-12T19:16:09-05:00,PUR_IED_CostaRica_Ext_5e640,PUR_IED_CostaRica_Ext_5e640,,,,,
2026-09-12T19:16:09-05:00,PUR_IED_CostaRica_Quim1_766d1c,PUR_IED_CostaRica_Quim1_766d1c,,,,,
2026-09-12T19:16:09-05:00,PUR_IED_CostaRica__Fisica_6f0873,PUR_IED_CostaRica__Fisica_6f0873,,,,,
2026-09-12T19:16:09-05:00,PUR_IED_CulPopu_301A_f660f3,PUR_IED_CulPopu_301A_f660f3,,,,,
2026-09-12T19:16:09-05:00,PUR_IED_CulPopu_303_568afe,PUR_IED_CulPopu_303_568afe,,,,,
2026-09-12T19:16:09-05:00,PUR_IED_CulPopu_Ext_e02ccb,PUR_IED_CulPopu_Ext_e02ccb,,,,,
2026-09-12T19:16:09-05:00,PUR_IED_Cundinamarca_Ext_f15985,PUR_IED_Cundinamarca_Ext_f15985,,,,,
2026-09-12T19:16:09-05:00,PUR_IED_Cundinamarca_Info_7aa5d7,PUR_IED_Cundinamarca_Info_7aa5d7,,,,,
2026-09-12T19:16:09-05:00,PUR_IED_Cundinamarca_Tec2_f449c7,PUR_IED_Cundinamarca_Tec2_f449c7,,,,,
2026-09-12T19:16:09-05:00,PUR_IED_DiegoM_Aula1_27b314,PUR_IED_DiegoM_Aula1_27b314,,,,,
2026-09-12T19:16:09-05:00,PUR_IED_DiegoM_Ext_d80ac8,PUR_IED_DiegoM_Ext_d80ac8,,,,,
2026-09-12T19:16:09-05:00,PUR_IED_DiegoM_S25_da928f,PUR_IED_DiegoM_S25_da928f,,,,,
2026-09-12T19:16:09-05:00,PUR_IED_ELRODEO_360881,PUR_IED_ELRODEO_360881,,,,,
2026-09-12T19:16:09-05:00,PUR_IED_ELRODEO_ext_360881,PUR_IED_ELRODEO_ext_360881,,,,,
2026-09-12T19:16:09-05:00,PUR_IED_EduardoU_Ext_1c1969,PUR_IED_EduardoU_Ext_1c1969,,,,,
2026-09-12T19:16:09-05:00,PUR_IED_EduardoU_SCiencia_4dfb94,PUR_IED_EduardoU_SCiencia_4dfb94,,,,,
2026-09-12T19:16:09-05:00,PUR_IED_EduardoU_SQuimica_5a46e7,PUR_IED_EduardoU_SQuimica_5a46e7,,,,,
2026-09-12T19:16:09-05:00,PUR_IED_ElRodeo_Aula14_676984,PUR_IED_ElRodeo_Aula14_676984,,,,,
2026-09-12T19:16:09-05:00,PUR_IED_ElRodeo_Aula16_2dd35b,PUR_IED_ElRodeo_Aula16_2dd35b,,,,,
2026-09-12T19:16:09-05:00,PUR_IED_ElRodeo_Ext_360881,PUR_IED_ElRodeo_Ext_360881,,,,,
2026-09-12T19:16:09-05:00,PUR_IED_ElRodeo_Exterior_8c6d28,PUR_IED_ElRodeo_Exterior_8c6d28,,,,,
2026-09-12T19:16:09-05:00,PUR_IED_ElRodeo_ext_360881,PUR_IED_ElRodeo_ext_360881,,,,,
2026-09-12T19:16:09-05:00,PUR_IED_EmmaReyes_Ext_987625,PUR_IED_EmmaReyes_Ext_987625,3,21,51,4.6367,-74.1511
2026-09-12T19:16:09-05:00,PUR_IED_Ensueño_Ext_7f0250,PUR_IED_Ensueño_Ext_7f0250,,,,,
2026-09-12T19:16:09-05:00,PUR_IED_EscNormal_Ext_5fef3b,PUR_IED_EscNormal_Ext_5fef3b,2,19,58,4.5852,-74.096901
2026-09-12T19:16:09-05:00,PUR_IED_EscNormal_S309_5b263,PUR_IED_EscNormal_S309_5b263,,,,,
2026-09-12T19:16:09-05:00,PUR_IED_EscNormal_S310_27b3b8,PUR_IED_EscNormal_S310_27b3b8,,,,,
2026-09-12T19:16:09-05:00,PUR_IED_Evangelista_Conta_f6cd4f,PUR_IED_Evangelista_Conta_f6cd4f,,,,,
2026-09-12T19:16:09-05:00,PUR_IED_Evangelista_Cri_5e16a,PUR_IED_Evangelista_Cri_5e16a,,,,,
2026-09-12T19:16:09-05:00,PUR_IED_Evangelista_Exter_754066,PUR_IED_Evangelista_Exter_754066,,,,,
2026-09-12T19:16:09-05:00,PUR_IED_FMiranda_S209_5cc2a3,PUR_IED_FMiranda_S209_5cc2a3,,,,,
2026-09-12T19:16:09-05:00,PUR_IED_FMiranda_S303_19e344,PUR_IED_FMiranda_S303_19e344,,,,,
2026-09-12T19:16:09-05:00,PUR_IED_FMiranda_ext_f53e7c,PUR_IED_FMiranda_ext_f53e7c,,,,,
2026-09-12T19:16:09-05:00,PUR_IED_FabioLozano_Bibli_1cee05,PUR_IED_FabioLozano_Bibli_1cee05,,,,,
2026-09-12T19:16:09-05:00,PUR_IED_FabioLozano_Ext_6ea285,PUR_IED_FabioLozano_Ext_6ea285,,,,,
2026-09-12T19:16:09-05:00,PUR_IED_FabioLozano_SLudi_f09e1e,PUR_IED_FabioLozano_SLudi_f09e1e,,,,,
2026-09-12T19:16:09-05:00,PUR_IED_FaustinoS_Aula07_27a731,PUR_IED_FaustinoS_Aula07_27a731,,,,,
2026-09-12T19:16:09-05:00,PUR_IED_FaustinoS_Ext_7b936f,PUR_IED_FaustinoS_Ext_7b936f,,,,,
2026-09-12T19:16:09-05:00,PUR_IED_FaustinoS_Fisica_da2c60,PUR_IED_FaustinoS_Fisica_da2c60,,,,,
2026-09-12T19:16:09-05:00,PUR_IED_FeGarciaLo_Ext_dc68ee,PUR_IED_FeGarciaLo_Ext_dc68ee,,,,,
2026-09-12T19:16:09-05:00,PUR_IED_FeGarciaLo_SDanza_f70a59,PUR_IED_FeGarciaLo_SDanza_f70a59,,,,,
2026-09-12T19:16:09-05:00,PUR_IED_FeGarciaLo_SMusic_125cdd,PUR_IED_FeGarciaLo_SMusic_125cdd,,,,,
2026-09-12T19:16:09-05:00,PUR_IED_FederalAlema_Exte_50c345,PUR_IED_FederalAlema_Exte_50c345,,,,,
2026-09-12T19:16:09-05:00,PUR_IED_FederalAlema_S31_f18371,PUR_IED_FederalAlema_S31_f18371,,,,,
2026-09-12T19:16:09-05:00,PUR_IED_FederalAlema_S901_a62cd,PUR_IED_FederalAlema_S901_a62cd,,,,,
2026-09-12T19:16:09-05:00,PUR_IED_FilarmonicaS_A5_f35eb1,PUR_IED_FilarmonicaS_A5_f35eb1,,,,,
2026-09-12T19:16:09-05:00,PUR_IED_FilarmonicaS_Ext_8a3bde,PUR_IED_FilarmonicaS_Ext_8a3bde,,,,,
2026-09-12T19:16:09-05:00,PUR_IED_FilarmonicaS_Spol_406114,PUR_IED_FilarmonicaS_Spol_406114,,,,,
2026-09-12T19:16:09-05:00,PUR_IED_FlorentinoG_A13_d1fa59,PUR_IED_FlorentinoG_A13_d1fa59,,,,,
2026-09-12T19:16:09-05:00,PUR_IED_FlorentinoG_Ext_1ce6ce,PUR_IED_FlorentinoG_Ext_1ce6ce,,,,,
2026-09-12T19:16:09-05:00,PUR_IED_FlorentinoG_Idiom_a66aac,PUR_IED_FlorentinoG_Idiom_a66aac,,,,,
2026-09-12T19:16:09-05:00,PUR_IED_FranciscoMati_Ext_e3869d,PUR_IED_FranciscoMati_Ext_e3869d,,,,,
2026-09-12T19:16:09-05:00,PUR_IED_FranciscoMati_S13_f31c67,PUR_IED_FranciscoMati_S13_f31c67,,,,,
2026-09-12T19:16:09-05:00,PUR_IED_FranciscoMati_S14_97dead,PUR_IED_FranciscoMati_S14_97dead,,,,,
2026-09-12T19:16:09-05:00,PUR_IED_FranciscoPS_Ext_7bfa9a,PUR_IED_FranciscoPS_Ext_7bfa9a,2,20,57,4.5899,-74.110397
2026-09-12T19:16:09-05:00,PUR_IED_FranciscoPS_Infor_fb8f4c,PUR_IED_FranciscoPS_Infor_fb8f4c,,,,,
2026-09-12T19:16:09-05:00,PUR_IED_FranciscoPS_Quimi_94d39c,PUR_IED_FranciscoPS_Quimi_94d39c,,,,,
2026-09-12T19:16:09-05:00,PUR_IED_FranciscoP_LabQ_d7e148,PUR_IED_FranciscoP_LabQ_d7e148,,,,,
2026-09-12T19:16:09-05:00,PUR_IED_FranciscoP_S28_cf9b30,PUR_IED_FranciscoP_S28_cf9b30,,,,,
2026-09-12T19:16:09-05:00,PUR_IED_FranciscoP_ext_e2313,PUR_IED_FranciscoP_ext_e2313,,,,,
2026-09-12T19:16:09-05:00,PUR_IED_FriederichN_Ext_8ac92a,PUR_IED_FriederichN_Ext_8ac92a,,,,,
2026-09-12T19:16:09-05:00,PUR_IED_FriederichN_S301_dd7e5a,PUR_IED_FriederichN_S301_dd7e5a,,,,,
2026-09-12T19:16:09-05:00,PUR_IED_FriederichN_S308_761f4f,PUR_IED_FriederichN_S308_761f4f,,,,,
2026-09-12T19:16:09-05:00,PUR_IED_GSantander_Aula10_533dd7,PUR_IED_GSantander_Aula10_533dd7,,,,,
2026-09-12T19:16:09-05:00,PUR_IED_GSantander_Aula12_fd4e4f,PUR_IED_GSantander_Aula12_fd4e4f,,,,,
2026-09-12T19:16:09-05:00,PUR_IED_GSantander_Aula310_533dd7,PUR_IED_GSantander_Aula310_533dd7,,,,,
2026-09-12T19:16:09-05:00,PUR_IED_GSantander_Aula312_fd4e4f,PUR_IED_GSantander_Aula312_fd4e4f,,,,,
2026-09-12T19:16:09-05:00,PUR_IED_GSantander_Ext_5f66b0,PUR_IED_GSantander_Ext_5f66b0,,,,,
2026-09-12T19:16:09-05:00,PUR_IED_GYomasa_Ext_f6bea5,PUR_IED_GYomasa_Ext_f6bea5,,,,,
2026-09-12T19:16:09-05:00,PUR_IED_GYomasa_LBiol_2c41aa,PUR_IED_GYomasa_LBiol_2c41aa,,,,,
2026-09-12T19:16:09-05:00,PUR_IED_GYomasa_LQuim_33c80,PUR_IED_GYomasa_LQuim_33c80,,,,,
2026-09-12T19:16:09-05:00,PUR_IED_GabBetMejia_Cienc_5a99c,PUR_IED_GabBetMejia_Cienc_5a99c,,,,,
2026-09-12T19:16:09-05:00,PUR_IED_GabBetMejia_Ext_9153d0,PUR_IED_GabBetMejia_Ext_9153d0,,,,,
2026-09-12T19:16:09-05:00,PUR_IED_GabBetMejia_Lab_f55347,PUR_IED_GabBetMejia_Lab_f55347,,,,,
2026-09-12T19:16:09-05:00,PUR_IED_GabBetanMejia_Ext_9153d0,PUR_IED_GabBetanMejia_Ext_9153d0,,,,,
2026-09-12T19:16:09-05:00,PUR_IED_Gaitana_Aula13_7aac11,PUR_IED_Gaitana_Aula13_7aac11,,,,,
2026-09-12T19:16:09-05:00,PUR_IED_Gaitana_Ext_5fcf4,PUR_IED_Gaitana_Ext_5fcf4,,,,,
2026-09-12T19:16:09-05:00,PUR_IED_Gaitana_LabFisica_644448,PUR_IED_Gaitana_LabFisica_644448,,,,,
2026-09-12T19:16:09-05:00,PUR_IED_GenSantander_Dise_8ac858,PUR_IED_GenSantander_Dise_8ac858,,,,,
2026-09-12T19:16:09-05:00,PUR_IED_GenSantander_Ext_8d5dfe,PUR_IED_GenSantander_Ext_8d5dfe,,,,,
2026-09-12T19:16:09-05:00,PUR_IED_GenSantander_Info_6c25b,PUR_IED_GenSantander_Info_6c25b,,,,,
2026-09-12T19:16:09-05:00,PUR_IED_GustavoMo_Exterio_75e63d,PUR_IED_GustavoMo_Exterio_75e63d,,,,,
2026-09-12T19:16:09-05:00,PUR_IED_GustavoMo_LabFisi_224d37,PUR_IED_GustavoMo_LabFisi_224d37,,,,,
2026-09-12T19:16:09-05:00,PUR_IED_GustavoMo_S208_3e6918,PUR_IED_GustavoMo_S208_3e6918,,,,,
2026-09-12T19:16:09-05:00,PUR_IED_GustavoR_A02_8cd4a8,PUR_IED_GustavoR_A02_8cd4a8,,,,,
2026-09-12T19:16:09-05:00,PUR_IED_GustavoR_B11_5b0ed,PUR_IED_GustavoR_B11_5b0ed,,,,,
2026-09-12T19:16:09-05:00,PUR_IED_GustavoR_Ext_7a0c90,PUR_IED_GustavoR_Ext_7a0c90,,,,,
2026-09-12T19:16:09-05:00,PUR_IED_HernandoDuran_Ext_8cd82b,PUR_IED_HernandoDuran_Ext_8cd82b,,,,,
2026-09-12T19:16:09-05:00,PUR_IED_HernandoDuran_S24_2772c6,PUR_IED_HernandoDuran_S24_2772c6,,,,,
2026-09-12T19:16:09-05:00,PUR_IED_HernandoDuran_S30_f2de41,PUR_IED_HernandoDuran_S30_f2de41,,,,,
2026-09-12T19:16:09-05:00,PUR_IED_HolguInUr_S1101_8cd732,PUR_IED_HolguInUr_S1101_8cd732,,,,,
2026-09-12T19:16:09-05:00,PUR_IED_HolguinUr_Exter_ddae6d,PUR_IED_HolguinUr_Exter_ddae6d,,,,,
2026-09-12T19:16:09-05:00,PUR_IED_HolguinUr_LabQuim_92b952,PUR_IED_HolguinUr_LabQuim_92b952,,,,,
2026-09-12T19:16:09-05:00,PUR_IED_Isabel-II_Ext_5245cc,PUR_IED_Isabel-II_Ext_5245cc,3,19,58,4.6336,-74.153
2026-09-12T19:16:09-05:00,PUR_IED_Isabel-II_S_idiom_1c29aa,PUR_IED_Isabel-II_S_idiom_1c29aa,,,,,
2026-09-12T19:16:09-05:00,PUR_IED_Isabel-II_S_infor_fd741,PUR_IED_Isabel-II_S_infor_fd741,,,,,
2026-09-12T19:16:09-05:00,PUR_IED_IsidroSur_Exterio_5b90ea,PUR_IED_IsidroSur_Exterio_5b90ea,,,,,
2026-09-12T19:16:09-05:00,PUR_IED_IsidroSur_LabTec_56697a,PUR_IED_IsidroSur_LabTec_56697a,,,,,
2026-09-12T19:16:09-05:00,PUR_IED_IsidroSur_Robotic_b7c38f,PUR_IED_IsidroSur_Robotic_b7c38f,,,,,
2026-09-12T19:16:09-05:00,PUR_IED_IsmaelPerd_Ext_7b6672,PUR_IED_IsmaelPerd_Ext_7b6672,,,,,
2026-09-12T19:16:09-05:00,PUR_IED_IsmaelPerd_Inform_306540,PUR_IED_IsmaelPerd_Inform_306540,,,,,
2026-09-12T19:16:09-05:00,PUR_IED_IsmaelPerd_S30_2e2c83,PUR_IED_IsmaelPerd_S30_2e2c83,,,,,
2026-09-12T19:16:09-05:00,PUR_IED_JLozano_Exter_432910,PUR_IED_JLozano_Exter_432910,,,,,
2026-09-12T19:16:09-05:00,PUR_IED_JLozano_salaMulti_df5125,PUR_IED_JLozano_salaMulti_df5125,,,,,
2026-09-12T19:16:09-05:00,PUR_IED_JMCordoba_206_86f80b,PUR_IED_JMCordoba_206_86f80b,,,,,
2026-09-12T19:16:09-05:00,PUR_IED_JMCordoba_Ext_27ad97,PUR_IED_JMCordoba_Ext_27ad97,,,,,
2026-09-12T19:16:09-05:00,PUR_IED_JMCordoba_S310_d59ab4,PUR_IED_JMCordoba_S310_d59ab4,,,,,
2026-09-12T19:16:09-05:00,PUR_IED_Japon_Ext_549100,PUR_IED_Japon_Ext_549100,,,,,
2026-09-12T19:16:09-05:00,PUR_IED_Japon_Laboratorio_bec51d,PUR_IED_Japon_Laboratorio_bec51d,,,,,
2026-09-12T19:16:09-05:00,PUR_IED_Japon_informatica_d99327,PUR_IED_Japon_informatica_d99327,,,,,
2026-09-12T19:16:09-05:00,PUR_IED_Jazmin_Ext_d27bda,PUR_IED_Jazmin_Ext_d27bda,,,,,
2026-09-12T19:16:09-05:00,PUR_IED_Jazmin_Fisica_8d14d7,PUR_IED_Jazmin_Fisica_8d14d7,,,,,
2026-09-12T19:16:09-05:00,PUR_IED_Jazmin_Quimica_801cb5,PUR_IED_Jazmin_Quimica_801cb5,,,,,
2026-09-12T19:16:09-05:00,PUR_IED_JorgeGaitan_Exter_f098d1,PUR_IED_JorgeGaitan_Exter_f098d1,,,,,
2026-09-12T19:16:09-05:00,PUR_IED_JorgeGaitan_STec1_dc9d1d,PUR_IED_JorgeGaitan_STec1_dc9d1d,,,,,
2026-09-12T19:16:09-05:00,PUR_IED_JorgeGaitan_STec2_281e69,PUR_IED_JorgeGaitan_STec2_281e69,,,,,
2026-09-12T19:16:09-05:00,PUR_IED_JorgeSoto_Exterio_d9d0a2,PUR_IED_JorgeSoto_Exterio_d9d0a2,,,,,
2026-09-12T19:16:09-05:00,PUR_IED_JorgeSoto_LabFisi_209c54,PUR_IED_JorgeSoto_LabFisi_209c54,,,,,
2026-09-12T19:16:09-05:00,PUR_IED_JorgeSoto_S103_27b51a,PUR_IED_JorgeSoto_S103_27b51a,,,,,
2026-09-12T19:16:09-05:00,PUR_IED_JoseAcevedo_A02_e965eb,PUR_IED_JoseAcevedo_A02_e965eb,,,,,
2026-09-12T19:16:09-05:00,PUR_IED_JoseAcevedo_A07_dd5b4,PUR_IED_JoseAcevedo_A07_dd5b4,,,,,
2026-09-12T19:16:09-05:00,PUR_IED_JoseAcevedo_Ext_b47484,PUR_IED_JoseAcevedo_Ext_b47484,,,,,
2026-09-12T19:16:09-05:00,PUR_IED_JoseMarti_Exte_5b9bf,PUR_IED_JoseMarti_Exte_5b9bf,,,,,
2026-09-12T19:16:09-05:00,PUR_IED_JoseMarti_LabQuim_1c6c2d,PUR_IED_JoseMarti_LabQuim_1c6c2d,,,,,
2026-09-12T19:16:09-05:00,PUR_IED_JoseMarti_S_info_f5f177,PUR_IED_JoseMarti_S_info_f5f177,,,,,
2026-09-12T19:16:09-05:00,PUR_IED_Josejoaquin_Ext_dfc5dc,PUR_IED_Josejoaquin_Ext_dfc5dc,,,,,
2026-09-12T19:16:09-05:00,PUR_IED_Josejoaquin_S05_5b2a96,PUR_IED_Josejoaquin_S05_5b2a96,,,,,
2026-09-12T19:16:09-05:00,PUR_IED_Josejoaquin_S06_1ce7d2,PUR_IED_Josejoaquin_S06_1ce7d2,,,,,
2026-09-12T19:16:09-05:00,PUR_IED_JulioFlorez_Danza_9b82dd,PUR_IED_JulioFlorez_Danza_9b82dd,,,,,
2026-09-12T19:16:09-05:00,PUR_IED_JulioFlorez_Exter_f9f314,PUR_IED_JulioFlorez_Exter_f9f314,,,,,
2026-09-12T19:16:09-05:00,PUR_IED_JulioFlorez_info2_6b6e08,PUR_IED_JulioFlorez_info2_6b6e08,,,,,
2026-09-12T19:16:09-05:00,PUR_IED_LaBelleza_Aula13_1d00d8,PUR_IED_LaBelleza_Aula13_1d00d8,,,,,
2026-09-12T19:16:09-05:00,PUR_IED_LaBelleza_Ext_7bc08c,PUR_IED_LaBelleza_Ext_7bc08c,,,,,
2026-09-12T19:16:09-05:00,PUR_IED_LaChucua_Ext_8cd6d2,PUR_IED_LaChucua_Ext_8cd6d2,,,,,
2026-09-12T19:16:09-05:00,PUR_IED_LaChucua_S15_f578ce,PUR_IED_LaChucua_S15_f578ce,,,,,
2026-09-12T19:16:09-05:00,PUR_IED_LaChucua_S16_eebcf9,PUR_IED_LaChucua_S16_eebcf9,,,,,
2026-09-12T19:16:09-05:00,PUR_IED_LaFelicidad_Ext_fb5109,PUR_IED_LaFelicidad_Ext_fb5109,,,,,
2026-09-12T19:16:09-05:00,PUR_IED_LaMerced_206_66ebd,PUR_IED_LaMerced_206_66ebd,,,,,
2026-09-12T19:16:09-05:00,PUR_IED_LaMerced_207_6ebd6,PUR_IED_LaMerced_207_6ebd6,,,,,
2026-09-12T19:16:09-05:00,PUR_IED_LaMerced_ext_304311,PUR_IED_LaMerced_ext_304311,,,,,
2026-09-12T19:16:09-05:00,PUR_IED_Laureano_CiencNat_281e5e,PUR_IED_Laureano_CiencNat_281e5e,,,,,
2026-09-12T19:16:09-05:00,PUR_IED_Laureano_Comedor_f65c0a,PUR_IED_Laureano_Comedor_f65c0a,,,,,
2026-09-12T19:16:09-05:00,PUR_IED_Laureano_Exterior_7ab011,PUR_IED_Laureano_Exterior_7ab011,,,,,
2026-09-12T19:16:09-05:00,PUR_IED_LeonGreiff_Exte_dfe560,PUR_IED_LeonGreiff_Exte_dfe560,,,,,
2026-09-12T19:16:09-05:00,PUR_IED_LeonGreiff_S210_f264ed,PUR_IED_LeonGreiff_S210_f264ed,,,,,
2026-09-12T19:16:09-05:00,PUR_IED_LeonGreiff_SQuimi_e8296f,PUR_IED_LeonGreiff_SQuimi_e8296f,,,,,
2026-09-12T19:16:09-05:00,PUR_IED_LlanoOrientalS208_7b9fcd,PUR_IED_LlanoOrientalS208_7b9fcd,,,,,
2026-09-12T19:16:09-05:00,PUR_IED_LlanoOriental_Ext_fb3766,PUR_IED_LlanoOriental_Ext_fb3766,,,,,
2026-09-12T19:16:09-05:00,PUR_IED_LlanoOriental_S208_7b9fcd,PUR_IED_LlanoOriental_S208_7b9fcd,,,,,
2026-09-12T19:16:09-05:00,PUR_IED_LlanoOriental_S9_27b378,PUR_IED_LlanoOriental_S9_27b378,,,,,
2026-09-12T19:16:09-05:00,PUR_IED_LosTejares_1101_477602,PUR_IED_LosTejares_1101_477602,,,,,
2026-09-12T19:16:09-05:00,PUR_IED_LosTejares_11_d2c595,PUR_IED_LosTejares_11_d2c595,,,,,
2026-09-12T19:16:09-05:00,PUR_IED_LosTejares_12_477602,PUR_IED_LosTejares_12_477602,,,,,
2026-09-12T19:16:09-05:00,PUR_IED_LosTejares_Ext_8e2115,PUR_IED_LosTejares_Ext_8e2115,,,,,
2026-09-12T19:16:09-05:00,PUR_IED_MagdalenaO_B202_5ddda3,PUR_IED_MagdalenaO_B202_5ddda3,,,,,
2026-09-12T19:16:09-05:00,PUR_IED_MagdalenaO_B205_fb76e8,PUR_IED_MagdalenaO_B205_fb76e8,,,,,
2026-09-12T19:16:09-05:00,PUR_IED_MagdalenaO_ext_dc69cd,PUR_IED_MagdalenaO_ext_dc69cd,,,,,
2026-09-12T19:16:09-05:00,PUR_IED_ManueCepeda_artes_eee956,PUR_IED_ManueCepeda_artes_eee956,,,,,
2026-09-12T19:16:09-05:00,PUR_IED_ManuelCepeda_Ext_58313,PUR_IED_ManuelCepeda_Ext_58313,,,,,
2026-09-12T19:16:09-05:00,PUR_IED_ManuelCepeda_tec_1c5731,PUR_IED_ManuelCepeda_tec_1c5731,,,,,
2026-09-12T19:16:09-05:00,PUR_IED_ManuelS_Exterior_5b269,PUR_IED_ManuelS_Exterior_5b269,,,,,
2026-09-12T19:16:09-05:00,PUR_IED_ManuelS_Inform_f369ce,PUR_IED_ManuelS_Inform_f369ce,,,,,
2026-09-12T19:16:09-05:00,PUR_IED_ManuelS_SArtes_7d15f1,PUR_IED_ManuelS_SArtes_7d15f1,,,,,
2026-09-12T19:16:09-05:00,PUR_IED_ManuelZapata_303_3ca6,PUR_IED_ManuelZapata_303_3ca6,,,,,
2026-09-12T19:16:09-05:00,PUR_IED_ManuelZapata_311_bfbabc,PUR_IED_ManuelZapata_311_bfbabc,,,,,
2026-09-12T19:16:09-05:00,PUR_IED_ManuelZapata_Ext_50824a,PUR_IED_ManuelZapata_Ext_50824a,,,,,
2026-09-12T19:16:09-05:00,PUR_IED_ManuelitaS_Exteri_656a92,PUR_IED_ManuelitaS_Exteri_656a92,,,,,
2026-09-12T19:16:09-05:00,PUR_IED_ManuelitaS_JuzgDe_f58ec3,PUR_IED_ManuelitaS_JuzgDe_f58ec3,,,,,
2026-09-12T19:16:09-05:00,PUR_IED_ManuelitaS_Recrea_d793db,PUR_IED_ManuelitaS_Recrea_d793db,,,,,
2026-09-12T19:16:09-05:00,PUR_IED_MarFidSuarez_Ext_c27b19,PUR_IED_MarFidSuarez_Ext_c27b19,,,,,
2026-09-12T19:16:09-05:00,PUR_IED_MarFidSuarez_Info_e384d7,PUR_IED_MarFidSuarez_Info_e384d7,,,,,
2026-09-12T19:16:09-05:00,PUR_IED_MarFidSuarez_S306_1d0032,PUR_IED_MarFidSuarez_S306_1d0032,,,,,
2026-09-12T19:16:09-05:00,PUR_IED_Menorah_301_2a25a3,PUR_IED_Menorah_301_2a25a3,,,,,
2026-09-12T19:16:09-05:00,PUR_IED_Menorah_306_37ed3,PUR_IED_Menorah_306_37ed3,,,,,
2026-09-12T19:16:09-05:00,PUR_IED_Menorah_Ext_3e155b,PUR_IED_Menorah_Ext_3e155b,,,,,
2026-09-12T19:16:09-05:00,PUR_IED_MinutoB.Aires_A11_1b1604,PUR_IED_MinutoB.Aires_A11_1b1604,,,,,
2026-09-12T19:16:09-05:00,PUR_IED_MinutoB.Aires_A12_fb5860,PUR_IED_MinutoB.Aires_A12_fb5860,,,,,
2026-09-12T19:16:09-05:00,PUR_IED_MinutoB.Aires_Ext_81293f,PUR_IED_MinutoB.Aires_Ext_81293f,,,,,
2026-09-12T19:16:09-05:00,PUR_IED_MinutoBAires_A11_1b1604,PUR_IED_MinutoBAires_A11_1b1604,,,,,
2026-09-12T19:16:09-05:00,PUR_IED_MinutoBAires_A12_fb5860,PUR_IED_MinutoBAires_A12_fb5860,,,,,
2026-09-12T19:16:09-05:00,PUR_IED_MinutoBAires_Ext_81293f,PUR_IED_MinutoBAires_Ext_81293f,,,,,
2026-09-12T19:16:09-05:00,PUR_IED_Montreal_Aula10_1e4959,PUR_IED_Montreal_Aula10_1e4959,,,,,
2026-09-12T19:16:09-05:00,PUR_IED_Montreal_Aula6_300367,PUR_IED_Montreal_Aula6_300367,,,,,
2026-09-12T19:16:09-05:00,PUR_IED_Montreal_Exterior_91a179,PUR_IED_Montreal_Exterior_91a179,,,,,
2026-09-12T19:16:09-05:00,PUR_IED_Mqgdalena_B202_5ddda3,PUR_IED_Mqgdalena_B202_5ddda3,,,,,
2026-09-12T19:16:09-05:00,PUR_IED_NACUND_Soc_dc8728,PUR_IED_NACUND_Soc_dc8728,,,,,
2026-09-12T19:16:09-05:00,PUR_IED_NACUND_ext_27ad97,PUR_IED_NACUND_ext_27ad97,,,,,
2026-09-12T19:16:09-05:00,PUR_IED_NEsperanza_Ext_d24b61,PUR_IED_NEsperanza_Ext_d24b61,,,,,
2026-09-12T19:16:09-05:00,PUR_IED_NEsperanza_SElect_7d1807,PUR_IED_NEsperanza_SElect_7d1807,,,,,
2026-09-12T19:16:09-05:00,PUR_IED_NEsperanza_SLabor_8b2d0a,PUR_IED_NEsperanza_SLabor_8b2d0a,,,,,
2026-09-12T19:16:09-05:00,PUR_IED_NacionesU_Ext_f661a9,PUR_IED_NacionesU_Ext_f661a9,,,,,
2026-09-12T19:16:09-05:00,PUR_IED_NacionesU_Quimica_66f0a,PUR_IED_NacionesU_Quimica_66f0a,,,,,
2026-09-12T19:16:09-05:00,PUR_IED_NacionesU_S306_1b4b3d,PUR_IED_NacionesU_S306_1b4b3d,,,,,
2026-09-12T19:16:09-05:00,PUR_IED_NestorFA_Ext_e4201c,PUR_IED_NestorFA_Ext_e4201c,,,,,
2026-09-12T19:16:09-05:00,PUR_IED_NestorFA_Laborato_f22fe0,PUR_IED_NestorFA_Laborato_f22fe0,,,,,
2026-09-12T19:16:09-05:00,PUR_IED_NestorFA_S204_dee996,PUR_IED_NestorFA_S204_dee996,,,,,
2026-09-12T19:16:09-05:00,PUR_IED_NidyaQT_Aula03_76999b,PUR_IED_NidyaQT_Aula03_76999b,,,,,
2026-09-12T19:16:09-05:00,PUR_IED_NidyaQT_Aula10_56325,PUR_IED_NidyaQT_Aula10_56325,,,,,
2026-09-12T19:16:09-05:00,PUR_IED_NidyaQT_Ext_46e32d,PUR_IED_NidyaQT_Ext_46e32d,,,,,
2026-09-12T19:16:09-05:00,PUR_IED_NuevaCol_Exterior_d9b859,PUR_IED_NuevaCol_Exterior_d9b859,,,,,
2026-09-12T19:16:09-05:00,PUR_IED_NuevaCol_S1101_76c43b,PUR_IED_NuevaCol_S1101_76c43b,,,,,
2026-09-12T19:16:09-05:00,PUR_IED_NuevaCol_S1102_1ce0b5,PUR_IED_NuevaCol_S1102_1ce0b5,,,,,
2026-09-12T19:16:09-05:00,PUR_IED_OEA_A202_f7e3f2,PUR_IED_OEA_A202_f7e3f2,,,,,
2026-09-12T19:16:09-05:00,PUR_IED_OEA_A203_7d1b8d,PUR_IED_OEA_A203_7d1b8d,,,,,
2026-09-12T19:16:09-05:00,PUR_IED_OEA_Ext_27b593,PUR_IED_OEA_Ext_27b593,,,,,
2026-09-12T19:16:09-05:00,PUR_IED_Ochoa_Ext_1c29da,PUR_IED_Ochoa_Ext_1c29da,,,,,
2026-09-12T19:16:09-05:00,PUR_IED_Ochoa_S205_8b1121,PUR_IED_Ochoa_S205_8b1121,,,,,
2026-09-12T19:16:09-05:00,PUR_IED_Ochoa_Sistemas_f33af6,PUR_IED_Ochoa_Sistemas_f33af6,,,,,
2026-09-12T19:16:09-05:00,PUR_IED_PQuebec_Ext_1c67c7,PUR_IED_PQuebec_Ext_1c67c7,,,,,
2026-09-12T19:16:09-05:00,PUR_IED_PQuebec_S15_23e8e2,PUR_IED_PQuebec_S15_23e8e2,,,,,
2026-09-12T19:16:09-05:00,PUR_IED_PQuebec_S16_8ec76b,PUR_IED_PQuebec_S16_8ec76b,,,,,
2026-09-12T19:16:09-05:00,PUR_IED_PabloN_Ext_49dc96,PUR_IED_PabloN_Ext_49dc96,,,,,
2026-09-12T19:16:09-05:00,PUR_IED_PabloN_S1102_4e3df5,PUR_IED_PabloN_S1102_4e3df5,,,,,
2026-09-12T19:16:09-05:00,PUR_IED_PabloN_S1103_50c94b,PUR_IED_PabloN_S1103_50c94b,,,,,
2026-09-12T19:16:09-05:00,PUR_IED_Palestina_S1101_db9198,PUR_IED_Palestina_S1101_db9198,,,,,
2026-09-12T19:16:09-05:00,PUR_IED_Palestina_S1102_dc54fa,PUR_IED_Palestina_S1102_dc54fa,,,,,
2026-09-12T19:16:09-05:00,PUR_IED_Palestina_ext_4ccce6,PUR_IED_Palestina_ext_4ccce6,,,,,
2026-09-12T19:16:09-05:00,PUR_IED_Panama_Fisica_4d0794,PUR_IED_Panama_Fisica_4d0794,,,,,
2026-09-12T19:16:09-05:00,PUR_IED_Panama_SIngles_a4077e,PUR_IED_Panama_SIngles_a4077e,,,,,
2026-09-12T19:16:09-05:00,PUR_IED_Panama_ext_4c54b4,PUR_IED_Panama_ext_4c54b4,,,,,
2026-09-12T19:16:09-05:00,PUR_IED_ParaisoM_Exterior_8cd7f0,PUR_IED_ParaisoM_Exterior_8cd7f0,,,,,
2026-09-12T19:16:09-05:00,PUR_IED_ParaisoM_Laborato_27af35,PUR_IED_ParaisoM_Laborato_27af35,,,,,
2026-09-12T19:16:09-05:00,PUR_IED_ParaisoM_S304_d1edca,PUR_IED_ParaisoM_S304_d1edca,,,,,
2026-09-12T19:16:09-05:00,PUR_IED_PorfirioBarba_Ext_301466,PUR_IED_PorfirioBarba_Ext_301466,,,,,
2026-09-12T19:16:09-05:00,PUR_IED_PorfirioBarba_S11_df6cd2,PUR_IED_PorfirioBarba_S11_df6cd2,,,,,
2026-09-12T19:16:09-05:00,PUR_IED_PorfirioBarba_S29_27a7d6,PUR_IED_PorfirioBarba_S29_27a7d6,,,,,
2026-09-12T19:16:09-05:00,PUR_IED_PradoV_Exter_8b27ad,PUR_IED_PradoV_Exter_8b27ad,,,,,
2026-09-12T19:16:09-05:00,PUR_IED_PradoV_S301_de65b5,PUR_IED_PradoV_S301_de65b5,,,,,
2026-09-12T19:16:09-05:00,PUR_IED_PradoV_S302_7d2593,PUR_IED_PradoV_S302_7d2593,,,,,
2026-09-12T19:16:09-05:00,PUR_IED_QuirogaAlz_Ext_1ddc82,PUR_IED_QuirogaAlz_Ext_1ddc82,,,,,
2026-09-12T19:16:09-05:00,PUR_IED_QuirogaAlz_S302_9926a3,PUR_IED_QuirogaAlz_S302_9926a3,,,,,
2026-09-12T19:16:09-05:00,PUR_IED_QuirogaAlz_S305_cdf1f1,PUR_IED_QuirogaAlz_S305_cdf1f1,,,,,
2026-09-12T19:16:09-05:00,PUR_IED_RGuatemala_Biling_dc53b7,PUR_IED_RGuatemala_Biling_dc53b7,,,,,
2026-09-12T19:16:09-05:00,PUR_IED_RGuatemala_Ext_1b89a3,PUR_IED_RGuatemala_Ext_1b89a3,,,,,
2026-09-12T19:16:09-05:00,PUR_IED_RGuatemala_Tecnol_281a34,PUR_IED_RGuatemala_Tecnol_281a34,,,,,
2026-09-12T19:16:09-05:00,PUR_IED_RafaNu_Ext_f7c302,PUR_IED_RafaNu_Ext_f7c302,,,,,
2026-09-12T19:16:09-05:00,PUR_IED_RafaNu_S1101_25fde,PUR_IED_RafaNu_S1101_25fde,,,,,
2026-09-12T19:16:09-05:00,PUR_IED_RafaNu_S1102_281517,PUR_IED_RafaNu_S1102_281517,,,,,
2026-09-12T19:16:09-05:00,PUR_IED_RafaelB_S305_ee2783,PUR_IED_RafaelB_S305_ee2783,,,,,
2026-09-12T19:16:09-05:00,PUR_IED_RafaelB_S306_75fe33,PUR_IED_RafaelB_S306_75fe33,,,,,
2026-09-12T19:16:09-05:00,PUR_IED_RafaelB_ext_283336,PUR_IED_RafaelB_ext_283336,2,19,58,4.6722,-74.0737
2026-09-12T19:16:09-05:00,PUR_IED_RafaelUU_Exterior_281a51,PUR_IED_RafaelUU_Exterior_281a51,,,,,
2026-09-12T19:16:09-05:00,PUR_IED_RafaelUU_Human_806b2,PUR_IED_RafaelUU_Human_806b2,,,,,
2026-09-12T19:16:09-05:00,PUR_IED_RafaelUU_Mate2_5680d4,PUR_IED_RafaelUU_Mate2_5680d4,,,,,
2026-09-12T19:16:09-05:00,PUR_IED_RamonSub_Ext_f9eeb9,PUR_IED_RamonSub_Ext_f9eeb9,,,,,
2026-09-12T19:16:09-05:00,PUR_IED_RamonSub_Media_d1f62f,PUR_IED_RamonSub_Media_d1f62f,,,,,
2026-09-12T19:16:09-05:00,PUR_IED_RamonSub_planta_51b82,PUR_IED_RamonSub_planta_51b82,,,,,
2026-09-12T19:16:09-05:00,PUR_IED_RepBoliVene_Exter_27af7c,PUR_IED_RepBoliVene_Exter_27af7c,,,,,
2026-09-12T19:16:09-05:00,PUR_IED_RepBoliVene_SCPT_5ae2ee,PUR_IED_RepBoliVene_SCPT_5ae2ee,,,,,
2026-09-12T19:16:09-05:00,PUR_IED_RepBoliVene_Socia_4b11d5,PUR_IED_RepBoliVene_Socia_4b11d5,,,,,
2026-09-12T19:16:09-05:00,PUR_IED_RepChina_Ext_76d9ee,PUR_IED_RepChina_Ext_76d9ee,,,,,
2026-09-12T19:16:09-05:00,PUR_IED_RepChina_S404_7c804c,PUR_IED_RepChina_S404_7c804c,,,,,
2026-09-12T19:16:09-05:00,PUR_IED_RepChina_S405_df2c33,PUR_IED_RepChina_S405_df2c33,,,,,
2026-09-12T19:16:09-05:00,PUR_IED_RepublicaC_Exteri_7d1ec9,PUR_IED_RepublicaC_Exteri_7d1ec9,,,,,
2026-09-12T19:16:09-05:00,PUR_IED_RepublicaC_S1101_f544b3,PUR_IED_RepublicaC_S1101_f544b3,,,,,
2026-09-12T19:16:09-05:00,PUR_IED_RepublicaC_S1102_7aafc7,PUR_IED_RepublicaC_S1102_7aafc7,,,,,
2026-09-12T19:16:09-05:00,PUR_IED_Ricaurte_Externo_a0ea1,PUR_IED_Ricaurte_Externo_a0ea1,,,,,
2026-09-12T19:16:09-05:00,PUR_IED_Ricaurte_S210_f546fd,PUR_IED_Ricaurte_S210_f546fd,,,,,
2026-09-12T19:16:09-05:00,PUR_IED_Ricaurte_S309_d4452,PUR_IED_Ricaurte_S309_d4452,,,,,
2026-09-12T19:16:09-05:00,PUR_IED_RogelioS_1102_531e69,PUR_IED_RogelioS_1102_531e69,,,,,
2026-09-12T19:16:09-05:00,PUR_IED_RogelioS_Ext_f25a18,PUR_IED_RogelioS_Ext_f25a18,,,,,
2026-09-12T19:16:09-05:00,PUR_IED_SBernardino_Ext_27aff8,PUR_IED_SBernardino_Ext_27aff8,,,,,
2026-09-12T19:16:09-05:00,PUR_IED_SBernardino_SArte_2ffd33,PUR_IED_SBernardino_SArte_2ffd33,,,,,
2026-09-12T19:16:09-05:00,PUR_IED_SBernardino_SIngl_7c7da5,PUR_IED_SBernardino_SIngl_7c7da5,,,,,
2026-09-12T19:16:09-05:00,PUR_IED_Sago_auditorio_dc9d1d,PUR_IED_Sago_auditorio_dc9d1d,,,,,
2026-09-12T19:16:09-05:00,PUR_IED_Saludcoop_Ext_95aac3,PUR_IED_Saludcoop_Ext_95aac3,,,,,
2026-09-12T19:16:09-05:00,PUR_IED_Saludcoop_InfI_90c854,PUR_IED_Saludcoop_InfI_90c854,,,,,
2026-09-12T19:16:09-05:00,PUR_IED_Saludcoop_SMedia_1b93be,PUR_IED_Saludcoop_SMedia_1b93be,,,,,
2026-09-12T19:16:09-05:00,PUR_IED_SanCarlos_1101_1a2360,PUR_IED_SanCarlos_1101_1a2360,,,,,
2026-09-12T19:16:09-05:00,PUR_IED_SanCarlos_1103_7bafb5,PUR_IED_SanCarlos_1103_7bafb5,,,,,
2026-09-12T19:16:09-05:00,PUR_IED_SanCarlos_Ext_b7cd1,PUR_IED_SanCarlos_Ext_b7cd1,,,,,
2026-09-12T19:16:09-05:00,PUR_IED_SanIgnacioBosa11a_50c26e,PUR_IED_SanIgnacioBosa11a_50c26e,,,,,
2026-09-12T19:16:09-05:00,PUR_IED_SanIgnacioBosa11b_371de8,PUR_IED_SanIgnacioBosa11b_371de8,,,,,
2026-09-12T19:16:09-05:00,PUR_IED_SanIgnacioBosaExt_ef0ffc,PUR_IED_SanIgnacioBosaExt_ef0ffc,,,,,
2026-09-12T19:16:09-05:00,PUR_IED_SanIgnacioBosa_11a_50c26e,PUR_IED_SanIgnacioBosa_11a_50c26e,,,,,
2026-09-12T19:16:09-05:00,PUR_IED_SanIgnacioBosa_Ext_ef0ffc,PUR_IED_SanIgnacioBosa_Ext_ef0ffc,,,,,
2026-09-12T19:16:09-05:00,PUR_IED_SanJoseN_intS1101_31c47f,PUR_IED_SanJoseN_intS1101_31c47f,,,,,
2026-09-12T19:16:09-05:00,PUR_IED_SanJoseUsm_Exter_f5d7e8,PUR_IED_SanJoseUsm_Exter_f5d7e8,,,,,
2026-09-12T19:16:09-05:00,PUR_IED_SanJoseUsm_Int11A_cfdef6,PUR_IED_SanJoseUsm_Int11A_cfdef6,,,,,
2026-09-12T19:16:09-05:00,PUR_IED_SilveriaR_IntB5_905349,PUR_IED_SilveriaR_IntB5_905349,,,,,
2026-09-12T19:16:09-05:00,PUR_IED_SilveriaR_IntSD14_981f93,PUR_IED_SilveriaR_IntSD14_981f93,,,,,
2026-09-12T19:16:09-05:00,PUR_IED_SilveriaR_ext_2b651d,PUR_IED_SilveriaR_ext_2b651d,,,,,
2026-09-12T19:16:09-05:00,PUR_IED_SimonB_Exterior_913975,PUR_IED_SimonB_Exterior_913975,,,,,
2026-09-12T19:16:09-05:00,PUR_IED_SimonB_LabQuimi_c56908,PUR_IED_SimonB_LabQuimi_c56908,,,,,
2026-09-12T19:16:09-05:00,PUR_IED_SimonB_informatic_a28c1,PUR_IED_SimonB_informatic_a28c1,,,,,
2026-09-12T19:16:09-05:00,PUR_IED_Sorrento_1102_315f50,PUR_IED_Sorrento_1102_315f50,,,,,
2026-09-12T19:16:09-05:00,PUR_IED_Sorrento_Minte_214eab,PUR_IED_Sorrento_Minte_214eab,,,,,
2026-09-12T19:16:09-05:00,PUR_IED_Sorrento_ext_7c3a0a,PUR_IED_Sorrento_ext_7c3a0a,,,,,
2026-09-12T19:16:09-05:00,PUR_IED_Tabora_Ext_f048ae,PUR_IED_Tabora_Ext_f048ae,,,,,
2026-09-12T19:16:09-05:00,PUR_IED_Tabora_S1102_b07752,PUR_IED_Tabora_S1102_b07752,,,,,
2026-09-12T19:16:09-05:00,PUR_IED_Tabora_S1103_d988f5,PUR_IED_Tabora_S1103_d988f5,,,,,
2026-09-12T19:16:09-05:00,PUR_IED_Tenerife_Ext_1ab188,PUR_IED_Tenerife_Ext_1ab188,,,,,
2026-09-12T19:16:09-05:00,PUR_IED_Tenerife_SDanzas_7bc02e,PUR_IED_Tenerife_SDanzas_7bc02e,,,,,
2026-09-12T19:16:09-05:00,PUR_IED_Tenerife_SIngles_7cc277,PUR_IED_Tenerife_SIngles_7cc277,,,,,
2026-09-12T19:16:09-05:00,PUR_IED_Tibabuyes_Exter_f2683d,PUR_IED_Tibabuyes_Exter_f2683d,,,,,
2026-09-12T19:16:09-05:00,PUR_IED_Tibabuyes_S10_dc87a8,PUR_IED_Tibabuyes_S10_dc87a8,,,,,
2026-09-12T19:16:09-05:00,PUR_IED_Tibabuyes_S15_dc0526,PUR_IED_Tibabuyes_S15_dc0526,,,,,
2026-09-12T19:16:09-05:00,PUR_IED_UnionE_S301_a1043,PUR_IED_UnionE_S301_a1043,,,,,
2026-09-12T19:16:09-05:00,PUR_IED_UnionE_S307_ff6c2f,PUR_IED_UnionE_S307_ff6c2f,,,,,
2026-09-12T19:16:09-05:00,PUR_IED_UnionE__Ext_5e2468,PUR_IED_UnionE__Ext_5e2468,,,,,
2026-09-12T19:16:09-05:00,PUR_IED_VillaRica_Ext_75be7c,PUR_IED_VillaRica_Ext_75be7c,,,,,
2026-09-12T19:16:09-05:00,PUR_IED_VillaRica_S4_cc5dcd,PUR_IED_VillaRica_S4_cc5dcd,,,,,
2026-09-12T19:16:09-05:00,PUR_IED_VillaRica_Sesp_99f5c,PUR_IED_VillaRica_Sesp_99f5c,,,,,
2026-09-12T19:21:06-05:00,PUR_IED_20deJulio_1101_91b1b9,PUR_IED_20deJulio_1101_91b1b9,,,,,
2026-09-12T19:21:06-05:00,PUR_IED_20deJulio_1102_1cfcf9,PUR_IED_20deJulio_1102_1cfcf9,,,,,
2026-09-12T19:21:06-05:00,PUR_IED_20deJulio_Ext_ab60bd,PUR_IED_20deJulio_Ext_ab60bd,,,,,
2026-09-12T19:21:06-05:00,PUR_IED_AgustinFer_Ext_7b9b77,PUR_IED_AgustinFer_Ext_7b9b77,,,,,
2026-09-12T19:21:06-05:00,PUR_IED_AgustinFer_Info2_27b3a7,PUR_IED_AgustinFer_Info2_27b3a7,,,,,
2026-09-12T19:21:06-05:00,PUR_IED_AgustinFer_Sena_54b4eb,PUR_IED_AgustinFer_Sena_54b4eb,,,,,
2026-09-12T19:21:06-05:00,PUR_IED_AlexanderF_1102_caf07b,PUR_IED_AlexanderF_1102_caf07b,,,,,
2026-09-12T19:21:06-05:00,PUR_IED_AlexanderF_1103_c79e71,PUR_IED_AlexanderF_1103_c79e71,,,,,
2026-09-12T19:21:06-05:00,PUR_IED_AlexanderF_Ext_c5b18b,PUR_IED_AlexanderF_Ext_c5b18b,,,,,
2026-09-12T19:21:06-05:00,PUR_IED_AlfonsoLopez_Ext_281d77,PUR_IED_AlfonsoLopez_Ext_281d77,,,,,
2026-09-12T19:21:06-05:00,PUR_IED_AlfonsoLopez_LabF_888ce0,PUR_IED_AlfonsoLopez_LabF_888ce0,,,,,
2026-09-12T19:21:06-05:00,PUR_IED_AlfonsoLopez_SMed_df6a7f,PUR_IED_AlfonsoLopez_SMed_df6a7f,,,,,
2026-09-12T19:21:06-05:00,PUR_IED_AltamiraSO_A2_209f92,PUR_IED_AltamiraSO_A2_209f92,,,,,
2026-09-12T19:21:06-05:00,PUR_IED_AltamiraSO_Ext_186d66,PUR_IED_AltamiraSO_Ext_186d66,,,,,
2026-09-12T19:21:06-05:00,PUR_IED_AltamiraSO_Sistem_27afe1,PUR_IED_AltamiraSO_Sistem_27afe1,,,,,
2026-09-12T19:21:06-05:00,PUR_IED_AlvaroGom_LabQuim_813179,PUR_IED_AlvaroGom_LabQuim_813179,,,,,
2026-09-12T19:21:06-05:00,PUR_IED_AlvaroGomez_Ext_47c7ca,PUR_IED_AlvaroGomez_Ext_47c7ca,,,,,
2026-09-12T19:21:06-05:00,PUR_IED_AlvaroGomez_LabQuim_813179,PUR_IED_AlvaroGomez_LabQuim_813179,,,,,
2026-09-12T19:21:06-05:00,PUR_IED_AlvaroGomez_S23_7ba89f,PUR_IED_AlvaroGomez_S23_7ba89f,,,,,
2026-09-12T19:21:06-05:00,PUR_IED_Amistad_306_dc8728,PUR_IED_Amistad_306_dc8728,,,,,
2026-09-12T19:21:06-05:00,PUR_IED_Amistad_Ext_8cd55e,PUR_IED_Amistad_Ext_8cd55e,,,,,
2026-09-12T19:21:06-05:00,PUR_IED_Amistad_S202_a41169,PUR_IED_Amistad_S202_a41169,,,,,
2026-09-12T19:21:06-05:00,PUR_IED_AndresBello_Bio_fd5f5e,PUR_IED_AndresBello_Bio_fd5f5e,,,,,
2026-09-12T19:21:06-05:00,PUR_IED_AndresBello_ext_dcad65,PUR_IED_AndresBello_ext_dcad65,,,,,
2026-09-12T19:21:06-05:00,PUR_IED_AndresBello_port_eed3ec,PUR_IED_AndresBello_port_eed3ec,,,,,
2026-09-12T19:21:06-05:00,PUR_IED_AngelaR_11b_d90a6b,PUR_IED_AngelaR_11b_d90a6b,,,,,
2026-09-12T19:21:06-05:00,PUR_IED_AngelaR_ext_7cad3e,PUR_IED_AngelaR_ext_7cad3e,,,,,
2026-09-12T19:21:06-05:00,PUR_IED_AntJoseSucre_10mo_df2575,PUR_IED_AntJoseSucre_10mo_df2575,,,,,
2026-09-12T19:21:06-05:00,PUR_IED_AntJoseSucre_Ext_215b36,PUR_IED_AntJoseSucre_Ext_215b36,,,,,
2026-09-12T19:21:06-05:00,PUR_IED_AntJoseSucre_Lab_3139de,PUR_IED_AntJoseSucre_Lab_3139de,,,,,
2026-09-12T19:21:06-05:00,PUR_IED_AntonioGarcia_301_d6b188,PUR_IED_AntonioGarcia_301_d6b188,,,,,
2026-09-12T19:21:06-05:00,PUR_IED_AntonioGarcia_302_88a82,PUR_IED_AntonioGarcia_302_88a82,,,,,
2026-09-12T19:21:06-05:00,PUR_IED_AntonioGarcia_Ext_20950c,PUR_IED_AntonioGarcia_Ext_20950c,,,,,
2026-09-12T19:21:06-05:00,PUR_IED_AntonioVan_Aula2_6dea02,PUR_IED_AntonioVan_Aula2_6dea02,,,,,
2026-09-12T19:21:06-05:00,PUR_IED_AntonioVan_Aula5_f1557e,PUR_IED_AntonioVan_Aula5_f1557e,,,,,
2026-09-12T19:21:06-05:00,PUR_IED_AntonioVan_Ext_406f2f,PUR_IED_AntonioVan_Ext_406f2f,,,,,
2026-09-12T19:21:06-05:00,PUR_IED_Atabanzha_Ext_cc5af9,PUR_IED_Atabanzha_Ext_cc5af9,,,,,
2026-09-12T19:21:06-05:00,PUR_IED_Atabanzha_SA101_56c37,PUR_IED_Atabanzha_SA101_56c37,,,,,
2026-09-12T19:21:06-05:00,PUR_IED_Atabanzha_SB302_27b374,PUR_IED_Atabanzha_SB302_27b374,,,,,
2026-09-12T19:21:06-05:00,PUR_IED_Atahualpa_Ext_fc1748,PUR_IED_Atahualpa_Ext_fc1748,,,,,
2026-09-12T19:21:06-05:00,PUR_IED_Atahualpa_Informa_dc9a95,PUR_IED_Atahualpa_Informa_dc9a95,,,,,
2026-09-12T19:21:06-05:00,PUR_IED_Atahualpa_S1101_f98056,PUR_IED_Atahualpa_S1101_f98056,,,,,
2026-09-12T19:21:06-05:00,PUR_IED_Bellavista_Ext_f5aa74,PUR_IED_Bellavista_Ext_f5aa74,,,,,
2026-09-12T19:21:06-05:00,PUR_IED_Bilbao_11A_916c41,PUR_IED_Bilbao_11A_916c41,,,,,
2026-09-12T19:21:06-05:00,PUR_IED_Bilbao_Ext_fb579a,PUR_IED_Bilbao_Ext_fb579a,,,,,
2026-09-12T19:21:06-05:00,PUR_IED_BrasiliaU_A125_304280,PUR_IED_BrasiliaU_A125_304280,,,,,
2026-09-12T19:21:06-05:00,PUR_IED_BrasiliaU_A203_7c8ca5,PUR_IED_BrasiliaU_A203_7c8ca5,,,,,
2026-09-12T19:21:06-05:00,PUR_IED_BrasiliaU_Ext_8d6e9f,PUR_IED_BrasiliaU_Ext_8d6e9f,5,18,63,4.5175,-74.116302
2026-09-12T19:21:06-05:00,PUR_IED_Brasilia_Ext_fe6593,PUR_IED_Brasilia_Ext_fe6593,,,,,
2026-09-12T19:21:06-05:00,PUR_IED_Brasilia_S24_7c130d,PUR_IED_Brasilia_S24_7c130d,,,,,
2026-09-12T19:21:06-05:00,PUR_IED_Brasilia_S501_186a54,PUR_IED_Brasilia_S501_186a54,,,,,
2026-09-12T19:21:06-05:00,PUR_IED_CHARRY_EXT_f1d5cd,PUR_IED_CHARRY_EXT_f1d5cd,,,,,
2026-09-12T19:21:06-05:00,PUR_IED_CHARRY_INTDANZAS_7a08e6,PUR_IED_CHARRY_INTDANZAS_7a08e6,,,,,
2026-09-12T19:21:06-05:00,PUR_IED_CHARRY_INT_AULA20_dc998d,PUR_IED_CHARRY_INT_AULA20_dc998d,,,,,
2026-09-12T19:21:06-05:00,PUR_IED_COLVIV_1101_S25_7f520a,PUR_IED_COLVIV_1101_S25_7f520a,,,,,
2026-09-12T19:21:06-05:00,PUR_IED_COLVIV_1102_S16_f570ba,PUR_IED_COLVIV_1102_S16_f570ba,,,,,
2026-09-12T19:21:06-05:00,PUR_IED_COLVIV_Ext_1a26fa,PUR_IED_COLVIV_Ext_1a26fa,,,,,
2026-09-12T19:21:06-05:00,PUR_IED_CULPOP_301A_f660f3,PUR_IED_CULPOP_301A_f660f3,,,,,
2026-09-12T19:21:06-05:00,PUR_IED_CULPOP_303_568afe,PUR_IED_CULPOP_303_568afe,,,,,
2026-09-12T19:21:06-05:00,PUR_IED_CULPOP_Ext_e02ccb,PUR_IED_CULPOP_Ext_e02ccb,,,,,
2026-09-12T19:21:06-05:00,PUR_IED_CVillavicen_Ext_26eb58,PUR_IED_CVillavicen_Ext_26eb58,5,16,78,4.487,-74.102798
2026-09-12T19:21:06-05:00,PUR_IED_CVillavicen_Intel_1ce5c2,PUR_IED_CVillavicen_Intel_1ce5c2,,,,,
2026-09-12T19:21:06-05:00,PUR_IED_CVillavicen_Poliv_e0766c,PUR_IED_CVillavicen_Poliv_e0766c,,,,,
2026-09-12T19:21:06-05:00,PUR_IED_CVillavicen_int_1ba140,PUR_IED_CVillavicen_int_1ba140,,,,,
2026-09-12T19:21:06-05:00,PUR_IED_CVillavicen_intel_1ba140,PUR_IED_CVillavicen_intel_1ba140,,,,,
2026-09-12T19:21:06-05:00,PUR_IED_CarlosPizarro_Ext_e307cc,PUR_IED_CarlosPizarro_Ext_e307cc,,,,,
2026-09-12T19:21:06-05:00,PUR_IED_CarlosPizarro_L36_7e5cdb,PUR_IED_CarlosPizarro_L36_7e5cdb,,,,,
2026-09-12T19:21:06-05:00,PUR_IED_CarlosPizarro_L37_c8566c,PUR_IED_CarlosPizarro_L37_c8566c,,,,,
2026-09-12T19:21:06-05:00,PUR_IED_Castilla_Ext_cf35f,PUR_IED_Castilla_Ext_cf35f,,,,,
2026-09-12T19:21:06-05:00,PUR_IED_Castilla_SFisik_360e38,PUR_IED_Castilla_SFisik_360e38,,,,,
2026-09-12T19:21:06-05:00,PUR_IED_Castilla_Sc304_496fbf,PUR_IED_Castilla_Sc304_496fbf,,,,,
2026-09-12T19:21:06-05:00,PUR_IED_CervantesSa_Ext_6b57b,PUR_IED_CervantesSa_Ext_6b57b,5,19,67,4.5128,-74.117203
2026-09-12T19:21:06-05:00,PUR_IED_CervantesSa_S107_225c2b,PUR_IED_CervantesSa_S107_225c2b,,,,,
2026-09-12T19:21:06-05:00,PUR_IED_CervantesSa_S108_940925,PUR_IED_CervantesSa_S108_940925,,,,,
2026-09-12T19:21:06-05:00,PUR_IED_Charry_A20_f53e7c,PUR_IED_Charry_A20_f53e7c,,,,,
2026-09-12T19:21:06-05:00,PUR_IED_Charry_Ext_f1d5cd,PUR_IED_Charry_Ext_f1d5cd,,,,,
2026-09-12T19:21:06-05:00,PUR_IED_Charry_IntAula20_dc998d,PUR_IED_Charry_IntAula20_dc998d,,,,,
2026-09-12T19:21:06-05:00,PUR_IED_Charry_IntDanzas_7a08e6,PUR_IED_Charry_IntDanzas_7a08e6,,,,,
2026-09-12T19:21:06-05:00,PUR_IED_ClememciaC_203_43e2fc,PUR_IED_ClememciaC_203_43e2fc,,,,,
2026-09-12T19:21:06-05:00,PUR_IED_ClememciaC_Ext_1b411a,PUR_IED_ClememciaC_Ext_1b411a,,,,,
2026-09-12T19:21:06-05:00,PUR_IED_ClememciaC_Quimic_44b5fc,PUR_IED_ClememciaC_Quimic_44b5fc,,,,,
2026-09-12T19:21:06-05:00,PUR_IED_ClemenciaC_203_43e2fc,PUR_IED_ClemenciaC_203_43e2fc,,,,,
2026-09-12T19:21:06-05:00,PUR_IED_ClemenciaC_Ext_1b411a,PUR_IED_ClemenciaC_Ext_1b411a,,,,,
2026-09-12T19:21:06-05:00,PUR_IED_ClemenciaC_Quimic_44b5fc,PUR_IED_ClemenciaC_Quimic_44b5fc,,,,,
2026-09-12T19:21:06-05:00,PUR_IED_ColViva_1101_S25_7f520a,PUR_IED_ColViva_1101_S25_7f520a,,,,,
2026-09-12T19:21:06-05:00,PUR_IED_ColViva_1102_S16_f570ba,PUR_IED_ColViva_1102_S16_f570ba,,,,,
2026-09-12T19:21:06-05:00,PUR_IED_ColViva_Ext_1a26fa,PUR_IED_ColViva_Ext_1a26fa,,,,,
2026-09-12T19:21:06-05:00,PUR_IED_ColegioBici_Asist_7c8798,PUR_IED_ColegioBici_Asist_7c8798,,,,,
2026-09-12T19:21:06-05:00,PUR_IED_ColegioBici_Ext_25cbf6,PUR_IED_ColegioBici_Ext_25cbf6,,,,,
2026-09-12T19:21:06-05:00,PUR_IED_ColegioBici_LabQ_7b57db,PUR_IED_ColegioBici_LabQ_7b57db,,,,,
2026-09-12T19:21:06-05:00,PUR_IED_CostaRica_Ext_5e640,PUR_IED_CostaRica_Ext_5e640,,,,,
2026-09-12T19:21:06-05:00,PUR_IED_CostaRica_Quim1_766d1c,PUR_IED_CostaRica_Quim1_766d1c,,,,,
2026-09-12T19:21:06-05:00,PUR_IED_CostaRica__Fisica_6f0873,PUR_IED_CostaRica__Fisica_6f0873,,,,,
2026-09-12T19:21:06-05:00,PUR_IED_CulPopu_301A_f660f3,PUR_IED_CulPopu_301A_f660f3,,,,,
2026-09-12T19:21:06-05:00,PUR_IED_CulPopu_303_568afe,PUR_IED_CulPopu_303_568afe,,,,,
2026-09-12T19:21:06-05:00,PUR_IED_CulPopu_Ext_e02ccb,PUR_IED_CulPopu_Ext_e02ccb,,,,,
2026-09-12T19:21:06-05:00,PUR_IED_Cundinamarca_Ext_f15985,PUR_IED_Cundinamarca_Ext_f15985,,,,,
2026-09-12T19:21:06-05:00,PUR_IED_Cundinamarca_Info_7aa5d7,PUR_IED_Cundinamarca_Info_7aa5d7,,,,,
2026-09-12T19:21:06-05:00,PUR_IED_Cundinamarca_Tec2_f449c7,PUR_IED_Cundinamarca_Tec2_f449c7,,,,,
2026-09-12T19:21:06-05:00,PUR_IED_DiegoM_Aula1_27b314,PUR_IED_DiegoM_Aula1_27b314,,,,,
2026-09-12T19:21:06-05:00,PUR_IED_DiegoM_Ext_d80ac8,PUR_IED_DiegoM_Ext_d80ac8,,,,,
2026-09-12T19:21:06-05:00,PUR_IED_DiegoM_S25_da928f,PUR_IED_DiegoM_S25_da928f,,,,,
2026-09-12T19:21:06-05:00,PUR_IED_ELRODEO_360881,PUR_IED_ELRODEO_360881,,,,,
2026-09-12T19:21:06-05:00,PUR_IED_ELRODEO_ext_360881,PUR_IED_ELRODEO_ext_360881,,,,,
2026-09-12T19:21:06-05:00,PUR_IED_EduardoU_Ext_1c1969,PUR_IED_EduardoU_Ext_1c1969,,,,,
2026-09-12T19:21:06-05:00,PUR_IED_EduardoU_SCiencia_4dfb94,PUR_IED_EduardoU_SCiencia_4dfb94,,,,,
2026-09-12T19:21:06-05:00,PUR_IED_EduardoU_SQuimica_5a46e7,PUR_IED_EduardoU_SQuimica_5a46e7,,,,,
2026-09-12T19:21:06-05:00,PUR_IED_ElRodeo_Aula14_676984,PUR_IED_ElRodeo_Aula14_676984,,,,,
2026-09-12T19:21:06-05:00,PUR_IED_ElRodeo_Aula16_2dd35b,PUR_IED_ElRodeo_Aula16_2dd35b,,,,,
2026-09-12T19:21:06-05:00,PUR_IED_ElRodeo_Ext_360881,PUR_IED_ElRodeo_Ext_360881,,,,,
2026-09-12T19:21:06-05:00,PUR_IED_ElRodeo_Exterior_8c6d28,PUR_IED_ElRodeo_Exterior_8c6d28,,,,,
2026-09-12T19:21:06-05:00,PUR_IED_ElRodeo_ext_360881,PUR_IED_ElRodeo_ext_360881,,,,,
2026-09-12T19:21:06-05:00,PUR_IED_EmmaReyes_Ext_987625,PUR_IED_EmmaReyes_Ext_987625,3,21,51,4.6367,-74.1511
2026-09-12T19:21:06-05:00,PUR_IED_Ensueño_Ext_7f0250,PUR_IED_Ensueño_Ext_7f0250,,,,,
2026-09-12T19:21:06-05:00,PUR_IED_EscNormal_Ext_5fef3b,PUR_IED_EscNormal_Ext_5fef3b,2,19,57,4.5852,-74.096901
2026-09-12T19:21:06-05:00,PUR_IED_EscNormal_S309_5b263,PUR_IED_EscNormal_S309_5b263,,,,,
2026-09-12T19:21:06-05:00,PUR_IED_EscNormal_S310_27b3b8,PUR_IED_EscNormal_S310_27b3b8,,,,,
2026-09-12T19:21:06-05:00,PUR_IED_Evangelista_Conta_f6cd4f,PUR_IED_Evangelista_Conta_f6cd4f,,,,,
2026-09-12T19:21:06-05:00,PUR_IED_Evangelista_Cri_5e16a,PUR_IED_Evangelista_Cri_5e16a,,,,,
2026-09-12T19:21:06-05:00,PUR_IED_Evangelista_Exter_754066,PUR_IED_Evangelista_Exter_754066,,,,,
2026-09-12T19:21:06-05:00,PUR_IED_FMiranda_S209_5cc2a3,PUR_IED_FMiranda_S209_5cc2a3,,,,,
2026-09-12T19:21:06-05:00,PUR_IED_FMiranda_S303_19e344,PUR_IED_FMiranda_S303_19e344,,,,,
2026-09-12T19:21:06-05:00,PUR_IED_FMiranda_ext_f53e7c,PUR_IED_FMiranda_ext_f53e7c,,,,,
2026-09-12T19:21:06-05:00,PUR_IED_FabioLozano_Bibli_1cee05,PUR_IED_FabioLozano_Bibli_1cee05,,,,,
2026-09-12T19:21:06-05:00,PUR_IED_FabioLozano_Ext_6ea285,PUR_IED_FabioLozano_Ext_6ea285,,,,,
2026-09-12T19:21:06-05:00,PUR_IED_FabioLozano_SLudi_f09e1e,PUR_IED_FabioLozano_SLudi_f09e1e,,,,,
2026-09-12T19:21:06-05:00,PUR_IED_FaustinoS_Aula07_27a731,PUR_IED_FaustinoS_Aula07_27a731,,,,,
2026-09-12T19:21:06-05:00,PUR_IED_FaustinoS_Ext_7b936f,PUR_IED_FaustinoS_Ext_7b936f,,,,,
2026-09-12T19:21:06-05:00,PUR_IED_FaustinoS_Fisica_da2c60,PUR_IED_FaustinoS_Fisica_da2c60,,,,,
2026-09-12T19:21:06-05:00,PUR_IED_FeGarciaLo_Ext_dc68ee,PUR_IED_FeGarciaLo_Ext_dc68ee,,,,,
2026-09-12T19:21:06-05:00,PUR_IED_FeGarciaLo_SDanza_f70a59,PUR_IED_FeGarciaLo_SDanza_f70a59,,,,,
2026-09-12T19:21:06-05:00,PUR_IED_FeGarciaLo_SMusic_125cdd,PUR_IED_FeGarciaLo_SMusic_125cdd,,,,,
2026-09-12T19:21:06-05:00,PUR_IED_FederalAlema_Exte_50c345,PUR_IED_FederalAlema_Exte_50c345,,,,,
2026-09-12T19:21:06-05:00,PUR_IED_FederalAlema_S31_f18371,PUR_IED_FederalAlema_S31_f18371,,,,,
2026-09-12T19:21:06-05:00,PUR_IED_FederalAlema_S901_a62cd,PUR_IED_FederalAlema_S901_a62cd,,,,,
2026-09-12T19:21:06-05:00,PUR_IED_FilarmonicaS_A5_f35eb1,PUR_IED_FilarmonicaS_A5_f35eb1,,,,,
2026-09-12T19:21:06-05:00,PUR_IED_FilarmonicaS_Ext_8a3bde,PUR_IED_FilarmonicaS_Ext_8a3bde,,,,,
2026-09-12T19:21:06-05:00,PUR_IED_FilarmonicaS_Spol_406114,PUR_IED_FilarmonicaS_Spol_406114,,,,,
2026-09-12T19:21:06-05:00,PUR_IED_FlorentinoG_A13_d1fa59,PUR_IED_FlorentinoG_A13_d1fa59,,,,,
2026-09-12T19:21:06-05:00,PUR_IED_FlorentinoG_Ext_1ce6ce,PUR_IED_FlorentinoG_Ext_1ce6ce,,,,,
2026-09-12T19:21:06-05:00,PUR_IED_FlorentinoG_Idiom_a66aac,PUR_IED_FlorentinoG_Idiom_a66aac,,,,,
2026-09-12T19:21:06-05:00,PUR_IED_FranciscoMati_Ext_e3869d,PUR_IED_FranciscoMati_Ext_e3869d,,,,,
2026-09-12T19:21:06-05:00,PUR_IED_FranciscoMati_S13_f31c67,PUR_IED_FranciscoMati_S13_f31c67,,,,,
2026-09-12T19:21:06-05:00,PUR_IED_FranciscoMati_S14_97dead,PUR_IED_FranciscoMati_S14_97dead,,,,,
2026-09-12T19:21:06-05:00,PUR_IED_FranciscoPS_Ext_7bfa9a,PUR_IED_FranciscoPS_Ext_7bfa9a,2,20,57,4.5899,-74.110397
2026-09-12T19:21:06-05:00,PUR_IED_FranciscoPS_Infor_fb8f4c,PUR_IED_FranciscoPS_Infor_fb8f4c,,,,,
2026-09-12T19:21:06-05:00,PUR_IED_FranciscoPS_Quimi_94d39c,PUR_IED_FranciscoPS_Quimi_94d39c,,,,,
2026-09-12T19:21:06-05:00,PUR_IED_FranciscoP_LabQ_d7e148,PUR_IED_FranciscoP_LabQ_d7e148,,,,,
2026-09-12T19:21:06-05:00,PUR_IED_FranciscoP_S28_cf9b30,PUR_IED_FranciscoP_S28_cf9b30,,,,,
2026-09-12T19:21:06-05:00,PUR_IED_FranciscoP_ext_e2313,PUR_IED_FranciscoP_ext_e2313,,,,,
2026-09-12T19:21:06-05:00,PUR_IED_FriederichN_Ext_8ac92a,PUR_IED_FriederichN_Ext_8ac92a,,,,,
2026-09-12T19:21:06-05:00,PUR_IED_FriederichN_S301_dd7e5a,PUR_IED_FriederichN_S301_dd7e5a,,,,,
2026-09-12T19:21:06-05:00,PUR_IED_FriederichN_S308_761f4f,PUR_IED_FriederichN_S308_761f4f,,,,,
2026-09-12T19:21:06-05:00,PUR_IED_GSantander_Aula10_533dd7,PUR_IED_GSantander_Aula10_533dd7,,,,,
2026-09-12T19:21:06-05:00,PUR_IED_GSantander_Aula12_fd4e4f,PUR_IED_GSantander_Aula12_fd4e4f,,,,,
2026-09-12T19:21:06-05:00,PUR_IED_GSantander_Aula310_533dd7,PUR_IED_GSantander_Aula310_533dd7,,,,,
2026-09-12T19:21:06-05:00,PUR_IED_GSantander_Aula312_fd4e4f,PUR_IED_GSantander_Aula312_fd4e4f,,,,,
2026-09-12T19:21:06-05:00,PUR_IED_GSantander_Ext_5f66b0,PUR_IED_GSantander_Ext_5f66b0,,,,,
2026-09-12T19:21:06-05:00,PUR_IED_GYomasa_Ext_f6bea5,PUR_IED_GYomasa_Ext_f6bea5,,,,,
2026-09-12T19:21:06-05:00,PUR_IED_GYomasa_LBiol_2c41aa,PUR_IED_GYomasa_LBiol_2c41aa,,,,,
2026-09-12T19:21:06-05:00,PUR_IED_GYomasa_LQuim_33c80,PUR_IED_GYomasa_LQuim_33c80,,,,,
2026-09-12T19:21:06-05:00,PUR_IED_GabBetMejia_Cienc_5a99c,PUR_IED_GabBetMejia_Cienc_5a99c,,,,,
2026-09-12T19:21:06-05:00,PUR_IED_GabBetMejia_Ext_9153d0,PUR_IED_GabBetMejia_Ext_9153d0,,,,,
2026-09-12T19:21:06-05:00,PUR_IED_GabBetMejia_Lab_f55347,PUR_IED_GabBetMejia_Lab_f55347,,,,,
2026-09-12T19:21:06-05:00,PUR_IED_GabBetanMejia_Ext_9153d0,PUR_IED_GabBetanMejia_Ext_9153d0,,,,,
2026-09-12T19:21:06-05:00,PUR_IED_Gaitana_Aula13_7aac11,PUR_IED_Gaitana_Aula13_7aac11,,,,,
2026-09-12T19:21:06-05:00,PUR_IED_Gaitana_Ext_5fcf4,PUR_IED_Gaitana_Ext_5fcf4,,,,,
2026-09-12T19:21:06-05:00,PUR_IED_Gaitana_LabFisica_644448,PUR_IED_Gaitana_LabFisica_644448,,,,,
2026-09-12T19:21:06-05:00,PUR_IED_GenSantander_Dise_8ac858,PUR_IED_GenSantander_Dise_8ac858,,,,,
2026-09-12T19:21:06-05:00,PUR_IED_GenSantander_Ext_8d5dfe,PUR_IED_GenSantander_Ext_8d5dfe,,,,,
2026-09-12T19:21:06-05:00,PUR_IED_GenSantander_Info_6c25b,PUR_IED_GenSantander_Info_6c25b,,,,,
2026-09-12T19:21:06-05:00,PUR_IED_GustavoMo_Exterio_75e63d,PUR_IED_GustavoMo_Exterio_75e63d,,,,,
2026-09-12T19:21:06-05:00,PUR_IED_GustavoMo_LabFisi_224d37,PUR_IED_GustavoMo_LabFisi_224d37,,,,,
2026-09-12T19:21:06-05:00,PUR_IED_GustavoMo_S208_3e6918,PUR_IED_GustavoMo_S208_3e6918,,,,,
2026-09-12T19:21:06-05:00,PUR_IED_GustavoR_A02_8cd4a8,PUR_IED_GustavoR_A02_8cd4a8,,,,,
2026-09-12T19:21:06-05:00,PUR_IED_GustavoR_B11_5b0ed,PUR_IED_GustavoR_B11_5b0ed,,,,,
2026-09-12T19:21:06-05:00,PUR_IED_GustavoR_Ext_7a0c90,PUR_IED_GustavoR_Ext_7a0c90,,,,,
2026-09-12T19:21:06-05:00,PUR_IED_HernandoDuran_Ext_8cd82b,PUR_IED_HernandoDuran_Ext_8cd82b,,,,,
2026-09-12T19:21:06-05:00,PUR_IED_HernandoDuran_S24_2772c6,PUR_IED_HernandoDuran_S24_2772c6,,,,,
2026-09-12T19:21:06-05:00,PUR_IED_HernandoDuran_S30_f2de41,PUR_IED_HernandoDuran_S30_f2de41,,,,,
2026-09-12T19:21:06-05:00,PUR_IED_HolguInUr_S1101_8cd732,PUR_IED_HolguInUr_S1101_8cd732,,,,,
2026-09-12T19:21:06-05:00,PUR_IED_HolguinUr_Exter_ddae6d,PUR_IED_HolguinUr_Exter_ddae6d,,,,,
2026-09-12T19:21:06-05:00,PUR_IED_HolguinUr_LabQuim_92b952,PUR_IED_HolguinUr_LabQuim_92b952,,,,,
2026-09-12T19:21:06-05:00,PUR_IED_Isabel-II_Ext_5245cc,PUR_IED_Isabel-II_Ext_5245cc,3,19,58,4.6336,-74.153
2026-09-12T19:21:06-05:00,PUR_IED_Isabel-II_S_idiom_1c29aa,PUR_IED_Isabel-II_S_idiom_1c29aa,,,,,
2026-09-12T19:21:06-05:00,PUR_IED_Isabel-II_S_infor_fd741,PUR_IED_Isabel-II_S_infor_fd741,,,,,
2026-09-12T19:21:06-05:00,PUR_IED_IsidroSur_Exterio_5b90ea,PUR_IED_IsidroSur_Exterio_5b90ea,,,,,
2026-09-12T19:21:06-05:00,PUR_IED_IsidroSur_LabTec_56697a,PUR_IED_IsidroSur_LabTec_56697a,,,,,
2026-09-12T19:21:06-05:00,PUR_IED_IsidroSur_Robotic_b7c38f,PUR_IED_IsidroSur_Robotic_b7c38f,,,,,
2026-09-12T19:21:06-05:00,PUR_IED_IsmaelPerd_Ext_7b6672,PUR_IED_IsmaelPerd_Ext_7b6672,,,,,
2026-09-12T19:21:06-05:00,PUR_IED_IsmaelPerd_Inform_306540,PUR_IED_IsmaelPerd_Inform_306540,,,,,
2026-09-12T19:21:06-05:00,PUR_IED_IsmaelPerd_S30_2e2c83,PUR_IED_IsmaelPerd_S30_2e2c83,,,,,
2026-09-12T19:21:06-05:00,PUR_IED_JLozano_Exter_432910,PUR_IED_JLozano_Exter_432910,,,,,
2026-09-12T19:21:06-05:00,PUR_IED_JLozano_salaMulti_df5125,PUR_IED_JLozano_salaMulti_df5125,,,,,
2026-09-12T19:21:06-05:00,PUR_IED_JMCordoba_206_86f80b,PUR_IED_JMCordoba_206_86f80b,,,,,
2026-09-12T19:21:06-05:00,PUR_IED_JMCordoba_Ext_27ad97,PUR_IED_JMCordoba_Ext_27ad97,,,,,
2026-09-12T19:21:06-05:00,PUR_IED_JMCordoba_S310_d59ab4,PUR_IED_JMCordoba_S310_d59ab4,,,,,
2026-09-12T19:21:06-05:00,PUR_IED_Japon_Ext_549100,PUR_IED_Japon_Ext_549100,,,,,
2026-09-12T19:21:06-05:00,PUR_IED_Japon_Laboratorio_bec51d,PUR_IED_Japon_Laboratorio_bec51d,,,,,
2026-09-12T19:21:06-05:00,PUR_IED_Japon_informatica_d99327,PUR_IED_Japon_informatica_d99327,,,,,
2026-09-12T19:21:06-05:00,PUR_IED_Jazmin_Ext_d27bda,PUR_IED_Jazmin_Ext_d27bda,,,,,
2026-09-12T19:21:06-05:00,PUR_IED_Jazmin_Fisica_8d14d7,PUR_IED_Jazmin_Fisica_8d14d7,,,,,
2026-09-12T19:21:06-05:00,PUR_IED_Jazmin_Quimica_801cb5,PUR_IED_Jazmin_Quimica_801cb5,,,,,
2026-09-12T19:21:06-05:00,PUR_IED_JorgeGaitan_Exter_f098d1,PUR_IED_JorgeGaitan_Exter_f098d1,,,,,
2026-09-12T19:21:06-05:00,PUR_IED_JorgeGaitan_STec1_dc9d1d,PUR_IED_JorgeGaitan_STec1_dc9d1d,,,,,
2026-09-12T19:21:06-05:00,PUR_IED_JorgeGaitan_STec2_281e69,PUR_IED_JorgeGaitan_STec2_281e69,,,,,
2026-09-12T19:21:06-05:00,PUR_IED_JorgeSoto_Exterio_d9d0a2,PUR_IED_JorgeSoto_Exterio_d9d0a2,,,,,
2026-09-12T19:21:06-05:00,PUR_IED_JorgeSoto_LabFisi_209c54,PUR_IED_JorgeSoto_LabFisi_209c54,,,,,
2026-09-12T19:21:06-05:00,PUR_IED_JorgeSoto_S103_27b51a,PUR_IED_JorgeSoto_S103_27b51a,,,,,
2026-09-12T19:21:06-05:00,PUR_IED_JoseAcevedo_A02_e965eb,PUR_IED_JoseAcevedo_A02_e965eb,,,,,
2026-09-12T19:21:06-05:00,PUR_IED_JoseAcevedo_A07_dd5b4,PUR_IED_JoseAcevedo_A07_dd5b4,,,,,
2026-09-12T19:21:06-05:00,PUR_IED_JoseAcevedo_Ext_b47484,PUR_IED_JoseAcevedo_Ext_b47484,,,,,
2026-09-12T19:21:06-05:00,PUR_IED_JoseMarti_Exte_5b9bf,PUR_IED_JoseMarti_Exte_5b9bf,,,,,
2026-09-12T19:21:06-05:00,PUR_IED_JoseMarti_LabQuim_1c6c2d,PUR_IED_JoseMarti_LabQuim_1c6c2d,,,,,
2026-09-12T19:21:06-05:00,PUR_IED_JoseMarti_S_info_f5f177,PUR_IED_JoseMarti_S_info_f5f177,,,,,
2026-09-12T19:21:06-05:00,PUR_IED_Josejoaquin_Ext_dfc5dc,PUR_IED_Josejoaquin_Ext_dfc5dc,,,,,
2026-09-12T19:21:06-05:00,PUR_IED_Josejoaquin_S05_5b2a96,PUR_IED_Josejoaquin_S05_5b2a96,,,,,
2026-09-12T19:21:06-05:00,PUR_IED_Josejoaquin_S06_1ce7d2,PUR_IED_Josejoaquin_S06_1ce7d2,,,,,
2026-09-12T19:21:06-05:00,PUR_IED_JulioFlorez_Danza_9b82dd,PUR_IED_JulioFlorez_Danza_9b82dd,,,,,
2026-09-12T19:21:06-05:00,PUR_IED_JulioFlorez_Exter_f9f314,PUR_IED_JulioFlorez_Exter_f9f314,,,,,
2026-09-12T19:21:06-05:00,PUR_IED_JulioFlorez_info2_6b6e08,PUR_IED_JulioFlorez_info2_6b6e08,,,,,
2026-09-12T19:21:06-05:00,PUR_IED_LaBelleza_Aula13_1d00d8,PUR_IED_LaBelleza_Aula13_1d00d8,,,,,
2026-09-12T19:21:06-05:00,PUR_IED_LaBelleza_Ext_7bc08c,PUR_IED_LaBelleza_Ext_7bc08c,,,,,
2026-09-12T19:21:06-05:00,PUR_IED_LaChucua_Ext_8cd6d2,PUR_IED_LaChucua_Ext_8cd6d2,,,,,
2026-09-12T19:21:06-05:00,PUR_IED_LaChucua_S15_f578ce,PUR_IED_LaChucua_S15_f578ce,,,,,
2026-09-12T19:21:06-05:00,PUR_IED_LaChucua_S16_eebcf9,PUR_IED_LaChucua_S16_eebcf9,,,,,
2026-09-12T19:21:06-05:00,PUR_IED_LaFelicidad_Ext_fb5109,PUR_IED_LaFelicidad_Ext_fb5109,,,,,
2026-09-12T19:21:06-05:00,PUR_IED_LaMerced_206_66ebd,PUR_IED_LaMerced_206_66ebd,,,,,
2026-09-12T19:21:06-05:00,PUR_IED_LaMerced_207_6ebd6,PUR_IED_LaMerced_207_6ebd6,,,,,
2026-09-12T19:21:06-05:00,PUR_IED_LaMerced_ext_304311,PUR_IED_LaMerced_ext_304311,,,,,
2026-09-12T19:21:06-05:00,PUR_IED_Laureano_CiencNat_281e5e,PUR_IED_Laureano_CiencNat_281e5e,,,,,
2026-09-12T19:21:06-05:00,PUR_IED_Laureano_Comedor_f65c0a,PUR_IED_Laureano_Comedor_f65c0a,,,,,
2026-09-12T19:21:06-05:00,PUR_IED_Laureano_Exterior_7ab011,PUR_IED_Laureano_Exterior_7ab011,,,,,
2026-09-12T19:21:06-05:00,PUR_IED_LeonGreiff_Exte_dfe560,PUR_IED_LeonGreiff_Exte_dfe560,,,,,
2026-09-12T19:21:06-05:00,PUR_IED_LeonGreiff_S210_f264ed,PUR_IED_LeonGreiff_S210_f264ed,,,,,
2026-09-12T19:21:06-05:00,PUR_IED_LeonGreiff_SQuimi_e8296f,PUR_IED_LeonGreiff_SQuimi_e8296f,,,,,
2026-09-12T19:21:06-05:00,PUR_IED_LlanoOrientalS208_7b9fcd,PUR_IED_LlanoOrientalS208_7b9fcd,,,,,
2026-09-12T19:21:06-05:00,PUR_IED_LlanoOriental_Ext_fb3766,PUR_IED_LlanoOriental_Ext_fb3766,,,,,
2026-09-12T19:21:06-05:00,PUR_IED_LlanoOriental_S208_7b9fcd,PUR_IED_LlanoOriental_S208_7b9fcd,,,,,
2026-09-12T19:21:06-05:00,PUR_IED_LlanoOriental_S9_27b378,PUR_IED_LlanoOriental_S9_27b378,,,,,
2026-09-12T19:21:06-05:00,PUR_IED_LosTejares_1101_477602,PUR_IED_LosTejares_1101_477602,,,,,
2026-09-12T19:21:06-05:00,PUR_IED_LosTejares_11_d2c595,PUR_IED_LosTejares_11_d2c595,,,,,
2026-09-12T19:21:06-05:00,PUR_IED_LosTejares_12_477602,PUR_IED_LosTejares_12_477602,,,,,
2026-09-12T19:21:06-05:00,PUR_IED_LosTejares_Ext_8e2115,PUR_IED_LosTejares_Ext_8e2115,,,,,
2026-09-12T19:21:06-05:00,PUR_IED_MagdalenaO_B202_5ddda3,PUR_IED_MagdalenaO_B202_5ddda3,,,,,
2026-09-12T19:21:06-05:00,PUR_IED_MagdalenaO_B205_fb76e8,PUR_IED_MagdalenaO_B205_fb76e8,,,,,
2026-09-12T19:21:06-05:00,PUR_IED_MagdalenaO_ext_dc69cd,PUR_IED_MagdalenaO_ext_dc69cd,,,,,
2026-09-12T19:21:06-05:00,PUR_IED_ManueCepeda_artes_eee956,PUR_IED_ManueCepeda_artes_eee956,,,,,
2026-09-12T19:21:06-05:00,PUR_IED_ManuelCepeda_Ext_58313,PUR_IED_ManuelCepeda_Ext_58313,,,,,
2026-09-12T19:21:06-05:00,PUR_IED_ManuelCepeda_tec_1c5731,PUR_IED_ManuelCepeda_tec_1c5731,,,,,
2026-09-12T19:21:06-05:00,PUR_IED_ManuelS_Exterior_5b269,PUR_IED_ManuelS_Exterior_5b269,,,,,
2026-09-12T19:21:06-05:00,PUR_IED_ManuelS_Inform_f369ce,PUR_IED_ManuelS_Inform_f369ce,,,,,
2026-09-12T19:21:06-05:00,PUR_IED_ManuelS_SArtes_7d15f1,PUR_IED_ManuelS_SArtes_7d15f1,,,,,
2026-09-12T19:21:06-05:00,PUR_IED_ManuelZapata_303_3ca6,PUR_IED_ManuelZapata_303_3ca6,,,,,
2026-09-12T19:21:06-05:00,PUR_IED_ManuelZapata_311_bfbabc,PUR_IED_ManuelZapata_311_bfbabc,,,,,
2026-09-12T19:21:06-05:00,PUR_IED_ManuelZapata_Ext_50824a,PUR_IED_ManuelZapata_Ext_50824a,,,,,
2026-09-12T19:21:06-05:00,PUR_IED_ManuelitaS_Exteri_656a92,PUR_IED_ManuelitaS_Exteri_656a92,,,,,
2026-09-12T19:21:06-05:00,PUR_IED_ManuelitaS_JuzgDe_f58ec3,PUR_IED_ManuelitaS_JuzgDe_f58ec3,,,,,
2026-09-12T19:21:06-05:00,PUR_IED_ManuelitaS_Recrea_d793db,PUR_IED_ManuelitaS_Recrea_d793db,,,,,
2026-09-12T19:21:06-05:00,PUR_IED_MarFidSuarez_Ext_c27b19,PUR_IED_MarFidSuarez_Ext_c27b19,,,,,
2026-09-12T19:21:06-05:00,PUR_IED_MarFidSuarez_Info_e384d7,PUR_IED_MarFidSuarez_Info_e384d7,,,,,
2026-09-12T19:21:06-05:00,PUR_IED_MarFidSuarez_S306_1d0032,PUR_IED_MarFidSuarez_S306_1d0032,,,,,
2026-09-12T19:21:06-05:00,PUR_IED_Menorah_301_2a25a3,PUR_IED_Menorah_301_2a25a3,,,,,
2026-09-12T19:21:06-05:00,PUR_IED_Menorah_306_37ed3,PUR_IED_Menorah_306_37ed3,,,,,
2026-09-12T19:21:06-05:00,PUR_IED_Menorah_Ext_3e155b,PUR_IED_Menorah_Ext_3e155b,,,,,
2026-09-12T19:21:06-05:00,PUR_IED_MinutoB.Aires_A11_1b1604,PUR_IED_MinutoB.Aires_A11_1b1604,,,,,
2026-09-12T19:21:06-05:00,PUR_IED_MinutoB.Aires_A12_fb5860,PUR_IED_MinutoB.Aires_A12_fb5860,,,,,
2026-09-12T19:21:06-05:00,PUR_IED_MinutoB.Aires_Ext_81293f,PUR_IED_MinutoB.Aires_Ext_81293f,,,,,
2026-09-12T19:21:06-05:00,PUR_IED_MinutoBAires_A11_1b1604,PUR_IED_MinutoBAires_A11_1b1604,,,,,
2026-09-12T19:21:06-05:00,PUR_IED_MinutoBAires_A12_fb5860,PUR_IED_MinutoBAires_A12_fb5860,,,,,
2026-09-12T19:21:06-05:00,PUR_IED_MinutoBAires_Ext_81293f,PUR_IED_MinutoBAires_Ext_81293f,,,,,
2026-09-12T19:21:06-05:00,PUR_IED_Montreal_Aula10_1e4959,PUR_IED_Montreal_Aula10_1e4959,,,,,
2026-09-12T19:21:06-05:00,PUR_IED_Montreal_Aula6_300367,PUR_IED_Montreal_Aula6_300367,,,,,
2026-09-12T19:21:06-05:00,PUR_IED_Montreal_Exterior_91a179,PUR_IED_Montreal_Exterior_91a179,,,,,
2026-09-12T19:21:06-05:00,PUR_IED_Mqgdalena_B202_5ddda3,PUR_IED_Mqgdalena_B202_5ddda3,,,,,
2026-09-12T19:21:06-05:00,PUR_IED_NACUND_Soc_dc8728,PUR_IED_NACUND_Soc_dc8728,,,,,
2026-09-12T19:21:06-05:00,PUR_IED_NACUND_ext_27ad97,PUR_IED_NACUND_ext_27ad97,,,,,
2026-09-12T19:21:06-05:00,PUR_IED_NEsperanza_Ext_d24b61,PUR_IED_NEsperanza_Ext_d24b61,,,,,
2026-09-12T19:21:06-05:00,PUR_IED_NEsperanza_SElect_7d1807,PUR_IED_NEsperanza_SElect_7d1807,,,,,
2026-09-12T19:21:06-05:00,PUR_IED_NEsperanza_SLabor_8b2d0a,PUR_IED_NEsperanza_SLabor_8b2d0a,,,,,
2026-09-12T19:21:06-05:00,PUR_IED_NacionesU_Ext_f661a9,PUR_IED_NacionesU_Ext_f661a9,,,,,
2026-09-12T19:21:06-05:00,PUR_IED_NacionesU_Quimica_66f0a,PUR_IED_NacionesU_Quimica_66f0a,,,,,
2026-09-12T19:21:06-05:00,PUR_IED_NacionesU_S306_1b4b3d,PUR_IED_NacionesU_S306_1b4b3d,,,,,
2026-09-12T19:21:06-05:00,PUR_IED_NestorFA_Ext_e4201c,PUR_IED_NestorFA_Ext_e4201c,,,,,
2026-09-12T19:21:06-05:00,PUR_IED_NestorFA_Laborato_f22fe0,PUR_IED_NestorFA_Laborato_f22fe0,,,,,
2026-09-12T19:21:06-05:00,PUR_IED_NestorFA_S204_dee996,PUR_IED_NestorFA_S204_dee996,,,,,
2026-09-12T19:21:06-05:00,PUR_IED_NidyaQT_Aula03_76999b,PUR_IED_NidyaQT_Aula03_76999b,,,,,
2026-09-12T19:21:06-05:00,PUR_IED_NidyaQT_Aula10_56325,PUR_IED_NidyaQT_Aula10_56325,,,,,
2026-09-12T19:21:06-05:00,PUR_IED_NidyaQT_Ext_46e32d,PUR_IED_NidyaQT_Ext_46e32d,,,,,
2026-09-12T19:21:06-05:00,PUR_IED_NuevaCol_Exterior_d9b859,PUR_IED_NuevaCol_Exterior_d9b859,,,,,
2026-09-12T19:21:06-05:00,PUR_IED_NuevaCol_S1101_76c43b,PUR_IED_NuevaCol_S1101_76c43b,,,,,
2026-09-12T19:21:06-05:00,PUR_IED_NuevaCol_S1102_1ce0b5,PUR_IED_NuevaCol_S1102_1ce0b5,,,,,
2026-09-12T19:21:06-05:00,PUR_IED_OEA_A202_f7e3f2,PUR_IED_OEA_A202_f7e3f2,,,,,
2026-09-12T19:21:06-05:00,PUR_IED_OEA_A203_7d1b8d,PUR_IED_OEA_A203_7d1b8d,,,,,
2026-09-12T19:21:06-05:00,PUR_IED_OEA_Ext_27b593,PUR_IED_OEA_Ext_27b593,,,,,
2026-09-12T19:21:06-05:00,PUR_IED_Ochoa_Ext_1c29da,PUR_IED_Ochoa_Ext_1c29da,,,,,
2026-09-12T19:21:06-05:00,PUR_IED_Ochoa_S205_8b1121,PUR_IED_Ochoa_S205_8b1121,,,,,
2026-09-12T19:21:06-05:00,PUR_IED_Ochoa_Sistemas_f33af6,PUR_IED_Ochoa_Sistemas_f33af6,,,,,
2026-09-12T19:21:06-05:00,PUR_IED_PQuebec_Ext_1c67c7,PUR_IED_PQuebec_Ext_1c67c7,,,,,
2026-09-12T19:21:06-05:00,PUR_IED_PQuebec_S15_23e8e2,PUR_IED_PQuebec_S15_23e8e2,,,,,
2026-09-12T19:21:06-05:00,PUR_IED_PQuebec_S16_8ec76b,PUR_IED_PQuebec_S16_8ec76b,,,,,
2026-09-12T19:21:06-05:00,PUR_IED_PabloN_Ext_49dc96,PUR_IED_PabloN_Ext_49dc96,,,,,
2026-09-12T19:21:06-05:00,PUR_IED_PabloN_S1102_4e3df5,PUR_IED_PabloN_S1102_4e3df5,,,,,
2026-09-12T19:21:06-05:00,PUR_IED_PabloN_S1103_50c94b,PUR_IED_PabloN_S1103_50c94b,,,,,
2026-09-12T19:21:06-05:00,PUR_IED_Palestina_S1101_db9198,PUR_IED_Palestina_S1101_db9198,,,,,
2026-09-12T19:21:06-05:00,PUR_IED_Palestina_S1102_dc54fa,PUR_IED_Palestina_S1102_dc54fa,,,,,
2026-09-12T19:21:06-05:00,PUR_IED_Palestina_ext_4ccce6,PUR_IED_Palestina_ext_4ccce6,,,,,
2026-09-12T19:21:06-05:00,PUR_IED_Panama_Fisica_4d0794,PUR_IED_Panama_Fisica_4d0794,,,,,
2026-09-12T19:21:06-05:00,PUR_IED_Panama_SIngles_a4077e,PUR_IED_Panama_SIngles_a4077e,,,,,
2026-09-12T19:21:06-05:00,PUR_IED_Panama_ext_4c54b4,PUR_IED_Panama_ext_4c54b4,,,,,
2026-09-12T19:21:06-05:00,PUR_IED_ParaisoM_Exterior_8cd7f0,PUR_IED_ParaisoM_Exterior_8cd7f0,,,,,
2026-09-12T19:21:06-05:00,PUR_IED_ParaisoM_Laborato_27af35,PUR_IED_ParaisoM_Laborato_27af35,,,,,
2026-09-12T19:21:06-05:00,PUR_IED_ParaisoM_S304_d1edca,PUR_IED_ParaisoM_S304_d1edca,,,,,
2026-09-12T19:21:06-05:00,PUR_IED_PorfirioBarba_Ext_301466,PUR_IED_PorfirioBarba_Ext_301466,,,,,
2026-09-12T19:21:06-05:00,PUR_IED_PorfirioBarba_S11_df6cd2,PUR_IED_PorfirioBarba_S11_df6cd2,,,,,
2026-09-12T19:21:06-05:00,PUR_IED_PorfirioBarba_S29_27a7d6,PUR_IED_PorfirioBarba_S29_27a7d6,,,,,
2026-09-12T19:21:06-05:00,PUR_IED_PradoV_Exter_8b27ad,PUR_IED_PradoV_Exter_8b27ad,,,,,
2026-09-12T19:21:06-05:00,PUR_IED_PradoV_S301_de65b5,PUR_IED_PradoV_S301_de65b5,,,,,
2026-09-12T19:21:06-05:00,PUR_IED_PradoV_S302_7d2593,PUR_IED_PradoV_S302_7d2593,,,,,
2026-09-12T19:21:06-05:00,PUR_IED_QuirogaAlz_Ext_1ddc82,PUR_IED_QuirogaAlz_Ext_1ddc82,,,,,
2026-09-12T19:21:06-05:00,PUR_IED_QuirogaAlz_S302_9926a3,PUR_IED_QuirogaAlz_S302_9926a3,,,,,
2026-09-12T19:21:06-05:00,PUR_IED_QuirogaAlz_S305_cdf1f1,PUR_IED_QuirogaAlz_S305_cdf1f1,,,,,
2026-09-12T19:21:06-05:00,PUR_IED_RGuatemala_Biling_dc53b7,PUR_IED_RGuatemala_Biling_dc53b7,,,,,
2026-09-12T19:21:06-05:00,PUR_IED_RGuatemala_Ext_1b89a3,PUR_IED_RGuatemala_Ext_1b89a3,,,,,
2026-09-12T19:21:06-05:00,PUR_IED_RGuatemala_Tecnol_281a34,PUR_IED_RGuatemala_Tecnol_281a34,,,,,
2026-09-12T19:21:06-05:00,PUR_IED_RafaNu_Ext_f7c302,PUR_IED_RafaNu_Ext_f7c302,,,,,
2026-09-12T19:21:06-05:00,PUR_IED_RafaNu_S1101_25fde,PUR_IED_RafaNu_S1101_25fde,,,,,
2026-09-12T19:21:06-05:00,PUR_IED_RafaNu_S1102_281517,PUR_IED_RafaNu_S1102_281517,,,,,
2026-09-12T19:21:06-05:00,PUR_IED_RafaelB_S305_ee2783,PUR_IED_RafaelB_S305_ee2783,,,,,
2026-09-12T19:21:06-05:00,PUR_IED_RafaelB_S306_75fe33,PUR_IED_RafaelB_S306_75fe33,,,,,
2026-09-12T19:21:06-05:00,PUR_IED_RafaelB_ext_283336,PUR_IED_RafaelB_ext_283336,,,,,
2026-09-12T19:21:06-05:00,PUR_IED_RafaelUU_Exterior_281a51,PUR_IED_RafaelUU_Exterior_281a51,,,,,
2026-09-12T19:21:06-05:00,PUR_IED_RafaelUU_Human_806b2,PUR_IED_RafaelUU_Human_806b2,,,,,
2026-09-12T19:21:06-05:00,PUR_IED_RafaelUU_Mate2_5680d4,PUR_IED_RafaelUU_Mate2_5680d4,,,,,
2026-09-12T19:21:06-05:00,PUR_IED_RamonSub_Ext_f9eeb9,PUR_IED_RamonSub_Ext_f9eeb9,,,,,
2026-09-12T19:21:06-05:00,PUR_IED_RamonSub_Media_d1f62f,PUR_IED_RamonSub_Media_d1f62f,,,,,
2026-09-12T19:21:06-05:00,PUR_IED_RamonSub_planta_51b82,PUR_IED_RamonSub_planta_51b82,,,,,
2026-09-12T19:21:06-05:00,PUR_IED_RepBoliVene_Exter_27af7c,PUR_IED_RepBoliVene_Exter_27af7c,,,,,
2026-09-12T19:21:06-05:00,PUR_IED_RepBoliVene_SCPT_5ae2ee,PUR_IED_RepBoliVene_SCPT_5ae2ee,,,,,
2026-09-12T19:21:06-05:00,PUR_IED_RepBoliVene_Socia_4b11d5,PUR_IED_RepBoliVene_Socia_4b11d5,,,,,
2026-09-12T19:21:06-05:00,PUR_IED_RepChina_Ext_76d9ee,PUR_IED_RepChina_Ext_76d9ee,,,,,
2026-09-12T19:21:06-05:00,PUR_IED_RepChina_S404_7c804c,PUR_IED_RepChina_S404_7c804c,,,,,
2026-09-12T19:21:06-05:00,PUR_IED_RepChina_S405_df2c33,PUR_IED_RepChina_S405_df2c33,,,,,
2026-09-12T19:21:06-05:00,PUR_IED_RepublicaC_Exteri_7d1ec9,PUR_IED_RepublicaC_Exteri_7d1ec9,,,,,
2026-09-12T19:21:06-05:00,PUR_IED_RepublicaC_S1101_f544b3,PUR_IED_RepublicaC_S1101_f544b3,,,,,
2026-09-12T19:21:06-05:00,PUR_IED_RepublicaC_S1102_7aafc7,PUR_IED_RepublicaC_S1102_7aafc7,,,,,
2026-09-12T19:21:06-05:00,PUR_IED_Ricaurte_Externo_a0ea1,PUR_IED_Ricaurte_Externo_a0ea1,,,,,
2026-09-12T19:21:06-05:00,PUR_IED_Ricaurte_S210_f546fd,PUR_IED_Ricaurte_S210_f546fd,,,,,
2026-09-12T19:21:06-05:00,PUR_IED_Ricaurte_S309_d4452,PUR_IED_Ricaurte_S309_d4452,,,,,
2026-09-12T19:21:06-05:00,PUR_IED_RogelioS_1102_531e69,PUR_IED_RogelioS_1102_531e69,,,,,
2026-09-12T19:21:06-05:00,PUR_IED_RogelioS_Ext_f25a18,PUR_IED_RogelioS_Ext_f25a18,,,,,
2026-09-12T19:21:06-05:00,PUR_IED_SBernardino_Ext_27aff8,PUR_IED_SBernardino_Ext_27aff8,,,,,
2026-09-12T19:21:06-05:00,PUR_IED_SBernardino_SArte_2ffd33,PUR_IED_SBernardino_SArte_2ffd33,,,,,
2026-09-12T19:21:06-05:00,PUR_IED_SBernardino_SIngl_7c7da5,PUR_IED_SBernardino_SIngl_7c7da5,,,,,
2026-09-12T19:21:06-05:00,PUR_IED_Sago_auditorio_dc9d1d,PUR_IED_Sago_auditorio_dc9d1d,,,,,
2026-09-12T19:21:06-05:00,PUR_IED_Saludcoop_Ext_95aac3,PUR_IED_Saludcoop_Ext_95aac3,,,,,
2026-09-12T19:21:06-05:00,PUR_IED_Saludcoop_InfI_90c854,PUR_IED_Saludcoop_InfI_90c854,,,,,
2026-09-12T19:21:06-05:00,PUR_IED_Saludcoop_SMedia_1b93be,PUR_IED_Saludcoop_SMedia_1b93be,,,,,
2026-09-12T19:21:06-05:00,PUR_IED_SanCarlos_1101_1a2360,PUR_IED_SanCarlos_1101_1a2360,,,,,
2026-09-12T19:21:06-05:00,PUR_IED_SanCarlos_1103_7bafb5,PUR_IED_SanCarlos_1103_7bafb5,,,,,
2026-09-12T19:21:06-05:00,PUR_IED_SanCarlos_Ext_b7cd1,PUR_IED_SanCarlos_Ext_b7cd1,,,,,
2026-09-12T19:21:06-05:00,PUR_IED_SanIgnacioBosa11a_50c26e,PUR_IED_SanIgnacioBosa11a_50c26e,,,,,
2026-09-12T19:21:06-05:00,PUR_IED_SanIgnacioBosa11b_371de8,PUR_IED_SanIgnacioBosa11b_371de8,,,,,
2026-09-12T19:21:06-05:00,PUR_IED_SanIgnacioBosaExt_ef0ffc,PUR_IED_SanIgnacioBosaExt_ef0ffc,,,,,
2026-09-12T19:21:06-05:00,PUR_IED_SanIgnacioBosa_11a_50c26e,PUR_IED_SanIgnacioBosa_11a_50c26e,,,,,
2026-09-12T19:21:06-05:00,PUR_IED_SanIgnacioBosa_Ext_ef0ffc,PUR_IED_SanIgnacioBosa_Ext_ef0ffc,,,,,
2026-09-12T19:21:06-05:00,PUR_IED_SanJoseN_intS1101_31c47f,PUR_IED_SanJoseN_intS1101_31c47f,,,,,
2026-09-12T19:21:06-05:00,PUR_IED_SanJoseUsm_Exter_f5d7e8,PUR_IED_SanJoseUsm_Exter_f5d7e8,,,,,
2026-09-12T19:21:06-05:00,PUR_IED_SanJoseUsm_Int11A_cfdef6,PUR_IED_SanJoseUsm_Int11A_cfdef6,,,,,
2026-09-12T19:21:06-05:00,PUR_IED_SilveriaR_IntB5_905349,PUR_IED_SilveriaR_IntB5_905349,,,,,
2026-09-12T19:21:06-05:00,PUR_IED_SilveriaR_IntSD14_981f93,PUR_IED_SilveriaR_IntSD14_981f93,,,,,
2026-09-12T19:21:06-05:00,PUR_IED_SilveriaR_ext_2b651d,PUR_IED_SilveriaR_ext_2b651d,,,,,
2026-09-12T19:21:06-05:00,PUR_IED_SimonB_Exterior_913975,PUR_IED_SimonB_Exterior_913975,,,,,
2026-09-12T19:21:06-05:00,PUR_IED_SimonB_LabQuimi_c56908,PUR_IED_SimonB_LabQuimi_c56908,,,,,
2026-09-12T19:21:06-05:00,PUR_IED_SimonB_informatic_a28c1,PUR_IED_SimonB_informatic_a28c1,,,,,
2026-09-12T19:21:06-05:00,PUR_IED_Sorrento_1102_315f50,PUR_IED_Sorrento_1102_315f50,,,,,
2026-09-12T19:21:06-05:00,PUR_IED_Sorrento_Minte_214eab,PUR_IED_Sorrento_Minte_214eab,,,,,
2026-09-12T19:21:06-05:00,PUR_IED_Sorrento_ext_7c3a0a,PUR_IED_Sorrento_ext_7c3a0a,,,,,
2026-09-12T19:21:06-05:00,PUR_IED_Tabora_Ext_f048ae,PUR_IED_Tabora_Ext_f048ae,,,,,
2026-09-12T19:21:06-05:00,PUR_IED_Tabora_S1102_b07752,PUR_IED_Tabora_S1102_b07752,,,,,
2026-09-12T19:21:06-05:00,PUR_IED_Tabora_S1103_d988f5,PUR_IED_Tabora_S1103_d988f5,,,,,
2026-09-12T19:21:06-05:00,PUR_IED_Tenerife_Ext_1ab188,PUR_IED_Tenerife_Ext_1ab188,,,,,
2026-09-12T19:21:06-05:00,PUR_IED_Tenerife_SDanzas_7bc02e,PUR_IED_Tenerife_SDanzas_7bc02e,,,,,
2026-09-12T19:21:06-05:00,PUR_IED_Tenerife_SIngles_7cc277,PUR_IED_Tenerife_SIngles_7cc277,,,,,
2026-09-12T19:21:06-05:00,PUR_IED_Tibabuyes_Exter_f2683d,PUR_IED_Tibabuyes_Exter_f2683d,,,,,
2026-09-12T19:21:06-05:00,PUR_IED_Tibabuyes_S10_dc87a8,PUR_IED_Tibabuyes_S10_dc87a8,,,,,
2026-09-12T19:21:06-05:00,PUR_IED_Tibabuyes_S15_dc0526,PUR_IED_Tibabuyes_S15_dc0526,,,,,
2026-09-12T19:21:06-05:00,PUR_IED_UnionE_S301_a1043,PUR_IED_UnionE_S301_a1043,,,,,
2026-09-12T19:21:06-05:00,PUR_IED_UnionE_S307_ff6c2f,PUR_IED_UnionE_S307_ff6c2f,,,,,
2026-09-12T19:21:06-05:00,PUR_IED_UnionE__Ext_5e2468,PUR_IED_UnionE__Ext_5e2468,,,,,
2026-09-12T19:21:06-05:00,PUR_IED_VillaRica_Ext_75be7c,PUR_IED_VillaRica_Ext_75be7c,,,,,
2026-09-12T19:21:06-05:00,PUR_IED_VillaRica_S4_cc5dcd,PUR_IED_VillaRica_S4_cc5dcd,,,,,
2026-09-12T19:21:06-05:00,PUR_IED_VillaRica_Sesp_99f5c,PUR_IED_VillaRica_Sesp_99f5c,,,,,
2026-09-12T19:26:10-05:00,PUR_IED_20deJulio_1101_91b1b9,PUR_IED_20deJulio_1101_91b1b9,,,,,
2026-09-12T19:26:10-05:00,PUR_IED_20deJulio_1102_1cfcf9,PUR_IED_20deJulio_1102_1cfcf9,,,,,
2026-09-12T19:26:10-05:00,PUR_IED_20deJulio_Ext_ab60bd,PUR_IED_20deJulio_Ext_ab60bd,,,,,
2026-09-12T19:26:10-05:00,PUR_IED_AgustinFer_Ext_7b9b77,PUR_IED_AgustinFer_Ext_7b9b77,,,,,
2026-09-12T19:26:10-05:00,PUR_IED_AgustinFer_Info2_27b3a7,PUR_IED_AgustinFer_Info2_27b3a7,,,,,
2026-09-12T19:26:10-05:00,PUR_IED_AgustinFer_Sena_54b4eb,PUR_IED_AgustinFer_Sena_54b4eb,,,,,
2026-09-12T19:26:10-05:00,PUR_IED_AlexanderF_1102_caf07b,PUR_IED_AlexanderF_1102_caf07b,,,,,
2026-09-12T19:26:10-05:00,PUR_IED_AlexanderF_1103_c79e71,PUR_IED_AlexanderF_1103_c79e71,,,,,
2026-09-12T19:26:10-05:00,PUR_IED_AlexanderF_Ext_c5b18b,PUR_IED_AlexanderF_Ext_c5b18b,,,,,
2026-09-12T19:26:10-05:00,PUR_IED_AlfonsoLopez_Ext_281d77,PUR_IED_AlfonsoLopez_Ext_281d77,,,,,
2026-09-12T19:26:10-05:00,PUR_IED_AlfonsoLopez_LabF_888ce0,PUR_IED_AlfonsoLopez_LabF_888ce0,,,,,
2026-09-12T19:26:10-05:00,PUR_IED_AlfonsoLopez_SMed_df6a7f,PUR_IED_AlfonsoLopez_SMed_df6a7f,,,,,
2026-09-12T19:26:10-05:00,PUR_IED_AltamiraSO_A2_209f92,PUR_IED_AltamiraSO_A2_209f92,,,,,
2026-09-12T19:26:10-05:00,PUR_IED_AltamiraSO_Ext_186d66,PUR_IED_AltamiraSO_Ext_186d66,,,,,
2026-09-12T19:26:10-05:00,PUR_IED_AltamiraSO_Sistem_27afe1,PUR_IED_AltamiraSO_Sistem_27afe1,,,,,
2026-09-12T19:26:10-05:00,PUR_IED_AlvaroGom_LabQuim_813179,PUR_IED_AlvaroGom_LabQuim_813179,,,,,
2026-09-12T19:26:10-05:00,PUR_IED_AlvaroGomez_Ext_47c7ca,PUR_IED_AlvaroGomez_Ext_47c7ca,,,,,
2026-09-12T19:26:10-05:00,PUR_IED_AlvaroGomez_LabQuim_813179,PUR_IED_AlvaroGomez_LabQuim_813179,,,,,
2026-09-12T19:26:10-05:00,PUR_IED_AlvaroGomez_S23_7ba89f,PUR_IED_AlvaroGomez_S23_7ba89f,,,,,
2026-09-12T19:26:10-05:00,PUR_IED_Amistad_306_dc8728,PUR_IED_Amistad_306_dc8728,,,,,
2026-09-12T19:26:10-05:00,PUR_IED_Amistad_Ext_8cd55e,PUR_IED_Amistad_Ext_8cd55e,,,,,
2026-09-12T19:26:10-05:00,PUR_IED_Amistad_S202_a41169,PUR_IED_Amistad_S202_a41169,,,,,
2026-09-12T19:26:10-05:00,PUR_IED_AndresBello_Bio_fd5f5e,PUR_IED_AndresBello_Bio_fd5f5e,,,,,
2026-09-12T19:26:10-05:00,PUR_IED_AndresBello_ext_dcad65,PUR_IED_AndresBello_ext_dcad65,,,,,
2026-09-12T19:26:10-05:00,PUR_IED_AndresBello_port_eed3ec,PUR_IED_AndresBello_port_eed3ec,,,,,
2026-09-12T19:26:10-05:00,PUR_IED_AngelaR_11b_d90a6b,PUR_IED_AngelaR_11b_d90a6b,,,,,
2026-09-12T19:26:10-05:00,PUR_IED_AngelaR_ext_7cad3e,PUR_IED_AngelaR_ext_7cad3e,4,19,63,4.5825,-74.164497
2026-09-12T19:26:10-05:00,PUR_IED_AntJoseSucre_10mo_df2575,PUR_IED_AntJoseSucre_10mo_df2575,,,,,
2026-09-12T19:26:10-05:00,PUR_IED_AntJoseSucre_Ext_215b36,PUR_IED_AntJoseSucre_Ext_215b36,,,,,
2026-09-12T19:26:10-05:00,PUR_IED_AntJoseSucre_Lab_3139de,PUR_IED_AntJoseSucre_Lab_3139de,,,,,
2026-09-12T19:26:10-05:00,PUR_IED_AntonioGarcia_301_d6b188,PUR_IED_AntonioGarcia_301_d6b188,,,,,
2026-09-12T19:26:10-05:00,PUR_IED_AntonioGarcia_302_88a82,PUR_IED_AntonioGarcia_302_88a82,,,,,
2026-09-12T19:26:10-05:00,PUR_IED_AntonioGarcia_Ext_20950c,PUR_IED_AntonioGarcia_Ext_20950c,,,,,
2026-09-12T19:26:10-05:00,PUR_IED_AntonioVan_Aula2_6dea02,PUR_IED_AntonioVan_Aula2_6dea02,,,,,
2026-09-12T19:26:10-05:00,PUR_IED_AntonioVan_Aula5_f1557e,PUR_IED_AntonioVan_Aula5_f1557e,,,,,
2026-09-12T19:26:10-05:00,PUR_IED_AntonioVan_Ext_406f2f,PUR_IED_AntonioVan_Ext_406f2f,,,,,
2026-09-12T19:26:10-05:00,PUR_IED_Atabanzha_Ext_cc5af9,PUR_IED_Atabanzha_Ext_cc5af9,,,,,
2026-09-12T19:26:10-05:00,PUR_IED_Atabanzha_SA101_56c37,PUR_IED_Atabanzha_SA101_56c37,,,,,
2026-09-12T19:26:10-05:00,PUR_IED_Atabanzha_SB302_27b374,PUR_IED_Atabanzha_SB302_27b374,,,,,
2026-09-12T19:26:10-05:00,PUR_IED_Atahualpa_Ext_fc1748,PUR_IED_Atahualpa_Ext_fc1748,,,,,
2026-09-12T19:26:10-05:00,PUR_IED_Atahualpa_Informa_dc9a95,PUR_IED_Atahualpa_Informa_dc9a95,,,,,
2026-09-12T19:26:10-05:00,PUR_IED_Atahualpa_S1101_f98056,PUR_IED_Atahualpa_S1101_f98056,,,,,
2026-09-12T19:26:10-05:00,PUR_IED_Bellavista_Ext_f5aa74,PUR_IED_Bellavista_Ext_f5aa74,,,,,
2026-09-12T19:26:10-05:00,PUR_IED_Bilbao_11A_916c41,PUR_IED_Bilbao_11A_916c41,,,,,
2026-09-12T19:26:10-05:00,PUR_IED_Bilbao_Ext_fb579a,PUR_IED_Bilbao_Ext_fb579a,,,,,
2026-09-12T19:26:10-05:00,PUR_IED_BrasiliaU_A125_304280,PUR_IED_BrasiliaU_A125_304280,,,,,
2026-09-12T19:26:10-05:00,PUR_IED_BrasiliaU_A203_7c8ca5,PUR_IED_BrasiliaU_A203_7c8ca5,,,,,
2026-09-12T19:26:10-05:00,PUR_IED_BrasiliaU_Ext_8d6e9f,PUR_IED_BrasiliaU_Ext_8d6e9f,6,18,63,4.5175,-74.116302
2026-09-12T19:26:10-05:00,PUR_IED_Brasilia_Ext_fe6593,PUR_IED_Brasilia_Ext_fe6593,,,,,
2026-09-12T19:26:10-05:00,PUR_IED_Brasilia_S24_7c130d,PUR_IED_Brasilia_S24_7c130d,,,,,
2026-09-12T19:26:10-05:00,PUR_IED_Brasilia_S501_186a54,PUR_IED_Brasilia_S501_186a54,,,,,
2026-09-12T19:26:10-05:00,PUR_IED_CHARRY_EXT_f1d5cd,PUR_IED_CHARRY_EXT_f1d5cd,,,,,
2026-09-12T19:26:10-05:00,PUR_IED_CHARRY_INTDANZAS_7a08e6,PUR_IED_CHARRY_INTDANZAS_7a08e6,,,,,
2026-09-12T19:26:10-05:00,PUR_IED_CHARRY_INT_AULA20_dc998d,PUR_IED_CHARRY_INT_AULA20_dc998d,,,,,
2026-09-12T19:26:10-05:00,PUR_IED_COLVIV_1101_S25_7f520a,PUR_IED_COLVIV_1101_S25_7f520a,,,,,
2026-09-12T19:26:10-05:00,PUR_IED_COLVIV_1102_S16_f570ba,PUR_IED_COLVIV_1102_S16_f570ba,,,,,
2026-09-12T19:26:10-05:00,PUR_IED_COLVIV_Ext_1a26fa,PUR_IED_COLVIV_Ext_1a26fa,,,,,
2026-09-12T19:26:10-05:00,PUR_IED_CULPOP_301A_f660f3,PUR_IED_CULPOP_301A_f660f3,,,,,
2026-09-12T19:26:10-05:00,PUR_IED_CULPOP_303_568afe,PUR_IED_CULPOP_303_568afe,,,,,
2026-09-12T19:26:10-05:00,PUR_IED_CULPOP_Ext_e02ccb,PUR_IED_CULPOP_Ext_e02ccb,,,,,
2026-09-12T19:26:10-05:00,PUR_IED_CVillavicen_Ext_26eb58,PUR_IED_CVillavicen_Ext_26eb58,5,16,77,4.487,-74.102798
2026-09-12T19:26:10-05:00,PUR_IED_CVillavicen_Intel_1ce5c2,PUR_IED_CVillavicen_Intel_1ce5c2,,,,,
2026-09-12T19:26:10-05:00,PUR_IED_CVillavicen_Poliv_e0766c,PUR_IED_CVillavicen_Poliv_e0766c,,,,,
2026-09-12T19:26:10-05:00,PUR_IED_CVillavicen_int_1ba140,PUR_IED_CVillavicen_int_1ba140,,,,,
2026-09-12T19:26:10-05:00,PUR_IED_CVillavicen_intel_1ba140,PUR_IED_CVillavicen_intel_1ba140,,,,,
2026-09-12T19:26:10-05:00,PUR_IED_CarlosPizarro_Ext_e307cc,PUR_IED_CarlosPizarro_Ext_e307cc,,,,,
2026-09-12T19:26:10-05:00,PUR_IED_CarlosPizarro_L36_7e5cdb,PUR_IED_CarlosPizarro_L36_7e5cdb,,,,,
2026-09-12T19:26:10-05:00,PUR_IED_CarlosPizarro_L37_c8566c,PUR_IED_CarlosPizarro_L37_c8566c,,,,,
2026-09-12T19:26:10-05:00,PUR_IED_Castilla_Ext_cf35f,PUR_IED_Castilla_Ext_cf35f,,,,,
2026-09-12T19:26:10-05:00,PUR_IED_Castilla_SFisik_360e38,PUR_IED_Castilla_SFisik_360e38,,,,,
2026-09-12T19:26:10-05:00,PUR_IED_Castilla_Sc304_496fbf,PUR_IED_Castilla_Sc304_496fbf,,,,,
2026-09-12T19:26:10-05:00,PUR_IED_CervantesSa_Ext_6b57b,PUR_IED_CervantesSa_Ext_6b57b,5,19,66,4.5128,-74.117203
2026-09-12T19:26:10-05:00,PUR_IED_CervantesSa_S107_225c2b,PUR_IED_CervantesSa_S107_225c2b,,,,,
2026-09-12T19:26:10-05:00,PUR_IED_CervantesSa_S108_940925,PUR_IED_CervantesSa_S108_940925,,,,,
2026-09-12T19:26:10-05:00,PUR_IED_Charry_A20_f53e7c,PUR_IED_Charry_A20_f53e7c,,,,,
2026-09-12T19:26:10-05:00,PUR_IED_Charry_Ext_f1d5cd,PUR_IED_Charry_Ext_f1d5cd,,,,,
2026-09-12T19:26:10-05:00,PUR_IED_Charry_IntAula20_dc998d,PUR_IED_Charry_IntAula20_dc998d,,,,,
2026-09-12T19:26:10-05:00,PUR_IED_Charry_IntDanzas_7a08e6,PUR_IED_Charry_IntDanzas_7a08e6,,,,,
2026-09-12T19:26:10-05:00,PUR_IED_ClememciaC_203_43e2fc,PUR_IED_ClememciaC_203_43e2fc,,,,,
2026-09-12T19:26:10-05:00,PUR_IED_ClememciaC_Ext_1b411a,PUR_IED_ClememciaC_Ext_1b411a,,,,,
2026-09-12T19:26:10-05:00,PUR_IED_ClememciaC_Quimic_44b5fc,PUR_IED_ClememciaC_Quimic_44b5fc,,,,,
2026-09-12T19:26:10-05:00,PUR_IED_ClemenciaC_203_43e2fc,PUR_IED_ClemenciaC_203_43e2fc,,,,,
2026-09-12T19:26:10-05:00,PUR_IED_ClemenciaC_Ext_1b411a,PUR_IED_ClemenciaC_Ext_1b411a,,,,,
2026-09-12T19:26:10-05:00,PUR_IED_ClemenciaC_Quimic_44b5fc,PUR_IED_ClemenciaC_Quimic_44b5fc,,,,,
2026-09-12T19:26:10-05:00,PUR_IED_ColViva_1101_S25_7f520a,PUR_IED_ColViva_1101_S25_7f520a,,,,,
2026-09-12T19:26:10-05:00,PUR_IED_ColViva_1102_S16_f570ba,PUR_IED_ColViva_1102_S16_f570ba,,,,,
2026-09-12T19:26:10-05:00,PUR_IED_ColViva_Ext_1a26fa,PUR_IED_ColViva_Ext_1a26fa,,,,,
2026-09-12T19:26:10-05:00,PUR_IED_ColegioBici_Asist_7c8798,PUR_IED_ColegioBici_Asist_7c8798,,,,,
2026-09-12T19:26:10-05:00,PUR_IED_ColegioBici_Ext_25cbf6,PUR_IED_ColegioBici_Ext_25cbf6,,,,,
2026-09-12T19:26:10-05:00,PUR_IED_ColegioBici_LabQ_7b57db,PUR_IED_ColegioBici_LabQ_7b57db,,,,,
2026-09-12T19:26:10-05:00,PUR_IED_CostaRica_Ext_5e640,PUR_IED_CostaRica_Ext_5e640,,,,,
2026-09-12T19:26:10-05:00,PUR_IED_CostaRica_Quim1_766d1c,PUR_IED_CostaRica_Quim1_766d1c,,,,,
2026-09-12T19:26:10-05:00,PUR_IED_CostaRica__Fisica_6f0873,PUR_IED_CostaRica__Fisica_6f0873,,,,,
2026-09-12T19:26:10-05:00,PUR_IED_CulPopu_301A_f660f3,PUR_IED_CulPopu_301A_f660f3,,,,,
2026-09-12T19:26:10-05:00,PUR_IED_CulPopu_303_568afe,PUR_IED_CulPopu_303_568afe,,,,,
2026-09-12T19:26:10-05:00,PUR_IED_CulPopu_Ext_e02ccb,PUR_IED_CulPopu_Ext_e02ccb,,,,,
2026-09-12T19:26:10-05:00,PUR_IED_Cundinamarca_Ext_f15985,PUR_IED_Cundinamarca_Ext_f15985,,,,,
2026-09-12T19:26:10-05:00,PUR_IED_Cundinamarca_Info_7aa5d7,PUR_IED_Cundinamarca_Info_7aa5d7,,,,,
2026-09-12T19:26:10-05:00,PUR_IED_Cundinamarca_Tec2_f449c7,PUR_IED_Cundinamarca_Tec2_f449c7,,,,,
2026-09-12T19:26:10-05:00,PUR_IED_DiegoM_Aula1_27b314,PUR_IED_DiegoM_Aula1_27b314,,,,,
2026-09-12T19:26:10-05:00,PUR_IED_DiegoM_Ext_d80ac8,PUR_IED_DiegoM_Ext_d80ac8,,,,,
2026-09-12T19:26:10-05:00,PUR_IED_DiegoM_S25_da928f,PUR_IED_DiegoM_S25_da928f,,,,,
2026-09-12T19:26:10-05:00,PUR_IED_ELRODEO_360881,PUR_IED_ELRODEO_360881,,,,,
2026-09-12T19:26:10-05:00,PUR_IED_ELRODEO_ext_360881,PUR_IED_ELRODEO_ext_360881,,,,,
2026-09-12T19:26:10-05:00,PUR_IED_EduardoU_Ext_1c1969,PUR_IED_EduardoU_Ext_1c1969,,,,,
2026-09-12T19:26:10-05:00,PUR_IED_EduardoU_SCiencia_4dfb94,PUR_IED_EduardoU_SCiencia_4dfb94,,,,,
2026-09-12T19:26:10-05:00,PUR_IED_EduardoU_SQuimica_5a46e7,PUR_IED_EduardoU_SQuimica_5a46e7,,,,,
2026-09-12T19:26:10-05:00,PUR_IED_ElRodeo_Aula14_676984,PUR_IED_ElRodeo_Aula14_676984,,,,,
2026-09-12T19:26:10-05:00,PUR_IED_ElRodeo_Aula16_2dd35b,PUR_IED_ElRodeo_Aula16_2dd35b,,,,,
2026-09-12T19:26:10-05:00,PUR_IED_ElRodeo_Ext_360881,PUR_IED_ElRodeo_Ext_360881,,,,,
2026-09-12T19:26:10-05:00,PUR_IED_ElRodeo_Exterior_8c6d28,PUR_IED_ElRodeo_Exterior_8c6d28,,,,,
2026-09-12T19:26:10-05:00,PUR_IED_ElRodeo_ext_360881,PUR_IED_ElRodeo_ext_360881,,,,,
2026-09-12T19:26:10-05:00,PUR_IED_EmmaReyes_Ext_987625,PUR_IED_EmmaReyes_Ext_987625,3,21,51,4.6367,-74.1511
2026-09-12T19:26:10-05:00,PUR_IED_Ensueño_Ext_7f0250,PUR_IED_Ensueño_Ext_7f0250,,,,,
2026-09-12T19:26:10-05:00,PUR_IED_EscNormal_Ext_5fef3b,PUR_IED_EscNormal_Ext_5fef3b,2,19,58,4.5852,-74.096901
2026-09-12T19:26:10-05:00,PUR_IED_EscNormal_S309_5b263,PUR_IED_EscNormal_S309_5b263,,,,,
2026-09-12T19:26:10-05:00,PUR_IED_EscNormal_S310_27b3b8,PUR_IED_EscNormal_S310_27b3b8,,,,,
2026-09-12T19:26:10-05:00,PUR_IED_Evangelista_Conta_f6cd4f,PUR_IED_Evangelista_Conta_f6cd4f,,,,,
2026-09-12T19:26:10-05:00,PUR_IED_Evangelista_Cri_5e16a,PUR_IED_Evangelista_Cri_5e16a,,,,,
2026-09-12T19:26:10-05:00,PUR_IED_Evangelista_Exter_754066,PUR_IED_Evangelista_Exter_754066,,,,,
2026-09-12T19:26:10-05:00,PUR_IED_FMiranda_S209_5cc2a3,PUR_IED_FMiranda_S209_5cc2a3,,,,,
2026-09-12T19:26:10-05:00,PUR_IED_FMiranda_S303_19e344,PUR_IED_FMiranda_S303_19e344,,,,,
2026-09-12T19:26:10-05:00,PUR_IED_FMiranda_ext_f53e7c,PUR_IED_FMiranda_ext_f53e7c,,,,,
2026-09-12T19:26:10-05:00,PUR_IED_FabioLozano_Bibli_1cee05,PUR_IED_FabioLozano_Bibli_1cee05,,,,,
2026-09-12T19:26:10-05:00,PUR_IED_FabioLozano_Ext_6ea285,PUR_IED_FabioLozano_Ext_6ea285,,,,,
2026-09-12T19:26:10-05:00,PUR_IED_FabioLozano_SLudi_f09e1e,PUR_IED_FabioLozano_SLudi_f09e1e,,,,,
2026-09-12T19:26:10-05:00,PUR_IED_FaustinoS_Aula07_27a731,PUR_IED_FaustinoS_Aula07_27a731,,,,,
2026-09-12T19:26:10-05:00,PUR_IED_FaustinoS_Ext_7b936f,PUR_IED_FaustinoS_Ext_7b936f,,,,,
2026-09-12T19:26:10-05:00,PUR_IED_FaustinoS_Fisica_da2c60,PUR_IED_FaustinoS_Fisica_da2c60,,,,,
2026-09-12T19:26:10-05:00,PUR_IED_FeGarciaLo_Ext_dc68ee,PUR_IED_FeGarciaLo_Ext_dc68ee,,,,,
2026-09-12T19:26:10-05:00,PUR_IED_FeGarciaLo_SDanza_f70a59,PUR_IED_FeGarciaLo_SDanza_f70a59,,,,,
2026-09-12T19:26:10-05:00,PUR_IED_FeGarciaLo_SMusic_125cdd,PUR_IED_FeGarciaLo_SMusic_125cdd,,,,,
2026-09-12T19:26:10-05:00,PUR_IED_FederalAlema_Exte_50c345,PUR_IED_FederalAlema_Exte_50c345,,,,,
2026-09-12T19:26:10-05:00,PUR_IED_FederalAlema_S31_f18371,PUR_IED_FederalAlema_S31_f18371,,,,,
2026-09-12T19:26:10-05:00,PUR_IED_FederalAlema_S901_a62cd,PUR_IED_FederalAlema_S901_a62cd,,,,,
2026-09-12T19:26:10-05:00,PUR_IED_FilarmonicaS_A5_f35eb1,PUR_IED_FilarmonicaS_A5_f35eb1,,,,,
2026-09-12T19:26:10-05:00,PUR_IED_FilarmonicaS_Ext_8a3bde,PUR_IED_FilarmonicaS_Ext_8a3bde,,,,,
2026-09-12T19:26:10-05:00,PUR_IED_FilarmonicaS_Spol_406114,PUR_IED_FilarmonicaS_Spol_406114,,,,,
2026-09-12T19:26:10-05:00,PUR_IED_FlorentinoG_A13_d1fa59,PUR_IED_FlorentinoG_A13_d1fa59,,,,,
2026-09-12T19:26:10-05:00,PUR_IED_FlorentinoG_Ext_1ce6ce,PUR_IED_FlorentinoG_Ext_1ce6ce,,,,,
2026-09-12T19:26:10-05:00,PUR_IED_FlorentinoG_Idiom_a66aac,PUR_IED_FlorentinoG_Idiom_a66aac,,,,,
2026-09-12T19:26:10-05:00,PUR_IED_FranciscoMati_Ext_e3869d,PUR_IED_FranciscoMati_Ext_e3869d,,,,,
2026-09-12T19:26:10-05:00,PUR_IED_FranciscoMati_S13_f31c67,PUR_IED_FranciscoMati_S13_f31c67,,,,,
2026-09-12T19:26:10-05:00,PUR_IED_FranciscoMati_S14_97dead,PUR_IED_FranciscoMati_S14_97dead,,,,,
2026-09-12T19:26:10-05:00,PUR_IED_FranciscoPS_Ext_7bfa9a,PUR_IED_FranciscoPS_Ext_7bfa9a,2,20,58,4.5899,-74.110397
2026-09-12T19:26:10-05:00,PUR_IED_FranciscoPS_Infor_fb8f4c,PUR_IED_FranciscoPS_Infor_fb8f4c,,,,,
2026-09-12T19:26:10-05:00,PUR_IED_FranciscoPS_Quimi_94d39c,PUR_IED_FranciscoPS_Quimi_94d39c,,,,,
2026-09-12T19:26:10-05:00,PUR_IED_FranciscoP_LabQ_d7e148,PUR_IED_FranciscoP_LabQ_d7e148,,,,,
2026-09-12T19:26:10-05:00,PUR_IED_FranciscoP_S28_cf9b30,PUR_IED_FranciscoP_S28_cf9b30,,,,,
2026-09-12T19:26:10-05:00,PUR_IED_FranciscoP_ext_e2313,PUR_IED_FranciscoP_ext_e2313,,,,,
2026-09-12T19:26:10-05:00,PUR_IED_FriederichN_Ext_8ac92a,PUR_IED_FriederichN_Ext_8ac92a,,,,,
2026-09-12T19:26:10-05:00,PUR_IED_FriederichN_S301_dd7e5a,PUR_IED_FriederichN_S301_dd7e5a,,,,,
2026-09-12T19:26:10-05:00,PUR_IED_FriederichN_S308_761f4f,PUR_IED_FriederichN_S308_761f4f,,,,,
2026-09-12T19:26:10-05:00,PUR_IED_GSantander_Aula10_533dd7,PUR_IED_GSantander_Aula10_533dd7,,,,,
2026-09-12T19:26:10-05:00,PUR_IED_GSantander_Aula12_fd4e4f,PUR_IED_GSantander_Aula12_fd4e4f,,,,,
2026-09-12T19:26:10-05:00,PUR_IED_GSantander_Aula310_533dd7,PUR_IED_GSantander_Aula310_533dd7,,,,,
2026-09-12T19:26:10-05:00,PUR_IED_GSantander_Aula312_fd4e4f,PUR_IED_GSantander_Aula312_fd4e4f,,,,,
2026-09-12T19:26:10-05:00,PUR_IED_GSantander_Ext_5f66b0,PUR_IED_GSantander_Ext_5f66b0,,,,,
2026-09-12T19:26:10-05:00,PUR_IED_GYomasa_Ext_f6bea5,PUR_IED_GYomasa_Ext_f6bea5,,,,,
2026-09-12T19:26:10-05:00,PUR_IED_GYomasa_LBiol_2c41aa,PUR_IED_GYomasa_LBiol_2c41aa,,,,,
2026-09-12T19:26:10-05:00,PUR_IED_GYomasa_LQuim_33c80,PUR_IED_GYomasa_LQuim_33c80,,,,,
2026-09-12T19:26:10-05:00,PUR_IED_GabBetMejia_Cienc_5a99c,PUR_IED_GabBetMejia_Cienc_5a99c,,,,,
2026-09-12T19:26:10-05:00,PUR_IED_GabBetMejia_Ext_9153d0,PUR_IED_GabBetMejia_Ext_9153d0,,,,,
2026-09-12T19:26:10-05:00,PUR_IED_GabBetMejia_Lab_f55347,PUR_IED_GabBetMejia_Lab_f55347,,,,,
2026-09-12T19:26:10-05:00,PUR_IED_GabBetanMejia_Ext_9153d0,PUR_IED_GabBetanMejia_Ext_9153d0,,,,,
2026-09-12T19:26:10-05:00,PUR_IED_Gaitana_Aula13_7aac11,PUR_IED_Gaitana_Aula13_7aac11,,,,,
2026-09-12T19:26:10-05:00,PUR_IED_Gaitana_Ext_5fcf4,PUR_IED_Gaitana_Ext_5fcf4,,,,,
2026-09-12T19:26:10-05:00,PUR_IED_Gaitana_LabFisica_644448,PUR_IED_Gaitana_LabFisica_644448,,,,,
2026-09-12T19:26:10-05:00,PUR_IED_GenSantander_Dise_8ac858,PUR_IED_GenSantander_Dise_8ac858,,,,,
2026-09-12T19:26:10-05:00,PUR_IED_GenSantander_Ext_8d5dfe,PUR_IED_GenSantander_Ext_8d5dfe,,,,,
2026-09-12T19:26:10-05:00,PUR_IED_GenSantander_Info_6c25b,PUR_IED_GenSantander_Info_6c25b,,,,,
2026-09-12T19:26:10-05:00,PUR_IED_GustavoMo_Exterio_75e63d,PUR_IED_GustavoMo_Exterio_75e63d,,,,,
2026-09-12T19:26:10-05:00,PUR_IED_GustavoMo_LabFisi_224d37,PUR_IED_GustavoMo_LabFisi_224d37,,,,,
2026-09-12T19:26:10-05:00,PUR_IED_GustavoMo_S208_3e6918,PUR_IED_GustavoMo_S208_3e6918,,,,,
2026-09-12T19:26:10-05:00,PUR_IED_GustavoR_A02_8cd4a8,PUR_IED_GustavoR_A02_8cd4a8,,,,,
2026-09-12T19:26:10-05:00,PUR_IED_GustavoR_B11_5b0ed,PUR_IED_GustavoR_B11_5b0ed,,,,,
2026-09-12T19:26:10-05:00,PUR_IED_GustavoR_Ext_7a0c90,PUR_IED_GustavoR_Ext_7a0c90,,,,,
2026-09-12T19:26:10-05:00,PUR_IED_HernandoDuran_Ext_8cd82b,PUR_IED_HernandoDuran_Ext_8cd82b,,,,,
2026-09-12T19:26:10-05:00,PUR_IED_HernandoDuran_S24_2772c6,PUR_IED_HernandoDuran_S24_2772c6,,,,,
2026-09-12T19:26:10-05:00,PUR_IED_HernandoDuran_S30_f2de41,PUR_IED_HernandoDuran_S30_f2de41,,,,,
2026-09-12T19:26:10-05:00,PUR_IED_HolguInUr_S1101_8cd732,PUR_IED_HolguInUr_S1101_8cd732,,,,,
2026-09-12T19:26:10-05:00,PUR_IED_HolguinUr_Exter_ddae6d,PUR_IED_HolguinUr_Exter_ddae6d,,,,,
2026-09-12T19:26:10-05:00,PUR_IED_HolguinUr_LabQuim_92b952,PUR_IED_HolguinUr_LabQuim_92b952,,,,,
2026-09-12T19:26:10-05:00,PUR_IED_Isabel-II_Ext_5245cc,PUR_IED_Isabel-II_Ext_5245cc,4,19,58,4.6336,-74.153
2026-09-12T19:26:10-05:00,PUR_IED_Isabel-II_S_idiom_1c29aa,PUR_IED_Isabel-II_S_idiom_1c29aa,,,,,
2026-09-12T19:26:10-05:00,PUR_IED_Isabel-II_S_infor_fd741,PUR_IED_Isabel-II_S_infor_fd741,,,,,
2026-09-12T19:26:10-05:00,PUR_IED_IsidroSur_Exterio_5b90ea,PUR_IED_IsidroSur_Exterio_5b90ea,,,,,
2026-09-12T19:26:10-05:00,PUR_IED_IsidroSur_LabTec_56697a,PUR_IED_IsidroSur_LabTec_56697a,,,,,
2026-09-12T19:26:10-05:00,PUR_IED_IsidroSur_Robotic_b7c38f,PUR_IED_IsidroSur_Robotic_b7c38f,,,,,
2026-09-12T19:26:10-05:00,PUR_IED_IsmaelPerd_Ext_7b6672,PUR_IED_IsmaelPerd_Ext_7b6672,,,,,
2026-09-12T19:26:10-05:00,PUR_IED_IsmaelPerd_Inform_306540,PUR_IED_IsmaelPerd_Inform_306540,,,,,
2026-09-12T19:26:10-05:00,PUR_IED_IsmaelPerd_S30_2e2c83,PUR_IED_IsmaelPerd_S30_2e2c83,,,,,
2026-09-12T19:26:10-05:00,PUR_IED_JLozano_Exter_432910,PUR_IED_JLozano_Exter_432910,,,,,
2026-09-12T19:26:10-05:00,PUR_IED_JLozano_salaMulti_df5125,PUR_IED_JLozano_salaMulti_df5125,,,,,
2026-09-12T19:26:10-05:00,PUR_IED_JMCordoba_206_86f80b,PUR_IED_JMCordoba_206_86f80b,,,,,
2026-09-12T19:26:10-05:00,PUR_IED_JMCordoba_Ext_27ad97,PUR_IED_JMCordoba_Ext_27ad97,,,,,
2026-09-12T19:26:10-05:00,PUR_IED_JMCordoba_S310_d59ab4,PUR_IED_JMCordoba_S310_d59ab4,,,,,
2026-09-12T19:26:10-05:00,PUR_IED_Japon_Ext_549100,PUR_IED_Japon_Ext_549100,,,,,
2026-09-12T19:26:10-05:00,PUR_IED_Japon_Laboratorio_bec51d,PUR_IED_Japon_Laboratorio_bec51d,,,,,
2026-09-12T19:26:10-05:00,PUR_IED_Japon_informatica_d99327,PUR_IED_Japon_informatica_d99327,,,,,
2026-09-12T19:26:10-05:00,PUR_IED_Jazmin_Ext_d27bda,PUR_IED_Jazmin_Ext_d27bda,,,,,
2026-09-12T19:26:10-05:00,PUR_IED_Jazmin_Fisica_8d14d7,PUR_IED_Jazmin_Fisica_8d14d7,,,,,
2026-09-12T19:26:10-05:00,PUR_IED_Jazmin_Quimica_801cb5,PUR_IED_Jazmin_Quimica_801cb5,,,,,
2026-09-12T19:26:10-05:00,PUR_IED_JorgeGaitan_Exter_f098d1,PUR_IED_JorgeGaitan_Exter_f098d1,,,,,
2026-09-12T19:26:10-05:00,PUR_IED_JorgeGaitan_STec1_dc9d1d,PUR_IED_JorgeGaitan_STec1_dc9d1d,,,,,
2026-09-12T19:26:10-05:00,PUR_IED_JorgeGaitan_STec2_281e69,PUR_IED_JorgeGaitan_STec2_281e69,,,,,
2026-09-12T19:26:10-05:00,PUR_IED_JorgeSoto_Exterio_d9d0a2,PUR_IED_JorgeSoto_Exterio_d9d0a2,,,,,
2026-09-12T19:26:10-05:00,PUR_IED_JorgeSoto_LabFisi_209c54,PUR_IED_JorgeSoto_LabFisi_209c54,,,,,
2026-09-12T19:26:10-05:00,PUR_IED_JorgeSoto_S103_27b51a,PUR_IED_JorgeSoto_S103_27b51a,,,,,
2026-09-12T19:26:10-05:00,PUR_IED_JoseAcevedo_A02_e965eb,PUR_IED_JoseAcevedo_A02_e965eb,,,,,
2026-09-12T19:26:10-05:00,PUR_IED_JoseAcevedo_A07_dd5b4,PUR_IED_JoseAcevedo_A07_dd5b4,,,,,
2026-09-12T19:26:10-05:00,PUR_IED_JoseAcevedo_Ext_b47484,PUR_IED_JoseAcevedo_Ext_b47484,,,,,
2026-09-12T19:26:10-05:00,PUR_IED_JoseMarti_Exte_5b9bf,PUR_IED_JoseMarti_Exte_5b9bf,,,,,
2026-09-12T19:26:10-05:00,PUR_IED_JoseMarti_LabQuim_1c6c2d,PUR_IED_JoseMarti_LabQuim_1c6c2d,,,,,
2026-09-12T19:26:10-05:00,PUR_IED_JoseMarti_S_info_f5f177,PUR_IED_JoseMarti_S_info_f5f177,,,,,
2026-09-12T19:26:10-05:00,PUR_IED_Josejoaquin_Ext_dfc5dc,PUR_IED_Josejoaquin_Ext_dfc5dc,,,,,
2026-09-12T19:26:10-05:00,PUR_IED_Josejoaquin_S05_5b2a96,PUR_IED_Josejoaquin_S05_5b2a96,,,,,
2026-09-12T19:26:10-05:00,PUR_IED_Josejoaquin_S06_1ce7d2,PUR_IED_Josejoaquin_S06_1ce7d2,,,,,
2026-09-12T19:26:10-05:00,PUR_IED_JulioFlorez_Danza_9b82dd,PUR_IED_JulioFlorez_Danza_9b82dd,,,,,
2026-09-12T19:26:10-05:00,PUR_IED_JulioFlorez_Exter_f9f314,PUR_IED_JulioFlorez_Exter_f9f314,,,,,
2026-09-12T19:26:10-05:00,PUR_IED_JulioFlorez_info2_6b6e08,PUR_IED_JulioFlorez_info2_6b6e08,,,,,
2026-09-12T19:26:10-05:00,PUR_IED_LaBelleza_Aula13_1d00d8,PUR_IED_LaBelleza_Aula13_1d00d8,,,,,
2026-09-12T19:26:10-05:00,PUR_IED_LaBelleza_Ext_7bc08c,PUR_IED_LaBelleza_Ext_7bc08c,,,,,
2026-09-12T19:26:10-05:00,PUR_IED_LaChucua_Ext_8cd6d2,PUR_IED_LaChucua_Ext_8cd6d2,,,,,
2026-09-12T19:26:10-05:00,PUR_IED_LaChucua_S15_f578ce,PUR_IED_LaChucua_S15_f578ce,,,,,
2026-09-12T19:26:10-05:00,PUR_IED_LaChucua_S16_eebcf9,PUR_IED_LaChucua_S16_eebcf9,,,,,
2026-09-12T19:26:10-05:00,PUR_IED_LaFelicidad_Ext_fb5109,PUR_IED_LaFelicidad_Ext_fb5109,,,,,
2026-09-12T19:26:10-05:00,PUR_IED_LaMerced_206_66ebd,PUR_IED_LaMerced_206_66ebd,,,,,
2026-09-12T19:26:10-05:00,PUR_IED_LaMerced_207_6ebd6,PUR_IED_LaMerced_207_6ebd6,,,,,
2026-09-12T19:26:10-05:00,PUR_IED_LaMerced_ext_304311,PUR_IED_LaMerced_ext_304311,,,,,
2026-09-12T19:26:10-05:00,PUR_IED_Laureano_CiencNat_281e5e,PUR_IED_Laureano_CiencNat_281e5e,,,,,
2026-09-12T19:26:10-05:00,PUR_IED_Laureano_Comedor_f65c0a,PUR_IED_Laureano_Comedor_f65c0a,,,,,
2026-09-12T19:26:10-05:00,PUR_IED_Laureano_Exterior_7ab011,PUR_IED_Laureano_Exterior_7ab011,,,,,
2026-09-12T19:26:10-05:00,PUR_IED_LeonGreiff_Exte_dfe560,PUR_IED_LeonGreiff_Exte_dfe560,,,,,
2026-09-12T19:26:10-05:00,PUR_IED_LeonGreiff_S210_f264ed,PUR_IED_LeonGreiff_S210_f264ed,,,,,
2026-09-12T19:26:10-05:00,PUR_IED_LeonGreiff_SQuimi_e8296f,PUR_IED_LeonGreiff_SQuimi_e8296f,,,,,
2026-09-12T19:26:10-05:00,PUR_IED_LlanoOrientalS208_7b9fcd,PUR_IED_LlanoOrientalS208_7b9fcd,,,,,
2026-09-12T19:26:10-05:00,PUR_IED_LlanoOriental_Ext_fb3766,PUR_IED_LlanoOriental_Ext_fb3766,,,,,
2026-09-12T19:26:10-05:00,PUR_IED_LlanoOriental_S208_7b9fcd,PUR_IED_LlanoOriental_S208_7b9fcd,,,,,
2026-09-12T19:26:10-05:00,PUR_IED_LlanoOriental_S9_27b378,PUR_IED_LlanoOriental_S9_27b378,,,,,
2026-09-12T19:26:10-05:00,PUR_IED_LosTejares_1101_477602,PUR_IED_LosTejares_1101_477602,,,,,
2026-09-12T19:26:10-05:00,PUR_IED_LosTejares_11_d2c595,PUR_IED_LosTejares_11_d2c595,,,,,
2026-09-12T19:26:10-05:00,PUR_IED_LosTejares_12_477602,PUR_IED_LosTejares_12_477602,,,,,
2026-09-12T19:26:10-05:00,PUR_IED_LosTejares_Ext_8e2115,PUR_IED_LosTejares_Ext_8e2115,,,,,
2026-09-12T19:26:10-05:00,PUR_IED_MagdalenaO_B202_5ddda3,PUR_IED_MagdalenaO_B202_5ddda3,,,,,
2026-09-12T19:26:10-05:00,PUR_IED_MagdalenaO_B205_fb76e8,PUR_IED_MagdalenaO_B205_fb76e8,,,,,
2026-09-12T19:26:10-05:00,PUR_IED_MagdalenaO_ext_dc69cd,PUR_IED_MagdalenaO_ext_dc69cd,,,,,
2026-09-12T19:26:10-05:00,PUR_IED_ManueCepeda_artes_eee956,PUR_IED_ManueCepeda_artes_eee956,,,,,
2026-09-12T19:26:10-05:00,PUR_IED_ManuelCepeda_Ext_58313,PUR_IED_ManuelCepeda_Ext_58313,,,,,
2026-09-12T19:26:10-05:00,PUR_IED_ManuelCepeda_tec_1c5731,PUR_IED_ManuelCepeda_tec_1c5731,,,,,
2026-09-12T19:26:10-05:00,PUR_IED_ManuelS_Exterior_5b269,PUR_IED_ManuelS_Exterior_5b269,,,,,
2026-09-12T19:26:10-05:00,PUR_IED_ManuelS_Inform_f369ce,PUR_IED_ManuelS_Inform_f369ce,,,,,
2026-09-12T19:26:10-05:00,PUR_IED_ManuelS_SArtes_7d15f1,PUR_IED_ManuelS_SArtes_7d15f1,,,,,
2026-09-12T19:26:10-05:00,PUR_IED_ManuelZapata_303_3ca6,PUR_IED_ManuelZapata_303_3ca6,,,,,
2026-09-12T19:26:10-05:00,PUR_IED_ManuelZapata_311_bfbabc,PUR_IED_ManuelZapata_311_bfbabc,,,,,
2026-09-12T19:26:10-05:00,PUR_IED_ManuelZapata_Ext_50824a,PUR_IED_ManuelZapata_Ext_50824a,,,,,
2026-09-12T19:26:10-05:00,PUR_IED_ManuelitaS_Exteri_656a92,PUR_IED_ManuelitaS_Exteri_656a92,,,,,
2026-09-12T19:26:10-05:00,PUR_IED_ManuelitaS_JuzgDe_f58ec3,PUR_IED_ManuelitaS_JuzgDe_f58ec3,,,,,
2026-09-12T19:26:10-05:00,PUR_IED_ManuelitaS_Recrea_d793db,PUR_IED_ManuelitaS_Recrea_d793db,,,,,
2026-09-12T19:26:10-05:00,PUR_IED_MarFidSuarez_Ext_c27b19,PUR_IED_MarFidSuarez_Ext_c27b19,,,,,
2026-09-12T19:26:10-05:00,PUR_IED_MarFidSuarez_Info_e384d7,PUR_IED_MarFidSuarez_Info_e384d7,,,,,
2026-09-12T19:26:10-05:00,PUR_IED_MarFidSuarez_S306_1d0032,PUR_IED_MarFidSuarez_S306_1d0032,,,,,
2026-09-12T19:26:10-05:00,PUR_IED_Menorah_301_2a25a3,PUR_IED_Menorah_301_2a25a3,,,,,
2026-09-12T19:26:10-05:00,PUR_IED_Menorah_306_37ed3,PUR_IED_Menorah_306_37ed3,,,,,
2026-09-12T19:26:10-05:00,PUR_IED_Menorah_Ext_3e155b,PUR_IED_Menorah_Ext_3e155b,,,,,
2026-09-12T19:26:10-05:00,PUR_IED_MinutoB.Aires_A11_1b1604,PUR_IED_MinutoB.Aires_A11_1b1604,,,,,
2026-09-12T19:26:10-05:00,PUR_IED_MinutoB.Aires_A12_fb5860,PUR_IED_MinutoB.Aires_A12_fb5860,,,,,
2026-09-12T19:26:10-05:00,PUR_IED_MinutoB.Aires_Ext_81293f,PUR_IED_MinutoB.Aires_Ext_81293f,,,,,
2026-09-12T19:26:10-05:00,PUR_IED_MinutoBAires_A11_1b1604,PUR_IED_MinutoBAires_A11_1b1604,,,,,
2026-09-12T19:26:10-05:00,PUR_IED_MinutoBAires_A12_fb5860,PUR_IED_MinutoBAires_A12_fb5860,,,,,
2026-09-12T19:26:10-05:00,PUR_IED_MinutoBAires_Ext_81293f,PUR_IED_MinutoBAires_Ext_81293f,,,,,
2026-09-12T19:26:10-05:00,PUR_IED_Montreal_Aula10_1e4959,PUR_IED_Montreal_Aula10_1e4959,,,,,
2026-09-12T19:26:10-05:00,PUR_IED_Montreal_Aula6_300367,PUR_IED_Montreal_Aula6_300367,,,,,
2026-09-12T19:26:10-05:00,PUR_IED_Montreal_Exterior_91a179,PUR_IED_Montreal_Exterior_91a179,,,,,
2026-09-12T19:26:10-05:00,PUR_IED_Mqgdalena_B202_5ddda3,PUR_IED_Mqgdalena_B202_5ddda3,,,,,
2026-09-12T19:26:10-05:00,PUR_IED_NACUND_Soc_dc8728,PUR_IED_NACUND_Soc_dc8728,,,,,
2026-09-12T19:26:10-05:00,PUR_IED_NACUND_ext_27ad97,PUR_IED_NACUND_ext_27ad97,,,,,
2026-09-12T19:26:10-05:00,PUR_IED_NEsperanza_Ext_d24b61,PUR_IED_NEsperanza_Ext_d24b61,,,,,
2026-09-12T19:26:10-05:00,PUR_IED_NEsperanza_SElect_7d1807,PUR_IED_NEsperanza_SElect_7d1807,,,,,
2026-09-12T19:26:10-05:00,PUR_IED_NEsperanza_SLabor_8b2d0a,PUR_IED_NEsperanza_SLabor_8b2d0a,,,,,
2026-09-12T19:26:10-05:00,PUR_IED_NacionesU_Ext_f661a9,PUR_IED_NacionesU_Ext_f661a9,,,,,
2026-09-12T19:26:10-05:00,PUR_IED_NacionesU_Quimica_66f0a,PUR_IED_NacionesU_Quimica_66f0a,,,,,
2026-09-12T19:26:10-05:00,PUR_IED_NacionesU_S306_1b4b3d,PUR_IED_NacionesU_S306_1b4b3d,,,,,
2026-09-12T19:26:10-05:00,PUR_IED_NestorFA_Ext_e4201c,PUR_IED_NestorFA_Ext_e4201c,,,,,
2026-09-12T19:26:10-05:00,PUR_IED_NestorFA_Laborato_f22fe0,PUR_IED_NestorFA_Laborato_f22fe0,,,,,
2026-09-12T19:26:10-05:00,PUR_IED_NestorFA_S204_dee996,PUR_IED_NestorFA_S204_dee996,,,,,
2026-09-12T19:26:10-05:00,PUR_IED_NidyaQT_Aula03_76999b,PUR_IED_NidyaQT_Aula03_76999b,,,,,
2026-09-12T19:26:10-05:00,PUR_IED_NidyaQT_Aula10_56325,PUR_IED_NidyaQT_Aula10_56325,,,,,
2026-09-12T19:26:10-05:00,PUR_IED_NidyaQT_Ext_46e32d,PUR_IED_NidyaQT_Ext_46e32d,,,,,
2026-09-12T19:26:10-05:00,PUR_IED_NuevaCol_Exterior_d9b859,PUR_IED_NuevaCol_Exterior_d9b859,,,,,
2026-09-12T19:26:10-05:00,PUR_IED_NuevaCol_S1101_76c43b,PUR_IED_NuevaCol_S1101_76c43b,,,,,
2026-09-12T19:26:10-05:00,PUR_IED_NuevaCol_S1102_1ce0b5,PUR_IED_NuevaCol_S1102_1ce0b5,,,,,
2026-09-12T19:26:10-05:00,PUR_IED_OEA_A202_f7e3f2,PUR_IED_OEA_A202_f7e3f2,,,,,
2026-09-12T19:26:10-05:00,PUR_IED_OEA_A203_7d1b8d,PUR_IED_OEA_A203_7d1b8d,,,,,
2026-09-12T19:26:10-05:00,PUR_IED_OEA_Ext_27b593,PUR_IED_OEA_Ext_27b593,,,,,
2026-09-12T19:26:10-05:00,PUR_IED_Ochoa_Ext_1c29da,PUR_IED_Ochoa_Ext_1c29da,,,,,
2026-09-12T19:26:10-05:00,PUR_IED_Ochoa_S205_8b1121,PUR_IED_Ochoa_S205_8b1121,,,,,
2026-09-12T19:26:10-05:00,PUR_IED_Ochoa_Sistemas_f33af6,PUR_IED_Ochoa_Sistemas_f33af6,,,,,
2026-09-12T19:26:10-05:00,PUR_IED_PQuebec_Ext_1c67c7,PUR_IED_PQuebec_Ext_1c67c7,,,,,
2026-09-12T19:26:10-05:00,PUR_IED_PQuebec_S15_23e8e2,PUR_IED_PQuebec_S15_23e8e2,,,,,
2026-09-12T19:26:10-05:00,PUR_IED_PQuebec_S16_8ec76b,PUR_IED_PQuebec_S16_8ec76b,,,,,
2026-09-12T19:26:10-05:00,PUR_IED_PabloN_Ext_49dc96,PUR_IED_PabloN_Ext_49dc96,,,,,
2026-09-12T19:26:10-05:00,PUR_IED_PabloN_S1102_4e3df5,PUR_IED_PabloN_S1102_4e3df5,,,,,
2026-09-12T19:26:10-05:00,PUR_IED_PabloN_S1103_50c94b,PUR_IED_PabloN_S1103_50c94b,,,,,
2026-09-12T19:26:10-05:00,PUR_IED_Palestina_S1101_db9198,PUR_IED_Palestina_S1101_db9198,,,,,
2026-09-12T19:26:10-05:00,PUR_IED_Palestina_S1102_dc54fa,PUR_IED_Palestina_S1102_dc54fa,,,,,
2026-09-12T19:26:10-05:00,PUR_IED_Palestina_ext_4ccce6,PUR_IED_Palestina_ext_4ccce6,,,,,
2026-09-12T19:26:10-05:00,PUR_IED_Panama_Fisica_4d0794,PUR_IED_Panama_Fisica_4d0794,,,,,
2026-09-12T19:26:10-05:00,PUR_IED_Panama_SIngles_a4077e,PUR_IED_Panama_SIngles_a4077e,,,,,
2026-09-12T19:26:10-05:00,PUR_IED_Panama_ext_4c54b4,PUR_IED_Panama_ext_4c54b4,,,,,
2026-09-12T19:26:10-05:00,PUR_IED_ParaisoM_Exterior_8cd7f0,PUR_IED_ParaisoM_Exterior_8cd7f0,,,,,
2026-09-12T19:26:10-05:00,PUR_IED_ParaisoM_Laborato_27af35,PUR_IED_ParaisoM_Laborato_27af35,,,,,
2026-09-12T19:26:10-05:00,PUR_IED_ParaisoM_S304_d1edca,PUR_IED_ParaisoM_S304_d1edca,,,,,
2026-09-12T19:26:10-05:00,PUR_IED_PorfirioBarba_Ext_301466,PUR_IED_PorfirioBarba_Ext_301466,,,,,
2026-09-12T19:26:10-05:00,PUR_IED_PorfirioBarba_S11_df6cd2,PUR_IED_PorfirioBarba_S11_df6cd2,,,,,
2026-09-12T19:26:10-05:00,PUR_IED_PorfirioBarba_S29_27a7d6,PUR_IED_PorfirioBarba_S29_27a7d6,,,,,
2026-09-12T19:26:10-05:00,PUR_IED_PradoV_Exter_8b27ad,PUR_IED_PradoV_Exter_8b27ad,,,,,
2026-09-12T19:26:10-05:00,PUR_IED_PradoV_S301_de65b5,PUR_IED_PradoV_S301_de65b5,,,,,
2026-09-12T19:26:10-05:00,PUR_IED_PradoV_S302_7d2593,PUR_IED_PradoV_S302_7d2593,,,,,
2026-09-12T19:26:10-05:00,PUR_IED_QuirogaAlz_Ext_1ddc82,PUR_IED_QuirogaAlz_Ext_1ddc82,,,,,
2026-09-12T19:26:10-05:00,PUR_IED_QuirogaAlz_S302_9926a3,PUR_IED_QuirogaAlz_S302_9926a3,,,,,
2026-09-12T19:26:10-05:00,PUR_IED_QuirogaAlz_S305_cdf1f1,PUR_IED_QuirogaAlz_S305_cdf1f1,,,,,
2026-09-12T19:26:10-05:00,PUR_IED_RGuatemala_Biling_dc53b7,PUR_IED_RGuatemala_Biling_dc53b7,,,,,
2026-09-12T19:26:10-05:00,PUR_IED_RGuatemala_Ext_1b89a3,PUR_IED_RGuatemala_Ext_1b89a3,,,,,
2026-09-12T19:26:10-05:00,PUR_IED_RGuatemala_Tecnol_281a34,PUR_IED_RGuatemala_Tecnol_281a34,,,,,
2026-09-12T19:26:10-05:00,PUR_IED_RafaNu_Ext_f7c302,PUR_IED_RafaNu_Ext_f7c302,,,,,
2026-09-12T19:26:10-05:00,PUR_IED_RafaNu_S1101_25fde,PUR_IED_RafaNu_S1101_25fde,,,,,
2026-09-12T19:26:10-05:00,PUR_IED_RafaNu_S1102_281517,PUR_IED_RafaNu_S1102_281517,,,,,
2026-09-12T19:26:10-05:00,PUR_IED_RafaelB_S305_ee2783,PUR_IED_RafaelB_S305_ee2783,,,,,
2026-09-12T19:26:10-05:00,PUR_IED_RafaelB_S306_75fe33,PUR_IED_RafaelB_S306_75fe33,,,,,
2026-09-12T19:26:10-05:00,PUR_IED_RafaelB_ext_283336,PUR_IED_RafaelB_ext_283336,,,,,
2026-09-12T19:26:10-05:00,PUR_IED_RafaelUU_Exterior_281a51,PUR_IED_RafaelUU_Exterior_281a51,,,,,
2026-09-12T19:26:10-05:00,PUR_IED_RafaelUU_Human_806b2,PUR_IED_RafaelUU_Human_806b2,,,,,
2026-09-12T19:26:10-05:00,PUR_IED_RafaelUU_Mate2_5680d4,PUR_IED_RafaelUU_Mate2_5680d4,,,,,
2026-09-12T19:26:10-05:00,PUR_IED_RamonSub_Ext_f9eeb9,PUR_IED_RamonSub_Ext_f9eeb9,,,,,
2026-09-12T19:26:10-05:00,PUR_IED_RamonSub_Media_d1f62f,PUR_IED_RamonSub_Media_d1f62f,,,,,
2026-09-12T19:26:10-05:00,PUR_IED_RamonSub_planta_51b82,PUR_IED_RamonSub_planta_51b82,,,,,
2026-09-12T19:26:10-05:00,PUR_IED_RepBoliVene_Exter_27af7c,PUR_IED_RepBoliVene_Exter_27af7c,,,,,
2026-09-12T19:26:10-05:00,PUR_IED_RepBoliVene_SCPT_5ae2ee,PUR_IED_RepBoliVene_SCPT_5ae2ee,,,,,
2026-09-12T19:26:10-05:00,PUR_IED_RepBoliVene_Socia_4b11d5,PUR_IED_RepBoliVene_Socia_4b11d5,,,,,
2026-09-12T19:26:10-05:00,PUR_IED_RepChina_Ext_76d9ee,PUR_IED_RepChina_Ext_76d9ee,,,,,
2026-09-12T19:26:10-05:00,PUR_IED_RepChina_S404_7c804c,PUR_IED_RepChina_S404_7c804c,,,,,
2026-09-12T19:26:10-05:00,PUR_IED_RepChina_S405_df2c33,PUR_IED_RepChina_S405_df2c33,,,,,
2026-09-12T19:26:10-05:00,PUR_IED_RepublicaC_Exteri_7d1ec9,PUR_IED_RepublicaC_Exteri_7d1ec9,,,,,
2026-09-12T19:26:10-05:00,PUR_IED_RepublicaC_S1101_f544b3,PUR_IED_RepublicaC_S1101_f544b3,,,,,
2026-09-12T19:26:10-05:00,PUR_IED_RepublicaC_S1102_7aafc7,PUR_IED_RepublicaC_S1102_7aafc7,,,,,
2026-09-12T19:26:10-05:00,PUR_IED_Ricaurte_Externo_a0ea1,PUR_IED_Ricaurte_Externo_a0ea1,,,,,
2026-09-12T19:26:10-05:00,PUR_IED_Ricaurte_S210_f546fd,PUR_IED_Ricaurte_S210_f546fd,,,,,
2026-09-12T19:26:10-05:00,PUR_IED_Ricaurte_S309_d4452,PUR_IED_Ricaurte_S309_d4452,,,,,
2026-09-12T19:26:10-05:00,PUR_IED_RogelioS_1102_531e69,PUR_IED_RogelioS_1102_531e69,,,,,
2026-09-12T19:26:10-05:00,PUR_IED_RogelioS_Ext_f25a18,PUR_IED_RogelioS_Ext_f25a18,,,,,
2026-09-12T19:26:10-05:00,PUR_IED_SBernardino_Ext_27aff8,PUR_IED_SBernardino_Ext_27aff8,,,,,
2026-09-12T19:26:10-05:00,PUR_IED_SBernardino_SArte_2ffd33,PUR_IED_SBernardino_SArte_2ffd33,,,,,
2026-09-12T19:26:10-05:00,PUR_IED_SBernardino_SIngl_7c7da5,PUR_IED_SBernardino_SIngl_7c7da5,,,,,
2026-09-12T19:26:10-05:00,PUR_IED_Sago_auditorio_dc9d1d,PUR_IED_Sago_auditorio_dc9d1d,,,,,
2026-09-12T19:26:10-05:00,PUR_IED_Saludcoop_Ext_95aac3,PUR_IED_Saludcoop_Ext_95aac3,,,,,
2026-09-12T19:26:10-05:00,PUR_IED_Saludcoop_InfI_90c854,PUR_IED_Saludcoop_InfI_90c854,,,,,
2026-09-12T19:26:10-05:00,PUR_IED_Saludcoop_SMedia_1b93be,PUR_IED_Saludcoop_SMedia_1b93be,,,,,
2026-09-12T19:26:10-05:00,PUR_IED_SanCarlos_1101_1a2360,PUR_IED_SanCarlos_1101_1a2360,,,,,
2026-09-12T19:26:10-05:00,PUR_IED_SanCarlos_1103_7bafb5,PUR_IED_SanCarlos_1103_7bafb5,,,,,
2026-09-12T19:26:10-05:00,PUR_IED_SanCarlos_Ext_b7cd1,PUR_IED_SanCarlos_Ext_b7cd1,,,,,
2026-09-12T19:26:10-05:00,PUR_IED_SanIgnacioBosa11a_50c26e,PUR_IED_SanIgnacioBosa11a_50c26e,,,,,
2026-09-12T19:26:10-05:00,PUR_IED_SanIgnacioBosa11b_371de8,PUR_IED_SanIgnacioBosa11b_371de8,,,,,
2026-09-12T19:26:10-05:00,PUR_IED_SanIgnacioBosaExt_ef0ffc,PUR_IED_SanIgnacioBosaExt_ef0ffc,,,,,
2026-09-12T19:26:10-05:00,PUR_IED_SanIgnacioBosa_11a_50c26e,PUR_IED_SanIgnacioBosa_11a_50c26e,,,,,
2026-09-12T19:26:10-05:00,PUR_IED_SanIgnacioBosa_Ext_ef0ffc,PUR_IED_SanIgnacioBosa_Ext_ef0ffc,,,,,
2026-09-12T19:26:10-05:00,PUR_IED_SanJoseN_intS1101_31c47f,PUR_IED_SanJoseN_intS1101_31c47f,,,,,
2026-09-12T19:26:10-05:00,PUR_IED_SanJoseUsm_Exter_f5d7e8,PUR_IED_SanJoseUsm_Exter_f5d7e8,,,,,
2026-09-12T19:26:10-05:00,PUR_IED_SanJoseUsm_Int11A_cfdef6,PUR_IED_SanJoseUsm_Int11A_cfdef6,,,,,
2026-09-12T19:26:10-05:00,PUR_IED_SilveriaR_IntB5_905349,PUR_IED_SilveriaR_IntB5_905349,,,,,
2026-09-12T19:26:10-05:00,PUR_IED_SilveriaR_IntSD14_981f93,PUR_IED_SilveriaR_IntSD14_981f93,,,,,
2026-09-12T19:26:10-05:00,PUR_IED_SilveriaR_ext_2b651d,PUR_IED_SilveriaR_ext_2b651d,,,,,
2026-09-12T19:26:10-05:00,PUR_IED_SimonB_Exterior_913975,PUR_IED_SimonB_Exterior_913975,,,,,
2026-09-12T19:26:10-05:00,PUR_IED_SimonB_LabQuimi_c56908,PUR_IED_SimonB_LabQuimi_c56908,,,,,
2026-09-12T19:26:10-05:00,PUR_IED_SimonB_informatic_a28c1,PUR_IED_SimonB_informatic_a28c1,,,,,
2026-09-12T19:26:10-05:00,PUR_IED_Sorrento_1102_315f50,PUR_IED_Sorrento_1102_315f50,,,,,
2026-09-12T19:26:10-05:00,PUR_IED_Sorrento_Minte_214eab,PUR_IED_Sorrento_Minte_214eab,,,,,
2026-09-12T19:26:10-05:00,PUR_IED_Sorrento_ext_7c3a0a,PUR_IED_Sorrento_ext_7c3a0a,,,,,
2026-09-12T19:26:10-05:00,PUR_IED_Tabora_Ext_f048ae,PUR_IED_Tabora_Ext_f048ae,,,,,
2026-09-12T19:26:10-05:00,PUR_IED_Tabora_S1102_b07752,PUR_IED_Tabora_S1102_b07752,,,,,
2026-09-12T19:26:10-05:00,PUR_IED_Tabora_S1103_d988f5,PUR_IED_Tabora_S1103_d988f5,,,,,
2026-09-12T19:26:10-05:00,PUR_IED_Tenerife_Ext_1ab188,PUR_IED_Tenerife_Ext_1ab188,,,,,
2026-09-12T19:26:10-05:00,PUR_IED_Tenerife_SDanzas_7bc02e,PUR_IED_Tenerife_SDanzas_7bc02e,,,,,
2026-09-12T19:26:10-05:00,PUR_IED_Tenerife_SIngles_7cc277,PUR_IED_Tenerife_SIngles_7cc277,,,,,
2026-09-12T19:26:10-05:00,PUR_IED_Tibabuyes_Exter_f2683d,PUR_IED_Tibabuyes_Exter_f2683d,,,,,
2026-09-12T19:26:10-05:00,PUR_IED_Tibabuyes_S10_dc87a8,PUR_IED_Tibabuyes_S10_dc87a8,,,,,
2026-09-12T19:26:10-05:00,PUR_IED_Tibabuyes_S15_dc0526,PUR_IED_Tibabuyes_S15_dc0526,,,,,
2026-09-12T19:26:10-05:00,PUR_IED_UnionE_S301_a1043,PUR_IED_UnionE_S301_a1043,,,,,
2026-09-12T19:26:10-05:00,PUR_IED_UnionE_S307_ff6c2f,PUR_IED_UnionE_S307_ff6c2f,,,,,
2026-09-12T19:26:10-05:00,PUR_IED_UnionE__Ext_5e2468,PUR_IED_UnionE__Ext_5e2468,,,,,
2026-09-12T19:26:10-05:00,PUR_IED_VillaRica_Ext_75be7c,PUR_IED_VillaRica_Ext_75be7c,,,,,
2026-09-12T19:26:10-05:00,PUR_IED_VillaRica_S4_cc5dcd,PUR_IED_VillaRica_S4_cc5dcd,,,,,
2026-09-12T19:26:10-05:00,PUR_IED_VillaRica_Sesp_99f5c,PUR_IED_VillaRica_Sesp_99f5c,,,,,
2026-09-12T19:31:09-05:00,PUR_IED_20deJulio_1101_91b1b9,PUR_IED_20deJulio_1101_91b1b9,,,,,
2026-09-12T19:31:09-05:00,PUR_IED_20deJulio_1102_1cfcf9,PUR_IED_20deJulio_1102_1cfcf9,,,,,
2026-09-12T19:31:09-05:00,PUR_IED_20deJulio_Ext_ab60bd,PUR_IED_20deJulio_Ext_ab60bd,,,,,
2026-09-12T19:31:09-05:00,PUR_IED_AgustinFer_Ext_7b9b77,PUR_IED_AgustinFer_Ext_7b9b77,,,,,
2026-09-12T19:31:09-05:00,PUR_IED_AgustinFer_Info2_27b3a7,PUR_IED_AgustinFer_Info2_27b3a7,,,,,
2026-09-12T19:31:09-05:00,PUR_IED_AgustinFer_Sena_54b4eb,PUR_IED_AgustinFer_Sena_54b4eb,,,,,
2026-09-12T19:31:09-05:00,PUR_IED_AlexanderF_1102_caf07b,PUR_IED_AlexanderF_1102_caf07b,,,,,
2026-09-12T19:31:09-05:00,PUR_IED_AlexanderF_1103_c79e71,PUR_IED_AlexanderF_1103_c79e71,,,,,
2026-09-12T19:31:09-05:00,PUR_IED_AlexanderF_Ext_c5b18b,PUR_IED_AlexanderF_Ext_c5b18b,,,,,
2026-09-12T19:31:09-05:00,PUR_IED_AlfonsoLopez_Ext_281d77,PUR_IED_AlfonsoLopez_Ext_281d77,,,,,
2026-09-12T19:31:09-05:00,PUR_IED_AlfonsoLopez_LabF_888ce0,PUR_IED_AlfonsoLopez_LabF_888ce0,,,,,
2026-09-12T19:31:09-05:00,PUR_IED_AlfonsoLopez_SMed_df6a7f,PUR_IED_AlfonsoLopez_SMed_df6a7f,,,,,
2026-09-12T19:31:09-05:00,PUR_IED_AltamiraSO_A2_209f92,PUR_IED_AltamiraSO_A2_209f92,,,,,
2026-09-12T19:31:09-05:00,PUR_IED_AltamiraSO_Ext_186d66,PUR_IED_AltamiraSO_Ext_186d66,,,,,
2026-09-12T19:31:09-05:00,PUR_IED_AltamiraSO_Sistem_27afe1,PUR_IED_AltamiraSO_Sistem_27afe1,,,,,
2026-09-12T19:31:09-05:00,PUR_IED_AlvaroGom_LabQuim_813179,PUR_IED_AlvaroGom_LabQuim_813179,,,,,
2026-09-12T19:31:09-05:00,PUR_IED_AlvaroGomez_Ext_47c7ca,PUR_IED_AlvaroGomez_Ext_47c7ca,,,,,
2026-09-12T19:31:09-05:00,PUR_IED_AlvaroGomez_LabQuim_813179,PUR_IED_AlvaroGomez_LabQuim_813179,,,,,
2026-09-12T19:31:09-05:00,PUR_IED_AlvaroGomez_S23_7ba89f,PUR_IED_AlvaroGomez_S23_7ba89f,,,,,
2026-09-12T19:31:09-05:00,PUR_IED_Amistad_306_dc8728,PUR_IED_Amistad_306_dc8728,,,,,
2026-09-12T19:31:09-05:00,PUR_IED_Amistad_Ext_8cd55e,PUR_IED_Amistad_Ext_8cd55e,,,,,
2026-09-12T19:31:09-05:00,PUR_IED_Amistad_S202_a41169,PUR_IED_Amistad_S202_a41169,,,,,
2026-09-12T19:31:09-05:00,PUR_IED_AndresBello_Bio_fd5f5e,PUR_IED_AndresBello_Bio_fd5f5e,,,,,
2026-09-12T19:31:09-05:00,PUR_IED_AndresBello_ext_dcad65,PUR_IED_AndresBello_ext_dcad65,,,,,
2026-09-12T19:31:09-05:00,PUR_IED_AndresBello_port_eed3ec,PUR_IED_AndresBello_port_eed3ec,,,,,
2026-09-12T19:31:09-05:00,PUR_IED_AngelaR_11b_d90a6b,PUR_IED_AngelaR_11b_d90a6b,,,,,
2026-09-12T19:31:09-05:00,PUR_IED_AngelaR_ext_7cad3e,PUR_IED_AngelaR_ext_7cad3e,4,19,62,4.5825,-74.164497
2026-09-12T19:31:09-05:00,PUR_IED_AntJoseSucre_10mo_df2575,PUR_IED_AntJoseSucre_10mo_df2575,,,,,
2026-09-12T19:31:09-05:00,PUR_IED_AntJoseSucre_Ext_215b36,PUR_IED_AntJoseSucre_Ext_215b36,,,,,
2026-09-12T19:31:09-05:00,PUR_IED_AntJoseSucre_Lab_3139de,PUR_IED_AntJoseSucre_Lab_3139de,,,,,
2026-09-12T19:31:09-05:00,PUR_IED_AntonioGarcia_301_d6b188,PUR_IED_AntonioGarcia_301_d6b188,,,,,
2026-09-12T19:31:09-05:00,PUR_IED_AntonioGarcia_302_88a82,PUR_IED_AntonioGarcia_302_88a82,,,,,
2026-09-12T19:31:09-05:00,PUR_IED_AntonioGarcia_Ext_20950c,PUR_IED_AntonioGarcia_Ext_20950c,,,,,
2026-09-12T19:31:09-05:00,PUR_IED_AntonioVan_Aula2_6dea02,PUR_IED_AntonioVan_Aula2_6dea02,,,,,
2026-09-12T19:31:09-05:00,PUR_IED_AntonioVan_Aula5_f1557e,PUR_IED_AntonioVan_Aula5_f1557e,,,,,
2026-09-12T19:31:09-05:00,PUR_IED_AntonioVan_Ext_406f2f,PUR_IED_AntonioVan_Ext_406f2f,,,,,
2026-09-12T19:31:09-05:00,PUR_IED_Atabanzha_Ext_cc5af9,PUR_IED_Atabanzha_Ext_cc5af9,,,,,
2026-09-12T19:31:09-05:00,PUR_IED_Atabanzha_SA101_56c37,PUR_IED_Atabanzha_SA101_56c37,,,,,
2026-09-12T19:31:09-05:00,PUR_IED_Atabanzha_SB302_27b374,PUR_IED_Atabanzha_SB302_27b374,,,,,
2026-09-12T19:31:09-05:00,PUR_IED_Atahualpa_Ext_fc1748,PUR_IED_Atahualpa_Ext_fc1748,,,,,
2026-09-12T19:31:09-05:00,PUR_IED_Atahualpa_Informa_dc9a95,PUR_IED_Atahualpa_Informa_dc9a95,,,,,
2026-09-12T19:31:09-05:00,PUR_IED_Atahualpa_S1101_f98056,PUR_IED_Atahualpa_S1101_f98056,,,,,
2026-09-12T19:31:09-05:00,PUR_IED_Bellavista_Ext_f5aa74,PUR_IED_Bellavista_Ext_f5aa74,,,,,
2026-09-12T19:31:09-05:00,PUR_IED_Bilbao_11A_916c41,PUR_IED_Bilbao_11A_916c41,,,,,
2026-09-12T19:31:09-05:00,PUR_IED_Bilbao_Ext_fb579a,PUR_IED_Bilbao_Ext_fb579a,,,,,
2026-09-12T19:31:09-05:00,PUR_IED_BrasiliaU_A125_304280,PUR_IED_BrasiliaU_A125_304280,,,,,
2026-09-12T19:31:09-05:00,PUR_IED_BrasiliaU_A203_7c8ca5,PUR_IED_BrasiliaU_A203_7c8ca5,,,,,
2026-09-12T19:31:09-05:00,PUR_IED_BrasiliaU_Ext_8d6e9f,PUR_IED_BrasiliaU_Ext_8d6e9f,5,18,63,4.5175,-74.116302
2026-09-12T19:31:09-05:00,PUR_IED_Brasilia_Ext_fe6593,PUR_IED_Brasilia_Ext_fe6593,,,,,
2026-09-12T19:31:09-05:00,PUR_IED_Brasilia_S24_7c130d,PUR_IED_Brasilia_S24_7c130d,,,,,
2026-09-12T19:31:09-05:00,PUR_IED_Brasilia_S501_186a54,PUR_IED_Brasilia_S501_186a54,,,,,
2026-09-12T19:31:09-05:00,PUR_IED_CHARRY_EXT_f1d5cd,PUR_IED_CHARRY_EXT_f1d5cd,,,,,
2026-09-12T19:31:09-05:00,PUR_IED_CHARRY_INTDANZAS_7a08e6,PUR_IED_CHARRY_INTDANZAS_7a08e6,,,,,
2026-09-12T19:31:09-05:00,PUR_IED_CHARRY_INT_AULA20_dc998d,PUR_IED_CHARRY_INT_AULA20_dc998d,,,,,
2026-09-12T19:31:09-05:00,PUR_IED_COLVIV_1101_S25_7f520a,PUR_IED_COLVIV_1101_S25_7f520a,,,,,
2026-09-12T19:31:09-05:00,PUR_IED_COLVIV_1102_S16_f570ba,PUR_IED_COLVIV_1102_S16_f570ba,,,,,
2026-09-12T19:31:09-05:00,PUR_IED_COLVIV_Ext_1a26fa,PUR_IED_COLVIV_Ext_1a26fa,,,,,
2026-09-12T19:31:09-05:00,PUR_IED_CULPOP_301A_f660f3,PUR_IED_CULPOP_301A_f660f3,,,,,
2026-09-12T19:31:09-05:00,PUR_IED_CULPOP_303_568afe,PUR_IED_CULPOP_303_568afe,,,,,
2026-09-12T19:31:09-05:00,PUR_IED_CULPOP_Ext_e02ccb,PUR_IED_CULPOP_Ext_e02ccb,,,,,
2026-09-12T19:31:09-05:00,PUR_IED_CVillavicen_Ext_26eb58,PUR_IED_CVillavicen_Ext_26eb58,3,16,76,4.487,-74.102798
2026-09-12T19:31:09-05:00,PUR_IED_CVillavicen_Intel_1ce5c2,PUR_IED_CVillavicen_Intel_1ce5c2,,,,,
2026-09-12T19:31:09-05:00,PUR_IED_CVillavicen_Poliv_e0766c,PUR_IED_CVillavicen_Poliv_e0766c,,,,,
2026-09-12T19:31:09-05:00,PUR_IED_CVillavicen_int_1ba140,PUR_IED_CVillavicen_int_1ba140,,,,,
2026-09-12T19:31:09-05:00,PUR_IED_CVillavicen_intel_1ba140,PUR_IED_CVillavicen_intel_1ba140,,,,,
2026-09-12T19:31:09-05:00,PUR_IED_CarlosPizarro_Ext_e307cc,PUR_IED_CarlosPizarro_Ext_e307cc,,,,,
2026-09-12T19:31:09-05:00,PUR_IED_CarlosPizarro_L36_7e5cdb,PUR_IED_CarlosPizarro_L36_7e5cdb,,,,,
2026-09-12T19:31:09-05:00,PUR_IED_CarlosPizarro_L37_c8566c,PUR_IED_CarlosPizarro_L37_c8566c,,,,,
2026-09-12T19:31:09-05:00,PUR_IED_Castilla_Ext_cf35f,PUR_IED_Castilla_Ext_cf35f,,,,,
2026-09-12T19:31:09-05:00,PUR_IED_Castilla_SFisik_360e38,PUR_IED_Castilla_SFisik_360e38,,,,,
2026-09-12T19:31:09-05:00,PUR_IED_Castilla_Sc304_496fbf,PUR_IED_Castilla_Sc304_496fbf,,,,,
2026-09-12T19:31:09-05:00,PUR_IED_CervantesSa_Ext_6b57b,PUR_IED_CervantesSa_Ext_6b57b,5,19,67,4.5128,-74.117203
2026-09-12T19:31:09-05:00,PUR_IED_CervantesSa_S107_225c2b,PUR_IED_CervantesSa_S107_225c2b,,,,,
2026-09-12T19:31:09-05:00,PUR_IED_CervantesSa_S108_940925,PUR_IED_CervantesSa_S108_940925,,,,,
2026-09-12T19:31:09-05:00,PUR_IED_Charry_A20_f53e7c,PUR_IED_Charry_A20_f53e7c,,,,,
2026-09-12T19:31:09-05:00,PUR_IED_Charry_Ext_f1d5cd,PUR_IED_Charry_Ext_f1d5cd,,,,,
2026-09-12T19:31:09-05:00,PUR_IED_Charry_IntAula20_dc998d,PUR_IED_Charry_IntAula20_dc998d,,,,,
2026-09-12T19:31:09-05:00,PUR_IED_Charry_IntDanzas_7a08e6,PUR_IED_Charry_IntDanzas_7a08e6,,,,,
2026-09-12T19:31:09-05:00,PUR_IED_ClememciaC_203_43e2fc,PUR_IED_ClememciaC_203_43e2fc,,,,,
2026-09-12T19:31:09-05:00,PUR_IED_ClememciaC_Ext_1b411a,PUR_IED_ClememciaC_Ext_1b411a,,,,,
2026-09-12T19:31:09-05:00,PUR_IED_ClememciaC_Quimic_44b5fc,PUR_IED_ClememciaC_Quimic_44b5fc,,,,,
2026-09-12T19:31:09-05:00,PUR_IED_ClemenciaC_203_43e2fc,PUR_IED_ClemenciaC_203_43e2fc,,,,,
2026-09-12T19:31:09-05:00,PUR_IED_ClemenciaC_Ext_1b411a,PUR_IED_ClemenciaC_Ext_1b411a,,,,,
2026-09-12T19:31:09-05:00,PUR_IED_ClemenciaC_Quimic_44b5fc,PUR_IED_ClemenciaC_Quimic_44b5fc,,,,,
2026-09-12T19:31:09-05:00,PUR_IED_ColViva_1101_S25_7f520a,PUR_IED_ColViva_1101_S25_7f520a,,,,,
2026-09-12T19:31:09-05:00,PUR_IED_ColViva_1102_S16_f570ba,PUR_IED_ColViva_1102_S16_f570ba,,,,,
2026-09-12T19:31:09-05:00,PUR_IED_ColViva_Ext_1a26fa,PUR_IED_ColViva_Ext_1a26fa,,,,,
2026-09-12T19:31:09-05:00,PUR_IED_ColegioBici_Asist_7c8798,PUR_IED_ColegioBici_Asist_7c8798,,,,,
2026-09-12T19:31:09-05:00,PUR_IED_ColegioBici_Ext_25cbf6,PUR_IED_ColegioBici_Ext_25cbf6,,,,,
2026-09-12T19:31:09-05:00,PUR_IED_ColegioBici_LabQ_7b57db,PUR_IED_ColegioBici_LabQ_7b57db,,,,,
2026-09-12T19:31:09-05:00,PUR_IED_CostaRica_Ext_5e640,PUR_IED_CostaRica_Ext_5e640,,,,,
2026-09-12T19:31:09-05:00,PUR_IED_CostaRica_Quim1_766d1c,PUR_IED_CostaRica_Quim1_766d1c,,,,,
2026-09-12T19:31:09-05:00,PUR_IED_CostaRica__Fisica_6f0873,PUR_IED_CostaRica__Fisica_6f0873,,,,,
2026-09-12T19:31:09-05:00,PUR_IED_CulPopu_301A_f660f3,PUR_IED_CulPopu_301A_f660f3,,,,,
2026-09-12T19:31:09-05:00,PUR_IED_CulPopu_303_568afe,PUR_IED_CulPopu_303_568afe,,,,,
2026-09-12T19:31:09-05:00,PUR_IED_CulPopu_Ext_e02ccb,PUR_IED_CulPopu_Ext_e02ccb,,,,,
2026-09-12T19:31:09-05:00,PUR_IED_Cundinamarca_Ext_f15985,PUR_IED_Cundinamarca_Ext_f15985,,,,,
2026-09-12T19:31:09-05:00,PUR_IED_Cundinamarca_Info_7aa5d7,PUR_IED_Cundinamarca_Info_7aa5d7,,,,,
2026-09-12T19:31:09-05:00,PUR_IED_Cundinamarca_Tec2_f449c7,PUR_IED_Cundinamarca_Tec2_f449c7,,,,,
2026-09-12T19:31:09-05:00,PUR_IED_DiegoM_Aula1_27b314,PUR_IED_DiegoM_Aula1_27b314,,,,,
2026-09-12T19:31:09-05:00,PUR_IED_DiegoM_Ext_d80ac8,PUR_IED_DiegoM_Ext_d80ac8,,,,,
2026-09-12T19:31:09-05:00,PUR_IED_DiegoM_S25_da928f,PUR_IED_DiegoM_S25_da928f,,,,,
2026-09-12T19:31:09-05:00,PUR_IED_ELRODEO_360881,PUR_IED_ELRODEO_360881,,,,,
2026-09-12T19:31:09-05:00,PUR_IED_ELRODEO_ext_360881,PUR_IED_ELRODEO_ext_360881,,,,,
2026-09-12T19:31:09-05:00,PUR_IED_EduardoU_Ext_1c1969,PUR_IED_EduardoU_Ext_1c1969,,,,,
2026-09-12T19:31:09-05:00,PUR_IED_EduardoU_SCiencia_4dfb94,PUR_IED_EduardoU_SCiencia_4dfb94,,,,,
2026-09-12T19:31:09-05:00,PUR_IED_EduardoU_SQuimica_5a46e7,PUR_IED_EduardoU_SQuimica_5a46e7,,,,,
2026-09-12T19:31:09-05:00,PUR_IED_ElRodeo_Aula14_676984,PUR_IED_ElRodeo_Aula14_676984,,,,,
2026-09-12T19:31:09-05:00,PUR_IED_ElRodeo_Aula16_2dd35b,PUR_IED_ElRodeo_Aula16_2dd35b,,,,,
2026-09-12T19:31:09-05:00,PUR_IED_ElRodeo_Ext_360881,PUR_IED_ElRodeo_Ext_360881,,,,,
2026-09-12T19:31:09-05:00,PUR_IED_ElRodeo_Exterior_8c6d28,PUR_IED_ElRodeo_Exterior_8c6d28,,,,,
2026-09-12T19:31:09-05:00,PUR_IED_ElRodeo_ext_360881,PUR_IED_ElRodeo_ext_360881,,,,,
2026-09-12T19:31:09-05:00,PUR_IED_EmmaReyes_Ext_987625,PUR_IED_EmmaReyes_Ext_987625,3,21,51,4.6367,-74.1511
2026-09-12T19:31:09-05:00,PUR_IED_Ensueño_Ext_7f0250,PUR_IED_Ensueño_Ext_7f0250,,,,,
2026-09-12T19:31:09-05:00,PUR_IED_EscNormal_Ext_5fef3b,PUR_IED_EscNormal_Ext_5fef3b,2,19,57,4.5852,-74.096901
2026-09-12T19:31:09-05:00,PUR_IED_EscNormal_S309_5b263,PUR_IED_EscNormal_S309_5b263,,,,,
2026-09-12T19:31:09-05:00,PUR_IED_EscNormal_S310_27b3b8,PUR_IED_EscNormal_S310_27b3b8,,,,,
2026-09-12T19:31:09-05:00,PUR_IED_Evangelista_Conta_f6cd4f,PUR_IED_Evangelista_Conta_f6cd4f,,,,,
2026-09-12T19:31:09-05:00,PUR_IED_Evangelista_Cri_5e16a,PUR_IED_Evangelista_Cri_5e16a,,,,,
2026-09-12T19:31:09-05:00,PUR_IED_Evangelista_Exter_754066,PUR_IED_Evangelista_Exter_754066,,,,,
2026-09-12T19:31:09-05:00,PUR_IED_FMiranda_S209_5cc2a3,PUR_IED_FMiranda_S209_5cc2a3,,,,,
2026-09-12T19:31:09-05:00,PUR_IED_FMiranda_S303_19e344,PUR_IED_FMiranda_S303_19e344,,,,,
2026-09-12T19:31:09-05:00,PUR_IED_FMiranda_ext_f53e7c,PUR_IED_FMiranda_ext_f53e7c,,,,,
2026-09-12T19:31:09-05:00,PUR_IED_FabioLozano_Bibli_1cee05,PUR_IED_FabioLozano_Bibli_1cee05,,,,,
2026-09-12T19:31:09-05:00,PUR_IED_FabioLozano_Ext_6ea285,PUR_IED_FabioLozano_Ext_6ea285,,,,,
2026-09-12T19:31:09-05:00,PUR_IED_FabioLozano_SLudi_f09e1e,PUR_IED_FabioLozano_SLudi_f09e1e,,,,,
2026-09-12T19:31:09-05:00,PUR_IED_FaustinoS_Aula07_27a731,PUR_IED_FaustinoS_Aula07_27a731,,,,,
2026-09-12T19:31:09-05:00,PUR_IED_FaustinoS_Ext_7b936f,PUR_IED_FaustinoS_Ext_7b936f,,,,,
2026-09-12T19:31:09-05:00,PUR_IED_FaustinoS_Fisica_da2c60,PUR_IED_FaustinoS_Fisica_da2c60,,,,,
2026-09-12T19:31:09-05:00,PUR_IED_FeGarciaLo_Ext_dc68ee,PUR_IED_FeGarciaLo_Ext_dc68ee,,,,,
2026-09-12T19:31:09-05:00,PUR_IED_FeGarciaLo_SDanza_f70a59,PUR_IED_FeGarciaLo_SDanza_f70a59,,,,,
2026-09-12T19:31:09-05:00,PUR_IED_FeGarciaLo_SMusic_125cdd,PUR_IED_FeGarciaLo_SMusic_125cdd,,,,,
2026-09-12T19:31:09-05:00,PUR_IED_FederalAlema_Exte_50c345,PUR_IED_FederalAlema_Exte_50c345,,,,,
2026-09-12T19:31:09-05:00,PUR_IED_FederalAlema_S31_f18371,PUR_IED_FederalAlema_S31_f18371,,,,,
2026-09-12T19:31:09-05:00,PUR_IED_FederalAlema_S901_a62cd,PUR_IED_FederalAlema_S901_a62cd,,,,,
2026-09-12T19:31:09-05:00,PUR_IED_FilarmonicaS_A5_f35eb1,PUR_IED_FilarmonicaS_A5_f35eb1,,,,,
2026-09-12T19:31:09-05:00,PUR_IED_FilarmonicaS_Ext_8a3bde,PUR_IED_FilarmonicaS_Ext_8a3bde,,,,,
2026-09-12T19:31:09-05:00,PUR_IED_FilarmonicaS_Spol_406114,PUR_IED_FilarmonicaS_Spol_406114,,,,,
2026-09-12T19:31:09-05:00,PUR_IED_FlorentinoG_A13_d1fa59,PUR_IED_FlorentinoG_A13_d1fa59,,,,,
2026-09-12T19:31:09-05:00,PUR_IED_FlorentinoG_Ext_1ce6ce,PUR_IED_FlorentinoG_Ext_1ce6ce,,,,,
2026-09-12T19:31:09-05:00,PUR_IED_FlorentinoG_Idiom_a66aac,PUR_IED_FlorentinoG_Idiom_a66aac,,,,,
2026-09-12T19:31:09-05:00,PUR_IED_FranciscoMati_Ext_e3869d,PUR_IED_FranciscoMati_Ext_e3869d,,,,,
2026-09-12T19:31:09-05:00,PUR_IED_FranciscoMati_S13_f31c67,PUR_IED_FranciscoMati_S13_f31c67,,,,,
2026-09-12T19:31:09-05:00,PUR_IED_FranciscoMati_S14_97dead,PUR_IED_FranciscoMati_S14_97dead,,,,,
2026-09-12T19:31:09-05:00,PUR_IED_FranciscoPS_Ext_7bfa9a,PUR_IED_FranciscoPS_Ext_7bfa9a,2,20,58,4.5899,-74.110397
2026-09-12T19:31:09-05:00,PUR_IED_FranciscoPS_Infor_fb8f4c,PUR_IED_FranciscoPS_Infor_fb8f4c,,,,,
2026-09-12T19:31:09-05:00,PUR_IED_FranciscoPS_Quimi_94d39c,PUR_IED_FranciscoPS_Quimi_94d39c,,,,,
2026-09-12T19:31:09-05:00,PUR_IED_FranciscoP_LabQ_d7e148,PUR_IED_FranciscoP_LabQ_d7e148,,,,,
2026-09-12T19:31:09-05:00,PUR_IED_FranciscoP_S28_cf9b30,PUR_IED_FranciscoP_S28_cf9b30,,,,,
2026-09-12T19:31:09-05:00,PUR_IED_FranciscoP_ext_e2313,PUR_IED_FranciscoP_ext_e2313,,,,,
2026-09-12T19:31:09-05:00,PUR_IED_FriederichN_Ext_8ac92a,PUR_IED_FriederichN_Ext_8ac92a,,,,,
2026-09-12T19:31:09-05:00,PUR_IED_FriederichN_S301_dd7e5a,PUR_IED_FriederichN_S301_dd7e5a,,,,,
2026-09-12T19:31:09-05:00,PUR_IED_FriederichN_S308_761f4f,PUR_IED_FriederichN_S308_761f4f,,,,,
2026-09-12T19:31:09-05:00,PUR_IED_GSantander_Aula10_533dd7,PUR_IED_GSantander_Aula10_533dd7,,,,,
2026-09-12T19:31:09-05:00,PUR_IED_GSantander_Aula12_fd4e4f,PUR_IED_GSantander_Aula12_fd4e4f,,,,,
2026-09-12T19:31:09-05:00,PUR_IED_GSantander_Aula310_533dd7,PUR_IED_GSantander_Aula310_533dd7,,,,,
2026-09-12T19:31:09-05:00,PUR_IED_GSantander_Aula312_fd4e4f,PUR_IED_GSantander_Aula312_fd4e4f,,,,,
2026-09-12T19:31:09-05:00,PUR_IED_GSantander_Ext_5f66b0,PUR_IED_GSantander_Ext_5f66b0,,,,,
2026-09-12T19:31:09-05:00,PUR_IED_GYomasa_Ext_f6bea5,PUR_IED_GYomasa_Ext_f6bea5,,,,,
2026-09-12T19:31:09-05:00,PUR_IED_GYomasa_LBiol_2c41aa,PUR_IED_GYomasa_LBiol_2c41aa,,,,,
2026-09-12T19:31:09-05:00,PUR_IED_GYomasa_LQuim_33c80,PUR_IED_GYomasa_LQuim_33c80,,,,,
2026-09-12T19:31:09-05:00,PUR_IED_GabBetMejia_Cienc_5a99c,PUR_IED_GabBetMejia_Cienc_5a99c,,,,,
2026-09-12T19:31:09-05:00,PUR_IED_GabBetMejia_Ext_9153d0,PUR_IED_GabBetMejia_Ext_9153d0,,,,,
2026-09-12T19:31:09-05:00,PUR_IED_GabBetMejia_Lab_f55347,PUR_IED_GabBetMejia_Lab_f55347,,,,,
2026-09-12T19:31:09-05:00,PUR_IED_GabBetanMejia_Ext_9153d0,PUR_IED_GabBetanMejia_Ext_9153d0,,,,,
2026-09-12T19:31:09-05:00,PUR_IED_Gaitana_Aula13_7aac11,PUR_IED_Gaitana_Aula13_7aac11,,,,,
2026-09-12T19:31:09-05:00,PUR_IED_Gaitana_Ext_5fcf4,PUR_IED_Gaitana_Ext_5fcf4,,,,,
2026-09-12T19:31:09-05:00,PUR_IED_Gaitana_LabFisica_644448,PUR_IED_Gaitana_LabFisica_644448,,,,,
2026-09-12T19:31:09-05:00,PUR_IED_GenSantander_Dise_8ac858,PUR_IED_GenSantander_Dise_8ac858,,,,,
2026-09-12T19:31:09-05:00,PUR_IED_GenSantander_Ext_8d5dfe,PUR_IED_GenSantander_Ext_8d5dfe,,,,,
2026-09-12T19:31:09-05:00,PUR_IED_GenSantander_Info_6c25b,PUR_IED_GenSantander_Info_6c25b,,,,,
2026-09-12T19:31:09-05:00,PUR_IED_GustavoMo_Exterio_75e63d,PUR_IED_GustavoMo_Exterio_75e63d,,,,,
2026-09-12T19:31:09-05:00,PUR_IED_GustavoMo_LabFisi_224d37,PUR_IED_GustavoMo_LabFisi_224d37,,,,,
2026-09-12T19:31:09-05:00,PUR_IED_GustavoMo_S208_3e6918,PUR_IED_GustavoMo_S208_3e6918,,,,,
2026-09-12T19:31:09-05:00,PUR_IED_GustavoR_A02_8cd4a8,PUR_IED_GustavoR_A02_8cd4a8,,,,,
2026-09-12T19:31:09-05:00,PUR_IED_GustavoR_B11_5b0ed,PUR_IED_GustavoR_B11_5b0ed,,,,,
2026-09-12T19:31:09-05:00,PUR_IED_GustavoR_Ext_7a0c90,PUR_IED_GustavoR_Ext_7a0c90,,,,,
2026-09-12T19:31:09-05:00,PUR_IED_HernandoDuran_Ext_8cd82b,PUR_IED_HernandoDuran_Ext_8cd82b,,,,,
2026-09-12T19:31:09-05:00,PUR_IED_HernandoDuran_S24_2772c6,PUR_IED_HernandoDuran_S24_2772c6,,,,,
2026-09-12T19:31:09-05:00,PUR_IED_HernandoDuran_S30_f2de41,PUR_IED_HernandoDuran_S30_f2de41,,,,,
2026-09-12T19:31:09-05:00,PUR_IED_HolguInUr_S1101_8cd732,PUR_IED_HolguInUr_S1101_8cd732,,,,,
2026-09-12T19:31:09-05:00,PUR_IED_HolguinUr_Exter_ddae6d,PUR_IED_HolguinUr_Exter_ddae6d,,,,,
2026-09-12T19:31:09-05:00,PUR_IED_HolguinUr_LabQuim_92b952,PUR_IED_HolguinUr_LabQuim_92b952,,,,,
2026-09-12T19:31:09-05:00,PUR_IED_Isabel-II_Ext_5245cc,PUR_IED_Isabel-II_Ext_5245cc,4,20,57,4.6336,-74.153
2026-09-12T19:31:09-05:00,PUR_IED_Isabel-II_S_idiom_1c29aa,PUR_IED_Isabel-II_S_idiom_1c29aa,,,,,
2026-09-12T19:31:09-05:00,PUR_IED_Isabel-II_S_infor_fd741,PUR_IED_Isabel-II_S_infor_fd741,,,,,
2026-09-12T19:31:09-05:00,PUR_IED_IsidroSur_Exterio_5b90ea,PUR_IED_IsidroSur_Exterio_5b90ea,,,,,
2026-09-12T19:31:09-05:00,PUR_IED_IsidroSur_LabTec_56697a,PUR_IED_IsidroSur_LabTec_56697a,,,,,
2026-09-12T19:31:09-05:00,PUR_IED_IsidroSur_Robotic_b7c38f,PUR_IED_IsidroSur_Robotic_b7c38f,,,,,
2026-09-12T19:31:09-05:00,PUR_IED_IsmaelPerd_Ext_7b6672,PUR_IED_IsmaelPerd_Ext_7b6672,,,,,
2026-09-12T19:31:09-05:00,PUR_IED_IsmaelPerd_Inform_306540,PUR_IED_IsmaelPerd_Inform_306540,,,,,
2026-09-12T19:31:09-05:00,PUR_IED_IsmaelPerd_S30_2e2c83,PUR_IED_IsmaelPerd_S30_2e2c83,,,,,
2026-09-12T19:31:09-05:00,PUR_IED_JLozano_Exter_432910,PUR_IED_JLozano_Exter_432910,,,,,
2026-09-12T19:31:09-05:00,PUR_IED_JLozano_salaMulti_df5125,PUR_IED_JLozano_salaMulti_df5125,,,,,
2026-09-12T19:31:09-05:00,PUR_IED_JMCordoba_206_86f80b,PUR_IED_JMCordoba_206_86f80b,,,,,
2026-09-12T19:31:09-05:00,PUR_IED_JMCordoba_Ext_27ad97,PUR_IED_JMCordoba_Ext_27ad97,,,,,
2026-09-12T19:31:09-05:00,PUR_IED_JMCordoba_S310_d59ab4,PUR_IED_JMCordoba_S310_d59ab4,,,,,
2026-09-12T19:31:09-05:00,PUR_IED_Japon_Ext_549100,PUR_IED_Japon_Ext_549100,,,,,
2026-09-12T19:31:09-05:00,PUR_IED_Japon_Laboratorio_bec51d,PUR_IED_Japon_Laboratorio_bec51d,,,,,
2026-09-12T19:31:09-05:00,PUR_IED_Japon_informatica_d99327,PUR_IED_Japon_informatica_d99327,,,,,
2026-09-12T19:31:09-05:00,PUR_IED_Jazmin_Ext_d27bda,PUR_IED_Jazmin_Ext_d27bda,,,,,
2026-09-12T19:31:09-05:00,PUR_IED_Jazmin_Fisica_8d14d7,PUR_IED_Jazmin_Fisica_8d14d7,,,,,
2026-09-12T19:31:09-05:00,PUR_IED_Jazmin_Quimica_801cb5,PUR_IED_Jazmin_Quimica_801cb5,,,,,
2026-09-12T19:31:09-05:00,PUR_IED_JorgeGaitan_Exter_f098d1,PUR_IED_JorgeGaitan_Exter_f098d1,,,,,
2026-09-12T19:31:09-05:00,PUR_IED_JorgeGaitan_STec1_dc9d1d,PUR_IED_JorgeGaitan_STec1_dc9d1d,,,,,
2026-09-12T19:31:09-05:00,PUR_IED_JorgeGaitan_STec2_281e69,PUR_IED_JorgeGaitan_STec2_281e69,,,,,
2026-09-12T19:31:09-05:00,PUR_IED_JorgeSoto_Exterio_d9d0a2,PUR_IED_JorgeSoto_Exterio_d9d0a2,,,,,
2026-09-12T19:31:09-05:00,PUR_IED_JorgeSoto_LabFisi_209c54,PUR_IED_JorgeSoto_LabFisi_209c54,,,,,
2026-09-12T19:31:09-05:00,PUR_IED_JorgeSoto_S103_27b51a,PUR_IED_JorgeSoto_S103_27b51a,,,,,
2026-09-12T19:31:09-05:00,PUR_IED_JoseAcevedo_A02_e965eb,PUR_IED_JoseAcevedo_A02_e965eb,,,,,
2026-09-12T19:31:09-05:00,PUR_IED_JoseAcevedo_A07_dd5b4,PUR_IED_JoseAcevedo_A07_dd5b4,,,,,
2026-09-12T19:31:09-05:00,PUR_IED_JoseAcevedo_Ext_b47484,PUR_IED_JoseAcevedo_Ext_b47484,,,,,
2026-09-12T19:31:09-05:00,PUR_IED_JoseMarti_Exte_5b9bf,PUR_IED_JoseMarti_Exte_5b9bf,,,,,
2026-09-12T19:31:09-05:00,PUR_IED_JoseMarti_LabQuim_1c6c2d,PUR_IED_JoseMarti_LabQuim_1c6c2d,,,,,
2026-09-12T19:31:09-05:00,PUR_IED_JoseMarti_S_info_f5f177,PUR_IED_JoseMarti_S_info_f5f177,,,,,
2026-09-12T19:31:09-05:00,PUR_IED_Josejoaquin_Ext_dfc5dc,PUR_IED_Josejoaquin_Ext_dfc5dc,,,,,
2026-09-12T19:31:09-05:00,PUR_IED_Josejoaquin_S05_5b2a96,PUR_IED_Josejoaquin_S05_5b2a96,,,,,
2026-09-12T19:31:09-05:00,PUR_IED_Josejoaquin_S06_1ce7d2,PUR_IED_Josejoaquin_S06_1ce7d2,,,,,
2026-09-12T19:31:09-05:00,PUR_IED_JulioFlorez_Danza_9b82dd,PUR_IED_JulioFlorez_Danza_9b82dd,,,,,
2026-09-12T19:31:09-05:00,PUR_IED_JulioFlorez_Exter_f9f314,PUR_IED_JulioFlorez_Exter_f9f314,,,,,
2026-09-12T19:31:09-05:00,PUR_IED_JulioFlorez_info2_6b6e08,PUR_IED_JulioFlorez_info2_6b6e08,,,,,
2026-09-12T19:31:09-05:00,PUR_IED_LaBelleza_Aula13_1d00d8,PUR_IED_LaBelleza_Aula13_1d00d8,,,,,
2026-09-12T19:31:09-05:00,PUR_IED_LaBelleza_Ext_7bc08c,PUR_IED_LaBelleza_Ext_7bc08c,,,,,
2026-09-12T19:31:09-05:00,PUR_IED_LaChucua_Ext_8cd6d2,PUR_IED_LaChucua_Ext_8cd6d2,,,,,
2026-09-12T19:31:09-05:00,PUR_IED_LaChucua_S15_f578ce,PUR_IED_LaChucua_S15_f578ce,,,,,
2026-09-12T19:31:09-05:00,PUR_IED_LaChucua_S16_eebcf9,PUR_IED_LaChucua_S16_eebcf9,,,,,
2026-09-12T19:31:09-05:00,PUR_IED_LaFelicidad_Ext_fb5109,PUR_IED_LaFelicidad_Ext_fb5109,,,,,
2026-09-12T19:31:09-05:00,PUR_IED_LaMerced_206_66ebd,PUR_IED_LaMerced_206_66ebd,,,,,
2026-09-12T19:31:09-05:00,PUR_IED_LaMerced_207_6ebd6,PUR_IED_LaMerced_207_6ebd6,,,,,
2026-09-12T19:31:09-05:00,PUR_IED_LaMerced_ext_304311,PUR_IED_LaMerced_ext_304311,,,,,
2026-09-12T19:31:09-05:00,PUR_IED_Laureano_CiencNat_281e5e,PUR_IED_Laureano_CiencNat_281e5e,,,,,
2026-09-12T19:31:09-05:00,PUR_IED_Laureano_Comedor_f65c0a,PUR_IED_Laureano_Comedor_f65c0a,,,,,
2026-09-12T19:31:09-05:00,PUR_IED_Laureano_Exterior_7ab011,PUR_IED_Laureano_Exterior_7ab011,,,,,
2026-09-12T19:31:09-05:00,PUR_IED_LeonGreiff_Exte_dfe560,PUR_IED_LeonGreiff_Exte_dfe560,,,,,
2026-09-12T19:31:09-05:00,PUR_IED_LeonGreiff_S210_f264ed,PUR_IED_LeonGreiff_S210_f264ed,,,,,
2026-09-12T19:31:09-05:00,PUR_IED_LeonGreiff_SQuimi_e8296f,PUR_IED_LeonGreiff_SQuimi_e8296f,,,,,
2026-09-12T19:31:09-05:00,PUR_IED_LlanoOrientalS208_7b9fcd,PUR_IED_LlanoOrientalS208_7b9fcd,,,,,
2026-09-12T19:31:09-05:00,PUR_IED_LlanoOriental_Ext_fb3766,PUR_IED_LlanoOriental_Ext_fb3766,,,,,
2026-09-12T19:31:09-05:00,PUR_IED_LlanoOriental_S208_7b9fcd,PUR_IED_LlanoOriental_S208_7b9fcd,,,,,
2026-09-12T19:31:09-05:00,PUR_IED_LlanoOriental_S9_27b378,PUR_IED_LlanoOriental_S9_27b378,,,,,
2026-09-12T19:31:09-05:00,PUR_IED_LosTejares_1101_477602,PUR_IED_LosTejares_1101_477602,,,,,
2026-09-12T19:31:09-05:00,PUR_IED_LosTejares_11_d2c595,PUR_IED_LosTejares_11_d2c595,,,,,
2026-09-12T19:31:09-05:00,PUR_IED_LosTejares_12_477602,PUR_IED_LosTejares_12_477602,,,,,
2026-09-12T19:31:09-05:00,PUR_IED_LosTejares_Ext_8e2115,PUR_IED_LosTejares_Ext_8e2115,,,,,
2026-09-12T19:31:09-05:00,PUR_IED_MagdalenaO_B202_5ddda3,PUR_IED_MagdalenaO_B202_5ddda3,,,,,
2026-09-12T19:31:09-05:00,PUR_IED_MagdalenaO_B205_fb76e8,PUR_IED_MagdalenaO_B205_fb76e8,,,,,
2026-09-12T19:31:09-05:00,PUR_IED_MagdalenaO_ext_dc69cd,PUR_IED_MagdalenaO_ext_dc69cd,,,,,
2026-09-12T19:31:09-05:00,PUR_IED_ManueCepeda_artes_eee956,PUR_IED_ManueCepeda_artes_eee956,,,,,
2026-09-12T19:31:09-05:00,PUR_IED_ManuelCepeda_Ext_58313,PUR_IED_ManuelCepeda_Ext_58313,,,,,
2026-09-12T19:31:09-05:00,PUR_IED_ManuelCepeda_tec_1c5731,PUR_IED_ManuelCepeda_tec_1c5731,,,,,
2026-09-12T19:31:09-05:00,PUR_IED_ManuelS_Exterior_5b269,PUR_IED_ManuelS_Exterior_5b269,,,,,
2026-09-12T19:31:09-05:00,PUR_IED_ManuelS_Inform_f369ce,PUR_IED_ManuelS_Inform_f369ce,,,,,
2026-09-12T19:31:09-05:00,PUR_IED_ManuelS_SArtes_7d15f1,PUR_IED_ManuelS_SArtes_7d15f1,,,,,
2026-09-12T19:31:09-05:00,PUR_IED_ManuelZapata_303_3ca6,PUR_IED_ManuelZapata_303_3ca6,,,,,
2026-09-12T19:31:09-05:00,PUR_IED_ManuelZapata_311_bfbabc,PUR_IED_ManuelZapata_311_bfbabc,,,,,
2026-09-12T19:31:09-05:00,PUR_IED_ManuelZapata_Ext_50824a,PUR_IED_ManuelZapata_Ext_50824a,,,,,
2026-09-12T19:31:09-05:00,PUR_IED_ManuelitaS_Exteri_656a92,PUR_IED_ManuelitaS_Exteri_656a92,,,,,
2026-09-12T19:31:09-05:00,PUR_IED_ManuelitaS_JuzgDe_f58ec3,PUR_IED_ManuelitaS_JuzgDe_f58ec3,,,,,
2026-09-12T19:31:09-05:00,PUR_IED_ManuelitaS_Recrea_d793db,PUR_IED_ManuelitaS_Recrea_d793db,,,,,
2026-09-12T19:31:09-05:00,PUR_IED_MarFidSuarez_Ext_c27b19,PUR_IED_MarFidSuarez_Ext_c27b19,,,,,
2026-09-12T19:31:09-05:00,PUR_IED_MarFidSuarez_Info_e384d7,PUR_IED_MarFidSuarez_Info_e384d7,,,,,
2026-09-12T19:31:09-05:00,PUR_IED_MarFidSuarez_S306_1d0032,PUR_IED_MarFidSuarez_S306_1d0032,,,,,
2026-09-12T19:31:09-05:00,PUR_IED_Menorah_301_2a25a3,PUR_IED_Menorah_301_2a25a3,,,,,
2026-09-12T19:31:09-05:00,PUR_IED_Menorah_306_37ed3,PUR_IED_Menorah_306_37ed3,,,,,
2026-09-12T19:31:09-05:00,PUR_IED_Menorah_Ext_3e155b,PUR_IED_Menorah_Ext_3e155b,,,,,
2026-09-12T19:31:09-05:00,PUR_IED_MinutoB.Aires_A11_1b1604,PUR_IED_MinutoB.Aires_A11_1b1604,,,,,
2026-09-12T19:31:09-05:00,PUR_IED_MinutoB.Aires_A12_fb5860,PUR_IED_MinutoB.Aires_A12_fb5860,,,,,
2026-09-12T19:31:09-05:00,PUR_IED_MinutoB.Aires_Ext_81293f,PUR_IED_MinutoB.Aires_Ext_81293f,,,,,
2026-09-12T19:31:09-05:00,PUR_IED_MinutoBAires_A11_1b1604,PUR_IED_MinutoBAires_A11_1b1604,,,,,
2026-09-12T19:31:09-05:00,PUR_IED_MinutoBAires_A12_fb5860,PUR_IED_MinutoBAires_A12_fb5860,,,,,
2026-09-12T19:31:09-05:00,PUR_IED_MinutoBAires_Ext_81293f,PUR_IED_MinutoBAires_Ext_81293f,,,,,
2026-09-12T19:31:09-05:00,PUR_IED_Montreal_Aula10_1e4959,PUR_IED_Montreal_Aula10_1e4959,,,,,
2026-09-12T19:31:09-05:00,PUR_IED_Montreal_Aula6_300367,PUR_IED_Montreal_Aula6_300367,,,,,
2026-09-12T19:31:09-05:00,PUR_IED_Montreal_Exterior_91a179,PUR_IED_Montreal_Exterior_91a179,,,,,
2026-09-12T19:31:09-05:00,PUR_IED_Mqgdalena_B202_5ddda3,PUR_IED_Mqgdalena_B202_5ddda3,,,,,
2026-09-12T19:31:09-05:00,PUR_IED_NACUND_Soc_dc8728,PUR_IED_NACUND_Soc_dc8728,,,,,
2026-09-12T19:31:09-05:00,PUR_IED_NACUND_ext_27ad97,PUR_IED_NACUND_ext_27ad97,,,,,
2026-09-12T19:31:09-05:00,PUR_IED_NEsperanza_Ext_d24b61,PUR_IED_NEsperanza_Ext_d24b61,,,,,
2026-09-12T19:31:09-05:00,PUR_IED_NEsperanza_SElect_7d1807,PUR_IED_NEsperanza_SElect_7d1807,,,,,
2026-09-12T19:31:09-05:00,PUR_IED_NEsperanza_SLabor_8b2d0a,PUR_IED_NEsperanza_SLabor_8b2d0a,,,,,
2026-09-12T19:31:09-05:00,PUR_IED_NacionesU_Ext_f661a9,PUR_IED_NacionesU_Ext_f661a9,,,,,
2026-09-12T19:31:09-05:00,PUR_IED_NacionesU_Quimica_66f0a,PUR_IED_NacionesU_Quimica_66f0a,,,,,
2026-09-12T19:31:09-05:00,PUR_IED_NacionesU_S306_1b4b3d,PUR_IED_NacionesU_S306_1b4b3d,,,,,
2026-09-12T19:31:09-05:00,PUR_IED_NestorFA_Ext_e4201c,PUR_IED_NestorFA_Ext_e4201c,,,,,
2026-09-12T19:31:09-05:00,PUR_IED_NestorFA_Laborato_f22fe0,PUR_IED_NestorFA_Laborato_f22fe0,,,,,
2026-09-12T19:31:09-05:00,PUR_IED_NestorFA_S204_dee996,PUR_IED_NestorFA_S204_dee996,,,,,
2026-09-12T19:31:09-05:00,PUR_IED_NidyaQT_Aula03_76999b,PUR_IED_NidyaQT_Aula03_76999b,,,,,
2026-09-12T19:31:09-05:00,PUR_IED_NidyaQT_Aula10_56325,PUR_IED_NidyaQT_Aula10_56325,,,,,
2026-09-12T19:31:09-05:00,PUR_IED_NidyaQT_Ext_46e32d,PUR_IED_NidyaQT_Ext_46e32d,,,,,
2026-09-12T19:31:09-05:00,PUR_IED_NuevaCol_Exterior_d9b859,PUR_IED_NuevaCol_Exterior_d9b859,,,,,
2026-09-12T19:31:09-05:00,PUR_IED_NuevaCol_S1101_76c43b,PUR_IED_NuevaCol_S1101_76c43b,,,,,
2026-09-12T19:31:09-05:00,PUR_IED_NuevaCol_S1102_1ce0b5,PUR_IED_NuevaCol_S1102_1ce0b5,,,,,
2026-09-12T19:31:09-05:00,PUR_IED_OEA_A202_f7e3f2,PUR_IED_OEA_A202_f7e3f2,,,,,
2026-09-12T19:31:09-05:00,PUR_IED_OEA_A203_7d1b8d,PUR_IED_OEA_A203_7d1b8d,,,,,
2026-09-12T19:31:09-05:00,PUR_IED_OEA_Ext_27b593,PUR_IED_OEA_Ext_27b593,,,,,
2026-09-12T19:31:09-05:00,PUR_IED_Ochoa_Ext_1c29da,PUR_IED_Ochoa_Ext_1c29da,,,,,
2026-09-12T19:31:09-05:00,PUR_IED_Ochoa_S205_8b1121,PUR_IED_Ochoa_S205_8b1121,,,,,
2026-09-12T19:31:09-05:00,PUR_IED_Ochoa_Sistemas_f33af6,PUR_IED_Ochoa_Sistemas_f33af6,,,,,
2026-09-12T19:31:09-05:00,PUR_IED_PQuebec_Ext_1c67c7,PUR_IED_PQuebec_Ext_1c67c7,,,,,
2026-09-12T19:31:09-05:00,PUR_IED_PQuebec_S15_23e8e2,PUR_IED_PQuebec_S15_23e8e2,,,,,
2026-09-12T19:31:09-05:00,PUR_IED_PQuebec_S16_8ec76b,PUR_IED_PQuebec_S16_8ec76b,,,,,
2026-09-12T19:31:09-05:00,PUR_IED_PabloN_Ext_49dc96,PUR_IED_PabloN_Ext_49dc96,,,,,
2026-09-12T19:31:09-05:00,PUR_IED_PabloN_S1102_4e3df5,PUR_IED_PabloN_S1102_4e3df5,,,,,
2026-09-12T19:31:09-05:00,PUR_IED_PabloN_S1103_50c94b,PUR_IED_PabloN_S1103_50c94b,,,,,
2026-09-12T19:31:09-05:00,PUR_IED_Palestina_S1101_db9198,PUR_IED_Palestina_S1101_db9198,,,,,
2026-09-12T19:31:09-05:00,PUR_IED_Palestina_S1102_dc54fa,PUR_IED_Palestina_S1102_dc54fa,,,,,
2026-09-12T19:31:09-05:00,PUR_IED_Palestina_ext_4ccce6,PUR_IED_Palestina_ext_4ccce6,,,,,
2026-09-12T19:31:09-05:00,PUR_IED_Panama_Fisica_4d0794,PUR_IED_Panama_Fisica_4d0794,,,,,
2026-09-12T19:31:09-05:00,PUR_IED_Panama_SIngles_a4077e,PUR_IED_Panama_SIngles_a4077e,,,,,
2026-09-12T19:31:09-05:00,PUR_IED_Panama_ext_4c54b4,PUR_IED_Panama_ext_4c54b4,,,,,
2026-09-12T19:31:09-05:00,PUR_IED_ParaisoM_Exterior_8cd7f0,PUR_IED_ParaisoM_Exterior_8cd7f0,,,,,
2026-09-12T19:31:09-05:00,PUR_IED_ParaisoM_Laborato_27af35,PUR_IED_ParaisoM_Laborato_27af35,,,,,
2026-09-12T19:31:09-05:00,PUR_IED_ParaisoM_S304_d1edca,PUR_IED_ParaisoM_S304_d1edca,,,,,
2026-09-12T19:31:09-05:00,PUR_IED_PorfirioBarba_Ext_301466,PUR_IED_PorfirioBarba_Ext_301466,,,,,
2026-09-12T19:31:09-05:00,PUR_IED_PorfirioBarba_S11_df6cd2,PUR_IED_PorfirioBarba_S11_df6cd2,,,,,
2026-09-12T19:31:09-05:00,PUR_IED_PorfirioBarba_S29_27a7d6,PUR_IED_PorfirioBarba_S29_27a7d6,,,,,
2026-09-12T19:31:09-05:00,PUR_IED_PradoV_Exter_8b27ad,PUR_IED_PradoV_Exter_8b27ad,,,,,
2026-09-12T19:31:09-05:00,PUR_IED_PradoV_S301_de65b5,PUR_IED_PradoV_S301_de65b5,,,,,
2026-09-12T19:31:09-05:00,PUR_IED_PradoV_S302_7d2593,PUR_IED_PradoV_S302_7d2593,,,,,
2026-09-12T19:31:09-05:00,PUR_IED_QuirogaAlz_Ext_1ddc82,PUR_IED_QuirogaAlz_Ext_1ddc82,,,,,
2026-09-12T19:31:09-05:00,PUR_IED_QuirogaAlz_S302_9926a3,PUR_IED_QuirogaAlz_S302_9926a3,,,,,
2026-09-12T19:31:09-05:00,PUR_IED_QuirogaAlz_S305_cdf1f1,PUR_IED_QuirogaAlz_S305_cdf1f1,,,,,
2026-09-12T19:31:09-05:00,PUR_IED_RGuatemala_Biling_dc53b7,PUR_IED_RGuatemala_Biling_dc53b7,,,,,
2026-09-12T19:31:09-05:00,PUR_IED_RGuatemala_Ext_1b89a3,PUR_IED_RGuatemala_Ext_1b89a3,,,,,
2026-09-12T19:31:09-05:00,PUR_IED_RGuatemala_Tecnol_281a34,PUR_IED_RGuatemala_Tecnol_281a34,,,,,
2026-09-12T19:31:09-05:00,PUR_IED_RafaNu_Ext_f7c302,PUR_IED_RafaNu_Ext_f7c302,,,,,
2026-09-12T19:31:09-05:00,PUR_IED_RafaNu_S1101_25fde,PUR_IED_RafaNu_S1101_25fde,,,,,
2026-09-12T19:31:09-05:00,PUR_IED_RafaNu_S1102_281517,PUR_IED_RafaNu_S1102_281517,,,,,
2026-09-12T19:31:09-05:00,PUR_IED_RafaelB_S305_ee2783,PUR_IED_RafaelB_S305_ee2783,,,,,
2026-09-12T19:31:09-05:00,PUR_IED_RafaelB_S306_75fe33,PUR_IED_RafaelB_S306_75fe33,,,,,
2026-09-12T19:31:09-05:00,PUR_IED_RafaelB_ext_283336,PUR_IED_RafaelB_ext_283336,,,,,
2026-09-12T19:31:09-05:00,PUR_IED_RafaelUU_Exterior_281a51,PUR_IED_RafaelUU_Exterior_281a51,,,,,
2026-09-12T19:31:09-05:00,PUR_IED_RafaelUU_Human_806b2,PUR_IED_RafaelUU_Human_806b2,,,,,
2026-09-12T19:31:09-05:00,PUR_IED_RafaelUU_Mate2_5680d4,PUR_IED_RafaelUU_Mate2_5680d4,,,,,
2026-09-12T19:31:09-05:00,PUR_IED_RamonSub_Ext_f9eeb9,PUR_IED_RamonSub_Ext_f9eeb9,,,,,
2026-09-12T19:31:09-05:00,PUR_IED_RamonSub_Media_d1f62f,PUR_IED_RamonSub_Media_d1f62f,,,,,
2026-09-12T19:31:09-05:00,PUR_IED_RamonSub_planta_51b82,PUR_IED_RamonSub_planta_51b82,,,,,
2026-09-12T19:31:09-05:00,PUR_IED_RepBoliVene_Exter_27af7c,PUR_IED_RepBoliVene_Exter_27af7c,,,,,
2026-09-12T19:31:09-05:00,PUR_IED_RepBoliVene_SCPT_5ae2ee,PUR_IED_RepBoliVene_SCPT_5ae2ee,,,,,
2026-09-12T19:31:09-05:00,PUR_IED_RepBoliVene_Socia_4b11d5,PUR_IED_RepBoliVene_Socia_4b11d5,,,,,
2026-09-12T19:31:09-05:00,PUR_IED_RepChina_Ext_76d9ee,PUR_IED_RepChina_Ext_76d9ee,,,,,
2026-09-12T19:31:09-05:00,PUR_IED_RepChina_S404_7c804c,PUR_IED_RepChina_S404_7c804c,,,,,
2026-09-12T19:31:09-05:00,PUR_IED_RepChina_S405_df2c33,PUR_IED_RepChina_S405_df2c33,,,,,
2026-09-12T19:31:09-05:00,PUR_IED_RepublicaC_Exteri_7d1ec9,PUR_IED_RepublicaC_Exteri_7d1ec9,,,,,
2026-09-12T19:31:09-05:00,PUR_IED_RepublicaC_S1101_f544b3,PUR_IED_RepublicaC_S1101_f544b3,,,,,
2026-09-12T19:31:09-05:00,PUR_IED_RepublicaC_S1102_7aafc7,PUR_IED_RepublicaC_S1102_7aafc7,,,,,
2026-09-12T19:31:09-05:00,PUR_IED_Ricaurte_Externo_a0ea1,PUR_IED_Ricaurte_Externo_a0ea1,,,,,
2026-09-12T19:31:09-05:00,PUR_IED_Ricaurte_S210_f546fd,PUR_IED_Ricaurte_S210_f546fd,,,,,
2026-09-12T19:31:09-05:00,PUR_IED_Ricaurte_S309_d4452,PUR_IED_Ricaurte_S309_d4452,,,,,
2026-09-12T19:31:09-05:00,PUR_IED_RogelioS_1102_531e69,PUR_IED_RogelioS_1102_531e69,,,,,
2026-09-12T19:31:09-05:00,PUR_IED_RogelioS_Ext_f25a18,PUR_IED_RogelioS_Ext_f25a18,,,,,
2026-09-12T19:31:09-05:00,PUR_IED_SBernardino_Ext_27aff8,PUR_IED_SBernardino_Ext_27aff8,,,,,
2026-09-12T19:31:09-05:00,PUR_IED_SBernardino_SArte_2ffd33,PUR_IED_SBernardino_SArte_2ffd33,,,,,
2026-09-12T19:31:09-05:00,PUR_IED_SBernardino_SIngl_7c7da5,PUR_IED_SBernardino_SIngl_7c7da5,,,,,
2026-09-12T19:31:09-05:00,PUR_IED_Sago_auditorio_dc9d1d,PUR_IED_Sago_auditorio_dc9d1d,,,,,
2026-09-12T19:31:09-05:00,PUR_IED_Saludcoop_Ext_95aac3,PUR_IED_Saludcoop_Ext_95aac3,,,,,
2026-09-12T19:31:09-05:00,PUR_IED_Saludcoop_InfI_90c854,PUR_IED_Saludcoop_InfI_90c854,,,,,
2026-09-12T19:31:09-05:00,PUR_IED_Saludcoop_SMedia_1b93be,PUR_IED_Saludcoop_SMedia_1b93be,,,,,
2026-09-12T19:31:09-05:00,PUR_IED_SanCarlos_1101_1a2360,PUR_IED_SanCarlos_1101_1a2360,,,,,
2026-09-12T19:31:09-05:00,PUR_IED_SanCarlos_1103_7bafb5,PUR_IED_SanCarlos_1103_7bafb5,,,,,
2026-09-12T19:31:09-05:00,PUR_IED_SanCarlos_Ext_b7cd1,PUR_IED_SanCarlos_Ext_b7cd1,,,,,
2026-09-12T19:31:09-05:00,PUR_IED_SanIgnacioBosa11a_50c26e,PUR_IED_SanIgnacioBosa11a_50c26e,,,,,
2026-09-12T19:31:09-05:00,PUR_IED_SanIgnacioBosa11b_371de8,PUR_IED_SanIgnacioBosa11b_371de8,,,,,
2026-09-12T19:31:09-05:00,PUR_IED_SanIgnacioBosaExt_ef0ffc,PUR_IED_SanIgnacioBosaExt_ef0ffc,,,,,
2026-09-12T19:31:09-05:00,PUR_IED_SanIgnacioBosa_11a_50c26e,PUR_IED_SanIgnacioBosa_11a_50c26e,,,,,
2026-09-12T19:31:09-05:00,PUR_IED_SanIgnacioBosa_Ext_ef0ffc,PUR_IED_SanIgnacioBosa_Ext_ef0ffc,,,,,
2026-09-12T19:31:09-05:00,PUR_IED_SanJoseN_intS1101_31c47f,PUR_IED_SanJoseN_intS1101_31c47f,,,,,
2026-09-12T19:31:09-05:00,PUR_IED_SanJoseUsm_Exter_f5d7e8,PUR_IED_SanJoseUsm_Exter_f5d7e8,,,,,
2026-09-12T19:31:09-05:00,PUR_IED_SanJoseUsm_Int11A_cfdef6,PUR_IED_SanJoseUsm_Int11A_cfdef6,,,,,
2026-09-12T19:31:09-05:00,PUR_IED_SilveriaR_IntB5_905349,PUR_IED_SilveriaR_IntB5_905349,,,,,
2026-09-12T19:31:09-05:00,PUR_IED_SilveriaR_IntSD14_981f93,PUR_IED_SilveriaR_IntSD14_981f93,,,,,
2026-09-12T19:31:09-05:00,PUR_IED_SilveriaR_ext_2b651d,PUR_IED_SilveriaR_ext_2b651d,,,,,
2026-09-12T19:31:09-05:00,PUR_IED_SimonB_Exterior_913975,PUR_IED_SimonB_Exterior_913975,,,,,
2026-09-12T19:31:09-05:00,PUR_IED_SimonB_LabQuimi_c56908,PUR_IED_SimonB_LabQuimi_c56908,,,,,
2026-09-12T19:31:09-05:00,PUR_IED_SimonB_informatic_a28c1,PUR_IED_SimonB_informatic_a28c1,,,,,
2026-09-12T19:31:09-05:00,PUR_IED_Sorrento_1102_315f50,PUR_IED_Sorrento_1102_315f50,,,,,
2026-09-12T19:31:09-05:00,PUR_IED_Sorrento_Minte_214eab,PUR_IED_Sorrento_Minte_214eab,,,,,
2026-09-12T19:31:09-05:00,PUR_IED_Sorrento_ext_7c3a0a,PUR_IED_Sorrento_ext_7c3a0a,,,,,
2026-09-12T19:31:09-05:00,PUR_IED_Tabora_Ext_f048ae,PUR_IED_Tabora_Ext_f048ae,,,,,
2026-09-12T19:31:09-05:00,PUR_IED_Tabora_S1102_b07752,PUR_IED_Tabora_S1102_b07752,,,,,
2026-09-12T19:31:09-05:00,PUR_IED_Tabora_S1103_d988f5,PUR_IED_Tabora_S1103_d988f5,,,,,
2026-09-12T19:31:09-05:00,PUR_IED_Tenerife_Ext_1ab188,PUR_IED_Tenerife_Ext_1ab188,,,,,
2026-09-12T19:31:09-05:00,PUR_IED_Tenerife_SDanzas_7bc02e,PUR_IED_Tenerife_SDanzas_7bc02e,,,,,
2026-09-12T19:31:09-05:00,PUR_IED_Tenerife_SIngles_7cc277,PUR_IED_Tenerife_SIngles_7cc277,,,,,
2026-09-12T19:31:09-05:00,PUR_IED_Tibabuyes_Exter_f2683d,PUR_IED_Tibabuyes_Exter_f2683d,,,,,
2026-09-12T19:31:09-05:00,PUR_IED_Tibabuyes_S10_dc87a8,PUR_IED_Tibabuyes_S10_dc87a8,,,,,
2026-09-12T19:31:09-05:00,PUR_IED_Tibabuyes_S15_dc0526,PUR_IED_Tibabuyes_S15_dc0526,,,,,
2026-09-12T19:31:09-05:00,PUR_IED_UnionE_S301_a1043,PUR_IED_UnionE_S301_a1043,,,,,
2026-09-12T19:31:09-05:00,PUR_IED_UnionE_S307_ff6c2f,PUR_IED_UnionE_S307_ff6c2f,,,,,
2026-09-12T19:31:09-05:00,PUR_IED_UnionE__Ext_5e2468,PUR_IED_UnionE__Ext_5e2468,,,,,
2026-09-12T19:31:09-05:00,PUR_IED_VillaRica_Ext_75be7c,PUR_IED_VillaRica_Ext_75be7c,,,,,
2026-09-12T19:31:09-05:00,PUR_IED_VillaRica_S4_cc5dcd,PUR_IED_VillaRica_S4_cc5dcd,,,,,
2026-09-12T19:31:09-05:00,PUR_IED_VillaRica_Sesp_99f5c,PUR_IED_VillaRica_Sesp_99f5c,,,,,
2026-09-12T19:36:07-05:00,PUR_IED_20deJulio_1101_91b1b9,PUR_IED_20deJulio_1101_91b1b9,,,,,
2026-09-12T19:36:07-05:00,PUR_IED_20deJulio_1102_1cfcf9,PUR_IED_20deJulio_1102_1cfcf9,,,,,
2026-09-12T19:36:07-05:00,PUR_IED_20deJulio_Ext_ab60bd,PUR_IED_20deJulio_Ext_ab60bd,,,,,
2026-09-12T19:36:07-05:00,PUR_IED_AgustinFer_Ext_7b9b77,PUR_IED_AgustinFer_Ext_7b9b77,,,,,
2026-09-12T19:36:07-05:00,PUR_IED_AgustinFer_Info2_27b3a7,PUR_IED_AgustinFer_Info2_27b3a7,,,,,
2026-09-12T19:36:07-05:00,PUR_IED_AgustinFer_Sena_54b4eb,PUR_IED_AgustinFer_Sena_54b4eb,,,,,
2026-09-12T19:36:07-05:00,PUR_IED_AlexanderF_1102_caf07b,PUR_IED_AlexanderF_1102_caf07b,,,,,
2026-09-12T19:36:07-05:00,PUR_IED_AlexanderF_1103_c79e71,PUR_IED_AlexanderF_1103_c79e71,,,,,
2026-09-12T19:36:07-05:00,PUR_IED_AlexanderF_Ext_c5b18b,PUR_IED_AlexanderF_Ext_c5b18b,,,,,
2026-09-12T19:36:07-05:00,PUR_IED_AlfonsoLopez_Ext_281d77,PUR_IED_AlfonsoLopez_Ext_281d77,,,,,
2026-09-12T19:36:07-05:00,PUR_IED_AlfonsoLopez_LabF_888ce0,PUR_IED_AlfonsoLopez_LabF_888ce0,,,,,
2026-09-12T19:36:07-05:00,PUR_IED_AlfonsoLopez_SMed_df6a7f,PUR_IED_AlfonsoLopez_SMed_df6a7f,,,,,
2026-09-12T19:36:07-05:00,PUR_IED_AltamiraSO_A2_209f92,PUR_IED_AltamiraSO_A2_209f92,,,,,
2026-09-12T19:36:07-05:00,PUR_IED_AltamiraSO_Ext_186d66,PUR_IED_AltamiraSO_Ext_186d66,,,,,
2026-09-12T19:36:07-05:00,PUR_IED_AltamiraSO_Sistem_27afe1,PUR_IED_AltamiraSO_Sistem_27afe1,,,,,
2026-09-12T19:36:07-05:00,PUR_IED_AlvaroGom_LabQuim_813179,PUR_IED_AlvaroGom_LabQuim_813179,,,,,
2026-09-12T19:36:07-05:00,PUR_IED_AlvaroGomez_Ext_47c7ca,PUR_IED_AlvaroGomez_Ext_47c7ca,,,,,
2026-09-12T19:36:07-05:00,PUR_IED_AlvaroGomez_LabQuim_813179,PUR_IED_AlvaroGomez_LabQuim_813179,,,,,
2026-09-12T19:36:07-05:00,PUR_IED_AlvaroGomez_S23_7ba89f,PUR_IED_AlvaroGomez_S23_7ba89f,,,,,
2026-09-12T19:36:07-05:00,PUR_IED_Amistad_306_dc8728,PUR_IED_Amistad_306_dc8728,,,,,
2026-09-12T19:36:07-05:00,PUR_IED_Amistad_Ext_8cd55e,PUR_IED_Amistad_Ext_8cd55e,,,,,
2026-09-12T19:36:07-05:00,PUR_IED_Amistad_S202_a41169,PUR_IED_Amistad_S202_a41169,,,,,
2026-09-12T19:36:07-05:00,PUR_IED_AndresBello_Bio_fd5f5e,PUR_IED_AndresBello_Bio_fd5f5e,,,,,
2026-09-12T19:36:07-05:00,PUR_IED_AndresBello_ext_dcad65,PUR_IED_AndresBello_ext_dcad65,,,,,
2026-09-12T19:36:07-05:00,PUR_IED_AndresBello_port_eed3ec,PUR_IED_AndresBello_port_eed3ec,,,,,
2026-09-12T19:36:07-05:00,PUR_IED_AngelaR_11b_d90a6b,PUR_IED_AngelaR_11b_d90a6b,,,,,
2026-09-12T19:36:07-05:00,PUR_IED_AngelaR_ext_7cad3e,PUR_IED_AngelaR_ext_7cad3e,4,19,62,4.5825,-74.164497
2026-09-12T19:36:07-05:00,PUR_IED_AntJoseSucre_10mo_df2575,PUR_IED_AntJoseSucre_10mo_df2575,,,,,
2026-09-12T19:36:07-05:00,PUR_IED_AntJoseSucre_Ext_215b36,PUR_IED_AntJoseSucre_Ext_215b36,,,,,
2026-09-12T19:36:07-05:00,PUR_IED_AntJoseSucre_Lab_3139de,PUR_IED_AntJoseSucre_Lab_3139de,,,,,
2026-09-12T19:36:07-05:00,PUR_IED_AntonioGarcia_301_d6b188,PUR_IED_AntonioGarcia_301_d6b188,,,,,
2026-09-12T19:36:07-05:00,PUR_IED_AntonioGarcia_302_88a82,PUR_IED_AntonioGarcia_302_88a82,,,,,
2026-09-12T19:36:07-05:00,PUR_IED_AntonioGarcia_Ext_20950c,PUR_IED_AntonioGarcia_Ext_20950c,,,,,
2026-09-12T19:36:07-05:00,PUR_IED_AntonioVan_Aula2_6dea02,PUR_IED_AntonioVan_Aula2_6dea02,,,,,
2026-09-12T19:36:07-05:00,PUR_IED_AntonioVan_Aula5_f1557e,PUR_IED_AntonioVan_Aula5_f1557e,,,,,
2026-09-12T19:36:07-05:00,PUR_IED_AntonioVan_Ext_406f2f,PUR_IED_AntonioVan_Ext_406f2f,,,,,
2026-09-12T19:36:07-05:00,PUR_IED_Atabanzha_Ext_cc5af9,PUR_IED_Atabanzha_Ext_cc5af9,,,,,
2026-09-12T19:36:07-05:00,PUR_IED_Atabanzha_SA101_56c37,PUR_IED_Atabanzha_SA101_56c37,,,,,
2026-09-12T19:36:07-05:00,PUR_IED_Atabanzha_SB302_27b374,PUR_IED_Atabanzha_SB302_27b374,,,,,
2026-09-12T19:36:07-05:00,PUR_IED_Atahualpa_Ext_fc1748,PUR_IED_Atahualpa_Ext_fc1748,,,,,
2026-09-12T19:36:07-05:00,PUR_IED_Atahualpa_Informa_dc9a95,PUR_IED_Atahualpa_Informa_dc9a95,,,,,
2026-09-12T19:36:07-05:00,PUR_IED_Atahualpa_S1101_f98056,PUR_IED_Atahualpa_S1101_f98056,,,,,
2026-09-12T19:36:07-05:00,PUR_IED_Bellavista_Ext_f5aa74,PUR_IED_Bellavista_Ext_f5aa74,,,,,
2026-09-12T19:36:07-05:00,PUR_IED_Bilbao_11A_916c41,PUR_IED_Bilbao_11A_916c41,,,,,
2026-09-12T19:36:07-05:00,PUR_IED_Bilbao_Ext_fb579a,PUR_IED_Bilbao_Ext_fb579a,,,,,
2026-09-12T19:36:07-05:00,PUR_IED_BrasiliaU_A125_304280,PUR_IED_BrasiliaU_A125_304280,,,,,
2026-09-12T19:36:07-05:00,PUR_IED_BrasiliaU_A203_7c8ca5,PUR_IED_BrasiliaU_A203_7c8ca5,,,,,
2026-09-12T19:36:07-05:00,PUR_IED_BrasiliaU_Ext_8d6e9f,PUR_IED_BrasiliaU_Ext_8d6e9f,7,18,64,4.5175,-74.116302
2026-09-12T19:36:07-05:00,PUR_IED_Brasilia_Ext_fe6593,PUR_IED_Brasilia_Ext_fe6593,,,,,
2026-09-12T19:36:07-05:00,PUR_IED_Brasilia_S24_7c130d,PUR_IED_Brasilia_S24_7c130d,,,,,
2026-09-12T19:36:07-05:00,PUR_IED_Brasilia_S501_186a54,PUR_IED_Brasilia_S501_186a54,,,,,
2026-09-12T19:36:07-05:00,PUR_IED_CHARRY_EXT_f1d5cd,PUR_IED_CHARRY_EXT_f1d5cd,,,,,
2026-09-12T19:36:07-05:00,PUR_IED_CHARRY_INTDANZAS_7a08e6,PUR_IED_CHARRY_INTDANZAS_7a08e6,,,,,
2026-09-12T19:36:07-05:00,PUR_IED_CHARRY_INT_AULA20_dc998d,PUR_IED_CHARRY_INT_AULA20_dc998d,,,,,
2026-09-12T19:36:07-05:00,PUR_IED_COLVIV_1101_S25_7f520a,PUR_IED_COLVIV_1101_S25_7f520a,,,,,
2026-09-12T19:36:07-05:00,PUR_IED_COLVIV_1102_S16_f570ba,PUR_IED_COLVIV_1102_S16_f570ba,,,,,
2026-09-12T19:36:07-05:00,PUR_IED_COLVIV_Ext_1a26fa,PUR_IED_COLVIV_Ext_1a26fa,,,,,
2026-09-12T19:36:07-05:00,PUR_IED_CULPOP_301A_f660f3,PUR_IED_CULPOP_301A_f660f3,,,,,
2026-09-12T19:36:07-05:00,PUR_IED_CULPOP_303_568afe,PUR_IED_CULPOP_303_568afe,,,,,
2026-09-12T19:36:07-05:00,PUR_IED_CULPOP_Ext_e02ccb,PUR_IED_CULPOP_Ext_e02ccb,,,,,
2026-09-12T19:36:07-05:00,PUR_IED_CVillavicen_Ext_26eb58,PUR_IED_CVillavicen_Ext_26eb58,5,16,76,4.487,-74.102798
2026-09-12T19:36:07-05:00,PUR_IED_CVillavicen_Intel_1ce5c2,PUR_IED_CVillavicen_Intel_1ce5c2,,,,,
2026-09-12T19:36:07-05:00,PUR_IED_CVillavicen_Poliv_e0766c,PUR_IED_CVillavicen_Poliv_e0766c,,,,,
2026-09-12T19:36:07-05:00,PUR_IED_CVillavicen_int_1ba140,PUR_IED_CVillavicen_int_1ba140,,,,,
2026-09-12T19:36:07-05:00,PUR_IED_CVillavicen_intel_1ba140,PUR_IED_CVillavicen_intel_1ba140,,,,,
2026-09-12T19:36:07-05:00,PUR_IED_CarlosPizarro_Ext_e307cc,PUR_IED_CarlosPizarro_Ext_e307cc,,,,,
2026-09-12T19:36:07-05:00,PUR_IED_CarlosPizarro_L36_7e5cdb,PUR_IED_CarlosPizarro_L36_7e5cdb,,,,,
2026-09-12T19:36:07-05:00,PUR_IED_CarlosPizarro_L37_c8566c,PUR_IED_CarlosPizarro_L37_c8566c,,,,,
2026-09-12T19:36:07-05:00,PUR_IED_Castilla_Ext_cf35f,PUR_IED_Castilla_Ext_cf35f,,,,,
2026-09-12T19:36:07-05:00,PUR_IED_Castilla_SFisik_360e38,PUR_IED_Castilla_SFisik_360e38,,,,,
2026-09-12T19:36:07-05:00,PUR_IED_Castilla_Sc304_496fbf,PUR_IED_Castilla_Sc304_496fbf,,,,,
2026-09-12T19:36:07-05:00,PUR_IED_CervantesSa_Ext_6b57b,PUR_IED_CervantesSa_Ext_6b57b,5,19,67,4.5128,-74.117203
2026-09-12T19:36:07-05:00,PUR_IED_CervantesSa_S107_225c2b,PUR_IED_CervantesSa_S107_225c2b,,,,,
2026-09-12T19:36:07-05:00,PUR_IED_CervantesSa_S108_940925,PUR_IED_CervantesSa_S108_940925,,,,,
2026-09-12T19:36:07-05:00,PUR_IED_Charry_A20_f53e7c,PUR_IED_Charry_A20_f53e7c,,,,,
2026-09-12T19:36:07-05:00,PUR_IED_Charry_Ext_f1d5cd,PUR_IED_Charry_Ext_f1d5cd,,,,,
2026-09-12T19:36:07-05:00,PUR_IED_Charry_IntAula20_dc998d,PUR_IED_Charry_IntAula20_dc998d,,,,,
2026-09-12T19:36:07-05:00,PUR_IED_Charry_IntDanzas_7a08e6,PUR_IED_Charry_IntDanzas_7a08e6,,,,,
2026-09-12T19:36:07-05:00,PUR_IED_ClememciaC_203_43e2fc,PUR_IED_ClememciaC_203_43e2fc,,,,,
2026-09-12T19:36:07-05:00,PUR_IED_ClememciaC_Ext_1b411a,PUR_IED_ClememciaC_Ext_1b411a,,,,,
2026-09-12T19:36:07-05:00,PUR_IED_ClememciaC_Quimic_44b5fc,PUR_IED_ClememciaC_Quimic_44b5fc,,,,,
2026-09-12T19:36:07-05:00,PUR_IED_ClemenciaC_203_43e2fc,PUR_IED_ClemenciaC_203_43e2fc,,,,,
2026-09-12T19:36:07-05:00,PUR_IED_ClemenciaC_Ext_1b411a,PUR_IED_ClemenciaC_Ext_1b411a,,,,,
2026-09-12T19:36:07-05:00,PUR_IED_ClemenciaC_Quimic_44b5fc,PUR_IED_ClemenciaC_Quimic_44b5fc,,,,,
2026-09-12T19:36:07-05:00,PUR_IED_ColViva_1101_S25_7f520a,PUR_IED_ColViva_1101_S25_7f520a,,,,,
2026-09-12T19:36:07-05:00,PUR_IED_ColViva_1102_S16_f570ba,PUR_IED_ColViva_1102_S16_f570ba,,,,,
2026-09-12T19:36:07-05:00,PUR_IED_ColViva_Ext_1a26fa,PUR_IED_ColViva_Ext_1a26fa,,,,,
2026-09-12T19:36:07-05:00,PUR_IED_ColegioBici_Asist_7c8798,PUR_IED_ColegioBici_Asist_7c8798,,,,,
2026-09-12T19:36:07-05:00,PUR_IED_ColegioBici_Ext_25cbf6,PUR_IED_ColegioBici_Ext_25cbf6,,,,,
2026-09-12T19:36:07-05:00,PUR_IED_ColegioBici_LabQ_7b57db,PUR_IED_ColegioBici_LabQ_7b57db,,,,,
2026-09-12T19:36:07-05:00,PUR_IED_CostaRica_Ext_5e640,PUR_IED_CostaRica_Ext_5e640,,,,,
2026-09-12T19:36:07-05:00,PUR_IED_CostaRica_Quim1_766d1c,PUR_IED_CostaRica_Quim1_766d1c,,,,,
2026-09-12T19:36:07-05:00,PUR_IED_CostaRica__Fisica_6f0873,PUR_IED_CostaRica__Fisica_6f0873,,,,,
2026-09-12T19:36:07-05:00,PUR_IED_CulPopu_301A_f660f3,PUR_IED_CulPopu_301A_f660f3,,,,,
2026-09-12T19:36:07-05:00,PUR_IED_CulPopu_303_568afe,PUR_IED_CulPopu_303_568afe,,,,,
2026-09-12T19:36:07-05:00,PUR_IED_CulPopu_Ext_e02ccb,PUR_IED_CulPopu_Ext_e02ccb,,,,,
2026-09-12T19:36:07-05:00,PUR_IED_Cundinamarca_Ext_f15985,PUR_IED_Cundinamarca_Ext_f15985,,,,,
2026-09-12T19:36:07-05:00,PUR_IED_Cundinamarca_Info_7aa5d7,PUR_IED_Cundinamarca_Info_7aa5d7,,,,,
2026-09-12T19:36:07-05:00,PUR_IED_Cundinamarca_Tec2_f449c7,PUR_IED_Cundinamarca_Tec2_f449c7,,,,,
2026-09-12T19:36:07-05:00,PUR_IED_DiegoM_Aula1_27b314,PUR_IED_DiegoM_Aula1_27b314,,,,,
2026-09-12T19:36:07-05:00,PUR_IED_DiegoM_Ext_d80ac8,PUR_IED_DiegoM_Ext_d80ac8,,,,,
2026-09-12T19:36:07-05:00,PUR_IED_DiegoM_S25_da928f,PUR_IED_DiegoM_S25_da928f,,,,,
2026-09-12T19:36:07-05:00,PUR_IED_ELRODEO_360881,PUR_IED_ELRODEO_360881,,,,,
2026-09-12T19:36:07-05:00,PUR_IED_ELRODEO_ext_360881,PUR_IED_ELRODEO_ext_360881,,,,,
2026-09-12T19:36:07-05:00,PUR_IED_EduardoU_Ext_1c1969,PUR_IED_EduardoU_Ext_1c1969,,,,,
2026-09-12T19:36:07-05:00,PUR_IED_EduardoU_SCiencia_4dfb94,PUR_IED_EduardoU_SCiencia_4dfb94,,,,,
2026-09-12T19:36:07-05:00,PUR_IED_EduardoU_SQuimica_5a46e7,PUR_IED_EduardoU_SQuimica_5a46e7,,,,,
2026-09-12T19:36:07-05:00,PUR_IED_ElRodeo_Aula14_676984,PUR_IED_ElRodeo_Aula14_676984,,,,,
2026-09-12T19:36:07-05:00,PUR_IED_ElRodeo_Aula16_2dd35b,PUR_IED_ElRodeo_Aula16_2dd35b,,,,,
2026-09-12T19:36:07-05:00,PUR_IED_ElRodeo_Ext_360881,PUR_IED_ElRodeo_Ext_360881,,,,,
2026-09-12T19:36:07-05:00,PUR_IED_ElRodeo_Exterior_8c6d28,PUR_IED_ElRodeo_Exterior_8c6d28,,,,,
2026-09-12T19:36:07-05:00,PUR_IED_ElRodeo_ext_360881,PUR_IED_ElRodeo_ext_360881,,,,,
2026-09-12T19:36:07-05:00,PUR_IED_EmmaReyes_Ext_987625,PUR_IED_EmmaReyes_Ext_987625,3,21,51,4.6367,-74.1511
2026-09-12T19:36:07-05:00,PUR_IED_Ensueño_Ext_7f0250,PUR_IED_Ensueño_Ext_7f0250,,,,,
2026-09-12T19:36:07-05:00,PUR_IED_EscNormal_Ext_5fef3b,PUR_IED_EscNormal_Ext_5fef3b,2,19,57,4.5852,-74.096901
2026-09-12T19:36:07-05:00,PUR_IED_EscNormal_S309_5b263,PUR_IED_EscNormal_S309_5b263,,,,,
2026-09-12T19:36:07-05:00,PUR_IED_EscNormal_S310_27b3b8,PUR_IED_EscNormal_S310_27b3b8,,,,,
2026-09-12T19:36:07-05:00,PUR_IED_Evangelista_Conta_f6cd4f,PUR_IED_Evangelista_Conta_f6cd4f,,,,,
2026-09-12T19:36:07-05:00,PUR_IED_Evangelista_Cri_5e16a,PUR_IED_Evangelista_Cri_5e16a,,,,,
2026-09-12T19:36:07-05:00,PUR_IED_Evangelista_Exter_754066,PUR_IED_Evangelista_Exter_754066,,,,,
2026-09-12T19:36:07-05:00,PUR_IED_FMiranda_S209_5cc2a3,PUR_IED_FMiranda_S209_5cc2a3,,,,,
2026-09-12T19:36:07-05:00,PUR_IED_FMiranda_S303_19e344,PUR_IED_FMiranda_S303_19e344,,,,,
2026-09-12T19:36:07-05:00,PUR_IED_FMiranda_ext_f53e7c,PUR_IED_FMiranda_ext_f53e7c,,,,,
2026-09-12T19:36:07-05:00,PUR_IED_FabioLozano_Bibli_1cee05,PUR_IED_FabioLozano_Bibli_1cee05,,,,,
2026-09-12T19:36:07-05:00,PUR_IED_FabioLozano_Ext_6ea285,PUR_IED_FabioLozano_Ext_6ea285,,,,,
2026-09-12T19:36:07-05:00,PUR_IED_FabioLozano_SLudi_f09e1e,PUR_IED_FabioLozano_SLudi_f09e1e,,,,,
2026-09-12T19:36:07-05:00,PUR_IED_FaustinoS_Aula07_27a731,PUR_IED_FaustinoS_Aula07_27a731,,,,,
2026-09-12T19:36:07-05:00,PUR_IED_FaustinoS_Ext_7b936f,PUR_IED_FaustinoS_Ext_7b936f,,,,,
2026-09-12T19:36:07-05:00,PUR_IED_FaustinoS_Fisica_da2c60,PUR_IED_FaustinoS_Fisica_da2c60,,,,,
2026-09-12T19:36:07-05:00,PUR_IED_FeGarciaLo_Ext_dc68ee,PUR_IED_FeGarciaLo_Ext_dc68ee,,,,,
2026-09-12T19:36:07-05:00,PUR_IED_FeGarciaLo_SDanza_f70a59,PUR_IED_FeGarciaLo_SDanza_f70a59,,,,,
2026-09-12T19:36:07-05:00,PUR_IED_FeGarciaLo_SMusic_125cdd,PUR_IED_FeGarciaLo_SMusic_125cdd,,,,,
2026-09-12T19:36:07-05:00,PUR_IED_FederalAlema_Exte_50c345,PUR_IED_FederalAlema_Exte_50c345,,,,,
2026-09-12T19:36:07-05:00,PUR_IED_FederalAlema_S31_f18371,PUR_IED_FederalAlema_S31_f18371,,,,,
2026-09-12T19:36:07-05:00,PUR_IED_FederalAlema_S901_a62cd,PUR_IED_FederalAlema_S901_a62cd,,,,,
2026-09-12T19:36:07-05:00,PUR_IED_FilarmonicaS_A5_f35eb1,PUR_IED_FilarmonicaS_A5_f35eb1,,,,,
2026-09-12T19:36:07-05:00,PUR_IED_FilarmonicaS_Ext_8a3bde,PUR_IED_FilarmonicaS_Ext_8a3bde,,,,,
2026-09-12T19:36:07-05:00,PUR_IED_FilarmonicaS_Spol_406114,PUR_IED_FilarmonicaS_Spol_406114,,,,,
2026-09-12T19:36:07-05:00,PUR_IED_FlorentinoG_A13_d1fa59,PUR_IED_FlorentinoG_A13_d1fa59,,,,,
2026-09-12T19:36:07-05:00,PUR_IED_FlorentinoG_Ext_1ce6ce,PUR_IED_FlorentinoG_Ext_1ce6ce,,,,,
2026-09-12T19:36:07-05:00,PUR_IED_FlorentinoG_Idiom_a66aac,PUR_IED_FlorentinoG_Idiom_a66aac,,,,,
2026-09-12T19:36:07-05:00,PUR_IED_FranciscoMati_Ext_e3869d,PUR_IED_FranciscoMati_Ext_e3869d,,,,,
2026-09-12T19:36:07-05:00,PUR_IED_FranciscoMati_S13_f31c67,PUR_IED_FranciscoMati_S13_f31c67,,,,,
2026-09-12T19:36:07-05:00,PUR_IED_FranciscoMati_S14_97dead,PUR_IED_FranciscoMati_S14_97dead,,,,,
2026-09-12T19:36:07-05:00,PUR_IED_FranciscoPS_Ext_7bfa9a,PUR_IED_FranciscoPS_Ext_7bfa9a,2,20,58,4.5899,-74.110397
2026-09-12T19:36:07-05:00,PUR_IED_FranciscoPS_Infor_fb8f4c,PUR_IED_FranciscoPS_Infor_fb8f4c,,,,,
2026-09-12T19:36:07-05:00,PUR_IED_FranciscoPS_Quimi_94d39c,PUR_IED_FranciscoPS_Quimi_94d39c,,,,,
2026-09-12T19:36:07-05:00,PUR_IED_FranciscoP_LabQ_d7e148,PUR_IED_FranciscoP_LabQ_d7e148,,,,,
2026-09-12T19:36:07-05:00,PUR_IED_FranciscoP_S28_cf9b30,PUR_IED_FranciscoP_S28_cf9b30,,,,,
2026-09-12T19:36:07-05:00,PUR_IED_FranciscoP_ext_e2313,PUR_IED_FranciscoP_ext_e2313,,,,,
2026-09-12T19:36:07-05:00,PUR_IED_FriederichN_Ext_8ac92a,PUR_IED_FriederichN_Ext_8ac92a,,,,,
2026-09-12T19:36:07-05:00,PUR_IED_FriederichN_S301_dd7e5a,PUR_IED_FriederichN_S301_dd7e5a,,,,,
2026-09-12T19:36:07-05:00,PUR_IED_FriederichN_S308_761f4f,PUR_IED_FriederichN_S308_761f4f,,,,,
2026-09-12T19:36:07-05:00,PUR_IED_GSantander_Aula10_533dd7,PUR_IED_GSantander_Aula10_533dd7,,,,,
2026-09-12T19:36:07-05:00,PUR_IED_GSantander_Aula12_fd4e4f,PUR_IED_GSantander_Aula12_fd4e4f,,,,,
2026-09-12T19:36:07-05:00,PUR_IED_GSantander_Aula310_533dd7,PUR_IED_GSantander_Aula310_533dd7,,,,,
2026-09-12T19:36:07-05:00,PUR_IED_GSantander_Aula312_fd4e4f,PUR_IED_GSantander_Aula312_fd4e4f,,,,,
2026-09-12T19:36:07-05:00,PUR_IED_GSantander_Ext_5f66b0,PUR_IED_GSantander_Ext_5f66b0,,,,,
2026-09-12T19:36:07-05:00,PUR_IED_GYomasa_Ext_f6bea5,PUR_IED_GYomasa_Ext_f6bea5,,,,,
2026-09-12T19:36:07-05:00,PUR_IED_GYomasa_LBiol_2c41aa,PUR_IED_GYomasa_LBiol_2c41aa,,,,,
2026-09-12T19:36:07-05:00,PUR_IED_GYomasa_LQuim_33c80,PUR_IED_GYomasa_LQuim_33c80,,,,,
2026-09-12T19:36:07-05:00,PUR_IED_GabBetMejia_Cienc_5a99c,PUR_IED_GabBetMejia_Cienc_5a99c,,,,,
2026-09-12T19:36:07-05:00,PUR_IED_GabBetMejia_Ext_9153d0,PUR_IED_GabBetMejia_Ext_9153d0,,,,,
2026-09-12T19:36:07-05:00,PUR_IED_GabBetMejia_Lab_f55347,PUR_IED_GabBetMejia_Lab_f55347,,,,,
2026-09-12T19:36:07-05:00,PUR_IED_GabBetanMejia_Ext_9153d0,PUR_IED_GabBetanMejia_Ext_9153d0,,,,,
2026-09-12T19:36:07-05:00,PUR_IED_Gaitana_Aula13_7aac11,PUR_IED_Gaitana_Aula13_7aac11,,,,,
2026-09-12T19:36:07-05:00,PUR_IED_Gaitana_Ext_5fcf4,PUR_IED_Gaitana_Ext_5fcf4,,,,,
2026-09-12T19:36:07-05:00,PUR_IED_Gaitana_LabFisica_644448,PUR_IED_Gaitana_LabFisica_644448,,,,,
2026-09-12T19:36:07-05:00,PUR_IED_GenSantander_Dise_8ac858,PUR_IED_GenSantander_Dise_8ac858,,,,,
2026-09-12T19:36:07-05:00,PUR_IED_GenSantander_Ext_8d5dfe,PUR_IED_GenSantander_Ext_8d5dfe,,,,,
2026-09-12T19:36:07-05:00,PUR_IED_GenSantander_Info_6c25b,PUR_IED_GenSantander_Info_6c25b,,,,,
2026-09-12T19:36:07-05:00,PUR_IED_GustavoMo_Exterio_75e63d,PUR_IED_GustavoMo_Exterio_75e63d,,,,,
2026-09-12T19:36:07-05:00,PUR_IED_GustavoMo_LabFisi_224d37,PUR_IED_GustavoMo_LabFisi_224d37,,,,,
2026-09-12T19:36:07-05:00,PUR_IED_GustavoMo_S208_3e6918,PUR_IED_GustavoMo_S208_3e6918,,,,,
2026-09-12T19:36:07-05:00,PUR_IED_GustavoR_A02_8cd4a8,PUR_IED_GustavoR_A02_8cd4a8,,,,,
2026-09-12T19:36:07-05:00,PUR_IED_GustavoR_B11_5b0ed,PUR_IED_GustavoR_B11_5b0ed,,,,,
2026-09-12T19:36:07-05:00,PUR_IED_GustavoR_Ext_7a0c90,PUR_IED_GustavoR_Ext_7a0c90,,,,,
2026-09-12T19:36:07-05:00,PUR_IED_HernandoDuran_Ext_8cd82b,PUR_IED_HernandoDuran_Ext_8cd82b,,,,,
2026-09-12T19:36:07-05:00,PUR_IED_HernandoDuran_S24_2772c6,PUR_IED_HernandoDuran_S24_2772c6,,,,,
2026-09-12T19:36:07-05:00,PUR_IED_HernandoDuran_S30_f2de41,PUR_IED_HernandoDuran_S30_f2de41,,,,,
2026-09-12T19:36:07-05:00,PUR_IED_HolguInUr_S1101_8cd732,PUR_IED_HolguInUr_S1101_8cd732,,,,,
2026-09-12T19:36:07-05:00,PUR_IED_HolguinUr_Exter_ddae6d,PUR_IED_HolguinUr_Exter_ddae6d,,,,,
2026-09-12T19:36:07-05:00,PUR_IED_HolguinUr_LabQuim_92b952,PUR_IED_HolguinUr_LabQuim_92b952,,,,,
2026-09-12T19:36:07-05:00,PUR_IED_Isabel-II_Ext_5245cc,PUR_IED_Isabel-II_Ext_5245cc,4,20,56,4.6336,-74.153
2026-09-12T19:36:07-05:00,PUR_IED_Isabel-II_S_idiom_1c29aa,PUR_IED_Isabel-II_S_idiom_1c29aa,,,,,
2026-09-12T19:36:07-05:00,PUR_IED_Isabel-II_S_infor_fd741,PUR_IED_Isabel-II_S_infor_fd741,,,,,
2026-09-12T19:36:07-05:00,PUR_IED_IsidroSur_Exterio_5b90ea,PUR_IED_IsidroSur_Exterio_5b90ea,,,,,
2026-09-12T19:36:07-05:00,PUR_IED_IsidroSur_LabTec_56697a,PUR_IED_IsidroSur_LabTec_56697a,,,,,
2026-09-12T19:36:07-05:00,PUR_IED_IsidroSur_Robotic_b7c38f,PUR_IED_IsidroSur_Robotic_b7c38f,,,,,
2026-09-12T19:36:07-05:00,PUR_IED_IsmaelPerd_Ext_7b6672,PUR_IED_IsmaelPerd_Ext_7b6672,,,,,
2026-09-12T19:36:07-05:00,PUR_IED_IsmaelPerd_Inform_306540,PUR_IED_IsmaelPerd_Inform_306540,,,,,
2026-09-12T19:36:07-05:00,PUR_IED_IsmaelPerd_S30_2e2c83,PUR_IED_IsmaelPerd_S30_2e2c83,,,,,
2026-09-12T19:36:07-05:00,PUR_IED_JLozano_Exter_432910,PUR_IED_JLozano_Exter_432910,,,,,
2026-09-12T19:36:07-05:00,PUR_IED_JLozano_salaMulti_df5125,PUR_IED_JLozano_salaMulti_df5125,,,,,
2026-09-12T19:36:07-05:00,PUR_IED_JMCordoba_206_86f80b,PUR_IED_JMCordoba_206_86f80b,,,,,
2026-09-12T19:36:07-05:00,PUR_IED_JMCordoba_Ext_27ad97,PUR_IED_JMCordoba_Ext_27ad97,,,,,
2026-09-12T19:36:07-05:00,PUR_IED_JMCordoba_S310_d59ab4,PUR_IED_JMCordoba_S310_d59ab4,,,,,
2026-09-12T19:36:07-05:00,PUR_IED_Japon_Ext_549100,PUR_IED_Japon_Ext_549100,,,,,
2026-09-12T19:36:07-05:00,PUR_IED_Japon_Laboratorio_bec51d,PUR_IED_Japon_Laboratorio_bec51d,,,,,
2026-09-12T19:36:07-05:00,PUR_IED_Japon_informatica_d99327,PUR_IED_Japon_informatica_d99327,,,,,
2026-09-12T19:36:07-05:00,PUR_IED_Jazmin_Ext_d27bda,PUR_IED_Jazmin_Ext_d27bda,,,,,
2026-09-12T19:36:07-05:00,PUR_IED_Jazmin_Fisica_8d14d7,PUR_IED_Jazmin_Fisica_8d14d7,,,,,
2026-09-12T19:36:07-05:00,PUR_IED_Jazmin_Quimica_801cb5,PUR_IED_Jazmin_Quimica_801cb5,,,,,
2026-09-12T19:36:07-05:00,PUR_IED_JorgeGaitan_Exter_f098d1,PUR_IED_JorgeGaitan_Exter_f098d1,,,,,
2026-09-12T19:36:07-05:00,PUR_IED_JorgeGaitan_STec1_dc9d1d,PUR_IED_JorgeGaitan_STec1_dc9d1d,,,,,
2026-09-12T19:36:07-05:00,PUR_IED_JorgeGaitan_STec2_281e69,PUR_IED_JorgeGaitan_STec2_281e69,,,,,
2026-09-12T19:36:07-05:00,PUR_IED_JorgeSoto_Exterio_d9d0a2,PUR_IED_JorgeSoto_Exterio_d9d0a2,,,,,
2026-09-12T19:36:07-05:00,PUR_IED_JorgeSoto_LabFisi_209c54,PUR_IED_JorgeSoto_LabFisi_209c54,,,,,
2026-09-12T19:36:07-05:00,PUR_IED_JorgeSoto_S103_27b51a,PUR_IED_JorgeSoto_S103_27b51a,,,,,
2026-09-12T19:36:07-05:00,PUR_IED_JoseAcevedo_A02_e965eb,PUR_IED_JoseAcevedo_A02_e965eb,,,,,
2026-09-12T19:36:07-05:00,PUR_IED_JoseAcevedo_A07_dd5b4,PUR_IED_JoseAcevedo_A07_dd5b4,,,,,
2026-09-12T19:36:07-05:00,PUR_IED_JoseAcevedo_Ext_b47484,PUR_IED_JoseAcevedo_Ext_b47484,,,,,
2026-09-12T19:36:07-05:00,PUR_IED_JoseMarti_Exte_5b9bf,PUR_IED_JoseMarti_Exte_5b9bf,,,,,
2026-09-12T19:36:07-05:00,PUR_IED_JoseMarti_LabQuim_1c6c2d,PUR_IED_JoseMarti_LabQuim_1c6c2d,,,,,
2026-09-12T19:36:07-05:00,PUR_IED_JoseMarti_S_info_f5f177,PUR_IED_JoseMarti_S_info_f5f177,,,,,
2026-09-12T19:36:07-05:00,PUR_IED_Josejoaquin_Ext_dfc5dc,PUR_IED_Josejoaquin_Ext_dfc5dc,,,,,
2026-09-12T19:36:07-05:00,PUR_IED_Josejoaquin_S05_5b2a96,PUR_IED_Josejoaquin_S05_5b2a96,,,,,
2026-09-12T19:36:07-05:00,PUR_IED_Josejoaquin_S06_1ce7d2,PUR_IED_Josejoaquin_S06_1ce7d2,,,,,
2026-09-12T19:36:07-05:00,PUR_IED_JulioFlorez_Danza_9b82dd,PUR_IED_JulioFlorez_Danza_9b82dd,,,,,
2026-09-12T19:36:07-05:00,PUR_IED_JulioFlorez_Exter_f9f314,PUR_IED_JulioFlorez_Exter_f9f314,,,,,
2026-09-12T19:36:07-05:00,PUR_IED_JulioFlorez_info2_6b6e08,PUR_IED_JulioFlorez_info2_6b6e08,,,,,
2026-09-12T19:36:07-05:00,PUR_IED_LaBelleza_Aula13_1d00d8,PUR_IED_LaBelleza_Aula13_1d00d8,,,,,
2026-09-12T19:36:07-05:00,PUR_IED_LaBelleza_Ext_7bc08c,PUR_IED_LaBelleza_Ext_7bc08c,,,,,
2026-09-12T19:36:07-05:00,PUR_IED_LaChucua_Ext_8cd6d2,PUR_IED_LaChucua_Ext_8cd6d2,,,,,
2026-09-12T19:36:07-05:00,PUR_IED_LaChucua_S15_f578ce,PUR_IED_LaChucua_S15_f578ce,,,,,
2026-09-12T19:36:07-05:00,PUR_IED_LaChucua_S16_eebcf9,PUR_IED_LaChucua_S16_eebcf9,,,,,
2026-09-12T19:36:07-05:00,PUR_IED_LaFelicidad_Ext_fb5109,PUR_IED_LaFelicidad_Ext_fb5109,,,,,
2026-09-12T19:36:07-05:00,PUR_IED_LaMerced_206_66ebd,PUR_IED_LaMerced_206_66ebd,,,,,
2026-09-12T19:36:07-05:00,PUR_IED_LaMerced_207_6ebd6,PUR_IED_LaMerced_207_6ebd6,,,,,
2026-09-12T19:36:07-05:00,PUR_IED_LaMerced_ext_304311,PUR_IED_LaMerced_ext_304311,,,,,
2026-09-12T19:36:07-05:00,PUR_IED_Laureano_CiencNat_281e5e,PUR_IED_Laureano_CiencNat_281e5e,,,,,
2026-09-12T19:36:07-05:00,PUR_IED_Laureano_Comedor_f65c0a,PUR_IED_Laureano_Comedor_f65c0a,,,,,
2026-09-12T19:36:07-05:00,PUR_IED_Laureano_Exterior_7ab011,PUR_IED_Laureano_Exterior_7ab011,,,,,
2026-09-12T19:36:07-05:00,PUR_IED_LeonGreiff_Exte_dfe560,PUR_IED_LeonGreiff_Exte_dfe560,,,,,
2026-09-12T19:36:07-05:00,PUR_IED_LeonGreiff_S210_f264ed,PUR_IED_LeonGreiff_S210_f264ed,,,,,
2026-09-12T19:36:07-05:00,PUR_IED_LeonGreiff_SQuimi_e8296f,PUR_IED_LeonGreiff_SQuimi_e8296f,,,,,
2026-09-12T19:36:07-05:00,PUR_IED_LlanoOrientalS208_7b9fcd,PUR_IED_LlanoOrientalS208_7b9fcd,,,,,
2026-09-12T19:36:07-05:00,PUR_IED_LlanoOriental_Ext_fb3766,PUR_IED_LlanoOriental_Ext_fb3766,,,,,
2026-09-12T19:36:07-05:00,PUR_IED_LlanoOriental_S208_7b9fcd,PUR_IED_LlanoOriental_S208_7b9fcd,,,,,
2026-09-12T19:36:07-05:00,PUR_IED_LlanoOriental_S9_27b378,PUR_IED_LlanoOriental_S9_27b378,,,,,
2026-09-12T19:36:07-05:00,PUR_IED_LosTejares_1101_477602,PUR_IED_LosTejares_1101_477602,,,,,
2026-09-12T19:36:07-05:00,PUR_IED_LosTejares_11_d2c595,PUR_IED_LosTejares_11_d2c595,,,,,
2026-09-12T19:36:07-05:00,PUR_IED_LosTejares_12_477602,PUR_IED_LosTejares_12_477602,,,,,
2026-09-12T19:36:07-05:00,PUR_IED_LosTejares_Ext_8e2115,PUR_IED_LosTejares_Ext_8e2115,,,,,
2026-09-12T19:36:07-05:00,PUR_IED_MagdalenaO_B202_5ddda3,PUR_IED_MagdalenaO_B202_5ddda3,,,,,
2026-09-12T19:36:07-05:00,PUR_IED_MagdalenaO_B205_fb76e8,PUR_IED_MagdalenaO_B205_fb76e8,,,,,
2026-09-12T19:36:07-05:00,PUR_IED_MagdalenaO_ext_dc69cd,PUR_IED_MagdalenaO_ext_dc69cd,,,,,
2026-09-12T19:36:07-05:00,PUR_IED_ManueCepeda_artes_eee956,PUR_IED_ManueCepeda_artes_eee956,,,,,
2026-09-12T19:36:07-05:00,PUR_IED_ManuelCepeda_Ext_58313,PUR_IED_ManuelCepeda_Ext_58313,,,,,
2026-09-12T19:36:07-05:00,PUR_IED_ManuelCepeda_tec_1c5731,PUR_IED_ManuelCepeda_tec_1c5731,,,,,
2026-09-12T19:36:07-05:00,PUR_IED_ManuelS_Exterior_5b269,PUR_IED_ManuelS_Exterior_5b269,,,,,
2026-09-12T19:36:07-05:00,PUR_IED_ManuelS_Inform_f369ce,PUR_IED_ManuelS_Inform_f369ce,,,,,
2026-09-12T19:36:07-05:00,PUR_IED_ManuelS_SArtes_7d15f1,PUR_IED_ManuelS_SArtes_7d15f1,,,,,
2026-09-12T19:36:07-05:00,PUR_IED_ManuelZapata_303_3ca6,PUR_IED_ManuelZapata_303_3ca6,,,,,
2026-09-12T19:36:07-05:00,PUR_IED_ManuelZapata_311_bfbabc,PUR_IED_ManuelZapata_311_bfbabc,,,,,
2026-09-12T19:36:07-05:00,PUR_IED_ManuelZapata_Ext_50824a,PUR_IED_ManuelZapata_Ext_50824a,,,,,
2026-09-12T19:36:07-05:00,PUR_IED_ManuelitaS_Exteri_656a92,PUR_IED_ManuelitaS_Exteri_656a92,,,,,
2026-09-12T19:36:07-05:00,PUR_IED_ManuelitaS_JuzgDe_f58ec3,PUR_IED_ManuelitaS_JuzgDe_f58ec3,,,,,
2026-09-12T19:36:07-05:00,PUR_IED_ManuelitaS_Recrea_d793db,PUR_IED_ManuelitaS_Recrea_d793db,,,,,
2026-09-12T19:36:07-05:00,PUR_IED_MarFidSuarez_Ext_c27b19,PUR_IED_MarFidSuarez_Ext_c27b19,,,,,
2026-09-12T19:36:07-05:00,PUR_IED_MarFidSuarez_Info_e384d7,PUR_IED_MarFidSuarez_Info_e384d7,,,,,
2026-09-12T19:36:07-05:00,PUR_IED_MarFidSuarez_S306_1d0032,PUR_IED_MarFidSuarez_S306_1d0032,,,,,
2026-09-12T19:36:07-05:00,PUR_IED_Menorah_301_2a25a3,PUR_IED_Menorah_301_2a25a3,,,,,
2026-09-12T19:36:07-05:00,PUR_IED_Menorah_306_37ed3,PUR_IED_Menorah_306_37ed3,,,,,
2026-09-12T19:36:07-05:00,PUR_IED_Menorah_Ext_3e155b,PUR_IED_Menorah_Ext_3e155b,,,,,
2026-09-12T19:36:07-05:00,PUR_IED_MinutoB.Aires_A11_1b1604,PUR_IED_MinutoB.Aires_A11_1b1604,,,,,
2026-09-12T19:36:07-05:00,PUR_IED_MinutoB.Aires_A12_fb5860,PUR_IED_MinutoB.Aires_A12_fb5860,,,,,
2026-09-12T19:36:07-05:00,PUR_IED_MinutoB.Aires_Ext_81293f,PUR_IED_MinutoB.Aires_Ext_81293f,,,,,
2026-09-12T19:36:07-05:00,PUR_IED_MinutoBAires_A11_1b1604,PUR_IED_MinutoBAires_A11_1b1604,,,,,
2026-09-12T19:36:07-05:00,PUR_IED_MinutoBAires_A12_fb5860,PUR_IED_MinutoBAires_A12_fb5860,,,,,
2026-09-12T19:36:07-05:00,PUR_IED_MinutoBAires_Ext_81293f,PUR_IED_MinutoBAires_Ext_81293f,,,,,
2026-09-12T19:36:07-05:00,PUR_IED_Montreal_Aula10_1e4959,PUR_IED_Montreal_Aula10_1e4959,,,,,
2026-09-12T19:36:07-05:00,PUR_IED_Montreal_Aula6_300367,PUR_IED_Montreal_Aula6_300367,,,,,
2026-09-12T19:36:07-05:00,PUR_IED_Montreal_Exterior_91a179,PUR_IED_Montreal_Exterior_91a179,,,,,
2026-09-12T19:36:07-05:00,PUR_IED_Mqgdalena_B202_5ddda3,PUR_IED_Mqgdalena_B202_5ddda3,,,,,
2026-09-12T19:36:07-05:00,PUR_IED_NACUND_Soc_dc8728,PUR_IED_NACUND_Soc_dc8728,,,,,
2026-09-12T19:36:07-05:00,PUR_IED_NACUND_ext_27ad97,PUR_IED_NACUND_ext_27ad97,,,,,
2026-09-12T19:36:07-05:00,PUR_IED_NEsperanza_Ext_d24b61,PUR_IED_NEsperanza_Ext_d24b61,,,,,
2026-09-12T19:36:07-05:00,PUR_IED_NEsperanza_SElect_7d1807,PUR_IED_NEsperanza_SElect_7d1807,,,,,
2026-09-12T19:36:07-05:00,PUR_IED_NEsperanza_SLabor_8b2d0a,PUR_IED_NEsperanza_SLabor_8b2d0a,,,,,
2026-09-12T19:36:07-05:00,PUR_IED_NacionesU_Ext_f661a9,PUR_IED_NacionesU_Ext_f661a9,,,,,
2026-09-12T19:36:07-05:00,PUR_IED_NacionesU_Quimica_66f0a,PUR_IED_NacionesU_Quimica_66f0a,,,,,
2026-09-12T19:36:07-05:00,PUR_IED_NacionesU_S306_1b4b3d,PUR_IED_NacionesU_S306_1b4b3d,,,,,
2026-09-12T19:36:07-05:00,PUR_IED_NestorFA_Ext_e4201c,PUR_IED_NestorFA_Ext_e4201c,,,,,
2026-09-12T19:36:07-05:00,PUR_IED_NestorFA_Laborato_f22fe0,PUR_IED_NestorFA_Laborato_f22fe0,,,,,
2026-09-12T19:36:07-05:00,PUR_IED_NestorFA_S204_dee996,PUR_IED_NestorFA_S204_dee996,,,,,
2026-09-12T19:36:07-05:00,PUR_IED_NidyaQT_Aula03_76999b,PUR_IED_NidyaQT_Aula03_76999b,,,,,
2026-09-12T19:36:07-05:00,PUR_IED_NidyaQT_Aula10_56325,PUR_IED_NidyaQT_Aula10_56325,,,,,
2026-09-12T19:36:07-05:00,PUR_IED_NidyaQT_Ext_46e32d,PUR_IED_NidyaQT_Ext_46e32d,,,,,
2026-09-12T19:36:07-05:00,PUR_IED_NuevaCol_Exterior_d9b859,PUR_IED_NuevaCol_Exterior_d9b859,,,,,
2026-09-12T19:36:07-05:00,PUR_IED_NuevaCol_S1101_76c43b,PUR_IED_NuevaCol_S1101_76c43b,,,,,
2026-09-12T19:36:07-05:00,PUR_IED_NuevaCol_S1102_1ce0b5,PUR_IED_NuevaCol_S1102_1ce0b5,,,,,
2026-09-12T19:36:07-05:00,PUR_IED_OEA_A202_f7e3f2,PUR_IED_OEA_A202_f7e3f2,,,,,
2026-09-12T19:36:07-05:00,PUR_IED_OEA_A203_7d1b8d,PUR_IED_OEA_A203_7d1b8d,,,,,
2026-09-12T19:36:07-05:00,PUR_IED_OEA_Ext_27b593,PUR_IED_OEA_Ext_27b593,,,,,
2026-09-12T19:36:07-05:00,PUR_IED_Ochoa_Ext_1c29da,PUR_IED_Ochoa_Ext_1c29da,,,,,
2026-09-12T19:36:07-05:00,PUR_IED_Ochoa_S205_8b1121,PUR_IED_Ochoa_S205_8b1121,,,,,
2026-09-12T19:36:07-05:00,PUR_IED_Ochoa_Sistemas_f33af6,PUR_IED_Ochoa_Sistemas_f33af6,,,,,
2026-09-12T19:36:07-05:00,PUR_IED_PQuebec_Ext_1c67c7,PUR_IED_PQuebec_Ext_1c67c7,,,,,
2026-09-12T19:36:07-05:00,PUR_IED_PQuebec_S15_23e8e2,PUR_IED_PQuebec_S15_23e8e2,,,,,
2026-09-12T19:36:07-05:00,PUR_IED_PQuebec_S16_8ec76b,PUR_IED_PQuebec_S16_8ec76b,,,,,
2026-09-12T19:36:07-05:00,PUR_IED_PabloN_Ext_49dc96,PUR_IED_PabloN_Ext_49dc96,,,,,
2026-09-12T19:36:07-05:00,PUR_IED_PabloN_S1102_4e3df5,PUR_IED_PabloN_S1102_4e3df5,,,,,
2026-09-12T19:36:07-05:00,PUR_IED_PabloN_S1103_50c94b,PUR_IED_PabloN_S1103_50c94b,,,,,
2026-09-12T19:36:07-05:00,PUR_IED_Palestina_S1101_db9198,PUR_IED_Palestina_S1101_db9198,,,,,
2026-09-12T19:36:07-05:00,PUR_IED_Palestina_S1102_dc54fa,PUR_IED_Palestina_S1102_dc54fa,,,,,
2026-09-12T19:36:07-05:00,PUR_IED_Palestina_ext_4ccce6,PUR_IED_Palestina_ext_4ccce6,,,,,
2026-09-12T19:36:07-05:00,PUR_IED_Panama_Fisica_4d0794,PUR_IED_Panama_Fisica_4d0794,,,,,
2026-09-12T19:36:07-05:00,PUR_IED_Panama_SIngles_a4077e,PUR_IED_Panama_SIngles_a4077e,,,,,
2026-09-12T19:36:07-05:00,PUR_IED_Panama_ext_4c54b4,PUR_IED_Panama_ext_4c54b4,,,,,
2026-09-12T19:36:07-05:00,PUR_IED_ParaisoM_Exterior_8cd7f0,PUR_IED_ParaisoM_Exterior_8cd7f0,,,,,
2026-09-12T19:36:07-05:00,PUR_IED_ParaisoM_Laborato_27af35,PUR_IED_ParaisoM_Laborato_27af35,,,,,
2026-09-12T19:36:07-05:00,PUR_IED_ParaisoM_S304_d1edca,PUR_IED_ParaisoM_S304_d1edca,,,,,
2026-09-12T19:36:07-05:00,PUR_IED_PorfirioBarba_Ext_301466,PUR_IED_PorfirioBarba_Ext_301466,,,,,
2026-09-12T19:36:07-05:00,PUR_IED_PorfirioBarba_S11_df6cd2,PUR_IED_PorfirioBarba_S11_df6cd2,,,,,
2026-09-12T19:36:07-05:00,PUR_IED_PorfirioBarba_S29_27a7d6,PUR_IED_PorfirioBarba_S29_27a7d6,,,,,
2026-09-12T19:36:07-05:00,PUR_IED_PradoV_Exter_8b27ad,PUR_IED_PradoV_Exter_8b27ad,,,,,
2026-09-12T19:36:07-05:00,PUR_IED_PradoV_S301_de65b5,PUR_IED_PradoV_S301_de65b5,,,,,
2026-09-12T19:36:07-05:00,PUR_IED_PradoV_S302_7d2593,PUR_IED_PradoV_S302_7d2593,,,,,
2026-09-12T19:36:07-05:00,PUR_IED_QuirogaAlz_Ext_1ddc82,PUR_IED_QuirogaAlz_Ext_1ddc82,,,,,
2026-09-12T19:36:07-05:00,PUR_IED_QuirogaAlz_S302_9926a3,PUR_IED_QuirogaAlz_S302_9926a3,,,,,
2026-09-12T19:36:07-05:00,PUR_IED_QuirogaAlz_S305_cdf1f1,PUR_IED_QuirogaAlz_S305_cdf1f1,,,,,
2026-09-12T19:36:07-05:00,PUR_IED_RGuatemala_Biling_dc53b7,PUR_IED_RGuatemala_Biling_dc53b7,,,,,
2026-09-12T19:36:07-05:00,PUR_IED_RGuatemala_Ext_1b89a3,PUR_IED_RGuatemala_Ext_1b89a3,,,,,
2026-09-12T19:36:07-05:00,PUR_IED_RGuatemala_Tecnol_281a34,PUR_IED_RGuatemala_Tecnol_281a34,,,,,
2026-09-12T19:36:07-05:00,PUR_IED_RafaNu_Ext_f7c302,PUR_IED_RafaNu_Ext_f7c302,,,,,
2026-09-12T19:36:07-05:00,PUR_IED_RafaNu_S1101_25fde,PUR_IED_RafaNu_S1101_25fde,,,,,
2026-09-12T19:36:07-05:00,PUR_IED_RafaNu_S1102_281517,PUR_IED_RafaNu_S1102_281517,,,,,
2026-09-12T19:36:07-05:00,PUR_IED_RafaelB_S305_ee2783,PUR_IED_RafaelB_S305_ee2783,,,,,
2026-09-12T19:36:07-05:00,PUR_IED_RafaelB_S306_75fe33,PUR_IED_RafaelB_S306_75fe33,,,,,
2026-09-12T19:36:07-05:00,PUR_IED_RafaelB_ext_283336,PUR_IED_RafaelB_ext_283336,,,,,
2026-09-12T19:36:07-05:00,PUR_IED_RafaelUU_Exterior_281a51,PUR_IED_RafaelUU_Exterior_281a51,,,,,
2026-09-12T19:36:07-05:00,PUR_IED_RafaelUU_Human_806b2,PUR_IED_RafaelUU_Human_806b2,,,,,
2026-09-12T19:36:07-05:00,PUR_IED_RafaelUU_Mate2_5680d4,PUR_IED_RafaelUU_Mate2_5680d4,,,,,
2026-09-12T19:36:07-05:00,PUR_IED_RamonSub_Ext_f9eeb9,PUR_IED_RamonSub_Ext_f9eeb9,,,,,
2026-09-12T19:36:07-05:00,PUR_IED_RamonSub_Media_d1f62f,PUR_IED_RamonSub_Media_d1f62f,,,,,
2026-09-12T19:36:07-05:00,PUR_IED_RamonSub_planta_51b82,PUR_IED_RamonSub_planta_51b82,,,,,
2026-09-12T19:36:07-05:00,PUR_IED_RepBoliVene_Exter_27af7c,PUR_IED_RepBoliVene_Exter_27af7c,,,,,
2026-09-12T19:36:07-05:00,PUR_IED_RepBoliVene_SCPT_5ae2ee,PUR_IED_RepBoliVene_SCPT_5ae2ee,,,,,
2026-09-12T19:36:07-05:00,PUR_IED_RepBoliVene_Socia_4b11d5,PUR_IED_RepBoliVene_Socia_4b11d5,,,,,
2026-09-12T19:36:07-05:00,PUR_IED_RepChina_Ext_76d9ee,PUR_IED_RepChina_Ext_76d9ee,,,,,
2026-09-12T19:36:07-05:00,PUR_IED_RepChina_S404_7c804c,PUR_IED_RepChina_S404_7c804c,,,,,
2026-09-12T19:36:07-05:00,PUR_IED_RepChina_S405_df2c33,PUR_IED_RepChina_S405_df2c33,,,,,
2026-09-12T19:36:07-05:00,PUR_IED_RepublicaC_Exteri_7d1ec9,PUR_IED_RepublicaC_Exteri_7d1ec9,,,,,
2026-09-12T19:36:07-05:00,PUR_IED_RepublicaC_S1101_f544b3,PUR_IED_RepublicaC_S1101_f544b3,,,,,
2026-09-12T19:36:07-05:00,PUR_IED_RepublicaC_S1102_7aafc7,PUR_IED_RepublicaC_S1102_7aafc7,,,,,
2026-09-12T19:36:07-05:00,PUR_IED_Ricaurte_Externo_a0ea1,PUR_IED_Ricaurte_Externo_a0ea1,,,,,
2026-09-12T19:36:07-05:00,PUR_IED_Ricaurte_S210_f546fd,PUR_IED_Ricaurte_S210_f546fd,,,,,
2026-09-12T19:36:07-05:00,PUR_IED_Ricaurte_S309_d4452,PUR_IED_Ricaurte_S309_d4452,,,,,
2026-09-12T19:36:07-05:00,PUR_IED_RogelioS_1102_531e69,PUR_IED_RogelioS_1102_531e69,,,,,
2026-09-12T19:36:07-05:00,PUR_IED_RogelioS_Ext_f25a18,PUR_IED_RogelioS_Ext_f25a18,,,,,
2026-09-12T19:36:07-05:00,PUR_IED_SBernardino_Ext_27aff8,PUR_IED_SBernardino_Ext_27aff8,,,,,
2026-09-12T19:36:07-05:00,PUR_IED_SBernardino_SArte_2ffd33,PUR_IED_SBernardino_SArte_2ffd33,,,,,
2026-09-12T19:36:07-05:00,PUR_IED_SBernardino_SIngl_7c7da5,PUR_IED_SBernardino_SIngl_7c7da5,,,,,
2026-09-12T19:36:07-05:00,PUR_IED_Sago_auditorio_dc9d1d,PUR_IED_Sago_auditorio_dc9d1d,,,,,
2026-09-12T19:36:07-05:00,PUR_IED_Saludcoop_Ext_95aac3,PUR_IED_Saludcoop_Ext_95aac3,,,,,
2026-09-12T19:36:07-05:00,PUR_IED_Saludcoop_InfI_90c854,PUR_IED_Saludcoop_InfI_90c854,,,,,
2026-09-12T19:36:07-05:00,PUR_IED_Saludcoop_SMedia_1b93be,PUR_IED_Saludcoop_SMedia_1b93be,,,,,
2026-09-12T19:36:07-05:00,PUR_IED_SanCarlos_1101_1a2360,PUR_IED_SanCarlos_1101_1a2360,,,,,
2026-09-12T19:36:07-05:00,PUR_IED_SanCarlos_1103_7bafb5,PUR_IED_SanCarlos_1103_7bafb5,,,,,
2026-09-12T19:36:07-05:00,PUR_IED_SanCarlos_Ext_b7cd1,PUR_IED_SanCarlos_Ext_b7cd1,,,,,
2026-09-12T19:36:07-05:00,PUR_IED_SanIgnacioBosa11a_50c26e,PUR_IED_SanIgnacioBosa11a_50c26e,,,,,
2026-09-12T19:36:07-05:00,PUR_IED_SanIgnacioBosa11b_371de8,PUR_IED_SanIgnacioBosa11b_371de8,,,,,
2026-09-12T19:36:07-05:00,PUR_IED_SanIgnacioBosaExt_ef0ffc,PUR_IED_SanIgnacioBosaExt_ef0ffc,,,,,
2026-09-12T19:36:07-05:00,PUR_IED_SanIgnacioBosa_11a_50c26e,PUR_IED_SanIgnacioBosa_11a_50c26e,,,,,
2026-09-12T19:36:07-05:00,PUR_IED_SanIgnacioBosa_Ext_ef0ffc,PUR_IED_SanIgnacioBosa_Ext_ef0ffc,,,,,
2026-09-12T19:36:07-05:00,PUR_IED_SanJoseN_intS1101_31c47f,PUR_IED_SanJoseN_intS1101_31c47f,,,,,
2026-09-12T19:36:07-05:00,PUR_IED_SanJoseUsm_Exter_f5d7e8,PUR_IED_SanJoseUsm_Exter_f5d7e8,,,,,
2026-09-12T19:36:07-05:00,PUR_IED_SanJoseUsm_Int11A_cfdef6,PUR_IED_SanJoseUsm_Int11A_cfdef6,,,,,
2026-09-12T19:36:07-05:00,PUR_IED_SilveriaR_IntB5_905349,PUR_IED_SilveriaR_IntB5_905349,,,,,
2026-09-12T19:36:07-05:00,PUR_IED_SilveriaR_IntSD14_981f93,PUR_IED_SilveriaR_IntSD14_981f93,,,,,
2026-09-12T19:36:07-05:00,PUR_IED_SilveriaR_ext_2b651d,PUR_IED_SilveriaR_ext_2b651d,,,,,
2026-09-12T19:36:07-05:00,PUR_IED_SimonB_Exterior_913975,PUR_IED_SimonB_Exterior_913975,,,,,
2026-09-12T19:36:07-05:00,PUR_IED_SimonB_LabQuimi_c56908,PUR_IED_SimonB_LabQuimi_c56908,,,,,
2026-09-12T19:36:07-05:00,PUR_IED_SimonB_informatic_a28c1,PUR_IED_SimonB_informatic_a28c1,,,,,
2026-09-12T19:36:07-05:00,PUR_IED_Sorrento_1102_315f50,PUR_IED_Sorrento_1102_315f50,,,,,
2026-09-12T19:36:07-05:00,PUR_IED_Sorrento_Minte_214eab,PUR_IED_Sorrento_Minte_214eab,,,,,
2026-09-12T19:36:07-05:00,PUR_IED_Sorrento_ext_7c3a0a,PUR_IED_Sorrento_ext_7c3a0a,,,,,
2026-09-12T19:36:07-05:00,PUR_IED_Tabora_Ext_f048ae,PUR_IED_Tabora_Ext_f048ae,,,,,
2026-09-12T19:36:07-05:00,PUR_IED_Tabora_S1102_b07752,PUR_IED_Tabora_S1102_b07752,,,,,
2026-09-12T19:36:07-05:00,PUR_IED_Tabora_S1103_d988f5,PUR_IED_Tabora_S1103_d988f5,,,,,
2026-09-12T19:36:07-05:00,PUR_IED_Tenerife_Ext_1ab188,PUR_IED_Tenerife_Ext_1ab188,,,,,
2026-09-12T19:36:07-05:00,PUR_IED_Tenerife_SDanzas_7bc02e,PUR_IED_Tenerife_SDanzas_7bc02e,,,,,
2026-09-12T19:36:07-05:00,PUR_IED_Tenerife_SIngles_7cc277,PUR_IED_Tenerife_SIngles_7cc277,,,,,
2026-09-12T19:36:07-05:00,PUR_IED_Tibabuyes_Exter_f2683d,PUR_IED_Tibabuyes_Exter_f2683d,,,,,
2026-09-12T19:36:07-05:00,PUR_IED_Tibabuyes_S10_dc87a8,PUR_IED_Tibabuyes_S10_dc87a8,,,,,
2026-09-12T19:36:07-05:00,PUR_IED_Tibabuyes_S15_dc0526,PUR_IED_Tibabuyes_S15_dc0526,,,,,
2026-09-12T19:36:07-05:00,PUR_IED_UnionE_S301_a1043,PUR_IED_UnionE_S301_a1043,,,,,
2026-09-12T19:36:07-05:00,PUR_IED_UnionE_S307_ff6c2f,PUR_IED_UnionE_S307_ff6c2f,,,,,
2026-09-12T19:36:07-05:00,PUR_IED_UnionE__Ext_5e2468,PUR_IED_UnionE__Ext_5e2468,,,,,
2026-09-12T19:36:07-05:00,PUR_IED_VillaRica_Ext_75be7c,PUR_IED_VillaRica_Ext_75be7c,,,,,
2026-09-12T19:36:07-05:00,PUR_IED_VillaRica_S4_cc5dcd,PUR_IED_VillaRica_S4_cc5dcd,,,,,
2026-09-12T19:36:07-05:00,PUR_IED_VillaRica_Sesp_99f5c,PUR_IED_VillaRica_Sesp_99f5c,,,,,
2026-09-12T19:41:08-05:00,PUR_IED_20deJulio_1101_91b1b9,PUR_IED_20deJulio_1101_91b1b9,,,,,
2026-09-12T19:41:08-05:00,PUR_IED_20deJulio_1102_1cfcf9,PUR_IED_20deJulio_1102_1cfcf9,,,,,
2026-09-12T19:41:08-05:00,PUR_IED_20deJulio_Ext_ab60bd,PUR_IED_20deJulio_Ext_ab60bd,,,,,
2026-09-12T19:41:08-05:00,PUR_IED_AgustinFer_Ext_7b9b77,PUR_IED_AgustinFer_Ext_7b9b77,,,,,
2026-09-12T19:41:08-05:00,PUR_IED_AgustinFer_Info2_27b3a7,PUR_IED_AgustinFer_Info2_27b3a7,,,,,
2026-09-12T19:41:08-05:00,PUR_IED_AgustinFer_Sena_54b4eb,PUR_IED_AgustinFer_Sena_54b4eb,,,,,
2026-09-12T19:41:08-05:00,PUR_IED_AlexanderF_1102_caf07b,PUR_IED_AlexanderF_1102_caf07b,,,,,
2026-09-12T19:41:08-05:00,PUR_IED_AlexanderF_1103_c79e71,PUR_IED_AlexanderF_1103_c79e71,,,,,
2026-09-12T19:41:08-05:00,PUR_IED_AlexanderF_Ext_c5b18b,PUR_IED_AlexanderF_Ext_c5b18b,,,,,
2026-09-12T19:41:08-05:00,PUR_IED_AlfonsoLopez_Ext_281d77,PUR_IED_AlfonsoLopez_Ext_281d77,,,,,
2026-09-12T19:41:08-05:00,PUR_IED_AlfonsoLopez_LabF_888ce0,PUR_IED_AlfonsoLopez_LabF_888ce0,,,,,
2026-09-12T19:41:08-05:00,PUR_IED_AlfonsoLopez_SMed_df6a7f,PUR_IED_AlfonsoLopez_SMed_df6a7f,,,,,
2026-09-12T19:41:08-05:00,PUR_IED_AltamiraSO_A2_209f92,PUR_IED_AltamiraSO_A2_209f92,,,,,
2026-09-12T19:41:08-05:00,PUR_IED_AltamiraSO_Ext_186d66,PUR_IED_AltamiraSO_Ext_186d66,,,,,
2026-09-12T19:41:08-05:00,PUR_IED_AltamiraSO_Sistem_27afe1,PUR_IED_AltamiraSO_Sistem_27afe1,,,,,
2026-09-12T19:41:08-05:00,PUR_IED_AlvaroGom_LabQuim_813179,PUR_IED_AlvaroGom_LabQuim_813179,,,,,
2026-09-12T19:41:08-05:00,PUR_IED_AlvaroGomez_Ext_47c7ca,PUR_IED_AlvaroGomez_Ext_47c7ca,,,,,
2026-09-12T19:41:08-05:00,PUR_IED_AlvaroGomez_LabQuim_813179,PUR_IED_AlvaroGomez_LabQuim_813179,,,,,
2026-09-12T19:41:08-05:00,PUR_IED_AlvaroGomez_S23_7ba89f,PUR_IED_AlvaroGomez_S23_7ba89f,,,,,
2026-09-12T19:41:08-05:00,PUR_IED_Amistad_306_dc8728,PUR_IED_Amistad_306_dc8728,,,,,
2026-09-12T19:41:08-05:00,PUR_IED_Amistad_Ext_8cd55e,PUR_IED_Amistad_Ext_8cd55e,,,,,
2026-09-12T19:41:08-05:00,PUR_IED_Amistad_S202_a41169,PUR_IED_Amistad_S202_a41169,,,,,
2026-09-12T19:41:08-05:00,PUR_IED_AndresBello_Bio_fd5f5e,PUR_IED_AndresBello_Bio_fd5f5e,,,,,
2026-09-12T19:41:08-05:00,PUR_IED_AndresBello_ext_dcad65,PUR_IED_AndresBello_ext_dcad65,,,,,
2026-09-12T19:41:08-05:00,PUR_IED_AndresBello_port_eed3ec,PUR_IED_AndresBello_port_eed3ec,,,,,
2026-09-12T19:41:08-05:00,PUR_IED_AngelaR_11b_d90a6b,PUR_IED_AngelaR_11b_d90a6b,,,,,
2026-09-12T19:41:08-05:00,PUR_IED_AngelaR_ext_7cad3e,PUR_IED_AngelaR_ext_7cad3e,4,19,62,4.5825,-74.164497
2026-09-12T19:41:08-05:00,PUR_IED_AntJoseSucre_10mo_df2575,PUR_IED_AntJoseSucre_10mo_df2575,,,,,
2026-09-12T19:41:08-05:00,PUR_IED_AntJoseSucre_Ext_215b36,PUR_IED_AntJoseSucre_Ext_215b36,,,,,
2026-09-12T19:41:08-05:00,PUR_IED_AntJoseSucre_Lab_3139de,PUR_IED_AntJoseSucre_Lab_3139de,,,,,
2026-09-12T19:41:08-05:00,PUR_IED_AntonioGarcia_301_d6b188,PUR_IED_AntonioGarcia_301_d6b188,,,,,
2026-09-12T19:41:08-05:00,PUR_IED_AntonioGarcia_302_88a82,PUR_IED_AntonioGarcia_302_88a82,,,,,
2026-09-12T19:41:08-05:00,PUR_IED_AntonioGarcia_Ext_20950c,PUR_IED_AntonioGarcia_Ext_20950c,,,,,
2026-09-12T19:41:08-05:00,PUR_IED_AntonioVan_Aula2_6dea02,PUR_IED_AntonioVan_Aula2_6dea02,,,,,
2026-09-12T19:41:08-05:00,PUR_IED_AntonioVan_Aula5_f1557e,PUR_IED_AntonioVan_Aula5_f1557e,,,,,
2026-09-12T19:41:08-05:00,PUR_IED_AntonioVan_Ext_406f2f,PUR_IED_AntonioVan_Ext_406f2f,,,,,
2026-09-12T19:41:08-05:00,PUR_IED_Atabanzha_Ext_cc5af9,PUR_IED_Atabanzha_Ext_cc5af9,,,,,
2026-09-12T19:41:08-05:00,PUR_IED_Atabanzha_SA101_56c37,PUR_IED_Atabanzha_SA101_56c37,,,,,
2026-09-12T19:41:08-05:00,PUR_IED_Atabanzha_SB302_27b374,PUR_IED_Atabanzha_SB302_27b374,,,,,
2026-09-12T19:41:08-05:00,PUR_IED_Atahualpa_Ext_fc1748,PUR_IED_Atahualpa_Ext_fc1748,,,,,
2026-09-12T19:41:08-05:00,PUR_IED_Atahualpa_Informa_dc9a95,PUR_IED_Atahualpa_Informa_dc9a95,,,,,
2026-09-12T19:41:08-05:00,PUR_IED_Atahualpa_S1101_f98056,PUR_IED_Atahualpa_S1101_f98056,,,,,
2026-09-12T19:41:08-05:00,PUR_IED_Bellavista_Ext_f5aa74,PUR_IED_Bellavista_Ext_f5aa74,,,,,
2026-09-12T19:41:08-05:00,PUR_IED_Bilbao_11A_916c41,PUR_IED_Bilbao_11A_916c41,,,,,
2026-09-12T19:41:08-05:00,PUR_IED_Bilbao_Ext_fb579a,PUR_IED_Bilbao_Ext_fb579a,,,,,
2026-09-12T19:41:08-05:00,PUR_IED_BrasiliaU_A125_304280,PUR_IED_BrasiliaU_A125_304280,,,,,
2026-09-12T19:41:08-05:00,PUR_IED_BrasiliaU_A203_7c8ca5,PUR_IED_BrasiliaU_A203_7c8ca5,,,,,
2026-09-12T19:41:08-05:00,PUR_IED_BrasiliaU_Ext_8d6e9f,PUR_IED_BrasiliaU_Ext_8d6e9f,,,,,
2026-09-12T19:41:08-05:00,PUR_IED_Brasilia_Ext_fe6593,PUR_IED_Brasilia_Ext_fe6593,,,,,
2026-09-12T19:41:08-05:00,PUR_IED_Brasilia_S24_7c130d,PUR_IED_Brasilia_S24_7c130d,,,,,
2026-09-12T19:41:08-05:00,PUR_IED_Brasilia_S501_186a54,PUR_IED_Brasilia_S501_186a54,,,,,
2026-09-12T19:41:08-05:00,PUR_IED_CHARRY_EXT_f1d5cd,PUR_IED_CHARRY_EXT_f1d5cd,,,,,
2026-09-12T19:41:08-05:00,PUR_IED_CHARRY_INTDANZAS_7a08e6,PUR_IED_CHARRY_INTDANZAS_7a08e6,,,,,
2026-09-12T19:41:08-05:00,PUR_IED_CHARRY_INT_AULA20_dc998d,PUR_IED_CHARRY_INT_AULA20_dc998d,,,,,
2026-09-12T19:41:08-05:00,PUR_IED_COLVIV_1101_S25_7f520a,PUR_IED_COLVIV_1101_S25_7f520a,,,,,
2026-09-12T19:41:08-05:00,PUR_IED_COLVIV_1102_S16_f570ba,PUR_IED_COLVIV_1102_S16_f570ba,,,,,
2026-09-12T19:41:08-05:00,PUR_IED_COLVIV_Ext_1a26fa,PUR_IED_COLVIV_Ext_1a26fa,,,,,
2026-09-12T19:41:08-05:00,PUR_IED_CULPOP_301A_f660f3,PUR_IED_CULPOP_301A_f660f3,,,,,
2026-09-12T19:41:08-05:00,PUR_IED_CULPOP_303_568afe,PUR_IED_CULPOP_303_568afe,,,,,
2026-09-12T19:41:08-05:00,PUR_IED_CULPOP_Ext_e02ccb,PUR_IED_CULPOP_Ext_e02ccb,,,,,
2026-09-12T19:41:08-05:00,PUR_IED_CVillavicen_Ext_26eb58,PUR_IED_CVillavicen_Ext_26eb58,4,16,76,4.487,-74.102798
2026-09-12T19:41:08-05:00,PUR_IED_CVillavicen_Intel_1ce5c2,PUR_IED_CVillavicen_Intel_1ce5c2,,,,,
2026-09-12T19:41:08-05:00,PUR_IED_CVillavicen_Poliv_e0766c,PUR_IED_CVillavicen_Poliv_e0766c,,,,,
2026-09-12T19:41:08-05:00,PUR_IED_CVillavicen_int_1ba140,PUR_IED_CVillavicen_int_1ba140,,,,,
2026-09-12T19:41:08-05:00,PUR_IED_CVillavicen_intel_1ba140,PUR_IED_CVillavicen_intel_1ba140,,,,,
2026-09-12T19:41:08-05:00,PUR_IED_CarlosPizarro_Ext_e307cc,PUR_IED_CarlosPizarro_Ext_e307cc,,,,,
2026-09-12T19:41:08-05:00,PUR_IED_CarlosPizarro_L36_7e5cdb,PUR_IED_CarlosPizarro_L36_7e5cdb,,,,,
2026-09-12T19:41:08-05:00,PUR_IED_CarlosPizarro_L37_c8566c,PUR_IED_CarlosPizarro_L37_c8566c,,,,,
2026-09-12T19:41:08-05:00,PUR_IED_Castilla_Ext_cf35f,PUR_IED_Castilla_Ext_cf35f,,,,,
2026-09-12T19:41:08-05:00,PUR_IED_Castilla_SFisik_360e38,PUR_IED_Castilla_SFisik_360e38,,,,,
2026-09-12T19:41:08-05:00,PUR_IED_Castilla_Sc304_496fbf,PUR_IED_Castilla_Sc304_496fbf,,,,,
2026-09-12T19:41:08-05:00,PUR_IED_CervantesSa_Ext_6b57b,PUR_IED_CervantesSa_Ext_6b57b,5,19,67,4.5128,-74.117203
2026-09-12T19:41:08-05:00,PUR_IED_CervantesSa_S107_225c2b,PUR_IED_CervantesSa_S107_225c2b,,,,,
2026-09-12T19:41:08-05:00,PUR_IED_CervantesSa_S108_940925,PUR_IED_CervantesSa_S108_940925,,,,,
2026-09-12T19:41:08-05:00,PUR_IED_Charry_A20_f53e7c,PUR_IED_Charry_A20_f53e7c,,,,,
2026-09-12T19:41:08-05:00,PUR_IED_Charry_Ext_f1d5cd,PUR_IED_Charry_Ext_f1d5cd,,,,,
2026-09-12T19:41:08-05:00,PUR_IED_Charry_IntAula20_dc998d,PUR_IED_Charry_IntAula20_dc998d,,,,,
2026-09-12T19:41:08-05:00,PUR_IED_Charry_IntDanzas_7a08e6,PUR_IED_Charry_IntDanzas_7a08e6,,,,,
2026-09-12T19:41:08-05:00,PUR_IED_ClememciaC_203_43e2fc,PUR_IED_ClememciaC_203_43e2fc,,,,,
2026-09-12T19:41:08-05:00,PUR_IED_ClememciaC_Ext_1b411a,PUR_IED_ClememciaC_Ext_1b411a,,,,,
2026-09-12T19:41:08-05:00,PUR_IED_ClememciaC_Quimic_44b5fc,PUR_IED_ClememciaC_Quimic_44b5fc,,,,,
2026-09-12T19:41:08-05:00,PUR_IED_ClemenciaC_203_43e2fc,PUR_IED_ClemenciaC_203_43e2fc,,,,,
2026-09-12T19:41:08-05:00,PUR_IED_ClemenciaC_Ext_1b411a,PUR_IED_ClemenciaC_Ext_1b411a,,,,,
2026-09-12T19:41:08-05:00,PUR_IED_ClemenciaC_Quimic_44b5fc,PUR_IED_ClemenciaC_Quimic_44b5fc,,,,,
2026-09-12T19:41:08-05:00,PUR_IED_ColViva_1101_S25_7f520a,PUR_IED_ColViva_1101_S25_7f520a,,,,,
2026-09-12T19:41:08-05:00,PUR_IED_ColViva_1102_S16_f570ba,PUR_IED_ColViva_1102_S16_f570ba,,,,,
2026-09-12T19:41:08-05:00,PUR_IED_ColViva_Ext_1a26fa,PUR_IED_ColViva_Ext_1a26fa,,,,,
2026-09-12T19:41:08-05:00,PUR_IED_ColegioBici_Asist_7c8798,PUR_IED_ColegioBici_Asist_7c8798,,,,,
2026-09-12T19:41:08-05:00,PUR_IED_ColegioBici_Ext_25cbf6,PUR_IED_ColegioBici_Ext_25cbf6,,,,,
2026-09-12T19:41:08-05:00,PUR_IED_ColegioBici_LabQ_7b57db,PUR_IED_ColegioBici_LabQ_7b57db,,,,,
2026-09-12T19:41:08-05:00,PUR_IED_CostaRica_Ext_5e640,PUR_IED_CostaRica_Ext_5e640,,,,,
2026-09-12T19:41:08-05:00,PUR_IED_CostaRica_Quim1_766d1c,PUR_IED_CostaRica_Quim1_766d1c,,,,,
2026-09-12T19:41:08-05:00,PUR_IED_CostaRica__Fisica_6f0873,PUR_IED_CostaRica__Fisica_6f0873,,,,,
2026-09-12T19:41:08-05:00,PUR_IED_CulPopu_301A_f660f3,PUR_IED_CulPopu_301A_f660f3,,,,,
2026-09-12T19:41:08-05:00,PUR_IED_CulPopu_303_568afe,PUR_IED_CulPopu_303_568afe,,,,,
2026-09-12T19:41:08-05:00,PUR_IED_CulPopu_Ext_e02ccb,PUR_IED_CulPopu_Ext_e02ccb,,,,,
2026-09-12T19:41:08-05:00,PUR_IED_Cundinamarca_Ext_f15985,PUR_IED_Cundinamarca_Ext_f15985,,,,,
2026-09-12T19:41:08-05:00,PUR_IED_Cundinamarca_Info_7aa5d7,PUR_IED_Cundinamarca_Info_7aa5d7,,,,,
2026-09-12T19:41:08-05:00,PUR_IED_Cundinamarca_Tec2_f449c7,PUR_IED_Cundinamarca_Tec2_f449c7,,,,,
2026-09-12T19:41:08-05:00,PUR_IED_DiegoM_Aula1_27b314,PUR_IED_DiegoM_Aula1_27b314,,,,,
2026-09-12T19:41:08-05:00,PUR_IED_DiegoM_Ext_d80ac8,PUR_IED_DiegoM_Ext_d80ac8,,,,,
2026-09-12T19:41:08-05:00,PUR_IED_DiegoM_S25_da928f,PUR_IED_DiegoM_S25_da928f,,,,,
2026-09-12T19:41:08-05:00,PUR_IED_ELRODEO_360881,PUR_IED_ELRODEO_360881,,,,,
2026-09-12T19:41:08-05:00,PUR_IED_ELRODEO_ext_360881,PUR_IED_ELRODEO_ext_360881,,,,,
2026-09-12T19:41:08-05:00,PUR_IED_EduardoU_Ext_1c1969,PUR_IED_EduardoU_Ext_1c1969,,,,,
2026-09-12T19:41:08-05:00,PUR_IED_EduardoU_SCiencia_4dfb94,PUR_IED_EduardoU_SCiencia_4dfb94,,,,,
2026-09-12T19:41:08-05:00,PUR_IED_EduardoU_SQuimica_5a46e7,PUR_IED_EduardoU_SQuimica_5a46e7,,,,,
2026-09-12T19:41:08-05:00,PUR_IED_ElRodeo_Aula14_676984,PUR_IED_ElRodeo_Aula14_676984,,,,,
2026-09-12T19:41:08-05:00,PUR_IED_ElRodeo_Aula16_2dd35b,PUR_IED_ElRodeo_Aula16_2dd35b,,,,,
2026-09-12T19:41:08-05:00,PUR_IED_ElRodeo_Ext_360881,PUR_IED_ElRodeo_Ext_360881,,,,,
2026-09-12T19:41:08-05:00,PUR_IED_ElRodeo_Exterior_8c6d28,PUR_IED_ElRodeo_Exterior_8c6d28,,,,,
2026-09-12T19:41:08-05:00,PUR_IED_ElRodeo_ext_360881,PUR_IED_ElRodeo_ext_360881,,,,,
2026-09-12T19:41:08-05:00,PUR_IED_EmmaReyes_Ext_987625,PUR_IED_EmmaReyes_Ext_987625,3,21,51,4.6367,-74.1511
2026-09-12T19:41:08-05:00,PUR_IED_Ensueño_Ext_7f0250,PUR_IED_Ensueño_Ext_7f0250,,,,,
2026-09-12T19:41:08-05:00,PUR_IED_EscNormal_Ext_5fef3b,PUR_IED_EscNormal_Ext_5fef3b,2,19,57,4.5852,-74.096901
2026-09-12T19:41:08-05:00,PUR_IED_EscNormal_S309_5b263,PUR_IED_EscNormal_S309_5b263,,,,,
2026-09-12T19:41:08-05:00,PUR_IED_EscNormal_S310_27b3b8,PUR_IED_EscNormal_S310_27b3b8,,,,,
2026-09-12T19:41:08-05:00,PUR_IED_Evangelista_Conta_f6cd4f,PUR_IED_Evangelista_Conta_f6cd4f,,,,,
2026-09-12T19:41:08-05:00,PUR_IED_Evangelista_Cri_5e16a,PUR_IED_Evangelista_Cri_5e16a,,,,,
2026-09-12T19:41:08-05:00,PUR_IED_Evangelista_Exter_754066,PUR_IED_Evangelista_Exter_754066,,,,,
2026-09-12T19:41:08-05:00,PUR_IED_FMiranda_S209_5cc2a3,PUR_IED_FMiranda_S209_5cc2a3,,,,,
2026-09-12T19:41:08-05:00,PUR_IED_FMiranda_S303_19e344,PUR_IED_FMiranda_S303_19e344,,,,,
2026-09-12T19:41:08-05:00,PUR_IED_FMiranda_ext_f53e7c,PUR_IED_FMiranda_ext_f53e7c,,,,,
2026-09-12T19:41:08-05:00,PUR_IED_FabioLozano_Bibli_1cee05,PUR_IED_FabioLozano_Bibli_1cee05,,,,,
2026-09-12T19:41:08-05:00,PUR_IED_FabioLozano_Ext_6ea285,PUR_IED_FabioLozano_Ext_6ea285,,,,,
2026-09-12T19:41:08-05:00,PUR_IED_FabioLozano_SLudi_f09e1e,PUR_IED_FabioLozano_SLudi_f09e1e,,,,,
2026-09-12T19:41:08-05:00,PUR_IED_FaustinoS_Aula07_27a731,PUR_IED_FaustinoS_Aula07_27a731,,,,,
2026-09-12T19:41:08-05:00,PUR_IED_FaustinoS_Ext_7b936f,PUR_IED_FaustinoS_Ext_7b936f,,,,,
2026-09-12T19:41:08-05:00,PUR_IED_FaustinoS_Fisica_da2c60,PUR_IED_FaustinoS_Fisica_da2c60,,,,,
2026-09-12T19:41:08-05:00,PUR_IED_FeGarciaLo_Ext_dc68ee,PUR_IED_FeGarciaLo_Ext_dc68ee,,,,,
2026-09-12T19:41:08-05:00,PUR_IED_FeGarciaLo_SDanza_f70a59,PUR_IED_FeGarciaLo_SDanza_f70a59,,,,,
2026-09-12T19:41:08-05:00,PUR_IED_FeGarciaLo_SMusic_125cdd,PUR_IED_FeGarciaLo_SMusic_125cdd,,,,,
2026-09-12T19:41:08-05:00,PUR_IED_FederalAlema_Exte_50c345,PUR_IED_FederalAlema_Exte_50c345,,,,,
2026-09-12T19:41:08-05:00,PUR_IED_FederalAlema_S31_f18371,PUR_IED_FederalAlema_S31_f18371,,,,,
2026-09-12T19:41:08-05:00,PUR_IED_FederalAlema_S901_a62cd,PUR_IED_FederalAlema_S901_a62cd,,,,,
2026-09-12T19:41:08-05:00,PUR_IED_FilarmonicaS_A5_f35eb1,PUR_IED_FilarmonicaS_A5_f35eb1,,,,,
2026-09-12T19:41:08-05:00,PUR_IED_FilarmonicaS_Ext_8a3bde,PUR_IED_FilarmonicaS_Ext_8a3bde,,,,,
2026-09-12T19:41:08-05:00,PUR_IED_FilarmonicaS_Spol_406114,PUR_IED_FilarmonicaS_Spol_406114,,,,,
2026-09-12T19:41:08-05:00,PUR_IED_FlorentinoG_A13_d1fa59,PUR_IED_FlorentinoG_A13_d1fa59,,,,,
2026-09-12T19:41:08-05:00,PUR_IED_FlorentinoG_Ext_1ce6ce,PUR_IED_FlorentinoG_Ext_1ce6ce,,,,,
2026-09-12T19:41:08-05:00,PUR_IED_FlorentinoG_Idiom_a66aac,PUR_IED_FlorentinoG_Idiom_a66aac,,,,,
2026-09-12T19:41:08-05:00,PUR_IED_FranciscoMati_Ext_e3869d,PUR_IED_FranciscoMati_Ext_e3869d,,,,,
2026-09-12T19:41:08-05:00,PUR_IED_FranciscoMati_S13_f31c67,PUR_IED_FranciscoMati_S13_f31c67,,,,,
2026-09-12T19:41:08-05:00,PUR_IED_FranciscoMati_S14_97dead,PUR_IED_FranciscoMati_S14_97dead,,,,,
2026-09-12T19:41:08-05:00,PUR_IED_FranciscoPS_Ext_7bfa9a,PUR_IED_FranciscoPS_Ext_7bfa9a,3,20,58,4.5899,-74.110397
2026-09-12T19:41:08-05:00,PUR_IED_FranciscoPS_Infor_fb8f4c,PUR_IED_FranciscoPS_Infor_fb8f4c,,,,,
2026-09-12T19:41:08-05:00,PUR_IED_FranciscoPS_Quimi_94d39c,PUR_IED_FranciscoPS_Quimi_94d39c,,,,,
2026-09-12T19:41:08-05:00,PUR_IED_FranciscoP_LabQ_d7e148,PUR_IED_FranciscoP_LabQ_d7e148,,,,,
2026-09-12T19:41:08-05:00,PUR_IED_FranciscoP_S28_cf9b30,PUR_IED_FranciscoP_S28_cf9b30,,,,,
2026-09-12T19:41:08-05:00,PUR_IED_FranciscoP_ext_e2313,PUR_IED_FranciscoP_ext_e2313,,,,,
2026-09-12T19:41:08-05:00,PUR_IED_FriederichN_Ext_8ac92a,PUR_IED_FriederichN_Ext_8ac92a,,,,,
2026-09-12T19:41:08-05:00,PUR_IED_FriederichN_S301_dd7e5a,PUR_IED_FriederichN_S301_dd7e5a,,,,,
2026-09-12T19:41:08-05:00,PUR_IED_FriederichN_S308_761f4f,PUR_IED_FriederichN_S308_761f4f,,,,,
2026-09-12T19:41:08-05:00,PUR_IED_GSantander_Aula10_533dd7,PUR_IED_GSantander_Aula10_533dd7,,,,,
2026-09-12T19:41:08-05:00,PUR_IED_GSantander_Aula12_fd4e4f,PUR_IED_GSantander_Aula12_fd4e4f,,,,,
2026-09-12T19:41:08-05:00,PUR_IED_GSantander_Aula310_533dd7,PUR_IED_GSantander_Aula310_533dd7,,,,,
2026-09-12T19:41:08-05:00,PUR_IED_GSantander_Aula312_fd4e4f,PUR_IED_GSantander_Aula312_fd4e4f,,,,,
2026-09-12T19:41:08-05:00,PUR_IED_GSantander_Ext_5f66b0,PUR_IED_GSantander_Ext_5f66b0,,,,,
2026-09-12T19:41:08-05:00,PUR_IED_GYomasa_Ext_f6bea5,PUR_IED_GYomasa_Ext_f6bea5,,,,,
2026-09-12T19:41:08-05:00,PUR_IED_GYomasa_LBiol_2c41aa,PUR_IED_GYomasa_LBiol_2c41aa,,,,,
2026-09-12T19:41:08-05:00,PUR_IED_GYomasa_LQuim_33c80,PUR_IED_GYomasa_LQuim_33c80,,,,,
2026-09-12T19:41:08-05:00,PUR_IED_GabBetMejia_Cienc_5a99c,PUR_IED_GabBetMejia_Cienc_5a99c,,,,,
2026-09-12T19:41:08-05:00,PUR_IED_GabBetMejia_Ext_9153d0,PUR_IED_GabBetMejia_Ext_9153d0,,,,,
2026-09-12T19:41:08-05:00,PUR_IED_GabBetMejia_Lab_f55347,PUR_IED_GabBetMejia_Lab_f55347,,,,,
2026-09-12T19:41:08-05:00,PUR_IED_GabBetanMejia_Ext_9153d0,PUR_IED_GabBetanMejia_Ext_9153d0,,,,,
2026-09-12T19:41:08-05:00,PUR_IED_Gaitana_Aula13_7aac11,PUR_IED_Gaitana_Aula13_7aac11,,,,,
2026-09-12T19:41:08-05:00,PUR_IED_Gaitana_Ext_5fcf4,PUR_IED_Gaitana_Ext_5fcf4,,,,,
2026-09-12T19:41:08-05:00,PUR_IED_Gaitana_LabFisica_644448,PUR_IED_Gaitana_LabFisica_644448,,,,,
2026-09-12T19:41:08-05:00,PUR_IED_GenSantander_Dise_8ac858,PUR_IED_GenSantander_Dise_8ac858,,,,,
2026-09-12T19:41:08-05:00,PUR_IED_GenSantander_Ext_8d5dfe,PUR_IED_GenSantander_Ext_8d5dfe,,,,,
2026-09-12T19:41:08-05:00,PUR_IED_GenSantander_Info_6c25b,PUR_IED_GenSantander_Info_6c25b,,,,,
2026-09-12T19:41:08-05:00,PUR_IED_GustavoMo_Exterio_75e63d,PUR_IED_GustavoMo_Exterio_75e63d,,,,,
2026-09-12T19:41:08-05:00,PUR_IED_GustavoMo_LabFisi_224d37,PUR_IED_GustavoMo_LabFisi_224d37,,,,,
2026-09-12T19:41:08-05:00,PUR_IED_GustavoMo_S208_3e6918,PUR_IED_GustavoMo_S208_3e6918,,,,,
2026-09-12T19:41:08-05:00,PUR_IED_GustavoR_A02_8cd4a8,PUR_IED_GustavoR_A02_8cd4a8,,,,,
2026-09-12T19:41:08-05:00,PUR_IED_GustavoR_B11_5b0ed,PUR_IED_GustavoR_B11_5b0ed,,,,,
2026-09-12T19:41:08-05:00,PUR_IED_GustavoR_Ext_7a0c90,PUR_IED_GustavoR_Ext_7a0c90,,,,,
2026-09-12T19:41:08-05:00,PUR_IED_HernandoDuran_Ext_8cd82b,PUR_IED_HernandoDuran_Ext_8cd82b,,,,,
2026-09-12T19:41:08-05:00,PUR_IED_HernandoDuran_S24_2772c6,PUR_IED_HernandoDuran_S24_2772c6,,,,,
2026-09-12T19:41:08-05:00,PUR_IED_HernandoDuran_S30_f2de41,PUR_IED_HernandoDuran_S30_f2de41,,,,,
2026-09-12T19:41:08-05:00,PUR_IED_HolguInUr_S1101_8cd732,PUR_IED_HolguInUr_S1101_8cd732,,,,,
2026-09-12T19:41:08-05:00,PUR_IED_HolguinUr_Exter_ddae6d,PUR_IED_HolguinUr_Exter_ddae6d,,,,,
2026-09-12T19:41:08-05:00,PUR_IED_HolguinUr_LabQuim_92b952,PUR_IED_HolguinUr_LabQuim_92b952,,,,,
2026-09-12T19:41:08-05:00,PUR_IED_Isabel-II_Ext_5245cc,PUR_IED_Isabel-II_Ext_5245cc,5,20,56,4.6336,-74.153
2026-09-12T19:41:08-05:00,PUR_IED_Isabel-II_S_idiom_1c29aa,PUR_IED_Isabel-II_S_idiom_1c29aa,,,,,
2026-09-12T19:41:08-05:00,PUR_IED_Isabel-II_S_infor_fd741,PUR_IED_Isabel-II_S_infor_fd741,,,,,
2026-09-12T19:41:08-05:00,PUR_IED_IsidroSur_Exterio_5b90ea,PUR_IED_IsidroSur_Exterio_5b90ea,,,,,
2026-09-12T19:41:08-05:00,PUR_IED_IsidroSur_LabTec_56697a,PUR_IED_IsidroSur_LabTec_56697a,,,,,
2026-09-12T19:41:08-05:00,PUR_IED_IsidroSur_Robotic_b7c38f,PUR_IED_IsidroSur_Robotic_b7c38f,,,,,
2026-09-12T19:41:08-05:00,PUR_IED_IsmaelPerd_Ext_7b6672,PUR_IED_IsmaelPerd_Ext_7b6672,,,,,
2026-09-12T19:41:08-05:00,PUR_IED_IsmaelPerd_Inform_306540,PUR_IED_IsmaelPerd_Inform_306540,,,,,
2026-09-12T19:41:08-05:00,PUR_IED_IsmaelPerd_S30_2e2c83,PUR_IED_IsmaelPerd_S30_2e2c83,,,,,
2026-09-12T19:41:08-05:00,PUR_IED_JLozano_Exter_432910,PUR_IED_JLozano_Exter_432910,,,,,
2026-09-12T19:41:08-05:00,PUR_IED_JLozano_salaMulti_df5125,PUR_IED_JLozano_salaMulti_df5125,,,,,
2026-09-12T19:41:08-05:00,PUR_IED_JMCordoba_206_86f80b,PUR_IED_JMCordoba_206_86f80b,,,,,
2026-09-12T19:41:08-05:00,PUR_IED_JMCordoba_Ext_27ad97,PUR_IED_JMCordoba_Ext_27ad97,,,,,
2026-09-12T19:41:08-05:00,PUR_IED_JMCordoba_S310_d59ab4,PUR_IED_JMCordoba_S310_d59ab4,,,,,
2026-09-12T19:41:08-05:00,PUR_IED_Japon_Ext_549100,PUR_IED_Japon_Ext_549100,,,,,
2026-09-12T19:41:08-05:00,PUR_IED_Japon_Laboratorio_bec51d,PUR_IED_Japon_Laboratorio_bec51d,,,,,
2026-09-12T19:41:08-05:00,PUR_IED_Japon_informatica_d99327,PUR_IED_Japon_informatica_d99327,,,,,
2026-09-12T19:41:08-05:00,PUR_IED_Jazmin_Ext_d27bda,PUR_IED_Jazmin_Ext_d27bda,,,,,
2026-09-12T19:41:08-05:00,PUR_IED_Jazmin_Fisica_8d14d7,PUR_IED_Jazmin_Fisica_8d14d7,,,,,
2026-09-12T19:41:08-05:00,PUR_IED_Jazmin_Quimica_801cb5,PUR_IED_Jazmin_Quimica_801cb5,,,,,
2026-09-12T19:41:08-05:00,PUR_IED_JorgeGaitan_Exter_f098d1,PUR_IED_JorgeGaitan_Exter_f098d1,,,,,
2026-09-12T19:41:08-05:00,PUR_IED_JorgeGaitan_STec1_dc9d1d,PUR_IED_JorgeGaitan_STec1_dc9d1d,,,,,
2026-09-12T19:41:08-05:00,PUR_IED_JorgeGaitan_STec2_281e69,PUR_IED_JorgeGaitan_STec2_281e69,,,,,
2026-09-12T19:41:08-05:00,PUR_IED_JorgeSoto_Exterio_d9d0a2,PUR_IED_JorgeSoto_Exterio_d9d0a2,,,,,
2026-09-12T19:41:08-05:00,PUR_IED_JorgeSoto_LabFisi_209c54,PUR_IED_JorgeSoto_LabFisi_209c54,,,,,
2026-09-12T19:41:08-05:00,PUR_IED_JorgeSoto_S103_27b51a,PUR_IED_JorgeSoto_S103_27b51a,,,,,
2026-09-12T19:41:08-05:00,PUR_IED_JoseAcevedo_A02_e965eb,PUR_IED_JoseAcevedo_A02_e965eb,,,,,
2026-09-12T19:41:08-05:00,PUR_IED_JoseAcevedo_A07_dd5b4,PUR_IED_JoseAcevedo_A07_dd5b4,,,,,
2026-09-12T19:41:08-05:00,PUR_IED_JoseAcevedo_Ext_b47484,PUR_IED_JoseAcevedo_Ext_b47484,,,,,
2026-09-12T19:41:08-05:00,PUR_IED_JoseMarti_Exte_5b9bf,PUR_IED_JoseMarti_Exte_5b9bf,,,,,
2026-09-12T19:41:08-05:00,PUR_IED_JoseMarti_LabQuim_1c6c2d,PUR_IED_JoseMarti_LabQuim_1c6c2d,,,,,
2026-09-12T19:41:08-05:00,PUR_IED_JoseMarti_S_info_f5f177,PUR_IED_JoseMarti_S_info_f5f177,,,,,
2026-09-12T19:41:08-05:00,PUR_IED_Josejoaquin_Ext_dfc5dc,PUR_IED_Josejoaquin_Ext_dfc5dc,,,,,
2026-09-12T19:41:08-05:00,PUR_IED_Josejoaquin_S05_5b2a96,PUR_IED_Josejoaquin_S05_5b2a96,,,,,
2026-09-12T19:41:08-05:00,PUR_IED_Josejoaquin_S06_1ce7d2,PUR_IED_Josejoaquin_S06_1ce7d2,,,,,
2026-09-12T19:41:08-05:00,PUR_IED_JulioFlorez_Danza_9b82dd,PUR_IED_JulioFlorez_Danza_9b82dd,,,,,
2026-09-12T19:41:08-05:00,PUR_IED_JulioFlorez_Exter_f9f314,PUR_IED_JulioFlorez_Exter_f9f314,,,,,
2026-09-12T19:41:08-05:00,PUR_IED_JulioFlorez_info2_6b6e08,PUR_IED_JulioFlorez_info2_6b6e08,,,,,
2026-09-12T19:41:08-05:00,PUR_IED_LaBelleza_Aula13_1d00d8,PUR_IED_LaBelleza_Aula13_1d00d8,,,,,
2026-09-12T19:41:08-05:00,PUR_IED_LaBelleza_Ext_7bc08c,PUR_IED_LaBelleza_Ext_7bc08c,,,,,
2026-09-12T19:41:08-05:00,PUR_IED_LaChucua_Ext_8cd6d2,PUR_IED_LaChucua_Ext_8cd6d2,,,,,
2026-09-12T19:41:08-05:00,PUR_IED_LaChucua_S15_f578ce,PUR_IED_LaChucua_S15_f578ce,,,,,
2026-09-12T19:41:08-05:00,PUR_IED_LaChucua_S16_eebcf9,PUR_IED_LaChucua_S16_eebcf9,,,,,
2026-09-12T19:41:08-05:00,PUR_IED_LaFelicidad_Ext_fb5109,PUR_IED_LaFelicidad_Ext_fb5109,,,,,
2026-09-12T19:41:08-05:00,PUR_IED_LaMerced_206_66ebd,PUR_IED_LaMerced_206_66ebd,,,,,
2026-09-12T19:41:08-05:00,PUR_IED_LaMerced_207_6ebd6,PUR_IED_LaMerced_207_6ebd6,,,,,
2026-09-12T19:41:08-05:00,PUR_IED_LaMerced_ext_304311,PUR_IED_LaMerced_ext_304311,,,,,
2026-09-12T19:41:08-05:00,PUR_IED_Laureano_CiencNat_281e5e,PUR_IED_Laureano_CiencNat_281e5e,,,,,
2026-09-12T19:41:08-05:00,PUR_IED_Laureano_Comedor_f65c0a,PUR_IED_Laureano_Comedor_f65c0a,,,,,
2026-09-12T19:41:08-05:00,PUR_IED_Laureano_Exterior_7ab011,PUR_IED_Laureano_Exterior_7ab011,,,,,
2026-09-12T19:41:08-05:00,PUR_IED_LeonGreiff_Exte_dfe560,PUR_IED_LeonGreiff_Exte_dfe560,,,,,
2026-09-12T19:41:08-05:00,PUR_IED_LeonGreiff_S210_f264ed,PUR_IED_LeonGreiff_S210_f264ed,,,,,
2026-09-12T19:41:08-05:00,PUR_IED_LeonGreiff_SQuimi_e8296f,PUR_IED_LeonGreiff_SQuimi_e8296f,,,,,
2026-09-12T19:41:08-05:00,PUR_IED_LlanoOrientalS208_7b9fcd,PUR_IED_LlanoOrientalS208_7b9fcd,,,,,
2026-09-12T19:41:08-05:00,PUR_IED_LlanoOriental_Ext_fb3766,PUR_IED_LlanoOriental_Ext_fb3766,,,,,
2026-09-12T19:41:08-05:00,PUR_IED_LlanoOriental_S208_7b9fcd,PUR_IED_LlanoOriental_S208_7b9fcd,,,,,
2026-09-12T19:41:08-05:00,PUR_IED_LlanoOriental_S9_27b378,PUR_IED_LlanoOriental_S9_27b378,,,,,
2026-09-12T19:41:08-05:00,PUR_IED_LosTejares_1101_477602,PUR_IED_LosTejares_1101_477602,,,,,
2026-09-12T19:41:08-05:00,PUR_IED_LosTejares_11_d2c595,PUR_IED_LosTejares_11_d2c595,,,,,
2026-09-12T19:41:08-05:00,PUR_IED_LosTejares_12_477602,PUR_IED_LosTejares_12_477602,,,,,
2026-09-12T19:41:08-05:00,PUR_IED_LosTejares_Ext_8e2115,PUR_IED_LosTejares_Ext_8e2115,,,,,
2026-09-12T19:41:08-05:00,PUR_IED_MagdalenaO_B202_5ddda3,PUR_IED_MagdalenaO_B202_5ddda3,,,,,
2026-09-12T19:41:08-05:00,PUR_IED_MagdalenaO_B205_fb76e8,PUR_IED_MagdalenaO_B205_fb76e8,,,,,
2026-09-12T19:41:08-05:00,PUR_IED_MagdalenaO_ext_dc69cd,PUR_IED_MagdalenaO_ext_dc69cd,,,,,
2026-09-12T19:41:08-05:00,PUR_IED_ManueCepeda_artes_eee956,PUR_IED_ManueCepeda_artes_eee956,,,,,
2026-09-12T19:41:08-05:00,PUR_IED_ManuelCepeda_Ext_58313,PUR_IED_ManuelCepeda_Ext_58313,,,,,
2026-09-12T19:41:08-05:00,PUR_IED_ManuelCepeda_tec_1c5731,PUR_IED_ManuelCepeda_tec_1c5731,,,,,
2026-09-12T19:41:08-05:00,PUR_IED_ManuelS_Exterior_5b269,PUR_IED_ManuelS_Exterior_5b269,,,,,
2026-09-12T19:41:08-05:00,PUR_IED_ManuelS_Inform_f369ce,PUR_IED_ManuelS_Inform_f369ce,,,,,
2026-09-12T19:41:08-05:00,PUR_IED_ManuelS_SArtes_7d15f1,PUR_IED_ManuelS_SArtes_7d15f1,,,,,
2026-09-12T19:41:08-05:00,PUR_IED_ManuelZapata_303_3ca6,PUR_IED_ManuelZapata_303_3ca6,,,,,
2026-09-12T19:41:08-05:00,PUR_IED_ManuelZapata_311_bfbabc,PUR_IED_ManuelZapata_311_bfbabc,,,,,
2026-09-12T19:41:08-05:00,PUR_IED_ManuelZapata_Ext_50824a,PUR_IED_ManuelZapata_Ext_50824a,,,,,
2026-09-12T19:41:08-05:00,PUR_IED_ManuelitaS_Exteri_656a92,PUR_IED_ManuelitaS_Exteri_656a92,,,,,
2026-09-12T19:41:08-05:00,PUR_IED_ManuelitaS_JuzgDe_f58ec3,PUR_IED_ManuelitaS_JuzgDe_f58ec3,,,,,
2026-09-12T19:41:08-05:00,PUR_IED_ManuelitaS_Recrea_d793db,PUR_IED_ManuelitaS_Recrea_d793db,,,,,
2026-09-12T19:41:08-05:00,PUR_IED_MarFidSuarez_Ext_c27b19,PUR_IED_MarFidSuarez_Ext_c27b19,,,,,
2026-09-12T19:41:08-05:00,PUR_IED_MarFidSuarez_Info_e384d7,PUR_IED_MarFidSuarez_Info_e384d7,,,,,
2026-09-12T19:41:08-05:00,PUR_IED_MarFidSuarez_S306_1d0032,PUR_IED_MarFidSuarez_S306_1d0032,,,,,
2026-09-12T19:41:08-05:00,PUR_IED_Menorah_301_2a25a3,PUR_IED_Menorah_301_2a25a3,,,,,
2026-09-12T19:41:08-05:00,PUR_IED_Menorah_306_37ed3,PUR_IED_Menorah_306_37ed3,,,,,
2026-09-12T19:41:08-05:00,PUR_IED_Menorah_Ext_3e155b,PUR_IED_Menorah_Ext_3e155b,,,,,
2026-09-12T19:41:08-05:00,PUR_IED_MinutoB.Aires_A11_1b1604,PUR_IED_MinutoB.Aires_A11_1b1604,,,,,
2026-09-12T19:41:08-05:00,PUR_IED_MinutoB.Aires_A12_fb5860,PUR_IED_MinutoB.Aires_A12_fb5860,,,,,
2026-09-12T19:41:08-05:00,PUR_IED_MinutoB.Aires_Ext_81293f,PUR_IED_MinutoB.Aires_Ext_81293f,,,,,
2026-09-12T19:41:08-05:00,PUR_IED_MinutoBAires_A11_1b1604,PUR_IED_MinutoBAires_A11_1b1604,,,,,
2026-09-12T19:41:08-05:00,PUR_IED_MinutoBAires_A12_fb5860,PUR_IED_MinutoBAires_A12_fb5860,,,,,
2026-09-12T19:41:08-05:00,PUR_IED_MinutoBAires_Ext_81293f,PUR_IED_MinutoBAires_Ext_81293f,,,,,
2026-09-12T19:41:08-05:00,PUR_IED_Montreal_Aula10_1e4959,PUR_IED_Montreal_Aula10_1e4959,,,,,
2026-09-12T19:41:08-05:00,PUR_IED_Montreal_Aula6_300367,PUR_IED_Montreal_Aula6_300367,,,,,
2026-09-12T19:41:08-05:00,PUR_IED_Montreal_Exterior_91a179,PUR_IED_Montreal_Exterior_91a179,,,,,
2026-09-12T19:41:08-05:00,PUR_IED_Mqgdalena_B202_5ddda3,PUR_IED_Mqgdalena_B202_5ddda3,,,,,
2026-09-12T19:41:08-05:00,PUR_IED_NACUND_Soc_dc8728,PUR_IED_NACUND_Soc_dc8728,,,,,
2026-09-12T19:41:08-05:00,PUR_IED_NACUND_ext_27ad97,PUR_IED_NACUND_ext_27ad97,,,,,
2026-09-12T19:41:08-05:00,PUR_IED_NEsperanza_Ext_d24b61,PUR_IED_NEsperanza_Ext_d24b61,,,,,
2026-09-12T19:41:08-05:00,PUR_IED_NEsperanza_SElect_7d1807,PUR_IED_NEsperanza_SElect_7d1807,,,,,
2026-09-12T19:41:08-05:00,PUR_IED_NEsperanza_SLabor_8b2d0a,PUR_IED_NEsperanza_SLabor_8b2d0a,,,,,
2026-09-12T19:41:08-05:00,PUR_IED_NacionesU_Ext_f661a9,PUR_IED_NacionesU_Ext_f661a9,,,,,
2026-09-12T19:41:08-05:00,PUR_IED_NacionesU_Quimica_66f0a,PUR_IED_NacionesU_Quimica_66f0a,,,,,
2026-09-12T19:41:08-05:00,PUR_IED_NacionesU_S306_1b4b3d,PUR_IED_NacionesU_S306_1b4b3d,,,,,
2026-09-12T19:41:08-05:00,PUR_IED_NestorFA_Ext_e4201c,PUR_IED_NestorFA_Ext_e4201c,,,,,
2026-09-12T19:41:08-05:00,PUR_IED_NestorFA_Laborato_f22fe0,PUR_IED_NestorFA_Laborato_f22fe0,,,,,
2026-09-12T19:41:08-05:00,PUR_IED_NestorFA_S204_dee996,PUR_IED_NestorFA_S204_dee996,,,,,
2026-09-12T19:41:08-05:00,PUR_IED_NidyaQT_Aula03_76999b,PUR_IED_NidyaQT_Aula03_76999b,,,,,
2026-09-12T19:41:08-05:00,PUR_IED_NidyaQT_Aula10_56325,PUR_IED_NidyaQT_Aula10_56325,,,,,
2026-09-12T19:41:08-05:00,PUR_IED_NidyaQT_Ext_46e32d,PUR_IED_NidyaQT_Ext_46e32d,,,,,
2026-09-12T19:41:08-05:00,PUR_IED_NuevaCol_Exterior_d9b859,PUR_IED_NuevaCol_Exterior_d9b859,,,,,
2026-09-12T19:41:08-05:00,PUR_IED_NuevaCol_S1101_76c43b,PUR_IED_NuevaCol_S1101_76c43b,,,,,
2026-09-12T19:41:08-05:00,PUR_IED_NuevaCol_S1102_1ce0b5,PUR_IED_NuevaCol_S1102_1ce0b5,,,,,
2026-09-12T19:41:08-05:00,PUR_IED_OEA_A202_f7e3f2,PUR_IED_OEA_A202_f7e3f2,,,,,
2026-09-12T19:41:08-05:00,PUR_IED_OEA_A203_7d1b8d,PUR_IED_OEA_A203_7d1b8d,,,,,
2026-09-12T19:41:08-05:00,PUR_IED_OEA_Ext_27b593,PUR_IED_OEA_Ext_27b593,,,,,
2026-09-12T19:41:08-05:00,PUR_IED_Ochoa_Ext_1c29da,PUR_IED_Ochoa_Ext_1c29da,,,,,
2026-09-12T19:41:08-05:00,PUR_IED_Ochoa_S205_8b1121,PUR_IED_Ochoa_S205_8b1121,,,,,
2026-09-12T19:41:08-05:00,PUR_IED_Ochoa_Sistemas_f33af6,PUR_IED_Ochoa_Sistemas_f33af6,,,,,
2026-09-12T19:41:08-05:00,PUR_IED_PQuebec_Ext_1c67c7,PUR_IED_PQuebec_Ext_1c67c7,,,,,
2026-09-12T19:41:08-05:00,PUR_IED_PQuebec_S15_23e8e2,PUR_IED_PQuebec_S15_23e8e2,,,,,
2026-09-12T19:41:08-05:00,PUR_IED_PQuebec_S16_8ec76b,PUR_IED_PQuebec_S16_8ec76b,,,,,
2026-09-12T19:41:08-05:00,PUR_IED_PabloN_Ext_49dc96,PUR_IED_PabloN_Ext_49dc96,,,,,
2026-09-12T19:41:08-05:00,PUR_IED_PabloN_S1102_4e3df5,PUR_IED_PabloN_S1102_4e3df5,,,,,
2026-09-12T19:41:08-05:00,PUR_IED_PabloN_S1103_50c94b,PUR_IED_PabloN_S1103_50c94b,,,,,
2026-09-12T19:41:08-05:00,PUR_IED_Palestina_S1101_db9198,PUR_IED_Palestina_S1101_db9198,,,,,
2026-09-12T19:41:08-05:00,PUR_IED_Palestina_S1102_dc54fa,PUR_IED_Palestina_S1102_dc54fa,,,,,
2026-09-12T19:41:08-05:00,PUR_IED_Palestina_ext_4ccce6,PUR_IED_Palestina_ext_4ccce6,,,,,
2026-09-12T19:41:08-05:00,PUR_IED_Panama_Fisica_4d0794,PUR_IED_Panama_Fisica_4d0794,,,,,
2026-09-12T19:41:08-05:00,PUR_IED_Panama_SIngles_a4077e,PUR_IED_Panama_SIngles_a4077e,,,,,
2026-09-12T19:41:08-05:00,PUR_IED_Panama_ext_4c54b4,PUR_IED_Panama_ext_4c54b4,,,,,
2026-09-12T19:41:08-05:00,PUR_IED_ParaisoM_Exterior_8cd7f0,PUR_IED_ParaisoM_Exterior_8cd7f0,,,,,
2026-09-12T19:41:08-05:00,PUR_IED_ParaisoM_Laborato_27af35,PUR_IED_ParaisoM_Laborato_27af35,,,,,
2026-09-12T19:41:08-05:00,PUR_IED_ParaisoM_S304_d1edca,PUR_IED_ParaisoM_S304_d1edca,,,,,
2026-09-12T19:41:08-05:00,PUR_IED_PorfirioBarba_Ext_301466,PUR_IED_PorfirioBarba_Ext_301466,,,,,
2026-09-12T19:41:08-05:00,PUR_IED_PorfirioBarba_S11_df6cd2,PUR_IED_PorfirioBarba_S11_df6cd2,,,,,
2026-09-12T19:41:08-05:00,PUR_IED_PorfirioBarba_S29_27a7d6,PUR_IED_PorfirioBarba_S29_27a7d6,,,,,
2026-09-12T19:41:08-05:00,PUR_IED_PradoV_Exter_8b27ad,PUR_IED_PradoV_Exter_8b27ad,,,,,
2026-09-12T19:41:08-05:00,PUR_IED_PradoV_S301_de65b5,PUR_IED_PradoV_S301_de65b5,,,,,
2026-09-12T19:41:08-05:00,PUR_IED_PradoV_S302_7d2593,PUR_IED_PradoV_S302_7d2593,,,,,
2026-09-12T19:41:08-05:00,PUR_IED_QuirogaAlz_Ext_1ddc82,PUR_IED_QuirogaAlz_Ext_1ddc82,,,,,
2026-09-12T19:41:08-05:00,PUR_IED_QuirogaAlz_S302_9926a3,PUR_IED_QuirogaAlz_S302_9926a3,,,,,
2026-09-12T19:41:08-05:00,PUR_IED_QuirogaAlz_S305_cdf1f1,PUR_IED_QuirogaAlz_S305_cdf1f1,,,,,
2026-09-12T19:41:08-05:00,PUR_IED_RGuatemala_Biling_dc53b7,PUR_IED_RGuatemala_Biling_dc53b7,,,,,
2026-09-12T19:41:08-05:00,PUR_IED_RGuatemala_Ext_1b89a3,PUR_IED_RGuatemala_Ext_1b89a3,,,,,
2026-09-12T19:41:08-05:00,PUR_IED_RGuatemala_Tecnol_281a34,PUR_IED_RGuatemala_Tecnol_281a34,,,,,
2026-09-12T19:41:08-05:00,PUR_IED_RafaNu_Ext_f7c302,PUR_IED_RafaNu_Ext_f7c302,,,,,
2026-09-12T19:41:08-05:00,PUR_IED_RafaNu_S1101_25fde,PUR_IED_RafaNu_S1101_25fde,,,,,
2026-09-12T19:41:08-05:00,PUR_IED_RafaNu_S1102_281517,PUR_IED_RafaNu_S1102_281517,,,,,
2026-09-12T19:41:08-05:00,PUR_IED_RafaelB_S305_ee2783,PUR_IED_RafaelB_S305_ee2783,,,,,
2026-09-12T19:41:08-05:00,PUR_IED_RafaelB_S306_75fe33,PUR_IED_RafaelB_S306_75fe33,,,,,
2026-09-12T19:41:08-05:00,PUR_IED_RafaelB_ext_283336,PUR_IED_RafaelB_ext_283336,2,19,61,4.6722,-74.0737
2026-09-12T19:41:08-05:00,PUR_IED_RafaelUU_Exterior_281a51,PUR_IED_RafaelUU_Exterior_281a51,,,,,
2026-09-12T19:41:08-05:00,PUR_IED_RafaelUU_Human_806b2,PUR_IED_RafaelUU_Human_806b2,,,,,
2026-09-12T19:41:08-05:00,PUR_IED_RafaelUU_Mate2_5680d4,PUR_IED_RafaelUU_Mate2_5680d4,,,,,
2026-09-12T19:41:08-05:00,PUR_IED_RamonSub_Ext_f9eeb9,PUR_IED_RamonSub_Ext_f9eeb9,,,,,
2026-09-12T19:41:08-05:00,PUR_IED_RamonSub_Media_d1f62f,PUR_IED_RamonSub_Media_d1f62f,,,,,
2026-09-12T19:41:08-05:00,PUR_IED_RamonSub_planta_51b82,PUR_IED_RamonSub_planta_51b82,,,,,
2026-09-12T19:41:08-05:00,PUR_IED_RepBoliVene_Exter_27af7c,PUR_IED_RepBoliVene_Exter_27af7c,,,,,
2026-09-12T19:41:08-05:00,PUR_IED_RepBoliVene_SCPT_5ae2ee,PUR_IED_RepBoliVene_SCPT_5ae2ee,,,,,
2026-09-12T19:41:08-05:00,PUR_IED_RepBoliVene_Socia_4b11d5,PUR_IED_RepBoliVene_Socia_4b11d5,,,,,
2026-09-12T19:41:08-05:00,PUR_IED_RepChina_Ext_76d9ee,PUR_IED_RepChina_Ext_76d9ee,,,,,
2026-09-12T19:41:08-05:00,PUR_IED_RepChina_S404_7c804c,PUR_IED_RepChina_S404_7c804c,,,,,
2026-09-12T19:41:08-05:00,PUR_IED_RepChina_S405_df2c33,PUR_IED_RepChina_S405_df2c33,,,,,
2026-09-12T19:41:08-05:00,PUR_IED_RepublicaC_Exteri_7d1ec9,PUR_IED_RepublicaC_Exteri_7d1ec9,,,,,
2026-09-12T19:41:08-05:00,PUR_IED_RepublicaC_S1101_f544b3,PUR_IED_RepublicaC_S1101_f544b3,,,,,
2026-09-12T19:41:08-05:00,PUR_IED_RepublicaC_S1102_7aafc7,PUR_IED_RepublicaC_S1102_7aafc7,,,,,
2026-09-12T19:41:08-05:00,PUR_IED_Ricaurte_Externo_a0ea1,PUR_IED_Ricaurte_Externo_a0ea1,,,,,
2026-09-12T19:41:08-05:00,PUR_IED_Ricaurte_S210_f546fd,PUR_IED_Ricaurte_S210_f546fd,,,,,
2026-09-12T19:41:08-05:00,PUR_IED_Ricaurte_S309_d4452,PUR_IED_Ricaurte_S309_d4452,,,,,
2026-09-12T19:41:08-05:00,PUR_IED_RogelioS_1102_531e69,PUR_IED_RogelioS_1102_531e69,,,,,
2026-09-12T19:41:08-05:00,PUR_IED_RogelioS_Ext_f25a18,PUR_IED_RogelioS_Ext_f25a18,,,,,
2026-09-12T19:41:08-05:00,PUR_IED_SBernardino_Ext_27aff8,PUR_IED_SBernardino_Ext_27aff8,,,,,
2026-09-12T19:41:08-05:00,PUR_IED_SBernardino_SArte_2ffd33,PUR_IED_SBernardino_SArte_2ffd33,,,,,
2026-09-12T19:41:08-05:00,PUR_IED_SBernardino_SIngl_7c7da5,PUR_IED_SBernardino_SIngl_7c7da5,,,,,
2026-09-12T19:41:08-05:00,PUR_IED_Sago_auditorio_dc9d1d,PUR_IED_Sago_auditorio_dc9d1d,,,,,
2026-09-12T19:41:08-05:00,PUR_IED_Saludcoop_Ext_95aac3,PUR_IED_Saludcoop_Ext_95aac3,,,,,
2026-09-12T19:41:08-05:00,PUR_IED_Saludcoop_InfI_90c854,PUR_IED_Saludcoop_InfI_90c854,,,,,
2026-09-12T19:41:08-05:00,PUR_IED_Saludcoop_SMedia_1b93be,PUR_IED_Saludcoop_SMedia_1b93be,,,,,
2026-09-12T19:41:08-05:00,PUR_IED_SanCarlos_1101_1a2360,PUR_IED_SanCarlos_1101_1a2360,,,,,
2026-09-12T19:41:08-05:00,PUR_IED_SanCarlos_1103_7bafb5,PUR_IED_SanCarlos_1103_7bafb5,,,,,
2026-09-12T19:41:08-05:00,PUR_IED_SanCarlos_Ext_b7cd1,PUR_IED_SanCarlos_Ext_b7cd1,,,,,
2026-09-12T19:41:08-05:00,PUR_IED_SanIgnacioBosa11a_50c26e,PUR_IED_SanIgnacioBosa11a_50c26e,,,,,
2026-09-12T19:41:08-05:00,PUR_IED_SanIgnacioBosa11b_371de8,PUR_IED_SanIgnacioBosa11b_371de8,,,,,
2026-09-12T19:41:08-05:00,PUR_IED_SanIgnacioBosaExt_ef0ffc,PUR_IED_SanIgnacioBosaExt_ef0ffc,,,,,
2026-09-12T19:41:08-05:00,PUR_IED_SanIgnacioBosa_11a_50c26e,PUR_IED_SanIgnacioBosa_11a_50c26e,,,,,
2026-09-12T19:41:08-05:00,PUR_IED_SanIgnacioBosa_Ext_ef0ffc,PUR_IED_SanIgnacioBosa_Ext_ef0ffc,,,,,
2026-09-12T19:41:08-05:00,PUR_IED_SanJoseN_intS1101_31c47f,PUR_IED_SanJoseN_intS1101_31c47f,,,,,
2026-09-12T19:41:08-05:00,PUR_IED_SanJoseUsm_Exter_f5d7e8,PUR_IED_SanJoseUsm_Exter_f5d7e8,,,,,
2026-09-12T19:41:08-05:00,PUR_IED_SanJoseUsm_Int11A_cfdef6,PUR_IED_SanJoseUsm_Int11A_cfdef6,,,,,
2026-09-12T19:41:08-05:00,PUR_IED_SilveriaR_IntB5_905349,PUR_IED_SilveriaR_IntB5_905349,,,,,
2026-09-12T19:41:08-05:00,PUR_IED_SilveriaR_IntSD14_981f93,PUR_IED_SilveriaR_IntSD14_981f93,,,,,
2026-09-12T19:41:08-05:00,PUR_IED_SilveriaR_ext_2b651d,PUR_IED_SilveriaR_ext_2b651d,,,,,
2026-09-12T19:41:08-05:00,PUR_IED_SimonB_Exterior_913975,PUR_IED_SimonB_Exterior_913975,,,,,
2026-09-12T19:41:08-05:00,PUR_IED_SimonB_LabQuimi_c56908,PUR_IED_SimonB_LabQuimi_c56908,,,,,
2026-09-12T19:41:08-05:00,PUR_IED_SimonB_informatic_a28c1,PUR_IED_SimonB_informatic_a28c1,,,,,
2026-09-12T19:41:08-05:00,PUR_IED_Sorrento_1102_315f50,PUR_IED_Sorrento_1102_315f50,,,,,
2026-09-12T19:41:08-05:00,PUR_IED_Sorrento_Minte_214eab,PUR_IED_Sorrento_Minte_214eab,,,,,
2026-09-12T19:41:08-05:00,PUR_IED_Sorrento_ext_7c3a0a,PUR_IED_Sorrento_ext_7c3a0a,,,,,
2026-09-12T19:41:08-05:00,PUR_IED_Tabora_Ext_f048ae,PUR_IED_Tabora_Ext_f048ae,,,,,
2026-09-12T19:41:08-05:00,PUR_IED_Tabora_S1102_b07752,PUR_IED_Tabora_S1102_b07752,,,,,
2026-09-12T19:41:08-05:00,PUR_IED_Tabora_S1103_d988f5,PUR_IED_Tabora_S1103_d988f5,,,,,
2026-09-12T19:41:08-05:00,PUR_IED_Tenerife_Ext_1ab188,PUR_IED_Tenerife_Ext_1ab188,,,,,
2026-09-12T19:41:08-05:00,PUR_IED_Tenerife_SDanzas_7bc02e,PUR_IED_Tenerife_SDanzas_7bc02e,,,,,
2026-09-12T19:41:08-05:00,PUR_IED_Tenerife_SIngles_7cc277,PUR_IED_Tenerife_SIngles_7cc277,,,,,
2026-09-12T19:41:08-05:00,PUR_IED_Tibabuyes_Exter_f2683d,PUR_IED_Tibabuyes_Exter_f2683d,,,,,
2026-09-12T19:41:08-05:00,PUR_IED_Tibabuyes_S10_dc87a8,PUR_IED_Tibabuyes_S10_dc87a8,,,,,
2026-09-12T19:41:08-05:00,PUR_IED_Tibabuyes_S15_dc0526,PUR_IED_Tibabuyes_S15_dc0526,,,,,
2026-09-12T19:41:08-05:00,PUR_IED_UnionE_S301_a1043,PUR_IED_UnionE_S301_a1043,,,,,
2026-09-12T19:41:08-05:00,PUR_IED_UnionE_S307_ff6c2f,PUR_IED_UnionE_S307_ff6c2f,,,,,
2026-09-12T19:41:08-05:00,PUR_IED_UnionE__Ext_5e2468,PUR_IED_UnionE__Ext_5e2468,,,,,
2026-09-12T19:41:08-05:00,PUR_IED_VillaRica_Ext_75be7c,PUR_IED_VillaRica_Ext_75be7c,,,,,
2026-09-12T19:41:08-05:00,PUR_IED_VillaRica_S4_cc5dcd,PUR_IED_VillaRica_S4_cc5dcd,,,,,
2026-09-12T19:41:08-05:00,PUR_IED_VillaRica_Sesp_99f5c,PUR_IED_VillaRica_Sesp_99f5c,,,,,
2026-09-12T19:46:08-05:00,PUR_IED_20deJulio_1101_91b1b9,PUR_IED_20deJulio_1101_91b1b9,,,,,
2026-09-12T19:46:08-05:00,PUR_IED_20deJulio_1102_1cfcf9,PUR_IED_20deJulio_1102_1cfcf9,,,,,
2026-09-12T19:46:08-05:00,PUR_IED_20deJulio_Ext_ab60bd,PUR_IED_20deJulio_Ext_ab60bd,,,,,
2026-09-12T19:46:08-05:00,PUR_IED_AgustinFer_Ext_7b9b77,PUR_IED_AgustinFer_Ext_7b9b77,,,,,
2026-09-12T19:46:08-05:00,PUR_IED_AgustinFer_Info2_27b3a7,PUR_IED_AgustinFer_Info2_27b3a7,,,,,
2026-09-12T19:46:08-05:00,PUR_IED_AgustinFer_Sena_54b4eb,PUR_IED_AgustinFer_Sena_54b4eb,,,,,
2026-09-12T19:46:08-05:00,PUR_IED_AlexanderF_1102_caf07b,PUR_IED_AlexanderF_1102_caf07b,,,,,
2026-09-12T19:46:08-05:00,PUR_IED_AlexanderF_1103_c79e71,PUR_IED_AlexanderF_1103_c79e71,,,,,
2026-09-12T19:46:08-05:00,PUR_IED_AlexanderF_Ext_c5b18b,PUR_IED_AlexanderF_Ext_c5b18b,,,,,
2026-09-12T19:46:08-05:00,PUR_IED_AlfonsoLopez_Ext_281d77,PUR_IED_AlfonsoLopez_Ext_281d77,,,,,
2026-09-12T19:46:08-05:00,PUR_IED_AlfonsoLopez_LabF_888ce0,PUR_IED_AlfonsoLopez_LabF_888ce0,,,,,
2026-09-12T19:46:08-05:00,PUR_IED_AlfonsoLopez_SMed_df6a7f,PUR_IED_AlfonsoLopez_SMed_df6a7f,,,,,
2026-09-12T19:46:08-05:00,PUR_IED_AltamiraSO_A2_209f92,PUR_IED_AltamiraSO_A2_209f92,,,,,
2026-09-12T19:46:08-05:00,PUR_IED_AltamiraSO_Ext_186d66,PUR_IED_AltamiraSO_Ext_186d66,,,,,
2026-09-12T19:46:08-05:00,PUR_IED_AltamiraSO_Sistem_27afe1,PUR_IED_AltamiraSO_Sistem_27afe1,,,,,
2026-09-12T19:46:08-05:00,PUR_IED_AlvaroGom_LabQuim_813179,PUR_IED_AlvaroGom_LabQuim_813179,,,,,
2026-09-12T19:46:08-05:00,PUR_IED_AlvaroGomez_Ext_47c7ca,PUR_IED_AlvaroGomez_Ext_47c7ca,,,,,
2026-09-12T19:46:08-05:00,PUR_IED_AlvaroGomez_LabQuim_813179,PUR_IED_AlvaroGomez_LabQuim_813179,,,,,
2026-09-12T19:46:08-05:00,PUR_IED_AlvaroGomez_S23_7ba89f,PUR_IED_AlvaroGomez_S23_7ba89f,,,,,
2026-09-12T19:46:08-05:00,PUR_IED_Amistad_306_dc8728,PUR_IED_Amistad_306_dc8728,,,,,
2026-09-12T19:46:08-05:00,PUR_IED_Amistad_Ext_8cd55e,PUR_IED_Amistad_Ext_8cd55e,,,,,
2026-09-12T19:46:08-05:00,PUR_IED_Amistad_S202_a41169,PUR_IED_Amistad_S202_a41169,,,,,
2026-09-12T19:46:08-05:00,PUR_IED_AndresBello_Bio_fd5f5e,PUR_IED_AndresBello_Bio_fd5f5e,,,,,
2026-09-12T19:46:08-05:00,PUR_IED_AndresBello_ext_dcad65,PUR_IED_AndresBello_ext_dcad65,,,,,
2026-09-12T19:46:08-05:00,PUR_IED_AndresBello_port_eed3ec,PUR_IED_AndresBello_port_eed3ec,,,,,
2026-09-12T19:46:08-05:00,PUR_IED_AngelaR_11b_d90a6b,PUR_IED_AngelaR_11b_d90a6b,,,,,
2026-09-12T19:46:08-05:00,PUR_IED_AngelaR_ext_7cad3e,PUR_IED_AngelaR_ext_7cad3e,4,19,62,4.5825,-74.164497
2026-09-12T19:46:08-05:00,PUR_IED_AntJoseSucre_10mo_df2575,PUR_IED_AntJoseSucre_10mo_df2575,,,,,
2026-09-12T19:46:08-05:00,PUR_IED_AntJoseSucre_Ext_215b36,PUR_IED_AntJoseSucre_Ext_215b36,,,,,
2026-09-12T19:46:08-05:00,PUR_IED_AntJoseSucre_Lab_3139de,PUR_IED_AntJoseSucre_Lab_3139de,,,,,
2026-09-12T19:46:08-05:00,PUR_IED_AntonioGarcia_301_d6b188,PUR_IED_AntonioGarcia_301_d6b188,,,,,
2026-09-12T19:46:08-05:00,PUR_IED_AntonioGarcia_302_88a82,PUR_IED_AntonioGarcia_302_88a82,,,,,
2026-09-12T19:46:08-05:00,PUR_IED_AntonioGarcia_Ext_20950c,PUR_IED_AntonioGarcia_Ext_20950c,,,,,
2026-09-12T19:46:08-05:00,PUR_IED_AntonioVan_Aula2_6dea02,PUR_IED_AntonioVan_Aula2_6dea02,,,,,
2026-09-12T19:46:08-05:00,PUR_IED_AntonioVan_Aula5_f1557e,PUR_IED_AntonioVan_Aula5_f1557e,,,,,
2026-09-12T19:46:08-05:00,PUR_IED_AntonioVan_Ext_406f2f,PUR_IED_AntonioVan_Ext_406f2f,,,,,
2026-09-12T19:46:08-05:00,PUR_IED_Atabanzha_Ext_cc5af9,PUR_IED_Atabanzha_Ext_cc5af9,,,,,
2026-09-12T19:46:08-05:00,PUR_IED_Atabanzha_SA101_56c37,PUR_IED_Atabanzha_SA101_56c37,,,,,
2026-09-12T19:46:08-05:00,PUR_IED_Atabanzha_SB302_27b374,PUR_IED_Atabanzha_SB302_27b374,,,,,
2026-09-12T19:46:08-05:00,PUR_IED_Atahualpa_Ext_fc1748,PUR_IED_Atahualpa_Ext_fc1748,,,,,
2026-09-12T19:46:08-05:00,PUR_IED_Atahualpa_Informa_dc9a95,PUR_IED_Atahualpa_Informa_dc9a95,,,,,
2026-09-12T19:46:08-05:00,PUR_IED_Atahualpa_S1101_f98056,PUR_IED_Atahualpa_S1101_f98056,,,,,
2026-09-12T19:46:08-05:00,PUR_IED_Bellavista_Ext_f5aa74,PUR_IED_Bellavista_Ext_f5aa74,,,,,
2026-09-12T19:46:08-05:00,PUR_IED_Bilbao_11A_916c41,PUR_IED_Bilbao_11A_916c41,,,,,
2026-09-12T19:46:08-05:00,PUR_IED_Bilbao_Ext_fb579a,PUR_IED_Bilbao_Ext_fb579a,,,,,
2026-09-12T19:46:08-05:00,PUR_IED_BrasiliaU_A125_304280,PUR_IED_BrasiliaU_A125_304280,,,,,
2026-09-12T19:46:08-05:00,PUR_IED_BrasiliaU_A203_7c8ca5,PUR_IED_BrasiliaU_A203_7c8ca5,,,,,
2026-09-12T19:46:08-05:00,PUR_IED_BrasiliaU_Ext_8d6e9f,PUR_IED_BrasiliaU_Ext_8d6e9f,7,18,64,4.5175,-74.116302
2026-09-12T19:46:08-05:00,PUR_IED_Brasilia_Ext_fe6593,PUR_IED_Brasilia_Ext_fe6593,,,,,
2026-09-12T19:46:08-05:00,PUR_IED_Brasilia_S24_7c130d,PUR_IED_Brasilia_S24_7c130d,,,,,
2026-09-12T19:46:08-05:00,PUR_IED_Brasilia_S501_186a54,PUR_IED_Brasilia_S501_186a54,,,,,
2026-09-12T19:46:08-05:00,PUR_IED_CHARRY_EXT_f1d5cd,PUR_IED_CHARRY_EXT_f1d5cd,,,,,
2026-09-12T19:46:08-05:00,PUR_IED_CHARRY_INTDANZAS_7a08e6,PUR_IED_CHARRY_INTDANZAS_7a08e6,,,,,
2026-09-12T19:46:08-05:00,PUR_IED_CHARRY_INT_AULA20_dc998d,PUR_IED_CHARRY_INT_AULA20_dc998d,,,,,
2026-09-12T19:46:08-05:00,PUR_IED_COLVIV_1101_S25_7f520a,PUR_IED_COLVIV_1101_S25_7f520a,,,,,
2026-09-12T19:46:08-05:00,PUR_IED_COLVIV_1102_S16_f570ba,PUR_IED_COLVIV_1102_S16_f570ba,,,,,
2026-09-12T19:46:08-05:00,PUR_IED_COLVIV_Ext_1a26fa,PUR_IED_COLVIV_Ext_1a26fa,,,,,
2026-09-12T19:46:08-05:00,PUR_IED_CULPOP_301A_f660f3,PUR_IED_CULPOP_301A_f660f3,,,,,
2026-09-12T19:46:08-05:00,PUR_IED_CULPOP_303_568afe,PUR_IED_CULPOP_303_568afe,,,,,
2026-09-12T19:46:08-05:00,PUR_IED_CULPOP_Ext_e02ccb,PUR_IED_CULPOP_Ext_e02ccb,,,,,
2026-09-12T19:46:08-05:00,PUR_IED_CVillavicen_Ext_26eb58,PUR_IED_CVillavicen_Ext_26eb58,3,15,77,4.487,-74.102798
2026-09-12T19:46:08-05:00,PUR_IED_CVillavicen_Intel_1ce5c2,PUR_IED_CVillavicen_Intel_1ce5c2,,,,,
2026-09-12T19:46:08-05:00,PUR_IED_CVillavicen_Poliv_e0766c,PUR_IED_CVillavicen_Poliv_e0766c,,,,,
2026-09-12T19:46:08-05:00,PUR_IED_CVillavicen_int_1ba140,PUR_IED_CVillavicen_int_1ba140,,,,,
2026-09-12T19:46:08-05:00,PUR_IED_CVillavicen_intel_1ba140,PUR_IED_CVillavicen_intel_1ba140,,,,,
2026-09-12T19:46:08-05:00,PUR_IED_CarlosPizarro_Ext_e307cc,PUR_IED_CarlosPizarro_Ext_e307cc,,,,,
2026-09-12T19:46:08-05:00,PUR_IED_CarlosPizarro_L36_7e5cdb,PUR_IED_CarlosPizarro_L36_7e5cdb,,,,,
2026-09-12T19:46:08-05:00,PUR_IED_CarlosPizarro_L37_c8566c,PUR_IED_CarlosPizarro_L37_c8566c,,,,,
2026-09-12T19:46:08-05:00,PUR_IED_Castilla_Ext_cf35f,PUR_IED_Castilla_Ext_cf35f,,,,,
2026-09-12T19:46:08-05:00,PUR_IED_Castilla_SFisik_360e38,PUR_IED_Castilla_SFisik_360e38,,,,,
2026-09-12T19:46:08-05:00,PUR_IED_Castilla_Sc304_496fbf,PUR_IED_Castilla_Sc304_496fbf,,,,,
2026-09-12T19:46:08-05:00,PUR_IED_CervantesSa_Ext_6b57b,PUR_IED_CervantesSa_Ext_6b57b,6,19,67,4.5128,-74.117203
2026-09-12T19:46:08-05:00,PUR_IED_CervantesSa_S107_225c2b,PUR_IED_CervantesSa_S107_225c2b,,,,,
2026-09-12T19:46:08-05:00,PUR_IED_CervantesSa_S108_940925,PUR_IED_CervantesSa_S108_940925,,,,,
2026-09-12T19:46:08-05:00,PUR_IED_Charry_A20_f53e7c,PUR_IED_Charry_A20_f53e7c,,,,,
2026-09-12T19:46:08-05:00,PUR_IED_Charry_Ext_f1d5cd,PUR_IED_Charry_Ext_f1d5cd,,,,,
2026-09-12T19:46:08-05:00,PUR_IED_Charry_IntAula20_dc998d,PUR_IED_Charry_IntAula20_dc998d,,,,,
2026-09-12T19:46:08-05:00,PUR_IED_Charry_IntDanzas_7a08e6,PUR_IED_Charry_IntDanzas_7a08e6,,,,,
2026-09-12T19:46:08-05:00,PUR_IED_ClememciaC_203_43e2fc,PUR_IED_ClememciaC_203_43e2fc,,,,,
2026-09-12T19:46:08-05:00,PUR_IED_ClememciaC_Ext_1b411a,PUR_IED_ClememciaC_Ext_1b411a,,,,,
2026-09-12T19:46:08-05:00,PUR_IED_ClememciaC_Quimic_44b5fc,PUR_IED_ClememciaC_Quimic_44b5fc,,,,,
2026-09-12T19:46:08-05:00,PUR_IED_ClemenciaC_203_43e2fc,PUR_IED_ClemenciaC_203_43e2fc,,,,,
2026-09-12T19:46:08-05:00,PUR_IED_ClemenciaC_Ext_1b411a,PUR_IED_ClemenciaC_Ext_1b411a,,,,,
2026-09-12T19:46:08-05:00,PUR_IED_ClemenciaC_Quimic_44b5fc,PUR_IED_ClemenciaC_Quimic_44b5fc,,,,,
2026-09-12T19:46:08-05:00,PUR_IED_ColViva_1101_S25_7f520a,PUR_IED_ColViva_1101_S25_7f520a,,,,,
2026-09-12T19:46:08-05:00,PUR_IED_ColViva_1102_S16_f570ba,PUR_IED_ColViva_1102_S16_f570ba,,,,,
2026-09-12T19:46:08-05:00,PUR_IED_ColViva_Ext_1a26fa,PUR_IED_ColViva_Ext_1a26fa,,,,,
2026-09-12T19:46:08-05:00,PUR_IED_ColegioBici_Asist_7c8798,PUR_IED_ColegioBici_Asist_7c8798,,,,,
2026-09-12T19:46:08-05:00,PUR_IED_ColegioBici_Ext_25cbf6,PUR_IED_ColegioBici_Ext_25cbf6,,,,,
2026-09-12T19:46:08-05:00,PUR_IED_ColegioBici_LabQ_7b57db,PUR_IED_ColegioBici_LabQ_7b57db,,,,,
2026-09-12T19:46:08-05:00,PUR_IED_CostaRica_Ext_5e640,PUR_IED_CostaRica_Ext_5e640,,,,,
2026-09-12T19:46:08-05:00,PUR_IED_CostaRica_Quim1_766d1c,PUR_IED_CostaRica_Quim1_766d1c,,,,,
2026-09-12T19:46:08-05:00,PUR_IED_CostaRica__Fisica_6f0873,PUR_IED_CostaRica__Fisica_6f0873,,,,,
2026-09-12T19:46:08-05:00,PUR_IED_CulPopu_301A_f660f3,PUR_IED_CulPopu_301A_f660f3,,,,,
2026-09-12T19:46:08-05:00,PUR_IED_CulPopu_303_568afe,PUR_IED_CulPopu_303_568afe,,,,,
2026-09-12T19:46:08-05:00,PUR_IED_CulPopu_Ext_e02ccb,PUR_IED_CulPopu_Ext_e02ccb,,,,,
2026-09-12T19:46:08-05:00,PUR_IED_Cundinamarca_Ext_f15985,PUR_IED_Cundinamarca_Ext_f15985,,,,,
2026-09-12T19:46:08-05:00,PUR_IED_Cundinamarca_Info_7aa5d7,PUR_IED_Cundinamarca_Info_7aa5d7,,,,,
2026-09-12T19:46:08-05:00,PUR_IED_Cundinamarca_Tec2_f449c7,PUR_IED_Cundinamarca_Tec2_f449c7,,,,,
2026-09-12T19:46:08-05:00,PUR_IED_DiegoM_Aula1_27b314,PUR_IED_DiegoM_Aula1_27b314,,,,,
2026-09-12T19:46:08-05:00,PUR_IED_DiegoM_Ext_d80ac8,PUR_IED_DiegoM_Ext_d80ac8,,,,,
2026-09-12T19:46:08-05:00,PUR_IED_DiegoM_S25_da928f,PUR_IED_DiegoM_S25_da928f,,,,,
2026-09-12T19:46:08-05:00,PUR_IED_ELRODEO_360881,PUR_IED_ELRODEO_360881,,,,,
2026-09-12T19:46:08-05:00,PUR_IED_ELRODEO_ext_360881,PUR_IED_ELRODEO_ext_360881,,,,,
2026-09-12T19:46:08-05:00,PUR_IED_EduardoU_Ext_1c1969,PUR_IED_EduardoU_Ext_1c1969,,,,,
2026-09-12T19:46:08-05:00,PUR_IED_EduardoU_SCiencia_4dfb94,PUR_IED_EduardoU_SCiencia_4dfb94,,,,,
2026-09-12T19:46:08-05:00,PUR_IED_EduardoU_SQuimica_5a46e7,PUR_IED_EduardoU_SQuimica_5a46e7,,,,,
2026-09-12T19:46:08-05:00,PUR_IED_ElRodeo_Aula14_676984,PUR_IED_ElRodeo_Aula14_676984,,,,,
2026-09-12T19:46:08-05:00,PUR_IED_ElRodeo_Aula16_2dd35b,PUR_IED_ElRodeo_Aula16_2dd35b,,,,,
2026-09-12T19:46:08-05:00,PUR_IED_ElRodeo_Ext_360881,PUR_IED_ElRodeo_Ext_360881,,,,,
2026-09-12T19:46:08-05:00,PUR_IED_ElRodeo_Exterior_8c6d28,PUR_IED_ElRodeo_Exterior_8c6d28,,,,,
2026-09-12T19:46:08-05:00,PUR_IED_ElRodeo_ext_360881,PUR_IED_ElRodeo_ext_360881,,,,,
2026-09-12T19:46:08-05:00,PUR_IED_EmmaReyes_Ext_987625,PUR_IED_EmmaReyes_Ext_987625,4,21,51,4.6367,-74.1511
2026-09-12T19:46:08-05:00,PUR_IED_Ensueño_Ext_7f0250,PUR_IED_Ensueño_Ext_7f0250,,,,,
2026-09-12T19:46:08-05:00,PUR_IED_EscNormal_Ext_5fef3b,PUR_IED_EscNormal_Ext_5fef3b,2,19,58,4.5852,-74.096901
2026-09-12T19:46:08-05:00,PUR_IED_EscNormal_S309_5b263,PUR_IED_EscNormal_S309_5b263,,,,,
2026-09-12T19:46:08-05:00,PUR_IED_EscNormal_S310_27b3b8,PUR_IED_EscNormal_S310_27b3b8,,,,,
2026-09-12T19:46:08-05:00,PUR_IED_Evangelista_Conta_f6cd4f,PUR_IED_Evangelista_Conta_f6cd4f,,,,,
2026-09-12T19:46:08-05:00,PUR_IED_Evangelista_Cri_5e16a,PUR_IED_Evangelista_Cri_5e16a,,,,,
2026-09-12T19:46:08-05:00,PUR_IED_Evangelista_Exter_754066,PUR_IED_Evangelista_Exter_754066,,,,,
2026-09-12T19:46:08-05:00,PUR_IED_FMiranda_S209_5cc2a3,PUR_IED_FMiranda_S209_5cc2a3,,,,,
2026-09-12T19:46:08-05:00,PUR_IED_FMiranda_S303_19e344,PUR_IED_FMiranda_S303_19e344,,,,,
2026-09-12T19:46:08-05:00,PUR_IED_FMiranda_ext_f53e7c,PUR_IED_FMiranda_ext_f53e7c,,,,,
2026-09-12T19:46:08-05:00,PUR_IED_FabioLozano_Bibli_1cee05,PUR_IED_FabioLozano_Bibli_1cee05,,,,,
2026-09-12T19:46:08-05:00,PUR_IED_FabioLozano_Ext_6ea285,PUR_IED_FabioLozano_Ext_6ea285,,,,,
2026-09-12T19:46:08-05:00,PUR_IED_FabioLozano_SLudi_f09e1e,PUR_IED_FabioLozano_SLudi_f09e1e,,,,,
2026-09-12T19:46:08-05:00,PUR_IED_FaustinoS_Aula07_27a731,PUR_IED_FaustinoS_Aula07_27a731,,,,,
2026-09-12T19:46:08-05:00,PUR_IED_FaustinoS_Ext_7b936f,PUR_IED_FaustinoS_Ext_7b936f,,,,,
2026-09-12T19:46:08-05:00,PUR_IED_FaustinoS_Fisica_da2c60,PUR_IED_FaustinoS_Fisica_da2c60,,,,,
2026-09-12T19:46:08-05:00,PUR_IED_FeGarciaLo_Ext_dc68ee,PUR_IED_FeGarciaLo_Ext_dc68ee,,,,,
2026-09-12T19:46:08-05:00,PUR_IED_FeGarciaLo_SDanza_f70a59,PUR_IED_FeGarciaLo_SDanza_f70a59,,,,,
2026-09-12T19:46:08-05:00,PUR_IED_FeGarciaLo_SMusic_125cdd,PUR_IED_FeGarciaLo_SMusic_125cdd,,,,,
2026-09-12T19:46:08-05:00,PUR_IED_FederalAlema_Exte_50c345,PUR_IED_FederalAlema_Exte_50c345,,,,,
2026-09-12T19:46:08-05:00,PUR_IED_FederalAlema_S31_f18371,PUR_IED_FederalAlema_S31_f18371,,,,,
2026-09-12T19:46:08-05:00,PUR_IED_FederalAlema_S901_a62cd,PUR_IED_FederalAlema_S901_a62cd,,,,,
2026-09-12T19:46:08-05:00,PUR_IED_FilarmonicaS_A5_f35eb1,PUR_IED_FilarmonicaS_A5_f35eb1,,,,,
2026-09-12T19:46:08-05:00,PUR_IED_FilarmonicaS_Ext_8a3bde,PUR_IED_FilarmonicaS_Ext_8a3bde,,,,,
2026-09-12T19:46:08-05:00,PUR_IED_FilarmonicaS_Spol_406114,PUR_IED_FilarmonicaS_Spol_406114,,,,,
2026-09-12T19:46:08-05:00,PUR_IED_FlorentinoG_A13_d1fa59,PUR_IED_FlorentinoG_A13_d1fa59,,,,,
2026-09-12T19:46:08-05:00,PUR_IED_FlorentinoG_Ext_1ce6ce,PUR_IED_FlorentinoG_Ext_1ce6ce,,,,,
2026-09-12T19:46:08-05:00,PUR_IED_FlorentinoG_Idiom_a66aac,PUR_IED_FlorentinoG_Idiom_a66aac,,,,,
2026-09-12T19:46:08-05:00,PUR_IED_FranciscoMati_Ext_e3869d,PUR_IED_FranciscoMati_Ext_e3869d,,,,,
2026-09-12T19:46:08-05:00,PUR_IED_FranciscoMati_S13_f31c67,PUR_IED_FranciscoMati_S13_f31c67,,,,,
2026-09-12T19:46:08-05:00,PUR_IED_FranciscoMati_S14_97dead,PUR_IED_FranciscoMati_S14_97dead,,,,,
2026-09-12T19:46:08-05:00,PUR_IED_FranciscoPS_Ext_7bfa9a,PUR_IED_FranciscoPS_Ext_7bfa9a,3,20,59,4.5899,-74.110397
2026-09-12T19:46:08-05:00,PUR_IED_FranciscoPS_Infor_fb8f4c,PUR_IED_FranciscoPS_Infor_fb8f4c,,,,,
2026-09-12T19:46:08-05:00,PUR_IED_FranciscoPS_Quimi_94d39c,PUR_IED_FranciscoPS_Quimi_94d39c,,,,,
2026-09-12T19:46:08-05:00,PUR_IED_FranciscoP_LabQ_d7e148,PUR_IED_FranciscoP_LabQ_d7e148,,,,,
2026-09-12T19:46:08-05:00,PUR_IED_FranciscoP_S28_cf9b30,PUR_IED_FranciscoP_S28_cf9b30,,,,,
2026-09-12T19:46:08-05:00,PUR_IED_FranciscoP_ext_e2313,PUR_IED_FranciscoP_ext_e2313,,,,,
2026-09-12T19:46:08-05:00,PUR_IED_FriederichN_Ext_8ac92a,PUR_IED_FriederichN_Ext_8ac92a,,,,,
2026-09-12T19:46:08-05:00,PUR_IED_FriederichN_S301_dd7e5a,PUR_IED_FriederichN_S301_dd7e5a,,,,,
2026-09-12T19:46:08-05:00,PUR_IED_FriederichN_S308_761f4f,PUR_IED_FriederichN_S308_761f4f,,,,,
2026-09-12T19:46:08-05:00,PUR_IED_GSantander_Aula10_533dd7,PUR_IED_GSantander_Aula10_533dd7,,,,,
2026-09-12T19:46:08-05:00,PUR_IED_GSantander_Aula12_fd4e4f,PUR_IED_GSantander_Aula12_fd4e4f,,,,,
2026-09-12T19:46:08-05:00,PUR_IED_GSantander_Aula310_533dd7,PUR_IED_GSantander_Aula310_533dd7,,,,,
2026-09-12T19:46:08-05:00,PUR_IED_GSantander_Aula312_fd4e4f,PUR_IED_GSantander_Aula312_fd4e4f,,,,,
2026-09-12T19:46:08-05:00,PUR_IED_GSantander_Ext_5f66b0,PUR_IED_GSantander_Ext_5f66b0,,,,,
2026-09-12T19:46:08-05:00,PUR_IED_GYomasa_Ext_f6bea5,PUR_IED_GYomasa_Ext_f6bea5,,,,,
2026-09-12T19:46:08-05:00,PUR_IED_GYomasa_LBiol_2c41aa,PUR_IED_GYomasa_LBiol_2c41aa,,,,,
2026-09-12T19:46:08-05:00,PUR_IED_GYomasa_LQuim_33c80,PUR_IED_GYomasa_LQuim_33c80,,,,,
2026-09-12T19:46:08-05:00,PUR_IED_GabBetMejia_Cienc_5a99c,PUR_IED_GabBetMejia_Cienc_5a99c,,,,,
2026-09-12T19:46:08-05:00,PUR_IED_GabBetMejia_Ext_9153d0,PUR_IED_GabBetMejia_Ext_9153d0,,,,,
2026-09-12T19:46:08-05:00,PUR_IED_GabBetMejia_Lab_f55347,PUR_IED_GabBetMejia_Lab_f55347,,,,,
2026-09-12T19:46:08-05:00,PUR_IED_GabBetanMejia_Ext_9153d0,PUR_IED_GabBetanMejia_Ext_9153d0,,,,,
2026-09-12T19:46:08-05:00,PUR_IED_Gaitana_Aula13_7aac11,PUR_IED_Gaitana_Aula13_7aac11,,,,,
2026-09-12T19:46:08-05:00,PUR_IED_Gaitana_Ext_5fcf4,PUR_IED_Gaitana_Ext_5fcf4,,,,,
2026-09-12T19:46:08-05:00,PUR_IED_Gaitana_LabFisica_644448,PUR_IED_Gaitana_LabFisica_644448,,,,,
2026-09-12T19:46:08-05:00,PUR_IED_GenSantander_Dise_8ac858,PUR_IED_GenSantander_Dise_8ac858,,,,,
2026-09-12T19:46:08-05:00,PUR_IED_GenSantander_Ext_8d5dfe,PUR_IED_GenSantander_Ext_8d5dfe,,,,,
2026-09-12T19:46:08-05:00,PUR_IED_GenSantander_Info_6c25b,PUR_IED_GenSantander_Info_6c25b,,,,,
2026-09-12T19:46:08-05:00,PUR_IED_GustavoMo_Exterio_75e63d,PUR_IED_GustavoMo_Exterio_75e63d,,,,,
2026-09-12T19:46:08-05:00,PUR_IED_GustavoMo_LabFisi_224d37,PUR_IED_GustavoMo_LabFisi_224d37,,,,,
2026-09-12T19:46:08-05:00,PUR_IED_GustavoMo_S208_3e6918,PUR_IED_GustavoMo_S208_3e6918,,,,,
2026-09-12T19:46:08-05:00,PUR_IED_GustavoR_A02_8cd4a8,PUR_IED_GustavoR_A02_8cd4a8,,,,,
2026-09-12T19:46:08-05:00,PUR_IED_GustavoR_B11_5b0ed,PUR_IED_GustavoR_B11_5b0ed,,,,,
2026-09-12T19:46:08-05:00,PUR_IED_GustavoR_Ext_7a0c90,PUR_IED_GustavoR_Ext_7a0c90,,,,,
2026-09-12T19:46:08-05:00,PUR_IED_HernandoDuran_Ext_8cd82b,PUR_IED_HernandoDuran_Ext_8cd82b,,,,,
2026-09-12T19:46:08-05:00,PUR_IED_HernandoDuran_S24_2772c6,PUR_IED_HernandoDuran_S24_2772c6,,,,,
2026-09-12T19:46:08-05:00,PUR_IED_HernandoDuran_S30_f2de41,PUR_IED_HernandoDuran_S30_f2de41,,,,,
2026-09-12T19:46:08-05:00,PUR_IED_HolguInUr_S1101_8cd732,PUR_IED_HolguInUr_S1101_8cd732,,,,,
2026-09-12T19:46:08-05:00,PUR_IED_HolguinUr_Exter_ddae6d,PUR_IED_HolguinUr_Exter_ddae6d,,,,,
2026-09-12T19:46:08-05:00,PUR_IED_HolguinUr_LabQuim_92b952,PUR_IED_HolguinUr_LabQuim_92b952,,,,,
2026-09-12T19:46:08-05:00,PUR_IED_Isabel-II_Ext_5245cc,PUR_IED_Isabel-II_Ext_5245cc,4,20,56,4.6336,-74.153
2026-09-12T19:46:08-05:00,PUR_IED_Isabel-II_S_idiom_1c29aa,PUR_IED_Isabel-II_S_idiom_1c29aa,,,,,
2026-09-12T19:46:08-05:00,PUR_IED_Isabel-II_S_infor_fd741,PUR_IED_Isabel-II_S_infor_fd741,,,,,
2026-09-12T19:46:08-05:00,PUR_IED_IsidroSur_Exterio_5b90ea,PUR_IED_IsidroSur_Exterio_5b90ea,,,,,
2026-09-12T19:46:08-05:00,PUR_IED_IsidroSur_LabTec_56697a,PUR_IED_IsidroSur_LabTec_56697a,,,,,
2026-09-12T19:46:08-05:00,PUR_IED_IsidroSur_Robotic_b7c38f,PUR_IED_IsidroSur_Robotic_b7c38f,,,,,
2026-09-12T19:46:08-05:00,PUR_IED_IsmaelPerd_Ext_7b6672,PUR_IED_IsmaelPerd_Ext_7b6672,,,,,
2026-09-12T19:46:08-05:00,PUR_IED_IsmaelPerd_Inform_306540,PUR_IED_IsmaelPerd_Inform_306540,,,,,
2026-09-12T19:46:08-05:00,PUR_IED_IsmaelPerd_S30_2e2c83,PUR_IED_IsmaelPerd_S30_2e2c83,,,,,
2026-09-12T19:46:08-05:00,PUR_IED_JLozano_Exter_432910,PUR_IED_JLozano_Exter_432910,,,,,
2026-09-12T19:46:08-05:00,PUR_IED_JLozano_salaMulti_df5125,PUR_IED_JLozano_salaMulti_df5125,,,,,
2026-09-12T19:46:08-05:00,PUR_IED_JMCordoba_206_86f80b,PUR_IED_JMCordoba_206_86f80b,,,,,
2026-09-12T19:46:08-05:00,PUR_IED_JMCordoba_Ext_27ad97,PUR_IED_JMCordoba_Ext_27ad97,,,,,
2026-09-12T19:46:08-05:00,PUR_IED_JMCordoba_S310_d59ab4,PUR_IED_JMCordoba_S310_d59ab4,,,,,
2026-09-12T19:46:08-05:00,PUR_IED_Japon_Ext_549100,PUR_IED_Japon_Ext_549100,,,,,
2026-09-12T19:46:08-05:00,PUR_IED_Japon_Laboratorio_bec51d,PUR_IED_Japon_Laboratorio_bec51d,,,,,
2026-09-12T19:46:08-05:00,PUR_IED_Japon_informatica_d99327,PUR_IED_Japon_informatica_d99327,,,,,
2026-09-12T19:46:08-05:00,PUR_IED_Jazmin_Ext_d27bda,PUR_IED_Jazmin_Ext_d27bda,,,,,
2026-09-12T19:46:08-05:00,PUR_IED_Jazmin_Fisica_8d14d7,PUR_IED_Jazmin_Fisica_8d14d7,,,,,
2026-09-12T19:46:08-05:00,PUR_IED_Jazmin_Quimica_801cb5,PUR_IED_Jazmin_Quimica_801cb5,,,,,
2026-09-12T19:46:08-05:00,PUR_IED_JorgeGaitan_Exter_f098d1,PUR_IED_JorgeGaitan_Exter_f098d1,,,,,
2026-09-12T19:46:08-05:00,PUR_IED_JorgeGaitan_STec1_dc9d1d,PUR_IED_JorgeGaitan_STec1_dc9d1d,,,,,
2026-09-12T19:46:08-05:00,PUR_IED_JorgeGaitan_STec2_281e69,PUR_IED_JorgeGaitan_STec2_281e69,,,,,
2026-09-12T19:46:08-05:00,PUR_IED_JorgeSoto_Exterio_d9d0a2,PUR_IED_JorgeSoto_Exterio_d9d0a2,,,,,
2026-09-12T19:46:08-05:00,PUR_IED_JorgeSoto_LabFisi_209c54,PUR_IED_JorgeSoto_LabFisi_209c54,,,,,
2026-09-12T19:46:08-05:00,PUR_IED_JorgeSoto_S103_27b51a,PUR_IED_JorgeSoto_S103_27b51a,,,,,
2026-09-12T19:46:08-05:00,PUR_IED_JoseAcevedo_A02_e965eb,PUR_IED_JoseAcevedo_A02_e965eb,,,,,
2026-09-12T19:46:08-05:00,PUR_IED_JoseAcevedo_A07_dd5b4,PUR_IED_JoseAcevedo_A07_dd5b4,,,,,
2026-09-12T19:46:08-05:00,PUR_IED_JoseAcevedo_Ext_b47484,PUR_IED_JoseAcevedo_Ext_b47484,,,,,
2026-09-12T19:46:08-05:00,PUR_IED_JoseMarti_Exte_5b9bf,PUR_IED_JoseMarti_Exte_5b9bf,,,,,
2026-09-12T19:46:08-05:00,PUR_IED_JoseMarti_LabQuim_1c6c2d,PUR_IED_JoseMarti_LabQuim_1c6c2d,,,,,
2026-09-12T19:46:08-05:00,PUR_IED_JoseMarti_S_info_f5f177,PUR_IED_JoseMarti_S_info_f5f177,,,,,
2026-09-12T19:46:08-05:00,PUR_IED_Josejoaquin_Ext_dfc5dc,PUR_IED_Josejoaquin_Ext_dfc5dc,,,,,
2026-09-12T19:46:08-05:00,PUR_IED_Josejoaquin_S05_5b2a96,PUR_IED_Josejoaquin_S05_5b2a96,,,,,
2026-09-12T19:46:08-05:00,PUR_IED_Josejoaquin_S06_1ce7d2,PUR_IED_Josejoaquin_S06_1ce7d2,,,,,
2026-09-12T19:46:08-05:00,PUR_IED_JulioFlorez_Danza_9b82dd,PUR_IED_JulioFlorez_Danza_9b82dd,,,,,
2026-09-12T19:46:08-05:00,PUR_IED_JulioFlorez_Exter_f9f314,PUR_IED_JulioFlorez_Exter_f9f314,,,,,
2026-09-12T19:46:08-05:00,PUR_IED_JulioFlorez_info2_6b6e08,PUR_IED_JulioFlorez_info2_6b6e08,,,,,
2026-09-12T19:46:08-05:00,PUR_IED_LaBelleza_Aula13_1d00d8,PUR_IED_LaBelleza_Aula13_1d00d8,,,,,
2026-09-12T19:46:08-05:00,PUR_IED_LaBelleza_Ext_7bc08c,PUR_IED_LaBelleza_Ext_7bc08c,,,,,
2026-09-12T19:46:08-05:00,PUR_IED_LaChucua_Ext_8cd6d2,PUR_IED_LaChucua_Ext_8cd6d2,,,,,
2026-09-12T19:46:08-05:00,PUR_IED_LaChucua_S15_f578ce,PUR_IED_LaChucua_S15_f578ce,,,,,
2026-09-12T19:46:08-05:00,PUR_IED_LaChucua_S16_eebcf9,PUR_IED_LaChucua_S16_eebcf9,,,,,
2026-09-12T19:46:08-05:00,PUR_IED_LaFelicidad_Ext_fb5109,PUR_IED_LaFelicidad_Ext_fb5109,,,,,
2026-09-12T19:46:08-05:00,PUR_IED_LaMerced_206_66ebd,PUR_IED_LaMerced_206_66ebd,,,,,
2026-09-12T19:46:08-05:00,PUR_IED_LaMerced_207_6ebd6,PUR_IED_LaMerced_207_6ebd6,,,,,
2026-09-12T19:46:08-05:00,PUR_IED_LaMerced_ext_304311,PUR_IED_LaMerced_ext_304311,,,,,
2026-09-12T19:46:08-05:00,PUR_IED_Laureano_CiencNat_281e5e,PUR_IED_Laureano_CiencNat_281e5e,,,,,
2026-09-12T19:46:08-05:00,PUR_IED_Laureano_Comedor_f65c0a,PUR_IED_Laureano_Comedor_f65c0a,,,,,
2026-09-12T19:46:08-05:00,PUR_IED_Laureano_Exterior_7ab011,PUR_IED_Laureano_Exterior_7ab011,,,,,
2026-09-12T19:46:08-05:00,PUR_IED_LeonGreiff_Exte_dfe560,PUR_IED_LeonGreiff_Exte_dfe560,,,,,
2026-09-12T19:46:08-05:00,PUR_IED_LeonGreiff_S210_f264ed,PUR_IED_LeonGreiff_S210_f264ed,,,,,
2026-09-12T19:46:08-05:00,PUR_IED_LeonGreiff_SQuimi_e8296f,PUR_IED_LeonGreiff_SQuimi_e8296f,,,,,
2026-09-12T19:46:08-05:00,PUR_IED_LlanoOrientalS208_7b9fcd,PUR_IED_LlanoOrientalS208_7b9fcd,,,,,
2026-09-12T19:46:08-05:00,PUR_IED_LlanoOriental_Ext_fb3766,PUR_IED_LlanoOriental_Ext_fb3766,,,,,
2026-09-12T19:46:08-05:00,PUR_IED_LlanoOriental_S208_7b9fcd,PUR_IED_LlanoOriental_S208_7b9fcd,,,,,
2026-09-12T19:46:08-05:00,PUR_IED_LlanoOriental_S9_27b378,PUR_IED_LlanoOriental_S9_27b378,,,,,
2026-09-12T19:46:08-05:00,PUR_IED_LosTejares_1101_477602,PUR_IED_LosTejares_1101_477602,,,,,
2026-09-12T19:46:08-05:00,PUR_IED_LosTejares_11_d2c595,PUR_IED_LosTejares_11_d2c595,,,,,
2026-09-12T19:46:08-05:00,PUR_IED_LosTejares_12_477602,PUR_IED_LosTejares_12_477602,,,,,
2026-09-12T19:46:08-05:00,PUR_IED_LosTejares_Ext_8e2115,PUR_IED_LosTejares_Ext_8e2115,,,,,
2026-09-12T19:46:08-05:00,PUR_IED_MagdalenaO_B202_5ddda3,PUR_IED_MagdalenaO_B202_5ddda3,,,,,
2026-09-12T19:46:08-05:00,PUR_IED_MagdalenaO_B205_fb76e8,PUR_IED_MagdalenaO_B205_fb76e8,,,,,
2026-09-12T19:46:08-05:00,PUR_IED_MagdalenaO_ext_dc69cd,PUR_IED_MagdalenaO_ext_dc69cd,,,,,
2026-09-12T19:46:08-05:00,PUR_IED_ManueCepeda_artes_eee956,PUR_IED_ManueCepeda_artes_eee956,,,,,
2026-09-12T19:46:08-05:00,PUR_IED_ManuelCepeda_Ext_58313,PUR_IED_ManuelCepeda_Ext_58313,,,,,
2026-09-12T19:46:08-05:00,PUR_IED_ManuelCepeda_tec_1c5731,PUR_IED_ManuelCepeda_tec_1c5731,,,,,
2026-09-12T19:46:08-05:00,PUR_IED_ManuelS_Exterior_5b269,PUR_IED_ManuelS_Exterior_5b269,,,,,
2026-09-12T19:46:08-05:00,PUR_IED_ManuelS_Inform_f369ce,PUR_IED_ManuelS_Inform_f369ce,,,,,
2026-09-12T19:46:08-05:00,PUR_IED_ManuelS_SArtes_7d15f1,PUR_IED_ManuelS_SArtes_7d15f1,,,,,
2026-09-12T19:46:08-05:00,PUR_IED_ManuelZapata_303_3ca6,PUR_IED_ManuelZapata_303_3ca6,,,,,
2026-09-12T19:46:08-05:00,PUR_IED_ManuelZapata_311_bfbabc,PUR_IED_ManuelZapata_311_bfbabc,,,,,
2026-09-12T19:46:08-05:00,PUR_IED_ManuelZapata_Ext_50824a,PUR_IED_ManuelZapata_Ext_50824a,,,,,
2026-09-12T19:46:08-05:00,PUR_IED_ManuelitaS_Exteri_656a92,PUR_IED_ManuelitaS_Exteri_656a92,,,,,
2026-09-12T19:46:08-05:00,PUR_IED_ManuelitaS_JuzgDe_f58ec3,PUR_IED_ManuelitaS_JuzgDe_f58ec3,,,,,
2026-09-12T19:46:08-05:00,PUR_IED_ManuelitaS_Recrea_d793db,PUR_IED_ManuelitaS_Recrea_d793db,,,,,
2026-09-12T19:46:08-05:00,PUR_IED_MarFidSuarez_Ext_c27b19,PUR_IED_MarFidSuarez_Ext_c27b19,,,,,
2026-09-12T19:46:08-05:00,PUR_IED_MarFidSuarez_Info_e384d7,PUR_IED_MarFidSuarez_Info_e384d7,,,,,
2026-09-12T19:46:08-05:00,PUR_IED_MarFidSuarez_S306_1d0032,PUR_IED_MarFidSuarez_S306_1d0032,,,,,
2026-09-12T19:46:08-05:00,PUR_IED_Menorah_301_2a25a3,PUR_IED_Menorah_301_2a25a3,,,,,
2026-09-12T19:46:08-05:00,PUR_IED_Menorah_306_37ed3,PUR_IED_Menorah_306_37ed3,,,,,
2026-09-12T19:46:08-05:00,PUR_IED_Menorah_Ext_3e155b,PUR_IED_Menorah_Ext_3e155b,,,,,
2026-09-12T19:46:08-05:00,PUR_IED_MinutoB.Aires_A11_1b1604,PUR_IED_MinutoB.Aires_A11_1b1604,,,,,
2026-09-12T19:46:08-05:00,PUR_IED_MinutoB.Aires_A12_fb5860,PUR_IED_MinutoB.Aires_A12_fb5860,,,,,
2026-09-12T19:46:08-05:00,PUR_IED_MinutoB.Aires_Ext_81293f,PUR_IED_MinutoB.Aires_Ext_81293f,,,,,
2026-09-12T19:46:08-05:00,PUR_IED_MinutoBAires_A11_1b1604,PUR_IED_MinutoBAires_A11_1b1604,,,,,
2026-09-12T19:46:08-05:00,PUR_IED_MinutoBAires_A12_fb5860,PUR_IED_MinutoBAires_A12_fb5860,,,,,
2026-09-12T19:46:08-05:00,PUR_IED_MinutoBAires_Ext_81293f,PUR_IED_MinutoBAires_Ext_81293f,,,,,
2026-09-12T19:46:08-05:00,PUR_IED_Montreal_Aula10_1e4959,PUR_IED_Montreal_Aula10_1e4959,,,,,
2026-09-12T19:46:08-05:00,PUR_IED_Montreal_Aula6_300367,PUR_IED_Montreal_Aula6_300367,,,,,
2026-09-12T19:46:08-05:00,PUR_IED_Montreal_Exterior_91a179,PUR_IED_Montreal_Exterior_91a179,,,,,
2026-09-12T19:46:08-05:00,PUR_IED_Mqgdalena_B202_5ddda3,PUR_IED_Mqgdalena_B202_5ddda3,,,,,
2026-09-12T19:46:08-05:00,PUR_IED_NACUND_Soc_dc8728,PUR_IED_NACUND_Soc_dc8728,,,,,
2026-09-12T19:46:08-05:00,PUR_IED_NACUND_ext_27ad97,PUR_IED_NACUND_ext_27ad97,,,,,
2026-09-12T19:46:08-05:00,PUR_IED_NEsperanza_Ext_d24b61,PUR_IED_NEsperanza_Ext_d24b61,,,,,
2026-09-12T19:46:08-05:00,PUR_IED_NEsperanza_SElect_7d1807,PUR_IED_NEsperanza_SElect_7d1807,,,,,
2026-09-12T19:46:08-05:00,PUR_IED_NEsperanza_SLabor_8b2d0a,PUR_IED_NEsperanza_SLabor_8b2d0a,,,,,
2026-09-12T19:46:08-05:00,PUR_IED_NacionesU_Ext_f661a9,PUR_IED_NacionesU_Ext_f661a9,,,,,
2026-09-12T19:46:08-05:00,PUR_IED_NacionesU_Quimica_66f0a,PUR_IED_NacionesU_Quimica_66f0a,,,,,
2026-09-12T19:46:08-05:00,PUR_IED_NacionesU_S306_1b4b3d,PUR_IED_NacionesU_S306_1b4b3d,,,,,
2026-09-12T19:46:08-05:00,PUR_IED_NestorFA_Ext_e4201c,PUR_IED_NestorFA_Ext_e4201c,,,,,
2026-09-12T19:46:08-05:00,PUR_IED_NestorFA_Laborato_f22fe0,PUR_IED_NestorFA_Laborato_f22fe0,,,,,
2026-09-12T19:46:08-05:00,PUR_IED_NestorFA_S204_dee996,PUR_IED_NestorFA_S204_dee996,,,,,
2026-09-12T19:46:08-05:00,PUR_IED_NidyaQT_Aula03_76999b,PUR_IED_NidyaQT_Aula03_76999b,,,,,
2026-09-12T19:46:08-05:00,PUR_IED_NidyaQT_Aula10_56325,PUR_IED_NidyaQT_Aula10_56325,,,,,
2026-09-12T19:46:08-05:00,PUR_IED_NidyaQT_Ext_46e32d,PUR_IED_NidyaQT_Ext_46e32d,,,,,
2026-09-12T19:46:08-05:00,PUR_IED_NuevaCol_Exterior_d9b859,PUR_IED_NuevaCol_Exterior_d9b859,,,,,
2026-09-12T19:46:08-05:00,PUR_IED_NuevaCol_S1101_76c43b,PUR_IED_NuevaCol_S1101_76c43b,,,,,
2026-09-12T19:46:08-05:00,PUR_IED_NuevaCol_S1102_1ce0b5,PUR_IED_NuevaCol_S1102_1ce0b5,,,,,
2026-09-12T19:46:08-05:00,PUR_IED_OEA_A202_f7e3f2,PUR_IED_OEA_A202_f7e3f2,,,,,
2026-09-12T19:46:08-05:00,PUR_IED_OEA_A203_7d1b8d,PUR_IED_OEA_A203_7d1b8d,,,,,
2026-09-12T19:46:08-05:00,PUR_IED_OEA_Ext_27b593,PUR_IED_OEA_Ext_27b593,,,,,
2026-09-12T19:46:08-05:00,PUR_IED_Ochoa_Ext_1c29da,PUR_IED_Ochoa_Ext_1c29da,,,,,
2026-09-12T19:46:08-05:00,PUR_IED_Ochoa_S205_8b1121,PUR_IED_Ochoa_S205_8b1121,,,,,
2026-09-12T19:46:08-05:00,PUR_IED_Ochoa_Sistemas_f33af6,PUR_IED_Ochoa_Sistemas_f33af6,,,,,
2026-09-12T19:46:08-05:00,PUR_IED_PQuebec_Ext_1c67c7,PUR_IED_PQuebec_Ext_1c67c7,,,,,
2026-09-12T19:46:08-05:00,PUR_IED_PQuebec_S15_23e8e2,PUR_IED_PQuebec_S15_23e8e2,,,,,
2026-09-12T19:46:08-05:00,PUR_IED_PQuebec_S16_8ec76b,PUR_IED_PQuebec_S16_8ec76b,,,,,
2026-09-12T19:46:08-05:00,PUR_IED_PabloN_Ext_49dc96,PUR_IED_PabloN_Ext_49dc96,,,,,
2026-09-12T19:46:08-05:00,PUR_IED_PabloN_S1102_4e3df5,PUR_IED_PabloN_S1102_4e3df5,,,,,
2026-09-12T19:46:08-05:00,PUR_IED_PabloN_S1103_50c94b,PUR_IED_PabloN_S1103_50c94b,,,,,
2026-09-12T19:46:08-05:00,PUR_IED_Palestina_S1101_db9198,PUR_IED_Palestina_S1101_db9198,,,,,
2026-09-12T19:46:08-05:00,PUR_IED_Palestina_S1102_dc54fa,PUR_IED_Palestina_S1102_dc54fa,,,,,
2026-09-12T19:46:08-05:00,PUR_IED_Palestina_ext_4ccce6,PUR_IED_Palestina_ext_4ccce6,,,,,
2026-09-12T19:46:08-05:00,PUR_IED_Panama_Fisica_4d0794,PUR_IED_Panama_Fisica_4d0794,,,,,
2026-09-12T19:46:08-05:00,PUR_IED_Panama_SIngles_a4077e,PUR_IED_Panama_SIngles_a4077e,,,,,
2026-09-12T19:46:08-05:00,PUR_IED_Panama_ext_4c54b4,PUR_IED_Panama_ext_4c54b4,,,,,
2026-09-12T19:46:08-05:00,PUR_IED_ParaisoM_Exterior_8cd7f0,PUR_IED_ParaisoM_Exterior_8cd7f0,,,,,
2026-09-12T19:46:08-05:00,PUR_IED_ParaisoM_Laborato_27af35,PUR_IED_ParaisoM_Laborato_27af35,,,,,
2026-09-12T19:46:08-05:00,PUR_IED_ParaisoM_S304_d1edca,PUR_IED_ParaisoM_S304_d1edca,,,,,
2026-09-12T19:46:08-05:00,PUR_IED_PorfirioBarba_Ext_301466,PUR_IED_PorfirioBarba_Ext_301466,,,,,
2026-09-12T19:46:08-05:00,PUR_IED_PorfirioBarba_S11_df6cd2,PUR_IED_PorfirioBarba_S11_df6cd2,,,,,
2026-09-12T19:46:08-05:00,PUR_IED_PorfirioBarba_S29_27a7d6,PUR_IED_PorfirioBarba_S29_27a7d6,,,,,
2026-09-12T19:46:08-05:00,PUR_IED_PradoV_Exter_8b27ad,PUR_IED_PradoV_Exter_8b27ad,,,,,
2026-09-12T19:46:08-05:00,PUR_IED_PradoV_S301_de65b5,PUR_IED_PradoV_S301_de65b5,,,,,
2026-09-12T19:46:08-05:00,PUR_IED_PradoV_S302_7d2593,PUR_IED_PradoV_S302_7d2593,,,,,
2026-09-12T19:46:08-05:00,PUR_IED_QuirogaAlz_Ext_1ddc82,PUR_IED_QuirogaAlz_Ext_1ddc82,,,,,
2026-09-12T19:46:08-05:00,PUR_IED_QuirogaAlz_S302_9926a3,PUR_IED_QuirogaAlz_S302_9926a3,,,,,
2026-09-12T19:46:08-05:00,PUR_IED_QuirogaAlz_S305_cdf1f1,PUR_IED_QuirogaAlz_S305_cdf1f1,,,,,
2026-09-12T19:46:08-05:00,PUR_IED_RGuatemala_Biling_dc53b7,PUR_IED_RGuatemala_Biling_dc53b7,,,,,
2026-09-12T19:46:08-05:00,PUR_IED_RGuatemala_Ext_1b89a3,PUR_IED_RGuatemala_Ext_1b89a3,,,,,
2026-09-12T19:46:08-05:00,PUR_IED_RGuatemala_Tecnol_281a34,PUR_IED_RGuatemala_Tecnol_281a34,,,,,
2026-09-12T19:46:08-05:00,PUR_IED_RafaNu_Ext_f7c302,PUR_IED_RafaNu_Ext_f7c302,,,,,
2026-09-12T19:46:08-05:00,PUR_IED_RafaNu_S1101_25fde,PUR_IED_RafaNu_S1101_25fde,,,,,
2026-09-12T19:46:08-05:00,PUR_IED_RafaNu_S1102_281517,PUR_IED_RafaNu_S1102_281517,,,,,
2026-09-12T19:46:08-05:00,PUR_IED_RafaelB_S305_ee2783,PUR_IED_RafaelB_S305_ee2783,,,,,
2026-09-12T19:46:08-05:00,PUR_IED_RafaelB_S306_75fe33,PUR_IED_RafaelB_S306_75fe33,,,,,
2026-09-12T19:46:08-05:00,PUR_IED_RafaelB_ext_283336,PUR_IED_RafaelB_ext_283336,3,19,62,4.6722,-74.0737
2026-09-12T19:46:08-05:00,PUR_IED_RafaelUU_Exterior_281a51,PUR_IED_RafaelUU_Exterior_281a51,,,,,
2026-09-12T19:46:08-05:00,PUR_IED_RafaelUU_Human_806b2,PUR_IED_RafaelUU_Human_806b2,,,,,
2026-09-12T19:46:08-05:00,PUR_IED_RafaelUU_Mate2_5680d4,PUR_IED_RafaelUU_Mate2_5680d4,,,,,
2026-09-12T19:46:08-05:00,PUR_IED_RamonSub_Ext_f9eeb9,PUR_IED_RamonSub_Ext_f9eeb9,,,,,
2026-09-12T19:46:08-05:00,PUR_IED_RamonSub_Media_d1f62f,PUR_IED_RamonSub_Media_d1f62f,,,,,
2026-09-12T19:46:08-05:00,PUR_IED_RamonSub_planta_51b82,PUR_IED_RamonSub_planta_51b82,,,,,
2026-09-12T19:46:08-05:00,PUR_IED_RepBoliVene_Exter_27af7c,PUR_IED_RepBoliVene_Exter_27af7c,,,,,
2026-09-12T19:46:08-05:00,PUR_IED_RepBoliVene_SCPT_5ae2ee,PUR_IED_RepBoliVene_SCPT_5ae2ee,,,,,
2026-09-12T19:46:08-05:00,PUR_IED_RepBoliVene_Socia_4b11d5,PUR_IED_RepBoliVene_Socia_4b11d5,,,,,
2026-09-12T19:46:08-05:00,PUR_IED_RepChina_Ext_76d9ee,PUR_IED_RepChina_Ext_76d9ee,,,,,
2026-09-12T19:46:08-05:00,PUR_IED_RepChina_S404_7c804c,PUR_IED_RepChina_S404_7c804c,,,,,
2026-09-12T19:46:08-05:00,PUR_IED_RepChina_S405_df2c33,PUR_IED_RepChina_S405_df2c33,,,,,
2026-09-12T19:46:08-05:00,PUR_IED_RepublicaC_Exteri_7d1ec9,PUR_IED_RepublicaC_Exteri_7d1ec9,,,,,
2026-09-12T19:46:08-05:00,PUR_IED_RepublicaC_S1101_f544b3,PUR_IED_RepublicaC_S1101_f544b3,,,,,
2026-09-12T19:46:08-05:00,PUR_IED_RepublicaC_S1102_7aafc7,PUR_IED_RepublicaC_S1102_7aafc7,,,,,
2026-09-12T19:46:08-05:00,PUR_IED_Ricaurte_Externo_a0ea1,PUR_IED_Ricaurte_Externo_a0ea1,,,,,
2026-09-12T19:46:08-05:00,PUR_IED_Ricaurte_S210_f546fd,PUR_IED_Ricaurte_S210_f546fd,,,,,
2026-09-12T19:46:08-05:00,PUR_IED_Ricaurte_S309_d4452,PUR_IED_Ricaurte_S309_d4452,,,,,
2026-09-12T19:46:08-05:00,PUR_IED_RogelioS_1102_531e69,PUR_IED_RogelioS_1102_531e69,,,,,
2026-09-12T19:46:08-05:00,PUR_IED_RogelioS_Ext_f25a18,PUR_IED_RogelioS_Ext_f25a18,,,,,
2026-09-12T19:46:08-05:00,PUR_IED_SBernardino_Ext_27aff8,PUR_IED_SBernardino_Ext_27aff8,,,,,
2026-09-12T19:46:08-05:00,PUR_IED_SBernardino_SArte_2ffd33,PUR_IED_SBernardino_SArte_2ffd33,,,,,
2026-09-12T19:46:08-05:00,PUR_IED_SBernardino_SIngl_7c7da5,PUR_IED_SBernardino_SIngl_7c7da5,,,,,
2026-09-12T19:46:08-05:00,PUR_IED_Sago_auditorio_dc9d1d,PUR_IED_Sago_auditorio_dc9d1d,,,,,
2026-09-12T19:46:08-05:00,PUR_IED_Saludcoop_Ext_95aac3,PUR_IED_Saludcoop_Ext_95aac3,,,,,
2026-09-12T19:46:08-05:00,PUR_IED_Saludcoop_InfI_90c854,PUR_IED_Saludcoop_InfI_90c854,,,,,
2026-09-12T19:46:08-05:00,PUR_IED_Saludcoop_SMedia_1b93be,PUR_IED_Saludcoop_SMedia_1b93be,,,,,
2026-09-12T19:46:08-05:00,PUR_IED_SanCarlos_1101_1a2360,PUR_IED_SanCarlos_1101_1a2360,,,,,
2026-09-12T19:46:08-05:00,PUR_IED_SanCarlos_1103_7bafb5,PUR_IED_SanCarlos_1103_7bafb5,,,,,
2026-09-12T19:46:08-05:00,PUR_IED_SanCarlos_Ext_b7cd1,PUR_IED_SanCarlos_Ext_b7cd1,,,,,
2026-09-12T19:46:08-05:00,PUR_IED_SanIgnacioBosa11a_50c26e,PUR_IED_SanIgnacioBosa11a_50c26e,,,,,
2026-09-12T19:46:08-05:00,PUR_IED_SanIgnacioBosa11b_371de8,PUR_IED_SanIgnacioBosa11b_371de8,,,,,
2026-09-12T19:46:08-05:00,PUR_IED_SanIgnacioBosaExt_ef0ffc,PUR_IED_SanIgnacioBosaExt_ef0ffc,,,,,
2026-09-12T19:46:08-05:00,PUR_IED_SanIgnacioBosa_11a_50c26e,PUR_IED_SanIgnacioBosa_11a_50c26e,,,,,
2026-09-12T19:46:08-05:00,PUR_IED_SanIgnacioBosa_Ext_ef0ffc,PUR_IED_SanIgnacioBosa_Ext_ef0ffc,,,,,
2026-09-12T19:46:08-05:00,PUR_IED_SanJoseN_intS1101_31c47f,PUR_IED_SanJoseN_intS1101_31c47f,,,,,
2026-09-12T19:46:08-05:00,PUR_IED_SanJoseUsm_Exter_f5d7e8,PUR_IED_SanJoseUsm_Exter_f5d7e8,,,,,
2026-09-12T19:46:08-05:00,PUR_IED_SanJoseUsm_Int11A_cfdef6,PUR_IED_SanJoseUsm_Int11A_cfdef6,,,,,
2026-09-12T19:46:08-05:00,PUR_IED_SilveriaR_IntB5_905349,PUR_IED_SilveriaR_IntB5_905349,,,,,
2026-09-12T19:46:08-05:00,PUR_IED_SilveriaR_IntSD14_981f93,PUR_IED_SilveriaR_IntSD14_981f93,,,,,
2026-09-12T19:46:08-05:00,PUR_IED_SilveriaR_ext_2b651d,PUR_IED_SilveriaR_ext_2b651d,,,,,
2026-09-12T19:46:08-05:00,PUR_IED_SimonB_Exterior_913975,PUR_IED_SimonB_Exterior_913975,,,,,
2026-09-12T19:46:08-05:00,PUR_IED_SimonB_LabQuimi_c56908,PUR_IED_SimonB_LabQuimi_c56908,,,,,
2026-09-12T19:46:08-05:00,PUR_IED_SimonB_informatic_a28c1,PUR_IED_SimonB_informatic_a28c1,,,,,
2026-09-12T19:46:08-05:00,PUR_IED_Sorrento_1102_315f50,PUR_IED_Sorrento_1102_315f50,,,,,
2026-09-12T19:46:08-05:00,PUR_IED_Sorrento_Minte_214eab,PUR_IED_Sorrento_Minte_214eab,,,,,
2026-09-12T19:46:08-05:00,PUR_IED_Sorrento_ext_7c3a0a,PUR_IED_Sorrento_ext_7c3a0a,,,,,
2026-09-12T19:46:08-05:00,PUR_IED_Tabora_Ext_f048ae,PUR_IED_Tabora_Ext_f048ae,,,,,
2026-09-12T19:46:08-05:00,PUR_IED_Tabora_S1102_b07752,PUR_IED_Tabora_S1102_b07752,,,,,
2026-09-12T19:46:08-05:00,PUR_IED_Tabora_S1103_d988f5,PUR_IED_Tabora_S1103_d988f5,,,,,
2026-09-12T19:46:08-05:00,PUR_IED_Tenerife_Ext_1ab188,PUR_IED_Tenerife_Ext_1ab188,,,,,
2026-09-12T19:46:08-05:00,PUR_IED_Tenerife_SDanzas_7bc02e,PUR_IED_Tenerife_SDanzas_7bc02e,,,,,
2026-09-12T19:46:08-05:00,PUR_IED_Tenerife_SIngles_7cc277,PUR_IED_Tenerife_SIngles_7cc277,,,,,
2026-09-12T19:46:08-05:00,PUR_IED_Tibabuyes_Exter_f2683d,PUR_IED_Tibabuyes_Exter_f2683d,,,,,
2026-09-12T19:46:08-05:00,PUR_IED_Tibabuyes_S10_dc87a8,PUR_IED_Tibabuyes_S10_dc87a8,,,,,
2026-09-12T19:46:08-05:00,PUR_IED_Tibabuyes_S15_dc0526,PUR_IED_Tibabuyes_S15_dc0526,,,,,
2026-09-12T19:46:08-05:00,PUR_IED_UnionE_S301_a1043,PUR_IED_UnionE_S301_a1043,,,,,
2026-09-12T19:46:08-05:00,PUR_IED_UnionE_S307_ff6c2f,PUR_IED_UnionE_S307_ff6c2f,,,,,
2026-09-12T19:46:08-05:00,PUR_IED_UnionE__Ext_5e2468,PUR_IED_UnionE__Ext_5e2468,,,,,
2026-09-12T19:46:08-05:00,PUR_IED_VillaRica_Ext_75be7c,PUR_IED_VillaRica_Ext_75be7c,,,,,
2026-09-12T19:46:08-05:00,PUR_IED_VillaRica_S4_cc5dcd,PUR_IED_VillaRica_S4_cc5dcd,,,,,
2026-09-12T19:46:08-05:00,PUR_IED_VillaRica_Sesp_99f5c,PUR_IED_VillaRica_Sesp_99f5c,,,,,
2026-09-12T19:51:07-05:00,PUR_IED_20deJulio_1101_91b1b9,PUR_IED_20deJulio_1101_91b1b9,,,,,
2026-09-12T19:51:07-05:00,PUR_IED_20deJulio_1102_1cfcf9,PUR_IED_20deJulio_1102_1cfcf9,,,,,
2026-09-12T19:51:07-05:00,PUR_IED_20deJulio_Ext_ab60bd,PUR_IED_20deJulio_Ext_ab60bd,,,,,
2026-09-12T19:51:07-05:00,PUR_IED_AgustinFer_Ext_7b9b77,PUR_IED_AgustinFer_Ext_7b9b77,,,,,
2026-09-12T19:51:07-05:00,PUR_IED_AgustinFer_Info2_27b3a7,PUR_IED_AgustinFer_Info2_27b3a7,,,,,
2026-09-12T19:51:07-05:00,PUR_IED_AgustinFer_Sena_54b4eb,PUR_IED_AgustinFer_Sena_54b4eb,,,,,
2026-09-12T19:51:07-05:00,PUR_IED_AlexanderF_1102_caf07b,PUR_IED_AlexanderF_1102_caf07b,,,,,
2026-09-12T19:51:07-05:00,PUR_IED_AlexanderF_1103_c79e71,PUR_IED_AlexanderF_1103_c79e71,,,,,
2026-09-12T19:51:07-05:00,PUR_IED_AlexanderF_Ext_c5b18b,PUR_IED_AlexanderF_Ext_c5b18b,,,,,
2026-09-12T19:51:07-05:00,PUR_IED_AlfonsoLopez_Ext_281d77,PUR_IED_AlfonsoLopez_Ext_281d77,,,,,
2026-09-12T19:51:07-05:00,PUR_IED_AlfonsoLopez_LabF_888ce0,PUR_IED_AlfonsoLopez_LabF_888ce0,,,,,
2026-09-12T19:51:07-05:00,PUR_IED_AlfonsoLopez_SMed_df6a7f,PUR_IED_AlfonsoLopez_SMed_df6a7f,,,,,
2026-09-12T19:51:07-05:00,PUR_IED_AltamiraSO_A2_209f92,PUR_IED_AltamiraSO_A2_209f92,,,,,
2026-09-12T19:51:07-05:00,PUR_IED_AltamiraSO_Ext_186d66,PUR_IED_AltamiraSO_Ext_186d66,,,,,
2026-09-12T19:51:07-05:00,PUR_IED_AltamiraSO_Sistem_27afe1,PUR_IED_AltamiraSO_Sistem_27afe1,,,,,
2026-09-12T19:51:07-05:00,PUR_IED_AlvaroGom_LabQuim_813179,PUR_IED_AlvaroGom_LabQuim_813179,,,,,
2026-09-12T19:51:07-05:00,PUR_IED_AlvaroGomez_Ext_47c7ca,PUR_IED_AlvaroGomez_Ext_47c7ca,,,,,
2026-09-12T19:51:07-05:00,PUR_IED_AlvaroGomez_LabQuim_813179,PUR_IED_AlvaroGomez_LabQuim_813179,,,,,
2026-09-12T19:51:07-05:00,PUR_IED_AlvaroGomez_S23_7ba89f,PUR_IED_AlvaroGomez_S23_7ba89f,,,,,
2026-09-12T19:51:07-05:00,PUR_IED_Amistad_306_dc8728,PUR_IED_Amistad_306_dc8728,,,,,
2026-09-12T19:51:07-05:00,PUR_IED_Amistad_Ext_8cd55e,PUR_IED_Amistad_Ext_8cd55e,,,,,
2026-09-12T19:51:07-05:00,PUR_IED_Amistad_S202_a41169,PUR_IED_Amistad_S202_a41169,,,,,
2026-09-12T19:51:07-05:00,PUR_IED_AndresBello_Bio_fd5f5e,PUR_IED_AndresBello_Bio_fd5f5e,,,,,
2026-09-12T19:51:07-05:00,PUR_IED_AndresBello_ext_dcad65,PUR_IED_AndresBello_ext_dcad65,,,,,
2026-09-12T19:51:07-05:00,PUR_IED_AndresBello_port_eed3ec,PUR_IED_AndresBello_port_eed3ec,,,,,
2026-09-12T19:51:07-05:00,PUR_IED_AngelaR_11b_d90a6b,PUR_IED_AngelaR_11b_d90a6b,,,,,
2026-09-12T19:51:07-05:00,PUR_IED_AngelaR_ext_7cad3e,PUR_IED_AngelaR_ext_7cad3e,4,19,63,4.5825,-74.164497
2026-09-12T19:51:07-05:00,PUR_IED_AntJoseSucre_10mo_df2575,PUR_IED_AntJoseSucre_10mo_df2575,,,,,
2026-09-12T19:51:07-05:00,PUR_IED_AntJoseSucre_Ext_215b36,PUR_IED_AntJoseSucre_Ext_215b36,,,,,
2026-09-12T19:51:07-05:00,PUR_IED_AntJoseSucre_Lab_3139de,PUR_IED_AntJoseSucre_Lab_3139de,,,,,
2026-09-12T19:51:07-05:00,PUR_IED_AntonioGarcia_301_d6b188,PUR_IED_AntonioGarcia_301_d6b188,,,,,
2026-09-12T19:51:07-05:00,PUR_IED_AntonioGarcia_302_88a82,PUR_IED_AntonioGarcia_302_88a82,,,,,
2026-09-12T19:51:07-05:00,PUR_IED_AntonioGarcia_Ext_20950c,PUR_IED_AntonioGarcia_Ext_20950c,,,,,
2026-09-12T19:51:07-05:00,PUR_IED_AntonioVan_Aula2_6dea02,PUR_IED_AntonioVan_Aula2_6dea02,,,,,
2026-09-12T19:51:07-05:00,PUR_IED_AntonioVan_Aula5_f1557e,PUR_IED_AntonioVan_Aula5_f1557e,,,,,
2026-09-12T19:51:07-05:00,PUR_IED_AntonioVan_Ext_406f2f,PUR_IED_AntonioVan_Ext_406f2f,,,,,
2026-09-12T19:51:07-05:00,PUR_IED_Atabanzha_Ext_cc5af9,PUR_IED_Atabanzha_Ext_cc5af9,,,,,
2026-09-12T19:51:07-05:00,PUR_IED_Atabanzha_SA101_56c37,PUR_IED_Atabanzha_SA101_56c37,,,,,
2026-09-12T19:51:07-05:00,PUR_IED_Atabanzha_SB302_27b374,PUR_IED_Atabanzha_SB302_27b374,,,,,
2026-09-12T19:51:07-05:00,PUR_IED_Atahualpa_Ext_fc1748,PUR_IED_Atahualpa_Ext_fc1748,,,,,
2026-09-12T19:51:07-05:00,PUR_IED_Atahualpa_Informa_dc9a95,PUR_IED_Atahualpa_Informa_dc9a95,,,,,
2026-09-12T19:51:07-05:00,PUR_IED_Atahualpa_S1101_f98056,PUR_IED_Atahualpa_S1101_f98056,,,,,
2026-09-12T19:51:07-05:00,PUR_IED_Bellavista_Ext_f5aa74,PUR_IED_Bellavista_Ext_f5aa74,,,,,
2026-09-12T19:51:07-05:00,PUR_IED_Bilbao_11A_916c41,PUR_IED_Bilbao_11A_916c41,,,,,
2026-09-12T19:51:07-05:00,PUR_IED_Bilbao_Ext_fb579a,PUR_IED_Bilbao_Ext_fb579a,,,,,
2026-09-12T19:51:07-05:00,PUR_IED_BrasiliaU_A125_304280,PUR_IED_BrasiliaU_A125_304280,,,,,
2026-09-12T19:51:07-05:00,PUR_IED_BrasiliaU_A203_7c8ca5,PUR_IED_BrasiliaU_A203_7c8ca5,,,,,
2026-09-12T19:51:07-05:00,PUR_IED_BrasiliaU_Ext_8d6e9f,PUR_IED_BrasiliaU_Ext_8d6e9f,6,18,64,4.5175,-74.116302
2026-09-12T19:51:07-05:00,PUR_IED_Brasilia_Ext_fe6593,PUR_IED_Brasilia_Ext_fe6593,,,,,
2026-09-12T19:51:07-05:00,PUR_IED_Brasilia_S24_7c130d,PUR_IED_Brasilia_S24_7c130d,,,,,
2026-09-12T19:51:07-05:00,PUR_IED_Brasilia_S501_186a54,PUR_IED_Brasilia_S501_186a54,,,,,
2026-09-12T19:51:07-05:00,PUR_IED_CHARRY_EXT_f1d5cd,PUR_IED_CHARRY_EXT_f1d5cd,,,,,
2026-09-12T19:51:07-05:00,PUR_IED_CHARRY_INTDANZAS_7a08e6,PUR_IED_CHARRY_INTDANZAS_7a08e6,,,,,
2026-09-12T19:51:07-05:00,PUR_IED_CHARRY_INT_AULA20_dc998d,PUR_IED_CHARRY_INT_AULA20_dc998d,,,,,
2026-09-12T19:51:07-05:00,PUR_IED_COLVIV_1101_S25_7f520a,PUR_IED_COLVIV_1101_S25_7f520a,,,,,
2026-09-12T19:51:07-05:00,PUR_IED_COLVIV_1102_S16_f570ba,PUR_IED_COLVIV_1102_S16_f570ba,,,,,
2026-09-12T19:51:07-05:00,PUR_IED_COLVIV_Ext_1a26fa,PUR_IED_COLVIV_Ext_1a26fa,,,,,
2026-09-12T19:51:07-05:00,PUR_IED_CULPOP_301A_f660f3,PUR_IED_CULPOP_301A_f660f3,,,,,
2026-09-12T19:51:07-05:00,PUR_IED_CULPOP_303_568afe,PUR_IED_CULPOP_303_568afe,,,,,
2026-09-12T19:51:07-05:00,PUR_IED_CULPOP_Ext_e02ccb,PUR_IED_CULPOP_Ext_e02ccb,,,,,
2026-09-12T19:51:07-05:00,PUR_IED_CVillavicen_Ext_26eb58,PUR_IED_CVillavicen_Ext_26eb58,4,15,77,4.487,-74.102798
2026-09-12T19:51:07-05:00,PUR_IED_CVillavicen_Intel_1ce5c2,PUR_IED_CVillavicen_Intel_1ce5c2,,,,,
2026-09-12T19:51:07-05:00,PUR_IED_CVillavicen_Poliv_e0766c,PUR_IED_CVillavicen_Poliv_e0766c,,,,,
2026-09-12T19:51:07-05:00,PUR_IED_CVillavicen_int_1ba140,PUR_IED_CVillavicen_int_1ba140,,,,,
2026-09-12T19:51:07-05:00,PUR_IED_CVillavicen_intel_1ba140,PUR_IED_CVillavicen_intel_1ba140,,,,,
2026-09-12T19:51:07-05:00,PUR_IED_CarlosPizarro_Ext_e307cc,PUR_IED_CarlosPizarro_Ext_e307cc,,,,,
2026-09-12T19:51:07-05:00,PUR_IED_CarlosPizarro_L36_7e5cdb,PUR_IED_CarlosPizarro_L36_7e5cdb,,,,,
2026-09-12T19:51:07-05:00,PUR_IED_CarlosPizarro_L37_c8566c,PUR_IED_CarlosPizarro_L37_c8566c,,,,,
2026-09-12T19:51:07-05:00,PUR_IED_Castilla_Ext_cf35f,PUR_IED_Castilla_Ext_cf35f,,,,,
2026-09-12T19:51:07-05:00,PUR_IED_Castilla_SFisik_360e38,PUR_IED_Castilla_SFisik_360e38,,,,,
2026-09-12T19:51:07-05:00,PUR_IED_Castilla_Sc304_496fbf,PUR_IED_Castilla_Sc304_496fbf,,,,,
2026-09-12T19:51:07-05:00,PUR_IED_CervantesSa_Ext_6b57b,PUR_IED_CervantesSa_Ext_6b57b,6,18,67,4.5128,-74.117203
2026-09-12T19:51:07-05:00,PUR_IED_CervantesSa_S107_225c2b,PUR_IED_CervantesSa_S107_225c2b,,,,,
2026-09-12T19:51:07-05:00,PUR_IED_CervantesSa_S108_940925,PUR_IED_CervantesSa_S108_940925,,,,,
2026-09-12T19:51:07-05:00,PUR_IED_Charry_A20_f53e7c,PUR_IED_Charry_A20_f53e7c,,,,,
2026-09-12T19:51:07-05:00,PUR_IED_Charry_Ext_f1d5cd,PUR_IED_Charry_Ext_f1d5cd,,,,,
2026-09-12T19:51:07-05:00,PUR_IED_Charry_IntAula20_dc998d,PUR_IED_Charry_IntAula20_dc998d,,,,,
2026-09-12T19:51:07-05:00,PUR_IED_Charry_IntDanzas_7a08e6,PUR_IED_Charry_IntDanzas_7a08e6,,,,,
2026-09-12T19:51:07-05:00,PUR_IED_ClememciaC_203_43e2fc,PUR_IED_ClememciaC_203_43e2fc,,,,,
2026-09-12T19:51:07-05:00,PUR_IED_ClememciaC_Ext_1b411a,PUR_IED_ClememciaC_Ext_1b411a,,,,,
2026-09-12T19:51:07-05:00,PUR_IED_ClememciaC_Quimic_44b5fc,PUR_IED_ClememciaC_Quimic_44b5fc,,,,,
2026-09-12T19:51:07-05:00,PUR_IED_ClemenciaC_203_43e2fc,PUR_IED_ClemenciaC_203_43e2fc,,,,,
2026-09-12T19:51:07-05:00,PUR_IED_ClemenciaC_Ext_1b411a,PUR_IED_ClemenciaC_Ext_1b411a,,,,,
2026-09-12T19:51:07-05:00,PUR_IED_ClemenciaC_Quimic_44b5fc,PUR_IED_ClemenciaC_Quimic_44b5fc,,,,,
2026-09-12T19:51:07-05:00,PUR_IED_ColViva_1101_S25_7f520a,PUR_IED_ColViva_1101_S25_7f520a,,,,,
2026-09-12T19:51:07-05:00,PUR_IED_ColViva_1102_S16_f570ba,PUR_IED_ColViva_1102_S16_f570ba,,,,,
2026-09-12T19:51:07-05:00,PUR_IED_ColViva_Ext_1a26fa,PUR_IED_ColViva_Ext_1a26fa,,,,,
2026-09-12T19:51:07-05:00,PUR_IED_ColegioBici_Asist_7c8798,PUR_IED_ColegioBici_Asist_7c8798,,,,,
2026-09-12T19:51:07-05:00,PUR_IED_ColegioBici_Ext_25cbf6,PUR_IED_ColegioBici_Ext_25cbf6,,,,,
2026-09-12T19:51:07-05:00,PUR_IED_ColegioBici_LabQ_7b57db,PUR_IED_ColegioBici_LabQ_7b57db,,,,,
2026-09-12T19:51:07-05:00,PUR_IED_CostaRica_Ext_5e640,PUR_IED_CostaRica_Ext_5e640,,,,,
2026-09-12T19:51:07-05:00,PUR_IED_CostaRica_Quim1_766d1c,PUR_IED_CostaRica_Quim1_766d1c,,,,,
2026-09-12T19:51:07-05:00,PUR_IED_CostaRica__Fisica_6f0873,PUR_IED_CostaRica__Fisica_6f0873,,,,,
2026-09-12T19:51:07-05:00,PUR_IED_CulPopu_301A_f660f3,PUR_IED_CulPopu_301A_f660f3,,,,,
2026-09-12T19:51:07-05:00,PUR_IED_CulPopu_303_568afe,PUR_IED_CulPopu_303_568afe,,,,,
2026-09-12T19:51:07-05:00,PUR_IED_CulPopu_Ext_e02ccb,PUR_IED_CulPopu_Ext_e02ccb,,,,,
2026-09-12T19:51:07-05:00,PUR_IED_Cundinamarca_Ext_f15985,PUR_IED_Cundinamarca_Ext_f15985,,,,,
2026-09-12T19:51:07-05:00,PUR_IED_Cundinamarca_Info_7aa5d7,PUR_IED_Cundinamarca_Info_7aa5d7,,,,,
2026-09-12T19:51:07-05:00,PUR_IED_Cundinamarca_Tec2_f449c7,PUR_IED_Cundinamarca_Tec2_f449c7,,,,,
2026-09-12T19:51:07-05:00,PUR_IED_DiegoM_Aula1_27b314,PUR_IED_DiegoM_Aula1_27b314,,,,,
2026-09-12T19:51:07-05:00,PUR_IED_DiegoM_Ext_d80ac8,PUR_IED_DiegoM_Ext_d80ac8,,,,,
2026-09-12T19:51:07-05:00,PUR_IED_DiegoM_S25_da928f,PUR_IED_DiegoM_S25_da928f,,,,,
2026-09-12T19:51:07-05:00,PUR_IED_ELRODEO_360881,PUR_IED_ELRODEO_360881,,,,,
2026-09-12T19:51:07-05:00,PUR_IED_ELRODEO_ext_360881,PUR_IED_ELRODEO_ext_360881,,,,,
2026-09-12T19:51:07-05:00,PUR_IED_EduardoU_Ext_1c1969,PUR_IED_EduardoU_Ext_1c1969,,,,,
2026-09-12T19:51:07-05:00,PUR_IED_EduardoU_SCiencia_4dfb94,PUR_IED_EduardoU_SCiencia_4dfb94,,,,,
2026-09-12T19:51:07-05:00,PUR_IED_EduardoU_SQuimica_5a46e7,PUR_IED_EduardoU_SQuimica_5a46e7,,,,,
2026-09-12T19:51:07-05:00,PUR_IED_ElRodeo_Aula14_676984,PUR_IED_ElRodeo_Aula14_676984,,,,,
2026-09-12T19:51:07-05:00,PUR_IED_ElRodeo_Aula16_2dd35b,PUR_IED_ElRodeo_Aula16_2dd35b,,,,,
2026-09-12T19:51:07-05:00,PUR_IED_ElRodeo_Ext_360881,PUR_IED_ElRodeo_Ext_360881,,,,,
2026-09-12T19:51:07-05:00,PUR_IED_ElRodeo_Exterior_8c6d28,PUR_IED_ElRodeo_Exterior_8c6d28,,,,,
2026-09-12T19:51:07-05:00,PUR_IED_ElRodeo_ext_360881,PUR_IED_ElRodeo_ext_360881,,,,,
2026-09-12T19:51:07-05:00,PUR_IED_EmmaReyes_Ext_987625,PUR_IED_EmmaReyes_Ext_987625,3,21,51,4.6367,-74.1511
2026-09-12T19:51:07-05:00,PUR_IED_Ensueño_Ext_7f0250,PUR_IED_Ensueño_Ext_7f0250,,,,,
2026-09-12T19:51:07-05:00,PUR_IED_EscNormal_Ext_5fef3b,PUR_IED_EscNormal_Ext_5fef3b,3,19,58,4.5852,-74.096901
2026-09-12T19:51:07-05:00,PUR_IED_EscNormal_S309_5b263,PUR_IED_EscNormal_S309_5b263,,,,,
2026-09-12T19:51:07-05:00,PUR_IED_EscNormal_S310_27b3b8,PUR_IED_EscNormal_S310_27b3b8,,,,,
2026-09-12T19:51:07-05:00,PUR_IED_Evangelista_Conta_f6cd4f,PUR_IED_Evangelista_Conta_f6cd4f,,,,,
2026-09-12T19:51:07-05:00,PUR_IED_Evangelista_Cri_5e16a,PUR_IED_Evangelista_Cri_5e16a,,,,,
2026-09-12T19:51:07-05:00,PUR_IED_Evangelista_Exter_754066,PUR_IED_Evangelista_Exter_754066,,,,,
2026-09-12T19:51:07-05:00,PUR_IED_FMiranda_S209_5cc2a3,PUR_IED_FMiranda_S209_5cc2a3,,,,,
2026-09-12T19:51:07-05:00,PUR_IED_FMiranda_S303_19e344,PUR_IED_FMiranda_S303_19e344,,,,,
2026-09-12T19:51:07-05:00,PUR_IED_FMiranda_ext_f53e7c,PUR_IED_FMiranda_ext_f53e7c,,,,,
2026-09-12T19:51:07-05:00,PUR_IED_FabioLozano_Bibli_1cee05,PUR_IED_FabioLozano_Bibli_1cee05,,,,,
2026-09-12T19:51:07-05:00,PUR_IED_FabioLozano_Ext_6ea285,PUR_IED_FabioLozano_Ext_6ea285,,,,,
2026-09-12T19:51:07-05:00,PUR_IED_FabioLozano_SLudi_f09e1e,PUR_IED_FabioLozano_SLudi_f09e1e,,,,,
2026-09-12T19:51:07-05:00,PUR_IED_FaustinoS_Aula07_27a731,PUR_IED_FaustinoS_Aula07_27a731,,,,,
2026-09-12T19:51:07-05:00,PUR_IED_FaustinoS_Ext_7b936f,PUR_IED_FaustinoS_Ext_7b936f,,,,,
2026-09-12T19:51:07-05:00,PUR_IED_FaustinoS_Fisica_da2c60,PUR_IED_FaustinoS_Fisica_da2c60,,,,,
2026-09-12T19:51:07-05:00,PUR_IED_FeGarciaLo_Ext_dc68ee,PUR_IED_FeGarciaLo_Ext_dc68ee,,,,,
2026-09-12T19:51:07-05:00,PUR_IED_FeGarciaLo_SDanza_f70a59,PUR_IED_FeGarciaLo_SDanza_f70a59,,,,,
2026-09-12T19:51:07-05:00,PUR_IED_FeGarciaLo_SMusic_125cdd,PUR_IED_FeGarciaLo_SMusic_125cdd,,,,,
2026-09-12T19:51:07-05:00,PUR_IED_FederalAlema_Exte_50c345,PUR_IED_FederalAlema_Exte_50c345,,,,,
2026-09-12T19:51:07-05:00,PUR_IED_FederalAlema_S31_f18371,PUR_IED_FederalAlema_S31_f18371,,,,,
2026-09-12T19:51:07-05:00,PUR_IED_FederalAlema_S901_a62cd,PUR_IED_FederalAlema_S901_a62cd,,,,,
2026-09-12T19:51:07-05:00,PUR_IED_FilarmonicaS_A5_f35eb1,PUR_IED_FilarmonicaS_A5_f35eb1,,,,,
2026-09-12T19:51:07-05:00,PUR_IED_FilarmonicaS_Ext_8a3bde,PUR_IED_FilarmonicaS_Ext_8a3bde,,,,,
2026-09-12T19:51:07-05:00,PUR_IED_FilarmonicaS_Spol_406114,PUR_IED_FilarmonicaS_Spol_406114,,,,,
2026-09-12T19:51:07-05:00,PUR_IED_FlorentinoG_A13_d1fa59,PUR_IED_FlorentinoG_A13_d1fa59,,,,,
2026-09-12T19:51:07-05:00,PUR_IED_FlorentinoG_Ext_1ce6ce,PUR_IED_FlorentinoG_Ext_1ce6ce,,,,,
2026-09-12T19:51:07-05:00,PUR_IED_FlorentinoG_Idiom_a66aac,PUR_IED_FlorentinoG_Idiom_a66aac,,,,,
2026-09-12T19:51:07-05:00,PUR_IED_FranciscoMati_Ext_e3869d,PUR_IED_FranciscoMati_Ext_e3869d,,,,,
2026-09-12T19:51:07-05:00,PUR_IED_FranciscoMati_S13_f31c67,PUR_IED_FranciscoMati_S13_f31c67,,,,,
2026-09-12T19:51:07-05:00,PUR_IED_FranciscoMati_S14_97dead,PUR_IED_FranciscoMati_S14_97dead,,,,,
2026-09-12T19:51:07-05:00,PUR_IED_FranciscoPS_Ext_7bfa9a,PUR_IED_FranciscoPS_Ext_7bfa9a,3,20,59,4.5899,-74.110397
2026-09-12T19:51:07-05:00,PUR_IED_FranciscoPS_Infor_fb8f4c,PUR_IED_FranciscoPS_Infor_fb8f4c,,,,,
2026-09-12T19:51:07-05:00,PUR_IED_FranciscoPS_Quimi_94d39c,PUR_IED_FranciscoPS_Quimi_94d39c,,,,,
2026-09-12T19:51:07-05:00,PUR_IED_FranciscoP_LabQ_d7e148,PUR_IED_FranciscoP_LabQ_d7e148,,,,,
2026-09-12T19:51:07-05:00,PUR_IED_FranciscoP_S28_cf9b30,PUR_IED_FranciscoP_S28_cf9b30,,,,,
2026-09-12T19:51:07-05:00,PUR_IED_FranciscoP_ext_e2313,PUR_IED_FranciscoP_ext_e2313,,,,,
2026-09-12T19:51:07-05:00,PUR_IED_FriederichN_Ext_8ac92a,PUR_IED_FriederichN_Ext_8ac92a,,,,,
2026-09-12T19:51:07-05:00,PUR_IED_FriederichN_S301_dd7e5a,PUR_IED_FriederichN_S301_dd7e5a,,,,,
2026-09-12T19:51:07-05:00,PUR_IED_FriederichN_S308_761f4f,PUR_IED_FriederichN_S308_761f4f,,,,,
2026-09-12T19:51:07-05:00,PUR_IED_GSantander_Aula10_533dd7,PUR_IED_GSantander_Aula10_533dd7,,,,,
2026-09-12T19:51:07-05:00,PUR_IED_GSantander_Aula12_fd4e4f,PUR_IED_GSantander_Aula12_fd4e4f,,,,,
2026-09-12T19:51:07-05:00,PUR_IED_GSantander_Aula310_533dd7,PUR_IED_GSantander_Aula310_533dd7,,,,,
2026-09-12T19:51:07-05:00,PUR_IED_GSantander_Aula312_fd4e4f,PUR_IED_GSantander_Aula312_fd4e4f,,,,,
2026-09-12T19:51:07-05:00,PUR_IED_GSantander_Ext_5f66b0,PUR_IED_GSantander_Ext_5f66b0,,,,,
2026-09-12T19:51:07-05:00,PUR_IED_GYomasa_Ext_f6bea5,PUR_IED_GYomasa_Ext_f6bea5,,,,,
2026-09-12T19:51:07-05:00,PUR_IED_GYomasa_LBiol_2c41aa,PUR_IED_GYomasa_LBiol_2c41aa,,,,,
2026-09-12T19:51:07-05:00,PUR_IED_GYomasa_LQuim_33c80,PUR_IED_GYomasa_LQuim_33c80,,,,,
2026-09-12T19:51:07-05:00,PUR_IED_GabBetMejia_Cienc_5a99c,PUR_IED_GabBetMejia_Cienc_5a99c,,,,,
2026-09-12T19:51:07-05:00,PUR_IED_GabBetMejia_Ext_9153d0,PUR_IED_GabBetMejia_Ext_9153d0,,,,,
2026-09-12T19:51:07-05:00,PUR_IED_GabBetMejia_Lab_f55347,PUR_IED_GabBetMejia_Lab_f55347,,,,,
2026-09-12T19:51:07-05:00,PUR_IED_GabBetanMejia_Ext_9153d0,PUR_IED_GabBetanMejia_Ext_9153d0,,,,,
2026-09-12T19:51:07-05:00,PUR_IED_Gaitana_Aula13_7aac11,PUR_IED_Gaitana_Aula13_7aac11,,,,,
2026-09-12T19:51:07-05:00,PUR_IED_Gaitana_Ext_5fcf4,PUR_IED_Gaitana_Ext_5fcf4,,,,,
2026-09-12T19:51:07-05:00,PUR_IED_Gaitana_LabFisica_644448,PUR_IED_Gaitana_LabFisica_644448,,,,,
2026-09-12T19:51:07-05:00,PUR_IED_GenSantander_Dise_8ac858,PUR_IED_GenSantander_Dise_8ac858,,,,,
2026-09-12T19:51:07-05:00,PUR_IED_GenSantander_Ext_8d5dfe,PUR_IED_GenSantander_Ext_8d5dfe,,,,,
2026-09-12T19:51:07-05:00,PUR_IED_GenSantander_Info_6c25b,PUR_IED_GenSantander_Info_6c25b,,,,,
2026-09-12T19:51:07-05:00,PUR_IED_GustavoMo_Exterio_75e63d,PUR_IED_GustavoMo_Exterio_75e63d,,,,,
2026-09-12T19:51:07-05:00,PUR_IED_GustavoMo_LabFisi_224d37,PUR_IED_GustavoMo_LabFisi_224d37,,,,,
2026-09-12T19:51:07-05:00,PUR_IED_GustavoMo_S208_3e6918,PUR_IED_GustavoMo_S208_3e6918,,,,,
2026-09-12T19:51:07-05:00,PUR_IED_GustavoR_A02_8cd4a8,PUR_IED_GustavoR_A02_8cd4a8,,,,,
2026-09-12T19:51:07-05:00,PUR_IED_GustavoR_B11_5b0ed,PUR_IED_GustavoR_B11_5b0ed,,,,,
2026-09-12T19:51:07-05:00,PUR_IED_GustavoR_Ext_7a0c90,PUR_IED_GustavoR_Ext_7a0c90,,,,,
2026-09-12T19:51:07-05:00,PUR_IED_HernandoDuran_Ext_8cd82b,PUR_IED_HernandoDuran_Ext_8cd82b,,,,,
2026-09-12T19:51:07-05:00,PUR_IED_HernandoDuran_S24_2772c6,PUR_IED_HernandoDuran_S24_2772c6,,,,,
2026-09-12T19:51:07-05:00,PUR_IED_HernandoDuran_S30_f2de41,PUR_IED_HernandoDuran_S30_f2de41,,,,,
2026-09-12T19:51:07-05:00,PUR_IED_HolguInUr_S1101_8cd732,PUR_IED_HolguInUr_S1101_8cd732,,,,,
2026-09-12T19:51:07-05:00,PUR_IED_HolguinUr_Exter_ddae6d,PUR_IED_HolguinUr_Exter_ddae6d,,,,,
2026-09-12T19:51:07-05:00,PUR_IED_HolguinUr_LabQuim_92b952,PUR_IED_HolguinUr_LabQuim_92b952,,,,,
2026-09-12T19:51:07-05:00,PUR_IED_Isabel-II_Ext_5245cc,PUR_IED_Isabel-II_Ext_5245cc,5,20,56,4.6336,-74.153
2026-09-12T19:51:07-05:00,PUR_IED_Isabel-II_S_idiom_1c29aa,PUR_IED_Isabel-II_S_idiom_1c29aa,,,,,
2026-09-12T19:51:07-05:00,PUR_IED_Isabel-II_S_infor_fd741,PUR_IED_Isabel-II_S_infor_fd741,,,,,
2026-09-12T19:51:07-05:00,PUR_IED_IsidroSur_Exterio_5b90ea,PUR_IED_IsidroSur_Exterio_5b90ea,,,,,
2026-09-12T19:51:07-05:00,PUR_IED_IsidroSur_LabTec_56697a,PUR_IED_IsidroSur_LabTec_56697a,,,,,
2026-09-12T19:51:07-05:00,PUR_IED_IsidroSur_Robotic_b7c38f,PUR_IED_IsidroSur_Robotic_b7c38f,,,,,
2026-09-12T19:51:07-05:00,PUR_IED_IsmaelPerd_Ext_7b6672,PUR_IED_IsmaelPerd_Ext_7b6672,,,,,
2026-09-12T19:51:07-05:00,PUR_IED_IsmaelPerd_Inform_306540,PUR_IED_IsmaelPerd_Inform_306540,,,,,
2026-09-12T19:51:07-05:00,PUR_IED_IsmaelPerd_S30_2e2c83,PUR_IED_IsmaelPerd_S30_2e2c83,,,,,
2026-09-12T19:51:07-05:00,PUR_IED_JLozano_Exter_432910,PUR_IED_JLozano_Exter_432910,,,,,
2026-09-12T19:51:07-05:00,PUR_IED_JLozano_salaMulti_df5125,PUR_IED_JLozano_salaMulti_df5125,,,,,
2026-09-12T19:51:07-05:00,PUR_IED_JMCordoba_206_86f80b,PUR_IED_JMCordoba_206_86f80b,,,,,
2026-09-12T19:51:07-05:00,PUR_IED_JMCordoba_Ext_27ad97,PUR_IED_JMCordoba_Ext_27ad97,,,,,
2026-09-12T19:51:07-05:00,PUR_IED_JMCordoba_S310_d59ab4,PUR_IED_JMCordoba_S310_d59ab4,,,,,
2026-09-12T19:51:07-05:00,PUR_IED_Japon_Ext_549100,PUR_IED_Japon_Ext_549100,,,,,
2026-09-12T19:51:07-05:00,PUR_IED_Japon_Laboratorio_bec51d,PUR_IED_Japon_Laboratorio_bec51d,,,,,
2026-09-12T19:51:07-05:00,PUR_IED_Japon_informatica_d99327,PUR_IED_Japon_informatica_d99327,,,,,
2026-09-12T19:51:07-05:00,PUR_IED_Jazmin_Ext_d27bda,PUR_IED_Jazmin_Ext_d27bda,,,,,
2026-09-12T19:51:07-05:00,PUR_IED_Jazmin_Fisica_8d14d7,PUR_IED_Jazmin_Fisica_8d14d7,,,,,
2026-09-12T19:51:07-05:00,PUR_IED_Jazmin_Quimica_801cb5,PUR_IED_Jazmin_Quimica_801cb5,,,,,
2026-09-12T19:51:07-05:00,PUR_IED_JorgeGaitan_Exter_f098d1,PUR_IED_JorgeGaitan_Exter_f098d1,,,,,
2026-09-12T19:51:07-05:00,PUR_IED_JorgeGaitan_STec1_dc9d1d,PUR_IED_JorgeGaitan_STec1_dc9d1d,,,,,
2026-09-12T19:51:07-05:00,PUR_IED_JorgeGaitan_STec2_281e69,PUR_IED_JorgeGaitan_STec2_281e69,,,,,
2026-09-12T19:51:07-05:00,PUR_IED_JorgeSoto_Exterio_d9d0a2,PUR_IED_JorgeSoto_Exterio_d9d0a2,,,,,
2026-09-12T19:51:07-05:00,PUR_IED_JorgeSoto_LabFisi_209c54,PUR_IED_JorgeSoto_LabFisi_209c54,,,,,
2026-09-12T19:51:07-05:00,PUR_IED_JorgeSoto_S103_27b51a,PUR_IED_JorgeSoto_S103_27b51a,,,,,
2026-09-12T19:51:07-05:00,PUR_IED_JoseAcevedo_A02_e965eb,PUR_IED_JoseAcevedo_A02_e965eb,,,,,
2026-09-12T19:51:07-05:00,PUR_IED_JoseAcevedo_A07_dd5b4,PUR_IED_JoseAcevedo_A07_dd5b4,,,,,
2026-09-12T19:51:07-05:00,PUR_IED_JoseAcevedo_Ext_b47484,PUR_IED_JoseAcevedo_Ext_b47484,,,,,
2026-09-12T19:51:07-05:00,PUR_IED_JoseMarti_Exte_5b9bf,PUR_IED_JoseMarti_Exte_5b9bf,,,,,
2026-09-12T19:51:07-05:00,PUR_IED_JoseMarti_LabQuim_1c6c2d,PUR_IED_JoseMarti_LabQuim_1c6c2d,,,,,
2026-09-12T19:51:07-05:00,PUR_IED_JoseMarti_S_info_f5f177,PUR_IED_JoseMarti_S_info_f5f177,,,,,
2026-09-12T19:51:07-05:00,PUR_IED_Josejoaquin_Ext_dfc5dc,PUR_IED_Josejoaquin_Ext_dfc5dc,,,,,
2026-09-12T19:51:07-05:00,PUR_IED_Josejoaquin_S05_5b2a96,PUR_IED_Josejoaquin_S05_5b2a96,,,,,
2026-09-12T19:51:07-05:00,PUR_IED_Josejoaquin_S06_1ce7d2,PUR_IED_Josejoaquin_S06_1ce7d2,,,,,
2026-09-12T19:51:07-05:00,PUR_IED_JulioFlorez_Danza_9b82dd,PUR_IED_JulioFlorez_Danza_9b82dd,,,,,
2026-09-12T19:51:07-05:00,PUR_IED_JulioFlorez_Exter_f9f314,PUR_IED_JulioFlorez_Exter_f9f314,,,,,
2026-09-12T19:51:07-05:00,PUR_IED_JulioFlorez_info2_6b6e08,PUR_IED_JulioFlorez_info2_6b6e08,,,,,
2026-09-12T19:51:07-05:00,PUR_IED_LaBelleza_Aula13_1d00d8,PUR_IED_LaBelleza_Aula13_1d00d8,,,,,
2026-09-12T19:51:07-05:00,PUR_IED_LaBelleza_Ext_7bc08c,PUR_IED_LaBelleza_Ext_7bc08c,,,,,
2026-09-12T19:51:07-05:00,PUR_IED_LaChucua_Ext_8cd6d2,PUR_IED_LaChucua_Ext_8cd6d2,,,,,
2026-09-12T19:51:07-05:00,PUR_IED_LaChucua_S15_f578ce,PUR_IED_LaChucua_S15_f578ce,,,,,
2026-09-12T19:51:07-05:00,PUR_IED_LaChucua_S16_eebcf9,PUR_IED_LaChucua_S16_eebcf9,,,,,
2026-09-12T19:51:07-05:00,PUR_IED_LaFelicidad_Ext_fb5109,PUR_IED_LaFelicidad_Ext_fb5109,,,,,
2026-09-12T19:51:07-05:00,PUR_IED_LaMerced_206_66ebd,PUR_IED_LaMerced_206_66ebd,,,,,
2026-09-12T19:51:07-05:00,PUR_IED_LaMerced_207_6ebd6,PUR_IED_LaMerced_207_6ebd6,,,,,
2026-09-12T19:51:07-05:00,PUR_IED_LaMerced_ext_304311,PUR_IED_LaMerced_ext_304311,,,,,
2026-09-12T19:51:07-05:00,PUR_IED_Laureano_CiencNat_281e5e,PUR_IED_Laureano_CiencNat_281e5e,,,,,
2026-09-12T19:51:07-05:00,PUR_IED_Laureano_Comedor_f65c0a,PUR_IED_Laureano_Comedor_f65c0a,,,,,
2026-09-12T19:51:07-05:00,PUR_IED_Laureano_Exterior_7ab011,PUR_IED_Laureano_Exterior_7ab011,,,,,
2026-09-12T19:51:07-05:00,PUR_IED_LeonGreiff_Exte_dfe560,PUR_IED_LeonGreiff_Exte_dfe560,,,,,
2026-09-12T19:51:07-05:00,PUR_IED_LeonGreiff_S210_f264ed,PUR_IED_LeonGreiff_S210_f264ed,,,,,
2026-09-12T19:51:07-05:00,PUR_IED_LeonGreiff_SQuimi_e8296f,PUR_IED_LeonGreiff_SQuimi_e8296f,,,,,
2026-09-12T19:51:07-05:00,PUR_IED_LlanoOrientalS208_7b9fcd,PUR_IED_LlanoOrientalS208_7b9fcd,,,,,
2026-09-12T19:51:07-05:00,PUR_IED_LlanoOriental_Ext_fb3766,PUR_IED_LlanoOriental_Ext_fb3766,,,,,
2026-09-12T19:51:07-05:00,PUR_IED_LlanoOriental_S208_7b9fcd,PUR_IED_LlanoOriental_S208_7b9fcd,,,,,
2026-09-12T19:51:07-05:00,PUR_IED_LlanoOriental_S9_27b378,PUR_IED_LlanoOriental_S9_27b378,,,,,
2026-09-12T19:51:07-05:00,PUR_IED_LosTejares_1101_477602,PUR_IED_LosTejares_1101_477602,,,,,
2026-09-12T19:51:07-05:00,PUR_IED_LosTejares_11_d2c595,PUR_IED_LosTejares_11_d2c595,,,,,
2026-09-12T19:51:07-05:00,PUR_IED_LosTejares_12_477602,PUR_IED_LosTejares_12_477602,,,,,
2026-09-12T19:51:07-05:00,PUR_IED_LosTejares_Ext_8e2115,PUR_IED_LosTejares_Ext_8e2115,,,,,
2026-09-12T19:51:07-05:00,PUR_IED_MagdalenaO_B202_5ddda3,PUR_IED_MagdalenaO_B202_5ddda3,,,,,
2026-09-12T19:51:07-05:00,PUR_IED_MagdalenaO_B205_fb76e8,PUR_IED_MagdalenaO_B205_fb76e8,,,,,
2026-09-12T19:51:07-05:00,PUR_IED_MagdalenaO_ext_dc69cd,PUR_IED_MagdalenaO_ext_dc69cd,,,,,
2026-09-12T19:51:07-05:00,PUR_IED_ManueCepeda_artes_eee956,PUR_IED_ManueCepeda_artes_eee956,,,,,
2026-09-12T19:51:07-05:00,PUR_IED_ManuelCepeda_Ext_58313,PUR_IED_ManuelCepeda_Ext_58313,,,,,
2026-09-12T19:51:07-05:00,PUR_IED_ManuelCepeda_tec_1c5731,PUR_IED_ManuelCepeda_tec_1c5731,,,,,
2026-09-12T19:51:07-05:00,PUR_IED_ManuelS_Exterior_5b269,PUR_IED_ManuelS_Exterior_5b269,,,,,
2026-09-12T19:51:07-05:00,PUR_IED_ManuelS_Inform_f369ce,PUR_IED_ManuelS_Inform_f369ce,,,,,
2026-09-12T19:51:07-05:00,PUR_IED_ManuelS_SArtes_7d15f1,PUR_IED_ManuelS_SArtes_7d15f1,,,,,
2026-09-12T19:51:07-05:00,PUR_IED_ManuelZapata_303_3ca6,PUR_IED_ManuelZapata_303_3ca6,,,,,
2026-09-12T19:51:07-05:00,PUR_IED_ManuelZapata_311_bfbabc,PUR_IED_ManuelZapata_311_bfbabc,,,,,
2026-09-12T19:51:07-05:00,PUR_IED_ManuelZapata_Ext_50824a,PUR_IED_ManuelZapata_Ext_50824a,,,,,
2026-09-12T19:51:07-05:00,PUR_IED_ManuelitaS_Exteri_656a92,PUR_IED_ManuelitaS_Exteri_656a92,,,,,
2026-09-12T19:51:07-05:00,PUR_IED_ManuelitaS_JuzgDe_f58ec3,PUR_IED_ManuelitaS_JuzgDe_f58ec3,,,,,
2026-09-12T19:51:07-05:00,PUR_IED_ManuelitaS_Recrea_d793db,PUR_IED_ManuelitaS_Recrea_d793db,,,,,
2026-09-12T19:51:07-05:00,PUR_IED_MarFidSuarez_Ext_c27b19,PUR_IED_MarFidSuarez_Ext_c27b19,,,,,
2026-09-12T19:51:07-05:00,PUR_IED_MarFidSuarez_Info_e384d7,PUR_IED_MarFidSuarez_Info_e384d7,,,,,
2026-09-12T19:51:07-05:00,PUR_IED_MarFidSuarez_S306_1d0032,PUR_IED_MarFidSuarez_S306_1d0032,,,,,
2026-09-12T19:51:07-05:00,PUR_IED_Menorah_301_2a25a3,PUR_IED_Menorah_301_2a25a3,,,,,
2026-09-12T19:51:07-05:00,PUR_IED_Menorah_306_37ed3,PUR_IED_Menorah_306_37ed3,,,,,
2026-09-12T19:51:07-05:00,PUR_IED_Menorah_Ext_3e155b,PUR_IED_Menorah_Ext_3e155b,,,,,
2026-09-12T19:51:07-05:00,PUR_IED_MinutoB.Aires_A11_1b1604,PUR_IED_MinutoB.Aires_A11_1b1604,,,,,
2026-09-12T19:51:07-05:00,PUR_IED_MinutoB.Aires_A12_fb5860,PUR_IED_MinutoB.Aires_A12_fb5860,,,,,
2026-09-12T19:51:07-05:00,PUR_IED_MinutoB.Aires_Ext_81293f,PUR_IED_MinutoB.Aires_Ext_81293f,,,,,
2026-09-12T19:51:07-05:00,PUR_IED_MinutoBAires_A11_1b1604,PUR_IED_MinutoBAires_A11_1b1604,,,,,
2026-09-12T19:51:07-05:00,PUR_IED_MinutoBAires_A12_fb5860,PUR_IED_MinutoBAires_A12_fb5860,,,,,
2026-09-12T19:51:07-05:00,PUR_IED_MinutoBAires_Ext_81293f,PUR_IED_MinutoBAires_Ext_81293f,,,,,
2026-09-12T19:51:07-05:00,PUR_IED_Montreal_Aula10_1e4959,PUR_IED_Montreal_Aula10_1e4959,,,,,
2026-09-12T19:51:07-05:00,PUR_IED_Montreal_Aula6_300367,PUR_IED_Montreal_Aula6_300367,,,,,
2026-09-12T19:51:07-05:00,PUR_IED_Montreal_Exterior_91a179,PUR_IED_Montreal_Exterior_91a179,,,,,
2026-09-12T19:51:07-05:00,PUR_IED_Mqgdalena_B202_5ddda3,PUR_IED_Mqgdalena_B202_5ddda3,,,,,
2026-09-12T19:51:07-05:00,PUR_IED_NACUND_Soc_dc8728,PUR_IED_NACUND_Soc_dc8728,,,,,
2026-09-12T19:51:07-05:00,PUR_IED_NACUND_ext_27ad97,PUR_IED_NACUND_ext_27ad97,,,,,
2026-09-12T19:51:07-05:00,PUR_IED_NEsperanza_Ext_d24b61,PUR_IED_NEsperanza_Ext_d24b61,,,,,
2026-09-12T19:51:07-05:00,PUR_IED_NEsperanza_SElect_7d1807,PUR_IED_NEsperanza_SElect_7d1807,,,,,
2026-09-12T19:51:07-05:00,PUR_IED_NEsperanza_SLabor_8b2d0a,PUR_IED_NEsperanza_SLabor_8b2d0a,,,,,
2026-09-12T19:51:07-05:00,PUR_IED_NacionesU_Ext_f661a9,PUR_IED_NacionesU_Ext_f661a9,,,,,
2026-09-12T19:51:07-05:00,PUR_IED_NacionesU_Quimica_66f0a,PUR_IED_NacionesU_Quimica_66f0a,,,,,
2026-09-12T19:51:07-05:00,PUR_IED_NacionesU_S306_1b4b3d,PUR_IED_NacionesU_S306_1b4b3d,,,,,
2026-09-12T19:51:07-05:00,PUR_IED_NestorFA_Ext_e4201c,PUR_IED_NestorFA_Ext_e4201c,,,,,
2026-09-12T19:51:07-05:00,PUR_IED_NestorFA_Laborato_f22fe0,PUR_IED_NestorFA_Laborato_f22fe0,,,,,
2026-09-12T19:51:07-05:00,PUR_IED_NestorFA_S204_dee996,PUR_IED_NestorFA_S204_dee996,,,,,
2026-09-12T19:51:07-05:00,PUR_IED_NidyaQT_Aula03_76999b,PUR_IED_NidyaQT_Aula03_76999b,,,,,
2026-09-12T19:51:07-05:00,PUR_IED_NidyaQT_Aula10_56325,PUR_IED_NidyaQT_Aula10_56325,,,,,
2026-09-12T19:51:07-05:00,PUR_IED_NidyaQT_Ext_46e32d,PUR_IED_NidyaQT_Ext_46e32d,,,,,
2026-09-12T19:51:07-05:00,PUR_IED_NuevaCol_Exterior_d9b859,PUR_IED_NuevaCol_Exterior_d9b859,,,,,
2026-09-12T19:51:07-05:00,PUR_IED_NuevaCol_S1101_76c43b,PUR_IED_NuevaCol_S1101_76c43b,,,,,
2026-09-12T19:51:07-05:00,PUR_IED_NuevaCol_S1102_1ce0b5,PUR_IED_NuevaCol_S1102_1ce0b5,,,,,
2026-09-12T19:51:07-05:00,PUR_IED_OEA_A202_f7e3f2,PUR_IED_OEA_A202_f7e3f2,,,,,
2026-09-12T19:51:07-05:00,PUR_IED_OEA_A203_7d1b8d,PUR_IED_OEA_A203_7d1b8d,,,,,
2026-09-12T19:51:07-05:00,PUR_IED_OEA_Ext_27b593,PUR_IED_OEA_Ext_27b593,,,,,
2026-09-12T19:51:07-05:00,PUR_IED_Ochoa_Ext_1c29da,PUR_IED_Ochoa_Ext_1c29da,,,,,
2026-09-12T19:51:07-05:00,PUR_IED_Ochoa_S205_8b1121,PUR_IED_Ochoa_S205_8b1121,,,,,
2026-09-12T19:51:07-05:00,PUR_IED_Ochoa_Sistemas_f33af6,PUR_IED_Ochoa_Sistemas_f33af6,,,,,
2026-09-12T19:51:07-05:00,PUR_IED_PQuebec_Ext_1c67c7,PUR_IED_PQuebec_Ext_1c67c7,,,,,
2026-09-12T19:51:07-05:00,PUR_IED_PQuebec_S15_23e8e2,PUR_IED_PQuebec_S15_23e8e2,,,,,
2026-09-12T19:51:07-05:00,PUR_IED_PQuebec_S16_8ec76b,PUR_IED_PQuebec_S16_8ec76b,,,,,
2026-09-12T19:51:07-05:00,PUR_IED_PabloN_Ext_49dc96,PUR_IED_PabloN_Ext_49dc96,,,,,
2026-09-12T19:51:07-05:00,PUR_IED_PabloN_S1102_4e3df5,PUR_IED_PabloN_S1102_4e3df5,,,,,
2026-09-12T19:51:07-05:00,PUR_IED_PabloN_S1103_50c94b,PUR_IED_PabloN_S1103_50c94b,,,,,
2026-09-12T19:51:07-05:00,PUR_IED_Palestina_S1101_db9198,PUR_IED_Palestina_S1101_db9198,,,,,
2026-09-12T19:51:07-05:00,PUR_IED_Palestina_S1102_dc54fa,PUR_IED_Palestina_S1102_dc54fa,,,,,
2026-09-12T19:51:07-05:00,PUR_IED_Palestina_ext_4ccce6,PUR_IED_Palestina_ext_4ccce6,,,,,
2026-09-12T19:51:07-05:00,PUR_IED_Panama_Fisica_4d0794,PUR_IED_Panama_Fisica_4d0794,,,,,
2026-09-12T19:51:07-05:00,PUR_IED_Panama_SIngles_a4077e,PUR_IED_Panama_SIngles_a4077e,,,,,
2026-09-12T19:51:07-05:00,PUR_IED_Panama_ext_4c54b4,PUR_IED_Panama_ext_4c54b4,,,,,
2026-09-12T19:51:07-05:00,PUR_IED_ParaisoM_Exterior_8cd7f0,PUR_IED_ParaisoM_Exterior_8cd7f0,,,,,
2026-09-12T19:51:07-05:00,PUR_IED_ParaisoM_Laborato_27af35,PUR_IED_ParaisoM_Laborato_27af35,,,,,
2026-09-12T19:51:07-05:00,PUR_IED_ParaisoM_S304_d1edca,PUR_IED_ParaisoM_S304_d1edca,,,,,
2026-09-12T19:51:07-05:00,PUR_IED_PorfirioBarba_Ext_301466,PUR_IED_PorfirioBarba_Ext_301466,,,,,
2026-09-12T19:51:07-05:00,PUR_IED_PorfirioBarba_S11_df6cd2,PUR_IED_PorfirioBarba_S11_df6cd2,,,,,
2026-09-12T19:51:07-05:00,PUR_IED_PorfirioBarba_S29_27a7d6,PUR_IED_PorfirioBarba_S29_27a7d6,,,,,
2026-09-12T19:51:07-05:00,PUR_IED_PradoV_Exter_8b27ad,PUR_IED_PradoV_Exter_8b27ad,,,,,
2026-09-12T19:51:07-05:00,PUR_IED_PradoV_S301_de65b5,PUR_IED_PradoV_S301_de65b5,,,,,
2026-09-12T19:51:07-05:00,PUR_IED_PradoV_S302_7d2593,PUR_IED_PradoV_S302_7d2593,,,,,
2026-09-12T19:51:07-05:00,PUR_IED_QuirogaAlz_Ext_1ddc82,PUR_IED_QuirogaAlz_Ext_1ddc82,,,,,
2026-09-12T19:51:07-05:00,PUR_IED_QuirogaAlz_S302_9926a3,PUR_IED_QuirogaAlz_S302_9926a3,,,,,
2026-09-12T19:51:07-05:00,PUR_IED_QuirogaAlz_S305_cdf1f1,PUR_IED_QuirogaAlz_S305_cdf1f1,,,,,
2026-09-12T19:51:07-05:00,PUR_IED_RGuatemala_Biling_dc53b7,PUR_IED_RGuatemala_Biling_dc53b7,,,,,
2026-09-12T19:51:07-05:00,PUR_IED_RGuatemala_Ext_1b89a3,PUR_IED_RGuatemala_Ext_1b89a3,,,,,
2026-09-12T19:51:07-05:00,PUR_IED_RGuatemala_Tecnol_281a34,PUR_IED_RGuatemala_Tecnol_281a34,,,,,
2026-09-12T19:51:07-05:00,PUR_IED_RafaNu_Ext_f7c302,PUR_IED_RafaNu_Ext_f7c302,,,,,
2026-09-12T19:51:07-05:00,PUR_IED_RafaNu_S1101_25fde,PUR_IED_RafaNu_S1101_25fde,,,,,
2026-09-12T19:51:07-05:00,PUR_IED_RafaNu_S1102_281517,PUR_IED_RafaNu_S1102_281517,,,,,
2026-09-12T19:51:07-05:00,PUR_IED_RafaelB_S305_ee2783,PUR_IED_RafaelB_S305_ee2783,,,,,
2026-09-12T19:51:07-05:00,PUR_IED_RafaelB_S306_75fe33,PUR_IED_RafaelB_S306_75fe33,,,,,
2026-09-12T19:51:07-05:00,PUR_IED_RafaelB_ext_283336,PUR_IED_RafaelB_ext_283336,2,19,62,4.6722,-74.0737
2026-09-12T19:51:07-05:00,PUR_IED_RafaelUU_Exterior_281a51,PUR_IED_RafaelUU_Exterior_281a51,,,,,
2026-09-12T19:51:07-05:00,PUR_IED_RafaelUU_Human_806b2,PUR_IED_RafaelUU_Human_806b2,,,,,
2026-09-12T19:51:07-05:00,PUR_IED_RafaelUU_Mate2_5680d4,PUR_IED_RafaelUU_Mate2_5680d4,,,,,
2026-09-12T19:51:07-05:00,PUR_IED_RamonSub_Ext_f9eeb9,PUR_IED_RamonSub_Ext_f9eeb9,,,,,
2026-09-12T19:51:07-05:00,PUR_IED_RamonSub_Media_d1f62f,PUR_IED_RamonSub_Media_d1f62f,,,,,
2026-09-12T19:51:07-05:00,PUR_IED_RamonSub_planta_51b82,PUR_IED_RamonSub_planta_51b82,,,,,
2026-09-12T19:51:07-05:00,PUR_IED_RepBoliVene_Exter_27af7c,PUR_IED_RepBoliVene_Exter_27af7c,,,,,
2026-09-12T19:51:07-05:00,PUR_IED_RepBoliVene_SCPT_5ae2ee,PUR_IED_RepBoliVene_SCPT_5ae2ee,,,,,
2026-09-12T19:51:07-05:00,PUR_IED_RepBoliVene_Socia_4b11d5,PUR_IED_RepBoliVene_Socia_4b11d5,,,,,
2026-09-12T19:51:07-05:00,PUR_IED_RepChina_Ext_76d9ee,PUR_IED_RepChina_Ext_76d9ee,,,,,
2026-09-12T19:51:07-05:00,PUR_IED_RepChina_S404_7c804c,PUR_IED_RepChina_S404_7c804c,,,,,
2026-09-12T19:51:07-05:00,PUR_IED_RepChina_S405_df2c33,PUR_IED_RepChina_S405_df2c33,,,,,
2026-09-12T19:51:07-05:00,PUR_IED_RepublicaC_Exteri_7d1ec9,PUR_IED_RepublicaC_Exteri_7d1ec9,,,,,
2026-09-12T19:51:07-05:00,PUR_IED_RepublicaC_S1101_f544b3,PUR_IED_RepublicaC_S1101_f544b3,,,,,
2026-09-12T19:51:07-05:00,PUR_IED_RepublicaC_S1102_7aafc7,PUR_IED_RepublicaC_S1102_7aafc7,,,,,
2026-09-12T19:51:07-05:00,PUR_IED_Ricaurte_Externo_a0ea1,PUR_IED_Ricaurte_Externo_a0ea1,,,,,
2026-09-12T19:51:07-05:00,PUR_IED_Ricaurte_S210_f546fd,PUR_IED_Ricaurte_S210_f546fd,,,,,
2026-09-12T19:51:07-05:00,PUR_IED_Ricaurte_S309_d4452,PUR_IED_Ricaurte_S309_d4452,,,,,
2026-09-12T19:51:07-05:00,PUR_IED_RogelioS_1102_531e69,PUR_IED_RogelioS_1102_531e69,,,,,
2026-09-12T19:51:07-05:00,PUR_IED_RogelioS_Ext_f25a18,PUR_IED_RogelioS_Ext_f25a18,,,,,
2026-09-12T19:51:07-05:00,PUR_IED_SBernardino_Ext_27aff8,PUR_IED_SBernardino_Ext_27aff8,,,,,
2026-09-12T19:51:07-05:00,PUR_IED_SBernardino_SArte_2ffd33,PUR_IED_SBernardino_SArte_2ffd33,,,,,
2026-09-12T19:51:07-05:00,PUR_IED_SBernardino_SIngl_7c7da5,PUR_IED_SBernardino_SIngl_7c7da5,,,,,
2026-09-12T19:51:07-05:00,PUR_IED_Sago_auditorio_dc9d1d,PUR_IED_Sago_auditorio_dc9d1d,,,,,
2026-09-12T19:51:07-05:00,PUR_IED_Saludcoop_Ext_95aac3,PUR_IED_Saludcoop_Ext_95aac3,,,,,
2026-09-12T19:51:07-05:00,PUR_IED_Saludcoop_InfI_90c854,PUR_IED_Saludcoop_InfI_90c854,,,,,
2026-09-12T19:51:07-05:00,PUR_IED_Saludcoop_SMedia_1b93be,PUR_IED_Saludcoop_SMedia_1b93be,,,,,
2026-09-12T19:51:07-05:00,PUR_IED_SanCarlos_1101_1a2360,PUR_IED_SanCarlos_1101_1a2360,,,,,
2026-09-12T19:51:07-05:00,PUR_IED_SanCarlos_1103_7bafb5,PUR_IED_SanCarlos_1103_7bafb5,,,,,
2026-09-12T19:51:07-05:00,PUR_IED_SanCarlos_Ext_b7cd1,PUR_IED_SanCarlos_Ext_b7cd1,,,,,
2026-09-12T19:51:07-05:00,PUR_IED_SanIgnacioBosa11a_50c26e,PUR_IED_SanIgnacioBosa11a_50c26e,,,,,
2026-09-12T19:51:07-05:00,PUR_IED_SanIgnacioBosa11b_371de8,PUR_IED_SanIgnacioBosa11b_371de8,,,,,
2026-09-12T19:51:07-05:00,PUR_IED_SanIgnacioBosaExt_ef0ffc,PUR_IED_SanIgnacioBosaExt_ef0ffc,,,,,
2026-09-12T19:51:07-05:00,PUR_IED_SanIgnacioBosa_11a_50c26e,PUR_IED_SanIgnacioBosa_11a_50c26e,,,,,
2026-09-12T19:51:07-05:00,PUR_IED_SanIgnacioBosa_Ext_ef0ffc,PUR_IED_SanIgnacioBosa_Ext_ef0ffc,,,,,
2026-09-12T19:51:07-05:00,PUR_IED_SanJoseN_intS1101_31c47f,PUR_IED_SanJoseN_intS1101_31c47f,,,,,
2026-09-12T19:51:07-05:00,PUR_IED_SanJoseUsm_Exter_f5d7e8,PUR_IED_SanJoseUsm_Exter_f5d7e8,,,,,
2026-09-12T19:51:07-05:00,PUR_IED_SanJoseUsm_Int11A_cfdef6,PUR_IED_SanJoseUsm_Int11A_cfdef6,,,,,
2026-09-12T19:51:07-05:00,PUR_IED_SilveriaR_IntB5_905349,PUR_IED_SilveriaR_IntB5_905349,,,,,
2026-09-12T19:51:07-05:00,PUR_IED_SilveriaR_IntSD14_981f93,PUR_IED_SilveriaR_IntSD14_981f93,,,,,
2026-09-12T19:51:07-05:00,PUR_IED_SilveriaR_ext_2b651d,PUR_IED_SilveriaR_ext_2b651d,,,,,
2026-09-12T19:51:07-05:00,PUR_IED_SimonB_Exterior_913975,PUR_IED_SimonB_Exterior_913975,,,,,
2026-09-12T19:51:07-05:00,PUR_IED_SimonB_LabQuimi_c56908,PUR_IED_SimonB_LabQuimi_c56908,,,,,
2026-09-12T19:51:07-05:00,PUR_IED_SimonB_informatic_a28c1,PUR_IED_SimonB_informatic_a28c1,,,,,
2026-09-12T19:51:07-05:00,PUR_IED_Sorrento_1102_315f50,PUR_IED_Sorrento_1102_315f50,,,,,
2026-09-12T19:51:07-05:00,PUR_IED_Sorrento_Minte_214eab,PUR_IED_Sorrento_Minte_214eab,,,,,
2026-09-12T19:51:07-05:00,PUR_IED_Sorrento_ext_7c3a0a,PUR_IED_Sorrento_ext_7c3a0a,,,,,
2026-09-12T19:51:07-05:00,PUR_IED_Tabora_Ext_f048ae,PUR_IED_Tabora_Ext_f048ae,,,,,
2026-09-12T19:51:07-05:00,PUR_IED_Tabora_S1102_b07752,PUR_IED_Tabora_S1102_b07752,,,,,
2026-09-12T19:51:07-05:00,PUR_IED_Tabora_S1103_d988f5,PUR_IED_Tabora_S1103_d988f5,,,,,
2026-09-12T19:51:07-05:00,PUR_IED_Tenerife_Ext_1ab188,PUR_IED_Tenerife_Ext_1ab188,,,,,
2026-09-12T19:51:07-05:00,PUR_IED_Tenerife_SDanzas_7bc02e,PUR_IED_Tenerife_SDanzas_7bc02e,,,,,
2026-09-12T19:51:07-05:00,PUR_IED_Tenerife_SIngles_7cc277,PUR_IED_Tenerife_SIngles_7cc277,,,,,
2026-09-12T19:51:07-05:00,PUR_IED_Tibabuyes_Exter_f2683d,PUR_IED_Tibabuyes_Exter_f2683d,,,,,
2026-09-12T19:51:07-05:00,PUR_IED_Tibabuyes_S10_dc87a8,PUR_IED_Tibabuyes_S10_dc87a8,,,,,
2026-09-12T19:51:07-05:00,PUR_IED_Tibabuyes_S15_dc0526,PUR_IED_Tibabuyes_S15_dc0526,,,,,
2026-09-12T19:51:07-05:00,PUR_IED_UnionE_S301_a1043,PUR_IED_UnionE_S301_a1043,,,,,
2026-09-12T19:51:07-05:00,PUR_IED_UnionE_S307_ff6c2f,PUR_IED_UnionE_S307_ff6c2f,,,,,
2026-09-12T19:51:07-05:00,PUR_IED_UnionE__Ext_5e2468,PUR_IED_UnionE__Ext_5e2468,,,,,
2026-09-12T19:51:07-05:00,PUR_IED_VillaRica_Ext_75be7c,PUR_IED_VillaRica_Ext_75be7c,,,,,
2026-09-12T19:51:07-05:00,PUR_IED_VillaRica_S4_cc5dcd,PUR_IED_VillaRica_S4_cc5dcd,,,,,
2026-09-12T19:51:07-05:00,PUR_IED_VillaRica_Sesp_99f5c,PUR_IED_VillaRica_Sesp_99f5c,,,,,
2026-09-12T19:56:06-05:00,PUR_IED_20deJulio_1101_91b1b9,PUR_IED_20deJulio_1101_91b1b9,,,,,
2026-09-12T19:56:06-05:00,PUR_IED_20deJulio_1102_1cfcf9,PUR_IED_20deJulio_1102_1cfcf9,,,,,
2026-09-12T19:56:06-05:00,PUR_IED_20deJulio_Ext_ab60bd,PUR_IED_20deJulio_Ext_ab60bd,,,,,
2026-09-12T19:56:06-05:00,PUR_IED_AgustinFer_Ext_7b9b77,PUR_IED_AgustinFer_Ext_7b9b77,,,,,
2026-09-12T19:56:06-05:00,PUR_IED_AgustinFer_Info2_27b3a7,PUR_IED_AgustinFer_Info2_27b3a7,,,,,
2026-09-12T19:56:06-05:00,PUR_IED_AgustinFer_Sena_54b4eb,PUR_IED_AgustinFer_Sena_54b4eb,,,,,
2026-09-12T19:56:06-05:00,PUR_IED_AlexanderF_1102_caf07b,PUR_IED_AlexanderF_1102_caf07b,,,,,
2026-09-12T19:56:06-05:00,PUR_IED_AlexanderF_1103_c79e71,PUR_IED_AlexanderF_1103_c79e71,,,,,
2026-09-12T19:56:06-05:00,PUR_IED_AlexanderF_Ext_c5b18b,PUR_IED_AlexanderF_Ext_c5b18b,,,,,
2026-09-12T19:56:06-05:00,PUR_IED_AlfonsoLopez_Ext_281d77,PUR_IED_AlfonsoLopez_Ext_281d77,,,,,
2026-09-12T19:56:06-05:00,PUR_IED_AlfonsoLopez_LabF_888ce0,PUR_IED_AlfonsoLopez_LabF_888ce0,,,,,
2026-09-12T19:56:06-05:00,PUR_IED_AlfonsoLopez_SMed_df6a7f,PUR_IED_AlfonsoLopez_SMed_df6a7f,,,,,
2026-09-12T19:56:06-05:00,PUR_IED_AltamiraSO_A2_209f92,PUR_IED_AltamiraSO_A2_209f92,,,,,
2026-09-12T19:56:06-05:00,PUR_IED_AltamiraSO_Ext_186d66,PUR_IED_AltamiraSO_Ext_186d66,,,,,
2026-09-12T19:56:06-05:00,PUR_IED_AltamiraSO_Sistem_27afe1,PUR_IED_AltamiraSO_Sistem_27afe1,,,,,
2026-09-12T19:56:06-05:00,PUR_IED_AlvaroGom_LabQuim_813179,PUR_IED_AlvaroGom_LabQuim_813179,,,,,
2026-09-12T19:56:06-05:00,PUR_IED_AlvaroGomez_Ext_47c7ca,PUR_IED_AlvaroGomez_Ext_47c7ca,,,,,
2026-09-12T19:56:06-05:00,PUR_IED_AlvaroGomez_LabQuim_813179,PUR_IED_AlvaroGomez_LabQuim_813179,,,,,
2026-09-12T19:56:06-05:00,PUR_IED_AlvaroGomez_S23_7ba89f,PUR_IED_AlvaroGomez_S23_7ba89f,,,,,
2026-09-12T19:56:06-05:00,PUR_IED_Amistad_306_dc8728,PUR_IED_Amistad_306_dc8728,,,,,
2026-09-12T19:56:06-05:00,PUR_IED_Amistad_Ext_8cd55e,PUR_IED_Amistad_Ext_8cd55e,,,,,
2026-09-12T19:56:06-05:00,PUR_IED_Amistad_S202_a41169,PUR_IED_Amistad_S202_a41169,,,,,
2026-09-12T19:56:06-05:00,PUR_IED_AndresBello_Bio_fd5f5e,PUR_IED_AndresBello_Bio_fd5f5e,,,,,
2026-09-12T19:56:06-05:00,PUR_IED_AndresBello_ext_dcad65,PUR_IED_AndresBello_ext_dcad65,,,,,
2026-09-12T19:56:06-05:00,PUR_IED_AndresBello_port_eed3ec,PUR_IED_AndresBello_port_eed3ec,,,,,
2026-09-12T19:56:06-05:00,PUR_IED_AngelaR_11b_d90a6b,PUR_IED_AngelaR_11b_d90a6b,,,,,
2026-09-12T19:56:06-05:00,PUR_IED_AngelaR_ext_7cad3e,PUR_IED_AngelaR_ext_7cad3e,4,19,62,4.5825,-74.164497
2026-09-12T19:56:06-05:00,PUR_IED_AntJoseSucre_10mo_df2575,PUR_IED_AntJoseSucre_10mo_df2575,,,,,
2026-09-12T19:56:06-05:00,PUR_IED_AntJoseSucre_Ext_215b36,PUR_IED_AntJoseSucre_Ext_215b36,,,,,
2026-09-12T19:56:06-05:00,PUR_IED_AntJoseSucre_Lab_3139de,PUR_IED_AntJoseSucre_Lab_3139de,,,,,
2026-09-12T19:56:06-05:00,PUR_IED_AntonioGarcia_301_d6b188,PUR_IED_AntonioGarcia_301_d6b188,,,,,
2026-09-12T19:56:06-05:00,PUR_IED_AntonioGarcia_302_88a82,PUR_IED_AntonioGarcia_302_88a82,,,,,
2026-09-12T19:56:06-05:00,PUR_IED_AntonioGarcia_Ext_20950c,PUR_IED_AntonioGarcia_Ext_20950c,,,,,
2026-09-12T19:56:06-05:00,PUR_IED_AntonioVan_Aula2_6dea02,PUR_IED_AntonioVan_Aula2_6dea02,,,,,
2026-09-12T19:56:06-05:00,PUR_IED_AntonioVan_Aula5_f1557e,PUR_IED_AntonioVan_Aula5_f1557e,,,,,
2026-09-12T19:56:06-05:00,PUR_IED_AntonioVan_Ext_406f2f,PUR_IED_AntonioVan_Ext_406f2f,,,,,
2026-09-12T19:56:06-05:00,PUR_IED_Atabanzha_Ext_cc5af9,PUR_IED_Atabanzha_Ext_cc5af9,,,,,
2026-09-12T19:56:06-05:00,PUR_IED_Atabanzha_SA101_56c37,PUR_IED_Atabanzha_SA101_56c37,,,,,
2026-09-12T19:56:06-05:00,PUR_IED_Atabanzha_SB302_27b374,PUR_IED_Atabanzha_SB302_27b374,,,,,
2026-09-12T19:56:06-05:00,PUR_IED_Atahualpa_Ext_fc1748,PUR_IED_Atahualpa_Ext_fc1748,,,,,
2026-09-12T19:56:06-05:00,PUR_IED_Atahualpa_Informa_dc9a95,PUR_IED_Atahualpa_Informa_dc9a95,,,,,
2026-09-12T19:56:06-05:00,PUR_IED_Atahualpa_S1101_f98056,PUR_IED_Atahualpa_S1101_f98056,,,,,
2026-09-12T19:56:06-05:00,PUR_IED_Bellavista_Ext_f5aa74,PUR_IED_Bellavista_Ext_f5aa74,,,,,
2026-09-12T19:56:06-05:00,PUR_IED_Bilbao_11A_916c41,PUR_IED_Bilbao_11A_916c41,,,,,
2026-09-12T19:56:06-05:00,PUR_IED_Bilbao_Ext_fb579a,PUR_IED_Bilbao_Ext_fb579a,,,,,
2026-09-12T19:56:06-05:00,PUR_IED_BrasiliaU_A125_304280,PUR_IED_BrasiliaU_A125_304280,,,,,
2026-09-12T19:56:06-05:00,PUR_IED_BrasiliaU_A203_7c8ca5,PUR_IED_BrasiliaU_A203_7c8ca5,,,,,
2026-09-12T19:56:06-05:00,PUR_IED_BrasiliaU_Ext_8d6e9f,PUR_IED_BrasiliaU_Ext_8d6e9f,5,18,64,4.5175,-74.116302
2026-09-12T19:56:06-05:00,PUR_IED_Brasilia_Ext_fe6593,PUR_IED_Brasilia_Ext_fe6593,,,,,
2026-09-12T19:56:06-05:00,PUR_IED_Brasilia_S24_7c130d,PUR_IED_Brasilia_S24_7c130d,,,,,
2026-09-12T19:56:06-05:00,PUR_IED_Brasilia_S501_186a54,PUR_IED_Brasilia_S501_186a54,,,,,
2026-09-12T19:56:06-05:00,PUR_IED_CHARRY_EXT_f1d5cd,PUR_IED_CHARRY_EXT_f1d5cd,,,,,
2026-09-12T19:56:06-05:00,PUR_IED_CHARRY_INTDANZAS_7a08e6,PUR_IED_CHARRY_INTDANZAS_7a08e6,,,,,
2026-09-12T19:56:06-05:00,PUR_IED_CHARRY_INT_AULA20_dc998d,PUR_IED_CHARRY_INT_AULA20_dc998d,,,,,
2026-09-12T19:56:06-05:00,PUR_IED_COLVIV_1101_S25_7f520a,PUR_IED_COLVIV_1101_S25_7f520a,,,,,
2026-09-12T19:56:06-05:00,PUR_IED_COLVIV_1102_S16_f570ba,PUR_IED_COLVIV_1102_S16_f570ba,,,,,
2026-09-12T19:56:06-05:00,PUR_IED_COLVIV_Ext_1a26fa,PUR_IED_COLVIV_Ext_1a26fa,,,,,
2026-09-12T19:56:06-05:00,PUR_IED_CULPOP_301A_f660f3,PUR_IED_CULPOP_301A_f660f3,,,,,
2026-09-12T19:56:06-05:00,PUR_IED_CULPOP_303_568afe,PUR_IED_CULPOP_303_568afe,,,,,
2026-09-12T19:56:06-05:00,PUR_IED_CULPOP_Ext_e02ccb,PUR_IED_CULPOP_Ext_e02ccb,,,,,
2026-09-12T19:56:06-05:00,PUR_IED_CVillavicen_Ext_26eb58,PUR_IED_CVillavicen_Ext_26eb58,3,15,78,4.487,-74.102798
2026-09-12T19:56:06-05:00,PUR_IED_CVillavicen_Intel_1ce5c2,PUR_IED_CVillavicen_Intel_1ce5c2,,,,,
2026-09-12T19:56:06-05:00,PUR_IED_CVillavicen_Poliv_e0766c,PUR_IED_CVillavicen_Poliv_e0766c,,,,,
2026-09-12T19:56:06-05:00,PUR_IED_CVillavicen_int_1ba140,PUR_IED_CVillavicen_int_1ba140,,,,,
2026-09-12T19:56:06-05:00,PUR_IED_CVillavicen_intel_1ba140,PUR_IED_CVillavicen_intel_1ba140,,,,,
2026-09-12T19:56:06-05:00,PUR_IED_CarlosPizarro_Ext_e307cc,PUR_IED_CarlosPizarro_Ext_e307cc,,,,,
2026-09-12T19:56:06-05:00,PUR_IED_CarlosPizarro_L36_7e5cdb,PUR_IED_CarlosPizarro_L36_7e5cdb,,,,,
2026-09-12T19:56:06-05:00,PUR_IED_CarlosPizarro_L37_c8566c,PUR_IED_CarlosPizarro_L37_c8566c,,,,,
2026-09-12T19:56:06-05:00,PUR_IED_Castilla_Ext_cf35f,PUR_IED_Castilla_Ext_cf35f,,,,,
2026-09-12T19:56:06-05:00,PUR_IED_Castilla_SFisik_360e38,PUR_IED_Castilla_SFisik_360e38,,,,,
2026-09-12T19:56:06-05:00,PUR_IED_Castilla_Sc304_496fbf,PUR_IED_Castilla_Sc304_496fbf,,,,,
2026-09-12T19:56:06-05:00,PUR_IED_CervantesSa_Ext_6b57b,PUR_IED_CervantesSa_Ext_6b57b,6,18,67,4.5128,-74.117203
2026-09-12T19:56:06-05:00,PUR_IED_CervantesSa_S107_225c2b,PUR_IED_CervantesSa_S107_225c2b,,,,,
2026-09-12T19:56:06-05:00,PUR_IED_CervantesSa_S108_940925,PUR_IED_CervantesSa_S108_940925,,,,,
2026-09-12T19:56:06-05:00,PUR_IED_Charry_A20_f53e7c,PUR_IED_Charry_A20_f53e7c,,,,,
2026-09-12T19:56:06-05:00,PUR_IED_Charry_Ext_f1d5cd,PUR_IED_Charry_Ext_f1d5cd,,,,,
2026-09-12T19:56:06-05:00,PUR_IED_Charry_IntAula20_dc998d,PUR_IED_Charry_IntAula20_dc998d,,,,,
2026-09-12T19:56:06-05:00,PUR_IED_Charry_IntDanzas_7a08e6,PUR_IED_Charry_IntDanzas_7a08e6,,,,,
2026-09-12T19:56:06-05:00,PUR_IED_ClememciaC_203_43e2fc,PUR_IED_ClememciaC_203_43e2fc,,,,,
2026-09-12T19:56:06-05:00,PUR_IED_ClememciaC_Ext_1b411a,PUR_IED_ClememciaC_Ext_1b411a,,,,,
2026-09-12T19:56:06-05:00,PUR_IED_ClememciaC_Quimic_44b5fc,PUR_IED_ClememciaC_Quimic_44b5fc,,,,,
2026-09-12T19:56:06-05:00,PUR_IED_ClemenciaC_203_43e2fc,PUR_IED_ClemenciaC_203_43e2fc,,,,,
2026-09-12T19:56:06-05:00,PUR_IED_ClemenciaC_Ext_1b411a,PUR_IED_ClemenciaC_Ext_1b411a,,,,,
2026-09-12T19:56:06-05:00,PUR_IED_ClemenciaC_Quimic_44b5fc,PUR_IED_ClemenciaC_Quimic_44b5fc,,,,,
2026-09-12T19:56:06-05:00,PUR_IED_ColViva_1101_S25_7f520a,PUR_IED_ColViva_1101_S25_7f520a,,,,,
2026-09-12T19:56:06-05:00,PUR_IED_ColViva_1102_S16_f570ba,PUR_IED_ColViva_1102_S16_f570ba,,,,,
2026-09-12T19:56:06-05:00,PUR_IED_ColViva_Ext_1a26fa,PUR_IED_ColViva_Ext_1a26fa,,,,,
2026-09-12T19:56:06-05:00,PUR_IED_ColegioBici_Asist_7c8798,PUR_IED_ColegioBici_Asist_7c8798,,,,,
2026-09-12T19:56:06-05:00,PUR_IED_ColegioBici_Ext_25cbf6,PUR_IED_ColegioBici_Ext_25cbf6,,,,,
2026-09-12T19:56:06-05:00,PUR_IED_ColegioBici_LabQ_7b57db,PUR_IED_ColegioBici_LabQ_7b57db,,,,,
2026-09-12T19:56:06-05:00,PUR_IED_CostaRica_Ext_5e640,PUR_IED_CostaRica_Ext_5e640,,,,,
2026-09-12T19:56:06-05:00,PUR_IED_CostaRica_Quim1_766d1c,PUR_IED_CostaRica_Quim1_766d1c,,,,,
2026-09-12T19:56:06-05:00,PUR_IED_CostaRica__Fisica_6f0873,PUR_IED_CostaRica__Fisica_6f0873,,,,,
2026-09-12T19:56:06-05:00,PUR_IED_CulPopu_301A_f660f3,PUR_IED_CulPopu_301A_f660f3,,,,,
2026-09-12T19:56:06-05:00,PUR_IED_CulPopu_303_568afe,PUR_IED_CulPopu_303_568afe,,,,,
2026-09-12T19:56:06-05:00,PUR_IED_CulPopu_Ext_e02ccb,PUR_IED_CulPopu_Ext_e02ccb,,,,,
2026-09-12T19:56:06-05:00,PUR_IED_Cundinamarca_Ext_f15985,PUR_IED_Cundinamarca_Ext_f15985,,,,,
2026-09-12T19:56:06-05:00,PUR_IED_Cundinamarca_Info_7aa5d7,PUR_IED_Cundinamarca_Info_7aa5d7,,,,,
2026-09-12T19:56:06-05:00,PUR_IED_Cundinamarca_Tec2_f449c7,PUR_IED_Cundinamarca_Tec2_f449c7,,,,,
2026-09-12T19:56:06-05:00,PUR_IED_DiegoM_Aula1_27b314,PUR_IED_DiegoM_Aula1_27b314,,,,,
2026-09-12T19:56:06-05:00,PUR_IED_DiegoM_Ext_d80ac8,PUR_IED_DiegoM_Ext_d80ac8,,,,,
2026-09-12T19:56:06-05:00,PUR_IED_DiegoM_S25_da928f,PUR_IED_DiegoM_S25_da928f,,,,,
2026-09-12T19:56:06-05:00,PUR_IED_ELRODEO_360881,PUR_IED_ELRODEO_360881,,,,,
2026-09-12T19:56:06-05:00,PUR_IED_ELRODEO_ext_360881,PUR_IED_ELRODEO_ext_360881,,,,,
2026-09-12T19:56:06-05:00,PUR_IED_EduardoU_Ext_1c1969,PUR_IED_EduardoU_Ext_1c1969,,,,,
2026-09-12T19:56:06-05:00,PUR_IED_EduardoU_SCiencia_4dfb94,PUR_IED_EduardoU_SCiencia_4dfb94,,,,,
2026-09-12T19:56:06-05:00,PUR_IED_EduardoU_SQuimica_5a46e7,PUR_IED_EduardoU_SQuimica_5a46e7,,,,,
2026-09-12T19:56:06-05:00,PUR_IED_ElRodeo_Aula14_676984,PUR_IED_ElRodeo_Aula14_676984,,,,,
2026-09-12T19:56:06-05:00,PUR_IED_ElRodeo_Aula16_2dd35b,PUR_IED_ElRodeo_Aula16_2dd35b,,,,,
2026-09-12T19:56:06-05:00,PUR_IED_ElRodeo_Ext_360881,PUR_IED_ElRodeo_Ext_360881,,,,,
2026-09-12T19:56:06-05:00,PUR_IED_ElRodeo_Exterior_8c6d28,PUR_IED_ElRodeo_Exterior_8c6d28,,,,,
2026-09-12T19:56:06-05:00,PUR_IED_ElRodeo_ext_360881,PUR_IED_ElRodeo_ext_360881,,,,,
2026-09-12T19:56:06-05:00,PUR_IED_EmmaReyes_Ext_987625,PUR_IED_EmmaReyes_Ext_987625,3,21,51,4.6367,-74.1511
2026-09-12T19:56:06-05:00,PUR_IED_Ensueño_Ext_7f0250,PUR_IED_Ensueño_Ext_7f0250,,,,,
2026-09-12T19:56:06-05:00,PUR_IED_EscNormal_Ext_5fef3b,PUR_IED_EscNormal_Ext_5fef3b,3,19,59,4.5852,-74.096901
2026-09-12T19:56:06-05:00,PUR_IED_EscNormal_S309_5b263,PUR_IED_EscNormal_S309_5b263,,,,,
2026-09-12T19:56:06-05:00,PUR_IED_EscNormal_S310_27b3b8,PUR_IED_EscNormal_S310_27b3b8,,,,,
2026-09-12T19:56:06-05:00,PUR_IED_Evangelista_Conta_f6cd4f,PUR_IED_Evangelista_Conta_f6cd4f,,,,,
2026-09-12T19:56:06-05:00,PUR_IED_Evangelista_Cri_5e16a,PUR_IED_Evangelista_Cri_5e16a,,,,,
2026-09-12T19:56:06-05:00,PUR_IED_Evangelista_Exter_754066,PUR_IED_Evangelista_Exter_754066,,,,,
2026-09-12T19:56:06-05:00,PUR_IED_FMiranda_S209_5cc2a3,PUR_IED_FMiranda_S209_5cc2a3,,,,,
2026-09-12T19:56:06-05:00,PUR_IED_FMiranda_S303_19e344,PUR_IED_FMiranda_S303_19e344,,,,,
2026-09-12T19:56:06-05:00,PUR_IED_FMiranda_ext_f53e7c,PUR_IED_FMiranda_ext_f53e7c,,,,,
2026-09-12T19:56:06-05:00,PUR_IED_FabioLozano_Bibli_1cee05,PUR_IED_FabioLozano_Bibli_1cee05,,,,,
2026-09-12T19:56:06-05:00,PUR_IED_FabioLozano_Ext_6ea285,PUR_IED_FabioLozano_Ext_6ea285,,,,,
2026-09-12T19:56:06-05:00,PUR_IED_FabioLozano_SLudi_f09e1e,PUR_IED_FabioLozano_SLudi_f09e1e,,,,,
2026-09-12T19:56:06-05:00,PUR_IED_FaustinoS_Aula07_27a731,PUR_IED_FaustinoS_Aula07_27a731,,,,,
2026-09-12T19:56:06-05:00,PUR_IED_FaustinoS_Ext_7b936f,PUR_IED_FaustinoS_Ext_7b936f,,,,,
2026-09-12T19:56:06-05:00,PUR_IED_FaustinoS_Fisica_da2c60,PUR_IED_FaustinoS_Fisica_da2c60,,,,,
2026-09-12T19:56:06-05:00,PUR_IED_FeGarciaLo_Ext_dc68ee,PUR_IED_FeGarciaLo_Ext_dc68ee,,,,,
2026-09-12T19:56:06-05:00,PUR_IED_FeGarciaLo_SDanza_f70a59,PUR_IED_FeGarciaLo_SDanza_f70a59,,,,,
2026-09-12T19:56:06-05:00,PUR_IED_FeGarciaLo_SMusic_125cdd,PUR_IED_FeGarciaLo_SMusic_125cdd,,,,,
2026-09-12T19:56:06-05:00,PUR_IED_FederalAlema_Exte_50c345,PUR_IED_FederalAlema_Exte_50c345,,,,,
2026-09-12T19:56:06-05:00,PUR_IED_FederalAlema_S31_f18371,PUR_IED_FederalAlema_S31_f18371,,,,,
2026-09-12T19:56:06-05:00,PUR_IED_FederalAlema_S901_a62cd,PUR_IED_FederalAlema_S901_a62cd,,,,,
2026-09-12T19:56:06-05:00,PUR_IED_FilarmonicaS_A5_f35eb1,PUR_IED_FilarmonicaS_A5_f35eb1,,,,,
2026-09-12T19:56:06-05:00,PUR_IED_FilarmonicaS_Ext_8a3bde,PUR_IED_FilarmonicaS_Ext_8a3bde,,,,,
2026-09-12T19:56:06-05:00,PUR_IED_FilarmonicaS_Spol_406114,PUR_IED_FilarmonicaS_Spol_406114,,,,,
2026-09-12T19:56:06-05:00,PUR_IED_FlorentinoG_A13_d1fa59,PUR_IED_FlorentinoG_A13_d1fa59,,,,,
2026-09-12T19:56:06-05:00,PUR_IED_FlorentinoG_Ext_1ce6ce,PUR_IED_FlorentinoG_Ext_1ce6ce,,,,,
2026-09-12T19:56:06-05:00,PUR_IED_FlorentinoG_Idiom_a66aac,PUR_IED_FlorentinoG_Idiom_a66aac,,,,,
2026-09-12T19:56:06-05:00,PUR_IED_FranciscoMati_Ext_e3869d,PUR_IED_FranciscoMati_Ext_e3869d,,,,,
2026-09-12T19:56:06-05:00,PUR_IED_FranciscoMati_S13_f31c67,PUR_IED_FranciscoMati_S13_f31c67,,,,,
2026-09-12T19:56:06-05:00,PUR_IED_FranciscoMati_S14_97dead,PUR_IED_FranciscoMati_S14_97dead,,,,,
2026-09-12T19:56:06-05:00,PUR_IED_FranciscoPS_Ext_7bfa9a,PUR_IED_FranciscoPS_Ext_7bfa9a,2,20,58,4.5899,-74.110397
2026-09-12T19:56:06-05:00,PUR_IED_FranciscoPS_Infor_fb8f4c,PUR_IED_FranciscoPS_Infor_fb8f4c,,,,,
2026-09-12T19:56:06-05:00,PUR_IED_FranciscoPS_Quimi_94d39c,PUR_IED_FranciscoPS_Quimi_94d39c,,,,,
2026-09-12T19:56:06-05:00,PUR_IED_FranciscoP_LabQ_d7e148,PUR_IED_FranciscoP_LabQ_d7e148,,,,,
2026-09-12T19:56:06-05:00,PUR_IED_FranciscoP_S28_cf9b30,PUR_IED_FranciscoP_S28_cf9b30,,,,,
2026-09-12T19:56:06-05:00,PUR_IED_FranciscoP_ext_e2313,PUR_IED_FranciscoP_ext_e2313,,,,,
2026-09-12T19:56:06-05:00,PUR_IED_FriederichN_Ext_8ac92a,PUR_IED_FriederichN_Ext_8ac92a,,,,,
2026-09-12T19:56:06-05:00,PUR_IED_FriederichN_S301_dd7e5a,PUR_IED_FriederichN_S301_dd7e5a,,,,,
2026-09-12T19:56:06-05:00,PUR_IED_FriederichN_S308_761f4f,PUR_IED_FriederichN_S308_761f4f,,,,,
2026-09-12T19:56:06-05:00,PUR_IED_GSantander_Aula10_533dd7,PUR_IED_GSantander_Aula10_533dd7,,,,,
2026-09-12T19:56:06-05:00,PUR_IED_GSantander_Aula12_fd4e4f,PUR_IED_GSantander_Aula12_fd4e4f,,,,,
2026-09-12T19:56:06-05:00,PUR_IED_GSantander_Aula310_533dd7,PUR_IED_GSantander_Aula310_533dd7,,,,,
2026-09-12T19:56:06-05:00,PUR_IED_GSantander_Aula312_fd4e4f,PUR_IED_GSantander_Aula312_fd4e4f,,,,,
2026-09-12T19:56:06-05:00,PUR_IED_GSantander_Ext_5f66b0,PUR_IED_GSantander_Ext_5f66b0,,,,,
2026-09-12T19:56:06-05:00,PUR_IED_GYomasa_Ext_f6bea5,PUR_IED_GYomasa_Ext_f6bea5,,,,,
2026-09-12T19:56:06-05:00,PUR_IED_GYomasa_LBiol_2c41aa,PUR_IED_GYomasa_LBiol_2c41aa,,,,,
2026-09-12T19:56:06-05:00,PUR_IED_GYomasa_LQuim_33c80,PUR_IED_GYomasa_LQuim_33c80,,,,,
2026-09-12T19:56:06-05:00,PUR_IED_GabBetMejia_Cienc_5a99c,PUR_IED_GabBetMejia_Cienc_5a99c,,,,,
2026-09-12T19:56:06-05:00,PUR_IED_GabBetMejia_Ext_9153d0,PUR_IED_GabBetMejia_Ext_9153d0,,,,,
2026-09-12T19:56:06-05:00,PUR_IED_GabBetMejia_Lab_f55347,PUR_IED_GabBetMejia_Lab_f55347,,,,,
2026-09-12T19:56:06-05:00,PUR_IED_GabBetanMejia_Ext_9153d0,PUR_IED_GabBetanMejia_Ext_9153d0,,,,,
2026-09-12T19:56:06-05:00,PUR_IED_Gaitana_Aula13_7aac11,PUR_IED_Gaitana_Aula13_7aac11,,,,,
2026-09-12T19:56:06-05:00,PUR_IED_Gaitana_Ext_5fcf4,PUR_IED_Gaitana_Ext_5fcf4,,,,,
2026-09-12T19:56:06-05:00,PUR_IED_Gaitana_LabFisica_644448,PUR_IED_Gaitana_LabFisica_644448,,,,,
2026-09-12T19:56:06-05:00,PUR_IED_GenSantander_Dise_8ac858,PUR_IED_GenSantander_Dise_8ac858,,,,,
2026-09-12T19:56:06-05:00,PUR_IED_GenSantander_Ext_8d5dfe,PUR_IED_GenSantander_Ext_8d5dfe,,,,,
2026-09-12T19:56:06-05:00,PUR_IED_GenSantander_Info_6c25b,PUR_IED_GenSantander_Info_6c25b,,,,,
2026-09-12T19:56:06-05:00,PUR_IED_GustavoMo_Exterio_75e63d,PUR_IED_GustavoMo_Exterio_75e63d,,,,,
2026-09-12T19:56:06-05:00,PUR_IED_GustavoMo_LabFisi_224d37,PUR_IED_GustavoMo_LabFisi_224d37,,,,,
2026-09-12T19:56:06-05:00,PUR_IED_GustavoMo_S208_3e6918,PUR_IED_GustavoMo_S208_3e6918,,,,,
2026-09-12T19:56:06-05:00,PUR_IED_GustavoR_A02_8cd4a8,PUR_IED_GustavoR_A02_8cd4a8,,,,,
2026-09-12T19:56:06-05:00,PUR_IED_GustavoR_B11_5b0ed,PUR_IED_GustavoR_B11_5b0ed,,,,,
2026-09-12T19:56:06-05:00,PUR_IED_GustavoR_Ext_7a0c90,PUR_IED_GustavoR_Ext_7a0c90,,,,,
2026-09-12T19:56:06-05:00,PUR_IED_HernandoDuran_Ext_8cd82b,PUR_IED_HernandoDuran_Ext_8cd82b,,,,,
2026-09-12T19:56:06-05:00,PUR_IED_HernandoDuran_S24_2772c6,PUR_IED_HernandoDuran_S24_2772c6,,,,,
2026-09-12T19:56:06-05:00,PUR_IED_HernandoDuran_S30_f2de41,PUR_IED_HernandoDuran_S30_f2de41,,,,,
2026-09-12T19:56:06-05:00,PUR_IED_HolguInUr_S1101_8cd732,PUR_IED_HolguInUr_S1101_8cd732,,,,,
2026-09-12T19:56:06-05:00,PUR_IED_HolguinUr_Exter_ddae6d,PUR_IED_HolguinUr_Exter_ddae6d,,,,,
2026-09-12T19:56:06-05:00,PUR_IED_HolguinUr_LabQuim_92b952,PUR_IED_HolguinUr_LabQuim_92b952,,,,,
2026-09-12T19:56:06-05:00,PUR_IED_Isabel-II_Ext_5245cc,PUR_IED_Isabel-II_Ext_5245cc,5,20,56,4.6336,-74.153
2026-09-12T19:56:06-05:00,PUR_IED_Isabel-II_S_idiom_1c29aa,PUR_IED_Isabel-II_S_idiom_1c29aa,,,,,
2026-09-12T19:56:06-05:00,PUR_IED_Isabel-II_S_infor_fd741,PUR_IED_Isabel-II_S_infor_fd741,,,,,
2026-09-12T19:56:06-05:00,PUR_IED_IsidroSur_Exterio_5b90ea,PUR_IED_IsidroSur_Exterio_5b90ea,,,,,
2026-09-12T19:56:06-05:00,PUR_IED_IsidroSur_LabTec_56697a,PUR_IED_IsidroSur_LabTec_56697a,,,,,
2026-09-12T19:56:06-05:00,PUR_IED_IsidroSur_Robotic_b7c38f,PUR_IED_IsidroSur_Robotic_b7c38f,,,,,
2026-09-12T19:56:06-05:00,PUR_IED_IsmaelPerd_Ext_7b6672,PUR_IED_IsmaelPerd_Ext_7b6672,,,,,
2026-09-12T19:56:06-05:00,PUR_IED_IsmaelPerd_Inform_306540,PUR_IED_IsmaelPerd_Inform_306540,,,,,
2026-09-12T19:56:06-05:00,PUR_IED_IsmaelPerd_S30_2e2c83,PUR_IED_IsmaelPerd_S30_2e2c83,,,,,
2026-09-12T19:56:06-05:00,PUR_IED_JLozano_Exter_432910,PUR_IED_JLozano_Exter_432910,,,,,
2026-09-12T19:56:06-05:00,PUR_IED_JLozano_salaMulti_df5125,PUR_IED_JLozano_salaMulti_df5125,,,,,
2026-09-12T19:56:06-05:00,PUR_IED_JMCordoba_206_86f80b,PUR_IED_JMCordoba_206_86f80b,,,,,
2026-09-12T19:56:06-05:00,PUR_IED_JMCordoba_Ext_27ad97,PUR_IED_JMCordoba_Ext_27ad97,,,,,
2026-09-12T19:56:06-05:00,PUR_IED_JMCordoba_S310_d59ab4,PUR_IED_JMCordoba_S310_d59ab4,,,,,
2026-09-12T19:56:06-05:00,PUR_IED_Japon_Ext_549100,PUR_IED_Japon_Ext_549100,,,,,
2026-09-12T19:56:06-05:00,PUR_IED_Japon_Laboratorio_bec51d,PUR_IED_Japon_Laboratorio_bec51d,,,,,
2026-09-12T19:56:06-05:00,PUR_IED_Japon_informatica_d99327,PUR_IED_Japon_informatica_d99327,,,,,
2026-09-12T19:56:06-05:00,PUR_IED_Jazmin_Ext_d27bda,PUR_IED_Jazmin_Ext_d27bda,,,,,
2026-09-12T19:56:06-05:00,PUR_IED_Jazmin_Fisica_8d14d7,PUR_IED_Jazmin_Fisica_8d14d7,,,,,
2026-09-12T19:56:06-05:00,PUR_IED_Jazmin_Quimica_801cb5,PUR_IED_Jazmin_Quimica_801cb5,,,,,
2026-09-12T19:56:06-05:00,PUR_IED_JorgeGaitan_Exter_f098d1,PUR_IED_JorgeGaitan_Exter_f098d1,,,,,
2026-09-12T19:56:06-05:00,PUR_IED_JorgeGaitan_STec1_dc9d1d,PUR_IED_JorgeGaitan_STec1_dc9d1d,,,,,
2026-09-12T19:56:06-05:00,PUR_IED_JorgeGaitan_STec2_281e69,PUR_IED_JorgeGaitan_STec2_281e69,,,,,
2026-09-12T19:56:06-05:00,PUR_IED_JorgeSoto_Exterio_d9d0a2,PUR_IED_JorgeSoto_Exterio_d9d0a2,,,,,
2026-09-12T19:56:06-05:00,PUR_IED_JorgeSoto_LabFisi_209c54,PUR_IED_JorgeSoto_LabFisi_209c54,,,,,
2026-09-12T19:56:06-05:00,PUR_IED_JorgeSoto_S103_27b51a,PUR_IED_JorgeSoto_S103_27b51a,,,,,
2026-09-12T19:56:06-05:00,PUR_IED_JoseAcevedo_A02_e965eb,PUR_IED_JoseAcevedo_A02_e965eb,,,,,
2026-09-12T19:56:06-05:00,PUR_IED_JoseAcevedo_A07_dd5b4,PUR_IED_JoseAcevedo_A07_dd5b4,,,,,
2026-09-12T19:56:06-05:00,PUR_IED_JoseAcevedo_Ext_b47484,PUR_IED_JoseAcevedo_Ext_b47484,,,,,
2026-09-12T19:56:06-05:00,PUR_IED_JoseMarti_Exte_5b9bf,PUR_IED_JoseMarti_Exte_5b9bf,,,,,
2026-09-12T19:56:06-05:00,PUR_IED_JoseMarti_LabQuim_1c6c2d,PUR_IED_JoseMarti_LabQuim_1c6c2d,,,,,
2026-09-12T19:56:06-05:00,PUR_IED_JoseMarti_S_info_f5f177,PUR_IED_JoseMarti_S_info_f5f177,,,,,
2026-09-12T19:56:06-05:00,PUR_IED_Josejoaquin_Ext_dfc5dc,PUR_IED_Josejoaquin_Ext_dfc5dc,,,,,
2026-09-12T19:56:06-05:00,PUR_IED_Josejoaquin_S05_5b2a96,PUR_IED_Josejoaquin_S05_5b2a96,,,,,
2026-09-12T19:56:06-05:00,PUR_IED_Josejoaquin_S06_1ce7d2,PUR_IED_Josejoaquin_S06_1ce7d2,,,,,
2026-09-12T19:56:06-05:00,PUR_IED_JulioFlorez_Danza_9b82dd,PUR_IED_JulioFlorez_Danza_9b82dd,,,,,
2026-09-12T19:56:06-05:00,PUR_IED_JulioFlorez_Exter_f9f314,PUR_IED_JulioFlorez_Exter_f9f314,,,,,
2026-09-12T19:56:06-05:00,PUR_IED_JulioFlorez_info2_6b6e08,PUR_IED_JulioFlorez_info2_6b6e08,,,,,
2026-09-12T19:56:06-05:00,PUR_IED_LaBelleza_Aula13_1d00d8,PUR_IED_LaBelleza_Aula13_1d00d8,,,,,
2026-09-12T19:56:06-05:00,PUR_IED_LaBelleza_Ext_7bc08c,PUR_IED_LaBelleza_Ext_7bc08c,,,,,
2026-09-12T19:56:06-05:00,PUR_IED_LaChucua_Ext_8cd6d2,PUR_IED_LaChucua_Ext_8cd6d2,,,,,
2026-09-12T19:56:06-05:00,PUR_IED_LaChucua_S15_f578ce,PUR_IED_LaChucua_S15_f578ce,,,,,
2026-09-12T19:56:06-05:00,PUR_IED_LaChucua_S16_eebcf9,PUR_IED_LaChucua_S16_eebcf9,,,,,
2026-09-12T19:56:06-05:00,PUR_IED_LaFelicidad_Ext_fb5109,PUR_IED_LaFelicidad_Ext_fb5109,,,,,
2026-09-12T19:56:06-05:00,PUR_IED_LaMerced_206_66ebd,PUR_IED_LaMerced_206_66ebd,,,,,
2026-09-12T19:56:06-05:00,PUR_IED_LaMerced_207_6ebd6,PUR_IED_LaMerced_207_6ebd6,,,,,
2026-09-12T19:56:06-05:00,PUR_IED_LaMerced_ext_304311,PUR_IED_LaMerced_ext_304311,,,,,
2026-09-12T19:56:06-05:00,PUR_IED_Laureano_CiencNat_281e5e,PUR_IED_Laureano_CiencNat_281e5e,,,,,
2026-09-12T19:56:06-05:00,PUR_IED_Laureano_Comedor_f65c0a,PUR_IED_Laureano_Comedor_f65c0a,,,,,
2026-09-12T19:56:06-05:00,PUR_IED_Laureano_Exterior_7ab011,PUR_IED_Laureano_Exterior_7ab011,,,,,
2026-09-12T19:56:06-05:00,PUR_IED_LeonGreiff_Exte_dfe560,PUR_IED_LeonGreiff_Exte_dfe560,,,,,
2026-09-12T19:56:06-05:00,PUR_IED_LeonGreiff_S210_f264ed,PUR_IED_LeonGreiff_S210_f264ed,,,,,
2026-09-12T19:56:06-05:00,PUR_IED_LeonGreiff_SQuimi_e8296f,PUR_IED_LeonGreiff_SQuimi_e8296f,,,,,
2026-09-12T19:56:06-05:00,PUR_IED_LlanoOrientalS208_7b9fcd,PUR_IED_LlanoOrientalS208_7b9fcd,,,,,
2026-09-12T19:56:06-05:00,PUR_IED_LlanoOriental_Ext_fb3766,PUR_IED_LlanoOriental_Ext_fb3766,,,,,
2026-09-12T19:56:06-05:00,PUR_IED_LlanoOriental_S208_7b9fcd,PUR_IED_LlanoOriental_S208_7b9fcd,,,,,
2026-09-12T19:56:06-05:00,PUR_IED_LlanoOriental_S9_27b378,PUR_IED_LlanoOriental_S9_27b378,,,,,
2026-09-12T19:56:06-05:00,PUR_IED_LosTejares_1101_477602,PUR_IED_LosTejares_1101_477602,,,,,
2026-09-12T19:56:06-05:00,PUR_IED_LosTejares_11_d2c595,PUR_IED_LosTejares_11_d2c595,,,,,
2026-09-12T19:56:06-05:00,PUR_IED_LosTejares_12_477602,PUR_IED_LosTejares_12_477602,,,,,
2026-09-12T19:56:06-05:00,PUR_IED_LosTejares_Ext_8e2115,PUR_IED_LosTejares_Ext_8e2115,,,,,
2026-09-12T19:56:06-05:00,PUR_IED_MagdalenaO_B202_5ddda3,PUR_IED_MagdalenaO_B202_5ddda3,,,,,
2026-09-12T19:56:06-05:00,PUR_IED_MagdalenaO_B205_fb76e8,PUR_IED_MagdalenaO_B205_fb76e8,,,,,
2026-09-12T19:56:06-05:00,PUR_IED_MagdalenaO_ext_dc69cd,PUR_IED_MagdalenaO_ext_dc69cd,,,,,
2026-09-12T19:56:06-05:00,PUR_IED_ManueCepeda_artes_eee956,PUR_IED_ManueCepeda_artes_eee956,,,,,
2026-09-12T19:56:06-05:00,PUR_IED_ManuelCepeda_Ext_58313,PUR_IED_ManuelCepeda_Ext_58313,,,,,
2026-09-12T19:56:06-05:00,PUR_IED_ManuelCepeda_tec_1c5731,PUR_IED_ManuelCepeda_tec_1c5731,,,,,
2026-09-12T19:56:06-05:00,PUR_IED_ManuelS_Exterior_5b269,PUR_IED_ManuelS_Exterior_5b269,,,,,
2026-09-12T19:56:06-05:00,PUR_IED_ManuelS_Inform_f369ce,PUR_IED_ManuelS_Inform_f369ce,,,,,
2026-09-12T19:56:06-05:00,PUR_IED_ManuelS_SArtes_7d15f1,PUR_IED_ManuelS_SArtes_7d15f1,,,,,
2026-09-12T19:56:06-05:00,PUR_IED_ManuelZapata_303_3ca6,PUR_IED_ManuelZapata_303_3ca6,,,,,
2026-09-12T19:56:06-05:00,PUR_IED_ManuelZapata_311_bfbabc,PUR_IED_ManuelZapata_311_bfbabc,,,,,
2026-09-12T19:56:06-05:00,PUR_IED_ManuelZapata_Ext_50824a,PUR_IED_ManuelZapata_Ext_50824a,,,,,
2026-09-12T19:56:06-05:00,PUR_IED_ManuelitaS_Exteri_656a92,PUR_IED_ManuelitaS_Exteri_656a92,,,,,
2026-09-12T19:56:06-05:00,PUR_IED_ManuelitaS_JuzgDe_f58ec3,PUR_IED_ManuelitaS_JuzgDe_f58ec3,,,,,
2026-09-12T19:56:06-05:00,PUR_IED_ManuelitaS_Recrea_d793db,PUR_IED_ManuelitaS_Recrea_d793db,,,,,
2026-09-12T19:56:06-05:00,PUR_IED_MarFidSuarez_Ext_c27b19,PUR_IED_MarFidSuarez_Ext_c27b19,,,,,
2026-09-12T19:56:06-05:00,PUR_IED_MarFidSuarez_Info_e384d7,PUR_IED_MarFidSuarez_Info_e384d7,,,,,
2026-09-12T19:56:06-05:00,PUR_IED_MarFidSuarez_S306_1d0032,PUR_IED_MarFidSuarez_S306_1d0032,,,,,
2026-09-12T19:56:06-05:00,PUR_IED_Menorah_301_2a25a3,PUR_IED_Menorah_301_2a25a3,,,,,
2026-09-12T19:56:06-05:00,PUR_IED_Menorah_306_37ed3,PUR_IED_Menorah_306_37ed3,,,,,
2026-09-12T19:56:06-05:00,PUR_IED_Menorah_Ext_3e155b,PUR_IED_Menorah_Ext_3e155b,,,,,
2026-09-12T19:56:06-05:00,PUR_IED_MinutoB.Aires_A11_1b1604,PUR_IED_MinutoB.Aires_A11_1b1604,,,,,
2026-09-12T19:56:06-05:00,PUR_IED_MinutoB.Aires_A12_fb5860,PUR_IED_MinutoB.Aires_A12_fb5860,,,,,
2026-09-12T19:56:06-05:00,PUR_IED_MinutoB.Aires_Ext_81293f,PUR_IED_MinutoB.Aires_Ext_81293f,,,,,
2026-09-12T19:56:06-05:00,PUR_IED_MinutoBAires_A11_1b1604,PUR_IED_MinutoBAires_A11_1b1604,,,,,
2026-09-12T19:56:06-05:00,PUR_IED_MinutoBAires_A12_fb5860,PUR_IED_MinutoBAires_A12_fb5860,,,,,
2026-09-12T19:56:06-05:00,PUR_IED_MinutoBAires_Ext_81293f,PUR_IED_MinutoBAires_Ext_81293f,,,,,
2026-09-12T19:56:06-05:00,PUR_IED_Montreal_Aula10_1e4959,PUR_IED_Montreal_Aula10_1e4959,,,,,
2026-09-12T19:56:06-05:00,PUR_IED_Montreal_Aula6_300367,PUR_IED_Montreal_Aula6_300367,,,,,
2026-09-12T19:56:06-05:00,PUR_IED_Montreal_Exterior_91a179,PUR_IED_Montreal_Exterior_91a179,,,,,
2026-09-12T19:56:06-05:00,PUR_IED_Mqgdalena_B202_5ddda3,PUR_IED_Mqgdalena_B202_5ddda3,,,,,
2026-09-12T19:56:06-05:00,PUR_IED_NACUND_Soc_dc8728,PUR_IED_NACUND_Soc_dc8728,,,,,
2026-09-12T19:56:06-05:00,PUR_IED_NACUND_ext_27ad97,PUR_IED_NACUND_ext_27ad97,,,,,
2026-09-12T19:56:06-05:00,PUR_IED_NEsperanza_Ext_d24b61,PUR_IED_NEsperanza_Ext_d24b61,,,,,
2026-09-12T19:56:06-05:00,PUR_IED_NEsperanza_SElect_7d1807,PUR_IED_NEsperanza_SElect_7d1807,,,,,
2026-09-12T19:56:06-05:00,PUR_IED_NEsperanza_SLabor_8b2d0a,PUR_IED_NEsperanza_SLabor_8b2d0a,,,,,
2026-09-12T19:56:06-05:00,PUR_IED_NacionesU_Ext_f661a9,PUR_IED_NacionesU_Ext_f661a9,,,,,
2026-09-12T19:56:06-05:00,PUR_IED_NacionesU_Quimica_66f0a,PUR_IED_NacionesU_Quimica_66f0a,,,,,
2026-09-12T19:56:06-05:00,PUR_IED_NacionesU_S306_1b4b3d,PUR_IED_NacionesU_S306_1b4b3d,,,,,
2026-09-12T19:56:06-05:00,PUR_IED_NestorFA_Ext_e4201c,PUR_IED_NestorFA_Ext_e4201c,,,,,
2026-09-12T19:56:06-05:00,PUR_IED_NestorFA_Laborato_f22fe0,PUR_IED_NestorFA_Laborato_f22fe0,,,,,
2026-09-12T19:56:06-05:00,PUR_IED_NestorFA_S204_dee996,PUR_IED_NestorFA_S204_dee996,,,,,
2026-09-12T19:56:06-05:00,PUR_IED_NidyaQT_Aula03_76999b,PUR_IED_NidyaQT_Aula03_76999b,,,,,
2026-09-12T19:56:06-05:00,PUR_IED_NidyaQT_Aula10_56325,PUR_IED_NidyaQT_Aula10_56325,,,,,
2026-09-12T19:56:06-05:00,PUR_IED_NidyaQT_Ext_46e32d,PUR_IED_NidyaQT_Ext_46e32d,,,,,
2026-09-12T19:56:06-05:00,PUR_IED_NuevaCol_Exterior_d9b859,PUR_IED_NuevaCol_Exterior_d9b859,,,,,
2026-09-12T19:56:06-05:00,PUR_IED_NuevaCol_S1101_76c43b,PUR_IED_NuevaCol_S1101_76c43b,,,,,
2026-09-12T19:56:06-05:00,PUR_IED_NuevaCol_S1102_1ce0b5,PUR_IED_NuevaCol_S1102_1ce0b5,,,,,
2026-09-12T19:56:06-05:00,PUR_IED_OEA_A202_f7e3f2,PUR_IED_OEA_A202_f7e3f2,,,,,
2026-09-12T19:56:06-05:00,PUR_IED_OEA_A203_7d1b8d,PUR_IED_OEA_A203_7d1b8d,,,,,
2026-09-12T19:56:06-05:00,PUR_IED_OEA_Ext_27b593,PUR_IED_OEA_Ext_27b593,,,,,
2026-09-12T19:56:06-05:00,PUR_IED_Ochoa_Ext_1c29da,PUR_IED_Ochoa_Ext_1c29da,,,,,
2026-09-12T19:56:06-05:00,PUR_IED_Ochoa_S205_8b1121,PUR_IED_Ochoa_S205_8b1121,,,,,
2026-09-12T19:56:06-05:00,PUR_IED_Ochoa_Sistemas_f33af6,PUR_IED_Ochoa_Sistemas_f33af6,,,,,
2026-09-12T19:56:06-05:00,PUR_IED_PQuebec_Ext_1c67c7,PUR_IED_PQuebec_Ext_1c67c7,,,,,
2026-09-12T19:56:06-05:00,PUR_IED_PQuebec_S15_23e8e2,PUR_IED_PQuebec_S15_23e8e2,,,,,
2026-09-12T19:56:06-05:00,PUR_IED_PQuebec_S16_8ec76b,PUR_IED_PQuebec_S16_8ec76b,,,,,
2026-09-12T19:56:06-05:00,PUR_IED_PabloN_Ext_49dc96,PUR_IED_PabloN_Ext_49dc96,,,,,
2026-09-12T19:56:06-05:00,PUR_IED_PabloN_S1102_4e3df5,PUR_IED_PabloN_S1102_4e3df5,,,,,
2026-09-12T19:56:06-05:00,PUR_IED_PabloN_S1103_50c94b,PUR_IED_PabloN_S1103_50c94b,,,,,
2026-09-12T19:56:06-05:00,PUR_IED_Palestina_S1101_db9198,PUR_IED_Palestina_S1101_db9198,,,,,
2026-09-12T19:56:06-05:00,PUR_IED_Palestina_S1102_dc54fa,PUR_IED_Palestina_S1102_dc54fa,,,,,
2026-09-12T19:56:06-05:00,PUR_IED_Palestina_ext_4ccce6,PUR_IED_Palestina_ext_4ccce6,,,,,
2026-09-12T19:56:06-05:00,PUR_IED_Panama_Fisica_4d0794,PUR_IED_Panama_Fisica_4d0794,,,,,
2026-09-12T19:56:06-05:00,PUR_IED_Panama_SIngles_a4077e,PUR_IED_Panama_SIngles_a4077e,,,,,
2026-09-12T19:56:06-05:00,PUR_IED_Panama_ext_4c54b4,PUR_IED_Panama_ext_4c54b4,,,,,
2026-09-12T19:56:06-05:00,PUR_IED_ParaisoM_Exterior_8cd7f0,PUR_IED_ParaisoM_Exterior_8cd7f0,,,,,
2026-09-12T19:56:06-05:00,PUR_IED_ParaisoM_Laborato_27af35,PUR_IED_ParaisoM_Laborato_27af35,,,,,
2026-09-12T19:56:06-05:00,PUR_IED_ParaisoM_S304_d1edca,PUR_IED_ParaisoM_S304_d1edca,,,,,
2026-09-12T19:56:06-05:00,PUR_IED_PorfirioBarba_Ext_301466,PUR_IED_PorfirioBarba_Ext_301466,,,,,
2026-09-12T19:56:06-05:00,PUR_IED_PorfirioBarba_S11_df6cd2,PUR_IED_PorfirioBarba_S11_df6cd2,,,,,
2026-09-12T19:56:06-05:00,PUR_IED_PorfirioBarba_S29_27a7d6,PUR_IED_PorfirioBarba_S29_27a7d6,,,,,
2026-09-12T19:56:06-05:00,PUR_IED_PradoV_Exter_8b27ad,PUR_IED_PradoV_Exter_8b27ad,,,,,
2026-09-12T19:56:06-05:00,PUR_IED_PradoV_S301_de65b5,PUR_IED_PradoV_S301_de65b5,,,,,
2026-09-12T19:56:06-05:00,PUR_IED_PradoV_S302_7d2593,PUR_IED_PradoV_S302_7d2593,,,,,
2026-09-12T19:56:06-05:00,PUR_IED_QuirogaAlz_Ext_1ddc82,PUR_IED_QuirogaAlz_Ext_1ddc82,,,,,
2026-09-12T19:56:06-05:00,PUR_IED_QuirogaAlz_S302_9926a3,PUR_IED_QuirogaAlz_S302_9926a3,,,,,
2026-09-12T19:56:06-05:00,PUR_IED_QuirogaAlz_S305_cdf1f1,PUR_IED_QuirogaAlz_S305_cdf1f1,,,,,
2026-09-12T19:56:06-05:00,PUR_IED_RGuatemala_Biling_dc53b7,PUR_IED_RGuatemala_Biling_dc53b7,,,,,
2026-09-12T19:56:06-05:00,PUR_IED_RGuatemala_Ext_1b89a3,PUR_IED_RGuatemala_Ext_1b89a3,,,,,
2026-09-12T19:56:06-05:00,PUR_IED_RGuatemala_Tecnol_281a34,PUR_IED_RGuatemala_Tecnol_281a34,,,,,
2026-09-12T19:56:06-05:00,PUR_IED_RafaNu_Ext_f7c302,PUR_IED_RafaNu_Ext_f7c302,,,,,
2026-09-12T19:56:06-05:00,PUR_IED_RafaNu_S1101_25fde,PUR_IED_RafaNu_S1101_25fde,,,,,
2026-09-12T19:56:06-05:00,PUR_IED_RafaNu_S1102_281517,PUR_IED_RafaNu_S1102_281517,,,,,
2026-09-12T19:56:06-05:00,PUR_IED_RafaelB_S305_ee2783,PUR_IED_RafaelB_S305_ee2783,,,,,
2026-09-12T19:56:06-05:00,PUR_IED_RafaelB_S306_75fe33,PUR_IED_RafaelB_S306_75fe33,,,,,
2026-09-12T19:56:06-05:00,PUR_IED_RafaelB_ext_283336,PUR_IED_RafaelB_ext_283336,2,19,63,4.6722,-74.0737
2026-09-12T19:56:06-05:00,PUR_IED_RafaelUU_Exterior_281a51,PUR_IED_RafaelUU_Exterior_281a51,,,,,
2026-09-12T19:56:06-05:00,PUR_IED_RafaelUU_Human_806b2,PUR_IED_RafaelUU_Human_806b2,,,,,
2026-09-12T19:56:06-05:00,PUR_IED_RafaelUU_Mate2_5680d4,PUR_IED_RafaelUU_Mate2_5680d4,,,,,
2026-09-12T19:56:06-05:00,PUR_IED_RamonSub_Ext_f9eeb9,PUR_IED_RamonSub_Ext_f9eeb9,,,,,
2026-09-12T19:56:06-05:00,PUR_IED_RamonSub_Media_d1f62f,PUR_IED_RamonSub_Media_d1f62f,,,,,
2026-09-12T19:56:06-05:00,PUR_IED_RamonSub_planta_51b82,PUR_IED_RamonSub_planta_51b82,,,,,
2026-09-12T19:56:06-05:00,PUR_IED_RepBoliVene_Exter_27af7c,PUR_IED_RepBoliVene_Exter_27af7c,,,,,
2026-09-12T19:56:06-05:00,PUR_IED_RepBoliVene_SCPT_5ae2ee,PUR_IED_RepBoliVene_SCPT_5ae2ee,,,,,
2026-09-12T19:56:06-05:00,PUR_IED_RepBoliVene_Socia_4b11d5,PUR_IED_RepBoliVene_Socia_4b11d5,,,,,
2026-09-12T19:56:06-05:00,PUR_IED_RepChina_Ext_76d9ee,PUR_IED_RepChina_Ext_76d9ee,,,,,
2026-09-12T19:56:06-05:00,PUR_IED_RepChina_S404_7c804c,PUR_IED_RepChina_S404_7c804c,,,,,
2026-09-12T19:56:06-05:00,PUR_IED_RepChina_S405_df2c33,PUR_IED_RepChina_S405_df2c33,,,,,
2026-09-12T19:56:06-05:00,PUR_IED_RepublicaC_Exteri_7d1ec9,PUR_IED_RepublicaC_Exteri_7d1ec9,,,,,
2026-09-12T19:56:06-05:00,PUR_IED_RepublicaC_S1101_f544b3,PUR_IED_RepublicaC_S1101_f544b3,,,,,
2026-09-12T19:56:06-05:00,PUR_IED_RepublicaC_S1102_7aafc7,PUR_IED_RepublicaC_S1102_7aafc7,,,,,
2026-09-12T19:56:06-05:00,PUR_IED_Ricaurte_Externo_a0ea1,PUR_IED_Ricaurte_Externo_a0ea1,,,,,
2026-09-12T19:56:06-05:00,PUR_IED_Ricaurte_S210_f546fd,PUR_IED_Ricaurte_S210_f546fd,,,,,
2026-09-12T19:56:06-05:00,PUR_IED_Ricaurte_S309_d4452,PUR_IED_Ricaurte_S309_d4452,,,,,
2026-09-12T19:56:06-05:00,PUR_IED_RogelioS_1102_531e69,PUR_IED_RogelioS_1102_531e69,,,,,
2026-09-12T19:56:06-05:00,PUR_IED_RogelioS_Ext_f25a18,PUR_IED_RogelioS_Ext_f25a18,,,,,
2026-09-12T19:56:06-05:00,PUR_IED_SBernardino_Ext_27aff8,PUR_IED_SBernardino_Ext_27aff8,,,,,
2026-09-12T19:56:06-05:00,PUR_IED_SBernardino_SArte_2ffd33,PUR_IED_SBernardino_SArte_2ffd33,,,,,
2026-09-12T19:56:06-05:00,PUR_IED_SBernardino_SIngl_7c7da5,PUR_IED_SBernardino_SIngl_7c7da5,,,,,
2026-09-12T19:56:06-05:00,PUR_IED_Sago_auditorio_dc9d1d,PUR_IED_Sago_auditorio_dc9d1d,,,,,
2026-09-12T19:56:06-05:00,PUR_IED_Saludcoop_Ext_95aac3,PUR_IED_Saludcoop_Ext_95aac3,,,,,
2026-09-12T19:56:06-05:00,PUR_IED_Saludcoop_InfI_90c854,PUR_IED_Saludcoop_InfI_90c854,,,,,
2026-09-12T19:56:06-05:00,PUR_IED_Saludcoop_SMedia_1b93be,PUR_IED_Saludcoop_SMedia_1b93be,,,,,
2026-09-12T19:56:06-05:00,PUR_IED_SanCarlos_1101_1a2360,PUR_IED_SanCarlos_1101_1a2360,,,,,
2026-09-12T19:56:06-05:00,PUR_IED_SanCarlos_1103_7bafb5,PUR_IED_SanCarlos_1103_7bafb5,,,,,
2026-09-12T19:56:06-05:00,PUR_IED_SanCarlos_Ext_b7cd1,PUR_IED_SanCarlos_Ext_b7cd1,,,,,
2026-09-12T19:56:06-05:00,PUR_IED_SanIgnacioBosa11a_50c26e,PUR_IED_SanIgnacioBosa11a_50c26e,,,,,
2026-09-12T19:56:06-05:00,PUR_IED_SanIgnacioBosa11b_371de8,PUR_IED_SanIgnacioBosa11b_371de8,,,,,
2026-09-12T19:56:06-05:00,PUR_IED_SanIgnacioBosaExt_ef0ffc,PUR_IED_SanIgnacioBosaExt_ef0ffc,,,,,
2026-09-12T19:56:06-05:00,PUR_IED_SanIgnacioBosa_11a_50c26e,PUR_IED_SanIgnacioBosa_11a_50c26e,,,,,
2026-09-12T19:56:06-05:00,PUR_IED_SanIgnacioBosa_Ext_ef0ffc,PUR_IED_SanIgnacioBosa_Ext_ef0ffc,,,,,
2026-09-12T19:56:06-05:00,PUR_IED_SanJoseN_intS1101_31c47f,PUR_IED_SanJoseN_intS1101_31c47f,,,,,
2026-09-12T19:56:06-05:00,PUR_IED_SanJoseUsm_Exter_f5d7e8,PUR_IED_SanJoseUsm_Exter_f5d7e8,,,,,
2026-09-12T19:56:06-05:00,PUR_IED_SanJoseUsm_Int11A_cfdef6,PUR_IED_SanJoseUsm_Int11A_cfdef6,,,,,
2026-09-12T19:56:06-05:00,PUR_IED_SilveriaR_IntB5_905349,PUR_IED_SilveriaR_IntB5_905349,,,,,
2026-09-12T19:56:06-05:00,PUR_IED_SilveriaR_IntSD14_981f93,PUR_IED_SilveriaR_IntSD14_981f93,,,,,
2026-09-12T19:56:06-05:00,PUR_IED_SilveriaR_ext_2b651d,PUR_IED_SilveriaR_ext_2b651d,,,,,
2026-09-12T19:56:06-05:00,PUR_IED_SimonB_Exterior_913975,PUR_IED_SimonB_Exterior_913975,,,,,
2026-09-12T19:56:06-05:00,PUR_IED_SimonB_LabQuimi_c56908,PUR_IED_SimonB_LabQuimi_c56908,,,,,
2026-09-12T19:56:06-05:00,PUR_IED_SimonB_informatic_a28c1,PUR_IED_SimonB_informatic_a28c1,,,,,
2026-09-12T19:56:06-05:00,PUR_IED_Sorrento_1102_315f50,PUR_IED_Sorrento_1102_315f50,,,,,
2026-09-12T19:56:06-05:00,PUR_IED_Sorrento_Minte_214eab,PUR_IED_Sorrento_Minte_214eab,,,,,
2026-09-12T19:56:06-05:00,PUR_IED_Sorrento_ext_7c3a0a,PUR_IED_Sorrento_ext_7c3a0a,,,,,
2026-09-12T19:56:06-05:00,PUR_IED_Tabora_Ext_f048ae,PUR_IED_Tabora_Ext_f048ae,,,,,
2026-09-12T19:56:06-05:00,PUR_IED_Tabora_S1102_b07752,PUR_IED_Tabora_S1102_b07752,,,,,
2026-09-12T19:56:06-05:00,PUR_IED_Tabora_S1103_d988f5,PUR_IED_Tabora_S1103_d988f5,,,,,
2026-09-12T19:56:06-05:00,PUR_IED_Tenerife_Ext_1ab188,PUR_IED_Tenerife_Ext_1ab188,,,,,
2026-09-12T19:56:06-05:00,PUR_IED_Tenerife_SDanzas_7bc02e,PUR_IED_Tenerife_SDanzas_7bc02e,,,,,
2026-09-12T19:56:06-05:00,PUR_IED_Tenerife_SIngles_7cc277,PUR_IED_Tenerife_SIngles_7cc277,,,,,
2026-09-12T19:56:06-05:00,PUR_IED_Tibabuyes_Exter_f2683d,PUR_IED_Tibabuyes_Exter_f2683d,,,,,
2026-09-12T19:56:06-05:00,PUR_IED_Tibabuyes_S10_dc87a8,PUR_IED_Tibabuyes_S10_dc87a8,,,,,
2026-09-12T19:56:06-05:00,PUR_IED_Tibabuyes_S15_dc0526,PUR_IED_Tibabuyes_S15_dc0526,,,,,
2026-09-12T19:56:06-05:00,PUR_IED_UnionE_S301_a1043,PUR_IED_UnionE_S301_a1043,,,,,
2026-09-12T19:56:06-05:00,PUR_IED_UnionE_S307_ff6c2f,PUR_IED_UnionE_S307_ff6c2f,,,,,
2026-09-12T19:56:06-05:00,PUR_IED_UnionE__Ext_5e2468,PUR_IED_UnionE__Ext_5e2468,,,,,
2026-09-12T19:56:06-05:00,PUR_IED_VillaRica_Ext_75be7c,PUR_IED_VillaRica_Ext_75be7c,,,,,
2026-09-12T19:56:06-05:00,PUR_IED_VillaRica_S4_cc5dcd,PUR_IED_VillaRica_S4_cc5dcd,,,,,
2026-09-12T19:56:06-05:00,PUR_IED_VillaRica_Sesp_99f5c,PUR_IED_VillaRica_Sesp_99f5c,,,,,
2026-09-12T20:01:10-05:00,PUR_IED_20deJulio_1101_91b1b9,PUR_IED_20deJulio_1101_91b1b9,,,,,
2026-09-12T20:01:10-05:00,PUR_IED_20deJulio_1102_1cfcf9,PUR_IED_20deJulio_1102_1cfcf9,,,,,
2026-09-12T20:01:10-05:00,PUR_IED_20deJulio_Ext_ab60bd,PUR_IED_20deJulio_Ext_ab60bd,,,,,
2026-09-12T20:01:10-05:00,PUR_IED_AgustinFer_Ext_7b9b77,PUR_IED_AgustinFer_Ext_7b9b77,,,,,
2026-09-12T20:01:10-05:00,PUR_IED_AgustinFer_Info2_27b3a7,PUR_IED_AgustinFer_Info2_27b3a7,,,,,
2026-09-12T20:01:10-05:00,PUR_IED_AgustinFer_Sena_54b4eb,PUR_IED_AgustinFer_Sena_54b4eb,,,,,
2026-09-12T20:01:10-05:00,PUR_IED_AlexanderF_1102_caf07b,PUR_IED_AlexanderF_1102_caf07b,,,,,
2026-09-12T20:01:10-05:00,PUR_IED_AlexanderF_1103_c79e71,PUR_IED_AlexanderF_1103_c79e71,,,,,
2026-09-12T20:01:10-05:00,PUR_IED_AlexanderF_Ext_c5b18b,PUR_IED_AlexanderF_Ext_c5b18b,,,,,
2026-09-12T20:01:10-05:00,PUR_IED_AlfonsoLopez_Ext_281d77,PUR_IED_AlfonsoLopez_Ext_281d77,,,,,
2026-09-12T20:01:10-05:00,PUR_IED_AlfonsoLopez_LabF_888ce0,PUR_IED_AlfonsoLopez_LabF_888ce0,,,,,
2026-09-12T20:01:10-05:00,PUR_IED_AlfonsoLopez_SMed_df6a7f,PUR_IED_AlfonsoLopez_SMed_df6a7f,,,,,
2026-09-12T20:01:10-05:00,PUR_IED_AltamiraSO_A2_209f92,PUR_IED_AltamiraSO_A2_209f92,,,,,
2026-09-12T20:01:10-05:00,PUR_IED_AltamiraSO_Ext_186d66,PUR_IED_AltamiraSO_Ext_186d66,,,,,
2026-09-12T20:01:10-05:00,PUR_IED_AltamiraSO_Sistem_27afe1,PUR_IED_AltamiraSO_Sistem_27afe1,,,,,
2026-09-12T20:01:10-05:00,PUR_IED_AlvaroGom_LabQuim_813179,PUR_IED_AlvaroGom_LabQuim_813179,,,,,
2026-09-12T20:01:10-05:00,PUR_IED_AlvaroGomez_Ext_47c7ca,PUR_IED_AlvaroGomez_Ext_47c7ca,,,,,
2026-09-12T20:01:10-05:00,PUR_IED_AlvaroGomez_LabQuim_813179,PUR_IED_AlvaroGomez_LabQuim_813179,,,,,
2026-09-12T20:01:10-05:00,PUR_IED_AlvaroGomez_S23_7ba89f,PUR_IED_AlvaroGomez_S23_7ba89f,,,,,
2026-09-12T20:01:10-05:00,PUR_IED_Amistad_306_dc8728,PUR_IED_Amistad_306_dc8728,,,,,
2026-09-12T20:01:10-05:00,PUR_IED_Amistad_Ext_8cd55e,PUR_IED_Amistad_Ext_8cd55e,,,,,
2026-09-12T20:01:10-05:00,PUR_IED_Amistad_S202_a41169,PUR_IED_Amistad_S202_a41169,,,,,
2026-09-12T20:01:10-05:00,PUR_IED_AndresBello_Bio_fd5f5e,PUR_IED_AndresBello_Bio_fd5f5e,,,,,
2026-09-12T20:01:10-05:00,PUR_IED_AndresBello_ext_dcad65,PUR_IED_AndresBello_ext_dcad65,,,,,
2026-09-12T20:01:10-05:00,PUR_IED_AndresBello_port_eed3ec,PUR_IED_AndresBello_port_eed3ec,,,,,
2026-09-12T20:01:10-05:00,PUR_IED_AngelaR_11b_d90a6b,PUR_IED_AngelaR_11b_d90a6b,,,,,
2026-09-12T20:01:10-05:00,PUR_IED_AngelaR_ext_7cad3e,PUR_IED_AngelaR_ext_7cad3e,5,19,62,4.5825,-74.164497
2026-09-12T20:01:10-05:00,PUR_IED_AntJoseSucre_10mo_df2575,PUR_IED_AntJoseSucre_10mo_df2575,,,,,
2026-09-12T20:01:10-05:00,PUR_IED_AntJoseSucre_Ext_215b36,PUR_IED_AntJoseSucre_Ext_215b36,,,,,
2026-09-12T20:01:10-05:00,PUR_IED_AntJoseSucre_Lab_3139de,PUR_IED_AntJoseSucre_Lab_3139de,,,,,
2026-09-12T20:01:10-05:00,PUR_IED_AntonioGarcia_301_d6b188,PUR_IED_AntonioGarcia_301_d6b188,,,,,
2026-09-12T20:01:10-05:00,PUR_IED_AntonioGarcia_302_88a82,PUR_IED_AntonioGarcia_302_88a82,,,,,
2026-09-12T20:01:10-05:00,PUR_IED_AntonioGarcia_Ext_20950c,PUR_IED_AntonioGarcia_Ext_20950c,,,,,
2026-09-12T20:01:10-05:00,PUR_IED_AntonioVan_Aula2_6dea02,PUR_IED_AntonioVan_Aula2_6dea02,,,,,
2026-09-12T20:01:10-05:00,PUR_IED_AntonioVan_Aula5_f1557e,PUR_IED_AntonioVan_Aula5_f1557e,,,,,
2026-09-12T20:01:10-05:00,PUR_IED_AntonioVan_Ext_406f2f,PUR_IED_AntonioVan_Ext_406f2f,,,,,
2026-09-12T20:01:10-05:00,PUR_IED_Atabanzha_Ext_cc5af9,PUR_IED_Atabanzha_Ext_cc5af9,,,,,
2026-09-12T20:01:10-05:00,PUR_IED_Atabanzha_SA101_56c37,PUR_IED_Atabanzha_SA101_56c37,,,,,
2026-09-12T20:01:10-05:00,PUR_IED_Atabanzha_SB302_27b374,PUR_IED_Atabanzha_SB302_27b374,,,,,
2026-09-12T20:01:10-05:00,PUR_IED_Atahualpa_Ext_fc1748,PUR_IED_Atahualpa_Ext_fc1748,,,,,
2026-09-12T20:01:10-05:00,PUR_IED_Atahualpa_Informa_dc9a95,PUR_IED_Atahualpa_Informa_dc9a95,,,,,
2026-09-12T20:01:10-05:00,PUR_IED_Atahualpa_S1101_f98056,PUR_IED_Atahualpa_S1101_f98056,,,,,
2026-09-12T20:01:10-05:00,PUR_IED_Bellavista_Ext_f5aa74,PUR_IED_Bellavista_Ext_f5aa74,,,,,
2026-09-12T20:01:10-05:00,PUR_IED_Bilbao_11A_916c41,PUR_IED_Bilbao_11A_916c41,,,,,
2026-09-12T20:01:10-05:00,PUR_IED_Bilbao_Ext_fb579a,PUR_IED_Bilbao_Ext_fb579a,,,,,
2026-09-12T20:01:10-05:00,PUR_IED_BrasiliaU_A125_304280,PUR_IED_BrasiliaU_A125_304280,,,,,
2026-09-12T20:01:10-05:00,PUR_IED_BrasiliaU_A203_7c8ca5,PUR_IED_BrasiliaU_A203_7c8ca5,,,,,
2026-09-12T20:01:10-05:00,PUR_IED_BrasiliaU_Ext_8d6e9f,PUR_IED_BrasiliaU_Ext_8d6e9f,7,17,64,4.5175,-74.116302
2026-09-12T20:01:10-05:00,PUR_IED_Brasilia_Ext_fe6593,PUR_IED_Brasilia_Ext_fe6593,,,,,
2026-09-12T20:01:10-05:00,PUR_IED_Brasilia_S24_7c130d,PUR_IED_Brasilia_S24_7c130d,,,,,
2026-09-12T20:01:10-05:00,PUR_IED_Brasilia_S501_186a54,PUR_IED_Brasilia_S501_186a54,,,,,
2026-09-12T20:01:10-05:00,PUR_IED_CHARRY_EXT_f1d5cd,PUR_IED_CHARRY_EXT_f1d5cd,,,,,
2026-09-12T20:01:10-05:00,PUR_IED_CHARRY_INTDANZAS_7a08e6,PUR_IED_CHARRY_INTDANZAS_7a08e6,,,,,
2026-09-12T20:01:10-05:00,PUR_IED_CHARRY_INT_AULA20_dc998d,PUR_IED_CHARRY_INT_AULA20_dc998d,,,,,
2026-09-12T20:01:10-05:00,PUR_IED_COLVIV_1101_S25_7f520a,PUR_IED_COLVIV_1101_S25_7f520a,,,,,
2026-09-12T20:01:10-05:00,PUR_IED_COLVIV_1102_S16_f570ba,PUR_IED_COLVIV_1102_S16_f570ba,,,,,
2026-09-12T20:01:10-05:00,PUR_IED_COLVIV_Ext_1a26fa,PUR_IED_COLVIV_Ext_1a26fa,,,,,
2026-09-12T20:01:10-05:00,PUR_IED_CULPOP_301A_f660f3,PUR_IED_CULPOP_301A_f660f3,,,,,
2026-09-12T20:01:10-05:00,PUR_IED_CULPOP_303_568afe,PUR_IED_CULPOP_303_568afe,,,,,
2026-09-12T20:01:10-05:00,PUR_IED_CULPOP_Ext_e02ccb,PUR_IED_CULPOP_Ext_e02ccb,,,,,
2026-09-12T20:01:10-05:00,PUR_IED_CVillavicen_Ext_26eb58,PUR_IED_CVillavicen_Ext_26eb58,3,15,78,4.487,-74.102798
2026-09-12T20:01:10-05:00,PUR_IED_CVillavicen_Intel_1ce5c2,PUR_IED_CVillavicen_Intel_1ce5c2,,,,,
2026-09-12T20:01:10-05:00,PUR_IED_CVillavicen_Poliv_e0766c,PUR_IED_CVillavicen_Poliv_e0766c,,,,,
2026-09-12T20:01:10-05:00,PUR_IED_CVillavicen_int_1ba140,PUR_IED_CVillavicen_int_1ba140,,,,,
2026-09-12T20:01:10-05:00,PUR_IED_CVillavicen_intel_1ba140,PUR_IED_CVillavicen_intel_1ba140,,,,,
2026-09-12T20:01:10-05:00,PUR_IED_CarlosPizarro_Ext_e307cc,PUR_IED_CarlosPizarro_Ext_e307cc,,,,,
2026-09-12T20:01:10-05:00,PUR_IED_CarlosPizarro_L36_7e5cdb,PUR_IED_CarlosPizarro_L36_7e5cdb,,,,,
2026-09-12T20:01:10-05:00,PUR_IED_CarlosPizarro_L37_c8566c,PUR_IED_CarlosPizarro_L37_c8566c,,,,,
2026-09-12T20:01:10-05:00,PUR_IED_Castilla_Ext_cf35f,PUR_IED_Castilla_Ext_cf35f,,,,,
2026-09-12T20:01:10-05:00,PUR_IED_Castilla_SFisik_360e38,PUR_IED_Castilla_SFisik_360e38,,,,,
2026-09-12T20:01:10-05:00,PUR_IED_Castilla_Sc304_496fbf,PUR_IED_Castilla_Sc304_496fbf,,,,,
2026-09-12T20:01:10-05:00,PUR_IED_CervantesSa_Ext_6b57b,PUR_IED_CervantesSa_Ext_6b57b,5,18,67,4.5128,-74.117203
2026-09-12T20:01:10-05:00,PUR_IED_CervantesSa_S107_225c2b,PUR_IED_CervantesSa_S107_225c2b,,,,,
2026-09-12T20:01:10-05:00,PUR_IED_CervantesSa_S108_940925,PUR_IED_CervantesSa_S108_940925,,,,,
2026-09-12T20:01:10-05:00,PUR_IED_Charry_A20_f53e7c,PUR_IED_Charry_A20_f53e7c,,,,,
2026-09-12T20:01:10-05:00,PUR_IED_Charry_Ext_f1d5cd,PUR_IED_Charry_Ext_f1d5cd,,,,,
2026-09-12T20:01:10-05:00,PUR_IED_Charry_IntAula20_dc998d,PUR_IED_Charry_IntAula20_dc998d,,,,,
2026-09-12T20:01:10-05:00,PUR_IED_Charry_IntDanzas_7a08e6,PUR_IED_Charry_IntDanzas_7a08e6,,,,,
2026-09-12T20:01:10-05:00,PUR_IED_ClememciaC_203_43e2fc,PUR_IED_ClememciaC_203_43e2fc,,,,,
2026-09-12T20:01:10-05:00,PUR_IED_ClememciaC_Ext_1b411a,PUR_IED_ClememciaC_Ext_1b411a,,,,,
2026-09-12T20:01:10-05:00,PUR_IED_ClememciaC_Quimic_44b5fc,PUR_IED_ClememciaC_Quimic_44b5fc,,,,,
2026-09-12T20:01:10-05:00,PUR_IED_ClemenciaC_203_43e2fc,PUR_IED_ClemenciaC_203_43e2fc,,,,,
2026-09-12T20:01:10-05:00,PUR_IED_ClemenciaC_Ext_1b411a,PUR_IED_ClemenciaC_Ext_1b411a,,,,,
2026-09-12T20:01:10-05:00,PUR_IED_ClemenciaC_Quimic_44b5fc,PUR_IED_ClemenciaC_Quimic_44b5fc,,,,,
2026-09-12T20:01:10-05:00,PUR_IED_ColViva_1101_S25_7f520a,PUR_IED_ColViva_1101_S25_7f520a,,,,,
2026-09-12T20:01:10-05:00,PUR_IED_ColViva_1102_S16_f570ba,PUR_IED_ColViva_1102_S16_f570ba,,,,,
2026-09-12T20:01:10-05:00,PUR_IED_ColViva_Ext_1a26fa,PUR_IED_ColViva_Ext_1a26fa,,,,,
2026-09-12T20:01:10-05:00,PUR_IED_ColegioBici_Asist_7c8798,PUR_IED_ColegioBici_Asist_7c8798,,,,,
2026-09-12T20:01:10-05:00,PUR_IED_ColegioBici_Ext_25cbf6,PUR_IED_ColegioBici_Ext_25cbf6,,,,,
2026-09-12T20:01:10-05:00,PUR_IED_ColegioBici_LabQ_7b57db,PUR_IED_ColegioBici_LabQ_7b57db,,,,,
2026-09-12T20:01:10-05:00,PUR_IED_CostaRica_Ext_5e640,PUR_IED_CostaRica_Ext_5e640,,,,,
2026-09-12T20:01:10-05:00,PUR_IED_CostaRica_Quim1_766d1c,PUR_IED_CostaRica_Quim1_766d1c,,,,,
2026-09-12T20:01:10-05:00,PUR_IED_CostaRica__Fisica_6f0873,PUR_IED_CostaRica__Fisica_6f0873,,,,,
2026-09-12T20:01:10-05:00,PUR_IED_CulPopu_301A_f660f3,PUR_IED_CulPopu_301A_f660f3,,,,,
2026-09-12T20:01:10-05:00,PUR_IED_CulPopu_303_568afe,PUR_IED_CulPopu_303_568afe,,,,,
2026-09-12T20:01:10-05:00,PUR_IED_CulPopu_Ext_e02ccb,PUR_IED_CulPopu_Ext_e02ccb,,,,,
2026-09-12T20:01:10-05:00,PUR_IED_Cundinamarca_Ext_f15985,PUR_IED_Cundinamarca_Ext_f15985,,,,,
2026-09-12T20:01:10-05:00,PUR_IED_Cundinamarca_Info_7aa5d7,PUR_IED_Cundinamarca_Info_7aa5d7,,,,,
2026-09-12T20:01:10-05:00,PUR_IED_Cundinamarca_Tec2_f449c7,PUR_IED_Cundinamarca_Tec2_f449c7,,,,,
2026-09-12T20:01:10-05:00,PUR_IED_DiegoM_Aula1_27b314,PUR_IED_DiegoM_Aula1_27b314,,,,,
2026-09-12T20:01:10-05:00,PUR_IED_DiegoM_Ext_d80ac8,PUR_IED_DiegoM_Ext_d80ac8,,,,,
2026-09-12T20:01:10-05:00,PUR_IED_DiegoM_S25_da928f,PUR_IED_DiegoM_S25_da928f,,,,,
2026-09-12T20:01:10-05:00,PUR_IED_ELRODEO_360881,PUR_IED_ELRODEO_360881,,,,,
2026-09-12T20:01:10-05:00,PUR_IED_ELRODEO_ext_360881,PUR_IED_ELRODEO_ext_360881,,,,,
2026-09-12T20:01:10-05:00,PUR_IED_EduardoU_Ext_1c1969,PUR_IED_EduardoU_Ext_1c1969,,,,,
2026-09-12T20:01:10-05:00,PUR_IED_EduardoU_SCiencia_4dfb94,PUR_IED_EduardoU_SCiencia_4dfb94,,,,,
2026-09-12T20:01:10-05:00,PUR_IED_EduardoU_SQuimica_5a46e7,PUR_IED_EduardoU_SQuimica_5a46e7,,,,,
2026-09-12T20:01:10-05:00,PUR_IED_ElRodeo_Aula14_676984,PUR_IED_ElRodeo_Aula14_676984,,,,,
2026-09-12T20:01:10-05:00,PUR_IED_ElRodeo_Aula16_2dd35b,PUR_IED_ElRodeo_Aula16_2dd35b,,,,,
2026-09-12T20:01:10-05:00,PUR_IED_ElRodeo_Ext_360881,PUR_IED_ElRodeo_Ext_360881,,,,,
2026-09-12T20:01:10-05:00,PUR_IED_ElRodeo_Exterior_8c6d28,PUR_IED_ElRodeo_Exterior_8c6d28,,,,,
2026-09-12T20:01:10-05:00,PUR_IED_ElRodeo_ext_360881,PUR_IED_ElRodeo_ext_360881,,,,,
2026-09-12T20:01:10-05:00,PUR_IED_EmmaReyes_Ext_987625,PUR_IED_EmmaReyes_Ext_987625,4,21,51,4.6367,-74.1511
2026-09-12T20:01:10-05:00,PUR_IED_Ensueño_Ext_7f0250,PUR_IED_Ensueño_Ext_7f0250,,,,,
2026-09-12T20:01:10-05:00,PUR_IED_EscNormal_Ext_5fef3b,PUR_IED_EscNormal_Ext_5fef3b,2,19,59,4.5852,-74.096901
2026-09-12T20:01:10-05:00,PUR_IED_EscNormal_S309_5b263,PUR_IED_EscNormal_S309_5b263,,,,,
2026-09-12T20:01:10-05:00,PUR_IED_EscNormal_S310_27b3b8,PUR_IED_EscNormal_S310_27b3b8,,,,,
2026-09-12T20:01:10-05:00,PUR_IED_Evangelista_Conta_f6cd4f,PUR_IED_Evangelista_Conta_f6cd4f,,,,,
2026-09-12T20:01:10-05:00,PUR_IED_Evangelista_Cri_5e16a,PUR_IED_Evangelista_Cri_5e16a,,,,,
2026-09-12T20:01:10-05:00,PUR_IED_Evangelista_Exter_754066,PUR_IED_Evangelista_Exter_754066,,,,,
2026-09-12T20:01:10-05:00,PUR_IED_FMiranda_S209_5cc2a3,PUR_IED_FMiranda_S209_5cc2a3,,,,,
2026-09-12T20:01:10-05:00,PUR_IED_FMiranda_S303_19e344,PUR_IED_FMiranda_S303_19e344,,,,,
2026-09-12T20:01:10-05:00,PUR_IED_FMiranda_ext_f53e7c,PUR_IED_FMiranda_ext_f53e7c,,,,,
2026-09-12T20:01:10-05:00,PUR_IED_FabioLozano_Bibli_1cee05,PUR_IED_FabioLozano_Bibli_1cee05,,,,,
2026-09-12T20:01:10-05:00,PUR_IED_FabioLozano_Ext_6ea285,PUR_IED_FabioLozano_Ext_6ea285,,,,,
2026-09-12T20:01:10-05:00,PUR_IED_FabioLozano_SLudi_f09e1e,PUR_IED_FabioLozano_SLudi_f09e1e,,,,,
2026-09-12T20:01:10-05:00,PUR_IED_FaustinoS_Aula07_27a731,PUR_IED_FaustinoS_Aula07_27a731,,,,,
2026-09-12T20:01:10-05:00,PUR_IED_FaustinoS_Ext_7b936f,PUR_IED_FaustinoS_Ext_7b936f,,,,,
2026-09-12T20:01:10-05:00,PUR_IED_FaustinoS_Fisica_da2c60,PUR_IED_FaustinoS_Fisica_da2c60,,,,,
2026-09-12T20:01:10-05:00,PUR_IED_FeGarciaLo_Ext_dc68ee,PUR_IED_FeGarciaLo_Ext_dc68ee,,,,,
2026-09-12T20:01:10-05:00,PUR_IED_FeGarciaLo_SDanza_f70a59,PUR_IED_FeGarciaLo_SDanza_f70a59,,,,,
2026-09-12T20:01:10-05:00,PUR_IED_FeGarciaLo_SMusic_125cdd,PUR_IED_FeGarciaLo_SMusic_125cdd,,,,,
2026-09-12T20:01:10-05:00,PUR_IED_FederalAlema_Exte_50c345,PUR_IED_FederalAlema_Exte_50c345,,,,,
2026-09-12T20:01:10-05:00,PUR_IED_FederalAlema_S31_f18371,PUR_IED_FederalAlema_S31_f18371,,,,,
2026-09-12T20:01:10-05:00,PUR_IED_FederalAlema_S901_a62cd,PUR_IED_FederalAlema_S901_a62cd,,,,,
2026-09-12T20:01:10-05:00,PUR_IED_FilarmonicaS_A5_f35eb1,PUR_IED_FilarmonicaS_A5_f35eb1,,,,,
2026-09-12T20:01:10-05:00,PUR_IED_FilarmonicaS_Ext_8a3bde,PUR_IED_FilarmonicaS_Ext_8a3bde,,,,,
2026-09-12T20:01:10-05:00,PUR_IED_FilarmonicaS_Spol_406114,PUR_IED_FilarmonicaS_Spol_406114,,,,,
2026-09-12T20:01:10-05:00,PUR_IED_FlorentinoG_A13_d1fa59,PUR_IED_FlorentinoG_A13_d1fa59,,,,,
2026-09-12T20:01:10-05:00,PUR_IED_FlorentinoG_Ext_1ce6ce,PUR_IED_FlorentinoG_Ext_1ce6ce,,,,,
2026-09-12T20:01:10-05:00,PUR_IED_FlorentinoG_Idiom_a66aac,PUR_IED_FlorentinoG_Idiom_a66aac,,,,,
2026-09-12T20:01:10-05:00,PUR_IED_FranciscoMati_Ext_e3869d,PUR_IED_FranciscoMati_Ext_e3869d,,,,,
2026-09-12T20:01:10-05:00,PUR_IED_FranciscoMati_S13_f31c67,PUR_IED_FranciscoMati_S13_f31c67,,,,,
2026-09-12T20:01:10-05:00,PUR_IED_FranciscoMati_S14_97dead,PUR_IED_FranciscoMati_S14_97dead,,,,,
2026-09-12T20:01:10-05:00,PUR_IED_FranciscoPS_Ext_7bfa9a,PUR_IED_FranciscoPS_Ext_7bfa9a,2,20,59,4.5899,-74.110397
2026-09-12T20:01:10-05:00,PUR_IED_FranciscoPS_Infor_fb8f4c,PUR_IED_FranciscoPS_Infor_fb8f4c,,,,,
2026-09-12T20:01:10-05:00,PUR_IED_FranciscoPS_Quimi_94d39c,PUR_IED_FranciscoPS_Quimi_94d39c,,,,,
2026-09-12T20:01:10-05:00,PUR_IED_FranciscoP_LabQ_d7e148,PUR_IED_FranciscoP_LabQ_d7e148,,,,,
2026-09-12T20:01:10-05:00,PUR_IED_FranciscoP_S28_cf9b30,PUR_IED_FranciscoP_S28_cf9b30,,,,,
2026-09-12T20:01:10-05:00,PUR_IED_FranciscoP_ext_e2313,PUR_IED_FranciscoP_ext_e2313,,,,,
2026-09-12T20:01:10-05:00,PUR_IED_FriederichN_Ext_8ac92a,PUR_IED_FriederichN_Ext_8ac92a,,,,,
2026-09-12T20:01:10-05:00,PUR_IED_FriederichN_S301_dd7e5a,PUR_IED_FriederichN_S301_dd7e5a,,,,,
2026-09-12T20:01:10-05:00,PUR_IED_FriederichN_S308_761f4f,PUR_IED_FriederichN_S308_761f4f,,,,,
2026-09-12T20:01:10-05:00,PUR_IED_GSantander_Aula10_533dd7,PUR_IED_GSantander_Aula10_533dd7,,,,,
2026-09-12T20:01:10-05:00,PUR_IED_GSantander_Aula12_fd4e4f,PUR_IED_GSantander_Aula12_fd4e4f,,,,,
2026-09-12T20:01:10-05:00,PUR_IED_GSantander_Aula310_533dd7,PUR_IED_GSantander_Aula310_533dd7,,,,,
2026-09-12T20:01:10-05:00,PUR_IED_GSantander_Aula312_fd4e4f,PUR_IED_GSantander_Aula312_fd4e4f,,,,,
2026-09-12T20:01:10-05:00,PUR_IED_GSantander_Ext_5f66b0,PUR_IED_GSantander_Ext_5f66b0,,,,,
2026-09-12T20:01:10-05:00,PUR_IED_GYomasa_Ext_f6bea5,PUR_IED_GYomasa_Ext_f6bea5,,,,,
2026-09-12T20:01:10-05:00,PUR_IED_GYomasa_LBiol_2c41aa,PUR_IED_GYomasa_LBiol_2c41aa,,,,,
2026-09-12T20:01:10-05:00,PUR_IED_GYomasa_LQuim_33c80,PUR_IED_GYomasa_LQuim_33c80,,,,,
2026-09-12T20:01:10-05:00,PUR_IED_GabBetMejia_Cienc_5a99c,PUR_IED_GabBetMejia_Cienc_5a99c,,,,,
2026-09-12T20:01:10-05:00,PUR_IED_GabBetMejia_Ext_9153d0,PUR_IED_GabBetMejia_Ext_9153d0,,,,,
2026-09-12T20:01:10-05:00,PUR_IED_GabBetMejia_Lab_f55347,PUR_IED_GabBetMejia_Lab_f55347,,,,,
2026-09-12T20:01:10-05:00,PUR_IED_GabBetanMejia_Ext_9153d0,PUR_IED_GabBetanMejia_Ext_9153d0,,,,,
2026-09-12T20:01:10-05:00,PUR_IED_Gaitana_Aula13_7aac11,PUR_IED_Gaitana_Aula13_7aac11,,,,,
2026-09-12T20:01:10-05:00,PUR_IED_Gaitana_Ext_5fcf4,PUR_IED_Gaitana_Ext_5fcf4,,,,,
2026-09-12T20:01:10-05:00,PUR_IED_Gaitana_LabFisica_644448,PUR_IED_Gaitana_LabFisica_644448,,,,,
2026-09-12T20:01:10-05:00,PUR_IED_GenSantander_Dise_8ac858,PUR_IED_GenSantander_Dise_8ac858,,,,,
2026-09-12T20:01:10-05:00,PUR_IED_GenSantander_Ext_8d5dfe,PUR_IED_GenSantander_Ext_8d5dfe,,,,,
2026-09-12T20:01:10-05:00,PUR_IED_GenSantander_Info_6c25b,PUR_IED_GenSantander_Info_6c25b,,,,,
2026-09-12T20:01:10-05:00,PUR_IED_GustavoMo_Exterio_75e63d,PUR_IED_GustavoMo_Exterio_75e63d,,,,,
2026-09-12T20:01:10-05:00,PUR_IED_GustavoMo_LabFisi_224d37,PUR_IED_GustavoMo_LabFisi_224d37,,,,,
2026-09-12T20:01:10-05:00,PUR_IED_GustavoMo_S208_3e6918,PUR_IED_GustavoMo_S208_3e6918,,,,,
2026-09-12T20:01:10-05:00,PUR_IED_GustavoR_A02_8cd4a8,PUR_IED_GustavoR_A02_8cd4a8,,,,,
2026-09-12T20:01:10-05:00,PUR_IED_GustavoR_B11_5b0ed,PUR_IED_GustavoR_B11_5b0ed,,,,,
2026-09-12T20:01:10-05:00,PUR_IED_GustavoR_Ext_7a0c90,PUR_IED_GustavoR_Ext_7a0c90,,,,,
2026-09-12T20:01:10-05:00,PUR_IED_HernandoDuran_Ext_8cd82b,PUR_IED_HernandoDuran_Ext_8cd82b,,,,,
2026-09-12T20:01:10-05:00,PUR_IED_HernandoDuran_S24_2772c6,PUR_IED_HernandoDuran_S24_2772c6,,,,,
2026-09-12T20:01:10-05:00,PUR_IED_HernandoDuran_S30_f2de41,PUR_IED_HernandoDuran_S30_f2de41,,,,,
2026-09-12T20:01:10-05:00,PUR_IED_HolguInUr_S1101_8cd732,PUR_IED_HolguInUr_S1101_8cd732,,,,,
2026-09-12T20:01:10-05:00,PUR_IED_HolguinUr_Exter_ddae6d,PUR_IED_HolguinUr_Exter_ddae6d,,,,,
2026-09-12T20:01:10-05:00,PUR_IED_HolguinUr_LabQuim_92b952,PUR_IED_HolguinUr_LabQuim_92b952,,,,,
2026-09-12T20:01:10-05:00,PUR_IED_Isabel-II_Ext_5245cc,PUR_IED_Isabel-II_Ext_5245cc,5,20,56,4.6336,-74.153
2026-09-12T20:01:10-05:00,PUR_IED_Isabel-II_S_idiom_1c29aa,PUR_IED_Isabel-II_S_idiom_1c29aa,,,,,
2026-09-12T20:01:10-05:00,PUR_IED_Isabel-II_S_infor_fd741,PUR_IED_Isabel-II_S_infor_fd741,,,,,
2026-09-12T20:01:10-05:00,PUR_IED_IsidroSur_Exterio_5b90ea,PUR_IED_IsidroSur_Exterio_5b90ea,,,,,
2026-09-12T20:01:10-05:00,PUR_IED_IsidroSur_LabTec_56697a,PUR_IED_IsidroSur_LabTec_56697a,,,,,
2026-09-12T20:01:10-05:00,PUR_IED_IsidroSur_Robotic_b7c38f,PUR_IED_IsidroSur_Robotic_b7c38f,,,,,
2026-09-12T20:01:10-05:00,PUR_IED_IsmaelPerd_Ext_7b6672,PUR_IED_IsmaelPerd_Ext_7b6672,,,,,
2026-09-12T20:01:10-05:00,PUR_IED_IsmaelPerd_Inform_306540,PUR_IED_IsmaelPerd_Inform_306540,,,,,
2026-09-12T20:01:10-05:00,PUR_IED_IsmaelPerd_S30_2e2c83,PUR_IED_IsmaelPerd_S30_2e2c83,,,,,
2026-09-12T20:01:10-05:00,PUR_IED_JLozano_Exter_432910,PUR_IED_JLozano_Exter_432910,,,,,
2026-09-12T20:01:10-05:00,PUR_IED_JLozano_salaMulti_df5125,PUR_IED_JLozano_salaMulti_df5125,,,,,
2026-09-12T20:01:10-05:00,PUR_IED_JMCordoba_206_86f80b,PUR_IED_JMCordoba_206_86f80b,,,,,
2026-09-12T20:01:10-05:00,PUR_IED_JMCordoba_Ext_27ad97,PUR_IED_JMCordoba_Ext_27ad97,,,,,
2026-09-12T20:01:10-05:00,PUR_IED_JMCordoba_S310_d59ab4,PUR_IED_JMCordoba_S310_d59ab4,,,,,
2026-09-12T20:01:10-05:00,PUR_IED_Japon_Ext_549100,PUR_IED_Japon_Ext_549100,,,,,
2026-09-12T20:01:10-05:00,PUR_IED_Japon_Laboratorio_bec51d,PUR_IED_Japon_Laboratorio_bec51d,,,,,
2026-09-12T20:01:10-05:00,PUR_IED_Japon_informatica_d99327,PUR_IED_Japon_informatica_d99327,,,,,
2026-09-12T20:01:10-05:00,PUR_IED_Jazmin_Ext_d27bda,PUR_IED_Jazmin_Ext_d27bda,,,,,
2026-09-12T20:01:10-05:00,PUR_IED_Jazmin_Fisica_8d14d7,PUR_IED_Jazmin_Fisica_8d14d7,,,,,
2026-09-12T20:01:10-05:00,PUR_IED_Jazmin_Quimica_801cb5,PUR_IED_Jazmin_Quimica_801cb5,,,,,
2026-09-12T20:01:10-05:00,PUR_IED_JorgeGaitan_Exter_f098d1,PUR_IED_JorgeGaitan_Exter_f098d1,,,,,
2026-09-12T20:01:10-05:00,PUR_IED_JorgeGaitan_STec1_dc9d1d,PUR_IED_JorgeGaitan_STec1_dc9d1d,,,,,
2026-09-12T20:01:10-05:00,PUR_IED_JorgeGaitan_STec2_281e69,PUR_IED_JorgeGaitan_STec2_281e69,,,,,
2026-09-12T20:01:10-05:00,PUR_IED_JorgeSoto_Exterio_d9d0a2,PUR_IED_JorgeSoto_Exterio_d9d0a2,,,,,
2026-09-12T20:01:10-05:00,PUR_IED_JorgeSoto_LabFisi_209c54,PUR_IED_JorgeSoto_LabFisi_209c54,,,,,
2026-09-12T20:01:10-05:00,PUR_IED_JorgeSoto_S103_27b51a,PUR_IED_JorgeSoto_S103_27b51a,,,,,
2026-09-12T20:01:10-05:00,PUR_IED_JoseAcevedo_A02_e965eb,PUR_IED_JoseAcevedo_A02_e965eb,,,,,
2026-09-12T20:01:10-05:00,PUR_IED_JoseAcevedo_A07_dd5b4,PUR_IED_JoseAcevedo_A07_dd5b4,,,,,
2026-09-12T20:01:10-05:00,PUR_IED_JoseAcevedo_Ext_b47484,PUR_IED_JoseAcevedo_Ext_b47484,,,,,
2026-09-12T20:01:10-05:00,PUR_IED_JoseMarti_Exte_5b9bf,PUR_IED_JoseMarti_Exte_5b9bf,,,,,
2026-09-12T20:01:10-05:00,PUR_IED_JoseMarti_LabQuim_1c6c2d,PUR_IED_JoseMarti_LabQuim_1c6c2d,,,,,
2026-09-12T20:01:10-05:00,PUR_IED_JoseMarti_S_info_f5f177,PUR_IED_JoseMarti_S_info_f5f177,,,,,
2026-09-12T20:01:10-05:00,PUR_IED_Josejoaquin_Ext_dfc5dc,PUR_IED_Josejoaquin_Ext_dfc5dc,,,,,
2026-09-12T20:01:10-05:00,PUR_IED_Josejoaquin_S05_5b2a96,PUR_IED_Josejoaquin_S05_5b2a96,,,,,
2026-09-12T20:01:10-05:00,PUR_IED_Josejoaquin_S06_1ce7d2,PUR_IED_Josejoaquin_S06_1ce7d2,,,,,
2026-09-12T20:01:10-05:00,PUR_IED_JulioFlorez_Danza_9b82dd,PUR_IED_JulioFlorez_Danza_9b82dd,,,,,
2026-09-12T20:01:10-05:00,PUR_IED_JulioFlorez_Exter_f9f314,PUR_IED_JulioFlorez_Exter_f9f314,,,,,
2026-09-12T20:01:10-05:00,PUR_IED_JulioFlorez_info2_6b6e08,PUR_IED_JulioFlorez_info2_6b6e08,,,,,
2026-09-12T20:01:10-05:00,PUR_IED_LaBelleza_Aula13_1d00d8,PUR_IED_LaBelleza_Aula13_1d00d8,,,,,
2026-09-12T20:01:10-05:00,PUR_IED_LaBelleza_Ext_7bc08c,PUR_IED_LaBelleza_Ext_7bc08c,,,,,
2026-09-12T20:01:10-05:00,PUR_IED_LaChucua_Ext_8cd6d2,PUR_IED_LaChucua_Ext_8cd6d2,,,,,
2026-09-12T20:01:10-05:00,PUR_IED_LaChucua_S15_f578ce,PUR_IED_LaChucua_S15_f578ce,,,,,
2026-09-12T20:01:10-05:00,PUR_IED_LaChucua_S16_eebcf9,PUR_IED_LaChucua_S16_eebcf9,,,,,
2026-09-12T20:01:10-05:00,PUR_IED_LaFelicidad_Ext_fb5109,PUR_IED_LaFelicidad_Ext_fb5109,,,,,
2026-09-12T20:01:10-05:00,PUR_IED_LaMerced_206_66ebd,PUR_IED_LaMerced_206_66ebd,,,,,
2026-09-12T20:01:10-05:00,PUR_IED_LaMerced_207_6ebd6,PUR_IED_LaMerced_207_6ebd6,,,,,
2026-09-12T20:01:10-05:00,PUR_IED_LaMerced_ext_304311,PUR_IED_LaMerced_ext_304311,,,,,
2026-09-12T20:01:10-05:00,PUR_IED_Laureano_CiencNat_281e5e,PUR_IED_Laureano_CiencNat_281e5e,,,,,
2026-09-12T20:01:10-05:00,PUR_IED_Laureano_Comedor_f65c0a,PUR_IED_Laureano_Comedor_f65c0a,,,,,
2026-09-12T20:01:10-05:00,PUR_IED_Laureano_Exterior_7ab011,PUR_IED_Laureano_Exterior_7ab011,,,,,
2026-09-12T20:01:10-05:00,PUR_IED_LeonGreiff_Exte_dfe560,PUR_IED_LeonGreiff_Exte_dfe560,,,,,
2026-09-12T20:01:10-05:00,PUR_IED_LeonGreiff_S210_f264ed,PUR_IED_LeonGreiff_S210_f264ed,,,,,
2026-09-12T20:01:10-05:00,PUR_IED_LeonGreiff_SQuimi_e8296f,PUR_IED_LeonGreiff_SQuimi_e8296f,,,,,
2026-09-12T20:01:10-05:00,PUR_IED_LlanoOrientalS208_7b9fcd,PUR_IED_LlanoOrientalS208_7b9fcd,,,,,
2026-09-12T20:01:10-05:00,PUR_IED_LlanoOriental_Ext_fb3766,PUR_IED_LlanoOriental_Ext_fb3766,,,,,
2026-09-12T20:01:10-05:00,PUR_IED_LlanoOriental_S208_7b9fcd,PUR_IED_LlanoOriental_S208_7b9fcd,,,,,
2026-09-12T20:01:10-05:00,PUR_IED_LlanoOriental_S9_27b378,PUR_IED_LlanoOriental_S9_27b378,,,,,
2026-09-12T20:01:10-05:00,PUR_IED_LosTejares_1101_477602,PUR_IED_LosTejares_1101_477602,,,,,
2026-09-12T20:01:10-05:00,PUR_IED_LosTejares_11_d2c595,PUR_IED_LosTejares_11_d2c595,,,,,
2026-09-12T20:01:10-05:00,PUR_IED_LosTejares_12_477602,PUR_IED_LosTejares_12_477602,,,,,
2026-09-12T20:01:10-05:00,PUR_IED_LosTejares_Ext_8e2115,PUR_IED_LosTejares_Ext_8e2115,,,,,
2026-09-12T20:01:10-05:00,PUR_IED_MagdalenaO_B202_5ddda3,PUR_IED_MagdalenaO_B202_5ddda3,,,,,
2026-09-12T20:01:10-05:00,PUR_IED_MagdalenaO_B205_fb76e8,PUR_IED_MagdalenaO_B205_fb76e8,,,,,
2026-09-12T20:01:10-05:00,PUR_IED_MagdalenaO_ext_dc69cd,PUR_IED_MagdalenaO_ext_dc69cd,,,,,
2026-09-12T20:01:10-05:00,PUR_IED_ManueCepeda_artes_eee956,PUR_IED_ManueCepeda_artes_eee956,,,,,
2026-09-12T20:01:10-05:00,PUR_IED_ManuelCepeda_Ext_58313,PUR_IED_ManuelCepeda_Ext_58313,,,,,
2026-09-12T20:01:10-05:00,PUR_IED_ManuelCepeda_tec_1c5731,PUR_IED_ManuelCepeda_tec_1c5731,,,,,
2026-09-12T20:01:10-05:00,PUR_IED_ManuelS_Exterior_5b269,PUR_IED_ManuelS_Exterior_5b269,,,,,
2026-09-12T20:01:10-05:00,PUR_IED_ManuelS_Inform_f369ce,PUR_IED_ManuelS_Inform_f369ce,,,,,
2026-09-12T20:01:10-05:00,PUR_IED_ManuelS_SArtes_7d15f1,PUR_IED_ManuelS_SArtes_7d15f1,,,,,
2026-09-12T20:01:10-05:00,PUR_IED_ManuelZapata_303_3ca6,PUR_IED_ManuelZapata_303_3ca6,,,,,
2026-09-12T20:01:10-05:00,PUR_IED_ManuelZapata_311_bfbabc,PUR_IED_ManuelZapata_311_bfbabc,,,,,
2026-09-12T20:01:10-05:00,PUR_IED_ManuelZapata_Ext_50824a,PUR_IED_ManuelZapata_Ext_50824a,,,,,
2026-09-12T20:01:10-05:00,PUR_IED_ManuelitaS_Exteri_656a92,PUR_IED_ManuelitaS_Exteri_656a92,,,,,
2026-09-12T20:01:10-05:00,PUR_IED_ManuelitaS_JuzgDe_f58ec3,PUR_IED_ManuelitaS_JuzgDe_f58ec3,,,,,
2026-09-12T20:01:10-05:00,PUR_IED_ManuelitaS_Recrea_d793db,PUR_IED_ManuelitaS_Recrea_d793db,,,,,
2026-09-12T20:01:10-05:00,PUR_IED_MarFidSuarez_Ext_c27b19,PUR_IED_MarFidSuarez_Ext_c27b19,,,,,
2026-09-12T20:01:10-05:00,PUR_IED_MarFidSuarez_Info_e384d7,PUR_IED_MarFidSuarez_Info_e384d7,,,,,
2026-09-12T20:01:10-05:00,PUR_IED_MarFidSuarez_S306_1d0032,PUR_IED_MarFidSuarez_S306_1d0032,,,,,
2026-09-12T20:01:10-05:00,PUR_IED_Menorah_301_2a25a3,PUR_IED_Menorah_301_2a25a3,,,,,
2026-09-12T20:01:10-05:00,PUR_IED_Menorah_306_37ed3,PUR_IED_Menorah_306_37ed3,,,,,
2026-09-12T20:01:10-05:00,PUR_IED_Menorah_Ext_3e155b,PUR_IED_Menorah_Ext_3e155b,,,,,
2026-09-12T20:01:10-05:00,PUR_IED_MinutoB.Aires_A11_1b1604,PUR_IED_MinutoB.Aires_A11_1b1604,,,,,
2026-09-12T20:01:10-05:00,PUR_IED_MinutoB.Aires_A12_fb5860,PUR_IED_MinutoB.Aires_A12_fb5860,,,,,
2026-09-12T20:01:10-05:00,PUR_IED_MinutoB.Aires_Ext_81293f,PUR_IED_MinutoB.Aires_Ext_81293f,,,,,
2026-09-12T20:01:10-05:00,PUR_IED_MinutoBAires_A11_1b1604,PUR_IED_MinutoBAires_A11_1b1604,,,,,
2026-09-12T20:01:10-05:00,PUR_IED_MinutoBAires_A12_fb5860,PUR_IED_MinutoBAires_A12_fb5860,,,,,
2026-09-12T20:01:10-05:00,PUR_IED_MinutoBAires_Ext_81293f,PUR_IED_MinutoBAires_Ext_81293f,,,,,
2026-09-12T20:01:10-05:00,PUR_IED_Montreal_Aula10_1e4959,PUR_IED_Montreal_Aula10_1e4959,,,,,
2026-09-12T20:01:10-05:00,PUR_IED_Montreal_Aula6_300367,PUR_IED_Montreal_Aula6_300367,,,,,
2026-09-12T20:01:10-05:00,PUR_IED_Montreal_Exterior_91a179,PUR_IED_Montreal_Exterior_91a179,,,,,
2026-09-12T20:01:10-05:00,PUR_IED_Mqgdalena_B202_5ddda3,PUR_IED_Mqgdalena_B202_5ddda3,,,,,
2026-09-12T20:01:10-05:00,PUR_IED_NACUND_Soc_dc8728,PUR_IED_NACUND_Soc_dc8728,,,,,
2026-09-12T20:01:10-05:00,PUR_IED_NACUND_ext_27ad97,PUR_IED_NACUND_ext_27ad97,,,,,
2026-09-12T20:01:10-05:00,PUR_IED_NEsperanza_Ext_d24b61,PUR_IED_NEsperanza_Ext_d24b61,,,,,
2026-09-12T20:01:10-05:00,PUR_IED_NEsperanza_SElect_7d1807,PUR_IED_NEsperanza_SElect_7d1807,,,,,
2026-09-12T20:01:10-05:00,PUR_IED_NEsperanza_SLabor_8b2d0a,PUR_IED_NEsperanza_SLabor_8b2d0a,,,,,
2026-09-12T20:01:10-05:00,PUR_IED_NacionesU_Ext_f661a9,PUR_IED_NacionesU_Ext_f661a9,,,,,
2026-09-12T20:01:10-05:00,PUR_IED_NacionesU_Quimica_66f0a,PUR_IED_NacionesU_Quimica_66f0a,,,,,
2026-09-12T20:01:10-05:00,PUR_IED_NacionesU_S306_1b4b3d,PUR_IED_NacionesU_S306_1b4b3d,,,,,
2026-09-12T20:01:10-05:00,PUR_IED_NestorFA_Ext_e4201c,PUR_IED_NestorFA_Ext_e4201c,,,,,
2026-09-12T20:01:10-05:00,PUR_IED_NestorFA_Laborato_f22fe0,PUR_IED_NestorFA_Laborato_f22fe0,,,,,
2026-09-12T20:01:10-05:00,PUR_IED_NestorFA_S204_dee996,PUR_IED_NestorFA_S204_dee996,,,,,
2026-09-12T20:01:10-05:00,PUR_IED_NidyaQT_Aula03_76999b,PUR_IED_NidyaQT_Aula03_76999b,,,,,
2026-09-12T20:01:10-05:00,PUR_IED_NidyaQT_Aula10_56325,PUR_IED_NidyaQT_Aula10_56325,,,,,
2026-09-12T20:01:10-05:00,PUR_IED_NidyaQT_Ext_46e32d,PUR_IED_NidyaQT_Ext_46e32d,,,,,
2026-09-12T20:01:10-05:00,PUR_IED_NuevaCol_Exterior_d9b859,PUR_IED_NuevaCol_Exterior_d9b859,,,,,
2026-09-12T20:01:10-05:00,PUR_IED_NuevaCol_S1101_76c43b,PUR_IED_NuevaCol_S1101_76c43b,,,,,
2026-09-12T20:01:10-05:00,PUR_IED_NuevaCol_S1102_1ce0b5,PUR_IED_NuevaCol_S1102_1ce0b5,,,,,
2026-09-12T20:01:10-05:00,PUR_IED_OEA_A202_f7e3f2,PUR_IED_OEA_A202_f7e3f2,,,,,
2026-09-12T20:01:10-05:00,PUR_IED_OEA_A203_7d1b8d,PUR_IED_OEA_A203_7d1b8d,,,,,
2026-09-12T20:01:10-05:00,PUR_IED_OEA_Ext_27b593,PUR_IED_OEA_Ext_27b593,,,,,
2026-09-12T20:01:10-05:00,PUR_IED_Ochoa_Ext_1c29da,PUR_IED_Ochoa_Ext_1c29da,,,,,
2026-09-12T20:01:10-05:00,PUR_IED_Ochoa_S205_8b1121,PUR_IED_Ochoa_S205_8b1121,,,,,
2026-09-12T20:01:10-05:00,PUR_IED_Ochoa_Sistemas_f33af6,PUR_IED_Ochoa_Sistemas_f33af6,,,,,
2026-09-12T20:01:10-05:00,PUR_IED_PQuebec_Ext_1c67c7,PUR_IED_PQuebec_Ext_1c67c7,,,,,
2026-09-12T20:01:10-05:00,PUR_IED_PQuebec_S15_23e8e2,PUR_IED_PQuebec_S15_23e8e2,,,,,
2026-09-12T20:01:10-05:00,PUR_IED_PQuebec_S16_8ec76b,PUR_IED_PQuebec_S16_8ec76b,,,,,
2026-09-12T20:01:10-05:00,PUR_IED_PabloN_Ext_49dc96,PUR_IED_PabloN_Ext_49dc96,,,,,
2026-09-12T20:01:10-05:00,PUR_IED_PabloN_S1102_4e3df5,PUR_IED_PabloN_S1102_4e3df5,,,,,
2026-09-12T20:01:10-05:00,PUR_IED_PabloN_S1103_50c94b,PUR_IED_PabloN_S1103_50c94b,,,,,
2026-09-12T20:01:10-05:00,PUR_IED_Palestina_S1101_db9198,PUR_IED_Palestina_S1101_db9198,,,,,
2026-09-12T20:01:10-05:00,PUR_IED_Palestina_S1102_dc54fa,PUR_IED_Palestina_S1102_dc54fa,,,,,
2026-09-12T20:01:10-05:00,PUR_IED_Palestina_ext_4ccce6,PUR_IED_Palestina_ext_4ccce6,,,,,
2026-09-12T20:01:10-05:00,PUR_IED_Panama_Fisica_4d0794,PUR_IED_Panama_Fisica_4d0794,,,,,
2026-09-12T20:01:10-05:00,PUR_IED_Panama_SIngles_a4077e,PUR_IED_Panama_SIngles_a4077e,,,,,
2026-09-12T20:01:10-05:00,PUR_IED_Panama_ext_4c54b4,PUR_IED_Panama_ext_4c54b4,,,,,
2026-09-12T20:01:10-05:00,PUR_IED_ParaisoM_Exterior_8cd7f0,PUR_IED_ParaisoM_Exterior_8cd7f0,,,,,
2026-09-12T20:01:10-05:00,PUR_IED_ParaisoM_Laborato_27af35,PUR_IED_ParaisoM_Laborato_27af35,,,,,
2026-09-12T20:01:10-05:00,PUR_IED_ParaisoM_S304_d1edca,PUR_IED_ParaisoM_S304_d1edca,,,,,
2026-09-12T20:01:10-05:00,PUR_IED_PorfirioBarba_Ext_301466,PUR_IED_PorfirioBarba_Ext_301466,,,,,
2026-09-12T20:01:10-05:00,PUR_IED_PorfirioBarba_S11_df6cd2,PUR_IED_PorfirioBarba_S11_df6cd2,,,,,
2026-09-12T20:01:10-05:00,PUR_IED_PorfirioBarba_S29_27a7d6,PUR_IED_PorfirioBarba_S29_27a7d6,,,,,
2026-09-12T20:01:10-05:00,PUR_IED_PradoV_Exter_8b27ad,PUR_IED_PradoV_Exter_8b27ad,,,,,
2026-09-12T20:01:10-05:00,PUR_IED_PradoV_S301_de65b5,PUR_IED_PradoV_S301_de65b5,,,,,
2026-09-12T20:01:10-05:00,PUR_IED_PradoV_S302_7d2593,PUR_IED_PradoV_S302_7d2593,,,,,
2026-09-12T20:01:10-05:00,PUR_IED_QuirogaAlz_Ext_1ddc82,PUR_IED_QuirogaAlz_Ext_1ddc82,,,,,
2026-09-12T20:01:10-05:00,PUR_IED_QuirogaAlz_S302_9926a3,PUR_IED_QuirogaAlz_S302_9926a3,,,,,
2026-09-12T20:01:10-05:00,PUR_IED_QuirogaAlz_S305_cdf1f1,PUR_IED_QuirogaAlz_S305_cdf1f1,,,,,
2026-09-12T20:01:10-05:00,PUR_IED_RGuatemala_Biling_dc53b7,PUR_IED_RGuatemala_Biling_dc53b7,,,,,
2026-09-12T20:01:10-05:00,PUR_IED_RGuatemala_Ext_1b89a3,PUR_IED_RGuatemala_Ext_1b89a3,,,,,
2026-09-12T20:01:10-05:00,PUR_IED_RGuatemala_Tecnol_281a34,PUR_IED_RGuatemala_Tecnol_281a34,,,,,
2026-09-12T20:01:10-05:00,PUR_IED_RafaNu_Ext_f7c302,PUR_IED_RafaNu_Ext_f7c302,,,,,
2026-09-12T20:01:10-05:00,PUR_IED_RafaNu_S1101_25fde,PUR_IED_RafaNu_S1101_25fde,,,,,
2026-09-12T20:01:10-05:00,PUR_IED_RafaNu_S1102_281517,PUR_IED_RafaNu_S1102_281517,,,,,
2026-09-12T20:01:10-05:00,PUR_IED_RafaelB_S305_ee2783,PUR_IED_RafaelB_S305_ee2783,,,,,
2026-09-12T20:01:10-05:00,PUR_IED_RafaelB_S306_75fe33,PUR_IED_RafaelB_S306_75fe33,,,,,
2026-09-12T20:01:10-05:00,PUR_IED_RafaelB_ext_283336,PUR_IED_RafaelB_ext_283336,,,,,
2026-09-12T20:01:10-05:00,PUR_IED_RafaelUU_Exterior_281a51,PUR_IED_RafaelUU_Exterior_281a51,,,,,
2026-09-12T20:01:10-05:00,PUR_IED_RafaelUU_Human_806b2,PUR_IED_RafaelUU_Human_806b2,,,,,
2026-09-12T20:01:10-05:00,PUR_IED_RafaelUU_Mate2_5680d4,PUR_IED_RafaelUU_Mate2_5680d4,,,,,
2026-09-12T20:01:10-05:00,PUR_IED_RamonSub_Ext_f9eeb9,PUR_IED_RamonSub_Ext_f9eeb9,,,,,
2026-09-12T20:01:10-05:00,PUR_IED_RamonSub_Media_d1f62f,PUR_IED_RamonSub_Media_d1f62f,,,,,
2026-09-12T20:01:10-05:00,PUR_IED_RamonSub_planta_51b82,PUR_IED_RamonSub_planta_51b82,,,,,
2026-09-12T20:01:10-05:00,PUR_IED_RepBoliVene_Exter_27af7c,PUR_IED_RepBoliVene_Exter_27af7c,,,,,
2026-09-12T20:01:10-05:00,PUR_IED_RepBoliVene_SCPT_5ae2ee,PUR_IED_RepBoliVene_SCPT_5ae2ee,,,,,
2026-09-12T20:01:10-05:00,PUR_IED_RepBoliVene_Socia_4b11d5,PUR_IED_RepBoliVene_Socia_4b11d5,,,,,
2026-09-12T20:01:10-05:00,PUR_IED_RepChina_Ext_76d9ee,PUR_IED_RepChina_Ext_76d9ee,,,,,
2026-09-12T20:01:10-05:00,PUR_IED_RepChina_S404_7c804c,PUR_IED_RepChina_S404_7c804c,,,,,
2026-09-12T20:01:10-05:00,PUR_IED_RepChina_S405_df2c33,PUR_IED_RepChina_S405_df2c33,,,,,
2026-09-12T20:01:10-05:00,PUR_IED_RepublicaC_Exteri_7d1ec9,PUR_IED_RepublicaC_Exteri_7d1ec9,,,,,
2026-09-12T20:01:10-05:00,PUR_IED_RepublicaC_S1101_f544b3,PUR_IED_RepublicaC_S1101_f544b3,,,,,
2026-09-12T20:01:10-05:00,PUR_IED_RepublicaC_S1102_7aafc7,PUR_IED_RepublicaC_S1102_7aafc7,,,,,
2026-09-12T20:01:10-05:00,PUR_IED_Ricaurte_Externo_a0ea1,PUR_IED_Ricaurte_Externo_a0ea1,,,,,
2026-09-12T20:01:10-05:00,PUR_IED_Ricaurte_S210_f546fd,PUR_IED_Ricaurte_S210_f546fd,,,,,
2026-09-12T20:01:10-05:00,PUR_IED_Ricaurte_S309_d4452,PUR_IED_Ricaurte_S309_d4452,,,,,
2026-09-12T20:01:10-05:00,PUR_IED_RogelioS_1102_531e69,PUR_IED_RogelioS_1102_531e69,,,,,
2026-09-12T20:01:10-05:00,PUR_IED_RogelioS_Ext_f25a18,PUR_IED_RogelioS_Ext_f25a18,,,,,
2026-09-12T20:01:10-05:00,PUR_IED_SBernardino_Ext_27aff8,PUR_IED_SBernardino_Ext_27aff8,,,,,
2026-09-12T20:01:10-05:00,PUR_IED_SBernardino_SArte_2ffd33,PUR_IED_SBernardino_SArte_2ffd33,,,,,
2026-09-12T20:01:10-05:00,PUR_IED_SBernardino_SIngl_7c7da5,PUR_IED_SBernardino_SIngl_7c7da5,,,,,
2026-09-12T20:01:10-05:00,PUR_IED_Sago_auditorio_dc9d1d,PUR_IED_Sago_auditorio_dc9d1d,,,,,
2026-09-12T20:01:10-05:00,PUR_IED_Saludcoop_Ext_95aac3,PUR_IED_Saludcoop_Ext_95aac3,,,,,
2026-09-12T20:01:10-05:00,PUR_IED_Saludcoop_InfI_90c854,PUR_IED_Saludcoop_InfI_90c854,,,,,
2026-09-12T20:01:10-05:00,PUR_IED_Saludcoop_SMedia_1b93be,PUR_IED_Saludcoop_SMedia_1b93be,,,,,
2026-09-12T20:01:10-05:00,PUR_IED_SanCarlos_1101_1a2360,PUR_IED_SanCarlos_1101_1a2360,,,,,
2026-09-12T20:01:10-05:00,PUR_IED_SanCarlos_1103_7bafb5,PUR_IED_SanCarlos_1103_7bafb5,,,,,
2026-09-12T20:01:10-05:00,PUR_IED_SanCarlos_Ext_b7cd1,PUR_IED_SanCarlos_Ext_b7cd1,,,,,
2026-09-12T20:01:10-05:00,PUR_IED_SanIgnacioBosa11a_50c26e,PUR_IED_SanIgnacioBosa11a_50c26e,,,,,
2026-09-12T20:01:10-05:00,PUR_IED_SanIgnacioBosa11b_371de8,PUR_IED_SanIgnacioBosa11b_371de8,,,,,
2026-09-12T20:01:10-05:00,PUR_IED_SanIgnacioBosaExt_ef0ffc,PUR_IED_SanIgnacioBosaExt_ef0ffc,,,,,
2026-09-12T20:01:10-05:00,PUR_IED_SanIgnacioBosa_11a_50c26e,PUR_IED_SanIgnacioBosa_11a_50c26e,,,,,
2026-09-12T20:01:10-05:00,PUR_IED_SanIgnacioBosa_Ext_ef0ffc,PUR_IED_SanIgnacioBosa_Ext_ef0ffc,,,,,
2026-09-12T20:01:10-05:00,PUR_IED_SanJoseN_intS1101_31c47f,PUR_IED_SanJoseN_intS1101_31c47f,,,,,
2026-09-12T20:01:10-05:00,PUR_IED_SanJoseUsm_Exter_f5d7e8,PUR_IED_SanJoseUsm_Exter_f5d7e8,,,,,
2026-09-12T20:01:10-05:00,PUR_IED_SanJoseUsm_Int11A_cfdef6,PUR_IED_SanJoseUsm_Int11A_cfdef6,,,,,
2026-09-12T20:01:10-05:00,PUR_IED_SilveriaR_IntB5_905349,PUR_IED_SilveriaR_IntB5_905349,,,,,
2026-09-12T20:01:10-05:00,PUR_IED_SilveriaR_IntSD14_981f93,PUR_IED_SilveriaR_IntSD14_981f93,,,,,
2026-09-12T20:01:10-05:00,PUR_IED_SilveriaR_ext_2b651d,PUR_IED_SilveriaR_ext_2b651d,,,,,
2026-09-12T20:01:10-05:00,PUR_IED_SimonB_Exterior_913975,PUR_IED_SimonB_Exterior_913975,,,,,
2026-09-12T20:01:10-05:00,PUR_IED_SimonB_LabQuimi_c56908,PUR_IED_SimonB_LabQuimi_c56908,,,,,
2026-09-12T20:01:10-05:00,PUR_IED_SimonB_informatic_a28c1,PUR_IED_SimonB_informatic_a28c1,,,,,
2026-09-12T20:01:10-05:00,PUR_IED_Sorrento_1102_315f50,PUR_IED_Sorrento_1102_315f50,,,,,
2026-09-12T20:01:10-05:00,PUR_IED_Sorrento_Minte_214eab,PUR_IED_Sorrento_Minte_214eab,,,,,
2026-09-12T20:01:10-05:00,PUR_IED_Sorrento_ext_7c3a0a,PUR_IED_Sorrento_ext_7c3a0a,,,,,
2026-09-12T20:01:10-05:00,PUR_IED_Tabora_Ext_f048ae,PUR_IED_Tabora_Ext_f048ae,,,,,
2026-09-12T20:01:10-05:00,PUR_IED_Tabora_S1102_b07752,PUR_IED_Tabora_S1102_b07752,,,,,
2026-09-12T20:01:10-05:00,PUR_IED_Tabora_S1103_d988f5,PUR_IED_Tabora_S1103_d988f5,,,,,
2026-09-12T20:01:10-05:00,PUR_IED_Tenerife_Ext_1ab188,PUR_IED_Tenerife_Ext_1ab188,,,,,
2026-09-12T20:01:10-05:00,PUR_IED_Tenerife_SDanzas_7bc02e,PUR_IED_Tenerife_SDanzas_7bc02e,,,,,
2026-09-12T20:01:10-05:00,PUR_IED_Tenerife_SIngles_7cc277,PUR_IED_Tenerife_SIngles_7cc277,,,,,
2026-09-12T20:01:10-05:00,PUR_IED_Tibabuyes_Exter_f2683d,PUR_IED_Tibabuyes_Exter_f2683d,,,,,
2026-09-12T20:01:10-05:00,PUR_IED_Tibabuyes_S10_dc87a8,PUR_IED_Tibabuyes_S10_dc87a8,,,,,
2026-09-12T20:01:10-05:00,PUR_IED_Tibabuyes_S15_dc0526,PUR_IED_Tibabuyes_S15_dc0526,,,,,
2026-09-12T20:01:10-05:00,PUR_IED_UnionE_S301_a1043,PUR_IED_UnionE_S301_a1043,,,,,
2026-09-12T20:01:10-05:00,PUR_IED_UnionE_S307_ff6c2f,PUR_IED_UnionE_S307_ff6c2f,,,,,
2026-09-12T20:01:10-05:00,PUR_IED_UnionE__Ext_5e2468,PUR_IED_UnionE__Ext_5e2468,,,,,
2026-09-12T20:01:10-05:00,PUR_IED_VillaRica_Ext_75be7c,PUR_IED_VillaRica_Ext_75be7c,,,,,
2026-09-12T20:01:10-05:00,PUR_IED_VillaRica_S4_cc5dcd,PUR_IED_VillaRica_S4_cc5dcd,,,,,
2026-09-12T20:01:10-05:00,PUR_IED_VillaRica_Sesp_99f5c,PUR_IED_VillaRica_Sesp_99f5c,,,,,
2026-09-12T20:06:04-05:00,PUR_IED_20deJulio_1101_91b1b9,PUR_IED_20deJulio_1101_91b1b9,,,,,
2026-09-12T20:06:04-05:00,PUR_IED_20deJulio_1102_1cfcf9,PUR_IED_20deJulio_1102_1cfcf9,,,,,
2026-09-12T20:06:04-05:00,PUR_IED_20deJulio_Ext_ab60bd,PUR_IED_20deJulio_Ext_ab60bd,,,,,
2026-09-12T20:06:04-05:00,PUR_IED_AgustinFer_Ext_7b9b77,PUR_IED_AgustinFer_Ext_7b9b77,,,,,
2026-09-12T20:06:04-05:00,PUR_IED_AgustinFer_Info2_27b3a7,PUR_IED_AgustinFer_Info2_27b3a7,,,,,
2026-09-12T20:06:04-05:00,PUR_IED_AgustinFer_Sena_54b4eb,PUR_IED_AgustinFer_Sena_54b4eb,,,,,
2026-09-12T20:06:04-05:00,PUR_IED_AlexanderF_1102_caf07b,PUR_IED_AlexanderF_1102_caf07b,,,,,
2026-09-12T20:06:04-05:00,PUR_IED_AlexanderF_1103_c79e71,PUR_IED_AlexanderF_1103_c79e71,,,,,
2026-09-12T20:06:04-05:00,PUR_IED_AlexanderF_Ext_c5b18b,PUR_IED_AlexanderF_Ext_c5b18b,,,,,
2026-09-12T20:06:04-05:00,PUR_IED_AlfonsoLopez_Ext_281d77,PUR_IED_AlfonsoLopez_Ext_281d77,,,,,
2026-09-12T20:06:04-05:00,PUR_IED_AlfonsoLopez_LabF_888ce0,PUR_IED_AlfonsoLopez_LabF_888ce0,,,,,
2026-09-12T20:06:04-05:00,PUR_IED_AlfonsoLopez_SMed_df6a7f,PUR_IED_AlfonsoLopez_SMed_df6a7f,,,,,
2026-09-12T20:06:04-05:00,PUR_IED_AltamiraSO_A2_209f92,PUR_IED_AltamiraSO_A2_209f92,,,,,
2026-09-12T20:06:04-05:00,PUR_IED_AltamiraSO_Ext_186d66,PUR_IED_AltamiraSO_Ext_186d66,,,,,
2026-09-12T20:06:04-05:00,PUR_IED_AltamiraSO_Sistem_27afe1,PUR_IED_AltamiraSO_Sistem_27afe1,,,,,
2026-09-12T20:06:04-05:00,PUR_IED_AlvaroGom_LabQuim_813179,PUR_IED_AlvaroGom_LabQuim_813179,,,,,
2026-09-12T20:06:04-05:00,PUR_IED_AlvaroGomez_Ext_47c7ca,PUR_IED_AlvaroGomez_Ext_47c7ca,,,,,
2026-09-12T20:06:04-05:00,PUR_IED_AlvaroGomez_LabQuim_813179,PUR_IED_AlvaroGomez_LabQuim_813179,,,,,
2026-09-12T20:06:04-05:00,PUR_IED_AlvaroGomez_S23_7ba89f,PUR_IED_AlvaroGomez_S23_7ba89f,,,,,
2026-09-12T20:06:04-05:00,PUR_IED_Amistad_306_dc8728,PUR_IED_Amistad_306_dc8728,,,,,
2026-09-12T20:06:04-05:00,PUR_IED_Amistad_Ext_8cd55e,PUR_IED_Amistad_Ext_8cd55e,,,,,
2026-09-12T20:06:04-05:00,PUR_IED_Amistad_S202_a41169,PUR_IED_Amistad_S202_a41169,,,,,
2026-09-12T20:06:04-05:00,PUR_IED_AndresBello_Bio_fd5f5e,PUR_IED_AndresBello_Bio_fd5f5e,,,,,
2026-09-12T20:06:04-05:00,PUR_IED_AndresBello_ext_dcad65,PUR_IED_AndresBello_ext_dcad65,,,,,
2026-09-12T20:06:04-05:00,PUR_IED_AndresBello_port_eed3ec,PUR_IED_AndresBello_port_eed3ec,,,,,
2026-09-12T20:06:04-05:00,PUR_IED_AngelaR_11b_d90a6b,PUR_IED_AngelaR_11b_d90a6b,,,,,
2026-09-12T20:06:04-05:00,PUR_IED_AngelaR_ext_7cad3e,PUR_IED_AngelaR_ext_7cad3e,5,19,62,4.5825,-74.164497
2026-09-12T20:06:04-05:00,PUR_IED_AntJoseSucre_10mo_df2575,PUR_IED_AntJoseSucre_10mo_df2575,,,,,
2026-09-12T20:06:04-05:00,PUR_IED_AntJoseSucre_Ext_215b36,PUR_IED_AntJoseSucre_Ext_215b36,,,,,
2026-09-12T20:06:04-05:00,PUR_IED_AntJoseSucre_Lab_3139de,PUR_IED_AntJoseSucre_Lab_3139de,,,,,
2026-09-12T20:06:04-05:00,PUR_IED_AntonioGarcia_301_d6b188,PUR_IED_AntonioGarcia_301_d6b188,,,,,
2026-09-12T20:06:04-05:00,PUR_IED_AntonioGarcia_302_88a82,PUR_IED_AntonioGarcia_302_88a82,,,,,
2026-09-12T20:06:04-05:00,PUR_IED_AntonioGarcia_Ext_20950c,PUR_IED_AntonioGarcia_Ext_20950c,,,,,
2026-09-12T20:06:04-05:00,PUR_IED_AntonioVan_Aula2_6dea02,PUR_IED_AntonioVan_Aula2_6dea02,,,,,
2026-09-12T20:06:04-05:00,PUR_IED_AntonioVan_Aula5_f1557e,PUR_IED_AntonioVan_Aula5_f1557e,,,,,
2026-09-12T20:06:04-05:00,PUR_IED_AntonioVan_Ext_406f2f,PUR_IED_AntonioVan_Ext_406f2f,,,,,
2026-09-12T20:06:04-05:00,PUR_IED_Atabanzha_Ext_cc5af9,PUR_IED_Atabanzha_Ext_cc5af9,,,,,
2026-09-12T20:06:04-05:00,PUR_IED_Atabanzha_SA101_56c37,PUR_IED_Atabanzha_SA101_56c37,,,,,
2026-09-12T20:06:04-05:00,PUR_IED_Atabanzha_SB302_27b374,PUR_IED_Atabanzha_SB302_27b374,,,,,
2026-09-12T20:06:04-05:00,PUR_IED_Atahualpa_Ext_fc1748,PUR_IED_Atahualpa_Ext_fc1748,,,,,
2026-09-12T20:06:04-05:00,PUR_IED_Atahualpa_Informa_dc9a95,PUR_IED_Atahualpa_Informa_dc9a95,,,,,
2026-09-12T20:06:04-05:00,PUR_IED_Atahualpa_S1101_f98056,PUR_IED_Atahualpa_S1101_f98056,,,,,
2026-09-12T20:06:04-05:00,PUR_IED_Bellavista_Ext_f5aa74,PUR_IED_Bellavista_Ext_f5aa74,,,,,
2026-09-12T20:06:04-05:00,PUR_IED_Bilbao_11A_916c41,PUR_IED_Bilbao_11A_916c41,,,,,
2026-09-12T20:06:04-05:00,PUR_IED_Bilbao_Ext_fb579a,PUR_IED_Bilbao_Ext_fb579a,,,,,
2026-09-12T20:06:04-05:00,PUR_IED_BrasiliaU_A125_304280,PUR_IED_BrasiliaU_A125_304280,,,,,
2026-09-12T20:06:04-05:00,PUR_IED_BrasiliaU_A203_7c8ca5,PUR_IED_BrasiliaU_A203_7c8ca5,,,,,
2026-09-12T20:06:04-05:00,PUR_IED_BrasiliaU_Ext_8d6e9f,PUR_IED_BrasiliaU_Ext_8d6e9f,7,17,64,4.5175,-74.116302
2026-09-12T20:06:04-05:00,PUR_IED_Brasilia_Ext_fe6593,PUR_IED_Brasilia_Ext_fe6593,,,,,
2026-09-12T20:06:04-05:00,PUR_IED_Brasilia_S24_7c130d,PUR_IED_Brasilia_S24_7c130d,,,,,
2026-09-12T20:06:04-05:00,PUR_IED_Brasilia_S501_186a54,PUR_IED_Brasilia_S501_186a54,,,,,
2026-09-12T20:06:04-05:00,PUR_IED_CHARRY_EXT_f1d5cd,PUR_IED_CHARRY_EXT_f1d5cd,,,,,
2026-09-12T20:06:04-05:00,PUR_IED_CHARRY_INTDANZAS_7a08e6,PUR_IED_CHARRY_INTDANZAS_7a08e6,,,,,
2026-09-12T20:06:04-05:00,PUR_IED_CHARRY_INT_AULA20_dc998d,PUR_IED_CHARRY_INT_AULA20_dc998d,,,,,
2026-09-12T20:06:04-05:00,PUR_IED_COLVIV_1101_S25_7f520a,PUR_IED_COLVIV_1101_S25_7f520a,,,,,
2026-09-12T20:06:04-05:00,PUR_IED_COLVIV_1102_S16_f570ba,PUR_IED_COLVIV_1102_S16_f570ba,,,,,
2026-09-12T20:06:04-05:00,PUR_IED_COLVIV_Ext_1a26fa,PUR_IED_COLVIV_Ext_1a26fa,,,,,
2026-09-12T20:06:04-05:00,PUR_IED_CULPOP_301A_f660f3,PUR_IED_CULPOP_301A_f660f3,,,,,
2026-09-12T20:06:04-05:00,PUR_IED_CULPOP_303_568afe,PUR_IED_CULPOP_303_568afe,,,,,
2026-09-12T20:06:04-05:00,PUR_IED_CULPOP_Ext_e02ccb,PUR_IED_CULPOP_Ext_e02ccb,,,,,
2026-09-12T20:06:04-05:00,PUR_IED_CVillavicen_Ext_26eb58,PUR_IED_CVillavicen_Ext_26eb58,2,15,78,4.487,-74.102798
2026-09-12T20:06:04-05:00,PUR_IED_CVillavicen_Intel_1ce5c2,PUR_IED_CVillavicen_Intel_1ce5c2,,,,,
2026-09-12T20:06:04-05:00,PUR_IED_CVillavicen_Poliv_e0766c,PUR_IED_CVillavicen_Poliv_e0766c,,,,,
2026-09-12T20:06:04-05:00,PUR_IED_CVillavicen_int_1ba140,PUR_IED_CVillavicen_int_1ba140,,,,,
2026-09-12T20:06:04-05:00,PUR_IED_CVillavicen_intel_1ba140,PUR_IED_CVillavicen_intel_1ba140,,,,,
2026-09-12T20:06:04-05:00,PUR_IED_CarlosPizarro_Ext_e307cc,PUR_IED_CarlosPizarro_Ext_e307cc,,,,,
2026-09-12T20:06:04-05:00,PUR_IED_CarlosPizarro_L36_7e5cdb,PUR_IED_CarlosPizarro_L36_7e5cdb,,,,,
2026-09-12T20:06:04-05:00,PUR_IED_CarlosPizarro_L37_c8566c,PUR_IED_CarlosPizarro_L37_c8566c,,,,,
2026-09-12T20:06:04-05:00,PUR_IED_Castilla_Ext_cf35f,PUR_IED_Castilla_Ext_cf35f,,,,,
2026-09-12T20:06:04-05:00,PUR_IED_Castilla_SFisik_360e38,PUR_IED_Castilla_SFisik_360e38,,,,,
2026-09-12T20:06:04-05:00,PUR_IED_Castilla_Sc304_496fbf,PUR_IED_Castilla_Sc304_496fbf,,,,,
2026-09-12T20:06:04-05:00,PUR_IED_CervantesSa_Ext_6b57b,PUR_IED_CervantesSa_Ext_6b57b,6,18,68,4.5128,-74.117203
2026-09-12T20:06:04-05:00,PUR_IED_CervantesSa_S107_225c2b,PUR_IED_CervantesSa_S107_225c2b,,,,,
2026-09-12T20:06:04-05:00,PUR_IED_CervantesSa_S108_940925,PUR_IED_CervantesSa_S108_940925,,,,,
2026-09-12T20:06:04-05:00,PUR_IED_Charry_A20_f53e7c,PUR_IED_Charry_A20_f53e7c,,,,,
2026-09-12T20:06:04-05:00,PUR_IED_Charry_Ext_f1d5cd,PUR_IED_Charry_Ext_f1d5cd,,,,,
2026-09-12T20:06:04-05:00,PUR_IED_Charry_IntAula20_dc998d,PUR_IED_Charry_IntAula20_dc998d,,,,,
2026-09-12T20:06:04-05:00,PUR_IED_Charry_IntDanzas_7a08e6,PUR_IED_Charry_IntDanzas_7a08e6,,,,,
2026-09-12T20:06:04-05:00,PUR_IED_ClememciaC_203_43e2fc,PUR_IED_ClememciaC_203_43e2fc,,,,,
2026-09-12T20:06:04-05:00,PUR_IED_ClememciaC_Ext_1b411a,PUR_IED_ClememciaC_Ext_1b411a,,,,,
2026-09-12T20:06:04-05:00,PUR_IED_ClememciaC_Quimic_44b5fc,PUR_IED_ClememciaC_Quimic_44b5fc,,,,,
2026-09-12T20:06:04-05:00,PUR_IED_ClemenciaC_203_43e2fc,PUR_IED_ClemenciaC_203_43e2fc,,,,,
2026-09-12T20:06:04-05:00,PUR_IED_ClemenciaC_Ext_1b411a,PUR_IED_ClemenciaC_Ext_1b411a,,,,,
2026-09-12T20:06:04-05:00,PUR_IED_ClemenciaC_Quimic_44b5fc,PUR_IED_ClemenciaC_Quimic_44b5fc,,,,,
2026-09-12T20:06:04-05:00,PUR_IED_ColViva_1101_S25_7f520a,PUR_IED_ColViva_1101_S25_7f520a,,,,,
2026-09-12T20:06:04-05:00,PUR_IED_ColViva_1102_S16_f570ba,PUR_IED_ColViva_1102_S16_f570ba,,,,,
2026-09-12T20:06:04-05:00,PUR_IED_ColViva_Ext_1a26fa,PUR_IED_ColViva_Ext_1a26fa,,,,,
2026-09-12T20:06:04-05:00,PUR_IED_ColegioBici_Asist_7c8798,PUR_IED_ColegioBici_Asist_7c8798,,,,,
2026-09-12T20:06:04-05:00,PUR_IED_ColegioBici_Ext_25cbf6,PUR_IED_ColegioBici_Ext_25cbf6,,,,,
2026-09-12T20:06:04-05:00,PUR_IED_ColegioBici_LabQ_7b57db,PUR_IED_ColegioBici_LabQ_7b57db,,,,,
2026-09-12T20:06:04-05:00,PUR_IED_CostaRica_Ext_5e640,PUR_IED_CostaRica_Ext_5e640,,,,,
2026-09-12T20:06:04-05:00,PUR_IED_CostaRica_Quim1_766d1c,PUR_IED_CostaRica_Quim1_766d1c,,,,,
2026-09-12T20:06:04-05:00,PUR_IED_CostaRica__Fisica_6f0873,PUR_IED_CostaRica__Fisica_6f0873,,,,,
2026-09-12T20:06:04-05:00,PUR_IED_CulPopu_301A_f660f3,PUR_IED_CulPopu_301A_f660f3,,,,,
2026-09-12T20:06:04-05:00,PUR_IED_CulPopu_303_568afe,PUR_IED_CulPopu_303_568afe,,,,,
2026-09-12T20:06:04-05:00,PUR_IED_CulPopu_Ext_e02ccb,PUR_IED_CulPopu_Ext_e02ccb,,,,,
2026-09-12T20:06:04-05:00,PUR_IED_Cundinamarca_Ext_f15985,PUR_IED_Cundinamarca_Ext_f15985,,,,,
2026-09-12T20:06:04-05:00,PUR_IED_Cundinamarca_Info_7aa5d7,PUR_IED_Cundinamarca_Info_7aa5d7,,,,,
2026-09-12T20:06:04-05:00,PUR_IED_Cundinamarca_Tec2_f449c7,PUR_IED_Cundinamarca_Tec2_f449c7,,,,,
2026-09-12T20:06:04-05:00,PUR_IED_DiegoM_Aula1_27b314,PUR_IED_DiegoM_Aula1_27b314,,,,,
2026-09-12T20:06:04-05:00,PUR_IED_DiegoM_Ext_d80ac8,PUR_IED_DiegoM_Ext_d80ac8,,,,,
2026-09-12T20:06:04-05:00,PUR_IED_DiegoM_S25_da928f,PUR_IED_DiegoM_S25_da928f,,,,,
2026-09-12T20:06:04-05:00,PUR_IED_ELRODEO_360881,PUR_IED_ELRODEO_360881,,,,,
2026-09-12T20:06:04-05:00,PUR_IED_ELRODEO_ext_360881,PUR_IED_ELRODEO_ext_360881,,,,,
2026-09-12T20:06:04-05:00,PUR_IED_EduardoU_Ext_1c1969,PUR_IED_EduardoU_Ext_1c1969,,,,,
2026-09-12T20:06:04-05:00,PUR_IED_EduardoU_SCiencia_4dfb94,PUR_IED_EduardoU_SCiencia_4dfb94,,,,,
2026-09-12T20:06:04-05:00,PUR_IED_EduardoU_SQuimica_5a46e7,PUR_IED_EduardoU_SQuimica_5a46e7,,,,,
2026-09-12T20:06:04-05:00,PUR_IED_ElRodeo_Aula14_676984,PUR_IED_ElRodeo_Aula14_676984,,,,,
2026-09-12T20:06:04-05:00,PUR_IED_ElRodeo_Aula16_2dd35b,PUR_IED_ElRodeo_Aula16_2dd35b,,,,,
2026-09-12T20:06:04-05:00,PUR_IED_ElRodeo_Ext_360881,PUR_IED_ElRodeo_Ext_360881,,,,,
2026-09-12T20:06:04-05:00,PUR_IED_ElRodeo_Exterior_8c6d28,PUR_IED_ElRodeo_Exterior_8c6d28,,,,,
2026-09-12T20:06:04-05:00,PUR_IED_ElRodeo_ext_360881,PUR_IED_ElRodeo_ext_360881,,,,,
2026-09-12T20:06:04-05:00,PUR_IED_EmmaReyes_Ext_987625,PUR_IED_EmmaReyes_Ext_987625,4,21,51,4.6367,-74.1511
2026-09-12T20:06:04-05:00,PUR_IED_Ensueño_Ext_7f0250,PUR_IED_Ensueño_Ext_7f0250,,,,,
2026-09-12T20:06:04-05:00,PUR_IED_EscNormal_Ext_5fef3b,PUR_IED_EscNormal_Ext_5fef3b,2,19,59,4.5852,-74.096901
2026-09-12T20:06:04-05:00,PUR_IED_EscNormal_S309_5b263,PUR_IED_EscNormal_S309_5b263,,,,,
2026-09-12T20:06:04-05:00,PUR_IED_EscNormal_S310_27b3b8,PUR_IED_EscNormal_S310_27b3b8,,,,,
2026-09-12T20:06:04-05:00,PUR_IED_Evangelista_Conta_f6cd4f,PUR_IED_Evangelista_Conta_f6cd4f,,,,,
2026-09-12T20:06:04-05:00,PUR_IED_Evangelista_Cri_5e16a,PUR_IED_Evangelista_Cri_5e16a,,,,,
2026-09-12T20:06:04-05:00,PUR_IED_Evangelista_Exter_754066,PUR_IED_Evangelista_Exter_754066,,,,,
2026-09-12T20:06:04-05:00,PUR_IED_FMiranda_S209_5cc2a3,PUR_IED_FMiranda_S209_5cc2a3,,,,,
2026-09-12T20:06:04-05:00,PUR_IED_FMiranda_S303_19e344,PUR_IED_FMiranda_S303_19e344,,,,,
2026-09-12T20:06:04-05:00,PUR_IED_FMiranda_ext_f53e7c,PUR_IED_FMiranda_ext_f53e7c,,,,,
2026-09-12T20:06:04-05:00,PUR_IED_FabioLozano_Bibli_1cee05,PUR_IED_FabioLozano_Bibli_1cee05,,,,,
2026-09-12T20:06:04-05:00,PUR_IED_FabioLozano_Ext_6ea285,PUR_IED_FabioLozano_Ext_6ea285,,,,,
2026-09-12T20:06:04-05:00,PUR_IED_FabioLozano_SLudi_f09e1e,PUR_IED_FabioLozano_SLudi_f09e1e,,,,,
2026-09-12T20:06:04-05:00,PUR_IED_FaustinoS_Aula07_27a731,PUR_IED_FaustinoS_Aula07_27a731,,,,,
2026-09-12T20:06:04-05:00,PUR_IED_FaustinoS_Ext_7b936f,PUR_IED_FaustinoS_Ext_7b936f,,,,,
2026-09-12T20:06:04-05:00,PUR_IED_FaustinoS_Fisica_da2c60,PUR_IED_FaustinoS_Fisica_da2c60,,,,,
2026-09-12T20:06:04-05:00,PUR_IED_FeGarciaLo_Ext_dc68ee,PUR_IED_FeGarciaLo_Ext_dc68ee,,,,,
2026-09-12T20:06:04-05:00,PUR_IED_FeGarciaLo_SDanza_f70a59,PUR_IED_FeGarciaLo_SDanza_f70a59,,,,,
2026-09-12T20:06:04-05:00,PUR_IED_FeGarciaLo_SMusic_125cdd,PUR_IED_FeGarciaLo_SMusic_125cdd,,,,,
2026-09-12T20:06:04-05:00,PUR_IED_FederalAlema_Exte_50c345,PUR_IED_FederalAlema_Exte_50c345,,,,,
2026-09-12T20:06:04-05:00,PUR_IED_FederalAlema_S31_f18371,PUR_IED_FederalAlema_S31_f18371,,,,,
2026-09-12T20:06:04-05:00,PUR_IED_FederalAlema_S901_a62cd,PUR_IED_FederalAlema_S901_a62cd,,,,,
2026-09-12T20:06:04-05:00,PUR_IED_FilarmonicaS_A5_f35eb1,PUR_IED_FilarmonicaS_A5_f35eb1,,,,,
2026-09-12T20:06:04-05:00,PUR_IED_FilarmonicaS_Ext_8a3bde,PUR_IED_FilarmonicaS_Ext_8a3bde,,,,,
2026-09-12T20:06:04-05:00,PUR_IED_FilarmonicaS_Spol_406114,PUR_IED_FilarmonicaS_Spol_406114,,,,,
2026-09-12T20:06:04-05:00,PUR_IED_FlorentinoG_A13_d1fa59,PUR_IED_FlorentinoG_A13_d1fa59,,,,,
2026-09-12T20:06:04-05:00,PUR_IED_FlorentinoG_Ext_1ce6ce,PUR_IED_FlorentinoG_Ext_1ce6ce,,,,,
2026-09-12T20:06:04-05:00,PUR_IED_FlorentinoG_Idiom_a66aac,PUR_IED_FlorentinoG_Idiom_a66aac,,,,,
2026-09-12T20:06:04-05:00,PUR_IED_FranciscoMati_Ext_e3869d,PUR_IED_FranciscoMati_Ext_e3869d,,,,,
2026-09-12T20:06:04-05:00,PUR_IED_FranciscoMati_S13_f31c67,PUR_IED_FranciscoMati_S13_f31c67,,,,,
2026-09-12T20:06:04-05:00,PUR_IED_FranciscoMati_S14_97dead,PUR_IED_FranciscoMati_S14_97dead,,,,,
2026-09-12T20:06:04-05:00,PUR_IED_FranciscoPS_Ext_7bfa9a,PUR_IED_FranciscoPS_Ext_7bfa9a,3,20,59,4.5899,-74.110397
2026-09-12T20:06:04-05:00,PUR_IED_FranciscoPS_Infor_fb8f4c,PUR_IED_FranciscoPS_Infor_fb8f4c,,,,,
2026-09-12T20:06:04-05:00,PUR_IED_FranciscoPS_Quimi_94d39c,PUR_IED_FranciscoPS_Quimi_94d39c,,,,,
2026-09-12T20:06:04-05:00,PUR_IED_FranciscoP_LabQ_d7e148,PUR_IED_FranciscoP_LabQ_d7e148,,,,,
2026-09-12T20:06:04-05:00,PUR_IED_FranciscoP_S28_cf9b30,PUR_IED_FranciscoP_S28_cf9b30,,,,,
2026-09-12T20:06:04-05:00,PUR_IED_FranciscoP_ext_e2313,PUR_IED_FranciscoP_ext_e2313,,,,,
2026-09-12T20:06:04-05:00,PUR_IED_FriederichN_Ext_8ac92a,PUR_IED_FriederichN_Ext_8ac92a,,,,,
2026-09-12T20:06:04-05:00,PUR_IED_FriederichN_S301_dd7e5a,PUR_IED_FriederichN_S301_dd7e5a,,,,,
2026-09-12T20:06:04-05:00,PUR_IED_FriederichN_S308_761f4f,PUR_IED_FriederichN_S308_761f4f,,,,,
2026-09-12T20:06:04-05:00,PUR_IED_GSantander_Aula10_533dd7,PUR_IED_GSantander_Aula10_533dd7,,,,,
2026-09-12T20:06:04-05:00,PUR_IED_GSantander_Aula12_fd4e4f,PUR_IED_GSantander_Aula12_fd4e4f,,,,,
2026-09-12T20:06:04-05:00,PUR_IED_GSantander_Aula310_533dd7,PUR_IED_GSantander_Aula310_533dd7,,,,,
2026-09-12T20:06:04-05:00,PUR_IED_GSantander_Aula312_fd4e4f,PUR_IED_GSantander_Aula312_fd4e4f,,,,,
2026-09-12T20:06:04-05:00,PUR_IED_GSantander_Ext_5f66b0,PUR_IED_GSantander_Ext_5f66b0,,,,,
2026-09-12T20:06:04-05:00,PUR_IED_GYomasa_Ext_f6bea5,PUR_IED_GYomasa_Ext_f6bea5,,,,,
2026-09-12T20:06:04-05:00,PUR_IED_GYomasa_LBiol_2c41aa,PUR_IED_GYomasa_LBiol_2c41aa,,,,,
2026-09-12T20:06:04-05:00,PUR_IED_GYomasa_LQuim_33c80,PUR_IED_GYomasa_LQuim_33c80,,,,,
2026-09-12T20:06:04-05:00,PUR_IED_GabBetMejia_Cienc_5a99c,PUR_IED_GabBetMejia_Cienc_5a99c,,,,,
2026-09-12T20:06:04-05:00,PUR_IED_GabBetMejia_Ext_9153d0,PUR_IED_GabBetMejia_Ext_9153d0,,,,,
2026-09-12T20:06:04-05:00,PUR_IED_GabBetMejia_Lab_f55347,PUR_IED_GabBetMejia_Lab_f55347,,,,,
2026-09-12T20:06:04-05:00,PUR_IED_GabBetanMejia_Ext_9153d0,PUR_IED_GabBetanMejia_Ext_9153d0,,,,,
2026-09-12T20:06:04-05:00,PUR_IED_Gaitana_Aula13_7aac11,PUR_IED_Gaitana_Aula13_7aac11,,,,,
2026-09-12T20:06:04-05:00,PUR_IED_Gaitana_Ext_5fcf4,PUR_IED_Gaitana_Ext_5fcf4,,,,,
2026-09-12T20:06:04-05:00,PUR_IED_Gaitana_LabFisica_644448,PUR_IED_Gaitana_LabFisica_644448,,,,,
2026-09-12T20:06:04-05:00,PUR_IED_GenSantander_Dise_8ac858,PUR_IED_GenSantander_Dise_8ac858,,,,,
2026-09-12T20:06:04-05:00,PUR_IED_GenSantander_Ext_8d5dfe,PUR_IED_GenSantander_Ext_8d5dfe,,,,,
2026-09-12T20:06:04-05:00,PUR_IED_GenSantander_Info_6c25b,PUR_IED_GenSantander_Info_6c25b,,,,,
2026-09-12T20:06:04-05:00,PUR_IED_GustavoMo_Exterio_75e63d,PUR_IED_GustavoMo_Exterio_75e63d,,,,,
2026-09-12T20:06:04-05:00,PUR_IED_GustavoMo_LabFisi_224d37,PUR_IED_GustavoMo_LabFisi_224d37,,,,,
2026-09-12T20:06:04-05:00,PUR_IED_GustavoMo_S208_3e6918,PUR_IED_GustavoMo_S208_3e6918,,,,,
2026-09-12T20:06:04-05:00,PUR_IED_GustavoR_A02_8cd4a8,PUR_IED_GustavoR_A02_8cd4a8,,,,,
2026-09-12T20:06:04-05:00,PUR_IED_GustavoR_B11_5b0ed,PUR_IED_GustavoR_B11_5b0ed,,,,,
2026-09-12T20:06:04-05:00,PUR_IED_GustavoR_Ext_7a0c90,PUR_IED_GustavoR_Ext_7a0c90,,,,,
2026-09-12T20:06:04-05:00,PUR_IED_HernandoDuran_Ext_8cd82b,PUR_IED_HernandoDuran_Ext_8cd82b,,,,,
2026-09-12T20:06:04-05:00,PUR_IED_HernandoDuran_S24_2772c6,PUR_IED_HernandoDuran_S24_2772c6,,,,,
2026-09-12T20:06:04-05:00,PUR_IED_HernandoDuran_S30_f2de41,PUR_IED_HernandoDuran_S30_f2de41,,,,,
2026-09-12T20:06:04-05:00,PUR_IED_HolguInUr_S1101_8cd732,PUR_IED_HolguInUr_S1101_8cd732,,,,,
2026-09-12T20:06:04-05:00,PUR_IED_HolguinUr_Exter_ddae6d,PUR_IED_HolguinUr_Exter_ddae6d,,,,,
2026-09-12T20:06:04-05:00,PUR_IED_HolguinUr_LabQuim_92b952,PUR_IED_HolguinUr_LabQuim_92b952,,,,,
2026-09-12T20:06:04-05:00,PUR_IED_Isabel-II_Ext_5245cc,PUR_IED_Isabel-II_Ext_5245cc,5,20,57,4.6336,-74.153
2026-09-12T20:06:04-05:00,PUR_IED_Isabel-II_S_idiom_1c29aa,PUR_IED_Isabel-II_S_idiom_1c29aa,,,,,
2026-09-12T20:06:04-05:00,PUR_IED_Isabel-II_S_infor_fd741,PUR_IED_Isabel-II_S_infor_fd741,,,,,
2026-09-12T20:06:04-05:00,PUR_IED_IsidroSur_Exterio_5b90ea,PUR_IED_IsidroSur_Exterio_5b90ea,,,,,
2026-09-12T20:06:04-05:00,PUR_IED_IsidroSur_LabTec_56697a,PUR_IED_IsidroSur_LabTec_56697a,,,,,
2026-09-12T20:06:04-05:00,PUR_IED_IsidroSur_Robotic_b7c38f,PUR_IED_IsidroSur_Robotic_b7c38f,,,,,
2026-09-12T20:06:04-05:00,PUR_IED_IsmaelPerd_Ext_7b6672,PUR_IED_IsmaelPerd_Ext_7b6672,,,,,
2026-09-12T20:06:04-05:00,PUR_IED_IsmaelPerd_Inform_306540,PUR_IED_IsmaelPerd_Inform_306540,,,,,
2026-09-12T20:06:04-05:00,PUR_IED_IsmaelPerd_S30_2e2c83,PUR_IED_IsmaelPerd_S30_2e2c83,,,,,
2026-09-12T20:06:04-05:00,PUR_IED_JLozano_Exter_432910,PUR_IED_JLozano_Exter_432910,,,,,
2026-09-12T20:06:04-05:00,PUR_IED_JLozano_salaMulti_df5125,PUR_IED_JLozano_salaMulti_df5125,,,,,
2026-09-12T20:06:04-05:00,PUR_IED_JMCordoba_206_86f80b,PUR_IED_JMCordoba_206_86f80b,,,,,
2026-09-12T20:06:04-05:00,PUR_IED_JMCordoba_Ext_27ad97,PUR_IED_JMCordoba_Ext_27ad97,,,,,
2026-09-12T20:06:04-05:00,PUR_IED_JMCordoba_S310_d59ab4,PUR_IED_JMCordoba_S310_d59ab4,,,,,
2026-09-12T20:06:04-05:00,PUR_IED_Japon_Ext_549100,PUR_IED_Japon_Ext_549100,,,,,
2026-09-12T20:06:04-05:00,PUR_IED_Japon_Laboratorio_bec51d,PUR_IED_Japon_Laboratorio_bec51d,,,,,
2026-09-12T20:06:04-05:00,PUR_IED_Japon_informatica_d99327,PUR_IED_Japon_informatica_d99327,,,,,
2026-09-12T20:06:04-05:00,PUR_IED_Jazmin_Ext_d27bda,PUR_IED_Jazmin_Ext_d27bda,,,,,
2026-09-12T20:06:04-05:00,PUR_IED_Jazmin_Fisica_8d14d7,PUR_IED_Jazmin_Fisica_8d14d7,,,,,
2026-09-12T20:06:04-05:00,PUR_IED_Jazmin_Quimica_801cb5,PUR_IED_Jazmin_Quimica_801cb5,,,,,
2026-09-12T20:06:04-05:00,PUR_IED_JorgeGaitan_Exter_f098d1,PUR_IED_JorgeGaitan_Exter_f098d1,,,,,
2026-09-12T20:06:04-05:00,PUR_IED_JorgeGaitan_STec1_dc9d1d,PUR_IED_JorgeGaitan_STec1_dc9d1d,,,,,
2026-09-12T20:06:04-05:00,PUR_IED_JorgeGaitan_STec2_281e69,PUR_IED_JorgeGaitan_STec2_281e69,,,,,
2026-09-12T20:06:04-05:00,PUR_IED_JorgeSoto_Exterio_d9d0a2,PUR_IED_JorgeSoto_Exterio_d9d0a2,,,,,
2026-09-12T20:06:04-05:00,PUR_IED_JorgeSoto_LabFisi_209c54,PUR_IED_JorgeSoto_LabFisi_209c54,,,,,
2026-09-12T20:06:04-05:00,PUR_IED_JorgeSoto_S103_27b51a,PUR_IED_JorgeSoto_S103_27b51a,,,,,
2026-09-12T20:06:04-05:00,PUR_IED_JoseAcevedo_A02_e965eb,PUR_IED_JoseAcevedo_A02_e965eb,,,,,
2026-09-12T20:06:04-05:00,PUR_IED_JoseAcevedo_A07_dd5b4,PUR_IED_JoseAcevedo_A07_dd5b4,,,,,
2026-09-12T20:06:04-05:00,PUR_IED_JoseAcevedo_Ext_b47484,PUR_IED_JoseAcevedo_Ext_b47484,,,,,
2026-09-12T20:06:04-05:00,PUR_IED_JoseMarti_Exte_5b9bf,PUR_IED_JoseMarti_Exte_5b9bf,,,,,
2026-09-12T20:06:04-05:00,PUR_IED_JoseMarti_LabQuim_1c6c2d,PUR_IED_JoseMarti_LabQuim_1c6c2d,,,,,
2026-09-12T20:06:04-05:00,PUR_IED_JoseMarti_S_info_f5f177,PUR_IED_JoseMarti_S_info_f5f177,,,,,
2026-09-12T20:06:04-05:00,PUR_IED_Josejoaquin_Ext_dfc5dc,PUR_IED_Josejoaquin_Ext_dfc5dc,,,,,
2026-09-12T20:06:04-05:00,PUR_IED_Josejoaquin_S05_5b2a96,PUR_IED_Josejoaquin_S05_5b2a96,,,,,
2026-09-12T20:06:04-05:00,PUR_IED_Josejoaquin_S06_1ce7d2,PUR_IED_Josejoaquin_S06_1ce7d2,,,,,
2026-09-12T20:06:04-05:00,PUR_IED_JulioFlorez_Danza_9b82dd,PUR_IED_JulioFlorez_Danza_9b82dd,,,,,
2026-09-12T20:06:04-05:00,PUR_IED_JulioFlorez_Exter_f9f314,PUR_IED_JulioFlorez_Exter_f9f314,,,,,
2026-09-12T20:06:04-05:00,PUR_IED_JulioFlorez_info2_6b6e08,PUR_IED_JulioFlorez_info2_6b6e08,,,,,
2026-09-12T20:06:04-05:00,PUR_IED_LaBelleza_Aula13_1d00d8,PUR_IED_LaBelleza_Aula13_1d00d8,,,,,
2026-09-12T20:06:04-05:00,PUR_IED_LaBelleza_Ext_7bc08c,PUR_IED_LaBelleza_Ext_7bc08c,,,,,
2026-09-12T20:06:04-05:00,PUR_IED_LaChucua_Ext_8cd6d2,PUR_IED_LaChucua_Ext_8cd6d2,,,,,
2026-09-12T20:06:04-05:00,PUR_IED_LaChucua_S15_f578ce,PUR_IED_LaChucua_S15_f578ce,,,,,
2026-09-12T20:06:04-05:00,PUR_IED_LaChucua_S16_eebcf9,PUR_IED_LaChucua_S16_eebcf9,,,,,
2026-09-12T20:06:04-05:00,PUR_IED_LaFelicidad_Ext_fb5109,PUR_IED_LaFelicidad_Ext_fb5109,,,,,
2026-09-12T20:06:04-05:00,PUR_IED_LaMerced_206_66ebd,PUR_IED_LaMerced_206_66ebd,,,,,
2026-09-12T20:06:04-05:00,PUR_IED_LaMerced_207_6ebd6,PUR_IED_LaMerced_207_6ebd6,,,,,
2026-09-12T20:06:04-05:00,PUR_IED_LaMerced_ext_304311,PUR_IED_LaMerced_ext_304311,,,,,
2026-09-12T20:06:04-05:00,PUR_IED_Laureano_CiencNat_281e5e,PUR_IED_Laureano_CiencNat_281e5e,,,,,
2026-09-12T20:06:04-05:00,PUR_IED_Laureano_Comedor_f65c0a,PUR_IED_Laureano_Comedor_f65c0a,,,,,
2026-09-12T20:06:04-05:00,PUR_IED_Laureano_Exterior_7ab011,PUR_IED_Laureano_Exterior_7ab011,,,,,
2026-09-12T20:06:04-05:00,PUR_IED_LeonGreiff_Exte_dfe560,PUR_IED_LeonGreiff_Exte_dfe560,,,,,
2026-09-12T20:06:04-05:00,PUR_IED_LeonGreiff_S210_f264ed,PUR_IED_LeonGreiff_S210_f264ed,,,,,
2026-09-12T20:06:04-05:00,PUR_IED_LeonGreiff_SQuimi_e8296f,PUR_IED_LeonGreiff_SQuimi_e8296f,,,,,
2026-09-12T20:06:04-05:00,PUR_IED_LlanoOrientalS208_7b9fcd,PUR_IED_LlanoOrientalS208_7b9fcd,,,,,
2026-09-12T20:06:04-05:00,PUR_IED_LlanoOriental_Ext_fb3766,PUR_IED_LlanoOriental_Ext_fb3766,,,,,
2026-09-12T20:06:04-05:00,PUR_IED_LlanoOriental_S208_7b9fcd,PUR_IED_LlanoOriental_S208_7b9fcd,,,,,
2026-09-12T20:06:04-05:00,PUR_IED_LlanoOriental_S9_27b378,PUR_IED_LlanoOriental_S9_27b378,,,,,
2026-09-12T20:06:04-05:00,PUR_IED_LosTejares_1101_477602,PUR_IED_LosTejares_1101_477602,,,,,
2026-09-12T20:06:04-05:00,PUR_IED_LosTejares_11_d2c595,PUR_IED_LosTejares_11_d2c595,,,,,
2026-09-12T20:06:04-05:00,PUR_IED_LosTejares_12_477602,PUR_IED_LosTejares_12_477602,,,,,
2026-09-12T20:06:04-05:00,PUR_IED_LosTejares_Ext_8e2115,PUR_IED_LosTejares_Ext_8e2115,,,,,
2026-09-12T20:06:04-05:00,PUR_IED_MagdalenaO_B202_5ddda3,PUR_IED_MagdalenaO_B202_5ddda3,,,,,
2026-09-12T20:06:04-05:00,PUR_IED_MagdalenaO_B205_fb76e8,PUR_IED_MagdalenaO_B205_fb76e8,,,,,
2026-09-12T20:06:04-05:00,PUR_IED_MagdalenaO_ext_dc69cd,PUR_IED_MagdalenaO_ext_dc69cd,,,,,
2026-09-12T20:06:04-05:00,PUR_IED_ManueCepeda_artes_eee956,PUR_IED_ManueCepeda_artes_eee956,,,,,
2026-09-12T20:06:04-05:00,PUR_IED_ManuelCepeda_Ext_58313,PUR_IED_ManuelCepeda_Ext_58313,,,,,
2026-09-12T20:06:04-05:00,PUR_IED_ManuelCepeda_tec_1c5731,PUR_IED_ManuelCepeda_tec_1c5731,,,,,
2026-09-12T20:06:04-05:00,PUR_IED_ManuelS_Exterior_5b269,PUR_IED_ManuelS_Exterior_5b269,,,,,
2026-09-12T20:06:04-05:00,PUR_IED_ManuelS_Inform_f369ce,PUR_IED_ManuelS_Inform_f369ce,,,,,
2026-09-12T20:06:04-05:00,PUR_IED_ManuelS_SArtes_7d15f1,PUR_IED_ManuelS_SArtes_7d15f1,,,,,
2026-09-12T20:06:04-05:00,PUR_IED_ManuelZapata_303_3ca6,PUR_IED_ManuelZapata_303_3ca6,,,,,
2026-09-12T20:06:04-05:00,PUR_IED_ManuelZapata_311_bfbabc,PUR_IED_ManuelZapata_311_bfbabc,,,,,
2026-09-12T20:06:04-05:00,PUR_IED_ManuelZapata_Ext_50824a,PUR_IED_ManuelZapata_Ext_50824a,,,,,
2026-09-12T20:06:04-05:00,PUR_IED_ManuelitaS_Exteri_656a92,PUR_IED_ManuelitaS_Exteri_656a92,,,,,
2026-09-12T20:06:04-05:00,PUR_IED_ManuelitaS_JuzgDe_f58ec3,PUR_IED_ManuelitaS_JuzgDe_f58ec3,,,,,
2026-09-12T20:06:04-05:00,PUR_IED_ManuelitaS_Recrea_d793db,PUR_IED_ManuelitaS_Recrea_d793db,,,,,
2026-09-12T20:06:04-05:00,PUR_IED_MarFidSuarez_Ext_c27b19,PUR_IED_MarFidSuarez_Ext_c27b19,,,,,
2026-09-12T20:06:04-05:00,PUR_IED_MarFidSuarez_Info_e384d7,PUR_IED_MarFidSuarez_Info_e384d7,,,,,
2026-09-12T20:06:04-05:00,PUR_IED_MarFidSuarez_S306_1d0032,PUR_IED_MarFidSuarez_S306_1d0032,,,,,
2026-09-12T20:06:04-05:00,PUR_IED_Menorah_301_2a25a3,PUR_IED_Menorah_301_2a25a3,,,,,
2026-09-12T20:06:04-05:00,PUR_IED_Menorah_306_37ed3,PUR_IED_Menorah_306_37ed3,,,,,
2026-09-12T20:06:04-05:00,PUR_IED_Menorah_Ext_3e155b,PUR_IED_Menorah_Ext_3e155b,,,,,
2026-09-12T20:06:04-05:00,PUR_IED_MinutoB.Aires_A11_1b1604,PUR_IED_MinutoB.Aires_A11_1b1604,,,,,
2026-09-12T20:06:04-05:00,PUR_IED_MinutoB.Aires_A12_fb5860,PUR_IED_MinutoB.Aires_A12_fb5860,,,,,
2026-09-12T20:06:04-05:00,PUR_IED_MinutoB.Aires_Ext_81293f,PUR_IED_MinutoB.Aires_Ext_81293f,,,,,
2026-09-12T20:06:04-05:00,PUR_IED_MinutoBAires_A11_1b1604,PUR_IED_MinutoBAires_A11_1b1604,,,,,
2026-09-12T20:06:04-05:00,PUR_IED_MinutoBAires_A12_fb5860,PUR_IED_MinutoBAires_A12_fb5860,,,,,
2026-09-12T20:06:04-05:00,PUR_IED_MinutoBAires_Ext_81293f,PUR_IED_MinutoBAires_Ext_81293f,,,,,
2026-09-12T20:06:04-05:00,PUR_IED_Montreal_Aula10_1e4959,PUR_IED_Montreal_Aula10_1e4959,,,,,
2026-09-12T20:06:04-05:00,PUR_IED_Montreal_Aula6_300367,PUR_IED_Montreal_Aula6_300367,,,,,
2026-09-12T20:06:04-05:00,PUR_IED_Montreal_Exterior_91a179,PUR_IED_Montreal_Exterior_91a179,,,,,
2026-09-12T20:06:04-05:00,PUR_IED_Mqgdalena_B202_5ddda3,PUR_IED_Mqgdalena_B202_5ddda3,,,,,
2026-09-12T20:06:04-05:00,PUR_IED_NACUND_Soc_dc8728,PUR_IED_NACUND_Soc_dc8728,,,,,
2026-09-12T20:06:04-05:00,PUR_IED_NACUND_ext_27ad97,PUR_IED_NACUND_ext_27ad97,,,,,
2026-09-12T20:06:04-05:00,PUR_IED_NEsperanza_Ext_d24b61,PUR_IED_NEsperanza_Ext_d24b61,,,,,
2026-09-12T20:06:04-05:00,PUR_IED_NEsperanza_SElect_7d1807,PUR_IED_NEsperanza_SElect_7d1807,,,,,
2026-09-12T20:06:04-05:00,PUR_IED_NEsperanza_SLabor_8b2d0a,PUR_IED_NEsperanza_SLabor_8b2d0a,,,,,
2026-09-12T20:06:04-05:00,PUR_IED_NacionesU_Ext_f661a9,PUR_IED_NacionesU_Ext_f661a9,,,,,
2026-09-12T20:06:04-05:00,PUR_IED_NacionesU_Quimica_66f0a,PUR_IED_NacionesU_Quimica_66f0a,,,,,
2026-09-12T20:06:04-05:00,PUR_IED_NacionesU_S306_1b4b3d,PUR_IED_NacionesU_S306_1b4b3d,,,,,
2026-09-12T20:06:04-05:00,PUR_IED_NestorFA_Ext_e4201c,PUR_IED_NestorFA_Ext_e4201c,,,,,
2026-09-12T20:06:04-05:00,PUR_IED_NestorFA_Laborato_f22fe0,PUR_IED_NestorFA_Laborato_f22fe0,,,,,
2026-09-12T20:06:04-05:00,PUR_IED_NestorFA_S204_dee996,PUR_IED_NestorFA_S204_dee996,,,,,
2026-09-12T20:06:04-05:00,PUR_IED_NidyaQT_Aula03_76999b,PUR_IED_NidyaQT_Aula03_76999b,,,,,
2026-09-12T20:06:04-05:00,PUR_IED_NidyaQT_Aula10_56325,PUR_IED_NidyaQT_Aula10_56325,,,,,
2026-09-12T20:06:04-05:00,PUR_IED_NidyaQT_Ext_46e32d,PUR_IED_NidyaQT_Ext_46e32d,,,,,
2026-09-12T20:06:04-05:00,PUR_IED_NuevaCol_Exterior_d9b859,PUR_IED_NuevaCol_Exterior_d9b859,,,,,
2026-09-12T20:06:04-05:00,PUR_IED_NuevaCol_S1101_76c43b,PUR_IED_NuevaCol_S1101_76c43b,,,,,
2026-09-12T20:06:04-05:00,PUR_IED_NuevaCol_S1102_1ce0b5,PUR_IED_NuevaCol_S1102_1ce0b5,,,,,
2026-09-12T20:06:04-05:00,PUR_IED_OEA_A202_f7e3f2,PUR_IED_OEA_A202_f7e3f2,,,,,
2026-09-12T20:06:04-05:00,PUR_IED_OEA_A203_7d1b8d,PUR_IED_OEA_A203_7d1b8d,,,,,
2026-09-12T20:06:04-05:00,PUR_IED_OEA_Ext_27b593,PUR_IED_OEA_Ext_27b593,,,,,
2026-09-12T20:06:04-05:00,PUR_IED_Ochoa_Ext_1c29da,PUR_IED_Ochoa_Ext_1c29da,,,,,
2026-09-12T20:06:04-05:00,PUR_IED_Ochoa_S205_8b1121,PUR_IED_Ochoa_S205_8b1121,,,,,
2026-09-12T20:06:04-05:00,PUR_IED_Ochoa_Sistemas_f33af6,PUR_IED_Ochoa_Sistemas_f33af6,,,,,
2026-09-12T20:06:04-05:00,PUR_IED_PQuebec_Ext_1c67c7,PUR_IED_PQuebec_Ext_1c67c7,,,,,
2026-09-12T20:06:04-05:00,PUR_IED_PQuebec_S15_23e8e2,PUR_IED_PQuebec_S15_23e8e2,,,,,
2026-09-12T20:06:04-05:00,PUR_IED_PQuebec_S16_8ec76b,PUR_IED_PQuebec_S16_8ec76b,,,,,
2026-09-12T20:06:04-05:00,PUR_IED_PabloN_Ext_49dc96,PUR_IED_PabloN_Ext_49dc96,,,,,
2026-09-12T20:06:04-05:00,PUR_IED_PabloN_S1102_4e3df5,PUR_IED_PabloN_S1102_4e3df5,,,,,
2026-09-12T20:06:04-05:00,PUR_IED_PabloN_S1103_50c94b,PUR_IED_PabloN_S1103_50c94b,,,,,
2026-09-12T20:06:04-05:00,PUR_IED_Palestina_S1101_db9198,PUR_IED_Palestina_S1101_db9198,,,,,
2026-09-12T20:06:04-05:00,PUR_IED_Palestina_S1102_dc54fa,PUR_IED_Palestina_S1102_dc54fa,,,,,
2026-09-12T20:06:04-05:00,PUR_IED_Palestina_ext_4ccce6,PUR_IED_Palestina_ext_4ccce6,,,,,
2026-09-12T20:06:04-05:00,PUR_IED_Panama_Fisica_4d0794,PUR_IED_Panama_Fisica_4d0794,,,,,
2026-09-12T20:06:04-05:00,PUR_IED_Panama_SIngles_a4077e,PUR_IED_Panama_SIngles_a4077e,,,,,
2026-09-12T20:06:04-05:00,PUR_IED_Panama_ext_4c54b4,PUR_IED_Panama_ext_4c54b4,,,,,
2026-09-12T20:06:04-05:00,PUR_IED_ParaisoM_Exterior_8cd7f0,PUR_IED_ParaisoM_Exterior_8cd7f0,,,,,
2026-09-12T20:06:04-05:00,PUR_IED_ParaisoM_Laborato_27af35,PUR_IED_ParaisoM_Laborato_27af35,,,,,
2026-09-12T20:06:04-05:00,PUR_IED_ParaisoM_S304_d1edca,PUR_IED_ParaisoM_S304_d1edca,,,,,
2026-09-12T20:06:04-05:00,PUR_IED_PorfirioBarba_Ext_301466,PUR_IED_PorfirioBarba_Ext_301466,,,,,
2026-09-12T20:06:04-05:00,PUR_IED_PorfirioBarba_S11_df6cd2,PUR_IED_PorfirioBarba_S11_df6cd2,,,,,
2026-09-12T20:06:04-05:00,PUR_IED_PorfirioBarba_S29_27a7d6,PUR_IED_PorfirioBarba_S29_27a7d6,,,,,
2026-09-12T20:06:04-05:00,PUR_IED_PradoV_Exter_8b27ad,PUR_IED_PradoV_Exter_8b27ad,,,,,
2026-09-12T20:06:04-05:00,PUR_IED_PradoV_S301_de65b5,PUR_IED_PradoV_S301_de65b5,,,,,
2026-09-12T20:06:04-05:00,PUR_IED_PradoV_S302_7d2593,PUR_IED_PradoV_S302_7d2593,,,,,
2026-09-12T20:06:04-05:00,PUR_IED_QuirogaAlz_Ext_1ddc82,PUR_IED_QuirogaAlz_Ext_1ddc82,,,,,
2026-09-12T20:06:04-05:00,PUR_IED_QuirogaAlz_S302_9926a3,PUR_IED_QuirogaAlz_S302_9926a3,,,,,
2026-09-12T20:06:04-05:00,PUR_IED_QuirogaAlz_S305_cdf1f1,PUR_IED_QuirogaAlz_S305_cdf1f1,,,,,
2026-09-12T20:06:04-05:00,PUR_IED_RGuatemala_Biling_dc53b7,PUR_IED_RGuatemala_Biling_dc53b7,,,,,
2026-09-12T20:06:04-05:00,PUR_IED_RGuatemala_Ext_1b89a3,PUR_IED_RGuatemala_Ext_1b89a3,,,,,
2026-09-12T20:06:04-05:00,PUR_IED_RGuatemala_Tecnol_281a34,PUR_IED_RGuatemala_Tecnol_281a34,,,,,
2026-09-12T20:06:04-05:00,PUR_IED_RafaNu_Ext_f7c302,PUR_IED_RafaNu_Ext_f7c302,,,,,
2026-09-12T20:06:04-05:00,PUR_IED_RafaNu_S1101_25fde,PUR_IED_RafaNu_S1101_25fde,,,,,
2026-09-12T20:06:04-05:00,PUR_IED_RafaNu_S1102_281517,PUR_IED_RafaNu_S1102_281517,,,,,
2026-09-12T20:06:04-05:00,PUR_IED_RafaelB_S305_ee2783,PUR_IED_RafaelB_S305_ee2783,,,,,
2026-09-12T20:06:04-05:00,PUR_IED_RafaelB_S306_75fe33,PUR_IED_RafaelB_S306_75fe33,,,,,
2026-09-12T20:06:04-05:00,PUR_IED_RafaelB_ext_283336,PUR_IED_RafaelB_ext_283336,3,19,63,4.6722,-74.0737
2026-09-12T20:06:04-05:00,PUR_IED_RafaelUU_Exterior_281a51,PUR_IED_RafaelUU_Exterior_281a51,,,,,
2026-09-12T20:06:04-05:00,PUR_IED_RafaelUU_Human_806b2,PUR_IED_RafaelUU_Human_806b2,,,,,
2026-09-12T20:06:04-05:00,PUR_IED_RafaelUU_Mate2_5680d4,PUR_IED_RafaelUU_Mate2_5680d4,,,,,
2026-09-12T20:06:04-05:00,PUR_IED_RamonSub_Ext_f9eeb9,PUR_IED_RamonSub_Ext_f9eeb9,,,,,
2026-09-12T20:06:04-05:00,PUR_IED_RamonSub_Media_d1f62f,PUR_IED_RamonSub_Media_d1f62f,,,,,
2026-09-12T20:06:04-05:00,PUR_IED_RamonSub_planta_51b82,PUR_IED_RamonSub_planta_51b82,,,,,
2026-09-12T20:06:04-05:00,PUR_IED_RepBoliVene_Exter_27af7c,PUR_IED_RepBoliVene_Exter_27af7c,,,,,
2026-09-12T20:06:04-05:00,PUR_IED_RepBoliVene_SCPT_5ae2ee,PUR_IED_RepBoliVene_SCPT_5ae2ee,,,,,
2026-09-12T20:06:04-05:00,PUR_IED_RepBoliVene_Socia_4b11d5,PUR_IED_RepBoliVene_Socia_4b11d5,,,,,
2026-09-12T20:06:04-05:00,PUR_IED_RepChina_Ext_76d9ee,PUR_IED_RepChina_Ext_76d9ee,,,,,
2026-09-12T20:06:04-05:00,PUR_IED_RepChina_S404_7c804c,PUR_IED_RepChina_S404_7c804c,,,,,
2026-09-12T20:06:04-05:00,PUR_IED_RepChina_S405_df2c33,PUR_IED_RepChina_S405_df2c33,,,,,
2026-09-12T20:06:04-05:00,PUR_IED_RepublicaC_Exteri_7d1ec9,PUR_IED_RepublicaC_Exteri_7d1ec9,,,,,
2026-09-12T20:06:04-05:00,PUR_IED_RepublicaC_S1101_f544b3,PUR_IED_RepublicaC_S1101_f544b3,,,,,
2026-09-12T20:06:04-05:00,PUR_IED_RepublicaC_S1102_7aafc7,PUR_IED_RepublicaC_S1102_7aafc7,,,,,
2026-09-12T20:06:04-05:00,PUR_IED_Ricaurte_Externo_a0ea1,PUR_IED_Ricaurte_Externo_a0ea1,,,,,
2026-09-12T20:06:04-05:00,PUR_IED_Ricaurte_S210_f546fd,PUR_IED_Ricaurte_S210_f546fd,,,,,
2026-09-12T20:06:04-05:00,PUR_IED_Ricaurte_S309_d4452,PUR_IED_Ricaurte_S309_d4452,,,,,
2026-09-12T20:06:04-05:00,PUR_IED_RogelioS_1102_531e69,PUR_IED_RogelioS_1102_531e69,,,,,
2026-09-12T20:06:04-05:00,PUR_IED_RogelioS_Ext_f25a18,PUR_IED_RogelioS_Ext_f25a18,,,,,
2026-09-12T20:06:04-05:00,PUR_IED_SBernardino_Ext_27aff8,PUR_IED_SBernardino_Ext_27aff8,,,,,
2026-09-12T20:06:04-05:00,PUR_IED_SBernardino_SArte_2ffd33,PUR_IED_SBernardino_SArte_2ffd33,,,,,
2026-09-12T20:06:04-05:00,PUR_IED_SBernardino_SIngl_7c7da5,PUR_IED_SBernardino_SIngl_7c7da5,,,,,
2026-09-12T20:06:04-05:00,PUR_IED_Sago_auditorio_dc9d1d,PUR_IED_Sago_auditorio_dc9d1d,,,,,
2026-09-12T20:06:04-05:00,PUR_IED_Saludcoop_Ext_95aac3,PUR_IED_Saludcoop_Ext_95aac3,,,,,
2026-09-12T20:06:04-05:00,PUR_IED_Saludcoop_InfI_90c854,PUR_IED_Saludcoop_InfI_90c854,,,,,
2026-09-12T20:06:04-05:00,PUR_IED_Saludcoop_SMedia_1b93be,PUR_IED_Saludcoop_SMedia_1b93be,,,,,
2026-09-12T20:06:04-05:00,PUR_IED_SanCarlos_1101_1a2360,PUR_IED_SanCarlos_1101_1a2360,,,,,
2026-09-12T20:06:04-05:00,PUR_IED_SanCarlos_1103_7bafb5,PUR_IED_SanCarlos_1103_7bafb5,,,,,
2026-09-12T20:06:04-05:00,PUR_IED_SanCarlos_Ext_b7cd1,PUR_IED_SanCarlos_Ext_b7cd1,,,,,
2026-09-12T20:06:04-05:00,PUR_IED_SanIgnacioBosa11a_50c26e,PUR_IED_SanIgnacioBosa11a_50c26e,,,,,
2026-09-12T20:06:04-05:00,PUR_IED_SanIgnacioBosa11b_371de8,PUR_IED_SanIgnacioBosa11b_371de8,,,,,
2026-09-12T20:06:04-05:00,PUR_IED_SanIgnacioBosaExt_ef0ffc,PUR_IED_SanIgnacioBosaExt_ef0ffc,,,,,
2026-09-12T20:06:04-05:00,PUR_IED_SanIgnacioBosa_11a_50c26e,PUR_IED_SanIgnacioBosa_11a_50c26e,,,,,
2026-09-12T20:06:04-05:00,PUR_IED_SanIgnacioBosa_Ext_ef0ffc,PUR_IED_SanIgnacioBosa_Ext_ef0ffc,,,,,
2026-09-12T20:06:04-05:00,PUR_IED_SanJoseN_intS1101_31c47f,PUR_IED_SanJoseN_intS1101_31c47f,,,,,
2026-09-12T20:06:04-05:00,PUR_IED_SanJoseUsm_Exter_f5d7e8,PUR_IED_SanJoseUsm_Exter_f5d7e8,,,,,
2026-09-12T20:06:04-05:00,PUR_IED_SanJoseUsm_Int11A_cfdef6,PUR_IED_SanJoseUsm_Int11A_cfdef6,,,,,
2026-09-12T20:06:04-05:00,PUR_IED_SilveriaR_IntB5_905349,PUR_IED_SilveriaR_IntB5_905349,,,,,
2026-09-12T20:06:04-05:00,PUR_IED_SilveriaR_IntSD14_981f93,PUR_IED_SilveriaR_IntSD14_981f93,,,,,
2026-09-12T20:06:04-05:00,PUR_IED_SilveriaR_ext_2b651d,PUR_IED_SilveriaR_ext_2b651d,,,,,
2026-09-12T20:06:04-05:00,PUR_IED_SimonB_Exterior_913975,PUR_IED_SimonB_Exterior_913975,,,,,
2026-09-12T20:06:04-05:00,PUR_IED_SimonB_LabQuimi_c56908,PUR_IED_SimonB_LabQuimi_c56908,,,,,
2026-09-12T20:06:04-05:00,PUR_IED_SimonB_informatic_a28c1,PUR_IED_SimonB_informatic_a28c1,,,,,
2026-09-12T20:06:04-05:00,PUR_IED_Sorrento_1102_315f50,PUR_IED_Sorrento_1102_315f50,,,,,
2026-09-12T20:06:04-05:00,PUR_IED_Sorrento_Minte_214eab,PUR_IED_Sorrento_Minte_214eab,,,,,
2026-09-12T20:06:04-05:00,PUR_IED_Sorrento_ext_7c3a0a,PUR_IED_Sorrento_ext_7c3a0a,,,,,
2026-09-12T20:06:04-05:00,PUR_IED_Tabora_Ext_f048ae,PUR_IED_Tabora_Ext_f048ae,,,,,
2026-09-12T20:06:04-05:00,PUR_IED_Tabora_S1102_b07752,PUR_IED_Tabora_S1102_b07752,,,,,
2026-09-12T20:06:04-05:00,PUR_IED_Tabora_S1103_d988f5,PUR_IED_Tabora_S1103_d988f5,,,,,
2026-09-12T20:06:04-05:00,PUR_IED_Tenerife_Ext_1ab188,PUR_IED_Tenerife_Ext_1ab188,,,,,
2026-09-12T20:06:04-05:00,PUR_IED_Tenerife_SDanzas_7bc02e,PUR_IED_Tenerife_SDanzas_7bc02e,,,,,
2026-09-12T20:06:04-05:00,PUR_IED_Tenerife_SIngles_7cc277,PUR_IED_Tenerife_SIngles_7cc277,,,,,
2026-09-12T20:06:04-05:00,PUR_IED_Tibabuyes_Exter_f2683d,PUR_IED_Tibabuyes_Exter_f2683d,,,,,
2026-09-12T20:06:04-05:00,PUR_IED_Tibabuyes_S10_dc87a8,PUR_IED_Tibabuyes_S10_dc87a8,,,,,
2026-09-12T20:06:04-05:00,PUR_IED_Tibabuyes_S15_dc0526,PUR_IED_Tibabuyes_S15_dc0526,,,,,
2026-09-12T20:06:04-05:00,PUR_IED_UnionE_S301_a1043,PUR_IED_UnionE_S301_a1043,,,,,
2026-09-12T20:06:04-05:00,PUR_IED_UnionE_S307_ff6c2f,PUR_IED_UnionE_S307_ff6c2f,,,,,
2026-09-12T20:06:04-05:00,PUR_IED_UnionE__Ext_5e2468,PUR_IED_UnionE__Ext_5e2468,,,,,
2026-09-12T20:06:04-05:00,PUR_IED_VillaRica_Ext_75be7c,PUR_IED_VillaRica_Ext_75be7c,,,,,
2026-09-12T20:06:04-05:00,PUR_IED_VillaRica_S4_cc5dcd,PUR_IED_VillaRica_S4_cc5dcd,,,,,
2026-09-12T20:06:04-05:00,PUR_IED_VillaRica_Sesp_99f5c,PUR_IED_VillaRica_Sesp_99f5c,,,,,
2026-09-12T20:11:05-05:00,PUR_IED_20deJulio_1101_91b1b9,PUR_IED_20deJulio_1101_91b1b9,,,,,
2026-09-12T20:11:05-05:00,PUR_IED_20deJulio_1102_1cfcf9,PUR_IED_20deJulio_1102_1cfcf9,,,,,
2026-09-12T20:11:05-05:00,PUR_IED_20deJulio_Ext_ab60bd,PUR_IED_20deJulio_Ext_ab60bd,,,,,
2026-09-12T20:11:05-05:00,PUR_IED_AgustinFer_Ext_7b9b77,PUR_IED_AgustinFer_Ext_7b9b77,,,,,
2026-09-12T20:11:05-05:00,PUR_IED_AgustinFer_Info2_27b3a7,PUR_IED_AgustinFer_Info2_27b3a7,,,,,
2026-09-12T20:11:05-05:00,PUR_IED_AgustinFer_Sena_54b4eb,PUR_IED_AgustinFer_Sena_54b4eb,,,,,
2026-09-12T20:11:05-05:00,PUR_IED_AlexanderF_1102_caf07b,PUR_IED_AlexanderF_1102_caf07b,,,,,
2026-09-12T20:11:05-05:00,PUR_IED_AlexanderF_1103_c79e71,PUR_IED_AlexanderF_1103_c79e71,,,,,
2026-09-12T20:11:05-05:00,PUR_IED_AlexanderF_Ext_c5b18b,PUR_IED_AlexanderF_Ext_c5b18b,,,,,
2026-09-12T20:11:05-05:00,PUR_IED_AlfonsoLopez_Ext_281d77,PUR_IED_AlfonsoLopez_Ext_281d77,,,,,
2026-09-12T20:11:05-05:00,PUR_IED_AlfonsoLopez_LabF_888ce0,PUR_IED_AlfonsoLopez_LabF_888ce0,,,,,
2026-09-12T20:11:05-05:00,PUR_IED_AlfonsoLopez_SMed_df6a7f,PUR_IED_AlfonsoLopez_SMed_df6a7f,,,,,
2026-09-12T20:11:05-05:00,PUR_IED_AltamiraSO_A2_209f92,PUR_IED_AltamiraSO_A2_209f92,,,,,
2026-09-12T20:11:05-05:00,PUR_IED_AltamiraSO_Ext_186d66,PUR_IED_AltamiraSO_Ext_186d66,,,,,
2026-09-12T20:11:05-05:00,PUR_IED_AltamiraSO_Sistem_27afe1,PUR_IED_AltamiraSO_Sistem_27afe1,,,,,
2026-09-12T20:11:05-05:00,PUR_IED_AlvaroGom_LabQuim_813179,PUR_IED_AlvaroGom_LabQuim_813179,,,,,
2026-09-12T20:11:05-05:00,PUR_IED_AlvaroGomez_Ext_47c7ca,PUR_IED_AlvaroGomez_Ext_47c7ca,,,,,
2026-09-12T20:11:05-05:00,PUR_IED_AlvaroGomez_LabQuim_813179,PUR_IED_AlvaroGomez_LabQuim_813179,,,,,
2026-09-12T20:11:05-05:00,PUR_IED_AlvaroGomez_S23_7ba89f,PUR_IED_AlvaroGomez_S23_7ba89f,,,,,
2026-09-12T20:11:05-05:00,PUR_IED_Amistad_306_dc8728,PUR_IED_Amistad_306_dc8728,,,,,
2026-09-12T20:11:05-05:00,PUR_IED_Amistad_Ext_8cd55e,PUR_IED_Amistad_Ext_8cd55e,,,,,
2026-09-12T20:11:05-05:00,PUR_IED_Amistad_S202_a41169,PUR_IED_Amistad_S202_a41169,,,,,
2026-09-12T20:11:05-05:00,PUR_IED_AndresBello_Bio_fd5f5e,PUR_IED_AndresBello_Bio_fd5f5e,,,,,
2026-09-12T20:11:05-05:00,PUR_IED_AndresBello_ext_dcad65,PUR_IED_AndresBello_ext_dcad65,,,,,
2026-09-12T20:11:05-05:00,PUR_IED_AndresBello_port_eed3ec,PUR_IED_AndresBello_port_eed3ec,,,,,
2026-09-12T20:11:05-05:00,PUR_IED_AngelaR_11b_d90a6b,PUR_IED_AngelaR_11b_d90a6b,,,,,
2026-09-12T20:11:05-05:00,PUR_IED_AngelaR_ext_7cad3e,PUR_IED_AngelaR_ext_7cad3e,4,19,62,4.5825,-74.164497
2026-09-12T20:11:05-05:00,PUR_IED_AntJoseSucre_10mo_df2575,PUR_IED_AntJoseSucre_10mo_df2575,,,,,
2026-09-12T20:11:05-05:00,PUR_IED_AntJoseSucre_Ext_215b36,PUR_IED_AntJoseSucre_Ext_215b36,,,,,
2026-09-12T20:11:05-05:00,PUR_IED_AntJoseSucre_Lab_3139de,PUR_IED_AntJoseSucre_Lab_3139de,,,,,
2026-09-12T20:11:05-05:00,PUR_IED_AntonioGarcia_301_d6b188,PUR_IED_AntonioGarcia_301_d6b188,,,,,
2026-09-12T20:11:05-05:00,PUR_IED_AntonioGarcia_302_88a82,PUR_IED_AntonioGarcia_302_88a82,,,,,
2026-09-12T20:11:05-05:00,PUR_IED_AntonioGarcia_Ext_20950c,PUR_IED_AntonioGarcia_Ext_20950c,,,,,
2026-09-12T20:11:05-05:00,PUR_IED_AntonioVan_Aula2_6dea02,PUR_IED_AntonioVan_Aula2_6dea02,,,,,
2026-09-12T20:11:05-05:00,PUR_IED_AntonioVan_Aula5_f1557e,PUR_IED_AntonioVan_Aula5_f1557e,,,,,
2026-09-12T20:11:05-05:00,PUR_IED_AntonioVan_Ext_406f2f,PUR_IED_AntonioVan_Ext_406f2f,,,,,
2026-09-12T20:11:05-05:00,PUR_IED_Atabanzha_Ext_cc5af9,PUR_IED_Atabanzha_Ext_cc5af9,,,,,
2026-09-12T20:11:05-05:00,PUR_IED_Atabanzha_SA101_56c37,PUR_IED_Atabanzha_SA101_56c37,,,,,
2026-09-12T20:11:05-05:00,PUR_IED_Atabanzha_SB302_27b374,PUR_IED_Atabanzha_SB302_27b374,,,,,
2026-09-12T20:11:05-05:00,PUR_IED_Atahualpa_Ext_fc1748,PUR_IED_Atahualpa_Ext_fc1748,,,,,
2026-09-12T20:11:05-05:00,PUR_IED_Atahualpa_Informa_dc9a95,PUR_IED_Atahualpa_Informa_dc9a95,,,,,
2026-09-12T20:11:05-05:00,PUR_IED_Atahualpa_S1101_f98056,PUR_IED_Atahualpa_S1101_f98056,,,,,
2026-09-12T20:11:05-05:00,PUR_IED_Bellavista_Ext_f5aa74,PUR_IED_Bellavista_Ext_f5aa74,,,,,
2026-09-12T20:11:05-05:00,PUR_IED_Bilbao_11A_916c41,PUR_IED_Bilbao_11A_916c41,,,,,
2026-09-12T20:11:05-05:00,PUR_IED_Bilbao_Ext_fb579a,PUR_IED_Bilbao_Ext_fb579a,,,,,
2026-09-12T20:11:05-05:00,PUR_IED_BrasiliaU_A125_304280,PUR_IED_BrasiliaU_A125_304280,,,,,
2026-09-12T20:11:05-05:00,PUR_IED_BrasiliaU_A203_7c8ca5,PUR_IED_BrasiliaU_A203_7c8ca5,,,,,
2026-09-12T20:11:05-05:00,PUR_IED_BrasiliaU_Ext_8d6e9f,PUR_IED_BrasiliaU_Ext_8d6e9f,6,17,63,4.5175,-74.116302
2026-09-12T20:11:05-05:00,PUR_IED_Brasilia_Ext_fe6593,PUR_IED_Brasilia_Ext_fe6593,,,,,
2026-09-12T20:11:05-05:00,PUR_IED_Brasilia_S24_7c130d,PUR_IED_Brasilia_S24_7c130d,,,,,
2026-09-12T20:11:05-05:00,PUR_IED_Brasilia_S501_186a54,PUR_IED_Brasilia_S501_186a54,,,,,
2026-09-12T20:11:05-05:00,PUR_IED_CHARRY_EXT_f1d5cd,PUR_IED_CHARRY_EXT_f1d5cd,,,,,
2026-09-12T20:11:05-05:00,PUR_IED_CHARRY_INTDANZAS_7a08e6,PUR_IED_CHARRY_INTDANZAS_7a08e6,,,,,
2026-09-12T20:11:05-05:00,PUR_IED_CHARRY_INT_AULA20_dc998d,PUR_IED_CHARRY_INT_AULA20_dc998d,,,,,
2026-09-12T20:11:05-05:00,PUR_IED_COLVIV_1101_S25_7f520a,PUR_IED_COLVIV_1101_S25_7f520a,,,,,
2026-09-12T20:11:05-05:00,PUR_IED_COLVIV_1102_S16_f570ba,PUR_IED_COLVIV_1102_S16_f570ba,,,,,
2026-09-12T20:11:05-05:00,PUR_IED_COLVIV_Ext_1a26fa,PUR_IED_COLVIV_Ext_1a26fa,,,,,
2026-09-12T20:11:05-05:00,PUR_IED_CULPOP_301A_f660f3,PUR_IED_CULPOP_301A_f660f3,,,,,
2026-09-12T20:11:05-05:00,PUR_IED_CULPOP_303_568afe,PUR_IED_CULPOP_303_568afe,,,,,
2026-09-12T20:11:05-05:00,PUR_IED_CULPOP_Ext_e02ccb,PUR_IED_CULPOP_Ext_e02ccb,,,,,
2026-09-12T20:11:05-05:00,PUR_IED_CVillavicen_Ext_26eb58,PUR_IED_CVillavicen_Ext_26eb58,2,15,78,4.487,-74.102798
2026-09-12T20:11:05-05:00,PUR_IED_CVillavicen_Intel_1ce5c2,PUR_IED_CVillavicen_Intel_1ce5c2,,,,,
2026-09-12T20:11:05-05:00,PUR_IED_CVillavicen_Poliv_e0766c,PUR_IED_CVillavicen_Poliv_e0766c,,,,,
2026-09-12T20:11:05-05:00,PUR_IED_CVillavicen_int_1ba140,PUR_IED_CVillavicen_int_1ba140,,,,,
2026-09-12T20:11:05-05:00,PUR_IED_CVillavicen_intel_1ba140,PUR_IED_CVillavicen_intel_1ba140,,,,,
2026-09-12T20:11:05-05:00,PUR_IED_CarlosPizarro_Ext_e307cc,PUR_IED_CarlosPizarro_Ext_e307cc,,,,,
2026-09-12T20:11:05-05:00,PUR_IED_CarlosPizarro_L36_7e5cdb,PUR_IED_CarlosPizarro_L36_7e5cdb,,,,,
2026-09-12T20:11:05-05:00,PUR_IED_CarlosPizarro_L37_c8566c,PUR_IED_CarlosPizarro_L37_c8566c,,,,,
2026-09-12T20:11:05-05:00,PUR_IED_Castilla_Ext_cf35f,PUR_IED_Castilla_Ext_cf35f,,,,,
2026-09-12T20:11:05-05:00,PUR_IED_Castilla_SFisik_360e38,PUR_IED_Castilla_SFisik_360e38,,,,,
2026-09-12T20:11:05-05:00,PUR_IED_Castilla_Sc304_496fbf,PUR_IED_Castilla_Sc304_496fbf,,,,,
2026-09-12T20:11:05-05:00,PUR_IED_CervantesSa_Ext_6b57b,PUR_IED_CervantesSa_Ext_6b57b,4,18,67,4.5128,-74.117203
2026-09-12T20:11:05-05:00,PUR_IED_CervantesSa_S107_225c2b,PUR_IED_CervantesSa_S107_225c2b,,,,,
2026-09-12T20:11:05-05:00,PUR_IED_CervantesSa_S108_940925,PUR_IED_CervantesSa_S108_940925,,,,,
2026-09-12T20:11:05-05:00,PUR_IED_Charry_A20_f53e7c,PUR_IED_Charry_A20_f53e7c,,,,,
2026-09-12T20:11:05-05:00,PUR_IED_Charry_Ext_f1d5cd,PUR_IED_Charry_Ext_f1d5cd,,,,,
2026-09-12T20:11:05-05:00,PUR_IED_Charry_IntAula20_dc998d,PUR_IED_Charry_IntAula20_dc998d,,,,,
2026-09-12T20:11:05-05:00,PUR_IED_Charry_IntDanzas_7a08e6,PUR_IED_Charry_IntDanzas_7a08e6,,,,,
2026-09-12T20:11:05-05:00,PUR_IED_ClememciaC_203_43e2fc,PUR_IED_ClememciaC_203_43e2fc,,,,,
2026-09-12T20:11:05-05:00,PUR_IED_ClememciaC_Ext_1b411a,PUR_IED_ClememciaC_Ext_1b411a,,,,,
2026-09-12T20:11:05-05:00,PUR_IED_ClememciaC_Quimic_44b5fc,PUR_IED_ClememciaC_Quimic_44b5fc,,,,,
2026-09-12T20:11:05-05:00,PUR_IED_ClemenciaC_203_43e2fc,PUR_IED_ClemenciaC_203_43e2fc,,,,,
2026-09-12T20:11:05-05:00,PUR_IED_ClemenciaC_Ext_1b411a,PUR_IED_ClemenciaC_Ext_1b411a,,,,,
2026-09-12T20:11:05-05:00,PUR_IED_ClemenciaC_Quimic_44b5fc,PUR_IED_ClemenciaC_Quimic_44b5fc,,,,,
2026-09-12T20:11:05-05:00,PUR_IED_ColViva_1101_S25_7f520a,PUR_IED_ColViva_1101_S25_7f520a,,,,,
2026-09-12T20:11:05-05:00,PUR_IED_ColViva_1102_S16_f570ba,PUR_IED_ColViva_1102_S16_f570ba,,,,,
2026-09-12T20:11:05-05:00,PUR_IED_ColViva_Ext_1a26fa,PUR_IED_ColViva_Ext_1a26fa,,,,,
2026-09-12T20:11:05-05:00,PUR_IED_ColegioBici_Asist_7c8798,PUR_IED_ColegioBici_Asist_7c8798,,,,,
2026-09-12T20:11:05-05:00,PUR_IED_ColegioBici_Ext_25cbf6,PUR_IED_ColegioBici_Ext_25cbf6,,,,,
2026-09-12T20:11:05-05:00,PUR_IED_ColegioBici_LabQ_7b57db,PUR_IED_ColegioBici_LabQ_7b57db,,,,,
2026-09-12T20:11:05-05:00,PUR_IED_CostaRica_Ext_5e640,PUR_IED_CostaRica_Ext_5e640,,,,,
2026-09-12T20:11:05-05:00,PUR_IED_CostaRica_Quim1_766d1c,PUR_IED_CostaRica_Quim1_766d1c,,,,,
2026-09-12T20:11:05-05:00,PUR_IED_CostaRica__Fisica_6f0873,PUR_IED_CostaRica__Fisica_6f0873,,,,,
2026-09-12T20:11:05-05:00,PUR_IED_CulPopu_301A_f660f3,PUR_IED_CulPopu_301A_f660f3,,,,,
2026-09-12T20:11:05-05:00,PUR_IED_CulPopu_303_568afe,PUR_IED_CulPopu_303_568afe,,,,,
2026-09-12T20:11:05-05:00,PUR_IED_CulPopu_Ext_e02ccb,PUR_IED_CulPopu_Ext_e02ccb,,,,,
2026-09-12T20:11:05-05:00,PUR_IED_Cundinamarca_Ext_f15985,PUR_IED_Cundinamarca_Ext_f15985,,,,,
2026-09-12T20:11:05-05:00,PUR_IED_Cundinamarca_Info_7aa5d7,PUR_IED_Cundinamarca_Info_7aa5d7,,,,,
2026-09-12T20:11:05-05:00,PUR_IED_Cundinamarca_Tec2_f449c7,PUR_IED_Cundinamarca_Tec2_f449c7,,,,,
2026-09-12T20:11:05-05:00,PUR_IED_DiegoM_Aula1_27b314,PUR_IED_DiegoM_Aula1_27b314,,,,,
2026-09-12T20:11:05-05:00,PUR_IED_DiegoM_Ext_d80ac8,PUR_IED_DiegoM_Ext_d80ac8,,,,,
2026-09-12T20:11:05-05:00,PUR_IED_DiegoM_S25_da928f,PUR_IED_DiegoM_S25_da928f,,,,,
2026-09-12T20:11:05-05:00,PUR_IED_ELRODEO_360881,PUR_IED_ELRODEO_360881,,,,,
2026-09-12T20:11:05-05:00,PUR_IED_ELRODEO_ext_360881,PUR_IED_ELRODEO_ext_360881,,,,,
2026-09-12T20:11:05-05:00,PUR_IED_EduardoU_Ext_1c1969,PUR_IED_EduardoU_Ext_1c1969,,,,,
2026-09-12T20:11:05-05:00,PUR_IED_EduardoU_SCiencia_4dfb94,PUR_IED_EduardoU_SCiencia_4dfb94,,,,,
2026-09-12T20:11:05-05:00,PUR_IED_EduardoU_SQuimica_5a46e7,PUR_IED_EduardoU_SQuimica_5a46e7,,,,,
2026-09-12T20:11:05-05:00,PUR_IED_ElRodeo_Aula14_676984,PUR_IED_ElRodeo_Aula14_676984,,,,,
2026-09-12T20:11:05-05:00,PUR_IED_ElRodeo_Aula16_2dd35b,PUR_IED_ElRodeo_Aula16_2dd35b,,,,,
2026-09-12T20:11:05-05:00,PUR_IED_ElRodeo_Ext_360881,PUR_IED_ElRodeo_Ext_360881,,,,,
2026-09-12T20:11:05-05:00,PUR_IED_ElRodeo_Exterior_8c6d28,PUR_IED_ElRodeo_Exterior_8c6d28,,,,,
2026-09-12T20:11:05-05:00,PUR_IED_ElRodeo_ext_360881,PUR_IED_ElRodeo_ext_360881,,,,,
2026-09-12T20:11:05-05:00,PUR_IED_EmmaReyes_Ext_987625,PUR_IED_EmmaReyes_Ext_987625,5,21,51,4.6367,-74.1511
2026-09-12T20:11:05-05:00,PUR_IED_Ensueño_Ext_7f0250,PUR_IED_Ensueño_Ext_7f0250,,,,,
2026-09-12T20:11:05-05:00,PUR_IED_EscNormal_Ext_5fef3b,PUR_IED_EscNormal_Ext_5fef3b,2,19,59,4.5852,-74.096901
2026-09-12T20:11:05-05:00,PUR_IED_EscNormal_S309_5b263,PUR_IED_EscNormal_S309_5b263,,,,,
2026-09-12T20:11:05-05:00,PUR_IED_EscNormal_S310_27b3b8,PUR_IED_EscNormal_S310_27b3b8,,,,,
2026-09-12T20:11:05-05:00,PUR_IED_Evangelista_Conta_f6cd4f,PUR_IED_Evangelista_Conta_f6cd4f,,,,,
2026-09-12T20:11:05-05:00,PUR_IED_Evangelista_Cri_5e16a,PUR_IED_Evangelista_Cri_5e16a,,,,,
2026-09-12T20:11:05-05:00,PUR_IED_Evangelista_Exter_754066,PUR_IED_Evangelista_Exter_754066,,,,,
2026-09-12T20:11:05-05:00,PUR_IED_FMiranda_S209_5cc2a3,PUR_IED_FMiranda_S209_5cc2a3,,,,,
2026-09-12T20:11:05-05:00,PUR_IED_FMiranda_S303_19e344,PUR_IED_FMiranda_S303_19e344,,,,,
2026-09-12T20:11:05-05:00,PUR_IED_FMiranda_ext_f53e7c,PUR_IED_FMiranda_ext_f53e7c,,,,,
2026-09-12T20:11:05-05:00,PUR_IED_FabioLozano_Bibli_1cee05,PUR_IED_FabioLozano_Bibli_1cee05,,,,,
2026-09-12T20:11:05-05:00,PUR_IED_FabioLozano_Ext_6ea285,PUR_IED_FabioLozano_Ext_6ea285,,,,,
2026-09-12T20:11:05-05:00,PUR_IED_FabioLozano_SLudi_f09e1e,PUR_IED_FabioLozano_SLudi_f09e1e,,,,,
2026-09-12T20:11:05-05:00,PUR_IED_FaustinoS_Aula07_27a731,PUR_IED_FaustinoS_Aula07_27a731,,,,,
2026-09-12T20:11:05-05:00,PUR_IED_FaustinoS_Ext_7b936f,PUR_IED_FaustinoS_Ext_7b936f,,,,,
2026-09-12T20:11:05-05:00,PUR_IED_FaustinoS_Fisica_da2c60,PUR_IED_FaustinoS_Fisica_da2c60,,,,,
2026-09-12T20:11:05-05:00,PUR_IED_FeGarciaLo_Ext_dc68ee,PUR_IED_FeGarciaLo_Ext_dc68ee,,,,,
2026-09-12T20:11:05-05:00,PUR_IED_FeGarciaLo_SDanza_f70a59,PUR_IED_FeGarciaLo_SDanza_f70a59,,,,,
2026-09-12T20:11:05-05:00,PUR_IED_FeGarciaLo_SMusic_125cdd,PUR_IED_FeGarciaLo_SMusic_125cdd,,,,,
2026-09-12T20:11:05-05:00,PUR_IED_FederalAlema_Exte_50c345,PUR_IED_FederalAlema_Exte_50c345,,,,,
2026-09-12T20:11:05-05:00,PUR_IED_FederalAlema_S31_f18371,PUR_IED_FederalAlema_S31_f18371,,,,,
2026-09-12T20:11:05-05:00,PUR_IED_FederalAlema_S901_a62cd,PUR_IED_FederalAlema_S901_a62cd,,,,,
2026-09-12T20:11:05-05:00,PUR_IED_FilarmonicaS_A5_f35eb1,PUR_IED_FilarmonicaS_A5_f35eb1,,,,,
2026-09-12T20:11:05-05:00,PUR_IED_FilarmonicaS_Ext_8a3bde,PUR_IED_FilarmonicaS_Ext_8a3bde,,,,,
2026-09-12T20:11:05-05:00,PUR_IED_FilarmonicaS_Spol_406114,PUR_IED_FilarmonicaS_Spol_406114,,,,,
2026-09-12T20:11:05-05:00,PUR_IED_FlorentinoG_A13_d1fa59,PUR_IED_FlorentinoG_A13_d1fa59,,,,,
2026-09-12T20:11:05-05:00,PUR_IED_FlorentinoG_Ext_1ce6ce,PUR_IED_FlorentinoG_Ext_1ce6ce,,,,,
2026-09-12T20:11:05-05:00,PUR_IED_FlorentinoG_Idiom_a66aac,PUR_IED_FlorentinoG_Idiom_a66aac,,,,,
2026-09-12T20:11:05-05:00,PUR_IED_FranciscoMati_Ext_e3869d,PUR_IED_FranciscoMati_Ext_e3869d,,,,,
2026-09-12T20:11:05-05:00,PUR_IED_FranciscoMati_S13_f31c67,PUR_IED_FranciscoMati_S13_f31c67,,,,,
2026-09-12T20:11:05-05:00,PUR_IED_FranciscoMati_S14_97dead,PUR_IED_FranciscoMati_S14_97dead,,,,,
2026-09-12T20:11:05-05:00,PUR_IED_FranciscoPS_Ext_7bfa9a,PUR_IED_FranciscoPS_Ext_7bfa9a,3,20,59,4.5899,-74.110397
2026-09-12T20:11:05-05:00,PUR_IED_FranciscoPS_Infor_fb8f4c,PUR_IED_FranciscoPS_Infor_fb8f4c,,,,,
2026-09-12T20:11:05-05:00,PUR_IED_FranciscoPS_Quimi_94d39c,PUR_IED_FranciscoPS_Quimi_94d39c,,,,,
2026-09-12T20:11:05-05:00,PUR_IED_FranciscoP_LabQ_d7e148,PUR_IED_FranciscoP_LabQ_d7e148,,,,,
2026-09-12T20:11:05-05:00,PUR_IED_FranciscoP_S28_cf9b30,PUR_IED_FranciscoP_S28_cf9b30,,,,,
2026-09-12T20:11:05-05:00,PUR_IED_FranciscoP_ext_e2313,PUR_IED_FranciscoP_ext_e2313,,,,,
2026-09-12T20:11:05-05:00,PUR_IED_FriederichN_Ext_8ac92a,PUR_IED_FriederichN_Ext_8ac92a,,,,,
2026-09-12T20:11:05-05:00,PUR_IED_FriederichN_S301_dd7e5a,PUR_IED_FriederichN_S301_dd7e5a,,,,,
2026-09-12T20:11:05-05:00,PUR_IED_FriederichN_S308_761f4f,PUR_IED_FriederichN_S308_761f4f,,,,,
2026-09-12T20:11:05-05:00,PUR_IED_GSantander_Aula10_533dd7,PUR_IED_GSantander_Aula10_533dd7,,,,,
2026-09-12T20:11:05-05:00,PUR_IED_GSantander_Aula12_fd4e4f,PUR_IED_GSantander_Aula12_fd4e4f,,,,,
2026-09-12T20:11:05-05:00,PUR_IED_GSantander_Aula310_533dd7,PUR_IED_GSantander_Aula310_533dd7,,,,,
2026-09-12T20:11:05-05:00,PUR_IED_GSantander_Aula312_fd4e4f,PUR_IED_GSantander_Aula312_fd4e4f,,,,,
2026-09-12T20:11:05-05:00,PUR_IED_GSantander_Ext_5f66b0,PUR_IED_GSantander_Ext_5f66b0,,,,,
2026-09-12T20:11:05-05:00,PUR_IED_GYomasa_Ext_f6bea5,PUR_IED_GYomasa_Ext_f6bea5,,,,,
2026-09-12T20:11:05-05:00,PUR_IED_GYomasa_LBiol_2c41aa,PUR_IED_GYomasa_LBiol_2c41aa,,,,,
2026-09-12T20:11:05-05:00,PUR_IED_GYomasa_LQuim_33c80,PUR_IED_GYomasa_LQuim_33c80,,,,,
2026-09-12T20:11:05-05:00,PUR_IED_GabBetMejia_Cienc_5a99c,PUR_IED_GabBetMejia_Cienc_5a99c,,,,,
2026-09-12T20:11:05-05:00,PUR_IED_GabBetMejia_Ext_9153d0,PUR_IED_GabBetMejia_Ext_9153d0,,,,,
2026-09-12T20:11:05-05:00,PUR_IED_GabBetMejia_Lab_f55347,PUR_IED_GabBetMejia_Lab_f55347,,,,,
2026-09-12T20:11:05-05:00,PUR_IED_GabBetanMejia_Ext_9153d0,PUR_IED_GabBetanMejia_Ext_9153d0,,,,,
2026-09-12T20:11:05-05:00,PUR_IED_Gaitana_Aula13_7aac11,PUR_IED_Gaitana_Aula13_7aac11,,,,,
2026-09-12T20:11:05-05:00,PUR_IED_Gaitana_Ext_5fcf4,PUR_IED_Gaitana_Ext_5fcf4,,,,,
2026-09-12T20:11:05-05:00,PUR_IED_Gaitana_LabFisica_644448,PUR_IED_Gaitana_LabFisica_644448,,,,,
2026-09-12T20:11:05-05:00,PUR_IED_GenSantander_Dise_8ac858,PUR_IED_GenSantander_Dise_8ac858,,,,,
2026-09-12T20:11:05-05:00,PUR_IED_GenSantander_Ext_8d5dfe,PUR_IED_GenSantander_Ext_8d5dfe,,,,,
2026-09-12T20:11:05-05:00,PUR_IED_GenSantander_Info_6c25b,PUR_IED_GenSantander_Info_6c25b,,,,,
2026-09-12T20:11:05-05:00,PUR_IED_GustavoMo_Exterio_75e63d,PUR_IED_GustavoMo_Exterio_75e63d,,,,,
2026-09-12T20:11:05-05:00,PUR_IED_GustavoMo_LabFisi_224d37,PUR_IED_GustavoMo_LabFisi_224d37,,,,,
2026-09-12T20:11:05-05:00,PUR_IED_GustavoMo_S208_3e6918,PUR_IED_GustavoMo_S208_3e6918,,,,,
2026-09-12T20:11:05-05:00,PUR_IED_GustavoR_A02_8cd4a8,PUR_IED_GustavoR_A02_8cd4a8,,,,,
2026-09-12T20:11:05-05:00,PUR_IED_GustavoR_B11_5b0ed,PUR_IED_GustavoR_B11_5b0ed,,,,,
2026-09-12T20:11:05-05:00,PUR_IED_GustavoR_Ext_7a0c90,PUR_IED_GustavoR_Ext_7a0c90,,,,,
2026-09-12T20:11:05-05:00,PUR_IED_HernandoDuran_Ext_8cd82b,PUR_IED_HernandoDuran_Ext_8cd82b,,,,,
2026-09-12T20:11:05-05:00,PUR_IED_HernandoDuran_S24_2772c6,PUR_IED_HernandoDuran_S24_2772c6,,,,,
2026-09-12T20:11:05-05:00,PUR_IED_HernandoDuran_S30_f2de41,PUR_IED_HernandoDuran_S30_f2de41,,,,,
2026-09-12T20:11:05-05:00,PUR_IED_HolguInUr_S1101_8cd732,PUR_IED_HolguInUr_S1101_8cd732,,,,,
2026-09-12T20:11:05-05:00,PUR_IED_HolguinUr_Exter_ddae6d,PUR_IED_HolguinUr_Exter_ddae6d,,,,,
2026-09-12T20:11:05-05:00,PUR_IED_HolguinUr_LabQuim_92b952,PUR_IED_HolguinUr_LabQuim_92b952,,,,,
2026-09-12T20:11:05-05:00,PUR_IED_Isabel-II_Ext_5245cc,PUR_IED_Isabel-II_Ext_5245cc,6,20,57,4.6336,-74.153
2026-09-12T20:11:05-05:00,PUR_IED_Isabel-II_S_idiom_1c29aa,PUR_IED_Isabel-II_S_idiom_1c29aa,,,,,
2026-09-12T20:11:05-05:00,PUR_IED_Isabel-II_S_infor_fd741,PUR_IED_Isabel-II_S_infor_fd741,,,,,
2026-09-12T20:11:05-05:00,PUR_IED_IsidroSur_Exterio_5b90ea,PUR_IED_IsidroSur_Exterio_5b90ea,,,,,
2026-09-12T20:11:05-05:00,PUR_IED_IsidroSur_LabTec_56697a,PUR_IED_IsidroSur_LabTec_56697a,,,,,
2026-09-12T20:11:05-05:00,PUR_IED_IsidroSur_Robotic_b7c38f,PUR_IED_IsidroSur_Robotic_b7c38f,,,,,
2026-09-12T20:11:05-05:00,PUR_IED_IsmaelPerd_Ext_7b6672,PUR_IED_IsmaelPerd_Ext_7b6672,,,,,
2026-09-12T20:11:05-05:00,PUR_IED_IsmaelPerd_Inform_306540,PUR_IED_IsmaelPerd_Inform_306540,,,,,
2026-09-12T20:11:05-05:00,PUR_IED_IsmaelPerd_S30_2e2c83,PUR_IED_IsmaelPerd_S30_2e2c83,,,,,
2026-09-12T20:11:05-05:00,PUR_IED_JLozano_Exter_432910,PUR_IED_JLozano_Exter_432910,,,,,
2026-09-12T20:11:05-05:00,PUR_IED_JLozano_salaMulti_df5125,PUR_IED_JLozano_salaMulti_df5125,,,,,
2026-09-12T20:11:05-05:00,PUR_IED_JMCordoba_206_86f80b,PUR_IED_JMCordoba_206_86f80b,,,,,
2026-09-12T20:11:05-05:00,PUR_IED_JMCordoba_Ext_27ad97,PUR_IED_JMCordoba_Ext_27ad97,,,,,
2026-09-12T20:11:05-05:00,PUR_IED_JMCordoba_S310_d59ab4,PUR_IED_JMCordoba_S310_d59ab4,,,,,
2026-09-12T20:11:05-05:00,PUR_IED_Japon_Ext_549100,PUR_IED_Japon_Ext_549100,,,,,
2026-09-12T20:11:05-05:00,PUR_IED_Japon_Laboratorio_bec51d,PUR_IED_Japon_Laboratorio_bec51d,,,,,
2026-09-12T20:11:05-05:00,PUR_IED_Japon_informatica_d99327,PUR_IED_Japon_informatica_d99327,,,,,
2026-09-12T20:11:05-05:00,PUR_IED_Jazmin_Ext_d27bda,PUR_IED_Jazmin_Ext_d27bda,,,,,
2026-09-12T20:11:05-05:00,PUR_IED_Jazmin_Fisica_8d14d7,PUR_IED_Jazmin_Fisica_8d14d7,,,,,
2026-09-12T20:11:05-05:00,PUR_IED_Jazmin_Quimica_801cb5,PUR_IED_Jazmin_Quimica_801cb5,,,,,
2026-09-12T20:11:05-05:00,PUR_IED_JorgeGaitan_Exter_f098d1,PUR_IED_JorgeGaitan_Exter_f098d1,,,,,
2026-09-12T20:11:05-05:00,PUR_IED_JorgeGaitan_STec1_dc9d1d,PUR_IED_JorgeGaitan_STec1_dc9d1d,,,,,
2026-09-12T20:11:05-05:00,PUR_IED_JorgeGaitan_STec2_281e69,PUR_IED_JorgeGaitan_STec2_281e69,,,,,
2026-09-12T20:11:05-05:00,PUR_IED_JorgeSoto_Exterio_d9d0a2,PUR_IED_JorgeSoto_Exterio_d9d0a2,,,,,
2026-09-12T20:11:05-05:00,PUR_IED_JorgeSoto_LabFisi_209c54,PUR_IED_JorgeSoto_LabFisi_209c54,,,,,
2026-09-12T20:11:05-05:00,PUR_IED_JorgeSoto_S103_27b51a,PUR_IED_JorgeSoto_S103_27b51a,,,,,
2026-09-12T20:11:05-05:00,PUR_IED_JoseAcevedo_A02_e965eb,PUR_IED_JoseAcevedo_A02_e965eb,,,,,
2026-09-12T20:11:05-05:00,PUR_IED_JoseAcevedo_A07_dd5b4,PUR_IED_JoseAcevedo_A07_dd5b4,,,,,
2026-09-12T20:11:05-05:00,PUR_IED_JoseAcevedo_Ext_b47484,PUR_IED_JoseAcevedo_Ext_b47484,,,,,
2026-09-12T20:11:05-05:00,PUR_IED_JoseMarti_Exte_5b9bf,PUR_IED_JoseMarti_Exte_5b9bf,,,,,
2026-09-12T20:11:05-05:00,PUR_IED_JoseMarti_LabQuim_1c6c2d,PUR_IED_JoseMarti_LabQuim_1c6c2d,,,,,
2026-09-12T20:11:05-05:00,PUR_IED_JoseMarti_S_info_f5f177,PUR_IED_JoseMarti_S_info_f5f177,,,,,
2026-09-12T20:11:05-05:00,PUR_IED_Josejoaquin_Ext_dfc5dc,PUR_IED_Josejoaquin_Ext_dfc5dc,,,,,
2026-09-12T20:11:05-05:00,PUR_IED_Josejoaquin_S05_5b2a96,PUR_IED_Josejoaquin_S05_5b2a96,,,,,
2026-09-12T20:11:05-05:00,PUR_IED_Josejoaquin_S06_1ce7d2,PUR_IED_Josejoaquin_S06_1ce7d2,,,,,
2026-09-12T20:11:05-05:00,PUR_IED_JulioFlorez_Danza_9b82dd,PUR_IED_JulioFlorez_Danza_9b82dd,,,,,
2026-09-12T20:11:05-05:00,PUR_IED_JulioFlorez_Exter_f9f314,PUR_IED_JulioFlorez_Exter_f9f314,,,,,
2026-09-12T20:11:05-05:00,PUR_IED_JulioFlorez_info2_6b6e08,PUR_IED_JulioFlorez_info2_6b6e08,,,,,
2026-09-12T20:11:05-05:00,PUR_IED_LaBelleza_Aula13_1d00d8,PUR_IED_LaBelleza_Aula13_1d00d8,,,,,
2026-09-12T20:11:05-05:00,PUR_IED_LaBelleza_Ext_7bc08c,PUR_IED_LaBelleza_Ext_7bc08c,,,,,
2026-09-12T20:11:05-05:00,PUR_IED_LaChucua_Ext_8cd6d2,PUR_IED_LaChucua_Ext_8cd6d2,,,,,
2026-09-12T20:11:05-05:00,PUR_IED_LaChucua_S15_f578ce,PUR_IED_LaChucua_S15_f578ce,,,,,
2026-09-12T20:11:05-05:00,PUR_IED_LaChucua_S16_eebcf9,PUR_IED_LaChucua_S16_eebcf9,,,,,
2026-09-12T20:11:05-05:00,PUR_IED_LaFelicidad_Ext_fb5109,PUR_IED_LaFelicidad_Ext_fb5109,,,,,
2026-09-12T20:11:05-05:00,PUR_IED_LaMerced_206_66ebd,PUR_IED_LaMerced_206_66ebd,,,,,
2026-09-12T20:11:05-05:00,PUR_IED_LaMerced_207_6ebd6,PUR_IED_LaMerced_207_6ebd6,,,,,
2026-09-12T20:11:05-05:00,PUR_IED_LaMerced_ext_304311,PUR_IED_LaMerced_ext_304311,,,,,
2026-09-12T20:11:05-05:00,PUR_IED_Laureano_CiencNat_281e5e,PUR_IED_Laureano_CiencNat_281e5e,,,,,
2026-09-12T20:11:05-05:00,PUR_IED_Laureano_Comedor_f65c0a,PUR_IED_Laureano_Comedor_f65c0a,,,,,
2026-09-12T20:11:05-05:00,PUR_IED_Laureano_Exterior_7ab011,PUR_IED_Laureano_Exterior_7ab011,,,,,
2026-09-12T20:11:05-05:00,PUR_IED_LeonGreiff_Exte_dfe560,PUR_IED_LeonGreiff_Exte_dfe560,,,,,
2026-09-12T20:11:05-05:00,PUR_IED_LeonGreiff_S210_f264ed,PUR_IED_LeonGreiff_S210_f264ed,,,,,
2026-09-12T20:11:05-05:00,PUR_IED_LeonGreiff_SQuimi_e8296f,PUR_IED_LeonGreiff_SQuimi_e8296f,,,,,
2026-09-12T20:11:05-05:00,PUR_IED_LlanoOrientalS208_7b9fcd,PUR_IED_LlanoOrientalS208_7b9fcd,,,,,
2026-09-12T20:11:05-05:00,PUR_IED_LlanoOriental_Ext_fb3766,PUR_IED_LlanoOriental_Ext_fb3766,,,,,
2026-09-12T20:11:05-05:00,PUR_IED_LlanoOriental_S208_7b9fcd,PUR_IED_LlanoOriental_S208_7b9fcd,,,,,
2026-09-12T20:11:05-05:00,PUR_IED_LlanoOriental_S9_27b378,PUR_IED_LlanoOriental_S9_27b378,,,,,
2026-09-12T20:11:05-05:00,PUR_IED_LosTejares_1101_477602,PUR_IED_LosTejares_1101_477602,,,,,
2026-09-12T20:11:05-05:00,PUR_IED_LosTejares_11_d2c595,PUR_IED_LosTejares_11_d2c595,,,,,
2026-09-12T20:11:05-05:00,PUR_IED_LosTejares_12_477602,PUR_IED_LosTejares_12_477602,,,,,
2026-09-12T20:11:05-05:00,PUR_IED_LosTejares_Ext_8e2115,PUR_IED_LosTejares_Ext_8e2115,,,,,
2026-09-12T20:11:05-05:00,PUR_IED_MagdalenaO_B202_5ddda3,PUR_IED_MagdalenaO_B202_5ddda3,,,,,
2026-09-12T20:11:05-05:00,PUR_IED_MagdalenaO_B205_fb76e8,PUR_IED_MagdalenaO_B205_fb76e8,,,,,
2026-09-12T20:11:05-05:00,PUR_IED_MagdalenaO_ext_dc69cd,PUR_IED_MagdalenaO_ext_dc69cd,,,,,
2026-09-12T20:11:05-05:00,PUR_IED_ManueCepeda_artes_eee956,PUR_IED_ManueCepeda_artes_eee956,,,,,
2026-09-12T20:11:05-05:00,PUR_IED_ManuelCepeda_Ext_58313,PUR_IED_ManuelCepeda_Ext_58313,,,,,
2026-09-12T20:11:05-05:00,PUR_IED_ManuelCepeda_tec_1c5731,PUR_IED_ManuelCepeda_tec_1c5731,,,,,
2026-09-12T20:11:05-05:00,PUR_IED_ManuelS_Exterior_5b269,PUR_IED_ManuelS_Exterior_5b269,,,,,
2026-09-12T20:11:05-05:00,PUR_IED_ManuelS_Inform_f369ce,PUR_IED_ManuelS_Inform_f369ce,,,,,
2026-09-12T20:11:05-05:00,PUR_IED_ManuelS_SArtes_7d15f1,PUR_IED_ManuelS_SArtes_7d15f1,,,,,
2026-09-12T20:11:05-05:00,PUR_IED_ManuelZapata_303_3ca6,PUR_IED_ManuelZapata_303_3ca6,,,,,
2026-09-12T20:11:05-05:00,PUR_IED_ManuelZapata_311_bfbabc,PUR_IED_ManuelZapata_311_bfbabc,,,,,
2026-09-12T20:11:05-05:00,PUR_IED_ManuelZapata_Ext_50824a,PUR_IED_ManuelZapata_Ext_50824a,,,,,
2026-09-12T20:11:05-05:00,PUR_IED_ManuelitaS_Exteri_656a92,PUR_IED_ManuelitaS_Exteri_656a92,,,,,
2026-09-12T20:11:05-05:00,PUR_IED_ManuelitaS_JuzgDe_f58ec3,PUR_IED_ManuelitaS_JuzgDe_f58ec3,,,,,
2026-09-12T20:11:05-05:00,PUR_IED_ManuelitaS_Recrea_d793db,PUR_IED_ManuelitaS_Recrea_d793db,,,,,
2026-09-12T20:11:05-05:00,PUR_IED_MarFidSuarez_Ext_c27b19,PUR_IED_MarFidSuarez_Ext_c27b19,,,,,
2026-09-12T20:11:05-05:00,PUR_IED_MarFidSuarez_Info_e384d7,PUR_IED_MarFidSuarez_Info_e384d7,,,,,
2026-09-12T20:11:05-05:00,PUR_IED_MarFidSuarez_S306_1d0032,PUR_IED_MarFidSuarez_S306_1d0032,,,,,
2026-09-12T20:11:05-05:00,PUR_IED_Menorah_301_2a25a3,PUR_IED_Menorah_301_2a25a3,,,,,
2026-09-12T20:11:05-05:00,PUR_IED_Menorah_306_37ed3,PUR_IED_Menorah_306_37ed3,,,,,
2026-09-12T20:11:05-05:00,PUR_IED_Menorah_Ext_3e155b,PUR_IED_Menorah_Ext_3e155b,,,,,
2026-09-12T20:11:05-05:00,PUR_IED_MinutoB.Aires_A11_1b1604,PUR_IED_MinutoB.Aires_A11_1b1604,,,,,
2026-09-12T20:11:05-05:00,PUR_IED_MinutoB.Aires_A12_fb5860,PUR_IED_MinutoB.Aires_A12_fb5860,,,,,
2026-09-12T20:11:05-05:00,PUR_IED_MinutoB.Aires_Ext_81293f,PUR_IED_MinutoB.Aires_Ext_81293f,,,,,
2026-09-12T20:11:05-05:00,PUR_IED_MinutoBAires_A11_1b1604,PUR_IED_MinutoBAires_A11_1b1604,,,,,
2026-09-12T20:11:05-05:00,PUR_IED_MinutoBAires_A12_fb5860,PUR_IED_MinutoBAires_A12_fb5860,,,,,
2026-09-12T20:11:05-05:00,PUR_IED_MinutoBAires_Ext_81293f,PUR_IED_MinutoBAires_Ext_81293f,,,,,
2026-09-12T20:11:05-05:00,PUR_IED_Montreal_Aula10_1e4959,PUR_IED_Montreal_Aula10_1e4959,,,,,
2026-09-12T20:11:05-05:00,PUR_IED_Montreal_Aula6_300367,PUR_IED_Montreal_Aula6_300367,,,,,
2026-09-12T20:11:05-05:00,PUR_IED_Montreal_Exterior_91a179,PUR_IED_Montreal_Exterior_91a179,,,,,
2026-09-12T20:11:05-05:00,PUR_IED_Mqgdalena_B202_5ddda3,PUR_IED_Mqgdalena_B202_5ddda3,,,,,
2026-09-12T20:11:05-05:00,PUR_IED_NACUND_Soc_dc8728,PUR_IED_NACUND_Soc_dc8728,,,,,
2026-09-12T20:11:05-05:00,PUR_IED_NACUND_ext_27ad97,PUR_IED_NACUND_ext_27ad97,,,,,
2026-09-12T20:11:05-05:00,PUR_IED_NEsperanza_Ext_d24b61,PUR_IED_NEsperanza_Ext_d24b61,,,,,
2026-09-12T20:11:05-05:00,PUR_IED_NEsperanza_SElect_7d1807,PUR_IED_NEsperanza_SElect_7d1807,,,,,
2026-09-12T20:11:05-05:00,PUR_IED_NEsperanza_SLabor_8b2d0a,PUR_IED_NEsperanza_SLabor_8b2d0a,,,,,
2026-09-12T20:11:05-05:00,PUR_IED_NacionesU_Ext_f661a9,PUR_IED_NacionesU_Ext_f661a9,,,,,
2026-09-12T20:11:05-05:00,PUR_IED_NacionesU_Quimica_66f0a,PUR_IED_NacionesU_Quimica_66f0a,,,,,
2026-09-12T20:11:05-05:00,PUR_IED_NacionesU_S306_1b4b3d,PUR_IED_NacionesU_S306_1b4b3d,,,,,
2026-09-12T20:11:05-05:00,PUR_IED_NestorFA_Ext_e4201c,PUR_IED_NestorFA_Ext_e4201c,,,,,
2026-09-12T20:11:05-05:00,PUR_IED_NestorFA_Laborato_f22fe0,PUR_IED_NestorFA_Laborato_f22fe0,,,,,
2026-09-12T20:11:05-05:00,PUR_IED_NestorFA_S204_dee996,PUR_IED_NestorFA_S204_dee996,,,,,
2026-09-12T20:11:05-05:00,PUR_IED_NidyaQT_Aula03_76999b,PUR_IED_NidyaQT_Aula03_76999b,,,,,
2026-09-12T20:11:05-05:00,PUR_IED_NidyaQT_Aula10_56325,PUR_IED_NidyaQT_Aula10_56325,,,,,
2026-09-12T20:11:05-05:00,PUR_IED_NidyaQT_Ext_46e32d,PUR_IED_NidyaQT_Ext_46e32d,,,,,
2026-09-12T20:11:05-05:00,PUR_IED_NuevaCol_Exterior_d9b859,PUR_IED_NuevaCol_Exterior_d9b859,,,,,
2026-09-12T20:11:05-05:00,PUR_IED_NuevaCol_S1101_76c43b,PUR_IED_NuevaCol_S1101_76c43b,,,,,
2026-09-12T20:11:05-05:00,PUR_IED_NuevaCol_S1102_1ce0b5,PUR_IED_NuevaCol_S1102_1ce0b5,,,,,
2026-09-12T20:11:05-05:00,PUR_IED_OEA_A202_f7e3f2,PUR_IED_OEA_A202_f7e3f2,,,,,
2026-09-12T20:11:05-05:00,PUR_IED_OEA_A203_7d1b8d,PUR_IED_OEA_A203_7d1b8d,,,,,
2026-09-12T20:11:05-05:00,PUR_IED_OEA_Ext_27b593,PUR_IED_OEA_Ext_27b593,,,,,
2026-09-12T20:11:05-05:00,PUR_IED_Ochoa_Ext_1c29da,PUR_IED_Ochoa_Ext_1c29da,,,,,
2026-09-12T20:11:05-05:00,PUR_IED_Ochoa_S205_8b1121,PUR_IED_Ochoa_S205_8b1121,,,,,
2026-09-12T20:11:05-05:00,PUR_IED_Ochoa_Sistemas_f33af6,PUR_IED_Ochoa_Sistemas_f33af6,,,,,
2026-09-12T20:11:05-05:00,PUR_IED_PQuebec_Ext_1c67c7,PUR_IED_PQuebec_Ext_1c67c7,,,,,
2026-09-12T20:11:05-05:00,PUR_IED_PQuebec_S15_23e8e2,PUR_IED_PQuebec_S15_23e8e2,,,,,
2026-09-12T20:11:05-05:00,PUR_IED_PQuebec_S16_8ec76b,PUR_IED_PQuebec_S16_8ec76b,,,,,
2026-09-12T20:11:05-05:00,PUR_IED_PabloN_Ext_49dc96,PUR_IED_PabloN_Ext_49dc96,,,,,
2026-09-12T20:11:05-05:00,PUR_IED_PabloN_S1102_4e3df5,PUR_IED_PabloN_S1102_4e3df5,,,,,
2026-09-12T20:11:05-05:00,PUR_IED_PabloN_S1103_50c94b,PUR_IED_PabloN_S1103_50c94b,,,,,
2026-09-12T20:11:05-05:00,PUR_IED_Palestina_S1101_db9198,PUR_IED_Palestina_S1101_db9198,,,,,
2026-09-12T20:11:05-05:00,PUR_IED_Palestina_S1102_dc54fa,PUR_IED_Palestina_S1102_dc54fa,,,,,
2026-09-12T20:11:05-05:00,PUR_IED_Palestina_ext_4ccce6,PUR_IED_Palestina_ext_4ccce6,,,,,
2026-09-12T20:11:05-05:00,PUR_IED_Panama_Fisica_4d0794,PUR_IED_Panama_Fisica_4d0794,,,,,
2026-09-12T20:11:05-05:00,PUR_IED_Panama_SIngles_a4077e,PUR_IED_Panama_SIngles_a4077e,,,,,
2026-09-12T20:11:05-05:00,PUR_IED_Panama_ext_4c54b4,PUR_IED_Panama_ext_4c54b4,,,,,
2026-09-12T20:11:05-05:00,PUR_IED_ParaisoM_Exterior_8cd7f0,PUR_IED_ParaisoM_Exterior_8cd7f0,,,,,
2026-09-12T20:11:05-05:00,PUR_IED_ParaisoM_Laborato_27af35,PUR_IED_ParaisoM_Laborato_27af35,,,,,
2026-09-12T20:11:05-05:00,PUR_IED_ParaisoM_S304_d1edca,PUR_IED_ParaisoM_S304_d1edca,,,,,
2026-09-12T20:11:05-05:00,PUR_IED_PorfirioBarba_Ext_301466,PUR_IED_PorfirioBarba_Ext_301466,,,,,
2026-09-12T20:11:05-05:00,PUR_IED_PorfirioBarba_S11_df6cd2,PUR_IED_PorfirioBarba_S11_df6cd2,,,,,
2026-09-12T20:11:05-05:00,PUR_IED_PorfirioBarba_S29_27a7d6,PUR_IED_PorfirioBarba_S29_27a7d6,,,,,
2026-09-12T20:11:05-05:00,PUR_IED_PradoV_Exter_8b27ad,PUR_IED_PradoV_Exter_8b27ad,,,,,
2026-09-12T20:11:05-05:00,PUR_IED_PradoV_S301_de65b5,PUR_IED_PradoV_S301_de65b5,,,,,
2026-09-12T20:11:05-05:00,PUR_IED_PradoV_S302_7d2593,PUR_IED_PradoV_S302_7d2593,,,,,
2026-09-12T20:11:05-05:00,PUR_IED_QuirogaAlz_Ext_1ddc82,PUR_IED_QuirogaAlz_Ext_1ddc82,,,,,
2026-09-12T20:11:05-05:00,PUR_IED_QuirogaAlz_S302_9926a3,PUR_IED_QuirogaAlz_S302_9926a3,,,,,
2026-09-12T20:11:05-05:00,PUR_IED_QuirogaAlz_S305_cdf1f1,PUR_IED_QuirogaAlz_S305_cdf1f1,,,,,
2026-09-12T20:11:05-05:00,PUR_IED_RGuatemala_Biling_dc53b7,PUR_IED_RGuatemala_Biling_dc53b7,,,,,
2026-09-12T20:11:05-05:00,PUR_IED_RGuatemala_Ext_1b89a3,PUR_IED_RGuatemala_Ext_1b89a3,,,,,
2026-09-12T20:11:05-05:00,PUR_IED_RGuatemala_Tecnol_281a34,PUR_IED_RGuatemala_Tecnol_281a34,,,,,
2026-09-12T20:11:05-05:00,PUR_IED_RafaNu_Ext_f7c302,PUR_IED_RafaNu_Ext_f7c302,,,,,
2026-09-12T20:11:05-05:00,PUR_IED_RafaNu_S1101_25fde,PUR_IED_RafaNu_S1101_25fde,,,,,
2026-09-12T20:11:05-05:00,PUR_IED_RafaNu_S1102_281517,PUR_IED_RafaNu_S1102_281517,,,,,
2026-09-12T20:11:05-05:00,PUR_IED_RafaelB_S305_ee2783,PUR_IED_RafaelB_S305_ee2783,,,,,
2026-09-12T20:11:05-05:00,PUR_IED_RafaelB_S306_75fe33,PUR_IED_RafaelB_S306_75fe33,,,,,
2026-09-12T20:11:05-05:00,PUR_IED_RafaelB_ext_283336,PUR_IED_RafaelB_ext_283336,3,19,63,4.6722,-74.0737
2026-09-12T20:11:05-05:00,PUR_IED_RafaelUU_Exterior_281a51,PUR_IED_RafaelUU_Exterior_281a51,,,,,
2026-09-12T20:11:05-05:00,PUR_IED_RafaelUU_Human_806b2,PUR_IED_RafaelUU_Human_806b2,,,,,
2026-09-12T20:11:05-05:00,PUR_IED_RafaelUU_Mate2_5680d4,PUR_IED_RafaelUU_Mate2_5680d4,,,,,
2026-09-12T20:11:05-05:00,PUR_IED_RamonSub_Ext_f9eeb9,PUR_IED_RamonSub_Ext_f9eeb9,,,,,
2026-09-12T20:11:05-05:00,PUR_IED_RamonSub_Media_d1f62f,PUR_IED_RamonSub_Media_d1f62f,,,,,
2026-09-12T20:11:05-05:00,PUR_IED_RamonSub_planta_51b82,PUR_IED_RamonSub_planta_51b82,,,,,
2026-09-12T20:11:05-05:00,PUR_IED_RepBoliVene_Exter_27af7c,PUR_IED_RepBoliVene_Exter_27af7c,,,,,
2026-09-12T20:11:05-05:00,PUR_IED_RepBoliVene_SCPT_5ae2ee,PUR_IED_RepBoliVene_SCPT_5ae2ee,,,,,
2026-09-12T20:11:05-05:00,PUR_IED_RepBoliVene_Socia_4b11d5,PUR_IED_RepBoliVene_Socia_4b11d5,,,,,
2026-09-12T20:11:05-05:00,PUR_IED_RepChina_Ext_76d9ee,PUR_IED_RepChina_Ext_76d9ee,,,,,
2026-09-12T20:11:05-05:00,PUR_IED_RepChina_S404_7c804c,PUR_IED_RepChina_S404_7c804c,,,,,
2026-09-12T20:11:05-05:00,PUR_IED_RepChina_S405_df2c33,PUR_IED_RepChina_S405_df2c33,,,,,
2026-09-12T20:11:05-05:00,PUR_IED_RepublicaC_Exteri_7d1ec9,PUR_IED_RepublicaC_Exteri_7d1ec9,,,,,
2026-09-12T20:11:05-05:00,PUR_IED_RepublicaC_S1101_f544b3,PUR_IED_RepublicaC_S1101_f544b3,,,,,
2026-09-12T20:11:05-05:00,PUR_IED_RepublicaC_S1102_7aafc7,PUR_IED_RepublicaC_S1102_7aafc7,,,,,
2026-09-12T20:11:05-05:00,PUR_IED_Ricaurte_Externo_a0ea1,PUR_IED_Ricaurte_Externo_a0ea1,,,,,
2026-09-12T20:11:05-05:00,PUR_IED_Ricaurte_S210_f546fd,PUR_IED_Ricaurte_S210_f546fd,,,,,
2026-09-12T20:11:05-05:00,PUR_IED_Ricaurte_S309_d4452,PUR_IED_Ricaurte_S309_d4452,,,,,
2026-09-12T20:11:05-05:00,PUR_IED_RogelioS_1102_531e69,PUR_IED_RogelioS_1102_531e69,,,,,
2026-09-12T20:11:05-05:00,PUR_IED_RogelioS_Ext_f25a18,PUR_IED_RogelioS_Ext_f25a18,,,,,
2026-09-12T20:11:05-05:00,PUR_IED_SBernardino_Ext_27aff8,PUR_IED_SBernardino_Ext_27aff8,,,,,
2026-09-12T20:11:05-05:00,PUR_IED_SBernardino_SArte_2ffd33,PUR_IED_SBernardino_SArte_2ffd33,,,,,
2026-09-12T20:11:05-05:00,PUR_IED_SBernardino_SIngl_7c7da5,PUR_IED_SBernardino_SIngl_7c7da5,,,,,
2026-09-12T20:11:05-05:00,PUR_IED_Sago_auditorio_dc9d1d,PUR_IED_Sago_auditorio_dc9d1d,,,,,
2026-09-12T20:11:05-05:00,PUR_IED_Saludcoop_Ext_95aac3,PUR_IED_Saludcoop_Ext_95aac3,,,,,
2026-09-12T20:11:05-05:00,PUR_IED_Saludcoop_InfI_90c854,PUR_IED_Saludcoop_InfI_90c854,,,,,
2026-09-12T20:11:05-05:00,PUR_IED_Saludcoop_SMedia_1b93be,PUR_IED_Saludcoop_SMedia_1b93be,,,,,
2026-09-12T20:11:05-05:00,PUR_IED_SanCarlos_1101_1a2360,PUR_IED_SanCarlos_1101_1a2360,,,,,
2026-09-12T20:11:05-05:00,PUR_IED_SanCarlos_1103_7bafb5,PUR_IED_SanCarlos_1103_7bafb5,,,,,
2026-09-12T20:11:05-05:00,PUR_IED_SanCarlos_Ext_b7cd1,PUR_IED_SanCarlos_Ext_b7cd1,,,,,
2026-09-12T20:11:05-05:00,PUR_IED_SanIgnacioBosa11a_50c26e,PUR_IED_SanIgnacioBosa11a_50c26e,,,,,
2026-09-12T20:11:05-05:00,PUR_IED_SanIgnacioBosa11b_371de8,PUR_IED_SanIgnacioBosa11b_371de8,,,,,
2026-09-12T20:11:05-05:00,PUR_IED_SanIgnacioBosaExt_ef0ffc,PUR_IED_SanIgnacioBosaExt_ef0ffc,,,,,
2026-09-12T20:11:05-05:00,PUR_IED_SanIgnacioBosa_11a_50c26e,PUR_IED_SanIgnacioBosa_11a_50c26e,,,,,
2026-09-12T20:11:05-05:00,PUR_IED_SanIgnacioBosa_Ext_ef0ffc,PUR_IED_SanIgnacioBosa_Ext_ef0ffc,,,,,
2026-09-12T20:11:05-05:00,PUR_IED_SanJoseN_intS1101_31c47f,PUR_IED_SanJoseN_intS1101_31c47f,,,,,
2026-09-12T20:11:05-05:00,PUR_IED_SanJoseUsm_Exter_f5d7e8,PUR_IED_SanJoseUsm_Exter_f5d7e8,,,,,
2026-09-12T20:11:05-05:00,PUR_IED_SanJoseUsm_Int11A_cfdef6,PUR_IED_SanJoseUsm_Int11A_cfdef6,,,,,
2026-09-12T20:11:05-05:00,PUR_IED_SilveriaR_IntB5_905349,PUR_IED_SilveriaR_IntB5_905349,,,,,
2026-09-12T20:11:05-05:00,PUR_IED_SilveriaR_IntSD14_981f93,PUR_IED_SilveriaR_IntSD14_981f93,,,,,
2026-09-12T20:11:05-05:00,PUR_IED_SilveriaR_ext_2b651d,PUR_IED_SilveriaR_ext_2b651d,,,,,
2026-09-12T20:11:05-05:00,PUR_IED_SimonB_Exterior_913975,PUR_IED_SimonB_Exterior_913975,,,,,
2026-09-12T20:11:05-05:00,PUR_IED_SimonB_LabQuimi_c56908,PUR_IED_SimonB_LabQuimi_c56908,,,,,
2026-09-12T20:11:05-05:00,PUR_IED_SimonB_informatic_a28c1,PUR_IED_SimonB_informatic_a28c1,,,,,
2026-09-12T20:11:05-05:00,PUR_IED_Sorrento_1102_315f50,PUR_IED_Sorrento_1102_315f50,,,,,
2026-09-12T20:11:05-05:00,PUR_IED_Sorrento_Minte_214eab,PUR_IED_Sorrento_Minte_214eab,,,,,
2026-09-12T20:11:05-05:00,PUR_IED_Sorrento_ext_7c3a0a,PUR_IED_Sorrento_ext_7c3a0a,,,,,
2026-09-12T20:11:05-05:00,PUR_IED_Tabora_Ext_f048ae,PUR_IED_Tabora_Ext_f048ae,,,,,
2026-09-12T20:11:05-05:00,PUR_IED_Tabora_S1102_b07752,PUR_IED_Tabora_S1102_b07752,,,,,
2026-09-12T20:11:05-05:00,PUR_IED_Tabora_S1103_d988f5,PUR_IED_Tabora_S1103_d988f5,,,,,
2026-09-12T20:11:05-05:00,PUR_IED_Tenerife_Ext_1ab188,PUR_IED_Tenerife_Ext_1ab188,,,,,
2026-09-12T20:11:05-05:00,PUR_IED_Tenerife_SDanzas_7bc02e,PUR_IED_Tenerife_SDanzas_7bc02e,,,,,
2026-09-12T20:11:05-05:00,PUR_IED_Tenerife_SIngles_7cc277,PUR_IED_Tenerife_SIngles_7cc277,,,,,
2026-09-12T20:11:05-05:00,PUR_IED_Tibabuyes_Exter_f2683d,PUR_IED_Tibabuyes_Exter_f2683d,,,,,
2026-09-12T20:11:05-05:00,PUR_IED_Tibabuyes_S10_dc87a8,PUR_IED_Tibabuyes_S10_dc87a8,,,,,
2026-09-12T20:11:05-05:00,PUR_IED_Tibabuyes_S15_dc0526,PUR_IED_Tibabuyes_S15_dc0526,,,,,
2026-09-12T20:11:05-05:00,PUR_IED_UnionE_S301_a1043,PUR_IED_UnionE_S301_a1043,,,,,
2026-09-12T20:11:05-05:00,PUR_IED_UnionE_S307_ff6c2f,PUR_IED_UnionE_S307_ff6c2f,,,,,
2026-09-12T20:11:05-05:00,PUR_IED_UnionE__Ext_5e2468,PUR_IED_UnionE__Ext_5e2468,,,,,
2026-09-12T20:11:05-05:00,PUR_IED_VillaRica_Ext_75be7c,PUR_IED_VillaRica_Ext_75be7c,,,,,
2026-09-12T20:11:05-05:00,PUR_IED_VillaRica_S4_cc5dcd,PUR_IED_VillaRica_S4_cc5dcd,,,,,
2026-09-12T20:11:05-05:00,PUR_IED_VillaRica_Sesp_99f5c,PUR_IED_VillaRica_Sesp_99f5c,,,,,
2026-09-12T20:16:03-05:00,PUR_IED_20deJulio_1101_91b1b9,PUR_IED_20deJulio_1101_91b1b9,,,,,
2026-09-12T20:16:03-05:00,PUR_IED_20deJulio_1102_1cfcf9,PUR_IED_20deJulio_1102_1cfcf9,,,,,
2026-09-12T20:16:03-05:00,PUR_IED_20deJulio_Ext_ab60bd,PUR_IED_20deJulio_Ext_ab60bd,,,,,
2026-09-12T20:16:03-05:00,PUR_IED_AgustinFer_Ext_7b9b77,PUR_IED_AgustinFer_Ext_7b9b77,,,,,
2026-09-12T20:16:03-05:00,PUR_IED_AgustinFer_Info2_27b3a7,PUR_IED_AgustinFer_Info2_27b3a7,,,,,
2026-09-12T20:16:03-05:00,PUR_IED_AgustinFer_Sena_54b4eb,PUR_IED_AgustinFer_Sena_54b4eb,,,,,
2026-09-12T20:16:03-05:00,PUR_IED_AlexanderF_1102_caf07b,PUR_IED_AlexanderF_1102_caf07b,,,,,
2026-09-12T20:16:03-05:00,PUR_IED_AlexanderF_1103_c79e71,PUR_IED_AlexanderF_1103_c79e71,,,,,
2026-09-12T20:16:03-05:00,PUR_IED_AlexanderF_Ext_c5b18b,PUR_IED_AlexanderF_Ext_c5b18b,,,,,
2026-09-12T20:16:03-05:00,PUR_IED_AlfonsoLopez_Ext_281d77,PUR_IED_AlfonsoLopez_Ext_281d77,,,,,
2026-09-12T20:16:03-05:00,PUR_IED_AlfonsoLopez_LabF_888ce0,PUR_IED_AlfonsoLopez_LabF_888ce0,,,,,
2026-09-12T20:16:03-05:00,PUR_IED_AlfonsoLopez_SMed_df6a7f,PUR_IED_AlfonsoLopez_SMed_df6a7f,,,,,
2026-09-12T20:16:03-05:00,PUR_IED_AltamiraSO_A2_209f92,PUR_IED_AltamiraSO_A2_209f92,,,,,
2026-09-12T20:16:03-05:00,PUR_IED_AltamiraSO_Ext_186d66,PUR_IED_AltamiraSO_Ext_186d66,,,,,
2026-09-12T20:16:03-05:00,PUR_IED_AltamiraSO_Sistem_27afe1,PUR_IED_AltamiraSO_Sistem_27afe1,,,,,
2026-09-12T20:16:03-05:00,PUR_IED_AlvaroGom_LabQuim_813179,PUR_IED_AlvaroGom_LabQuim_813179,,,,,
2026-09-12T20:16:03-05:00,PUR_IED_AlvaroGomez_Ext_47c7ca,PUR_IED_AlvaroGomez_Ext_47c7ca,,,,,
2026-09-12T20:16:03-05:00,PUR_IED_AlvaroGomez_LabQuim_813179,PUR_IED_AlvaroGomez_LabQuim_813179,,,,,
2026-09-12T20:16:03-05:00,PUR_IED_AlvaroGomez_S23_7ba89f,PUR_IED_AlvaroGomez_S23_7ba89f,,,,,
2026-09-12T20:16:03-05:00,PUR_IED_Amistad_306_dc8728,PUR_IED_Amistad_306_dc8728,,,,,
2026-09-12T20:16:03-05:00,PUR_IED_Amistad_Ext_8cd55e,PUR_IED_Amistad_Ext_8cd55e,,,,,
2026-09-12T20:16:03-05:00,PUR_IED_Amistad_S202_a41169,PUR_IED_Amistad_S202_a41169,,,,,
2026-09-12T20:16:03-05:00,PUR_IED_AndresBello_Bio_fd5f5e,PUR_IED_AndresBello_Bio_fd5f5e,,,,,
2026-09-12T20:16:03-05:00,PUR_IED_AndresBello_ext_dcad65,PUR_IED_AndresBello_ext_dcad65,,,,,
2026-09-12T20:16:03-05:00,PUR_IED_AndresBello_port_eed3ec,PUR_IED_AndresBello_port_eed3ec,,,,,
2026-09-12T20:16:03-05:00,PUR_IED_AngelaR_11b_d90a6b,PUR_IED_AngelaR_11b_d90a6b,,,,,
2026-09-12T20:16:03-05:00,PUR_IED_AngelaR_ext_7cad3e,PUR_IED_AngelaR_ext_7cad3e,4,19,62,4.5825,-74.164497
2026-09-12T20:16:03-05:00,PUR_IED_AntJoseSucre_10mo_df2575,PUR_IED_AntJoseSucre_10mo_df2575,,,,,
2026-09-12T20:16:03-05:00,PUR_IED_AntJoseSucre_Ext_215b36,PUR_IED_AntJoseSucre_Ext_215b36,,,,,
2026-09-12T20:16:03-05:00,PUR_IED_AntJoseSucre_Lab_3139de,PUR_IED_AntJoseSucre_Lab_3139de,,,,,
2026-09-12T20:16:03-05:00,PUR_IED_AntonioGarcia_301_d6b188,PUR_IED_AntonioGarcia_301_d6b188,,,,,
2026-09-12T20:16:03-05:00,PUR_IED_AntonioGarcia_302_88a82,PUR_IED_AntonioGarcia_302_88a82,,,,,
2026-09-12T20:16:03-05:00,PUR_IED_AntonioGarcia_Ext_20950c,PUR_IED_AntonioGarcia_Ext_20950c,,,,,
2026-09-12T20:16:03-05:00,PUR_IED_AntonioVan_Aula2_6dea02,PUR_IED_AntonioVan_Aula2_6dea02,,,,,
2026-09-12T20:16:03-05:00,PUR_IED_AntonioVan_Aula5_f1557e,PUR_IED_AntonioVan_Aula5_f1557e,,,,,
2026-09-12T20:16:03-05:00,PUR_IED_AntonioVan_Ext_406f2f,PUR_IED_AntonioVan_Ext_406f2f,,,,,
2026-09-12T20:16:03-05:00,PUR_IED_Atabanzha_Ext_cc5af9,PUR_IED_Atabanzha_Ext_cc5af9,,,,,
2026-09-12T20:16:03-05:00,PUR_IED_Atabanzha_SA101_56c37,PUR_IED_Atabanzha_SA101_56c37,,,,,
2026-09-12T20:16:03-05:00,PUR_IED_Atabanzha_SB302_27b374,PUR_IED_Atabanzha_SB302_27b374,,,,,
2026-09-12T20:16:03-05:00,PUR_IED_Atahualpa_Ext_fc1748,PUR_IED_Atahualpa_Ext_fc1748,,,,,
2026-09-12T20:16:03-05:00,PUR_IED_Atahualpa_Informa_dc9a95,PUR_IED_Atahualpa_Informa_dc9a95,,,,,
2026-09-12T20:16:03-05:00,PUR_IED_Atahualpa_S1101_f98056,PUR_IED_Atahualpa_S1101_f98056,,,,,
2026-09-12T20:16:03-05:00,PUR_IED_Bellavista_Ext_f5aa74,PUR_IED_Bellavista_Ext_f5aa74,,,,,
2026-09-12T20:16:03-05:00,PUR_IED_Bilbao_11A_916c41,PUR_IED_Bilbao_11A_916c41,,,,,
2026-09-12T20:16:03-05:00,PUR_IED_Bilbao_Ext_fb579a,PUR_IED_Bilbao_Ext_fb579a,,,,,
2026-09-12T20:16:03-05:00,PUR_IED_BrasiliaU_A125_304280,PUR_IED_BrasiliaU_A125_304280,,,,,
2026-09-12T20:16:03-05:00,PUR_IED_BrasiliaU_A203_7c8ca5,PUR_IED_BrasiliaU_A203_7c8ca5,,,,,
2026-09-12T20:16:03-05:00,PUR_IED_BrasiliaU_Ext_8d6e9f,PUR_IED_BrasiliaU_Ext_8d6e9f,5,17,63,4.5175,-74.116302
2026-09-12T20:16:03-05:00,PUR_IED_Brasilia_Ext_fe6593,PUR_IED_Brasilia_Ext_fe6593,,,,,
2026-09-12T20:16:03-05:00,PUR_IED_Brasilia_S24_7c130d,PUR_IED_Brasilia_S24_7c130d,,,,,
2026-09-12T20:16:03-05:00,PUR_IED_Brasilia_S501_186a54,PUR_IED_Brasilia_S501_186a54,,,,,
2026-09-12T20:16:03-05:00,PUR_IED_CHARRY_EXT_f1d5cd,PUR_IED_CHARRY_EXT_f1d5cd,,,,,
2026-09-12T20:16:03-05:00,PUR_IED_CHARRY_INTDANZAS_7a08e6,PUR_IED_CHARRY_INTDANZAS_7a08e6,,,,,
2026-09-12T20:16:03-05:00,PUR_IED_CHARRY_INT_AULA20_dc998d,PUR_IED_CHARRY_INT_AULA20_dc998d,,,,,
2026-09-12T20:16:03-05:00,PUR_IED_COLVIV_1101_S25_7f520a,PUR_IED_COLVIV_1101_S25_7f520a,,,,,
2026-09-12T20:16:03-05:00,PUR_IED_COLVIV_1102_S16_f570ba,PUR_IED_COLVIV_1102_S16_f570ba,,,,,
2026-09-12T20:16:03-05:00,PUR_IED_COLVIV_Ext_1a26fa,PUR_IED_COLVIV_Ext_1a26fa,,,,,
2026-09-12T20:16:03-05:00,PUR_IED_CULPOP_301A_f660f3,PUR_IED_CULPOP_301A_f660f3,,,,,
2026-09-12T20:16:03-05:00,PUR_IED_CULPOP_303_568afe,PUR_IED_CULPOP_303_568afe,,,,,
2026-09-12T20:16:03-05:00,PUR_IED_CULPOP_Ext_e02ccb,PUR_IED_CULPOP_Ext_e02ccb,,,,,
2026-09-12T20:16:03-05:00,PUR_IED_CVillavicen_Ext_26eb58,PUR_IED_CVillavicen_Ext_26eb58,4,15,78,4.487,-74.102798
2026-09-12T20:16:03-05:00,PUR_IED_CVillavicen_Intel_1ce5c2,PUR_IED_CVillavicen_Intel_1ce5c2,,,,,
2026-09-12T20:16:03-05:00,PUR_IED_CVillavicen_Poliv_e0766c,PUR_IED_CVillavicen_Poliv_e0766c,,,,,
2026-09-12T20:16:03-05:00,PUR_IED_CVillavicen_int_1ba140,PUR_IED_CVillavicen_int_1ba140,,,,,
2026-09-12T20:16:03-05:00,PUR_IED_CVillavicen_intel_1ba140,PUR_IED_CVillavicen_intel_1ba140,,,,,
2026-09-12T20:16:03-05:00,PUR_IED_CarlosPizarro_Ext_e307cc,PUR_IED_CarlosPizarro_Ext_e307cc,,,,,
2026-09-12T20:16:03-05:00,PUR_IED_CarlosPizarro_L36_7e5cdb,PUR_IED_CarlosPizarro_L36_7e5cdb,,,,,
2026-09-12T20:16:03-05:00,PUR_IED_CarlosPizarro_L37_c8566c,PUR_IED_CarlosPizarro_L37_c8566c,,,,,
2026-09-12T20:16:03-05:00,PUR_IED_Castilla_Ext_cf35f,PUR_IED_Castilla_Ext_cf35f,,,,,
2026-09-12T20:16:03-05:00,PUR_IED_Castilla_SFisik_360e38,PUR_IED_Castilla_SFisik_360e38,,,,,
2026-09-12T20:16:03-05:00,PUR_IED_Castilla_Sc304_496fbf,PUR_IED_Castilla_Sc304_496fbf,,,,,
2026-09-12T20:16:03-05:00,PUR_IED_CervantesSa_Ext_6b57b,PUR_IED_CervantesSa_Ext_6b57b,4,18,67,4.5128,-74.117203
2026-09-12T20:16:03-05:00,PUR_IED_CervantesSa_S107_225c2b,PUR_IED_CervantesSa_S107_225c2b,,,,,
2026-09-12T20:16:03-05:00,PUR_IED_CervantesSa_S108_940925,PUR_IED_CervantesSa_S108_940925,,,,,
2026-09-12T20:16:03-05:00,PUR_IED_Charry_A20_f53e7c,PUR_IED_Charry_A20_f53e7c,,,,,
2026-09-12T20:16:03-05:00,PUR_IED_Charry_Ext_f1d5cd,PUR_IED_Charry_Ext_f1d5cd,,,,,
2026-09-12T20:16:03-05:00,PUR_IED_Charry_IntAula20_dc998d,PUR_IED_Charry_IntAula20_dc998d,,,,,
2026-09-12T20:16:03-05:00,PUR_IED_Charry_IntDanzas_7a08e6,PUR_IED_Charry_IntDanzas_7a08e6,,,,,
2026-09-12T20:16:03-05:00,PUR_IED_ClememciaC_203_43e2fc,PUR_IED_ClememciaC_203_43e2fc,,,,,
2026-09-12T20:16:03-05:00,PUR_IED_ClememciaC_Ext_1b411a,PUR_IED_ClememciaC_Ext_1b411a,,,,,
2026-09-12T20:16:03-05:00,PUR_IED_ClememciaC_Quimic_44b5fc,PUR_IED_ClememciaC_Quimic_44b5fc,,,,,
2026-09-12T20:16:03-05:00,PUR_IED_ClemenciaC_203_43e2fc,PUR_IED_ClemenciaC_203_43e2fc,,,,,
2026-09-12T20:16:03-05:00,PUR_IED_ClemenciaC_Ext_1b411a,PUR_IED_ClemenciaC_Ext_1b411a,,,,,
2026-09-12T20:16:03-05:00,PUR_IED_ClemenciaC_Quimic_44b5fc,PUR_IED_ClemenciaC_Quimic_44b5fc,,,,,
2026-09-12T20:16:03-05:00,PUR_IED_ColViva_1101_S25_7f520a,PUR_IED_ColViva_1101_S25_7f520a,,,,,
2026-09-12T20:16:03-05:00,PUR_IED_ColViva_1102_S16_f570ba,PUR_IED_ColViva_1102_S16_f570ba,,,,,
2026-09-12T20:16:03-05:00,PUR_IED_ColViva_Ext_1a26fa,PUR_IED_ColViva_Ext_1a26fa,,,,,
2026-09-12T20:16:03-05:00,PUR_IED_ColegioBici_Asist_7c8798,PUR_IED_ColegioBici_Asist_7c8798,,,,,
2026-09-12T20:16:03-05:00,PUR_IED_ColegioBici_Ext_25cbf6,PUR_IED_ColegioBici_Ext_25cbf6,,,,,
2026-09-12T20:16:03-05:00,PUR_IED_ColegioBici_LabQ_7b57db,PUR_IED_ColegioBici_LabQ_7b57db,,,,,
2026-09-12T20:16:03-05:00,PUR_IED_CostaRica_Ext_5e640,PUR_IED_CostaRica_Ext_5e640,,,,,
2026-09-12T20:16:03-05:00,PUR_IED_CostaRica_Quim1_766d1c,PUR_IED_CostaRica_Quim1_766d1c,,,,,
2026-09-12T20:16:03-05:00,PUR_IED_CostaRica__Fisica_6f0873,PUR_IED_CostaRica__Fisica_6f0873,,,,,
2026-09-12T20:16:03-05:00,PUR_IED_CulPopu_301A_f660f3,PUR_IED_CulPopu_301A_f660f3,,,,,
2026-09-12T20:16:03-05:00,PUR_IED_CulPopu_303_568afe,PUR_IED_CulPopu_303_568afe,,,,,
2026-09-12T20:16:03-05:00,PUR_IED_CulPopu_Ext_e02ccb,PUR_IED_CulPopu_Ext_e02ccb,,,,,
2026-09-12T20:16:03-05:00,PUR_IED_Cundinamarca_Ext_f15985,PUR_IED_Cundinamarca_Ext_f15985,,,,,
2026-09-12T20:16:03-05:00,PUR_IED_Cundinamarca_Info_7aa5d7,PUR_IED_Cundinamarca_Info_7aa5d7,,,,,
2026-09-12T20:16:03-05:00,PUR_IED_Cundinamarca_Tec2_f449c7,PUR_IED_Cundinamarca_Tec2_f449c7,,,,,
2026-09-12T20:16:03-05:00,PUR_IED_DiegoM_Aula1_27b314,PUR_IED_DiegoM_Aula1_27b314,,,,,
2026-09-12T20:16:03-05:00,PUR_IED_DiegoM_Ext_d80ac8,PUR_IED_DiegoM_Ext_d80ac8,,,,,
2026-09-12T20:16:03-05:00,PUR_IED_DiegoM_S25_da928f,PUR_IED_DiegoM_S25_da928f,,,,,
2026-09-12T20:16:03-05:00,PUR_IED_ELRODEO_360881,PUR_IED_ELRODEO_360881,,,,,
2026-09-12T20:16:03-05:00,PUR_IED_ELRODEO_ext_360881,PUR_IED_ELRODEO_ext_360881,,,,,
2026-09-12T20:16:03-05:00,PUR_IED_EduardoU_Ext_1c1969,PUR_IED_EduardoU_Ext_1c1969,,,,,
2026-09-12T20:16:03-05:00,PUR_IED_EduardoU_SCiencia_4dfb94,PUR_IED_EduardoU_SCiencia_4dfb94,,,,,
2026-09-12T20:16:03-05:00,PUR_IED_EduardoU_SQuimica_5a46e7,PUR_IED_EduardoU_SQuimica_5a46e7,,,,,
2026-09-12T20:16:03-05:00,PUR_IED_ElRodeo_Aula14_676984,PUR_IED_ElRodeo_Aula14_676984,,,,,
2026-09-12T20:16:03-05:00,PUR_IED_ElRodeo_Aula16_2dd35b,PUR_IED_ElRodeo_Aula16_2dd35b,,,,,
2026-09-12T20:16:03-05:00,PUR_IED_ElRodeo_Ext_360881,PUR_IED_ElRodeo_Ext_360881,,,,,
2026-09-12T20:16:03-05:00,PUR_IED_ElRodeo_Exterior_8c6d28,PUR_IED_ElRodeo_Exterior_8c6d28,,,,,
2026-09-12T20:16:03-05:00,PUR_IED_ElRodeo_ext_360881,PUR_IED_ElRodeo_ext_360881,,,,,
2026-09-12T20:16:03-05:00,PUR_IED_EmmaReyes_Ext_987625,PUR_IED_EmmaReyes_Ext_987625,4,21,52,4.6367,-74.1511
2026-09-12T20:16:03-05:00,PUR_IED_Ensueño_Ext_7f0250,PUR_IED_Ensueño_Ext_7f0250,,,,,
2026-09-12T20:16:03-05:00,PUR_IED_EscNormal_Ext_5fef3b,PUR_IED_EscNormal_Ext_5fef3b,4,19,59,4.5852,-74.096901
2026-09-12T20:16:03-05:00,PUR_IED_EscNormal_S309_5b263,PUR_IED_EscNormal_S309_5b263,,,,,
2026-09-12T20:16:03-05:00,PUR_IED_EscNormal_S310_27b3b8,PUR_IED_EscNormal_S310_27b3b8,,,,,
2026-09-12T20:16:03-05:00,PUR_IED_Evangelista_Conta_f6cd4f,PUR_IED_Evangelista_Conta_f6cd4f,,,,,
2026-09-12T20:16:03-05:00,PUR_IED_Evangelista_Cri_5e16a,PUR_IED_Evangelista_Cri_5e16a,,,,,
2026-09-12T20:16:03-05:00,PUR_IED_Evangelista_Exter_754066,PUR_IED_Evangelista_Exter_754066,,,,,
2026-09-12T20:16:03-05:00,PUR_IED_FMiranda_S209_5cc2a3,PUR_IED_FMiranda_S209_5cc2a3,,,,,
2026-09-12T20:16:03-05:00,PUR_IED_FMiranda_S303_19e344,PUR_IED_FMiranda_S303_19e344,,,,,
2026-09-12T20:16:03-05:00,PUR_IED_FMiranda_ext_f53e7c,PUR_IED_FMiranda_ext_f53e7c,,,,,
2026-09-12T20:16:03-05:00,PUR_IED_FabioLozano_Bibli_1cee05,PUR_IED_FabioLozano_Bibli_1cee05,,,,,
2026-09-12T20:16:03-05:00,PUR_IED_FabioLozano_Ext_6ea285,PUR_IED_FabioLozano_Ext_6ea285,,,,,
2026-09-12T20:16:03-05:00,PUR_IED_FabioLozano_SLudi_f09e1e,PUR_IED_FabioLozano_SLudi_f09e1e,,,,,
2026-09-12T20:16:03-05:00,PUR_IED_FaustinoS_Aula07_27a731,PUR_IED_FaustinoS_Aula07_27a731,,,,,
2026-09-12T20:16:03-05:00,PUR_IED_FaustinoS_Ext_7b936f,PUR_IED_FaustinoS_Ext_7b936f,,,,,
2026-09-12T20:16:03-05:00,PUR_IED_FaustinoS_Fisica_da2c60,PUR_IED_FaustinoS_Fisica_da2c60,,,,,
2026-09-12T20:16:03-05:00,PUR_IED_FeGarciaLo_Ext_dc68ee,PUR_IED_FeGarciaLo_Ext_dc68ee,,,,,
2026-09-12T20:16:03-05:00,PUR_IED_FeGarciaLo_SDanza_f70a59,PUR_IED_FeGarciaLo_SDanza_f70a59,,,,,
2026-09-12T20:16:03-05:00,PUR_IED_FeGarciaLo_SMusic_125cdd,PUR_IED_FeGarciaLo_SMusic_125cdd,,,,,
2026-09-12T20:16:03-05:00,PUR_IED_FederalAlema_Exte_50c345,PUR_IED_FederalAlema_Exte_50c345,,,,,
2026-09-12T20:16:03-05:00,PUR_IED_FederalAlema_S31_f18371,PUR_IED_FederalAlema_S31_f18371,,,,,
2026-09-12T20:16:03-05:00,PUR_IED_FederalAlema_S901_a62cd,PUR_IED_FederalAlema_S901_a62cd,,,,,
2026-09-12T20:16:03-05:00,PUR_IED_FilarmonicaS_A5_f35eb1,PUR_IED_FilarmonicaS_A5_f35eb1,,,,,
2026-09-12T20:16:03-05:00,PUR_IED_FilarmonicaS_Ext_8a3bde,PUR_IED_FilarmonicaS_Ext_8a3bde,,,,,
2026-09-12T20:16:03-05:00,PUR_IED_FilarmonicaS_Spol_406114,PUR_IED_FilarmonicaS_Spol_406114,,,,,
2026-09-12T20:16:03-05:00,PUR_IED_FlorentinoG_A13_d1fa59,PUR_IED_FlorentinoG_A13_d1fa59,,,,,
2026-09-12T20:16:03-05:00,PUR_IED_FlorentinoG_Ext_1ce6ce,PUR_IED_FlorentinoG_Ext_1ce6ce,,,,,
2026-09-12T20:16:03-05:00,PUR_IED_FlorentinoG_Idiom_a66aac,PUR_IED_FlorentinoG_Idiom_a66aac,,,,,
2026-09-12T20:16:03-05:00,PUR_IED_FranciscoMati_Ext_e3869d,PUR_IED_FranciscoMati_Ext_e3869d,,,,,
2026-09-12T20:16:03-05:00,PUR_IED_FranciscoMati_S13_f31c67,PUR_IED_FranciscoMati_S13_f31c67,,,,,
2026-09-12T20:16:03-05:00,PUR_IED_FranciscoMati_S14_97dead,PUR_IED_FranciscoMati_S14_97dead,,,,,
2026-09-12T20:16:03-05:00,PUR_IED_FranciscoPS_Ext_7bfa9a,PUR_IED_FranciscoPS_Ext_7bfa9a,3,20,60,4.5899,-74.110397
2026-09-12T20:16:03-05:00,PUR_IED_FranciscoPS_Infor_fb8f4c,PUR_IED_FranciscoPS_Infor_fb8f4c,,,,,
2026-09-12T20:16:03-05:00,PUR_IED_FranciscoPS_Quimi_94d39c,PUR_IED_FranciscoPS_Quimi_94d39c,,,,,
2026-09-12T20:16:03-05:00,PUR_IED_FranciscoP_LabQ_d7e148,PUR_IED_FranciscoP_LabQ_d7e148,,,,,
2026-09-12T20:16:03-05:00,PUR_IED_FranciscoP_S28_cf9b30,PUR_IED_FranciscoP_S28_cf9b30,,,,,
2026-09-12T20:16:03-05:00,PUR_IED_FranciscoP_ext_e2313,PUR_IED_FranciscoP_ext_e2313,,,,,
2026-09-12T20:16:03-05:00,PUR_IED_FriederichN_Ext_8ac92a,PUR_IED_FriederichN_Ext_8ac92a,,,,,
2026-09-12T20:16:03-05:00,PUR_IED_FriederichN_S301_dd7e5a,PUR_IED_FriederichN_S301_dd7e5a,,,,,
2026-09-12T20:16:03-05:00,PUR_IED_FriederichN_S308_761f4f,PUR_IED_FriederichN_S308_761f4f,,,,,
2026-09-12T20:16:03-05:00,PUR_IED_GSantander_Aula10_533dd7,PUR_IED_GSantander_Aula10_533dd7,,,,,
2026-09-12T20:16:03-05:00,PUR_IED_GSantander_Aula12_fd4e4f,PUR_IED_GSantander_Aula12_fd4e4f,,,,,
2026-09-12T20:16:03-05:00,PUR_IED_GSantander_Aula310_533dd7,PUR_IED_GSantander_Aula310_533dd7,,,,,
2026-09-12T20:16:03-05:00,PUR_IED_GSantander_Aula312_fd4e4f,PUR_IED_GSantander_Aula312_fd4e4f,,,,,
2026-09-12T20:16:03-05:00,PUR_IED_GSantander_Ext_5f66b0,PUR_IED_GSantander_Ext_5f66b0,,,,,
2026-09-12T20:16:03-05:00,PUR_IED_GYomasa_Ext_f6bea5,PUR_IED_GYomasa_Ext_f6bea5,,,,,
2026-09-12T20:16:03-05:00,PUR_IED_GYomasa_LBiol_2c41aa,PUR_IED_GYomasa_LBiol_2c41aa,,,,,
2026-09-12T20:16:03-05:00,PUR_IED_GYomasa_LQuim_33c80,PUR_IED_GYomasa_LQuim_33c80,,,,,
2026-09-12T20:16:03-05:00,PUR_IED_GabBetMejia_Cienc_5a99c,PUR_IED_GabBetMejia_Cienc_5a99c,,,,,
2026-09-12T20:16:03-05:00,PUR_IED_GabBetMejia_Ext_9153d0,PUR_IED_GabBetMejia_Ext_9153d0,,,,,
2026-09-12T20:16:03-05:00,PUR_IED_GabBetMejia_Lab_f55347,PUR_IED_GabBetMejia_Lab_f55347,,,,,
2026-09-12T20:16:03-05:00,PUR_IED_GabBetanMejia_Ext_9153d0,PUR_IED_GabBetanMejia_Ext_9153d0,,,,,
2026-09-12T20:16:03-05:00,PUR_IED_Gaitana_Aula13_7aac11,PUR_IED_Gaitana_Aula13_7aac11,,,,,
2026-09-12T20:16:03-05:00,PUR_IED_Gaitana_Ext_5fcf4,PUR_IED_Gaitana_Ext_5fcf4,,,,,
2026-09-12T20:16:03-05:00,PUR_IED_Gaitana_LabFisica_644448,PUR_IED_Gaitana_LabFisica_644448,,,,,
2026-09-12T20:16:03-05:00,PUR_IED_GenSantander_Dise_8ac858,PUR_IED_GenSantander_Dise_8ac858,,,,,
2026-09-12T20:16:03-05:00,PUR_IED_GenSantander_Ext_8d5dfe,PUR_IED_GenSantander_Ext_8d5dfe,,,,,
2026-09-12T20:16:03-05:00,PUR_IED_GenSantander_Info_6c25b,PUR_IED_GenSantander_Info_6c25b,,,,,
2026-09-12T20:16:03-05:00,PUR_IED_GustavoMo_Exterio_75e63d,PUR_IED_GustavoMo_Exterio_75e63d,,,,,
2026-09-12T20:16:03-05:00,PUR_IED_GustavoMo_LabFisi_224d37,PUR_IED_GustavoMo_LabFisi_224d37,,,,,
2026-09-12T20:16:03-05:00,PUR_IED_GustavoMo_S208_3e6918,PUR_IED_GustavoMo_S208_3e6918,,,,,
2026-09-12T20:16:03-05:00,PUR_IED_GustavoR_A02_8cd4a8,PUR_IED_GustavoR_A02_8cd4a8,,,,,
2026-09-12T20:16:03-05:00,PUR_IED_GustavoR_B11_5b0ed,PUR_IED_GustavoR_B11_5b0ed,,,,,
2026-09-12T20:16:03-05:00,PUR_IED_GustavoR_Ext_7a0c90,PUR_IED_GustavoR_Ext_7a0c90,,,,,
2026-09-12T20:16:03-05:00,PUR_IED_HernandoDuran_Ext_8cd82b,PUR_IED_HernandoDuran_Ext_8cd82b,,,,,
2026-09-12T20:16:03-05:00,PUR_IED_HernandoDuran_S24_2772c6,PUR_IED_HernandoDuran_S24_2772c6,,,,,
2026-09-12T20:16:03-05:00,PUR_IED_HernandoDuran_S30_f2de41,PUR_IED_HernandoDuran_S30_f2de41,,,,,
2026-09-12T20:16:03-05:00,PUR_IED_HolguInUr_S1101_8cd732,PUR_IED_HolguInUr_S1101_8cd732,,,,,
2026-09-12T20:16:03-05:00,PUR_IED_HolguinUr_Exter_ddae6d,PUR_IED_HolguinUr_Exter_ddae6d,,,,,
2026-09-12T20:16:03-05:00,PUR_IED_HolguinUr_LabQuim_92b952,PUR_IED_HolguinUr_LabQuim_92b952,,,,,
2026-09-12T20:16:03-05:00,PUR_IED_Isabel-II_Ext_5245cc,PUR_IED_Isabel-II_Ext_5245cc,5,20,57,4.6336,-74.153
2026-09-12T20:16:03-05:00,PUR_IED_Isabel-II_S_idiom_1c29aa,PUR_IED_Isabel-II_S_idiom_1c29aa,,,,,
2026-09-12T20:16:03-05:00,PUR_IED_Isabel-II_S_infor_fd741,PUR_IED_Isabel-II_S_infor_fd741,,,,,
2026-09-12T20:16:03-05:00,PUR_IED_IsidroSur_Exterio_5b90ea,PUR_IED_IsidroSur_Exterio_5b90ea,,,,,
2026-09-12T20:16:03-05:00,PUR_IED_IsidroSur_LabTec_56697a,PUR_IED_IsidroSur_LabTec_56697a,,,,,
2026-09-12T20:16:03-05:00,PUR_IED_IsidroSur_Robotic_b7c38f,PUR_IED_IsidroSur_Robotic_b7c38f,,,,,
2026-09-12T20:16:03-05:00,PUR_IED_IsmaelPerd_Ext_7b6672,PUR_IED_IsmaelPerd_Ext_7b6672,,,,,
2026-09-12T20:16:03-05:00,PUR_IED_IsmaelPerd_Inform_306540,PUR_IED_IsmaelPerd_Inform_306540,,,,,
2026-09-12T20:16:03-05:00,PUR_IED_IsmaelPerd_S30_2e2c83,PUR_IED_IsmaelPerd_S30_2e2c83,,,,,
2026-09-12T20:16:03-05:00,PUR_IED_JLozano_Exter_432910,PUR_IED_JLozano_Exter_432910,,,,,
2026-09-12T20:16:03-05:00,PUR_IED_JLozano_salaMulti_df5125,PUR_IED_JLozano_salaMulti_df5125,,,,,
2026-09-12T20:16:03-05:00,PUR_IED_JMCordoba_206_86f80b,PUR_IED_JMCordoba_206_86f80b,,,,,
2026-09-12T20:16:03-05:00,PUR_IED_JMCordoba_Ext_27ad97,PUR_IED_JMCordoba_Ext_27ad97,,,,,
2026-09-12T20:16:03-05:00,PUR_IED_JMCordoba_S310_d59ab4,PUR_IED_JMCordoba_S310_d59ab4,,,,,
2026-09-12T20:16:03-05:00,PUR_IED_Japon_Ext_549100,PUR_IED_Japon_Ext_549100,,,,,
2026-09-12T20:16:03-05:00,PUR_IED_Japon_Laboratorio_bec51d,PUR_IED_Japon_Laboratorio_bec51d,,,,,
2026-09-12T20:16:03-05:00,PUR_IED_Japon_informatica_d99327,PUR_IED_Japon_informatica_d99327,,,,,
2026-09-12T20:16:03-05:00,PUR_IED_Jazmin_Ext_d27bda,PUR_IED_Jazmin_Ext_d27bda,,,,,
2026-09-12T20:16:03-05:00,PUR_IED_Jazmin_Fisica_8d14d7,PUR_IED_Jazmin_Fisica_8d14d7,,,,,
2026-09-12T20:16:03-05:00,PUR_IED_Jazmin_Quimica_801cb5,PUR_IED_Jazmin_Quimica_801cb5,,,,,
2026-09-12T20:16:03-05:00,PUR_IED_JorgeGaitan_Exter_f098d1,PUR_IED_JorgeGaitan_Exter_f098d1,,,,,
2026-09-12T20:16:03-05:00,PUR_IED_JorgeGaitan_STec1_dc9d1d,PUR_IED_JorgeGaitan_STec1_dc9d1d,,,,,
2026-09-12T20:16:03-05:00,PUR_IED_JorgeGaitan_STec2_281e69,PUR_IED_JorgeGaitan_STec2_281e69,,,,,
2026-09-12T20:16:03-05:00,PUR_IED_JorgeSoto_Exterio_d9d0a2,PUR_IED_JorgeSoto_Exterio_d9d0a2,,,,,
2026-09-12T20:16:03-05:00,PUR_IED_JorgeSoto_LabFisi_209c54,PUR_IED_JorgeSoto_LabFisi_209c54,,,,,
2026-09-12T20:16:03-05:00,PUR_IED_JorgeSoto_S103_27b51a,PUR_IED_JorgeSoto_S103_27b51a,,,,,
2026-09-12T20:16:03-05:00,PUR_IED_JoseAcevedo_A02_e965eb,PUR_IED_JoseAcevedo_A02_e965eb,,,,,
2026-09-12T20:16:03-05:00,PUR_IED_JoseAcevedo_A07_dd5b4,PUR_IED_JoseAcevedo_A07_dd5b4,,,,,
2026-09-12T20:16:03-05:00,PUR_IED_JoseAcevedo_Ext_b47484,PUR_IED_JoseAcevedo_Ext_b47484,,,,,
2026-09-12T20:16:03-05:00,PUR_IED_JoseMarti_Exte_5b9bf,PUR_IED_JoseMarti_Exte_5b9bf,,,,,
2026-09-12T20:16:03-05:00,PUR_IED_JoseMarti_LabQuim_1c6c2d,PUR_IED_JoseMarti_LabQuim_1c6c2d,,,,,
2026-09-12T20:16:03-05:00,PUR_IED_JoseMarti_S_info_f5f177,PUR_IED_JoseMarti_S_info_f5f177,,,,,
2026-09-12T20:16:03-05:00,PUR_IED_Josejoaquin_Ext_dfc5dc,PUR_IED_Josejoaquin_Ext_dfc5dc,,,,,
2026-09-12T20:16:03-05:00,PUR_IED_Josejoaquin_S05_5b2a96,PUR_IED_Josejoaquin_S05_5b2a96,,,,,
2026-09-12T20:16:03-05:00,PUR_IED_Josejoaquin_S06_1ce7d2,PUR_IED_Josejoaquin_S06_1ce7d2,,,,,
2026-09-12T20:16:03-05:00,PUR_IED_JulioFlorez_Danza_9b82dd,PUR_IED_JulioFlorez_Danza_9b82dd,,,,,
2026-09-12T20:16:03-05:00,PUR_IED_JulioFlorez_Exter_f9f314,PUR_IED_JulioFlorez_Exter_f9f314,,,,,
2026-09-12T20:16:03-05:00,PUR_IED_JulioFlorez_info2_6b6e08,PUR_IED_JulioFlorez_info2_6b6e08,,,,,
2026-09-12T20:16:03-05:00,PUR_IED_LaBelleza_Aula13_1d00d8,PUR_IED_LaBelleza_Aula13_1d00d8,,,,,
2026-09-12T20:16:03-05:00,PUR_IED_LaBelleza_Ext_7bc08c,PUR_IED_LaBelleza_Ext_7bc08c,,,,,
2026-09-12T20:16:03-05:00,PUR_IED_LaChucua_Ext_8cd6d2,PUR_IED_LaChucua_Ext_8cd6d2,,,,,
2026-09-12T20:16:03-05:00,PUR_IED_LaChucua_S15_f578ce,PUR_IED_LaChucua_S15_f578ce,,,,,
2026-09-12T20:16:03-05:00,PUR_IED_LaChucua_S16_eebcf9,PUR_IED_LaChucua_S16_eebcf9,,,,,
2026-09-12T20:16:03-05:00,PUR_IED_LaFelicidad_Ext_fb5109,PUR_IED_LaFelicidad_Ext_fb5109,,,,,
2026-09-12T20:16:03-05:00,PUR_IED_LaMerced_206_66ebd,PUR_IED_LaMerced_206_66ebd,,,,,
2026-09-12T20:16:03-05:00,PUR_IED_LaMerced_207_6ebd6,PUR_IED_LaMerced_207_6ebd6,,,,,
2026-09-12T20:16:03-05:00,PUR_IED_LaMerced_ext_304311,PUR_IED_LaMerced_ext_304311,,,,,
2026-09-12T20:16:03-05:00,PUR_IED_Laureano_CiencNat_281e5e,PUR_IED_Laureano_CiencNat_281e5e,,,,,
2026-09-12T20:16:03-05:00,PUR_IED_Laureano_Comedor_f65c0a,PUR_IED_Laureano_Comedor_f65c0a,,,,,
2026-09-12T20:16:03-05:00,PUR_IED_Laureano_Exterior_7ab011,PUR_IED_Laureano_Exterior_7ab011,,,,,
2026-09-12T20:16:03-05:00,PUR_IED_LeonGreiff_Exte_dfe560,PUR_IED_LeonGreiff_Exte_dfe560,,,,,
2026-09-12T20:16:03-05:00,PUR_IED_LeonGreiff_S210_f264ed,PUR_IED_LeonGreiff_S210_f264ed,,,,,
2026-09-12T20:16:03-05:00,PUR_IED_LeonGreiff_SQuimi_e8296f,PUR_IED_LeonGreiff_SQuimi_e8296f,,,,,
2026-09-12T20:16:03-05:00,PUR_IED_LlanoOrientalS208_7b9fcd,PUR_IED_LlanoOrientalS208_7b9fcd,,,,,
2026-09-12T20:16:03-05:00,PUR_IED_LlanoOriental_Ext_fb3766,PUR_IED_LlanoOriental_Ext_fb3766,,,,,
2026-09-12T20:16:03-05:00,PUR_IED_LlanoOriental_S208_7b9fcd,PUR_IED_LlanoOriental_S208_7b9fcd,,,,,
2026-09-12T20:16:03-05:00,PUR_IED_LlanoOriental_S9_27b378,PUR_IED_LlanoOriental_S9_27b378,,,,,
2026-09-12T20:16:03-05:00,PUR_IED_LosTejares_1101_477602,PUR_IED_LosTejares_1101_477602,,,,,
2026-09-12T20:16:03-05:00,PUR_IED_LosTejares_11_d2c595,PUR_IED_LosTejares_11_d2c595,,,,,
2026-09-12T20:16:03-05:00,PUR_IED_LosTejares_12_477602,PUR_IED_LosTejares_12_477602,,,,,
2026-09-12T20:16:03-05:00,PUR_IED_LosTejares_Ext_8e2115,PUR_IED_LosTejares_Ext_8e2115,,,,,
2026-09-12T20:16:03-05:00,PUR_IED_MagdalenaO_B202_5ddda3,PUR_IED_MagdalenaO_B202_5ddda3,,,,,
2026-09-12T20:16:03-05:00,PUR_IED_MagdalenaO_B205_fb76e8,PUR_IED_MagdalenaO_B205_fb76e8,,,,,
2026-09-12T20:16:03-05:00,PUR_IED_MagdalenaO_ext_dc69cd,PUR_IED_MagdalenaO_ext_dc69cd,,,,,
2026-09-12T20:16:03-05:00,PUR_IED_ManueCepeda_artes_eee956,PUR_IED_ManueCepeda_artes_eee956,,,,,
2026-09-12T20:16:03-05:00,PUR_IED_ManuelCepeda_Ext_58313,PUR_IED_ManuelCepeda_Ext_58313,,,,,
2026-09-12T20:16:03-05:00,PUR_IED_ManuelCepeda_tec_1c5731,PUR_IED_ManuelCepeda_tec_1c5731,,,,,
2026-09-12T20:16:03-05:00,PUR_IED_ManuelS_Exterior_5b269,PUR_IED_ManuelS_Exterior_5b269,,,,,
2026-09-12T20:16:03-05:00,PUR_IED_ManuelS_Inform_f369ce,PUR_IED_ManuelS_Inform_f369ce,,,,,
2026-09-12T20:16:03-05:00,PUR_IED_ManuelS_SArtes_7d15f1,PUR_IED_ManuelS_SArtes_7d15f1,,,,,
2026-09-12T20:16:03-05:00,PUR_IED_ManuelZapata_303_3ca6,PUR_IED_ManuelZapata_303_3ca6,,,,,
2026-09-12T20:16:03-05:00,PUR_IED_ManuelZapata_311_bfbabc,PUR_IED_ManuelZapata_311_bfbabc,,,,,
2026-09-12T20:16:03-05:00,PUR_IED_ManuelZapata_Ext_50824a,PUR_IED_ManuelZapata_Ext_50824a,,,,,
2026-09-12T20:16:03-05:00,PUR_IED_ManuelitaS_Exteri_656a92,PUR_IED_ManuelitaS_Exteri_656a92,,,,,
2026-09-12T20:16:03-05:00,PUR_IED_ManuelitaS_JuzgDe_f58ec3,PUR_IED_ManuelitaS_JuzgDe_f58ec3,,,,,
2026-09-12T20:16:03-05:00,PUR_IED_ManuelitaS_Recrea_d793db,PUR_IED_ManuelitaS_Recrea_d793db,,,,,
2026-09-12T20:16:03-05:00,PUR_IED_MarFidSuarez_Ext_c27b19,PUR_IED_MarFidSuarez_Ext_c27b19,,,,,
2026-09-12T20:16:03-05:00,PUR_IED_MarFidSuarez_Info_e384d7,PUR_IED_MarFidSuarez_Info_e384d7,,,,,
2026-09-12T20:16:03-05:00,PUR_IED_MarFidSuarez_S306_1d0032,PUR_IED_MarFidSuarez_S306_1d0032,,,,,
2026-09-12T20:16:03-05:00,PUR_IED_Menorah_301_2a25a3,PUR_IED_Menorah_301_2a25a3,,,,,
2026-09-12T20:16:03-05:00,PUR_IED_Menorah_306_37ed3,PUR_IED_Menorah_306_37ed3,,,,,
2026-09-12T20:16:03-05:00,PUR_IED_Menorah_Ext_3e155b,PUR_IED_Menorah_Ext_3e155b,,,,,
2026-09-12T20:16:03-05:00,PUR_IED_MinutoB.Aires_A11_1b1604,PUR_IED_MinutoB.Aires_A11_1b1604,,,,,
2026-09-12T20:16:03-05:00,PUR_IED_MinutoB.Aires_A12_fb5860,PUR_IED_MinutoB.Aires_A12_fb5860,,,,,
2026-09-12T20:16:03-05:00,PUR_IED_MinutoB.Aires_Ext_81293f,PUR_IED_MinutoB.Aires_Ext_81293f,,,,,
2026-09-12T20:16:03-05:00,PUR_IED_MinutoBAires_A11_1b1604,PUR_IED_MinutoBAires_A11_1b1604,,,,,
2026-09-12T20:16:03-05:00,PUR_IED_MinutoBAires_A12_fb5860,PUR_IED_MinutoBAires_A12_fb5860,,,,,
2026-09-12T20:16:03-05:00,PUR_IED_MinutoBAires_Ext_81293f,PUR_IED_MinutoBAires_Ext_81293f,,,,,
2026-09-12T20:16:03-05:00,PUR_IED_Montreal_Aula10_1e4959,PUR_IED_Montreal_Aula10_1e4959,,,,,
2026-09-12T20:16:03-05:00,PUR_IED_Montreal_Aula6_300367,PUR_IED_Montreal_Aula6_300367,,,,,
2026-09-12T20:16:03-05:00,PUR_IED_Montreal_Exterior_91a179,PUR_IED_Montreal_Exterior_91a179,,,,,
2026-09-12T20:16:03-05:00,PUR_IED_Mqgdalena_B202_5ddda3,PUR_IED_Mqgdalena_B202_5ddda3,,,,,
2026-09-12T20:16:03-05:00,PUR_IED_NACUND_Soc_dc8728,PUR_IED_NACUND_Soc_dc8728,,,,,
2026-09-12T20:16:03-05:00,PUR_IED_NACUND_ext_27ad97,PUR_IED_NACUND_ext_27ad97,,,,,
2026-09-12T20:16:03-05:00,PUR_IED_NEsperanza_Ext_d24b61,PUR_IED_NEsperanza_Ext_d24b61,,,,,
2026-09-12T20:16:03-05:00,PUR_IED_NEsperanza_SElect_7d1807,PUR_IED_NEsperanza_SElect_7d1807,,,,,
2026-09-12T20:16:03-05:00,PUR_IED_NEsperanza_SLabor_8b2d0a,PUR_IED_NEsperanza_SLabor_8b2d0a,,,,,
2026-09-12T20:16:03-05:00,PUR_IED_NacionesU_Ext_f661a9,PUR_IED_NacionesU_Ext_f661a9,,,,,
2026-09-12T20:16:03-05:00,PUR_IED_NacionesU_Quimica_66f0a,PUR_IED_NacionesU_Quimica_66f0a,,,,,
2026-09-12T20:16:03-05:00,PUR_IED_NacionesU_S306_1b4b3d,PUR_IED_NacionesU_S306_1b4b3d,,,,,
2026-09-12T20:16:03-05:00,PUR_IED_NestorFA_Ext_e4201c,PUR_IED_NestorFA_Ext_e4201c,,,,,
2026-09-12T20:16:03-05:00,PUR_IED_NestorFA_Laborato_f22fe0,PUR_IED_NestorFA_Laborato_f22fe0,,,,,
2026-09-12T20:16:03-05:00,PUR_IED_NestorFA_S204_dee996,PUR_IED_NestorFA_S204_dee996,,,,,
2026-09-12T20:16:03-05:00,PUR_IED_NidyaQT_Aula03_76999b,PUR_IED_NidyaQT_Aula03_76999b,,,,,
2026-09-12T20:16:03-05:00,PUR_IED_NidyaQT_Aula10_56325,PUR_IED_NidyaQT_Aula10_56325,,,,,
2026-09-12T20:16:03-05:00,PUR_IED_NidyaQT_Ext_46e32d,PUR_IED_NidyaQT_Ext_46e32d,,,,,
2026-09-12T20:16:03-05:00,PUR_IED_NuevaCol_Exterior_d9b859,PUR_IED_NuevaCol_Exterior_d9b859,,,,,
2026-09-12T20:16:03-05:00,PUR_IED_NuevaCol_S1101_76c43b,PUR_IED_NuevaCol_S1101_76c43b,,,,,
2026-09-12T20:16:03-05:00,PUR_IED_NuevaCol_S1102_1ce0b5,PUR_IED_NuevaCol_S1102_1ce0b5,,,,,
2026-09-12T20:16:03-05:00,PUR_IED_OEA_A202_f7e3f2,PUR_IED_OEA_A202_f7e3f2,,,,,
2026-09-12T20:16:03-05:00,PUR_IED_OEA_A203_7d1b8d,PUR_IED_OEA_A203_7d1b8d,,,,,
2026-09-12T20:16:03-05:00,PUR_IED_OEA_Ext_27b593,PUR_IED_OEA_Ext_27b593,,,,,
2026-09-12T20:16:03-05:00,PUR_IED_Ochoa_Ext_1c29da,PUR_IED_Ochoa_Ext_1c29da,,,,,
2026-09-12T20:16:03-05:00,PUR_IED_Ochoa_S205_8b1121,PUR_IED_Ochoa_S205_8b1121,,,,,
2026-09-12T20:16:03-05:00,PUR_IED_Ochoa_Sistemas_f33af6,PUR_IED_Ochoa_Sistemas_f33af6,,,,,
2026-09-12T20:16:03-05:00,PUR_IED_PQuebec_Ext_1c67c7,PUR_IED_PQuebec_Ext_1c67c7,,,,,
2026-09-12T20:16:03-05:00,PUR_IED_PQuebec_S15_23e8e2,PUR_IED_PQuebec_S15_23e8e2,,,,,
2026-09-12T20:16:03-05:00,PUR_IED_PQuebec_S16_8ec76b,PUR_IED_PQuebec_S16_8ec76b,,,,,
2026-09-12T20:16:03-05:00,PUR_IED_PabloN_Ext_49dc96,PUR_IED_PabloN_Ext_49dc96,,,,,
2026-09-12T20:16:03-05:00,PUR_IED_PabloN_S1102_4e3df5,PUR_IED_PabloN_S1102_4e3df5,,,,,
2026-09-12T20:16:03-05:00,PUR_IED_PabloN_S1103_50c94b,PUR_IED_PabloN_S1103_50c94b,,,,,
2026-09-12T20:16:03-05:00,PUR_IED_Palestina_S1101_db9198,PUR_IED_Palestina_S1101_db9198,,,,,
2026-09-12T20:16:03-05:00,PUR_IED_Palestina_S1102_dc54fa,PUR_IED_Palestina_S1102_dc54fa,,,,,
2026-09-12T20:16:03-05:00,PUR_IED_Palestina_ext_4ccce6,PUR_IED_Palestina_ext_4ccce6,,,,,
2026-09-12T20:16:03-05:00,PUR_IED_Panama_Fisica_4d0794,PUR_IED_Panama_Fisica_4d0794,,,,,
2026-09-12T20:16:03-05:00,PUR_IED_Panama_SIngles_a4077e,PUR_IED_Panama_SIngles_a4077e,,,,,
2026-09-12T20:16:03-05:00,PUR_IED_Panama_ext_4c54b4,PUR_IED_Panama_ext_4c54b4,,,,,
2026-09-12T20:16:03-05:00,PUR_IED_ParaisoM_Exterior_8cd7f0,PUR_IED_ParaisoM_Exterior_8cd7f0,,,,,
2026-09-12T20:16:03-05:00,PUR_IED_ParaisoM_Laborato_27af35,PUR_IED_ParaisoM_Laborato_27af35,,,,,
2026-09-12T20:16:03-05:00,PUR_IED_ParaisoM_S304_d1edca,PUR_IED_ParaisoM_S304_d1edca,,,,,
2026-09-12T20:16:03-05:00,PUR_IED_PorfirioBarba_Ext_301466,PUR_IED_PorfirioBarba_Ext_301466,,,,,
2026-09-12T20:16:03-05:00,PUR_IED_PorfirioBarba_S11_df6cd2,PUR_IED_PorfirioBarba_S11_df6cd2,,,,,
2026-09-12T20:16:03-05:00,PUR_IED_PorfirioBarba_S29_27a7d6,PUR_IED_PorfirioBarba_S29_27a7d6,,,,,
2026-09-12T20:16:03-05:00,PUR_IED_PradoV_Exter_8b27ad,PUR_IED_PradoV_Exter_8b27ad,,,,,
2026-09-12T20:16:03-05:00,PUR_IED_PradoV_S301_de65b5,PUR_IED_PradoV_S301_de65b5,,,,,
2026-09-12T20:16:03-05:00,PUR_IED_PradoV_S302_7d2593,PUR_IED_PradoV_S302_7d2593,,,,,
2026-09-12T20:16:03-05:00,PUR_IED_QuirogaAlz_Ext_1ddc82,PUR_IED_QuirogaAlz_Ext_1ddc82,,,,,
2026-09-12T20:16:03-05:00,PUR_IED_QuirogaAlz_S302_9926a3,PUR_IED_QuirogaAlz_S302_9926a3,,,,,
2026-09-12T20:16:03-05:00,PUR_IED_QuirogaAlz_S305_cdf1f1,PUR_IED_QuirogaAlz_S305_cdf1f1,,,,,
2026-09-12T20:16:03-05:00,PUR_IED_RGuatemala_Biling_dc53b7,PUR_IED_RGuatemala_Biling_dc53b7,,,,,
2026-09-12T20:16:03-05:00,PUR_IED_RGuatemala_Ext_1b89a3,PUR_IED_RGuatemala_Ext_1b89a3,,,,,
2026-09-12T20:16:03-05:00,PUR_IED_RGuatemala_Tecnol_281a34,PUR_IED_RGuatemala_Tecnol_281a34,,,,,
2026-09-12T20:16:03-05:00,PUR_IED_RafaNu_Ext_f7c302,PUR_IED_RafaNu_Ext_f7c302,,,,,
2026-09-12T20:16:03-05:00,PUR_IED_RafaNu_S1101_25fde,PUR_IED_RafaNu_S1101_25fde,,,,,
2026-09-12T20:16:03-05:00,PUR_IED_RafaNu_S1102_281517,PUR_IED_RafaNu_S1102_281517,,,,,
2026-09-12T20:16:03-05:00,PUR_IED_RafaelB_S305_ee2783,PUR_IED_RafaelB_S305_ee2783,,,,,
2026-09-12T20:16:03-05:00,PUR_IED_RafaelB_S306_75fe33,PUR_IED_RafaelB_S306_75fe33,,,,,
2026-09-12T20:16:03-05:00,PUR_IED_RafaelB_ext_283336,PUR_IED_RafaelB_ext_283336,3,19,63,4.6722,-74.0737
2026-09-12T20:16:03-05:00,PUR_IED_RafaelUU_Exterior_281a51,PUR_IED_RafaelUU_Exterior_281a51,,,,,
2026-09-12T20:16:03-05:00,PUR_IED_RafaelUU_Human_806b2,PUR_IED_RafaelUU_Human_806b2,,,,,
2026-09-12T20:16:03-05:00,PUR_IED_RafaelUU_Mate2_5680d4,PUR_IED_RafaelUU_Mate2_5680d4,,,,,
2026-09-12T20:16:03-05:00,PUR_IED_RamonSub_Ext_f9eeb9,PUR_IED_RamonSub_Ext_f9eeb9,,,,,
2026-09-12T20:16:03-05:00,PUR_IED_RamonSub_Media_d1f62f,PUR_IED_RamonSub_Media_d1f62f,,,,,
2026-09-12T20:16:03-05:00,PUR_IED_RamonSub_planta_51b82,PUR_IED_RamonSub_planta_51b82,,,,,
2026-09-12T20:16:03-05:00,PUR_IED_RepBoliVene_Exter_27af7c,PUR_IED_RepBoliVene_Exter_27af7c,,,,,
2026-09-12T20:16:03-05:00,PUR_IED_RepBoliVene_SCPT_5ae2ee,PUR_IED_RepBoliVene_SCPT_5ae2ee,,,,,
2026-09-12T20:16:03-05:00,PUR_IED_RepBoliVene_Socia_4b11d5,PUR_IED_RepBoliVene_Socia_4b11d5,,,,,
2026-09-12T20:16:03-05:00,PUR_IED_RepChina_Ext_76d9ee,PUR_IED_RepChina_Ext_76d9ee,,,,,
2026-09-12T20:16:03-05:00,PUR_IED_RepChina_S404_7c804c,PUR_IED_RepChina_S404_7c804c,,,,,
2026-09-12T20:16:03-05:00,PUR_IED_RepChina_S405_df2c33,PUR_IED_RepChina_S405_df2c33,,,,,
2026-09-12T20:16:03-05:00,PUR_IED_RepublicaC_Exteri_7d1ec9,PUR_IED_RepublicaC_Exteri_7d1ec9,,,,,
2026-09-12T20:16:03-05:00,PUR_IED_RepublicaC_S1101_f544b3,PUR_IED_RepublicaC_S1101_f544b3,,,,,
2026-09-12T20:16:03-05:00,PUR_IED_RepublicaC_S1102_7aafc7,PUR_IED_RepublicaC_S1102_7aafc7,,,,,
2026-09-12T20:16:03-05:00,PUR_IED_Ricaurte_Externo_a0ea1,PUR_IED_Ricaurte_Externo_a0ea1,,,,,
2026-09-12T20:16:03-05:00,PUR_IED_Ricaurte_S210_f546fd,PUR_IED_Ricaurte_S210_f546fd,,,,,
2026-09-12T20:16:03-05:00,PUR_IED_Ricaurte_S309_d4452,PUR_IED_Ricaurte_S309_d4452,,,,,
2026-09-12T20:16:03-05:00,PUR_IED_RogelioS_1102_531e69,PUR_IED_RogelioS_1102_531e69,,,,,
2026-09-12T20:16:03-05:00,PUR_IED_RogelioS_Ext_f25a18,PUR_IED_RogelioS_Ext_f25a18,,,,,
2026-09-12T20:16:03-05:00,PUR_IED_SBernardino_Ext_27aff8,PUR_IED_SBernardino_Ext_27aff8,,,,,
2026-09-12T20:16:03-05:00,PUR_IED_SBernardino_SArte_2ffd33,PUR_IED_SBernardino_SArte_2ffd33,,,,,
2026-09-12T20:16:03-05:00,PUR_IED_SBernardino_SIngl_7c7da5,PUR_IED_SBernardino_SIngl_7c7da5,,,,,
2026-09-12T20:16:03-05:00,PUR_IED_Sago_auditorio_dc9d1d,PUR_IED_Sago_auditorio_dc9d1d,,,,,
2026-09-12T20:16:03-05:00,PUR_IED_Saludcoop_Ext_95aac3,PUR_IED_Saludcoop_Ext_95aac3,,,,,
2026-09-12T20:16:03-05:00,PUR_IED_Saludcoop_InfI_90c854,PUR_IED_Saludcoop_InfI_90c854,,,,,
2026-09-12T20:16:03-05:00,PUR_IED_Saludcoop_SMedia_1b93be,PUR_IED_Saludcoop_SMedia_1b93be,,,,,
2026-09-12T20:16:03-05:00,PUR_IED_SanCarlos_1101_1a2360,PUR_IED_SanCarlos_1101_1a2360,,,,,
2026-09-12T20:16:03-05:00,PUR_IED_SanCarlos_1103_7bafb5,PUR_IED_SanCarlos_1103_7bafb5,,,,,
2026-09-12T20:16:03-05:00,PUR_IED_SanCarlos_Ext_b7cd1,PUR_IED_SanCarlos_Ext_b7cd1,,,,,
2026-09-12T20:16:03-05:00,PUR_IED_SanIgnacioBosa11a_50c26e,PUR_IED_SanIgnacioBosa11a_50c26e,,,,,
2026-09-12T20:16:03-05:00,PUR_IED_SanIgnacioBosa11b_371de8,PUR_IED_SanIgnacioBosa11b_371de8,,,,,
2026-09-12T20:16:03-05:00,PUR_IED_SanIgnacioBosaExt_ef0ffc,PUR_IED_SanIgnacioBosaExt_ef0ffc,,,,,
2026-09-12T20:16:03-05:00,PUR_IED_SanIgnacioBosa_11a_50c26e,PUR_IED_SanIgnacioBosa_11a_50c26e,,,,,
2026-09-12T20:16:03-05:00,PUR_IED_SanIgnacioBosa_Ext_ef0ffc,PUR_IED_SanIgnacioBosa_Ext_ef0ffc,,,,,
2026-09-12T20:16:03-05:00,PUR_IED_SanJoseN_intS1101_31c47f,PUR_IED_SanJoseN_intS1101_31c47f,,,,,
2026-09-12T20:16:03-05:00,PUR_IED_SanJoseUsm_Exter_f5d7e8,PUR_IED_SanJoseUsm_Exter_f5d7e8,,,,,
2026-09-12T20:16:03-05:00,PUR_IED_SanJoseUsm_Int11A_cfdef6,PUR_IED_SanJoseUsm_Int11A_cfdef6,,,,,
2026-09-12T20:16:03-05:00,PUR_IED_SilveriaR_IntB5_905349,PUR_IED_SilveriaR_IntB5_905349,,,,,
2026-09-12T20:16:03-05:00,PUR_IED_SilveriaR_IntSD14_981f93,PUR_IED_SilveriaR_IntSD14_981f93,,,,,
2026-09-12T20:16:03-05:00,PUR_IED_SilveriaR_ext_2b651d,PUR_IED_SilveriaR_ext_2b651d,,,,,
2026-09-12T20:16:03-05:00,PUR_IED_SimonB_Exterior_913975,PUR_IED_SimonB_Exterior_913975,,,,,
2026-09-12T20:16:03-05:00,PUR_IED_SimonB_LabQuimi_c56908,PUR_IED_SimonB_LabQuimi_c56908,,,,,
2026-09-12T20:16:03-05:00,PUR_IED_SimonB_informatic_a28c1,PUR_IED_SimonB_informatic_a28c1,,,,,
2026-09-12T20:16:03-05:00,PUR_IED_Sorrento_1102_315f50,PUR_IED_Sorrento_1102_315f50,,,,,
2026-09-12T20:16:03-05:00,PUR_IED_Sorrento_Minte_214eab,PUR_IED_Sorrento_Minte_214eab,,,,,
2026-09-12T20:16:03-05:00,PUR_IED_Sorrento_ext_7c3a0a,PUR_IED_Sorrento_ext_7c3a0a,,,,,
2026-09-12T20:16:03-05:00,PUR_IED_Tabora_Ext_f048ae,PUR_IED_Tabora_Ext_f048ae,,,,,
2026-09-12T20:16:03-05:00,PUR_IED_Tabora_S1102_b07752,PUR_IED_Tabora_S1102_b07752,,,,,
2026-09-12T20:16:03-05:00,PUR_IED_Tabora_S1103_d988f5,PUR_IED_Tabora_S1103_d988f5,,,,,
2026-09-12T20:16:03-05:00,PUR_IED_Tenerife_Ext_1ab188,PUR_IED_Tenerife_Ext_1ab188,,,,,
2026-09-12T20:16:03-05:00,PUR_IED_Tenerife_SDanzas_7bc02e,PUR_IED_Tenerife_SDanzas_7bc02e,,,,,
2026-09-12T20:16:03-05:00,PUR_IED_Tenerife_SIngles_7cc277,PUR_IED_Tenerife_SIngles_7cc277,,,,,
2026-09-12T20:16:03-05:00,PUR_IED_Tibabuyes_Exter_f2683d,PUR_IED_Tibabuyes_Exter_f2683d,,,,,
2026-09-12T20:16:03-05:00,PUR_IED_Tibabuyes_S10_dc87a8,PUR_IED_Tibabuyes_S10_dc87a8,,,,,
2026-09-12T20:16:03-05:00,PUR_IED_Tibabuyes_S15_dc0526,PUR_IED_Tibabuyes_S15_dc0526,,,,,
2026-09-12T20:16:03-05:00,PUR_IED_UnionE_S301_a1043,PUR_IED_UnionE_S301_a1043,,,,,
2026-09-12T20:16:03-05:00,PUR_IED_UnionE_S307_ff6c2f,PUR_IED_UnionE_S307_ff6c2f,,,,,
2026-09-12T20:16:03-05:00,PUR_IED_UnionE__Ext_5e2468,PUR_IED_UnionE__Ext_5e2468,,,,,
2026-09-12T20:16:03-05:00,PUR_IED_VillaRica_Ext_75be7c,PUR_IED_VillaRica_Ext_75be7c,,,,,
2026-09-12T20:16:03-05:00,PUR_IED_VillaRica_S4_cc5dcd,PUR_IED_VillaRica_S4_cc5dcd,,,,,
2026-09-12T20:16:03-05:00,PUR_IED_VillaRica_Sesp_99f5c,PUR_IED_VillaRica_Sesp_99f5c,,,,,
2026-09-12T20:21:04-05:00,PUR_IED_20deJulio_1101_91b1b9,PUR_IED_20deJulio_1101_91b1b9,,,,,
2026-09-12T20:21:04-05:00,PUR_IED_20deJulio_1102_1cfcf9,PUR_IED_20deJulio_1102_1cfcf9,,,,,
2026-09-12T20:21:04-05:00,PUR_IED_20deJulio_Ext_ab60bd,PUR_IED_20deJulio_Ext_ab60bd,,,,,
2026-09-12T20:21:04-05:00,PUR_IED_AgustinFer_Ext_7b9b77,PUR_IED_AgustinFer_Ext_7b9b77,,,,,
2026-09-12T20:21:04-05:00,PUR_IED_AgustinFer_Info2_27b3a7,PUR_IED_AgustinFer_Info2_27b3a7,,,,,
2026-09-12T20:21:04-05:00,PUR_IED_AgustinFer_Sena_54b4eb,PUR_IED_AgustinFer_Sena_54b4eb,,,,,
2026-09-12T20:21:04-05:00,PUR_IED_AlexanderF_1102_caf07b,PUR_IED_AlexanderF_1102_caf07b,,,,,
2026-09-12T20:21:04-05:00,PUR_IED_AlexanderF_1103_c79e71,PUR_IED_AlexanderF_1103_c79e71,,,,,
2026-09-12T20:21:04-05:00,PUR_IED_AlexanderF_Ext_c5b18b,PUR_IED_AlexanderF_Ext_c5b18b,,,,,
2026-09-12T20:21:04-05:00,PUR_IED_AlfonsoLopez_Ext_281d77,PUR_IED_AlfonsoLopez_Ext_281d77,,,,,
2026-09-12T20:21:04-05:00,PUR_IED_AlfonsoLopez_LabF_888ce0,PUR_IED_AlfonsoLopez_LabF_888ce0,,,,,
2026-09-12T20:21:04-05:00,PUR_IED_AlfonsoLopez_SMed_df6a7f,PUR_IED_AlfonsoLopez_SMed_df6a7f,,,,,
2026-09-12T20:21:04-05:00,PUR_IED_AltamiraSO_A2_209f92,PUR_IED_AltamiraSO_A2_209f92,,,,,
2026-09-12T20:21:04-05:00,PUR_IED_AltamiraSO_Ext_186d66,PUR_IED_AltamiraSO_Ext_186d66,,,,,
2026-09-12T20:21:04-05:00,PUR_IED_AltamiraSO_Sistem_27afe1,PUR_IED_AltamiraSO_Sistem_27afe1,,,,,
2026-09-12T20:21:04-05:00,PUR_IED_AlvaroGom_LabQuim_813179,PUR_IED_AlvaroGom_LabQuim_813179,,,,,
2026-09-12T20:21:04-05:00,PUR_IED_AlvaroGomez_Ext_47c7ca,PUR_IED_AlvaroGomez_Ext_47c7ca,,,,,
2026-09-12T20:21:04-05:00,PUR_IED_AlvaroGomez_LabQuim_813179,PUR_IED_AlvaroGomez_LabQuim_813179,,,,,
2026-09-12T20:21:04-05:00,PUR_IED_AlvaroGomez_S23_7ba89f,PUR_IED_AlvaroGomez_S23_7ba89f,,,,,
2026-09-12T20:21:04-05:00,PUR_IED_Amistad_306_dc8728,PUR_IED_Amistad_306_dc8728,,,,,
2026-09-12T20:21:04-05:00,PUR_IED_Amistad_Ext_8cd55e,PUR_IED_Amistad_Ext_8cd55e,,,,,
2026-09-12T20:21:04-05:00,PUR_IED_Amistad_S202_a41169,PUR_IED_Amistad_S202_a41169,,,,,
2026-09-12T20:21:04-05:00,PUR_IED_AndresBello_Bio_fd5f5e,PUR_IED_AndresBello_Bio_fd5f5e,,,,,
2026-09-12T20:21:04-05:00,PUR_IED_AndresBello_ext_dcad65,PUR_IED_AndresBello_ext_dcad65,,,,,
2026-09-12T20:21:04-05:00,PUR_IED_AndresBello_port_eed3ec,PUR_IED_AndresBello_port_eed3ec,,,,,
2026-09-12T20:21:04-05:00,PUR_IED_AngelaR_11b_d90a6b,PUR_IED_AngelaR_11b_d90a6b,,,,,
2026-09-12T20:21:04-05:00,PUR_IED_AngelaR_ext_7cad3e,PUR_IED_AngelaR_ext_7cad3e,4,19,62,4.5825,-74.164497
2026-09-12T20:21:04-05:00,PUR_IED_AntJoseSucre_10mo_df2575,PUR_IED_AntJoseSucre_10mo_df2575,,,,,
2026-09-12T20:21:04-05:00,PUR_IED_AntJoseSucre_Ext_215b36,PUR_IED_AntJoseSucre_Ext_215b36,,,,,
2026-09-12T20:21:04-05:00,PUR_IED_AntJoseSucre_Lab_3139de,PUR_IED_AntJoseSucre_Lab_3139de,,,,,
2026-09-12T20:21:04-05:00,PUR_IED_AntonioGarcia_301_d6b188,PUR_IED_AntonioGarcia_301_d6b188,,,,,
2026-09-12T20:21:04-05:00,PUR_IED_AntonioGarcia_302_88a82,PUR_IED_AntonioGarcia_302_88a82,,,,,
2026-09-12T20:21:04-05:00,PUR_IED_AntonioGarcia_Ext_20950c,PUR_IED_AntonioGarcia_Ext_20950c,,,,,
2026-09-12T20:21:04-05:00,PUR_IED_AntonioVan_Aula2_6dea02,PUR_IED_AntonioVan_Aula2_6dea02,,,,,
2026-09-12T20:21:04-05:00,PUR_IED_AntonioVan_Aula5_f1557e,PUR_IED_AntonioVan_Aula5_f1557e,,,,,
2026-09-12T20:21:04-05:00,PUR_IED_AntonioVan_Ext_406f2f,PUR_IED_AntonioVan_Ext_406f2f,,,,,
2026-09-12T20:21:04-05:00,PUR_IED_Atabanzha_Ext_cc5af9,PUR_IED_Atabanzha_Ext_cc5af9,,,,,
2026-09-12T20:21:04-05:00,PUR_IED_Atabanzha_SA101_56c37,PUR_IED_Atabanzha_SA101_56c37,,,,,
2026-09-12T20:21:04-05:00,PUR_IED_Atabanzha_SB302_27b374,PUR_IED_Atabanzha_SB302_27b374,,,,,
2026-09-12T20:21:04-05:00,PUR_IED_Atahualpa_Ext_fc1748,PUR_IED_Atahualpa_Ext_fc1748,,,,,
2026-09-12T20:21:04-05:00,PUR_IED_Atahualpa_Informa_dc9a95,PUR_IED_Atahualpa_Informa_dc9a95,,,,,
2026-09-12T20:21:04-05:00,PUR_IED_Atahualpa_S1101_f98056,PUR_IED_Atahualpa_S1101_f98056,,,,,
2026-09-12T20:21:04-05:00,PUR_IED_Bellavista_Ext_f5aa74,PUR_IED_Bellavista_Ext_f5aa74,,,,,
2026-09-12T20:21:04-05:00,PUR_IED_Bilbao_11A_916c41,PUR_IED_Bilbao_11A_916c41,,,,,
2026-09-12T20:21:04-05:00,PUR_IED_Bilbao_Ext_fb579a,PUR_IED_Bilbao_Ext_fb579a,,,,,
2026-09-12T20:21:04-05:00,PUR_IED_BrasiliaU_A125_304280,PUR_IED_BrasiliaU_A125_304280,,,,,
2026-09-12T20:21:04-05:00,PUR_IED_BrasiliaU_A203_7c8ca5,PUR_IED_BrasiliaU_A203_7c8ca5,,,,,
2026-09-12T20:21:04-05:00,PUR_IED_BrasiliaU_Ext_8d6e9f,PUR_IED_BrasiliaU_Ext_8d6e9f,5,17,63,4.5175,-74.116302
2026-09-12T20:21:04-05:00,PUR_IED_Brasilia_Ext_fe6593,PUR_IED_Brasilia_Ext_fe6593,,,,,
2026-09-12T20:21:04-05:00,PUR_IED_Brasilia_S24_7c130d,PUR_IED_Brasilia_S24_7c130d,,,,,
2026-09-12T20:21:04-05:00,PUR_IED_Brasilia_S501_186a54,PUR_IED_Brasilia_S501_186a54,,,,,
2026-09-12T20:21:04-05:00,PUR_IED_CHARRY_EXT_f1d5cd,PUR_IED_CHARRY_EXT_f1d5cd,,,,,
2026-09-12T20:21:04-05:00,PUR_IED_CHARRY_INTDANZAS_7a08e6,PUR_IED_CHARRY_INTDANZAS_7a08e6,,,,,
2026-09-12T20:21:04-05:00,PUR_IED_CHARRY_INT_AULA20_dc998d,PUR_IED_CHARRY_INT_AULA20_dc998d,,,,,
2026-09-12T20:21:04-05:00,PUR_IED_COLVIV_1101_S25_7f520a,PUR_IED_COLVIV_1101_S25_7f520a,,,,,
2026-09-12T20:21:04-05:00,PUR_IED_COLVIV_1102_S16_f570ba,PUR_IED_COLVIV_1102_S16_f570ba,,,,,
2026-09-12T20:21:04-05:00,PUR_IED_COLVIV_Ext_1a26fa,PUR_IED_COLVIV_Ext_1a26fa,,,,,
2026-09-12T20:21:04-05:00,PUR_IED_CULPOP_301A_f660f3,PUR_IED_CULPOP_301A_f660f3,,,,,
2026-09-12T20:21:04-05:00,PUR_IED_CULPOP_303_568afe,PUR_IED_CULPOP_303_568afe,,,,,
2026-09-12T20:21:04-05:00,PUR_IED_CULPOP_Ext_e02ccb,PUR_IED_CULPOP_Ext_e02ccb,,,,,
2026-09-12T20:21:04-05:00,PUR_IED_CVillavicen_Ext_26eb58,PUR_IED_CVillavicen_Ext_26eb58,3,15,77,4.487,-74.102798
2026-09-12T20:21:04-05:00,PUR_IED_CVillavicen_Intel_1ce5c2,PUR_IED_CVillavicen_Intel_1ce5c2,,,,,
2026-09-12T20:21:04-05:00,PUR_IED_CVillavicen_Poliv_e0766c,PUR_IED_CVillavicen_Poliv_e0766c,,,,,
2026-09-12T20:21:04-05:00,PUR_IED_CVillavicen_int_1ba140,PUR_IED_CVillavicen_int_1ba140,,,,,
2026-09-12T20:21:04-05:00,PUR_IED_CVillavicen_intel_1ba140,PUR_IED_CVillavicen_intel_1ba140,,,,,
2026-09-12T20:21:04-05:00,PUR_IED_CarlosPizarro_Ext_e307cc,PUR_IED_CarlosPizarro_Ext_e307cc,,,,,
2026-09-12T20:21:04-05:00,PUR_IED_CarlosPizarro_L36_7e5cdb,PUR_IED_CarlosPizarro_L36_7e5cdb,,,,,
2026-09-12T20:21:04-05:00,PUR_IED_CarlosPizarro_L37_c8566c,PUR_IED_CarlosPizarro_L37_c8566c,,,,,
2026-09-12T20:21:04-05:00,PUR_IED_Castilla_Ext_cf35f,PUR_IED_Castilla_Ext_cf35f,,,,,
2026-09-12T20:21:04-05:00,PUR_IED_Castilla_SFisik_360e38,PUR_IED_Castilla_SFisik_360e38,,,,,
2026-09-12T20:21:04-05:00,PUR_IED_Castilla_Sc304_496fbf,PUR_IED_Castilla_Sc304_496fbf,,,,,
2026-09-12T20:21:04-05:00,PUR_IED_CervantesSa_Ext_6b57b,PUR_IED_CervantesSa_Ext_6b57b,4,18,67,4.5128,-74.117203
2026-09-12T20:21:04-05:00,PUR_IED_CervantesSa_S107_225c2b,PUR_IED_CervantesSa_S107_225c2b,,,,,
2026-09-12T20:21:04-05:00,PUR_IED_CervantesSa_S108_940925,PUR_IED_CervantesSa_S108_940925,,,,,
2026-09-12T20:21:04-05:00,PUR_IED_Charry_A20_f53e7c,PUR_IED_Charry_A20_f53e7c,,,,,
2026-09-12T20:21:04-05:00,PUR_IED_Charry_Ext_f1d5cd,PUR_IED_Charry_Ext_f1d5cd,,,,,
2026-09-12T20:21:04-05:00,PUR_IED_Charry_IntAula20_dc998d,PUR_IED_Charry_IntAula20_dc998d,,,,,
2026-09-12T20:21:04-05:00,PUR_IED_Charry_IntDanzas_7a08e6,PUR_IED_Charry_IntDanzas_7a08e6,,,,,
2026-09-12T20:21:04-05:00,PUR_IED_ClememciaC_203_43e2fc,PUR_IED_ClememciaC_203_43e2fc,,,,,
2026-09-12T20:21:04-05:00,PUR_IED_ClememciaC_Ext_1b411a,PUR_IED_ClememciaC_Ext_1b411a,,,,,
2026-09-12T20:21:04-05:00,PUR_IED_ClememciaC_Quimic_44b5fc,PUR_IED_ClememciaC_Quimic_44b5fc,,,,,
2026-09-12T20:21:04-05:00,PUR_IED_ClemenciaC_203_43e2fc,PUR_IED_ClemenciaC_203_43e2fc,,,,,
2026-09-12T20:21:04-05:00,PUR_IED_ClemenciaC_Ext_1b411a,PUR_IED_ClemenciaC_Ext_1b411a,,,,,
2026-09-12T20:21:04-05:00,PUR_IED_ClemenciaC_Quimic_44b5fc,PUR_IED_ClemenciaC_Quimic_44b5fc,,,,,
2026-09-12T20:21:04-05:00,PUR_IED_ColViva_1101_S25_7f520a,PUR_IED_ColViva_1101_S25_7f520a,,,,,
2026-09-12T20:21:04-05:00,PUR_IED_ColViva_1102_S16_f570ba,PUR_IED_ColViva_1102_S16_f570ba,,,,,
2026-09-12T20:21:04-05:00,PUR_IED_ColViva_Ext_1a26fa,PUR_IED_ColViva_Ext_1a26fa,,,,,
2026-09-12T20:21:04-05:00,PUR_IED_ColegioBici_Asist_7c8798,PUR_IED_ColegioBici_Asist_7c8798,,,,,
2026-09-12T20:21:04-05:00,PUR_IED_ColegioBici_Ext_25cbf6,PUR_IED_ColegioBici_Ext_25cbf6,,,,,
2026-09-12T20:21:04-05:00,PUR_IED_ColegioBici_LabQ_7b57db,PUR_IED_ColegioBici_LabQ_7b57db,,,,,
2026-09-12T20:21:04-05:00,PUR_IED_CostaRica_Ext_5e640,PUR_IED_CostaRica_Ext_5e640,,,,,
2026-09-12T20:21:04-05:00,PUR_IED_CostaRica_Quim1_766d1c,PUR_IED_CostaRica_Quim1_766d1c,,,,,
2026-09-12T20:21:04-05:00,PUR_IED_CostaRica__Fisica_6f0873,PUR_IED_CostaRica__Fisica_6f0873,,,,,
2026-09-12T20:21:04-05:00,PUR_IED_CulPopu_301A_f660f3,PUR_IED_CulPopu_301A_f660f3,,,,,
2026-09-12T20:21:04-05:00,PUR_IED_CulPopu_303_568afe,PUR_IED_CulPopu_303_568afe,,,,,
2026-09-12T20:21:04-05:00,PUR_IED_CulPopu_Ext_e02ccb,PUR_IED_CulPopu_Ext_e02ccb,,,,,
2026-09-12T20:21:04-05:00,PUR_IED_Cundinamarca_Ext_f15985,PUR_IED_Cundinamarca_Ext_f15985,,,,,
2026-09-12T20:21:04-05:00,PUR_IED_Cundinamarca_Info_7aa5d7,PUR_IED_Cundinamarca_Info_7aa5d7,,,,,
2026-09-12T20:21:04-05:00,PUR_IED_Cundinamarca_Tec2_f449c7,PUR_IED_Cundinamarca_Tec2_f449c7,,,,,
2026-09-12T20:21:04-05:00,PUR_IED_DiegoM_Aula1_27b314,PUR_IED_DiegoM_Aula1_27b314,,,,,
2026-09-12T20:21:04-05:00,PUR_IED_DiegoM_Ext_d80ac8,PUR_IED_DiegoM_Ext_d80ac8,,,,,
2026-09-12T20:21:04-05:00,PUR_IED_DiegoM_S25_da928f,PUR_IED_DiegoM_S25_da928f,,,,,
2026-09-12T20:21:04-05:00,PUR_IED_ELRODEO_360881,PUR_IED_ELRODEO_360881,,,,,
2026-09-12T20:21:04-05:00,PUR_IED_ELRODEO_ext_360881,PUR_IED_ELRODEO_ext_360881,,,,,
2026-09-12T20:21:04-05:00,PUR_IED_EduardoU_Ext_1c1969,PUR_IED_EduardoU_Ext_1c1969,,,,,
2026-09-12T20:21:04-05:00,PUR_IED_EduardoU_SCiencia_4dfb94,PUR_IED_EduardoU_SCiencia_4dfb94,,,,,
2026-09-12T20:21:04-05:00,PUR_IED_EduardoU_SQuimica_5a46e7,PUR_IED_EduardoU_SQuimica_5a46e7,,,,,
2026-09-12T20:21:04-05:00,PUR_IED_ElRodeo_Aula14_676984,PUR_IED_ElRodeo_Aula14_676984,,,,,
2026-09-12T20:21:04-05:00,PUR_IED_ElRodeo_Aula16_2dd35b,PUR_IED_ElRodeo_Aula16_2dd35b,,,,,
2026-09-12T20:21:04-05:00,PUR_IED_ElRodeo_Ext_360881,PUR_IED_ElRodeo_Ext_360881,,,,,
2026-09-12T20:21:04-05:00,PUR_IED_ElRodeo_Exterior_8c6d28,PUR_IED_ElRodeo_Exterior_8c6d28,,,,,
2026-09-12T20:21:04-05:00,PUR_IED_ElRodeo_ext_360881,PUR_IED_ElRodeo_ext_360881,,,,,
2026-09-12T20:21:04-05:00,PUR_IED_EmmaReyes_Ext_987625,PUR_IED_EmmaReyes_Ext_987625,4,21,52,4.6367,-74.1511
2026-09-12T20:21:04-05:00,PUR_IED_Ensueño_Ext_7f0250,PUR_IED_Ensueño_Ext_7f0250,,,,,
2026-09-12T20:21:04-05:00,PUR_IED_EscNormal_Ext_5fef3b,PUR_IED_EscNormal_Ext_5fef3b,4,19,59,4.5852,-74.096901
2026-09-12T20:21:04-05:00,PUR_IED_EscNormal_S309_5b263,PUR_IED_EscNormal_S309_5b263,,,,,
2026-09-12T20:21:04-05:00,PUR_IED_EscNormal_S310_27b3b8,PUR_IED_EscNormal_S310_27b3b8,,,,,
2026-09-12T20:21:04-05:00,PUR_IED_Evangelista_Conta_f6cd4f,PUR_IED_Evangelista_Conta_f6cd4f,,,,,
2026-09-12T20:21:04-05:00,PUR_IED_Evangelista_Cri_5e16a,PUR_IED_Evangelista_Cri_5e16a,,,,,
2026-09-12T20:21:04-05:00,PUR_IED_Evangelista_Exter_754066,PUR_IED_Evangelista_Exter_754066,,,,,
2026-09-12T20:21:04-05:00,PUR_IED_FMiranda_S209_5cc2a3,PUR_IED_FMiranda_S209_5cc2a3,,,,,
2026-09-12T20:21:04-05:00,PUR_IED_FMiranda_S303_19e344,PUR_IED_FMiranda_S303_19e344,,,,,
2026-09-12T20:21:04-05:00,PUR_IED_FMiranda_ext_f53e7c,PUR_IED_FMiranda_ext_f53e7c,,,,,
2026-09-12T20:21:04-05:00,PUR_IED_FabioLozano_Bibli_1cee05,PUR_IED_FabioLozano_Bibli_1cee05,,,,,
2026-09-12T20:21:04-05:00,PUR_IED_FabioLozano_Ext_6ea285,PUR_IED_FabioLozano_Ext_6ea285,,,,,
2026-09-12T20:21:04-05:00,PUR_IED_FabioLozano_SLudi_f09e1e,PUR_IED_FabioLozano_SLudi_f09e1e,,,,,
2026-09-12T20:21:04-05:00,PUR_IED_FaustinoS_Aula07_27a731,PUR_IED_FaustinoS_Aula07_27a731,,,,,
2026-09-12T20:21:04-05:00,PUR_IED_FaustinoS_Ext_7b936f,PUR_IED_FaustinoS_Ext_7b936f,,,,,
2026-09-12T20:21:04-05:00,PUR_IED_FaustinoS_Fisica_da2c60,PUR_IED_FaustinoS_Fisica_da2c60,,,,,
2026-09-12T20:21:04-05:00,PUR_IED_FeGarciaLo_Ext_dc68ee,PUR_IED_FeGarciaLo_Ext_dc68ee,,,,,
2026-09-12T20:21:04-05:00,PUR_IED_FeGarciaLo_SDanza_f70a59,PUR_IED_FeGarciaLo_SDanza_f70a59,,,,,
2026-09-12T20:21:04-05:00,PUR_IED_FeGarciaLo_SMusic_125cdd,PUR_IED_FeGarciaLo_SMusic_125cdd,,,,,
2026-09-12T20:21:04-05:00,PUR_IED_FederalAlema_Exte_50c345,PUR_IED_FederalAlema_Exte_50c345,,,,,
2026-09-12T20:21:04-05:00,PUR_IED_FederalAlema_S31_f18371,PUR_IED_FederalAlema_S31_f18371,,,,,
2026-09-12T20:21:04-05:00,PUR_IED_FederalAlema_S901_a62cd,PUR_IED_FederalAlema_S901_a62cd,,,,,
2026-09-12T20:21:04-05:00,PUR_IED_FilarmonicaS_A5_f35eb1,PUR_IED_FilarmonicaS_A5_f35eb1,,,,,
2026-09-12T20:21:04-05:00,PUR_IED_FilarmonicaS_Ext_8a3bde,PUR_IED_FilarmonicaS_Ext_8a3bde,,,,,
2026-09-12T20:21:04-05:00,PUR_IED_FilarmonicaS_Spol_406114,PUR_IED_FilarmonicaS_Spol_406114,,,,,
2026-09-12T20:21:04-05:00,PUR_IED_FlorentinoG_A13_d1fa59,PUR_IED_FlorentinoG_A13_d1fa59,,,,,
2026-09-12T20:21:04-05:00,PUR_IED_FlorentinoG_Ext_1ce6ce,PUR_IED_FlorentinoG_Ext_1ce6ce,,,,,
2026-09-12T20:21:04-05:00,PUR_IED_FlorentinoG_Idiom_a66aac,PUR_IED_FlorentinoG_Idiom_a66aac,,,,,
2026-09-12T20:21:04-05:00,PUR_IED_FranciscoMati_Ext_e3869d,PUR_IED_FranciscoMati_Ext_e3869d,,,,,
2026-09-12T20:21:04-05:00,PUR_IED_FranciscoMati_S13_f31c67,PUR_IED_FranciscoMati_S13_f31c67,,,,,
2026-09-12T20:21:04-05:00,PUR_IED_FranciscoMati_S14_97dead,PUR_IED_FranciscoMati_S14_97dead,,,,,
2026-09-12T20:21:04-05:00,PUR_IED_FranciscoPS_Ext_7bfa9a,PUR_IED_FranciscoPS_Ext_7bfa9a,3,20,60,4.5899,-74.110397
2026-09-12T20:21:04-05:00,PUR_IED_FranciscoPS_Infor_fb8f4c,PUR_IED_FranciscoPS_Infor_fb8f4c,,,,,
2026-09-12T20:21:04-05:00,PUR_IED_FranciscoPS_Quimi_94d39c,PUR_IED_FranciscoPS_Quimi_94d39c,,,,,
2026-09-12T20:21:04-05:00,PUR_IED_FranciscoP_LabQ_d7e148,PUR_IED_FranciscoP_LabQ_d7e148,,,,,
2026-09-12T20:21:04-05:00,PUR_IED_FranciscoP_S28_cf9b30,PUR_IED_FranciscoP_S28_cf9b30,,,,,
2026-09-12T20:21:04-05:00,PUR_IED_FranciscoP_ext_e2313,PUR_IED_FranciscoP_ext_e2313,,,,,
2026-09-12T20:21:04-05:00,PUR_IED_FriederichN_Ext_8ac92a,PUR_IED_FriederichN_Ext_8ac92a,,,,,
2026-09-12T20:21:04-05:00,PUR_IED_FriederichN_S301_dd7e5a,PUR_IED_FriederichN_S301_dd7e5a,,,,,
2026-09-12T20:21:04-05:00,PUR_IED_FriederichN_S308_761f4f,PUR_IED_FriederichN_S308_761f4f,,,,,
2026-09-12T20:21:04-05:00,PUR_IED_GSantander_Aula10_533dd7,PUR_IED_GSantander_Aula10_533dd7,,,,,
2026-09-12T20:21:04-05:00,PUR_IED_GSantander_Aula12_fd4e4f,PUR_IED_GSantander_Aula12_fd4e4f,,,,,
2026-09-12T20:21:04-05:00,PUR_IED_GSantander_Aula310_533dd7,PUR_IED_GSantander_Aula310_533dd7,,,,,
2026-09-12T20:21:04-05:00,PUR_IED_GSantander_Aula312_fd4e4f,PUR_IED_GSantander_Aula312_fd4e4f,,,,,
2026-09-12T20:21:04-05:00,PUR_IED_GSantander_Ext_5f66b0,PUR_IED_GSantander_Ext_5f66b0,,,,,
2026-09-12T20:21:04-05:00,PUR_IED_GYomasa_Ext_f6bea5,PUR_IED_GYomasa_Ext_f6bea5,,,,,
2026-09-12T20:21:04-05:00,PUR_IED_GYomasa_LBiol_2c41aa,PUR_IED_GYomasa_LBiol_2c41aa,,,,,
2026-09-12T20:21:04-05:00,PUR_IED_GYomasa_LQuim_33c80,PUR_IED_GYomasa_LQuim_33c80,,,,,
2026-09-12T20:21:04-05:00,PUR_IED_GabBetMejia_Cienc_5a99c,PUR_IED_GabBetMejia_Cienc_5a99c,,,,,
2026-09-12T20:21:04-05:00,PUR_IED_GabBetMejia_Ext_9153d0,PUR_IED_GabBetMejia_Ext_9153d0,,,,,
2026-09-12T20:21:04-05:00,PUR_IED_GabBetMejia_Lab_f55347,PUR_IED_GabBetMejia_Lab_f55347,,,,,
2026-09-12T20:21:04-05:00,PUR_IED_GabBetanMejia_Ext_9153d0,PUR_IED_GabBetanMejia_Ext_9153d0,,,,,
2026-09-12T20:21:04-05:00,PUR_IED_Gaitana_Aula13_7aac11,PUR_IED_Gaitana_Aula13_7aac11,,,,,
2026-09-12T20:21:04-05:00,PUR_IED_Gaitana_Ext_5fcf4,PUR_IED_Gaitana_Ext_5fcf4,,,,,
2026-09-12T20:21:04-05:00,PUR_IED_Gaitana_LabFisica_644448,PUR_IED_Gaitana_LabFisica_644448,,,,,
2026-09-12T20:21:04-05:00,PUR_IED_GenSantander_Dise_8ac858,PUR_IED_GenSantander_Dise_8ac858,,,,,
2026-09-12T20:21:04-05:00,PUR_IED_GenSantander_Ext_8d5dfe,PUR_IED_GenSantander_Ext_8d5dfe,,,,,
2026-09-12T20:21:04-05:00,PUR_IED_GenSantander_Info_6c25b,PUR_IED_GenSantander_Info_6c25b,,,,,
2026-09-12T20:21:04-05:00,PUR_IED_GustavoMo_Exterio_75e63d,PUR_IED_GustavoMo_Exterio_75e63d,,,,,
2026-09-12T20:21:04-05:00,PUR_IED_GustavoMo_LabFisi_224d37,PUR_IED_GustavoMo_LabFisi_224d37,,,,,
2026-09-12T20:21:04-05:00,PUR_IED_GustavoMo_S208_3e6918,PUR_IED_GustavoMo_S208_3e6918,,,,,
2026-09-12T20:21:04-05:00,PUR_IED_GustavoR_A02_8cd4a8,PUR_IED_GustavoR_A02_8cd4a8,,,,,
2026-09-12T20:21:04-05:00,PUR_IED_GustavoR_B11_5b0ed,PUR_IED_GustavoR_B11_5b0ed,,,,,
2026-09-12T20:21:04-05:00,PUR_IED_GustavoR_Ext_7a0c90,PUR_IED_GustavoR_Ext_7a0c90,,,,,
2026-09-12T20:21:04-05:00,PUR_IED_HernandoDuran_Ext_8cd82b,PUR_IED_HernandoDuran_Ext_8cd82b,,,,,
2026-09-12T20:21:04-05:00,PUR_IED_HernandoDuran_S24_2772c6,PUR_IED_HernandoDuran_S24_2772c6,,,,,
2026-09-12T20:21:04-05:00,PUR_IED_HernandoDuran_S30_f2de41,PUR_IED_HernandoDuran_S30_f2de41,,,,,
2026-09-12T20:21:04-05:00,PUR_IED_HolguInUr_S1101_8cd732,PUR_IED_HolguInUr_S1101_8cd732,,,,,
2026-09-12T20:21:04-05:00,PUR_IED_HolguinUr_Exter_ddae6d,PUR_IED_HolguinUr_Exter_ddae6d,,,,,
2026-09-12T20:21:04-05:00,PUR_IED_HolguinUr_LabQuim_92b952,PUR_IED_HolguinUr_LabQuim_92b952,,,,,
2026-09-12T20:21:04-05:00,PUR_IED_Isabel-II_Ext_5245cc,PUR_IED_Isabel-II_Ext_5245cc,6,20,57,4.6336,-74.153
2026-09-12T20:21:04-05:00,PUR_IED_Isabel-II_S_idiom_1c29aa,PUR_IED_Isabel-II_S_idiom_1c29aa,,,,,
2026-09-12T20:21:04-05:00,PUR_IED_Isabel-II_S_infor_fd741,PUR_IED_Isabel-II_S_infor_fd741,,,,,
2026-09-12T20:21:04-05:00,PUR_IED_IsidroSur_Exterio_5b90ea,PUR_IED_IsidroSur_Exterio_5b90ea,,,,,
2026-09-12T20:21:04-05:00,PUR_IED_IsidroSur_LabTec_56697a,PUR_IED_IsidroSur_LabTec_56697a,,,,,
2026-09-12T20:21:04-05:00,PUR_IED_IsidroSur_Robotic_b7c38f,PUR_IED_IsidroSur_Robotic_b7c38f,,,,,
2026-09-12T20:21:04-05:00,PUR_IED_IsmaelPerd_Ext_7b6672,PUR_IED_IsmaelPerd_Ext_7b6672,,,,,
2026-09-12T20:21:04-05:00,PUR_IED_IsmaelPerd_Inform_306540,PUR_IED_IsmaelPerd_Inform_306540,,,,,
2026-09-12T20:21:04-05:00,PUR_IED_IsmaelPerd_S30_2e2c83,PUR_IED_IsmaelPerd_S30_2e2c83,,,,,
2026-09-12T20:21:04-05:00,PUR_IED_JLozano_Exter_432910,PUR_IED_JLozano_Exter_432910,,,,,
2026-09-12T20:21:04-05:00,PUR_IED_JLozano_salaMulti_df5125,PUR_IED_JLozano_salaMulti_df5125,,,,,
2026-09-12T20:21:04-05:00,PUR_IED_JMCordoba_206_86f80b,PUR_IED_JMCordoba_206_86f80b,,,,,
2026-09-12T20:21:04-05:00,PUR_IED_JMCordoba_Ext_27ad97,PUR_IED_JMCordoba_Ext_27ad97,,,,,
2026-09-12T20:21:04-05:00,PUR_IED_JMCordoba_S310_d59ab4,PUR_IED_JMCordoba_S310_d59ab4,,,,,
2026-09-12T20:21:04-05:00,PUR_IED_Japon_Ext_549100,PUR_IED_Japon_Ext_549100,,,,,
2026-09-12T20:21:04-05:00,PUR_IED_Japon_Laboratorio_bec51d,PUR_IED_Japon_Laboratorio_bec51d,,,,,
2026-09-12T20:21:04-05:00,PUR_IED_Japon_informatica_d99327,PUR_IED_Japon_informatica_d99327,,,,,
2026-09-12T20:21:04-05:00,PUR_IED_Jazmin_Ext_d27bda,PUR_IED_Jazmin_Ext_d27bda,,,,,
2026-09-12T20:21:04-05:00,PUR_IED_Jazmin_Fisica_8d14d7,PUR_IED_Jazmin_Fisica_8d14d7,,,,,
2026-09-12T20:21:04-05:00,PUR_IED_Jazmin_Quimica_801cb5,PUR_IED_Jazmin_Quimica_801cb5,,,,,
2026-09-12T20:21:04-05:00,PUR_IED_JorgeGaitan_Exter_f098d1,PUR_IED_JorgeGaitan_Exter_f098d1,,,,,
2026-09-12T20:21:04-05:00,PUR_IED_JorgeGaitan_STec1_dc9d1d,PUR_IED_JorgeGaitan_STec1_dc9d1d,,,,,
2026-09-12T20:21:04-05:00,PUR_IED_JorgeGaitan_STec2_281e69,PUR_IED_JorgeGaitan_STec2_281e69,,,,,
2026-09-12T20:21:04-05:00,PUR_IED_JorgeSoto_Exterio_d9d0a2,PUR_IED_JorgeSoto_Exterio_d9d0a2,,,,,
2026-09-12T20:21:04-05:00,PUR_IED_JorgeSoto_LabFisi_209c54,PUR_IED_JorgeSoto_LabFisi_209c54,,,,,
2026-09-12T20:21:04-05:00,PUR_IED_JorgeSoto_S103_27b51a,PUR_IED_JorgeSoto_S103_27b51a,,,,,
2026-09-12T20:21:04-05:00,PUR_IED_JoseAcevedo_A02_e965eb,PUR_IED_JoseAcevedo_A02_e965eb,,,,,
2026-09-12T20:21:04-05:00,PUR_IED_JoseAcevedo_A07_dd5b4,PUR_IED_JoseAcevedo_A07_dd5b4,,,,,
2026-09-12T20:21:04-05:00,PUR_IED_JoseAcevedo_Ext_b47484,PUR_IED_JoseAcevedo_Ext_b47484,,,,,
2026-09-12T20:21:04-05:00,PUR_IED_JoseMarti_Exte_5b9bf,PUR_IED_JoseMarti_Exte_5b9bf,,,,,
2026-09-12T20:21:04-05:00,PUR_IED_JoseMarti_LabQuim_1c6c2d,PUR_IED_JoseMarti_LabQuim_1c6c2d,,,,,
2026-09-12T20:21:04-05:00,PUR_IED_JoseMarti_S_info_f5f177,PUR_IED_JoseMarti_S_info_f5f177,,,,,
2026-09-12T20:21:04-05:00,PUR_IED_Josejoaquin_Ext_dfc5dc,PUR_IED_Josejoaquin_Ext_dfc5dc,,,,,
2026-09-12T20:21:04-05:00,PUR_IED_Josejoaquin_S05_5b2a96,PUR_IED_Josejoaquin_S05_5b2a96,,,,,
2026-09-12T20:21:04-05:00,PUR_IED_Josejoaquin_S06_1ce7d2,PUR_IED_Josejoaquin_S06_1ce7d2,,,,,
2026-09-12T20:21:04-05:00,PUR_IED_JulioFlorez_Danza_9b82dd,PUR_IED_JulioFlorez_Danza_9b82dd,,,,,
2026-09-12T20:21:04-05:00,PUR_IED_JulioFlorez_Exter_f9f314,PUR_IED_JulioFlorez_Exter_f9f314,,,,,
2026-09-12T20:21:04-05:00,PUR_IED_JulioFlorez_info2_6b6e08,PUR_IED_JulioFlorez_info2_6b6e08,,,,,
2026-09-12T20:21:04-05:00,PUR_IED_LaBelleza_Aula13_1d00d8,PUR_IED_LaBelleza_Aula13_1d00d8,,,,,
2026-09-12T20:21:04-05:00,PUR_IED_LaBelleza_Ext_7bc08c,PUR_IED_LaBelleza_Ext_7bc08c,,,,,
2026-09-12T20:21:04-05:00,PUR_IED_LaChucua_Ext_8cd6d2,PUR_IED_LaChucua_Ext_8cd6d2,,,,,
2026-09-12T20:21:04-05:00,PUR_IED_LaChucua_S15_f578ce,PUR_IED_LaChucua_S15_f578ce,,,,,
2026-09-12T20:21:04-05:00,PUR_IED_LaChucua_S16_eebcf9,PUR_IED_LaChucua_S16_eebcf9,,,,,
2026-09-12T20:21:04-05:00,PUR_IED_LaFelicidad_Ext_fb5109,PUR_IED_LaFelicidad_Ext_fb5109,,,,,
2026-09-12T20:21:04-05:00,PUR_IED_LaMerced_206_66ebd,PUR_IED_LaMerced_206_66ebd,,,,,
2026-09-12T20:21:04-05:00,PUR_IED_LaMerced_207_6ebd6,PUR_IED_LaMerced_207_6ebd6,,,,,
2026-09-12T20:21:04-05:00,PUR_IED_LaMerced_ext_304311,PUR_IED_LaMerced_ext_304311,,,,,
2026-09-12T20:21:04-05:00,PUR_IED_Laureano_CiencNat_281e5e,PUR_IED_Laureano_CiencNat_281e5e,,,,,
2026-09-12T20:21:04-05:00,PUR_IED_Laureano_Comedor_f65c0a,PUR_IED_Laureano_Comedor_f65c0a,,,,,
2026-09-12T20:21:04-05:00,PUR_IED_Laureano_Exterior_7ab011,PUR_IED_Laureano_Exterior_7ab011,,,,,
2026-09-12T20:21:04-05:00,PUR_IED_LeonGreiff_Exte_dfe560,PUR_IED_LeonGreiff_Exte_dfe560,,,,,
2026-09-12T20:21:04-05:00,PUR_IED_LeonGreiff_S210_f264ed,PUR_IED_LeonGreiff_S210_f264ed,,,,,
2026-09-12T20:21:04-05:00,PUR_IED_LeonGreiff_SQuimi_e8296f,PUR_IED_LeonGreiff_SQuimi_e8296f,,,,,
2026-09-12T20:21:04-05:00,PUR_IED_LlanoOrientalS208_7b9fcd,PUR_IED_LlanoOrientalS208_7b9fcd,,,,,
2026-09-12T20:21:04-05:00,PUR_IED_LlanoOriental_Ext_fb3766,PUR_IED_LlanoOriental_Ext_fb3766,,,,,
2026-09-12T20:21:04-05:00,PUR_IED_LlanoOriental_S208_7b9fcd,PUR_IED_LlanoOriental_S208_7b9fcd,,,,,
2026-09-12T20:21:04-05:00,PUR_IED_LlanoOriental_S9_27b378,PUR_IED_LlanoOriental_S9_27b378,,,,,
2026-09-12T20:21:04-05:00,PUR_IED_LosTejares_1101_477602,PUR_IED_LosTejares_1101_477602,,,,,
2026-09-12T20:21:04-05:00,PUR_IED_LosTejares_11_d2c595,PUR_IED_LosTejares_11_d2c595,,,,,
2026-09-12T20:21:04-05:00,PUR_IED_LosTejares_12_477602,PUR_IED_LosTejares_12_477602,,,,,
2026-09-12T20:21:04-05:00,PUR_IED_LosTejares_Ext_8e2115,PUR_IED_LosTejares_Ext_8e2115,,,,,
2026-09-12T20:21:04-05:00,PUR_IED_MagdalenaO_B202_5ddda3,PUR_IED_MagdalenaO_B202_5ddda3,,,,,
2026-09-12T20:21:04-05:00,PUR_IED_MagdalenaO_B205_fb76e8,PUR_IED_MagdalenaO_B205_fb76e8,,,,,
2026-09-12T20:21:04-05:00,PUR_IED_MagdalenaO_ext_dc69cd,PUR_IED_MagdalenaO_ext_dc69cd,,,,,
2026-09-12T20:21:04-05:00,PUR_IED_ManueCepeda_artes_eee956,PUR_IED_ManueCepeda_artes_eee956,,,,,
2026-09-12T20:21:04-05:00,PUR_IED_ManuelCepeda_Ext_58313,PUR_IED_ManuelCepeda_Ext_58313,,,,,
2026-09-12T20:21:04-05:00,PUR_IED_ManuelCepeda_tec_1c5731,PUR_IED_ManuelCepeda_tec_1c5731,,,,,
2026-09-12T20:21:04-05:00,PUR_IED_ManuelS_Exterior_5b269,PUR_IED_ManuelS_Exterior_5b269,,,,,
2026-09-12T20:21:04-05:00,PUR_IED_ManuelS_Inform_f369ce,PUR_IED_ManuelS_Inform_f369ce,,,,,
2026-09-12T20:21:04-05:00,PUR_IED_ManuelS_SArtes_7d15f1,PUR_IED_ManuelS_SArtes_7d15f1,,,,,
2026-09-12T20:21:04-05:00,PUR_IED_ManuelZapata_303_3ca6,PUR_IED_ManuelZapata_303_3ca6,,,,,
2026-09-12T20:21:04-05:00,PUR_IED_ManuelZapata_311_bfbabc,PUR_IED_ManuelZapata_311_bfbabc,,,,,
2026-09-12T20:21:04-05:00,PUR_IED_ManuelZapata_Ext_50824a,PUR_IED_ManuelZapata_Ext_50824a,,,,,
2026-09-12T20:21:04-05:00,PUR_IED_ManuelitaS_Exteri_656a92,PUR_IED_ManuelitaS_Exteri_656a92,,,,,
2026-09-12T20:21:04-05:00,PUR_IED_ManuelitaS_JuzgDe_f58ec3,PUR_IED_ManuelitaS_JuzgDe_f58ec3,,,,,
2026-09-12T20:21:04-05:00,PUR_IED_ManuelitaS_Recrea_d793db,PUR_IED_ManuelitaS_Recrea_d793db,,,,,
2026-09-12T20:21:04-05:00,PUR_IED_MarFidSuarez_Ext_c27b19,PUR_IED_MarFidSuarez_Ext_c27b19,,,,,
2026-09-12T20:21:04-05:00,PUR_IED_MarFidSuarez_Info_e384d7,PUR_IED_MarFidSuarez_Info_e384d7,,,,,
2026-09-12T20:21:04-05:00,PUR_IED_MarFidSuarez_S306_1d0032,PUR_IED_MarFidSuarez_S306_1d0032,,,,,
2026-09-12T20:21:04-05:00,PUR_IED_Menorah_301_2a25a3,PUR_IED_Menorah_301_2a25a3,,,,,
2026-09-12T20:21:04-05:00,PUR_IED_Menorah_306_37ed3,PUR_IED_Menorah_306_37ed3,,,,,
2026-09-12T20:21:04-05:00,PUR_IED_Menorah_Ext_3e155b,PUR_IED_Menorah_Ext_3e155b,,,,,
2026-09-12T20:21:04-05:00,PUR_IED_MinutoB.Aires_A11_1b1604,PUR_IED_MinutoB.Aires_A11_1b1604,,,,,
2026-09-12T20:21:04-05:00,PUR_IED_MinutoB.Aires_A12_fb5860,PUR_IED_MinutoB.Aires_A12_fb5860,,,,,
2026-09-12T20:21:04-05:00,PUR_IED_MinutoB.Aires_Ext_81293f,PUR_IED_MinutoB.Aires_Ext_81293f,,,,,
2026-09-12T20:21:04-05:00,PUR_IED_MinutoBAires_A11_1b1604,PUR_IED_MinutoBAires_A11_1b1604,,,,,
2026-09-12T20:21:04-05:00,PUR_IED_MinutoBAires_A12_fb5860,PUR_IED_MinutoBAires_A12_fb5860,,,,,
2026-09-12T20:21:04-05:00,PUR_IED_MinutoBAires_Ext_81293f,PUR_IED_MinutoBAires_Ext_81293f,,,,,
2026-09-12T20:21:04-05:00,PUR_IED_Montreal_Aula10_1e4959,PUR_IED_Montreal_Aula10_1e4959,,,,,
2026-09-12T20:21:04-05:00,PUR_IED_Montreal_Aula6_300367,PUR_IED_Montreal_Aula6_300367,,,,,
2026-09-12T20:21:04-05:00,PUR_IED_Montreal_Exterior_91a179,PUR_IED_Montreal_Exterior_91a179,,,,,
2026-09-12T20:21:04-05:00,PUR_IED_Mqgdalena_B202_5ddda3,PUR_IED_Mqgdalena_B202_5ddda3,,,,,
2026-09-12T20:21:04-05:00,PUR_IED_NACUND_Soc_dc8728,PUR_IED_NACUND_Soc_dc8728,,,,,
2026-09-12T20:21:04-05:00,PUR_IED_NACUND_ext_27ad97,PUR_IED_NACUND_ext_27ad97,,,,,
2026-09-12T20:21:04-05:00,PUR_IED_NEsperanza_Ext_d24b61,PUR_IED_NEsperanza_Ext_d24b61,,,,,
2026-09-12T20:21:04-05:00,PUR_IED_NEsperanza_SElect_7d1807,PUR_IED_NEsperanza_SElect_7d1807,,,,,
2026-09-12T20:21:04-05:00,PUR_IED_NEsperanza_SLabor_8b2d0a,PUR_IED_NEsperanza_SLabor_8b2d0a,,,,,
2026-09-12T20:21:04-05:00,PUR_IED_NacionesU_Ext_f661a9,PUR_IED_NacionesU_Ext_f661a9,,,,,
2026-09-12T20:21:04-05:00,PUR_IED_NacionesU_Quimica_66f0a,PUR_IED_NacionesU_Quimica_66f0a,,,,,
2026-09-12T20:21:04-05:00,PUR_IED_NacionesU_S306_1b4b3d,PUR_IED_NacionesU_S306_1b4b3d,,,,,
2026-09-12T20:21:04-05:00,PUR_IED_NestorFA_Ext_e4201c,PUR_IED_NestorFA_Ext_e4201c,,,,,
2026-09-12T20:21:04-05:00,PUR_IED_NestorFA_Laborato_f22fe0,PUR_IED_NestorFA_Laborato_f22fe0,,,,,
2026-09-12T20:21:04-05:00,PUR_IED_NestorFA_S204_dee996,PUR_IED_NestorFA_S204_dee996,,,,,
2026-09-12T20:21:04-05:00,PUR_IED_NidyaQT_Aula03_76999b,PUR_IED_NidyaQT_Aula03_76999b,,,,,
2026-09-12T20:21:04-05:00,PUR_IED_NidyaQT_Aula10_56325,PUR_IED_NidyaQT_Aula10_56325,,,,,
2026-09-12T20:21:04-05:00,PUR_IED_NidyaQT_Ext_46e32d,PUR_IED_NidyaQT_Ext_46e32d,,,,,
2026-09-12T20:21:04-05:00,PUR_IED_NuevaCol_Exterior_d9b859,PUR_IED_NuevaCol_Exterior_d9b859,,,,,
2026-09-12T20:21:04-05:00,PUR_IED_NuevaCol_S1101_76c43b,PUR_IED_NuevaCol_S1101_76c43b,,,,,
2026-09-12T20:21:04-05:00,PUR_IED_NuevaCol_S1102_1ce0b5,PUR_IED_NuevaCol_S1102_1ce0b5,,,,,
2026-09-12T20:21:04-05:00,PUR_IED_OEA_A202_f7e3f2,PUR_IED_OEA_A202_f7e3f2,,,,,
2026-09-12T20:21:04-05:00,PUR_IED_OEA_A203_7d1b8d,PUR_IED_OEA_A203_7d1b8d,,,,,
2026-09-12T20:21:04-05:00,PUR_IED_OEA_Ext_27b593,PUR_IED_OEA_Ext_27b593,,,,,
2026-09-12T20:21:04-05:00,PUR_IED_Ochoa_Ext_1c29da,PUR_IED_Ochoa_Ext_1c29da,,,,,
2026-09-12T20:21:04-05:00,PUR_IED_Ochoa_S205_8b1121,PUR_IED_Ochoa_S205_8b1121,,,,,
2026-09-12T20:21:04-05:00,PUR_IED_Ochoa_Sistemas_f33af6,PUR_IED_Ochoa_Sistemas_f33af6,,,,,
2026-09-12T20:21:04-05:00,PUR_IED_PQuebec_Ext_1c67c7,PUR_IED_PQuebec_Ext_1c67c7,,,,,
2026-09-12T20:21:04-05:00,PUR_IED_PQuebec_S15_23e8e2,PUR_IED_PQuebec_S15_23e8e2,,,,,
2026-09-12T20:21:04-05:00,PUR_IED_PQuebec_S16_8ec76b,PUR_IED_PQuebec_S16_8ec76b,,,,,
2026-09-12T20:21:04-05:00,PUR_IED_PabloN_Ext_49dc96,PUR_IED_PabloN_Ext_49dc96,,,,,
2026-09-12T20:21:04-05:00,PUR_IED_PabloN_S1102_4e3df5,PUR_IED_PabloN_S1102_4e3df5,,,,,
2026-09-12T20:21:04-05:00,PUR_IED_PabloN_S1103_50c94b,PUR_IED_PabloN_S1103_50c94b,,,,,
2026-09-12T20:21:04-05:00,PUR_IED_Palestina_S1101_db9198,PUR_IED_Palestina_S1101_db9198,,,,,
2026-09-12T20:21:04-05:00,PUR_IED_Palestina_S1102_dc54fa,PUR_IED_Palestina_S1102_dc54fa,,,,,
2026-09-12T20:21:04-05:00,PUR_IED_Palestina_ext_4ccce6,PUR_IED_Palestina_ext_4ccce6,,,,,
2026-09-12T20:21:04-05:00,PUR_IED_Panama_Fisica_4d0794,PUR_IED_Panama_Fisica_4d0794,,,,,
2026-09-12T20:21:04-05:00,PUR_IED_Panama_SIngles_a4077e,PUR_IED_Panama_SIngles_a4077e,,,,,
2026-09-12T20:21:04-05:00,PUR_IED_Panama_ext_4c54b4,PUR_IED_Panama_ext_4c54b4,,,,,
2026-09-12T20:21:04-05:00,PUR_IED_ParaisoM_Exterior_8cd7f0,PUR_IED_ParaisoM_Exterior_8cd7f0,,,,,
2026-09-12T20:21:04-05:00,PUR_IED_ParaisoM_Laborato_27af35,PUR_IED_ParaisoM_Laborato_27af35,,,,,
2026-09-12T20:21:04-05:00,PUR_IED_ParaisoM_S304_d1edca,PUR_IED_ParaisoM_S304_d1edca,,,,,
2026-09-12T20:21:04-05:00,PUR_IED_PorfirioBarba_Ext_301466,PUR_IED_PorfirioBarba_Ext_301466,,,,,
2026-09-12T20:21:04-05:00,PUR_IED_PorfirioBarba_S11_df6cd2,PUR_IED_PorfirioBarba_S11_df6cd2,,,,,
2026-09-12T20:21:04-05:00,PUR_IED_PorfirioBarba_S29_27a7d6,PUR_IED_PorfirioBarba_S29_27a7d6,,,,,
2026-09-12T20:21:04-05:00,PUR_IED_PradoV_Exter_8b27ad,PUR_IED_PradoV_Exter_8b27ad,,,,,
2026-09-12T20:21:04-05:00,PUR_IED_PradoV_S301_de65b5,PUR_IED_PradoV_S301_de65b5,,,,,
2026-09-12T20:21:04-05:00,PUR_IED_PradoV_S302_7d2593,PUR_IED_PradoV_S302_7d2593,,,,,
2026-09-12T20:21:04-05:00,PUR_IED_QuirogaAlz_Ext_1ddc82,PUR_IED_QuirogaAlz_Ext_1ddc82,,,,,
2026-09-12T20:21:04-05:00,PUR_IED_QuirogaAlz_S302_9926a3,PUR_IED_QuirogaAlz_S302_9926a3,,,,,
2026-09-12T20:21:04-05:00,PUR_IED_QuirogaAlz_S305_cdf1f1,PUR_IED_QuirogaAlz_S305_cdf1f1,,,,,
2026-09-12T20:21:04-05:00,PUR_IED_RGuatemala_Biling_dc53b7,PUR_IED_RGuatemala_Biling_dc53b7,,,,,
2026-09-12T20:21:04-05:00,PUR_IED_RGuatemala_Ext_1b89a3,PUR_IED_RGuatemala_Ext_1b89a3,,,,,
2026-09-12T20:21:04-05:00,PUR_IED_RGuatemala_Tecnol_281a34,PUR_IED_RGuatemala_Tecnol_281a34,,,,,
2026-09-12T20:21:04-05:00,PUR_IED_RafaNu_Ext_f7c302,PUR_IED_RafaNu_Ext_f7c302,,,,,
2026-09-12T20:21:04-05:00,PUR_IED_RafaNu_S1101_25fde,PUR_IED_RafaNu_S1101_25fde,,,,,
2026-09-12T20:21:04-05:00,PUR_IED_RafaNu_S1102_281517,PUR_IED_RafaNu_S1102_281517,,,,,
2026-09-12T20:21:04-05:00,PUR_IED_RafaelB_S305_ee2783,PUR_IED_RafaelB_S305_ee2783,,,,,
2026-09-12T20:21:04-05:00,PUR_IED_RafaelB_S306_75fe33,PUR_IED_RafaelB_S306_75fe33,,,,,
2026-09-12T20:21:04-05:00,PUR_IED_RafaelB_ext_283336,PUR_IED_RafaelB_ext_283336,3,19,62,4.6722,-74.0737
2026-09-12T20:21:04-05:00,PUR_IED_RafaelUU_Exterior_281a51,PUR_IED_RafaelUU_Exterior_281a51,,,,,
2026-09-12T20:21:04-05:00,PUR_IED_RafaelUU_Human_806b2,PUR_IED_RafaelUU_Human_806b2,,,,,
2026-09-12T20:21:04-05:00,PUR_IED_RafaelUU_Mate2_5680d4,PUR_IED_RafaelUU_Mate2_5680d4,,,,,
2026-09-12T20:21:04-05:00,PUR_IED_RamonSub_Ext_f9eeb9,PUR_IED_RamonSub_Ext_f9eeb9,,,,,
2026-09-12T20:21:04-05:00,PUR_IED_RamonSub_Media_d1f62f,PUR_IED_RamonSub_Media_d1f62f,,,,,
2026-09-12T20:21:04-05:00,PUR_IED_RamonSub_planta_51b82,PUR_IED_RamonSub_planta_51b82,,,,,
2026-09-12T20:21:04-05:00,PUR_IED_RepBoliVene_Exter_27af7c,PUR_IED_RepBoliVene_Exter_27af7c,,,,,
2026-09-12T20:21:04-05:00,PUR_IED_RepBoliVene_SCPT_5ae2ee,PUR_IED_RepBoliVene_SCPT_5ae2ee,,,,,
2026-09-12T20:21:04-05:00,PUR_IED_RepBoliVene_Socia_4b11d5,PUR_IED_RepBoliVene_Socia_4b11d5,,,,,
2026-09-12T20:21:04-05:00,PUR_IED_RepChina_Ext_76d9ee,PUR_IED_RepChina_Ext_76d9ee,,,,,
2026-09-12T20:21:04-05:00,PUR_IED_RepChina_S404_7c804c,PUR_IED_RepChina_S404_7c804c,,,,,
2026-09-12T20:21:04-05:00,PUR_IED_RepChina_S405_df2c33,PUR_IED_RepChina_S405_df2c33,,,,,
2026-09-12T20:21:04-05:00,PUR_IED_RepublicaC_Exteri_7d1ec9,PUR_IED_RepublicaC_Exteri_7d1ec9,,,,,
2026-09-12T20:21:04-05:00,PUR_IED_RepublicaC_S1101_f544b3,PUR_IED_RepublicaC_S1101_f544b3,,,,,
2026-09-12T20:21:04-05:00,PUR_IED_RepublicaC_S1102_7aafc7,PUR_IED_RepublicaC_S1102_7aafc7,,,,,
2026-09-12T20:21:04-05:00,PUR_IED_Ricaurte_Externo_a0ea1,PUR_IED_Ricaurte_Externo_a0ea1,,,,,
2026-09-12T20:21:04-05:00,PUR_IED_Ricaurte_S210_f546fd,PUR_IED_Ricaurte_S210_f546fd,,,,,
2026-09-12T20:21:04-05:00,PUR_IED_Ricaurte_S309_d4452,PUR_IED_Ricaurte_S309_d4452,,,,,
2026-09-12T20:21:04-05:00,PUR_IED_RogelioS_1102_531e69,PUR_IED_RogelioS_1102_531e69,,,,,
2026-09-12T20:21:04-05:00,PUR_IED_RogelioS_Ext_f25a18,PUR_IED_RogelioS_Ext_f25a18,,,,,
2026-09-12T20:21:04-05:00,PUR_IED_SBernardino_Ext_27aff8,PUR_IED_SBernardino_Ext_27aff8,,,,,
2026-09-12T20:21:04-05:00,PUR_IED_SBernardino_SArte_2ffd33,PUR_IED_SBernardino_SArte_2ffd33,,,,,
2026-09-12T20:21:04-05:00,PUR_IED_SBernardino_SIngl_7c7da5,PUR_IED_SBernardino_SIngl_7c7da5,,,,,
2026-09-12T20:21:04-05:00,PUR_IED_Sago_auditorio_dc9d1d,PUR_IED_Sago_auditorio_dc9d1d,,,,,
2026-09-12T20:21:04-05:00,PUR_IED_Saludcoop_Ext_95aac3,PUR_IED_Saludcoop_Ext_95aac3,,,,,
2026-09-12T20:21:04-05:00,PUR_IED_Saludcoop_InfI_90c854,PUR_IED_Saludcoop_InfI_90c854,,,,,
2026-09-12T20:21:04-05:00,PUR_IED_Saludcoop_SMedia_1b93be,PUR_IED_Saludcoop_SMedia_1b93be,,,,,
2026-09-12T20:21:04-05:00,PUR_IED_SanCarlos_1101_1a2360,PUR_IED_SanCarlos_1101_1a2360,,,,,
2026-09-12T20:21:04-05:00,PUR_IED_SanCarlos_1103_7bafb5,PUR_IED_SanCarlos_1103_7bafb5,,,,,
2026-09-12T20:21:04-05:00,PUR_IED_SanCarlos_Ext_b7cd1,PUR_IED_SanCarlos_Ext_b7cd1,,,,,
2026-09-12T20:21:04-05:00,PUR_IED_SanIgnacioBosa11a_50c26e,PUR_IED_SanIgnacioBosa11a_50c26e,,,,,
2026-09-12T20:21:04-05:00,PUR_IED_SanIgnacioBosa11b_371de8,PUR_IED_SanIgnacioBosa11b_371de8,,,,,
2026-09-12T20:21:04-05:00,PUR_IED_SanIgnacioBosaExt_ef0ffc,PUR_IED_SanIgnacioBosaExt_ef0ffc,,,,,
2026-09-12T20:21:04-05:00,PUR_IED_SanIgnacioBosa_11a_50c26e,PUR_IED_SanIgnacioBosa_11a_50c26e,,,,,
2026-09-12T20:21:04-05:00,PUR_IED_SanIgnacioBosa_Ext_ef0ffc,PUR_IED_SanIgnacioBosa_Ext_ef0ffc,,,,,
2026-09-12T20:21:04-05:00,PUR_IED_SanJoseN_intS1101_31c47f,PUR_IED_SanJoseN_intS1101_31c47f,,,,,
2026-09-12T20:21:04-05:00,PUR_IED_SanJoseUsm_Exter_f5d7e8,PUR_IED_SanJoseUsm_Exter_f5d7e8,,,,,
2026-09-12T20:21:04-05:00,PUR_IED_SanJoseUsm_Int11A_cfdef6,PUR_IED_SanJoseUsm_Int11A_cfdef6,,,,,
2026-09-12T20:21:04-05:00,PUR_IED_SilveriaR_IntB5_905349,PUR_IED_SilveriaR_IntB5_905349,,,,,
2026-09-12T20:21:04-05:00,PUR_IED_SilveriaR_IntSD14_981f93,PUR_IED_SilveriaR_IntSD14_981f93,,,,,
2026-09-12T20:21:04-05:00,PUR_IED_SilveriaR_ext_2b651d,PUR_IED_SilveriaR_ext_2b651d,,,,,
2026-09-12T20:21:04-05:00,PUR_IED_SimonB_Exterior_913975,PUR_IED_SimonB_Exterior_913975,,,,,
2026-09-12T20:21:04-05:00,PUR_IED_SimonB_LabQuimi_c56908,PUR_IED_SimonB_LabQuimi_c56908,,,,,
2026-09-12T20:21:04-05:00,PUR_IED_SimonB_informatic_a28c1,PUR_IED_SimonB_informatic_a28c1,,,,,
2026-09-12T20:21:04-05:00,PUR_IED_Sorrento_1102_315f50,PUR_IED_Sorrento_1102_315f50,,,,,
2026-09-12T20:21:04-05:00,PUR_IED_Sorrento_Minte_214eab,PUR_IED_Sorrento_Minte_214eab,,,,,
2026-09-12T20:21:04-05:00,PUR_IED_Sorrento_ext_7c3a0a,PUR_IED_Sorrento_ext_7c3a0a,,,,,
2026-09-12T20:21:04-05:00,PUR_IED_Tabora_Ext_f048ae,PUR_IED_Tabora_Ext_f048ae,,,,,
2026-09-12T20:21:04-05:00,PUR_IED_Tabora_S1102_b07752,PUR_IED_Tabora_S1102_b07752,,,,,
2026-09-12T20:21:04-05:00,PUR_IED_Tabora_S1103_d988f5,PUR_IED_Tabora_S1103_d988f5,,,,,
2026-09-12T20:21:04-05:00,PUR_IED_Tenerife_Ext_1ab188,PUR_IED_Tenerife_Ext_1ab188,,,,,
2026-09-12T20:21:04-05:00,PUR_IED_Tenerife_SDanzas_7bc02e,PUR_IED_Tenerife_SDanzas_7bc02e,,,,,
2026-09-12T20:21:04-05:00,PUR_IED_Tenerife_SIngles_7cc277,PUR_IED_Tenerife_SIngles_7cc277,,,,,
2026-09-12T20:21:04-05:00,PUR_IED_Tibabuyes_Exter_f2683d,PUR_IED_Tibabuyes_Exter_f2683d,,,,,
2026-09-12T20:21:04-05:00,PUR_IED_Tibabuyes_S10_dc87a8,PUR_IED_Tibabuyes_S10_dc87a8,,,,,
2026-09-12T20:21:04-05:00,PUR_IED_Tibabuyes_S15_dc0526,PUR_IED_Tibabuyes_S15_dc0526,,,,,
2026-09-12T20:21:04-05:00,PUR_IED_UnionE_S301_a1043,PUR_IED_UnionE_S301_a1043,,,,,
2026-09-12T20:21:04-05:00,PUR_IED_UnionE_S307_ff6c2f,PUR_IED_UnionE_S307_ff6c2f,,,,,
2026-09-12T20:21:04-05:00,PUR_IED_UnionE__Ext_5e2468,PUR_IED_UnionE__Ext_5e2468,,,,,
2026-09-12T20:21:04-05:00,PUR_IED_VillaRica_Ext_75be7c,PUR_IED_VillaRica_Ext_75be7c,,,,,
2026-09-12T20:21:04-05:00,PUR_IED_VillaRica_S4_cc5dcd,PUR_IED_VillaRica_S4_cc5dcd,,,,,
2026-09-12T20:21:04-05:00,PUR_IED_VillaRica_Sesp_99f5c,PUR_IED_VillaRica_Sesp_99f5c,,,,,
2026-09-12T20:26:11-05:00,PUR_IED_20deJulio_1101_91b1b9,PUR_IED_20deJulio_1101_91b1b9,,,,,
2026-09-12T20:26:11-05:00,PUR_IED_20deJulio_1102_1cfcf9,PUR_IED_20deJulio_1102_1cfcf9,,,,,
2026-09-12T20:26:11-05:00,PUR_IED_20deJulio_Ext_ab60bd,PUR_IED_20deJulio_Ext_ab60bd,,,,,
2026-09-12T20:26:11-05:00,PUR_IED_AgustinFer_Ext_7b9b77,PUR_IED_AgustinFer_Ext_7b9b77,,,,,
2026-09-12T20:26:11-05:00,PUR_IED_AgustinFer_Info2_27b3a7,PUR_IED_AgustinFer_Info2_27b3a7,,,,,
2026-09-12T20:26:11-05:00,PUR_IED_AgustinFer_Sena_54b4eb,PUR_IED_AgustinFer_Sena_54b4eb,,,,,
2026-09-12T20:26:11-05:00,PUR_IED_AlexanderF_1102_caf07b,PUR_IED_AlexanderF_1102_caf07b,,,,,
2026-09-12T20:26:11-05:00,PUR_IED_AlexanderF_1103_c79e71,PUR_IED_AlexanderF_1103_c79e71,,,,,
2026-09-12T20:26:11-05:00,PUR_IED_AlexanderF_Ext_c5b18b,PUR_IED_AlexanderF_Ext_c5b18b,,,,,
2026-09-12T20:26:11-05:00,PUR_IED_AlfonsoLopez_Ext_281d77,PUR_IED_AlfonsoLopez_Ext_281d77,,,,,
2026-09-12T20:26:11-05:00,PUR_IED_AlfonsoLopez_LabF_888ce0,PUR_IED_AlfonsoLopez_LabF_888ce0,,,,,
2026-09-12T20:26:11-05:00,PUR_IED_AlfonsoLopez_SMed_df6a7f,PUR_IED_AlfonsoLopez_SMed_df6a7f,,,,,
2026-09-12T20:26:11-05:00,PUR_IED_AltamiraSO_A2_209f92,PUR_IED_AltamiraSO_A2_209f92,,,,,
2026-09-12T20:26:11-05:00,PUR_IED_AltamiraSO_Ext_186d66,PUR_IED_AltamiraSO_Ext_186d66,,,,,
2026-09-12T20:26:11-05:00,PUR_IED_AltamiraSO_Sistem_27afe1,PUR_IED_AltamiraSO_Sistem_27afe1,,,,,
2026-09-12T20:26:11-05:00,PUR_IED_AlvaroGom_LabQuim_813179,PUR_IED_AlvaroGom_LabQuim_813179,,,,,
2026-09-12T20:26:11-05:00,PUR_IED_AlvaroGomez_Ext_47c7ca,PUR_IED_AlvaroGomez_Ext_47c7ca,,,,,
2026-09-12T20:26:11-05:00,PUR_IED_AlvaroGomez_LabQuim_813179,PUR_IED_AlvaroGomez_LabQuim_813179,,,,,
2026-09-12T20:26:11-05:00,PUR_IED_AlvaroGomez_S23_7ba89f,PUR_IED_AlvaroGomez_S23_7ba89f,,,,,
2026-09-12T20:26:11-05:00,PUR_IED_Amistad_306_dc8728,PUR_IED_Amistad_306_dc8728,,,,,
2026-09-12T20:26:11-05:00,PUR_IED_Amistad_Ext_8cd55e,PUR_IED_Amistad_Ext_8cd55e,,,,,
2026-09-12T20:26:11-05:00,PUR_IED_Amistad_S202_a41169,PUR_IED_Amistad_S202_a41169,,,,,
2026-09-12T20:26:11-05:00,PUR_IED_AndresBello_Bio_fd5f5e,PUR_IED_AndresBello_Bio_fd5f5e,,,,,
2026-09-12T20:26:11-05:00,PUR_IED_AndresBello_ext_dcad65,PUR_IED_AndresBello_ext_dcad65,,,,,
2026-09-12T20:26:11-05:00,PUR_IED_AndresBello_port_eed3ec,PUR_IED_AndresBello_port_eed3ec,,,,,
2026-09-12T20:26:11-05:00,PUR_IED_AngelaR_11b_d90a6b,PUR_IED_AngelaR_11b_d90a6b,,,,,
2026-09-12T20:26:11-05:00,PUR_IED_AngelaR_ext_7cad3e,PUR_IED_AngelaR_ext_7cad3e,3,19,62,4.5825,-74.164497
2026-09-12T20:26:11-05:00,PUR_IED_AntJoseSucre_10mo_df2575,PUR_IED_AntJoseSucre_10mo_df2575,,,,,
2026-09-12T20:26:11-05:00,PUR_IED_AntJoseSucre_Ext_215b36,PUR_IED_AntJoseSucre_Ext_215b36,,,,,
2026-09-12T20:26:11-05:00,PUR_IED_AntJoseSucre_Lab_3139de,PUR_IED_AntJoseSucre_Lab_3139de,,,,,
2026-09-12T20:26:11-05:00,PUR_IED_AntonioGarcia_301_d6b188,PUR_IED_AntonioGarcia_301_d6b188,,,,,
2026-09-12T20:26:11-05:00,PUR_IED_AntonioGarcia_302_88a82,PUR_IED_AntonioGarcia_302_88a82,,,,,
2026-09-12T20:26:11-05:00,PUR_IED_AntonioGarcia_Ext_20950c,PUR_IED_AntonioGarcia_Ext_20950c,,,,,
2026-09-12T20:26:11-05:00,PUR_IED_AntonioVan_Aula2_6dea02,PUR_IED_AntonioVan_Aula2_6dea02,,,,,
2026-09-12T20:26:11-05:00,PUR_IED_AntonioVan_Aula5_f1557e,PUR_IED_AntonioVan_Aula5_f1557e,,,,,
2026-09-12T20:26:11-05:00,PUR_IED_AntonioVan_Ext_406f2f,PUR_IED_AntonioVan_Ext_406f2f,,,,,
2026-09-12T20:26:11-05:00,PUR_IED_Atabanzha_Ext_cc5af9,PUR_IED_Atabanzha_Ext_cc5af9,,,,,
2026-09-12T20:26:11-05:00,PUR_IED_Atabanzha_SA101_56c37,PUR_IED_Atabanzha_SA101_56c37,,,,,
2026-09-12T20:26:11-05:00,PUR_IED_Atabanzha_SB302_27b374,PUR_IED_Atabanzha_SB302_27b374,,,,,
2026-09-12T20:26:11-05:00,PUR_IED_Atahualpa_Ext_fc1748,PUR_IED_Atahualpa_Ext_fc1748,,,,,
2026-09-12T20:26:11-05:00,PUR_IED_Atahualpa_Informa_dc9a95,PUR_IED_Atahualpa_Informa_dc9a95,,,,,
2026-09-12T20:26:11-05:00,PUR_IED_Atahualpa_S1101_f98056,PUR_IED_Atahualpa_S1101_f98056,,,,,
2026-09-12T20:26:11-05:00,PUR_IED_Bellavista_Ext_f5aa74,PUR_IED_Bellavista_Ext_f5aa74,,,,,
2026-09-12T20:26:11-05:00,PUR_IED_Bilbao_11A_916c41,PUR_IED_Bilbao_11A_916c41,,,,,
2026-09-12T20:26:11-05:00,PUR_IED_Bilbao_Ext_fb579a,PUR_IED_Bilbao_Ext_fb579a,,,,,
2026-09-12T20:26:11-05:00,PUR_IED_BrasiliaU_A125_304280,PUR_IED_BrasiliaU_A125_304280,,,,,
2026-09-12T20:26:11-05:00,PUR_IED_BrasiliaU_A203_7c8ca5,PUR_IED_BrasiliaU_A203_7c8ca5,,,,,
2026-09-12T20:26:11-05:00,PUR_IED_BrasiliaU_Ext_8d6e9f,PUR_IED_BrasiliaU_Ext_8d6e9f,,,,,
2026-09-12T20:26:11-05:00,PUR_IED_Brasilia_Ext_fe6593,PUR_IED_Brasilia_Ext_fe6593,,,,,
2026-09-12T20:26:11-05:00,PUR_IED_Brasilia_S24_7c130d,PUR_IED_Brasilia_S24_7c130d,,,,,
2026-09-12T20:26:11-05:00,PUR_IED_Brasilia_S501_186a54,PUR_IED_Brasilia_S501_186a54,,,,,
2026-09-12T20:26:11-05:00,PUR_IED_CHARRY_EXT_f1d5cd,PUR_IED_CHARRY_EXT_f1d5cd,,,,,
2026-09-12T20:26:11-05:00,PUR_IED_CHARRY_INTDANZAS_7a08e6,PUR_IED_CHARRY_INTDANZAS_7a08e6,,,,,
2026-09-12T20:26:11-05:00,PUR_IED_CHARRY_INT_AULA20_dc998d,PUR_IED_CHARRY_INT_AULA20_dc998d,,,,,
2026-09-12T20:26:11-05:00,PUR_IED_COLVIV_1101_S25_7f520a,PUR_IED_COLVIV_1101_S25_7f520a,,,,,
2026-09-12T20:26:11-05:00,PUR_IED_COLVIV_1102_S16_f570ba,PUR_IED_COLVIV_1102_S16_f570ba,,,,,
2026-09-12T20:26:11-05:00,PUR_IED_COLVIV_Ext_1a26fa,PUR_IED_COLVIV_Ext_1a26fa,,,,,
2026-09-12T20:26:11-05:00,PUR_IED_CULPOP_301A_f660f3,PUR_IED_CULPOP_301A_f660f3,,,,,
2026-09-12T20:26:11-05:00,PUR_IED_CULPOP_303_568afe,PUR_IED_CULPOP_303_568afe,,,,,
2026-09-12T20:26:11-05:00,PUR_IED_CULPOP_Ext_e02ccb,PUR_IED_CULPOP_Ext_e02ccb,,,,,
2026-09-12T20:26:11-05:00,PUR_IED_CVillavicen_Ext_26eb58,PUR_IED_CVillavicen_Ext_26eb58,3,15,77,4.487,-74.102798
2026-09-12T20:26:11-05:00,PUR_IED_CVillavicen_Intel_1ce5c2,PUR_IED_CVillavicen_Intel_1ce5c2,,,,,
2026-09-12T20:26:11-05:00,PUR_IED_CVillavicen_Poliv_e0766c,PUR_IED_CVillavicen_Poliv_e0766c,,,,,
2026-09-12T20:26:11-05:00,PUR_IED_CVillavicen_int_1ba140,PUR_IED_CVillavicen_int_1ba140,,,,,
2026-09-12T20:26:11-05:00,PUR_IED_CVillavicen_intel_1ba140,PUR_IED_CVillavicen_intel_1ba140,,,,,
2026-09-12T20:26:11-05:00,PUR_IED_CarlosPizarro_Ext_e307cc,PUR_IED_CarlosPizarro_Ext_e307cc,,,,,
2026-09-12T20:26:11-05:00,PUR_IED_CarlosPizarro_L36_7e5cdb,PUR_IED_CarlosPizarro_L36_7e5cdb,,,,,
2026-09-12T20:26:11-05:00,PUR_IED_CarlosPizarro_L37_c8566c,PUR_IED_CarlosPizarro_L37_c8566c,,,,,
2026-09-12T20:26:11-05:00,PUR_IED_Castilla_Ext_cf35f,PUR_IED_Castilla_Ext_cf35f,,,,,
2026-09-12T20:26:11-05:00,PUR_IED_Castilla_SFisik_360e38,PUR_IED_Castilla_SFisik_360e38,,,,,
2026-09-12T20:26:11-05:00,PUR_IED_Castilla_Sc304_496fbf,PUR_IED_Castilla_Sc304_496fbf,,,,,
2026-09-12T20:26:11-05:00,PUR_IED_CervantesSa_Ext_6b57b,PUR_IED_CervantesSa_Ext_6b57b,4,18,67,4.5128,-74.117203
2026-09-12T20:26:11-05:00,PUR_IED_CervantesSa_S107_225c2b,PUR_IED_CervantesSa_S107_225c2b,,,,,
2026-09-12T20:26:11-05:00,PUR_IED_CervantesSa_S108_940925,PUR_IED_CervantesSa_S108_940925,,,,,
2026-09-12T20:26:11-05:00,PUR_IED_Charry_A20_f53e7c,PUR_IED_Charry_A20_f53e7c,,,,,
2026-09-12T20:26:11-05:00,PUR_IED_Charry_Ext_f1d5cd,PUR_IED_Charry_Ext_f1d5cd,,,,,
2026-09-12T20:26:11-05:00,PUR_IED_Charry_IntAula20_dc998d,PUR_IED_Charry_IntAula20_dc998d,,,,,
2026-09-12T20:26:11-05:00,PUR_IED_Charry_IntDanzas_7a08e6,PUR_IED_Charry_IntDanzas_7a08e6,,,,,
2026-09-12T20:26:11-05:00,PUR_IED_ClememciaC_203_43e2fc,PUR_IED_ClememciaC_203_43e2fc,,,,,
2026-09-12T20:26:11-05:00,PUR_IED_ClememciaC_Ext_1b411a,PUR_IED_ClememciaC_Ext_1b411a,,,,,
2026-09-12T20:26:11-05:00,PUR_IED_ClememciaC_Quimic_44b5fc,PUR_IED_ClememciaC_Quimic_44b5fc,,,,,
2026-09-12T20:26:11-05:00,PUR_IED_ClemenciaC_203_43e2fc,PUR_IED_ClemenciaC_203_43e2fc,,,,,
2026-09-12T20:26:11-05:00,PUR_IED_ClemenciaC_Ext_1b411a,PUR_IED_ClemenciaC_Ext_1b411a,,,,,
2026-09-12T20:26:11-05:00,PUR_IED_ClemenciaC_Quimic_44b5fc,PUR_IED_ClemenciaC_Quimic_44b5fc,,,,,
2026-09-12T20:26:11-05:00,PUR_IED_ColViva_1101_S25_7f520a,PUR_IED_ColViva_1101_S25_7f520a,,,,,
2026-09-12T20:26:11-05:00,PUR_IED_ColViva_1102_S16_f570ba,PUR_IED_ColViva_1102_S16_f570ba,,,,,
2026-09-12T20:26:11-05:00,PUR_IED_ColViva_Ext_1a26fa,PUR_IED_ColViva_Ext_1a26fa,,,,,
2026-09-12T20:26:11-05:00,PUR_IED_ColegioBici_Asist_7c8798,PUR_IED_ColegioBici_Asist_7c8798,,,,,
2026-09-12T20:26:11-05:00,PUR_IED_ColegioBici_Ext_25cbf6,PUR_IED_ColegioBici_Ext_25cbf6,,,,,
2026-09-12T20:26:11-05:00,PUR_IED_ColegioBici_LabQ_7b57db,PUR_IED_ColegioBici_LabQ_7b57db,,,,,
2026-09-12T20:26:11-05:00,PUR_IED_CostaRica_Ext_5e640,PUR_IED_CostaRica_Ext_5e640,,,,,
2026-09-12T20:26:11-05:00,PUR_IED_CostaRica_Quim1_766d1c,PUR_IED_CostaRica_Quim1_766d1c,,,,,
2026-09-12T20:26:11-05:00,PUR_IED_CostaRica__Fisica_6f0873,PUR_IED_CostaRica__Fisica_6f0873,,,,,
2026-09-12T20:26:11-05:00,PUR_IED_CulPopu_301A_f660f3,PUR_IED_CulPopu_301A_f660f3,,,,,
2026-09-12T20:26:11-05:00,PUR_IED_CulPopu_303_568afe,PUR_IED_CulPopu_303_568afe,,,,,
2026-09-12T20:26:11-05:00,PUR_IED_CulPopu_Ext_e02ccb,PUR_IED_CulPopu_Ext_e02ccb,,,,,
2026-09-12T20:26:11-05:00,PUR_IED_Cundinamarca_Ext_f15985,PUR_IED_Cundinamarca_Ext_f15985,,,,,
2026-09-12T20:26:11-05:00,PUR_IED_Cundinamarca_Info_7aa5d7,PUR_IED_Cundinamarca_Info_7aa5d7,,,,,
2026-09-12T20:26:11-05:00,PUR_IED_Cundinamarca_Tec2_f449c7,PUR_IED_Cundinamarca_Tec2_f449c7,,,,,
2026-09-12T20:26:11-05:00,PUR_IED_DiegoM_Aula1_27b314,PUR_IED_DiegoM_Aula1_27b314,,,,,
2026-09-12T20:26:11-05:00,PUR_IED_DiegoM_Ext_d80ac8,PUR_IED_DiegoM_Ext_d80ac8,,,,,
2026-09-12T20:26:11-05:00,PUR_IED_DiegoM_S25_da928f,PUR_IED_DiegoM_S25_da928f,,,,,
2026-09-12T20:26:11-05:00,PUR_IED_ELRODEO_360881,PUR_IED_ELRODEO_360881,,,,,
2026-09-12T20:26:11-05:00,PUR_IED_ELRODEO_ext_360881,PUR_IED_ELRODEO_ext_360881,,,,,
2026-09-12T20:26:11-05:00,PUR_IED_EduardoU_Ext_1c1969,PUR_IED_EduardoU_Ext_1c1969,,,,,
2026-09-12T20:26:11-05:00,PUR_IED_EduardoU_SCiencia_4dfb94,PUR_IED_EduardoU_SCiencia_4dfb94,,,,,
2026-09-12T20:26:11-05:00,PUR_IED_EduardoU_SQuimica_5a46e7,PUR_IED_EduardoU_SQuimica_5a46e7,,,,,
2026-09-12T20:26:11-05:00,PUR_IED_ElRodeo_Aula14_676984,PUR_IED_ElRodeo_Aula14_676984,,,,,
2026-09-12T20:26:11-05:00,PUR_IED_ElRodeo_Aula16_2dd35b,PUR_IED_ElRodeo_Aula16_2dd35b,,,,,
2026-09-12T20:26:11-05:00,PUR_IED_ElRodeo_Ext_360881,PUR_IED_ElRodeo_Ext_360881,,,,,
2026-09-12T20:26:11-05:00,PUR_IED_ElRodeo_Exterior_8c6d28,PUR_IED_ElRodeo_Exterior_8c6d28,,,,,
2026-09-12T20:26:11-05:00,PUR_IED_ElRodeo_ext_360881,PUR_IED_ElRodeo_ext_360881,,,,,
2026-09-12T20:26:11-05:00,PUR_IED_EmmaReyes_Ext_987625,PUR_IED_EmmaReyes_Ext_987625,5,21,52,4.6367,-74.1511
2026-09-12T20:26:11-05:00,PUR_IED_Ensueño_Ext_7f0250,PUR_IED_Ensueño_Ext_7f0250,,,,,
2026-09-12T20:26:11-05:00,PUR_IED_EscNormal_Ext_5fef3b,PUR_IED_EscNormal_Ext_5fef3b,4,19,60,4.5852,-74.096901
2026-09-12T20:26:11-05:00,PUR_IED_EscNormal_S309_5b263,PUR_IED_EscNormal_S309_5b263,,,,,
2026-09-12T20:26:11-05:00,PUR_IED_EscNormal_S310_27b3b8,PUR_IED_EscNormal_S310_27b3b8,,,,,
2026-09-12T20:26:11-05:00,PUR_IED_Evangelista_Conta_f6cd4f,PUR_IED_Evangelista_Conta_f6cd4f,,,,,
2026-09-12T20:26:11-05:00,PUR_IED_Evangelista_Cri_5e16a,PUR_IED_Evangelista_Cri_5e16a,,,,,
2026-09-12T20:26:11-05:00,PUR_IED_Evangelista_Exter_754066,PUR_IED_Evangelista_Exter_754066,,,,,
2026-09-12T20:26:11-05:00,PUR_IED_FMiranda_S209_5cc2a3,PUR_IED_FMiranda_S209_5cc2a3,,,,,
2026-09-12T20:26:11-05:00,PUR_IED_FMiranda_S303_19e344,PUR_IED_FMiranda_S303_19e344,,,,,
2026-09-12T20:26:11-05:00,PUR_IED_FMiranda_ext_f53e7c,PUR_IED_FMiranda_ext_f53e7c,,,,,
2026-09-12T20:26:11-05:00,PUR_IED_FabioLozano_Bibli_1cee05,PUR_IED_FabioLozano_Bibli_1cee05,,,,,
2026-09-12T20:26:11-05:00,PUR_IED_FabioLozano_Ext_6ea285,PUR_IED_FabioLozano_Ext_6ea285,,,,,
2026-09-12T20:26:11-05:00,PUR_IED_FabioLozano_SLudi_f09e1e,PUR_IED_FabioLozano_SLudi_f09e1e,,,,,
2026-09-12T20:26:11-05:00,PUR_IED_FaustinoS_Aula07_27a731,PUR_IED_FaustinoS_Aula07_27a731,,,,,
2026-09-12T20:26:11-05:00,PUR_IED_FaustinoS_Ext_7b936f,PUR_IED_FaustinoS_Ext_7b936f,,,,,
2026-09-12T20:26:11-05:00,PUR_IED_FaustinoS_Fisica_da2c60,PUR_IED_FaustinoS_Fisica_da2c60,,,,,
2026-09-12T20:26:11-05:00,PUR_IED_FeGarciaLo_Ext_dc68ee,PUR_IED_FeGarciaLo_Ext_dc68ee,,,,,
2026-09-12T20:26:11-05:00,PUR_IED_FeGarciaLo_SDanza_f70a59,PUR_IED_FeGarciaLo_SDanza_f70a59,,,,,
2026-09-12T20:26:11-05:00,PUR_IED_FeGarciaLo_SMusic_125cdd,PUR_IED_FeGarciaLo_SMusic_125cdd,,,,,
2026-09-12T20:26:11-05:00,PUR_IED_FederalAlema_Exte_50c345,PUR_IED_FederalAlema_Exte_50c345,,,,,
2026-09-12T20:26:11-05:00,PUR_IED_FederalAlema_S31_f18371,PUR_IED_FederalAlema_S31_f18371,,,,,
2026-09-12T20:26:11-05:00,PUR_IED_FederalAlema_S901_a62cd,PUR_IED_FederalAlema_S901_a62cd,,,,,
2026-09-12T20:26:11-05:00,PUR_IED_FilarmonicaS_A5_f35eb1,PUR_IED_FilarmonicaS_A5_f35eb1,,,,,
2026-09-12T20:26:11-05:00,PUR_IED_FilarmonicaS_Ext_8a3bde,PUR_IED_FilarmonicaS_Ext_8a3bde,,,,,
2026-09-12T20:26:11-05:00,PUR_IED_FilarmonicaS_Spol_406114,PUR_IED_FilarmonicaS_Spol_406114,,,,,
2026-09-12T20:26:11-05:00,PUR_IED_FlorentinoG_A13_d1fa59,PUR_IED_FlorentinoG_A13_d1fa59,,,,,
2026-09-12T20:26:11-05:00,PUR_IED_FlorentinoG_Ext_1ce6ce,PUR_IED_FlorentinoG_Ext_1ce6ce,,,,,
2026-09-12T20:26:11-05:00,PUR_IED_FlorentinoG_Idiom_a66aac,PUR_IED_FlorentinoG_Idiom_a66aac,,,,,
2026-09-12T20:26:11-05:00,PUR_IED_FranciscoMati_Ext_e3869d,PUR_IED_FranciscoMati_Ext_e3869d,,,,,
2026-09-12T20:26:11-05:00,PUR_IED_FranciscoMati_S13_f31c67,PUR_IED_FranciscoMati_S13_f31c67,,,,,
2026-09-12T20:26:11-05:00,PUR_IED_FranciscoMati_S14_97dead,PUR_IED_FranciscoMati_S14_97dead,,,,,
2026-09-12T20:26:11-05:00,PUR_IED_FranciscoPS_Ext_7bfa9a,PUR_IED_FranciscoPS_Ext_7bfa9a,3,20,60,4.5899,-74.110397
2026-09-12T20:26:11-05:00,PUR_IED_FranciscoPS_Infor_fb8f4c,PUR_IED_FranciscoPS_Infor_fb8f4c,,,,,
2026-09-12T20:26:11-05:00,PUR_IED_FranciscoPS_Quimi_94d39c,PUR_IED_FranciscoPS_Quimi_94d39c,,,,,
2026-09-12T20:26:11-05:00,PUR_IED_FranciscoP_LabQ_d7e148,PUR_IED_FranciscoP_LabQ_d7e148,,,,,
2026-09-12T20:26:11-05:00,PUR_IED_FranciscoP_S28_cf9b30,PUR_IED_FranciscoP_S28_cf9b30,,,,,
2026-09-12T20:26:11-05:00,PUR_IED_FranciscoP_ext_e2313,PUR_IED_FranciscoP_ext_e2313,,,,,
2026-09-12T20:26:11-05:00,PUR_IED_FriederichN_Ext_8ac92a,PUR_IED_FriederichN_Ext_8ac92a,,,,,
2026-09-12T20:26:11-05:00,PUR_IED_FriederichN_S301_dd7e5a,PUR_IED_FriederichN_S301_dd7e5a,,,,,
2026-09-12T20:26:11-05:00,PUR_IED_FriederichN_S308_761f4f,PUR_IED_FriederichN_S308_761f4f,,,,,
2026-09-12T20:26:11-05:00,PUR_IED_GSantander_Aula10_533dd7,PUR_IED_GSantander_Aula10_533dd7,,,,,
2026-09-12T20:26:11-05:00,PUR_IED_GSantander_Aula12_fd4e4f,PUR_IED_GSantander_Aula12_fd4e4f,,,,,
2026-09-12T20:26:11-05:00,PUR_IED_GSantander_Aula310_533dd7,PUR_IED_GSantander_Aula310_533dd7,,,,,
2026-09-12T20:26:11-05:00,PUR_IED_GSantander_Aula312_fd4e4f,PUR_IED_GSantander_Aula312_fd4e4f,,,,,
2026-09-12T20:26:11-05:00,PUR_IED_GSantander_Ext_5f66b0,PUR_IED_GSantander_Ext_5f66b0,,,,,
2026-09-12T20:26:11-05:00,PUR_IED_GYomasa_Ext_f6bea5,PUR_IED_GYomasa_Ext_f6bea5,,,,,
2026-09-12T20:26:11-05:00,PUR_IED_GYomasa_LBiol_2c41aa,PUR_IED_GYomasa_LBiol_2c41aa,,,,,
2026-09-12T20:26:11-05:00,PUR_IED_GYomasa_LQuim_33c80,PUR_IED_GYomasa_LQuim_33c80,,,,,
2026-09-12T20:26:11-05:00,PUR_IED_GabBetMejia_Cienc_5a99c,PUR_IED_GabBetMejia_Cienc_5a99c,,,,,
2026-09-12T20:26:11-05:00,PUR_IED_GabBetMejia_Ext_9153d0,PUR_IED_GabBetMejia_Ext_9153d0,,,,,
2026-09-12T20:26:11-05:00,PUR_IED_GabBetMejia_Lab_f55347,PUR_IED_GabBetMejia_Lab_f55347,,,,,
2026-09-12T20:26:11-05:00,PUR_IED_GabBetanMejia_Ext_9153d0,PUR_IED_GabBetanMejia_Ext_9153d0,,,,,
2026-09-12T20:26:11-05:00,PUR_IED_Gaitana_Aula13_7aac11,PUR_IED_Gaitana_Aula13_7aac11,,,,,
2026-09-12T20:26:11-05:00,PUR_IED_Gaitana_Ext_5fcf4,PUR_IED_Gaitana_Ext_5fcf4,,,,,
2026-09-12T20:26:11-05:00,PUR_IED_Gaitana_LabFisica_644448,PUR_IED_Gaitana_LabFisica_644448,,,,,
2026-09-12T20:26:11-05:00,PUR_IED_GenSantander_Dise_8ac858,PUR_IED_GenSantander_Dise_8ac858,,,,,
2026-09-12T20:26:11-05:00,PUR_IED_GenSantander_Ext_8d5dfe,PUR_IED_GenSantander_Ext_8d5dfe,,,,,
2026-09-12T20:26:11-05:00,PUR_IED_GenSantander_Info_6c25b,PUR_IED_GenSantander_Info_6c25b,,,,,
2026-09-12T20:26:11-05:00,PUR_IED_GustavoMo_Exterio_75e63d,PUR_IED_GustavoMo_Exterio_75e63d,,,,,
2026-09-12T20:26:11-05:00,PUR_IED_GustavoMo_LabFisi_224d37,PUR_IED_GustavoMo_LabFisi_224d37,,,,,
2026-09-12T20:26:11-05:00,PUR_IED_GustavoMo_S208_3e6918,PUR_IED_GustavoMo_S208_3e6918,,,,,
2026-09-12T20:26:11-05:00,PUR_IED_GustavoR_A02_8cd4a8,PUR_IED_GustavoR_A02_8cd4a8,,,,,
2026-09-12T20:26:11-05:00,PUR_IED_GustavoR_B11_5b0ed,PUR_IED_GustavoR_B11_5b0ed,,,,,
2026-09-12T20:26:11-05:00,PUR_IED_GustavoR_Ext_7a0c90,PUR_IED_GustavoR_Ext_7a0c90,,,,,
2026-09-12T20:26:11-05:00,PUR_IED_HernandoDuran_Ext_8cd82b,PUR_IED_HernandoDuran_Ext_8cd82b,,,,,
2026-09-12T20:26:11-05:00,PUR_IED_HernandoDuran_S24_2772c6,PUR_IED_HernandoDuran_S24_2772c6,,,,,
2026-09-12T20:26:11-05:00,PUR_IED_HernandoDuran_S30_f2de41,PUR_IED_HernandoDuran_S30_f2de41,,,,,
2026-09-12T20:26:11-05:00,PUR_IED_HolguInUr_S1101_8cd732,PUR_IED_HolguInUr_S1101_8cd732,,,,,
2026-09-12T20:26:11-05:00,PUR_IED_HolguinUr_Exter_ddae6d,PUR_IED_HolguinUr_Exter_ddae6d,,,,,
2026-09-12T20:26:11-05:00,PUR_IED_HolguinUr_LabQuim_92b952,PUR_IED_HolguinUr_LabQuim_92b952,,,,,
2026-09-12T20:26:11-05:00,PUR_IED_Isabel-II_Ext_5245cc,PUR_IED_Isabel-II_Ext_5245cc,6,20,57,4.6336,-74.153
2026-09-12T20:26:11-05:00,PUR_IED_Isabel-II_S_idiom_1c29aa,PUR_IED_Isabel-II_S_idiom_1c29aa,,,,,
2026-09-12T20:26:11-05:00,PUR_IED_Isabel-II_S_infor_fd741,PUR_IED_Isabel-II_S_infor_fd741,,,,,
2026-09-12T20:26:11-05:00,PUR_IED_IsidroSur_Exterio_5b90ea,PUR_IED_IsidroSur_Exterio_5b90ea,,,,,
2026-09-12T20:26:11-05:00,PUR_IED_IsidroSur_LabTec_56697a,PUR_IED_IsidroSur_LabTec_56697a,,,,,
2026-09-12T20:26:11-05:00,PUR_IED_IsidroSur_Robotic_b7c38f,PUR_IED_IsidroSur_Robotic_b7c38f,,,,,
2026-09-12T20:26:11-05:00,PUR_IED_IsmaelPerd_Ext_7b6672,PUR_IED_IsmaelPerd_Ext_7b6672,,,,,
2026-09-12T20:26:11-05:00,PUR_IED_IsmaelPerd_Inform_306540,PUR_IED_IsmaelPerd_Inform_306540,,,,,
2026-09-12T20:26:11-05:00,PUR_IED_IsmaelPerd_S30_2e2c83,PUR_IED_IsmaelPerd_S30_2e2c83,,,,,
2026-09-12T20:26:11-05:00,PUR_IED_JLozano_Exter_432910,PUR_IED_JLozano_Exter_432910,,,,,
2026-09-12T20:26:11-05:00,PUR_IED_JLozano_salaMulti_df5125,PUR_IED_JLozano_salaMulti_df5125,,,,,
2026-09-12T20:26:11-05:00,PUR_IED_JMCordoba_206_86f80b,PUR_IED_JMCordoba_206_86f80b,,,,,
2026-09-12T20:26:11-05:00,PUR_IED_JMCordoba_Ext_27ad97,PUR_IED_JMCordoba_Ext_27ad97,,,,,
2026-09-12T20:26:11-05:00,PUR_IED_JMCordoba_S310_d59ab4,PUR_IED_JMCordoba_S310_d59ab4,,,,,
2026-09-12T20:26:11-05:00,PUR_IED_Japon_Ext_549100,PUR_IED_Japon_Ext_549100,,,,,
2026-09-12T20:26:11-05:00,PUR_IED_Japon_Laboratorio_bec51d,PUR_IED_Japon_Laboratorio_bec51d,,,,,
2026-09-12T20:26:11-05:00,PUR_IED_Japon_informatica_d99327,PUR_IED_Japon_informatica_d99327,,,,,
2026-09-12T20:26:11-05:00,PUR_IED_Jazmin_Ext_d27bda,PUR_IED_Jazmin_Ext_d27bda,,,,,
2026-09-12T20:26:11-05:00,PUR_IED_Jazmin_Fisica_8d14d7,PUR_IED_Jazmin_Fisica_8d14d7,,,,,
2026-09-12T20:26:11-05:00,PUR_IED_Jazmin_Quimica_801cb5,PUR_IED_Jazmin_Quimica_801cb5,,,,,
2026-09-12T20:26:11-05:00,PUR_IED_JorgeGaitan_Exter_f098d1,PUR_IED_JorgeGaitan_Exter_f098d1,,,,,
2026-09-12T20:26:11-05:00,PUR_IED_JorgeGaitan_STec1_dc9d1d,PUR_IED_JorgeGaitan_STec1_dc9d1d,,,,,
2026-09-12T20:26:11-05:00,PUR_IED_JorgeGaitan_STec2_281e69,PUR_IED_JorgeGaitan_STec2_281e69,,,,,
2026-09-12T20:26:11-05:00,PUR_IED_JorgeSoto_Exterio_d9d0a2,PUR_IED_JorgeSoto_Exterio_d9d0a2,,,,,
2026-09-12T20:26:11-05:00,PUR_IED_JorgeSoto_LabFisi_209c54,PUR_IED_JorgeSoto_LabFisi_209c54,,,,,
2026-09-12T20:26:11-05:00,PUR_IED_JorgeSoto_S103_27b51a,PUR_IED_JorgeSoto_S103_27b51a,,,,,
2026-09-12T20:26:11-05:00,PUR_IED_JoseAcevedo_A02_e965eb,PUR_IED_JoseAcevedo_A02_e965eb,,,,,
2026-09-12T20:26:11-05:00,PUR_IED_JoseAcevedo_A07_dd5b4,PUR_IED_JoseAcevedo_A07_dd5b4,,,,,
2026-09-12T20:26:11-05:00,PUR_IED_JoseAcevedo_Ext_b47484,PUR_IED_JoseAcevedo_Ext_b47484,,,,,
2026-09-12T20:26:11-05:00,PUR_IED_JoseMarti_Exte_5b9bf,PUR_IED_JoseMarti_Exte_5b9bf,,,,,
2026-09-12T20:26:11-05:00,PUR_IED_JoseMarti_LabQuim_1c6c2d,PUR_IED_JoseMarti_LabQuim_1c6c2d,,,,,
2026-09-12T20:26:11-05:00,PUR_IED_JoseMarti_S_info_f5f177,PUR_IED_JoseMarti_S_info_f5f177,,,,,
2026-09-12T20:26:11-05:00,PUR_IED_Josejoaquin_Ext_dfc5dc,PUR_IED_Josejoaquin_Ext_dfc5dc,,,,,
2026-09-12T20:26:11-05:00,PUR_IED_Josejoaquin_S05_5b2a96,PUR_IED_Josejoaquin_S05_5b2a96,,,,,
2026-09-12T20:26:11-05:00,PUR_IED_Josejoaquin_S06_1ce7d2,PUR_IED_Josejoaquin_S06_1ce7d2,,,,,
2026-09-12T20:26:11-05:00,PUR_IED_JulioFlorez_Danza_9b82dd,PUR_IED_JulioFlorez_Danza_9b82dd,,,,,
2026-09-12T20:26:11-05:00,PUR_IED_JulioFlorez_Exter_f9f314,PUR_IED_JulioFlorez_Exter_f9f314,,,,,
2026-09-12T20:26:11-05:00,PUR_IED_JulioFlorez_info2_6b6e08,PUR_IED_JulioFlorez_info2_6b6e08,,,,,
2026-09-12T20:26:11-05:00,PUR_IED_LaBelleza_Aula13_1d00d8,PUR_IED_LaBelleza_Aula13_1d00d8,,,,,
2026-09-12T20:26:11-05:00,PUR_IED_LaBelleza_Ext_7bc08c,PUR_IED_LaBelleza_Ext_7bc08c,,,,,
2026-09-12T20:26:11-05:00,PUR_IED_LaChucua_Ext_8cd6d2,PUR_IED_LaChucua_Ext_8cd6d2,,,,,
2026-09-12T20:26:11-05:00,PUR_IED_LaChucua_S15_f578ce,PUR_IED_LaChucua_S15_f578ce,,,,,
2026-09-12T20:26:11-05:00,PUR_IED_LaChucua_S16_eebcf9,PUR_IED_LaChucua_S16_eebcf9,,,,,
2026-09-12T20:26:11-05:00,PUR_IED_LaFelicidad_Ext_fb5109,PUR_IED_LaFelicidad_Ext_fb5109,,,,,
2026-09-12T20:26:11-05:00,PUR_IED_LaMerced_206_66ebd,PUR_IED_LaMerced_206_66ebd,,,,,
2026-09-12T20:26:11-05:00,PUR_IED_LaMerced_207_6ebd6,PUR_IED_LaMerced_207_6ebd6,,,,,
2026-09-12T20:26:11-05:00,PUR_IED_LaMerced_ext_304311,PUR_IED_LaMerced_ext_304311,,,,,
2026-09-12T20:26:11-05:00,PUR_IED_Laureano_CiencNat_281e5e,PUR_IED_Laureano_CiencNat_281e5e,,,,,
2026-09-12T20:26:11-05:00,PUR_IED_Laureano_Comedor_f65c0a,PUR_IED_Laureano_Comedor_f65c0a,,,,,
2026-09-12T20:26:11-05:00,PUR_IED_Laureano_Exterior_7ab011,PUR_IED_Laureano_Exterior_7ab011,,,,,
2026-09-12T20:26:11-05:00,PUR_IED_LeonGreiff_Exte_dfe560,PUR_IED_LeonGreiff_Exte_dfe560,,,,,
2026-09-12T20:26:11-05:00,PUR_IED_LeonGreiff_S210_f264ed,PUR_IED_LeonGreiff_S210_f264ed,,,,,
2026-09-12T20:26:11-05:00,PUR_IED_LeonGreiff_SQuimi_e8296f,PUR_IED_LeonGreiff_SQuimi_e8296f,,,,,
2026-09-12T20:26:11-05:00,PUR_IED_LlanoOrientalS208_7b9fcd,PUR_IED_LlanoOrientalS208_7b9fcd,,,,,
2026-09-12T20:26:11-05:00,PUR_IED_LlanoOriental_Ext_fb3766,PUR_IED_LlanoOriental_Ext_fb3766,,,,,
2026-09-12T20:26:11-05:00,PUR_IED_LlanoOriental_S208_7b9fcd,PUR_IED_LlanoOriental_S208_7b9fcd,,,,,
2026-09-12T20:26:11-05:00,PUR_IED_LlanoOriental_S9_27b378,PUR_IED_LlanoOriental_S9_27b378,,,,,
2026-09-12T20:26:11-05:00,PUR_IED_LosTejares_1101_477602,PUR_IED_LosTejares_1101_477602,,,,,
2026-09-12T20:26:11-05:00,PUR_IED_LosTejares_11_d2c595,PUR_IED_LosTejares_11_d2c595,,,,,
2026-09-12T20:26:11-05:00,PUR_IED_LosTejares_12_477602,PUR_IED_LosTejares_12_477602,,,,,
2026-09-12T20:26:11-05:00,PUR_IED_LosTejares_Ext_8e2115,PUR_IED_LosTejares_Ext_8e2115,,,,,
2026-09-12T20:26:11-05:00,PUR_IED_MagdalenaO_B202_5ddda3,PUR_IED_MagdalenaO_B202_5ddda3,,,,,
2026-09-12T20:26:11-05:00,PUR_IED_MagdalenaO_B205_fb76e8,PUR_IED_MagdalenaO_B205_fb76e8,,,,,
2026-09-12T20:26:11-05:00,PUR_IED_MagdalenaO_ext_dc69cd,PUR_IED_MagdalenaO_ext_dc69cd,,,,,
2026-09-12T20:26:11-05:00,PUR_IED_ManueCepeda_artes_eee956,PUR_IED_ManueCepeda_artes_eee956,,,,,
2026-09-12T20:26:11-05:00,PUR_IED_ManuelCepeda_Ext_58313,PUR_IED_ManuelCepeda_Ext_58313,,,,,
2026-09-12T20:26:11-05:00,PUR_IED_ManuelCepeda_tec_1c5731,PUR_IED_ManuelCepeda_tec_1c5731,,,,,
2026-09-12T20:26:11-05:00,PUR_IED_ManuelS_Exterior_5b269,PUR_IED_ManuelS_Exterior_5b269,,,,,
2026-09-12T20:26:11-05:00,PUR_IED_ManuelS_Inform_f369ce,PUR_IED_ManuelS_Inform_f369ce,,,,,
2026-09-12T20:26:11-05:00,PUR_IED_ManuelS_SArtes_7d15f1,PUR_IED_ManuelS_SArtes_7d15f1,,,,,
2026-09-12T20:26:11-05:00,PUR_IED_ManuelZapata_303_3ca6,PUR_IED_ManuelZapata_303_3ca6,,,,,
2026-09-12T20:26:11-05:00,PUR_IED_ManuelZapata_311_bfbabc,PUR_IED_ManuelZapata_311_bfbabc,,,,,
2026-09-12T20:26:11-05:00,PUR_IED_ManuelZapata_Ext_50824a,PUR_IED_ManuelZapata_Ext_50824a,,,,,
2026-09-12T20:26:11-05:00,PUR_IED_ManuelitaS_Exteri_656a92,PUR_IED_ManuelitaS_Exteri_656a92,,,,,
2026-09-12T20:26:11-05:00,PUR_IED_ManuelitaS_JuzgDe_f58ec3,PUR_IED_ManuelitaS_JuzgDe_f58ec3,,,,,
2026-09-12T20:26:11-05:00,PUR_IED_ManuelitaS_Recrea_d793db,PUR_IED_ManuelitaS_Recrea_d793db,,,,,
2026-09-12T20:26:11-05:00,PUR_IED_MarFidSuarez_Ext_c27b19,PUR_IED_MarFidSuarez_Ext_c27b19,,,,,
2026-09-12T20:26:11-05:00,PUR_IED_MarFidSuarez_Info_e384d7,PUR_IED_MarFidSuarez_Info_e384d7,,,,,
2026-09-12T20:26:11-05:00,PUR_IED_MarFidSuarez_S306_1d0032,PUR_IED_MarFidSuarez_S306_1d0032,,,,,
2026-09-12T20:26:11-05:00,PUR_IED_Menorah_301_2a25a3,PUR_IED_Menorah_301_2a25a3,,,,,
2026-09-12T20:26:11-05:00,PUR_IED_Menorah_306_37ed3,PUR_IED_Menorah_306_37ed3,,,,,
2026-09-12T20:26:11-05:00,PUR_IED_Menorah_Ext_3e155b,PUR_IED_Menorah_Ext_3e155b,,,,,
2026-09-12T20:26:11-05:00,PUR_IED_MinutoB.Aires_A11_1b1604,PUR_IED_MinutoB.Aires_A11_1b1604,,,,,
2026-09-12T20:26:11-05:00,PUR_IED_MinutoB.Aires_A12_fb5860,PUR_IED_MinutoB.Aires_A12_fb5860,,,,,
2026-09-12T20:26:11-05:00,PUR_IED_MinutoB.Aires_Ext_81293f,PUR_IED_MinutoB.Aires_Ext_81293f,,,,,
2026-09-12T20:26:11-05:00,PUR_IED_MinutoBAires_A11_1b1604,PUR_IED_MinutoBAires_A11_1b1604,,,,,
2026-09-12T20:26:11-05:00,PUR_IED_MinutoBAires_A12_fb5860,PUR_IED_MinutoBAires_A12_fb5860,,,,,
2026-09-12T20:26:11-05:00,PUR_IED_MinutoBAires_Ext_81293f,PUR_IED_MinutoBAires_Ext_81293f,,,,,
2026-09-12T20:26:11-05:00,PUR_IED_Montreal_Aula10_1e4959,PUR_IED_Montreal_Aula10_1e4959,,,,,
2026-09-12T20:26:11-05:00,PUR_IED_Montreal_Aula6_300367,PUR_IED_Montreal_Aula6_300367,,,,,
2026-09-12T20:26:11-05:00,PUR_IED_Montreal_Exterior_91a179,PUR_IED_Montreal_Exterior_91a179,,,,,
2026-09-12T20:26:11-05:00,PUR_IED_Mqgdalena_B202_5ddda3,PUR_IED_Mqgdalena_B202_5ddda3,,,,,
2026-09-12T20:26:11-05:00,PUR_IED_NACUND_Soc_dc8728,PUR_IED_NACUND_Soc_dc8728,,,,,
2026-09-12T20:26:11-05:00,PUR_IED_NACUND_ext_27ad97,PUR_IED_NACUND_ext_27ad97,,,,,
2026-09-12T20:26:11-05:00,PUR_IED_NEsperanza_Ext_d24b61,PUR_IED_NEsperanza_Ext_d24b61,,,,,
2026-09-12T20:26:11-05:00,PUR_IED_NEsperanza_SElect_7d1807,PUR_IED_NEsperanza_SElect_7d1807,,,,,
2026-09-12T20:26:11-05:00,PUR_IED_NEsperanza_SLabor_8b2d0a,PUR_IED_NEsperanza_SLabor_8b2d0a,,,,,
2026-09-12T20:26:11-05:00,PUR_IED_NacionesU_Ext_f661a9,PUR_IED_NacionesU_Ext_f661a9,,,,,
2026-09-12T20:26:11-05:00,PUR_IED_NacionesU_Quimica_66f0a,PUR_IED_NacionesU_Quimica_66f0a,,,,,
2026-09-12T20:26:11-05:00,PUR_IED_NacionesU_S306_1b4b3d,PUR_IED_NacionesU_S306_1b4b3d,,,,,
2026-09-12T20:26:11-05:00,PUR_IED_NestorFA_Ext_e4201c,PUR_IED_NestorFA_Ext_e4201c,,,,,
2026-09-12T20:26:11-05:00,PUR_IED_NestorFA_Laborato_f22fe0,PUR_IED_NestorFA_Laborato_f22fe0,,,,,
2026-09-12T20:26:11-05:00,PUR_IED_NestorFA_S204_dee996,PUR_IED_NestorFA_S204_dee996,,,,,
2026-09-12T20:26:11-05:00,PUR_IED_NidyaQT_Aula03_76999b,PUR_IED_NidyaQT_Aula03_76999b,,,,,
2026-09-12T20:26:11-05:00,PUR_IED_NidyaQT_Aula10_56325,PUR_IED_NidyaQT_Aula10_56325,,,,,
2026-09-12T20:26:11-05:00,PUR_IED_NidyaQT_Ext_46e32d,PUR_IED_NidyaQT_Ext_46e32d,,,,,
2026-09-12T20:26:11-05:00,PUR_IED_NuevaCol_Exterior_d9b859,PUR_IED_NuevaCol_Exterior_d9b859,,,,,
2026-09-12T20:26:11-05:00,PUR_IED_NuevaCol_S1101_76c43b,PUR_IED_NuevaCol_S1101_76c43b,,,,,
2026-09-12T20:26:11-05:00,PUR_IED_NuevaCol_S1102_1ce0b5,PUR_IED_NuevaCol_S1102_1ce0b5,,,,,
2026-09-12T20:26:11-05:00,PUR_IED_OEA_A202_f7e3f2,PUR_IED_OEA_A202_f7e3f2,,,,,
2026-09-12T20:26:11-05:00,PUR_IED_OEA_A203_7d1b8d,PUR_IED_OEA_A203_7d1b8d,,,,,
2026-09-12T20:26:11-05:00,PUR_IED_OEA_Ext_27b593,PUR_IED_OEA_Ext_27b593,,,,,
2026-09-12T20:26:11-05:00,PUR_IED_Ochoa_Ext_1c29da,PUR_IED_Ochoa_Ext_1c29da,,,,,
2026-09-12T20:26:11-05:00,PUR_IED_Ochoa_S205_8b1121,PUR_IED_Ochoa_S205_8b1121,,,,,
2026-09-12T20:26:11-05:00,PUR_IED_Ochoa_Sistemas_f33af6,PUR_IED_Ochoa_Sistemas_f33af6,,,,,
2026-09-12T20:26:11-05:00,PUR_IED_PQuebec_Ext_1c67c7,PUR_IED_PQuebec_Ext_1c67c7,,,,,
2026-09-12T20:26:11-05:00,PUR_IED_PQuebec_S15_23e8e2,PUR_IED_PQuebec_S15_23e8e2,,,,,
2026-09-12T20:26:11-05:00,PUR_IED_PQuebec_S16_8ec76b,PUR_IED_PQuebec_S16_8ec76b,,,,,
2026-09-12T20:26:11-05:00,PUR_IED_PabloN_Ext_49dc96,PUR_IED_PabloN_Ext_49dc96,,,,,
2026-09-12T20:26:11-05:00,PUR_IED_PabloN_S1102_4e3df5,PUR_IED_PabloN_S1102_4e3df5,,,,,
2026-09-12T20:26:11-05:00,PUR_IED_PabloN_S1103_50c94b,PUR_IED_PabloN_S1103_50c94b,,,,,
2026-09-12T20:26:11-05:00,PUR_IED_Palestina_S1101_db9198,PUR_IED_Palestina_S1101_db9198,,,,,
2026-09-12T20:26:11-05:00,PUR_IED_Palestina_S1102_dc54fa,PUR_IED_Palestina_S1102_dc54fa,,,,,
2026-09-12T20:26:11-05:00,PUR_IED_Palestina_ext_4ccce6,PUR_IED_Palestina_ext_4ccce6,,,,,
2026-09-12T20:26:11-05:00,PUR_IED_Panama_Fisica_4d0794,PUR_IED_Panama_Fisica_4d0794,,,,,
2026-09-12T20:26:11-05:00,PUR_IED_Panama_SIngles_a4077e,PUR_IED_Panama_SIngles_a4077e,,,,,
2026-09-12T20:26:11-05:00,PUR_IED_Panama_ext_4c54b4,PUR_IED_Panama_ext_4c54b4,,,,,
2026-09-12T20:26:11-05:00,PUR_IED_ParaisoM_Exterior_8cd7f0,PUR_IED_ParaisoM_Exterior_8cd7f0,,,,,
2026-09-12T20:26:11-05:00,PUR_IED_ParaisoM_Laborato_27af35,PUR_IED_ParaisoM_Laborato_27af35,,,,,
2026-09-12T20:26:11-05:00,PUR_IED_ParaisoM_S304_d1edca,PUR_IED_ParaisoM_S304_d1edca,,,,,
2026-09-12T20:26:11-05:00,PUR_IED_PorfirioBarba_Ext_301466,PUR_IED_PorfirioBarba_Ext_301466,,,,,
2026-09-12T20:26:11-05:00,PUR_IED_PorfirioBarba_S11_df6cd2,PUR_IED_PorfirioBarba_S11_df6cd2,,,,,
2026-09-12T20:26:11-05:00,PUR_IED_PorfirioBarba_S29_27a7d6,PUR_IED_PorfirioBarba_S29_27a7d6,,,,,
2026-09-12T20:26:11-05:00,PUR_IED_PradoV_Exter_8b27ad,PUR_IED_PradoV_Exter_8b27ad,,,,,
2026-09-12T20:26:11-05:00,PUR_IED_PradoV_S301_de65b5,PUR_IED_PradoV_S301_de65b5,,,,,
2026-09-12T20:26:11-05:00,PUR_IED_PradoV_S302_7d2593,PUR_IED_PradoV_S302_7d2593,,,,,
2026-09-12T20:26:11-05:00,PUR_IED_QuirogaAlz_Ext_1ddc82,PUR_IED_QuirogaAlz_Ext_1ddc82,,,,,
2026-09-12T20:26:11-05:00,PUR_IED_QuirogaAlz_S302_9926a3,PUR_IED_QuirogaAlz_S302_9926a3,,,,,
2026-09-12T20:26:11-05:00,PUR_IED_QuirogaAlz_S305_cdf1f1,PUR_IED_QuirogaAlz_S305_cdf1f1,,,,,
2026-09-12T20:26:11-05:00,PUR_IED_RGuatemala_Biling_dc53b7,PUR_IED_RGuatemala_Biling_dc53b7,,,,,
2026-09-12T20:26:11-05:00,PUR_IED_RGuatemala_Ext_1b89a3,PUR_IED_RGuatemala_Ext_1b89a3,,,,,
2026-09-12T20:26:11-05:00,PUR_IED_RGuatemala_Tecnol_281a34,PUR_IED_RGuatemala_Tecnol_281a34,,,,,
2026-09-12T20:26:11-05:00,PUR_IED_RafaNu_Ext_f7c302,PUR_IED_RafaNu_Ext_f7c302,,,,,
2026-09-12T20:26:11-05:00,PUR_IED_RafaNu_S1101_25fde,PUR_IED_RafaNu_S1101_25fde,,,,,
2026-09-12T20:26:11-05:00,PUR_IED_RafaNu_S1102_281517,PUR_IED_RafaNu_S1102_281517,,,,,
2026-09-12T20:26:11-05:00,PUR_IED_RafaelB_S305_ee2783,PUR_IED_RafaelB_S305_ee2783,,,,,
2026-09-12T20:26:11-05:00,PUR_IED_RafaelB_S306_75fe33,PUR_IED_RafaelB_S306_75fe33,,,,,
2026-09-12T20:26:11-05:00,PUR_IED_RafaelB_ext_283336,PUR_IED_RafaelB_ext_283336,,,,,
2026-09-12T20:26:11-05:00,PUR_IED_RafaelUU_Exterior_281a51,PUR_IED_RafaelUU_Exterior_281a51,,,,,
2026-09-12T20:26:11-05:00,PUR_IED_RafaelUU_Human_806b2,PUR_IED_RafaelUU_Human_806b2,,,,,
2026-09-12T20:26:11-05:00,PUR_IED_RafaelUU_Mate2_5680d4,PUR_IED_RafaelUU_Mate2_5680d4,,,,,
2026-09-12T20:26:11-05:00,PUR_IED_RamonSub_Ext_f9eeb9,PUR_IED_RamonSub_Ext_f9eeb9,,,,,
2026-09-12T20:26:11-05:00,PUR_IED_RamonSub_Media_d1f62f,PUR_IED_RamonSub_Media_d1f62f,,,,,
2026-09-12T20:26:11-05:00,PUR_IED_RamonSub_planta_51b82,PUR_IED_RamonSub_planta_51b82,,,,,
2026-09-12T20:26:11-05:00,PUR_IED_RepBoliVene_Exter_27af7c,PUR_IED_RepBoliVene_Exter_27af7c,,,,,
2026-09-12T20:26:11-05:00,PUR_IED_RepBoliVene_SCPT_5ae2ee,PUR_IED_RepBoliVene_SCPT_5ae2ee,,,,,
2026-09-12T20:26:11-05:00,PUR_IED_RepBoliVene_Socia_4b11d5,PUR_IED_RepBoliVene_Socia_4b11d5,,,,,
2026-09-12T20:26:11-05:00,PUR_IED_RepChina_Ext_76d9ee,PUR_IED_RepChina_Ext_76d9ee,,,,,
2026-09-12T20:26:11-05:00,PUR_IED_RepChina_S404_7c804c,PUR_IED_RepChina_S404_7c804c,,,,,
2026-09-12T20:26:11-05:00,PUR_IED_RepChina_S405_df2c33,PUR_IED_RepChina_S405_df2c33,,,,,
2026-09-12T20:26:11-05:00,PUR_IED_RepublicaC_Exteri_7d1ec9,PUR_IED_RepublicaC_Exteri_7d1ec9,,,,,
2026-09-12T20:26:11-05:00,PUR_IED_RepublicaC_S1101_f544b3,PUR_IED_RepublicaC_S1101_f544b3,,,,,
2026-09-12T20:26:11-05:00,PUR_IED_RepublicaC_S1102_7aafc7,PUR_IED_RepublicaC_S1102_7aafc7,,,,,
2026-09-12T20:26:11-05:00,PUR_IED_Ricaurte_Externo_a0ea1,PUR_IED_Ricaurte_Externo_a0ea1,,,,,
2026-09-12T20:26:11-05:00,PUR_IED_Ricaurte_S210_f546fd,PUR_IED_Ricaurte_S210_f546fd,,,,,
2026-09-12T20:26:11-05:00,PUR_IED_Ricaurte_S309_d4452,PUR_IED_Ricaurte_S309_d4452,,,,,
2026-09-12T20:26:11-05:00,PUR_IED_RogelioS_1102_531e69,PUR_IED_RogelioS_1102_531e69,,,,,
2026-09-12T20:26:11-05:00,PUR_IED_RogelioS_Ext_f25a18,PUR_IED_RogelioS_Ext_f25a18,,,,,
2026-09-12T20:26:11-05:00,PUR_IED_SBernardino_Ext_27aff8,PUR_IED_SBernardino_Ext_27aff8,,,,,
2026-09-12T20:26:11-05:00,PUR_IED_SBernardino_SArte_2ffd33,PUR_IED_SBernardino_SArte_2ffd33,,,,,
2026-09-12T20:26:11-05:00,PUR_IED_SBernardino_SIngl_7c7da5,PUR_IED_SBernardino_SIngl_7c7da5,,,,,
2026-09-12T20:26:11-05:00,PUR_IED_Sago_auditorio_dc9d1d,PUR_IED_Sago_auditorio_dc9d1d,,,,,
2026-09-12T20:26:11-05:00,PUR_IED_Saludcoop_Ext_95aac3,PUR_IED_Saludcoop_Ext_95aac3,,,,,
2026-09-12T20:26:11-05:00,PUR_IED_Saludcoop_InfI_90c854,PUR_IED_Saludcoop_InfI_90c854,,,,,
2026-09-12T20:26:11-05:00,PUR_IED_Saludcoop_SMedia_1b93be,PUR_IED_Saludcoop_SMedia_1b93be,,,,,
2026-09-12T20:26:11-05:00,PUR_IED_SanCarlos_1101_1a2360,PUR_IED_SanCarlos_1101_1a2360,,,,,
2026-09-12T20:26:11-05:00,PUR_IED_SanCarlos_1103_7bafb5,PUR_IED_SanCarlos_1103_7bafb5,,,,,
2026-09-12T20:26:11-05:00,PUR_IED_SanCarlos_Ext_b7cd1,PUR_IED_SanCarlos_Ext_b7cd1,,,,,
2026-09-12T20:26:11-05:00,PUR_IED_SanIgnacioBosa11a_50c26e,PUR_IED_SanIgnacioBosa11a_50c26e,,,,,
2026-09-12T20:26:11-05:00,PUR_IED_SanIgnacioBosa11b_371de8,PUR_IED_SanIgnacioBosa11b_371de8,,,,,
2026-09-12T20:26:11-05:00,PUR_IED_SanIgnacioBosaExt_ef0ffc,PUR_IED_SanIgnacioBosaExt_ef0ffc,,,,,
2026-09-12T20:26:11-05:00,PUR_IED_SanIgnacioBosa_11a_50c26e,PUR_IED_SanIgnacioBosa_11a_50c26e,,,,,
2026-09-12T20:26:11-05:00,PUR_IED_SanIgnacioBosa_Ext_ef0ffc,PUR_IED_SanIgnacioBosa_Ext_ef0ffc,,,,,
2026-09-12T20:26:11-05:00,PUR_IED_SanJoseN_intS1101_31c47f,PUR_IED_SanJoseN_intS1101_31c47f,,,,,
2026-09-12T20:26:11-05:00,PUR_IED_SanJoseUsm_Exter_f5d7e8,PUR_IED_SanJoseUsm_Exter_f5d7e8,,,,,
2026-09-12T20:26:11-05:00,PUR_IED_SanJoseUsm_Int11A_cfdef6,PUR_IED_SanJoseUsm_Int11A_cfdef6,,,,,
2026-09-12T20:26:11-05:00,PUR_IED_SilveriaR_IntB5_905349,PUR_IED_SilveriaR_IntB5_905349,,,,,
2026-09-12T20:26:11-05:00,PUR_IED_SilveriaR_IntSD14_981f93,PUR_IED_SilveriaR_IntSD14_981f93,,,,,
2026-09-12T20:26:11-05:00,PUR_IED_SilveriaR_ext_2b651d,PUR_IED_SilveriaR_ext_2b651d,,,,,
2026-09-12T20:26:11-05:00,PUR_IED_SimonB_Exterior_913975,PUR_IED_SimonB_Exterior_913975,,,,,
2026-09-12T20:26:11-05:00,PUR_IED_SimonB_LabQuimi_c56908,PUR_IED_SimonB_LabQuimi_c56908,,,,,
2026-09-12T20:26:11-05:00,PUR_IED_SimonB_informatic_a28c1,PUR_IED_SimonB_informatic_a28c1,,,,,
2026-09-12T20:26:11-05:00,PUR_IED_Sorrento_1102_315f50,PUR_IED_Sorrento_1102_315f50,,,,,
2026-09-12T20:26:11-05:00,PUR_IED_Sorrento_Minte_214eab,PUR_IED_Sorrento_Minte_214eab,,,,,
2026-09-12T20:26:11-05:00,PUR_IED_Sorrento_ext_7c3a0a,PUR_IED_Sorrento_ext_7c3a0a,,,,,
2026-09-12T20:26:11-05:00,PUR_IED_Tabora_Ext_f048ae,PUR_IED_Tabora_Ext_f048ae,,,,,
2026-09-12T20:26:11-05:00,PUR_IED_Tabora_S1102_b07752,PUR_IED_Tabora_S1102_b07752,,,,,
2026-09-12T20:26:11-05:00,PUR_IED_Tabora_S1103_d988f5,PUR_IED_Tabora_S1103_d988f5,,,,,
2026-09-12T20:26:11-05:00,PUR_IED_Tenerife_Ext_1ab188,PUR_IED_Tenerife_Ext_1ab188,,,,,
2026-09-12T20:26:11-05:00,PUR_IED_Tenerife_SDanzas_7bc02e,PUR_IED_Tenerife_SDanzas_7bc02e,,,,,
2026-09-12T20:26:11-05:00,PUR_IED_Tenerife_SIngles_7cc277,PUR_IED_Tenerife_SIngles_7cc277,,,,,
2026-09-12T20:26:11-05:00,PUR_IED_Tibabuyes_Exter_f2683d,PUR_IED_Tibabuyes_Exter_f2683d,,,,,
2026-09-12T20:26:11-05:00,PUR_IED_Tibabuyes_S10_dc87a8,PUR_IED_Tibabuyes_S10_dc87a8,,,,,
2026-09-12T20:26:11-05:00,PUR_IED_Tibabuyes_S15_dc0526,PUR_IED_Tibabuyes_S15_dc0526,,,,,
2026-09-12T20:26:11-05:00,PUR_IED_UnionE_S301_a1043,PUR_IED_UnionE_S301_a1043,,,,,
2026-09-12T20:26:11-05:00,PUR_IED_UnionE_S307_ff6c2f,PUR_IED_UnionE_S307_ff6c2f,,,,,
2026-09-12T20:26:11-05:00,PUR_IED_UnionE__Ext_5e2468,PUR_IED_UnionE__Ext_5e2468,,,,,
2026-09-12T20:26:11-05:00,PUR_IED_VillaRica_Ext_75be7c,PUR_IED_VillaRica_Ext_75be7c,,,,,
2026-09-12T20:26:11-05:00,PUR_IED_VillaRica_S4_cc5dcd,PUR_IED_VillaRica_S4_cc5dcd,,,,,
2026-09-12T20:26:11-05:00,PUR_IED_VillaRica_Sesp_99f5c,PUR_IED_VillaRica_Sesp_99f5c,,,,,
2026-09-12T20:31:09-05:00,PUR_IED_20deJulio_1101_91b1b9,PUR_IED_20deJulio_1101_91b1b9,,,,,
2026-09-12T20:31:09-05:00,PUR_IED_20deJulio_1102_1cfcf9,PUR_IED_20deJulio_1102_1cfcf9,,,,,
2026-09-12T20:31:09-05:00,PUR_IED_20deJulio_Ext_ab60bd,PUR_IED_20deJulio_Ext_ab60bd,,,,,
2026-09-12T20:31:09-05:00,PUR_IED_AgustinFer_Ext_7b9b77,PUR_IED_AgustinFer_Ext_7b9b77,,,,,
2026-09-12T20:31:09-05:00,PUR_IED_AgustinFer_Info2_27b3a7,PUR_IED_AgustinFer_Info2_27b3a7,,,,,
2026-09-12T20:31:09-05:00,PUR_IED_AgustinFer_Sena_54b4eb,PUR_IED_AgustinFer_Sena_54b4eb,,,,,
2026-09-12T20:31:09-05:00,PUR_IED_AlexanderF_1102_caf07b,PUR_IED_AlexanderF_1102_caf07b,,,,,
2026-09-12T20:31:09-05:00,PUR_IED_AlexanderF_1103_c79e71,PUR_IED_AlexanderF_1103_c79e71,,,,,
2026-09-12T20:31:09-05:00,PUR_IED_AlexanderF_Ext_c5b18b,PUR_IED_AlexanderF_Ext_c5b18b,,,,,
2026-09-12T20:31:09-05:00,PUR_IED_AlfonsoLopez_Ext_281d77,PUR_IED_AlfonsoLopez_Ext_281d77,,,,,
2026-09-12T20:31:09-05:00,PUR_IED_AlfonsoLopez_LabF_888ce0,PUR_IED_AlfonsoLopez_LabF_888ce0,,,,,
2026-09-12T20:31:09-05:00,PUR_IED_AlfonsoLopez_SMed_df6a7f,PUR_IED_AlfonsoLopez_SMed_df6a7f,,,,,
2026-09-12T20:31:09-05:00,PUR_IED_AltamiraSO_A2_209f92,PUR_IED_AltamiraSO_A2_209f92,,,,,
2026-09-12T20:31:09-05:00,PUR_IED_AltamiraSO_Ext_186d66,PUR_IED_AltamiraSO_Ext_186d66,,,,,
2026-09-12T20:31:09-05:00,PUR_IED_AltamiraSO_Sistem_27afe1,PUR_IED_AltamiraSO_Sistem_27afe1,,,,,
2026-09-12T20:31:09-05:00,PUR_IED_AlvaroGom_LabQuim_813179,PUR_IED_AlvaroGom_LabQuim_813179,,,,,
2026-09-12T20:31:09-05:00,PUR_IED_AlvaroGomez_Ext_47c7ca,PUR_IED_AlvaroGomez_Ext_47c7ca,,,,,
2026-09-12T20:31:09-05:00,PUR_IED_AlvaroGomez_LabQuim_813179,PUR_IED_AlvaroGomez_LabQuim_813179,,,,,
2026-09-12T20:31:09-05:00,PUR_IED_AlvaroGomez_S23_7ba89f,PUR_IED_AlvaroGomez_S23_7ba89f,,,,,
2026-09-12T20:31:09-05:00,PUR_IED_Amistad_306_dc8728,PUR_IED_Amistad_306_dc8728,,,,,
2026-09-12T20:31:09-05:00,PUR_IED_Amistad_Ext_8cd55e,PUR_IED_Amistad_Ext_8cd55e,,,,,
2026-09-12T20:31:09-05:00,PUR_IED_Amistad_S202_a41169,PUR_IED_Amistad_S202_a41169,,,,,
2026-09-12T20:31:09-05:00,PUR_IED_AndresBello_Bio_fd5f5e,PUR_IED_AndresBello_Bio_fd5f5e,,,,,
2026-09-12T20:31:09-05:00,PUR_IED_AndresBello_ext_dcad65,PUR_IED_AndresBello_ext_dcad65,,,,,
2026-09-12T20:31:09-05:00,PUR_IED_AndresBello_port_eed3ec,PUR_IED_AndresBello_port_eed3ec,,,,,
2026-09-12T20:31:09-05:00,PUR_IED_AngelaR_11b_d90a6b,PUR_IED_AngelaR_11b_d90a6b,,,,,
2026-09-12T20:31:09-05:00,PUR_IED_AngelaR_ext_7cad3e,PUR_IED_AngelaR_ext_7cad3e,4,19,62,4.5825,-74.164497
2026-09-12T20:31:09-05:00,PUR_IED_AntJoseSucre_10mo_df2575,PUR_IED_AntJoseSucre_10mo_df2575,,,,,
2026-09-12T20:31:09-05:00,PUR_IED_AntJoseSucre_Ext_215b36,PUR_IED_AntJoseSucre_Ext_215b36,,,,,
2026-09-12T20:31:09-05:00,PUR_IED_AntJoseSucre_Lab_3139de,PUR_IED_AntJoseSucre_Lab_3139de,,,,,
2026-09-12T20:31:09-05:00,PUR_IED_AntonioGarcia_301_d6b188,PUR_IED_AntonioGarcia_301_d6b188,,,,,
2026-09-12T20:31:09-05:00,PUR_IED_AntonioGarcia_302_88a82,PUR_IED_AntonioGarcia_302_88a82,,,,,
2026-09-12T20:31:09-05:00,PUR_IED_AntonioGarcia_Ext_20950c,PUR_IED_AntonioGarcia_Ext_20950c,,,,,
2026-09-12T20:31:09-05:00,PUR_IED_AntonioVan_Aula2_6dea02,PUR_IED_AntonioVan_Aula2_6dea02,,,,,
2026-09-12T20:31:09-05:00,PUR_IED_AntonioVan_Aula5_f1557e,PUR_IED_AntonioVan_Aula5_f1557e,,,,,
2026-09-12T20:31:09-05:00,PUR_IED_AntonioVan_Ext_406f2f,PUR_IED_AntonioVan_Ext_406f2f,,,,,
2026-09-12T20:31:09-05:00,PUR_IED_Atabanzha_Ext_cc5af9,PUR_IED_Atabanzha_Ext_cc5af9,,,,,
2026-09-12T20:31:09-05:00,PUR_IED_Atabanzha_SA101_56c37,PUR_IED_Atabanzha_SA101_56c37,,,,,
2026-09-12T20:31:09-05:00,PUR_IED_Atabanzha_SB302_27b374,PUR_IED_Atabanzha_SB302_27b374,,,,,
2026-09-12T20:31:09-05:00,PUR_IED_Atahualpa_Ext_fc1748,PUR_IED_Atahualpa_Ext_fc1748,,,,,
2026-09-12T20:31:09-05:00,PUR_IED_Atahualpa_Informa_dc9a95,PUR_IED_Atahualpa_Informa_dc9a95,,,,,
2026-09-12T20:31:09-05:00,PUR_IED_Atahualpa_S1101_f98056,PUR_IED_Atahualpa_S1101_f98056,,,,,
2026-09-12T20:31:09-05:00,PUR_IED_Bellavista_Ext_f5aa74,PUR_IED_Bellavista_Ext_f5aa74,,,,,
2026-09-12T20:31:09-05:00,PUR_IED_Bilbao_11A_916c41,PUR_IED_Bilbao_11A_916c41,,,,,
2026-09-12T20:31:09-05:00,PUR_IED_Bilbao_Ext_fb579a,PUR_IED_Bilbao_Ext_fb579a,,,,,
2026-09-12T20:31:09-05:00,PUR_IED_BrasiliaU_A125_304280,PUR_IED_BrasiliaU_A125_304280,,,,,
2026-09-12T20:31:09-05:00,PUR_IED_BrasiliaU_A203_7c8ca5,PUR_IED_BrasiliaU_A203_7c8ca5,,,,,
2026-09-12T20:31:09-05:00,PUR_IED_BrasiliaU_Ext_8d6e9f,PUR_IED_BrasiliaU_Ext_8d6e9f,6,17,64,4.5175,-74.116302
2026-09-12T20:31:09-05:00,PUR_IED_Brasilia_Ext_fe6593,PUR_IED_Brasilia_Ext_fe6593,,,,,
2026-09-12T20:31:09-05:00,PUR_IED_Brasilia_S24_7c130d,PUR_IED_Brasilia_S24_7c130d,,,,,
2026-09-12T20:31:09-05:00,PUR_IED_Brasilia_S501_186a54,PUR_IED_Brasilia_S501_186a54,,,,,
2026-09-12T20:31:09-05:00,PUR_IED_CHARRY_EXT_f1d5cd,PUR_IED_CHARRY_EXT_f1d5cd,,,,,
2026-09-12T20:31:09-05:00,PUR_IED_CHARRY_INTDANZAS_7a08e6,PUR_IED_CHARRY_INTDANZAS_7a08e6,,,,,
2026-09-12T20:31:09-05:00,PUR_IED_CHARRY_INT_AULA20_dc998d,PUR_IED_CHARRY_INT_AULA20_dc998d,,,,,
2026-09-12T20:31:09-05:00,PUR_IED_COLVIV_1101_S25_7f520a,PUR_IED_COLVIV_1101_S25_7f520a,,,,,
2026-09-12T20:31:09-05:00,PUR_IED_COLVIV_1102_S16_f570ba,PUR_IED_COLVIV_1102_S16_f570ba,,,,,
2026-09-12T20:31:09-05:00,PUR_IED_COLVIV_Ext_1a26fa,PUR_IED_COLVIV_Ext_1a26fa,,,,,
2026-09-12T20:31:09-05:00,PUR_IED_CULPOP_301A_f660f3,PUR_IED_CULPOP_301A_f660f3,,,,,
2026-09-12T20:31:09-05:00,PUR_IED_CULPOP_303_568afe,PUR_IED_CULPOP_303_568afe,,,,,
2026-09-12T20:31:09-05:00,PUR_IED_CULPOP_Ext_e02ccb,PUR_IED_CULPOP_Ext_e02ccb,,,,,
2026-09-12T20:31:09-05:00,PUR_IED_CVillavicen_Ext_26eb58,PUR_IED_CVillavicen_Ext_26eb58,3,15,77,4.487,-74.102798
2026-09-12T20:31:09-05:00,PUR_IED_CVillavicen_Intel_1ce5c2,PUR_IED_CVillavicen_Intel_1ce5c2,,,,,
2026-09-12T20:31:09-05:00,PUR_IED_CVillavicen_Poliv_e0766c,PUR_IED_CVillavicen_Poliv_e0766c,,,,,
2026-09-12T20:31:09-05:00,PUR_IED_CVillavicen_int_1ba140,PUR_IED_CVillavicen_int_1ba140,,,,,
2026-09-12T20:31:09-05:00,PUR_IED_CVillavicen_intel_1ba140,PUR_IED_CVillavicen_intel_1ba140,,,,,
2026-09-12T20:31:09-05:00,PUR_IED_CarlosPizarro_Ext_e307cc,PUR_IED_CarlosPizarro_Ext_e307cc,,,,,
2026-09-12T20:31:09-05:00,PUR_IED_CarlosPizarro_L36_7e5cdb,PUR_IED_CarlosPizarro_L36_7e5cdb,,,,,
2026-09-12T20:31:09-05:00,PUR_IED_CarlosPizarro_L37_c8566c,PUR_IED_CarlosPizarro_L37_c8566c,,,,,
2026-09-12T20:31:09-05:00,PUR_IED_Castilla_Ext_cf35f,PUR_IED_Castilla_Ext_cf35f,,,,,
2026-09-12T20:31:09-05:00,PUR_IED_Castilla_SFisik_360e38,PUR_IED_Castilla_SFisik_360e38,,,,,
2026-09-12T20:31:09-05:00,PUR_IED_Castilla_Sc304_496fbf,PUR_IED_Castilla_Sc304_496fbf,,,,,
2026-09-12T20:31:09-05:00,PUR_IED_CervantesSa_Ext_6b57b,PUR_IED_CervantesSa_Ext_6b57b,4,18,67,4.5128,-74.117203
2026-09-12T20:31:09-05:00,PUR_IED_CervantesSa_S107_225c2b,PUR_IED_CervantesSa_S107_225c2b,,,,,
2026-09-12T20:31:09-05:00,PUR_IED_CervantesSa_S108_940925,PUR_IED_CervantesSa_S108_940925,,,,,
2026-09-12T20:31:09-05:00,PUR_IED_Charry_A20_f53e7c,PUR_IED_Charry_A20_f53e7c,,,,,
2026-09-12T20:31:09-05:00,PUR_IED_Charry_Ext_f1d5cd,PUR_IED_Charry_Ext_f1d5cd,,,,,
2026-09-12T20:31:09-05:00,PUR_IED_Charry_IntAula20_dc998d,PUR_IED_Charry_IntAula20_dc998d,,,,,
2026-09-12T20:31:09-05:00,PUR_IED_Charry_IntDanzas_7a08e6,PUR_IED_Charry_IntDanzas_7a08e6,,,,,
2026-09-12T20:31:09-05:00,PUR_IED_ClememciaC_203_43e2fc,PUR_IED_ClememciaC_203_43e2fc,,,,,
2026-09-12T20:31:09-05:00,PUR_IED_ClememciaC_Ext_1b411a,PUR_IED_ClememciaC_Ext_1b411a,,,,,
2026-09-12T20:31:09-05:00,PUR_IED_ClememciaC_Quimic_44b5fc,PUR_IED_ClememciaC_Quimic_44b5fc,,,,,
2026-09-12T20:31:09-05:00,PUR_IED_ClemenciaC_203_43e2fc,PUR_IED_ClemenciaC_203_43e2fc,,,,,
2026-09-12T20:31:09-05:00,PUR_IED_ClemenciaC_Ext_1b411a,PUR_IED_ClemenciaC_Ext_1b411a,,,,,
2026-09-12T20:31:09-05:00,PUR_IED_ClemenciaC_Quimic_44b5fc,PUR_IED_ClemenciaC_Quimic_44b5fc,,,,,
2026-09-12T20:31:09-05:00,PUR_IED_ColViva_1101_S25_7f520a,PUR_IED_ColViva_1101_S25_7f520a,,,,,
2026-09-12T20:31:09-05:00,PUR_IED_ColViva_1102_S16_f570ba,PUR_IED_ColViva_1102_S16_f570ba,,,,,
2026-09-12T20:31:09-05:00,PUR_IED_ColViva_Ext_1a26fa,PUR_IED_ColViva_Ext_1a26fa,,,,,
2026-09-12T20:31:09-05:00,PUR_IED_ColegioBici_Asist_7c8798,PUR_IED_ColegioBici_Asist_7c8798,,,,,
2026-09-12T20:31:09-05:00,PUR_IED_ColegioBici_Ext_25cbf6,PUR_IED_ColegioBici_Ext_25cbf6,,,,,
2026-09-12T20:31:09-05:00,PUR_IED_ColegioBici_LabQ_7b57db,PUR_IED_ColegioBici_LabQ_7b57db,,,,,
2026-09-12T20:31:09-05:00,PUR_IED_CostaRica_Ext_5e640,PUR_IED_CostaRica_Ext_5e640,,,,,
2026-09-12T20:31:09-05:00,PUR_IED_CostaRica_Quim1_766d1c,PUR_IED_CostaRica_Quim1_766d1c,,,,,
2026-09-12T20:31:09-05:00,PUR_IED_CostaRica__Fisica_6f0873,PUR_IED_CostaRica__Fisica_6f0873,,,,,
2026-09-12T20:31:09-05:00,PUR_IED_CulPopu_301A_f660f3,PUR_IED_CulPopu_301A_f660f3,,,,,
2026-09-12T20:31:09-05:00,PUR_IED_CulPopu_303_568afe,PUR_IED_CulPopu_303_568afe,,,,,
2026-09-12T20:31:09-05:00,PUR_IED_CulPopu_Ext_e02ccb,PUR_IED_CulPopu_Ext_e02ccb,,,,,
2026-09-12T20:31:09-05:00,PUR_IED_Cundinamarca_Ext_f15985,PUR_IED_Cundinamarca_Ext_f15985,,,,,
2026-09-12T20:31:09-05:00,PUR_IED_Cundinamarca_Info_7aa5d7,PUR_IED_Cundinamarca_Info_7aa5d7,,,,,
2026-09-12T20:31:09-05:00,PUR_IED_Cundinamarca_Tec2_f449c7,PUR_IED_Cundinamarca_Tec2_f449c7,,,,,
2026-09-12T20:31:09-05:00,PUR_IED_DiegoM_Aula1_27b314,PUR_IED_DiegoM_Aula1_27b314,,,,,
2026-09-12T20:31:09-05:00,PUR_IED_DiegoM_Ext_d80ac8,PUR_IED_DiegoM_Ext_d80ac8,,,,,
2026-09-12T20:31:09-05:00,PUR_IED_DiegoM_S25_da928f,PUR_IED_DiegoM_S25_da928f,,,,,
2026-09-12T20:31:09-05:00,PUR_IED_ELRODEO_360881,PUR_IED_ELRODEO_360881,,,,,
2026-09-12T20:31:09-05:00,PUR_IED_ELRODEO_ext_360881,PUR_IED_ELRODEO_ext_360881,,,,,
2026-09-12T20:31:09-05:00,PUR_IED_EduardoU_Ext_1c1969,PUR_IED_EduardoU_Ext_1c1969,,,,,
2026-09-12T20:31:09-05:00,PUR_IED_EduardoU_SCiencia_4dfb94,PUR_IED_EduardoU_SCiencia_4dfb94,,,,,
2026-09-12T20:31:09-05:00,PUR_IED_EduardoU_SQuimica_5a46e7,PUR_IED_EduardoU_SQuimica_5a46e7,,,,,
2026-09-12T20:31:09-05:00,PUR_IED_ElRodeo_Aula14_676984,PUR_IED_ElRodeo_Aula14_676984,,,,,
2026-09-12T20:31:09-05:00,PUR_IED_ElRodeo_Aula16_2dd35b,PUR_IED_ElRodeo_Aula16_2dd35b,,,,,
2026-09-12T20:31:09-05:00,PUR_IED_ElRodeo_Ext_360881,PUR_IED_ElRodeo_Ext_360881,,,,,
2026-09-12T20:31:09-05:00,PUR_IED_ElRodeo_Exterior_8c6d28,PUR_IED_ElRodeo_Exterior_8c6d28,,,,,
2026-09-12T20:31:09-05:00,PUR_IED_ElRodeo_ext_360881,PUR_IED_ElRodeo_ext_360881,,,,,
2026-09-12T20:31:09-05:00,PUR_IED_EmmaReyes_Ext_987625,PUR_IED_EmmaReyes_Ext_987625,5,21,52,4.6367,-74.1511
2026-09-12T20:31:09-05:00,PUR_IED_Ensueño_Ext_7f0250,PUR_IED_Ensueño_Ext_7f0250,,,,,
2026-09-12T20:31:09-05:00,PUR_IED_EscNormal_Ext_5fef3b,PUR_IED_EscNormal_Ext_5fef3b,4,19,60,4.5852,-74.096901
2026-09-12T20:31:09-05:00,PUR_IED_EscNormal_S309_5b263,PUR_IED_EscNormal_S309_5b263,,,,,
2026-09-12T20:31:09-05:00,PUR_IED_EscNormal_S310_27b3b8,PUR_IED_EscNormal_S310_27b3b8,,,,,
2026-09-12T20:31:09-05:00,PUR_IED_Evangelista_Conta_f6cd4f,PUR_IED_Evangelista_Conta_f6cd4f,,,,,
2026-09-12T20:31:09-05:00,PUR_IED_Evangelista_Cri_5e16a,PUR_IED_Evangelista_Cri_5e16a,,,,,
2026-09-12T20:31:09-05:00,PUR_IED_Evangelista_Exter_754066,PUR_IED_Evangelista_Exter_754066,,,,,
2026-09-12T20:31:09-05:00,PUR_IED_FMiranda_S209_5cc2a3,PUR_IED_FMiranda_S209_5cc2a3,,,,,
2026-09-12T20:31:09-05:00,PUR_IED_FMiranda_S303_19e344,PUR_IED_FMiranda_S303_19e344,,,,,
2026-09-12T20:31:09-05:00,PUR_IED_FMiranda_ext_f53e7c,PUR_IED_FMiranda_ext_f53e7c,,,,,
2026-09-12T20:31:09-05:00,PUR_IED_FabioLozano_Bibli_1cee05,PUR_IED_FabioLozano_Bibli_1cee05,,,,,
2026-09-12T20:31:09-05:00,PUR_IED_FabioLozano_Ext_6ea285,PUR_IED_FabioLozano_Ext_6ea285,,,,,
2026-09-12T20:31:09-05:00,PUR_IED_FabioLozano_SLudi_f09e1e,PUR_IED_FabioLozano_SLudi_f09e1e,,,,,
2026-09-12T20:31:09-05:00,PUR_IED_FaustinoS_Aula07_27a731,PUR_IED_FaustinoS_Aula07_27a731,,,,,
2026-09-12T20:31:09-05:00,PUR_IED_FaustinoS_Ext_7b936f,PUR_IED_FaustinoS_Ext_7b936f,,,,,
2026-09-12T20:31:09-05:00,PUR_IED_FaustinoS_Fisica_da2c60,PUR_IED_FaustinoS_Fisica_da2c60,,,,,
2026-09-12T20:31:09-05:00,PUR_IED_FeGarciaLo_Ext_dc68ee,PUR_IED_FeGarciaLo_Ext_dc68ee,,,,,
2026-09-12T20:31:09-05:00,PUR_IED_FeGarciaLo_SDanza_f70a59,PUR_IED_FeGarciaLo_SDanza_f70a59,,,,,
2026-09-12T20:31:09-05:00,PUR_IED_FeGarciaLo_SMusic_125cdd,PUR_IED_FeGarciaLo_SMusic_125cdd,,,,,
2026-09-12T20:31:09-05:00,PUR_IED_FederalAlema_Exte_50c345,PUR_IED_FederalAlema_Exte_50c345,,,,,
2026-09-12T20:31:09-05:00,PUR_IED_FederalAlema_S31_f18371,PUR_IED_FederalAlema_S31_f18371,,,,,
2026-09-12T20:31:09-05:00,PUR_IED_FederalAlema_S901_a62cd,PUR_IED_FederalAlema_S901_a62cd,,,,,
2026-09-12T20:31:09-05:00,PUR_IED_FilarmonicaS_A5_f35eb1,PUR_IED_FilarmonicaS_A5_f35eb1,,,,,
2026-09-12T20:31:09-05:00,PUR_IED_FilarmonicaS_Ext_8a3bde,PUR_IED_FilarmonicaS_Ext_8a3bde,,,,,
2026-09-12T20:31:09-05:00,PUR_IED_FilarmonicaS_Spol_406114,PUR_IED_FilarmonicaS_Spol_406114,,,,,
2026-09-12T20:31:09-05:00,PUR_IED_FlorentinoG_A13_d1fa59,PUR_IED_FlorentinoG_A13_d1fa59,,,,,
2026-09-12T20:31:09-05:00,PUR_IED_FlorentinoG_Ext_1ce6ce,PUR_IED_FlorentinoG_Ext_1ce6ce,,,,,
2026-09-12T20:31:09-05:00,PUR_IED_FlorentinoG_Idiom_a66aac,PUR_IED_FlorentinoG_Idiom_a66aac,,,,,
2026-09-12T20:31:09-05:00,PUR_IED_FranciscoMati_Ext_e3869d,PUR_IED_FranciscoMati_Ext_e3869d,,,,,
2026-09-12T20:31:09-05:00,PUR_IED_FranciscoMati_S13_f31c67,PUR_IED_FranciscoMati_S13_f31c67,,,,,
2026-09-12T20:31:09-05:00,PUR_IED_FranciscoMati_S14_97dead,PUR_IED_FranciscoMati_S14_97dead,,,,,
2026-09-12T20:31:09-05:00,PUR_IED_FranciscoPS_Ext_7bfa9a,PUR_IED_FranciscoPS_Ext_7bfa9a,3,20,60,4.5899,-74.110397
2026-09-12T20:31:09-05:00,PUR_IED_FranciscoPS_Infor_fb8f4c,PUR_IED_FranciscoPS_Infor_fb8f4c,,,,,
2026-09-12T20:31:09-05:00,PUR_IED_FranciscoPS_Quimi_94d39c,PUR_IED_FranciscoPS_Quimi_94d39c,,,,,
2026-09-12T20:31:09-05:00,PUR_IED_FranciscoP_LabQ_d7e148,PUR_IED_FranciscoP_LabQ_d7e148,,,,,
2026-09-12T20:31:09-05:00,PUR_IED_FranciscoP_S28_cf9b30,PUR_IED_FranciscoP_S28_cf9b30,,,,,
2026-09-12T20:31:09-05:00,PUR_IED_FranciscoP_ext_e2313,PUR_IED_FranciscoP_ext_e2313,,,,,
2026-09-12T20:31:09-05:00,PUR_IED_FriederichN_Ext_8ac92a,PUR_IED_FriederichN_Ext_8ac92a,,,,,
2026-09-12T20:31:09-05:00,PUR_IED_FriederichN_S301_dd7e5a,PUR_IED_FriederichN_S301_dd7e5a,,,,,
2026-09-12T20:31:09-05:00,PUR_IED_FriederichN_S308_761f4f,PUR_IED_FriederichN_S308_761f4f,,,,,
2026-09-12T20:31:09-05:00,PUR_IED_GSantander_Aula10_533dd7,PUR_IED_GSantander_Aula10_533dd7,,,,,
2026-09-12T20:31:09-05:00,PUR_IED_GSantander_Aula12_fd4e4f,PUR_IED_GSantander_Aula12_fd4e4f,,,,,
2026-09-12T20:31:09-05:00,PUR_IED_GSantander_Aula310_533dd7,PUR_IED_GSantander_Aula310_533dd7,,,,,
2026-09-12T20:31:09-05:00,PUR_IED_GSantander_Aula312_fd4e4f,PUR_IED_GSantander_Aula312_fd4e4f,,,,,
2026-09-12T20:31:09-05:00,PUR_IED_GSantander_Ext_5f66b0,PUR_IED_GSantander_Ext_5f66b0,,,,,
2026-09-12T20:31:09-05:00,PUR_IED_GYomasa_Ext_f6bea5,PUR_IED_GYomasa_Ext_f6bea5,,,,,
2026-09-12T20:31:09-05:00,PUR_IED_GYomasa_LBiol_2c41aa,PUR_IED_GYomasa_LBiol_2c41aa,,,,,
2026-09-12T20:31:09-05:00,PUR_IED_GYomasa_LQuim_33c80,PUR_IED_GYomasa_LQuim_33c80,,,,,
2026-09-12T20:31:09-05:00,PUR_IED_GabBetMejia_Cienc_5a99c,PUR_IED_GabBetMejia_Cienc_5a99c,,,,,
2026-09-12T20:31:09-05:00,PUR_IED_GabBetMejia_Ext_9153d0,PUR_IED_GabBetMejia_Ext_9153d0,,,,,
2026-09-12T20:31:09-05:00,PUR_IED_GabBetMejia_Lab_f55347,PUR_IED_GabBetMejia_Lab_f55347,,,,,
2026-09-12T20:31:09-05:00,PUR_IED_GabBetanMejia_Ext_9153d0,PUR_IED_GabBetanMejia_Ext_9153d0,,,,,
2026-09-12T20:31:09-05:00,PUR_IED_Gaitana_Aula13_7aac11,PUR_IED_Gaitana_Aula13_7aac11,,,,,
2026-09-12T20:31:09-05:00,PUR_IED_Gaitana_Ext_5fcf4,PUR_IED_Gaitana_Ext_5fcf4,,,,,
2026-09-12T20:31:09-05:00,PUR_IED_Gaitana_LabFisica_644448,PUR_IED_Gaitana_LabFisica_644448,,,,,
2026-09-12T20:31:09-05:00,PUR_IED_GenSantander_Dise_8ac858,PUR_IED_GenSantander_Dise_8ac858,,,,,
2026-09-12T20:31:09-05:00,PUR_IED_GenSantander_Ext_8d5dfe,PUR_IED_GenSantander_Ext_8d5dfe,,,,,
2026-09-12T20:31:09-05:00,PUR_IED_GenSantander_Info_6c25b,PUR_IED_GenSantander_Info_6c25b,,,,,
2026-09-12T20:31:09-05:00,PUR_IED_GustavoMo_Exterio_75e63d,PUR_IED_GustavoMo_Exterio_75e63d,,,,,
2026-09-12T20:31:09-05:00,PUR_IED_GustavoMo_LabFisi_224d37,PUR_IED_GustavoMo_LabFisi_224d37,,,,,
2026-09-12T20:31:09-05:00,PUR_IED_GustavoMo_S208_3e6918,PUR_IED_GustavoMo_S208_3e6918,,,,,
2026-09-12T20:31:09-05:00,PUR_IED_GustavoR_A02_8cd4a8,PUR_IED_GustavoR_A02_8cd4a8,,,,,
2026-09-12T20:31:09-05:00,PUR_IED_GustavoR_B11_5b0ed,PUR_IED_GustavoR_B11_5b0ed,,,,,
2026-09-12T20:31:09-05:00,PUR_IED_GustavoR_Ext_7a0c90,PUR_IED_GustavoR_Ext_7a0c90,,,,,
2026-09-12T20:31:09-05:00,PUR_IED_HernandoDuran_Ext_8cd82b,PUR_IED_HernandoDuran_Ext_8cd82b,,,,,
2026-09-12T20:31:09-05:00,PUR_IED_HernandoDuran_S24_2772c6,PUR_IED_HernandoDuran_S24_2772c6,,,,,
2026-09-12T20:31:09-05:00,PUR_IED_HernandoDuran_S30_f2de41,PUR_IED_HernandoDuran_S30_f2de41,,,,,
2026-09-12T20:31:09-05:00,PUR_IED_HolguInUr_S1101_8cd732,PUR_IED_HolguInUr_S1101_8cd732,,,,,
2026-09-12T20:31:09-05:00,PUR_IED_HolguinUr_Exter_ddae6d,PUR_IED_HolguinUr_Exter_ddae6d,,,,,
2026-09-12T20:31:09-05:00,PUR_IED_HolguinUr_LabQuim_92b952,PUR_IED_HolguinUr_LabQuim_92b952,,,,,
2026-09-12T20:31:09-05:00,PUR_IED_Isabel-II_Ext_5245cc,PUR_IED_Isabel-II_Ext_5245cc,5,20,57,4.6336,-74.153
2026-09-12T20:31:09-05:00,PUR_IED_Isabel-II_S_idiom_1c29aa,PUR_IED_Isabel-II_S_idiom_1c29aa,,,,,
2026-09-12T20:31:09-05:00,PUR_IED_Isabel-II_S_infor_fd741,PUR_IED_Isabel-II_S_infor_fd741,,,,,
2026-09-12T20:31:09-05:00,PUR_IED_IsidroSur_Exterio_5b90ea,PUR_IED_IsidroSur_Exterio_5b90ea,,,,,
2026-09-12T20:31:09-05:00,PUR_IED_IsidroSur_LabTec_56697a,PUR_IED_IsidroSur_LabTec_56697a,,,,,
2026-09-12T20:31:09-05:00,PUR_IED_IsidroSur_Robotic_b7c38f,PUR_IED_IsidroSur_Robotic_b7c38f,,,,,
2026-09-12T20:31:09-05:00,PUR_IED_IsmaelPerd_Ext_7b6672,PUR_IED_IsmaelPerd_Ext_7b6672,,,,,
2026-09-12T20:31:09-05:00,PUR_IED_IsmaelPerd_Inform_306540,PUR_IED_IsmaelPerd_Inform_306540,,,,,
2026-09-12T20:31:09-05:00,PUR_IED_IsmaelPerd_S30_2e2c83,PUR_IED_IsmaelPerd_S30_2e2c83,,,,,
2026-09-12T20:31:09-05:00,PUR_IED_JLozano_Exter_432910,PUR_IED_JLozano_Exter_432910,,,,,
2026-09-12T20:31:09-05:00,PUR_IED_JLozano_salaMulti_df5125,PUR_IED_JLozano_salaMulti_df5125,,,,,
2026-09-12T20:31:09-05:00,PUR_IED_JMCordoba_206_86f80b,PUR_IED_JMCordoba_206_86f80b,,,,,
2026-09-12T20:31:09-05:00,PUR_IED_JMCordoba_Ext_27ad97,PUR_IED_JMCordoba_Ext_27ad97,,,,,
2026-09-12T20:31:09-05:00,PUR_IED_JMCordoba_S310_d59ab4,PUR_IED_JMCordoba_S310_d59ab4,,,,,
2026-09-12T20:31:09-05:00,PUR_IED_Japon_Ext_549100,PUR_IED_Japon_Ext_549100,,,,,
2026-09-12T20:31:09-05:00,PUR_IED_Japon_Laboratorio_bec51d,PUR_IED_Japon_Laboratorio_bec51d,,,,,
2026-09-12T20:31:09-05:00,PUR_IED_Japon_informatica_d99327,PUR_IED_Japon_informatica_d99327,,,,,
2026-09-12T20:31:09-05:00,PUR_IED_Jazmin_Ext_d27bda,PUR_IED_Jazmin_Ext_d27bda,,,,,
2026-09-12T20:31:09-05:00,PUR_IED_Jazmin_Fisica_8d14d7,PUR_IED_Jazmin_Fisica_8d14d7,,,,,
2026-09-12T20:31:09-05:00,PUR_IED_Jazmin_Quimica_801cb5,PUR_IED_Jazmin_Quimica_801cb5,,,,,
2026-09-12T20:31:09-05:00,PUR_IED_JorgeGaitan_Exter_f098d1,PUR_IED_JorgeGaitan_Exter_f098d1,,,,,
2026-09-12T20:31:09-05:00,PUR_IED_JorgeGaitan_STec1_dc9d1d,PUR_IED_JorgeGaitan_STec1_dc9d1d,,,,,
2026-09-12T20:31:09-05:00,PUR_IED_JorgeGaitan_STec2_281e69,PUR_IED_JorgeGaitan_STec2_281e69,,,,,
2026-09-12T20:31:09-05:00,PUR_IED_JorgeSoto_Exterio_d9d0a2,PUR_IED_JorgeSoto_Exterio_d9d0a2,,,,,
2026-09-12T20:31:09-05:00,PUR_IED_JorgeSoto_LabFisi_209c54,PUR_IED_JorgeSoto_LabFisi_209c54,,,,,
2026-09-12T20:31:09-05:00,PUR_IED_JorgeSoto_S103_27b51a,PUR_IED_JorgeSoto_S103_27b51a,,,,,
2026-09-12T20:31:09-05:00,PUR_IED_JoseAcevedo_A02_e965eb,PUR_IED_JoseAcevedo_A02_e965eb,,,,,
2026-09-12T20:31:09-05:00,PUR_IED_JoseAcevedo_A07_dd5b4,PUR_IED_JoseAcevedo_A07_dd5b4,,,,,
2026-09-12T20:31:09-05:00,PUR_IED_JoseAcevedo_Ext_b47484,PUR_IED_JoseAcevedo_Ext_b47484,,,,,
2026-09-12T20:31:09-05:00,PUR_IED_JoseMarti_Exte_5b9bf,PUR_IED_JoseMarti_Exte_5b9bf,,,,,
2026-09-12T20:31:09-05:00,PUR_IED_JoseMarti_LabQuim_1c6c2d,PUR_IED_JoseMarti_LabQuim_1c6c2d,,,,,
2026-09-12T20:31:09-05:00,PUR_IED_JoseMarti_S_info_f5f177,PUR_IED_JoseMarti_S_info_f5f177,,,,,
2026-09-12T20:31:09-05:00,PUR_IED_Josejoaquin_Ext_dfc5dc,PUR_IED_Josejoaquin_Ext_dfc5dc,,,,,
2026-09-12T20:31:09-05:00,PUR_IED_Josejoaquin_S05_5b2a96,PUR_IED_Josejoaquin_S05_5b2a96,,,,,
2026-09-12T20:31:09-05:00,PUR_IED_Josejoaquin_S06_1ce7d2,PUR_IED_Josejoaquin_S06_1ce7d2,,,,,
2026-09-12T20:31:09-05:00,PUR_IED_JulioFlorez_Danza_9b82dd,PUR_IED_JulioFlorez_Danza_9b82dd,,,,,
2026-09-12T20:31:09-05:00,PUR_IED_JulioFlorez_Exter_f9f314,PUR_IED_JulioFlorez_Exter_f9f314,,,,,
2026-09-12T20:31:09-05:00,PUR_IED_JulioFlorez_info2_6b6e08,PUR_IED_JulioFlorez_info2_6b6e08,,,,,
2026-09-12T20:31:09-05:00,PUR_IED_LaBelleza_Aula13_1d00d8,PUR_IED_LaBelleza_Aula13_1d00d8,,,,,
2026-09-12T20:31:09-05:00,PUR_IED_LaBelleza_Ext_7bc08c,PUR_IED_LaBelleza_Ext_7bc08c,,,,,
2026-09-12T20:31:09-05:00,PUR_IED_LaChucua_Ext_8cd6d2,PUR_IED_LaChucua_Ext_8cd6d2,,,,,
2026-09-12T20:31:09-05:00,PUR_IED_LaChucua_S15_f578ce,PUR_IED_LaChucua_S15_f578ce,,,,,
2026-09-12T20:31:09-05:00,PUR_IED_LaChucua_S16_eebcf9,PUR_IED_LaChucua_S16_eebcf9,,,,,
2026-09-12T20:31:09-05:00,PUR_IED_LaFelicidad_Ext_fb5109,PUR_IED_LaFelicidad_Ext_fb5109,,,,,
2026-09-12T20:31:09-05:00,PUR_IED_LaMerced_206_66ebd,PUR_IED_LaMerced_206_66ebd,,,,,
2026-09-12T20:31:09-05:00,PUR_IED_LaMerced_207_6ebd6,PUR_IED_LaMerced_207_6ebd6,,,,,
2026-09-12T20:31:09-05:00,PUR_IED_LaMerced_ext_304311,PUR_IED_LaMerced_ext_304311,,,,,
2026-09-12T20:31:09-05:00,PUR_IED_Laureano_CiencNat_281e5e,PUR_IED_Laureano_CiencNat_281e5e,,,,,
2026-09-12T20:31:09-05:00,PUR_IED_Laureano_Comedor_f65c0a,PUR_IED_Laureano_Comedor_f65c0a,,,,,
2026-09-12T20:31:09-05:00,PUR_IED_Laureano_Exterior_7ab011,PUR_IED_Laureano_Exterior_7ab011,,,,,
2026-09-12T20:31:09-05:00,PUR_IED_LeonGreiff_Exte_dfe560,PUR_IED_LeonGreiff_Exte_dfe560,,,,,
2026-09-12T20:31:09-05:00,PUR_IED_LeonGreiff_S210_f264ed,PUR_IED_LeonGreiff_S210_f264ed,,,,,
2026-09-12T20:31:09-05:00,PUR_IED_LeonGreiff_SQuimi_e8296f,PUR_IED_LeonGreiff_SQuimi_e8296f,,,,,
2026-09-12T20:31:09-05:00,PUR_IED_LlanoOrientalS208_7b9fcd,PUR_IED_LlanoOrientalS208_7b9fcd,,,,,
2026-09-12T20:31:09-05:00,PUR_IED_LlanoOriental_Ext_fb3766,PUR_IED_LlanoOriental_Ext_fb3766,,,,,
2026-09-12T20:31:09-05:00,PUR_IED_LlanoOriental_S208_7b9fcd,PUR_IED_LlanoOriental_S208_7b9fcd,,,,,
2026-09-12T20:31:09-05:00,PUR_IED_LlanoOriental_S9_27b378,PUR_IED_LlanoOriental_S9_27b378,,,,,
2026-09-12T20:31:09-05:00,PUR_IED_LosTejares_1101_477602,PUR_IED_LosTejares_1101_477602,,,,,
2026-09-12T20:31:09-05:00,PUR_IED_LosTejares_11_d2c595,PUR_IED_LosTejares_11_d2c595,,,,,
2026-09-12T20:31:09-05:00,PUR_IED_LosTejares_12_477602,PUR_IED_LosTejares_12_477602,,,,,
2026-09-12T20:31:09-05:00,PUR_IED_LosTejares_Ext_8e2115,PUR_IED_LosTejares_Ext_8e2115,,,,,
2026-09-12T20:31:09-05:00,PUR_IED_MagdalenaO_B202_5ddda3,PUR_IED_MagdalenaO_B202_5ddda3,,,,,
2026-09-12T20:31:09-05:00,PUR_IED_MagdalenaO_B205_fb76e8,PUR_IED_MagdalenaO_B205_fb76e8,,,,,
2026-09-12T20:31:09-05:00,PUR_IED_MagdalenaO_ext_dc69cd,PUR_IED_MagdalenaO_ext_dc69cd,,,,,
2026-09-12T20:31:09-05:00,PUR_IED_ManueCepeda_artes_eee956,PUR_IED_ManueCepeda_artes_eee956,,,,,
2026-09-12T20:31:09-05:00,PUR_IED_ManuelCepeda_Ext_58313,PUR_IED_ManuelCepeda_Ext_58313,,,,,
2026-09-12T20:31:09-05:00,PUR_IED_ManuelCepeda_tec_1c5731,PUR_IED_ManuelCepeda_tec_1c5731,,,,,
2026-09-12T20:31:09-05:00,PUR_IED_ManuelS_Exterior_5b269,PUR_IED_ManuelS_Exterior_5b269,,,,,
2026-09-12T20:31:09-05:00,PUR_IED_ManuelS_Inform_f369ce,PUR_IED_ManuelS_Inform_f369ce,,,,,
2026-09-12T20:31:09-05:00,PUR_IED_ManuelS_SArtes_7d15f1,PUR_IED_ManuelS_SArtes_7d15f1,,,,,
2026-09-12T20:31:09-05:00,PUR_IED_ManuelZapata_303_3ca6,PUR_IED_ManuelZapata_303_3ca6,,,,,
2026-09-12T20:31:09-05:00,PUR_IED_ManuelZapata_311_bfbabc,PUR_IED_ManuelZapata_311_bfbabc,,,,,
2026-09-12T20:31:09-05:00,PUR_IED_ManuelZapata_Ext_50824a,PUR_IED_ManuelZapata_Ext_50824a,,,,,
2026-09-12T20:31:09-05:00,PUR_IED_ManuelitaS_Exteri_656a92,PUR_IED_ManuelitaS_Exteri_656a92,,,,,
2026-09-12T20:31:09-05:00,PUR_IED_ManuelitaS_JuzgDe_f58ec3,PUR_IED_ManuelitaS_JuzgDe_f58ec3,,,,,
2026-09-12T20:31:09-05:00,PUR_IED_ManuelitaS_Recrea_d793db,PUR_IED_ManuelitaS_Recrea_d793db,,,,,
2026-09-12T20:31:09-05:00,PUR_IED_MarFidSuarez_Ext_c27b19,PUR_IED_MarFidSuarez_Ext_c27b19,,,,,
2026-09-12T20:31:09-05:00,PUR_IED_MarFidSuarez_Info_e384d7,PUR_IED_MarFidSuarez_Info_e384d7,,,,,
2026-09-12T20:31:09-05:00,PUR_IED_MarFidSuarez_S306_1d0032,PUR_IED_MarFidSuarez_S306_1d0032,,,,,
2026-09-12T20:31:09-05:00,PUR_IED_Menorah_301_2a25a3,PUR_IED_Menorah_301_2a25a3,,,,,
2026-09-12T20:31:09-05:00,PUR_IED_Menorah_306_37ed3,PUR_IED_Menorah_306_37ed3,,,,,
2026-09-12T20:31:09-05:00,PUR_IED_Menorah_Ext_3e155b,PUR_IED_Menorah_Ext_3e155b,,,,,
2026-09-12T20:31:09-05:00,PUR_IED_MinutoB.Aires_A11_1b1604,PUR_IED_MinutoB.Aires_A11_1b1604,,,,,
2026-09-12T20:31:09-05:00,PUR_IED_MinutoB.Aires_A12_fb5860,PUR_IED_MinutoB.Aires_A12_fb5860,,,,,
2026-09-12T20:31:09-05:00,PUR_IED_MinutoB.Aires_Ext_81293f,PUR_IED_MinutoB.Aires_Ext_81293f,,,,,
2026-09-12T20:31:09-05:00,PUR_IED_MinutoBAires_A11_1b1604,PUR_IED_MinutoBAires_A11_1b1604,,,,,
2026-09-12T20:31:09-05:00,PUR_IED_MinutoBAires_A12_fb5860,PUR_IED_MinutoBAires_A12_fb5860,,,,,
2026-09-12T20:31:09-05:00,PUR_IED_MinutoBAires_Ext_81293f,PUR_IED_MinutoBAires_Ext_81293f,,,,,
2026-09-12T20:31:09-05:00,PUR_IED_Montreal_Aula10_1e4959,PUR_IED_Montreal_Aula10_1e4959,,,,,
2026-09-12T20:31:09-05:00,PUR_IED_Montreal_Aula6_300367,PUR_IED_Montreal_Aula6_300367,,,,,
2026-09-12T20:31:09-05:00,PUR_IED_Montreal_Exterior_91a179,PUR_IED_Montreal_Exterior_91a179,,,,,
2026-09-12T20:31:09-05:00,PUR_IED_Mqgdalena_B202_5ddda3,PUR_IED_Mqgdalena_B202_5ddda3,,,,,
2026-09-12T20:31:09-05:00,PUR_IED_NACUND_Soc_dc8728,PUR_IED_NACUND_Soc_dc8728,,,,,
2026-09-12T20:31:09-05:00,PUR_IED_NACUND_ext_27ad97,PUR_IED_NACUND_ext_27ad97,,,,,
2026-09-12T20:31:09-05:00,PUR_IED_NEsperanza_Ext_d24b61,PUR_IED_NEsperanza_Ext_d24b61,,,,,
2026-09-12T20:31:09-05:00,PUR_IED_NEsperanza_SElect_7d1807,PUR_IED_NEsperanza_SElect_7d1807,,,,,
2026-09-12T20:31:09-05:00,PUR_IED_NEsperanza_SLabor_8b2d0a,PUR_IED_NEsperanza_SLabor_8b2d0a,,,,,
2026-09-12T20:31:09-05:00,PUR_IED_NacionesU_Ext_f661a9,PUR_IED_NacionesU_Ext_f661a9,,,,,
2026-09-12T20:31:09-05:00,PUR_IED_NacionesU_Quimica_66f0a,PUR_IED_NacionesU_Quimica_66f0a,,,,,
2026-09-12T20:31:09-05:00,PUR_IED_NacionesU_S306_1b4b3d,PUR_IED_NacionesU_S306_1b4b3d,,,,,
2026-09-12T20:31:09-05:00,PUR_IED_NestorFA_Ext_e4201c,PUR_IED_NestorFA_Ext_e4201c,,,,,
2026-09-12T20:31:09-05:00,PUR_IED_NestorFA_Laborato_f22fe0,PUR_IED_NestorFA_Laborato_f22fe0,,,,,
2026-09-12T20:31:09-05:00,PUR_IED_NestorFA_S204_dee996,PUR_IED_NestorFA_S204_dee996,,,,,
2026-09-12T20:31:09-05:00,PUR_IED_NidyaQT_Aula03_76999b,PUR_IED_NidyaQT_Aula03_76999b,,,,,
2026-09-12T20:31:09-05:00,PUR_IED_NidyaQT_Aula10_56325,PUR_IED_NidyaQT_Aula10_56325,,,,,
2026-09-12T20:31:09-05:00,PUR_IED_NidyaQT_Ext_46e32d,PUR_IED_NidyaQT_Ext_46e32d,,,,,
2026-09-12T20:31:09-05:00,PUR_IED_NuevaCol_Exterior_d9b859,PUR_IED_NuevaCol_Exterior_d9b859,,,,,
2026-09-12T20:31:09-05:00,PUR_IED_NuevaCol_S1101_76c43b,PUR_IED_NuevaCol_S1101_76c43b,,,,,
2026-09-12T20:31:09-05:00,PUR_IED_NuevaCol_S1102_1ce0b5,PUR_IED_NuevaCol_S1102_1ce0b5,,,,,
2026-09-12T20:31:09-05:00,PUR_IED_OEA_A202_f7e3f2,PUR_IED_OEA_A202_f7e3f2,,,,,
2026-09-12T20:31:09-05:00,PUR_IED_OEA_A203_7d1b8d,PUR_IED_OEA_A203_7d1b8d,,,,,
2026-09-12T20:31:09-05:00,PUR_IED_OEA_Ext_27b593,PUR_IED_OEA_Ext_27b593,,,,,
2026-09-12T20:31:09-05:00,PUR_IED_Ochoa_Ext_1c29da,PUR_IED_Ochoa_Ext_1c29da,,,,,
2026-09-12T20:31:09-05:00,PUR_IED_Ochoa_S205_8b1121,PUR_IED_Ochoa_S205_8b1121,,,,,
2026-09-12T20:31:09-05:00,PUR_IED_Ochoa_Sistemas_f33af6,PUR_IED_Ochoa_Sistemas_f33af6,,,,,
2026-09-12T20:31:09-05:00,PUR_IED_PQuebec_Ext_1c67c7,PUR_IED_PQuebec_Ext_1c67c7,,,,,
2026-09-12T20:31:09-05:00,PUR_IED_PQuebec_S15_23e8e2,PUR_IED_PQuebec_S15_23e8e2,,,,,
2026-09-12T20:31:09-05:00,PUR_IED_PQuebec_S16_8ec76b,PUR_IED_PQuebec_S16_8ec76b,,,,,
2026-09-12T20:31:09-05:00,PUR_IED_PabloN_Ext_49dc96,PUR_IED_PabloN_Ext_49dc96,,,,,
2026-09-12T20:31:09-05:00,PUR_IED_PabloN_S1102_4e3df5,PUR_IED_PabloN_S1102_4e3df5,,,,,
2026-09-12T20:31:09-05:00,PUR_IED_PabloN_S1103_50c94b,PUR_IED_PabloN_S1103_50c94b,,,,,
2026-09-12T20:31:09-05:00,PUR_IED_Palestina_S1101_db9198,PUR_IED_Palestina_S1101_db9198,,,,,
2026-09-12T20:31:09-05:00,PUR_IED_Palestina_S1102_dc54fa,PUR_IED_Palestina_S1102_dc54fa,,,,,
2026-09-12T20:31:09-05:00,PUR_IED_Palestina_ext_4ccce6,PUR_IED_Palestina_ext_4ccce6,,,,,
2026-09-12T20:31:09-05:00,PUR_IED_Panama_Fisica_4d0794,PUR_IED_Panama_Fisica_4d0794,,,,,
2026-09-12T20:31:09-05:00,PUR_IED_Panama_SIngles_a4077e,PUR_IED_Panama_SIngles_a4077e,,,,,
2026-09-12T20:31:09-05:00,PUR_IED_Panama_ext_4c54b4,PUR_IED_Panama_ext_4c54b4,,,,,
2026-09-12T20:31:09-05:00,PUR_IED_ParaisoM_Exterior_8cd7f0,PUR_IED_ParaisoM_Exterior_8cd7f0,,,,,
2026-09-12T20:31:09-05:00,PUR_IED_ParaisoM_Laborato_27af35,PUR_IED_ParaisoM_Laborato_27af35,,,,,
2026-09-12T20:31:09-05:00,PUR_IED_ParaisoM_S304_d1edca,PUR_IED_ParaisoM_S304_d1edca,,,,,
2026-09-12T20:31:09-05:00,PUR_IED_PorfirioBarba_Ext_301466,PUR_IED_PorfirioBarba_Ext_301466,,,,,
2026-09-12T20:31:09-05:00,PUR_IED_PorfirioBarba_S11_df6cd2,PUR_IED_PorfirioBarba_S11_df6cd2,,,,,
2026-09-12T20:31:09-05:00,PUR_IED_PorfirioBarba_S29_27a7d6,PUR_IED_PorfirioBarba_S29_27a7d6,,,,,
2026-09-12T20:31:09-05:00,PUR_IED_PradoV_Exter_8b27ad,PUR_IED_PradoV_Exter_8b27ad,,,,,
2026-09-12T20:31:09-05:00,PUR_IED_PradoV_S301_de65b5,PUR_IED_PradoV_S301_de65b5,,,,,
2026-09-12T20:31:09-05:00,PUR_IED_PradoV_S302_7d2593,PUR_IED_PradoV_S302_7d2593,,,,,
2026-09-12T20:31:09-05:00,PUR_IED_QuirogaAlz_Ext_1ddc82,PUR_IED_QuirogaAlz_Ext_1ddc82,,,,,
2026-09-12T20:31:09-05:00,PUR_IED_QuirogaAlz_S302_9926a3,PUR_IED_QuirogaAlz_S302_9926a3,,,,,
2026-09-12T20:31:09-05:00,PUR_IED_QuirogaAlz_S305_cdf1f1,PUR_IED_QuirogaAlz_S305_cdf1f1,,,,,
2026-09-12T20:31:09-05:00,PUR_IED_RGuatemala_Biling_dc53b7,PUR_IED_RGuatemala_Biling_dc53b7,,,,,
2026-09-12T20:31:09-05:00,PUR_IED_RGuatemala_Ext_1b89a3,PUR_IED_RGuatemala_Ext_1b89a3,,,,,
2026-09-12T20:31:09-05:00,PUR_IED_RGuatemala_Tecnol_281a34,PUR_IED_RGuatemala_Tecnol_281a34,,,,,
2026-09-12T20:31:09-05:00,PUR_IED_RafaNu_Ext_f7c302,PUR_IED_RafaNu_Ext_f7c302,,,,,
2026-09-12T20:31:09-05:00,PUR_IED_RafaNu_S1101_25fde,PUR_IED_RafaNu_S1101_25fde,,,,,
2026-09-12T20:31:09-05:00,PUR_IED_RafaNu_S1102_281517,PUR_IED_RafaNu_S1102_281517,,,,,
2026-09-12T20:31:09-05:00,PUR_IED_RafaelB_S305_ee2783,PUR_IED_RafaelB_S305_ee2783,,,,,
2026-09-12T20:31:09-05:00,PUR_IED_RafaelB_S306_75fe33,PUR_IED_RafaelB_S306_75fe33,,,,,
2026-09-12T20:31:09-05:00,PUR_IED_RafaelB_ext_283336,PUR_IED_RafaelB_ext_283336,4,19,61,4.6722,-74.0737
2026-09-12T20:31:09-05:00,PUR_IED_RafaelUU_Exterior_281a51,PUR_IED_RafaelUU_Exterior_281a51,,,,,
2026-09-12T20:31:09-05:00,PUR_IED_RafaelUU_Human_806b2,PUR_IED_RafaelUU_Human_806b2,,,,,
2026-09-12T20:31:09-05:00,PUR_IED_RafaelUU_Mate2_5680d4,PUR_IED_RafaelUU_Mate2_5680d4,,,,,
2026-09-12T20:31:09-05:00,PUR_IED_RamonSub_Ext_f9eeb9,PUR_IED_RamonSub_Ext_f9eeb9,,,,,
2026-09-12T20:31:09-05:00,PUR_IED_RamonSub_Media_d1f62f,PUR_IED_RamonSub_Media_d1f62f,,,,,
2026-09-12T20:31:09-05:00,PUR_IED_RamonSub_planta_51b82,PUR_IED_RamonSub_planta_51b82,,,,,
2026-09-12T20:31:09-05:00,PUR_IED_RepBoliVene_Exter_27af7c,PUR_IED_RepBoliVene_Exter_27af7c,,,,,
2026-09-12T20:31:09-05:00,PUR_IED_RepBoliVene_SCPT_5ae2ee,PUR_IED_RepBoliVene_SCPT_5ae2ee,,,,,
2026-09-12T20:31:09-05:00,PUR_IED_RepBoliVene_Socia_4b11d5,PUR_IED_RepBoliVene_Socia_4b11d5,,,,,
2026-09-12T20:31:09-05:00,PUR_IED_RepChina_Ext_76d9ee,PUR_IED_RepChina_Ext_76d9ee,,,,,
2026-09-12T20:31:09-05:00,PUR_IED_RepChina_S404_7c804c,PUR_IED_RepChina_S404_7c804c,,,,,
2026-09-12T20:31:09-05:00,PUR_IED_RepChina_S405_df2c33,PUR_IED_RepChina_S405_df2c33,,,,,
2026-09-12T20:31:09-05:00,PUR_IED_RepublicaC_Exteri_7d1ec9,PUR_IED_RepublicaC_Exteri_7d1ec9,,,,,
2026-09-12T20:31:09-05:00,PUR_IED_RepublicaC_S1101_f544b3,PUR_IED_RepublicaC_S1101_f544b3,,,,,
2026-09-12T20:31:09-05:00,PUR_IED_RepublicaC_S1102_7aafc7,PUR_IED_RepublicaC_S1102_7aafc7,,,,,
2026-09-12T20:31:09-05:00,PUR_IED_Ricaurte_Externo_a0ea1,PUR_IED_Ricaurte_Externo_a0ea1,,,,,
2026-09-12T20:31:09-05:00,PUR_IED_Ricaurte_S210_f546fd,PUR_IED_Ricaurte_S210_f546fd,,,,,
2026-09-12T20:31:09-05:00,PUR_IED_Ricaurte_S309_d4452,PUR_IED_Ricaurte_S309_d4452,,,,,
2026-09-12T20:31:09-05:00,PUR_IED_RogelioS_1102_531e69,PUR_IED_RogelioS_1102_531e69,,,,,
2026-09-12T20:31:09-05:00,PUR_IED_RogelioS_Ext_f25a18,PUR_IED_RogelioS_Ext_f25a18,,,,,
2026-09-12T20:31:09-05:00,PUR_IED_SBernardino_Ext_27aff8,PUR_IED_SBernardino_Ext_27aff8,,,,,
2026-09-12T20:31:09-05:00,PUR_IED_SBernardino_SArte_2ffd33,PUR_IED_SBernardino_SArte_2ffd33,,,,,
2026-09-12T20:31:09-05:00,PUR_IED_SBernardino_SIngl_7c7da5,PUR_IED_SBernardino_SIngl_7c7da5,,,,,
2026-09-12T20:31:09-05:00,PUR_IED_Sago_auditorio_dc9d1d,PUR_IED_Sago_auditorio_dc9d1d,,,,,
2026-09-12T20:31:09-05:00,PUR_IED_Saludcoop_Ext_95aac3,PUR_IED_Saludcoop_Ext_95aac3,,,,,
2026-09-12T20:31:09-05:00,PUR_IED_Saludcoop_InfI_90c854,PUR_IED_Saludcoop_InfI_90c854,,,,,
2026-09-12T20:31:09-05:00,PUR_IED_Saludcoop_SMedia_1b93be,PUR_IED_Saludcoop_SMedia_1b93be,,,,,
2026-09-12T20:31:09-05:00,PUR_IED_SanCarlos_1101_1a2360,PUR_IED_SanCarlos_1101_1a2360,,,,,
2026-09-12T20:31:09-05:00,PUR_IED_SanCarlos_1103_7bafb5,PUR_IED_SanCarlos_1103_7bafb5,,,,,
2026-09-12T20:31:09-05:00,PUR_IED_SanCarlos_Ext_b7cd1,PUR_IED_SanCarlos_Ext_b7cd1,,,,,
2026-09-12T20:31:09-05:00,PUR_IED_SanIgnacioBosa11a_50c26e,PUR_IED_SanIgnacioBosa11a_50c26e,,,,,
2026-09-12T20:31:09-05:00,PUR_IED_SanIgnacioBosa11b_371de8,PUR_IED_SanIgnacioBosa11b_371de8,,,,,
2026-09-12T20:31:09-05:00,PUR_IED_SanIgnacioBosaExt_ef0ffc,PUR_IED_SanIgnacioBosaExt_ef0ffc,,,,,
2026-09-12T20:31:09-05:00,PUR_IED_SanIgnacioBosa_11a_50c26e,PUR_IED_SanIgnacioBosa_11a_50c26e,,,,,
2026-09-12T20:31:09-05:00,PUR_IED_SanIgnacioBosa_Ext_ef0ffc,PUR_IED_SanIgnacioBosa_Ext_ef0ffc,,,,,
2026-09-12T20:31:09-05:00,PUR_IED_SanJoseN_intS1101_31c47f,PUR_IED_SanJoseN_intS1101_31c47f,,,,,
2026-09-12T20:31:09-05:00,PUR_IED_SanJoseUsm_Exter_f5d7e8,PUR_IED_SanJoseUsm_Exter_f5d7e8,,,,,
2026-09-12T20:31:09-05:00,PUR_IED_SanJoseUsm_Int11A_cfdef6,PUR_IED_SanJoseUsm_Int11A_cfdef6,,,,,
2026-09-12T20:31:09-05:00,PUR_IED_SilveriaR_IntB5_905349,PUR_IED_SilveriaR_IntB5_905349,,,,,
2026-09-12T20:31:09-05:00,PUR_IED_SilveriaR_IntSD14_981f93,PUR_IED_SilveriaR_IntSD14_981f93,,,,,
2026-09-12T20:31:09-05:00,PUR_IED_SilveriaR_ext_2b651d,PUR_IED_SilveriaR_ext_2b651d,,,,,
2026-09-12T20:31:09-05:00,PUR_IED_SimonB_Exterior_913975,PUR_IED_SimonB_Exterior_913975,,,,,
2026-09-12T20:31:09-05:00,PUR_IED_SimonB_LabQuimi_c56908,PUR_IED_SimonB_LabQuimi_c56908,,,,,
2026-09-12T20:31:09-05:00,PUR_IED_SimonB_informatic_a28c1,PUR_IED_SimonB_informatic_a28c1,,,,,
2026-09-12T20:31:09-05:00,PUR_IED_Sorrento_1102_315f50,PUR_IED_Sorrento_1102_315f50,,,,,
2026-09-12T20:31:09-05:00,PUR_IED_Sorrento_Minte_214eab,PUR_IED_Sorrento_Minte_214eab,,,,,
2026-09-12T20:31:09-05:00,PUR_IED_Sorrento_ext_7c3a0a,PUR_IED_Sorrento_ext_7c3a0a,,,,,
2026-09-12T20:31:09-05:00,PUR_IED_Tabora_Ext_f048ae,PUR_IED_Tabora_Ext_f048ae,,,,,
2026-09-12T20:31:09-05:00,PUR_IED_Tabora_S1102_b07752,PUR_IED_Tabora_S1102_b07752,,,,,
2026-09-12T20:31:09-05:00,PUR_IED_Tabora_S1103_d988f5,PUR_IED_Tabora_S1103_d988f5,,,,,
2026-09-12T20:31:09-05:00,PUR_IED_Tenerife_Ext_1ab188,PUR_IED_Tenerife_Ext_1ab188,,,,,
2026-09-12T20:31:09-05:00,PUR_IED_Tenerife_SDanzas_7bc02e,PUR_IED_Tenerife_SDanzas_7bc02e,,,,,
2026-09-12T20:31:09-05:00,PUR_IED_Tenerife_SIngles_7cc277,PUR_IED_Tenerife_SIngles_7cc277,,,,,
2026-09-12T20:31:09-05:00,PUR_IED_Tibabuyes_Exter_f2683d,PUR_IED_Tibabuyes_Exter_f2683d,,,,,
2026-09-12T20:31:09-05:00,PUR_IED_Tibabuyes_S10_dc87a8,PUR_IED_Tibabuyes_S10_dc87a8,,,,,
2026-09-12T20:31:09-05:00,PUR_IED_Tibabuyes_S15_dc0526,PUR_IED_Tibabuyes_S15_dc0526,,,,,
2026-09-12T20:31:09-05:00,PUR_IED_UnionE_S301_a1043,PUR_IED_UnionE_S301_a1043,,,,,
2026-09-12T20:31:09-05:00,PUR_IED_UnionE_S307_ff6c2f,PUR_IED_UnionE_S307_ff6c2f,,,,,
2026-09-12T20:31:09-05:00,PUR_IED_UnionE__Ext_5e2468,PUR_IED_UnionE__Ext_5e2468,,,,,
2026-09-12T20:31:09-05:00,PUR_IED_VillaRica_Ext_75be7c,PUR_IED_VillaRica_Ext_75be7c,,,,,
2026-09-12T20:31:09-05:00,PUR_IED_VillaRica_S4_cc5dcd,PUR_IED_VillaRica_S4_cc5dcd,,,,,
2026-09-12T20:31:09-05:00,PUR_IED_VillaRica_Sesp_99f5c,PUR_IED_VillaRica_Sesp_99f5c,,,,,
2026-09-12T20:36:12-05:00,PUR_IED_20deJulio_1101_91b1b9,PUR_IED_20deJulio_1101_91b1b9,,,,,
2026-09-12T20:36:12-05:00,PUR_IED_20deJulio_1102_1cfcf9,PUR_IED_20deJulio_1102_1cfcf9,,,,,
2026-09-12T20:36:12-05:00,PUR_IED_20deJulio_Ext_ab60bd,PUR_IED_20deJulio_Ext_ab60bd,,,,,
2026-09-12T20:36:12-05:00,PUR_IED_AgustinFer_Ext_7b9b77,PUR_IED_AgustinFer_Ext_7b9b77,,,,,
2026-09-12T20:36:12-05:00,PUR_IED_AgustinFer_Info2_27b3a7,PUR_IED_AgustinFer_Info2_27b3a7,,,,,
2026-09-12T20:36:12-05:00,PUR_IED_AgustinFer_Sena_54b4eb,PUR_IED_AgustinFer_Sena_54b4eb,,,,,
2026-09-12T20:36:12-05:00,PUR_IED_AlexanderF_1102_caf07b,PUR_IED_AlexanderF_1102_caf07b,,,,,
2026-09-12T20:36:12-05:00,PUR_IED_AlexanderF_1103_c79e71,PUR_IED_AlexanderF_1103_c79e71,,,,,
2026-09-12T20:36:12-05:00,PUR_IED_AlexanderF_Ext_c5b18b,PUR_IED_AlexanderF_Ext_c5b18b,,,,,
2026-09-12T20:36:12-05:00,PUR_IED_AlfonsoLopez_Ext_281d77,PUR_IED_AlfonsoLopez_Ext_281d77,,,,,
2026-09-12T20:36:12-05:00,PUR_IED_AlfonsoLopez_LabF_888ce0,PUR_IED_AlfonsoLopez_LabF_888ce0,,,,,
2026-09-12T20:36:12-05:00,PUR_IED_AlfonsoLopez_SMed_df6a7f,PUR_IED_AlfonsoLopez_SMed_df6a7f,,,,,
2026-09-12T20:36:12-05:00,PUR_IED_AltamiraSO_A2_209f92,PUR_IED_AltamiraSO_A2_209f92,,,,,
2026-09-12T20:36:12-05:00,PUR_IED_AltamiraSO_Ext_186d66,PUR_IED_AltamiraSO_Ext_186d66,,,,,
2026-09-12T20:36:12-05:00,PUR_IED_AltamiraSO_Sistem_27afe1,PUR_IED_AltamiraSO_Sistem_27afe1,,,,,
2026-09-12T20:36:12-05:00,PUR_IED_AlvaroGom_LabQuim_813179,PUR_IED_AlvaroGom_LabQuim_813179,,,,,
2026-09-12T20:36:12-05:00,PUR_IED_AlvaroGomez_Ext_47c7ca,PUR_IED_AlvaroGomez_Ext_47c7ca,,,,,
2026-09-12T20:36:12-05:00,PUR_IED_AlvaroGomez_LabQuim_813179,PUR_IED_AlvaroGomez_LabQuim_813179,,,,,
2026-09-12T20:36:12-05:00,PUR_IED_AlvaroGomez_S23_7ba89f,PUR_IED_AlvaroGomez_S23_7ba89f,,,,,
2026-09-12T20:36:12-05:00,PUR_IED_Amistad_306_dc8728,PUR_IED_Amistad_306_dc8728,,,,,
2026-09-12T20:36:12-05:00,PUR_IED_Amistad_Ext_8cd55e,PUR_IED_Amistad_Ext_8cd55e,,,,,
2026-09-12T20:36:12-05:00,PUR_IED_Amistad_S202_a41169,PUR_IED_Amistad_S202_a41169,,,,,
2026-09-12T20:36:12-05:00,PUR_IED_AndresBello_Bio_fd5f5e,PUR_IED_AndresBello_Bio_fd5f5e,,,,,
2026-09-12T20:36:12-05:00,PUR_IED_AndresBello_ext_dcad65,PUR_IED_AndresBello_ext_dcad65,,,,,
2026-09-12T20:36:12-05:00,PUR_IED_AndresBello_port_eed3ec,PUR_IED_AndresBello_port_eed3ec,,,,,
2026-09-12T20:36:12-05:00,PUR_IED_AngelaR_11b_d90a6b,PUR_IED_AngelaR_11b_d90a6b,,,,,
2026-09-12T20:36:12-05:00,PUR_IED_AngelaR_ext_7cad3e,PUR_IED_AngelaR_ext_7cad3e,,,,,
2026-09-12T20:36:12-05:00,PUR_IED_AntJoseSucre_10mo_df2575,PUR_IED_AntJoseSucre_10mo_df2575,,,,,
2026-09-12T20:36:12-05:00,PUR_IED_AntJoseSucre_Ext_215b36,PUR_IED_AntJoseSucre_Ext_215b36,,,,,
2026-09-12T20:36:12-05:00,PUR_IED_AntJoseSucre_Lab_3139de,PUR_IED_AntJoseSucre_Lab_3139de,,,,,
2026-09-12T20:36:12-05:00,PUR_IED_AntonioGarcia_301_d6b188,PUR_IED_AntonioGarcia_301_d6b188,,,,,
2026-09-12T20:36:12-05:00,PUR_IED_AntonioGarcia_302_88a82,PUR_IED_AntonioGarcia_302_88a82,,,,,
2026-09-12T20:36:12-05:00,PUR_IED_AntonioGarcia_Ext_20950c,PUR_IED_AntonioGarcia_Ext_20950c,,,,,
2026-09-12T20:36:12-05:00,PUR_IED_AntonioVan_Aula2_6dea02,PUR_IED_AntonioVan_Aula2_6dea02,,,,,
2026-09-12T20:36:12-05:00,PUR_IED_AntonioVan_Aula5_f1557e,PUR_IED_AntonioVan_Aula5_f1557e,,,,,
2026-09-12T20:36:12-05:00,PUR_IED_AntonioVan_Ext_406f2f,PUR_IED_AntonioVan_Ext_406f2f,,,,,
2026-09-12T20:36:12-05:00,PUR_IED_Atabanzha_Ext_cc5af9,PUR_IED_Atabanzha_Ext_cc5af9,,,,,
2026-09-12T20:36:12-05:00,PUR_IED_Atabanzha_SA101_56c37,PUR_IED_Atabanzha_SA101_56c37,,,,,
2026-09-12T20:36:12-05:00,PUR_IED_Atabanzha_SB302_27b374,PUR_IED_Atabanzha_SB302_27b374,,,,,
2026-09-12T20:36:12-05:00,PUR_IED_Atahualpa_Ext_fc1748,PUR_IED_Atahualpa_Ext_fc1748,,,,,
2026-09-12T20:36:12-05:00,PUR_IED_Atahualpa_Informa_dc9a95,PUR_IED_Atahualpa_Informa_dc9a95,,,,,
2026-09-12T20:36:12-05:00,PUR_IED_Atahualpa_S1101_f98056,PUR_IED_Atahualpa_S1101_f98056,,,,,
2026-09-12T20:36:12-05:00,PUR_IED_Bellavista_Ext_f5aa74,PUR_IED_Bellavista_Ext_f5aa74,,,,,
2026-09-12T20:36:12-05:00,PUR_IED_Bilbao_11A_916c41,PUR_IED_Bilbao_11A_916c41,,,,,
2026-09-12T20:36:12-05:00,PUR_IED_Bilbao_Ext_fb579a,PUR_IED_Bilbao_Ext_fb579a,,,,,
2026-09-12T20:36:12-05:00,PUR_IED_BrasiliaU_A125_304280,PUR_IED_BrasiliaU_A125_304280,,,,,
2026-09-12T20:36:12-05:00,PUR_IED_BrasiliaU_A203_7c8ca5,PUR_IED_BrasiliaU_A203_7c8ca5,,,,,
2026-09-12T20:36:12-05:00,PUR_IED_BrasiliaU_Ext_8d6e9f,PUR_IED_BrasiliaU_Ext_8d6e9f,5,17,63,4.5175,-74.116302
2026-09-12T20:36:12-05:00,PUR_IED_Brasilia_Ext_fe6593,PUR_IED_Brasilia_Ext_fe6593,,,,,
2026-09-12T20:36:12-05:00,PUR_IED_Brasilia_S24_7c130d,PUR_IED_Brasilia_S24_7c130d,,,,,
2026-09-12T20:36:12-05:00,PUR_IED_Brasilia_S501_186a54,PUR_IED_Brasilia_S501_186a54,,,,,
2026-09-12T20:36:12-05:00,PUR_IED_CHARRY_EXT_f1d5cd,PUR_IED_CHARRY_EXT_f1d5cd,,,,,
2026-09-12T20:36:12-05:00,PUR_IED_CHARRY_INTDANZAS_7a08e6,PUR_IED_CHARRY_INTDANZAS_7a08e6,,,,,
2026-09-12T20:36:12-05:00,PUR_IED_CHARRY_INT_AULA20_dc998d,PUR_IED_CHARRY_INT_AULA20_dc998d,,,,,
2026-09-12T20:36:12-05:00,PUR_IED_COLVIV_1101_S25_7f520a,PUR_IED_COLVIV_1101_S25_7f520a,,,,,
2026-09-12T20:36:12-05:00,PUR_IED_COLVIV_1102_S16_f570ba,PUR_IED_COLVIV_1102_S16_f570ba,,,,,
2026-09-12T20:36:12-05:00,PUR_IED_COLVIV_Ext_1a26fa,PUR_IED_COLVIV_Ext_1a26fa,,,,,
2026-09-12T20:36:12-05:00,PUR_IED_CULPOP_301A_f660f3,PUR_IED_CULPOP_301A_f660f3,,,,,
2026-09-12T20:36:12-05:00,PUR_IED_CULPOP_303_568afe,PUR_IED_CULPOP_303_568afe,,,,,
2026-09-12T20:36:12-05:00,PUR_IED_CULPOP_Ext_e02ccb,PUR_IED_CULPOP_Ext_e02ccb,,,,,
2026-09-12T20:36:12-05:00,PUR_IED_CVillavicen_Ext_26eb58,PUR_IED_CVillavicen_Ext_26eb58,3,15,77,4.487,-74.102798
2026-09-12T20:36:12-05:00,PUR_IED_CVillavicen_Intel_1ce5c2,PUR_IED_CVillavicen_Intel_1ce5c2,,,,,
2026-09-12T20:36:12-05:00,PUR_IED_CVillavicen_Poliv_e0766c,PUR_IED_CVillavicen_Poliv_e0766c,,,,,
2026-09-12T20:36:12-05:00,PUR_IED_CVillavicen_int_1ba140,PUR_IED_CVillavicen_int_1ba140,,,,,
2026-09-12T20:36:12-05:00,PUR_IED_CVillavicen_intel_1ba140,PUR_IED_CVillavicen_intel_1ba140,,,,,
2026-09-12T20:36:12-05:00,PUR_IED_CarlosPizarro_Ext_e307cc,PUR_IED_CarlosPizarro_Ext_e307cc,,,,,
2026-09-12T20:36:12-05:00,PUR_IED_CarlosPizarro_L36_7e5cdb,PUR_IED_CarlosPizarro_L36_7e5cdb,,,,,
2026-09-12T20:36:12-05:00,PUR_IED_CarlosPizarro_L37_c8566c,PUR_IED_CarlosPizarro_L37_c8566c,,,,,
2026-09-12T20:36:12-05:00,PUR_IED_Castilla_Ext_cf35f,PUR_IED_Castilla_Ext_cf35f,,,,,
2026-09-12T20:36:12-05:00,PUR_IED_Castilla_SFisik_360e38,PUR_IED_Castilla_SFisik_360e38,,,,,
2026-09-12T20:36:12-05:00,PUR_IED_Castilla_Sc304_496fbf,PUR_IED_Castilla_Sc304_496fbf,,,,,
2026-09-12T20:36:12-05:00,PUR_IED_CervantesSa_Ext_6b57b,PUR_IED_CervantesSa_Ext_6b57b,4,18,68,4.5128,-74.117203
2026-09-12T20:36:12-05:00,PUR_IED_CervantesSa_S107_225c2b,PUR_IED_CervantesSa_S107_225c2b,,,,,
2026-09-12T20:36:12-05:00,PUR_IED_CervantesSa_S108_940925,PUR_IED_CervantesSa_S108_940925,,,,,
2026-09-12T20:36:12-05:00,PUR_IED_Charry_A20_f53e7c,PUR_IED_Charry_A20_f53e7c,,,,,
2026-09-12T20:36:12-05:00,PUR_IED_Charry_Ext_f1d5cd,PUR_IED_Charry_Ext_f1d5cd,,,,,
2026-09-12T20:36:12-05:00,PUR_IED_Charry_IntAula20_dc998d,PUR_IED_Charry_IntAula20_dc998d,,,,,
2026-09-12T20:36:12-05:00,PUR_IED_Charry_IntDanzas_7a08e6,PUR_IED_Charry_IntDanzas_7a08e6,,,,,
2026-09-12T20:36:12-05:00,PUR_IED_ClememciaC_203_43e2fc,PUR_IED_ClememciaC_203_43e2fc,,,,,
2026-09-12T20:36:12-05:00,PUR_IED_ClememciaC_Ext_1b411a,PUR_IED_ClememciaC_Ext_1b411a,,,,,
2026-09-12T20:36:12-05:00,PUR_IED_ClememciaC_Quimic_44b5fc,PUR_IED_ClememciaC_Quimic_44b5fc,,,,,
2026-09-12T20:36:12-05:00,PUR_IED_ClemenciaC_203_43e2fc,PUR_IED_ClemenciaC_203_43e2fc,,,,,
2026-09-12T20:36:12-05:00,PUR_IED_ClemenciaC_Ext_1b411a,PUR_IED_ClemenciaC_Ext_1b411a,,,,,
2026-09-12T20:36:12-05:00,PUR_IED_ClemenciaC_Quimic_44b5fc,PUR_IED_ClemenciaC_Quimic_44b5fc,,,,,
2026-09-12T20:36:12-05:00,PUR_IED_ColViva_1101_S25_7f520a,PUR_IED_ColViva_1101_S25_7f520a,,,,,
2026-09-12T20:36:12-05:00,PUR_IED_ColViva_1102_S16_f570ba,PUR_IED_ColViva_1102_S16_f570ba,,,,,
2026-09-12T20:36:12-05:00,PUR_IED_ColViva_Ext_1a26fa,PUR_IED_ColViva_Ext_1a26fa,,,,,
2026-09-12T20:36:12-05:00,PUR_IED_ColegioBici_Asist_7c8798,PUR_IED_ColegioBici_Asist_7c8798,,,,,
2026-09-12T20:36:12-05:00,PUR_IED_ColegioBici_Ext_25cbf6,PUR_IED_ColegioBici_Ext_25cbf6,,,,,
2026-09-12T20:36:12-05:00,PUR_IED_ColegioBici_LabQ_7b57db,PUR_IED_ColegioBici_LabQ_7b57db,,,,,
2026-09-12T20:36:12-05:00,PUR_IED_CostaRica_Ext_5e640,PUR_IED_CostaRica_Ext_5e640,,,,,
2026-09-12T20:36:12-05:00,PUR_IED_CostaRica_Quim1_766d1c,PUR_IED_CostaRica_Quim1_766d1c,,,,,
2026-09-12T20:36:12-05:00,PUR_IED_CostaRica__Fisica_6f0873,PUR_IED_CostaRica__Fisica_6f0873,,,,,
2026-09-12T20:36:12-05:00,PUR_IED_CulPopu_301A_f660f3,PUR_IED_CulPopu_301A_f660f3,,,,,
2026-09-12T20:36:12-05:00,PUR_IED_CulPopu_303_568afe,PUR_IED_CulPopu_303_568afe,,,,,
2026-09-12T20:36:12-05:00,PUR_IED_CulPopu_Ext_e02ccb,PUR_IED_CulPopu_Ext_e02ccb,,,,,
2026-09-12T20:36:12-05:00,PUR_IED_Cundinamarca_Ext_f15985,PUR_IED_Cundinamarca_Ext_f15985,,,,,
2026-09-12T20:36:12-05:00,PUR_IED_Cundinamarca_Info_7aa5d7,PUR_IED_Cundinamarca_Info_7aa5d7,,,,,
2026-09-12T20:36:12-05:00,PUR_IED_Cundinamarca_Tec2_f449c7,PUR_IED_Cundinamarca_Tec2_f449c7,,,,,
2026-09-12T20:36:12-05:00,PUR_IED_DiegoM_Aula1_27b314,PUR_IED_DiegoM_Aula1_27b314,,,,,
2026-09-12T20:36:12-05:00,PUR_IED_DiegoM_Ext_d80ac8,PUR_IED_DiegoM_Ext_d80ac8,,,,,
2026-09-12T20:36:12-05:00,PUR_IED_DiegoM_S25_da928f,PUR_IED_DiegoM_S25_da928f,,,,,
2026-09-12T20:36:12-05:00,PUR_IED_ELRODEO_360881,PUR_IED_ELRODEO_360881,,,,,
2026-09-12T20:36:12-05:00,PUR_IED_ELRODEO_ext_360881,PUR_IED_ELRODEO_ext_360881,,,,,
2026-09-12T20:36:12-05:00,PUR_IED_EduardoU_Ext_1c1969,PUR_IED_EduardoU_Ext_1c1969,,,,,
2026-09-12T20:36:12-05:00,PUR_IED_EduardoU_SCiencia_4dfb94,PUR_IED_EduardoU_SCiencia_4dfb94,,,,,
2026-09-12T20:36:12-05:00,PUR_IED_EduardoU_SQuimica_5a46e7,PUR_IED_EduardoU_SQuimica_5a46e7,,,,,
2026-09-12T20:36:12-05:00,PUR_IED_ElRodeo_Aula14_676984,PUR_IED_ElRodeo_Aula14_676984,,,,,
2026-09-12T20:36:12-05:00,PUR_IED_ElRodeo_Aula16_2dd35b,PUR_IED_ElRodeo_Aula16_2dd35b,,,,,
2026-09-12T20:36:12-05:00,PUR_IED_ElRodeo_Ext_360881,PUR_IED_ElRodeo_Ext_360881,,,,,
2026-09-12T20:36:12-05:00,PUR_IED_ElRodeo_Exterior_8c6d28,PUR_IED_ElRodeo_Exterior_8c6d28,,,,,
2026-09-12T20:36:12-05:00,PUR_IED_ElRodeo_ext_360881,PUR_IED_ElRodeo_ext_360881,,,,,
2026-09-12T20:36:12-05:00,PUR_IED_EmmaReyes_Ext_987625,PUR_IED_EmmaReyes_Ext_987625,5,21,52,4.6367,-74.1511
2026-09-12T20:36:12-05:00,PUR_IED_Ensueño_Ext_7f0250,PUR_IED_Ensueño_Ext_7f0250,,,,,
2026-09-12T20:36:12-05:00,PUR_IED_EscNormal_Ext_5fef3b,PUR_IED_EscNormal_Ext_5fef3b,2,19,59,4.5852,-74.096901
2026-09-12T20:36:12-05:00,PUR_IED_EscNormal_S309_5b263,PUR_IED_EscNormal_S309_5b263,,,,,
2026-09-12T20:36:12-05:00,PUR_IED_EscNormal_S310_27b3b8,PUR_IED_EscNormal_S310_27b3b8,,,,,
2026-09-12T20:36:12-05:00,PUR_IED_Evangelista_Conta_f6cd4f,PUR_IED_Evangelista_Conta_f6cd4f,,,,,
2026-09-12T20:36:12-05:00,PUR_IED_Evangelista_Cri_5e16a,PUR_IED_Evangelista_Cri_5e16a,,,,,
2026-09-12T20:36:12-05:00,PUR_IED_Evangelista_Exter_754066,PUR_IED_Evangelista_Exter_754066,,,,,
2026-09-12T20:36:12-05:00,PUR_IED_FMiranda_S209_5cc2a3,PUR_IED_FMiranda_S209_5cc2a3,,,,,
2026-09-12T20:36:12-05:00,PUR_IED_FMiranda_S303_19e344,PUR_IED_FMiranda_S303_19e344,,,,,
2026-09-12T20:36:12-05:00,PUR_IED_FMiranda_ext_f53e7c,PUR_IED_FMiranda_ext_f53e7c,,,,,
2026-09-12T20:36:12-05:00,PUR_IED_FabioLozano_Bibli_1cee05,PUR_IED_FabioLozano_Bibli_1cee05,,,,,
2026-09-12T20:36:12-05:00,PUR_IED_FabioLozano_Ext_6ea285,PUR_IED_FabioLozano_Ext_6ea285,,,,,
2026-09-12T20:36:12-05:00,PUR_IED_FabioLozano_SLudi_f09e1e,PUR_IED_FabioLozano_SLudi_f09e1e,,,,,
2026-09-12T20:36:12-05:00,PUR_IED_FaustinoS_Aula07_27a731,PUR_IED_FaustinoS_Aula07_27a731,,,,,
2026-09-12T20:36:12-05:00,PUR_IED_FaustinoS_Ext_7b936f,PUR_IED_FaustinoS_Ext_7b936f,,,,,
2026-09-12T20:36:12-05:00,PUR_IED_FaustinoS_Fisica_da2c60,PUR_IED_FaustinoS_Fisica_da2c60,,,,,
2026-09-12T20:36:12-05:00,PUR_IED_FeGarciaLo_Ext_dc68ee,PUR_IED_FeGarciaLo_Ext_dc68ee,,,,,
2026-09-12T20:36:12-05:00,PUR_IED_FeGarciaLo_SDanza_f70a59,PUR_IED_FeGarciaLo_SDanza_f70a59,,,,,
2026-09-12T20:36:12-05:00,PUR_IED_FeGarciaLo_SMusic_125cdd,PUR_IED_FeGarciaLo_SMusic_125cdd,,,,,
2026-09-12T20:36:12-05:00,PUR_IED_FederalAlema_Exte_50c345,PUR_IED_FederalAlema_Exte_50c345,,,,,
2026-09-12T20:36:12-05:00,PUR_IED_FederalAlema_S31_f18371,PUR_IED_FederalAlema_S31_f18371,,,,,
2026-09-12T20:36:12-05:00,PUR_IED_FederalAlema_S901_a62cd,PUR_IED_FederalAlema_S901_a62cd,,,,,
2026-09-12T20:36:12-05:00,PUR_IED_FilarmonicaS_A5_f35eb1,PUR_IED_FilarmonicaS_A5_f35eb1,,,,,
2026-09-12T20:36:12-05:00,PUR_IED_FilarmonicaS_Ext_8a3bde,PUR_IED_FilarmonicaS_Ext_8a3bde,,,,,
2026-09-12T20:36:12-05:00,PUR_IED_FilarmonicaS_Spol_406114,PUR_IED_FilarmonicaS_Spol_406114,,,,,
2026-09-12T20:36:12-05:00,PUR_IED_FlorentinoG_A13_d1fa59,PUR_IED_FlorentinoG_A13_d1fa59,,,,,
2026-09-12T20:36:12-05:00,PUR_IED_FlorentinoG_Ext_1ce6ce,PUR_IED_FlorentinoG_Ext_1ce6ce,,,,,
2026-09-12T20:36:12-05:00,PUR_IED_FlorentinoG_Idiom_a66aac,PUR_IED_FlorentinoG_Idiom_a66aac,,,,,
2026-09-12T20:36:12-05:00,PUR_IED_FranciscoMati_Ext_e3869d,PUR_IED_FranciscoMati_Ext_e3869d,,,,,
2026-09-12T20:36:12-05:00,PUR_IED_FranciscoMati_S13_f31c67,PUR_IED_FranciscoMati_S13_f31c67,,,,,
2026-09-12T20:36:12-05:00,PUR_IED_FranciscoMati_S14_97dead,PUR_IED_FranciscoMati_S14_97dead,,,,,
2026-09-12T20:36:12-05:00,PUR_IED_FranciscoPS_Ext_7bfa9a,PUR_IED_FranciscoPS_Ext_7bfa9a,4,20,60,4.5899,-74.110397
2026-09-12T20:36:12-05:00,PUR_IED_FranciscoPS_Infor_fb8f4c,PUR_IED_FranciscoPS_Infor_fb8f4c,,,,,
2026-09-12T20:36:12-05:00,PUR_IED_FranciscoPS_Quimi_94d39c,PUR_IED_FranciscoPS_Quimi_94d39c,,,,,
2026-09-12T20:36:12-05:00,PUR_IED_FranciscoP_LabQ_d7e148,PUR_IED_FranciscoP_LabQ_d7e148,,,,,
2026-09-12T20:36:12-05:00,PUR_IED_FranciscoP_S28_cf9b30,PUR_IED_FranciscoP_S28_cf9b30,,,,,
2026-09-12T20:36:12-05:00,PUR_IED_FranciscoP_ext_e2313,PUR_IED_FranciscoP_ext_e2313,,,,,
2026-09-12T20:36:12-05:00,PUR_IED_FriederichN_Ext_8ac92a,PUR_IED_FriederichN_Ext_8ac92a,,,,,
2026-09-12T20:36:12-05:00,PUR_IED_FriederichN_S301_dd7e5a,PUR_IED_FriederichN_S301_dd7e5a,,,,,
2026-09-12T20:36:12-05:00,PUR_IED_FriederichN_S308_761f4f,PUR_IED_FriederichN_S308_761f4f,,,,,
2026-09-12T20:36:12-05:00,PUR_IED_GSantander_Aula10_533dd7,PUR_IED_GSantander_Aula10_533dd7,,,,,
2026-09-12T20:36:12-05:00,PUR_IED_GSantander_Aula12_fd4e4f,PUR_IED_GSantander_Aula12_fd4e4f,,,,,
2026-09-12T20:36:12-05:00,PUR_IED_GSantander_Aula310_533dd7,PUR_IED_GSantander_Aula310_533dd7,,,,,
2026-09-12T20:36:12-05:00,PUR_IED_GSantander_Aula312_fd4e4f,PUR_IED_GSantander_Aula312_fd4e4f,,,,,
2026-09-12T20:36:12-05:00,PUR_IED_GSantander_Ext_5f66b0,PUR_IED_GSantander_Ext_5f66b0,,,,,
2026-09-12T20:36:12-05:00,PUR_IED_GYomasa_Ext_f6bea5,PUR_IED_GYomasa_Ext_f6bea5,,,,,
2026-09-12T20:36:12-05:00,PUR_IED_GYomasa_LBiol_2c41aa,PUR_IED_GYomasa_LBiol_2c41aa,,,,,
2026-09-12T20:36:12-05:00,PUR_IED_GYomasa_LQuim_33c80,PUR_IED_GYomasa_LQuim_33c80,,,,,
2026-09-12T20:36:12-05:00,PUR_IED_GabBetMejia_Cienc_5a99c,PUR_IED_GabBetMejia_Cienc_5a99c,,,,,
2026-09-12T20:36:12-05:00,PUR_IED_GabBetMejia_Ext_9153d0,PUR_IED_GabBetMejia_Ext_9153d0,,,,,
2026-09-12T20:36:12-05:00,PUR_IED_GabBetMejia_Lab_f55347,PUR_IED_GabBetMejia_Lab_f55347,,,,,
2026-09-12T20:36:12-05:00,PUR_IED_GabBetanMejia_Ext_9153d0,PUR_IED_GabBetanMejia_Ext_9153d0,,,,,
2026-09-12T20:36:12-05:00,PUR_IED_Gaitana_Aula13_7aac11,PUR_IED_Gaitana_Aula13_7aac11,,,,,
2026-09-12T20:36:12-05:00,PUR_IED_Gaitana_Ext_5fcf4,PUR_IED_Gaitana_Ext_5fcf4,,,,,
2026-09-12T20:36:12-05:00,PUR_IED_Gaitana_LabFisica_644448,PUR_IED_Gaitana_LabFisica_644448,,,,,
2026-09-12T20:36:12-05:00,PUR_IED_GenSantander_Dise_8ac858,PUR_IED_GenSantander_Dise_8ac858,,,,,
2026-09-12T20:36:12-05:00,PUR_IED_GenSantander_Ext_8d5dfe,PUR_IED_GenSantander_Ext_8d5dfe,,,,,
2026-09-12T20:36:12-05:00,PUR_IED_GenSantander_Info_6c25b,PUR_IED_GenSantander_Info_6c25b,,,,,
2026-09-12T20:36:12-05:00,PUR_IED_GustavoMo_Exterio_75e63d,PUR_IED_GustavoMo_Exterio_75e63d,,,,,
2026-09-12T20:36:12-05:00,PUR_IED_GustavoMo_LabFisi_224d37,PUR_IED_GustavoMo_LabFisi_224d37,,,,,
2026-09-12T20:36:12-05:00,PUR_IED_GustavoMo_S208_3e6918,PUR_IED_GustavoMo_S208_3e6918,,,,,
2026-09-12T20:36:12-05:00,PUR_IED_GustavoR_A02_8cd4a8,PUR_IED_GustavoR_A02_8cd4a8,,,,,
2026-09-12T20:36:12-05:00,PUR_IED_GustavoR_B11_5b0ed,PUR_IED_GustavoR_B11_5b0ed,,,,,
2026-09-12T20:36:12-05:00,PUR_IED_GustavoR_Ext_7a0c90,PUR_IED_GustavoR_Ext_7a0c90,,,,,
2026-09-12T20:36:12-05:00,PUR_IED_HernandoDuran_Ext_8cd82b,PUR_IED_HernandoDuran_Ext_8cd82b,,,,,
2026-09-12T20:36:12-05:00,PUR_IED_HernandoDuran_S24_2772c6,PUR_IED_HernandoDuran_S24_2772c6,,,,,
2026-09-12T20:36:12-05:00,PUR_IED_HernandoDuran_S30_f2de41,PUR_IED_HernandoDuran_S30_f2de41,,,,,
2026-09-12T20:36:12-05:00,PUR_IED_HolguInUr_S1101_8cd732,PUR_IED_HolguInUr_S1101_8cd732,,,,,
2026-09-12T20:36:12-05:00,PUR_IED_HolguinUr_Exter_ddae6d,PUR_IED_HolguinUr_Exter_ddae6d,,,,,
2026-09-12T20:36:12-05:00,PUR_IED_HolguinUr_LabQuim_92b952,PUR_IED_HolguinUr_LabQuim_92b952,,,,,
2026-09-12T20:36:12-05:00,PUR_IED_Isabel-II_Ext_5245cc,PUR_IED_Isabel-II_Ext_5245cc,6,20,57,4.6336,-74.153
2026-09-12T20:36:12-05:00,PUR_IED_Isabel-II_S_idiom_1c29aa,PUR_IED_Isabel-II_S_idiom_1c29aa,,,,,
2026-09-12T20:36:12-05:00,PUR_IED_Isabel-II_S_infor_fd741,PUR_IED_Isabel-II_S_infor_fd741,,,,,
2026-09-12T20:36:12-05:00,PUR_IED_IsidroSur_Exterio_5b90ea,PUR_IED_IsidroSur_Exterio_5b90ea,,,,,
2026-09-12T20:36:12-05:00,PUR_IED_IsidroSur_LabTec_56697a,PUR_IED_IsidroSur_LabTec_56697a,,,,,
2026-09-12T20:36:12-05:00,PUR_IED_IsidroSur_Robotic_b7c38f,PUR_IED_IsidroSur_Robotic_b7c38f,,,,,
2026-09-12T20:36:12-05:00,PUR_IED_IsmaelPerd_Ext_7b6672,PUR_IED_IsmaelPerd_Ext_7b6672,,,,,
2026-09-12T20:36:12-05:00,PUR_IED_IsmaelPerd_Inform_306540,PUR_IED_IsmaelPerd_Inform_306540,,,,,
2026-09-12T20:36:12-05:00,PUR_IED_IsmaelPerd_S30_2e2c83,PUR_IED_IsmaelPerd_S30_2e2c83,,,,,
2026-09-12T20:36:12-05:00,PUR_IED_JLozano_Exter_432910,PUR_IED_JLozano_Exter_432910,,,,,
2026-09-12T20:36:12-05:00,PUR_IED_JLozano_salaMulti_df5125,PUR_IED_JLozano_salaMulti_df5125,,,,,
2026-09-12T20:36:12-05:00,PUR_IED_JMCordoba_206_86f80b,PUR_IED_JMCordoba_206_86f80b,,,,,
2026-09-12T20:36:12-05:00,PUR_IED_JMCordoba_Ext_27ad97,PUR_IED_JMCordoba_Ext_27ad97,,,,,
2026-09-12T20:36:12-05:00,PUR_IED_JMCordoba_S310_d59ab4,PUR_IED_JMCordoba_S310_d59ab4,,,,,
2026-09-12T20:36:12-05:00,PUR_IED_Japon_Ext_549100,PUR_IED_Japon_Ext_549100,,,,,
2026-09-12T20:36:12-05:00,PUR_IED_Japon_Laboratorio_bec51d,PUR_IED_Japon_Laboratorio_bec51d,,,,,
2026-09-12T20:36:12-05:00,PUR_IED_Japon_informatica_d99327,PUR_IED_Japon_informatica_d99327,,,,,
2026-09-12T20:36:12-05:00,PUR_IED_Jazmin_Ext_d27bda,PUR_IED_Jazmin_Ext_d27bda,,,,,
2026-09-12T20:36:12-05:00,PUR_IED_Jazmin_Fisica_8d14d7,PUR_IED_Jazmin_Fisica_8d14d7,,,,,
2026-09-12T20:36:12-05:00,PUR_IED_Jazmin_Quimica_801cb5,PUR_IED_Jazmin_Quimica_801cb5,,,,,
2026-09-12T20:36:12-05:00,PUR_IED_JorgeGaitan_Exter_f098d1,PUR_IED_JorgeGaitan_Exter_f098d1,,,,,
2026-09-12T20:36:12-05:00,PUR_IED_JorgeGaitan_STec1_dc9d1d,PUR_IED_JorgeGaitan_STec1_dc9d1d,,,,,
2026-09-12T20:36:12-05:00,PUR_IED_JorgeGaitan_STec2_281e69,PUR_IED_JorgeGaitan_STec2_281e69,,,,,
2026-09-12T20:36:12-05:00,PUR_IED_JorgeSoto_Exterio_d9d0a2,PUR_IED_JorgeSoto_Exterio_d9d0a2,,,,,
2026-09-12T20:36:12-05:00,PUR_IED_JorgeSoto_LabFisi_209c54,PUR_IED_JorgeSoto_LabFisi_209c54,,,,,
2026-09-12T20:36:12-05:00,PUR_IED_JorgeSoto_S103_27b51a,PUR_IED_JorgeSoto_S103_27b51a,,,,,
2026-09-12T20:36:12-05:00,PUR_IED_JoseAcevedo_A02_e965eb,PUR_IED_JoseAcevedo_A02_e965eb,,,,,
2026-09-12T20:36:12-05:00,PUR_IED_JoseAcevedo_A07_dd5b4,PUR_IED_JoseAcevedo_A07_dd5b4,,,,,
2026-09-12T20:36:12-05:00,PUR_IED_JoseAcevedo_Ext_b47484,PUR_IED_JoseAcevedo_Ext_b47484,,,,,
2026-09-12T20:36:12-05:00,PUR_IED_JoseMarti_Exte_5b9bf,PUR_IED_JoseMarti_Exte_5b9bf,,,,,
2026-09-12T20:36:12-05:00,PUR_IED_JoseMarti_LabQuim_1c6c2d,PUR_IED_JoseMarti_LabQuim_1c6c2d,,,,,
2026-09-12T20:36:12-05:00,PUR_IED_JoseMarti_S_info_f5f177,PUR_IED_JoseMarti_S_info_f5f177,,,,,
2026-09-12T20:36:12-05:00,PUR_IED_Josejoaquin_Ext_dfc5dc,PUR_IED_Josejoaquin_Ext_dfc5dc,,,,,
2026-09-12T20:36:12-05:00,PUR_IED_Josejoaquin_S05_5b2a96,PUR_IED_Josejoaquin_S05_5b2a96,,,,,
2026-09-12T20:36:12-05:00,PUR_IED_Josejoaquin_S06_1ce7d2,PUR_IED_Josejoaquin_S06_1ce7d2,,,,,
2026-09-12T20:36:12-05:00,PUR_IED_JulioFlorez_Danza_9b82dd,PUR_IED_JulioFlorez_Danza_9b82dd,,,,,
2026-09-12T20:36:12-05:00,PUR_IED_JulioFlorez_Exter_f9f314,PUR_IED_JulioFlorez_Exter_f9f314,,,,,
2026-09-12T20:36:12-05:00,PUR_IED_JulioFlorez_info2_6b6e08,PUR_IED_JulioFlorez_info2_6b6e08,,,,,
2026-09-12T20:36:12-05:00,PUR_IED_LaBelleza_Aula13_1d00d8,PUR_IED_LaBelleza_Aula13_1d00d8,,,,,
2026-09-12T20:36:12-05:00,PUR_IED_LaBelleza_Ext_7bc08c,PUR_IED_LaBelleza_Ext_7bc08c,,,,,
2026-09-12T20:36:12-05:00,PUR_IED_LaChucua_Ext_8cd6d2,PUR_IED_LaChucua_Ext_8cd6d2,,,,,
2026-09-12T20:36:12-05:00,PUR_IED_LaChucua_S15_f578ce,PUR_IED_LaChucua_S15_f578ce,,,,,
2026-09-12T20:36:12-05:00,PUR_IED_LaChucua_S16_eebcf9,PUR_IED_LaChucua_S16_eebcf9,,,,,
2026-09-12T20:36:12-05:00,PUR_IED_LaFelicidad_Ext_fb5109,PUR_IED_LaFelicidad_Ext_fb5109,,,,,
2026-09-12T20:36:12-05:00,PUR_IED_LaMerced_206_66ebd,PUR_IED_LaMerced_206_66ebd,,,,,
2026-09-12T20:36:12-05:00,PUR_IED_LaMerced_207_6ebd6,PUR_IED_LaMerced_207_6ebd6,,,,,
2026-09-12T20:36:12-05:00,PUR_IED_LaMerced_ext_304311,PUR_IED_LaMerced_ext_304311,,,,,
2026-09-12T20:36:12-05:00,PUR_IED_Laureano_CiencNat_281e5e,PUR_IED_Laureano_CiencNat_281e5e,,,,,
2026-09-12T20:36:12-05:00,PUR_IED_Laureano_Comedor_f65c0a,PUR_IED_Laureano_Comedor_f65c0a,,,,,
2026-09-12T20:36:12-05:00,PUR_IED_Laureano_Exterior_7ab011,PUR_IED_Laureano_Exterior_7ab011,,,,,
2026-09-12T20:36:12-05:00,PUR_IED_LeonGreiff_Exte_dfe560,PUR_IED_LeonGreiff_Exte_dfe560,,,,,
2026-09-12T20:36:12-05:00,PUR_IED_LeonGreiff_S210_f264ed,PUR_IED_LeonGreiff_S210_f264ed,,,,,
2026-09-12T20:36:12-05:00,PUR_IED_LeonGreiff_SQuimi_e8296f,PUR_IED_LeonGreiff_SQuimi_e8296f,,,,,
2026-09-12T20:36:12-05:00,PUR_IED_LlanoOrientalS208_7b9fcd,PUR_IED_LlanoOrientalS208_7b9fcd,,,,,
2026-09-12T20:36:12-05:00,PUR_IED_LlanoOriental_Ext_fb3766,PUR_IED_LlanoOriental_Ext_fb3766,,,,,
2026-09-12T20:36:12-05:00,PUR_IED_LlanoOriental_S208_7b9fcd,PUR_IED_LlanoOriental_S208_7b9fcd,,,,,
2026-09-12T20:36:12-05:00,PUR_IED_LlanoOriental_S9_27b378,PUR_IED_LlanoOriental_S9_27b378,,,,,
2026-09-12T20:36:12-05:00,PUR_IED_LosTejares_1101_477602,PUR_IED_LosTejares_1101_477602,,,,,
2026-09-12T20:36:12-05:00,PUR_IED_LosTejares_11_d2c595,PUR_IED_LosTejares_11_d2c595,,,,,
2026-09-12T20:36:12-05:00,PUR_IED_LosTejares_12_477602,PUR_IED_LosTejares_12_477602,,,,,
2026-09-12T20:36:12-05:00,PUR_IED_LosTejares_Ext_8e2115,PUR_IED_LosTejares_Ext_8e2115,,,,,
2026-09-12T20:36:12-05:00,PUR_IED_MagdalenaO_B202_5ddda3,PUR_IED_MagdalenaO_B202_5ddda3,,,,,
2026-09-12T20:36:12-05:00,PUR_IED_MagdalenaO_B205_fb76e8,PUR_IED_MagdalenaO_B205_fb76e8,,,,,
2026-09-12T20:36:12-05:00,PUR_IED_MagdalenaO_ext_dc69cd,PUR_IED_MagdalenaO_ext_dc69cd,,,,,
2026-09-12T20:36:12-05:00,PUR_IED_ManueCepeda_artes_eee956,PUR_IED_ManueCepeda_artes_eee956,,,,,
2026-09-12T20:36:12-05:00,PUR_IED_ManuelCepeda_Ext_58313,PUR_IED_ManuelCepeda_Ext_58313,,,,,
2026-09-12T20:36:12-05:00,PUR_IED_ManuelCepeda_tec_1c5731,PUR_IED_ManuelCepeda_tec_1c5731,,,,,
2026-09-12T20:36:12-05:00,PUR_IED_ManuelS_Exterior_5b269,PUR_IED_ManuelS_Exterior_5b269,,,,,
2026-09-12T20:36:12-05:00,PUR_IED_ManuelS_Inform_f369ce,PUR_IED_ManuelS_Inform_f369ce,,,,,
2026-09-12T20:36:12-05:00,PUR_IED_ManuelS_SArtes_7d15f1,PUR_IED_ManuelS_SArtes_7d15f1,,,,,
2026-09-12T20:36:12-05:00,PUR_IED_ManuelZapata_303_3ca6,PUR_IED_ManuelZapata_303_3ca6,,,,,
2026-09-12T20:36:12-05:00,PUR_IED_ManuelZapata_311_bfbabc,PUR_IED_ManuelZapata_311_bfbabc,,,,,
2026-09-12T20:36:12-05:00,PUR_IED_ManuelZapata_Ext_50824a,PUR_IED_ManuelZapata_Ext_50824a,,,,,
2026-09-12T20:36:12-05:00,PUR_IED_ManuelitaS_Exteri_656a92,PUR_IED_ManuelitaS_Exteri_656a92,,,,,
2026-09-12T20:36:12-05:00,PUR_IED_ManuelitaS_JuzgDe_f58ec3,PUR_IED_ManuelitaS_JuzgDe_f58ec3,,,,,
2026-09-12T20:36:12-05:00,PUR_IED_ManuelitaS_Recrea_d793db,PUR_IED_ManuelitaS_Recrea_d793db,,,,,
2026-09-12T20:36:12-05:00,PUR_IED_MarFidSuarez_Ext_c27b19,PUR_IED_MarFidSuarez_Ext_c27b19,,,,,
2026-09-12T20:36:12-05:00,PUR_IED_MarFidSuarez_Info_e384d7,PUR_IED_MarFidSuarez_Info_e384d7,,,,,
2026-09-12T20:36:12-05:00,PUR_IED_MarFidSuarez_S306_1d0032,PUR_IED_MarFidSuarez_S306_1d0032,,,,,
2026-09-12T20:36:12-05:00,PUR_IED_Menorah_301_2a25a3,PUR_IED_Menorah_301_2a25a3,,,,,
2026-09-12T20:36:12-05:00,PUR_IED_Menorah_306_37ed3,PUR_IED_Menorah_306_37ed3,,,,,
2026-09-12T20:36:12-05:00,PUR_IED_Menorah_Ext_3e155b,PUR_IED_Menorah_Ext_3e155b,,,,,
2026-09-12T20:36:12-05:00,PUR_IED_MinutoB.Aires_A11_1b1604,PUR_IED_MinutoB.Aires_A11_1b1604,,,,,
2026-09-12T20:36:12-05:00,PUR_IED_MinutoB.Aires_A12_fb5860,PUR_IED_MinutoB.Aires_A12_fb5860,,,,,
2026-09-12T20:36:12-05:00,PUR_IED_MinutoB.Aires_Ext_81293f,PUR_IED_MinutoB.Aires_Ext_81293f,,,,,
2026-09-12T20:36:12-05:00,PUR_IED_MinutoBAires_A11_1b1604,PUR_IED_MinutoBAires_A11_1b1604,,,,,
2026-09-12T20:36:12-05:00,PUR_IED_MinutoBAires_A12_fb5860,PUR_IED_MinutoBAires_A12_fb5860,,,,,
2026-09-12T20:36:12-05:00,PUR_IED_MinutoBAires_Ext_81293f,PUR_IED_MinutoBAires_Ext_81293f,,,,,
2026-09-12T20:36:12-05:00,PUR_IED_Montreal_Aula10_1e4959,PUR_IED_Montreal_Aula10_1e4959,,,,,
2026-09-12T20:36:12-05:00,PUR_IED_Montreal_Aula6_300367,PUR_IED_Montreal_Aula6_300367,,,,,
2026-09-12T20:36:12-05:00,PUR_IED_Montreal_Exterior_91a179,PUR_IED_Montreal_Exterior_91a179,,,,,
2026-09-12T20:36:12-05:00,PUR_IED_Mqgdalena_B202_5ddda3,PUR_IED_Mqgdalena_B202_5ddda3,,,,,
2026-09-12T20:36:12-05:00,PUR_IED_NACUND_Soc_dc8728,PUR_IED_NACUND_Soc_dc8728,,,,,
2026-09-12T20:36:12-05:00,PUR_IED_NACUND_ext_27ad97,PUR_IED_NACUND_ext_27ad97,,,,,
2026-09-12T20:36:12-05:00,PUR_IED_NEsperanza_Ext_d24b61,PUR_IED_NEsperanza_Ext_d24b61,,,,,
2026-09-12T20:36:12-05:00,PUR_IED_NEsperanza_SElect_7d1807,PUR_IED_NEsperanza_SElect_7d1807,,,,,
2026-09-12T20:36:12-05:00,PUR_IED_NEsperanza_SLabor_8b2d0a,PUR_IED_NEsperanza_SLabor_8b2d0a,,,,,
2026-09-12T20:36:12-05:00,PUR_IED_NacionesU_Ext_f661a9,PUR_IED_NacionesU_Ext_f661a9,,,,,
2026-09-12T20:36:12-05:00,PUR_IED_NacionesU_Quimica_66f0a,PUR_IED_NacionesU_Quimica_66f0a,,,,,
2026-09-12T20:36:12-05:00,PUR_IED_NacionesU_S306_1b4b3d,PUR_IED_NacionesU_S306_1b4b3d,,,,,
2026-09-12T20:36:12-05:00,PUR_IED_NestorFA_Ext_e4201c,PUR_IED_NestorFA_Ext_e4201c,,,,,
2026-09-12T20:36:12-05:00,PUR_IED_NestorFA_Laborato_f22fe0,PUR_IED_NestorFA_Laborato_f22fe0,,,,,
2026-09-12T20:36:12-05:00,PUR_IED_NestorFA_S204_dee996,PUR_IED_NestorFA_S204_dee996,,,,,
2026-09-12T20:36:12-05:00,PUR_IED_NidyaQT_Aula03_76999b,PUR_IED_NidyaQT_Aula03_76999b,,,,,
2026-09-12T20:36:12-05:00,PUR_IED_NidyaQT_Aula10_56325,PUR_IED_NidyaQT_Aula10_56325,,,,,
2026-09-12T20:36:12-05:00,PUR_IED_NidyaQT_Ext_46e32d,PUR_IED_NidyaQT_Ext_46e32d,,,,,
2026-09-12T20:36:12-05:00,PUR_IED_NuevaCol_Exterior_d9b859,PUR_IED_NuevaCol_Exterior_d9b859,,,,,
2026-09-12T20:36:12-05:00,PUR_IED_NuevaCol_S1101_76c43b,PUR_IED_NuevaCol_S1101_76c43b,,,,,
2026-09-12T20:36:12-05:00,PUR_IED_NuevaCol_S1102_1ce0b5,PUR_IED_NuevaCol_S1102_1ce0b5,,,,,
2026-09-12T20:36:12-05:00,PUR_IED_OEA_A202_f7e3f2,PUR_IED_OEA_A202_f7e3f2,,,,,
2026-09-12T20:36:12-05:00,PUR_IED_OEA_A203_7d1b8d,PUR_IED_OEA_A203_7d1b8d,,,,,
2026-09-12T20:36:12-05:00,PUR_IED_OEA_Ext_27b593,PUR_IED_OEA_Ext_27b593,,,,,
2026-09-12T20:36:12-05:00,PUR_IED_Ochoa_Ext_1c29da,PUR_IED_Ochoa_Ext_1c29da,,,,,
2026-09-12T20:36:12-05:00,PUR_IED_Ochoa_S205_8b1121,PUR_IED_Ochoa_S205_8b1121,,,,,
2026-09-12T20:36:12-05:00,PUR_IED_Ochoa_Sistemas_f33af6,PUR_IED_Ochoa_Sistemas_f33af6,,,,,
2026-09-12T20:36:12-05:00,PUR_IED_PQuebec_Ext_1c67c7,PUR_IED_PQuebec_Ext_1c67c7,,,,,
2026-09-12T20:36:12-05:00,PUR_IED_PQuebec_S15_23e8e2,PUR_IED_PQuebec_S15_23e8e2,,,,,
2026-09-12T20:36:12-05:00,PUR_IED_PQuebec_S16_8ec76b,PUR_IED_PQuebec_S16_8ec76b,,,,,
2026-09-12T20:36:12-05:00,PUR_IED_PabloN_Ext_49dc96,PUR_IED_PabloN_Ext_49dc96,,,,,
2026-09-12T20:36:12-05:00,PUR_IED_PabloN_S1102_4e3df5,PUR_IED_PabloN_S1102_4e3df5,,,,,
2026-09-12T20:36:12-05:00,PUR_IED_PabloN_S1103_50c94b,PUR_IED_PabloN_S1103_50c94b,,,,,
2026-09-12T20:36:12-05:00,PUR_IED_Palestina_S1101_db9198,PUR_IED_Palestina_S1101_db9198,,,,,
2026-09-12T20:36:12-05:00,PUR_IED_Palestina_S1102_dc54fa,PUR_IED_Palestina_S1102_dc54fa,,,,,
2026-09-12T20:36:12-05:00,PUR_IED_Palestina_ext_4ccce6,PUR_IED_Palestina_ext_4ccce6,,,,,
2026-09-12T20:36:12-05:00,PUR_IED_Panama_Fisica_4d0794,PUR_IED_Panama_Fisica_4d0794,,,,,
2026-09-12T20:36:12-05:00,PUR_IED_Panama_SIngles_a4077e,PUR_IED_Panama_SIngles_a4077e,,,,,
2026-09-12T20:36:12-05:00,PUR_IED_Panama_ext_4c54b4,PUR_IED_Panama_ext_4c54b4,,,,,
2026-09-12T20:36:12-05:00,PUR_IED_ParaisoM_Exterior_8cd7f0,PUR_IED_ParaisoM_Exterior_8cd7f0,,,,,
2026-09-12T20:36:12-05:00,PUR_IED_ParaisoM_Laborato_27af35,PUR_IED_ParaisoM_Laborato_27af35,,,,,
2026-09-12T20:36:12-05:00,PUR_IED_ParaisoM_S304_d1edca,PUR_IED_ParaisoM_S304_d1edca,,,,,
2026-09-12T20:36:12-05:00,PUR_IED_PorfirioBarba_Ext_301466,PUR_IED_PorfirioBarba_Ext_301466,,,,,
2026-09-12T20:36:12-05:00,PUR_IED_PorfirioBarba_S11_df6cd2,PUR_IED_PorfirioBarba_S11_df6cd2,,,,,
2026-09-12T20:36:12-05:00,PUR_IED_PorfirioBarba_S29_27a7d6,PUR_IED_PorfirioBarba_S29_27a7d6,,,,,
2026-09-12T20:36:12-05:00,PUR_IED_PradoV_Exter_8b27ad,PUR_IED_PradoV_Exter_8b27ad,,,,,
2026-09-12T20:36:12-05:00,PUR_IED_PradoV_S301_de65b5,PUR_IED_PradoV_S301_de65b5,,,,,
2026-09-12T20:36:12-05:00,PUR_IED_PradoV_S302_7d2593,PUR_IED_PradoV_S302_7d2593,,,,,
2026-09-12T20:36:12-05:00,PUR_IED_QuirogaAlz_Ext_1ddc82,PUR_IED_QuirogaAlz_Ext_1ddc82,,,,,
2026-09-12T20:36:12-05:00,PUR_IED_QuirogaAlz_S302_9926a3,PUR_IED_QuirogaAlz_S302_9926a3,,,,,
2026-09-12T20:36:12-05:00,PUR_IED_QuirogaAlz_S305_cdf1f1,PUR_IED_QuirogaAlz_S305_cdf1f1,,,,,
2026-09-12T20:36:12-05:00,PUR_IED_RGuatemala_Biling_dc53b7,PUR_IED_RGuatemala_Biling_dc53b7,,,,,
2026-09-12T20:36:12-05:00,PUR_IED_RGuatemala_Ext_1b89a3,PUR_IED_RGuatemala_Ext_1b89a3,,,,,
2026-09-12T20:36:12-05:00,PUR_IED_RGuatemala_Tecnol_281a34,PUR_IED_RGuatemala_Tecnol_281a34,,,,,
2026-09-12T20:36:12-05:00,PUR_IED_RafaNu_Ext_f7c302,PUR_IED_RafaNu_Ext_f7c302,,,,,
2026-09-12T20:36:12-05:00,PUR_IED_RafaNu_S1101_25fde,PUR_IED_RafaNu_S1101_25fde,,,,,
2026-09-12T20:36:12-05:00,PUR_IED_RafaNu_S1102_281517,PUR_IED_RafaNu_S1102_281517,,,,,
2026-09-12T20:36:12-05:00,PUR_IED_RafaelB_S305_ee2783,PUR_IED_RafaelB_S305_ee2783,,,,,
2026-09-12T20:36:12-05:00,PUR_IED_RafaelB_S306_75fe33,PUR_IED_RafaelB_S306_75fe33,,,,,
2026-09-12T20:36:12-05:00,PUR_IED_RafaelB_ext_283336,PUR_IED_RafaelB_ext_283336,3,19,60,4.6722,-74.0737
2026-09-12T20:36:12-05:00,PUR_IED_RafaelUU_Exterior_281a51,PUR_IED_RafaelUU_Exterior_281a51,,,,,
2026-09-12T20:36:12-05:00,PUR_IED_RafaelUU_Human_806b2,PUR_IED_RafaelUU_Human_806b2,,,,,
2026-09-12T20:36:12-05:00,PUR_IED_RafaelUU_Mate2_5680d4,PUR_IED_RafaelUU_Mate2_5680d4,,,,,
2026-09-12T20:36:12-05:00,PUR_IED_RamonSub_Ext_f9eeb9,PUR_IED_RamonSub_Ext_f9eeb9,,,,,
2026-09-12T20:36:12-05:00,PUR_IED_RamonSub_Media_d1f62f,PUR_IED_RamonSub_Media_d1f62f,,,,,
2026-09-12T20:36:12-05:00,PUR_IED_RamonSub_planta_51b82,PUR_IED_RamonSub_planta_51b82,,,,,
2026-09-12T20:36:12-05:00,PUR_IED_RepBoliVene_Exter_27af7c,PUR_IED_RepBoliVene_Exter_27af7c,,,,,
2026-09-12T20:36:12-05:00,PUR_IED_RepBoliVene_SCPT_5ae2ee,PUR_IED_RepBoliVene_SCPT_5ae2ee,,,,,
2026-09-12T20:36:12-05:00,PUR_IED_RepBoliVene_Socia_4b11d5,PUR_IED_RepBoliVene_Socia_4b11d5,,,,,
2026-09-12T20:36:12-05:00,PUR_IED_RepChina_Ext_76d9ee,PUR_IED_RepChina_Ext_76d9ee,,,,,
2026-09-12T20:36:12-05:00,PUR_IED_RepChina_S404_7c804c,PUR_IED_RepChina_S404_7c804c,,,,,
2026-09-12T20:36:12-05:00,PUR_IED_RepChina_S405_df2c33,PUR_IED_RepChina_S405_df2c33,,,,,
2026-09-12T20:36:12-05:00,PUR_IED_RepublicaC_Exteri_7d1ec9,PUR_IED_RepublicaC_Exteri_7d1ec9,,,,,
2026-09-12T20:36:12-05:00,PUR_IED_RepublicaC_S1101_f544b3,PUR_IED_RepublicaC_S1101_f544b3,,,,,
2026-09-12T20:36:12-05:00,PUR_IED_RepublicaC_S1102_7aafc7,PUR_IED_RepublicaC_S1102_7aafc7,,,,,
2026-09-12T20:36:12-05:00,PUR_IED_Ricaurte_Externo_a0ea1,PUR_IED_Ricaurte_Externo_a0ea1,,,,,
2026-09-12T20:36:12-05:00,PUR_IED_Ricaurte_S210_f546fd,PUR_IED_Ricaurte_S210_f546fd,,,,,
2026-09-12T20:36:12-05:00,PUR_IED_Ricaurte_S309_d4452,PUR_IED_Ricaurte_S309_d4452,,,,,
2026-09-12T20:36:12-05:00,PUR_IED_RogelioS_1102_531e69,PUR_IED_RogelioS_1102_531e69,,,,,
2026-09-12T20:36:12-05:00,PUR_IED_RogelioS_Ext_f25a18,PUR_IED_RogelioS_Ext_f25a18,,,,,
2026-09-12T20:36:12-05:00,PUR_IED_SBernardino_Ext_27aff8,PUR_IED_SBernardino_Ext_27aff8,,,,,
2026-09-12T20:36:12-05:00,PUR_IED_SBernardino_SArte_2ffd33,PUR_IED_SBernardino_SArte_2ffd33,,,,,
2026-09-12T20:36:12-05:00,PUR_IED_SBernardino_SIngl_7c7da5,PUR_IED_SBernardino_SIngl_7c7da5,,,,,
2026-09-12T20:36:12-05:00,PUR_IED_Sago_auditorio_dc9d1d,PUR_IED_Sago_auditorio_dc9d1d,,,,,
2026-09-12T20:36:12-05:00,PUR_IED_Saludcoop_Ext_95aac3,PUR_IED_Saludcoop_Ext_95aac3,,,,,
2026-09-12T20:36:12-05:00,PUR_IED_Saludcoop_InfI_90c854,PUR_IED_Saludcoop_InfI_90c854,,,,,
2026-09-12T20:36:12-05:00,PUR_IED_Saludcoop_SMedia_1b93be,PUR_IED_Saludcoop_SMedia_1b93be,,,,,
2026-09-12T20:36:12-05:00,PUR_IED_SanCarlos_1101_1a2360,PUR_IED_SanCarlos_1101_1a2360,,,,,
2026-09-12T20:36:12-05:00,PUR_IED_SanCarlos_1103_7bafb5,PUR_IED_SanCarlos_1103_7bafb5,,,,,
2026-09-12T20:36:12-05:00,PUR_IED_SanCarlos_Ext_b7cd1,PUR_IED_SanCarlos_Ext_b7cd1,,,,,
2026-09-12T20:36:12-05:00,PUR_IED_SanIgnacioBosa11a_50c26e,PUR_IED_SanIgnacioBosa11a_50c26e,,,,,
2026-09-12T20:36:12-05:00,PUR_IED_SanIgnacioBosa11b_371de8,PUR_IED_SanIgnacioBosa11b_371de8,,,,,
2026-09-12T20:36:12-05:00,PUR_IED_SanIgnacioBosaExt_ef0ffc,PUR_IED_SanIgnacioBosaExt_ef0ffc,,,,,
2026-09-12T20:36:12-05:00,PUR_IED_SanIgnacioBosa_11a_50c26e,PUR_IED_SanIgnacioBosa_11a_50c26e,,,,,
2026-09-12T20:36:12-05:00,PUR_IED_SanIgnacioBosa_Ext_ef0ffc,PUR_IED_SanIgnacioBosa_Ext_ef0ffc,,,,,
2026-09-12T20:36:12-05:00,PUR_IED_SanJoseN_intS1101_31c47f,PUR_IED_SanJoseN_intS1101_31c47f,,,,,
2026-09-12T20:36:12-05:00,PUR_IED_SanJoseUsm_Exter_f5d7e8,PUR_IED_SanJoseUsm_Exter_f5d7e8,,,,,
2026-09-12T20:36:12-05:00,PUR_IED_SanJoseUsm_Int11A_cfdef6,PUR_IED_SanJoseUsm_Int11A_cfdef6,,,,,
2026-09-12T20:36:12-05:00,PUR_IED_SilveriaR_IntB5_905349,PUR_IED_SilveriaR_IntB5_905349,,,,,
2026-09-12T20:36:12-05:00,PUR_IED_SilveriaR_IntSD14_981f93,PUR_IED_SilveriaR_IntSD14_981f93,,,,,
2026-09-12T20:36:12-05:00,PUR_IED_SilveriaR_ext_2b651d,PUR_IED_SilveriaR_ext_2b651d,,,,,
2026-09-12T20:36:12-05:00,PUR_IED_SimonB_Exterior_913975,PUR_IED_SimonB_Exterior_913975,,,,,
2026-09-12T20:36:12-05:00,PUR_IED_SimonB_LabQuimi_c56908,PUR_IED_SimonB_LabQuimi_c56908,,,,,
2026-09-12T20:36:12-05:00,PUR_IED_SimonB_informatic_a28c1,PUR_IED_SimonB_informatic_a28c1,,,,,
2026-09-12T20:36:12-05:00,PUR_IED_Sorrento_1102_315f50,PUR_IED_Sorrento_1102_315f50,,,,,
2026-09-12T20:36:12-05:00,PUR_IED_Sorrento_Minte_214eab,PUR_IED_Sorrento_Minte_214eab,,,,,
2026-09-12T20:36:12-05:00,PUR_IED_Sorrento_ext_7c3a0a,PUR_IED_Sorrento_ext_7c3a0a,,,,,
2026-09-12T20:36:12-05:00,PUR_IED_Tabora_Ext_f048ae,PUR_IED_Tabora_Ext_f048ae,,,,,
2026-09-12T20:36:12-05:00,PUR_IED_Tabora_S1102_b07752,PUR_IED_Tabora_S1102_b07752,,,,,
2026-09-12T20:36:12-05:00,PUR_IED_Tabora_S1103_d988f5,PUR_IED_Tabora_S1103_d988f5,,,,,
2026-09-12T20:36:12-05:00,PUR_IED_Tenerife_Ext_1ab188,PUR_IED_Tenerife_Ext_1ab188,,,,,
2026-09-12T20:36:12-05:00,PUR_IED_Tenerife_SDanzas_7bc02e,PUR_IED_Tenerife_SDanzas_7bc02e,,,,,
2026-09-12T20:36:12-05:00,PUR_IED_Tenerife_SIngles_7cc277,PUR_IED_Tenerife_SIngles_7cc277,,,,,
2026-09-12T20:36:12-05:00,PUR_IED_Tibabuyes_Exter_f2683d,PUR_IED_Tibabuyes_Exter_f2683d,,,,,
2026-09-12T20:36:12-05:00,PUR_IED_Tibabuyes_S10_dc87a8,PUR_IED_Tibabuyes_S10_dc87a8,,,,,
2026-09-12T20:36:12-05:00,PUR_IED_Tibabuyes_S15_dc0526,PUR_IED_Tibabuyes_S15_dc0526,,,,,
2026-09-12T20:36:12-05:00,PUR_IED_UnionE_S301_a1043,PUR_IED_UnionE_S301_a1043,,,,,
2026-09-12T20:36:12-05:00,PUR_IED_UnionE_S307_ff6c2f,PUR_IED_UnionE_S307_ff6c2f,,,,,
2026-09-12T20:36:12-05:00,PUR_IED_UnionE__Ext_5e2468,PUR_IED_UnionE__Ext_5e2468,,,,,
2026-09-12T20:36:12-05:00,PUR_IED_VillaRica_Ext_75be7c,PUR_IED_VillaRica_Ext_75be7c,,,,,
2026-09-12T20:36:12-05:00,PUR_IED_VillaRica_S4_cc5dcd,PUR_IED_VillaRica_S4_cc5dcd,,,,,
2026-09-12T20:36:12-05:00,PUR_IED_VillaRica_Sesp_99f5c,PUR_IED_VillaRica_Sesp_99f5c,,,,,
2026-09-12T20:41:39-05:00,PUR_IED_20deJulio_1101_91b1b9,PUR_IED_20deJulio_1101_91b1b9,,,,,
2026-09-12T20:41:39-05:00,PUR_IED_20deJulio_1102_1cfcf9,PUR_IED_20deJulio_1102_1cfcf9,,,,,
2026-09-12T20:41:39-05:00,PUR_IED_20deJulio_Ext_ab60bd,PUR_IED_20deJulio_Ext_ab60bd,,,,,
2026-09-12T20:41:39-05:00,PUR_IED_AgustinFer_Ext_7b9b77,PUR_IED_AgustinFer_Ext_7b9b77,,,,,
2026-09-12T20:41:39-05:00,PUR_IED_AgustinFer_Info2_27b3a7,PUR_IED_AgustinFer_Info2_27b3a7,,,,,
2026-09-12T20:41:39-05:00,PUR_IED_AgustinFer_Sena_54b4eb,PUR_IED_AgustinFer_Sena_54b4eb,,,,,
2026-09-12T20:41:39-05:00,PUR_IED_AlexanderF_1102_caf07b,PUR_IED_AlexanderF_1102_caf07b,,,,,
2026-09-12T20:41:39-05:00,PUR_IED_AlexanderF_1103_c79e71,PUR_IED_AlexanderF_1103_c79e71,,,,,
2026-09-12T20:41:39-05:00,PUR_IED_AlexanderF_Ext_c5b18b,PUR_IED_AlexanderF_Ext_c5b18b,,,,,
2026-09-12T20:41:39-05:00,PUR_IED_AlfonsoLopez_Ext_281d77,PUR_IED_AlfonsoLopez_Ext_281d77,,,,,
2026-09-12T20:41:39-05:00,PUR_IED_AlfonsoLopez_LabF_888ce0,PUR_IED_AlfonsoLopez_LabF_888ce0,,,,,
2026-09-12T20:41:39-05:00,PUR_IED_AlfonsoLopez_SMed_df6a7f,PUR_IED_AlfonsoLopez_SMed_df6a7f,,,,,
2026-09-12T20:41:39-05:00,PUR_IED_AltamiraSO_A2_209f92,PUR_IED_AltamiraSO_A2_209f92,,,,,
2026-09-12T20:41:39-05:00,PUR_IED_AltamiraSO_Ext_186d66,PUR_IED_AltamiraSO_Ext_186d66,,,,,
2026-09-12T20:41:39-05:00,PUR_IED_AltamiraSO_Sistem_27afe1,PUR_IED_AltamiraSO_Sistem_27afe1,,,,,
2026-09-12T20:41:39-05:00,PUR_IED_AlvaroGom_LabQuim_813179,PUR_IED_AlvaroGom_LabQuim_813179,,,,,
2026-09-12T20:41:39-05:00,PUR_IED_AlvaroGomez_Ext_47c7ca,PUR_IED_AlvaroGomez_Ext_47c7ca,,,,,
2026-09-12T20:41:39-05:00,PUR_IED_AlvaroGomez_LabQuim_813179,PUR_IED_AlvaroGomez_LabQuim_813179,,,,,
2026-09-12T20:41:39-05:00,PUR_IED_AlvaroGomez_S23_7ba89f,PUR_IED_AlvaroGomez_S23_7ba89f,,,,,
2026-09-12T20:41:39-05:00,PUR_IED_Amistad_306_dc8728,PUR_IED_Amistad_306_dc8728,,,,,
2026-09-12T20:41:39-05:00,PUR_IED_Amistad_Ext_8cd55e,PUR_IED_Amistad_Ext_8cd55e,,,,,
2026-09-12T20:41:39-05:00,PUR_IED_Amistad_S202_a41169,PUR_IED_Amistad_S202_a41169,,,,,
2026-09-12T20:41:39-05:00,PUR_IED_AndresBello_Bio_fd5f5e,PUR_IED_AndresBello_Bio_fd5f5e,,,,,
2026-09-12T20:41:39-05:00,PUR_IED_AndresBello_ext_dcad65,PUR_IED_AndresBello_ext_dcad65,,,,,
2026-09-12T20:41:39-05:00,PUR_IED_AndresBello_port_eed3ec,PUR_IED_AndresBello_port_eed3ec,,,,,
2026-09-12T20:41:39-05:00,PUR_IED_AngelaR_11b_d90a6b,PUR_IED_AngelaR_11b_d90a6b,,,,,
2026-09-12T20:41:39-05:00,PUR_IED_AngelaR_ext_7cad3e,PUR_IED_AngelaR_ext_7cad3e,3,19,63,4.5825,-74.164497
2026-09-12T20:41:39-05:00,PUR_IED_AntJoseSucre_10mo_df2575,PUR_IED_AntJoseSucre_10mo_df2575,,,,,
2026-09-12T20:41:39-05:00,PUR_IED_AntJoseSucre_Ext_215b36,PUR_IED_AntJoseSucre_Ext_215b36,,,,,
2026-09-12T20:41:39-05:00,PUR_IED_AntJoseSucre_Lab_3139de,PUR_IED_AntJoseSucre_Lab_3139de,,,,,
2026-09-12T20:41:39-05:00,PUR_IED_AntonioGarcia_301_d6b188,PUR_IED_AntonioGarcia_301_d6b188,,,,,
2026-09-12T20:41:39-05:00,PUR_IED_AntonioGarcia_302_88a82,PUR_IED_AntonioGarcia_302_88a82,,,,,
2026-09-12T20:41:39-05:00,PUR_IED_AntonioGarcia_Ext_20950c,PUR_IED_AntonioGarcia_Ext_20950c,,,,,
2026-09-12T20:41:39-05:00,PUR_IED_AntonioVan_Aula2_6dea02,PUR_IED_AntonioVan_Aula2_6dea02,,,,,
2026-09-12T20:41:39-05:00,PUR_IED_AntonioVan_Aula5_f1557e,PUR_IED_AntonioVan_Aula5_f1557e,,,,,
2026-09-12T20:41:39-05:00,PUR_IED_AntonioVan_Ext_406f2f,PUR_IED_AntonioVan_Ext_406f2f,,,,,
2026-09-12T20:41:39-05:00,PUR_IED_Atabanzha_Ext_cc5af9,PUR_IED_Atabanzha_Ext_cc5af9,,,,,
2026-09-12T20:41:39-05:00,PUR_IED_Atabanzha_SA101_56c37,PUR_IED_Atabanzha_SA101_56c37,,,,,
2026-09-12T20:41:39-05:00,PUR_IED_Atabanzha_SB302_27b374,PUR_IED_Atabanzha_SB302_27b374,,,,,
2026-09-12T20:41:39-05:00,PUR_IED_Atahualpa_Ext_fc1748,PUR_IED_Atahualpa_Ext_fc1748,,,,,
2026-09-12T20:41:39-05:00,PUR_IED_Atahualpa_Informa_dc9a95,PUR_IED_Atahualpa_Informa_dc9a95,,,,,
2026-09-12T20:41:39-05:00,PUR_IED_Atahualpa_S1101_f98056,PUR_IED_Atahualpa_S1101_f98056,,,,,
2026-09-12T20:41:39-05:00,PUR_IED_Bellavista_Ext_f5aa74,PUR_IED_Bellavista_Ext_f5aa74,,,,,
2026-09-12T20:41:39-05:00,PUR_IED_Bilbao_11A_916c41,PUR_IED_Bilbao_11A_916c41,,,,,
2026-09-12T20:41:39-05:00,PUR_IED_Bilbao_Ext_fb579a,PUR_IED_Bilbao_Ext_fb579a,,,,,
2026-09-12T20:41:39-05:00,PUR_IED_BrasiliaU_A125_304280,PUR_IED_BrasiliaU_A125_304280,,,,,
2026-09-12T20:41:39-05:00,PUR_IED_BrasiliaU_A203_7c8ca5,PUR_IED_BrasiliaU_A203_7c8ca5,,,,,
2026-09-12T20:41:39-05:00,PUR_IED_BrasiliaU_Ext_8d6e9f,PUR_IED_BrasiliaU_Ext_8d6e9f,5,18,63,4.5175,-74.116302
2026-09-12T20:41:39-05:00,PUR_IED_Brasilia_Ext_fe6593,PUR_IED_Brasilia_Ext_fe6593,,,,,
2026-09-12T20:41:39-05:00,PUR_IED_Brasilia_S24_7c130d,PUR_IED_Brasilia_S24_7c130d,,,,,
2026-09-12T20:41:39-05:00,PUR_IED_Brasilia_S501_186a54,PUR_IED_Brasilia_S501_186a54,,,,,
2026-09-12T20:41:39-05:00,PUR_IED_CHARRY_EXT_f1d5cd,PUR_IED_CHARRY_EXT_f1d5cd,,,,,
2026-09-12T20:41:39-05:00,PUR_IED_CHARRY_INTDANZAS_7a08e6,PUR_IED_CHARRY_INTDANZAS_7a08e6,,,,,
2026-09-12T20:41:39-05:00,PUR_IED_CHARRY_INT_AULA20_dc998d,PUR_IED_CHARRY_INT_AULA20_dc998d,,,,,
2026-09-12T20:41:39-05:00,PUR_IED_COLVIV_1101_S25_7f520a,PUR_IED_COLVIV_1101_S25_7f520a,,,,,
2026-09-12T20:41:39-05:00,PUR_IED_COLVIV_1102_S16_f570ba,PUR_IED_COLVIV_1102_S16_f570ba,,,,,
2026-09-12T20:41:39-05:00,PUR_IED_COLVIV_Ext_1a26fa,PUR_IED_COLVIV_Ext_1a26fa,,,,,
2026-09-12T20:41:39-05:00,PUR_IED_CULPOP_301A_f660f3,PUR_IED_CULPOP_301A_f660f3,,,,,
2026-09-12T20:41:39-05:00,PUR_IED_CULPOP_303_568afe,PUR_IED_CULPOP_303_568afe,,,,,
2026-09-12T20:41:39-05:00,PUR_IED_CULPOP_Ext_e02ccb,PUR_IED_CULPOP_Ext_e02ccb,,,,,
2026-09-12T20:41:39-05:00,PUR_IED_CVillavicen_Ext_26eb58,PUR_IED_CVillavicen_Ext_26eb58,4,15,78,4.487,-74.102798
2026-09-12T20:41:39-05:00,PUR_IED_CVillavicen_Intel_1ce5c2,PUR_IED_CVillavicen_Intel_1ce5c2,,,,,
2026-09-12T20:41:39-05:00,PUR_IED_CVillavicen_Poliv_e0766c,PUR_IED_CVillavicen_Poliv_e0766c,,,,,
2026-09-12T20:41:39-05:00,PUR_IED_CVillavicen_int_1ba140,PUR_IED_CVillavicen_int_1ba140,,,,,
2026-09-12T20:41:39-05:00,PUR_IED_CVillavicen_intel_1ba140,PUR_IED_CVillavicen_intel_1ba140,,,,,
2026-09-12T20:41:39-05:00,PUR_IED_CarlosPizarro_Ext_e307cc,PUR_IED_CarlosPizarro_Ext_e307cc,,,,,
2026-09-12T20:41:39-05:00,PUR_IED_CarlosPizarro_L36_7e5cdb,PUR_IED_CarlosPizarro_L36_7e5cdb,,,,,
2026-09-12T20:41:39-05:00,PUR_IED_CarlosPizarro_L37_c8566c,PUR_IED_CarlosPizarro_L37_c8566c,,,,,
2026-09-12T20:41:39-05:00,PUR_IED_Castilla_Ext_cf35f,PUR_IED_Castilla_Ext_cf35f,,,,,
2026-09-12T20:41:39-05:00,PUR_IED_Castilla_SFisik_360e38,PUR_IED_Castilla_SFisik_360e38,,,,,
2026-09-12T20:41:39-05:00,PUR_IED_Castilla_Sc304_496fbf,PUR_IED_Castilla_Sc304_496fbf,,,,,
2026-09-12T20:41:39-05:00,PUR_IED_CervantesSa_Ext_6b57b,PUR_IED_CervantesSa_Ext_6b57b,4,18,67,4.5128,-74.117203
2026-09-12T20:41:39-05:00,PUR_IED_CervantesSa_S107_225c2b,PUR_IED_CervantesSa_S107_225c2b,,,,,
2026-09-12T20:41:39-05:00,PUR_IED_CervantesSa_S108_940925,PUR_IED_CervantesSa_S108_940925,,,,,
2026-09-12T20:41:39-05:00,PUR_IED_Charry_A20_f53e7c,PUR_IED_Charry_A20_f53e7c,,,,,
2026-09-12T20:41:39-05:00,PUR_IED_Charry_Ext_f1d5cd,PUR_IED_Charry_Ext_f1d5cd,,,,,
2026-09-12T20:41:39-05:00,PUR_IED_Charry_IntAula20_dc998d,PUR_IED_Charry_IntAula20_dc998d,,,,,
2026-09-12T20:41:39-05:00,PUR_IED_Charry_IntDanzas_7a08e6,PUR_IED_Charry_IntDanzas_7a08e6,,,,,
2026-09-12T20:41:39-05:00,PUR_IED_ClememciaC_203_43e2fc,PUR_IED_ClememciaC_203_43e2fc,,,,,
2026-09-12T20:41:39-05:00,PUR_IED_ClememciaC_Ext_1b411a,PUR_IED_ClememciaC_Ext_1b411a,,,,,
2026-09-12T20:41:39-05:00,PUR_IED_ClememciaC_Quimic_44b5fc,PUR_IED_ClememciaC_Quimic_44b5fc,,,,,
2026-09-12T20:41:39-05:00,PUR_IED_ClemenciaC_203_43e2fc,PUR_IED_ClemenciaC_203_43e2fc,,,,,
2026-09-12T20:41:39-05:00,PUR_IED_ClemenciaC_Ext_1b411a,PUR_IED_ClemenciaC_Ext_1b411a,,,,,
2026-09-12T20:41:39-05:00,PUR_IED_ClemenciaC_Quimic_44b5fc,PUR_IED_ClemenciaC_Quimic_44b5fc,,,,,
2026-09-12T20:41:39-05:00,PUR_IED_ColViva_1101_S25_7f520a,PUR_IED_ColViva_1101_S25_7f520a,,,,,
2026-09-12T20:41:39-05:00,PUR_IED_ColViva_1102_S16_f570ba,PUR_IED_ColViva_1102_S16_f570ba,,,,,
2026-09-12T20:41:39-05:00,PUR_IED_ColViva_Ext_1a26fa,PUR_IED_ColViva_Ext_1a26fa,,,,,
2026-09-12T20:41:39-05:00,PUR_IED_ColegioBici_Asist_7c8798,PUR_IED_ColegioBici_Asist_7c8798,,,,,
2026-09-12T20:41:39-05:00,PUR_IED_ColegioBici_Ext_25cbf6,PUR_IED_ColegioBici_Ext_25cbf6,,,,,
2026-09-12T20:41:39-05:00,PUR_IED_ColegioBici_LabQ_7b57db,PUR_IED_ColegioBici_LabQ_7b57db,,,,,
2026-09-12T20:41:39-05:00,PUR_IED_CostaRica_Ext_5e640,PUR_IED_CostaRica_Ext_5e640,,,,,
2026-09-12T20:41:39-05:00,PUR_IED_CostaRica_Quim1_766d1c,PUR_IED_CostaRica_Quim1_766d1c,,,,,
2026-09-12T20:41:39-05:00,PUR_IED_CostaRica__Fisica_6f0873,PUR_IED_CostaRica__Fisica_6f0873,,,,,
2026-09-12T20:41:39-05:00,PUR_IED_CulPopu_301A_f660f3,PUR_IED_CulPopu_301A_f660f3,,,,,
2026-09-12T20:41:39-05:00,PUR_IED_CulPopu_303_568afe,PUR_IED_CulPopu_303_568afe,,,,,
2026-09-12T20:41:39-05:00,PUR_IED_CulPopu_Ext_e02ccb,PUR_IED_CulPopu_Ext_e02ccb,,,,,
2026-09-12T20:41:39-05:00,PUR_IED_Cundinamarca_Ext_f15985,PUR_IED_Cundinamarca_Ext_f15985,,,,,
2026-09-12T20:41:39-05:00,PUR_IED_Cundinamarca_Info_7aa5d7,PUR_IED_Cundinamarca_Info_7aa5d7,,,,,
2026-09-12T20:41:39-05:00,PUR_IED_Cundinamarca_Tec2_f449c7,PUR_IED_Cundinamarca_Tec2_f449c7,,,,,
2026-09-12T20:41:39-05:00,PUR_IED_DiegoM_Aula1_27b314,PUR_IED_DiegoM_Aula1_27b314,,,,,
2026-09-12T20:41:39-05:00,PUR_IED_DiegoM_Ext_d80ac8,PUR_IED_DiegoM_Ext_d80ac8,,,,,
2026-09-12T20:41:39-05:00,PUR_IED_DiegoM_S25_da928f,PUR_IED_DiegoM_S25_da928f,,,,,
2026-09-12T20:41:39-05:00,PUR_IED_ELRODEO_360881,PUR_IED_ELRODEO_360881,,,,,
2026-09-12T20:41:39-05:00,PUR_IED_ELRODEO_ext_360881,PUR_IED_ELRODEO_ext_360881,,,,,
2026-09-12T20:41:39-05:00,PUR_IED_EduardoU_Ext_1c1969,PUR_IED_EduardoU_Ext_1c1969,,,,,
2026-09-12T20:41:39-05:00,PUR_IED_EduardoU_SCiencia_4dfb94,PUR_IED_EduardoU_SCiencia_4dfb94,,,,,
2026-09-12T20:41:39-05:00,PUR_IED_EduardoU_SQuimica_5a46e7,PUR_IED_EduardoU_SQuimica_5a46e7,,,,,
2026-09-12T20:41:39-05:00,PUR_IED_ElRodeo_Aula14_676984,PUR_IED_ElRodeo_Aula14_676984,,,,,
2026-09-12T20:41:39-05:00,PUR_IED_ElRodeo_Aula16_2dd35b,PUR_IED_ElRodeo_Aula16_2dd35b,,,,,
2026-09-12T20:41:39-05:00,PUR_IED_ElRodeo_Ext_360881,PUR_IED_ElRodeo_Ext_360881,,,,,
2026-09-12T20:41:39-05:00,PUR_IED_ElRodeo_Exterior_8c6d28,PUR_IED_ElRodeo_Exterior_8c6d28,,,,,
2026-09-12T20:41:39-05:00,PUR_IED_ElRodeo_ext_360881,PUR_IED_ElRodeo_ext_360881,,,,,
2026-09-12T20:41:39-05:00,PUR_IED_EmmaReyes_Ext_987625,PUR_IED_EmmaReyes_Ext_987625,5,21,52,4.6367,-74.1511
2026-09-12T20:41:39-05:00,PUR_IED_Ensueño_Ext_7f0250,PUR_IED_Ensueño_Ext_7f0250,,,,,
2026-09-12T20:41:39-05:00,PUR_IED_EscNormal_Ext_5fef3b,PUR_IED_EscNormal_Ext_5fef3b,2,19,59,4.5852,-74.096901
2026-09-12T20:41:39-05:00,PUR_IED_EscNormal_S309_5b263,PUR_IED_EscNormal_S309_5b263,,,,,
2026-09-12T20:41:39-05:00,PUR_IED_EscNormal_S310_27b3b8,PUR_IED_EscNormal_S310_27b3b8,,,,,
2026-09-12T20:41:39-05:00,PUR_IED_Evangelista_Conta_f6cd4f,PUR_IED_Evangelista_Conta_f6cd4f,,,,,
2026-09-12T20:41:39-05:00,PUR_IED_Evangelista_Cri_5e16a,PUR_IED_Evangelista_Cri_5e16a,,,,,
2026-09-12T20:41:39-05:00,PUR_IED_Evangelista_Exter_754066,PUR_IED_Evangelista_Exter_754066,,,,,
2026-09-12T20:41:39-05:00,PUR_IED_FMiranda_S209_5cc2a3,PUR_IED_FMiranda_S209_5cc2a3,,,,,
2026-09-12T20:41:39-05:00,PUR_IED_FMiranda_S303_19e344,PUR_IED_FMiranda_S303_19e344,,,,,
2026-09-12T20:41:39-05:00,PUR_IED_FMiranda_ext_f53e7c,PUR_IED_FMiranda_ext_f53e7c,,,,,
2026-09-12T20:41:39-05:00,PUR_IED_FabioLozano_Bibli_1cee05,PUR_IED_FabioLozano_Bibli_1cee05,,,,,
2026-09-12T20:41:39-05:00,PUR_IED_FabioLozano_Ext_6ea285,PUR_IED_FabioLozano_Ext_6ea285,,,,,
2026-09-12T20:41:39-05:00,PUR_IED_FabioLozano_SLudi_f09e1e,PUR_IED_FabioLozano_SLudi_f09e1e,,,,,
2026-09-12T20:41:39-05:00,PUR_IED_FaustinoS_Aula07_27a731,PUR_IED_FaustinoS_Aula07_27a731,,,,,
2026-09-12T20:41:39-05:00,PUR_IED_FaustinoS_Ext_7b936f,PUR_IED_FaustinoS_Ext_7b936f,,,,,
2026-09-12T20:41:39-05:00,PUR_IED_FaustinoS_Fisica_da2c60,PUR_IED_FaustinoS_Fisica_da2c60,,,,,
2026-09-12T20:41:39-05:00,PUR_IED_FeGarciaLo_Ext_dc68ee,PUR_IED_FeGarciaLo_Ext_dc68ee,,,,,
2026-09-12T20:41:39-05:00,PUR_IED_FeGarciaLo_SDanza_f70a59,PUR_IED_FeGarciaLo_SDanza_f70a59,,,,,
2026-09-12T20:41:39-05:00,PUR_IED_FeGarciaLo_SMusic_125cdd,PUR_IED_FeGarciaLo_SMusic_125cdd,,,,,
2026-09-12T20:41:39-05:00,PUR_IED_FederalAlema_Exte_50c345,PUR_IED_FederalAlema_Exte_50c345,,,,,
2026-09-12T20:41:39-05:00,PUR_IED_FederalAlema_S31_f18371,PUR_IED_FederalAlema_S31_f18371,,,,,
2026-09-12T20:41:39-05:00,PUR_IED_FederalAlema_S901_a62cd,PUR_IED_FederalAlema_S901_a62cd,,,,,
2026-09-12T20:41:39-05:00,PUR_IED_FilarmonicaS_A5_f35eb1,PUR_IED_FilarmonicaS_A5_f35eb1,,,,,
2026-09-12T20:41:39-05:00,PUR_IED_FilarmonicaS_Ext_8a3bde,PUR_IED_FilarmonicaS_Ext_8a3bde,,,,,
2026-09-12T20:41:39-05:00,PUR_IED_FilarmonicaS_Spol_406114,PUR_IED_FilarmonicaS_Spol_406114,,,,,
2026-09-12T20:41:39-05:00,PUR_IED_FlorentinoG_A13_d1fa59,PUR_IED_FlorentinoG_A13_d1fa59,,,,,
2026-09-12T20:41:39-05:00,PUR_IED_FlorentinoG_Ext_1ce6ce,PUR_IED_FlorentinoG_Ext_1ce6ce,,,,,
2026-09-12T20:41:39-05:00,PUR_IED_FlorentinoG_Idiom_a66aac,PUR_IED_FlorentinoG_Idiom_a66aac,,,,,
2026-09-12T20:41:39-05:00,PUR_IED_FranciscoMati_Ext_e3869d,PUR_IED_FranciscoMati_Ext_e3869d,,,,,
2026-09-12T20:41:39-05:00,PUR_IED_FranciscoMati_S13_f31c67,PUR_IED_FranciscoMati_S13_f31c67,,,,,
2026-09-12T20:41:39-05:00,PUR_IED_FranciscoMati_S14_97dead,PUR_IED_FranciscoMati_S14_97dead,,,,,
2026-09-12T20:41:39-05:00,PUR_IED_FranciscoPS_Ext_7bfa9a,PUR_IED_FranciscoPS_Ext_7bfa9a,4,20,60,4.5899,-74.110397
2026-09-12T20:41:39-05:00,PUR_IED_FranciscoPS_Infor_fb8f4c,PUR_IED_FranciscoPS_Infor_fb8f4c,,,,,
2026-09-12T20:41:39-05:00,PUR_IED_FranciscoPS_Quimi_94d39c,PUR_IED_FranciscoPS_Quimi_94d39c,,,,,
2026-09-12T20:41:39-05:00,PUR_IED_FranciscoP_LabQ_d7e148,PUR_IED_FranciscoP_LabQ_d7e148,,,,,
2026-09-12T20:41:39-05:00,PUR_IED_FranciscoP_S28_cf9b30,PUR_IED_FranciscoP_S28_cf9b30,,,,,
2026-09-12T20:41:39-05:00,PUR_IED_FranciscoP_ext_e2313,PUR_IED_FranciscoP_ext_e2313,,,,,
2026-09-12T20:41:39-05:00,PUR_IED_FriederichN_Ext_8ac92a,PUR_IED_FriederichN_Ext_8ac92a,,,,,
2026-09-12T20:41:39-05:00,PUR_IED_FriederichN_S301_dd7e5a,PUR_IED_FriederichN_S301_dd7e5a,,,,,
2026-09-12T20:41:39-05:00,PUR_IED_FriederichN_S308_761f4f,PUR_IED_FriederichN_S308_761f4f,,,,,
2026-09-12T20:41:39-05:00,PUR_IED_GSantander_Aula10_533dd7,PUR_IED_GSantander_Aula10_533dd7,,,,,
2026-09-12T20:41:39-05:00,PUR_IED_GSantander_Aula12_fd4e4f,PUR_IED_GSantander_Aula12_fd4e4f,,,,,
2026-09-12T20:41:39-05:00,PUR_IED_GSantander_Aula310_533dd7,PUR_IED_GSantander_Aula310_533dd7,,,,,
2026-09-12T20:41:39-05:00,PUR_IED_GSantander_Aula312_fd4e4f,PUR_IED_GSantander_Aula312_fd4e4f,,,,,
2026-09-12T20:41:39-05:00,PUR_IED_GSantander_Ext_5f66b0,PUR_IED_GSantander_Ext_5f66b0,,,,,
2026-09-12T20:41:39-05:00,PUR_IED_GYomasa_Ext_f6bea5,PUR_IED_GYomasa_Ext_f6bea5,,,,,
2026-09-12T20:41:39-05:00,PUR_IED_GYomasa_LBiol_2c41aa,PUR_IED_GYomasa_LBiol_2c41aa,,,,,
2026-09-12T20:41:39-05:00,PUR_IED_GYomasa_LQuim_33c80,PUR_IED_GYomasa_LQuim_33c80,,,,,
2026-09-12T20:41:39-05:00,PUR_IED_GabBetMejia_Cienc_5a99c,PUR_IED_GabBetMejia_Cienc_5a99c,,,,,
2026-09-12T20:41:39-05:00,PUR_IED_GabBetMejia_Ext_9153d0,PUR_IED_GabBetMejia_Ext_9153d0,,,,,
2026-09-12T20:41:39-05:00,PUR_IED_GabBetMejia_Lab_f55347,PUR_IED_GabBetMejia_Lab_f55347,,,,,
2026-09-12T20:41:39-05:00,PUR_IED_GabBetanMejia_Ext_9153d0,PUR_IED_GabBetanMejia_Ext_9153d0,,,,,
2026-09-12T20:41:39-05:00,PUR_IED_Gaitana_Aula13_7aac11,PUR_IED_Gaitana_Aula13_7aac11,,,,,
2026-09-12T20:41:39-05:00,PUR_IED_Gaitana_Ext_5fcf4,PUR_IED_Gaitana_Ext_5fcf4,,,,,
2026-09-12T20:41:39-05:00,PUR_IED_Gaitana_LabFisica_644448,PUR_IED_Gaitana_LabFisica_644448,,,,,
2026-09-12T20:41:39-05:00,PUR_IED_GenSantander_Dise_8ac858,PUR_IED_GenSantander_Dise_8ac858,,,,,
2026-09-12T20:41:39-05:00,PUR_IED_GenSantander_Ext_8d5dfe,PUR_IED_GenSantander_Ext_8d5dfe,,,,,
2026-09-12T20:41:39-05:00,PUR_IED_GenSantander_Info_6c25b,PUR_IED_GenSantander_Info_6c25b,,,,,
2026-09-12T20:41:39-05:00,PUR_IED_GustavoMo_Exterio_75e63d,PUR_IED_GustavoMo_Exterio_75e63d,,,,,
2026-09-12T20:41:39-05:00,PUR_IED_GustavoMo_LabFisi_224d37,PUR_IED_GustavoMo_LabFisi_224d37,,,,,
2026-09-12T20:41:39-05:00,PUR_IED_GustavoMo_S208_3e6918,PUR_IED_GustavoMo_S208_3e6918,,,,,
2026-09-12T20:41:39-05:00,PUR_IED_GustavoR_A02_8cd4a8,PUR_IED_GustavoR_A02_8cd4a8,,,,,
2026-09-12T20:41:39-05:00,PUR_IED_GustavoR_B11_5b0ed,PUR_IED_GustavoR_B11_5b0ed,,,,,
2026-09-12T20:41:39-05:00,PUR_IED_GustavoR_Ext_7a0c90,PUR_IED_GustavoR_Ext_7a0c90,,,,,
2026-09-12T20:41:39-05:00,PUR_IED_HernandoDuran_Ext_8cd82b,PUR_IED_HernandoDuran_Ext_8cd82b,,,,,
2026-09-12T20:41:39-05:00,PUR_IED_HernandoDuran_S24_2772c6,PUR_IED_HernandoDuran_S24_2772c6,,,,,
2026-09-12T20:41:39-05:00,PUR_IED_HernandoDuran_S30_f2de41,PUR_IED_HernandoDuran_S30_f2de41,,,,,
2026-09-12T20:41:39-05:00,PUR_IED_HolguInUr_S1101_8cd732,PUR_IED_HolguInUr_S1101_8cd732,,,,,
2026-09-12T20:41:39-05:00,PUR_IED_HolguinUr_Exter_ddae6d,PUR_IED_HolguinUr_Exter_ddae6d,,,,,
2026-09-12T20:41:39-05:00,PUR_IED_HolguinUr_LabQuim_92b952,PUR_IED_HolguinUr_LabQuim_92b952,,,,,
2026-09-12T20:41:39-05:00,PUR_IED_Isabel-II_Ext_5245cc,PUR_IED_Isabel-II_Ext_5245cc,6,20,57,4.6336,-74.153
2026-09-12T20:41:39-05:00,PUR_IED_Isabel-II_S_idiom_1c29aa,PUR_IED_Isabel-II_S_idiom_1c29aa,,,,,
2026-09-12T20:41:39-05:00,PUR_IED_Isabel-II_S_infor_fd741,PUR_IED_Isabel-II_S_infor_fd741,,,,,
2026-09-12T20:41:39-05:00,PUR_IED_IsidroSur_Exterio_5b90ea,PUR_IED_IsidroSur_Exterio_5b90ea,,,,,
2026-09-12T20:41:39-05:00,PUR_IED_IsidroSur_LabTec_56697a,PUR_IED_IsidroSur_LabTec_56697a,,,,,
2026-09-12T20:41:39-05:00,PUR_IED_IsidroSur_Robotic_b7c38f,PUR_IED_IsidroSur_Robotic_b7c38f,,,,,
2026-09-12T20:41:39-05:00,PUR_IED_IsmaelPerd_Ext_7b6672,PUR_IED_IsmaelPerd_Ext_7b6672,,,,,
2026-09-12T20:41:39-05:00,PUR_IED_IsmaelPerd_Inform_306540,PUR_IED_IsmaelPerd_Inform_306540,,,,,
2026-09-12T20:41:39-05:00,PUR_IED_IsmaelPerd_S30_2e2c83,PUR_IED_IsmaelPerd_S30_2e2c83,,,,,
2026-09-12T20:41:39-05:00,PUR_IED_JLozano_Exter_432910,PUR_IED_JLozano_Exter_432910,,,,,
2026-09-12T20:41:39-05:00,PUR_IED_JLozano_salaMulti_df5125,PUR_IED_JLozano_salaMulti_df5125,,,,,
2026-09-12T20:41:39-05:00,PUR_IED_JMCordoba_206_86f80b,PUR_IED_JMCordoba_206_86f80b,,,,,
2026-09-12T20:41:39-05:00,PUR_IED_JMCordoba_Ext_27ad97,PUR_IED_JMCordoba_Ext_27ad97,,,,,
2026-09-12T20:41:39-05:00,PUR_IED_JMCordoba_S310_d59ab4,PUR_IED_JMCordoba_S310_d59ab4,,,,,
2026-09-12T20:41:39-05:00,PUR_IED_Japon_Ext_549100,PUR_IED_Japon_Ext_549100,,,,,
2026-09-12T20:41:39-05:00,PUR_IED_Japon_Laboratorio_bec51d,PUR_IED_Japon_Laboratorio_bec51d,,,,,
2026-09-12T20:41:39-05:00,PUR_IED_Japon_informatica_d99327,PUR_IED_Japon_informatica_d99327,,,,,
2026-09-12T20:41:39-05:00,PUR_IED_Jazmin_Ext_d27bda,PUR_IED_Jazmin_Ext_d27bda,,,,,
2026-09-12T20:41:39-05:00,PUR_IED_Jazmin_Fisica_8d14d7,PUR_IED_Jazmin_Fisica_8d14d7,,,,,
2026-09-12T20:41:39-05:00,PUR_IED_Jazmin_Quimica_801cb5,PUR_IED_Jazmin_Quimica_801cb5,,,,,
2026-09-12T20:41:39-05:00,PUR_IED_JorgeGaitan_Exter_f098d1,PUR_IED_JorgeGaitan_Exter_f098d1,,,,,
2026-09-12T20:41:39-05:00,PUR_IED_JorgeGaitan_STec1_dc9d1d,PUR_IED_JorgeGaitan_STec1_dc9d1d,,,,,
2026-09-12T20:41:39-05:00,PUR_IED_JorgeGaitan_STec2_281e69,PUR_IED_JorgeGaitan_STec2_281e69,,,,,
2026-09-12T20:41:39-05:00,PUR_IED_JorgeSoto_Exterio_d9d0a2,PUR_IED_JorgeSoto_Exterio_d9d0a2,,,,,
2026-09-12T20:41:39-05:00,PUR_IED_JorgeSoto_LabFisi_209c54,PUR_IED_JorgeSoto_LabFisi_209c54,,,,,
2026-09-12T20:41:39-05:00,PUR_IED_JorgeSoto_S103_27b51a,PUR_IED_JorgeSoto_S103_27b51a,,,,,
2026-09-12T20:41:39-05:00,PUR_IED_JoseAcevedo_A02_e965eb,PUR_IED_JoseAcevedo_A02_e965eb,,,,,
2026-09-12T20:41:39-05:00,PUR_IED_JoseAcevedo_A07_dd5b4,PUR_IED_JoseAcevedo_A07_dd5b4,,,,,
2026-09-12T20:41:39-05:00,PUR_IED_JoseAcevedo_Ext_b47484,PUR_IED_JoseAcevedo_Ext_b47484,,,,,
2026-09-12T20:41:39-05:00,PUR_IED_JoseMarti_Exte_5b9bf,PUR_IED_JoseMarti_Exte_5b9bf,,,,,
2026-09-12T20:41:39-05:00,PUR_IED_JoseMarti_LabQuim_1c6c2d,PUR_IED_JoseMarti_LabQuim_1c6c2d,,,,,
2026-09-12T20:41:39-05:00,PUR_IED_JoseMarti_S_info_f5f177,PUR_IED_JoseMarti_S_info_f5f177,,,,,
2026-09-12T20:41:39-05:00,PUR_IED_Josejoaquin_Ext_dfc5dc,PUR_IED_Josejoaquin_Ext_dfc5dc,,,,,
2026-09-12T20:41:39-05:00,PUR_IED_Josejoaquin_S05_5b2a96,PUR_IED_Josejoaquin_S05_5b2a96,,,,,
2026-09-12T20:41:39-05:00,PUR_IED_Josejoaquin_S06_1ce7d2,PUR_IED_Josejoaquin_S06_1ce7d2,,,,,
2026-09-12T20:41:39-05:00,PUR_IED_JulioFlorez_Danza_9b82dd,PUR_IED_JulioFlorez_Danza_9b82dd,,,,,
2026-09-12T20:41:39-05:00,PUR_IED_JulioFlorez_Exter_f9f314,PUR_IED_JulioFlorez_Exter_f9f314,,,,,
2026-09-12T20:41:39-05:00,PUR_IED_JulioFlorez_info2_6b6e08,PUR_IED_JulioFlorez_info2_6b6e08,,,,,
2026-09-12T20:41:39-05:00,PUR_IED_LaBelleza_Aula13_1d00d8,PUR_IED_LaBelleza_Aula13_1d00d8,,,,,
2026-09-12T20:41:39-05:00,PUR_IED_LaBelleza_Ext_7bc08c,PUR_IED_LaBelleza_Ext_7bc08c,,,,,
2026-09-12T20:41:39-05:00,PUR_IED_LaChucua_Ext_8cd6d2,PUR_IED_LaChucua_Ext_8cd6d2,,,,,
2026-09-12T20:41:39-05:00,PUR_IED_LaChucua_S15_f578ce,PUR_IED_LaChucua_S15_f578ce,,,,,
2026-09-12T20:41:39-05:00,PUR_IED_LaChucua_S16_eebcf9,PUR_IED_LaChucua_S16_eebcf9,,,,,
2026-09-12T20:41:39-05:00,PUR_IED_LaFelicidad_Ext_fb5109,PUR_IED_LaFelicidad_Ext_fb5109,,,,,
2026-09-12T20:41:39-05:00,PUR_IED_LaMerced_206_66ebd,PUR_IED_LaMerced_206_66ebd,,,,,
2026-09-12T20:41:39-05:00,PUR_IED_LaMerced_207_6ebd6,PUR_IED_LaMerced_207_6ebd6,,,,,
2026-09-12T20:41:39-05:00,PUR_IED_LaMerced_ext_304311,PUR_IED_LaMerced_ext_304311,,,,,
2026-09-12T20:41:39-05:00,PUR_IED_Laureano_CiencNat_281e5e,PUR_IED_Laureano_CiencNat_281e5e,,,,,
2026-09-12T20:41:39-05:00,PUR_IED_Laureano_Comedor_f65c0a,PUR_IED_Laureano_Comedor_f65c0a,,,,,
2026-09-12T20:41:39-05:00,PUR_IED_Laureano_Exterior_7ab011,PUR_IED_Laureano_Exterior_7ab011,,,,,
2026-09-12T20:41:39-05:00,PUR_IED_LeonGreiff_Exte_dfe560,PUR_IED_LeonGreiff_Exte_dfe560,,,,,
2026-09-12T20:41:39-05:00,PUR_IED_LeonGreiff_S210_f264ed,PUR_IED_LeonGreiff_S210_f264ed,,,,,
2026-09-12T20:41:39-05:00,PUR_IED_LeonGreiff_SQuimi_e8296f,PUR_IED_LeonGreiff_SQuimi_e8296f,,,,,
2026-09-12T20:41:39-05:00,PUR_IED_LlanoOrientalS208_7b9fcd,PUR_IED_LlanoOrientalS208_7b9fcd,,,,,
2026-09-12T20:41:39-05:00,PUR_IED_LlanoOriental_Ext_fb3766,PUR_IED_LlanoOriental_Ext_fb3766,,,,,
2026-09-12T20:41:39-05:00,PUR_IED_LlanoOriental_S208_7b9fcd,PUR_IED_LlanoOriental_S208_7b9fcd,,,,,
2026-09-12T20:41:39-05:00,PUR_IED_LlanoOriental_S9_27b378,PUR_IED_LlanoOriental_S9_27b378,,,,,
2026-09-12T20:41:39-05:00,PUR_IED_LosTejares_1101_477602,PUR_IED_LosTejares_1101_477602,,,,,
2026-09-12T20:41:39-05:00,PUR_IED_LosTejares_11_d2c595,PUR_IED_LosTejares_11_d2c595,,,,,
2026-09-12T20:41:39-05:00,PUR_IED_LosTejares_12_477602,PUR_IED_LosTejares_12_477602,,,,,
2026-09-12T20:41:39-05:00,PUR_IED_LosTejares_Ext_8e2115,PUR_IED_LosTejares_Ext_8e2115,,,,,
2026-09-12T20:41:39-05:00,PUR_IED_MagdalenaO_B202_5ddda3,PUR_IED_MagdalenaO_B202_5ddda3,,,,,
2026-09-12T20:41:39-05:00,PUR_IED_MagdalenaO_B205_fb76e8,PUR_IED_MagdalenaO_B205_fb76e8,,,,,
2026-09-12T20:41:39-05:00,PUR_IED_MagdalenaO_ext_dc69cd,PUR_IED_MagdalenaO_ext_dc69cd,,,,,
2026-09-12T20:41:39-05:00,PUR_IED_ManueCepeda_artes_eee956,PUR_IED_ManueCepeda_artes_eee956,,,,,
2026-09-12T20:41:39-05:00,PUR_IED_ManuelCepeda_Ext_58313,PUR_IED_ManuelCepeda_Ext_58313,,,,,
2026-09-12T20:41:39-05:00,PUR_IED_ManuelCepeda_tec_1c5731,PUR_IED_ManuelCepeda_tec_1c5731,,,,,
2026-09-12T20:41:39-05:00,PUR_IED_ManuelS_Exterior_5b269,PUR_IED_ManuelS_Exterior_5b269,,,,,
2026-09-12T20:41:39-05:00,PUR_IED_ManuelS_Inform_f369ce,PUR_IED_ManuelS_Inform_f369ce,,,,,
2026-09-12T20:41:39-05:00,PUR_IED_ManuelS_SArtes_7d15f1,PUR_IED_ManuelS_SArtes_7d15f1,,,,,
2026-09-12T20:41:39-05:00,PUR_IED_ManuelZapata_303_3ca6,PUR_IED_ManuelZapata_303_3ca6,,,,,
2026-09-12T20:41:39-05:00,PUR_IED_ManuelZapata_311_bfbabc,PUR_IED_ManuelZapata_311_bfbabc,,,,,
2026-09-12T20:41:39-05:00,PUR_IED_ManuelZapata_Ext_50824a,PUR_IED_ManuelZapata_Ext_50824a,,,,,
2026-09-12T20:41:39-05:00,PUR_IED_ManuelitaS_Exteri_656a92,PUR_IED_ManuelitaS_Exteri_656a92,,,,,
2026-09-12T20:41:39-05:00,PUR_IED_ManuelitaS_JuzgDe_f58ec3,PUR_IED_ManuelitaS_JuzgDe_f58ec3,,,,,
2026-09-12T20:41:39-05:00,PUR_IED_ManuelitaS_Recrea_d793db,PUR_IED_ManuelitaS_Recrea_d793db,,,,,
2026-09-12T20:41:39-05:00,PUR_IED_MarFidSuarez_Ext_c27b19,PUR_IED_MarFidSuarez_Ext_c27b19,,,,,
2026-09-12T20:41:39-05:00,PUR_IED_MarFidSuarez_Info_e384d7,PUR_IED_MarFidSuarez_Info_e384d7,,,,,
2026-09-12T20:41:39-05:00,PUR_IED_MarFidSuarez_S306_1d0032,PUR_IED_MarFidSuarez_S306_1d0032,,,,,
2026-09-12T20:41:39-05:00,PUR_IED_Menorah_301_2a25a3,PUR_IED_Menorah_301_2a25a3,,,,,
2026-09-12T20:41:39-05:00,PUR_IED_Menorah_306_37ed3,PUR_IED_Menorah_306_37ed3,,,,,
2026-09-12T20:41:39-05:00,PUR_IED_Menorah_Ext_3e155b,PUR_IED_Menorah_Ext_3e155b,,,,,
2026-09-12T20:41:39-05:00,PUR_IED_MinutoB.Aires_A11_1b1604,PUR_IED_MinutoB.Aires_A11_1b1604,,,,,
2026-09-12T20:41:39-05:00,PUR_IED_MinutoB.Aires_A12_fb5860,PUR_IED_MinutoB.Aires_A12_fb5860,,,,,
2026-09-12T20:41:39-05:00,PUR_IED_MinutoB.Aires_Ext_81293f,PUR_IED_MinutoB.Aires_Ext_81293f,,,,,
2026-09-12T20:41:39-05:00,PUR_IED_MinutoBAires_A11_1b1604,PUR_IED_MinutoBAires_A11_1b1604,,,,,
2026-09-12T20:41:39-05:00,PUR_IED_MinutoBAires_A12_fb5860,PUR_IED_MinutoBAires_A12_fb5860,,,,,
2026-09-12T20:41:39-05:00,PUR_IED_MinutoBAires_Ext_81293f,PUR_IED_MinutoBAires_Ext_81293f,,,,,
2026-09-12T20:41:39-05:00,PUR_IED_Montreal_Aula10_1e4959,PUR_IED_Montreal_Aula10_1e4959,,,,,
2026-09-12T20:41:39-05:00,PUR_IED_Montreal_Aula6_300367,PUR_IED_Montreal_Aula6_300367,,,,,
2026-09-12T20:41:39-05:00,PUR_IED_Montreal_Exterior_91a179,PUR_IED_Montreal_Exterior_91a179,,,,,
2026-09-12T20:41:39-05:00,PUR_IED_Mqgdalena_B202_5ddda3,PUR_IED_Mqgdalena_B202_5ddda3,,,,,
2026-09-12T20:41:39-05:00,PUR_IED_NACUND_Soc_dc8728,PUR_IED_NACUND_Soc_dc8728,,,,,
2026-09-12T20:41:39-05:00,PUR_IED_NACUND_ext_27ad97,PUR_IED_NACUND_ext_27ad97,,,,,
2026-09-12T20:41:39-05:00,PUR_IED_NEsperanza_Ext_d24b61,PUR_IED_NEsperanza_Ext_d24b61,,,,,
2026-09-12T20:41:39-05:00,PUR_IED_NEsperanza_SElect_7d1807,PUR_IED_NEsperanza_SElect_7d1807,,,,,
2026-09-12T20:41:39-05:00,PUR_IED_NEsperanza_SLabor_8b2d0a,PUR_IED_NEsperanza_SLabor_8b2d0a,,,,,
2026-09-12T20:41:39-05:00,PUR_IED_NacionesU_Ext_f661a9,PUR_IED_NacionesU_Ext_f661a9,,,,,
2026-09-12T20:41:39-05:00,PUR_IED_NacionesU_Quimica_66f0a,PUR_IED_NacionesU_Quimica_66f0a,,,,,
2026-09-12T20:41:39-05:00,PUR_IED_NacionesU_S306_1b4b3d,PUR_IED_NacionesU_S306_1b4b3d,,,,,
2026-09-12T20:41:39-05:00,PUR_IED_NestorFA_Ext_e4201c,PUR_IED_NestorFA_Ext_e4201c,,,,,
2026-09-12T20:41:39-05:00,PUR_IED_NestorFA_Laborato_f22fe0,PUR_IED_NestorFA_Laborato_f22fe0,,,,,
2026-09-12T20:41:39-05:00,PUR_IED_NestorFA_S204_dee996,PUR_IED_NestorFA_S204_dee996,,,,,
2026-09-12T20:41:39-05:00,PUR_IED_NidyaQT_Aula03_76999b,PUR_IED_NidyaQT_Aula03_76999b,,,,,
2026-09-12T20:41:39-05:00,PUR_IED_NidyaQT_Aula10_56325,PUR_IED_NidyaQT_Aula10_56325,,,,,
2026-09-12T20:41:39-05:00,PUR_IED_NidyaQT_Ext_46e32d,PUR_IED_NidyaQT_Ext_46e32d,,,,,
2026-09-12T20:41:39-05:00,PUR_IED_NuevaCol_Exterior_d9b859,PUR_IED_NuevaCol_Exterior_d9b859,,,,,
2026-09-12T20:41:39-05:00,PUR_IED_NuevaCol_S1101_76c43b,PUR_IED_NuevaCol_S1101_76c43b,,,,,
2026-09-12T20:41:39-05:00,PUR_IED_NuevaCol_S1102_1ce0b5,PUR_IED_NuevaCol_S1102_1ce0b5,,,,,
2026-09-12T20:41:39-05:00,PUR_IED_OEA_A202_f7e3f2,PUR_IED_OEA_A202_f7e3f2,,,,,
2026-09-12T20:41:39-05:00,PUR_IED_OEA_A203_7d1b8d,PUR_IED_OEA_A203_7d1b8d,,,,,
2026-09-12T20:41:39-05:00,PUR_IED_OEA_Ext_27b593,PUR_IED_OEA_Ext_27b593,,,,,
2026-09-12T20:41:39-05:00,PUR_IED_Ochoa_Ext_1c29da,PUR_IED_Ochoa_Ext_1c29da,,,,,
2026-09-12T20:41:39-05:00,PUR_IED_Ochoa_S205_8b1121,PUR_IED_Ochoa_S205_8b1121,,,,,
2026-09-12T20:41:39-05:00,PUR_IED_Ochoa_Sistemas_f33af6,PUR_IED_Ochoa_Sistemas_f33af6,,,,,
2026-09-12T20:41:39-05:00,PUR_IED_PQuebec_Ext_1c67c7,PUR_IED_PQuebec_Ext_1c67c7,,,,,
2026-09-12T20:41:39-05:00,PUR_IED_PQuebec_S15_23e8e2,PUR_IED_PQuebec_S15_23e8e2,,,,,
2026-09-12T20:41:39-05:00,PUR_IED_PQuebec_S16_8ec76b,PUR_IED_PQuebec_S16_8ec76b,,,,,
2026-09-12T20:41:39-05:00,PUR_IED_PabloN_Ext_49dc96,PUR_IED_PabloN_Ext_49dc96,,,,,
2026-09-12T20:41:39-05:00,PUR_IED_PabloN_S1102_4e3df5,PUR_IED_PabloN_S1102_4e3df5,,,,,
2026-09-12T20:41:39-05:00,PUR_IED_PabloN_S1103_50c94b,PUR_IED_PabloN_S1103_50c94b,,,,,
2026-09-12T20:41:39-05:00,PUR_IED_Palestina_S1101_db9198,PUR_IED_Palestina_S1101_db9198,,,,,
2026-09-12T20:41:39-05:00,PUR_IED_Palestina_S1102_dc54fa,PUR_IED_Palestina_S1102_dc54fa,,,,,
2026-09-12T20:41:39-05:00,PUR_IED_Palestina_ext_4ccce6,PUR_IED_Palestina_ext_4ccce6,,,,,
2026-09-12T20:41:39-05:00,PUR_IED_Panama_Fisica_4d0794,PUR_IED_Panama_Fisica_4d0794,,,,,
2026-09-12T20:41:39-05:00,PUR_IED_Panama_SIngles_a4077e,PUR_IED_Panama_SIngles_a4077e,,,,,
2026-09-12T20:41:39-05:00,PUR_IED_Panama_ext_4c54b4,PUR_IED_Panama_ext_4c54b4,,,,,
2026-09-12T20:41:39-05:00,PUR_IED_ParaisoM_Exterior_8cd7f0,PUR_IED_ParaisoM_Exterior_8cd7f0,,,,,
2026-09-12T20:41:39-05:00,PUR_IED_ParaisoM_Laborato_27af35,PUR_IED_ParaisoM_Laborato_27af35,,,,,
2026-09-12T20:41:39-05:00,PUR_IED_ParaisoM_S304_d1edca,PUR_IED_ParaisoM_S304_d1edca,,,,,
2026-09-12T20:41:39-05:00,PUR_IED_PorfirioBarba_Ext_301466,PUR_IED_PorfirioBarba_Ext_301466,,,,,
2026-09-12T20:41:39-05:00,PUR_IED_PorfirioBarba_S11_df6cd2,PUR_IED_PorfirioBarba_S11_df6cd2,,,,,
2026-09-12T20:41:39-05:00,PUR_IED_PorfirioBarba_S29_27a7d6,PUR_IED_PorfirioBarba_S29_27a7d6,,,,,
2026-09-12T20:41:39-05:00,PUR_IED_PradoV_Exter_8b27ad,PUR_IED_PradoV_Exter_8b27ad,,,,,
2026-09-12T20:41:39-05:00,PUR_IED_PradoV_S301_de65b5,PUR_IED_PradoV_S301_de65b5,,,,,
2026-09-12T20:41:39-05:00,PUR_IED_PradoV_S302_7d2593,PUR_IED_PradoV_S302_7d2593,,,,,
2026-09-12T20:41:39-05:00,PUR_IED_QuirogaAlz_Ext_1ddc82,PUR_IED_QuirogaAlz_Ext_1ddc82,,,,,
2026-09-12T20:41:39-05:00,PUR_IED_QuirogaAlz_S302_9926a3,PUR_IED_QuirogaAlz_S302_9926a3,,,,,
2026-09-12T20:41:39-05:00,PUR_IED_QuirogaAlz_S305_cdf1f1,PUR_IED_QuirogaAlz_S305_cdf1f1,,,,,
2026-09-12T20:41:39-05:00,PUR_IED_RGuatemala_Biling_dc53b7,PUR_IED_RGuatemala_Biling_dc53b7,,,,,
2026-09-12T20:41:39-05:00,PUR_IED_RGuatemala_Ext_1b89a3,PUR_IED_RGuatemala_Ext_1b89a3,,,,,
2026-09-12T20:41:39-05:00,PUR_IED_RGuatemala_Tecnol_281a34,PUR_IED_RGuatemala_Tecnol_281a34,,,,,
2026-09-12T20:41:39-05:00,PUR_IED_RafaNu_Ext_f7c302,PUR_IED_RafaNu_Ext_f7c302,,,,,
2026-09-12T20:41:39-05:00,PUR_IED_RafaNu_S1101_25fde,PUR_IED_RafaNu_S1101_25fde,,,,,
2026-09-12T20:41:39-05:00,PUR_IED_RafaNu_S1102_281517,PUR_IED_RafaNu_S1102_281517,,,,,
2026-09-12T20:41:39-05:00,PUR_IED_RafaelB_S305_ee2783,PUR_IED_RafaelB_S305_ee2783,,,,,
2026-09-12T20:41:39-05:00,PUR_IED_RafaelB_S306_75fe33,PUR_IED_RafaelB_S306_75fe33,,,,,
2026-09-12T20:41:39-05:00,PUR_IED_RafaelB_ext_283336,PUR_IED_RafaelB_ext_283336,2,19,60,4.6722,-74.0737
2026-09-12T20:41:39-05:00,PUR_IED_RafaelUU_Exterior_281a51,PUR_IED_RafaelUU_Exterior_281a51,,,,,
2026-09-12T20:41:39-05:00,PUR_IED_RafaelUU_Human_806b2,PUR_IED_RafaelUU_Human_806b2,,,,,
2026-09-12T20:41:39-05:00,PUR_IED_RafaelUU_Mate2_5680d4,PUR_IED_RafaelUU_Mate2_5680d4,,,,,
2026-09-12T20:41:39-05:00,PUR_IED_RamonSub_Ext_f9eeb9,PUR_IED_RamonSub_Ext_f9eeb9,,,,,
2026-09-12T20:41:39-05:00,PUR_IED_RamonSub_Media_d1f62f,PUR_IED_RamonSub_Media_d1f62f,,,,,
2026-09-12T20:41:39-05:00,PUR_IED_RamonSub_planta_51b82,PUR_IED_RamonSub_planta_51b82,,,,,
2026-09-12T20:41:39-05:00,PUR_IED_RepBoliVene_Exter_27af7c,PUR_IED_RepBoliVene_Exter_27af7c,,,,,
2026-09-12T20:41:39-05:00,PUR_IED_RepBoliVene_SCPT_5ae2ee,PUR_IED_RepBoliVene_SCPT_5ae2ee,,,,,
2026-09-12T20:41:39-05:00,PUR_IED_RepBoliVene_Socia_4b11d5,PUR_IED_RepBoliVene_Socia_4b11d5,,,,,
2026-09-12T20:41:39-05:00,PUR_IED_RepChina_Ext_76d9ee,PUR_IED_RepChina_Ext_76d9ee,,,,,
2026-09-12T20:41:39-05:00,PUR_IED_RepChina_S404_7c804c,PUR_IED_RepChina_S404_7c804c,,,,,
2026-09-12T20:41:39-05:00,PUR_IED_RepChina_S405_df2c33,PUR_IED_RepChina_S405_df2c33,,,,,
2026-09-12T20:41:39-05:00,PUR_IED_RepublicaC_Exteri_7d1ec9,PUR_IED_RepublicaC_Exteri_7d1ec9,,,,,
2026-09-12T20:41:39-05:00,PUR_IED_RepublicaC_S1101_f544b3,PUR_IED_RepublicaC_S1101_f544b3,,,,,
2026-09-12T20:41:39-05:00,PUR_IED_RepublicaC_S1102_7aafc7,PUR_IED_RepublicaC_S1102_7aafc7,,,,,
2026-09-12T20:41:39-05:00,PUR_IED_Ricaurte_Externo_a0ea1,PUR_IED_Ricaurte_Externo_a0ea1,,,,,
2026-09-12T20:41:39-05:00,PUR_IED_Ricaurte_S210_f546fd,PUR_IED_Ricaurte_S210_f546fd,,,,,
2026-09-12T20:41:39-05:00,PUR_IED_Ricaurte_S309_d4452,PUR_IED_Ricaurte_S309_d4452,,,,,
2026-09-12T20:41:39-05:00,PUR_IED_RogelioS_1102_531e69,PUR_IED_RogelioS_1102_531e69,,,,,
2026-09-12T20:41:39-05:00,PUR_IED_RogelioS_Ext_f25a18,PUR_IED_RogelioS_Ext_f25a18,,,,,
2026-09-12T20:41:39-05:00,PUR_IED_SBernardino_Ext_27aff8,PUR_IED_SBernardino_Ext_27aff8,,,,,
2026-09-12T20:41:39-05:00,PUR_IED_SBernardino_SArte_2ffd33,PUR_IED_SBernardino_SArte_2ffd33,,,,,
2026-09-12T20:41:39-05:00,PUR_IED_SBernardino_SIngl_7c7da5,PUR_IED_SBernardino_SIngl_7c7da5,,,,,
2026-09-12T20:41:39-05:00,PUR_IED_Sago_auditorio_dc9d1d,PUR_IED_Sago_auditorio_dc9d1d,,,,,
2026-09-12T20:41:39-05:00,PUR_IED_Saludcoop_Ext_95aac3,PUR_IED_Saludcoop_Ext_95aac3,,,,,
2026-09-12T20:41:39-05:00,PUR_IED_Saludcoop_InfI_90c854,PUR_IED_Saludcoop_InfI_90c854,,,,,
2026-09-12T20:41:39-05:00,PUR_IED_Saludcoop_SMedia_1b93be,PUR_IED_Saludcoop_SMedia_1b93be,,,,,
2026-09-12T20:41:39-05:00,PUR_IED_SanCarlos_1101_1a2360,PUR_IED_SanCarlos_1101_1a2360,,,,,
2026-09-12T20:41:39-05:00,PUR_IED_SanCarlos_1103_7bafb5,PUR_IED_SanCarlos_1103_7bafb5,,,,,
2026-09-12T20:41:39-05:00,PUR_IED_SanCarlos_Ext_b7cd1,PUR_IED_SanCarlos_Ext_b7cd1,,,,,
2026-09-12T20:41:39-05:00,PUR_IED_SanIgnacioBosa11a_50c26e,PUR_IED_SanIgnacioBosa11a_50c26e,,,,,
2026-09-12T20:41:39-05:00,PUR_IED_SanIgnacioBosa11b_371de8,PUR_IED_SanIgnacioBosa11b_371de8,,,,,
2026-09-12T20:41:39-05:00,PUR_IED_SanIgnacioBosaExt_ef0ffc,PUR_IED_SanIgnacioBosaExt_ef0ffc,,,,,
2026-09-12T20:41:39-05:00,PUR_IED_SanIgnacioBosa_11a_50c26e,PUR_IED_SanIgnacioBosa_11a_50c26e,,,,,
2026-09-12T20:41:39-05:00,PUR_IED_SanIgnacioBosa_Ext_ef0ffc,PUR_IED_SanIgnacioBosa_Ext_ef0ffc,,,,,
2026-09-12T20:41:39-05:00,PUR_IED_SanJoseN_intS1101_31c47f,PUR_IED_SanJoseN_intS1101_31c47f,,,,,
2026-09-12T20:41:39-05:00,PUR_IED_SanJoseUsm_Exter_f5d7e8,PUR_IED_SanJoseUsm_Exter_f5d7e8,,,,,
2026-09-12T20:41:39-05:00,PUR_IED_SanJoseUsm_Int11A_cfdef6,PUR_IED_SanJoseUsm_Int11A_cfdef6,,,,,
2026-09-12T20:41:39-05:00,PUR_IED_SilveriaR_IntB5_905349,PUR_IED_SilveriaR_IntB5_905349,,,,,
2026-09-12T20:41:39-05:00,PUR_IED_SilveriaR_IntSD14_981f93,PUR_IED_SilveriaR_IntSD14_981f93,,,,,
2026-09-12T20:41:39-05:00,PUR_IED_SilveriaR_ext_2b651d,PUR_IED_SilveriaR_ext_2b651d,,,,,
2026-09-12T20:41:39-05:00,PUR_IED_SimonB_Exterior_913975,PUR_IED_SimonB_Exterior_913975,,,,,
2026-09-12T20:41:39-05:00,PUR_IED_SimonB_LabQuimi_c56908,PUR_IED_SimonB_LabQuimi_c56908,,,,,
2026-09-12T20:41:39-05:00,PUR_IED_SimonB_informatic_a28c1,PUR_IED_SimonB_informatic_a28c1,,,,,
2026-09-12T20:41:39-05:00,PUR_IED_Sorrento_1102_315f50,PUR_IED_Sorrento_1102_315f50,,,,,
2026-09-12T20:41:39-05:00,PUR_IED_Sorrento_Minte_214eab,PUR_IED_Sorrento_Minte_214eab,,,,,
2026-09-12T20:41:39-05:00,PUR_IED_Sorrento_ext_7c3a0a,PUR_IED_Sorrento_ext_7c3a0a,,,,,
2026-09-12T20:41:39-05:00,PUR_IED_Tabora_Ext_f048ae,PUR_IED_Tabora_Ext_f048ae,,,,,
2026-09-12T20:41:39-05:00,PUR_IED_Tabora_S1102_b07752,PUR_IED_Tabora_S1102_b07752,,,,,
2026-09-12T20:41:39-05:00,PUR_IED_Tabora_S1103_d988f5,PUR_IED_Tabora_S1103_d988f5,,,,,
2026-09-12T20:41:39-05:00,PUR_IED_Tenerife_Ext_1ab188,PUR_IED_Tenerife_Ext_1ab188,,,,,
2026-09-12T20:41:39-05:00,PUR_IED_Tenerife_SDanzas_7bc02e,PUR_IED_Tenerife_SDanzas_7bc02e,,,,,
2026-09-12T20:41:39-05:00,PUR_IED_Tenerife_SIngles_7cc277,PUR_IED_Tenerife_SIngles_7cc277,,,,,
2026-09-12T20:41:39-05:00,PUR_IED_Tibabuyes_Exter_f2683d,PUR_IED_Tibabuyes_Exter_f2683d,,,,,
2026-09-12T20:41:39-05:00,PUR_IED_Tibabuyes_S10_dc87a8,PUR_IED_Tibabuyes_S10_dc87a8,,,,,
2026-09-12T20:41:39-05:00,PUR_IED_Tibabuyes_S15_dc0526,PUR_IED_Tibabuyes_S15_dc0526,,,,,
2026-09-12T20:41:39-05:00,PUR_IED_UnionE_S301_a1043,PUR_IED_UnionE_S301_a1043,,,,,
2026-09-12T20:41:39-05:00,PUR_IED_UnionE_S307_ff6c2f,PUR_IED_UnionE_S307_ff6c2f,,,,,
2026-09-12T20:41:39-05:00,PUR_IED_UnionE__Ext_5e2468,PUR_IED_UnionE__Ext_5e2468,,,,,
2026-09-12T20:41:39-05:00,PUR_IED_VillaRica_Ext_75be7c,PUR_IED_VillaRica_Ext_75be7c,,,,,
2026-09-12T20:41:39-05:00,PUR_IED_VillaRica_S4_cc5dcd,PUR_IED_VillaRica_S4_cc5dcd,,,,,
2026-09-12T20:41:39-05:00,PUR_IED_VillaRica_Sesp_99f5c,PUR_IED_VillaRica_Sesp_99f5c,,,,,
2026-09-12T20:46:06-05:00,PUR_IED_20deJulio_1101_91b1b9,PUR_IED_20deJulio_1101_91b1b9,,,,,
2026-09-12T20:46:06-05:00,PUR_IED_20deJulio_1102_1cfcf9,PUR_IED_20deJulio_1102_1cfcf9,,,,,
2026-09-12T20:46:06-05:00,PUR_IED_20deJulio_Ext_ab60bd,PUR_IED_20deJulio_Ext_ab60bd,,,,,
2026-09-12T20:46:06-05:00,PUR_IED_AgustinFer_Ext_7b9b77,PUR_IED_AgustinFer_Ext_7b9b77,,,,,
2026-09-12T20:46:06-05:00,PUR_IED_AgustinFer_Info2_27b3a7,PUR_IED_AgustinFer_Info2_27b3a7,,,,,
2026-09-12T20:46:06-05:00,PUR_IED_AgustinFer_Sena_54b4eb,PUR_IED_AgustinFer_Sena_54b4eb,,,,,
2026-09-12T20:46:06-05:00,PUR_IED_AlexanderF_1102_caf07b,PUR_IED_AlexanderF_1102_caf07b,,,,,
2026-09-12T20:46:06-05:00,PUR_IED_AlexanderF_1103_c79e71,PUR_IED_AlexanderF_1103_c79e71,,,,,
2026-09-12T20:46:06-05:00,PUR_IED_AlexanderF_Ext_c5b18b,PUR_IED_AlexanderF_Ext_c5b18b,,,,,
2026-09-12T20:46:06-05:00,PUR_IED_AlfonsoLopez_Ext_281d77,PUR_IED_AlfonsoLopez_Ext_281d77,,,,,
2026-09-12T20:46:06-05:00,PUR_IED_AlfonsoLopez_LabF_888ce0,PUR_IED_AlfonsoLopez_LabF_888ce0,,,,,
2026-09-12T20:46:06-05:00,PUR_IED_AlfonsoLopez_SMed_df6a7f,PUR_IED_AlfonsoLopez_SMed_df6a7f,,,,,
2026-09-12T20:46:06-05:00,PUR_IED_AltamiraSO_A2_209f92,PUR_IED_AltamiraSO_A2_209f92,,,,,
2026-09-12T20:46:06-05:00,PUR_IED_AltamiraSO_Ext_186d66,PUR_IED_AltamiraSO_Ext_186d66,,,,,
2026-09-12T20:46:06-05:00,PUR_IED_AltamiraSO_Sistem_27afe1,PUR_IED_AltamiraSO_Sistem_27afe1,,,,,
2026-09-12T20:46:06-05:00,PUR_IED_AlvaroGom_LabQuim_813179,PUR_IED_AlvaroGom_LabQuim_813179,,,,,
2026-09-12T20:46:06-05:00,PUR_IED_AlvaroGomez_Ext_47c7ca,PUR_IED_AlvaroGomez_Ext_47c7ca,,,,,
2026-09-12T20:46:06-05:00,PUR_IED_AlvaroGomez_LabQuim_813179,PUR_IED_AlvaroGomez_LabQuim_813179,,,,,
2026-09-12T20:46:06-05:00,PUR_IED_AlvaroGomez_S23_7ba89f,PUR_IED_AlvaroGomez_S23_7ba89f,,,,,
2026-09-12T20:46:06-05:00,PUR_IED_Amistad_306_dc8728,PUR_IED_Amistad_306_dc8728,,,,,
2026-09-12T20:46:06-05:00,PUR_IED_Amistad_Ext_8cd55e,PUR_IED_Amistad_Ext_8cd55e,,,,,
2026-09-12T20:46:06-05:00,PUR_IED_Amistad_S202_a41169,PUR_IED_Amistad_S202_a41169,,,,,
2026-09-12T20:46:06-05:00,PUR_IED_AndresBello_Bio_fd5f5e,PUR_IED_AndresBello_Bio_fd5f5e,,,,,
2026-09-12T20:46:06-05:00,PUR_IED_AndresBello_ext_dcad65,PUR_IED_AndresBello_ext_dcad65,,,,,
2026-09-12T20:46:06-05:00,PUR_IED_AndresBello_port_eed3ec,PUR_IED_AndresBello_port_eed3ec,,,,,
2026-09-12T20:46:06-05:00,PUR_IED_AngelaR_11b_d90a6b,PUR_IED_AngelaR_11b_d90a6b,,,,,
2026-09-12T20:46:06-05:00,PUR_IED_AngelaR_ext_7cad3e,PUR_IED_AngelaR_ext_7cad3e,3,19,63,4.5825,-74.164497
2026-09-12T20:46:06-05:00,PUR_IED_AntJoseSucre_10mo_df2575,PUR_IED_AntJoseSucre_10mo_df2575,,,,,
2026-09-12T20:46:06-05:00,PUR_IED_AntJoseSucre_Ext_215b36,PUR_IED_AntJoseSucre_Ext_215b36,,,,,
2026-09-12T20:46:06-05:00,PUR_IED_AntJoseSucre_Lab_3139de,PUR_IED_AntJoseSucre_Lab_3139de,,,,,
2026-09-12T20:46:06-05:00,PUR_IED_AntonioGarcia_301_d6b188,PUR_IED_AntonioGarcia_301_d6b188,,,,,
2026-09-12T20:46:06-05:00,PUR_IED_AntonioGarcia_302_88a82,PUR_IED_AntonioGarcia_302_88a82,,,,,
2026-09-12T20:46:06-05:00,PUR_IED_AntonioGarcia_Ext_20950c,PUR_IED_AntonioGarcia_Ext_20950c,,,,,
2026-09-12T20:46:06-05:00,PUR_IED_AntonioVan_Aula2_6dea02,PUR_IED_AntonioVan_Aula2_6dea02,,,,,
2026-09-12T20:46:06-05:00,PUR_IED_AntonioVan_Aula5_f1557e,PUR_IED_AntonioVan_Aula5_f1557e,,,,,
2026-09-12T20:46:06-05:00,PUR_IED_AntonioVan_Ext_406f2f,PUR_IED_AntonioVan_Ext_406f2f,,,,,
2026-09-12T20:46:06-05:00,PUR_IED_Atabanzha_Ext_cc5af9,PUR_IED_Atabanzha_Ext_cc5af9,,,,,
2026-09-12T20:46:06-05:00,PUR_IED_Atabanzha_SA101_56c37,PUR_IED_Atabanzha_SA101_56c37,,,,,
2026-09-12T20:46:06-05:00,PUR_IED_Atabanzha_SB302_27b374,PUR_IED_Atabanzha_SB302_27b374,,,,,
2026-09-12T20:46:06-05:00,PUR_IED_Atahualpa_Ext_fc1748,PUR_IED_Atahualpa_Ext_fc1748,,,,,
2026-09-12T20:46:06-05:00,PUR_IED_Atahualpa_Informa_dc9a95,PUR_IED_Atahualpa_Informa_dc9a95,,,,,
2026-09-12T20:46:06-05:00,PUR_IED_Atahualpa_S1101_f98056,PUR_IED_Atahualpa_S1101_f98056,,,,,
2026-09-12T20:46:06-05:00,PUR_IED_Bellavista_Ext_f5aa74,PUR_IED_Bellavista_Ext_f5aa74,,,,,
2026-09-12T20:46:06-05:00,PUR_IED_Bilbao_11A_916c41,PUR_IED_Bilbao_11A_916c41,,,,,
2026-09-12T20:46:06-05:00,PUR_IED_Bilbao_Ext_fb579a,PUR_IED_Bilbao_Ext_fb579a,,,,,
2026-09-12T20:46:06-05:00,PUR_IED_BrasiliaU_A125_304280,PUR_IED_BrasiliaU_A125_304280,,,,,
2026-09-12T20:46:06-05:00,PUR_IED_BrasiliaU_A203_7c8ca5,PUR_IED_BrasiliaU_A203_7c8ca5,,,,,
2026-09-12T20:46:06-05:00,PUR_IED_BrasiliaU_Ext_8d6e9f,PUR_IED_BrasiliaU_Ext_8d6e9f,6,18,63,4.5175,-74.116302
2026-09-12T20:46:06-05:00,PUR_IED_Brasilia_Ext_fe6593,PUR_IED_Brasilia_Ext_fe6593,,,,,
2026-09-12T20:46:06-05:00,PUR_IED_Brasilia_S24_7c130d,PUR_IED_Brasilia_S24_7c130d,,,,,
2026-09-12T20:46:06-05:00,PUR_IED_Brasilia_S501_186a54,PUR_IED_Brasilia_S501_186a54,,,,,
2026-09-12T20:46:06-05:00,PUR_IED_CHARRY_EXT_f1d5cd,PUR_IED_CHARRY_EXT_f1d5cd,,,,,
2026-09-12T20:46:06-05:00,PUR_IED_CHARRY_INTDANZAS_7a08e6,PUR_IED_CHARRY_INTDANZAS_7a08e6,,,,,
2026-09-12T20:46:06-05:00,PUR_IED_CHARRY_INT_AULA20_dc998d,PUR_IED_CHARRY_INT_AULA20_dc998d,,,,,
2026-09-12T20:46:06-05:00,PUR_IED_COLVIV_1101_S25_7f520a,PUR_IED_COLVIV_1101_S25_7f520a,,,,,
2026-09-12T20:46:06-05:00,PUR_IED_COLVIV_1102_S16_f570ba,PUR_IED_COLVIV_1102_S16_f570ba,,,,,
2026-09-12T20:46:06-05:00,PUR_IED_COLVIV_Ext_1a26fa,PUR_IED_COLVIV_Ext_1a26fa,,,,,
2026-09-12T20:46:06-05:00,PUR_IED_CULPOP_301A_f660f3,PUR_IED_CULPOP_301A_f660f3,,,,,
2026-09-12T20:46:06-05:00,PUR_IED_CULPOP_303_568afe,PUR_IED_CULPOP_303_568afe,,,,,
2026-09-12T20:46:06-05:00,PUR_IED_CULPOP_Ext_e02ccb,PUR_IED_CULPOP_Ext_e02ccb,,,,,
2026-09-12T20:46:06-05:00,PUR_IED_CVillavicen_Ext_26eb58,PUR_IED_CVillavicen_Ext_26eb58,3,15,79,4.487,-74.102798
2026-09-12T20:46:06-05:00,PUR_IED_CVillavicen_Intel_1ce5c2,PUR_IED_CVillavicen_Intel_1ce5c2,,,,,
2026-09-12T20:46:06-05:00,PUR_IED_CVillavicen_Poliv_e0766c,PUR_IED_CVillavicen_Poliv_e0766c,,,,,
2026-09-12T20:46:06-05:00,PUR_IED_CVillavicen_int_1ba140,PUR_IED_CVillavicen_int_1ba140,,,,,
2026-09-12T20:46:06-05:00,PUR_IED_CVillavicen_intel_1ba140,PUR_IED_CVillavicen_intel_1ba140,,,,,
2026-09-12T20:46:06-05:00,PUR_IED_CarlosPizarro_Ext_e307cc,PUR_IED_CarlosPizarro_Ext_e307cc,,,,,
2026-09-12T20:46:06-05:00,PUR_IED_CarlosPizarro_L36_7e5cdb,PUR_IED_CarlosPizarro_L36_7e5cdb,,,,,
2026-09-12T20:46:06-05:00,PUR_IED_CarlosPizarro_L37_c8566c,PUR_IED_CarlosPizarro_L37_c8566c,,,,,
2026-09-12T20:46:06-05:00,PUR_IED_Castilla_Ext_cf35f,PUR_IED_Castilla_Ext_cf35f,,,,,
2026-09-12T20:46:06-05:00,PUR_IED_Castilla_SFisik_360e38,PUR_IED_Castilla_SFisik_360e38,,,,,
2026-09-12T20:46:06-05:00,PUR_IED_Castilla_Sc304_496fbf,PUR_IED_Castilla_Sc304_496fbf,,,,,
2026-09-12T20:46:06-05:00,PUR_IED_CervantesSa_Ext_6b57b,PUR_IED_CervantesSa_Ext_6b57b,3,18,67,4.5128,-74.117203
2026-09-12T20:46:06-05:00,PUR_IED_CervantesSa_S107_225c2b,PUR_IED_CervantesSa_S107_225c2b,,,,,
2026-09-12T20:46:06-05:00,PUR_IED_CervantesSa_S108_940925,PUR_IED_CervantesSa_S108_940925,,,,,
2026-09-12T20:46:06-05:00,PUR_IED_Charry_A20_f53e7c,PUR_IED_Charry_A20_f53e7c,,,,,
2026-09-12T20:46:06-05:00,PUR_IED_Charry_Ext_f1d5cd,PUR_IED_Charry_Ext_f1d5cd,,,,,
2026-09-12T20:46:06-05:00,PUR_IED_Charry_IntAula20_dc998d,PUR_IED_Charry_IntAula20_dc998d,,,,,
2026-09-12T20:46:06-05:00,PUR_IED_Charry_IntDanzas_7a08e6,PUR_IED_Charry_IntDanzas_7a08e6,,,,,
2026-09-12T20:46:06-05:00,PUR_IED_ClememciaC_203_43e2fc,PUR_IED_ClememciaC_203_43e2fc,,,,,
2026-09-12T20:46:06-05:00,PUR_IED_ClememciaC_Ext_1b411a,PUR_IED_ClememciaC_Ext_1b411a,,,,,
2026-09-12T20:46:06-05:00,PUR_IED_ClememciaC_Quimic_44b5fc,PUR_IED_ClememciaC_Quimic_44b5fc,,,,,
2026-09-12T20:46:06-05:00,PUR_IED_ClemenciaC_203_43e2fc,PUR_IED_ClemenciaC_203_43e2fc,,,,,
2026-09-12T20:46:06-05:00,PUR_IED_ClemenciaC_Ext_1b411a,PUR_IED_ClemenciaC_Ext_1b411a,,,,,
2026-09-12T20:46:06-05:00,PUR_IED_ClemenciaC_Quimic_44b5fc,PUR_IED_ClemenciaC_Quimic_44b5fc,,,,,
2026-09-12T20:46:06-05:00,PUR_IED_ColViva_1101_S25_7f520a,PUR_IED_ColViva_1101_S25_7f520a,,,,,
2026-09-12T20:46:06-05:00,PUR_IED_ColViva_1102_S16_f570ba,PUR_IED_ColViva_1102_S16_f570ba,,,,,
2026-09-12T20:46:06-05:00,PUR_IED_ColViva_Ext_1a26fa,PUR_IED_ColViva_Ext_1a26fa,,,,,
2026-09-12T20:46:06-05:00,PUR_IED_ColegioBici_Asist_7c8798,PUR_IED_ColegioBici_Asist_7c8798,,,,,
2026-09-12T20:46:06-05:00,PUR_IED_ColegioBici_Ext_25cbf6,PUR_IED_ColegioBici_Ext_25cbf6,,,,,
2026-09-12T20:46:06-05:00,PUR_IED_ColegioBici_LabQ_7b57db,PUR_IED_ColegioBici_LabQ_7b57db,,,,,
2026-09-12T20:46:06-05:00,PUR_IED_CostaRica_Ext_5e640,PUR_IED_CostaRica_Ext_5e640,,,,,
2026-09-12T20:46:06-05:00,PUR_IED_CostaRica_Quim1_766d1c,PUR_IED_CostaRica_Quim1_766d1c,,,,,
2026-09-12T20:46:06-05:00,PUR_IED_CostaRica__Fisica_6f0873,PUR_IED_CostaRica__Fisica_6f0873,,,,,
2026-09-12T20:46:06-05:00,PUR_IED_CulPopu_301A_f660f3,PUR_IED_CulPopu_301A_f660f3,,,,,
2026-09-12T20:46:06-05:00,PUR_IED_CulPopu_303_568afe,PUR_IED_CulPopu_303_568afe,,,,,
2026-09-12T20:46:06-05:00,PUR_IED_CulPopu_Ext_e02ccb,PUR_IED_CulPopu_Ext_e02ccb,,,,,
2026-09-12T20:46:06-05:00,PUR_IED_Cundinamarca_Ext_f15985,PUR_IED_Cundinamarca_Ext_f15985,,,,,
2026-09-12T20:46:06-05:00,PUR_IED_Cundinamarca_Info_7aa5d7,PUR_IED_Cundinamarca_Info_7aa5d7,,,,,
2026-09-12T20:46:06-05:00,PUR_IED_Cundinamarca_Tec2_f449c7,PUR_IED_Cundinamarca_Tec2_f449c7,,,,,
2026-09-12T20:46:06-05:00,PUR_IED_DiegoM_Aula1_27b314,PUR_IED_DiegoM_Aula1_27b314,,,,,
2026-09-12T20:46:06-05:00,PUR_IED_DiegoM_Ext_d80ac8,PUR_IED_DiegoM_Ext_d80ac8,,,,,
2026-09-12T20:46:06-05:00,PUR_IED_DiegoM_S25_da928f,PUR_IED_DiegoM_S25_da928f,,,,,
2026-09-12T20:46:06-05:00,PUR_IED_ELRODEO_360881,PUR_IED_ELRODEO_360881,,,,,
2026-09-12T20:46:06-05:00,PUR_IED_ELRODEO_ext_360881,PUR_IED_ELRODEO_ext_360881,,,,,
2026-09-12T20:46:06-05:00,PUR_IED_EduardoU_Ext_1c1969,PUR_IED_EduardoU_Ext_1c1969,,,,,
2026-09-12T20:46:06-05:00,PUR_IED_EduardoU_SCiencia_4dfb94,PUR_IED_EduardoU_SCiencia_4dfb94,,,,,
2026-09-12T20:46:06-05:00,PUR_IED_EduardoU_SQuimica_5a46e7,PUR_IED_EduardoU_SQuimica_5a46e7,,,,,
2026-09-12T20:46:06-05:00,PUR_IED_ElRodeo_Aula14_676984,PUR_IED_ElRodeo_Aula14_676984,,,,,
2026-09-12T20:46:06-05:00,PUR_IED_ElRodeo_Aula16_2dd35b,PUR_IED_ElRodeo_Aula16_2dd35b,,,,,
2026-09-12T20:46:06-05:00,PUR_IED_ElRodeo_Ext_360881,PUR_IED_ElRodeo_Ext_360881,,,,,
2026-09-12T20:46:06-05:00,PUR_IED_ElRodeo_Exterior_8c6d28,PUR_IED_ElRodeo_Exterior_8c6d28,,,,,
2026-09-12T20:46:06-05:00,PUR_IED_ElRodeo_ext_360881,PUR_IED_ElRodeo_ext_360881,,,,,
2026-09-12T20:46:06-05:00,PUR_IED_EmmaReyes_Ext_987625,PUR_IED_EmmaReyes_Ext_987625,6,21,52,4.6367,-74.1511
2026-09-12T20:46:06-05:00,PUR_IED_Ensueño_Ext_7f0250,PUR_IED_Ensueño_Ext_7f0250,,,,,
2026-09-12T20:46:06-05:00,PUR_IED_EscNormal_Ext_5fef3b,PUR_IED_EscNormal_Ext_5fef3b,2,19,58,4.5852,-74.096901
2026-09-12T20:46:06-05:00,PUR_IED_EscNormal_S309_5b263,PUR_IED_EscNormal_S309_5b263,,,,,
2026-09-12T20:46:06-05:00,PUR_IED_EscNormal_S310_27b3b8,PUR_IED_EscNormal_S310_27b3b8,,,,,
2026-09-12T20:46:06-05:00,PUR_IED_Evangelista_Conta_f6cd4f,PUR_IED_Evangelista_Conta_f6cd4f,,,,,
2026-09-12T20:46:06-05:00,PUR_IED_Evangelista_Cri_5e16a,PUR_IED_Evangelista_Cri_5e16a,,,,,
2026-09-12T20:46:06-05:00,PUR_IED_Evangelista_Exter_754066,PUR_IED_Evangelista_Exter_754066,,,,,
2026-09-12T20:46:06-05:00,PUR_IED_FMiranda_S209_5cc2a3,PUR_IED_FMiranda_S209_5cc2a3,,,,,
2026-09-12T20:46:06-05:00,PUR_IED_FMiranda_S303_19e344,PUR_IED_FMiranda_S303_19e344,,,,,
2026-09-12T20:46:06-05:00,PUR_IED_FMiranda_ext_f53e7c,PUR_IED_FMiranda_ext_f53e7c,,,,,
2026-09-12T20:46:06-05:00,PUR_IED_FabioLozano_Bibli_1cee05,PUR_IED_FabioLozano_Bibli_1cee05,,,,,
2026-09-12T20:46:06-05:00,PUR_IED_FabioLozano_Ext_6ea285,PUR_IED_FabioLozano_Ext_6ea285,,,,,
2026-09-12T20:46:06-05:00,PUR_IED_FabioLozano_SLudi_f09e1e,PUR_IED_FabioLozano_SLudi_f09e1e,,,,,
2026-09-12T20:46:06-05:00,PUR_IED_FaustinoS_Aula07_27a731,PUR_IED_FaustinoS_Aula07_27a731,,,,,
2026-09-12T20:46:06-05:00,PUR_IED_FaustinoS_Ext_7b936f,PUR_IED_FaustinoS_Ext_7b936f,,,,,
2026-09-12T20:46:06-05:00,PUR_IED_FaustinoS_Fisica_da2c60,PUR_IED_FaustinoS_Fisica_da2c60,,,,,
2026-09-12T20:46:06-05:00,PUR_IED_FeGarciaLo_Ext_dc68ee,PUR_IED_FeGarciaLo_Ext_dc68ee,,,,,
2026-09-12T20:46:06-05:00,PUR_IED_FeGarciaLo_SDanza_f70a59,PUR_IED_FeGarciaLo_SDanza_f70a59,,,,,
2026-09-12T20:46:06-05:00,PUR_IED_FeGarciaLo_SMusic_125cdd,PUR_IED_FeGarciaLo_SMusic_125cdd,,,,,
2026-09-12T20:46:06-05:00,PUR_IED_FederalAlema_Exte_50c345,PUR_IED_FederalAlema_Exte_50c345,,,,,
2026-09-12T20:46:06-05:00,PUR_IED_FederalAlema_S31_f18371,PUR_IED_FederalAlema_S31_f18371,,,,,
2026-09-12T20:46:06-05:00,PUR_IED_FederalAlema_S901_a62cd,PUR_IED_FederalAlema_S901_a62cd,,,,,
2026-09-12T20:46:06-05:00,PUR_IED_FilarmonicaS_A5_f35eb1,PUR_IED_FilarmonicaS_A5_f35eb1,,,,,
2026-09-12T20:46:06-05:00,PUR_IED_FilarmonicaS_Ext_8a3bde,PUR_IED_FilarmonicaS_Ext_8a3bde,,,,,
2026-09-12T20:46:06-05:00,PUR_IED_FilarmonicaS_Spol_406114,PUR_IED_FilarmonicaS_Spol_406114,,,,,
2026-09-12T20:46:06-05:00,PUR_IED_FlorentinoG_A13_d1fa59,PUR_IED_FlorentinoG_A13_d1fa59,,,,,
2026-09-12T20:46:06-05:00,PUR_IED_FlorentinoG_Ext_1ce6ce,PUR_IED_FlorentinoG_Ext_1ce6ce,,,,,
2026-09-12T20:46:06-05:00,PUR_IED_FlorentinoG_Idiom_a66aac,PUR_IED_FlorentinoG_Idiom_a66aac,,,,,
2026-09-12T20:46:06-05:00,PUR_IED_FranciscoMati_Ext_e3869d,PUR_IED_FranciscoMati_Ext_e3869d,,,,,
2026-09-12T20:46:06-05:00,PUR_IED_FranciscoMati_S13_f31c67,PUR_IED_FranciscoMati_S13_f31c67,,,,,
2026-09-12T20:46:06-05:00,PUR_IED_FranciscoMati_S14_97dead,PUR_IED_FranciscoMati_S14_97dead,,,,,
2026-09-12T20:46:06-05:00,PUR_IED_FranciscoPS_Ext_7bfa9a,PUR_IED_FranciscoPS_Ext_7bfa9a,5,20,60,4.5899,-74.110397
2026-09-12T20:46:06-05:00,PUR_IED_FranciscoPS_Infor_fb8f4c,PUR_IED_FranciscoPS_Infor_fb8f4c,,,,,
2026-09-12T20:46:06-05:00,PUR_IED_FranciscoPS_Quimi_94d39c,PUR_IED_FranciscoPS_Quimi_94d39c,,,,,
2026-09-12T20:46:06-05:00,PUR_IED_FranciscoP_LabQ_d7e148,PUR_IED_FranciscoP_LabQ_d7e148,,,,,
2026-09-12T20:46:06-05:00,PUR_IED_FranciscoP_S28_cf9b30,PUR_IED_FranciscoP_S28_cf9b30,,,,,
2026-09-12T20:46:06-05:00,PUR_IED_FranciscoP_ext_e2313,PUR_IED_FranciscoP_ext_e2313,,,,,
2026-09-12T20:46:06-05:00,PUR_IED_FriederichN_Ext_8ac92a,PUR_IED_FriederichN_Ext_8ac92a,,,,,
2026-09-12T20:46:06-05:00,PUR_IED_FriederichN_S301_dd7e5a,PUR_IED_FriederichN_S301_dd7e5a,,,,,
2026-09-12T20:46:06-05:00,PUR_IED_FriederichN_S308_761f4f,PUR_IED_FriederichN_S308_761f4f,,,,,
2026-09-12T20:46:06-05:00,PUR_IED_GSantander_Aula10_533dd7,PUR_IED_GSantander_Aula10_533dd7,,,,,
2026-09-12T20:46:06-05:00,PUR_IED_GSantander_Aula12_fd4e4f,PUR_IED_GSantander_Aula12_fd4e4f,,,,,
2026-09-12T20:46:06-05:00,PUR_IED_GSantander_Aula310_533dd7,PUR_IED_GSantander_Aula310_533dd7,,,,,
2026-09-12T20:46:06-05:00,PUR_IED_GSantander_Aula312_fd4e4f,PUR_IED_GSantander_Aula312_fd4e4f,,,,,
2026-09-12T20:46:06-05:00,PUR_IED_GSantander_Ext_5f66b0,PUR_IED_GSantander_Ext_5f66b0,,,,,
2026-09-12T20:46:06-05:00,PUR_IED_GYomasa_Ext_f6bea5,PUR_IED_GYomasa_Ext_f6bea5,,,,,
2026-09-12T20:46:06-05:00,PUR_IED_GYomasa_LBiol_2c41aa,PUR_IED_GYomasa_LBiol_2c41aa,,,,,
2026-09-12T20:46:06-05:00,PUR_IED_GYomasa_LQuim_33c80,PUR_IED_GYomasa_LQuim_33c80,,,,,
2026-09-12T20:46:06-05:00,PUR_IED_GabBetMejia_Cienc_5a99c,PUR_IED_GabBetMejia_Cienc_5a99c,,,,,
2026-09-12T20:46:06-05:00,PUR_IED_GabBetMejia_Ext_9153d0,PUR_IED_GabBetMejia_Ext_9153d0,,,,,
2026-09-12T20:46:06-05:00,PUR_IED_GabBetMejia_Lab_f55347,PUR_IED_GabBetMejia_Lab_f55347,,,,,
2026-09-12T20:46:06-05:00,PUR_IED_GabBetanMejia_Ext_9153d0,PUR_IED_GabBetanMejia_Ext_9153d0,,,,,
2026-09-12T20:46:06-05:00,PUR_IED_Gaitana_Aula13_7aac11,PUR_IED_Gaitana_Aula13_7aac11,,,,,
2026-09-12T20:46:06-05:00,PUR_IED_Gaitana_Ext_5fcf4,PUR_IED_Gaitana_Ext_5fcf4,,,,,
2026-09-12T20:46:06-05:00,PUR_IED_Gaitana_LabFisica_644448,PUR_IED_Gaitana_LabFisica_644448,,,,,
2026-09-12T20:46:06-05:00,PUR_IED_GenSantander_Dise_8ac858,PUR_IED_GenSantander_Dise_8ac858,,,,,
2026-09-12T20:46:06-05:00,PUR_IED_GenSantander_Ext_8d5dfe,PUR_IED_GenSantander_Ext_8d5dfe,,,,,
2026-09-12T20:46:06-05:00,PUR_IED_GenSantander_Info_6c25b,PUR_IED_GenSantander_Info_6c25b,,,,,
2026-09-12T20:46:06-05:00,PUR_IED_GustavoMo_Exterio_75e63d,PUR_IED_GustavoMo_Exterio_75e63d,,,,,
2026-09-12T20:46:06-05:00,PUR_IED_GustavoMo_LabFisi_224d37,PUR_IED_GustavoMo_LabFisi_224d37,,,,,
2026-09-12T20:46:06-05:00,PUR_IED_GustavoMo_S208_3e6918,PUR_IED_GustavoMo_S208_3e6918,,,,,
2026-09-12T20:46:06-05:00,PUR_IED_GustavoR_A02_8cd4a8,PUR_IED_GustavoR_A02_8cd4a8,,,,,
2026-09-12T20:46:06-05:00,PUR_IED_GustavoR_B11_5b0ed,PUR_IED_GustavoR_B11_5b0ed,,,,,
2026-09-12T20:46:06-05:00,PUR_IED_GustavoR_Ext_7a0c90,PUR_IED_GustavoR_Ext_7a0c90,,,,,
2026-09-12T20:46:06-05:00,PUR_IED_HernandoDuran_Ext_8cd82b,PUR_IED_HernandoDuran_Ext_8cd82b,,,,,
2026-09-12T20:46:06-05:00,PUR_IED_HernandoDuran_S24_2772c6,PUR_IED_HernandoDuran_S24_2772c6,,,,,
2026-09-12T20:46:06-05:00,PUR_IED_HernandoDuran_S30_f2de41,PUR_IED_HernandoDuran_S30_f2de41,,,,,
2026-09-12T20:46:06-05:00,PUR_IED_HolguInUr_S1101_8cd732,PUR_IED_HolguInUr_S1101_8cd732,,,,,
2026-09-12T20:46:06-05:00,PUR_IED_HolguinUr_Exter_ddae6d,PUR_IED_HolguinUr_Exter_ddae6d,,,,,
2026-09-12T20:46:06-05:00,PUR_IED_HolguinUr_LabQuim_92b952,PUR_IED_HolguinUr_LabQuim_92b952,,,,,
2026-09-12T20:46:06-05:00,PUR_IED_Isabel-II_Ext_5245cc,PUR_IED_Isabel-II_Ext_5245cc,7,20,57,4.6336,-74.153
2026-09-12T20:46:06-05:00,PUR_IED_Isabel-II_S_idiom_1c29aa,PUR_IED_Isabel-II_S_idiom_1c29aa,,,,,
2026-09-12T20:46:06-05:00,PUR_IED_Isabel-II_S_infor_fd741,PUR_IED_Isabel-II_S_infor_fd741,,,,,
2026-09-12T20:46:06-05:00,PUR_IED_IsidroSur_Exterio_5b90ea,PUR_IED_IsidroSur_Exterio_5b90ea,,,,,
2026-09-12T20:46:06-05:00,PUR_IED_IsidroSur_LabTec_56697a,PUR_IED_IsidroSur_LabTec_56697a,,,,,
2026-09-12T20:46:06-05:00,PUR_IED_IsidroSur_Robotic_b7c38f,PUR_IED_IsidroSur_Robotic_b7c38f,,,,,
2026-09-12T20:46:06-05:00,PUR_IED_IsmaelPerd_Ext_7b6672,PUR_IED_IsmaelPerd_Ext_7b6672,,,,,
2026-09-12T20:46:06-05:00,PUR_IED_IsmaelPerd_Inform_306540,PUR_IED_IsmaelPerd_Inform_306540,,,,,
2026-09-12T20:46:06-05:00,PUR_IED_IsmaelPerd_S30_2e2c83,PUR_IED_IsmaelPerd_S30_2e2c83,,,,,
2026-09-12T20:46:06-05:00,PUR_IED_JLozano_Exter_432910,PUR_IED_JLozano_Exter_432910,,,,,
2026-09-12T20:46:06-05:00,PUR_IED_JLozano_salaMulti_df5125,PUR_IED_JLozano_salaMulti_df5125,,,,,
2026-09-12T20:46:06-05:00,PUR_IED_JMCordoba_206_86f80b,PUR_IED_JMCordoba_206_86f80b,,,,,
2026-09-12T20:46:06-05:00,PUR_IED_JMCordoba_Ext_27ad97,PUR_IED_JMCordoba_Ext_27ad97,,,,,
2026-09-12T20:46:06-05:00,PUR_IED_JMCordoba_S310_d59ab4,PUR_IED_JMCordoba_S310_d59ab4,,,,,
2026-09-12T20:46:06-05:00,PUR_IED_Japon_Ext_549100,PUR_IED_Japon_Ext_549100,,,,,
2026-09-12T20:46:06-05:00,PUR_IED_Japon_Laboratorio_bec51d,PUR_IED_Japon_Laboratorio_bec51d,,,,,
2026-09-12T20:46:06-05:00,PUR_IED_Japon_informatica_d99327,PUR_IED_Japon_informatica_d99327,,,,,
2026-09-12T20:46:06-05:00,PUR_IED_Jazmin_Ext_d27bda,PUR_IED_Jazmin_Ext_d27bda,,,,,
2026-09-12T20:46:06-05:00,PUR_IED_Jazmin_Fisica_8d14d7,PUR_IED_Jazmin_Fisica_8d14d7,,,,,
2026-09-12T20:46:06-05:00,PUR_IED_Jazmin_Quimica_801cb5,PUR_IED_Jazmin_Quimica_801cb5,,,,,
2026-09-12T20:46:06-05:00,PUR_IED_JorgeGaitan_Exter_f098d1,PUR_IED_JorgeGaitan_Exter_f098d1,,,,,
2026-09-12T20:46:06-05:00,PUR_IED_JorgeGaitan_STec1_dc9d1d,PUR_IED_JorgeGaitan_STec1_dc9d1d,,,,,
2026-09-12T20:46:06-05:00,PUR_IED_JorgeGaitan_STec2_281e69,PUR_IED_JorgeGaitan_STec2_281e69,,,,,
2026-09-12T20:46:06-05:00,PUR_IED_JorgeSoto_Exterio_d9d0a2,PUR_IED_JorgeSoto_Exterio_d9d0a2,,,,,
2026-09-12T20:46:06-05:00,PUR_IED_JorgeSoto_LabFisi_209c54,PUR_IED_JorgeSoto_LabFisi_209c54,,,,,
2026-09-12T20:46:06-05:00,PUR_IED_JorgeSoto_S103_27b51a,PUR_IED_JorgeSoto_S103_27b51a,,,,,
2026-09-12T20:46:06-05:00,PUR_IED_JoseAcevedo_A02_e965eb,PUR_IED_JoseAcevedo_A02_e965eb,,,,,
2026-09-12T20:46:06-05:00,PUR_IED_JoseAcevedo_A07_dd5b4,PUR_IED_JoseAcevedo_A07_dd5b4,,,,,
2026-09-12T20:46:06-05:00,PUR_IED_JoseAcevedo_Ext_b47484,PUR_IED_JoseAcevedo_Ext_b47484,,,,,
2026-09-12T20:46:06-05:00,PUR_IED_JoseMarti_Exte_5b9bf,PUR_IED_JoseMarti_Exte_5b9bf,,,,,
2026-09-12T20:46:06-05:00,PUR_IED_JoseMarti_LabQuim_1c6c2d,PUR_IED_JoseMarti_LabQuim_1c6c2d,,,,,
2026-09-12T20:46:06-05:00,PUR_IED_JoseMarti_S_info_f5f177,PUR_IED_JoseMarti_S_info_f5f177,,,,,
2026-09-12T20:46:06-05:00,PUR_IED_Josejoaquin_Ext_dfc5dc,PUR_IED_Josejoaquin_Ext_dfc5dc,,,,,
2026-09-12T20:46:06-05:00,PUR_IED_Josejoaquin_S05_5b2a96,PUR_IED_Josejoaquin_S05_5b2a96,,,,,
2026-09-12T20:46:06-05:00,PUR_IED_Josejoaquin_S06_1ce7d2,PUR_IED_Josejoaquin_S06_1ce7d2,,,,,
2026-09-12T20:46:06-05:00,PUR_IED_JulioFlorez_Danza_9b82dd,PUR_IED_JulioFlorez_Danza_9b82dd,,,,,
2026-09-12T20:46:06-05:00,PUR_IED_JulioFlorez_Exter_f9f314,PUR_IED_JulioFlorez_Exter_f9f314,,,,,
2026-09-12T20:46:06-05:00,PUR_IED_JulioFlorez_info2_6b6e08,PUR_IED_JulioFlorez_info2_6b6e08,,,,,
2026-09-12T20:46:06-05:00,PUR_IED_LaBelleza_Aula13_1d00d8,PUR_IED_LaBelleza_Aula13_1d00d8,,,,,
2026-09-12T20:46:06-05:00,PUR_IED_LaBelleza_Ext_7bc08c,PUR_IED_LaBelleza_Ext_7bc08c,,,,,
2026-09-12T20:46:06-05:00,PUR_IED_LaChucua_Ext_8cd6d2,PUR_IED_LaChucua_Ext_8cd6d2,,,,,
2026-09-12T20:46:06-05:00,PUR_IED_LaChucua_S15_f578ce,PUR_IED_LaChucua_S15_f578ce,,,,,
2026-09-12T20:46:06-05:00,PUR_IED_LaChucua_S16_eebcf9,PUR_IED_LaChucua_S16_eebcf9,,,,,
2026-09-12T20:46:06-05:00,PUR_IED_LaFelicidad_Ext_fb5109,PUR_IED_LaFelicidad_Ext_fb5109,,,,,
2026-09-12T20:46:06-05:00,PUR_IED_LaMerced_206_66ebd,PUR_IED_LaMerced_206_66ebd,,,,,
2026-09-12T20:46:06-05:00,PUR_IED_LaMerced_207_6ebd6,PUR_IED_LaMerced_207_6ebd6,,,,,
2026-09-12T20:46:06-05:00,PUR_IED_LaMerced_ext_304311,PUR_IED_LaMerced_ext_304311,,,,,
2026-09-12T20:46:06-05:00,PUR_IED_Laureano_CiencNat_281e5e,PUR_IED_Laureano_CiencNat_281e5e,,,,,
2026-09-12T20:46:06-05:00,PUR_IED_Laureano_Comedor_f65c0a,PUR_IED_Laureano_Comedor_f65c0a,,,,,
2026-09-12T20:46:06-05:00,PUR_IED_Laureano_Exterior_7ab011,PUR_IED_Laureano_Exterior_7ab011,,,,,
2026-09-12T20:46:06-05:00,PUR_IED_LeonGreiff_Exte_dfe560,PUR_IED_LeonGreiff_Exte_dfe560,,,,,
2026-09-12T20:46:06-05:00,PUR_IED_LeonGreiff_S210_f264ed,PUR_IED_LeonGreiff_S210_f264ed,,,,,
2026-09-12T20:46:06-05:00,PUR_IED_LeonGreiff_SQuimi_e8296f,PUR_IED_LeonGreiff_SQuimi_e8296f,,,,,
2026-09-12T20:46:06-05:00,PUR_IED_LlanoOrientalS208_7b9fcd,PUR_IED_LlanoOrientalS208_7b9fcd,,,,,
2026-09-12T20:46:06-05:00,PUR_IED_LlanoOriental_Ext_fb3766,PUR_IED_LlanoOriental_Ext_fb3766,,,,,
2026-09-12T20:46:06-05:00,PUR_IED_LlanoOriental_S208_7b9fcd,PUR_IED_LlanoOriental_S208_7b9fcd,,,,,
2026-09-12T20:46:06-05:00,PUR_IED_LlanoOriental_S9_27b378,PUR_IED_LlanoOriental_S9_27b378,,,,,
2026-09-12T20:46:06-05:00,PUR_IED_LosTejares_1101_477602,PUR_IED_LosTejares_1101_477602,,,,,
2026-09-12T20:46:06-05:00,PUR_IED_LosTejares_11_d2c595,PUR_IED_LosTejares_11_d2c595,,,,,
2026-09-12T20:46:06-05:00,PUR_IED_LosTejares_12_477602,PUR_IED_LosTejares_12_477602,,,,,
2026-09-12T20:46:06-05:00,PUR_IED_LosTejares_Ext_8e2115,PUR_IED_LosTejares_Ext_8e2115,,,,,
2026-09-12T20:46:06-05:00,PUR_IED_MagdalenaO_B202_5ddda3,PUR_IED_MagdalenaO_B202_5ddda3,,,,,
2026-09-12T20:46:06-05:00,PUR_IED_MagdalenaO_B205_fb76e8,PUR_IED_MagdalenaO_B205_fb76e8,,,,,
2026-09-12T20:46:06-05:00,PUR_IED_MagdalenaO_ext_dc69cd,PUR_IED_MagdalenaO_ext_dc69cd,,,,,
2026-09-12T20:46:06-05:00,PUR_IED_ManueCepeda_artes_eee956,PUR_IED_ManueCepeda_artes_eee956,,,,,
2026-09-12T20:46:06-05:00,PUR_IED_ManuelCepeda_Ext_58313,PUR_IED_ManuelCepeda_Ext_58313,,,,,
2026-09-12T20:46:06-05:00,PUR_IED_ManuelCepeda_tec_1c5731,PUR_IED_ManuelCepeda_tec_1c5731,,,,,
2026-09-12T20:46:06-05:00,PUR_IED_ManuelS_Exterior_5b269,PUR_IED_ManuelS_Exterior_5b269,,,,,
2026-09-12T20:46:06-05:00,PUR_IED_ManuelS_Inform_f369ce,PUR_IED_ManuelS_Inform_f369ce,,,,,
2026-09-12T20:46:06-05:00,PUR_IED_ManuelS_SArtes_7d15f1,PUR_IED_ManuelS_SArtes_7d15f1,,,,,
2026-09-12T20:46:06-05:00,PUR_IED_ManuelZapata_303_3ca6,PUR_IED_ManuelZapata_303_3ca6,,,,,
2026-09-12T20:46:06-05:00,PUR_IED_ManuelZapata_311_bfbabc,PUR_IED_ManuelZapata_311_bfbabc,,,,,
2026-09-12T20:46:06-05:00,PUR_IED_ManuelZapata_Ext_50824a,PUR_IED_ManuelZapata_Ext_50824a,,,,,
2026-09-12T20:46:06-05:00,PUR_IED_ManuelitaS_Exteri_656a92,PUR_IED_ManuelitaS_Exteri_656a92,,,,,
2026-09-12T20:46:06-05:00,PUR_IED_ManuelitaS_JuzgDe_f58ec3,PUR_IED_ManuelitaS_JuzgDe_f58ec3,,,,,
2026-09-12T20:46:06-05:00,PUR_IED_ManuelitaS_Recrea_d793db,PUR_IED_ManuelitaS_Recrea_d793db,,,,,
2026-09-12T20:46:06-05:00,PUR_IED_MarFidSuarez_Ext_c27b19,PUR_IED_MarFidSuarez_Ext_c27b19,,,,,
2026-09-12T20:46:06-05:00,PUR_IED_MarFidSuarez_Info_e384d7,PUR_IED_MarFidSuarez_Info_e384d7,,,,,
2026-09-12T20:46:06-05:00,PUR_IED_MarFidSuarez_S306_1d0032,PUR_IED_MarFidSuarez_S306_1d0032,,,,,
2026-09-12T20:46:06-05:00,PUR_IED_Menorah_301_2a25a3,PUR_IED_Menorah_301_2a25a3,,,,,
2026-09-12T20:46:06-05:00,PUR_IED_Menorah_306_37ed3,PUR_IED_Menorah_306_37ed3,,,,,
2026-09-12T20:46:06-05:00,PUR_IED_Menorah_Ext_3e155b,PUR_IED_Menorah_Ext_3e155b,,,,,
2026-09-12T20:46:06-05:00,PUR_IED_MinutoB.Aires_A11_1b1604,PUR_IED_MinutoB.Aires_A11_1b1604,,,,,
2026-09-12T20:46:06-05:00,PUR_IED_MinutoB.Aires_A12_fb5860,PUR_IED_MinutoB.Aires_A12_fb5860,,,,,
2026-09-12T20:46:06-05:00,PUR_IED_MinutoB.Aires_Ext_81293f,PUR_IED_MinutoB.Aires_Ext_81293f,,,,,
2026-09-12T20:46:06-05:00,PUR_IED_MinutoBAires_A11_1b1604,PUR_IED_MinutoBAires_A11_1b1604,,,,,
2026-09-12T20:46:06-05:00,PUR_IED_MinutoBAires_A12_fb5860,PUR_IED_MinutoBAires_A12_fb5860,,,,,
2026-09-12T20:46:06-05:00,PUR_IED_MinutoBAires_Ext_81293f,PUR_IED_MinutoBAires_Ext_81293f,,,,,
2026-09-12T20:46:06-05:00,PUR_IED_Montreal_Aula10_1e4959,PUR_IED_Montreal_Aula10_1e4959,,,,,
2026-09-12T20:46:06-05:00,PUR_IED_Montreal_Aula6_300367,PUR_IED_Montreal_Aula6_300367,,,,,
2026-09-12T20:46:06-05:00,PUR_IED_Montreal_Exterior_91a179,PUR_IED_Montreal_Exterior_91a179,,,,,
2026-09-12T20:46:06-05:00,PUR_IED_Mqgdalena_B202_5ddda3,PUR_IED_Mqgdalena_B202_5ddda3,,,,,
2026-09-12T20:46:06-05:00,PUR_IED_NACUND_Soc_dc8728,PUR_IED_NACUND_Soc_dc8728,,,,,
2026-09-12T20:46:06-05:00,PUR_IED_NACUND_ext_27ad97,PUR_IED_NACUND_ext_27ad97,,,,,
2026-09-12T20:46:06-05:00,PUR_IED_NEsperanza_Ext_d24b61,PUR_IED_NEsperanza_Ext_d24b61,,,,,
2026-09-12T20:46:06-05:00,PUR_IED_NEsperanza_SElect_7d1807,PUR_IED_NEsperanza_SElect_7d1807,,,,,
2026-09-12T20:46:06-05:00,PUR_IED_NEsperanza_SLabor_8b2d0a,PUR_IED_NEsperanza_SLabor_8b2d0a,,,,,
2026-09-12T20:46:06-05:00,PUR_IED_NacionesU_Ext_f661a9,PUR_IED_NacionesU_Ext_f661a9,,,,,
2026-09-12T20:46:06-05:00,PUR_IED_NacionesU_Quimica_66f0a,PUR_IED_NacionesU_Quimica_66f0a,,,,,
2026-09-12T20:46:06-05:00,PUR_IED_NacionesU_S306_1b4b3d,PUR_IED_NacionesU_S306_1b4b3d,,,,,
2026-09-12T20:46:06-05:00,PUR_IED_NestorFA_Ext_e4201c,PUR_IED_NestorFA_Ext_e4201c,,,,,
2026-09-12T20:46:06-05:00,PUR_IED_NestorFA_Laborato_f22fe0,PUR_IED_NestorFA_Laborato_f22fe0,,,,,
2026-09-12T20:46:06-05:00,PUR_IED_NestorFA_S204_dee996,PUR_IED_NestorFA_S204_dee996,,,,,
2026-09-12T20:46:06-05:00,PUR_IED_NidyaQT_Aula03_76999b,PUR_IED_NidyaQT_Aula03_76999b,,,,,
2026-09-12T20:46:06-05:00,PUR_IED_NidyaQT_Aula10_56325,PUR_IED_NidyaQT_Aula10_56325,,,,,
2026-09-12T20:46:06-05:00,PUR_IED_NidyaQT_Ext_46e32d,PUR_IED_NidyaQT_Ext_46e32d,,,,,
2026-09-12T20:46:06-05:00,PUR_IED_NuevaCol_Exterior_d9b859,PUR_IED_NuevaCol_Exterior_d9b859,,,,,
2026-09-12T20:46:06-05:00,PUR_IED_NuevaCol_S1101_76c43b,PUR_IED_NuevaCol_S1101_76c43b,,,,,
2026-09-12T20:46:06-05:00,PUR_IED_NuevaCol_S1102_1ce0b5,PUR_IED_NuevaCol_S1102_1ce0b5,,,,,
2026-09-12T20:46:06-05:00,PUR_IED_OEA_A202_f7e3f2,PUR_IED_OEA_A202_f7e3f2,,,,,
2026-09-12T20:46:06-05:00,PUR_IED_OEA_A203_7d1b8d,PUR_IED_OEA_A203_7d1b8d,,,,,
2026-09-12T20:46:06-05:00,PUR_IED_OEA_Ext_27b593,PUR_IED_OEA_Ext_27b593,,,,,
2026-09-12T20:46:06-05:00,PUR_IED_Ochoa_Ext_1c29da,PUR_IED_Ochoa_Ext_1c29da,,,,,
2026-09-12T20:46:06-05:00,PUR_IED_Ochoa_S205_8b1121,PUR_IED_Ochoa_S205_8b1121,,,,,
2026-09-12T20:46:06-05:00,PUR_IED_Ochoa_Sistemas_f33af6,PUR_IED_Ochoa_Sistemas_f33af6,,,,,
2026-09-12T20:46:06-05:00,PUR_IED_PQuebec_Ext_1c67c7,PUR_IED_PQuebec_Ext_1c67c7,,,,,
2026-09-12T20:46:06-05:00,PUR_IED_PQuebec_S15_23e8e2,PUR_IED_PQuebec_S15_23e8e2,,,,,
2026-09-12T20:46:06-05:00,PUR_IED_PQuebec_S16_8ec76b,PUR_IED_PQuebec_S16_8ec76b,,,,,
2026-09-12T20:46:06-05:00,PUR_IED_PabloN_Ext_49dc96,PUR_IED_PabloN_Ext_49dc96,,,,,
2026-09-12T20:46:06-05:00,PUR_IED_PabloN_S1102_4e3df5,PUR_IED_PabloN_S1102_4e3df5,,,,,
2026-09-12T20:46:06-05:00,PUR_IED_PabloN_S1103_50c94b,PUR_IED_PabloN_S1103_50c94b,,,,,
2026-09-12T20:46:06-05:00,PUR_IED_Palestina_S1101_db9198,PUR_IED_Palestina_S1101_db9198,,,,,
2026-09-12T20:46:06-05:00,PUR_IED_Palestina_S1102_dc54fa,PUR_IED_Palestina_S1102_dc54fa,,,,,
2026-09-12T20:46:06-05:00,PUR_IED_Palestina_ext_4ccce6,PUR_IED_Palestina_ext_4ccce6,,,,,
2026-09-12T20:46:06-05:00,PUR_IED_Panama_Fisica_4d0794,PUR_IED_Panama_Fisica_4d0794,,,,,
2026-09-12T20:46:06-05:00,PUR_IED_Panama_SIngles_a4077e,PUR_IED_Panama_SIngles_a4077e,,,,,
2026-09-12T20:46:06-05:00,PUR_IED_Panama_ext_4c54b4,PUR_IED_Panama_ext_4c54b4,,,,,
2026-09-12T20:46:06-05:00,PUR_IED_ParaisoM_Exterior_8cd7f0,PUR_IED_ParaisoM_Exterior_8cd7f0,,,,,
2026-09-12T20:46:06-05:00,PUR_IED_ParaisoM_Laborato_27af35,PUR_IED_ParaisoM_Laborato_27af35,,,,,
2026-09-12T20:46:06-05:00,PUR_IED_ParaisoM_S304_d1edca,PUR_IED_ParaisoM_S304_d1edca,,,,,
2026-09-12T20:46:06-05:00,PUR_IED_PorfirioBarba_Ext_301466,PUR_IED_PorfirioBarba_Ext_301466,,,,,
2026-09-12T20:46:06-05:00,PUR_IED_PorfirioBarba_S11_df6cd2,PUR_IED_PorfirioBarba_S11_df6cd2,,,,,
2026-09-12T20:46:06-05:00,PUR_IED_PorfirioBarba_S29_27a7d6,PUR_IED_PorfirioBarba_S29_27a7d6,,,,,
2026-09-12T20:46:06-05:00,PUR_IED_PradoV_Exter_8b27ad,PUR_IED_PradoV_Exter_8b27ad,,,,,
2026-09-12T20:46:06-05:00,PUR_IED_PradoV_S301_de65b5,PUR_IED_PradoV_S301_de65b5,,,,,
2026-09-12T20:46:06-05:00,PUR_IED_PradoV_S302_7d2593,PUR_IED_PradoV_S302_7d2593,,,,,
2026-09-12T20:46:06-05:00,PUR_IED_QuirogaAlz_Ext_1ddc82,PUR_IED_QuirogaAlz_Ext_1ddc82,,,,,
2026-09-12T20:46:06-05:00,PUR_IED_QuirogaAlz_S302_9926a3,PUR_IED_QuirogaAlz_S302_9926a3,,,,,
2026-09-12T20:46:06-05:00,PUR_IED_QuirogaAlz_S305_cdf1f1,PUR_IED_QuirogaAlz_S305_cdf1f1,,,,,
2026-09-12T20:46:06-05:00,PUR_IED_RGuatemala_Biling_dc53b7,PUR_IED_RGuatemala_Biling_dc53b7,,,,,
2026-09-12T20:46:06-05:00,PUR_IED_RGuatemala_Ext_1b89a3,PUR_IED_RGuatemala_Ext_1b89a3,,,,,
2026-09-12T20:46:06-05:00,PUR_IED_RGuatemala_Tecnol_281a34,PUR_IED_RGuatemala_Tecnol_281a34,,,,,
2026-09-12T20:46:06-05:00,PUR_IED_RafaNu_Ext_f7c302,PUR_IED_RafaNu_Ext_f7c302,,,,,
2026-09-12T20:46:06-05:00,PUR_IED_RafaNu_S1101_25fde,PUR_IED_RafaNu_S1101_25fde,,,,,
2026-09-12T20:46:06-05:00,PUR_IED_RafaNu_S1102_281517,PUR_IED_RafaNu_S1102_281517,,,,,
2026-09-12T20:46:06-05:00,PUR_IED_RafaelB_S305_ee2783,PUR_IED_RafaelB_S305_ee2783,,,,,
2026-09-12T20:46:06-05:00,PUR_IED_RafaelB_S306_75fe33,PUR_IED_RafaelB_S306_75fe33,,,,,
2026-09-12T20:46:06-05:00,PUR_IED_RafaelB_ext_283336,PUR_IED_RafaelB_ext_283336,2,19,59,4.6722,-74.0737
2026-09-12T20:46:06-05:00,PUR_IED_RafaelUU_Exterior_281a51,PUR_IED_RafaelUU_Exterior_281a51,,,,,
2026-09-12T20:46:06-05:00,PUR_IED_RafaelUU_Human_806b2,PUR_IED_RafaelUU_Human_806b2,,,,,
2026-09-12T20:46:06-05:00,PUR_IED_RafaelUU_Mate2_5680d4,PUR_IED_RafaelUU_Mate2_5680d4,,,,,
2026-09-12T20:46:06-05:00,PUR_IED_RamonSub_Ext_f9eeb9,PUR_IED_RamonSub_Ext_f9eeb9,,,,,
2026-09-12T20:46:06-05:00,PUR_IED_RamonSub_Media_d1f62f,PUR_IED_RamonSub_Media_d1f62f,,,,,
2026-09-12T20:46:06-05:00,PUR_IED_RamonSub_planta_51b82,PUR_IED_RamonSub_planta_51b82,,,,,
2026-09-12T20:46:06-05:00,PUR_IED_RepBoliVene_Exter_27af7c,PUR_IED_RepBoliVene_Exter_27af7c,,,,,
2026-09-12T20:46:06-05:00,PUR_IED_RepBoliVene_SCPT_5ae2ee,PUR_IED_RepBoliVene_SCPT_5ae2ee,,,,,
2026-09-12T20:46:06-05:00,PUR_IED_RepBoliVene_Socia_4b11d5,PUR_IED_RepBoliVene_Socia_4b11d5,,,,,
2026-09-12T20:46:06-05:00,PUR_IED_RepChina_Ext_76d9ee,PUR_IED_RepChina_Ext_76d9ee,,,,,
2026-09-12T20:46:06-05:00,PUR_IED_RepChina_S404_7c804c,PUR_IED_RepChina_S404_7c804c,,,,,
2026-09-12T20:46:06-05:00,PUR_IED_RepChina_S405_df2c33,PUR_IED_RepChina_S405_df2c33,,,,,
2026-09-12T20:46:06-05:00,PUR_IED_RepublicaC_Exteri_7d1ec9,PUR_IED_RepublicaC_Exteri_7d1ec9,,,,,
2026-09-12T20:46:06-05:00,PUR_IED_RepublicaC_S1101_f544b3,PUR_IED_RepublicaC_S1101_f544b3,,,,,
2026-09-12T20:46:06-05:00,PUR_IED_RepublicaC_S1102_7aafc7,PUR_IED_RepublicaC_S1102_7aafc7,,,,,
2026-09-12T20:46:06-05:00,PUR_IED_Ricaurte_Externo_a0ea1,PUR_IED_Ricaurte_Externo_a0ea1,,,,,
2026-09-12T20:46:06-05:00,PUR_IED_Ricaurte_S210_f546fd,PUR_IED_Ricaurte_S210_f546fd,,,,,
2026-09-12T20:46:06-05:00,PUR_IED_Ricaurte_S309_d4452,PUR_IED_Ricaurte_S309_d4452,,,,,
2026-09-12T20:46:06-05:00,PUR_IED_RogelioS_1102_531e69,PUR_IED_RogelioS_1102_531e69,,,,,
2026-09-12T20:46:06-05:00,PUR_IED_RogelioS_Ext_f25a18,PUR_IED_RogelioS_Ext_f25a18,,,,,
2026-09-12T20:46:06-05:00,PUR_IED_SBernardino_Ext_27aff8,PUR_IED_SBernardino_Ext_27aff8,,,,,
2026-09-12T20:46:06-05:00,PUR_IED_SBernardino_SArte_2ffd33,PUR_IED_SBernardino_SArte_2ffd33,,,,,
2026-09-12T20:46:06-05:00,PUR_IED_SBernardino_SIngl_7c7da5,PUR_IED_SBernardino_SIngl_7c7da5,,,,,
2026-09-12T20:46:06-05:00,PUR_IED_Sago_auditorio_dc9d1d,PUR_IED_Sago_auditorio_dc9d1d,,,,,
2026-09-12T20:46:06-05:00,PUR_IED_Saludcoop_Ext_95aac3,PUR_IED_Saludcoop_Ext_95aac3,,,,,
2026-09-12T20:46:06-05:00,PUR_IED_Saludcoop_InfI_90c854,PUR_IED_Saludcoop_InfI_90c854,,,,,
2026-09-12T20:46:06-05:00,PUR_IED_Saludcoop_SMedia_1b93be,PUR_IED_Saludcoop_SMedia_1b93be,,,,,
2026-09-12T20:46:06-05:00,PUR_IED_SanCarlos_1101_1a2360,PUR_IED_SanCarlos_1101_1a2360,,,,,
2026-09-12T20:46:06-05:00,PUR_IED_SanCarlos_1103_7bafb5,PUR_IED_SanCarlos_1103_7bafb5,,,,,
2026-09-12T20:46:06-05:00,PUR_IED_SanCarlos_Ext_b7cd1,PUR_IED_SanCarlos_Ext_b7cd1,,,,,
2026-09-12T20:46:06-05:00,PUR_IED_SanIgnacioBosa11a_50c26e,PUR_IED_SanIgnacioBosa11a_50c26e,,,,,
2026-09-12T20:46:06-05:00,PUR_IED_SanIgnacioBosa11b_371de8,PUR_IED_SanIgnacioBosa11b_371de8,,,,,
2026-09-12T20:46:06-05:00,PUR_IED_SanIgnacioBosaExt_ef0ffc,PUR_IED_SanIgnacioBosaExt_ef0ffc,,,,,
2026-09-12T20:46:06-05:00,PUR_IED_SanIgnacioBosa_11a_50c26e,PUR_IED_SanIgnacioBosa_11a_50c26e,,,,,
2026-09-12T20:46:06-05:00,PUR_IED_SanIgnacioBosa_Ext_ef0ffc,PUR_IED_SanIgnacioBosa_Ext_ef0ffc,,,,,
2026-09-12T20:46:06-05:00,PUR_IED_SanJoseN_intS1101_31c47f,PUR_IED_SanJoseN_intS1101_31c47f,,,,,
2026-09-12T20:46:06-05:00,PUR_IED_SanJoseUsm_Exter_f5d7e8,PUR_IED_SanJoseUsm_Exter_f5d7e8,,,,,
2026-09-12T20:46:06-05:00,PUR_IED_SanJoseUsm_Int11A_cfdef6,PUR_IED_SanJoseUsm_Int11A_cfdef6,,,,,
2026-09-12T20:46:06-05:00,PUR_IED_SilveriaR_IntB5_905349,PUR_IED_SilveriaR_IntB5_905349,,,,,
2026-09-12T20:46:06-05:00,PUR_IED_SilveriaR_IntSD14_981f93,PUR_IED_SilveriaR_IntSD14_981f93,,,,,
2026-09-12T20:46:06-05:00,PUR_IED_SilveriaR_ext_2b651d,PUR_IED_SilveriaR_ext_2b651d,,,,,
2026-09-12T20:46:06-05:00,PUR_IED_SimonB_Exterior_913975,PUR_IED_SimonB_Exterior_913975,,,,,
2026-09-12T20:46:06-05:00,PUR_IED_SimonB_LabQuimi_c56908,PUR_IED_SimonB_LabQuimi_c56908,,,,,
2026-09-12T20:46:06-05:00,PUR_IED_SimonB_informatic_a28c1,PUR_IED_SimonB_informatic_a28c1,,,,,
2026-09-12T20:46:06-05:00,PUR_IED_Sorrento_1102_315f50,PUR_IED_Sorrento_1102_315f50,,,,,
2026-09-12T20:46:06-05:00,PUR_IED_Sorrento_Minte_214eab,PUR_IED_Sorrento_Minte_214eab,,,,,
2026-09-12T20:46:06-05:00,PUR_IED_Sorrento_ext_7c3a0a,PUR_IED_Sorrento_ext_7c3a0a,,,,,
2026-09-12T20:46:06-05:00,PUR_IED_Tabora_Ext_f048ae,PUR_IED_Tabora_Ext_f048ae,,,,,
2026-09-12T20:46:06-05:00,PUR_IED_Tabora_S1102_b07752,PUR_IED_Tabora_S1102_b07752,,,,,
2026-09-12T20:46:06-05:00,PUR_IED_Tabora_S1103_d988f5,PUR_IED_Tabora_S1103_d988f5,,,,,
2026-09-12T20:46:06-05:00,PUR_IED_Tenerife_Ext_1ab188,PUR_IED_Tenerife_Ext_1ab188,,,,,
2026-09-12T20:46:06-05:00,PUR_IED_Tenerife_SDanzas_7bc02e,PUR_IED_Tenerife_SDanzas_7bc02e,,,,,
2026-09-12T20:46:06-05:00,PUR_IED_Tenerife_SIngles_7cc277,PUR_IED_Tenerife_SIngles_7cc277,,,,,
2026-09-12T20:46:06-05:00,PUR_IED_Tibabuyes_Exter_f2683d,PUR_IED_Tibabuyes_Exter_f2683d,,,,,
2026-09-12T20:46:06-05:00,PUR_IED_Tibabuyes_S10_dc87a8,PUR_IED_Tibabuyes_S10_dc87a8,,,,,
2026-09-12T20:46:06-05:00,PUR_IED_Tibabuyes_S15_dc0526,PUR_IED_Tibabuyes_S15_dc0526,,,,,
2026-09-12T20:46:06-05:00,PUR_IED_UnionE_S301_a1043,PUR_IED_UnionE_S301_a1043,,,,,
2026-09-12T20:46:06-05:00,PUR_IED_UnionE_S307_ff6c2f,PUR_IED_UnionE_S307_ff6c2f,,,,,
2026-09-12T20:46:06-05:00,PUR_IED_UnionE__Ext_5e2468,PUR_IED_UnionE__Ext_5e2468,,,,,
2026-09-12T20:46:06-05:00,PUR_IED_VillaRica_Ext_75be7c,PUR_IED_VillaRica_Ext_75be7c,,,,,
2026-09-12T20:46:06-05:00,PUR_IED_VillaRica_S4_cc5dcd,PUR_IED_VillaRica_S4_cc5dcd,,,,,
2026-09-12T20:46:06-05:00,PUR_IED_VillaRica_Sesp_99f5c,PUR_IED_VillaRica_Sesp_99f5c,,,,,
2026-09-12T20:51:09-05:00,PUR_IED_20deJulio_1101_91b1b9,PUR_IED_20deJulio_1101_91b1b9,,,,,
2026-09-12T20:51:09-05:00,PUR_IED_20deJulio_1102_1cfcf9,PUR_IED_20deJulio_1102_1cfcf9,,,,,
2026-09-12T20:51:09-05:00,PUR_IED_20deJulio_Ext_ab60bd,PUR_IED_20deJulio_Ext_ab60bd,,,,,
2026-09-12T20:51:09-05:00,PUR_IED_AgustinFer_Ext_7b9b77,PUR_IED_AgustinFer_Ext_7b9b77,,,,,
2026-09-12T20:51:09-05:00,PUR_IED_AgustinFer_Info2_27b3a7,PUR_IED_AgustinFer_Info2_27b3a7,,,,,
2026-09-12T20:51:09-05:00,PUR_IED_AgustinFer_Sena_54b4eb,PUR_IED_AgustinFer_Sena_54b4eb,,,,,
2026-09-12T20:51:09-05:00,PUR_IED_AlexanderF_1102_caf07b,PUR_IED_AlexanderF_1102_caf07b,,,,,
2026-09-12T20:51:09-05:00,PUR_IED_AlexanderF_1103_c79e71,PUR_IED_AlexanderF_1103_c79e71,,,,,
2026-09-12T20:51:09-05:00,PUR_IED_AlexanderF_Ext_c5b18b,PUR_IED_AlexanderF_Ext_c5b18b,,,,,
2026-09-12T20:51:09-05:00,PUR_IED_AlfonsoLopez_Ext_281d77,PUR_IED_AlfonsoLopez_Ext_281d77,,,,,
2026-09-12T20:51:09-05:00,PUR_IED_AlfonsoLopez_LabF_888ce0,PUR_IED_AlfonsoLopez_LabF_888ce0,,,,,
2026-09-12T20:51:09-05:00,PUR_IED_AlfonsoLopez_SMed_df6a7f,PUR_IED_AlfonsoLopez_SMed_df6a7f,,,,,
2026-09-12T20:51:09-05:00,PUR_IED_AltamiraSO_A2_209f92,PUR_IED_AltamiraSO_A2_209f92,,,,,
2026-09-12T20:51:09-05:00,PUR_IED_AltamiraSO_Ext_186d66,PUR_IED_AltamiraSO_Ext_186d66,,,,,
2026-09-12T20:51:09-05:00,PUR_IED_AltamiraSO_Sistem_27afe1,PUR_IED_AltamiraSO_Sistem_27afe1,,,,,
2026-09-12T20:51:09-05:00,PUR_IED_AlvaroGom_LabQuim_813179,PUR_IED_AlvaroGom_LabQuim_813179,,,,,
2026-09-12T20:51:09-05:00,PUR_IED_AlvaroGomez_Ext_47c7ca,PUR_IED_AlvaroGomez_Ext_47c7ca,,,,,
2026-09-12T20:51:09-05:00,PUR_IED_AlvaroGomez_LabQuim_813179,PUR_IED_AlvaroGomez_LabQuim_813179,,,,,
2026-09-12T20:51:09-05:00,PUR_IED_AlvaroGomez_S23_7ba89f,PUR_IED_AlvaroGomez_S23_7ba89f,,,,,
2026-09-12T20:51:09-05:00,PUR_IED_Amistad_306_dc8728,PUR_IED_Amistad_306_dc8728,,,,,
2026-09-12T20:51:09-05:00,PUR_IED_Amistad_Ext_8cd55e,PUR_IED_Amistad_Ext_8cd55e,,,,,
2026-09-12T20:51:09-05:00,PUR_IED_Amistad_S202_a41169,PUR_IED_Amistad_S202_a41169,,,,,
2026-09-12T20:51:09-05:00,PUR_IED_AndresBello_Bio_fd5f5e,PUR_IED_AndresBello_Bio_fd5f5e,,,,,
2026-09-12T20:51:09-05:00,PUR_IED_AndresBello_ext_dcad65,PUR_IED_AndresBello_ext_dcad65,,,,,
2026-09-12T20:51:09-05:00,PUR_IED_AndresBello_port_eed3ec,PUR_IED_AndresBello_port_eed3ec,,,,,
2026-09-12T20:51:09-05:00,PUR_IED_AngelaR_11b_d90a6b,PUR_IED_AngelaR_11b_d90a6b,,,,,
2026-09-12T20:51:09-05:00,PUR_IED_AngelaR_ext_7cad3e,PUR_IED_AngelaR_ext_7cad3e,4,19,63,4.5825,-74.164497
2026-09-12T20:51:09-05:00,PUR_IED_AntJoseSucre_10mo_df2575,PUR_IED_AntJoseSucre_10mo_df2575,,,,,
2026-09-12T20:51:09-05:00,PUR_IED_AntJoseSucre_Ext_215b36,PUR_IED_AntJoseSucre_Ext_215b36,,,,,
2026-09-12T20:51:09-05:00,PUR_IED_AntJoseSucre_Lab_3139de,PUR_IED_AntJoseSucre_Lab_3139de,,,,,
2026-09-12T20:51:09-05:00,PUR_IED_AntonioGarcia_301_d6b188,PUR_IED_AntonioGarcia_301_d6b188,,,,,
2026-09-12T20:51:09-05:00,PUR_IED_AntonioGarcia_302_88a82,PUR_IED_AntonioGarcia_302_88a82,,,,,
2026-09-12T20:51:09-05:00,PUR_IED_AntonioGarcia_Ext_20950c,PUR_IED_AntonioGarcia_Ext_20950c,,,,,
2026-09-12T20:51:09-05:00,PUR_IED_AntonioVan_Aula2_6dea02,PUR_IED_AntonioVan_Aula2_6dea02,,,,,
2026-09-12T20:51:09-05:00,PUR_IED_AntonioVan_Aula5_f1557e,PUR_IED_AntonioVan_Aula5_f1557e,,,,,
2026-09-12T20:51:09-05:00,PUR_IED_AntonioVan_Ext_406f2f,PUR_IED_AntonioVan_Ext_406f2f,,,,,
2026-09-12T20:51:09-05:00,PUR_IED_Atabanzha_Ext_cc5af9,PUR_IED_Atabanzha_Ext_cc5af9,,,,,
2026-09-12T20:51:09-05:00,PUR_IED_Atabanzha_SA101_56c37,PUR_IED_Atabanzha_SA101_56c37,,,,,
2026-09-12T20:51:09-05:00,PUR_IED_Atabanzha_SB302_27b374,PUR_IED_Atabanzha_SB302_27b374,,,,,
2026-09-12T20:51:09-05:00,PUR_IED_Atahualpa_Ext_fc1748,PUR_IED_Atahualpa_Ext_fc1748,,,,,
2026-09-12T20:51:09-05:00,PUR_IED_Atahualpa_Informa_dc9a95,PUR_IED_Atahualpa_Informa_dc9a95,,,,,
2026-09-12T20:51:09-05:00,PUR_IED_Atahualpa_S1101_f98056,PUR_IED_Atahualpa_S1101_f98056,,,,,
2026-09-12T20:51:09-05:00,PUR_IED_Bellavista_Ext_f5aa74,PUR_IED_Bellavista_Ext_f5aa74,,,,,
2026-09-12T20:51:09-05:00,PUR_IED_Bilbao_11A_916c41,PUR_IED_Bilbao_11A_916c41,,,,,
2026-09-12T20:51:09-05:00,PUR_IED_Bilbao_Ext_fb579a,PUR_IED_Bilbao_Ext_fb579a,,,,,
2026-09-12T20:51:09-05:00,PUR_IED_BrasiliaU_A125_304280,PUR_IED_BrasiliaU_A125_304280,,,,,
2026-09-12T20:51:09-05:00,PUR_IED_BrasiliaU_A203_7c8ca5,PUR_IED_BrasiliaU_A203_7c8ca5,,,,,
2026-09-12T20:51:09-05:00,PUR_IED_BrasiliaU_Ext_8d6e9f,PUR_IED_BrasiliaU_Ext_8d6e9f,5,18,63,4.5175,-74.116302
2026-09-12T20:51:09-05:00,PUR_IED_Brasilia_Ext_fe6593,PUR_IED_Brasilia_Ext_fe6593,,,,,
2026-09-12T20:51:09-05:00,PUR_IED_Brasilia_S24_7c130d,PUR_IED_Brasilia_S24_7c130d,,,,,
2026-09-12T20:51:09-05:00,PUR_IED_Brasilia_S501_186a54,PUR_IED_Brasilia_S501_186a54,,,,,
2026-09-12T20:51:09-05:00,PUR_IED_CHARRY_EXT_f1d5cd,PUR_IED_CHARRY_EXT_f1d5cd,,,,,
2026-09-12T20:51:09-05:00,PUR_IED_CHARRY_INTDANZAS_7a08e6,PUR_IED_CHARRY_INTDANZAS_7a08e6,,,,,
2026-09-12T20:51:09-05:00,PUR_IED_CHARRY_INT_AULA20_dc998d,PUR_IED_CHARRY_INT_AULA20_dc998d,,,,,
2026-09-12T20:51:09-05:00,PUR_IED_COLVIV_1101_S25_7f520a,PUR_IED_COLVIV_1101_S25_7f520a,,,,,
2026-09-12T20:51:09-05:00,PUR_IED_COLVIV_1102_S16_f570ba,PUR_IED_COLVIV_1102_S16_f570ba,,,,,
2026-09-12T20:51:09-05:00,PUR_IED_COLVIV_Ext_1a26fa,PUR_IED_COLVIV_Ext_1a26fa,,,,,
2026-09-12T20:51:09-05:00,PUR_IED_CULPOP_301A_f660f3,PUR_IED_CULPOP_301A_f660f3,,,,,
2026-09-12T20:51:09-05:00,PUR_IED_CULPOP_303_568afe,PUR_IED_CULPOP_303_568afe,,,,,
2026-09-12T20:51:09-05:00,PUR_IED_CULPOP_Ext_e02ccb,PUR_IED_CULPOP_Ext_e02ccb,,,,,
2026-09-12T20:51:09-05:00,PUR_IED_CVillavicen_Ext_26eb58,PUR_IED_CVillavicen_Ext_26eb58,4,15,79,4.487,-74.102798
2026-09-12T20:51:09-05:00,PUR_IED_CVillavicen_Intel_1ce5c2,PUR_IED_CVillavicen_Intel_1ce5c2,,,,,
2026-09-12T20:51:09-05:00,PUR_IED_CVillavicen_Poliv_e0766c,PUR_IED_CVillavicen_Poliv_e0766c,,,,,
2026-09-12T20:51:09-05:00,PUR_IED_CVillavicen_int_1ba140,PUR_IED_CVillavicen_int_1ba140,,,,,
2026-09-12T20:51:09-05:00,PUR_IED_CVillavicen_intel_1ba140,PUR_IED_CVillavicen_intel_1ba140,,,,,
2026-09-12T20:51:09-05:00,PUR_IED_CarlosPizarro_Ext_e307cc,PUR_IED_CarlosPizarro_Ext_e307cc,,,,,
2026-09-12T20:51:09-05:00,PUR_IED_CarlosPizarro_L36_7e5cdb,PUR_IED_CarlosPizarro_L36_7e5cdb,,,,,
2026-09-12T20:51:09-05:00,PUR_IED_CarlosPizarro_L37_c8566c,PUR_IED_CarlosPizarro_L37_c8566c,,,,,
2026-09-12T20:51:09-05:00,PUR_IED_Castilla_Ext_cf35f,PUR_IED_Castilla_Ext_cf35f,,,,,
2026-09-12T20:51:09-05:00,PUR_IED_Castilla_SFisik_360e38,PUR_IED_Castilla_SFisik_360e38,,,,,
2026-09-12T20:51:09-05:00,PUR_IED_Castilla_Sc304_496fbf,PUR_IED_Castilla_Sc304_496fbf,,,,,
2026-09-12T20:51:09-05:00,PUR_IED_CervantesSa_Ext_6b57b,PUR_IED_CervantesSa_Ext_6b57b,4,18,67,4.5128,-74.117203
2026-09-12T20:51:09-05:00,PUR_IED_CervantesSa_S107_225c2b,PUR_IED_CervantesSa_S107_225c2b,,,,,
2026-09-12T20:51:09-05:00,PUR_IED_CervantesSa_S108_940925,PUR_IED_CervantesSa_S108_940925,,,,,
2026-09-12T20:51:09-05:00,PUR_IED_Charry_A20_f53e7c,PUR_IED_Charry_A20_f53e7c,,,,,
2026-09-12T20:51:09-05:00,PUR_IED_Charry_Ext_f1d5cd,PUR_IED_Charry_Ext_f1d5cd,,,,,
2026-09-12T20:51:09-05:00,PUR_IED_Charry_IntAula20_dc998d,PUR_IED_Charry_IntAula20_dc998d,,,,,
2026-09-12T20:51:09-05:00,PUR_IED_Charry_IntDanzas_7a08e6,PUR_IED_Charry_IntDanzas_7a08e6,,,,,
2026-09-12T20:51:09-05:00,PUR_IED_ClememciaC_203_43e2fc,PUR_IED_ClememciaC_203_43e2fc,,,,,
2026-09-12T20:51:09-05:00,PUR_IED_ClememciaC_Ext_1b411a,PUR_IED_ClememciaC_Ext_1b411a,,,,,
2026-09-12T20:51:09-05:00,PUR_IED_ClememciaC_Quimic_44b5fc,PUR_IED_ClememciaC_Quimic_44b5fc,,,,,
2026-09-12T20:51:09-05:00,PUR_IED_ClemenciaC_203_43e2fc,PUR_IED_ClemenciaC_203_43e2fc,,,,,
2026-09-12T20:51:09-05:00,PUR_IED_ClemenciaC_Ext_1b411a,PUR_IED_ClemenciaC_Ext_1b411a,,,,,
2026-09-12T20:51:09-05:00,PUR_IED_ClemenciaC_Quimic_44b5fc,PUR_IED_ClemenciaC_Quimic_44b5fc,,,,,
2026-09-12T20:51:09-05:00,PUR_IED_ColViva_1101_S25_7f520a,PUR_IED_ColViva_1101_S25_7f520a,,,,,
2026-09-12T20:51:09-05:00,PUR_IED_ColViva_1102_S16_f570ba,PUR_IED_ColViva_1102_S16_f570ba,,,,,
2026-09-12T20:51:09-05:00,PUR_IED_ColViva_Ext_1a26fa,PUR_IED_ColViva_Ext_1a26fa,,,,,
2026-09-12T20:51:09-05:00,PUR_IED_ColegioBici_Asist_7c8798,PUR_IED_ColegioBici_Asist_7c8798,,,,,
2026-09-12T20:51:09-05:00,PUR_IED_ColegioBici_Ext_25cbf6,PUR_IED_ColegioBici_Ext_25cbf6,,,,,
2026-09-12T20:51:09-05:00,PUR_IED_ColegioBici_LabQ_7b57db,PUR_IED_ColegioBici_LabQ_7b57db,,,,,
2026-09-12T20:51:09-05:00,PUR_IED_CostaRica_Ext_5e640,PUR_IED_CostaRica_Ext_5e640,,,,,
2026-09-12T20:51:09-05:00,PUR_IED_CostaRica_Quim1_766d1c,PUR_IED_CostaRica_Quim1_766d1c,,,,,
2026-09-12T20:51:09-05:00,PUR_IED_CostaRica__Fisica_6f0873,PUR_IED_CostaRica__Fisica_6f0873,,,,,
2026-09-12T20:51:09-05:00,PUR_IED_CulPopu_301A_f660f3,PUR_IED_CulPopu_301A_f660f3,,,,,
2026-09-12T20:51:09-05:00,PUR_IED_CulPopu_303_568afe,PUR_IED_CulPopu_303_568afe,,,,,
2026-09-12T20:51:09-05:00,PUR_IED_CulPopu_Ext_e02ccb,PUR_IED_CulPopu_Ext_e02ccb,,,,,
2026-09-12T20:51:09-05:00,PUR_IED_Cundinamarca_Ext_f15985,PUR_IED_Cundinamarca_Ext_f15985,,,,,
2026-09-12T20:51:09-05:00,PUR_IED_Cundinamarca_Info_7aa5d7,PUR_IED_Cundinamarca_Info_7aa5d7,,,,,
2026-09-12T20:51:09-05:00,PUR_IED_Cundinamarca_Tec2_f449c7,PUR_IED_Cundinamarca_Tec2_f449c7,,,,,
2026-09-12T20:51:09-05:00,PUR_IED_DiegoM_Aula1_27b314,PUR_IED_DiegoM_Aula1_27b314,,,,,
2026-09-12T20:51:09-05:00,PUR_IED_DiegoM_Ext_d80ac8,PUR_IED_DiegoM_Ext_d80ac8,,,,,
2026-09-12T20:51:09-05:00,PUR_IED_DiegoM_S25_da928f,PUR_IED_DiegoM_S25_da928f,,,,,
2026-09-12T20:51:09-05:00,PUR_IED_ELRODEO_360881,PUR_IED_ELRODEO_360881,,,,,
2026-09-12T20:51:09-05:00,PUR_IED_ELRODEO_ext_360881,PUR_IED_ELRODEO_ext_360881,,,,,
2026-09-12T20:51:09-05:00,PUR_IED_EduardoU_Ext_1c1969,PUR_IED_EduardoU_Ext_1c1969,,,,,
2026-09-12T20:51:09-05:00,PUR_IED_EduardoU_SCiencia_4dfb94,PUR_IED_EduardoU_SCiencia_4dfb94,,,,,
2026-09-12T20:51:09-05:00,PUR_IED_EduardoU_SQuimica_5a46e7,PUR_IED_EduardoU_SQuimica_5a46e7,,,,,
2026-09-12T20:51:09-05:00,PUR_IED_ElRodeo_Aula14_676984,PUR_IED_ElRodeo_Aula14_676984,,,,,
2026-09-12T20:51:09-05:00,PUR_IED_ElRodeo_Aula16_2dd35b,PUR_IED_ElRodeo_Aula16_2dd35b,,,,,
2026-09-12T20:51:09-05:00,PUR_IED_ElRodeo_Ext_360881,PUR_IED_ElRodeo_Ext_360881,,,,,
2026-09-12T20:51:09-05:00,PUR_IED_ElRodeo_Exterior_8c6d28,PUR_IED_ElRodeo_Exterior_8c6d28,,,,,
2026-09-12T20:51:09-05:00,PUR_IED_ElRodeo_ext_360881,PUR_IED_ElRodeo_ext_360881,,,,,
2026-09-12T20:51:09-05:00,PUR_IED_EmmaReyes_Ext_987625,PUR_IED_EmmaReyes_Ext_987625,5,21,52,4.6367,-74.1511
2026-09-12T20:51:09-05:00,PUR_IED_Ensueño_Ext_7f0250,PUR_IED_Ensueño_Ext_7f0250,,,,,
2026-09-12T20:51:09-05:00,PUR_IED_EscNormal_Ext_5fef3b,PUR_IED_EscNormal_Ext_5fef3b,2,19,58,4.5852,-74.096901
2026-09-12T20:51:09-05:00,PUR_IED_EscNormal_S309_5b263,PUR_IED_EscNormal_S309_5b263,,,,,
2026-09-12T20:51:09-05:00,PUR_IED_EscNormal_S310_27b3b8,PUR_IED_EscNormal_S310_27b3b8,,,,,
2026-09-12T20:51:09-05:00,PUR_IED_Evangelista_Conta_f6cd4f,PUR_IED_Evangelista_Conta_f6cd4f,,,,,
2026-09-12T20:51:09-05:00,PUR_IED_Evangelista_Cri_5e16a,PUR_IED_Evangelista_Cri_5e16a,,,,,
2026-09-12T20:51:09-05:00,PUR_IED_Evangelista_Exter_754066,PUR_IED_Evangelista_Exter_754066,,,,,
2026-09-12T20:51:09-05:00,PUR_IED_FMiranda_S209_5cc2a3,PUR_IED_FMiranda_S209_5cc2a3,,,,,
2026-09-12T20:51:09-05:00,PUR_IED_FMiranda_S303_19e344,PUR_IED_FMiranda_S303_19e344,,,,,
2026-09-12T20:51:09-05:00,PUR_IED_FMiranda_ext_f53e7c,PUR_IED_FMiranda_ext_f53e7c,,,,,
2026-09-12T20:51:09-05:00,PUR_IED_FabioLozano_Bibli_1cee05,PUR_IED_FabioLozano_Bibli_1cee05,,,,,
2026-09-12T20:51:09-05:00,PUR_IED_FabioLozano_Ext_6ea285,PUR_IED_FabioLozano_Ext_6ea285,,,,,
2026-09-12T20:51:09-05:00,PUR_IED_FabioLozano_SLudi_f09e1e,PUR_IED_FabioLozano_SLudi_f09e1e,,,,,
2026-09-12T20:51:09-05:00,PUR_IED_FaustinoS_Aula07_27a731,PUR_IED_FaustinoS_Aula07_27a731,,,,,
2026-09-12T20:51:09-05:00,PUR_IED_FaustinoS_Ext_7b936f,PUR_IED_FaustinoS_Ext_7b936f,,,,,
2026-09-12T20:51:09-05:00,PUR_IED_FaustinoS_Fisica_da2c60,PUR_IED_FaustinoS_Fisica_da2c60,,,,,
2026-09-12T20:51:09-05:00,PUR_IED_FeGarciaLo_Ext_dc68ee,PUR_IED_FeGarciaLo_Ext_dc68ee,,,,,
2026-09-12T20:51:09-05:00,PUR_IED_FeGarciaLo_SDanza_f70a59,PUR_IED_FeGarciaLo_SDanza_f70a59,,,,,
2026-09-12T20:51:09-05:00,PUR_IED_FeGarciaLo_SMusic_125cdd,PUR_IED_FeGarciaLo_SMusic_125cdd,,,,,
2026-09-12T20:51:09-05:00,PUR_IED_FederalAlema_Exte_50c345,PUR_IED_FederalAlema_Exte_50c345,,,,,
2026-09-12T20:51:09-05:00,PUR_IED_FederalAlema_S31_f18371,PUR_IED_FederalAlema_S31_f18371,,,,,
2026-09-12T20:51:09-05:00,PUR_IED_FederalAlema_S901_a62cd,PUR_IED_FederalAlema_S901_a62cd,,,,,
2026-09-12T20:51:09-05:00,PUR_IED_FilarmonicaS_A5_f35eb1,PUR_IED_FilarmonicaS_A5_f35eb1,,,,,
2026-09-12T20:51:09-05:00,PUR_IED_FilarmonicaS_Ext_8a3bde,PUR_IED_FilarmonicaS_Ext_8a3bde,,,,,
2026-09-12T20:51:09-05:00,PUR_IED_FilarmonicaS_Spol_406114,PUR_IED_FilarmonicaS_Spol_406114,,,,,
2026-09-12T20:51:09-05:00,PUR_IED_FlorentinoG_A13_d1fa59,PUR_IED_FlorentinoG_A13_d1fa59,,,,,
2026-09-12T20:51:09-05:00,PUR_IED_FlorentinoG_Ext_1ce6ce,PUR_IED_FlorentinoG_Ext_1ce6ce,,,,,
2026-09-12T20:51:09-05:00,PUR_IED_FlorentinoG_Idiom_a66aac,PUR_IED_FlorentinoG_Idiom_a66aac,,,,,
2026-09-12T20:51:09-05:00,PUR_IED_FranciscoMati_Ext_e3869d,PUR_IED_FranciscoMati_Ext_e3869d,,,,,
2026-09-12T20:51:09-05:00,PUR_IED_FranciscoMati_S13_f31c67,PUR_IED_FranciscoMati_S13_f31c67,,,,,
2026-09-12T20:51:09-05:00,PUR_IED_FranciscoMati_S14_97dead,PUR_IED_FranciscoMati_S14_97dead,,,,,
2026-09-12T20:51:09-05:00,PUR_IED_FranciscoPS_Ext_7bfa9a,PUR_IED_FranciscoPS_Ext_7bfa9a,3,20,60,4.5899,-74.110397
2026-09-12T20:51:09-05:00,PUR_IED_FranciscoPS_Infor_fb8f4c,PUR_IED_FranciscoPS_Infor_fb8f4c,,,,,
2026-09-12T20:51:09-05:00,PUR_IED_FranciscoPS_Quimi_94d39c,PUR_IED_FranciscoPS_Quimi_94d39c,,,,,
2026-09-12T20:51:09-05:00,PUR_IED_FranciscoP_LabQ_d7e148,PUR_IED_FranciscoP_LabQ_d7e148,,,,,
2026-09-12T20:51:09-05:00,PUR_IED_FranciscoP_S28_cf9b30,PUR_IED_FranciscoP_S28_cf9b30,,,,,
2026-09-12T20:51:09-05:00,PUR_IED_FranciscoP_ext_e2313,PUR_IED_FranciscoP_ext_e2313,,,,,
2026-09-12T20:51:09-05:00,PUR_IED_FriederichN_Ext_8ac92a,PUR_IED_FriederichN_Ext_8ac92a,,,,,
2026-09-12T20:51:09-05:00,PUR_IED_FriederichN_S301_dd7e5a,PUR_IED_FriederichN_S301_dd7e5a,,,,,
2026-09-12T20:51:09-05:00,PUR_IED_FriederichN_S308_761f4f,PUR_IED_FriederichN_S308_761f4f,,,,,
2026-09-12T20:51:09-05:00,PUR_IED_GSantander_Aula10_533dd7,PUR_IED_GSantander_Aula10_533dd7,,,,,
2026-09-12T20:51:09-05:00,PUR_IED_GSantander_Aula12_fd4e4f,PUR_IED_GSantander_Aula12_fd4e4f,,,,,
2026-09-12T20:51:09-05:00,PUR_IED_GSantander_Aula310_533dd7,PUR_IED_GSantander_Aula310_533dd7,,,,,
2026-09-12T20:51:09-05:00,PUR_IED_GSantander_Aula312_fd4e4f,PUR_IED_GSantander_Aula312_fd4e4f,,,,,
2026-09-12T20:51:09-05:00,PUR_IED_GSantander_Ext_5f66b0,PUR_IED_GSantander_Ext_5f66b0,,,,,
2026-09-12T20:51:09-05:00,PUR_IED_GYomasa_Ext_f6bea5,PUR_IED_GYomasa_Ext_f6bea5,,,,,
2026-09-12T20:51:09-05:00,PUR_IED_GYomasa_LBiol_2c41aa,PUR_IED_GYomasa_LBiol_2c41aa,,,,,
2026-09-12T20:51:09-05:00,PUR_IED_GYomasa_LQuim_33c80,PUR_IED_GYomasa_LQuim_33c80,,,,,
2026-09-12T20:51:09-05:00,PUR_IED_GabBetMejia_Cienc_5a99c,PUR_IED_GabBetMejia_Cienc_5a99c,,,,,
2026-09-12T20:51:09-05:00,PUR_IED_GabBetMejia_Ext_9153d0,PUR_IED_GabBetMejia_Ext_9153d0,,,,,
2026-09-12T20:51:09-05:00,PUR_IED_GabBetMejia_Lab_f55347,PUR_IED_GabBetMejia_Lab_f55347,,,,,
2026-09-12T20:51:09-05:00,PUR_IED_GabBetanMejia_Ext_9153d0,PUR_IED_GabBetanMejia_Ext_9153d0,,,,,
2026-09-12T20:51:09-05:00,PUR_IED_Gaitana_Aula13_7aac11,PUR_IED_Gaitana_Aula13_7aac11,,,,,
2026-09-12T20:51:09-05:00,PUR_IED_Gaitana_Ext_5fcf4,PUR_IED_Gaitana_Ext_5fcf4,,,,,
2026-09-12T20:51:09-05:00,PUR_IED_Gaitana_LabFisica_644448,PUR_IED_Gaitana_LabFisica_644448,,,,,
2026-09-12T20:51:09-05:00,PUR_IED_GenSantander_Dise_8ac858,PUR_IED_GenSantander_Dise_8ac858,,,,,
2026-09-12T20:51:09-05:00,PUR_IED_GenSantander_Ext_8d5dfe,PUR_IED_GenSantander_Ext_8d5dfe,,,,,
2026-09-12T20:51:09-05:00,PUR_IED_GenSantander_Info_6c25b,PUR_IED_GenSantander_Info_6c25b,,,,,
2026-09-12T20:51:09-05:00,PUR_IED_GustavoMo_Exterio_75e63d,PUR_IED_GustavoMo_Exterio_75e63d,,,,,
2026-09-12T20:51:09-05:00,PUR_IED_GustavoMo_LabFisi_224d37,PUR_IED_GustavoMo_LabFisi_224d37,,,,,
2026-09-12T20:51:09-05:00,PUR_IED_GustavoMo_S208_3e6918,PUR_IED_GustavoMo_S208_3e6918,,,,,
2026-09-12T20:51:09-05:00,PUR_IED_GustavoR_A02_8cd4a8,PUR_IED_GustavoR_A02_8cd4a8,,,,,
2026-09-12T20:51:09-05:00,PUR_IED_GustavoR_B11_5b0ed,PUR_IED_GustavoR_B11_5b0ed,,,,,
2026-09-12T20:51:09-05:00,PUR_IED_GustavoR_Ext_7a0c90,PUR_IED_GustavoR_Ext_7a0c90,,,,,
2026-09-12T20:51:09-05:00,PUR_IED_HernandoDuran_Ext_8cd82b,PUR_IED_HernandoDuran_Ext_8cd82b,,,,,
2026-09-12T20:51:09-05:00,PUR_IED_HernandoDuran_S24_2772c6,PUR_IED_HernandoDuran_S24_2772c6,,,,,
2026-09-12T20:51:09-05:00,PUR_IED_HernandoDuran_S30_f2de41,PUR_IED_HernandoDuran_S30_f2de41,,,,,
2026-09-12T20:51:09-05:00,PUR_IED_HolguInUr_S1101_8cd732,PUR_IED_HolguInUr_S1101_8cd732,,,,,
2026-09-12T20:51:09-05:00,PUR_IED_HolguinUr_Exter_ddae6d,PUR_IED_HolguinUr_Exter_ddae6d,,,,,
2026-09-12T20:51:09-05:00,PUR_IED_HolguinUr_LabQuim_92b952,PUR_IED_HolguinUr_LabQuim_92b952,,,,,
2026-09-12T20:51:09-05:00,PUR_IED_Isabel-II_Ext_5245cc,PUR_IED_Isabel-II_Ext_5245cc,6,20,57,4.6336,-74.153
2026-09-12T20:51:09-05:00,PUR_IED_Isabel-II_S_idiom_1c29aa,PUR_IED_Isabel-II_S_idiom_1c29aa,,,,,
2026-09-12T20:51:09-05:00,PUR_IED_Isabel-II_S_infor_fd741,PUR_IED_Isabel-II_S_infor_fd741,,,,,
2026-09-12T20:51:09-05:00,PUR_IED_IsidroSur_Exterio_5b90ea,PUR_IED_IsidroSur_Exterio_5b90ea,,,,,
2026-09-12T20:51:09-05:00,PUR_IED_IsidroSur_LabTec_56697a,PUR_IED_IsidroSur_LabTec_56697a,,,,,
2026-09-12T20:51:09-05:00,PUR_IED_IsidroSur_Robotic_b7c38f,PUR_IED_IsidroSur_Robotic_b7c38f,,,,,
2026-09-12T20:51:09-05:00,PUR_IED_IsmaelPerd_Ext_7b6672,PUR_IED_IsmaelPerd_Ext_7b6672,,,,,
2026-09-12T20:51:09-05:00,PUR_IED_IsmaelPerd_Inform_306540,PUR_IED_IsmaelPerd_Inform_306540,,,,,
2026-09-12T20:51:09-05:00,PUR_IED_IsmaelPerd_S30_2e2c83,PUR_IED_IsmaelPerd_S30_2e2c83,,,,,
2026-09-12T20:51:09-05:00,PUR_IED_JLozano_Exter_432910,PUR_IED_JLozano_Exter_432910,,,,,
2026-09-12T20:51:09-05:00,PUR_IED_JLozano_salaMulti_df5125,PUR_IED_JLozano_salaMulti_df5125,,,,,
2026-09-12T20:51:09-05:00,PUR_IED_JMCordoba_206_86f80b,PUR_IED_JMCordoba_206_86f80b,,,,,
2026-09-12T20:51:09-05:00,PUR_IED_JMCordoba_Ext_27ad97,PUR_IED_JMCordoba_Ext_27ad97,,,,,
2026-09-12T20:51:09-05:00,PUR_IED_JMCordoba_S310_d59ab4,PUR_IED_JMCordoba_S310_d59ab4,,,,,
2026-09-12T20:51:09-05:00,PUR_IED_Japon_Ext_549100,PUR_IED_Japon_Ext_549100,,,,,
2026-09-12T20:51:09-05:00,PUR_IED_Japon_Laboratorio_bec51d,PUR_IED_Japon_Laboratorio_bec51d,,,,,
2026-09-12T20:51:09-05:00,PUR_IED_Japon_informatica_d99327,PUR_IED_Japon_informatica_d99327,,,,,
2026-09-12T20:51:09-05:00,PUR_IED_Jazmin_Ext_d27bda,PUR_IED_Jazmin_Ext_d27bda,,,,,
2026-09-12T20:51:09-05:00,PUR_IED_Jazmin_Fisica_8d14d7,PUR_IED_Jazmin_Fisica_8d14d7,,,,,
2026-09-12T20:51:09-05:00,PUR_IED_Jazmin_Quimica_801cb5,PUR_IED_Jazmin_Quimica_801cb5,,,,,
2026-09-12T20:51:09-05:00,PUR_IED_JorgeGaitan_Exter_f098d1,PUR_IED_JorgeGaitan_Exter_f098d1,,,,,
2026-09-12T20:51:09-05:00,PUR_IED_JorgeGaitan_STec1_dc9d1d,PUR_IED_JorgeGaitan_STec1_dc9d1d,,,,,
2026-09-12T20:51:09-05:00,PUR_IED_JorgeGaitan_STec2_281e69,PUR_IED_JorgeGaitan_STec2_281e69,,,,,
2026-09-12T20:51:09-05:00,PUR_IED_JorgeSoto_Exterio_d9d0a2,PUR_IED_JorgeSoto_Exterio_d9d0a2,,,,,
2026-09-12T20:51:09-05:00,PUR_IED_JorgeSoto_LabFisi_209c54,PUR_IED_JorgeSoto_LabFisi_209c54,,,,,
2026-09-12T20:51:09-05:00,PUR_IED_JorgeSoto_S103_27b51a,PUR_IED_JorgeSoto_S103_27b51a,,,,,
2026-09-12T20:51:09-05:00,PUR_IED_JoseAcevedo_A02_e965eb,PUR_IED_JoseAcevedo_A02_e965eb,,,,,
2026-09-12T20:51:09-05:00,PUR_IED_JoseAcevedo_A07_dd5b4,PUR_IED_JoseAcevedo_A07_dd5b4,,,,,
2026-09-12T20:51:09-05:00,PUR_IED_JoseAcevedo_Ext_b47484,PUR_IED_JoseAcevedo_Ext_b47484,,,,,
2026-09-12T20:51:09-05:00,PUR_IED_JoseMarti_Exte_5b9bf,PUR_IED_JoseMarti_Exte_5b9bf,,,,,
2026-09-12T20:51:09-05:00,PUR_IED_JoseMarti_LabQuim_1c6c2d,PUR_IED_JoseMarti_LabQuim_1c6c2d,,,,,
2026-09-12T20:51:09-05:00,PUR_IED_JoseMarti_S_info_f5f177,PUR_IED_JoseMarti_S_info_f5f177,,,,,
2026-09-12T20:51:09-05:00,PUR_IED_Josejoaquin_Ext_dfc5dc,PUR_IED_Josejoaquin_Ext_dfc5dc,,,,,
2026-09-12T20:51:09-05:00,PUR_IED_Josejoaquin_S05_5b2a96,PUR_IED_Josejoaquin_S05_5b2a96,,,,,
2026-09-12T20:51:09-05:00,PUR_IED_Josejoaquin_S06_1ce7d2,PUR_IED_Josejoaquin_S06_1ce7d2,,,,,
2026-09-12T20:51:09-05:00,PUR_IED_JulioFlorez_Danza_9b82dd,PUR_IED_JulioFlorez_Danza_9b82dd,,,,,
2026-09-12T20:51:09-05:00,PUR_IED_JulioFlorez_Exter_f9f314,PUR_IED_JulioFlorez_Exter_f9f314,,,,,
2026-09-12T20:51:09-05:00,PUR_IED_JulioFlorez_info2_6b6e08,PUR_IED_JulioFlorez_info2_6b6e08,,,,,
2026-09-12T20:51:09-05:00,PUR_IED_LaBelleza_Aula13_1d00d8,PUR_IED_LaBelleza_Aula13_1d00d8,,,,,
2026-09-12T20:51:09-05:00,PUR_IED_LaBelleza_Ext_7bc08c,PUR_IED_LaBelleza_Ext_7bc08c,,,,,
2026-09-12T20:51:09-05:00,PUR_IED_LaChucua_Ext_8cd6d2,PUR_IED_LaChucua_Ext_8cd6d2,,,,,
2026-09-12T20:51:09-05:00,PUR_IED_LaChucua_S15_f578ce,PUR_IED_LaChucua_S15_f578ce,,,,,
2026-09-12T20:51:09-05:00,PUR_IED_LaChucua_S16_eebcf9,PUR_IED_LaChucua_S16_eebcf9,,,,,
2026-09-12T20:51:09-05:00,PUR_IED_LaFelicidad_Ext_fb5109,PUR_IED_LaFelicidad_Ext_fb5109,,,,,
2026-09-12T20:51:09-05:00,PUR_IED_LaMerced_206_66ebd,PUR_IED_LaMerced_206_66ebd,,,,,
2026-09-12T20:51:09-05:00,PUR_IED_LaMerced_207_6ebd6,PUR_IED_LaMerced_207_6ebd6,,,,,
2026-09-12T20:51:09-05:00,PUR_IED_LaMerced_ext_304311,PUR_IED_LaMerced_ext_304311,,,,,
2026-09-12T20:51:09-05:00,PUR_IED_Laureano_CiencNat_281e5e,PUR_IED_Laureano_CiencNat_281e5e,,,,,
2026-09-12T20:51:09-05:00,PUR_IED_Laureano_Comedor_f65c0a,PUR_IED_Laureano_Comedor_f65c0a,,,,,
2026-09-12T20:51:09-05:00,PUR_IED_Laureano_Exterior_7ab011,PUR_IED_Laureano_Exterior_7ab011,,,,,
2026-09-12T20:51:09-05:00,PUR_IED_LeonGreiff_Exte_dfe560,PUR_IED_LeonGreiff_Exte_dfe560,,,,,
2026-09-12T20:51:09-05:00,PUR_IED_LeonGreiff_S210_f264ed,PUR_IED_LeonGreiff_S210_f264ed,,,,,
2026-09-12T20:51:09-05:00,PUR_IED_LeonGreiff_SQuimi_e8296f,PUR_IED_LeonGreiff_SQuimi_e8296f,,,,,
2026-09-12T20:51:09-05:00,PUR_IED_LlanoOrientalS208_7b9fcd,PUR_IED_LlanoOrientalS208_7b9fcd,,,,,
2026-09-12T20:51:09-05:00,PUR_IED_LlanoOriental_Ext_fb3766,PUR_IED_LlanoOriental_Ext_fb3766,,,,,
2026-09-12T20:51:09-05:00,PUR_IED_LlanoOriental_S208_7b9fcd,PUR_IED_LlanoOriental_S208_7b9fcd,,,,,
2026-09-12T20:51:09-05:00,PUR_IED_LlanoOriental_S9_27b378,PUR_IED_LlanoOriental_S9_27b378,,,,,
2026-09-12T20:51:09-05:00,PUR_IED_LosTejares_1101_477602,PUR_IED_LosTejares_1101_477602,,,,,
2026-09-12T20:51:09-05:00,PUR_IED_LosTejares_11_d2c595,PUR_IED_LosTejares_11_d2c595,,,,,
2026-09-12T20:51:09-05:00,PUR_IED_LosTejares_12_477602,PUR_IED_LosTejares_12_477602,,,,,
2026-09-12T20:51:09-05:00,PUR_IED_LosTejares_Ext_8e2115,PUR_IED_LosTejares_Ext_8e2115,,,,,
2026-09-12T20:51:09-05:00,PUR_IED_MagdalenaO_B202_5ddda3,PUR_IED_MagdalenaO_B202_5ddda3,,,,,
2026-09-12T20:51:09-05:00,PUR_IED_MagdalenaO_B205_fb76e8,PUR_IED_MagdalenaO_B205_fb76e8,,,,,
2026-09-12T20:51:09-05:00,PUR_IED_MagdalenaO_ext_dc69cd,PUR_IED_MagdalenaO_ext_dc69cd,,,,,
2026-09-12T20:51:09-05:00,PUR_IED_ManueCepeda_artes_eee956,PUR_IED_ManueCepeda_artes_eee956,,,,,
2026-09-12T20:51:09-05:00,PUR_IED_ManuelCepeda_Ext_58313,PUR_IED_ManuelCepeda_Ext_58313,,,,,
2026-09-12T20:51:09-05:00,PUR_IED_ManuelCepeda_tec_1c5731,PUR_IED_ManuelCepeda_tec_1c5731,,,,,
2026-09-12T20:51:09-05:00,PUR_IED_ManuelS_Exterior_5b269,PUR_IED_ManuelS_Exterior_5b269,,,,,
2026-09-12T20:51:09-05:00,PUR_IED_ManuelS_Inform_f369ce,PUR_IED_ManuelS_Inform_f369ce,,,,,
2026-09-12T20:51:09-05:00,PUR_IED_ManuelS_SArtes_7d15f1,PUR_IED_ManuelS_SArtes_7d15f1,,,,,
2026-09-12T20:51:09-05:00,PUR_IED_ManuelZapata_303_3ca6,PUR_IED_ManuelZapata_303_3ca6,,,,,
2026-09-12T20:51:09-05:00,PUR_IED_ManuelZapata_311_bfbabc,PUR_IED_ManuelZapata_311_bfbabc,,,,,
2026-09-12T20:51:09-05:00,PUR_IED_ManuelZapata_Ext_50824a,PUR_IED_ManuelZapata_Ext_50824a,,,,,
2026-09-12T20:51:09-05:00,PUR_IED_ManuelitaS_Exteri_656a92,PUR_IED_ManuelitaS_Exteri_656a92,,,,,
2026-09-12T20:51:09-05:00,PUR_IED_ManuelitaS_JuzgDe_f58ec3,PUR_IED_ManuelitaS_JuzgDe_f58ec3,,,,,
2026-09-12T20:51:09-05:00,PUR_IED_ManuelitaS_Recrea_d793db,PUR_IED_ManuelitaS_Recrea_d793db,,,,,
2026-09-12T20:51:09-05:00,PUR_IED_MarFidSuarez_Ext_c27b19,PUR_IED_MarFidSuarez_Ext_c27b19,,,,,
2026-09-12T20:51:09-05:00,PUR_IED_MarFidSuarez_Info_e384d7,PUR_IED_MarFidSuarez_Info_e384d7,,,,,
2026-09-12T20:51:09-05:00,PUR_IED_MarFidSuarez_S306_1d0032,PUR_IED_MarFidSuarez_S306_1d0032,,,,,
2026-09-12T20:51:09-05:00,PUR_IED_Menorah_301_2a25a3,PUR_IED_Menorah_301_2a25a3,,,,,
2026-09-12T20:51:09-05:00,PUR_IED_Menorah_306_37ed3,PUR_IED_Menorah_306_37ed3,,,,,
2026-09-12T20:51:09-05:00,PUR_IED_Menorah_Ext_3e155b,PUR_IED_Menorah_Ext_3e155b,,,,,
2026-09-12T20:51:09-05:00,PUR_IED_MinutoB.Aires_A11_1b1604,PUR_IED_MinutoB.Aires_A11_1b1604,,,,,
2026-09-12T20:51:09-05:00,PUR_IED_MinutoB.Aires_A12_fb5860,PUR_IED_MinutoB.Aires_A12_fb5860,,,,,
2026-09-12T20:51:09-05:00,PUR_IED_MinutoB.Aires_Ext_81293f,PUR_IED_MinutoB.Aires_Ext_81293f,,,,,
2026-09-12T20:51:09-05:00,PUR_IED_MinutoBAires_A11_1b1604,PUR_IED_MinutoBAires_A11_1b1604,,,,,
2026-09-12T20:51:09-05:00,PUR_IED_MinutoBAires_A12_fb5860,PUR_IED_MinutoBAires_A12_fb5860,,,,,
2026-09-12T20:51:09-05:00,PUR_IED_MinutoBAires_Ext_81293f,PUR_IED_MinutoBAires_Ext_81293f,,,,,
2026-09-12T20:51:09-05:00,PUR_IED_Montreal_Aula10_1e4959,PUR_IED_Montreal_Aula10_1e4959,,,,,
2026-09-12T20:51:09-05:00,PUR_IED_Montreal_Aula6_300367,PUR_IED_Montreal_Aula6_300367,,,,,
2026-09-12T20:51:09-05:00,PUR_IED_Montreal_Exterior_91a179,PUR_IED_Montreal_Exterior_91a179,,,,,
2026-09-12T20:51:09-05:00,PUR_IED_Mqgdalena_B202_5ddda3,PUR_IED_Mqgdalena_B202_5ddda3,,,,,
2026-09-12T20:51:09-05:00,PUR_IED_NACUND_Soc_dc8728,PUR_IED_NACUND_Soc_dc8728,,,,,
2026-09-12T20:51:09-05:00,PUR_IED_NACUND_ext_27ad97,PUR_IED_NACUND_ext_27ad97,,,,,
2026-09-12T20:51:09-05:00,PUR_IED_NEsperanza_Ext_d24b61,PUR_IED_NEsperanza_Ext_d24b61,,,,,
2026-09-12T20:51:09-05:00,PUR_IED_NEsperanza_SElect_7d1807,PUR_IED_NEsperanza_SElect_7d1807,,,,,
2026-09-12T20:51:09-05:00,PUR_IED_NEsperanza_SLabor_8b2d0a,PUR_IED_NEsperanza_SLabor_8b2d0a,,,,,
2026-09-12T20:51:09-05:00,PUR_IED_NacionesU_Ext_f661a9,PUR_IED_NacionesU_Ext_f661a9,,,,,
2026-09-12T20:51:09-05:00,PUR_IED_NacionesU_Quimica_66f0a,PUR_IED_NacionesU_Quimica_66f0a,,,,,
2026-09-12T20:51:09-05:00,PUR_IED_NacionesU_S306_1b4b3d,PUR_IED_NacionesU_S306_1b4b3d,,,,,
2026-09-12T20:51:09-05:00,PUR_IED_NestorFA_Ext_e4201c,PUR_IED_NestorFA_Ext_e4201c,,,,,
2026-09-12T20:51:09-05:00,PUR_IED_NestorFA_Laborato_f22fe0,PUR_IED_NestorFA_Laborato_f22fe0,,,,,
2026-09-12T20:51:09-05:00,PUR_IED_NestorFA_S204_dee996,PUR_IED_NestorFA_S204_dee996,,,,,
2026-09-12T20:51:09-05:00,PUR_IED_NidyaQT_Aula03_76999b,PUR_IED_NidyaQT_Aula03_76999b,,,,,
2026-09-12T20:51:09-05:00,PUR_IED_NidyaQT_Aula10_56325,PUR_IED_NidyaQT_Aula10_56325,,,,,
2026-09-12T20:51:09-05:00,PUR_IED_NidyaQT_Ext_46e32d,PUR_IED_NidyaQT_Ext_46e32d,,,,,
2026-09-12T20:51:09-05:00,PUR_IED_NuevaCol_Exterior_d9b859,PUR_IED_NuevaCol_Exterior_d9b859,,,,,
2026-09-12T20:51:09-05:00,PUR_IED_NuevaCol_S1101_76c43b,PUR_IED_NuevaCol_S1101_76c43b,,,,,
2026-09-12T20:51:09-05:00,PUR_IED_NuevaCol_S1102_1ce0b5,PUR_IED_NuevaCol_S1102_1ce0b5,,,,,
2026-09-12T20:51:09-05:00,PUR_IED_OEA_A202_f7e3f2,PUR_IED_OEA_A202_f7e3f2,,,,,
2026-09-12T20:51:09-05:00,PUR_IED_OEA_A203_7d1b8d,PUR_IED_OEA_A203_7d1b8d,,,,,
2026-09-12T20:51:09-05:00,PUR_IED_OEA_Ext_27b593,PUR_IED_OEA_Ext_27b593,,,,,
2026-09-12T20:51:09-05:00,PUR_IED_Ochoa_Ext_1c29da,PUR_IED_Ochoa_Ext_1c29da,,,,,
2026-09-12T20:51:09-05:00,PUR_IED_Ochoa_S205_8b1121,PUR_IED_Ochoa_S205_8b1121,,,,,
2026-09-12T20:51:09-05:00,PUR_IED_Ochoa_Sistemas_f33af6,PUR_IED_Ochoa_Sistemas_f33af6,,,,,
2026-09-12T20:51:09-05:00,PUR_IED_PQuebec_Ext_1c67c7,PUR_IED_PQuebec_Ext_1c67c7,,,,,
2026-09-12T20:51:09-05:00,PUR_IED_PQuebec_S15_23e8e2,PUR_IED_PQuebec_S15_23e8e2,,,,,
2026-09-12T20:51:09-05:00,PUR_IED_PQuebec_S16_8ec76b,PUR_IED_PQuebec_S16_8ec76b,,,,,
2026-09-12T20:51:09-05:00,PUR_IED_PabloN_Ext_49dc96,PUR_IED_PabloN_Ext_49dc96,,,,,
2026-09-12T20:51:09-05:00,PUR_IED_PabloN_S1102_4e3df5,PUR_IED_PabloN_S1102_4e3df5,,,,,
2026-09-12T20:51:09-05:00,PUR_IED_PabloN_S1103_50c94b,PUR_IED_PabloN_S1103_50c94b,,,,,
2026-09-12T20:51:09-05:00,PUR_IED_Palestina_S1101_db9198,PUR_IED_Palestina_S1101_db9198,,,,,
2026-09-12T20:51:09-05:00,PUR_IED_Palestina_S1102_dc54fa,PUR_IED_Palestina_S1102_dc54fa,,,,,
2026-09-12T20:51:09-05:00,PUR_IED_Palestina_ext_4ccce6,PUR_IED_Palestina_ext_4ccce6,,,,,
2026-09-12T20:51:09-05:00,PUR_IED_Panama_Fisica_4d0794,PUR_IED_Panama_Fisica_4d0794,,,,,
2026-09-12T20:51:09-05:00,PUR_IED_Panama_SIngles_a4077e,PUR_IED_Panama_SIngles_a4077e,,,,,
2026-09-12T20:51:09-05:00,PUR_IED_Panama_ext_4c54b4,PUR_IED_Panama_ext_4c54b4,,,,,
2026-09-12T20:51:09-05:00,PUR_IED_ParaisoM_Exterior_8cd7f0,PUR_IED_ParaisoM_Exterior_8cd7f0,,,,,
2026-09-12T20:51:09-05:00,PUR_IED_ParaisoM_Laborato_27af35,PUR_IED_ParaisoM_Laborato_27af35,,,,,
2026-09-12T20:51:09-05:00,PUR_IED_ParaisoM_S304_d1edca,PUR_IED_ParaisoM_S304_d1edca,,,,,
2026-09-12T20:51:09-05:00,PUR_IED_PorfirioBarba_Ext_301466,PUR_IED_PorfirioBarba_Ext_301466,,,,,
2026-09-12T20:51:09-05:00,PUR_IED_PorfirioBarba_S11_df6cd2,PUR_IED_PorfirioBarba_S11_df6cd2,,,,,
2026-09-12T20:51:09-05:00,PUR_IED_PorfirioBarba_S29_27a7d6,PUR_IED_PorfirioBarba_S29_27a7d6,,,,,
2026-09-12T20:51:09-05:00,PUR_IED_PradoV_Exter_8b27ad,PUR_IED_PradoV_Exter_8b27ad,,,,,
2026-09-12T20:51:09-05:00,PUR_IED_PradoV_S301_de65b5,PUR_IED_PradoV_S301_de65b5,,,,,
2026-09-12T20:51:09-05:00,PUR_IED_PradoV_S302_7d2593,PUR_IED_PradoV_S302_7d2593,,,,,
2026-09-12T20:51:09-05:00,PUR_IED_QuirogaAlz_Ext_1ddc82,PUR_IED_QuirogaAlz_Ext_1ddc82,,,,,
2026-09-12T20:51:09-05:00,PUR_IED_QuirogaAlz_S302_9926a3,PUR_IED_QuirogaAlz_S302_9926a3,,,,,
2026-09-12T20:51:09-05:00,PUR_IED_QuirogaAlz_S305_cdf1f1,PUR_IED_QuirogaAlz_S305_cdf1f1,,,,,
2026-09-12T20:51:09-05:00,PUR_IED_RGuatemala_Biling_dc53b7,PUR_IED_RGuatemala_Biling_dc53b7,,,,,
2026-09-12T20:51:09-05:00,PUR_IED_RGuatemala_Ext_1b89a3,PUR_IED_RGuatemala_Ext_1b89a3,,,,,
2026-09-12T20:51:09-05:00,PUR_IED_RGuatemala_Tecnol_281a34,PUR_IED_RGuatemala_Tecnol_281a34,,,,,
2026-09-12T20:51:09-05:00,PUR_IED_RafaNu_Ext_f7c302,PUR_IED_RafaNu_Ext_f7c302,,,,,
2026-09-12T20:51:09-05:00,PUR_IED_RafaNu_S1101_25fde,PUR_IED_RafaNu_S1101_25fde,,,,,
2026-09-12T20:51:09-05:00,PUR_IED_RafaNu_S1102_281517,PUR_IED_RafaNu_S1102_281517,,,,,
2026-09-12T20:51:09-05:00,PUR_IED_RafaelB_S305_ee2783,PUR_IED_RafaelB_S305_ee2783,,,,,
2026-09-12T20:51:09-05:00,PUR_IED_RafaelB_S306_75fe33,PUR_IED_RafaelB_S306_75fe33,,,,,
2026-09-12T20:51:09-05:00,PUR_IED_RafaelB_ext_283336,PUR_IED_RafaelB_ext_283336,,,,,
2026-09-12T20:51:09-05:00,PUR_IED_RafaelUU_Exterior_281a51,PUR_IED_RafaelUU_Exterior_281a51,,,,,
2026-09-12T20:51:09-05:00,PUR_IED_RafaelUU_Human_806b2,PUR_IED_RafaelUU_Human_806b2,,,,,
2026-09-12T20:51:09-05:00,PUR_IED_RafaelUU_Mate2_5680d4,PUR_IED_RafaelUU_Mate2_5680d4,,,,,
2026-09-12T20:51:09-05:00,PUR_IED_RamonSub_Ext_f9eeb9,PUR_IED_RamonSub_Ext_f9eeb9,,,,,
2026-09-12T20:51:09-05:00,PUR_IED_RamonSub_Media_d1f62f,PUR_IED_RamonSub_Media_d1f62f,,,,,
2026-09-12T20:51:09-05:00,PUR_IED_RamonSub_planta_51b82,PUR_IED_RamonSub_planta_51b82,,,,,
2026-09-12T20:51:09-05:00,PUR_IED_RepBoliVene_Exter_27af7c,PUR_IED_RepBoliVene_Exter_27af7c,,,,,
2026-09-12T20:51:09-05:00,PUR_IED_RepBoliVene_SCPT_5ae2ee,PUR_IED_RepBoliVene_SCPT_5ae2ee,,,,,
2026-09-12T20:51:09-05:00,PUR_IED_RepBoliVene_Socia_4b11d5,PUR_IED_RepBoliVene_Socia_4b11d5,,,,,
2026-09-12T20:51:09-05:00,PUR_IED_RepChina_Ext_76d9ee,PUR_IED_RepChina_Ext_76d9ee,,,,,
2026-09-12T20:51:09-05:00,PUR_IED_RepChina_S404_7c804c,PUR_IED_RepChina_S404_7c804c,,,,,
2026-09-12T20:51:09-05:00,PUR_IED_RepChina_S405_df2c33,PUR_IED_RepChina_S405_df2c33,,,,,
2026-09-12T20:51:09-05:00,PUR_IED_RepublicaC_Exteri_7d1ec9,PUR_IED_RepublicaC_Exteri_7d1ec9,,,,,
2026-09-12T20:51:09-05:00,PUR_IED_RepublicaC_S1101_f544b3,PUR_IED_RepublicaC_S1101_f544b3,,,,,
2026-09-12T20:51:09-05:00,PUR_IED_RepublicaC_S1102_7aafc7,PUR_IED_RepublicaC_S1102_7aafc7,,,,,
2026-09-12T20:51:09-05:00,PUR_IED_Ricaurte_Externo_a0ea1,PUR_IED_Ricaurte_Externo_a0ea1,,,,,
2026-09-12T20:51:09-05:00,PUR_IED_Ricaurte_S210_f546fd,PUR_IED_Ricaurte_S210_f546fd,,,,,
2026-09-12T20:51:09-05:00,PUR_IED_Ricaurte_S309_d4452,PUR_IED_Ricaurte_S309_d4452,,,,,
2026-09-12T20:51:09-05:00,PUR_IED_RogelioS_1102_531e69,PUR_IED_RogelioS_1102_531e69,,,,,
2026-09-12T20:51:09-05:00,PUR_IED_RogelioS_Ext_f25a18,PUR_IED_RogelioS_Ext_f25a18,,,,,
2026-09-12T20:51:09-05:00,PUR_IED_SBernardino_Ext_27aff8,PUR_IED_SBernardino_Ext_27aff8,,,,,
2026-09-12T20:51:09-05:00,PUR_IED_SBernardino_SArte_2ffd33,PUR_IED_SBernardino_SArte_2ffd33,,,,,
2026-09-12T20:51:09-05:00,PUR_IED_SBernardino_SIngl_7c7da5,PUR_IED_SBernardino_SIngl_7c7da5,,,,,
2026-09-12T20:51:09-05:00,PUR_IED_Sago_auditorio_dc9d1d,PUR_IED_Sago_auditorio_dc9d1d,,,,,
2026-09-12T20:51:09-05:00,PUR_IED_Saludcoop_Ext_95aac3,PUR_IED_Saludcoop_Ext_95aac3,,,,,
2026-09-12T20:51:09-05:00,PUR_IED_Saludcoop_InfI_90c854,PUR_IED_Saludcoop_InfI_90c854,,,,,
2026-09-12T20:51:09-05:00,PUR_IED_Saludcoop_SMedia_1b93be,PUR_IED_Saludcoop_SMedia_1b93be,,,,,
2026-09-12T20:51:09-05:00,PUR_IED_SanCarlos_1101_1a2360,PUR_IED_SanCarlos_1101_1a2360,,,,,
2026-09-12T20:51:09-05:00,PUR_IED_SanCarlos_1103_7bafb5,PUR_IED_SanCarlos_1103_7bafb5,,,,,
2026-09-12T20:51:09-05:00,PUR_IED_SanCarlos_Ext_b7cd1,PUR_IED_SanCarlos_Ext_b7cd1,,,,,
2026-09-12T20:51:09-05:00,PUR_IED_SanIgnacioBosa11a_50c26e,PUR_IED_SanIgnacioBosa11a_50c26e,,,,,
2026-09-12T20:51:09-05:00,PUR_IED_SanIgnacioBosa11b_371de8,PUR_IED_SanIgnacioBosa11b_371de8,,,,,
2026-09-12T20:51:09-05:00,PUR_IED_SanIgnacioBosaExt_ef0ffc,PUR_IED_SanIgnacioBosaExt_ef0ffc,,,,,
2026-09-12T20:51:09-05:00,PUR_IED_SanIgnacioBosa_11a_50c26e,PUR_IED_SanIgnacioBosa_11a_50c26e,,,,,
2026-09-12T20:51:09-05:00,PUR_IED_SanIgnacioBosa_Ext_ef0ffc,PUR_IED_SanIgnacioBosa_Ext_ef0ffc,,,,,
2026-09-12T20:51:09-05:00,PUR_IED_SanJoseN_intS1101_31c47f,PUR_IED_SanJoseN_intS1101_31c47f,,,,,
2026-09-12T20:51:09-05:00,PUR_IED_SanJoseUsm_Exter_f5d7e8,PUR_IED_SanJoseUsm_Exter_f5d7e8,,,,,
2026-09-12T20:51:09-05:00,PUR_IED_SanJoseUsm_Int11A_cfdef6,PUR_IED_SanJoseUsm_Int11A_cfdef6,,,,,
2026-09-12T20:51:09-05:00,PUR_IED_SilveriaR_IntB5_905349,PUR_IED_SilveriaR_IntB5_905349,,,,,
2026-09-12T20:51:09-05:00,PUR_IED_SilveriaR_IntSD14_981f93,PUR_IED_SilveriaR_IntSD14_981f93,,,,,
2026-09-12T20:51:09-05:00,PUR_IED_SilveriaR_ext_2b651d,PUR_IED_SilveriaR_ext_2b651d,,,,,
2026-09-12T20:51:09-05:00,PUR_IED_SimonB_Exterior_913975,PUR_IED_SimonB_Exterior_913975,,,,,
2026-09-12T20:51:09-05:00,PUR_IED_SimonB_LabQuimi_c56908,PUR_IED_SimonB_LabQuimi_c56908,,,,,
2026-09-12T20:51:09-05:00,PUR_IED_SimonB_informatic_a28c1,PUR_IED_SimonB_informatic_a28c1,,,,,
2026-09-12T20:51:09-05:00,PUR_IED_Sorrento_1102_315f50,PUR_IED_Sorrento_1102_315f50,,,,,
2026-09-12T20:51:09-05:00,PUR_IED_Sorrento_Minte_214eab,PUR_IED_Sorrento_Minte_214eab,,,,,
2026-09-12T20:51:09-05:00,PUR_IED_Sorrento_ext_7c3a0a,PUR_IED_Sorrento_ext_7c3a0a,,,,,
2026-09-12T20:51:09-05:00,PUR_IED_Tabora_Ext_f048ae,PUR_IED_Tabora_Ext_f048ae,,,,,
2026-09-12T20:51:09-05:00,PUR_IED_Tabora_S1102_b07752,PUR_IED_Tabora_S1102_b07752,,,,,
2026-09-12T20:51:09-05:00,PUR_IED_Tabora_S1103_d988f5,PUR_IED_Tabora_S1103_d988f5,,,,,
2026-09-12T20:51:09-05:00,PUR_IED_Tenerife_Ext_1ab188,PUR_IED_Tenerife_Ext_1ab188,,,,,
2026-09-12T20:51:09-05:00,PUR_IED_Tenerife_SDanzas_7bc02e,PUR_IED_Tenerife_SDanzas_7bc02e,,,,,
2026-09-12T20:51:09-05:00,PUR_IED_Tenerife_SIngles_7cc277,PUR_IED_Tenerife_SIngles_7cc277,,,,,
2026-09-12T20:51:09-05:00,PUR_IED_Tibabuyes_Exter_f2683d,PUR_IED_Tibabuyes_Exter_f2683d,,,,,
2026-09-12T20:51:09-05:00,PUR_IED_Tibabuyes_S10_dc87a8,PUR_IED_Tibabuyes_S10_dc87a8,,,,,
2026-09-12T20:51:09-05:00,PUR_IED_Tibabuyes_S15_dc0526,PUR_IED_Tibabuyes_S15_dc0526,,,,,
2026-09-12T20:51:09-05:00,PUR_IED_UnionE_S301_a1043,PUR_IED_UnionE_S301_a1043,,,,,
2026-09-12T20:51:09-05:00,PUR_IED_UnionE_S307_ff6c2f,PUR_IED_UnionE_S307_ff6c2f,,,,,
2026-09-12T20:51:09-05:00,PUR_IED_UnionE__Ext_5e2468,PUR_IED_UnionE__Ext_5e2468,,,,,
2026-09-12T20:51:09-05:00,PUR_IED_VillaRica_Ext_75be7c,PUR_IED_VillaRica_Ext_75be7c,,,,,
2026-09-12T20:51:09-05:00,PUR_IED_VillaRica_S4_cc5dcd,PUR_IED_VillaRica_S4_cc5dcd,,,,,
2026-09-12T20:51:09-05:00,PUR_IED_VillaRica_Sesp_99f5c,PUR_IED_VillaRica_Sesp_99f5c,,,,,
2026-09-12T20:56:04-05:00,PUR_IED_20deJulio_1101_91b1b9,PUR_IED_20deJulio_1101_91b1b9,,,,,
2026-09-12T20:56:04-05:00,PUR_IED_20deJulio_1102_1cfcf9,PUR_IED_20deJulio_1102_1cfcf9,,,,,
2026-09-12T20:56:04-05:00,PUR_IED_20deJulio_Ext_ab60bd,PUR_IED_20deJulio_Ext_ab60bd,,,,,
2026-09-12T20:56:04-05:00,PUR_IED_AgustinFer_Ext_7b9b77,PUR_IED_AgustinFer_Ext_7b9b77,,,,,
2026-09-12T20:56:04-05:00,PUR_IED_AgustinFer_Info2_27b3a7,PUR_IED_AgustinFer_Info2_27b3a7,,,,,
2026-09-12T20:56:04-05:00,PUR_IED_AgustinFer_Sena_54b4eb,PUR_IED_AgustinFer_Sena_54b4eb,,,,,
2026-09-12T20:56:04-05:00,PUR_IED_AlexanderF_1102_caf07b,PUR_IED_AlexanderF_1102_caf07b,,,,,
2026-09-12T20:56:04-05:00,PUR_IED_AlexanderF_1103_c79e71,PUR_IED_AlexanderF_1103_c79e71,,,,,
2026-09-12T20:56:04-05:00,PUR_IED_AlexanderF_Ext_c5b18b,PUR_IED_AlexanderF_Ext_c5b18b,,,,,
2026-09-12T20:56:04-05:00,PUR_IED_AlfonsoLopez_Ext_281d77,PUR_IED_AlfonsoLopez_Ext_281d77,,,,,
2026-09-12T20:56:04-05:00,PUR_IED_AlfonsoLopez_LabF_888ce0,PUR_IED_AlfonsoLopez_LabF_888ce0,,,,,
2026-09-12T20:56:04-05:00,PUR_IED_AlfonsoLopez_SMed_df6a7f,PUR_IED_AlfonsoLopez_SMed_df6a7f,,,,,
2026-09-12T20:56:04-05:00,PUR_IED_AltamiraSO_A2_209f92,PUR_IED_AltamiraSO_A2_209f92,,,,,
2026-09-12T20:56:04-05:00,PUR_IED_AltamiraSO_Ext_186d66,PUR_IED_AltamiraSO_Ext_186d66,,,,,
2026-09-12T20:56:04-05:00,PUR_IED_AltamiraSO_Sistem_27afe1,PUR_IED_AltamiraSO_Sistem_27afe1,,,,,
2026-09-12T20:56:04-05:00,PUR_IED_AlvaroGom_LabQuim_813179,PUR_IED_AlvaroGom_LabQuim_813179,,,,,
2026-09-12T20:56:04-05:00,PUR_IED_AlvaroGomez_Ext_47c7ca,PUR_IED_AlvaroGomez_Ext_47c7ca,,,,,
2026-09-12T20:56:04-05:00,PUR_IED_AlvaroGomez_LabQuim_813179,PUR_IED_AlvaroGomez_LabQuim_813179,,,,,
2026-09-12T20:56:04-05:00,PUR_IED_AlvaroGomez_S23_7ba89f,PUR_IED_AlvaroGomez_S23_7ba89f,,,,,
2026-09-12T20:56:04-05:00,PUR_IED_Amistad_306_dc8728,PUR_IED_Amistad_306_dc8728,,,,,
2026-09-12T20:56:04-05:00,PUR_IED_Amistad_Ext_8cd55e,PUR_IED_Amistad_Ext_8cd55e,,,,,
2026-09-12T20:56:04-05:00,PUR_IED_Amistad_S202_a41169,PUR_IED_Amistad_S202_a41169,,,,,
2026-09-12T20:56:04-05:00,PUR_IED_AndresBello_Bio_fd5f5e,PUR_IED_AndresBello_Bio_fd5f5e,,,,,
2026-09-12T20:56:04-05:00,PUR_IED_AndresBello_ext_dcad65,PUR_IED_AndresBello_ext_dcad65,,,,,
2026-09-12T20:56:04-05:00,PUR_IED_AndresBello_port_eed3ec,PUR_IED_AndresBello_port_eed3ec,,,,,
2026-09-12T20:56:04-05:00,PUR_IED_AngelaR_11b_d90a6b,PUR_IED_AngelaR_11b_d90a6b,,,,,
2026-09-12T20:56:04-05:00,PUR_IED_AngelaR_ext_7cad3e,PUR_IED_AngelaR_ext_7cad3e,3,19,63,4.5825,-74.164497
2026-09-12T20:56:04-05:00,PUR_IED_AntJoseSucre_10mo_df2575,PUR_IED_AntJoseSucre_10mo_df2575,,,,,
2026-09-12T20:56:04-05:00,PUR_IED_AntJoseSucre_Ext_215b36,PUR_IED_AntJoseSucre_Ext_215b36,,,,,
2026-09-12T20:56:04-05:00,PUR_IED_AntJoseSucre_Lab_3139de,PUR_IED_AntJoseSucre_Lab_3139de,,,,,
2026-09-12T20:56:04-05:00,PUR_IED_AntonioGarcia_301_d6b188,PUR_IED_AntonioGarcia_301_d6b188,,,,,
2026-09-12T20:56:04-05:00,PUR_IED_AntonioGarcia_302_88a82,PUR_IED_AntonioGarcia_302_88a82,,,,,
2026-09-12T20:56:04-05:00,PUR_IED_AntonioGarcia_Ext_20950c,PUR_IED_AntonioGarcia_Ext_20950c,,,,,
2026-09-12T20:56:04-05:00,PUR_IED_AntonioVan_Aula2_6dea02,PUR_IED_AntonioVan_Aula2_6dea02,,,,,
2026-09-12T20:56:04-05:00,PUR_IED_AntonioVan_Aula5_f1557e,PUR_IED_AntonioVan_Aula5_f1557e,,,,,
2026-09-12T20:56:04-05:00,PUR_IED_AntonioVan_Ext_406f2f,PUR_IED_AntonioVan_Ext_406f2f,,,,,
2026-09-12T20:56:04-05:00,PUR_IED_Atabanzha_Ext_cc5af9,PUR_IED_Atabanzha_Ext_cc5af9,,,,,
2026-09-12T20:56:04-05:00,PUR_IED_Atabanzha_SA101_56c37,PUR_IED_Atabanzha_SA101_56c37,,,,,
2026-09-12T20:56:04-05:00,PUR_IED_Atabanzha_SB302_27b374,PUR_IED_Atabanzha_SB302_27b374,,,,,
2026-09-12T20:56:04-05:00,PUR_IED_Atahualpa_Ext_fc1748,PUR_IED_Atahualpa_Ext_fc1748,,,,,
2026-09-12T20:56:04-05:00,PUR_IED_Atahualpa_Informa_dc9a95,PUR_IED_Atahualpa_Informa_dc9a95,,,,,
2026-09-12T20:56:04-05:00,PUR_IED_Atahualpa_S1101_f98056,PUR_IED_Atahualpa_S1101_f98056,,,,,
2026-09-12T20:56:04-05:00,PUR_IED_Bellavista_Ext_f5aa74,PUR_IED_Bellavista_Ext_f5aa74,,,,,
2026-09-12T20:56:04-05:00,PUR_IED_Bilbao_11A_916c41,PUR_IED_Bilbao_11A_916c41,,,,,
2026-09-12T20:56:04-05:00,PUR_IED_Bilbao_Ext_fb579a,PUR_IED_Bilbao_Ext_fb579a,,,,,
2026-09-12T20:56:04-05:00,PUR_IED_BrasiliaU_A125_304280,PUR_IED_BrasiliaU_A125_304280,,,,,
2026-09-12T20:56:04-05:00,PUR_IED_BrasiliaU_A203_7c8ca5,PUR_IED_BrasiliaU_A203_7c8ca5,,,,,
2026-09-12T20:56:04-05:00,PUR_IED_BrasiliaU_Ext_8d6e9f,PUR_IED_BrasiliaU_Ext_8d6e9f,5,18,63,4.5175,-74.116302
2026-09-12T20:56:04-05:00,PUR_IED_Brasilia_Ext_fe6593,PUR_IED_Brasilia_Ext_fe6593,,,,,
2026-09-12T20:56:04-05:00,PUR_IED_Brasilia_S24_7c130d,PUR_IED_Brasilia_S24_7c130d,,,,,
2026-09-12T20:56:04-05:00,PUR_IED_Brasilia_S501_186a54,PUR_IED_Brasilia_S501_186a54,,,,,
2026-09-12T20:56:04-05:00,PUR_IED_CHARRY_EXT_f1d5cd,PUR_IED_CHARRY_EXT_f1d5cd,,,,,
2026-09-12T20:56:04-05:00,PUR_IED_CHARRY_INTDANZAS_7a08e6,PUR_IED_CHARRY_INTDANZAS_7a08e6,,,,,
2026-09-12T20:56:04-05:00,PUR_IED_CHARRY_INT_AULA20_dc998d,PUR_IED_CHARRY_INT_AULA20_dc998d,,,,,
2026-09-12T20:56:04-05:00,PUR_IED_COLVIV_1101_S25_7f520a,PUR_IED_COLVIV_1101_S25_7f520a,,,,,
2026-09-12T20:56:04-05:00,PUR_IED_COLVIV_1102_S16_f570ba,PUR_IED_COLVIV_1102_S16_f570ba,,,,,
2026-09-12T20:56:04-05:00,PUR_IED_COLVIV_Ext_1a26fa,PUR_IED_COLVIV_Ext_1a26fa,,,,,
2026-09-12T20:56:04-05:00,PUR_IED_CULPOP_301A_f660f3,PUR_IED_CULPOP_301A_f660f3,,,,,
2026-09-12T20:56:04-05:00,PUR_IED_CULPOP_303_568afe,PUR_IED_CULPOP_303_568afe,,,,,
2026-09-12T20:56:04-05:00,PUR_IED_CULPOP_Ext_e02ccb,PUR_IED_CULPOP_Ext_e02ccb,,,,,
2026-09-12T20:56:04-05:00,PUR_IED_CVillavicen_Ext_26eb58,PUR_IED_CVillavicen_Ext_26eb58,3,15,78,4.487,-74.102798
2026-09-12T20:56:04-05:00,PUR_IED_CVillavicen_Intel_1ce5c2,PUR_IED_CVillavicen_Intel_1ce5c2,,,,,
2026-09-12T20:56:04-05:00,PUR_IED_CVillavicen_Poliv_e0766c,PUR_IED_CVillavicen_Poliv_e0766c,,,,,
2026-09-12T20:56:04-05:00,PUR_IED_CVillavicen_int_1ba140,PUR_IED_CVillavicen_int_1ba140,,,,,
2026-09-12T20:56:04-05:00,PUR_IED_CVillavicen_intel_1ba140,PUR_IED_CVillavicen_intel_1ba140,,,,,
2026-09-12T20:56:04-05:00,PUR_IED_CarlosPizarro_Ext_e307cc,PUR_IED_CarlosPizarro_Ext_e307cc,,,,,
2026-09-12T20:56:04-05:00,PUR_IED_CarlosPizarro_L36_7e5cdb,PUR_IED_CarlosPizarro_L36_7e5cdb,,,,,
2026-09-12T20:56:04-05:00,PUR_IED_CarlosPizarro_L37_c8566c,PUR_IED_CarlosPizarro_L37_c8566c,,,,,
2026-09-12T20:56:04-05:00,PUR_IED_Castilla_Ext_cf35f,PUR_IED_Castilla_Ext_cf35f,,,,,
2026-09-12T20:56:04-05:00,PUR_IED_Castilla_SFisik_360e38,PUR_IED_Castilla_SFisik_360e38,,,,,
2026-09-12T20:56:04-05:00,PUR_IED_Castilla_Sc304_496fbf,PUR_IED_Castilla_Sc304_496fbf,,,,,
2026-09-12T20:56:04-05:00,PUR_IED_CervantesSa_Ext_6b57b,PUR_IED_CervantesSa_Ext_6b57b,4,18,67,4.5128,-74.117203
2026-09-12T20:56:04-05:00,PUR_IED_CervantesSa_S107_225c2b,PUR_IED_CervantesSa_S107_225c2b,,,,,
2026-09-12T20:56:04-05:00,PUR_IED_CervantesSa_S108_940925,PUR_IED_CervantesSa_S108_940925,,,,,
2026-09-12T20:56:04-05:00,PUR_IED_Charry_A20_f53e7c,PUR_IED_Charry_A20_f53e7c,,,,,
2026-09-12T20:56:04-05:00,PUR_IED_Charry_Ext_f1d5cd,PUR_IED_Charry_Ext_f1d5cd,,,,,
2026-09-12T20:56:04-05:00,PUR_IED_Charry_IntAula20_dc998d,PUR_IED_Charry_IntAula20_dc998d,,,,,
2026-09-12T20:56:04-05:00,PUR_IED_Charry_IntDanzas_7a08e6,PUR_IED_Charry_IntDanzas_7a08e6,,,,,
2026-09-12T20:56:04-05:00,PUR_IED_ClememciaC_203_43e2fc,PUR_IED_ClememciaC_203_43e2fc,,,,,
2026-09-12T20:56:04-05:00,PUR_IED_ClememciaC_Ext_1b411a,PUR_IED_ClememciaC_Ext_1b411a,,,,,
2026-09-12T20:56:04-05:00,PUR_IED_ClememciaC_Quimic_44b5fc,PUR_IED_ClememciaC_Quimic_44b5fc,,,,,
2026-09-12T20:56:04-05:00,PUR_IED_ClemenciaC_203_43e2fc,PUR_IED_ClemenciaC_203_43e2fc,,,,,
2026-09-12T20:56:04-05:00,PUR_IED_ClemenciaC_Ext_1b411a,PUR_IED_ClemenciaC_Ext_1b411a,,,,,
2026-09-12T20:56:04-05:00,PUR_IED_ClemenciaC_Quimic_44b5fc,PUR_IED_ClemenciaC_Quimic_44b5fc,,,,,
2026-09-12T20:56:04-05:00,PUR_IED_ColViva_1101_S25_7f520a,PUR_IED_ColViva_1101_S25_7f520a,,,,,
2026-09-12T20:56:04-05:00,PUR_IED_ColViva_1102_S16_f570ba,PUR_IED_ColViva_1102_S16_f570ba,,,,,
2026-09-12T20:56:04-05:00,PUR_IED_ColViva_Ext_1a26fa,PUR_IED_ColViva_Ext_1a26fa,,,,,
2026-09-12T20:56:04-05:00,PUR_IED_ColegioBici_Asist_7c8798,PUR_IED_ColegioBici_Asist_7c8798,,,,,
2026-09-12T20:56:04-05:00,PUR_IED_ColegioBici_Ext_25cbf6,PUR_IED_ColegioBici_Ext_25cbf6,,,,,
2026-09-12T20:56:04-05:00,PUR_IED_ColegioBici_LabQ_7b57db,PUR_IED_ColegioBici_LabQ_7b57db,,,,,
2026-09-12T20:56:04-05:00,PUR_IED_CostaRica_Ext_5e640,PUR_IED_CostaRica_Ext_5e640,,,,,
2026-09-12T20:56:04-05:00,PUR_IED_CostaRica_Quim1_766d1c,PUR_IED_CostaRica_Quim1_766d1c,,,,,
2026-09-12T20:56:04-05:00,PUR_IED_CostaRica__Fisica_6f0873,PUR_IED_CostaRica__Fisica_6f0873,,,,,
2026-09-12T20:56:04-05:00,PUR_IED_CulPopu_301A_f660f3,PUR_IED_CulPopu_301A_f660f3,,,,,
2026-09-12T20:56:04-05:00,PUR_IED_CulPopu_303_568afe,PUR_IED_CulPopu_303_568afe,,,,,
2026-09-12T20:56:04-05:00,PUR_IED_CulPopu_Ext_e02ccb,PUR_IED_CulPopu_Ext_e02ccb,,,,,
2026-09-12T20:56:04-05:00,PUR_IED_Cundinamarca_Ext_f15985,PUR_IED_Cundinamarca_Ext_f15985,,,,,
2026-09-12T20:56:04-05:00,PUR_IED_Cundinamarca_Info_7aa5d7,PUR_IED_Cundinamarca_Info_7aa5d7,,,,,
2026-09-12T20:56:04-05:00,PUR_IED_Cundinamarca_Tec2_f449c7,PUR_IED_Cundinamarca_Tec2_f449c7,,,,,
2026-09-12T20:56:04-05:00,PUR_IED_DiegoM_Aula1_27b314,PUR_IED_DiegoM_Aula1_27b314,,,,,
2026-09-12T20:56:04-05:00,PUR_IED_DiegoM_Ext_d80ac8,PUR_IED_DiegoM_Ext_d80ac8,,,,,
2026-09-12T20:56:04-05:00,PUR_IED_DiegoM_S25_da928f,PUR_IED_DiegoM_S25_da928f,,,,,
2026-09-12T20:56:04-05:00,PUR_IED_ELRODEO_360881,PUR_IED_ELRODEO_360881,,,,,
2026-09-12T20:56:04-05:00,PUR_IED_ELRODEO_ext_360881,PUR_IED_ELRODEO_ext_360881,,,,,
2026-09-12T20:56:04-05:00,PUR_IED_EduardoU_Ext_1c1969,PUR_IED_EduardoU_Ext_1c1969,,,,,
2026-09-12T20:56:04-05:00,PUR_IED_EduardoU_SCiencia_4dfb94,PUR_IED_EduardoU_SCiencia_4dfb94,,,,,
2026-09-12T20:56:04-05:00,PUR_IED_EduardoU_SQuimica_5a46e7,PUR_IED_EduardoU_SQuimica_5a46e7,,,,,
2026-09-12T20:56:04-05:00,PUR_IED_ElRodeo_Aula14_676984,PUR_IED_ElRodeo_Aula14_676984,,,,,
2026-09-12T20:56:04-05:00,PUR_IED_ElRodeo_Aula16_2dd35b,PUR_IED_ElRodeo_Aula16_2dd35b,,,,,
2026-09-12T20:56:04-05:00,PUR_IED_ElRodeo_Ext_360881,PUR_IED_ElRodeo_Ext_360881,,,,,
2026-09-12T20:56:04-05:00,PUR_IED_ElRodeo_Exterior_8c6d28,PUR_IED_ElRodeo_Exterior_8c6d28,,,,,
2026-09-12T20:56:04-05:00,PUR_IED_ElRodeo_ext_360881,PUR_IED_ElRodeo_ext_360881,,,,,
2026-09-12T20:56:04-05:00,PUR_IED_EmmaReyes_Ext_987625,PUR_IED_EmmaReyes_Ext_987625,5,21,52,4.6367,-74.1511
2026-09-12T20:56:04-05:00,PUR_IED_Ensueño_Ext_7f0250,PUR_IED_Ensueño_Ext_7f0250,,,,,
2026-09-12T20:56:04-05:00,PUR_IED_EscNormal_Ext_5fef3b,PUR_IED_EscNormal_Ext_5fef3b,2,19,59,4.5852,-74.096901
2026-09-12T20:56:04-05:00,PUR_IED_EscNormal_S309_5b263,PUR_IED_EscNormal_S309_5b263,,,,,
2026-09-12T20:56:04-05:00,PUR_IED_EscNormal_S310_27b3b8,PUR_IED_EscNormal_S310_27b3b8,,,,,
2026-09-12T20:56:04-05:00,PUR_IED_Evangelista_Conta_f6cd4f,PUR_IED_Evangelista_Conta_f6cd4f,,,,,
2026-09-12T20:56:04-05:00,PUR_IED_Evangelista_Cri_5e16a,PUR_IED_Evangelista_Cri_5e16a,,,,,
2026-09-12T20:56:04-05:00,PUR_IED_Evangelista_Exter_754066,PUR_IED_Evangelista_Exter_754066,,,,,
2026-09-12T20:56:04-05:00,PUR_IED_FMiranda_S209_5cc2a3,PUR_IED_FMiranda_S209_5cc2a3,,,,,
2026-09-12T20:56:04-05:00,PUR_IED_FMiranda_S303_19e344,PUR_IED_FMiranda_S303_19e344,,,,,
2026-09-12T20:56:04-05:00,PUR_IED_FMiranda_ext_f53e7c,PUR_IED_FMiranda_ext_f53e7c,,,,,
2026-09-12T20:56:04-05:00,PUR_IED_FabioLozano_Bibli_1cee05,PUR_IED_FabioLozano_Bibli_1cee05,,,,,
2026-09-12T20:56:04-05:00,PUR_IED_FabioLozano_Ext_6ea285,PUR_IED_FabioLozano_Ext_6ea285,,,,,
2026-09-12T20:56:04-05:00,PUR_IED_FabioLozano_SLudi_f09e1e,PUR_IED_FabioLozano_SLudi_f09e1e,,,,,
2026-09-12T20:56:04-05:00,PUR_IED_FaustinoS_Aula07_27a731,PUR_IED_FaustinoS_Aula07_27a731,,,,,
2026-09-12T20:56:04-05:00,PUR_IED_FaustinoS_Ext_7b936f,PUR_IED_FaustinoS_Ext_7b936f,,,,,
2026-09-12T20:56:04-05:00,PUR_IED_FaustinoS_Fisica_da2c60,PUR_IED_FaustinoS_Fisica_da2c60,,,,,
2026-09-12T20:56:04-05:00,PUR_IED_FeGarciaLo_Ext_dc68ee,PUR_IED_FeGarciaLo_Ext_dc68ee,,,,,
2026-09-12T20:56:04-05:00,PUR_IED_FeGarciaLo_SDanza_f70a59,PUR_IED_FeGarciaLo_SDanza_f70a59,,,,,
2026-09-12T20:56:04-05:00,PUR_IED_FeGarciaLo_SMusic_125cdd,PUR_IED_FeGarciaLo_SMusic_125cdd,,,,,
2026-09-12T20:56:04-05:00,PUR_IED_FederalAlema_Exte_50c345,PUR_IED_FederalAlema_Exte_50c345,,,,,
2026-09-12T20:56:04-05:00,PUR_IED_FederalAlema_S31_f18371,PUR_IED_FederalAlema_S31_f18371,,,,,
2026-09-12T20:56:04-05:00,PUR_IED_FederalAlema_S901_a62cd,PUR_IED_FederalAlema_S901_a62cd,,,,,
2026-09-12T20:56:04-05:00,PUR_IED_FilarmonicaS_A5_f35eb1,PUR_IED_FilarmonicaS_A5_f35eb1,,,,,
2026-09-12T20:56:04-05:00,PUR_IED_FilarmonicaS_Ext_8a3bde,PUR_IED_FilarmonicaS_Ext_8a3bde,,,,,
2026-09-12T20:56:04-05:00,PUR_IED_FilarmonicaS_Spol_406114,PUR_IED_FilarmonicaS_Spol_406114,,,,,
2026-09-12T20:56:04-05:00,PUR_IED_FlorentinoG_A13_d1fa59,PUR_IED_FlorentinoG_A13_d1fa59,,,,,
2026-09-12T20:56:04-05:00,PUR_IED_FlorentinoG_Ext_1ce6ce,PUR_IED_FlorentinoG_Ext_1ce6ce,,,,,
2026-09-12T20:56:04-05:00,PUR_IED_FlorentinoG_Idiom_a66aac,PUR_IED_FlorentinoG_Idiom_a66aac,,,,,
2026-09-12T20:56:04-05:00,PUR_IED_FranciscoMati_Ext_e3869d,PUR_IED_FranciscoMati_Ext_e3869d,,,,,
2026-09-12T20:56:04-05:00,PUR_IED_FranciscoMati_S13_f31c67,PUR_IED_FranciscoMati_S13_f31c67,,,,,
2026-09-12T20:56:04-05:00,PUR_IED_FranciscoMati_S14_97dead,PUR_IED_FranciscoMati_S14_97dead,,,,,
2026-09-12T20:56:04-05:00,PUR_IED_FranciscoPS_Ext_7bfa9a,PUR_IED_FranciscoPS_Ext_7bfa9a,4,20,60,4.5899,-74.110397
2026-09-12T20:56:04-05:00,PUR_IED_FranciscoPS_Infor_fb8f4c,PUR_IED_FranciscoPS_Infor_fb8f4c,,,,,
2026-09-12T20:56:04-05:00,PUR_IED_FranciscoPS_Quimi_94d39c,PUR_IED_FranciscoPS_Quimi_94d39c,,,,,
2026-09-12T20:56:04-05:00,PUR_IED_FranciscoP_LabQ_d7e148,PUR_IED_FranciscoP_LabQ_d7e148,,,,,
2026-09-12T20:56:04-05:00,PUR_IED_FranciscoP_S28_cf9b30,PUR_IED_FranciscoP_S28_cf9b30,,,,,
2026-09-12T20:56:04-05:00,PUR_IED_FranciscoP_ext_e2313,PUR_IED_FranciscoP_ext_e2313,,,,,
2026-09-12T20:56:04-05:00,PUR_IED_FriederichN_Ext_8ac92a,PUR_IED_FriederichN_Ext_8ac92a,,,,,
2026-09-12T20:56:04-05:00,PUR_IED_FriederichN_S301_dd7e5a,PUR_IED_FriederichN_S301_dd7e5a,,,,,
2026-09-12T20:56:04-05:00,PUR_IED_FriederichN_S308_761f4f,PUR_IED_FriederichN_S308_761f4f,,,,,
2026-09-12T20:56:04-05:00,PUR_IED_GSantander_Aula10_533dd7,PUR_IED_GSantander_Aula10_533dd7,,,,,
2026-09-12T20:56:04-05:00,PUR_IED_GSantander_Aula12_fd4e4f,PUR_IED_GSantander_Aula12_fd4e4f,,,,,
2026-09-12T20:56:04-05:00,PUR_IED_GSantander_Aula310_533dd7,PUR_IED_GSantander_Aula310_533dd7,,,,,
2026-09-12T20:56:04-05:00,PUR_IED_GSantander_Aula312_fd4e4f,PUR_IED_GSantander_Aula312_fd4e4f,,,,,
2026-09-12T20:56:04-05:00,PUR_IED_GSantander_Ext_5f66b0,PUR_IED_GSantander_Ext_5f66b0,,,,,
2026-09-12T20:56:04-05:00,PUR_IED_GYomasa_Ext_f6bea5,PUR_IED_GYomasa_Ext_f6bea5,,,,,
2026-09-12T20:56:04-05:00,PUR_IED_GYomasa_LBiol_2c41aa,PUR_IED_GYomasa_LBiol_2c41aa,,,,,
2026-09-12T20:56:04-05:00,PUR_IED_GYomasa_LQuim_33c80,PUR_IED_GYomasa_LQuim_33c80,,,,,
2026-09-12T20:56:04-05:00,PUR_IED_GabBetMejia_Cienc_5a99c,PUR_IED_GabBetMejia_Cienc_5a99c,,,,,
2026-09-12T20:56:04-05:00,PUR_IED_GabBetMejia_Ext_9153d0,PUR_IED_GabBetMejia_Ext_9153d0,,,,,
2026-09-12T20:56:04-05:00,PUR_IED_GabBetMejia_Lab_f55347,PUR_IED_GabBetMejia_Lab_f55347,,,,,
2026-09-12T20:56:04-05:00,PUR_IED_GabBetanMejia_Ext_9153d0,PUR_IED_GabBetanMejia_Ext_9153d0,,,,,
2026-09-12T20:56:04-05:00,PUR_IED_Gaitana_Aula13_7aac11,PUR_IED_Gaitana_Aula13_7aac11,,,,,
2026-09-12T20:56:04-05:00,PUR_IED_Gaitana_Ext_5fcf4,PUR_IED_Gaitana_Ext_5fcf4,,,,,
2026-09-12T20:56:04-05:00,PUR_IED_Gaitana_LabFisica_644448,PUR_IED_Gaitana_LabFisica_644448,,,,,
2026-09-12T20:56:04-05:00,PUR_IED_GenSantander_Dise_8ac858,PUR_IED_GenSantander_Dise_8ac858,,,,,
2026-09-12T20:56:04-05:00,PUR_IED_GenSantander_Ext_8d5dfe,PUR_IED_GenSantander_Ext_8d5dfe,,,,,
2026-09-12T20:56:04-05:00,PUR_IED_GenSantander_Info_6c25b,PUR_IED_GenSantander_Info_6c25b,,,,,
2026-09-12T20:56:04-05:00,PUR_IED_GustavoMo_Exterio_75e63d,PUR_IED_GustavoMo_Exterio_75e63d,,,,,
2026-09-12T20:56:04-05:00,PUR_IED_GustavoMo_LabFisi_224d37,PUR_IED_GustavoMo_LabFisi_224d37,,,,,
2026-09-12T20:56:04-05:00,PUR_IED_GustavoMo_S208_3e6918,PUR_IED_GustavoMo_S208_3e6918,,,,,
2026-09-12T20:56:04-05:00,PUR_IED_GustavoR_A02_8cd4a8,PUR_IED_GustavoR_A02_8cd4a8,,,,,
2026-09-12T20:56:04-05:00,PUR_IED_GustavoR_B11_5b0ed,PUR_IED_GustavoR_B11_5b0ed,,,,,
2026-09-12T20:56:04-05:00,PUR_IED_GustavoR_Ext_7a0c90,PUR_IED_GustavoR_Ext_7a0c90,,,,,
2026-09-12T20:56:04-05:00,PUR_IED_HernandoDuran_Ext_8cd82b,PUR_IED_HernandoDuran_Ext_8cd82b,,,,,
2026-09-12T20:56:04-05:00,PUR_IED_HernandoDuran_S24_2772c6,PUR_IED_HernandoDuran_S24_2772c6,,,,,
2026-09-12T20:56:04-05:00,PUR_IED_HernandoDuran_S30_f2de41,PUR_IED_HernandoDuran_S30_f2de41,,,,,
2026-09-12T20:56:04-05:00,PUR_IED_HolguInUr_S1101_8cd732,PUR_IED_HolguInUr_S1101_8cd732,,,,,
2026-09-12T20:56:04-05:00,PUR_IED_HolguinUr_Exter_ddae6d,PUR_IED_HolguinUr_Exter_ddae6d,,,,,
2026-09-12T20:56:04-05:00,PUR_IED_HolguinUr_LabQuim_92b952,PUR_IED_HolguinUr_LabQuim_92b952,,,,,
2026-09-12T20:56:04-05:00,PUR_IED_Isabel-II_Ext_5245cc,PUR_IED_Isabel-II_Ext_5245cc,7,20,57,4.6336,-74.153
2026-09-12T20:56:04-05:00,PUR_IED_Isabel-II_S_idiom_1c29aa,PUR_IED_Isabel-II_S_idiom_1c29aa,,,,,
2026-09-12T20:56:04-05:00,PUR_IED_Isabel-II_S_infor_fd741,PUR_IED_Isabel-II_S_infor_fd741,,,,,
2026-09-12T20:56:04-05:00,PUR_IED_IsidroSur_Exterio_5b90ea,PUR_IED_IsidroSur_Exterio_5b90ea,,,,,
2026-09-12T20:56:04-05:00,PUR_IED_IsidroSur_LabTec_56697a,PUR_IED_IsidroSur_LabTec_56697a,,,,,
2026-09-12T20:56:04-05:00,PUR_IED_IsidroSur_Robotic_b7c38f,PUR_IED_IsidroSur_Robotic_b7c38f,,,,,
2026-09-12T20:56:04-05:00,PUR_IED_IsmaelPerd_Ext_7b6672,PUR_IED_IsmaelPerd_Ext_7b6672,,,,,
2026-09-12T20:56:04-05:00,PUR_IED_IsmaelPerd_Inform_306540,PUR_IED_IsmaelPerd_Inform_306540,,,,,
2026-09-12T20:56:04-05:00,PUR_IED_IsmaelPerd_S30_2e2c83,PUR_IED_IsmaelPerd_S30_2e2c83,,,,,
2026-09-12T20:56:04-05:00,PUR_IED_JLozano_Exter_432910,PUR_IED_JLozano_Exter_432910,,,,,
2026-09-12T20:56:04-05:00,PUR_IED_JLozano_salaMulti_df5125,PUR_IED_JLozano_salaMulti_df5125,,,,,
2026-09-12T20:56:04-05:00,PUR_IED_JMCordoba_206_86f80b,PUR_IED_JMCordoba_206_86f80b,,,,,
2026-09-12T20:56:04-05:00,PUR_IED_JMCordoba_Ext_27ad97,PUR_IED_JMCordoba_Ext_27ad97,,,,,
2026-09-12T20:56:04-05:00,PUR_IED_JMCordoba_S310_d59ab4,PUR_IED_JMCordoba_S310_d59ab4,,,,,
2026-09-12T20:56:04-05:00,PUR_IED_Japon_Ext_549100,PUR_IED_Japon_Ext_549100,,,,,
2026-09-12T20:56:04-05:00,PUR_IED_Japon_Laboratorio_bec51d,PUR_IED_Japon_Laboratorio_bec51d,,,,,
2026-09-12T20:56:04-05:00,PUR_IED_Japon_informatica_d99327,PUR_IED_Japon_informatica_d99327,,,,,
2026-09-12T20:56:04-05:00,PUR_IED_Jazmin_Ext_d27bda,PUR_IED_Jazmin_Ext_d27bda,,,,,
2026-09-12T20:56:04-05:00,PUR_IED_Jazmin_Fisica_8d14d7,PUR_IED_Jazmin_Fisica_8d14d7,,,,,
2026-09-12T20:56:04-05:00,PUR_IED_Jazmin_Quimica_801cb5,PUR_IED_Jazmin_Quimica_801cb5,,,,,
2026-09-12T20:56:04-05:00,PUR_IED_JorgeGaitan_Exter_f098d1,PUR_IED_JorgeGaitan_Exter_f098d1,,,,,
2026-09-12T20:56:04-05:00,PUR_IED_JorgeGaitan_STec1_dc9d1d,PUR_IED_JorgeGaitan_STec1_dc9d1d,,,,,
2026-09-12T20:56:04-05:00,PUR_IED_JorgeGaitan_STec2_281e69,PUR_IED_JorgeGaitan_STec2_281e69,,,,,
2026-09-12T20:56:04-05:00,PUR_IED_JorgeSoto_Exterio_d9d0a2,PUR_IED_JorgeSoto_Exterio_d9d0a2,,,,,
2026-09-12T20:56:04-05:00,PUR_IED_JorgeSoto_LabFisi_209c54,PUR_IED_JorgeSoto_LabFisi_209c54,,,,,
2026-09-12T20:56:04-05:00,PUR_IED_JorgeSoto_S103_27b51a,PUR_IED_JorgeSoto_S103_27b51a,,,,,
2026-09-12T20:56:04-05:00,PUR_IED_JoseAcevedo_A02_e965eb,PUR_IED_JoseAcevedo_A02_e965eb,,,,,
2026-09-12T20:56:04-05:00,PUR_IED_JoseAcevedo_A07_dd5b4,PUR_IED_JoseAcevedo_A07_dd5b4,,,,,
2026-09-12T20:56:04-05:00,PUR_IED_JoseAcevedo_Ext_b47484,PUR_IED_JoseAcevedo_Ext_b47484,,,,,
2026-09-12T20:56:04-05:00,PUR_IED_JoseMarti_Exte_5b9bf,PUR_IED_JoseMarti_Exte_5b9bf,,,,,
2026-09-12T20:56:04-05:00,PUR_IED_JoseMarti_LabQuim_1c6c2d,PUR_IED_JoseMarti_LabQuim_1c6c2d,,,,,
2026-09-12T20:56:04-05:00,PUR_IED_JoseMarti_S_info_f5f177,PUR_IED_JoseMarti_S_info_f5f177,,,,,
2026-09-12T20:56:04-05:00,PUR_IED_Josejoaquin_Ext_dfc5dc,PUR_IED_Josejoaquin_Ext_dfc5dc,,,,,
2026-09-12T20:56:04-05:00,PUR_IED_Josejoaquin_S05_5b2a96,PUR_IED_Josejoaquin_S05_5b2a96,,,,,
2026-09-12T20:56:04-05:00,PUR_IED_Josejoaquin_S06_1ce7d2,PUR_IED_Josejoaquin_S06_1ce7d2,,,,,
2026-09-12T20:56:04-05:00,PUR_IED_JulioFlorez_Danza_9b82dd,PUR_IED_JulioFlorez_Danza_9b82dd,,,,,
2026-09-12T20:56:04-05:00,PUR_IED_JulioFlorez_Exter_f9f314,PUR_IED_JulioFlorez_Exter_f9f314,,,,,
2026-09-12T20:56:04-05:00,PUR_IED_JulioFlorez_info2_6b6e08,PUR_IED_JulioFlorez_info2_6b6e08,,,,,
2026-09-12T20:56:04-05:00,PUR_IED_LaBelleza_Aula13_1d00d8,PUR_IED_LaBelleza_Aula13_1d00d8,,,,,
2026-09-12T20:56:04-05:00,PUR_IED_LaBelleza_Ext_7bc08c,PUR_IED_LaBelleza_Ext_7bc08c,,,,,
2026-09-12T20:56:04-05:00,PUR_IED_LaChucua_Ext_8cd6d2,PUR_IED_LaChucua_Ext_8cd6d2,,,,,
2026-09-12T20:56:04-05:00,PUR_IED_LaChucua_S15_f578ce,PUR_IED_LaChucua_S15_f578ce,,,,,
2026-09-12T20:56:04-05:00,PUR_IED_LaChucua_S16_eebcf9,PUR_IED_LaChucua_S16_eebcf9,,,,,
2026-09-12T20:56:04-05:00,PUR_IED_LaFelicidad_Ext_fb5109,PUR_IED_LaFelicidad_Ext_fb5109,,,,,
2026-09-12T20:56:04-05:00,PUR_IED_LaMerced_206_66ebd,PUR_IED_LaMerced_206_66ebd,,,,,
2026-09-12T20:56:04-05:00,PUR_IED_LaMerced_207_6ebd6,PUR_IED_LaMerced_207_6ebd6,,,,,
2026-09-12T20:56:04-05:00,PUR_IED_LaMerced_ext_304311,PUR_IED_LaMerced_ext_304311,,,,,
2026-09-12T20:56:04-05:00,PUR_IED_Laureano_CiencNat_281e5e,PUR_IED_Laureano_CiencNat_281e5e,,,,,
2026-09-12T20:56:04-05:00,PUR_IED_Laureano_Comedor_f65c0a,PUR_IED_Laureano_Comedor_f65c0a,,,,,
2026-09-12T20:56:04-05:00,PUR_IED_Laureano_Exterior_7ab011,PUR_IED_Laureano_Exterior_7ab011,,,,,
2026-09-12T20:56:04-05:00,PUR_IED_LeonGreiff_Exte_dfe560,PUR_IED_LeonGreiff_Exte_dfe560,,,,,
2026-09-12T20:56:04-05:00,PUR_IED_LeonGreiff_S210_f264ed,PUR_IED_LeonGreiff_S210_f264ed,,,,,
2026-09-12T20:56:04-05:00,PUR_IED_LeonGreiff_SQuimi_e8296f,PUR_IED_LeonGreiff_SQuimi_e8296f,,,,,
2026-09-12T20:56:04-05:00,PUR_IED_LlanoOrientalS208_7b9fcd,PUR_IED_LlanoOrientalS208_7b9fcd,,,,,
2026-09-12T20:56:04-05:00,PUR_IED_LlanoOriental_Ext_fb3766,PUR_IED_LlanoOriental_Ext_fb3766,,,,,
2026-09-12T20:56:04-05:00,PUR_IED_LlanoOriental_S208_7b9fcd,PUR_IED_LlanoOriental_S208_7b9fcd,,,,,
2026-09-12T20:56:04-05:00,PUR_IED_LlanoOriental_S9_27b378,PUR_IED_LlanoOriental_S9_27b378,,,,,
2026-09-12T20:56:04-05:00,PUR_IED_LosTejares_1101_477602,PUR_IED_LosTejares_1101_477602,,,,,
2026-09-12T20:56:04-05:00,PUR_IED_LosTejares_11_d2c595,PUR_IED_LosTejares_11_d2c595,,,,,
2026-09-12T20:56:04-05:00,PUR_IED_LosTejares_12_477602,PUR_IED_LosTejares_12_477602,,,,,
2026-09-12T20:56:04-05:00,PUR_IED_LosTejares_Ext_8e2115,PUR_IED_LosTejares_Ext_8e2115,,,,,
2026-09-12T20:56:04-05:00,PUR_IED_MagdalenaO_B202_5ddda3,PUR_IED_MagdalenaO_B202_5ddda3,,,,,
2026-09-12T20:56:04-05:00,PUR_IED_MagdalenaO_B205_fb76e8,PUR_IED_MagdalenaO_B205_fb76e8,,,,,
2026-09-12T20:56:04-05:00,PUR_IED_MagdalenaO_ext_dc69cd,PUR_IED_MagdalenaO_ext_dc69cd,,,,,
2026-09-12T20:56:04-05:00,PUR_IED_ManueCepeda_artes_eee956,PUR_IED_ManueCepeda_artes_eee956,,,,,
2026-09-12T20:56:04-05:00,PUR_IED_ManuelCepeda_Ext_58313,PUR_IED_ManuelCepeda_Ext_58313,,,,,
2026-09-12T20:56:04-05:00,PUR_IED_ManuelCepeda_tec_1c5731,PUR_IED_ManuelCepeda_tec_1c5731,,,,,
2026-09-12T20:56:04-05:00,PUR_IED_ManuelS_Exterior_5b269,PUR_IED_ManuelS_Exterior_5b269,,,,,
2026-09-12T20:56:04-05:00,PUR_IED_ManuelS_Inform_f369ce,PUR_IED_ManuelS_Inform_f369ce,,,,,
2026-09-12T20:56:04-05:00,PUR_IED_ManuelS_SArtes_7d15f1,PUR_IED_ManuelS_SArtes_7d15f1,,,,,
2026-09-12T20:56:04-05:00,PUR_IED_ManuelZapata_303_3ca6,PUR_IED_ManuelZapata_303_3ca6,,,,,
2026-09-12T20:56:04-05:00,PUR_IED_ManuelZapata_311_bfbabc,PUR_IED_ManuelZapata_311_bfbabc,,,,,
2026-09-12T20:56:04-05:00,PUR_IED_ManuelZapata_Ext_50824a,PUR_IED_ManuelZapata_Ext_50824a,,,,,
2026-09-12T20:56:04-05:00,PUR_IED_ManuelitaS_Exteri_656a92,PUR_IED_ManuelitaS_Exteri_656a92,,,,,
2026-09-12T20:56:04-05:00,PUR_IED_ManuelitaS_JuzgDe_f58ec3,PUR_IED_ManuelitaS_JuzgDe_f58ec3,,,,,
2026-09-12T20:56:04-05:00,PUR_IED_ManuelitaS_Recrea_d793db,PUR_IED_ManuelitaS_Recrea_d793db,,,,,
2026-09-12T20:56:04-05:00,PUR_IED_MarFidSuarez_Ext_c27b19,PUR_IED_MarFidSuarez_Ext_c27b19,,,,,
2026-09-12T20:56:04-05:00,PUR_IED_MarFidSuarez_Info_e384d7,PUR_IED_MarFidSuarez_Info_e384d7,,,,,
2026-09-12T20:56:04-05:00,PUR_IED_MarFidSuarez_S306_1d0032,PUR_IED_MarFidSuarez_S306_1d0032,,,,,
2026-09-12T20:56:04-05:00,PUR_IED_Menorah_301_2a25a3,PUR_IED_Menorah_301_2a25a3,,,,,
2026-09-12T20:56:04-05:00,PUR_IED_Menorah_306_37ed3,PUR_IED_Menorah_306_37ed3,,,,,
2026-09-12T20:56:04-05:00,PUR_IED_Menorah_Ext_3e155b,PUR_IED_Menorah_Ext_3e155b,,,,,
2026-09-12T20:56:04-05:00,PUR_IED_MinutoB.Aires_A11_1b1604,PUR_IED_MinutoB.Aires_A11_1b1604,,,,,
2026-09-12T20:56:04-05:00,PUR_IED_MinutoB.Aires_A12_fb5860,PUR_IED_MinutoB.Aires_A12_fb5860,,,,,
2026-09-12T20:56:04-05:00,PUR_IED_MinutoB.Aires_Ext_81293f,PUR_IED_MinutoB.Aires_Ext_81293f,,,,,
2026-09-12T20:56:04-05:00,PUR_IED_MinutoBAires_A11_1b1604,PUR_IED_MinutoBAires_A11_1b1604,,,,,
2026-09-12T20:56:04-05:00,PUR_IED_MinutoBAires_A12_fb5860,PUR_IED_MinutoBAires_A12_fb5860,,,,,
2026-09-12T20:56:04-05:00,PUR_IED_MinutoBAires_Ext_81293f,PUR_IED_MinutoBAires_Ext_81293f,,,,,
2026-09-12T20:56:04-05:00,PUR_IED_Montreal_Aula10_1e4959,PUR_IED_Montreal_Aula10_1e4959,,,,,
2026-09-12T20:56:04-05:00,PUR_IED_Montreal_Aula6_300367,PUR_IED_Montreal_Aula6_300367,,,,,
2026-09-12T20:56:04-05:00,PUR_IED_Montreal_Exterior_91a179,PUR_IED_Montreal_Exterior_91a179,,,,,
2026-09-12T20:56:04-05:00,PUR_IED_Mqgdalena_B202_5ddda3,PUR_IED_Mqgdalena_B202_5ddda3,,,,,
2026-09-12T20:56:04-05:00,PUR_IED_NACUND_Soc_dc8728,PUR_IED_NACUND_Soc_dc8728,,,,,
2026-09-12T20:56:04-05:00,PUR_IED_NACUND_ext_27ad97,PUR_IED_NACUND_ext_27ad97,,,,,
2026-09-12T20:56:04-05:00,PUR_IED_NEsperanza_Ext_d24b61,PUR_IED_NEsperanza_Ext_d24b61,,,,,
2026-09-12T20:56:04-05:00,PUR_IED_NEsperanza_SElect_7d1807,PUR_IED_NEsperanza_SElect_7d1807,,,,,
2026-09-12T20:56:04-05:00,PUR_IED_NEsperanza_SLabor_8b2d0a,PUR_IED_NEsperanza_SLabor_8b2d0a,,,,,
2026-09-12T20:56:04-05:00,PUR_IED_NacionesU_Ext_f661a9,PUR_IED_NacionesU_Ext_f661a9,,,,,
2026-09-12T20:56:04-05:00,PUR_IED_NacionesU_Quimica_66f0a,PUR_IED_NacionesU_Quimica_66f0a,,,,,
2026-09-12T20:56:04-05:00,PUR_IED_NacionesU_S306_1b4b3d,PUR_IED_NacionesU_S306_1b4b3d,,,,,
2026-09-12T20:56:04-05:00,PUR_IED_NestorFA_Ext_e4201c,PUR_IED_NestorFA_Ext_e4201c,,,,,
2026-09-12T20:56:04-05:00,PUR_IED_NestorFA_Laborato_f22fe0,PUR_IED_NestorFA_Laborato_f22fe0,,,,,
2026-09-12T20:56:04-05:00,PUR_IED_NestorFA_S204_dee996,PUR_IED_NestorFA_S204_dee996,,,,,
2026-09-12T20:56:04-05:00,PUR_IED_NidyaQT_Aula03_76999b,PUR_IED_NidyaQT_Aula03_76999b,,,,,
2026-09-12T20:56:04-05:00,PUR_IED_NidyaQT_Aula10_56325,PUR_IED_NidyaQT_Aula10_56325,,,,,
2026-09-12T20:56:04-05:00,PUR_IED_NidyaQT_Ext_46e32d,PUR_IED_NidyaQT_Ext_46e32d,,,,,
2026-09-12T20:56:04-05:00,PUR_IED_NuevaCol_Exterior_d9b859,PUR_IED_NuevaCol_Exterior_d9b859,,,,,
2026-09-12T20:56:04-05:00,PUR_IED_NuevaCol_S1101_76c43b,PUR_IED_NuevaCol_S1101_76c43b,,,,,
2026-09-12T20:56:04-05:00,PUR_IED_NuevaCol_S1102_1ce0b5,PUR_IED_NuevaCol_S1102_1ce0b5,,,,,
2026-09-12T20:56:04-05:00,PUR_IED_OEA_A202_f7e3f2,PUR_IED_OEA_A202_f7e3f2,,,,,
2026-09-12T20:56:04-05:00,PUR_IED_OEA_A203_7d1b8d,PUR_IED_OEA_A203_7d1b8d,,,,,
2026-09-12T20:56:04-05:00,PUR_IED_OEA_Ext_27b593,PUR_IED_OEA_Ext_27b593,,,,,
2026-09-12T20:56:04-05:00,PUR_IED_Ochoa_Ext_1c29da,PUR_IED_Ochoa_Ext_1c29da,,,,,
2026-09-12T20:56:04-05:00,PUR_IED_Ochoa_S205_8b1121,PUR_IED_Ochoa_S205_8b1121,,,,,
2026-09-12T20:56:04-05:00,PUR_IED_Ochoa_Sistemas_f33af6,PUR_IED_Ochoa_Sistemas_f33af6,,,,,
2026-09-12T20:56:04-05:00,PUR_IED_PQuebec_Ext_1c67c7,PUR_IED_PQuebec_Ext_1c67c7,,,,,
2026-09-12T20:56:04-05:00,PUR_IED_PQuebec_S15_23e8e2,PUR_IED_PQuebec_S15_23e8e2,,,,,
2026-09-12T20:56:04-05:00,PUR_IED_PQuebec_S16_8ec76b,PUR_IED_PQuebec_S16_8ec76b,,,,,
2026-09-12T20:56:04-05:00,PUR_IED_PabloN_Ext_49dc96,PUR_IED_PabloN_Ext_49dc96,,,,,
2026-09-12T20:56:04-05:00,PUR_IED_PabloN_S1102_4e3df5,PUR_IED_PabloN_S1102_4e3df5,,,,,
2026-09-12T20:56:04-05:00,PUR_IED_PabloN_S1103_50c94b,PUR_IED_PabloN_S1103_50c94b,,,,,
2026-09-12T20:56:04-05:00,PUR_IED_Palestina_S1101_db9198,PUR_IED_Palestina_S1101_db9198,,,,,
2026-09-12T20:56:04-05:00,PUR_IED_Palestina_S1102_dc54fa,PUR_IED_Palestina_S1102_dc54fa,,,,,
2026-09-12T20:56:04-05:00,PUR_IED_Palestina_ext_4ccce6,PUR_IED_Palestina_ext_4ccce6,,,,,
2026-09-12T20:56:04-05:00,PUR_IED_Panama_Fisica_4d0794,PUR_IED_Panama_Fisica_4d0794,,,,,
2026-09-12T20:56:04-05:00,PUR_IED_Panama_SIngles_a4077e,PUR_IED_Panama_SIngles_a4077e,,,,,
2026-09-12T20:56:04-05:00,PUR_IED_Panama_ext_4c54b4,PUR_IED_Panama_ext_4c54b4,,,,,
2026-09-12T20:56:04-05:00,PUR_IED_ParaisoM_Exterior_8cd7f0,PUR_IED_ParaisoM_Exterior_8cd7f0,,,,,
2026-09-12T20:56:04-05:00,PUR_IED_ParaisoM_Laborato_27af35,PUR_IED_ParaisoM_Laborato_27af35,,,,,
2026-09-12T20:56:04-05:00,PUR_IED_ParaisoM_S304_d1edca,PUR_IED_ParaisoM_S304_d1edca,,,,,
2026-09-12T20:56:04-05:00,PUR_IED_PorfirioBarba_Ext_301466,PUR_IED_PorfirioBarba_Ext_301466,,,,,
2026-09-12T20:56:04-05:00,PUR_IED_PorfirioBarba_S11_df6cd2,PUR_IED_PorfirioBarba_S11_df6cd2,,,,,
2026-09-12T20:56:04-05:00,PUR_IED_PorfirioBarba_S29_27a7d6,PUR_IED_PorfirioBarba_S29_27a7d6,,,,,
2026-09-12T20:56:04-05:00,PUR_IED_PradoV_Exter_8b27ad,PUR_IED_PradoV_Exter_8b27ad,,,,,
2026-09-12T20:56:04-05:00,PUR_IED_PradoV_S301_de65b5,PUR_IED_PradoV_S301_de65b5,,,,,
2026-09-12T20:56:04-05:00,PUR_IED_PradoV_S302_7d2593,PUR_IED_PradoV_S302_7d2593,,,,,
2026-09-12T20:56:04-05:00,PUR_IED_QuirogaAlz_Ext_1ddc82,PUR_IED_QuirogaAlz_Ext_1ddc82,,,,,
2026-09-12T20:56:04-05:00,PUR_IED_QuirogaAlz_S302_9926a3,PUR_IED_QuirogaAlz_S302_9926a3,,,,,
2026-09-12T20:56:04-05:00,PUR_IED_QuirogaAlz_S305_cdf1f1,PUR_IED_QuirogaAlz_S305_cdf1f1,,,,,
2026-09-12T20:56:04-05:00,PUR_IED_RGuatemala_Biling_dc53b7,PUR_IED_RGuatemala_Biling_dc53b7,,,,,
2026-09-12T20:56:04-05:00,PUR_IED_RGuatemala_Ext_1b89a3,PUR_IED_RGuatemala_Ext_1b89a3,,,,,
2026-09-12T20:56:04-05:00,PUR_IED_RGuatemala_Tecnol_281a34,PUR_IED_RGuatemala_Tecnol_281a34,,,,,
2026-09-12T20:56:04-05:00,PUR_IED_RafaNu_Ext_f7c302,PUR_IED_RafaNu_Ext_f7c302,,,,,
2026-09-12T20:56:04-05:00,PUR_IED_RafaNu_S1101_25fde,PUR_IED_RafaNu_S1101_25fde,,,,,
2026-09-12T20:56:04-05:00,PUR_IED_RafaNu_S1102_281517,PUR_IED_RafaNu_S1102_281517,,,,,
2026-09-12T20:56:04-05:00,PUR_IED_RafaelB_S305_ee2783,PUR_IED_RafaelB_S305_ee2783,,,,,
2026-09-12T20:56:04-05:00,PUR_IED_RafaelB_S306_75fe33,PUR_IED_RafaelB_S306_75fe33,,,,,
2026-09-12T20:56:04-05:00,PUR_IED_RafaelB_ext_283336,PUR_IED_RafaelB_ext_283336,,,,,
2026-09-12T20:56:04-05:00,PUR_IED_RafaelUU_Exterior_281a51,PUR_IED_RafaelUU_Exterior_281a51,,,,,
2026-09-12T20:56:04-05:00,PUR_IED_RafaelUU_Human_806b2,PUR_IED_RafaelUU_Human_806b2,,,,,
2026-09-12T20:56:04-05:00,PUR_IED_RafaelUU_Mate2_5680d4,PUR_IED_RafaelUU_Mate2_5680d4,,,,,
2026-09-12T20:56:04-05:00,PUR_IED_RamonSub_Ext_f9eeb9,PUR_IED_RamonSub_Ext_f9eeb9,,,,,
2026-09-12T20:56:04-05:00,PUR_IED_RamonSub_Media_d1f62f,PUR_IED_RamonSub_Media_d1f62f,,,,,
2026-09-12T20:56:04-05:00,PUR_IED_RamonSub_planta_51b82,PUR_IED_RamonSub_planta_51b82,,,,,
2026-09-12T20:56:04-05:00,PUR_IED_RepBoliVene_Exter_27af7c,PUR_IED_RepBoliVene_Exter_27af7c,,,,,
2026-09-12T20:56:04-05:00,PUR_IED_RepBoliVene_SCPT_5ae2ee,PUR_IED_RepBoliVene_SCPT_5ae2ee,,,,,
2026-09-12T20:56:04-05:00,PUR_IED_RepBoliVene_Socia_4b11d5,PUR_IED_RepBoliVene_Socia_4b11d5,,,,,
2026-09-12T20:56:04-05:00,PUR_IED_RepChina_Ext_76d9ee,PUR_IED_RepChina_Ext_76d9ee,,,,,
2026-09-12T20:56:04-05:00,PUR_IED_RepChina_S404_7c804c,PUR_IED_RepChina_S404_7c804c,,,,,
2026-09-12T20:56:04-05:00,PUR_IED_RepChina_S405_df2c33,PUR_IED_RepChina_S405_df2c33,,,,,
2026-09-12T20:56:04-05:00,PUR_IED_RepublicaC_Exteri_7d1ec9,PUR_IED_RepublicaC_Exteri_7d1ec9,,,,,
2026-09-12T20:56:04-05:00,PUR_IED_RepublicaC_S1101_f544b3,PUR_IED_RepublicaC_S1101_f544b3,,,,,
2026-09-12T20:56:04-05:00,PUR_IED_RepublicaC_S1102_7aafc7,PUR_IED_RepublicaC_S1102_7aafc7,,,,,
2026-09-12T20:56:04-05:00,PUR_IED_Ricaurte_Externo_a0ea1,PUR_IED_Ricaurte_Externo_a0ea1,,,,,
2026-09-12T20:56:04-05:00,PUR_IED_Ricaurte_S210_f546fd,PUR_IED_Ricaurte_S210_f546fd,,,,,
2026-09-12T20:56:04-05:00,PUR_IED_Ricaurte_S309_d4452,PUR_IED_Ricaurte_S309_d4452,,,,,
2026-09-12T20:56:04-05:00,PUR_IED_RogelioS_1102_531e69,PUR_IED_RogelioS_1102_531e69,,,,,
2026-09-12T20:56:04-05:00,PUR_IED_RogelioS_Ext_f25a18,PUR_IED_RogelioS_Ext_f25a18,,,,,
2026-09-12T20:56:04-05:00,PUR_IED_SBernardino_Ext_27aff8,PUR_IED_SBernardino_Ext_27aff8,,,,,
2026-09-12T20:56:04-05:00,PUR_IED_SBernardino_SArte_2ffd33,PUR_IED_SBernardino_SArte_2ffd33,,,,,
2026-09-12T20:56:04-05:00,PUR_IED_SBernardino_SIngl_7c7da5,PUR_IED_SBernardino_SIngl_7c7da5,,,,,
2026-09-12T20:56:04-05:00,PUR_IED_Sago_auditorio_dc9d1d,PUR_IED_Sago_auditorio_dc9d1d,,,,,
2026-09-12T20:56:04-05:00,PUR_IED_Saludcoop_Ext_95aac3,PUR_IED_Saludcoop_Ext_95aac3,,,,,
2026-09-12T20:56:04-05:00,PUR_IED_Saludcoop_InfI_90c854,PUR_IED_Saludcoop_InfI_90c854,,,,,
2026-09-12T20:56:04-05:00,PUR_IED_Saludcoop_SMedia_1b93be,PUR_IED_Saludcoop_SMedia_1b93be,,,,,
2026-09-12T20:56:04-05:00,PUR_IED_SanCarlos_1101_1a2360,PUR_IED_SanCarlos_1101_1a2360,,,,,
2026-09-12T20:56:04-05:00,PUR_IED_SanCarlos_1103_7bafb5,PUR_IED_SanCarlos_1103_7bafb5,,,,,
2026-09-12T20:56:04-05:00,PUR_IED_SanCarlos_Ext_b7cd1,PUR_IED_SanCarlos_Ext_b7cd1,,,,,
2026-09-12T20:56:04-05:00,PUR_IED_SanIgnacioBosa11a_50c26e,PUR_IED_SanIgnacioBosa11a_50c26e,,,,,
2026-09-12T20:56:04-05:00,PUR_IED_SanIgnacioBosa11b_371de8,PUR_IED_SanIgnacioBosa11b_371de8,,,,,
2026-09-12T20:56:04-05:00,PUR_IED_SanIgnacioBosaExt_ef0ffc,PUR_IED_SanIgnacioBosaExt_ef0ffc,,,,,
2026-09-12T20:56:04-05:00,PUR_IED_SanIgnacioBosa_11a_50c26e,PUR_IED_SanIgnacioBosa_11a_50c26e,,,,,
2026-09-12T20:56:04-05:00,PUR_IED_SanIgnacioBosa_Ext_ef0ffc,PUR_IED_SanIgnacioBosa_Ext_ef0ffc,,,,,
2026-09-12T20:56:04-05:00,PUR_IED_SanJoseN_intS1101_31c47f,PUR_IED_SanJoseN_intS1101_31c47f,,,,,
2026-09-12T20:56:04-05:00,PUR_IED_SanJoseUsm_Exter_f5d7e8,PUR_IED_SanJoseUsm_Exter_f5d7e8,,,,,
2026-09-12T20:56:04-05:00,PUR_IED_SanJoseUsm_Int11A_cfdef6,PUR_IED_SanJoseUsm_Int11A_cfdef6,,,,,
2026-09-12T20:56:04-05:00,PUR_IED_SilveriaR_IntB5_905349,PUR_IED_SilveriaR_IntB5_905349,,,,,
2026-09-12T20:56:04-05:00,PUR_IED_SilveriaR_IntSD14_981f93,PUR_IED_SilveriaR_IntSD14_981f93,,,,,
2026-09-12T20:56:04-05:00,PUR_IED_SilveriaR_ext_2b651d,PUR_IED_SilveriaR_ext_2b651d,,,,,
2026-09-12T20:56:04-05:00,PUR_IED_SimonB_Exterior_913975,PUR_IED_SimonB_Exterior_913975,,,,,
2026-09-12T20:56:04-05:00,PUR_IED_SimonB_LabQuimi_c56908,PUR_IED_SimonB_LabQuimi_c56908,,,,,
2026-09-12T20:56:04-05:00,PUR_IED_SimonB_informatic_a28c1,PUR_IED_SimonB_informatic_a28c1,,,,,
2026-09-12T20:56:04-05:00,PUR_IED_Sorrento_1102_315f50,PUR_IED_Sorrento_1102_315f50,,,,,
2026-09-12T20:56:04-05:00,PUR_IED_Sorrento_Minte_214eab,PUR_IED_Sorrento_Minte_214eab,,,,,
2026-09-12T20:56:04-05:00,PUR_IED_Sorrento_ext_7c3a0a,PUR_IED_Sorrento_ext_7c3a0a,,,,,
2026-09-12T20:56:04-05:00,PUR_IED_Tabora_Ext_f048ae,PUR_IED_Tabora_Ext_f048ae,,,,,
2026-09-12T20:56:04-05:00,PUR_IED_Tabora_S1102_b07752,PUR_IED_Tabora_S1102_b07752,,,,,
2026-09-12T20:56:04-05:00,PUR_IED_Tabora_S1103_d988f5,PUR_IED_Tabora_S1103_d988f5,,,,,
2026-09-12T20:56:04-05:00,PUR_IED_Tenerife_Ext_1ab188,PUR_IED_Tenerife_Ext_1ab188,,,,,
2026-09-12T20:56:04-05:00,PUR_IED_Tenerife_SDanzas_7bc02e,PUR_IED_Tenerife_SDanzas_7bc02e,,,,,
2026-09-12T20:56:04-05:00,PUR_IED_Tenerife_SIngles_7cc277,PUR_IED_Tenerife_SIngles_7cc277,,,,,
2026-09-12T20:56:04-05:00,PUR_IED_Tibabuyes_Exter_f2683d,PUR_IED_Tibabuyes_Exter_f2683d,,,,,
2026-09-12T20:56:04-05:00,PUR_IED_Tibabuyes_S10_dc87a8,PUR_IED_Tibabuyes_S10_dc87a8,,,,,
2026-09-12T20:56:04-05:00,PUR_IED_Tibabuyes_S15_dc0526,PUR_IED_Tibabuyes_S15_dc0526,,,,,
2026-09-12T20:56:04-05:00,PUR_IED_UnionE_S301_a1043,PUR_IED_UnionE_S301_a1043,,,,,
2026-09-12T20:56:04-05:00,PUR_IED_UnionE_S307_ff6c2f,PUR_IED_UnionE_S307_ff6c2f,,,,,
2026-09-12T20:56:04-05:00,PUR_IED_UnionE__Ext_5e2468,PUR_IED_UnionE__Ext_5e2468,,,,,
2026-09-12T20:56:04-05:00,PUR_IED_VillaRica_Ext_75be7c,PUR_IED_VillaRica_Ext_75be7c,,,,,
2026-09-12T20:56:04-05:00,PUR_IED_VillaRica_S4_cc5dcd,PUR_IED_VillaRica_S4_cc5dcd,,,,,
2026-09-12T20:56:04-05:00,PUR_IED_VillaRica_Sesp_99f5c,PUR_IED_VillaRica_Sesp_99f5c,,,,,
2026-09-12T21:01:12-05:00,PUR_IED_20deJulio_1101_91b1b9,PUR_IED_20deJulio_1101_91b1b9,,,,,
2026-09-12T21:01:12-05:00,PUR_IED_20deJulio_1102_1cfcf9,PUR_IED_20deJulio_1102_1cfcf9,,,,,
2026-09-12T21:01:12-05:00,PUR_IED_20deJulio_Ext_ab60bd,PUR_IED_20deJulio_Ext_ab60bd,,,,,
2026-09-12T21:01:12-05:00,PUR_IED_AgustinFer_Ext_7b9b77,PUR_IED_AgustinFer_Ext_7b9b77,,,,,
2026-09-12T21:01:12-05:00,PUR_IED_AgustinFer_Info2_27b3a7,PUR_IED_AgustinFer_Info2_27b3a7,,,,,
2026-09-12T21:01:12-05:00,PUR_IED_AgustinFer_Sena_54b4eb,PUR_IED_AgustinFer_Sena_54b4eb,,,,,
2026-09-12T21:01:12-05:00,PUR_IED_AlexanderF_1102_caf07b,PUR_IED_AlexanderF_1102_caf07b,,,,,
2026-09-12T21:01:12-05:00,PUR_IED_AlexanderF_1103_c79e71,PUR_IED_AlexanderF_1103_c79e71,,,,,
2026-09-12T21:01:12-05:00,PUR_IED_AlexanderF_Ext_c5b18b,PUR_IED_AlexanderF_Ext_c5b18b,,,,,
2026-09-12T21:01:12-05:00,PUR_IED_AlfonsoLopez_Ext_281d77,PUR_IED_AlfonsoLopez_Ext_281d77,,,,,
2026-09-12T21:01:12-05:00,PUR_IED_AlfonsoLopez_LabF_888ce0,PUR_IED_AlfonsoLopez_LabF_888ce0,,,,,
2026-09-12T21:01:12-05:00,PUR_IED_AlfonsoLopez_SMed_df6a7f,PUR_IED_AlfonsoLopez_SMed_df6a7f,,,,,
2026-09-12T21:01:12-05:00,PUR_IED_AltamiraSO_A2_209f92,PUR_IED_AltamiraSO_A2_209f92,,,,,
2026-09-12T21:01:12-05:00,PUR_IED_AltamiraSO_Ext_186d66,PUR_IED_AltamiraSO_Ext_186d66,,,,,
2026-09-12T21:01:12-05:00,PUR_IED_AltamiraSO_Sistem_27afe1,PUR_IED_AltamiraSO_Sistem_27afe1,,,,,
2026-09-12T21:01:12-05:00,PUR_IED_AlvaroGom_LabQuim_813179,PUR_IED_AlvaroGom_LabQuim_813179,,,,,
2026-09-12T21:01:12-05:00,PUR_IED_AlvaroGomez_Ext_47c7ca,PUR_IED_AlvaroGomez_Ext_47c7ca,,,,,
2026-09-12T21:01:12-05:00,PUR_IED_AlvaroGomez_LabQuim_813179,PUR_IED_AlvaroGomez_LabQuim_813179,,,,,
2026-09-12T21:01:12-05:00,PUR_IED_AlvaroGomez_S23_7ba89f,PUR_IED_AlvaroGomez_S23_7ba89f,,,,,
2026-09-12T21:01:12-05:00,PUR_IED_Amistad_306_dc8728,PUR_IED_Amistad_306_dc8728,,,,,
2026-09-12T21:01:12-05:00,PUR_IED_Amistad_Ext_8cd55e,PUR_IED_Amistad_Ext_8cd55e,,,,,
2026-09-12T21:01:12-05:00,PUR_IED_Amistad_S202_a41169,PUR_IED_Amistad_S202_a41169,,,,,
2026-09-12T21:01:12-05:00,PUR_IED_AndresBello_Bio_fd5f5e,PUR_IED_AndresBello_Bio_fd5f5e,,,,,
2026-09-12T21:01:12-05:00,PUR_IED_AndresBello_ext_dcad65,PUR_IED_AndresBello_ext_dcad65,,,,,
2026-09-12T21:01:12-05:00,PUR_IED_AndresBello_port_eed3ec,PUR_IED_AndresBello_port_eed3ec,,,,,
2026-09-12T21:01:12-05:00,PUR_IED_AngelaR_11b_d90a6b,PUR_IED_AngelaR_11b_d90a6b,,,,,
2026-09-12T21:01:12-05:00,PUR_IED_AngelaR_ext_7cad3e,PUR_IED_AngelaR_ext_7cad3e,3,19,63,4.5825,-74.164497
2026-09-12T21:01:12-05:00,PUR_IED_AntJoseSucre_10mo_df2575,PUR_IED_AntJoseSucre_10mo_df2575,,,,,
2026-09-12T21:01:12-05:00,PUR_IED_AntJoseSucre_Ext_215b36,PUR_IED_AntJoseSucre_Ext_215b36,,,,,
2026-09-12T21:01:12-05:00,PUR_IED_AntJoseSucre_Lab_3139de,PUR_IED_AntJoseSucre_Lab_3139de,,,,,
2026-09-12T21:01:12-05:00,PUR_IED_AntonioGarcia_301_d6b188,PUR_IED_AntonioGarcia_301_d6b188,,,,,
2026-09-12T21:01:12-05:00,PUR_IED_AntonioGarcia_302_88a82,PUR_IED_AntonioGarcia_302_88a82,,,,,
2026-09-12T21:01:12-05:00,PUR_IED_AntonioGarcia_Ext_20950c,PUR_IED_AntonioGarcia_Ext_20950c,,,,,
2026-09-12T21:01:12-05:00,PUR_IED_AntonioVan_Aula2_6dea02,PUR_IED_AntonioVan_Aula2_6dea02,,,,,
2026-09-12T21:01:12-05:00,PUR_IED_AntonioVan_Aula5_f1557e,PUR_IED_AntonioVan_Aula5_f1557e,,,,,
2026-09-12T21:01:12-05:00,PUR_IED_AntonioVan_Ext_406f2f,PUR_IED_AntonioVan_Ext_406f2f,,,,,
2026-09-12T21:01:12-05:00,PUR_IED_Atabanzha_Ext_cc5af9,PUR_IED_Atabanzha_Ext_cc5af9,,,,,
2026-09-12T21:01:12-05:00,PUR_IED_Atabanzha_SA101_56c37,PUR_IED_Atabanzha_SA101_56c37,,,,,
2026-09-12T21:01:12-05:00,PUR_IED_Atabanzha_SB302_27b374,PUR_IED_Atabanzha_SB302_27b374,,,,,
2026-09-12T21:01:12-05:00,PUR_IED_Atahualpa_Ext_fc1748,PUR_IED_Atahualpa_Ext_fc1748,,,,,
2026-09-12T21:01:12-05:00,PUR_IED_Atahualpa_Informa_dc9a95,PUR_IED_Atahualpa_Informa_dc9a95,,,,,
2026-09-12T21:01:12-05:00,PUR_IED_Atahualpa_S1101_f98056,PUR_IED_Atahualpa_S1101_f98056,,,,,
2026-09-12T21:01:12-05:00,PUR_IED_Bellavista_Ext_f5aa74,PUR_IED_Bellavista_Ext_f5aa74,,,,,
2026-09-12T21:01:12-05:00,PUR_IED_Bilbao_11A_916c41,PUR_IED_Bilbao_11A_916c41,,,,,
2026-09-12T21:01:12-05:00,PUR_IED_Bilbao_Ext_fb579a,PUR_IED_Bilbao_Ext_fb579a,,,,,
2026-09-12T21:01:12-05:00,PUR_IED_BrasiliaU_A125_304280,PUR_IED_BrasiliaU_A125_304280,,,,,
2026-09-12T21:01:12-05:00,PUR_IED_BrasiliaU_A203_7c8ca5,PUR_IED_BrasiliaU_A203_7c8ca5,,,,,
2026-09-12T21:01:12-05:00,PUR_IED_BrasiliaU_Ext_8d6e9f,PUR_IED_BrasiliaU_Ext_8d6e9f,5,17,63,4.5175,-74.116302
2026-09-12T21:01:12-05:00,PUR_IED_Brasilia_Ext_fe6593,PUR_IED_Brasilia_Ext_fe6593,,,,,
2026-09-12T21:01:12-05:00,PUR_IED_Brasilia_S24_7c130d,PUR_IED_Brasilia_S24_7c130d,,,,,
2026-09-12T21:01:12-05:00,PUR_IED_Brasilia_S501_186a54,PUR_IED_Brasilia_S501_186a54,,,,,
2026-09-12T21:01:12-05:00,PUR_IED_CHARRY_EXT_f1d5cd,PUR_IED_CHARRY_EXT_f1d5cd,,,,,
2026-09-12T21:01:12-05:00,PUR_IED_CHARRY_INTDANZAS_7a08e6,PUR_IED_CHARRY_INTDANZAS_7a08e6,,,,,
2026-09-12T21:01:12-05:00,PUR_IED_CHARRY_INT_AULA20_dc998d,PUR_IED_CHARRY_INT_AULA20_dc998d,,,,,
2026-09-12T21:01:12-05:00,PUR_IED_COLVIV_1101_S25_7f520a,PUR_IED_COLVIV_1101_S25_7f520a,,,,,
2026-09-12T21:01:12-05:00,PUR_IED_COLVIV_1102_S16_f570ba,PUR_IED_COLVIV_1102_S16_f570ba,,,,,
2026-09-12T21:01:12-05:00,PUR_IED_COLVIV_Ext_1a26fa,PUR_IED_COLVIV_Ext_1a26fa,,,,,
2026-09-12T21:01:12-05:00,PUR_IED_CULPOP_301A_f660f3,PUR_IED_CULPOP_301A_f660f3,,,,,
2026-09-12T21:01:12-05:00,PUR_IED_CULPOP_303_568afe,PUR_IED_CULPOP_303_568afe,,,,,
2026-09-12T21:01:12-05:00,PUR_IED_CULPOP_Ext_e02ccb,PUR_IED_CULPOP_Ext_e02ccb,,,,,
2026-09-12T21:01:12-05:00,PUR_IED_CVillavicen_Ext_26eb58,PUR_IED_CVillavicen_Ext_26eb58,3,15,78,4.487,-74.102798
2026-09-12T21:01:12-05:00,PUR_IED_CVillavicen_Intel_1ce5c2,PUR_IED_CVillavicen_Intel_1ce5c2,,,,,
2026-09-12T21:01:12-05:00,PUR_IED_CVillavicen_Poliv_e0766c,PUR_IED_CVillavicen_Poliv_e0766c,,,,,
2026-09-12T21:01:12-05:00,PUR_IED_CVillavicen_int_1ba140,PUR_IED_CVillavicen_int_1ba140,,,,,
2026-09-12T21:01:12-05:00,PUR_IED_CVillavicen_intel_1ba140,PUR_IED_CVillavicen_intel_1ba140,,,,,
2026-09-12T21:01:12-05:00,PUR_IED_CarlosPizarro_Ext_e307cc,PUR_IED_CarlosPizarro_Ext_e307cc,,,,,
2026-09-12T21:01:12-05:00,PUR_IED_CarlosPizarro_L36_7e5cdb,PUR_IED_CarlosPizarro_L36_7e5cdb,,,,,
2026-09-12T21:01:12-05:00,PUR_IED_CarlosPizarro_L37_c8566c,PUR_IED_CarlosPizarro_L37_c8566c,,,,,
2026-09-12T21:01:12-05:00,PUR_IED_Castilla_Ext_cf35f,PUR_IED_Castilla_Ext_cf35f,,,,,
2026-09-12T21:01:12-05:00,PUR_IED_Castilla_SFisik_360e38,PUR_IED_Castilla_SFisik_360e38,,,,,
2026-09-12T21:01:12-05:00,PUR_IED_Castilla_Sc304_496fbf,PUR_IED_Castilla_Sc304_496fbf,,,,,
2026-09-12T21:01:12-05:00,PUR_IED_CervantesSa_Ext_6b57b,PUR_IED_CervantesSa_Ext_6b57b,6,18,67,4.5128,-74.117203
2026-09-12T21:01:12-05:00,PUR_IED_CervantesSa_S107_225c2b,PUR_IED_CervantesSa_S107_225c2b,,,,,
2026-09-12T21:01:12-05:00,PUR_IED_CervantesSa_S108_940925,PUR_IED_CervantesSa_S108_940925,,,,,
2026-09-12T21:01:12-05:00,PUR_IED_Charry_A20_f53e7c,PUR_IED_Charry_A20_f53e7c,,,,,
2026-09-12T21:01:12-05:00,PUR_IED_Charry_Ext_f1d5cd,PUR_IED_Charry_Ext_f1d5cd,,,,,
2026-09-12T21:01:12-05:00,PUR_IED_Charry_IntAula20_dc998d,PUR_IED_Charry_IntAula20_dc998d,,,,,
2026-09-12T21:01:12-05:00,PUR_IED_Charry_IntDanzas_7a08e6,PUR_IED_Charry_IntDanzas_7a08e6,,,,,
2026-09-12T21:01:12-05:00,PUR_IED_ClememciaC_203_43e2fc,PUR_IED_ClememciaC_203_43e2fc,,,,,
2026-09-12T21:01:12-05:00,PUR_IED_ClememciaC_Ext_1b411a,PUR_IED_ClememciaC_Ext_1b411a,,,,,
2026-09-12T21:01:12-05:00,PUR_IED_ClememciaC_Quimic_44b5fc,PUR_IED_ClememciaC_Quimic_44b5fc,,,,,
2026-09-12T21:01:12-05:00,PUR_IED_ClemenciaC_203_43e2fc,PUR_IED_ClemenciaC_203_43e2fc,,,,,
2026-09-12T21:01:12-05:00,PUR_IED_ClemenciaC_Ext_1b411a,PUR_IED_ClemenciaC_Ext_1b411a,,,,,
2026-09-12T21:01:12-05:00,PUR_IED_ClemenciaC_Quimic_44b5fc,PUR_IED_ClemenciaC_Quimic_44b5fc,,,,,
2026-09-12T21:01:12-05:00,PUR_IED_ColViva_1101_S25_7f520a,PUR_IED_ColViva_1101_S25_7f520a,,,,,
2026-09-12T21:01:12-05:00,PUR_IED_ColViva_1102_S16_f570ba,PUR_IED_ColViva_1102_S16_f570ba,,,,,
2026-09-12T21:01:12-05:00,PUR_IED_ColViva_Ext_1a26fa,PUR_IED_ColViva_Ext_1a26fa,,,,,
2026-09-12T21:01:12-05:00,PUR_IED_ColegioBici_Asist_7c8798,PUR_IED_ColegioBici_Asist_7c8798,,,,,
2026-09-12T21:01:12-05:00,PUR_IED_ColegioBici_Ext_25cbf6,PUR_IED_ColegioBici_Ext_25cbf6,,,,,
2026-09-12T21:01:12-05:00,PUR_IED_ColegioBici_LabQ_7b57db,PUR_IED_ColegioBici_LabQ_7b57db,,,,,
2026-09-12T21:01:12-05:00,PUR_IED_CostaRica_Ext_5e640,PUR_IED_CostaRica_Ext_5e640,,,,,
2026-09-12T21:01:12-05:00,PUR_IED_CostaRica_Quim1_766d1c,PUR_IED_CostaRica_Quim1_766d1c,,,,,
2026-09-12T21:01:12-05:00,PUR_IED_CostaRica__Fisica_6f0873,PUR_IED_CostaRica__Fisica_6f0873,,,,,
2026-09-12T21:01:12-05:00,PUR_IED_CulPopu_301A_f660f3,PUR_IED_CulPopu_301A_f660f3,,,,,
2026-09-12T21:01:12-05:00,PUR_IED_CulPopu_303_568afe,PUR_IED_CulPopu_303_568afe,,,,,
2026-09-12T21:01:12-05:00,PUR_IED_CulPopu_Ext_e02ccb,PUR_IED_CulPopu_Ext_e02ccb,,,,,
2026-09-12T21:01:12-05:00,PUR_IED_Cundinamarca_Ext_f15985,PUR_IED_Cundinamarca_Ext_f15985,,,,,
2026-09-12T21:01:12-05:00,PUR_IED_Cundinamarca_Info_7aa5d7,PUR_IED_Cundinamarca_Info_7aa5d7,,,,,
2026-09-12T21:01:12-05:00,PUR_IED_Cundinamarca_Tec2_f449c7,PUR_IED_Cundinamarca_Tec2_f449c7,,,,,
2026-09-12T21:01:12-05:00,PUR_IED_DiegoM_Aula1_27b314,PUR_IED_DiegoM_Aula1_27b314,,,,,
2026-09-12T21:01:12-05:00,PUR_IED_DiegoM_Ext_d80ac8,PUR_IED_DiegoM_Ext_d80ac8,,,,,
2026-09-12T21:01:12-05:00,PUR_IED_DiegoM_S25_da928f,PUR_IED_DiegoM_S25_da928f,,,,,
2026-09-12T21:01:12-05:00,PUR_IED_ELRODEO_360881,PUR_IED_ELRODEO_360881,,,,,
2026-09-12T21:01:12-05:00,PUR_IED_ELRODEO_ext_360881,PUR_IED_ELRODEO_ext_360881,,,,,
2026-09-12T21:01:12-05:00,PUR_IED_EduardoU_Ext_1c1969,PUR_IED_EduardoU_Ext_1c1969,,,,,
2026-09-12T21:01:12-05:00,PUR_IED_EduardoU_SCiencia_4dfb94,PUR_IED_EduardoU_SCiencia_4dfb94,,,,,
2026-09-12T21:01:12-05:00,PUR_IED_EduardoU_SQuimica_5a46e7,PUR_IED_EduardoU_SQuimica_5a46e7,,,,,
2026-09-12T21:01:12-05:00,PUR_IED_ElRodeo_Aula14_676984,PUR_IED_ElRodeo_Aula14_676984,,,,,
2026-09-12T21:01:12-05:00,PUR_IED_ElRodeo_Aula16_2dd35b,PUR_IED_ElRodeo_Aula16_2dd35b,,,,,
2026-09-12T21:01:12-05:00,PUR_IED_ElRodeo_Ext_360881,PUR_IED_ElRodeo_Ext_360881,,,,,
2026-09-12T21:01:12-05:00,PUR_IED_ElRodeo_Exterior_8c6d28,PUR_IED_ElRodeo_Exterior_8c6d28,,,,,
2026-09-12T21:01:12-05:00,PUR_IED_ElRodeo_ext_360881,PUR_IED_ElRodeo_ext_360881,,,,,
2026-09-12T21:01:12-05:00,PUR_IED_EmmaReyes_Ext_987625,PUR_IED_EmmaReyes_Ext_987625,5,21,52,4.6367,-74.1511
2026-09-12T21:01:12-05:00,PUR_IED_Ensueño_Ext_7f0250,PUR_IED_Ensueño_Ext_7f0250,,,,,
2026-09-12T21:01:12-05:00,PUR_IED_EscNormal_Ext_5fef3b,PUR_IED_EscNormal_Ext_5fef3b,4,19,59,4.5852,-74.096901
2026-09-12T21:01:12-05:00,PUR_IED_EscNormal_S309_5b263,PUR_IED_EscNormal_S309_5b263,,,,,
2026-09-12T21:01:12-05:00,PUR_IED_EscNormal_S310_27b3b8,PUR_IED_EscNormal_S310_27b3b8,,,,,
2026-09-12T21:01:12-05:00,PUR_IED_Evangelista_Conta_f6cd4f,PUR_IED_Evangelista_Conta_f6cd4f,,,,,
2026-09-12T21:01:12-05:00,PUR_IED_Evangelista_Cri_5e16a,PUR_IED_Evangelista_Cri_5e16a,,,,,
2026-09-12T21:01:12-05:00,PUR_IED_Evangelista_Exter_754066,PUR_IED_Evangelista_Exter_754066,,,,,
2026-09-12T21:01:12-05:00,PUR_IED_FMiranda_S209_5cc2a3,PUR_IED_FMiranda_S209_5cc2a3,,,,,
2026-09-12T21:01:12-05:00,PUR_IED_FMiranda_S303_19e344,PUR_IED_FMiranda_S303_19e344,,,,,
2026-09-12T21:01:12-05:00,PUR_IED_FMiranda_ext_f53e7c,PUR_IED_FMiranda_ext_f53e7c,,,,,
2026-09-12T21:01:12-05:00,PUR_IED_FabioLozano_Bibli_1cee05,PUR_IED_FabioLozano_Bibli_1cee05,,,,,
2026-09-12T21:01:12-05:00,PUR_IED_FabioLozano_Ext_6ea285,PUR_IED_FabioLozano_Ext_6ea285,,,,,
2026-09-12T21:01:12-05:00,PUR_IED_FabioLozano_SLudi_f09e1e,PUR_IED_FabioLozano_SLudi_f09e1e,,,,,
2026-09-12T21:01:12-05:00,PUR_IED_FaustinoS_Aula07_27a731,PUR_IED_FaustinoS_Aula07_27a731,,,,,
2026-09-12T21:01:12-05:00,PUR_IED_FaustinoS_Ext_7b936f,PUR_IED_FaustinoS_Ext_7b936f,,,,,
2026-09-12T21:01:12-05:00,PUR_IED_FaustinoS_Fisica_da2c60,PUR_IED_FaustinoS_Fisica_da2c60,,,,,
2026-09-12T21:01:12-05:00,PUR_IED_FeGarciaLo_Ext_dc68ee,PUR_IED_FeGarciaLo_Ext_dc68ee,,,,,
2026-09-12T21:01:12-05:00,PUR_IED_FeGarciaLo_SDanza_f70a59,PUR_IED_FeGarciaLo_SDanza_f70a59,,,,,
2026-09-12T21:01:12-05:00,PUR_IED_FeGarciaLo_SMusic_125cdd,PUR_IED_FeGarciaLo_SMusic_125cdd,,,,,
2026-09-12T21:01:12-05:00,PUR_IED_FederalAlema_Exte_50c345,PUR_IED_FederalAlema_Exte_50c345,,,,,
2026-09-12T21:01:12-05:00,PUR_IED_FederalAlema_S31_f18371,PUR_IED_FederalAlema_S31_f18371,,,,,
2026-09-12T21:01:12-05:00,PUR_IED_FederalAlema_S901_a62cd,PUR_IED_FederalAlema_S901_a62cd,,,,,
2026-09-12T21:01:12-05:00,PUR_IED_FilarmonicaS_A5_f35eb1,PUR_IED_FilarmonicaS_A5_f35eb1,,,,,
2026-09-12T21:01:12-05:00,PUR_IED_FilarmonicaS_Ext_8a3bde,PUR_IED_FilarmonicaS_Ext_8a3bde,,,,,
2026-09-12T21:01:12-05:00,PUR_IED_FilarmonicaS_Spol_406114,PUR_IED_FilarmonicaS_Spol_406114,,,,,
2026-09-12T21:01:12-05:00,PUR_IED_FlorentinoG_A13_d1fa59,PUR_IED_FlorentinoG_A13_d1fa59,,,,,
2026-09-12T21:01:12-05:00,PUR_IED_FlorentinoG_Ext_1ce6ce,PUR_IED_FlorentinoG_Ext_1ce6ce,,,,,
2026-09-12T21:01:12-05:00,PUR_IED_FlorentinoG_Idiom_a66aac,PUR_IED_FlorentinoG_Idiom_a66aac,,,,,
2026-09-12T21:01:12-05:00,PUR_IED_FranciscoMati_Ext_e3869d,PUR_IED_FranciscoMati_Ext_e3869d,,,,,
2026-09-12T21:01:12-05:00,PUR_IED_FranciscoMati_S13_f31c67,PUR_IED_FranciscoMati_S13_f31c67,,,,,
2026-09-12T21:01:12-05:00,PUR_IED_FranciscoMati_S14_97dead,PUR_IED_FranciscoMati_S14_97dead,,,,,
2026-09-12T21:01:12-05:00,PUR_IED_FranciscoPS_Ext_7bfa9a,PUR_IED_FranciscoPS_Ext_7bfa9a,4,20,60,4.5899,-74.110397
2026-09-12T21:01:12-05:00,PUR_IED_FranciscoPS_Infor_fb8f4c,PUR_IED_FranciscoPS_Infor_fb8f4c,,,,,
2026-09-12T21:01:12-05:00,PUR_IED_FranciscoPS_Quimi_94d39c,PUR_IED_FranciscoPS_Quimi_94d39c,,,,,
2026-09-12T21:01:12-05:00,PUR_IED_FranciscoP_LabQ_d7e148,PUR_IED_FranciscoP_LabQ_d7e148,,,,,
2026-09-12T21:01:12-05:00,PUR_IED_FranciscoP_S28_cf9b30,PUR_IED_FranciscoP_S28_cf9b30,,,,,
2026-09-12T21:01:12-05:00,PUR_IED_FranciscoP_ext_e2313,PUR_IED_FranciscoP_ext_e2313,,,,,
2026-09-12T21:01:12-05:00,PUR_IED_FriederichN_Ext_8ac92a,PUR_IED_FriederichN_Ext_8ac92a,,,,,
2026-09-12T21:01:12-05:00,PUR_IED_FriederichN_S301_dd7e5a,PUR_IED_FriederichN_S301_dd7e5a,,,,,
2026-09-12T21:01:12-05:00,PUR_IED_FriederichN_S308_761f4f,PUR_IED_FriederichN_S308_761f4f,,,,,
2026-09-12T21:01:12-05:00,PUR_IED_GSantander_Aula10_533dd7,PUR_IED_GSantander_Aula10_533dd7,,,,,
2026-09-12T21:01:12-05:00,PUR_IED_GSantander_Aula12_fd4e4f,PUR_IED_GSantander_Aula12_fd4e4f,,,,,
2026-09-12T21:01:12-05:00,PUR_IED_GSantander_Aula310_533dd7,PUR_IED_GSantander_Aula310_533dd7,,,,,
2026-09-12T21:01:12-05:00,PUR_IED_GSantander_Aula312_fd4e4f,PUR_IED_GSantander_Aula312_fd4e4f,,,,,
2026-09-12T21:01:12-05:00,PUR_IED_GSantander_Ext_5f66b0,PUR_IED_GSantander_Ext_5f66b0,,,,,
2026-09-12T21:01:12-05:00,PUR_IED_GYomasa_Ext_f6bea5,PUR_IED_GYomasa_Ext_f6bea5,,,,,
2026-09-12T21:01:12-05:00,PUR_IED_GYomasa_LBiol_2c41aa,PUR_IED_GYomasa_LBiol_2c41aa,,,,,
2026-09-12T21:01:12-05:00,PUR_IED_GYomasa_LQuim_33c80,PUR_IED_GYomasa_LQuim_33c80,,,,,
2026-09-12T21:01:12-05:00,PUR_IED_GabBetMejia_Cienc_5a99c,PUR_IED_GabBetMejia_Cienc_5a99c,,,,,
2026-09-12T21:01:12-05:00,PUR_IED_GabBetMejia_Ext_9153d0,PUR_IED_GabBetMejia_Ext_9153d0,,,,,
2026-09-12T21:01:12-05:00,PUR_IED_GabBetMejia_Lab_f55347,PUR_IED_GabBetMejia_Lab_f55347,,,,,
2026-09-12T21:01:12-05:00,PUR_IED_GabBetanMejia_Ext_9153d0,PUR_IED_GabBetanMejia_Ext_9153d0,,,,,
2026-09-12T21:01:12-05:00,PUR_IED_Gaitana_Aula13_7aac11,PUR_IED_Gaitana_Aula13_7aac11,,,,,
2026-09-12T21:01:12-05:00,PUR_IED_Gaitana_Ext_5fcf4,PUR_IED_Gaitana_Ext_5fcf4,,,,,
2026-09-12T21:01:12-05:00,PUR_IED_Gaitana_LabFisica_644448,PUR_IED_Gaitana_LabFisica_644448,,,,,
2026-09-12T21:01:12-05:00,PUR_IED_GenSantander_Dise_8ac858,PUR_IED_GenSantander_Dise_8ac858,,,,,
2026-09-12T21:01:12-05:00,PUR_IED_GenSantander_Ext_8d5dfe,PUR_IED_GenSantander_Ext_8d5dfe,,,,,
2026-09-12T21:01:12-05:00,PUR_IED_GenSantander_Info_6c25b,PUR_IED_GenSantander_Info_6c25b,,,,,
2026-09-12T21:01:12-05:00,PUR_IED_GustavoMo_Exterio_75e63d,PUR_IED_GustavoMo_Exterio_75e63d,,,,,
2026-09-12T21:01:12-05:00,PUR_IED_GustavoMo_LabFisi_224d37,PUR_IED_GustavoMo_LabFisi_224d37,,,,,
2026-09-12T21:01:12-05:00,PUR_IED_GustavoMo_S208_3e6918,PUR_IED_GustavoMo_S208_3e6918,,,,,
2026-09-12T21:01:12-05:00,PUR_IED_GustavoR_A02_8cd4a8,PUR_IED_GustavoR_A02_8cd4a8,,,,,
2026-09-12T21:01:12-05:00,PUR_IED_GustavoR_B11_5b0ed,PUR_IED_GustavoR_B11_5b0ed,,,,,
2026-09-12T21:01:12-05:00,PUR_IED_GustavoR_Ext_7a0c90,PUR_IED_GustavoR_Ext_7a0c90,,,,,
2026-09-12T21:01:12-05:00,PUR_IED_HernandoDuran_Ext_8cd82b,PUR_IED_HernandoDuran_Ext_8cd82b,,,,,
2026-09-12T21:01:12-05:00,PUR_IED_HernandoDuran_S24_2772c6,PUR_IED_HernandoDuran_S24_2772c6,,,,,
2026-09-12T21:01:12-05:00,PUR_IED_HernandoDuran_S30_f2de41,PUR_IED_HernandoDuran_S30_f2de41,,,,,
2026-09-12T21:01:12-05:00,PUR_IED_HolguInUr_S1101_8cd732,PUR_IED_HolguInUr_S1101_8cd732,,,,,
2026-09-12T21:01:12-05:00,PUR_IED_HolguinUr_Exter_ddae6d,PUR_IED_HolguinUr_Exter_ddae6d,,,,,
2026-09-12T21:01:12-05:00,PUR_IED_HolguinUr_LabQuim_92b952,PUR_IED_HolguinUr_LabQuim_92b952,,,,,
2026-09-12T21:01:12-05:00,PUR_IED_Isabel-II_Ext_5245cc,PUR_IED_Isabel-II_Ext_5245cc,6,20,57,4.6336,-74.153
2026-09-12T21:01:12-05:00,PUR_IED_Isabel-II_S_idiom_1c29aa,PUR_IED_Isabel-II_S_idiom_1c29aa,,,,,
2026-09-12T21:01:12-05:00,PUR_IED_Isabel-II_S_infor_fd741,PUR_IED_Isabel-II_S_infor_fd741,,,,,
2026-09-12T21:01:12-05:00,PUR_IED_IsidroSur_Exterio_5b90ea,PUR_IED_IsidroSur_Exterio_5b90ea,,,,,
2026-09-12T21:01:12-05:00,PUR_IED_IsidroSur_LabTec_56697a,PUR_IED_IsidroSur_LabTec_56697a,,,,,
2026-09-12T21:01:12-05:00,PUR_IED_IsidroSur_Robotic_b7c38f,PUR_IED_IsidroSur_Robotic_b7c38f,,,,,
2026-09-12T21:01:12-05:00,PUR_IED_IsmaelPerd_Ext_7b6672,PUR_IED_IsmaelPerd_Ext_7b6672,,,,,
2026-09-12T21:01:12-05:00,PUR_IED_IsmaelPerd_Inform_306540,PUR_IED_IsmaelPerd_Inform_306540,,,,,
2026-09-12T21:01:12-05:00,PUR_IED_IsmaelPerd_S30_2e2c83,PUR_IED_IsmaelPerd_S30_2e2c83,,,,,
2026-09-12T21:01:12-05:00,PUR_IED_JLozano_Exter_432910,PUR_IED_JLozano_Exter_432910,,,,,
2026-09-12T21:01:12-05:00,PUR_IED_JLozano_salaMulti_df5125,PUR_IED_JLozano_salaMulti_df5125,,,,,
2026-09-12T21:01:12-05:00,PUR_IED_JMCordoba_206_86f80b,PUR_IED_JMCordoba_206_86f80b,,,,,
2026-09-12T21:01:12-05:00,PUR_IED_JMCordoba_Ext_27ad97,PUR_IED_JMCordoba_Ext_27ad97,,,,,
2026-09-12T21:01:12-05:00,PUR_IED_JMCordoba_S310_d59ab4,PUR_IED_JMCordoba_S310_d59ab4,,,,,
2026-09-12T21:01:12-05:00,PUR_IED_Japon_Ext_549100,PUR_IED_Japon_Ext_549100,,,,,
2026-09-12T21:01:12-05:00,PUR_IED_Japon_Laboratorio_bec51d,PUR_IED_Japon_Laboratorio_bec51d,,,,,
2026-09-12T21:01:12-05:00,PUR_IED_Japon_informatica_d99327,PUR_IED_Japon_informatica_d99327,,,,,
2026-09-12T21:01:12-05:00,PUR_IED_Jazmin_Ext_d27bda,PUR_IED_Jazmin_Ext_d27bda,,,,,
2026-09-12T21:01:12-05:00,PUR_IED_Jazmin_Fisica_8d14d7,PUR_IED_Jazmin_Fisica_8d14d7,,,,,
2026-09-12T21:01:12-05:00,PUR_IED_Jazmin_Quimica_801cb5,PUR_IED_Jazmin_Quimica_801cb5,,,,,
2026-09-12T21:01:12-05:00,PUR_IED_JorgeGaitan_Exter_f098d1,PUR_IED_JorgeGaitan_Exter_f098d1,,,,,
2026-09-12T21:01:12-05:00,PUR_IED_JorgeGaitan_STec1_dc9d1d,PUR_IED_JorgeGaitan_STec1_dc9d1d,,,,,
2026-09-12T21:01:12-05:00,PUR_IED_JorgeGaitan_STec2_281e69,PUR_IED_JorgeGaitan_STec2_281e69,,,,,
2026-09-12T21:01:12-05:00,PUR_IED_JorgeSoto_Exterio_d9d0a2,PUR_IED_JorgeSoto_Exterio_d9d0a2,,,,,
2026-09-12T21:01:12-05:00,PUR_IED_JorgeSoto_LabFisi_209c54,PUR_IED_JorgeSoto_LabFisi_209c54,,,,,
2026-09-12T21:01:12-05:00,PUR_IED_JorgeSoto_S103_27b51a,PUR_IED_JorgeSoto_S103_27b51a,,,,,
2026-09-12T21:01:12-05:00,PUR_IED_JoseAcevedo_A02_e965eb,PUR_IED_JoseAcevedo_A02_e965eb,,,,,
2026-09-12T21:01:12-05:00,PUR_IED_JoseAcevedo_A07_dd5b4,PUR_IED_JoseAcevedo_A07_dd5b4,,,,,
2026-09-12T21:01:12-05:00,PUR_IED_JoseAcevedo_Ext_b47484,PUR_IED_JoseAcevedo_Ext_b47484,,,,,
2026-09-12T21:01:12-05:00,PUR_IED_JoseMarti_Exte_5b9bf,PUR_IED_JoseMarti_Exte_5b9bf,,,,,
2026-09-12T21:01:12-05:00,PUR_IED_JoseMarti_LabQuim_1c6c2d,PUR_IED_JoseMarti_LabQuim_1c6c2d,,,,,
2026-09-12T21:01:12-05:00,PUR_IED_JoseMarti_S_info_f5f177,PUR_IED_JoseMarti_S_info_f5f177,,,,,
2026-09-12T21:01:12-05:00,PUR_IED_Josejoaquin_Ext_dfc5dc,PUR_IED_Josejoaquin_Ext_dfc5dc,,,,,
2026-09-12T21:01:12-05:00,PUR_IED_Josejoaquin_S05_5b2a96,PUR_IED_Josejoaquin_S05_5b2a96,,,,,
2026-09-12T21:01:12-05:00,PUR_IED_Josejoaquin_S06_1ce7d2,PUR_IED_Josejoaquin_S06_1ce7d2,,,,,
2026-09-12T21:01:12-05:00,PUR_IED_JulioFlorez_Danza_9b82dd,PUR_IED_JulioFlorez_Danza_9b82dd,,,,,
2026-09-12T21:01:12-05:00,PUR_IED_JulioFlorez_Exter_f9f314,PUR_IED_JulioFlorez_Exter_f9f314,,,,,
2026-09-12T21:01:12-05:00,PUR_IED_JulioFlorez_info2_6b6e08,PUR_IED_JulioFlorez_info2_6b6e08,,,,,
2026-09-12T21:01:12-05:00,PUR_IED_LaBelleza_Aula13_1d00d8,PUR_IED_LaBelleza_Aula13_1d00d8,,,,,
2026-09-12T21:01:12-05:00,PUR_IED_LaBelleza_Ext_7bc08c,PUR_IED_LaBelleza_Ext_7bc08c,,,,,
2026-09-12T21:01:12-05:00,PUR_IED_LaChucua_Ext_8cd6d2,PUR_IED_LaChucua_Ext_8cd6d2,,,,,
2026-09-12T21:01:12-05:00,PUR_IED_LaChucua_S15_f578ce,PUR_IED_LaChucua_S15_f578ce,,,,,
2026-09-12T21:01:12-05:00,PUR_IED_LaChucua_S16_eebcf9,PUR_IED_LaChucua_S16_eebcf9,,,,,
2026-09-12T21:01:12-05:00,PUR_IED_LaFelicidad_Ext_fb5109,PUR_IED_LaFelicidad_Ext_fb5109,,,,,
2026-09-12T21:01:12-05:00,PUR_IED_LaMerced_206_66ebd,PUR_IED_LaMerced_206_66ebd,,,,,
2026-09-12T21:01:12-05:00,PUR_IED_LaMerced_207_6ebd6,PUR_IED_LaMerced_207_6ebd6,,,,,
2026-09-12T21:01:12-05:00,PUR_IED_LaMerced_ext_304311,PUR_IED_LaMerced_ext_304311,,,,,
2026-09-12T21:01:12-05:00,PUR_IED_Laureano_CiencNat_281e5e,PUR_IED_Laureano_CiencNat_281e5e,,,,,
2026-09-12T21:01:12-05:00,PUR_IED_Laureano_Comedor_f65c0a,PUR_IED_Laureano_Comedor_f65c0a,,,,,
2026-09-12T21:01:12-05:00,PUR_IED_Laureano_Exterior_7ab011,PUR_IED_Laureano_Exterior_7ab011,,,,,
2026-09-12T21:01:12-05:00,PUR_IED_LeonGreiff_Exte_dfe560,PUR_IED_LeonGreiff_Exte_dfe560,,,,,
2026-09-12T21:01:12-05:00,PUR_IED_LeonGreiff_S210_f264ed,PUR_IED_LeonGreiff_S210_f264ed,,,,,
2026-09-12T21:01:12-05:00,PUR_IED_LeonGreiff_SQuimi_e8296f,PUR_IED_LeonGreiff_SQuimi_e8296f,,,,,
2026-09-12T21:01:12-05:00,PUR_IED_LlanoOrientalS208_7b9fcd,PUR_IED_LlanoOrientalS208_7b9fcd,,,,,
2026-09-12T21:01:12-05:00,PUR_IED_LlanoOriental_Ext_fb3766,PUR_IED_LlanoOriental_Ext_fb3766,,,,,
2026-09-12T21:01:12-05:00,PUR_IED_LlanoOriental_S208_7b9fcd,PUR_IED_LlanoOriental_S208_7b9fcd,,,,,
2026-09-12T21:01:12-05:00,PUR_IED_LlanoOriental_S9_27b378,PUR_IED_LlanoOriental_S9_27b378,,,,,
2026-09-12T21:01:12-05:00,PUR_IED_LosTejares_1101_477602,PUR_IED_LosTejares_1101_477602,,,,,
2026-09-12T21:01:12-05:00,PUR_IED_LosTejares_11_d2c595,PUR_IED_LosTejares_11_d2c595,,,,,
2026-09-12T21:01:12-05:00,PUR_IED_LosTejares_12_477602,PUR_IED_LosTejares_12_477602,,,,,
2026-09-12T21:01:12-05:00,PUR_IED_LosTejares_Ext_8e2115,PUR_IED_LosTejares_Ext_8e2115,,,,,
2026-09-12T21:01:12-05:00,PUR_IED_MagdalenaO_B202_5ddda3,PUR_IED_MagdalenaO_B202_5ddda3,,,,,
2026-09-12T21:01:12-05:00,PUR_IED_MagdalenaO_B205_fb76e8,PUR_IED_MagdalenaO_B205_fb76e8,,,,,
2026-09-12T21:01:12-05:00,PUR_IED_MagdalenaO_ext_dc69cd,PUR_IED_MagdalenaO_ext_dc69cd,,,,,
2026-09-12T21:01:12-05:00,PUR_IED_ManueCepeda_artes_eee956,PUR_IED_ManueCepeda_artes_eee956,,,,,
2026-09-12T21:01:12-05:00,PUR_IED_ManuelCepeda_Ext_58313,PUR_IED_ManuelCepeda_Ext_58313,,,,,
2026-09-12T21:01:12-05:00,PUR_IED_ManuelCepeda_tec_1c5731,PUR_IED_ManuelCepeda_tec_1c5731,,,,,
2026-09-12T21:01:12-05:00,PUR_IED_ManuelS_Exterior_5b269,PUR_IED_ManuelS_Exterior_5b269,,,,,
2026-09-12T21:01:12-05:00,PUR_IED_ManuelS_Inform_f369ce,PUR_IED_ManuelS_Inform_f369ce,,,,,
2026-09-12T21:01:12-05:00,PUR_IED_ManuelS_SArtes_7d15f1,PUR_IED_ManuelS_SArtes_7d15f1,,,,,
2026-09-12T21:01:12-05:00,PUR_IED_ManuelZapata_303_3ca6,PUR_IED_ManuelZapata_303_3ca6,,,,,
2026-09-12T21:01:12-05:00,PUR_IED_ManuelZapata_311_bfbabc,PUR_IED_ManuelZapata_311_bfbabc,,,,,
2026-09-12T21:01:12-05:00,PUR_IED_ManuelZapata_Ext_50824a,PUR_IED_ManuelZapata_Ext_50824a,,,,,
2026-09-12T21:01:12-05:00,PUR_IED_ManuelitaS_Exteri_656a92,PUR_IED_ManuelitaS_Exteri_656a92,,,,,
2026-09-12T21:01:12-05:00,PUR_IED_ManuelitaS_JuzgDe_f58ec3,PUR_IED_ManuelitaS_JuzgDe_f58ec3,,,,,
2026-09-12T21:01:12-05:00,PUR_IED_ManuelitaS_Recrea_d793db,PUR_IED_ManuelitaS_Recrea_d793db,,,,,
2026-09-12T21:01:12-05:00,PUR_IED_MarFidSuarez_Ext_c27b19,PUR_IED_MarFidSuarez_Ext_c27b19,,,,,
2026-09-12T21:01:12-05:00,PUR_IED_MarFidSuarez_Info_e384d7,PUR_IED_MarFidSuarez_Info_e384d7,,,,,
2026-09-12T21:01:12-05:00,PUR_IED_MarFidSuarez_S306_1d0032,PUR_IED_MarFidSuarez_S306_1d0032,,,,,
2026-09-12T21:01:12-05:00,PUR_IED_Menorah_301_2a25a3,PUR_IED_Menorah_301_2a25a3,,,,,
2026-09-12T21:01:12-05:00,PUR_IED_Menorah_306_37ed3,PUR_IED_Menorah_306_37ed3,,,,,
2026-09-12T21:01:12-05:00,PUR_IED_Menorah_Ext_3e155b,PUR_IED_Menorah_Ext_3e155b,,,,,
2026-09-12T21:01:12-05:00,PUR_IED_MinutoB.Aires_A11_1b1604,PUR_IED_MinutoB.Aires_A11_1b1604,,,,,
2026-09-12T21:01:12-05:00,PUR_IED_MinutoB.Aires_A12_fb5860,PUR_IED_MinutoB.Aires_A12_fb5860,,,,,
2026-09-12T21:01:12-05:00,PUR_IED_MinutoB.Aires_Ext_81293f,PUR_IED_MinutoB.Aires_Ext_81293f,,,,,
2026-09-12T21:01:12-05:00,PUR_IED_MinutoBAires_A11_1b1604,PUR_IED_MinutoBAires_A11_1b1604,,,,,
2026-09-12T21:01:12-05:00,PUR_IED_MinutoBAires_A12_fb5860,PUR_IED_MinutoBAires_A12_fb5860,,,,,
2026-09-12T21:01:12-05:00,PUR_IED_MinutoBAires_Ext_81293f,PUR_IED_MinutoBAires_Ext_81293f,,,,,
2026-09-12T21:01:12-05:00,PUR_IED_Montreal_Aula10_1e4959,PUR_IED_Montreal_Aula10_1e4959,,,,,
2026-09-12T21:01:12-05:00,PUR_IED_Montreal_Aula6_300367,PUR_IED_Montreal_Aula6_300367,,,,,
2026-09-12T21:01:12-05:00,PUR_IED_Montreal_Exterior_91a179,PUR_IED_Montreal_Exterior_91a179,,,,,
2026-09-12T21:01:12-05:00,PUR_IED_Mqgdalena_B202_5ddda3,PUR_IED_Mqgdalena_B202_5ddda3,,,,,
2026-09-12T21:01:12-05:00,PUR_IED_NACUND_Soc_dc8728,PUR_IED_NACUND_Soc_dc8728,,,,,
2026-09-12T21:01:12-05:00,PUR_IED_NACUND_ext_27ad97,PUR_IED_NACUND_ext_27ad97,,,,,
2026-09-12T21:01:12-05:00,PUR_IED_NEsperanza_Ext_d24b61,PUR_IED_NEsperanza_Ext_d24b61,,,,,
2026-09-12T21:01:12-05:00,PUR_IED_NEsperanza_SElect_7d1807,PUR_IED_NEsperanza_SElect_7d1807,,,,,
2026-09-12T21:01:12-05:00,PUR_IED_NEsperanza_SLabor_8b2d0a,PUR_IED_NEsperanza_SLabor_8b2d0a,,,,,
2026-09-12T21:01:12-05:00,PUR_IED_NacionesU_Ext_f661a9,PUR_IED_NacionesU_Ext_f661a9,,,,,
2026-09-12T21:01:12-05:00,PUR_IED_NacionesU_Quimica_66f0a,PUR_IED_NacionesU_Quimica_66f0a,,,,,
2026-09-12T21:01:12-05:00,PUR_IED_NacionesU_S306_1b4b3d,PUR_IED_NacionesU_S306_1b4b3d,,,,,
2026-09-12T21:01:12-05:00,PUR_IED_NestorFA_Ext_e4201c,PUR_IED_NestorFA_Ext_e4201c,,,,,
2026-09-12T21:01:12-05:00,PUR_IED_NestorFA_Laborato_f22fe0,PUR_IED_NestorFA_Laborato_f22fe0,,,,,
2026-09-12T21:01:12-05:00,PUR_IED_NestorFA_S204_dee996,PUR_IED_NestorFA_S204_dee996,,,,,
2026-09-12T21:01:12-05:00,PUR_IED_NidyaQT_Aula03_76999b,PUR_IED_NidyaQT_Aula03_76999b,,,,,
2026-09-12T21:01:12-05:00,PUR_IED_NidyaQT_Aula10_56325,PUR_IED_NidyaQT_Aula10_56325,,,,,
2026-09-12T21:01:12-05:00,PUR_IED_NidyaQT_Ext_46e32d,PUR_IED_NidyaQT_Ext_46e32d,,,,,
2026-09-12T21:01:12-05:00,PUR_IED_NuevaCol_Exterior_d9b859,PUR_IED_NuevaCol_Exterior_d9b859,,,,,
2026-09-12T21:01:12-05:00,PUR_IED_NuevaCol_S1101_76c43b,PUR_IED_NuevaCol_S1101_76c43b,,,,,
2026-09-12T21:01:12-05:00,PUR_IED_NuevaCol_S1102_1ce0b5,PUR_IED_NuevaCol_S1102_1ce0b5,,,,,
2026-09-12T21:01:12-05:00,PUR_IED_OEA_A202_f7e3f2,PUR_IED_OEA_A202_f7e3f2,,,,,
2026-09-12T21:01:12-05:00,PUR_IED_OEA_A203_7d1b8d,PUR_IED_OEA_A203_7d1b8d,,,,,
2026-09-12T21:01:12-05:00,PUR_IED_OEA_Ext_27b593,PUR_IED_OEA_Ext_27b593,,,,,
2026-09-12T21:01:12-05:00,PUR_IED_Ochoa_Ext_1c29da,PUR_IED_Ochoa_Ext_1c29da,,,,,
2026-09-12T21:01:12-05:00,PUR_IED_Ochoa_S205_8b1121,PUR_IED_Ochoa_S205_8b1121,,,,,
2026-09-12T21:01:12-05:00,PUR_IED_Ochoa_Sistemas_f33af6,PUR_IED_Ochoa_Sistemas_f33af6,,,,,
2026-09-12T21:01:12-05:00,PUR_IED_PQuebec_Ext_1c67c7,PUR_IED_PQuebec_Ext_1c67c7,,,,,
2026-09-12T21:01:12-05:00,PUR_IED_PQuebec_S15_23e8e2,PUR_IED_PQuebec_S15_23e8e2,,,,,
2026-09-12T21:01:12-05:00,PUR_IED_PQuebec_S16_8ec76b,PUR_IED_PQuebec_S16_8ec76b,,,,,
2026-09-12T21:01:12-05:00,PUR_IED_PabloN_Ext_49dc96,PUR_IED_PabloN_Ext_49dc96,,,,,
2026-09-12T21:01:12-05:00,PUR_IED_PabloN_S1102_4e3df5,PUR_IED_PabloN_S1102_4e3df5,,,,,
2026-09-12T21:01:12-05:00,PUR_IED_PabloN_S1103_50c94b,PUR_IED_PabloN_S1103_50c94b,,,,,
2026-09-12T21:01:12-05:00,PUR_IED_Palestina_S1101_db9198,PUR_IED_Palestina_S1101_db9198,,,,,
2026-09-12T21:01:12-05:00,PUR_IED_Palestina_S1102_dc54fa,PUR_IED_Palestina_S1102_dc54fa,,,,,
2026-09-12T21:01:12-05:00,PUR_IED_Palestina_ext_4ccce6,PUR_IED_Palestina_ext_4ccce6,,,,,
2026-09-12T21:01:12-05:00,PUR_IED_Panama_Fisica_4d0794,PUR_IED_Panama_Fisica_4d0794,,,,,
2026-09-12T21:01:12-05:00,PUR_IED_Panama_SIngles_a4077e,PUR_IED_Panama_SIngles_a4077e,,,,,
2026-09-12T21:01:12-05:00,PUR_IED_Panama_ext_4c54b4,PUR_IED_Panama_ext_4c54b4,,,,,
2026-09-12T21:01:12-05:00,PUR_IED_ParaisoM_Exterior_8cd7f0,PUR_IED_ParaisoM_Exterior_8cd7f0,,,,,
2026-09-12T21:01:12-05:00,PUR_IED_ParaisoM_Laborato_27af35,PUR_IED_ParaisoM_Laborato_27af35,,,,,
2026-09-12T21:01:12-05:00,PUR_IED_ParaisoM_S304_d1edca,PUR_IED_ParaisoM_S304_d1edca,,,,,
2026-09-12T21:01:12-05:00,PUR_IED_PorfirioBarba_Ext_301466,PUR_IED_PorfirioBarba_Ext_301466,,,,,
2026-09-12T21:01:12-05:00,PUR_IED_PorfirioBarba_S11_df6cd2,PUR_IED_PorfirioBarba_S11_df6cd2,,,,,
2026-09-12T21:01:12-05:00,PUR_IED_PorfirioBarba_S29_27a7d6,PUR_IED_PorfirioBarba_S29_27a7d6,,,,,
2026-09-12T21:01:12-05:00,PUR_IED_PradoV_Exter_8b27ad,PUR_IED_PradoV_Exter_8b27ad,,,,,
2026-09-12T21:01:12-05:00,PUR_IED_PradoV_S301_de65b5,PUR_IED_PradoV_S301_de65b5,,,,,
2026-09-12T21:01:12-05:00,PUR_IED_PradoV_S302_7d2593,PUR_IED_PradoV_S302_7d2593,,,,,
2026-09-12T21:01:12-05:00,PUR_IED_QuirogaAlz_Ext_1ddc82,PUR_IED_QuirogaAlz_Ext_1ddc82,,,,,
2026-09-12T21:01:12-05:00,PUR_IED_QuirogaAlz_S302_9926a3,PUR_IED_QuirogaAlz_S302_9926a3,,,,,
2026-09-12T21:01:12-05:00,PUR_IED_QuirogaAlz_S305_cdf1f1,PUR_IED_QuirogaAlz_S305_cdf1f1,,,,,
2026-09-12T21:01:12-05:00,PUR_IED_RGuatemala_Biling_dc53b7,PUR_IED_RGuatemala_Biling_dc53b7,,,,,
2026-09-12T21:01:12-05:00,PUR_IED_RGuatemala_Ext_1b89a3,PUR_IED_RGuatemala_Ext_1b89a3,,,,,
2026-09-12T21:01:12-05:00,PUR_IED_RGuatemala_Tecnol_281a34,PUR_IED_RGuatemala_Tecnol_281a34,,,,,
2026-09-12T21:01:12-05:00,PUR_IED_RafaNu_Ext_f7c302,PUR_IED_RafaNu_Ext_f7c302,,,,,
2026-09-12T21:01:12-05:00,PUR_IED_RafaNu_S1101_25fde,PUR_IED_RafaNu_S1101_25fde,,,,,
2026-09-12T21:01:12-05:00,PUR_IED_RafaNu_S1102_281517,PUR_IED_RafaNu_S1102_281517,,,,,
2026-09-12T21:01:12-05:00,PUR_IED_RafaelB_S305_ee2783,PUR_IED_RafaelB_S305_ee2783,,,,,
2026-09-12T21:01:12-05:00,PUR_IED_RafaelB_S306_75fe33,PUR_IED_RafaelB_S306_75fe33,,,,,
2026-09-12T21:01:12-05:00,PUR_IED_RafaelB_ext_283336,PUR_IED_RafaelB_ext_283336,,,,,
2026-09-12T21:01:12-05:00,PUR_IED_RafaelUU_Exterior_281a51,PUR_IED_RafaelUU_Exterior_281a51,,,,,
2026-09-12T21:01:12-05:00,PUR_IED_RafaelUU_Human_806b2,PUR_IED_RafaelUU_Human_806b2,,,,,
2026-09-12T21:01:12-05:00,PUR_IED_RafaelUU_Mate2_5680d4,PUR_IED_RafaelUU_Mate2_5680d4,,,,,
2026-09-12T21:01:12-05:00,PUR_IED_RamonSub_Ext_f9eeb9,PUR_IED_RamonSub_Ext_f9eeb9,,,,,
2026-09-12T21:01:12-05:00,PUR_IED_RamonSub_Media_d1f62f,PUR_IED_RamonSub_Media_d1f62f,,,,,
2026-09-12T21:01:12-05:00,PUR_IED_RamonSub_planta_51b82,PUR_IED_RamonSub_planta_51b82,,,,,
2026-09-12T21:01:12-05:00,PUR_IED_RepBoliVene_Exter_27af7c,PUR_IED_RepBoliVene_Exter_27af7c,,,,,
2026-09-12T21:01:12-05:00,PUR_IED_RepBoliVene_SCPT_5ae2ee,PUR_IED_RepBoliVene_SCPT_5ae2ee,,,,,
2026-09-12T21:01:12-05:00,PUR_IED_RepBoliVene_Socia_4b11d5,PUR_IED_RepBoliVene_Socia_4b11d5,,,,,
2026-09-12T21:01:12-05:00,PUR_IED_RepChina_Ext_76d9ee,PUR_IED_RepChina_Ext_76d9ee,,,,,
2026-09-12T21:01:12-05:00,PUR_IED_RepChina_S404_7c804c,PUR_IED_RepChina_S404_7c804c,,,,,
2026-09-12T21:01:12-05:00,PUR_IED_RepChina_S405_df2c33,PUR_IED_RepChina_S405_df2c33,,,,,
2026-09-12T21:01:12-05:00,PUR_IED_RepublicaC_Exteri_7d1ec9,PUR_IED_RepublicaC_Exteri_7d1ec9,,,,,
2026-09-12T21:01:12-05:00,PUR_IED_RepublicaC_S1101_f544b3,PUR_IED_RepublicaC_S1101_f544b3,,,,,
2026-09-12T21:01:12-05:00,PUR_IED_RepublicaC_S1102_7aafc7,PUR_IED_RepublicaC_S1102_7aafc7,,,,,
2026-09-12T21:01:12-05:00,PUR_IED_Ricaurte_Externo_a0ea1,PUR_IED_Ricaurte_Externo_a0ea1,,,,,
2026-09-12T21:01:12-05:00,PUR_IED_Ricaurte_S210_f546fd,PUR_IED_Ricaurte_S210_f546fd,,,,,
2026-09-12T21:01:12-05:00,PUR_IED_Ricaurte_S309_d4452,PUR_IED_Ricaurte_S309_d4452,,,,,
2026-09-12T21:01:12-05:00,PUR_IED_RogelioS_1102_531e69,PUR_IED_RogelioS_1102_531e69,,,,,
2026-09-12T21:01:12-05:00,PUR_IED_RogelioS_Ext_f25a18,PUR_IED_RogelioS_Ext_f25a18,,,,,
2026-09-12T21:01:12-05:00,PUR_IED_SBernardino_Ext_27aff8,PUR_IED_SBernardino_Ext_27aff8,,,,,
2026-09-12T21:01:12-05:00,PUR_IED_SBernardino_SArte_2ffd33,PUR_IED_SBernardino_SArte_2ffd33,,,,,
2026-09-12T21:01:12-05:00,PUR_IED_SBernardino_SIngl_7c7da5,PUR_IED_SBernardino_SIngl_7c7da5,,,,,
2026-09-12T21:01:12-05:00,PUR_IED_Sago_auditorio_dc9d1d,PUR_IED_Sago_auditorio_dc9d1d,,,,,
2026-09-12T21:01:12-05:00,PUR_IED_Saludcoop_Ext_95aac3,PUR_IED_Saludcoop_Ext_95aac3,,,,,
2026-09-12T21:01:12-05:00,PUR_IED_Saludcoop_InfI_90c854,PUR_IED_Saludcoop_InfI_90c854,,,,,
2026-09-12T21:01:12-05:00,PUR_IED_Saludcoop_SMedia_1b93be,PUR_IED_Saludcoop_SMedia_1b93be,,,,,
2026-09-12T21:01:12-05:00,PUR_IED_SanCarlos_1101_1a2360,PUR_IED_SanCarlos_1101_1a2360,,,,,
2026-09-12T21:01:12-05:00,PUR_IED_SanCarlos_1103_7bafb5,PUR_IED_SanCarlos_1103_7bafb5,,,,,
2026-09-12T21:01:12-05:00,PUR_IED_SanCarlos_Ext_b7cd1,PUR_IED_SanCarlos_Ext_b7cd1,,,,,
2026-09-12T21:01:12-05:00,PUR_IED_SanIgnacioBosa11a_50c26e,PUR_IED_SanIgnacioBosa11a_50c26e,,,,,
2026-09-12T21:01:12-05:00,PUR_IED_SanIgnacioBosa11b_371de8,PUR_IED_SanIgnacioBosa11b_371de8,,,,,
2026-09-12T21:01:12-05:00,PUR_IED_SanIgnacioBosaExt_ef0ffc,PUR_IED_SanIgnacioBosaExt_ef0ffc,,,,,
2026-09-12T21:01:12-05:00,PUR_IED_SanIgnacioBosa_11a_50c26e,PUR_IED_SanIgnacioBosa_11a_50c26e,,,,,
2026-09-12T21:01:12-05:00,PUR_IED_SanIgnacioBosa_Ext_ef0ffc,PUR_IED_SanIgnacioBosa_Ext_ef0ffc,,,,,
2026-09-12T21:01:12-05:00,PUR_IED_SanJoseN_intS1101_31c47f,PUR_IED_SanJoseN_intS1101_31c47f,,,,,
2026-09-12T21:01:12-05:00,PUR_IED_SanJoseUsm_Exter_f5d7e8,PUR_IED_SanJoseUsm_Exter_f5d7e8,,,,,
2026-09-12T21:01:12-05:00,PUR_IED_SanJoseUsm_Int11A_cfdef6,PUR_IED_SanJoseUsm_Int11A_cfdef6,,,,,
2026-09-12T21:01:12-05:00,PUR_IED_SilveriaR_IntB5_905349,PUR_IED_SilveriaR_IntB5_905349,,,,,
2026-09-12T21:01:12-05:00,PUR_IED_SilveriaR_IntSD14_981f93,PUR_IED_SilveriaR_IntSD14_981f93,,,,,
2026-09-12T21:01:12-05:00,PUR_IED_SilveriaR_ext_2b651d,PUR_IED_SilveriaR_ext_2b651d,,,,,
2026-09-12T21:01:12-05:00,PUR_IED_SimonB_Exterior_913975,PUR_IED_SimonB_Exterior_913975,,,,,
2026-09-12T21:01:12-05:00,PUR_IED_SimonB_LabQuimi_c56908,PUR_IED_SimonB_LabQuimi_c56908,,,,,
2026-09-12T21:01:12-05:00,PUR_IED_SimonB_informatic_a28c1,PUR_IED_SimonB_informatic_a28c1,,,,,
2026-09-12T21:01:12-05:00,PUR_IED_Sorrento_1102_315f50,PUR_IED_Sorrento_1102_315f50,,,,,
2026-09-12T21:01:12-05:00,PUR_IED_Sorrento_Minte_214eab,PUR_IED_Sorrento_Minte_214eab,,,,,
2026-09-12T21:01:12-05:00,PUR_IED_Sorrento_ext_7c3a0a,PUR_IED_Sorrento_ext_7c3a0a,,,,,
2026-09-12T21:01:12-05:00,PUR_IED_Tabora_Ext_f048ae,PUR_IED_Tabora_Ext_f048ae,,,,,
2026-09-12T21:01:12-05:00,PUR_IED_Tabora_S1102_b07752,PUR_IED_Tabora_S1102_b07752,,,,,
2026-09-12T21:01:12-05:00,PUR_IED_Tabora_S1103_d988f5,PUR_IED_Tabora_S1103_d988f5,,,,,
2026-09-12T21:01:12-05:00,PUR_IED_Tenerife_Ext_1ab188,PUR_IED_Tenerife_Ext_1ab188,,,,,
2026-09-12T21:01:12-05:00,PUR_IED_Tenerife_SDanzas_7bc02e,PUR_IED_Tenerife_SDanzas_7bc02e,,,,,
2026-09-12T21:01:12-05:00,PUR_IED_Tenerife_SIngles_7cc277,PUR_IED_Tenerife_SIngles_7cc277,,,,,
2026-09-12T21:01:12-05:00,PUR_IED_Tibabuyes_Exter_f2683d,PUR_IED_Tibabuyes_Exter_f2683d,,,,,
2026-09-12T21:01:12-05:00,PUR_IED_Tibabuyes_S10_dc87a8,PUR_IED_Tibabuyes_S10_dc87a8,,,,,
2026-09-12T21:01:12-05:00,PUR_IED_Tibabuyes_S15_dc0526,PUR_IED_Tibabuyes_S15_dc0526,,,,,
2026-09-12T21:01:12-05:00,PUR_IED_UnionE_S301_a1043,PUR_IED_UnionE_S301_a1043,,,,,
2026-09-12T21:01:12-05:00,PUR_IED_UnionE_S307_ff6c2f,PUR_IED_UnionE_S307_ff6c2f,,,,,
2026-09-12T21:01:12-05:00,PUR_IED_UnionE__Ext_5e2468,PUR_IED_UnionE__Ext_5e2468,,,,,
2026-09-12T21:01:12-05:00,PUR_IED_VillaRica_Ext_75be7c,PUR_IED_VillaRica_Ext_75be7c,,,,,
2026-09-12T21:01:12-05:00,PUR_IED_VillaRica_S4_cc5dcd,PUR_IED_VillaRica_S4_cc5dcd,,,,,
2026-09-12T21:01:12-05:00,PUR_IED_VillaRica_Sesp_99f5c,PUR_IED_VillaRica_Sesp_99f5c,,,,,
2026-09-12T21:06:08-05:00,PUR_IED_20deJulio_1101_91b1b9,PUR_IED_20deJulio_1101_91b1b9,,,,,
2026-09-12T21:06:08-05:00,PUR_IED_20deJulio_1102_1cfcf9,PUR_IED_20deJulio_1102_1cfcf9,,,,,
2026-09-12T21:06:08-05:00,PUR_IED_20deJulio_Ext_ab60bd,PUR_IED_20deJulio_Ext_ab60bd,,,,,
2026-09-12T21:06:08-05:00,PUR_IED_AgustinFer_Ext_7b9b77,PUR_IED_AgustinFer_Ext_7b9b77,,,,,
2026-09-12T21:06:08-05:00,PUR_IED_AgustinFer_Info2_27b3a7,PUR_IED_AgustinFer_Info2_27b3a7,,,,,
2026-09-12T21:06:08-05:00,PUR_IED_AgustinFer_Sena_54b4eb,PUR_IED_AgustinFer_Sena_54b4eb,,,,,
2026-09-12T21:06:08-05:00,PUR_IED_AlexanderF_1102_caf07b,PUR_IED_AlexanderF_1102_caf07b,,,,,
2026-09-12T21:06:08-05:00,PUR_IED_AlexanderF_1103_c79e71,PUR_IED_AlexanderF_1103_c79e71,,,,,
2026-09-12T21:06:08-05:00,PUR_IED_AlexanderF_Ext_c5b18b,PUR_IED_AlexanderF_Ext_c5b18b,,,,,
2026-09-12T21:06:08-05:00,PUR_IED_AlfonsoLopez_Ext_281d77,PUR_IED_AlfonsoLopez_Ext_281d77,,,,,
2026-09-12T21:06:08-05:00,PUR_IED_AlfonsoLopez_LabF_888ce0,PUR_IED_AlfonsoLopez_LabF_888ce0,,,,,
2026-09-12T21:06:08-05:00,PUR_IED_AlfonsoLopez_SMed_df6a7f,PUR_IED_AlfonsoLopez_SMed_df6a7f,,,,,
2026-09-12T21:06:08-05:00,PUR_IED_AltamiraSO_A2_209f92,PUR_IED_AltamiraSO_A2_209f92,,,,,
2026-09-12T21:06:08-05:00,PUR_IED_AltamiraSO_Ext_186d66,PUR_IED_AltamiraSO_Ext_186d66,,,,,
2026-09-12T21:06:08-05:00,PUR_IED_AltamiraSO_Sistem_27afe1,PUR_IED_AltamiraSO_Sistem_27afe1,,,,,
2026-09-12T21:06:08-05:00,PUR_IED_AlvaroGom_LabQuim_813179,PUR_IED_AlvaroGom_LabQuim_813179,,,,,
2026-09-12T21:06:08-05:00,PUR_IED_AlvaroGomez_Ext_47c7ca,PUR_IED_AlvaroGomez_Ext_47c7ca,,,,,
2026-09-12T21:06:08-05:00,PUR_IED_AlvaroGomez_LabQuim_813179,PUR_IED_AlvaroGomez_LabQuim_813179,,,,,
2026-09-12T21:06:08-05:00,PUR_IED_AlvaroGomez_S23_7ba89f,PUR_IED_AlvaroGomez_S23_7ba89f,,,,,
2026-09-12T21:06:08-05:00,PUR_IED_Amistad_306_dc8728,PUR_IED_Amistad_306_dc8728,,,,,
2026-09-12T21:06:08-05:00,PUR_IED_Amistad_Ext_8cd55e,PUR_IED_Amistad_Ext_8cd55e,,,,,
2026-09-12T21:06:08-05:00,PUR_IED_Amistad_S202_a41169,PUR_IED_Amistad_S202_a41169,,,,,
2026-09-12T21:06:08-05:00,PUR_IED_AndresBello_Bio_fd5f5e,PUR_IED_AndresBello_Bio_fd5f5e,,,,,
2026-09-12T21:06:08-05:00,PUR_IED_AndresBello_ext_dcad65,PUR_IED_AndresBello_ext_dcad65,,,,,
2026-09-12T21:06:08-05:00,PUR_IED_AndresBello_port_eed3ec,PUR_IED_AndresBello_port_eed3ec,,,,,
2026-09-12T21:06:08-05:00,PUR_IED_AngelaR_11b_d90a6b,PUR_IED_AngelaR_11b_d90a6b,,,,,
2026-09-12T21:06:08-05:00,PUR_IED_AngelaR_ext_7cad3e,PUR_IED_AngelaR_ext_7cad3e,4,19,63,4.5825,-74.164497
2026-09-12T21:06:08-05:00,PUR_IED_AntJoseSucre_10mo_df2575,PUR_IED_AntJoseSucre_10mo_df2575,,,,,
2026-09-12T21:06:08-05:00,PUR_IED_AntJoseSucre_Ext_215b36,PUR_IED_AntJoseSucre_Ext_215b36,,,,,
2026-09-12T21:06:08-05:00,PUR_IED_AntJoseSucre_Lab_3139de,PUR_IED_AntJoseSucre_Lab_3139de,,,,,
2026-09-12T21:06:08-05:00,PUR_IED_AntonioGarcia_301_d6b188,PUR_IED_AntonioGarcia_301_d6b188,,,,,
2026-09-12T21:06:08-05:00,PUR_IED_AntonioGarcia_302_88a82,PUR_IED_AntonioGarcia_302_88a82,,,,,
2026-09-12T21:06:08-05:00,PUR_IED_AntonioGarcia_Ext_20950c,PUR_IED_AntonioGarcia_Ext_20950c,,,,,
2026-09-12T21:06:08-05:00,PUR_IED_AntonioVan_Aula2_6dea02,PUR_IED_AntonioVan_Aula2_6dea02,,,,,
2026-09-12T21:06:08-05:00,PUR_IED_AntonioVan_Aula5_f1557e,PUR_IED_AntonioVan_Aula5_f1557e,,,,,
2026-09-12T21:06:08-05:00,PUR_IED_AntonioVan_Ext_406f2f,PUR_IED_AntonioVan_Ext_406f2f,,,,,
2026-09-12T21:06:08-05:00,PUR_IED_Atabanzha_Ext_cc5af9,PUR_IED_Atabanzha_Ext_cc5af9,,,,,
2026-09-12T21:06:08-05:00,PUR_IED_Atabanzha_SA101_56c37,PUR_IED_Atabanzha_SA101_56c37,,,,,
2026-09-12T21:06:08-05:00,PUR_IED_Atabanzha_SB302_27b374,PUR_IED_Atabanzha_SB302_27b374,,,,,
2026-09-12T21:06:08-05:00,PUR_IED_Atahualpa_Ext_fc1748,PUR_IED_Atahualpa_Ext_fc1748,,,,,
2026-09-12T21:06:08-05:00,PUR_IED_Atahualpa_Informa_dc9a95,PUR_IED_Atahualpa_Informa_dc9a95,,,,,
2026-09-12T21:06:08-05:00,PUR_IED_Atahualpa_S1101_f98056,PUR_IED_Atahualpa_S1101_f98056,,,,,
2026-09-12T21:06:08-05:00,PUR_IED_Bellavista_Ext_f5aa74,PUR_IED_Bellavista_Ext_f5aa74,,,,,
2026-09-12T21:06:08-05:00,PUR_IED_Bilbao_11A_916c41,PUR_IED_Bilbao_11A_916c41,,,,,
2026-09-12T21:06:08-05:00,PUR_IED_Bilbao_Ext_fb579a,PUR_IED_Bilbao_Ext_fb579a,,,,,
2026-09-12T21:06:08-05:00,PUR_IED_BrasiliaU_A125_304280,PUR_IED_BrasiliaU_A125_304280,,,,,
2026-09-12T21:06:08-05:00,PUR_IED_BrasiliaU_A203_7c8ca5,PUR_IED_BrasiliaU_A203_7c8ca5,,,,,
2026-09-12T21:06:08-05:00,PUR_IED_BrasiliaU_Ext_8d6e9f,PUR_IED_BrasiliaU_Ext_8d6e9f,6,17,64,4.5175,-74.116302
2026-09-12T21:06:08-05:00,PUR_IED_Brasilia_Ext_fe6593,PUR_IED_Brasilia_Ext_fe6593,,,,,
2026-09-12T21:06:08-05:00,PUR_IED_Brasilia_S24_7c130d,PUR_IED_Brasilia_S24_7c130d,,,,,
2026-09-12T21:06:08-05:00,PUR_IED_Brasilia_S501_186a54,PUR_IED_Brasilia_S501_186a54,,,,,
2026-09-12T21:06:08-05:00,PUR_IED_CHARRY_EXT_f1d5cd,PUR_IED_CHARRY_EXT_f1d5cd,,,,,
2026-09-12T21:06:08-05:00,PUR_IED_CHARRY_INTDANZAS_7a08e6,PUR_IED_CHARRY_INTDANZAS_7a08e6,,,,,
2026-09-12T21:06:08-05:00,PUR_IED_CHARRY_INT_AULA20_dc998d,PUR_IED_CHARRY_INT_AULA20_dc998d,,,,,
2026-09-12T21:06:08-05:00,PUR_IED_COLVIV_1101_S25_7f520a,PUR_IED_COLVIV_1101_S25_7f520a,,,,,
2026-09-12T21:06:08-05:00,PUR_IED_COLVIV_1102_S16_f570ba,PUR_IED_COLVIV_1102_S16_f570ba,,,,,
2026-09-12T21:06:08-05:00,PUR_IED_COLVIV_Ext_1a26fa,PUR_IED_COLVIV_Ext_1a26fa,,,,,
2026-09-12T21:06:08-05:00,PUR_IED_CULPOP_301A_f660f3,PUR_IED_CULPOP_301A_f660f3,,,,,
2026-09-12T21:06:08-05:00,PUR_IED_CULPOP_303_568afe,PUR_IED_CULPOP_303_568afe,,,,,
2026-09-12T21:06:08-05:00,PUR_IED_CULPOP_Ext_e02ccb,PUR_IED_CULPOP_Ext_e02ccb,,,,,
2026-09-12T21:06:08-05:00,PUR_IED_CVillavicen_Ext_26eb58,PUR_IED_CVillavicen_Ext_26eb58,4,15,77,4.487,-74.102798
2026-09-12T21:06:08-05:00,PUR_IED_CVillavicen_Intel_1ce5c2,PUR_IED_CVillavicen_Intel_1ce5c2,,,,,
2026-09-12T21:06:08-05:00,PUR_IED_CVillavicen_Poliv_e0766c,PUR_IED_CVillavicen_Poliv_e0766c,,,,,
2026-09-12T21:06:08-05:00,PUR_IED_CVillavicen_int_1ba140,PUR_IED_CVillavicen_int_1ba140,,,,,
2026-09-12T21:06:08-05:00,PUR_IED_CVillavicen_intel_1ba140,PUR_IED_CVillavicen_intel_1ba140,,,,,
2026-09-12T21:06:08-05:00,PUR_IED_CarlosPizarro_Ext_e307cc,PUR_IED_CarlosPizarro_Ext_e307cc,,,,,
2026-09-12T21:06:08-05:00,PUR_IED_CarlosPizarro_L36_7e5cdb,PUR_IED_CarlosPizarro_L36_7e5cdb,,,,,
2026-09-12T21:06:08-05:00,PUR_IED_CarlosPizarro_L37_c8566c,PUR_IED_CarlosPizarro_L37_c8566c,,,,,
2026-09-12T21:06:08-05:00,PUR_IED_Castilla_Ext_cf35f,PUR_IED_Castilla_Ext_cf35f,,,,,
2026-09-12T21:06:08-05:00,PUR_IED_Castilla_SFisik_360e38,PUR_IED_Castilla_SFisik_360e38,,,,,
2026-09-12T21:06:08-05:00,PUR_IED_Castilla_Sc304_496fbf,PUR_IED_Castilla_Sc304_496fbf,,,,,
2026-09-12T21:06:08-05:00,PUR_IED_CervantesSa_Ext_6b57b,PUR_IED_CervantesSa_Ext_6b57b,5,18,67,4.5128,-74.117203
2026-09-12T21:06:08-05:00,PUR_IED_CervantesSa_S107_225c2b,PUR_IED_CervantesSa_S107_225c2b,,,,,
2026-09-12T21:06:08-05:00,PUR_IED_CervantesSa_S108_940925,PUR_IED_CervantesSa_S108_940925,,,,,
2026-09-12T21:06:08-05:00,PUR_IED_Charry_A20_f53e7c,PUR_IED_Charry_A20_f53e7c,,,,,
2026-09-12T21:06:08-05:00,PUR_IED_Charry_Ext_f1d5cd,PUR_IED_Charry_Ext_f1d5cd,,,,,
2026-09-12T21:06:08-05:00,PUR_IED_Charry_IntAula20_dc998d,PUR_IED_Charry_IntAula20_dc998d,,,,,
2026-09-12T21:06:08-05:00,PUR_IED_Charry_IntDanzas_7a08e6,PUR_IED_Charry_IntDanzas_7a08e6,,,,,
2026-09-12T21:06:08-05:00,PUR_IED_ClememciaC_203_43e2fc,PUR_IED_ClememciaC_203_43e2fc,,,,,
2026-09-12T21:06:08-05:00,PUR_IED_ClememciaC_Ext_1b411a,PUR_IED_ClememciaC_Ext_1b411a,,,,,
2026-09-12T21:06:08-05:00,PUR_IED_ClememciaC_Quimic_44b5fc,PUR_IED_ClememciaC_Quimic_44b5fc,,,,,
2026-09-12T21:06:08-05:00,PUR_IED_ClemenciaC_203_43e2fc,PUR_IED_ClemenciaC_203_43e2fc,,,,,
2026-09-12T21:06:08-05:00,PUR_IED_ClemenciaC_Ext_1b411a,PUR_IED_ClemenciaC_Ext_1b411a,,,,,
2026-09-12T21:06:08-05:00,PUR_IED_ClemenciaC_Quimic_44b5fc,PUR_IED_ClemenciaC_Quimic_44b5fc,,,,,
2026-09-12T21:06:08-05:00,PUR_IED_ColViva_1101_S25_7f520a,PUR_IED_ColViva_1101_S25_7f520a,,,,,
2026-09-12T21:06:08-05:00,PUR_IED_ColViva_1102_S16_f570ba,PUR_IED_ColViva_1102_S16_f570ba,,,,,
2026-09-12T21:06:08-05:00,PUR_IED_ColViva_Ext_1a26fa,PUR_IED_ColViva_Ext_1a26fa,,,,,
2026-09-12T21:06:08-05:00,PUR_IED_ColegioBici_Asist_7c8798,PUR_IED_ColegioBici_Asist_7c8798,,,,,
2026-09-12T21:06:08-05:00,PUR_IED_ColegioBici_Ext_25cbf6,PUR_IED_ColegioBici_Ext_25cbf6,,,,,
2026-09-12T21:06:08-05:00,PUR_IED_ColegioBici_LabQ_7b57db,PUR_IED_ColegioBici_LabQ_7b57db,,,,,
2026-09-12T21:06:08-05:00,PUR_IED_CostaRica_Ext_5e640,PUR_IED_CostaRica_Ext_5e640,,,,,
2026-09-12T21:06:08-05:00,PUR_IED_CostaRica_Quim1_766d1c,PUR_IED_CostaRica_Quim1_766d1c,,,,,
2026-09-12T21:06:08-05:00,PUR_IED_CostaRica__Fisica_6f0873,PUR_IED_CostaRica__Fisica_6f0873,,,,,
2026-09-12T21:06:08-05:00,PUR_IED_CulPopu_301A_f660f3,PUR_IED_CulPopu_301A_f660f3,,,,,
2026-09-12T21:06:08-05:00,PUR_IED_CulPopu_303_568afe,PUR_IED_CulPopu_303_568afe,,,,,
2026-09-12T21:06:08-05:00,PUR_IED_CulPopu_Ext_e02ccb,PUR_IED_CulPopu_Ext_e02ccb,,,,,
2026-09-12T21:06:08-05:00,PUR_IED_Cundinamarca_Ext_f15985,PUR_IED_Cundinamarca_Ext_f15985,,,,,
2026-09-12T21:06:08-05:00,PUR_IED_Cundinamarca_Info_7aa5d7,PUR_IED_Cundinamarca_Info_7aa5d7,,,,,
2026-09-12T21:06:08-05:00,PUR_IED_Cundinamarca_Tec2_f449c7,PUR_IED_Cundinamarca_Tec2_f449c7,,,,,
2026-09-12T21:06:08-05:00,PUR_IED_DiegoM_Aula1_27b314,PUR_IED_DiegoM_Aula1_27b314,,,,,
2026-09-12T21:06:08-05:00,PUR_IED_DiegoM_Ext_d80ac8,PUR_IED_DiegoM_Ext_d80ac8,,,,,
2026-09-12T21:06:08-05:00,PUR_IED_DiegoM_S25_da928f,PUR_IED_DiegoM_S25_da928f,,,,,
2026-09-12T21:06:08-05:00,PUR_IED_ELRODEO_360881,PUR_IED_ELRODEO_360881,,,,,
2026-09-12T21:06:08-05:00,PUR_IED_ELRODEO_ext_360881,PUR_IED_ELRODEO_ext_360881,,,,,
2026-09-12T21:06:08-05:00,PUR_IED_EduardoU_Ext_1c1969,PUR_IED_EduardoU_Ext_1c1969,,,,,
2026-09-12T21:06:08-05:00,PUR_IED_EduardoU_SCiencia_4dfb94,PUR_IED_EduardoU_SCiencia_4dfb94,,,,,
2026-09-12T21:06:08-05:00,PUR_IED_EduardoU_SQuimica_5a46e7,PUR_IED_EduardoU_SQuimica_5a46e7,,,,,
2026-09-12T21:06:08-05:00,PUR_IED_ElRodeo_Aula14_676984,PUR_IED_ElRodeo_Aula14_676984,,,,,
2026-09-12T21:06:08-05:00,PUR_IED_ElRodeo_Aula16_2dd35b,PUR_IED_ElRodeo_Aula16_2dd35b,,,,,
2026-09-12T21:06:08-05:00,PUR_IED_ElRodeo_Ext_360881,PUR_IED_ElRodeo_Ext_360881,,,,,
2026-09-12T21:06:08-05:00,PUR_IED_ElRodeo_Exterior_8c6d28,PUR_IED_ElRodeo_Exterior_8c6d28,,,,,
2026-09-12T21:06:08-05:00,PUR_IED_ElRodeo_ext_360881,PUR_IED_ElRodeo_ext_360881,,,,,
2026-09-12T21:06:08-05:00,PUR_IED_EmmaReyes_Ext_987625,PUR_IED_EmmaReyes_Ext_987625,6,21,52,4.6367,-74.1511
2026-09-12T21:06:08-05:00,PUR_IED_Ensueño_Ext_7f0250,PUR_IED_Ensueño_Ext_7f0250,,,,,
2026-09-12T21:06:08-05:00,PUR_IED_EscNormal_Ext_5fef3b,PUR_IED_EscNormal_Ext_5fef3b,7,19,59,4.5852,-74.096901
2026-09-12T21:06:08-05:00,PUR_IED_EscNormal_S309_5b263,PUR_IED_EscNormal_S309_5b263,,,,,
2026-09-12T21:06:08-05:00,PUR_IED_EscNormal_S310_27b3b8,PUR_IED_EscNormal_S310_27b3b8,,,,,
2026-09-12T21:06:08-05:00,PUR_IED_Evangelista_Conta_f6cd4f,PUR_IED_Evangelista_Conta_f6cd4f,,,,,
2026-09-12T21:06:08-05:00,PUR_IED_Evangelista_Cri_5e16a,PUR_IED_Evangelista_Cri_5e16a,,,,,
2026-09-12T21:06:08-05:00,PUR_IED_Evangelista_Exter_754066,PUR_IED_Evangelista_Exter_754066,,,,,
2026-09-12T21:06:08-05:00,PUR_IED_FMiranda_S209_5cc2a3,PUR_IED_FMiranda_S209_5cc2a3,,,,,
2026-09-12T21:06:08-05:00,PUR_IED_FMiranda_S303_19e344,PUR_IED_FMiranda_S303_19e344,,,,,
2026-09-12T21:06:08-05:00,PUR_IED_FMiranda_ext_f53e7c,PUR_IED_FMiranda_ext_f53e7c,,,,,
2026-09-12T21:06:08-05:00,PUR_IED_FabioLozano_Bibli_1cee05,PUR_IED_FabioLozano_Bibli_1cee05,,,,,
2026-09-12T21:06:08-05:00,PUR_IED_FabioLozano_Ext_6ea285,PUR_IED_FabioLozano_Ext_6ea285,,,,,
2026-09-12T21:06:08-05:00,PUR_IED_FabioLozano_SLudi_f09e1e,PUR_IED_FabioLozano_SLudi_f09e1e,,,,,
2026-09-12T21:06:08-05:00,PUR_IED_FaustinoS_Aula07_27a731,PUR_IED_FaustinoS_Aula07_27a731,,,,,
2026-09-12T21:06:08-05:00,PUR_IED_FaustinoS_Ext_7b936f,PUR_IED_FaustinoS_Ext_7b936f,,,,,
2026-09-12T21:06:08-05:00,PUR_IED_FaustinoS_Fisica_da2c60,PUR_IED_FaustinoS_Fisica_da2c60,,,,,
2026-09-12T21:06:08-05:00,PUR_IED_FeGarciaLo_Ext_dc68ee,PUR_IED_FeGarciaLo_Ext_dc68ee,,,,,
2026-09-12T21:06:08-05:00,PUR_IED_FeGarciaLo_SDanza_f70a59,PUR_IED_FeGarciaLo_SDanza_f70a59,,,,,
2026-09-12T21:06:08-05:00,PUR_IED_FeGarciaLo_SMusic_125cdd,PUR_IED_FeGarciaLo_SMusic_125cdd,,,,,
2026-09-12T21:06:08-05:00,PUR_IED_FederalAlema_Exte_50c345,PUR_IED_FederalAlema_Exte_50c345,,,,,
2026-09-12T21:06:08-05:00,PUR_IED_FederalAlema_S31_f18371,PUR_IED_FederalAlema_S31_f18371,,,,,
2026-09-12T21:06:08-05:00,PUR_IED_FederalAlema_S901_a62cd,PUR_IED_FederalAlema_S901_a62cd,,,,,
2026-09-12T21:06:08-05:00,PUR_IED_FilarmonicaS_A5_f35eb1,PUR_IED_FilarmonicaS_A5_f35eb1,,,,,
2026-09-12T21:06:08-05:00,PUR_IED_FilarmonicaS_Ext_8a3bde,PUR_IED_FilarmonicaS_Ext_8a3bde,,,,,
2026-09-12T21:06:08-05:00,PUR_IED_FilarmonicaS_Spol_406114,PUR_IED_FilarmonicaS_Spol_406114,,,,,
2026-09-12T21:06:08-05:00,PUR_IED_FlorentinoG_A13_d1fa59,PUR_IED_FlorentinoG_A13_d1fa59,,,,,
2026-09-12T21:06:08-05:00,PUR_IED_FlorentinoG_Ext_1ce6ce,PUR_IED_FlorentinoG_Ext_1ce6ce,,,,,
2026-09-12T21:06:08-05:00,PUR_IED_FlorentinoG_Idiom_a66aac,PUR_IED_FlorentinoG_Idiom_a66aac,,,,,
2026-09-12T21:06:08-05:00,PUR_IED_FranciscoMati_Ext_e3869d,PUR_IED_FranciscoMati_Ext_e3869d,,,,,
2026-09-12T21:06:08-05:00,PUR_IED_FranciscoMati_S13_f31c67,PUR_IED_FranciscoMati_S13_f31c67,,,,,
2026-09-12T21:06:08-05:00,PUR_IED_FranciscoMati_S14_97dead,PUR_IED_FranciscoMati_S14_97dead,,,,,
2026-09-12T21:06:08-05:00,PUR_IED_FranciscoPS_Ext_7bfa9a,PUR_IED_FranciscoPS_Ext_7bfa9a,3,20,60,4.5899,-74.110397
2026-09-12T21:06:08-05:00,PUR_IED_FranciscoPS_Infor_fb8f4c,PUR_IED_FranciscoPS_Infor_fb8f4c,,,,,
2026-09-12T21:06:08-05:00,PUR_IED_FranciscoPS_Quimi_94d39c,PUR_IED_FranciscoPS_Quimi_94d39c,,,,,
2026-09-12T21:06:08-05:00,PUR_IED_FranciscoP_LabQ_d7e148,PUR_IED_FranciscoP_LabQ_d7e148,,,,,
2026-09-12T21:06:08-05:00,PUR_IED_FranciscoP_S28_cf9b30,PUR_IED_FranciscoP_S28_cf9b30,,,,,
2026-09-12T21:06:08-05:00,PUR_IED_FranciscoP_ext_e2313,PUR_IED_FranciscoP_ext_e2313,,,,,
2026-09-12T21:06:08-05:00,PUR_IED_FriederichN_Ext_8ac92a,PUR_IED_FriederichN_Ext_8ac92a,,,,,
2026-09-12T21:06:08-05:00,PUR_IED_FriederichN_S301_dd7e5a,PUR_IED_FriederichN_S301_dd7e5a,,,,,
2026-09-12T21:06:08-05:00,PUR_IED_FriederichN_S308_761f4f,PUR_IED_FriederichN_S308_761f4f,,,,,
2026-09-12T21:06:08-05:00,PUR_IED_GSantander_Aula10_533dd7,PUR_IED_GSantander_Aula10_533dd7,,,,,
2026-09-12T21:06:08-05:00,PUR_IED_GSantander_Aula12_fd4e4f,PUR_IED_GSantander_Aula12_fd4e4f,,,,,
2026-09-12T21:06:08-05:00,PUR_IED_GSantander_Aula310_533dd7,PUR_IED_GSantander_Aula310_533dd7,,,,,
2026-09-12T21:06:08-05:00,PUR_IED_GSantander_Aula312_fd4e4f,PUR_IED_GSantander_Aula312_fd4e4f,,,,,
2026-09-12T21:06:08-05:00,PUR_IED_GSantander_Ext_5f66b0,PUR_IED_GSantander_Ext_5f66b0,,,,,
2026-09-12T21:06:08-05:00,PUR_IED_GYomasa_Ext_f6bea5,PUR_IED_GYomasa_Ext_f6bea5,,,,,
2026-09-12T21:06:08-05:00,PUR_IED_GYomasa_LBiol_2c41aa,PUR_IED_GYomasa_LBiol_2c41aa,,,,,
2026-09-12T21:06:08-05:00,PUR_IED_GYomasa_LQuim_33c80,PUR_IED_GYomasa_LQuim_33c80,,,,,
2026-09-12T21:06:08-05:00,PUR_IED_GabBetMejia_Cienc_5a99c,PUR_IED_GabBetMejia_Cienc_5a99c,,,,,
2026-09-12T21:06:08-05:00,PUR_IED_GabBetMejia_Ext_9153d0,PUR_IED_GabBetMejia_Ext_9153d0,,,,,
2026-09-12T21:06:08-05:00,PUR_IED_GabBetMejia_Lab_f55347,PUR_IED_GabBetMejia_Lab_f55347,,,,,
2026-09-12T21:06:08-05:00,PUR_IED_GabBetanMejia_Ext_9153d0,PUR_IED_GabBetanMejia_Ext_9153d0,,,,,
2026-09-12T21:06:08-05:00,PUR_IED_Gaitana_Aula13_7aac11,PUR_IED_Gaitana_Aula13_7aac11,,,,,
2026-09-12T21:06:08-05:00,PUR_IED_Gaitana_Ext_5fcf4,PUR_IED_Gaitana_Ext_5fcf4,,,,,
2026-09-12T21:06:08-05:00,PUR_IED_Gaitana_LabFisica_644448,PUR_IED_Gaitana_LabFisica_644448,,,,,
2026-09-12T21:06:08-05:00,PUR_IED_GenSantander_Dise_8ac858,PUR_IED_GenSantander_Dise_8ac858,,,,,
2026-09-12T21:06:08-05:00,PUR_IED_GenSantander_Ext_8d5dfe,PUR_IED_GenSantander_Ext_8d5dfe,,,,,
2026-09-12T21:06:08-05:00,PUR_IED_GenSantander_Info_6c25b,PUR_IED_GenSantander_Info_6c25b,,,,,
2026-09-12T21:06:08-05:00,PUR_IED_GustavoMo_Exterio_75e63d,PUR_IED_GustavoMo_Exterio_75e63d,,,,,
2026-09-12T21:06:08-05:00,PUR_IED_GustavoMo_LabFisi_224d37,PUR_IED_GustavoMo_LabFisi_224d37,,,,,
2026-09-12T21:06:08-05:00,PUR_IED_GustavoMo_S208_3e6918,PUR_IED_GustavoMo_S208_3e6918,,,,,
2026-09-12T21:06:08-05:00,PUR_IED_GustavoR_A02_8cd4a8,PUR_IED_GustavoR_A02_8cd4a8,,,,,
2026-09-12T21:06:08-05:00,PUR_IED_GustavoR_B11_5b0ed,PUR_IED_GustavoR_B11_5b0ed,,,,,
2026-09-12T21:06:08-05:00,PUR_IED_GustavoR_Ext_7a0c90,PUR_IED_GustavoR_Ext_7a0c90,,,,,
2026-09-12T21:06:08-05:00,PUR_IED_HernandoDuran_Ext_8cd82b,PUR_IED_HernandoDuran_Ext_8cd82b,,,,,
2026-09-12T21:06:08-05:00,PUR_IED_HernandoDuran_S24_2772c6,PUR_IED_HernandoDuran_S24_2772c6,,,,,
2026-09-12T21:06:08-05:00,PUR_IED_HernandoDuran_S30_f2de41,PUR_IED_HernandoDuran_S30_f2de41,,,,,
2026-09-12T21:06:08-05:00,PUR_IED_HolguInUr_S1101_8cd732,PUR_IED_HolguInUr_S1101_8cd732,,,,,
2026-09-12T21:06:08-05:00,PUR_IED_HolguinUr_Exter_ddae6d,PUR_IED_HolguinUr_Exter_ddae6d,,,,,
2026-09-12T21:06:08-05:00,PUR_IED_HolguinUr_LabQuim_92b952,PUR_IED_HolguinUr_LabQuim_92b952,,,,,
2026-09-12T21:06:08-05:00,PUR_IED_Isabel-II_Ext_5245cc,PUR_IED_Isabel-II_Ext_5245cc,6,20,57,4.6336,-74.153
2026-09-12T21:06:08-05:00,PUR_IED_Isabel-II_S_idiom_1c29aa,PUR_IED_Isabel-II_S_idiom_1c29aa,,,,,
2026-09-12T21:06:08-05:00,PUR_IED_Isabel-II_S_infor_fd741,PUR_IED_Isabel-II_S_infor_fd741,,,,,
2026-09-12T21:06:08-05:00,PUR_IED_IsidroSur_Exterio_5b90ea,PUR_IED_IsidroSur_Exterio_5b90ea,,,,,
2026-09-12T21:06:08-05:00,PUR_IED_IsidroSur_LabTec_56697a,PUR_IED_IsidroSur_LabTec_56697a,,,,,
2026-09-12T21:06:08-05:00,PUR_IED_IsidroSur_Robotic_b7c38f,PUR_IED_IsidroSur_Robotic_b7c38f,,,,,
2026-09-12T21:06:08-05:00,PUR_IED_IsmaelPerd_Ext_7b6672,PUR_IED_IsmaelPerd_Ext_7b6672,,,,,
2026-09-12T21:06:08-05:00,PUR_IED_IsmaelPerd_Inform_306540,PUR_IED_IsmaelPerd_Inform_306540,,,,,
2026-09-12T21:06:08-05:00,PUR_IED_IsmaelPerd_S30_2e2c83,PUR_IED_IsmaelPerd_S30_2e2c83,,,,,
2026-09-12T21:06:08-05:00,PUR_IED_JLozano_Exter_432910,PUR_IED_JLozano_Exter_432910,,,,,
2026-09-12T21:06:08-05:00,PUR_IED_JLozano_salaMulti_df5125,PUR_IED_JLozano_salaMulti_df5125,,,,,
2026-09-12T21:06:08-05:00,PUR_IED_JMCordoba_206_86f80b,PUR_IED_JMCordoba_206_86f80b,,,,,
2026-09-12T21:06:08-05:00,PUR_IED_JMCordoba_Ext_27ad97,PUR_IED_JMCordoba_Ext_27ad97,,,,,
2026-09-12T21:06:08-05:00,PUR_IED_JMCordoba_S310_d59ab4,PUR_IED_JMCordoba_S310_d59ab4,,,,,
2026-09-12T21:06:08-05:00,PUR_IED_Japon_Ext_549100,PUR_IED_Japon_Ext_549100,,,,,
2026-09-12T21:06:08-05:00,PUR_IED_Japon_Laboratorio_bec51d,PUR_IED_Japon_Laboratorio_bec51d,,,,,
2026-09-12T21:06:08-05:00,PUR_IED_Japon_informatica_d99327,PUR_IED_Japon_informatica_d99327,,,,,
2026-09-12T21:06:08-05:00,PUR_IED_Jazmin_Ext_d27bda,PUR_IED_Jazmin_Ext_d27bda,,,,,
2026-09-12T21:06:08-05:00,PUR_IED_Jazmin_Fisica_8d14d7,PUR_IED_Jazmin_Fisica_8d14d7,,,,,
2026-09-12T21:06:08-05:00,PUR_IED_Jazmin_Quimica_801cb5,PUR_IED_Jazmin_Quimica_801cb5,,,,,
2026-09-12T21:06:08-05:00,PUR_IED_JorgeGaitan_Exter_f098d1,PUR_IED_JorgeGaitan_Exter_f098d1,,,,,
2026-09-12T21:06:08-05:00,PUR_IED_JorgeGaitan_STec1_dc9d1d,PUR_IED_JorgeGaitan_STec1_dc9d1d,,,,,
2026-09-12T21:06:08-05:00,PUR_IED_JorgeGaitan_STec2_281e69,PUR_IED_JorgeGaitan_STec2_281e69,,,,,
2026-09-12T21:06:08-05:00,PUR_IED_JorgeSoto_Exterio_d9d0a2,PUR_IED_JorgeSoto_Exterio_d9d0a2,,,,,
2026-09-12T21:06:08-05:00,PUR_IED_JorgeSoto_LabFisi_209c54,PUR_IED_JorgeSoto_LabFisi_209c54,,,,,
2026-09-12T21:06:08-05:00,PUR_IED_JorgeSoto_S103_27b51a,PUR_IED_JorgeSoto_S103_27b51a,,,,,
2026-09-12T21:06:08-05:00,PUR_IED_JoseAcevedo_A02_e965eb,PUR_IED_JoseAcevedo_A02_e965eb,,,,,
2026-09-12T21:06:08-05:00,PUR_IED_JoseAcevedo_A07_dd5b4,PUR_IED_JoseAcevedo_A07_dd5b4,,,,,
2026-09-12T21:06:08-05:00,PUR_IED_JoseAcevedo_Ext_b47484,PUR_IED_JoseAcevedo_Ext_b47484,,,,,
2026-09-12T21:06:08-05:00,PUR_IED_JoseMarti_Exte_5b9bf,PUR_IED_JoseMarti_Exte_5b9bf,,,,,
2026-09-12T21:06:08-05:00,PUR_IED_JoseMarti_LabQuim_1c6c2d,PUR_IED_JoseMarti_LabQuim_1c6c2d,,,,,
2026-09-12T21:06:08-05:00,PUR_IED_JoseMarti_S_info_f5f177,PUR_IED_JoseMarti_S_info_f5f177,,,,,
2026-09-12T21:06:08-05:00,PUR_IED_Josejoaquin_Ext_dfc5dc,PUR_IED_Josejoaquin_Ext_dfc5dc,,,,,
2026-09-12T21:06:08-05:00,PUR_IED_Josejoaquin_S05_5b2a96,PUR_IED_Josejoaquin_S05_5b2a96,,,,,
2026-09-12T21:06:08-05:00,PUR_IED_Josejoaquin_S06_1ce7d2,PUR_IED_Josejoaquin_S06_1ce7d2,,,,,
2026-09-12T21:06:08-05:00,PUR_IED_JulioFlorez_Danza_9b82dd,PUR_IED_JulioFlorez_Danza_9b82dd,,,,,
2026-09-12T21:06:08-05:00,PUR_IED_JulioFlorez_Exter_f9f314,PUR_IED_JulioFlorez_Exter_f9f314,,,,,
2026-09-12T21:06:08-05:00,PUR_IED_JulioFlorez_info2_6b6e08,PUR_IED_JulioFlorez_info2_6b6e08,,,,,
2026-09-12T21:06:08-05:00,PUR_IED_LaBelleza_Aula13_1d00d8,PUR_IED_LaBelleza_Aula13_1d00d8,,,,,
2026-09-12T21:06:08-05:00,PUR_IED_LaBelleza_Ext_7bc08c,PUR_IED_LaBelleza_Ext_7bc08c,,,,,
2026-09-12T21:06:08-05:00,PUR_IED_LaChucua_Ext_8cd6d2,PUR_IED_LaChucua_Ext_8cd6d2,,,,,
2026-09-12T21:06:08-05:00,PUR_IED_LaChucua_S15_f578ce,PUR_IED_LaChucua_S15_f578ce,,,,,
2026-09-12T21:06:08-05:00,PUR_IED_LaChucua_S16_eebcf9,PUR_IED_LaChucua_S16_eebcf9,,,,,
2026-09-12T21:06:08-05:00,PUR_IED_LaFelicidad_Ext_fb5109,PUR_IED_LaFelicidad_Ext_fb5109,,,,,
2026-09-12T21:06:08-05:00,PUR_IED_LaMerced_206_66ebd,PUR_IED_LaMerced_206_66ebd,,,,,
2026-09-12T21:06:08-05:00,PUR_IED_LaMerced_207_6ebd6,PUR_IED_LaMerced_207_6ebd6,,,,,
2026-09-12T21:06:08-05:00,PUR_IED_LaMerced_ext_304311,PUR_IED_LaMerced_ext_304311,,,,,
2026-09-12T21:06:08-05:00,PUR_IED_Laureano_CiencNat_281e5e,PUR_IED_Laureano_CiencNat_281e5e,,,,,
2026-09-12T21:06:08-05:00,PUR_IED_Laureano_Comedor_f65c0a,PUR_IED_Laureano_Comedor_f65c0a,,,,,
2026-09-12T21:06:08-05:00,PUR_IED_Laureano_Exterior_7ab011,PUR_IED_Laureano_Exterior_7ab011,,,,,
2026-09-12T21:06:08-05:00,PUR_IED_LeonGreiff_Exte_dfe560,PUR_IED_LeonGreiff_Exte_dfe560,,,,,
2026-09-12T21:06:08-05:00,PUR_IED_LeonGreiff_S210_f264ed,PUR_IED_LeonGreiff_S210_f264ed,,,,,
2026-09-12T21:06:08-05:00,PUR_IED_LeonGreiff_SQuimi_e8296f,PUR_IED_LeonGreiff_SQuimi_e8296f,,,,,
2026-09-12T21:06:08-05:00,PUR_IED_LlanoOrientalS208_7b9fcd,PUR_IED_LlanoOrientalS208_7b9fcd,,,,,
2026-09-12T21:06:08-05:00,PUR_IED_LlanoOriental_Ext_fb3766,PUR_IED_LlanoOriental_Ext_fb3766,,,,,
2026-09-12T21:06:08-05:00,PUR_IED_LlanoOriental_S208_7b9fcd,PUR_IED_LlanoOriental_S208_7b9fcd,,,,,
2026-09-12T21:06:08-05:00,PUR_IED_LlanoOriental_S9_27b378,PUR_IED_LlanoOriental_S9_27b378,,,,,
2026-09-12T21:06:08-05:00,PUR_IED_LosTejares_1101_477602,PUR_IED_LosTejares_1101_477602,,,,,
2026-09-12T21:06:08-05:00,PUR_IED_LosTejares_11_d2c595,PUR_IED_LosTejares_11_d2c595,,,,,
2026-09-12T21:06:08-05:00,PUR_IED_LosTejares_12_477602,PUR_IED_LosTejares_12_477602,,,,,
2026-09-12T21:06:08-05:00,PUR_IED_LosTejares_Ext_8e2115,PUR_IED_LosTejares_Ext_8e2115,,,,,
2026-09-12T21:06:08-05:00,PUR_IED_MagdalenaO_B202_5ddda3,PUR_IED_MagdalenaO_B202_5ddda3,,,,,
2026-09-12T21:06:08-05:00,PUR_IED_MagdalenaO_B205_fb76e8,PUR_IED_MagdalenaO_B205_fb76e8,,,,,
2026-09-12T21:06:08-05:00,PUR_IED_MagdalenaO_ext_dc69cd,PUR_IED_MagdalenaO_ext_dc69cd,,,,,
2026-09-12T21:06:08-05:00,PUR_IED_ManueCepeda_artes_eee956,PUR_IED_ManueCepeda_artes_eee956,,,,,
2026-09-12T21:06:08-05:00,PUR_IED_ManuelCepeda_Ext_58313,PUR_IED_ManuelCepeda_Ext_58313,,,,,
2026-09-12T21:06:08-05:00,PUR_IED_ManuelCepeda_tec_1c5731,PUR_IED_ManuelCepeda_tec_1c5731,,,,,
2026-09-12T21:06:08-05:00,PUR_IED_ManuelS_Exterior_5b269,PUR_IED_ManuelS_Exterior_5b269,,,,,
2026-09-12T21:06:08-05:00,PUR_IED_ManuelS_Inform_f369ce,PUR_IED_ManuelS_Inform_f369ce,,,,,
2026-09-12T21:06:08-05:00,PUR_IED_ManuelS_SArtes_7d15f1,PUR_IED_ManuelS_SArtes_7d15f1,,,,,
2026-09-12T21:06:08-05:00,PUR_IED_ManuelZapata_303_3ca6,PUR_IED_ManuelZapata_303_3ca6,,,,,
2026-09-12T21:06:08-05:00,PUR_IED_ManuelZapata_311_bfbabc,PUR_IED_ManuelZapata_311_bfbabc,,,,,
2026-09-12T21:06:08-05:00,PUR_IED_ManuelZapata_Ext_50824a,PUR_IED_ManuelZapata_Ext_50824a,,,,,
2026-09-12T21:06:08-05:00,PUR_IED_ManuelitaS_Exteri_656a92,PUR_IED_ManuelitaS_Exteri_656a92,,,,,
2026-09-12T21:06:08-05:00,PUR_IED_ManuelitaS_JuzgDe_f58ec3,PUR_IED_ManuelitaS_JuzgDe_f58ec3,,,,,
2026-09-12T21:06:08-05:00,PUR_IED_ManuelitaS_Recrea_d793db,PUR_IED_ManuelitaS_Recrea_d793db,,,,,
2026-09-12T21:06:08-05:00,PUR_IED_MarFidSuarez_Ext_c27b19,PUR_IED_MarFidSuarez_Ext_c27b19,,,,,
2026-09-12T21:06:08-05:00,PUR_IED_MarFidSuarez_Info_e384d7,PUR_IED_MarFidSuarez_Info_e384d7,,,,,
2026-09-12T21:06:08-05:00,PUR_IED_MarFidSuarez_S306_1d0032,PUR_IED_MarFidSuarez_S306_1d0032,,,,,
2026-09-12T21:06:08-05:00,PUR_IED_Menorah_301_2a25a3,PUR_IED_Menorah_301_2a25a3,,,,,
2026-09-12T21:06:08-05:00,PUR_IED_Menorah_306_37ed3,PUR_IED_Menorah_306_37ed3,,,,,
2026-09-12T21:06:08-05:00,PUR_IED_Menorah_Ext_3e155b,PUR_IED_Menorah_Ext_3e155b,,,,,
2026-09-12T21:06:08-05:00,PUR_IED_MinutoB.Aires_A11_1b1604,PUR_IED_MinutoB.Aires_A11_1b1604,,,,,
2026-09-12T21:06:08-05:00,PUR_IED_MinutoB.Aires_A12_fb5860,PUR_IED_MinutoB.Aires_A12_fb5860,,,,,
2026-09-12T21:06:08-05:00,PUR_IED_MinutoB.Aires_Ext_81293f,PUR_IED_MinutoB.Aires_Ext_81293f,,,,,
2026-09-12T21:06:08-05:00,PUR_IED_MinutoBAires_A11_1b1604,PUR_IED_MinutoBAires_A11_1b1604,,,,,
2026-09-12T21:06:08-05:00,PUR_IED_MinutoBAires_A12_fb5860,PUR_IED_MinutoBAires_A12_fb5860,,,,,
2026-09-12T21:06:08-05:00,PUR_IED_MinutoBAires_Ext_81293f,PUR_IED_MinutoBAires_Ext_81293f,,,,,
2026-09-12T21:06:08-05:00,PUR_IED_Montreal_Aula10_1e4959,PUR_IED_Montreal_Aula10_1e4959,,,,,
2026-09-12T21:06:08-05:00,PUR_IED_Montreal_Aula6_300367,PUR_IED_Montreal_Aula6_300367,,,,,
2026-09-12T21:06:08-05:00,PUR_IED_Montreal_Exterior_91a179,PUR_IED_Montreal_Exterior_91a179,,,,,
2026-09-12T21:06:08-05:00,PUR_IED_Mqgdalena_B202_5ddda3,PUR_IED_Mqgdalena_B202_5ddda3,,,,,
2026-09-12T21:06:08-05:00,PUR_IED_NACUND_Soc_dc8728,PUR_IED_NACUND_Soc_dc8728,,,,,
2026-09-12T21:06:08-05:00,PUR_IED_NACUND_ext_27ad97,PUR_IED_NACUND_ext_27ad97,,,,,
2026-09-12T21:06:08-05:00,PUR_IED_NEsperanza_Ext_d24b61,PUR_IED_NEsperanza_Ext_d24b61,,,,,
2026-09-12T21:06:08-05:00,PUR_IED_NEsperanza_SElect_7d1807,PUR_IED_NEsperanza_SElect_7d1807,,,,,
2026-09-12T21:06:08-05:00,PUR_IED_NEsperanza_SLabor_8b2d0a,PUR_IED_NEsperanza_SLabor_8b2d0a,,,,,
2026-09-12T21:06:08-05:00,PUR_IED_NacionesU_Ext_f661a9,PUR_IED_NacionesU_Ext_f661a9,,,,,
2026-09-12T21:06:08-05:00,PUR_IED_NacionesU_Quimica_66f0a,PUR_IED_NacionesU_Quimica_66f0a,,,,,
2026-09-12T21:06:08-05:00,PUR_IED_NacionesU_S306_1b4b3d,PUR_IED_NacionesU_S306_1b4b3d,,,,,
2026-09-12T21:06:08-05:00,PUR_IED_NestorFA_Ext_e4201c,PUR_IED_NestorFA_Ext_e4201c,,,,,
2026-09-12T21:06:08-05:00,PUR_IED_NestorFA_Laborato_f22fe0,PUR_IED_NestorFA_Laborato_f22fe0,,,,,
2026-09-12T21:06:08-05:00,PUR_IED_NestorFA_S204_dee996,PUR_IED_NestorFA_S204_dee996,,,,,
2026-09-12T21:06:08-05:00,PUR_IED_NidyaQT_Aula03_76999b,PUR_IED_NidyaQT_Aula03_76999b,,,,,
2026-09-12T21:06:08-05:00,PUR_IED_NidyaQT_Aula10_56325,PUR_IED_NidyaQT_Aula10_56325,,,,,
2026-09-12T21:06:08-05:00,PUR_IED_NidyaQT_Ext_46e32d,PUR_IED_NidyaQT_Ext_46e32d,,,,,
2026-09-12T21:06:08-05:00,PUR_IED_NuevaCol_Exterior_d9b859,PUR_IED_NuevaCol_Exterior_d9b859,,,,,
2026-09-12T21:06:08-05:00,PUR_IED_NuevaCol_S1101_76c43b,PUR_IED_NuevaCol_S1101_76c43b,,,,,
2026-09-12T21:06:08-05:00,PUR_IED_NuevaCol_S1102_1ce0b5,PUR_IED_NuevaCol_S1102_1ce0b5,,,,,
2026-09-12T21:06:08-05:00,PUR_IED_OEA_A202_f7e3f2,PUR_IED_OEA_A202_f7e3f2,,,,,
2026-09-12T21:06:08-05:00,PUR_IED_OEA_A203_7d1b8d,PUR_IED_OEA_A203_7d1b8d,,,,,
2026-09-12T21:06:08-05:00,PUR_IED_OEA_Ext_27b593,PUR_IED_OEA_Ext_27b593,,,,,
2026-09-12T21:06:08-05:00,PUR_IED_Ochoa_Ext_1c29da,PUR_IED_Ochoa_Ext_1c29da,,,,,
2026-09-12T21:06:08-05:00,PUR_IED_Ochoa_S205_8b1121,PUR_IED_Ochoa_S205_8b1121,,,,,
2026-09-12T21:06:08-05:00,PUR_IED_Ochoa_Sistemas_f33af6,PUR_IED_Ochoa_Sistemas_f33af6,,,,,
2026-09-12T21:06:08-05:00,PUR_IED_PQuebec_Ext_1c67c7,PUR_IED_PQuebec_Ext_1c67c7,,,,,
2026-09-12T21:06:08-05:00,PUR_IED_PQuebec_S15_23e8e2,PUR_IED_PQuebec_S15_23e8e2,,,,,
2026-09-12T21:06:08-05:00,PUR_IED_PQuebec_S16_8ec76b,PUR_IED_PQuebec_S16_8ec76b,,,,,
2026-09-12T21:06:08-05:00,PUR_IED_PabloN_Ext_49dc96,PUR_IED_PabloN_Ext_49dc96,,,,,
2026-09-12T21:06:08-05:00,PUR_IED_PabloN_S1102_4e3df5,PUR_IED_PabloN_S1102_4e3df5,,,,,
2026-09-12T21:06:08-05:00,PUR_IED_PabloN_S1103_50c94b,PUR_IED_PabloN_S1103_50c94b,,,,,
2026-09-12T21:06:08-05:00,PUR_IED_Palestina_S1101_db9198,PUR_IED_Palestina_S1101_db9198,,,,,
2026-09-12T21:06:08-05:00,PUR_IED_Palestina_S1102_dc54fa,PUR_IED_Palestina_S1102_dc54fa,,,,,
2026-09-12T21:06:08-05:00,PUR_IED_Palestina_ext_4ccce6,PUR_IED_Palestina_ext_4ccce6,,,,,
2026-09-12T21:06:08-05:00,PUR_IED_Panama_Fisica_4d0794,PUR_IED_Panama_Fisica_4d0794,,,,,
2026-09-12T21:06:08-05:00,PUR_IED_Panama_SIngles_a4077e,PUR_IED_Panama_SIngles_a4077e,,,,,
2026-09-12T21:06:08-05:00,PUR_IED_Panama_ext_4c54b4,PUR_IED_Panama_ext_4c54b4,,,,,
2026-09-12T21:06:08-05:00,PUR_IED_ParaisoM_Exterior_8cd7f0,PUR_IED_ParaisoM_Exterior_8cd7f0,,,,,
2026-09-12T21:06:08-05:00,PUR_IED_ParaisoM_Laborato_27af35,PUR_IED_ParaisoM_Laborato_27af35,,,,,
2026-09-12T21:06:08-05:00,PUR_IED_ParaisoM_S304_d1edca,PUR_IED_ParaisoM_S304_d1edca,,,,,
2026-09-12T21:06:08-05:00,PUR_IED_PorfirioBarba_Ext_301466,PUR_IED_PorfirioBarba_Ext_301466,,,,,
2026-09-12T21:06:08-05:00,PUR_IED_PorfirioBarba_S11_df6cd2,PUR_IED_PorfirioBarba_S11_df6cd2,,,,,
2026-09-12T21:06:08-05:00,PUR_IED_PorfirioBarba_S29_27a7d6,PUR_IED_PorfirioBarba_S29_27a7d6,,,,,
2026-09-12T21:06:08-05:00,PUR_IED_PradoV_Exter_8b27ad,PUR_IED_PradoV_Exter_8b27ad,,,,,
2026-09-12T21:06:08-05:00,PUR_IED_PradoV_S301_de65b5,PUR_IED_PradoV_S301_de65b5,,,,,
2026-09-12T21:06:08-05:00,PUR_IED_PradoV_S302_7d2593,PUR_IED_PradoV_S302_7d2593,,,,,
2026-09-12T21:06:08-05:00,PUR_IED_QuirogaAlz_Ext_1ddc82,PUR_IED_QuirogaAlz_Ext_1ddc82,,,,,
2026-09-12T21:06:08-05:00,PUR_IED_QuirogaAlz_S302_9926a3,PUR_IED_QuirogaAlz_S302_9926a3,,,,,
2026-09-12T21:06:08-05:00,PUR_IED_QuirogaAlz_S305_cdf1f1,PUR_IED_QuirogaAlz_S305_cdf1f1,,,,,
2026-09-12T21:06:08-05:00,PUR_IED_RGuatemala_Biling_dc53b7,PUR_IED_RGuatemala_Biling_dc53b7,,,,,
2026-09-12T21:06:08-05:00,PUR_IED_RGuatemala_Ext_1b89a3,PUR_IED_RGuatemala_Ext_1b89a3,,,,,
2026-09-12T21:06:08-05:00,PUR_IED_RGuatemala_Tecnol_281a34,PUR_IED_RGuatemala_Tecnol_281a34,,,,,
2026-09-12T21:06:08-05:00,PUR_IED_RafaNu_Ext_f7c302,PUR_IED_RafaNu_Ext_f7c302,,,,,
2026-09-12T21:06:08-05:00,PUR_IED_RafaNu_S1101_25fde,PUR_IED_RafaNu_S1101_25fde,,,,,
2026-09-12T21:06:08-05:00,PUR_IED_RafaNu_S1102_281517,PUR_IED_RafaNu_S1102_281517,,,,,
2026-09-12T21:06:08-05:00,PUR_IED_RafaelB_S305_ee2783,PUR_IED_RafaelB_S305_ee2783,,,,,
2026-09-12T21:06:08-05:00,PUR_IED_RafaelB_S306_75fe33,PUR_IED_RafaelB_S306_75fe33,,,,,
2026-09-12T21:06:08-05:00,PUR_IED_RafaelB_ext_283336,PUR_IED_RafaelB_ext_283336,,,,,
2026-09-12T21:06:08-05:00,PUR_IED_RafaelUU_Exterior_281a51,PUR_IED_RafaelUU_Exterior_281a51,,,,,
2026-09-12T21:06:08-05:00,PUR_IED_RafaelUU_Human_806b2,PUR_IED_RafaelUU_Human_806b2,,,,,
2026-09-12T21:06:08-05:00,PUR_IED_RafaelUU_Mate2_5680d4,PUR_IED_RafaelUU_Mate2_5680d4,,,,,
2026-09-12T21:06:08-05:00,PUR_IED_RamonSub_Ext_f9eeb9,PUR_IED_RamonSub_Ext_f9eeb9,,,,,
2026-09-12T21:06:08-05:00,PUR_IED_RamonSub_Media_d1f62f,PUR_IED_RamonSub_Media_d1f62f,,,,,
2026-09-12T21:06:08-05:00,PUR_IED_RamonSub_planta_51b82,PUR_IED_RamonSub_planta_51b82,,,,,
2026-09-12T21:06:08-05:00,PUR_IED_RepBoliVene_Exter_27af7c,PUR_IED_RepBoliVene_Exter_27af7c,,,,,
2026-09-12T21:06:08-05:00,PUR_IED_RepBoliVene_SCPT_5ae2ee,PUR_IED_RepBoliVene_SCPT_5ae2ee,,,,,
2026-09-12T21:06:08-05:00,PUR_IED_RepBoliVene_Socia_4b11d5,PUR_IED_RepBoliVene_Socia_4b11d5,,,,,
2026-09-12T21:06:08-05:00,PUR_IED_RepChina_Ext_76d9ee,PUR_IED_RepChina_Ext_76d9ee,,,,,
2026-09-12T21:06:08-05:00,PUR_IED_RepChina_S404_7c804c,PUR_IED_RepChina_S404_7c804c,,,,,
2026-09-12T21:06:08-05:00,PUR_IED_RepChina_S405_df2c33,PUR_IED_RepChina_S405_df2c33,,,,,
2026-09-12T21:06:08-05:00,PUR_IED_RepublicaC_Exteri_7d1ec9,PUR_IED_RepublicaC_Exteri_7d1ec9,,,,,
2026-09-12T21:06:08-05:00,PUR_IED_RepublicaC_S1101_f544b3,PUR_IED_RepublicaC_S1101_f544b3,,,,,
2026-09-12T21:06:08-05:00,PUR_IED_RepublicaC_S1102_7aafc7,PUR_IED_RepublicaC_S1102_7aafc7,,,,,
2026-09-12T21:06:08-05:00,PUR_IED_Ricaurte_Externo_a0ea1,PUR_IED_Ricaurte_Externo_a0ea1,,,,,
2026-09-12T21:06:08-05:00,PUR_IED_Ricaurte_S210_f546fd,PUR_IED_Ricaurte_S210_f546fd,,,,,
2026-09-12T21:06:08-05:00,PUR_IED_Ricaurte_S309_d4452,PUR_IED_Ricaurte_S309_d4452,,,,,
2026-09-12T21:06:08-05:00,PUR_IED_RogelioS_1102_531e69,PUR_IED_RogelioS_1102_531e69,,,,,
2026-09-12T21:06:08-05:00,PUR_IED_RogelioS_Ext_f25a18,PUR_IED_RogelioS_Ext_f25a18,,,,,
2026-09-12T21:06:08-05:00,PUR_IED_SBernardino_Ext_27aff8,PUR_IED_SBernardino_Ext_27aff8,,,,,
2026-09-12T21:06:08-05:00,PUR_IED_SBernardino_SArte_2ffd33,PUR_IED_SBernardino_SArte_2ffd33,,,,,
2026-09-12T21:06:08-05:00,PUR_IED_SBernardino_SIngl_7c7da5,PUR_IED_SBernardino_SIngl_7c7da5,,,,,
2026-09-12T21:06:08-05:00,PUR_IED_Sago_auditorio_dc9d1d,PUR_IED_Sago_auditorio_dc9d1d,,,,,
2026-09-12T21:06:08-05:00,PUR_IED_Saludcoop_Ext_95aac3,PUR_IED_Saludcoop_Ext_95aac3,,,,,
2026-09-12T21:06:08-05:00,PUR_IED_Saludcoop_InfI_90c854,PUR_IED_Saludcoop_InfI_90c854,,,,,
2026-09-12T21:06:08-05:00,PUR_IED_Saludcoop_SMedia_1b93be,PUR_IED_Saludcoop_SMedia_1b93be,,,,,
2026-09-12T21:06:08-05:00,PUR_IED_SanCarlos_1101_1a2360,PUR_IED_SanCarlos_1101_1a2360,,,,,
2026-09-12T21:06:08-05:00,PUR_IED_SanCarlos_1103_7bafb5,PUR_IED_SanCarlos_1103_7bafb5,,,,,
2026-09-12T21:06:08-05:00,PUR_IED_SanCarlos_Ext_b7cd1,PUR_IED_SanCarlos_Ext_b7cd1,,,,,
2026-09-12T21:06:08-05:00,PUR_IED_SanIgnacioBosa11a_50c26e,PUR_IED_SanIgnacioBosa11a_50c26e,,,,,
2026-09-12T21:06:08-05:00,PUR_IED_SanIgnacioBosa11b_371de8,PUR_IED_SanIgnacioBosa11b_371de8,,,,,
2026-09-12T21:06:08-05:00,PUR_IED_SanIgnacioBosaExt_ef0ffc,PUR_IED_SanIgnacioBosaExt_ef0ffc,,,,,
2026-09-12T21:06:08-05:00,PUR_IED_SanIgnacioBosa_11a_50c26e,PUR_IED_SanIgnacioBosa_11a_50c26e,,,,,
2026-09-12T21:06:08-05:00,PUR_IED_SanIgnacioBosa_Ext_ef0ffc,PUR_IED_SanIgnacioBosa_Ext_ef0ffc,,,,,
2026-09-12T21:06:08-05:00,PUR_IED_SanJoseN_intS1101_31c47f,PUR_IED_SanJoseN_intS1101_31c47f,,,,,
2026-09-12T21:06:08-05:00,PUR_IED_SanJoseUsm_Exter_f5d7e8,PUR_IED_SanJoseUsm_Exter_f5d7e8,,,,,
2026-09-12T21:06:08-05:00,PUR_IED_SanJoseUsm_Int11A_cfdef6,PUR_IED_SanJoseUsm_Int11A_cfdef6,,,,,
2026-09-12T21:06:08-05:00,PUR_IED_SilveriaR_IntB5_905349,PUR_IED_SilveriaR_IntB5_905349,,,,,
2026-09-12T21:06:08-05:00,PUR_IED_SilveriaR_IntSD14_981f93,PUR_IED_SilveriaR_IntSD14_981f93,,,,,
2026-09-12T21:06:08-05:00,PUR_IED_SilveriaR_ext_2b651d,PUR_IED_SilveriaR_ext_2b651d,,,,,
2026-09-12T21:06:08-05:00,PUR_IED_SimonB_Exterior_913975,PUR_IED_SimonB_Exterior_913975,,,,,
2026-09-12T21:06:08-05:00,PUR_IED_SimonB_LabQuimi_c56908,PUR_IED_SimonB_LabQuimi_c56908,,,,,
2026-09-12T21:06:08-05:00,PUR_IED_SimonB_informatic_a28c1,PUR_IED_SimonB_informatic_a28c1,,,,,
2026-09-12T21:06:08-05:00,PUR_IED_Sorrento_1102_315f50,PUR_IED_Sorrento_1102_315f50,,,,,
2026-09-12T21:06:08-05:00,PUR_IED_Sorrento_Minte_214eab,PUR_IED_Sorrento_Minte_214eab,,,,,
2026-09-12T21:06:08-05:00,PUR_IED_Sorrento_ext_7c3a0a,PUR_IED_Sorrento_ext_7c3a0a,,,,,
2026-09-12T21:06:08-05:00,PUR_IED_Tabora_Ext_f048ae,PUR_IED_Tabora_Ext_f048ae,,,,,
2026-09-12T21:06:08-05:00,PUR_IED_Tabora_S1102_b07752,PUR_IED_Tabora_S1102_b07752,,,,,
2026-09-12T21:06:08-05:00,PUR_IED_Tabora_S1103_d988f5,PUR_IED_Tabora_S1103_d988f5,,,,,
2026-09-12T21:06:08-05:00,PUR_IED_Tenerife_Ext_1ab188,PUR_IED_Tenerife_Ext_1ab188,,,,,
2026-09-12T21:06:08-05:00,PUR_IED_Tenerife_SDanzas_7bc02e,PUR_IED_Tenerife_SDanzas_7bc02e,,,,,
2026-09-12T21:06:08-05:00,PUR_IED_Tenerife_SIngles_7cc277,PUR_IED_Tenerife_SIngles_7cc277,,,,,
2026-09-12T21:06:08-05:00,PUR_IED_Tibabuyes_Exter_f2683d,PUR_IED_Tibabuyes_Exter_f2683d,,,,,
2026-09-12T21:06:08-05:00,PUR_IED_Tibabuyes_S10_dc87a8,PUR_IED_Tibabuyes_S10_dc87a8,,,,,
2026-09-12T21:06:08-05:00,PUR_IED_Tibabuyes_S15_dc0526,PUR_IED_Tibabuyes_S15_dc0526,,,,,
2026-09-12T21:06:08-05:00,PUR_IED_UnionE_S301_a1043,PUR_IED_UnionE_S301_a1043,,,,,
2026-09-12T21:06:08-05:00,PUR_IED_UnionE_S307_ff6c2f,PUR_IED_UnionE_S307_ff6c2f,,,,,
2026-09-12T21:06:08-05:00,PUR_IED_UnionE__Ext_5e2468,PUR_IED_UnionE__Ext_5e2468,,,,,
2026-09-12T21:06:08-05:00,PUR_IED_VillaRica_Ext_75be7c,PUR_IED_VillaRica_Ext_75be7c,,,,,
2026-09-12T21:06:08-05:00,PUR_IED_VillaRica_S4_cc5dcd,PUR_IED_VillaRica_S4_cc5dcd,,,,,
2026-09-12T21:06:08-05:00,PUR_IED_VillaRica_Sesp_99f5c,PUR_IED_VillaRica_Sesp_99f5c,,,,,
2026-09-12T21:11:07-05:00,PUR_IED_20deJulio_1101_91b1b9,PUR_IED_20deJulio_1101_91b1b9,,,,,
2026-09-12T21:11:07-05:00,PUR_IED_20deJulio_1102_1cfcf9,PUR_IED_20deJulio_1102_1cfcf9,,,,,
2026-09-12T21:11:07-05:00,PUR_IED_20deJulio_Ext_ab60bd,PUR_IED_20deJulio_Ext_ab60bd,,,,,
2026-09-12T21:11:07-05:00,PUR_IED_AgustinFer_Ext_7b9b77,PUR_IED_AgustinFer_Ext_7b9b77,,,,,
2026-09-12T21:11:07-05:00,PUR_IED_AgustinFer_Info2_27b3a7,PUR_IED_AgustinFer_Info2_27b3a7,,,,,
2026-09-12T21:11:07-05:00,PUR_IED_AgustinFer_Sena_54b4eb,PUR_IED_AgustinFer_Sena_54b4eb,,,,,
2026-09-12T21:11:07-05:00,PUR_IED_AlexanderF_1102_caf07b,PUR_IED_AlexanderF_1102_caf07b,,,,,
2026-09-12T21:11:07-05:00,PUR_IED_AlexanderF_1103_c79e71,PUR_IED_AlexanderF_1103_c79e71,,,,,
2026-09-12T21:11:07-05:00,PUR_IED_AlexanderF_Ext_c5b18b,PUR_IED_AlexanderF_Ext_c5b18b,,,,,
2026-09-12T21:11:07-05:00,PUR_IED_AlfonsoLopez_Ext_281d77,PUR_IED_AlfonsoLopez_Ext_281d77,,,,,
2026-09-12T21:11:07-05:00,PUR_IED_AlfonsoLopez_LabF_888ce0,PUR_IED_AlfonsoLopez_LabF_888ce0,,,,,
2026-09-12T21:11:07-05:00,PUR_IED_AlfonsoLopez_SMed_df6a7f,PUR_IED_AlfonsoLopez_SMed_df6a7f,,,,,
2026-09-12T21:11:07-05:00,PUR_IED_AltamiraSO_A2_209f92,PUR_IED_AltamiraSO_A2_209f92,,,,,
2026-09-12T21:11:07-05:00,PUR_IED_AltamiraSO_Ext_186d66,PUR_IED_AltamiraSO_Ext_186d66,,,,,
2026-09-12T21:11:07-05:00,PUR_IED_AltamiraSO_Sistem_27afe1,PUR_IED_AltamiraSO_Sistem_27afe1,,,,,
2026-09-12T21:11:07-05:00,PUR_IED_AlvaroGom_LabQuim_813179,PUR_IED_AlvaroGom_LabQuim_813179,,,,,
2026-09-12T21:11:07-05:00,PUR_IED_AlvaroGomez_Ext_47c7ca,PUR_IED_AlvaroGomez_Ext_47c7ca,,,,,
2026-09-12T21:11:07-05:00,PUR_IED_AlvaroGomez_LabQuim_813179,PUR_IED_AlvaroGomez_LabQuim_813179,,,,,
2026-09-12T21:11:07-05:00,PUR_IED_AlvaroGomez_S23_7ba89f,PUR_IED_AlvaroGomez_S23_7ba89f,,,,,
2026-09-12T21:11:07-05:00,PUR_IED_Amistad_306_dc8728,PUR_IED_Amistad_306_dc8728,,,,,
2026-09-12T21:11:07-05:00,PUR_IED_Amistad_Ext_8cd55e,PUR_IED_Amistad_Ext_8cd55e,,,,,
2026-09-12T21:11:07-05:00,PUR_IED_Amistad_S202_a41169,PUR_IED_Amistad_S202_a41169,,,,,
2026-09-12T21:11:07-05:00,PUR_IED_AndresBello_Bio_fd5f5e,PUR_IED_AndresBello_Bio_fd5f5e,,,,,
2026-09-12T21:11:07-05:00,PUR_IED_AndresBello_ext_dcad65,PUR_IED_AndresBello_ext_dcad65,,,,,
2026-09-12T21:11:07-05:00,PUR_IED_AndresBello_port_eed3ec,PUR_IED_AndresBello_port_eed3ec,,,,,
2026-09-12T21:11:07-05:00,PUR_IED_AngelaR_11b_d90a6b,PUR_IED_AngelaR_11b_d90a6b,,,,,
2026-09-12T21:11:07-05:00,PUR_IED_AngelaR_ext_7cad3e,PUR_IED_AngelaR_ext_7cad3e,4,19,63,4.5825,-74.164497
2026-09-12T21:11:07-05:00,PUR_IED_AntJoseSucre_10mo_df2575,PUR_IED_AntJoseSucre_10mo_df2575,,,,,
2026-09-12T21:11:07-05:00,PUR_IED_AntJoseSucre_Ext_215b36,PUR_IED_AntJoseSucre_Ext_215b36,,,,,
2026-09-12T21:11:07-05:00,PUR_IED_AntJoseSucre_Lab_3139de,PUR_IED_AntJoseSucre_Lab_3139de,,,,,
2026-09-12T21:11:07-05:00,PUR_IED_AntonioGarcia_301_d6b188,PUR_IED_AntonioGarcia_301_d6b188,,,,,
2026-09-12T21:11:07-05:00,PUR_IED_AntonioGarcia_302_88a82,PUR_IED_AntonioGarcia_302_88a82,,,,,
2026-09-12T21:11:07-05:00,PUR_IED_AntonioGarcia_Ext_20950c,PUR_IED_AntonioGarcia_Ext_20950c,,,,,
2026-09-12T21:11:07-05:00,PUR_IED_AntonioVan_Aula2_6dea02,PUR_IED_AntonioVan_Aula2_6dea02,,,,,
2026-09-12T21:11:07-05:00,PUR_IED_AntonioVan_Aula5_f1557e,PUR_IED_AntonioVan_Aula5_f1557e,,,,,
2026-09-12T21:11:07-05:00,PUR_IED_AntonioVan_Ext_406f2f,PUR_IED_AntonioVan_Ext_406f2f,,,,,
2026-09-12T21:11:07-05:00,PUR_IED_Atabanzha_Ext_cc5af9,PUR_IED_Atabanzha_Ext_cc5af9,,,,,
2026-09-12T21:11:07-05:00,PUR_IED_Atabanzha_SA101_56c37,PUR_IED_Atabanzha_SA101_56c37,,,,,
2026-09-12T21:11:07-05:00,PUR_IED_Atabanzha_SB302_27b374,PUR_IED_Atabanzha_SB302_27b374,,,,,
2026-09-12T21:11:07-05:00,PUR_IED_Atahualpa_Ext_fc1748,PUR_IED_Atahualpa_Ext_fc1748,,,,,
2026-09-12T21:11:07-05:00,PUR_IED_Atahualpa_Informa_dc9a95,PUR_IED_Atahualpa_Informa_dc9a95,,,,,
2026-09-12T21:11:07-05:00,PUR_IED_Atahualpa_S1101_f98056,PUR_IED_Atahualpa_S1101_f98056,,,,,
2026-09-12T21:11:07-05:00,PUR_IED_Bellavista_Ext_f5aa74,PUR_IED_Bellavista_Ext_f5aa74,,,,,
2026-09-12T21:11:07-05:00,PUR_IED_Bilbao_11A_916c41,PUR_IED_Bilbao_11A_916c41,,,,,
2026-09-12T21:11:07-05:00,PUR_IED_Bilbao_Ext_fb579a,PUR_IED_Bilbao_Ext_fb579a,,,,,
2026-09-12T21:11:07-05:00,PUR_IED_BrasiliaU_A125_304280,PUR_IED_BrasiliaU_A125_304280,,,,,
2026-09-12T21:11:07-05:00,PUR_IED_BrasiliaU_A203_7c8ca5,PUR_IED_BrasiliaU_A203_7c8ca5,,,,,
2026-09-12T21:11:07-05:00,PUR_IED_BrasiliaU_Ext_8d6e9f,PUR_IED_BrasiliaU_Ext_8d6e9f,5,17,64,4.5175,-74.116302
2026-09-12T21:11:07-05:00,PUR_IED_Brasilia_Ext_fe6593,PUR_IED_Brasilia_Ext_fe6593,,,,,
2026-09-12T21:11:07-05:00,PUR_IED_Brasilia_S24_7c130d,PUR_IED_Brasilia_S24_7c130d,,,,,
2026-09-12T21:11:07-05:00,PUR_IED_Brasilia_S501_186a54,PUR_IED_Brasilia_S501_186a54,,,,,
2026-09-12T21:11:07-05:00,PUR_IED_CHARRY_EXT_f1d5cd,PUR_IED_CHARRY_EXT_f1d5cd,,,,,
2026-09-12T21:11:07-05:00,PUR_IED_CHARRY_INTDANZAS_7a08e6,PUR_IED_CHARRY_INTDANZAS_7a08e6,,,,,
2026-09-12T21:11:07-05:00,PUR_IED_CHARRY_INT_AULA20_dc998d,PUR_IED_CHARRY_INT_AULA20_dc998d,,,,,
2026-09-12T21:11:07-05:00,PUR_IED_COLVIV_1101_S25_7f520a,PUR_IED_COLVIV_1101_S25_7f520a,,,,,
2026-09-12T21:11:07-05:00,PUR_IED_COLVIV_1102_S16_f570ba,PUR_IED_COLVIV_1102_S16_f570ba,,,,,
2026-09-12T21:11:07-05:00,PUR_IED_COLVIV_Ext_1a26fa,PUR_IED_COLVIV_Ext_1a26fa,,,,,
2026-09-12T21:11:07-05:00,PUR_IED_CULPOP_301A_f660f3,PUR_IED_CULPOP_301A_f660f3,,,,,
2026-09-12T21:11:07-05:00,PUR_IED_CULPOP_303_568afe,PUR_IED_CULPOP_303_568afe,,,,,
2026-09-12T21:11:07-05:00,PUR_IED_CULPOP_Ext_e02ccb,PUR_IED_CULPOP_Ext_e02ccb,,,,,
2026-09-12T21:11:07-05:00,PUR_IED_CVillavicen_Ext_26eb58,PUR_IED_CVillavicen_Ext_26eb58,5,15,77,4.487,-74.102798
2026-09-12T21:11:07-05:00,PUR_IED_CVillavicen_Intel_1ce5c2,PUR_IED_CVillavicen_Intel_1ce5c2,,,,,
2026-09-12T21:11:07-05:00,PUR_IED_CVillavicen_Poliv_e0766c,PUR_IED_CVillavicen_Poliv_e0766c,,,,,
2026-09-12T21:11:07-05:00,PUR_IED_CVillavicen_int_1ba140,PUR_IED_CVillavicen_int_1ba140,,,,,
2026-09-12T21:11:07-05:00,PUR_IED_CVillavicen_intel_1ba140,PUR_IED_CVillavicen_intel_1ba140,,,,,
2026-09-12T21:11:07-05:00,PUR_IED_CarlosPizarro_Ext_e307cc,PUR_IED_CarlosPizarro_Ext_e307cc,,,,,
2026-09-12T21:11:07-05:00,PUR_IED_CarlosPizarro_L36_7e5cdb,PUR_IED_CarlosPizarro_L36_7e5cdb,,,,,
2026-09-12T21:11:07-05:00,PUR_IED_CarlosPizarro_L37_c8566c,PUR_IED_CarlosPizarro_L37_c8566c,,,,,
2026-09-12T21:11:07-05:00,PUR_IED_Castilla_Ext_cf35f,PUR_IED_Castilla_Ext_cf35f,,,,,
2026-09-12T21:11:07-05:00,PUR_IED_Castilla_SFisik_360e38,PUR_IED_Castilla_SFisik_360e38,,,,,
2026-09-12T21:11:07-05:00,PUR_IED_Castilla_Sc304_496fbf,PUR_IED_Castilla_Sc304_496fbf,,,,,
2026-09-12T21:11:07-05:00,PUR_IED_CervantesSa_Ext_6b57b,PUR_IED_CervantesSa_Ext_6b57b,5,18,67,4.5128,-74.117203
2026-09-12T21:11:07-05:00,PUR_IED_CervantesSa_S107_225c2b,PUR_IED_CervantesSa_S107_225c2b,,,,,
2026-09-12T21:11:07-05:00,PUR_IED_CervantesSa_S108_940925,PUR_IED_CervantesSa_S108_940925,,,,,
2026-09-12T21:11:07-05:00,PUR_IED_Charry_A20_f53e7c,PUR_IED_Charry_A20_f53e7c,,,,,
2026-09-12T21:11:07-05:00,PUR_IED_Charry_Ext_f1d5cd,PUR_IED_Charry_Ext_f1d5cd,,,,,
2026-09-12T21:11:07-05:00,PUR_IED_Charry_IntAula20_dc998d,PUR_IED_Charry_IntAula20_dc998d,,,,,
2026-09-12T21:11:07-05:00,PUR_IED_Charry_IntDanzas_7a08e6,PUR_IED_Charry_IntDanzas_7a08e6,,,,,
2026-09-12T21:11:07-05:00,PUR_IED_ClememciaC_203_43e2fc,PUR_IED_ClememciaC_203_43e2fc,,,,,
2026-09-12T21:11:07-05:00,PUR_IED_ClememciaC_Ext_1b411a,PUR_IED_ClememciaC_Ext_1b411a,,,,,
2026-09-12T21:11:07-05:00,PUR_IED_ClememciaC_Quimic_44b5fc,PUR_IED_ClememciaC_Quimic_44b5fc,,,,,
2026-09-12T21:11:07-05:00,PUR_IED_ClemenciaC_203_43e2fc,PUR_IED_ClemenciaC_203_43e2fc,,,,,
2026-09-12T21:11:07-05:00,PUR_IED_ClemenciaC_Ext_1b411a,PUR_IED_ClemenciaC_Ext_1b411a,,,,,
2026-09-12T21:11:07-05:00,PUR_IED_ClemenciaC_Quimic_44b5fc,PUR_IED_ClemenciaC_Quimic_44b5fc,,,,,
2026-09-12T21:11:07-05:00,PUR_IED_ColViva_1101_S25_7f520a,PUR_IED_ColViva_1101_S25_7f520a,,,,,
2026-09-12T21:11:07-05:00,PUR_IED_ColViva_1102_S16_f570ba,PUR_IED_ColViva_1102_S16_f570ba,,,,,
2026-09-12T21:11:07-05:00,PUR_IED_ColViva_Ext_1a26fa,PUR_IED_ColViva_Ext_1a26fa,,,,,
2026-09-12T21:11:07-05:00,PUR_IED_ColegioBici_Asist_7c8798,PUR_IED_ColegioBici_Asist_7c8798,,,,,
2026-09-12T21:11:07-05:00,PUR_IED_ColegioBici_Ext_25cbf6,PUR_IED_ColegioBici_Ext_25cbf6,,,,,
2026-09-12T21:11:07-05:00,PUR_IED_ColegioBici_LabQ_7b57db,PUR_IED_ColegioBici_LabQ_7b57db,,,,,
2026-09-12T21:11:07-05:00,PUR_IED_CostaRica_Ext_5e640,PUR_IED_CostaRica_Ext_5e640,,,,,
2026-09-12T21:11:07-05:00,PUR_IED_CostaRica_Quim1_766d1c,PUR_IED_CostaRica_Quim1_766d1c,,,,,
2026-09-12T21:11:07-05:00,PUR_IED_CostaRica__Fisica_6f0873,PUR_IED_CostaRica__Fisica_6f0873,,,,,
2026-09-12T21:11:07-05:00,PUR_IED_CulPopu_301A_f660f3,PUR_IED_CulPopu_301A_f660f3,,,,,
2026-09-12T21:11:07-05:00,PUR_IED_CulPopu_303_568afe,PUR_IED_CulPopu_303_568afe,,,,,
2026-09-12T21:11:07-05:00,PUR_IED_CulPopu_Ext_e02ccb,PUR_IED_CulPopu_Ext_e02ccb,,,,,
2026-09-12T21:11:07-05:00,PUR_IED_Cundinamarca_Ext_f15985,PUR_IED_Cundinamarca_Ext_f15985,,,,,
2026-09-12T21:11:07-05:00,PUR_IED_Cundinamarca_Info_7aa5d7,PUR_IED_Cundinamarca_Info_7aa5d7,,,,,
2026-09-12T21:11:07-05:00,PUR_IED_Cundinamarca_Tec2_f449c7,PUR_IED_Cundinamarca_Tec2_f449c7,,,,,
2026-09-12T21:11:07-05:00,PUR_IED_DiegoM_Aula1_27b314,PUR_IED_DiegoM_Aula1_27b314,,,,,
2026-09-12T21:11:07-05:00,PUR_IED_DiegoM_Ext_d80ac8,PUR_IED_DiegoM_Ext_d80ac8,,,,,
2026-09-12T21:11:07-05:00,PUR_IED_DiegoM_S25_da928f,PUR_IED_DiegoM_S25_da928f,,,,,
2026-09-12T21:11:07-05:00,PUR_IED_ELRODEO_360881,PUR_IED_ELRODEO_360881,,,,,
2026-09-12T21:11:07-05:00,PUR_IED_ELRODEO_ext_360881,PUR_IED_ELRODEO_ext_360881,,,,,
2026-09-12T21:11:07-05:00,PUR_IED_EduardoU_Ext_1c1969,PUR_IED_EduardoU_Ext_1c1969,,,,,
2026-09-12T21:11:07-05:00,PUR_IED_EduardoU_SCiencia_4dfb94,PUR_IED_EduardoU_SCiencia_4dfb94,,,,,
2026-09-12T21:11:07-05:00,PUR_IED_EduardoU_SQuimica_5a46e7,PUR_IED_EduardoU_SQuimica_5a46e7,,,,,
2026-09-12T21:11:07-05:00,PUR_IED_ElRodeo_Aula14_676984,PUR_IED_ElRodeo_Aula14_676984,,,,,
2026-09-12T21:11:07-05:00,PUR_IED_ElRodeo_Aula16_2dd35b,PUR_IED_ElRodeo_Aula16_2dd35b,,,,,
2026-09-12T21:11:07-05:00,PUR_IED_ElRodeo_Ext_360881,PUR_IED_ElRodeo_Ext_360881,,,,,
2026-09-12T21:11:07-05:00,PUR_IED_ElRodeo_Exterior_8c6d28,PUR_IED_ElRodeo_Exterior_8c6d28,,,,,
2026-09-12T21:11:07-05:00,PUR_IED_ElRodeo_ext_360881,PUR_IED_ElRodeo_ext_360881,,,,,
2026-09-12T21:11:07-05:00,PUR_IED_EmmaReyes_Ext_987625,PUR_IED_EmmaReyes_Ext_987625,5,21,52,4.6367,-74.1511
2026-09-12T21:11:07-05:00,PUR_IED_Ensueño_Ext_7f0250,PUR_IED_Ensueño_Ext_7f0250,,,,,
2026-09-12T21:11:07-05:00,PUR_IED_EscNormal_Ext_5fef3b,PUR_IED_EscNormal_Ext_5fef3b,4,19,59,4.5852,-74.096901
2026-09-12T21:11:07-05:00,PUR_IED_EscNormal_S309_5b263,PUR_IED_EscNormal_S309_5b263,,,,,
2026-09-12T21:11:07-05:00,PUR_IED_EscNormal_S310_27b3b8,PUR_IED_EscNormal_S310_27b3b8,,,,,
2026-09-12T21:11:07-05:00,PUR_IED_Evangelista_Conta_f6cd4f,PUR_IED_Evangelista_Conta_f6cd4f,,,,,
2026-09-12T21:11:07-05:00,PUR_IED_Evangelista_Cri_5e16a,PUR_IED_Evangelista_Cri_5e16a,,,,,
2026-09-12T21:11:07-05:00,PUR_IED_Evangelista_Exter_754066,PUR_IED_Evangelista_Exter_754066,,,,,
2026-09-12T21:11:07-05:00,PUR_IED_FMiranda_S209_5cc2a3,PUR_IED_FMiranda_S209_5cc2a3,,,,,
2026-09-12T21:11:07-05:00,PUR_IED_FMiranda_S303_19e344,PUR_IED_FMiranda_S303_19e344,,,,,
2026-09-12T21:11:07-05:00,PUR_IED_FMiranda_ext_f53e7c,PUR_IED_FMiranda_ext_f53e7c,,,,,
2026-09-12T21:11:07-05:00,PUR_IED_FabioLozano_Bibli_1cee05,PUR_IED_FabioLozano_Bibli_1cee05,,,,,
2026-09-12T21:11:07-05:00,PUR_IED_FabioLozano_Ext_6ea285,PUR_IED_FabioLozano_Ext_6ea285,,,,,
2026-09-12T21:11:07-05:00,PUR_IED_FabioLozano_SLudi_f09e1e,PUR_IED_FabioLozano_SLudi_f09e1e,,,,,
2026-09-12T21:11:07-05:00,PUR_IED_FaustinoS_Aula07_27a731,PUR_IED_FaustinoS_Aula07_27a731,,,,,
2026-09-12T21:11:07-05:00,PUR_IED_FaustinoS_Ext_7b936f,PUR_IED_FaustinoS_Ext_7b936f,,,,,
2026-09-12T21:11:07-05:00,PUR_IED_FaustinoS_Fisica_da2c60,PUR_IED_FaustinoS_Fisica_da2c60,,,,,
2026-09-12T21:11:07-05:00,PUR_IED_FeGarciaLo_Ext_dc68ee,PUR_IED_FeGarciaLo_Ext_dc68ee,,,,,
2026-09-12T21:11:07-05:00,PUR_IED_FeGarciaLo_SDanza_f70a59,PUR_IED_FeGarciaLo_SDanza_f70a59,,,,,
2026-09-12T21:11:07-05:00,PUR_IED_FeGarciaLo_SMusic_125cdd,PUR_IED_FeGarciaLo_SMusic_125cdd,,,,,
2026-09-12T21:11:07-05:00,PUR_IED_FederalAlema_Exte_50c345,PUR_IED_FederalAlema_Exte_50c345,,,,,
2026-09-12T21:11:07-05:00,PUR_IED_FederalAlema_S31_f18371,PUR_IED_FederalAlema_S31_f18371,,,,,
2026-09-12T21:11:07-05:00,PUR_IED_FederalAlema_S901_a62cd,PUR_IED_FederalAlema_S901_a62cd,,,,,
2026-09-12T21:11:07-05:00,PUR_IED_FilarmonicaS_A5_f35eb1,PUR_IED_FilarmonicaS_A5_f35eb1,,,,,
2026-09-12T21:11:07-05:00,PUR_IED_FilarmonicaS_Ext_8a3bde,PUR_IED_FilarmonicaS_Ext_8a3bde,,,,,
2026-09-12T21:11:07-05:00,PUR_IED_FilarmonicaS_Spol_406114,PUR_IED_FilarmonicaS_Spol_406114,,,,,
2026-09-12T21:11:07-05:00,PUR_IED_FlorentinoG_A13_d1fa59,PUR_IED_FlorentinoG_A13_d1fa59,,,,,
2026-09-12T21:11:07-05:00,PUR_IED_FlorentinoG_Ext_1ce6ce,PUR_IED_FlorentinoG_Ext_1ce6ce,,,,,
2026-09-12T21:11:07-05:00,PUR_IED_FlorentinoG_Idiom_a66aac,PUR_IED_FlorentinoG_Idiom_a66aac,,,,,
2026-09-12T21:11:07-05:00,PUR_IED_FranciscoMati_Ext_e3869d,PUR_IED_FranciscoMati_Ext_e3869d,,,,,
2026-09-12T21:11:07-05:00,PUR_IED_FranciscoMati_S13_f31c67,PUR_IED_FranciscoMati_S13_f31c67,,,,,
2026-09-12T21:11:07-05:00,PUR_IED_FranciscoMati_S14_97dead,PUR_IED_FranciscoMati_S14_97dead,,,,,
2026-09-12T21:11:07-05:00,PUR_IED_FranciscoPS_Ext_7bfa9a,PUR_IED_FranciscoPS_Ext_7bfa9a,3,20,60,4.5899,-74.110397
2026-09-12T21:11:07-05:00,PUR_IED_FranciscoPS_Infor_fb8f4c,PUR_IED_FranciscoPS_Infor_fb8f4c,,,,,
2026-09-12T21:11:07-05:00,PUR_IED_FranciscoPS_Quimi_94d39c,PUR_IED_FranciscoPS_Quimi_94d39c,,,,,
2026-09-12T21:11:07-05:00,PUR_IED_FranciscoP_LabQ_d7e148,PUR_IED_FranciscoP_LabQ_d7e148,,,,,
2026-09-12T21:11:07-05:00,PUR_IED_FranciscoP_S28_cf9b30,PUR_IED_FranciscoP_S28_cf9b30,,,,,
2026-09-12T21:11:07-05:00,PUR_IED_FranciscoP_ext_e2313,PUR_IED_FranciscoP_ext_e2313,,,,,
2026-09-12T21:11:07-05:00,PUR_IED_FriederichN_Ext_8ac92a,PUR_IED_FriederichN_Ext_8ac92a,,,,,
2026-09-12T21:11:07-05:00,PUR_IED_FriederichN_S301_dd7e5a,PUR_IED_FriederichN_S301_dd7e5a,,,,,
2026-09-12T21:11:07-05:00,PUR_IED_FriederichN_S308_761f4f,PUR_IED_FriederichN_S308_761f4f,,,,,
2026-09-12T21:11:07-05:00,PUR_IED_GSantander_Aula10_533dd7,PUR_IED_GSantander_Aula10_533dd7,,,,,
2026-09-12T21:11:07-05:00,PUR_IED_GSantander_Aula12_fd4e4f,PUR_IED_GSantander_Aula12_fd4e4f,,,,,
2026-09-12T21:11:07-05:00,PUR_IED_GSantander_Aula310_533dd7,PUR_IED_GSantander_Aula310_533dd7,,,,,
2026-09-12T21:11:07-05:00,PUR_IED_GSantander_Aula312_fd4e4f,PUR_IED_GSantander_Aula312_fd4e4f,,,,,
2026-09-12T21:11:07-05:00,PUR_IED_GSantander_Ext_5f66b0,PUR_IED_GSantander_Ext_5f66b0,,,,,
2026-09-12T21:11:07-05:00,PUR_IED_GYomasa_Ext_f6bea5,PUR_IED_GYomasa_Ext_f6bea5,,,,,
2026-09-12T21:11:07-05:00,PUR_IED_GYomasa_LBiol_2c41aa,PUR_IED_GYomasa_LBiol_2c41aa,,,,,
2026-09-12T21:11:07-05:00,PUR_IED_GYomasa_LQuim_33c80,PUR_IED_GYomasa_LQuim_33c80,,,,,
2026-09-12T21:11:07-05:00,PUR_IED_GabBetMejia_Cienc_5a99c,PUR_IED_GabBetMejia_Cienc_5a99c,,,,,
2026-09-12T21:11:07-05:00,PUR_IED_GabBetMejia_Ext_9153d0,PUR_IED_GabBetMejia_Ext_9153d0,,,,,
2026-09-12T21:11:07-05:00,PUR_IED_GabBetMejia_Lab_f55347,PUR_IED_GabBetMejia_Lab_f55347,,,,,
2026-09-12T21:11:07-05:00,PUR_IED_GabBetanMejia_Ext_9153d0,PUR_IED_GabBetanMejia_Ext_9153d0,,,,,
2026-09-12T21:11:07-05:00,PUR_IED_Gaitana_Aula13_7aac11,PUR_IED_Gaitana_Aula13_7aac11,,,,,
2026-09-12T21:11:07-05:00,PUR_IED_Gaitana_Ext_5fcf4,PUR_IED_Gaitana_Ext_5fcf4,,,,,
2026-09-12T21:11:07-05:00,PUR_IED_Gaitana_LabFisica_644448,PUR_IED_Gaitana_LabFisica_644448,,,,,
2026-09-12T21:11:07-05:00,PUR_IED_GenSantander_Dise_8ac858,PUR_IED_GenSantander_Dise_8ac858,,,,,
2026-09-12T21:11:07-05:00,PUR_IED_GenSantander_Ext_8d5dfe,PUR_IED_GenSantander_Ext_8d5dfe,,,,,
2026-09-12T21:11:07-05:00,PUR_IED_GenSantander_Info_6c25b,PUR_IED_GenSantander_Info_6c25b,,,,,
2026-09-12T21:11:07-05:00,PUR_IED_GustavoMo_Exterio_75e63d,PUR_IED_GustavoMo_Exterio_75e63d,,,,,
2026-09-12T21:11:07-05:00,PUR_IED_GustavoMo_LabFisi_224d37,PUR_IED_GustavoMo_LabFisi_224d37,,,,,
2026-09-12T21:11:07-05:00,PUR_IED_GustavoMo_S208_3e6918,PUR_IED_GustavoMo_S208_3e6918,,,,,
2026-09-12T21:11:07-05:00,PUR_IED_GustavoR_A02_8cd4a8,PUR_IED_GustavoR_A02_8cd4a8,,,,,
2026-09-12T21:11:07-05:00,PUR_IED_GustavoR_B11_5b0ed,PUR_IED_GustavoR_B11_5b0ed,,,,,
2026-09-12T21:11:07-05:00,PUR_IED_GustavoR_Ext_7a0c90,PUR_IED_GustavoR_Ext_7a0c90,,,,,
2026-09-12T21:11:07-05:00,PUR_IED_HernandoDuran_Ext_8cd82b,PUR_IED_HernandoDuran_Ext_8cd82b,,,,,
2026-09-12T21:11:07-05:00,PUR_IED_HernandoDuran_S24_2772c6,PUR_IED_HernandoDuran_S24_2772c6,,,,,
2026-09-12T21:11:07-05:00,PUR_IED_HernandoDuran_S30_f2de41,PUR_IED_HernandoDuran_S30_f2de41,,,,,
2026-09-12T21:11:07-05:00,PUR_IED_HolguInUr_S1101_8cd732,PUR_IED_HolguInUr_S1101_8cd732,,,,,
2026-09-12T21:11:07-05:00,PUR_IED_HolguinUr_Exter_ddae6d,PUR_IED_HolguinUr_Exter_ddae6d,,,,,
2026-09-12T21:11:07-05:00,PUR_IED_HolguinUr_LabQuim_92b952,PUR_IED_HolguinUr_LabQuim_92b952,,,,,
2026-09-12T21:11:07-05:00,PUR_IED_Isabel-II_Ext_5245cc,PUR_IED_Isabel-II_Ext_5245cc,6,20,57,4.6336,-74.153
2026-09-12T21:11:07-05:00,PUR_IED_Isabel-II_S_idiom_1c29aa,PUR_IED_Isabel-II_S_idiom_1c29aa,,,,,
2026-09-12T21:11:07-05:00,PUR_IED_Isabel-II_S_infor_fd741,PUR_IED_Isabel-II_S_infor_fd741,,,,,
2026-09-12T21:11:07-05:00,PUR_IED_IsidroSur_Exterio_5b90ea,PUR_IED_IsidroSur_Exterio_5b90ea,,,,,
2026-09-12T21:11:07-05:00,PUR_IED_IsidroSur_LabTec_56697a,PUR_IED_IsidroSur_LabTec_56697a,,,,,
2026-09-12T21:11:07-05:00,PUR_IED_IsidroSur_Robotic_b7c38f,PUR_IED_IsidroSur_Robotic_b7c38f,,,,,
2026-09-12T21:11:07-05:00,PUR_IED_IsmaelPerd_Ext_7b6672,PUR_IED_IsmaelPerd_Ext_7b6672,,,,,
2026-09-12T21:11:07-05:00,PUR_IED_IsmaelPerd_Inform_306540,PUR_IED_IsmaelPerd_Inform_306540,,,,,
2026-09-12T21:11:07-05:00,PUR_IED_IsmaelPerd_S30_2e2c83,PUR_IED_IsmaelPerd_S30_2e2c83,,,,,
2026-09-12T21:11:07-05:00,PUR_IED_JLozano_Exter_432910,PUR_IED_JLozano_Exter_432910,,,,,
2026-09-12T21:11:07-05:00,PUR_IED_JLozano_salaMulti_df5125,PUR_IED_JLozano_salaMulti_df5125,,,,,
2026-09-12T21:11:07-05:00,PUR_IED_JMCordoba_206_86f80b,PUR_IED_JMCordoba_206_86f80b,,,,,
2026-09-12T21:11:07-05:00,PUR_IED_JMCordoba_Ext_27ad97,PUR_IED_JMCordoba_Ext_27ad97,,,,,
2026-09-12T21:11:07-05:00,PUR_IED_JMCordoba_S310_d59ab4,PUR_IED_JMCordoba_S310_d59ab4,,,,,
2026-09-12T21:11:07-05:00,PUR_IED_Japon_Ext_549100,PUR_IED_Japon_Ext_549100,,,,,
2026-09-12T21:11:07-05:00,PUR_IED_Japon_Laboratorio_bec51d,PUR_IED_Japon_Laboratorio_bec51d,,,,,
2026-09-12T21:11:07-05:00,PUR_IED_Japon_informatica_d99327,PUR_IED_Japon_informatica_d99327,,,,,
2026-09-12T21:11:07-05:00,PUR_IED_Jazmin_Ext_d27bda,PUR_IED_Jazmin_Ext_d27bda,,,,,
2026-09-12T21:11:07-05:00,PUR_IED_Jazmin_Fisica_8d14d7,PUR_IED_Jazmin_Fisica_8d14d7,,,,,
2026-09-12T21:11:07-05:00,PUR_IED_Jazmin_Quimica_801cb5,PUR_IED_Jazmin_Quimica_801cb5,,,,,
2026-09-12T21:11:07-05:00,PUR_IED_JorgeGaitan_Exter_f098d1,PUR_IED_JorgeGaitan_Exter_f098d1,,,,,
2026-09-12T21:11:07-05:00,PUR_IED_JorgeGaitan_STec1_dc9d1d,PUR_IED_JorgeGaitan_STec1_dc9d1d,,,,,
2026-09-12T21:11:07-05:00,PUR_IED_JorgeGaitan_STec2_281e69,PUR_IED_JorgeGaitan_STec2_281e69,,,,,
2026-09-12T21:11:07-05:00,PUR_IED_JorgeSoto_Exterio_d9d0a2,PUR_IED_JorgeSoto_Exterio_d9d0a2,,,,,
2026-09-12T21:11:07-05:00,PUR_IED_JorgeSoto_LabFisi_209c54,PUR_IED_JorgeSoto_LabFisi_209c54,,,,,
2026-09-12T21:11:07-05:00,PUR_IED_JorgeSoto_S103_27b51a,PUR_IED_JorgeSoto_S103_27b51a,,,,,
2026-09-12T21:11:07-05:00,PUR_IED_JoseAcevedo_A02_e965eb,PUR_IED_JoseAcevedo_A02_e965eb,,,,,
2026-09-12T21:11:07-05:00,PUR_IED_JoseAcevedo_A07_dd5b4,PUR_IED_JoseAcevedo_A07_dd5b4,,,,,
2026-09-12T21:11:07-05:00,PUR_IED_JoseAcevedo_Ext_b47484,PUR_IED_JoseAcevedo_Ext_b47484,,,,,
2026-09-12T21:11:07-05:00,PUR_IED_JoseMarti_Exte_5b9bf,PUR_IED_JoseMarti_Exte_5b9bf,,,,,
2026-09-12T21:11:07-05:00,PUR_IED_JoseMarti_LabQuim_1c6c2d,PUR_IED_JoseMarti_LabQuim_1c6c2d,,,,,
2026-09-12T21:11:07-05:00,PUR_IED_JoseMarti_S_info_f5f177,PUR_IED_JoseMarti_S_info_f5f177,,,,,
2026-09-12T21:11:07-05:00,PUR_IED_Josejoaquin_Ext_dfc5dc,PUR_IED_Josejoaquin_Ext_dfc5dc,,,,,
2026-09-12T21:11:07-05:00,PUR_IED_Josejoaquin_S05_5b2a96,PUR_IED_Josejoaquin_S05_5b2a96,,,,,
2026-09-12T21:11:07-05:00,PUR_IED_Josejoaquin_S06_1ce7d2,PUR_IED_Josejoaquin_S06_1ce7d2,,,,,
2026-09-12T21:11:07-05:00,PUR_IED_JulioFlorez_Danza_9b82dd,PUR_IED_JulioFlorez_Danza_9b82dd,,,,,
2026-09-12T21:11:07-05:00,PUR_IED_JulioFlorez_Exter_f9f314,PUR_IED_JulioFlorez_Exter_f9f314,,,,,
2026-09-12T21:11:07-05:00,PUR_IED_JulioFlorez_info2_6b6e08,PUR_IED_JulioFlorez_info2_6b6e08,,,,,
2026-09-12T21:11:07-05:00,PUR_IED_LaBelleza_Aula13_1d00d8,PUR_IED_LaBelleza_Aula13_1d00d8,,,,,
2026-09-12T21:11:07-05:00,PUR_IED_LaBelleza_Ext_7bc08c,PUR_IED_LaBelleza_Ext_7bc08c,,,,,
2026-09-12T21:11:07-05:00,PUR_IED_LaChucua_Ext_8cd6d2,PUR_IED_LaChucua_Ext_8cd6d2,,,,,
2026-09-12T21:11:07-05:00,PUR_IED_LaChucua_S15_f578ce,PUR_IED_LaChucua_S15_f578ce,,,,,
2026-09-12T21:11:07-05:00,PUR_IED_LaChucua_S16_eebcf9,PUR_IED_LaChucua_S16_eebcf9,,,,,
2026-09-12T21:11:07-05:00,PUR_IED_LaFelicidad_Ext_fb5109,PUR_IED_LaFelicidad_Ext_fb5109,,,,,
2026-09-12T21:11:07-05:00,PUR_IED_LaMerced_206_66ebd,PUR_IED_LaMerced_206_66ebd,,,,,
2026-09-12T21:11:07-05:00,PUR_IED_LaMerced_207_6ebd6,PUR_IED_LaMerced_207_6ebd6,,,,,
2026-09-12T21:11:07-05:00,PUR_IED_LaMerced_ext_304311,PUR_IED_LaMerced_ext_304311,,,,,
2026-09-12T21:11:07-05:00,PUR_IED_Laureano_CiencNat_281e5e,PUR_IED_Laureano_CiencNat_281e5e,,,,,
2026-09-12T21:11:07-05:00,PUR_IED_Laureano_Comedor_f65c0a,PUR_IED_Laureano_Comedor_f65c0a,,,,,
2026-09-12T21:11:07-05:00,PUR_IED_Laureano_Exterior_7ab011,PUR_IED_Laureano_Exterior_7ab011,,,,,
2026-09-12T21:11:07-05:00,PUR_IED_LeonGreiff_Exte_dfe560,PUR_IED_LeonGreiff_Exte_dfe560,,,,,
2026-09-12T21:11:07-05:00,PUR_IED_LeonGreiff_S210_f264ed,PUR_IED_LeonGreiff_S210_f264ed,,,,,
2026-09-12T21:11:07-05:00,PUR_IED_LeonGreiff_SQuimi_e8296f,PUR_IED_LeonGreiff_SQuimi_e8296f,,,,,
2026-09-12T21:11:07-05:00,PUR_IED_LlanoOrientalS208_7b9fcd,PUR_IED_LlanoOrientalS208_7b9fcd,,,,,
2026-09-12T21:11:07-05:00,PUR_IED_LlanoOriental_Ext_fb3766,PUR_IED_LlanoOriental_Ext_fb3766,,,,,
2026-09-12T21:11:07-05:00,PUR_IED_LlanoOriental_S208_7b9fcd,PUR_IED_LlanoOriental_S208_7b9fcd,,,,,
2026-09-12T21:11:07-05:00,PUR_IED_LlanoOriental_S9_27b378,PUR_IED_LlanoOriental_S9_27b378,,,,,
2026-09-12T21:11:07-05:00,PUR_IED_LosTejares_1101_477602,PUR_IED_LosTejares_1101_477602,,,,,
2026-09-12T21:11:07-05:00,PUR_IED_LosTejares_11_d2c595,PUR_IED_LosTejares_11_d2c595,,,,,
2026-09-12T21:11:07-05:00,PUR_IED_LosTejares_12_477602,PUR_IED_LosTejares_12_477602,,,,,
2026-09-12T21:11:07-05:00,PUR_IED_LosTejares_Ext_8e2115,PUR_IED_LosTejares_Ext_8e2115,,,,,
2026-09-12T21:11:07-05:00,PUR_IED_MagdalenaO_B202_5ddda3,PUR_IED_MagdalenaO_B202_5ddda3,,,,,
2026-09-12T21:11:07-05:00,PUR_IED_MagdalenaO_B205_fb76e8,PUR_IED_MagdalenaO_B205_fb76e8,,,,,
2026-09-12T21:11:07-05:00,PUR_IED_MagdalenaO_ext_dc69cd,PUR_IED_MagdalenaO_ext_dc69cd,,,,,
2026-09-12T21:11:07-05:00,PUR_IED_ManueCepeda_artes_eee956,PUR_IED_ManueCepeda_artes_eee956,,,,,
2026-09-12T21:11:07-05:00,PUR_IED_ManuelCepeda_Ext_58313,PUR_IED_ManuelCepeda_Ext_58313,,,,,
2026-09-12T21:11:07-05:00,PUR_IED_ManuelCepeda_tec_1c5731,PUR_IED_ManuelCepeda_tec_1c5731,,,,,
2026-09-12T21:11:07-05:00,PUR_IED_ManuelS_Exterior_5b269,PUR_IED_ManuelS_Exterior_5b269,,,,,
2026-09-12T21:11:07-05:00,PUR_IED_ManuelS_Inform_f369ce,PUR_IED_ManuelS_Inform_f369ce,,,,,
2026-09-12T21:11:07-05:00,PUR_IED_ManuelS_SArtes_7d15f1,PUR_IED_ManuelS_SArtes_7d15f1,,,,,
2026-09-12T21:11:07-05:00,PUR_IED_ManuelZapata_303_3ca6,PUR_IED_ManuelZapata_303_3ca6,,,,,
2026-09-12T21:11:07-05:00,PUR_IED_ManuelZapata_311_bfbabc,PUR_IED_ManuelZapata_311_bfbabc,,,,,
2026-09-12T21:11:07-05:00,PUR_IED_ManuelZapata_Ext_50824a,PUR_IED_ManuelZapata_Ext_50824a,,,,,
2026-09-12T21:11:07-05:00,PUR_IED_ManuelitaS_Exteri_656a92,PUR_IED_ManuelitaS_Exteri_656a92,,,,,
2026-09-12T21:11:07-05:00,PUR_IED_ManuelitaS_JuzgDe_f58ec3,PUR_IED_ManuelitaS_JuzgDe_f58ec3,,,,,
2026-09-12T21:11:07-05:00,PUR_IED_ManuelitaS_Recrea_d793db,PUR_IED_ManuelitaS_Recrea_d793db,,,,,
2026-09-12T21:11:07-05:00,PUR_IED_MarFidSuarez_Ext_c27b19,PUR_IED_MarFidSuarez_Ext_c27b19,,,,,
2026-09-12T21:11:07-05:00,PUR_IED_MarFidSuarez_Info_e384d7,PUR_IED_MarFidSuarez_Info_e384d7,,,,,
2026-09-12T21:11:07-05:00,PUR_IED_MarFidSuarez_S306_1d0032,PUR_IED_MarFidSuarez_S306_1d0032,,,,,
2026-09-12T21:11:07-05:00,PUR_IED_Menorah_301_2a25a3,PUR_IED_Menorah_301_2a25a3,,,,,
2026-09-12T21:11:07-05:00,PUR_IED_Menorah_306_37ed3,PUR_IED_Menorah_306_37ed3,,,,,
2026-09-12T21:11:07-05:00,PUR_IED_Menorah_Ext_3e155b,PUR_IED_Menorah_Ext_3e155b,,,,,
2026-09-12T21:11:07-05:00,PUR_IED_MinutoB.Aires_A11_1b1604,PUR_IED_MinutoB.Aires_A11_1b1604,,,,,
2026-09-12T21:11:07-05:00,PUR_IED_MinutoB.Aires_A12_fb5860,PUR_IED_MinutoB.Aires_A12_fb5860,,,,,
2026-09-12T21:11:07-05:00,PUR_IED_MinutoB.Aires_Ext_81293f,PUR_IED_MinutoB.Aires_Ext_81293f,,,,,
2026-09-12T21:11:07-05:00,PUR_IED_MinutoBAires_A11_1b1604,PUR_IED_MinutoBAires_A11_1b1604,,,,,
2026-09-12T21:11:07-05:00,PUR_IED_MinutoBAires_A12_fb5860,PUR_IED_MinutoBAires_A12_fb5860,,,,,
2026-09-12T21:11:07-05:00,PUR_IED_MinutoBAires_Ext_81293f,PUR_IED_MinutoBAires_Ext_81293f,,,,,
2026-09-12T21:11:07-05:00,PUR_IED_Montreal_Aula10_1e4959,PUR_IED_Montreal_Aula10_1e4959,,,,,
2026-09-12T21:11:07-05:00,PUR_IED_Montreal_Aula6_300367,PUR_IED_Montreal_Aula6_300367,,,,,
2026-09-12T21:11:07-05:00,PUR_IED_Montreal_Exterior_91a179,PUR_IED_Montreal_Exterior_91a179,,,,,
2026-09-12T21:11:07-05:00,PUR_IED_Mqgdalena_B202_5ddda3,PUR_IED_Mqgdalena_B202_5ddda3,,,,,
2026-09-12T21:11:07-05:00,PUR_IED_NACUND_Soc_dc8728,PUR_IED_NACUND_Soc_dc8728,,,,,
2026-09-12T21:11:07-05:00,PUR_IED_NACUND_ext_27ad97,PUR_IED_NACUND_ext_27ad97,,,,,
2026-09-12T21:11:07-05:00,PUR_IED_NEsperanza_Ext_d24b61,PUR_IED_NEsperanza_Ext_d24b61,,,,,
2026-09-12T21:11:07-05:00,PUR_IED_NEsperanza_SElect_7d1807,PUR_IED_NEsperanza_SElect_7d1807,,,,,
2026-09-12T21:11:07-05:00,PUR_IED_NEsperanza_SLabor_8b2d0a,PUR_IED_NEsperanza_SLabor_8b2d0a,,,,,
2026-09-12T21:11:07-05:00,PUR_IED_NacionesU_Ext_f661a9,PUR_IED_NacionesU_Ext_f661a9,,,,,
2026-09-12T21:11:07-05:00,PUR_IED_NacionesU_Quimica_66f0a,PUR_IED_NacionesU_Quimica_66f0a,,,,,
2026-09-12T21:11:07-05:00,PUR_IED_NacionesU_S306_1b4b3d,PUR_IED_NacionesU_S306_1b4b3d,,,,,
2026-09-12T21:11:07-05:00,PUR_IED_NestorFA_Ext_e4201c,PUR_IED_NestorFA_Ext_e4201c,,,,,
2026-09-12T21:11:07-05:00,PUR_IED_NestorFA_Laborato_f22fe0,PUR_IED_NestorFA_Laborato_f22fe0,,,,,
2026-09-12T21:11:07-05:00,PUR_IED_NestorFA_S204_dee996,PUR_IED_NestorFA_S204_dee996,,,,,
2026-09-12T21:11:07-05:00,PUR_IED_NidyaQT_Aula03_76999b,PUR_IED_NidyaQT_Aula03_76999b,,,,,
2026-09-12T21:11:07-05:00,PUR_IED_NidyaQT_Aula10_56325,PUR_IED_NidyaQT_Aula10_56325,,,,,
2026-09-12T21:11:07-05:00,PUR_IED_NidyaQT_Ext_46e32d,PUR_IED_NidyaQT_Ext_46e32d,,,,,
2026-09-12T21:11:07-05:00,PUR_IED_NuevaCol_Exterior_d9b859,PUR_IED_NuevaCol_Exterior_d9b859,,,,,
2026-09-12T21:11:07-05:00,PUR_IED_NuevaCol_S1101_76c43b,PUR_IED_NuevaCol_S1101_76c43b,,,,,
2026-09-12T21:11:07-05:00,PUR_IED_NuevaCol_S1102_1ce0b5,PUR_IED_NuevaCol_S1102_1ce0b5,,,,,
2026-09-12T21:11:07-05:00,PUR_IED_OEA_A202_f7e3f2,PUR_IED_OEA_A202_f7e3f2,,,,,
2026-09-12T21:11:07-05:00,PUR_IED_OEA_A203_7d1b8d,PUR_IED_OEA_A203_7d1b8d,,,,,
2026-09-12T21:11:07-05:00,PUR_IED_OEA_Ext_27b593,PUR_IED_OEA_Ext_27b593,,,,,
2026-09-12T21:11:07-05:00,PUR_IED_Ochoa_Ext_1c29da,PUR_IED_Ochoa_Ext_1c29da,,,,,
2026-09-12T21:11:07-05:00,PUR_IED_Ochoa_S205_8b1121,PUR_IED_Ochoa_S205_8b1121,,,,,
2026-09-12T21:11:07-05:00,PUR_IED_Ochoa_Sistemas_f33af6,PUR_IED_Ochoa_Sistemas_f33af6,,,,,
2026-09-12T21:11:07-05:00,PUR_IED_PQuebec_Ext_1c67c7,PUR_IED_PQuebec_Ext_1c67c7,,,,,
2026-09-12T21:11:07-05:00,PUR_IED_PQuebec_S15_23e8e2,PUR_IED_PQuebec_S15_23e8e2,,,,,
2026-09-12T21:11:07-05:00,PUR_IED_PQuebec_S16_8ec76b,PUR_IED_PQuebec_S16_8ec76b,,,,,
2026-09-12T21:11:07-05:00,PUR_IED_PabloN_Ext_49dc96,PUR_IED_PabloN_Ext_49dc96,,,,,
2026-09-12T21:11:07-05:00,PUR_IED_PabloN_S1102_4e3df5,PUR_IED_PabloN_S1102_4e3df5,,,,,
2026-09-12T21:11:07-05:00,PUR_IED_PabloN_S1103_50c94b,PUR_IED_PabloN_S1103_50c94b,,,,,
2026-09-12T21:11:07-05:00,PUR_IED_Palestina_S1101_db9198,PUR_IED_Palestina_S1101_db9198,,,,,
2026-09-12T21:11:07-05:00,PUR_IED_Palestina_S1102_dc54fa,PUR_IED_Palestina_S1102_dc54fa,,,,,
2026-09-12T21:11:07-05:00,PUR_IED_Palestina_ext_4ccce6,PUR_IED_Palestina_ext_4ccce6,,,,,
2026-09-12T21:11:07-05:00,PUR_IED_Panama_Fisica_4d0794,PUR_IED_Panama_Fisica_4d0794,,,,,
2026-09-12T21:11:07-05:00,PUR_IED_Panama_SIngles_a4077e,PUR_IED_Panama_SIngles_a4077e,,,,,
2026-09-12T21:11:07-05:00,PUR_IED_Panama_ext_4c54b4,PUR_IED_Panama_ext_4c54b4,,,,,
2026-09-12T21:11:07-05:00,PUR_IED_ParaisoM_Exterior_8cd7f0,PUR_IED_ParaisoM_Exterior_8cd7f0,,,,,
2026-09-12T21:11:07-05:00,PUR_IED_ParaisoM_Laborato_27af35,PUR_IED_ParaisoM_Laborato_27af35,,,,,
2026-09-12T21:11:07-05:00,PUR_IED_ParaisoM_S304_d1edca,PUR_IED_ParaisoM_S304_d1edca,,,,,
2026-09-12T21:11:07-05:00,PUR_IED_PorfirioBarba_Ext_301466,PUR_IED_PorfirioBarba_Ext_301466,,,,,
2026-09-12T21:11:07-05:00,PUR_IED_PorfirioBarba_S11_df6cd2,PUR_IED_PorfirioBarba_S11_df6cd2,,,,,
2026-09-12T21:11:07-05:00,PUR_IED_PorfirioBarba_S29_27a7d6,PUR_IED_PorfirioBarba_S29_27a7d6,,,,,
2026-09-12T21:11:07-05:00,PUR_IED_PradoV_Exter_8b27ad,PUR_IED_PradoV_Exter_8b27ad,,,,,
2026-09-12T21:11:07-05:00,PUR_IED_PradoV_S301_de65b5,PUR_IED_PradoV_S301_de65b5,,,,,
2026-09-12T21:11:07-05:00,PUR_IED_PradoV_S302_7d2593,PUR_IED_PradoV_S302_7d2593,,,,,
2026-09-12T21:11:07-05:00,PUR_IED_QuirogaAlz_Ext_1ddc82,PUR_IED_QuirogaAlz_Ext_1ddc82,,,,,
2026-09-12T21:11:07-05:00,PUR_IED_QuirogaAlz_S302_9926a3,PUR_IED_QuirogaAlz_S302_9926a3,,,,,
2026-09-12T21:11:07-05:00,PUR_IED_QuirogaAlz_S305_cdf1f1,PUR_IED_QuirogaAlz_S305_cdf1f1,,,,,
2026-09-12T21:11:07-05:00,PUR_IED_RGuatemala_Biling_dc53b7,PUR_IED_RGuatemala_Biling_dc53b7,,,,,
2026-09-12T21:11:07-05:00,PUR_IED_RGuatemala_Ext_1b89a3,PUR_IED_RGuatemala_Ext_1b89a3,,,,,
2026-09-12T21:11:07-05:00,PUR_IED_RGuatemala_Tecnol_281a34,PUR_IED_RGuatemala_Tecnol_281a34,,,,,
2026-09-12T21:11:07-05:00,PUR_IED_RafaNu_Ext_f7c302,PUR_IED_RafaNu_Ext_f7c302,,,,,
2026-09-12T21:11:07-05:00,PUR_IED_RafaNu_S1101_25fde,PUR_IED_RafaNu_S1101_25fde,,,,,
2026-09-12T21:11:07-05:00,PUR_IED_RafaNu_S1102_281517,PUR_IED_RafaNu_S1102_281517,,,,,
2026-09-12T21:11:07-05:00,PUR_IED_RafaelB_S305_ee2783,PUR_IED_RafaelB_S305_ee2783,,,,,
2026-09-12T21:11:07-05:00,PUR_IED_RafaelB_S306_75fe33,PUR_IED_RafaelB_S306_75fe33,,,,,
2026-09-12T21:11:07-05:00,PUR_IED_RafaelB_ext_283336,PUR_IED_RafaelB_ext_283336,5,18,61,4.6722,-74.0737
2026-09-12T21:11:07-05:00,PUR_IED_RafaelUU_Exterior_281a51,PUR_IED_RafaelUU_Exterior_281a51,,,,,
2026-09-12T21:11:07-05:00,PUR_IED_RafaelUU_Human_806b2,PUR_IED_RafaelUU_Human_806b2,,,,,
2026-09-12T21:11:07-05:00,PUR_IED_RafaelUU_Mate2_5680d4,PUR_IED_RafaelUU_Mate2_5680d4,,,,,
2026-09-12T21:11:07-05:00,PUR_IED_RamonSub_Ext_f9eeb9,PUR_IED_RamonSub_Ext_f9eeb9,,,,,
2026-09-12T21:11:07-05:00,PUR_IED_RamonSub_Media_d1f62f,PUR_IED_RamonSub_Media_d1f62f,,,,,
2026-09-12T21:11:07-05:00,PUR_IED_RamonSub_planta_51b82,PUR_IED_RamonSub_planta_51b82,,,,,
2026-09-12T21:11:07-05:00,PUR_IED_RepBoliVene_Exter_27af7c,PUR_IED_RepBoliVene_Exter_27af7c,,,,,
2026-09-12T21:11:07-05:00,PUR_IED_RepBoliVene_SCPT_5ae2ee,PUR_IED_RepBoliVene_SCPT_5ae2ee,,,,,
2026-09-12T21:11:07-05:00,PUR_IED_RepBoliVene_Socia_4b11d5,PUR_IED_RepBoliVene_Socia_4b11d5,,,,,
2026-09-12T21:11:07-05:00,PUR_IED_RepChina_Ext_76d9ee,PUR_IED_RepChina_Ext_76d9ee,,,,,
2026-09-12T21:11:07-05:00,PUR_IED_RepChina_S404_7c804c,PUR_IED_RepChina_S404_7c804c,,,,,
2026-09-12T21:11:07-05:00,PUR_IED_RepChina_S405_df2c33,PUR_IED_RepChina_S405_df2c33,,,,,
2026-09-12T21:11:07-05:00,PUR_IED_RepublicaC_Exteri_7d1ec9,PUR_IED_RepublicaC_Exteri_7d1ec9,,,,,
2026-09-12T21:11:07-05:00,PUR_IED_RepublicaC_S1101_f544b3,PUR_IED_RepublicaC_S1101_f544b3,,,,,
2026-09-12T21:11:07-05:00,PUR_IED_RepublicaC_S1102_7aafc7,PUR_IED_RepublicaC_S1102_7aafc7,,,,,
2026-09-12T21:11:07-05:00,PUR_IED_Ricaurte_Externo_a0ea1,PUR_IED_Ricaurte_Externo_a0ea1,,,,,
2026-09-12T21:11:07-05:00,PUR_IED_Ricaurte_S210_f546fd,PUR_IED_Ricaurte_S210_f546fd,,,,,
2026-09-12T21:11:07-05:00,PUR_IED_Ricaurte_S309_d4452,PUR_IED_Ricaurte_S309_d4452,,,,,
2026-09-12T21:11:07-05:00,PUR_IED_RogelioS_1102_531e69,PUR_IED_RogelioS_1102_531e69,,,,,
2026-09-12T21:11:07-05:00,PUR_IED_RogelioS_Ext_f25a18,PUR_IED_RogelioS_Ext_f25a18,,,,,
2026-09-12T21:11:07-05:00,PUR_IED_SBernardino_Ext_27aff8,PUR_IED_SBernardino_Ext_27aff8,,,,,
2026-09-12T21:11:07-05:00,PUR_IED_SBernardino_SArte_2ffd33,PUR_IED_SBernardino_SArte_2ffd33,,,,,
2026-09-12T21:11:07-05:00,PUR_IED_SBernardino_SIngl_7c7da5,PUR_IED_SBernardino_SIngl_7c7da5,,,,,
2026-09-12T21:11:07-05:00,PUR_IED_Sago_auditorio_dc9d1d,PUR_IED_Sago_auditorio_dc9d1d,,,,,
2026-09-12T21:11:07-05:00,PUR_IED_Saludcoop_Ext_95aac3,PUR_IED_Saludcoop_Ext_95aac3,,,,,
2026-09-12T21:11:07-05:00,PUR_IED_Saludcoop_InfI_90c854,PUR_IED_Saludcoop_InfI_90c854,,,,,
2026-09-12T21:11:07-05:00,PUR_IED_Saludcoop_SMedia_1b93be,PUR_IED_Saludcoop_SMedia_1b93be,,,,,
2026-09-12T21:11:07-05:00,PUR_IED_SanCarlos_1101_1a2360,PUR_IED_SanCarlos_1101_1a2360,,,,,
2026-09-12T21:11:07-05:00,PUR_IED_SanCarlos_1103_7bafb5,PUR_IED_SanCarlos_1103_7bafb5,,,,,
2026-09-12T21:11:07-05:00,PUR_IED_SanCarlos_Ext_b7cd1,PUR_IED_SanCarlos_Ext_b7cd1,,,,,
2026-09-12T21:11:07-05:00,PUR_IED_SanIgnacioBosa11a_50c26e,PUR_IED_SanIgnacioBosa11a_50c26e,,,,,
2026-09-12T21:11:07-05:00,PUR_IED_SanIgnacioBosa11b_371de8,PUR_IED_SanIgnacioBosa11b_371de8,,,,,
2026-09-12T21:11:07-05:00,PUR_IED_SanIgnacioBosaExt_ef0ffc,PUR_IED_SanIgnacioBosaExt_ef0ffc,,,,,
2026-09-12T21:11:07-05:00,PUR_IED_SanIgnacioBosa_11a_50c26e,PUR_IED_SanIgnacioBosa_11a_50c26e,,,,,
2026-09-12T21:11:07-05:00,PUR_IED_SanIgnacioBosa_Ext_ef0ffc,PUR_IED_SanIgnacioBosa_Ext_ef0ffc,,,,,
2026-09-12T21:11:07-05:00,PUR_IED_SanJoseN_intS1101_31c47f,PUR_IED_SanJoseN_intS1101_31c47f,,,,,
2026-09-12T21:11:07-05:00,PUR_IED_SanJoseUsm_Exter_f5d7e8,PUR_IED_SanJoseUsm_Exter_f5d7e8,,,,,
2026-09-12T21:11:07-05:00,PUR_IED_SanJoseUsm_Int11A_cfdef6,PUR_IED_SanJoseUsm_Int11A_cfdef6,,,,,
2026-09-12T21:11:07-05:00,PUR_IED_SilveriaR_IntB5_905349,PUR_IED_SilveriaR_IntB5_905349,,,,,
2026-09-12T21:11:07-05:00,PUR_IED_SilveriaR_IntSD14_981f93,PUR_IED_SilveriaR_IntSD14_981f93,,,,,
2026-09-12T21:11:07-05:00,PUR_IED_SilveriaR_ext_2b651d,PUR_IED_SilveriaR_ext_2b651d,,,,,
2026-09-12T21:11:07-05:00,PUR_IED_SimonB_Exterior_913975,PUR_IED_SimonB_Exterior_913975,,,,,
2026-09-12T21:11:07-05:00,PUR_IED_SimonB_LabQuimi_c56908,PUR_IED_SimonB_LabQuimi_c56908,,,,,
2026-09-12T21:11:07-05:00,PUR_IED_SimonB_informatic_a28c1,PUR_IED_SimonB_informatic_a28c1,,,,,
2026-09-12T21:11:07-05:00,PUR_IED_Sorrento_1102_315f50,PUR_IED_Sorrento_1102_315f50,,,,,
2026-09-12T21:11:07-05:00,PUR_IED_Sorrento_Minte_214eab,PUR_IED_Sorrento_Minte_214eab,,,,,
2026-09-12T21:11:07-05:00,PUR_IED_Sorrento_ext_7c3a0a,PUR_IED_Sorrento_ext_7c3a0a,,,,,
2026-09-12T21:11:07-05:00,PUR_IED_Tabora_Ext_f048ae,PUR_IED_Tabora_Ext_f048ae,,,,,
2026-09-12T21:11:07-05:00,PUR_IED_Tabora_S1102_b07752,PUR_IED_Tabora_S1102_b07752,,,,,
2026-09-12T21:11:07-05:00,PUR_IED_Tabora_S1103_d988f5,PUR_IED_Tabora_S1103_d988f5,,,,,
2026-09-12T21:11:07-05:00,PUR_IED_Tenerife_Ext_1ab188,PUR_IED_Tenerife_Ext_1ab188,,,,,
2026-09-12T21:11:07-05:00,PUR_IED_Tenerife_SDanzas_7bc02e,PUR_IED_Tenerife_SDanzas_7bc02e,,,,,
2026-09-12T21:11:07-05:00,PUR_IED_Tenerife_SIngles_7cc277,PUR_IED_Tenerife_SIngles_7cc277,,,,,
2026-09-12T21:11:07-05:00,PUR_IED_Tibabuyes_Exter_f2683d,PUR_IED_Tibabuyes_Exter_f2683d,,,,,
2026-09-12T21:11:07-05:00,PUR_IED_Tibabuyes_S10_dc87a8,PUR_IED_Tibabuyes_S10_dc87a8,,,,,
2026-09-12T21:11:07-05:00,PUR_IED_Tibabuyes_S15_dc0526,PUR_IED_Tibabuyes_S15_dc0526,,,,,
2026-09-12T21:11:07-05:00,PUR_IED_UnionE_S301_a1043,PUR_IED_UnionE_S301_a1043,,,,,
2026-09-12T21:11:07-05:00,PUR_IED_UnionE_S307_ff6c2f,PUR_IED_UnionE_S307_ff6c2f,,,,,
2026-09-12T21:11:07-05:00,PUR_IED_UnionE__Ext_5e2468,PUR_IED_UnionE__Ext_5e2468,,,,,
2026-09-12T21:11:07-05:00,PUR_IED_VillaRica_Ext_75be7c,PUR_IED_VillaRica_Ext_75be7c,,,,,
2026-09-12T21:11:07-05:00,PUR_IED_VillaRica_S4_cc5dcd,PUR_IED_VillaRica_S4_cc5dcd,,,,,
2026-09-12T21:11:07-05:00,PUR_IED_VillaRica_Sesp_99f5c,PUR_IED_VillaRica_Sesp_99f5c,,,,,
2026-09-12T21:16:07-05:00,PUR_IED_20deJulio_1101_91b1b9,PUR_IED_20deJulio_1101_91b1b9,,,,,
2026-09-12T21:16:07-05:00,PUR_IED_20deJulio_1102_1cfcf9,PUR_IED_20deJulio_1102_1cfcf9,,,,,
2026-09-12T21:16:07-05:00,PUR_IED_20deJulio_Ext_ab60bd,PUR_IED_20deJulio_Ext_ab60bd,,,,,
2026-09-12T21:16:07-05:00,PUR_IED_AgustinFer_Ext_7b9b77,PUR_IED_AgustinFer_Ext_7b9b77,,,,,
2026-09-12T21:16:07-05:00,PUR_IED_AgustinFer_Info2_27b3a7,PUR_IED_AgustinFer_Info2_27b3a7,,,,,
2026-09-12T21:16:07-05:00,PUR_IED_AgustinFer_Sena_54b4eb,PUR_IED_AgustinFer_Sena_54b4eb,,,,,
2026-09-12T21:16:07-05:00,PUR_IED_AlexanderF_1102_caf07b,PUR_IED_AlexanderF_1102_caf07b,,,,,
2026-09-12T21:16:07-05:00,PUR_IED_AlexanderF_1103_c79e71,PUR_IED_AlexanderF_1103_c79e71,,,,,
2026-09-12T21:16:07-05:00,PUR_IED_AlexanderF_Ext_c5b18b,PUR_IED_AlexanderF_Ext_c5b18b,,,,,
2026-09-12T21:16:07-05:00,PUR_IED_AlfonsoLopez_Ext_281d77,PUR_IED_AlfonsoLopez_Ext_281d77,,,,,
2026-09-12T21:16:07-05:00,PUR_IED_AlfonsoLopez_LabF_888ce0,PUR_IED_AlfonsoLopez_LabF_888ce0,,,,,
2026-09-12T21:16:07-05:00,PUR_IED_AlfonsoLopez_SMed_df6a7f,PUR_IED_AlfonsoLopez_SMed_df6a7f,,,,,
2026-09-12T21:16:07-05:00,PUR_IED_AltamiraSO_A2_209f92,PUR_IED_AltamiraSO_A2_209f92,,,,,
2026-09-12T21:16:07-05:00,PUR_IED_AltamiraSO_Ext_186d66,PUR_IED_AltamiraSO_Ext_186d66,,,,,
2026-09-12T21:16:07-05:00,PUR_IED_AltamiraSO_Sistem_27afe1,PUR_IED_AltamiraSO_Sistem_27afe1,,,,,
2026-09-12T21:16:07-05:00,PUR_IED_AlvaroGom_LabQuim_813179,PUR_IED_AlvaroGom_LabQuim_813179,,,,,
2026-09-12T21:16:07-05:00,PUR_IED_AlvaroGomez_Ext_47c7ca,PUR_IED_AlvaroGomez_Ext_47c7ca,,,,,
2026-09-12T21:16:07-05:00,PUR_IED_AlvaroGomez_LabQuim_813179,PUR_IED_AlvaroGomez_LabQuim_813179,,,,,
2026-09-12T21:16:07-05:00,PUR_IED_AlvaroGomez_S23_7ba89f,PUR_IED_AlvaroGomez_S23_7ba89f,,,,,
2026-09-12T21:16:07-05:00,PUR_IED_Amistad_306_dc8728,PUR_IED_Amistad_306_dc8728,,,,,
2026-09-12T21:16:07-05:00,PUR_IED_Amistad_Ext_8cd55e,PUR_IED_Amistad_Ext_8cd55e,,,,,
2026-09-12T21:16:07-05:00,PUR_IED_Amistad_S202_a41169,PUR_IED_Amistad_S202_a41169,,,,,
2026-09-12T21:16:07-05:00,PUR_IED_AndresBello_Bio_fd5f5e,PUR_IED_AndresBello_Bio_fd5f5e,,,,,
2026-09-12T21:16:07-05:00,PUR_IED_AndresBello_ext_dcad65,PUR_IED_AndresBello_ext_dcad65,,,,,
2026-09-12T21:16:07-05:00,PUR_IED_AndresBello_port_eed3ec,PUR_IED_AndresBello_port_eed3ec,,,,,
2026-09-12T21:16:07-05:00,PUR_IED_AngelaR_11b_d90a6b,PUR_IED_AngelaR_11b_d90a6b,,,,,
2026-09-12T21:16:07-05:00,PUR_IED_AngelaR_ext_7cad3e,PUR_IED_AngelaR_ext_7cad3e,4,19,63,4.5825,-74.164497
2026-09-12T21:16:07-05:00,PUR_IED_AntJoseSucre_10mo_df2575,PUR_IED_AntJoseSucre_10mo_df2575,,,,,
2026-09-12T21:16:07-05:00,PUR_IED_AntJoseSucre_Ext_215b36,PUR_IED_AntJoseSucre_Ext_215b36,,,,,
2026-09-12T21:16:07-05:00,PUR_IED_AntJoseSucre_Lab_3139de,PUR_IED_AntJoseSucre_Lab_3139de,,,,,
2026-09-12T21:16:07-05:00,PUR_IED_AntonioGarcia_301_d6b188,PUR_IED_AntonioGarcia_301_d6b188,,,,,
2026-09-12T21:16:07-05:00,PUR_IED_AntonioGarcia_302_88a82,PUR_IED_AntonioGarcia_302_88a82,,,,,
2026-09-12T21:16:07-05:00,PUR_IED_AntonioGarcia_Ext_20950c,PUR_IED_AntonioGarcia_Ext_20950c,,,,,
2026-09-12T21:16:07-05:00,PUR_IED_AntonioVan_Aula2_6dea02,PUR_IED_AntonioVan_Aula2_6dea02,,,,,
2026-09-12T21:16:07-05:00,PUR_IED_AntonioVan_Aula5_f1557e,PUR_IED_AntonioVan_Aula5_f1557e,,,,,
2026-09-12T21:16:07-05:00,PUR_IED_AntonioVan_Ext_406f2f,PUR_IED_AntonioVan_Ext_406f2f,,,,,
2026-09-12T21:16:07-05:00,PUR_IED_Atabanzha_Ext_cc5af9,PUR_IED_Atabanzha_Ext_cc5af9,,,,,
2026-09-12T21:16:07-05:00,PUR_IED_Atabanzha_SA101_56c37,PUR_IED_Atabanzha_SA101_56c37,,,,,
2026-09-12T21:16:07-05:00,PUR_IED_Atabanzha_SB302_27b374,PUR_IED_Atabanzha_SB302_27b374,,,,,
2026-09-12T21:16:07-05:00,PUR_IED_Atahualpa_Ext_fc1748,PUR_IED_Atahualpa_Ext_fc1748,,,,,
2026-09-12T21:16:07-05:00,PUR_IED_Atahualpa_Informa_dc9a95,PUR_IED_Atahualpa_Informa_dc9a95,,,,,
2026-09-12T21:16:07-05:00,PUR_IED_Atahualpa_S1101_f98056,PUR_IED_Atahualpa_S1101_f98056,,,,,
2026-09-12T21:16:07-05:00,PUR_IED_Bellavista_Ext_f5aa74,PUR_IED_Bellavista_Ext_f5aa74,,,,,
2026-09-12T21:16:07-05:00,PUR_IED_Bilbao_11A_916c41,PUR_IED_Bilbao_11A_916c41,,,,,
2026-09-12T21:16:07-05:00,PUR_IED_Bilbao_Ext_fb579a,PUR_IED_Bilbao_Ext_fb579a,,,,,
2026-09-12T21:16:07-05:00,PUR_IED_BrasiliaU_A125_304280,PUR_IED_BrasiliaU_A125_304280,,,,,
2026-09-12T21:16:07-05:00,PUR_IED_BrasiliaU_A203_7c8ca5,PUR_IED_BrasiliaU_A203_7c8ca5,,,,,
2026-09-12T21:16:07-05:00,PUR_IED_BrasiliaU_Ext_8d6e9f,PUR_IED_BrasiliaU_Ext_8d6e9f,7,17,64,4.5175,-74.116302
2026-09-12T21:16:07-05:00,PUR_IED_Brasilia_Ext_fe6593,PUR_IED_Brasilia_Ext_fe6593,,,,,
2026-09-12T21:16:07-05:00,PUR_IED_Brasilia_S24_7c130d,PUR_IED_Brasilia_S24_7c130d,,,,,
2026-09-12T21:16:07-05:00,PUR_IED_Brasilia_S501_186a54,PUR_IED_Brasilia_S501_186a54,,,,,
2026-09-12T21:16:07-05:00,PUR_IED_CHARRY_EXT_f1d5cd,PUR_IED_CHARRY_EXT_f1d5cd,,,,,
2026-09-12T21:16:07-05:00,PUR_IED_CHARRY_INTDANZAS_7a08e6,PUR_IED_CHARRY_INTDANZAS_7a08e6,,,,,
2026-09-12T21:16:07-05:00,PUR_IED_CHARRY_INT_AULA20_dc998d,PUR_IED_CHARRY_INT_AULA20_dc998d,,,,,
2026-09-12T21:16:07-05:00,PUR_IED_COLVIV_1101_S25_7f520a,PUR_IED_COLVIV_1101_S25_7f520a,,,,,
2026-09-12T21:16:07-05:00,PUR_IED_COLVIV_1102_S16_f570ba,PUR_IED_COLVIV_1102_S16_f570ba,,,,,
2026-09-12T21:16:07-05:00,PUR_IED_COLVIV_Ext_1a26fa,PUR_IED_COLVIV_Ext_1a26fa,,,,,
2026-09-12T21:16:07-05:00,PUR_IED_CULPOP_301A_f660f3,PUR_IED_CULPOP_301A_f660f3,,,,,
2026-09-12T21:16:07-05:00,PUR_IED_CULPOP_303_568afe,PUR_IED_CULPOP_303_568afe,,,,,
2026-09-12T21:16:07-05:00,PUR_IED_CULPOP_Ext_e02ccb,PUR_IED_CULPOP_Ext_e02ccb,,,,,
2026-09-12T21:16:07-05:00,PUR_IED_CVillavicen_Ext_26eb58,PUR_IED_CVillavicen_Ext_26eb58,5,15,77,4.487,-74.102798
2026-09-12T21:16:07-05:00,PUR_IED_CVillavicen_Intel_1ce5c2,PUR_IED_CVillavicen_Intel_1ce5c2,,,,,
2026-09-12T21:16:07-05:00,PUR_IED_CVillavicen_Poliv_e0766c,PUR_IED_CVillavicen_Poliv_e0766c,,,,,
2026-09-12T21:16:07-05:00,PUR_IED_CVillavicen_int_1ba140,PUR_IED_CVillavicen_int_1ba140,,,,,
2026-09-12T21:16:07-05:00,PUR_IED_CVillavicen_intel_1ba140,PUR_IED_CVillavicen_intel_1ba140,,,,,
2026-09-12T21:16:07-05:00,PUR_IED_CarlosPizarro_Ext_e307cc,PUR_IED_CarlosPizarro_Ext_e307cc,,,,,
2026-09-12T21:16:07-05:00,PUR_IED_CarlosPizarro_L36_7e5cdb,PUR_IED_CarlosPizarro_L36_7e5cdb,,,,,
2026-09-12T21:16:07-05:00,PUR_IED_CarlosPizarro_L37_c8566c,PUR_IED_CarlosPizarro_L37_c8566c,,,,,
2026-09-12T21:16:07-05:00,PUR_IED_Castilla_Ext_cf35f,PUR_IED_Castilla_Ext_cf35f,,,,,
2026-09-12T21:16:07-05:00,PUR_IED_Castilla_SFisik_360e38,PUR_IED_Castilla_SFisik_360e38,,,,,
2026-09-12T21:16:07-05:00,PUR_IED_Castilla_Sc304_496fbf,PUR_IED_Castilla_Sc304_496fbf,,,,,
2026-09-12T21:16:07-05:00,PUR_IED_CervantesSa_Ext_6b57b,PUR_IED_CervantesSa_Ext_6b57b,5,18,67,4.5128,-74.117203
2026-09-12T21:16:07-05:00,PUR_IED_CervantesSa_S107_225c2b,PUR_IED_CervantesSa_S107_225c2b,,,,,
2026-09-12T21:16:07-05:00,PUR_IED_CervantesSa_S108_940925,PUR_IED_CervantesSa_S108_940925,,,,,
2026-09-12T21:16:07-05:00,PUR_IED_Charry_A20_f53e7c,PUR_IED_Charry_A20_f53e7c,,,,,
2026-09-12T21:16:07-05:00,PUR_IED_Charry_Ext_f1d5cd,PUR_IED_Charry_Ext_f1d5cd,,,,,
2026-09-12T21:16:07-05:00,PUR_IED_Charry_IntAula20_dc998d,PUR_IED_Charry_IntAula20_dc998d,,,,,
2026-09-12T21:16:07-05:00,PUR_IED_Charry_IntDanzas_7a08e6,PUR_IED_Charry_IntDanzas_7a08e6,,,,,
2026-09-12T21:16:07-05:00,PUR_IED_ClememciaC_203_43e2fc,PUR_IED_ClememciaC_203_43e2fc,,,,,
2026-09-12T21:16:07-05:00,PUR_IED_ClememciaC_Ext_1b411a,PUR_IED_ClememciaC_Ext_1b411a,,,,,
2026-09-12T21:16:07-05:00,PUR_IED_ClememciaC_Quimic_44b5fc,PUR_IED_ClememciaC_Quimic_44b5fc,,,,,
2026-09-12T21:16:07-05:00,PUR_IED_ClemenciaC_203_43e2fc,PUR_IED_ClemenciaC_203_43e2fc,,,,,
2026-09-12T21:16:07-05:00,PUR_IED_ClemenciaC_Ext_1b411a,PUR_IED_ClemenciaC_Ext_1b411a,,,,,
2026-09-12T21:16:07-05:00,PUR_IED_ClemenciaC_Quimic_44b5fc,PUR_IED_ClemenciaC_Quimic_44b5fc,,,,,
2026-09-12T21:16:07-05:00,PUR_IED_ColViva_1101_S25_7f520a,PUR_IED_ColViva_1101_S25_7f520a,,,,,
2026-09-12T21:16:07-05:00,PUR_IED_ColViva_1102_S16_f570ba,PUR_IED_ColViva_1102_S16_f570ba,,,,,
2026-09-12T21:16:07-05:00,PUR_IED_ColViva_Ext_1a26fa,PUR_IED_ColViva_Ext_1a26fa,,,,,
2026-09-12T21:16:07-05:00,PUR_IED_ColegioBici_Asist_7c8798,PUR_IED_ColegioBici_Asist_7c8798,,,,,
2026-09-12T21:16:07-05:00,PUR_IED_ColegioBici_Ext_25cbf6,PUR_IED_ColegioBici_Ext_25cbf6,,,,,
2026-09-12T21:16:07-05:00,PUR_IED_ColegioBici_LabQ_7b57db,PUR_IED_ColegioBici_LabQ_7b57db,,,,,
2026-09-12T21:16:07-05:00,PUR_IED_CostaRica_Ext_5e640,PUR_IED_CostaRica_Ext_5e640,,,,,
2026-09-12T21:16:07-05:00,PUR_IED_CostaRica_Quim1_766d1c,PUR_IED_CostaRica_Quim1_766d1c,,,,,
2026-09-12T21:16:07-05:00,PUR_IED_CostaRica__Fisica_6f0873,PUR_IED_CostaRica__Fisica_6f0873,,,,,
2026-09-12T21:16:07-05:00,PUR_IED_CulPopu_301A_f660f3,PUR_IED_CulPopu_301A_f660f3,,,,,
2026-09-12T21:16:07-05:00,PUR_IED_CulPopu_303_568afe,PUR_IED_CulPopu_303_568afe,,,,,
2026-09-12T21:16:07-05:00,PUR_IED_CulPopu_Ext_e02ccb,PUR_IED_CulPopu_Ext_e02ccb,,,,,
2026-09-12T21:16:07-05:00,PUR_IED_Cundinamarca_Ext_f15985,PUR_IED_Cundinamarca_Ext_f15985,,,,,
2026-09-12T21:16:07-05:00,PUR_IED_Cundinamarca_Info_7aa5d7,PUR_IED_Cundinamarca_Info_7aa5d7,,,,,
2026-09-12T21:16:07-05:00,PUR_IED_Cundinamarca_Tec2_f449c7,PUR_IED_Cundinamarca_Tec2_f449c7,,,,,
2026-09-12T21:16:07-05:00,PUR_IED_DiegoM_Aula1_27b314,PUR_IED_DiegoM_Aula1_27b314,,,,,
2026-09-12T21:16:07-05:00,PUR_IED_DiegoM_Ext_d80ac8,PUR_IED_DiegoM_Ext_d80ac8,,,,,
2026-09-12T21:16:07-05:00,PUR_IED_DiegoM_S25_da928f,PUR_IED_DiegoM_S25_da928f,,,,,
2026-09-12T21:16:07-05:00,PUR_IED_ELRODEO_360881,PUR_IED_ELRODEO_360881,,,,,
2026-09-12T21:16:07-05:00,PUR_IED_ELRODEO_ext_360881,PUR_IED_ELRODEO_ext_360881,,,,,
2026-09-12T21:16:07-05:00,PUR_IED_EduardoU_Ext_1c1969,PUR_IED_EduardoU_Ext_1c1969,,,,,
2026-09-12T21:16:07-05:00,PUR_IED_EduardoU_SCiencia_4dfb94,PUR_IED_EduardoU_SCiencia_4dfb94,,,,,
2026-09-12T21:16:07-05:00,PUR_IED_EduardoU_SQuimica_5a46e7,PUR_IED_EduardoU_SQuimica_5a46e7,,,,,
2026-09-12T21:16:07-05:00,PUR_IED_ElRodeo_Aula14_676984,PUR_IED_ElRodeo_Aula14_676984,,,,,
2026-09-12T21:16:07-05:00,PUR_IED_ElRodeo_Aula16_2dd35b,PUR_IED_ElRodeo_Aula16_2dd35b,,,,,
2026-09-12T21:16:07-05:00,PUR_IED_ElRodeo_Ext_360881,PUR_IED_ElRodeo_Ext_360881,,,,,
2026-09-12T21:16:07-05:00,PUR_IED_ElRodeo_Exterior_8c6d28,PUR_IED_ElRodeo_Exterior_8c6d28,,,,,
2026-09-12T21:16:07-05:00,PUR_IED_ElRodeo_ext_360881,PUR_IED_ElRodeo_ext_360881,,,,,
2026-09-12T21:16:07-05:00,PUR_IED_EmmaReyes_Ext_987625,PUR_IED_EmmaReyes_Ext_987625,6,21,52,4.6367,-74.1511
2026-09-12T21:16:07-05:00,PUR_IED_Ensueño_Ext_7f0250,PUR_IED_Ensueño_Ext_7f0250,,,,,
2026-09-12T21:16:07-05:00,PUR_IED_EscNormal_Ext_5fef3b,PUR_IED_EscNormal_Ext_5fef3b,4,19,60,4.5852,-74.096901
2026-09-12T21:16:07-05:00,PUR_IED_EscNormal_S309_5b263,PUR_IED_EscNormal_S309_5b263,,,,,
2026-09-12T21:16:07-05:00,PUR_IED_EscNormal_S310_27b3b8,PUR_IED_EscNormal_S310_27b3b8,,,,,
2026-09-12T21:16:07-05:00,PUR_IED_Evangelista_Conta_f6cd4f,PUR_IED_Evangelista_Conta_f6cd4f,,,,,
2026-09-12T21:16:07-05:00,PUR_IED_Evangelista_Cri_5e16a,PUR_IED_Evangelista_Cri_5e16a,,,,,
2026-09-12T21:16:07-05:00,PUR_IED_Evangelista_Exter_754066,PUR_IED_Evangelista_Exter_754066,,,,,
2026-09-12T21:16:07-05:00,PUR_IED_FMiranda_S209_5cc2a3,PUR_IED_FMiranda_S209_5cc2a3,,,,,
2026-09-12T21:16:07-05:00,PUR_IED_FMiranda_S303_19e344,PUR_IED_FMiranda_S303_19e344,,,,,
2026-09-12T21:16:07-05:00,PUR_IED_FMiranda_ext_f53e7c,PUR_IED_FMiranda_ext_f53e7c,,,,,
2026-09-12T21:16:07-05:00,PUR_IED_FabioLozano_Bibli_1cee05,PUR_IED_FabioLozano_Bibli_1cee05,,,,,
2026-09-12T21:16:07-05:00,PUR_IED_FabioLozano_Ext_6ea285,PUR_IED_FabioLozano_Ext_6ea285,,,,,
2026-09-12T21:16:07-05:00,PUR_IED_FabioLozano_SLudi_f09e1e,PUR_IED_FabioLozano_SLudi_f09e1e,,,,,
2026-09-12T21:16:07-05:00,PUR_IED_FaustinoS_Aula07_27a731,PUR_IED_FaustinoS_Aula07_27a731,,,,,
2026-09-12T21:16:07-05:00,PUR_IED_FaustinoS_Ext_7b936f,PUR_IED_FaustinoS_Ext_7b936f,,,,,
2026-09-12T21:16:07-05:00,PUR_IED_FaustinoS_Fisica_da2c60,PUR_IED_FaustinoS_Fisica_da2c60,,,,,
2026-09-12T21:16:07-05:00,PUR_IED_FeGarciaLo_Ext_dc68ee,PUR_IED_FeGarciaLo_Ext_dc68ee,,,,,
2026-09-12T21:16:07-05:00,PUR_IED_FeGarciaLo_SDanza_f70a59,PUR_IED_FeGarciaLo_SDanza_f70a59,,,,,
2026-09-12T21:16:07-05:00,PUR_IED_FeGarciaLo_SMusic_125cdd,PUR_IED_FeGarciaLo_SMusic_125cdd,,,,,
2026-09-12T21:16:07-05:00,PUR_IED_FederalAlema_Exte_50c345,PUR_IED_FederalAlema_Exte_50c345,,,,,
2026-09-12T21:16:07-05:00,PUR_IED_FederalAlema_S31_f18371,PUR_IED_FederalAlema_S31_f18371,,,,,
2026-09-12T21:16:07-05:00,PUR_IED_FederalAlema_S901_a62cd,PUR_IED_FederalAlema_S901_a62cd,,,,,
2026-09-12T21:16:07-05:00,PUR_IED_FilarmonicaS_A5_f35eb1,PUR_IED_FilarmonicaS_A5_f35eb1,,,,,
2026-09-12T21:16:07-05:00,PUR_IED_FilarmonicaS_Ext_8a3bde,PUR_IED_FilarmonicaS_Ext_8a3bde,,,,,
2026-09-12T21:16:07-05:00,PUR_IED_FilarmonicaS_Spol_406114,PUR_IED_FilarmonicaS_Spol_406114,,,,,
2026-09-12T21:16:07-05:00,PUR_IED_FlorentinoG_A13_d1fa59,PUR_IED_FlorentinoG_A13_d1fa59,,,,,
2026-09-12T21:16:07-05:00,PUR_IED_FlorentinoG_Ext_1ce6ce,PUR_IED_FlorentinoG_Ext_1ce6ce,,,,,
2026-09-12T21:16:07-05:00,PUR_IED_FlorentinoG_Idiom_a66aac,PUR_IED_FlorentinoG_Idiom_a66aac,,,,,
2026-09-12T21:16:07-05:00,PUR_IED_FranciscoMati_Ext_e3869d,PUR_IED_FranciscoMati_Ext_e3869d,,,,,
2026-09-12T21:16:07-05:00,PUR_IED_FranciscoMati_S13_f31c67,PUR_IED_FranciscoMati_S13_f31c67,,,,,
2026-09-12T21:16:07-05:00,PUR_IED_FranciscoMati_S14_97dead,PUR_IED_FranciscoMati_S14_97dead,,,,,
2026-09-12T21:16:07-05:00,PUR_IED_FranciscoPS_Ext_7bfa9a,PUR_IED_FranciscoPS_Ext_7bfa9a,3,20,60,4.5899,-74.110397
2026-09-12T21:16:07-05:00,PUR_IED_FranciscoPS_Infor_fb8f4c,PUR_IED_FranciscoPS_Infor_fb8f4c,,,,,
2026-09-12T21:16:07-05:00,PUR_IED_FranciscoPS_Quimi_94d39c,PUR_IED_FranciscoPS_Quimi_94d39c,,,,,
2026-09-12T21:16:07-05:00,PUR_IED_FranciscoP_LabQ_d7e148,PUR_IED_FranciscoP_LabQ_d7e148,,,,,
2026-09-12T21:16:07-05:00,PUR_IED_FranciscoP_S28_cf9b30,PUR_IED_FranciscoP_S28_cf9b30,,,,,
2026-09-12T21:16:07-05:00,PUR_IED_FranciscoP_ext_e2313,PUR_IED_FranciscoP_ext_e2313,,,,,
2026-09-12T21:16:07-05:00,PUR_IED_FriederichN_Ext_8ac92a,PUR_IED_FriederichN_Ext_8ac92a,,,,,
2026-09-12T21:16:07-05:00,PUR_IED_FriederichN_S301_dd7e5a,PUR_IED_FriederichN_S301_dd7e5a,,,,,
2026-09-12T21:16:07-05:00,PUR_IED_FriederichN_S308_761f4f,PUR_IED_FriederichN_S308_761f4f,,,,,
2026-09-12T21:16:07-05:00,PUR_IED_GSantander_Aula10_533dd7,PUR_IED_GSantander_Aula10_533dd7,,,,,
2026-09-12T21:16:07-05:00,PUR_IED_GSantander_Aula12_fd4e4f,PUR_IED_GSantander_Aula12_fd4e4f,,,,,
2026-09-12T21:16:07-05:00,PUR_IED_GSantander_Aula310_533dd7,PUR_IED_GSantander_Aula310_533dd7,,,,,
2026-09-12T21:16:07-05:00,PUR_IED_GSantander_Aula312_fd4e4f,PUR_IED_GSantander_Aula312_fd4e4f,,,,,
2026-09-12T21:16:07-05:00,PUR_IED_GSantander_Ext_5f66b0,PUR_IED_GSantander_Ext_5f66b0,,,,,
2026-09-12T21:16:07-05:00,PUR_IED_GYomasa_Ext_f6bea5,PUR_IED_GYomasa_Ext_f6bea5,,,,,
2026-09-12T21:16:07-05:00,PUR_IED_GYomasa_LBiol_2c41aa,PUR_IED_GYomasa_LBiol_2c41aa,,,,,
2026-09-12T21:16:07-05:00,PUR_IED_GYomasa_LQuim_33c80,PUR_IED_GYomasa_LQuim_33c80,,,,,
2026-09-12T21:16:07-05:00,PUR_IED_GabBetMejia_Cienc_5a99c,PUR_IED_GabBetMejia_Cienc_5a99c,,,,,
2026-09-12T21:16:07-05:00,PUR_IED_GabBetMejia_Ext_9153d0,PUR_IED_GabBetMejia_Ext_9153d0,,,,,
2026-09-12T21:16:07-05:00,PUR_IED_GabBetMejia_Lab_f55347,PUR_IED_GabBetMejia_Lab_f55347,,,,,
2026-09-12T21:16:07-05:00,PUR_IED_GabBetanMejia_Ext_9153d0,PUR_IED_GabBetanMejia_Ext_9153d0,,,,,
2026-09-12T21:16:07-05:00,PUR_IED_Gaitana_Aula13_7aac11,PUR_IED_Gaitana_Aula13_7aac11,,,,,
2026-09-12T21:16:07-05:00,PUR_IED_Gaitana_Ext_5fcf4,PUR_IED_Gaitana_Ext_5fcf4,,,,,
2026-09-12T21:16:07-05:00,PUR_IED_Gaitana_LabFisica_644448,PUR_IED_Gaitana_LabFisica_644448,,,,,
2026-09-12T21:16:07-05:00,PUR_IED_GenSantander_Dise_8ac858,PUR_IED_GenSantander_Dise_8ac858,,,,,
2026-09-12T21:16:07-05:00,PUR_IED_GenSantander_Ext_8d5dfe,PUR_IED_GenSantander_Ext_8d5dfe,,,,,
2026-09-12T21:16:07-05:00,PUR_IED_GenSantander_Info_6c25b,PUR_IED_GenSantander_Info_6c25b,,,,,
2026-09-12T21:16:07-05:00,PUR_IED_GustavoMo_Exterio_75e63d,PUR_IED_GustavoMo_Exterio_75e63d,,,,,
2026-09-12T21:16:07-05:00,PUR_IED_GustavoMo_LabFisi_224d37,PUR_IED_GustavoMo_LabFisi_224d37,,,,,
2026-09-12T21:16:07-05:00,PUR_IED_GustavoMo_S208_3e6918,PUR_IED_GustavoMo_S208_3e6918,,,,,
2026-09-12T21:16:07-05:00,PUR_IED_GustavoR_A02_8cd4a8,PUR_IED_GustavoR_A02_8cd4a8,,,,,
2026-09-12T21:16:07-05:00,PUR_IED_GustavoR_B11_5b0ed,PUR_IED_GustavoR_B11_5b0ed,,,,,
2026-09-12T21:16:07-05:00,PUR_IED_GustavoR_Ext_7a0c90,PUR_IED_GustavoR_Ext_7a0c90,,,,,
2026-09-12T21:16:07-05:00,PUR_IED_HernandoDuran_Ext_8cd82b,PUR_IED_HernandoDuran_Ext_8cd82b,,,,,
2026-09-12T21:16:07-05:00,PUR_IED_HernandoDuran_S24_2772c6,PUR_IED_HernandoDuran_S24_2772c6,,,,,
2026-09-12T21:16:07-05:00,PUR_IED_HernandoDuran_S30_f2de41,PUR_IED_HernandoDuran_S30_f2de41,,,,,
2026-09-12T21:16:07-05:00,PUR_IED_HolguInUr_S1101_8cd732,PUR_IED_HolguInUr_S1101_8cd732,,,,,
2026-09-12T21:16:07-05:00,PUR_IED_HolguinUr_Exter_ddae6d,PUR_IED_HolguinUr_Exter_ddae6d,,,,,
2026-09-12T21:16:07-05:00,PUR_IED_HolguinUr_LabQuim_92b952,PUR_IED_HolguinUr_LabQuim_92b952,,,,,
2026-09-12T21:16:07-05:00,PUR_IED_Isabel-II_Ext_5245cc,PUR_IED_Isabel-II_Ext_5245cc,6,20,56,4.6336,-74.153
2026-09-12T21:16:07-05:00,PUR_IED_Isabel-II_S_idiom_1c29aa,PUR_IED_Isabel-II_S_idiom_1c29aa,,,,,
2026-09-12T21:16:07-05:00,PUR_IED_Isabel-II_S_infor_fd741,PUR_IED_Isabel-II_S_infor_fd741,,,,,
2026-09-12T21:16:07-05:00,PUR_IED_IsidroSur_Exterio_5b90ea,PUR_IED_IsidroSur_Exterio_5b90ea,,,,,
2026-09-12T21:16:07-05:00,PUR_IED_IsidroSur_LabTec_56697a,PUR_IED_IsidroSur_LabTec_56697a,,,,,
2026-09-12T21:16:07-05:00,PUR_IED_IsidroSur_Robotic_b7c38f,PUR_IED_IsidroSur_Robotic_b7c38f,,,,,
2026-09-12T21:16:07-05:00,PUR_IED_IsmaelPerd_Ext_7b6672,PUR_IED_IsmaelPerd_Ext_7b6672,,,,,
2026-09-12T21:16:07-05:00,PUR_IED_IsmaelPerd_Inform_306540,PUR_IED_IsmaelPerd_Inform_306540,,,,,
2026-09-12T21:16:07-05:00,PUR_IED_IsmaelPerd_S30_2e2c83,PUR_IED_IsmaelPerd_S30_2e2c83,,,,,
2026-09-12T21:16:07-05:00,PUR_IED_JLozano_Exter_432910,PUR_IED_JLozano_Exter_432910,,,,,
2026-09-12T21:16:07-05:00,PUR_IED_JLozano_salaMulti_df5125,PUR_IED_JLozano_salaMulti_df5125,,,,,
2026-09-12T21:16:07-05:00,PUR_IED_JMCordoba_206_86f80b,PUR_IED_JMCordoba_206_86f80b,,,,,
2026-09-12T21:16:07-05:00,PUR_IED_JMCordoba_Ext_27ad97,PUR_IED_JMCordoba_Ext_27ad97,,,,,
2026-09-12T21:16:07-05:00,PUR_IED_JMCordoba_S310_d59ab4,PUR_IED_JMCordoba_S310_d59ab4,,,,,
2026-09-12T21:16:07-05:00,PUR_IED_Japon_Ext_549100,PUR_IED_Japon_Ext_549100,,,,,
2026-09-12T21:16:07-05:00,PUR_IED_Japon_Laboratorio_bec51d,PUR_IED_Japon_Laboratorio_bec51d,,,,,
2026-09-12T21:16:07-05:00,PUR_IED_Japon_informatica_d99327,PUR_IED_Japon_informatica_d99327,,,,,
2026-09-12T21:16:07-05:00,PUR_IED_Jazmin_Ext_d27bda,PUR_IED_Jazmin_Ext_d27bda,,,,,
2026-09-12T21:16:07-05:00,PUR_IED_Jazmin_Fisica_8d14d7,PUR_IED_Jazmin_Fisica_8d14d7,,,,,
2026-09-12T21:16:07-05:00,PUR_IED_Jazmin_Quimica_801cb5,PUR_IED_Jazmin_Quimica_801cb5,,,,,
2026-09-12T21:16:07-05:00,PUR_IED_JorgeGaitan_Exter_f098d1,PUR_IED_JorgeGaitan_Exter_f098d1,,,,,
2026-09-12T21:16:07-05:00,PUR_IED_JorgeGaitan_STec1_dc9d1d,PUR_IED_JorgeGaitan_STec1_dc9d1d,,,,,
2026-09-12T21:16:07-05:00,PUR_IED_JorgeGaitan_STec2_281e69,PUR_IED_JorgeGaitan_STec2_281e69,,,,,
2026-09-12T21:16:07-05:00,PUR_IED_JorgeSoto_Exterio_d9d0a2,PUR_IED_JorgeSoto_Exterio_d9d0a2,,,,,
2026-09-12T21:16:07-05:00,PUR_IED_JorgeSoto_LabFisi_209c54,PUR_IED_JorgeSoto_LabFisi_209c54,,,,,
2026-09-12T21:16:07-05:00,PUR_IED_JorgeSoto_S103_27b51a,PUR_IED_JorgeSoto_S103_27b51a,,,,,
2026-09-12T21:16:07-05:00,PUR_IED_JoseAcevedo_A02_e965eb,PUR_IED_JoseAcevedo_A02_e965eb,,,,,
2026-09-12T21:16:07-05:00,PUR_IED_JoseAcevedo_A07_dd5b4,PUR_IED_JoseAcevedo_A07_dd5b4,,,,,
2026-09-12T21:16:07-05:00,PUR_IED_JoseAcevedo_Ext_b47484,PUR_IED_JoseAcevedo_Ext_b47484,,,,,
2026-09-12T21:16:07-05:00,PUR_IED_JoseMarti_Exte_5b9bf,PUR_IED_JoseMarti_Exte_5b9bf,,,,,
2026-09-12T21:16:07-05:00,PUR_IED_JoseMarti_LabQuim_1c6c2d,PUR_IED_JoseMarti_LabQuim_1c6c2d,,,,,
2026-09-12T21:16:07-05:00,PUR_IED_JoseMarti_S_info_f5f177,PUR_IED_JoseMarti_S_info_f5f177,,,,,
2026-09-12T21:16:07-05:00,PUR_IED_Josejoaquin_Ext_dfc5dc,PUR_IED_Josejoaquin_Ext_dfc5dc,,,,,
2026-09-12T21:16:07-05:00,PUR_IED_Josejoaquin_S05_5b2a96,PUR_IED_Josejoaquin_S05_5b2a96,,,,,
2026-09-12T21:16:07-05:00,PUR_IED_Josejoaquin_S06_1ce7d2,PUR_IED_Josejoaquin_S06_1ce7d2,,,,,
2026-09-12T21:16:07-05:00,PUR_IED_JulioFlorez_Danza_9b82dd,PUR_IED_JulioFlorez_Danza_9b82dd,,,,,
2026-09-12T21:16:07-05:00,PUR_IED_JulioFlorez_Exter_f9f314,PUR_IED_JulioFlorez_Exter_f9f314,,,,,
2026-09-12T21:16:07-05:00,PUR_IED_JulioFlorez_info2_6b6e08,PUR_IED_JulioFlorez_info2_6b6e08,,,,,
2026-09-12T21:16:07-05:00,PUR_IED_LaBelleza_Aula13_1d00d8,PUR_IED_LaBelleza_Aula13_1d00d8,,,,,
2026-09-12T21:16:07-05:00,PUR_IED_LaBelleza_Ext_7bc08c,PUR_IED_LaBelleza_Ext_7bc08c,,,,,
2026-09-12T21:16:07-05:00,PUR_IED_LaChucua_Ext_8cd6d2,PUR_IED_LaChucua_Ext_8cd6d2,,,,,
2026-09-12T21:16:07-05:00,PUR_IED_LaChucua_S15_f578ce,PUR_IED_LaChucua_S15_f578ce,,,,,
2026-09-12T21:16:07-05:00,PUR_IED_LaChucua_S16_eebcf9,PUR_IED_LaChucua_S16_eebcf9,,,,,
2026-09-12T21:16:07-05:00,PUR_IED_LaFelicidad_Ext_fb5109,PUR_IED_LaFelicidad_Ext_fb5109,,,,,
2026-09-12T21:16:07-05:00,PUR_IED_LaMerced_206_66ebd,PUR_IED_LaMerced_206_66ebd,,,,,
2026-09-12T21:16:07-05:00,PUR_IED_LaMerced_207_6ebd6,PUR_IED_LaMerced_207_6ebd6,,,,,
2026-09-12T21:16:07-05:00,PUR_IED_LaMerced_ext_304311,PUR_IED_LaMerced_ext_304311,,,,,
2026-09-12T21:16:07-05:00,PUR_IED_Laureano_CiencNat_281e5e,PUR_IED_Laureano_CiencNat_281e5e,,,,,
2026-09-12T21:16:07-05:00,PUR_IED_Laureano_Comedor_f65c0a,PUR_IED_Laureano_Comedor_f65c0a,,,,,
2026-09-12T21:16:07-05:00,PUR_IED_Laureano_Exterior_7ab011,PUR_IED_Laureano_Exterior_7ab011,,,,,
2026-09-12T21:16:07-05:00,PUR_IED_LeonGreiff_Exte_dfe560,PUR_IED_LeonGreiff_Exte_dfe560,,,,,
2026-09-12T21:16:07-05:00,PUR_IED_LeonGreiff_S210_f264ed,PUR_IED_LeonGreiff_S210_f264ed,,,,,
2026-09-12T21:16:07-05:00,PUR_IED_LeonGreiff_SQuimi_e8296f,PUR_IED_LeonGreiff_SQuimi_e8296f,,,,,
2026-09-12T21:16:07-05:00,PUR_IED_LlanoOrientalS208_7b9fcd,PUR_IED_LlanoOrientalS208_7b9fcd,,,,,
2026-09-12T21:16:07-05:00,PUR_IED_LlanoOriental_Ext_fb3766,PUR_IED_LlanoOriental_Ext_fb3766,,,,,
2026-09-12T21:16:07-05:00,PUR_IED_LlanoOriental_S208_7b9fcd,PUR_IED_LlanoOriental_S208_7b9fcd,,,,,
2026-09-12T21:16:07-05:00,PUR_IED_LlanoOriental_S9_27b378,PUR_IED_LlanoOriental_S9_27b378,,,,,
2026-09-12T21:16:07-05:00,PUR_IED_LosTejares_1101_477602,PUR_IED_LosTejares_1101_477602,,,,,
2026-09-12T21:16:07-05:00,PUR_IED_LosTejares_11_d2c595,PUR_IED_LosTejares_11_d2c595,,,,,
2026-09-12T21:16:07-05:00,PUR_IED_LosTejares_12_477602,PUR_IED_LosTejares_12_477602,,,,,
2026-09-12T21:16:07-05:00,PUR_IED_LosTejares_Ext_8e2115,PUR_IED_LosTejares_Ext_8e2115,,,,,
2026-09-12T21:16:07-05:00,PUR_IED_MagdalenaO_B202_5ddda3,PUR_IED_MagdalenaO_B202_5ddda3,,,,,
2026-09-12T21:16:07-05:00,PUR_IED_MagdalenaO_B205_fb76e8,PUR_IED_MagdalenaO_B205_fb76e8,,,,,
2026-09-12T21:16:07-05:00,PUR_IED_MagdalenaO_ext_dc69cd,PUR_IED_MagdalenaO_ext_dc69cd,,,,,
2026-09-12T21:16:07-05:00,PUR_IED_ManueCepeda_artes_eee956,PUR_IED_ManueCepeda_artes_eee956,,,,,
2026-09-12T21:16:07-05:00,PUR_IED_ManuelCepeda_Ext_58313,PUR_IED_ManuelCepeda_Ext_58313,,,,,
2026-09-12T21:16:07-05:00,PUR_IED_ManuelCepeda_tec_1c5731,PUR_IED_ManuelCepeda_tec_1c5731,,,,,
2026-09-12T21:16:07-05:00,PUR_IED_ManuelS_Exterior_5b269,PUR_IED_ManuelS_Exterior_5b269,,,,,
2026-09-12T21:16:07-05:00,PUR_IED_ManuelS_Inform_f369ce,PUR_IED_ManuelS_Inform_f369ce,,,,,
2026-09-12T21:16:07-05:00,PUR_IED_ManuelS_SArtes_7d15f1,PUR_IED_ManuelS_SArtes_7d15f1,,,,,
2026-09-12T21:16:07-05:00,PUR_IED_ManuelZapata_303_3ca6,PUR_IED_ManuelZapata_303_3ca6,,,,,
2026-09-12T21:16:07-05:00,PUR_IED_ManuelZapata_311_bfbabc,PUR_IED_ManuelZapata_311_bfbabc,,,,,
2026-09-12T21:16:07-05:00,PUR_IED_ManuelZapata_Ext_50824a,PUR_IED_ManuelZapata_Ext_50824a,,,,,
2026-09-12T21:16:07-05:00,PUR_IED_ManuelitaS_Exteri_656a92,PUR_IED_ManuelitaS_Exteri_656a92,,,,,
2026-09-12T21:16:07-05:00,PUR_IED_ManuelitaS_JuzgDe_f58ec3,PUR_IED_ManuelitaS_JuzgDe_f58ec3,,,,,
2026-09-12T21:16:07-05:00,PUR_IED_ManuelitaS_Recrea_d793db,PUR_IED_ManuelitaS_Recrea_d793db,,,,,
2026-09-12T21:16:07-05:00,PUR_IED_MarFidSuarez_Ext_c27b19,PUR_IED_MarFidSuarez_Ext_c27b19,,,,,
2026-09-12T21:16:07-05:00,PUR_IED_MarFidSuarez_Info_e384d7,PUR_IED_MarFidSuarez_Info_e384d7,,,,,
2026-09-12T21:16:07-05:00,PUR_IED_MarFidSuarez_S306_1d0032,PUR_IED_MarFidSuarez_S306_1d0032,,,,,
2026-09-12T21:16:07-05:00,PUR_IED_Menorah_301_2a25a3,PUR_IED_Menorah_301_2a25a3,,,,,
2026-09-12T21:16:07-05:00,PUR_IED_Menorah_306_37ed3,PUR_IED_Menorah_306_37ed3,,,,,
2026-09-12T21:16:07-05:00,PUR_IED_Menorah_Ext_3e155b,PUR_IED_Menorah_Ext_3e155b,,,,,
2026-09-12T21:16:07-05:00,PUR_IED_MinutoB.Aires_A11_1b1604,PUR_IED_MinutoB.Aires_A11_1b1604,,,,,
2026-09-12T21:16:07-05:00,PUR_IED_MinutoB.Aires_A12_fb5860,PUR_IED_MinutoB.Aires_A12_fb5860,,,,,
2026-09-12T21:16:07-05:00,PUR_IED_MinutoB.Aires_Ext_81293f,PUR_IED_MinutoB.Aires_Ext_81293f,,,,,
2026-09-12T21:16:07-05:00,PUR_IED_MinutoBAires_A11_1b1604,PUR_IED_MinutoBAires_A11_1b1604,,,,,
2026-09-12T21:16:07-05:00,PUR_IED_MinutoBAires_A12_fb5860,PUR_IED_MinutoBAires_A12_fb5860,,,,,
2026-09-12T21:16:07-05:00,PUR_IED_MinutoBAires_Ext_81293f,PUR_IED_MinutoBAires_Ext_81293f,,,,,
2026-09-12T21:16:07-05:00,PUR_IED_Montreal_Aula10_1e4959,PUR_IED_Montreal_Aula10_1e4959,,,,,
2026-09-12T21:16:07-05:00,PUR_IED_Montreal_Aula6_300367,PUR_IED_Montreal_Aula6_300367,,,,,
2026-09-12T21:16:07-05:00,PUR_IED_Montreal_Exterior_91a179,PUR_IED_Montreal_Exterior_91a179,,,,,
2026-09-12T21:16:07-05:00,PUR_IED_Mqgdalena_B202_5ddda3,PUR_IED_Mqgdalena_B202_5ddda3,,,,,
2026-09-12T21:16:07-05:00,PUR_IED_NACUND_Soc_dc8728,PUR_IED_NACUND_Soc_dc8728,,,,,
2026-09-12T21:16:07-05:00,PUR_IED_NACUND_ext_27ad97,PUR_IED_NACUND_ext_27ad97,,,,,
2026-09-12T21:16:07-05:00,PUR_IED_NEsperanza_Ext_d24b61,PUR_IED_NEsperanza_Ext_d24b61,,,,,
2026-09-12T21:16:07-05:00,PUR_IED_NEsperanza_SElect_7d1807,PUR_IED_NEsperanza_SElect_7d1807,,,,,
2026-09-12T21:16:07-05:00,PUR_IED_NEsperanza_SLabor_8b2d0a,PUR_IED_NEsperanza_SLabor_8b2d0a,,,,,
2026-09-12T21:16:07-05:00,PUR_IED_NacionesU_Ext_f661a9,PUR_IED_NacionesU_Ext_f661a9,,,,,
2026-09-12T21:16:07-05:00,PUR_IED_NacionesU_Quimica_66f0a,PUR_IED_NacionesU_Quimica_66f0a,,,,,
2026-09-12T21:16:07-05:00,PUR_IED_NacionesU_S306_1b4b3d,PUR_IED_NacionesU_S306_1b4b3d,,,,,
2026-09-12T21:16:07-05:00,PUR_IED_NestorFA_Ext_e4201c,PUR_IED_NestorFA_Ext_e4201c,,,,,
2026-09-12T21:16:07-05:00,PUR_IED_NestorFA_Laborato_f22fe0,PUR_IED_NestorFA_Laborato_f22fe0,,,,,
2026-09-12T21:16:07-05:00,PUR_IED_NestorFA_S204_dee996,PUR_IED_NestorFA_S204_dee996,,,,,
2026-09-12T21:16:07-05:00,PUR_IED_NidyaQT_Aula03_76999b,PUR_IED_NidyaQT_Aula03_76999b,,,,,
2026-09-12T21:16:07-05:00,PUR_IED_NidyaQT_Aula10_56325,PUR_IED_NidyaQT_Aula10_56325,,,,,
2026-09-12T21:16:07-05:00,PUR_IED_NidyaQT_Ext_46e32d,PUR_IED_NidyaQT_Ext_46e32d,,,,,
2026-09-12T21:16:07-05:00,PUR_IED_NuevaCol_Exterior_d9b859,PUR_IED_NuevaCol_Exterior_d9b859,,,,,
2026-09-12T21:16:07-05:00,PUR_IED_NuevaCol_S1101_76c43b,PUR_IED_NuevaCol_S1101_76c43b,,,,,
2026-09-12T21:16:07-05:00,PUR_IED_NuevaCol_S1102_1ce0b5,PUR_IED_NuevaCol_S1102_1ce0b5,,,,,
2026-09-12T21:16:07-05:00,PUR_IED_OEA_A202_f7e3f2,PUR_IED_OEA_A202_f7e3f2,,,,,
2026-09-12T21:16:07-05:00,PUR_IED_OEA_A203_7d1b8d,PUR_IED_OEA_A203_7d1b8d,,,,,
2026-09-12T21:16:07-05:00,PUR_IED_OEA_Ext_27b593,PUR_IED_OEA_Ext_27b593,,,,,
2026-09-12T21:16:07-05:00,PUR_IED_Ochoa_Ext_1c29da,PUR_IED_Ochoa_Ext_1c29da,,,,,
2026-09-12T21:16:07-05:00,PUR_IED_Ochoa_S205_8b1121,PUR_IED_Ochoa_S205_8b1121,,,,,
2026-09-12T21:16:07-05:00,PUR_IED_Ochoa_Sistemas_f33af6,PUR_IED_Ochoa_Sistemas_f33af6,,,,,
2026-09-12T21:16:07-05:00,PUR_IED_PQuebec_Ext_1c67c7,PUR_IED_PQuebec_Ext_1c67c7,,,,,
2026-09-12T21:16:07-05:00,PUR_IED_PQuebec_S15_23e8e2,PUR_IED_PQuebec_S15_23e8e2,,,,,
2026-09-12T21:16:07-05:00,PUR_IED_PQuebec_S16_8ec76b,PUR_IED_PQuebec_S16_8ec76b,,,,,
2026-09-12T21:16:07-05:00,PUR_IED_PabloN_Ext_49dc96,PUR_IED_PabloN_Ext_49dc96,,,,,
2026-09-12T21:16:07-05:00,PUR_IED_PabloN_S1102_4e3df5,PUR_IED_PabloN_S1102_4e3df5,,,,,
2026-09-12T21:16:07-05:00,PUR_IED_PabloN_S1103_50c94b,PUR_IED_PabloN_S1103_50c94b,,,,,
2026-09-12T21:16:07-05:00,PUR_IED_Palestina_S1101_db9198,PUR_IED_Palestina_S1101_db9198,,,,,
2026-09-12T21:16:07-05:00,PUR_IED_Palestina_S1102_dc54fa,PUR_IED_Palestina_S1102_dc54fa,,,,,
2026-09-12T21:16:07-05:00,PUR_IED_Palestina_ext_4ccce6,PUR_IED_Palestina_ext_4ccce6,,,,,
2026-09-12T21:16:07-05:00,PUR_IED_Panama_Fisica_4d0794,PUR_IED_Panama_Fisica_4d0794,,,,,
2026-09-12T21:16:07-05:00,PUR_IED_Panama_SIngles_a4077e,PUR_IED_Panama_SIngles_a4077e,,,,,
2026-09-12T21:16:07-05:00,PUR_IED_Panama_ext_4c54b4,PUR_IED_Panama_ext_4c54b4,,,,,
2026-09-12T21:16:07-05:00,PUR_IED_ParaisoM_Exterior_8cd7f0,PUR_IED_ParaisoM_Exterior_8cd7f0,,,,,
2026-09-12T21:16:07-05:00,PUR_IED_ParaisoM_Laborato_27af35,PUR_IED_ParaisoM_Laborato_27af35,,,,,
2026-09-12T21:16:07-05:00,PUR_IED_ParaisoM_S304_d1edca,PUR_IED_ParaisoM_S304_d1edca,,,,,
2026-09-12T21:16:07-05:00,PUR_IED_PorfirioBarba_Ext_301466,PUR_IED_PorfirioBarba_Ext_301466,,,,,
2026-09-12T21:16:07-05:00,PUR_IED_PorfirioBarba_S11_df6cd2,PUR_IED_PorfirioBarba_S11_df6cd2,,,,,
2026-09-12T21:16:07-05:00,PUR_IED_PorfirioBarba_S29_27a7d6,PUR_IED_PorfirioBarba_S29_27a7d6,,,,,
2026-09-12T21:16:07-05:00,PUR_IED_PradoV_Exter_8b27ad,PUR_IED_PradoV_Exter_8b27ad,,,,,
2026-09-12T21:16:07-05:00,PUR_IED_PradoV_S301_de65b5,PUR_IED_PradoV_S301_de65b5,,,,,
2026-09-12T21:16:07-05:00,PUR_IED_PradoV_S302_7d2593,PUR_IED_PradoV_S302_7d2593,,,,,
2026-09-12T21:16:07-05:00,PUR_IED_QuirogaAlz_Ext_1ddc82,PUR_IED_QuirogaAlz_Ext_1ddc82,,,,,
2026-09-12T21:16:07-05:00,PUR_IED_QuirogaAlz_S302_9926a3,PUR_IED_QuirogaAlz_S302_9926a3,,,,,
2026-09-12T21:16:07-05:00,PUR_IED_QuirogaAlz_S305_cdf1f1,PUR_IED_QuirogaAlz_S305_cdf1f1,,,,,
2026-09-12T21:16:07-05:00,PUR_IED_RGuatemala_Biling_dc53b7,PUR_IED_RGuatemala_Biling_dc53b7,,,,,
2026-09-12T21:16:07-05:00,PUR_IED_RGuatemala_Ext_1b89a3,PUR_IED_RGuatemala_Ext_1b89a3,,,,,
2026-09-12T21:16:07-05:00,PUR_IED_RGuatemala_Tecnol_281a34,PUR_IED_RGuatemala_Tecnol_281a34,,,,,
2026-09-12T21:16:07-05:00,PUR_IED_RafaNu_Ext_f7c302,PUR_IED_RafaNu_Ext_f7c302,,,,,
2026-09-12T21:16:07-05:00,PUR_IED_RafaNu_S1101_25fde,PUR_IED_RafaNu_S1101_25fde,,,,,
2026-09-12T21:16:07-05:00,PUR_IED_RafaNu_S1102_281517,PUR_IED_RafaNu_S1102_281517,,,,,
2026-09-12T21:16:07-05:00,PUR_IED_RafaelB_S305_ee2783,PUR_IED_RafaelB_S305_ee2783,,,,,
2026-09-12T21:16:07-05:00,PUR_IED_RafaelB_S306_75fe33,PUR_IED_RafaelB_S306_75fe33,,,,,
2026-09-12T21:16:07-05:00,PUR_IED_RafaelB_ext_283336,PUR_IED_RafaelB_ext_283336,3,19,60,4.6722,-74.0737
2026-09-12T21:16:07-05:00,PUR_IED_RafaelUU_Exterior_281a51,PUR_IED_RafaelUU_Exterior_281a51,,,,,
2026-09-12T21:16:07-05:00,PUR_IED_RafaelUU_Human_806b2,PUR_IED_RafaelUU_Human_806b2,,,,,
2026-09-12T21:16:07-05:00,PUR_IED_RafaelUU_Mate2_5680d4,PUR_IED_RafaelUU_Mate2_5680d4,,,,,
2026-09-12T21:16:07-05:00,PUR_IED_RamonSub_Ext_f9eeb9,PUR_IED_RamonSub_Ext_f9eeb9,,,,,
2026-09-12T21:16:07-05:00,PUR_IED_RamonSub_Media_d1f62f,PUR_IED_RamonSub_Media_d1f62f,,,,,
2026-09-12T21:16:07-05:00,PUR_IED_RamonSub_planta_51b82,PUR_IED_RamonSub_planta_51b82,,,,,
2026-09-12T21:16:07-05:00,PUR_IED_RepBoliVene_Exter_27af7c,PUR_IED_RepBoliVene_Exter_27af7c,,,,,
2026-09-12T21:16:07-05:00,PUR_IED_RepBoliVene_SCPT_5ae2ee,PUR_IED_RepBoliVene_SCPT_5ae2ee,,,,,
2026-09-12T21:16:07-05:00,PUR_IED_RepBoliVene_Socia_4b11d5,PUR_IED_RepBoliVene_Socia_4b11d5,,,,,
2026-09-12T21:16:07-05:00,PUR_IED_RepChina_Ext_76d9ee,PUR_IED_RepChina_Ext_76d9ee,,,,,
2026-09-12T21:16:07-05:00,PUR_IED_RepChina_S404_7c804c,PUR_IED_RepChina_S404_7c804c,,,,,
2026-09-12T21:16:07-05:00,PUR_IED_RepChina_S405_df2c33,PUR_IED_RepChina_S405_df2c33,,,,,
2026-09-12T21:16:07-05:00,PUR_IED_RepublicaC_Exteri_7d1ec9,PUR_IED_RepublicaC_Exteri_7d1ec9,,,,,
2026-09-12T21:16:07-05:00,PUR_IED_RepublicaC_S1101_f544b3,PUR_IED_RepublicaC_S1101_f544b3,,,,,
2026-09-12T21:16:07-05:00,PUR_IED_RepublicaC_S1102_7aafc7,PUR_IED_RepublicaC_S1102_7aafc7,,,,,
2026-09-12T21:16:07-05:00,PUR_IED_Ricaurte_Externo_a0ea1,PUR_IED_Ricaurte_Externo_a0ea1,,,,,
2026-09-12T21:16:07-05:00,PUR_IED_Ricaurte_S210_f546fd,PUR_IED_Ricaurte_S210_f546fd,,,,,
2026-09-12T21:16:07-05:00,PUR_IED_Ricaurte_S309_d4452,PUR_IED_Ricaurte_S309_d4452,,,,,
2026-09-12T21:16:07-05:00,PUR_IED_RogelioS_1102_531e69,PUR_IED_RogelioS_1102_531e69,,,,,
2026-09-12T21:16:07-05:00,PUR_IED_RogelioS_Ext_f25a18,PUR_IED_RogelioS_Ext_f25a18,,,,,
2026-09-12T21:16:07-05:00,PUR_IED_SBernardino_Ext_27aff8,PUR_IED_SBernardino_Ext_27aff8,,,,,
2026-09-12T21:16:07-05:00,PUR_IED_SBernardino_SArte_2ffd33,PUR_IED_SBernardino_SArte_2ffd33,,,,,
2026-09-12T21:16:07-05:00,PUR_IED_SBernardino_SIngl_7c7da5,PUR_IED_SBernardino_SIngl_7c7da5,,,,,
2026-09-12T21:16:07-05:00,PUR_IED_Sago_auditorio_dc9d1d,PUR_IED_Sago_auditorio_dc9d1d,,,,,
2026-09-12T21:16:07-05:00,PUR_IED_Saludcoop_Ext_95aac3,PUR_IED_Saludcoop_Ext_95aac3,,,,,
2026-09-12T21:16:07-05:00,PUR_IED_Saludcoop_InfI_90c854,PUR_IED_Saludcoop_InfI_90c854,,,,,
2026-09-12T21:16:07-05:00,PUR_IED_Saludcoop_SMedia_1b93be,PUR_IED_Saludcoop_SMedia_1b93be,,,,,
2026-09-12T21:16:07-05:00,PUR_IED_SanCarlos_1101_1a2360,PUR_IED_SanCarlos_1101_1a2360,,,,,
2026-09-12T21:16:07-05:00,PUR_IED_SanCarlos_1103_7bafb5,PUR_IED_SanCarlos_1103_7bafb5,,,,,
2026-09-12T21:16:07-05:00,PUR_IED_SanCarlos_Ext_b7cd1,PUR_IED_SanCarlos_Ext_b7cd1,,,,,
2026-09-12T21:16:07-05:00,PUR_IED_SanIgnacioBosa11a_50c26e,PUR_IED_SanIgnacioBosa11a_50c26e,,,,,
2026-09-12T21:16:07-05:00,PUR_IED_SanIgnacioBosa11b_371de8,PUR_IED_SanIgnacioBosa11b_371de8,,,,,
2026-09-12T21:16:07-05:00,PUR_IED_SanIgnacioBosaExt_ef0ffc,PUR_IED_SanIgnacioBosaExt_ef0ffc,,,,,
2026-09-12T21:16:07-05:00,PUR_IED_SanIgnacioBosa_11a_50c26e,PUR_IED_SanIgnacioBosa_11a_50c26e,,,,,
2026-09-12T21:16:07-05:00,PUR_IED_SanIgnacioBosa_Ext_ef0ffc,PUR_IED_SanIgnacioBosa_Ext_ef0ffc,,,,,
2026-09-12T21:16:07-05:00,PUR_IED_SanJoseN_intS1101_31c47f,PUR_IED_SanJoseN_intS1101_31c47f,,,,,
2026-09-12T21:16:07-05:00,PUR_IED_SanJoseUsm_Exter_f5d7e8,PUR_IED_SanJoseUsm_Exter_f5d7e8,,,,,
2026-09-12T21:16:07-05:00,PUR_IED_SanJoseUsm_Int11A_cfdef6,PUR_IED_SanJoseUsm_Int11A_cfdef6,,,,,
2026-09-12T21:16:07-05:00,PUR_IED_SilveriaR_IntB5_905349,PUR_IED_SilveriaR_IntB5_905349,,,,,
2026-09-12T21:16:07-05:00,PUR_IED_SilveriaR_IntSD14_981f93,PUR_IED_SilveriaR_IntSD14_981f93,,,,,
2026-09-12T21:16:07-05:00,PUR_IED_SilveriaR_ext_2b651d,PUR_IED_SilveriaR_ext_2b651d,,,,,
2026-09-12T21:16:07-05:00,PUR_IED_SimonB_Exterior_913975,PUR_IED_SimonB_Exterior_913975,,,,,
2026-09-12T21:16:07-05:00,PUR_IED_SimonB_LabQuimi_c56908,PUR_IED_SimonB_LabQuimi_c56908,,,,,
2026-09-12T21:16:07-05:00,PUR_IED_SimonB_informatic_a28c1,PUR_IED_SimonB_informatic_a28c1,,,,,
2026-09-12T21:16:07-05:00,PUR_IED_Sorrento_1102_315f50,PUR_IED_Sorrento_1102_315f50,,,,,
2026-09-12T21:16:07-05:00,PUR_IED_Sorrento_Minte_214eab,PUR_IED_Sorrento_Minte_214eab,,,,,
2026-09-12T21:16:07-05:00,PUR_IED_Sorrento_ext_7c3a0a,PUR_IED_Sorrento_ext_7c3a0a,,,,,
2026-09-12T21:16:07-05:00,PUR_IED_Tabora_Ext_f048ae,PUR_IED_Tabora_Ext_f048ae,,,,,
2026-09-12T21:16:07-05:00,PUR_IED_Tabora_S1102_b07752,PUR_IED_Tabora_S1102_b07752,,,,,
2026-09-12T21:16:07-05:00,PUR_IED_Tabora_S1103_d988f5,PUR_IED_Tabora_S1103_d988f5,,,,,
2026-09-12T21:16:07-05:00,PUR_IED_Tenerife_Ext_1ab188,PUR_IED_Tenerife_Ext_1ab188,,,,,
2026-09-12T21:16:07-05:00,PUR_IED_Tenerife_SDanzas_7bc02e,PUR_IED_Tenerife_SDanzas_7bc02e,,,,,
2026-09-12T21:16:07-05:00,PUR_IED_Tenerife_SIngles_7cc277,PUR_IED_Tenerife_SIngles_7cc277,,,,,
2026-09-12T21:16:07-05:00,PUR_IED_Tibabuyes_Exter_f2683d,PUR_IED_Tibabuyes_Exter_f2683d,,,,,
2026-09-12T21:16:07-05:00,PUR_IED_Tibabuyes_S10_dc87a8,PUR_IED_Tibabuyes_S10_dc87a8,,,,,
2026-09-12T21:16:07-05:00,PUR_IED_Tibabuyes_S15_dc0526,PUR_IED_Tibabuyes_S15_dc0526,,,,,
2026-09-12T21:16:07-05:00,PUR_IED_UnionE_S301_a1043,PUR_IED_UnionE_S301_a1043,,,,,
2026-09-12T21:16:07-05:00,PUR_IED_UnionE_S307_ff6c2f,PUR_IED_UnionE_S307_ff6c2f,,,,,
2026-09-12T21:16:07-05:00,PUR_IED_UnionE__Ext_5e2468,PUR_IED_UnionE__Ext_5e2468,,,,,
2026-09-12T21:16:07-05:00,PUR_IED_VillaRica_Ext_75be7c,PUR_IED_VillaRica_Ext_75be7c,,,,,
2026-09-12T21:16:07-05:00,PUR_IED_VillaRica_S4_cc5dcd,PUR_IED_VillaRica_S4_cc5dcd,,,,,
2026-09-12T21:16:07-05:00,PUR_IED_VillaRica_Sesp_99f5c,PUR_IED_VillaRica_Sesp_99f5c,,,,,
2026-09-12T21:21:07-05:00,PUR_IED_20deJulio_1101_91b1b9,PUR_IED_20deJulio_1101_91b1b9,,,,,
2026-09-12T21:21:07-05:00,PUR_IED_20deJulio_1102_1cfcf9,PUR_IED_20deJulio_1102_1cfcf9,,,,,
2026-09-12T21:21:07-05:00,PUR_IED_20deJulio_Ext_ab60bd,PUR_IED_20deJulio_Ext_ab60bd,,,,,
2026-09-12T21:21:07-05:00,PUR_IED_AgustinFer_Ext_7b9b77,PUR_IED_AgustinFer_Ext_7b9b77,,,,,
2026-09-12T21:21:07-05:00,PUR_IED_AgustinFer_Info2_27b3a7,PUR_IED_AgustinFer_Info2_27b3a7,,,,,
2026-09-12T21:21:07-05:00,PUR_IED_AgustinFer_Sena_54b4eb,PUR_IED_AgustinFer_Sena_54b4eb,,,,,
2026-09-12T21:21:07-05:00,PUR_IED_AlexanderF_1102_caf07b,PUR_IED_AlexanderF_1102_caf07b,,,,,
2026-09-12T21:21:07-05:00,PUR_IED_AlexanderF_1103_c79e71,PUR_IED_AlexanderF_1103_c79e71,,,,,
2026-09-12T21:21:07-05:00,PUR_IED_AlexanderF_Ext_c5b18b,PUR_IED_AlexanderF_Ext_c5b18b,,,,,
2026-09-12T21:21:07-05:00,PUR_IED_AlfonsoLopez_Ext_281d77,PUR_IED_AlfonsoLopez_Ext_281d77,,,,,
2026-09-12T21:21:07-05:00,PUR_IED_AlfonsoLopez_LabF_888ce0,PUR_IED_AlfonsoLopez_LabF_888ce0,,,,,
2026-09-12T21:21:07-05:00,PUR_IED_AlfonsoLopez_SMed_df6a7f,PUR_IED_AlfonsoLopez_SMed_df6a7f,,,,,
2026-09-12T21:21:07-05:00,PUR_IED_AltamiraSO_A2_209f92,PUR_IED_AltamiraSO_A2_209f92,,,,,
2026-09-12T21:21:07-05:00,PUR_IED_AltamiraSO_Ext_186d66,PUR_IED_AltamiraSO_Ext_186d66,,,,,
2026-09-12T21:21:07-05:00,PUR_IED_AltamiraSO_Sistem_27afe1,PUR_IED_AltamiraSO_Sistem_27afe1,,,,,
2026-09-12T21:21:07-05:00,PUR_IED_AlvaroGom_LabQuim_813179,PUR_IED_AlvaroGom_LabQuim_813179,,,,,
2026-09-12T21:21:07-05:00,PUR_IED_AlvaroGomez_Ext_47c7ca,PUR_IED_AlvaroGomez_Ext_47c7ca,,,,,
2026-09-12T21:21:07-05:00,PUR_IED_AlvaroGomez_LabQuim_813179,PUR_IED_AlvaroGomez_LabQuim_813179,,,,,
2026-09-12T21:21:07-05:00,PUR_IED_AlvaroGomez_S23_7ba89f,PUR_IED_AlvaroGomez_S23_7ba89f,,,,,
2026-09-12T21:21:07-05:00,PUR_IED_Amistad_306_dc8728,PUR_IED_Amistad_306_dc8728,,,,,
2026-09-12T21:21:07-05:00,PUR_IED_Amistad_Ext_8cd55e,PUR_IED_Amistad_Ext_8cd55e,,,,,
2026-09-12T21:21:07-05:00,PUR_IED_Amistad_S202_a41169,PUR_IED_Amistad_S202_a41169,,,,,
2026-09-12T21:21:07-05:00,PUR_IED_AndresBello_Bio_fd5f5e,PUR_IED_AndresBello_Bio_fd5f5e,,,,,
2026-09-12T21:21:07-05:00,PUR_IED_AndresBello_ext_dcad65,PUR_IED_AndresBello_ext_dcad65,,,,,
2026-09-12T21:21:07-05:00,PUR_IED_AndresBello_port_eed3ec,PUR_IED_AndresBello_port_eed3ec,,,,,
2026-09-12T21:21:07-05:00,PUR_IED_AngelaR_11b_d90a6b,PUR_IED_AngelaR_11b_d90a6b,,,,,
2026-09-12T21:21:07-05:00,PUR_IED_AngelaR_ext_7cad3e,PUR_IED_AngelaR_ext_7cad3e,,,,,
2026-09-12T21:21:07-05:00,PUR_IED_AntJoseSucre_10mo_df2575,PUR_IED_AntJoseSucre_10mo_df2575,,,,,
2026-09-12T21:21:07-05:00,PUR_IED_AntJoseSucre_Ext_215b36,PUR_IED_AntJoseSucre_Ext_215b36,,,,,
2026-09-12T21:21:07-05:00,PUR_IED_AntJoseSucre_Lab_3139de,PUR_IED_AntJoseSucre_Lab_3139de,,,,,
2026-09-12T21:21:07-05:00,PUR_IED_AntonioGarcia_301_d6b188,PUR_IED_AntonioGarcia_301_d6b188,,,,,
2026-09-12T21:21:07-05:00,PUR_IED_AntonioGarcia_302_88a82,PUR_IED_AntonioGarcia_302_88a82,,,,,
2026-09-12T21:21:07-05:00,PUR_IED_AntonioGarcia_Ext_20950c,PUR_IED_AntonioGarcia_Ext_20950c,,,,,
2026-09-12T21:21:07-05:00,PUR_IED_AntonioVan_Aula2_6dea02,PUR_IED_AntonioVan_Aula2_6dea02,,,,,
2026-09-12T21:21:07-05:00,PUR_IED_AntonioVan_Aula5_f1557e,PUR_IED_AntonioVan_Aula5_f1557e,,,,,
2026-09-12T21:21:07-05:00,PUR_IED_AntonioVan_Ext_406f2f,PUR_IED_AntonioVan_Ext_406f2f,,,,,
2026-09-12T21:21:07-05:00,PUR_IED_Atabanzha_Ext_cc5af9,PUR_IED_Atabanzha_Ext_cc5af9,,,,,
2026-09-12T21:21:07-05:00,PUR_IED_Atabanzha_SA101_56c37,PUR_IED_Atabanzha_SA101_56c37,,,,,
2026-09-12T21:21:07-05:00,PUR_IED_Atabanzha_SB302_27b374,PUR_IED_Atabanzha_SB302_27b374,,,,,
2026-09-12T21:21:07-05:00,PUR_IED_Atahualpa_Ext_fc1748,PUR_IED_Atahualpa_Ext_fc1748,,,,,
2026-09-12T21:21:07-05:00,PUR_IED_Atahualpa_Informa_dc9a95,PUR_IED_Atahualpa_Informa_dc9a95,,,,,
2026-09-12T21:21:07-05:00,PUR_IED_Atahualpa_S1101_f98056,PUR_IED_Atahualpa_S1101_f98056,,,,,
2026-09-12T21:21:07-05:00,PUR_IED_Bellavista_Ext_f5aa74,PUR_IED_Bellavista_Ext_f5aa74,,,,,
2026-09-12T21:21:07-05:00,PUR_IED_Bilbao_11A_916c41,PUR_IED_Bilbao_11A_916c41,,,,,
2026-09-12T21:21:07-05:00,PUR_IED_Bilbao_Ext_fb579a,PUR_IED_Bilbao_Ext_fb579a,,,,,
2026-09-12T21:21:07-05:00,PUR_IED_BrasiliaU_A125_304280,PUR_IED_BrasiliaU_A125_304280,,,,,
2026-09-12T21:21:07-05:00,PUR_IED_BrasiliaU_A203_7c8ca5,PUR_IED_BrasiliaU_A203_7c8ca5,,,,,
2026-09-12T21:21:07-05:00,PUR_IED_BrasiliaU_Ext_8d6e9f,PUR_IED_BrasiliaU_Ext_8d6e9f,7,17,64,4.5175,-74.116302
2026-09-12T21:21:07-05:00,PUR_IED_Brasilia_Ext_fe6593,PUR_IED_Brasilia_Ext_fe6593,,,,,
2026-09-12T21:21:07-05:00,PUR_IED_Brasilia_S24_7c130d,PUR_IED_Brasilia_S24_7c130d,,,,,
2026-09-12T21:21:07-05:00,PUR_IED_Brasilia_S501_186a54,PUR_IED_Brasilia_S501_186a54,,,,,
2026-09-12T21:21:07-05:00,PUR_IED_CHARRY_EXT_f1d5cd,PUR_IED_CHARRY_EXT_f1d5cd,,,,,
2026-09-12T21:21:07-05:00,PUR_IED_CHARRY_INTDANZAS_7a08e6,PUR_IED_CHARRY_INTDANZAS_7a08e6,,,,,
2026-09-12T21:21:07-05:00,PUR_IED_CHARRY_INT_AULA20_dc998d,PUR_IED_CHARRY_INT_AULA20_dc998d,,,,,
2026-09-12T21:21:07-05:00,PUR_IED_COLVIV_1101_S25_7f520a,PUR_IED_COLVIV_1101_S25_7f520a,,,,,
2026-09-12T21:21:07-05:00,PUR_IED_COLVIV_1102_S16_f570ba,PUR_IED_COLVIV_1102_S16_f570ba,,,,,
2026-09-12T21:21:07-05:00,PUR_IED_COLVIV_Ext_1a26fa,PUR_IED_COLVIV_Ext_1a26fa,,,,,
2026-09-12T21:21:07-05:00,PUR_IED_CULPOP_301A_f660f3,PUR_IED_CULPOP_301A_f660f3,,,,,
2026-09-12T21:21:07-05:00,PUR_IED_CULPOP_303_568afe,PUR_IED_CULPOP_303_568afe,,,,,
2026-09-12T21:21:07-05:00,PUR_IED_CULPOP_Ext_e02ccb,PUR_IED_CULPOP_Ext_e02ccb,,,,,
2026-09-12T21:21:07-05:00,PUR_IED_CVillavicen_Ext_26eb58,PUR_IED_CVillavicen_Ext_26eb58,4,15,77,4.487,-74.102798
2026-09-12T21:21:07-05:00,PUR_IED_CVillavicen_Intel_1ce5c2,PUR_IED_CVillavicen_Intel_1ce5c2,,,,,
2026-09-12T21:21:07-05:00,PUR_IED_CVillavicen_Poliv_e0766c,PUR_IED_CVillavicen_Poliv_e0766c,,,,,
2026-09-12T21:21:07-05:00,PUR_IED_CVillavicen_int_1ba140,PUR_IED_CVillavicen_int_1ba140,,,,,
2026-09-12T21:21:07-05:00,PUR_IED_CVillavicen_intel_1ba140,PUR_IED_CVillavicen_intel_1ba140,,,,,
2026-09-12T21:21:07-05:00,PUR_IED_CarlosPizarro_Ext_e307cc,PUR_IED_CarlosPizarro_Ext_e307cc,,,,,
2026-09-12T21:21:07-05:00,PUR_IED_CarlosPizarro_L36_7e5cdb,PUR_IED_CarlosPizarro_L36_7e5cdb,,,,,
2026-09-12T21:21:07-05:00,PUR_IED_CarlosPizarro_L37_c8566c,PUR_IED_CarlosPizarro_L37_c8566c,,,,,
2026-09-12T21:21:07-05:00,PUR_IED_Castilla_Ext_cf35f,PUR_IED_Castilla_Ext_cf35f,,,,,
2026-09-12T21:21:07-05:00,PUR_IED_Castilla_SFisik_360e38,PUR_IED_Castilla_SFisik_360e38,,,,,
2026-09-12T21:21:07-05:00,PUR_IED_Castilla_Sc304_496fbf,PUR_IED_Castilla_Sc304_496fbf,,,,,
2026-09-12T21:21:07-05:00,PUR_IED_CervantesSa_Ext_6b57b,PUR_IED_CervantesSa_Ext_6b57b,7,18,68,4.5128,-74.117203
2026-09-12T21:21:07-05:00,PUR_IED_CervantesSa_S107_225c2b,PUR_IED_CervantesSa_S107_225c2b,,,,,
2026-09-12T21:21:07-05:00,PUR_IED_CervantesSa_S108_940925,PUR_IED_CervantesSa_S108_940925,,,,,
2026-09-12T21:21:07-05:00,PUR_IED_Charry_A20_f53e7c,PUR_IED_Charry_A20_f53e7c,,,,,
2026-09-12T21:21:07-05:00,PUR_IED_Charry_Ext_f1d5cd,PUR_IED_Charry_Ext_f1d5cd,,,,,
2026-09-12T21:21:07-05:00,PUR_IED_Charry_IntAula20_dc998d,PUR_IED_Charry_IntAula20_dc998d,,,,,
2026-09-12T21:21:07-05:00,PUR_IED_Charry_IntDanzas_7a08e6,PUR_IED_Charry_IntDanzas_7a08e6,,,,,
2026-09-12T21:21:07-05:00,PUR_IED_ClememciaC_203_43e2fc,PUR_IED_ClememciaC_203_43e2fc,,,,,
2026-09-12T21:21:07-05:00,PUR_IED_ClememciaC_Ext_1b411a,PUR_IED_ClememciaC_Ext_1b411a,,,,,
2026-09-12T21:21:07-05:00,PUR_IED_ClememciaC_Quimic_44b5fc,PUR_IED_ClememciaC_Quimic_44b5fc,,,,,
2026-09-12T21:21:07-05:00,PUR_IED_ClemenciaC_203_43e2fc,PUR_IED_ClemenciaC_203_43e2fc,,,,,
2026-09-12T21:21:07-05:00,PUR_IED_ClemenciaC_Ext_1b411a,PUR_IED_ClemenciaC_Ext_1b411a,,,,,
2026-09-12T21:21:07-05:00,PUR_IED_ClemenciaC_Quimic_44b5fc,PUR_IED_ClemenciaC_Quimic_44b5fc,,,,,
2026-09-12T21:21:07-05:00,PUR_IED_ColViva_1101_S25_7f520a,PUR_IED_ColViva_1101_S25_7f520a,,,,,
2026-09-12T21:21:07-05:00,PUR_IED_ColViva_1102_S16_f570ba,PUR_IED_ColViva_1102_S16_f570ba,,,,,
2026-09-12T21:21:07-05:00,PUR_IED_ColViva_Ext_1a26fa,PUR_IED_ColViva_Ext_1a26fa,,,,,
2026-09-12T21:21:07-05:00,PUR_IED_ColegioBici_Asist_7c8798,PUR_IED_ColegioBici_Asist_7c8798,,,,,
2026-09-12T21:21:07-05:00,PUR_IED_ColegioBici_Ext_25cbf6,PUR_IED_ColegioBici_Ext_25cbf6,,,,,
2026-09-12T21:21:07-05:00,PUR_IED_ColegioBici_LabQ_7b57db,PUR_IED_ColegioBici_LabQ_7b57db,,,,,
2026-09-12T21:21:07-05:00,PUR_IED_CostaRica_Ext_5e640,PUR_IED_CostaRica_Ext_5e640,,,,,
2026-09-12T21:21:07-05:00,PUR_IED_CostaRica_Quim1_766d1c,PUR_IED_CostaRica_Quim1_766d1c,,,,,
2026-09-12T21:21:07-05:00,PUR_IED_CostaRica__Fisica_6f0873,PUR_IED_CostaRica__Fisica_6f0873,,,,,
2026-09-12T21:21:07-05:00,PUR_IED_CulPopu_301A_f660f3,PUR_IED_CulPopu_301A_f660f3,,,,,
2026-09-12T21:21:07-05:00,PUR_IED_CulPopu_303_568afe,PUR_IED_CulPopu_303_568afe,,,,,
2026-09-12T21:21:07-05:00,PUR_IED_CulPopu_Ext_e02ccb,PUR_IED_CulPopu_Ext_e02ccb,,,,,
2026-09-12T21:21:07-05:00,PUR_IED_Cundinamarca_Ext_f15985,PUR_IED_Cundinamarca_Ext_f15985,,,,,
2026-09-12T21:21:07-05:00,PUR_IED_Cundinamarca_Info_7aa5d7,PUR_IED_Cundinamarca_Info_7aa5d7,,,,,
2026-09-12T21:21:07-05:00,PUR_IED_Cundinamarca_Tec2_f449c7,PUR_IED_Cundinamarca_Tec2_f449c7,,,,,
2026-09-12T21:21:07-05:00,PUR_IED_DiegoM_Aula1_27b314,PUR_IED_DiegoM_Aula1_27b314,,,,,
2026-09-12T21:21:07-05:00,PUR_IED_DiegoM_Ext_d80ac8,PUR_IED_DiegoM_Ext_d80ac8,,,,,
2026-09-12T21:21:07-05:00,PUR_IED_DiegoM_S25_da928f,PUR_IED_DiegoM_S25_da928f,,,,,
2026-09-12T21:21:07-05:00,PUR_IED_ELRODEO_360881,PUR_IED_ELRODEO_360881,,,,,
2026-09-12T21:21:07-05:00,PUR_IED_ELRODEO_ext_360881,PUR_IED_ELRODEO_ext_360881,,,,,
2026-09-12T21:21:07-05:00,PUR_IED_EduardoU_Ext_1c1969,PUR_IED_EduardoU_Ext_1c1969,,,,,
2026-09-12T21:21:07-05:00,PUR_IED_EduardoU_SCiencia_4dfb94,PUR_IED_EduardoU_SCiencia_4dfb94,,,,,
2026-09-12T21:21:07-05:00,PUR_IED_EduardoU_SQuimica_5a46e7,PUR_IED_EduardoU_SQuimica_5a46e7,,,,,
2026-09-12T21:21:07-05:00,PUR_IED_ElRodeo_Aula14_676984,PUR_IED_ElRodeo_Aula14_676984,,,,,
2026-09-12T21:21:07-05:00,PUR_IED_ElRodeo_Aula16_2dd35b,PUR_IED_ElRodeo_Aula16_2dd35b,,,,,
2026-09-12T21:21:07-05:00,PUR_IED_ElRodeo_Ext_360881,PUR_IED_ElRodeo_Ext_360881,,,,,
2026-09-12T21:21:07-05:00,PUR_IED_ElRodeo_Exterior_8c6d28,PUR_IED_ElRodeo_Exterior_8c6d28,,,,,
2026-09-12T21:21:07-05:00,PUR_IED_ElRodeo_ext_360881,PUR_IED_ElRodeo_ext_360881,,,,,
2026-09-12T21:21:07-05:00,PUR_IED_EmmaReyes_Ext_987625,PUR_IED_EmmaReyes_Ext_987625,6,21,52,4.6367,-74.1511
2026-09-12T21:21:07-05:00,PUR_IED_Ensueño_Ext_7f0250,PUR_IED_Ensueño_Ext_7f0250,,,,,
2026-09-12T21:21:07-05:00,PUR_IED_EscNormal_Ext_5fef3b,PUR_IED_EscNormal_Ext_5fef3b,4,19,60,4.5852,-74.096901
2026-09-12T21:21:07-05:00,PUR_IED_EscNormal_S309_5b263,PUR_IED_EscNormal_S309_5b263,,,,,
2026-09-12T21:21:07-05:00,PUR_IED_EscNormal_S310_27b3b8,PUR_IED_EscNormal_S310_27b3b8,,,,,
2026-09-12T21:21:07-05:00,PUR_IED_Evangelista_Conta_f6cd4f,PUR_IED_Evangelista_Conta_f6cd4f,,,,,
2026-09-12T21:21:07-05:00,PUR_IED_Evangelista_Cri_5e16a,PUR_IED_Evangelista_Cri_5e16a,,,,,
2026-09-12T21:21:07-05:00,PUR_IED_Evangelista_Exter_754066,PUR_IED_Evangelista_Exter_754066,,,,,
2026-09-12T21:21:07-05:00,PUR_IED_FMiranda_S209_5cc2a3,PUR_IED_FMiranda_S209_5cc2a3,,,,,
2026-09-12T21:21:07-05:00,PUR_IED_FMiranda_S303_19e344,PUR_IED_FMiranda_S303_19e344,,,,,
2026-09-12T21:21:07-05:00,PUR_IED_FMiranda_ext_f53e7c,PUR_IED_FMiranda_ext_f53e7c,,,,,
2026-09-12T21:21:07-05:00,PUR_IED_FabioLozano_Bibli_1cee05,PUR_IED_FabioLozano_Bibli_1cee05,,,,,
2026-09-12T21:21:07-05:00,PUR_IED_FabioLozano_Ext_6ea285,PUR_IED_FabioLozano_Ext_6ea285,,,,,
2026-09-12T21:21:07-05:00,PUR_IED_FabioLozano_SLudi_f09e1e,PUR_IED_FabioLozano_SLudi_f09e1e,,,,,
2026-09-12T21:21:07-05:00,PUR_IED_FaustinoS_Aula07_27a731,PUR_IED_FaustinoS_Aula07_27a731,,,,,
2026-09-12T21:21:07-05:00,PUR_IED_FaustinoS_Ext_7b936f,PUR_IED_FaustinoS_Ext_7b936f,,,,,
2026-09-12T21:21:07-05:00,PUR_IED_FaustinoS_Fisica_da2c60,PUR_IED_FaustinoS_Fisica_da2c60,,,,,
2026-09-12T21:21:07-05:00,PUR_IED_FeGarciaLo_Ext_dc68ee,PUR_IED_FeGarciaLo_Ext_dc68ee,,,,,
2026-09-12T21:21:07-05:00,PUR_IED_FeGarciaLo_SDanza_f70a59,PUR_IED_FeGarciaLo_SDanza_f70a59,,,,,
2026-09-12T21:21:07-05:00,PUR_IED_FeGarciaLo_SMusic_125cdd,PUR_IED_FeGarciaLo_SMusic_125cdd,,,,,
2026-09-12T21:21:07-05:00,PUR_IED_FederalAlema_Exte_50c345,PUR_IED_FederalAlema_Exte_50c345,,,,,
2026-09-12T21:21:07-05:00,PUR_IED_FederalAlema_S31_f18371,PUR_IED_FederalAlema_S31_f18371,,,,,
2026-09-12T21:21:07-05:00,PUR_IED_FederalAlema_S901_a62cd,PUR_IED_FederalAlema_S901_a62cd,,,,,
2026-09-12T21:21:07-05:00,PUR_IED_FilarmonicaS_A5_f35eb1,PUR_IED_FilarmonicaS_A5_f35eb1,,,,,
2026-09-12T21:21:07-05:00,PUR_IED_FilarmonicaS_Ext_8a3bde,PUR_IED_FilarmonicaS_Ext_8a3bde,,,,,
2026-09-12T21:21:07-05:00,PUR_IED_FilarmonicaS_Spol_406114,PUR_IED_FilarmonicaS_Spol_406114,,,,,
2026-09-12T21:21:07-05:00,PUR_IED_FlorentinoG_A13_d1fa59,PUR_IED_FlorentinoG_A13_d1fa59,,,,,
2026-09-12T21:21:07-05:00,PUR_IED_FlorentinoG_Ext_1ce6ce,PUR_IED_FlorentinoG_Ext_1ce6ce,,,,,
2026-09-12T21:21:07-05:00,PUR_IED_FlorentinoG_Idiom_a66aac,PUR_IED_FlorentinoG_Idiom_a66aac,,,,,
2026-09-12T21:21:07-05:00,PUR_IED_FranciscoMati_Ext_e3869d,PUR_IED_FranciscoMati_Ext_e3869d,,,,,
2026-09-12T21:21:07-05:00,PUR_IED_FranciscoMati_S13_f31c67,PUR_IED_FranciscoMati_S13_f31c67,,,,,
2026-09-12T21:21:07-05:00,PUR_IED_FranciscoMati_S14_97dead,PUR_IED_FranciscoMati_S14_97dead,,,,,
2026-09-12T21:21:07-05:00,PUR_IED_FranciscoPS_Ext_7bfa9a,PUR_IED_FranciscoPS_Ext_7bfa9a,3,20,60,4.5899,-74.110397
2026-09-12T21:21:07-05:00,PUR_IED_FranciscoPS_Infor_fb8f4c,PUR_IED_FranciscoPS_Infor_fb8f4c,,,,,
2026-09-12T21:21:07-05:00,PUR_IED_FranciscoPS_Quimi_94d39c,PUR_IED_FranciscoPS_Quimi_94d39c,,,,,
2026-09-12T21:21:07-05:00,PUR_IED_FranciscoP_LabQ_d7e148,PUR_IED_FranciscoP_LabQ_d7e148,,,,,
2026-09-12T21:21:07-05:00,PUR_IED_FranciscoP_S28_cf9b30,PUR_IED_FranciscoP_S28_cf9b30,,,,,
2026-09-12T21:21:07-05:00,PUR_IED_FranciscoP_ext_e2313,PUR_IED_FranciscoP_ext_e2313,,,,,
2026-09-12T21:21:07-05:00,PUR_IED_FriederichN_Ext_8ac92a,PUR_IED_FriederichN_Ext_8ac92a,,,,,
2026-09-12T21:21:07-05:00,PUR_IED_FriederichN_S301_dd7e5a,PUR_IED_FriederichN_S301_dd7e5a,,,,,
2026-09-12T21:21:07-05:00,PUR_IED_FriederichN_S308_761f4f,PUR_IED_FriederichN_S308_761f4f,,,,,
2026-09-12T21:21:07-05:00,PUR_IED_GSantander_Aula10_533dd7,PUR_IED_GSantander_Aula10_533dd7,,,,,
2026-09-12T21:21:07-05:00,PUR_IED_GSantander_Aula12_fd4e4f,PUR_IED_GSantander_Aula12_fd4e4f,,,,,
2026-09-12T21:21:07-05:00,PUR_IED_GSantander_Aula310_533dd7,PUR_IED_GSantander_Aula310_533dd7,,,,,
2026-09-12T21:21:07-05:00,PUR_IED_GSantander_Aula312_fd4e4f,PUR_IED_GSantander_Aula312_fd4e4f,,,,,
2026-09-12T21:21:07-05:00,PUR_IED_GSantander_Ext_5f66b0,PUR_IED_GSantander_Ext_5f66b0,,,,,
2026-09-12T21:21:07-05:00,PUR_IED_GYomasa_Ext_f6bea5,PUR_IED_GYomasa_Ext_f6bea5,,,,,
2026-09-12T21:21:07-05:00,PUR_IED_GYomasa_LBiol_2c41aa,PUR_IED_GYomasa_LBiol_2c41aa,,,,,
2026-09-12T21:21:07-05:00,PUR_IED_GYomasa_LQuim_33c80,PUR_IED_GYomasa_LQuim_33c80,,,,,
2026-09-12T21:21:07-05:00,PUR_IED_GabBetMejia_Cienc_5a99c,PUR_IED_GabBetMejia_Cienc_5a99c,,,,,
2026-09-12T21:21:07-05:00,PUR_IED_GabBetMejia_Ext_9153d0,PUR_IED_GabBetMejia_Ext_9153d0,,,,,
2026-09-12T21:21:07-05:00,PUR_IED_GabBetMejia_Lab_f55347,PUR_IED_GabBetMejia_Lab_f55347,,,,,
2026-09-12T21:21:07-05:00,PUR_IED_GabBetanMejia_Ext_9153d0,PUR_IED_GabBetanMejia_Ext_9153d0,,,,,
2026-09-12T21:21:07-05:00,PUR_IED_Gaitana_Aula13_7aac11,PUR_IED_Gaitana_Aula13_7aac11,,,,,
2026-09-12T21:21:07-05:00,PUR_IED_Gaitana_Ext_5fcf4,PUR_IED_Gaitana_Ext_5fcf4,,,,,
2026-09-12T21:21:07-05:00,PUR_IED_Gaitana_LabFisica_644448,PUR_IED_Gaitana_LabFisica_644448,,,,,
2026-09-12T21:21:07-05:00,PUR_IED_GenSantander_Dise_8ac858,PUR_IED_GenSantander_Dise_8ac858,,,,,
2026-09-12T21:21:07-05:00,PUR_IED_GenSantander_Ext_8d5dfe,PUR_IED_GenSantander_Ext_8d5dfe,,,,,
2026-09-12T21:21:07-05:00,PUR_IED_GenSantander_Info_6c25b,PUR_IED_GenSantander_Info_6c25b,,,,,
2026-09-12T21:21:07-05:00,PUR_IED_GustavoMo_Exterio_75e63d,PUR_IED_GustavoMo_Exterio_75e63d,,,,,
2026-09-12T21:21:07-05:00,PUR_IED_GustavoMo_LabFisi_224d37,PUR_IED_GustavoMo_LabFisi_224d37,,,,,
2026-09-12T21:21:07-05:00,PUR_IED_GustavoMo_S208_3e6918,PUR_IED_GustavoMo_S208_3e6918,,,,,
2026-09-12T21:21:07-05:00,PUR_IED_GustavoR_A02_8cd4a8,PUR_IED_GustavoR_A02_8cd4a8,,,,,
2026-09-12T21:21:07-05:00,PUR_IED_GustavoR_B11_5b0ed,PUR_IED_GustavoR_B11_5b0ed,,,,,
2026-09-12T21:21:07-05:00,PUR_IED_GustavoR_Ext_7a0c90,PUR_IED_GustavoR_Ext_7a0c90,,,,,
2026-09-12T21:21:07-05:00,PUR_IED_HernandoDuran_Ext_8cd82b,PUR_IED_HernandoDuran_Ext_8cd82b,,,,,
2026-09-12T21:21:07-05:00,PUR_IED_HernandoDuran_S24_2772c6,PUR_IED_HernandoDuran_S24_2772c6,,,,,
2026-09-12T21:21:07-05:00,PUR_IED_HernandoDuran_S30_f2de41,PUR_IED_HernandoDuran_S30_f2de41,,,,,
2026-09-12T21:21:07-05:00,PUR_IED_HolguInUr_S1101_8cd732,PUR_IED_HolguInUr_S1101_8cd732,,,,,
2026-09-12T21:21:07-05:00,PUR_IED_HolguinUr_Exter_ddae6d,PUR_IED_HolguinUr_Exter_ddae6d,,,,,
2026-09-12T21:21:07-05:00,PUR_IED_HolguinUr_LabQuim_92b952,PUR_IED_HolguinUr_LabQuim_92b952,,,,,
2026-09-12T21:21:07-05:00,PUR_IED_Isabel-II_Ext_5245cc,PUR_IED_Isabel-II_Ext_5245cc,8,20,57,4.6336,-74.153
2026-09-12T21:21:07-05:00,PUR_IED_Isabel-II_S_idiom_1c29aa,PUR_IED_Isabel-II_S_idiom_1c29aa,,,,,
2026-09-12T21:21:07-05:00,PUR_IED_Isabel-II_S_infor_fd741,PUR_IED_Isabel-II_S_infor_fd741,,,,,
2026-09-12T21:21:07-05:00,PUR_IED_IsidroSur_Exterio_5b90ea,PUR_IED_IsidroSur_Exterio_5b90ea,,,,,
2026-09-12T21:21:07-05:00,PUR_IED_IsidroSur_LabTec_56697a,PUR_IED_IsidroSur_LabTec_56697a,,,,,
2026-09-12T21:21:07-05:00,PUR_IED_IsidroSur_Robotic_b7c38f,PUR_IED_IsidroSur_Robotic_b7c38f,,,,,
2026-09-12T21:21:07-05:00,PUR_IED_IsmaelPerd_Ext_7b6672,PUR_IED_IsmaelPerd_Ext_7b6672,,,,,
2026-09-12T21:21:07-05:00,PUR_IED_IsmaelPerd_Inform_306540,PUR_IED_IsmaelPerd_Inform_306540,,,,,
2026-09-12T21:21:07-05:00,PUR_IED_IsmaelPerd_S30_2e2c83,PUR_IED_IsmaelPerd_S30_2e2c83,,,,,
2026-09-12T21:21:07-05:00,PUR_IED_JLozano_Exter_432910,PUR_IED_JLozano_Exter_432910,,,,,
2026-09-12T21:21:07-05:00,PUR_IED_JLozano_salaMulti_df5125,PUR_IED_JLozano_salaMulti_df5125,,,,,
2026-09-12T21:21:07-05:00,PUR_IED_JMCordoba_206_86f80b,PUR_IED_JMCordoba_206_86f80b,,,,,
2026-09-12T21:21:07-05:00,PUR_IED_JMCordoba_Ext_27ad97,PUR_IED_JMCordoba_Ext_27ad97,,,,,
2026-09-12T21:21:07-05:00,PUR_IED_JMCordoba_S310_d59ab4,PUR_IED_JMCordoba_S310_d59ab4,,,,,
2026-09-12T21:21:07-05:00,PUR_IED_Japon_Ext_549100,PUR_IED_Japon_Ext_549100,,,,,
2026-09-12T21:21:07-05:00,PUR_IED_Japon_Laboratorio_bec51d,PUR_IED_Japon_Laboratorio_bec51d,,,,,
2026-09-12T21:21:07-05:00,PUR_IED_Japon_informatica_d99327,PUR_IED_Japon_informatica_d99327,,,,,
2026-09-12T21:21:07-05:00,PUR_IED_Jazmin_Ext_d27bda,PUR_IED_Jazmin_Ext_d27bda,,,,,
2026-09-12T21:21:07-05:00,PUR_IED_Jazmin_Fisica_8d14d7,PUR_IED_Jazmin_Fisica_8d14d7,,,,,
2026-09-12T21:21:07-05:00,PUR_IED_Jazmin_Quimica_801cb5,PUR_IED_Jazmin_Quimica_801cb5,,,,,
2026-09-12T21:21:07-05:00,PUR_IED_JorgeGaitan_Exter_f098d1,PUR_IED_JorgeGaitan_Exter_f098d1,,,,,
2026-09-12T21:21:07-05:00,PUR_IED_JorgeGaitan_STec1_dc9d1d,PUR_IED_JorgeGaitan_STec1_dc9d1d,,,,,
2026-09-12T21:21:07-05:00,PUR_IED_JorgeGaitan_STec2_281e69,PUR_IED_JorgeGaitan_STec2_281e69,,,,,
2026-09-12T21:21:07-05:00,PUR_IED_JorgeSoto_Exterio_d9d0a2,PUR_IED_JorgeSoto_Exterio_d9d0a2,,,,,
2026-09-12T21:21:07-05:00,PUR_IED_JorgeSoto_LabFisi_209c54,PUR_IED_JorgeSoto_LabFisi_209c54,,,,,
2026-09-12T21:21:07-05:00,PUR_IED_JorgeSoto_S103_27b51a,PUR_IED_JorgeSoto_S103_27b51a,,,,,
2026-09-12T21:21:07-05:00,PUR_IED_JoseAcevedo_A02_e965eb,PUR_IED_JoseAcevedo_A02_e965eb,,,,,
2026-09-12T21:21:07-05:00,PUR_IED_JoseAcevedo_A07_dd5b4,PUR_IED_JoseAcevedo_A07_dd5b4,,,,,
2026-09-12T21:21:07-05:00,PUR_IED_JoseAcevedo_Ext_b47484,PUR_IED_JoseAcevedo_Ext_b47484,,,,,
2026-09-12T21:21:07-05:00,PUR_IED_JoseMarti_Exte_5b9bf,PUR_IED_JoseMarti_Exte_5b9bf,,,,,
2026-09-12T21:21:07-05:00,PUR_IED_JoseMarti_LabQuim_1c6c2d,PUR_IED_JoseMarti_LabQuim_1c6c2d,,,,,
2026-09-12T21:21:07-05:00,PUR_IED_JoseMarti_S_info_f5f177,PUR_IED_JoseMarti_S_info_f5f177,,,,,
2026-09-12T21:21:07-05:00,PUR_IED_Josejoaquin_Ext_dfc5dc,PUR_IED_Josejoaquin_Ext_dfc5dc,,,,,
2026-09-12T21:21:07-05:00,PUR_IED_Josejoaquin_S05_5b2a96,PUR_IED_Josejoaquin_S05_5b2a96,,,,,
2026-09-12T21:21:07-05:00,PUR_IED_Josejoaquin_S06_1ce7d2,PUR_IED_Josejoaquin_S06_1ce7d2,,,,,
2026-09-12T21:21:07-05:00,PUR_IED_JulioFlorez_Danza_9b82dd,PUR_IED_JulioFlorez_Danza_9b82dd,,,,,
2026-09-12T21:21:07-05:00,PUR_IED_JulioFlorez_Exter_f9f314,PUR_IED_JulioFlorez_Exter_f9f314,,,,,
2026-09-12T21:21:07-05:00,PUR_IED_JulioFlorez_info2_6b6e08,PUR_IED_JulioFlorez_info2_6b6e08,,,,,
2026-09-12T21:21:07-05:00,PUR_IED_LaBelleza_Aula13_1d00d8,PUR_IED_LaBelleza_Aula13_1d00d8,,,,,
2026-09-12T21:21:07-05:00,PUR_IED_LaBelleza_Ext_7bc08c,PUR_IED_LaBelleza_Ext_7bc08c,,,,,
2026-09-12T21:21:07-05:00,PUR_IED_LaChucua_Ext_8cd6d2,PUR_IED_LaChucua_Ext_8cd6d2,,,,,
2026-09-12T21:21:07-05:00,PUR_IED_LaChucua_S15_f578ce,PUR_IED_LaChucua_S15_f578ce,,,,,
2026-09-12T21:21:07-05:00,PUR_IED_LaChucua_S16_eebcf9,PUR_IED_LaChucua_S16_eebcf9,,,,,
2026-09-12T21:21:07-05:00,PUR_IED_LaFelicidad_Ext_fb5109,PUR_IED_LaFelicidad_Ext_fb5109,,,,,
2026-09-12T21:21:07-05:00,PUR_IED_LaMerced_206_66ebd,PUR_IED_LaMerced_206_66ebd,,,,,
2026-09-12T21:21:07-05:00,PUR_IED_LaMerced_207_6ebd6,PUR_IED_LaMerced_207_6ebd6,,,,,
2026-09-12T21:21:07-05:00,PUR_IED_LaMerced_ext_304311,PUR_IED_LaMerced_ext_304311,,,,,
2026-09-12T21:21:07-05:00,PUR_IED_Laureano_CiencNat_281e5e,PUR_IED_Laureano_CiencNat_281e5e,,,,,
2026-09-12T21:21:07-05:00,PUR_IED_Laureano_Comedor_f65c0a,PUR_IED_Laureano_Comedor_f65c0a,,,,,
2026-09-12T21:21:07-05:00,PUR_IED_Laureano_Exterior_7ab011,PUR_IED_Laureano_Exterior_7ab011,,,,,
2026-09-12T21:21:07-05:00,PUR_IED_LeonGreiff_Exte_dfe560,PUR_IED_LeonGreiff_Exte_dfe560,,,,,
2026-09-12T21:21:07-05:00,PUR_IED_LeonGreiff_S210_f264ed,PUR_IED_LeonGreiff_S210_f264ed,,,,,
2026-09-12T21:21:07-05:00,PUR_IED_LeonGreiff_SQuimi_e8296f,PUR_IED_LeonGreiff_SQuimi_e8296f,,,,,
2026-09-12T21:21:07-05:00,PUR_IED_LlanoOrientalS208_7b9fcd,PUR_IED_LlanoOrientalS208_7b9fcd,,,,,
2026-09-12T21:21:07-05:00,PUR_IED_LlanoOriental_Ext_fb3766,PUR_IED_LlanoOriental_Ext_fb3766,,,,,
2026-09-12T21:21:07-05:00,PUR_IED_LlanoOriental_S208_7b9fcd,PUR_IED_LlanoOriental_S208_7b9fcd,,,,,
2026-09-12T21:21:07-05:00,PUR_IED_LlanoOriental_S9_27b378,PUR_IED_LlanoOriental_S9_27b378,,,,,
2026-09-12T21:21:07-05:00,PUR_IED_LosTejares_1101_477602,PUR_IED_LosTejares_1101_477602,,,,,
2026-09-12T21:21:07-05:00,PUR_IED_LosTejares_11_d2c595,PUR_IED_LosTejares_11_d2c595,,,,,
2026-09-12T21:21:07-05:00,PUR_IED_LosTejares_12_477602,PUR_IED_LosTejares_12_477602,,,,,
2026-09-12T21:21:07-05:00,PUR_IED_LosTejares_Ext_8e2115,PUR_IED_LosTejares_Ext_8e2115,,,,,
2026-09-12T21:21:07-05:00,PUR_IED_MagdalenaO_B202_5ddda3,PUR_IED_MagdalenaO_B202_5ddda3,,,,,
2026-09-12T21:21:07-05:00,PUR_IED_MagdalenaO_B205_fb76e8,PUR_IED_MagdalenaO_B205_fb76e8,,,,,
2026-09-12T21:21:07-05:00,PUR_IED_MagdalenaO_ext_dc69cd,PUR_IED_MagdalenaO_ext_dc69cd,,,,,
2026-09-12T21:21:07-05:00,PUR_IED_ManueCepeda_artes_eee956,PUR_IED_ManueCepeda_artes_eee956,,,,,
2026-09-12T21:21:07-05:00,PUR_IED_ManuelCepeda_Ext_58313,PUR_IED_ManuelCepeda_Ext_58313,,,,,
2026-09-12T21:21:07-05:00,PUR_IED_ManuelCepeda_tec_1c5731,PUR_IED_ManuelCepeda_tec_1c5731,,,,,
2026-09-12T21:21:07-05:00,PUR_IED_ManuelS_Exterior_5b269,PUR_IED_ManuelS_Exterior_5b269,,,,,
2026-09-12T21:21:07-05:00,PUR_IED_ManuelS_Inform_f369ce,PUR_IED_ManuelS_Inform_f369ce,,,,,
2026-09-12T21:21:07-05:00,PUR_IED_ManuelS_SArtes_7d15f1,PUR_IED_ManuelS_SArtes_7d15f1,,,,,
2026-09-12T21:21:07-05:00,PUR_IED_ManuelZapata_303_3ca6,PUR_IED_ManuelZapata_303_3ca6,,,,,
2026-09-12T21:21:07-05:00,PUR_IED_ManuelZapata_311_bfbabc,PUR_IED_ManuelZapata_311_bfbabc,,,,,
2026-09-12T21:21:07-05:00,PUR_IED_ManuelZapata_Ext_50824a,PUR_IED_ManuelZapata_Ext_50824a,,,,,
2026-09-12T21:21:07-05:00,PUR_IED_ManuelitaS_Exteri_656a92,PUR_IED_ManuelitaS_Exteri_656a92,,,,,
2026-09-12T21:21:07-05:00,PUR_IED_ManuelitaS_JuzgDe_f58ec3,PUR_IED_ManuelitaS_JuzgDe_f58ec3,,,,,
2026-09-12T21:21:07-05:00,PUR_IED_ManuelitaS_Recrea_d793db,PUR_IED_ManuelitaS_Recrea_d793db,,,,,
2026-09-12T21:21:07-05:00,PUR_IED_MarFidSuarez_Ext_c27b19,PUR_IED_MarFidSuarez_Ext_c27b19,,,,,
2026-09-12T21:21:07-05:00,PUR_IED_MarFidSuarez_Info_e384d7,PUR_IED_MarFidSuarez_Info_e384d7,,,,,
2026-09-12T21:21:07-05:00,PUR_IED_MarFidSuarez_S306_1d0032,PUR_IED_MarFidSuarez_S306_1d0032,,,,,
2026-09-12T21:21:07-05:00,PUR_IED_Menorah_301_2a25a3,PUR_IED_Menorah_301_2a25a3,,,,,
2026-09-12T21:21:07-05:00,PUR_IED_Menorah_306_37ed3,PUR_IED_Menorah_306_37ed3,,,,,
2026-09-12T21:21:07-05:00,PUR_IED_Menorah_Ext_3e155b,PUR_IED_Menorah_Ext_3e155b,,,,,
2026-09-12T21:21:07-05:00,PUR_IED_MinutoB.Aires_A11_1b1604,PUR_IED_MinutoB.Aires_A11_1b1604,,,,,
2026-09-12T21:21:07-05:00,PUR_IED_MinutoB.Aires_A12_fb5860,PUR_IED_MinutoB.Aires_A12_fb5860,,,,,
2026-09-12T21:21:07-05:00,PUR_IED_MinutoB.Aires_Ext_81293f,PUR_IED_MinutoB.Aires_Ext_81293f,,,,,
2026-09-12T21:21:07-05:00,PUR_IED_MinutoBAires_A11_1b1604,PUR_IED_MinutoBAires_A11_1b1604,,,,,
2026-09-12T21:21:07-05:00,PUR_IED_MinutoBAires_A12_fb5860,PUR_IED_MinutoBAires_A12_fb5860,,,,,
2026-09-12T21:21:07-05:00,PUR_IED_MinutoBAires_Ext_81293f,PUR_IED_MinutoBAires_Ext_81293f,,,,,
2026-09-12T21:21:07-05:00,PUR_IED_Montreal_Aula10_1e4959,PUR_IED_Montreal_Aula10_1e4959,,,,,
2026-09-12T21:21:07-05:00,PUR_IED_Montreal_Aula6_300367,PUR_IED_Montreal_Aula6_300367,,,,,
2026-09-12T21:21:07-05:00,PUR_IED_Montreal_Exterior_91a179,PUR_IED_Montreal_Exterior_91a179,,,,,
2026-09-12T21:21:07-05:00,PUR_IED_Mqgdalena_B202_5ddda3,PUR_IED_Mqgdalena_B202_5ddda3,,,,,
2026-09-12T21:21:07-05:00,PUR_IED_NACUND_Soc_dc8728,PUR_IED_NACUND_Soc_dc8728,,,,,
2026-09-12T21:21:07-05:00,PUR_IED_NACUND_ext_27ad97,PUR_IED_NACUND_ext_27ad97,,,,,
2026-09-12T21:21:07-05:00,PUR_IED_NEsperanza_Ext_d24b61,PUR_IED_NEsperanza_Ext_d24b61,,,,,
2026-09-12T21:21:07-05:00,PUR_IED_NEsperanza_SElect_7d1807,PUR_IED_NEsperanza_SElect_7d1807,,,,,
2026-09-12T21:21:07-05:00,PUR_IED_NEsperanza_SLabor_8b2d0a,PUR_IED_NEsperanza_SLabor_8b2d0a,,,,,
2026-09-12T21:21:07-05:00,PUR_IED_NacionesU_Ext_f661a9,PUR_IED_NacionesU_Ext_f661a9,,,,,
2026-09-12T21:21:07-05:00,PUR_IED_NacionesU_Quimica_66f0a,PUR_IED_NacionesU_Quimica_66f0a,,,,,
2026-09-12T21:21:07-05:00,PUR_IED_NacionesU_S306_1b4b3d,PUR_IED_NacionesU_S306_1b4b3d,,,,,
2026-09-12T21:21:07-05:00,PUR_IED_NestorFA_Ext_e4201c,PUR_IED_NestorFA_Ext_e4201c,,,,,
2026-09-12T21:21:07-05:00,PUR_IED_NestorFA_Laborato_f22fe0,PUR_IED_NestorFA_Laborato_f22fe0,,,,,
2026-09-12T21:21:07-05:00,PUR_IED_NestorFA_S204_dee996,PUR_IED_NestorFA_S204_dee996,,,,,
2026-09-12T21:21:07-05:00,PUR_IED_NidyaQT_Aula03_76999b,PUR_IED_NidyaQT_Aula03_76999b,,,,,
2026-09-12T21:21:07-05:00,PUR_IED_NidyaQT_Aula10_56325,PUR_IED_NidyaQT_Aula10_56325,,,,,
2026-09-12T21:21:07-05:00,PUR_IED_NidyaQT_Ext_46e32d,PUR_IED_NidyaQT_Ext_46e32d,,,,,
2026-09-12T21:21:07-05:00,PUR_IED_NuevaCol_Exterior_d9b859,PUR_IED_NuevaCol_Exterior_d9b859,,,,,
2026-09-12T21:21:07-05:00,PUR_IED_NuevaCol_S1101_76c43b,PUR_IED_NuevaCol_S1101_76c43b,,,,,
2026-09-12T21:21:07-05:00,PUR_IED_NuevaCol_S1102_1ce0b5,PUR_IED_NuevaCol_S1102_1ce0b5,,,,,
2026-09-12T21:21:07-05:00,PUR_IED_OEA_A202_f7e3f2,PUR_IED_OEA_A202_f7e3f2,,,,,
2026-09-12T21:21:07-05:00,PUR_IED_OEA_A203_7d1b8d,PUR_IED_OEA_A203_7d1b8d,,,,,
2026-09-12T21:21:07-05:00,PUR_IED_OEA_Ext_27b593,PUR_IED_OEA_Ext_27b593,,,,,
2026-09-12T21:21:07-05:00,PUR_IED_Ochoa_Ext_1c29da,PUR_IED_Ochoa_Ext_1c29da,,,,,
2026-09-12T21:21:07-05:00,PUR_IED_Ochoa_S205_8b1121,PUR_IED_Ochoa_S205_8b1121,,,,,
2026-09-12T21:21:07-05:00,PUR_IED_Ochoa_Sistemas_f33af6,PUR_IED_Ochoa_Sistemas_f33af6,,,,,
2026-09-12T21:21:07-05:00,PUR_IED_PQuebec_Ext_1c67c7,PUR_IED_PQuebec_Ext_1c67c7,,,,,
2026-09-12T21:21:07-05:00,PUR_IED_PQuebec_S15_23e8e2,PUR_IED_PQuebec_S15_23e8e2,,,,,
2026-09-12T21:21:07-05:00,PUR_IED_PQuebec_S16_8ec76b,PUR_IED_PQuebec_S16_8ec76b,,,,,
2026-09-12T21:21:07-05:00,PUR_IED_PabloN_Ext_49dc96,PUR_IED_PabloN_Ext_49dc96,,,,,
2026-09-12T21:21:07-05:00,PUR_IED_PabloN_S1102_4e3df5,PUR_IED_PabloN_S1102_4e3df5,,,,,
2026-09-12T21:21:07-05:00,PUR_IED_PabloN_S1103_50c94b,PUR_IED_PabloN_S1103_50c94b,,,,,
2026-09-12T21:21:07-05:00,PUR_IED_Palestina_S1101_db9198,PUR_IED_Palestina_S1101_db9198,,,,,
2026-09-12T21:21:07-05:00,PUR_IED_Palestina_S1102_dc54fa,PUR_IED_Palestina_S1102_dc54fa,,,,,
2026-09-12T21:21:07-05:00,PUR_IED_Palestina_ext_4ccce6,PUR_IED_Palestina_ext_4ccce6,,,,,
2026-09-12T21:21:07-05:00,PUR_IED_Panama_Fisica_4d0794,PUR_IED_Panama_Fisica_4d0794,,,,,
2026-09-12T21:21:07-05:00,PUR_IED_Panama_SIngles_a4077e,PUR_IED_Panama_SIngles_a4077e,,,,,
2026-09-12T21:21:07-05:00,PUR_IED_Panama_ext_4c54b4,PUR_IED_Panama_ext_4c54b4,,,,,
2026-09-12T21:21:07-05:00,PUR_IED_ParaisoM_Exterior_8cd7f0,PUR_IED_ParaisoM_Exterior_8cd7f0,,,,,
2026-09-12T21:21:07-05:00,PUR_IED_ParaisoM_Laborato_27af35,PUR_IED_ParaisoM_Laborato_27af35,,,,,
2026-09-12T21:21:07-05:00,PUR_IED_ParaisoM_S304_d1edca,PUR_IED_ParaisoM_S304_d1edca,,,,,
2026-09-12T21:21:07-05:00,PUR_IED_PorfirioBarba_Ext_301466,PUR_IED_PorfirioBarba_Ext_301466,,,,,
2026-09-12T21:21:07-05:00,PUR_IED_PorfirioBarba_S11_df6cd2,PUR_IED_PorfirioBarba_S11_df6cd2,,,,,
2026-09-12T21:21:07-05:00,PUR_IED_PorfirioBarba_S29_27a7d6,PUR_IED_PorfirioBarba_S29_27a7d6,,,,,
2026-09-12T21:21:07-05:00,PUR_IED_PradoV_Exter_8b27ad,PUR_IED_PradoV_Exter_8b27ad,,,,,
2026-09-12T21:21:07-05:00,PUR_IED_PradoV_S301_de65b5,PUR_IED_PradoV_S301_de65b5,,,,,
2026-09-12T21:21:07-05:00,PUR_IED_PradoV_S302_7d2593,PUR_IED_PradoV_S302_7d2593,,,,,
2026-09-12T21:21:07-05:00,PUR_IED_QuirogaAlz_Ext_1ddc82,PUR_IED_QuirogaAlz_Ext_1ddc82,,,,,
2026-09-12T21:21:07-05:00,PUR_IED_QuirogaAlz_S302_9926a3,PUR_IED_QuirogaAlz_S302_9926a3,,,,,
2026-09-12T21:21:07-05:00,PUR_IED_QuirogaAlz_S305_cdf1f1,PUR_IED_QuirogaAlz_S305_cdf1f1,,,,,
2026-09-12T21:21:07-05:00,PUR_IED_RGuatemala_Biling_dc53b7,PUR_IED_RGuatemala_Biling_dc53b7,,,,,
2026-09-12T21:21:07-05:00,PUR_IED_RGuatemala_Ext_1b89a3,PUR_IED_RGuatemala_Ext_1b89a3,,,,,
2026-09-12T21:21:07-05:00,PUR_IED_RGuatemala_Tecnol_281a34,PUR_IED_RGuatemala_Tecnol_281a34,,,,,
2026-09-12T21:21:07-05:00,PUR_IED_RafaNu_Ext_f7c302,PUR_IED_RafaNu_Ext_f7c302,,,,,
2026-09-12T21:21:07-05:00,PUR_IED_RafaNu_S1101_25fde,PUR_IED_RafaNu_S1101_25fde,,,,,
2026-09-12T21:21:07-05:00,PUR_IED_RafaNu_S1102_281517,PUR_IED_RafaNu_S1102_281517,,,,,
2026-09-12T21:21:07-05:00,PUR_IED_RafaelB_S305_ee2783,PUR_IED_RafaelB_S305_ee2783,,,,,
2026-09-12T21:21:07-05:00,PUR_IED_RafaelB_S306_75fe33,PUR_IED_RafaelB_S306_75fe33,,,,,
2026-09-12T21:21:07-05:00,PUR_IED_RafaelB_ext_283336,PUR_IED_RafaelB_ext_283336,2,19,59,4.6722,-74.0737
2026-09-12T21:21:07-05:00,PUR_IED_RafaelUU_Exterior_281a51,PUR_IED_RafaelUU_Exterior_281a51,,,,,
2026-09-12T21:21:07-05:00,PUR_IED_RafaelUU_Human_806b2,PUR_IED_RafaelUU_Human_806b2,,,,,
2026-09-12T21:21:07-05:00,PUR_IED_RafaelUU_Mate2_5680d4,PUR_IED_RafaelUU_Mate2_5680d4,,,,,
2026-09-12T21:21:07-05:00,PUR_IED_RamonSub_Ext_f9eeb9,PUR_IED_RamonSub_Ext_f9eeb9,,,,,
2026-09-12T21:21:07-05:00,PUR_IED_RamonSub_Media_d1f62f,PUR_IED_RamonSub_Media_d1f62f,,,,,
2026-09-12T21:21:07-05:00,PUR_IED_RamonSub_planta_51b82,PUR_IED_RamonSub_planta_51b82,,,,,
2026-09-12T21:21:07-05:00,PUR_IED_RepBoliVene_Exter_27af7c,PUR_IED_RepBoliVene_Exter_27af7c,,,,,
2026-09-12T21:21:07-05:00,PUR_IED_RepBoliVene_SCPT_5ae2ee,PUR_IED_RepBoliVene_SCPT_5ae2ee,,,,,
2026-09-12T21:21:07-05:00,PUR_IED_RepBoliVene_Socia_4b11d5,PUR_IED_RepBoliVene_Socia_4b11d5,,,,,
2026-09-12T21:21:07-05:00,PUR_IED_RepChina_Ext_76d9ee,PUR_IED_RepChina_Ext_76d9ee,,,,,
2026-09-12T21:21:07-05:00,PUR_IED_RepChina_S404_7c804c,PUR_IED_RepChina_S404_7c804c,,,,,
2026-09-12T21:21:07-05:00,PUR_IED_RepChina_S405_df2c33,PUR_IED_RepChina_S405_df2c33,,,,,
2026-09-12T21:21:07-05:00,PUR_IED_RepublicaC_Exteri_7d1ec9,PUR_IED_RepublicaC_Exteri_7d1ec9,,,,,
2026-09-12T21:21:07-05:00,PUR_IED_RepublicaC_S1101_f544b3,PUR_IED_RepublicaC_S1101_f544b3,,,,,
2026-09-12T21:21:07-05:00,PUR_IED_RepublicaC_S1102_7aafc7,PUR_IED_RepublicaC_S1102_7aafc7,,,,,
2026-09-12T21:21:07-05:00,PUR_IED_Ricaurte_Externo_a0ea1,PUR_IED_Ricaurte_Externo_a0ea1,,,,,
2026-09-12T21:21:07-05:00,PUR_IED_Ricaurte_S210_f546fd,PUR_IED_Ricaurte_S210_f546fd,,,,,
2026-09-12T21:21:07-05:00,PUR_IED_Ricaurte_S309_d4452,PUR_IED_Ricaurte_S309_d4452,,,,,
2026-09-12T21:21:07-05:00,PUR_IED_RogelioS_1102_531e69,PUR_IED_RogelioS_1102_531e69,,,,,
2026-09-12T21:21:07-05:00,PUR_IED_RogelioS_Ext_f25a18,PUR_IED_RogelioS_Ext_f25a18,,,,,
2026-09-12T21:21:07-05:00,PUR_IED_SBernardino_Ext_27aff8,PUR_IED_SBernardino_Ext_27aff8,,,,,
2026-09-12T21:21:07-05:00,PUR_IED_SBernardino_SArte_2ffd33,PUR_IED_SBernardino_SArte_2ffd33,,,,,
2026-09-12T21:21:07-05:00,PUR_IED_SBernardino_SIngl_7c7da5,PUR_IED_SBernardino_SIngl_7c7da5,,,,,
2026-09-12T21:21:07-05:00,PUR_IED_Sago_auditorio_dc9d1d,PUR_IED_Sago_auditorio_dc9d1d,,,,,
2026-09-12T21:21:07-05:00,PUR_IED_Saludcoop_Ext_95aac3,PUR_IED_Saludcoop_Ext_95aac3,,,,,
2026-09-12T21:21:07-05:00,PUR_IED_Saludcoop_InfI_90c854,PUR_IED_Saludcoop_InfI_90c854,,,,,
2026-09-12T21:21:07-05:00,PUR_IED_Saludcoop_SMedia_1b93be,PUR_IED_Saludcoop_SMedia_1b93be,,,,,
2026-09-12T21:21:07-05:00,PUR_IED_SanCarlos_1101_1a2360,PUR_IED_SanCarlos_1101_1a2360,,,,,
2026-09-12T21:21:07-05:00,PUR_IED_SanCarlos_1103_7bafb5,PUR_IED_SanCarlos_1103_7bafb5,,,,,
2026-09-12T21:21:07-05:00,PUR_IED_SanCarlos_Ext_b7cd1,PUR_IED_SanCarlos_Ext_b7cd1,,,,,
2026-09-12T21:21:07-05:00,PUR_IED_SanIgnacioBosa11a_50c26e,PUR_IED_SanIgnacioBosa11a_50c26e,,,,,
2026-09-12T21:21:07-05:00,PUR_IED_SanIgnacioBosa11b_371de8,PUR_IED_SanIgnacioBosa11b_371de8,,,,,
2026-09-12T21:21:07-05:00,PUR_IED_SanIgnacioBosaExt_ef0ffc,PUR_IED_SanIgnacioBosaExt_ef0ffc,,,,,
2026-09-12T21:21:07-05:00,PUR_IED_SanIgnacioBosa_11a_50c26e,PUR_IED_SanIgnacioBosa_11a_50c26e,,,,,
2026-09-12T21:21:07-05:00,PUR_IED_SanIgnacioBosa_Ext_ef0ffc,PUR_IED_SanIgnacioBosa_Ext_ef0ffc,,,,,
2026-09-12T21:21:07-05:00,PUR_IED_SanJoseN_intS1101_31c47f,PUR_IED_SanJoseN_intS1101_31c47f,,,,,
2026-09-12T21:21:07-05:00,PUR_IED_SanJoseUsm_Exter_f5d7e8,PUR_IED_SanJoseUsm_Exter_f5d7e8,,,,,
2026-09-12T21:21:07-05:00,PUR_IED_SanJoseUsm_Int11A_cfdef6,PUR_IED_SanJoseUsm_Int11A_cfdef6,,,,,
2026-09-12T21:21:07-05:00,PUR_IED_SilveriaR_IntB5_905349,PUR_IED_SilveriaR_IntB5_905349,,,,,
2026-09-12T21:21:07-05:00,PUR_IED_SilveriaR_IntSD14_981f93,PUR_IED_SilveriaR_IntSD14_981f93,,,,,
2026-09-12T21:21:07-05:00,PUR_IED_SilveriaR_ext_2b651d,PUR_IED_SilveriaR_ext_2b651d,,,,,
2026-09-12T21:21:07-05:00,PUR_IED_SimonB_Exterior_913975,PUR_IED_SimonB_Exterior_913975,,,,,
2026-09-12T21:21:07-05:00,PUR_IED_SimonB_LabQuimi_c56908,PUR_IED_SimonB_LabQuimi_c56908,,,,,
2026-09-12T21:21:07-05:00,PUR_IED_SimonB_informatic_a28c1,PUR_IED_SimonB_informatic_a28c1,,,,,
2026-09-12T21:21:07-05:00,PUR_IED_Sorrento_1102_315f50,PUR_IED_Sorrento_1102_315f50,,,,,
2026-09-12T21:21:07-05:00,PUR_IED_Sorrento_Minte_214eab,PUR_IED_Sorrento_Minte_214eab,,,,,
2026-09-12T21:21:07-05:00,PUR_IED_Sorrento_ext_7c3a0a,PUR_IED_Sorrento_ext_7c3a0a,,,,,
2026-09-12T21:21:07-05:00,PUR_IED_Tabora_Ext_f048ae,PUR_IED_Tabora_Ext_f048ae,,,,,
2026-09-12T21:21:07-05:00,PUR_IED_Tabora_S1102_b07752,PUR_IED_Tabora_S1102_b07752,,,,,
2026-09-12T21:21:07-05:00,PUR_IED_Tabora_S1103_d988f5,PUR_IED_Tabora_S1103_d988f5,,,,,
2026-09-12T21:21:07-05:00,PUR_IED_Tenerife_Ext_1ab188,PUR_IED_Tenerife_Ext_1ab188,,,,,
2026-09-12T21:21:07-05:00,PUR_IED_Tenerife_SDanzas_7bc02e,PUR_IED_Tenerife_SDanzas_7bc02e,,,,,
2026-09-12T21:21:07-05:00,PUR_IED_Tenerife_SIngles_7cc277,PUR_IED_Tenerife_SIngles_7cc277,,,,,
2026-09-12T21:21:07-05:00,PUR_IED_Tibabuyes_Exter_f2683d,PUR_IED_Tibabuyes_Exter_f2683d,,,,,
2026-09-12T21:21:07-05:00,PUR_IED_Tibabuyes_S10_dc87a8,PUR_IED_Tibabuyes_S10_dc87a8,,,,,
2026-09-12T21:21:07-05:00,PUR_IED_Tibabuyes_S15_dc0526,PUR_IED_Tibabuyes_S15_dc0526,,,,,
2026-09-12T21:21:07-05:00,PUR_IED_UnionE_S301_a1043,PUR_IED_UnionE_S301_a1043,,,,,
2026-09-12T21:21:07-05:00,PUR_IED_UnionE_S307_ff6c2f,PUR_IED_UnionE_S307_ff6c2f,,,,,
2026-09-12T21:21:07-05:00,PUR_IED_UnionE__Ext_5e2468,PUR_IED_UnionE__Ext_5e2468,,,,,
2026-09-12T21:21:07-05:00,PUR_IED_VillaRica_Ext_75be7c,PUR_IED_VillaRica_Ext_75be7c,,,,,
2026-09-12T21:21:07-05:00,PUR_IED_VillaRica_S4_cc5dcd,PUR_IED_VillaRica_S4_cc5dcd,,,,,
2026-09-12T21:21:07-05:00,PUR_IED_VillaRica_Sesp_99f5c,PUR_IED_VillaRica_Sesp_99f5c,,,,,
2026-09-12T21:26:04-05:00,PUR_IED_20deJulio_1101_91b1b9,PUR_IED_20deJulio_1101_91b1b9,,,,,
2026-09-12T21:26:04-05:00,PUR_IED_20deJulio_1102_1cfcf9,PUR_IED_20deJulio_1102_1cfcf9,,,,,
2026-09-12T21:26:04-05:00,PUR_IED_20deJulio_Ext_ab60bd,PUR_IED_20deJulio_Ext_ab60bd,,,,,
2026-09-12T21:26:04-05:00,PUR_IED_AgustinFer_Ext_7b9b77,PUR_IED_AgustinFer_Ext_7b9b77,,,,,
2026-09-12T21:26:04-05:00,PUR_IED_AgustinFer_Info2_27b3a7,PUR_IED_AgustinFer_Info2_27b3a7,,,,,
2026-09-12T21:26:04-05:00,PUR_IED_AgustinFer_Sena_54b4eb,PUR_IED_AgustinFer_Sena_54b4eb,,,,,
2026-09-12T21:26:04-05:00,PUR_IED_AlexanderF_1102_caf07b,PUR_IED_AlexanderF_1102_caf07b,,,,,
2026-09-12T21:26:04-05:00,PUR_IED_AlexanderF_1103_c79e71,PUR_IED_AlexanderF_1103_c79e71,,,,,
2026-09-12T21:26:04-05:00,PUR_IED_AlexanderF_Ext_c5b18b,PUR_IED_AlexanderF_Ext_c5b18b,,,,,
2026-09-12T21:26:04-05:00,PUR_IED_AlfonsoLopez_Ext_281d77,PUR_IED_AlfonsoLopez_Ext_281d77,,,,,
2026-09-12T21:26:04-05:00,PUR_IED_AlfonsoLopez_LabF_888ce0,PUR_IED_AlfonsoLopez_LabF_888ce0,,,,,
2026-09-12T21:26:04-05:00,PUR_IED_AlfonsoLopez_SMed_df6a7f,PUR_IED_AlfonsoLopez_SMed_df6a7f,,,,,
2026-09-12T21:26:04-05:00,PUR_IED_AltamiraSO_A2_209f92,PUR_IED_AltamiraSO_A2_209f92,,,,,
2026-09-12T21:26:04-05:00,PUR_IED_AltamiraSO_Ext_186d66,PUR_IED_AltamiraSO_Ext_186d66,,,,,
2026-09-12T21:26:04-05:00,PUR_IED_AltamiraSO_Sistem_27afe1,PUR_IED_AltamiraSO_Sistem_27afe1,,,,,
2026-09-12T21:26:04-05:00,PUR_IED_AlvaroGom_LabQuim_813179,PUR_IED_AlvaroGom_LabQuim_813179,,,,,
2026-09-12T21:26:04-05:00,PUR_IED_AlvaroGomez_Ext_47c7ca,PUR_IED_AlvaroGomez_Ext_47c7ca,,,,,
2026-09-12T21:26:04-05:00,PUR_IED_AlvaroGomez_LabQuim_813179,PUR_IED_AlvaroGomez_LabQuim_813179,,,,,
2026-09-12T21:26:04-05:00,PUR_IED_AlvaroGomez_S23_7ba89f,PUR_IED_AlvaroGomez_S23_7ba89f,,,,,
2026-09-12T21:26:04-05:00,PUR_IED_Amistad_306_dc8728,PUR_IED_Amistad_306_dc8728,,,,,
2026-09-12T21:26:04-05:00,PUR_IED_Amistad_Ext_8cd55e,PUR_IED_Amistad_Ext_8cd55e,,,,,
2026-09-12T21:26:04-05:00,PUR_IED_Amistad_S202_a41169,PUR_IED_Amistad_S202_a41169,,,,,
2026-09-12T21:26:04-05:00,PUR_IED_AndresBello_Bio_fd5f5e,PUR_IED_AndresBello_Bio_fd5f5e,,,,,
2026-09-12T21:26:04-05:00,PUR_IED_AndresBello_ext_dcad65,PUR_IED_AndresBello_ext_dcad65,,,,,
2026-09-12T21:26:04-05:00,PUR_IED_AndresBello_port_eed3ec,PUR_IED_AndresBello_port_eed3ec,,,,,
2026-09-12T21:26:04-05:00,PUR_IED_AngelaR_11b_d90a6b,PUR_IED_AngelaR_11b_d90a6b,,,,,
2026-09-12T21:26:04-05:00,PUR_IED_AngelaR_ext_7cad3e,PUR_IED_AngelaR_ext_7cad3e,3,19,63,4.5825,-74.164497
2026-09-12T21:26:04-05:00,PUR_IED_AntJoseSucre_10mo_df2575,PUR_IED_AntJoseSucre_10mo_df2575,,,,,
2026-09-12T21:26:04-05:00,PUR_IED_AntJoseSucre_Ext_215b36,PUR_IED_AntJoseSucre_Ext_215b36,,,,,
2026-09-12T21:26:04-05:00,PUR_IED_AntJoseSucre_Lab_3139de,PUR_IED_AntJoseSucre_Lab_3139de,,,,,
2026-09-12T21:26:04-05:00,PUR_IED_AntonioGarcia_301_d6b188,PUR_IED_AntonioGarcia_301_d6b188,,,,,
2026-09-12T21:26:04-05:00,PUR_IED_AntonioGarcia_302_88a82,PUR_IED_AntonioGarcia_302_88a82,,,,,
2026-09-12T21:26:04-05:00,PUR_IED_AntonioGarcia_Ext_20950c,PUR_IED_AntonioGarcia_Ext_20950c,,,,,
2026-09-12T21:26:04-05:00,PUR_IED_AntonioVan_Aula2_6dea02,PUR_IED_AntonioVan_Aula2_6dea02,,,,,
2026-09-12T21:26:04-05:00,PUR_IED_AntonioVan_Aula5_f1557e,PUR_IED_AntonioVan_Aula5_f1557e,,,,,
2026-09-12T21:26:04-05:00,PUR_IED_AntonioVan_Ext_406f2f,PUR_IED_AntonioVan_Ext_406f2f,,,,,
2026-09-12T21:26:04-05:00,PUR_IED_Atabanzha_Ext_cc5af9,PUR_IED_Atabanzha_Ext_cc5af9,,,,,
2026-09-12T21:26:04-05:00,PUR_IED_Atabanzha_SA101_56c37,PUR_IED_Atabanzha_SA101_56c37,,,,,
2026-09-12T21:26:04-05:00,PUR_IED_Atabanzha_SB302_27b374,PUR_IED_Atabanzha_SB302_27b374,,,,,
2026-09-12T21:26:04-05:00,PUR_IED_Atahualpa_Ext_fc1748,PUR_IED_Atahualpa_Ext_fc1748,,,,,
2026-09-12T21:26:04-05:00,PUR_IED_Atahualpa_Informa_dc9a95,PUR_IED_Atahualpa_Informa_dc9a95,,,,,
2026-09-12T21:26:04-05:00,PUR_IED_Atahualpa_S1101_f98056,PUR_IED_Atahualpa_S1101_f98056,,,,,
2026-09-12T21:26:04-05:00,PUR_IED_Bellavista_Ext_f5aa74,PUR_IED_Bellavista_Ext_f5aa74,,,,,
2026-09-12T21:26:04-05:00,PUR_IED_Bilbao_11A_916c41,PUR_IED_Bilbao_11A_916c41,,,,,
2026-09-12T21:26:04-05:00,PUR_IED_Bilbao_Ext_fb579a,PUR_IED_Bilbao_Ext_fb579a,,,,,
2026-09-12T21:26:04-05:00,PUR_IED_BrasiliaU_A125_304280,PUR_IED_BrasiliaU_A125_304280,,,,,
2026-09-12T21:26:04-05:00,PUR_IED_BrasiliaU_A203_7c8ca5,PUR_IED_BrasiliaU_A203_7c8ca5,,,,,
2026-09-12T21:26:04-05:00,PUR_IED_BrasiliaU_Ext_8d6e9f,PUR_IED_BrasiliaU_Ext_8d6e9f,7,17,65,4.5175,-74.116302
2026-09-12T21:26:04-05:00,PUR_IED_Brasilia_Ext_fe6593,PUR_IED_Brasilia_Ext_fe6593,,,,,
2026-09-12T21:26:04-05:00,PUR_IED_Brasilia_S24_7c130d,PUR_IED_Brasilia_S24_7c130d,,,,,
2026-09-12T21:26:04-05:00,PUR_IED_Brasilia_S501_186a54,PUR_IED_Brasilia_S501_186a54,,,,,
2026-09-12T21:26:04-05:00,PUR_IED_CHARRY_EXT_f1d5cd,PUR_IED_CHARRY_EXT_f1d5cd,,,,,
2026-09-12T21:26:04-05:00,PUR_IED_CHARRY_INTDANZAS_7a08e6,PUR_IED_CHARRY_INTDANZAS_7a08e6,,,,,
2026-09-12T21:26:04-05:00,PUR_IED_CHARRY_INT_AULA20_dc998d,PUR_IED_CHARRY_INT_AULA20_dc998d,,,,,
2026-09-12T21:26:04-05:00,PUR_IED_COLVIV_1101_S25_7f520a,PUR_IED_COLVIV_1101_S25_7f520a,,,,,
2026-09-12T21:26:04-05:00,PUR_IED_COLVIV_1102_S16_f570ba,PUR_IED_COLVIV_1102_S16_f570ba,,,,,
2026-09-12T21:26:04-05:00,PUR_IED_COLVIV_Ext_1a26fa,PUR_IED_COLVIV_Ext_1a26fa,,,,,
2026-09-12T21:26:04-05:00,PUR_IED_CULPOP_301A_f660f3,PUR_IED_CULPOP_301A_f660f3,,,,,
2026-09-12T21:26:04-05:00,PUR_IED_CULPOP_303_568afe,PUR_IED_CULPOP_303_568afe,,,,,
2026-09-12T21:26:04-05:00,PUR_IED_CULPOP_Ext_e02ccb,PUR_IED_CULPOP_Ext_e02ccb,,,,,
2026-09-12T21:26:04-05:00,PUR_IED_CVillavicen_Ext_26eb58,PUR_IED_CVillavicen_Ext_26eb58,4,15,77,4.487,-74.102798
2026-09-12T21:26:04-05:00,PUR_IED_CVillavicen_Intel_1ce5c2,PUR_IED_CVillavicen_Intel_1ce5c2,,,,,
2026-09-12T21:26:04-05:00,PUR_IED_CVillavicen_Poliv_e0766c,PUR_IED_CVillavicen_Poliv_e0766c,,,,,
2026-09-12T21:26:04-05:00,PUR_IED_CVillavicen_int_1ba140,PUR_IED_CVillavicen_int_1ba140,,,,,
2026-09-12T21:26:04-05:00,PUR_IED_CVillavicen_intel_1ba140,PUR_IED_CVillavicen_intel_1ba140,,,,,
2026-09-12T21:26:04-05:00,PUR_IED_CarlosPizarro_Ext_e307cc,PUR_IED_CarlosPizarro_Ext_e307cc,,,,,
2026-09-12T21:26:04-05:00,PUR_IED_CarlosPizarro_L36_7e5cdb,PUR_IED_CarlosPizarro_L36_7e5cdb,,,,,
2026-09-12T21:26:04-05:00,PUR_IED_CarlosPizarro_L37_c8566c,PUR_IED_CarlosPizarro_L37_c8566c,,,,,
2026-09-12T21:26:04-05:00,PUR_IED_Castilla_Ext_cf35f,PUR_IED_Castilla_Ext_cf35f,,,,,
2026-09-12T21:26:04-05:00,PUR_IED_Castilla_SFisik_360e38,PUR_IED_Castilla_SFisik_360e38,,,,,
2026-09-12T21:26:04-05:00,PUR_IED_Castilla_Sc304_496fbf,PUR_IED_Castilla_Sc304_496fbf,,,,,
2026-09-12T21:26:04-05:00,PUR_IED_CervantesSa_Ext_6b57b,PUR_IED_CervantesSa_Ext_6b57b,7,18,68,4.5128,-74.117203
2026-09-12T21:26:04-05:00,PUR_IED_CervantesSa_S107_225c2b,PUR_IED_CervantesSa_S107_225c2b,,,,,
2026-09-12T21:26:04-05:00,PUR_IED_CervantesSa_S108_940925,PUR_IED_CervantesSa_S108_940925,,,,,
2026-09-12T21:26:04-05:00,PUR_IED_Charry_A20_f53e7c,PUR_IED_Charry_A20_f53e7c,,,,,
2026-09-12T21:26:04-05:00,PUR_IED_Charry_Ext_f1d5cd,PUR_IED_Charry_Ext_f1d5cd,,,,,
2026-09-12T21:26:04-05:00,PUR_IED_Charry_IntAula20_dc998d,PUR_IED_Charry_IntAula20_dc998d,,,,,
2026-09-12T21:26:04-05:00,PUR_IED_Charry_IntDanzas_7a08e6,PUR_IED_Charry_IntDanzas_7a08e6,,,,,
2026-09-12T21:26:04-05:00,PUR_IED_ClememciaC_203_43e2fc,PUR_IED_ClememciaC_203_43e2fc,,,,,
2026-09-12T21:26:04-05:00,PUR_IED_ClememciaC_Ext_1b411a,PUR_IED_ClememciaC_Ext_1b411a,,,,,
2026-09-12T21:26:04-05:00,PUR_IED_ClememciaC_Quimic_44b5fc,PUR_IED_ClememciaC_Quimic_44b5fc,,,,,
2026-09-12T21:26:04-05:00,PUR_IED_ClemenciaC_203_43e2fc,PUR_IED_ClemenciaC_203_43e2fc,,,,,
2026-09-12T21:26:04-05:00,PUR_IED_ClemenciaC_Ext_1b411a,PUR_IED_ClemenciaC_Ext_1b411a,,,,,
2026-09-12T21:26:04-05:00,PUR_IED_ClemenciaC_Quimic_44b5fc,PUR_IED_ClemenciaC_Quimic_44b5fc,,,,,
2026-09-12T21:26:04-05:00,PUR_IED_ColViva_1101_S25_7f520a,PUR_IED_ColViva_1101_S25_7f520a,,,,,
2026-09-12T21:26:04-05:00,PUR_IED_ColViva_1102_S16_f570ba,PUR_IED_ColViva_1102_S16_f570ba,,,,,
2026-09-12T21:26:04-05:00,PUR_IED_ColViva_Ext_1a26fa,PUR_IED_ColViva_Ext_1a26fa,,,,,
2026-09-12T21:26:04-05:00,PUR_IED_ColegioBici_Asist_7c8798,PUR_IED_ColegioBici_Asist_7c8798,,,,,
2026-09-12T21:26:04-05:00,PUR_IED_ColegioBici_Ext_25cbf6,PUR_IED_ColegioBici_Ext_25cbf6,,,,,
2026-09-12T21:26:04-05:00,PUR_IED_ColegioBici_LabQ_7b57db,PUR_IED_ColegioBici_LabQ_7b57db,,,,,
2026-09-12T21:26:04-05:00,PUR_IED_CostaRica_Ext_5e640,PUR_IED_CostaRica_Ext_5e640,,,,,
2026-09-12T21:26:04-05:00,PUR_IED_CostaRica_Quim1_766d1c,PUR_IED_CostaRica_Quim1_766d1c,,,,,
2026-09-12T21:26:04-05:00,PUR_IED_CostaRica__Fisica_6f0873,PUR_IED_CostaRica__Fisica_6f0873,,,,,
2026-09-12T21:26:04-05:00,PUR_IED_CulPopu_301A_f660f3,PUR_IED_CulPopu_301A_f660f3,,,,,
2026-09-12T21:26:04-05:00,PUR_IED_CulPopu_303_568afe,PUR_IED_CulPopu_303_568afe,,,,,
2026-09-12T21:26:04-05:00,PUR_IED_CulPopu_Ext_e02ccb,PUR_IED_CulPopu_Ext_e02ccb,,,,,
2026-09-12T21:26:04-05:00,PUR_IED_Cundinamarca_Ext_f15985,PUR_IED_Cundinamarca_Ext_f15985,,,,,
2026-09-12T21:26:04-05:00,PUR_IED_Cundinamarca_Info_7aa5d7,PUR_IED_Cundinamarca_Info_7aa5d7,,,,,
2026-09-12T21:26:04-05:00,PUR_IED_Cundinamarca_Tec2_f449c7,PUR_IED_Cundinamarca_Tec2_f449c7,,,,,
2026-09-12T21:26:04-05:00,PUR_IED_DiegoM_Aula1_27b314,PUR_IED_DiegoM_Aula1_27b314,,,,,
2026-09-12T21:26:04-05:00,PUR_IED_DiegoM_Ext_d80ac8,PUR_IED_DiegoM_Ext_d80ac8,,,,,
2026-09-12T21:26:04-05:00,PUR_IED_DiegoM_S25_da928f,PUR_IED_DiegoM_S25_da928f,,,,,
2026-09-12T21:26:04-05:00,PUR_IED_ELRODEO_360881,PUR_IED_ELRODEO_360881,,,,,
2026-09-12T21:26:04-05:00,PUR_IED_ELRODEO_ext_360881,PUR_IED_ELRODEO_ext_360881,,,,,
2026-09-12T21:26:04-05:00,PUR_IED_EduardoU_Ext_1c1969,PUR_IED_EduardoU_Ext_1c1969,,,,,
2026-09-12T21:26:04-05:00,PUR_IED_EduardoU_SCiencia_4dfb94,PUR_IED_EduardoU_SCiencia_4dfb94,,,,,
2026-09-12T21:26:04-05:00,PUR_IED_EduardoU_SQuimica_5a46e7,PUR_IED_EduardoU_SQuimica_5a46e7,,,,,
2026-09-12T21:26:04-05:00,PUR_IED_ElRodeo_Aula14_676984,PUR_IED_ElRodeo_Aula14_676984,,,,,
2026-09-12T21:26:04-05:00,PUR_IED_ElRodeo_Aula16_2dd35b,PUR_IED_ElRodeo_Aula16_2dd35b,,,,,
2026-09-12T21:26:04-05:00,PUR_IED_ElRodeo_Ext_360881,PUR_IED_ElRodeo_Ext_360881,,,,,
2026-09-12T21:26:04-05:00,PUR_IED_ElRodeo_Exterior_8c6d28,PUR_IED_ElRodeo_Exterior_8c6d28,,,,,
2026-09-12T21:26:04-05:00,PUR_IED_ElRodeo_ext_360881,PUR_IED_ElRodeo_ext_360881,,,,,
2026-09-12T21:26:04-05:00,PUR_IED_EmmaReyes_Ext_987625,PUR_IED_EmmaReyes_Ext_987625,5,21,52,4.6367,-74.1511
2026-09-12T21:26:04-05:00,PUR_IED_Ensueño_Ext_7f0250,PUR_IED_Ensueño_Ext_7f0250,,,,,
2026-09-12T21:26:04-05:00,PUR_IED_EscNormal_Ext_5fef3b,PUR_IED_EscNormal_Ext_5fef3b,3,19,60,4.5852,-74.096901
2026-09-12T21:26:04-05:00,PUR_IED_EscNormal_S309_5b263,PUR_IED_EscNormal_S309_5b263,,,,,
2026-09-12T21:26:04-05:00,PUR_IED_EscNormal_S310_27b3b8,PUR_IED_EscNormal_S310_27b3b8,,,,,
2026-09-12T21:26:04-05:00,PUR_IED_Evangelista_Conta_f6cd4f,PUR_IED_Evangelista_Conta_f6cd4f,,,,,
2026-09-12T21:26:04-05:00,PUR_IED_Evangelista_Cri_5e16a,PUR_IED_Evangelista_Cri_5e16a,,,,,
2026-09-12T21:26:04-05:00,PUR_IED_Evangelista_Exter_754066,PUR_IED_Evangelista_Exter_754066,,,,,
2026-09-12T21:26:04-05:00,PUR_IED_FMiranda_S209_5cc2a3,PUR_IED_FMiranda_S209_5cc2a3,,,,,
2026-09-12T21:26:04-05:00,PUR_IED_FMiranda_S303_19e344,PUR_IED_FMiranda_S303_19e344,,,,,
2026-09-12T21:26:04-05:00,PUR_IED_FMiranda_ext_f53e7c,PUR_IED_FMiranda_ext_f53e7c,,,,,
2026-09-12T21:26:04-05:00,PUR_IED_FabioLozano_Bibli_1cee05,PUR_IED_FabioLozano_Bibli_1cee05,,,,,
2026-09-12T21:26:04-05:00,PUR_IED_FabioLozano_Ext_6ea285,PUR_IED_FabioLozano_Ext_6ea285,,,,,
2026-09-12T21:26:04-05:00,PUR_IED_FabioLozano_SLudi_f09e1e,PUR_IED_FabioLozano_SLudi_f09e1e,,,,,
2026-09-12T21:26:04-05:00,PUR_IED_FaustinoS_Aula07_27a731,PUR_IED_FaustinoS_Aula07_27a731,,,,,
2026-09-12T21:26:04-05:00,PUR_IED_FaustinoS_Ext_7b936f,PUR_IED_FaustinoS_Ext_7b936f,,,,,
2026-09-12T21:26:04-05:00,PUR_IED_FaustinoS_Fisica_da2c60,PUR_IED_FaustinoS_Fisica_da2c60,,,,,
2026-09-12T21:26:04-05:00,PUR_IED_FeGarciaLo_Ext_dc68ee,PUR_IED_FeGarciaLo_Ext_dc68ee,,,,,
2026-09-12T21:26:04-05:00,PUR_IED_FeGarciaLo_SDanza_f70a59,PUR_IED_FeGarciaLo_SDanza_f70a59,,,,,
2026-09-12T21:26:04-05:00,PUR_IED_FeGarciaLo_SMusic_125cdd,PUR_IED_FeGarciaLo_SMusic_125cdd,,,,,
2026-09-12T21:26:04-05:00,PUR_IED_FederalAlema_Exte_50c345,PUR_IED_FederalAlema_Exte_50c345,,,,,
2026-09-12T21:26:04-05:00,PUR_IED_FederalAlema_S31_f18371,PUR_IED_FederalAlema_S31_f18371,,,,,
2026-09-12T21:26:04-05:00,PUR_IED_FederalAlema_S901_a62cd,PUR_IED_FederalAlema_S901_a62cd,,,,,
2026-09-12T21:26:04-05:00,PUR_IED_FilarmonicaS_A5_f35eb1,PUR_IED_FilarmonicaS_A5_f35eb1,,,,,
2026-09-12T21:26:04-05:00,PUR_IED_FilarmonicaS_Ext_8a3bde,PUR_IED_FilarmonicaS_Ext_8a3bde,,,,,
2026-09-12T21:26:04-05:00,PUR_IED_FilarmonicaS_Spol_406114,PUR_IED_FilarmonicaS_Spol_406114,,,,,
2026-09-12T21:26:04-05:00,PUR_IED_FlorentinoG_A13_d1fa59,PUR_IED_FlorentinoG_A13_d1fa59,,,,,
2026-09-12T21:26:04-05:00,PUR_IED_FlorentinoG_Ext_1ce6ce,PUR_IED_FlorentinoG_Ext_1ce6ce,,,,,
2026-09-12T21:26:04-05:00,PUR_IED_FlorentinoG_Idiom_a66aac,PUR_IED_FlorentinoG_Idiom_a66aac,,,,,
2026-09-12T21:26:04-05:00,PUR_IED_FranciscoMati_Ext_e3869d,PUR_IED_FranciscoMati_Ext_e3869d,,,,,
2026-09-12T21:26:04-05:00,PUR_IED_FranciscoMati_S13_f31c67,PUR_IED_FranciscoMati_S13_f31c67,,,,,
2026-09-12T21:26:04-05:00,PUR_IED_FranciscoMati_S14_97dead,PUR_IED_FranciscoMati_S14_97dead,,,,,
2026-09-12T21:26:04-05:00,PUR_IED_FranciscoPS_Ext_7bfa9a,PUR_IED_FranciscoPS_Ext_7bfa9a,3,20,60,4.5899,-74.110397
2026-09-12T21:26:04-05:00,PUR_IED_FranciscoPS_Infor_fb8f4c,PUR_IED_FranciscoPS_Infor_fb8f4c,,,,,
2026-09-12T21:26:04-05:00,PUR_IED_FranciscoPS_Quimi_94d39c,PUR_IED_FranciscoPS_Quimi_94d39c,,,,,
2026-09-12T21:26:04-05:00,PUR_IED_FranciscoP_LabQ_d7e148,PUR_IED_FranciscoP_LabQ_d7e148,,,,,
2026-09-12T21:26:04-05:00,PUR_IED_FranciscoP_S28_cf9b30,PUR_IED_FranciscoP_S28_cf9b30,,,,,
2026-09-12T21:26:04-05:00,PUR_IED_FranciscoP_ext_e2313,PUR_IED_FranciscoP_ext_e2313,,,,,
2026-09-12T21:26:04-05:00,PUR_IED_FriederichN_Ext_8ac92a,PUR_IED_FriederichN_Ext_8ac92a,,,,,
2026-09-12T21:26:04-05:00,PUR_IED_FriederichN_S301_dd7e5a,PUR_IED_FriederichN_S301_dd7e5a,,,,,
2026-09-12T21:26:04-05:00,PUR_IED_FriederichN_S308_761f4f,PUR_IED_FriederichN_S308_761f4f,,,,,
2026-09-12T21:26:04-05:00,PUR_IED_GSantander_Aula10_533dd7,PUR_IED_GSantander_Aula10_533dd7,,,,,
2026-09-12T21:26:04-05:00,PUR_IED_GSantander_Aula12_fd4e4f,PUR_IED_GSantander_Aula12_fd4e4f,,,,,
2026-09-12T21:26:04-05:00,PUR_IED_GSantander_Aula310_533dd7,PUR_IED_GSantander_Aula310_533dd7,,,,,
2026-09-12T21:26:04-05:00,PUR_IED_GSantander_Aula312_fd4e4f,PUR_IED_GSantander_Aula312_fd4e4f,,,,,
2026-09-12T21:26:04-05:00,PUR_IED_GSantander_Ext_5f66b0,PUR_IED_GSantander_Ext_5f66b0,,,,,
2026-09-12T21:26:04-05:00,PUR_IED_GYomasa_Ext_f6bea5,PUR_IED_GYomasa_Ext_f6bea5,,,,,
2026-09-12T21:26:04-05:00,PUR_IED_GYomasa_LBiol_2c41aa,PUR_IED_GYomasa_LBiol_2c41aa,,,,,
2026-09-12T21:26:04-05:00,PUR_IED_GYomasa_LQuim_33c80,PUR_IED_GYomasa_LQuim_33c80,,,,,
2026-09-12T21:26:04-05:00,PUR_IED_GabBetMejia_Cienc_5a99c,PUR_IED_GabBetMejia_Cienc_5a99c,,,,,
2026-09-12T21:26:04-05:00,PUR_IED_GabBetMejia_Ext_9153d0,PUR_IED_GabBetMejia_Ext_9153d0,,,,,
2026-09-12T21:26:04-05:00,PUR_IED_GabBetMejia_Lab_f55347,PUR_IED_GabBetMejia_Lab_f55347,,,,,
2026-09-12T21:26:04-05:00,PUR_IED_GabBetanMejia_Ext_9153d0,PUR_IED_GabBetanMejia_Ext_9153d0,,,,,
2026-09-12T21:26:04-05:00,PUR_IED_Gaitana_Aula13_7aac11,PUR_IED_Gaitana_Aula13_7aac11,,,,,
2026-09-12T21:26:04-05:00,PUR_IED_Gaitana_Ext_5fcf4,PUR_IED_Gaitana_Ext_5fcf4,,,,,
2026-09-12T21:26:04-05:00,PUR_IED_Gaitana_LabFisica_644448,PUR_IED_Gaitana_LabFisica_644448,,,,,
2026-09-12T21:26:04-05:00,PUR_IED_GenSantander_Dise_8ac858,PUR_IED_GenSantander_Dise_8ac858,,,,,
2026-09-12T21:26:04-05:00,PUR_IED_GenSantander_Ext_8d5dfe,PUR_IED_GenSantander_Ext_8d5dfe,,,,,
2026-09-12T21:26:04-05:00,PUR_IED_GenSantander_Info_6c25b,PUR_IED_GenSantander_Info_6c25b,,,,,
2026-09-12T21:26:04-05:00,PUR_IED_GustavoMo_Exterio_75e63d,PUR_IED_GustavoMo_Exterio_75e63d,,,,,
2026-09-12T21:26:04-05:00,PUR_IED_GustavoMo_LabFisi_224d37,PUR_IED_GustavoMo_LabFisi_224d37,,,,,
2026-09-12T21:26:04-05:00,PUR_IED_GustavoMo_S208_3e6918,PUR_IED_GustavoMo_S208_3e6918,,,,,
2026-09-12T21:26:04-05:00,PUR_IED_GustavoR_A02_8cd4a8,PUR_IED_GustavoR_A02_8cd4a8,,,,,
2026-09-12T21:26:04-05:00,PUR_IED_GustavoR_B11_5b0ed,PUR_IED_GustavoR_B11_5b0ed,,,,,
2026-09-12T21:26:04-05:00,PUR_IED_GustavoR_Ext_7a0c90,PUR_IED_GustavoR_Ext_7a0c90,,,,,
2026-09-12T21:26:04-05:00,PUR_IED_HernandoDuran_Ext_8cd82b,PUR_IED_HernandoDuran_Ext_8cd82b,,,,,
2026-09-12T21:26:04-05:00,PUR_IED_HernandoDuran_S24_2772c6,PUR_IED_HernandoDuran_S24_2772c6,,,,,
2026-09-12T21:26:04-05:00,PUR_IED_HernandoDuran_S30_f2de41,PUR_IED_HernandoDuran_S30_f2de41,,,,,
2026-09-12T21:26:04-05:00,PUR_IED_HolguInUr_S1101_8cd732,PUR_IED_HolguInUr_S1101_8cd732,,,,,
2026-09-12T21:26:04-05:00,PUR_IED_HolguinUr_Exter_ddae6d,PUR_IED_HolguinUr_Exter_ddae6d,,,,,
2026-09-12T21:26:04-05:00,PUR_IED_HolguinUr_LabQuim_92b952,PUR_IED_HolguinUr_LabQuim_92b952,,,,,
2026-09-12T21:26:04-05:00,PUR_IED_Isabel-II_Ext_5245cc,PUR_IED_Isabel-II_Ext_5245cc,7,19,58,4.6336,-74.153
2026-09-12T21:26:04-05:00,PUR_IED_Isabel-II_S_idiom_1c29aa,PUR_IED_Isabel-II_S_idiom_1c29aa,,,,,
2026-09-12T21:26:04-05:00,PUR_IED_Isabel-II_S_infor_fd741,PUR_IED_Isabel-II_S_infor_fd741,,,,,
2026-09-12T21:26:04-05:00,PUR_IED_IsidroSur_Exterio_5b90ea,PUR_IED_IsidroSur_Exterio_5b90ea,,,,,
2026-09-12T21:26:04-05:00,PUR_IED_IsidroSur_LabTec_56697a,PUR_IED_IsidroSur_LabTec_56697a,,,,,
2026-09-12T21:26:04-05:00,PUR_IED_IsidroSur_Robotic_b7c38f,PUR_IED_IsidroSur_Robotic_b7c38f,,,,,
2026-09-12T21:26:04-05:00,PUR_IED_IsmaelPerd_Ext_7b6672,PUR_IED_IsmaelPerd_Ext_7b6672,,,,,
2026-09-12T21:26:04-05:00,PUR_IED_IsmaelPerd_Inform_306540,PUR_IED_IsmaelPerd_Inform_306540,,,,,
2026-09-12T21:26:04-05:00,PUR_IED_IsmaelPerd_S30_2e2c83,PUR_IED_IsmaelPerd_S30_2e2c83,,,,,
2026-09-12T21:26:04-05:00,PUR_IED_JLozano_Exter_432910,PUR_IED_JLozano_Exter_432910,,,,,
2026-09-12T21:26:04-05:00,PUR_IED_JLozano_salaMulti_df5125,PUR_IED_JLozano_salaMulti_df5125,,,,,
2026-09-12T21:26:04-05:00,PUR_IED_JMCordoba_206_86f80b,PUR_IED_JMCordoba_206_86f80b,,,,,
2026-09-12T21:26:04-05:00,PUR_IED_JMCordoba_Ext_27ad97,PUR_IED_JMCordoba_Ext_27ad97,,,,,
2026-09-12T21:26:04-05:00,PUR_IED_JMCordoba_S310_d59ab4,PUR_IED_JMCordoba_S310_d59ab4,,,,,
2026-09-12T21:26:04-05:00,PUR_IED_Japon_Ext_549100,PUR_IED_Japon_Ext_549100,,,,,
2026-09-12T21:26:04-05:00,PUR_IED_Japon_Laboratorio_bec51d,PUR_IED_Japon_Laboratorio_bec51d,,,,,
2026-09-12T21:26:04-05:00,PUR_IED_Japon_informatica_d99327,PUR_IED_Japon_informatica_d99327,,,,,
2026-09-12T21:26:04-05:00,PUR_IED_Jazmin_Ext_d27bda,PUR_IED_Jazmin_Ext_d27bda,,,,,
2026-09-12T21:26:04-05:00,PUR_IED_Jazmin_Fisica_8d14d7,PUR_IED_Jazmin_Fisica_8d14d7,,,,,
2026-09-12T21:26:04-05:00,PUR_IED_Jazmin_Quimica_801cb5,PUR_IED_Jazmin_Quimica_801cb5,,,,,
2026-09-12T21:26:04-05:00,PUR_IED_JorgeGaitan_Exter_f098d1,PUR_IED_JorgeGaitan_Exter_f098d1,,,,,
2026-09-12T21:26:04-05:00,PUR_IED_JorgeGaitan_STec1_dc9d1d,PUR_IED_JorgeGaitan_STec1_dc9d1d,,,,,
2026-09-12T21:26:04-05:00,PUR_IED_JorgeGaitan_STec2_281e69,PUR_IED_JorgeGaitan_STec2_281e69,,,,,
2026-09-12T21:26:04-05:00,PUR_IED_JorgeSoto_Exterio_d9d0a2,PUR_IED_JorgeSoto_Exterio_d9d0a2,,,,,
2026-09-12T21:26:04-05:00,PUR_IED_JorgeSoto_LabFisi_209c54,PUR_IED_JorgeSoto_LabFisi_209c54,,,,,
2026-09-12T21:26:04-05:00,PUR_IED_JorgeSoto_S103_27b51a,PUR_IED_JorgeSoto_S103_27b51a,,,,,
2026-09-12T21:26:04-05:00,PUR_IED_JoseAcevedo_A02_e965eb,PUR_IED_JoseAcevedo_A02_e965eb,,,,,
2026-09-12T21:26:04-05:00,PUR_IED_JoseAcevedo_A07_dd5b4,PUR_IED_JoseAcevedo_A07_dd5b4,,,,,
2026-09-12T21:26:04-05:00,PUR_IED_JoseAcevedo_Ext_b47484,PUR_IED_JoseAcevedo_Ext_b47484,,,,,
2026-09-12T21:26:04-05:00,PUR_IED_JoseMarti_Exte_5b9bf,PUR_IED_JoseMarti_Exte_5b9bf,,,,,
2026-09-12T21:26:04-05:00,PUR_IED_JoseMarti_LabQuim_1c6c2d,PUR_IED_JoseMarti_LabQuim_1c6c2d,,,,,
2026-09-12T21:26:04-05:00,PUR_IED_JoseMarti_S_info_f5f177,PUR_IED_JoseMarti_S_info_f5f177,,,,,
2026-09-12T21:26:04-05:00,PUR_IED_Josejoaquin_Ext_dfc5dc,PUR_IED_Josejoaquin_Ext_dfc5dc,,,,,
2026-09-12T21:26:04-05:00,PUR_IED_Josejoaquin_S05_5b2a96,PUR_IED_Josejoaquin_S05_5b2a96,,,,,
2026-09-12T21:26:04-05:00,PUR_IED_Josejoaquin_S06_1ce7d2,PUR_IED_Josejoaquin_S06_1ce7d2,,,,,
2026-09-12T21:26:04-05:00,PUR_IED_JulioFlorez_Danza_9b82dd,PUR_IED_JulioFlorez_Danza_9b82dd,,,,,
2026-09-12T21:26:04-05:00,PUR_IED_JulioFlorez_Exter_f9f314,PUR_IED_JulioFlorez_Exter_f9f314,,,,,
2026-09-12T21:26:04-05:00,PUR_IED_JulioFlorez_info2_6b6e08,PUR_IED_JulioFlorez_info2_6b6e08,,,,,
2026-09-12T21:26:04-05:00,PUR_IED_LaBelleza_Aula13_1d00d8,PUR_IED_LaBelleza_Aula13_1d00d8,,,,,
2026-09-12T21:26:04-05:00,PUR_IED_LaBelleza_Ext_7bc08c,PUR_IED_LaBelleza_Ext_7bc08c,,,,,
2026-09-12T21:26:04-05:00,PUR_IED_LaChucua_Ext_8cd6d2,PUR_IED_LaChucua_Ext_8cd6d2,,,,,
2026-09-12T21:26:04-05:00,PUR_IED_LaChucua_S15_f578ce,PUR_IED_LaChucua_S15_f578ce,,,,,
2026-09-12T21:26:04-05:00,PUR_IED_LaChucua_S16_eebcf9,PUR_IED_LaChucua_S16_eebcf9,,,,,
2026-09-12T21:26:04-05:00,PUR_IED_LaFelicidad_Ext_fb5109,PUR_IED_LaFelicidad_Ext_fb5109,,,,,
2026-09-12T21:26:04-05:00,PUR_IED_LaMerced_206_66ebd,PUR_IED_LaMerced_206_66ebd,,,,,
2026-09-12T21:26:04-05:00,PUR_IED_LaMerced_207_6ebd6,PUR_IED_LaMerced_207_6ebd6,,,,,
2026-09-12T21:26:04-05:00,PUR_IED_LaMerced_ext_304311,PUR_IED_LaMerced_ext_304311,,,,,
2026-09-12T21:26:04-05:00,PUR_IED_Laureano_CiencNat_281e5e,PUR_IED_Laureano_CiencNat_281e5e,,,,,
2026-09-12T21:26:04-05:00,PUR_IED_Laureano_Comedor_f65c0a,PUR_IED_Laureano_Comedor_f65c0a,,,,,
2026-09-12T21:26:04-05:00,PUR_IED_Laureano_Exterior_7ab011,PUR_IED_Laureano_Exterior_7ab011,,,,,
2026-09-12T21:26:04-05:00,PUR_IED_LeonGreiff_Exte_dfe560,PUR_IED_LeonGreiff_Exte_dfe560,,,,,
2026-09-12T21:26:04-05:00,PUR_IED_LeonGreiff_S210_f264ed,PUR_IED_LeonGreiff_S210_f264ed,,,,,
2026-09-12T21:26:04-05:00,PUR_IED_LeonGreiff_SQuimi_e8296f,PUR_IED_LeonGreiff_SQuimi_e8296f,,,,,
2026-09-12T21:26:04-05:00,PUR_IED_LlanoOrientalS208_7b9fcd,PUR_IED_LlanoOrientalS208_7b9fcd,,,,,
2026-09-12T21:26:04-05:00,PUR_IED_LlanoOriental_Ext_fb3766,PUR_IED_LlanoOriental_Ext_fb3766,,,,,
2026-09-12T21:26:04-05:00,PUR_IED_LlanoOriental_S208_7b9fcd,PUR_IED_LlanoOriental_S208_7b9fcd,,,,,
2026-09-12T21:26:04-05:00,PUR_IED_LlanoOriental_S9_27b378,PUR_IED_LlanoOriental_S9_27b378,,,,,
2026-09-12T21:26:04-05:00,PUR_IED_LosTejares_1101_477602,PUR_IED_LosTejares_1101_477602,,,,,
2026-09-12T21:26:04-05:00,PUR_IED_LosTejares_11_d2c595,PUR_IED_LosTejares_11_d2c595,,,,,
2026-09-12T21:26:04-05:00,PUR_IED_LosTejares_12_477602,PUR_IED_LosTejares_12_477602,,,,,
2026-09-12T21:26:04-05:00,PUR_IED_LosTejares_Ext_8e2115,PUR_IED_LosTejares_Ext_8e2115,,,,,
2026-09-12T21:26:04-05:00,PUR_IED_MagdalenaO_B202_5ddda3,PUR_IED_MagdalenaO_B202_5ddda3,,,,,
2026-09-12T21:26:04-05:00,PUR_IED_MagdalenaO_B205_fb76e8,PUR_IED_MagdalenaO_B205_fb76e8,,,,,
2026-09-12T21:26:04-05:00,PUR_IED_MagdalenaO_ext_dc69cd,PUR_IED_MagdalenaO_ext_dc69cd,,,,,
2026-09-12T21:26:04-05:00,PUR_IED_ManueCepeda_artes_eee956,PUR_IED_ManueCepeda_artes_eee956,,,,,
2026-09-12T21:26:04-05:00,PUR_IED_ManuelCepeda_Ext_58313,PUR_IED_ManuelCepeda_Ext_58313,,,,,
2026-09-12T21:26:04-05:00,PUR_IED_ManuelCepeda_tec_1c5731,PUR_IED_ManuelCepeda_tec_1c5731,,,,,
2026-09-12T21:26:04-05:00,PUR_IED_ManuelS_Exterior_5b269,PUR_IED_ManuelS_Exterior_5b269,,,,,
2026-09-12T21:26:04-05:00,PUR_IED_ManuelS_Inform_f369ce,PUR_IED_ManuelS_Inform_f369ce,,,,,
2026-09-12T21:26:04-05:00,PUR_IED_ManuelS_SArtes_7d15f1,PUR_IED_ManuelS_SArtes_7d15f1,,,,,
2026-09-12T21:26:04-05:00,PUR_IED_ManuelZapata_303_3ca6,PUR_IED_ManuelZapata_303_3ca6,,,,,
2026-09-12T21:26:04-05:00,PUR_IED_ManuelZapata_311_bfbabc,PUR_IED_ManuelZapata_311_bfbabc,,,,,
2026-09-12T21:26:04-05:00,PUR_IED_ManuelZapata_Ext_50824a,PUR_IED_ManuelZapata_Ext_50824a,,,,,
2026-09-12T21:26:04-05:00,PUR_IED_ManuelitaS_Exteri_656a92,PUR_IED_ManuelitaS_Exteri_656a92,,,,,
2026-09-12T21:26:04-05:00,PUR_IED_ManuelitaS_JuzgDe_f58ec3,PUR_IED_ManuelitaS_JuzgDe_f58ec3,,,,,
2026-09-12T21:26:04-05:00,PUR_IED_ManuelitaS_Recrea_d793db,PUR_IED_ManuelitaS_Recrea_d793db,,,,,
2026-09-12T21:26:04-05:00,PUR_IED_MarFidSuarez_Ext_c27b19,PUR_IED_MarFidSuarez_Ext_c27b19,,,,,
2026-09-12T21:26:04-05:00,PUR_IED_MarFidSuarez_Info_e384d7,PUR_IED_MarFidSuarez_Info_e384d7,,,,,
2026-09-12T21:26:04-05:00,PUR_IED_MarFidSuarez_S306_1d0032,PUR_IED_MarFidSuarez_S306_1d0032,,,,,
2026-09-12T21:26:04-05:00,PUR_IED_Menorah_301_2a25a3,PUR_IED_Menorah_301_2a25a3,,,,,
2026-09-12T21:26:04-05:00,PUR_IED_Menorah_306_37ed3,PUR_IED_Menorah_306_37ed3,,,,,
2026-09-12T21:26:04-05:00,PUR_IED_Menorah_Ext_3e155b,PUR_IED_Menorah_Ext_3e155b,,,,,
2026-09-12T21:26:04-05:00,PUR_IED_MinutoB.Aires_A11_1b1604,PUR_IED_MinutoB.Aires_A11_1b1604,,,,,
2026-09-12T21:26:04-05:00,PUR_IED_MinutoB.Aires_A12_fb5860,PUR_IED_MinutoB.Aires_A12_fb5860,,,,,
2026-09-12T21:26:04-05:00,PUR_IED_MinutoB.Aires_Ext_81293f,PUR_IED_MinutoB.Aires_Ext_81293f,,,,,
2026-09-12T21:26:04-05:00,PUR_IED_MinutoBAires_A11_1b1604,PUR_IED_MinutoBAires_A11_1b1604,,,,,
2026-09-12T21:26:04-05:00,PUR_IED_MinutoBAires_A12_fb5860,PUR_IED_MinutoBAires_A12_fb5860,,,,,
2026-09-12T21:26:04-05:00,PUR_IED_MinutoBAires_Ext_81293f,PUR_IED_MinutoBAires_Ext_81293f,,,,,
2026-09-12T21:26:04-05:00,PUR_IED_Montreal_Aula10_1e4959,PUR_IED_Montreal_Aula10_1e4959,,,,,
2026-09-12T21:26:04-05:00,PUR_IED_Montreal_Aula6_300367,PUR_IED_Montreal_Aula6_300367,,,,,
2026-09-12T21:26:04-05:00,PUR_IED_Montreal_Exterior_91a179,PUR_IED_Montreal_Exterior_91a179,,,,,
2026-09-12T21:26:04-05:00,PUR_IED_Mqgdalena_B202_5ddda3,PUR_IED_Mqgdalena_B202_5ddda3,,,,,
2026-09-12T21:26:04-05:00,PUR_IED_NACUND_Soc_dc8728,PUR_IED_NACUND_Soc_dc8728,,,,,
2026-09-12T21:26:04-05:00,PUR_IED_NACUND_ext_27ad97,PUR_IED_NACUND_ext_27ad97,,,,,
2026-09-12T21:26:04-05:00,PUR_IED_NEsperanza_Ext_d24b61,PUR_IED_NEsperanza_Ext_d24b61,,,,,
2026-09-12T21:26:04-05:00,PUR_IED_NEsperanza_SElect_7d1807,PUR_IED_NEsperanza_SElect_7d1807,,,,,
2026-09-12T21:26:04-05:00,PUR_IED_NEsperanza_SLabor_8b2d0a,PUR_IED_NEsperanza_SLabor_8b2d0a,,,,,
2026-09-12T21:26:04-05:00,PUR_IED_NacionesU_Ext_f661a9,PUR_IED_NacionesU_Ext_f661a9,,,,,
2026-09-12T21:26:04-05:00,PUR_IED_NacionesU_Quimica_66f0a,PUR_IED_NacionesU_Quimica_66f0a,,,,,
2026-09-12T21:26:04-05:00,PUR_IED_NacionesU_S306_1b4b3d,PUR_IED_NacionesU_S306_1b4b3d,,,,,
2026-09-12T21:26:04-05:00,PUR_IED_NestorFA_Ext_e4201c,PUR_IED_NestorFA_Ext_e4201c,,,,,
2026-09-12T21:26:04-05:00,PUR_IED_NestorFA_Laborato_f22fe0,PUR_IED_NestorFA_Laborato_f22fe0,,,,,
2026-09-12T21:26:04-05:00,PUR_IED_NestorFA_S204_dee996,PUR_IED_NestorFA_S204_dee996,,,,,
2026-09-12T21:26:04-05:00,PUR_IED_NidyaQT_Aula03_76999b,PUR_IED_NidyaQT_Aula03_76999b,,,,,
2026-09-12T21:26:04-05:00,PUR_IED_NidyaQT_Aula10_56325,PUR_IED_NidyaQT_Aula10_56325,,,,,
2026-09-12T21:26:04-05:00,PUR_IED_NidyaQT_Ext_46e32d,PUR_IED_NidyaQT_Ext_46e32d,,,,,
2026-09-12T21:26:04-05:00,PUR_IED_NuevaCol_Exterior_d9b859,PUR_IED_NuevaCol_Exterior_d9b859,,,,,
2026-09-12T21:26:04-05:00,PUR_IED_NuevaCol_S1101_76c43b,PUR_IED_NuevaCol_S1101_76c43b,,,,,
2026-09-12T21:26:04-05:00,PUR_IED_NuevaCol_S1102_1ce0b5,PUR_IED_NuevaCol_S1102_1ce0b5,,,,,
2026-09-12T21:26:04-05:00,PUR_IED_OEA_A202_f7e3f2,PUR_IED_OEA_A202_f7e3f2,,,,,
2026-09-12T21:26:04-05:00,PUR_IED_OEA_A203_7d1b8d,PUR_IED_OEA_A203_7d1b8d,,,,,
2026-09-12T21:26:04-05:00,PUR_IED_OEA_Ext_27b593,PUR_IED_OEA_Ext_27b593,,,,,
2026-09-12T21:26:04-05:00,PUR_IED_Ochoa_Ext_1c29da,PUR_IED_Ochoa_Ext_1c29da,,,,,
2026-09-12T21:26:04-05:00,PUR_IED_Ochoa_S205_8b1121,PUR_IED_Ochoa_S205_8b1121,,,,,
2026-09-12T21:26:04-05:00,PUR_IED_Ochoa_Sistemas_f33af6,PUR_IED_Ochoa_Sistemas_f33af6,,,,,
2026-09-12T21:26:04-05:00,PUR_IED_PQuebec_Ext_1c67c7,PUR_IED_PQuebec_Ext_1c67c7,,,,,
2026-09-12T21:26:04-05:00,PUR_IED_PQuebec_S15_23e8e2,PUR_IED_PQuebec_S15_23e8e2,,,,,
2026-09-12T21:26:04-05:00,PUR_IED_PQuebec_S16_8ec76b,PUR_IED_PQuebec_S16_8ec76b,,,,,
2026-09-12T21:26:04-05:00,PUR_IED_PabloN_Ext_49dc96,PUR_IED_PabloN_Ext_49dc96,,,,,
2026-09-12T21:26:04-05:00,PUR_IED_PabloN_S1102_4e3df5,PUR_IED_PabloN_S1102_4e3df5,,,,,
2026-09-12T21:26:04-05:00,PUR_IED_PabloN_S1103_50c94b,PUR_IED_PabloN_S1103_50c94b,,,,,
2026-09-12T21:26:04-05:00,PUR_IED_Palestina_S1101_db9198,PUR_IED_Palestina_S1101_db9198,,,,,
2026-09-12T21:26:04-05:00,PUR_IED_Palestina_S1102_dc54fa,PUR_IED_Palestina_S1102_dc54fa,,,,,
2026-09-12T21:26:04-05:00,PUR_IED_Palestina_ext_4ccce6,PUR_IED_Palestina_ext_4ccce6,,,,,
2026-09-12T21:26:04-05:00,PUR_IED_Panama_Fisica_4d0794,PUR_IED_Panama_Fisica_4d0794,,,,,
2026-09-12T21:26:04-05:00,PUR_IED_Panama_SIngles_a4077e,PUR_IED_Panama_SIngles_a4077e,,,,,
2026-09-12T21:26:04-05:00,PUR_IED_Panama_ext_4c54b4,PUR_IED_Panama_ext_4c54b4,,,,,
2026-09-12T21:26:04-05:00,PUR_IED_ParaisoM_Exterior_8cd7f0,PUR_IED_ParaisoM_Exterior_8cd7f0,,,,,
2026-09-12T21:26:04-05:00,PUR_IED_ParaisoM_Laborato_27af35,PUR_IED_ParaisoM_Laborato_27af35,,,,,
2026-09-12T21:26:04-05:00,PUR_IED_ParaisoM_S304_d1edca,PUR_IED_ParaisoM_S304_d1edca,,,,,
2026-09-12T21:26:04-05:00,PUR_IED_PorfirioBarba_Ext_301466,PUR_IED_PorfirioBarba_Ext_301466,,,,,
2026-09-12T21:26:04-05:00,PUR_IED_PorfirioBarba_S11_df6cd2,PUR_IED_PorfirioBarba_S11_df6cd2,,,,,
2026-09-12T21:26:04-05:00,PUR_IED_PorfirioBarba_S29_27a7d6,PUR_IED_PorfirioBarba_S29_27a7d6,,,,,
2026-09-12T21:26:04-05:00,PUR_IED_PradoV_Exter_8b27ad,PUR_IED_PradoV_Exter_8b27ad,,,,,
2026-09-12T21:26:04-05:00,PUR_IED_PradoV_S301_de65b5,PUR_IED_PradoV_S301_de65b5,,,,,
2026-09-12T21:26:04-05:00,PUR_IED_PradoV_S302_7d2593,PUR_IED_PradoV_S302_7d2593,,,,,
2026-09-12T21:26:04-05:00,PUR_IED_QuirogaAlz_Ext_1ddc82,PUR_IED_QuirogaAlz_Ext_1ddc82,,,,,
2026-09-12T21:26:04-05:00,PUR_IED_QuirogaAlz_S302_9926a3,PUR_IED_QuirogaAlz_S302_9926a3,,,,,
2026-09-12T21:26:04-05:00,PUR_IED_QuirogaAlz_S305_cdf1f1,PUR_IED_QuirogaAlz_S305_cdf1f1,,,,,
2026-09-12T21:26:04-05:00,PUR_IED_RGuatemala_Biling_dc53b7,PUR_IED_RGuatemala_Biling_dc53b7,,,,,
2026-09-12T21:26:04-05:00,PUR_IED_RGuatemala_Ext_1b89a3,PUR_IED_RGuatemala_Ext_1b89a3,,,,,
2026-09-12T21:26:04-05:00,PUR_IED_RGuatemala_Tecnol_281a34,PUR_IED_RGuatemala_Tecnol_281a34,,,,,
2026-09-12T21:26:04-05:00,PUR_IED_RafaNu_Ext_f7c302,PUR_IED_RafaNu_Ext_f7c302,,,,,
2026-09-12T21:26:04-05:00,PUR_IED_RafaNu_S1101_25fde,PUR_IED_RafaNu_S1101_25fde,,,,,
2026-09-12T21:26:04-05:00,PUR_IED_RafaNu_S1102_281517,PUR_IED_RafaNu_S1102_281517,,,,,
2026-09-12T21:26:04-05:00,PUR_IED_RafaelB_S305_ee2783,PUR_IED_RafaelB_S305_ee2783,,,,,
2026-09-12T21:26:04-05:00,PUR_IED_RafaelB_S306_75fe33,PUR_IED_RafaelB_S306_75fe33,,,,,
2026-09-12T21:26:04-05:00,PUR_IED_RafaelB_ext_283336,PUR_IED_RafaelB_ext_283336,3,19,60,4.6722,-74.0737
2026-09-12T21:26:04-05:00,PUR_IED_RafaelUU_Exterior_281a51,PUR_IED_RafaelUU_Exterior_281a51,,,,,
2026-09-12T21:26:04-05:00,PUR_IED_RafaelUU_Human_806b2,PUR_IED_RafaelUU_Human_806b2,,,,,
2026-09-12T21:26:04-05:00,PUR_IED_RafaelUU_Mate2_5680d4,PUR_IED_RafaelUU_Mate2_5680d4,,,,,
2026-09-12T21:26:04-05:00,PUR_IED_RamonSub_Ext_f9eeb9,PUR_IED_RamonSub_Ext_f9eeb9,,,,,
2026-09-12T21:26:04-05:00,PUR_IED_RamonSub_Media_d1f62f,PUR_IED_RamonSub_Media_d1f62f,,,,,
2026-09-12T21:26:04-05:00,PUR_IED_RamonSub_planta_51b82,PUR_IED_RamonSub_planta_51b82,,,,,
2026-09-12T21:26:04-05:00,PUR_IED_RepBoliVene_Exter_27af7c,PUR_IED_RepBoliVene_Exter_27af7c,,,,,
2026-09-12T21:26:04-05:00,PUR_IED_RepBoliVene_SCPT_5ae2ee,PUR_IED_RepBoliVene_SCPT_5ae2ee,,,,,
2026-09-12T21:26:04-05:00,PUR_IED_RepBoliVene_Socia_4b11d5,PUR_IED_RepBoliVene_Socia_4b11d5,,,,,
2026-09-12T21:26:04-05:00,PUR_IED_RepChina_Ext_76d9ee,PUR_IED_RepChina_Ext_76d9ee,,,,,
2026-09-12T21:26:04-05:00,PUR_IED_RepChina_S404_7c804c,PUR_IED_RepChina_S404_7c804c,,,,,
2026-09-12T21:26:04-05:00,PUR_IED_RepChina_S405_df2c33,PUR_IED_RepChina_S405_df2c33,,,,,
2026-09-12T21:26:04-05:00,PUR_IED_RepublicaC_Exteri_7d1ec9,PUR_IED_RepublicaC_Exteri_7d1ec9,,,,,
2026-09-12T21:26:04-05:00,PUR_IED_RepublicaC_S1101_f544b3,PUR_IED_RepublicaC_S1101_f544b3,,,,,
2026-09-12T21:26:04-05:00,PUR_IED_RepublicaC_S1102_7aafc7,PUR_IED_RepublicaC_S1102_7aafc7,,,,,
2026-09-12T21:26:04-05:00,PUR_IED_Ricaurte_Externo_a0ea1,PUR_IED_Ricaurte_Externo_a0ea1,,,,,
2026-09-12T21:26:04-05:00,PUR_IED_Ricaurte_S210_f546fd,PUR_IED_Ricaurte_S210_f546fd,,,,,
2026-09-12T21:26:04-05:00,PUR_IED_Ricaurte_S309_d4452,PUR_IED_Ricaurte_S309_d4452,,,,,
2026-09-12T21:26:04-05:00,PUR_IED_RogelioS_1102_531e69,PUR_IED_RogelioS_1102_531e69,,,,,
2026-09-12T21:26:04-05:00,PUR_IED_RogelioS_Ext_f25a18,PUR_IED_RogelioS_Ext_f25a18,,,,,
2026-09-12T21:26:04-05:00,PUR_IED_SBernardino_Ext_27aff8,PUR_IED_SBernardino_Ext_27aff8,,,,,
2026-09-12T21:26:04-05:00,PUR_IED_SBernardino_SArte_2ffd33,PUR_IED_SBernardino_SArte_2ffd33,,,,,
2026-09-12T21:26:04-05:00,PUR_IED_SBernardino_SIngl_7c7da5,PUR_IED_SBernardino_SIngl_7c7da5,,,,,
2026-09-12T21:26:04-05:00,PUR_IED_Sago_auditorio_dc9d1d,PUR_IED_Sago_auditorio_dc9d1d,,,,,
2026-09-12T21:26:04-05:00,PUR_IED_Saludcoop_Ext_95aac3,PUR_IED_Saludcoop_Ext_95aac3,,,,,
2026-09-12T21:26:04-05:00,PUR_IED_Saludcoop_InfI_90c854,PUR_IED_Saludcoop_InfI_90c854,,,,,
2026-09-12T21:26:04-05:00,PUR_IED_Saludcoop_SMedia_1b93be,PUR_IED_Saludcoop_SMedia_1b93be,,,,,
2026-09-12T21:26:04-05:00,PUR_IED_SanCarlos_1101_1a2360,PUR_IED_SanCarlos_1101_1a2360,,,,,
2026-09-12T21:26:04-05:00,PUR_IED_SanCarlos_1103_7bafb5,PUR_IED_SanCarlos_1103_7bafb5,,,,,
2026-09-12T21:26:04-05:00,PUR_IED_SanCarlos_Ext_b7cd1,PUR_IED_SanCarlos_Ext_b7cd1,,,,,
2026-09-12T21:26:04-05:00,PUR_IED_SanIgnacioBosa11a_50c26e,PUR_IED_SanIgnacioBosa11a_50c26e,,,,,
2026-09-12T21:26:04-05:00,PUR_IED_SanIgnacioBosa11b_371de8,PUR_IED_SanIgnacioBosa11b_371de8,,,,,
2026-09-12T21:26:04-05:00,PUR_IED_SanIgnacioBosaExt_ef0ffc,PUR_IED_SanIgnacioBosaExt_ef0ffc,,,,,
2026-09-12T21:26:04-05:00,PUR_IED_SanIgnacioBosa_11a_50c26e,PUR_IED_SanIgnacioBosa_11a_50c26e,,,,,
2026-09-12T21:26:04-05:00,PUR_IED_SanIgnacioBosa_Ext_ef0ffc,PUR_IED_SanIgnacioBosa_Ext_ef0ffc,,,,,
2026-09-12T21:26:04-05:00,PUR_IED_SanJoseN_intS1101_31c47f,PUR_IED_SanJoseN_intS1101_31c47f,,,,,
2026-09-12T21:26:04-05:00,PUR_IED_SanJoseUsm_Exter_f5d7e8,PUR_IED_SanJoseUsm_Exter_f5d7e8,,,,,
2026-09-12T21:26:04-05:00,PUR_IED_SanJoseUsm_Int11A_cfdef6,PUR_IED_SanJoseUsm_Int11A_cfdef6,,,,,
2026-09-12T21:26:04-05:00,PUR_IED_SilveriaR_IntB5_905349,PUR_IED_SilveriaR_IntB5_905349,,,,,
2026-09-12T21:26:04-05:00,PUR_IED_SilveriaR_IntSD14_981f93,PUR_IED_SilveriaR_IntSD14_981f93,,,,,
2026-09-12T21:26:04-05:00,PUR_IED_SilveriaR_ext_2b651d,PUR_IED_SilveriaR_ext_2b651d,,,,,
2026-09-12T21:26:04-05:00,PUR_IED_SimonB_Exterior_913975,PUR_IED_SimonB_Exterior_913975,,,,,
2026-09-12T21:26:04-05:00,PUR_IED_SimonB_LabQuimi_c56908,PUR_IED_SimonB_LabQuimi_c56908,,,,,
2026-09-12T21:26:04-05:00,PUR_IED_SimonB_informatic_a28c1,PUR_IED_SimonB_informatic_a28c1,,,,,
2026-09-12T21:26:04-05:00,PUR_IED_Sorrento_1102_315f50,PUR_IED_Sorrento_1102_315f50,,,,,
2026-09-12T21:26:04-05:00,PUR_IED_Sorrento_Minte_214eab,PUR_IED_Sorrento_Minte_214eab,,,,,
2026-09-12T21:26:04-05:00,PUR_IED_Sorrento_ext_7c3a0a,PUR_IED_Sorrento_ext_7c3a0a,,,,,
2026-09-12T21:26:04-05:00,PUR_IED_Tabora_Ext_f048ae,PUR_IED_Tabora_Ext_f048ae,,,,,
2026-09-12T21:26:04-05:00,PUR_IED_Tabora_S1102_b07752,PUR_IED_Tabora_S1102_b07752,,,,,
2026-09-12T21:26:04-05:00,PUR_IED_Tabora_S1103_d988f5,PUR_IED_Tabora_S1103_d988f5,,,,,
2026-09-12T21:26:04-05:00,PUR_IED_Tenerife_Ext_1ab188,PUR_IED_Tenerife_Ext_1ab188,,,,,
2026-09-12T21:26:04-05:00,PUR_IED_Tenerife_SDanzas_7bc02e,PUR_IED_Tenerife_SDanzas_7bc02e,,,,,
2026-09-12T21:26:04-05:00,PUR_IED_Tenerife_SIngles_7cc277,PUR_IED_Tenerife_SIngles_7cc277,,,,,
2026-09-12T21:26:04-05:00,PUR_IED_Tibabuyes_Exter_f2683d,PUR_IED_Tibabuyes_Exter_f2683d,,,,,
2026-09-12T21:26:04-05:00,PUR_IED_Tibabuyes_S10_dc87a8,PUR_IED_Tibabuyes_S10_dc87a8,,,,,
2026-09-12T21:26:04-05:00,PUR_IED_Tibabuyes_S15_dc0526,PUR_IED_Tibabuyes_S15_dc0526,,,,,
2026-09-12T21:26:04-05:00,PUR_IED_UnionE_S301_a1043,PUR_IED_UnionE_S301_a1043,,,,,
2026-09-12T21:26:04-05:00,PUR_IED_UnionE_S307_ff6c2f,PUR_IED_UnionE_S307_ff6c2f,,,,,
2026-09-12T21:26:04-05:00,PUR_IED_UnionE__Ext_5e2468,PUR_IED_UnionE__Ext_5e2468,,,,,
2026-09-12T21:26:04-05:00,PUR_IED_VillaRica_Ext_75be7c,PUR_IED_VillaRica_Ext_75be7c,,,,,
2026-09-12T21:26:04-05:00,PUR_IED_VillaRica_S4_cc5dcd,PUR_IED_VillaRica_S4_cc5dcd,,,,,
2026-09-12T21:26:04-05:00,PUR_IED_VillaRica_Sesp_99f5c,PUR_IED_VillaRica_Sesp_99f5c,,,,,
2026-09-12T21:31:11-05:00,PUR_IED_20deJulio_1101_91b1b9,PUR_IED_20deJulio_1101_91b1b9,,,,,
2026-09-12T21:31:11-05:00,PUR_IED_20deJulio_1102_1cfcf9,PUR_IED_20deJulio_1102_1cfcf9,,,,,
2026-09-12T21:31:11-05:00,PUR_IED_20deJulio_Ext_ab60bd,PUR_IED_20deJulio_Ext_ab60bd,,,,,
2026-09-12T21:31:11-05:00,PUR_IED_AgustinFer_Ext_7b9b77,PUR_IED_AgustinFer_Ext_7b9b77,,,,,
2026-09-12T21:31:11-05:00,PUR_IED_AgustinFer_Info2_27b3a7,PUR_IED_AgustinFer_Info2_27b3a7,,,,,
2026-09-12T21:31:11-05:00,PUR_IED_AgustinFer_Sena_54b4eb,PUR_IED_AgustinFer_Sena_54b4eb,,,,,
2026-09-12T21:31:11-05:00,PUR_IED_AlexanderF_1102_caf07b,PUR_IED_AlexanderF_1102_caf07b,,,,,
2026-09-12T21:31:11-05:00,PUR_IED_AlexanderF_1103_c79e71,PUR_IED_AlexanderF_1103_c79e71,,,,,
2026-09-12T21:31:11-05:00,PUR_IED_AlexanderF_Ext_c5b18b,PUR_IED_AlexanderF_Ext_c5b18b,,,,,
2026-09-12T21:31:11-05:00,PUR_IED_AlfonsoLopez_Ext_281d77,PUR_IED_AlfonsoLopez_Ext_281d77,,,,,
2026-09-12T21:31:11-05:00,PUR_IED_AlfonsoLopez_LabF_888ce0,PUR_IED_AlfonsoLopez_LabF_888ce0,,,,,
2026-09-12T21:31:11-05:00,PUR_IED_AlfonsoLopez_SMed_df6a7f,PUR_IED_AlfonsoLopez_SMed_df6a7f,,,,,
2026-09-12T21:31:11-05:00,PUR_IED_AltamiraSO_A2_209f92,PUR_IED_AltamiraSO_A2_209f92,,,,,
2026-09-12T21:31:11-05:00,PUR_IED_AltamiraSO_Ext_186d66,PUR_IED_AltamiraSO_Ext_186d66,,,,,
2026-09-12T21:31:11-05:00,PUR_IED_AltamiraSO_Sistem_27afe1,PUR_IED_AltamiraSO_Sistem_27afe1,,,,,
2026-09-12T21:31:11-05:00,PUR_IED_AlvaroGom_LabQuim_813179,PUR_IED_AlvaroGom_LabQuim_813179,,,,,
2026-09-12T21:31:11-05:00,PUR_IED_AlvaroGomez_Ext_47c7ca,PUR_IED_AlvaroGomez_Ext_47c7ca,,,,,
2026-09-12T21:31:11-05:00,PUR_IED_AlvaroGomez_LabQuim_813179,PUR_IED_AlvaroGomez_LabQuim_813179,,,,,
2026-09-12T21:31:11-05:00,PUR_IED_AlvaroGomez_S23_7ba89f,PUR_IED_AlvaroGomez_S23_7ba89f,,,,,
2026-09-12T21:31:11-05:00,PUR_IED_Amistad_306_dc8728,PUR_IED_Amistad_306_dc8728,,,,,
2026-09-12T21:31:11-05:00,PUR_IED_Amistad_Ext_8cd55e,PUR_IED_Amistad_Ext_8cd55e,,,,,
2026-09-12T21:31:11-05:00,PUR_IED_Amistad_S202_a41169,PUR_IED_Amistad_S202_a41169,,,,,
2026-09-12T21:31:11-05:00,PUR_IED_AndresBello_Bio_fd5f5e,PUR_IED_AndresBello_Bio_fd5f5e,,,,,
2026-09-12T21:31:11-05:00,PUR_IED_AndresBello_ext_dcad65,PUR_IED_AndresBello_ext_dcad65,,,,,
2026-09-12T21:31:11-05:00,PUR_IED_AndresBello_port_eed3ec,PUR_IED_AndresBello_port_eed3ec,,,,,
2026-09-12T21:31:11-05:00,PUR_IED_AngelaR_11b_d90a6b,PUR_IED_AngelaR_11b_d90a6b,,,,,
2026-09-12T21:31:11-05:00,PUR_IED_AngelaR_ext_7cad3e,PUR_IED_AngelaR_ext_7cad3e,3,19,63,4.5825,-74.164497
2026-09-12T21:31:11-05:00,PUR_IED_AntJoseSucre_10mo_df2575,PUR_IED_AntJoseSucre_10mo_df2575,,,,,
2026-09-12T21:31:11-05:00,PUR_IED_AntJoseSucre_Ext_215b36,PUR_IED_AntJoseSucre_Ext_215b36,,,,,
2026-09-12T21:31:11-05:00,PUR_IED_AntJoseSucre_Lab_3139de,PUR_IED_AntJoseSucre_Lab_3139de,,,,,
2026-09-12T21:31:11-05:00,PUR_IED_AntonioGarcia_301_d6b188,PUR_IED_AntonioGarcia_301_d6b188,,,,,
2026-09-12T21:31:11-05:00,PUR_IED_AntonioGarcia_302_88a82,PUR_IED_AntonioGarcia_302_88a82,,,,,
2026-09-12T21:31:11-05:00,PUR_IED_AntonioGarcia_Ext_20950c,PUR_IED_AntonioGarcia_Ext_20950c,,,,,
2026-09-12T21:31:11-05:00,PUR_IED_AntonioVan_Aula2_6dea02,PUR_IED_AntonioVan_Aula2_6dea02,,,,,
2026-09-12T21:31:11-05:00,PUR_IED_AntonioVan_Aula5_f1557e,PUR_IED_AntonioVan_Aula5_f1557e,,,,,
2026-09-12T21:31:11-05:00,PUR_IED_AntonioVan_Ext_406f2f,PUR_IED_AntonioVan_Ext_406f2f,,,,,
2026-09-12T21:31:11-05:00,PUR_IED_Atabanzha_Ext_cc5af9,PUR_IED_Atabanzha_Ext_cc5af9,,,,,
2026-09-12T21:31:11-05:00,PUR_IED_Atabanzha_SA101_56c37,PUR_IED_Atabanzha_SA101_56c37,,,,,
2026-09-12T21:31:11-05:00,PUR_IED_Atabanzha_SB302_27b374,PUR_IED_Atabanzha_SB302_27b374,,,,,
2026-09-12T21:31:11-05:00,PUR_IED_Atahualpa_Ext_fc1748,PUR_IED_Atahualpa_Ext_fc1748,,,,,
2026-09-12T21:31:11-05:00,PUR_IED_Atahualpa_Informa_dc9a95,PUR_IED_Atahualpa_Informa_dc9a95,,,,,
2026-09-12T21:31:11-05:00,PUR_IED_Atahualpa_S1101_f98056,PUR_IED_Atahualpa_S1101_f98056,,,,,
2026-09-12T21:31:11-05:00,PUR_IED_Bellavista_Ext_f5aa74,PUR_IED_Bellavista_Ext_f5aa74,,,,,
2026-09-12T21:31:11-05:00,PUR_IED_Bilbao_11A_916c41,PUR_IED_Bilbao_11A_916c41,,,,,
2026-09-12T21:31:11-05:00,PUR_IED_Bilbao_Ext_fb579a,PUR_IED_Bilbao_Ext_fb579a,,,,,
2026-09-12T21:31:11-05:00,PUR_IED_BrasiliaU_A125_304280,PUR_IED_BrasiliaU_A125_304280,,,,,
2026-09-12T21:31:11-05:00,PUR_IED_BrasiliaU_A203_7c8ca5,PUR_IED_BrasiliaU_A203_7c8ca5,,,,,
2026-09-12T21:31:11-05:00,PUR_IED_BrasiliaU_Ext_8d6e9f,PUR_IED_BrasiliaU_Ext_8d6e9f,6,17,65,4.5175,-74.116302
2026-09-12T21:31:11-05:00,PUR_IED_Brasilia_Ext_fe6593,PUR_IED_Brasilia_Ext_fe6593,,,,,
2026-09-12T21:31:11-05:00,PUR_IED_Brasilia_S24_7c130d,PUR_IED_Brasilia_S24_7c130d,,,,,
2026-09-12T21:31:11-05:00,PUR_IED_Brasilia_S501_186a54,PUR_IED_Brasilia_S501_186a54,,,,,
2026-09-12T21:31:11-05:00,PUR_IED_CHARRY_EXT_f1d5cd,PUR_IED_CHARRY_EXT_f1d5cd,,,,,
2026-09-12T21:31:11-05:00,PUR_IED_CHARRY_INTDANZAS_7a08e6,PUR_IED_CHARRY_INTDANZAS_7a08e6,,,,,
2026-09-12T21:31:11-05:00,PUR_IED_CHARRY_INT_AULA20_dc998d,PUR_IED_CHARRY_INT_AULA20_dc998d,,,,,
2026-09-12T21:31:11-05:00,PUR_IED_COLVIV_1101_S25_7f520a,PUR_IED_COLVIV_1101_S25_7f520a,,,,,
2026-09-12T21:31:11-05:00,PUR_IED_COLVIV_1102_S16_f570ba,PUR_IED_COLVIV_1102_S16_f570ba,,,,,
2026-09-12T21:31:11-05:00,PUR_IED_COLVIV_Ext_1a26fa,PUR_IED_COLVIV_Ext_1a26fa,,,,,
2026-09-12T21:31:11-05:00,PUR_IED_CULPOP_301A_f660f3,PUR_IED_CULPOP_301A_f660f3,,,,,
2026-09-12T21:31:11-05:00,PUR_IED_CULPOP_303_568afe,PUR_IED_CULPOP_303_568afe,,,,,
2026-09-12T21:31:11-05:00,PUR_IED_CULPOP_Ext_e02ccb,PUR_IED_CULPOP_Ext_e02ccb,,,,,
2026-09-12T21:31:11-05:00,PUR_IED_CVillavicen_Ext_26eb58,PUR_IED_CVillavicen_Ext_26eb58,5,15,77,4.487,-74.102798
2026-09-12T21:31:11-05:00,PUR_IED_CVillavicen_Intel_1ce5c2,PUR_IED_CVillavicen_Intel_1ce5c2,,,,,
2026-09-12T21:31:11-05:00,PUR_IED_CVillavicen_Poliv_e0766c,PUR_IED_CVillavicen_Poliv_e0766c,,,,,
2026-09-12T21:31:11-05:00,PUR_IED_CVillavicen_int_1ba140,PUR_IED_CVillavicen_int_1ba140,,,,,
2026-09-12T21:31:11-05:00,PUR_IED_CVillavicen_intel_1ba140,PUR_IED_CVillavicen_intel_1ba140,,,,,
2026-09-12T21:31:11-05:00,PUR_IED_CarlosPizarro_Ext_e307cc,PUR_IED_CarlosPizarro_Ext_e307cc,,,,,
2026-09-12T21:31:11-05:00,PUR_IED_CarlosPizarro_L36_7e5cdb,PUR_IED_CarlosPizarro_L36_7e5cdb,,,,,
2026-09-12T21:31:11-05:00,PUR_IED_CarlosPizarro_L37_c8566c,PUR_IED_CarlosPizarro_L37_c8566c,,,,,
2026-09-12T21:31:11-05:00,PUR_IED_Castilla_Ext_cf35f,PUR_IED_Castilla_Ext_cf35f,,,,,
2026-09-12T21:31:11-05:00,PUR_IED_Castilla_SFisik_360e38,PUR_IED_Castilla_SFisik_360e38,,,,,
2026-09-12T21:31:11-05:00,PUR_IED_Castilla_Sc304_496fbf,PUR_IED_Castilla_Sc304_496fbf,,,,,
2026-09-12T21:31:11-05:00,PUR_IED_CervantesSa_Ext_6b57b,PUR_IED_CervantesSa_Ext_6b57b,6,18,68,4.5128,-74.117203
2026-09-12T21:31:11-05:00,PUR_IED_CervantesSa_S107_225c2b,PUR_IED_CervantesSa_S107_225c2b,,,,,
2026-09-12T21:31:11-05:00,PUR_IED_CervantesSa_S108_940925,PUR_IED_CervantesSa_S108_940925,,,,,
2026-09-12T21:31:11-05:00,PUR_IED_Charry_A20_f53e7c,PUR_IED_Charry_A20_f53e7c,,,,,
2026-09-12T21:31:11-05:00,PUR_IED_Charry_Ext_f1d5cd,PUR_IED_Charry_Ext_f1d5cd,,,,,
2026-09-12T21:31:11-05:00,PUR_IED_Charry_IntAula20_dc998d,PUR_IED_Charry_IntAula20_dc998d,,,,,
2026-09-12T21:31:11-05:00,PUR_IED_Charry_IntDanzas_7a08e6,PUR_IED_Charry_IntDanzas_7a08e6,,,,,
2026-09-12T21:31:11-05:00,PUR_IED_ClememciaC_203_43e2fc,PUR_IED_ClememciaC_203_43e2fc,,,,,
2026-09-12T21:31:11-05:00,PUR_IED_ClememciaC_Ext_1b411a,PUR_IED_ClememciaC_Ext_1b411a,,,,,
2026-09-12T21:31:11-05:00,PUR_IED_ClememciaC_Quimic_44b5fc,PUR_IED_ClememciaC_Quimic_44b5fc,,,,,
2026-09-12T21:31:11-05:00,PUR_IED_ClemenciaC_203_43e2fc,PUR_IED_ClemenciaC_203_43e2fc,,,,,
2026-09-12T21:31:11-05:00,PUR_IED_ClemenciaC_Ext_1b411a,PUR_IED_ClemenciaC_Ext_1b411a,,,,,
2026-09-12T21:31:11-05:00,PUR_IED_ClemenciaC_Quimic_44b5fc,PUR_IED_ClemenciaC_Quimic_44b5fc,,,,,
2026-09-12T21:31:11-05:00,PUR_IED_ColViva_1101_S25_7f520a,PUR_IED_ColViva_1101_S25_7f520a,,,,,
2026-09-12T21:31:11-05:00,PUR_IED_ColViva_1102_S16_f570ba,PUR_IED_ColViva_1102_S16_f570ba,,,,,
2026-09-12T21:31:11-05:00,PUR_IED_ColViva_Ext_1a26fa,PUR_IED_ColViva_Ext_1a26fa,,,,,
2026-09-12T21:31:11-05:00,PUR_IED_ColegioBici_Asist_7c8798,PUR_IED_ColegioBici_Asist_7c8798,,,,,
2026-09-12T21:31:11-05:00,PUR_IED_ColegioBici_Ext_25cbf6,PUR_IED_ColegioBici_Ext_25cbf6,,,,,
2026-09-12T21:31:11-05:00,PUR_IED_ColegioBici_LabQ_7b57db,PUR_IED_ColegioBici_LabQ_7b57db,,,,,
2026-09-12T21:31:11-05:00,PUR_IED_CostaRica_Ext_5e640,PUR_IED_CostaRica_Ext_5e640,,,,,
2026-09-12T21:31:11-05:00,PUR_IED_CostaRica_Quim1_766d1c,PUR_IED_CostaRica_Quim1_766d1c,,,,,
2026-09-12T21:31:11-05:00,PUR_IED_CostaRica__Fisica_6f0873,PUR_IED_CostaRica__Fisica_6f0873,,,,,
2026-09-12T21:31:11-05:00,PUR_IED_CulPopu_301A_f660f3,PUR_IED_CulPopu_301A_f660f3,,,,,
2026-09-12T21:31:11-05:00,PUR_IED_CulPopu_303_568afe,PUR_IED_CulPopu_303_568afe,,,,,
2026-09-12T21:31:11-05:00,PUR_IED_CulPopu_Ext_e02ccb,PUR_IED_CulPopu_Ext_e02ccb,,,,,
2026-09-12T21:31:11-05:00,PUR_IED_Cundinamarca_Ext_f15985,PUR_IED_Cundinamarca_Ext_f15985,,,,,
2026-09-12T21:31:11-05:00,PUR_IED_Cundinamarca_Info_7aa5d7,PUR_IED_Cundinamarca_Info_7aa5d7,,,,,
2026-09-12T21:31:11-05:00,PUR_IED_Cundinamarca_Tec2_f449c7,PUR_IED_Cundinamarca_Tec2_f449c7,,,,,
2026-09-12T21:31:11-05:00,PUR_IED_DiegoM_Aula1_27b314,PUR_IED_DiegoM_Aula1_27b314,,,,,
2026-09-12T21:31:11-05:00,PUR_IED_DiegoM_Ext_d80ac8,PUR_IED_DiegoM_Ext_d80ac8,,,,,
2026-09-12T21:31:11-05:00,PUR_IED_DiegoM_S25_da928f,PUR_IED_DiegoM_S25_da928f,,,,,
2026-09-12T21:31:11-05:00,PUR_IED_ELRODEO_360881,PUR_IED_ELRODEO_360881,,,,,
2026-09-12T21:31:11-05:00,PUR_IED_ELRODEO_ext_360881,PUR_IED_ELRODEO_ext_360881,,,,,
2026-09-12T21:31:11-05:00,PUR_IED_EduardoU_Ext_1c1969,PUR_IED_EduardoU_Ext_1c1969,,,,,
2026-09-12T21:31:11-05:00,PUR_IED_EduardoU_SCiencia_4dfb94,PUR_IED_EduardoU_SCiencia_4dfb94,,,,,
2026-09-12T21:31:11-05:00,PUR_IED_EduardoU_SQuimica_5a46e7,PUR_IED_EduardoU_SQuimica_5a46e7,,,,,
2026-09-12T21:31:11-05:00,PUR_IED_ElRodeo_Aula14_676984,PUR_IED_ElRodeo_Aula14_676984,,,,,
2026-09-12T21:31:11-05:00,PUR_IED_ElRodeo_Aula16_2dd35b,PUR_IED_ElRodeo_Aula16_2dd35b,,,,,
2026-09-12T21:31:11-05:00,PUR_IED_ElRodeo_Ext_360881,PUR_IED_ElRodeo_Ext_360881,,,,,
2026-09-12T21:31:11-05:00,PUR_IED_ElRodeo_Exterior_8c6d28,PUR_IED_ElRodeo_Exterior_8c6d28,,,,,
2026-09-12T21:31:11-05:00,PUR_IED_ElRodeo_ext_360881,PUR_IED_ElRodeo_ext_360881,,,,,
2026-09-12T21:31:11-05:00,PUR_IED_EmmaReyes_Ext_987625,PUR_IED_EmmaReyes_Ext_987625,6,21,52,4.6367,-74.1511
2026-09-12T21:31:11-05:00,PUR_IED_Ensueño_Ext_7f0250,PUR_IED_Ensueño_Ext_7f0250,,,,,
2026-09-12T21:31:11-05:00,PUR_IED_EscNormal_Ext_5fef3b,PUR_IED_EscNormal_Ext_5fef3b,4,19,60,4.5852,-74.096901
2026-09-12T21:31:11-05:00,PUR_IED_EscNormal_S309_5b263,PUR_IED_EscNormal_S309_5b263,,,,,
2026-09-12T21:31:11-05:00,PUR_IED_EscNormal_S310_27b3b8,PUR_IED_EscNormal_S310_27b3b8,,,,,
2026-09-12T21:31:11-05:00,PUR_IED_Evangelista_Conta_f6cd4f,PUR_IED_Evangelista_Conta_f6cd4f,,,,,
2026-09-12T21:31:11-05:00,PUR_IED_Evangelista_Cri_5e16a,PUR_IED_Evangelista_Cri_5e16a,,,,,
2026-09-12T21:31:11-05:00,PUR_IED_Evangelista_Exter_754066,PUR_IED_Evangelista_Exter_754066,,,,,
2026-09-12T21:31:11-05:00,PUR_IED_FMiranda_S209_5cc2a3,PUR_IED_FMiranda_S209_5cc2a3,,,,,
2026-09-12T21:31:11-05:00,PUR_IED_FMiranda_S303_19e344,PUR_IED_FMiranda_S303_19e344,,,,,
2026-09-12T21:31:11-05:00,PUR_IED_FMiranda_ext_f53e7c,PUR_IED_FMiranda_ext_f53e7c,,,,,
2026-09-12T21:31:11-05:00,PUR_IED_FabioLozano_Bibli_1cee05,PUR_IED_FabioLozano_Bibli_1cee05,,,,,
2026-09-12T21:31:11-05:00,PUR_IED_FabioLozano_Ext_6ea285,PUR_IED_FabioLozano_Ext_6ea285,,,,,
2026-09-12T21:31:11-05:00,PUR_IED_FabioLozano_SLudi_f09e1e,PUR_IED_FabioLozano_SLudi_f09e1e,,,,,
2026-09-12T21:31:11-05:00,PUR_IED_FaustinoS_Aula07_27a731,PUR_IED_FaustinoS_Aula07_27a731,,,,,
2026-09-12T21:31:11-05:00,PUR_IED_FaustinoS_Ext_7b936f,PUR_IED_FaustinoS_Ext_7b936f,,,,,
2026-09-12T21:31:11-05:00,PUR_IED_FaustinoS_Fisica_da2c60,PUR_IED_FaustinoS_Fisica_da2c60,,,,,
2026-09-12T21:31:11-05:00,PUR_IED_FeGarciaLo_Ext_dc68ee,PUR_IED_FeGarciaLo_Ext_dc68ee,,,,,
2026-09-12T21:31:11-05:00,PUR_IED_FeGarciaLo_SDanza_f70a59,PUR_IED_FeGarciaLo_SDanza_f70a59,,,,,
2026-09-12T21:31:11-05:00,PUR_IED_FeGarciaLo_SMusic_125cdd,PUR_IED_FeGarciaLo_SMusic_125cdd,,,,,
2026-09-12T21:31:11-05:00,PUR_IED_FederalAlema_Exte_50c345,PUR_IED_FederalAlema_Exte_50c345,,,,,
2026-09-12T21:31:11-05:00,PUR_IED_FederalAlema_S31_f18371,PUR_IED_FederalAlema_S31_f18371,,,,,
2026-09-12T21:31:11-05:00,PUR_IED_FederalAlema_S901_a62cd,PUR_IED_FederalAlema_S901_a62cd,,,,,
2026-09-12T21:31:11-05:00,PUR_IED_FilarmonicaS_A5_f35eb1,PUR_IED_FilarmonicaS_A5_f35eb1,,,,,
2026-09-12T21:31:11-05:00,PUR_IED_FilarmonicaS_Ext_8a3bde,PUR_IED_FilarmonicaS_Ext_8a3bde,,,,,
2026-09-12T21:31:11-05:00,PUR_IED_FilarmonicaS_Spol_406114,PUR_IED_FilarmonicaS_Spol_406114,,,,,
2026-09-12T21:31:11-05:00,PUR_IED_FlorentinoG_A13_d1fa59,PUR_IED_FlorentinoG_A13_d1fa59,,,,,
2026-09-12T21:31:11-05:00,PUR_IED_FlorentinoG_Ext_1ce6ce,PUR_IED_FlorentinoG_Ext_1ce6ce,,,,,
2026-09-12T21:31:11-05:00,PUR_IED_FlorentinoG_Idiom_a66aac,PUR_IED_FlorentinoG_Idiom_a66aac,,,,,
2026-09-12T21:31:11-05:00,PUR_IED_FranciscoMati_Ext_e3869d,PUR_IED_FranciscoMati_Ext_e3869d,,,,,
2026-09-12T21:31:11-05:00,PUR_IED_FranciscoMati_S13_f31c67,PUR_IED_FranciscoMati_S13_f31c67,,,,,
2026-09-12T21:31:11-05:00,PUR_IED_FranciscoMati_S14_97dead,PUR_IED_FranciscoMati_S14_97dead,,,,,
2026-09-12T21:31:11-05:00,PUR_IED_FranciscoPS_Ext_7bfa9a,PUR_IED_FranciscoPS_Ext_7bfa9a,3,20,60,4.5899,-74.110397
2026-09-12T21:31:11-05:00,PUR_IED_FranciscoPS_Infor_fb8f4c,PUR_IED_FranciscoPS_Infor_fb8f4c,,,,,
2026-09-12T21:31:11-05:00,PUR_IED_FranciscoPS_Quimi_94d39c,PUR_IED_FranciscoPS_Quimi_94d39c,,,,,
2026-09-12T21:31:11-05:00,PUR_IED_FranciscoP_LabQ_d7e148,PUR_IED_FranciscoP_LabQ_d7e148,,,,,
2026-09-12T21:31:11-05:00,PUR_IED_FranciscoP_S28_cf9b30,PUR_IED_FranciscoP_S28_cf9b30,,,,,
2026-09-12T21:31:11-05:00,PUR_IED_FranciscoP_ext_e2313,PUR_IED_FranciscoP_ext_e2313,,,,,
2026-09-12T21:31:11-05:00,PUR_IED_FriederichN_Ext_8ac92a,PUR_IED_FriederichN_Ext_8ac92a,,,,,
2026-09-12T21:31:11-05:00,PUR_IED_FriederichN_S301_dd7e5a,PUR_IED_FriederichN_S301_dd7e5a,,,,,
2026-09-12T21:31:11-05:00,PUR_IED_FriederichN_S308_761f4f,PUR_IED_FriederichN_S308_761f4f,,,,,
2026-09-12T21:31:11-05:00,PUR_IED_GSantander_Aula10_533dd7,PUR_IED_GSantander_Aula10_533dd7,,,,,
2026-09-12T21:31:11-05:00,PUR_IED_GSantander_Aula12_fd4e4f,PUR_IED_GSantander_Aula12_fd4e4f,,,,,
2026-09-12T21:31:11-05:00,PUR_IED_GSantander_Aula310_533dd7,PUR_IED_GSantander_Aula310_533dd7,,,,,
2026-09-12T21:31:11-05:00,PUR_IED_GSantander_Aula312_fd4e4f,PUR_IED_GSantander_Aula312_fd4e4f,,,,,
2026-09-12T21:31:11-05:00,PUR_IED_GSantander_Ext_5f66b0,PUR_IED_GSantander_Ext_5f66b0,,,,,
2026-09-12T21:31:11-05:00,PUR_IED_GYomasa_Ext_f6bea5,PUR_IED_GYomasa_Ext_f6bea5,,,,,
2026-09-12T21:31:11-05:00,PUR_IED_GYomasa_LBiol_2c41aa,PUR_IED_GYomasa_LBiol_2c41aa,,,,,
2026-09-12T21:31:11-05:00,PUR_IED_GYomasa_LQuim_33c80,PUR_IED_GYomasa_LQuim_33c80,,,,,
2026-09-12T21:31:11-05:00,PUR_IED_GabBetMejia_Cienc_5a99c,PUR_IED_GabBetMejia_Cienc_5a99c,,,,,
2026-09-12T21:31:11-05:00,PUR_IED_GabBetMejia_Ext_9153d0,PUR_IED_GabBetMejia_Ext_9153d0,,,,,
2026-09-12T21:31:11-05:00,PUR_IED_GabBetMejia_Lab_f55347,PUR_IED_GabBetMejia_Lab_f55347,,,,,
2026-09-12T21:31:11-05:00,PUR_IED_GabBetanMejia_Ext_9153d0,PUR_IED_GabBetanMejia_Ext_9153d0,,,,,
2026-09-12T21:31:11-05:00,PUR_IED_Gaitana_Aula13_7aac11,PUR_IED_Gaitana_Aula13_7aac11,,,,,
2026-09-12T21:31:11-05:00,PUR_IED_Gaitana_Ext_5fcf4,PUR_IED_Gaitana_Ext_5fcf4,,,,,
2026-09-12T21:31:11-05:00,PUR_IED_Gaitana_LabFisica_644448,PUR_IED_Gaitana_LabFisica_644448,,,,,
2026-09-12T21:31:11-05:00,PUR_IED_GenSantander_Dise_8ac858,PUR_IED_GenSantander_Dise_8ac858,,,,,
2026-09-12T21:31:11-05:00,PUR_IED_GenSantander_Ext_8d5dfe,PUR_IED_GenSantander_Ext_8d5dfe,,,,,
2026-09-12T21:31:11-05:00,PUR_IED_GenSantander_Info_6c25b,PUR_IED_GenSantander_Info_6c25b,,,,,
2026-09-12T21:31:11-05:00,PUR_IED_GustavoMo_Exterio_75e63d,PUR_IED_GustavoMo_Exterio_75e63d,,,,,
2026-09-12T21:31:11-05:00,PUR_IED_GustavoMo_LabFisi_224d37,PUR_IED_GustavoMo_LabFisi_224d37,,,,,
2026-09-12T21:31:11-05:00,PUR_IED_GustavoMo_S208_3e6918,PUR_IED_GustavoMo_S208_3e6918,,,,,
2026-09-12T21:31:11-05:00,PUR_IED_GustavoR_A02_8cd4a8,PUR_IED_GustavoR_A02_8cd4a8,,,,,
2026-09-12T21:31:11-05:00,PUR_IED_GustavoR_B11_5b0ed,PUR_IED_GustavoR_B11_5b0ed,,,,,
2026-09-12T21:31:11-05:00,PUR_IED_GustavoR_Ext_7a0c90,PUR_IED_GustavoR_Ext_7a0c90,,,,,
2026-09-12T21:31:11-05:00,PUR_IED_HernandoDuran_Ext_8cd82b,PUR_IED_HernandoDuran_Ext_8cd82b,,,,,
2026-09-12T21:31:11-05:00,PUR_IED_HernandoDuran_S24_2772c6,PUR_IED_HernandoDuran_S24_2772c6,,,,,
2026-09-12T21:31:11-05:00,PUR_IED_HernandoDuran_S30_f2de41,PUR_IED_HernandoDuran_S30_f2de41,,,,,
2026-09-12T21:31:11-05:00,PUR_IED_HolguInUr_S1101_8cd732,PUR_IED_HolguInUr_S1101_8cd732,,,,,
2026-09-12T21:31:11-05:00,PUR_IED_HolguinUr_Exter_ddae6d,PUR_IED_HolguinUr_Exter_ddae6d,,,,,
2026-09-12T21:31:11-05:00,PUR_IED_HolguinUr_LabQuim_92b952,PUR_IED_HolguinUr_LabQuim_92b952,,,,,
2026-09-12T21:31:11-05:00,PUR_IED_Isabel-II_Ext_5245cc,PUR_IED_Isabel-II_Ext_5245cc,7,19,58,4.6336,-74.153
2026-09-12T21:31:11-05:00,PUR_IED_Isabel-II_S_idiom_1c29aa,PUR_IED_Isabel-II_S_idiom_1c29aa,,,,,
2026-09-12T21:31:11-05:00,PUR_IED_Isabel-II_S_infor_fd741,PUR_IED_Isabel-II_S_infor_fd741,,,,,
2026-09-12T21:31:11-05:00,PUR_IED_IsidroSur_Exterio_5b90ea,PUR_IED_IsidroSur_Exterio_5b90ea,,,,,
2026-09-12T21:31:11-05:00,PUR_IED_IsidroSur_LabTec_56697a,PUR_IED_IsidroSur_LabTec_56697a,,,,,
2026-09-12T21:31:11-05:00,PUR_IED_IsidroSur_Robotic_b7c38f,PUR_IED_IsidroSur_Robotic_b7c38f,,,,,
2026-09-12T21:31:11-05:00,PUR_IED_IsmaelPerd_Ext_7b6672,PUR_IED_IsmaelPerd_Ext_7b6672,,,,,
2026-09-12T21:31:11-05:00,PUR_IED_IsmaelPerd_Inform_306540,PUR_IED_IsmaelPerd_Inform_306540,,,,,
2026-09-12T21:31:11-05:00,PUR_IED_IsmaelPerd_S30_2e2c83,PUR_IED_IsmaelPerd_S30_2e2c83,,,,,
2026-09-12T21:31:11-05:00,PUR_IED_JLozano_Exter_432910,PUR_IED_JLozano_Exter_432910,,,,,
2026-09-12T21:31:11-05:00,PUR_IED_JLozano_salaMulti_df5125,PUR_IED_JLozano_salaMulti_df5125,,,,,
2026-09-12T21:31:11-05:00,PUR_IED_JMCordoba_206_86f80b,PUR_IED_JMCordoba_206_86f80b,,,,,
2026-09-12T21:31:11-05:00,PUR_IED_JMCordoba_Ext_27ad97,PUR_IED_JMCordoba_Ext_27ad97,,,,,
2026-09-12T21:31:11-05:00,PUR_IED_JMCordoba_S310_d59ab4,PUR_IED_JMCordoba_S310_d59ab4,,,,,
2026-09-12T21:31:11-05:00,PUR_IED_Japon_Ext_549100,PUR_IED_Japon_Ext_549100,,,,,
2026-09-12T21:31:11-05:00,PUR_IED_Japon_Laboratorio_bec51d,PUR_IED_Japon_Laboratorio_bec51d,,,,,
2026-09-12T21:31:11-05:00,PUR_IED_Japon_informatica_d99327,PUR_IED_Japon_informatica_d99327,,,,,
2026-09-12T21:31:11-05:00,PUR_IED_Jazmin_Ext_d27bda,PUR_IED_Jazmin_Ext_d27bda,,,,,
2026-09-12T21:31:11-05:00,PUR_IED_Jazmin_Fisica_8d14d7,PUR_IED_Jazmin_Fisica_8d14d7,,,,,
2026-09-12T21:31:11-05:00,PUR_IED_Jazmin_Quimica_801cb5,PUR_IED_Jazmin_Quimica_801cb5,,,,,
2026-09-12T21:31:11-05:00,PUR_IED_JorgeGaitan_Exter_f098d1,PUR_IED_JorgeGaitan_Exter_f098d1,,,,,
2026-09-12T21:31:11-05:00,PUR_IED_JorgeGaitan_STec1_dc9d1d,PUR_IED_JorgeGaitan_STec1_dc9d1d,,,,,
2026-09-12T21:31:11-05:00,PUR_IED_JorgeGaitan_STec2_281e69,PUR_IED_JorgeGaitan_STec2_281e69,,,,,
2026-09-12T21:31:11-05:00,PUR_IED_JorgeSoto_Exterio_d9d0a2,PUR_IED_JorgeSoto_Exterio_d9d0a2,,,,,
2026-09-12T21:31:11-05:00,PUR_IED_JorgeSoto_LabFisi_209c54,PUR_IED_JorgeSoto_LabFisi_209c54,,,,,
2026-09-12T21:31:11-05:00,PUR_IED_JorgeSoto_S103_27b51a,PUR_IED_JorgeSoto_S103_27b51a,,,,,
2026-09-12T21:31:11-05:00,PUR_IED_JoseAcevedo_A02_e965eb,PUR_IED_JoseAcevedo_A02_e965eb,,,,,
2026-09-12T21:31:11-05:00,PUR_IED_JoseAcevedo_A07_dd5b4,PUR_IED_JoseAcevedo_A07_dd5b4,,,,,
2026-09-12T21:31:11-05:00,PUR_IED_JoseAcevedo_Ext_b47484,PUR_IED_JoseAcevedo_Ext_b47484,,,,,
2026-09-12T21:31:11-05:00,PUR_IED_JoseMarti_Exte_5b9bf,PUR_IED_JoseMarti_Exte_5b9bf,,,,,
2026-09-12T21:31:11-05:00,PUR_IED_JoseMarti_LabQuim_1c6c2d,PUR_IED_JoseMarti_LabQuim_1c6c2d,,,,,
2026-09-12T21:31:11-05:00,PUR_IED_JoseMarti_S_info_f5f177,PUR_IED_JoseMarti_S_info_f5f177,,,,,
2026-09-12T21:31:11-05:00,PUR_IED_Josejoaquin_Ext_dfc5dc,PUR_IED_Josejoaquin_Ext_dfc5dc,,,,,
2026-09-12T21:31:11-05:00,PUR_IED_Josejoaquin_S05_5b2a96,PUR_IED_Josejoaquin_S05_5b2a96,,,,,
2026-09-12T21:31:11-05:00,PUR_IED_Josejoaquin_S06_1ce7d2,PUR_IED_Josejoaquin_S06_1ce7d2,,,,,
2026-09-12T21:31:11-05:00,PUR_IED_JulioFlorez_Danza_9b82dd,PUR_IED_JulioFlorez_Danza_9b82dd,,,,,
2026-09-12T21:31:11-05:00,PUR_IED_JulioFlorez_Exter_f9f314,PUR_IED_JulioFlorez_Exter_f9f314,,,,,
2026-09-12T21:31:11-05:00,PUR_IED_JulioFlorez_info2_6b6e08,PUR_IED_JulioFlorez_info2_6b6e08,,,,,
2026-09-12T21:31:11-05:00,PUR_IED_LaBelleza_Aula13_1d00d8,PUR_IED_LaBelleza_Aula13_1d00d8,,,,,
2026-09-12T21:31:11-05:00,PUR_IED_LaBelleza_Ext_7bc08c,PUR_IED_LaBelleza_Ext_7bc08c,,,,,
2026-09-12T21:31:11-05:00,PUR_IED_LaChucua_Ext_8cd6d2,PUR_IED_LaChucua_Ext_8cd6d2,,,,,
2026-09-12T21:31:11-05:00,PUR_IED_LaChucua_S15_f578ce,PUR_IED_LaChucua_S15_f578ce,,,,,
2026-09-12T21:31:11-05:00,PUR_IED_LaChucua_S16_eebcf9,PUR_IED_LaChucua_S16_eebcf9,,,,,
2026-09-12T21:31:11-05:00,PUR_IED_LaFelicidad_Ext_fb5109,PUR_IED_LaFelicidad_Ext_fb5109,,,,,
2026-09-12T21:31:11-05:00,PUR_IED_LaMerced_206_66ebd,PUR_IED_LaMerced_206_66ebd,,,,,
2026-09-12T21:31:11-05:00,PUR_IED_LaMerced_207_6ebd6,PUR_IED_LaMerced_207_6ebd6,,,,,
2026-09-12T21:31:11-05:00,PUR_IED_LaMerced_ext_304311,PUR_IED_LaMerced_ext_304311,,,,,
2026-09-12T21:31:11-05:00,PUR_IED_Laureano_CiencNat_281e5e,PUR_IED_Laureano_CiencNat_281e5e,,,,,
2026-09-12T21:31:11-05:00,PUR_IED_Laureano_Comedor_f65c0a,PUR_IED_Laureano_Comedor_f65c0a,,,,,
2026-09-12T21:31:11-05:00,PUR_IED_Laureano_Exterior_7ab011,PUR_IED_Laureano_Exterior_7ab011,,,,,
2026-09-12T21:31:11-05:00,PUR_IED_LeonGreiff_Exte_dfe560,PUR_IED_LeonGreiff_Exte_dfe560,,,,,
2026-09-12T21:31:11-05:00,PUR_IED_LeonGreiff_S210_f264ed,PUR_IED_LeonGreiff_S210_f264ed,,,,,
2026-09-12T21:31:11-05:00,PUR_IED_LeonGreiff_SQuimi_e8296f,PUR_IED_LeonGreiff_SQuimi_e8296f,,,,,
2026-09-12T21:31:11-05:00,PUR_IED_LlanoOrientalS208_7b9fcd,PUR_IED_LlanoOrientalS208_7b9fcd,,,,,
2026-09-12T21:31:11-05:00,PUR_IED_LlanoOriental_Ext_fb3766,PUR_IED_LlanoOriental_Ext_fb3766,,,,,
2026-09-12T21:31:11-05:00,PUR_IED_LlanoOriental_S208_7b9fcd,PUR_IED_LlanoOriental_S208_7b9fcd,,,,,
2026-09-12T21:31:11-05:00,PUR_IED_LlanoOriental_S9_27b378,PUR_IED_LlanoOriental_S9_27b378,,,,,
2026-09-12T21:31:11-05:00,PUR_IED_LosTejares_1101_477602,PUR_IED_LosTejares_1101_477602,,,,,
2026-09-12T21:31:11-05:00,PUR_IED_LosTejares_11_d2c595,PUR_IED_LosTejares_11_d2c595,,,,,
2026-09-12T21:31:11-05:00,PUR_IED_LosTejares_12_477602,PUR_IED_LosTejares_12_477602,,,,,
2026-09-12T21:31:11-05:00,PUR_IED_LosTejares_Ext_8e2115,PUR_IED_LosTejares_Ext_8e2115,,,,,
2026-09-12T21:31:11-05:00,PUR_IED_MagdalenaO_B202_5ddda3,PUR_IED_MagdalenaO_B202_5ddda3,,,,,
2026-09-12T21:31:11-05:00,PUR_IED_MagdalenaO_B205_fb76e8,PUR_IED_MagdalenaO_B205_fb76e8,,,,,
2026-09-12T21:31:11-05:00,PUR_IED_MagdalenaO_ext_dc69cd,PUR_IED_MagdalenaO_ext_dc69cd,,,,,
2026-09-12T21:31:11-05:00,PUR_IED_ManueCepeda_artes_eee956,PUR_IED_ManueCepeda_artes_eee956,,,,,
2026-09-12T21:31:11-05:00,PUR_IED_ManuelCepeda_Ext_58313,PUR_IED_ManuelCepeda_Ext_58313,,,,,
2026-09-12T21:31:11-05:00,PUR_IED_ManuelCepeda_tec_1c5731,PUR_IED_ManuelCepeda_tec_1c5731,,,,,
2026-09-12T21:31:11-05:00,PUR_IED_ManuelS_Exterior_5b269,PUR_IED_ManuelS_Exterior_5b269,,,,,
2026-09-12T21:31:11-05:00,PUR_IED_ManuelS_Inform_f369ce,PUR_IED_ManuelS_Inform_f369ce,,,,,
2026-09-12T21:31:11-05:00,PUR_IED_ManuelS_SArtes_7d15f1,PUR_IED_ManuelS_SArtes_7d15f1,,,,,
2026-09-12T21:31:11-05:00,PUR_IED_ManuelZapata_303_3ca6,PUR_IED_ManuelZapata_303_3ca6,,,,,
2026-09-12T21:31:11-05:00,PUR_IED_ManuelZapata_311_bfbabc,PUR_IED_ManuelZapata_311_bfbabc,,,,,
2026-09-12T21:31:11-05:00,PUR_IED_ManuelZapata_Ext_50824a,PUR_IED_ManuelZapata_Ext_50824a,,,,,
2026-09-12T21:31:11-05:00,PUR_IED_ManuelitaS_Exteri_656a92,PUR_IED_ManuelitaS_Exteri_656a92,,,,,
2026-09-12T21:31:11-05:00,PUR_IED_ManuelitaS_JuzgDe_f58ec3,PUR_IED_ManuelitaS_JuzgDe_f58ec3,,,,,
2026-09-12T21:31:11-05:00,PUR_IED_ManuelitaS_Recrea_d793db,PUR_IED_ManuelitaS_Recrea_d793db,,,,,
2026-09-12T21:31:11-05:00,PUR_IED_MarFidSuarez_Ext_c27b19,PUR_IED_MarFidSuarez_Ext_c27b19,,,,,
2026-09-12T21:31:11-05:00,PUR_IED_MarFidSuarez_Info_e384d7,PUR_IED_MarFidSuarez_Info_e384d7,,,,,
2026-09-12T21:31:11-05:00,PUR_IED_MarFidSuarez_S306_1d0032,PUR_IED_MarFidSuarez_S306_1d0032,,,,,
2026-09-12T21:31:11-05:00,PUR_IED_Menorah_301_2a25a3,PUR_IED_Menorah_301_2a25a3,,,,,
2026-09-12T21:31:11-05:00,PUR_IED_Menorah_306_37ed3,PUR_IED_Menorah_306_37ed3,,,,,
2026-09-12T21:31:11-05:00,PUR_IED_Menorah_Ext_3e155b,PUR_IED_Menorah_Ext_3e155b,,,,,
2026-09-12T21:31:11-05:00,PUR_IED_MinutoB.Aires_A11_1b1604,PUR_IED_MinutoB.Aires_A11_1b1604,,,,,
2026-09-12T21:31:11-05:00,PUR_IED_MinutoB.Aires_A12_fb5860,PUR_IED_MinutoB.Aires_A12_fb5860,,,,,
2026-09-12T21:31:11-05:00,PUR_IED_MinutoB.Aires_Ext_81293f,PUR_IED_MinutoB.Aires_Ext_81293f,,,,,
2026-09-12T21:31:11-05:00,PUR_IED_MinutoBAires_A11_1b1604,PUR_IED_MinutoBAires_A11_1b1604,,,,,
2026-09-12T21:31:11-05:00,PUR_IED_MinutoBAires_A12_fb5860,PUR_IED_MinutoBAires_A12_fb5860,,,,,
2026-09-12T21:31:11-05:00,PUR_IED_MinutoBAires_Ext_81293f,PUR_IED_MinutoBAires_Ext_81293f,,,,,
2026-09-12T21:31:11-05:00,PUR_IED_Montreal_Aula10_1e4959,PUR_IED_Montreal_Aula10_1e4959,,,,,
2026-09-12T21:31:11-05:00,PUR_IED_Montreal_Aula6_300367,PUR_IED_Montreal_Aula6_300367,,,,,
2026-09-12T21:31:11-05:00,PUR_IED_Montreal_Exterior_91a179,PUR_IED_Montreal_Exterior_91a179,,,,,
2026-09-12T21:31:11-05:00,PUR_IED_Mqgdalena_B202_5ddda3,PUR_IED_Mqgdalena_B202_5ddda3,,,,,
2026-09-12T21:31:11-05:00,PUR_IED_NACUND_Soc_dc8728,PUR_IED_NACUND_Soc_dc8728,,,,,
2026-09-12T21:31:11-05:00,PUR_IED_NACUND_ext_27ad97,PUR_IED_NACUND_ext_27ad97,,,,,
2026-09-12T21:31:11-05:00,PUR_IED_NEsperanza_Ext_d24b61,PUR_IED_NEsperanza_Ext_d24b61,,,,,
2026-09-12T21:31:11-05:00,PUR_IED_NEsperanza_SElect_7d1807,PUR_IED_NEsperanza_SElect_7d1807,,,,,
2026-09-12T21:31:11-05:00,PUR_IED_NEsperanza_SLabor_8b2d0a,PUR_IED_NEsperanza_SLabor_8b2d0a,,,,,
2026-09-12T21:31:11-05:00,PUR_IED_NacionesU_Ext_f661a9,PUR_IED_NacionesU_Ext_f661a9,,,,,
2026-09-12T21:31:11-05:00,PUR_IED_NacionesU_Quimica_66f0a,PUR_IED_NacionesU_Quimica_66f0a,,,,,
2026-09-12T21:31:11-05:00,PUR_IED_NacionesU_S306_1b4b3d,PUR_IED_NacionesU_S306_1b4b3d,,,,,
2026-09-12T21:31:11-05:00,PUR_IED_NestorFA_Ext_e4201c,PUR_IED_NestorFA_Ext_e4201c,,,,,
2026-09-12T21:31:11-05:00,PUR_IED_NestorFA_Laborato_f22fe0,PUR_IED_NestorFA_Laborato_f22fe0,,,,,
2026-09-12T21:31:11-05:00,PUR_IED_NestorFA_S204_dee996,PUR_IED_NestorFA_S204_dee996,,,,,
2026-09-12T21:31:11-05:00,PUR_IED_NidyaQT_Aula03_76999b,PUR_IED_NidyaQT_Aula03_76999b,,,,,
2026-09-12T21:31:11-05:00,PUR_IED_NidyaQT_Aula10_56325,PUR_IED_NidyaQT_Aula10_56325,,,,,
2026-09-12T21:31:11-05:00,PUR_IED_NidyaQT_Ext_46e32d,PUR_IED_NidyaQT_Ext_46e32d,,,,,
2026-09-12T21:31:11-05:00,PUR_IED_NuevaCol_Exterior_d9b859,PUR_IED_NuevaCol_Exterior_d9b859,,,,,
2026-09-12T21:31:11-05:00,PUR_IED_NuevaCol_S1101_76c43b,PUR_IED_NuevaCol_S1101_76c43b,,,,,
2026-09-12T21:31:11-05:00,PUR_IED_NuevaCol_S1102_1ce0b5,PUR_IED_NuevaCol_S1102_1ce0b5,,,,,
2026-09-12T21:31:11-05:00,PUR_IED_OEA_A202_f7e3f2,PUR_IED_OEA_A202_f7e3f2,,,,,
2026-09-12T21:31:11-05:00,PUR_IED_OEA_A203_7d1b8d,PUR_IED_OEA_A203_7d1b8d,,,,,
2026-09-12T21:31:11-05:00,PUR_IED_OEA_Ext_27b593,PUR_IED_OEA_Ext_27b593,,,,,
2026-09-12T21:31:11-05:00,PUR_IED_Ochoa_Ext_1c29da,PUR_IED_Ochoa_Ext_1c29da,,,,,
2026-09-12T21:31:11-05:00,PUR_IED_Ochoa_S205_8b1121,PUR_IED_Ochoa_S205_8b1121,,,,,
2026-09-12T21:31:11-05:00,PUR_IED_Ochoa_Sistemas_f33af6,PUR_IED_Ochoa_Sistemas_f33af6,,,,,
2026-09-12T21:31:11-05:00,PUR_IED_PQuebec_Ext_1c67c7,PUR_IED_PQuebec_Ext_1c67c7,,,,,
2026-09-12T21:31:11-05:00,PUR_IED_PQuebec_S15_23e8e2,PUR_IED_PQuebec_S15_23e8e2,,,,,
2026-09-12T21:31:11-05:00,PUR_IED_PQuebec_S16_8ec76b,PUR_IED_PQuebec_S16_8ec76b,,,,,
2026-09-12T21:31:11-05:00,PUR_IED_PabloN_Ext_49dc96,PUR_IED_PabloN_Ext_49dc96,,,,,
2026-09-12T21:31:11-05:00,PUR_IED_PabloN_S1102_4e3df5,PUR_IED_PabloN_S1102_4e3df5,,,,,
2026-09-12T21:31:11-05:00,PUR_IED_PabloN_S1103_50c94b,PUR_IED_PabloN_S1103_50c94b,,,,,
2026-09-12T21:31:11-05:00,PUR_IED_Palestina_S1101_db9198,PUR_IED_Palestina_S1101_db9198,,,,,
2026-09-12T21:31:11-05:00,PUR_IED_Palestina_S1102_dc54fa,PUR_IED_Palestina_S1102_dc54fa,,,,,
2026-09-12T21:31:11-05:00,PUR_IED_Palestina_ext_4ccce6,PUR_IED_Palestina_ext_4ccce6,,,,,
2026-09-12T21:31:11-05:00,PUR_IED_Panama_Fisica_4d0794,PUR_IED_Panama_Fisica_4d0794,,,,,
2026-09-12T21:31:11-05:00,PUR_IED_Panama_SIngles_a4077e,PUR_IED_Panama_SIngles_a4077e,,,,,
2026-09-12T21:31:11-05:00,PUR_IED_Panama_ext_4c54b4,PUR_IED_Panama_ext_4c54b4,,,,,
2026-09-12T21:31:11-05:00,PUR_IED_ParaisoM_Exterior_8cd7f0,PUR_IED_ParaisoM_Exterior_8cd7f0,,,,,
2026-09-12T21:31:11-05:00,PUR_IED_ParaisoM_Laborato_27af35,PUR_IED_ParaisoM_Laborato_27af35,,,,,
2026-09-12T21:31:11-05:00,PUR_IED_ParaisoM_S304_d1edca,PUR_IED_ParaisoM_S304_d1edca,,,,,
2026-09-12T21:31:11-05:00,PUR_IED_PorfirioBarba_Ext_301466,PUR_IED_PorfirioBarba_Ext_301466,,,,,
2026-09-12T21:31:11-05:00,PUR_IED_PorfirioBarba_S11_df6cd2,PUR_IED_PorfirioBarba_S11_df6cd2,,,,,
2026-09-12T21:31:11-05:00,PUR_IED_PorfirioBarba_S29_27a7d6,PUR_IED_PorfirioBarba_S29_27a7d6,,,,,
2026-09-12T21:31:11-05:00,PUR_IED_PradoV_Exter_8b27ad,PUR_IED_PradoV_Exter_8b27ad,,,,,
2026-09-12T21:31:11-05:00,PUR_IED_PradoV_S301_de65b5,PUR_IED_PradoV_S301_de65b5,,,,,
2026-09-12T21:31:11-05:00,PUR_IED_PradoV_S302_7d2593,PUR_IED_PradoV_S302_7d2593,,,,,
2026-09-12T21:31:11-05:00,PUR_IED_QuirogaAlz_Ext_1ddc82,PUR_IED_QuirogaAlz_Ext_1ddc82,,,,,
2026-09-12T21:31:11-05:00,PUR_IED_QuirogaAlz_S302_9926a3,PUR_IED_QuirogaAlz_S302_9926a3,,,,,
2026-09-12T21:31:11-05:00,PUR_IED_QuirogaAlz_S305_cdf1f1,PUR_IED_QuirogaAlz_S305_cdf1f1,,,,,
2026-09-12T21:31:11-05:00,PUR_IED_RGuatemala_Biling_dc53b7,PUR_IED_RGuatemala_Biling_dc53b7,,,,,
2026-09-12T21:31:11-05:00,PUR_IED_RGuatemala_Ext_1b89a3,PUR_IED_RGuatemala_Ext_1b89a3,,,,,
2026-09-12T21:31:11-05:00,PUR_IED_RGuatemala_Tecnol_281a34,PUR_IED_RGuatemala_Tecnol_281a34,,,,,
2026-09-12T21:31:11-05:00,PUR_IED_RafaNu_Ext_f7c302,PUR_IED_RafaNu_Ext_f7c302,,,,,
2026-09-12T21:31:11-05:00,PUR_IED_RafaNu_S1101_25fde,PUR_IED_RafaNu_S1101_25fde,,,,,
2026-09-12T21:31:11-05:00,PUR_IED_RafaNu_S1102_281517,PUR_IED_RafaNu_S1102_281517,,,,,
2026-09-12T21:31:11-05:00,PUR_IED_RafaelB_S305_ee2783,PUR_IED_RafaelB_S305_ee2783,,,,,
2026-09-12T21:31:11-05:00,PUR_IED_RafaelB_S306_75fe33,PUR_IED_RafaelB_S306_75fe33,,,,,
2026-09-12T21:31:11-05:00,PUR_IED_RafaelB_ext_283336,PUR_IED_RafaelB_ext_283336,3,19,60,4.6722,-74.0737
2026-09-12T21:31:11-05:00,PUR_IED_RafaelUU_Exterior_281a51,PUR_IED_RafaelUU_Exterior_281a51,,,,,
2026-09-12T21:31:11-05:00,PUR_IED_RafaelUU_Human_806b2,PUR_IED_RafaelUU_Human_806b2,,,,,
2026-09-12T21:31:11-05:00,PUR_IED_RafaelUU_Mate2_5680d4,PUR_IED_RafaelUU_Mate2_5680d4,,,,,
2026-09-12T21:31:11-05:00,PUR_IED_RamonSub_Ext_f9eeb9,PUR_IED_RamonSub_Ext_f9eeb9,,,,,
2026-09-12T21:31:11-05:00,PUR_IED_RamonSub_Media_d1f62f,PUR_IED_RamonSub_Media_d1f62f,,,,,
2026-09-12T21:31:11-05:00,PUR_IED_RamonSub_planta_51b82,PUR_IED_RamonSub_planta_51b82,,,,,
2026-09-12T21:31:11-05:00,PUR_IED_RepBoliVene_Exter_27af7c,PUR_IED_RepBoliVene_Exter_27af7c,,,,,
2026-09-12T21:31:11-05:00,PUR_IED_RepBoliVene_SCPT_5ae2ee,PUR_IED_RepBoliVene_SCPT_5ae2ee,,,,,
2026-09-12T21:31:11-05:00,PUR_IED_RepBoliVene_Socia_4b11d5,PUR_IED_RepBoliVene_Socia_4b11d5,,,,,
2026-09-12T21:31:11-05:00,PUR_IED_RepChina_Ext_76d9ee,PUR_IED_RepChina_Ext_76d9ee,,,,,
2026-09-12T21:31:11-05:00,PUR_IED_RepChina_S404_7c804c,PUR_IED_RepChina_S404_7c804c,,,,,
2026-09-12T21:31:11-05:00,PUR_IED_RepChina_S405_df2c33,PUR_IED_RepChina_S405_df2c33,,,,,
2026-09-12T21:31:11-05:00,PUR_IED_RepublicaC_Exteri_7d1ec9,PUR_IED_RepublicaC_Exteri_7d1ec9,,,,,
2026-09-12T21:31:11-05:00,PUR_IED_RepublicaC_S1101_f544b3,PUR_IED_RepublicaC_S1101_f544b3,,,,,
2026-09-12T21:31:11-05:00,PUR_IED_RepublicaC_S1102_7aafc7,PUR_IED_RepublicaC_S1102_7aafc7,,,,,
2026-09-12T21:31:11-05:00,PUR_IED_Ricaurte_Externo_a0ea1,PUR_IED_Ricaurte_Externo_a0ea1,,,,,
2026-09-12T21:31:11-05:00,PUR_IED_Ricaurte_S210_f546fd,PUR_IED_Ricaurte_S210_f546fd,,,,,
2026-09-12T21:31:11-05:00,PUR_IED_Ricaurte_S309_d4452,PUR_IED_Ricaurte_S309_d4452,,,,,
2026-09-12T21:31:11-05:00,PUR_IED_RogelioS_1102_531e69,PUR_IED_RogelioS_1102_531e69,,,,,
2026-09-12T21:31:11-05:00,PUR_IED_RogelioS_Ext_f25a18,PUR_IED_RogelioS_Ext_f25a18,,,,,
2026-09-12T21:31:11-05:00,PUR_IED_SBernardino_Ext_27aff8,PUR_IED_SBernardino_Ext_27aff8,,,,,
2026-09-12T21:31:11-05:00,PUR_IED_SBernardino_SArte_2ffd33,PUR_IED_SBernardino_SArte_2ffd33,,,,,
2026-09-12T21:31:11-05:00,PUR_IED_SBernardino_SIngl_7c7da5,PUR_IED_SBernardino_SIngl_7c7da5,,,,,
2026-09-12T21:31:11-05:00,PUR_IED_Sago_auditorio_dc9d1d,PUR_IED_Sago_auditorio_dc9d1d,,,,,
2026-09-12T21:31:11-05:00,PUR_IED_Saludcoop_Ext_95aac3,PUR_IED_Saludcoop_Ext_95aac3,,,,,
2026-09-12T21:31:11-05:00,PUR_IED_Saludcoop_InfI_90c854,PUR_IED_Saludcoop_InfI_90c854,,,,,
2026-09-12T21:31:11-05:00,PUR_IED_Saludcoop_SMedia_1b93be,PUR_IED_Saludcoop_SMedia_1b93be,,,,,
2026-09-12T21:31:11-05:00,PUR_IED_SanCarlos_1101_1a2360,PUR_IED_SanCarlos_1101_1a2360,,,,,
2026-09-12T21:31:11-05:00,PUR_IED_SanCarlos_1103_7bafb5,PUR_IED_SanCarlos_1103_7bafb5,,,,,
2026-09-12T21:31:11-05:00,PUR_IED_SanCarlos_Ext_b7cd1,PUR_IED_SanCarlos_Ext_b7cd1,,,,,
2026-09-12T21:31:11-05:00,PUR_IED_SanIgnacioBosa11a_50c26e,PUR_IED_SanIgnacioBosa11a_50c26e,,,,,
2026-09-12T21:31:11-05:00,PUR_IED_SanIgnacioBosa11b_371de8,PUR_IED_SanIgnacioBosa11b_371de8,,,,,
2026-09-12T21:31:11-05:00,PUR_IED_SanIgnacioBosaExt_ef0ffc,PUR_IED_SanIgnacioBosaExt_ef0ffc,,,,,
2026-09-12T21:31:11-05:00,PUR_IED_SanIgnacioBosa_11a_50c26e,PUR_IED_SanIgnacioBosa_11a_50c26e,,,,,
2026-09-12T21:31:11-05:00,PUR_IED_SanIgnacioBosa_Ext_ef0ffc,PUR_IED_SanIgnacioBosa_Ext_ef0ffc,,,,,
2026-09-12T21:31:11-05:00,PUR_IED_SanJoseN_intS1101_31c47f,PUR_IED_SanJoseN_intS1101_31c47f,,,,,
2026-09-12T21:31:11-05:00,PUR_IED_SanJoseUsm_Exter_f5d7e8,PUR_IED_SanJoseUsm_Exter_f5d7e8,,,,,
2026-09-12T21:31:11-05:00,PUR_IED_SanJoseUsm_Int11A_cfdef6,PUR_IED_SanJoseUsm_Int11A_cfdef6,,,,,
2026-09-12T21:31:11-05:00,PUR_IED_SilveriaR_IntB5_905349,PUR_IED_SilveriaR_IntB5_905349,,,,,
2026-09-12T21:31:11-05:00,PUR_IED_SilveriaR_IntSD14_981f93,PUR_IED_SilveriaR_IntSD14_981f93,,,,,
2026-09-12T21:31:11-05:00,PUR_IED_SilveriaR_ext_2b651d,PUR_IED_SilveriaR_ext_2b651d,,,,,
2026-09-12T21:31:11-05:00,PUR_IED_SimonB_Exterior_913975,PUR_IED_SimonB_Exterior_913975,,,,,
2026-09-12T21:31:11-05:00,PUR_IED_SimonB_LabQuimi_c56908,PUR_IED_SimonB_LabQuimi_c56908,,,,,
2026-09-12T21:31:11-05:00,PUR_IED_SimonB_informatic_a28c1,PUR_IED_SimonB_informatic_a28c1,,,,,
2026-09-12T21:31:11-05:00,PUR_IED_Sorrento_1102_315f50,PUR_IED_Sorrento_1102_315f50,,,,,
2026-09-12T21:31:11-05:00,PUR_IED_Sorrento_Minte_214eab,PUR_IED_Sorrento_Minte_214eab,,,,,
2026-09-12T21:31:11-05:00,PUR_IED_Sorrento_ext_7c3a0a,PUR_IED_Sorrento_ext_7c3a0a,,,,,
2026-09-12T21:31:11-05:00,PUR_IED_Tabora_Ext_f048ae,PUR_IED_Tabora_Ext_f048ae,,,,,
2026-09-12T21:31:11-05:00,PUR_IED_Tabora_S1102_b07752,PUR_IED_Tabora_S1102_b07752,,,,,
2026-09-12T21:31:11-05:00,PUR_IED_Tabora_S1103_d988f5,PUR_IED_Tabora_S1103_d988f5,,,,,
2026-09-12T21:31:11-05:00,PUR_IED_Tenerife_Ext_1ab188,PUR_IED_Tenerife_Ext_1ab188,,,,,
2026-09-12T21:31:11-05:00,PUR_IED_Tenerife_SDanzas_7bc02e,PUR_IED_Tenerife_SDanzas_7bc02e,,,,,
2026-09-12T21:31:11-05:00,PUR_IED_Tenerife_SIngles_7cc277,PUR_IED_Tenerife_SIngles_7cc277,,,,,
2026-09-12T21:31:11-05:00,PUR_IED_Tibabuyes_Exter_f2683d,PUR_IED_Tibabuyes_Exter_f2683d,,,,,
2026-09-12T21:31:11-05:00,PUR_IED_Tibabuyes_S10_dc87a8,PUR_IED_Tibabuyes_S10_dc87a8,,,,,
2026-09-12T21:31:11-05:00,PUR_IED_Tibabuyes_S15_dc0526,PUR_IED_Tibabuyes_S15_dc0526,,,,,
2026-09-12T21:31:11-05:00,PUR_IED_UnionE_S301_a1043,PUR_IED_UnionE_S301_a1043,,,,,
2026-09-12T21:31:11-05:00,PUR_IED_UnionE_S307_ff6c2f,PUR_IED_UnionE_S307_ff6c2f,,,,,
2026-09-12T21:31:11-05:00,PUR_IED_UnionE__Ext_5e2468,PUR_IED_UnionE__Ext_5e2468,,,,,
2026-09-12T21:31:11-05:00,PUR_IED_VillaRica_Ext_75be7c,PUR_IED_VillaRica_Ext_75be7c,,,,,
2026-09-12T21:31:11-05:00,PUR_IED_VillaRica_S4_cc5dcd,PUR_IED_VillaRica_S4_cc5dcd,,,,,
2026-09-12T21:31:11-05:00,PUR_IED_VillaRica_Sesp_99f5c,PUR_IED_VillaRica_Sesp_99f5c,,,,,
2026-09-12T21:36:08-05:00,PUR_IED_20deJulio_1101_91b1b9,PUR_IED_20deJulio_1101_91b1b9,,,,,
2026-09-12T21:36:08-05:00,PUR_IED_20deJulio_1102_1cfcf9,PUR_IED_20deJulio_1102_1cfcf9,,,,,
2026-09-12T21:36:08-05:00,PUR_IED_20deJulio_Ext_ab60bd,PUR_IED_20deJulio_Ext_ab60bd,,,,,
2026-09-12T21:36:08-05:00,PUR_IED_AgustinFer_Ext_7b9b77,PUR_IED_AgustinFer_Ext_7b9b77,,,,,
2026-09-12T21:36:08-05:00,PUR_IED_AgustinFer_Info2_27b3a7,PUR_IED_AgustinFer_Info2_27b3a7,,,,,
2026-09-12T21:36:08-05:00,PUR_IED_AgustinFer_Sena_54b4eb,PUR_IED_AgustinFer_Sena_54b4eb,,,,,
2026-09-12T21:36:08-05:00,PUR_IED_AlexanderF_1102_caf07b,PUR_IED_AlexanderF_1102_caf07b,,,,,
2026-09-12T21:36:08-05:00,PUR_IED_AlexanderF_1103_c79e71,PUR_IED_AlexanderF_1103_c79e71,,,,,
2026-09-12T21:36:08-05:00,PUR_IED_AlexanderF_Ext_c5b18b,PUR_IED_AlexanderF_Ext_c5b18b,,,,,
2026-09-12T21:36:08-05:00,PUR_IED_AlfonsoLopez_Ext_281d77,PUR_IED_AlfonsoLopez_Ext_281d77,,,,,
2026-09-12T21:36:08-05:00,PUR_IED_AlfonsoLopez_LabF_888ce0,PUR_IED_AlfonsoLopez_LabF_888ce0,,,,,
2026-09-12T21:36:08-05:00,PUR_IED_AlfonsoLopez_SMed_df6a7f,PUR_IED_AlfonsoLopez_SMed_df6a7f,,,,,
2026-09-12T21:36:08-05:00,PUR_IED_AltamiraSO_A2_209f92,PUR_IED_AltamiraSO_A2_209f92,,,,,
2026-09-12T21:36:08-05:00,PUR_IED_AltamiraSO_Ext_186d66,PUR_IED_AltamiraSO_Ext_186d66,,,,,
2026-09-12T21:36:08-05:00,PUR_IED_AltamiraSO_Sistem_27afe1,PUR_IED_AltamiraSO_Sistem_27afe1,,,,,
2026-09-12T21:36:08-05:00,PUR_IED_AlvaroGom_LabQuim_813179,PUR_IED_AlvaroGom_LabQuim_813179,,,,,
2026-09-12T21:36:08-05:00,PUR_IED_AlvaroGomez_Ext_47c7ca,PUR_IED_AlvaroGomez_Ext_47c7ca,,,,,
2026-09-12T21:36:08-05:00,PUR_IED_AlvaroGomez_LabQuim_813179,PUR_IED_AlvaroGomez_LabQuim_813179,,,,,
2026-09-12T21:36:08-05:00,PUR_IED_AlvaroGomez_S23_7ba89f,PUR_IED_AlvaroGomez_S23_7ba89f,,,,,
2026-09-12T21:36:08-05:00,PUR_IED_Amistad_306_dc8728,PUR_IED_Amistad_306_dc8728,,,,,
2026-09-12T21:36:08-05:00,PUR_IED_Amistad_Ext_8cd55e,PUR_IED_Amistad_Ext_8cd55e,,,,,
2026-09-12T21:36:08-05:00,PUR_IED_Amistad_S202_a41169,PUR_IED_Amistad_S202_a41169,,,,,
2026-09-12T21:36:08-05:00,PUR_IED_AndresBello_Bio_fd5f5e,PUR_IED_AndresBello_Bio_fd5f5e,,,,,
2026-09-12T21:36:08-05:00,PUR_IED_AndresBello_ext_dcad65,PUR_IED_AndresBello_ext_dcad65,,,,,
2026-09-12T21:36:08-05:00,PUR_IED_AndresBello_port_eed3ec,PUR_IED_AndresBello_port_eed3ec,,,,,
2026-09-12T21:36:08-05:00,PUR_IED_AngelaR_11b_d90a6b,PUR_IED_AngelaR_11b_d90a6b,,,,,
2026-09-12T21:36:08-05:00,PUR_IED_AngelaR_ext_7cad3e,PUR_IED_AngelaR_ext_7cad3e,3,19,62,4.5825,-74.164497
2026-09-12T21:36:08-05:00,PUR_IED_AntJoseSucre_10mo_df2575,PUR_IED_AntJoseSucre_10mo_df2575,,,,,
2026-09-12T21:36:08-05:00,PUR_IED_AntJoseSucre_Ext_215b36,PUR_IED_AntJoseSucre_Ext_215b36,,,,,
2026-09-12T21:36:08-05:00,PUR_IED_AntJoseSucre_Lab_3139de,PUR_IED_AntJoseSucre_Lab_3139de,,,,,
2026-09-12T21:36:08-05:00,PUR_IED_AntonioGarcia_301_d6b188,PUR_IED_AntonioGarcia_301_d6b188,,,,,
2026-09-12T21:36:08-05:00,PUR_IED_AntonioGarcia_302_88a82,PUR_IED_AntonioGarcia_302_88a82,,,,,
2026-09-12T21:36:08-05:00,PUR_IED_AntonioGarcia_Ext_20950c,PUR_IED_AntonioGarcia_Ext_20950c,,,,,
2026-09-12T21:36:08-05:00,PUR_IED_AntonioVan_Aula2_6dea02,PUR_IED_AntonioVan_Aula2_6dea02,,,,,
2026-09-12T21:36:08-05:00,PUR_IED_AntonioVan_Aula5_f1557e,PUR_IED_AntonioVan_Aula5_f1557e,,,,,
2026-09-12T21:36:08-05:00,PUR_IED_AntonioVan_Ext_406f2f,PUR_IED_AntonioVan_Ext_406f2f,,,,,
2026-09-12T21:36:08-05:00,PUR_IED_Atabanzha_Ext_cc5af9,PUR_IED_Atabanzha_Ext_cc5af9,,,,,
2026-09-12T21:36:08-05:00,PUR_IED_Atabanzha_SA101_56c37,PUR_IED_Atabanzha_SA101_56c37,,,,,
2026-09-12T21:36:08-05:00,PUR_IED_Atabanzha_SB302_27b374,PUR_IED_Atabanzha_SB302_27b374,,,,,
2026-09-12T21:36:08-05:00,PUR_IED_Atahualpa_Ext_fc1748,PUR_IED_Atahualpa_Ext_fc1748,,,,,
2026-09-12T21:36:08-05:00,PUR_IED_Atahualpa_Informa_dc9a95,PUR_IED_Atahualpa_Informa_dc9a95,,,,,
2026-09-12T21:36:08-05:00,PUR_IED_Atahualpa_S1101_f98056,PUR_IED_Atahualpa_S1101_f98056,,,,,
2026-09-12T21:36:08-05:00,PUR_IED_Bellavista_Ext_f5aa74,PUR_IED_Bellavista_Ext_f5aa74,,,,,
2026-09-12T21:36:08-05:00,PUR_IED_Bilbao_11A_916c41,PUR_IED_Bilbao_11A_916c41,,,,,
2026-09-12T21:36:08-05:00,PUR_IED_Bilbao_Ext_fb579a,PUR_IED_Bilbao_Ext_fb579a,,,,,
2026-09-12T21:36:08-05:00,PUR_IED_BrasiliaU_A125_304280,PUR_IED_BrasiliaU_A125_304280,,,,,
2026-09-12T21:36:08-05:00,PUR_IED_BrasiliaU_A203_7c8ca5,PUR_IED_BrasiliaU_A203_7c8ca5,,,,,
2026-09-12T21:36:08-05:00,PUR_IED_BrasiliaU_Ext_8d6e9f,PUR_IED_BrasiliaU_Ext_8d6e9f,6,17,65,4.5175,-74.116302
2026-09-12T21:36:08-05:00,PUR_IED_Brasilia_Ext_fe6593,PUR_IED_Brasilia_Ext_fe6593,,,,,
2026-09-12T21:36:08-05:00,PUR_IED_Brasilia_S24_7c130d,PUR_IED_Brasilia_S24_7c130d,,,,,
2026-09-12T21:36:08-05:00,PUR_IED_Brasilia_S501_186a54,PUR_IED_Brasilia_S501_186a54,,,,,
2026-09-12T21:36:08-05:00,PUR_IED_CHARRY_EXT_f1d5cd,PUR_IED_CHARRY_EXT_f1d5cd,,,,,
2026-09-12T21:36:08-05:00,PUR_IED_CHARRY_INTDANZAS_7a08e6,PUR_IED_CHARRY_INTDANZAS_7a08e6,,,,,
2026-09-12T21:36:08-05:00,PUR_IED_CHARRY_INT_AULA20_dc998d,PUR_IED_CHARRY_INT_AULA20_dc998d,,,,,
2026-09-12T21:36:08-05:00,PUR_IED_COLVIV_1101_S25_7f520a,PUR_IED_COLVIV_1101_S25_7f520a,,,,,
2026-09-12T21:36:08-05:00,PUR_IED_COLVIV_1102_S16_f570ba,PUR_IED_COLVIV_1102_S16_f570ba,,,,,
2026-09-12T21:36:08-05:00,PUR_IED_COLVIV_Ext_1a26fa,PUR_IED_COLVIV_Ext_1a26fa,,,,,
2026-09-12T21:36:08-05:00,PUR_IED_CULPOP_301A_f660f3,PUR_IED_CULPOP_301A_f660f3,,,,,
2026-09-12T21:36:08-05:00,PUR_IED_CULPOP_303_568afe,PUR_IED_CULPOP_303_568afe,,,,,
2026-09-12T21:36:08-05:00,PUR_IED_CULPOP_Ext_e02ccb,PUR_IED_CULPOP_Ext_e02ccb,,,,,
2026-09-12T21:36:08-05:00,PUR_IED_CVillavicen_Ext_26eb58,PUR_IED_CVillavicen_Ext_26eb58,5,15,77,4.487,-74.102798
2026-09-12T21:36:08-05:00,PUR_IED_CVillavicen_Intel_1ce5c2,PUR_IED_CVillavicen_Intel_1ce5c2,,,,,
2026-09-12T21:36:08-05:00,PUR_IED_CVillavicen_Poliv_e0766c,PUR_IED_CVillavicen_Poliv_e0766c,,,,,
2026-09-12T21:36:08-05:00,PUR_IED_CVillavicen_int_1ba140,PUR_IED_CVillavicen_int_1ba140,,,,,
2026-09-12T21:36:08-05:00,PUR_IED_CVillavicen_intel_1ba140,PUR_IED_CVillavicen_intel_1ba140,,,,,
2026-09-12T21:36:08-05:00,PUR_IED_CarlosPizarro_Ext_e307cc,PUR_IED_CarlosPizarro_Ext_e307cc,,,,,
2026-09-12T21:36:08-05:00,PUR_IED_CarlosPizarro_L36_7e5cdb,PUR_IED_CarlosPizarro_L36_7e5cdb,,,,,
2026-09-12T21:36:08-05:00,PUR_IED_CarlosPizarro_L37_c8566c,PUR_IED_CarlosPizarro_L37_c8566c,,,,,
2026-09-12T21:36:08-05:00,PUR_IED_Castilla_Ext_cf35f,PUR_IED_Castilla_Ext_cf35f,,,,,
2026-09-12T21:36:08-05:00,PUR_IED_Castilla_SFisik_360e38,PUR_IED_Castilla_SFisik_360e38,,,,,
2026-09-12T21:36:08-05:00,PUR_IED_Castilla_Sc304_496fbf,PUR_IED_Castilla_Sc304_496fbf,,,,,
2026-09-12T21:36:08-05:00,PUR_IED_CervantesSa_Ext_6b57b,PUR_IED_CervantesSa_Ext_6b57b,7,18,67,4.5128,-74.117203
2026-09-12T21:36:08-05:00,PUR_IED_CervantesSa_S107_225c2b,PUR_IED_CervantesSa_S107_225c2b,,,,,
2026-09-12T21:36:08-05:00,PUR_IED_CervantesSa_S108_940925,PUR_IED_CervantesSa_S108_940925,,,,,
2026-09-12T21:36:08-05:00,PUR_IED_Charry_A20_f53e7c,PUR_IED_Charry_A20_f53e7c,,,,,
2026-09-12T21:36:08-05:00,PUR_IED_Charry_Ext_f1d5cd,PUR_IED_Charry_Ext_f1d5cd,,,,,
2026-09-12T21:36:08-05:00,PUR_IED_Charry_IntAula20_dc998d,PUR_IED_Charry_IntAula20_dc998d,,,,,
2026-09-12T21:36:08-05:00,PUR_IED_Charry_IntDanzas_7a08e6,PUR_IED_Charry_IntDanzas_7a08e6,,,,,
2026-09-12T21:36:08-05:00,PUR_IED_ClememciaC_203_43e2fc,PUR_IED_ClememciaC_203_43e2fc,,,,,
2026-09-12T21:36:08-05:00,PUR_IED_ClememciaC_Ext_1b411a,PUR_IED_ClememciaC_Ext_1b411a,,,,,
2026-09-12T21:36:08-05:00,PUR_IED_ClememciaC_Quimic_44b5fc,PUR_IED_ClememciaC_Quimic_44b5fc,,,,,
2026-09-12T21:36:08-05:00,PUR_IED_ClemenciaC_203_43e2fc,PUR_IED_ClemenciaC_203_43e2fc,,,,,
2026-09-12T21:36:08-05:00,PUR_IED_ClemenciaC_Ext_1b411a,PUR_IED_ClemenciaC_Ext_1b411a,,,,,
2026-09-12T21:36:08-05:00,PUR_IED_ClemenciaC_Quimic_44b5fc,PUR_IED_ClemenciaC_Quimic_44b5fc,,,,,
2026-09-12T21:36:08-05:00,PUR_IED_ColViva_1101_S25_7f520a,PUR_IED_ColViva_1101_S25_7f520a,,,,,
2026-09-12T21:36:08-05:00,PUR_IED_ColViva_1102_S16_f570ba,PUR_IED_ColViva_1102_S16_f570ba,,,,,
2026-09-12T21:36:08-05:00,PUR_IED_ColViva_Ext_1a26fa,PUR_IED_ColViva_Ext_1a26fa,,,,,
2026-09-12T21:36:08-05:00,PUR_IED_ColegioBici_Asist_7c8798,PUR_IED_ColegioBici_Asist_7c8798,,,,,
2026-09-12T21:36:08-05:00,PUR_IED_ColegioBici_Ext_25cbf6,PUR_IED_ColegioBici_Ext_25cbf6,,,,,
2026-09-12T21:36:08-05:00,PUR_IED_ColegioBici_LabQ_7b57db,PUR_IED_ColegioBici_LabQ_7b57db,,,,,
2026-09-12T21:36:08-05:00,PUR_IED_CostaRica_Ext_5e640,PUR_IED_CostaRica_Ext_5e640,,,,,
2026-09-12T21:36:08-05:00,PUR_IED_CostaRica_Quim1_766d1c,PUR_IED_CostaRica_Quim1_766d1c,,,,,
2026-09-12T21:36:08-05:00,PUR_IED_CostaRica__Fisica_6f0873,PUR_IED_CostaRica__Fisica_6f0873,,,,,
2026-09-12T21:36:08-05:00,PUR_IED_CulPopu_301A_f660f3,PUR_IED_CulPopu_301A_f660f3,,,,,
2026-09-12T21:36:08-05:00,PUR_IED_CulPopu_303_568afe,PUR_IED_CulPopu_303_568afe,,,,,
2026-09-12T21:36:08-05:00,PUR_IED_CulPopu_Ext_e02ccb,PUR_IED_CulPopu_Ext_e02ccb,,,,,
2026-09-12T21:36:08-05:00,PUR_IED_Cundinamarca_Ext_f15985,PUR_IED_Cundinamarca_Ext_f15985,,,,,
2026-09-12T21:36:08-05:00,PUR_IED_Cundinamarca_Info_7aa5d7,PUR_IED_Cundinamarca_Info_7aa5d7,,,,,
2026-09-12T21:36:08-05:00,PUR_IED_Cundinamarca_Tec2_f449c7,PUR_IED_Cundinamarca_Tec2_f449c7,,,,,
2026-09-12T21:36:08-05:00,PUR_IED_DiegoM_Aula1_27b314,PUR_IED_DiegoM_Aula1_27b314,,,,,
2026-09-12T21:36:08-05:00,PUR_IED_DiegoM_Ext_d80ac8,PUR_IED_DiegoM_Ext_d80ac8,,,,,
2026-09-12T21:36:08-05:00,PUR_IED_DiegoM_S25_da928f,PUR_IED_DiegoM_S25_da928f,,,,,
2026-09-12T21:36:08-05:00,PUR_IED_ELRODEO_360881,PUR_IED_ELRODEO_360881,,,,,
2026-09-12T21:36:08-05:00,PUR_IED_ELRODEO_ext_360881,PUR_IED_ELRODEO_ext_360881,,,,,
2026-09-12T21:36:08-05:00,PUR_IED_EduardoU_Ext_1c1969,PUR_IED_EduardoU_Ext_1c1969,,,,,
2026-09-12T21:36:08-05:00,PUR_IED_EduardoU_SCiencia_4dfb94,PUR_IED_EduardoU_SCiencia_4dfb94,,,,,
2026-09-12T21:36:08-05:00,PUR_IED_EduardoU_SQuimica_5a46e7,PUR_IED_EduardoU_SQuimica_5a46e7,,,,,
2026-09-12T21:36:08-05:00,PUR_IED_ElRodeo_Aula14_676984,PUR_IED_ElRodeo_Aula14_676984,,,,,
2026-09-12T21:36:08-05:00,PUR_IED_ElRodeo_Aula16_2dd35b,PUR_IED_ElRodeo_Aula16_2dd35b,,,,,
2026-09-12T21:36:08-05:00,PUR_IED_ElRodeo_Ext_360881,PUR_IED_ElRodeo_Ext_360881,,,,,
2026-09-12T21:36:08-05:00,PUR_IED_ElRodeo_Exterior_8c6d28,PUR_IED_ElRodeo_Exterior_8c6d28,,,,,
2026-09-12T21:36:08-05:00,PUR_IED_ElRodeo_ext_360881,PUR_IED_ElRodeo_ext_360881,,,,,
2026-09-12T21:36:08-05:00,PUR_IED_EmmaReyes_Ext_987625,PUR_IED_EmmaReyes_Ext_987625,7,21,52,4.6367,-74.1511
2026-09-12T21:36:08-05:00,PUR_IED_Ensueño_Ext_7f0250,PUR_IED_Ensueño_Ext_7f0250,,,,,
2026-09-12T21:36:08-05:00,PUR_IED_EscNormal_Ext_5fef3b,PUR_IED_EscNormal_Ext_5fef3b,4,19,60,4.5852,-74.096901
2026-09-12T21:36:08-05:00,PUR_IED_EscNormal_S309_5b263,PUR_IED_EscNormal_S309_5b263,,,,,
2026-09-12T21:36:08-05:00,PUR_IED_EscNormal_S310_27b3b8,PUR_IED_EscNormal_S310_27b3b8,,,,,
2026-09-12T21:36:08-05:00,PUR_IED_Evangelista_Conta_f6cd4f,PUR_IED_Evangelista_Conta_f6cd4f,,,,,
2026-09-12T21:36:08-05:00,PUR_IED_Evangelista_Cri_5e16a,PUR_IED_Evangelista_Cri_5e16a,,,,,
2026-09-12T21:36:08-05:00,PUR_IED_Evangelista_Exter_754066,PUR_IED_Evangelista_Exter_754066,,,,,
2026-09-12T21:36:08-05:00,PUR_IED_FMiranda_S209_5cc2a3,PUR_IED_FMiranda_S209_5cc2a3,,,,,
2026-09-12T21:36:08-05:00,PUR_IED_FMiranda_S303_19e344,PUR_IED_FMiranda_S303_19e344,,,,,
2026-09-12T21:36:08-05:00,PUR_IED_FMiranda_ext_f53e7c,PUR_IED_FMiranda_ext_f53e7c,,,,,
2026-09-12T21:36:08-05:00,PUR_IED_FabioLozano_Bibli_1cee05,PUR_IED_FabioLozano_Bibli_1cee05,,,,,
2026-09-12T21:36:08-05:00,PUR_IED_FabioLozano_Ext_6ea285,PUR_IED_FabioLozano_Ext_6ea285,,,,,
2026-09-12T21:36:08-05:00,PUR_IED_FabioLozano_SLudi_f09e1e,PUR_IED_FabioLozano_SLudi_f09e1e,,,,,
2026-09-12T21:36:08-05:00,PUR_IED_FaustinoS_Aula07_27a731,PUR_IED_FaustinoS_Aula07_27a731,,,,,
2026-09-12T21:36:08-05:00,PUR_IED_FaustinoS_Ext_7b936f,PUR_IED_FaustinoS_Ext_7b936f,,,,,
2026-09-12T21:36:08-05:00,PUR_IED_FaustinoS_Fisica_da2c60,PUR_IED_FaustinoS_Fisica_da2c60,,,,,
2026-09-12T21:36:08-05:00,PUR_IED_FeGarciaLo_Ext_dc68ee,PUR_IED_FeGarciaLo_Ext_dc68ee,,,,,
2026-09-12T21:36:08-05:00,PUR_IED_FeGarciaLo_SDanza_f70a59,PUR_IED_FeGarciaLo_SDanza_f70a59,,,,,
2026-09-12T21:36:08-05:00,PUR_IED_FeGarciaLo_SMusic_125cdd,PUR_IED_FeGarciaLo_SMusic_125cdd,,,,,
2026-09-12T21:36:08-05:00,PUR_IED_FederalAlema_Exte_50c345,PUR_IED_FederalAlema_Exte_50c345,,,,,
2026-09-12T21:36:08-05:00,PUR_IED_FederalAlema_S31_f18371,PUR_IED_FederalAlema_S31_f18371,,,,,
2026-09-12T21:36:08-05:00,PUR_IED_FederalAlema_S901_a62cd,PUR_IED_FederalAlema_S901_a62cd,,,,,
2026-09-12T21:36:08-05:00,PUR_IED_FilarmonicaS_A5_f35eb1,PUR_IED_FilarmonicaS_A5_f35eb1,,,,,
2026-09-12T21:36:08-05:00,PUR_IED_FilarmonicaS_Ext_8a3bde,PUR_IED_FilarmonicaS_Ext_8a3bde,,,,,
2026-09-12T21:36:08-05:00,PUR_IED_FilarmonicaS_Spol_406114,PUR_IED_FilarmonicaS_Spol_406114,,,,,
2026-09-12T21:36:08-05:00,PUR_IED_FlorentinoG_A13_d1fa59,PUR_IED_FlorentinoG_A13_d1fa59,,,,,
2026-09-12T21:36:08-05:00,PUR_IED_FlorentinoG_Ext_1ce6ce,PUR_IED_FlorentinoG_Ext_1ce6ce,,,,,
2026-09-12T21:36:08-05:00,PUR_IED_FlorentinoG_Idiom_a66aac,PUR_IED_FlorentinoG_Idiom_a66aac,,,,,
2026-09-12T21:36:08-05:00,PUR_IED_FranciscoMati_Ext_e3869d,PUR_IED_FranciscoMati_Ext_e3869d,,,,,
2026-09-12T21:36:08-05:00,PUR_IED_FranciscoMati_S13_f31c67,PUR_IED_FranciscoMati_S13_f31c67,,,,,
2026-09-12T21:36:08-05:00,PUR_IED_FranciscoMati_S14_97dead,PUR_IED_FranciscoMati_S14_97dead,,,,,
2026-09-12T21:36:08-05:00,PUR_IED_FranciscoPS_Ext_7bfa9a,PUR_IED_FranciscoPS_Ext_7bfa9a,3,20,60,4.5899,-74.110397
2026-09-12T21:36:08-05:00,PUR_IED_FranciscoPS_Infor_fb8f4c,PUR_IED_FranciscoPS_Infor_fb8f4c,,,,,
2026-09-12T21:36:08-05:00,PUR_IED_FranciscoPS_Quimi_94d39c,PUR_IED_FranciscoPS_Quimi_94d39c,,,,,
2026-09-12T21:36:08-05:00,PUR_IED_FranciscoP_LabQ_d7e148,PUR_IED_FranciscoP_LabQ_d7e148,,,,,
2026-09-12T21:36:08-05:00,PUR_IED_FranciscoP_S28_cf9b30,PUR_IED_FranciscoP_S28_cf9b30,,,,,
2026-09-12T21:36:08-05:00,PUR_IED_FranciscoP_ext_e2313,PUR_IED_FranciscoP_ext_e2313,,,,,
2026-09-12T21:36:08-05:00,PUR_IED_FriederichN_Ext_8ac92a,PUR_IED_FriederichN_Ext_8ac92a,,,,,
2026-09-12T21:36:08-05:00,PUR_IED_FriederichN_S301_dd7e5a,PUR_IED_FriederichN_S301_dd7e5a,,,,,
2026-09-12T21:36:08-05:00,PUR_IED_FriederichN_S308_761f4f,PUR_IED_FriederichN_S308_761f4f,,,,,
2026-09-12T21:36:08-05:00,PUR_IED_GSantander_Aula10_533dd7,PUR_IED_GSantander_Aula10_533dd7,,,,,
2026-09-12T21:36:08-05:00,PUR_IED_GSantander_Aula12_fd4e4f,PUR_IED_GSantander_Aula12_fd4e4f,,,,,
2026-09-12T21:36:08-05:00,PUR_IED_GSantander_Aula310_533dd7,PUR_IED_GSantander_Aula310_533dd7,,,,,
2026-09-12T21:36:08-05:00,PUR_IED_GSantander_Aula312_fd4e4f,PUR_IED_GSantander_Aula312_fd4e4f,,,,,
2026-09-12T21:36:08-05:00,PUR_IED_GSantander_Ext_5f66b0,PUR_IED_GSantander_Ext_5f66b0,,,,,
2026-09-12T21:36:08-05:00,PUR_IED_GYomasa_Ext_f6bea5,PUR_IED_GYomasa_Ext_f6bea5,,,,,
2026-09-12T21:36:08-05:00,PUR_IED_GYomasa_LBiol_2c41aa,PUR_IED_GYomasa_LBiol_2c41aa,,,,,
2026-09-12T21:36:08-05:00,PUR_IED_GYomasa_LQuim_33c80,PUR_IED_GYomasa_LQuim_33c80,,,,,
2026-09-12T21:36:08-05:00,PUR_IED_GabBetMejia_Cienc_5a99c,PUR_IED_GabBetMejia_Cienc_5a99c,,,,,
2026-09-12T21:36:08-05:00,PUR_IED_GabBetMejia_Ext_9153d0,PUR_IED_GabBetMejia_Ext_9153d0,,,,,
2026-09-12T21:36:08-05:00,PUR_IED_GabBetMejia_Lab_f55347,PUR_IED_GabBetMejia_Lab_f55347,,,,,
2026-09-12T21:36:08-05:00,PUR_IED_GabBetanMejia_Ext_9153d0,PUR_IED_GabBetanMejia_Ext_9153d0,,,,,
2026-09-12T21:36:08-05:00,PUR_IED_Gaitana_Aula13_7aac11,PUR_IED_Gaitana_Aula13_7aac11,,,,,
2026-09-12T21:36:08-05:00,PUR_IED_Gaitana_Ext_5fcf4,PUR_IED_Gaitana_Ext_5fcf4,,,,,
2026-09-12T21:36:08-05:00,PUR_IED_Gaitana_LabFisica_644448,PUR_IED_Gaitana_LabFisica_644448,,,,,
2026-09-12T21:36:08-05:00,PUR_IED_GenSantander_Dise_8ac858,PUR_IED_GenSantander_Dise_8ac858,,,,,
2026-09-12T21:36:08-05:00,PUR_IED_GenSantander_Ext_8d5dfe,PUR_IED_GenSantander_Ext_8d5dfe,,,,,
2026-09-12T21:36:08-05:00,PUR_IED_GenSantander_Info_6c25b,PUR_IED_GenSantander_Info_6c25b,,,,,
2026-09-12T21:36:08-05:00,PUR_IED_GustavoMo_Exterio_75e63d,PUR_IED_GustavoMo_Exterio_75e63d,,,,,
2026-09-12T21:36:08-05:00,PUR_IED_GustavoMo_LabFisi_224d37,PUR_IED_GustavoMo_LabFisi_224d37,,,,,
2026-09-12T21:36:08-05:00,PUR_IED_GustavoMo_S208_3e6918,PUR_IED_GustavoMo_S208_3e6918,,,,,
2026-09-12T21:36:08-05:00,PUR_IED_GustavoR_A02_8cd4a8,PUR_IED_GustavoR_A02_8cd4a8,,,,,
2026-09-12T21:36:08-05:00,PUR_IED_GustavoR_B11_5b0ed,PUR_IED_GustavoR_B11_5b0ed,,,,,
2026-09-12T21:36:08-05:00,PUR_IED_GustavoR_Ext_7a0c90,PUR_IED_GustavoR_Ext_7a0c90,,,,,
2026-09-12T21:36:08-05:00,PUR_IED_HernandoDuran_Ext_8cd82b,PUR_IED_HernandoDuran_Ext_8cd82b,,,,,
2026-09-12T21:36:08-05:00,PUR_IED_HernandoDuran_S24_2772c6,PUR_IED_HernandoDuran_S24_2772c6,,,,,
2026-09-12T21:36:08-05:00,PUR_IED_HernandoDuran_S30_f2de41,PUR_IED_HernandoDuran_S30_f2de41,,,,,
2026-09-12T21:36:08-05:00,PUR_IED_HolguInUr_S1101_8cd732,PUR_IED_HolguInUr_S1101_8cd732,,,,,
2026-09-12T21:36:08-05:00,PUR_IED_HolguinUr_Exter_ddae6d,PUR_IED_HolguinUr_Exter_ddae6d,,,,,
2026-09-12T21:36:08-05:00,PUR_IED_HolguinUr_LabQuim_92b952,PUR_IED_HolguinUr_LabQuim_92b952,,,,,
2026-09-12T21:36:08-05:00,PUR_IED_Isabel-II_Ext_5245cc,PUR_IED_Isabel-II_Ext_5245cc,6,19,58,4.6336,-74.153
2026-09-12T21:36:08-05:00,PUR_IED_Isabel-II_S_idiom_1c29aa,PUR_IED_Isabel-II_S_idiom_1c29aa,,,,,
2026-09-12T21:36:08-05:00,PUR_IED_Isabel-II_S_infor_fd741,PUR_IED_Isabel-II_S_infor_fd741,,,,,
2026-09-12T21:36:08-05:00,PUR_IED_IsidroSur_Exterio_5b90ea,PUR_IED_IsidroSur_Exterio_5b90ea,,,,,
2026-09-12T21:36:08-05:00,PUR_IED_IsidroSur_LabTec_56697a,PUR_IED_IsidroSur_LabTec_56697a,,,,,
2026-09-12T21:36:08-05:00,PUR_IED_IsidroSur_Robotic_b7c38f,PUR_IED_IsidroSur_Robotic_b7c38f,,,,,
2026-09-12T21:36:08-05:00,PUR_IED_IsmaelPerd_Ext_7b6672,PUR_IED_IsmaelPerd_Ext_7b6672,,,,,
2026-09-12T21:36:08-05:00,PUR_IED_IsmaelPerd_Inform_306540,PUR_IED_IsmaelPerd_Inform_306540,,,,,
2026-09-12T21:36:08-05:00,PUR_IED_IsmaelPerd_S30_2e2c83,PUR_IED_IsmaelPerd_S30_2e2c83,,,,,
2026-09-12T21:36:08-05:00,PUR_IED_JLozano_Exter_432910,PUR_IED_JLozano_Exter_432910,,,,,
2026-09-12T21:36:08-05:00,PUR_IED_JLozano_salaMulti_df5125,PUR_IED_JLozano_salaMulti_df5125,,,,,
2026-09-12T21:36:08-05:00,PUR_IED_JMCordoba_206_86f80b,PUR_IED_JMCordoba_206_86f80b,,,,,
2026-09-12T21:36:08-05:00,PUR_IED_JMCordoba_Ext_27ad97,PUR_IED_JMCordoba_Ext_27ad97,,,,,
2026-09-12T21:36:08-05:00,PUR_IED_JMCordoba_S310_d59ab4,PUR_IED_JMCordoba_S310_d59ab4,,,,,
2026-09-12T21:36:08-05:00,PUR_IED_Japon_Ext_549100,PUR_IED_Japon_Ext_549100,,,,,
2026-09-12T21:36:08-05:00,PUR_IED_Japon_Laboratorio_bec51d,PUR_IED_Japon_Laboratorio_bec51d,,,,,
2026-09-12T21:36:08-05:00,PUR_IED_Japon_informatica_d99327,PUR_IED_Japon_informatica_d99327,,,,,
2026-09-12T21:36:08-05:00,PUR_IED_Jazmin_Ext_d27bda,PUR_IED_Jazmin_Ext_d27bda,,,,,
2026-09-12T21:36:08-05:00,PUR_IED_Jazmin_Fisica_8d14d7,PUR_IED_Jazmin_Fisica_8d14d7,,,,,
2026-09-12T21:36:08-05:00,PUR_IED_Jazmin_Quimica_801cb5,PUR_IED_Jazmin_Quimica_801cb5,,,,,
2026-09-12T21:36:08-05:00,PUR_IED_JorgeGaitan_Exter_f098d1,PUR_IED_JorgeGaitan_Exter_f098d1,,,,,
2026-09-12T21:36:08-05:00,PUR_IED_JorgeGaitan_STec1_dc9d1d,PUR_IED_JorgeGaitan_STec1_dc9d1d,,,,,
2026-09-12T21:36:08-05:00,PUR_IED_JorgeGaitan_STec2_281e69,PUR_IED_JorgeGaitan_STec2_281e69,,,,,
2026-09-12T21:36:08-05:00,PUR_IED_JorgeSoto_Exterio_d9d0a2,PUR_IED_JorgeSoto_Exterio_d9d0a2,,,,,
2026-09-12T21:36:08-05:00,PUR_IED_JorgeSoto_LabFisi_209c54,PUR_IED_JorgeSoto_LabFisi_209c54,,,,,
2026-09-12T21:36:08-05:00,PUR_IED_JorgeSoto_S103_27b51a,PUR_IED_JorgeSoto_S103_27b51a,,,,,
2026-09-12T21:36:08-05:00,PUR_IED_JoseAcevedo_A02_e965eb,PUR_IED_JoseAcevedo_A02_e965eb,,,,,
2026-09-12T21:36:08-05:00,PUR_IED_JoseAcevedo_A07_dd5b4,PUR_IED_JoseAcevedo_A07_dd5b4,,,,,
2026-09-12T21:36:08-05:00,PUR_IED_JoseAcevedo_Ext_b47484,PUR_IED_JoseAcevedo_Ext_b47484,,,,,
2026-09-12T21:36:08-05:00,PUR_IED_JoseMarti_Exte_5b9bf,PUR_IED_JoseMarti_Exte_5b9bf,,,,,
2026-09-12T21:36:08-05:00,PUR_IED_JoseMarti_LabQuim_1c6c2d,PUR_IED_JoseMarti_LabQuim_1c6c2d,,,,,
2026-09-12T21:36:08-05:00,PUR_IED_JoseMarti_S_info_f5f177,PUR_IED_JoseMarti_S_info_f5f177,,,,,
2026-09-12T21:36:08-05:00,PUR_IED_Josejoaquin_Ext_dfc5dc,PUR_IED_Josejoaquin_Ext_dfc5dc,,,,,
2026-09-12T21:36:08-05:00,PUR_IED_Josejoaquin_S05_5b2a96,PUR_IED_Josejoaquin_S05_5b2a96,,,,,
2026-09-12T21:36:08-05:00,PUR_IED_Josejoaquin_S06_1ce7d2,PUR_IED_Josejoaquin_S06_1ce7d2,,,,,
2026-09-12T21:36:08-05:00,PUR_IED_JulioFlorez_Danza_9b82dd,PUR_IED_JulioFlorez_Danza_9b82dd,,,,,
2026-09-12T21:36:08-05:00,PUR_IED_JulioFlorez_Exter_f9f314,PUR_IED_JulioFlorez_Exter_f9f314,,,,,
2026-09-12T21:36:08-05:00,PUR_IED_JulioFlorez_info2_6b6e08,PUR_IED_JulioFlorez_info2_6b6e08,,,,,
2026-09-12T21:36:08-05:00,PUR_IED_LaBelleza_Aula13_1d00d8,PUR_IED_LaBelleza_Aula13_1d00d8,,,,,
2026-09-12T21:36:08-05:00,PUR_IED_LaBelleza_Ext_7bc08c,PUR_IED_LaBelleza_Ext_7bc08c,,,,,
2026-09-12T21:36:08-05:00,PUR_IED_LaChucua_Ext_8cd6d2,PUR_IED_LaChucua_Ext_8cd6d2,,,,,
2026-09-12T21:36:08-05:00,PUR_IED_LaChucua_S15_f578ce,PUR_IED_LaChucua_S15_f578ce,,,,,
2026-09-12T21:36:08-05:00,PUR_IED_LaChucua_S16_eebcf9,PUR_IED_LaChucua_S16_eebcf9,,,,,
2026-09-12T21:36:08-05:00,PUR_IED_LaFelicidad_Ext_fb5109,PUR_IED_LaFelicidad_Ext_fb5109,,,,,
2026-09-12T21:36:08-05:00,PUR_IED_LaMerced_206_66ebd,PUR_IED_LaMerced_206_66ebd,,,,,
2026-09-12T21:36:08-05:00,PUR_IED_LaMerced_207_6ebd6,PUR_IED_LaMerced_207_6ebd6,,,,,
2026-09-12T21:36:08-05:00,PUR_IED_LaMerced_ext_304311,PUR_IED_LaMerced_ext_304311,,,,,
2026-09-12T21:36:08-05:00,PUR_IED_Laureano_CiencNat_281e5e,PUR_IED_Laureano_CiencNat_281e5e,,,,,
2026-09-12T21:36:08-05:00,PUR_IED_Laureano_Comedor_f65c0a,PUR_IED_Laureano_Comedor_f65c0a,,,,,
2026-09-12T21:36:08-05:00,PUR_IED_Laureano_Exterior_7ab011,PUR_IED_Laureano_Exterior_7ab011,,,,,
2026-09-12T21:36:08-05:00,PUR_IED_LeonGreiff_Exte_dfe560,PUR_IED_LeonGreiff_Exte_dfe560,,,,,
2026-09-12T21:36:08-05:00,PUR_IED_LeonGreiff_S210_f264ed,PUR_IED_LeonGreiff_S210_f264ed,,,,,
2026-09-12T21:36:08-05:00,PUR_IED_LeonGreiff_SQuimi_e8296f,PUR_IED_LeonGreiff_SQuimi_e8296f,,,,,
2026-09-12T21:36:08-05:00,PUR_IED_LlanoOrientalS208_7b9fcd,PUR_IED_LlanoOrientalS208_7b9fcd,,,,,
2026-09-12T21:36:08-05:00,PUR_IED_LlanoOriental_Ext_fb3766,PUR_IED_LlanoOriental_Ext_fb3766,,,,,
2026-09-12T21:36:08-05:00,PUR_IED_LlanoOriental_S208_7b9fcd,PUR_IED_LlanoOriental_S208_7b9fcd,,,,,
2026-09-12T21:36:08-05:00,PUR_IED_LlanoOriental_S9_27b378,PUR_IED_LlanoOriental_S9_27b378,,,,,
2026-09-12T21:36:08-05:00,PUR_IED_LosTejares_1101_477602,PUR_IED_LosTejares_1101_477602,,,,,
2026-09-12T21:36:08-05:00,PUR_IED_LosTejares_11_d2c595,PUR_IED_LosTejares_11_d2c595,,,,,
2026-09-12T21:36:08-05:00,PUR_IED_LosTejares_12_477602,PUR_IED_LosTejares_12_477602,,,,,
2026-09-12T21:36:08-05:00,PUR_IED_LosTejares_Ext_8e2115,PUR_IED_LosTejares_Ext_8e2115,,,,,
2026-09-12T21:36:08-05:00,PUR_IED_MagdalenaO_B202_5ddda3,PUR_IED_MagdalenaO_B202_5ddda3,,,,,
2026-09-12T21:36:08-05:00,PUR_IED_MagdalenaO_B205_fb76e8,PUR_IED_MagdalenaO_B205_fb76e8,,,,,
2026-09-12T21:36:08-05:00,PUR_IED_MagdalenaO_ext_dc69cd,PUR_IED_MagdalenaO_ext_dc69cd,,,,,
2026-09-12T21:36:08-05:00,PUR_IED_ManueCepeda_artes_eee956,PUR_IED_ManueCepeda_artes_eee956,,,,,
2026-09-12T21:36:08-05:00,PUR_IED_ManuelCepeda_Ext_58313,PUR_IED_ManuelCepeda_Ext_58313,,,,,
2026-09-12T21:36:08-05:00,PUR_IED_ManuelCepeda_tec_1c5731,PUR_IED_ManuelCepeda_tec_1c5731,,,,,
2026-09-12T21:36:08-05:00,PUR_IED_ManuelS_Exterior_5b269,PUR_IED_ManuelS_Exterior_5b269,,,,,
2026-09-12T21:36:08-05:00,PUR_IED_ManuelS_Inform_f369ce,PUR_IED_ManuelS_Inform_f369ce,,,,,
2026-09-12T21:36:08-05:00,PUR_IED_ManuelS_SArtes_7d15f1,PUR_IED_ManuelS_SArtes_7d15f1,,,,,
2026-09-12T21:36:08-05:00,PUR_IED_ManuelZapata_303_3ca6,PUR_IED_ManuelZapata_303_3ca6,,,,,
2026-09-12T21:36:08-05:00,PUR_IED_ManuelZapata_311_bfbabc,PUR_IED_ManuelZapata_311_bfbabc,,,,,
2026-09-12T21:36:08-05:00,PUR_IED_ManuelZapata_Ext_50824a,PUR_IED_ManuelZapata_Ext_50824a,,,,,
2026-09-12T21:36:08-05:00,PUR_IED_ManuelitaS_Exteri_656a92,PUR_IED_ManuelitaS_Exteri_656a92,,,,,
2026-09-12T21:36:08-05:00,PUR_IED_ManuelitaS_JuzgDe_f58ec3,PUR_IED_ManuelitaS_JuzgDe_f58ec3,,,,,
2026-09-12T21:36:08-05:00,PUR_IED_ManuelitaS_Recrea_d793db,PUR_IED_ManuelitaS_Recrea_d793db,,,,,
2026-09-12T21:36:08-05:00,PUR_IED_MarFidSuarez_Ext_c27b19,PUR_IED_MarFidSuarez_Ext_c27b19,,,,,
2026-09-12T21:36:08-05:00,PUR_IED_MarFidSuarez_Info_e384d7,PUR_IED_MarFidSuarez_Info_e384d7,,,,,
2026-09-12T21:36:08-05:00,PUR_IED_MarFidSuarez_S306_1d0032,PUR_IED_MarFidSuarez_S306_1d0032,,,,,
2026-09-12T21:36:08-05:00,PUR_IED_Menorah_301_2a25a3,PUR_IED_Menorah_301_2a25a3,,,,,
2026-09-12T21:36:08-05:00,PUR_IED_Menorah_306_37ed3,PUR_IED_Menorah_306_37ed3,,,,,
2026-09-12T21:36:08-05:00,PUR_IED_Menorah_Ext_3e155b,PUR_IED_Menorah_Ext_3e155b,,,,,
2026-09-12T21:36:08-05:00,PUR_IED_MinutoB.Aires_A11_1b1604,PUR_IED_MinutoB.Aires_A11_1b1604,,,,,
2026-09-12T21:36:08-05:00,PUR_IED_MinutoB.Aires_A12_fb5860,PUR_IED_MinutoB.Aires_A12_fb5860,,,,,
2026-09-12T21:36:08-05:00,PUR_IED_MinutoB.Aires_Ext_81293f,PUR_IED_MinutoB.Aires_Ext_81293f,,,,,
2026-09-12T21:36:08-05:00,PUR_IED_MinutoBAires_A11_1b1604,PUR_IED_MinutoBAires_A11_1b1604,,,,,
2026-09-12T21:36:08-05:00,PUR_IED_MinutoBAires_A12_fb5860,PUR_IED_MinutoBAires_A12_fb5860,,,,,
2026-09-12T21:36:08-05:00,PUR_IED_MinutoBAires_Ext_81293f,PUR_IED_MinutoBAires_Ext_81293f,,,,,
2026-09-12T21:36:08-05:00,PUR_IED_Montreal_Aula10_1e4959,PUR_IED_Montreal_Aula10_1e4959,,,,,
2026-09-12T21:36:08-05:00,PUR_IED_Montreal_Aula6_300367,PUR_IED_Montreal_Aula6_300367,,,,,
2026-09-12T21:36:08-05:00,PUR_IED_Montreal_Exterior_91a179,PUR_IED_Montreal_Exterior_91a179,,,,,
2026-09-12T21:36:08-05:00,PUR_IED_Mqgdalena_B202_5ddda3,PUR_IED_Mqgdalena_B202_5ddda3,,,,,
2026-09-12T21:36:08-05:00,PUR_IED_NACUND_Soc_dc8728,PUR_IED_NACUND_Soc_dc8728,,,,,
2026-09-12T21:36:08-05:00,PUR_IED_NACUND_ext_27ad97,PUR_IED_NACUND_ext_27ad97,,,,,
2026-09-12T21:36:08-05:00,PUR_IED_NEsperanza_Ext_d24b61,PUR_IED_NEsperanza_Ext_d24b61,,,,,
2026-09-12T21:36:08-05:00,PUR_IED_NEsperanza_SElect_7d1807,PUR_IED_NEsperanza_SElect_7d1807,,,,,
2026-09-12T21:36:08-05:00,PUR_IED_NEsperanza_SLabor_8b2d0a,PUR_IED_NEsperanza_SLabor_8b2d0a,,,,,
2026-09-12T21:36:08-05:00,PUR_IED_NacionesU_Ext_f661a9,PUR_IED_NacionesU_Ext_f661a9,,,,,
2026-09-12T21:36:08-05:00,PUR_IED_NacionesU_Quimica_66f0a,PUR_IED_NacionesU_Quimica_66f0a,,,,,
2026-09-12T21:36:08-05:00,PUR_IED_NacionesU_S306_1b4b3d,PUR_IED_NacionesU_S306_1b4b3d,,,,,
2026-09-12T21:36:08-05:00,PUR_IED_NestorFA_Ext_e4201c,PUR_IED_NestorFA_Ext_e4201c,,,,,
2026-09-12T21:36:08-05:00,PUR_IED_NestorFA_Laborato_f22fe0,PUR_IED_NestorFA_Laborato_f22fe0,,,,,
2026-09-12T21:36:08-05:00,PUR_IED_NestorFA_S204_dee996,PUR_IED_NestorFA_S204_dee996,,,,,
2026-09-12T21:36:08-05:00,PUR_IED_NidyaQT_Aula03_76999b,PUR_IED_NidyaQT_Aula03_76999b,,,,,
2026-09-12T21:36:08-05:00,PUR_IED_NidyaQT_Aula10_56325,PUR_IED_NidyaQT_Aula10_56325,,,,,
2026-09-12T21:36:08-05:00,PUR_IED_NidyaQT_Ext_46e32d,PUR_IED_NidyaQT_Ext_46e32d,,,,,
2026-09-12T21:36:08-05:00,PUR_IED_NuevaCol_Exterior_d9b859,PUR_IED_NuevaCol_Exterior_d9b859,,,,,
2026-09-12T21:36:08-05:00,PUR_IED_NuevaCol_S1101_76c43b,PUR_IED_NuevaCol_S1101_76c43b,,,,,
2026-09-12T21:36:08-05:00,PUR_IED_NuevaCol_S1102_1ce0b5,PUR_IED_NuevaCol_S1102_1ce0b5,,,,,
2026-09-12T21:36:08-05:00,PUR_IED_OEA_A202_f7e3f2,PUR_IED_OEA_A202_f7e3f2,,,,,
2026-09-12T21:36:08-05:00,PUR_IED_OEA_A203_7d1b8d,PUR_IED_OEA_A203_7d1b8d,,,,,
2026-09-12T21:36:08-05:00,PUR_IED_OEA_Ext_27b593,PUR_IED_OEA_Ext_27b593,,,,,
2026-09-12T21:36:08-05:00,PUR_IED_Ochoa_Ext_1c29da,PUR_IED_Ochoa_Ext_1c29da,,,,,
2026-09-12T21:36:08-05:00,PUR_IED_Ochoa_S205_8b1121,PUR_IED_Ochoa_S205_8b1121,,,,,
2026-09-12T21:36:08-05:00,PUR_IED_Ochoa_Sistemas_f33af6,PUR_IED_Ochoa_Sistemas_f33af6,,,,,
2026-09-12T21:36:08-05:00,PUR_IED_PQuebec_Ext_1c67c7,PUR_IED_PQuebec_Ext_1c67c7,,,,,
2026-09-12T21:36:08-05:00,PUR_IED_PQuebec_S15_23e8e2,PUR_IED_PQuebec_S15_23e8e2,,,,,
2026-09-12T21:36:08-05:00,PUR_IED_PQuebec_S16_8ec76b,PUR_IED_PQuebec_S16_8ec76b,,,,,
2026-09-12T21:36:08-05:00,PUR_IED_PabloN_Ext_49dc96,PUR_IED_PabloN_Ext_49dc96,,,,,
2026-09-12T21:36:08-05:00,PUR_IED_PabloN_S1102_4e3df5,PUR_IED_PabloN_S1102_4e3df5,,,,,
2026-09-12T21:36:08-05:00,PUR_IED_PabloN_S1103_50c94b,PUR_IED_PabloN_S1103_50c94b,,,,,
2026-09-12T21:36:08-05:00,PUR_IED_Palestina_S1101_db9198,PUR_IED_Palestina_S1101_db9198,,,,,
2026-09-12T21:36:08-05:00,PUR_IED_Palestina_S1102_dc54fa,PUR_IED_Palestina_S1102_dc54fa,,,,,
2026-09-12T21:36:08-05:00,PUR_IED_Palestina_ext_4ccce6,PUR_IED_Palestina_ext_4ccce6,,,,,
2026-09-12T21:36:08-05:00,PUR_IED_Panama_Fisica_4d0794,PUR_IED_Panama_Fisica_4d0794,,,,,
2026-09-12T21:36:08-05:00,PUR_IED_Panama_SIngles_a4077e,PUR_IED_Panama_SIngles_a4077e,,,,,
2026-09-12T21:36:08-05:00,PUR_IED_Panama_ext_4c54b4,PUR_IED_Panama_ext_4c54b4,,,,,
2026-09-12T21:36:08-05:00,PUR_IED_ParaisoM_Exterior_8cd7f0,PUR_IED_ParaisoM_Exterior_8cd7f0,,,,,
2026-09-12T21:36:08-05:00,PUR_IED_ParaisoM_Laborato_27af35,PUR_IED_ParaisoM_Laborato_27af35,,,,,
2026-09-12T21:36:08-05:00,PUR_IED_ParaisoM_S304_d1edca,PUR_IED_ParaisoM_S304_d1edca,,,,,
2026-09-12T21:36:08-05:00,PUR_IED_PorfirioBarba_Ext_301466,PUR_IED_PorfirioBarba_Ext_301466,,,,,
2026-09-12T21:36:08-05:00,PUR_IED_PorfirioBarba_S11_df6cd2,PUR_IED_PorfirioBarba_S11_df6cd2,,,,,
2026-09-12T21:36:08-05:00,PUR_IED_PorfirioBarba_S29_27a7d6,PUR_IED_PorfirioBarba_S29_27a7d6,,,,,
2026-09-12T21:36:08-05:00,PUR_IED_PradoV_Exter_8b27ad,PUR_IED_PradoV_Exter_8b27ad,,,,,
2026-09-12T21:36:08-05:00,PUR_IED_PradoV_S301_de65b5,PUR_IED_PradoV_S301_de65b5,,,,,
2026-09-12T21:36:08-05:00,PUR_IED_PradoV_S302_7d2593,PUR_IED_PradoV_S302_7d2593,,,,,
2026-09-12T21:36:08-05:00,PUR_IED_QuirogaAlz_Ext_1ddc82,PUR_IED_QuirogaAlz_Ext_1ddc82,,,,,
2026-09-12T21:36:08-05:00,PUR_IED_QuirogaAlz_S302_9926a3,PUR_IED_QuirogaAlz_S302_9926a3,,,,,
2026-09-12T21:36:08-05:00,PUR_IED_QuirogaAlz_S305_cdf1f1,PUR_IED_QuirogaAlz_S305_cdf1f1,,,,,
2026-09-12T21:36:08-05:00,PUR_IED_RGuatemala_Biling_dc53b7,PUR_IED_RGuatemala_Biling_dc53b7,,,,,
2026-09-12T21:36:08-05:00,PUR_IED_RGuatemala_Ext_1b89a3,PUR_IED_RGuatemala_Ext_1b89a3,,,,,
2026-09-12T21:36:08-05:00,PUR_IED_RGuatemala_Tecnol_281a34,PUR_IED_RGuatemala_Tecnol_281a34,,,,,
2026-09-12T21:36:08-05:00,PUR_IED_RafaNu_Ext_f7c302,PUR_IED_RafaNu_Ext_f7c302,,,,,
2026-09-12T21:36:08-05:00,PUR_IED_RafaNu_S1101_25fde,PUR_IED_RafaNu_S1101_25fde,,,,,
2026-09-12T21:36:08-05:00,PUR_IED_RafaNu_S1102_281517,PUR_IED_RafaNu_S1102_281517,,,,,
2026-09-12T21:36:08-05:00,PUR_IED_RafaelB_S305_ee2783,PUR_IED_RafaelB_S305_ee2783,,,,,
2026-09-12T21:36:08-05:00,PUR_IED_RafaelB_S306_75fe33,PUR_IED_RafaelB_S306_75fe33,,,,,
2026-09-12T21:36:08-05:00,PUR_IED_RafaelB_ext_283336,PUR_IED_RafaelB_ext_283336,3,18,61,4.6722,-74.0737
2026-09-12T21:36:08-05:00,PUR_IED_RafaelUU_Exterior_281a51,PUR_IED_RafaelUU_Exterior_281a51,,,,,
2026-09-12T21:36:08-05:00,PUR_IED_RafaelUU_Human_806b2,PUR_IED_RafaelUU_Human_806b2,,,,,
2026-09-12T21:36:08-05:00,PUR_IED_RafaelUU_Mate2_5680d4,PUR_IED_RafaelUU_Mate2_5680d4,,,,,
2026-09-12T21:36:08-05:00,PUR_IED_RamonSub_Ext_f9eeb9,PUR_IED_RamonSub_Ext_f9eeb9,,,,,
2026-09-12T21:36:08-05:00,PUR_IED_RamonSub_Media_d1f62f,PUR_IED_RamonSub_Media_d1f62f,,,,,
2026-09-12T21:36:08-05:00,PUR_IED_RamonSub_planta_51b82,PUR_IED_RamonSub_planta_51b82,,,,,
2026-09-12T21:36:08-05:00,PUR_IED_RepBoliVene_Exter_27af7c,PUR_IED_RepBoliVene_Exter_27af7c,,,,,
2026-09-12T21:36:08-05:00,PUR_IED_RepBoliVene_SCPT_5ae2ee,PUR_IED_RepBoliVene_SCPT_5ae2ee,,,,,
2026-09-12T21:36:08-05:00,PUR_IED_RepBoliVene_Socia_4b11d5,PUR_IED_RepBoliVene_Socia_4b11d5,,,,,
2026-09-12T21:36:08-05:00,PUR_IED_RepChina_Ext_76d9ee,PUR_IED_RepChina_Ext_76d9ee,,,,,
2026-09-12T21:36:08-05:00,PUR_IED_RepChina_S404_7c804c,PUR_IED_RepChina_S404_7c804c,,,,,
2026-09-12T21:36:08-05:00,PUR_IED_RepChina_S405_df2c33,PUR_IED_RepChina_S405_df2c33,,,,,
2026-09-12T21:36:08-05:00,PUR_IED_RepublicaC_Exteri_7d1ec9,PUR_IED_RepublicaC_Exteri_7d1ec9,,,,,
2026-09-12T21:36:08-05:00,PUR_IED_RepublicaC_S1101_f544b3,PUR_IED_RepublicaC_S1101_f544b3,,,,,
2026-09-12T21:36:08-05:00,PUR_IED_RepublicaC_S1102_7aafc7,PUR_IED_RepublicaC_S1102_7aafc7,,,,,
2026-09-12T21:36:08-05:00,PUR_IED_Ricaurte_Externo_a0ea1,PUR_IED_Ricaurte_Externo_a0ea1,,,,,
2026-09-12T21:36:08-05:00,PUR_IED_Ricaurte_S210_f546fd,PUR_IED_Ricaurte_S210_f546fd,,,,,
2026-09-12T21:36:08-05:00,PUR_IED_Ricaurte_S309_d4452,PUR_IED_Ricaurte_S309_d4452,,,,,
2026-09-12T21:36:08-05:00,PUR_IED_RogelioS_1102_531e69,PUR_IED_RogelioS_1102_531e69,,,,,
2026-09-12T21:36:08-05:00,PUR_IED_RogelioS_Ext_f25a18,PUR_IED_RogelioS_Ext_f25a18,,,,,
2026-09-12T21:36:08-05:00,PUR_IED_SBernardino_Ext_27aff8,PUR_IED_SBernardino_Ext_27aff8,,,,,
2026-09-12T21:36:08-05:00,PUR_IED_SBernardino_SArte_2ffd33,PUR_IED_SBernardino_SArte_2ffd33,,,,,
2026-09-12T21:36:08-05:00,PUR_IED_SBernardino_SIngl_7c7da5,PUR_IED_SBernardino_SIngl_7c7da5,,,,,
2026-09-12T21:36:08-05:00,PUR_IED_Sago_auditorio_dc9d1d,PUR_IED_Sago_auditorio_dc9d1d,,,,,
2026-09-12T21:36:08-05:00,PUR_IED_Saludcoop_Ext_95aac3,PUR_IED_Saludcoop_Ext_95aac3,,,,,
2026-09-12T21:36:08-05:00,PUR_IED_Saludcoop_InfI_90c854,PUR_IED_Saludcoop_InfI_90c854,,,,,
2026-09-12T21:36:08-05:00,PUR_IED_Saludcoop_SMedia_1b93be,PUR_IED_Saludcoop_SMedia_1b93be,,,,,
2026-09-12T21:36:08-05:00,PUR_IED_SanCarlos_1101_1a2360,PUR_IED_SanCarlos_1101_1a2360,,,,,
2026-09-12T21:36:08-05:00,PUR_IED_SanCarlos_1103_7bafb5,PUR_IED_SanCarlos_1103_7bafb5,,,,,
2026-09-12T21:36:08-05:00,PUR_IED_SanCarlos_Ext_b7cd1,PUR_IED_SanCarlos_Ext_b7cd1,,,,,
2026-09-12T21:36:08-05:00,PUR_IED_SanIgnacioBosa11a_50c26e,PUR_IED_SanIgnacioBosa11a_50c26e,,,,,
2026-09-12T21:36:08-05:00,PUR_IED_SanIgnacioBosa11b_371de8,PUR_IED_SanIgnacioBosa11b_371de8,,,,,
2026-09-12T21:36:08-05:00,PUR_IED_SanIgnacioBosaExt_ef0ffc,PUR_IED_SanIgnacioBosaExt_ef0ffc,,,,,
2026-09-12T21:36:08-05:00,PUR_IED_SanIgnacioBosa_11a_50c26e,PUR_IED_SanIgnacioBosa_11a_50c26e,,,,,
2026-09-12T21:36:08-05:00,PUR_IED_SanIgnacioBosa_Ext_ef0ffc,PUR_IED_SanIgnacioBosa_Ext_ef0ffc,,,,,
2026-09-12T21:36:08-05:00,PUR_IED_SanJoseN_intS1101_31c47f,PUR_IED_SanJoseN_intS1101_31c47f,,,,,
2026-09-12T21:36:08-05:00,PUR_IED_SanJoseUsm_Exter_f5d7e8,PUR_IED_SanJoseUsm_Exter_f5d7e8,,,,,
2026-09-12T21:36:08-05:00,PUR_IED_SanJoseUsm_Int11A_cfdef6,PUR_IED_SanJoseUsm_Int11A_cfdef6,,,,,
2026-09-12T21:36:08-05:00,PUR_IED_SilveriaR_IntB5_905349,PUR_IED_SilveriaR_IntB5_905349,,,,,
2026-09-12T21:36:08-05:00,PUR_IED_SilveriaR_IntSD14_981f93,PUR_IED_SilveriaR_IntSD14_981f93,,,,,
2026-09-12T21:36:08-05:00,PUR_IED_SilveriaR_ext_2b651d,PUR_IED_SilveriaR_ext_2b651d,,,,,
2026-09-12T21:36:08-05:00,PUR_IED_SimonB_Exterior_913975,PUR_IED_SimonB_Exterior_913975,,,,,
2026-09-12T21:36:08-05:00,PUR_IED_SimonB_LabQuimi_c56908,PUR_IED_SimonB_LabQuimi_c56908,,,,,
2026-09-12T21:36:08-05:00,PUR_IED_SimonB_informatic_a28c1,PUR_IED_SimonB_informatic_a28c1,,,,,
2026-09-12T21:36:08-05:00,PUR_IED_Sorrento_1102_315f50,PUR_IED_Sorrento_1102_315f50,,,,,
2026-09-12T21:36:08-05:00,PUR_IED_Sorrento_Minte_214eab,PUR_IED_Sorrento_Minte_214eab,,,,,
2026-09-12T21:36:08-05:00,PUR_IED_Sorrento_ext_7c3a0a,PUR_IED_Sorrento_ext_7c3a0a,,,,,
2026-09-12T21:36:08-05:00,PUR_IED_Tabora_Ext_f048ae,PUR_IED_Tabora_Ext_f048ae,,,,,
2026-09-12T21:36:08-05:00,PUR_IED_Tabora_S1102_b07752,PUR_IED_Tabora_S1102_b07752,,,,,
2026-09-12T21:36:08-05:00,PUR_IED_Tabora_S1103_d988f5,PUR_IED_Tabora_S1103_d988f5,,,,,
2026-09-12T21:36:08-05:00,PUR_IED_Tenerife_Ext_1ab188,PUR_IED_Tenerife_Ext_1ab188,,,,,
2026-09-12T21:36:08-05:00,PUR_IED_Tenerife_SDanzas_7bc02e,PUR_IED_Tenerife_SDanzas_7bc02e,,,,,
2026-09-12T21:36:08-05:00,PUR_IED_Tenerife_SIngles_7cc277,PUR_IED_Tenerife_SIngles_7cc277,,,,,
2026-09-12T21:36:08-05:00,PUR_IED_Tibabuyes_Exter_f2683d,PUR_IED_Tibabuyes_Exter_f2683d,,,,,
2026-09-12T21:36:08-05:00,PUR_IED_Tibabuyes_S10_dc87a8,PUR_IED_Tibabuyes_S10_dc87a8,,,,,
2026-09-12T21:36:08-05:00,PUR_IED_Tibabuyes_S15_dc0526,PUR_IED_Tibabuyes_S15_dc0526,,,,,
2026-09-12T21:36:08-05:00,PUR_IED_UnionE_S301_a1043,PUR_IED_UnionE_S301_a1043,,,,,
2026-09-12T21:36:08-05:00,PUR_IED_UnionE_S307_ff6c2f,PUR_IED_UnionE_S307_ff6c2f,,,,,
2026-09-12T21:36:08-05:00,PUR_IED_UnionE__Ext_5e2468,PUR_IED_UnionE__Ext_5e2468,,,,,
2026-09-12T21:36:08-05:00,PUR_IED_VillaRica_Ext_75be7c,PUR_IED_VillaRica_Ext_75be7c,,,,,
2026-09-12T21:36:08-05:00,PUR_IED_VillaRica_S4_cc5dcd,PUR_IED_VillaRica_S4_cc5dcd,,,,,
2026-09-12T21:36:08-05:00,PUR_IED_VillaRica_Sesp_99f5c,PUR_IED_VillaRica_Sesp_99f5c,,,,,
2026-09-12T21:41:07-05:00,PUR_IED_20deJulio_1101_91b1b9,PUR_IED_20deJulio_1101_91b1b9,,,,,
2026-09-12T21:41:07-05:00,PUR_IED_20deJulio_1102_1cfcf9,PUR_IED_20deJulio_1102_1cfcf9,,,,,
2026-09-12T21:41:07-05:00,PUR_IED_20deJulio_Ext_ab60bd,PUR_IED_20deJulio_Ext_ab60bd,,,,,
2026-09-12T21:41:07-05:00,PUR_IED_AgustinFer_Ext_7b9b77,PUR_IED_AgustinFer_Ext_7b9b77,,,,,
2026-09-12T21:41:07-05:00,PUR_IED_AgustinFer_Info2_27b3a7,PUR_IED_AgustinFer_Info2_27b3a7,,,,,
2026-09-12T21:41:07-05:00,PUR_IED_AgustinFer_Sena_54b4eb,PUR_IED_AgustinFer_Sena_54b4eb,,,,,
2026-09-12T21:41:07-05:00,PUR_IED_AlexanderF_1102_caf07b,PUR_IED_AlexanderF_1102_caf07b,,,,,
2026-09-12T21:41:07-05:00,PUR_IED_AlexanderF_1103_c79e71,PUR_IED_AlexanderF_1103_c79e71,,,,,
2026-09-12T21:41:07-05:00,PUR_IED_AlexanderF_Ext_c5b18b,PUR_IED_AlexanderF_Ext_c5b18b,,,,,
2026-09-12T21:41:07-05:00,PUR_IED_AlfonsoLopez_Ext_281d77,PUR_IED_AlfonsoLopez_Ext_281d77,,,,,
2026-09-12T21:41:07-05:00,PUR_IED_AlfonsoLopez_LabF_888ce0,PUR_IED_AlfonsoLopez_LabF_888ce0,,,,,
2026-09-12T21:41:07-05:00,PUR_IED_AlfonsoLopez_SMed_df6a7f,PUR_IED_AlfonsoLopez_SMed_df6a7f,,,,,
2026-09-12T21:41:07-05:00,PUR_IED_AltamiraSO_A2_209f92,PUR_IED_AltamiraSO_A2_209f92,,,,,
2026-09-12T21:41:07-05:00,PUR_IED_AltamiraSO_Ext_186d66,PUR_IED_AltamiraSO_Ext_186d66,,,,,
2026-09-12T21:41:07-05:00,PUR_IED_AltamiraSO_Sistem_27afe1,PUR_IED_AltamiraSO_Sistem_27afe1,,,,,
2026-09-12T21:41:07-05:00,PUR_IED_AlvaroGom_LabQuim_813179,PUR_IED_AlvaroGom_LabQuim_813179,,,,,
2026-09-12T21:41:07-05:00,PUR_IED_AlvaroGomez_Ext_47c7ca,PUR_IED_AlvaroGomez_Ext_47c7ca,,,,,
2026-09-12T21:41:07-05:00,PUR_IED_AlvaroGomez_LabQuim_813179,PUR_IED_AlvaroGomez_LabQuim_813179,,,,,
2026-09-12T21:41:07-05:00,PUR_IED_AlvaroGomez_S23_7ba89f,PUR_IED_AlvaroGomez_S23_7ba89f,,,,,
2026-09-12T21:41:07-05:00,PUR_IED_Amistad_306_dc8728,PUR_IED_Amistad_306_dc8728,,,,,
2026-09-12T21:41:07-05:00,PUR_IED_Amistad_Ext_8cd55e,PUR_IED_Amistad_Ext_8cd55e,,,,,
2026-09-12T21:41:07-05:00,PUR_IED_Amistad_S202_a41169,PUR_IED_Amistad_S202_a41169,,,,,
2026-09-12T21:41:07-05:00,PUR_IED_AndresBello_Bio_fd5f5e,PUR_IED_AndresBello_Bio_fd5f5e,,,,,
2026-09-12T21:41:07-05:00,PUR_IED_AndresBello_ext_dcad65,PUR_IED_AndresBello_ext_dcad65,,,,,
2026-09-12T21:41:07-05:00,PUR_IED_AndresBello_port_eed3ec,PUR_IED_AndresBello_port_eed3ec,,,,,
2026-09-12T21:41:07-05:00,PUR_IED_AngelaR_11b_d90a6b,PUR_IED_AngelaR_11b_d90a6b,,,,,
2026-09-12T21:41:07-05:00,PUR_IED_AngelaR_ext_7cad3e,PUR_IED_AngelaR_ext_7cad3e,3,19,62,4.5825,-74.164497
2026-09-12T21:41:07-05:00,PUR_IED_AntJoseSucre_10mo_df2575,PUR_IED_AntJoseSucre_10mo_df2575,,,,,
2026-09-12T21:41:07-05:00,PUR_IED_AntJoseSucre_Ext_215b36,PUR_IED_AntJoseSucre_Ext_215b36,,,,,
2026-09-12T21:41:07-05:00,PUR_IED_AntJoseSucre_Lab_3139de,PUR_IED_AntJoseSucre_Lab_3139de,,,,,
2026-09-12T21:41:07-05:00,PUR_IED_AntonioGarcia_301_d6b188,PUR_IED_AntonioGarcia_301_d6b188,,,,,
2026-09-12T21:41:07-05:00,PUR_IED_AntonioGarcia_302_88a82,PUR_IED_AntonioGarcia_302_88a82,,,,,
2026-09-12T21:41:07-05:00,PUR_IED_AntonioGarcia_Ext_20950c,PUR_IED_AntonioGarcia_Ext_20950c,,,,,
2026-09-12T21:41:07-05:00,PUR_IED_AntonioVan_Aula2_6dea02,PUR_IED_AntonioVan_Aula2_6dea02,,,,,
2026-09-12T21:41:07-05:00,PUR_IED_AntonioVan_Aula5_f1557e,PUR_IED_AntonioVan_Aula5_f1557e,,,,,
2026-09-12T21:41:07-05:00,PUR_IED_AntonioVan_Ext_406f2f,PUR_IED_AntonioVan_Ext_406f2f,,,,,
2026-09-12T21:41:07-05:00,PUR_IED_Atabanzha_Ext_cc5af9,PUR_IED_Atabanzha_Ext_cc5af9,,,,,
2026-09-12T21:41:07-05:00,PUR_IED_Atabanzha_SA101_56c37,PUR_IED_Atabanzha_SA101_56c37,,,,,
2026-09-12T21:41:07-05:00,PUR_IED_Atabanzha_SB302_27b374,PUR_IED_Atabanzha_SB302_27b374,,,,,
2026-09-12T21:41:07-05:00,PUR_IED_Atahualpa_Ext_fc1748,PUR_IED_Atahualpa_Ext_fc1748,,,,,
2026-09-12T21:41:07-05:00,PUR_IED_Atahualpa_Informa_dc9a95,PUR_IED_Atahualpa_Informa_dc9a95,,,,,
2026-09-12T21:41:07-05:00,PUR_IED_Atahualpa_S1101_f98056,PUR_IED_Atahualpa_S1101_f98056,,,,,
2026-09-12T21:41:07-05:00,PUR_IED_Bellavista_Ext_f5aa74,PUR_IED_Bellavista_Ext_f5aa74,,,,,
2026-09-12T21:41:07-05:00,PUR_IED_Bilbao_11A_916c41,PUR_IED_Bilbao_11A_916c41,,,,,
2026-09-12T21:41:07-05:00,PUR_IED_Bilbao_Ext_fb579a,PUR_IED_Bilbao_Ext_fb579a,,,,,
2026-09-12T21:41:07-05:00,PUR_IED_BrasiliaU_A125_304280,PUR_IED_BrasiliaU_A125_304280,,,,,
2026-09-12T21:41:07-05:00,PUR_IED_BrasiliaU_A203_7c8ca5,PUR_IED_BrasiliaU_A203_7c8ca5,,,,,
2026-09-12T21:41:07-05:00,PUR_IED_BrasiliaU_Ext_8d6e9f,PUR_IED_BrasiliaU_Ext_8d6e9f,9,17,64,4.5175,-74.116302
2026-09-12T21:41:07-05:00,PUR_IED_Brasilia_Ext_fe6593,PUR_IED_Brasilia_Ext_fe6593,,,,,
2026-09-12T21:41:07-05:00,PUR_IED_Brasilia_S24_7c130d,PUR_IED_Brasilia_S24_7c130d,,,,,
2026-09-12T21:41:07-05:00,PUR_IED_Brasilia_S501_186a54,PUR_IED_Brasilia_S501_186a54,,,,,
2026-09-12T21:41:07-05:00,PUR_IED_CHARRY_EXT_f1d5cd,PUR_IED_CHARRY_EXT_f1d5cd,,,,,
2026-09-12T21:41:07-05:00,PUR_IED_CHARRY_INTDANZAS_7a08e6,PUR_IED_CHARRY_INTDANZAS_7a08e6,,,,,
2026-09-12T21:41:07-05:00,PUR_IED_CHARRY_INT_AULA20_dc998d,PUR_IED_CHARRY_INT_AULA20_dc998d,,,,,
2026-09-12T21:41:07-05:00,PUR_IED_COLVIV_1101_S25_7f520a,PUR_IED_COLVIV_1101_S25_7f520a,,,,,
2026-09-12T21:41:07-05:00,PUR_IED_COLVIV_1102_S16_f570ba,PUR_IED_COLVIV_1102_S16_f570ba,,,,,
2026-09-12T21:41:07-05:00,PUR_IED_COLVIV_Ext_1a26fa,PUR_IED_COLVIV_Ext_1a26fa,,,,,
2026-09-12T21:41:07-05:00,PUR_IED_CULPOP_301A_f660f3,PUR_IED_CULPOP_301A_f660f3,,,,,
2026-09-12T21:41:07-05:00,PUR_IED_CULPOP_303_568afe,PUR_IED_CULPOP_303_568afe,,,,,
2026-09-12T21:41:07-05:00,PUR_IED_CULPOP_Ext_e02ccb,PUR_IED_CULPOP_Ext_e02ccb,,,,,
2026-09-12T21:41:07-05:00,PUR_IED_CVillavicen_Ext_26eb58,PUR_IED_CVillavicen_Ext_26eb58,5,15,77,4.487,-74.102798
2026-09-12T21:41:07-05:00,PUR_IED_CVillavicen_Intel_1ce5c2,PUR_IED_CVillavicen_Intel_1ce5c2,,,,,
2026-09-12T21:41:07-05:00,PUR_IED_CVillavicen_Poliv_e0766c,PUR_IED_CVillavicen_Poliv_e0766c,,,,,
2026-09-12T21:41:07-05:00,PUR_IED_CVillavicen_int_1ba140,PUR_IED_CVillavicen_int_1ba140,,,,,
2026-09-12T21:41:07-05:00,PUR_IED_CVillavicen_intel_1ba140,PUR_IED_CVillavicen_intel_1ba140,,,,,
2026-09-12T21:41:07-05:00,PUR_IED_CarlosPizarro_Ext_e307cc,PUR_IED_CarlosPizarro_Ext_e307cc,,,,,
2026-09-12T21:41:07-05:00,PUR_IED_CarlosPizarro_L36_7e5cdb,PUR_IED_CarlosPizarro_L36_7e5cdb,,,,,
2026-09-12T21:41:07-05:00,PUR_IED_CarlosPizarro_L37_c8566c,PUR_IED_CarlosPizarro_L37_c8566c,,,,,
2026-09-12T21:41:07-05:00,PUR_IED_Castilla_Ext_cf35f,PUR_IED_Castilla_Ext_cf35f,,,,,
2026-09-12T21:41:07-05:00,PUR_IED_Castilla_SFisik_360e38,PUR_IED_Castilla_SFisik_360e38,,,,,
2026-09-12T21:41:07-05:00,PUR_IED_Castilla_Sc304_496fbf,PUR_IED_Castilla_Sc304_496fbf,,,,,
2026-09-12T21:41:07-05:00,PUR_IED_CervantesSa_Ext_6b57b,PUR_IED_CervantesSa_Ext_6b57b,12,18,67,4.5128,-74.117203
2026-09-12T21:41:07-05:00,PUR_IED_CervantesSa_S107_225c2b,PUR_IED_CervantesSa_S107_225c2b,,,,,
2026-09-12T21:41:07-05:00,PUR_IED_CervantesSa_S108_940925,PUR_IED_CervantesSa_S108_940925,,,,,
2026-09-12T21:41:07-05:00,PUR_IED_Charry_A20_f53e7c,PUR_IED_Charry_A20_f53e7c,,,,,
2026-09-12T21:41:07-05:00,PUR_IED_Charry_Ext_f1d5cd,PUR_IED_Charry_Ext_f1d5cd,,,,,
2026-09-12T21:41:07-05:00,PUR_IED_Charry_IntAula20_dc998d,PUR_IED_Charry_IntAula20_dc998d,,,,,
2026-09-12T21:41:07-05:00,PUR_IED_Charry_IntDanzas_7a08e6,PUR_IED_Charry_IntDanzas_7a08e6,,,,,
2026-09-12T21:41:07-05:00,PUR_IED_ClememciaC_203_43e2fc,PUR_IED_ClememciaC_203_43e2fc,,,,,
2026-09-12T21:41:07-05:00,PUR_IED_ClememciaC_Ext_1b411a,PUR_IED_ClememciaC_Ext_1b411a,,,,,
2026-09-12T21:41:07-05:00,PUR_IED_ClememciaC_Quimic_44b5fc,PUR_IED_ClememciaC_Quimic_44b5fc,,,,,
2026-09-12T21:41:07-05:00,PUR_IED_ClemenciaC_203_43e2fc,PUR_IED_ClemenciaC_203_43e2fc,,,,,
2026-09-12T21:41:07-05:00,PUR_IED_ClemenciaC_Ext_1b411a,PUR_IED_ClemenciaC_Ext_1b411a,,,,,
2026-09-12T21:41:07-05:00,PUR_IED_ClemenciaC_Quimic_44b5fc,PUR_IED_ClemenciaC_Quimic_44b5fc,,,,,
2026-09-12T21:41:07-05:00,PUR_IED_ColViva_1101_S25_7f520a,PUR_IED_ColViva_1101_S25_7f520a,,,,,
2026-09-12T21:41:07-05:00,PUR_IED_ColViva_1102_S16_f570ba,PUR_IED_ColViva_1102_S16_f570ba,,,,,
2026-09-12T21:41:07-05:00,PUR_IED_ColViva_Ext_1a26fa,PUR_IED_ColViva_Ext_1a26fa,,,,,
2026-09-12T21:41:07-05:00,PUR_IED_ColegioBici_Asist_7c8798,PUR_IED_ColegioBici_Asist_7c8798,,,,,
2026-09-12T21:41:07-05:00,PUR_IED_ColegioBici_Ext_25cbf6,PUR_IED_ColegioBici_Ext_25cbf6,,,,,
2026-09-12T21:41:07-05:00,PUR_IED_ColegioBici_LabQ_7b57db,PUR_IED_ColegioBici_LabQ_7b57db,,,,,
2026-09-12T21:41:07-05:00,PUR_IED_CostaRica_Ext_5e640,PUR_IED_CostaRica_Ext_5e640,,,,,
2026-09-12T21:41:07-05:00,PUR_IED_CostaRica_Quim1_766d1c,PUR_IED_CostaRica_Quim1_766d1c,,,,,
2026-09-12T21:41:07-05:00,PUR_IED_CostaRica__Fisica_6f0873,PUR_IED_CostaRica__Fisica_6f0873,,,,,
2026-09-12T21:41:07-05:00,PUR_IED_CulPopu_301A_f660f3,PUR_IED_CulPopu_301A_f660f3,,,,,
2026-09-12T21:41:07-05:00,PUR_IED_CulPopu_303_568afe,PUR_IED_CulPopu_303_568afe,,,,,
2026-09-12T21:41:07-05:00,PUR_IED_CulPopu_Ext_e02ccb,PUR_IED_CulPopu_Ext_e02ccb,,,,,
2026-09-12T21:41:07-05:00,PUR_IED_Cundinamarca_Ext_f15985,PUR_IED_Cundinamarca_Ext_f15985,,,,,
2026-09-12T21:41:07-05:00,PUR_IED_Cundinamarca_Info_7aa5d7,PUR_IED_Cundinamarca_Info_7aa5d7,,,,,
2026-09-12T21:41:07-05:00,PUR_IED_Cundinamarca_Tec2_f449c7,PUR_IED_Cundinamarca_Tec2_f449c7,,,,,
2026-09-12T21:41:07-05:00,PUR_IED_DiegoM_Aula1_27b314,PUR_IED_DiegoM_Aula1_27b314,,,,,
2026-09-12T21:41:07-05:00,PUR_IED_DiegoM_Ext_d80ac8,PUR_IED_DiegoM_Ext_d80ac8,,,,,
2026-09-12T21:41:07-05:00,PUR_IED_DiegoM_S25_da928f,PUR_IED_DiegoM_S25_da928f,,,,,
2026-09-12T21:41:07-05:00,PUR_IED_ELRODEO_360881,PUR_IED_ELRODEO_360881,,,,,
2026-09-12T21:41:07-05:00,PUR_IED_ELRODEO_ext_360881,PUR_IED_ELRODEO_ext_360881,,,,,
2026-09-12T21:41:07-05:00,PUR_IED_EduardoU_Ext_1c1969,PUR_IED_EduardoU_Ext_1c1969,,,,,
2026-09-12T21:41:07-05:00,PUR_IED_EduardoU_SCiencia_4dfb94,PUR_IED_EduardoU_SCiencia_4dfb94,,,,,
2026-09-12T21:41:07-05:00,PUR_IED_EduardoU_SQuimica_5a46e7,PUR_IED_EduardoU_SQuimica_5a46e7,,,,,
2026-09-12T21:41:07-05:00,PUR_IED_ElRodeo_Aula14_676984,PUR_IED_ElRodeo_Aula14_676984,,,,,
2026-09-12T21:41:07-05:00,PUR_IED_ElRodeo_Aula16_2dd35b,PUR_IED_ElRodeo_Aula16_2dd35b,,,,,
2026-09-12T21:41:07-05:00,PUR_IED_ElRodeo_Ext_360881,PUR_IED_ElRodeo_Ext_360881,,,,,
2026-09-12T21:41:07-05:00,PUR_IED_ElRodeo_Exterior_8c6d28,PUR_IED_ElRodeo_Exterior_8c6d28,,,,,
2026-09-12T21:41:07-05:00,PUR_IED_ElRodeo_ext_360881,PUR_IED_ElRodeo_ext_360881,,,,,
2026-09-12T21:41:07-05:00,PUR_IED_EmmaReyes_Ext_987625,PUR_IED_EmmaReyes_Ext_987625,7,21,52,4.6367,-74.1511
2026-09-12T21:41:07-05:00,PUR_IED_Ensueño_Ext_7f0250,PUR_IED_Ensueño_Ext_7f0250,,,,,
2026-09-12T21:41:07-05:00,PUR_IED_EscNormal_Ext_5fef3b,PUR_IED_EscNormal_Ext_5fef3b,4,19,60,4.5852,-74.096901
2026-09-12T21:41:07-05:00,PUR_IED_EscNormal_S309_5b263,PUR_IED_EscNormal_S309_5b263,,,,,
2026-09-12T21:41:07-05:00,PUR_IED_EscNormal_S310_27b3b8,PUR_IED_EscNormal_S310_27b3b8,,,,,
2026-09-12T21:41:07-05:00,PUR_IED_Evangelista_Conta_f6cd4f,PUR_IED_Evangelista_Conta_f6cd4f,,,,,
2026-09-12T21:41:07-05:00,PUR_IED_Evangelista_Cri_5e16a,PUR_IED_Evangelista_Cri_5e16a,,,,,
2026-09-12T21:41:07-05:00,PUR_IED_Evangelista_Exter_754066,PUR_IED_Evangelista_Exter_754066,,,,,
2026-09-12T21:41:07-05:00,PUR_IED_FMiranda_S209_5cc2a3,PUR_IED_FMiranda_S209_5cc2a3,,,,,
2026-09-12T21:41:07-05:00,PUR_IED_FMiranda_S303_19e344,PUR_IED_FMiranda_S303_19e344,,,,,
2026-09-12T21:41:07-05:00,PUR_IED_FMiranda_ext_f53e7c,PUR_IED_FMiranda_ext_f53e7c,,,,,
2026-09-12T21:41:07-05:00,PUR_IED_FabioLozano_Bibli_1cee05,PUR_IED_FabioLozano_Bibli_1cee05,,,,,
2026-09-12T21:41:07-05:00,PUR_IED_FabioLozano_Ext_6ea285,PUR_IED_FabioLozano_Ext_6ea285,,,,,
2026-09-12T21:41:07-05:00,PUR_IED_FabioLozano_SLudi_f09e1e,PUR_IED_FabioLozano_SLudi_f09e1e,,,,,
2026-09-12T21:41:07-05:00,PUR_IED_FaustinoS_Aula07_27a731,PUR_IED_FaustinoS_Aula07_27a731,,,,,
2026-09-12T21:41:07-05:00,PUR_IED_FaustinoS_Ext_7b936f,PUR_IED_FaustinoS_Ext_7b936f,,,,,
2026-09-12T21:41:07-05:00,PUR_IED_FaustinoS_Fisica_da2c60,PUR_IED_FaustinoS_Fisica_da2c60,,,,,
2026-09-12T21:41:07-05:00,PUR_IED_FeGarciaLo_Ext_dc68ee,PUR_IED_FeGarciaLo_Ext_dc68ee,,,,,
2026-09-12T21:41:07-05:00,PUR_IED_FeGarciaLo_SDanza_f70a59,PUR_IED_FeGarciaLo_SDanza_f70a59,,,,,
2026-09-12T21:41:07-05:00,PUR_IED_FeGarciaLo_SMusic_125cdd,PUR_IED_FeGarciaLo_SMusic_125cdd,,,,,
2026-09-12T21:41:07-05:00,PUR_IED_FederalAlema_Exte_50c345,PUR_IED_FederalAlema_Exte_50c345,,,,,
2026-09-12T21:41:07-05:00,PUR_IED_FederalAlema_S31_f18371,PUR_IED_FederalAlema_S31_f18371,,,,,
2026-09-12T21:41:07-05:00,PUR_IED_FederalAlema_S901_a62cd,PUR_IED_FederalAlema_S901_a62cd,,,,,
2026-09-12T21:41:07-05:00,PUR_IED_FilarmonicaS_A5_f35eb1,PUR_IED_FilarmonicaS_A5_f35eb1,,,,,
2026-09-12T21:41:07-05:00,PUR_IED_FilarmonicaS_Ext_8a3bde,PUR_IED_FilarmonicaS_Ext_8a3bde,,,,,
2026-09-12T21:41:07-05:00,PUR_IED_FilarmonicaS_Spol_406114,PUR_IED_FilarmonicaS_Spol_406114,,,,,
2026-09-12T21:41:07-05:00,PUR_IED_FlorentinoG_A13_d1fa59,PUR_IED_FlorentinoG_A13_d1fa59,,,,,
2026-09-12T21:41:07-05:00,PUR_IED_FlorentinoG_Ext_1ce6ce,PUR_IED_FlorentinoG_Ext_1ce6ce,,,,,
2026-09-12T21:41:07-05:00,PUR_IED_FlorentinoG_Idiom_a66aac,PUR_IED_FlorentinoG_Idiom_a66aac,,,,,
2026-09-12T21:41:07-05:00,PUR_IED_FranciscoMati_Ext_e3869d,PUR_IED_FranciscoMati_Ext_e3869d,,,,,
2026-09-12T21:41:07-05:00,PUR_IED_FranciscoMati_S13_f31c67,PUR_IED_FranciscoMati_S13_f31c67,,,,,
2026-09-12T21:41:07-05:00,PUR_IED_FranciscoMati_S14_97dead,PUR_IED_FranciscoMati_S14_97dead,,,,,
2026-09-12T21:41:07-05:00,PUR_IED_FranciscoPS_Ext_7bfa9a,PUR_IED_FranciscoPS_Ext_7bfa9a,3,20,60,4.5899,-74.110397
2026-09-12T21:41:07-05:00,PUR_IED_FranciscoPS_Infor_fb8f4c,PUR_IED_FranciscoPS_Infor_fb8f4c,,,,,
2026-09-12T21:41:07-05:00,PUR_IED_FranciscoPS_Quimi_94d39c,PUR_IED_FranciscoPS_Quimi_94d39c,,,,,
2026-09-12T21:41:07-05:00,PUR_IED_FranciscoP_LabQ_d7e148,PUR_IED_FranciscoP_LabQ_d7e148,,,,,
2026-09-12T21:41:07-05:00,PUR_IED_FranciscoP_S28_cf9b30,PUR_IED_FranciscoP_S28_cf9b30,,,,,
2026-09-12T21:41:07-05:00,PUR_IED_FranciscoP_ext_e2313,PUR_IED_FranciscoP_ext_e2313,,,,,
2026-09-12T21:41:07-05:00,PUR_IED_FriederichN_Ext_8ac92a,PUR_IED_FriederichN_Ext_8ac92a,,,,,
2026-09-12T21:41:07-05:00,PUR_IED_FriederichN_S301_dd7e5a,PUR_IED_FriederichN_S301_dd7e5a,,,,,
2026-09-12T21:41:07-05:00,PUR_IED_FriederichN_S308_761f4f,PUR_IED_FriederichN_S308_761f4f,,,,,
2026-09-12T21:41:07-05:00,PUR_IED_GSantander_Aula10_533dd7,PUR_IED_GSantander_Aula10_533dd7,,,,,
2026-09-12T21:41:07-05:00,PUR_IED_GSantander_Aula12_fd4e4f,PUR_IED_GSantander_Aula12_fd4e4f,,,,,
2026-09-12T21:41:07-05:00,PUR_IED_GSantander_Aula310_533dd7,PUR_IED_GSantander_Aula310_533dd7,,,,,
2026-09-12T21:41:07-05:00,PUR_IED_GSantander_Aula312_fd4e4f,PUR_IED_GSantander_Aula312_fd4e4f,,,,,
2026-09-12T21:41:07-05:00,PUR_IED_GSantander_Ext_5f66b0,PUR_IED_GSantander_Ext_5f66b0,,,,,
2026-09-12T21:41:07-05:00,PUR_IED_GYomasa_Ext_f6bea5,PUR_IED_GYomasa_Ext_f6bea5,,,,,
2026-09-12T21:41:07-05:00,PUR_IED_GYomasa_LBiol_2c41aa,PUR_IED_GYomasa_LBiol_2c41aa,,,,,
2026-09-12T21:41:07-05:00,PUR_IED_GYomasa_LQuim_33c80,PUR_IED_GYomasa_LQuim_33c80,,,,,
2026-09-12T21:41:07-05:00,PUR_IED_GabBetMejia_Cienc_5a99c,PUR_IED_GabBetMejia_Cienc_5a99c,,,,,
2026-09-12T21:41:07-05:00,PUR_IED_GabBetMejia_Ext_9153d0,PUR_IED_GabBetMejia_Ext_9153d0,,,,,
2026-09-12T21:41:07-05:00,PUR_IED_GabBetMejia_Lab_f55347,PUR_IED_GabBetMejia_Lab_f55347,,,,,
2026-09-12T21:41:07-05:00,PUR_IED_GabBetanMejia_Ext_9153d0,PUR_IED_GabBetanMejia_Ext_9153d0,,,,,
2026-09-12T21:41:07-05:00,PUR_IED_Gaitana_Aula13_7aac11,PUR_IED_Gaitana_Aula13_7aac11,,,,,
2026-09-12T21:41:07-05:00,PUR_IED_Gaitana_Ext_5fcf4,PUR_IED_Gaitana_Ext_5fcf4,,,,,
2026-09-12T21:41:07-05:00,PUR_IED_Gaitana_LabFisica_644448,PUR_IED_Gaitana_LabFisica_644448,,,,,
2026-09-12T21:41:07-05:00,PUR_IED_GenSantander_Dise_8ac858,PUR_IED_GenSantander_Dise_8ac858,,,,,
2026-09-12T21:41:07-05:00,PUR_IED_GenSantander_Ext_8d5dfe,PUR_IED_GenSantander_Ext_8d5dfe,,,,,
2026-09-12T21:41:07-05:00,PUR_IED_GenSantander_Info_6c25b,PUR_IED_GenSantander_Info_6c25b,,,,,
2026-09-12T21:41:07-05:00,PUR_IED_GustavoMo_Exterio_75e63d,PUR_IED_GustavoMo_Exterio_75e63d,,,,,
2026-09-12T21:41:07-05:00,PUR_IED_GustavoMo_LabFisi_224d37,PUR_IED_GustavoMo_LabFisi_224d37,,,,,
2026-09-12T21:41:07-05:00,PUR_IED_GustavoMo_S208_3e6918,PUR_IED_GustavoMo_S208_3e6918,,,,,
2026-09-12T21:41:07-05:00,PUR_IED_GustavoR_A02_8cd4a8,PUR_IED_GustavoR_A02_8cd4a8,,,,,
2026-09-12T21:41:07-05:00,PUR_IED_GustavoR_B11_5b0ed,PUR_IED_GustavoR_B11_5b0ed,,,,,
2026-09-12T21:41:07-05:00,PUR_IED_GustavoR_Ext_7a0c90,PUR_IED_GustavoR_Ext_7a0c90,,,,,
2026-09-12T21:41:07-05:00,PUR_IED_HernandoDuran_Ext_8cd82b,PUR_IED_HernandoDuran_Ext_8cd82b,,,,,
2026-09-12T21:41:07-05:00,PUR_IED_HernandoDuran_S24_2772c6,PUR_IED_HernandoDuran_S24_2772c6,,,,,
2026-09-12T21:41:07-05:00,PUR_IED_HernandoDuran_S30_f2de41,PUR_IED_HernandoDuran_S30_f2de41,,,,,
2026-09-12T21:41:07-05:00,PUR_IED_HolguInUr_S1101_8cd732,PUR_IED_HolguInUr_S1101_8cd732,,,,,
2026-09-12T21:41:07-05:00,PUR_IED_HolguinUr_Exter_ddae6d,PUR_IED_HolguinUr_Exter_ddae6d,,,,,
2026-09-12T21:41:07-05:00,PUR_IED_HolguinUr_LabQuim_92b952,PUR_IED_HolguinUr_LabQuim_92b952,,,,,
2026-09-12T21:41:07-05:00,PUR_IED_Isabel-II_Ext_5245cc,PUR_IED_Isabel-II_Ext_5245cc,6,19,59,4.6336,-74.153
2026-09-12T21:41:07-05:00,PUR_IED_Isabel-II_S_idiom_1c29aa,PUR_IED_Isabel-II_S_idiom_1c29aa,,,,,
2026-09-12T21:41:07-05:00,PUR_IED_Isabel-II_S_infor_fd741,PUR_IED_Isabel-II_S_infor_fd741,,,,,
2026-09-12T21:41:07-05:00,PUR_IED_IsidroSur_Exterio_5b90ea,PUR_IED_IsidroSur_Exterio_5b90ea,,,,,
2026-09-12T21:41:07-05:00,PUR_IED_IsidroSur_LabTec_56697a,PUR_IED_IsidroSur_LabTec_56697a,,,,,
2026-09-12T21:41:07-05:00,PUR_IED_IsidroSur_Robotic_b7c38f,PUR_IED_IsidroSur_Robotic_b7c38f,,,,,
2026-09-12T21:41:07-05:00,PUR_IED_IsmaelPerd_Ext_7b6672,PUR_IED_IsmaelPerd_Ext_7b6672,,,,,
2026-09-12T21:41:07-05:00,PUR_IED_IsmaelPerd_Inform_306540,PUR_IED_IsmaelPerd_Inform_306540,,,,,
2026-09-12T21:41:07-05:00,PUR_IED_IsmaelPerd_S30_2e2c83,PUR_IED_IsmaelPerd_S30_2e2c83,,,,,
2026-09-12T21:41:07-05:00,PUR_IED_JLozano_Exter_432910,PUR_IED_JLozano_Exter_432910,,,,,
2026-09-12T21:41:07-05:00,PUR_IED_JLozano_salaMulti_df5125,PUR_IED_JLozano_salaMulti_df5125,,,,,
2026-09-12T21:41:07-05:00,PUR_IED_JMCordoba_206_86f80b,PUR_IED_JMCordoba_206_86f80b,,,,,
2026-09-12T21:41:07-05:00,PUR_IED_JMCordoba_Ext_27ad97,PUR_IED_JMCordoba_Ext_27ad97,,,,,
2026-09-12T21:41:07-05:00,PUR_IED_JMCordoba_S310_d59ab4,PUR_IED_JMCordoba_S310_d59ab4,,,,,
2026-09-12T21:41:07-05:00,PUR_IED_Japon_Ext_549100,PUR_IED_Japon_Ext_549100,,,,,
2026-09-12T21:41:07-05:00,PUR_IED_Japon_Laboratorio_bec51d,PUR_IED_Japon_Laboratorio_bec51d,,,,,
2026-09-12T21:41:07-05:00,PUR_IED_Japon_informatica_d99327,PUR_IED_Japon_informatica_d99327,,,,,
2026-09-12T21:41:07-05:00,PUR_IED_Jazmin_Ext_d27bda,PUR_IED_Jazmin_Ext_d27bda,,,,,
2026-09-12T21:41:07-05:00,PUR_IED_Jazmin_Fisica_8d14d7,PUR_IED_Jazmin_Fisica_8d14d7,,,,,
2026-09-12T21:41:07-05:00,PUR_IED_Jazmin_Quimica_801cb5,PUR_IED_Jazmin_Quimica_801cb5,,,,,
2026-09-12T21:41:07-05:00,PUR_IED_JorgeGaitan_Exter_f098d1,PUR_IED_JorgeGaitan_Exter_f098d1,,,,,
2026-09-12T21:41:07-05:00,PUR_IED_JorgeGaitan_STec1_dc9d1d,PUR_IED_JorgeGaitan_STec1_dc9d1d,,,,,
2026-09-12T21:41:07-05:00,PUR_IED_JorgeGaitan_STec2_281e69,PUR_IED_JorgeGaitan_STec2_281e69,,,,,
2026-09-12T21:41:07-05:00,PUR_IED_JorgeSoto_Exterio_d9d0a2,PUR_IED_JorgeSoto_Exterio_d9d0a2,,,,,
2026-09-12T21:41:07-05:00,PUR_IED_JorgeSoto_LabFisi_209c54,PUR_IED_JorgeSoto_LabFisi_209c54,,,,,
2026-09-12T21:41:07-05:00,PUR_IED_JorgeSoto_S103_27b51a,PUR_IED_JorgeSoto_S103_27b51a,,,,,
2026-09-12T21:41:07-05:00,PUR_IED_JoseAcevedo_A02_e965eb,PUR_IED_JoseAcevedo_A02_e965eb,,,,,
2026-09-12T21:41:07-05:00,PUR_IED_JoseAcevedo_A07_dd5b4,PUR_IED_JoseAcevedo_A07_dd5b4,,,,,
2026-09-12T21:41:07-05:00,PUR_IED_JoseAcevedo_Ext_b47484,PUR_IED_JoseAcevedo_Ext_b47484,,,,,
2026-09-12T21:41:07-05:00,PUR_IED_JoseMarti_Exte_5b9bf,PUR_IED_JoseMarti_Exte_5b9bf,,,,,
2026-09-12T21:41:07-05:00,PUR_IED_JoseMarti_LabQuim_1c6c2d,PUR_IED_JoseMarti_LabQuim_1c6c2d,,,,,
2026-09-12T21:41:07-05:00,PUR_IED_JoseMarti_S_info_f5f177,PUR_IED_JoseMarti_S_info_f5f177,,,,,
2026-09-12T21:41:07-05:00,PUR_IED_Josejoaquin_Ext_dfc5dc,PUR_IED_Josejoaquin_Ext_dfc5dc,,,,,
2026-09-12T21:41:07-05:00,PUR_IED_Josejoaquin_S05_5b2a96,PUR_IED_Josejoaquin_S05_5b2a96,,,,,
2026-09-12T21:41:07-05:00,PUR_IED_Josejoaquin_S06_1ce7d2,PUR_IED_Josejoaquin_S06_1ce7d2,,,,,
2026-09-12T21:41:07-05:00,PUR_IED_JulioFlorez_Danza_9b82dd,PUR_IED_JulioFlorez_Danza_9b82dd,,,,,
2026-09-12T21:41:07-05:00,PUR_IED_JulioFlorez_Exter_f9f314,PUR_IED_JulioFlorez_Exter_f9f314,,,,,
2026-09-12T21:41:07-05:00,PUR_IED_JulioFlorez_info2_6b6e08,PUR_IED_JulioFlorez_info2_6b6e08,,,,,
2026-09-12T21:41:07-05:00,PUR_IED_LaBelleza_Aula13_1d00d8,PUR_IED_LaBelleza_Aula13_1d00d8,,,,,
2026-09-12T21:41:07-05:00,PUR_IED_LaBelleza_Ext_7bc08c,PUR_IED_LaBelleza_Ext_7bc08c,,,,,
2026-09-12T21:41:07-05:00,PUR_IED_LaChucua_Ext_8cd6d2,PUR_IED_LaChucua_Ext_8cd6d2,,,,,
2026-09-12T21:41:07-05:00,PUR_IED_LaChucua_S15_f578ce,PUR_IED_LaChucua_S15_f578ce,,,,,
2026-09-12T21:41:07-05:00,PUR_IED_LaChucua_S16_eebcf9,PUR_IED_LaChucua_S16_eebcf9,,,,,
2026-09-12T21:41:07-05:00,PUR_IED_LaFelicidad_Ext_fb5109,PUR_IED_LaFelicidad_Ext_fb5109,,,,,
2026-09-12T21:41:07-05:00,PUR_IED_LaMerced_206_66ebd,PUR_IED_LaMerced_206_66ebd,,,,,
2026-09-12T21:41:07-05:00,PUR_IED_LaMerced_207_6ebd6,PUR_IED_LaMerced_207_6ebd6,,,,,
2026-09-12T21:41:07-05:00,PUR_IED_LaMerced_ext_304311,PUR_IED_LaMerced_ext_304311,,,,,
2026-09-12T21:41:07-05:00,PUR_IED_Laureano_CiencNat_281e5e,PUR_IED_Laureano_CiencNat_281e5e,,,,,
2026-09-12T21:41:07-05:00,PUR_IED_Laureano_Comedor_f65c0a,PUR_IED_Laureano_Comedor_f65c0a,,,,,
2026-09-12T21:41:07-05:00,PUR_IED_Laureano_Exterior_7ab011,PUR_IED_Laureano_Exterior_7ab011,,,,,
2026-09-12T21:41:07-05:00,PUR_IED_LeonGreiff_Exte_dfe560,PUR_IED_LeonGreiff_Exte_dfe560,,,,,
2026-09-12T21:41:07-05:00,PUR_IED_LeonGreiff_S210_f264ed,PUR_IED_LeonGreiff_S210_f264ed,,,,,
2026-09-12T21:41:07-05:00,PUR_IED_LeonGreiff_SQuimi_e8296f,PUR_IED_LeonGreiff_SQuimi_e8296f,,,,,
2026-09-12T21:41:07-05:00,PUR_IED_LlanoOrientalS208_7b9fcd,PUR_IED_LlanoOrientalS208_7b9fcd,,,,,
2026-09-12T21:41:07-05:00,PUR_IED_LlanoOriental_Ext_fb3766,PUR_IED_LlanoOriental_Ext_fb3766,,,,,
2026-09-12T21:41:07-05:00,PUR_IED_LlanoOriental_S208_7b9fcd,PUR_IED_LlanoOriental_S208_7b9fcd,,,,,
2026-09-12T21:41:07-05:00,PUR_IED_LlanoOriental_S9_27b378,PUR_IED_LlanoOriental_S9_27b378,,,,,
2026-09-12T21:41:07-05:00,PUR_IED_LosTejares_1101_477602,PUR_IED_LosTejares_1101_477602,,,,,
2026-09-12T21:41:07-05:00,PUR_IED_LosTejares_11_d2c595,PUR_IED_LosTejares_11_d2c595,,,,,
2026-09-12T21:41:07-05:00,PUR_IED_LosTejares_12_477602,PUR_IED_LosTejares_12_477602,,,,,
2026-09-12T21:41:07-05:00,PUR_IED_LosTejares_Ext_8e2115,PUR_IED_LosTejares_Ext_8e2115,,,,,
2026-09-12T21:41:07-05:00,PUR_IED_MagdalenaO_B202_5ddda3,PUR_IED_MagdalenaO_B202_5ddda3,,,,,
2026-09-12T21:41:07-05:00,PUR_IED_MagdalenaO_B205_fb76e8,PUR_IED_MagdalenaO_B205_fb76e8,,,,,
2026-09-12T21:41:07-05:00,PUR_IED_MagdalenaO_ext_dc69cd,PUR_IED_MagdalenaO_ext_dc69cd,,,,,
2026-09-12T21:41:07-05:00,PUR_IED_ManueCepeda_artes_eee956,PUR_IED_ManueCepeda_artes_eee956,,,,,
2026-09-12T21:41:07-05:00,PUR_IED_ManuelCepeda_Ext_58313,PUR_IED_ManuelCepeda_Ext_58313,,,,,
2026-09-12T21:41:07-05:00,PUR_IED_ManuelCepeda_tec_1c5731,PUR_IED_ManuelCepeda_tec_1c5731,,,,,
2026-09-12T21:41:07-05:00,PUR_IED_ManuelS_Exterior_5b269,PUR_IED_ManuelS_Exterior_5b269,,,,,
2026-09-12T21:41:07-05:00,PUR_IED_ManuelS_Inform_f369ce,PUR_IED_ManuelS_Inform_f369ce,,,,,
2026-09-12T21:41:07-05:00,PUR_IED_ManuelS_SArtes_7d15f1,PUR_IED_ManuelS_SArtes_7d15f1,,,,,
2026-09-12T21:41:07-05:00,PUR_IED_ManuelZapata_303_3ca6,PUR_IED_ManuelZapata_303_3ca6,,,,,
2026-09-12T21:41:07-05:00,PUR_IED_ManuelZapata_311_bfbabc,PUR_IED_ManuelZapata_311_bfbabc,,,,,
2026-09-12T21:41:07-05:00,PUR_IED_ManuelZapata_Ext_50824a,PUR_IED_ManuelZapata_Ext_50824a,,,,,
2026-09-12T21:41:07-05:00,PUR_IED_ManuelitaS_Exteri_656a92,PUR_IED_ManuelitaS_Exteri_656a92,,,,,
2026-09-12T21:41:07-05:00,PUR_IED_ManuelitaS_JuzgDe_f58ec3,PUR_IED_ManuelitaS_JuzgDe_f58ec3,,,,,
2026-09-12T21:41:07-05:00,PUR_IED_ManuelitaS_Recrea_d793db,PUR_IED_ManuelitaS_Recrea_d793db,,,,,
2026-09-12T21:41:07-05:00,PUR_IED_MarFidSuarez_Ext_c27b19,PUR_IED_MarFidSuarez_Ext_c27b19,,,,,
2026-09-12T21:41:07-05:00,PUR_IED_MarFidSuarez_Info_e384d7,PUR_IED_MarFidSuarez_Info_e384d7,,,,,
2026-09-12T21:41:07-05:00,PUR_IED_MarFidSuarez_S306_1d0032,PUR_IED_MarFidSuarez_S306_1d0032,,,,,
2026-09-12T21:41:07-05:00,PUR_IED_Menorah_301_2a25a3,PUR_IED_Menorah_301_2a25a3,,,,,
2026-09-12T21:41:07-05:00,PUR_IED_Menorah_306_37ed3,PUR_IED_Menorah_306_37ed3,,,,,
2026-09-12T21:41:07-05:00,PUR_IED_Menorah_Ext_3e155b,PUR_IED_Menorah_Ext_3e155b,,,,,
2026-09-12T21:41:07-05:00,PUR_IED_MinutoB.Aires_A11_1b1604,PUR_IED_MinutoB.Aires_A11_1b1604,,,,,
2026-09-12T21:41:07-05:00,PUR_IED_MinutoB.Aires_A12_fb5860,PUR_IED_MinutoB.Aires_A12_fb5860,,,,,
2026-09-12T21:41:07-05:00,PUR_IED_MinutoB.Aires_Ext_81293f,PUR_IED_MinutoB.Aires_Ext_81293f,,,,,
2026-09-12T21:41:07-05:00,PUR_IED_MinutoBAires_A11_1b1604,PUR_IED_MinutoBAires_A11_1b1604,,,,,
2026-09-12T21:41:07-05:00,PUR_IED_MinutoBAires_A12_fb5860,PUR_IED_MinutoBAires_A12_fb5860,,,,,
2026-09-12T21:41:07-05:00,PUR_IED_MinutoBAires_Ext_81293f,PUR_IED_MinutoBAires_Ext_81293f,,,,,
2026-09-12T21:41:07-05:00,PUR_IED_Montreal_Aula10_1e4959,PUR_IED_Montreal_Aula10_1e4959,,,,,
2026-09-12T21:41:07-05:00,PUR_IED_Montreal_Aula6_300367,PUR_IED_Montreal_Aula6_300367,,,,,
2026-09-12T21:41:07-05:00,PUR_IED_Montreal_Exterior_91a179,PUR_IED_Montreal_Exterior_91a179,,,,,
2026-09-12T21:41:07-05:00,PUR_IED_Mqgdalena_B202_5ddda3,PUR_IED_Mqgdalena_B202_5ddda3,,,,,
2026-09-12T21:41:07-05:00,PUR_IED_NACUND_Soc_dc8728,PUR_IED_NACUND_Soc_dc8728,,,,,
2026-09-12T21:41:07-05:00,PUR_IED_NACUND_ext_27ad97,PUR_IED_NACUND_ext_27ad97,,,,,
2026-09-12T21:41:07-05:00,PUR_IED_NEsperanza_Ext_d24b61,PUR_IED_NEsperanza_Ext_d24b61,,,,,
2026-09-12T21:41:07-05:00,PUR_IED_NEsperanza_SElect_7d1807,PUR_IED_NEsperanza_SElect_7d1807,,,,,
2026-09-12T21:41:07-05:00,PUR_IED_NEsperanza_SLabor_8b2d0a,PUR_IED_NEsperanza_SLabor_8b2d0a,,,,,
2026-09-12T21:41:07-05:00,PUR_IED_NacionesU_Ext_f661a9,PUR_IED_NacionesU_Ext_f661a9,,,,,
2026-09-12T21:41:07-05:00,PUR_IED_NacionesU_Quimica_66f0a,PUR_IED_NacionesU_Quimica_66f0a,,,,,
2026-09-12T21:41:07-05:00,PUR_IED_NacionesU_S306_1b4b3d,PUR_IED_NacionesU_S306_1b4b3d,,,,,
2026-09-12T21:41:07-05:00,PUR_IED_NestorFA_Ext_e4201c,PUR_IED_NestorFA_Ext_e4201c,,,,,
2026-09-12T21:41:07-05:00,PUR_IED_NestorFA_Laborato_f22fe0,PUR_IED_NestorFA_Laborato_f22fe0,,,,,
2026-09-12T21:41:07-05:00,PUR_IED_NestorFA_S204_dee996,PUR_IED_NestorFA_S204_dee996,,,,,
2026-09-12T21:41:07-05:00,PUR_IED_NidyaQT_Aula03_76999b,PUR_IED_NidyaQT_Aula03_76999b,,,,,
2026-09-12T21:41:07-05:00,PUR_IED_NidyaQT_Aula10_56325,PUR_IED_NidyaQT_Aula10_56325,,,,,
2026-09-12T21:41:07-05:00,PUR_IED_NidyaQT_Ext_46e32d,PUR_IED_NidyaQT_Ext_46e32d,,,,,
2026-09-12T21:41:07-05:00,PUR_IED_NuevaCol_Exterior_d9b859,PUR_IED_NuevaCol_Exterior_d9b859,,,,,
2026-09-12T21:41:07-05:00,PUR_IED_NuevaCol_S1101_76c43b,PUR_IED_NuevaCol_S1101_76c43b,,,,,
2026-09-12T21:41:07-05:00,PUR_IED_NuevaCol_S1102_1ce0b5,PUR_IED_NuevaCol_S1102_1ce0b5,,,,,
2026-09-12T21:41:07-05:00,PUR_IED_OEA_A202_f7e3f2,PUR_IED_OEA_A202_f7e3f2,,,,,
2026-09-12T21:41:07-05:00,PUR_IED_OEA_A203_7d1b8d,PUR_IED_OEA_A203_7d1b8d,,,,,
2026-09-12T21:41:07-05:00,PUR_IED_OEA_Ext_27b593,PUR_IED_OEA_Ext_27b593,,,,,
2026-09-12T21:41:07-05:00,PUR_IED_Ochoa_Ext_1c29da,PUR_IED_Ochoa_Ext_1c29da,,,,,
2026-09-12T21:41:07-05:00,PUR_IED_Ochoa_S205_8b1121,PUR_IED_Ochoa_S205_8b1121,,,,,
2026-09-12T21:41:07-05:00,PUR_IED_Ochoa_Sistemas_f33af6,PUR_IED_Ochoa_Sistemas_f33af6,,,,,
2026-09-12T21:41:07-05:00,PUR_IED_PQuebec_Ext_1c67c7,PUR_IED_PQuebec_Ext_1c67c7,,,,,
2026-09-12T21:41:07-05:00,PUR_IED_PQuebec_S15_23e8e2,PUR_IED_PQuebec_S15_23e8e2,,,,,
2026-09-12T21:41:07-05:00,PUR_IED_PQuebec_S16_8ec76b,PUR_IED_PQuebec_S16_8ec76b,,,,,
2026-09-12T21:41:07-05:00,PUR_IED_PabloN_Ext_49dc96,PUR_IED_PabloN_Ext_49dc96,,,,,
2026-09-12T21:41:07-05:00,PUR_IED_PabloN_S1102_4e3df5,PUR_IED_PabloN_S1102_4e3df5,,,,,
2026-09-12T21:41:07-05:00,PUR_IED_PabloN_S1103_50c94b,PUR_IED_PabloN_S1103_50c94b,,,,,
2026-09-12T21:41:07-05:00,PUR_IED_Palestina_S1101_db9198,PUR_IED_Palestina_S1101_db9198,,,,,
2026-09-12T21:41:07-05:00,PUR_IED_Palestina_S1102_dc54fa,PUR_IED_Palestina_S1102_dc54fa,,,,,
2026-09-12T21:41:07-05:00,PUR_IED_Palestina_ext_4ccce6,PUR_IED_Palestina_ext_4ccce6,,,,,
2026-09-12T21:41:07-05:00,PUR_IED_Panama_Fisica_4d0794,PUR_IED_Panama_Fisica_4d0794,,,,,
2026-09-12T21:41:07-05:00,PUR_IED_Panama_SIngles_a4077e,PUR_IED_Panama_SIngles_a4077e,,,,,
2026-09-12T21:41:07-05:00,PUR_IED_Panama_ext_4c54b4,PUR_IED_Panama_ext_4c54b4,,,,,
2026-09-12T21:41:07-05:00,PUR_IED_ParaisoM_Exterior_8cd7f0,PUR_IED_ParaisoM_Exterior_8cd7f0,,,,,
2026-09-12T21:41:07-05:00,PUR_IED_ParaisoM_Laborato_27af35,PUR_IED_ParaisoM_Laborato_27af35,,,,,
2026-09-12T21:41:07-05:00,PUR_IED_ParaisoM_S304_d1edca,PUR_IED_ParaisoM_S304_d1edca,,,,,
2026-09-12T21:41:07-05:00,PUR_IED_PorfirioBarba_Ext_301466,PUR_IED_PorfirioBarba_Ext_301466,,,,,
2026-09-12T21:41:07-05:00,PUR_IED_PorfirioBarba_S11_df6cd2,PUR_IED_PorfirioBarba_S11_df6cd2,,,,,
2026-09-12T21:41:07-05:00,PUR_IED_PorfirioBarba_S29_27a7d6,PUR_IED_PorfirioBarba_S29_27a7d6,,,,,
2026-09-12T21:41:07-05:00,PUR_IED_PradoV_Exter_8b27ad,PUR_IED_PradoV_Exter_8b27ad,,,,,
2026-09-12T21:41:07-05:00,PUR_IED_PradoV_S301_de65b5,PUR_IED_PradoV_S301_de65b5,,,,,
2026-09-12T21:41:07-05:00,PUR_IED_PradoV_S302_7d2593,PUR_IED_PradoV_S302_7d2593,,,,,
2026-09-12T21:41:07-05:00,PUR_IED_QuirogaAlz_Ext_1ddc82,PUR_IED_QuirogaAlz_Ext_1ddc82,,,,,
2026-09-12T21:41:07-05:00,PUR_IED_QuirogaAlz_S302_9926a3,PUR_IED_QuirogaAlz_S302_9926a3,,,,,
2026-09-12T21:41:07-05:00,PUR_IED_QuirogaAlz_S305_cdf1f1,PUR_IED_QuirogaAlz_S305_cdf1f1,,,,,
2026-09-12T21:41:07-05:00,PUR_IED_RGuatemala_Biling_dc53b7,PUR_IED_RGuatemala_Biling_dc53b7,,,,,
2026-09-12T21:41:07-05:00,PUR_IED_RGuatemala_Ext_1b89a3,PUR_IED_RGuatemala_Ext_1b89a3,,,,,
2026-09-12T21:41:07-05:00,PUR_IED_RGuatemala_Tecnol_281a34,PUR_IED_RGuatemala_Tecnol_281a34,,,,,
2026-09-12T21:41:07-05:00,PUR_IED_RafaNu_Ext_f7c302,PUR_IED_RafaNu_Ext_f7c302,,,,,
2026-09-12T21:41:07-05:00,PUR_IED_RafaNu_S1101_25fde,PUR_IED_RafaNu_S1101_25fde,,,,,
2026-09-12T21:41:07-05:00,PUR_IED_RafaNu_S1102_281517,PUR_IED_RafaNu_S1102_281517,,,,,
2026-09-12T21:41:07-05:00,PUR_IED_RafaelB_S305_ee2783,PUR_IED_RafaelB_S305_ee2783,,,,,
2026-09-12T21:41:07-05:00,PUR_IED_RafaelB_S306_75fe33,PUR_IED_RafaelB_S306_75fe33,,,,,
2026-09-12T21:41:07-05:00,PUR_IED_RafaelB_ext_283336,PUR_IED_RafaelB_ext_283336,3,18,61,4.6722,-74.0737
2026-09-12T21:41:07-05:00,PUR_IED_RafaelUU_Exterior_281a51,PUR_IED_RafaelUU_Exterior_281a51,,,,,
2026-09-12T21:41:07-05:00,PUR_IED_RafaelUU_Human_806b2,PUR_IED_RafaelUU_Human_806b2,,,,,
2026-09-12T21:41:07-05:00,PUR_IED_RafaelUU_Mate2_5680d4,PUR_IED_RafaelUU_Mate2_5680d4,,,,,
2026-09-12T21:41:07-05:00,PUR_IED_RamonSub_Ext_f9eeb9,PUR_IED_RamonSub_Ext_f9eeb9,,,,,
2026-09-12T21:41:07-05:00,PUR_IED_RamonSub_Media_d1f62f,PUR_IED_RamonSub_Media_d1f62f,,,,,
2026-09-12T21:41:07-05:00,PUR_IED_RamonSub_planta_51b82,PUR_IED_RamonSub_planta_51b82,,,,,
2026-09-12T21:41:07-05:00,PUR_IED_RepBoliVene_Exter_27af7c,PUR_IED_RepBoliVene_Exter_27af7c,,,,,
2026-09-12T21:41:07-05:00,PUR_IED_RepBoliVene_SCPT_5ae2ee,PUR_IED_RepBoliVene_SCPT_5ae2ee,,,,,
2026-09-12T21:41:07-05:00,PUR_IED_RepBoliVene_Socia_4b11d5,PUR_IED_RepBoliVene_Socia_4b11d5,,,,,
2026-09-12T21:41:07-05:00,PUR_IED_RepChina_Ext_76d9ee,PUR_IED_RepChina_Ext_76d9ee,,,,,
2026-09-12T21:41:07-05:00,PUR_IED_RepChina_S404_7c804c,PUR_IED_RepChina_S404_7c804c,,,,,
2026-09-12T21:41:07-05:00,PUR_IED_RepChina_S405_df2c33,PUR_IED_RepChina_S405_df2c33,,,,,
2026-09-12T21:41:07-05:00,PUR_IED_RepublicaC_Exteri_7d1ec9,PUR_IED_RepublicaC_Exteri_7d1ec9,,,,,
2026-09-12T21:41:07-05:00,PUR_IED_RepublicaC_S1101_f544b3,PUR_IED_RepublicaC_S1101_f544b3,,,,,
2026-09-12T21:41:07-05:00,PUR_IED_RepublicaC_S1102_7aafc7,PUR_IED_RepublicaC_S1102_7aafc7,,,,,
2026-09-12T21:41:07-05:00,PUR_IED_Ricaurte_Externo_a0ea1,PUR_IED_Ricaurte_Externo_a0ea1,,,,,
2026-09-12T21:41:07-05:00,PUR_IED_Ricaurte_S210_f546fd,PUR_IED_Ricaurte_S210_f546fd,,,,,
2026-09-12T21:41:07-05:00,PUR_IED_Ricaurte_S309_d4452,PUR_IED_Ricaurte_S309_d4452,,,,,
2026-09-12T21:41:07-05:00,PUR_IED_RogelioS_1102_531e69,PUR_IED_RogelioS_1102_531e69,,,,,
2026-09-12T21:41:07-05:00,PUR_IED_RogelioS_Ext_f25a18,PUR_IED_RogelioS_Ext_f25a18,,,,,
2026-09-12T21:41:07-05:00,PUR_IED_SBernardino_Ext_27aff8,PUR_IED_SBernardino_Ext_27aff8,,,,,
2026-09-12T21:41:07-05:00,PUR_IED_SBernardino_SArte_2ffd33,PUR_IED_SBernardino_SArte_2ffd33,,,,,
2026-09-12T21:41:07-05:00,PUR_IED_SBernardino_SIngl_7c7da5,PUR_IED_SBernardino_SIngl_7c7da5,,,,,
2026-09-12T21:41:07-05:00,PUR_IED_Sago_auditorio_dc9d1d,PUR_IED_Sago_auditorio_dc9d1d,,,,,
2026-09-12T21:41:07-05:00,PUR_IED_Saludcoop_Ext_95aac3,PUR_IED_Saludcoop_Ext_95aac3,,,,,
2026-09-12T21:41:07-05:00,PUR_IED_Saludcoop_InfI_90c854,PUR_IED_Saludcoop_InfI_90c854,,,,,
2026-09-12T21:41:07-05:00,PUR_IED_Saludcoop_SMedia_1b93be,PUR_IED_Saludcoop_SMedia_1b93be,,,,,
2026-09-12T21:41:07-05:00,PUR_IED_SanCarlos_1101_1a2360,PUR_IED_SanCarlos_1101_1a2360,,,,,
2026-09-12T21:41:07-05:00,PUR_IED_SanCarlos_1103_7bafb5,PUR_IED_SanCarlos_1103_7bafb5,,,,,
2026-09-12T21:41:07-05:00,PUR_IED_SanCarlos_Ext_b7cd1,PUR_IED_SanCarlos_Ext_b7cd1,,,,,
2026-09-12T21:41:07-05:00,PUR_IED_SanIgnacioBosa11a_50c26e,PUR_IED_SanIgnacioBosa11a_50c26e,,,,,
2026-09-12T21:41:07-05:00,PUR_IED_SanIgnacioBosa11b_371de8,PUR_IED_SanIgnacioBosa11b_371de8,,,,,
2026-09-12T21:41:07-05:00,PUR_IED_SanIgnacioBosaExt_ef0ffc,PUR_IED_SanIgnacioBosaExt_ef0ffc,,,,,
2026-09-12T21:41:07-05:00,PUR_IED_SanIgnacioBosa_11a_50c26e,PUR_IED_SanIgnacioBosa_11a_50c26e,,,,,
2026-09-12T21:41:07-05:00,PUR_IED_SanIgnacioBosa_Ext_ef0ffc,PUR_IED_SanIgnacioBosa_Ext_ef0ffc,,,,,
2026-09-12T21:41:07-05:00,PUR_IED_SanJoseN_intS1101_31c47f,PUR_IED_SanJoseN_intS1101_31c47f,,,,,
2026-09-12T21:41:07-05:00,PUR_IED_SanJoseUsm_Exter_f5d7e8,PUR_IED_SanJoseUsm_Exter_f5d7e8,,,,,
2026-09-12T21:41:07-05:00,PUR_IED_SanJoseUsm_Int11A_cfdef6,PUR_IED_SanJoseUsm_Int11A_cfdef6,,,,,
2026-09-12T21:41:07-05:00,PUR_IED_SilveriaR_IntB5_905349,PUR_IED_SilveriaR_IntB5_905349,,,,,
2026-09-12T21:41:07-05:00,PUR_IED_SilveriaR_IntSD14_981f93,PUR_IED_SilveriaR_IntSD14_981f93,,,,,
2026-09-12T21:41:07-05:00,PUR_IED_SilveriaR_ext_2b651d,PUR_IED_SilveriaR_ext_2b651d,,,,,
2026-09-12T21:41:07-05:00,PUR_IED_SimonB_Exterior_913975,PUR_IED_SimonB_Exterior_913975,,,,,
2026-09-12T21:41:07-05:00,PUR_IED_SimonB_LabQuimi_c56908,PUR_IED_SimonB_LabQuimi_c56908,,,,,
2026-09-12T21:41:07-05:00,PUR_IED_SimonB_informatic_a28c1,PUR_IED_SimonB_informatic_a28c1,,,,,
2026-09-12T21:41:07-05:00,PUR_IED_Sorrento_1102_315f50,PUR_IED_Sorrento_1102_315f50,,,,,
2026-09-12T21:41:07-05:00,PUR_IED_Sorrento_Minte_214eab,PUR_IED_Sorrento_Minte_214eab,,,,,
2026-09-12T21:41:07-05:00,PUR_IED_Sorrento_ext_7c3a0a,PUR_IED_Sorrento_ext_7c3a0a,,,,,
2026-09-12T21:41:07-05:00,PUR_IED_Tabora_Ext_f048ae,PUR_IED_Tabora_Ext_f048ae,,,,,
2026-09-12T21:41:07-05:00,PUR_IED_Tabora_S1102_b07752,PUR_IED_Tabora_S1102_b07752,,,,,
2026-09-12T21:41:07-05:00,PUR_IED_Tabora_S1103_d988f5,PUR_IED_Tabora_S1103_d988f5,,,,,
2026-09-12T21:41:07-05:00,PUR_IED_Tenerife_Ext_1ab188,PUR_IED_Tenerife_Ext_1ab188,,,,,
2026-09-12T21:41:07-05:00,PUR_IED_Tenerife_SDanzas_7bc02e,PUR_IED_Tenerife_SDanzas_7bc02e,,,,,
2026-09-12T21:41:07-05:00,PUR_IED_Tenerife_SIngles_7cc277,PUR_IED_Tenerife_SIngles_7cc277,,,,,
2026-09-12T21:41:07-05:00,PUR_IED_Tibabuyes_Exter_f2683d,PUR_IED_Tibabuyes_Exter_f2683d,,,,,
2026-09-12T21:41:07-05:00,PUR_IED_Tibabuyes_S10_dc87a8,PUR_IED_Tibabuyes_S10_dc87a8,,,,,
2026-09-12T21:41:07-05:00,PUR_IED_Tibabuyes_S15_dc0526,PUR_IED_Tibabuyes_S15_dc0526,,,,,
2026-09-12T21:41:07-05:00,PUR_IED_UnionE_S301_a1043,PUR_IED_UnionE_S301_a1043,,,,,
2026-09-12T21:41:07-05:00,PUR_IED_UnionE_S307_ff6c2f,PUR_IED_UnionE_S307_ff6c2f,,,,,
2026-09-12T21:41:07-05:00,PUR_IED_UnionE__Ext_5e2468,PUR_IED_UnionE__Ext_5e2468,,,,,
2026-09-12T21:41:07-05:00,PUR_IED_VillaRica_Ext_75be7c,PUR_IED_VillaRica_Ext_75be7c,,,,,
2026-09-12T21:41:07-05:00,PUR_IED_VillaRica_S4_cc5dcd,PUR_IED_VillaRica_S4_cc5dcd,,,,,
2026-09-12T21:41:07-05:00,PUR_IED_VillaRica_Sesp_99f5c,PUR_IED_VillaRica_Sesp_99f5c,,,,,
2026-09-12T21:46:06-05:00,PUR_IED_20deJulio_1101_91b1b9,PUR_IED_20deJulio_1101_91b1b9,,,,,
2026-09-12T21:46:06-05:00,PUR_IED_20deJulio_1102_1cfcf9,PUR_IED_20deJulio_1102_1cfcf9,,,,,
2026-09-12T21:46:06-05:00,PUR_IED_20deJulio_Ext_ab60bd,PUR_IED_20deJulio_Ext_ab60bd,,,,,
2026-09-12T21:46:06-05:00,PUR_IED_AgustinFer_Ext_7b9b77,PUR_IED_AgustinFer_Ext_7b9b77,,,,,
2026-09-12T21:46:06-05:00,PUR_IED_AgustinFer_Info2_27b3a7,PUR_IED_AgustinFer_Info2_27b3a7,,,,,
2026-09-12T21:46:06-05:00,PUR_IED_AgustinFer_Sena_54b4eb,PUR_IED_AgustinFer_Sena_54b4eb,,,,,
2026-09-12T21:46:06-05:00,PUR_IED_AlexanderF_1102_caf07b,PUR_IED_AlexanderF_1102_caf07b,,,,,
2026-09-12T21:46:06-05:00,PUR_IED_AlexanderF_1103_c79e71,PUR_IED_AlexanderF_1103_c79e71,,,,,
2026-09-12T21:46:06-05:00,PUR_IED_AlexanderF_Ext_c5b18b,PUR_IED_AlexanderF_Ext_c5b18b,,,,,
2026-09-12T21:46:06-05:00,PUR_IED_AlfonsoLopez_Ext_281d77,PUR_IED_AlfonsoLopez_Ext_281d77,,,,,
2026-09-12T21:46:06-05:00,PUR_IED_AlfonsoLopez_LabF_888ce0,PUR_IED_AlfonsoLopez_LabF_888ce0,,,,,
2026-09-12T21:46:06-05:00,PUR_IED_AlfonsoLopez_SMed_df6a7f,PUR_IED_AlfonsoLopez_SMed_df6a7f,,,,,
2026-09-12T21:46:06-05:00,PUR_IED_AltamiraSO_A2_209f92,PUR_IED_AltamiraSO_A2_209f92,,,,,
2026-09-12T21:46:06-05:00,PUR_IED_AltamiraSO_Ext_186d66,PUR_IED_AltamiraSO_Ext_186d66,,,,,
2026-09-12T21:46:06-05:00,PUR_IED_AltamiraSO_Sistem_27afe1,PUR_IED_AltamiraSO_Sistem_27afe1,,,,,
2026-09-12T21:46:06-05:00,PUR_IED_AlvaroGom_LabQuim_813179,PUR_IED_AlvaroGom_LabQuim_813179,,,,,
2026-09-12T21:46:06-05:00,PUR_IED_AlvaroGomez_Ext_47c7ca,PUR_IED_AlvaroGomez_Ext_47c7ca,,,,,
2026-09-12T21:46:06-05:00,PUR_IED_AlvaroGomez_LabQuim_813179,PUR_IED_AlvaroGomez_LabQuim_813179,,,,,
2026-09-12T21:46:06-05:00,PUR_IED_AlvaroGomez_S23_7ba89f,PUR_IED_AlvaroGomez_S23_7ba89f,,,,,
2026-09-12T21:46:06-05:00,PUR_IED_Amistad_306_dc8728,PUR_IED_Amistad_306_dc8728,,,,,
2026-09-12T21:46:06-05:00,PUR_IED_Amistad_Ext_8cd55e,PUR_IED_Amistad_Ext_8cd55e,,,,,
2026-09-12T21:46:06-05:00,PUR_IED_Amistad_S202_a41169,PUR_IED_Amistad_S202_a41169,,,,,
2026-09-12T21:46:06-05:00,PUR_IED_AndresBello_Bio_fd5f5e,PUR_IED_AndresBello_Bio_fd5f5e,,,,,
2026-09-12T21:46:06-05:00,PUR_IED_AndresBello_ext_dcad65,PUR_IED_AndresBello_ext_dcad65,,,,,
2026-09-12T21:46:06-05:00,PUR_IED_AndresBello_port_eed3ec,PUR_IED_AndresBello_port_eed3ec,,,,,
2026-09-12T21:46:06-05:00,PUR_IED_AngelaR_11b_d90a6b,PUR_IED_AngelaR_11b_d90a6b,,,,,
2026-09-12T21:46:06-05:00,PUR_IED_AngelaR_ext_7cad3e,PUR_IED_AngelaR_ext_7cad3e,3,19,62,4.5825,-74.164497
2026-09-12T21:46:06-05:00,PUR_IED_AntJoseSucre_10mo_df2575,PUR_IED_AntJoseSucre_10mo_df2575,,,,,
2026-09-12T21:46:06-05:00,PUR_IED_AntJoseSucre_Ext_215b36,PUR_IED_AntJoseSucre_Ext_215b36,,,,,
2026-09-12T21:46:06-05:00,PUR_IED_AntJoseSucre_Lab_3139de,PUR_IED_AntJoseSucre_Lab_3139de,,,,,
2026-09-12T21:46:06-05:00,PUR_IED_AntonioGarcia_301_d6b188,PUR_IED_AntonioGarcia_301_d6b188,,,,,
2026-09-12T21:46:06-05:00,PUR_IED_AntonioGarcia_302_88a82,PUR_IED_AntonioGarcia_302_88a82,,,,,
2026-09-12T21:46:06-05:00,PUR_IED_AntonioGarcia_Ext_20950c,PUR_IED_AntonioGarcia_Ext_20950c,,,,,
2026-09-12T21:46:06-05:00,PUR_IED_AntonioVan_Aula2_6dea02,PUR_IED_AntonioVan_Aula2_6dea02,,,,,
2026-09-12T21:46:06-05:00,PUR_IED_AntonioVan_Aula5_f1557e,PUR_IED_AntonioVan_Aula5_f1557e,,,,,
2026-09-12T21:46:06-05:00,PUR_IED_AntonioVan_Ext_406f2f,PUR_IED_AntonioVan_Ext_406f2f,,,,,
2026-09-12T21:46:06-05:00,PUR_IED_Atabanzha_Ext_cc5af9,PUR_IED_Atabanzha_Ext_cc5af9,,,,,
2026-09-12T21:46:06-05:00,PUR_IED_Atabanzha_SA101_56c37,PUR_IED_Atabanzha_SA101_56c37,,,,,
2026-09-12T21:46:06-05:00,PUR_IED_Atabanzha_SB302_27b374,PUR_IED_Atabanzha_SB302_27b374,,,,,
2026-09-12T21:46:06-05:00,PUR_IED_Atahualpa_Ext_fc1748,PUR_IED_Atahualpa_Ext_fc1748,,,,,
2026-09-12T21:46:06-05:00,PUR_IED_Atahualpa_Informa_dc9a95,PUR_IED_Atahualpa_Informa_dc9a95,,,,,
2026-09-12T21:46:06-05:00,PUR_IED_Atahualpa_S1101_f98056,PUR_IED_Atahualpa_S1101_f98056,,,,,
2026-09-12T21:46:06-05:00,PUR_IED_Bellavista_Ext_f5aa74,PUR_IED_Bellavista_Ext_f5aa74,,,,,
2026-09-12T21:46:06-05:00,PUR_IED_Bilbao_11A_916c41,PUR_IED_Bilbao_11A_916c41,,,,,
2026-09-12T21:46:06-05:00,PUR_IED_Bilbao_Ext_fb579a,PUR_IED_Bilbao_Ext_fb579a,,,,,
2026-09-12T21:46:06-05:00,PUR_IED_BrasiliaU_A125_304280,PUR_IED_BrasiliaU_A125_304280,,,,,
2026-09-12T21:46:06-05:00,PUR_IED_BrasiliaU_A203_7c8ca5,PUR_IED_BrasiliaU_A203_7c8ca5,,,,,
2026-09-12T21:46:06-05:00,PUR_IED_BrasiliaU_Ext_8d6e9f,PUR_IED_BrasiliaU_Ext_8d6e9f,9,17,64,4.5175,-74.116302
2026-09-12T21:46:06-05:00,PUR_IED_Brasilia_Ext_fe6593,PUR_IED_Brasilia_Ext_fe6593,,,,,
2026-09-12T21:46:06-05:00,PUR_IED_Brasilia_S24_7c130d,PUR_IED_Brasilia_S24_7c130d,,,,,
2026-09-12T21:46:06-05:00,PUR_IED_Brasilia_S501_186a54,PUR_IED_Brasilia_S501_186a54,,,,,
2026-09-12T21:46:06-05:00,PUR_IED_CHARRY_EXT_f1d5cd,PUR_IED_CHARRY_EXT_f1d5cd,,,,,
2026-09-12T21:46:06-05:00,PUR_IED_CHARRY_INTDANZAS_7a08e6,PUR_IED_CHARRY_INTDANZAS_7a08e6,,,,,
2026-09-12T21:46:06-05:00,PUR_IED_CHARRY_INT_AULA20_dc998d,PUR_IED_CHARRY_INT_AULA20_dc998d,,,,,
2026-09-12T21:46:06-05:00,PUR_IED_COLVIV_1101_S25_7f520a,PUR_IED_COLVIV_1101_S25_7f520a,,,,,
2026-09-12T21:46:06-05:00,PUR_IED_COLVIV_1102_S16_f570ba,PUR_IED_COLVIV_1102_S16_f570ba,,,,,
2026-09-12T21:46:06-05:00,PUR_IED_COLVIV_Ext_1a26fa,PUR_IED_COLVIV_Ext_1a26fa,,,,,
2026-09-12T21:46:06-05:00,PUR_IED_CULPOP_301A_f660f3,PUR_IED_CULPOP_301A_f660f3,,,,,
2026-09-12T21:46:06-05:00,PUR_IED_CULPOP_303_568afe,PUR_IED_CULPOP_303_568afe,,,,,
2026-09-12T21:46:06-05:00,PUR_IED_CULPOP_Ext_e02ccb,PUR_IED_CULPOP_Ext_e02ccb,,,,,
2026-09-12T21:46:06-05:00,PUR_IED_CVillavicen_Ext_26eb58,PUR_IED_CVillavicen_Ext_26eb58,5,16,77,4.487,-74.102798
2026-09-12T21:46:06-05:00,PUR_IED_CVillavicen_Intel_1ce5c2,PUR_IED_CVillavicen_Intel_1ce5c2,,,,,
2026-09-12T21:46:06-05:00,PUR_IED_CVillavicen_Poliv_e0766c,PUR_IED_CVillavicen_Poliv_e0766c,,,,,
2026-09-12T21:46:06-05:00,PUR_IED_CVillavicen_int_1ba140,PUR_IED_CVillavicen_int_1ba140,,,,,
2026-09-12T21:46:06-05:00,PUR_IED_CVillavicen_intel_1ba140,PUR_IED_CVillavicen_intel_1ba140,,,,,
2026-09-12T21:46:06-05:00,PUR_IED_CarlosPizarro_Ext_e307cc,PUR_IED_CarlosPizarro_Ext_e307cc,,,,,
2026-09-12T21:46:06-05:00,PUR_IED_CarlosPizarro_L36_7e5cdb,PUR_IED_CarlosPizarro_L36_7e5cdb,,,,,
2026-09-12T21:46:06-05:00,PUR_IED_CarlosPizarro_L37_c8566c,PUR_IED_CarlosPizarro_L37_c8566c,,,,,
2026-09-12T21:46:06-05:00,PUR_IED_Castilla_Ext_cf35f,PUR_IED_Castilla_Ext_cf35f,,,,,
2026-09-12T21:46:06-05:00,PUR_IED_Castilla_SFisik_360e38,PUR_IED_Castilla_SFisik_360e38,,,,,
2026-09-12T21:46:06-05:00,PUR_IED_Castilla_Sc304_496fbf,PUR_IED_Castilla_Sc304_496fbf,,,,,
2026-09-12T21:46:06-05:00,PUR_IED_CervantesSa_Ext_6b57b,PUR_IED_CervantesSa_Ext_6b57b,8,18,66,4.5128,-74.117203
2026-09-12T21:46:06-05:00,PUR_IED_CervantesSa_S107_225c2b,PUR_IED_CervantesSa_S107_225c2b,,,,,
2026-09-12T21:46:06-05:00,PUR_IED_CervantesSa_S108_940925,PUR_IED_CervantesSa_S108_940925,,,,,
2026-09-12T21:46:06-05:00,PUR_IED_Charry_A20_f53e7c,PUR_IED_Charry_A20_f53e7c,,,,,
2026-09-12T21:46:06-05:00,PUR_IED_Charry_Ext_f1d5cd,PUR_IED_Charry_Ext_f1d5cd,,,,,
2026-09-12T21:46:06-05:00,PUR_IED_Charry_IntAula20_dc998d,PUR_IED_Charry_IntAula20_dc998d,,,,,
2026-09-12T21:46:06-05:00,PUR_IED_Charry_IntDanzas_7a08e6,PUR_IED_Charry_IntDanzas_7a08e6,,,,,
2026-09-12T21:46:06-05:00,PUR_IED_ClememciaC_203_43e2fc,PUR_IED_ClememciaC_203_43e2fc,,,,,
2026-09-12T21:46:06-05:00,PUR_IED_ClememciaC_Ext_1b411a,PUR_IED_ClememciaC_Ext_1b411a,,,,,
2026-09-12T21:46:06-05:00,PUR_IED_ClememciaC_Quimic_44b5fc,PUR_IED_ClememciaC_Quimic_44b5fc,,,,,
2026-09-12T21:46:06-05:00,PUR_IED_ClemenciaC_203_43e2fc,PUR_IED_ClemenciaC_203_43e2fc,,,,,
2026-09-12T21:46:06-05:00,PUR_IED_ClemenciaC_Ext_1b411a,PUR_IED_ClemenciaC_Ext_1b411a,,,,,
2026-09-12T21:46:06-05:00,PUR_IED_ClemenciaC_Quimic_44b5fc,PUR_IED_ClemenciaC_Quimic_44b5fc,,,,,
2026-09-12T21:46:06-05:00,PUR_IED_ColViva_1101_S25_7f520a,PUR_IED_ColViva_1101_S25_7f520a,,,,,
2026-09-12T21:46:06-05:00,PUR_IED_ColViva_1102_S16_f570ba,PUR_IED_ColViva_1102_S16_f570ba,,,,,
2026-09-12T21:46:06-05:00,PUR_IED_ColViva_Ext_1a26fa,PUR_IED_ColViva_Ext_1a26fa,,,,,
2026-09-12T21:46:06-05:00,PUR_IED_ColegioBici_Asist_7c8798,PUR_IED_ColegioBici_Asist_7c8798,,,,,
2026-09-12T21:46:06-05:00,PUR_IED_ColegioBici_Ext_25cbf6,PUR_IED_ColegioBici_Ext_25cbf6,,,,,
2026-09-12T21:46:06-05:00,PUR_IED_ColegioBici_LabQ_7b57db,PUR_IED_ColegioBici_LabQ_7b57db,,,,,
2026-09-12T21:46:06-05:00,PUR_IED_CostaRica_Ext_5e640,PUR_IED_CostaRica_Ext_5e640,,,,,
2026-09-12T21:46:06-05:00,PUR_IED_CostaRica_Quim1_766d1c,PUR_IED_CostaRica_Quim1_766d1c,,,,,
2026-09-12T21:46:06-05:00,PUR_IED_CostaRica__Fisica_6f0873,PUR_IED_CostaRica__Fisica_6f0873,,,,,
2026-09-12T21:46:06-05:00,PUR_IED_CulPopu_301A_f660f3,PUR_IED_CulPopu_301A_f660f3,,,,,
2026-09-12T21:46:06-05:00,PUR_IED_CulPopu_303_568afe,PUR_IED_CulPopu_303_568afe,,,,,
2026-09-12T21:46:06-05:00,PUR_IED_CulPopu_Ext_e02ccb,PUR_IED_CulPopu_Ext_e02ccb,,,,,
2026-09-12T21:46:06-05:00,PUR_IED_Cundinamarca_Ext_f15985,PUR_IED_Cundinamarca_Ext_f15985,,,,,
2026-09-12T21:46:06-05:00,PUR_IED_Cundinamarca_Info_7aa5d7,PUR_IED_Cundinamarca_Info_7aa5d7,,,,,
2026-09-12T21:46:06-05:00,PUR_IED_Cundinamarca_Tec2_f449c7,PUR_IED_Cundinamarca_Tec2_f449c7,,,,,
2026-09-12T21:46:06-05:00,PUR_IED_DiegoM_Aula1_27b314,PUR_IED_DiegoM_Aula1_27b314,,,,,
2026-09-12T21:46:06-05:00,PUR_IED_DiegoM_Ext_d80ac8,PUR_IED_DiegoM_Ext_d80ac8,,,,,
2026-09-12T21:46:06-05:00,PUR_IED_DiegoM_S25_da928f,PUR_IED_DiegoM_S25_da928f,,,,,
2026-09-12T21:46:06-05:00,PUR_IED_ELRODEO_360881,PUR_IED_ELRODEO_360881,,,,,
2026-09-12T21:46:06-05:00,PUR_IED_ELRODEO_ext_360881,PUR_IED_ELRODEO_ext_360881,,,,,
2026-09-12T21:46:06-05:00,PUR_IED_EduardoU_Ext_1c1969,PUR_IED_EduardoU_Ext_1c1969,,,,,
2026-09-12T21:46:06-05:00,PUR_IED_EduardoU_SCiencia_4dfb94,PUR_IED_EduardoU_SCiencia_4dfb94,,,,,
2026-09-12T21:46:06-05:00,PUR_IED_EduardoU_SQuimica_5a46e7,PUR_IED_EduardoU_SQuimica_5a46e7,,,,,
2026-09-12T21:46:06-05:00,PUR_IED_ElRodeo_Aula14_676984,PUR_IED_ElRodeo_Aula14_676984,,,,,
2026-09-12T21:46:06-05:00,PUR_IED_ElRodeo_Aula16_2dd35b,PUR_IED_ElRodeo_Aula16_2dd35b,,,,,
2026-09-12T21:46:06-05:00,PUR_IED_ElRodeo_Ext_360881,PUR_IED_ElRodeo_Ext_360881,,,,,
2026-09-12T21:46:06-05:00,PUR_IED_ElRodeo_Exterior_8c6d28,PUR_IED_ElRodeo_Exterior_8c6d28,,,,,
2026-09-12T21:46:06-05:00,PUR_IED_ElRodeo_ext_360881,PUR_IED_ElRodeo_ext_360881,,,,,
2026-09-12T21:46:06-05:00,PUR_IED_EmmaReyes_Ext_987625,PUR_IED_EmmaReyes_Ext_987625,6,21,52,4.6367,-74.1511
2026-09-12T21:46:06-05:00,PUR_IED_Ensueño_Ext_7f0250,PUR_IED_Ensueño_Ext_7f0250,,,,,
2026-09-12T21:46:06-05:00,PUR_IED_EscNormal_Ext_5fef3b,PUR_IED_EscNormal_Ext_5fef3b,2,19,60,4.5852,-74.096901
2026-09-12T21:46:06-05:00,PUR_IED_EscNormal_S309_5b263,PUR_IED_EscNormal_S309_5b263,,,,,
2026-09-12T21:46:06-05:00,PUR_IED_EscNormal_S310_27b3b8,PUR_IED_EscNormal_S310_27b3b8,,,,,
2026-09-12T21:46:06-05:00,PUR_IED_Evangelista_Conta_f6cd4f,PUR_IED_Evangelista_Conta_f6cd4f,,,,,
2026-09-12T21:46:06-05:00,PUR_IED_Evangelista_Cri_5e16a,PUR_IED_Evangelista_Cri_5e16a,,,,,
2026-09-12T21:46:06-05:00,PUR_IED_Evangelista_Exter_754066,PUR_IED_Evangelista_Exter_754066,,,,,
2026-09-12T21:46:06-05:00,PUR_IED_FMiranda_S209_5cc2a3,PUR_IED_FMiranda_S209_5cc2a3,,,,,
2026-09-12T21:46:06-05:00,PUR_IED_FMiranda_S303_19e344,PUR_IED_FMiranda_S303_19e344,,,,,
2026-09-12T21:46:06-05:00,PUR_IED_FMiranda_ext_f53e7c,PUR_IED_FMiranda_ext_f53e7c,,,,,
2026-09-12T21:46:06-05:00,PUR_IED_FabioLozano_Bibli_1cee05,PUR_IED_FabioLozano_Bibli_1cee05,,,,,
2026-09-12T21:46:06-05:00,PUR_IED_FabioLozano_Ext_6ea285,PUR_IED_FabioLozano_Ext_6ea285,,,,,
2026-09-12T21:46:06-05:00,PUR_IED_FabioLozano_SLudi_f09e1e,PUR_IED_FabioLozano_SLudi_f09e1e,,,,,
2026-09-12T21:46:06-05:00,PUR_IED_FaustinoS_Aula07_27a731,PUR_IED_FaustinoS_Aula07_27a731,,,,,
2026-09-12T21:46:06-05:00,PUR_IED_FaustinoS_Ext_7b936f,PUR_IED_FaustinoS_Ext_7b936f,,,,,
2026-09-12T21:46:06-05:00,PUR_IED_FaustinoS_Fisica_da2c60,PUR_IED_FaustinoS_Fisica_da2c60,,,,,
2026-09-12T21:46:06-05:00,PUR_IED_FeGarciaLo_Ext_dc68ee,PUR_IED_FeGarciaLo_Ext_dc68ee,,,,,
2026-09-12T21:46:06-05:00,PUR_IED_FeGarciaLo_SDanza_f70a59,PUR_IED_FeGarciaLo_SDanza_f70a59,,,,,
2026-09-12T21:46:06-05:00,PUR_IED_FeGarciaLo_SMusic_125cdd,PUR_IED_FeGarciaLo_SMusic_125cdd,,,,,
2026-09-12T21:46:06-05:00,PUR_IED_FederalAlema_Exte_50c345,PUR_IED_FederalAlema_Exte_50c345,,,,,
2026-09-12T21:46:06-05:00,PUR_IED_FederalAlema_S31_f18371,PUR_IED_FederalAlema_S31_f18371,,,,,
2026-09-12T21:46:06-05:00,PUR_IED_FederalAlema_S901_a62cd,PUR_IED_FederalAlema_S901_a62cd,,,,,
2026-09-12T21:46:06-05:00,PUR_IED_FilarmonicaS_A5_f35eb1,PUR_IED_FilarmonicaS_A5_f35eb1,,,,,
2026-09-12T21:46:06-05:00,PUR_IED_FilarmonicaS_Ext_8a3bde,PUR_IED_FilarmonicaS_Ext_8a3bde,,,,,
2026-09-12T21:46:06-05:00,PUR_IED_FilarmonicaS_Spol_406114,PUR_IED_FilarmonicaS_Spol_406114,,,,,
2026-09-12T21:46:06-05:00,PUR_IED_FlorentinoG_A13_d1fa59,PUR_IED_FlorentinoG_A13_d1fa59,,,,,
2026-09-12T21:46:06-05:00,PUR_IED_FlorentinoG_Ext_1ce6ce,PUR_IED_FlorentinoG_Ext_1ce6ce,,,,,
2026-09-12T21:46:06-05:00,PUR_IED_FlorentinoG_Idiom_a66aac,PUR_IED_FlorentinoG_Idiom_a66aac,,,,,
2026-09-12T21:46:06-05:00,PUR_IED_FranciscoMati_Ext_e3869d,PUR_IED_FranciscoMati_Ext_e3869d,,,,,
2026-09-12T21:46:06-05:00,PUR_IED_FranciscoMati_S13_f31c67,PUR_IED_FranciscoMati_S13_f31c67,,,,,
2026-09-12T21:46:06-05:00,PUR_IED_FranciscoMati_S14_97dead,PUR_IED_FranciscoMati_S14_97dead,,,,,
2026-09-12T21:46:06-05:00,PUR_IED_FranciscoPS_Ext_7bfa9a,PUR_IED_FranciscoPS_Ext_7bfa9a,3,20,60,4.5899,-74.110397
2026-09-12T21:46:06-05:00,PUR_IED_FranciscoPS_Infor_fb8f4c,PUR_IED_FranciscoPS_Infor_fb8f4c,,,,,
2026-09-12T21:46:06-05:00,PUR_IED_FranciscoPS_Quimi_94d39c,PUR_IED_FranciscoPS_Quimi_94d39c,,,,,
2026-09-12T21:46:06-05:00,PUR_IED_FranciscoP_LabQ_d7e148,PUR_IED_FranciscoP_LabQ_d7e148,,,,,
2026-09-12T21:46:06-05:00,PUR_IED_FranciscoP_S28_cf9b30,PUR_IED_FranciscoP_S28_cf9b30,,,,,
2026-09-12T21:46:06-05:00,PUR_IED_FranciscoP_ext_e2313,PUR_IED_FranciscoP_ext_e2313,,,,,
2026-09-12T21:46:06-05:00,PUR_IED_FriederichN_Ext_8ac92a,PUR_IED_FriederichN_Ext_8ac92a,,,,,
2026-09-12T21:46:06-05:00,PUR_IED_FriederichN_S301_dd7e5a,PUR_IED_FriederichN_S301_dd7e5a,,,,,
2026-09-12T21:46:06-05:00,PUR_IED_FriederichN_S308_761f4f,PUR_IED_FriederichN_S308_761f4f,,,,,
2026-09-12T21:46:06-05:00,PUR_IED_GSantander_Aula10_533dd7,PUR_IED_GSantander_Aula10_533dd7,,,,,
2026-09-12T21:46:06-05:00,PUR_IED_GSantander_Aula12_fd4e4f,PUR_IED_GSantander_Aula12_fd4e4f,,,,,
2026-09-12T21:46:06-05:00,PUR_IED_GSantander_Aula310_533dd7,PUR_IED_GSantander_Aula310_533dd7,,,,,
2026-09-12T21:46:06-05:00,PUR_IED_GSantander_Aula312_fd4e4f,PUR_IED_GSantander_Aula312_fd4e4f,,,,,
2026-09-12T21:46:06-05:00,PUR_IED_GSantander_Ext_5f66b0,PUR_IED_GSantander_Ext_5f66b0,,,,,
2026-09-12T21:46:06-05:00,PUR_IED_GYomasa_Ext_f6bea5,PUR_IED_GYomasa_Ext_f6bea5,,,,,
2026-09-12T21:46:06-05:00,PUR_IED_GYomasa_LBiol_2c41aa,PUR_IED_GYomasa_LBiol_2c41aa,,,,,
2026-09-12T21:46:06-05:00,PUR_IED_GYomasa_LQuim_33c80,PUR_IED_GYomasa_LQuim_33c80,,,,,
2026-09-12T21:46:06-05:00,PUR_IED_GabBetMejia_Cienc_5a99c,PUR_IED_GabBetMejia_Cienc_5a99c,,,,,
2026-09-12T21:46:06-05:00,PUR_IED_GabBetMejia_Ext_9153d0,PUR_IED_GabBetMejia_Ext_9153d0,,,,,
2026-09-12T21:46:06-05:00,PUR_IED_GabBetMejia_Lab_f55347,PUR_IED_GabBetMejia_Lab_f55347,,,,,
2026-09-12T21:46:06-05:00,PUR_IED_GabBetanMejia_Ext_9153d0,PUR_IED_GabBetanMejia_Ext_9153d0,,,,,
2026-09-12T21:46:06-05:00,PUR_IED_Gaitana_Aula13_7aac11,PUR_IED_Gaitana_Aula13_7aac11,,,,,
2026-09-12T21:46:06-05:00,PUR_IED_Gaitana_Ext_5fcf4,PUR_IED_Gaitana_Ext_5fcf4,,,,,
2026-09-12T21:46:06-05:00,PUR_IED_Gaitana_LabFisica_644448,PUR_IED_Gaitana_LabFisica_644448,,,,,
2026-09-12T21:46:06-05:00,PUR_IED_GenSantander_Dise_8ac858,PUR_IED_GenSantander_Dise_8ac858,,,,,
2026-09-12T21:46:06-05:00,PUR_IED_GenSantander_Ext_8d5dfe,PUR_IED_GenSantander_Ext_8d5dfe,,,,,
2026-09-12T21:46:06-05:00,PUR_IED_GenSantander_Info_6c25b,PUR_IED_GenSantander_Info_6c25b,,,,,
2026-09-12T21:46:06-05:00,PUR_IED_GustavoMo_Exterio_75e63d,PUR_IED_GustavoMo_Exterio_75e63d,,,,,
2026-09-12T21:46:06-05:00,PUR_IED_GustavoMo_LabFisi_224d37,PUR_IED_GustavoMo_LabFisi_224d37,,,,,
2026-09-12T21:46:06-05:00,PUR_IED_GustavoMo_S208_3e6918,PUR_IED_GustavoMo_S208_3e6918,,,,,
2026-09-12T21:46:06-05:00,PUR_IED_GustavoR_A02_8cd4a8,PUR_IED_GustavoR_A02_8cd4a8,,,,,
2026-09-12T21:46:06-05:00,PUR_IED_GustavoR_B11_5b0ed,PUR_IED_GustavoR_B11_5b0ed,,,,,
2026-09-12T21:46:06-05:00,PUR_IED_GustavoR_Ext_7a0c90,PUR_IED_GustavoR_Ext_7a0c90,,,,,
2026-09-12T21:46:06-05:00,PUR_IED_HernandoDuran_Ext_8cd82b,PUR_IED_HernandoDuran_Ext_8cd82b,,,,,
2026-09-12T21:46:06-05:00,PUR_IED_HernandoDuran_S24_2772c6,PUR_IED_HernandoDuran_S24_2772c6,,,,,
2026-09-12T21:46:06-05:00,PUR_IED_HernandoDuran_S30_f2de41,PUR_IED_HernandoDuran_S30_f2de41,,,,,
2026-09-12T21:46:06-05:00,PUR_IED_HolguInUr_S1101_8cd732,PUR_IED_HolguInUr_S1101_8cd732,,,,,
2026-09-12T21:46:06-05:00,PUR_IED_HolguinUr_Exter_ddae6d,PUR_IED_HolguinUr_Exter_ddae6d,,,,,
2026-09-12T21:46:06-05:00,PUR_IED_HolguinUr_LabQuim_92b952,PUR_IED_HolguinUr_LabQuim_92b952,,,,,
2026-09-12T21:46:06-05:00,PUR_IED_Isabel-II_Ext_5245cc,PUR_IED_Isabel-II_Ext_5245cc,7,19,59,4.6336,-74.153
2026-09-12T21:46:06-05:00,PUR_IED_Isabel-II_S_idiom_1c29aa,PUR_IED_Isabel-II_S_idiom_1c29aa,,,,,
2026-09-12T21:46:06-05:00,PUR_IED_Isabel-II_S_infor_fd741,PUR_IED_Isabel-II_S_infor_fd741,,,,,
2026-09-12T21:46:06-05:00,PUR_IED_IsidroSur_Exterio_5b90ea,PUR_IED_IsidroSur_Exterio_5b90ea,,,,,
2026-09-12T21:46:06-05:00,PUR_IED_IsidroSur_LabTec_56697a,PUR_IED_IsidroSur_LabTec_56697a,,,,,
2026-09-12T21:46:06-05:00,PUR_IED_IsidroSur_Robotic_b7c38f,PUR_IED_IsidroSur_Robotic_b7c38f,,,,,
2026-09-12T21:46:06-05:00,PUR_IED_IsmaelPerd_Ext_7b6672,PUR_IED_IsmaelPerd_Ext_7b6672,,,,,
2026-09-12T21:46:06-05:00,PUR_IED_IsmaelPerd_Inform_306540,PUR_IED_IsmaelPerd_Inform_306540,,,,,
2026-09-12T21:46:06-05:00,PUR_IED_IsmaelPerd_S30_2e2c83,PUR_IED_IsmaelPerd_S30_2e2c83,,,,,
2026-09-12T21:46:06-05:00,PUR_IED_JLozano_Exter_432910,PUR_IED_JLozano_Exter_432910,,,,,
2026-09-12T21:46:06-05:00,PUR_IED_JLozano_salaMulti_df5125,PUR_IED_JLozano_salaMulti_df5125,,,,,
2026-09-12T21:46:06-05:00,PUR_IED_JMCordoba_206_86f80b,PUR_IED_JMCordoba_206_86f80b,,,,,
2026-09-12T21:46:06-05:00,PUR_IED_JMCordoba_Ext_27ad97,PUR_IED_JMCordoba_Ext_27ad97,,,,,
2026-09-12T21:46:06-05:00,PUR_IED_JMCordoba_S310_d59ab4,PUR_IED_JMCordoba_S310_d59ab4,,,,,
2026-09-12T21:46:06-05:00,PUR_IED_Japon_Ext_549100,PUR_IED_Japon_Ext_549100,,,,,
2026-09-12T21:46:06-05:00,PUR_IED_Japon_Laboratorio_bec51d,PUR_IED_Japon_Laboratorio_bec51d,,,,,
2026-09-12T21:46:06-05:00,PUR_IED_Japon_informatica_d99327,PUR_IED_Japon_informatica_d99327,,,,,
2026-09-12T21:46:06-05:00,PUR_IED_Jazmin_Ext_d27bda,PUR_IED_Jazmin_Ext_d27bda,,,,,
2026-09-12T21:46:06-05:00,PUR_IED_Jazmin_Fisica_8d14d7,PUR_IED_Jazmin_Fisica_8d14d7,,,,,
2026-09-12T21:46:06-05:00,PUR_IED_Jazmin_Quimica_801cb5,PUR_IED_Jazmin_Quimica_801cb5,,,,,
2026-09-12T21:46:06-05:00,PUR_IED_JorgeGaitan_Exter_f098d1,PUR_IED_JorgeGaitan_Exter_f098d1,,,,,
2026-09-12T21:46:06-05:00,PUR_IED_JorgeGaitan_STec1_dc9d1d,PUR_IED_JorgeGaitan_STec1_dc9d1d,,,,,
2026-09-12T21:46:06-05:00,PUR_IED_JorgeGaitan_STec2_281e69,PUR_IED_JorgeGaitan_STec2_281e69,,,,,
2026-09-12T21:46:06-05:00,PUR_IED_JorgeSoto_Exterio_d9d0a2,PUR_IED_JorgeSoto_Exterio_d9d0a2,,,,,
2026-09-12T21:46:06-05:00,PUR_IED_JorgeSoto_LabFisi_209c54,PUR_IED_JorgeSoto_LabFisi_209c54,,,,,
2026-09-12T21:46:06-05:00,PUR_IED_JorgeSoto_S103_27b51a,PUR_IED_JorgeSoto_S103_27b51a,,,,,
2026-09-12T21:46:06-05:00,PUR_IED_JoseAcevedo_A02_e965eb,PUR_IED_JoseAcevedo_A02_e965eb,,,,,
2026-09-12T21:46:06-05:00,PUR_IED_JoseAcevedo_A07_dd5b4,PUR_IED_JoseAcevedo_A07_dd5b4,,,,,
2026-09-12T21:46:06-05:00,PUR_IED_JoseAcevedo_Ext_b47484,PUR_IED_JoseAcevedo_Ext_b47484,,,,,
2026-09-12T21:46:06-05:00,PUR_IED_JoseMarti_Exte_5b9bf,PUR_IED_JoseMarti_Exte_5b9bf,,,,,
2026-09-12T21:46:06-05:00,PUR_IED_JoseMarti_LabQuim_1c6c2d,PUR_IED_JoseMarti_LabQuim_1c6c2d,,,,,
2026-09-12T21:46:06-05:00,PUR_IED_JoseMarti_S_info_f5f177,PUR_IED_JoseMarti_S_info_f5f177,,,,,
2026-09-12T21:46:06-05:00,PUR_IED_Josejoaquin_Ext_dfc5dc,PUR_IED_Josejoaquin_Ext_dfc5dc,,,,,
2026-09-12T21:46:06-05:00,PUR_IED_Josejoaquin_S05_5b2a96,PUR_IED_Josejoaquin_S05_5b2a96,,,,,
2026-09-12T21:46:06-05:00,PUR_IED_Josejoaquin_S06_1ce7d2,PUR_IED_Josejoaquin_S06_1ce7d2,,,,,
2026-09-12T21:46:06-05:00,PUR_IED_JulioFlorez_Danza_9b82dd,PUR_IED_JulioFlorez_Danza_9b82dd,,,,,
2026-09-12T21:46:06-05:00,PUR_IED_JulioFlorez_Exter_f9f314,PUR_IED_JulioFlorez_Exter_f9f314,,,,,
2026-09-12T21:46:06-05:00,PUR_IED_JulioFlorez_info2_6b6e08,PUR_IED_JulioFlorez_info2_6b6e08,,,,,
2026-09-12T21:46:06-05:00,PUR_IED_LaBelleza_Aula13_1d00d8,PUR_IED_LaBelleza_Aula13_1d00d8,,,,,
2026-09-12T21:46:06-05:00,PUR_IED_LaBelleza_Ext_7bc08c,PUR_IED_LaBelleza_Ext_7bc08c,,,,,
2026-09-12T21:46:06-05:00,PUR_IED_LaChucua_Ext_8cd6d2,PUR_IED_LaChucua_Ext_8cd6d2,,,,,
2026-09-12T21:46:06-05:00,PUR_IED_LaChucua_S15_f578ce,PUR_IED_LaChucua_S15_f578ce,,,,,
2026-09-12T21:46:06-05:00,PUR_IED_LaChucua_S16_eebcf9,PUR_IED_LaChucua_S16_eebcf9,,,,,
2026-09-12T21:46:06-05:00,PUR_IED_LaFelicidad_Ext_fb5109,PUR_IED_LaFelicidad_Ext_fb5109,,,,,
2026-09-12T21:46:06-05:00,PUR_IED_LaMerced_206_66ebd,PUR_IED_LaMerced_206_66ebd,,,,,
2026-09-12T21:46:06-05:00,PUR_IED_LaMerced_207_6ebd6,PUR_IED_LaMerced_207_6ebd6,,,,,
2026-09-12T21:46:06-05:00,PUR_IED_LaMerced_ext_304311,PUR_IED_LaMerced_ext_304311,,,,,
2026-09-12T21:46:06-05:00,PUR_IED_Laureano_CiencNat_281e5e,PUR_IED_Laureano_CiencNat_281e5e,,,,,
2026-09-12T21:46:06-05:00,PUR_IED_Laureano_Comedor_f65c0a,PUR_IED_Laureano_Comedor_f65c0a,,,,,
2026-09-12T21:46:06-05:00,PUR_IED_Laureano_Exterior_7ab011,PUR_IED_Laureano_Exterior_7ab011,,,,,
2026-09-12T21:46:06-05:00,PUR_IED_LeonGreiff_Exte_dfe560,PUR_IED_LeonGreiff_Exte_dfe560,,,,,
2026-09-12T21:46:06-05:00,PUR_IED_LeonGreiff_S210_f264ed,PUR_IED_LeonGreiff_S210_f264ed,,,,,
2026-09-12T21:46:06-05:00,PUR_IED_LeonGreiff_SQuimi_e8296f,PUR_IED_LeonGreiff_SQuimi_e8296f,,,,,
2026-09-12T21:46:06-05:00,PUR_IED_LlanoOrientalS208_7b9fcd,PUR_IED_LlanoOrientalS208_7b9fcd,,,,,
2026-09-12T21:46:06-05:00,PUR_IED_LlanoOriental_Ext_fb3766,PUR_IED_LlanoOriental_Ext_fb3766,,,,,
2026-09-12T21:46:06-05:00,PUR_IED_LlanoOriental_S208_7b9fcd,PUR_IED_LlanoOriental_S208_7b9fcd,,,,,
2026-09-12T21:46:06-05:00,PUR_IED_LlanoOriental_S9_27b378,PUR_IED_LlanoOriental_S9_27b378,,,,,
2026-09-12T21:46:06-05:00,PUR_IED_LosTejares_1101_477602,PUR_IED_LosTejares_1101_477602,,,,,
2026-09-12T21:46:06-05:00,PUR_IED_LosTejares_11_d2c595,PUR_IED_LosTejares_11_d2c595,,,,,
2026-09-12T21:46:06-05:00,PUR_IED_LosTejares_12_477602,PUR_IED_LosTejares_12_477602,,,,,
2026-09-12T21:46:06-05:00,PUR_IED_LosTejares_Ext_8e2115,PUR_IED_LosTejares_Ext_8e2115,,,,,
2026-09-12T21:46:06-05:00,PUR_IED_MagdalenaO_B202_5ddda3,PUR_IED_MagdalenaO_B202_5ddda3,,,,,
2026-09-12T21:46:06-05:00,PUR_IED_MagdalenaO_B205_fb76e8,PUR_IED_MagdalenaO_B205_fb76e8,,,,,
2026-09-12T21:46:06-05:00,PUR_IED_MagdalenaO_ext_dc69cd,PUR_IED_MagdalenaO_ext_dc69cd,,,,,
2026-09-12T21:46:06-05:00,PUR_IED_ManueCepeda_artes_eee956,PUR_IED_ManueCepeda_artes_eee956,,,,,
2026-09-12T21:46:06-05:00,PUR_IED_ManuelCepeda_Ext_58313,PUR_IED_ManuelCepeda_Ext_58313,,,,,
2026-09-12T21:46:06-05:00,PUR_IED_ManuelCepeda_tec_1c5731,PUR_IED_ManuelCepeda_tec_1c5731,,,,,
2026-09-12T21:46:06-05:00,PUR_IED_ManuelS_Exterior_5b269,PUR_IED_ManuelS_Exterior_5b269,,,,,
2026-09-12T21:46:06-05:00,PUR_IED_ManuelS_Inform_f369ce,PUR_IED_ManuelS_Inform_f369ce,,,,,
2026-09-12T21:46:06-05:00,PUR_IED_ManuelS_SArtes_7d15f1,PUR_IED_ManuelS_SArtes_7d15f1,,,,,
2026-09-12T21:46:06-05:00,PUR_IED_ManuelZapata_303_3ca6,PUR_IED_ManuelZapata_303_3ca6,,,,,
2026-09-12T21:46:06-05:00,PUR_IED_ManuelZapata_311_bfbabc,PUR_IED_ManuelZapata_311_bfbabc,,,,,
2026-09-12T21:46:06-05:00,PUR_IED_ManuelZapata_Ext_50824a,PUR_IED_ManuelZapata_Ext_50824a,,,,,
2026-09-12T21:46:06-05:00,PUR_IED_ManuelitaS_Exteri_656a92,PUR_IED_ManuelitaS_Exteri_656a92,,,,,
2026-09-12T21:46:06-05:00,PUR_IED_ManuelitaS_JuzgDe_f58ec3,PUR_IED_ManuelitaS_JuzgDe_f58ec3,,,,,
2026-09-12T21:46:06-05:00,PUR_IED_ManuelitaS_Recrea_d793db,PUR_IED_ManuelitaS_Recrea_d793db,,,,,
2026-09-12T21:46:06-05:00,PUR_IED_MarFidSuarez_Ext_c27b19,PUR_IED_MarFidSuarez_Ext_c27b19,,,,,
2026-09-12T21:46:06-05:00,PUR_IED_MarFidSuarez_Info_e384d7,PUR_IED_MarFidSuarez_Info_e384d7,,,,,
2026-09-12T21:46:06-05:00,PUR_IED_MarFidSuarez_S306_1d0032,PUR_IED_MarFidSuarez_S306_1d0032,,,,,
2026-09-12T21:46:06-05:00,PUR_IED_Menorah_301_2a25a3,PUR_IED_Menorah_301_2a25a3,,,,,
2026-09-12T21:46:06-05:00,PUR_IED_Menorah_306_37ed3,PUR_IED_Menorah_306_37ed3,,,,,
2026-09-12T21:46:06-05:00,PUR_IED_Menorah_Ext_3e155b,PUR_IED_Menorah_Ext_3e155b,,,,,
2026-09-12T21:46:06-05:00,PUR_IED_MinutoB.Aires_A11_1b1604,PUR_IED_MinutoB.Aires_A11_1b1604,,,,,
2026-09-12T21:46:06-05:00,PUR_IED_MinutoB.Aires_A12_fb5860,PUR_IED_MinutoB.Aires_A12_fb5860,,,,,
2026-09-12T21:46:06-05:00,PUR_IED_MinutoB.Aires_Ext_81293f,PUR_IED_MinutoB.Aires_Ext_81293f,,,,,
2026-09-12T21:46:06-05:00,PUR_IED_MinutoBAires_A11_1b1604,PUR_IED_MinutoBAires_A11_1b1604,,,,,
2026-09-12T21:46:06-05:00,PUR_IED_MinutoBAires_A12_fb5860,PUR_IED_MinutoBAires_A12_fb5860,,,,,
2026-09-12T21:46:06-05:00,PUR_IED_MinutoBAires_Ext_81293f,PUR_IED_MinutoBAires_Ext_81293f,,,,,
2026-09-12T21:46:06-05:00,PUR_IED_Montreal_Aula10_1e4959,PUR_IED_Montreal_Aula10_1e4959,,,,,
2026-09-12T21:46:06-05:00,PUR_IED_Montreal_Aula6_300367,PUR_IED_Montreal_Aula6_300367,,,,,
2026-09-12T21:46:06-05:00,PUR_IED_Montreal_Exterior_91a179,PUR_IED_Montreal_Exterior_91a179,,,,,
2026-09-12T21:46:06-05:00,PUR_IED_Mqgdalena_B202_5ddda3,PUR_IED_Mqgdalena_B202_5ddda3,,,,,
2026-09-12T21:46:06-05:00,PUR_IED_NACUND_Soc_dc8728,PUR_IED_NACUND_Soc_dc8728,,,,,
2026-09-12T21:46:06-05:00,PUR_IED_NACUND_ext_27ad97,PUR_IED_NACUND_ext_27ad97,,,,,
2026-09-12T21:46:06-05:00,PUR_IED_NEsperanza_Ext_d24b61,PUR_IED_NEsperanza_Ext_d24b61,,,,,
2026-09-12T21:46:06-05:00,PUR_IED_NEsperanza_SElect_7d1807,PUR_IED_NEsperanza_SElect_7d1807,,,,,
2026-09-12T21:46:06-05:00,PUR_IED_NEsperanza_SLabor_8b2d0a,PUR_IED_NEsperanza_SLabor_8b2d0a,,,,,
2026-09-12T21:46:06-05:00,PUR_IED_NacionesU_Ext_f661a9,PUR_IED_NacionesU_Ext_f661a9,,,,,
2026-09-12T21:46:06-05:00,PUR_IED_NacionesU_Quimica_66f0a,PUR_IED_NacionesU_Quimica_66f0a,,,,,
2026-09-12T21:46:06-05:00,PUR_IED_NacionesU_S306_1b4b3d,PUR_IED_NacionesU_S306_1b4b3d,,,,,
2026-09-12T21:46:06-05:00,PUR_IED_NestorFA_Ext_e4201c,PUR_IED_NestorFA_Ext_e4201c,,,,,
2026-09-12T21:46:06-05:00,PUR_IED_NestorFA_Laborato_f22fe0,PUR_IED_NestorFA_Laborato_f22fe0,,,,,
2026-09-12T21:46:06-05:00,PUR_IED_NestorFA_S204_dee996,PUR_IED_NestorFA_S204_dee996,,,,,
2026-09-12T21:46:06-05:00,PUR_IED_NidyaQT_Aula03_76999b,PUR_IED_NidyaQT_Aula03_76999b,,,,,
2026-09-12T21:46:06-05:00,PUR_IED_NidyaQT_Aula10_56325,PUR_IED_NidyaQT_Aula10_56325,,,,,
2026-09-12T21:46:06-05:00,PUR_IED_NidyaQT_Ext_46e32d,PUR_IED_NidyaQT_Ext_46e32d,,,,,
2026-09-12T21:46:06-05:00,PUR_IED_NuevaCol_Exterior_d9b859,PUR_IED_NuevaCol_Exterior_d9b859,,,,,
2026-09-12T21:46:06-05:00,PUR_IED_NuevaCol_S1101_76c43b,PUR_IED_NuevaCol_S1101_76c43b,,,,,
2026-09-12T21:46:06-05:00,PUR_IED_NuevaCol_S1102_1ce0b5,PUR_IED_NuevaCol_S1102_1ce0b5,,,,,
2026-09-12T21:46:06-05:00,PUR_IED_OEA_A202_f7e3f2,PUR_IED_OEA_A202_f7e3f2,,,,,
2026-09-12T21:46:06-05:00,PUR_IED_OEA_A203_7d1b8d,PUR_IED_OEA_A203_7d1b8d,,,,,
2026-09-12T21:46:06-05:00,PUR_IED_OEA_Ext_27b593,PUR_IED_OEA_Ext_27b593,,,,,
2026-09-12T21:46:06-05:00,PUR_IED_Ochoa_Ext_1c29da,PUR_IED_Ochoa_Ext_1c29da,,,,,
2026-09-12T21:46:06-05:00,PUR_IED_Ochoa_S205_8b1121,PUR_IED_Ochoa_S205_8b1121,,,,,
2026-09-12T21:46:06-05:00,PUR_IED_Ochoa_Sistemas_f33af6,PUR_IED_Ochoa_Sistemas_f33af6,,,,,
2026-09-12T21:46:06-05:00,PUR_IED_PQuebec_Ext_1c67c7,PUR_IED_PQuebec_Ext_1c67c7,,,,,
2026-09-12T21:46:06-05:00,PUR_IED_PQuebec_S15_23e8e2,PUR_IED_PQuebec_S15_23e8e2,,,,,
2026-09-12T21:46:06-05:00,PUR_IED_PQuebec_S16_8ec76b,PUR_IED_PQuebec_S16_8ec76b,,,,,
2026-09-12T21:46:06-05:00,PUR_IED_PabloN_Ext_49dc96,PUR_IED_PabloN_Ext_49dc96,,,,,
2026-09-12T21:46:06-05:00,PUR_IED_PabloN_S1102_4e3df5,PUR_IED_PabloN_S1102_4e3df5,,,,,
2026-09-12T21:46:06-05:00,PUR_IED_PabloN_S1103_50c94b,PUR_IED_PabloN_S1103_50c94b,,,,,
2026-09-12T21:46:06-05:00,PUR_IED_Palestina_S1101_db9198,PUR_IED_Palestina_S1101_db9198,,,,,
2026-09-12T21:46:06-05:00,PUR_IED_Palestina_S1102_dc54fa,PUR_IED_Palestina_S1102_dc54fa,,,,,
2026-09-12T21:46:06-05:00,PUR_IED_Palestina_ext_4ccce6,PUR_IED_Palestina_ext_4ccce6,,,,,
2026-09-12T21:46:06-05:00,PUR_IED_Panama_Fisica_4d0794,PUR_IED_Panama_Fisica_4d0794,,,,,
2026-09-12T21:46:06-05:00,PUR_IED_Panama_SIngles_a4077e,PUR_IED_Panama_SIngles_a4077e,,,,,
2026-09-12T21:46:06-05:00,PUR_IED_Panama_ext_4c54b4,PUR_IED_Panama_ext_4c54b4,,,,,
2026-09-12T21:46:06-05:00,PUR_IED_ParaisoM_Exterior_8cd7f0,PUR_IED_ParaisoM_Exterior_8cd7f0,,,,,
2026-09-12T21:46:06-05:00,PUR_IED_ParaisoM_Laborato_27af35,PUR_IED_ParaisoM_Laborato_27af35,,,,,
2026-09-12T21:46:06-05:00,PUR_IED_ParaisoM_S304_d1edca,PUR_IED_ParaisoM_S304_d1edca,,,,,
2026-09-12T21:46:06-05:00,PUR_IED_PorfirioBarba_Ext_301466,PUR_IED_PorfirioBarba_Ext_301466,,,,,
2026-09-12T21:46:06-05:00,PUR_IED_PorfirioBarba_S11_df6cd2,PUR_IED_PorfirioBarba_S11_df6cd2,,,,,
2026-09-12T21:46:06-05:00,PUR_IED_PorfirioBarba_S29_27a7d6,PUR_IED_PorfirioBarba_S29_27a7d6,,,,,
2026-09-12T21:46:06-05:00,PUR_IED_PradoV_Exter_8b27ad,PUR_IED_PradoV_Exter_8b27ad,,,,,
2026-09-12T21:46:06-05:00,PUR_IED_PradoV_S301_de65b5,PUR_IED_PradoV_S301_de65b5,,,,,
2026-09-12T21:46:06-05:00,PUR_IED_PradoV_S302_7d2593,PUR_IED_PradoV_S302_7d2593,,,,,
2026-09-12T21:46:06-05:00,PUR_IED_QuirogaAlz_Ext_1ddc82,PUR_IED_QuirogaAlz_Ext_1ddc82,,,,,
2026-09-12T21:46:06-05:00,PUR_IED_QuirogaAlz_S302_9926a3,PUR_IED_QuirogaAlz_S302_9926a3,,,,,
2026-09-12T21:46:06-05:00,PUR_IED_QuirogaAlz_S305_cdf1f1,PUR_IED_QuirogaAlz_S305_cdf1f1,,,,,
2026-09-12T21:46:06-05:00,PUR_IED_RGuatemala_Biling_dc53b7,PUR_IED_RGuatemala_Biling_dc53b7,,,,,
2026-09-12T21:46:06-05:00,PUR_IED_RGuatemala_Ext_1b89a3,PUR_IED_RGuatemala_Ext_1b89a3,,,,,
2026-09-12T21:46:06-05:00,PUR_IED_RGuatemala_Tecnol_281a34,PUR_IED_RGuatemala_Tecnol_281a34,,,,,
2026-09-12T21:46:06-05:00,PUR_IED_RafaNu_Ext_f7c302,PUR_IED_RafaNu_Ext_f7c302,,,,,
2026-09-12T21:46:06-05:00,PUR_IED_RafaNu_S1101_25fde,PUR_IED_RafaNu_S1101_25fde,,,,,
2026-09-12T21:46:06-05:00,PUR_IED_RafaNu_S1102_281517,PUR_IED_RafaNu_S1102_281517,,,,,
2026-09-12T21:46:06-05:00,PUR_IED_RafaelB_S305_ee2783,PUR_IED_RafaelB_S305_ee2783,,,,,
2026-09-12T21:46:06-05:00,PUR_IED_RafaelB_S306_75fe33,PUR_IED_RafaelB_S306_75fe33,,,,,
2026-09-12T21:46:06-05:00,PUR_IED_RafaelB_ext_283336,PUR_IED_RafaelB_ext_283336,3,18,61,4.6722,-74.0737
2026-09-12T21:46:06-05:00,PUR_IED_RafaelUU_Exterior_281a51,PUR_IED_RafaelUU_Exterior_281a51,,,,,
2026-09-12T21:46:06-05:00,PUR_IED_RafaelUU_Human_806b2,PUR_IED_RafaelUU_Human_806b2,,,,,
2026-09-12T21:46:06-05:00,PUR_IED_RafaelUU_Mate2_5680d4,PUR_IED_RafaelUU_Mate2_5680d4,,,,,
2026-09-12T21:46:06-05:00,PUR_IED_RamonSub_Ext_f9eeb9,PUR_IED_RamonSub_Ext_f9eeb9,,,,,
2026-09-12T21:46:06-05:00,PUR_IED_RamonSub_Media_d1f62f,PUR_IED_RamonSub_Media_d1f62f,,,,,
2026-09-12T21:46:06-05:00,PUR_IED_RamonSub_planta_51b82,PUR_IED_RamonSub_planta_51b82,,,,,
2026-09-12T21:46:06-05:00,PUR_IED_RepBoliVene_Exter_27af7c,PUR_IED_RepBoliVene_Exter_27af7c,,,,,
2026-09-12T21:46:06-05:00,PUR_IED_RepBoliVene_SCPT_5ae2ee,PUR_IED_RepBoliVene_SCPT_5ae2ee,,,,,
2026-09-12T21:46:06-05:00,PUR_IED_RepBoliVene_Socia_4b11d5,PUR_IED_RepBoliVene_Socia_4b11d5,,,,,
2026-09-12T21:46:06-05:00,PUR_IED_RepChina_Ext_76d9ee,PUR_IED_RepChina_Ext_76d9ee,,,,,
2026-09-12T21:46:06-05:00,PUR_IED_RepChina_S404_7c804c,PUR_IED_RepChina_S404_7c804c,,,,,
2026-09-12T21:46:06-05:00,PUR_IED_RepChina_S405_df2c33,PUR_IED_RepChina_S405_df2c33,,,,,
2026-09-12T21:46:06-05:00,PUR_IED_RepublicaC_Exteri_7d1ec9,PUR_IED_RepublicaC_Exteri_7d1ec9,,,,,
2026-09-12T21:46:06-05:00,PUR_IED_RepublicaC_S1101_f544b3,PUR_IED_RepublicaC_S1101_f544b3,,,,,
2026-09-12T21:46:06-05:00,PUR_IED_RepublicaC_S1102_7aafc7,PUR_IED_RepublicaC_S1102_7aafc7,,,,,
2026-09-12T21:46:06-05:00,PUR_IED_Ricaurte_Externo_a0ea1,PUR_IED_Ricaurte_Externo_a0ea1,,,,,
2026-09-12T21:46:06-05:00,PUR_IED_Ricaurte_S210_f546fd,PUR_IED_Ricaurte_S210_f546fd,,,,,
2026-09-12T21:46:06-05:00,PUR_IED_Ricaurte_S309_d4452,PUR_IED_Ricaurte_S309_d4452,,,,,
2026-09-12T21:46:06-05:00,PUR_IED_RogelioS_1102_531e69,PUR_IED_RogelioS_1102_531e69,,,,,
2026-09-12T21:46:06-05:00,PUR_IED_RogelioS_Ext_f25a18,PUR_IED_RogelioS_Ext_f25a18,,,,,
2026-09-12T21:46:06-05:00,PUR_IED_SBernardino_Ext_27aff8,PUR_IED_SBernardino_Ext_27aff8,,,,,
2026-09-12T21:46:06-05:00,PUR_IED_SBernardino_SArte_2ffd33,PUR_IED_SBernardino_SArte_2ffd33,,,,,
2026-09-12T21:46:06-05:00,PUR_IED_SBernardino_SIngl_7c7da5,PUR_IED_SBernardino_SIngl_7c7da5,,,,,
2026-09-12T21:46:06-05:00,PUR_IED_Sago_auditorio_dc9d1d,PUR_IED_Sago_auditorio_dc9d1d,,,,,
2026-09-12T21:46:06-05:00,PUR_IED_Saludcoop_Ext_95aac3,PUR_IED_Saludcoop_Ext_95aac3,,,,,
2026-09-12T21:46:06-05:00,PUR_IED_Saludcoop_InfI_90c854,PUR_IED_Saludcoop_InfI_90c854,,,,,
2026-09-12T21:46:06-05:00,PUR_IED_Saludcoop_SMedia_1b93be,PUR_IED_Saludcoop_SMedia_1b93be,,,,,
2026-09-12T21:46:06-05:00,PUR_IED_SanCarlos_1101_1a2360,PUR_IED_SanCarlos_1101_1a2360,,,,,
2026-09-12T21:46:06-05:00,PUR_IED_SanCarlos_1103_7bafb5,PUR_IED_SanCarlos_1103_7bafb5,,,,,
2026-09-12T21:46:06-05:00,PUR_IED_SanCarlos_Ext_b7cd1,PUR_IED_SanCarlos_Ext_b7cd1,,,,,
2026-09-12T21:46:06-05:00,PUR_IED_SanIgnacioBosa11a_50c26e,PUR_IED_SanIgnacioBosa11a_50c26e,,,,,
2026-09-12T21:46:06-05:00,PUR_IED_SanIgnacioBosa11b_371de8,PUR_IED_SanIgnacioBosa11b_371de8,,,,,
2026-09-12T21:46:06-05:00,PUR_IED_SanIgnacioBosaExt_ef0ffc,PUR_IED_SanIgnacioBosaExt_ef0ffc,,,,,
2026-09-12T21:46:06-05:00,PUR_IED_SanIgnacioBosa_11a_50c26e,PUR_IED_SanIgnacioBosa_11a_50c26e,,,,,
2026-09-12T21:46:06-05:00,PUR_IED_SanIgnacioBosa_Ext_ef0ffc,PUR_IED_SanIgnacioBosa_Ext_ef0ffc,,,,,
2026-09-12T21:46:06-05:00,PUR_IED_SanJoseN_intS1101_31c47f,PUR_IED_SanJoseN_intS1101_31c47f,,,,,
2026-09-12T21:46:06-05:00,PUR_IED_SanJoseUsm_Exter_f5d7e8,PUR_IED_SanJoseUsm_Exter_f5d7e8,,,,,
2026-09-12T21:46:06-05:00,PUR_IED_SanJoseUsm_Int11A_cfdef6,PUR_IED_SanJoseUsm_Int11A_cfdef6,,,,,
2026-09-12T21:46:06-05:00,PUR_IED_SilveriaR_IntB5_905349,PUR_IED_SilveriaR_IntB5_905349,,,,,
2026-09-12T21:46:06-05:00,PUR_IED_SilveriaR_IntSD14_981f93,PUR_IED_SilveriaR_IntSD14_981f93,,,,,
2026-09-12T21:46:06-05:00,PUR_IED_SilveriaR_ext_2b651d,PUR_IED_SilveriaR_ext_2b651d,,,,,
2026-09-12T21:46:06-05:00,PUR_IED_SimonB_Exterior_913975,PUR_IED_SimonB_Exterior_913975,,,,,
2026-09-12T21:46:06-05:00,PUR_IED_SimonB_LabQuimi_c56908,PUR_IED_SimonB_LabQuimi_c56908,,,,,
2026-09-12T21:46:06-05:00,PUR_IED_SimonB_informatic_a28c1,PUR_IED_SimonB_informatic_a28c1,,,,,
2026-09-12T21:46:06-05:00,PUR_IED_Sorrento_1102_315f50,PUR_IED_Sorrento_1102_315f50,,,,,
2026-09-12T21:46:06-05:00,PUR_IED_Sorrento_Minte_214eab,PUR_IED_Sorrento_Minte_214eab,,,,,
2026-09-12T21:46:06-05:00,PUR_IED_Sorrento_ext_7c3a0a,PUR_IED_Sorrento_ext_7c3a0a,,,,,
2026-09-12T21:46:06-05:00,PUR_IED_Tabora_Ext_f048ae,PUR_IED_Tabora_Ext_f048ae,,,,,
2026-09-12T21:46:06-05:00,PUR_IED_Tabora_S1102_b07752,PUR_IED_Tabora_S1102_b07752,,,,,
2026-09-12T21:46:06-05:00,PUR_IED_Tabora_S1103_d988f5,PUR_IED_Tabora_S1103_d988f5,,,,,
2026-09-12T21:46:06-05:00,PUR_IED_Tenerife_Ext_1ab188,PUR_IED_Tenerife_Ext_1ab188,,,,,
2026-09-12T21:46:06-05:00,PUR_IED_Tenerife_SDanzas_7bc02e,PUR_IED_Tenerife_SDanzas_7bc02e,,,,,
2026-09-12T21:46:06-05:00,PUR_IED_Tenerife_SIngles_7cc277,PUR_IED_Tenerife_SIngles_7cc277,,,,,
2026-09-12T21:46:06-05:00,PUR_IED_Tibabuyes_Exter_f2683d,PUR_IED_Tibabuyes_Exter_f2683d,,,,,
2026-09-12T21:46:06-05:00,PUR_IED_Tibabuyes_S10_dc87a8,PUR_IED_Tibabuyes_S10_dc87a8,,,,,
2026-09-12T21:46:06-05:00,PUR_IED_Tibabuyes_S15_dc0526,PUR_IED_Tibabuyes_S15_dc0526,,,,,
2026-09-12T21:46:06-05:00,PUR_IED_UnionE_S301_a1043,PUR_IED_UnionE_S301_a1043,,,,,
2026-09-12T21:46:06-05:00,PUR_IED_UnionE_S307_ff6c2f,PUR_IED_UnionE_S307_ff6c2f,,,,,
2026-09-12T21:46:06-05:00,PUR_IED_UnionE__Ext_5e2468,PUR_IED_UnionE__Ext_5e2468,,,,,
2026-09-12T21:46:06-05:00,PUR_IED_VillaRica_Ext_75be7c,PUR_IED_VillaRica_Ext_75be7c,,,,,
2026-09-12T21:46:06-05:00,PUR_IED_VillaRica_S4_cc5dcd,PUR_IED_VillaRica_S4_cc5dcd,,,,,
2026-09-12T21:46:06-05:00,PUR_IED_VillaRica_Sesp_99f5c,PUR_IED_VillaRica_Sesp_99f5c,,,,,
2026-09-12T21:51:07-05:00,PUR_IED_20deJulio_1101_91b1b9,PUR_IED_20deJulio_1101_91b1b9,,,,,
2026-09-12T21:51:07-05:00,PUR_IED_20deJulio_1102_1cfcf9,PUR_IED_20deJulio_1102_1cfcf9,,,,,
2026-09-12T21:51:07-05:00,PUR_IED_20deJulio_Ext_ab60bd,PUR_IED_20deJulio_Ext_ab60bd,,,,,
2026-09-12T21:51:07-05:00,PUR_IED_AgustinFer_Ext_7b9b77,PUR_IED_AgustinFer_Ext_7b9b77,,,,,
2026-09-12T21:51:07-05:00,PUR_IED_AgustinFer_Info2_27b3a7,PUR_IED_AgustinFer_Info2_27b3a7,,,,,
2026-09-12T21:51:07-05:00,PUR_IED_AgustinFer_Sena_54b4eb,PUR_IED_AgustinFer_Sena_54b4eb,,,,,
2026-09-12T21:51:07-05:00,PUR_IED_AlexanderF_1102_caf07b,PUR_IED_AlexanderF_1102_caf07b,,,,,
2026-09-12T21:51:07-05:00,PUR_IED_AlexanderF_1103_c79e71,PUR_IED_AlexanderF_1103_c79e71,,,,,
2026-09-12T21:51:07-05:00,PUR_IED_AlexanderF_Ext_c5b18b,PUR_IED_AlexanderF_Ext_c5b18b,,,,,
2026-09-12T21:51:07-05:00,PUR_IED_AlfonsoLopez_Ext_281d77,PUR_IED_AlfonsoLopez_Ext_281d77,,,,,
2026-09-12T21:51:07-05:00,PUR_IED_AlfonsoLopez_LabF_888ce0,PUR_IED_AlfonsoLopez_LabF_888ce0,,,,,
2026-09-12T21:51:07-05:00,PUR_IED_AlfonsoLopez_SMed_df6a7f,PUR_IED_AlfonsoLopez_SMed_df6a7f,,,,,
2026-09-12T21:51:07-05:00,PUR_IED_AltamiraSO_A2_209f92,PUR_IED_AltamiraSO_A2_209f92,,,,,
2026-09-12T21:51:07-05:00,PUR_IED_AltamiraSO_Ext_186d66,PUR_IED_AltamiraSO_Ext_186d66,,,,,
2026-09-12T21:51:07-05:00,PUR_IED_AltamiraSO_Sistem_27afe1,PUR_IED_AltamiraSO_Sistem_27afe1,,,,,
2026-09-12T21:51:07-05:00,PUR_IED_AlvaroGom_LabQuim_813179,PUR_IED_AlvaroGom_LabQuim_813179,,,,,
2026-09-12T21:51:07-05:00,PUR_IED_AlvaroGomez_Ext_47c7ca,PUR_IED_AlvaroGomez_Ext_47c7ca,,,,,
2026-09-12T21:51:07-05:00,PUR_IED_AlvaroGomez_LabQuim_813179,PUR_IED_AlvaroGomez_LabQuim_813179,,,,,
2026-09-12T21:51:07-05:00,PUR_IED_AlvaroGomez_S23_7ba89f,PUR_IED_AlvaroGomez_S23_7ba89f,,,,,
2026-09-12T21:51:07-05:00,PUR_IED_Amistad_306_dc8728,PUR_IED_Amistad_306_dc8728,,,,,
2026-09-12T21:51:07-05:00,PUR_IED_Amistad_Ext_8cd55e,PUR_IED_Amistad_Ext_8cd55e,,,,,
2026-09-12T21:51:07-05:00,PUR_IED_Amistad_S202_a41169,PUR_IED_Amistad_S202_a41169,,,,,
2026-09-12T21:51:07-05:00,PUR_IED_AndresBello_Bio_fd5f5e,PUR_IED_AndresBello_Bio_fd5f5e,,,,,
2026-09-12T21:51:07-05:00,PUR_IED_AndresBello_ext_dcad65,PUR_IED_AndresBello_ext_dcad65,,,,,
2026-09-12T21:51:07-05:00,PUR_IED_AndresBello_port_eed3ec,PUR_IED_AndresBello_port_eed3ec,,,,,
2026-09-12T21:51:07-05:00,PUR_IED_AngelaR_11b_d90a6b,PUR_IED_AngelaR_11b_d90a6b,,,,,
2026-09-12T21:51:07-05:00,PUR_IED_AngelaR_ext_7cad3e,PUR_IED_AngelaR_ext_7cad3e,3,19,63,4.5825,-74.164497
2026-09-12T21:51:07-05:00,PUR_IED_AntJoseSucre_10mo_df2575,PUR_IED_AntJoseSucre_10mo_df2575,,,,,
2026-09-12T21:51:07-05:00,PUR_IED_AntJoseSucre_Ext_215b36,PUR_IED_AntJoseSucre_Ext_215b36,,,,,
2026-09-12T21:51:07-05:00,PUR_IED_AntJoseSucre_Lab_3139de,PUR_IED_AntJoseSucre_Lab_3139de,,,,,
2026-09-12T21:51:07-05:00,PUR_IED_AntonioGarcia_301_d6b188,PUR_IED_AntonioGarcia_301_d6b188,,,,,
2026-09-12T21:51:07-05:00,PUR_IED_AntonioGarcia_302_88a82,PUR_IED_AntonioGarcia_302_88a82,,,,,
2026-09-12T21:51:07-05:00,PUR_IED_AntonioGarcia_Ext_20950c,PUR_IED_AntonioGarcia_Ext_20950c,,,,,
2026-09-12T21:51:07-05:00,PUR_IED_AntonioVan_Aula2_6dea02,PUR_IED_AntonioVan_Aula2_6dea02,,,,,
2026-09-12T21:51:07-05:00,PUR_IED_AntonioVan_Aula5_f1557e,PUR_IED_AntonioVan_Aula5_f1557e,,,,,
2026-09-12T21:51:07-05:00,PUR_IED_AntonioVan_Ext_406f2f,PUR_IED_AntonioVan_Ext_406f2f,,,,,
2026-09-12T21:51:07-05:00,PUR_IED_Atabanzha_Ext_cc5af9,PUR_IED_Atabanzha_Ext_cc5af9,,,,,
2026-09-12T21:51:07-05:00,PUR_IED_Atabanzha_SA101_56c37,PUR_IED_Atabanzha_SA101_56c37,,,,,
2026-09-12T21:51:07-05:00,PUR_IED_Atabanzha_SB302_27b374,PUR_IED_Atabanzha_SB302_27b374,,,,,
2026-09-12T21:51:07-05:00,PUR_IED_Atahualpa_Ext_fc1748,PUR_IED_Atahualpa_Ext_fc1748,,,,,
2026-09-12T21:51:07-05:00,PUR_IED_Atahualpa_Informa_dc9a95,PUR_IED_Atahualpa_Informa_dc9a95,,,,,
2026-09-12T21:51:07-05:00,PUR_IED_Atahualpa_S1101_f98056,PUR_IED_Atahualpa_S1101_f98056,,,,,
2026-09-12T21:51:07-05:00,PUR_IED_Bellavista_Ext_f5aa74,PUR_IED_Bellavista_Ext_f5aa74,,,,,
2026-09-12T21:51:07-05:00,PUR_IED_Bilbao_11A_916c41,PUR_IED_Bilbao_11A_916c41,,,,,
2026-09-12T21:51:07-05:00,PUR_IED_Bilbao_Ext_fb579a,PUR_IED_Bilbao_Ext_fb579a,,,,,
2026-09-12T21:51:07-05:00,PUR_IED_BrasiliaU_A125_304280,PUR_IED_BrasiliaU_A125_304280,,,,,
2026-09-12T21:51:07-05:00,PUR_IED_BrasiliaU_A203_7c8ca5,PUR_IED_BrasiliaU_A203_7c8ca5,,,,,
2026-09-12T21:51:07-05:00,PUR_IED_BrasiliaU_Ext_8d6e9f,PUR_IED_BrasiliaU_Ext_8d6e9f,9,17,64,4.5175,-74.116302
2026-09-12T21:51:07-05:00,PUR_IED_Brasilia_Ext_fe6593,PUR_IED_Brasilia_Ext_fe6593,,,,,
2026-09-12T21:51:07-05:00,PUR_IED_Brasilia_S24_7c130d,PUR_IED_Brasilia_S24_7c130d,,,,,
2026-09-12T21:51:07-05:00,PUR_IED_Brasilia_S501_186a54,PUR_IED_Brasilia_S501_186a54,,,,,
2026-09-12T21:51:07-05:00,PUR_IED_CHARRY_EXT_f1d5cd,PUR_IED_CHARRY_EXT_f1d5cd,,,,,
2026-09-12T21:51:07-05:00,PUR_IED_CHARRY_INTDANZAS_7a08e6,PUR_IED_CHARRY_INTDANZAS_7a08e6,,,,,
2026-09-12T21:51:07-05:00,PUR_IED_CHARRY_INT_AULA20_dc998d,PUR_IED_CHARRY_INT_AULA20_dc998d,,,,,
2026-09-12T21:51:07-05:00,PUR_IED_COLVIV_1101_S25_7f520a,PUR_IED_COLVIV_1101_S25_7f520a,,,,,
2026-09-12T21:51:07-05:00,PUR_IED_COLVIV_1102_S16_f570ba,PUR_IED_COLVIV_1102_S16_f570ba,,,,,
2026-09-12T21:51:07-05:00,PUR_IED_COLVIV_Ext_1a26fa,PUR_IED_COLVIV_Ext_1a26fa,,,,,
2026-09-12T21:51:07-05:00,PUR_IED_CULPOP_301A_f660f3,PUR_IED_CULPOP_301A_f660f3,,,,,
2026-09-12T21:51:07-05:00,PUR_IED_CULPOP_303_568afe,PUR_IED_CULPOP_303_568afe,,,,,
2026-09-12T21:51:07-05:00,PUR_IED_CULPOP_Ext_e02ccb,PUR_IED_CULPOP_Ext_e02ccb,,,,,
2026-09-12T21:51:07-05:00,PUR_IED_CVillavicen_Ext_26eb58,PUR_IED_CVillavicen_Ext_26eb58,5,16,77,4.487,-74.102798
2026-09-12T21:51:07-05:00,PUR_IED_CVillavicen_Intel_1ce5c2,PUR_IED_CVillavicen_Intel_1ce5c2,,,,,
2026-09-12T21:51:07-05:00,PUR_IED_CVillavicen_Poliv_e0766c,PUR_IED_CVillavicen_Poliv_e0766c,,,,,
2026-09-12T21:51:07-05:00,PUR_IED_CVillavicen_int_1ba140,PUR_IED_CVillavicen_int_1ba140,,,,,
2026-09-12T21:51:07-05:00,PUR_IED_CVillavicen_intel_1ba140,PUR_IED_CVillavicen_intel_1ba140,,,,,
2026-09-12T21:51:07-05:00,PUR_IED_CarlosPizarro_Ext_e307cc,PUR_IED_CarlosPizarro_Ext_e307cc,,,,,
2026-09-12T21:51:07-05:00,PUR_IED_CarlosPizarro_L36_7e5cdb,PUR_IED_CarlosPizarro_L36_7e5cdb,,,,,
2026-09-12T21:51:07-05:00,PUR_IED_CarlosPizarro_L37_c8566c,PUR_IED_CarlosPizarro_L37_c8566c,,,,,
2026-09-12T21:51:07-05:00,PUR_IED_Castilla_Ext_cf35f,PUR_IED_Castilla_Ext_cf35f,,,,,
2026-09-12T21:51:07-05:00,PUR_IED_Castilla_SFisik_360e38,PUR_IED_Castilla_SFisik_360e38,,,,,
2026-09-12T21:51:07-05:00,PUR_IED_Castilla_Sc304_496fbf,PUR_IED_Castilla_Sc304_496fbf,,,,,
2026-09-12T21:51:07-05:00,PUR_IED_CervantesSa_Ext_6b57b,PUR_IED_CervantesSa_Ext_6b57b,6,18,67,4.5128,-74.117203
2026-09-12T21:51:07-05:00,PUR_IED_CervantesSa_S107_225c2b,PUR_IED_CervantesSa_S107_225c2b,,,,,
2026-09-12T21:51:07-05:00,PUR_IED_CervantesSa_S108_940925,PUR_IED_CervantesSa_S108_940925,,,,,
2026-09-12T21:51:07-05:00,PUR_IED_Charry_A20_f53e7c,PUR_IED_Charry_A20_f53e7c,,,,,
2026-09-12T21:51:07-05:00,PUR_IED_Charry_Ext_f1d5cd,PUR_IED_Charry_Ext_f1d5cd,,,,,
2026-09-12T21:51:07-05:00,PUR_IED_Charry_IntAula20_dc998d,PUR_IED_Charry_IntAula20_dc998d,,,,,
2026-09-12T21:51:07-05:00,PUR_IED_Charry_IntDanzas_7a08e6,PUR_IED_Charry_IntDanzas_7a08e6,,,,,
2026-09-12T21:51:07-05:00,PUR_IED_ClememciaC_203_43e2fc,PUR_IED_ClememciaC_203_43e2fc,,,,,
2026-09-12T21:51:07-05:00,PUR_IED_ClememciaC_Ext_1b411a,PUR_IED_ClememciaC_Ext_1b411a,,,,,
2026-09-12T21:51:07-05:00,PUR_IED_ClememciaC_Quimic_44b5fc,PUR_IED_ClememciaC_Quimic_44b5fc,,,,,
2026-09-12T21:51:07-05:00,PUR_IED_ClemenciaC_203_43e2fc,PUR_IED_ClemenciaC_203_43e2fc,,,,,
2026-09-12T21:51:07-05:00,PUR_IED_ClemenciaC_Ext_1b411a,PUR_IED_ClemenciaC_Ext_1b411a,,,,,
2026-09-12T21:51:07-05:00,PUR_IED_ClemenciaC_Quimic_44b5fc,PUR_IED_ClemenciaC_Quimic_44b5fc,,,,,
2026-09-12T21:51:07-05:00,PUR_IED_ColViva_1101_S25_7f520a,PUR_IED_ColViva_1101_S25_7f520a,,,,,
2026-09-12T21:51:07-05:00,PUR_IED_ColViva_1102_S16_f570ba,PUR_IED_ColViva_1102_S16_f570ba,,,,,
2026-09-12T21:51:07-05:00,PUR_IED_ColViva_Ext_1a26fa,PUR_IED_ColViva_Ext_1a26fa,,,,,
2026-09-12T21:51:07-05:00,PUR_IED_ColegioBici_Asist_7c8798,PUR_IED_ColegioBici_Asist_7c8798,,,,,
2026-09-12T21:51:07-05:00,PUR_IED_ColegioBici_Ext_25cbf6,PUR_IED_ColegioBici_Ext_25cbf6,,,,,
2026-09-12T21:51:07-05:00,PUR_IED_ColegioBici_LabQ_7b57db,PUR_IED_ColegioBici_LabQ_7b57db,,,,,
2026-09-12T21:51:07-05:00,PUR_IED_CostaRica_Ext_5e640,PUR_IED_CostaRica_Ext_5e640,,,,,
2026-09-12T21:51:07-05:00,PUR_IED_CostaRica_Quim1_766d1c,PUR_IED_CostaRica_Quim1_766d1c,,,,,
2026-09-12T21:51:07-05:00,PUR_IED_CostaRica__Fisica_6f0873,PUR_IED_CostaRica__Fisica_6f0873,,,,,
2026-09-12T21:51:07-05:00,PUR_IED_CulPopu_301A_f660f3,PUR_IED_CulPopu_301A_f660f3,,,,,
2026-09-12T21:51:07-05:00,PUR_IED_CulPopu_303_568afe,PUR_IED_CulPopu_303_568afe,,,,,
2026-09-12T21:51:07-05:00,PUR_IED_CulPopu_Ext_e02ccb,PUR_IED_CulPopu_Ext_e02ccb,,,,,
2026-09-12T21:51:07-05:00,PUR_IED_Cundinamarca_Ext_f15985,PUR_IED_Cundinamarca_Ext_f15985,,,,,
2026-09-12T21:51:07-05:00,PUR_IED_Cundinamarca_Info_7aa5d7,PUR_IED_Cundinamarca_Info_7aa5d7,,,,,
2026-09-12T21:51:07-05:00,PUR_IED_Cundinamarca_Tec2_f449c7,PUR_IED_Cundinamarca_Tec2_f449c7,,,,,
2026-09-12T21:51:07-05:00,PUR_IED_DiegoM_Aula1_27b314,PUR_IED_DiegoM_Aula1_27b314,,,,,
2026-09-12T21:51:07-05:00,PUR_IED_DiegoM_Ext_d80ac8,PUR_IED_DiegoM_Ext_d80ac8,,,,,
2026-09-12T21:51:07-05:00,PUR_IED_DiegoM_S25_da928f,PUR_IED_DiegoM_S25_da928f,,,,,
2026-09-12T21:51:07-05:00,PUR_IED_ELRODEO_360881,PUR_IED_ELRODEO_360881,,,,,
2026-09-12T21:51:07-05:00,PUR_IED_ELRODEO_ext_360881,PUR_IED_ELRODEO_ext_360881,,,,,
2026-09-12T21:51:07-05:00,PUR_IED_EduardoU_Ext_1c1969,PUR_IED_EduardoU_Ext_1c1969,,,,,
2026-09-12T21:51:07-05:00,PUR_IED_EduardoU_SCiencia_4dfb94,PUR_IED_EduardoU_SCiencia_4dfb94,,,,,
2026-09-12T21:51:07-05:00,PUR_IED_EduardoU_SQuimica_5a46e7,PUR_IED_EduardoU_SQuimica_5a46e7,,,,,
2026-09-12T21:51:07-05:00,PUR_IED_ElRodeo_Aula14_676984,PUR_IED_ElRodeo_Aula14_676984,,,,,
2026-09-12T21:51:07-05:00,PUR_IED_ElRodeo_Aula16_2dd35b,PUR_IED_ElRodeo_Aula16_2dd35b,,,,,
2026-09-12T21:51:07-05:00,PUR_IED_ElRodeo_Ext_360881,PUR_IED_ElRodeo_Ext_360881,,,,,
2026-09-12T21:51:07-05:00,PUR_IED_ElRodeo_Exterior_8c6d28,PUR_IED_ElRodeo_Exterior_8c6d28,,,,,
2026-09-12T21:51:07-05:00,PUR_IED_ElRodeo_ext_360881,PUR_IED_ElRodeo_ext_360881,,,,,
2026-09-12T21:51:07-05:00,PUR_IED_EmmaReyes_Ext_987625,PUR_IED_EmmaReyes_Ext_987625,6,21,52,4.6367,-74.1511
2026-09-12T21:51:07-05:00,PUR_IED_Ensueño_Ext_7f0250,PUR_IED_Ensueño_Ext_7f0250,,,,,
2026-09-12T21:51:07-05:00,PUR_IED_EscNormal_Ext_5fef3b,PUR_IED_EscNormal_Ext_5fef3b,3,19,60,4.5852,-74.096901
2026-09-12T21:51:07-05:00,PUR_IED_EscNormal_S309_5b263,PUR_IED_EscNormal_S309_5b263,,,,,
2026-09-12T21:51:07-05:00,PUR_IED_EscNormal_S310_27b3b8,PUR_IED_EscNormal_S310_27b3b8,,,,,
2026-09-12T21:51:07-05:00,PUR_IED_Evangelista_Conta_f6cd4f,PUR_IED_Evangelista_Conta_f6cd4f,,,,,
2026-09-12T21:51:07-05:00,PUR_IED_Evangelista_Cri_5e16a,PUR_IED_Evangelista_Cri_5e16a,,,,,
2026-09-12T21:51:07-05:00,PUR_IED_Evangelista_Exter_754066,PUR_IED_Evangelista_Exter_754066,,,,,
2026-09-12T21:51:07-05:00,PUR_IED_FMiranda_S209_5cc2a3,PUR_IED_FMiranda_S209_5cc2a3,,,,,
2026-09-12T21:51:07-05:00,PUR_IED_FMiranda_S303_19e344,PUR_IED_FMiranda_S303_19e344,,,,,
2026-09-12T21:51:07-05:00,PUR_IED_FMiranda_ext_f53e7c,PUR_IED_FMiranda_ext_f53e7c,,,,,
2026-09-12T21:51:07-05:00,PUR_IED_FabioLozano_Bibli_1cee05,PUR_IED_FabioLozano_Bibli_1cee05,,,,,
2026-09-12T21:51:07-05:00,PUR_IED_FabioLozano_Ext_6ea285,PUR_IED_FabioLozano_Ext_6ea285,,,,,
2026-09-12T21:51:07-05:00,PUR_IED_FabioLozano_SLudi_f09e1e,PUR_IED_FabioLozano_SLudi_f09e1e,,,,,
2026-09-12T21:51:07-05:00,PUR_IED_FaustinoS_Aula07_27a731,PUR_IED_FaustinoS_Aula07_27a731,,,,,
2026-09-12T21:51:07-05:00,PUR_IED_FaustinoS_Ext_7b936f,PUR_IED_FaustinoS_Ext_7b936f,,,,,
2026-09-12T21:51:07-05:00,PUR_IED_FaustinoS_Fisica_da2c60,PUR_IED_FaustinoS_Fisica_da2c60,,,,,
2026-09-12T21:51:07-05:00,PUR_IED_FeGarciaLo_Ext_dc68ee,PUR_IED_FeGarciaLo_Ext_dc68ee,,,,,
2026-09-12T21:51:07-05:00,PUR_IED_FeGarciaLo_SDanza_f70a59,PUR_IED_FeGarciaLo_SDanza_f70a59,,,,,
2026-09-12T21:51:07-05:00,PUR_IED_FeGarciaLo_SMusic_125cdd,PUR_IED_FeGarciaLo_SMusic_125cdd,,,,,
2026-09-12T21:51:07-05:00,PUR_IED_FederalAlema_Exte_50c345,PUR_IED_FederalAlema_Exte_50c345,,,,,
2026-09-12T21:51:07-05:00,PUR_IED_FederalAlema_S31_f18371,PUR_IED_FederalAlema_S31_f18371,,,,,
2026-09-12T21:51:07-05:00,PUR_IED_FederalAlema_S901_a62cd,PUR_IED_FederalAlema_S901_a62cd,,,,,
2026-09-12T21:51:07-05:00,PUR_IED_FilarmonicaS_A5_f35eb1,PUR_IED_FilarmonicaS_A5_f35eb1,,,,,
2026-09-12T21:51:07-05:00,PUR_IED_FilarmonicaS_Ext_8a3bde,PUR_IED_FilarmonicaS_Ext_8a3bde,,,,,
2026-09-12T21:51:07-05:00,PUR_IED_FilarmonicaS_Spol_406114,PUR_IED_FilarmonicaS_Spol_406114,,,,,
2026-09-12T21:51:07-05:00,PUR_IED_FlorentinoG_A13_d1fa59,PUR_IED_FlorentinoG_A13_d1fa59,,,,,
2026-09-12T21:51:07-05:00,PUR_IED_FlorentinoG_Ext_1ce6ce,PUR_IED_FlorentinoG_Ext_1ce6ce,,,,,
2026-09-12T21:51:07-05:00,PUR_IED_FlorentinoG_Idiom_a66aac,PUR_IED_FlorentinoG_Idiom_a66aac,,,,,
2026-09-12T21:51:07-05:00,PUR_IED_FranciscoMati_Ext_e3869d,PUR_IED_FranciscoMati_Ext_e3869d,,,,,
2026-09-12T21:51:07-05:00,PUR_IED_FranciscoMati_S13_f31c67,PUR_IED_FranciscoMati_S13_f31c67,,,,,
2026-09-12T21:51:07-05:00,PUR_IED_FranciscoMati_S14_97dead,PUR_IED_FranciscoMati_S14_97dead,,,,,
2026-09-12T21:51:07-05:00,PUR_IED_FranciscoPS_Ext_7bfa9a,PUR_IED_FranciscoPS_Ext_7bfa9a,3,20,60,4.5899,-74.110397
2026-09-12T21:51:07-05:00,PUR_IED_FranciscoPS_Infor_fb8f4c,PUR_IED_FranciscoPS_Infor_fb8f4c,,,,,
2026-09-12T21:51:07-05:00,PUR_IED_FranciscoPS_Quimi_94d39c,PUR_IED_FranciscoPS_Quimi_94d39c,,,,,
2026-09-12T21:51:07-05:00,PUR_IED_FranciscoP_LabQ_d7e148,PUR_IED_FranciscoP_LabQ_d7e148,,,,,
2026-09-12T21:51:07-05:00,PUR_IED_FranciscoP_S28_cf9b30,PUR_IED_FranciscoP_S28_cf9b30,,,,,
2026-09-12T21:51:07-05:00,PUR_IED_FranciscoP_ext_e2313,PUR_IED_FranciscoP_ext_e2313,,,,,
2026-09-12T21:51:07-05:00,PUR_IED_FriederichN_Ext_8ac92a,PUR_IED_FriederichN_Ext_8ac92a,,,,,
2026-09-12T21:51:07-05:00,PUR_IED_FriederichN_S301_dd7e5a,PUR_IED_FriederichN_S301_dd7e5a,,,,,
2026-09-12T21:51:07-05:00,PUR_IED_FriederichN_S308_761f4f,PUR_IED_FriederichN_S308_761f4f,,,,,
2026-09-12T21:51:07-05:00,PUR_IED_GSantander_Aula10_533dd7,PUR_IED_GSantander_Aula10_533dd7,,,,,
2026-09-12T21:51:07-05:00,PUR_IED_GSantander_Aula12_fd4e4f,PUR_IED_GSantander_Aula12_fd4e4f,,,,,
2026-09-12T21:51:07-05:00,PUR_IED_GSantander_Aula310_533dd7,PUR_IED_GSantander_Aula310_533dd7,,,,,
2026-09-12T21:51:07-05:00,PUR_IED_GSantander_Aula312_fd4e4f,PUR_IED_GSantander_Aula312_fd4e4f,,,,,
2026-09-12T21:51:07-05:00,PUR_IED_GSantander_Ext_5f66b0,PUR_IED_GSantander_Ext_5f66b0,,,,,
2026-09-12T21:51:07-05:00,PUR_IED_GYomasa_Ext_f6bea5,PUR_IED_GYomasa_Ext_f6bea5,,,,,
2026-09-12T21:51:07-05:00,PUR_IED_GYomasa_LBiol_2c41aa,PUR_IED_GYomasa_LBiol_2c41aa,,,,,
2026-09-12T21:51:07-05:00,PUR_IED_GYomasa_LQuim_33c80,PUR_IED_GYomasa_LQuim_33c80,,,,,
2026-09-12T21:51:07-05:00,PUR_IED_GabBetMejia_Cienc_5a99c,PUR_IED_GabBetMejia_Cienc_5a99c,,,,,
2026-09-12T21:51:07-05:00,PUR_IED_GabBetMejia_Ext_9153d0,PUR_IED_GabBetMejia_Ext_9153d0,,,,,
2026-09-12T21:51:07-05:00,PUR_IED_GabBetMejia_Lab_f55347,PUR_IED_GabBetMejia_Lab_f55347,,,,,
2026-09-12T21:51:07-05:00,PUR_IED_GabBetanMejia_Ext_9153d0,PUR_IED_GabBetanMejia_Ext_9153d0,,,,,
2026-09-12T21:51:07-05:00,PUR_IED_Gaitana_Aula13_7aac11,PUR_IED_Gaitana_Aula13_7aac11,,,,,
2026-09-12T21:51:07-05:00,PUR_IED_Gaitana_Ext_5fcf4,PUR_IED_Gaitana_Ext_5fcf4,,,,,
2026-09-12T21:51:07-05:00,PUR_IED_Gaitana_LabFisica_644448,PUR_IED_Gaitana_LabFisica_644448,,,,,
2026-09-12T21:51:07-05:00,PUR_IED_GenSantander_Dise_8ac858,PUR_IED_GenSantander_Dise_8ac858,,,,,
2026-09-12T21:51:07-05:00,PUR_IED_GenSantander_Ext_8d5dfe,PUR_IED_GenSantander_Ext_8d5dfe,,,,,
2026-09-12T21:51:07-05:00,PUR_IED_GenSantander_Info_6c25b,PUR_IED_GenSantander_Info_6c25b,,,,,
2026-09-12T21:51:07-05:00,PUR_IED_GustavoMo_Exterio_75e63d,PUR_IED_GustavoMo_Exterio_75e63d,,,,,
2026-09-12T21:51:07-05:00,PUR_IED_GustavoMo_LabFisi_224d37,PUR_IED_GustavoMo_LabFisi_224d37,,,,,
2026-09-12T21:51:07-05:00,PUR_IED_GustavoMo_S208_3e6918,PUR_IED_GustavoMo_S208_3e6918,,,,,
2026-09-12T21:51:07-05:00,PUR_IED_GustavoR_A02_8cd4a8,PUR_IED_GustavoR_A02_8cd4a8,,,,,
2026-09-12T21:51:07-05:00,PUR_IED_GustavoR_B11_5b0ed,PUR_IED_GustavoR_B11_5b0ed,,,,,
2026-09-12T21:51:07-05:00,PUR_IED_GustavoR_Ext_7a0c90,PUR_IED_GustavoR_Ext_7a0c90,,,,,
2026-09-12T21:51:07-05:00,PUR_IED_HernandoDuran_Ext_8cd82b,PUR_IED_HernandoDuran_Ext_8cd82b,,,,,
2026-09-12T21:51:07-05:00,PUR_IED_HernandoDuran_S24_2772c6,PUR_IED_HernandoDuran_S24_2772c6,,,,,
2026-09-12T21:51:07-05:00,PUR_IED_HernandoDuran_S30_f2de41,PUR_IED_HernandoDuran_S30_f2de41,,,,,
2026-09-12T21:51:07-05:00,PUR_IED_HolguInUr_S1101_8cd732,PUR_IED_HolguInUr_S1101_8cd732,,,,,
2026-09-12T21:51:07-05:00,PUR_IED_HolguinUr_Exter_ddae6d,PUR_IED_HolguinUr_Exter_ddae6d,,,,,
2026-09-12T21:51:07-05:00,PUR_IED_HolguinUr_LabQuim_92b952,PUR_IED_HolguinUr_LabQuim_92b952,,,,,
2026-09-12T21:51:07-05:00,PUR_IED_Isabel-II_Ext_5245cc,PUR_IED_Isabel-II_Ext_5245cc,6,19,59,4.6336,-74.153
2026-09-12T21:51:07-05:00,PUR_IED_Isabel-II_S_idiom_1c29aa,PUR_IED_Isabel-II_S_idiom_1c29aa,,,,,
2026-09-12T21:51:07-05:00,PUR_IED_Isabel-II_S_infor_fd741,PUR_IED_Isabel-II_S_infor_fd741,,,,,
2026-09-12T21:51:07-05:00,PUR_IED_IsidroSur_Exterio_5b90ea,PUR_IED_IsidroSur_Exterio_5b90ea,,,,,
2026-09-12T21:51:07-05:00,PUR_IED_IsidroSur_LabTec_56697a,PUR_IED_IsidroSur_LabTec_56697a,,,,,
2026-09-12T21:51:07-05:00,PUR_IED_IsidroSur_Robotic_b7c38f,PUR_IED_IsidroSur_Robotic_b7c38f,,,,,
2026-09-12T21:51:07-05:00,PUR_IED_IsmaelPerd_Ext_7b6672,PUR_IED_IsmaelPerd_Ext_7b6672,,,,,
2026-09-12T21:51:07-05:00,PUR_IED_IsmaelPerd_Inform_306540,PUR_IED_IsmaelPerd_Inform_306540,,,,,
2026-09-12T21:51:07-05:00,PUR_IED_IsmaelPerd_S30_2e2c83,PUR_IED_IsmaelPerd_S30_2e2c83,,,,,
2026-09-12T21:51:07-05:00,PUR_IED_JLozano_Exter_432910,PUR_IED_JLozano_Exter_432910,,,,,
2026-09-12T21:51:07-05:00,PUR_IED_JLozano_salaMulti_df5125,PUR_IED_JLozano_salaMulti_df5125,,,,,
2026-09-12T21:51:07-05:00,PUR_IED_JMCordoba_206_86f80b,PUR_IED_JMCordoba_206_86f80b,,,,,
2026-09-12T21:51:07-05:00,PUR_IED_JMCordoba_Ext_27ad97,PUR_IED_JMCordoba_Ext_27ad97,,,,,
2026-09-12T21:51:07-05:00,PUR_IED_JMCordoba_S310_d59ab4,PUR_IED_JMCordoba_S310_d59ab4,,,,,
2026-09-12T21:51:07-05:00,PUR_IED_Japon_Ext_549100,PUR_IED_Japon_Ext_549100,,,,,
2026-09-12T21:51:07-05:00,PUR_IED_Japon_Laboratorio_bec51d,PUR_IED_Japon_Laboratorio_bec51d,,,,,
2026-09-12T21:51:07-05:00,PUR_IED_Japon_informatica_d99327,PUR_IED_Japon_informatica_d99327,,,,,
2026-09-12T21:51:07-05:00,PUR_IED_Jazmin_Ext_d27bda,PUR_IED_Jazmin_Ext_d27bda,,,,,
2026-09-12T21:51:07-05:00,PUR_IED_Jazmin_Fisica_8d14d7,PUR_IED_Jazmin_Fisica_8d14d7,,,,,
2026-09-12T21:51:07-05:00,PUR_IED_Jazmin_Quimica_801cb5,PUR_IED_Jazmin_Quimica_801cb5,,,,,
2026-09-12T21:51:07-05:00,PUR_IED_JorgeGaitan_Exter_f098d1,PUR_IED_JorgeGaitan_Exter_f098d1,,,,,
2026-09-12T21:51:07-05:00,PUR_IED_JorgeGaitan_STec1_dc9d1d,PUR_IED_JorgeGaitan_STec1_dc9d1d,,,,,
2026-09-12T21:51:07-05:00,PUR_IED_JorgeGaitan_STec2_281e69,PUR_IED_JorgeGaitan_STec2_281e69,,,,,
2026-09-12T21:51:07-05:00,PUR_IED_JorgeSoto_Exterio_d9d0a2,PUR_IED_JorgeSoto_Exterio_d9d0a2,,,,,
2026-09-12T21:51:07-05:00,PUR_IED_JorgeSoto_LabFisi_209c54,PUR_IED_JorgeSoto_LabFisi_209c54,,,,,
2026-09-12T21:51:07-05:00,PUR_IED_JorgeSoto_S103_27b51a,PUR_IED_JorgeSoto_S103_27b51a,,,,,
2026-09-12T21:51:07-05:00,PUR_IED_JoseAcevedo_A02_e965eb,PUR_IED_JoseAcevedo_A02_e965eb,,,,,
2026-09-12T21:51:07-05:00,PUR_IED_JoseAcevedo_A07_dd5b4,PUR_IED_JoseAcevedo_A07_dd5b4,,,,,
2026-09-12T21:51:07-05:00,PUR_IED_JoseAcevedo_Ext_b47484,PUR_IED_JoseAcevedo_Ext_b47484,,,,,
2026-09-12T21:51:07-05:00,PUR_IED_JoseMarti_Exte_5b9bf,PUR_IED_JoseMarti_Exte_5b9bf,,,,,
2026-09-12T21:51:07-05:00,PUR_IED_JoseMarti_LabQuim_1c6c2d,PUR_IED_JoseMarti_LabQuim_1c6c2d,,,,,
2026-09-12T21:51:07-05:00,PUR_IED_JoseMarti_S_info_f5f177,PUR_IED_JoseMarti_S_info_f5f177,,,,,
2026-09-12T21:51:07-05:00,PUR_IED_Josejoaquin_Ext_dfc5dc,PUR_IED_Josejoaquin_Ext_dfc5dc,,,,,
2026-09-12T21:51:07-05:00,PUR_IED_Josejoaquin_S05_5b2a96,PUR_IED_Josejoaquin_S05_5b2a96,,,,,
2026-09-12T21:51:07-05:00,PUR_IED_Josejoaquin_S06_1ce7d2,PUR_IED_Josejoaquin_S06_1ce7d2,,,,,
2026-09-12T21:51:07-05:00,PUR_IED_JulioFlorez_Danza_9b82dd,PUR_IED_JulioFlorez_Danza_9b82dd,,,,,
2026-09-12T21:51:07-05:00,PUR_IED_JulioFlorez_Exter_f9f314,PUR_IED_JulioFlorez_Exter_f9f314,,,,,
2026-09-12T21:51:07-05:00,PUR_IED_JulioFlorez_info2_6b6e08,PUR_IED_JulioFlorez_info2_6b6e08,,,,,
2026-09-12T21:51:07-05:00,PUR_IED_LaBelleza_Aula13_1d00d8,PUR_IED_LaBelleza_Aula13_1d00d8,,,,,
2026-09-12T21:51:07-05:00,PUR_IED_LaBelleza_Ext_7bc08c,PUR_IED_LaBelleza_Ext_7bc08c,,,,,
2026-09-12T21:51:07-05:00,PUR_IED_LaChucua_Ext_8cd6d2,PUR_IED_LaChucua_Ext_8cd6d2,,,,,
2026-09-12T21:51:07-05:00,PUR_IED_LaChucua_S15_f578ce,PUR_IED_LaChucua_S15_f578ce,,,,,
2026-09-12T21:51:07-05:00,PUR_IED_LaChucua_S16_eebcf9,PUR_IED_LaChucua_S16_eebcf9,,,,,
2026-09-12T21:51:07-05:00,PUR_IED_LaFelicidad_Ext_fb5109,PUR_IED_LaFelicidad_Ext_fb5109,,,,,
2026-09-12T21:51:07-05:00,PUR_IED_LaMerced_206_66ebd,PUR_IED_LaMerced_206_66ebd,,,,,
2026-09-12T21:51:07-05:00,PUR_IED_LaMerced_207_6ebd6,PUR_IED_LaMerced_207_6ebd6,,,,,
2026-09-12T21:51:07-05:00,PUR_IED_LaMerced_ext_304311,PUR_IED_LaMerced_ext_304311,,,,,
2026-09-12T21:51:07-05:00,PUR_IED_Laureano_CiencNat_281e5e,PUR_IED_Laureano_CiencNat_281e5e,,,,,
2026-09-12T21:51:07-05:00,PUR_IED_Laureano_Comedor_f65c0a,PUR_IED_Laureano_Comedor_f65c0a,,,,,
2026-09-12T21:51:07-05:00,PUR_IED_Laureano_Exterior_7ab011,PUR_IED_Laureano_Exterior_7ab011,,,,,
2026-09-12T21:51:07-05:00,PUR_IED_LeonGreiff_Exte_dfe560,PUR_IED_LeonGreiff_Exte_dfe560,,,,,
2026-09-12T21:51:07-05:00,PUR_IED_LeonGreiff_S210_f264ed,PUR_IED_LeonGreiff_S210_f264ed,,,,,
2026-09-12T21:51:07-05:00,PUR_IED_LeonGreiff_SQuimi_e8296f,PUR_IED_LeonGreiff_SQuimi_e8296f,,,,,
2026-09-12T21:51:07-05:00,PUR_IED_LlanoOrientalS208_7b9fcd,PUR_IED_LlanoOrientalS208_7b9fcd,,,,,
2026-09-12T21:51:07-05:00,PUR_IED_LlanoOriental_Ext_fb3766,PUR_IED_LlanoOriental_Ext_fb3766,,,,,
2026-09-12T21:51:07-05:00,PUR_IED_LlanoOriental_S208_7b9fcd,PUR_IED_LlanoOriental_S208_7b9fcd,,,,,
2026-09-12T21:51:07-05:00,PUR_IED_LlanoOriental_S9_27b378,PUR_IED_LlanoOriental_S9_27b378,,,,,
2026-09-12T21:51:07-05:00,PUR_IED_LosTejares_1101_477602,PUR_IED_LosTejares_1101_477602,,,,,
2026-09-12T21:51:07-05:00,PUR_IED_LosTejares_11_d2c595,PUR_IED_LosTejares_11_d2c595,,,,,
2026-09-12T21:51:07-05:00,PUR_IED_LosTejares_12_477602,PUR_IED_LosTejares_12_477602,,,,,
2026-09-12T21:51:07-05:00,PUR_IED_LosTejares_Ext_8e2115,PUR_IED_LosTejares_Ext_8e2115,,,,,
2026-09-12T21:51:07-05:00,PUR_IED_MagdalenaO_B202_5ddda3,PUR_IED_MagdalenaO_B202_5ddda3,,,,,
2026-09-12T21:51:07-05:00,PUR_IED_MagdalenaO_B205_fb76e8,PUR_IED_MagdalenaO_B205_fb76e8,,,,,
2026-09-12T21:51:07-05:00,PUR_IED_MagdalenaO_ext_dc69cd,PUR_IED_MagdalenaO_ext_dc69cd,,,,,
2026-09-12T21:51:07-05:00,PUR_IED_ManueCepeda_artes_eee956,PUR_IED_ManueCepeda_artes_eee956,,,,,
2026-09-12T21:51:07-05:00,PUR_IED_ManuelCepeda_Ext_58313,PUR_IED_ManuelCepeda_Ext_58313,,,,,
2026-09-12T21:51:07-05:00,PUR_IED_ManuelCepeda_tec_1c5731,PUR_IED_ManuelCepeda_tec_1c5731,,,,,
2026-09-12T21:51:07-05:00,PUR_IED_ManuelS_Exterior_5b269,PUR_IED_ManuelS_Exterior_5b269,,,,,
2026-09-12T21:51:07-05:00,PUR_IED_ManuelS_Inform_f369ce,PUR_IED_ManuelS_Inform_f369ce,,,,,
2026-09-12T21:51:07-05:00,PUR_IED_ManuelS_SArtes_7d15f1,PUR_IED_ManuelS_SArtes_7d15f1,,,,,
2026-09-12T21:51:07-05:00,PUR_IED_ManuelZapata_303_3ca6,PUR_IED_ManuelZapata_303_3ca6,,,,,
2026-09-12T21:51:07-05:00,PUR_IED_ManuelZapata_311_bfbabc,PUR_IED_ManuelZapata_311_bfbabc,,,,,
2026-09-12T21:51:07-05:00,PUR_IED_ManuelZapata_Ext_50824a,PUR_IED_ManuelZapata_Ext_50824a,,,,,
2026-09-12T21:51:07-05:00,PUR_IED_ManuelitaS_Exteri_656a92,PUR_IED_ManuelitaS_Exteri_656a92,,,,,
2026-09-12T21:51:07-05:00,PUR_IED_ManuelitaS_JuzgDe_f58ec3,PUR_IED_ManuelitaS_JuzgDe_f58ec3,,,,,
2026-09-12T21:51:07-05:00,PUR_IED_ManuelitaS_Recrea_d793db,PUR_IED_ManuelitaS_Recrea_d793db,,,,,
2026-09-12T21:51:07-05:00,PUR_IED_MarFidSuarez_Ext_c27b19,PUR_IED_MarFidSuarez_Ext_c27b19,,,,,
2026-09-12T21:51:07-05:00,PUR_IED_MarFidSuarez_Info_e384d7,PUR_IED_MarFidSuarez_Info_e384d7,,,,,
2026-09-12T21:51:07-05:00,PUR_IED_MarFidSuarez_S306_1d0032,PUR_IED_MarFidSuarez_S306_1d0032,,,,,
2026-09-12T21:51:07-05:00,PUR_IED_Menorah_301_2a25a3,PUR_IED_Menorah_301_2a25a3,,,,,
2026-09-12T21:51:07-05:00,PUR_IED_Menorah_306_37ed3,PUR_IED_Menorah_306_37ed3,,,,,
2026-09-12T21:51:07-05:00,PUR_IED_Menorah_Ext_3e155b,PUR_IED_Menorah_Ext_3e155b,,,,,
2026-09-12T21:51:07-05:00,PUR_IED_MinutoB.Aires_A11_1b1604,PUR_IED_MinutoB.Aires_A11_1b1604,,,,,
2026-09-12T21:51:07-05:00,PUR_IED_MinutoB.Aires_A12_fb5860,PUR_IED_MinutoB.Aires_A12_fb5860,,,,,
2026-09-12T21:51:07-05:00,PUR_IED_MinutoB.Aires_Ext_81293f,PUR_IED_MinutoB.Aires_Ext_81293f,,,,,
2026-09-12T21:51:07-05:00,PUR_IED_MinutoBAires_A11_1b1604,PUR_IED_MinutoBAires_A11_1b1604,,,,,
2026-09-12T21:51:07-05:00,PUR_IED_MinutoBAires_A12_fb5860,PUR_IED_MinutoBAires_A12_fb5860,,,,,
2026-09-12T21:51:07-05:00,PUR_IED_MinutoBAires_Ext_81293f,PUR_IED_MinutoBAires_Ext_81293f,,,,,
2026-09-12T21:51:07-05:00,PUR_IED_Montreal_Aula10_1e4959,PUR_IED_Montreal_Aula10_1e4959,,,,,
2026-09-12T21:51:07-05:00,PUR_IED_Montreal_Aula6_300367,PUR_IED_Montreal_Aula6_300367,,,,,
2026-09-12T21:51:07-05:00,PUR_IED_Montreal_Exterior_91a179,PUR_IED_Montreal_Exterior_91a179,,,,,
2026-09-12T21:51:07-05:00,PUR_IED_Mqgdalena_B202_5ddda3,PUR_IED_Mqgdalena_B202_5ddda3,,,,,
2026-09-12T21:51:07-05:00,PUR_IED_NACUND_Soc_dc8728,PUR_IED_NACUND_Soc_dc8728,,,,,
2026-09-12T21:51:07-05:00,PUR_IED_NACUND_ext_27ad97,PUR_IED_NACUND_ext_27ad97,,,,,
2026-09-12T21:51:07-05:00,PUR_IED_NEsperanza_Ext_d24b61,PUR_IED_NEsperanza_Ext_d24b61,,,,,
2026-09-12T21:51:07-05:00,PUR_IED_NEsperanza_SElect_7d1807,PUR_IED_NEsperanza_SElect_7d1807,,,,,
2026-09-12T21:51:07-05:00,PUR_IED_NEsperanza_SLabor_8b2d0a,PUR_IED_NEsperanza_SLabor_8b2d0a,,,,,
2026-09-12T21:51:07-05:00,PUR_IED_NacionesU_Ext_f661a9,PUR_IED_NacionesU_Ext_f661a9,,,,,
2026-09-12T21:51:07-05:00,PUR_IED_NacionesU_Quimica_66f0a,PUR_IED_NacionesU_Quimica_66f0a,,,,,
2026-09-12T21:51:07-05:00,PUR_IED_NacionesU_S306_1b4b3d,PUR_IED_NacionesU_S306_1b4b3d,,,,,
2026-09-12T21:51:07-05:00,PUR_IED_NestorFA_Ext_e4201c,PUR_IED_NestorFA_Ext_e4201c,,,,,
2026-09-12T21:51:07-05:00,PUR_IED_NestorFA_Laborato_f22fe0,PUR_IED_NestorFA_Laborato_f22fe0,,,,,
2026-09-12T21:51:07-05:00,PUR_IED_NestorFA_S204_dee996,PUR_IED_NestorFA_S204_dee996,,,,,
2026-09-12T21:51:07-05:00,PUR_IED_NidyaQT_Aula03_76999b,PUR_IED_NidyaQT_Aula03_76999b,,,,,
2026-09-12T21:51:07-05:00,PUR_IED_NidyaQT_Aula10_56325,PUR_IED_NidyaQT_Aula10_56325,,,,,
2026-09-12T21:51:07-05:00,PUR_IED_NidyaQT_Ext_46e32d,PUR_IED_NidyaQT_Ext_46e32d,,,,,
2026-09-12T21:51:07-05:00,PUR_IED_NuevaCol_Exterior_d9b859,PUR_IED_NuevaCol_Exterior_d9b859,,,,,
2026-09-12T21:51:07-05:00,PUR_IED_NuevaCol_S1101_76c43b,PUR_IED_NuevaCol_S1101_76c43b,,,,,
2026-09-12T21:51:07-05:00,PUR_IED_NuevaCol_S1102_1ce0b5,PUR_IED_NuevaCol_S1102_1ce0b5,,,,,
2026-09-12T21:51:07-05:00,PUR_IED_OEA_A202_f7e3f2,PUR_IED_OEA_A202_f7e3f2,,,,,
2026-09-12T21:51:07-05:00,PUR_IED_OEA_A203_7d1b8d,PUR_IED_OEA_A203_7d1b8d,,,,,
2026-09-12T21:51:07-05:00,PUR_IED_OEA_Ext_27b593,PUR_IED_OEA_Ext_27b593,,,,,
2026-09-12T21:51:07-05:00,PUR_IED_Ochoa_Ext_1c29da,PUR_IED_Ochoa_Ext_1c29da,,,,,
2026-09-12T21:51:07-05:00,PUR_IED_Ochoa_S205_8b1121,PUR_IED_Ochoa_S205_8b1121,,,,,
2026-09-12T21:51:07-05:00,PUR_IED_Ochoa_Sistemas_f33af6,PUR_IED_Ochoa_Sistemas_f33af6,,,,,
2026-09-12T21:51:07-05:00,PUR_IED_PQuebec_Ext_1c67c7,PUR_IED_PQuebec_Ext_1c67c7,,,,,
2026-09-12T21:51:07-05:00,PUR_IED_PQuebec_S15_23e8e2,PUR_IED_PQuebec_S15_23e8e2,,,,,
2026-09-12T21:51:07-05:00,PUR_IED_PQuebec_S16_8ec76b,PUR_IED_PQuebec_S16_8ec76b,,,,,
2026-09-12T21:51:07-05:00,PUR_IED_PabloN_Ext_49dc96,PUR_IED_PabloN_Ext_49dc96,,,,,
2026-09-12T21:51:07-05:00,PUR_IED_PabloN_S1102_4e3df5,PUR_IED_PabloN_S1102_4e3df5,,,,,
2026-09-12T21:51:07-05:00,PUR_IED_PabloN_S1103_50c94b,PUR_IED_PabloN_S1103_50c94b,,,,,
2026-09-12T21:51:07-05:00,PUR_IED_Palestina_S1101_db9198,PUR_IED_Palestina_S1101_db9198,,,,,
2026-09-12T21:51:07-05:00,PUR_IED_Palestina_S1102_dc54fa,PUR_IED_Palestina_S1102_dc54fa,,,,,
2026-09-12T21:51:07-05:00,PUR_IED_Palestina_ext_4ccce6,PUR_IED_Palestina_ext_4ccce6,,,,,
2026-09-12T21:51:07-05:00,PUR_IED_Panama_Fisica_4d0794,PUR_IED_Panama_Fisica_4d0794,,,,,
2026-09-12T21:51:07-05:00,PUR_IED_Panama_SIngles_a4077e,PUR_IED_Panama_SIngles_a4077e,,,,,
2026-09-12T21:51:07-05:00,PUR_IED_Panama_ext_4c54b4,PUR_IED_Panama_ext_4c54b4,,,,,
2026-09-12T21:51:07-05:00,PUR_IED_ParaisoM_Exterior_8cd7f0,PUR_IED_ParaisoM_Exterior_8cd7f0,,,,,
2026-09-12T21:51:07-05:00,PUR_IED_ParaisoM_Laborato_27af35,PUR_IED_ParaisoM_Laborato_27af35,,,,,
2026-09-12T21:51:07-05:00,PUR_IED_ParaisoM_S304_d1edca,PUR_IED_ParaisoM_S304_d1edca,,,,,
2026-09-12T21:51:07-05:00,PUR_IED_PorfirioBarba_Ext_301466,PUR_IED_PorfirioBarba_Ext_301466,,,,,
2026-09-12T21:51:07-05:00,PUR_IED_PorfirioBarba_S11_df6cd2,PUR_IED_PorfirioBarba_S11_df6cd2,,,,,
2026-09-12T21:51:07-05:00,PUR_IED_PorfirioBarba_S29_27a7d6,PUR_IED_PorfirioBarba_S29_27a7d6,,,,,
2026-09-12T21:51:07-05:00,PUR_IED_PradoV_Exter_8b27ad,PUR_IED_PradoV_Exter_8b27ad,,,,,
2026-09-12T21:51:07-05:00,PUR_IED_PradoV_S301_de65b5,PUR_IED_PradoV_S301_de65b5,,,,,
2026-09-12T21:51:07-05:00,PUR_IED_PradoV_S302_7d2593,PUR_IED_PradoV_S302_7d2593,,,,,
2026-09-12T21:51:07-05:00,PUR_IED_QuirogaAlz_Ext_1ddc82,PUR_IED_QuirogaAlz_Ext_1ddc82,,,,,
2026-09-12T21:51:07-05:00,PUR_IED_QuirogaAlz_S302_9926a3,PUR_IED_QuirogaAlz_S302_9926a3,,,,,
2026-09-12T21:51:07-05:00,PUR_IED_QuirogaAlz_S305_cdf1f1,PUR_IED_QuirogaAlz_S305_cdf1f1,,,,,
2026-09-12T21:51:07-05:00,PUR_IED_RGuatemala_Biling_dc53b7,PUR_IED_RGuatemala_Biling_dc53b7,,,,,
2026-09-12T21:51:07-05:00,PUR_IED_RGuatemala_Ext_1b89a3,PUR_IED_RGuatemala_Ext_1b89a3,,,,,
2026-09-12T21:51:07-05:00,PUR_IED_RGuatemala_Tecnol_281a34,PUR_IED_RGuatemala_Tecnol_281a34,,,,,
2026-09-12T21:51:07-05:00,PUR_IED_RafaNu_Ext_f7c302,PUR_IED_RafaNu_Ext_f7c302,,,,,
2026-09-12T21:51:07-05:00,PUR_IED_RafaNu_S1101_25fde,PUR_IED_RafaNu_S1101_25fde,,,,,
2026-09-12T21:51:07-05:00,PUR_IED_RafaNu_S1102_281517,PUR_IED_RafaNu_S1102_281517,,,,,
2026-09-12T21:51:07-05:00,PUR_IED_RafaelB_S305_ee2783,PUR_IED_RafaelB_S305_ee2783,,,,,
2026-09-12T21:51:07-05:00,PUR_IED_RafaelB_S306_75fe33,PUR_IED_RafaelB_S306_75fe33,,,,,
2026-09-12T21:51:07-05:00,PUR_IED_RafaelB_ext_283336,PUR_IED_RafaelB_ext_283336,3,18,62,4.6722,-74.0737
2026-09-12T21:51:07-05:00,PUR_IED_RafaelUU_Exterior_281a51,PUR_IED_RafaelUU_Exterior_281a51,,,,,
2026-09-12T21:51:07-05:00,PUR_IED_RafaelUU_Human_806b2,PUR_IED_RafaelUU_Human_806b2,,,,,
2026-09-12T21:51:07-05:00,PUR_IED_RafaelUU_Mate2_5680d4,PUR_IED_RafaelUU_Mate2_5680d4,,,,,
2026-09-12T21:51:07-05:00,PUR_IED_RamonSub_Ext_f9eeb9,PUR_IED_RamonSub_Ext_f9eeb9,,,,,
2026-09-12T21:51:07-05:00,PUR_IED_RamonSub_Media_d1f62f,PUR_IED_RamonSub_Media_d1f62f,,,,,
2026-09-12T21:51:07-05:00,PUR_IED_RamonSub_planta_51b82,PUR_IED_RamonSub_planta_51b82,,,,,
2026-09-12T21:51:07-05:00,PUR_IED_RepBoliVene_Exter_27af7c,PUR_IED_RepBoliVene_Exter_27af7c,,,,,
2026-09-12T21:51:07-05:00,PUR_IED_RepBoliVene_SCPT_5ae2ee,PUR_IED_RepBoliVene_SCPT_5ae2ee,,,,,
2026-09-12T21:51:07-05:00,PUR_IED_RepBoliVene_Socia_4b11d5,PUR_IED_RepBoliVene_Socia_4b11d5,,,,,
2026-09-12T21:51:07-05:00,PUR_IED_RepChina_Ext_76d9ee,PUR_IED_RepChina_Ext_76d9ee,,,,,
2026-09-12T21:51:07-05:00,PUR_IED_RepChina_S404_7c804c,PUR_IED_RepChina_S404_7c804c,,,,,
2026-09-12T21:51:07-05:00,PUR_IED_RepChina_S405_df2c33,PUR_IED_RepChina_S405_df2c33,,,,,
2026-09-12T21:51:07-05:00,PUR_IED_RepublicaC_Exteri_7d1ec9,PUR_IED_RepublicaC_Exteri_7d1ec9,,,,,
2026-09-12T21:51:07-05:00,PUR_IED_RepublicaC_S1101_f544b3,PUR_IED_RepublicaC_S1101_f544b3,,,,,
2026-09-12T21:51:07-05:00,PUR_IED_RepublicaC_S1102_7aafc7,PUR_IED_RepublicaC_S1102_7aafc7,,,,,
2026-09-12T21:51:07-05:00,PUR_IED_Ricaurte_Externo_a0ea1,PUR_IED_Ricaurte_Externo_a0ea1,,,,,
2026-09-12T21:51:07-05:00,PUR_IED_Ricaurte_S210_f546fd,PUR_IED_Ricaurte_S210_f546fd,,,,,
2026-09-12T21:51:07-05:00,PUR_IED_Ricaurte_S309_d4452,PUR_IED_Ricaurte_S309_d4452,,,,,
2026-09-12T21:51:07-05:00,PUR_IED_RogelioS_1102_531e69,PUR_IED_RogelioS_1102_531e69,,,,,
2026-09-12T21:51:07-05:00,PUR_IED_RogelioS_Ext_f25a18,PUR_IED_RogelioS_Ext_f25a18,,,,,
2026-09-12T21:51:07-05:00,PUR_IED_SBernardino_Ext_27aff8,PUR_IED_SBernardino_Ext_27aff8,,,,,
2026-09-12T21:51:07-05:00,PUR_IED_SBernardino_SArte_2ffd33,PUR_IED_SBernardino_SArte_2ffd33,,,,,
2026-09-12T21:51:07-05:00,PUR_IED_SBernardino_SIngl_7c7da5,PUR_IED_SBernardino_SIngl_7c7da5,,,,,
2026-09-12T21:51:07-05:00,PUR_IED_Sago_auditorio_dc9d1d,PUR_IED_Sago_auditorio_dc9d1d,,,,,
2026-09-12T21:51:07-05:00,PUR_IED_Saludcoop_Ext_95aac3,PUR_IED_Saludcoop_Ext_95aac3,,,,,
2026-09-12T21:51:07-05:00,PUR_IED_Saludcoop_InfI_90c854,PUR_IED_Saludcoop_InfI_90c854,,,,,
2026-09-12T21:51:07-05:00,PUR_IED_Saludcoop_SMedia_1b93be,PUR_IED_Saludcoop_SMedia_1b93be,,,,,
2026-09-12T21:51:07-05:00,PUR_IED_SanCarlos_1101_1a2360,PUR_IED_SanCarlos_1101_1a2360,,,,,
2026-09-12T21:51:07-05:00,PUR_IED_SanCarlos_1103_7bafb5,PUR_IED_SanCarlos_1103_7bafb5,,,,,
2026-09-12T21:51:07-05:00,PUR_IED_SanCarlos_Ext_b7cd1,PUR_IED_SanCarlos_Ext_b7cd1,,,,,
2026-09-12T21:51:07-05:00,PUR_IED_SanIgnacioBosa11a_50c26e,PUR_IED_SanIgnacioBosa11a_50c26e,,,,,
2026-09-12T21:51:07-05:00,PUR_IED_SanIgnacioBosa11b_371de8,PUR_IED_SanIgnacioBosa11b_371de8,,,,,
2026-09-12T21:51:07-05:00,PUR_IED_SanIgnacioBosaExt_ef0ffc,PUR_IED_SanIgnacioBosaExt_ef0ffc,,,,,
2026-09-12T21:51:07-05:00,PUR_IED_SanIgnacioBosa_11a_50c26e,PUR_IED_SanIgnacioBosa_11a_50c26e,,,,,
2026-09-12T21:51:07-05:00,PUR_IED_SanIgnacioBosa_Ext_ef0ffc,PUR_IED_SanIgnacioBosa_Ext_ef0ffc,,,,,
2026-09-12T21:51:07-05:00,PUR_IED_SanJoseN_intS1101_31c47f,PUR_IED_SanJoseN_intS1101_31c47f,,,,,
2026-09-12T21:51:07-05:00,PUR_IED_SanJoseUsm_Exter_f5d7e8,PUR_IED_SanJoseUsm_Exter_f5d7e8,,,,,
2026-09-12T21:51:07-05:00,PUR_IED_SanJoseUsm_Int11A_cfdef6,PUR_IED_SanJoseUsm_Int11A_cfdef6,,,,,
2026-09-12T21:51:07-05:00,PUR_IED_SilveriaR_IntB5_905349,PUR_IED_SilveriaR_IntB5_905349,,,,,
2026-09-12T21:51:07-05:00,PUR_IED_SilveriaR_IntSD14_981f93,PUR_IED_SilveriaR_IntSD14_981f93,,,,,
2026-09-12T21:51:07-05:00,PUR_IED_SilveriaR_ext_2b651d,PUR_IED_SilveriaR_ext_2b651d,,,,,
2026-09-12T21:51:07-05:00,PUR_IED_SimonB_Exterior_913975,PUR_IED_SimonB_Exterior_913975,,,,,
2026-09-12T21:51:07-05:00,PUR_IED_SimonB_LabQuimi_c56908,PUR_IED_SimonB_LabQuimi_c56908,,,,,
2026-09-12T21:51:07-05:00,PUR_IED_SimonB_informatic_a28c1,PUR_IED_SimonB_informatic_a28c1,,,,,
2026-09-12T21:51:07-05:00,PUR_IED_Sorrento_1102_315f50,PUR_IED_Sorrento_1102_315f50,,,,,
2026-09-12T21:51:07-05:00,PUR_IED_Sorrento_Minte_214eab,PUR_IED_Sorrento_Minte_214eab,,,,,
2026-09-12T21:51:07-05:00,PUR_IED_Sorrento_ext_7c3a0a,PUR_IED_Sorrento_ext_7c3a0a,,,,,
2026-09-12T21:51:07-05:00,PUR_IED_Tabora_Ext_f048ae,PUR_IED_Tabora_Ext_f048ae,,,,,
2026-09-12T21:51:07-05:00,PUR_IED_Tabora_S1102_b07752,PUR_IED_Tabora_S1102_b07752,,,,,
2026-09-12T21:51:07-05:00,PUR_IED_Tabora_S1103_d988f5,PUR_IED_Tabora_S1103_d988f5,,,,,
2026-09-12T21:51:07-05:00,PUR_IED_Tenerife_Ext_1ab188,PUR_IED_Tenerife_Ext_1ab188,,,,,
2026-09-12T21:51:07-05:00,PUR_IED_Tenerife_SDanzas_7bc02e,PUR_IED_Tenerife_SDanzas_7bc02e,,,,,
2026-09-12T21:51:07-05:00,PUR_IED_Tenerife_SIngles_7cc277,PUR_IED_Tenerife_SIngles_7cc277,,,,,
2026-09-12T21:51:07-05:00,PUR_IED_Tibabuyes_Exter_f2683d,PUR_IED_Tibabuyes_Exter_f2683d,,,,,
2026-09-12T21:51:07-05:00,PUR_IED_Tibabuyes_S10_dc87a8,PUR_IED_Tibabuyes_S10_dc87a8,,,,,
2026-09-12T21:51:07-05:00,PUR_IED_Tibabuyes_S15_dc0526,PUR_IED_Tibabuyes_S15_dc0526,,,,,
2026-09-12T21:51:07-05:00,PUR_IED_UnionE_S301_a1043,PUR_IED_UnionE_S301_a1043,,,,,
2026-09-12T21:51:07-05:00,PUR_IED_UnionE_S307_ff6c2f,PUR_IED_UnionE_S307_ff6c2f,,,,,
2026-09-12T21:51:07-05:00,PUR_IED_UnionE__Ext_5e2468,PUR_IED_UnionE__Ext_5e2468,,,,,
2026-09-12T21:51:07-05:00,PUR_IED_VillaRica_Ext_75be7c,PUR_IED_VillaRica_Ext_75be7c,,,,,
2026-09-12T21:51:07-05:00,PUR_IED_VillaRica_S4_cc5dcd,PUR_IED_VillaRica_S4_cc5dcd,,,,,
2026-09-12T21:51:07-05:00,PUR_IED_VillaRica_Sesp_99f5c,PUR_IED_VillaRica_Sesp_99f5c,,,,,
2026-09-12T21:56:03-05:00,PUR_IED_20deJulio_1101_91b1b9,PUR_IED_20deJulio_1101_91b1b9,,,,,
2026-09-12T21:56:03-05:00,PUR_IED_20deJulio_1102_1cfcf9,PUR_IED_20deJulio_1102_1cfcf9,,,,,
2026-09-12T21:56:03-05:00,PUR_IED_20deJulio_Ext_ab60bd,PUR_IED_20deJulio_Ext_ab60bd,,,,,
2026-09-12T21:56:03-05:00,PUR_IED_AgustinFer_Ext_7b9b77,PUR_IED_AgustinFer_Ext_7b9b77,,,,,
2026-09-12T21:56:03-05:00,PUR_IED_AgustinFer_Info2_27b3a7,PUR_IED_AgustinFer_Info2_27b3a7,,,,,
2026-09-12T21:56:03-05:00,PUR_IED_AgustinFer_Sena_54b4eb,PUR_IED_AgustinFer_Sena_54b4eb,,,,,
2026-09-12T21:56:03-05:00,PUR_IED_AlexanderF_1102_caf07b,PUR_IED_AlexanderF_1102_caf07b,,,,,
2026-09-12T21:56:03-05:00,PUR_IED_AlexanderF_1103_c79e71,PUR_IED_AlexanderF_1103_c79e71,,,,,
2026-09-12T21:56:03-05:00,PUR_IED_AlexanderF_Ext_c5b18b,PUR_IED_AlexanderF_Ext_c5b18b,,,,,
2026-09-12T21:56:03-05:00,PUR_IED_AlfonsoLopez_Ext_281d77,PUR_IED_AlfonsoLopez_Ext_281d77,,,,,
2026-09-12T21:56:03-05:00,PUR_IED_AlfonsoLopez_LabF_888ce0,PUR_IED_AlfonsoLopez_LabF_888ce0,,,,,
2026-09-12T21:56:03-05:00,PUR_IED_AlfonsoLopez_SMed_df6a7f,PUR_IED_AlfonsoLopez_SMed_df6a7f,,,,,
2026-09-12T21:56:03-05:00,PUR_IED_AltamiraSO_A2_209f92,PUR_IED_AltamiraSO_A2_209f92,,,,,
2026-09-12T21:56:03-05:00,PUR_IED_AltamiraSO_Ext_186d66,PUR_IED_AltamiraSO_Ext_186d66,,,,,
2026-09-12T21:56:03-05:00,PUR_IED_AltamiraSO_Sistem_27afe1,PUR_IED_AltamiraSO_Sistem_27afe1,,,,,
2026-09-12T21:56:03-05:00,PUR_IED_AlvaroGom_LabQuim_813179,PUR_IED_AlvaroGom_LabQuim_813179,,,,,
2026-09-12T21:56:03-05:00,PUR_IED_AlvaroGomez_Ext_47c7ca,PUR_IED_AlvaroGomez_Ext_47c7ca,,,,,
2026-09-12T21:56:03-05:00,PUR_IED_AlvaroGomez_LabQuim_813179,PUR_IED_AlvaroGomez_LabQuim_813179,,,,,
2026-09-12T21:56:03-05:00,PUR_IED_AlvaroGomez_S23_7ba89f,PUR_IED_AlvaroGomez_S23_7ba89f,,,,,
2026-09-12T21:56:03-05:00,PUR_IED_Amistad_306_dc8728,PUR_IED_Amistad_306_dc8728,,,,,
2026-09-12T21:56:03-05:00,PUR_IED_Amistad_Ext_8cd55e,PUR_IED_Amistad_Ext_8cd55e,,,,,
2026-09-12T21:56:03-05:00,PUR_IED_Amistad_S202_a41169,PUR_IED_Amistad_S202_a41169,,,,,
2026-09-12T21:56:03-05:00,PUR_IED_AndresBello_Bio_fd5f5e,PUR_IED_AndresBello_Bio_fd5f5e,,,,,
2026-09-12T21:56:03-05:00,PUR_IED_AndresBello_ext_dcad65,PUR_IED_AndresBello_ext_dcad65,,,,,
2026-09-12T21:56:03-05:00,PUR_IED_AndresBello_port_eed3ec,PUR_IED_AndresBello_port_eed3ec,,,,,
2026-09-12T21:56:03-05:00,PUR_IED_AngelaR_11b_d90a6b,PUR_IED_AngelaR_11b_d90a6b,,,,,
2026-09-12T21:56:03-05:00,PUR_IED_AngelaR_ext_7cad3e,PUR_IED_AngelaR_ext_7cad3e,3,19,63,4.5825,-74.164497
2026-09-12T21:56:03-05:00,PUR_IED_AntJoseSucre_10mo_df2575,PUR_IED_AntJoseSucre_10mo_df2575,,,,,
2026-09-12T21:56:03-05:00,PUR_IED_AntJoseSucre_Ext_215b36,PUR_IED_AntJoseSucre_Ext_215b36,,,,,
2026-09-12T21:56:03-05:00,PUR_IED_AntJoseSucre_Lab_3139de,PUR_IED_AntJoseSucre_Lab_3139de,,,,,
2026-09-12T21:56:03-05:00,PUR_IED_AntonioGarcia_301_d6b188,PUR_IED_AntonioGarcia_301_d6b188,,,,,
2026-09-12T21:56:03-05:00,PUR_IED_AntonioGarcia_302_88a82,PUR_IED_AntonioGarcia_302_88a82,,,,,
2026-09-12T21:56:03-05:00,PUR_IED_AntonioGarcia_Ext_20950c,PUR_IED_AntonioGarcia_Ext_20950c,,,,,
2026-09-12T21:56:03-05:00,PUR_IED_AntonioVan_Aula2_6dea02,PUR_IED_AntonioVan_Aula2_6dea02,,,,,
2026-09-12T21:56:03-05:00,PUR_IED_AntonioVan_Aula5_f1557e,PUR_IED_AntonioVan_Aula5_f1557e,,,,,
2026-09-12T21:56:03-05:00,PUR_IED_AntonioVan_Ext_406f2f,PUR_IED_AntonioVan_Ext_406f2f,,,,,
2026-09-12T21:56:03-05:00,PUR_IED_Atabanzha_Ext_cc5af9,PUR_IED_Atabanzha_Ext_cc5af9,,,,,
2026-09-12T21:56:03-05:00,PUR_IED_Atabanzha_SA101_56c37,PUR_IED_Atabanzha_SA101_56c37,,,,,
2026-09-12T21:56:03-05:00,PUR_IED_Atabanzha_SB302_27b374,PUR_IED_Atabanzha_SB302_27b374,,,,,
2026-09-12T21:56:03-05:00,PUR_IED_Atahualpa_Ext_fc1748,PUR_IED_Atahualpa_Ext_fc1748,,,,,
2026-09-12T21:56:03-05:00,PUR_IED_Atahualpa_Informa_dc9a95,PUR_IED_Atahualpa_Informa_dc9a95,,,,,
2026-09-12T21:56:03-05:00,PUR_IED_Atahualpa_S1101_f98056,PUR_IED_Atahualpa_S1101_f98056,,,,,
2026-09-12T21:56:03-05:00,PUR_IED_Bellavista_Ext_f5aa74,PUR_IED_Bellavista_Ext_f5aa74,,,,,
2026-09-12T21:56:03-05:00,PUR_IED_Bilbao_11A_916c41,PUR_IED_Bilbao_11A_916c41,,,,,
2026-09-12T21:56:03-05:00,PUR_IED_Bilbao_Ext_fb579a,PUR_IED_Bilbao_Ext_fb579a,,,,,
2026-09-12T21:56:03-05:00,PUR_IED_BrasiliaU_A125_304280,PUR_IED_BrasiliaU_A125_304280,,,,,
2026-09-12T21:56:03-05:00,PUR_IED_BrasiliaU_A203_7c8ca5,PUR_IED_BrasiliaU_A203_7c8ca5,,,,,
2026-09-12T21:56:03-05:00,PUR_IED_BrasiliaU_Ext_8d6e9f,PUR_IED_BrasiliaU_Ext_8d6e9f,8,17,63,4.5175,-74.116302
2026-09-12T21:56:03-05:00,PUR_IED_Brasilia_Ext_fe6593,PUR_IED_Brasilia_Ext_fe6593,,,,,
2026-09-12T21:56:03-05:00,PUR_IED_Brasilia_S24_7c130d,PUR_IED_Brasilia_S24_7c130d,,,,,
2026-09-12T21:56:03-05:00,PUR_IED_Brasilia_S501_186a54,PUR_IED_Brasilia_S501_186a54,,,,,
2026-09-12T21:56:03-05:00,PUR_IED_CHARRY_EXT_f1d5cd,PUR_IED_CHARRY_EXT_f1d5cd,,,,,
2026-09-12T21:56:03-05:00,PUR_IED_CHARRY_INTDANZAS_7a08e6,PUR_IED_CHARRY_INTDANZAS_7a08e6,,,,,
2026-09-12T21:56:03-05:00,PUR_IED_CHARRY_INT_AULA20_dc998d,PUR_IED_CHARRY_INT_AULA20_dc998d,,,,,
2026-09-12T21:56:03-05:00,PUR_IED_COLVIV_1101_S25_7f520a,PUR_IED_COLVIV_1101_S25_7f520a,,,,,
2026-09-12T21:56:03-05:00,PUR_IED_COLVIV_1102_S16_f570ba,PUR_IED_COLVIV_1102_S16_f570ba,,,,,
2026-09-12T21:56:03-05:00,PUR_IED_COLVIV_Ext_1a26fa,PUR_IED_COLVIV_Ext_1a26fa,,,,,
2026-09-12T21:56:03-05:00,PUR_IED_CULPOP_301A_f660f3,PUR_IED_CULPOP_301A_f660f3,,,,,
2026-09-12T21:56:03-05:00,PUR_IED_CULPOP_303_568afe,PUR_IED_CULPOP_303_568afe,,,,,
2026-09-12T21:56:03-05:00,PUR_IED_CULPOP_Ext_e02ccb,PUR_IED_CULPOP_Ext_e02ccb,,,,,
2026-09-12T21:56:03-05:00,PUR_IED_CVillavicen_Ext_26eb58,PUR_IED_CVillavicen_Ext_26eb58,5,16,77,4.487,-74.102798
2026-09-12T21:56:03-05:00,PUR_IED_CVillavicen_Intel_1ce5c2,PUR_IED_CVillavicen_Intel_1ce5c2,,,,,
2026-09-12T21:56:03-05:00,PUR_IED_CVillavicen_Poliv_e0766c,PUR_IED_CVillavicen_Poliv_e0766c,,,,,
2026-09-12T21:56:03-05:00,PUR_IED_CVillavicen_int_1ba140,PUR_IED_CVillavicen_int_1ba140,,,,,
2026-09-12T21:56:03-05:00,PUR_IED_CVillavicen_intel_1ba140,PUR_IED_CVillavicen_intel_1ba140,,,,,
2026-09-12T21:56:03-05:00,PUR_IED_CarlosPizarro_Ext_e307cc,PUR_IED_CarlosPizarro_Ext_e307cc,,,,,
2026-09-12T21:56:03-05:00,PUR_IED_CarlosPizarro_L36_7e5cdb,PUR_IED_CarlosPizarro_L36_7e5cdb,,,,,
2026-09-12T21:56:03-05:00,PUR_IED_CarlosPizarro_L37_c8566c,PUR_IED_CarlosPizarro_L37_c8566c,,,,,
2026-09-12T21:56:03-05:00,PUR_IED_Castilla_Ext_cf35f,PUR_IED_Castilla_Ext_cf35f,,,,,
2026-09-12T21:56:03-05:00,PUR_IED_Castilla_SFisik_360e38,PUR_IED_Castilla_SFisik_360e38,,,,,
2026-09-12T21:56:03-05:00,PUR_IED_Castilla_Sc304_496fbf,PUR_IED_Castilla_Sc304_496fbf,,,,,
2026-09-12T21:56:03-05:00,PUR_IED_CervantesSa_Ext_6b57b,PUR_IED_CervantesSa_Ext_6b57b,5,18,68,4.5128,-74.117203
2026-09-12T21:56:03-05:00,PUR_IED_CervantesSa_S107_225c2b,PUR_IED_CervantesSa_S107_225c2b,,,,,
2026-09-12T21:56:03-05:00,PUR_IED_CervantesSa_S108_940925,PUR_IED_CervantesSa_S108_940925,,,,,
2026-09-12T21:56:03-05:00,PUR_IED_Charry_A20_f53e7c,PUR_IED_Charry_A20_f53e7c,,,,,
2026-09-12T21:56:03-05:00,PUR_IED_Charry_Ext_f1d5cd,PUR_IED_Charry_Ext_f1d5cd,,,,,
2026-09-12T21:56:03-05:00,PUR_IED_Charry_IntAula20_dc998d,PUR_IED_Charry_IntAula20_dc998d,,,,,
2026-09-12T21:56:03-05:00,PUR_IED_Charry_IntDanzas_7a08e6,PUR_IED_Charry_IntDanzas_7a08e6,,,,,
2026-09-12T21:56:03-05:00,PUR_IED_ClememciaC_203_43e2fc,PUR_IED_ClememciaC_203_43e2fc,,,,,
2026-09-12T21:56:03-05:00,PUR_IED_ClememciaC_Ext_1b411a,PUR_IED_ClememciaC_Ext_1b411a,,,,,
2026-09-12T21:56:03-05:00,PUR_IED_ClememciaC_Quimic_44b5fc,PUR_IED_ClememciaC_Quimic_44b5fc,,,,,
2026-09-12T21:56:03-05:00,PUR_IED_ClemenciaC_203_43e2fc,PUR_IED_ClemenciaC_203_43e2fc,,,,,
2026-09-12T21:56:03-05:00,PUR_IED_ClemenciaC_Ext_1b411a,PUR_IED_ClemenciaC_Ext_1b411a,,,,,
2026-09-12T21:56:03-05:00,PUR_IED_ClemenciaC_Quimic_44b5fc,PUR_IED_ClemenciaC_Quimic_44b5fc,,,,,
2026-09-12T21:56:03-05:00,PUR_IED_ColViva_1101_S25_7f520a,PUR_IED_ColViva_1101_S25_7f520a,,,,,
2026-09-12T21:56:03-05:00,PUR_IED_ColViva_1102_S16_f570ba,PUR_IED_ColViva_1102_S16_f570ba,,,,,
2026-09-12T21:56:03-05:00,PUR_IED_ColViva_Ext_1a26fa,PUR_IED_ColViva_Ext_1a26fa,,,,,
2026-09-12T21:56:03-05:00,PUR_IED_ColegioBici_Asist_7c8798,PUR_IED_ColegioBici_Asist_7c8798,,,,,
2026-09-12T21:56:03-05:00,PUR_IED_ColegioBici_Ext_25cbf6,PUR_IED_ColegioBici_Ext_25cbf6,,,,,
2026-09-12T21:56:03-05:00,PUR_IED_ColegioBici_LabQ_7b57db,PUR_IED_ColegioBici_LabQ_7b57db,,,,,
2026-09-12T21:56:03-05:00,PUR_IED_CostaRica_Ext_5e640,PUR_IED_CostaRica_Ext_5e640,,,,,
2026-09-12T21:56:03-05:00,PUR_IED_CostaRica_Quim1_766d1c,PUR_IED_CostaRica_Quim1_766d1c,,,,,
2026-09-12T21:56:03-05:00,PUR_IED_CostaRica__Fisica_6f0873,PUR_IED_CostaRica__Fisica_6f0873,,,,,
2026-09-12T21:56:03-05:00,PUR_IED_CulPopu_301A_f660f3,PUR_IED_CulPopu_301A_f660f3,,,,,
2026-09-12T21:56:03-05:00,PUR_IED_CulPopu_303_568afe,PUR_IED_CulPopu_303_568afe,,,,,
2026-09-12T21:56:03-05:00,PUR_IED_CulPopu_Ext_e02ccb,PUR_IED_CulPopu_Ext_e02ccb,,,,,
2026-09-12T21:56:03-05:00,PUR_IED_Cundinamarca_Ext_f15985,PUR_IED_Cundinamarca_Ext_f15985,,,,,
2026-09-12T21:56:03-05:00,PUR_IED_Cundinamarca_Info_7aa5d7,PUR_IED_Cundinamarca_Info_7aa5d7,,,,,
2026-09-12T21:56:03-05:00,PUR_IED_Cundinamarca_Tec2_f449c7,PUR_IED_Cundinamarca_Tec2_f449c7,,,,,
2026-09-12T21:56:03-05:00,PUR_IED_DiegoM_Aula1_27b314,PUR_IED_DiegoM_Aula1_27b314,,,,,
2026-09-12T21:56:03-05:00,PUR_IED_DiegoM_Ext_d80ac8,PUR_IED_DiegoM_Ext_d80ac8,,,,,
2026-09-12T21:56:03-05:00,PUR_IED_DiegoM_S25_da928f,PUR_IED_DiegoM_S25_da928f,,,,,
2026-09-12T21:56:03-05:00,PUR_IED_ELRODEO_360881,PUR_IED_ELRODEO_360881,,,,,
2026-09-12T21:56:03-05:00,PUR_IED_ELRODEO_ext_360881,PUR_IED_ELRODEO_ext_360881,,,,,
2026-09-12T21:56:03-05:00,PUR_IED_EduardoU_Ext_1c1969,PUR_IED_EduardoU_Ext_1c1969,,,,,
2026-09-12T21:56:03-05:00,PUR_IED_EduardoU_SCiencia_4dfb94,PUR_IED_EduardoU_SCiencia_4dfb94,,,,,
2026-09-12T21:56:03-05:00,PUR_IED_EduardoU_SQuimica_5a46e7,PUR_IED_EduardoU_SQuimica_5a46e7,,,,,
2026-09-12T21:56:03-05:00,PUR_IED_ElRodeo_Aula14_676984,PUR_IED_ElRodeo_Aula14_676984,,,,,
2026-09-12T21:56:03-05:00,PUR_IED_ElRodeo_Aula16_2dd35b,PUR_IED_ElRodeo_Aula16_2dd35b,,,,,
2026-09-12T21:56:03-05:00,PUR_IED_ElRodeo_Ext_360881,PUR_IED_ElRodeo_Ext_360881,,,,,
2026-09-12T21:56:03-05:00,PUR_IED_ElRodeo_Exterior_8c6d28,PUR_IED_ElRodeo_Exterior_8c6d28,,,,,
2026-09-12T21:56:03-05:00,PUR_IED_ElRodeo_ext_360881,PUR_IED_ElRodeo_ext_360881,,,,,
2026-09-12T21:56:03-05:00,PUR_IED_EmmaReyes_Ext_987625,PUR_IED_EmmaReyes_Ext_987625,6,21,52,4.6367,-74.1511
2026-09-12T21:56:03-05:00,PUR_IED_Ensueño_Ext_7f0250,PUR_IED_Ensueño_Ext_7f0250,,,,,
2026-09-12T21:56:03-05:00,PUR_IED_EscNormal_Ext_5fef3b,PUR_IED_EscNormal_Ext_5fef3b,2,19,60,4.5852,-74.096901
2026-09-12T21:56:03-05:00,PUR_IED_EscNormal_S309_5b263,PUR_IED_EscNormal_S309_5b263,,,,,
2026-09-12T21:56:03-05:00,PUR_IED_EscNormal_S310_27b3b8,PUR_IED_EscNormal_S310_27b3b8,,,,,
2026-09-12T21:56:03-05:00,PUR_IED_Evangelista_Conta_f6cd4f,PUR_IED_Evangelista_Conta_f6cd4f,,,,,
2026-09-12T21:56:03-05:00,PUR_IED_Evangelista_Cri_5e16a,PUR_IED_Evangelista_Cri_5e16a,,,,,
2026-09-12T21:56:03-05:00,PUR_IED_Evangelista_Exter_754066,PUR_IED_Evangelista_Exter_754066,,,,,
2026-09-12T21:56:03-05:00,PUR_IED_FMiranda_S209_5cc2a3,PUR_IED_FMiranda_S209_5cc2a3,,,,,
2026-09-12T21:56:03-05:00,PUR_IED_FMiranda_S303_19e344,PUR_IED_FMiranda_S303_19e344,,,,,
2026-09-12T21:56:03-05:00,PUR_IED_FMiranda_ext_f53e7c,PUR_IED_FMiranda_ext_f53e7c,,,,,
2026-09-12T21:56:03-05:00,PUR_IED_FabioLozano_Bibli_1cee05,PUR_IED_FabioLozano_Bibli_1cee05,,,,,
2026-09-12T21:56:03-05:00,PUR_IED_FabioLozano_Ext_6ea285,PUR_IED_FabioLozano_Ext_6ea285,,,,,
2026-09-12T21:56:03-05:00,PUR_IED_FabioLozano_SLudi_f09e1e,PUR_IED_FabioLozano_SLudi_f09e1e,,,,,
2026-09-12T21:56:03-05:00,PUR_IED_FaustinoS_Aula07_27a731,PUR_IED_FaustinoS_Aula07_27a731,,,,,
2026-09-12T21:56:03-05:00,PUR_IED_FaustinoS_Ext_7b936f,PUR_IED_FaustinoS_Ext_7b936f,,,,,
2026-09-12T21:56:03-05:00,PUR_IED_FaustinoS_Fisica_da2c60,PUR_IED_FaustinoS_Fisica_da2c60,,,,,
2026-09-12T21:56:03-05:00,PUR_IED_FeGarciaLo_Ext_dc68ee,PUR_IED_FeGarciaLo_Ext_dc68ee,,,,,
2026-09-12T21:56:03-05:00,PUR_IED_FeGarciaLo_SDanza_f70a59,PUR_IED_FeGarciaLo_SDanza_f70a59,,,,,
2026-09-12T21:56:03-05:00,PUR_IED_FeGarciaLo_SMusic_125cdd,PUR_IED_FeGarciaLo_SMusic_125cdd,,,,,
2026-09-12T21:56:03-05:00,PUR_IED_FederalAlema_Exte_50c345,PUR_IED_FederalAlema_Exte_50c345,,,,,
2026-09-12T21:56:03-05:00,PUR_IED_FederalAlema_S31_f18371,PUR_IED_FederalAlema_S31_f18371,,,,,
2026-09-12T21:56:03-05:00,PUR_IED_FederalAlema_S901_a62cd,PUR_IED_FederalAlema_S901_a62cd,,,,,
2026-09-12T21:56:03-05:00,PUR_IED_FilarmonicaS_A5_f35eb1,PUR_IED_FilarmonicaS_A5_f35eb1,,,,,
2026-09-12T21:56:03-05:00,PUR_IED_FilarmonicaS_Ext_8a3bde,PUR_IED_FilarmonicaS_Ext_8a3bde,,,,,
2026-09-12T21:56:03-05:00,PUR_IED_FilarmonicaS_Spol_406114,PUR_IED_FilarmonicaS_Spol_406114,,,,,
2026-09-12T21:56:03-05:00,PUR_IED_FlorentinoG_A13_d1fa59,PUR_IED_FlorentinoG_A13_d1fa59,,,,,
2026-09-12T21:56:03-05:00,PUR_IED_FlorentinoG_Ext_1ce6ce,PUR_IED_FlorentinoG_Ext_1ce6ce,,,,,
2026-09-12T21:56:03-05:00,PUR_IED_FlorentinoG_Idiom_a66aac,PUR_IED_FlorentinoG_Idiom_a66aac,,,,,
2026-09-12T21:56:03-05:00,PUR_IED_FranciscoMati_Ext_e3869d,PUR_IED_FranciscoMati_Ext_e3869d,,,,,
2026-09-12T21:56:03-05:00,PUR_IED_FranciscoMati_S13_f31c67,PUR_IED_FranciscoMati_S13_f31c67,,,,,
2026-09-12T21:56:03-05:00,PUR_IED_FranciscoMati_S14_97dead,PUR_IED_FranciscoMati_S14_97dead,,,,,
2026-09-12T21:56:03-05:00,PUR_IED_FranciscoPS_Ext_7bfa9a,PUR_IED_FranciscoPS_Ext_7bfa9a,3,20,60,4.5899,-74.110397
2026-09-12T21:56:03-05:00,PUR_IED_FranciscoPS_Infor_fb8f4c,PUR_IED_FranciscoPS_Infor_fb8f4c,,,,,
2026-09-12T21:56:03-05:00,PUR_IED_FranciscoPS_Quimi_94d39c,PUR_IED_FranciscoPS_Quimi_94d39c,,,,,
2026-09-12T21:56:03-05:00,PUR_IED_FranciscoP_LabQ_d7e148,PUR_IED_FranciscoP_LabQ_d7e148,,,,,
2026-09-12T21:56:03-05:00,PUR_IED_FranciscoP_S28_cf9b30,PUR_IED_FranciscoP_S28_cf9b30,,,,,
2026-09-12T21:56:03-05:00,PUR_IED_FranciscoP_ext_e2313,PUR_IED_FranciscoP_ext_e2313,,,,,
2026-09-12T21:56:03-05:00,PUR_IED_FriederichN_Ext_8ac92a,PUR_IED_FriederichN_Ext_8ac92a,,,,,
2026-09-12T21:56:03-05:00,PUR_IED_FriederichN_S301_dd7e5a,PUR_IED_FriederichN_S301_dd7e5a,,,,,
2026-09-12T21:56:03-05:00,PUR_IED_FriederichN_S308_761f4f,PUR_IED_FriederichN_S308_761f4f,,,,,
2026-09-12T21:56:03-05:00,PUR_IED_GSantander_Aula10_533dd7,PUR_IED_GSantander_Aula10_533dd7,,,,,
2026-09-12T21:56:03-05:00,PUR_IED_GSantander_Aula12_fd4e4f,PUR_IED_GSantander_Aula12_fd4e4f,,,,,
2026-09-12T21:56:03-05:00,PUR_IED_GSantander_Aula310_533dd7,PUR_IED_GSantander_Aula310_533dd7,,,,,
2026-09-12T21:56:03-05:00,PUR_IED_GSantander_Aula312_fd4e4f,PUR_IED_GSantander_Aula312_fd4e4f,,,,,
2026-09-12T21:56:03-05:00,PUR_IED_GSantander_Ext_5f66b0,PUR_IED_GSantander_Ext_5f66b0,,,,,
2026-09-12T21:56:03-05:00,PUR_IED_GYomasa_Ext_f6bea5,PUR_IED_GYomasa_Ext_f6bea5,,,,,
2026-09-12T21:56:03-05:00,PUR_IED_GYomasa_LBiol_2c41aa,PUR_IED_GYomasa_LBiol_2c41aa,,,,,
2026-09-12T21:56:03-05:00,PUR_IED_GYomasa_LQuim_33c80,PUR_IED_GYomasa_LQuim_33c80,,,,,
2026-09-12T21:56:03-05:00,PUR_IED_GabBetMejia_Cienc_5a99c,PUR_IED_GabBetMejia_Cienc_5a99c,,,,,
2026-09-12T21:56:03-05:00,PUR_IED_GabBetMejia_Ext_9153d0,PUR_IED_GabBetMejia_Ext_9153d0,,,,,
2026-09-12T21:56:03-05:00,PUR_IED_GabBetMejia_Lab_f55347,PUR_IED_GabBetMejia_Lab_f55347,,,,,
2026-09-12T21:56:03-05:00,PUR_IED_GabBetanMejia_Ext_9153d0,PUR_IED_GabBetanMejia_Ext_9153d0,,,,,
2026-09-12T21:56:03-05:00,PUR_IED_Gaitana_Aula13_7aac11,PUR_IED_Gaitana_Aula13_7aac11,,,,,
2026-09-12T21:56:03-05:00,PUR_IED_Gaitana_Ext_5fcf4,PUR_IED_Gaitana_Ext_5fcf4,,,,,
2026-09-12T21:56:03-05:00,PUR_IED_Gaitana_LabFisica_644448,PUR_IED_Gaitana_LabFisica_644448,,,,,
2026-09-12T21:56:03-05:00,PUR_IED_GenSantander_Dise_8ac858,PUR_IED_GenSantander_Dise_8ac858,,,,,
2026-09-12T21:56:03-05:00,PUR_IED_GenSantander_Ext_8d5dfe,PUR_IED_GenSantander_Ext_8d5dfe,,,,,
2026-09-12T21:56:03-05:00,PUR_IED_GenSantander_Info_6c25b,PUR_IED_GenSantander_Info_6c25b,,,,,
2026-09-12T21:56:03-05:00,PUR_IED_GustavoMo_Exterio_75e63d,PUR_IED_GustavoMo_Exterio_75e63d,,,,,
2026-09-12T21:56:03-05:00,PUR_IED_GustavoMo_LabFisi_224d37,PUR_IED_GustavoMo_LabFisi_224d37,,,,,
2026-09-12T21:56:03-05:00,PUR_IED_GustavoMo_S208_3e6918,PUR_IED_GustavoMo_S208_3e6918,,,,,
2026-09-12T21:56:03-05:00,PUR_IED_GustavoR_A02_8cd4a8,PUR_IED_GustavoR_A02_8cd4a8,,,,,
2026-09-12T21:56:03-05:00,PUR_IED_GustavoR_B11_5b0ed,PUR_IED_GustavoR_B11_5b0ed,,,,,
2026-09-12T21:56:03-05:00,PUR_IED_GustavoR_Ext_7a0c90,PUR_IED_GustavoR_Ext_7a0c90,,,,,
2026-09-12T21:56:03-05:00,PUR_IED_HernandoDuran_Ext_8cd82b,PUR_IED_HernandoDuran_Ext_8cd82b,,,,,
2026-09-12T21:56:03-05:00,PUR_IED_HernandoDuran_S24_2772c6,PUR_IED_HernandoDuran_S24_2772c6,,,,,
2026-09-12T21:56:03-05:00,PUR_IED_HernandoDuran_S30_f2de41,PUR_IED_HernandoDuran_S30_f2de41,,,,,
2026-09-12T21:56:03-05:00,PUR_IED_HolguInUr_S1101_8cd732,PUR_IED_HolguInUr_S1101_8cd732,,,,,
2026-09-12T21:56:03-05:00,PUR_IED_HolguinUr_Exter_ddae6d,PUR_IED_HolguinUr_Exter_ddae6d,,,,,
2026-09-12T21:56:03-05:00,PUR_IED_HolguinUr_LabQuim_92b952,PUR_IED_HolguinUr_LabQuim_92b952,,,,,
2026-09-12T21:56:03-05:00,PUR_IED_Isabel-II_Ext_5245cc,PUR_IED_Isabel-II_Ext_5245cc,6,19,59,4.6336,-74.153
2026-09-12T21:56:03-05:00,PUR_IED_Isabel-II_S_idiom_1c29aa,PUR_IED_Isabel-II_S_idiom_1c29aa,,,,,
2026-09-12T21:56:03-05:00,PUR_IED_Isabel-II_S_infor_fd741,PUR_IED_Isabel-II_S_infor_fd741,,,,,
2026-09-12T21:56:03-05:00,PUR_IED_IsidroSur_Exterio_5b90ea,PUR_IED_IsidroSur_Exterio_5b90ea,,,,,
2026-09-12T21:56:03-05:00,PUR_IED_IsidroSur_LabTec_56697a,PUR_IED_IsidroSur_LabTec_56697a,,,,,
2026-09-12T21:56:03-05:00,PUR_IED_IsidroSur_Robotic_b7c38f,PUR_IED_IsidroSur_Robotic_b7c38f,,,,,
2026-09-12T21:56:03-05:00,PUR_IED_IsmaelPerd_Ext_7b6672,PUR_IED_IsmaelPerd_Ext_7b6672,,,,,
2026-09-12T21:56:03-05:00,PUR_IED_IsmaelPerd_Inform_306540,PUR_IED_IsmaelPerd_Inform_306540,,,,,
2026-09-12T21:56:03-05:00,PUR_IED_IsmaelPerd_S30_2e2c83,PUR_IED_IsmaelPerd_S30_2e2c83,,,,,
2026-09-12T21:56:03-05:00,PUR_IED_JLozano_Exter_432910,PUR_IED_JLozano_Exter_432910,,,,,
2026-09-12T21:56:03-05:00,PUR_IED_JLozano_salaMulti_df5125,PUR_IED_JLozano_salaMulti_df5125,,,,,
2026-09-12T21:56:03-05:00,PUR_IED_JMCordoba_206_86f80b,PUR_IED_JMCordoba_206_86f80b,,,,,
2026-09-12T21:56:03-05:00,PUR_IED_JMCordoba_Ext_27ad97,PUR_IED_JMCordoba_Ext_27ad97,,,,,
2026-09-12T21:56:03-05:00,PUR_IED_JMCordoba_S310_d59ab4,PUR_IED_JMCordoba_S310_d59ab4,,,,,
2026-09-12T21:56:03-05:00,PUR_IED_Japon_Ext_549100,PUR_IED_Japon_Ext_549100,,,,,
2026-09-12T21:56:03-05:00,PUR_IED_Japon_Laboratorio_bec51d,PUR_IED_Japon_Laboratorio_bec51d,,,,,
2026-09-12T21:56:03-05:00,PUR_IED_Japon_informatica_d99327,PUR_IED_Japon_informatica_d99327,,,,,
2026-09-12T21:56:03-05:00,PUR_IED_Jazmin_Ext_d27bda,PUR_IED_Jazmin_Ext_d27bda,,,,,
2026-09-12T21:56:03-05:00,PUR_IED_Jazmin_Fisica_8d14d7,PUR_IED_Jazmin_Fisica_8d14d7,,,,,
2026-09-12T21:56:03-05:00,PUR_IED_Jazmin_Quimica_801cb5,PUR_IED_Jazmin_Quimica_801cb5,,,,,
2026-09-12T21:56:03-05:00,PUR_IED_JorgeGaitan_Exter_f098d1,PUR_IED_JorgeGaitan_Exter_f098d1,,,,,
2026-09-12T21:56:03-05:00,PUR_IED_JorgeGaitan_STec1_dc9d1d,PUR_IED_JorgeGaitan_STec1_dc9d1d,,,,,
2026-09-12T21:56:03-05:00,PUR_IED_JorgeGaitan_STec2_281e69,PUR_IED_JorgeGaitan_STec2_281e69,,,,,
2026-09-12T21:56:03-05:00,PUR_IED_JorgeSoto_Exterio_d9d0a2,PUR_IED_JorgeSoto_Exterio_d9d0a2,,,,,
2026-09-12T21:56:03-05:00,PUR_IED_JorgeSoto_LabFisi_209c54,PUR_IED_JorgeSoto_LabFisi_209c54,,,,,
2026-09-12T21:56:03-05:00,PUR_IED_JorgeSoto_S103_27b51a,PUR_IED_JorgeSoto_S103_27b51a,,,,,
2026-09-12T21:56:03-05:00,PUR_IED_JoseAcevedo_A02_e965eb,PUR_IED_JoseAcevedo_A02_e965eb,,,,,
2026-09-12T21:56:03-05:00,PUR_IED_JoseAcevedo_A07_dd5b4,PUR_IED_JoseAcevedo_A07_dd5b4,,,,,
2026-09-12T21:56:03-05:00,PUR_IED_JoseAcevedo_Ext_b47484,PUR_IED_JoseAcevedo_Ext_b47484,,,,,
2026-09-12T21:56:03-05:00,PUR_IED_JoseMarti_Exte_5b9bf,PUR_IED_JoseMarti_Exte_5b9bf,,,,,
2026-09-12T21:56:03-05:00,PUR_IED_JoseMarti_LabQuim_1c6c2d,PUR_IED_JoseMarti_LabQuim_1c6c2d,,,,,
2026-09-12T21:56:03-05:00,PUR_IED_JoseMarti_S_info_f5f177,PUR_IED_JoseMarti_S_info_f5f177,,,,,
2026-09-12T21:56:03-05:00,PUR_IED_Josejoaquin_Ext_dfc5dc,PUR_IED_Josejoaquin_Ext_dfc5dc,,,,,
2026-09-12T21:56:03-05:00,PUR_IED_Josejoaquin_S05_5b2a96,PUR_IED_Josejoaquin_S05_5b2a96,,,,,
2026-09-12T21:56:03-05:00,PUR_IED_Josejoaquin_S06_1ce7d2,PUR_IED_Josejoaquin_S06_1ce7d2,,,,,
2026-09-12T21:56:03-05:00,PUR_IED_JulioFlorez_Danza_9b82dd,PUR_IED_JulioFlorez_Danza_9b82dd,,,,,
2026-09-12T21:56:03-05:00,PUR_IED_JulioFlorez_Exter_f9f314,PUR_IED_JulioFlorez_Exter_f9f314,,,,,
2026-09-12T21:56:03-05:00,PUR_IED_JulioFlorez_info2_6b6e08,PUR_IED_JulioFlorez_info2_6b6e08,,,,,
2026-09-12T21:56:03-05:00,PUR_IED_LaBelleza_Aula13_1d00d8,PUR_IED_LaBelleza_Aula13_1d00d8,,,,,
2026-09-12T21:56:03-05:00,PUR_IED_LaBelleza_Ext_7bc08c,PUR_IED_LaBelleza_Ext_7bc08c,,,,,
2026-09-12T21:56:03-05:00,PUR_IED_LaChucua_Ext_8cd6d2,PUR_IED_LaChucua_Ext_8cd6d2,,,,,
2026-09-12T21:56:03-05:00,PUR_IED_LaChucua_S15_f578ce,PUR_IED_LaChucua_S15_f578ce,,,,,
2026-09-12T21:56:03-05:00,PUR_IED_LaChucua_S16_eebcf9,PUR_IED_LaChucua_S16_eebcf9,,,,,
2026-09-12T21:56:03-05:00,PUR_IED_LaFelicidad_Ext_fb5109,PUR_IED_LaFelicidad_Ext_fb5109,,,,,
2026-09-12T21:56:03-05:00,PUR_IED_LaMerced_206_66ebd,PUR_IED_LaMerced_206_66ebd,,,,,
2026-09-12T21:56:03-05:00,PUR_IED_LaMerced_207_6ebd6,PUR_IED_LaMerced_207_6ebd6,,,,,
2026-09-12T21:56:03-05:00,PUR_IED_LaMerced_ext_304311,PUR_IED_LaMerced_ext_304311,,,,,
2026-09-12T21:56:03-05:00,PUR_IED_Laureano_CiencNat_281e5e,PUR_IED_Laureano_CiencNat_281e5e,,,,,
2026-09-12T21:56:03-05:00,PUR_IED_Laureano_Comedor_f65c0a,PUR_IED_Laureano_Comedor_f65c0a,,,,,
2026-09-12T21:56:03-05:00,PUR_IED_Laureano_Exterior_7ab011,PUR_IED_Laureano_Exterior_7ab011,,,,,
2026-09-12T21:56:03-05:00,PUR_IED_LeonGreiff_Exte_dfe560,PUR_IED_LeonGreiff_Exte_dfe560,,,,,
2026-09-12T21:56:03-05:00,PUR_IED_LeonGreiff_S210_f264ed,PUR_IED_LeonGreiff_S210_f264ed,,,,,
2026-09-12T21:56:03-05:00,PUR_IED_LeonGreiff_SQuimi_e8296f,PUR_IED_LeonGreiff_SQuimi_e8296f,,,,,
2026-09-12T21:56:03-05:00,PUR_IED_LlanoOrientalS208_7b9fcd,PUR_IED_LlanoOrientalS208_7b9fcd,,,,,
2026-09-12T21:56:03-05:00,PUR_IED_LlanoOriental_Ext_fb3766,PUR_IED_LlanoOriental_Ext_fb3766,,,,,
2026-09-12T21:56:03-05:00,PUR_IED_LlanoOriental_S208_7b9fcd,PUR_IED_LlanoOriental_S208_7b9fcd,,,,,
2026-09-12T21:56:03-05:00,PUR_IED_LlanoOriental_S9_27b378,PUR_IED_LlanoOriental_S9_27b378,,,,,
2026-09-12T21:56:03-05:00,PUR_IED_LosTejares_1101_477602,PUR_IED_LosTejares_1101_477602,,,,,
2026-09-12T21:56:03-05:00,PUR_IED_LosTejares_11_d2c595,PUR_IED_LosTejares_11_d2c595,,,,,
2026-09-12T21:56:03-05:00,PUR_IED_LosTejares_12_477602,PUR_IED_LosTejares_12_477602,,,,,
2026-09-12T21:56:03-05:00,PUR_IED_LosTejares_Ext_8e2115,PUR_IED_LosTejares_Ext_8e2115,,,,,
2026-09-12T21:56:03-05:00,PUR_IED_MagdalenaO_B202_5ddda3,PUR_IED_MagdalenaO_B202_5ddda3,,,,,
2026-09-12T21:56:03-05:00,PUR_IED_MagdalenaO_B205_fb76e8,PUR_IED_MagdalenaO_B205_fb76e8,,,,,
2026-09-12T21:56:03-05:00,PUR_IED_MagdalenaO_ext_dc69cd,PUR_IED_MagdalenaO_ext_dc69cd,,,,,
2026-09-12T21:56:03-05:00,PUR_IED_ManueCepeda_artes_eee956,PUR_IED_ManueCepeda_artes_eee956,,,,,
2026-09-12T21:56:03-05:00,PUR_IED_ManuelCepeda_Ext_58313,PUR_IED_ManuelCepeda_Ext_58313,,,,,
2026-09-12T21:56:03-05:00,PUR_IED_ManuelCepeda_tec_1c5731,PUR_IED_ManuelCepeda_tec_1c5731,,,,,
2026-09-12T21:56:03-05:00,PUR_IED_ManuelS_Exterior_5b269,PUR_IED_ManuelS_Exterior_5b269,,,,,
2026-09-12T21:56:03-05:00,PUR_IED_ManuelS_Inform_f369ce,PUR_IED_ManuelS_Inform_f369ce,,,,,
2026-09-12T21:56:03-05:00,PUR_IED_ManuelS_SArtes_7d15f1,PUR_IED_ManuelS_SArtes_7d15f1,,,,,
2026-09-12T21:56:03-05:00,PUR_IED_ManuelZapata_303_3ca6,PUR_IED_ManuelZapata_303_3ca6,,,,,
2026-09-12T21:56:03-05:00,PUR_IED_ManuelZapata_311_bfbabc,PUR_IED_ManuelZapata_311_bfbabc,,,,,
2026-09-12T21:56:03-05:00,PUR_IED_ManuelZapata_Ext_50824a,PUR_IED_ManuelZapata_Ext_50824a,,,,,
2026-09-12T21:56:03-05:00,PUR_IED_ManuelitaS_Exteri_656a92,PUR_IED_ManuelitaS_Exteri_656a92,,,,,
2026-09-12T21:56:03-05:00,PUR_IED_ManuelitaS_JuzgDe_f58ec3,PUR_IED_ManuelitaS_JuzgDe_f58ec3,,,,,
2026-09-12T21:56:03-05:00,PUR_IED_ManuelitaS_Recrea_d793db,PUR_IED_ManuelitaS_Recrea_d793db,,,,,
2026-09-12T21:56:03-05:00,PUR_IED_MarFidSuarez_Ext_c27b19,PUR_IED_MarFidSuarez_Ext_c27b19,,,,,
2026-09-12T21:56:03-05:00,PUR_IED_MarFidSuarez_Info_e384d7,PUR_IED_MarFidSuarez_Info_e384d7,,,,,
2026-09-12T21:56:03-05:00,PUR_IED_MarFidSuarez_S306_1d0032,PUR_IED_MarFidSuarez_S306_1d0032,,,,,
2026-09-12T21:56:03-05:00,PUR_IED_Menorah_301_2a25a3,PUR_IED_Menorah_301_2a25a3,,,,,
2026-09-12T21:56:03-05:00,PUR_IED_Menorah_306_37ed3,PUR_IED_Menorah_306_37ed3,,,,,
2026-09-12T21:56:03-05:00,PUR_IED_Menorah_Ext_3e155b,PUR_IED_Menorah_Ext_3e155b,,,,,
2026-09-12T21:56:03-05:00,PUR_IED_MinutoB.Aires_A11_1b1604,PUR_IED_MinutoB.Aires_A11_1b1604,,,,,
2026-09-12T21:56:03-05:00,PUR_IED_MinutoB.Aires_A12_fb5860,PUR_IED_MinutoB.Aires_A12_fb5860,,,,,
2026-09-12T21:56:03-05:00,PUR_IED_MinutoB.Aires_Ext_81293f,PUR_IED_MinutoB.Aires_Ext_81293f,,,,,
2026-09-12T21:56:03-05:00,PUR_IED_MinutoBAires_A11_1b1604,PUR_IED_MinutoBAires_A11_1b1604,,,,,
2026-09-12T21:56:03-05:00,PUR_IED_MinutoBAires_A12_fb5860,PUR_IED_MinutoBAires_A12_fb5860,,,,,
2026-09-12T21:56:03-05:00,PUR_IED_MinutoBAires_Ext_81293f,PUR_IED_MinutoBAires_Ext_81293f,,,,,
2026-09-12T21:56:03-05:00,PUR_IED_Montreal_Aula10_1e4959,PUR_IED_Montreal_Aula10_1e4959,,,,,
2026-09-12T21:56:03-05:00,PUR_IED_Montreal_Aula6_300367,PUR_IED_Montreal_Aula6_300367,,,,,
2026-09-12T21:56:03-05:00,PUR_IED_Montreal_Exterior_91a179,PUR_IED_Montreal_Exterior_91a179,,,,,
2026-09-12T21:56:03-05:00,PUR_IED_Mqgdalena_B202_5ddda3,PUR_IED_Mqgdalena_B202_5ddda3,,,,,
2026-09-12T21:56:03-05:00,PUR_IED_NACUND_Soc_dc8728,PUR_IED_NACUND_Soc_dc8728,,,,,
2026-09-12T21:56:03-05:00,PUR_IED_NACUND_ext_27ad97,PUR_IED_NACUND_ext_27ad97,,,,,
2026-09-12T21:56:03-05:00,PUR_IED_NEsperanza_Ext_d24b61,PUR_IED_NEsperanza_Ext_d24b61,,,,,
2026-09-12T21:56:03-05:00,PUR_IED_NEsperanza_SElect_7d1807,PUR_IED_NEsperanza_SElect_7d1807,,,,,
2026-09-12T21:56:03-05:00,PUR_IED_NEsperanza_SLabor_8b2d0a,PUR_IED_NEsperanza_SLabor_8b2d0a,,,,,
2026-09-12T21:56:03-05:00,PUR_IED_NacionesU_Ext_f661a9,PUR_IED_NacionesU_Ext_f661a9,,,,,
2026-09-12T21:56:03-05:00,PUR_IED_NacionesU_Quimica_66f0a,PUR_IED_NacionesU_Quimica_66f0a,,,,,
2026-09-12T21:56:03-05:00,PUR_IED_NacionesU_S306_1b4b3d,PUR_IED_NacionesU_S306_1b4b3d,,,,,
2026-09-12T21:56:03-05:00,PUR_IED_NestorFA_Ext_e4201c,PUR_IED_NestorFA_Ext_e4201c,,,,,
2026-09-12T21:56:03-05:00,PUR_IED_NestorFA_Laborato_f22fe0,PUR_IED_NestorFA_Laborato_f22fe0,,,,,
2026-09-12T21:56:03-05:00,PUR_IED_NestorFA_S204_dee996,PUR_IED_NestorFA_S204_dee996,,,,,
2026-09-12T21:56:03-05:00,PUR_IED_NidyaQT_Aula03_76999b,PUR_IED_NidyaQT_Aula03_76999b,,,,,
2026-09-12T21:56:03-05:00,PUR_IED_NidyaQT_Aula10_56325,PUR_IED_NidyaQT_Aula10_56325,,,,,
2026-09-12T21:56:03-05:00,PUR_IED_NidyaQT_Ext_46e32d,PUR_IED_NidyaQT_Ext_46e32d,,,,,
2026-09-12T21:56:03-05:00,PUR_IED_NuevaCol_Exterior_d9b859,PUR_IED_NuevaCol_Exterior_d9b859,,,,,
2026-09-12T21:56:03-05:00,PUR_IED_NuevaCol_S1101_76c43b,PUR_IED_NuevaCol_S1101_76c43b,,,,,
2026-09-12T21:56:03-05:00,PUR_IED_NuevaCol_S1102_1ce0b5,PUR_IED_NuevaCol_S1102_1ce0b5,,,,,
2026-09-12T21:56:03-05:00,PUR_IED_OEA_A202_f7e3f2,PUR_IED_OEA_A202_f7e3f2,,,,,
2026-09-12T21:56:03-05:00,PUR_IED_OEA_A203_7d1b8d,PUR_IED_OEA_A203_7d1b8d,,,,,
2026-09-12T21:56:03-05:00,PUR_IED_OEA_Ext_27b593,PUR_IED_OEA_Ext_27b593,,,,,
2026-09-12T21:56:03-05:00,PUR_IED_Ochoa_Ext_1c29da,PUR_IED_Ochoa_Ext_1c29da,,,,,
2026-09-12T21:56:03-05:00,PUR_IED_Ochoa_S205_8b1121,PUR_IED_Ochoa_S205_8b1121,,,,,
2026-09-12T21:56:03-05:00,PUR_IED_Ochoa_Sistemas_f33af6,PUR_IED_Ochoa_Sistemas_f33af6,,,,,
2026-09-12T21:56:03-05:00,PUR_IED_PQuebec_Ext_1c67c7,PUR_IED_PQuebec_Ext_1c67c7,,,,,
2026-09-12T21:56:03-05:00,PUR_IED_PQuebec_S15_23e8e2,PUR_IED_PQuebec_S15_23e8e2,,,,,
2026-09-12T21:56:03-05:00,PUR_IED_PQuebec_S16_8ec76b,PUR_IED_PQuebec_S16_8ec76b,,,,,
2026-09-12T21:56:03-05:00,PUR_IED_PabloN_Ext_49dc96,PUR_IED_PabloN_Ext_49dc96,,,,,
2026-09-12T21:56:03-05:00,PUR_IED_PabloN_S1102_4e3df5,PUR_IED_PabloN_S1102_4e3df5,,,,,
2026-09-12T21:56:03-05:00,PUR_IED_PabloN_S1103_50c94b,PUR_IED_PabloN_S1103_50c94b,,,,,
2026-09-12T21:56:03-05:00,PUR_IED_Palestina_S1101_db9198,PUR_IED_Palestina_S1101_db9198,,,,,
2026-09-12T21:56:03-05:00,PUR_IED_Palestina_S1102_dc54fa,PUR_IED_Palestina_S1102_dc54fa,,,,,
2026-09-12T21:56:03-05:00,PUR_IED_Palestina_ext_4ccce6,PUR_IED_Palestina_ext_4ccce6,,,,,
2026-09-12T21:56:03-05:00,PUR_IED_Panama_Fisica_4d0794,PUR_IED_Panama_Fisica_4d0794,,,,,
2026-09-12T21:56:03-05:00,PUR_IED_Panama_SIngles_a4077e,PUR_IED_Panama_SIngles_a4077e,,,,,
2026-09-12T21:56:03-05:00,PUR_IED_Panama_ext_4c54b4,PUR_IED_Panama_ext_4c54b4,,,,,
2026-09-12T21:56:03-05:00,PUR_IED_ParaisoM_Exterior_8cd7f0,PUR_IED_ParaisoM_Exterior_8cd7f0,,,,,
2026-09-12T21:56:03-05:00,PUR_IED_ParaisoM_Laborato_27af35,PUR_IED_ParaisoM_Laborato_27af35,,,,,
2026-09-12T21:56:03-05:00,PUR_IED_ParaisoM_S304_d1edca,PUR_IED_ParaisoM_S304_d1edca,,,,,
2026-09-12T21:56:03-05:00,PUR_IED_PorfirioBarba_Ext_301466,PUR_IED_PorfirioBarba_Ext_301466,,,,,
2026-09-12T21:56:03-05:00,PUR_IED_PorfirioBarba_S11_df6cd2,PUR_IED_PorfirioBarba_S11_df6cd2,,,,,
2026-09-12T21:56:03-05:00,PUR_IED_PorfirioBarba_S29_27a7d6,PUR_IED_PorfirioBarba_S29_27a7d6,,,,,
2026-09-12T21:56:03-05:00,PUR_IED_PradoV_Exter_8b27ad,PUR_IED_PradoV_Exter_8b27ad,,,,,
2026-09-12T21:56:03-05:00,PUR_IED_PradoV_S301_de65b5,PUR_IED_PradoV_S301_de65b5,,,,,
2026-09-12T21:56:03-05:00,PUR_IED_PradoV_S302_7d2593,PUR_IED_PradoV_S302_7d2593,,,,,
2026-09-12T21:56:03-05:00,PUR_IED_QuirogaAlz_Ext_1ddc82,PUR_IED_QuirogaAlz_Ext_1ddc82,,,,,
2026-09-12T21:56:03-05:00,PUR_IED_QuirogaAlz_S302_9926a3,PUR_IED_QuirogaAlz_S302_9926a3,,,,,
2026-09-12T21:56:03-05:00,PUR_IED_QuirogaAlz_S305_cdf1f1,PUR_IED_QuirogaAlz_S305_cdf1f1,,,,,
2026-09-12T21:56:03-05:00,PUR_IED_RGuatemala_Biling_dc53b7,PUR_IED_RGuatemala_Biling_dc53b7,,,,,
2026-09-12T21:56:03-05:00,PUR_IED_RGuatemala_Ext_1b89a3,PUR_IED_RGuatemala_Ext_1b89a3,,,,,
2026-09-12T21:56:03-05:00,PUR_IED_RGuatemala_Tecnol_281a34,PUR_IED_RGuatemala_Tecnol_281a34,,,,,
2026-09-12T21:56:03-05:00,PUR_IED_RafaNu_Ext_f7c302,PUR_IED_RafaNu_Ext_f7c302,,,,,
2026-09-12T21:56:03-05:00,PUR_IED_RafaNu_S1101_25fde,PUR_IED_RafaNu_S1101_25fde,,,,,
2026-09-12T21:56:03-05:00,PUR_IED_RafaNu_S1102_281517,PUR_IED_RafaNu_S1102_281517,,,,,
2026-09-12T21:56:03-05:00,PUR_IED_RafaelB_S305_ee2783,PUR_IED_RafaelB_S305_ee2783,,,,,
2026-09-12T21:56:03-05:00,PUR_IED_RafaelB_S306_75fe33,PUR_IED_RafaelB_S306_75fe33,,,,,
2026-09-12T21:56:03-05:00,PUR_IED_RafaelB_ext_283336,PUR_IED_RafaelB_ext_283336,3,18,62,4.6722,-74.0737
2026-09-12T21:56:03-05:00,PUR_IED_RafaelUU_Exterior_281a51,PUR_IED_RafaelUU_Exterior_281a51,,,,,
2026-09-12T21:56:03-05:00,PUR_IED_RafaelUU_Human_806b2,PUR_IED_RafaelUU_Human_806b2,,,,,
2026-09-12T21:56:03-05:00,PUR_IED_RafaelUU_Mate2_5680d4,PUR_IED_RafaelUU_Mate2_5680d4,,,,,
2026-09-12T21:56:03-05:00,PUR_IED_RamonSub_Ext_f9eeb9,PUR_IED_RamonSub_Ext_f9eeb9,,,,,
2026-09-12T21:56:03-05:00,PUR_IED_RamonSub_Media_d1f62f,PUR_IED_RamonSub_Media_d1f62f,,,,,
2026-09-12T21:56:03-05:00,PUR_IED_RamonSub_planta_51b82,PUR_IED_RamonSub_planta_51b82,,,,,
2026-09-12T21:56:03-05:00,PUR_IED_RepBoliVene_Exter_27af7c,PUR_IED_RepBoliVene_Exter_27af7c,,,,,
2026-09-12T21:56:03-05:00,PUR_IED_RepBoliVene_SCPT_5ae2ee,PUR_IED_RepBoliVene_SCPT_5ae2ee,,,,,
2026-09-12T21:56:03-05:00,PUR_IED_RepBoliVene_Socia_4b11d5,PUR_IED_RepBoliVene_Socia_4b11d5,,,,,
2026-09-12T21:56:03-05:00,PUR_IED_RepChina_Ext_76d9ee,PUR_IED_RepChina_Ext_76d9ee,,,,,
2026-09-12T21:56:03-05:00,PUR_IED_RepChina_S404_7c804c,PUR_IED_RepChina_S404_7c804c,,,,,
2026-09-12T21:56:03-05:00,PUR_IED_RepChina_S405_df2c33,PUR_IED_RepChina_S405_df2c33,,,,,
2026-09-12T21:56:03-05:00,PUR_IED_RepublicaC_Exteri_7d1ec9,PUR_IED_RepublicaC_Exteri_7d1ec9,,,,,
2026-09-12T21:56:03-05:00,PUR_IED_RepublicaC_S1101_f544b3,PUR_IED_RepublicaC_S1101_f544b3,,,,,
2026-09-12T21:56:03-05:00,PUR_IED_RepublicaC_S1102_7aafc7,PUR_IED_RepublicaC_S1102_7aafc7,,,,,
2026-09-12T21:56:03-05:00,PUR_IED_Ricaurte_Externo_a0ea1,PUR_IED_Ricaurte_Externo_a0ea1,,,,,
2026-09-12T21:56:03-05:00,PUR_IED_Ricaurte_S210_f546fd,PUR_IED_Ricaurte_S210_f546fd,,,,,
2026-09-12T21:56:03-05:00,PUR_IED_Ricaurte_S309_d4452,PUR_IED_Ricaurte_S309_d4452,,,,,
2026-09-12T21:56:03-05:00,PUR_IED_RogelioS_1102_531e69,PUR_IED_RogelioS_1102_531e69,,,,,
2026-09-12T21:56:03-05:00,PUR_IED_RogelioS_Ext_f25a18,PUR_IED_RogelioS_Ext_f25a18,,,,,
2026-09-12T21:56:03-05:00,PUR_IED_SBernardino_Ext_27aff8,PUR_IED_SBernardino_Ext_27aff8,,,,,
2026-09-12T21:56:03-05:00,PUR_IED_SBernardino_SArte_2ffd33,PUR_IED_SBernardino_SArte_2ffd33,,,,,
2026-09-12T21:56:03-05:00,PUR_IED_SBernardino_SIngl_7c7da5,PUR_IED_SBernardino_SIngl_7c7da5,,,,,
2026-09-12T21:56:03-05:00,PUR_IED_Sago_auditorio_dc9d1d,PUR_IED_Sago_auditorio_dc9d1d,,,,,
2026-09-12T21:56:03-05:00,PUR_IED_Saludcoop_Ext_95aac3,PUR_IED_Saludcoop_Ext_95aac3,,,,,
2026-09-12T21:56:03-05:00,PUR_IED_Saludcoop_InfI_90c854,PUR_IED_Saludcoop_InfI_90c854,,,,,
2026-09-12T21:56:03-05:00,PUR_IED_Saludcoop_SMedia_1b93be,PUR_IED_Saludcoop_SMedia_1b93be,,,,,
2026-09-12T21:56:03-05:00,PUR_IED_SanCarlos_1101_1a2360,PUR_IED_SanCarlos_1101_1a2360,,,,,
2026-09-12T21:56:03-05:00,PUR_IED_SanCarlos_1103_7bafb5,PUR_IED_SanCarlos_1103_7bafb5,,,,,
2026-09-12T21:56:03-05:00,PUR_IED_SanCarlos_Ext_b7cd1,PUR_IED_SanCarlos_Ext_b7cd1,,,,,
2026-09-12T21:56:03-05:00,PUR_IED_SanIgnacioBosa11a_50c26e,PUR_IED_SanIgnacioBosa11a_50c26e,,,,,
2026-09-12T21:56:03-05:00,PUR_IED_SanIgnacioBosa11b_371de8,PUR_IED_SanIgnacioBosa11b_371de8,,,,,
2026-09-12T21:56:03-05:00,PUR_IED_SanIgnacioBosaExt_ef0ffc,PUR_IED_SanIgnacioBosaExt_ef0ffc,,,,,
2026-09-12T21:56:03-05:00,PUR_IED_SanIgnacioBosa_11a_50c26e,PUR_IED_SanIgnacioBosa_11a_50c26e,,,,,
2026-09-12T21:56:03-05:00,PUR_IED_SanIgnacioBosa_Ext_ef0ffc,PUR_IED_SanIgnacioBosa_Ext_ef0ffc,,,,,
2026-09-12T21:56:03-05:00,PUR_IED_SanJoseN_intS1101_31c47f,PUR_IED_SanJoseN_intS1101_31c47f,,,,,
2026-09-12T21:56:03-05:00,PUR_IED_SanJoseUsm_Exter_f5d7e8,PUR_IED_SanJoseUsm_Exter_f5d7e8,,,,,
2026-09-12T21:56:03-05:00,PUR_IED_SanJoseUsm_Int11A_cfdef6,PUR_IED_SanJoseUsm_Int11A_cfdef6,,,,,
2026-09-12T21:56:03-05:00,PUR_IED_SilveriaR_IntB5_905349,PUR_IED_SilveriaR_IntB5_905349,,,,,
2026-09-12T21:56:03-05:00,PUR_IED_SilveriaR_IntSD14_981f93,PUR_IED_SilveriaR_IntSD14_981f93,,,,,
2026-09-12T21:56:03-05:00,PUR_IED_SilveriaR_ext_2b651d,PUR_IED_SilveriaR_ext_2b651d,,,,,
2026-09-12T21:56:03-05:00,PUR_IED_SimonB_Exterior_913975,PUR_IED_SimonB_Exterior_913975,,,,,
2026-09-12T21:56:03-05:00,PUR_IED_SimonB_LabQuimi_c56908,PUR_IED_SimonB_LabQuimi_c56908,,,,,
2026-09-12T21:56:03-05:00,PUR_IED_SimonB_informatic_a28c1,PUR_IED_SimonB_informatic_a28c1,,,,,
2026-09-12T21:56:03-05:00,PUR_IED_Sorrento_1102_315f50,PUR_IED_Sorrento_1102_315f50,,,,,
2026-09-12T21:56:03-05:00,PUR_IED_Sorrento_Minte_214eab,PUR_IED_Sorrento_Minte_214eab,,,,,
2026-09-12T21:56:03-05:00,PUR_IED_Sorrento_ext_7c3a0a,PUR_IED_Sorrento_ext_7c3a0a,,,,,
2026-09-12T21:56:03-05:00,PUR_IED_Tabora_Ext_f048ae,PUR_IED_Tabora_Ext_f048ae,,,,,
2026-09-12T21:56:03-05:00,PUR_IED_Tabora_S1102_b07752,PUR_IED_Tabora_S1102_b07752,,,,,
2026-09-12T21:56:03-05:00,PUR_IED_Tabora_S1103_d988f5,PUR_IED_Tabora_S1103_d988f5,,,,,
2026-09-12T21:56:03-05:00,PUR_IED_Tenerife_Ext_1ab188,PUR_IED_Tenerife_Ext_1ab188,,,,,
2026-09-12T21:56:03-05:00,PUR_IED_Tenerife_SDanzas_7bc02e,PUR_IED_Tenerife_SDanzas_7bc02e,,,,,
2026-09-12T21:56:03-05:00,PUR_IED_Tenerife_SIngles_7cc277,PUR_IED_Tenerife_SIngles_7cc277,,,,,
2026-09-12T21:56:03-05:00,PUR_IED_Tibabuyes_Exter_f2683d,PUR_IED_Tibabuyes_Exter_f2683d,,,,,
2026-09-12T21:56:03-05:00,PUR_IED_Tibabuyes_S10_dc87a8,PUR_IED_Tibabuyes_S10_dc87a8,,,,,
2026-09-12T21:56:03-05:00,PUR_IED_Tibabuyes_S15_dc0526,PUR_IED_Tibabuyes_S15_dc0526,,,,,
2026-09-12T21:56:03-05:00,PUR_IED_UnionE_S301_a1043,PUR_IED_UnionE_S301_a1043,,,,,
2026-09-12T21:56:03-05:00,PUR_IED_UnionE_S307_ff6c2f,PUR_IED_UnionE_S307_ff6c2f,,,,,
2026-09-12T21:56:03-05:00,PUR_IED_UnionE__Ext_5e2468,PUR_IED_UnionE__Ext_5e2468,,,,,
2026-09-12T21:56:03-05:00,PUR_IED_VillaRica_Ext_75be7c,PUR_IED_VillaRica_Ext_75be7c,,,,,
2026-09-12T21:56:03-05:00,PUR_IED_VillaRica_S4_cc5dcd,PUR_IED_VillaRica_S4_cc5dcd,,,,,
2026-09-12T21:56:03-05:00,PUR_IED_VillaRica_Sesp_99f5c,PUR_IED_VillaRica_Sesp_99f5c,,,,,
2026-09-12T22:01:15-05:00,PUR_IED_20deJulio_1101_91b1b9,PUR_IED_20deJulio_1101_91b1b9,,,,,
2026-09-12T22:01:15-05:00,PUR_IED_20deJulio_1102_1cfcf9,PUR_IED_20deJulio_1102_1cfcf9,,,,,
2026-09-12T22:01:15-05:00,PUR_IED_20deJulio_Ext_ab60bd,PUR_IED_20deJulio_Ext_ab60bd,,,,,
2026-09-12T22:01:15-05:00,PUR_IED_AgustinFer_Ext_7b9b77,PUR_IED_AgustinFer_Ext_7b9b77,,,,,
2026-09-12T22:01:15-05:00,PUR_IED_AgustinFer_Info2_27b3a7,PUR_IED_AgustinFer_Info2_27b3a7,,,,,
2026-09-12T22:01:15-05:00,PUR_IED_AgustinFer_Sena_54b4eb,PUR_IED_AgustinFer_Sena_54b4eb,,,,,
2026-09-12T22:01:15-05:00,PUR_IED_AlexanderF_1102_caf07b,PUR_IED_AlexanderF_1102_caf07b,,,,,
2026-09-12T22:01:15-05:00,PUR_IED_AlexanderF_1103_c79e71,PUR_IED_AlexanderF_1103_c79e71,,,,,
2026-09-12T22:01:15-05:00,PUR_IED_AlexanderF_Ext_c5b18b,PUR_IED_AlexanderF_Ext_c5b18b,,,,,
2026-09-12T22:01:15-05:00,PUR_IED_AlfonsoLopez_Ext_281d77,PUR_IED_AlfonsoLopez_Ext_281d77,,,,,
2026-09-12T22:01:15-05:00,PUR_IED_AlfonsoLopez_LabF_888ce0,PUR_IED_AlfonsoLopez_LabF_888ce0,,,,,
2026-09-12T22:01:15-05:00,PUR_IED_AlfonsoLopez_SMed_df6a7f,PUR_IED_AlfonsoLopez_SMed_df6a7f,,,,,
2026-09-12T22:01:15-05:00,PUR_IED_AltamiraSO_A2_209f92,PUR_IED_AltamiraSO_A2_209f92,,,,,
2026-09-12T22:01:15-05:00,PUR_IED_AltamiraSO_Ext_186d66,PUR_IED_AltamiraSO_Ext_186d66,,,,,
2026-09-12T22:01:15-05:00,PUR_IED_AltamiraSO_Sistem_27afe1,PUR_IED_AltamiraSO_Sistem_27afe1,,,,,
2026-09-12T22:01:15-05:00,PUR_IED_AlvaroGom_LabQuim_813179,PUR_IED_AlvaroGom_LabQuim_813179,,,,,
2026-09-12T22:01:15-05:00,PUR_IED_AlvaroGomez_Ext_47c7ca,PUR_IED_AlvaroGomez_Ext_47c7ca,,,,,
2026-09-12T22:01:15-05:00,PUR_IED_AlvaroGomez_LabQuim_813179,PUR_IED_AlvaroGomez_LabQuim_813179,,,,,
2026-09-12T22:01:15-05:00,PUR_IED_AlvaroGomez_S23_7ba89f,PUR_IED_AlvaroGomez_S23_7ba89f,,,,,
2026-09-12T22:01:15-05:00,PUR_IED_Amistad_306_dc8728,PUR_IED_Amistad_306_dc8728,,,,,
2026-09-12T22:01:15-05:00,PUR_IED_Amistad_Ext_8cd55e,PUR_IED_Amistad_Ext_8cd55e,,,,,
2026-09-12T22:01:15-05:00,PUR_IED_Amistad_S202_a41169,PUR_IED_Amistad_S202_a41169,,,,,
2026-09-12T22:01:15-05:00,PUR_IED_AndresBello_Bio_fd5f5e,PUR_IED_AndresBello_Bio_fd5f5e,,,,,
2026-09-12T22:01:15-05:00,PUR_IED_AndresBello_ext_dcad65,PUR_IED_AndresBello_ext_dcad65,,,,,
2026-09-12T22:01:15-05:00,PUR_IED_AndresBello_port_eed3ec,PUR_IED_AndresBello_port_eed3ec,,,,,
2026-09-12T22:01:15-05:00,PUR_IED_AngelaR_11b_d90a6b,PUR_IED_AngelaR_11b_d90a6b,,,,,
2026-09-12T22:01:15-05:00,PUR_IED_AngelaR_ext_7cad3e,PUR_IED_AngelaR_ext_7cad3e,3,19,63,4.5825,-74.164497
2026-09-12T22:01:15-05:00,PUR_IED_AntJoseSucre_10mo_df2575,PUR_IED_AntJoseSucre_10mo_df2575,,,,,
2026-09-12T22:01:15-05:00,PUR_IED_AntJoseSucre_Ext_215b36,PUR_IED_AntJoseSucre_Ext_215b36,,,,,
2026-09-12T22:01:15-05:00,PUR_IED_AntJoseSucre_Lab_3139de,PUR_IED_AntJoseSucre_Lab_3139de,,,,,
2026-09-12T22:01:15-05:00,PUR_IED_AntonioGarcia_301_d6b188,PUR_IED_AntonioGarcia_301_d6b188,,,,,
2026-09-12T22:01:15-05:00,PUR_IED_AntonioGarcia_302_88a82,PUR_IED_AntonioGarcia_302_88a82,,,,,
2026-09-12T22:01:15-05:00,PUR_IED_AntonioGarcia_Ext_20950c,PUR_IED_AntonioGarcia_Ext_20950c,,,,,
2026-09-12T22:01:15-05:00,PUR_IED_AntonioVan_Aula2_6dea02,PUR_IED_AntonioVan_Aula2_6dea02,,,,,
2026-09-12T22:01:15-05:00,PUR_IED_AntonioVan_Aula5_f1557e,PUR_IED_AntonioVan_Aula5_f1557e,,,,,
2026-09-12T22:01:15-05:00,PUR_IED_AntonioVan_Ext_406f2f,PUR_IED_AntonioVan_Ext_406f2f,,,,,
2026-09-12T22:01:15-05:00,PUR_IED_Atabanzha_Ext_cc5af9,PUR_IED_Atabanzha_Ext_cc5af9,,,,,
2026-09-12T22:01:15-05:00,PUR_IED_Atabanzha_SA101_56c37,PUR_IED_Atabanzha_SA101_56c37,,,,,
2026-09-12T22:01:15-05:00,PUR_IED_Atabanzha_SB302_27b374,PUR_IED_Atabanzha_SB302_27b374,,,,,
2026-09-12T22:01:15-05:00,PUR_IED_Atahualpa_Ext_fc1748,PUR_IED_Atahualpa_Ext_fc1748,,,,,
2026-09-12T22:01:15-05:00,PUR_IED_Atahualpa_Informa_dc9a95,PUR_IED_Atahualpa_Informa_dc9a95,,,,,
2026-09-12T22:01:15-05:00,PUR_IED_Atahualpa_S1101_f98056,PUR_IED_Atahualpa_S1101_f98056,,,,,
2026-09-12T22:01:15-05:00,PUR_IED_Bellavista_Ext_f5aa74,PUR_IED_Bellavista_Ext_f5aa74,,,,,
2026-09-12T22:01:15-05:00,PUR_IED_Bilbao_11A_916c41,PUR_IED_Bilbao_11A_916c41,,,,,
2026-09-12T22:01:15-05:00,PUR_IED_Bilbao_Ext_fb579a,PUR_IED_Bilbao_Ext_fb579a,,,,,
2026-09-12T22:01:15-05:00,PUR_IED_BrasiliaU_A125_304280,PUR_IED_BrasiliaU_A125_304280,,,,,
2026-09-12T22:01:15-05:00,PUR_IED_BrasiliaU_A203_7c8ca5,PUR_IED_BrasiliaU_A203_7c8ca5,,,,,
2026-09-12T22:01:15-05:00,PUR_IED_BrasiliaU_Ext_8d6e9f,PUR_IED_BrasiliaU_Ext_8d6e9f,8,17,63,4.5175,-74.116302
2026-09-12T22:01:15-05:00,PUR_IED_Brasilia_Ext_fe6593,PUR_IED_Brasilia_Ext_fe6593,,,,,
2026-09-12T22:01:15-05:00,PUR_IED_Brasilia_S24_7c130d,PUR_IED_Brasilia_S24_7c130d,,,,,
2026-09-12T22:01:15-05:00,PUR_IED_Brasilia_S501_186a54,PUR_IED_Brasilia_S501_186a54,,,,,
2026-09-12T22:01:15-05:00,PUR_IED_CHARRY_EXT_f1d5cd,PUR_IED_CHARRY_EXT_f1d5cd,,,,,
2026-09-12T22:01:15-05:00,PUR_IED_CHARRY_INTDANZAS_7a08e6,PUR_IED_CHARRY_INTDANZAS_7a08e6,,,,,
2026-09-12T22:01:15-05:00,PUR_IED_CHARRY_INT_AULA20_dc998d,PUR_IED_CHARRY_INT_AULA20_dc998d,,,,,
2026-09-12T22:01:15-05:00,PUR_IED_COLVIV_1101_S25_7f520a,PUR_IED_COLVIV_1101_S25_7f520a,,,,,
2026-09-12T22:01:15-05:00,PUR_IED_COLVIV_1102_S16_f570ba,PUR_IED_COLVIV_1102_S16_f570ba,,,,,
2026-09-12T22:01:15-05:00,PUR_IED_COLVIV_Ext_1a26fa,PUR_IED_COLVIV_Ext_1a26fa,,,,,
2026-09-12T22:01:15-05:00,PUR_IED_CULPOP_301A_f660f3,PUR_IED_CULPOP_301A_f660f3,,,,,
2026-09-12T22:01:15-05:00,PUR_IED_CULPOP_303_568afe,PUR_IED_CULPOP_303_568afe,,,,,
2026-09-12T22:01:15-05:00,PUR_IED_CULPOP_Ext_e02ccb,PUR_IED_CULPOP_Ext_e02ccb,,,,,
2026-09-12T22:01:15-05:00,PUR_IED_CVillavicen_Ext_26eb58,PUR_IED_CVillavicen_Ext_26eb58,7,16,77,4.487,-74.102798
2026-09-12T22:01:15-05:00,PUR_IED_CVillavicen_Intel_1ce5c2,PUR_IED_CVillavicen_Intel_1ce5c2,,,,,
2026-09-12T22:01:15-05:00,PUR_IED_CVillavicen_Poliv_e0766c,PUR_IED_CVillavicen_Poliv_e0766c,,,,,
2026-09-12T22:01:15-05:00,PUR_IED_CVillavicen_int_1ba140,PUR_IED_CVillavicen_int_1ba140,,,,,
2026-09-12T22:01:15-05:00,PUR_IED_CVillavicen_intel_1ba140,PUR_IED_CVillavicen_intel_1ba140,,,,,
2026-09-12T22:01:15-05:00,PUR_IED_CarlosPizarro_Ext_e307cc,PUR_IED_CarlosPizarro_Ext_e307cc,,,,,
2026-09-12T22:01:15-05:00,PUR_IED_CarlosPizarro_L36_7e5cdb,PUR_IED_CarlosPizarro_L36_7e5cdb,,,,,
2026-09-12T22:01:15-05:00,PUR_IED_CarlosPizarro_L37_c8566c,PUR_IED_CarlosPizarro_L37_c8566c,,,,,
2026-09-12T22:01:15-05:00,PUR_IED_Castilla_Ext_cf35f,PUR_IED_Castilla_Ext_cf35f,,,,,
2026-09-12T22:01:15-05:00,PUR_IED_Castilla_SFisik_360e38,PUR_IED_Castilla_SFisik_360e38,,,,,
2026-09-12T22:01:15-05:00,PUR_IED_Castilla_Sc304_496fbf,PUR_IED_Castilla_Sc304_496fbf,,,,,
2026-09-12T22:01:15-05:00,PUR_IED_CervantesSa_Ext_6b57b,PUR_IED_CervantesSa_Ext_6b57b,6,17,67,4.5128,-74.117203
2026-09-12T22:01:15-05:00,PUR_IED_CervantesSa_S107_225c2b,PUR_IED_CervantesSa_S107_225c2b,,,,,
2026-09-12T22:01:15-05:00,PUR_IED_CervantesSa_S108_940925,PUR_IED_CervantesSa_S108_940925,,,,,
2026-09-12T22:01:15-05:00,PUR_IED_Charry_A20_f53e7c,PUR_IED_Charry_A20_f53e7c,,,,,
2026-09-12T22:01:15-05:00,PUR_IED_Charry_Ext_f1d5cd,PUR_IED_Charry_Ext_f1d5cd,,,,,
2026-09-12T22:01:15-05:00,PUR_IED_Charry_IntAula20_dc998d,PUR_IED_Charry_IntAula20_dc998d,,,,,
2026-09-12T22:01:15-05:00,PUR_IED_Charry_IntDanzas_7a08e6,PUR_IED_Charry_IntDanzas_7a08e6,,,,,
2026-09-12T22:01:15-05:00,PUR_IED_ClememciaC_203_43e2fc,PUR_IED_ClememciaC_203_43e2fc,,,,,
2026-09-12T22:01:15-05:00,PUR_IED_ClememciaC_Ext_1b411a,PUR_IED_ClememciaC_Ext_1b411a,,,,,
2026-09-12T22:01:15-05:00,PUR_IED_ClememciaC_Quimic_44b5fc,PUR_IED_ClememciaC_Quimic_44b5fc,,,,,
2026-09-12T22:01:15-05:00,PUR_IED_ClemenciaC_203_43e2fc,PUR_IED_ClemenciaC_203_43e2fc,,,,,
2026-09-12T22:01:15-05:00,PUR_IED_ClemenciaC_Ext_1b411a,PUR_IED_ClemenciaC_Ext_1b411a,,,,,
2026-09-12T22:01:15-05:00,PUR_IED_ClemenciaC_Quimic_44b5fc,PUR_IED_ClemenciaC_Quimic_44b5fc,,,,,
2026-09-12T22:01:15-05:00,PUR_IED_ColViva_1101_S25_7f520a,PUR_IED_ColViva_1101_S25_7f520a,,,,,
2026-09-12T22:01:15-05:00,PUR_IED_ColViva_1102_S16_f570ba,PUR_IED_ColViva_1102_S16_f570ba,,,,,
2026-09-12T22:01:15-05:00,PUR_IED_ColViva_Ext_1a26fa,PUR_IED_ColViva_Ext_1a26fa,,,,,
2026-09-12T22:01:15-05:00,PUR_IED_ColegioBici_Asist_7c8798,PUR_IED_ColegioBici_Asist_7c8798,,,,,
2026-09-12T22:01:15-05:00,PUR_IED_ColegioBici_Ext_25cbf6,PUR_IED_ColegioBici_Ext_25cbf6,,,,,
2026-09-12T22:01:15-05:00,PUR_IED_ColegioBici_LabQ_7b57db,PUR_IED_ColegioBici_LabQ_7b57db,,,,,
2026-09-12T22:01:15-05:00,PUR_IED_CostaRica_Ext_5e640,PUR_IED_CostaRica_Ext_5e640,,,,,
2026-09-12T22:01:15-05:00,PUR_IED_CostaRica_Quim1_766d1c,PUR_IED_CostaRica_Quim1_766d1c,,,,,
2026-09-12T22:01:15-05:00,PUR_IED_CostaRica__Fisica_6f0873,PUR_IED_CostaRica__Fisica_6f0873,,,,,
2026-09-12T22:01:15-05:00,PUR_IED_CulPopu_301A_f660f3,PUR_IED_CulPopu_301A_f660f3,,,,,
2026-09-12T22:01:15-05:00,PUR_IED_CulPopu_303_568afe,PUR_IED_CulPopu_303_568afe,,,,,
2026-09-12T22:01:15-05:00,PUR_IED_CulPopu_Ext_e02ccb,PUR_IED_CulPopu_Ext_e02ccb,,,,,
2026-09-12T22:01:15-05:00,PUR_IED_Cundinamarca_Ext_f15985,PUR_IED_Cundinamarca_Ext_f15985,,,,,
2026-09-12T22:01:15-05:00,PUR_IED_Cundinamarca_Info_7aa5d7,PUR_IED_Cundinamarca_Info_7aa5d7,,,,,
2026-09-12T22:01:15-05:00,PUR_IED_Cundinamarca_Tec2_f449c7,PUR_IED_Cundinamarca_Tec2_f449c7,,,,,
2026-09-12T22:01:15-05:00,PUR_IED_DiegoM_Aula1_27b314,PUR_IED_DiegoM_Aula1_27b314,,,,,
2026-09-12T22:01:15-05:00,PUR_IED_DiegoM_Ext_d80ac8,PUR_IED_DiegoM_Ext_d80ac8,,,,,
2026-09-12T22:01:15-05:00,PUR_IED_DiegoM_S25_da928f,PUR_IED_DiegoM_S25_da928f,,,,,
2026-09-12T22:01:15-05:00,PUR_IED_ELRODEO_360881,PUR_IED_ELRODEO_360881,,,,,
2026-09-12T22:01:15-05:00,PUR_IED_ELRODEO_ext_360881,PUR_IED_ELRODEO_ext_360881,,,,,
2026-09-12T22:01:15-05:00,PUR_IED_EduardoU_Ext_1c1969,PUR_IED_EduardoU_Ext_1c1969,,,,,
2026-09-12T22:01:15-05:00,PUR_IED_EduardoU_SCiencia_4dfb94,PUR_IED_EduardoU_SCiencia_4dfb94,,,,,
2026-09-12T22:01:15-05:00,PUR_IED_EduardoU_SQuimica_5a46e7,PUR_IED_EduardoU_SQuimica_5a46e7,,,,,
2026-09-12T22:01:15-05:00,PUR_IED_ElRodeo_Aula14_676984,PUR_IED_ElRodeo_Aula14_676984,,,,,
2026-09-12T22:01:15-05:00,PUR_IED_ElRodeo_Aula16_2dd35b,PUR_IED_ElRodeo_Aula16_2dd35b,,,,,
2026-09-12T22:01:15-05:00,PUR_IED_ElRodeo_Ext_360881,PUR_IED_ElRodeo_Ext_360881,,,,,
2026-09-12T22:01:15-05:00,PUR_IED_ElRodeo_Exterior_8c6d28,PUR_IED_ElRodeo_Exterior_8c6d28,,,,,
2026-09-12T22:01:15-05:00,PUR_IED_ElRodeo_ext_360881,PUR_IED_ElRodeo_ext_360881,,,,,
2026-09-12T22:01:15-05:00,PUR_IED_EmmaReyes_Ext_987625,PUR_IED_EmmaReyes_Ext_987625,7,21,52,4.6367,-74.1511
2026-09-12T22:01:15-05:00,PUR_IED_Ensueño_Ext_7f0250,PUR_IED_Ensueño_Ext_7f0250,,,,,
2026-09-12T22:01:15-05:00,PUR_IED_EscNormal_Ext_5fef3b,PUR_IED_EscNormal_Ext_5fef3b,4,19,61,4.5852,-74.096901
2026-09-12T22:01:15-05:00,PUR_IED_EscNormal_S309_5b263,PUR_IED_EscNormal_S309_5b263,,,,,
2026-09-12T22:01:15-05:00,PUR_IED_EscNormal_S310_27b3b8,PUR_IED_EscNormal_S310_27b3b8,,,,,
2026-09-12T22:01:15-05:00,PUR_IED_Evangelista_Conta_f6cd4f,PUR_IED_Evangelista_Conta_f6cd4f,,,,,
2026-09-12T22:01:15-05:00,PUR_IED_Evangelista_Cri_5e16a,PUR_IED_Evangelista_Cri_5e16a,,,,,
2026-09-12T22:01:15-05:00,PUR_IED_Evangelista_Exter_754066,PUR_IED_Evangelista_Exter_754066,,,,,
2026-09-12T22:01:15-05:00,PUR_IED_FMiranda_S209_5cc2a3,PUR_IED_FMiranda_S209_5cc2a3,,,,,
2026-09-12T22:01:15-05:00,PUR_IED_FMiranda_S303_19e344,PUR_IED_FMiranda_S303_19e344,,,,,
2026-09-12T22:01:15-05:00,PUR_IED_FMiranda_ext_f53e7c,PUR_IED_FMiranda_ext_f53e7c,,,,,
2026-09-12T22:01:15-05:00,PUR_IED_FabioLozano_Bibli_1cee05,PUR_IED_FabioLozano_Bibli_1cee05,,,,,
2026-09-12T22:01:15-05:00,PUR_IED_FabioLozano_Ext_6ea285,PUR_IED_FabioLozano_Ext_6ea285,,,,,
2026-09-12T22:01:15-05:00,PUR_IED_FabioLozano_SLudi_f09e1e,PUR_IED_FabioLozano_SLudi_f09e1e,,,,,
2026-09-12T22:01:15-05:00,PUR_IED_FaustinoS_Aula07_27a731,PUR_IED_FaustinoS_Aula07_27a731,,,,,
2026-09-12T22:01:15-05:00,PUR_IED_FaustinoS_Ext_7b936f,PUR_IED_FaustinoS_Ext_7b936f,,,,,
2026-09-12T22:01:15-05:00,PUR_IED_FaustinoS_Fisica_da2c60,PUR_IED_FaustinoS_Fisica_da2c60,,,,,
2026-09-12T22:01:15-05:00,PUR_IED_FeGarciaLo_Ext_dc68ee,PUR_IED_FeGarciaLo_Ext_dc68ee,,,,,
2026-09-12T22:01:15-05:00,PUR_IED_FeGarciaLo_SDanza_f70a59,PUR_IED_FeGarciaLo_SDanza_f70a59,,,,,
2026-09-12T22:01:15-05:00,PUR_IED_FeGarciaLo_SMusic_125cdd,PUR_IED_FeGarciaLo_SMusic_125cdd,,,,,
2026-09-12T22:01:15-05:00,PUR_IED_FederalAlema_Exte_50c345,PUR_IED_FederalAlema_Exte_50c345,,,,,
2026-09-12T22:01:15-05:00,PUR_IED_FederalAlema_S31_f18371,PUR_IED_FederalAlema_S31_f18371,,,,,
2026-09-12T22:01:15-05:00,PUR_IED_FederalAlema_S901_a62cd,PUR_IED_FederalAlema_S901_a62cd,,,,,
2026-09-12T22:01:15-05:00,PUR_IED_FilarmonicaS_A5_f35eb1,PUR_IED_FilarmonicaS_A5_f35eb1,,,,,
2026-09-12T22:01:15-05:00,PUR_IED_FilarmonicaS_Ext_8a3bde,PUR_IED_FilarmonicaS_Ext_8a3bde,,,,,
2026-09-12T22:01:15-05:00,PUR_IED_FilarmonicaS_Spol_406114,PUR_IED_FilarmonicaS_Spol_406114,,,,,
2026-09-12T22:01:15-05:00,PUR_IED_FlorentinoG_A13_d1fa59,PUR_IED_FlorentinoG_A13_d1fa59,,,,,
2026-09-12T22:01:15-05:00,PUR_IED_FlorentinoG_Ext_1ce6ce,PUR_IED_FlorentinoG_Ext_1ce6ce,,,,,
2026-09-12T22:01:15-05:00,PUR_IED_FlorentinoG_Idiom_a66aac,PUR_IED_FlorentinoG_Idiom_a66aac,,,,,
2026-09-12T22:01:15-05:00,PUR_IED_FranciscoMati_Ext_e3869d,PUR_IED_FranciscoMati_Ext_e3869d,,,,,
2026-09-12T22:01:15-05:00,PUR_IED_FranciscoMati_S13_f31c67,PUR_IED_FranciscoMati_S13_f31c67,,,,,
2026-09-12T22:01:15-05:00,PUR_IED_FranciscoMati_S14_97dead,PUR_IED_FranciscoMati_S14_97dead,,,,,
2026-09-12T22:01:15-05:00,PUR_IED_FranciscoPS_Ext_7bfa9a,PUR_IED_FranciscoPS_Ext_7bfa9a,3,20,60,4.5899,-74.110397
2026-09-12T22:01:15-05:00,PUR_IED_FranciscoPS_Infor_fb8f4c,PUR_IED_FranciscoPS_Infor_fb8f4c,,,,,
2026-09-12T22:01:15-05:00,PUR_IED_FranciscoPS_Quimi_94d39c,PUR_IED_FranciscoPS_Quimi_94d39c,,,,,
2026-09-12T22:01:15-05:00,PUR_IED_FranciscoP_LabQ_d7e148,PUR_IED_FranciscoP_LabQ_d7e148,,,,,
2026-09-12T22:01:15-05:00,PUR_IED_FranciscoP_S28_cf9b30,PUR_IED_FranciscoP_S28_cf9b30,,,,,
2026-09-12T22:01:15-05:00,PUR_IED_FranciscoP_ext_e2313,PUR_IED_FranciscoP_ext_e2313,,,,,
2026-09-12T22:01:15-05:00,PUR_IED_FriederichN_Ext_8ac92a,PUR_IED_FriederichN_Ext_8ac92a,,,,,
2026-09-12T22:01:15-05:00,PUR_IED_FriederichN_S301_dd7e5a,PUR_IED_FriederichN_S301_dd7e5a,,,,,
2026-09-12T22:01:15-05:00,PUR_IED_FriederichN_S308_761f4f,PUR_IED_FriederichN_S308_761f4f,,,,,
2026-09-12T22:01:15-05:00,PUR_IED_GSantander_Aula10_533dd7,PUR_IED_GSantander_Aula10_533dd7,,,,,
2026-09-12T22:01:15-05:00,PUR_IED_GSantander_Aula12_fd4e4f,PUR_IED_GSantander_Aula12_fd4e4f,,,,,
2026-09-12T22:01:15-05:00,PUR_IED_GSantander_Aula310_533dd7,PUR_IED_GSantander_Aula310_533dd7,,,,,
2026-09-12T22:01:15-05:00,PUR_IED_GSantander_Aula312_fd4e4f,PUR_IED_GSantander_Aula312_fd4e4f,,,,,
2026-09-12T22:01:15-05:00,PUR_IED_GSantander_Ext_5f66b0,PUR_IED_GSantander_Ext_5f66b0,,,,,
2026-09-12T22:01:15-05:00,PUR_IED_GYomasa_Ext_f6bea5,PUR_IED_GYomasa_Ext_f6bea5,,,,,
2026-09-12T22:01:15-05:00,PUR_IED_GYomasa_LBiol_2c41aa,PUR_IED_GYomasa_LBiol_2c41aa,,,,,
2026-09-12T22:01:15-05:00,PUR_IED_GYomasa_LQuim_33c80,PUR_IED_GYomasa_LQuim_33c80,,,,,
2026-09-12T22:01:15-05:00,PUR_IED_GabBetMejia_Cienc_5a99c,PUR_IED_GabBetMejia_Cienc_5a99c,,,,,
2026-09-12T22:01:15-05:00,PUR_IED_GabBetMejia_Ext_9153d0,PUR_IED_GabBetMejia_Ext_9153d0,,,,,
2026-09-12T22:01:15-05:00,PUR_IED_GabBetMejia_Lab_f55347,PUR_IED_GabBetMejia_Lab_f55347,,,,,
2026-09-12T22:01:15-05:00,PUR_IED_GabBetanMejia_Ext_9153d0,PUR_IED_GabBetanMejia_Ext_9153d0,,,,,
2026-09-12T22:01:15-05:00,PUR_IED_Gaitana_Aula13_7aac11,PUR_IED_Gaitana_Aula13_7aac11,,,,,
2026-09-12T22:01:15-05:00,PUR_IED_Gaitana_Ext_5fcf4,PUR_IED_Gaitana_Ext_5fcf4,,,,,
2026-09-12T22:01:15-05:00,PUR_IED_Gaitana_LabFisica_644448,PUR_IED_Gaitana_LabFisica_644448,,,,,
2026-09-12T22:01:15-05:00,PUR_IED_GenSantander_Dise_8ac858,PUR_IED_GenSantander_Dise_8ac858,,,,,
2026-09-12T22:01:15-05:00,PUR_IED_GenSantander_Ext_8d5dfe,PUR_IED_GenSantander_Ext_8d5dfe,,,,,
2026-09-12T22:01:15-05:00,PUR_IED_GenSantander_Info_6c25b,PUR_IED_GenSantander_Info_6c25b,,,,,
2026-09-12T22:01:15-05:00,PUR_IED_GustavoMo_Exterio_75e63d,PUR_IED_GustavoMo_Exterio_75e63d,,,,,
2026-09-12T22:01:15-05:00,PUR_IED_GustavoMo_LabFisi_224d37,PUR_IED_GustavoMo_LabFisi_224d37,,,,,
2026-09-12T22:01:15-05:00,PUR_IED_GustavoMo_S208_3e6918,PUR_IED_GustavoMo_S208_3e6918,,,,,
2026-09-12T22:01:15-05:00,PUR_IED_GustavoR_A02_8cd4a8,PUR_IED_GustavoR_A02_8cd4a8,,,,,
2026-09-12T22:01:15-05:00,PUR_IED_GustavoR_B11_5b0ed,PUR_IED_GustavoR_B11_5b0ed,,,,,
2026-09-12T22:01:15-05:00,PUR_IED_GustavoR_Ext_7a0c90,PUR_IED_GustavoR_Ext_7a0c90,,,,,
2026-09-12T22:01:15-05:00,PUR_IED_HernandoDuran_Ext_8cd82b,PUR_IED_HernandoDuran_Ext_8cd82b,,,,,
2026-09-12T22:01:15-05:00,PUR_IED_HernandoDuran_S24_2772c6,PUR_IED_HernandoDuran_S24_2772c6,,,,,
2026-09-12T22:01:15-05:00,PUR_IED_HernandoDuran_S30_f2de41,PUR_IED_HernandoDuran_S30_f2de41,,,,,
2026-09-12T22:01:15-05:00,PUR_IED_HolguInUr_S1101_8cd732,PUR_IED_HolguInUr_S1101_8cd732,,,,,
2026-09-12T22:01:15-05:00,PUR_IED_HolguinUr_Exter_ddae6d,PUR_IED_HolguinUr_Exter_ddae6d,,,,,
2026-09-12T22:01:15-05:00,PUR_IED_HolguinUr_LabQuim_92b952,PUR_IED_HolguinUr_LabQuim_92b952,,,,,
2026-09-12T22:01:15-05:00,PUR_IED_Isabel-II_Ext_5245cc,PUR_IED_Isabel-II_Ext_5245cc,6,19,58,4.6336,-74.153
2026-09-12T22:01:15-05:00,PUR_IED_Isabel-II_S_idiom_1c29aa,PUR_IED_Isabel-II_S_idiom_1c29aa,,,,,
2026-09-12T22:01:15-05:00,PUR_IED_Isabel-II_S_infor_fd741,PUR_IED_Isabel-II_S_infor_fd741,,,,,
2026-09-12T22:01:15-05:00,PUR_IED_IsidroSur_Exterio_5b90ea,PUR_IED_IsidroSur_Exterio_5b90ea,,,,,
2026-09-12T22:01:15-05:00,PUR_IED_IsidroSur_LabTec_56697a,PUR_IED_IsidroSur_LabTec_56697a,,,,,
2026-09-12T22:01:15-05:00,PUR_IED_IsidroSur_Robotic_b7c38f,PUR_IED_IsidroSur_Robotic_b7c38f,,,,,
2026-09-12T22:01:15-05:00,PUR_IED_IsmaelPerd_Ext_7b6672,PUR_IED_IsmaelPerd_Ext_7b6672,,,,,
2026-09-12T22:01:15-05:00,PUR_IED_IsmaelPerd_Inform_306540,PUR_IED_IsmaelPerd_Inform_306540,,,,,
2026-09-12T22:01:15-05:00,PUR_IED_IsmaelPerd_S30_2e2c83,PUR_IED_IsmaelPerd_S30_2e2c83,,,,,
2026-09-12T22:01:15-05:00,PUR_IED_JLozano_Exter_432910,PUR_IED_JLozano_Exter_432910,,,,,
2026-09-12T22:01:15-05:00,PUR_IED_JLozano_salaMulti_df5125,PUR_IED_JLozano_salaMulti_df5125,,,,,
2026-09-12T22:01:15-05:00,PUR_IED_JMCordoba_206_86f80b,PUR_IED_JMCordoba_206_86f80b,,,,,
2026-09-12T22:01:15-05:00,PUR_IED_JMCordoba_Ext_27ad97,PUR_IED_JMCordoba_Ext_27ad97,,,,,
2026-09-12T22:01:15-05:00,PUR_IED_JMCordoba_S310_d59ab4,PUR_IED_JMCordoba_S310_d59ab4,,,,,
2026-09-12T22:01:15-05:00,PUR_IED_Japon_Ext_549100,PUR_IED_Japon_Ext_549100,,,,,
2026-09-12T22:01:15-05:00,PUR_IED_Japon_Laboratorio_bec51d,PUR_IED_Japon_Laboratorio_bec51d,,,,,
2026-09-12T22:01:15-05:00,PUR_IED_Japon_informatica_d99327,PUR_IED_Japon_informatica_d99327,,,,,
2026-09-12T22:01:15-05:00,PUR_IED_Jazmin_Ext_d27bda,PUR_IED_Jazmin_Ext_d27bda,,,,,
2026-09-12T22:01:15-05:00,PUR_IED_Jazmin_Fisica_8d14d7,PUR_IED_Jazmin_Fisica_8d14d7,,,,,
2026-09-12T22:01:15-05:00,PUR_IED_Jazmin_Quimica_801cb5,PUR_IED_Jazmin_Quimica_801cb5,,,,,
2026-09-12T22:01:15-05:00,PUR_IED_JorgeGaitan_Exter_f098d1,PUR_IED_JorgeGaitan_Exter_f098d1,,,,,
2026-09-12T22:01:15-05:00,PUR_IED_JorgeGaitan_STec1_dc9d1d,PUR_IED_JorgeGaitan_STec1_dc9d1d,,,,,
2026-09-12T22:01:15-05:00,PUR_IED_JorgeGaitan_STec2_281e69,PUR_IED_JorgeGaitan_STec2_281e69,,,,,
2026-09-12T22:01:15-05:00,PUR_IED_JorgeSoto_Exterio_d9d0a2,PUR_IED_JorgeSoto_Exterio_d9d0a2,,,,,
2026-09-12T22:01:15-05:00,PUR_IED_JorgeSoto_LabFisi_209c54,PUR_IED_JorgeSoto_LabFisi_209c54,,,,,
2026-09-12T22:01:15-05:00,PUR_IED_JorgeSoto_S103_27b51a,PUR_IED_JorgeSoto_S103_27b51a,,,,,
2026-09-12T22:01:15-05:00,PUR_IED_JoseAcevedo_A02_e965eb,PUR_IED_JoseAcevedo_A02_e965eb,,,,,
2026-09-12T22:01:15-05:00,PUR_IED_JoseAcevedo_A07_dd5b4,PUR_IED_JoseAcevedo_A07_dd5b4,,,,,
2026-09-12T22:01:15-05:00,PUR_IED_JoseAcevedo_Ext_b47484,PUR_IED_JoseAcevedo_Ext_b47484,,,,,
2026-09-12T22:01:15-05:00,PUR_IED_JoseMarti_Exte_5b9bf,PUR_IED_JoseMarti_Exte_5b9bf,,,,,
2026-09-12T22:01:15-05:00,PUR_IED_JoseMarti_LabQuim_1c6c2d,PUR_IED_JoseMarti_LabQuim_1c6c2d,,,,,
2026-09-12T22:01:15-05:00,PUR_IED_JoseMarti_S_info_f5f177,PUR_IED_JoseMarti_S_info_f5f177,,,,,
2026-09-12T22:01:15-05:00,PUR_IED_Josejoaquin_Ext_dfc5dc,PUR_IED_Josejoaquin_Ext_dfc5dc,,,,,
2026-09-12T22:01:15-05:00,PUR_IED_Josejoaquin_S05_5b2a96,PUR_IED_Josejoaquin_S05_5b2a96,,,,,
2026-09-12T22:01:15-05:00,PUR_IED_Josejoaquin_S06_1ce7d2,PUR_IED_Josejoaquin_S06_1ce7d2,,,,,
2026-09-12T22:01:15-05:00,PUR_IED_JulioFlorez_Danza_9b82dd,PUR_IED_JulioFlorez_Danza_9b82dd,,,,,
2026-09-12T22:01:15-05:00,PUR_IED_JulioFlorez_Exter_f9f314,PUR_IED_JulioFlorez_Exter_f9f314,,,,,
2026-09-12T22:01:15-05:00,PUR_IED_JulioFlorez_info2_6b6e08,PUR_IED_JulioFlorez_info2_6b6e08,,,,,
2026-09-12T22:01:15-05:00,PUR_IED_LaBelleza_Aula13_1d00d8,PUR_IED_LaBelleza_Aula13_1d00d8,,,,,
2026-09-12T22:01:15-05:00,PUR_IED_LaBelleza_Ext_7bc08c,PUR_IED_LaBelleza_Ext_7bc08c,,,,,
2026-09-12T22:01:15-05:00,PUR_IED_LaChucua_Ext_8cd6d2,PUR_IED_LaChucua_Ext_8cd6d2,,,,,
2026-09-12T22:01:15-05:00,PUR_IED_LaChucua_S15_f578ce,PUR_IED_LaChucua_S15_f578ce,,,,,
2026-09-12T22:01:15-05:00,PUR_IED_LaChucua_S16_eebcf9,PUR_IED_LaChucua_S16_eebcf9,,,,,
2026-09-12T22:01:15-05:00,PUR_IED_LaFelicidad_Ext_fb5109,PUR_IED_LaFelicidad_Ext_fb5109,,,,,
2026-09-12T22:01:15-05:00,PUR_IED_LaMerced_206_66ebd,PUR_IED_LaMerced_206_66ebd,,,,,
2026-09-12T22:01:15-05:00,PUR_IED_LaMerced_207_6ebd6,PUR_IED_LaMerced_207_6ebd6,,,,,
2026-09-12T22:01:15-05:00,PUR_IED_LaMerced_ext_304311,PUR_IED_LaMerced_ext_304311,,,,,
2026-09-12T22:01:15-05:00,PUR_IED_Laureano_CiencNat_281e5e,PUR_IED_Laureano_CiencNat_281e5e,,,,,
2026-09-12T22:01:15-05:00,PUR_IED_Laureano_Comedor_f65c0a,PUR_IED_Laureano_Comedor_f65c0a,,,,,
2026-09-12T22:01:15-05:00,PUR_IED_Laureano_Exterior_7ab011,PUR_IED_Laureano_Exterior_7ab011,,,,,
2026-09-12T22:01:15-05:00,PUR_IED_LeonGreiff_Exte_dfe560,PUR_IED_LeonGreiff_Exte_dfe560,,,,,
2026-09-12T22:01:15-05:00,PUR_IED_LeonGreiff_S210_f264ed,PUR_IED_LeonGreiff_S210_f264ed,,,,,
2026-09-12T22:01:15-05:00,PUR_IED_LeonGreiff_SQuimi_e8296f,PUR_IED_LeonGreiff_SQuimi_e8296f,,,,,
2026-09-12T22:01:15-05:00,PUR_IED_LlanoOrientalS208_7b9fcd,PUR_IED_LlanoOrientalS208_7b9fcd,,,,,
2026-09-12T22:01:15-05:00,PUR_IED_LlanoOriental_Ext_fb3766,PUR_IED_LlanoOriental_Ext_fb3766,,,,,
2026-09-12T22:01:15-05:00,PUR_IED_LlanoOriental_S208_7b9fcd,PUR_IED_LlanoOriental_S208_7b9fcd,,,,,
2026-09-12T22:01:15-05:00,PUR_IED_LlanoOriental_S9_27b378,PUR_IED_LlanoOriental_S9_27b378,,,,,
2026-09-12T22:01:15-05:00,PUR_IED_LosTejares_1101_477602,PUR_IED_LosTejares_1101_477602,,,,,
2026-09-12T22:01:15-05:00,PUR_IED_LosTejares_11_d2c595,PUR_IED_LosTejares_11_d2c595,,,,,
2026-09-12T22:01:15-05:00,PUR_IED_LosTejares_12_477602,PUR_IED_LosTejares_12_477602,,,,,
2026-09-12T22:01:15-05:00,PUR_IED_LosTejares_Ext_8e2115,PUR_IED_LosTejares_Ext_8e2115,,,,,
2026-09-12T22:01:15-05:00,PUR_IED_MagdalenaO_B202_5ddda3,PUR_IED_MagdalenaO_B202_5ddda3,,,,,
2026-09-12T22:01:15-05:00,PUR_IED_MagdalenaO_B205_fb76e8,PUR_IED_MagdalenaO_B205_fb76e8,,,,,
2026-09-12T22:01:15-05:00,PUR_IED_MagdalenaO_ext_dc69cd,PUR_IED_MagdalenaO_ext_dc69cd,,,,,
2026-09-12T22:01:15-05:00,PUR_IED_ManueCepeda_artes_eee956,PUR_IED_ManueCepeda_artes_eee956,,,,,
2026-09-12T22:01:15-05:00,PUR_IED_ManuelCepeda_Ext_58313,PUR_IED_ManuelCepeda_Ext_58313,,,,,
2026-09-12T22:01:15-05:00,PUR_IED_ManuelCepeda_tec_1c5731,PUR_IED_ManuelCepeda_tec_1c5731,,,,,
2026-09-12T22:01:15-05:00,PUR_IED_ManuelS_Exterior_5b269,PUR_IED_ManuelS_Exterior_5b269,,,,,
2026-09-12T22:01:15-05:00,PUR_IED_ManuelS_Inform_f369ce,PUR_IED_ManuelS_Inform_f369ce,,,,,
2026-09-12T22:01:15-05:00,PUR_IED_ManuelS_SArtes_7d15f1,PUR_IED_ManuelS_SArtes_7d15f1,,,,,
2026-09-12T22:01:15-05:00,PUR_IED_ManuelZapata_303_3ca6,PUR_IED_ManuelZapata_303_3ca6,,,,,
2026-09-12T22:01:15-05:00,PUR_IED_ManuelZapata_311_bfbabc,PUR_IED_ManuelZapata_311_bfbabc,,,,,
2026-09-12T22:01:15-05:00,PUR_IED_ManuelZapata_Ext_50824a,PUR_IED_ManuelZapata_Ext_50824a,,,,,
2026-09-12T22:01:15-05:00,PUR_IED_ManuelitaS_Exteri_656a92,PUR_IED_ManuelitaS_Exteri_656a92,,,,,
2026-09-12T22:01:15-05:00,PUR_IED_ManuelitaS_JuzgDe_f58ec3,PUR_IED_ManuelitaS_JuzgDe_f58ec3,,,,,
2026-09-12T22:01:15-05:00,PUR_IED_ManuelitaS_Recrea_d793db,PUR_IED_ManuelitaS_Recrea_d793db,,,,,
2026-09-12T22:01:15-05:00,PUR_IED_MarFidSuarez_Ext_c27b19,PUR_IED_MarFidSuarez_Ext_c27b19,,,,,
2026-09-12T22:01:15-05:00,PUR_IED_MarFidSuarez_Info_e384d7,PUR_IED_MarFidSuarez_Info_e384d7,,,,,
2026-09-12T22:01:15-05:00,PUR_IED_MarFidSuarez_S306_1d0032,PUR_IED_MarFidSuarez_S306_1d0032,,,,,
2026-09-12T22:01:15-05:00,PUR_IED_Menorah_301_2a25a3,PUR_IED_Menorah_301_2a25a3,,,,,
2026-09-12T22:01:15-05:00,PUR_IED_Menorah_306_37ed3,PUR_IED_Menorah_306_37ed3,,,,,
2026-09-12T22:01:15-05:00,PUR_IED_Menorah_Ext_3e155b,PUR_IED_Menorah_Ext_3e155b,,,,,
2026-09-12T22:01:15-05:00,PUR_IED_MinutoB.Aires_A11_1b1604,PUR_IED_MinutoB.Aires_A11_1b1604,,,,,
2026-09-12T22:01:15-05:00,PUR_IED_MinutoB.Aires_A12_fb5860,PUR_IED_MinutoB.Aires_A12_fb5860,,,,,
2026-09-12T22:01:15-05:00,PUR_IED_MinutoB.Aires_Ext_81293f,PUR_IED_MinutoB.Aires_Ext_81293f,,,,,
2026-09-12T22:01:15-05:00,PUR_IED_MinutoBAires_A11_1b1604,PUR_IED_MinutoBAires_A11_1b1604,,,,,
2026-09-12T22:01:15-05:00,PUR_IED_MinutoBAires_A12_fb5860,PUR_IED_MinutoBAires_A12_fb5860,,,,,
2026-09-12T22:01:15-05:00,PUR_IED_MinutoBAires_Ext_81293f,PUR_IED_MinutoBAires_Ext_81293f,,,,,
2026-09-12T22:01:15-05:00,PUR_IED_Montreal_Aula10_1e4959,PUR_IED_Montreal_Aula10_1e4959,,,,,
2026-09-12T22:01:15-05:00,PUR_IED_Montreal_Aula6_300367,PUR_IED_Montreal_Aula6_300367,,,,,
2026-09-12T22:01:15-05:00,PUR_IED_Montreal_Exterior_91a179,PUR_IED_Montreal_Exterior_91a179,,,,,
2026-09-12T22:01:15-05:00,PUR_IED_Mqgdalena_B202_5ddda3,PUR_IED_Mqgdalena_B202_5ddda3,,,,,
2026-09-12T22:01:15-05:00,PUR_IED_NACUND_Soc_dc8728,PUR_IED_NACUND_Soc_dc8728,,,,,
2026-09-12T22:01:15-05:00,PUR_IED_NACUND_ext_27ad97,PUR_IED_NACUND_ext_27ad97,,,,,
2026-09-12T22:01:15-05:00,PUR_IED_NEsperanza_Ext_d24b61,PUR_IED_NEsperanza_Ext_d24b61,,,,,
2026-09-12T22:01:15-05:00,PUR_IED_NEsperanza_SElect_7d1807,PUR_IED_NEsperanza_SElect_7d1807,,,,,
2026-09-12T22:01:15-05:00,PUR_IED_NEsperanza_SLabor_8b2d0a,PUR_IED_NEsperanza_SLabor_8b2d0a,,,,,
2026-09-12T22:01:15-05:00,PUR_IED_NacionesU_Ext_f661a9,PUR_IED_NacionesU_Ext_f661a9,,,,,
2026-09-12T22:01:15-05:00,PUR_IED_NacionesU_Quimica_66f0a,PUR_IED_NacionesU_Quimica_66f0a,,,,,
2026-09-12T22:01:15-05:00,PUR_IED_NacionesU_S306_1b4b3d,PUR_IED_NacionesU_S306_1b4b3d,,,,,
2026-09-12T22:01:15-05:00,PUR_IED_NestorFA_Ext_e4201c,PUR_IED_NestorFA_Ext_e4201c,,,,,
2026-09-12T22:01:15-05:00,PUR_IED_NestorFA_Laborato_f22fe0,PUR_IED_NestorFA_Laborato_f22fe0,,,,,
2026-09-12T22:01:15-05:00,PUR_IED_NestorFA_S204_dee996,PUR_IED_NestorFA_S204_dee996,,,,,
2026-09-12T22:01:15-05:00,PUR_IED_NidyaQT_Aula03_76999b,PUR_IED_NidyaQT_Aula03_76999b,,,,,
2026-09-12T22:01:15-05:00,PUR_IED_NidyaQT_Aula10_56325,PUR_IED_NidyaQT_Aula10_56325,,,,,
2026-09-12T22:01:15-05:00,PUR_IED_NidyaQT_Ext_46e32d,PUR_IED_NidyaQT_Ext_46e32d,,,,,
2026-09-12T22:01:15-05:00,PUR_IED_NuevaCol_Exterior_d9b859,PUR_IED_NuevaCol_Exterior_d9b859,,,,,
2026-09-12T22:01:15-05:00,PUR_IED_NuevaCol_S1101_76c43b,PUR_IED_NuevaCol_S1101_76c43b,,,,,
2026-09-12T22:01:15-05:00,PUR_IED_NuevaCol_S1102_1ce0b5,PUR_IED_NuevaCol_S1102_1ce0b5,,,,,
2026-09-12T22:01:15-05:00,PUR_IED_OEA_A202_f7e3f2,PUR_IED_OEA_A202_f7e3f2,,,,,
2026-09-12T22:01:15-05:00,PUR_IED_OEA_A203_7d1b8d,PUR_IED_OEA_A203_7d1b8d,,,,,
2026-09-12T22:01:15-05:00,PUR_IED_OEA_Ext_27b593,PUR_IED_OEA_Ext_27b593,,,,,
2026-09-12T22:01:15-05:00,PUR_IED_Ochoa_Ext_1c29da,PUR_IED_Ochoa_Ext_1c29da,,,,,
2026-09-12T22:01:15-05:00,PUR_IED_Ochoa_S205_8b1121,PUR_IED_Ochoa_S205_8b1121,,,,,
2026-09-12T22:01:15-05:00,PUR_IED_Ochoa_Sistemas_f33af6,PUR_IED_Ochoa_Sistemas_f33af6,,,,,
2026-09-12T22:01:15-05:00,PUR_IED_PQuebec_Ext_1c67c7,PUR_IED_PQuebec_Ext_1c67c7,,,,,
2026-09-12T22:01:15-05:00,PUR_IED_PQuebec_S15_23e8e2,PUR_IED_PQuebec_S15_23e8e2,,,,,
2026-09-12T22:01:15-05:00,PUR_IED_PQuebec_S16_8ec76b,PUR_IED_PQuebec_S16_8ec76b,,,,,
2026-09-12T22:01:15-05:00,PUR_IED_PabloN_Ext_49dc96,PUR_IED_PabloN_Ext_49dc96,,,,,
2026-09-12T22:01:15-05:00,PUR_IED_PabloN_S1102_4e3df5,PUR_IED_PabloN_S1102_4e3df5,,,,,
2026-09-12T22:01:15-05:00,PUR_IED_PabloN_S1103_50c94b,PUR_IED_PabloN_S1103_50c94b,,,,,
2026-09-12T22:01:15-05:00,PUR_IED_Palestina_S1101_db9198,PUR_IED_Palestina_S1101_db9198,,,,,
2026-09-12T22:01:15-05:00,PUR_IED_Palestina_S1102_dc54fa,PUR_IED_Palestina_S1102_dc54fa,,,,,
2026-09-12T22:01:15-05:00,PUR_IED_Palestina_ext_4ccce6,PUR_IED_Palestina_ext_4ccce6,,,,,
2026-09-12T22:01:15-05:00,PUR_IED_Panama_Fisica_4d0794,PUR_IED_Panama_Fisica_4d0794,,,,,
2026-09-12T22:01:15-05:00,PUR_IED_Panama_SIngles_a4077e,PUR_IED_Panama_SIngles_a4077e,,,,,
2026-09-12T22:01:15-05:00,PUR_IED_Panama_ext_4c54b4,PUR_IED_Panama_ext_4c54b4,,,,,
2026-09-12T22:01:15-05:00,PUR_IED_ParaisoM_Exterior_8cd7f0,PUR_IED_ParaisoM_Exterior_8cd7f0,,,,,
2026-09-12T22:01:15-05:00,PUR_IED_ParaisoM_Laborato_27af35,PUR_IED_ParaisoM_Laborato_27af35,,,,,
2026-09-12T22:01:15-05:00,PUR_IED_ParaisoM_S304_d1edca,PUR_IED_ParaisoM_S304_d1edca,,,,,
2026-09-12T22:01:15-05:00,PUR_IED_PorfirioBarba_Ext_301466,PUR_IED_PorfirioBarba_Ext_301466,,,,,
2026-09-12T22:01:15-05:00,PUR_IED_PorfirioBarba_S11_df6cd2,PUR_IED_PorfirioBarba_S11_df6cd2,,,,,
2026-09-12T22:01:15-05:00,PUR_IED_PorfirioBarba_S29_27a7d6,PUR_IED_PorfirioBarba_S29_27a7d6,,,,,
2026-09-12T22:01:15-05:00,PUR_IED_PradoV_Exter_8b27ad,PUR_IED_PradoV_Exter_8b27ad,,,,,
2026-09-12T22:01:15-05:00,PUR_IED_PradoV_S301_de65b5,PUR_IED_PradoV_S301_de65b5,,,,,
2026-09-12T22:01:15-05:00,PUR_IED_PradoV_S302_7d2593,PUR_IED_PradoV_S302_7d2593,,,,,
2026-09-12T22:01:15-05:00,PUR_IED_QuirogaAlz_Ext_1ddc82,PUR_IED_QuirogaAlz_Ext_1ddc82,,,,,
2026-09-12T22:01:15-05:00,PUR_IED_QuirogaAlz_S302_9926a3,PUR_IED_QuirogaAlz_S302_9926a3,,,,,
2026-09-12T22:01:15-05:00,PUR_IED_QuirogaAlz_S305_cdf1f1,PUR_IED_QuirogaAlz_S305_cdf1f1,,,,,
2026-09-12T22:01:15-05:00,PUR_IED_RGuatemala_Biling_dc53b7,PUR_IED_RGuatemala_Biling_dc53b7,,,,,
2026-09-12T22:01:15-05:00,PUR_IED_RGuatemala_Ext_1b89a3,PUR_IED_RGuatemala_Ext_1b89a3,,,,,
2026-09-12T22:01:15-05:00,PUR_IED_RGuatemala_Tecnol_281a34,PUR_IED_RGuatemala_Tecnol_281a34,,,,,
2026-09-12T22:01:15-05:00,PUR_IED_RafaNu_Ext_f7c302,PUR_IED_RafaNu_Ext_f7c302,,,,,
2026-09-12T22:01:15-05:00,PUR_IED_RafaNu_S1101_25fde,PUR_IED_RafaNu_S1101_25fde,,,,,
2026-09-12T22:01:15-05:00,PUR_IED_RafaNu_S1102_281517,PUR_IED_RafaNu_S1102_281517,,,,,
2026-09-12T22:01:15-05:00,PUR_IED_RafaelB_S305_ee2783,PUR_IED_RafaelB_S305_ee2783,,,,,
2026-09-12T22:01:15-05:00,PUR_IED_RafaelB_S306_75fe33,PUR_IED_RafaelB_S306_75fe33,,,,,
2026-09-12T22:01:15-05:00,PUR_IED_RafaelB_ext_283336,PUR_IED_RafaelB_ext_283336,3,18,62,4.6722,-74.0737
2026-09-12T22:01:15-05:00,PUR_IED_RafaelUU_Exterior_281a51,PUR_IED_RafaelUU_Exterior_281a51,,,,,
2026-09-12T22:01:15-05:00,PUR_IED_RafaelUU_Human_806b2,PUR_IED_RafaelUU_Human_806b2,,,,,
2026-09-12T22:01:15-05:00,PUR_IED_RafaelUU_Mate2_5680d4,PUR_IED_RafaelUU_Mate2_5680d4,,,,,
2026-09-12T22:01:15-05:00,PUR_IED_RamonSub_Ext_f9eeb9,PUR_IED_RamonSub_Ext_f9eeb9,,,,,
2026-09-12T22:01:15-05:00,PUR_IED_RamonSub_Media_d1f62f,PUR_IED_RamonSub_Media_d1f62f,,,,,
2026-09-12T22:01:15-05:00,PUR_IED_RamonSub_planta_51b82,PUR_IED_RamonSub_planta_51b82,,,,,
2026-09-12T22:01:15-05:00,PUR_IED_RepBoliVene_Exter_27af7c,PUR_IED_RepBoliVene_Exter_27af7c,,,,,
2026-09-12T22:01:15-05:00,PUR_IED_RepBoliVene_SCPT_5ae2ee,PUR_IED_RepBoliVene_SCPT_5ae2ee,,,,,
2026-09-12T22:01:15-05:00,PUR_IED_RepBoliVene_Socia_4b11d5,PUR_IED_RepBoliVene_Socia_4b11d5,,,,,
2026-09-12T22:01:15-05:00,PUR_IED_RepChina_Ext_76d9ee,PUR_IED_RepChina_Ext_76d9ee,,,,,
2026-09-12T22:01:15-05:00,PUR_IED_RepChina_S404_7c804c,PUR_IED_RepChina_S404_7c804c,,,,,
2026-09-12T22:01:15-05:00,PUR_IED_RepChina_S405_df2c33,PUR_IED_RepChina_S405_df2c33,,,,,
2026-09-12T22:01:15-05:00,PUR_IED_RepublicaC_Exteri_7d1ec9,PUR_IED_RepublicaC_Exteri_7d1ec9,,,,,
2026-09-12T22:01:15-05:00,PUR_IED_RepublicaC_S1101_f544b3,PUR_IED_RepublicaC_S1101_f544b3,,,,,
2026-09-12T22:01:15-05:00,PUR_IED_RepublicaC_S1102_7aafc7,PUR_IED_RepublicaC_S1102_7aafc7,,,,,
2026-09-12T22:01:15-05:00,PUR_IED_Ricaurte_Externo_a0ea1,PUR_IED_Ricaurte_Externo_a0ea1,,,,,
2026-09-12T22:01:15-05:00,PUR_IED_Ricaurte_S210_f546fd,PUR_IED_Ricaurte_S210_f546fd,,,,,
2026-09-12T22:01:15-05:00,PUR_IED_Ricaurte_S309_d4452,PUR_IED_Ricaurte_S309_d4452,,,,,
2026-09-12T22:01:15-05:00,PUR_IED_RogelioS_1102_531e69,PUR_IED_RogelioS_1102_531e69,,,,,
2026-09-12T22:01:15-05:00,PUR_IED_RogelioS_Ext_f25a18,PUR_IED_RogelioS_Ext_f25a18,,,,,
2026-09-12T22:01:15-05:00,PUR_IED_SBernardino_Ext_27aff8,PUR_IED_SBernardino_Ext_27aff8,,,,,
2026-09-12T22:01:15-05:00,PUR_IED_SBernardino_SArte_2ffd33,PUR_IED_SBernardino_SArte_2ffd33,,,,,
2026-09-12T22:01:15-05:00,PUR_IED_SBernardino_SIngl_7c7da5,PUR_IED_SBernardino_SIngl_7c7da5,,,,,
2026-09-12T22:01:15-05:00,PUR_IED_Sago_auditorio_dc9d1d,PUR_IED_Sago_auditorio_dc9d1d,,,,,
2026-09-12T22:01:15-05:00,PUR_IED_Saludcoop_Ext_95aac3,PUR_IED_Saludcoop_Ext_95aac3,,,,,
2026-09-12T22:01:15-05:00,PUR_IED_Saludcoop_InfI_90c854,PUR_IED_Saludcoop_InfI_90c854,,,,,
2026-09-12T22:01:15-05:00,PUR_IED_Saludcoop_SMedia_1b93be,PUR_IED_Saludcoop_SMedia_1b93be,,,,,
2026-09-12T22:01:15-05:00,PUR_IED_SanCarlos_1101_1a2360,PUR_IED_SanCarlos_1101_1a2360,,,,,
2026-09-12T22:01:15-05:00,PUR_IED_SanCarlos_1103_7bafb5,PUR_IED_SanCarlos_1103_7bafb5,,,,,
2026-09-12T22:01:15-05:00,PUR_IED_SanCarlos_Ext_b7cd1,PUR_IED_SanCarlos_Ext_b7cd1,,,,,
2026-09-12T22:01:15-05:00,PUR_IED_SanIgnacioBosa11a_50c26e,PUR_IED_SanIgnacioBosa11a_50c26e,,,,,
2026-09-12T22:01:15-05:00,PUR_IED_SanIgnacioBosa11b_371de8,PUR_IED_SanIgnacioBosa11b_371de8,,,,,
2026-09-12T22:01:15-05:00,PUR_IED_SanIgnacioBosaExt_ef0ffc,PUR_IED_SanIgnacioBosaExt_ef0ffc,,,,,
2026-09-12T22:01:15-05:00,PUR_IED_SanIgnacioBosa_11a_50c26e,PUR_IED_SanIgnacioBosa_11a_50c26e,,,,,
2026-09-12T22:01:15-05:00,PUR_IED_SanIgnacioBosa_Ext_ef0ffc,PUR_IED_SanIgnacioBosa_Ext_ef0ffc,,,,,
2026-09-12T22:01:15-05:00,PUR_IED_SanJoseN_intS1101_31c47f,PUR_IED_SanJoseN_intS1101_31c47f,,,,,
2026-09-12T22:01:15-05:00,PUR_IED_SanJoseUsm_Exter_f5d7e8,PUR_IED_SanJoseUsm_Exter_f5d7e8,,,,,
2026-09-12T22:01:15-05:00,PUR_IED_SanJoseUsm_Int11A_cfdef6,PUR_IED_SanJoseUsm_Int11A_cfdef6,,,,,
2026-09-12T22:01:15-05:00,PUR_IED_SilveriaR_IntB5_905349,PUR_IED_SilveriaR_IntB5_905349,,,,,
2026-09-12T22:01:15-05:00,PUR_IED_SilveriaR_IntSD14_981f93,PUR_IED_SilveriaR_IntSD14_981f93,,,,,
2026-09-12T22:01:15-05:00,PUR_IED_SilveriaR_ext_2b651d,PUR_IED_SilveriaR_ext_2b651d,,,,,
2026-09-12T22:01:15-05:00,PUR_IED_SimonB_Exterior_913975,PUR_IED_SimonB_Exterior_913975,,,,,
2026-09-12T22:01:15-05:00,PUR_IED_SimonB_LabQuimi_c56908,PUR_IED_SimonB_LabQuimi_c56908,,,,,
2026-09-12T22:01:15-05:00,PUR_IED_SimonB_informatic_a28c1,PUR_IED_SimonB_informatic_a28c1,,,,,
2026-09-12T22:01:15-05:00,PUR_IED_Sorrento_1102_315f50,PUR_IED_Sorrento_1102_315f50,,,,,
2026-09-12T22:01:15-05:00,PUR_IED_Sorrento_Minte_214eab,PUR_IED_Sorrento_Minte_214eab,,,,,
2026-09-12T22:01:15-05:00,PUR_IED_Sorrento_ext_7c3a0a,PUR_IED_Sorrento_ext_7c3a0a,,,,,
2026-09-12T22:01:15-05:00,PUR_IED_Tabora_Ext_f048ae,PUR_IED_Tabora_Ext_f048ae,,,,,
2026-09-12T22:01:15-05:00,PUR_IED_Tabora_S1102_b07752,PUR_IED_Tabora_S1102_b07752,,,,,
2026-09-12T22:01:15-05:00,PUR_IED_Tabora_S1103_d988f5,PUR_IED_Tabora_S1103_d988f5,,,,,
2026-09-12T22:01:15-05:00,PUR_IED_Tenerife_Ext_1ab188,PUR_IED_Tenerife_Ext_1ab188,,,,,
2026-09-12T22:01:15-05:00,PUR_IED_Tenerife_SDanzas_7bc02e,PUR_IED_Tenerife_SDanzas_7bc02e,,,,,
2026-09-12T22:01:15-05:00,PUR_IED_Tenerife_SIngles_7cc277,PUR_IED_Tenerife_SIngles_7cc277,,,,,
2026-09-12T22:01:15-05:00,PUR_IED_Tibabuyes_Exter_f2683d,PUR_IED_Tibabuyes_Exter_f2683d,,,,,
2026-09-12T22:01:15-05:00,PUR_IED_Tibabuyes_S10_dc87a8,PUR_IED_Tibabuyes_S10_dc87a8,,,,,
2026-09-12T22:01:15-05:00,PUR_IED_Tibabuyes_S15_dc0526,PUR_IED_Tibabuyes_S15_dc0526,,,,,
2026-09-12T22:01:15-05:00,PUR_IED_UnionE_S301_a1043,PUR_IED_UnionE_S301_a1043,,,,,
2026-09-12T22:01:15-05:00,PUR_IED_UnionE_S307_ff6c2f,PUR_IED_UnionE_S307_ff6c2f,,,,,
2026-09-12T22:01:15-05:00,PUR_IED_UnionE__Ext_5e2468,PUR_IED_UnionE__Ext_5e2468,,,,,
2026-09-12T22:01:15-05:00,PUR_IED_VillaRica_Ext_75be7c,PUR_IED_VillaRica_Ext_75be7c,,,,,
2026-09-12T22:01:15-05:00,PUR_IED_VillaRica_S4_cc5dcd,PUR_IED_VillaRica_S4_cc5dcd,,,,,
2026-09-12T22:01:15-05:00,PUR_IED_VillaRica_Sesp_99f5c,PUR_IED_VillaRica_Sesp_99f5c,,,,,
2026-09-12T22:06:09-05:00,PUR_IED_20deJulio_1101_91b1b9,PUR_IED_20deJulio_1101_91b1b9,,,,,
2026-09-12T22:06:09-05:00,PUR_IED_20deJulio_1102_1cfcf9,PUR_IED_20deJulio_1102_1cfcf9,,,,,
2026-09-12T22:06:09-05:00,PUR_IED_20deJulio_Ext_ab60bd,PUR_IED_20deJulio_Ext_ab60bd,,,,,
2026-09-12T22:06:09-05:00,PUR_IED_AgustinFer_Ext_7b9b77,PUR_IED_AgustinFer_Ext_7b9b77,,,,,
2026-09-12T22:06:09-05:00,PUR_IED_AgustinFer_Info2_27b3a7,PUR_IED_AgustinFer_Info2_27b3a7,,,,,
2026-09-12T22:06:09-05:00,PUR_IED_AgustinFer_Sena_54b4eb,PUR_IED_AgustinFer_Sena_54b4eb,,,,,
2026-09-12T22:06:09-05:00,PUR_IED_AlexanderF_1102_caf07b,PUR_IED_AlexanderF_1102_caf07b,,,,,
2026-09-12T22:06:09-05:00,PUR_IED_AlexanderF_1103_c79e71,PUR_IED_AlexanderF_1103_c79e71,,,,,
2026-09-12T22:06:09-05:00,PUR_IED_AlexanderF_Ext_c5b18b,PUR_IED_AlexanderF_Ext_c5b18b,,,,,
2026-09-12T22:06:09-05:00,PUR_IED_AlfonsoLopez_Ext_281d77,PUR_IED_AlfonsoLopez_Ext_281d77,,,,,
2026-09-12T22:06:09-05:00,PUR_IED_AlfonsoLopez_LabF_888ce0,PUR_IED_AlfonsoLopez_LabF_888ce0,,,,,
2026-09-12T22:06:09-05:00,PUR_IED_AlfonsoLopez_SMed_df6a7f,PUR_IED_AlfonsoLopez_SMed_df6a7f,,,,,
2026-09-12T22:06:09-05:00,PUR_IED_AltamiraSO_A2_209f92,PUR_IED_AltamiraSO_A2_209f92,,,,,
2026-09-12T22:06:09-05:00,PUR_IED_AltamiraSO_Ext_186d66,PUR_IED_AltamiraSO_Ext_186d66,,,,,
2026-09-12T22:06:09-05:00,PUR_IED_AltamiraSO_Sistem_27afe1,PUR_IED_AltamiraSO_Sistem_27afe1,,,,,
2026-09-12T22:06:09-05:00,PUR_IED_AlvaroGom_LabQuim_813179,PUR_IED_AlvaroGom_LabQuim_813179,,,,,
2026-09-12T22:06:09-05:00,PUR_IED_AlvaroGomez_Ext_47c7ca,PUR_IED_AlvaroGomez_Ext_47c7ca,,,,,
2026-09-12T22:06:09-05:00,PUR_IED_AlvaroGomez_LabQuim_813179,PUR_IED_AlvaroGomez_LabQuim_813179,,,,,
2026-09-12T22:06:09-05:00,PUR_IED_AlvaroGomez_S23_7ba89f,PUR_IED_AlvaroGomez_S23_7ba89f,,,,,
2026-09-12T22:06:09-05:00,PUR_IED_Amistad_306_dc8728,PUR_IED_Amistad_306_dc8728,,,,,
2026-09-12T22:06:09-05:00,PUR_IED_Amistad_Ext_8cd55e,PUR_IED_Amistad_Ext_8cd55e,,,,,
2026-09-12T22:06:09-05:00,PUR_IED_Amistad_S202_a41169,PUR_IED_Amistad_S202_a41169,,,,,
2026-09-12T22:06:09-05:00,PUR_IED_AndresBello_Bio_fd5f5e,PUR_IED_AndresBello_Bio_fd5f5e,,,,,
2026-09-12T22:06:09-05:00,PUR_IED_AndresBello_ext_dcad65,PUR_IED_AndresBello_ext_dcad65,,,,,
2026-09-12T22:06:09-05:00,PUR_IED_AndresBello_port_eed3ec,PUR_IED_AndresBello_port_eed3ec,,,,,
2026-09-12T22:06:09-05:00,PUR_IED_AngelaR_11b_d90a6b,PUR_IED_AngelaR_11b_d90a6b,,,,,
2026-09-12T22:06:09-05:00,PUR_IED_AngelaR_ext_7cad3e,PUR_IED_AngelaR_ext_7cad3e,,,,,
2026-09-12T22:06:09-05:00,PUR_IED_AntJoseSucre_10mo_df2575,PUR_IED_AntJoseSucre_10mo_df2575,,,,,
2026-09-12T22:06:09-05:00,PUR_IED_AntJoseSucre_Ext_215b36,PUR_IED_AntJoseSucre_Ext_215b36,,,,,
2026-09-12T22:06:09-05:00,PUR_IED_AntJoseSucre_Lab_3139de,PUR_IED_AntJoseSucre_Lab_3139de,,,,,
2026-09-12T22:06:09-05:00,PUR_IED_AntonioGarcia_301_d6b188,PUR_IED_AntonioGarcia_301_d6b188,,,,,
2026-09-12T22:06:09-05:00,PUR_IED_AntonioGarcia_302_88a82,PUR_IED_AntonioGarcia_302_88a82,,,,,
2026-09-12T22:06:09-05:00,PUR_IED_AntonioGarcia_Ext_20950c,PUR_IED_AntonioGarcia_Ext_20950c,,,,,
2026-09-12T22:06:09-05:00,PUR_IED_AntonioVan_Aula2_6dea02,PUR_IED_AntonioVan_Aula2_6dea02,,,,,
2026-09-12T22:06:09-05:00,PUR_IED_AntonioVan_Aula5_f1557e,PUR_IED_AntonioVan_Aula5_f1557e,,,,,
2026-09-12T22:06:09-05:00,PUR_IED_AntonioVan_Ext_406f2f,PUR_IED_AntonioVan_Ext_406f2f,,,,,
2026-09-12T22:06:09-05:00,PUR_IED_Atabanzha_Ext_cc5af9,PUR_IED_Atabanzha_Ext_cc5af9,,,,,
2026-09-12T22:06:09-05:00,PUR_IED_Atabanzha_SA101_56c37,PUR_IED_Atabanzha_SA101_56c37,,,,,
2026-09-12T22:06:09-05:00,PUR_IED_Atabanzha_SB302_27b374,PUR_IED_Atabanzha_SB302_27b374,,,,,
2026-09-12T22:06:09-05:00,PUR_IED_Atahualpa_Ext_fc1748,PUR_IED_Atahualpa_Ext_fc1748,,,,,
2026-09-12T22:06:09-05:00,PUR_IED_Atahualpa_Informa_dc9a95,PUR_IED_Atahualpa_Informa_dc9a95,,,,,
2026-09-12T22:06:09-05:00,PUR_IED_Atahualpa_S1101_f98056,PUR_IED_Atahualpa_S1101_f98056,,,,,
2026-09-12T22:06:09-05:00,PUR_IED_Bellavista_Ext_f5aa74,PUR_IED_Bellavista_Ext_f5aa74,,,,,
2026-09-12T22:06:09-05:00,PUR_IED_Bilbao_11A_916c41,PUR_IED_Bilbao_11A_916c41,,,,,
2026-09-12T22:06:09-05:00,PUR_IED_Bilbao_Ext_fb579a,PUR_IED_Bilbao_Ext_fb579a,,,,,
2026-09-12T22:06:09-05:00,PUR_IED_BrasiliaU_A125_304280,PUR_IED_BrasiliaU_A125_304280,,,,,
2026-09-12T22:06:09-05:00,PUR_IED_BrasiliaU_A203_7c8ca5,PUR_IED_BrasiliaU_A203_7c8ca5,,,,,
2026-09-12T22:06:09-05:00,PUR_IED_BrasiliaU_Ext_8d6e9f,PUR_IED_BrasiliaU_Ext_8d6e9f,8,17,63,4.5175,-74.116302
2026-09-12T22:06:09-05:00,PUR_IED_Brasilia_Ext_fe6593,PUR_IED_Brasilia_Ext_fe6593,,,,,
2026-09-12T22:06:09-05:00,PUR_IED_Brasilia_S24_7c130d,PUR_IED_Brasilia_S24_7c130d,,,,,
2026-09-12T22:06:09-05:00,PUR_IED_Brasilia_S501_186a54,PUR_IED_Brasilia_S501_186a54,,,,,
2026-09-12T22:06:09-05:00,PUR_IED_CHARRY_EXT_f1d5cd,PUR_IED_CHARRY_EXT_f1d5cd,,,,,
2026-09-12T22:06:09-05:00,PUR_IED_CHARRY_INTDANZAS_7a08e6,PUR_IED_CHARRY_INTDANZAS_7a08e6,,,,,
2026-09-12T22:06:09-05:00,PUR_IED_CHARRY_INT_AULA20_dc998d,PUR_IED_CHARRY_INT_AULA20_dc998d,,,,,
2026-09-12T22:06:09-05:00,PUR_IED_COLVIV_1101_S25_7f520a,PUR_IED_COLVIV_1101_S25_7f520a,,,,,
2026-09-12T22:06:09-05:00,PUR_IED_COLVIV_1102_S16_f570ba,PUR_IED_COLVIV_1102_S16_f570ba,,,,,
2026-09-12T22:06:09-05:00,PUR_IED_COLVIV_Ext_1a26fa,PUR_IED_COLVIV_Ext_1a26fa,,,,,
2026-09-12T22:06:09-05:00,PUR_IED_CULPOP_301A_f660f3,PUR_IED_CULPOP_301A_f660f3,,,,,
2026-09-12T22:06:09-05:00,PUR_IED_CULPOP_303_568afe,PUR_IED_CULPOP_303_568afe,,,,,
2026-09-12T22:06:09-05:00,PUR_IED_CULPOP_Ext_e02ccb,PUR_IED_CULPOP_Ext_e02ccb,,,,,
2026-09-12T22:06:09-05:00,PUR_IED_CVillavicen_Ext_26eb58,PUR_IED_CVillavicen_Ext_26eb58,6,16,77,4.487,-74.102798
2026-09-12T22:06:09-05:00,PUR_IED_CVillavicen_Intel_1ce5c2,PUR_IED_CVillavicen_Intel_1ce5c2,,,,,
2026-09-12T22:06:09-05:00,PUR_IED_CVillavicen_Poliv_e0766c,PUR_IED_CVillavicen_Poliv_e0766c,,,,,
2026-09-12T22:06:09-05:00,PUR_IED_CVillavicen_int_1ba140,PUR_IED_CVillavicen_int_1ba140,,,,,
2026-09-12T22:06:09-05:00,PUR_IED_CVillavicen_intel_1ba140,PUR_IED_CVillavicen_intel_1ba140,,,,,
2026-09-12T22:06:09-05:00,PUR_IED_CarlosPizarro_Ext_e307cc,PUR_IED_CarlosPizarro_Ext_e307cc,,,,,
2026-09-12T22:06:09-05:00,PUR_IED_CarlosPizarro_L36_7e5cdb,PUR_IED_CarlosPizarro_L36_7e5cdb,,,,,
2026-09-12T22:06:09-05:00,PUR_IED_CarlosPizarro_L37_c8566c,PUR_IED_CarlosPizarro_L37_c8566c,,,,,
2026-09-12T22:06:09-05:00,PUR_IED_Castilla_Ext_cf35f,PUR_IED_Castilla_Ext_cf35f,,,,,
2026-09-12T22:06:09-05:00,PUR_IED_Castilla_SFisik_360e38,PUR_IED_Castilla_SFisik_360e38,,,,,
2026-09-12T22:06:09-05:00,PUR_IED_Castilla_Sc304_496fbf,PUR_IED_Castilla_Sc304_496fbf,,,,,
2026-09-12T22:06:09-05:00,PUR_IED_CervantesSa_Ext_6b57b,PUR_IED_CervantesSa_Ext_6b57b,6,17,69,4.5128,-74.117203
2026-09-12T22:06:09-05:00,PUR_IED_CervantesSa_S107_225c2b,PUR_IED_CervantesSa_S107_225c2b,,,,,
2026-09-12T22:06:09-05:00,PUR_IED_CervantesSa_S108_940925,PUR_IED_CervantesSa_S108_940925,,,,,
2026-09-12T22:06:09-05:00,PUR_IED_Charry_A20_f53e7c,PUR_IED_Charry_A20_f53e7c,,,,,
2026-09-12T22:06:09-05:00,PUR_IED_Charry_Ext_f1d5cd,PUR_IED_Charry_Ext_f1d5cd,,,,,
2026-09-12T22:06:09-05:00,PUR_IED_Charry_IntAula20_dc998d,PUR_IED_Charry_IntAula20_dc998d,,,,,
2026-09-12T22:06:09-05:00,PUR_IED_Charry_IntDanzas_7a08e6,PUR_IED_Charry_IntDanzas_7a08e6,,,,,
2026-09-12T22:06:09-05:00,PUR_IED_ClememciaC_203_43e2fc,PUR_IED_ClememciaC_203_43e2fc,,,,,
2026-09-12T22:06:09-05:00,PUR_IED_ClememciaC_Ext_1b411a,PUR_IED_ClememciaC_Ext_1b411a,,,,,
2026-09-12T22:06:09-05:00,PUR_IED_ClememciaC_Quimic_44b5fc,PUR_IED_ClememciaC_Quimic_44b5fc,,,,,
2026-09-12T22:06:09-05:00,PUR_IED_ClemenciaC_203_43e2fc,PUR_IED_ClemenciaC_203_43e2fc,,,,,
2026-09-12T22:06:09-05:00,PUR_IED_ClemenciaC_Ext_1b411a,PUR_IED_ClemenciaC_Ext_1b411a,,,,,
2026-09-12T22:06:09-05:00,PUR_IED_ClemenciaC_Quimic_44b5fc,PUR_IED_ClemenciaC_Quimic_44b5fc,,,,,
2026-09-12T22:06:09-05:00,PUR_IED_ColViva_1101_S25_7f520a,PUR_IED_ColViva_1101_S25_7f520a,,,,,
2026-09-12T22:06:09-05:00,PUR_IED_ColViva_1102_S16_f570ba,PUR_IED_ColViva_1102_S16_f570ba,,,,,
2026-09-12T22:06:09-05:00,PUR_IED_ColViva_Ext_1a26fa,PUR_IED_ColViva_Ext_1a26fa,,,,,
2026-09-12T22:06:09-05:00,PUR_IED_ColegioBici_Asist_7c8798,PUR_IED_ColegioBici_Asist_7c8798,,,,,
2026-09-12T22:06:09-05:00,PUR_IED_ColegioBici_Ext_25cbf6,PUR_IED_ColegioBici_Ext_25cbf6,,,,,
2026-09-12T22:06:09-05:00,PUR_IED_ColegioBici_LabQ_7b57db,PUR_IED_ColegioBici_LabQ_7b57db,,,,,
2026-09-12T22:06:09-05:00,PUR_IED_CostaRica_Ext_5e640,PUR_IED_CostaRica_Ext_5e640,,,,,
2026-09-12T22:06:09-05:00,PUR_IED_CostaRica_Quim1_766d1c,PUR_IED_CostaRica_Quim1_766d1c,,,,,
2026-09-12T22:06:09-05:00,PUR_IED_CostaRica__Fisica_6f0873,PUR_IED_CostaRica__Fisica_6f0873,,,,,
2026-09-12T22:06:09-05:00,PUR_IED_CulPopu_301A_f660f3,PUR_IED_CulPopu_301A_f660f3,,,,,
2026-09-12T22:06:09-05:00,PUR_IED_CulPopu_303_568afe,PUR_IED_CulPopu_303_568afe,,,,,
2026-09-12T22:06:09-05:00,PUR_IED_CulPopu_Ext_e02ccb,PUR_IED_CulPopu_Ext_e02ccb,,,,,
2026-09-12T22:06:09-05:00,PUR_IED_Cundinamarca_Ext_f15985,PUR_IED_Cundinamarca_Ext_f15985,,,,,
2026-09-12T22:06:09-05:00,PUR_IED_Cundinamarca_Info_7aa5d7,PUR_IED_Cundinamarca_Info_7aa5d7,,,,,
2026-09-12T22:06:09-05:00,PUR_IED_Cundinamarca_Tec2_f449c7,PUR_IED_Cundinamarca_Tec2_f449c7,,,,,
2026-09-12T22:06:09-05:00,PUR_IED_DiegoM_Aula1_27b314,PUR_IED_DiegoM_Aula1_27b314,,,,,
2026-09-12T22:06:09-05:00,PUR_IED_DiegoM_Ext_d80ac8,PUR_IED_DiegoM_Ext_d80ac8,,,,,
2026-09-12T22:06:09-05:00,PUR_IED_DiegoM_S25_da928f,PUR_IED_DiegoM_S25_da928f,,,,,
2026-09-12T22:06:09-05:00,PUR_IED_ELRODEO_360881,PUR_IED_ELRODEO_360881,,,,,
2026-09-12T22:06:09-05:00,PUR_IED_ELRODEO_ext_360881,PUR_IED_ELRODEO_ext_360881,,,,,
2026-09-12T22:06:09-05:00,PUR_IED_EduardoU_Ext_1c1969,PUR_IED_EduardoU_Ext_1c1969,,,,,
2026-09-12T22:06:09-05:00,PUR_IED_EduardoU_SCiencia_4dfb94,PUR_IED_EduardoU_SCiencia_4dfb94,,,,,
2026-09-12T22:06:09-05:00,PUR_IED_EduardoU_SQuimica_5a46e7,PUR_IED_EduardoU_SQuimica_5a46e7,,,,,
2026-09-12T22:06:09-05:00,PUR_IED_ElRodeo_Aula14_676984,PUR_IED_ElRodeo_Aula14_676984,,,,,
2026-09-12T22:06:09-05:00,PUR_IED_ElRodeo_Aula16_2dd35b,PUR_IED_ElRodeo_Aula16_2dd35b,,,,,
2026-09-12T22:06:09-05:00,PUR_IED_ElRodeo_Ext_360881,PUR_IED_ElRodeo_Ext_360881,,,,,
2026-09-12T22:06:09-05:00,PUR_IED_ElRodeo_Exterior_8c6d28,PUR_IED_ElRodeo_Exterior_8c6d28,,,,,
2026-09-12T22:06:09-05:00,PUR_IED_ElRodeo_ext_360881,PUR_IED_ElRodeo_ext_360881,,,,,
2026-09-12T22:06:09-05:00,PUR_IED_EmmaReyes_Ext_987625,PUR_IED_EmmaReyes_Ext_987625,6,21,52,4.6367,-74.1511
2026-09-12T22:06:09-05:00,PUR_IED_Ensueño_Ext_7f0250,PUR_IED_Ensueño_Ext_7f0250,,,,,
2026-09-12T22:06:09-05:00,PUR_IED_EscNormal_Ext_5fef3b,PUR_IED_EscNormal_Ext_5fef3b,3,19,61,4.5852,-74.096901
2026-09-12T22:06:09-05:00,PUR_IED_EscNormal_S309_5b263,PUR_IED_EscNormal_S309_5b263,,,,,
2026-09-12T22:06:09-05:00,PUR_IED_EscNormal_S310_27b3b8,PUR_IED_EscNormal_S310_27b3b8,,,,,
2026-09-12T22:06:09-05:00,PUR_IED_Evangelista_Conta_f6cd4f,PUR_IED_Evangelista_Conta_f6cd4f,,,,,
2026-09-12T22:06:09-05:00,PUR_IED_Evangelista_Cri_5e16a,PUR_IED_Evangelista_Cri_5e16a,,,,,
2026-09-12T22:06:09-05:00,PUR_IED_Evangelista_Exter_754066,PUR_IED_Evangelista_Exter_754066,,,,,
2026-09-12T22:06:09-05:00,PUR_IED_FMiranda_S209_5cc2a3,PUR_IED_FMiranda_S209_5cc2a3,,,,,
2026-09-12T22:06:09-05:00,PUR_IED_FMiranda_S303_19e344,PUR_IED_FMiranda_S303_19e344,,,,,
2026-09-12T22:06:09-05:00,PUR_IED_FMiranda_ext_f53e7c,PUR_IED_FMiranda_ext_f53e7c,,,,,
2026-09-12T22:06:09-05:00,PUR_IED_FabioLozano_Bibli_1cee05,PUR_IED_FabioLozano_Bibli_1cee05,,,,,
2026-09-12T22:06:09-05:00,PUR_IED_FabioLozano_Ext_6ea285,PUR_IED_FabioLozano_Ext_6ea285,,,,,
2026-09-12T22:06:09-05:00,PUR_IED_FabioLozano_SLudi_f09e1e,PUR_IED_FabioLozano_SLudi_f09e1e,,,,,
2026-09-12T22:06:09-05:00,PUR_IED_FaustinoS_Aula07_27a731,PUR_IED_FaustinoS_Aula07_27a731,,,,,
2026-09-12T22:06:09-05:00,PUR_IED_FaustinoS_Ext_7b936f,PUR_IED_FaustinoS_Ext_7b936f,,,,,
2026-09-12T22:06:09-05:00,PUR_IED_FaustinoS_Fisica_da2c60,PUR_IED_FaustinoS_Fisica_da2c60,,,,,
2026-09-12T22:06:09-05:00,PUR_IED_FeGarciaLo_Ext_dc68ee,PUR_IED_FeGarciaLo_Ext_dc68ee,,,,,
2026-09-12T22:06:09-05:00,PUR_IED_FeGarciaLo_SDanza_f70a59,PUR_IED_FeGarciaLo_SDanza_f70a59,,,,,
2026-09-12T22:06:09-05:00,PUR_IED_FeGarciaLo_SMusic_125cdd,PUR_IED_FeGarciaLo_SMusic_125cdd,,,,,
2026-09-12T22:06:09-05:00,PUR_IED_FederalAlema_Exte_50c345,PUR_IED_FederalAlema_Exte_50c345,,,,,
2026-09-12T22:06:09-05:00,PUR_IED_FederalAlema_S31_f18371,PUR_IED_FederalAlema_S31_f18371,,,,,
2026-09-12T22:06:09-05:00,PUR_IED_FederalAlema_S901_a62cd,PUR_IED_FederalAlema_S901_a62cd,,,,,
2026-09-12T22:06:09-05:00,PUR_IED_FilarmonicaS_A5_f35eb1,PUR_IED_FilarmonicaS_A5_f35eb1,,,,,
2026-09-12T22:06:09-05:00,PUR_IED_FilarmonicaS_Ext_8a3bde,PUR_IED_FilarmonicaS_Ext_8a3bde,,,,,
2026-09-12T22:06:09-05:00,PUR_IED_FilarmonicaS_Spol_406114,PUR_IED_FilarmonicaS_Spol_406114,,,,,
2026-09-12T22:06:09-05:00,PUR_IED_FlorentinoG_A13_d1fa59,PUR_IED_FlorentinoG_A13_d1fa59,,,,,
2026-09-12T22:06:09-05:00,PUR_IED_FlorentinoG_Ext_1ce6ce,PUR_IED_FlorentinoG_Ext_1ce6ce,,,,,
2026-09-12T22:06:09-05:00,PUR_IED_FlorentinoG_Idiom_a66aac,PUR_IED_FlorentinoG_Idiom_a66aac,,,,,
2026-09-12T22:06:09-05:00,PUR_IED_FranciscoMati_Ext_e3869d,PUR_IED_FranciscoMati_Ext_e3869d,,,,,
2026-09-12T22:06:09-05:00,PUR_IED_FranciscoMati_S13_f31c67,PUR_IED_FranciscoMati_S13_f31c67,,,,,
2026-09-12T22:06:09-05:00,PUR_IED_FranciscoMati_S14_97dead,PUR_IED_FranciscoMati_S14_97dead,,,,,
2026-09-12T22:06:09-05:00,PUR_IED_FranciscoPS_Ext_7bfa9a,PUR_IED_FranciscoPS_Ext_7bfa9a,3,20,60,4.5899,-74.110397
2026-09-12T22:06:09-05:00,PUR_IED_FranciscoPS_Infor_fb8f4c,PUR_IED_FranciscoPS_Infor_fb8f4c,,,,,
2026-09-12T22:06:09-05:00,PUR_IED_FranciscoPS_Quimi_94d39c,PUR_IED_FranciscoPS_Quimi_94d39c,,,,,
2026-09-12T22:06:09-05:00,PUR_IED_FranciscoP_LabQ_d7e148,PUR_IED_FranciscoP_LabQ_d7e148,,,,,
2026-09-12T22:06:09-05:00,PUR_IED_FranciscoP_S28_cf9b30,PUR_IED_FranciscoP_S28_cf9b30,,,,,
2026-09-12T22:06:09-05:00,PUR_IED_FranciscoP_ext_e2313,PUR_IED_FranciscoP_ext_e2313,,,,,
2026-09-12T22:06:09-05:00,PUR_IED_FriederichN_Ext_8ac92a,PUR_IED_FriederichN_Ext_8ac92a,,,,,
2026-09-12T22:06:09-05:00,PUR_IED_FriederichN_S301_dd7e5a,PUR_IED_FriederichN_S301_dd7e5a,,,,,
2026-09-12T22:06:09-05:00,PUR_IED_FriederichN_S308_761f4f,PUR_IED_FriederichN_S308_761f4f,,,,,
2026-09-12T22:06:09-05:00,PUR_IED_GSantander_Aula10_533dd7,PUR_IED_GSantander_Aula10_533dd7,,,,,
2026-09-12T22:06:09-05:00,PUR_IED_GSantander_Aula12_fd4e4f,PUR_IED_GSantander_Aula12_fd4e4f,,,,,
2026-09-12T22:06:09-05:00,PUR_IED_GSantander_Aula310_533dd7,PUR_IED_GSantander_Aula310_533dd7,,,,,
2026-09-12T22:06:09-05:00,PUR_IED_GSantander_Aula312_fd4e4f,PUR_IED_GSantander_Aula312_fd4e4f,,,,,
2026-09-12T22:06:09-05:00,PUR_IED_GSantander_Ext_5f66b0,PUR_IED_GSantander_Ext_5f66b0,,,,,
2026-09-12T22:06:09-05:00,PUR_IED_GYomasa_Ext_f6bea5,PUR_IED_GYomasa_Ext_f6bea5,,,,,
2026-09-12T22:06:09-05:00,PUR_IED_GYomasa_LBiol_2c41aa,PUR_IED_GYomasa_LBiol_2c41aa,,,,,
2026-09-12T22:06:09-05:00,PUR_IED_GYomasa_LQuim_33c80,PUR_IED_GYomasa_LQuim_33c80,,,,,
2026-09-12T22:06:09-05:00,PUR_IED_GabBetMejia_Cienc_5a99c,PUR_IED_GabBetMejia_Cienc_5a99c,,,,,
2026-09-12T22:06:09-05:00,PUR_IED_GabBetMejia_Ext_9153d0,PUR_IED_GabBetMejia_Ext_9153d0,,,,,
2026-09-12T22:06:09-05:00,PUR_IED_GabBetMejia_Lab_f55347,PUR_IED_GabBetMejia_Lab_f55347,,,,,
2026-09-12T22:06:09-05:00,PUR_IED_GabBetanMejia_Ext_9153d0,PUR_IED_GabBetanMejia_Ext_9153d0,,,,,
2026-09-12T22:06:09-05:00,PUR_IED_Gaitana_Aula13_7aac11,PUR_IED_Gaitana_Aula13_7aac11,,,,,
2026-09-12T22:06:09-05:00,PUR_IED_Gaitana_Ext_5fcf4,PUR_IED_Gaitana_Ext_5fcf4,,,,,
2026-09-12T22:06:09-05:00,PUR_IED_Gaitana_LabFisica_644448,PUR_IED_Gaitana_LabFisica_644448,,,,,
2026-09-12T22:06:09-05:00,PUR_IED_GenSantander_Dise_8ac858,PUR_IED_GenSantander_Dise_8ac858,,,,,
2026-09-12T22:06:09-05:00,PUR_IED_GenSantander_Ext_8d5dfe,PUR_IED_GenSantander_Ext_8d5dfe,,,,,
2026-09-12T22:06:09-05:00,PUR_IED_GenSantander_Info_6c25b,PUR_IED_GenSantander_Info_6c25b,,,,,
2026-09-12T22:06:09-05:00,PUR_IED_GustavoMo_Exterio_75e63d,PUR_IED_GustavoMo_Exterio_75e63d,,,,,
2026-09-12T22:06:09-05:00,PUR_IED_GustavoMo_LabFisi_224d37,PUR_IED_GustavoMo_LabFisi_224d37,,,,,
2026-09-12T22:06:09-05:00,PUR_IED_GustavoMo_S208_3e6918,PUR_IED_GustavoMo_S208_3e6918,,,,,
2026-09-12T22:06:09-05:00,PUR_IED_GustavoR_A02_8cd4a8,PUR_IED_GustavoR_A02_8cd4a8,,,,,
2026-09-12T22:06:09-05:00,PUR_IED_GustavoR_B11_5b0ed,PUR_IED_GustavoR_B11_5b0ed,,,,,
2026-09-12T22:06:09-05:00,PUR_IED_GustavoR_Ext_7a0c90,PUR_IED_GustavoR_Ext_7a0c90,,,,,
2026-09-12T22:06:09-05:00,PUR_IED_HernandoDuran_Ext_8cd82b,PUR_IED_HernandoDuran_Ext_8cd82b,,,,,
2026-09-12T22:06:09-05:00,PUR_IED_HernandoDuran_S24_2772c6,PUR_IED_HernandoDuran_S24_2772c6,,,,,
2026-09-12T22:06:09-05:00,PUR_IED_HernandoDuran_S30_f2de41,PUR_IED_HernandoDuran_S30_f2de41,,,,,
2026-09-12T22:06:09-05:00,PUR_IED_HolguInUr_S1101_8cd732,PUR_IED_HolguInUr_S1101_8cd732,,,,,
2026-09-12T22:06:09-05:00,PUR_IED_HolguinUr_Exter_ddae6d,PUR_IED_HolguinUr_Exter_ddae6d,,,,,
2026-09-12T22:06:09-05:00,PUR_IED_HolguinUr_LabQuim_92b952,PUR_IED_HolguinUr_LabQuim_92b952,,,,,
2026-09-12T22:06:09-05:00,PUR_IED_Isabel-II_Ext_5245cc,PUR_IED_Isabel-II_Ext_5245cc,6,19,59,4.6336,-74.153
2026-09-12T22:06:09-05:00,PUR_IED_Isabel-II_S_idiom_1c29aa,PUR_IED_Isabel-II_S_idiom_1c29aa,,,,,
2026-09-12T22:06:09-05:00,PUR_IED_Isabel-II_S_infor_fd741,PUR_IED_Isabel-II_S_infor_fd741,,,,,
2026-09-12T22:06:09-05:00,PUR_IED_IsidroSur_Exterio_5b90ea,PUR_IED_IsidroSur_Exterio_5b90ea,,,,,
2026-09-12T22:06:09-05:00,PUR_IED_IsidroSur_LabTec_56697a,PUR_IED_IsidroSur_LabTec_56697a,,,,,
2026-09-12T22:06:09-05:00,PUR_IED_IsidroSur_Robotic_b7c38f,PUR_IED_IsidroSur_Robotic_b7c38f,,,,,
2026-09-12T22:06:09-05:00,PUR_IED_IsmaelPerd_Ext_7b6672,PUR_IED_IsmaelPerd_Ext_7b6672,,,,,
2026-09-12T22:06:09-05:00,PUR_IED_IsmaelPerd_Inform_306540,PUR_IED_IsmaelPerd_Inform_306540,,,,,
2026-09-12T22:06:09-05:00,PUR_IED_IsmaelPerd_S30_2e2c83,PUR_IED_IsmaelPerd_S30_2e2c83,,,,,
2026-09-12T22:06:09-05:00,PUR_IED_JLozano_Exter_432910,PUR_IED_JLozano_Exter_432910,,,,,
2026-09-12T22:06:09-05:00,PUR_IED_JLozano_salaMulti_df5125,PUR_IED_JLozano_salaMulti_df5125,,,,,
2026-09-12T22:06:09-05:00,PUR_IED_JMCordoba_206_86f80b,PUR_IED_JMCordoba_206_86f80b,,,,,
2026-09-12T22:06:09-05:00,PUR_IED_JMCordoba_Ext_27ad97,PUR_IED_JMCordoba_Ext_27ad97,,,,,
2026-09-12T22:06:09-05:00,PUR_IED_JMCordoba_S310_d59ab4,PUR_IED_JMCordoba_S310_d59ab4,,,,,
2026-09-12T22:06:09-05:00,PUR_IED_Japon_Ext_549100,PUR_IED_Japon_Ext_549100,,,,,
2026-09-12T22:06:09-05:00,PUR_IED_Japon_Laboratorio_bec51d,PUR_IED_Japon_Laboratorio_bec51d,,,,,
2026-09-12T22:06:09-05:00,PUR_IED_Japon_informatica_d99327,PUR_IED_Japon_informatica_d99327,,,,,
2026-09-12T22:06:09-05:00,PUR_IED_Jazmin_Ext_d27bda,PUR_IED_Jazmin_Ext_d27bda,,,,,
2026-09-12T22:06:09-05:00,PUR_IED_Jazmin_Fisica_8d14d7,PUR_IED_Jazmin_Fisica_8d14d7,,,,,
2026-09-12T22:06:09-05:00,PUR_IED_Jazmin_Quimica_801cb5,PUR_IED_Jazmin_Quimica_801cb5,,,,,
2026-09-12T22:06:09-05:00,PUR_IED_JorgeGaitan_Exter_f098d1,PUR_IED_JorgeGaitan_Exter_f098d1,,,,,
2026-09-12T22:06:09-05:00,PUR_IED_JorgeGaitan_STec1_dc9d1d,PUR_IED_JorgeGaitan_STec1_dc9d1d,,,,,
2026-09-12T22:06:09-05:00,PUR_IED_JorgeGaitan_STec2_281e69,PUR_IED_JorgeGaitan_STec2_281e69,,,,,
2026-09-12T22:06:09-05:00,PUR_IED_JorgeSoto_Exterio_d9d0a2,PUR_IED_JorgeSoto_Exterio_d9d0a2,,,,,
2026-09-12T22:06:09-05:00,PUR_IED_JorgeSoto_LabFisi_209c54,PUR_IED_JorgeSoto_LabFisi_209c54,,,,,
2026-09-12T22:06:09-05:00,PUR_IED_JorgeSoto_S103_27b51a,PUR_IED_JorgeSoto_S103_27b51a,,,,,
2026-09-12T22:06:09-05:00,PUR_IED_JoseAcevedo_A02_e965eb,PUR_IED_JoseAcevedo_A02_e965eb,,,,,
2026-09-12T22:06:09-05:00,PUR_IED_JoseAcevedo_A07_dd5b4,PUR_IED_JoseAcevedo_A07_dd5b4,,,,,
2026-09-12T22:06:09-05:00,PUR_IED_JoseAcevedo_Ext_b47484,PUR_IED_JoseAcevedo_Ext_b47484,,,,,
2026-09-12T22:06:09-05:00,PUR_IED_JoseMarti_Exte_5b9bf,PUR_IED_JoseMarti_Exte_5b9bf,,,,,
2026-09-12T22:06:09-05:00,PUR_IED_JoseMarti_LabQuim_1c6c2d,PUR_IED_JoseMarti_LabQuim_1c6c2d,,,,,
2026-09-12T22:06:09-05:00,PUR_IED_JoseMarti_S_info_f5f177,PUR_IED_JoseMarti_S_info_f5f177,,,,,
2026-09-12T22:06:09-05:00,PUR_IED_Josejoaquin_Ext_dfc5dc,PUR_IED_Josejoaquin_Ext_dfc5dc,,,,,
2026-09-12T22:06:09-05:00,PUR_IED_Josejoaquin_S05_5b2a96,PUR_IED_Josejoaquin_S05_5b2a96,,,,,
2026-09-12T22:06:09-05:00,PUR_IED_Josejoaquin_S06_1ce7d2,PUR_IED_Josejoaquin_S06_1ce7d2,,,,,
2026-09-12T22:06:09-05:00,PUR_IED_JulioFlorez_Danza_9b82dd,PUR_IED_JulioFlorez_Danza_9b82dd,,,,,
2026-09-12T22:06:09-05:00,PUR_IED_JulioFlorez_Exter_f9f314,PUR_IED_JulioFlorez_Exter_f9f314,,,,,
2026-09-12T22:06:09-05:00,PUR_IED_JulioFlorez_info2_6b6e08,PUR_IED_JulioFlorez_info2_6b6e08,,,,,
2026-09-12T22:06:09-05:00,PUR_IED_LaBelleza_Aula13_1d00d8,PUR_IED_LaBelleza_Aula13_1d00d8,,,,,
2026-09-12T22:06:09-05:00,PUR_IED_LaBelleza_Ext_7bc08c,PUR_IED_LaBelleza_Ext_7bc08c,,,,,
2026-09-12T22:06:09-05:00,PUR_IED_LaChucua_Ext_8cd6d2,PUR_IED_LaChucua_Ext_8cd6d2,,,,,
2026-09-12T22:06:09-05:00,PUR_IED_LaChucua_S15_f578ce,PUR_IED_LaChucua_S15_f578ce,,,,,
2026-09-12T22:06:09-05:00,PUR_IED_LaChucua_S16_eebcf9,PUR_IED_LaChucua_S16_eebcf9,,,,,
2026-09-12T22:06:09-05:00,PUR_IED_LaFelicidad_Ext_fb5109,PUR_IED_LaFelicidad_Ext_fb5109,,,,,
2026-09-12T22:06:09-05:00,PUR_IED_LaMerced_206_66ebd,PUR_IED_LaMerced_206_66ebd,,,,,
2026-09-12T22:06:09-05:00,PUR_IED_LaMerced_207_6ebd6,PUR_IED_LaMerced_207_6ebd6,,,,,
2026-09-12T22:06:09-05:00,PUR_IED_LaMerced_ext_304311,PUR_IED_LaMerced_ext_304311,,,,,
2026-09-12T22:06:09-05:00,PUR_IED_Laureano_CiencNat_281e5e,PUR_IED_Laureano_CiencNat_281e5e,,,,,
2026-09-12T22:06:09-05:00,PUR_IED_Laureano_Comedor_f65c0a,PUR_IED_Laureano_Comedor_f65c0a,,,,,
2026-09-12T22:06:09-05:00,PUR_IED_Laureano_Exterior_7ab011,PUR_IED_Laureano_Exterior_7ab011,,,,,
2026-09-12T22:06:09-05:00,PUR_IED_LeonGreiff_Exte_dfe560,PUR_IED_LeonGreiff_Exte_dfe560,,,,,
2026-09-12T22:06:09-05:00,PUR_IED_LeonGreiff_S210_f264ed,PUR_IED_LeonGreiff_S210_f264ed,,,,,
2026-09-12T22:06:09-05:00,PUR_IED_LeonGreiff_SQuimi_e8296f,PUR_IED_LeonGreiff_SQuimi_e8296f,,,,,
2026-09-12T22:06:09-05:00,PUR_IED_LlanoOrientalS208_7b9fcd,PUR_IED_LlanoOrientalS208_7b9fcd,,,,,
2026-09-12T22:06:09-05:00,PUR_IED_LlanoOriental_Ext_fb3766,PUR_IED_LlanoOriental_Ext_fb3766,,,,,
2026-09-12T22:06:09-05:00,PUR_IED_LlanoOriental_S208_7b9fcd,PUR_IED_LlanoOriental_S208_7b9fcd,,,,,
2026-09-12T22:06:09-05:00,PUR_IED_LlanoOriental_S9_27b378,PUR_IED_LlanoOriental_S9_27b378,,,,,
2026-09-12T22:06:09-05:00,PUR_IED_LosTejares_1101_477602,PUR_IED_LosTejares_1101_477602,,,,,
2026-09-12T22:06:09-05:00,PUR_IED_LosTejares_11_d2c595,PUR_IED_LosTejares_11_d2c595,,,,,
2026-09-12T22:06:09-05:00,PUR_IED_LosTejares_12_477602,PUR_IED_LosTejares_12_477602,,,,,
2026-09-12T22:06:09-05:00,PUR_IED_LosTejares_Ext_8e2115,PUR_IED_LosTejares_Ext_8e2115,,,,,
2026-09-12T22:06:09-05:00,PUR_IED_MagdalenaO_B202_5ddda3,PUR_IED_MagdalenaO_B202_5ddda3,,,,,
2026-09-12T22:06:09-05:00,PUR_IED_MagdalenaO_B205_fb76e8,PUR_IED_MagdalenaO_B205_fb76e8,,,,,
2026-09-12T22:06:09-05:00,PUR_IED_MagdalenaO_ext_dc69cd,PUR_IED_MagdalenaO_ext_dc69cd,,,,,
2026-09-12T22:06:09-05:00,PUR_IED_ManueCepeda_artes_eee956,PUR_IED_ManueCepeda_artes_eee956,,,,,
2026-09-12T22:06:09-05:00,PUR_IED_ManuelCepeda_Ext_58313,PUR_IED_ManuelCepeda_Ext_58313,,,,,
2026-09-12T22:06:09-05:00,PUR_IED_ManuelCepeda_tec_1c5731,PUR_IED_ManuelCepeda_tec_1c5731,,,,,
2026-09-12T22:06:09-05:00,PUR_IED_ManuelS_Exterior_5b269,PUR_IED_ManuelS_Exterior_5b269,,,,,
2026-09-12T22:06:09-05:00,PUR_IED_ManuelS_Inform_f369ce,PUR_IED_ManuelS_Inform_f369ce,,,,,
2026-09-12T22:06:09-05:00,PUR_IED_ManuelS_SArtes_7d15f1,PUR_IED_ManuelS_SArtes_7d15f1,,,,,
2026-09-12T22:06:09-05:00,PUR_IED_ManuelZapata_303_3ca6,PUR_IED_ManuelZapata_303_3ca6,,,,,
2026-09-12T22:06:09-05:00,PUR_IED_ManuelZapata_311_bfbabc,PUR_IED_ManuelZapata_311_bfbabc,,,,,
2026-09-12T22:06:09-05:00,PUR_IED_ManuelZapata_Ext_50824a,PUR_IED_ManuelZapata_Ext_50824a,,,,,
2026-09-12T22:06:09-05:00,PUR_IED_ManuelitaS_Exteri_656a92,PUR_IED_ManuelitaS_Exteri_656a92,,,,,
2026-09-12T22:06:09-05:00,PUR_IED_ManuelitaS_JuzgDe_f58ec3,PUR_IED_ManuelitaS_JuzgDe_f58ec3,,,,,
2026-09-12T22:06:09-05:00,PUR_IED_ManuelitaS_Recrea_d793db,PUR_IED_ManuelitaS_Recrea_d793db,,,,,
2026-09-12T22:06:09-05:00,PUR_IED_MarFidSuarez_Ext_c27b19,PUR_IED_MarFidSuarez_Ext_c27b19,,,,,
2026-09-12T22:06:09-05:00,PUR_IED_MarFidSuarez_Info_e384d7,PUR_IED_MarFidSuarez_Info_e384d7,,,,,
2026-09-12T22:06:09-05:00,PUR_IED_MarFidSuarez_S306_1d0032,PUR_IED_MarFidSuarez_S306_1d0032,,,,,
2026-09-12T22:06:09-05:00,PUR_IED_Menorah_301_2a25a3,PUR_IED_Menorah_301_2a25a3,,,,,
2026-09-12T22:06:09-05:00,PUR_IED_Menorah_306_37ed3,PUR_IED_Menorah_306_37ed3,,,,,
2026-09-12T22:06:09-05:00,PUR_IED_Menorah_Ext_3e155b,PUR_IED_Menorah_Ext_3e155b,,,,,
2026-09-12T22:06:09-05:00,PUR_IED_MinutoB.Aires_A11_1b1604,PUR_IED_MinutoB.Aires_A11_1b1604,,,,,
2026-09-12T22:06:09-05:00,PUR_IED_MinutoB.Aires_A12_fb5860,PUR_IED_MinutoB.Aires_A12_fb5860,,,,,
2026-09-12T22:06:09-05:00,PUR_IED_MinutoB.Aires_Ext_81293f,PUR_IED_MinutoB.Aires_Ext_81293f,,,,,
2026-09-12T22:06:09-05:00,PUR_IED_MinutoBAires_A11_1b1604,PUR_IED_MinutoBAires_A11_1b1604,,,,,
2026-09-12T22:06:09-05:00,PUR_IED_MinutoBAires_A12_fb5860,PUR_IED_MinutoBAires_A12_fb5860,,,,,
2026-09-12T22:06:09-05:00,PUR_IED_MinutoBAires_Ext_81293f,PUR_IED_MinutoBAires_Ext_81293f,,,,,
2026-09-12T22:06:09-05:00,PUR_IED_Montreal_Aula10_1e4959,PUR_IED_Montreal_Aula10_1e4959,,,,,
2026-09-12T22:06:09-05:00,PUR_IED_Montreal_Aula6_300367,PUR_IED_Montreal_Aula6_300367,,,,,
2026-09-12T22:06:09-05:00,PUR_IED_Montreal_Exterior_91a179,PUR_IED_Montreal_Exterior_91a179,,,,,
2026-09-12T22:06:09-05:00,PUR_IED_Mqgdalena_B202_5ddda3,PUR_IED_Mqgdalena_B202_5ddda3,,,,,
2026-09-12T22:06:09-05:00,PUR_IED_NACUND_Soc_dc8728,PUR_IED_NACUND_Soc_dc8728,,,,,
2026-09-12T22:06:09-05:00,PUR_IED_NACUND_ext_27ad97,PUR_IED_NACUND_ext_27ad97,,,,,
2026-09-12T22:06:09-05:00,PUR_IED_NEsperanza_Ext_d24b61,PUR_IED_NEsperanza_Ext_d24b61,,,,,
2026-09-12T22:06:09-05:00,PUR_IED_NEsperanza_SElect_7d1807,PUR_IED_NEsperanza_SElect_7d1807,,,,,
2026-09-12T22:06:09-05:00,PUR_IED_NEsperanza_SLabor_8b2d0a,PUR_IED_NEsperanza_SLabor_8b2d0a,,,,,
2026-09-12T22:06:09-05:00,PUR_IED_NacionesU_Ext_f661a9,PUR_IED_NacionesU_Ext_f661a9,,,,,
2026-09-12T22:06:09-05:00,PUR_IED_NacionesU_Quimica_66f0a,PUR_IED_NacionesU_Quimica_66f0a,,,,,
2026-09-12T22:06:09-05:00,PUR_IED_NacionesU_S306_1b4b3d,PUR_IED_NacionesU_S306_1b4b3d,,,,,
2026-09-12T22:06:09-05:00,PUR_IED_NestorFA_Ext_e4201c,PUR_IED_NestorFA_Ext_e4201c,,,,,
2026-09-12T22:06:09-05:00,PUR_IED_NestorFA_Laborato_f22fe0,PUR_IED_NestorFA_Laborato_f22fe0,,,,,
2026-09-12T22:06:09-05:00,PUR_IED_NestorFA_S204_dee996,PUR_IED_NestorFA_S204_dee996,,,,,
2026-09-12T22:06:09-05:00,PUR_IED_NidyaQT_Aula03_76999b,PUR_IED_NidyaQT_Aula03_76999b,,,,,
2026-09-12T22:06:09-05:00,PUR_IED_NidyaQT_Aula10_56325,PUR_IED_NidyaQT_Aula10_56325,,,,,
2026-09-12T22:06:09-05:00,PUR_IED_NidyaQT_Ext_46e32d,PUR_IED_NidyaQT_Ext_46e32d,,,,,
2026-09-12T22:06:09-05:00,PUR_IED_NuevaCol_Exterior_d9b859,PUR_IED_NuevaCol_Exterior_d9b859,,,,,
2026-09-12T22:06:09-05:00,PUR_IED_NuevaCol_S1101_76c43b,PUR_IED_NuevaCol_S1101_76c43b,,,,,
2026-09-12T22:06:09-05:00,PUR_IED_NuevaCol_S1102_1ce0b5,PUR_IED_NuevaCol_S1102_1ce0b5,,,,,
2026-09-12T22:06:09-05:00,PUR_IED_OEA_A202_f7e3f2,PUR_IED_OEA_A202_f7e3f2,,,,,
2026-09-12T22:06:09-05:00,PUR_IED_OEA_A203_7d1b8d,PUR_IED_OEA_A203_7d1b8d,,,,,
2026-09-12T22:06:09-05:00,PUR_IED_OEA_Ext_27b593,PUR_IED_OEA_Ext_27b593,,,,,
2026-09-12T22:06:09-05:00,PUR_IED_Ochoa_Ext_1c29da,PUR_IED_Ochoa_Ext_1c29da,,,,,
2026-09-12T22:06:09-05:00,PUR_IED_Ochoa_S205_8b1121,PUR_IED_Ochoa_S205_8b1121,,,,,
2026-09-12T22:06:09-05:00,PUR_IED_Ochoa_Sistemas_f33af6,PUR_IED_Ochoa_Sistemas_f33af6,,,,,
2026-09-12T22:06:09-05:00,PUR_IED_PQuebec_Ext_1c67c7,PUR_IED_PQuebec_Ext_1c67c7,,,,,
2026-09-12T22:06:09-05:00,PUR_IED_PQuebec_S15_23e8e2,PUR_IED_PQuebec_S15_23e8e2,,,,,
2026-09-12T22:06:09-05:00,PUR_IED_PQuebec_S16_8ec76b,PUR_IED_PQuebec_S16_8ec76b,,,,,
2026-09-12T22:06:09-05:00,PUR_IED_PabloN_Ext_49dc96,PUR_IED_PabloN_Ext_49dc96,,,,,
2026-09-12T22:06:09-05:00,PUR_IED_PabloN_S1102_4e3df5,PUR_IED_PabloN_S1102_4e3df5,,,,,
2026-09-12T22:06:09-05:00,PUR_IED_PabloN_S1103_50c94b,PUR_IED_PabloN_S1103_50c94b,,,,,
2026-09-12T22:06:09-05:00,PUR_IED_Palestina_S1101_db9198,PUR_IED_Palestina_S1101_db9198,,,,,
2026-09-12T22:06:09-05:00,PUR_IED_Palestina_S1102_dc54fa,PUR_IED_Palestina_S1102_dc54fa,,,,,
2026-09-12T22:06:09-05:00,PUR_IED_Palestina_ext_4ccce6,PUR_IED_Palestina_ext_4ccce6,,,,,
2026-09-12T22:06:09-05:00,PUR_IED_Panama_Fisica_4d0794,PUR_IED_Panama_Fisica_4d0794,,,,,
2026-09-12T22:06:09-05:00,PUR_IED_Panama_SIngles_a4077e,PUR_IED_Panama_SIngles_a4077e,,,,,
2026-09-12T22:06:09-05:00,PUR_IED_Panama_ext_4c54b4,PUR_IED_Panama_ext_4c54b4,,,,,
2026-09-12T22:06:09-05:00,PUR_IED_ParaisoM_Exterior_8cd7f0,PUR_IED_ParaisoM_Exterior_8cd7f0,,,,,
2026-09-12T22:06:09-05:00,PUR_IED_ParaisoM_Laborato_27af35,PUR_IED_ParaisoM_Laborato_27af35,,,,,
2026-09-12T22:06:09-05:00,PUR_IED_ParaisoM_S304_d1edca,PUR_IED_ParaisoM_S304_d1edca,,,,,
2026-09-12T22:06:09-05:00,PUR_IED_PorfirioBarba_Ext_301466,PUR_IED_PorfirioBarba_Ext_301466,,,,,
2026-09-12T22:06:09-05:00,PUR_IED_PorfirioBarba_S11_df6cd2,PUR_IED_PorfirioBarba_S11_df6cd2,,,,,
2026-09-12T22:06:09-05:00,PUR_IED_PorfirioBarba_S29_27a7d6,PUR_IED_PorfirioBarba_S29_27a7d6,,,,,
2026-09-12T22:06:09-05:00,PUR_IED_PradoV_Exter_8b27ad,PUR_IED_PradoV_Exter_8b27ad,,,,,
2026-09-12T22:06:09-05:00,PUR_IED_PradoV_S301_de65b5,PUR_IED_PradoV_S301_de65b5,,,,,
2026-09-12T22:06:09-05:00,PUR_IED_PradoV_S302_7d2593,PUR_IED_PradoV_S302_7d2593,,,,,
2026-09-12T22:06:09-05:00,PUR_IED_QuirogaAlz_Ext_1ddc82,PUR_IED_QuirogaAlz_Ext_1ddc82,,,,,
2026-09-12T22:06:09-05:00,PUR_IED_QuirogaAlz_S302_9926a3,PUR_IED_QuirogaAlz_S302_9926a3,,,,,
2026-09-12T22:06:09-05:00,PUR_IED_QuirogaAlz_S305_cdf1f1,PUR_IED_QuirogaAlz_S305_cdf1f1,,,,,
2026-09-12T22:06:09-05:00,PUR_IED_RGuatemala_Biling_dc53b7,PUR_IED_RGuatemala_Biling_dc53b7,,,,,
2026-09-12T22:06:09-05:00,PUR_IED_RGuatemala_Ext_1b89a3,PUR_IED_RGuatemala_Ext_1b89a3,,,,,
2026-09-12T22:06:09-05:00,PUR_IED_RGuatemala_Tecnol_281a34,PUR_IED_RGuatemala_Tecnol_281a34,,,,,
2026-09-12T22:06:09-05:00,PUR_IED_RafaNu_Ext_f7c302,PUR_IED_RafaNu_Ext_f7c302,,,,,
2026-09-12T22:06:09-05:00,PUR_IED_RafaNu_S1101_25fde,PUR_IED_RafaNu_S1101_25fde,,,,,
2026-09-12T22:06:09-05:00,PUR_IED_RafaNu_S1102_281517,PUR_IED_RafaNu_S1102_281517,,,,,
2026-09-12T22:06:09-05:00,PUR_IED_RafaelB_S305_ee2783,PUR_IED_RafaelB_S305_ee2783,,,,,
2026-09-12T22:06:09-05:00,PUR_IED_RafaelB_S306_75fe33,PUR_IED_RafaelB_S306_75fe33,,,,,
2026-09-12T22:06:09-05:00,PUR_IED_RafaelB_ext_283336,PUR_IED_RafaelB_ext_283336,3,18,62,4.6722,-74.0737
2026-09-12T22:06:09-05:00,PUR_IED_RafaelUU_Exterior_281a51,PUR_IED_RafaelUU_Exterior_281a51,,,,,
2026-09-12T22:06:09-05:00,PUR_IED_RafaelUU_Human_806b2,PUR_IED_RafaelUU_Human_806b2,,,,,
2026-09-12T22:06:09-05:00,PUR_IED_RafaelUU_Mate2_5680d4,PUR_IED_RafaelUU_Mate2_5680d4,,,,,
2026-09-12T22:06:09-05:00,PUR_IED_RamonSub_Ext_f9eeb9,PUR_IED_RamonSub_Ext_f9eeb9,,,,,
2026-09-12T22:06:09-05:00,PUR_IED_RamonSub_Media_d1f62f,PUR_IED_RamonSub_Media_d1f62f,,,,,
2026-09-12T22:06:09-05:00,PUR_IED_RamonSub_planta_51b82,PUR_IED_RamonSub_planta_51b82,,,,,
2026-09-12T22:06:09-05:00,PUR_IED_RepBoliVene_Exter_27af7c,PUR_IED_RepBoliVene_Exter_27af7c,,,,,
2026-09-12T22:06:09-05:00,PUR_IED_RepBoliVene_SCPT_5ae2ee,PUR_IED_RepBoliVene_SCPT_5ae2ee,,,,,
2026-09-12T22:06:09-05:00,PUR_IED_RepBoliVene_Socia_4b11d5,PUR_IED_RepBoliVene_Socia_4b11d5,,,,,
2026-09-12T22:06:09-05:00,PUR_IED_RepChina_Ext_76d9ee,PUR_IED_RepChina_Ext_76d9ee,,,,,
2026-09-12T22:06:09-05:00,PUR_IED_RepChina_S404_7c804c,PUR_IED_RepChina_S404_7c804c,,,,,
2026-09-12T22:06:09-05:00,PUR_IED_RepChina_S405_df2c33,PUR_IED_RepChina_S405_df2c33,,,,,
2026-09-12T22:06:09-05:00,PUR_IED_RepublicaC_Exteri_7d1ec9,PUR_IED_RepublicaC_Exteri_7d1ec9,,,,,
2026-09-12T22:06:09-05:00,PUR_IED_RepublicaC_S1101_f544b3,PUR_IED_RepublicaC_S1101_f544b3,,,,,
2026-09-12T22:06:09-05:00,PUR_IED_RepublicaC_S1102_7aafc7,PUR_IED_RepublicaC_S1102_7aafc7,,,,,
2026-09-12T22:06:09-05:00,PUR_IED_Ricaurte_Externo_a0ea1,PUR_IED_Ricaurte_Externo_a0ea1,,,,,
2026-09-12T22:06:09-05:00,PUR_IED_Ricaurte_S210_f546fd,PUR_IED_Ricaurte_S210_f546fd,,,,,
2026-09-12T22:06:09-05:00,PUR_IED_Ricaurte_S309_d4452,PUR_IED_Ricaurte_S309_d4452,,,,,
2026-09-12T22:06:09-05:00,PUR_IED_RogelioS_1102_531e69,PUR_IED_RogelioS_1102_531e69,,,,,
2026-09-12T22:06:09-05:00,PUR_IED_RogelioS_Ext_f25a18,PUR_IED_RogelioS_Ext_f25a18,,,,,
2026-09-12T22:06:09-05:00,PUR_IED_SBernardino_Ext_27aff8,PUR_IED_SBernardino_Ext_27aff8,,,,,
2026-09-12T22:06:09-05:00,PUR_IED_SBernardino_SArte_2ffd33,PUR_IED_SBernardino_SArte_2ffd33,,,,,
2026-09-12T22:06:09-05:00,PUR_IED_SBernardino_SIngl_7c7da5,PUR_IED_SBernardino_SIngl_7c7da5,,,,,
2026-09-12T22:06:09-05:00,PUR_IED_Sago_auditorio_dc9d1d,PUR_IED_Sago_auditorio_dc9d1d,,,,,
2026-09-12T22:06:09-05:00,PUR_IED_Saludcoop_Ext_95aac3,PUR_IED_Saludcoop_Ext_95aac3,,,,,
2026-09-12T22:06:09-05:00,PUR_IED_Saludcoop_InfI_90c854,PUR_IED_Saludcoop_InfI_90c854,,,,,
2026-09-12T22:06:09-05:00,PUR_IED_Saludcoop_SMedia_1b93be,PUR_IED_Saludcoop_SMedia_1b93be,,,,,
2026-09-12T22:06:09-05:00,PUR_IED_SanCarlos_1101_1a2360,PUR_IED_SanCarlos_1101_1a2360,,,,,
2026-09-12T22:06:09-05:00,PUR_IED_SanCarlos_1103_7bafb5,PUR_IED_SanCarlos_1103_7bafb5,,,,,
2026-09-12T22:06:09-05:00,PUR_IED_SanCarlos_Ext_b7cd1,PUR_IED_SanCarlos_Ext_b7cd1,,,,,
2026-09-12T22:06:09-05:00,PUR_IED_SanIgnacioBosa11a_50c26e,PUR_IED_SanIgnacioBosa11a_50c26e,,,,,
2026-09-12T22:06:09-05:00,PUR_IED_SanIgnacioBosa11b_371de8,PUR_IED_SanIgnacioBosa11b_371de8,,,,,
2026-09-12T22:06:09-05:00,PUR_IED_SanIgnacioBosaExt_ef0ffc,PUR_IED_SanIgnacioBosaExt_ef0ffc,,,,,
2026-09-12T22:06:09-05:00,PUR_IED_SanIgnacioBosa_11a_50c26e,PUR_IED_SanIgnacioBosa_11a_50c26e,,,,,
2026-09-12T22:06:09-05:00,PUR_IED_SanIgnacioBosa_Ext_ef0ffc,PUR_IED_SanIgnacioBosa_Ext_ef0ffc,,,,,
2026-09-12T22:06:09-05:00,PUR_IED_SanJoseN_intS1101_31c47f,PUR_IED_SanJoseN_intS1101_31c47f,,,,,
2026-09-12T22:06:09-05:00,PUR_IED_SanJoseUsm_Exter_f5d7e8,PUR_IED_SanJoseUsm_Exter_f5d7e8,,,,,
2026-09-12T22:06:09-05:00,PUR_IED_SanJoseUsm_Int11A_cfdef6,PUR_IED_SanJoseUsm_Int11A_cfdef6,,,,,
2026-09-12T22:06:09-05:00,PUR_IED_SilveriaR_IntB5_905349,PUR_IED_SilveriaR_IntB5_905349,,,,,
2026-09-12T22:06:09-05:00,PUR_IED_SilveriaR_IntSD14_981f93,PUR_IED_SilveriaR_IntSD14_981f93,,,,,
2026-09-12T22:06:09-05:00,PUR_IED_SilveriaR_ext_2b651d,PUR_IED_SilveriaR_ext_2b651d,,,,,
2026-09-12T22:06:09-05:00,PUR_IED_SimonB_Exterior_913975,PUR_IED_SimonB_Exterior_913975,,,,,
2026-09-12T22:06:09-05:00,PUR_IED_SimonB_LabQuimi_c56908,PUR_IED_SimonB_LabQuimi_c56908,,,,,
2026-09-12T22:06:09-05:00,PUR_IED_SimonB_informatic_a28c1,PUR_IED_SimonB_informatic_a28c1,,,,,
2026-09-12T22:06:09-05:00,PUR_IED_Sorrento_1102_315f50,PUR_IED_Sorrento_1102_315f50,,,,,
2026-09-12T22:06:09-05:00,PUR_IED_Sorrento_Minte_214eab,PUR_IED_Sorrento_Minte_214eab,,,,,
2026-09-12T22:06:09-05:00,PUR_IED_Sorrento_ext_7c3a0a,PUR_IED_Sorrento_ext_7c3a0a,,,,,
2026-09-12T22:06:09-05:00,PUR_IED_Tabora_Ext_f048ae,PUR_IED_Tabora_Ext_f048ae,,,,,
2026-09-12T22:06:09-05:00,PUR_IED_Tabora_S1102_b07752,PUR_IED_Tabora_S1102_b07752,,,,,
2026-09-12T22:06:09-05:00,PUR_IED_Tabora_S1103_d988f5,PUR_IED_Tabora_S1103_d988f5,,,,,
2026-09-12T22:06:09-05:00,PUR_IED_Tenerife_Ext_1ab188,PUR_IED_Tenerife_Ext_1ab188,,,,,
2026-09-12T22:06:09-05:00,PUR_IED_Tenerife_SDanzas_7bc02e,PUR_IED_Tenerife_SDanzas_7bc02e,,,,,
2026-09-12T22:06:09-05:00,PUR_IED_Tenerife_SIngles_7cc277,PUR_IED_Tenerife_SIngles_7cc277,,,,,
2026-09-12T22:06:09-05:00,PUR_IED_Tibabuyes_Exter_f2683d,PUR_IED_Tibabuyes_Exter_f2683d,,,,,
2026-09-12T22:06:09-05:00,PUR_IED_Tibabuyes_S10_dc87a8,PUR_IED_Tibabuyes_S10_dc87a8,,,,,
2026-09-12T22:06:09-05:00,PUR_IED_Tibabuyes_S15_dc0526,PUR_IED_Tibabuyes_S15_dc0526,,,,,
2026-09-12T22:06:09-05:00,PUR_IED_UnionE_S301_a1043,PUR_IED_UnionE_S301_a1043,,,,,
2026-09-12T22:06:09-05:00,PUR_IED_UnionE_S307_ff6c2f,PUR_IED_UnionE_S307_ff6c2f,,,,,
2026-09-12T22:06:09-05:00,PUR_IED_UnionE__Ext_5e2468,PUR_IED_UnionE__Ext_5e2468,,,,,
2026-09-12T22:06:09-05:00,PUR_IED_VillaRica_Ext_75be7c,PUR_IED_VillaRica_Ext_75be7c,,,,,
2026-09-12T22:06:09-05:00,PUR_IED_VillaRica_S4_cc5dcd,PUR_IED_VillaRica_S4_cc5dcd,,,,,
2026-09-12T22:06:09-05:00,PUR_IED_VillaRica_Sesp_99f5c,PUR_IED_VillaRica_Sesp_99f5c,,,,,
2026-09-12T22:11:11-05:00,PUR_IED_20deJulio_1101_91b1b9,PUR_IED_20deJulio_1101_91b1b9,,,,,
2026-09-12T22:11:11-05:00,PUR_IED_20deJulio_1102_1cfcf9,PUR_IED_20deJulio_1102_1cfcf9,,,,,
2026-09-12T22:11:11-05:00,PUR_IED_20deJulio_Ext_ab60bd,PUR_IED_20deJulio_Ext_ab60bd,,,,,
2026-09-12T22:11:11-05:00,PUR_IED_AgustinFer_Ext_7b9b77,PUR_IED_AgustinFer_Ext_7b9b77,,,,,
2026-09-12T22:11:11-05:00,PUR_IED_AgustinFer_Info2_27b3a7,PUR_IED_AgustinFer_Info2_27b3a7,,,,,
2026-09-12T22:11:11-05:00,PUR_IED_AgustinFer_Sena_54b4eb,PUR_IED_AgustinFer_Sena_54b4eb,,,,,
2026-09-12T22:11:11-05:00,PUR_IED_AlexanderF_1102_caf07b,PUR_IED_AlexanderF_1102_caf07b,,,,,
2026-09-12T22:11:11-05:00,PUR_IED_AlexanderF_1103_c79e71,PUR_IED_AlexanderF_1103_c79e71,,,,,
2026-09-12T22:11:11-05:00,PUR_IED_AlexanderF_Ext_c5b18b,PUR_IED_AlexanderF_Ext_c5b18b,,,,,
2026-09-12T22:11:11-05:00,PUR_IED_AlfonsoLopez_Ext_281d77,PUR_IED_AlfonsoLopez_Ext_281d77,,,,,
2026-09-12T22:11:11-05:00,PUR_IED_AlfonsoLopez_LabF_888ce0,PUR_IED_AlfonsoLopez_LabF_888ce0,,,,,
2026-09-12T22:11:11-05:00,PUR_IED_AlfonsoLopez_SMed_df6a7f,PUR_IED_AlfonsoLopez_SMed_df6a7f,,,,,
2026-09-12T22:11:11-05:00,PUR_IED_AltamiraSO_A2_209f92,PUR_IED_AltamiraSO_A2_209f92,,,,,
2026-09-12T22:11:11-05:00,PUR_IED_AltamiraSO_Ext_186d66,PUR_IED_AltamiraSO_Ext_186d66,,,,,
2026-09-12T22:11:11-05:00,PUR_IED_AltamiraSO_Sistem_27afe1,PUR_IED_AltamiraSO_Sistem_27afe1,,,,,
2026-09-12T22:11:11-05:00,PUR_IED_AlvaroGom_LabQuim_813179,PUR_IED_AlvaroGom_LabQuim_813179,,,,,
2026-09-12T22:11:11-05:00,PUR_IED_AlvaroGomez_Ext_47c7ca,PUR_IED_AlvaroGomez_Ext_47c7ca,,,,,
2026-09-12T22:11:11-05:00,PUR_IED_AlvaroGomez_LabQuim_813179,PUR_IED_AlvaroGomez_LabQuim_813179,,,,,
2026-09-12T22:11:11-05:00,PUR_IED_AlvaroGomez_S23_7ba89f,PUR_IED_AlvaroGomez_S23_7ba89f,,,,,
2026-09-12T22:11:11-05:00,PUR_IED_Amistad_306_dc8728,PUR_IED_Amistad_306_dc8728,,,,,
2026-09-12T22:11:11-05:00,PUR_IED_Amistad_Ext_8cd55e,PUR_IED_Amistad_Ext_8cd55e,,,,,
2026-09-12T22:11:11-05:00,PUR_IED_Amistad_S202_a41169,PUR_IED_Amistad_S202_a41169,,,,,
2026-09-12T22:11:11-05:00,PUR_IED_AndresBello_Bio_fd5f5e,PUR_IED_AndresBello_Bio_fd5f5e,,,,,
2026-09-12T22:11:11-05:00,PUR_IED_AndresBello_ext_dcad65,PUR_IED_AndresBello_ext_dcad65,,,,,
2026-09-12T22:11:11-05:00,PUR_IED_AndresBello_port_eed3ec,PUR_IED_AndresBello_port_eed3ec,,,,,
2026-09-12T22:11:11-05:00,PUR_IED_AngelaR_11b_d90a6b,PUR_IED_AngelaR_11b_d90a6b,,,,,
2026-09-12T22:11:11-05:00,PUR_IED_AngelaR_ext_7cad3e,PUR_IED_AngelaR_ext_7cad3e,,,,,
2026-09-12T22:11:11-05:00,PUR_IED_AntJoseSucre_10mo_df2575,PUR_IED_AntJoseSucre_10mo_df2575,,,,,
2026-09-12T22:11:11-05:00,PUR_IED_AntJoseSucre_Ext_215b36,PUR_IED_AntJoseSucre_Ext_215b36,,,,,
2026-09-12T22:11:11-05:00,PUR_IED_AntJoseSucre_Lab_3139de,PUR_IED_AntJoseSucre_Lab_3139de,,,,,
2026-09-12T22:11:11-05:00,PUR_IED_AntonioGarcia_301_d6b188,PUR_IED_AntonioGarcia_301_d6b188,,,,,
2026-09-12T22:11:11-05:00,PUR_IED_AntonioGarcia_302_88a82,PUR_IED_AntonioGarcia_302_88a82,,,,,
2026-09-12T22:11:11-05:00,PUR_IED_AntonioGarcia_Ext_20950c,PUR_IED_AntonioGarcia_Ext_20950c,,,,,
2026-09-12T22:11:11-05:00,PUR_IED_AntonioVan_Aula2_6dea02,PUR_IED_AntonioVan_Aula2_6dea02,,,,,
2026-09-12T22:11:11-05:00,PUR_IED_AntonioVan_Aula5_f1557e,PUR_IED_AntonioVan_Aula5_f1557e,,,,,
2026-09-12T22:11:11-05:00,PUR_IED_AntonioVan_Ext_406f2f,PUR_IED_AntonioVan_Ext_406f2f,,,,,
2026-09-12T22:11:11-05:00,PUR_IED_Atabanzha_Ext_cc5af9,PUR_IED_Atabanzha_Ext_cc5af9,,,,,
2026-09-12T22:11:11-05:00,PUR_IED_Atabanzha_SA101_56c37,PUR_IED_Atabanzha_SA101_56c37,,,,,
2026-09-12T22:11:11-05:00,PUR_IED_Atabanzha_SB302_27b374,PUR_IED_Atabanzha_SB302_27b374,,,,,
2026-09-12T22:11:11-05:00,PUR_IED_Atahualpa_Ext_fc1748,PUR_IED_Atahualpa_Ext_fc1748,,,,,
2026-09-12T22:11:11-05:00,PUR_IED_Atahualpa_Informa_dc9a95,PUR_IED_Atahualpa_Informa_dc9a95,,,,,
2026-09-12T22:11:11-05:00,PUR_IED_Atahualpa_S1101_f98056,PUR_IED_Atahualpa_S1101_f98056,,,,,
2026-09-12T22:11:11-05:00,PUR_IED_Bellavista_Ext_f5aa74,PUR_IED_Bellavista_Ext_f5aa74,,,,,
2026-09-12T22:11:11-05:00,PUR_IED_Bilbao_11A_916c41,PUR_IED_Bilbao_11A_916c41,,,,,
2026-09-12T22:11:11-05:00,PUR_IED_Bilbao_Ext_fb579a,PUR_IED_Bilbao_Ext_fb579a,,,,,
2026-09-12T22:11:11-05:00,PUR_IED_BrasiliaU_A125_304280,PUR_IED_BrasiliaU_A125_304280,,,,,
2026-09-12T22:11:11-05:00,PUR_IED_BrasiliaU_A203_7c8ca5,PUR_IED_BrasiliaU_A203_7c8ca5,,,,,
2026-09-12T22:11:11-05:00,PUR_IED_BrasiliaU_Ext_8d6e9f,PUR_IED_BrasiliaU_Ext_8d6e9f,8,17,63,4.5175,-74.116302
2026-09-12T22:11:11-05:00,PUR_IED_Brasilia_Ext_fe6593,PUR_IED_Brasilia_Ext_fe6593,,,,,
2026-09-12T22:11:11-05:00,PUR_IED_Brasilia_S24_7c130d,PUR_IED_Brasilia_S24_7c130d,,,,,
2026-09-12T22:11:11-05:00,PUR_IED_Brasilia_S501_186a54,PUR_IED_Brasilia_S501_186a54,,,,,
2026-09-12T22:11:11-05:00,PUR_IED_CHARRY_EXT_f1d5cd,PUR_IED_CHARRY_EXT_f1d5cd,,,,,
2026-09-12T22:11:11-05:00,PUR_IED_CHARRY_INTDANZAS_7a08e6,PUR_IED_CHARRY_INTDANZAS_7a08e6,,,,,
2026-09-12T22:11:11-05:00,PUR_IED_CHARRY_INT_AULA20_dc998d,PUR_IED_CHARRY_INT_AULA20_dc998d,,,,,
2026-09-12T22:11:11-05:00,PUR_IED_COLVIV_1101_S25_7f520a,PUR_IED_COLVIV_1101_S25_7f520a,,,,,
2026-09-12T22:11:11-05:00,PUR_IED_COLVIV_1102_S16_f570ba,PUR_IED_COLVIV_1102_S16_f570ba,,,,,
2026-09-12T22:11:11-05:00,PUR_IED_COLVIV_Ext_1a26fa,PUR_IED_COLVIV_Ext_1a26fa,,,,,
2026-09-12T22:11:11-05:00,PUR_IED_CULPOP_301A_f660f3,PUR_IED_CULPOP_301A_f660f3,,,,,
2026-09-12T22:11:11-05:00,PUR_IED_CULPOP_303_568afe,PUR_IED_CULPOP_303_568afe,,,,,
2026-09-12T22:11:11-05:00,PUR_IED_CULPOP_Ext_e02ccb,PUR_IED_CULPOP_Ext_e02ccb,,,,,
2026-09-12T22:11:11-05:00,PUR_IED_CVillavicen_Ext_26eb58,PUR_IED_CVillavicen_Ext_26eb58,7,15,77,4.487,-74.102798
2026-09-12T22:11:11-05:00,PUR_IED_CVillavicen_Intel_1ce5c2,PUR_IED_CVillavicen_Intel_1ce5c2,,,,,
2026-09-12T22:11:11-05:00,PUR_IED_CVillavicen_Poliv_e0766c,PUR_IED_CVillavicen_Poliv_e0766c,,,,,
2026-09-12T22:11:11-05:00,PUR_IED_CVillavicen_int_1ba140,PUR_IED_CVillavicen_int_1ba140,,,,,
2026-09-12T22:11:11-05:00,PUR_IED_CVillavicen_intel_1ba140,PUR_IED_CVillavicen_intel_1ba140,,,,,
2026-09-12T22:11:11-05:00,PUR_IED_CarlosPizarro_Ext_e307cc,PUR_IED_CarlosPizarro_Ext_e307cc,,,,,
2026-09-12T22:11:11-05:00,PUR_IED_CarlosPizarro_L36_7e5cdb,PUR_IED_CarlosPizarro_L36_7e5cdb,,,,,
2026-09-12T22:11:11-05:00,PUR_IED_CarlosPizarro_L37_c8566c,PUR_IED_CarlosPizarro_L37_c8566c,,,,,
2026-09-12T22:11:11-05:00,PUR_IED_Castilla_Ext_cf35f,PUR_IED_Castilla_Ext_cf35f,,,,,
2026-09-12T22:11:11-05:00,PUR_IED_Castilla_SFisik_360e38,PUR_IED_Castilla_SFisik_360e38,,,,,
2026-09-12T22:11:11-05:00,PUR_IED_Castilla_Sc304_496fbf,PUR_IED_Castilla_Sc304_496fbf,,,,,
2026-09-12T22:11:11-05:00,PUR_IED_CervantesSa_Ext_6b57b,PUR_IED_CervantesSa_Ext_6b57b,6,17,68,4.5128,-74.117203
2026-09-12T22:11:11-05:00,PUR_IED_CervantesSa_S107_225c2b,PUR_IED_CervantesSa_S107_225c2b,,,,,
2026-09-12T22:11:11-05:00,PUR_IED_CervantesSa_S108_940925,PUR_IED_CervantesSa_S108_940925,,,,,
2026-09-12T22:11:11-05:00,PUR_IED_Charry_A20_f53e7c,PUR_IED_Charry_A20_f53e7c,,,,,
2026-09-12T22:11:11-05:00,PUR_IED_Charry_Ext_f1d5cd,PUR_IED_Charry_Ext_f1d5cd,,,,,
2026-09-12T22:11:11-05:00,PUR_IED_Charry_IntAula20_dc998d,PUR_IED_Charry_IntAula20_dc998d,,,,,
2026-09-12T22:11:11-05:00,PUR_IED_Charry_IntDanzas_7a08e6,PUR_IED_Charry_IntDanzas_7a08e6,,,,,
2026-09-12T22:11:11-05:00,PUR_IED_ClememciaC_203_43e2fc,PUR_IED_ClememciaC_203_43e2fc,,,,,
2026-09-12T22:11:11-05:00,PUR_IED_ClememciaC_Ext_1b411a,PUR_IED_ClememciaC_Ext_1b411a,,,,,
2026-09-12T22:11:11-05:00,PUR_IED_ClememciaC_Quimic_44b5fc,PUR_IED_ClememciaC_Quimic_44b5fc,,,,,
2026-09-12T22:11:11-05:00,PUR_IED_ClemenciaC_203_43e2fc,PUR_IED_ClemenciaC_203_43e2fc,,,,,
2026-09-12T22:11:11-05:00,PUR_IED_ClemenciaC_Ext_1b411a,PUR_IED_ClemenciaC_Ext_1b411a,,,,,
2026-09-12T22:11:11-05:00,PUR_IED_ClemenciaC_Quimic_44b5fc,PUR_IED_ClemenciaC_Quimic_44b5fc,,,,,
2026-09-12T22:11:11-05:00,PUR_IED_ColViva_1101_S25_7f520a,PUR_IED_ColViva_1101_S25_7f520a,,,,,
2026-09-12T22:11:11-05:00,PUR_IED_ColViva_1102_S16_f570ba,PUR_IED_ColViva_1102_S16_f570ba,,,,,
2026-09-12T22:11:11-05:00,PUR_IED_ColViva_Ext_1a26fa,PUR_IED_ColViva_Ext_1a26fa,,,,,
2026-09-12T22:11:11-05:00,PUR_IED_ColegioBici_Asist_7c8798,PUR_IED_ColegioBici_Asist_7c8798,,,,,
2026-09-12T22:11:11-05:00,PUR_IED_ColegioBici_Ext_25cbf6,PUR_IED_ColegioBici_Ext_25cbf6,,,,,
2026-09-12T22:11:11-05:00,PUR_IED_ColegioBici_LabQ_7b57db,PUR_IED_ColegioBici_LabQ_7b57db,,,,,
2026-09-12T22:11:11-05:00,PUR_IED_CostaRica_Ext_5e640,PUR_IED_CostaRica_Ext_5e640,,,,,
2026-09-12T22:11:11-05:00,PUR_IED_CostaRica_Quim1_766d1c,PUR_IED_CostaRica_Quim1_766d1c,,,,,
2026-09-12T22:11:11-05:00,PUR_IED_CostaRica__Fisica_6f0873,PUR_IED_CostaRica__Fisica_6f0873,,,,,
2026-09-12T22:11:11-05:00,PUR_IED_CulPopu_301A_f660f3,PUR_IED_CulPopu_301A_f660f3,,,,,
2026-09-12T22:11:11-05:00,PUR_IED_CulPopu_303_568afe,PUR_IED_CulPopu_303_568afe,,,,,
2026-09-12T22:11:11-05:00,PUR_IED_CulPopu_Ext_e02ccb,PUR_IED_CulPopu_Ext_e02ccb,,,,,
2026-09-12T22:11:11-05:00,PUR_IED_Cundinamarca_Ext_f15985,PUR_IED_Cundinamarca_Ext_f15985,,,,,
2026-09-12T22:11:11-05:00,PUR_IED_Cundinamarca_Info_7aa5d7,PUR_IED_Cundinamarca_Info_7aa5d7,,,,,
2026-09-12T22:11:11-05:00,PUR_IED_Cundinamarca_Tec2_f449c7,PUR_IED_Cundinamarca_Tec2_f449c7,,,,,
2026-09-12T22:11:11-05:00,PUR_IED_DiegoM_Aula1_27b314,PUR_IED_DiegoM_Aula1_27b314,,,,,
2026-09-12T22:11:11-05:00,PUR_IED_DiegoM_Ext_d80ac8,PUR_IED_DiegoM_Ext_d80ac8,,,,,
2026-09-12T22:11:11-05:00,PUR_IED_DiegoM_S25_da928f,PUR_IED_DiegoM_S25_da928f,,,,,
2026-09-12T22:11:11-05:00,PUR_IED_ELRODEO_360881,PUR_IED_ELRODEO_360881,,,,,
2026-09-12T22:11:11-05:00,PUR_IED_ELRODEO_ext_360881,PUR_IED_ELRODEO_ext_360881,,,,,
2026-09-12T22:11:11-05:00,PUR_IED_EduardoU_Ext_1c1969,PUR_IED_EduardoU_Ext_1c1969,,,,,
2026-09-12T22:11:11-05:00,PUR_IED_EduardoU_SCiencia_4dfb94,PUR_IED_EduardoU_SCiencia_4dfb94,,,,,
2026-09-12T22:11:11-05:00,PUR_IED_EduardoU_SQuimica_5a46e7,PUR_IED_EduardoU_SQuimica_5a46e7,,,,,
2026-09-12T22:11:11-05:00,PUR_IED_ElRodeo_Aula14_676984,PUR_IED_ElRodeo_Aula14_676984,,,,,
2026-09-12T22:11:11-05:00,PUR_IED_ElRodeo_Aula16_2dd35b,PUR_IED_ElRodeo_Aula16_2dd35b,,,,,
2026-09-12T22:11:11-05:00,PUR_IED_ElRodeo_Ext_360881,PUR_IED_ElRodeo_Ext_360881,,,,,
2026-09-12T22:11:11-05:00,PUR_IED_ElRodeo_Exterior_8c6d28,PUR_IED_ElRodeo_Exterior_8c6d28,,,,,
2026-09-12T22:11:11-05:00,PUR_IED_ElRodeo_ext_360881,PUR_IED_ElRodeo_ext_360881,,,,,
2026-09-12T22:11:11-05:00,PUR_IED_EmmaReyes_Ext_987625,PUR_IED_EmmaReyes_Ext_987625,7,21,52,4.6367,-74.1511
2026-09-12T22:11:11-05:00,PUR_IED_Ensueño_Ext_7f0250,PUR_IED_Ensueño_Ext_7f0250,,,,,
2026-09-12T22:11:11-05:00,PUR_IED_EscNormal_Ext_5fef3b,PUR_IED_EscNormal_Ext_5fef3b,2,19,61,4.5852,-74.096901
2026-09-12T22:11:11-05:00,PUR_IED_EscNormal_S309_5b263,PUR_IED_EscNormal_S309_5b263,,,,,
2026-09-12T22:11:11-05:00,PUR_IED_EscNormal_S310_27b3b8,PUR_IED_EscNormal_S310_27b3b8,,,,,
2026-09-12T22:11:11-05:00,PUR_IED_Evangelista_Conta_f6cd4f,PUR_IED_Evangelista_Conta_f6cd4f,,,,,
2026-09-12T22:11:11-05:00,PUR_IED_Evangelista_Cri_5e16a,PUR_IED_Evangelista_Cri_5e16a,,,,,
2026-09-12T22:11:11-05:00,PUR_IED_Evangelista_Exter_754066,PUR_IED_Evangelista_Exter_754066,,,,,
2026-09-12T22:11:11-05:00,PUR_IED_FMiranda_S209_5cc2a3,PUR_IED_FMiranda_S209_5cc2a3,,,,,
2026-09-12T22:11:11-05:00,PUR_IED_FMiranda_S303_19e344,PUR_IED_FMiranda_S303_19e344,,,,,
2026-09-12T22:11:11-05:00,PUR_IED_FMiranda_ext_f53e7c,PUR_IED_FMiranda_ext_f53e7c,,,,,
2026-09-12T22:11:11-05:00,PUR_IED_FabioLozano_Bibli_1cee05,PUR_IED_FabioLozano_Bibli_1cee05,,,,,
2026-09-12T22:11:11-05:00,PUR_IED_FabioLozano_Ext_6ea285,PUR_IED_FabioLozano_Ext_6ea285,,,,,
2026-09-12T22:11:11-05:00,PUR_IED_FabioLozano_SLudi_f09e1e,PUR_IED_FabioLozano_SLudi_f09e1e,,,,,
2026-09-12T22:11:11-05:00,PUR_IED_FaustinoS_Aula07_27a731,PUR_IED_FaustinoS_Aula07_27a731,,,,,
2026-09-12T22:11:11-05:00,PUR_IED_FaustinoS_Ext_7b936f,PUR_IED_FaustinoS_Ext_7b936f,,,,,
2026-09-12T22:11:11-05:00,PUR_IED_FaustinoS_Fisica_da2c60,PUR_IED_FaustinoS_Fisica_da2c60,,,,,
2026-09-12T22:11:11-05:00,PUR_IED_FeGarciaLo_Ext_dc68ee,PUR_IED_FeGarciaLo_Ext_dc68ee,,,,,
2026-09-12T22:11:11-05:00,PUR_IED_FeGarciaLo_SDanza_f70a59,PUR_IED_FeGarciaLo_SDanza_f70a59,,,,,
2026-09-12T22:11:11-05:00,PUR_IED_FeGarciaLo_SMusic_125cdd,PUR_IED_FeGarciaLo_SMusic_125cdd,,,,,
2026-09-12T22:11:11-05:00,PUR_IED_FederalAlema_Exte_50c345,PUR_IED_FederalAlema_Exte_50c345,,,,,
2026-09-12T22:11:11-05:00,PUR_IED_FederalAlema_S31_f18371,PUR_IED_FederalAlema_S31_f18371,,,,,
2026-09-12T22:11:11-05:00,PUR_IED_FederalAlema_S901_a62cd,PUR_IED_FederalAlema_S901_a62cd,,,,,
2026-09-12T22:11:11-05:00,PUR_IED_FilarmonicaS_A5_f35eb1,PUR_IED_FilarmonicaS_A5_f35eb1,,,,,
2026-09-12T22:11:11-05:00,PUR_IED_FilarmonicaS_Ext_8a3bde,PUR_IED_FilarmonicaS_Ext_8a3bde,,,,,
2026-09-12T22:11:11-05:00,PUR_IED_FilarmonicaS_Spol_406114,PUR_IED_FilarmonicaS_Spol_406114,,,,,
2026-09-12T22:11:11-05:00,PUR_IED_FlorentinoG_A13_d1fa59,PUR_IED_FlorentinoG_A13_d1fa59,,,,,
2026-09-12T22:11:11-05:00,PUR_IED_FlorentinoG_Ext_1ce6ce,PUR_IED_FlorentinoG_Ext_1ce6ce,,,,,
2026-09-12T22:11:11-05:00,PUR_IED_FlorentinoG_Idiom_a66aac,PUR_IED_FlorentinoG_Idiom_a66aac,,,,,
2026-09-12T22:11:11-05:00,PUR_IED_FranciscoMati_Ext_e3869d,PUR_IED_FranciscoMati_Ext_e3869d,,,,,
2026-09-12T22:11:11-05:00,PUR_IED_FranciscoMati_S13_f31c67,PUR_IED_FranciscoMati_S13_f31c67,,,,,
2026-09-12T22:11:11-05:00,PUR_IED_FranciscoMati_S14_97dead,PUR_IED_FranciscoMati_S14_97dead,,,,,
2026-09-12T22:11:11-05:00,PUR_IED_FranciscoPS_Ext_7bfa9a,PUR_IED_FranciscoPS_Ext_7bfa9a,3,20,60,4.5899,-74.110397
2026-09-12T22:11:11-05:00,PUR_IED_FranciscoPS_Infor_fb8f4c,PUR_IED_FranciscoPS_Infor_fb8f4c,,,,,
2026-09-12T22:11:11-05:00,PUR_IED_FranciscoPS_Quimi_94d39c,PUR_IED_FranciscoPS_Quimi_94d39c,,,,,
2026-09-12T22:11:11-05:00,PUR_IED_FranciscoP_LabQ_d7e148,PUR_IED_FranciscoP_LabQ_d7e148,,,,,
2026-09-12T22:11:11-05:00,PUR_IED_FranciscoP_S28_cf9b30,PUR_IED_FranciscoP_S28_cf9b30,,,,,
2026-09-12T22:11:11-05:00,PUR_IED_FranciscoP_ext_e2313,PUR_IED_FranciscoP_ext_e2313,,,,,
2026-09-12T22:11:11-05:00,PUR_IED_FriederichN_Ext_8ac92a,PUR_IED_FriederichN_Ext_8ac92a,,,,,
2026-09-12T22:11:11-05:00,PUR_IED_FriederichN_S301_dd7e5a,PUR_IED_FriederichN_S301_dd7e5a,,,,,
2026-09-12T22:11:11-05:00,PUR_IED_FriederichN_S308_761f4f,PUR_IED_FriederichN_S308_761f4f,,,,,
2026-09-12T22:11:11-05:00,PUR_IED_GSantander_Aula10_533dd7,PUR_IED_GSantander_Aula10_533dd7,,,,,
2026-09-12T22:11:11-05:00,PUR_IED_GSantander_Aula12_fd4e4f,PUR_IED_GSantander_Aula12_fd4e4f,,,,,
2026-09-12T22:11:11-05:00,PUR_IED_GSantander_Aula310_533dd7,PUR_IED_GSantander_Aula310_533dd7,,,,,
2026-09-12T22:11:11-05:00,PUR_IED_GSantander_Aula312_fd4e4f,PUR_IED_GSantander_Aula312_fd4e4f,,,,,
2026-09-12T22:11:11-05:00,PUR_IED_GSantander_Ext_5f66b0,PUR_IED_GSantander_Ext_5f66b0,,,,,
2026-09-12T22:11:11-05:00,PUR_IED_GYomasa_Ext_f6bea5,PUR_IED_GYomasa_Ext_f6bea5,,,,,
2026-09-12T22:11:11-05:00,PUR_IED_GYomasa_LBiol_2c41aa,PUR_IED_GYomasa_LBiol_2c41aa,,,,,
2026-09-12T22:11:11-05:00,PUR_IED_GYomasa_LQuim_33c80,PUR_IED_GYomasa_LQuim_33c80,,,,,
2026-09-12T22:11:11-05:00,PUR_IED_GabBetMejia_Cienc_5a99c,PUR_IED_GabBetMejia_Cienc_5a99c,,,,,
2026-09-12T22:11:11-05:00,PUR_IED_GabBetMejia_Ext_9153d0,PUR_IED_GabBetMejia_Ext_9153d0,,,,,
2026-09-12T22:11:11-05:00,PUR_IED_GabBetMejia_Lab_f55347,PUR_IED_GabBetMejia_Lab_f55347,,,,,
2026-09-12T22:11:11-05:00,PUR_IED_GabBetanMejia_Ext_9153d0,PUR_IED_GabBetanMejia_Ext_9153d0,,,,,
2026-09-12T22:11:11-05:00,PUR_IED_Gaitana_Aula13_7aac11,PUR_IED_Gaitana_Aula13_7aac11,,,,,
2026-09-12T22:11:11-05:00,PUR_IED_Gaitana_Ext_5fcf4,PUR_IED_Gaitana_Ext_5fcf4,,,,,
2026-09-12T22:11:11-05:00,PUR_IED_Gaitana_LabFisica_644448,PUR_IED_Gaitana_LabFisica_644448,,,,,
2026-09-12T22:11:11-05:00,PUR_IED_GenSantander_Dise_8ac858,PUR_IED_GenSantander_Dise_8ac858,,,,,
2026-09-12T22:11:11-05:00,PUR_IED_GenSantander_Ext_8d5dfe,PUR_IED_GenSantander_Ext_8d5dfe,,,,,
2026-09-12T22:11:11-05:00,PUR_IED_GenSantander_Info_6c25b,PUR_IED_GenSantander_Info_6c25b,,,,,
2026-09-12T22:11:11-05:00,PUR_IED_GustavoMo_Exterio_75e63d,PUR_IED_GustavoMo_Exterio_75e63d,,,,,
2026-09-12T22:11:11-05:00,PUR_IED_GustavoMo_LabFisi_224d37,PUR_IED_GustavoMo_LabFisi_224d37,,,,,
2026-09-12T22:11:11-05:00,PUR_IED_GustavoMo_S208_3e6918,PUR_IED_GustavoMo_S208_3e6918,,,,,
2026-09-12T22:11:11-05:00,PUR_IED_GustavoR_A02_8cd4a8,PUR_IED_GustavoR_A02_8cd4a8,,,,,
2026-09-12T22:11:11-05:00,PUR_IED_GustavoR_B11_5b0ed,PUR_IED_GustavoR_B11_5b0ed,,,,,
2026-09-12T22:11:11-05:00,PUR_IED_GustavoR_Ext_7a0c90,PUR_IED_GustavoR_Ext_7a0c90,,,,,
2026-09-12T22:11:11-05:00,PUR_IED_HernandoDuran_Ext_8cd82b,PUR_IED_HernandoDuran_Ext_8cd82b,,,,,
2026-09-12T22:11:11-05:00,PUR_IED_HernandoDuran_S24_2772c6,PUR_IED_HernandoDuran_S24_2772c6,,,,,
2026-09-12T22:11:11-05:00,PUR_IED_HernandoDuran_S30_f2de41,PUR_IED_HernandoDuran_S30_f2de41,,,,,
2026-09-12T22:11:11-05:00,PUR_IED_HolguInUr_S1101_8cd732,PUR_IED_HolguInUr_S1101_8cd732,,,,,
2026-09-12T22:11:11-05:00,PUR_IED_HolguinUr_Exter_ddae6d,PUR_IED_HolguinUr_Exter_ddae6d,,,,,
2026-09-12T22:11:11-05:00,PUR_IED_HolguinUr_LabQuim_92b952,PUR_IED_HolguinUr_LabQuim_92b952,,,,,
2026-09-12T22:11:11-05:00,PUR_IED_Isabel-II_Ext_5245cc,PUR_IED_Isabel-II_Ext_5245cc,7,19,59,4.6336,-74.153
2026-09-12T22:11:11-05:00,PUR_IED_Isabel-II_S_idiom_1c29aa,PUR_IED_Isabel-II_S_idiom_1c29aa,,,,,
2026-09-12T22:11:11-05:00,PUR_IED_Isabel-II_S_infor_fd741,PUR_IED_Isabel-II_S_infor_fd741,,,,,
2026-09-12T22:11:11-05:00,PUR_IED_IsidroSur_Exterio_5b90ea,PUR_IED_IsidroSur_Exterio_5b90ea,,,,,
2026-09-12T22:11:11-05:00,PUR_IED_IsidroSur_LabTec_56697a,PUR_IED_IsidroSur_LabTec_56697a,,,,,
2026-09-12T22:11:11-05:00,PUR_IED_IsidroSur_Robotic_b7c38f,PUR_IED_IsidroSur_Robotic_b7c38f,,,,,
2026-09-12T22:11:11-05:00,PUR_IED_IsmaelPerd_Ext_7b6672,PUR_IED_IsmaelPerd_Ext_7b6672,,,,,
2026-09-12T22:11:11-05:00,PUR_IED_IsmaelPerd_Inform_306540,PUR_IED_IsmaelPerd_Inform_306540,,,,,
2026-09-12T22:11:11-05:00,PUR_IED_IsmaelPerd_S30_2e2c83,PUR_IED_IsmaelPerd_S30_2e2c83,,,,,
2026-09-12T22:11:11-05:00,PUR_IED_JLozano_Exter_432910,PUR_IED_JLozano_Exter_432910,,,,,
2026-09-12T22:11:11-05:00,PUR_IED_JLozano_salaMulti_df5125,PUR_IED_JLozano_salaMulti_df5125,,,,,
2026-09-12T22:11:11-05:00,PUR_IED_JMCordoba_206_86f80b,PUR_IED_JMCordoba_206_86f80b,,,,,
2026-09-12T22:11:11-05:00,PUR_IED_JMCordoba_Ext_27ad97,PUR_IED_JMCordoba_Ext_27ad97,,,,,
2026-09-12T22:11:11-05:00,PUR_IED_JMCordoba_S310_d59ab4,PUR_IED_JMCordoba_S310_d59ab4,,,,,
2026-09-12T22:11:11-05:00,PUR_IED_Japon_Ext_549100,PUR_IED_Japon_Ext_549100,,,,,
2026-09-12T22:11:11-05:00,PUR_IED_Japon_Laboratorio_bec51d,PUR_IED_Japon_Laboratorio_bec51d,,,,,
2026-09-12T22:11:11-05:00,PUR_IED_Japon_informatica_d99327,PUR_IED_Japon_informatica_d99327,,,,,
2026-09-12T22:11:11-05:00,PUR_IED_Jazmin_Ext_d27bda,PUR_IED_Jazmin_Ext_d27bda,,,,,
2026-09-12T22:11:11-05:00,PUR_IED_Jazmin_Fisica_8d14d7,PUR_IED_Jazmin_Fisica_8d14d7,,,,,
2026-09-12T22:11:11-05:00,PUR_IED_Jazmin_Quimica_801cb5,PUR_IED_Jazmin_Quimica_801cb5,,,,,
2026-09-12T22:11:11-05:00,PUR_IED_JorgeGaitan_Exter_f098d1,PUR_IED_JorgeGaitan_Exter_f098d1,,,,,
2026-09-12T22:11:11-05:00,PUR_IED_JorgeGaitan_STec1_dc9d1d,PUR_IED_JorgeGaitan_STec1_dc9d1d,,,,,
2026-09-12T22:11:11-05:00,PUR_IED_JorgeGaitan_STec2_281e69,PUR_IED_JorgeGaitan_STec2_281e69,,,,,
2026-09-12T22:11:11-05:00,PUR_IED_JorgeSoto_Exterio_d9d0a2,PUR_IED_JorgeSoto_Exterio_d9d0a2,,,,,
2026-09-12T22:11:11-05:00,PUR_IED_JorgeSoto_LabFisi_209c54,PUR_IED_JorgeSoto_LabFisi_209c54,,,,,
2026-09-12T22:11:11-05:00,PUR_IED_JorgeSoto_S103_27b51a,PUR_IED_JorgeSoto_S103_27b51a,,,,,
2026-09-12T22:11:11-05:00,PUR_IED_JoseAcevedo_A02_e965eb,PUR_IED_JoseAcevedo_A02_e965eb,,,,,
2026-09-12T22:11:11-05:00,PUR_IED_JoseAcevedo_A07_dd5b4,PUR_IED_JoseAcevedo_A07_dd5b4,,,,,
2026-09-12T22:11:11-05:00,PUR_IED_JoseAcevedo_Ext_b47484,PUR_IED_JoseAcevedo_Ext_b47484,,,,,
2026-09-12T22:11:11-05:00,PUR_IED_JoseMarti_Exte_5b9bf,PUR_IED_JoseMarti_Exte_5b9bf,,,,,
2026-09-12T22:11:11-05:00,PUR_IED_JoseMarti_LabQuim_1c6c2d,PUR_IED_JoseMarti_LabQuim_1c6c2d,,,,,
2026-09-12T22:11:11-05:00,PUR_IED_JoseMarti_S_info_f5f177,PUR_IED_JoseMarti_S_info_f5f177,,,,,
2026-09-12T22:11:11-05:00,PUR_IED_Josejoaquin_Ext_dfc5dc,PUR_IED_Josejoaquin_Ext_dfc5dc,,,,,
2026-09-12T22:11:11-05:00,PUR_IED_Josejoaquin_S05_5b2a96,PUR_IED_Josejoaquin_S05_5b2a96,,,,,
2026-09-12T22:11:11-05:00,PUR_IED_Josejoaquin_S06_1ce7d2,PUR_IED_Josejoaquin_S06_1ce7d2,,,,,
2026-09-12T22:11:11-05:00,PUR_IED_JulioFlorez_Danza_9b82dd,PUR_IED_JulioFlorez_Danza_9b82dd,,,,,
2026-09-12T22:11:11-05:00,PUR_IED_JulioFlorez_Exter_f9f314,PUR_IED_JulioFlorez_Exter_f9f314,,,,,
2026-09-12T22:11:11-05:00,PUR_IED_JulioFlorez_info2_6b6e08,PUR_IED_JulioFlorez_info2_6b6e08,,,,,
2026-09-12T22:11:11-05:00,PUR_IED_LaBelleza_Aula13_1d00d8,PUR_IED_LaBelleza_Aula13_1d00d8,,,,,
2026-09-12T22:11:11-05:00,PUR_IED_LaBelleza_Ext_7bc08c,PUR_IED_LaBelleza_Ext_7bc08c,,,,,
2026-09-12T22:11:11-05:00,PUR_IED_LaChucua_Ext_8cd6d2,PUR_IED_LaChucua_Ext_8cd6d2,,,,,
2026-09-12T22:11:11-05:00,PUR_IED_LaChucua_S15_f578ce,PUR_IED_LaChucua_S15_f578ce,,,,,
2026-09-12T22:11:11-05:00,PUR_IED_LaChucua_S16_eebcf9,PUR_IED_LaChucua_S16_eebcf9,,,,,
2026-09-12T22:11:11-05:00,PUR_IED_LaFelicidad_Ext_fb5109,PUR_IED_LaFelicidad_Ext_fb5109,,,,,
2026-09-12T22:11:11-05:00,PUR_IED_LaMerced_206_66ebd,PUR_IED_LaMerced_206_66ebd,,,,,
2026-09-12T22:11:11-05:00,PUR_IED_LaMerced_207_6ebd6,PUR_IED_LaMerced_207_6ebd6,,,,,
2026-09-12T22:11:11-05:00,PUR_IED_LaMerced_ext_304311,PUR_IED_LaMerced_ext_304311,,,,,
2026-09-12T22:11:11-05:00,PUR_IED_Laureano_CiencNat_281e5e,PUR_IED_Laureano_CiencNat_281e5e,,,,,
2026-09-12T22:11:11-05:00,PUR_IED_Laureano_Comedor_f65c0a,PUR_IED_Laureano_Comedor_f65c0a,,,,,
2026-09-12T22:11:11-05:00,PUR_IED_Laureano_Exterior_7ab011,PUR_IED_Laureano_Exterior_7ab011,,,,,
2026-09-12T22:11:11-05:00,PUR_IED_LeonGreiff_Exte_dfe560,PUR_IED_LeonGreiff_Exte_dfe560,,,,,
2026-09-12T22:11:11-05:00,PUR_IED_LeonGreiff_S210_f264ed,PUR_IED_LeonGreiff_S210_f264ed,,,,,
2026-09-12T22:11:11-05:00,PUR_IED_LeonGreiff_SQuimi_e8296f,PUR_IED_LeonGreiff_SQuimi_e8296f,,,,,
2026-09-12T22:11:11-05:00,PUR_IED_LlanoOrientalS208_7b9fcd,PUR_IED_LlanoOrientalS208_7b9fcd,,,,,
2026-09-12T22:11:11-05:00,PUR_IED_LlanoOriental_Ext_fb3766,PUR_IED_LlanoOriental_Ext_fb3766,,,,,
2026-09-12T22:11:11-05:00,PUR_IED_LlanoOriental_S208_7b9fcd,PUR_IED_LlanoOriental_S208_7b9fcd,,,,,
2026-09-12T22:11:11-05:00,PUR_IED_LlanoOriental_S9_27b378,PUR_IED_LlanoOriental_S9_27b378,,,,,
2026-09-12T22:11:11-05:00,PUR_IED_LosTejares_1101_477602,PUR_IED_LosTejares_1101_477602,,,,,
2026-09-12T22:11:11-05:00,PUR_IED_LosTejares_11_d2c595,PUR_IED_LosTejares_11_d2c595,,,,,
2026-09-12T22:11:11-05:00,PUR_IED_LosTejares_12_477602,PUR_IED_LosTejares_12_477602,,,,,
2026-09-12T22:11:11-05:00,PUR_IED_LosTejares_Ext_8e2115,PUR_IED_LosTejares_Ext_8e2115,,,,,
2026-09-12T22:11:11-05:00,PUR_IED_MagdalenaO_B202_5ddda3,PUR_IED_MagdalenaO_B202_5ddda3,,,,,
2026-09-12T22:11:11-05:00,PUR_IED_MagdalenaO_B205_fb76e8,PUR_IED_MagdalenaO_B205_fb76e8,,,,,
2026-09-12T22:11:11-05:00,PUR_IED_MagdalenaO_ext_dc69cd,PUR_IED_MagdalenaO_ext_dc69cd,,,,,
2026-09-12T22:11:11-05:00,PUR_IED_ManueCepeda_artes_eee956,PUR_IED_ManueCepeda_artes_eee956,,,,,
2026-09-12T22:11:11-05:00,PUR_IED_ManuelCepeda_Ext_58313,PUR_IED_ManuelCepeda_Ext_58313,,,,,
2026-09-12T22:11:11-05:00,PUR_IED_ManuelCepeda_tec_1c5731,PUR_IED_ManuelCepeda_tec_1c5731,,,,,
2026-09-12T22:11:11-05:00,PUR_IED_ManuelS_Exterior_5b269,PUR_IED_ManuelS_Exterior_5b269,,,,,
2026-09-12T22:11:11-05:00,PUR_IED_ManuelS_Inform_f369ce,PUR_IED_ManuelS_Inform_f369ce,,,,,
2026-09-12T22:11:11-05:00,PUR_IED_ManuelS_SArtes_7d15f1,PUR_IED_ManuelS_SArtes_7d15f1,,,,,
2026-09-12T22:11:11-05:00,PUR_IED_ManuelZapata_303_3ca6,PUR_IED_ManuelZapata_303_3ca6,,,,,
2026-09-12T22:11:11-05:00,PUR_IED_ManuelZapata_311_bfbabc,PUR_IED_ManuelZapata_311_bfbabc,,,,,
2026-09-12T22:11:11-05:00,PUR_IED_ManuelZapata_Ext_50824a,PUR_IED_ManuelZapata_Ext_50824a,,,,,
2026-09-12T22:11:11-05:00,PUR_IED_ManuelitaS_Exteri_656a92,PUR_IED_ManuelitaS_Exteri_656a92,,,,,
2026-09-12T22:11:11-05:00,PUR_IED_ManuelitaS_JuzgDe_f58ec3,PUR_IED_ManuelitaS_JuzgDe_f58ec3,,,,,
2026-09-12T22:11:11-05:00,PUR_IED_ManuelitaS_Recrea_d793db,PUR_IED_ManuelitaS_Recrea_d793db,,,,,
2026-09-12T22:11:11-05:00,PUR_IED_MarFidSuarez_Ext_c27b19,PUR_IED_MarFidSuarez_Ext_c27b19,,,,,
2026-09-12T22:11:11-05:00,PUR_IED_MarFidSuarez_Info_e384d7,PUR_IED_MarFidSuarez_Info_e384d7,,,,,
2026-09-12T22:11:11-05:00,PUR_IED_MarFidSuarez_S306_1d0032,PUR_IED_MarFidSuarez_S306_1d0032,,,,,
2026-09-12T22:11:11-05:00,PUR_IED_Menorah_301_2a25a3,PUR_IED_Menorah_301_2a25a3,,,,,
2026-09-12T22:11:11-05:00,PUR_IED_Menorah_306_37ed3,PUR_IED_Menorah_306_37ed3,,,,,
2026-09-12T22:11:11-05:00,PUR_IED_Menorah_Ext_3e155b,PUR_IED_Menorah_Ext_3e155b,,,,,
2026-09-12T22:11:11-05:00,PUR_IED_MinutoB.Aires_A11_1b1604,PUR_IED_MinutoB.Aires_A11_1b1604,,,,,
2026-09-12T22:11:11-05:00,PUR_IED_MinutoB.Aires_A12_fb5860,PUR_IED_MinutoB.Aires_A12_fb5860,,,,,
2026-09-12T22:11:11-05:00,PUR_IED_MinutoB.Aires_Ext_81293f,PUR_IED_MinutoB.Aires_Ext_81293f,,,,,
2026-09-12T22:11:11-05:00,PUR_IED_MinutoBAires_A11_1b1604,PUR_IED_MinutoBAires_A11_1b1604,,,,,
2026-09-12T22:11:11-05:00,PUR_IED_MinutoBAires_A12_fb5860,PUR_IED_MinutoBAires_A12_fb5860,,,,,
2026-09-12T22:11:11-05:00,PUR_IED_MinutoBAires_Ext_81293f,PUR_IED_MinutoBAires_Ext_81293f,,,,,
2026-09-12T22:11:11-05:00,PUR_IED_Montreal_Aula10_1e4959,PUR_IED_Montreal_Aula10_1e4959,,,,,
2026-09-12T22:11:11-05:00,PUR_IED_Montreal_Aula6_300367,PUR_IED_Montreal_Aula6_300367,,,,,
2026-09-12T22:11:11-05:00,PUR_IED_Montreal_Exterior_91a179,PUR_IED_Montreal_Exterior_91a179,,,,,
2026-09-12T22:11:11-05:00,PUR_IED_Mqgdalena_B202_5ddda3,PUR_IED_Mqgdalena_B202_5ddda3,,,,,
2026-09-12T22:11:11-05:00,PUR_IED_NACUND_Soc_dc8728,PUR_IED_NACUND_Soc_dc8728,,,,,
2026-09-12T22:11:11-05:00,PUR_IED_NACUND_ext_27ad97,PUR_IED_NACUND_ext_27ad97,,,,,
2026-09-12T22:11:11-05:00,PUR_IED_NEsperanza_Ext_d24b61,PUR_IED_NEsperanza_Ext_d24b61,,,,,
2026-09-12T22:11:11-05:00,PUR_IED_NEsperanza_SElect_7d1807,PUR_IED_NEsperanza_SElect_7d1807,,,,,
2026-09-12T22:11:11-05:00,PUR_IED_NEsperanza_SLabor_8b2d0a,PUR_IED_NEsperanza_SLabor_8b2d0a,,,,,
2026-09-12T22:11:11-05:00,PUR_IED_NacionesU_Ext_f661a9,PUR_IED_NacionesU_Ext_f661a9,,,,,
2026-09-12T22:11:11-05:00,PUR_IED_NacionesU_Quimica_66f0a,PUR_IED_NacionesU_Quimica_66f0a,,,,,
2026-09-12T22:11:11-05:00,PUR_IED_NacionesU_S306_1b4b3d,PUR_IED_NacionesU_S306_1b4b3d,,,,,
2026-09-12T22:11:11-05:00,PUR_IED_NestorFA_Ext_e4201c,PUR_IED_NestorFA_Ext_e4201c,,,,,
2026-09-12T22:11:11-05:00,PUR_IED_NestorFA_Laborato_f22fe0,PUR_IED_NestorFA_Laborato_f22fe0,,,,,
2026-09-12T22:11:11-05:00,PUR_IED_NestorFA_S204_dee996,PUR_IED_NestorFA_S204_dee996,,,,,
2026-09-12T22:11:11-05:00,PUR_IED_NidyaQT_Aula03_76999b,PUR_IED_NidyaQT_Aula03_76999b,,,,,
2026-09-12T22:11:11-05:00,PUR_IED_NidyaQT_Aula10_56325,PUR_IED_NidyaQT_Aula10_56325,,,,,
2026-09-12T22:11:11-05:00,PUR_IED_NidyaQT_Ext_46e32d,PUR_IED_NidyaQT_Ext_46e32d,,,,,
2026-09-12T22:11:11-05:00,PUR_IED_NuevaCol_Exterior_d9b859,PUR_IED_NuevaCol_Exterior_d9b859,,,,,
2026-09-12T22:11:11-05:00,PUR_IED_NuevaCol_S1101_76c43b,PUR_IED_NuevaCol_S1101_76c43b,,,,,
2026-09-12T22:11:11-05:00,PUR_IED_NuevaCol_S1102_1ce0b5,PUR_IED_NuevaCol_S1102_1ce0b5,,,,,
2026-09-12T22:11:11-05:00,PUR_IED_OEA_A202_f7e3f2,PUR_IED_OEA_A202_f7e3f2,,,,,
2026-09-12T22:11:11-05:00,PUR_IED_OEA_A203_7d1b8d,PUR_IED_OEA_A203_7d1b8d,,,,,
2026-09-12T22:11:11-05:00,PUR_IED_OEA_Ext_27b593,PUR_IED_OEA_Ext_27b593,,,,,
2026-09-12T22:11:11-05:00,PUR_IED_Ochoa_Ext_1c29da,PUR_IED_Ochoa_Ext_1c29da,,,,,
2026-09-12T22:11:11-05:00,PUR_IED_Ochoa_S205_8b1121,PUR_IED_Ochoa_S205_8b1121,,,,,
2026-09-12T22:11:11-05:00,PUR_IED_Ochoa_Sistemas_f33af6,PUR_IED_Ochoa_Sistemas_f33af6,,,,,
2026-09-12T22:11:11-05:00,PUR_IED_PQuebec_Ext_1c67c7,PUR_IED_PQuebec_Ext_1c67c7,,,,,
2026-09-12T22:11:11-05:00,PUR_IED_PQuebec_S15_23e8e2,PUR_IED_PQuebec_S15_23e8e2,,,,,
2026-09-12T22:11:11-05:00,PUR_IED_PQuebec_S16_8ec76b,PUR_IED_PQuebec_S16_8ec76b,,,,,
2026-09-12T22:11:11-05:00,PUR_IED_PabloN_Ext_49dc96,PUR_IED_PabloN_Ext_49dc96,,,,,
2026-09-12T22:11:11-05:00,PUR_IED_PabloN_S1102_4e3df5,PUR_IED_PabloN_S1102_4e3df5,,,,,
2026-09-12T22:11:11-05:00,PUR_IED_PabloN_S1103_50c94b,PUR_IED_PabloN_S1103_50c94b,,,,,
2026-09-12T22:11:11-05:00,PUR_IED_Palestina_S1101_db9198,PUR_IED_Palestina_S1101_db9198,,,,,
2026-09-12T22:11:11-05:00,PUR_IED_Palestina_S1102_dc54fa,PUR_IED_Palestina_S1102_dc54fa,,,,,
2026-09-12T22:11:11-05:00,PUR_IED_Palestina_ext_4ccce6,PUR_IED_Palestina_ext_4ccce6,,,,,
2026-09-12T22:11:11-05:00,PUR_IED_Panama_Fisica_4d0794,PUR_IED_Panama_Fisica_4d0794,,,,,
2026-09-12T22:11:11-05:00,PUR_IED_Panama_SIngles_a4077e,PUR_IED_Panama_SIngles_a4077e,,,,,
2026-09-12T22:11:11-05:00,PUR_IED_Panama_ext_4c54b4,PUR_IED_Panama_ext_4c54b4,,,,,
2026-09-12T22:11:11-05:00,PUR_IED_ParaisoM_Exterior_8cd7f0,PUR_IED_ParaisoM_Exterior_8cd7f0,,,,,
2026-09-12T22:11:11-05:00,PUR_IED_ParaisoM_Laborato_27af35,PUR_IED_ParaisoM_Laborato_27af35,,,,,
2026-09-12T22:11:11-05:00,PUR_IED_ParaisoM_S304_d1edca,PUR_IED_ParaisoM_S304_d1edca,,,,,
2026-09-12T22:11:11-05:00,PUR_IED_PorfirioBarba_Ext_301466,PUR_IED_PorfirioBarba_Ext_301466,,,,,
2026-09-12T22:11:11-05:00,PUR_IED_PorfirioBarba_S11_df6cd2,PUR_IED_PorfirioBarba_S11_df6cd2,,,,,
2026-09-12T22:11:11-05:00,PUR_IED_PorfirioBarba_S29_27a7d6,PUR_IED_PorfirioBarba_S29_27a7d6,,,,,
2026-09-12T22:11:11-05:00,PUR_IED_PradoV_Exter_8b27ad,PUR_IED_PradoV_Exter_8b27ad,,,,,
2026-09-12T22:11:11-05:00,PUR_IED_PradoV_S301_de65b5,PUR_IED_PradoV_S301_de65b5,,,,,
2026-09-12T22:11:11-05:00,PUR_IED_PradoV_S302_7d2593,PUR_IED_PradoV_S302_7d2593,,,,,
2026-09-12T22:11:11-05:00,PUR_IED_QuirogaAlz_Ext_1ddc82,PUR_IED_QuirogaAlz_Ext_1ddc82,,,,,
2026-09-12T22:11:11-05:00,PUR_IED_QuirogaAlz_S302_9926a3,PUR_IED_QuirogaAlz_S302_9926a3,,,,,
2026-09-12T22:11:11-05:00,PUR_IED_QuirogaAlz_S305_cdf1f1,PUR_IED_QuirogaAlz_S305_cdf1f1,,,,,
2026-09-12T22:11:11-05:00,PUR_IED_RGuatemala_Biling_dc53b7,PUR_IED_RGuatemala_Biling_dc53b7,,,,,
2026-09-12T22:11:11-05:00,PUR_IED_RGuatemala_Ext_1b89a3,PUR_IED_RGuatemala_Ext_1b89a3,,,,,
2026-09-12T22:11:11-05:00,PUR_IED_RGuatemala_Tecnol_281a34,PUR_IED_RGuatemala_Tecnol_281a34,,,,,
2026-09-12T22:11:11-05:00,PUR_IED_RafaNu_Ext_f7c302,PUR_IED_RafaNu_Ext_f7c302,,,,,
2026-09-12T22:11:11-05:00,PUR_IED_RafaNu_S1101_25fde,PUR_IED_RafaNu_S1101_25fde,,,,,
2026-09-12T22:11:11-05:00,PUR_IED_RafaNu_S1102_281517,PUR_IED_RafaNu_S1102_281517,,,,,
2026-09-12T22:11:11-05:00,PUR_IED_RafaelB_S305_ee2783,PUR_IED_RafaelB_S305_ee2783,,,,,
2026-09-12T22:11:11-05:00,PUR_IED_RafaelB_S306_75fe33,PUR_IED_RafaelB_S306_75fe33,,,,,
2026-09-12T22:11:11-05:00,PUR_IED_RafaelB_ext_283336,PUR_IED_RafaelB_ext_283336,3,18,62,4.6722,-74.0737
2026-09-12T22:11:11-05:00,PUR_IED_RafaelUU_Exterior_281a51,PUR_IED_RafaelUU_Exterior_281a51,,,,,
2026-09-12T22:11:11-05:00,PUR_IED_RafaelUU_Human_806b2,PUR_IED_RafaelUU_Human_806b2,,,,,
2026-09-12T22:11:11-05:00,PUR_IED_RafaelUU_Mate2_5680d4,PUR_IED_RafaelUU_Mate2_5680d4,,,,,
2026-09-12T22:11:11-05:00,PUR_IED_RamonSub_Ext_f9eeb9,PUR_IED_RamonSub_Ext_f9eeb9,,,,,
2026-09-12T22:11:11-05:00,PUR_IED_RamonSub_Media_d1f62f,PUR_IED_RamonSub_Media_d1f62f,,,,,
2026-09-12T22:11:11-05:00,PUR_IED_RamonSub_planta_51b82,PUR_IED_RamonSub_planta_51b82,,,,,
2026-09-12T22:11:11-05:00,PUR_IED_RepBoliVene_Exter_27af7c,PUR_IED_RepBoliVene_Exter_27af7c,,,,,
2026-09-12T22:11:11-05:00,PUR_IED_RepBoliVene_SCPT_5ae2ee,PUR_IED_RepBoliVene_SCPT_5ae2ee,,,,,
2026-09-12T22:11:11-05:00,PUR_IED_RepBoliVene_Socia_4b11d5,PUR_IED_RepBoliVene_Socia_4b11d5,,,,,
2026-09-12T22:11:11-05:00,PUR_IED_RepChina_Ext_76d9ee,PUR_IED_RepChina_Ext_76d9ee,,,,,
2026-09-12T22:11:11-05:00,PUR_IED_RepChina_S404_7c804c,PUR_IED_RepChina_S404_7c804c,,,,,
2026-09-12T22:11:11-05:00,PUR_IED_RepChina_S405_df2c33,PUR_IED_RepChina_S405_df2c33,,,,,
2026-09-12T22:11:11-05:00,PUR_IED_RepublicaC_Exteri_7d1ec9,PUR_IED_RepublicaC_Exteri_7d1ec9,,,,,
2026-09-12T22:11:11-05:00,PUR_IED_RepublicaC_S1101_f544b3,PUR_IED_RepublicaC_S1101_f544b3,,,,,
2026-09-12T22:11:11-05:00,PUR_IED_RepublicaC_S1102_7aafc7,PUR_IED_RepublicaC_S1102_7aafc7,,,,,
2026-09-12T22:11:11-05:00,PUR_IED_Ricaurte_Externo_a0ea1,PUR_IED_Ricaurte_Externo_a0ea1,,,,,
2026-09-12T22:11:11-05:00,PUR_IED_Ricaurte_S210_f546fd,PUR_IED_Ricaurte_S210_f546fd,,,,,
2026-09-12T22:11:11-05:00,PUR_IED_Ricaurte_S309_d4452,PUR_IED_Ricaurte_S309_d4452,,,,,
2026-09-12T22:11:11-05:00,PUR_IED_RogelioS_1102_531e69,PUR_IED_RogelioS_1102_531e69,,,,,
2026-09-12T22:11:11-05:00,PUR_IED_RogelioS_Ext_f25a18,PUR_IED_RogelioS_Ext_f25a18,,,,,
2026-09-12T22:11:11-05:00,PUR_IED_SBernardino_Ext_27aff8,PUR_IED_SBernardino_Ext_27aff8,,,,,
2026-09-12T22:11:11-05:00,PUR_IED_SBernardino_SArte_2ffd33,PUR_IED_SBernardino_SArte_2ffd33,,,,,
2026-09-12T22:11:11-05:00,PUR_IED_SBernardino_SIngl_7c7da5,PUR_IED_SBernardino_SIngl_7c7da5,,,,,
2026-09-12T22:11:11-05:00,PUR_IED_Sago_auditorio_dc9d1d,PUR_IED_Sago_auditorio_dc9d1d,,,,,
2026-09-12T22:11:11-05:00,PUR_IED_Saludcoop_Ext_95aac3,PUR_IED_Saludcoop_Ext_95aac3,,,,,
2026-09-12T22:11:11-05:00,PUR_IED_Saludcoop_InfI_90c854,PUR_IED_Saludcoop_InfI_90c854,,,,,
2026-09-12T22:11:11-05:00,PUR_IED_Saludcoop_SMedia_1b93be,PUR_IED_Saludcoop_SMedia_1b93be,,,,,
2026-09-12T22:11:11-05:00,PUR_IED_SanCarlos_1101_1a2360,PUR_IED_SanCarlos_1101_1a2360,,,,,
2026-09-12T22:11:11-05:00,PUR_IED_SanCarlos_1103_7bafb5,PUR_IED_SanCarlos_1103_7bafb5,,,,,
2026-09-12T22:11:11-05:00,PUR_IED_SanCarlos_Ext_b7cd1,PUR_IED_SanCarlos_Ext_b7cd1,,,,,
2026-09-12T22:11:11-05:00,PUR_IED_SanIgnacioBosa11a_50c26e,PUR_IED_SanIgnacioBosa11a_50c26e,,,,,
2026-09-12T22:11:11-05:00,PUR_IED_SanIgnacioBosa11b_371de8,PUR_IED_SanIgnacioBosa11b_371de8,,,,,
2026-09-12T22:11:11-05:00,PUR_IED_SanIgnacioBosaExt_ef0ffc,PUR_IED_SanIgnacioBosaExt_ef0ffc,,,,,
2026-09-12T22:11:11-05:00,PUR_IED_SanIgnacioBosa_11a_50c26e,PUR_IED_SanIgnacioBosa_11a_50c26e,,,,,
2026-09-12T22:11:11-05:00,PUR_IED_SanIgnacioBosa_Ext_ef0ffc,PUR_IED_SanIgnacioBosa_Ext_ef0ffc,,,,,
2026-09-12T22:11:11-05:00,PUR_IED_SanJoseN_intS1101_31c47f,PUR_IED_SanJoseN_intS1101_31c47f,,,,,
2026-09-12T22:11:11-05:00,PUR_IED_SanJoseUsm_Exter_f5d7e8,PUR_IED_SanJoseUsm_Exter_f5d7e8,,,,,
2026-09-12T22:11:11-05:00,PUR_IED_SanJoseUsm_Int11A_cfdef6,PUR_IED_SanJoseUsm_Int11A_cfdef6,,,,,
2026-09-12T22:11:11-05:00,PUR_IED_SilveriaR_IntB5_905349,PUR_IED_SilveriaR_IntB5_905349,,,,,
2026-09-12T22:11:11-05:00,PUR_IED_SilveriaR_IntSD14_981f93,PUR_IED_SilveriaR_IntSD14_981f93,,,,,
2026-09-12T22:11:11-05:00,PUR_IED_SilveriaR_ext_2b651d,PUR_IED_SilveriaR_ext_2b651d,,,,,
2026-09-12T22:11:11-05:00,PUR_IED_SimonB_Exterior_913975,PUR_IED_SimonB_Exterior_913975,,,,,
2026-09-12T22:11:11-05:00,PUR_IED_SimonB_LabQuimi_c56908,PUR_IED_SimonB_LabQuimi_c56908,,,,,
2026-09-12T22:11:11-05:00,PUR_IED_SimonB_informatic_a28c1,PUR_IED_SimonB_informatic_a28c1,,,,,
2026-09-12T22:11:11-05:00,PUR_IED_Sorrento_1102_315f50,PUR_IED_Sorrento_1102_315f50,,,,,
2026-09-12T22:11:11-05:00,PUR_IED_Sorrento_Minte_214eab,PUR_IED_Sorrento_Minte_214eab,,,,,
2026-09-12T22:11:11-05:00,PUR_IED_Sorrento_ext_7c3a0a,PUR_IED_Sorrento_ext_7c3a0a,,,,,
2026-09-12T22:11:11-05:00,PUR_IED_Tabora_Ext_f048ae,PUR_IED_Tabora_Ext_f048ae,,,,,
2026-09-12T22:11:11-05:00,PUR_IED_Tabora_S1102_b07752,PUR_IED_Tabora_S1102_b07752,,,,,
2026-09-12T22:11:11-05:00,PUR_IED_Tabora_S1103_d988f5,PUR_IED_Tabora_S1103_d988f5,,,,,
2026-09-12T22:11:11-05:00,PUR_IED_Tenerife_Ext_1ab188,PUR_IED_Tenerife_Ext_1ab188,,,,,
2026-09-12T22:11:11-05:00,PUR_IED_Tenerife_SDanzas_7bc02e,PUR_IED_Tenerife_SDanzas_7bc02e,,,,,
2026-09-12T22:11:11-05:00,PUR_IED_Tenerife_SIngles_7cc277,PUR_IED_Tenerife_SIngles_7cc277,,,,,
2026-09-12T22:11:11-05:00,PUR_IED_Tibabuyes_Exter_f2683d,PUR_IED_Tibabuyes_Exter_f2683d,,,,,
2026-09-12T22:11:11-05:00,PUR_IED_Tibabuyes_S10_dc87a8,PUR_IED_Tibabuyes_S10_dc87a8,,,,,
2026-09-12T22:11:11-05:00,PUR_IED_Tibabuyes_S15_dc0526,PUR_IED_Tibabuyes_S15_dc0526,,,,,
2026-09-12T22:11:11-05:00,PUR_IED_UnionE_S301_a1043,PUR_IED_UnionE_S301_a1043,,,,,
2026-09-12T22:11:11-05:00,PUR_IED_UnionE_S307_ff6c2f,PUR_IED_UnionE_S307_ff6c2f,,,,,
2026-09-12T22:11:11-05:00,PUR_IED_UnionE__Ext_5e2468,PUR_IED_UnionE__Ext_5e2468,,,,,
2026-09-12T22:11:11-05:00,PUR_IED_VillaRica_Ext_75be7c,PUR_IED_VillaRica_Ext_75be7c,,,,,
2026-09-12T22:11:11-05:00,PUR_IED_VillaRica_S4_cc5dcd,PUR_IED_VillaRica_S4_cc5dcd,,,,,
2026-09-12T22:11:11-05:00,PUR_IED_VillaRica_Sesp_99f5c,PUR_IED_VillaRica_Sesp_99f5c,,,,,
2026-09-12T22:16:05-05:00,PUR_IED_20deJulio_1101_91b1b9,PUR_IED_20deJulio_1101_91b1b9,,,,,
2026-09-12T22:16:05-05:00,PUR_IED_20deJulio_1102_1cfcf9,PUR_IED_20deJulio_1102_1cfcf9,,,,,
2026-09-12T22:16:05-05:00,PUR_IED_20deJulio_Ext_ab60bd,PUR_IED_20deJulio_Ext_ab60bd,,,,,
2026-09-12T22:16:05-05:00,PUR_IED_AgustinFer_Ext_7b9b77,PUR_IED_AgustinFer_Ext_7b9b77,,,,,
2026-09-12T22:16:05-05:00,PUR_IED_AgustinFer_Info2_27b3a7,PUR_IED_AgustinFer_Info2_27b3a7,,,,,
2026-09-12T22:16:05-05:00,PUR_IED_AgustinFer_Sena_54b4eb,PUR_IED_AgustinFer_Sena_54b4eb,,,,,
2026-09-12T22:16:05-05:00,PUR_IED_AlexanderF_1102_caf07b,PUR_IED_AlexanderF_1102_caf07b,,,,,
2026-09-12T22:16:05-05:00,PUR_IED_AlexanderF_1103_c79e71,PUR_IED_AlexanderF_1103_c79e71,,,,,
2026-09-12T22:16:05-05:00,PUR_IED_AlexanderF_Ext_c5b18b,PUR_IED_AlexanderF_Ext_c5b18b,,,,,
2026-09-12T22:16:05-05:00,PUR_IED_AlfonsoLopez_Ext_281d77,PUR_IED_AlfonsoLopez_Ext_281d77,,,,,
2026-09-12T22:16:05-05:00,PUR_IED_AlfonsoLopez_LabF_888ce0,PUR_IED_AlfonsoLopez_LabF_888ce0,,,,,
2026-09-12T22:16:05-05:00,PUR_IED_AlfonsoLopez_SMed_df6a7f,PUR_IED_AlfonsoLopez_SMed_df6a7f,,,,,
2026-09-12T22:16:05-05:00,PUR_IED_AltamiraSO_A2_209f92,PUR_IED_AltamiraSO_A2_209f92,,,,,
2026-09-12T22:16:05-05:00,PUR_IED_AltamiraSO_Ext_186d66,PUR_IED_AltamiraSO_Ext_186d66,,,,,
2026-09-12T22:16:05-05:00,PUR_IED_AltamiraSO_Sistem_27afe1,PUR_IED_AltamiraSO_Sistem_27afe1,,,,,
2026-09-12T22:16:05-05:00,PUR_IED_AlvaroGom_LabQuim_813179,PUR_IED_AlvaroGom_LabQuim_813179,,,,,
2026-09-12T22:16:05-05:00,PUR_IED_AlvaroGomez_Ext_47c7ca,PUR_IED_AlvaroGomez_Ext_47c7ca,,,,,
2026-09-12T22:16:05-05:00,PUR_IED_AlvaroGomez_LabQuim_813179,PUR_IED_AlvaroGomez_LabQuim_813179,,,,,
2026-09-12T22:16:05-05:00,PUR_IED_AlvaroGomez_S23_7ba89f,PUR_IED_AlvaroGomez_S23_7ba89f,,,,,
2026-09-12T22:16:05-05:00,PUR_IED_Amistad_306_dc8728,PUR_IED_Amistad_306_dc8728,,,,,
2026-09-12T22:16:05-05:00,PUR_IED_Amistad_Ext_8cd55e,PUR_IED_Amistad_Ext_8cd55e,,,,,
2026-09-12T22:16:05-05:00,PUR_IED_Amistad_S202_a41169,PUR_IED_Amistad_S202_a41169,,,,,
2026-09-12T22:16:05-05:00,PUR_IED_AndresBello_Bio_fd5f5e,PUR_IED_AndresBello_Bio_fd5f5e,,,,,
2026-09-12T22:16:05-05:00,PUR_IED_AndresBello_ext_dcad65,PUR_IED_AndresBello_ext_dcad65,,,,,
2026-09-12T22:16:05-05:00,PUR_IED_AndresBello_port_eed3ec,PUR_IED_AndresBello_port_eed3ec,,,,,
2026-09-12T22:16:05-05:00,PUR_IED_AngelaR_11b_d90a6b,PUR_IED_AngelaR_11b_d90a6b,,,,,
2026-09-12T22:16:05-05:00,PUR_IED_AngelaR_ext_7cad3e,PUR_IED_AngelaR_ext_7cad3e,,,,,
2026-09-12T22:16:05-05:00,PUR_IED_AntJoseSucre_10mo_df2575,PUR_IED_AntJoseSucre_10mo_df2575,,,,,
2026-09-12T22:16:05-05:00,PUR_IED_AntJoseSucre_Ext_215b36,PUR_IED_AntJoseSucre_Ext_215b36,,,,,
2026-09-12T22:16:05-05:00,PUR_IED_AntJoseSucre_Lab_3139de,PUR_IED_AntJoseSucre_Lab_3139de,,,,,
2026-09-12T22:16:05-05:00,PUR_IED_AntonioGarcia_301_d6b188,PUR_IED_AntonioGarcia_301_d6b188,,,,,
2026-09-12T22:16:05-05:00,PUR_IED_AntonioGarcia_302_88a82,PUR_IED_AntonioGarcia_302_88a82,,,,,
2026-09-12T22:16:05-05:00,PUR_IED_AntonioGarcia_Ext_20950c,PUR_IED_AntonioGarcia_Ext_20950c,,,,,
2026-09-12T22:16:05-05:00,PUR_IED_AntonioVan_Aula2_6dea02,PUR_IED_AntonioVan_Aula2_6dea02,,,,,
2026-09-12T22:16:05-05:00,PUR_IED_AntonioVan_Aula5_f1557e,PUR_IED_AntonioVan_Aula5_f1557e,,,,,
2026-09-12T22:16:05-05:00,PUR_IED_AntonioVan_Ext_406f2f,PUR_IED_AntonioVan_Ext_406f2f,,,,,
2026-09-12T22:16:05-05:00,PUR_IED_Atabanzha_Ext_cc5af9,PUR_IED_Atabanzha_Ext_cc5af9,,,,,
2026-09-12T22:16:05-05:00,PUR_IED_Atabanzha_SA101_56c37,PUR_IED_Atabanzha_SA101_56c37,,,,,
2026-09-12T22:16:05-05:00,PUR_IED_Atabanzha_SB302_27b374,PUR_IED_Atabanzha_SB302_27b374,,,,,
2026-09-12T22:16:05-05:00,PUR_IED_Atahualpa_Ext_fc1748,PUR_IED_Atahualpa_Ext_fc1748,,,,,
2026-09-12T22:16:05-05:00,PUR_IED_Atahualpa_Informa_dc9a95,PUR_IED_Atahualpa_Informa_dc9a95,,,,,
2026-09-12T22:16:05-05:00,PUR_IED_Atahualpa_S1101_f98056,PUR_IED_Atahualpa_S1101_f98056,,,,,
2026-09-12T22:16:05-05:00,PUR_IED_Bellavista_Ext_f5aa74,PUR_IED_Bellavista_Ext_f5aa74,,,,,
2026-09-12T22:16:05-05:00,PUR_IED_Bilbao_11A_916c41,PUR_IED_Bilbao_11A_916c41,,,,,
2026-09-12T22:16:05-05:00,PUR_IED_Bilbao_Ext_fb579a,PUR_IED_Bilbao_Ext_fb579a,,,,,
2026-09-12T22:16:05-05:00,PUR_IED_BrasiliaU_A125_304280,PUR_IED_BrasiliaU_A125_304280,,,,,
2026-09-12T22:16:05-05:00,PUR_IED_BrasiliaU_A203_7c8ca5,PUR_IED_BrasiliaU_A203_7c8ca5,,,,,
2026-09-12T22:16:05-05:00,PUR_IED_BrasiliaU_Ext_8d6e9f,PUR_IED_BrasiliaU_Ext_8d6e9f,7,17,63,4.5175,-74.116302
2026-09-12T22:16:05-05:00,PUR_IED_Brasilia_Ext_fe6593,PUR_IED_Brasilia_Ext_fe6593,,,,,
2026-09-12T22:16:05-05:00,PUR_IED_Brasilia_S24_7c130d,PUR_IED_Brasilia_S24_7c130d,,,,,
2026-09-12T22:16:05-05:00,PUR_IED_Brasilia_S501_186a54,PUR_IED_Brasilia_S501_186a54,,,,,
2026-09-12T22:16:05-05:00,PUR_IED_CHARRY_EXT_f1d5cd,PUR_IED_CHARRY_EXT_f1d5cd,,,,,
2026-09-12T22:16:05-05:00,PUR_IED_CHARRY_INTDANZAS_7a08e6,PUR_IED_CHARRY_INTDANZAS_7a08e6,,,,,
2026-09-12T22:16:05-05:00,PUR_IED_CHARRY_INT_AULA20_dc998d,PUR_IED_CHARRY_INT_AULA20_dc998d,,,,,
2026-09-12T22:16:05-05:00,PUR_IED_COLVIV_1101_S25_7f520a,PUR_IED_COLVIV_1101_S25_7f520a,,,,,
2026-09-12T22:16:05-05:00,PUR_IED_COLVIV_1102_S16_f570ba,PUR_IED_COLVIV_1102_S16_f570ba,,,,,
2026-09-12T22:16:05-05:00,PUR_IED_COLVIV_Ext_1a26fa,PUR_IED_COLVIV_Ext_1a26fa,,,,,
2026-09-12T22:16:05-05:00,PUR_IED_CULPOP_301A_f660f3,PUR_IED_CULPOP_301A_f660f3,,,,,
2026-09-12T22:16:05-05:00,PUR_IED_CULPOP_303_568afe,PUR_IED_CULPOP_303_568afe,,,,,
2026-09-12T22:16:05-05:00,PUR_IED_CULPOP_Ext_e02ccb,PUR_IED_CULPOP_Ext_e02ccb,,,,,
2026-09-12T22:16:05-05:00,PUR_IED_CVillavicen_Ext_26eb58,PUR_IED_CVillavicen_Ext_26eb58,6,15,77,4.487,-74.102798
2026-09-12T22:16:05-05:00,PUR_IED_CVillavicen_Intel_1ce5c2,PUR_IED_CVillavicen_Intel_1ce5c2,,,,,
2026-09-12T22:16:05-05:00,PUR_IED_CVillavicen_Poliv_e0766c,PUR_IED_CVillavicen_Poliv_e0766c,,,,,
2026-09-12T22:16:05-05:00,PUR_IED_CVillavicen_int_1ba140,PUR_IED_CVillavicen_int_1ba140,,,,,
2026-09-12T22:16:05-05:00,PUR_IED_CVillavicen_intel_1ba140,PUR_IED_CVillavicen_intel_1ba140,,,,,
2026-09-12T22:16:05-05:00,PUR_IED_CarlosPizarro_Ext_e307cc,PUR_IED_CarlosPizarro_Ext_e307cc,,,,,
2026-09-12T22:16:05-05:00,PUR_IED_CarlosPizarro_L36_7e5cdb,PUR_IED_CarlosPizarro_L36_7e5cdb,,,,,
2026-09-12T22:16:05-05:00,PUR_IED_CarlosPizarro_L37_c8566c,PUR_IED_CarlosPizarro_L37_c8566c,,,,,
2026-09-12T22:16:05-05:00,PUR_IED_Castilla_Ext_cf35f,PUR_IED_Castilla_Ext_cf35f,,,,,
2026-09-12T22:16:05-05:00,PUR_IED_Castilla_SFisik_360e38,PUR_IED_Castilla_SFisik_360e38,,,,,
2026-09-12T22:16:05-05:00,PUR_IED_Castilla_Sc304_496fbf,PUR_IED_Castilla_Sc304_496fbf,,,,,
2026-09-12T22:16:05-05:00,PUR_IED_CervantesSa_Ext_6b57b,PUR_IED_CervantesSa_Ext_6b57b,4,17,68,4.5128,-74.117203
2026-09-12T22:16:05-05:00,PUR_IED_CervantesSa_S107_225c2b,PUR_IED_CervantesSa_S107_225c2b,,,,,
2026-09-12T22:16:05-05:00,PUR_IED_CervantesSa_S108_940925,PUR_IED_CervantesSa_S108_940925,,,,,
2026-09-12T22:16:05-05:00,PUR_IED_Charry_A20_f53e7c,PUR_IED_Charry_A20_f53e7c,,,,,
2026-09-12T22:16:05-05:00,PUR_IED_Charry_Ext_f1d5cd,PUR_IED_Charry_Ext_f1d5cd,,,,,
2026-09-12T22:16:05-05:00,PUR_IED_Charry_IntAula20_dc998d,PUR_IED_Charry_IntAula20_dc998d,,,,,
2026-09-12T22:16:05-05:00,PUR_IED_Charry_IntDanzas_7a08e6,PUR_IED_Charry_IntDanzas_7a08e6,,,,,
2026-09-12T22:16:05-05:00,PUR_IED_ClememciaC_203_43e2fc,PUR_IED_ClememciaC_203_43e2fc,,,,,
2026-09-12T22:16:05-05:00,PUR_IED_ClememciaC_Ext_1b411a,PUR_IED_ClememciaC_Ext_1b411a,,,,,
2026-09-12T22:16:05-05:00,PUR_IED_ClememciaC_Quimic_44b5fc,PUR_IED_ClememciaC_Quimic_44b5fc,,,,,
2026-09-12T22:16:05-05:00,PUR_IED_ClemenciaC_203_43e2fc,PUR_IED_ClemenciaC_203_43e2fc,,,,,
2026-09-12T22:16:05-05:00,PUR_IED_ClemenciaC_Ext_1b411a,PUR_IED_ClemenciaC_Ext_1b411a,,,,,
2026-09-12T22:16:05-05:00,PUR_IED_ClemenciaC_Quimic_44b5fc,PUR_IED_ClemenciaC_Quimic_44b5fc,,,,,
2026-09-12T22:16:05-05:00,PUR_IED_ColViva_1101_S25_7f520a,PUR_IED_ColViva_1101_S25_7f520a,,,,,
2026-09-12T22:16:05-05:00,PUR_IED_ColViva_1102_S16_f570ba,PUR_IED_ColViva_1102_S16_f570ba,,,,,
2026-09-12T22:16:05-05:00,PUR_IED_ColViva_Ext_1a26fa,PUR_IED_ColViva_Ext_1a26fa,,,,,
2026-09-12T22:16:05-05:00,PUR_IED_ColegioBici_Asist_7c8798,PUR_IED_ColegioBici_Asist_7c8798,,,,,
2026-09-12T22:16:05-05:00,PUR_IED_ColegioBici_Ext_25cbf6,PUR_IED_ColegioBici_Ext_25cbf6,,,,,
2026-09-12T22:16:05-05:00,PUR_IED_ColegioBici_LabQ_7b57db,PUR_IED_ColegioBici_LabQ_7b57db,,,,,
2026-09-12T22:16:05-05:00,PUR_IED_CostaRica_Ext_5e640,PUR_IED_CostaRica_Ext_5e640,,,,,
2026-09-12T22:16:05-05:00,PUR_IED_CostaRica_Quim1_766d1c,PUR_IED_CostaRica_Quim1_766d1c,,,,,
2026-09-12T22:16:05-05:00,PUR_IED_CostaRica__Fisica_6f0873,PUR_IED_CostaRica__Fisica_6f0873,,,,,
2026-09-12T22:16:05-05:00,PUR_IED_CulPopu_301A_f660f3,PUR_IED_CulPopu_301A_f660f3,,,,,
2026-09-12T22:16:05-05:00,PUR_IED_CulPopu_303_568afe,PUR_IED_CulPopu_303_568afe,,,,,
2026-09-12T22:16:05-05:00,PUR_IED_CulPopu_Ext_e02ccb,PUR_IED_CulPopu_Ext_e02ccb,,,,,
2026-09-12T22:16:05-05:00,PUR_IED_Cundinamarca_Ext_f15985,PUR_IED_Cundinamarca_Ext_f15985,,,,,
2026-09-12T22:16:05-05:00,PUR_IED_Cundinamarca_Info_7aa5d7,PUR_IED_Cundinamarca_Info_7aa5d7,,,,,
2026-09-12T22:16:05-05:00,PUR_IED_Cundinamarca_Tec2_f449c7,PUR_IED_Cundinamarca_Tec2_f449c7,,,,,
2026-09-12T22:16:05-05:00,PUR_IED_DiegoM_Aula1_27b314,PUR_IED_DiegoM_Aula1_27b314,,,,,
2026-09-12T22:16:05-05:00,PUR_IED_DiegoM_Ext_d80ac8,PUR_IED_DiegoM_Ext_d80ac8,,,,,
2026-09-12T22:16:05-05:00,PUR_IED_DiegoM_S25_da928f,PUR_IED_DiegoM_S25_da928f,,,,,
2026-09-12T22:16:05-05:00,PUR_IED_ELRODEO_360881,PUR_IED_ELRODEO_360881,,,,,
2026-09-12T22:16:05-05:00,PUR_IED_ELRODEO_ext_360881,PUR_IED_ELRODEO_ext_360881,,,,,
2026-09-12T22:16:05-05:00,PUR_IED_EduardoU_Ext_1c1969,PUR_IED_EduardoU_Ext_1c1969,,,,,
2026-09-12T22:16:05-05:00,PUR_IED_EduardoU_SCiencia_4dfb94,PUR_IED_EduardoU_SCiencia_4dfb94,,,,,
2026-09-12T22:16:05-05:00,PUR_IED_EduardoU_SQuimica_5a46e7,PUR_IED_EduardoU_SQuimica_5a46e7,,,,,
2026-09-12T22:16:05-05:00,PUR_IED_ElRodeo_Aula14_676984,PUR_IED_ElRodeo_Aula14_676984,,,,,
2026-09-12T22:16:05-05:00,PUR_IED_ElRodeo_Aula16_2dd35b,PUR_IED_ElRodeo_Aula16_2dd35b,,,,,
2026-09-12T22:16:05-05:00,PUR_IED_ElRodeo_Ext_360881,PUR_IED_ElRodeo_Ext_360881,,,,,
2026-09-12T22:16:05-05:00,PUR_IED_ElRodeo_Exterior_8c6d28,PUR_IED_ElRodeo_Exterior_8c6d28,,,,,
2026-09-12T22:16:05-05:00,PUR_IED_ElRodeo_ext_360881,PUR_IED_ElRodeo_ext_360881,,,,,
2026-09-12T22:16:05-05:00,PUR_IED_EmmaReyes_Ext_987625,PUR_IED_EmmaReyes_Ext_987625,6,21,52,4.6367,-74.1511
2026-09-12T22:16:05-05:00,PUR_IED_Ensueño_Ext_7f0250,PUR_IED_Ensueño_Ext_7f0250,,,,,
2026-09-12T22:16:05-05:00,PUR_IED_EscNormal_Ext_5fef3b,PUR_IED_EscNormal_Ext_5fef3b,4,18,61,4.5852,-74.096901
2026-09-12T22:16:05-05:00,PUR_IED_EscNormal_S309_5b263,PUR_IED_EscNormal_S309_5b263,,,,,
2026-09-12T22:16:05-05:00,PUR_IED_EscNormal_S310_27b3b8,PUR_IED_EscNormal_S310_27b3b8,,,,,
2026-09-12T22:16:05-05:00,PUR_IED_Evangelista_Conta_f6cd4f,PUR_IED_Evangelista_Conta_f6cd4f,,,,,
2026-09-12T22:16:05-05:00,PUR_IED_Evangelista_Cri_5e16a,PUR_IED_Evangelista_Cri_5e16a,,,,,
2026-09-12T22:16:05-05:00,PUR_IED_Evangelista_Exter_754066,PUR_IED_Evangelista_Exter_754066,,,,,
2026-09-12T22:16:05-05:00,PUR_IED_FMiranda_S209_5cc2a3,PUR_IED_FMiranda_S209_5cc2a3,,,,,
2026-09-12T22:16:05-05:00,PUR_IED_FMiranda_S303_19e344,PUR_IED_FMiranda_S303_19e344,,,,,
2026-09-12T22:16:05-05:00,PUR_IED_FMiranda_ext_f53e7c,PUR_IED_FMiranda_ext_f53e7c,,,,,
2026-09-12T22:16:05-05:00,PUR_IED_FabioLozano_Bibli_1cee05,PUR_IED_FabioLozano_Bibli_1cee05,,,,,
2026-09-12T22:16:05-05:00,PUR_IED_FabioLozano_Ext_6ea285,PUR_IED_FabioLozano_Ext_6ea285,,,,,
2026-09-12T22:16:05-05:00,PUR_IED_FabioLozano_SLudi_f09e1e,PUR_IED_FabioLozano_SLudi_f09e1e,,,,,
2026-09-12T22:16:05-05:00,PUR_IED_FaustinoS_Aula07_27a731,PUR_IED_FaustinoS_Aula07_27a731,,,,,
2026-09-12T22:16:05-05:00,PUR_IED_FaustinoS_Ext_7b936f,PUR_IED_FaustinoS_Ext_7b936f,,,,,
2026-09-12T22:16:05-05:00,PUR_IED_FaustinoS_Fisica_da2c60,PUR_IED_FaustinoS_Fisica_da2c60,,,,,
2026-09-12T22:16:05-05:00,PUR_IED_FeGarciaLo_Ext_dc68ee,PUR_IED_FeGarciaLo_Ext_dc68ee,,,,,
2026-09-12T22:16:05-05:00,PUR_IED_FeGarciaLo_SDanza_f70a59,PUR_IED_FeGarciaLo_SDanza_f70a59,,,,,
2026-09-12T22:16:05-05:00,PUR_IED_FeGarciaLo_SMusic_125cdd,PUR_IED_FeGarciaLo_SMusic_125cdd,,,,,
2026-09-12T22:16:05-05:00,PUR_IED_FederalAlema_Exte_50c345,PUR_IED_FederalAlema_Exte_50c345,,,,,
2026-09-12T22:16:05-05:00,PUR_IED_FederalAlema_S31_f18371,PUR_IED_FederalAlema_S31_f18371,,,,,
2026-09-12T22:16:05-05:00,PUR_IED_FederalAlema_S901_a62cd,PUR_IED_FederalAlema_S901_a62cd,,,,,
2026-09-12T22:16:05-05:00,PUR_IED_FilarmonicaS_A5_f35eb1,PUR_IED_FilarmonicaS_A5_f35eb1,,,,,
2026-09-12T22:16:05-05:00,PUR_IED_FilarmonicaS_Ext_8a3bde,PUR_IED_FilarmonicaS_Ext_8a3bde,,,,,
2026-09-12T22:16:05-05:00,PUR_IED_FilarmonicaS_Spol_406114,PUR_IED_FilarmonicaS_Spol_406114,,,,,
2026-09-12T22:16:05-05:00,PUR_IED_FlorentinoG_A13_d1fa59,PUR_IED_FlorentinoG_A13_d1fa59,,,,,
2026-09-12T22:16:05-05:00,PUR_IED_FlorentinoG_Ext_1ce6ce,PUR_IED_FlorentinoG_Ext_1ce6ce,,,,,
2026-09-12T22:16:05-05:00,PUR_IED_FlorentinoG_Idiom_a66aac,PUR_IED_FlorentinoG_Idiom_a66aac,,,,,
2026-09-12T22:16:05-05:00,PUR_IED_FranciscoMati_Ext_e3869d,PUR_IED_FranciscoMati_Ext_e3869d,,,,,
2026-09-12T22:16:05-05:00,PUR_IED_FranciscoMati_S13_f31c67,PUR_IED_FranciscoMati_S13_f31c67,,,,,
2026-09-12T22:16:05-05:00,PUR_IED_FranciscoMati_S14_97dead,PUR_IED_FranciscoMati_S14_97dead,,,,,
2026-09-12T22:16:05-05:00,PUR_IED_FranciscoPS_Ext_7bfa9a,PUR_IED_FranciscoPS_Ext_7bfa9a,3,20,60,4.5899,-74.110397
2026-09-12T22:16:05-05:00,PUR_IED_FranciscoPS_Infor_fb8f4c,PUR_IED_FranciscoPS_Infor_fb8f4c,,,,,
2026-09-12T22:16:05-05:00,PUR_IED_FranciscoPS_Quimi_94d39c,PUR_IED_FranciscoPS_Quimi_94d39c,,,,,
2026-09-12T22:16:05-05:00,PUR_IED_FranciscoP_LabQ_d7e148,PUR_IED_FranciscoP_LabQ_d7e148,,,,,
2026-09-12T22:16:05-05:00,PUR_IED_FranciscoP_S28_cf9b30,PUR_IED_FranciscoP_S28_cf9b30,,,,,
2026-09-12T22:16:05-05:00,PUR_IED_FranciscoP_ext_e2313,PUR_IED_FranciscoP_ext_e2313,,,,,
2026-09-12T22:16:05-05:00,PUR_IED_FriederichN_Ext_8ac92a,PUR_IED_FriederichN_Ext_8ac92a,,,,,
2026-09-12T22:16:05-05:00,PUR_IED_FriederichN_S301_dd7e5a,PUR_IED_FriederichN_S301_dd7e5a,,,,,
2026-09-12T22:16:05-05:00,PUR_IED_FriederichN_S308_761f4f,PUR_IED_FriederichN_S308_761f4f,,,,,
2026-09-12T22:16:05-05:00,PUR_IED_GSantander_Aula10_533dd7,PUR_IED_GSantander_Aula10_533dd7,,,,,
2026-09-12T22:16:05-05:00,PUR_IED_GSantander_Aula12_fd4e4f,PUR_IED_GSantander_Aula12_fd4e4f,,,,,
2026-09-12T22:16:05-05:00,PUR_IED_GSantander_Aula310_533dd7,PUR_IED_GSantander_Aula310_533dd7,,,,,
2026-09-12T22:16:05-05:00,PUR_IED_GSantander_Aula312_fd4e4f,PUR_IED_GSantander_Aula312_fd4e4f,,,,,
2026-09-12T22:16:05-05:00,PUR_IED_GSantander_Ext_5f66b0,PUR_IED_GSantander_Ext_5f66b0,,,,,
2026-09-12T22:16:05-05:00,PUR_IED_GYomasa_Ext_f6bea5,PUR_IED_GYomasa_Ext_f6bea5,,,,,
2026-09-12T22:16:05-05:00,PUR_IED_GYomasa_LBiol_2c41aa,PUR_IED_GYomasa_LBiol_2c41aa,,,,,
2026-09-12T22:16:05-05:00,PUR_IED_GYomasa_LQuim_33c80,PUR_IED_GYomasa_LQuim_33c80,,,,,
2026-09-12T22:16:05-05:00,PUR_IED_GabBetMejia_Cienc_5a99c,PUR_IED_GabBetMejia_Cienc_5a99c,,,,,
2026-09-12T22:16:05-05:00,PUR_IED_GabBetMejia_Ext_9153d0,PUR_IED_GabBetMejia_Ext_9153d0,,,,,
2026-09-12T22:16:05-05:00,PUR_IED_GabBetMejia_Lab_f55347,PUR_IED_GabBetMejia_Lab_f55347,,,,,
2026-09-12T22:16:05-05:00,PUR_IED_GabBetanMejia_Ext_9153d0,PUR_IED_GabBetanMejia_Ext_9153d0,,,,,
2026-09-12T22:16:05-05:00,PUR_IED_Gaitana_Aula13_7aac11,PUR_IED_Gaitana_Aula13_7aac11,,,,,
2026-09-12T22:16:05-05:00,PUR_IED_Gaitana_Ext_5fcf4,PUR_IED_Gaitana_Ext_5fcf4,,,,,
2026-09-12T22:16:05-05:00,PUR_IED_Gaitana_LabFisica_644448,PUR_IED_Gaitana_LabFisica_644448,,,,,
2026-09-12T22:16:05-05:00,PUR_IED_GenSantander_Dise_8ac858,PUR_IED_GenSantander_Dise_8ac858,,,,,
2026-09-12T22:16:05-05:00,PUR_IED_GenSantander_Ext_8d5dfe,PUR_IED_GenSantander_Ext_8d5dfe,,,,,
2026-09-12T22:16:05-05:00,PUR_IED_GenSantander_Info_6c25b,PUR_IED_GenSantander_Info_6c25b,,,,,
2026-09-12T22:16:05-05:00,PUR_IED_GustavoMo_Exterio_75e63d,PUR_IED_GustavoMo_Exterio_75e63d,,,,,
2026-09-12T22:16:05-05:00,PUR_IED_GustavoMo_LabFisi_224d37,PUR_IED_GustavoMo_LabFisi_224d37,,,,,
2026-09-12T22:16:05-05:00,PUR_IED_GustavoMo_S208_3e6918,PUR_IED_GustavoMo_S208_3e6918,,,,,
2026-09-12T22:16:05-05:00,PUR_IED_GustavoR_A02_8cd4a8,PUR_IED_GustavoR_A02_8cd4a8,,,,,
2026-09-12T22:16:05-05:00,PUR_IED_GustavoR_B11_5b0ed,PUR_IED_GustavoR_B11_5b0ed,,,,,
2026-09-12T22:16:05-05:00,PUR_IED_GustavoR_Ext_7a0c90,PUR_IED_GustavoR_Ext_7a0c90,,,,,
2026-09-12T22:16:05-05:00,PUR_IED_HernandoDuran_Ext_8cd82b,PUR_IED_HernandoDuran_Ext_8cd82b,,,,,
2026-09-12T22:16:05-05:00,PUR_IED_HernandoDuran_S24_2772c6,PUR_IED_HernandoDuran_S24_2772c6,,,,,
2026-09-12T22:16:05-05:00,PUR_IED_HernandoDuran_S30_f2de41,PUR_IED_HernandoDuran_S30_f2de41,,,,,
2026-09-12T22:16:05-05:00,PUR_IED_HolguInUr_S1101_8cd732,PUR_IED_HolguInUr_S1101_8cd732,,,,,
2026-09-12T22:16:05-05:00,PUR_IED_HolguinUr_Exter_ddae6d,PUR_IED_HolguinUr_Exter_ddae6d,,,,,
2026-09-12T22:16:05-05:00,PUR_IED_HolguinUr_LabQuim_92b952,PUR_IED_HolguinUr_LabQuim_92b952,,,,,
2026-09-12T22:16:05-05:00,PUR_IED_Isabel-II_Ext_5245cc,PUR_IED_Isabel-II_Ext_5245cc,6,19,59,4.6336,-74.153
2026-09-12T22:16:05-05:00,PUR_IED_Isabel-II_S_idiom_1c29aa,PUR_IED_Isabel-II_S_idiom_1c29aa,,,,,
2026-09-12T22:16:05-05:00,PUR_IED_Isabel-II_S_infor_fd741,PUR_IED_Isabel-II_S_infor_fd741,,,,,
2026-09-12T22:16:05-05:00,PUR_IED_IsidroSur_Exterio_5b90ea,PUR_IED_IsidroSur_Exterio_5b90ea,,,,,
2026-09-12T22:16:05-05:00,PUR_IED_IsidroSur_LabTec_56697a,PUR_IED_IsidroSur_LabTec_56697a,,,,,
2026-09-12T22:16:05-05:00,PUR_IED_IsidroSur_Robotic_b7c38f,PUR_IED_IsidroSur_Robotic_b7c38f,,,,,
2026-09-12T22:16:05-05:00,PUR_IED_IsmaelPerd_Ext_7b6672,PUR_IED_IsmaelPerd_Ext_7b6672,,,,,
2026-09-12T22:16:05-05:00,PUR_IED_IsmaelPerd_Inform_306540,PUR_IED_IsmaelPerd_Inform_306540,,,,,
2026-09-12T22:16:05-05:00,PUR_IED_IsmaelPerd_S30_2e2c83,PUR_IED_IsmaelPerd_S30_2e2c83,,,,,
2026-09-12T22:16:05-05:00,PUR_IED_JLozano_Exter_432910,PUR_IED_JLozano_Exter_432910,,,,,
2026-09-12T22:16:05-05:00,PUR_IED_JLozano_salaMulti_df5125,PUR_IED_JLozano_salaMulti_df5125,,,,,
2026-09-12T22:16:05-05:00,PUR_IED_JMCordoba_206_86f80b,PUR_IED_JMCordoba_206_86f80b,,,,,
2026-09-12T22:16:05-05:00,PUR_IED_JMCordoba_Ext_27ad97,PUR_IED_JMCordoba_Ext_27ad97,,,,,
2026-09-12T22:16:05-05:00,PUR_IED_JMCordoba_S310_d59ab4,PUR_IED_JMCordoba_S310_d59ab4,,,,,
2026-09-12T22:16:05-05:00,PUR_IED_Japon_Ext_549100,PUR_IED_Japon_Ext_549100,,,,,
2026-09-12T22:16:05-05:00,PUR_IED_Japon_Laboratorio_bec51d,PUR_IED_Japon_Laboratorio_bec51d,,,,,
2026-09-12T22:16:05-05:00,PUR_IED_Japon_informatica_d99327,PUR_IED_Japon_informatica_d99327,,,,,
2026-09-12T22:16:05-05:00,PUR_IED_Jazmin_Ext_d27bda,PUR_IED_Jazmin_Ext_d27bda,,,,,
2026-09-12T22:16:05-05:00,PUR_IED_Jazmin_Fisica_8d14d7,PUR_IED_Jazmin_Fisica_8d14d7,,,,,
2026-09-12T22:16:05-05:00,PUR_IED_Jazmin_Quimica_801cb5,PUR_IED_Jazmin_Quimica_801cb5,,,,,
2026-09-12T22:16:05-05:00,PUR_IED_JorgeGaitan_Exter_f098d1,PUR_IED_JorgeGaitan_Exter_f098d1,,,,,
2026-09-12T22:16:05-05:00,PUR_IED_JorgeGaitan_STec1_dc9d1d,PUR_IED_JorgeGaitan_STec1_dc9d1d,,,,,
2026-09-12T22:16:05-05:00,PUR_IED_JorgeGaitan_STec2_281e69,PUR_IED_JorgeGaitan_STec2_281e69,,,,,
2026-09-12T22:16:05-05:00,PUR_IED_JorgeSoto_Exterio_d9d0a2,PUR_IED_JorgeSoto_Exterio_d9d0a2,,,,,
2026-09-12T22:16:05-05:00,PUR_IED_JorgeSoto_LabFisi_209c54,PUR_IED_JorgeSoto_LabFisi_209c54,,,,,
2026-09-12T22:16:05-05:00,PUR_IED_JorgeSoto_S103_27b51a,PUR_IED_JorgeSoto_S103_27b51a,,,,,
2026-09-12T22:16:05-05:00,PUR_IED_JoseAcevedo_A02_e965eb,PUR_IED_JoseAcevedo_A02_e965eb,,,,,
2026-09-12T22:16:05-05:00,PUR_IED_JoseAcevedo_A07_dd5b4,PUR_IED_JoseAcevedo_A07_dd5b4,,,,,
2026-09-12T22:16:05-05:00,PUR_IED_JoseAcevedo_Ext_b47484,PUR_IED_JoseAcevedo_Ext_b47484,,,,,
2026-09-12T22:16:05-05:00,PUR_IED_JoseMarti_Exte_5b9bf,PUR_IED_JoseMarti_Exte_5b9bf,,,,,
2026-09-12T22:16:05-05:00,PUR_IED_JoseMarti_LabQuim_1c6c2d,PUR_IED_JoseMarti_LabQuim_1c6c2d,,,,,
2026-09-12T22:16:05-05:00,PUR_IED_JoseMarti_S_info_f5f177,PUR_IED_JoseMarti_S_info_f5f177,,,,,
2026-09-12T22:16:05-05:00,PUR_IED_Josejoaquin_Ext_dfc5dc,PUR_IED_Josejoaquin_Ext_dfc5dc,,,,,
2026-09-12T22:16:05-05:00,PUR_IED_Josejoaquin_S05_5b2a96,PUR_IED_Josejoaquin_S05_5b2a96,,,,,
2026-09-12T22:16:05-05:00,PUR_IED_Josejoaquin_S06_1ce7d2,PUR_IED_Josejoaquin_S06_1ce7d2,,,,,
2026-09-12T22:16:05-05:00,PUR_IED_JulioFlorez_Danza_9b82dd,PUR_IED_JulioFlorez_Danza_9b82dd,,,,,
2026-09-12T22:16:05-05:00,PUR_IED_JulioFlorez_Exter_f9f314,PUR_IED_JulioFlorez_Exter_f9f314,,,,,
2026-09-12T22:16:05-05:00,PUR_IED_JulioFlorez_info2_6b6e08,PUR_IED_JulioFlorez_info2_6b6e08,,,,,
2026-09-12T22:16:05-05:00,PUR_IED_LaBelleza_Aula13_1d00d8,PUR_IED_LaBelleza_Aula13_1d00d8,,,,,
2026-09-12T22:16:05-05:00,PUR_IED_LaBelleza_Ext_7bc08c,PUR_IED_LaBelleza_Ext_7bc08c,,,,,
2026-09-12T22:16:05-05:00,PUR_IED_LaChucua_Ext_8cd6d2,PUR_IED_LaChucua_Ext_8cd6d2,,,,,
2026-09-12T22:16:05-05:00,PUR_IED_LaChucua_S15_f578ce,PUR_IED_LaChucua_S15_f578ce,,,,,
2026-09-12T22:16:05-05:00,PUR_IED_LaChucua_S16_eebcf9,PUR_IED_LaChucua_S16_eebcf9,,,,,
2026-09-12T22:16:05-05:00,PUR_IED_LaFelicidad_Ext_fb5109,PUR_IED_LaFelicidad_Ext_fb5109,,,,,
2026-09-12T22:16:05-05:00,PUR_IED_LaMerced_206_66ebd,PUR_IED_LaMerced_206_66ebd,,,,,
2026-09-12T22:16:05-05:00,PUR_IED_LaMerced_207_6ebd6,PUR_IED_LaMerced_207_6ebd6,,,,,
2026-09-12T22:16:05-05:00,PUR_IED_LaMerced_ext_304311,PUR_IED_LaMerced_ext_304311,,,,,
2026-09-12T22:16:05-05:00,PUR_IED_Laureano_CiencNat_281e5e,PUR_IED_Laureano_CiencNat_281e5e,,,,,
2026-09-12T22:16:05-05:00,PUR_IED_Laureano_Comedor_f65c0a,PUR_IED_Laureano_Comedor_f65c0a,,,,,
2026-09-12T22:16:05-05:00,PUR_IED_Laureano_Exterior_7ab011,PUR_IED_Laureano_Exterior_7ab011,,,,,
2026-09-12T22:16:05-05:00,PUR_IED_LeonGreiff_Exte_dfe560,PUR_IED_LeonGreiff_Exte_dfe560,,,,,
2026-09-12T22:16:05-05:00,PUR_IED_LeonGreiff_S210_f264ed,PUR_IED_LeonGreiff_S210_f264ed,,,,,
2026-09-12T22:16:05-05:00,PUR_IED_LeonGreiff_SQuimi_e8296f,PUR_IED_LeonGreiff_SQuimi_e8296f,,,,,
2026-09-12T22:16:05-05:00,PUR_IED_LlanoOrientalS208_7b9fcd,PUR_IED_LlanoOrientalS208_7b9fcd,,,,,
2026-09-12T22:16:05-05:00,PUR_IED_LlanoOriental_Ext_fb3766,PUR_IED_LlanoOriental_Ext_fb3766,,,,,
2026-09-12T22:16:05-05:00,PUR_IED_LlanoOriental_S208_7b9fcd,PUR_IED_LlanoOriental_S208_7b9fcd,,,,,
2026-09-12T22:16:05-05:00,PUR_IED_LlanoOriental_S9_27b378,PUR_IED_LlanoOriental_S9_27b378,,,,,
2026-09-12T22:16:05-05:00,PUR_IED_LosTejares_1101_477602,PUR_IED_LosTejares_1101_477602,,,,,
2026-09-12T22:16:05-05:00,PUR_IED_LosTejares_11_d2c595,PUR_IED_LosTejares_11_d2c595,,,,,
2026-09-12T22:16:05-05:00,PUR_IED_LosTejares_12_477602,PUR_IED_LosTejares_12_477602,,,,,
2026-09-12T22:16:05-05:00,PUR_IED_LosTejares_Ext_8e2115,PUR_IED_LosTejares_Ext_8e2115,,,,,
2026-09-12T22:16:05-05:00,PUR_IED_MagdalenaO_B202_5ddda3,PUR_IED_MagdalenaO_B202_5ddda3,,,,,
2026-09-12T22:16:05-05:00,PUR_IED_MagdalenaO_B205_fb76e8,PUR_IED_MagdalenaO_B205_fb76e8,,,,,
2026-09-12T22:16:05-05:00,PUR_IED_MagdalenaO_ext_dc69cd,PUR_IED_MagdalenaO_ext_dc69cd,,,,,
2026-09-12T22:16:05-05:00,PUR_IED_ManueCepeda_artes_eee956,PUR_IED_ManueCepeda_artes_eee956,,,,,
2026-09-12T22:16:05-05:00,PUR_IED_ManuelCepeda_Ext_58313,PUR_IED_ManuelCepeda_Ext_58313,,,,,
2026-09-12T22:16:05-05:00,PUR_IED_ManuelCepeda_tec_1c5731,PUR_IED_ManuelCepeda_tec_1c5731,,,,,
2026-09-12T22:16:05-05:00,PUR_IED_ManuelS_Exterior_5b269,PUR_IED_ManuelS_Exterior_5b269,,,,,
2026-09-12T22:16:05-05:00,PUR_IED_ManuelS_Inform_f369ce,PUR_IED_ManuelS_Inform_f369ce,,,,,
2026-09-12T22:16:05-05:00,PUR_IED_ManuelS_SArtes_7d15f1,PUR_IED_ManuelS_SArtes_7d15f1,,,,,
2026-09-12T22:16:05-05:00,PUR_IED_ManuelZapata_303_3ca6,PUR_IED_ManuelZapata_303_3ca6,,,,,
2026-09-12T22:16:05-05:00,PUR_IED_ManuelZapata_311_bfbabc,PUR_IED_ManuelZapata_311_bfbabc,,,,,
2026-09-12T22:16:05-05:00,PUR_IED_ManuelZapata_Ext_50824a,PUR_IED_ManuelZapata_Ext_50824a,,,,,
2026-09-12T22:16:05-05:00,PUR_IED_ManuelitaS_Exteri_656a92,PUR_IED_ManuelitaS_Exteri_656a92,,,,,
2026-09-12T22:16:05-05:00,PUR_IED_ManuelitaS_JuzgDe_f58ec3,PUR_IED_ManuelitaS_JuzgDe_f58ec3,,,,,
2026-09-12T22:16:05-05:00,PUR_IED_ManuelitaS_Recrea_d793db,PUR_IED_ManuelitaS_Recrea_d793db,,,,,
2026-09-12T22:16:05-05:00,PUR_IED_MarFidSuarez_Ext_c27b19,PUR_IED_MarFidSuarez_Ext_c27b19,,,,,
2026-09-12T22:16:05-05:00,PUR_IED_MarFidSuarez_Info_e384d7,PUR_IED_MarFidSuarez_Info_e384d7,,,,,
2026-09-12T22:16:05-05:00,PUR_IED_MarFidSuarez_S306_1d0032,PUR_IED_MarFidSuarez_S306_1d0032,,,,,
2026-09-12T22:16:05-05:00,PUR_IED_Menorah_301_2a25a3,PUR_IED_Menorah_301_2a25a3,,,,,
2026-09-12T22:16:05-05:00,PUR_IED_Menorah_306_37ed3,PUR_IED_Menorah_306_37ed3,,,,,
2026-09-12T22:16:05-05:00,PUR_IED_Menorah_Ext_3e155b,PUR_IED_Menorah_Ext_3e155b,,,,,
2026-09-12T22:16:05-05:00,PUR_IED_MinutoB.Aires_A11_1b1604,PUR_IED_MinutoB.Aires_A11_1b1604,,,,,
2026-09-12T22:16:05-05:00,PUR_IED_MinutoB.Aires_A12_fb5860,PUR_IED_MinutoB.Aires_A12_fb5860,,,,,
2026-09-12T22:16:05-05:00,PUR_IED_MinutoB.Aires_Ext_81293f,PUR_IED_MinutoB.Aires_Ext_81293f,,,,,
2026-09-12T22:16:05-05:00,PUR_IED_MinutoBAires_A11_1b1604,PUR_IED_MinutoBAires_A11_1b1604,,,,,
2026-09-12T22:16:05-05:00,PUR_IED_MinutoBAires_A12_fb5860,PUR_IED_MinutoBAires_A12_fb5860,,,,,
2026-09-12T22:16:05-05:00,PUR_IED_MinutoBAires_Ext_81293f,PUR_IED_MinutoBAires_Ext_81293f,,,,,
2026-09-12T22:16:05-05:00,PUR_IED_Montreal_Aula10_1e4959,PUR_IED_Montreal_Aula10_1e4959,,,,,
2026-09-12T22:16:05-05:00,PUR_IED_Montreal_Aula6_300367,PUR_IED_Montreal_Aula6_300367,,,,,
2026-09-12T22:16:05-05:00,PUR_IED_Montreal_Exterior_91a179,PUR_IED_Montreal_Exterior_91a179,,,,,
2026-09-12T22:16:05-05:00,PUR_IED_Mqgdalena_B202_5ddda3,PUR_IED_Mqgdalena_B202_5ddda3,,,,,
2026-09-12T22:16:05-05:00,PUR_IED_NACUND_Soc_dc8728,PUR_IED_NACUND_Soc_dc8728,,,,,
2026-09-12T22:16:05-05:00,PUR_IED_NACUND_ext_27ad97,PUR_IED_NACUND_ext_27ad97,,,,,
2026-09-12T22:16:05-05:00,PUR_IED_NEsperanza_Ext_d24b61,PUR_IED_NEsperanza_Ext_d24b61,,,,,
2026-09-12T22:16:05-05:00,PUR_IED_NEsperanza_SElect_7d1807,PUR_IED_NEsperanza_SElect_7d1807,,,,,
2026-09-12T22:16:05-05:00,PUR_IED_NEsperanza_SLabor_8b2d0a,PUR_IED_NEsperanza_SLabor_8b2d0a,,,,,
2026-09-12T22:16:05-05:00,PUR_IED_NacionesU_Ext_f661a9,PUR_IED_NacionesU_Ext_f661a9,,,,,
2026-09-12T22:16:05-05:00,PUR_IED_NacionesU_Quimica_66f0a,PUR_IED_NacionesU_Quimica_66f0a,,,,,
2026-09-12T22:16:05-05:00,PUR_IED_NacionesU_S306_1b4b3d,PUR_IED_NacionesU_S306_1b4b3d,,,,,
2026-09-12T22:16:05-05:00,PUR_IED_NestorFA_Ext_e4201c,PUR_IED_NestorFA_Ext_e4201c,,,,,
2026-09-12T22:16:05-05:00,PUR_IED_NestorFA_Laborato_f22fe0,PUR_IED_NestorFA_Laborato_f22fe0,,,,,
2026-09-12T22:16:05-05:00,PUR_IED_NestorFA_S204_dee996,PUR_IED_NestorFA_S204_dee996,,,,,
2026-09-12T22:16:05-05:00,PUR_IED_NidyaQT_Aula03_76999b,PUR_IED_NidyaQT_Aula03_76999b,,,,,
2026-09-12T22:16:05-05:00,PUR_IED_NidyaQT_Aula10_56325,PUR_IED_NidyaQT_Aula10_56325,,,,,
2026-09-12T22:16:05-05:00,PUR_IED_NidyaQT_Ext_46e32d,PUR_IED_NidyaQT_Ext_46e32d,,,,,
2026-09-12T22:16:05-05:00,PUR_IED_NuevaCol_Exterior_d9b859,PUR_IED_NuevaCol_Exterior_d9b859,,,,,
2026-09-12T22:16:05-05:00,PUR_IED_NuevaCol_S1101_76c43b,PUR_IED_NuevaCol_S1101_76c43b,,,,,
2026-09-12T22:16:05-05:00,PUR_IED_NuevaCol_S1102_1ce0b5,PUR_IED_NuevaCol_S1102_1ce0b5,,,,,
2026-09-12T22:16:05-05:00,PUR_IED_OEA_A202_f7e3f2,PUR_IED_OEA_A202_f7e3f2,,,,,
2026-09-12T22:16:05-05:00,PUR_IED_OEA_A203_7d1b8d,PUR_IED_OEA_A203_7d1b8d,,,,,
2026-09-12T22:16:05-05:00,PUR_IED_OEA_Ext_27b593,PUR_IED_OEA_Ext_27b593,,,,,
2026-09-12T22:16:05-05:00,PUR_IED_Ochoa_Ext_1c29da,PUR_IED_Ochoa_Ext_1c29da,,,,,
2026-09-12T22:16:05-05:00,PUR_IED_Ochoa_S205_8b1121,PUR_IED_Ochoa_S205_8b1121,,,,,
2026-09-12T22:16:05-05:00,PUR_IED_Ochoa_Sistemas_f33af6,PUR_IED_Ochoa_Sistemas_f33af6,,,,,
2026-09-12T22:16:05-05:00,PUR_IED_PQuebec_Ext_1c67c7,PUR_IED_PQuebec_Ext_1c67c7,,,,,
2026-09-12T22:16:05-05:00,PUR_IED_PQuebec_S15_23e8e2,PUR_IED_PQuebec_S15_23e8e2,,,,,
2026-09-12T22:16:05-05:00,PUR_IED_PQuebec_S16_8ec76b,PUR_IED_PQuebec_S16_8ec76b,,,,,
2026-09-12T22:16:05-05:00,PUR_IED_PabloN_Ext_49dc96,PUR_IED_PabloN_Ext_49dc96,,,,,
2026-09-12T22:16:05-05:00,PUR_IED_PabloN_S1102_4e3df5,PUR_IED_PabloN_S1102_4e3df5,,,,,
2026-09-12T22:16:05-05:00,PUR_IED_PabloN_S1103_50c94b,PUR_IED_PabloN_S1103_50c94b,,,,,
2026-09-12T22:16:05-05:00,PUR_IED_Palestina_S1101_db9198,PUR_IED_Palestina_S1101_db9198,,,,,
2026-09-12T22:16:05-05:00,PUR_IED_Palestina_S1102_dc54fa,PUR_IED_Palestina_S1102_dc54fa,,,,,
2026-09-12T22:16:05-05:00,PUR_IED_Palestina_ext_4ccce6,PUR_IED_Palestina_ext_4ccce6,,,,,
2026-09-12T22:16:05-05:00,PUR_IED_Panama_Fisica_4d0794,PUR_IED_Panama_Fisica_4d0794,,,,,
2026-09-12T22:16:05-05:00,PUR_IED_Panama_SIngles_a4077e,PUR_IED_Panama_SIngles_a4077e,,,,,
2026-09-12T22:16:05-05:00,PUR_IED_Panama_ext_4c54b4,PUR_IED_Panama_ext_4c54b4,,,,,
2026-09-12T22:16:05-05:00,PUR_IED_ParaisoM_Exterior_8cd7f0,PUR_IED_ParaisoM_Exterior_8cd7f0,,,,,
2026-09-12T22:16:05-05:00,PUR_IED_ParaisoM_Laborato_27af35,PUR_IED_ParaisoM_Laborato_27af35,,,,,
2026-09-12T22:16:05-05:00,PUR_IED_ParaisoM_S304_d1edca,PUR_IED_ParaisoM_S304_d1edca,,,,,
2026-09-12T22:16:05-05:00,PUR_IED_PorfirioBarba_Ext_301466,PUR_IED_PorfirioBarba_Ext_301466,,,,,
2026-09-12T22:16:05-05:00,PUR_IED_PorfirioBarba_S11_df6cd2,PUR_IED_PorfirioBarba_S11_df6cd2,,,,,
2026-09-12T22:16:05-05:00,PUR_IED_PorfirioBarba_S29_27a7d6,PUR_IED_PorfirioBarba_S29_27a7d6,,,,,
2026-09-12T22:16:05-05:00,PUR_IED_PradoV_Exter_8b27ad,PUR_IED_PradoV_Exter_8b27ad,,,,,
2026-09-12T22:16:05-05:00,PUR_IED_PradoV_S301_de65b5,PUR_IED_PradoV_S301_de65b5,,,,,
2026-09-12T22:16:05-05:00,PUR_IED_PradoV_S302_7d2593,PUR_IED_PradoV_S302_7d2593,,,,,
2026-09-12T22:16:05-05:00,PUR_IED_QuirogaAlz_Ext_1ddc82,PUR_IED_QuirogaAlz_Ext_1ddc82,,,,,
2026-09-12T22:16:05-05:00,PUR_IED_QuirogaAlz_S302_9926a3,PUR_IED_QuirogaAlz_S302_9926a3,,,,,
2026-09-12T22:16:05-05:00,PUR_IED_QuirogaAlz_S305_cdf1f1,PUR_IED_QuirogaAlz_S305_cdf1f1,,,,,
2026-09-12T22:16:05-05:00,PUR_IED_RGuatemala_Biling_dc53b7,PUR_IED_RGuatemala_Biling_dc53b7,,,,,
2026-09-12T22:16:05-05:00,PUR_IED_RGuatemala_Ext_1b89a3,PUR_IED_RGuatemala_Ext_1b89a3,,,,,
2026-09-12T22:16:05-05:00,PUR_IED_RGuatemala_Tecnol_281a34,PUR_IED_RGuatemala_Tecnol_281a34,,,,,
2026-09-12T22:16:05-05:00,PUR_IED_RafaNu_Ext_f7c302,PUR_IED_RafaNu_Ext_f7c302,,,,,
2026-09-12T22:16:05-05:00,PUR_IED_RafaNu_S1101_25fde,PUR_IED_RafaNu_S1101_25fde,,,,,
2026-09-12T22:16:05-05:00,PUR_IED_RafaNu_S1102_281517,PUR_IED_RafaNu_S1102_281517,,,,,
2026-09-12T22:16:05-05:00,PUR_IED_RafaelB_S305_ee2783,PUR_IED_RafaelB_S305_ee2783,,,,,
2026-09-12T22:16:05-05:00,PUR_IED_RafaelB_S306_75fe33,PUR_IED_RafaelB_S306_75fe33,,,,,
2026-09-12T22:16:05-05:00,PUR_IED_RafaelB_ext_283336,PUR_IED_RafaelB_ext_283336,3,18,62,4.6722,-74.0737
2026-09-12T22:16:05-05:00,PUR_IED_RafaelUU_Exterior_281a51,PUR_IED_RafaelUU_Exterior_281a51,,,,,
2026-09-12T22:16:05-05:00,PUR_IED_RafaelUU_Human_806b2,PUR_IED_RafaelUU_Human_806b2,,,,,
2026-09-12T22:16:05-05:00,PUR_IED_RafaelUU_Mate2_5680d4,PUR_IED_RafaelUU_Mate2_5680d4,,,,,
2026-09-12T22:16:05-05:00,PUR_IED_RamonSub_Ext_f9eeb9,PUR_IED_RamonSub_Ext_f9eeb9,,,,,
2026-09-12T22:16:05-05:00,PUR_IED_RamonSub_Media_d1f62f,PUR_IED_RamonSub_Media_d1f62f,,,,,
2026-09-12T22:16:05-05:00,PUR_IED_RamonSub_planta_51b82,PUR_IED_RamonSub_planta_51b82,,,,,
2026-09-12T22:16:05-05:00,PUR_IED_RepBoliVene_Exter_27af7c,PUR_IED_RepBoliVene_Exter_27af7c,,,,,
2026-09-12T22:16:05-05:00,PUR_IED_RepBoliVene_SCPT_5ae2ee,PUR_IED_RepBoliVene_SCPT_5ae2ee,,,,,
2026-09-12T22:16:05-05:00,PUR_IED_RepBoliVene_Socia_4b11d5,PUR_IED_RepBoliVene_Socia_4b11d5,,,,,
2026-09-12T22:16:05-05:00,PUR_IED_RepChina_Ext_76d9ee,PUR_IED_RepChina_Ext_76d9ee,,,,,
2026-09-12T22:16:05-05:00,PUR_IED_RepChina_S404_7c804c,PUR_IED_RepChina_S404_7c804c,,,,,
2026-09-12T22:16:05-05:00,PUR_IED_RepChina_S405_df2c33,PUR_IED_RepChina_S405_df2c33,,,,,
2026-09-12T22:16:05-05:00,PUR_IED_RepublicaC_Exteri_7d1ec9,PUR_IED_RepublicaC_Exteri_7d1ec9,,,,,
2026-09-12T22:16:05-05:00,PUR_IED_RepublicaC_S1101_f544b3,PUR_IED_RepublicaC_S1101_f544b3,,,,,
2026-09-12T22:16:05-05:00,PUR_IED_RepublicaC_S1102_7aafc7,PUR_IED_RepublicaC_S1102_7aafc7,,,,,
2026-09-12T22:16:05-05:00,PUR_IED_Ricaurte_Externo_a0ea1,PUR_IED_Ricaurte_Externo_a0ea1,,,,,
2026-09-12T22:16:05-05:00,PUR_IED_Ricaurte_S210_f546fd,PUR_IED_Ricaurte_S210_f546fd,,,,,
2026-09-12T22:16:05-05:00,PUR_IED_Ricaurte_S309_d4452,PUR_IED_Ricaurte_S309_d4452,,,,,
2026-09-12T22:16:05-05:00,PUR_IED_RogelioS_1102_531e69,PUR_IED_RogelioS_1102_531e69,,,,,
2026-09-12T22:16:05-05:00,PUR_IED_RogelioS_Ext_f25a18,PUR_IED_RogelioS_Ext_f25a18,,,,,
2026-09-12T22:16:05-05:00,PUR_IED_SBernardino_Ext_27aff8,PUR_IED_SBernardino_Ext_27aff8,,,,,
2026-09-12T22:16:05-05:00,PUR_IED_SBernardino_SArte_2ffd33,PUR_IED_SBernardino_SArte_2ffd33,,,,,
2026-09-12T22:16:05-05:00,PUR_IED_SBernardino_SIngl_7c7da5,PUR_IED_SBernardino_SIngl_7c7da5,,,,,
2026-09-12T22:16:05-05:00,PUR_IED_Sago_auditorio_dc9d1d,PUR_IED_Sago_auditorio_dc9d1d,,,,,
2026-09-12T22:16:05-05:00,PUR_IED_Saludcoop_Ext_95aac3,PUR_IED_Saludcoop_Ext_95aac3,,,,,
2026-09-12T22:16:05-05:00,PUR_IED_Saludcoop_InfI_90c854,PUR_IED_Saludcoop_InfI_90c854,,,,,
2026-09-12T22:16:05-05:00,PUR_IED_Saludcoop_SMedia_1b93be,PUR_IED_Saludcoop_SMedia_1b93be,,,,,
2026-09-12T22:16:05-05:00,PUR_IED_SanCarlos_1101_1a2360,PUR_IED_SanCarlos_1101_1a2360,,,,,
2026-09-12T22:16:05-05:00,PUR_IED_SanCarlos_1103_7bafb5,PUR_IED_SanCarlos_1103_7bafb5,,,,,
2026-09-12T22:16:05-05:00,PUR_IED_SanCarlos_Ext_b7cd1,PUR_IED_SanCarlos_Ext_b7cd1,,,,,
2026-09-12T22:16:05-05:00,PUR_IED_SanIgnacioBosa11a_50c26e,PUR_IED_SanIgnacioBosa11a_50c26e,,,,,
2026-09-12T22:16:05-05:00,PUR_IED_SanIgnacioBosa11b_371de8,PUR_IED_SanIgnacioBosa11b_371de8,,,,,
2026-09-12T22:16:05-05:00,PUR_IED_SanIgnacioBosaExt_ef0ffc,PUR_IED_SanIgnacioBosaExt_ef0ffc,,,,,
2026-09-12T22:16:05-05:00,PUR_IED_SanIgnacioBosa_11a_50c26e,PUR_IED_SanIgnacioBosa_11a_50c26e,,,,,
2026-09-12T22:16:05-05:00,PUR_IED_SanIgnacioBosa_Ext_ef0ffc,PUR_IED_SanIgnacioBosa_Ext_ef0ffc,,,,,
2026-09-12T22:16:05-05:00,PUR_IED_SanJoseN_intS1101_31c47f,PUR_IED_SanJoseN_intS1101_31c47f,,,,,
2026-09-12T22:16:05-05:00,PUR_IED_SanJoseUsm_Exter_f5d7e8,PUR_IED_SanJoseUsm_Exter_f5d7e8,,,,,
2026-09-12T22:16:05-05:00,PUR_IED_SanJoseUsm_Int11A_cfdef6,PUR_IED_SanJoseUsm_Int11A_cfdef6,,,,,
2026-09-12T22:16:05-05:00,PUR_IED_SilveriaR_IntB5_905349,PUR_IED_SilveriaR_IntB5_905349,,,,,
2026-09-12T22:16:05-05:00,PUR_IED_SilveriaR_IntSD14_981f93,PUR_IED_SilveriaR_IntSD14_981f93,,,,,
2026-09-12T22:16:05-05:00,PUR_IED_SilveriaR_ext_2b651d,PUR_IED_SilveriaR_ext_2b651d,,,,,
2026-09-12T22:16:05-05:00,PUR_IED_SimonB_Exterior_913975,PUR_IED_SimonB_Exterior_913975,,,,,
2026-09-12T22:16:05-05:00,PUR_IED_SimonB_LabQuimi_c56908,PUR_IED_SimonB_LabQuimi_c56908,,,,,
2026-09-12T22:16:05-05:00,PUR_IED_SimonB_informatic_a28c1,PUR_IED_SimonB_informatic_a28c1,,,,,
2026-09-12T22:16:05-05:00,PUR_IED_Sorrento_1102_315f50,PUR_IED_Sorrento_1102_315f50,,,,,
2026-09-12T22:16:05-05:00,PUR_IED_Sorrento_Minte_214eab,PUR_IED_Sorrento_Minte_214eab,,,,,
2026-09-12T22:16:05-05:00,PUR_IED_Sorrento_ext_7c3a0a,PUR_IED_Sorrento_ext_7c3a0a,,,,,
2026-09-12T22:16:05-05:00,PUR_IED_Tabora_Ext_f048ae,PUR_IED_Tabora_Ext_f048ae,,,,,
2026-09-12T22:16:05-05:00,PUR_IED_Tabora_S1102_b07752,PUR_IED_Tabora_S1102_b07752,,,,,
2026-09-12T22:16:05-05:00,PUR_IED_Tabora_S1103_d988f5,PUR_IED_Tabora_S1103_d988f5,,,,,
2026-09-12T22:16:05-05:00,PUR_IED_Tenerife_Ext_1ab188,PUR_IED_Tenerife_Ext_1ab188,,,,,
2026-09-12T22:16:05-05:00,PUR_IED_Tenerife_SDanzas_7bc02e,PUR_IED_Tenerife_SDanzas_7bc02e,,,,,
2026-09-12T22:16:05-05:00,PUR_IED_Tenerife_SIngles_7cc277,PUR_IED_Tenerife_SIngles_7cc277,,,,,
2026-09-12T22:16:05-05:00,PUR_IED_Tibabuyes_Exter_f2683d,PUR_IED_Tibabuyes_Exter_f2683d,,,,,
2026-09-12T22:16:05-05:00,PUR_IED_Tibabuyes_S10_dc87a8,PUR_IED_Tibabuyes_S10_dc87a8,,,,,
2026-09-12T22:16:05-05:00,PUR_IED_Tibabuyes_S15_dc0526,PUR_IED_Tibabuyes_S15_dc0526,,,,,
2026-09-12T22:16:05-05:00,PUR_IED_UnionE_S301_a1043,PUR_IED_UnionE_S301_a1043,,,,,
2026-09-12T22:16:05-05:00,PUR_IED_UnionE_S307_ff6c2f,PUR_IED_UnionE_S307_ff6c2f,,,,,
2026-09-12T22:16:05-05:00,PUR_IED_UnionE__Ext_5e2468,PUR_IED_UnionE__Ext_5e2468,,,,,
2026-09-12T22:16:05-05:00,PUR_IED_VillaRica_Ext_75be7c,PUR_IED_VillaRica_Ext_75be7c,,,,,
2026-09-12T22:16:05-05:00,PUR_IED_VillaRica_S4_cc5dcd,PUR_IED_VillaRica_S4_cc5dcd,,,,,
2026-09-12T22:16:05-05:00,PUR_IED_VillaRica_Sesp_99f5c,PUR_IED_VillaRica_Sesp_99f5c,,,,,
2026-09-12T22:21:08-05:00,PUR_IED_20deJulio_1101_91b1b9,PUR_IED_20deJulio_1101_91b1b9,,,,,
2026-09-12T22:21:08-05:00,PUR_IED_20deJulio_1102_1cfcf9,PUR_IED_20deJulio_1102_1cfcf9,,,,,
2026-09-12T22:21:08-05:00,PUR_IED_20deJulio_Ext_ab60bd,PUR_IED_20deJulio_Ext_ab60bd,,,,,
2026-09-12T22:21:08-05:00,PUR_IED_AgustinFer_Ext_7b9b77,PUR_IED_AgustinFer_Ext_7b9b77,,,,,
2026-09-12T22:21:08-05:00,PUR_IED_AgustinFer_Info2_27b3a7,PUR_IED_AgustinFer_Info2_27b3a7,,,,,
2026-09-12T22:21:08-05:00,PUR_IED_AgustinFer_Sena_54b4eb,PUR_IED_AgustinFer_Sena_54b4eb,,,,,
2026-09-12T22:21:08-05:00,PUR_IED_AlexanderF_1102_caf07b,PUR_IED_AlexanderF_1102_caf07b,,,,,
2026-09-12T22:21:08-05:00,PUR_IED_AlexanderF_1103_c79e71,PUR_IED_AlexanderF_1103_c79e71,,,,,
2026-09-12T22:21:08-05:00,PUR_IED_AlexanderF_Ext_c5b18b,PUR_IED_AlexanderF_Ext_c5b18b,,,,,
2026-09-12T22:21:08-05:00,PUR_IED_AlfonsoLopez_Ext_281d77,PUR_IED_AlfonsoLopez_Ext_281d77,,,,,
2026-09-12T22:21:08-05:00,PUR_IED_AlfonsoLopez_LabF_888ce0,PUR_IED_AlfonsoLopez_LabF_888ce0,,,,,
2026-09-12T22:21:08-05:00,PUR_IED_AlfonsoLopez_SMed_df6a7f,PUR_IED_AlfonsoLopez_SMed_df6a7f,,,,,
2026-09-12T22:21:08-05:00,PUR_IED_AltamiraSO_A2_209f92,PUR_IED_AltamiraSO_A2_209f92,,,,,
2026-09-12T22:21:08-05:00,PUR_IED_AltamiraSO_Ext_186d66,PUR_IED_AltamiraSO_Ext_186d66,,,,,
2026-09-12T22:21:08-05:00,PUR_IED_AltamiraSO_Sistem_27afe1,PUR_IED_AltamiraSO_Sistem_27afe1,,,,,
2026-09-12T22:21:08-05:00,PUR_IED_AlvaroGom_LabQuim_813179,PUR_IED_AlvaroGom_LabQuim_813179,,,,,
2026-09-12T22:21:08-05:00,PUR_IED_AlvaroGomez_Ext_47c7ca,PUR_IED_AlvaroGomez_Ext_47c7ca,,,,,
2026-09-12T22:21:08-05:00,PUR_IED_AlvaroGomez_LabQuim_813179,PUR_IED_AlvaroGomez_LabQuim_813179,,,,,
2026-09-12T22:21:08-05:00,PUR_IED_AlvaroGomez_S23_7ba89f,PUR_IED_AlvaroGomez_S23_7ba89f,,,,,
2026-09-12T22:21:08-05:00,PUR_IED_Amistad_306_dc8728,PUR_IED_Amistad_306_dc8728,,,,,
2026-09-12T22:21:08-05:00,PUR_IED_Amistad_Ext_8cd55e,PUR_IED_Amistad_Ext_8cd55e,,,,,
2026-09-12T22:21:08-05:00,PUR_IED_Amistad_S202_a41169,PUR_IED_Amistad_S202_a41169,,,,,
2026-09-12T22:21:08-05:00,PUR_IED_AndresBello_Bio_fd5f5e,PUR_IED_AndresBello_Bio_fd5f5e,,,,,
2026-09-12T22:21:08-05:00,PUR_IED_AndresBello_ext_dcad65,PUR_IED_AndresBello_ext_dcad65,,,,,
2026-09-12T22:21:08-05:00,PUR_IED_AndresBello_port_eed3ec,PUR_IED_AndresBello_port_eed3ec,,,,,
2026-09-12T22:21:08-05:00,PUR_IED_AngelaR_11b_d90a6b,PUR_IED_AngelaR_11b_d90a6b,,,,,
2026-09-12T22:21:08-05:00,PUR_IED_AngelaR_ext_7cad3e,PUR_IED_AngelaR_ext_7cad3e,3,19,62,4.5825,-74.164497
2026-09-12T22:21:08-05:00,PUR_IED_AntJoseSucre_10mo_df2575,PUR_IED_AntJoseSucre_10mo_df2575,,,,,
2026-09-12T22:21:08-05:00,PUR_IED_AntJoseSucre_Ext_215b36,PUR_IED_AntJoseSucre_Ext_215b36,,,,,
2026-09-12T22:21:08-05:00,PUR_IED_AntJoseSucre_Lab_3139de,PUR_IED_AntJoseSucre_Lab_3139de,,,,,
2026-09-12T22:21:08-05:00,PUR_IED_AntonioGarcia_301_d6b188,PUR_IED_AntonioGarcia_301_d6b188,,,,,
2026-09-12T22:21:08-05:00,PUR_IED_AntonioGarcia_302_88a82,PUR_IED_AntonioGarcia_302_88a82,,,,,
2026-09-12T22:21:08-05:00,PUR_IED_AntonioGarcia_Ext_20950c,PUR_IED_AntonioGarcia_Ext_20950c,,,,,
2026-09-12T22:21:08-05:00,PUR_IED_AntonioVan_Aula2_6dea02,PUR_IED_AntonioVan_Aula2_6dea02,,,,,
2026-09-12T22:21:08-05:00,PUR_IED_AntonioVan_Aula5_f1557e,PUR_IED_AntonioVan_Aula5_f1557e,,,,,
2026-09-12T22:21:08-05:00,PUR_IED_AntonioVan_Ext_406f2f,PUR_IED_AntonioVan_Ext_406f2f,,,,,
2026-09-12T22:21:08-05:00,PUR_IED_Atabanzha_Ext_cc5af9,PUR_IED_Atabanzha_Ext_cc5af9,,,,,
2026-09-12T22:21:08-05:00,PUR_IED_Atabanzha_SA101_56c37,PUR_IED_Atabanzha_SA101_56c37,,,,,
2026-09-12T22:21:08-05:00,PUR_IED_Atabanzha_SB302_27b374,PUR_IED_Atabanzha_SB302_27b374,,,,,
2026-09-12T22:21:08-05:00,PUR_IED_Atahualpa_Ext_fc1748,PUR_IED_Atahualpa_Ext_fc1748,,,,,
2026-09-12T22:21:08-05:00,PUR_IED_Atahualpa_Informa_dc9a95,PUR_IED_Atahualpa_Informa_dc9a95,,,,,
2026-09-12T22:21:08-05:00,PUR_IED_Atahualpa_S1101_f98056,PUR_IED_Atahualpa_S1101_f98056,,,,,
2026-09-12T22:21:08-05:00,PUR_IED_Bellavista_Ext_f5aa74,PUR_IED_Bellavista_Ext_f5aa74,,,,,
2026-09-12T22:21:08-05:00,PUR_IED_Bilbao_11A_916c41,PUR_IED_Bilbao_11A_916c41,,,,,
2026-09-12T22:21:08-05:00,PUR_IED_Bilbao_Ext_fb579a,PUR_IED_Bilbao_Ext_fb579a,,,,,
2026-09-12T22:21:08-05:00,PUR_IED_BrasiliaU_A125_304280,PUR_IED_BrasiliaU_A125_304280,,,,,
2026-09-12T22:21:08-05:00,PUR_IED_BrasiliaU_A203_7c8ca5,PUR_IED_BrasiliaU_A203_7c8ca5,,,,,
2026-09-12T22:21:08-05:00,PUR_IED_BrasiliaU_Ext_8d6e9f,PUR_IED_BrasiliaU_Ext_8d6e9f,7,17,63,4.5175,-74.116302
2026-09-12T22:21:08-05:00,PUR_IED_Brasilia_Ext_fe6593,PUR_IED_Brasilia_Ext_fe6593,,,,,
2026-09-12T22:21:08-05:00,PUR_IED_Brasilia_S24_7c130d,PUR_IED_Brasilia_S24_7c130d,,,,,
2026-09-12T22:21:08-05:00,PUR_IED_Brasilia_S501_186a54,PUR_IED_Brasilia_S501_186a54,,,,,
2026-09-12T22:21:08-05:00,PUR_IED_CHARRY_EXT_f1d5cd,PUR_IED_CHARRY_EXT_f1d5cd,,,,,
2026-09-12T22:21:08-05:00,PUR_IED_CHARRY_INTDANZAS_7a08e6,PUR_IED_CHARRY_INTDANZAS_7a08e6,,,,,
2026-09-12T22:21:08-05:00,PUR_IED_CHARRY_INT_AULA20_dc998d,PUR_IED_CHARRY_INT_AULA20_dc998d,,,,,
2026-09-12T22:21:08-05:00,PUR_IED_COLVIV_1101_S25_7f520a,PUR_IED_COLVIV_1101_S25_7f520a,,,,,
2026-09-12T22:21:08-05:00,PUR_IED_COLVIV_1102_S16_f570ba,PUR_IED_COLVIV_1102_S16_f570ba,,,,,
2026-09-12T22:21:08-05:00,PUR_IED_COLVIV_Ext_1a26fa,PUR_IED_COLVIV_Ext_1a26fa,,,,,
2026-09-12T22:21:08-05:00,PUR_IED_CULPOP_301A_f660f3,PUR_IED_CULPOP_301A_f660f3,,,,,
2026-09-12T22:21:08-05:00,PUR_IED_CULPOP_303_568afe,PUR_IED_CULPOP_303_568afe,,,,,
2026-09-12T22:21:08-05:00,PUR_IED_CULPOP_Ext_e02ccb,PUR_IED_CULPOP_Ext_e02ccb,,,,,
2026-09-12T22:21:08-05:00,PUR_IED_CVillavicen_Ext_26eb58,PUR_IED_CVillavicen_Ext_26eb58,5,15,78,4.487,-74.102798
2026-09-12T22:21:08-05:00,PUR_IED_CVillavicen_Intel_1ce5c2,PUR_IED_CVillavicen_Intel_1ce5c2,,,,,
2026-09-12T22:21:08-05:00,PUR_IED_CVillavicen_Poliv_e0766c,PUR_IED_CVillavicen_Poliv_e0766c,,,,,
2026-09-12T22:21:08-05:00,PUR_IED_CVillavicen_int_1ba140,PUR_IED_CVillavicen_int_1ba140,,,,,
2026-09-12T22:21:08-05:00,PUR_IED_CVillavicen_intel_1ba140,PUR_IED_CVillavicen_intel_1ba140,,,,,
2026-09-12T22:21:08-05:00,PUR_IED_CarlosPizarro_Ext_e307cc,PUR_IED_CarlosPizarro_Ext_e307cc,,,,,
2026-09-12T22:21:08-05:00,PUR_IED_CarlosPizarro_L36_7e5cdb,PUR_IED_CarlosPizarro_L36_7e5cdb,,,,,
2026-09-12T22:21:08-05:00,PUR_IED_CarlosPizarro_L37_c8566c,PUR_IED_CarlosPizarro_L37_c8566c,,,,,
2026-09-12T22:21:08-05:00,PUR_IED_Castilla_Ext_cf35f,PUR_IED_Castilla_Ext_cf35f,,,,,
2026-09-12T22:21:08-05:00,PUR_IED_Castilla_SFisik_360e38,PUR_IED_Castilla_SFisik_360e38,,,,,
2026-09-12T22:21:08-05:00,PUR_IED_Castilla_Sc304_496fbf,PUR_IED_Castilla_Sc304_496fbf,,,,,
2026-09-12T22:21:08-05:00,PUR_IED_CervantesSa_Ext_6b57b,PUR_IED_CervantesSa_Ext_6b57b,5,17,69,4.5128,-74.117203
2026-09-12T22:21:08-05:00,PUR_IED_CervantesSa_S107_225c2b,PUR_IED_CervantesSa_S107_225c2b,,,,,
2026-09-12T22:21:08-05:00,PUR_IED_CervantesSa_S108_940925,PUR_IED_CervantesSa_S108_940925,,,,,
2026-09-12T22:21:08-05:00,PUR_IED_Charry_A20_f53e7c,PUR_IED_Charry_A20_f53e7c,,,,,
2026-09-12T22:21:08-05:00,PUR_IED_Charry_Ext_f1d5cd,PUR_IED_Charry_Ext_f1d5cd,,,,,
2026-09-12T22:21:08-05:00,PUR_IED_Charry_IntAula20_dc998d,PUR_IED_Charry_IntAula20_dc998d,,,,,
2026-09-12T22:21:08-05:00,PUR_IED_Charry_IntDanzas_7a08e6,PUR_IED_Charry_IntDanzas_7a08e6,,,,,
2026-09-12T22:21:08-05:00,PUR_IED_ClememciaC_203_43e2fc,PUR_IED_ClememciaC_203_43e2fc,,,,,
2026-09-12T22:21:08-05:00,PUR_IED_ClememciaC_Ext_1b411a,PUR_IED_ClememciaC_Ext_1b411a,,,,,
2026-09-12T22:21:08-05:00,PUR_IED_ClememciaC_Quimic_44b5fc,PUR_IED_ClememciaC_Quimic_44b5fc,,,,,
2026-09-12T22:21:08-05:00,PUR_IED_ClemenciaC_203_43e2fc,PUR_IED_ClemenciaC_203_43e2fc,,,,,
2026-09-12T22:21:08-05:00,PUR_IED_ClemenciaC_Ext_1b411a,PUR_IED_ClemenciaC_Ext_1b411a,,,,,
2026-09-12T22:21:08-05:00,PUR_IED_ClemenciaC_Quimic_44b5fc,PUR_IED_ClemenciaC_Quimic_44b5fc,,,,,
2026-09-12T22:21:08-05:00,PUR_IED_ColViva_1101_S25_7f520a,PUR_IED_ColViva_1101_S25_7f520a,,,,,
2026-09-12T22:21:08-05:00,PUR_IED_ColViva_1102_S16_f570ba,PUR_IED_ColViva_1102_S16_f570ba,,,,,
2026-09-12T22:21:08-05:00,PUR_IED_ColViva_Ext_1a26fa,PUR_IED_ColViva_Ext_1a26fa,,,,,
2026-09-12T22:21:08-05:00,PUR_IED_ColegioBici_Asist_7c8798,PUR_IED_ColegioBici_Asist_7c8798,,,,,
2026-09-12T22:21:08-05:00,PUR_IED_ColegioBici_Ext_25cbf6,PUR_IED_ColegioBici_Ext_25cbf6,,,,,
2026-09-12T22:21:08-05:00,PUR_IED_ColegioBici_LabQ_7b57db,PUR_IED_ColegioBici_LabQ_7b57db,,,,,
2026-09-12T22:21:08-05:00,PUR_IED_CostaRica_Ext_5e640,PUR_IED_CostaRica_Ext_5e640,,,,,
2026-09-12T22:21:08-05:00,PUR_IED_CostaRica_Quim1_766d1c,PUR_IED_CostaRica_Quim1_766d1c,,,,,
2026-09-12T22:21:08-05:00,PUR_IED_CostaRica__Fisica_6f0873,PUR_IED_CostaRica__Fisica_6f0873,,,,,
2026-09-12T22:21:08-05:00,PUR_IED_CulPopu_301A_f660f3,PUR_IED_CulPopu_301A_f660f3,,,,,
2026-09-12T22:21:08-05:00,PUR_IED_CulPopu_303_568afe,PUR_IED_CulPopu_303_568afe,,,,,
2026-09-12T22:21:08-05:00,PUR_IED_CulPopu_Ext_e02ccb,PUR_IED_CulPopu_Ext_e02ccb,,,,,
2026-09-12T22:21:08-05:00,PUR_IED_Cundinamarca_Ext_f15985,PUR_IED_Cundinamarca_Ext_f15985,,,,,
2026-09-12T22:21:08-05:00,PUR_IED_Cundinamarca_Info_7aa5d7,PUR_IED_Cundinamarca_Info_7aa5d7,,,,,
2026-09-12T22:21:08-05:00,PUR_IED_Cundinamarca_Tec2_f449c7,PUR_IED_Cundinamarca_Tec2_f449c7,,,,,
2026-09-12T22:21:08-05:00,PUR_IED_DiegoM_Aula1_27b314,PUR_IED_DiegoM_Aula1_27b314,,,,,
2026-09-12T22:21:08-05:00,PUR_IED_DiegoM_Ext_d80ac8,PUR_IED_DiegoM_Ext_d80ac8,,,,,
2026-09-12T22:21:08-05:00,PUR_IED_DiegoM_S25_da928f,PUR_IED_DiegoM_S25_da928f,,,,,
2026-09-12T22:21:08-05:00,PUR_IED_ELRODEO_360881,PUR_IED_ELRODEO_360881,,,,,
2026-09-12T22:21:08-05:00,PUR_IED_ELRODEO_ext_360881,PUR_IED_ELRODEO_ext_360881,,,,,
2026-09-12T22:21:08-05:00,PUR_IED_EduardoU_Ext_1c1969,PUR_IED_EduardoU_Ext_1c1969,,,,,
2026-09-12T22:21:08-05:00,PUR_IED_EduardoU_SCiencia_4dfb94,PUR_IED_EduardoU_SCiencia_4dfb94,,,,,
2026-09-12T22:21:08-05:00,PUR_IED_EduardoU_SQuimica_5a46e7,PUR_IED_EduardoU_SQuimica_5a46e7,,,,,
2026-09-12T22:21:08-05:00,PUR_IED_ElRodeo_Aula14_676984,PUR_IED_ElRodeo_Aula14_676984,,,,,
2026-09-12T22:21:08-05:00,PUR_IED_ElRodeo_Aula16_2dd35b,PUR_IED_ElRodeo_Aula16_2dd35b,,,,,
2026-09-12T22:21:08-05:00,PUR_IED_ElRodeo_Ext_360881,PUR_IED_ElRodeo_Ext_360881,,,,,
2026-09-12T22:21:08-05:00,PUR_IED_ElRodeo_Exterior_8c6d28,PUR_IED_ElRodeo_Exterior_8c6d28,,,,,
2026-09-12T22:21:08-05:00,PUR_IED_ElRodeo_ext_360881,PUR_IED_ElRodeo_ext_360881,,,,,
2026-09-12T22:21:08-05:00,PUR_IED_EmmaReyes_Ext_987625,PUR_IED_EmmaReyes_Ext_987625,6,21,52,4.6367,-74.1511
2026-09-12T22:21:08-05:00,PUR_IED_Ensueño_Ext_7f0250,PUR_IED_Ensueño_Ext_7f0250,,,,,
2026-09-12T22:21:08-05:00,PUR_IED_EscNormal_Ext_5fef3b,PUR_IED_EscNormal_Ext_5fef3b,5,18,61,4.5852,-74.096901
2026-09-12T22:21:08-05:00,PUR_IED_EscNormal_S309_5b263,PUR_IED_EscNormal_S309_5b263,,,,,
2026-09-12T22:21:08-05:00,PUR_IED_EscNormal_S310_27b3b8,PUR_IED_EscNormal_S310_27b3b8,,,,,
2026-09-12T22:21:08-05:00,PUR_IED_Evangelista_Conta_f6cd4f,PUR_IED_Evangelista_Conta_f6cd4f,,,,,
2026-09-12T22:21:08-05:00,PUR_IED_Evangelista_Cri_5e16a,PUR_IED_Evangelista_Cri_5e16a,,,,,
2026-09-12T22:21:08-05:00,PUR_IED_Evangelista_Exter_754066,PUR_IED_Evangelista_Exter_754066,,,,,
2026-09-12T22:21:08-05:00,PUR_IED_FMiranda_S209_5cc2a3,PUR_IED_FMiranda_S209_5cc2a3,,,,,
2026-09-12T22:21:08-05:00,PUR_IED_FMiranda_S303_19e344,PUR_IED_FMiranda_S303_19e344,,,,,
2026-09-12T22:21:08-05:00,PUR_IED_FMiranda_ext_f53e7c,PUR_IED_FMiranda_ext_f53e7c,,,,,
2026-09-12T22:21:08-05:00,PUR_IED_FabioLozano_Bibli_1cee05,PUR_IED_FabioLozano_Bibli_1cee05,,,,,
2026-09-12T22:21:08-05:00,PUR_IED_FabioLozano_Ext_6ea285,PUR_IED_FabioLozano_Ext_6ea285,,,,,
2026-09-12T22:21:08-05:00,PUR_IED_FabioLozano_SLudi_f09e1e,PUR_IED_FabioLozano_SLudi_f09e1e,,,,,
2026-09-12T22:21:08-05:00,PUR_IED_FaustinoS_Aula07_27a731,PUR_IED_FaustinoS_Aula07_27a731,,,,,
2026-09-12T22:21:08-05:00,PUR_IED_FaustinoS_Ext_7b936f,PUR_IED_FaustinoS_Ext_7b936f,,,,,
2026-09-12T22:21:08-05:00,PUR_IED_FaustinoS_Fisica_da2c60,PUR_IED_FaustinoS_Fisica_da2c60,,,,,
2026-09-12T22:21:08-05:00,PUR_IED_FeGarciaLo_Ext_dc68ee,PUR_IED_FeGarciaLo_Ext_dc68ee,,,,,
2026-09-12T22:21:08-05:00,PUR_IED_FeGarciaLo_SDanza_f70a59,PUR_IED_FeGarciaLo_SDanza_f70a59,,,,,
2026-09-12T22:21:08-05:00,PUR_IED_FeGarciaLo_SMusic_125cdd,PUR_IED_FeGarciaLo_SMusic_125cdd,,,,,
2026-09-12T22:21:08-05:00,PUR_IED_FederalAlema_Exte_50c345,PUR_IED_FederalAlema_Exte_50c345,,,,,
2026-09-12T22:21:08-05:00,PUR_IED_FederalAlema_S31_f18371,PUR_IED_FederalAlema_S31_f18371,,,,,
2026-09-12T22:21:08-05:00,PUR_IED_FederalAlema_S901_a62cd,PUR_IED_FederalAlema_S901_a62cd,,,,,
2026-09-12T22:21:08-05:00,PUR_IED_FilarmonicaS_A5_f35eb1,PUR_IED_FilarmonicaS_A5_f35eb1,,,,,
2026-09-12T22:21:08-05:00,PUR_IED_FilarmonicaS_Ext_8a3bde,PUR_IED_FilarmonicaS_Ext_8a3bde,,,,,
2026-09-12T22:21:08-05:00,PUR_IED_FilarmonicaS_Spol_406114,PUR_IED_FilarmonicaS_Spol_406114,,,,,
2026-09-12T22:21:08-05:00,PUR_IED_FlorentinoG_A13_d1fa59,PUR_IED_FlorentinoG_A13_d1fa59,,,,,
2026-09-12T22:21:08-05:00,PUR_IED_FlorentinoG_Ext_1ce6ce,PUR_IED_FlorentinoG_Ext_1ce6ce,,,,,
2026-09-12T22:21:08-05:00,PUR_IED_FlorentinoG_Idiom_a66aac,PUR_IED_FlorentinoG_Idiom_a66aac,,,,,
2026-09-12T22:21:08-05:00,PUR_IED_FranciscoMati_Ext_e3869d,PUR_IED_FranciscoMati_Ext_e3869d,,,,,
2026-09-12T22:21:08-05:00,PUR_IED_FranciscoMati_S13_f31c67,PUR_IED_FranciscoMati_S13_f31c67,,,,,
2026-09-12T22:21:08-05:00,PUR_IED_FranciscoMati_S14_97dead,PUR_IED_FranciscoMati_S14_97dead,,,,,
2026-09-12T22:21:08-05:00,PUR_IED_FranciscoPS_Ext_7bfa9a,PUR_IED_FranciscoPS_Ext_7bfa9a,3,20,60,4.5899,-74.110397
2026-09-12T22:21:08-05:00,PUR_IED_FranciscoPS_Infor_fb8f4c,PUR_IED_FranciscoPS_Infor_fb8f4c,,,,,
2026-09-12T22:21:08-05:00,PUR_IED_FranciscoPS_Quimi_94d39c,PUR_IED_FranciscoPS_Quimi_94d39c,,,,,
2026-09-12T22:21:08-05:00,PUR_IED_FranciscoP_LabQ_d7e148,PUR_IED_FranciscoP_LabQ_d7e148,,,,,
2026-09-12T22:21:08-05:00,PUR_IED_FranciscoP_S28_cf9b30,PUR_IED_FranciscoP_S28_cf9b30,,,,,
2026-09-12T22:21:08-05:00,PUR_IED_FranciscoP_ext_e2313,PUR_IED_FranciscoP_ext_e2313,,,,,
2026-09-12T22:21:08-05:00,PUR_IED_FriederichN_Ext_8ac92a,PUR_IED_FriederichN_Ext_8ac92a,,,,,
2026-09-12T22:21:08-05:00,PUR_IED_FriederichN_S301_dd7e5a,PUR_IED_FriederichN_S301_dd7e5a,,,,,
2026-09-12T22:21:08-05:00,PUR_IED_FriederichN_S308_761f4f,PUR_IED_FriederichN_S308_761f4f,,,,,
2026-09-12T22:21:08-05:00,PUR_IED_GSantander_Aula10_533dd7,PUR_IED_GSantander_Aula10_533dd7,,,,,
2026-09-12T22:21:08-05:00,PUR_IED_GSantander_Aula12_fd4e4f,PUR_IED_GSantander_Aula12_fd4e4f,,,,,
2026-09-12T22:21:08-05:00,PUR_IED_GSantander_Aula310_533dd7,PUR_IED_GSantander_Aula310_533dd7,,,,,
2026-09-12T22:21:08-05:00,PUR_IED_GSantander_Aula312_fd4e4f,PUR_IED_GSantander_Aula312_fd4e4f,,,,,
2026-09-12T22:21:08-05:00,PUR_IED_GSantander_Ext_5f66b0,PUR_IED_GSantander_Ext_5f66b0,,,,,
2026-09-12T22:21:08-05:00,PUR_IED_GYomasa_Ext_f6bea5,PUR_IED_GYomasa_Ext_f6bea5,,,,,
2026-09-12T22:21:08-05:00,PUR_IED_GYomasa_LBiol_2c41aa,PUR_IED_GYomasa_LBiol_2c41aa,,,,,
2026-09-12T22:21:08-05:00,PUR_IED_GYomasa_LQuim_33c80,PUR_IED_GYomasa_LQuim_33c80,,,,,
2026-09-12T22:21:08-05:00,PUR_IED_GabBetMejia_Cienc_5a99c,PUR_IED_GabBetMejia_Cienc_5a99c,,,,,
2026-09-12T22:21:08-05:00,PUR_IED_GabBetMejia_Ext_9153d0,PUR_IED_GabBetMejia_Ext_9153d0,,,,,
2026-09-12T22:21:08-05:00,PUR_IED_GabBetMejia_Lab_f55347,PUR_IED_GabBetMejia_Lab_f55347,,,,,
2026-09-12T22:21:08-05:00,PUR_IED_GabBetanMejia_Ext_9153d0,PUR_IED_GabBetanMejia_Ext_9153d0,,,,,
2026-09-12T22:21:08-05:00,PUR_IED_Gaitana_Aula13_7aac11,PUR_IED_Gaitana_Aula13_7aac11,,,,,
2026-09-12T22:21:08-05:00,PUR_IED_Gaitana_Ext_5fcf4,PUR_IED_Gaitana_Ext_5fcf4,,,,,
2026-09-12T22:21:08-05:00,PUR_IED_Gaitana_LabFisica_644448,PUR_IED_Gaitana_LabFisica_644448,,,,,
2026-09-12T22:21:08-05:00,PUR_IED_GenSantander_Dise_8ac858,PUR_IED_GenSantander_Dise_8ac858,,,,,
2026-09-12T22:21:08-05:00,PUR_IED_GenSantander_Ext_8d5dfe,PUR_IED_GenSantander_Ext_8d5dfe,,,,,
2026-09-12T22:21:08-05:00,PUR_IED_GenSantander_Info_6c25b,PUR_IED_GenSantander_Info_6c25b,,,,,
2026-09-12T22:21:08-05:00,PUR_IED_GustavoMo_Exterio_75e63d,PUR_IED_GustavoMo_Exterio_75e63d,,,,,
2026-09-12T22:21:08-05:00,PUR_IED_GustavoMo_LabFisi_224d37,PUR_IED_GustavoMo_LabFisi_224d37,,,,,
2026-09-12T22:21:08-05:00,PUR_IED_GustavoMo_S208_3e6918,PUR_IED_GustavoMo_S208_3e6918,,,,,
2026-09-12T22:21:08-05:00,PUR_IED_GustavoR_A02_8cd4a8,PUR_IED_GustavoR_A02_8cd4a8,,,,,
2026-09-12T22:21:08-05:00,PUR_IED_GustavoR_B11_5b0ed,PUR_IED_GustavoR_B11_5b0ed,,,,,
2026-09-12T22:21:08-05:00,PUR_IED_GustavoR_Ext_7a0c90,PUR_IED_GustavoR_Ext_7a0c90,,,,,
2026-09-12T22:21:08-05:00,PUR_IED_HernandoDuran_Ext_8cd82b,PUR_IED_HernandoDuran_Ext_8cd82b,,,,,
2026-09-12T22:21:08-05:00,PUR_IED_HernandoDuran_S24_2772c6,PUR_IED_HernandoDuran_S24_2772c6,,,,,
2026-09-12T22:21:08-05:00,PUR_IED_HernandoDuran_S30_f2de41,PUR_IED_HernandoDuran_S30_f2de41,,,,,
2026-09-12T22:21:08-05:00,PUR_IED_HolguInUr_S1101_8cd732,PUR_IED_HolguInUr_S1101_8cd732,,,,,
2026-09-12T22:21:08-05:00,PUR_IED_HolguinUr_Exter_ddae6d,PUR_IED_HolguinUr_Exter_ddae6d,,,,,
2026-09-12T22:21:08-05:00,PUR_IED_HolguinUr_LabQuim_92b952,PUR_IED_HolguinUr_LabQuim_92b952,,,,,
2026-09-12T22:21:08-05:00,PUR_IED_Isabel-II_Ext_5245cc,PUR_IED_Isabel-II_Ext_5245cc,7,19,59,4.6336,-74.153
2026-09-12T22:21:08-05:00,PUR_IED_Isabel-II_S_idiom_1c29aa,PUR_IED_Isabel-II_S_idiom_1c29aa,,,,,
2026-09-12T22:21:08-05:00,PUR_IED_Isabel-II_S_infor_fd741,PUR_IED_Isabel-II_S_infor_fd741,,,,,
2026-09-12T22:21:08-05:00,PUR_IED_IsidroSur_Exterio_5b90ea,PUR_IED_IsidroSur_Exterio_5b90ea,,,,,
2026-09-12T22:21:08-05:00,PUR_IED_IsidroSur_LabTec_56697a,PUR_IED_IsidroSur_LabTec_56697a,,,,,
2026-09-12T22:21:08-05:00,PUR_IED_IsidroSur_Robotic_b7c38f,PUR_IED_IsidroSur_Robotic_b7c38f,,,,,
2026-09-12T22:21:08-05:00,PUR_IED_IsmaelPerd_Ext_7b6672,PUR_IED_IsmaelPerd_Ext_7b6672,,,,,
2026-09-12T22:21:08-05:00,PUR_IED_IsmaelPerd_Inform_306540,PUR_IED_IsmaelPerd_Inform_306540,,,,,
2026-09-12T22:21:08-05:00,PUR_IED_IsmaelPerd_S30_2e2c83,PUR_IED_IsmaelPerd_S30_2e2c83,,,,,
2026-09-12T22:21:08-05:00,PUR_IED_JLozano_Exter_432910,PUR_IED_JLozano_Exter_432910,,,,,
2026-09-12T22:21:08-05:00,PUR_IED_JLozano_salaMulti_df5125,PUR_IED_JLozano_salaMulti_df5125,,,,,
2026-09-12T22:21:08-05:00,PUR_IED_JMCordoba_206_86f80b,PUR_IED_JMCordoba_206_86f80b,,,,,
2026-09-12T22:21:08-05:00,PUR_IED_JMCordoba_Ext_27ad97,PUR_IED_JMCordoba_Ext_27ad97,,,,,
2026-09-12T22:21:08-05:00,PUR_IED_JMCordoba_S310_d59ab4,PUR_IED_JMCordoba_S310_d59ab4,,,,,
2026-09-12T22:21:08-05:00,PUR_IED_Japon_Ext_549100,PUR_IED_Japon_Ext_549100,,,,,
2026-09-12T22:21:08-05:00,PUR_IED_Japon_Laboratorio_bec51d,PUR_IED_Japon_Laboratorio_bec51d,,,,,
2026-09-12T22:21:08-05:00,PUR_IED_Japon_informatica_d99327,PUR_IED_Japon_informatica_d99327,,,,,
2026-09-12T22:21:08-05:00,PUR_IED_Jazmin_Ext_d27bda,PUR_IED_Jazmin_Ext_d27bda,,,,,
2026-09-12T22:21:08-05:00,PUR_IED_Jazmin_Fisica_8d14d7,PUR_IED_Jazmin_Fisica_8d14d7,,,,,
2026-09-12T22:21:08-05:00,PUR_IED_Jazmin_Quimica_801cb5,PUR_IED_Jazmin_Quimica_801cb5,,,,,
2026-09-12T22:21:08-05:00,PUR_IED_JorgeGaitan_Exter_f098d1,PUR_IED_JorgeGaitan_Exter_f098d1,,,,,
2026-09-12T22:21:08-05:00,PUR_IED_JorgeGaitan_STec1_dc9d1d,PUR_IED_JorgeGaitan_STec1_dc9d1d,,,,,
2026-09-12T22:21:08-05:00,PUR_IED_JorgeGaitan_STec2_281e69,PUR_IED_JorgeGaitan_STec2_281e69,,,,,
2026-09-12T22:21:08-05:00,PUR_IED_JorgeSoto_Exterio_d9d0a2,PUR_IED_JorgeSoto_Exterio_d9d0a2,,,,,
2026-09-12T22:21:08-05:00,PUR_IED_JorgeSoto_LabFisi_209c54,PUR_IED_JorgeSoto_LabFisi_209c54,,,,,
2026-09-12T22:21:08-05:00,PUR_IED_JorgeSoto_S103_27b51a,PUR_IED_JorgeSoto_S103_27b51a,,,,,
2026-09-12T22:21:08-05:00,PUR_IED_JoseAcevedo_A02_e965eb,PUR_IED_JoseAcevedo_A02_e965eb,,,,,
2026-09-12T22:21:08-05:00,PUR_IED_JoseAcevedo_A07_dd5b4,PUR_IED_JoseAcevedo_A07_dd5b4,,,,,
2026-09-12T22:21:08-05:00,PUR_IED_JoseAcevedo_Ext_b47484,PUR_IED_JoseAcevedo_Ext_b47484,,,,,
2026-09-12T22:21:08-05:00,PUR_IED_JoseMarti_Exte_5b9bf,PUR_IED_JoseMarti_Exte_5b9bf,,,,,
2026-09-12T22:21:08-05:00,PUR_IED_JoseMarti_LabQuim_1c6c2d,PUR_IED_JoseMarti_LabQuim_1c6c2d,,,,,
2026-09-12T22:21:08-05:00,PUR_IED_JoseMarti_S_info_f5f177,PUR_IED_JoseMarti_S_info_f5f177,,,,,
2026-09-12T22:21:08-05:00,PUR_IED_Josejoaquin_Ext_dfc5dc,PUR_IED_Josejoaquin_Ext_dfc5dc,,,,,
2026-09-12T22:21:08-05:00,PUR_IED_Josejoaquin_S05_5b2a96,PUR_IED_Josejoaquin_S05_5b2a96,,,,,
2026-09-12T22:21:08-05:00,PUR_IED_Josejoaquin_S06_1ce7d2,PUR_IED_Josejoaquin_S06_1ce7d2,,,,,
2026-09-12T22:21:08-05:00,PUR_IED_JulioFlorez_Danza_9b82dd,PUR_IED_JulioFlorez_Danza_9b82dd,,,,,
2026-09-12T22:21:08-05:00,PUR_IED_JulioFlorez_Exter_f9f314,PUR_IED_JulioFlorez_Exter_f9f314,,,,,
2026-09-12T22:21:08-05:00,PUR_IED_JulioFlorez_info2_6b6e08,PUR_IED_JulioFlorez_info2_6b6e08,,,,,
2026-09-12T22:21:08-05:00,PUR_IED_LaBelleza_Aula13_1d00d8,PUR_IED_LaBelleza_Aula13_1d00d8,,,,,
2026-09-12T22:21:08-05:00,PUR_IED_LaBelleza_Ext_7bc08c,PUR_IED_LaBelleza_Ext_7bc08c,,,,,
2026-09-12T22:21:08-05:00,PUR_IED_LaChucua_Ext_8cd6d2,PUR_IED_LaChucua_Ext_8cd6d2,,,,,
2026-09-12T22:21:08-05:00,PUR_IED_LaChucua_S15_f578ce,PUR_IED_LaChucua_S15_f578ce,,,,,
2026-09-12T22:21:08-05:00,PUR_IED_LaChucua_S16_eebcf9,PUR_IED_LaChucua_S16_eebcf9,,,,,
2026-09-12T22:21:08-05:00,PUR_IED_LaFelicidad_Ext_fb5109,PUR_IED_LaFelicidad_Ext_fb5109,,,,,
2026-09-12T22:21:08-05:00,PUR_IED_LaMerced_206_66ebd,PUR_IED_LaMerced_206_66ebd,,,,,
2026-09-12T22:21:08-05:00,PUR_IED_LaMerced_207_6ebd6,PUR_IED_LaMerced_207_6ebd6,,,,,
2026-09-12T22:21:08-05:00,PUR_IED_LaMerced_ext_304311,PUR_IED_LaMerced_ext_304311,,,,,
2026-09-12T22:21:08-05:00,PUR_IED_Laureano_CiencNat_281e5e,PUR_IED_Laureano_CiencNat_281e5e,,,,,
2026-09-12T22:21:08-05:00,PUR_IED_Laureano_Comedor_f65c0a,PUR_IED_Laureano_Comedor_f65c0a,,,,,
2026-09-12T22:21:08-05:00,PUR_IED_Laureano_Exterior_7ab011,PUR_IED_Laureano_Exterior_7ab011,,,,,
2026-09-12T22:21:08-05:00,PUR_IED_LeonGreiff_Exte_dfe560,PUR_IED_LeonGreiff_Exte_dfe560,,,,,
2026-09-12T22:21:08-05:00,PUR_IED_LeonGreiff_S210_f264ed,PUR_IED_LeonGreiff_S210_f264ed,,,,,
2026-09-12T22:21:08-05:00,PUR_IED_LeonGreiff_SQuimi_e8296f,PUR_IED_LeonGreiff_SQuimi_e8296f,,,,,
2026-09-12T22:21:08-05:00,PUR_IED_LlanoOrientalS208_7b9fcd,PUR_IED_LlanoOrientalS208_7b9fcd,,,,,
2026-09-12T22:21:08-05:00,PUR_IED_LlanoOriental_Ext_fb3766,PUR_IED_LlanoOriental_Ext_fb3766,,,,,
2026-09-12T22:21:08-05:00,PUR_IED_LlanoOriental_S208_7b9fcd,PUR_IED_LlanoOriental_S208_7b9fcd,,,,,
2026-09-12T22:21:08-05:00,PUR_IED_LlanoOriental_S9_27b378,PUR_IED_LlanoOriental_S9_27b378,,,,,
2026-09-12T22:21:08-05:00,PUR_IED_LosTejares_1101_477602,PUR_IED_LosTejares_1101_477602,,,,,
2026-09-12T22:21:08-05:00,PUR_IED_LosTejares_11_d2c595,PUR_IED_LosTejares_11_d2c595,,,,,
2026-09-12T22:21:08-05:00,PUR_IED_LosTejares_12_477602,PUR_IED_LosTejares_12_477602,,,,,
2026-09-12T22:21:08-05:00,PUR_IED_LosTejares_Ext_8e2115,PUR_IED_LosTejares_Ext_8e2115,,,,,
2026-09-12T22:21:08-05:00,PUR_IED_MagdalenaO_B202_5ddda3,PUR_IED_MagdalenaO_B202_5ddda3,,,,,
2026-09-12T22:21:08-05:00,PUR_IED_MagdalenaO_B205_fb76e8,PUR_IED_MagdalenaO_B205_fb76e8,,,,,
2026-09-12T22:21:08-05:00,PUR_IED_MagdalenaO_ext_dc69cd,PUR_IED_MagdalenaO_ext_dc69cd,,,,,
2026-09-12T22:21:08-05:00,PUR_IED_ManueCepeda_artes_eee956,PUR_IED_ManueCepeda_artes_eee956,,,,,
2026-09-12T22:21:08-05:00,PUR_IED_ManuelCepeda_Ext_58313,PUR_IED_ManuelCepeda_Ext_58313,,,,,
2026-09-12T22:21:08-05:00,PUR_IED_ManuelCepeda_tec_1c5731,PUR_IED_ManuelCepeda_tec_1c5731,,,,,
2026-09-12T22:21:08-05:00,PUR_IED_ManuelS_Exterior_5b269,PUR_IED_ManuelS_Exterior_5b269,,,,,
2026-09-12T22:21:08-05:00,PUR_IED_ManuelS_Inform_f369ce,PUR_IED_ManuelS_Inform_f369ce,,,,,
2026-09-12T22:21:08-05:00,PUR_IED_ManuelS_SArtes_7d15f1,PUR_IED_ManuelS_SArtes_7d15f1,,,,,
2026-09-12T22:21:08-05:00,PUR_IED_ManuelZapata_303_3ca6,PUR_IED_ManuelZapata_303_3ca6,,,,,
2026-09-12T22:21:08-05:00,PUR_IED_ManuelZapata_311_bfbabc,PUR_IED_ManuelZapata_311_bfbabc,,,,,
2026-09-12T22:21:08-05:00,PUR_IED_ManuelZapata_Ext_50824a,PUR_IED_ManuelZapata_Ext_50824a,,,,,
2026-09-12T22:21:08-05:00,PUR_IED_ManuelitaS_Exteri_656a92,PUR_IED_ManuelitaS_Exteri_656a92,,,,,
2026-09-12T22:21:08-05:00,PUR_IED_ManuelitaS_JuzgDe_f58ec3,PUR_IED_ManuelitaS_JuzgDe_f58ec3,,,,,
2026-09-12T22:21:08-05:00,PUR_IED_ManuelitaS_Recrea_d793db,PUR_IED_ManuelitaS_Recrea_d793db,,,,,
2026-09-12T22:21:08-05:00,PUR_IED_MarFidSuarez_Ext_c27b19,PUR_IED_MarFidSuarez_Ext_c27b19,,,,,
2026-09-12T22:21:08-05:00,PUR_IED_MarFidSuarez_Info_e384d7,PUR_IED_MarFidSuarez_Info_e384d7,,,,,
2026-09-12T22:21:08-05:00,PUR_IED_MarFidSuarez_S306_1d0032,PUR_IED_MarFidSuarez_S306_1d0032,,,,,
2026-09-12T22:21:08-05:00,PUR_IED_Menorah_301_2a25a3,PUR_IED_Menorah_301_2a25a3,,,,,
2026-09-12T22:21:08-05:00,PUR_IED_Menorah_306_37ed3,PUR_IED_Menorah_306_37ed3,,,,,
2026-09-12T22:21:08-05:00,PUR_IED_Menorah_Ext_3e155b,PUR_IED_Menorah_Ext_3e155b,,,,,
2026-09-12T22:21:08-05:00,PUR_IED_MinutoB.Aires_A11_1b1604,PUR_IED_MinutoB.Aires_A11_1b1604,,,,,
2026-09-12T22:21:08-05:00,PUR_IED_MinutoB.Aires_A12_fb5860,PUR_IED_MinutoB.Aires_A12_fb5860,,,,,
2026-09-12T22:21:08-05:00,PUR_IED_MinutoB.Aires_Ext_81293f,PUR_IED_MinutoB.Aires_Ext_81293f,,,,,
2026-09-12T22:21:08-05:00,PUR_IED_MinutoBAires_A11_1b1604,PUR_IED_MinutoBAires_A11_1b1604,,,,,
2026-09-12T22:21:08-05:00,PUR_IED_MinutoBAires_A12_fb5860,PUR_IED_MinutoBAires_A12_fb5860,,,,,
2026-09-12T22:21:08-05:00,PUR_IED_MinutoBAires_Ext_81293f,PUR_IED_MinutoBAires_Ext_81293f,,,,,
2026-09-12T22:21:08-05:00,PUR_IED_Montreal_Aula10_1e4959,PUR_IED_Montreal_Aula10_1e4959,,,,,
2026-09-12T22:21:08-05:00,PUR_IED_Montreal_Aula6_300367,PUR_IED_Montreal_Aula6_300367,,,,,
2026-09-12T22:21:08-05:00,PUR_IED_Montreal_Exterior_91a179,PUR_IED_Montreal_Exterior_91a179,,,,,
2026-09-12T22:21:08-05:00,PUR_IED_Mqgdalena_B202_5ddda3,PUR_IED_Mqgdalena_B202_5ddda3,,,,,
2026-09-12T22:21:08-05:00,PUR_IED_NACUND_Soc_dc8728,PUR_IED_NACUND_Soc_dc8728,,,,,
2026-09-12T22:21:08-05:00,PUR_IED_NACUND_ext_27ad97,PUR_IED_NACUND_ext_27ad97,,,,,
2026-09-12T22:21:08-05:00,PUR_IED_NEsperanza_Ext_d24b61,PUR_IED_NEsperanza_Ext_d24b61,,,,,
2026-09-12T22:21:08-05:00,PUR_IED_NEsperanza_SElect_7d1807,PUR_IED_NEsperanza_SElect_7d1807,,,,,
2026-09-12T22:21:08-05:00,PUR_IED_NEsperanza_SLabor_8b2d0a,PUR_IED_NEsperanza_SLabor_8b2d0a,,,,,
2026-09-12T22:21:08-05:00,PUR_IED_NacionesU_Ext_f661a9,PUR_IED_NacionesU_Ext_f661a9,,,,,
2026-09-12T22:21:08-05:00,PUR_IED_NacionesU_Quimica_66f0a,PUR_IED_NacionesU_Quimica_66f0a,,,,,
2026-09-12T22:21:08-05:00,PUR_IED_NacionesU_S306_1b4b3d,PUR_IED_NacionesU_S306_1b4b3d,,,,,
2026-09-12T22:21:08-05:00,PUR_IED_NestorFA_Ext_e4201c,PUR_IED_NestorFA_Ext_e4201c,,,,,
2026-09-12T22:21:08-05:00,PUR_IED_NestorFA_Laborato_f22fe0,PUR_IED_NestorFA_Laborato_f22fe0,,,,,
2026-09-12T22:21:08-05:00,PUR_IED_NestorFA_S204_dee996,PUR_IED_NestorFA_S204_dee996,,,,,
2026-09-12T22:21:08-05:00,PUR_IED_NidyaQT_Aula03_76999b,PUR_IED_NidyaQT_Aula03_76999b,,,,,
2026-09-12T22:21:08-05:00,PUR_IED_NidyaQT_Aula10_56325,PUR_IED_NidyaQT_Aula10_56325,,,,,
2026-09-12T22:21:08-05:00,PUR_IED_NidyaQT_Ext_46e32d,PUR_IED_NidyaQT_Ext_46e32d,,,,,
2026-09-12T22:21:08-05:00,PUR_IED_NuevaCol_Exterior_d9b859,PUR_IED_NuevaCol_Exterior_d9b859,,,,,
2026-09-12T22:21:08-05:00,PUR_IED_NuevaCol_S1101_76c43b,PUR_IED_NuevaCol_S1101_76c43b,,,,,
2026-09-12T22:21:08-05:00,PUR_IED_NuevaCol_S1102_1ce0b5,PUR_IED_NuevaCol_S1102_1ce0b5,,,,,
2026-09-12T22:21:08-05:00,PUR_IED_OEA_A202_f7e3f2,PUR_IED_OEA_A202_f7e3f2,,,,,
2026-09-12T22:21:08-05:00,PUR_IED_OEA_A203_7d1b8d,PUR_IED_OEA_A203_7d1b8d,,,,,
2026-09-12T22:21:08-05:00,PUR_IED_OEA_Ext_27b593,PUR_IED_OEA_Ext_27b593,,,,,
2026-09-12T22:21:08-05:00,PUR_IED_Ochoa_Ext_1c29da,PUR_IED_Ochoa_Ext_1c29da,,,,,
2026-09-12T22:21:08-05:00,PUR_IED_Ochoa_S205_8b1121,PUR_IED_Ochoa_S205_8b1121,,,,,
2026-09-12T22:21:08-05:00,PUR_IED_Ochoa_Sistemas_f33af6,PUR_IED_Ochoa_Sistemas_f33af6,,,,,
2026-09-12T22:21:08-05:00,PUR_IED_PQuebec_Ext_1c67c7,PUR_IED_PQuebec_Ext_1c67c7,,,,,
2026-09-12T22:21:08-05:00,PUR_IED_PQuebec_S15_23e8e2,PUR_IED_PQuebec_S15_23e8e2,,,,,
2026-09-12T22:21:08-05:00,PUR_IED_PQuebec_S16_8ec76b,PUR_IED_PQuebec_S16_8ec76b,,,,,
2026-09-12T22:21:08-05:00,PUR_IED_PabloN_Ext_49dc96,PUR_IED_PabloN_Ext_49dc96,,,,,
2026-09-12T22:21:08-05:00,PUR_IED_PabloN_S1102_4e3df5,PUR_IED_PabloN_S1102_4e3df5,,,,,
2026-09-12T22:21:08-05:00,PUR_IED_PabloN_S1103_50c94b,PUR_IED_PabloN_S1103_50c94b,,,,,
2026-09-12T22:21:08-05:00,PUR_IED_Palestina_S1101_db9198,PUR_IED_Palestina_S1101_db9198,,,,,
2026-09-12T22:21:08-05:00,PUR_IED_Palestina_S1102_dc54fa,PUR_IED_Palestina_S1102_dc54fa,,,,,
2026-09-12T22:21:08-05:00,PUR_IED_Palestina_ext_4ccce6,PUR_IED_Palestina_ext_4ccce6,,,,,
2026-09-12T22:21:08-05:00,PUR_IED_Panama_Fisica_4d0794,PUR_IED_Panama_Fisica_4d0794,,,,,
2026-09-12T22:21:08-05:00,PUR_IED_Panama_SIngles_a4077e,PUR_IED_Panama_SIngles_a4077e,,,,,
2026-09-12T22:21:08-05:00,PUR_IED_Panama_ext_4c54b4,PUR_IED_Panama_ext_4c54b4,,,,,
2026-09-12T22:21:08-05:00,PUR_IED_ParaisoM_Exterior_8cd7f0,PUR_IED_ParaisoM_Exterior_8cd7f0,,,,,
2026-09-12T22:21:08-05:00,PUR_IED_ParaisoM_Laborato_27af35,PUR_IED_ParaisoM_Laborato_27af35,,,,,
2026-09-12T22:21:08-05:00,PUR_IED_ParaisoM_S304_d1edca,PUR_IED_ParaisoM_S304_d1edca,,,,,
2026-09-12T22:21:08-05:00,PUR_IED_PorfirioBarba_Ext_301466,PUR_IED_PorfirioBarba_Ext_301466,,,,,
2026-09-12T22:21:08-05:00,PUR_IED_PorfirioBarba_S11_df6cd2,PUR_IED_PorfirioBarba_S11_df6cd2,,,,,
2026-09-12T22:21:08-05:00,PUR_IED_PorfirioBarba_S29_27a7d6,PUR_IED_PorfirioBarba_S29_27a7d6,,,,,
2026-09-12T22:21:08-05:00,PUR_IED_PradoV_Exter_8b27ad,PUR_IED_PradoV_Exter_8b27ad,,,,,
2026-09-12T22:21:08-05:00,PUR_IED_PradoV_S301_de65b5,PUR_IED_PradoV_S301_de65b5,,,,,
2026-09-12T22:21:08-05:00,PUR_IED_PradoV_S302_7d2593,PUR_IED_PradoV_S302_7d2593,,,,,
2026-09-12T22:21:08-05:00,PUR_IED_QuirogaAlz_Ext_1ddc82,PUR_IED_QuirogaAlz_Ext_1ddc82,,,,,
2026-09-12T22:21:08-05:00,PUR_IED_QuirogaAlz_S302_9926a3,PUR_IED_QuirogaAlz_S302_9926a3,,,,,
2026-09-12T22:21:08-05:00,PUR_IED_QuirogaAlz_S305_cdf1f1,PUR_IED_QuirogaAlz_S305_cdf1f1,,,,,
2026-09-12T22:21:08-05:00,PUR_IED_RGuatemala_Biling_dc53b7,PUR_IED_RGuatemala_Biling_dc53b7,,,,,
2026-09-12T22:21:08-05:00,PUR_IED_RGuatemala_Ext_1b89a3,PUR_IED_RGuatemala_Ext_1b89a3,,,,,
2026-09-12T22:21:08-05:00,PUR_IED_RGuatemala_Tecnol_281a34,PUR_IED_RGuatemala_Tecnol_281a34,,,,,
2026-09-12T22:21:08-05:00,PUR_IED_RafaNu_Ext_f7c302,PUR_IED_RafaNu_Ext_f7c302,,,,,
2026-09-12T22:21:08-05:00,PUR_IED_RafaNu_S1101_25fde,PUR_IED_RafaNu_S1101_25fde,,,,,
2026-09-12T22:21:08-05:00,PUR_IED_RafaNu_S1102_281517,PUR_IED_RafaNu_S1102_281517,,,,,
2026-09-12T22:21:08-05:00,PUR_IED_RafaelB_S305_ee2783,PUR_IED_RafaelB_S305_ee2783,,,,,
2026-09-12T22:21:08-05:00,PUR_IED_RafaelB_S306_75fe33,PUR_IED_RafaelB_S306_75fe33,,,,,
2026-09-12T22:21:08-05:00,PUR_IED_RafaelB_ext_283336,PUR_IED_RafaelB_ext_283336,3,18,61,4.6722,-74.0737
2026-09-12T22:21:08-05:00,PUR_IED_RafaelUU_Exterior_281a51,PUR_IED_RafaelUU_Exterior_281a51,,,,,
2026-09-12T22:21:08-05:00,PUR_IED_RafaelUU_Human_806b2,PUR_IED_RafaelUU_Human_806b2,,,,,
2026-09-12T22:21:08-05:00,PUR_IED_RafaelUU_Mate2_5680d4,PUR_IED_RafaelUU_Mate2_5680d4,,,,,
2026-09-12T22:21:08-05:00,PUR_IED_RamonSub_Ext_f9eeb9,PUR_IED_RamonSub_Ext_f9eeb9,,,,,
2026-09-12T22:21:08-05:00,PUR_IED_RamonSub_Media_d1f62f,PUR_IED_RamonSub_Media_d1f62f,,,,,
2026-09-12T22:21:08-05:00,PUR_IED_RamonSub_planta_51b82,PUR_IED_RamonSub_planta_51b82,,,,,
2026-09-12T22:21:08-05:00,PUR_IED_RepBoliVene_Exter_27af7c,PUR_IED_RepBoliVene_Exter_27af7c,,,,,
2026-09-12T22:21:08-05:00,PUR_IED_RepBoliVene_SCPT_5ae2ee,PUR_IED_RepBoliVene_SCPT_5ae2ee,,,,,
2026-09-12T22:21:08-05:00,PUR_IED_RepBoliVene_Socia_4b11d5,PUR_IED_RepBoliVene_Socia_4b11d5,,,,,
2026-09-12T22:21:08-05:00,PUR_IED_RepChina_Ext_76d9ee,PUR_IED_RepChina_Ext_76d9ee,,,,,
2026-09-12T22:21:08-05:00,PUR_IED_RepChina_S404_7c804c,PUR_IED_RepChina_S404_7c804c,,,,,
2026-09-12T22:21:08-05:00,PUR_IED_RepChina_S405_df2c33,PUR_IED_RepChina_S405_df2c33,,,,,
2026-09-12T22:21:08-05:00,PUR_IED_RepublicaC_Exteri_7d1ec9,PUR_IED_RepublicaC_Exteri_7d1ec9,,,,,
2026-09-12T22:21:08-05:00,PUR_IED_RepublicaC_S1101_f544b3,PUR_IED_RepublicaC_S1101_f544b3,,,,,
2026-09-12T22:21:08-05:00,PUR_IED_RepublicaC_S1102_7aafc7,PUR_IED_RepublicaC_S1102_7aafc7,,,,,
2026-09-12T22:21:08-05:00,PUR_IED_Ricaurte_Externo_a0ea1,PUR_IED_Ricaurte_Externo_a0ea1,,,,,
2026-09-12T22:21:08-05:00,PUR_IED_Ricaurte_S210_f546fd,PUR_IED_Ricaurte_S210_f546fd,,,,,
2026-09-12T22:21:08-05:00,PUR_IED_Ricaurte_S309_d4452,PUR_IED_Ricaurte_S309_d4452,,,,,
2026-09-12T22:21:08-05:00,PUR_IED_RogelioS_1102_531e69,PUR_IED_RogelioS_1102_531e69,,,,,
2026-09-12T22:21:08-05:00,PUR_IED_RogelioS_Ext_f25a18,PUR_IED_RogelioS_Ext_f25a18,,,,,
2026-09-12T22:21:08-05:00,PUR_IED_SBernardino_Ext_27aff8,PUR_IED_SBernardino_Ext_27aff8,,,,,
2026-09-12T22:21:08-05:00,PUR_IED_SBernardino_SArte_2ffd33,PUR_IED_SBernardino_SArte_2ffd33,,,,,
2026-09-12T22:21:08-05:00,PUR_IED_SBernardino_SIngl_7c7da5,PUR_IED_SBernardino_SIngl_7c7da5,,,,,
2026-09-12T22:21:08-05:00,PUR_IED_Sago_auditorio_dc9d1d,PUR_IED_Sago_auditorio_dc9d1d,,,,,
2026-09-12T22:21:08-05:00,PUR_IED_Saludcoop_Ext_95aac3,PUR_IED_Saludcoop_Ext_95aac3,,,,,
2026-09-12T22:21:08-05:00,PUR_IED_Saludcoop_InfI_90c854,PUR_IED_Saludcoop_InfI_90c854,,,,,
2026-09-12T22:21:08-05:00,PUR_IED_Saludcoop_SMedia_1b93be,PUR_IED_Saludcoop_SMedia_1b93be,,,,,
2026-09-12T22:21:08-05:00,PUR_IED_SanCarlos_1101_1a2360,PUR_IED_SanCarlos_1101_1a2360,,,,,
2026-09-12T22:21:08-05:00,PUR_IED_SanCarlos_1103_7bafb5,PUR_IED_SanCarlos_1103_7bafb5,,,,,
2026-09-12T22:21:08-05:00,PUR_IED_SanCarlos_Ext_b7cd1,PUR_IED_SanCarlos_Ext_b7cd1,,,,,
2026-09-12T22:21:08-05:00,PUR_IED_SanIgnacioBosa11a_50c26e,PUR_IED_SanIgnacioBosa11a_50c26e,,,,,
2026-09-12T22:21:08-05:00,PUR_IED_SanIgnacioBosa11b_371de8,PUR_IED_SanIgnacioBosa11b_371de8,,,,,
2026-09-12T22:21:08-05:00,PUR_IED_SanIgnacioBosaExt_ef0ffc,PUR_IED_SanIgnacioBosaExt_ef0ffc,,,,,
2026-09-12T22:21:08-05:00,PUR_IED_SanIgnacioBosa_11a_50c26e,PUR_IED_SanIgnacioBosa_11a_50c26e,,,,,
2026-09-12T22:21:08-05:00,PUR_IED_SanIgnacioBosa_Ext_ef0ffc,PUR_IED_SanIgnacioBosa_Ext_ef0ffc,,,,,
2026-09-12T22:21:08-05:00,PUR_IED_SanJoseN_intS1101_31c47f,PUR_IED_SanJoseN_intS1101_31c47f,,,,,
2026-09-12T22:21:08-05:00,PUR_IED_SanJoseUsm_Exter_f5d7e8,PUR_IED_SanJoseUsm_Exter_f5d7e8,,,,,
2026-09-12T22:21:08-05:00,PUR_IED_SanJoseUsm_Int11A_cfdef6,PUR_IED_SanJoseUsm_Int11A_cfdef6,,,,,
2026-09-12T22:21:08-05:00,PUR_IED_SilveriaR_IntB5_905349,PUR_IED_SilveriaR_IntB5_905349,,,,,
2026-09-12T22:21:08-05:00,PUR_IED_SilveriaR_IntSD14_981f93,PUR_IED_SilveriaR_IntSD14_981f93,,,,,
2026-09-12T22:21:08-05:00,PUR_IED_SilveriaR_ext_2b651d,PUR_IED_SilveriaR_ext_2b651d,,,,,
2026-09-12T22:21:08-05:00,PUR_IED_SimonB_Exterior_913975,PUR_IED_SimonB_Exterior_913975,,,,,
2026-09-12T22:21:08-05:00,PUR_IED_SimonB_LabQuimi_c56908,PUR_IED_SimonB_LabQuimi_c56908,,,,,
2026-09-12T22:21:08-05:00,PUR_IED_SimonB_informatic_a28c1,PUR_IED_SimonB_informatic_a28c1,,,,,
2026-09-12T22:21:08-05:00,PUR_IED_Sorrento_1102_315f50,PUR_IED_Sorrento_1102_315f50,,,,,
2026-09-12T22:21:08-05:00,PUR_IED_Sorrento_Minte_214eab,PUR_IED_Sorrento_Minte_214eab,,,,,
2026-09-12T22:21:08-05:00,PUR_IED_Sorrento_ext_7c3a0a,PUR_IED_Sorrento_ext_7c3a0a,,,,,
2026-09-12T22:21:08-05:00,PUR_IED_Tabora_Ext_f048ae,PUR_IED_Tabora_Ext_f048ae,,,,,
2026-09-12T22:21:08-05:00,PUR_IED_Tabora_S1102_b07752,PUR_IED_Tabora_S1102_b07752,,,,,
2026-09-12T22:21:08-05:00,PUR_IED_Tabora_S1103_d988f5,PUR_IED_Tabora_S1103_d988f5,,,,,
2026-09-12T22:21:08-05:00,PUR_IED_Tenerife_Ext_1ab188,PUR_IED_Tenerife_Ext_1ab188,,,,,
2026-09-12T22:21:08-05:00,PUR_IED_Tenerife_SDanzas_7bc02e,PUR_IED_Tenerife_SDanzas_7bc02e,,,,,
2026-09-12T22:21:08-05:00,PUR_IED_Tenerife_SIngles_7cc277,PUR_IED_Tenerife_SIngles_7cc277,,,,,
2026-09-12T22:21:08-05:00,PUR_IED_Tibabuyes_Exter_f2683d,PUR_IED_Tibabuyes_Exter_f2683d,,,,,
2026-09-12T22:21:08-05:00,PUR_IED_Tibabuyes_S10_dc87a8,PUR_IED_Tibabuyes_S10_dc87a8,,,,,
2026-09-12T22:21:08-05:00,PUR_IED_Tibabuyes_S15_dc0526,PUR_IED_Tibabuyes_S15_dc0526,,,,,
2026-09-12T22:21:08-05:00,PUR_IED_UnionE_S301_a1043,PUR_IED_UnionE_S301_a1043,,,,,
2026-09-12T22:21:08-05:00,PUR_IED_UnionE_S307_ff6c2f,PUR_IED_UnionE_S307_ff6c2f,,,,,
2026-09-12T22:21:08-05:00,PUR_IED_UnionE__Ext_5e2468,PUR_IED_UnionE__Ext_5e2468,,,,,
2026-09-12T22:21:08-05:00,PUR_IED_VillaRica_Ext_75be7c,PUR_IED_VillaRica_Ext_75be7c,,,,,
2026-09-12T22:21:08-05:00,PUR_IED_VillaRica_S4_cc5dcd,PUR_IED_VillaRica_S4_cc5dcd,,,,,
2026-09-12T22:21:08-05:00,PUR_IED_VillaRica_Sesp_99f5c,PUR_IED_VillaRica_Sesp_99f5c,,,,,
2026-09-12T22:26:05-05:00,PUR_IED_20deJulio_1101_91b1b9,PUR_IED_20deJulio_1101_91b1b9,,,,,
2026-09-12T22:26:05-05:00,PUR_IED_20deJulio_1102_1cfcf9,PUR_IED_20deJulio_1102_1cfcf9,,,,,
2026-09-12T22:26:05-05:00,PUR_IED_20deJulio_Ext_ab60bd,PUR_IED_20deJulio_Ext_ab60bd,,,,,
2026-09-12T22:26:05-05:00,PUR_IED_AgustinFer_Ext_7b9b77,PUR_IED_AgustinFer_Ext_7b9b77,,,,,
2026-09-12T22:26:05-05:00,PUR_IED_AgustinFer_Info2_27b3a7,PUR_IED_AgustinFer_Info2_27b3a7,,,,,
2026-09-12T22:26:05-05:00,PUR_IED_AgustinFer_Sena_54b4eb,PUR_IED_AgustinFer_Sena_54b4eb,,,,,
2026-09-12T22:26:05-05:00,PUR_IED_AlexanderF_1102_caf07b,PUR_IED_AlexanderF_1102_caf07b,,,,,
2026-09-12T22:26:05-05:00,PUR_IED_AlexanderF_1103_c79e71,PUR_IED_AlexanderF_1103_c79e71,,,,,
2026-09-12T22:26:05-05:00,PUR_IED_AlexanderF_Ext_c5b18b,PUR_IED_AlexanderF_Ext_c5b18b,,,,,
2026-09-12T22:26:05-05:00,PUR_IED_AlfonsoLopez_Ext_281d77,PUR_IED_AlfonsoLopez_Ext_281d77,,,,,
2026-09-12T22:26:05-05:00,PUR_IED_AlfonsoLopez_LabF_888ce0,PUR_IED_AlfonsoLopez_LabF_888ce0,,,,,
2026-09-12T22:26:05-05:00,PUR_IED_AlfonsoLopez_SMed_df6a7f,PUR_IED_AlfonsoLopez_SMed_df6a7f,,,,,
2026-09-12T22:26:05-05:00,PUR_IED_AltamiraSO_A2_209f92,PUR_IED_AltamiraSO_A2_209f92,,,,,
2026-09-12T22:26:05-05:00,PUR_IED_AltamiraSO_Ext_186d66,PUR_IED_AltamiraSO_Ext_186d66,,,,,
2026-09-12T22:26:05-05:00,PUR_IED_AltamiraSO_Sistem_27afe1,PUR_IED_AltamiraSO_Sistem_27afe1,,,,,
2026-09-12T22:26:05-05:00,PUR_IED_AlvaroGom_LabQuim_813179,PUR_IED_AlvaroGom_LabQuim_813179,,,,,
2026-09-12T22:26:05-05:00,PUR_IED_AlvaroGomez_Ext_47c7ca,PUR_IED_AlvaroGomez_Ext_47c7ca,,,,,
2026-09-12T22:26:05-05:00,PUR_IED_AlvaroGomez_LabQuim_813179,PUR_IED_AlvaroGomez_LabQuim_813179,,,,,
2026-09-12T22:26:05-05:00,PUR_IED_AlvaroGomez_S23_7ba89f,PUR_IED_AlvaroGomez_S23_7ba89f,,,,,
2026-09-12T22:26:05-05:00,PUR_IED_Amistad_306_dc8728,PUR_IED_Amistad_306_dc8728,,,,,
2026-09-12T22:26:05-05:00,PUR_IED_Amistad_Ext_8cd55e,PUR_IED_Amistad_Ext_8cd55e,,,,,
2026-09-12T22:26:05-05:00,PUR_IED_Amistad_S202_a41169,PUR_IED_Amistad_S202_a41169,,,,,
2026-09-12T22:26:05-05:00,PUR_IED_AndresBello_Bio_fd5f5e,PUR_IED_AndresBello_Bio_fd5f5e,,,,,
2026-09-12T22:26:05-05:00,PUR_IED_AndresBello_ext_dcad65,PUR_IED_AndresBello_ext_dcad65,,,,,
2026-09-12T22:26:05-05:00,PUR_IED_AndresBello_port_eed3ec,PUR_IED_AndresBello_port_eed3ec,,,,,
2026-09-12T22:26:05-05:00,PUR_IED_AngelaR_11b_d90a6b,PUR_IED_AngelaR_11b_d90a6b,,,,,
2026-09-12T22:26:05-05:00,PUR_IED_AngelaR_ext_7cad3e,PUR_IED_AngelaR_ext_7cad3e,,,,,
2026-09-12T22:26:05-05:00,PUR_IED_AntJoseSucre_10mo_df2575,PUR_IED_AntJoseSucre_10mo_df2575,,,,,
2026-09-12T22:26:05-05:00,PUR_IED_AntJoseSucre_Ext_215b36,PUR_IED_AntJoseSucre_Ext_215b36,,,,,
2026-09-12T22:26:05-05:00,PUR_IED_AntJoseSucre_Lab_3139de,PUR_IED_AntJoseSucre_Lab_3139de,,,,,
2026-09-12T22:26:05-05:00,PUR_IED_AntonioGarcia_301_d6b188,PUR_IED_AntonioGarcia_301_d6b188,,,,,
2026-09-12T22:26:05-05:00,PUR_IED_AntonioGarcia_302_88a82,PUR_IED_AntonioGarcia_302_88a82,,,,,
2026-09-12T22:26:05-05:00,PUR_IED_AntonioGarcia_Ext_20950c,PUR_IED_AntonioGarcia_Ext_20950c,,,,,
2026-09-12T22:26:05-05:00,PUR_IED_AntonioVan_Aula2_6dea02,PUR_IED_AntonioVan_Aula2_6dea02,,,,,
2026-09-12T22:26:05-05:00,PUR_IED_AntonioVan_Aula5_f1557e,PUR_IED_AntonioVan_Aula5_f1557e,,,,,
2026-09-12T22:26:05-05:00,PUR_IED_AntonioVan_Ext_406f2f,PUR_IED_AntonioVan_Ext_406f2f,,,,,
2026-09-12T22:26:05-05:00,PUR_IED_Atabanzha_Ext_cc5af9,PUR_IED_Atabanzha_Ext_cc5af9,,,,,
2026-09-12T22:26:05-05:00,PUR_IED_Atabanzha_SA101_56c37,PUR_IED_Atabanzha_SA101_56c37,,,,,
2026-09-12T22:26:05-05:00,PUR_IED_Atabanzha_SB302_27b374,PUR_IED_Atabanzha_SB302_27b374,,,,,
2026-09-12T22:26:05-05:00,PUR_IED_Atahualpa_Ext_fc1748,PUR_IED_Atahualpa_Ext_fc1748,,,,,
2026-09-12T22:26:05-05:00,PUR_IED_Atahualpa_Informa_dc9a95,PUR_IED_Atahualpa_Informa_dc9a95,,,,,
2026-09-12T22:26:05-05:00,PUR_IED_Atahualpa_S1101_f98056,PUR_IED_Atahualpa_S1101_f98056,,,,,
2026-09-12T22:26:05-05:00,PUR_IED_Bellavista_Ext_f5aa74,PUR_IED_Bellavista_Ext_f5aa74,,,,,
2026-09-12T22:26:05-05:00,PUR_IED_Bilbao_11A_916c41,PUR_IED_Bilbao_11A_916c41,,,,,
2026-09-12T22:26:05-05:00,PUR_IED_Bilbao_Ext_fb579a,PUR_IED_Bilbao_Ext_fb579a,,,,,
2026-09-12T22:26:05-05:00,PUR_IED_BrasiliaU_A125_304280,PUR_IED_BrasiliaU_A125_304280,,,,,
2026-09-12T22:26:05-05:00,PUR_IED_BrasiliaU_A203_7c8ca5,PUR_IED_BrasiliaU_A203_7c8ca5,,,,,
2026-09-12T22:26:05-05:00,PUR_IED_BrasiliaU_Ext_8d6e9f,PUR_IED_BrasiliaU_Ext_8d6e9f,6,17,63,4.5175,-74.116302
2026-09-12T22:26:05-05:00,PUR_IED_Brasilia_Ext_fe6593,PUR_IED_Brasilia_Ext_fe6593,,,,,
2026-09-12T22:26:05-05:00,PUR_IED_Brasilia_S24_7c130d,PUR_IED_Brasilia_S24_7c130d,,,,,
2026-09-12T22:26:05-05:00,PUR_IED_Brasilia_S501_186a54,PUR_IED_Brasilia_S501_186a54,,,,,
2026-09-12T22:26:05-05:00,PUR_IED_CHARRY_EXT_f1d5cd,PUR_IED_CHARRY_EXT_f1d5cd,,,,,
2026-09-12T22:26:05-05:00,PUR_IED_CHARRY_INTDANZAS_7a08e6,PUR_IED_CHARRY_INTDANZAS_7a08e6,,,,,
2026-09-12T22:26:05-05:00,PUR_IED_CHARRY_INT_AULA20_dc998d,PUR_IED_CHARRY_INT_AULA20_dc998d,,,,,
2026-09-12T22:26:05-05:00,PUR_IED_COLVIV_1101_S25_7f520a,PUR_IED_COLVIV_1101_S25_7f520a,,,,,
2026-09-12T22:26:05-05:00,PUR_IED_COLVIV_1102_S16_f570ba,PUR_IED_COLVIV_1102_S16_f570ba,,,,,
2026-09-12T22:26:05-05:00,PUR_IED_COLVIV_Ext_1a26fa,PUR_IED_COLVIV_Ext_1a26fa,,,,,
2026-09-12T22:26:05-05:00,PUR_IED_CULPOP_301A_f660f3,PUR_IED_CULPOP_301A_f660f3,,,,,
2026-09-12T22:26:05-05:00,PUR_IED_CULPOP_303_568afe,PUR_IED_CULPOP_303_568afe,,,,,
2026-09-12T22:26:05-05:00,PUR_IED_CULPOP_Ext_e02ccb,PUR_IED_CULPOP_Ext_e02ccb,,,,,
2026-09-12T22:26:05-05:00,PUR_IED_CVillavicen_Ext_26eb58,PUR_IED_CVillavicen_Ext_26eb58,4,15,77,4.487,-74.102798
2026-09-12T22:26:05-05:00,PUR_IED_CVillavicen_Intel_1ce5c2,PUR_IED_CVillavicen_Intel_1ce5c2,,,,,
2026-09-12T22:26:05-05:00,PUR_IED_CVillavicen_Poliv_e0766c,PUR_IED_CVillavicen_Poliv_e0766c,,,,,
2026-09-12T22:26:05-05:00,PUR_IED_CVillavicen_int_1ba140,PUR_IED_CVillavicen_int_1ba140,,,,,
2026-09-12T22:26:05-05:00,PUR_IED_CVillavicen_intel_1ba140,PUR_IED_CVillavicen_intel_1ba140,,,,,
2026-09-12T22:26:05-05:00,PUR_IED_CarlosPizarro_Ext_e307cc,PUR_IED_CarlosPizarro_Ext_e307cc,,,,,
2026-09-12T22:26:05-05:00,PUR_IED_CarlosPizarro_L36_7e5cdb,PUR_IED_CarlosPizarro_L36_7e5cdb,,,,,
2026-09-12T22:26:05-05:00,PUR_IED_CarlosPizarro_L37_c8566c,PUR_IED_CarlosPizarro_L37_c8566c,,,,,
2026-09-12T22:26:05-05:00,PUR_IED_Castilla_Ext_cf35f,PUR_IED_Castilla_Ext_cf35f,,,,,
2026-09-12T22:26:05-05:00,PUR_IED_Castilla_SFisik_360e38,PUR_IED_Castilla_SFisik_360e38,,,,,
2026-09-12T22:26:05-05:00,PUR_IED_Castilla_Sc304_496fbf,PUR_IED_Castilla_Sc304_496fbf,,,,,
2026-09-12T22:26:05-05:00,PUR_IED_CervantesSa_Ext_6b57b,PUR_IED_CervantesSa_Ext_6b57b,15,17,69,4.5128,-74.117203
2026-09-12T22:26:05-05:00,PUR_IED_CervantesSa_S107_225c2b,PUR_IED_CervantesSa_S107_225c2b,,,,,
2026-09-12T22:26:05-05:00,PUR_IED_CervantesSa_S108_940925,PUR_IED_CervantesSa_S108_940925,,,,,
2026-09-12T22:26:05-05:00,PUR_IED_Charry_A20_f53e7c,PUR_IED_Charry_A20_f53e7c,,,,,
2026-09-12T22:26:05-05:00,PUR_IED_Charry_Ext_f1d5cd,PUR_IED_Charry_Ext_f1d5cd,,,,,
2026-09-12T22:26:05-05:00,PUR_IED_Charry_IntAula20_dc998d,PUR_IED_Charry_IntAula20_dc998d,,,,,
2026-09-12T22:26:05-05:00,PUR_IED_Charry_IntDanzas_7a08e6,PUR_IED_Charry_IntDanzas_7a08e6,,,,,
2026-09-12T22:26:05-05:00,PUR_IED_ClememciaC_203_43e2fc,PUR_IED_ClememciaC_203_43e2fc,,,,,
2026-09-12T22:26:05-05:00,PUR_IED_ClememciaC_Ext_1b411a,PUR_IED_ClememciaC_Ext_1b411a,,,,,
2026-09-12T22:26:05-05:00,PUR_IED_ClememciaC_Quimic_44b5fc,PUR_IED_ClememciaC_Quimic_44b5fc,,,,,
2026-09-12T22:26:05-05:00,PUR_IED_ClemenciaC_203_43e2fc,PUR_IED_ClemenciaC_203_43e2fc,,,,,
2026-09-12T22:26:05-05:00,PUR_IED_ClemenciaC_Ext_1b411a,PUR_IED_ClemenciaC_Ext_1b411a,,,,,
2026-09-12T22:26:05-05:00,PUR_IED_ClemenciaC_Quimic_44b5fc,PUR_IED_ClemenciaC_Quimic_44b5fc,,,,,
2026-09-12T22:26:05-05:00,PUR_IED_ColViva_1101_S25_7f520a,PUR_IED_ColViva_1101_S25_7f520a,,,,,
2026-09-12T22:26:05-05:00,PUR_IED_ColViva_1102_S16_f570ba,PUR_IED_ColViva_1102_S16_f570ba,,,,,
2026-09-12T22:26:05-05:00,PUR_IED_ColViva_Ext_1a26fa,PUR_IED_ColViva_Ext_1a26fa,,,,,
2026-09-12T22:26:05-05:00,PUR_IED_ColegioBici_Asist_7c8798,PUR_IED_ColegioBici_Asist_7c8798,,,,,
2026-09-12T22:26:05-05:00,PUR_IED_ColegioBici_Ext_25cbf6,PUR_IED_ColegioBici_Ext_25cbf6,,,,,
2026-09-12T22:26:05-05:00,PUR_IED_ColegioBici_LabQ_7b57db,PUR_IED_ColegioBici_LabQ_7b57db,,,,,
2026-09-12T22:26:05-05:00,PUR_IED_CostaRica_Ext_5e640,PUR_IED_CostaRica_Ext_5e640,,,,,
2026-09-12T22:26:05-05:00,PUR_IED_CostaRica_Quim1_766d1c,PUR_IED_CostaRica_Quim1_766d1c,,,,,
2026-09-12T22:26:05-05:00,PUR_IED_CostaRica__Fisica_6f0873,PUR_IED_CostaRica__Fisica_6f0873,,,,,
2026-09-12T22:26:05-05:00,PUR_IED_CulPopu_301A_f660f3,PUR_IED_CulPopu_301A_f660f3,,,,,
2026-09-12T22:26:05-05:00,PUR_IED_CulPopu_303_568afe,PUR_IED_CulPopu_303_568afe,,,,,
2026-09-12T22:26:05-05:00,PUR_IED_CulPopu_Ext_e02ccb,PUR_IED_CulPopu_Ext_e02ccb,,,,,
2026-09-12T22:26:05-05:00,PUR_IED_Cundinamarca_Ext_f15985,PUR_IED_Cundinamarca_Ext_f15985,,,,,
2026-09-12T22:26:05-05:00,PUR_IED_Cundinamarca_Info_7aa5d7,PUR_IED_Cundinamarca_Info_7aa5d7,,,,,
2026-09-12T22:26:05-05:00,PUR_IED_Cundinamarca_Tec2_f449c7,PUR_IED_Cundinamarca_Tec2_f449c7,,,,,
2026-09-12T22:26:05-05:00,PUR_IED_DiegoM_Aula1_27b314,PUR_IED_DiegoM_Aula1_27b314,,,,,
2026-09-12T22:26:05-05:00,PUR_IED_DiegoM_Ext_d80ac8,PUR_IED_DiegoM_Ext_d80ac8,,,,,
2026-09-12T22:26:05-05:00,PUR_IED_DiegoM_S25_da928f,PUR_IED_DiegoM_S25_da928f,,,,,
2026-09-12T22:26:05-05:00,PUR_IED_ELRODEO_360881,PUR_IED_ELRODEO_360881,,,,,
2026-09-12T22:26:05-05:00,PUR_IED_ELRODEO_ext_360881,PUR_IED_ELRODEO_ext_360881,,,,,
2026-09-12T22:26:05-05:00,PUR_IED_EduardoU_Ext_1c1969,PUR_IED_EduardoU_Ext_1c1969,,,,,
2026-09-12T22:26:05-05:00,PUR_IED_EduardoU_SCiencia_4dfb94,PUR_IED_EduardoU_SCiencia_4dfb94,,,,,
2026-09-12T22:26:05-05:00,PUR_IED_EduardoU_SQuimica_5a46e7,PUR_IED_EduardoU_SQuimica_5a46e7,,,,,
2026-09-12T22:26:05-05:00,PUR_IED_ElRodeo_Aula14_676984,PUR_IED_ElRodeo_Aula14_676984,,,,,
2026-09-12T22:26:05-05:00,PUR_IED_ElRodeo_Aula16_2dd35b,PUR_IED_ElRodeo_Aula16_2dd35b,,,,,
2026-09-12T22:26:05-05:00,PUR_IED_ElRodeo_Ext_360881,PUR_IED_ElRodeo_Ext_360881,,,,,
2026-09-12T22:26:05-05:00,PUR_IED_ElRodeo_Exterior_8c6d28,PUR_IED_ElRodeo_Exterior_8c6d28,,,,,
2026-09-12T22:26:05-05:00,PUR_IED_ElRodeo_ext_360881,PUR_IED_ElRodeo_ext_360881,,,,,
2026-09-12T22:26:05-05:00,PUR_IED_EmmaReyes_Ext_987625,PUR_IED_EmmaReyes_Ext_987625,6,21,52,4.6367,-74.1511
2026-09-12T22:26:05-05:00,PUR_IED_Ensueño_Ext_7f0250,PUR_IED_Ensueño_Ext_7f0250,,,,,
2026-09-12T22:26:05-05:00,PUR_IED_EscNormal_Ext_5fef3b,PUR_IED_EscNormal_Ext_5fef3b,4,18,61,4.5852,-74.096901
2026-09-12T22:26:05-05:00,PUR_IED_EscNormal_S309_5b263,PUR_IED_EscNormal_S309_5b263,,,,,
2026-09-12T22:26:05-05:00,PUR_IED_EscNormal_S310_27b3b8,PUR_IED_EscNormal_S310_27b3b8,,,,,
2026-09-12T22:26:05-05:00,PUR_IED_Evangelista_Conta_f6cd4f,PUR_IED_Evangelista_Conta_f6cd4f,,,,,
2026-09-12T22:26:05-05:00,PUR_IED_Evangelista_Cri_5e16a,PUR_IED_Evangelista_Cri_5e16a,,,,,
2026-09-12T22:26:05-05:00,PUR_IED_Evangelista_Exter_754066,PUR_IED_Evangelista_Exter_754066,,,,,
2026-09-12T22:26:05-05:00,PUR_IED_FMiranda_S209_5cc2a3,PUR_IED_FMiranda_S209_5cc2a3,,,,,
2026-09-12T22:26:05-05:00,PUR_IED_FMiranda_S303_19e344,PUR_IED_FMiranda_S303_19e344,,,,,
2026-09-12T22:26:05-05:00,PUR_IED_FMiranda_ext_f53e7c,PUR_IED_FMiranda_ext_f53e7c,,,,,
2026-09-12T22:26:05-05:00,PUR_IED_FabioLozano_Bibli_1cee05,PUR_IED_FabioLozano_Bibli_1cee05,,,,,
2026-09-12T22:26:05-05:00,PUR_IED_FabioLozano_Ext_6ea285,PUR_IED_FabioLozano_Ext_6ea285,,,,,
2026-09-12T22:26:05-05:00,PUR_IED_FabioLozano_SLudi_f09e1e,PUR_IED_FabioLozano_SLudi_f09e1e,,,,,
2026-09-12T22:26:05-05:00,PUR_IED_FaustinoS_Aula07_27a731,PUR_IED_FaustinoS_Aula07_27a731,,,,,
2026-09-12T22:26:05-05:00,PUR_IED_FaustinoS_Ext_7b936f,PUR_IED_FaustinoS_Ext_7b936f,,,,,
2026-09-12T22:26:05-05:00,PUR_IED_FaustinoS_Fisica_da2c60,PUR_IED_FaustinoS_Fisica_da2c60,,,,,
2026-09-12T22:26:05-05:00,PUR_IED_FeGarciaLo_Ext_dc68ee,PUR_IED_FeGarciaLo_Ext_dc68ee,,,,,
2026-09-12T22:26:05-05:00,PUR_IED_FeGarciaLo_SDanza_f70a59,PUR_IED_FeGarciaLo_SDanza_f70a59,,,,,
2026-09-12T22:26:05-05:00,PUR_IED_FeGarciaLo_SMusic_125cdd,PUR_IED_FeGarciaLo_SMusic_125cdd,,,,,
2026-09-12T22:26:05-05:00,PUR_IED_FederalAlema_Exte_50c345,PUR_IED_FederalAlema_Exte_50c345,,,,,
2026-09-12T22:26:05-05:00,PUR_IED_FederalAlema_S31_f18371,PUR_IED_FederalAlema_S31_f18371,,,,,
2026-09-12T22:26:05-05:00,PUR_IED_FederalAlema_S901_a62cd,PUR_IED_FederalAlema_S901_a62cd,,,,,
2026-09-12T22:26:05-05:00,PUR_IED_FilarmonicaS_A5_f35eb1,PUR_IED_FilarmonicaS_A5_f35eb1,,,,,
2026-09-12T22:26:05-05:00,PUR_IED_FilarmonicaS_Ext_8a3bde,PUR_IED_FilarmonicaS_Ext_8a3bde,,,,,
2026-09-12T22:26:05-05:00,PUR_IED_FilarmonicaS_Spol_406114,PUR_IED_FilarmonicaS_Spol_406114,,,,,
2026-09-12T22:26:05-05:00,PUR_IED_FlorentinoG_A13_d1fa59,PUR_IED_FlorentinoG_A13_d1fa59,,,,,
2026-09-12T22:26:05-05:00,PUR_IED_FlorentinoG_Ext_1ce6ce,PUR_IED_FlorentinoG_Ext_1ce6ce,,,,,
2026-09-12T22:26:05-05:00,PUR_IED_FlorentinoG_Idiom_a66aac,PUR_IED_FlorentinoG_Idiom_a66aac,,,,,
2026-09-12T22:26:05-05:00,PUR_IED_FranciscoMati_Ext_e3869d,PUR_IED_FranciscoMati_Ext_e3869d,,,,,
2026-09-12T22:26:05-05:00,PUR_IED_FranciscoMati_S13_f31c67,PUR_IED_FranciscoMati_S13_f31c67,,,,,
2026-09-12T22:26:05-05:00,PUR_IED_FranciscoMati_S14_97dead,PUR_IED_FranciscoMati_S14_97dead,,,,,
2026-09-12T22:26:05-05:00,PUR_IED_FranciscoPS_Ext_7bfa9a,PUR_IED_FranciscoPS_Ext_7bfa9a,4,19,60,4.5899,-74.110397
2026-09-12T22:26:05-05:00,PUR_IED_FranciscoPS_Infor_fb8f4c,PUR_IED_FranciscoPS_Infor_fb8f4c,,,,,
2026-09-12T22:26:05-05:00,PUR_IED_FranciscoPS_Quimi_94d39c,PUR_IED_FranciscoPS_Quimi_94d39c,,,,,
2026-09-12T22:26:05-05:00,PUR_IED_FranciscoP_LabQ_d7e148,PUR_IED_FranciscoP_LabQ_d7e148,,,,,
2026-09-12T22:26:05-05:00,PUR_IED_FranciscoP_S28_cf9b30,PUR_IED_FranciscoP_S28_cf9b30,,,,,
2026-09-12T22:26:05-05:00,PUR_IED_FranciscoP_ext_e2313,PUR_IED_FranciscoP_ext_e2313,,,,,
2026-09-12T22:26:05-05:00,PUR_IED_FriederichN_Ext_8ac92a,PUR_IED_FriederichN_Ext_8ac92a,,,,,
2026-09-12T22:26:05-05:00,PUR_IED_FriederichN_S301_dd7e5a,PUR_IED_FriederichN_S301_dd7e5a,,,,,
2026-09-12T22:26:05-05:00,PUR_IED_FriederichN_S308_761f4f,PUR_IED_FriederichN_S308_761f4f,,,,,
2026-09-12T22:26:05-05:00,PUR_IED_GSantander_Aula10_533dd7,PUR_IED_GSantander_Aula10_533dd7,,,,,
2026-09-12T22:26:05-05:00,PUR_IED_GSantander_Aula12_fd4e4f,PUR_IED_GSantander_Aula12_fd4e4f,,,,,
2026-09-12T22:26:05-05:00,PUR_IED_GSantander_Aula310_533dd7,PUR_IED_GSantander_Aula310_533dd7,,,,,
2026-09-12T22:26:05-05:00,PUR_IED_GSantander_Aula312_fd4e4f,PUR_IED_GSantander_Aula312_fd4e4f,,,,,
2026-09-12T22:26:05-05:00,PUR_IED_GSantander_Ext_5f66b0,PUR_IED_GSantander_Ext_5f66b0,,,,,
2026-09-12T22:26:05-05:00,PUR_IED_GYomasa_Ext_f6bea5,PUR_IED_GYomasa_Ext_f6bea5,,,,,
2026-09-12T22:26:05-05:00,PUR_IED_GYomasa_LBiol_2c41aa,PUR_IED_GYomasa_LBiol_2c41aa,,,,,
2026-09-12T22:26:05-05:00,PUR_IED_GYomasa_LQuim_33c80,PUR_IED_GYomasa_LQuim_33c80,,,,,
2026-09-12T22:26:05-05:00,PUR_IED_GabBetMejia_Cienc_5a99c,PUR_IED_GabBetMejia_Cienc_5a99c,,,,,
2026-09-12T22:26:05-05:00,PUR_IED_GabBetMejia_Ext_9153d0,PUR_IED_GabBetMejia_Ext_9153d0,,,,,
2026-09-12T22:26:05-05:00,PUR_IED_GabBetMejia_Lab_f55347,PUR_IED_GabBetMejia_Lab_f55347,,,,,
2026-09-12T22:26:05-05:00,PUR_IED_GabBetanMejia_Ext_9153d0,PUR_IED_GabBetanMejia_Ext_9153d0,,,,,
2026-09-12T22:26:05-05:00,PUR_IED_Gaitana_Aula13_7aac11,PUR_IED_Gaitana_Aula13_7aac11,,,,,
2026-09-12T22:26:05-05:00,PUR_IED_Gaitana_Ext_5fcf4,PUR_IED_Gaitana_Ext_5fcf4,,,,,
2026-09-12T22:26:05-05:00,PUR_IED_Gaitana_LabFisica_644448,PUR_IED_Gaitana_LabFisica_644448,,,,,
2026-09-12T22:26:05-05:00,PUR_IED_GenSantander_Dise_8ac858,PUR_IED_GenSantander_Dise_8ac858,,,,,
2026-09-12T22:26:05-05:00,PUR_IED_GenSantander_Ext_8d5dfe,PUR_IED_GenSantander_Ext_8d5dfe,,,,,
2026-09-12T22:26:05-05:00,PUR_IED_GenSantander_Info_6c25b,PUR_IED_GenSantander_Info_6c25b,,,,,
2026-09-12T22:26:05-05:00,PUR_IED_GustavoMo_Exterio_75e63d,PUR_IED_GustavoMo_Exterio_75e63d,,,,,
2026-09-12T22:26:05-05:00,PUR_IED_GustavoMo_LabFisi_224d37,PUR_IED_GustavoMo_LabFisi_224d37,,,,,
2026-09-12T22:26:05-05:00,PUR_IED_GustavoMo_S208_3e6918,PUR_IED_GustavoMo_S208_3e6918,,,,,
2026-09-12T22:26:05-05:00,PUR_IED_GustavoR_A02_8cd4a8,PUR_IED_GustavoR_A02_8cd4a8,,,,,
2026-09-12T22:26:05-05:00,PUR_IED_GustavoR_B11_5b0ed,PUR_IED_GustavoR_B11_5b0ed,,,,,
2026-09-12T22:26:05-05:00,PUR_IED_GustavoR_Ext_7a0c90,PUR_IED_GustavoR_Ext_7a0c90,,,,,
2026-09-12T22:26:05-05:00,PUR_IED_HernandoDuran_Ext_8cd82b,PUR_IED_HernandoDuran_Ext_8cd82b,,,,,
2026-09-12T22:26:05-05:00,PUR_IED_HernandoDuran_S24_2772c6,PUR_IED_HernandoDuran_S24_2772c6,,,,,
2026-09-12T22:26:05-05:00,PUR_IED_HernandoDuran_S30_f2de41,PUR_IED_HernandoDuran_S30_f2de41,,,,,
2026-09-12T22:26:05-05:00,PUR_IED_HolguInUr_S1101_8cd732,PUR_IED_HolguInUr_S1101_8cd732,,,,,
2026-09-12T22:26:05-05:00,PUR_IED_HolguinUr_Exter_ddae6d,PUR_IED_HolguinUr_Exter_ddae6d,,,,,
2026-09-12T22:26:05-05:00,PUR_IED_HolguinUr_LabQuim_92b952,PUR_IED_HolguinUr_LabQuim_92b952,,,,,
2026-09-12T22:26:05-05:00,PUR_IED_Isabel-II_Ext_5245cc,PUR_IED_Isabel-II_Ext_5245cc,6,19,59,4.6336,-74.153
2026-09-12T22:26:05-05:00,PUR_IED_Isabel-II_S_idiom_1c29aa,PUR_IED_Isabel-II_S_idiom_1c29aa,,,,,
2026-09-12T22:26:05-05:00,PUR_IED_Isabel-II_S_infor_fd741,PUR_IED_Isabel-II_S_infor_fd741,,,,,
2026-09-12T22:26:05-05:00,PUR_IED_IsidroSur_Exterio_5b90ea,PUR_IED_IsidroSur_Exterio_5b90ea,,,,,
2026-09-12T22:26:05-05:00,PUR_IED_IsidroSur_LabTec_56697a,PUR_IED_IsidroSur_LabTec_56697a,,,,,
2026-09-12T22:26:05-05:00,PUR_IED_IsidroSur_Robotic_b7c38f,PUR_IED_IsidroSur_Robotic_b7c38f,,,,,
2026-09-12T22:26:05-05:00,PUR_IED_IsmaelPerd_Ext_7b6672,PUR_IED_IsmaelPerd_Ext_7b6672,,,,,
2026-09-12T22:26:05-05:00,PUR_IED_IsmaelPerd_Inform_306540,PUR_IED_IsmaelPerd_Inform_306540,,,,,
2026-09-12T22:26:05-05:00,PUR_IED_IsmaelPerd_S30_2e2c83,PUR_IED_IsmaelPerd_S30_2e2c83,,,,,
2026-09-12T22:26:05-05:00,PUR_IED_JLozano_Exter_432910,PUR_IED_JLozano_Exter_432910,,,,,
2026-09-12T22:26:05-05:00,PUR_IED_JLozano_salaMulti_df5125,PUR_IED_JLozano_salaMulti_df5125,,,,,
2026-09-12T22:26:05-05:00,PUR_IED_JMCordoba_206_86f80b,PUR_IED_JMCordoba_206_86f80b,,,,,
2026-09-12T22:26:05-05:00,PUR_IED_JMCordoba_Ext_27ad97,PUR_IED_JMCordoba_Ext_27ad97,,,,,
2026-09-12T22:26:05-05:00,PUR_IED_JMCordoba_S310_d59ab4,PUR_IED_JMCordoba_S310_d59ab4,,,,,
2026-09-12T22:26:05-05:00,PUR_IED_Japon_Ext_549100,PUR_IED_Japon_Ext_549100,,,,,
2026-09-12T22:26:05-05:00,PUR_IED_Japon_Laboratorio_bec51d,PUR_IED_Japon_Laboratorio_bec51d,,,,,
2026-09-12T22:26:05-05:00,PUR_IED_Japon_informatica_d99327,PUR_IED_Japon_informatica_d99327,,,,,
2026-09-12T22:26:05-05:00,PUR_IED_Jazmin_Ext_d27bda,PUR_IED_Jazmin_Ext_d27bda,,,,,
2026-09-12T22:26:05-05:00,PUR_IED_Jazmin_Fisica_8d14d7,PUR_IED_Jazmin_Fisica_8d14d7,,,,,
2026-09-12T22:26:05-05:00,PUR_IED_Jazmin_Quimica_801cb5,PUR_IED_Jazmin_Quimica_801cb5,,,,,
2026-09-12T22:26:05-05:00,PUR_IED_JorgeGaitan_Exter_f098d1,PUR_IED_JorgeGaitan_Exter_f098d1,,,,,
2026-09-12T22:26:05-05:00,PUR_IED_JorgeGaitan_STec1_dc9d1d,PUR_IED_JorgeGaitan_STec1_dc9d1d,,,,,
2026-09-12T22:26:05-05:00,PUR_IED_JorgeGaitan_STec2_281e69,PUR_IED_JorgeGaitan_STec2_281e69,,,,,
2026-09-12T22:26:05-05:00,PUR_IED_JorgeSoto_Exterio_d9d0a2,PUR_IED_JorgeSoto_Exterio_d9d0a2,,,,,
2026-09-12T22:26:05-05:00,PUR_IED_JorgeSoto_LabFisi_209c54,PUR_IED_JorgeSoto_LabFisi_209c54,,,,,
2026-09-12T22:26:05-05:00,PUR_IED_JorgeSoto_S103_27b51a,PUR_IED_JorgeSoto_S103_27b51a,,,,,
2026-09-12T22:26:05-05:00,PUR_IED_JoseAcevedo_A02_e965eb,PUR_IED_JoseAcevedo_A02_e965eb,,,,,
2026-09-12T22:26:05-05:00,PUR_IED_JoseAcevedo_A07_dd5b4,PUR_IED_JoseAcevedo_A07_dd5b4,,,,,
2026-09-12T22:26:05-05:00,PUR_IED_JoseAcevedo_Ext_b47484,PUR_IED_JoseAcevedo_Ext_b47484,,,,,
2026-09-12T22:26:05-05:00,PUR_IED_JoseMarti_Exte_5b9bf,PUR_IED_JoseMarti_Exte_5b9bf,,,,,
2026-09-12T22:26:05-05:00,PUR_IED_JoseMarti_LabQuim_1c6c2d,PUR_IED_JoseMarti_LabQuim_1c6c2d,,,,,
2026-09-12T22:26:05-05:00,PUR_IED_JoseMarti_S_info_f5f177,PUR_IED_JoseMarti_S_info_f5f177,,,,,
2026-09-12T22:26:05-05:00,PUR_IED_Josejoaquin_Ext_dfc5dc,PUR_IED_Josejoaquin_Ext_dfc5dc,,,,,
2026-09-12T22:26:05-05:00,PUR_IED_Josejoaquin_S05_5b2a96,PUR_IED_Josejoaquin_S05_5b2a96,,,,,
2026-09-12T22:26:05-05:00,PUR_IED_Josejoaquin_S06_1ce7d2,PUR_IED_Josejoaquin_S06_1ce7d2,,,,,
2026-09-12T22:26:05-05:00,PUR_IED_JulioFlorez_Danza_9b82dd,PUR_IED_JulioFlorez_Danza_9b82dd,,,,,
2026-09-12T22:26:05-05:00,PUR_IED_JulioFlorez_Exter_f9f314,PUR_IED_JulioFlorez_Exter_f9f314,,,,,
2026-09-12T22:26:05-05:00,PUR_IED_JulioFlorez_info2_6b6e08,PUR_IED_JulioFlorez_info2_6b6e08,,,,,
2026-09-12T22:26:05-05:00,PUR_IED_LaBelleza_Aula13_1d00d8,PUR_IED_LaBelleza_Aula13_1d00d8,,,,,
2026-09-12T22:26:05-05:00,PUR_IED_LaBelleza_Ext_7bc08c,PUR_IED_LaBelleza_Ext_7bc08c,,,,,
2026-09-12T22:26:05-05:00,PUR_IED_LaChucua_Ext_8cd6d2,PUR_IED_LaChucua_Ext_8cd6d2,,,,,
2026-09-12T22:26:05-05:00,PUR_IED_LaChucua_S15_f578ce,PUR_IED_LaChucua_S15_f578ce,,,,,
2026-09-12T22:26:05-05:00,PUR_IED_LaChucua_S16_eebcf9,PUR_IED_LaChucua_S16_eebcf9,,,,,
2026-09-12T22:26:05-05:00,PUR_IED_LaFelicidad_Ext_fb5109,PUR_IED_LaFelicidad_Ext_fb5109,,,,,
2026-09-12T22:26:05-05:00,PUR_IED_LaMerced_206_66ebd,PUR_IED_LaMerced_206_66ebd,,,,,
2026-09-12T22:26:05-05:00,PUR_IED_LaMerced_207_6ebd6,PUR_IED_LaMerced_207_6ebd6,,,,,
2026-09-12T22:26:05-05:00,PUR_IED_LaMerced_ext_304311,PUR_IED_LaMerced_ext_304311,,,,,
2026-09-12T22:26:05-05:00,PUR_IED_Laureano_CiencNat_281e5e,PUR_IED_Laureano_CiencNat_281e5e,,,,,
2026-09-12T22:26:05-05:00,PUR_IED_Laureano_Comedor_f65c0a,PUR_IED_Laureano_Comedor_f65c0a,,,,,
2026-09-12T22:26:05-05:00,PUR_IED_Laureano_Exterior_7ab011,PUR_IED_Laureano_Exterior_7ab011,,,,,
2026-09-12T22:26:05-05:00,PUR_IED_LeonGreiff_Exte_dfe560,PUR_IED_LeonGreiff_Exte_dfe560,,,,,
2026-09-12T22:26:05-05:00,PUR_IED_LeonGreiff_S210_f264ed,PUR_IED_LeonGreiff_S210_f264ed,,,,,
2026-09-12T22:26:05-05:00,PUR_IED_LeonGreiff_SQuimi_e8296f,PUR_IED_LeonGreiff_SQuimi_e8296f,,,,,
2026-09-12T22:26:05-05:00,PUR_IED_LlanoOrientalS208_7b9fcd,PUR_IED_LlanoOrientalS208_7b9fcd,,,,,
2026-09-12T22:26:05-05:00,PUR_IED_LlanoOriental_Ext_fb3766,PUR_IED_LlanoOriental_Ext_fb3766,,,,,
2026-09-12T22:26:05-05:00,PUR_IED_LlanoOriental_S208_7b9fcd,PUR_IED_LlanoOriental_S208_7b9fcd,,,,,
2026-09-12T22:26:05-05:00,PUR_IED_LlanoOriental_S9_27b378,PUR_IED_LlanoOriental_S9_27b378,,,,,
2026-09-12T22:26:05-05:00,PUR_IED_LosTejares_1101_477602,PUR_IED_LosTejares_1101_477602,,,,,
2026-09-12T22:26:05-05:00,PUR_IED_LosTejares_11_d2c595,PUR_IED_LosTejares_11_d2c595,,,,,
2026-09-12T22:26:05-05:00,PUR_IED_LosTejares_12_477602,PUR_IED_LosTejares_12_477602,,,,,
2026-09-12T22:26:05-05:00,PUR_IED_LosTejares_Ext_8e2115,PUR_IED_LosTejares_Ext_8e2115,,,,,
2026-09-12T22:26:05-05:00,PUR_IED_MagdalenaO_B202_5ddda3,PUR_IED_MagdalenaO_B202_5ddda3,,,,,
2026-09-12T22:26:05-05:00,PUR_IED_MagdalenaO_B205_fb76e8,PUR_IED_MagdalenaO_B205_fb76e8,,,,,
2026-09-12T22:26:05-05:00,PUR_IED_MagdalenaO_ext_dc69cd,PUR_IED_MagdalenaO_ext_dc69cd,,,,,
2026-09-12T22:26:05-05:00,PUR_IED_ManueCepeda_artes_eee956,PUR_IED_ManueCepeda_artes_eee956,,,,,
2026-09-12T22:26:05-05:00,PUR_IED_ManuelCepeda_Ext_58313,PUR_IED_ManuelCepeda_Ext_58313,,,,,
2026-09-12T22:26:05-05:00,PUR_IED_ManuelCepeda_tec_1c5731,PUR_IED_ManuelCepeda_tec_1c5731,,,,,
2026-09-12T22:26:05-05:00,PUR_IED_ManuelS_Exterior_5b269,PUR_IED_ManuelS_Exterior_5b269,,,,,
2026-09-12T22:26:05-05:00,PUR_IED_ManuelS_Inform_f369ce,PUR_IED_ManuelS_Inform_f369ce,,,,,
2026-09-12T22:26:05-05:00,PUR_IED_ManuelS_SArtes_7d15f1,PUR_IED_ManuelS_SArtes_7d15f1,,,,,
2026-09-12T22:26:05-05:00,PUR_IED_ManuelZapata_303_3ca6,PUR_IED_ManuelZapata_303_3ca6,,,,,
2026-09-12T22:26:05-05:00,PUR_IED_ManuelZapata_311_bfbabc,PUR_IED_ManuelZapata_311_bfbabc,,,,,
2026-09-12T22:26:05-05:00,PUR_IED_ManuelZapata_Ext_50824a,PUR_IED_ManuelZapata_Ext_50824a,,,,,
2026-09-12T22:26:05-05:00,PUR_IED_ManuelitaS_Exteri_656a92,PUR_IED_ManuelitaS_Exteri_656a92,,,,,
2026-09-12T22:26:05-05:00,PUR_IED_ManuelitaS_JuzgDe_f58ec3,PUR_IED_ManuelitaS_JuzgDe_f58ec3,,,,,
2026-09-12T22:26:05-05:00,PUR_IED_ManuelitaS_Recrea_d793db,PUR_IED_ManuelitaS_Recrea_d793db,,,,,
2026-09-12T22:26:05-05:00,PUR_IED_MarFidSuarez_Ext_c27b19,PUR_IED_MarFidSuarez_Ext_c27b19,,,,,
2026-09-12T22:26:05-05:00,PUR_IED_MarFidSuarez_Info_e384d7,PUR_IED_MarFidSuarez_Info_e384d7,,,,,
2026-09-12T22:26:05-05:00,PUR_IED_MarFidSuarez_S306_1d0032,PUR_IED_MarFidSuarez_S306_1d0032,,,,,
2026-09-12T22:26:05-05:00,PUR_IED_Menorah_301_2a25a3,PUR_IED_Menorah_301_2a25a3,,,,,
2026-09-12T22:26:05-05:00,PUR_IED_Menorah_306_37ed3,PUR_IED_Menorah_306_37ed3,,,,,
2026-09-12T22:26:05-05:00,PUR_IED_Menorah_Ext_3e155b,PUR_IED_Menorah_Ext_3e155b,,,,,
2026-09-12T22:26:05-05:00,PUR_IED_MinutoB.Aires_A11_1b1604,PUR_IED_MinutoB.Aires_A11_1b1604,,,,,
2026-09-12T22:26:05-05:00,PUR_IED_MinutoB.Aires_A12_fb5860,PUR_IED_MinutoB.Aires_A12_fb5860,,,,,
2026-09-12T22:26:05-05:00,PUR_IED_MinutoB.Aires_Ext_81293f,PUR_IED_MinutoB.Aires_Ext_81293f,,,,,
2026-09-12T22:26:05-05:00,PUR_IED_MinutoBAires_A11_1b1604,PUR_IED_MinutoBAires_A11_1b1604,,,,,
2026-09-12T22:26:05-05:00,PUR_IED_MinutoBAires_A12_fb5860,PUR_IED_MinutoBAires_A12_fb5860,,,,,
2026-09-12T22:26:05-05:00,PUR_IED_MinutoBAires_Ext_81293f,PUR_IED_MinutoBAires_Ext_81293f,,,,,
2026-09-12T22:26:05-05:00,PUR_IED_Montreal_Aula10_1e4959,PUR_IED_Montreal_Aula10_1e4959,,,,,
2026-09-12T22:26:05-05:00,PUR_IED_Montreal_Aula6_300367,PUR_IED_Montreal_Aula6_300367,,,,,
2026-09-12T22:26:05-05:00,PUR_IED_Montreal_Exterior_91a179,PUR_IED_Montreal_Exterior_91a179,,,,,
2026-09-12T22:26:05-05:00,PUR_IED_Mqgdalena_B202_5ddda3,PUR_IED_Mqgdalena_B202_5ddda3,,,,,
2026-09-12T22:26:05-05:00,PUR_IED_NACUND_Soc_dc8728,PUR_IED_NACUND_Soc_dc8728,,,,,
2026-09-12T22:26:05-05:00,PUR_IED_NACUND_ext_27ad97,PUR_IED_NACUND_ext_27ad97,,,,,
2026-09-12T22:26:05-05:00,PUR_IED_NEsperanza_Ext_d24b61,PUR_IED_NEsperanza_Ext_d24b61,,,,,
2026-09-12T22:26:05-05:00,PUR_IED_NEsperanza_SElect_7d1807,PUR_IED_NEsperanza_SElect_7d1807,,,,,
2026-09-12T22:26:05-05:00,PUR_IED_NEsperanza_SLabor_8b2d0a,PUR_IED_NEsperanza_SLabor_8b2d0a,,,,,
2026-09-12T22:26:05-05:00,PUR_IED_NacionesU_Ext_f661a9,PUR_IED_NacionesU_Ext_f661a9,,,,,
2026-09-12T22:26:05-05:00,PUR_IED_NacionesU_Quimica_66f0a,PUR_IED_NacionesU_Quimica_66f0a,,,,,
2026-09-12T22:26:05-05:00,PUR_IED_NacionesU_S306_1b4b3d,PUR_IED_NacionesU_S306_1b4b3d,,,,,
2026-09-12T22:26:05-05:00,PUR_IED_NestorFA_Ext_e4201c,PUR_IED_NestorFA_Ext_e4201c,,,,,
2026-09-12T22:26:05-05:00,PUR_IED_NestorFA_Laborato_f22fe0,PUR_IED_NestorFA_Laborato_f22fe0,,,,,
2026-09-12T22:26:05-05:00,PUR_IED_NestorFA_S204_dee996,PUR_IED_NestorFA_S204_dee996,,,,,
2026-09-12T22:26:05-05:00,PUR_IED_NidyaQT_Aula03_76999b,PUR_IED_NidyaQT_Aula03_76999b,,,,,
2026-09-12T22:26:05-05:00,PUR_IED_NidyaQT_Aula10_56325,PUR_IED_NidyaQT_Aula10_56325,,,,,
2026-09-12T22:26:05-05:00,PUR_IED_NidyaQT_Ext_46e32d,PUR_IED_NidyaQT_Ext_46e32d,,,,,
2026-09-12T22:26:05-05:00,PUR_IED_NuevaCol_Exterior_d9b859,PUR_IED_NuevaCol_Exterior_d9b859,,,,,
2026-09-12T22:26:05-05:00,PUR_IED_NuevaCol_S1101_76c43b,PUR_IED_NuevaCol_S1101_76c43b,,,,,
2026-09-12T22:26:05-05:00,PUR_IED_NuevaCol_S1102_1ce0b5,PUR_IED_NuevaCol_S1102_1ce0b5,,,,,
2026-09-12T22:26:05-05:00,PUR_IED_OEA_A202_f7e3f2,PUR_IED_OEA_A202_f7e3f2,,,,,
2026-09-12T22:26:05-05:00,PUR_IED_OEA_A203_7d1b8d,PUR_IED_OEA_A203_7d1b8d,,,,,
2026-09-12T22:26:05-05:00,PUR_IED_OEA_Ext_27b593,PUR_IED_OEA_Ext_27b593,,,,,
2026-09-12T22:26:05-05:00,PUR_IED_Ochoa_Ext_1c29da,PUR_IED_Ochoa_Ext_1c29da,,,,,
2026-09-12T22:26:05-05:00,PUR_IED_Ochoa_S205_8b1121,PUR_IED_Ochoa_S205_8b1121,,,,,
2026-09-12T22:26:05-05:00,PUR_IED_Ochoa_Sistemas_f33af6,PUR_IED_Ochoa_Sistemas_f33af6,,,,,
2026-09-12T22:26:05-05:00,PUR_IED_PQuebec_Ext_1c67c7,PUR_IED_PQuebec_Ext_1c67c7,,,,,
2026-09-12T22:26:05-05:00,PUR_IED_PQuebec_S15_23e8e2,PUR_IED_PQuebec_S15_23e8e2,,,,,
2026-09-12T22:26:05-05:00,PUR_IED_PQuebec_S16_8ec76b,PUR_IED_PQuebec_S16_8ec76b,,,,,
2026-09-12T22:26:05-05:00,PUR_IED_PabloN_Ext_49dc96,PUR_IED_PabloN_Ext_49dc96,,,,,
2026-09-12T22:26:05-05:00,PUR_IED_PabloN_S1102_4e3df5,PUR_IED_PabloN_S1102_4e3df5,,,,,
2026-09-12T22:26:05-05:00,PUR_IED_PabloN_S1103_50c94b,PUR_IED_PabloN_S1103_50c94b,,,,,
2026-09-12T22:26:05-05:00,PUR_IED_Palestina_S1101_db9198,PUR_IED_Palestina_S1101_db9198,,,,,
2026-09-12T22:26:05-05:00,PUR_IED_Palestina_S1102_dc54fa,PUR_IED_Palestina_S1102_dc54fa,,,,,
2026-09-12T22:26:05-05:00,PUR_IED_Palestina_ext_4ccce6,PUR_IED_Palestina_ext_4ccce6,,,,,
2026-09-12T22:26:05-05:00,PUR_IED_Panama_Fisica_4d0794,PUR_IED_Panama_Fisica_4d0794,,,,,
2026-09-12T22:26:05-05:00,PUR_IED_Panama_SIngles_a4077e,PUR_IED_Panama_SIngles_a4077e,,,,,
2026-09-12T22:26:05-05:00,PUR_IED_Panama_ext_4c54b4,PUR_IED_Panama_ext_4c54b4,,,,,
2026-09-12T22:26:05-05:00,PUR_IED_ParaisoM_Exterior_8cd7f0,PUR_IED_ParaisoM_Exterior_8cd7f0,,,,,
2026-09-12T22:26:05-05:00,PUR_IED_ParaisoM_Laborato_27af35,PUR_IED_ParaisoM_Laborato_27af35,,,,,
2026-09-12T22:26:05-05:00,PUR_IED_ParaisoM_S304_d1edca,PUR_IED_ParaisoM_S304_d1edca,,,,,
2026-09-12T22:26:05-05:00,PUR_IED_PorfirioBarba_Ext_301466,PUR_IED_PorfirioBarba_Ext_301466,,,,,
2026-09-12T22:26:05-05:00,PUR_IED_PorfirioBarba_S11_df6cd2,PUR_IED_PorfirioBarba_S11_df6cd2,,,,,
2026-09-12T22:26:05-05:00,PUR_IED_PorfirioBarba_S29_27a7d6,PUR_IED_PorfirioBarba_S29_27a7d6,,,,,
2026-09-12T22:26:05-05:00,PUR_IED_PradoV_Exter_8b27ad,PUR_IED_PradoV_Exter_8b27ad,,,,,
2026-09-12T22:26:05-05:00,PUR_IED_PradoV_S301_de65b5,PUR_IED_PradoV_S301_de65b5,,,,,
2026-09-12T22:26:05-05:00,PUR_IED_PradoV_S302_7d2593,PUR_IED_PradoV_S302_7d2593,,,,,
2026-09-12T22:26:05-05:00,PUR_IED_QuirogaAlz_Ext_1ddc82,PUR_IED_QuirogaAlz_Ext_1ddc82,,,,,
2026-09-12T22:26:05-05:00,PUR_IED_QuirogaAlz_S302_9926a3,PUR_IED_QuirogaAlz_S302_9926a3,,,,,
2026-09-12T22:26:05-05:00,PUR_IED_QuirogaAlz_S305_cdf1f1,PUR_IED_QuirogaAlz_S305_cdf1f1,,,,,
2026-09-12T22:26:05-05:00,PUR_IED_RGuatemala_Biling_dc53b7,PUR_IED_RGuatemala_Biling_dc53b7,,,,,
2026-09-12T22:26:05-05:00,PUR_IED_RGuatemala_Ext_1b89a3,PUR_IED_RGuatemala_Ext_1b89a3,,,,,
2026-09-12T22:26:05-05:00,PUR_IED_RGuatemala_Tecnol_281a34,PUR_IED_RGuatemala_Tecnol_281a34,,,,,
2026-09-12T22:26:05-05:00,PUR_IED_RafaNu_Ext_f7c302,PUR_IED_RafaNu_Ext_f7c302,,,,,
2026-09-12T22:26:05-05:00,PUR_IED_RafaNu_S1101_25fde,PUR_IED_RafaNu_S1101_25fde,,,,,
2026-09-12T22:26:05-05:00,PUR_IED_RafaNu_S1102_281517,PUR_IED_RafaNu_S1102_281517,,,,,
2026-09-12T22:26:05-05:00,PUR_IED_RafaelB_S305_ee2783,PUR_IED_RafaelB_S305_ee2783,,,,,
2026-09-12T22:26:05-05:00,PUR_IED_RafaelB_S306_75fe33,PUR_IED_RafaelB_S306_75fe33,,,,,
2026-09-12T22:26:05-05:00,PUR_IED_RafaelB_ext_283336,PUR_IED_RafaelB_ext_283336,2,18,60,4.6722,-74.0737
2026-09-12T22:26:05-05:00,PUR_IED_RafaelUU_Exterior_281a51,PUR_IED_RafaelUU_Exterior_281a51,,,,,
2026-09-12T22:26:05-05:00,PUR_IED_RafaelUU_Human_806b2,PUR_IED_RafaelUU_Human_806b2,,,,,
2026-09-12T22:26:05-05:00,PUR_IED_RafaelUU_Mate2_5680d4,PUR_IED_RafaelUU_Mate2_5680d4,,,,,
2026-09-12T22:26:05-05:00,PUR_IED_RamonSub_Ext_f9eeb9,PUR_IED_RamonSub_Ext_f9eeb9,,,,,
2026-09-12T22:26:05-05:00,PUR_IED_RamonSub_Media_d1f62f,PUR_IED_RamonSub_Media_d1f62f,,,,,
2026-09-12T22:26:05-05:00,PUR_IED_RamonSub_planta_51b82,PUR_IED_RamonSub_planta_51b82,,,,,
2026-09-12T22:26:05-05:00,PUR_IED_RepBoliVene_Exter_27af7c,PUR_IED_RepBoliVene_Exter_27af7c,,,,,
2026-09-12T22:26:05-05:00,PUR_IED_RepBoliVene_SCPT_5ae2ee,PUR_IED_RepBoliVene_SCPT_5ae2ee,,,,,
2026-09-12T22:26:05-05:00,PUR_IED_RepBoliVene_Socia_4b11d5,PUR_IED_RepBoliVene_Socia_4b11d5,,,,,
2026-09-12T22:26:05-05:00,PUR_IED_RepChina_Ext_76d9ee,PUR_IED_RepChina_Ext_76d9ee,,,,,
2026-09-12T22:26:05-05:00,PUR_IED_RepChina_S404_7c804c,PUR_IED_RepChina_S404_7c804c,,,,,
2026-09-12T22:26:05-05:00,PUR_IED_RepChina_S405_df2c33,PUR_IED_RepChina_S405_df2c33,,,,,
2026-09-12T22:26:05-05:00,PUR_IED_RepublicaC_Exteri_7d1ec9,PUR_IED_RepublicaC_Exteri_7d1ec9,,,,,
2026-09-12T22:26:05-05:00,PUR_IED_RepublicaC_S1101_f544b3,PUR_IED_RepublicaC_S1101_f544b3,,,,,
2026-09-12T22:26:05-05:00,PUR_IED_RepublicaC_S1102_7aafc7,PUR_IED_RepublicaC_S1102_7aafc7,,,,,
2026-09-12T22:26:05-05:00,PUR_IED_Ricaurte_Externo_a0ea1,PUR_IED_Ricaurte_Externo_a0ea1,,,,,
2026-09-12T22:26:05-05:00,PUR_IED_Ricaurte_S210_f546fd,PUR_IED_Ricaurte_S210_f546fd,,,,,
2026-09-12T22:26:05-05:00,PUR_IED_Ricaurte_S309_d4452,PUR_IED_Ricaurte_S309_d4452,,,,,
2026-09-12T22:26:05-05:00,PUR_IED_RogelioS_1102_531e69,PUR_IED_RogelioS_1102_531e69,,,,,
2026-09-12T22:26:05-05:00,PUR_IED_RogelioS_Ext_f25a18,PUR_IED_RogelioS_Ext_f25a18,,,,,
2026-09-12T22:26:05-05:00,PUR_IED_SBernardino_Ext_27aff8,PUR_IED_SBernardino_Ext_27aff8,,,,,
2026-09-12T22:26:05-05:00,PUR_IED_SBernardino_SArte_2ffd33,PUR_IED_SBernardino_SArte_2ffd33,,,,,
2026-09-12T22:26:05-05:00,PUR_IED_SBernardino_SIngl_7c7da5,PUR_IED_SBernardino_SIngl_7c7da5,,,,,
2026-09-12T22:26:05-05:00,PUR_IED_Sago_auditorio_dc9d1d,PUR_IED_Sago_auditorio_dc9d1d,,,,,
2026-09-12T22:26:05-05:00,PUR_IED_Saludcoop_Ext_95aac3,PUR_IED_Saludcoop_Ext_95aac3,,,,,
2026-09-12T22:26:05-05:00,PUR_IED_Saludcoop_InfI_90c854,PUR_IED_Saludcoop_InfI_90c854,,,,,
2026-09-12T22:26:05-05:00,PUR_IED_Saludcoop_SMedia_1b93be,PUR_IED_Saludcoop_SMedia_1b93be,,,,,
2026-09-12T22:26:05-05:00,PUR_IED_SanCarlos_1101_1a2360,PUR_IED_SanCarlos_1101_1a2360,,,,,
2026-09-12T22:26:05-05:00,PUR_IED_SanCarlos_1103_7bafb5,PUR_IED_SanCarlos_1103_7bafb5,,,,,
2026-09-12T22:26:05-05:00,PUR_IED_SanCarlos_Ext_b7cd1,PUR_IED_SanCarlos_Ext_b7cd1,,,,,
2026-09-12T22:26:05-05:00,PUR_IED_SanIgnacioBosa11a_50c26e,PUR_IED_SanIgnacioBosa11a_50c26e,,,,,
2026-09-12T22:26:05-05:00,PUR_IED_SanIgnacioBosa11b_371de8,PUR_IED_SanIgnacioBosa11b_371de8,,,,,
2026-09-12T22:26:05-05:00,PUR_IED_SanIgnacioBosaExt_ef0ffc,PUR_IED_SanIgnacioBosaExt_ef0ffc,,,,,
2026-09-12T22:26:05-05:00,PUR_IED_SanIgnacioBosa_11a_50c26e,PUR_IED_SanIgnacioBosa_11a_50c26e,,,,,
2026-09-12T22:26:05-05:00,PUR_IED_SanIgnacioBosa_Ext_ef0ffc,PUR_IED_SanIgnacioBosa_Ext_ef0ffc,,,,,
2026-09-12T22:26:05-05:00,PUR_IED_SanJoseN_intS1101_31c47f,PUR_IED_SanJoseN_intS1101_31c47f,,,,,
2026-09-12T22:26:05-05:00,PUR_IED_SanJoseUsm_Exter_f5d7e8,PUR_IED_SanJoseUsm_Exter_f5d7e8,,,,,
2026-09-12T22:26:05-05:00,PUR_IED_SanJoseUsm_Int11A_cfdef6,PUR_IED_SanJoseUsm_Int11A_cfdef6,,,,,
2026-09-12T22:26:05-05:00,PUR_IED_SilveriaR_IntB5_905349,PUR_IED_SilveriaR_IntB5_905349,,,,,
2026-09-12T22:26:05-05:00,PUR_IED_SilveriaR_IntSD14_981f93,PUR_IED_SilveriaR_IntSD14_981f93,,,,,
2026-09-12T22:26:05-05:00,PUR_IED_SilveriaR_ext_2b651d,PUR_IED_SilveriaR_ext_2b651d,,,,,
2026-09-12T22:26:05-05:00,PUR_IED_SimonB_Exterior_913975,PUR_IED_SimonB_Exterior_913975,,,,,
2026-09-12T22:26:05-05:00,PUR_IED_SimonB_LabQuimi_c56908,PUR_IED_SimonB_LabQuimi_c56908,,,,,
2026-09-12T22:26:05-05:00,PUR_IED_SimonB_informatic_a28c1,PUR_IED_SimonB_informatic_a28c1,,,,,
2026-09-12T22:26:05-05:00,PUR_IED_Sorrento_1102_315f50,PUR_IED_Sorrento_1102_315f50,,,,,
2026-09-12T22:26:05-05:00,PUR_IED_Sorrento_Minte_214eab,PUR_IED_Sorrento_Minte_214eab,,,,,
2026-09-12T22:26:05-05:00,PUR_IED_Sorrento_ext_7c3a0a,PUR_IED_Sorrento_ext_7c3a0a,,,,,
2026-09-12T22:26:05-05:00,PUR_IED_Tabora_Ext_f048ae,PUR_IED_Tabora_Ext_f048ae,,,,,
2026-09-12T22:26:05-05:00,PUR_IED_Tabora_S1102_b07752,PUR_IED_Tabora_S1102_b07752,,,,,
2026-09-12T22:26:05-05:00,PUR_IED_Tabora_S1103_d988f5,PUR_IED_Tabora_S1103_d988f5,,,,,
2026-09-12T22:26:05-05:00,PUR_IED_Tenerife_Ext_1ab188,PUR_IED_Tenerife_Ext_1ab188,,,,,
2026-09-12T22:26:05-05:00,PUR_IED_Tenerife_SDanzas_7bc02e,PUR_IED_Tenerife_SDanzas_7bc02e,,,,,
2026-09-12T22:26:05-05:00,PUR_IED_Tenerife_SIngles_7cc277,PUR_IED_Tenerife_SIngles_7cc277,,,,,
2026-09-12T22:26:05-05:00,PUR_IED_Tibabuyes_Exter_f2683d,PUR_IED_Tibabuyes_Exter_f2683d,,,,,
2026-09-12T22:26:05-05:00,PUR_IED_Tibabuyes_S10_dc87a8,PUR_IED_Tibabuyes_S10_dc87a8,,,,,
2026-09-12T22:26:05-05:00,PUR_IED_Tibabuyes_S15_dc0526,PUR_IED_Tibabuyes_S15_dc0526,,,,,
2026-09-12T22:26:05-05:00,PUR_IED_UnionE_S301_a1043,PUR_IED_UnionE_S301_a1043,,,,,
2026-09-12T22:26:05-05:00,PUR_IED_UnionE_S307_ff6c2f,PUR_IED_UnionE_S307_ff6c2f,,,,,
2026-09-12T22:26:05-05:00,PUR_IED_UnionE__Ext_5e2468,PUR_IED_UnionE__Ext_5e2468,,,,,
2026-09-12T22:26:05-05:00,PUR_IED_VillaRica_Ext_75be7c,PUR_IED_VillaRica_Ext_75be7c,,,,,
2026-09-12T22:26:05-05:00,PUR_IED_VillaRica_S4_cc5dcd,PUR_IED_VillaRica_S4_cc5dcd,,,,,
2026-09-12T22:26:05-05:00,PUR_IED_VillaRica_Sesp_99f5c,PUR_IED_VillaRica_Sesp_99f5c,,,,,
2026-09-12T22:31:12-05:00,PUR_IED_20deJulio_1101_91b1b9,PUR_IED_20deJulio_1101_91b1b9,,,,,
2026-09-12T22:31:12-05:00,PUR_IED_20deJulio_1102_1cfcf9,PUR_IED_20deJulio_1102_1cfcf9,,,,,
2026-09-12T22:31:12-05:00,PUR_IED_20deJulio_Ext_ab60bd,PUR_IED_20deJulio_Ext_ab60bd,,,,,
2026-09-12T22:31:12-05:00,PUR_IED_AgustinFer_Ext_7b9b77,PUR_IED_AgustinFer_Ext_7b9b77,,,,,
2026-09-12T22:31:12-05:00,PUR_IED_AgustinFer_Info2_27b3a7,PUR_IED_AgustinFer_Info2_27b3a7,,,,,
2026-09-12T22:31:12-05:00,PUR_IED_AgustinFer_Sena_54b4eb,PUR_IED_AgustinFer_Sena_54b4eb,,,,,
2026-09-12T22:31:12-05:00,PUR_IED_AlexanderF_1102_caf07b,PUR_IED_AlexanderF_1102_caf07b,,,,,
2026-09-12T22:31:12-05:00,PUR_IED_AlexanderF_1103_c79e71,PUR_IED_AlexanderF_1103_c79e71,,,,,
2026-09-12T22:31:12-05:00,PUR_IED_AlexanderF_Ext_c5b18b,PUR_IED_AlexanderF_Ext_c5b18b,,,,,
2026-09-12T22:31:12-05:00,PUR_IED_AlfonsoLopez_Ext_281d77,PUR_IED_AlfonsoLopez_Ext_281d77,,,,,
2026-09-12T22:31:12-05:00,PUR_IED_AlfonsoLopez_LabF_888ce0,PUR_IED_AlfonsoLopez_LabF_888ce0,,,,,
2026-09-12T22:31:12-05:00,PUR_IED_AlfonsoLopez_SMed_df6a7f,PUR_IED_AlfonsoLopez_SMed_df6a7f,,,,,
2026-09-12T22:31:12-05:00,PUR_IED_AltamiraSO_A2_209f92,PUR_IED_AltamiraSO_A2_209f92,,,,,
2026-09-12T22:31:12-05:00,PUR_IED_AltamiraSO_Ext_186d66,PUR_IED_AltamiraSO_Ext_186d66,,,,,
2026-09-12T22:31:12-05:00,PUR_IED_AltamiraSO_Sistem_27afe1,PUR_IED_AltamiraSO_Sistem_27afe1,,,,,
2026-09-12T22:31:12-05:00,PUR_IED_AlvaroGom_LabQuim_813179,PUR_IED_AlvaroGom_LabQuim_813179,,,,,
2026-09-12T22:31:12-05:00,PUR_IED_AlvaroGomez_Ext_47c7ca,PUR_IED_AlvaroGomez_Ext_47c7ca,,,,,
2026-09-12T22:31:12-05:00,PUR_IED_AlvaroGomez_LabQuim_813179,PUR_IED_AlvaroGomez_LabQuim_813179,,,,,
2026-09-12T22:31:12-05:00,PUR_IED_AlvaroGomez_S23_7ba89f,PUR_IED_AlvaroGomez_S23_7ba89f,,,,,
2026-09-12T22:31:12-05:00,PUR_IED_Amistad_306_dc8728,PUR_IED_Amistad_306_dc8728,,,,,
2026-09-12T22:31:12-05:00,PUR_IED_Amistad_Ext_8cd55e,PUR_IED_Amistad_Ext_8cd55e,,,,,
2026-09-12T22:31:12-05:00,PUR_IED_Amistad_S202_a41169,PUR_IED_Amistad_S202_a41169,,,,,
2026-09-12T22:31:12-05:00,PUR_IED_AndresBello_Bio_fd5f5e,PUR_IED_AndresBello_Bio_fd5f5e,,,,,
2026-09-12T22:31:12-05:00,PUR_IED_AndresBello_ext_dcad65,PUR_IED_AndresBello_ext_dcad65,,,,,
2026-09-12T22:31:12-05:00,PUR_IED_AndresBello_port_eed3ec,PUR_IED_AndresBello_port_eed3ec,,,,,
2026-09-12T22:31:12-05:00,PUR_IED_AngelaR_11b_d90a6b,PUR_IED_AngelaR_11b_d90a6b,,,,,
2026-09-12T22:31:12-05:00,PUR_IED_AngelaR_ext_7cad3e,PUR_IED_AngelaR_ext_7cad3e,3,19,63,4.5825,-74.164497
2026-09-12T22:31:12-05:00,PUR_IED_AntJoseSucre_10mo_df2575,PUR_IED_AntJoseSucre_10mo_df2575,,,,,
2026-09-12T22:31:12-05:00,PUR_IED_AntJoseSucre_Ext_215b36,PUR_IED_AntJoseSucre_Ext_215b36,,,,,
2026-09-12T22:31:12-05:00,PUR_IED_AntJoseSucre_Lab_3139de,PUR_IED_AntJoseSucre_Lab_3139de,,,,,
2026-09-12T22:31:12-05:00,PUR_IED_AntonioGarcia_301_d6b188,PUR_IED_AntonioGarcia_301_d6b188,,,,,
2026-09-12T22:31:12-05:00,PUR_IED_AntonioGarcia_302_88a82,PUR_IED_AntonioGarcia_302_88a82,,,,,
2026-09-12T22:31:12-05:00,PUR_IED_AntonioGarcia_Ext_20950c,PUR_IED_AntonioGarcia_Ext_20950c,,,,,
2026-09-12T22:31:12-05:00,PUR_IED_AntonioVan_Aula2_6dea02,PUR_IED_AntonioVan_Aula2_6dea02,,,,,
2026-09-12T22:31:12-05:00,PUR_IED_AntonioVan_Aula5_f1557e,PUR_IED_AntonioVan_Aula5_f1557e,,,,,
2026-09-12T22:31:12-05:00,PUR_IED_AntonioVan_Ext_406f2f,PUR_IED_AntonioVan_Ext_406f2f,,,,,
2026-09-12T22:31:12-05:00,PUR_IED_Atabanzha_Ext_cc5af9,PUR_IED_Atabanzha_Ext_cc5af9,,,,,
2026-09-12T22:31:12-05:00,PUR_IED_Atabanzha_SA101_56c37,PUR_IED_Atabanzha_SA101_56c37,,,,,
2026-09-12T22:31:12-05:00,PUR_IED_Atabanzha_SB302_27b374,PUR_IED_Atabanzha_SB302_27b374,,,,,
2026-09-12T22:31:12-05:00,PUR_IED_Atahualpa_Ext_fc1748,PUR_IED_Atahualpa_Ext_fc1748,,,,,
2026-09-12T22:31:12-05:00,PUR_IED_Atahualpa_Informa_dc9a95,PUR_IED_Atahualpa_Informa_dc9a95,,,,,
2026-09-12T22:31:12-05:00,PUR_IED_Atahualpa_S1101_f98056,PUR_IED_Atahualpa_S1101_f98056,,,,,
2026-09-12T22:31:12-05:00,PUR_IED_Bellavista_Ext_f5aa74,PUR_IED_Bellavista_Ext_f5aa74,,,,,
2026-09-12T22:31:12-05:00,PUR_IED_Bilbao_11A_916c41,PUR_IED_Bilbao_11A_916c41,,,,,
2026-09-12T22:31:12-05:00,PUR_IED_Bilbao_Ext_fb579a,PUR_IED_Bilbao_Ext_fb579a,,,,,
2026-09-12T22:31:12-05:00,PUR_IED_BrasiliaU_A125_304280,PUR_IED_BrasiliaU_A125_304280,,,,,
2026-09-12T22:31:12-05:00,PUR_IED_BrasiliaU_A203_7c8ca5,PUR_IED_BrasiliaU_A203_7c8ca5,,,,,
2026-09-12T22:31:12-05:00,PUR_IED_BrasiliaU_Ext_8d6e9f,PUR_IED_BrasiliaU_Ext_8d6e9f,7,17,63,4.5175,-74.116302
2026-09-12T22:31:12-05:00,PUR_IED_Brasilia_Ext_fe6593,PUR_IED_Brasilia_Ext_fe6593,,,,,
2026-09-12T22:31:12-05:00,PUR_IED_Brasilia_S24_7c130d,PUR_IED_Brasilia_S24_7c130d,,,,,
2026-09-12T22:31:12-05:00,PUR_IED_Brasilia_S501_186a54,PUR_IED_Brasilia_S501_186a54,,,,,
2026-09-12T22:31:12-05:00,PUR_IED_CHARRY_EXT_f1d5cd,PUR_IED_CHARRY_EXT_f1d5cd,,,,,
2026-09-12T22:31:12-05:00,PUR_IED_CHARRY_INTDANZAS_7a08e6,PUR_IED_CHARRY_INTDANZAS_7a08e6,,,,,
2026-09-12T22:31:12-05:00,PUR_IED_CHARRY_INT_AULA20_dc998d,PUR_IED_CHARRY_INT_AULA20_dc998d,,,,,
2026-09-12T22:31:12-05:00,PUR_IED_COLVIV_1101_S25_7f520a,PUR_IED_COLVIV_1101_S25_7f520a,,,,,
2026-09-12T22:31:12-05:00,PUR_IED_COLVIV_1102_S16_f570ba,PUR_IED_COLVIV_1102_S16_f570ba,,,,,
2026-09-12T22:31:12-05:00,PUR_IED_COLVIV_Ext_1a26fa,PUR_IED_COLVIV_Ext_1a26fa,,,,,
2026-09-12T22:31:12-05:00,PUR_IED_CULPOP_301A_f660f3,PUR_IED_CULPOP_301A_f660f3,,,,,
2026-09-12T22:31:12-05:00,PUR_IED_CULPOP_303_568afe,PUR_IED_CULPOP_303_568afe,,,,,
2026-09-12T22:31:12-05:00,PUR_IED_CULPOP_Ext_e02ccb,PUR_IED_CULPOP_Ext_e02ccb,,,,,
2026-09-12T22:31:12-05:00,PUR_IED_CVillavicen_Ext_26eb58,PUR_IED_CVillavicen_Ext_26eb58,5,15,77,4.487,-74.102798
2026-09-12T22:31:12-05:00,PUR_IED_CVillavicen_Intel_1ce5c2,PUR_IED_CVillavicen_Intel_1ce5c2,,,,,
2026-09-12T22:31:12-05:00,PUR_IED_CVillavicen_Poliv_e0766c,PUR_IED_CVillavicen_Poliv_e0766c,,,,,
2026-09-12T22:31:12-05:00,PUR_IED_CVillavicen_int_1ba140,PUR_IED_CVillavicen_int_1ba140,,,,,
2026-09-12T22:31:12-05:00,PUR_IED_CVillavicen_intel_1ba140,PUR_IED_CVillavicen_intel_1ba140,,,,,
2026-09-12T22:31:12-05:00,PUR_IED_CarlosPizarro_Ext_e307cc,PUR_IED_CarlosPizarro_Ext_e307cc,,,,,
2026-09-12T22:31:12-05:00,PUR_IED_CarlosPizarro_L36_7e5cdb,PUR_IED_CarlosPizarro_L36_7e5cdb,,,,,
2026-09-12T22:31:12-05:00,PUR_IED_CarlosPizarro_L37_c8566c,PUR_IED_CarlosPizarro_L37_c8566c,,,,,
2026-09-12T22:31:12-05:00,PUR_IED_Castilla_Ext_cf35f,PUR_IED_Castilla_Ext_cf35f,,,,,
2026-09-12T22:31:12-05:00,PUR_IED_Castilla_SFisik_360e38,PUR_IED_Castilla_SFisik_360e38,,,,,
2026-09-12T22:31:12-05:00,PUR_IED_Castilla_Sc304_496fbf,PUR_IED_Castilla_Sc304_496fbf,,,,,
2026-09-12T22:31:12-05:00,PUR_IED_CervantesSa_Ext_6b57b,PUR_IED_CervantesSa_Ext_6b57b,12,17,69,4.5128,-74.117203
2026-09-12T22:31:12-05:00,PUR_IED_CervantesSa_S107_225c2b,PUR_IED_CervantesSa_S107_225c2b,,,,,
2026-09-12T22:31:12-05:00,PUR_IED_CervantesSa_S108_940925,PUR_IED_CervantesSa_S108_940925,,,,,
2026-09-12T22:31:12-05:00,PUR_IED_Charry_A20_f53e7c,PUR_IED_Charry_A20_f53e7c,,,,,
2026-09-12T22:31:12-05:00,PUR_IED_Charry_Ext_f1d5cd,PUR_IED_Charry_Ext_f1d5cd,,,,,
2026-09-12T22:31:12-05:00,PUR_IED_Charry_IntAula20_dc998d,PUR_IED_Charry_IntAula20_dc998d,,,,,
2026-09-12T22:31:12-05:00,PUR_IED_Charry_IntDanzas_7a08e6,PUR_IED_Charry_IntDanzas_7a08e6,,,,,
2026-09-12T22:31:12-05:00,PUR_IED_ClememciaC_203_43e2fc,PUR_IED_ClememciaC_203_43e2fc,,,,,
2026-09-12T22:31:12-05:00,PUR_IED_ClememciaC_Ext_1b411a,PUR_IED_ClememciaC_Ext_1b411a,,,,,
2026-09-12T22:31:12-05:00,PUR_IED_ClememciaC_Quimic_44b5fc,PUR_IED_ClememciaC_Quimic_44b5fc,,,,,
2026-09-12T22:31:12-05:00,PUR_IED_ClemenciaC_203_43e2fc,PUR_IED_ClemenciaC_203_43e2fc,,,,,
2026-09-12T22:31:12-05:00,PUR_IED_ClemenciaC_Ext_1b411a,PUR_IED_ClemenciaC_Ext_1b411a,,,,,
2026-09-12T22:31:12-05:00,PUR_IED_ClemenciaC_Quimic_44b5fc,PUR_IED_ClemenciaC_Quimic_44b5fc,,,,,
2026-09-12T22:31:12-05:00,PUR_IED_ColViva_1101_S25_7f520a,PUR_IED_ColViva_1101_S25_7f520a,,,,,
2026-09-12T22:31:12-05:00,PUR_IED_ColViva_1102_S16_f570ba,PUR_IED_ColViva_1102_S16_f570ba,,,,,
2026-09-12T22:31:12-05:00,PUR_IED_ColViva_Ext_1a26fa,PUR_IED_ColViva_Ext_1a26fa,,,,,
2026-09-12T22:31:12-05:00,PUR_IED_ColegioBici_Asist_7c8798,PUR_IED_ColegioBici_Asist_7c8798,,,,,
2026-09-12T22:31:12-05:00,PUR_IED_ColegioBici_Ext_25cbf6,PUR_IED_ColegioBici_Ext_25cbf6,,,,,
2026-09-12T22:31:12-05:00,PUR_IED_ColegioBici_LabQ_7b57db,PUR_IED_ColegioBici_LabQ_7b57db,,,,,
2026-09-12T22:31:12-05:00,PUR_IED_CostaRica_Ext_5e640,PUR_IED_CostaRica_Ext_5e640,,,,,
2026-09-12T22:31:12-05:00,PUR_IED_CostaRica_Quim1_766d1c,PUR_IED_CostaRica_Quim1_766d1c,,,,,
2026-09-12T22:31:12-05:00,PUR_IED_CostaRica__Fisica_6f0873,PUR_IED_CostaRica__Fisica_6f0873,,,,,
2026-09-12T22:31:12-05:00,PUR_IED_CulPopu_301A_f660f3,PUR_IED_CulPopu_301A_f660f3,,,,,
2026-09-12T22:31:12-05:00,PUR_IED_CulPopu_303_568afe,PUR_IED_CulPopu_303_568afe,,,,,
2026-09-12T22:31:12-05:00,PUR_IED_CulPopu_Ext_e02ccb,PUR_IED_CulPopu_Ext_e02ccb,,,,,
2026-09-12T22:31:12-05:00,PUR_IED_Cundinamarca_Ext_f15985,PUR_IED_Cundinamarca_Ext_f15985,,,,,
2026-09-12T22:31:12-05:00,PUR_IED_Cundinamarca_Info_7aa5d7,PUR_IED_Cundinamarca_Info_7aa5d7,,,,,
2026-09-12T22:31:12-05:00,PUR_IED_Cundinamarca_Tec2_f449c7,PUR_IED_Cundinamarca_Tec2_f449c7,,,,,
2026-09-12T22:31:12-05:00,PUR_IED_DiegoM_Aula1_27b314,PUR_IED_DiegoM_Aula1_27b314,,,,,
2026-09-12T22:31:12-05:00,PUR_IED_DiegoM_Ext_d80ac8,PUR_IED_DiegoM_Ext_d80ac8,,,,,
2026-09-12T22:31:12-05:00,PUR_IED_DiegoM_S25_da928f,PUR_IED_DiegoM_S25_da928f,,,,,
2026-09-12T22:31:12-05:00,PUR_IED_ELRODEO_360881,PUR_IED_ELRODEO_360881,,,,,
2026-09-12T22:31:12-05:00,PUR_IED_ELRODEO_ext_360881,PUR_IED_ELRODEO_ext_360881,,,,,
2026-09-12T22:31:12-05:00,PUR_IED_EduardoU_Ext_1c1969,PUR_IED_EduardoU_Ext_1c1969,,,,,
2026-09-12T22:31:12-05:00,PUR_IED_EduardoU_SCiencia_4dfb94,PUR_IED_EduardoU_SCiencia_4dfb94,,,,,
2026-09-12T22:31:12-05:00,PUR_IED_EduardoU_SQuimica_5a46e7,PUR_IED_EduardoU_SQuimica_5a46e7,,,,,
2026-09-12T22:31:12-05:00,PUR_IED_ElRodeo_Aula14_676984,PUR_IED_ElRodeo_Aula14_676984,,,,,
2026-09-12T22:31:12-05:00,PUR_IED_ElRodeo_Aula16_2dd35b,PUR_IED_ElRodeo_Aula16_2dd35b,,,,,
2026-09-12T22:31:12-05:00,PUR_IED_ElRodeo_Ext_360881,PUR_IED_ElRodeo_Ext_360881,,,,,
2026-09-12T22:31:12-05:00,PUR_IED_ElRodeo_Exterior_8c6d28,PUR_IED_ElRodeo_Exterior_8c6d28,,,,,
2026-09-12T22:31:12-05:00,PUR_IED_ElRodeo_ext_360881,PUR_IED_ElRodeo_ext_360881,,,,,
2026-09-12T22:31:12-05:00,PUR_IED_EmmaReyes_Ext_987625,PUR_IED_EmmaReyes_Ext_987625,7,21,52,4.6367,-74.1511
2026-09-12T22:31:12-05:00,PUR_IED_Ensueño_Ext_7f0250,PUR_IED_Ensueño_Ext_7f0250,,,,,
2026-09-12T22:31:12-05:00,PUR_IED_EscNormal_Ext_5fef3b,PUR_IED_EscNormal_Ext_5fef3b,4,18,61,4.5852,-74.096901
2026-09-12T22:31:12-05:00,PUR_IED_EscNormal_S309_5b263,PUR_IED_EscNormal_S309_5b263,,,,,
2026-09-12T22:31:12-05:00,PUR_IED_EscNormal_S310_27b3b8,PUR_IED_EscNormal_S310_27b3b8,,,,,
2026-09-12T22:31:12-05:00,PUR_IED_Evangelista_Conta_f6cd4f,PUR_IED_Evangelista_Conta_f6cd4f,,,,,
2026-09-12T22:31:12-05:00,PUR_IED_Evangelista_Cri_5e16a,PUR_IED_Evangelista_Cri_5e16a,,,,,
2026-09-12T22:31:12-05:00,PUR_IED_Evangelista_Exter_754066,PUR_IED_Evangelista_Exter_754066,,,,,
2026-09-12T22:31:12-05:00,PUR_IED_FMiranda_S209_5cc2a3,PUR_IED_FMiranda_S209_5cc2a3,,,,,
2026-09-12T22:31:12-05:00,PUR_IED_FMiranda_S303_19e344,PUR_IED_FMiranda_S303_19e344,,,,,
2026-09-12T22:31:12-05:00,PUR_IED_FMiranda_ext_f53e7c,PUR_IED_FMiranda_ext_f53e7c,,,,,
2026-09-12T22:31:12-05:00,PUR_IED_FabioLozano_Bibli_1cee05,PUR_IED_FabioLozano_Bibli_1cee05,,,,,
2026-09-12T22:31:12-05:00,PUR_IED_FabioLozano_Ext_6ea285,PUR_IED_FabioLozano_Ext_6ea285,,,,,
2026-09-12T22:31:12-05:00,PUR_IED_FabioLozano_SLudi_f09e1e,PUR_IED_FabioLozano_SLudi_f09e1e,,,,,
2026-09-12T22:31:12-05:00,PUR_IED_FaustinoS_Aula07_27a731,PUR_IED_FaustinoS_Aula07_27a731,,,,,
2026-09-12T22:31:12-05:00,PUR_IED_FaustinoS_Ext_7b936f,PUR_IED_FaustinoS_Ext_7b936f,,,,,
2026-09-12T22:31:12-05:00,PUR_IED_FaustinoS_Fisica_da2c60,PUR_IED_FaustinoS_Fisica_da2c60,,,,,
2026-09-12T22:31:12-05:00,PUR_IED_FeGarciaLo_Ext_dc68ee,PUR_IED_FeGarciaLo_Ext_dc68ee,,,,,
2026-09-12T22:31:12-05:00,PUR_IED_FeGarciaLo_SDanza_f70a59,PUR_IED_FeGarciaLo_SDanza_f70a59,,,,,
2026-09-12T22:31:12-05:00,PUR_IED_FeGarciaLo_SMusic_125cdd,PUR_IED_FeGarciaLo_SMusic_125cdd,,,,,
2026-09-12T22:31:12-05:00,PUR_IED_FederalAlema_Exte_50c345,PUR_IED_FederalAlema_Exte_50c345,,,,,
2026-09-12T22:31:12-05:00,PUR_IED_FederalAlema_S31_f18371,PUR_IED_FederalAlema_S31_f18371,,,,,
2026-09-12T22:31:12-05:00,PUR_IED_FederalAlema_S901_a62cd,PUR_IED_FederalAlema_S901_a62cd,,,,,
2026-09-12T22:31:12-05:00,PUR_IED_FilarmonicaS_A5_f35eb1,PUR_IED_FilarmonicaS_A5_f35eb1,,,,,
2026-09-12T22:31:12-05:00,PUR_IED_FilarmonicaS_Ext_8a3bde,PUR_IED_FilarmonicaS_Ext_8a3bde,,,,,
2026-09-12T22:31:12-05:00,PUR_IED_FilarmonicaS_Spol_406114,PUR_IED_FilarmonicaS_Spol_406114,,,,,
2026-09-12T22:31:12-05:00,PUR_IED_FlorentinoG_A13_d1fa59,PUR_IED_FlorentinoG_A13_d1fa59,,,,,
2026-09-12T22:31:12-05:00,PUR_IED_FlorentinoG_Ext_1ce6ce,PUR_IED_FlorentinoG_Ext_1ce6ce,,,,,
2026-09-12T22:31:12-05:00,PUR_IED_FlorentinoG_Idiom_a66aac,PUR_IED_FlorentinoG_Idiom_a66aac,,,,,
2026-09-12T22:31:12-05:00,PUR_IED_FranciscoMati_Ext_e3869d,PUR_IED_FranciscoMati_Ext_e3869d,,,,,
2026-09-12T22:31:12-05:00,PUR_IED_FranciscoMati_S13_f31c67,PUR_IED_FranciscoMati_S13_f31c67,,,,,
2026-09-12T22:31:12-05:00,PUR_IED_FranciscoMati_S14_97dead,PUR_IED_FranciscoMati_S14_97dead,,,,,
2026-09-12T22:31:12-05:00,PUR_IED_FranciscoPS_Ext_7bfa9a,PUR_IED_FranciscoPS_Ext_7bfa9a,3,19,61,4.5899,-74.110397
2026-09-12T22:31:12-05:00,PUR_IED_FranciscoPS_Infor_fb8f4c,PUR_IED_FranciscoPS_Infor_fb8f4c,,,,,
2026-09-12T22:31:12-05:00,PUR_IED_FranciscoPS_Quimi_94d39c,PUR_IED_FranciscoPS_Quimi_94d39c,,,,,
2026-09-12T22:31:12-05:00,PUR_IED_FranciscoP_LabQ_d7e148,PUR_IED_FranciscoP_LabQ_d7e148,,,,,
2026-09-12T22:31:12-05:00,PUR_IED_FranciscoP_S28_cf9b30,PUR_IED_FranciscoP_S28_cf9b30,,,,,
2026-09-12T22:31:12-05:00,PUR_IED_FranciscoP_ext_e2313,PUR_IED_FranciscoP_ext_e2313,,,,,
2026-09-12T22:31:12-05:00,PUR_IED_FriederichN_Ext_8ac92a,PUR_IED_FriederichN_Ext_8ac92a,,,,,
2026-09-12T22:31:12-05:00,PUR_IED_FriederichN_S301_dd7e5a,PUR_IED_FriederichN_S301_dd7e5a,,,,,
2026-09-12T22:31:12-05:00,PUR_IED_FriederichN_S308_761f4f,PUR_IED_FriederichN_S308_761f4f,,,,,
2026-09-12T22:31:12-05:00,PUR_IED_GSantander_Aula10_533dd7,PUR_IED_GSantander_Aula10_533dd7,,,,,
2026-09-12T22:31:12-05:00,PUR_IED_GSantander_Aula12_fd4e4f,PUR_IED_GSantander_Aula12_fd4e4f,,,,,
2026-09-12T22:31:12-05:00,PUR_IED_GSantander_Aula310_533dd7,PUR_IED_GSantander_Aula310_533dd7,,,,,
2026-09-12T22:31:12-05:00,PUR_IED_GSantander_Aula312_fd4e4f,PUR_IED_GSantander_Aula312_fd4e4f,,,,,
2026-09-12T22:31:12-05:00,PUR_IED_GSantander_Ext_5f66b0,PUR_IED_GSantander_Ext_5f66b0,,,,,
2026-09-12T22:31:12-05:00,PUR_IED_GYomasa_Ext_f6bea5,PUR_IED_GYomasa_Ext_f6bea5,,,,,
2026-09-12T22:31:12-05:00,PUR_IED_GYomasa_LBiol_2c41aa,PUR_IED_GYomasa_LBiol_2c41aa,,,,,
2026-09-12T22:31:12-05:00,PUR_IED_GYomasa_LQuim_33c80,PUR_IED_GYomasa_LQuim_33c80,,,,,
2026-09-12T22:31:12-05:00,PUR_IED_GabBetMejia_Cienc_5a99c,PUR_IED_GabBetMejia_Cienc_5a99c,,,,,
2026-09-12T22:31:12-05:00,PUR_IED_GabBetMejia_Ext_9153d0,PUR_IED_GabBetMejia_Ext_9153d0,,,,,
2026-09-12T22:31:12-05:00,PUR_IED_GabBetMejia_Lab_f55347,PUR_IED_GabBetMejia_Lab_f55347,,,,,
2026-09-12T22:31:12-05:00,PUR_IED_GabBetanMejia_Ext_9153d0,PUR_IED_GabBetanMejia_Ext_9153d0,,,,,
2026-09-12T22:31:12-05:00,PUR_IED_Gaitana_Aula13_7aac11,PUR_IED_Gaitana_Aula13_7aac11,,,,,
2026-09-12T22:31:12-05:00,PUR_IED_Gaitana_Ext_5fcf4,PUR_IED_Gaitana_Ext_5fcf4,,,,,
2026-09-12T22:31:12-05:00,PUR_IED_Gaitana_LabFisica_644448,PUR_IED_Gaitana_LabFisica_644448,,,,,
2026-09-12T22:31:12-05:00,PUR_IED_GenSantander_Dise_8ac858,PUR_IED_GenSantander_Dise_8ac858,,,,,
2026-09-12T22:31:12-05:00,PUR_IED_GenSantander_Ext_8d5dfe,PUR_IED_GenSantander_Ext_8d5dfe,,,,,
2026-09-12T22:31:12-05:00,PUR_IED_GenSantander_Info_6c25b,PUR_IED_GenSantander_Info_6c25b,,,,,
2026-09-12T22:31:12-05:00,PUR_IED_GustavoMo_Exterio_75e63d,PUR_IED_GustavoMo_Exterio_75e63d,,,,,
2026-09-12T22:31:12-05:00,PUR_IED_GustavoMo_LabFisi_224d37,PUR_IED_GustavoMo_LabFisi_224d37,,,,,
2026-09-12T22:31:12-05:00,PUR_IED_GustavoMo_S208_3e6918,PUR_IED_GustavoMo_S208_3e6918,,,,,
2026-09-12T22:31:12-05:00,PUR_IED_GustavoR_A02_8cd4a8,PUR_IED_GustavoR_A02_8cd4a8,,,,,
2026-09-12T22:31:12-05:00,PUR_IED_GustavoR_B11_5b0ed,PUR_IED_GustavoR_B11_5b0ed,,,,,
2026-09-12T22:31:12-05:00,PUR_IED_GustavoR_Ext_7a0c90,PUR_IED_GustavoR_Ext_7a0c90,,,,,
2026-09-12T22:31:12-05:00,PUR_IED_HernandoDuran_Ext_8cd82b,PUR_IED_HernandoDuran_Ext_8cd82b,,,,,
2026-09-12T22:31:12-05:00,PUR_IED_HernandoDuran_S24_2772c6,PUR_IED_HernandoDuran_S24_2772c6,,,,,
2026-09-12T22:31:12-05:00,PUR_IED_HernandoDuran_S30_f2de41,PUR_IED_HernandoDuran_S30_f2de41,,,,,
2026-09-12T22:31:12-05:00,PUR_IED_HolguInUr_S1101_8cd732,PUR_IED_HolguInUr_S1101_8cd732,,,,,
2026-09-12T22:31:12-05:00,PUR_IED_HolguinUr_Exter_ddae6d,PUR_IED_HolguinUr_Exter_ddae6d,,,,,
2026-09-12T22:31:12-05:00,PUR_IED_HolguinUr_LabQuim_92b952,PUR_IED_HolguinUr_LabQuim_92b952,,,,,
2026-09-12T22:31:12-05:00,PUR_IED_Isabel-II_Ext_5245cc,PUR_IED_Isabel-II_Ext_5245cc,4,19,60,4.6336,-74.153
2026-09-12T22:31:12-05:00,PUR_IED_Isabel-II_S_idiom_1c29aa,PUR_IED_Isabel-II_S_idiom_1c29aa,,,,,
2026-09-12T22:31:12-05:00,PUR_IED_Isabel-II_S_infor_fd741,PUR_IED_Isabel-II_S_infor_fd741,,,,,
2026-09-12T22:31:12-05:00,PUR_IED_IsidroSur_Exterio_5b90ea,PUR_IED_IsidroSur_Exterio_5b90ea,,,,,
2026-09-12T22:31:12-05:00,PUR_IED_IsidroSur_LabTec_56697a,PUR_IED_IsidroSur_LabTec_56697a,,,,,
2026-09-12T22:31:12-05:00,PUR_IED_IsidroSur_Robotic_b7c38f,PUR_IED_IsidroSur_Robotic_b7c38f,,,,,
2026-09-12T22:31:12-05:00,PUR_IED_IsmaelPerd_Ext_7b6672,PUR_IED_IsmaelPerd_Ext_7b6672,,,,,
2026-09-12T22:31:12-05:00,PUR_IED_IsmaelPerd_Inform_306540,PUR_IED_IsmaelPerd_Inform_306540,,,,,
2026-09-12T22:31:12-05:00,PUR_IED_IsmaelPerd_S30_2e2c83,PUR_IED_IsmaelPerd_S30_2e2c83,,,,,
2026-09-12T22:31:12-05:00,PUR_IED_JLozano_Exter_432910,PUR_IED_JLozano_Exter_432910,,,,,
2026-09-12T22:31:12-05:00,PUR_IED_JLozano_salaMulti_df5125,PUR_IED_JLozano_salaMulti_df5125,,,,,
2026-09-12T22:31:12-05:00,PUR_IED_JMCordoba_206_86f80b,PUR_IED_JMCordoba_206_86f80b,,,,,
2026-09-12T22:31:12-05:00,PUR_IED_JMCordoba_Ext_27ad97,PUR_IED_JMCordoba_Ext_27ad97,,,,,
2026-09-12T22:31:12-05:00,PUR_IED_JMCordoba_S310_d59ab4,PUR_IED_JMCordoba_S310_d59ab4,,,,,
2026-09-12T22:31:12-05:00,PUR_IED_Japon_Ext_549100,PUR_IED_Japon_Ext_549100,,,,,
2026-09-12T22:31:12-05:00,PUR_IED_Japon_Laboratorio_bec51d,PUR_IED_Japon_Laboratorio_bec51d,,,,,
2026-09-12T22:31:12-05:00,PUR_IED_Japon_informatica_d99327,PUR_IED_Japon_informatica_d99327,,,,,
2026-09-12T22:31:12-05:00,PUR_IED_Jazmin_Ext_d27bda,PUR_IED_Jazmin_Ext_d27bda,,,,,
2026-09-12T22:31:12-05:00,PUR_IED_Jazmin_Fisica_8d14d7,PUR_IED_Jazmin_Fisica_8d14d7,,,,,
2026-09-12T22:31:12-05:00,PUR_IED_Jazmin_Quimica_801cb5,PUR_IED_Jazmin_Quimica_801cb5,,,,,
2026-09-12T22:31:12-05:00,PUR_IED_JorgeGaitan_Exter_f098d1,PUR_IED_JorgeGaitan_Exter_f098d1,,,,,
2026-09-12T22:31:12-05:00,PUR_IED_JorgeGaitan_STec1_dc9d1d,PUR_IED_JorgeGaitan_STec1_dc9d1d,,,,,
2026-09-12T22:31:12-05:00,PUR_IED_JorgeGaitan_STec2_281e69,PUR_IED_JorgeGaitan_STec2_281e69,,,,,
2026-09-12T22:31:12-05:00,PUR_IED_JorgeSoto_Exterio_d9d0a2,PUR_IED_JorgeSoto_Exterio_d9d0a2,,,,,
2026-09-12T22:31:12-05:00,PUR_IED_JorgeSoto_LabFisi_209c54,PUR_IED_JorgeSoto_LabFisi_209c54,,,,,
2026-09-12T22:31:12-05:00,PUR_IED_JorgeSoto_S103_27b51a,PUR_IED_JorgeSoto_S103_27b51a,,,,,
2026-09-12T22:31:12-05:00,PUR_IED_JoseAcevedo_A02_e965eb,PUR_IED_JoseAcevedo_A02_e965eb,,,,,
2026-09-12T22:31:12-05:00,PUR_IED_JoseAcevedo_A07_dd5b4,PUR_IED_JoseAcevedo_A07_dd5b4,,,,,
2026-09-12T22:31:12-05:00,PUR_IED_JoseAcevedo_Ext_b47484,PUR_IED_JoseAcevedo_Ext_b47484,,,,,
2026-09-12T22:31:12-05:00,PUR_IED_JoseMarti_Exte_5b9bf,PUR_IED_JoseMarti_Exte_5b9bf,,,,,
2026-09-12T22:31:12-05:00,PUR_IED_JoseMarti_LabQuim_1c6c2d,PUR_IED_JoseMarti_LabQuim_1c6c2d,,,,,
2026-09-12T22:31:12-05:00,PUR_IED_JoseMarti_S_info_f5f177,PUR_IED_JoseMarti_S_info_f5f177,,,,,
2026-09-12T22:31:12-05:00,PUR_IED_Josejoaquin_Ext_dfc5dc,PUR_IED_Josejoaquin_Ext_dfc5dc,,,,,
2026-09-12T22:31:12-05:00,PUR_IED_Josejoaquin_S05_5b2a96,PUR_IED_Josejoaquin_S05_5b2a96,,,,,
2026-09-12T22:31:12-05:00,PUR_IED_Josejoaquin_S06_1ce7d2,PUR_IED_Josejoaquin_S06_1ce7d2,,,,,
2026-09-12T22:31:12-05:00,PUR_IED_JulioFlorez_Danza_9b82dd,PUR_IED_JulioFlorez_Danza_9b82dd,,,,,
2026-09-12T22:31:12-05:00,PUR_IED_JulioFlorez_Exter_f9f314,PUR_IED_JulioFlorez_Exter_f9f314,,,,,
2026-09-12T22:31:12-05:00,PUR_IED_JulioFlorez_info2_6b6e08,PUR_IED_JulioFlorez_info2_6b6e08,,,,,
2026-09-12T22:31:12-05:00,PUR_IED_LaBelleza_Aula13_1d00d8,PUR_IED_LaBelleza_Aula13_1d00d8,,,,,
2026-09-12T22:31:12-05:00,PUR_IED_LaBelleza_Ext_7bc08c,PUR_IED_LaBelleza_Ext_7bc08c,,,,,
2026-09-12T22:31:12-05:00,PUR_IED_LaChucua_Ext_8cd6d2,PUR_IED_LaChucua_Ext_8cd6d2,,,,,
2026-09-12T22:31:12-05:00,PUR_IED_LaChucua_S15_f578ce,PUR_IED_LaChucua_S15_f578ce,,,,,
2026-09-12T22:31:12-05:00,PUR_IED_LaChucua_S16_eebcf9,PUR_IED_LaChucua_S16_eebcf9,,,,,
2026-09-12T22:31:12-05:00,PUR_IED_LaFelicidad_Ext_fb5109,PUR_IED_LaFelicidad_Ext_fb5109,,,,,
2026-09-12T22:31:12-05:00,PUR_IED_LaMerced_206_66ebd,PUR_IED_LaMerced_206_66ebd,,,,,
2026-09-12T22:31:12-05:00,PUR_IED_LaMerced_207_6ebd6,PUR_IED_LaMerced_207_6ebd6,,,,,
2026-09-12T22:31:12-05:00,PUR_IED_LaMerced_ext_304311,PUR_IED_LaMerced_ext_304311,,,,,
2026-09-12T22:31:12-05:00,PUR_IED_Laureano_CiencNat_281e5e,PUR_IED_Laureano_CiencNat_281e5e,,,,,
2026-09-12T22:31:12-05:00,PUR_IED_Laureano_Comedor_f65c0a,PUR_IED_Laureano_Comedor_f65c0a,,,,,
2026-09-12T22:31:12-05:00,PUR_IED_Laureano_Exterior_7ab011,PUR_IED_Laureano_Exterior_7ab011,,,,,
2026-09-12T22:31:12-05:00,PUR_IED_LeonGreiff_Exte_dfe560,PUR_IED_LeonGreiff_Exte_dfe560,,,,,
2026-09-12T22:31:12-05:00,PUR_IED_LeonGreiff_S210_f264ed,PUR_IED_LeonGreiff_S210_f264ed,,,,,
2026-09-12T22:31:12-05:00,PUR_IED_LeonGreiff_SQuimi_e8296f,PUR_IED_LeonGreiff_SQuimi_e8296f,,,,,
2026-09-12T22:31:12-05:00,PUR_IED_LlanoOrientalS208_7b9fcd,PUR_IED_LlanoOrientalS208_7b9fcd,,,,,
2026-09-12T22:31:12-05:00,PUR_IED_LlanoOriental_Ext_fb3766,PUR_IED_LlanoOriental_Ext_fb3766,,,,,
2026-09-12T22:31:12-05:00,PUR_IED_LlanoOriental_S208_7b9fcd,PUR_IED_LlanoOriental_S208_7b9fcd,,,,,
2026-09-12T22:31:12-05:00,PUR_IED_LlanoOriental_S9_27b378,PUR_IED_LlanoOriental_S9_27b378,,,,,
2026-09-12T22:31:12-05:00,PUR_IED_LosTejares_1101_477602,PUR_IED_LosTejares_1101_477602,,,,,
2026-09-12T22:31:12-05:00,PUR_IED_LosTejares_11_d2c595,PUR_IED_LosTejares_11_d2c595,,,,,
2026-09-12T22:31:12-05:00,PUR_IED_LosTejares_12_477602,PUR_IED_LosTejares_12_477602,,,,,
2026-09-12T22:31:12-05:00,PUR_IED_LosTejares_Ext_8e2115,PUR_IED_LosTejares_Ext_8e2115,,,,,
2026-09-12T22:31:12-05:00,PUR_IED_MagdalenaO_B202_5ddda3,PUR_IED_MagdalenaO_B202_5ddda3,,,,,
2026-09-12T22:31:12-05:00,PUR_IED_MagdalenaO_B205_fb76e8,PUR_IED_MagdalenaO_B205_fb76e8,,,,,
2026-09-12T22:31:12-05:00,PUR_IED_MagdalenaO_ext_dc69cd,PUR_IED_MagdalenaO_ext_dc69cd,,,,,
2026-09-12T22:31:12-05:00,PUR_IED_ManueCepeda_artes_eee956,PUR_IED_ManueCepeda_artes_eee956,,,,,
2026-09-12T22:31:12-05:00,PUR_IED_ManuelCepeda_Ext_58313,PUR_IED_ManuelCepeda_Ext_58313,,,,,
2026-09-12T22:31:12-05:00,PUR_IED_ManuelCepeda_tec_1c5731,PUR_IED_ManuelCepeda_tec_1c5731,,,,,
2026-09-12T22:31:12-05:00,PUR_IED_ManuelS_Exterior_5b269,PUR_IED_ManuelS_Exterior_5b269,,,,,
2026-09-12T22:31:12-05:00,PUR_IED_ManuelS_Inform_f369ce,PUR_IED_ManuelS_Inform_f369ce,,,,,
2026-09-12T22:31:12-05:00,PUR_IED_ManuelS_SArtes_7d15f1,PUR_IED_ManuelS_SArtes_7d15f1,,,,,
2026-09-12T22:31:12-05:00,PUR_IED_ManuelZapata_303_3ca6,PUR_IED_ManuelZapata_303_3ca6,,,,,
2026-09-12T22:31:12-05:00,PUR_IED_ManuelZapata_311_bfbabc,PUR_IED_ManuelZapata_311_bfbabc,,,,,
2026-09-12T22:31:12-05:00,PUR_IED_ManuelZapata_Ext_50824a,PUR_IED_ManuelZapata_Ext_50824a,,,,,
2026-09-12T22:31:12-05:00,PUR_IED_ManuelitaS_Exteri_656a92,PUR_IED_ManuelitaS_Exteri_656a92,,,,,
2026-09-12T22:31:12-05:00,PUR_IED_ManuelitaS_JuzgDe_f58ec3,PUR_IED_ManuelitaS_JuzgDe_f58ec3,,,,,
2026-09-12T22:31:12-05:00,PUR_IED_ManuelitaS_Recrea_d793db,PUR_IED_ManuelitaS_Recrea_d793db,,,,,
2026-09-12T22:31:12-05:00,PUR_IED_MarFidSuarez_Ext_c27b19,PUR_IED_MarFidSuarez_Ext_c27b19,,,,,
2026-09-12T22:31:12-05:00,PUR_IED_MarFidSuarez_Info_e384d7,PUR_IED_MarFidSuarez_Info_e384d7,,,,,
2026-09-12T22:31:12-05:00,PUR_IED_MarFidSuarez_S306_1d0032,PUR_IED_MarFidSuarez_S306_1d0032,,,,,
2026-09-12T22:31:12-05:00,PUR_IED_Menorah_301_2a25a3,PUR_IED_Menorah_301_2a25a3,,,,,
2026-09-12T22:31:12-05:00,PUR_IED_Menorah_306_37ed3,PUR_IED_Menorah_306_37ed3,,,,,
2026-09-12T22:31:12-05:00,PUR_IED_Menorah_Ext_3e155b,PUR_IED_Menorah_Ext_3e155b,,,,,
2026-09-12T22:31:12-05:00,PUR_IED_MinutoB.Aires_A11_1b1604,PUR_IED_MinutoB.Aires_A11_1b1604,,,,,
2026-09-12T22:31:12-05:00,PUR_IED_MinutoB.Aires_A12_fb5860,PUR_IED_MinutoB.Aires_A12_fb5860,,,,,
2026-09-12T22:31:12-05:00,PUR_IED_MinutoB.Aires_Ext_81293f,PUR_IED_MinutoB.Aires_Ext_81293f,,,,,
2026-09-12T22:31:12-05:00,PUR_IED_MinutoBAires_A11_1b1604,PUR_IED_MinutoBAires_A11_1b1604,,,,,
2026-09-12T22:31:12-05:00,PUR_IED_MinutoBAires_A12_fb5860,PUR_IED_MinutoBAires_A12_fb5860,,,,,
2026-09-12T22:31:12-05:00,PUR_IED_MinutoBAires_Ext_81293f,PUR_IED_MinutoBAires_Ext_81293f,,,,,
2026-09-12T22:31:12-05:00,PUR_IED_Montreal_Aula10_1e4959,PUR_IED_Montreal_Aula10_1e4959,,,,,
2026-09-12T22:31:12-05:00,PUR_IED_Montreal_Aula6_300367,PUR_IED_Montreal_Aula6_300367,,,,,
2026-09-12T22:31:12-05:00,PUR_IED_Montreal_Exterior_91a179,PUR_IED_Montreal_Exterior_91a179,,,,,
2026-09-12T22:31:12-05:00,PUR_IED_Mqgdalena_B202_5ddda3,PUR_IED_Mqgdalena_B202_5ddda3,,,,,
2026-09-12T22:31:12-05:00,PUR_IED_NACUND_Soc_dc8728,PUR_IED_NACUND_Soc_dc8728,,,,,
2026-09-12T22:31:12-05:00,PUR_IED_NACUND_ext_27ad97,PUR_IED_NACUND_ext_27ad97,,,,,
2026-09-12T22:31:12-05:00,PUR_IED_NEsperanza_Ext_d24b61,PUR_IED_NEsperanza_Ext_d24b61,,,,,
2026-09-12T22:31:12-05:00,PUR_IED_NEsperanza_SElect_7d1807,PUR_IED_NEsperanza_SElect_7d1807,,,,,
2026-09-12T22:31:12-05:00,PUR_IED_NEsperanza_SLabor_8b2d0a,PUR_IED_NEsperanza_SLabor_8b2d0a,,,,,
2026-09-12T22:31:12-05:00,PUR_IED_NacionesU_Ext_f661a9,PUR_IED_NacionesU_Ext_f661a9,,,,,
2026-09-12T22:31:12-05:00,PUR_IED_NacionesU_Quimica_66f0a,PUR_IED_NacionesU_Quimica_66f0a,,,,,
2026-09-12T22:31:12-05:00,PUR_IED_NacionesU_S306_1b4b3d,PUR_IED_NacionesU_S306_1b4b3d,,,,,
2026-09-12T22:31:12-05:00,PUR_IED_NestorFA_Ext_e4201c,PUR_IED_NestorFA_Ext_e4201c,,,,,
2026-09-12T22:31:12-05:00,PUR_IED_NestorFA_Laborato_f22fe0,PUR_IED_NestorFA_Laborato_f22fe0,,,,,
2026-09-12T22:31:12-05:00,PUR_IED_NestorFA_S204_dee996,PUR_IED_NestorFA_S204_dee996,,,,,
2026-09-12T22:31:12-05:00,PUR_IED_NidyaQT_Aula03_76999b,PUR_IED_NidyaQT_Aula03_76999b,,,,,
2026-09-12T22:31:12-05:00,PUR_IED_NidyaQT_Aula10_56325,PUR_IED_NidyaQT_Aula10_56325,,,,,
2026-09-12T22:31:12-05:00,PUR_IED_NidyaQT_Ext_46e32d,PUR_IED_NidyaQT_Ext_46e32d,,,,,
2026-09-12T22:31:12-05:00,PUR_IED_NuevaCol_Exterior_d9b859,PUR_IED_NuevaCol_Exterior_d9b859,,,,,
2026-09-12T22:31:12-05:00,PUR_IED_NuevaCol_S1101_76c43b,PUR_IED_NuevaCol_S1101_76c43b,,,,,
2026-09-12T22:31:12-05:00,PUR_IED_NuevaCol_S1102_1ce0b5,PUR_IED_NuevaCol_S1102_1ce0b5,,,,,
2026-09-12T22:31:12-05:00,PUR_IED_OEA_A202_f7e3f2,PUR_IED_OEA_A202_f7e3f2,,,,,
2026-09-12T22:31:12-05:00,PUR_IED_OEA_A203_7d1b8d,PUR_IED_OEA_A203_7d1b8d,,,,,
2026-09-12T22:31:12-05:00,PUR_IED_OEA_Ext_27b593,PUR_IED_OEA_Ext_27b593,,,,,
2026-09-12T22:31:12-05:00,PUR_IED_Ochoa_Ext_1c29da,PUR_IED_Ochoa_Ext_1c29da,,,,,
2026-09-12T22:31:12-05:00,PUR_IED_Ochoa_S205_8b1121,PUR_IED_Ochoa_S205_8b1121,,,,,
2026-09-12T22:31:12-05:00,PUR_IED_Ochoa_Sistemas_f33af6,PUR_IED_Ochoa_Sistemas_f33af6,,,,,
2026-09-12T22:31:12-05:00,PUR_IED_PQuebec_Ext_1c67c7,PUR_IED_PQuebec_Ext_1c67c7,,,,,
2026-09-12T22:31:12-05:00,PUR_IED_PQuebec_S15_23e8e2,PUR_IED_PQuebec_S15_23e8e2,,,,,
2026-09-12T22:31:12-05:00,PUR_IED_PQuebec_S16_8ec76b,PUR_IED_PQuebec_S16_8ec76b,,,,,
2026-09-12T22:31:12-05:00,PUR_IED_PabloN_Ext_49dc96,PUR_IED_PabloN_Ext_49dc96,,,,,
2026-09-12T22:31:12-05:00,PUR_IED_PabloN_S1102_4e3df5,PUR_IED_PabloN_S1102_4e3df5,,,,,
2026-09-12T22:31:12-05:00,PUR_IED_PabloN_S1103_50c94b,PUR_IED_PabloN_S1103_50c94b,,,,,
2026-09-12T22:31:12-05:00,PUR_IED_Palestina_S1101_db9198,PUR_IED_Palestina_S1101_db9198,,,,,
2026-09-12T22:31:12-05:00,PUR_IED_Palestina_S1102_dc54fa,PUR_IED_Palestina_S1102_dc54fa,,,,,
2026-09-12T22:31:12-05:00,PUR_IED_Palestina_ext_4ccce6,PUR_IED_Palestina_ext_4ccce6,,,,,
2026-09-12T22:31:12-05:00,PUR_IED_Panama_Fisica_4d0794,PUR_IED_Panama_Fisica_4d0794,,,,,
2026-09-12T22:31:12-05:00,PUR_IED_Panama_SIngles_a4077e,PUR_IED_Panama_SIngles_a4077e,,,,,
2026-09-12T22:31:12-05:00,PUR_IED_Panama_ext_4c54b4,PUR_IED_Panama_ext_4c54b4,,,,,
2026-09-12T22:31:12-05:00,PUR_IED_ParaisoM_Exterior_8cd7f0,PUR_IED_ParaisoM_Exterior_8cd7f0,,,,,
2026-09-12T22:31:12-05:00,PUR_IED_ParaisoM_Laborato_27af35,PUR_IED_ParaisoM_Laborato_27af35,,,,,
2026-09-12T22:31:12-05:00,PUR_IED_ParaisoM_S304_d1edca,PUR_IED_ParaisoM_S304_d1edca,,,,,
2026-09-12T22:31:12-05:00,PUR_IED_PorfirioBarba_Ext_301466,PUR_IED_PorfirioBarba_Ext_301466,,,,,
2026-09-12T22:31:12-05:00,PUR_IED_PorfirioBarba_S11_df6cd2,PUR_IED_PorfirioBarba_S11_df6cd2,,,,,
2026-09-12T22:31:12-05:00,PUR_IED_PorfirioBarba_S29_27a7d6,PUR_IED_PorfirioBarba_S29_27a7d6,,,,,
2026-09-12T22:31:12-05:00,PUR_IED_PradoV_Exter_8b27ad,PUR_IED_PradoV_Exter_8b27ad,,,,,
2026-09-12T22:31:12-05:00,PUR_IED_PradoV_S301_de65b5,PUR_IED_PradoV_S301_de65b5,,,,,
2026-09-12T22:31:12-05:00,PUR_IED_PradoV_S302_7d2593,PUR_IED_PradoV_S302_7d2593,,,,,
2026-09-12T22:31:12-05:00,PUR_IED_QuirogaAlz_Ext_1ddc82,PUR_IED_QuirogaAlz_Ext_1ddc82,,,,,
2026-09-12T22:31:12-05:00,PUR_IED_QuirogaAlz_S302_9926a3,PUR_IED_QuirogaAlz_S302_9926a3,,,,,
2026-09-12T22:31:12-05:00,PUR_IED_QuirogaAlz_S305_cdf1f1,PUR_IED_QuirogaAlz_S305_cdf1f1,,,,,
2026-09-12T22:31:12-05:00,PUR_IED_RGuatemala_Biling_dc53b7,PUR_IED_RGuatemala_Biling_dc53b7,,,,,
2026-09-12T22:31:12-05:00,PUR_IED_RGuatemala_Ext_1b89a3,PUR_IED_RGuatemala_Ext_1b89a3,,,,,
2026-09-12T22:31:12-05:00,PUR_IED_RGuatemala_Tecnol_281a34,PUR_IED_RGuatemala_Tecnol_281a34,,,,,
2026-09-12T22:31:12-05:00,PUR_IED_RafaNu_Ext_f7c302,PUR_IED_RafaNu_Ext_f7c302,,,,,
2026-09-12T22:31:12-05:00,PUR_IED_RafaNu_S1101_25fde,PUR_IED_RafaNu_S1101_25fde,,,,,
2026-09-12T22:31:12-05:00,PUR_IED_RafaNu_S1102_281517,PUR_IED_RafaNu_S1102_281517,,,,,
2026-09-12T22:31:12-05:00,PUR_IED_RafaelB_S305_ee2783,PUR_IED_RafaelB_S305_ee2783,,,,,
2026-09-12T22:31:12-05:00,PUR_IED_RafaelB_S306_75fe33,PUR_IED_RafaelB_S306_75fe33,,,,,
2026-09-12T22:31:12-05:00,PUR_IED_RafaelB_ext_283336,PUR_IED_RafaelB_ext_283336,2,18,60,4.6722,-74.0737
2026-09-12T22:31:12-05:00,PUR_IED_RafaelUU_Exterior_281a51,PUR_IED_RafaelUU_Exterior_281a51,,,,,
2026-09-12T22:31:12-05:00,PUR_IED_RafaelUU_Human_806b2,PUR_IED_RafaelUU_Human_806b2,,,,,
2026-09-12T22:31:12-05:00,PUR_IED_RafaelUU_Mate2_5680d4,PUR_IED_RafaelUU_Mate2_5680d4,,,,,
2026-09-12T22:31:12-05:00,PUR_IED_RamonSub_Ext_f9eeb9,PUR_IED_RamonSub_Ext_f9eeb9,,,,,
2026-09-12T22:31:12-05:00,PUR_IED_RamonSub_Media_d1f62f,PUR_IED_RamonSub_Media_d1f62f,,,,,
2026-09-12T22:31:12-05:00,PUR_IED_RamonSub_planta_51b82,PUR_IED_RamonSub_planta_51b82,,,,,
2026-09-12T22:31:12-05:00,PUR_IED_RepBoliVene_Exter_27af7c,PUR_IED_RepBoliVene_Exter_27af7c,,,,,
2026-09-12T22:31:12-05:00,PUR_IED_RepBoliVene_SCPT_5ae2ee,PUR_IED_RepBoliVene_SCPT_5ae2ee,,,,,
2026-09-12T22:31:12-05:00,PUR_IED_RepBoliVene_Socia_4b11d5,PUR_IED_RepBoliVene_Socia_4b11d5,,,,,
2026-09-12T22:31:12-05:00,PUR_IED_RepChina_Ext_76d9ee,PUR_IED_RepChina_Ext_76d9ee,,,,,
2026-09-12T22:31:12-05:00,PUR_IED_RepChina_S404_7c804c,PUR_IED_RepChina_S404_7c804c,,,,,
2026-09-12T22:31:12-05:00,PUR_IED_RepChina_S405_df2c33,PUR_IED_RepChina_S405_df2c33,,,,,
2026-09-12T22:31:12-05:00,PUR_IED_RepublicaC_Exteri_7d1ec9,PUR_IED_RepublicaC_Exteri_7d1ec9,,,,,
2026-09-12T22:31:12-05:00,PUR_IED_RepublicaC_S1101_f544b3,PUR_IED_RepublicaC_S1101_f544b3,,,,,
2026-09-12T22:31:12-05:00,PUR_IED_RepublicaC_S1102_7aafc7,PUR_IED_RepublicaC_S1102_7aafc7,,,,,
2026-09-12T22:31:12-05:00,PUR_IED_Ricaurte_Externo_a0ea1,PUR_IED_Ricaurte_Externo_a0ea1,,,,,
2026-09-12T22:31:12-05:00,PUR_IED_Ricaurte_S210_f546fd,PUR_IED_Ricaurte_S210_f546fd,,,,,
2026-09-12T22:31:12-05:00,PUR_IED_Ricaurte_S309_d4452,PUR_IED_Ricaurte_S309_d4452,,,,,
2026-09-12T22:31:12-05:00,PUR_IED_RogelioS_1102_531e69,PUR_IED_RogelioS_1102_531e69,,,,,
2026-09-12T22:31:12-05:00,PUR_IED_RogelioS_Ext_f25a18,PUR_IED_RogelioS_Ext_f25a18,,,,,
2026-09-12T22:31:12-05:00,PUR_IED_SBernardino_Ext_27aff8,PUR_IED_SBernardino_Ext_27aff8,,,,,
2026-09-12T22:31:12-05:00,PUR_IED_SBernardino_SArte_2ffd33,PUR_IED_SBernardino_SArte_2ffd33,,,,,
2026-09-12T22:31:12-05:00,PUR_IED_SBernardino_SIngl_7c7da5,PUR_IED_SBernardino_SIngl_7c7da5,,,,,
2026-09-12T22:31:12-05:00,PUR_IED_Sago_auditorio_dc9d1d,PUR_IED_Sago_auditorio_dc9d1d,,,,,
2026-09-12T22:31:12-05:00,PUR_IED_Saludcoop_Ext_95aac3,PUR_IED_Saludcoop_Ext_95aac3,,,,,
2026-09-12T22:31:12-05:00,PUR_IED_Saludcoop_InfI_90c854,PUR_IED_Saludcoop_InfI_90c854,,,,,
2026-09-12T22:31:12-05:00,PUR_IED_Saludcoop_SMedia_1b93be,PUR_IED_Saludcoop_SMedia_1b93be,,,,,
2026-09-12T22:31:12-05:00,PUR_IED_SanCarlos_1101_1a2360,PUR_IED_SanCarlos_1101_1a2360,,,,,
2026-09-12T22:31:12-05:00,PUR_IED_SanCarlos_1103_7bafb5,PUR_IED_SanCarlos_1103_7bafb5,,,,,
2026-09-12T22:31:12-05:00,PUR_IED_SanCarlos_Ext_b7cd1,PUR_IED_SanCarlos_Ext_b7cd1,,,,,
2026-09-12T22:31:12-05:00,PUR_IED_SanIgnacioBosa11a_50c26e,PUR_IED_SanIgnacioBosa11a_50c26e,,,,,
2026-09-12T22:31:12-05:00,PUR_IED_SanIgnacioBosa11b_371de8,PUR_IED_SanIgnacioBosa11b_371de8,,,,,
2026-09-12T22:31:12-05:00,PUR_IED_SanIgnacioBosaExt_ef0ffc,PUR_IED_SanIgnacioBosaExt_ef0ffc,,,,,
2026-09-12T22:31:12-05:00,PUR_IED_SanIgnacioBosa_11a_50c26e,PUR_IED_SanIgnacioBosa_11a_50c26e,,,,,
2026-09-12T22:31:12-05:00,PUR_IED_SanIgnacioBosa_Ext_ef0ffc,PUR_IED_SanIgnacioBosa_Ext_ef0ffc,,,,,
2026-09-12T22:31:12-05:00,PUR_IED_SanJoseN_intS1101_31c47f,PUR_IED_SanJoseN_intS1101_31c47f,,,,,
2026-09-12T22:31:12-05:00,PUR_IED_SanJoseUsm_Exter_f5d7e8,PUR_IED_SanJoseUsm_Exter_f5d7e8,,,,,
2026-09-12T22:31:12-05:00,PUR_IED_SanJoseUsm_Int11A_cfdef6,PUR_IED_SanJoseUsm_Int11A_cfdef6,,,,,
2026-09-12T22:31:12-05:00,PUR_IED_SilveriaR_IntB5_905349,PUR_IED_SilveriaR_IntB5_905349,,,,,
2026-09-12T22:31:12-05:00,PUR_IED_SilveriaR_IntSD14_981f93,PUR_IED_SilveriaR_IntSD14_981f93,,,,,
2026-09-12T22:31:12-05:00,PUR_IED_SilveriaR_ext_2b651d,PUR_IED_SilveriaR_ext_2b651d,,,,,
2026-09-12T22:31:12-05:00,PUR_IED_SimonB_Exterior_913975,PUR_IED_SimonB_Exterior_913975,,,,,
2026-09-12T22:31:12-05:00,PUR_IED_SimonB_LabQuimi_c56908,PUR_IED_SimonB_LabQuimi_c56908,,,,,
2026-09-12T22:31:12-05:00,PUR_IED_SimonB_informatic_a28c1,PUR_IED_SimonB_informatic_a28c1,,,,,
2026-09-12T22:31:12-05:00,PUR_IED_Sorrento_1102_315f50,PUR_IED_Sorrento_1102_315f50,,,,,
2026-09-12T22:31:12-05:00,PUR_IED_Sorrento_Minte_214eab,PUR_IED_Sorrento_Minte_214eab,,,,,
2026-09-12T22:31:12-05:00,PUR_IED_Sorrento_ext_7c3a0a,PUR_IED_Sorrento_ext_7c3a0a,,,,,
2026-09-12T22:31:12-05:00,PUR_IED_Tabora_Ext_f048ae,PUR_IED_Tabora_Ext_f048ae,,,,,
2026-09-12T22:31:12-05:00,PUR_IED_Tabora_S1102_b07752,PUR_IED_Tabora_S1102_b07752,,,,,
2026-09-12T22:31:12-05:00,PUR_IED_Tabora_S1103_d988f5,PUR_IED_Tabora_S1103_d988f5,,,,,
2026-09-12T22:31:12-05:00,PUR_IED_Tenerife_Ext_1ab188,PUR_IED_Tenerife_Ext_1ab188,,,,,
2026-09-12T22:31:12-05:00,PUR_IED_Tenerife_SDanzas_7bc02e,PUR_IED_Tenerife_SDanzas_7bc02e,,,,,
2026-09-12T22:31:12-05:00,PUR_IED_Tenerife_SIngles_7cc277,PUR_IED_Tenerife_SIngles_7cc277,,,,,
2026-09-12T22:31:12-05:00,PUR_IED_Tibabuyes_Exter_f2683d,PUR_IED_Tibabuyes_Exter_f2683d,,,,,
2026-09-12T22:31:12-05:00,PUR_IED_Tibabuyes_S10_dc87a8,PUR_IED_Tibabuyes_S10_dc87a8,,,,,
2026-09-12T22:31:12-05:00,PUR_IED_Tibabuyes_S15_dc0526,PUR_IED_Tibabuyes_S15_dc0526,,,,,
2026-09-12T22:31:12-05:00,PUR_IED_UnionE_S301_a1043,PUR_IED_UnionE_S301_a1043,,,,,
2026-09-12T22:31:12-05:00,PUR_IED_UnionE_S307_ff6c2f,PUR_IED_UnionE_S307_ff6c2f,,,,,
2026-09-12T22:31:12-05:00,PUR_IED_UnionE__Ext_5e2468,PUR_IED_UnionE__Ext_5e2468,,,,,
2026-09-12T22:31:12-05:00,PUR_IED_VillaRica_Ext_75be7c,PUR_IED_VillaRica_Ext_75be7c,,,,,
2026-09-12T22:31:12-05:00,PUR_IED_VillaRica_S4_cc5dcd,PUR_IED_VillaRica_S4_cc5dcd,,,,,
2026-09-12T22:31:12-05:00,PUR_IED_VillaRica_Sesp_99f5c,PUR_IED_VillaRica_Sesp_99f5c,,,,,
2026-09-12T22:36:08-05:00,PUR_IED_20deJulio_1101_91b1b9,PUR_IED_20deJulio_1101_91b1b9,,,,,
2026-09-12T22:36:08-05:00,PUR_IED_20deJulio_1102_1cfcf9,PUR_IED_20deJulio_1102_1cfcf9,,,,,
2026-09-12T22:36:08-05:00,PUR_IED_20deJulio_Ext_ab60bd,PUR_IED_20deJulio_Ext_ab60bd,,,,,
2026-09-12T22:36:08-05:00,PUR_IED_AgustinFer_Ext_7b9b77,PUR_IED_AgustinFer_Ext_7b9b77,,,,,
2026-09-12T22:36:08-05:00,PUR_IED_AgustinFer_Info2_27b3a7,PUR_IED_AgustinFer_Info2_27b3a7,,,,,
2026-09-12T22:36:08-05:00,PUR_IED_AgustinFer_Sena_54b4eb,PUR_IED_AgustinFer_Sena_54b4eb,,,,,
2026-09-12T22:36:08-05:00,PUR_IED_AlexanderF_1102_caf07b,PUR_IED_AlexanderF_1102_caf07b,,,,,
2026-09-12T22:36:08-05:00,PUR_IED_AlexanderF_1103_c79e71,PUR_IED_AlexanderF_1103_c79e71,,,,,
2026-09-12T22:36:08-05:00,PUR_IED_AlexanderF_Ext_c5b18b,PUR_IED_AlexanderF_Ext_c5b18b,,,,,
2026-09-12T22:36:08-05:00,PUR_IED_AlfonsoLopez_Ext_281d77,PUR_IED_AlfonsoLopez_Ext_281d77,,,,,
2026-09-12T22:36:08-05:00,PUR_IED_AlfonsoLopez_LabF_888ce0,PUR_IED_AlfonsoLopez_LabF_888ce0,,,,,
2026-09-12T22:36:08-05:00,PUR_IED_AlfonsoLopez_SMed_df6a7f,PUR_IED_AlfonsoLopez_SMed_df6a7f,,,,,
2026-09-12T22:36:08-05:00,PUR_IED_AltamiraSO_A2_209f92,PUR_IED_AltamiraSO_A2_209f92,,,,,
2026-09-12T22:36:08-05:00,PUR_IED_AltamiraSO_Ext_186d66,PUR_IED_AltamiraSO_Ext_186d66,,,,,
2026-09-12T22:36:08-05:00,PUR_IED_AltamiraSO_Sistem_27afe1,PUR_IED_AltamiraSO_Sistem_27afe1,,,,,
2026-09-12T22:36:08-05:00,PUR_IED_AlvaroGom_LabQuim_813179,PUR_IED_AlvaroGom_LabQuim_813179,,,,,
2026-09-12T22:36:08-05:00,PUR_IED_AlvaroGomez_Ext_47c7ca,PUR_IED_AlvaroGomez_Ext_47c7ca,,,,,
2026-09-12T22:36:08-05:00,PUR_IED_AlvaroGomez_LabQuim_813179,PUR_IED_AlvaroGomez_LabQuim_813179,,,,,
2026-09-12T22:36:08-05:00,PUR_IED_AlvaroGomez_S23_7ba89f,PUR_IED_AlvaroGomez_S23_7ba89f,,,,,
2026-09-12T22:36:08-05:00,PUR_IED_Amistad_306_dc8728,PUR_IED_Amistad_306_dc8728,,,,,
2026-09-12T22:36:08-05:00,PUR_IED_Amistad_Ext_8cd55e,PUR_IED_Amistad_Ext_8cd55e,,,,,
2026-09-12T22:36:08-05:00,PUR_IED_Amistad_S202_a41169,PUR_IED_Amistad_S202_a41169,,,,,
2026-09-12T22:36:08-05:00,PUR_IED_AndresBello_Bio_fd5f5e,PUR_IED_AndresBello_Bio_fd5f5e,,,,,
2026-09-12T22:36:08-05:00,PUR_IED_AndresBello_ext_dcad65,PUR_IED_AndresBello_ext_dcad65,,,,,
2026-09-12T22:36:08-05:00,PUR_IED_AndresBello_port_eed3ec,PUR_IED_AndresBello_port_eed3ec,,,,,
2026-09-12T22:36:08-05:00,PUR_IED_AngelaR_11b_d90a6b,PUR_IED_AngelaR_11b_d90a6b,,,,,
2026-09-12T22:36:08-05:00,PUR_IED_AngelaR_ext_7cad3e,PUR_IED_AngelaR_ext_7cad3e,3,19,63,4.5825,-74.164497
2026-09-12T22:36:08-05:00,PUR_IED_AntJoseSucre_10mo_df2575,PUR_IED_AntJoseSucre_10mo_df2575,,,,,
2026-09-12T22:36:08-05:00,PUR_IED_AntJoseSucre_Ext_215b36,PUR_IED_AntJoseSucre_Ext_215b36,,,,,
2026-09-12T22:36:08-05:00,PUR_IED_AntJoseSucre_Lab_3139de,PUR_IED_AntJoseSucre_Lab_3139de,,,,,
2026-09-12T22:36:08-05:00,PUR_IED_AntonioGarcia_301_d6b188,PUR_IED_AntonioGarcia_301_d6b188,,,,,
2026-09-12T22:36:08-05:00,PUR_IED_AntonioGarcia_302_88a82,PUR_IED_AntonioGarcia_302_88a82,,,,,
2026-09-12T22:36:08-05:00,PUR_IED_AntonioGarcia_Ext_20950c,PUR_IED_AntonioGarcia_Ext_20950c,,,,,
2026-09-12T22:36:08-05:00,PUR_IED_AntonioVan_Aula2_6dea02,PUR_IED_AntonioVan_Aula2_6dea02,,,,,
2026-09-12T22:36:08-05:00,PUR_IED_AntonioVan_Aula5_f1557e,PUR_IED_AntonioVan_Aula5_f1557e,,,,,
2026-09-12T22:36:08-05:00,PUR_IED_AntonioVan_Ext_406f2f,PUR_IED_AntonioVan_Ext_406f2f,,,,,
2026-09-12T22:36:08-05:00,PUR_IED_Atabanzha_Ext_cc5af9,PUR_IED_Atabanzha_Ext_cc5af9,,,,,
2026-09-12T22:36:08-05:00,PUR_IED_Atabanzha_SA101_56c37,PUR_IED_Atabanzha_SA101_56c37,,,,,
2026-09-12T22:36:08-05:00,PUR_IED_Atabanzha_SB302_27b374,PUR_IED_Atabanzha_SB302_27b374,,,,,
2026-09-12T22:36:08-05:00,PUR_IED_Atahualpa_Ext_fc1748,PUR_IED_Atahualpa_Ext_fc1748,,,,,
2026-09-12T22:36:08-05:00,PUR_IED_Atahualpa_Informa_dc9a95,PUR_IED_Atahualpa_Informa_dc9a95,,,,,
2026-09-12T22:36:08-05:00,PUR_IED_Atahualpa_S1101_f98056,PUR_IED_Atahualpa_S1101_f98056,,,,,
2026-09-12T22:36:08-05:00,PUR_IED_Bellavista_Ext_f5aa74,PUR_IED_Bellavista_Ext_f5aa74,,,,,
2026-09-12T22:36:08-05:00,PUR_IED_Bilbao_11A_916c41,PUR_IED_Bilbao_11A_916c41,,,,,
2026-09-12T22:36:08-05:00,PUR_IED_Bilbao_Ext_fb579a,PUR_IED_Bilbao_Ext_fb579a,,,,,
2026-09-12T22:36:08-05:00,PUR_IED_BrasiliaU_A125_304280,PUR_IED_BrasiliaU_A125_304280,,,,,
2026-09-12T22:36:08-05:00,PUR_IED_BrasiliaU_A203_7c8ca5,PUR_IED_BrasiliaU_A203_7c8ca5,,,,,
2026-09-12T22:36:08-05:00,PUR_IED_BrasiliaU_Ext_8d6e9f,PUR_IED_BrasiliaU_Ext_8d6e9f,6,17,63,4.5175,-74.116302
2026-09-12T22:36:08-05:00,PUR_IED_Brasilia_Ext_fe6593,PUR_IED_Brasilia_Ext_fe6593,,,,,
2026-09-12T22:36:08-05:00,PUR_IED_Brasilia_S24_7c130d,PUR_IED_Brasilia_S24_7c130d,,,,,
2026-09-12T22:36:08-05:00,PUR_IED_Brasilia_S501_186a54,PUR_IED_Brasilia_S501_186a54,,,,,
2026-09-12T22:36:08-05:00,PUR_IED_CHARRY_EXT_f1d5cd,PUR_IED_CHARRY_EXT_f1d5cd,,,,,
2026-09-12T22:36:08-05:00,PUR_IED_CHARRY_INTDANZAS_7a08e6,PUR_IED_CHARRY_INTDANZAS_7a08e6,,,,,
2026-09-12T22:36:08-05:00,PUR_IED_CHARRY_INT_AULA20_dc998d,PUR_IED_CHARRY_INT_AULA20_dc998d,,,,,
2026-09-12T22:36:08-05:00,PUR_IED_COLVIV_1101_S25_7f520a,PUR_IED_COLVIV_1101_S25_7f520a,,,,,
2026-09-12T22:36:08-05:00,PUR_IED_COLVIV_1102_S16_f570ba,PUR_IED_COLVIV_1102_S16_f570ba,,,,,
2026-09-12T22:36:08-05:00,PUR_IED_COLVIV_Ext_1a26fa,PUR_IED_COLVIV_Ext_1a26fa,,,,,
2026-09-12T22:36:08-05:00,PUR_IED_CULPOP_301A_f660f3,PUR_IED_CULPOP_301A_f660f3,,,,,
2026-09-12T22:36:08-05:00,PUR_IED_CULPOP_303_568afe,PUR_IED_CULPOP_303_568afe,,,,,
2026-09-12T22:36:08-05:00,PUR_IED_CULPOP_Ext_e02ccb,PUR_IED_CULPOP_Ext_e02ccb,,,,,
2026-09-12T22:36:08-05:00,PUR_IED_CVillavicen_Ext_26eb58,PUR_IED_CVillavicen_Ext_26eb58,4,15,77,4.487,-74.102798
2026-09-12T22:36:08-05:00,PUR_IED_CVillavicen_Intel_1ce5c2,PUR_IED_CVillavicen_Intel_1ce5c2,,,,,
2026-09-12T22:36:08-05:00,PUR_IED_CVillavicen_Poliv_e0766c,PUR_IED_CVillavicen_Poliv_e0766c,,,,,
2026-09-12T22:36:08-05:00,PUR_IED_CVillavicen_int_1ba140,PUR_IED_CVillavicen_int_1ba140,,,,,
2026-09-12T22:36:08-05:00,PUR_IED_CVillavicen_intel_1ba140,PUR_IED_CVillavicen_intel_1ba140,,,,,
2026-09-12T22:36:08-05:00,PUR_IED_CarlosPizarro_Ext_e307cc,PUR_IED_CarlosPizarro_Ext_e307cc,,,,,
2026-09-12T22:36:08-05:00,PUR_IED_CarlosPizarro_L36_7e5cdb,PUR_IED_CarlosPizarro_L36_7e5cdb,,,,,
2026-09-12T22:36:08-05:00,PUR_IED_CarlosPizarro_L37_c8566c,PUR_IED_CarlosPizarro_L37_c8566c,,,,,
2026-09-12T22:36:08-05:00,PUR_IED_Castilla_Ext_cf35f,PUR_IED_Castilla_Ext_cf35f,,,,,
2026-09-12T22:36:08-05:00,PUR_IED_Castilla_SFisik_360e38,PUR_IED_Castilla_SFisik_360e38,,,,,
2026-09-12T22:36:08-05:00,PUR_IED_Castilla_Sc304_496fbf,PUR_IED_Castilla_Sc304_496fbf,,,,,
2026-09-12T22:36:08-05:00,PUR_IED_CervantesSa_Ext_6b57b,PUR_IED_CervantesSa_Ext_6b57b,7,17,69,4.5128,-74.117203
2026-09-12T22:36:08-05:00,PUR_IED_CervantesSa_S107_225c2b,PUR_IED_CervantesSa_S107_225c2b,,,,,
2026-09-12T22:36:08-05:00,PUR_IED_CervantesSa_S108_940925,PUR_IED_CervantesSa_S108_940925,,,,,
2026-09-12T22:36:08-05:00,PUR_IED_Charry_A20_f53e7c,PUR_IED_Charry_A20_f53e7c,,,,,
2026-09-12T22:36:08-05:00,PUR_IED_Charry_Ext_f1d5cd,PUR_IED_Charry_Ext_f1d5cd,,,,,
2026-09-12T22:36:08-05:00,PUR_IED_Charry_IntAula20_dc998d,PUR_IED_Charry_IntAula20_dc998d,,,,,
2026-09-12T22:36:08-05:00,PUR_IED_Charry_IntDanzas_7a08e6,PUR_IED_Charry_IntDanzas_7a08e6,,,,,
2026-09-12T22:36:08-05:00,PUR_IED_ClememciaC_203_43e2fc,PUR_IED_ClememciaC_203_43e2fc,,,,,
2026-09-12T22:36:08-05:00,PUR_IED_ClememciaC_Ext_1b411a,PUR_IED_ClememciaC_Ext_1b411a,,,,,
2026-09-12T22:36:08-05:00,PUR_IED_ClememciaC_Quimic_44b5fc,PUR_IED_ClememciaC_Quimic_44b5fc,,,,,
2026-09-12T22:36:08-05:00,PUR_IED_ClemenciaC_203_43e2fc,PUR_IED_ClemenciaC_203_43e2fc,,,,,
2026-09-12T22:36:08-05:00,PUR_IED_ClemenciaC_Ext_1b411a,PUR_IED_ClemenciaC_Ext_1b411a,,,,,
2026-09-12T22:36:08-05:00,PUR_IED_ClemenciaC_Quimic_44b5fc,PUR_IED_ClemenciaC_Quimic_44b5fc,,,,,
2026-09-12T22:36:08-05:00,PUR_IED_ColViva_1101_S25_7f520a,PUR_IED_ColViva_1101_S25_7f520a,,,,,
2026-09-12T22:36:08-05:00,PUR_IED_ColViva_1102_S16_f570ba,PUR_IED_ColViva_1102_S16_f570ba,,,,,
2026-09-12T22:36:08-05:00,PUR_IED_ColViva_Ext_1a26fa,PUR_IED_ColViva_Ext_1a26fa,,,,,
2026-09-12T22:36:08-05:00,PUR_IED_ColegioBici_Asist_7c8798,PUR_IED_ColegioBici_Asist_7c8798,,,,,
2026-09-12T22:36:08-05:00,PUR_IED_ColegioBici_Ext_25cbf6,PUR_IED_ColegioBici_Ext_25cbf6,,,,,
2026-09-12T22:36:08-05:00,PUR_IED_ColegioBici_LabQ_7b57db,PUR_IED_ColegioBici_LabQ_7b57db,,,,,
2026-09-12T22:36:08-05:00,PUR_IED_CostaRica_Ext_5e640,PUR_IED_CostaRica_Ext_5e640,,,,,
2026-09-12T22:36:08-05:00,PUR_IED_CostaRica_Quim1_766d1c,PUR_IED_CostaRica_Quim1_766d1c,,,,,
2026-09-12T22:36:08-05:00,PUR_IED_CostaRica__Fisica_6f0873,PUR_IED_CostaRica__Fisica_6f0873,,,,,
2026-09-12T22:36:08-05:00,PUR_IED_CulPopu_301A_f660f3,PUR_IED_CulPopu_301A_f660f3,,,,,
2026-09-12T22:36:08-05:00,PUR_IED_CulPopu_303_568afe,PUR_IED_CulPopu_303_568afe,,,,,
2026-09-12T22:36:08-05:00,PUR_IED_CulPopu_Ext_e02ccb,PUR_IED_CulPopu_Ext_e02ccb,,,,,
2026-09-12T22:36:08-05:00,PUR_IED_Cundinamarca_Ext_f15985,PUR_IED_Cundinamarca_Ext_f15985,,,,,
2026-09-12T22:36:08-05:00,PUR_IED_Cundinamarca_Info_7aa5d7,PUR_IED_Cundinamarca_Info_7aa5d7,,,,,
2026-09-12T22:36:08-05:00,PUR_IED_Cundinamarca_Tec2_f449c7,PUR_IED_Cundinamarca_Tec2_f449c7,,,,,
2026-09-12T22:36:08-05:00,PUR_IED_DiegoM_Aula1_27b314,PUR_IED_DiegoM_Aula1_27b314,,,,,
2026-09-12T22:36:08-05:00,PUR_IED_DiegoM_Ext_d80ac8,PUR_IED_DiegoM_Ext_d80ac8,,,,,
2026-09-12T22:36:08-05:00,PUR_IED_DiegoM_S25_da928f,PUR_IED_DiegoM_S25_da928f,,,,,
2026-09-12T22:36:08-05:00,PUR_IED_ELRODEO_360881,PUR_IED_ELRODEO_360881,,,,,
2026-09-12T22:36:08-05:00,PUR_IED_ELRODEO_ext_360881,PUR_IED_ELRODEO_ext_360881,,,,,
2026-09-12T22:36:08-05:00,PUR_IED_EduardoU_Ext_1c1969,PUR_IED_EduardoU_Ext_1c1969,,,,,
2026-09-12T22:36:08-05:00,PUR_IED_EduardoU_SCiencia_4dfb94,PUR_IED_EduardoU_SCiencia_4dfb94,,,,,
2026-09-12T22:36:08-05:00,PUR_IED_EduardoU_SQuimica_5a46e7,PUR_IED_EduardoU_SQuimica_5a46e7,,,,,
2026-09-12T22:36:08-05:00,PUR_IED_ElRodeo_Aula14_676984,PUR_IED_ElRodeo_Aula14_676984,,,,,
2026-09-12T22:36:08-05:00,PUR_IED_ElRodeo_Aula16_2dd35b,PUR_IED_ElRodeo_Aula16_2dd35b,,,,,
2026-09-12T22:36:08-05:00,PUR_IED_ElRodeo_Ext_360881,PUR_IED_ElRodeo_Ext_360881,,,,,
2026-09-12T22:36:08-05:00,PUR_IED_ElRodeo_Exterior_8c6d28,PUR_IED_ElRodeo_Exterior_8c6d28,,,,,
2026-09-12T22:36:08-05:00,PUR_IED_ElRodeo_ext_360881,PUR_IED_ElRodeo_ext_360881,,,,,
2026-09-12T22:36:08-05:00,PUR_IED_EmmaReyes_Ext_987625,PUR_IED_EmmaReyes_Ext_987625,7,21,52,4.6367,-74.1511
2026-09-12T22:36:08-05:00,PUR_IED_Ensueño_Ext_7f0250,PUR_IED_Ensueño_Ext_7f0250,,,,,
2026-09-12T22:36:08-05:00,PUR_IED_EscNormal_Ext_5fef3b,PUR_IED_EscNormal_Ext_5fef3b,2,18,62,4.5852,-74.096901
2026-09-12T22:36:08-05:00,PUR_IED_EscNormal_S309_5b263,PUR_IED_EscNormal_S309_5b263,,,,,
2026-09-12T22:36:08-05:00,PUR_IED_EscNormal_S310_27b3b8,PUR_IED_EscNormal_S310_27b3b8,,,,,
2026-09-12T22:36:08-05:00,PUR_IED_Evangelista_Conta_f6cd4f,PUR_IED_Evangelista_Conta_f6cd4f,,,,,
2026-09-12T22:36:08-05:00,PUR_IED_Evangelista_Cri_5e16a,PUR_IED_Evangelista_Cri_5e16a,,,,,
2026-09-12T22:36:08-05:00,PUR_IED_Evangelista_Exter_754066,PUR_IED_Evangelista_Exter_754066,,,,,
2026-09-12T22:36:08-05:00,PUR_IED_FMiranda_S209_5cc2a3,PUR_IED_FMiranda_S209_5cc2a3,,,,,
2026-09-12T22:36:08-05:00,PUR_IED_FMiranda_S303_19e344,PUR_IED_FMiranda_S303_19e344,,,,,
2026-09-12T22:36:08-05:00,PUR_IED_FMiranda_ext_f53e7c,PUR_IED_FMiranda_ext_f53e7c,,,,,
2026-09-12T22:36:08-05:00,PUR_IED_FabioLozano_Bibli_1cee05,PUR_IED_FabioLozano_Bibli_1cee05,,,,,
2026-09-12T22:36:08-05:00,PUR_IED_FabioLozano_Ext_6ea285,PUR_IED_FabioLozano_Ext_6ea285,,,,,
2026-09-12T22:36:08-05:00,PUR_IED_FabioLozano_SLudi_f09e1e,PUR_IED_FabioLozano_SLudi_f09e1e,,,,,
2026-09-12T22:36:08-05:00,PUR_IED_FaustinoS_Aula07_27a731,PUR_IED_FaustinoS_Aula07_27a731,,,,,
2026-09-12T22:36:08-05:00,PUR_IED_FaustinoS_Ext_7b936f,PUR_IED_FaustinoS_Ext_7b936f,,,,,
2026-09-12T22:36:08-05:00,PUR_IED_FaustinoS_Fisica_da2c60,PUR_IED_FaustinoS_Fisica_da2c60,,,,,
2026-09-12T22:36:08-05:00,PUR_IED_FeGarciaLo_Ext_dc68ee,PUR_IED_FeGarciaLo_Ext_dc68ee,,,,,
2026-09-12T22:36:08-05:00,PUR_IED_FeGarciaLo_SDanza_f70a59,PUR_IED_FeGarciaLo_SDanza_f70a59,,,,,
2026-09-12T22:36:08-05:00,PUR_IED_FeGarciaLo_SMusic_125cdd,PUR_IED_FeGarciaLo_SMusic_125cdd,,,,,
2026-09-12T22:36:08-05:00,PUR_IED_FederalAlema_Exte_50c345,PUR_IED_FederalAlema_Exte_50c345,,,,,
2026-09-12T22:36:08-05:00,PUR_IED_FederalAlema_S31_f18371,PUR_IED_FederalAlema_S31_f18371,,,,,
2026-09-12T22:36:08-05:00,PUR_IED_FederalAlema_S901_a62cd,PUR_IED_FederalAlema_S901_a62cd,,,,,
2026-09-12T22:36:08-05:00,PUR_IED_FilarmonicaS_A5_f35eb1,PUR_IED_FilarmonicaS_A5_f35eb1,,,,,
2026-09-12T22:36:08-05:00,PUR_IED_FilarmonicaS_Ext_8a3bde,PUR_IED_FilarmonicaS_Ext_8a3bde,,,,,
2026-09-12T22:36:08-05:00,PUR_IED_FilarmonicaS_Spol_406114,PUR_IED_FilarmonicaS_Spol_406114,,,,,
2026-09-12T22:36:08-05:00,PUR_IED_FlorentinoG_A13_d1fa59,PUR_IED_FlorentinoG_A13_d1fa59,,,,,
2026-09-12T22:36:08-05:00,PUR_IED_FlorentinoG_Ext_1ce6ce,PUR_IED_FlorentinoG_Ext_1ce6ce,,,,,
2026-09-12T22:36:08-05:00,PUR_IED_FlorentinoG_Idiom_a66aac,PUR_IED_FlorentinoG_Idiom_a66aac,,,,,
2026-09-12T22:36:08-05:00,PUR_IED_FranciscoMati_Ext_e3869d,PUR_IED_FranciscoMati_Ext_e3869d,,,,,
2026-09-12T22:36:08-05:00,PUR_IED_FranciscoMati_S13_f31c67,PUR_IED_FranciscoMati_S13_f31c67,,,,,
2026-09-12T22:36:08-05:00,PUR_IED_FranciscoMati_S14_97dead,PUR_IED_FranciscoMati_S14_97dead,,,,,
2026-09-12T22:36:08-05:00,PUR_IED_FranciscoPS_Ext_7bfa9a,PUR_IED_FranciscoPS_Ext_7bfa9a,3,19,61,4.5899,-74.110397
2026-09-12T22:36:08-05:00,PUR_IED_FranciscoPS_Infor_fb8f4c,PUR_IED_FranciscoPS_Infor_fb8f4c,,,,,
2026-09-12T22:36:08-05:00,PUR_IED_FranciscoPS_Quimi_94d39c,PUR_IED_FranciscoPS_Quimi_94d39c,,,,,
2026-09-12T22:36:08-05:00,PUR_IED_FranciscoP_LabQ_d7e148,PUR_IED_FranciscoP_LabQ_d7e148,,,,,
2026-09-12T22:36:08-05:00,PUR_IED_FranciscoP_S28_cf9b30,PUR_IED_FranciscoP_S28_cf9b30,,,,,
2026-09-12T22:36:08-05:00,PUR_IED_FranciscoP_ext_e2313,PUR_IED_FranciscoP_ext_e2313,,,,,
2026-09-12T22:36:08-05:00,PUR_IED_FriederichN_Ext_8ac92a,PUR_IED_FriederichN_Ext_8ac92a,,,,,
2026-09-12T22:36:08-05:00,PUR_IED_FriederichN_S301_dd7e5a,PUR_IED_FriederichN_S301_dd7e5a,,,,,
2026-09-12T22:36:08-05:00,PUR_IED_FriederichN_S308_761f4f,PUR_IED_FriederichN_S308_761f4f,,,,,
2026-09-12T22:36:08-05:00,PUR_IED_GSantander_Aula10_533dd7,PUR_IED_GSantander_Aula10_533dd7,,,,,
2026-09-12T22:36:08-05:00,PUR_IED_GSantander_Aula12_fd4e4f,PUR_IED_GSantander_Aula12_fd4e4f,,,,,
2026-09-12T22:36:08-05:00,PUR_IED_GSantander_Aula310_533dd7,PUR_IED_GSantander_Aula310_533dd7,,,,,
2026-09-12T22:36:08-05:00,PUR_IED_GSantander_Aula312_fd4e4f,PUR_IED_GSantander_Aula312_fd4e4f,,,,,
2026-09-12T22:36:08-05:00,PUR_IED_GSantander_Ext_5f66b0,PUR_IED_GSantander_Ext_5f66b0,,,,,
2026-09-12T22:36:08-05:00,PUR_IED_GYomasa_Ext_f6bea5,PUR_IED_GYomasa_Ext_f6bea5,,,,,
2026-09-12T22:36:08-05:00,PUR_IED_GYomasa_LBiol_2c41aa,PUR_IED_GYomasa_LBiol_2c41aa,,,,,
2026-09-12T22:36:08-05:00,PUR_IED_GYomasa_LQuim_33c80,PUR_IED_GYomasa_LQuim_33c80,,,,,
2026-09-12T22:36:08-05:00,PUR_IED_GabBetMejia_Cienc_5a99c,PUR_IED_GabBetMejia_Cienc_5a99c,,,,,
2026-09-12T22:36:08-05:00,PUR_IED_GabBetMejia_Ext_9153d0,PUR_IED_GabBetMejia_Ext_9153d0,,,,,
2026-09-12T22:36:08-05:00,PUR_IED_GabBetMejia_Lab_f55347,PUR_IED_GabBetMejia_Lab_f55347,,,,,
2026-09-12T22:36:08-05:00,PUR_IED_GabBetanMejia_Ext_9153d0,PUR_IED_GabBetanMejia_Ext_9153d0,,,,,
2026-09-12T22:36:08-05:00,PUR_IED_Gaitana_Aula13_7aac11,PUR_IED_Gaitana_Aula13_7aac11,,,,,
2026-09-12T22:36:08-05:00,PUR_IED_Gaitana_Ext_5fcf4,PUR_IED_Gaitana_Ext_5fcf4,,,,,
2026-09-12T22:36:08-05:00,PUR_IED_Gaitana_LabFisica_644448,PUR_IED_Gaitana_LabFisica_644448,,,,,
2026-09-12T22:36:08-05:00,PUR_IED_GenSantander_Dise_8ac858,PUR_IED_GenSantander_Dise_8ac858,,,,,
2026-09-12T22:36:08-05:00,PUR_IED_GenSantander_Ext_8d5dfe,PUR_IED_GenSantander_Ext_8d5dfe,,,,,
2026-09-12T22:36:08-05:00,PUR_IED_GenSantander_Info_6c25b,PUR_IED_GenSantander_Info_6c25b,,,,,
2026-09-12T22:36:08-05:00,PUR_IED_GustavoMo_Exterio_75e63d,PUR_IED_GustavoMo_Exterio_75e63d,,,,,
2026-09-12T22:36:08-05:00,PUR_IED_GustavoMo_LabFisi_224d37,PUR_IED_GustavoMo_LabFisi_224d37,,,,,
2026-09-12T22:36:08-05:00,PUR_IED_GustavoMo_S208_3e6918,PUR_IED_GustavoMo_S208_3e6918,,,,,
2026-09-12T22:36:08-05:00,PUR_IED_GustavoR_A02_8cd4a8,PUR_IED_GustavoR_A02_8cd4a8,,,,,
2026-09-12T22:36:08-05:00,PUR_IED_GustavoR_B11_5b0ed,PUR_IED_GustavoR_B11_5b0ed,,,,,
2026-09-12T22:36:08-05:00,PUR_IED_GustavoR_Ext_7a0c90,PUR_IED_GustavoR_Ext_7a0c90,,,,,
2026-09-12T22:36:08-05:00,PUR_IED_HernandoDuran_Ext_8cd82b,PUR_IED_HernandoDuran_Ext_8cd82b,,,,,
2026-09-12T22:36:08-05:00,PUR_IED_HernandoDuran_S24_2772c6,PUR_IED_HernandoDuran_S24_2772c6,,,,,
2026-09-12T22:36:08-05:00,PUR_IED_HernandoDuran_S30_f2de41,PUR_IED_HernandoDuran_S30_f2de41,,,,,
2026-09-12T22:36:08-05:00,PUR_IED_HolguInUr_S1101_8cd732,PUR_IED_HolguInUr_S1101_8cd732,,,,,
2026-09-12T22:36:08-05:00,PUR_IED_HolguinUr_Exter_ddae6d,PUR_IED_HolguinUr_Exter_ddae6d,,,,,
2026-09-12T22:36:08-05:00,PUR_IED_HolguinUr_LabQuim_92b952,PUR_IED_HolguinUr_LabQuim_92b952,,,,,
2026-09-12T22:36:08-05:00,PUR_IED_Isabel-II_Ext_5245cc,PUR_IED_Isabel-II_Ext_5245cc,5,19,59,4.6336,-74.153
2026-09-12T22:36:08-05:00,PUR_IED_Isabel-II_S_idiom_1c29aa,PUR_IED_Isabel-II_S_idiom_1c29aa,,,,,
2026-09-12T22:36:08-05:00,PUR_IED_Isabel-II_S_infor_fd741,PUR_IED_Isabel-II_S_infor_fd741,,,,,
2026-09-12T22:36:08-05:00,PUR_IED_IsidroSur_Exterio_5b90ea,PUR_IED_IsidroSur_Exterio_5b90ea,,,,,
2026-09-12T22:36:08-05:00,PUR_IED_IsidroSur_LabTec_56697a,PUR_IED_IsidroSur_LabTec_56697a,,,,,
2026-09-12T22:36:08-05:00,PUR_IED_IsidroSur_Robotic_b7c38f,PUR_IED_IsidroSur_Robotic_b7c38f,,,,,
2026-09-12T22:36:08-05:00,PUR_IED_IsmaelPerd_Ext_7b6672,PUR_IED_IsmaelPerd_Ext_7b6672,,,,,
2026-09-12T22:36:08-05:00,PUR_IED_IsmaelPerd_Inform_306540,PUR_IED_IsmaelPerd_Inform_306540,,,,,
2026-09-12T22:36:08-05:00,PUR_IED_IsmaelPerd_S30_2e2c83,PUR_IED_IsmaelPerd_S30_2e2c83,,,,,
2026-09-12T22:36:08-05:00,PUR_IED_JLozano_Exter_432910,PUR_IED_JLozano_Exter_432910,,,,,
2026-09-12T22:36:08-05:00,PUR_IED_JLozano_salaMulti_df5125,PUR_IED_JLozano_salaMulti_df5125,,,,,
2026-09-12T22:36:08-05:00,PUR_IED_JMCordoba_206_86f80b,PUR_IED_JMCordoba_206_86f80b,,,,,
2026-09-12T22:36:08-05:00,PUR_IED_JMCordoba_Ext_27ad97,PUR_IED_JMCordoba_Ext_27ad97,,,,,
2026-09-12T22:36:08-05:00,PUR_IED_JMCordoba_S310_d59ab4,PUR_IED_JMCordoba_S310_d59ab4,,,,,
2026-09-12T22:36:08-05:00,PUR_IED_Japon_Ext_549100,PUR_IED_Japon_Ext_549100,,,,,
2026-09-12T22:36:08-05:00,PUR_IED_Japon_Laboratorio_bec51d,PUR_IED_Japon_Laboratorio_bec51d,,,,,
2026-09-12T22:36:08-05:00,PUR_IED_Japon_informatica_d99327,PUR_IED_Japon_informatica_d99327,,,,,
2026-09-12T22:36:08-05:00,PUR_IED_Jazmin_Ext_d27bda,PUR_IED_Jazmin_Ext_d27bda,,,,,
2026-09-12T22:36:08-05:00,PUR_IED_Jazmin_Fisica_8d14d7,PUR_IED_Jazmin_Fisica_8d14d7,,,,,
2026-09-12T22:36:08-05:00,PUR_IED_Jazmin_Quimica_801cb5,PUR_IED_Jazmin_Quimica_801cb5,,,,,
2026-09-12T22:36:08-05:00,PUR_IED_JorgeGaitan_Exter_f098d1,PUR_IED_JorgeGaitan_Exter_f098d1,,,,,
2026-09-12T22:36:08-05:00,PUR_IED_JorgeGaitan_STec1_dc9d1d,PUR_IED_JorgeGaitan_STec1_dc9d1d,,,,,
2026-09-12T22:36:08-05:00,PUR_IED_JorgeGaitan_STec2_281e69,PUR_IED_JorgeGaitan_STec2_281e69,,,,,
2026-09-12T22:36:08-05:00,PUR_IED_JorgeSoto_Exterio_d9d0a2,PUR_IED_JorgeSoto_Exterio_d9d0a2,,,,,
2026-09-12T22:36:08-05:00,PUR_IED_JorgeSoto_LabFisi_209c54,PUR_IED_JorgeSoto_LabFisi_209c54,,,,,
2026-09-12T22:36:08-05:00,PUR_IED_JorgeSoto_S103_27b51a,PUR_IED_JorgeSoto_S103_27b51a,,,,,
2026-09-12T22:36:08-05:00,PUR_IED_JoseAcevedo_A02_e965eb,PUR_IED_JoseAcevedo_A02_e965eb,,,,,
2026-09-12T22:36:08-05:00,PUR_IED_JoseAcevedo_A07_dd5b4,PUR_IED_JoseAcevedo_A07_dd5b4,,,,,
2026-09-12T22:36:08-05:00,PUR_IED_JoseAcevedo_Ext_b47484,PUR_IED_JoseAcevedo_Ext_b47484,,,,,
2026-09-12T22:36:08-05:00,PUR_IED_JoseMarti_Exte_5b9bf,PUR_IED_JoseMarti_Exte_5b9bf,,,,,
2026-09-12T22:36:08-05:00,PUR_IED_JoseMarti_LabQuim_1c6c2d,PUR_IED_JoseMarti_LabQuim_1c6c2d,,,,,
2026-09-12T22:36:08-05:00,PUR_IED_JoseMarti_S_info_f5f177,PUR_IED_JoseMarti_S_info_f5f177,,,,,
2026-09-12T22:36:08-05:00,PUR_IED_Josejoaquin_Ext_dfc5dc,PUR_IED_Josejoaquin_Ext_dfc5dc,,,,,
2026-09-12T22:36:08-05:00,PUR_IED_Josejoaquin_S05_5b2a96,PUR_IED_Josejoaquin_S05_5b2a96,,,,,
2026-09-12T22:36:08-05:00,PUR_IED_Josejoaquin_S06_1ce7d2,PUR_IED_Josejoaquin_S06_1ce7d2,,,,,
2026-09-12T22:36:08-05:00,PUR_IED_JulioFlorez_Danza_9b82dd,PUR_IED_JulioFlorez_Danza_9b82dd,,,,,
2026-09-12T22:36:08-05:00,PUR_IED_JulioFlorez_Exter_f9f314,PUR_IED_JulioFlorez_Exter_f9f314,,,,,
2026-09-12T22:36:08-05:00,PUR_IED_JulioFlorez_info2_6b6e08,PUR_IED_JulioFlorez_info2_6b6e08,,,,,
2026-09-12T22:36:08-05:00,PUR_IED_LaBelleza_Aula13_1d00d8,PUR_IED_LaBelleza_Aula13_1d00d8,,,,,
2026-09-12T22:36:08-05:00,PUR_IED_LaBelleza_Ext_7bc08c,PUR_IED_LaBelleza_Ext_7bc08c,,,,,
2026-09-12T22:36:08-05:00,PUR_IED_LaChucua_Ext_8cd6d2,PUR_IED_LaChucua_Ext_8cd6d2,,,,,
2026-09-12T22:36:08-05:00,PUR_IED_LaChucua_S15_f578ce,PUR_IED_LaChucua_S15_f578ce,,,,,
2026-09-12T22:36:08-05:00,PUR_IED_LaChucua_S16_eebcf9,PUR_IED_LaChucua_S16_eebcf9,,,,,
2026-09-12T22:36:08-05:00,PUR_IED_LaFelicidad_Ext_fb5109,PUR_IED_LaFelicidad_Ext_fb5109,,,,,
2026-09-12T22:36:08-05:00,PUR_IED_LaMerced_206_66ebd,PUR_IED_LaMerced_206_66ebd,,,,,
2026-09-12T22:36:08-05:00,PUR_IED_LaMerced_207_6ebd6,PUR_IED_LaMerced_207_6ebd6,,,,,
2026-09-12T22:36:08-05:00,PUR_IED_LaMerced_ext_304311,PUR_IED_LaMerced_ext_304311,,,,,
2026-09-12T22:36:08-05:00,PUR_IED_Laureano_CiencNat_281e5e,PUR_IED_Laureano_CiencNat_281e5e,,,,,
2026-09-12T22:36:08-05:00,PUR_IED_Laureano_Comedor_f65c0a,PUR_IED_Laureano_Comedor_f65c0a,,,,,
2026-09-12T22:36:08-05:00,PUR_IED_Laureano_Exterior_7ab011,PUR_IED_Laureano_Exterior_7ab011,,,,,
2026-09-12T22:36:08-05:00,PUR_IED_LeonGreiff_Exte_dfe560,PUR_IED_LeonGreiff_Exte_dfe560,,,,,
2026-09-12T22:36:08-05:00,PUR_IED_LeonGreiff_S210_f264ed,PUR_IED_LeonGreiff_S210_f264ed,,,,,
2026-09-12T22:36:08-05:00,PUR_IED_LeonGreiff_SQuimi_e8296f,PUR_IED_LeonGreiff_SQuimi_e8296f,,,,,
2026-09-12T22:36:08-05:00,PUR_IED_LlanoOrientalS208_7b9fcd,PUR_IED_LlanoOrientalS208_7b9fcd,,,,,
2026-09-12T22:36:08-05:00,PUR_IED_LlanoOriental_Ext_fb3766,PUR_IED_LlanoOriental_Ext_fb3766,,,,,
2026-09-12T22:36:08-05:00,PUR_IED_LlanoOriental_S208_7b9fcd,PUR_IED_LlanoOriental_S208_7b9fcd,,,,,
2026-09-12T22:36:08-05:00,PUR_IED_LlanoOriental_S9_27b378,PUR_IED_LlanoOriental_S9_27b378,,,,,
2026-09-12T22:36:08-05:00,PUR_IED_LosTejares_1101_477602,PUR_IED_LosTejares_1101_477602,,,,,
2026-09-12T22:36:08-05:00,PUR_IED_LosTejares_11_d2c595,PUR_IED_LosTejares_11_d2c595,,,,,
2026-09-12T22:36:08-05:00,PUR_IED_LosTejares_12_477602,PUR_IED_LosTejares_12_477602,,,,,
2026-09-12T22:36:08-05:00,PUR_IED_LosTejares_Ext_8e2115,PUR_IED_LosTejares_Ext_8e2115,,,,,
2026-09-12T22:36:08-05:00,PUR_IED_MagdalenaO_B202_5ddda3,PUR_IED_MagdalenaO_B202_5ddda3,,,,,
2026-09-12T22:36:08-05:00,PUR_IED_MagdalenaO_B205_fb76e8,PUR_IED_MagdalenaO_B205_fb76e8,,,,,
2026-09-12T22:36:08-05:00,PUR_IED_MagdalenaO_ext_dc69cd,PUR_IED_MagdalenaO_ext_dc69cd,,,,,
2026-09-12T22:36:08-05:00,PUR_IED_ManueCepeda_artes_eee956,PUR_IED_ManueCepeda_artes_eee956,,,,,
2026-09-12T22:36:08-05:00,PUR_IED_ManuelCepeda_Ext_58313,PUR_IED_ManuelCepeda_Ext_58313,,,,,
2026-09-12T22:36:08-05:00,PUR_IED_ManuelCepeda_tec_1c5731,PUR_IED_ManuelCepeda_tec_1c5731,,,,,
2026-09-12T22:36:08-05:00,PUR_IED_ManuelS_Exterior_5b269,PUR_IED_ManuelS_Exterior_5b269,,,,,
2026-09-12T22:36:08-05:00,PUR_IED_ManuelS_Inform_f369ce,PUR_IED_ManuelS_Inform_f369ce,,,,,
2026-09-12T22:36:08-05:00,PUR_IED_ManuelS_SArtes_7d15f1,PUR_IED_ManuelS_SArtes_7d15f1,,,,,
2026-09-12T22:36:08-05:00,PUR_IED_ManuelZapata_303_3ca6,PUR_IED_ManuelZapata_303_3ca6,,,,,
2026-09-12T22:36:08-05:00,PUR_IED_ManuelZapata_311_bfbabc,PUR_IED_ManuelZapata_311_bfbabc,,,,,
2026-09-12T22:36:08-05:00,PUR_IED_ManuelZapata_Ext_50824a,PUR_IED_ManuelZapata_Ext_50824a,,,,,
2026-09-12T22:36:08-05:00,PUR_IED_ManuelitaS_Exteri_656a92,PUR_IED_ManuelitaS_Exteri_656a92,,,,,
2026-09-12T22:36:08-05:00,PUR_IED_ManuelitaS_JuzgDe_f58ec3,PUR_IED_ManuelitaS_JuzgDe_f58ec3,,,,,
2026-09-12T22:36:08-05:00,PUR_IED_ManuelitaS_Recrea_d793db,PUR_IED_ManuelitaS_Recrea_d793db,,,,,
2026-09-12T22:36:08-05:00,PUR_IED_MarFidSuarez_Ext_c27b19,PUR_IED_MarFidSuarez_Ext_c27b19,,,,,
2026-09-12T22:36:08-05:00,PUR_IED_MarFidSuarez_Info_e384d7,PUR_IED_MarFidSuarez_Info_e384d7,,,,,
2026-09-12T22:36:08-05:00,PUR_IED_MarFidSuarez_S306_1d0032,PUR_IED_MarFidSuarez_S306_1d0032,,,,,
2026-09-12T22:36:08-05:00,PUR_IED_Menorah_301_2a25a3,PUR_IED_Menorah_301_2a25a3,,,,,
2026-09-12T22:36:08-05:00,PUR_IED_Menorah_306_37ed3,PUR_IED_Menorah_306_37ed3,,,,,
2026-09-12T22:36:08-05:00,PUR_IED_Menorah_Ext_3e155b,PUR_IED_Menorah_Ext_3e155b,,,,,
2026-09-12T22:36:08-05:00,PUR_IED_MinutoB.Aires_A11_1b1604,PUR_IED_MinutoB.Aires_A11_1b1604,,,,,
2026-09-12T22:36:08-05:00,PUR_IED_MinutoB.Aires_A12_fb5860,PUR_IED_MinutoB.Aires_A12_fb5860,,,,,
2026-09-12T22:36:08-05:00,PUR_IED_MinutoB.Aires_Ext_81293f,PUR_IED_MinutoB.Aires_Ext_81293f,,,,,
2026-09-12T22:36:08-05:00,PUR_IED_MinutoBAires_A11_1b1604,PUR_IED_MinutoBAires_A11_1b1604,,,,,
2026-09-12T22:36:08-05:00,PUR_IED_MinutoBAires_A12_fb5860,PUR_IED_MinutoBAires_A12_fb5860,,,,,
2026-09-12T22:36:08-05:00,PUR_IED_MinutoBAires_Ext_81293f,PUR_IED_MinutoBAires_Ext_81293f,,,,,
2026-09-12T22:36:08-05:00,PUR_IED_Montreal_Aula10_1e4959,PUR_IED_Montreal_Aula10_1e4959,,,,,
2026-09-12T22:36:08-05:00,PUR_IED_Montreal_Aula6_300367,PUR_IED_Montreal_Aula6_300367,,,,,
2026-09-12T22:36:08-05:00,PUR_IED_Montreal_Exterior_91a179,PUR_IED_Montreal_Exterior_91a179,,,,,
2026-09-12T22:36:08-05:00,PUR_IED_Mqgdalena_B202_5ddda3,PUR_IED_Mqgdalena_B202_5ddda3,,,,,
2026-09-12T22:36:08-05:00,PUR_IED_NACUND_Soc_dc8728,PUR_IED_NACUND_Soc_dc8728,,,,,
2026-09-12T22:36:08-05:00,PUR_IED_NACUND_ext_27ad97,PUR_IED_NACUND_ext_27ad97,,,,,
2026-09-12T22:36:08-05:00,PUR_IED_NEsperanza_Ext_d24b61,PUR_IED_NEsperanza_Ext_d24b61,,,,,
2026-09-12T22:36:08-05:00,PUR_IED_NEsperanza_SElect_7d1807,PUR_IED_NEsperanza_SElect_7d1807,,,,,
2026-09-12T22:36:08-05:00,PUR_IED_NEsperanza_SLabor_8b2d0a,PUR_IED_NEsperanza_SLabor_8b2d0a,,,,,
2026-09-12T22:36:08-05:00,PUR_IED_NacionesU_Ext_f661a9,PUR_IED_NacionesU_Ext_f661a9,,,,,
2026-09-12T22:36:08-05:00,PUR_IED_NacionesU_Quimica_66f0a,PUR_IED_NacionesU_Quimica_66f0a,,,,,
2026-09-12T22:36:08-05:00,PUR_IED_NacionesU_S306_1b4b3d,PUR_IED_NacionesU_S306_1b4b3d,,,,,
2026-09-12T22:36:08-05:00,PUR_IED_NestorFA_Ext_e4201c,PUR_IED_NestorFA_Ext_e4201c,,,,,
2026-09-12T22:36:08-05:00,PUR_IED_NestorFA_Laborato_f22fe0,PUR_IED_NestorFA_Laborato_f22fe0,,,,,
2026-09-12T22:36:08-05:00,PUR_IED_NestorFA_S204_dee996,PUR_IED_NestorFA_S204_dee996,,,,,
2026-09-12T22:36:08-05:00,PUR_IED_NidyaQT_Aula03_76999b,PUR_IED_NidyaQT_Aula03_76999b,,,,,
2026-09-12T22:36:08-05:00,PUR_IED_NidyaQT_Aula10_56325,PUR_IED_NidyaQT_Aula10_56325,,,,,
2026-09-12T22:36:08-05:00,PUR_IED_NidyaQT_Ext_46e32d,PUR_IED_NidyaQT_Ext_46e32d,,,,,
2026-09-12T22:36:08-05:00,PUR_IED_NuevaCol_Exterior_d9b859,PUR_IED_NuevaCol_Exterior_d9b859,,,,,
2026-09-12T22:36:08-05:00,PUR_IED_NuevaCol_S1101_76c43b,PUR_IED_NuevaCol_S1101_76c43b,,,,,
2026-09-12T22:36:08-05:00,PUR_IED_NuevaCol_S1102_1ce0b5,PUR_IED_NuevaCol_S1102_1ce0b5,,,,,
2026-09-12T22:36:08-05:00,PUR_IED_OEA_A202_f7e3f2,PUR_IED_OEA_A202_f7e3f2,,,,,
2026-09-12T22:36:08-05:00,PUR_IED_OEA_A203_7d1b8d,PUR_IED_OEA_A203_7d1b8d,,,,,
2026-09-12T22:36:08-05:00,PUR_IED_OEA_Ext_27b593,PUR_IED_OEA_Ext_27b593,,,,,
2026-09-12T22:36:08-05:00,PUR_IED_Ochoa_Ext_1c29da,PUR_IED_Ochoa_Ext_1c29da,,,,,
2026-09-12T22:36:08-05:00,PUR_IED_Ochoa_S205_8b1121,PUR_IED_Ochoa_S205_8b1121,,,,,
2026-09-12T22:36:08-05:00,PUR_IED_Ochoa_Sistemas_f33af6,PUR_IED_Ochoa_Sistemas_f33af6,,,,,
2026-09-12T22:36:08-05:00,PUR_IED_PQuebec_Ext_1c67c7,PUR_IED_PQuebec_Ext_1c67c7,,,,,
2026-09-12T22:36:08-05:00,PUR_IED_PQuebec_S15_23e8e2,PUR_IED_PQuebec_S15_23e8e2,,,,,
2026-09-12T22:36:08-05:00,PUR_IED_PQuebec_S16_8ec76b,PUR_IED_PQuebec_S16_8ec76b,,,,,
2026-09-12T22:36:08-05:00,PUR_IED_PabloN_Ext_49dc96,PUR_IED_PabloN_Ext_49dc96,,,,,
2026-09-12T22:36:08-05:00,PUR_IED_PabloN_S1102_4e3df5,PUR_IED_PabloN_S1102_4e3df5,,,,,
2026-09-12T22:36:08-05:00,PUR_IED_PabloN_S1103_50c94b,PUR_IED_PabloN_S1103_50c94b,,,,,
2026-09-12T22:36:08-05:00,PUR_IED_Palestina_S1101_db9198,PUR_IED_Palestina_S1101_db9198,,,,,
2026-09-12T22:36:08-05:00,PUR_IED_Palestina_S1102_dc54fa,PUR_IED_Palestina_S1102_dc54fa,,,,,
2026-09-12T22:36:08-05:00,PUR_IED_Palestina_ext_4ccce6,PUR_IED_Palestina_ext_4ccce6,,,,,
2026-09-12T22:36:08-05:00,PUR_IED_Panama_Fisica_4d0794,PUR_IED_Panama_Fisica_4d0794,,,,,
2026-09-12T22:36:08-05:00,PUR_IED_Panama_SIngles_a4077e,PUR_IED_Panama_SIngles_a4077e,,,,,
2026-09-12T22:36:08-05:00,PUR_IED_Panama_ext_4c54b4,PUR_IED_Panama_ext_4c54b4,,,,,
2026-09-12T22:36:08-05:00,PUR_IED_ParaisoM_Exterior_8cd7f0,PUR_IED_ParaisoM_Exterior_8cd7f0,,,,,
2026-09-12T22:36:08-05:00,PUR_IED_ParaisoM_Laborato_27af35,PUR_IED_ParaisoM_Laborato_27af35,,,,,
2026-09-12T22:36:08-05:00,PUR_IED_ParaisoM_S304_d1edca,PUR_IED_ParaisoM_S304_d1edca,,,,,
2026-09-12T22:36:08-05:00,PUR_IED_PorfirioBarba_Ext_301466,PUR_IED_PorfirioBarba_Ext_301466,,,,,
2026-09-12T22:36:08-05:00,PUR_IED_PorfirioBarba_S11_df6cd2,PUR_IED_PorfirioBarba_S11_df6cd2,,,,,
2026-09-12T22:36:08-05:00,PUR_IED_PorfirioBarba_S29_27a7d6,PUR_IED_PorfirioBarba_S29_27a7d6,,,,,
2026-09-12T22:36:08-05:00,PUR_IED_PradoV_Exter_8b27ad,PUR_IED_PradoV_Exter_8b27ad,,,,,
2026-09-12T22:36:08-05:00,PUR_IED_PradoV_S301_de65b5,PUR_IED_PradoV_S301_de65b5,,,,,
2026-09-12T22:36:08-05:00,PUR_IED_PradoV_S302_7d2593,PUR_IED_PradoV_S302_7d2593,,,,,
2026-09-12T22:36:08-05:00,PUR_IED_QuirogaAlz_Ext_1ddc82,PUR_IED_QuirogaAlz_Ext_1ddc82,,,,,
2026-09-12T22:36:08-05:00,PUR_IED_QuirogaAlz_S302_9926a3,PUR_IED_QuirogaAlz_S302_9926a3,,,,,
2026-09-12T22:36:08-05:00,PUR_IED_QuirogaAlz_S305_cdf1f1,PUR_IED_QuirogaAlz_S305_cdf1f1,,,,,
2026-09-12T22:36:08-05:00,PUR_IED_RGuatemala_Biling_dc53b7,PUR_IED_RGuatemala_Biling_dc53b7,,,,,
2026-09-12T22:36:08-05:00,PUR_IED_RGuatemala_Ext_1b89a3,PUR_IED_RGuatemala_Ext_1b89a3,,,,,
2026-09-12T22:36:08-05:00,PUR_IED_RGuatemala_Tecnol_281a34,PUR_IED_RGuatemala_Tecnol_281a34,,,,,
2026-09-12T22:36:08-05:00,PUR_IED_RafaNu_Ext_f7c302,PUR_IED_RafaNu_Ext_f7c302,,,,,
2026-09-12T22:36:08-05:00,PUR_IED_RafaNu_S1101_25fde,PUR_IED_RafaNu_S1101_25fde,,,,,
2026-09-12T22:36:08-05:00,PUR_IED_RafaNu_S1102_281517,PUR_IED_RafaNu_S1102_281517,,,,,
2026-09-12T22:36:08-05:00,PUR_IED_RafaelB_S305_ee2783,PUR_IED_RafaelB_S305_ee2783,,,,,
2026-09-12T22:36:08-05:00,PUR_IED_RafaelB_S306_75fe33,PUR_IED_RafaelB_S306_75fe33,,,,,
2026-09-12T22:36:08-05:00,PUR_IED_RafaelB_ext_283336,PUR_IED_RafaelB_ext_283336,2,19,60,4.6722,-74.0737
2026-09-12T22:36:08-05:00,PUR_IED_RafaelUU_Exterior_281a51,PUR_IED_RafaelUU_Exterior_281a51,,,,,
2026-09-12T22:36:08-05:00,PUR_IED_RafaelUU_Human_806b2,PUR_IED_RafaelUU_Human_806b2,,,,,
2026-09-12T22:36:08-05:00,PUR_IED_RafaelUU_Mate2_5680d4,PUR_IED_RafaelUU_Mate2_5680d4,,,,,
2026-09-12T22:36:08-05:00,PUR_IED_RamonSub_Ext_f9eeb9,PUR_IED_RamonSub_Ext_f9eeb9,,,,,
2026-09-12T22:36:08-05:00,PUR_IED_RamonSub_Media_d1f62f,PUR_IED_RamonSub_Media_d1f62f,,,,,
2026-09-12T22:36:08-05:00,PUR_IED_RamonSub_planta_51b82,PUR_IED_RamonSub_planta_51b82,,,,,
2026-09-12T22:36:08-05:00,PUR_IED_RepBoliVene_Exter_27af7c,PUR_IED_RepBoliVene_Exter_27af7c,,,,,
2026-09-12T22:36:08-05:00,PUR_IED_RepBoliVene_SCPT_5ae2ee,PUR_IED_RepBoliVene_SCPT_5ae2ee,,,,,
2026-09-12T22:36:08-05:00,PUR_IED_RepBoliVene_Socia_4b11d5,PUR_IED_RepBoliVene_Socia_4b11d5,,,,,
2026-09-12T22:36:08-05:00,PUR_IED_RepChina_Ext_76d9ee,PUR_IED_RepChina_Ext_76d9ee,,,,,
2026-09-12T22:36:08-05:00,PUR_IED_RepChina_S404_7c804c,PUR_IED_RepChina_S404_7c804c,,,,,
2026-09-12T22:36:08-05:00,PUR_IED_RepChina_S405_df2c33,PUR_IED_RepChina_S405_df2c33,,,,,
2026-09-12T22:36:08-05:00,PUR_IED_RepublicaC_Exteri_7d1ec9,PUR_IED_RepublicaC_Exteri_7d1ec9,,,,,
2026-09-12T22:36:08-05:00,PUR_IED_RepublicaC_S1101_f544b3,PUR_IED_RepublicaC_S1101_f544b3,,,,,
2026-09-12T22:36:08-05:00,PUR_IED_RepublicaC_S1102_7aafc7,PUR_IED_RepublicaC_S1102_7aafc7,,,,,
2026-09-12T22:36:08-05:00,PUR_IED_Ricaurte_Externo_a0ea1,PUR_IED_Ricaurte_Externo_a0ea1,,,,,
2026-09-12T22:36:08-05:00,PUR_IED_Ricaurte_S210_f546fd,PUR_IED_Ricaurte_S210_f546fd,,,,,
2026-09-12T22:36:08-05:00,PUR_IED_Ricaurte_S309_d4452,PUR_IED_Ricaurte_S309_d4452,,,,,
2026-09-12T22:36:08-05:00,PUR_IED_RogelioS_1102_531e69,PUR_IED_RogelioS_1102_531e69,,,,,
2026-09-12T22:36:08-05:00,PUR_IED_RogelioS_Ext_f25a18,PUR_IED_RogelioS_Ext_f25a18,,,,,
2026-09-12T22:36:08-05:00,PUR_IED_SBernardino_Ext_27aff8,PUR_IED_SBernardino_Ext_27aff8,,,,,
2026-09-12T22:36:08-05:00,PUR_IED_SBernardino_SArte_2ffd33,PUR_IED_SBernardino_SArte_2ffd33,,,,,
2026-09-12T22:36:08-05:00,PUR_IED_SBernardino_SIngl_7c7da5,PUR_IED_SBernardino_SIngl_7c7da5,,,,,
2026-09-12T22:36:08-05:00,PUR_IED_Sago_auditorio_dc9d1d,PUR_IED_Sago_auditorio_dc9d1d,,,,,
2026-09-12T22:36:08-05:00,PUR_IED_Saludcoop_Ext_95aac3,PUR_IED_Saludcoop_Ext_95aac3,,,,,
2026-09-12T22:36:08-05:00,PUR_IED_Saludcoop_InfI_90c854,PUR_IED_Saludcoop_InfI_90c854,,,,,
2026-09-12T22:36:08-05:00,PUR_IED_Saludcoop_SMedia_1b93be,PUR_IED_Saludcoop_SMedia_1b93be,,,,,
2026-09-12T22:36:08-05:00,PUR_IED_SanCarlos_1101_1a2360,PUR_IED_SanCarlos_1101_1a2360,,,,,
2026-09-12T22:36:08-05:00,PUR_IED_SanCarlos_1103_7bafb5,PUR_IED_SanCarlos_1103_7bafb5,,,,,
2026-09-12T22:36:08-05:00,PUR_IED_SanCarlos_Ext_b7cd1,PUR_IED_SanCarlos_Ext_b7cd1,,,,,
2026-09-12T22:36:08-05:00,PUR_IED_SanIgnacioBosa11a_50c26e,PUR_IED_SanIgnacioBosa11a_50c26e,,,,,
2026-09-12T22:36:08-05:00,PUR_IED_SanIgnacioBosa11b_371de8,PUR_IED_SanIgnacioBosa11b_371de8,,,,,
2026-09-12T22:36:08-05:00,PUR_IED_SanIgnacioBosaExt_ef0ffc,PUR_IED_SanIgnacioBosaExt_ef0ffc,,,,,
2026-09-12T22:36:08-05:00,PUR_IED_SanIgnacioBosa_11a_50c26e,PUR_IED_SanIgnacioBosa_11a_50c26e,,,,,
2026-09-12T22:36:08-05:00,PUR_IED_SanIgnacioBosa_Ext_ef0ffc,PUR_IED_SanIgnacioBosa_Ext_ef0ffc,,,,,
2026-09-12T22:36:08-05:00,PUR_IED_SanJoseN_intS1101_31c47f,PUR_IED_SanJoseN_intS1101_31c47f,,,,,
2026-09-12T22:36:08-05:00,PUR_IED_SanJoseUsm_Exter_f5d7e8,PUR_IED_SanJoseUsm_Exter_f5d7e8,,,,,
2026-09-12T22:36:08-05:00,PUR_IED_SanJoseUsm_Int11A_cfdef6,PUR_IED_SanJoseUsm_Int11A_cfdef6,,,,,
2026-09-12T22:36:08-05:00,PUR_IED_SilveriaR_IntB5_905349,PUR_IED_SilveriaR_IntB5_905349,,,,,
2026-09-12T22:36:08-05:00,PUR_IED_SilveriaR_IntSD14_981f93,PUR_IED_SilveriaR_IntSD14_981f93,,,,,
2026-09-12T22:36:08-05:00,PUR_IED_SilveriaR_ext_2b651d,PUR_IED_SilveriaR_ext_2b651d,,,,,
2026-09-12T22:36:08-05:00,PUR_IED_SimonB_Exterior_913975,PUR_IED_SimonB_Exterior_913975,,,,,
2026-09-12T22:36:08-05:00,PUR_IED_SimonB_LabQuimi_c56908,PUR_IED_SimonB_LabQuimi_c56908,,,,,
2026-09-12T22:36:08-05:00,PUR_IED_SimonB_informatic_a28c1,PUR_IED_SimonB_informatic_a28c1,,,,,
2026-09-12T22:36:08-05:00,PUR_IED_Sorrento_1102_315f50,PUR_IED_Sorrento_1102_315f50,,,,,
2026-09-12T22:36:08-05:00,PUR_IED_Sorrento_Minte_214eab,PUR_IED_Sorrento_Minte_214eab,,,,,
2026-09-12T22:36:08-05:00,PUR_IED_Sorrento_ext_7c3a0a,PUR_IED_Sorrento_ext_7c3a0a,,,,,
2026-09-12T22:36:08-05:00,PUR_IED_Tabora_Ext_f048ae,PUR_IED_Tabora_Ext_f048ae,,,,,
2026-09-12T22:36:08-05:00,PUR_IED_Tabora_S1102_b07752,PUR_IED_Tabora_S1102_b07752,,,,,
2026-09-12T22:36:08-05:00,PUR_IED_Tabora_S1103_d988f5,PUR_IED_Tabora_S1103_d988f5,,,,,
2026-09-12T22:36:08-05:00,PUR_IED_Tenerife_Ext_1ab188,PUR_IED_Tenerife_Ext_1ab188,,,,,
2026-09-12T22:36:08-05:00,PUR_IED_Tenerife_SDanzas_7bc02e,PUR_IED_Tenerife_SDanzas_7bc02e,,,,,
2026-09-12T22:36:08-05:00,PUR_IED_Tenerife_SIngles_7cc277,PUR_IED_Tenerife_SIngles_7cc277,,,,,
2026-09-12T22:36:08-05:00,PUR_IED_Tibabuyes_Exter_f2683d,PUR_IED_Tibabuyes_Exter_f2683d,,,,,
2026-09-12T22:36:08-05:00,PUR_IED_Tibabuyes_S10_dc87a8,PUR_IED_Tibabuyes_S10_dc87a8,,,,,
2026-09-12T22:36:08-05:00,PUR_IED_Tibabuyes_S15_dc0526,PUR_IED_Tibabuyes_S15_dc0526,,,,,
2026-09-12T22:36:08-05:00,PUR_IED_UnionE_S301_a1043,PUR_IED_UnionE_S301_a1043,,,,,
2026-09-12T22:36:08-05:00,PUR_IED_UnionE_S307_ff6c2f,PUR_IED_UnionE_S307_ff6c2f,,,,,
2026-09-12T22:36:08-05:00,PUR_IED_UnionE__Ext_5e2468,PUR_IED_UnionE__Ext_5e2468,,,,,
2026-09-12T22:36:08-05:00,PUR_IED_VillaRica_Ext_75be7c,PUR_IED_VillaRica_Ext_75be7c,,,,,
2026-09-12T22:36:08-05:00,PUR_IED_VillaRica_S4_cc5dcd,PUR_IED_VillaRica_S4_cc5dcd,,,,,
2026-09-12T22:36:08-05:00,PUR_IED_VillaRica_Sesp_99f5c,PUR_IED_VillaRica_Sesp_99f5c,,,,,
2026-09-12T22:41:07-05:00,PUR_IED_20deJulio_1101_91b1b9,PUR_IED_20deJulio_1101_91b1b9,,,,,
2026-09-12T22:41:07-05:00,PUR_IED_20deJulio_1102_1cfcf9,PUR_IED_20deJulio_1102_1cfcf9,,,,,
2026-09-12T22:41:07-05:00,PUR_IED_20deJulio_Ext_ab60bd,PUR_IED_20deJulio_Ext_ab60bd,,,,,
2026-09-12T22:41:07-05:00,PUR_IED_AgustinFer_Ext_7b9b77,PUR_IED_AgustinFer_Ext_7b9b77,,,,,
2026-09-12T22:41:07-05:00,PUR_IED_AgustinFer_Info2_27b3a7,PUR_IED_AgustinFer_Info2_27b3a7,,,,,
2026-09-12T22:41:07-05:00,PUR_IED_AgustinFer_Sena_54b4eb,PUR_IED_AgustinFer_Sena_54b4eb,,,,,
2026-09-12T22:41:07-05:00,PUR_IED_AlexanderF_1102_caf07b,PUR_IED_AlexanderF_1102_caf07b,,,,,
2026-09-12T22:41:07-05:00,PUR_IED_AlexanderF_1103_c79e71,PUR_IED_AlexanderF_1103_c79e71,,,,,
2026-09-12T22:41:07-05:00,PUR_IED_AlexanderF_Ext_c5b18b,PUR_IED_AlexanderF_Ext_c5b18b,,,,,
2026-09-12T22:41:07-05:00,PUR_IED_AlfonsoLopez_Ext_281d77,PUR_IED_AlfonsoLopez_Ext_281d77,,,,,
2026-09-12T22:41:07-05:00,PUR_IED_AlfonsoLopez_LabF_888ce0,PUR_IED_AlfonsoLopez_LabF_888ce0,,,,,
2026-09-12T22:41:07-05:00,PUR_IED_AlfonsoLopez_SMed_df6a7f,PUR_IED_AlfonsoLopez_SMed_df6a7f,,,,,
2026-09-12T22:41:07-05:00,PUR_IED_AltamiraSO_A2_209f92,PUR_IED_AltamiraSO_A2_209f92,,,,,
2026-09-12T22:41:07-05:00,PUR_IED_AltamiraSO_Ext_186d66,PUR_IED_AltamiraSO_Ext_186d66,,,,,
2026-09-12T22:41:07-05:00,PUR_IED_AltamiraSO_Sistem_27afe1,PUR_IED_AltamiraSO_Sistem_27afe1,,,,,
2026-09-12T22:41:07-05:00,PUR_IED_AlvaroGom_LabQuim_813179,PUR_IED_AlvaroGom_LabQuim_813179,,,,,
2026-09-12T22:41:07-05:00,PUR_IED_AlvaroGomez_Ext_47c7ca,PUR_IED_AlvaroGomez_Ext_47c7ca,,,,,
2026-09-12T22:41:07-05:00,PUR_IED_AlvaroGomez_LabQuim_813179,PUR_IED_AlvaroGomez_LabQuim_813179,,,,,
2026-09-12T22:41:07-05:00,PUR_IED_AlvaroGomez_S23_7ba89f,PUR_IED_AlvaroGomez_S23_7ba89f,,,,,
2026-09-12T22:41:07-05:00,PUR_IED_Amistad_306_dc8728,PUR_IED_Amistad_306_dc8728,,,,,
2026-09-12T22:41:07-05:00,PUR_IED_Amistad_Ext_8cd55e,PUR_IED_Amistad_Ext_8cd55e,,,,,
2026-09-12T22:41:07-05:00,PUR_IED_Amistad_S202_a41169,PUR_IED_Amistad_S202_a41169,,,,,
2026-09-12T22:41:07-05:00,PUR_IED_AndresBello_Bio_fd5f5e,PUR_IED_AndresBello_Bio_fd5f5e,,,,,
2026-09-12T22:41:07-05:00,PUR_IED_AndresBello_ext_dcad65,PUR_IED_AndresBello_ext_dcad65,,,,,
2026-09-12T22:41:07-05:00,PUR_IED_AndresBello_port_eed3ec,PUR_IED_AndresBello_port_eed3ec,,,,,
2026-09-12T22:41:07-05:00,PUR_IED_AngelaR_11b_d90a6b,PUR_IED_AngelaR_11b_d90a6b,,,,,
2026-09-12T22:41:07-05:00,PUR_IED_AngelaR_ext_7cad3e,PUR_IED_AngelaR_ext_7cad3e,3,19,63,4.5825,-74.164497
2026-09-12T22:41:07-05:00,PUR_IED_AntJoseSucre_10mo_df2575,PUR_IED_AntJoseSucre_10mo_df2575,,,,,
2026-09-12T22:41:07-05:00,PUR_IED_AntJoseSucre_Ext_215b36,PUR_IED_AntJoseSucre_Ext_215b36,,,,,
2026-09-12T22:41:07-05:00,PUR_IED_AntJoseSucre_Lab_3139de,PUR_IED_AntJoseSucre_Lab_3139de,,,,,
2026-09-12T22:41:07-05:00,PUR_IED_AntonioGarcia_301_d6b188,PUR_IED_AntonioGarcia_301_d6b188,,,,,
2026-09-12T22:41:07-05:00,PUR_IED_AntonioGarcia_302_88a82,PUR_IED_AntonioGarcia_302_88a82,,,,,
2026-09-12T22:41:07-05:00,PUR_IED_AntonioGarcia_Ext_20950c,PUR_IED_AntonioGarcia_Ext_20950c,,,,,
2026-09-12T22:41:07-05:00,PUR_IED_AntonioVan_Aula2_6dea02,PUR_IED_AntonioVan_Aula2_6dea02,,,,,
2026-09-12T22:41:07-05:00,PUR_IED_AntonioVan_Aula5_f1557e,PUR_IED_AntonioVan_Aula5_f1557e,,,,,
2026-09-12T22:41:07-05:00,PUR_IED_AntonioVan_Ext_406f2f,PUR_IED_AntonioVan_Ext_406f2f,,,,,
2026-09-12T22:41:07-05:00,PUR_IED_Atabanzha_Ext_cc5af9,PUR_IED_Atabanzha_Ext_cc5af9,,,,,
2026-09-12T22:41:07-05:00,PUR_IED_Atabanzha_SA101_56c37,PUR_IED_Atabanzha_SA101_56c37,,,,,
2026-09-12T22:41:07-05:00,PUR_IED_Atabanzha_SB302_27b374,PUR_IED_Atabanzha_SB302_27b374,,,,,
2026-09-12T22:41:07-05:00,PUR_IED_Atahualpa_Ext_fc1748,PUR_IED_Atahualpa_Ext_fc1748,,,,,
2026-09-12T22:41:07-05:00,PUR_IED_Atahualpa_Informa_dc9a95,PUR_IED_Atahualpa_Informa_dc9a95,,,,,
2026-09-12T22:41:07-05:00,PUR_IED_Atahualpa_S1101_f98056,PUR_IED_Atahualpa_S1101_f98056,,,,,
2026-09-12T22:41:07-05:00,PUR_IED_Bellavista_Ext_f5aa74,PUR_IED_Bellavista_Ext_f5aa74,,,,,
2026-09-12T22:41:07-05:00,PUR_IED_Bilbao_11A_916c41,PUR_IED_Bilbao_11A_916c41,,,,,
2026-09-12T22:41:07-05:00,PUR_IED_Bilbao_Ext_fb579a,PUR_IED_Bilbao_Ext_fb579a,,,,,
2026-09-12T22:41:07-05:00,PUR_IED_BrasiliaU_A125_304280,PUR_IED_BrasiliaU_A125_304280,,,,,
2026-09-12T22:41:07-05:00,PUR_IED_BrasiliaU_A203_7c8ca5,PUR_IED_BrasiliaU_A203_7c8ca5,,,,,
2026-09-12T22:41:07-05:00,PUR_IED_BrasiliaU_Ext_8d6e9f,PUR_IED_BrasiliaU_Ext_8d6e9f,5,17,62,4.5175,-74.116302
2026-09-12T22:41:07-05:00,PUR_IED_Brasilia_Ext_fe6593,PUR_IED_Brasilia_Ext_fe6593,,,,,
2026-09-12T22:41:07-05:00,PUR_IED_Brasilia_S24_7c130d,PUR_IED_Brasilia_S24_7c130d,,,,,
2026-09-12T22:41:07-05:00,PUR_IED_Brasilia_S501_186a54,PUR_IED_Brasilia_S501_186a54,,,,,
2026-09-12T22:41:07-05:00,PUR_IED_CHARRY_EXT_f1d5cd,PUR_IED_CHARRY_EXT_f1d5cd,,,,,
2026-09-12T22:41:07-05:00,PUR_IED_CHARRY_INTDANZAS_7a08e6,PUR_IED_CHARRY_INTDANZAS_7a08e6,,,,,
2026-09-12T22:41:07-05:00,PUR_IED_CHARRY_INT_AULA20_dc998d,PUR_IED_CHARRY_INT_AULA20_dc998d,,,,,
2026-09-12T22:41:07-05:00,PUR_IED_COLVIV_1101_S25_7f520a,PUR_IED_COLVIV_1101_S25_7f520a,,,,,
2026-09-12T22:41:07-05:00,PUR_IED_COLVIV_1102_S16_f570ba,PUR_IED_COLVIV_1102_S16_f570ba,,,,,
2026-09-12T22:41:07-05:00,PUR_IED_COLVIV_Ext_1a26fa,PUR_IED_COLVIV_Ext_1a26fa,,,,,
2026-09-12T22:41:07-05:00,PUR_IED_CULPOP_301A_f660f3,PUR_IED_CULPOP_301A_f660f3,,,,,
2026-09-12T22:41:07-05:00,PUR_IED_CULPOP_303_568afe,PUR_IED_CULPOP_303_568afe,,,,,
2026-09-12T22:41:07-05:00,PUR_IED_CULPOP_Ext_e02ccb,PUR_IED_CULPOP_Ext_e02ccb,,,,,
2026-09-12T22:41:07-05:00,PUR_IED_CVillavicen_Ext_26eb58,PUR_IED_CVillavicen_Ext_26eb58,4,15,77,4.487,-74.102798
2026-09-12T22:41:07-05:00,PUR_IED_CVillavicen_Intel_1ce5c2,PUR_IED_CVillavicen_Intel_1ce5c2,,,,,
2026-09-12T22:41:07-05:00,PUR_IED_CVillavicen_Poliv_e0766c,PUR_IED_CVillavicen_Poliv_e0766c,,,,,
2026-09-12T22:41:07-05:00,PUR_IED_CVillavicen_int_1ba140,PUR_IED_CVillavicen_int_1ba140,,,,,
2026-09-12T22:41:07-05:00,PUR_IED_CVillavicen_intel_1ba140,PUR_IED_CVillavicen_intel_1ba140,,,,,
2026-09-12T22:41:07-05:00,PUR_IED_CarlosPizarro_Ext_e307cc,PUR_IED_CarlosPizarro_Ext_e307cc,,,,,
2026-09-12T22:41:07-05:00,PUR_IED_CarlosPizarro_L36_7e5cdb,PUR_IED_CarlosPizarro_L36_7e5cdb,,,,,
2026-09-12T22:41:07-05:00,PUR_IED_CarlosPizarro_L37_c8566c,PUR_IED_CarlosPizarro_L37_c8566c,,,,,
2026-09-12T22:41:07-05:00,PUR_IED_Castilla_Ext_cf35f,PUR_IED_Castilla_Ext_cf35f,,,,,
2026-09-12T22:41:07-05:00,PUR_IED_Castilla_SFisik_360e38,PUR_IED_Castilla_SFisik_360e38,,,,,
2026-09-12T22:41:07-05:00,PUR_IED_Castilla_Sc304_496fbf,PUR_IED_Castilla_Sc304_496fbf,,,,,
2026-09-12T22:41:07-05:00,PUR_IED_CervantesSa_Ext_6b57b,PUR_IED_CervantesSa_Ext_6b57b,5,17,69,4.5128,-74.117203
2026-09-12T22:41:07-05:00,PUR_IED_CervantesSa_S107_225c2b,PUR_IED_CervantesSa_S107_225c2b,,,,,
2026-09-12T22:41:07-05:00,PUR_IED_CervantesSa_S108_940925,PUR_IED_CervantesSa_S108_940925,,,,,
2026-09-12T22:41:07-05:00,PUR_IED_Charry_A20_f53e7c,PUR_IED_Charry_A20_f53e7c,,,,,
2026-09-12T22:41:07-05:00,PUR_IED_Charry_Ext_f1d5cd,PUR_IED_Charry_Ext_f1d5cd,,,,,
2026-09-12T22:41:07-05:00,PUR_IED_Charry_IntAula20_dc998d,PUR_IED_Charry_IntAula20_dc998d,,,,,
2026-09-12T22:41:07-05:00,PUR_IED_Charry_IntDanzas_7a08e6,PUR_IED_Charry_IntDanzas_7a08e6,,,,,
2026-09-12T22:41:07-05:00,PUR_IED_ClememciaC_203_43e2fc,PUR_IED_ClememciaC_203_43e2fc,,,,,
2026-09-12T22:41:07-05:00,PUR_IED_ClememciaC_Ext_1b411a,PUR_IED_ClememciaC_Ext_1b411a,,,,,
2026-09-12T22:41:07-05:00,PUR_IED_ClememciaC_Quimic_44b5fc,PUR_IED_ClememciaC_Quimic_44b5fc,,,,,
2026-09-12T22:41:07-05:00,PUR_IED_ClemenciaC_203_43e2fc,PUR_IED_ClemenciaC_203_43e2fc,,,,,
2026-09-12T22:41:07-05:00,PUR_IED_ClemenciaC_Ext_1b411a,PUR_IED_ClemenciaC_Ext_1b411a,,,,,
2026-09-12T22:41:07-05:00,PUR_IED_ClemenciaC_Quimic_44b5fc,PUR_IED_ClemenciaC_Quimic_44b5fc,,,,,
2026-09-12T22:41:07-05:00,PUR_IED_ColViva_1101_S25_7f520a,PUR_IED_ColViva_1101_S25_7f520a,,,,,
2026-09-12T22:41:07-05:00,PUR_IED_ColViva_1102_S16_f570ba,PUR_IED_ColViva_1102_S16_f570ba,,,,,
2026-09-12T22:41:07-05:00,PUR_IED_ColViva_Ext_1a26fa,PUR_IED_ColViva_Ext_1a26fa,,,,,
2026-09-12T22:41:07-05:00,PUR_IED_ColegioBici_Asist_7c8798,PUR_IED_ColegioBici_Asist_7c8798,,,,,
2026-09-12T22:41:07-05:00,PUR_IED_ColegioBici_Ext_25cbf6,PUR_IED_ColegioBici_Ext_25cbf6,,,,,
2026-09-12T22:41:07-05:00,PUR_IED_ColegioBici_LabQ_7b57db,PUR_IED_ColegioBici_LabQ_7b57db,,,,,
2026-09-12T22:41:07-05:00,PUR_IED_CostaRica_Ext_5e640,PUR_IED_CostaRica_Ext_5e640,,,,,
2026-09-12T22:41:07-05:00,PUR_IED_CostaRica_Quim1_766d1c,PUR_IED_CostaRica_Quim1_766d1c,,,,,
2026-09-12T22:41:07-05:00,PUR_IED_CostaRica__Fisica_6f0873,PUR_IED_CostaRica__Fisica_6f0873,,,,,
2026-09-12T22:41:07-05:00,PUR_IED_CulPopu_301A_f660f3,PUR_IED_CulPopu_301A_f660f3,,,,,
2026-09-12T22:41:07-05:00,PUR_IED_CulPopu_303_568afe,PUR_IED_CulPopu_303_568afe,,,,,
2026-09-12T22:41:07-05:00,PUR_IED_CulPopu_Ext_e02ccb,PUR_IED_CulPopu_Ext_e02ccb,,,,,
2026-09-12T22:41:07-05:00,PUR_IED_Cundinamarca_Ext_f15985,PUR_IED_Cundinamarca_Ext_f15985,,,,,
2026-09-12T22:41:07-05:00,PUR_IED_Cundinamarca_Info_7aa5d7,PUR_IED_Cundinamarca_Info_7aa5d7,,,,,
2026-09-12T22:41:07-05:00,PUR_IED_Cundinamarca_Tec2_f449c7,PUR_IED_Cundinamarca_Tec2_f449c7,,,,,
2026-09-12T22:41:07-05:00,PUR_IED_DiegoM_Aula1_27b314,PUR_IED_DiegoM_Aula1_27b314,,,,,
2026-09-12T22:41:07-05:00,PUR_IED_DiegoM_Ext_d80ac8,PUR_IED_DiegoM_Ext_d80ac8,,,,,
2026-09-12T22:41:07-05:00,PUR_IED_DiegoM_S25_da928f,PUR_IED_DiegoM_S25_da928f,,,,,
2026-09-12T22:41:07-05:00,PUR_IED_ELRODEO_360881,PUR_IED_ELRODEO_360881,,,,,
2026-09-12T22:41:07-05:00,PUR_IED_ELRODEO_ext_360881,PUR_IED_ELRODEO_ext_360881,,,,,
2026-09-12T22:41:07-05:00,PUR_IED_EduardoU_Ext_1c1969,PUR_IED_EduardoU_Ext_1c1969,,,,,
2026-09-12T22:41:07-05:00,PUR_IED_EduardoU_SCiencia_4dfb94,PUR_IED_EduardoU_SCiencia_4dfb94,,,,,
2026-09-12T22:41:07-05:00,PUR_IED_EduardoU_SQuimica_5a46e7,PUR_IED_EduardoU_SQuimica_5a46e7,,,,,
2026-09-12T22:41:07-05:00,PUR_IED_ElRodeo_Aula14_676984,PUR_IED_ElRodeo_Aula14_676984,,,,,
2026-09-12T22:41:07-05:00,PUR_IED_ElRodeo_Aula16_2dd35b,PUR_IED_ElRodeo_Aula16_2dd35b,,,,,
2026-09-12T22:41:07-05:00,PUR_IED_ElRodeo_Ext_360881,PUR_IED_ElRodeo_Ext_360881,,,,,
2026-09-12T22:41:07-05:00,PUR_IED_ElRodeo_Exterior_8c6d28,PUR_IED_ElRodeo_Exterior_8c6d28,,,,,
2026-09-12T22:41:07-05:00,PUR_IED_ElRodeo_ext_360881,PUR_IED_ElRodeo_ext_360881,,,,,
2026-09-12T22:41:07-05:00,PUR_IED_EmmaReyes_Ext_987625,PUR_IED_EmmaReyes_Ext_987625,7,21,52,4.6367,-74.1511
2026-09-12T22:41:07-05:00,PUR_IED_Ensueño_Ext_7f0250,PUR_IED_Ensueño_Ext_7f0250,,,,,
2026-09-12T22:41:07-05:00,PUR_IED_EscNormal_Ext_5fef3b,PUR_IED_EscNormal_Ext_5fef3b,2,18,62,4.5852,-74.096901
2026-09-12T22:41:07-05:00,PUR_IED_EscNormal_S309_5b263,PUR_IED_EscNormal_S309_5b263,,,,,
2026-09-12T22:41:07-05:00,PUR_IED_EscNormal_S310_27b3b8,PUR_IED_EscNormal_S310_27b3b8,,,,,
2026-09-12T22:41:07-05:00,PUR_IED_Evangelista_Conta_f6cd4f,PUR_IED_Evangelista_Conta_f6cd4f,,,,,
2026-09-12T22:41:07-05:00,PUR_IED_Evangelista_Cri_5e16a,PUR_IED_Evangelista_Cri_5e16a,,,,,
2026-09-12T22:41:07-05:00,PUR_IED_Evangelista_Exter_754066,PUR_IED_Evangelista_Exter_754066,,,,,
2026-09-12T22:41:07-05:00,PUR_IED_FMiranda_S209_5cc2a3,PUR_IED_FMiranda_S209_5cc2a3,,,,,
2026-09-12T22:41:07-05:00,PUR_IED_FMiranda_S303_19e344,PUR_IED_FMiranda_S303_19e344,,,,,
2026-09-12T22:41:07-05:00,PUR_IED_FMiranda_ext_f53e7c,PUR_IED_FMiranda_ext_f53e7c,,,,,
2026-09-12T22:41:07-05:00,PUR_IED_FabioLozano_Bibli_1cee05,PUR_IED_FabioLozano_Bibli_1cee05,,,,,
2026-09-12T22:41:07-05:00,PUR_IED_FabioLozano_Ext_6ea285,PUR_IED_FabioLozano_Ext_6ea285,,,,,
2026-09-12T22:41:07-05:00,PUR_IED_FabioLozano_SLudi_f09e1e,PUR_IED_FabioLozano_SLudi_f09e1e,,,,,
2026-09-12T22:41:07-05:00,PUR_IED_FaustinoS_Aula07_27a731,PUR_IED_FaustinoS_Aula07_27a731,,,,,
2026-09-12T22:41:07-05:00,PUR_IED_FaustinoS_Ext_7b936f,PUR_IED_FaustinoS_Ext_7b936f,,,,,
2026-09-12T22:41:07-05:00,PUR_IED_FaustinoS_Fisica_da2c60,PUR_IED_FaustinoS_Fisica_da2c60,,,,,
2026-09-12T22:41:07-05:00,PUR_IED_FeGarciaLo_Ext_dc68ee,PUR_IED_FeGarciaLo_Ext_dc68ee,,,,,
2026-09-12T22:41:07-05:00,PUR_IED_FeGarciaLo_SDanza_f70a59,PUR_IED_FeGarciaLo_SDanza_f70a59,,,,,
2026-09-12T22:41:07-05:00,PUR_IED_FeGarciaLo_SMusic_125cdd,PUR_IED_FeGarciaLo_SMusic_125cdd,,,,,
2026-09-12T22:41:07-05:00,PUR_IED_FederalAlema_Exte_50c345,PUR_IED_FederalAlema_Exte_50c345,,,,,
2026-09-12T22:41:07-05:00,PUR_IED_FederalAlema_S31_f18371,PUR_IED_FederalAlema_S31_f18371,,,,,
2026-09-12T22:41:07-05:00,PUR_IED_FederalAlema_S901_a62cd,PUR_IED_FederalAlema_S901_a62cd,,,,,
2026-09-12T22:41:07-05:00,PUR_IED_FilarmonicaS_A5_f35eb1,PUR_IED_FilarmonicaS_A5_f35eb1,,,,,
2026-09-12T22:41:07-05:00,PUR_IED_FilarmonicaS_Ext_8a3bde,PUR_IED_FilarmonicaS_Ext_8a3bde,,,,,
2026-09-12T22:41:07-05:00,PUR_IED_FilarmonicaS_Spol_406114,PUR_IED_FilarmonicaS_Spol_406114,,,,,
2026-09-12T22:41:07-05:00,PUR_IED_FlorentinoG_A13_d1fa59,PUR_IED_FlorentinoG_A13_d1fa59,,,,,
2026-09-12T22:41:07-05:00,PUR_IED_FlorentinoG_Ext_1ce6ce,PUR_IED_FlorentinoG_Ext_1ce6ce,,,,,
2026-09-12T22:41:07-05:00,PUR_IED_FlorentinoG_Idiom_a66aac,PUR_IED_FlorentinoG_Idiom_a66aac,,,,,
2026-09-12T22:41:07-05:00,PUR_IED_FranciscoMati_Ext_e3869d,PUR_IED_FranciscoMati_Ext_e3869d,,,,,
2026-09-12T22:41:07-05:00,PUR_IED_FranciscoMati_S13_f31c67,PUR_IED_FranciscoMati_S13_f31c67,,,,,
2026-09-12T22:41:07-05:00,PUR_IED_FranciscoMati_S14_97dead,PUR_IED_FranciscoMati_S14_97dead,,,,,
2026-09-12T22:41:07-05:00,PUR_IED_FranciscoPS_Ext_7bfa9a,PUR_IED_FranciscoPS_Ext_7bfa9a,3,19,61,4.5899,-74.110397
2026-09-12T22:41:07-05:00,PUR_IED_FranciscoPS_Infor_fb8f4c,PUR_IED_FranciscoPS_Infor_fb8f4c,,,,,
2026-09-12T22:41:07-05:00,PUR_IED_FranciscoPS_Quimi_94d39c,PUR_IED_FranciscoPS_Quimi_94d39c,,,,,
2026-09-12T22:41:07-05:00,PUR_IED_FranciscoP_LabQ_d7e148,PUR_IED_FranciscoP_LabQ_d7e148,,,,,
2026-09-12T22:41:07-05:00,PUR_IED_FranciscoP_S28_cf9b30,PUR_IED_FranciscoP_S28_cf9b30,,,,,
2026-09-12T22:41:07-05:00,PUR_IED_FranciscoP_ext_e2313,PUR_IED_FranciscoP_ext_e2313,,,,,
2026-09-12T22:41:07-05:00,PUR_IED_FriederichN_Ext_8ac92a,PUR_IED_FriederichN_Ext_8ac92a,,,,,
2026-09-12T22:41:07-05:00,PUR_IED_FriederichN_S301_dd7e5a,PUR_IED_FriederichN_S301_dd7e5a,,,,,
2026-09-12T22:41:07-05:00,PUR_IED_FriederichN_S308_761f4f,PUR_IED_FriederichN_S308_761f4f,,,,,
2026-09-12T22:41:07-05:00,PUR_IED_GSantander_Aula10_533dd7,PUR_IED_GSantander_Aula10_533dd7,,,,,
2026-09-12T22:41:07-05:00,PUR_IED_GSantander_Aula12_fd4e4f,PUR_IED_GSantander_Aula12_fd4e4f,,,,,
2026-09-12T22:41:07-05:00,PUR_IED_GSantander_Aula310_533dd7,PUR_IED_GSantander_Aula310_533dd7,,,,,
2026-09-12T22:41:07-05:00,PUR_IED_GSantander_Aula312_fd4e4f,PUR_IED_GSantander_Aula312_fd4e4f,,,,,
2026-09-12T22:41:07-05:00,PUR_IED_GSantander_Ext_5f66b0,PUR_IED_GSantander_Ext_5f66b0,,,,,
2026-09-12T22:41:07-05:00,PUR_IED_GYomasa_Ext_f6bea5,PUR_IED_GYomasa_Ext_f6bea5,,,,,
2026-09-12T22:41:07-05:00,PUR_IED_GYomasa_LBiol_2c41aa,PUR_IED_GYomasa_LBiol_2c41aa,,,,,
2026-09-12T22:41:07-05:00,PUR_IED_GYomasa_LQuim_33c80,PUR_IED_GYomasa_LQuim_33c80,,,,,
2026-09-12T22:41:07-05:00,PUR_IED_GabBetMejia_Cienc_5a99c,PUR_IED_GabBetMejia_Cienc_5a99c,,,,,
2026-09-12T22:41:07-05:00,PUR_IED_GabBetMejia_Ext_9153d0,PUR_IED_GabBetMejia_Ext_9153d0,,,,,
2026-09-12T22:41:07-05:00,PUR_IED_GabBetMejia_Lab_f55347,PUR_IED_GabBetMejia_Lab_f55347,,,,,
2026-09-12T22:41:07-05:00,PUR_IED_GabBetanMejia_Ext_9153d0,PUR_IED_GabBetanMejia_Ext_9153d0,,,,,
2026-09-12T22:41:07-05:00,PUR_IED_Gaitana_Aula13_7aac11,PUR_IED_Gaitana_Aula13_7aac11,,,,,
2026-09-12T22:41:07-05:00,PUR_IED_Gaitana_Ext_5fcf4,PUR_IED_Gaitana_Ext_5fcf4,,,,,
2026-09-12T22:41:07-05:00,PUR_IED_Gaitana_LabFisica_644448,PUR_IED_Gaitana_LabFisica_644448,,,,,
2026-09-12T22:41:07-05:00,PUR_IED_GenSantander_Dise_8ac858,PUR_IED_GenSantander_Dise_8ac858,,,,,
2026-09-12T22:41:07-05:00,PUR_IED_GenSantander_Ext_8d5dfe,PUR_IED_GenSantander_Ext_8d5dfe,,,,,
2026-09-12T22:41:07-05:00,PUR_IED_GenSantander_Info_6c25b,PUR_IED_GenSantander_Info_6c25b,,,,,
2026-09-12T22:41:07-05:00,PUR_IED_GustavoMo_Exterio_75e63d,PUR_IED_GustavoMo_Exterio_75e63d,,,,,
2026-09-12T22:41:07-05:00,PUR_IED_GustavoMo_LabFisi_224d37,PUR_IED_GustavoMo_LabFisi_224d37,,,,,
2026-09-12T22:41:07-05:00,PUR_IED_GustavoMo_S208_3e6918,PUR_IED_GustavoMo_S208_3e6918,,,,,
2026-09-12T22:41:07-05:00,PUR_IED_GustavoR_A02_8cd4a8,PUR_IED_GustavoR_A02_8cd4a8,,,,,
2026-09-12T22:41:07-05:00,PUR_IED_GustavoR_B11_5b0ed,PUR_IED_GustavoR_B11_5b0ed,,,,,
2026-09-12T22:41:07-05:00,PUR_IED_GustavoR_Ext_7a0c90,PUR_IED_GustavoR_Ext_7a0c90,,,,,
2026-09-12T22:41:07-05:00,PUR_IED_HernandoDuran_Ext_8cd82b,PUR_IED_HernandoDuran_Ext_8cd82b,,,,,
2026-09-12T22:41:07-05:00,PUR_IED_HernandoDuran_S24_2772c6,PUR_IED_HernandoDuran_S24_2772c6,,,,,
2026-09-12T22:41:07-05:00,PUR_IED_HernandoDuran_S30_f2de41,PUR_IED_HernandoDuran_S30_f2de41,,,,,
2026-09-12T22:41:07-05:00,PUR_IED_HolguInUr_S1101_8cd732,PUR_IED_HolguInUr_S1101_8cd732,,,,,
2026-09-12T22:41:07-05:00,PUR_IED_HolguinUr_Exter_ddae6d,PUR_IED_HolguinUr_Exter_ddae6d,,,,,
2026-09-12T22:41:07-05:00,PUR_IED_HolguinUr_LabQuim_92b952,PUR_IED_HolguinUr_LabQuim_92b952,,,,,
2026-09-12T22:41:07-05:00,PUR_IED_Isabel-II_Ext_5245cc,PUR_IED_Isabel-II_Ext_5245cc,5,19,59,4.6336,-74.153
2026-09-12T22:41:07-05:00,PUR_IED_Isabel-II_S_idiom_1c29aa,PUR_IED_Isabel-II_S_idiom_1c29aa,,,,,
2026-09-12T22:41:07-05:00,PUR_IED_Isabel-II_S_infor_fd741,PUR_IED_Isabel-II_S_infor_fd741,,,,,
2026-09-12T22:41:07-05:00,PUR_IED_IsidroSur_Exterio_5b90ea,PUR_IED_IsidroSur_Exterio_5b90ea,,,,,
2026-09-12T22:41:07-05:00,PUR_IED_IsidroSur_LabTec_56697a,PUR_IED_IsidroSur_LabTec_56697a,,,,,
2026-09-12T22:41:07-05:00,PUR_IED_IsidroSur_Robotic_b7c38f,PUR_IED_IsidroSur_Robotic_b7c38f,,,,,
2026-09-12T22:41:07-05:00,PUR_IED_IsmaelPerd_Ext_7b6672,PUR_IED_IsmaelPerd_Ext_7b6672,,,,,
2026-09-12T22:41:07-05:00,PUR_IED_IsmaelPerd_Inform_306540,PUR_IED_IsmaelPerd_Inform_306540,,,,,
2026-09-12T22:41:07-05:00,PUR_IED_IsmaelPerd_S30_2e2c83,PUR_IED_IsmaelPerd_S30_2e2c83,,,,,
2026-09-12T22:41:07-05:00,PUR_IED_JLozano_Exter_432910,PUR_IED_JLozano_Exter_432910,,,,,
2026-09-12T22:41:07-05:00,PUR_IED_JLozano_salaMulti_df5125,PUR_IED_JLozano_salaMulti_df5125,,,,,
2026-09-12T22:41:07-05:00,PUR_IED_JMCordoba_206_86f80b,PUR_IED_JMCordoba_206_86f80b,,,,,
2026-09-12T22:41:07-05:00,PUR_IED_JMCordoba_Ext_27ad97,PUR_IED_JMCordoba_Ext_27ad97,,,,,
2026-09-12T22:41:07-05:00,PUR_IED_JMCordoba_S310_d59ab4,PUR_IED_JMCordoba_S310_d59ab4,,,,,
2026-09-12T22:41:07-05:00,PUR_IED_Japon_Ext_549100,PUR_IED_Japon_Ext_549100,,,,,
2026-09-12T22:41:07-05:00,PUR_IED_Japon_Laboratorio_bec51d,PUR_IED_Japon_Laboratorio_bec51d,,,,,
2026-09-12T22:41:07-05:00,PUR_IED_Japon_informatica_d99327,PUR_IED_Japon_informatica_d99327,,,,,
2026-09-12T22:41:07-05:00,PUR_IED_Jazmin_Ext_d27bda,PUR_IED_Jazmin_Ext_d27bda,,,,,
2026-09-12T22:41:07-05:00,PUR_IED_Jazmin_Fisica_8d14d7,PUR_IED_Jazmin_Fisica_8d14d7,,,,,
2026-09-12T22:41:07-05:00,PUR_IED_Jazmin_Quimica_801cb5,PUR_IED_Jazmin_Quimica_801cb5,,,,,
2026-09-12T22:41:07-05:00,PUR_IED_JorgeGaitan_Exter_f098d1,PUR_IED_JorgeGaitan_Exter_f098d1,,,,,
2026-09-12T22:41:07-05:00,PUR_IED_JorgeGaitan_STec1_dc9d1d,PUR_IED_JorgeGaitan_STec1_dc9d1d,,,,,
2026-09-12T22:41:07-05:00,PUR_IED_JorgeGaitan_STec2_281e69,PUR_IED_JorgeGaitan_STec2_281e69,,,,,
2026-09-12T22:41:07-05:00,PUR_IED_JorgeSoto_Exterio_d9d0a2,PUR_IED_JorgeSoto_Exterio_d9d0a2,,,,,
2026-09-12T22:41:07-05:00,PUR_IED_JorgeSoto_LabFisi_209c54,PUR_IED_JorgeSoto_LabFisi_209c54,,,,,
2026-09-12T22:41:07-05:00,PUR_IED_JorgeSoto_S103_27b51a,PUR_IED_JorgeSoto_S103_27b51a,,,,,
2026-09-12T22:41:07-05:00,PUR_IED_JoseAcevedo_A02_e965eb,PUR_IED_JoseAcevedo_A02_e965eb,,,,,
2026-09-12T22:41:07-05:00,PUR_IED_JoseAcevedo_A07_dd5b4,PUR_IED_JoseAcevedo_A07_dd5b4,,,,,
2026-09-12T22:41:07-05:00,PUR_IED_JoseAcevedo_Ext_b47484,PUR_IED_JoseAcevedo_Ext_b47484,,,,,
2026-09-12T22:41:07-05:00,PUR_IED_JoseMarti_Exte_5b9bf,PUR_IED_JoseMarti_Exte_5b9bf,,,,,
2026-09-12T22:41:07-05:00,PUR_IED_JoseMarti_LabQuim_1c6c2d,PUR_IED_JoseMarti_LabQuim_1c6c2d,,,,,
2026-09-12T22:41:07-05:00,PUR_IED_JoseMarti_S_info_f5f177,PUR_IED_JoseMarti_S_info_f5f177,,,,,
2026-09-12T22:41:07-05:00,PUR_IED_Josejoaquin_Ext_dfc5dc,PUR_IED_Josejoaquin_Ext_dfc5dc,,,,,
2026-09-12T22:41:07-05:00,PUR_IED_Josejoaquin_S05_5b2a96,PUR_IED_Josejoaquin_S05_5b2a96,,,,,
2026-09-12T22:41:07-05:00,PUR_IED_Josejoaquin_S06_1ce7d2,PUR_IED_Josejoaquin_S06_1ce7d2,,,,,
2026-09-12T22:41:07-05:00,PUR_IED_JulioFlorez_Danza_9b82dd,PUR_IED_JulioFlorez_Danza_9b82dd,,,,,
2026-09-12T22:41:07-05:00,PUR_IED_JulioFlorez_Exter_f9f314,PUR_IED_JulioFlorez_Exter_f9f314,,,,,
2026-09-12T22:41:07-05:00,PUR_IED_JulioFlorez_info2_6b6e08,PUR_IED_JulioFlorez_info2_6b6e08,,,,,
2026-09-12T22:41:07-05:00,PUR_IED_LaBelleza_Aula13_1d00d8,PUR_IED_LaBelleza_Aula13_1d00d8,,,,,
2026-09-12T22:41:07-05:00,PUR_IED_LaBelleza_Ext_7bc08c,PUR_IED_LaBelleza_Ext_7bc08c,,,,,
2026-09-12T22:41:07-05:00,PUR_IED_LaChucua_Ext_8cd6d2,PUR_IED_LaChucua_Ext_8cd6d2,,,,,
2026-09-12T22:41:07-05:00,PUR_IED_LaChucua_S15_f578ce,PUR_IED_LaChucua_S15_f578ce,,,,,
2026-09-12T22:41:07-05:00,PUR_IED_LaChucua_S16_eebcf9,PUR_IED_LaChucua_S16_eebcf9,,,,,
2026-09-12T22:41:07-05:00,PUR_IED_LaFelicidad_Ext_fb5109,PUR_IED_LaFelicidad_Ext_fb5109,,,,,
2026-09-12T22:41:07-05:00,PUR_IED_LaMerced_206_66ebd,PUR_IED_LaMerced_206_66ebd,,,,,
2026-09-12T22:41:07-05:00,PUR_IED_LaMerced_207_6ebd6,PUR_IED_LaMerced_207_6ebd6,,,,,
2026-09-12T22:41:07-05:00,PUR_IED_LaMerced_ext_304311,PUR_IED_LaMerced_ext_304311,,,,,
2026-09-12T22:41:07-05:00,PUR_IED_Laureano_CiencNat_281e5e,PUR_IED_Laureano_CiencNat_281e5e,,,,,
2026-09-12T22:41:07-05:00,PUR_IED_Laureano_Comedor_f65c0a,PUR_IED_Laureano_Comedor_f65c0a,,,,,
2026-09-12T22:41:07-05:00,PUR_IED_Laureano_Exterior_7ab011,PUR_IED_Laureano_Exterior_7ab011,,,,,
2026-09-12T22:41:07-05:00,PUR_IED_LeonGreiff_Exte_dfe560,PUR_IED_LeonGreiff_Exte_dfe560,,,,,
2026-09-12T22:41:07-05:00,PUR_IED_LeonGreiff_S210_f264ed,PUR_IED_LeonGreiff_S210_f264ed,,,,,
2026-09-12T22:41:07-05:00,PUR_IED_LeonGreiff_SQuimi_e8296f,PUR_IED_LeonGreiff_SQuimi_e8296f,,,,,
2026-09-12T22:41:07-05:00,PUR_IED_LlanoOrientalS208_7b9fcd,PUR_IED_LlanoOrientalS208_7b9fcd,,,,,
2026-09-12T22:41:07-05:00,PUR_IED_LlanoOriental_Ext_fb3766,PUR_IED_LlanoOriental_Ext_fb3766,,,,,
2026-09-12T22:41:07-05:00,PUR_IED_LlanoOriental_S208_7b9fcd,PUR_IED_LlanoOriental_S208_7b9fcd,,,,,
2026-09-12T22:41:07-05:00,PUR_IED_LlanoOriental_S9_27b378,PUR_IED_LlanoOriental_S9_27b378,,,,,
2026-09-12T22:41:07-05:00,PUR_IED_LosTejares_1101_477602,PUR_IED_LosTejares_1101_477602,,,,,
2026-09-12T22:41:07-05:00,PUR_IED_LosTejares_11_d2c595,PUR_IED_LosTejares_11_d2c595,,,,,
2026-09-12T22:41:07-05:00,PUR_IED_LosTejares_12_477602,PUR_IED_LosTejares_12_477602,,,,,
2026-09-12T22:41:07-05:00,PUR_IED_LosTejares_Ext_8e2115,PUR_IED_LosTejares_Ext_8e2115,,,,,
2026-09-12T22:41:07-05:00,PUR_IED_MagdalenaO_B202_5ddda3,PUR_IED_MagdalenaO_B202_5ddda3,,,,,
2026-09-12T22:41:07-05:00,PUR_IED_MagdalenaO_B205_fb76e8,PUR_IED_MagdalenaO_B205_fb76e8,,,,,
2026-09-12T22:41:07-05:00,PUR_IED_MagdalenaO_ext_dc69cd,PUR_IED_MagdalenaO_ext_dc69cd,,,,,
2026-09-12T22:41:07-05:00,PUR_IED_ManueCepeda_artes_eee956,PUR_IED_ManueCepeda_artes_eee956,,,,,
2026-09-12T22:41:07-05:00,PUR_IED_ManuelCepeda_Ext_58313,PUR_IED_ManuelCepeda_Ext_58313,,,,,
2026-09-12T22:41:07-05:00,PUR_IED_ManuelCepeda_tec_1c5731,PUR_IED_ManuelCepeda_tec_1c5731,,,,,
2026-09-12T22:41:07-05:00,PUR_IED_ManuelS_Exterior_5b269,PUR_IED_ManuelS_Exterior_5b269,,,,,
2026-09-12T22:41:07-05:00,PUR_IED_ManuelS_Inform_f369ce,PUR_IED_ManuelS_Inform_f369ce,,,,,
2026-09-12T22:41:07-05:00,PUR_IED_ManuelS_SArtes_7d15f1,PUR_IED_ManuelS_SArtes_7d15f1,,,,,
2026-09-12T22:41:07-05:00,PUR_IED_ManuelZapata_303_3ca6,PUR_IED_ManuelZapata_303_3ca6,,,,,
2026-09-12T22:41:07-05:00,PUR_IED_ManuelZapata_311_bfbabc,PUR_IED_ManuelZapata_311_bfbabc,,,,,
2026-09-12T22:41:07-05:00,PUR_IED_ManuelZapata_Ext_50824a,PUR_IED_ManuelZapata_Ext_50824a,,,,,
2026-09-12T22:41:07-05:00,PUR_IED_ManuelitaS_Exteri_656a92,PUR_IED_ManuelitaS_Exteri_656a92,,,,,
2026-09-12T22:41:07-05:00,PUR_IED_ManuelitaS_JuzgDe_f58ec3,PUR_IED_ManuelitaS_JuzgDe_f58ec3,,,,,
2026-09-12T22:41:07-05:00,PUR_IED_ManuelitaS_Recrea_d793db,PUR_IED_ManuelitaS_Recrea_d793db,,,,,
2026-09-12T22:41:07-05:00,PUR_IED_MarFidSuarez_Ext_c27b19,PUR_IED_MarFidSuarez_Ext_c27b19,,,,,
2026-09-12T22:41:07-05:00,PUR_IED_MarFidSuarez_Info_e384d7,PUR_IED_MarFidSuarez_Info_e384d7,,,,,
2026-09-12T22:41:07-05:00,PUR_IED_MarFidSuarez_S306_1d0032,PUR_IED_MarFidSuarez_S306_1d0032,,,,,
2026-09-12T22:41:07-05:00,PUR_IED_Menorah_301_2a25a3,PUR_IED_Menorah_301_2a25a3,,,,,
2026-09-12T22:41:07-05:00,PUR_IED_Menorah_306_37ed3,PUR_IED_Menorah_306_37ed3,,,,,
2026-09-12T22:41:07-05:00,PUR_IED_Menorah_Ext_3e155b,PUR_IED_Menorah_Ext_3e155b,,,,,
2026-09-12T22:41:07-05:00,PUR_IED_MinutoB.Aires_A11_1b1604,PUR_IED_MinutoB.Aires_A11_1b1604,,,,,
2026-09-12T22:41:07-05:00,PUR_IED_MinutoB.Aires_A12_fb5860,PUR_IED_MinutoB.Aires_A12_fb5860,,,,,
2026-09-12T22:41:07-05:00,PUR_IED_MinutoB.Aires_Ext_81293f,PUR_IED_MinutoB.Aires_Ext_81293f,,,,,
2026-09-12T22:41:07-05:00,PUR_IED_MinutoBAires_A11_1b1604,PUR_IED_MinutoBAires_A11_1b1604,,,,,
2026-09-12T22:41:07-05:00,PUR_IED_MinutoBAires_A12_fb5860,PUR_IED_MinutoBAires_A12_fb5860,,,,,
2026-09-12T22:41:07-05:00,PUR_IED_MinutoBAires_Ext_81293f,PUR_IED_MinutoBAires_Ext_81293f,,,,,
2026-09-12T22:41:07-05:00,PUR_IED_Montreal_Aula10_1e4959,PUR_IED_Montreal_Aula10_1e4959,,,,,
2026-09-12T22:41:07-05:00,PUR_IED_Montreal_Aula6_300367,PUR_IED_Montreal_Aula6_300367,,,,,
2026-09-12T22:41:07-05:00,PUR_IED_Montreal_Exterior_91a179,PUR_IED_Montreal_Exterior_91a179,,,,,
2026-09-12T22:41:07-05:00,PUR_IED_Mqgdalena_B202_5ddda3,PUR_IED_Mqgdalena_B202_5ddda3,,,,,
2026-09-12T22:41:07-05:00,PUR_IED_NACUND_Soc_dc8728,PUR_IED_NACUND_Soc_dc8728,,,,,
2026-09-12T22:41:07-05:00,PUR_IED_NACUND_ext_27ad97,PUR_IED_NACUND_ext_27ad97,,,,,
2026-09-12T22:41:07-05:00,PUR_IED_NEsperanza_Ext_d24b61,PUR_IED_NEsperanza_Ext_d24b61,,,,,
2026-09-12T22:41:07-05:00,PUR_IED_NEsperanza_SElect_7d1807,PUR_IED_NEsperanza_SElect_7d1807,,,,,
2026-09-12T22:41:07-05:00,PUR_IED_NEsperanza_SLabor_8b2d0a,PUR_IED_NEsperanza_SLabor_8b2d0a,,,,,
2026-09-12T22:41:07-05:00,PUR_IED_NacionesU_Ext_f661a9,PUR_IED_NacionesU_Ext_f661a9,,,,,
2026-09-12T22:41:07-05:00,PUR_IED_NacionesU_Quimica_66f0a,PUR_IED_NacionesU_Quimica_66f0a,,,,,
2026-09-12T22:41:07-05:00,PUR_IED_NacionesU_S306_1b4b3d,PUR_IED_NacionesU_S306_1b4b3d,,,,,
2026-09-12T22:41:07-05:00,PUR_IED_NestorFA_Ext_e4201c,PUR_IED_NestorFA_Ext_e4201c,,,,,
2026-09-12T22:41:07-05:00,PUR_IED_NestorFA_Laborato_f22fe0,PUR_IED_NestorFA_Laborato_f22fe0,,,,,
2026-09-12T22:41:07-05:00,PUR_IED_NestorFA_S204_dee996,PUR_IED_NestorFA_S204_dee996,,,,,
2026-09-12T22:41:07-05:00,PUR_IED_NidyaQT_Aula03_76999b,PUR_IED_NidyaQT_Aula03_76999b,,,,,
2026-09-12T22:41:07-05:00,PUR_IED_NidyaQT_Aula10_56325,PUR_IED_NidyaQT_Aula10_56325,,,,,
2026-09-12T22:41:07-05:00,PUR_IED_NidyaQT_Ext_46e32d,PUR_IED_NidyaQT_Ext_46e32d,,,,,
2026-09-12T22:41:07-05:00,PUR_IED_NuevaCol_Exterior_d9b859,PUR_IED_NuevaCol_Exterior_d9b859,,,,,
2026-09-12T22:41:07-05:00,PUR_IED_NuevaCol_S1101_76c43b,PUR_IED_NuevaCol_S1101_76c43b,,,,,
2026-09-12T22:41:07-05:00,PUR_IED_NuevaCol_S1102_1ce0b5,PUR_IED_NuevaCol_S1102_1ce0b5,,,,,
2026-09-12T22:41:07-05:00,PUR_IED_OEA_A202_f7e3f2,PUR_IED_OEA_A202_f7e3f2,,,,,
2026-09-12T22:41:07-05:00,PUR_IED_OEA_A203_7d1b8d,PUR_IED_OEA_A203_7d1b8d,,,,,
2026-09-12T22:41:07-05:00,PUR_IED_OEA_Ext_27b593,PUR_IED_OEA_Ext_27b593,,,,,
2026-09-12T22:41:07-05:00,PUR_IED_Ochoa_Ext_1c29da,PUR_IED_Ochoa_Ext_1c29da,,,,,
2026-09-12T22:41:07-05:00,PUR_IED_Ochoa_S205_8b1121,PUR_IED_Ochoa_S205_8b1121,,,,,
2026-09-12T22:41:07-05:00,PUR_IED_Ochoa_Sistemas_f33af6,PUR_IED_Ochoa_Sistemas_f33af6,,,,,
2026-09-12T22:41:07-05:00,PUR_IED_PQuebec_Ext_1c67c7,PUR_IED_PQuebec_Ext_1c67c7,,,,,
2026-09-12T22:41:07-05:00,PUR_IED_PQuebec_S15_23e8e2,PUR_IED_PQuebec_S15_23e8e2,,,,,
2026-09-12T22:41:07-05:00,PUR_IED_PQuebec_S16_8ec76b,PUR_IED_PQuebec_S16_8ec76b,,,,,
2026-09-12T22:41:07-05:00,PUR_IED_PabloN_Ext_49dc96,PUR_IED_PabloN_Ext_49dc96,,,,,
2026-09-12T22:41:07-05:00,PUR_IED_PabloN_S1102_4e3df5,PUR_IED_PabloN_S1102_4e3df5,,,,,
2026-09-12T22:41:07-05:00,PUR_IED_PabloN_S1103_50c94b,PUR_IED_PabloN_S1103_50c94b,,,,,
2026-09-12T22:41:07-05:00,PUR_IED_Palestina_S1101_db9198,PUR_IED_Palestina_S1101_db9198,,,,,
2026-09-12T22:41:07-05:00,PUR_IED_Palestina_S1102_dc54fa,PUR_IED_Palestina_S1102_dc54fa,,,,,
2026-09-12T22:41:07-05:00,PUR_IED_Palestina_ext_4ccce6,PUR_IED_Palestina_ext_4ccce6,,,,,
2026-09-12T22:41:07-05:00,PUR_IED_Panama_Fisica_4d0794,PUR_IED_Panama_Fisica_4d0794,,,,,
2026-09-12T22:41:07-05:00,PUR_IED_Panama_SIngles_a4077e,PUR_IED_Panama_SIngles_a4077e,,,,,
2026-09-12T22:41:07-05:00,PUR_IED_Panama_ext_4c54b4,PUR_IED_Panama_ext_4c54b4,,,,,
2026-09-12T22:41:07-05:00,PUR_IED_ParaisoM_Exterior_8cd7f0,PUR_IED_ParaisoM_Exterior_8cd7f0,,,,,
2026-09-12T22:41:07-05:00,PUR_IED_ParaisoM_Laborato_27af35,PUR_IED_ParaisoM_Laborato_27af35,,,,,
2026-09-12T22:41:07-05:00,PUR_IED_ParaisoM_S304_d1edca,PUR_IED_ParaisoM_S304_d1edca,,,,,
2026-09-12T22:41:07-05:00,PUR_IED_PorfirioBarba_Ext_301466,PUR_IED_PorfirioBarba_Ext_301466,,,,,
2026-09-12T22:41:07-05:00,PUR_IED_PorfirioBarba_S11_df6cd2,PUR_IED_PorfirioBarba_S11_df6cd2,,,,,
2026-09-12T22:41:07-05:00,PUR_IED_PorfirioBarba_S29_27a7d6,PUR_IED_PorfirioBarba_S29_27a7d6,,,,,
2026-09-12T22:41:07-05:00,PUR_IED_PradoV_Exter_8b27ad,PUR_IED_PradoV_Exter_8b27ad,,,,,
2026-09-12T22:41:07-05:00,PUR_IED_PradoV_S301_de65b5,PUR_IED_PradoV_S301_de65b5,,,,,
2026-09-12T22:41:07-05:00,PUR_IED_PradoV_S302_7d2593,PUR_IED_PradoV_S302_7d2593,,,,,
2026-09-12T22:41:07-05:00,PUR_IED_QuirogaAlz_Ext_1ddc82,PUR_IED_QuirogaAlz_Ext_1ddc82,,,,,
2026-09-12T22:41:07-05:00,PUR_IED_QuirogaAlz_S302_9926a3,PUR_IED_QuirogaAlz_S302_9926a3,,,,,
2026-09-12T22:41:07-05:00,PUR_IED_QuirogaAlz_S305_cdf1f1,PUR_IED_QuirogaAlz_S305_cdf1f1,,,,,
2026-09-12T22:41:07-05:00,PUR_IED_RGuatemala_Biling_dc53b7,PUR_IED_RGuatemala_Biling_dc53b7,,,,,
2026-09-12T22:41:07-05:00,PUR_IED_RGuatemala_Ext_1b89a3,PUR_IED_RGuatemala_Ext_1b89a3,,,,,
2026-09-12T22:41:07-05:00,PUR_IED_RGuatemala_Tecnol_281a34,PUR_IED_RGuatemala_Tecnol_281a34,,,,,
2026-09-12T22:41:07-05:00,PUR_IED_RafaNu_Ext_f7c302,PUR_IED_RafaNu_Ext_f7c302,,,,,
2026-09-12T22:41:07-05:00,PUR_IED_RafaNu_S1101_25fde,PUR_IED_RafaNu_S1101_25fde,,,,,
2026-09-12T22:41:07-05:00,PUR_IED_RafaNu_S1102_281517,PUR_IED_RafaNu_S1102_281517,,,,,
2026-09-12T22:41:07-05:00,PUR_IED_RafaelB_S305_ee2783,PUR_IED_RafaelB_S305_ee2783,,,,,
2026-09-12T22:41:07-05:00,PUR_IED_RafaelB_S306_75fe33,PUR_IED_RafaelB_S306_75fe33,,,,,
2026-09-12T22:41:07-05:00,PUR_IED_RafaelB_ext_283336,PUR_IED_RafaelB_ext_283336,2,19,59,4.6722,-74.0737
2026-09-12T22:41:07-05:00,PUR_IED_RafaelUU_Exterior_281a51,PUR_IED_RafaelUU_Exterior_281a51,,,,,
2026-09-12T22:41:07-05:00,PUR_IED_RafaelUU_Human_806b2,PUR_IED_RafaelUU_Human_806b2,,,,,
2026-09-12T22:41:07-05:00,PUR_IED_RafaelUU_Mate2_5680d4,PUR_IED_RafaelUU_Mate2_5680d4,,,,,
2026-09-12T22:41:07-05:00,PUR_IED_RamonSub_Ext_f9eeb9,PUR_IED_RamonSub_Ext_f9eeb9,,,,,
2026-09-12T22:41:07-05:00,PUR_IED_RamonSub_Media_d1f62f,PUR_IED_RamonSub_Media_d1f62f,,,,,
2026-09-12T22:41:07-05:00,PUR_IED_RamonSub_planta_51b82,PUR_IED_RamonSub_planta_51b82,,,,,
2026-09-12T22:41:07-05:00,PUR_IED_RepBoliVene_Exter_27af7c,PUR_IED_RepBoliVene_Exter_27af7c,,,,,
2026-09-12T22:41:07-05:00,PUR_IED_RepBoliVene_SCPT_5ae2ee,PUR_IED_RepBoliVene_SCPT_5ae2ee,,,,,
2026-09-12T22:41:07-05:00,PUR_IED_RepBoliVene_Socia_4b11d5,PUR_IED_RepBoliVene_Socia_4b11d5,,,,,
2026-09-12T22:41:07-05:00,PUR_IED_RepChina_Ext_76d9ee,PUR_IED_RepChina_Ext_76d9ee,,,,,
2026-09-12T22:41:07-05:00,PUR_IED_RepChina_S404_7c804c,PUR_IED_RepChina_S404_7c804c,,,,,
2026-09-12T22:41:07-05:00,PUR_IED_RepChina_S405_df2c33,PUR_IED_RepChina_S405_df2c33,,,,,
2026-09-12T22:41:07-05:00,PUR_IED_RepublicaC_Exteri_7d1ec9,PUR_IED_RepublicaC_Exteri_7d1ec9,,,,,
2026-09-12T22:41:07-05:00,PUR_IED_RepublicaC_S1101_f544b3,PUR_IED_RepublicaC_S1101_f544b3,,,,,
2026-09-12T22:41:07-05:00,PUR_IED_RepublicaC_S1102_7aafc7,PUR_IED_RepublicaC_S1102_7aafc7,,,,,
2026-09-12T22:41:07-05:00,PUR_IED_Ricaurte_Externo_a0ea1,PUR_IED_Ricaurte_Externo_a0ea1,,,,,
2026-09-12T22:41:07-05:00,PUR_IED_Ricaurte_S210_f546fd,PUR_IED_Ricaurte_S210_f546fd,,,,,
2026-09-12T22:41:07-05:00,PUR_IED_Ricaurte_S309_d4452,PUR_IED_Ricaurte_S309_d4452,,,,,
2026-09-12T22:41:07-05:00,PUR_IED_RogelioS_1102_531e69,PUR_IED_RogelioS_1102_531e69,,,,,
2026-09-12T22:41:07-05:00,PUR_IED_RogelioS_Ext_f25a18,PUR_IED_RogelioS_Ext_f25a18,,,,,
2026-09-12T22:41:07-05:00,PUR_IED_SBernardino_Ext_27aff8,PUR_IED_SBernardino_Ext_27aff8,,,,,
2026-09-12T22:41:07-05:00,PUR_IED_SBernardino_SArte_2ffd33,PUR_IED_SBernardino_SArte_2ffd33,,,,,
2026-09-12T22:41:07-05:00,PUR_IED_SBernardino_SIngl_7c7da5,PUR_IED_SBernardino_SIngl_7c7da5,,,,,
2026-09-12T22:41:07-05:00,PUR_IED_Sago_auditorio_dc9d1d,PUR_IED_Sago_auditorio_dc9d1d,,,,,
2026-09-12T22:41:07-05:00,PUR_IED_Saludcoop_Ext_95aac3,PUR_IED_Saludcoop_Ext_95aac3,,,,,
2026-09-12T22:41:07-05:00,PUR_IED_Saludcoop_InfI_90c854,PUR_IED_Saludcoop_InfI_90c854,,,,,
2026-09-12T22:41:07-05:00,PUR_IED_Saludcoop_SMedia_1b93be,PUR_IED_Saludcoop_SMedia_1b93be,,,,,
2026-09-12T22:41:07-05:00,PUR_IED_SanCarlos_1101_1a2360,PUR_IED_SanCarlos_1101_1a2360,,,,,
2026-09-12T22:41:07-05:00,PUR_IED_SanCarlos_1103_7bafb5,PUR_IED_SanCarlos_1103_7bafb5,,,,,
2026-09-12T22:41:07-05:00,PUR_IED_SanCarlos_Ext_b7cd1,PUR_IED_SanCarlos_Ext_b7cd1,,,,,
2026-09-12T22:41:07-05:00,PUR_IED_SanIgnacioBosa11a_50c26e,PUR_IED_SanIgnacioBosa11a_50c26e,,,,,
2026-09-12T22:41:07-05:00,PUR_IED_SanIgnacioBosa11b_371de8,PUR_IED_SanIgnacioBosa11b_371de8,,,,,
2026-09-12T22:41:07-05:00,PUR_IED_SanIgnacioBosaExt_ef0ffc,PUR_IED_SanIgnacioBosaExt_ef0ffc,,,,,
2026-09-12T22:41:07-05:00,PUR_IED_SanIgnacioBosa_11a_50c26e,PUR_IED_SanIgnacioBosa_11a_50c26e,,,,,
2026-09-12T22:41:07-05:00,PUR_IED_SanIgnacioBosa_Ext_ef0ffc,PUR_IED_SanIgnacioBosa_Ext_ef0ffc,,,,,
2026-09-12T22:41:07-05:00,PUR_IED_SanJoseN_intS1101_31c47f,PUR_IED_SanJoseN_intS1101_31c47f,,,,,
2026-09-12T22:41:07-05:00,PUR_IED_SanJoseUsm_Exter_f5d7e8,PUR_IED_SanJoseUsm_Exter_f5d7e8,,,,,
2026-09-12T22:41:07-05:00,PUR_IED_SanJoseUsm_Int11A_cfdef6,PUR_IED_SanJoseUsm_Int11A_cfdef6,,,,,
2026-09-12T22:41:07-05:00,PUR_IED_SilveriaR_IntB5_905349,PUR_IED_SilveriaR_IntB5_905349,,,,,
2026-09-12T22:41:07-05:00,PUR_IED_SilveriaR_IntSD14_981f93,PUR_IED_SilveriaR_IntSD14_981f93,,,,,
2026-09-12T22:41:07-05:00,PUR_IED_SilveriaR_ext_2b651d,PUR_IED_SilveriaR_ext_2b651d,,,,,
2026-09-12T22:41:07-05:00,PUR_IED_SimonB_Exterior_913975,PUR_IED_SimonB_Exterior_913975,,,,,
2026-09-12T22:41:07-05:00,PUR_IED_SimonB_LabQuimi_c56908,PUR_IED_SimonB_LabQuimi_c56908,,,,,
2026-09-12T22:41:07-05:00,PUR_IED_SimonB_informatic_a28c1,PUR_IED_SimonB_informatic_a28c1,,,,,
2026-09-12T22:41:07-05:00,PUR_IED_Sorrento_1102_315f50,PUR_IED_Sorrento_1102_315f50,,,,,
2026-09-12T22:41:07-05:00,PUR_IED_Sorrento_Minte_214eab,PUR_IED_Sorrento_Minte_214eab,,,,,
2026-09-12T22:41:07-05:00,PUR_IED_Sorrento_ext_7c3a0a,PUR_IED_Sorrento_ext_7c3a0a,,,,,
2026-09-12T22:41:07-05:00,PUR_IED_Tabora_Ext_f048ae,PUR_IED_Tabora_Ext_f048ae,,,,,
2026-09-12T22:41:07-05:00,PUR_IED_Tabora_S1102_b07752,PUR_IED_Tabora_S1102_b07752,,,,,
2026-09-12T22:41:07-05:00,PUR_IED_Tabora_S1103_d988f5,PUR_IED_Tabora_S1103_d988f5,,,,,
2026-09-12T22:41:07-05:00,PUR_IED_Tenerife_Ext_1ab188,PUR_IED_Tenerife_Ext_1ab188,,,,,
2026-09-12T22:41:07-05:00,PUR_IED_Tenerife_SDanzas_7bc02e,PUR_IED_Tenerife_SDanzas_7bc02e,,,,,
2026-09-12T22:41:07-05:00,PUR_IED_Tenerife_SIngles_7cc277,PUR_IED_Tenerife_SIngles_7cc277,,,,,
2026-09-12T22:41:07-05:00,PUR_IED_Tibabuyes_Exter_f2683d,PUR_IED_Tibabuyes_Exter_f2683d,,,,,
2026-09-12T22:41:07-05:00,PUR_IED_Tibabuyes_S10_dc87a8,PUR_IED_Tibabuyes_S10_dc87a8,,,,,
2026-09-12T22:41:07-05:00,PUR_IED_Tibabuyes_S15_dc0526,PUR_IED_Tibabuyes_S15_dc0526,,,,,
2026-09-12T22:41:07-05:00,PUR_IED_UnionE_S301_a1043,PUR_IED_UnionE_S301_a1043,,,,,
2026-09-12T22:41:07-05:00,PUR_IED_UnionE_S307_ff6c2f,PUR_IED_UnionE_S307_ff6c2f,,,,,
2026-09-12T22:41:07-05:00,PUR_IED_UnionE__Ext_5e2468,PUR_IED_UnionE__Ext_5e2468,,,,,
2026-09-12T22:41:07-05:00,PUR_IED_VillaRica_Ext_75be7c,PUR_IED_VillaRica_Ext_75be7c,,,,,
2026-09-12T22:41:07-05:00,PUR_IED_VillaRica_S4_cc5dcd,PUR_IED_VillaRica_S4_cc5dcd,,,,,
2026-09-12T22:41:07-05:00,PUR_IED_VillaRica_Sesp_99f5c,PUR_IED_VillaRica_Sesp_99f5c,,,,,
2026-09-12T22:46:05-05:00,PUR_IED_20deJulio_1101_91b1b9,PUR_IED_20deJulio_1101_91b1b9,,,,,
2026-09-12T22:46:05-05:00,PUR_IED_20deJulio_1102_1cfcf9,PUR_IED_20deJulio_1102_1cfcf9,,,,,
2026-09-12T22:46:05-05:00,PUR_IED_20deJulio_Ext_ab60bd,PUR_IED_20deJulio_Ext_ab60bd,,,,,
2026-09-12T22:46:05-05:00,PUR_IED_AgustinFer_Ext_7b9b77,PUR_IED_AgustinFer_Ext_7b9b77,,,,,
2026-09-12T22:46:05-05:00,PUR_IED_AgustinFer_Info2_27b3a7,PUR_IED_AgustinFer_Info2_27b3a7,,,,,
2026-09-12T22:46:05-05:00,PUR_IED_AgustinFer_Sena_54b4eb,PUR_IED_AgustinFer_Sena_54b4eb,,,,,
2026-09-12T22:46:05-05:00,PUR_IED_AlexanderF_1102_caf07b,PUR_IED_AlexanderF_1102_caf07b,,,,,
2026-09-12T22:46:05-05:00,PUR_IED_AlexanderF_1103_c79e71,PUR_IED_AlexanderF_1103_c79e71,,,,,
2026-09-12T22:46:05-05:00,PUR_IED_AlexanderF_Ext_c5b18b,PUR_IED_AlexanderF_Ext_c5b18b,,,,,
2026-09-12T22:46:05-05:00,PUR_IED_AlfonsoLopez_Ext_281d77,PUR_IED_AlfonsoLopez_Ext_281d77,,,,,
2026-09-12T22:46:05-05:00,PUR_IED_AlfonsoLopez_LabF_888ce0,PUR_IED_AlfonsoLopez_LabF_888ce0,,,,,
2026-09-12T22:46:05-05:00,PUR_IED_AlfonsoLopez_SMed_df6a7f,PUR_IED_AlfonsoLopez_SMed_df6a7f,,,,,
2026-09-12T22:46:05-05:00,PUR_IED_AltamiraSO_A2_209f92,PUR_IED_AltamiraSO_A2_209f92,,,,,
2026-09-12T22:46:05-05:00,PUR_IED_AltamiraSO_Ext_186d66,PUR_IED_AltamiraSO_Ext_186d66,,,,,
2026-09-12T22:46:05-05:00,PUR_IED_AltamiraSO_Sistem_27afe1,PUR_IED_AltamiraSO_Sistem_27afe1,,,,,
2026-09-12T22:46:05-05:00,PUR_IED_AlvaroGom_LabQuim_813179,PUR_IED_AlvaroGom_LabQuim_813179,,,,,
2026-09-12T22:46:05-05:00,PUR_IED_AlvaroGomez_Ext_47c7ca,PUR_IED_AlvaroGomez_Ext_47c7ca,,,,,
2026-09-12T22:46:05-05:00,PUR_IED_AlvaroGomez_LabQuim_813179,PUR_IED_AlvaroGomez_LabQuim_813179,,,,,
2026-09-12T22:46:05-05:00,PUR_IED_AlvaroGomez_S23_7ba89f,PUR_IED_AlvaroGomez_S23_7ba89f,,,,,
2026-09-12T22:46:05-05:00,PUR_IED_Amistad_306_dc8728,PUR_IED_Amistad_306_dc8728,,,,,
2026-09-12T22:46:05-05:00,PUR_IED_Amistad_Ext_8cd55e,PUR_IED_Amistad_Ext_8cd55e,,,,,
2026-09-12T22:46:05-05:00,PUR_IED_Amistad_S202_a41169,PUR_IED_Amistad_S202_a41169,,,,,
2026-09-12T22:46:05-05:00,PUR_IED_AndresBello_Bio_fd5f5e,PUR_IED_AndresBello_Bio_fd5f5e,,,,,
2026-09-12T22:46:05-05:00,PUR_IED_AndresBello_ext_dcad65,PUR_IED_AndresBello_ext_dcad65,,,,,
2026-09-12T22:46:05-05:00,PUR_IED_AndresBello_port_eed3ec,PUR_IED_AndresBello_port_eed3ec,,,,,
2026-09-12T22:46:05-05:00,PUR_IED_AngelaR_11b_d90a6b,PUR_IED_AngelaR_11b_d90a6b,,,,,
2026-09-12T22:46:05-05:00,PUR_IED_AngelaR_ext_7cad3e,PUR_IED_AngelaR_ext_7cad3e,3,18,63,4.5825,-74.164497
2026-09-12T22:46:05-05:00,PUR_IED_AntJoseSucre_10mo_df2575,PUR_IED_AntJoseSucre_10mo_df2575,,,,,
2026-09-12T22:46:05-05:00,PUR_IED_AntJoseSucre_Ext_215b36,PUR_IED_AntJoseSucre_Ext_215b36,,,,,
2026-09-12T22:46:05-05:00,PUR_IED_AntJoseSucre_Lab_3139de,PUR_IED_AntJoseSucre_Lab_3139de,,,,,
2026-09-12T22:46:05-05:00,PUR_IED_AntonioGarcia_301_d6b188,PUR_IED_AntonioGarcia_301_d6b188,,,,,
2026-09-12T22:46:05-05:00,PUR_IED_AntonioGarcia_302_88a82,PUR_IED_AntonioGarcia_302_88a82,,,,,
2026-09-12T22:46:05-05:00,PUR_IED_AntonioGarcia_Ext_20950c,PUR_IED_AntonioGarcia_Ext_20950c,,,,,
2026-09-12T22:46:05-05:00,PUR_IED_AntonioVan_Aula2_6dea02,PUR_IED_AntonioVan_Aula2_6dea02,,,,,
2026-09-12T22:46:05-05:00,PUR_IED_AntonioVan_Aula5_f1557e,PUR_IED_AntonioVan_Aula5_f1557e,,,,,
2026-09-12T22:46:05-05:00,PUR_IED_AntonioVan_Ext_406f2f,PUR_IED_AntonioVan_Ext_406f2f,,,,,
2026-09-12T22:46:05-05:00,PUR_IED_Atabanzha_Ext_cc5af9,PUR_IED_Atabanzha_Ext_cc5af9,,,,,
2026-09-12T22:46:05-05:00,PUR_IED_Atabanzha_SA101_56c37,PUR_IED_Atabanzha_SA101_56c37,,,,,
2026-09-12T22:46:05-05:00,PUR_IED_Atabanzha_SB302_27b374,PUR_IED_Atabanzha_SB302_27b374,,,,,
2026-09-12T22:46:05-05:00,PUR_IED_Atahualpa_Ext_fc1748,PUR_IED_Atahualpa_Ext_fc1748,,,,,
2026-09-12T22:46:05-05:00,PUR_IED_Atahualpa_Informa_dc9a95,PUR_IED_Atahualpa_Informa_dc9a95,,,,,
2026-09-12T22:46:05-05:00,PUR_IED_Atahualpa_S1101_f98056,PUR_IED_Atahualpa_S1101_f98056,,,,,
2026-09-12T22:46:05-05:00,PUR_IED_Bellavista_Ext_f5aa74,PUR_IED_Bellavista_Ext_f5aa74,,,,,
2026-09-12T22:46:05-05:00,PUR_IED_Bilbao_11A_916c41,PUR_IED_Bilbao_11A_916c41,,,,,
2026-09-12T22:46:05-05:00,PUR_IED_Bilbao_Ext_fb579a,PUR_IED_Bilbao_Ext_fb579a,,,,,
2026-09-12T22:46:05-05:00,PUR_IED_BrasiliaU_A125_304280,PUR_IED_BrasiliaU_A125_304280,,,,,
2026-09-12T22:46:05-05:00,PUR_IED_BrasiliaU_A203_7c8ca5,PUR_IED_BrasiliaU_A203_7c8ca5,,,,,
2026-09-12T22:46:05-05:00,PUR_IED_BrasiliaU_Ext_8d6e9f,PUR_IED_BrasiliaU_Ext_8d6e9f,5,17,62,4.5175,-74.116302
2026-09-12T22:46:05-05:00,PUR_IED_Brasilia_Ext_fe6593,PUR_IED_Brasilia_Ext_fe6593,,,,,
2026-09-12T22:46:05-05:00,PUR_IED_Brasilia_S24_7c130d,PUR_IED_Brasilia_S24_7c130d,,,,,
2026-09-12T22:46:05-05:00,PUR_IED_Brasilia_S501_186a54,PUR_IED_Brasilia_S501_186a54,,,,,
2026-09-12T22:46:05-05:00,PUR_IED_CHARRY_EXT_f1d5cd,PUR_IED_CHARRY_EXT_f1d5cd,,,,,
2026-09-12T22:46:05-05:00,PUR_IED_CHARRY_INTDANZAS_7a08e6,PUR_IED_CHARRY_INTDANZAS_7a08e6,,,,,
2026-09-12T22:46:05-05:00,PUR_IED_CHARRY_INT_AULA20_dc998d,PUR_IED_CHARRY_INT_AULA20_dc998d,,,,,
2026-09-12T22:46:05-05:00,PUR_IED_COLVIV_1101_S25_7f520a,PUR_IED_COLVIV_1101_S25_7f520a,,,,,
2026-09-12T22:46:05-05:00,PUR_IED_COLVIV_1102_S16_f570ba,PUR_IED_COLVIV_1102_S16_f570ba,,,,,
2026-09-12T22:46:05-05:00,PUR_IED_COLVIV_Ext_1a26fa,PUR_IED_COLVIV_Ext_1a26fa,,,,,
2026-09-12T22:46:05-05:00,PUR_IED_CULPOP_301A_f660f3,PUR_IED_CULPOP_301A_f660f3,,,,,
2026-09-12T22:46:05-05:00,PUR_IED_CULPOP_303_568afe,PUR_IED_CULPOP_303_568afe,,,,,
2026-09-12T22:46:05-05:00,PUR_IED_CULPOP_Ext_e02ccb,PUR_IED_CULPOP_Ext_e02ccb,,,,,
2026-09-12T22:46:05-05:00,PUR_IED_CVillavicen_Ext_26eb58,PUR_IED_CVillavicen_Ext_26eb58,4,15,77,4.487,-74.102798
2026-09-12T22:46:05-05:00,PUR_IED_CVillavicen_Intel_1ce5c2,PUR_IED_CVillavicen_Intel_1ce5c2,,,,,
2026-09-12T22:46:05-05:00,PUR_IED_CVillavicen_Poliv_e0766c,PUR_IED_CVillavicen_Poliv_e0766c,,,,,
2026-09-12T22:46:05-05:00,PUR_IED_CVillavicen_int_1ba140,PUR_IED_CVillavicen_int_1ba140,,,,,
2026-09-12T22:46:05-05:00,PUR_IED_CVillavicen_intel_1ba140,PUR_IED_CVillavicen_intel_1ba140,,,,,
2026-09-12T22:46:05-05:00,PUR_IED_CarlosPizarro_Ext_e307cc,PUR_IED_CarlosPizarro_Ext_e307cc,,,,,
2026-09-12T22:46:05-05:00,PUR_IED_CarlosPizarro_L36_7e5cdb,PUR_IED_CarlosPizarro_L36_7e5cdb,,,,,
2026-09-12T22:46:05-05:00,PUR_IED_CarlosPizarro_L37_c8566c,PUR_IED_CarlosPizarro_L37_c8566c,,,,,
2026-09-12T22:46:05-05:00,PUR_IED_Castilla_Ext_cf35f,PUR_IED_Castilla_Ext_cf35f,,,,,
2026-09-12T22:46:05-05:00,PUR_IED_Castilla_SFisik_360e38,PUR_IED_Castilla_SFisik_360e38,,,,,
2026-09-12T22:46:05-05:00,PUR_IED_Castilla_Sc304_496fbf,PUR_IED_Castilla_Sc304_496fbf,,,,,
2026-09-12T22:46:05-05:00,PUR_IED_CervantesSa_Ext_6b57b,PUR_IED_CervantesSa_Ext_6b57b,5,16,69,4.5128,-74.117203
2026-09-12T22:46:05-05:00,PUR_IED_CervantesSa_S107_225c2b,PUR_IED_CervantesSa_S107_225c2b,,,,,
2026-09-12T22:46:05-05:00,PUR_IED_CervantesSa_S108_940925,PUR_IED_CervantesSa_S108_940925,,,,,
2026-09-12T22:46:05-05:00,PUR_IED_Charry_A20_f53e7c,PUR_IED_Charry_A20_f53e7c,,,,,
2026-09-12T22:46:05-05:00,PUR_IED_Charry_Ext_f1d5cd,PUR_IED_Charry_Ext_f1d5cd,,,,,
2026-09-12T22:46:05-05:00,PUR_IED_Charry_IntAula20_dc998d,PUR_IED_Charry_IntAula20_dc998d,,,,,
2026-09-12T22:46:05-05:00,PUR_IED_Charry_IntDanzas_7a08e6,PUR_IED_Charry_IntDanzas_7a08e6,,,,,
2026-09-12T22:46:05-05:00,PUR_IED_ClememciaC_203_43e2fc,PUR_IED_ClememciaC_203_43e2fc,,,,,
2026-09-12T22:46:05-05:00,PUR_IED_ClememciaC_Ext_1b411a,PUR_IED_ClememciaC_Ext_1b411a,,,,,
2026-09-12T22:46:05-05:00,PUR_IED_ClememciaC_Quimic_44b5fc,PUR_IED_ClememciaC_Quimic_44b5fc,,,,,
2026-09-12T22:46:05-05:00,PUR_IED_ClemenciaC_203_43e2fc,PUR_IED_ClemenciaC_203_43e2fc,,,,,
2026-09-12T22:46:05-05:00,PUR_IED_ClemenciaC_Ext_1b411a,PUR_IED_ClemenciaC_Ext_1b411a,,,,,
2026-09-12T22:46:05-05:00,PUR_IED_ClemenciaC_Quimic_44b5fc,PUR_IED_ClemenciaC_Quimic_44b5fc,,,,,
2026-09-12T22:46:05-05:00,PUR_IED_ColViva_1101_S25_7f520a,PUR_IED_ColViva_1101_S25_7f520a,,,,,
2026-09-12T22:46:05-05:00,PUR_IED_ColViva_1102_S16_f570ba,PUR_IED_ColViva_1102_S16_f570ba,,,,,
2026-09-12T22:46:05-05:00,PUR_IED_ColViva_Ext_1a26fa,PUR_IED_ColViva_Ext_1a26fa,,,,,
2026-09-12T22:46:05-05:00,PUR_IED_ColegioBici_Asist_7c8798,PUR_IED_ColegioBici_Asist_7c8798,,,,,
2026-09-12T22:46:05-05:00,PUR_IED_ColegioBici_Ext_25cbf6,PUR_IED_ColegioBici_Ext_25cbf6,,,,,
2026-09-12T22:46:05-05:00,PUR_IED_ColegioBici_LabQ_7b57db,PUR_IED_ColegioBici_LabQ_7b57db,,,,,
2026-09-12T22:46:05-05:00,PUR_IED_CostaRica_Ext_5e640,PUR_IED_CostaRica_Ext_5e640,,,,,
2026-09-12T22:46:05-05:00,PUR_IED_CostaRica_Quim1_766d1c,PUR_IED_CostaRica_Quim1_766d1c,,,,,
2026-09-12T22:46:05-05:00,PUR_IED_CostaRica__Fisica_6f0873,PUR_IED_CostaRica__Fisica_6f0873,,,,,
2026-09-12T22:46:05-05:00,PUR_IED_CulPopu_301A_f660f3,PUR_IED_CulPopu_301A_f660f3,,,,,
2026-09-12T22:46:05-05:00,PUR_IED_CulPopu_303_568afe,PUR_IED_CulPopu_303_568afe,,,,,
2026-09-12T22:46:05-05:00,PUR_IED_CulPopu_Ext_e02ccb,PUR_IED_CulPopu_Ext_e02ccb,,,,,
2026-09-12T22:46:05-05:00,PUR_IED_Cundinamarca_Ext_f15985,PUR_IED_Cundinamarca_Ext_f15985,,,,,
2026-09-12T22:46:05-05:00,PUR_IED_Cundinamarca_Info_7aa5d7,PUR_IED_Cundinamarca_Info_7aa5d7,,,,,
2026-09-12T22:46:05-05:00,PUR_IED_Cundinamarca_Tec2_f449c7,PUR_IED_Cundinamarca_Tec2_f449c7,,,,,
2026-09-12T22:46:05-05:00,PUR_IED_DiegoM_Aula1_27b314,PUR_IED_DiegoM_Aula1_27b314,,,,,
2026-09-12T22:46:05-05:00,PUR_IED_DiegoM_Ext_d80ac8,PUR_IED_DiegoM_Ext_d80ac8,,,,,
2026-09-12T22:46:05-05:00,PUR_IED_DiegoM_S25_da928f,PUR_IED_DiegoM_S25_da928f,,,,,
2026-09-12T22:46:05-05:00,PUR_IED_ELRODEO_360881,PUR_IED_ELRODEO_360881,,,,,
2026-09-12T22:46:05-05:00,PUR_IED_ELRODEO_ext_360881,PUR_IED_ELRODEO_ext_360881,,,,,
2026-09-12T22:46:05-05:00,PUR_IED_EduardoU_Ext_1c1969,PUR_IED_EduardoU_Ext_1c1969,,,,,
2026-09-12T22:46:05-05:00,PUR_IED_EduardoU_SCiencia_4dfb94,PUR_IED_EduardoU_SCiencia_4dfb94,,,,,
2026-09-12T22:46:05-05:00,PUR_IED_EduardoU_SQuimica_5a46e7,PUR_IED_EduardoU_SQuimica_5a46e7,,,,,
2026-09-12T22:46:05-05:00,PUR_IED_ElRodeo_Aula14_676984,PUR_IED_ElRodeo_Aula14_676984,,,,,
2026-09-12T22:46:05-05:00,PUR_IED_ElRodeo_Aula16_2dd35b,PUR_IED_ElRodeo_Aula16_2dd35b,,,,,
2026-09-12T22:46:05-05:00,PUR_IED_ElRodeo_Ext_360881,PUR_IED_ElRodeo_Ext_360881,,,,,
2026-09-12T22:46:05-05:00,PUR_IED_ElRodeo_Exterior_8c6d28,PUR_IED_ElRodeo_Exterior_8c6d28,,,,,
2026-09-12T22:46:05-05:00,PUR_IED_ElRodeo_ext_360881,PUR_IED_ElRodeo_ext_360881,,,,,
2026-09-12T22:46:05-05:00,PUR_IED_EmmaReyes_Ext_987625,PUR_IED_EmmaReyes_Ext_987625,6,21,52,4.6367,-74.1511
2026-09-12T22:46:05-05:00,PUR_IED_Ensueño_Ext_7f0250,PUR_IED_Ensueño_Ext_7f0250,,,,,
2026-09-12T22:46:05-05:00,PUR_IED_EscNormal_Ext_5fef3b,PUR_IED_EscNormal_Ext_5fef3b,2,18,61,4.5852,-74.096901
2026-09-12T22:46:05-05:00,PUR_IED_EscNormal_S309_5b263,PUR_IED_EscNormal_S309_5b263,,,,,
2026-09-12T22:46:05-05:00,PUR_IED_EscNormal_S310_27b3b8,PUR_IED_EscNormal_S310_27b3b8,,,,,
2026-09-12T22:46:05-05:00,PUR_IED_Evangelista_Conta_f6cd4f,PUR_IED_Evangelista_Conta_f6cd4f,,,,,
2026-09-12T22:46:05-05:00,PUR_IED_Evangelista_Cri_5e16a,PUR_IED_Evangelista_Cri_5e16a,,,,,
2026-09-12T22:46:05-05:00,PUR_IED_Evangelista_Exter_754066,PUR_IED_Evangelista_Exter_754066,,,,,
2026-09-12T22:46:05-05:00,PUR_IED_FMiranda_S209_5cc2a3,PUR_IED_FMiranda_S209_5cc2a3,,,,,
2026-09-12T22:46:05-05:00,PUR_IED_FMiranda_S303_19e344,PUR_IED_FMiranda_S303_19e344,,,,,
2026-09-12T22:46:05-05:00,PUR_IED_FMiranda_ext_f53e7c,PUR_IED_FMiranda_ext_f53e7c,,,,,
2026-09-12T22:46:05-05:00,PUR_IED_FabioLozano_Bibli_1cee05,PUR_IED_FabioLozano_Bibli_1cee05,,,,,
2026-09-12T22:46:05-05:00,PUR_IED_FabioLozano_Ext_6ea285,PUR_IED_FabioLozano_Ext_6ea285,,,,,
2026-09-12T22:46:05-05:00,PUR_IED_FabioLozano_SLudi_f09e1e,PUR_IED_FabioLozano_SLudi_f09e1e,,,,,
2026-09-12T22:46:05-05:00,PUR_IED_FaustinoS_Aula07_27a731,PUR_IED_FaustinoS_Aula07_27a731,,,,,
2026-09-12T22:46:05-05:00,PUR_IED_FaustinoS_Ext_7b936f,PUR_IED_FaustinoS_Ext_7b936f,,,,,
2026-09-12T22:46:05-05:00,PUR_IED_FaustinoS_Fisica_da2c60,PUR_IED_FaustinoS_Fisica_da2c60,,,,,
2026-09-12T22:46:05-05:00,PUR_IED_FeGarciaLo_Ext_dc68ee,PUR_IED_FeGarciaLo_Ext_dc68ee,,,,,
2026-09-12T22:46:05-05:00,PUR_IED_FeGarciaLo_SDanza_f70a59,PUR_IED_FeGarciaLo_SDanza_f70a59,,,,,
2026-09-12T22:46:05-05:00,PUR_IED_FeGarciaLo_SMusic_125cdd,PUR_IED_FeGarciaLo_SMusic_125cdd,,,,,
2026-09-12T22:46:05-05:00,PUR_IED_FederalAlema_Exte_50c345,PUR_IED_FederalAlema_Exte_50c345,,,,,
2026-09-12T22:46:05-05:00,PUR_IED_FederalAlema_S31_f18371,PUR_IED_FederalAlema_S31_f18371,,,,,
2026-09-12T22:46:05-05:00,PUR_IED_FederalAlema_S901_a62cd,PUR_IED_FederalAlema_S901_a62cd,,,,,
2026-09-12T22:46:05-05:00,PUR_IED_FilarmonicaS_A5_f35eb1,PUR_IED_FilarmonicaS_A5_f35eb1,,,,,
2026-09-12T22:46:05-05:00,PUR_IED_FilarmonicaS_Ext_8a3bde,PUR_IED_FilarmonicaS_Ext_8a3bde,,,,,
2026-09-12T22:46:05-05:00,PUR_IED_FilarmonicaS_Spol_406114,PUR_IED_FilarmonicaS_Spol_406114,,,,,
2026-09-12T22:46:05-05:00,PUR_IED_FlorentinoG_A13_d1fa59,PUR_IED_FlorentinoG_A13_d1fa59,,,,,
2026-09-12T22:46:05-05:00,PUR_IED_FlorentinoG_Ext_1ce6ce,PUR_IED_FlorentinoG_Ext_1ce6ce,,,,,
2026-09-12T22:46:05-05:00,PUR_IED_FlorentinoG_Idiom_a66aac,PUR_IED_FlorentinoG_Idiom_a66aac,,,,,
2026-09-12T22:46:05-05:00,PUR_IED_FranciscoMati_Ext_e3869d,PUR_IED_FranciscoMati_Ext_e3869d,,,,,
2026-09-12T22:46:05-05:00,PUR_IED_FranciscoMati_S13_f31c67,PUR_IED_FranciscoMati_S13_f31c67,,,,,
2026-09-12T22:46:05-05:00,PUR_IED_FranciscoMati_S14_97dead,PUR_IED_FranciscoMati_S14_97dead,,,,,
2026-09-12T22:46:05-05:00,PUR_IED_FranciscoPS_Ext_7bfa9a,PUR_IED_FranciscoPS_Ext_7bfa9a,3,19,62,4.5899,-74.110397
2026-09-12T22:46:05-05:00,PUR_IED_FranciscoPS_Infor_fb8f4c,PUR_IED_FranciscoPS_Infor_fb8f4c,,,,,
2026-09-12T22:46:05-05:00,PUR_IED_FranciscoPS_Quimi_94d39c,PUR_IED_FranciscoPS_Quimi_94d39c,,,,,
2026-09-12T22:46:05-05:00,PUR_IED_FranciscoP_LabQ_d7e148,PUR_IED_FranciscoP_LabQ_d7e148,,,,,
2026-09-12T22:46:05-05:00,PUR_IED_FranciscoP_S28_cf9b30,PUR_IED_FranciscoP_S28_cf9b30,,,,,
2026-09-12T22:46:05-05:00,PUR_IED_FranciscoP_ext_e2313,PUR_IED_FranciscoP_ext_e2313,,,,,
2026-09-12T22:46:05-05:00,PUR_IED_FriederichN_Ext_8ac92a,PUR_IED_FriederichN_Ext_8ac92a,,,,,
2026-09-12T22:46:05-05:00,PUR_IED_FriederichN_S301_dd7e5a,PUR_IED_FriederichN_S301_dd7e5a,,,,,
2026-09-12T22:46:05-05:00,PUR_IED_FriederichN_S308_761f4f,PUR_IED_FriederichN_S308_761f4f,,,,,
2026-09-12T22:46:05-05:00,PUR_IED_GSantander_Aula10_533dd7,PUR_IED_GSantander_Aula10_533dd7,,,,,
2026-09-12T22:46:05-05:00,PUR_IED_GSantander_Aula12_fd4e4f,PUR_IED_GSantander_Aula12_fd4e4f,,,,,
2026-09-12T22:46:05-05:00,PUR_IED_GSantander_Aula310_533dd7,PUR_IED_GSantander_Aula310_533dd7,,,,,
2026-09-12T22:46:05-05:00,PUR_IED_GSantander_Aula312_fd4e4f,PUR_IED_GSantander_Aula312_fd4e4f,,,,,
2026-09-12T22:46:05-05:00,PUR_IED_GSantander_Ext_5f66b0,PUR_IED_GSantander_Ext_5f66b0,,,,,
2026-09-12T22:46:05-05:00,PUR_IED_GYomasa_Ext_f6bea5,PUR_IED_GYomasa_Ext_f6bea5,,,,,
2026-09-12T22:46:05-05:00,PUR_IED_GYomasa_LBiol_2c41aa,PUR_IED_GYomasa_LBiol_2c41aa,,,,,
2026-09-12T22:46:05-05:00,PUR_IED_GYomasa_LQuim_33c80,PUR_IED_GYomasa_LQuim_33c80,,,,,
2026-09-12T22:46:05-05:00,PUR_IED_GabBetMejia_Cienc_5a99c,PUR_IED_GabBetMejia_Cienc_5a99c,,,,,
2026-09-12T22:46:05-05:00,PUR_IED_GabBetMejia_Ext_9153d0,PUR_IED_GabBetMejia_Ext_9153d0,,,,,
2026-09-12T22:46:05-05:00,PUR_IED_GabBetMejia_Lab_f55347,PUR_IED_GabBetMejia_Lab_f55347,,,,,
2026-09-12T22:46:05-05:00,PUR_IED_GabBetanMejia_Ext_9153d0,PUR_IED_GabBetanMejia_Ext_9153d0,,,,,
2026-09-12T22:46:05-05:00,PUR_IED_Gaitana_Aula13_7aac11,PUR_IED_Gaitana_Aula13_7aac11,,,,,
2026-09-12T22:46:05-05:00,PUR_IED_Gaitana_Ext_5fcf4,PUR_IED_Gaitana_Ext_5fcf4,,,,,
2026-09-12T22:46:05-05:00,PUR_IED_Gaitana_LabFisica_644448,PUR_IED_Gaitana_LabFisica_644448,,,,,
2026-09-12T22:46:05-05:00,PUR_IED_GenSantander_Dise_8ac858,PUR_IED_GenSantander_Dise_8ac858,,,,,
2026-09-12T22:46:05-05:00,PUR_IED_GenSantander_Ext_8d5dfe,PUR_IED_GenSantander_Ext_8d5dfe,,,,,
2026-09-12T22:46:05-05:00,PUR_IED_GenSantander_Info_6c25b,PUR_IED_GenSantander_Info_6c25b,,,,,
2026-09-12T22:46:05-05:00,PUR_IED_GustavoMo_Exterio_75e63d,PUR_IED_GustavoMo_Exterio_75e63d,,,,,
2026-09-12T22:46:05-05:00,PUR_IED_GustavoMo_LabFisi_224d37,PUR_IED_GustavoMo_LabFisi_224d37,,,,,
2026-09-12T22:46:05-05:00,PUR_IED_GustavoMo_S208_3e6918,PUR_IED_GustavoMo_S208_3e6918,,,,,
2026-09-12T22:46:05-05:00,PUR_IED_GustavoR_A02_8cd4a8,PUR_IED_GustavoR_A02_8cd4a8,,,,,
2026-09-12T22:46:05-05:00,PUR_IED_GustavoR_B11_5b0ed,PUR_IED_GustavoR_B11_5b0ed,,,,,
2026-09-12T22:46:05-05:00,PUR_IED_GustavoR_Ext_7a0c90,PUR_IED_GustavoR_Ext_7a0c90,,,,,
2026-09-12T22:46:05-05:00,PUR_IED_HernandoDuran_Ext_8cd82b,PUR_IED_HernandoDuran_Ext_8cd82b,,,,,
2026-09-12T22:46:05-05:00,PUR_IED_HernandoDuran_S24_2772c6,PUR_IED_HernandoDuran_S24_2772c6,,,,,
2026-09-12T22:46:05-05:00,PUR_IED_HernandoDuran_S30_f2de41,PUR_IED_HernandoDuran_S30_f2de41,,,,,
2026-09-12T22:46:05-05:00,PUR_IED_HolguInUr_S1101_8cd732,PUR_IED_HolguInUr_S1101_8cd732,,,,,
2026-09-12T22:46:05-05:00,PUR_IED_HolguinUr_Exter_ddae6d,PUR_IED_HolguinUr_Exter_ddae6d,,,,,
2026-09-12T22:46:05-05:00,PUR_IED_HolguinUr_LabQuim_92b952,PUR_IED_HolguinUr_LabQuim_92b952,,,,,
2026-09-12T22:46:05-05:00,PUR_IED_Isabel-II_Ext_5245cc,PUR_IED_Isabel-II_Ext_5245cc,6,19,58,4.6336,-74.153
2026-09-12T22:46:05-05:00,PUR_IED_Isabel-II_S_idiom_1c29aa,PUR_IED_Isabel-II_S_idiom_1c29aa,,,,,
2026-09-12T22:46:05-05:00,PUR_IED_Isabel-II_S_infor_fd741,PUR_IED_Isabel-II_S_infor_fd741,,,,,
2026-09-12T22:46:05-05:00,PUR_IED_IsidroSur_Exterio_5b90ea,PUR_IED_IsidroSur_Exterio_5b90ea,,,,,
2026-09-12T22:46:05-05:00,PUR_IED_IsidroSur_LabTec_56697a,PUR_IED_IsidroSur_LabTec_56697a,,,,,
2026-09-12T22:46:05-05:00,PUR_IED_IsidroSur_Robotic_b7c38f,PUR_IED_IsidroSur_Robotic_b7c38f,,,,,
2026-09-12T22:46:05-05:00,PUR_IED_IsmaelPerd_Ext_7b6672,PUR_IED_IsmaelPerd_Ext_7b6672,,,,,
2026-09-12T22:46:05-05:00,PUR_IED_IsmaelPerd_Inform_306540,PUR_IED_IsmaelPerd_Inform_306540,,,,,
2026-09-12T22:46:05-05:00,PUR_IED_IsmaelPerd_S30_2e2c83,PUR_IED_IsmaelPerd_S30_2e2c83,,,,,
2026-09-12T22:46:05-05:00,PUR_IED_JLozano_Exter_432910,PUR_IED_JLozano_Exter_432910,,,,,
2026-09-12T22:46:05-05:00,PUR_IED_JLozano_salaMulti_df5125,PUR_IED_JLozano_salaMulti_df5125,,,,,
2026-09-12T22:46:05-05:00,PUR_IED_JMCordoba_206_86f80b,PUR_IED_JMCordoba_206_86f80b,,,,,
2026-09-12T22:46:05-05:00,PUR_IED_JMCordoba_Ext_27ad97,PUR_IED_JMCordoba_Ext_27ad97,,,,,
2026-09-12T22:46:05-05:00,PUR_IED_JMCordoba_S310_d59ab4,PUR_IED_JMCordoba_S310_d59ab4,,,,,
2026-09-12T22:46:05-05:00,PUR_IED_Japon_Ext_549100,PUR_IED_Japon_Ext_549100,,,,,
2026-09-12T22:46:05-05:00,PUR_IED_Japon_Laboratorio_bec51d,PUR_IED_Japon_Laboratorio_bec51d,,,,,
2026-09-12T22:46:05-05:00,PUR_IED_Japon_informatica_d99327,PUR_IED_Japon_informatica_d99327,,,,,
2026-09-12T22:46:05-05:00,PUR_IED_Jazmin_Ext_d27bda,PUR_IED_Jazmin_Ext_d27bda,,,,,
2026-09-12T22:46:05-05:00,PUR_IED_Jazmin_Fisica_8d14d7,PUR_IED_Jazmin_Fisica_8d14d7,,,,,
2026-09-12T22:46:05-05:00,PUR_IED_Jazmin_Quimica_801cb5,PUR_IED_Jazmin_Quimica_801cb5,,,,,
2026-09-12T22:46:05-05:00,PUR_IED_JorgeGaitan_Exter_f098d1,PUR_IED_JorgeGaitan_Exter_f098d1,,,,,
2026-09-12T22:46:05-05:00,PUR_IED_JorgeGaitan_STec1_dc9d1d,PUR_IED_JorgeGaitan_STec1_dc9d1d,,,,,
2026-09-12T22:46:05-05:00,PUR_IED_JorgeGaitan_STec2_281e69,PUR_IED_JorgeGaitan_STec2_281e69,,,,,
2026-09-12T22:46:05-05:00,PUR_IED_JorgeSoto_Exterio_d9d0a2,PUR_IED_JorgeSoto_Exterio_d9d0a2,,,,,
2026-09-12T22:46:05-05:00,PUR_IED_JorgeSoto_LabFisi_209c54,PUR_IED_JorgeSoto_LabFisi_209c54,,,,,
2026-09-12T22:46:05-05:00,PUR_IED_JorgeSoto_S103_27b51a,PUR_IED_JorgeSoto_S103_27b51a,,,,,
2026-09-12T22:46:05-05:00,PUR_IED_JoseAcevedo_A02_e965eb,PUR_IED_JoseAcevedo_A02_e965eb,,,,,
2026-09-12T22:46:05-05:00,PUR_IED_JoseAcevedo_A07_dd5b4,PUR_IED_JoseAcevedo_A07_dd5b4,,,,,
2026-09-12T22:46:05-05:00,PUR_IED_JoseAcevedo_Ext_b47484,PUR_IED_JoseAcevedo_Ext_b47484,,,,,
2026-09-12T22:46:05-05:00,PUR_IED_JoseMarti_Exte_5b9bf,PUR_IED_JoseMarti_Exte_5b9bf,,,,,
2026-09-12T22:46:05-05:00,PUR_IED_JoseMarti_LabQuim_1c6c2d,PUR_IED_JoseMarti_LabQuim_1c6c2d,,,,,
2026-09-12T22:46:05-05:00,PUR_IED_JoseMarti_S_info_f5f177,PUR_IED_JoseMarti_S_info_f5f177,,,,,
2026-09-12T22:46:05-05:00,PUR_IED_Josejoaquin_Ext_dfc5dc,PUR_IED_Josejoaquin_Ext_dfc5dc,,,,,
2026-09-12T22:46:05-05:00,PUR_IED_Josejoaquin_S05_5b2a96,PUR_IED_Josejoaquin_S05_5b2a96,,,,,
2026-09-12T22:46:05-05:00,PUR_IED_Josejoaquin_S06_1ce7d2,PUR_IED_Josejoaquin_S06_1ce7d2,,,,,
2026-09-12T22:46:05-05:00,PUR_IED_JulioFlorez_Danza_9b82dd,PUR_IED_JulioFlorez_Danza_9b82dd,,,,,
2026-09-12T22:46:05-05:00,PUR_IED_JulioFlorez_Exter_f9f314,PUR_IED_JulioFlorez_Exter_f9f314,,,,,
2026-09-12T22:46:05-05:00,PUR_IED_JulioFlorez_info2_6b6e08,PUR_IED_JulioFlorez_info2_6b6e08,,,,,
2026-09-12T22:46:05-05:00,PUR_IED_LaBelleza_Aula13_1d00d8,PUR_IED_LaBelleza_Aula13_1d00d8,,,,,
2026-09-12T22:46:05-05:00,PUR_IED_LaBelleza_Ext_7bc08c,PUR_IED_LaBelleza_Ext_7bc08c,,,,,
2026-09-12T22:46:05-05:00,PUR_IED_LaChucua_Ext_8cd6d2,PUR_IED_LaChucua_Ext_8cd6d2,,,,,
2026-09-12T22:46:05-05:00,PUR_IED_LaChucua_S15_f578ce,PUR_IED_LaChucua_S15_f578ce,,,,,
2026-09-12T22:46:05-05:00,PUR_IED_LaChucua_S16_eebcf9,PUR_IED_LaChucua_S16_eebcf9,,,,,
2026-09-12T22:46:05-05:00,PUR_IED_LaFelicidad_Ext_fb5109,PUR_IED_LaFelicidad_Ext_fb5109,,,,,
2026-09-12T22:46:05-05:00,PUR_IED_LaMerced_206_66ebd,PUR_IED_LaMerced_206_66ebd,,,,,
2026-09-12T22:46:05-05:00,PUR_IED_LaMerced_207_6ebd6,PUR_IED_LaMerced_207_6ebd6,,,,,
2026-09-12T22:46:05-05:00,PUR_IED_LaMerced_ext_304311,PUR_IED_LaMerced_ext_304311,,,,,
2026-09-12T22:46:05-05:00,PUR_IED_Laureano_CiencNat_281e5e,PUR_IED_Laureano_CiencNat_281e5e,,,,,
2026-09-12T22:46:05-05:00,PUR_IED_Laureano_Comedor_f65c0a,PUR_IED_Laureano_Comedor_f65c0a,,,,,
2026-09-12T22:46:05-05:00,PUR_IED_Laureano_Exterior_7ab011,PUR_IED_Laureano_Exterior_7ab011,,,,,
2026-09-12T22:46:05-05:00,PUR_IED_LeonGreiff_Exte_dfe560,PUR_IED_LeonGreiff_Exte_dfe560,,,,,
2026-09-12T22:46:05-05:00,PUR_IED_LeonGreiff_S210_f264ed,PUR_IED_LeonGreiff_S210_f264ed,,,,,
2026-09-12T22:46:05-05:00,PUR_IED_LeonGreiff_SQuimi_e8296f,PUR_IED_LeonGreiff_SQuimi_e8296f,,,,,
2026-09-12T22:46:05-05:00,PUR_IED_LlanoOrientalS208_7b9fcd,PUR_IED_LlanoOrientalS208_7b9fcd,,,,,
2026-09-12T22:46:05-05:00,PUR_IED_LlanoOriental_Ext_fb3766,PUR_IED_LlanoOriental_Ext_fb3766,,,,,
2026-09-12T22:46:05-05:00,PUR_IED_LlanoOriental_S208_7b9fcd,PUR_IED_LlanoOriental_S208_7b9fcd,,,,,
2026-09-12T22:46:05-05:00,PUR_IED_LlanoOriental_S9_27b378,PUR_IED_LlanoOriental_S9_27b378,,,,,
2026-09-12T22:46:05-05:00,PUR_IED_LosTejares_1101_477602,PUR_IED_LosTejares_1101_477602,,,,,
2026-09-12T22:46:05-05:00,PUR_IED_LosTejares_11_d2c595,PUR_IED_LosTejares_11_d2c595,,,,,
2026-09-12T22:46:05-05:00,PUR_IED_LosTejares_12_477602,PUR_IED_LosTejares_12_477602,,,,,
2026-09-12T22:46:05-05:00,PUR_IED_LosTejares_Ext_8e2115,PUR_IED_LosTejares_Ext_8e2115,,,,,
2026-09-12T22:46:05-05:00,PUR_IED_MagdalenaO_B202_5ddda3,PUR_IED_MagdalenaO_B202_5ddda3,,,,,
2026-09-12T22:46:05-05:00,PUR_IED_MagdalenaO_B205_fb76e8,PUR_IED_MagdalenaO_B205_fb76e8,,,,,
2026-09-12T22:46:05-05:00,PUR_IED_MagdalenaO_ext_dc69cd,PUR_IED_MagdalenaO_ext_dc69cd,,,,,
2026-09-12T22:46:05-05:00,PUR_IED_ManueCepeda_artes_eee956,PUR_IED_ManueCepeda_artes_eee956,,,,,
2026-09-12T22:46:05-05:00,PUR_IED_ManuelCepeda_Ext_58313,PUR_IED_ManuelCepeda_Ext_58313,,,,,
2026-09-12T22:46:05-05:00,PUR_IED_ManuelCepeda_tec_1c5731,PUR_IED_ManuelCepeda_tec_1c5731,,,,,
2026-09-12T22:46:05-05:00,PUR_IED_ManuelS_Exterior_5b269,PUR_IED_ManuelS_Exterior_5b269,,,,,
2026-09-12T22:46:05-05:00,PUR_IED_ManuelS_Inform_f369ce,PUR_IED_ManuelS_Inform_f369ce,,,,,
2026-09-12T22:46:05-05:00,PUR_IED_ManuelS_SArtes_7d15f1,PUR_IED_ManuelS_SArtes_7d15f1,,,,,
2026-09-12T22:46:05-05:00,PUR_IED_ManuelZapata_303_3ca6,PUR_IED_ManuelZapata_303_3ca6,,,,,
2026-09-12T22:46:05-05:00,PUR_IED_ManuelZapata_311_bfbabc,PUR_IED_ManuelZapata_311_bfbabc,,,,,
2026-09-12T22:46:05-05:00,PUR_IED_ManuelZapata_Ext_50824a,PUR_IED_ManuelZapata_Ext_50824a,,,,,
2026-09-12T22:46:05-05:00,PUR_IED_ManuelitaS_Exteri_656a92,PUR_IED_ManuelitaS_Exteri_656a92,,,,,
2026-09-12T22:46:05-05:00,PUR_IED_ManuelitaS_JuzgDe_f58ec3,PUR_IED_ManuelitaS_JuzgDe_f58ec3,,,,,
2026-09-12T22:46:05-05:00,PUR_IED_ManuelitaS_Recrea_d793db,PUR_IED_ManuelitaS_Recrea_d793db,,,,,
2026-09-12T22:46:05-05:00,PUR_IED_MarFidSuarez_Ext_c27b19,PUR_IED_MarFidSuarez_Ext_c27b19,,,,,
2026-09-12T22:46:05-05:00,PUR_IED_MarFidSuarez_Info_e384d7,PUR_IED_MarFidSuarez_Info_e384d7,,,,,
2026-09-12T22:46:05-05:00,PUR_IED_MarFidSuarez_S306_1d0032,PUR_IED_MarFidSuarez_S306_1d0032,,,,,
2026-09-12T22:46:05-05:00,PUR_IED_Menorah_301_2a25a3,PUR_IED_Menorah_301_2a25a3,,,,,
2026-09-12T22:46:05-05:00,PUR_IED_Menorah_306_37ed3,PUR_IED_Menorah_306_37ed3,,,,,
2026-09-12T22:46:05-05:00,PUR_IED_Menorah_Ext_3e155b,PUR_IED_Menorah_Ext_3e155b,,,,,
2026-09-12T22:46:05-05:00,PUR_IED_MinutoB.Aires_A11_1b1604,PUR_IED_MinutoB.Aires_A11_1b1604,,,,,
2026-09-12T22:46:05-05:00,PUR_IED_MinutoB.Aires_A12_fb5860,PUR_IED_MinutoB.Aires_A12_fb5860,,,,,
2026-09-12T22:46:05-05:00,PUR_IED_MinutoB.Aires_Ext_81293f,PUR_IED_MinutoB.Aires_Ext_81293f,,,,,
2026-09-12T22:46:05-05:00,PUR_IED_MinutoBAires_A11_1b1604,PUR_IED_MinutoBAires_A11_1b1604,,,,,
2026-09-12T22:46:05-05:00,PUR_IED_MinutoBAires_A12_fb5860,PUR_IED_MinutoBAires_A12_fb5860,,,,,
2026-09-12T22:46:05-05:00,PUR_IED_MinutoBAires_Ext_81293f,PUR_IED_MinutoBAires_Ext_81293f,,,,,
2026-09-12T22:46:05-05:00,PUR_IED_Montreal_Aula10_1e4959,PUR_IED_Montreal_Aula10_1e4959,,,,,
2026-09-12T22:46:05-05:00,PUR_IED_Montreal_Aula6_300367,PUR_IED_Montreal_Aula6_300367,,,,,
2026-09-12T22:46:05-05:00,PUR_IED_Montreal_Exterior_91a179,PUR_IED_Montreal_Exterior_91a179,,,,,
2026-09-12T22:46:05-05:00,PUR_IED_Mqgdalena_B202_5ddda3,PUR_IED_Mqgdalena_B202_5ddda3,,,,,
2026-09-12T22:46:05-05:00,PUR_IED_NACUND_Soc_dc8728,PUR_IED_NACUND_Soc_dc8728,,,,,
2026-09-12T22:46:05-05:00,PUR_IED_NACUND_ext_27ad97,PUR_IED_NACUND_ext_27ad97,,,,,
2026-09-12T22:46:05-05:00,PUR_IED_NEsperanza_Ext_d24b61,PUR_IED_NEsperanza_Ext_d24b61,,,,,
2026-09-12T22:46:05-05:00,PUR_IED_NEsperanza_SElect_7d1807,PUR_IED_NEsperanza_SElect_7d1807,,,,,
2026-09-12T22:46:05-05:00,PUR_IED_NEsperanza_SLabor_8b2d0a,PUR_IED_NEsperanza_SLabor_8b2d0a,,,,,
2026-09-12T22:46:05-05:00,PUR_IED_NacionesU_Ext_f661a9,PUR_IED_NacionesU_Ext_f661a9,,,,,
2026-09-12T22:46:05-05:00,PUR_IED_NacionesU_Quimica_66f0a,PUR_IED_NacionesU_Quimica_66f0a,,,,,
2026-09-12T22:46:05-05:00,PUR_IED_NacionesU_S306_1b4b3d,PUR_IED_NacionesU_S306_1b4b3d,,,,,
2026-09-12T22:46:05-05:00,PUR_IED_NestorFA_Ext_e4201c,PUR_IED_NestorFA_Ext_e4201c,,,,,
2026-09-12T22:46:05-05:00,PUR_IED_NestorFA_Laborato_f22fe0,PUR_IED_NestorFA_Laborato_f22fe0,,,,,
2026-09-12T22:46:05-05:00,PUR_IED_NestorFA_S204_dee996,PUR_IED_NestorFA_S204_dee996,,,,,
2026-09-12T22:46:05-05:00,PUR_IED_NidyaQT_Aula03_76999b,PUR_IED_NidyaQT_Aula03_76999b,,,,,
2026-09-12T22:46:05-05:00,PUR_IED_NidyaQT_Aula10_56325,PUR_IED_NidyaQT_Aula10_56325,,,,,
2026-09-12T22:46:05-05:00,PUR_IED_NidyaQT_Ext_46e32d,PUR_IED_NidyaQT_Ext_46e32d,,,,,
2026-09-12T22:46:05-05:00,PUR_IED_NuevaCol_Exterior_d9b859,PUR_IED_NuevaCol_Exterior_d9b859,,,,,
2026-09-12T22:46:05-05:00,PUR_IED_NuevaCol_S1101_76c43b,PUR_IED_NuevaCol_S1101_76c43b,,,,,
2026-09-12T22:46:05-05:00,PUR_IED_NuevaCol_S1102_1ce0b5,PUR_IED_NuevaCol_S1102_1ce0b5,,,,,
2026-09-12T22:46:05-05:00,PUR_IED_OEA_A202_f7e3f2,PUR_IED_OEA_A202_f7e3f2,,,,,
2026-09-12T22:46:05-05:00,PUR_IED_OEA_A203_7d1b8d,PUR_IED_OEA_A203_7d1b8d,,,,,
2026-09-12T22:46:05-05:00,PUR_IED_OEA_Ext_27b593,PUR_IED_OEA_Ext_27b593,,,,,
2026-09-12T22:46:05-05:00,PUR_IED_Ochoa_Ext_1c29da,PUR_IED_Ochoa_Ext_1c29da,,,,,
2026-09-12T22:46:05-05:00,PUR_IED_Ochoa_S205_8b1121,PUR_IED_Ochoa_S205_8b1121,,,,,
2026-09-12T22:46:05-05:00,PUR_IED_Ochoa_Sistemas_f33af6,PUR_IED_Ochoa_Sistemas_f33af6,,,,,
2026-09-12T22:46:05-05:00,PUR_IED_PQuebec_Ext_1c67c7,PUR_IED_PQuebec_Ext_1c67c7,,,,,
2026-09-12T22:46:05-05:00,PUR_IED_PQuebec_S15_23e8e2,PUR_IED_PQuebec_S15_23e8e2,,,,,
2026-09-12T22:46:05-05:00,PUR_IED_PQuebec_S16_8ec76b,PUR_IED_PQuebec_S16_8ec76b,,,,,
2026-09-12T22:46:05-05:00,PUR_IED_PabloN_Ext_49dc96,PUR_IED_PabloN_Ext_49dc96,,,,,
2026-09-12T22:46:05-05:00,PUR_IED_PabloN_S1102_4e3df5,PUR_IED_PabloN_S1102_4e3df5,,,,,
2026-09-12T22:46:05-05:00,PUR_IED_PabloN_S1103_50c94b,PUR_IED_PabloN_S1103_50c94b,,,,,
2026-09-12T22:46:05-05:00,PUR_IED_Palestina_S1101_db9198,PUR_IED_Palestina_S1101_db9198,,,,,
2026-09-12T22:46:05-05:00,PUR_IED_Palestina_S1102_dc54fa,PUR_IED_Palestina_S1102_dc54fa,,,,,
2026-09-12T22:46:05-05:00,PUR_IED_Palestina_ext_4ccce6,PUR_IED_Palestina_ext_4ccce6,,,,,
2026-09-12T22:46:05-05:00,PUR_IED_Panama_Fisica_4d0794,PUR_IED_Panama_Fisica_4d0794,,,,,
2026-09-12T22:46:05-05:00,PUR_IED_Panama_SIngles_a4077e,PUR_IED_Panama_SIngles_a4077e,,,,,
2026-09-12T22:46:05-05:00,PUR_IED_Panama_ext_4c54b4,PUR_IED_Panama_ext_4c54b4,,,,,
2026-09-12T22:46:05-05:00,PUR_IED_ParaisoM_Exterior_8cd7f0,PUR_IED_ParaisoM_Exterior_8cd7f0,,,,,
2026-09-12T22:46:05-05:00,PUR_IED_ParaisoM_Laborato_27af35,PUR_IED_ParaisoM_Laborato_27af35,,,,,
2026-09-12T22:46:05-05:00,PUR_IED_ParaisoM_S304_d1edca,PUR_IED_ParaisoM_S304_d1edca,,,,,
2026-09-12T22:46:05-05:00,PUR_IED_PorfirioBarba_Ext_301466,PUR_IED_PorfirioBarba_Ext_301466,,,,,
2026-09-12T22:46:05-05:00,PUR_IED_PorfirioBarba_S11_df6cd2,PUR_IED_PorfirioBarba_S11_df6cd2,,,,,
2026-09-12T22:46:05-05:00,PUR_IED_PorfirioBarba_S29_27a7d6,PUR_IED_PorfirioBarba_S29_27a7d6,,,,,
2026-09-12T22:46:05-05:00,PUR_IED_PradoV_Exter_8b27ad,PUR_IED_PradoV_Exter_8b27ad,,,,,
2026-09-12T22:46:05-05:00,PUR_IED_PradoV_S301_de65b5,PUR_IED_PradoV_S301_de65b5,,,,,
2026-09-12T22:46:05-05:00,PUR_IED_PradoV_S302_7d2593,PUR_IED_PradoV_S302_7d2593,,,,,
2026-09-12T22:46:05-05:00,PUR_IED_QuirogaAlz_Ext_1ddc82,PUR_IED_QuirogaAlz_Ext_1ddc82,,,,,
2026-09-12T22:46:05-05:00,PUR_IED_QuirogaAlz_S302_9926a3,PUR_IED_QuirogaAlz_S302_9926a3,,,,,
2026-09-12T22:46:05-05:00,PUR_IED_QuirogaAlz_S305_cdf1f1,PUR_IED_QuirogaAlz_S305_cdf1f1,,,,,
2026-09-12T22:46:05-05:00,PUR_IED_RGuatemala_Biling_dc53b7,PUR_IED_RGuatemala_Biling_dc53b7,,,,,
2026-09-12T22:46:05-05:00,PUR_IED_RGuatemala_Ext_1b89a3,PUR_IED_RGuatemala_Ext_1b89a3,,,,,
2026-09-12T22:46:05-05:00,PUR_IED_RGuatemala_Tecnol_281a34,PUR_IED_RGuatemala_Tecnol_281a34,,,,,
2026-09-12T22:46:05-05:00,PUR_IED_RafaNu_Ext_f7c302,PUR_IED_RafaNu_Ext_f7c302,,,,,
2026-09-12T22:46:05-05:00,PUR_IED_RafaNu_S1101_25fde,PUR_IED_RafaNu_S1101_25fde,,,,,
2026-09-12T22:46:05-05:00,PUR_IED_RafaNu_S1102_281517,PUR_IED_RafaNu_S1102_281517,,,,,
2026-09-12T22:46:05-05:00,PUR_IED_RafaelB_S305_ee2783,PUR_IED_RafaelB_S305_ee2783,,,,,
2026-09-12T22:46:05-05:00,PUR_IED_RafaelB_S306_75fe33,PUR_IED_RafaelB_S306_75fe33,,,,,
2026-09-12T22:46:05-05:00,PUR_IED_RafaelB_ext_283336,PUR_IED_RafaelB_ext_283336,2,19,59,4.6722,-74.0737
2026-09-12T22:46:05-05:00,PUR_IED_RafaelUU_Exterior_281a51,PUR_IED_RafaelUU_Exterior_281a51,,,,,
2026-09-12T22:46:05-05:00,PUR_IED_RafaelUU_Human_806b2,PUR_IED_RafaelUU_Human_806b2,,,,,
2026-09-12T22:46:05-05:00,PUR_IED_RafaelUU_Mate2_5680d4,PUR_IED_RafaelUU_Mate2_5680d4,,,,,
2026-09-12T22:46:05-05:00,PUR_IED_RamonSub_Ext_f9eeb9,PUR_IED_RamonSub_Ext_f9eeb9,,,,,
2026-09-12T22:46:05-05:00,PUR_IED_RamonSub_Media_d1f62f,PUR_IED_RamonSub_Media_d1f62f,,,,,
2026-09-12T22:46:05-05:00,PUR_IED_RamonSub_planta_51b82,PUR_IED_RamonSub_planta_51b82,,,,,
2026-09-12T22:46:05-05:00,PUR_IED_RepBoliVene_Exter_27af7c,PUR_IED_RepBoliVene_Exter_27af7c,,,,,
2026-09-12T22:46:05-05:00,PUR_IED_RepBoliVene_SCPT_5ae2ee,PUR_IED_RepBoliVene_SCPT_5ae2ee,,,,,
2026-09-12T22:46:05-05:00,PUR_IED_RepBoliVene_Socia_4b11d5,PUR_IED_RepBoliVene_Socia_4b11d5,,,,,
2026-09-12T22:46:05-05:00,PUR_IED_RepChina_Ext_76d9ee,PUR_IED_RepChina_Ext_76d9ee,,,,,
2026-09-12T22:46:05-05:00,PUR_IED_RepChina_S404_7c804c,PUR_IED_RepChina_S404_7c804c,,,,,
2026-09-12T22:46:05-05:00,PUR_IED_RepChina_S405_df2c33,PUR_IED_RepChina_S405_df2c33,,,,,
2026-09-12T22:46:05-05:00,PUR_IED_RepublicaC_Exteri_7d1ec9,PUR_IED_RepublicaC_Exteri_7d1ec9,,,,,
2026-09-12T22:46:05-05:00,PUR_IED_RepublicaC_S1101_f544b3,PUR_IED_RepublicaC_S1101_f544b3,,,,,
2026-09-12T22:46:05-05:00,PUR_IED_RepublicaC_S1102_7aafc7,PUR_IED_RepublicaC_S1102_7aafc7,,,,,
2026-09-12T22:46:05-05:00,PUR_IED_Ricaurte_Externo_a0ea1,PUR_IED_Ricaurte_Externo_a0ea1,,,,,
2026-09-12T22:46:05-05:00,PUR_IED_Ricaurte_S210_f546fd,PUR_IED_Ricaurte_S210_f546fd,,,,,
2026-09-12T22:46:05-05:00,PUR_IED_Ricaurte_S309_d4452,PUR_IED_Ricaurte_S309_d4452,,,,,
2026-09-12T22:46:05-05:00,PUR_IED_RogelioS_1102_531e69,PUR_IED_RogelioS_1102_531e69,,,,,
2026-09-12T22:46:05-05:00,PUR_IED_RogelioS_Ext_f25a18,PUR_IED_RogelioS_Ext_f25a18,,,,,
2026-09-12T22:46:05-05:00,PUR_IED_SBernardino_Ext_27aff8,PUR_IED_SBernardino_Ext_27aff8,,,,,
2026-09-12T22:46:05-05:00,PUR_IED_SBernardino_SArte_2ffd33,PUR_IED_SBernardino_SArte_2ffd33,,,,,
2026-09-12T22:46:05-05:00,PUR_IED_SBernardino_SIngl_7c7da5,PUR_IED_SBernardino_SIngl_7c7da5,,,,,
2026-09-12T22:46:05-05:00,PUR_IED_Sago_auditorio_dc9d1d,PUR_IED_Sago_auditorio_dc9d1d,,,,,
2026-09-12T22:46:05-05:00,PUR_IED_Saludcoop_Ext_95aac3,PUR_IED_Saludcoop_Ext_95aac3,,,,,
2026-09-12T22:46:05-05:00,PUR_IED_Saludcoop_InfI_90c854,PUR_IED_Saludcoop_InfI_90c854,,,,,
2026-09-12T22:46:05-05:00,PUR_IED_Saludcoop_SMedia_1b93be,PUR_IED_Saludcoop_SMedia_1b93be,,,,,
2026-09-12T22:46:05-05:00,PUR_IED_SanCarlos_1101_1a2360,PUR_IED_SanCarlos_1101_1a2360,,,,,
2026-09-12T22:46:05-05:00,PUR_IED_SanCarlos_1103_7bafb5,PUR_IED_SanCarlos_1103_7bafb5,,,,,
2026-09-12T22:46:05-05:00,PUR_IED_SanCarlos_Ext_b7cd1,PUR_IED_SanCarlos_Ext_b7cd1,,,,,
2026-09-12T22:46:05-05:00,PUR_IED_SanIgnacioBosa11a_50c26e,PUR_IED_SanIgnacioBosa11a_50c26e,,,,,
2026-09-12T22:46:05-05:00,PUR_IED_SanIgnacioBosa11b_371de8,PUR_IED_SanIgnacioBosa11b_371de8,,,,,
2026-09-12T22:46:05-05:00,PUR_IED_SanIgnacioBosaExt_ef0ffc,PUR_IED_SanIgnacioBosaExt_ef0ffc,,,,,
2026-09-12T22:46:05-05:00,PUR_IED_SanIgnacioBosa_11a_50c26e,PUR_IED_SanIgnacioBosa_11a_50c26e,,,,,
2026-09-12T22:46:05-05:00,PUR_IED_SanIgnacioBosa_Ext_ef0ffc,PUR_IED_SanIgnacioBosa_Ext_ef0ffc,,,,,
2026-09-12T22:46:05-05:00,PUR_IED_SanJoseN_intS1101_31c47f,PUR_IED_SanJoseN_intS1101_31c47f,,,,,
2026-09-12T22:46:05-05:00,PUR_IED_SanJoseUsm_Exter_f5d7e8,PUR_IED_SanJoseUsm_Exter_f5d7e8,,,,,
2026-09-12T22:46:05-05:00,PUR_IED_SanJoseUsm_Int11A_cfdef6,PUR_IED_SanJoseUsm_Int11A_cfdef6,,,,,
2026-09-12T22:46:05-05:00,PUR_IED_SilveriaR_IntB5_905349,PUR_IED_SilveriaR_IntB5_905349,,,,,
2026-09-12T22:46:05-05:00,PUR_IED_SilveriaR_IntSD14_981f93,PUR_IED_SilveriaR_IntSD14_981f93,,,,,
2026-09-12T22:46:05-05:00,PUR_IED_SilveriaR_ext_2b651d,PUR_IED_SilveriaR_ext_2b651d,,,,,
2026-09-12T22:46:05-05:00,PUR_IED_SimonB_Exterior_913975,PUR_IED_SimonB_Exterior_913975,,,,,
2026-09-12T22:46:05-05:00,PUR_IED_SimonB_LabQuimi_c56908,PUR_IED_SimonB_LabQuimi_c56908,,,,,
2026-09-12T22:46:05-05:00,PUR_IED_SimonB_informatic_a28c1,PUR_IED_SimonB_informatic_a28c1,,,,,
2026-09-12T22:46:05-05:00,PUR_IED_Sorrento_1102_315f50,PUR_IED_Sorrento_1102_315f50,,,,,
2026-09-12T22:46:05-05:00,PUR_IED_Sorrento_Minte_214eab,PUR_IED_Sorrento_Minte_214eab,,,,,
2026-09-12T22:46:05-05:00,PUR_IED_Sorrento_ext_7c3a0a,PUR_IED_Sorrento_ext_7c3a0a,,,,,
2026-09-12T22:46:05-05:00,PUR_IED_Tabora_Ext_f048ae,PUR_IED_Tabora_Ext_f048ae,,,,,
2026-09-12T22:46:05-05:00,PUR_IED_Tabora_S1102_b07752,PUR_IED_Tabora_S1102_b07752,,,,,
2026-09-12T22:46:05-05:00,PUR_IED_Tabora_S1103_d988f5,PUR_IED_Tabora_S1103_d988f5,,,,,
2026-09-12T22:46:05-05:00,PUR_IED_Tenerife_Ext_1ab188,PUR_IED_Tenerife_Ext_1ab188,,,,,
2026-09-12T22:46:05-05:00,PUR_IED_Tenerife_SDanzas_7bc02e,PUR_IED_Tenerife_SDanzas_7bc02e,,,,,
2026-09-12T22:46:05-05:00,PUR_IED_Tenerife_SIngles_7cc277,PUR_IED_Tenerife_SIngles_7cc277,,,,,
2026-09-12T22:46:05-05:00,PUR_IED_Tibabuyes_Exter_f2683d,PUR_IED_Tibabuyes_Exter_f2683d,,,,,
2026-09-12T22:46:05-05:00,PUR_IED_Tibabuyes_S10_dc87a8,PUR_IED_Tibabuyes_S10_dc87a8,,,,,
2026-09-12T22:46:05-05:00,PUR_IED_Tibabuyes_S15_dc0526,PUR_IED_Tibabuyes_S15_dc0526,,,,,
2026-09-12T22:46:05-05:00,PUR_IED_UnionE_S301_a1043,PUR_IED_UnionE_S301_a1043,,,,,
2026-09-12T22:46:05-05:00,PUR_IED_UnionE_S307_ff6c2f,PUR_IED_UnionE_S307_ff6c2f,,,,,
2026-09-12T22:46:05-05:00,PUR_IED_UnionE__Ext_5e2468,PUR_IED_UnionE__Ext_5e2468,,,,,
2026-09-12T22:46:05-05:00,PUR_IED_VillaRica_Ext_75be7c,PUR_IED_VillaRica_Ext_75be7c,,,,,
2026-09-12T22:46:05-05:00,PUR_IED_VillaRica_S4_cc5dcd,PUR_IED_VillaRica_S4_cc5dcd,,,,,
2026-09-12T22:46:05-05:00,PUR_IED_VillaRica_Sesp_99f5c,PUR_IED_VillaRica_Sesp_99f5c,,,,,
2026-09-12T22:51:04-05:00,PUR_IED_20deJulio_1101_91b1b9,PUR_IED_20deJulio_1101_91b1b9,,,,,
2026-09-12T22:51:04-05:00,PUR_IED_20deJulio_1102_1cfcf9,PUR_IED_20deJulio_1102_1cfcf9,,,,,
2026-09-12T22:51:04-05:00,PUR_IED_20deJulio_Ext_ab60bd,PUR_IED_20deJulio_Ext_ab60bd,,,,,
2026-09-12T22:51:04-05:00,PUR_IED_AgustinFer_Ext_7b9b77,PUR_IED_AgustinFer_Ext_7b9b77,,,,,
2026-09-12T22:51:04-05:00,PUR_IED_AgustinFer_Info2_27b3a7,PUR_IED_AgustinFer_Info2_27b3a7,,,,,
2026-09-12T22:51:04-05:00,PUR_IED_AgustinFer_Sena_54b4eb,PUR_IED_AgustinFer_Sena_54b4eb,,,,,
2026-09-12T22:51:04-05:00,PUR_IED_AlexanderF_1102_caf07b,PUR_IED_AlexanderF_1102_caf07b,,,,,
2026-09-12T22:51:04-05:00,PUR_IED_AlexanderF_1103_c79e71,PUR_IED_AlexanderF_1103_c79e71,,,,,
2026-09-12T22:51:04-05:00,PUR_IED_AlexanderF_Ext_c5b18b,PUR_IED_AlexanderF_Ext_c5b18b,,,,,
2026-09-12T22:51:04-05:00,PUR_IED_AlfonsoLopez_Ext_281d77,PUR_IED_AlfonsoLopez_Ext_281d77,,,,,
2026-09-12T22:51:04-05:00,PUR_IED_AlfonsoLopez_LabF_888ce0,PUR_IED_AlfonsoLopez_LabF_888ce0,,,,,
2026-09-12T22:51:04-05:00,PUR_IED_AlfonsoLopez_SMed_df6a7f,PUR_IED_AlfonsoLopez_SMed_df6a7f,,,,,
2026-09-12T22:51:04-05:00,PUR_IED_AltamiraSO_A2_209f92,PUR_IED_AltamiraSO_A2_209f92,,,,,
2026-09-12T22:51:04-05:00,PUR_IED_AltamiraSO_Ext_186d66,PUR_IED_AltamiraSO_Ext_186d66,,,,,
2026-09-12T22:51:04-05:00,PUR_IED_AltamiraSO_Sistem_27afe1,PUR_IED_AltamiraSO_Sistem_27afe1,,,,,
2026-09-12T22:51:04-05:00,PUR_IED_AlvaroGom_LabQuim_813179,PUR_IED_AlvaroGom_LabQuim_813179,,,,,
2026-09-12T22:51:04-05:00,PUR_IED_AlvaroGomez_Ext_47c7ca,PUR_IED_AlvaroGomez_Ext_47c7ca,,,,,
2026-09-12T22:51:04-05:00,PUR_IED_AlvaroGomez_LabQuim_813179,PUR_IED_AlvaroGomez_LabQuim_813179,,,,,
2026-09-12T22:51:04-05:00,PUR_IED_AlvaroGomez_S23_7ba89f,PUR_IED_AlvaroGomez_S23_7ba89f,,,,,
2026-09-12T22:51:04-05:00,PUR_IED_Amistad_306_dc8728,PUR_IED_Amistad_306_dc8728,,,,,
2026-09-12T22:51:04-05:00,PUR_IED_Amistad_Ext_8cd55e,PUR_IED_Amistad_Ext_8cd55e,,,,,
2026-09-12T22:51:04-05:00,PUR_IED_Amistad_S202_a41169,PUR_IED_Amistad_S202_a41169,,,,,
2026-09-12T22:51:04-05:00,PUR_IED_AndresBello_Bio_fd5f5e,PUR_IED_AndresBello_Bio_fd5f5e,,,,,
2026-09-12T22:51:04-05:00,PUR_IED_AndresBello_ext_dcad65,PUR_IED_AndresBello_ext_dcad65,,,,,
2026-09-12T22:51:04-05:00,PUR_IED_AndresBello_port_eed3ec,PUR_IED_AndresBello_port_eed3ec,,,,,
2026-09-12T22:51:04-05:00,PUR_IED_AngelaR_11b_d90a6b,PUR_IED_AngelaR_11b_d90a6b,,,,,
2026-09-12T22:51:04-05:00,PUR_IED_AngelaR_ext_7cad3e,PUR_IED_AngelaR_ext_7cad3e,3,18,63,4.5825,-74.164497
2026-09-12T22:51:04-05:00,PUR_IED_AntJoseSucre_10mo_df2575,PUR_IED_AntJoseSucre_10mo_df2575,,,,,
2026-09-12T22:51:04-05:00,PUR_IED_AntJoseSucre_Ext_215b36,PUR_IED_AntJoseSucre_Ext_215b36,,,,,
2026-09-12T22:51:04-05:00,PUR_IED_AntJoseSucre_Lab_3139de,PUR_IED_AntJoseSucre_Lab_3139de,,,,,
2026-09-12T22:51:04-05:00,PUR_IED_AntonioGarcia_301_d6b188,PUR_IED_AntonioGarcia_301_d6b188,,,,,
2026-09-12T22:51:04-05:00,PUR_IED_AntonioGarcia_302_88a82,PUR_IED_AntonioGarcia_302_88a82,,,,,
2026-09-12T22:51:04-05:00,PUR_IED_AntonioGarcia_Ext_20950c,PUR_IED_AntonioGarcia_Ext_20950c,,,,,
2026-09-12T22:51:04-05:00,PUR_IED_AntonioVan_Aula2_6dea02,PUR_IED_AntonioVan_Aula2_6dea02,,,,,
2026-09-12T22:51:04-05:00,PUR_IED_AntonioVan_Aula5_f1557e,PUR_IED_AntonioVan_Aula5_f1557e,,,,,
2026-09-12T22:51:04-05:00,PUR_IED_AntonioVan_Ext_406f2f,PUR_IED_AntonioVan_Ext_406f2f,,,,,
2026-09-12T22:51:04-05:00,PUR_IED_Atabanzha_Ext_cc5af9,PUR_IED_Atabanzha_Ext_cc5af9,,,,,
2026-09-12T22:51:04-05:00,PUR_IED_Atabanzha_SA101_56c37,PUR_IED_Atabanzha_SA101_56c37,,,,,
2026-09-12T22:51:04-05:00,PUR_IED_Atabanzha_SB302_27b374,PUR_IED_Atabanzha_SB302_27b374,,,,,
2026-09-12T22:51:04-05:00,PUR_IED_Atahualpa_Ext_fc1748,PUR_IED_Atahualpa_Ext_fc1748,,,,,
2026-09-12T22:51:04-05:00,PUR_IED_Atahualpa_Informa_dc9a95,PUR_IED_Atahualpa_Informa_dc9a95,,,,,
2026-09-12T22:51:04-05:00,PUR_IED_Atahualpa_S1101_f98056,PUR_IED_Atahualpa_S1101_f98056,,,,,
2026-09-12T22:51:04-05:00,PUR_IED_Bellavista_Ext_f5aa74,PUR_IED_Bellavista_Ext_f5aa74,,,,,
2026-09-12T22:51:04-05:00,PUR_IED_Bilbao_11A_916c41,PUR_IED_Bilbao_11A_916c41,,,,,
2026-09-12T22:51:04-05:00,PUR_IED_Bilbao_Ext_fb579a,PUR_IED_Bilbao_Ext_fb579a,,,,,
2026-09-12T22:51:04-05:00,PUR_IED_BrasiliaU_A125_304280,PUR_IED_BrasiliaU_A125_304280,,,,,
2026-09-12T22:51:04-05:00,PUR_IED_BrasiliaU_A203_7c8ca5,PUR_IED_BrasiliaU_A203_7c8ca5,,,,,
2026-09-12T22:51:04-05:00,PUR_IED_BrasiliaU_Ext_8d6e9f,PUR_IED_BrasiliaU_Ext_8d6e9f,5,17,62,4.5175,-74.116302
2026-09-12T22:51:04-05:00,PUR_IED_Brasilia_Ext_fe6593,PUR_IED_Brasilia_Ext_fe6593,,,,,
2026-09-12T22:51:04-05:00,PUR_IED_Brasilia_S24_7c130d,PUR_IED_Brasilia_S24_7c130d,,,,,
2026-09-12T22:51:04-05:00,PUR_IED_Brasilia_S501_186a54,PUR_IED_Brasilia_S501_186a54,,,,,
2026-09-12T22:51:04-05:00,PUR_IED_CHARRY_EXT_f1d5cd,PUR_IED_CHARRY_EXT_f1d5cd,,,,,
2026-09-12T22:51:04-05:00,PUR_IED_CHARRY_INTDANZAS_7a08e6,PUR_IED_CHARRY_INTDANZAS_7a08e6,,,,,
2026-09-12T22:51:04-05:00,PUR_IED_CHARRY_INT_AULA20_dc998d,PUR_IED_CHARRY_INT_AULA20_dc998d,,,,,
2026-09-12T22:51:04-05:00,PUR_IED_COLVIV_1101_S25_7f520a,PUR_IED_COLVIV_1101_S25_7f520a,,,,,
2026-09-12T22:51:04-05:00,PUR_IED_COLVIV_1102_S16_f570ba,PUR_IED_COLVIV_1102_S16_f570ba,,,,,
2026-09-12T22:51:04-05:00,PUR_IED_COLVIV_Ext_1a26fa,PUR_IED_COLVIV_Ext_1a26fa,,,,,
2026-09-12T22:51:04-05:00,PUR_IED_CULPOP_301A_f660f3,PUR_IED_CULPOP_301A_f660f3,,,,,
2026-09-12T22:51:04-05:00,PUR_IED_CULPOP_303_568afe,PUR_IED_CULPOP_303_568afe,,,,,
2026-09-12T22:51:04-05:00,PUR_IED_CULPOP_Ext_e02ccb,PUR_IED_CULPOP_Ext_e02ccb,,,,,
2026-09-12T22:51:04-05:00,PUR_IED_CVillavicen_Ext_26eb58,PUR_IED_CVillavicen_Ext_26eb58,4,15,77,4.487,-74.102798
2026-09-12T22:51:04-05:00,PUR_IED_CVillavicen_Intel_1ce5c2,PUR_IED_CVillavicen_Intel_1ce5c2,,,,,
2026-09-12T22:51:04-05:00,PUR_IED_CVillavicen_Poliv_e0766c,PUR_IED_CVillavicen_Poliv_e0766c,,,,,
2026-09-12T22:51:04-05:00,PUR_IED_CVillavicen_int_1ba140,PUR_IED_CVillavicen_int_1ba140,,,,,
2026-09-12T22:51:04-05:00,PUR_IED_CVillavicen_intel_1ba140,PUR_IED_CVillavicen_intel_1ba140,,,,,
2026-09-12T22:51:04-05:00,PUR_IED_CarlosPizarro_Ext_e307cc,PUR_IED_CarlosPizarro_Ext_e307cc,,,,,
2026-09-12T22:51:04-05:00,PUR_IED_CarlosPizarro_L36_7e5cdb,PUR_IED_CarlosPizarro_L36_7e5cdb,,,,,
2026-09-12T22:51:04-05:00,PUR_IED_CarlosPizarro_L37_c8566c,PUR_IED_CarlosPizarro_L37_c8566c,,,,,
2026-09-12T22:51:04-05:00,PUR_IED_Castilla_Ext_cf35f,PUR_IED_Castilla_Ext_cf35f,,,,,
2026-09-12T22:51:04-05:00,PUR_IED_Castilla_SFisik_360e38,PUR_IED_Castilla_SFisik_360e38,,,,,
2026-09-12T22:51:04-05:00,PUR_IED_Castilla_Sc304_496fbf,PUR_IED_Castilla_Sc304_496fbf,,,,,
2026-09-12T22:51:04-05:00,PUR_IED_CervantesSa_Ext_6b57b,PUR_IED_CervantesSa_Ext_6b57b,4,16,69,4.5128,-74.117203
2026-09-12T22:51:04-05:00,PUR_IED_CervantesSa_S107_225c2b,PUR_IED_CervantesSa_S107_225c2b,,,,,
2026-09-12T22:51:04-05:00,PUR_IED_CervantesSa_S108_940925,PUR_IED_CervantesSa_S108_940925,,,,,
2026-09-12T22:51:04-05:00,PUR_IED_Charry_A20_f53e7c,PUR_IED_Charry_A20_f53e7c,,,,,
2026-09-12T22:51:04-05:00,PUR_IED_Charry_Ext_f1d5cd,PUR_IED_Charry_Ext_f1d5cd,,,,,
2026-09-12T22:51:04-05:00,PUR_IED_Charry_IntAula20_dc998d,PUR_IED_Charry_IntAula20_dc998d,,,,,
2026-09-12T22:51:04-05:00,PUR_IED_Charry_IntDanzas_7a08e6,PUR_IED_Charry_IntDanzas_7a08e6,,,,,
2026-09-12T22:51:04-05:00,PUR_IED_ClememciaC_203_43e2fc,PUR_IED_ClememciaC_203_43e2fc,,,,,
2026-09-12T22:51:04-05:00,PUR_IED_ClememciaC_Ext_1b411a,PUR_IED_ClememciaC_Ext_1b411a,,,,,
2026-09-12T22:51:04-05:00,PUR_IED_ClememciaC_Quimic_44b5fc,PUR_IED_ClememciaC_Quimic_44b5fc,,,,,
2026-09-12T22:51:04-05:00,PUR_IED_ClemenciaC_203_43e2fc,PUR_IED_ClemenciaC_203_43e2fc,,,,,
2026-09-12T22:51:04-05:00,PUR_IED_ClemenciaC_Ext_1b411a,PUR_IED_ClemenciaC_Ext_1b411a,,,,,
2026-09-12T22:51:04-05:00,PUR_IED_ClemenciaC_Quimic_44b5fc,PUR_IED_ClemenciaC_Quimic_44b5fc,,,,,
2026-09-12T22:51:04-05:00,PUR_IED_ColViva_1101_S25_7f520a,PUR_IED_ColViva_1101_S25_7f520a,,,,,
2026-09-12T22:51:04-05:00,PUR_IED_ColViva_1102_S16_f570ba,PUR_IED_ColViva_1102_S16_f570ba,,,,,
2026-09-12T22:51:04-05:00,PUR_IED_ColViva_Ext_1a26fa,PUR_IED_ColViva_Ext_1a26fa,,,,,
2026-09-12T22:51:04-05:00,PUR_IED_ColegioBici_Asist_7c8798,PUR_IED_ColegioBici_Asist_7c8798,,,,,
2026-09-12T22:51:04-05:00,PUR_IED_ColegioBici_Ext_25cbf6,PUR_IED_ColegioBici_Ext_25cbf6,,,,,
2026-09-12T22:51:04-05:00,PUR_IED_ColegioBici_LabQ_7b57db,PUR_IED_ColegioBici_LabQ_7b57db,,,,,
2026-09-12T22:51:04-05:00,PUR_IED_CostaRica_Ext_5e640,PUR_IED_CostaRica_Ext_5e640,,,,,
2026-09-12T22:51:04-05:00,PUR_IED_CostaRica_Quim1_766d1c,PUR_IED_CostaRica_Quim1_766d1c,,,,,
2026-09-12T22:51:04-05:00,PUR_IED_CostaRica__Fisica_6f0873,PUR_IED_CostaRica__Fisica_6f0873,,,,,
2026-09-12T22:51:04-05:00,PUR_IED_CulPopu_301A_f660f3,PUR_IED_CulPopu_301A_f660f3,,,,,
2026-09-12T22:51:04-05:00,PUR_IED_CulPopu_303_568afe,PUR_IED_CulPopu_303_568afe,,,,,
2026-09-12T22:51:04-05:00,PUR_IED_CulPopu_Ext_e02ccb,PUR_IED_CulPopu_Ext_e02ccb,,,,,
2026-09-12T22:51:04-05:00,PUR_IED_Cundinamarca_Ext_f15985,PUR_IED_Cundinamarca_Ext_f15985,,,,,
2026-09-12T22:51:04-05:00,PUR_IED_Cundinamarca_Info_7aa5d7,PUR_IED_Cundinamarca_Info_7aa5d7,,,,,
2026-09-12T22:51:04-05:00,PUR_IED_Cundinamarca_Tec2_f449c7,PUR_IED_Cundinamarca_Tec2_f449c7,,,,,
2026-09-12T22:51:04-05:00,PUR_IED_DiegoM_Aula1_27b314,PUR_IED_DiegoM_Aula1_27b314,,,,,
2026-09-12T22:51:04-05:00,PUR_IED_DiegoM_Ext_d80ac8,PUR_IED_DiegoM_Ext_d80ac8,,,,,
2026-09-12T22:51:04-05:00,PUR_IED_DiegoM_S25_da928f,PUR_IED_DiegoM_S25_da928f,,,,,
2026-09-12T22:51:04-05:00,PUR_IED_ELRODEO_360881,PUR_IED_ELRODEO_360881,,,,,
2026-09-12T22:51:04-05:00,PUR_IED_ELRODEO_ext_360881,PUR_IED_ELRODEO_ext_360881,,,,,
2026-09-12T22:51:04-05:00,PUR_IED_EduardoU_Ext_1c1969,PUR_IED_EduardoU_Ext_1c1969,,,,,
2026-09-12T22:51:04-05:00,PUR_IED_EduardoU_SCiencia_4dfb94,PUR_IED_EduardoU_SCiencia_4dfb94,,,,,
2026-09-12T22:51:04-05:00,PUR_IED_EduardoU_SQuimica_5a46e7,PUR_IED_EduardoU_SQuimica_5a46e7,,,,,
2026-09-12T22:51:04-05:00,PUR_IED_ElRodeo_Aula14_676984,PUR_IED_ElRodeo_Aula14_676984,,,,,
2026-09-12T22:51:04-05:00,PUR_IED_ElRodeo_Aula16_2dd35b,PUR_IED_ElRodeo_Aula16_2dd35b,,,,,
2026-09-12T22:51:04-05:00,PUR_IED_ElRodeo_Ext_360881,PUR_IED_ElRodeo_Ext_360881,,,,,
2026-09-12T22:51:04-05:00,PUR_IED_ElRodeo_Exterior_8c6d28,PUR_IED_ElRodeo_Exterior_8c6d28,,,,,
2026-09-12T22:51:04-05:00,PUR_IED_ElRodeo_ext_360881,PUR_IED_ElRodeo_ext_360881,,,,,
2026-09-12T22:51:04-05:00,PUR_IED_EmmaReyes_Ext_987625,PUR_IED_EmmaReyes_Ext_987625,7,21,52,4.6367,-74.1511
2026-09-12T22:51:04-05:00,PUR_IED_Ensueño_Ext_7f0250,PUR_IED_Ensueño_Ext_7f0250,,,,,
2026-09-12T22:51:04-05:00,PUR_IED_EscNormal_Ext_5fef3b,PUR_IED_EscNormal_Ext_5fef3b,2,18,61,4.5852,-74.096901
2026-09-12T22:51:04-05:00,PUR_IED_EscNormal_S309_5b263,PUR_IED_EscNormal_S309_5b263,,,,,
2026-09-12T22:51:04-05:00,PUR_IED_EscNormal_S310_27b3b8,PUR_IED_EscNormal_S310_27b3b8,,,,,
2026-09-12T22:51:04-05:00,PUR_IED_Evangelista_Conta_f6cd4f,PUR_IED_Evangelista_Conta_f6cd4f,,,,,
2026-09-12T22:51:04-05:00,PUR_IED_Evangelista_Cri_5e16a,PUR_IED_Evangelista_Cri_5e16a,,,,,
2026-09-12T22:51:04-05:00,PUR_IED_Evangelista_Exter_754066,PUR_IED_Evangelista_Exter_754066,,,,,
2026-09-12T22:51:04-05:00,PUR_IED_FMiranda_S209_5cc2a3,PUR_IED_FMiranda_S209_5cc2a3,,,,,
2026-09-12T22:51:04-05:00,PUR_IED_FMiranda_S303_19e344,PUR_IED_FMiranda_S303_19e344,,,,,
2026-09-12T22:51:04-05:00,PUR_IED_FMiranda_ext_f53e7c,PUR_IED_FMiranda_ext_f53e7c,,,,,
2026-09-12T22:51:04-05:00,PUR_IED_FabioLozano_Bibli_1cee05,PUR_IED_FabioLozano_Bibli_1cee05,,,,,
2026-09-12T22:51:04-05:00,PUR_IED_FabioLozano_Ext_6ea285,PUR_IED_FabioLozano_Ext_6ea285,,,,,
2026-09-12T22:51:04-05:00,PUR_IED_FabioLozano_SLudi_f09e1e,PUR_IED_FabioLozano_SLudi_f09e1e,,,,,
2026-09-12T22:51:04-05:00,PUR_IED_FaustinoS_Aula07_27a731,PUR_IED_FaustinoS_Aula07_27a731,,,,,
2026-09-12T22:51:04-05:00,PUR_IED_FaustinoS_Ext_7b936f,PUR_IED_FaustinoS_Ext_7b936f,,,,,
2026-09-12T22:51:04-05:00,PUR_IED_FaustinoS_Fisica_da2c60,PUR_IED_FaustinoS_Fisica_da2c60,,,,,
2026-09-12T22:51:04-05:00,PUR_IED_FeGarciaLo_Ext_dc68ee,PUR_IED_FeGarciaLo_Ext_dc68ee,,,,,
2026-09-12T22:51:04-05:00,PUR_IED_FeGarciaLo_SDanza_f70a59,PUR_IED_FeGarciaLo_SDanza_f70a59,,,,,
2026-09-12T22:51:04-05:00,PUR_IED_FeGarciaLo_SMusic_125cdd,PUR_IED_FeGarciaLo_SMusic_125cdd,,,,,
2026-09-12T22:51:04-05:00,PUR_IED_FederalAlema_Exte_50c345,PUR_IED_FederalAlema_Exte_50c345,,,,,
2026-09-12T22:51:04-05:00,PUR_IED_FederalAlema_S31_f18371,PUR_IED_FederalAlema_S31_f18371,,,,,
2026-09-12T22:51:04-05:00,PUR_IED_FederalAlema_S901_a62cd,PUR_IED_FederalAlema_S901_a62cd,,,,,
2026-09-12T22:51:04-05:00,PUR_IED_FilarmonicaS_A5_f35eb1,PUR_IED_FilarmonicaS_A5_f35eb1,,,,,
2026-09-12T22:51:04-05:00,PUR_IED_FilarmonicaS_Ext_8a3bde,PUR_IED_FilarmonicaS_Ext_8a3bde,,,,,
2026-09-12T22:51:04-05:00,PUR_IED_FilarmonicaS_Spol_406114,PUR_IED_FilarmonicaS_Spol_406114,,,,,
2026-09-12T22:51:04-05:00,PUR_IED_FlorentinoG_A13_d1fa59,PUR_IED_FlorentinoG_A13_d1fa59,,,,,
2026-09-12T22:51:04-05:00,PUR_IED_FlorentinoG_Ext_1ce6ce,PUR_IED_FlorentinoG_Ext_1ce6ce,,,,,
2026-09-12T22:51:04-05:00,PUR_IED_FlorentinoG_Idiom_a66aac,PUR_IED_FlorentinoG_Idiom_a66aac,,,,,
2026-09-12T22:51:04-05:00,PUR_IED_FranciscoMati_Ext_e3869d,PUR_IED_FranciscoMati_Ext_e3869d,,,,,
2026-09-12T22:51:04-05:00,PUR_IED_FranciscoMati_S13_f31c67,PUR_IED_FranciscoMati_S13_f31c67,,,,,
2026-09-12T22:51:04-05:00,PUR_IED_FranciscoMati_S14_97dead,PUR_IED_FranciscoMati_S14_97dead,,,,,
2026-09-12T22:51:04-05:00,PUR_IED_FranciscoPS_Ext_7bfa9a,PUR_IED_FranciscoPS_Ext_7bfa9a,3,19,62,4.5899,-74.110397
2026-09-12T22:51:04-05:00,PUR_IED_FranciscoPS_Infor_fb8f4c,PUR_IED_FranciscoPS_Infor_fb8f4c,,,,,
2026-09-12T22:51:04-05:00,PUR_IED_FranciscoPS_Quimi_94d39c,PUR_IED_FranciscoPS_Quimi_94d39c,,,,,
2026-09-12T22:51:04-05:00,PUR_IED_FranciscoP_LabQ_d7e148,PUR_IED_FranciscoP_LabQ_d7e148,,,,,
2026-09-12T22:51:04-05:00,PUR_IED_FranciscoP_S28_cf9b30,PUR_IED_FranciscoP_S28_cf9b30,,,,,
2026-09-12T22:51:04-05:00,PUR_IED_FranciscoP_ext_e2313,PUR_IED_FranciscoP_ext_e2313,,,,,
2026-09-12T22:51:04-05:00,PUR_IED_FriederichN_Ext_8ac92a,PUR_IED_FriederichN_Ext_8ac92a,,,,,
2026-09-12T22:51:04-05:00,PUR_IED_FriederichN_S301_dd7e5a,PUR_IED_FriederichN_S301_dd7e5a,,,,,
2026-09-12T22:51:04-05:00,PUR_IED_FriederichN_S308_761f4f,PUR_IED_FriederichN_S308_761f4f,,,,,
2026-09-12T22:51:04-05:00,PUR_IED_GSantander_Aula10_533dd7,PUR_IED_GSantander_Aula10_533dd7,,,,,
2026-09-12T22:51:04-05:00,PUR_IED_GSantander_Aula12_fd4e4f,PUR_IED_GSantander_Aula12_fd4e4f,,,,,
2026-09-12T22:51:04-05:00,PUR_IED_GSantander_Aula310_533dd7,PUR_IED_GSantander_Aula310_533dd7,,,,,
2026-09-12T22:51:04-05:00,PUR_IED_GSantander_Aula312_fd4e4f,PUR_IED_GSantander_Aula312_fd4e4f,,,,,
2026-09-12T22:51:04-05:00,PUR_IED_GSantander_Ext_5f66b0,PUR_IED_GSantander_Ext_5f66b0,,,,,
2026-09-12T22:51:04-05:00,PUR_IED_GYomasa_Ext_f6bea5,PUR_IED_GYomasa_Ext_f6bea5,,,,,
2026-09-12T22:51:04-05:00,PUR_IED_GYomasa_LBiol_2c41aa,PUR_IED_GYomasa_LBiol_2c41aa,,,,,
2026-09-12T22:51:04-05:00,PUR_IED_GYomasa_LQuim_33c80,PUR_IED_GYomasa_LQuim_33c80,,,,,
2026-09-12T22:51:04-05:00,PUR_IED_GabBetMejia_Cienc_5a99c,PUR_IED_GabBetMejia_Cienc_5a99c,,,,,
2026-09-12T22:51:04-05:00,PUR_IED_GabBetMejia_Ext_9153d0,PUR_IED_GabBetMejia_Ext_9153d0,,,,,
2026-09-12T22:51:04-05:00,PUR_IED_GabBetMejia_Lab_f55347,PUR_IED_GabBetMejia_Lab_f55347,,,,,
2026-09-12T22:51:04-05:00,PUR_IED_GabBetanMejia_Ext_9153d0,PUR_IED_GabBetanMejia_Ext_9153d0,,,,,
2026-09-12T22:51:04-05:00,PUR_IED_Gaitana_Aula13_7aac11,PUR_IED_Gaitana_Aula13_7aac11,,,,,
2026-09-12T22:51:04-05:00,PUR_IED_Gaitana_Ext_5fcf4,PUR_IED_Gaitana_Ext_5fcf4,,,,,
2026-09-12T22:51:04-05:00,PUR_IED_Gaitana_LabFisica_644448,PUR_IED_Gaitana_LabFisica_644448,,,,,
2026-09-12T22:51:04-05:00,PUR_IED_GenSantander_Dise_8ac858,PUR_IED_GenSantander_Dise_8ac858,,,,,
2026-09-12T22:51:04-05:00,PUR_IED_GenSantander_Ext_8d5dfe,PUR_IED_GenSantander_Ext_8d5dfe,,,,,
2026-09-12T22:51:04-05:00,PUR_IED_GenSantander_Info_6c25b,PUR_IED_GenSantander_Info_6c25b,,,,,
2026-09-12T22:51:04-05:00,PUR_IED_GustavoMo_Exterio_75e63d,PUR_IED_GustavoMo_Exterio_75e63d,,,,,
2026-09-12T22:51:04-05:00,PUR_IED_GustavoMo_LabFisi_224d37,PUR_IED_GustavoMo_LabFisi_224d37,,,,,
2026-09-12T22:51:04-05:00,PUR_IED_GustavoMo_S208_3e6918,PUR_IED_GustavoMo_S208_3e6918,,,,,
2026-09-12T22:51:04-05:00,PUR_IED_GustavoR_A02_8cd4a8,PUR_IED_GustavoR_A02_8cd4a8,,,,,
2026-09-12T22:51:04-05:00,PUR_IED_GustavoR_B11_5b0ed,PUR_IED_GustavoR_B11_5b0ed,,,,,
2026-09-12T22:51:04-05:00,PUR_IED_GustavoR_Ext_7a0c90,PUR_IED_GustavoR_Ext_7a0c90,,,,,
2026-09-12T22:51:04-05:00,PUR_IED_HernandoDuran_Ext_8cd82b,PUR_IED_HernandoDuran_Ext_8cd82b,,,,,
2026-09-12T22:51:04-05:00,PUR_IED_HernandoDuran_S24_2772c6,PUR_IED_HernandoDuran_S24_2772c6,,,,,
2026-09-12T22:51:04-05:00,PUR_IED_HernandoDuran_S30_f2de41,PUR_IED_HernandoDuran_S30_f2de41,,,,,
2026-09-12T22:51:04-05:00,PUR_IED_HolguInUr_S1101_8cd732,PUR_IED_HolguInUr_S1101_8cd732,,,,,
2026-09-12T22:51:04-05:00,PUR_IED_HolguinUr_Exter_ddae6d,PUR_IED_HolguinUr_Exter_ddae6d,,,,,
2026-09-12T22:51:04-05:00,PUR_IED_HolguinUr_LabQuim_92b952,PUR_IED_HolguinUr_LabQuim_92b952,,,,,
2026-09-12T22:51:04-05:00,PUR_IED_Isabel-II_Ext_5245cc,PUR_IED_Isabel-II_Ext_5245cc,5,19,58,4.6336,-74.153
2026-09-12T22:51:04-05:00,PUR_IED_Isabel-II_S_idiom_1c29aa,PUR_IED_Isabel-II_S_idiom_1c29aa,,,,,
2026-09-12T22:51:04-05:00,PUR_IED_Isabel-II_S_infor_fd741,PUR_IED_Isabel-II_S_infor_fd741,,,,,
2026-09-12T22:51:04-05:00,PUR_IED_IsidroSur_Exterio_5b90ea,PUR_IED_IsidroSur_Exterio_5b90ea,,,,,
2026-09-12T22:51:04-05:00,PUR_IED_IsidroSur_LabTec_56697a,PUR_IED_IsidroSur_LabTec_56697a,,,,,
2026-09-12T22:51:04-05:00,PUR_IED_IsidroSur_Robotic_b7c38f,PUR_IED_IsidroSur_Robotic_b7c38f,,,,,
2026-09-12T22:51:04-05:00,PUR_IED_IsmaelPerd_Ext_7b6672,PUR_IED_IsmaelPerd_Ext_7b6672,,,,,
2026-09-12T22:51:04-05:00,PUR_IED_IsmaelPerd_Inform_306540,PUR_IED_IsmaelPerd_Inform_306540,,,,,
2026-09-12T22:51:04-05:00,PUR_IED_IsmaelPerd_S30_2e2c83,PUR_IED_IsmaelPerd_S30_2e2c83,,,,,
2026-09-12T22:51:04-05:00,PUR_IED_JLozano_Exter_432910,PUR_IED_JLozano_Exter_432910,,,,,
2026-09-12T22:51:04-05:00,PUR_IED_JLozano_salaMulti_df5125,PUR_IED_JLozano_salaMulti_df5125,,,,,
2026-09-12T22:51:04-05:00,PUR_IED_JMCordoba_206_86f80b,PUR_IED_JMCordoba_206_86f80b,,,,,
2026-09-12T22:51:04-05:00,PUR_IED_JMCordoba_Ext_27ad97,PUR_IED_JMCordoba_Ext_27ad97,,,,,
2026-09-12T22:51:04-05:00,PUR_IED_JMCordoba_S310_d59ab4,PUR_IED_JMCordoba_S310_d59ab4,,,,,
2026-09-12T22:51:04-05:00,PUR_IED_Japon_Ext_549100,PUR_IED_Japon_Ext_549100,,,,,
2026-09-12T22:51:04-05:00,PUR_IED_Japon_Laboratorio_bec51d,PUR_IED_Japon_Laboratorio_bec51d,,,,,
2026-09-12T22:51:04-05:00,PUR_IED_Japon_informatica_d99327,PUR_IED_Japon_informatica_d99327,,,,,
2026-09-12T22:51:04-05:00,PUR_IED_Jazmin_Ext_d27bda,PUR_IED_Jazmin_Ext_d27bda,,,,,
2026-09-12T22:51:04-05:00,PUR_IED_Jazmin_Fisica_8d14d7,PUR_IED_Jazmin_Fisica_8d14d7,,,,,
2026-09-12T22:51:04-05:00,PUR_IED_Jazmin_Quimica_801cb5,PUR_IED_Jazmin_Quimica_801cb5,,,,,
2026-09-12T22:51:04-05:00,PUR_IED_JorgeGaitan_Exter_f098d1,PUR_IED_JorgeGaitan_Exter_f098d1,,,,,
2026-09-12T22:51:04-05:00,PUR_IED_JorgeGaitan_STec1_dc9d1d,PUR_IED_JorgeGaitan_STec1_dc9d1d,,,,,
2026-09-12T22:51:04-05:00,PUR_IED_JorgeGaitan_STec2_281e69,PUR_IED_JorgeGaitan_STec2_281e69,,,,,
2026-09-12T22:51:04-05:00,PUR_IED_JorgeSoto_Exterio_d9d0a2,PUR_IED_JorgeSoto_Exterio_d9d0a2,,,,,
2026-09-12T22:51:04-05:00,PUR_IED_JorgeSoto_LabFisi_209c54,PUR_IED_JorgeSoto_LabFisi_209c54,,,,,
2026-09-12T22:51:04-05:00,PUR_IED_JorgeSoto_S103_27b51a,PUR_IED_JorgeSoto_S103_27b51a,,,,,
2026-09-12T22:51:04-05:00,PUR_IED_JoseAcevedo_A02_e965eb,PUR_IED_JoseAcevedo_A02_e965eb,,,,,
2026-09-12T22:51:04-05:00,PUR_IED_JoseAcevedo_A07_dd5b4,PUR_IED_JoseAcevedo_A07_dd5b4,,,,,
2026-09-12T22:51:04-05:00,PUR_IED_JoseAcevedo_Ext_b47484,PUR_IED_JoseAcevedo_Ext_b47484,,,,,
2026-09-12T22:51:04-05:00,PUR_IED_JoseMarti_Exte_5b9bf,PUR_IED_JoseMarti_Exte_5b9bf,,,,,
2026-09-12T22:51:04-05:00,PUR_IED_JoseMarti_LabQuim_1c6c2d,PUR_IED_JoseMarti_LabQuim_1c6c2d,,,,,
2026-09-12T22:51:04-05:00,PUR_IED_JoseMarti_S_info_f5f177,PUR_IED_JoseMarti_S_info_f5f177,,,,,
2026-09-12T22:51:04-05:00,PUR_IED_Josejoaquin_Ext_dfc5dc,PUR_IED_Josejoaquin_Ext_dfc5dc,,,,,
2026-09-12T22:51:04-05:00,PUR_IED_Josejoaquin_S05_5b2a96,PUR_IED_Josejoaquin_S05_5b2a96,,,,,
2026-09-12T22:51:04-05:00,PUR_IED_Josejoaquin_S06_1ce7d2,PUR_IED_Josejoaquin_S06_1ce7d2,,,,,
2026-09-12T22:51:04-05:00,PUR_IED_JulioFlorez_Danza_9b82dd,PUR_IED_JulioFlorez_Danza_9b82dd,,,,,
2026-09-12T22:51:04-05:00,PUR_IED_JulioFlorez_Exter_f9f314,PUR_IED_JulioFlorez_Exter_f9f314,,,,,
2026-09-12T22:51:04-05:00,PUR_IED_JulioFlorez_info2_6b6e08,PUR_IED_JulioFlorez_info2_6b6e08,,,,,
2026-09-12T22:51:04-05:00,PUR_IED_LaBelleza_Aula13_1d00d8,PUR_IED_LaBelleza_Aula13_1d00d8,,,,,
2026-09-12T22:51:04-05:00,PUR_IED_LaBelleza_Ext_7bc08c,PUR_IED_LaBelleza_Ext_7bc08c,,,,,
2026-09-12T22:51:04-05:00,PUR_IED_LaChucua_Ext_8cd6d2,PUR_IED_LaChucua_Ext_8cd6d2,,,,,
2026-09-12T22:51:04-05:00,PUR_IED_LaChucua_S15_f578ce,PUR_IED_LaChucua_S15_f578ce,,,,,
2026-09-12T22:51:04-05:00,PUR_IED_LaChucua_S16_eebcf9,PUR_IED_LaChucua_S16_eebcf9,,,,,
2026-09-12T22:51:04-05:00,PUR_IED_LaFelicidad_Ext_fb5109,PUR_IED_LaFelicidad_Ext_fb5109,,,,,
2026-09-12T22:51:04-05:00,PUR_IED_LaMerced_206_66ebd,PUR_IED_LaMerced_206_66ebd,,,,,
2026-09-12T22:51:04-05:00,PUR_IED_LaMerced_207_6ebd6,PUR_IED_LaMerced_207_6ebd6,,,,,
2026-09-12T22:51:04-05:00,PUR_IED_LaMerced_ext_304311,PUR_IED_LaMerced_ext_304311,,,,,
2026-09-12T22:51:04-05:00,PUR_IED_Laureano_CiencNat_281e5e,PUR_IED_Laureano_CiencNat_281e5e,,,,,
2026-09-12T22:51:04-05:00,PUR_IED_Laureano_Comedor_f65c0a,PUR_IED_Laureano_Comedor_f65c0a,,,,,
2026-09-12T22:51:04-05:00,PUR_IED_Laureano_Exterior_7ab011,PUR_IED_Laureano_Exterior_7ab011,,,,,
2026-09-12T22:51:04-05:00,PUR_IED_LeonGreiff_Exte_dfe560,PUR_IED_LeonGreiff_Exte_dfe560,,,,,
2026-09-12T22:51:04-05:00,PUR_IED_LeonGreiff_S210_f264ed,PUR_IED_LeonGreiff_S210_f264ed,,,,,
2026-09-12T22:51:04-05:00,PUR_IED_LeonGreiff_SQuimi_e8296f,PUR_IED_LeonGreiff_SQuimi_e8296f,,,,,
2026-09-12T22:51:04-05:00,PUR_IED_LlanoOrientalS208_7b9fcd,PUR_IED_LlanoOrientalS208_7b9fcd,,,,,
2026-09-12T22:51:04-05:00,PUR_IED_LlanoOriental_Ext_fb3766,PUR_IED_LlanoOriental_Ext_fb3766,,,,,
2026-09-12T22:51:04-05:00,PUR_IED_LlanoOriental_S208_7b9fcd,PUR_IED_LlanoOriental_S208_7b9fcd,,,,,
2026-09-12T22:51:04-05:00,PUR_IED_LlanoOriental_S9_27b378,PUR_IED_LlanoOriental_S9_27b378,,,,,
2026-09-12T22:51:04-05:00,PUR_IED_LosTejares_1101_477602,PUR_IED_LosTejares_1101_477602,,,,,
2026-09-12T22:51:04-05:00,PUR_IED_LosTejares_11_d2c595,PUR_IED_LosTejares_11_d2c595,,,,,
2026-09-12T22:51:04-05:00,PUR_IED_LosTejares_12_477602,PUR_IED_LosTejares_12_477602,,,,,
2026-09-12T22:51:04-05:00,PUR_IED_LosTejares_Ext_8e2115,PUR_IED_LosTejares_Ext_8e2115,,,,,
2026-09-12T22:51:04-05:00,PUR_IED_MagdalenaO_B202_5ddda3,PUR_IED_MagdalenaO_B202_5ddda3,,,,,
2026-09-12T22:51:04-05:00,PUR_IED_MagdalenaO_B205_fb76e8,PUR_IED_MagdalenaO_B205_fb76e8,,,,,
2026-09-12T22:51:04-05:00,PUR_IED_MagdalenaO_ext_dc69cd,PUR_IED_MagdalenaO_ext_dc69cd,,,,,
2026-09-12T22:51:04-05:00,PUR_IED_ManueCepeda_artes_eee956,PUR_IED_ManueCepeda_artes_eee956,,,,,
2026-09-12T22:51:04-05:00,PUR_IED_ManuelCepeda_Ext_58313,PUR_IED_ManuelCepeda_Ext_58313,,,,,
2026-09-12T22:51:04-05:00,PUR_IED_ManuelCepeda_tec_1c5731,PUR_IED_ManuelCepeda_tec_1c5731,,,,,
2026-09-12T22:51:04-05:00,PUR_IED_ManuelS_Exterior_5b269,PUR_IED_ManuelS_Exterior_5b269,,,,,
2026-09-12T22:51:04-05:00,PUR_IED_ManuelS_Inform_f369ce,PUR_IED_ManuelS_Inform_f369ce,,,,,
2026-09-12T22:51:04-05:00,PUR_IED_ManuelS_SArtes_7d15f1,PUR_IED_ManuelS_SArtes_7d15f1,,,,,
2026-09-12T22:51:04-05:00,PUR_IED_ManuelZapata_303_3ca6,PUR_IED_ManuelZapata_303_3ca6,,,,,
2026-09-12T22:51:04-05:00,PUR_IED_ManuelZapata_311_bfbabc,PUR_IED_ManuelZapata_311_bfbabc,,,,,
2026-09-12T22:51:04-05:00,PUR_IED_ManuelZapata_Ext_50824a,PUR_IED_ManuelZapata_Ext_50824a,,,,,
2026-09-12T22:51:04-05:00,PUR_IED_ManuelitaS_Exteri_656a92,PUR_IED_ManuelitaS_Exteri_656a92,,,,,
2026-09-12T22:51:04-05:00,PUR_IED_ManuelitaS_JuzgDe_f58ec3,PUR_IED_ManuelitaS_JuzgDe_f58ec3,,,,,
2026-09-12T22:51:04-05:00,PUR_IED_ManuelitaS_Recrea_d793db,PUR_IED_ManuelitaS_Recrea_d793db,,,,,
2026-09-12T22:51:04-05:00,PUR_IED_MarFidSuarez_Ext_c27b19,PUR_IED_MarFidSuarez_Ext_c27b19,,,,,
2026-09-12T22:51:04-05:00,PUR_IED_MarFidSuarez_Info_e384d7,PUR_IED_MarFidSuarez_Info_e384d7,,,,,
2026-09-12T22:51:04-05:00,PUR_IED_MarFidSuarez_S306_1d0032,PUR_IED_MarFidSuarez_S306_1d0032,,,,,
2026-09-12T22:51:04-05:00,PUR_IED_Menorah_301_2a25a3,PUR_IED_Menorah_301_2a25a3,,,,,
2026-09-12T22:51:04-05:00,PUR_IED_Menorah_306_37ed3,PUR_IED_Menorah_306_37ed3,,,,,
2026-09-12T22:51:04-05:00,PUR_IED_Menorah_Ext_3e155b,PUR_IED_Menorah_Ext_3e155b,,,,,
2026-09-12T22:51:04-05:00,PUR_IED_MinutoB.Aires_A11_1b1604,PUR_IED_MinutoB.Aires_A11_1b1604,,,,,
2026-09-12T22:51:04-05:00,PUR_IED_MinutoB.Aires_A12_fb5860,PUR_IED_MinutoB.Aires_A12_fb5860,,,,,
2026-09-12T22:51:04-05:00,PUR_IED_MinutoB.Aires_Ext_81293f,PUR_IED_MinutoB.Aires_Ext_81293f,,,,,
2026-09-12T22:51:04-05:00,PUR_IED_MinutoBAires_A11_1b1604,PUR_IED_MinutoBAires_A11_1b1604,,,,,
2026-09-12T22:51:04-05:00,PUR_IED_MinutoBAires_A12_fb5860,PUR_IED_MinutoBAires_A12_fb5860,,,,,
2026-09-12T22:51:04-05:00,PUR_IED_MinutoBAires_Ext_81293f,PUR_IED_MinutoBAires_Ext_81293f,,,,,
2026-09-12T22:51:04-05:00,PUR_IED_Montreal_Aula10_1e4959,PUR_IED_Montreal_Aula10_1e4959,,,,,
2026-09-12T22:51:04-05:00,PUR_IED_Montreal_Aula6_300367,PUR_IED_Montreal_Aula6_300367,,,,,
2026-09-12T22:51:04-05:00,PUR_IED_Montreal_Exterior_91a179,PUR_IED_Montreal_Exterior_91a179,,,,,
2026-09-12T22:51:04-05:00,PUR_IED_Mqgdalena_B202_5ddda3,PUR_IED_Mqgdalena_B202_5ddda3,,,,,
2026-09-12T22:51:04-05:00,PUR_IED_NACUND_Soc_dc8728,PUR_IED_NACUND_Soc_dc8728,,,,,
2026-09-12T22:51:04-05:00,PUR_IED_NACUND_ext_27ad97,PUR_IED_NACUND_ext_27ad97,,,,,
2026-09-12T22:51:04-05:00,PUR_IED_NEsperanza_Ext_d24b61,PUR_IED_NEsperanza_Ext_d24b61,,,,,
2026-09-12T22:51:04-05:00,PUR_IED_NEsperanza_SElect_7d1807,PUR_IED_NEsperanza_SElect_7d1807,,,,,
2026-09-12T22:51:04-05:00,PUR_IED_NEsperanza_SLabor_8b2d0a,PUR_IED_NEsperanza_SLabor_8b2d0a,,,,,
2026-09-12T22:51:04-05:00,PUR_IED_NacionesU_Ext_f661a9,PUR_IED_NacionesU_Ext_f661a9,,,,,
2026-09-12T22:51:04-05:00,PUR_IED_NacionesU_Quimica_66f0a,PUR_IED_NacionesU_Quimica_66f0a,,,,,
2026-09-12T22:51:04-05:00,PUR_IED_NacionesU_S306_1b4b3d,PUR_IED_NacionesU_S306_1b4b3d,,,,,
2026-09-12T22:51:04-05:00,PUR_IED_NestorFA_Ext_e4201c,PUR_IED_NestorFA_Ext_e4201c,,,,,
2026-09-12T22:51:04-05:00,PUR_IED_NestorFA_Laborato_f22fe0,PUR_IED_NestorFA_Laborato_f22fe0,,,,,
2026-09-12T22:51:04-05:00,PUR_IED_NestorFA_S204_dee996,PUR_IED_NestorFA_S204_dee996,,,,,
2026-09-12T22:51:04-05:00,PUR_IED_NidyaQT_Aula03_76999b,PUR_IED_NidyaQT_Aula03_76999b,,,,,
2026-09-12T22:51:04-05:00,PUR_IED_NidyaQT_Aula10_56325,PUR_IED_NidyaQT_Aula10_56325,,,,,
2026-09-12T22:51:04-05:00,PUR_IED_NidyaQT_Ext_46e32d,PUR_IED_NidyaQT_Ext_46e32d,,,,,
2026-09-12T22:51:04-05:00,PUR_IED_NuevaCol_Exterior_d9b859,PUR_IED_NuevaCol_Exterior_d9b859,,,,,
2026-09-12T22:51:04-05:00,PUR_IED_NuevaCol_S1101_76c43b,PUR_IED_NuevaCol_S1101_76c43b,,,,,
2026-09-12T22:51:04-05:00,PUR_IED_NuevaCol_S1102_1ce0b5,PUR_IED_NuevaCol_S1102_1ce0b5,,,,,
2026-09-12T22:51:04-05:00,PUR_IED_OEA_A202_f7e3f2,PUR_IED_OEA_A202_f7e3f2,,,,,
2026-09-12T22:51:04-05:00,PUR_IED_OEA_A203_7d1b8d,PUR_IED_OEA_A203_7d1b8d,,,,,
2026-09-12T22:51:04-05:00,PUR_IED_OEA_Ext_27b593,PUR_IED_OEA_Ext_27b593,,,,,
2026-09-12T22:51:04-05:00,PUR_IED_Ochoa_Ext_1c29da,PUR_IED_Ochoa_Ext_1c29da,,,,,
2026-09-12T22:51:04-05:00,PUR_IED_Ochoa_S205_8b1121,PUR_IED_Ochoa_S205_8b1121,,,,,
2026-09-12T22:51:04-05:00,PUR_IED_Ochoa_Sistemas_f33af6,PUR_IED_Ochoa_Sistemas_f33af6,,,,,
2026-09-12T22:51:04-05:00,PUR_IED_PQuebec_Ext_1c67c7,PUR_IED_PQuebec_Ext_1c67c7,,,,,
2026-09-12T22:51:04-05:00,PUR_IED_PQuebec_S15_23e8e2,PUR_IED_PQuebec_S15_23e8e2,,,,,
2026-09-12T22:51:04-05:00,PUR_IED_PQuebec_S16_8ec76b,PUR_IED_PQuebec_S16_8ec76b,,,,,
2026-09-12T22:51:04-05:00,PUR_IED_PabloN_Ext_49dc96,PUR_IED_PabloN_Ext_49dc96,,,,,
2026-09-12T22:51:04-05:00,PUR_IED_PabloN_S1102_4e3df5,PUR_IED_PabloN_S1102_4e3df5,,,,,
2026-09-12T22:51:04-05:00,PUR_IED_PabloN_S1103_50c94b,PUR_IED_PabloN_S1103_50c94b,,,,,
2026-09-12T22:51:04-05:00,PUR_IED_Palestina_S1101_db9198,PUR_IED_Palestina_S1101_db9198,,,,,
2026-09-12T22:51:04-05:00,PUR_IED_Palestina_S1102_dc54fa,PUR_IED_Palestina_S1102_dc54fa,,,,,
2026-09-12T22:51:04-05:00,PUR_IED_Palestina_ext_4ccce6,PUR_IED_Palestina_ext_4ccce6,,,,,
2026-09-12T22:51:04-05:00,PUR_IED_Panama_Fisica_4d0794,PUR_IED_Panama_Fisica_4d0794,,,,,
2026-09-12T22:51:04-05:00,PUR_IED_Panama_SIngles_a4077e,PUR_IED_Panama_SIngles_a4077e,,,,,
2026-09-12T22:51:04-05:00,PUR_IED_Panama_ext_4c54b4,PUR_IED_Panama_ext_4c54b4,,,,,
2026-09-12T22:51:04-05:00,PUR_IED_ParaisoM_Exterior_8cd7f0,PUR_IED_ParaisoM_Exterior_8cd7f0,,,,,
2026-09-12T22:51:04-05:00,PUR_IED_ParaisoM_Laborato_27af35,PUR_IED_ParaisoM_Laborato_27af35,,,,,
2026-09-12T22:51:04-05:00,PUR_IED_ParaisoM_S304_d1edca,PUR_IED_ParaisoM_S304_d1edca,,,,,
2026-09-12T22:51:04-05:00,PUR_IED_PorfirioBarba_Ext_301466,PUR_IED_PorfirioBarba_Ext_301466,,,,,
2026-09-12T22:51:04-05:00,PUR_IED_PorfirioBarba_S11_df6cd2,PUR_IED_PorfirioBarba_S11_df6cd2,,,,,
2026-09-12T22:51:04-05:00,PUR_IED_PorfirioBarba_S29_27a7d6,PUR_IED_PorfirioBarba_S29_27a7d6,,,,,
2026-09-12T22:51:04-05:00,PUR_IED_PradoV_Exter_8b27ad,PUR_IED_PradoV_Exter_8b27ad,,,,,
2026-09-12T22:51:04-05:00,PUR_IED_PradoV_S301_de65b5,PUR_IED_PradoV_S301_de65b5,,,,,
2026-09-12T22:51:04-05:00,PUR_IED_PradoV_S302_7d2593,PUR_IED_PradoV_S302_7d2593,,,,,
2026-09-12T22:51:04-05:00,PUR_IED_QuirogaAlz_Ext_1ddc82,PUR_IED_QuirogaAlz_Ext_1ddc82,,,,,
2026-09-12T22:51:04-05:00,PUR_IED_QuirogaAlz_S302_9926a3,PUR_IED_QuirogaAlz_S302_9926a3,,,,,
2026-09-12T22:51:04-05:00,PUR_IED_QuirogaAlz_S305_cdf1f1,PUR_IED_QuirogaAlz_S305_cdf1f1,,,,,
2026-09-12T22:51:04-05:00,PUR_IED_RGuatemala_Biling_dc53b7,PUR_IED_RGuatemala_Biling_dc53b7,,,,,
2026-09-12T22:51:04-05:00,PUR_IED_RGuatemala_Ext_1b89a3,PUR_IED_RGuatemala_Ext_1b89a3,,,,,
2026-09-12T22:51:04-05:00,PUR_IED_RGuatemala_Tecnol_281a34,PUR_IED_RGuatemala_Tecnol_281a34,,,,,
2026-09-12T22:51:04-05:00,PUR_IED_RafaNu_Ext_f7c302,PUR_IED_RafaNu_Ext_f7c302,,,,,
2026-09-12T22:51:04-05:00,PUR_IED_RafaNu_S1101_25fde,PUR_IED_RafaNu_S1101_25fde,,,,,
2026-09-12T22:51:04-05:00,PUR_IED_RafaNu_S1102_281517,PUR_IED_RafaNu_S1102_281517,,,,,
2026-09-12T22:51:04-05:00,PUR_IED_RafaelB_S305_ee2783,PUR_IED_RafaelB_S305_ee2783,,,,,
2026-09-12T22:51:04-05:00,PUR_IED_RafaelB_S306_75fe33,PUR_IED_RafaelB_S306_75fe33,,,,,
2026-09-12T22:51:04-05:00,PUR_IED_RafaelB_ext_283336,PUR_IED_RafaelB_ext_283336,5,19,59,4.6722,-74.0737
2026-09-12T22:51:04-05:00,PUR_IED_RafaelUU_Exterior_281a51,PUR_IED_RafaelUU_Exterior_281a51,,,,,
2026-09-12T22:51:04-05:00,PUR_IED_RafaelUU_Human_806b2,PUR_IED_RafaelUU_Human_806b2,,,,,
2026-09-12T22:51:04-05:00,PUR_IED_RafaelUU_Mate2_5680d4,PUR_IED_RafaelUU_Mate2_5680d4,,,,,
2026-09-12T22:51:04-05:00,PUR_IED_RamonSub_Ext_f9eeb9,PUR_IED_RamonSub_Ext_f9eeb9,,,,,
2026-09-12T22:51:04-05:00,PUR_IED_RamonSub_Media_d1f62f,PUR_IED_RamonSub_Media_d1f62f,,,,,
2026-09-12T22:51:04-05:00,PUR_IED_RamonSub_planta_51b82,PUR_IED_RamonSub_planta_51b82,,,,,
2026-09-12T22:51:04-05:00,PUR_IED_RepBoliVene_Exter_27af7c,PUR_IED_RepBoliVene_Exter_27af7c,,,,,
2026-09-12T22:51:04-05:00,PUR_IED_RepBoliVene_SCPT_5ae2ee,PUR_IED_RepBoliVene_SCPT_5ae2ee,,,,,
2026-09-12T22:51:04-05:00,PUR_IED_RepBoliVene_Socia_4b11d5,PUR_IED_RepBoliVene_Socia_4b11d5,,,,,
2026-09-12T22:51:04-05:00,PUR_IED_RepChina_Ext_76d9ee,PUR_IED_RepChina_Ext_76d9ee,,,,,
2026-09-12T22:51:04-05:00,PUR_IED_RepChina_S404_7c804c,PUR_IED_RepChina_S404_7c804c,,,,,
2026-09-12T22:51:04-05:00,PUR_IED_RepChina_S405_df2c33,PUR_IED_RepChina_S405_df2c33,,,,,
2026-09-12T22:51:04-05:00,PUR_IED_RepublicaC_Exteri_7d1ec9,PUR_IED_RepublicaC_Exteri_7d1ec9,,,,,
2026-09-12T22:51:04-05:00,PUR_IED_RepublicaC_S1101_f544b3,PUR_IED_RepublicaC_S1101_f544b3,,,,,
2026-09-12T22:51:04-05:00,PUR_IED_RepublicaC_S1102_7aafc7,PUR_IED_RepublicaC_S1102_7aafc7,,,,,
2026-09-12T22:51:04-05:00,PUR_IED_Ricaurte_Externo_a0ea1,PUR_IED_Ricaurte_Externo_a0ea1,,,,,
2026-09-12T22:51:04-05:00,PUR_IED_Ricaurte_S210_f546fd,PUR_IED_Ricaurte_S210_f546fd,,,,,
2026-09-12T22:51:04-05:00,PUR_IED_Ricaurte_S309_d4452,PUR_IED_Ricaurte_S309_d4452,,,,,
2026-09-12T22:51:04-05:00,PUR_IED_RogelioS_1102_531e69,PUR_IED_RogelioS_1102_531e69,,,,,
2026-09-12T22:51:04-05:00,PUR_IED_RogelioS_Ext_f25a18,PUR_IED_RogelioS_Ext_f25a18,,,,,
2026-09-12T22:51:04-05:00,PUR_IED_SBernardino_Ext_27aff8,PUR_IED_SBernardino_Ext_27aff8,,,,,
2026-09-12T22:51:04-05:00,PUR_IED_SBernardino_SArte_2ffd33,PUR_IED_SBernardino_SArte_2ffd33,,,,,
2026-09-12T22:51:04-05:00,PUR_IED_SBernardino_SIngl_7c7da5,PUR_IED_SBernardino_SIngl_7c7da5,,,,,
2026-09-12T22:51:04-05:00,PUR_IED_Sago_auditorio_dc9d1d,PUR_IED_Sago_auditorio_dc9d1d,,,,,
2026-09-12T22:51:04-05:00,PUR_IED_Saludcoop_Ext_95aac3,PUR_IED_Saludcoop_Ext_95aac3,,,,,
2026-09-12T22:51:04-05:00,PUR_IED_Saludcoop_InfI_90c854,PUR_IED_Saludcoop_InfI_90c854,,,,,
2026-09-12T22:51:04-05:00,PUR_IED_Saludcoop_SMedia_1b93be,PUR_IED_Saludcoop_SMedia_1b93be,,,,,
2026-09-12T22:51:04-05:00,PUR_IED_SanCarlos_1101_1a2360,PUR_IED_SanCarlos_1101_1a2360,,,,,
2026-09-12T22:51:04-05:00,PUR_IED_SanCarlos_1103_7bafb5,PUR_IED_SanCarlos_1103_7bafb5,,,,,
2026-09-12T22:51:04-05:00,PUR_IED_SanCarlos_Ext_b7cd1,PUR_IED_SanCarlos_Ext_b7cd1,,,,,
2026-09-12T22:51:04-05:00,PUR_IED_SanIgnacioBosa11a_50c26e,PUR_IED_SanIgnacioBosa11a_50c26e,,,,,
2026-09-12T22:51:04-05:00,PUR_IED_SanIgnacioBosa11b_371de8,PUR_IED_SanIgnacioBosa11b_371de8,,,,,
2026-09-12T22:51:04-05:00,PUR_IED_SanIgnacioBosaExt_ef0ffc,PUR_IED_SanIgnacioBosaExt_ef0ffc,,,,,
2026-09-12T22:51:04-05:00,PUR_IED_SanIgnacioBosa_11a_50c26e,PUR_IED_SanIgnacioBosa_11a_50c26e,,,,,
2026-09-12T22:51:04-05:00,PUR_IED_SanIgnacioBosa_Ext_ef0ffc,PUR_IED_SanIgnacioBosa_Ext_ef0ffc,,,,,
2026-09-12T22:51:04-05:00,PUR_IED_SanJoseN_intS1101_31c47f,PUR_IED_SanJoseN_intS1101_31c47f,,,,,
2026-09-12T22:51:04-05:00,PUR_IED_SanJoseUsm_Exter_f5d7e8,PUR_IED_SanJoseUsm_Exter_f5d7e8,,,,,
2026-09-12T22:51:04-05:00,PUR_IED_SanJoseUsm_Int11A_cfdef6,PUR_IED_SanJoseUsm_Int11A_cfdef6,,,,,
2026-09-12T22:51:04-05:00,PUR_IED_SilveriaR_IntB5_905349,PUR_IED_SilveriaR_IntB5_905349,,,,,
2026-09-12T22:51:04-05:00,PUR_IED_SilveriaR_IntSD14_981f93,PUR_IED_SilveriaR_IntSD14_981f93,,,,,
2026-09-12T22:51:04-05:00,PUR_IED_SilveriaR_ext_2b651d,PUR_IED_SilveriaR_ext_2b651d,,,,,
2026-09-12T22:51:04-05:00,PUR_IED_SimonB_Exterior_913975,PUR_IED_SimonB_Exterior_913975,,,,,
2026-09-12T22:51:04-05:00,PUR_IED_SimonB_LabQuimi_c56908,PUR_IED_SimonB_LabQuimi_c56908,,,,,
2026-09-12T22:51:04-05:00,PUR_IED_SimonB_informatic_a28c1,PUR_IED_SimonB_informatic_a28c1,,,,,
2026-09-12T22:51:04-05:00,PUR_IED_Sorrento_1102_315f50,PUR_IED_Sorrento_1102_315f50,,,,,
2026-09-12T22:51:04-05:00,PUR_IED_Sorrento_Minte_214eab,PUR_IED_Sorrento_Minte_214eab,,,,,
2026-09-12T22:51:04-05:00,PUR_IED_Sorrento_ext_7c3a0a,PUR_IED_Sorrento_ext_7c3a0a,,,,,
2026-09-12T22:51:04-05:00,PUR_IED_Tabora_Ext_f048ae,PUR_IED_Tabora_Ext_f048ae,,,,,
2026-09-12T22:51:04-05:00,PUR_IED_Tabora_S1102_b07752,PUR_IED_Tabora_S1102_b07752,,,,,
2026-09-12T22:51:04-05:00,PUR_IED_Tabora_S1103_d988f5,PUR_IED_Tabora_S1103_d988f5,,,,,
2026-09-12T22:51:04-05:00,PUR_IED_Tenerife_Ext_1ab188,PUR_IED_Tenerife_Ext_1ab188,,,,,
2026-09-12T22:51:04-05:00,PUR_IED_Tenerife_SDanzas_7bc02e,PUR_IED_Tenerife_SDanzas_7bc02e,,,,,
2026-09-12T22:51:04-05:00,PUR_IED_Tenerife_SIngles_7cc277,PUR_IED_Tenerife_SIngles_7cc277,,,,,
2026-09-12T22:51:04-05:00,PUR_IED_Tibabuyes_Exter_f2683d,PUR_IED_Tibabuyes_Exter_f2683d,,,,,
2026-09-12T22:51:04-05:00,PUR_IED_Tibabuyes_S10_dc87a8,PUR_IED_Tibabuyes_S10_dc87a8,,,,,
2026-09-12T22:51:04-05:00,PUR_IED_Tibabuyes_S15_dc0526,PUR_IED_Tibabuyes_S15_dc0526,,,,,
2026-09-12T22:51:04-05:00,PUR_IED_UnionE_S301_a1043,PUR_IED_UnionE_S301_a1043,,,,,
2026-09-12T22:51:04-05:00,PUR_IED_UnionE_S307_ff6c2f,PUR_IED_UnionE_S307_ff6c2f,,,,,
2026-09-12T22:51:04-05:00,PUR_IED_UnionE__Ext_5e2468,PUR_IED_UnionE__Ext_5e2468,,,,,
2026-09-12T22:51:04-05:00,PUR_IED_VillaRica_Ext_75be7c,PUR_IED_VillaRica_Ext_75be7c,,,,,
2026-09-12T22:51:04-05:00,PUR_IED_VillaRica_S4_cc5dcd,PUR_IED_VillaRica_S4_cc5dcd,,,,,
2026-09-12T22:51:04-05:00,PUR_IED_VillaRica_Sesp_99f5c,PUR_IED_VillaRica_Sesp_99f5c,,,,,
2026-09-12T22:56:04-05:00,PUR_IED_20deJulio_1101_91b1b9,PUR_IED_20deJulio_1101_91b1b9,,,,,
2026-09-12T22:56:04-05:00,PUR_IED_20deJulio_1102_1cfcf9,PUR_IED_20deJulio_1102_1cfcf9,,,,,
2026-09-12T22:56:04-05:00,PUR_IED_20deJulio_Ext_ab60bd,PUR_IED_20deJulio_Ext_ab60bd,,,,,
2026-09-12T22:56:04-05:00,PUR_IED_AgustinFer_Ext_7b9b77,PUR_IED_AgustinFer_Ext_7b9b77,,,,,
2026-09-12T22:56:04-05:00,PUR_IED_AgustinFer_Info2_27b3a7,PUR_IED_AgustinFer_Info2_27b3a7,,,,,
2026-09-12T22:56:04-05:00,PUR_IED_AgustinFer_Sena_54b4eb,PUR_IED_AgustinFer_Sena_54b4eb,,,,,
2026-09-12T22:56:04-05:00,PUR_IED_AlexanderF_1102_caf07b,PUR_IED_AlexanderF_1102_caf07b,,,,,
2026-09-12T22:56:04-05:00,PUR_IED_AlexanderF_1103_c79e71,PUR_IED_AlexanderF_1103_c79e71,,,,,
2026-09-12T22:56:04-05:00,PUR_IED_AlexanderF_Ext_c5b18b,PUR_IED_AlexanderF_Ext_c5b18b,,,,,
2026-09-12T22:56:04-05:00,PUR_IED_AlfonsoLopez_Ext_281d77,PUR_IED_AlfonsoLopez_Ext_281d77,,,,,
2026-09-12T22:56:04-05:00,PUR_IED_AlfonsoLopez_LabF_888ce0,PUR_IED_AlfonsoLopez_LabF_888ce0,,,,,
2026-09-12T22:56:04-05:00,PUR_IED_AlfonsoLopez_SMed_df6a7f,PUR_IED_AlfonsoLopez_SMed_df6a7f,,,,,
2026-09-12T22:56:04-05:00,PUR_IED_AltamiraSO_A2_209f92,PUR_IED_AltamiraSO_A2_209f92,,,,,
2026-09-12T22:56:04-05:00,PUR_IED_AltamiraSO_Ext_186d66,PUR_IED_AltamiraSO_Ext_186d66,,,,,
2026-09-12T22:56:04-05:00,PUR_IED_AltamiraSO_Sistem_27afe1,PUR_IED_AltamiraSO_Sistem_27afe1,,,,,
2026-09-12T22:56:04-05:00,PUR_IED_AlvaroGom_LabQuim_813179,PUR_IED_AlvaroGom_LabQuim_813179,,,,,
2026-09-12T22:56:04-05:00,PUR_IED_AlvaroGomez_Ext_47c7ca,PUR_IED_AlvaroGomez_Ext_47c7ca,,,,,
2026-09-12T22:56:04-05:00,PUR_IED_AlvaroGomez_LabQuim_813179,PUR_IED_AlvaroGomez_LabQuim_813179,,,,,
2026-09-12T22:56:04-05:00,PUR_IED_AlvaroGomez_S23_7ba89f,PUR_IED_AlvaroGomez_S23_7ba89f,,,,,
2026-09-12T22:56:04-05:00,PUR_IED_Amistad_306_dc8728,PUR_IED_Amistad_306_dc8728,,,,,
2026-09-12T22:56:04-05:00,PUR_IED_Amistad_Ext_8cd55e,PUR_IED_Amistad_Ext_8cd55e,,,,,
2026-09-12T22:56:04-05:00,PUR_IED_Amistad_S202_a41169,PUR_IED_Amistad_S202_a41169,,,,,
2026-09-12T22:56:04-05:00,PUR_IED_AndresBello_Bio_fd5f5e,PUR_IED_AndresBello_Bio_fd5f5e,,,,,
2026-09-12T22:56:04-05:00,PUR_IED_AndresBello_ext_dcad65,PUR_IED_AndresBello_ext_dcad65,,,,,
2026-09-12T22:56:04-05:00,PUR_IED_AndresBello_port_eed3ec,PUR_IED_AndresBello_port_eed3ec,,,,,
2026-09-12T22:56:04-05:00,PUR_IED_AngelaR_11b_d90a6b,PUR_IED_AngelaR_11b_d90a6b,,,,,
2026-09-12T22:56:04-05:00,PUR_IED_AngelaR_ext_7cad3e,PUR_IED_AngelaR_ext_7cad3e,3,18,63,4.5825,-74.164497
2026-09-12T22:56:04-05:00,PUR_IED_AntJoseSucre_10mo_df2575,PUR_IED_AntJoseSucre_10mo_df2575,,,,,
2026-09-12T22:56:04-05:00,PUR_IED_AntJoseSucre_Ext_215b36,PUR_IED_AntJoseSucre_Ext_215b36,,,,,
2026-09-12T22:56:04-05:00,PUR_IED_AntJoseSucre_Lab_3139de,PUR_IED_AntJoseSucre_Lab_3139de,,,,,
2026-09-12T22:56:04-05:00,PUR_IED_AntonioGarcia_301_d6b188,PUR_IED_AntonioGarcia_301_d6b188,,,,,
2026-09-12T22:56:04-05:00,PUR_IED_AntonioGarcia_302_88a82,PUR_IED_AntonioGarcia_302_88a82,,,,,
2026-09-12T22:56:04-05:00,PUR_IED_AntonioGarcia_Ext_20950c,PUR_IED_AntonioGarcia_Ext_20950c,,,,,
2026-09-12T22:56:04-05:00,PUR_IED_AntonioVan_Aula2_6dea02,PUR_IED_AntonioVan_Aula2_6dea02,,,,,
2026-09-12T22:56:04-05:00,PUR_IED_AntonioVan_Aula5_f1557e,PUR_IED_AntonioVan_Aula5_f1557e,,,,,
2026-09-12T22:56:04-05:00,PUR_IED_AntonioVan_Ext_406f2f,PUR_IED_AntonioVan_Ext_406f2f,,,,,
2026-09-12T22:56:04-05:00,PUR_IED_Atabanzha_Ext_cc5af9,PUR_IED_Atabanzha_Ext_cc5af9,,,,,
2026-09-12T22:56:04-05:00,PUR_IED_Atabanzha_SA101_56c37,PUR_IED_Atabanzha_SA101_56c37,,,,,
2026-09-12T22:56:04-05:00,PUR_IED_Atabanzha_SB302_27b374,PUR_IED_Atabanzha_SB302_27b374,,,,,
2026-09-12T22:56:04-05:00,PUR_IED_Atahualpa_Ext_fc1748,PUR_IED_Atahualpa_Ext_fc1748,,,,,
2026-09-12T22:56:04-05:00,PUR_IED_Atahualpa_Informa_dc9a95,PUR_IED_Atahualpa_Informa_dc9a95,,,,,
2026-09-12T22:56:04-05:00,PUR_IED_Atahualpa_S1101_f98056,PUR_IED_Atahualpa_S1101_f98056,,,,,
2026-09-12T22:56:04-05:00,PUR_IED_Bellavista_Ext_f5aa74,PUR_IED_Bellavista_Ext_f5aa74,,,,,
2026-09-12T22:56:04-05:00,PUR_IED_Bilbao_11A_916c41,PUR_IED_Bilbao_11A_916c41,,,,,
2026-09-12T22:56:04-05:00,PUR_IED_Bilbao_Ext_fb579a,PUR_IED_Bilbao_Ext_fb579a,,,,,
2026-09-12T22:56:04-05:00,PUR_IED_BrasiliaU_A125_304280,PUR_IED_BrasiliaU_A125_304280,,,,,
2026-09-12T22:56:04-05:00,PUR_IED_BrasiliaU_A203_7c8ca5,PUR_IED_BrasiliaU_A203_7c8ca5,,,,,
2026-09-12T22:56:04-05:00,PUR_IED_BrasiliaU_Ext_8d6e9f,PUR_IED_BrasiliaU_Ext_8d6e9f,5,17,62,4.5175,-74.116302
2026-09-12T22:56:04-05:00,PUR_IED_Brasilia_Ext_fe6593,PUR_IED_Brasilia_Ext_fe6593,,,,,
2026-09-12T22:56:04-05:00,PUR_IED_Brasilia_S24_7c130d,PUR_IED_Brasilia_S24_7c130d,,,,,
2026-09-12T22:56:04-05:00,PUR_IED_Brasilia_S501_186a54,PUR_IED_Brasilia_S501_186a54,,,,,
2026-09-12T22:56:04-05:00,PUR_IED_CHARRY_EXT_f1d5cd,PUR_IED_CHARRY_EXT_f1d5cd,,,,,
2026-09-12T22:56:04-05:00,PUR_IED_CHARRY_INTDANZAS_7a08e6,PUR_IED_CHARRY_INTDANZAS_7a08e6,,,,,
2026-09-12T22:56:04-05:00,PUR_IED_CHARRY_INT_AULA20_dc998d,PUR_IED_CHARRY_INT_AULA20_dc998d,,,,,
2026-09-12T22:56:04-05:00,PUR_IED_COLVIV_1101_S25_7f520a,PUR_IED_COLVIV_1101_S25_7f520a,,,,,
2026-09-12T22:56:04-05:00,PUR_IED_COLVIV_1102_S16_f570ba,PUR_IED_COLVIV_1102_S16_f570ba,,,,,
2026-09-12T22:56:04-05:00,PUR_IED_COLVIV_Ext_1a26fa,PUR_IED_COLVIV_Ext_1a26fa,,,,,
2026-09-12T22:56:04-05:00,PUR_IED_CULPOP_301A_f660f3,PUR_IED_CULPOP_301A_f660f3,,,,,
2026-09-12T22:56:04-05:00,PUR_IED_CULPOP_303_568afe,PUR_IED_CULPOP_303_568afe,,,,,
2026-09-12T22:56:04-05:00,PUR_IED_CULPOP_Ext_e02ccb,PUR_IED_CULPOP_Ext_e02ccb,,,,,
2026-09-12T22:56:04-05:00,PUR_IED_CVillavicen_Ext_26eb58,PUR_IED_CVillavicen_Ext_26eb58,6,15,77,4.487,-74.102798
2026-09-12T22:56:04-05:00,PUR_IED_CVillavicen_Intel_1ce5c2,PUR_IED_CVillavicen_Intel_1ce5c2,,,,,
2026-09-12T22:56:04-05:00,PUR_IED_CVillavicen_Poliv_e0766c,PUR_IED_CVillavicen_Poliv_e0766c,,,,,
2026-09-12T22:56:04-05:00,PUR_IED_CVillavicen_int_1ba140,PUR_IED_CVillavicen_int_1ba140,,,,,
2026-09-12T22:56:04-05:00,PUR_IED_CVillavicen_intel_1ba140,PUR_IED_CVillavicen_intel_1ba140,,,,,
2026-09-12T22:56:04-05:00,PUR_IED_CarlosPizarro_Ext_e307cc,PUR_IED_CarlosPizarro_Ext_e307cc,,,,,
2026-09-12T22:56:04-05:00,PUR_IED_CarlosPizarro_L36_7e5cdb,PUR_IED_CarlosPizarro_L36_7e5cdb,,,,,
2026-09-12T22:56:04-05:00,PUR_IED_CarlosPizarro_L37_c8566c,PUR_IED_CarlosPizarro_L37_c8566c,,,,,
2026-09-12T22:56:04-05:00,PUR_IED_Castilla_Ext_cf35f,PUR_IED_Castilla_Ext_cf35f,,,,,
2026-09-12T22:56:04-05:00,PUR_IED_Castilla_SFisik_360e38,PUR_IED_Castilla_SFisik_360e38,,,,,
2026-09-12T22:56:04-05:00,PUR_IED_Castilla_Sc304_496fbf,PUR_IED_Castilla_Sc304_496fbf,,,,,
2026-09-12T22:56:04-05:00,PUR_IED_CervantesSa_Ext_6b57b,PUR_IED_CervantesSa_Ext_6b57b,4,16,69,4.5128,-74.117203
2026-09-12T22:56:04-05:00,PUR_IED_CervantesSa_S107_225c2b,PUR_IED_CervantesSa_S107_225c2b,,,,,
2026-09-12T22:56:04-05:00,PUR_IED_CervantesSa_S108_940925,PUR_IED_CervantesSa_S108_940925,,,,,
2026-09-12T22:56:04-05:00,PUR_IED_Charry_A20_f53e7c,PUR_IED_Charry_A20_f53e7c,,,,,
2026-09-12T22:56:04-05:00,PUR_IED_Charry_Ext_f1d5cd,PUR_IED_Charry_Ext_f1d5cd,,,,,
2026-09-12T22:56:04-05:00,PUR_IED_Charry_IntAula20_dc998d,PUR_IED_Charry_IntAula20_dc998d,,,,,
2026-09-12T22:56:04-05:00,PUR_IED_Charry_IntDanzas_7a08e6,PUR_IED_Charry_IntDanzas_7a08e6,,,,,
2026-09-12T22:56:04-05:00,PUR_IED_ClememciaC_203_43e2fc,PUR_IED_ClememciaC_203_43e2fc,,,,,
2026-09-12T22:56:04-05:00,PUR_IED_ClememciaC_Ext_1b411a,PUR_IED_ClememciaC_Ext_1b411a,,,,,
2026-09-12T22:56:04-05:00,PUR_IED_ClememciaC_Quimic_44b5fc,PUR_IED_ClememciaC_Quimic_44b5fc,,,,,
2026-09-12T22:56:04-05:00,PUR_IED_ClemenciaC_203_43e2fc,PUR_IED_ClemenciaC_203_43e2fc,,,,,
2026-09-12T22:56:04-05:00,PUR_IED_ClemenciaC_Ext_1b411a,PUR_IED_ClemenciaC_Ext_1b411a,,,,,
2026-09-12T22:56:04-05:00,PUR_IED_ClemenciaC_Quimic_44b5fc,PUR_IED_ClemenciaC_Quimic_44b5fc,,,,,
2026-09-12T22:56:04-05:00,PUR_IED_ColViva_1101_S25_7f520a,PUR_IED_ColViva_1101_S25_7f520a,,,,,
2026-09-12T22:56:04-05:00,PUR_IED_ColViva_1102_S16_f570ba,PUR_IED_ColViva_1102_S16_f570ba,,,,,
2026-09-12T22:56:04-05:00,PUR_IED_ColViva_Ext_1a26fa,PUR_IED_ColViva_Ext_1a26fa,,,,,
2026-09-12T22:56:04-05:00,PUR_IED_ColegioBici_Asist_7c8798,PUR_IED_ColegioBici_Asist_7c8798,,,,,
2026-09-12T22:56:04-05:00,PUR_IED_ColegioBici_Ext_25cbf6,PUR_IED_ColegioBici_Ext_25cbf6,,,,,
2026-09-12T22:56:04-05:00,PUR_IED_ColegioBici_LabQ_7b57db,PUR_IED_ColegioBici_LabQ_7b57db,,,,,
2026-09-12T22:56:04-05:00,PUR_IED_CostaRica_Ext_5e640,PUR_IED_CostaRica_Ext_5e640,,,,,
2026-09-12T22:56:04-05:00,PUR_IED_CostaRica_Quim1_766d1c,PUR_IED_CostaRica_Quim1_766d1c,,,,,
2026-09-12T22:56:04-05:00,PUR_IED_CostaRica__Fisica_6f0873,PUR_IED_CostaRica__Fisica_6f0873,,,,,
2026-09-12T22:56:04-05:00,PUR_IED_CulPopu_301A_f660f3,PUR_IED_CulPopu_301A_f660f3,,,,,
2026-09-12T22:56:04-05:00,PUR_IED_CulPopu_303_568afe,PUR_IED_CulPopu_303_568afe,,,,,
2026-09-12T22:56:04-05:00,PUR_IED_CulPopu_Ext_e02ccb,PUR_IED_CulPopu_Ext_e02ccb,,,,,
2026-09-12T22:56:04-05:00,PUR_IED_Cundinamarca_Ext_f15985,PUR_IED_Cundinamarca_Ext_f15985,,,,,
2026-09-12T22:56:04-05:00,PUR_IED_Cundinamarca_Info_7aa5d7,PUR_IED_Cundinamarca_Info_7aa5d7,,,,,
2026-09-12T22:56:04-05:00,PUR_IED_Cundinamarca_Tec2_f449c7,PUR_IED_Cundinamarca_Tec2_f449c7,,,,,
2026-09-12T22:56:04-05:00,PUR_IED_DiegoM_Aula1_27b314,PUR_IED_DiegoM_Aula1_27b314,,,,,
2026-09-12T22:56:04-05:00,PUR_IED_DiegoM_Ext_d80ac8,PUR_IED_DiegoM_Ext_d80ac8,,,,,
2026-09-12T22:56:04-05:00,PUR_IED_DiegoM_S25_da928f,PUR_IED_DiegoM_S25_da928f,,,,,
2026-09-12T22:56:04-05:00,PUR_IED_ELRODEO_360881,PUR_IED_ELRODEO_360881,,,,,
2026-09-12T22:56:04-05:00,PUR_IED_ELRODEO_ext_360881,PUR_IED_ELRODEO_ext_360881,,,,,
2026-09-12T22:56:04-05:00,PUR_IED_EduardoU_Ext_1c1969,PUR_IED_EduardoU_Ext_1c1969,,,,,
2026-09-12T22:56:04-05:00,PUR_IED_EduardoU_SCiencia_4dfb94,PUR_IED_EduardoU_SCiencia_4dfb94,,,,,
2026-09-12T22:56:04-05:00,PUR_IED_EduardoU_SQuimica_5a46e7,PUR_IED_EduardoU_SQuimica_5a46e7,,,,,
2026-09-12T22:56:04-05:00,PUR_IED_ElRodeo_Aula14_676984,PUR_IED_ElRodeo_Aula14_676984,,,,,
2026-09-12T22:56:04-05:00,PUR_IED_ElRodeo_Aula16_2dd35b,PUR_IED_ElRodeo_Aula16_2dd35b,,,,,
2026-09-12T22:56:04-05:00,PUR_IED_ElRodeo_Ext_360881,PUR_IED_ElRodeo_Ext_360881,,,,,
2026-09-12T22:56:04-05:00,PUR_IED_ElRodeo_Exterior_8c6d28,PUR_IED_ElRodeo_Exterior_8c6d28,,,,,
2026-09-12T22:56:04-05:00,PUR_IED_ElRodeo_ext_360881,PUR_IED_ElRodeo_ext_360881,,,,,
2026-09-12T22:56:04-05:00,PUR_IED_EmmaReyes_Ext_987625,PUR_IED_EmmaReyes_Ext_987625,6,21,52,4.6367,-74.1511
2026-09-12T22:56:04-05:00,PUR_IED_Ensueño_Ext_7f0250,PUR_IED_Ensueño_Ext_7f0250,,,,,
2026-09-12T22:56:04-05:00,PUR_IED_EscNormal_Ext_5fef3b,PUR_IED_EscNormal_Ext_5fef3b,2,18,62,4.5852,-74.096901
2026-09-12T22:56:04-05:00,PUR_IED_EscNormal_S309_5b263,PUR_IED_EscNormal_S309_5b263,,,,,
2026-09-12T22:56:04-05:00,PUR_IED_EscNormal_S310_27b3b8,PUR_IED_EscNormal_S310_27b3b8,,,,,
2026-09-12T22:56:04-05:00,PUR_IED_Evangelista_Conta_f6cd4f,PUR_IED_Evangelista_Conta_f6cd4f,,,,,
2026-09-12T22:56:04-05:00,PUR_IED_Evangelista_Cri_5e16a,PUR_IED_Evangelista_Cri_5e16a,,,,,
2026-09-12T22:56:04-05:00,PUR_IED_Evangelista_Exter_754066,PUR_IED_Evangelista_Exter_754066,,,,,
2026-09-12T22:56:04-05:00,PUR_IED_FMiranda_S209_5cc2a3,PUR_IED_FMiranda_S209_5cc2a3,,,,,
2026-09-12T22:56:04-05:00,PUR_IED_FMiranda_S303_19e344,PUR_IED_FMiranda_S303_19e344,,,,,
2026-09-12T22:56:04-05:00,PUR_IED_FMiranda_ext_f53e7c,PUR_IED_FMiranda_ext_f53e7c,,,,,
2026-09-12T22:56:04-05:00,PUR_IED_FabioLozano_Bibli_1cee05,PUR_IED_FabioLozano_Bibli_1cee05,,,,,
2026-09-12T22:56:04-05:00,PUR_IED_FabioLozano_Ext_6ea285,PUR_IED_FabioLozano_Ext_6ea285,,,,,
2026-09-12T22:56:04-05:00,PUR_IED_FabioLozano_SLudi_f09e1e,PUR_IED_FabioLozano_SLudi_f09e1e,,,,,
2026-09-12T22:56:04-05:00,PUR_IED_FaustinoS_Aula07_27a731,PUR_IED_FaustinoS_Aula07_27a731,,,,,
2026-09-12T22:56:04-05:00,PUR_IED_FaustinoS_Ext_7b936f,PUR_IED_FaustinoS_Ext_7b936f,,,,,
2026-09-12T22:56:04-05:00,PUR_IED_FaustinoS_Fisica_da2c60,PUR_IED_FaustinoS_Fisica_da2c60,,,,,
2026-09-12T22:56:04-05:00,PUR_IED_FeGarciaLo_Ext_dc68ee,PUR_IED_FeGarciaLo_Ext_dc68ee,,,,,
2026-09-12T22:56:04-05:00,PUR_IED_FeGarciaLo_SDanza_f70a59,PUR_IED_FeGarciaLo_SDanza_f70a59,,,,,
2026-09-12T22:56:04-05:00,PUR_IED_FeGarciaLo_SMusic_125cdd,PUR_IED_FeGarciaLo_SMusic_125cdd,,,,,
2026-09-12T22:56:04-05:00,PUR_IED_FederalAlema_Exte_50c345,PUR_IED_FederalAlema_Exte_50c345,,,,,
2026-09-12T22:56:04-05:00,PUR_IED_FederalAlema_S31_f18371,PUR_IED_FederalAlema_S31_f18371,,,,,
2026-09-12T22:56:04-05:00,PUR_IED_FederalAlema_S901_a62cd,PUR_IED_FederalAlema_S901_a62cd,,,,,
2026-09-12T22:56:04-05:00,PUR_IED_FilarmonicaS_A5_f35eb1,PUR_IED_FilarmonicaS_A5_f35eb1,,,,,
2026-09-12T22:56:04-05:00,PUR_IED_FilarmonicaS_Ext_8a3bde,PUR_IED_FilarmonicaS_Ext_8a3bde,,,,,
2026-09-12T22:56:04-05:00,PUR_IED_FilarmonicaS_Spol_406114,PUR_IED_FilarmonicaS_Spol_406114,,,,,
2026-09-12T22:56:04-05:00,PUR_IED_FlorentinoG_A13_d1fa59,PUR_IED_FlorentinoG_A13_d1fa59,,,,,
2026-09-12T22:56:04-05:00,PUR_IED_FlorentinoG_Ext_1ce6ce,PUR_IED_FlorentinoG_Ext_1ce6ce,,,,,
2026-09-12T22:56:04-05:00,PUR_IED_FlorentinoG_Idiom_a66aac,PUR_IED_FlorentinoG_Idiom_a66aac,,,,,
2026-09-12T22:56:04-05:00,PUR_IED_FranciscoMati_Ext_e3869d,PUR_IED_FranciscoMati_Ext_e3869d,,,,,
2026-09-12T22:56:04-05:00,PUR_IED_FranciscoMati_S13_f31c67,PUR_IED_FranciscoMati_S13_f31c67,,,,,
2026-09-12T22:56:04-05:00,PUR_IED_FranciscoMati_S14_97dead,PUR_IED_FranciscoMati_S14_97dead,,,,,
2026-09-12T22:56:04-05:00,PUR_IED_FranciscoPS_Ext_7bfa9a,PUR_IED_FranciscoPS_Ext_7bfa9a,3,19,62,4.5899,-74.110397
2026-09-12T22:56:04-05:00,PUR_IED_FranciscoPS_Infor_fb8f4c,PUR_IED_FranciscoPS_Infor_fb8f4c,,,,,
2026-09-12T22:56:04-05:00,PUR_IED_FranciscoPS_Quimi_94d39c,PUR_IED_FranciscoPS_Quimi_94d39c,,,,,
2026-09-12T22:56:04-05:00,PUR_IED_FranciscoP_LabQ_d7e148,PUR_IED_FranciscoP_LabQ_d7e148,,,,,
2026-09-12T22:56:04-05:00,PUR_IED_FranciscoP_S28_cf9b30,PUR_IED_FranciscoP_S28_cf9b30,,,,,
2026-09-12T22:56:04-05:00,PUR_IED_FranciscoP_ext_e2313,PUR_IED_FranciscoP_ext_e2313,,,,,
2026-09-12T22:56:04-05:00,PUR_IED_FriederichN_Ext_8ac92a,PUR_IED_FriederichN_Ext_8ac92a,,,,,
2026-09-12T22:56:04-05:00,PUR_IED_FriederichN_S301_dd7e5a,PUR_IED_FriederichN_S301_dd7e5a,,,,,
2026-09-12T22:56:04-05:00,PUR_IED_FriederichN_S308_761f4f,PUR_IED_FriederichN_S308_761f4f,,,,,
2026-09-12T22:56:04-05:00,PUR_IED_GSantander_Aula10_533dd7,PUR_IED_GSantander_Aula10_533dd7,,,,,
2026-09-12T22:56:04-05:00,PUR_IED_GSantander_Aula12_fd4e4f,PUR_IED_GSantander_Aula12_fd4e4f,,,,,
2026-09-12T22:56:04-05:00,PUR_IED_GSantander_Aula310_533dd7,PUR_IED_GSantander_Aula310_533dd7,,,,,
2026-09-12T22:56:04-05:00,PUR_IED_GSantander_Aula312_fd4e4f,PUR_IED_GSantander_Aula312_fd4e4f,,,,,
2026-09-12T22:56:04-05:00,PUR_IED_GSantander_Ext_5f66b0,PUR_IED_GSantander_Ext_5f66b0,,,,,
2026-09-12T22:56:04-05:00,PUR_IED_GYomasa_Ext_f6bea5,PUR_IED_GYomasa_Ext_f6bea5,,,,,
2026-09-12T22:56:04-05:00,PUR_IED_GYomasa_LBiol_2c41aa,PUR_IED_GYomasa_LBiol_2c41aa,,,,,
2026-09-12T22:56:04-05:00,PUR_IED_GYomasa_LQuim_33c80,PUR_IED_GYomasa_LQuim_33c80,,,,,
2026-09-12T22:56:04-05:00,PUR_IED_GabBetMejia_Cienc_5a99c,PUR_IED_GabBetMejia_Cienc_5a99c,,,,,
2026-09-12T22:56:04-05:00,PUR_IED_GabBetMejia_Ext_9153d0,PUR_IED_GabBetMejia_Ext_9153d0,,,,,
2026-09-12T22:56:04-05:00,PUR_IED_GabBetMejia_Lab_f55347,PUR_IED_GabBetMejia_Lab_f55347,,,,,
2026-09-12T22:56:04-05:00,PUR_IED_GabBetanMejia_Ext_9153d0,PUR_IED_GabBetanMejia_Ext_9153d0,,,,,
2026-09-12T22:56:04-05:00,PUR_IED_Gaitana_Aula13_7aac11,PUR_IED_Gaitana_Aula13_7aac11,,,,,
2026-09-12T22:56:04-05:00,PUR_IED_Gaitana_Ext_5fcf4,PUR_IED_Gaitana_Ext_5fcf4,,,,,
2026-09-12T22:56:04-05:00,PUR_IED_Gaitana_LabFisica_644448,PUR_IED_Gaitana_LabFisica_644448,,,,,
2026-09-12T22:56:04-05:00,PUR_IED_GenSantander_Dise_8ac858,PUR_IED_GenSantander_Dise_8ac858,,,,,
2026-09-12T22:56:04-05:00,PUR_IED_GenSantander_Ext_8d5dfe,PUR_IED_GenSantander_Ext_8d5dfe,,,,,
2026-09-12T22:56:04-05:00,PUR_IED_GenSantander_Info_6c25b,PUR_IED_GenSantander_Info_6c25b,,,,,
2026-09-12T22:56:04-05:00,PUR_IED_GustavoMo_Exterio_75e63d,PUR_IED_GustavoMo_Exterio_75e63d,,,,,
2026-09-12T22:56:04-05:00,PUR_IED_GustavoMo_LabFisi_224d37,PUR_IED_GustavoMo_LabFisi_224d37,,,,,
2026-09-12T22:56:04-05:00,PUR_IED_GustavoMo_S208_3e6918,PUR_IED_GustavoMo_S208_3e6918,,,,,
2026-09-12T22:56:04-05:00,PUR_IED_GustavoR_A02_8cd4a8,PUR_IED_GustavoR_A02_8cd4a8,,,,,
2026-09-12T22:56:04-05:00,PUR_IED_GustavoR_B11_5b0ed,PUR_IED_GustavoR_B11_5b0ed,,,,,
2026-09-12T22:56:04-05:00,PUR_IED_GustavoR_Ext_7a0c90,PUR_IED_GustavoR_Ext_7a0c90,,,,,
2026-09-12T22:56:04-05:00,PUR_IED_HernandoDuran_Ext_8cd82b,PUR_IED_HernandoDuran_Ext_8cd82b,,,,,
2026-09-12T22:56:04-05:00,PUR_IED_HernandoDuran_S24_2772c6,PUR_IED_HernandoDuran_S24_2772c6,,,,,
2026-09-12T22:56:04-05:00,PUR_IED_HernandoDuran_S30_f2de41,PUR_IED_HernandoDuran_S30_f2de41,,,,,
2026-09-12T22:56:04-05:00,PUR_IED_HolguInUr_S1101_8cd732,PUR_IED_HolguInUr_S1101_8cd732,,,,,
2026-09-12T22:56:04-05:00,PUR_IED_HolguinUr_Exter_ddae6d,PUR_IED_HolguinUr_Exter_ddae6d,,,,,
2026-09-12T22:56:04-05:00,PUR_IED_HolguinUr_LabQuim_92b952,PUR_IED_HolguinUr_LabQuim_92b952,,,,,
2026-09-12T22:56:04-05:00,PUR_IED_Isabel-II_Ext_5245cc,PUR_IED_Isabel-II_Ext_5245cc,6,19,58,4.6336,-74.153
2026-09-12T22:56:04-05:00,PUR_IED_Isabel-II_S_idiom_1c29aa,PUR_IED_Isabel-II_S_idiom_1c29aa,,,,,
2026-09-12T22:56:04-05:00,PUR_IED_Isabel-II_S_infor_fd741,PUR_IED_Isabel-II_S_infor_fd741,,,,,
2026-09-12T22:56:04-05:00,PUR_IED_IsidroSur_Exterio_5b90ea,PUR_IED_IsidroSur_Exterio_5b90ea,,,,,
2026-09-12T22:56:04-05:00,PUR_IED_IsidroSur_LabTec_56697a,PUR_IED_IsidroSur_LabTec_56697a,,,,,
2026-09-12T22:56:04-05:00,PUR_IED_IsidroSur_Robotic_b7c38f,PUR_IED_IsidroSur_Robotic_b7c38f,,,,,
2026-09-12T22:56:04-05:00,PUR_IED_IsmaelPerd_Ext_7b6672,PUR_IED_IsmaelPerd_Ext_7b6672,,,,,
2026-09-12T22:56:04-05:00,PUR_IED_IsmaelPerd_Inform_306540,PUR_IED_IsmaelPerd_Inform_306540,,,,,
2026-09-12T22:56:04-05:00,PUR_IED_IsmaelPerd_S30_2e2c83,PUR_IED_IsmaelPerd_S30_2e2c83,,,,,
2026-09-12T22:56:04-05:00,PUR_IED_JLozano_Exter_432910,PUR_IED_JLozano_Exter_432910,,,,,
2026-09-12T22:56:04-05:00,PUR_IED_JLozano_salaMulti_df5125,PUR_IED_JLozano_salaMulti_df5125,,,,,
2026-09-12T22:56:04-05:00,PUR_IED_JMCordoba_206_86f80b,PUR_IED_JMCordoba_206_86f80b,,,,,
2026-09-12T22:56:04-05:00,PUR_IED_JMCordoba_Ext_27ad97,PUR_IED_JMCordoba_Ext_27ad97,,,,,
2026-09-12T22:56:04-05:00,PUR_IED_JMCordoba_S310_d59ab4,PUR_IED_JMCordoba_S310_d59ab4,,,,,
2026-09-12T22:56:04-05:00,PUR_IED_Japon_Ext_549100,PUR_IED_Japon_Ext_549100,,,,,
2026-09-12T22:56:04-05:00,PUR_IED_Japon_Laboratorio_bec51d,PUR_IED_Japon_Laboratorio_bec51d,,,,,
2026-09-12T22:56:04-05:00,PUR_IED_Japon_informatica_d99327,PUR_IED_Japon_informatica_d99327,,,,,
2026-09-12T22:56:04-05:00,PUR_IED_Jazmin_Ext_d27bda,PUR_IED_Jazmin_Ext_d27bda,,,,,
2026-09-12T22:56:04-05:00,PUR_IED_Jazmin_Fisica_8d14d7,PUR_IED_Jazmin_Fisica_8d14d7,,,,,
2026-09-12T22:56:04-05:00,PUR_IED_Jazmin_Quimica_801cb5,PUR_IED_Jazmin_Quimica_801cb5,,,,,
2026-09-12T22:56:04-05:00,PUR_IED_JorgeGaitan_Exter_f098d1,PUR_IED_JorgeGaitan_Exter_f098d1,,,,,
2026-09-12T22:56:04-05:00,PUR_IED_JorgeGaitan_STec1_dc9d1d,PUR_IED_JorgeGaitan_STec1_dc9d1d,,,,,
2026-09-12T22:56:04-05:00,PUR_IED_JorgeGaitan_STec2_281e69,PUR_IED_JorgeGaitan_STec2_281e69,,,,,
2026-09-12T22:56:04-05:00,PUR_IED_JorgeSoto_Exterio_d9d0a2,PUR_IED_JorgeSoto_Exterio_d9d0a2,,,,,
2026-09-12T22:56:04-05:00,PUR_IED_JorgeSoto_LabFisi_209c54,PUR_IED_JorgeSoto_LabFisi_209c54,,,,,
2026-09-12T22:56:04-05:00,PUR_IED_JorgeSoto_S103_27b51a,PUR_IED_JorgeSoto_S103_27b51a,,,,,
2026-09-12T22:56:04-05:00,PUR_IED_JoseAcevedo_A02_e965eb,PUR_IED_JoseAcevedo_A02_e965eb,,,,,
2026-09-12T22:56:04-05:00,PUR_IED_JoseAcevedo_A07_dd5b4,PUR_IED_JoseAcevedo_A07_dd5b4,,,,,
2026-09-12T22:56:04-05:00,PUR_IED_JoseAcevedo_Ext_b47484,PUR_IED_JoseAcevedo_Ext_b47484,,,,,
2026-09-12T22:56:04-05:00,PUR_IED_JoseMarti_Exte_5b9bf,PUR_IED_JoseMarti_Exte_5b9bf,,,,,
2026-09-12T22:56:04-05:00,PUR_IED_JoseMarti_LabQuim_1c6c2d,PUR_IED_JoseMarti_LabQuim_1c6c2d,,,,,
2026-09-12T22:56:04-05:00,PUR_IED_JoseMarti_S_info_f5f177,PUR_IED_JoseMarti_S_info_f5f177,,,,,
2026-09-12T22:56:04-05:00,PUR_IED_Josejoaquin_Ext_dfc5dc,PUR_IED_Josejoaquin_Ext_dfc5dc,,,,,
2026-09-12T22:56:04-05:00,PUR_IED_Josejoaquin_S05_5b2a96,PUR_IED_Josejoaquin_S05_5b2a96,,,,,
2026-09-12T22:56:04-05:00,PUR_IED_Josejoaquin_S06_1ce7d2,PUR_IED_Josejoaquin_S06_1ce7d2,,,,,
2026-09-12T22:56:04-05:00,PUR_IED_JulioFlorez_Danza_9b82dd,PUR_IED_JulioFlorez_Danza_9b82dd,,,,,
2026-09-12T22:56:04-05:00,PUR_IED_JulioFlorez_Exter_f9f314,PUR_IED_JulioFlorez_Exter_f9f314,,,,,
2026-09-12T22:56:04-05:00,PUR_IED_JulioFlorez_info2_6b6e08,PUR_IED_JulioFlorez_info2_6b6e08,,,,,
2026-09-12T22:56:04-05:00,PUR_IED_LaBelleza_Aula13_1d00d8,PUR_IED_LaBelleza_Aula13_1d00d8,,,,,
2026-09-12T22:56:04-05:00,PUR_IED_LaBelleza_Ext_7bc08c,PUR_IED_LaBelleza_Ext_7bc08c,,,,,
2026-09-12T22:56:04-05:00,PUR_IED_LaChucua_Ext_8cd6d2,PUR_IED_LaChucua_Ext_8cd6d2,,,,,
2026-09-12T22:56:04-05:00,PUR_IED_LaChucua_S15_f578ce,PUR_IED_LaChucua_S15_f578ce,,,,,
2026-09-12T22:56:04-05:00,PUR_IED_LaChucua_S16_eebcf9,PUR_IED_LaChucua_S16_eebcf9,,,,,
2026-09-12T22:56:04-05:00,PUR_IED_LaFelicidad_Ext_fb5109,PUR_IED_LaFelicidad_Ext_fb5109,,,,,
2026-09-12T22:56:04-05:00,PUR_IED_LaMerced_206_66ebd,PUR_IED_LaMerced_206_66ebd,,,,,
2026-09-12T22:56:04-05:00,PUR_IED_LaMerced_207_6ebd6,PUR_IED_LaMerced_207_6ebd6,,,,,
2026-09-12T22:56:04-05:00,PUR_IED_LaMerced_ext_304311,PUR_IED_LaMerced_ext_304311,,,,,
2026-09-12T22:56:04-05:00,PUR_IED_Laureano_CiencNat_281e5e,PUR_IED_Laureano_CiencNat_281e5e,,,,,
2026-09-12T22:56:04-05:00,PUR_IED_Laureano_Comedor_f65c0a,PUR_IED_Laureano_Comedor_f65c0a,,,,,
2026-09-12T22:56:04-05:00,PUR_IED_Laureano_Exterior_7ab011,PUR_IED_Laureano_Exterior_7ab011,,,,,
2026-09-12T22:56:04-05:00,PUR_IED_LeonGreiff_Exte_dfe560,PUR_IED_LeonGreiff_Exte_dfe560,,,,,
2026-09-12T22:56:04-05:00,PUR_IED_LeonGreiff_S210_f264ed,PUR_IED_LeonGreiff_S210_f264ed,,,,,
2026-09-12T22:56:04-05:00,PUR_IED_LeonGreiff_SQuimi_e8296f,PUR_IED_LeonGreiff_SQuimi_e8296f,,,,,
2026-09-12T22:56:04-05:00,PUR_IED_LlanoOrientalS208_7b9fcd,PUR_IED_LlanoOrientalS208_7b9fcd,,,,,
2026-09-12T22:56:04-05:00,PUR_IED_LlanoOriental_Ext_fb3766,PUR_IED_LlanoOriental_Ext_fb3766,,,,,
2026-09-12T22:56:04-05:00,PUR_IED_LlanoOriental_S208_7b9fcd,PUR_IED_LlanoOriental_S208_7b9fcd,,,,,
2026-09-12T22:56:04-05:00,PUR_IED_LlanoOriental_S9_27b378,PUR_IED_LlanoOriental_S9_27b378,,,,,
2026-09-12T22:56:04-05:00,PUR_IED_LosTejares_1101_477602,PUR_IED_LosTejares_1101_477602,,,,,
2026-09-12T22:56:04-05:00,PUR_IED_LosTejares_11_d2c595,PUR_IED_LosTejares_11_d2c595,,,,,
2026-09-12T22:56:04-05:00,PUR_IED_LosTejares_12_477602,PUR_IED_LosTejares_12_477602,,,,,
2026-09-12T22:56:04-05:00,PUR_IED_LosTejares_Ext_8e2115,PUR_IED_LosTejares_Ext_8e2115,,,,,
2026-09-12T22:56:04-05:00,PUR_IED_MagdalenaO_B202_5ddda3,PUR_IED_MagdalenaO_B202_5ddda3,,,,,
2026-09-12T22:56:04-05:00,PUR_IED_MagdalenaO_B205_fb76e8,PUR_IED_MagdalenaO_B205_fb76e8,,,,,
2026-09-12T22:56:04-05:00,PUR_IED_MagdalenaO_ext_dc69cd,PUR_IED_MagdalenaO_ext_dc69cd,,,,,
2026-09-12T22:56:04-05:00,PUR_IED_ManueCepeda_artes_eee956,PUR_IED_ManueCepeda_artes_eee956,,,,,
2026-09-12T22:56:04-05:00,PUR_IED_ManuelCepeda_Ext_58313,PUR_IED_ManuelCepeda_Ext_58313,,,,,
2026-09-12T22:56:04-05:00,PUR_IED_ManuelCepeda_tec_1c5731,PUR_IED_ManuelCepeda_tec_1c5731,,,,,
2026-09-12T22:56:04-05:00,PUR_IED_ManuelS_Exterior_5b269,PUR_IED_ManuelS_Exterior_5b269,,,,,
2026-09-12T22:56:04-05:00,PUR_IED_ManuelS_Inform_f369ce,PUR_IED_ManuelS_Inform_f369ce,,,,,
2026-09-12T22:56:04-05:00,PUR_IED_ManuelS_SArtes_7d15f1,PUR_IED_ManuelS_SArtes_7d15f1,,,,,
2026-09-12T22:56:04-05:00,PUR_IED_ManuelZapata_303_3ca6,PUR_IED_ManuelZapata_303_3ca6,,,,,
2026-09-12T22:56:04-05:00,PUR_IED_ManuelZapata_311_bfbabc,PUR_IED_ManuelZapata_311_bfbabc,,,,,
2026-09-12T22:56:04-05:00,PUR_IED_ManuelZapata_Ext_50824a,PUR_IED_ManuelZapata_Ext_50824a,,,,,
2026-09-12T22:56:04-05:00,PUR_IED_ManuelitaS_Exteri_656a92,PUR_IED_ManuelitaS_Exteri_656a92,,,,,
2026-09-12T22:56:04-05:00,PUR_IED_ManuelitaS_JuzgDe_f58ec3,PUR_IED_ManuelitaS_JuzgDe_f58ec3,,,,,
2026-09-12T22:56:04-05:00,PUR_IED_ManuelitaS_Recrea_d793db,PUR_IED_ManuelitaS_Recrea_d793db,,,,,
2026-09-12T22:56:04-05:00,PUR_IED_MarFidSuarez_Ext_c27b19,PUR_IED_MarFidSuarez_Ext_c27b19,,,,,
2026-09-12T22:56:04-05:00,PUR_IED_MarFidSuarez_Info_e384d7,PUR_IED_MarFidSuarez_Info_e384d7,,,,,
2026-09-12T22:56:04-05:00,PUR_IED_MarFidSuarez_S306_1d0032,PUR_IED_MarFidSuarez_S306_1d0032,,,,,
2026-09-12T22:56:04-05:00,PUR_IED_Menorah_301_2a25a3,PUR_IED_Menorah_301_2a25a3,,,,,
2026-09-12T22:56:04-05:00,PUR_IED_Menorah_306_37ed3,PUR_IED_Menorah_306_37ed3,,,,,
2026-09-12T22:56:04-05:00,PUR_IED_Menorah_Ext_3e155b,PUR_IED_Menorah_Ext_3e155b,,,,,
2026-09-12T22:56:04-05:00,PUR_IED_MinutoB.Aires_A11_1b1604,PUR_IED_MinutoB.Aires_A11_1b1604,,,,,
2026-09-12T22:56:04-05:00,PUR_IED_MinutoB.Aires_A12_fb5860,PUR_IED_MinutoB.Aires_A12_fb5860,,,,,
2026-09-12T22:56:04-05:00,PUR_IED_MinutoB.Aires_Ext_81293f,PUR_IED_MinutoB.Aires_Ext_81293f,,,,,
2026-09-12T22:56:04-05:00,PUR_IED_MinutoBAires_A11_1b1604,PUR_IED_MinutoBAires_A11_1b1604,,,,,
2026-09-12T22:56:04-05:00,PUR_IED_MinutoBAires_A12_fb5860,PUR_IED_MinutoBAires_A12_fb5860,,,,,
2026-09-12T22:56:04-05:00,PUR_IED_MinutoBAires_Ext_81293f,PUR_IED_MinutoBAires_Ext_81293f,,,,,
2026-09-12T22:56:04-05:00,PUR_IED_Montreal_Aula10_1e4959,PUR_IED_Montreal_Aula10_1e4959,,,,,
2026-09-12T22:56:04-05:00,PUR_IED_Montreal_Aula6_300367,PUR_IED_Montreal_Aula6_300367,,,,,
2026-09-12T22:56:04-05:00,PUR_IED_Montreal_Exterior_91a179,PUR_IED_Montreal_Exterior_91a179,,,,,
2026-09-12T22:56:04-05:00,PUR_IED_Mqgdalena_B202_5ddda3,PUR_IED_Mqgdalena_B202_5ddda3,,,,,
2026-09-12T22:56:04-05:00,PUR_IED_NACUND_Soc_dc8728,PUR_IED_NACUND_Soc_dc8728,,,,,
2026-09-12T22:56:04-05:00,PUR_IED_NACUND_ext_27ad97,PUR_IED_NACUND_ext_27ad97,,,,,
2026-09-12T22:56:04-05:00,PUR_IED_NEsperanza_Ext_d24b61,PUR_IED_NEsperanza_Ext_d24b61,,,,,
2026-09-12T22:56:04-05:00,PUR_IED_NEsperanza_SElect_7d1807,PUR_IED_NEsperanza_SElect_7d1807,,,,,
2026-09-12T22:56:04-05:00,PUR_IED_NEsperanza_SLabor_8b2d0a,PUR_IED_NEsperanza_SLabor_8b2d0a,,,,,
2026-09-12T22:56:04-05:00,PUR_IED_NacionesU_Ext_f661a9,PUR_IED_NacionesU_Ext_f661a9,,,,,
2026-09-12T22:56:04-05:00,PUR_IED_NacionesU_Quimica_66f0a,PUR_IED_NacionesU_Quimica_66f0a,,,,,
2026-09-12T22:56:04-05:00,PUR_IED_NacionesU_S306_1b4b3d,PUR_IED_NacionesU_S306_1b4b3d,,,,,
2026-09-12T22:56:04-05:00,PUR_IED_NestorFA_Ext_e4201c,PUR_IED_NestorFA_Ext_e4201c,,,,,
2026-09-12T22:56:04-05:00,PUR_IED_NestorFA_Laborato_f22fe0,PUR_IED_NestorFA_Laborato_f22fe0,,,,,
2026-09-12T22:56:04-05:00,PUR_IED_NestorFA_S204_dee996,PUR_IED_NestorFA_S204_dee996,,,,,
2026-09-12T22:56:04-05:00,PUR_IED_NidyaQT_Aula03_76999b,PUR_IED_NidyaQT_Aula03_76999b,,,,,
2026-09-12T22:56:04-05:00,PUR_IED_NidyaQT_Aula10_56325,PUR_IED_NidyaQT_Aula10_56325,,,,,
2026-09-12T22:56:04-05:00,PUR_IED_NidyaQT_Ext_46e32d,PUR_IED_NidyaQT_Ext_46e32d,,,,,
2026-09-12T22:56:04-05:00,PUR_IED_NuevaCol_Exterior_d9b859,PUR_IED_NuevaCol_Exterior_d9b859,,,,,
2026-09-12T22:56:04-05:00,PUR_IED_NuevaCol_S1101_76c43b,PUR_IED_NuevaCol_S1101_76c43b,,,,,
2026-09-12T22:56:04-05:00,PUR_IED_NuevaCol_S1102_1ce0b5,PUR_IED_NuevaCol_S1102_1ce0b5,,,,,
2026-09-12T22:56:04-05:00,PUR_IED_OEA_A202_f7e3f2,PUR_IED_OEA_A202_f7e3f2,,,,,
2026-09-12T22:56:04-05:00,PUR_IED_OEA_A203_7d1b8d,PUR_IED_OEA_A203_7d1b8d,,,,,
2026-09-12T22:56:04-05:00,PUR_IED_OEA_Ext_27b593,PUR_IED_OEA_Ext_27b593,,,,,
2026-09-12T22:56:04-05:00,PUR_IED_Ochoa_Ext_1c29da,PUR_IED_Ochoa_Ext_1c29da,,,,,
2026-09-12T22:56:04-05:00,PUR_IED_Ochoa_S205_8b1121,PUR_IED_Ochoa_S205_8b1121,,,,,
2026-09-12T22:56:04-05:00,PUR_IED_Ochoa_Sistemas_f33af6,PUR_IED_Ochoa_Sistemas_f33af6,,,,,
2026-09-12T22:56:04-05:00,PUR_IED_PQuebec_Ext_1c67c7,PUR_IED_PQuebec_Ext_1c67c7,,,,,
2026-09-12T22:56:04-05:00,PUR_IED_PQuebec_S15_23e8e2,PUR_IED_PQuebec_S15_23e8e2,,,,,
2026-09-12T22:56:04-05:00,PUR_IED_PQuebec_S16_8ec76b,PUR_IED_PQuebec_S16_8ec76b,,,,,
2026-09-12T22:56:04-05:00,PUR_IED_PabloN_Ext_49dc96,PUR_IED_PabloN_Ext_49dc96,,,,,
2026-09-12T22:56:04-05:00,PUR_IED_PabloN_S1102_4e3df5,PUR_IED_PabloN_S1102_4e3df5,,,,,
2026-09-12T22:56:04-05:00,PUR_IED_PabloN_S1103_50c94b,PUR_IED_PabloN_S1103_50c94b,,,,,
2026-09-12T22:56:04-05:00,PUR_IED_Palestina_S1101_db9198,PUR_IED_Palestina_S1101_db9198,,,,,
2026-09-12T22:56:04-05:00,PUR_IED_Palestina_S1102_dc54fa,PUR_IED_Palestina_S1102_dc54fa,,,,,
2026-09-12T22:56:04-05:00,PUR_IED_Palestina_ext_4ccce6,PUR_IED_Palestina_ext_4ccce6,,,,,
2026-09-12T22:56:04-05:00,PUR_IED_Panama_Fisica_4d0794,PUR_IED_Panama_Fisica_4d0794,,,,,
2026-09-12T22:56:04-05:00,PUR_IED_Panama_SIngles_a4077e,PUR_IED_Panama_SIngles_a4077e,,,,,
2026-09-12T22:56:04-05:00,PUR_IED_Panama_ext_4c54b4,PUR_IED_Panama_ext_4c54b4,,,,,
2026-09-12T22:56:04-05:00,PUR_IED_ParaisoM_Exterior_8cd7f0,PUR_IED_ParaisoM_Exterior_8cd7f0,,,,,
2026-09-12T22:56:04-05:00,PUR_IED_ParaisoM_Laborato_27af35,PUR_IED_ParaisoM_Laborato_27af35,,,,,
2026-09-12T22:56:04-05:00,PUR_IED_ParaisoM_S304_d1edca,PUR_IED_ParaisoM_S304_d1edca,,,,,
2026-09-12T22:56:04-05:00,PUR_IED_PorfirioBarba_Ext_301466,PUR_IED_PorfirioBarba_Ext_301466,,,,,
2026-09-12T22:56:04-05:00,PUR_IED_PorfirioBarba_S11_df6cd2,PUR_IED_PorfirioBarba_S11_df6cd2,,,,,
2026-09-12T22:56:04-05:00,PUR_IED_PorfirioBarba_S29_27a7d6,PUR_IED_PorfirioBarba_S29_27a7d6,,,,,
2026-09-12T22:56:04-05:00,PUR_IED_PradoV_Exter_8b27ad,PUR_IED_PradoV_Exter_8b27ad,,,,,
2026-09-12T22:56:04-05:00,PUR_IED_PradoV_S301_de65b5,PUR_IED_PradoV_S301_de65b5,,,,,
2026-09-12T22:56:04-05:00,PUR_IED_PradoV_S302_7d2593,PUR_IED_PradoV_S302_7d2593,,,,,
2026-09-12T22:56:04-05:00,PUR_IED_QuirogaAlz_Ext_1ddc82,PUR_IED_QuirogaAlz_Ext_1ddc82,,,,,
2026-09-12T22:56:04-05:00,PUR_IED_QuirogaAlz_S302_9926a3,PUR_IED_QuirogaAlz_S302_9926a3,,,,,
2026-09-12T22:56:04-05:00,PUR_IED_QuirogaAlz_S305_cdf1f1,PUR_IED_QuirogaAlz_S305_cdf1f1,,,,,
2026-09-12T22:56:04-05:00,PUR_IED_RGuatemala_Biling_dc53b7,PUR_IED_RGuatemala_Biling_dc53b7,,,,,
2026-09-12T22:56:04-05:00,PUR_IED_RGuatemala_Ext_1b89a3,PUR_IED_RGuatemala_Ext_1b89a3,,,,,
2026-09-12T22:56:04-05:00,PUR_IED_RGuatemala_Tecnol_281a34,PUR_IED_RGuatemala_Tecnol_281a34,,,,,
2026-09-12T22:56:04-05:00,PUR_IED_RafaNu_Ext_f7c302,PUR_IED_RafaNu_Ext_f7c302,,,,,
2026-09-12T22:56:04-05:00,PUR_IED_RafaNu_S1101_25fde,PUR_IED_RafaNu_S1101_25fde,,,,,
2026-09-12T22:56:04-05:00,PUR_IED_RafaNu_S1102_281517,PUR_IED_RafaNu_S1102_281517,,,,,
2026-09-12T22:56:04-05:00,PUR_IED_RafaelB_S305_ee2783,PUR_IED_RafaelB_S305_ee2783,,,,,
2026-09-12T22:56:04-05:00,PUR_IED_RafaelB_S306_75fe33,PUR_IED_RafaelB_S306_75fe33,,,,,
2026-09-12T22:56:04-05:00,PUR_IED_RafaelB_ext_283336,PUR_IED_RafaelB_ext_283336,2,19,59,4.6722,-74.0737
2026-09-12T22:56:04-05:00,PUR_IED_RafaelUU_Exterior_281a51,PUR_IED_RafaelUU_Exterior_281a51,,,,,
2026-09-12T22:56:04-05:00,PUR_IED_RafaelUU_Human_806b2,PUR_IED_RafaelUU_Human_806b2,,,,,
2026-09-12T22:56:04-05:00,PUR_IED_RafaelUU_Mate2_5680d4,PUR_IED_RafaelUU_Mate2_5680d4,,,,,
2026-09-12T22:56:04-05:00,PUR_IED_RamonSub_Ext_f9eeb9,PUR_IED_RamonSub_Ext_f9eeb9,,,,,
2026-09-12T22:56:04-05:00,PUR_IED_RamonSub_Media_d1f62f,PUR_IED_RamonSub_Media_d1f62f,,,,,
2026-09-12T22:56:04-05:00,PUR_IED_RamonSub_planta_51b82,PUR_IED_RamonSub_planta_51b82,,,,,
2026-09-12T22:56:04-05:00,PUR_IED_RepBoliVene_Exter_27af7c,PUR_IED_RepBoliVene_Exter_27af7c,,,,,
2026-09-12T22:56:04-05:00,PUR_IED_RepBoliVene_SCPT_5ae2ee,PUR_IED_RepBoliVene_SCPT_5ae2ee,,,,,
2026-09-12T22:56:04-05:00,PUR_IED_RepBoliVene_Socia_4b11d5,PUR_IED_RepBoliVene_Socia_4b11d5,,,,,
2026-09-12T22:56:04-05:00,PUR_IED_RepChina_Ext_76d9ee,PUR_IED_RepChina_Ext_76d9ee,,,,,
2026-09-12T22:56:04-05:00,PUR_IED_RepChina_S404_7c804c,PUR_IED_RepChina_S404_7c804c,,,,,
2026-09-12T22:56:04-05:00,PUR_IED_RepChina_S405_df2c33,PUR_IED_RepChina_S405_df2c33,,,,,
2026-09-12T22:56:04-05:00,PUR_IED_RepublicaC_Exteri_7d1ec9,PUR_IED_RepublicaC_Exteri_7d1ec9,,,,,
2026-09-12T22:56:04-05:00,PUR_IED_RepublicaC_S1101_f544b3,PUR_IED_RepublicaC_S1101_f544b3,,,,,
2026-09-12T22:56:04-05:00,PUR_IED_RepublicaC_S1102_7aafc7,PUR_IED_RepublicaC_S1102_7aafc7,,,,,
2026-09-12T22:56:04-05:00,PUR_IED_Ricaurte_Externo_a0ea1,PUR_IED_Ricaurte_Externo_a0ea1,,,,,
2026-09-12T22:56:04-05:00,PUR_IED_Ricaurte_S210_f546fd,PUR_IED_Ricaurte_S210_f546fd,,,,,
2026-09-12T22:56:04-05:00,PUR_IED_Ricaurte_S309_d4452,PUR_IED_Ricaurte_S309_d4452,,,,,
2026-09-12T22:56:04-05:00,PUR_IED_RogelioS_1102_531e69,PUR_IED_RogelioS_1102_531e69,,,,,
2026-09-12T22:56:04-05:00,PUR_IED_RogelioS_Ext_f25a18,PUR_IED_RogelioS_Ext_f25a18,,,,,
2026-09-12T22:56:04-05:00,PUR_IED_SBernardino_Ext_27aff8,PUR_IED_SBernardino_Ext_27aff8,,,,,
2026-09-12T22:56:04-05:00,PUR_IED_SBernardino_SArte_2ffd33,PUR_IED_SBernardino_SArte_2ffd33,,,,,
2026-09-12T22:56:04-05:00,PUR_IED_SBernardino_SIngl_7c7da5,PUR_IED_SBernardino_SIngl_7c7da5,,,,,
2026-09-12T22:56:04-05:00,PUR_IED_Sago_auditorio_dc9d1d,PUR_IED_Sago_auditorio_dc9d1d,,,,,
2026-09-12T22:56:04-05:00,PUR_IED_Saludcoop_Ext_95aac3,PUR_IED_Saludcoop_Ext_95aac3,,,,,
2026-09-12T22:56:04-05:00,PUR_IED_Saludcoop_InfI_90c854,PUR_IED_Saludcoop_InfI_90c854,,,,,
2026-09-12T22:56:04-05:00,PUR_IED_Saludcoop_SMedia_1b93be,PUR_IED_Saludcoop_SMedia_1b93be,,,,,
2026-09-12T22:56:04-05:00,PUR_IED_SanCarlos_1101_1a2360,PUR_IED_SanCarlos_1101_1a2360,,,,,
2026-09-12T22:56:04-05:00,PUR_IED_SanCarlos_1103_7bafb5,PUR_IED_SanCarlos_1103_7bafb5,,,,,
2026-09-12T22:56:04-05:00,PUR_IED_SanCarlos_Ext_b7cd1,PUR_IED_SanCarlos_Ext_b7cd1,,,,,
2026-09-12T22:56:04-05:00,PUR_IED_SanIgnacioBosa11a_50c26e,PUR_IED_SanIgnacioBosa11a_50c26e,,,,,
2026-09-12T22:56:04-05:00,PUR_IED_SanIgnacioBosa11b_371de8,PUR_IED_SanIgnacioBosa11b_371de8,,,,,
2026-09-12T22:56:04-05:00,PUR_IED_SanIgnacioBosaExt_ef0ffc,PUR_IED_SanIgnacioBosaExt_ef0ffc,,,,,
2026-09-12T22:56:04-05:00,PUR_IED_SanIgnacioBosa_11a_50c26e,PUR_IED_SanIgnacioBosa_11a_50c26e,,,,,
2026-09-12T22:56:04-05:00,PUR_IED_SanIgnacioBosa_Ext_ef0ffc,PUR_IED_SanIgnacioBosa_Ext_ef0ffc,,,,,
2026-09-12T22:56:04-05:00,PUR_IED_SanJoseN_intS1101_31c47f,PUR_IED_SanJoseN_intS1101_31c47f,,,,,
2026-09-12T22:56:04-05:00,PUR_IED_SanJoseUsm_Exter_f5d7e8,PUR_IED_SanJoseUsm_Exter_f5d7e8,,,,,
2026-09-12T22:56:04-05:00,PUR_IED_SanJoseUsm_Int11A_cfdef6,PUR_IED_SanJoseUsm_Int11A_cfdef6,,,,,
2026-09-12T22:56:04-05:00,PUR_IED_SilveriaR_IntB5_905349,PUR_IED_SilveriaR_IntB5_905349,,,,,
2026-09-12T22:56:04-05:00,PUR_IED_SilveriaR_IntSD14_981f93,PUR_IED_SilveriaR_IntSD14_981f93,,,,,
2026-09-12T22:56:04-05:00,PUR_IED_SilveriaR_ext_2b651d,PUR_IED_SilveriaR_ext_2b651d,,,,,
2026-09-12T22:56:04-05:00,PUR_IED_SimonB_Exterior_913975,PUR_IED_SimonB_Exterior_913975,,,,,
2026-09-12T22:56:04-05:00,PUR_IED_SimonB_LabQuimi_c56908,PUR_IED_SimonB_LabQuimi_c56908,,,,,
2026-09-12T22:56:04-05:00,PUR_IED_SimonB_informatic_a28c1,PUR_IED_SimonB_informatic_a28c1,,,,,
2026-09-12T22:56:04-05:00,PUR_IED_Sorrento_1102_315f50,PUR_IED_Sorrento_1102_315f50,,,,,
2026-09-12T22:56:04-05:00,PUR_IED_Sorrento_Minte_214eab,PUR_IED_Sorrento_Minte_214eab,,,,,
2026-09-12T22:56:04-05:00,PUR_IED_Sorrento_ext_7c3a0a,PUR_IED_Sorrento_ext_7c3a0a,,,,,
2026-09-12T22:56:04-05:00,PUR_IED_Tabora_Ext_f048ae,PUR_IED_Tabora_Ext_f048ae,,,,,
2026-09-12T22:56:04-05:00,PUR_IED_Tabora_S1102_b07752,PUR_IED_Tabora_S1102_b07752,,,,,
2026-09-12T22:56:04-05:00,PUR_IED_Tabora_S1103_d988f5,PUR_IED_Tabora_S1103_d988f5,,,,,
2026-09-12T22:56:04-05:00,PUR_IED_Tenerife_Ext_1ab188,PUR_IED_Tenerife_Ext_1ab188,,,,,
2026-09-12T22:56:04-05:00,PUR_IED_Tenerife_SDanzas_7bc02e,PUR_IED_Tenerife_SDanzas_7bc02e,,,,,
2026-09-12T22:56:04-05:00,PUR_IED_Tenerife_SIngles_7cc277,PUR_IED_Tenerife_SIngles_7cc277,,,,,
2026-09-12T22:56:04-05:00,PUR_IED_Tibabuyes_Exter_f2683d,PUR_IED_Tibabuyes_Exter_f2683d,,,,,
2026-09-12T22:56:04-05:00,PUR_IED_Tibabuyes_S10_dc87a8,PUR_IED_Tibabuyes_S10_dc87a8,,,,,
2026-09-12T22:56:04-05:00,PUR_IED_Tibabuyes_S15_dc0526,PUR_IED_Tibabuyes_S15_dc0526,,,,,
2026-09-12T22:56:04-05:00,PUR_IED_UnionE_S301_a1043,PUR_IED_UnionE_S301_a1043,,,,,
2026-09-12T22:56:04-05:00,PUR_IED_UnionE_S307_ff6c2f,PUR_IED_UnionE_S307_ff6c2f,,,,,
2026-09-12T22:56:04-05:00,PUR_IED_UnionE__Ext_5e2468,PUR_IED_UnionE__Ext_5e2468,,,,,
2026-09-12T22:56:04-05:00,PUR_IED_VillaRica_Ext_75be7c,PUR_IED_VillaRica_Ext_75be7c,,,,,
2026-09-12T22:56:04-05:00,PUR_IED_VillaRica_S4_cc5dcd,PUR_IED_VillaRica_S4_cc5dcd,,,,,
2026-09-12T22:56:04-05:00,PUR_IED_VillaRica_Sesp_99f5c,PUR_IED_VillaRica_Sesp_99f5c,,,,,
2026-09-12T23:01:15-05:00,PUR_IED_20deJulio_1101_91b1b9,PUR_IED_20deJulio_1101_91b1b9,,,,,
2026-09-12T23:01:15-05:00,PUR_IED_20deJulio_1102_1cfcf9,PUR_IED_20deJulio_1102_1cfcf9,,,,,
2026-09-12T23:01:15-05:00,PUR_IED_20deJulio_Ext_ab60bd,PUR_IED_20deJulio_Ext_ab60bd,,,,,
2026-09-12T23:01:15-05:00,PUR_IED_AgustinFer_Ext_7b9b77,PUR_IED_AgustinFer_Ext_7b9b77,,,,,
2026-09-12T23:01:15-05:00,PUR_IED_AgustinFer_Info2_27b3a7,PUR_IED_AgustinFer_Info2_27b3a7,,,,,
2026-09-12T23:01:15-05:00,PUR_IED_AgustinFer_Sena_54b4eb,PUR_IED_AgustinFer_Sena_54b4eb,,,,,
2026-09-12T23:01:15-05:00,PUR_IED_AlexanderF_1102_caf07b,PUR_IED_AlexanderF_1102_caf07b,,,,,
2026-09-12T23:01:15-05:00,PUR_IED_AlexanderF_1103_c79e71,PUR_IED_AlexanderF_1103_c79e71,,,,,
2026-09-12T23:01:15-05:00,PUR_IED_AlexanderF_Ext_c5b18b,PUR_IED_AlexanderF_Ext_c5b18b,,,,,
2026-09-12T23:01:15-05:00,PUR_IED_AlfonsoLopez_Ext_281d77,PUR_IED_AlfonsoLopez_Ext_281d77,,,,,
2026-09-12T23:01:15-05:00,PUR_IED_AlfonsoLopez_LabF_888ce0,PUR_IED_AlfonsoLopez_LabF_888ce0,,,,,
2026-09-12T23:01:15-05:00,PUR_IED_AlfonsoLopez_SMed_df6a7f,PUR_IED_AlfonsoLopez_SMed_df6a7f,,,,,
2026-09-12T23:01:15-05:00,PUR_IED_AltamiraSO_A2_209f92,PUR_IED_AltamiraSO_A2_209f92,,,,,
2026-09-12T23:01:15-05:00,PUR_IED_AltamiraSO_Ext_186d66,PUR_IED_AltamiraSO_Ext_186d66,,,,,
2026-09-12T23:01:15-05:00,PUR_IED_AltamiraSO_Sistem_27afe1,PUR_IED_AltamiraSO_Sistem_27afe1,,,,,
2026-09-12T23:01:15-05:00,PUR_IED_AlvaroGom_LabQuim_813179,PUR_IED_AlvaroGom_LabQuim_813179,,,,,
2026-09-12T23:01:15-05:00,PUR_IED_AlvaroGomez_Ext_47c7ca,PUR_IED_AlvaroGomez_Ext_47c7ca,,,,,
2026-09-12T23:01:15-05:00,PUR_IED_AlvaroGomez_LabQuim_813179,PUR_IED_AlvaroGomez_LabQuim_813179,,,,,
2026-09-12T23:01:15-05:00,PUR_IED_AlvaroGomez_S23_7ba89f,PUR_IED_AlvaroGomez_S23_7ba89f,,,,,
2026-09-12T23:01:15-05:00,PUR_IED_Amistad_306_dc8728,PUR_IED_Amistad_306_dc8728,,,,,
2026-09-12T23:01:15-05:00,PUR_IED_Amistad_Ext_8cd55e,PUR_IED_Amistad_Ext_8cd55e,,,,,
2026-09-12T23:01:15-05:00,PUR_IED_Amistad_S202_a41169,PUR_IED_Amistad_S202_a41169,,,,,
2026-09-12T23:01:15-05:00,PUR_IED_AndresBello_Bio_fd5f5e,PUR_IED_AndresBello_Bio_fd5f5e,,,,,
2026-09-12T23:01:15-05:00,PUR_IED_AndresBello_ext_dcad65,PUR_IED_AndresBello_ext_dcad65,,,,,
2026-09-12T23:01:15-05:00,PUR_IED_AndresBello_port_eed3ec,PUR_IED_AndresBello_port_eed3ec,,,,,
2026-09-12T23:01:15-05:00,PUR_IED_AngelaR_11b_d90a6b,PUR_IED_AngelaR_11b_d90a6b,,,,,
2026-09-12T23:01:15-05:00,PUR_IED_AngelaR_ext_7cad3e,PUR_IED_AngelaR_ext_7cad3e,3,19,63,4.5825,-74.164497
2026-09-12T23:01:15-05:00,PUR_IED_AntJoseSucre_10mo_df2575,PUR_IED_AntJoseSucre_10mo_df2575,,,,,
2026-09-12T23:01:15-05:00,PUR_IED_AntJoseSucre_Ext_215b36,PUR_IED_AntJoseSucre_Ext_215b36,,,,,
2026-09-12T23:01:15-05:00,PUR_IED_AntJoseSucre_Lab_3139de,PUR_IED_AntJoseSucre_Lab_3139de,,,,,
2026-09-12T23:01:15-05:00,PUR_IED_AntonioGarcia_301_d6b188,PUR_IED_AntonioGarcia_301_d6b188,,,,,
2026-09-12T23:01:15-05:00,PUR_IED_AntonioGarcia_302_88a82,PUR_IED_AntonioGarcia_302_88a82,,,,,
2026-09-12T23:01:15-05:00,PUR_IED_AntonioGarcia_Ext_20950c,PUR_IED_AntonioGarcia_Ext_20950c,,,,,
2026-09-12T23:01:15-05:00,PUR_IED_AntonioVan_Aula2_6dea02,PUR_IED_AntonioVan_Aula2_6dea02,,,,,
2026-09-12T23:01:15-05:00,PUR_IED_AntonioVan_Aula5_f1557e,PUR_IED_AntonioVan_Aula5_f1557e,,,,,
2026-09-12T23:01:15-05:00,PUR_IED_AntonioVan_Ext_406f2f,PUR_IED_AntonioVan_Ext_406f2f,,,,,
2026-09-12T23:01:15-05:00,PUR_IED_Atabanzha_Ext_cc5af9,PUR_IED_Atabanzha_Ext_cc5af9,,,,,
2026-09-12T23:01:15-05:00,PUR_IED_Atabanzha_SA101_56c37,PUR_IED_Atabanzha_SA101_56c37,,,,,
2026-09-12T23:01:15-05:00,PUR_IED_Atabanzha_SB302_27b374,PUR_IED_Atabanzha_SB302_27b374,,,,,
2026-09-12T23:01:15-05:00,PUR_IED_Atahualpa_Ext_fc1748,PUR_IED_Atahualpa_Ext_fc1748,,,,,
2026-09-12T23:01:15-05:00,PUR_IED_Atahualpa_Informa_dc9a95,PUR_IED_Atahualpa_Informa_dc9a95,,,,,
2026-09-12T23:01:15-05:00,PUR_IED_Atahualpa_S1101_f98056,PUR_IED_Atahualpa_S1101_f98056,,,,,
2026-09-12T23:01:15-05:00,PUR_IED_Bellavista_Ext_f5aa74,PUR_IED_Bellavista_Ext_f5aa74,,,,,
2026-09-12T23:01:15-05:00,PUR_IED_Bilbao_11A_916c41,PUR_IED_Bilbao_11A_916c41,,,,,
2026-09-12T23:01:15-05:00,PUR_IED_Bilbao_Ext_fb579a,PUR_IED_Bilbao_Ext_fb579a,,,,,
2026-09-12T23:01:15-05:00,PUR_IED_BrasiliaU_A125_304280,PUR_IED_BrasiliaU_A125_304280,,,,,
2026-09-12T23:01:15-05:00,PUR_IED_BrasiliaU_A203_7c8ca5,PUR_IED_BrasiliaU_A203_7c8ca5,,,,,
2026-09-12T23:01:15-05:00,PUR_IED_BrasiliaU_Ext_8d6e9f,PUR_IED_BrasiliaU_Ext_8d6e9f,4,17,62,4.5175,-74.116302
2026-09-12T23:01:15-05:00,PUR_IED_Brasilia_Ext_fe6593,PUR_IED_Brasilia_Ext_fe6593,,,,,
2026-09-12T23:01:15-05:00,PUR_IED_Brasilia_S24_7c130d,PUR_IED_Brasilia_S24_7c130d,,,,,
2026-09-12T23:01:15-05:00,PUR_IED_Brasilia_S501_186a54,PUR_IED_Brasilia_S501_186a54,,,,,
2026-09-12T23:01:15-05:00,PUR_IED_CHARRY_EXT_f1d5cd,PUR_IED_CHARRY_EXT_f1d5cd,,,,,
2026-09-12T23:01:15-05:00,PUR_IED_CHARRY_INTDANZAS_7a08e6,PUR_IED_CHARRY_INTDANZAS_7a08e6,,,,,
2026-09-12T23:01:15-05:00,PUR_IED_CHARRY_INT_AULA20_dc998d,PUR_IED_CHARRY_INT_AULA20_dc998d,,,,,
2026-09-12T23:01:15-05:00,PUR_IED_COLVIV_1101_S25_7f520a,PUR_IED_COLVIV_1101_S25_7f520a,,,,,
2026-09-12T23:01:15-05:00,PUR_IED_COLVIV_1102_S16_f570ba,PUR_IED_COLVIV_1102_S16_f570ba,,,,,
2026-09-12T23:01:15-05:00,PUR_IED_COLVIV_Ext_1a26fa,PUR_IED_COLVIV_Ext_1a26fa,,,,,
2026-09-12T23:01:15-05:00,PUR_IED_CULPOP_301A_f660f3,PUR_IED_CULPOP_301A_f660f3,,,,,
2026-09-12T23:01:15-05:00,PUR_IED_CULPOP_303_568afe,PUR_IED_CULPOP_303_568afe,,,,,
2026-09-12T23:01:15-05:00,PUR_IED_CULPOP_Ext_e02ccb,PUR_IED_CULPOP_Ext_e02ccb,,,,,
2026-09-12T23:01:15-05:00,PUR_IED_CVillavicen_Ext_26eb58,PUR_IED_CVillavicen_Ext_26eb58,6,15,78,4.487,-74.102798
2026-09-12T23:01:15-05:00,PUR_IED_CVillavicen_Intel_1ce5c2,PUR_IED_CVillavicen_Intel_1ce5c2,,,,,
2026-09-12T23:01:15-05:00,PUR_IED_CVillavicen_Poliv_e0766c,PUR_IED_CVillavicen_Poliv_e0766c,,,,,
2026-09-12T23:01:15-05:00,PUR_IED_CVillavicen_int_1ba140,PUR_IED_CVillavicen_int_1ba140,,,,,
2026-09-12T23:01:15-05:00,PUR_IED_CVillavicen_intel_1ba140,PUR_IED_CVillavicen_intel_1ba140,,,,,
2026-09-12T23:01:15-05:00,PUR_IED_CarlosPizarro_Ext_e307cc,PUR_IED_CarlosPizarro_Ext_e307cc,,,,,
2026-09-12T23:01:15-05:00,PUR_IED_CarlosPizarro_L36_7e5cdb,PUR_IED_CarlosPizarro_L36_7e5cdb,,,,,
2026-09-12T23:01:15-05:00,PUR_IED_CarlosPizarro_L37_c8566c,PUR_IED_CarlosPizarro_L37_c8566c,,,,,
2026-09-12T23:01:15-05:00,PUR_IED_Castilla_Ext_cf35f,PUR_IED_Castilla_Ext_cf35f,,,,,
2026-09-12T23:01:15-05:00,PUR_IED_Castilla_SFisik_360e38,PUR_IED_Castilla_SFisik_360e38,,,,,
2026-09-12T23:01:15-05:00,PUR_IED_Castilla_Sc304_496fbf,PUR_IED_Castilla_Sc304_496fbf,,,,,
2026-09-12T23:01:15-05:00,PUR_IED_CervantesSa_Ext_6b57b,PUR_IED_CervantesSa_Ext_6b57b,3,16,69,4.5128,-74.117203
2026-09-12T23:01:15-05:00,PUR_IED_CervantesSa_S107_225c2b,PUR_IED_CervantesSa_S107_225c2b,,,,,
2026-09-12T23:01:15-05:00,PUR_IED_CervantesSa_S108_940925,PUR_IED_CervantesSa_S108_940925,,,,,
2026-09-12T23:01:15-05:00,PUR_IED_Charry_A20_f53e7c,PUR_IED_Charry_A20_f53e7c,,,,,
2026-09-12T23:01:15-05:00,PUR_IED_Charry_Ext_f1d5cd,PUR_IED_Charry_Ext_f1d5cd,,,,,
2026-09-12T23:01:15-05:00,PUR_IED_Charry_IntAula20_dc998d,PUR_IED_Charry_IntAula20_dc998d,,,,,
2026-09-12T23:01:15-05:00,PUR_IED_Charry_IntDanzas_7a08e6,PUR_IED_Charry_IntDanzas_7a08e6,,,,,
2026-09-12T23:01:15-05:00,PUR_IED_ClememciaC_203_43e2fc,PUR_IED_ClememciaC_203_43e2fc,,,,,
2026-09-12T23:01:15-05:00,PUR_IED_ClememciaC_Ext_1b411a,PUR_IED_ClememciaC_Ext_1b411a,,,,,
2026-09-12T23:01:15-05:00,PUR_IED_ClememciaC_Quimic_44b5fc,PUR_IED_ClememciaC_Quimic_44b5fc,,,,,
2026-09-12T23:01:15-05:00,PUR_IED_ClemenciaC_203_43e2fc,PUR_IED_ClemenciaC_203_43e2fc,,,,,
2026-09-12T23:01:15-05:00,PUR_IED_ClemenciaC_Ext_1b411a,PUR_IED_ClemenciaC_Ext_1b411a,,,,,
2026-09-12T23:01:15-05:00,PUR_IED_ClemenciaC_Quimic_44b5fc,PUR_IED_ClemenciaC_Quimic_44b5fc,,,,,
2026-09-12T23:01:15-05:00,PUR_IED_ColViva_1101_S25_7f520a,PUR_IED_ColViva_1101_S25_7f520a,,,,,
2026-09-12T23:01:15-05:00,PUR_IED_ColViva_1102_S16_f570ba,PUR_IED_ColViva_1102_S16_f570ba,,,,,
2026-09-12T23:01:15-05:00,PUR_IED_ColViva_Ext_1a26fa,PUR_IED_ColViva_Ext_1a26fa,,,,,
2026-09-12T23:01:15-05:00,PUR_IED_ColegioBici_Asist_7c8798,PUR_IED_ColegioBici_Asist_7c8798,,,,,
2026-09-12T23:01:15-05:00,PUR_IED_ColegioBici_Ext_25cbf6,PUR_IED_ColegioBici_Ext_25cbf6,,,,,
2026-09-12T23:01:15-05:00,PUR_IED_ColegioBici_LabQ_7b57db,PUR_IED_ColegioBici_LabQ_7b57db,,,,,
2026-09-12T23:01:15-05:00,PUR_IED_CostaRica_Ext_5e640,PUR_IED_CostaRica_Ext_5e640,,,,,
2026-09-12T23:01:15-05:00,PUR_IED_CostaRica_Quim1_766d1c,PUR_IED_CostaRica_Quim1_766d1c,,,,,
2026-09-12T23:01:15-05:00,PUR_IED_CostaRica__Fisica_6f0873,PUR_IED_CostaRica__Fisica_6f0873,,,,,
2026-09-12T23:01:15-05:00,PUR_IED_CulPopu_301A_f660f3,PUR_IED_CulPopu_301A_f660f3,,,,,
2026-09-12T23:01:15-05:00,PUR_IED_CulPopu_303_568afe,PUR_IED_CulPopu_303_568afe,,,,,
2026-09-12T23:01:15-05:00,PUR_IED_CulPopu_Ext_e02ccb,PUR_IED_CulPopu_Ext_e02ccb,,,,,
2026-09-12T23:01:15-05:00,PUR_IED_Cundinamarca_Ext_f15985,PUR_IED_Cundinamarca_Ext_f15985,,,,,
2026-09-12T23:01:15-05:00,PUR_IED_Cundinamarca_Info_7aa5d7,PUR_IED_Cundinamarca_Info_7aa5d7,,,,,
2026-09-12T23:01:15-05:00,PUR_IED_Cundinamarca_Tec2_f449c7,PUR_IED_Cundinamarca_Tec2_f449c7,,,,,
2026-09-12T23:01:15-05:00,PUR_IED_DiegoM_Aula1_27b314,PUR_IED_DiegoM_Aula1_27b314,,,,,
2026-09-12T23:01:15-05:00,PUR_IED_DiegoM_Ext_d80ac8,PUR_IED_DiegoM_Ext_d80ac8,,,,,
2026-09-12T23:01:15-05:00,PUR_IED_DiegoM_S25_da928f,PUR_IED_DiegoM_S25_da928f,,,,,
2026-09-12T23:01:15-05:00,PUR_IED_ELRODEO_360881,PUR_IED_ELRODEO_360881,,,,,
2026-09-12T23:01:15-05:00,PUR_IED_ELRODEO_ext_360881,PUR_IED_ELRODEO_ext_360881,,,,,
2026-09-12T23:01:15-05:00,PUR_IED_EduardoU_Ext_1c1969,PUR_IED_EduardoU_Ext_1c1969,,,,,
2026-09-12T23:01:15-05:00,PUR_IED_EduardoU_SCiencia_4dfb94,PUR_IED_EduardoU_SCiencia_4dfb94,,,,,
2026-09-12T23:01:15-05:00,PUR_IED_EduardoU_SQuimica_5a46e7,PUR_IED_EduardoU_SQuimica_5a46e7,,,,,
2026-09-12T23:01:15-05:00,PUR_IED_ElRodeo_Aula14_676984,PUR_IED_ElRodeo_Aula14_676984,,,,,
2026-09-12T23:01:15-05:00,PUR_IED_ElRodeo_Aula16_2dd35b,PUR_IED_ElRodeo_Aula16_2dd35b,,,,,
2026-09-12T23:01:15-05:00,PUR_IED_ElRodeo_Ext_360881,PUR_IED_ElRodeo_Ext_360881,,,,,
2026-09-12T23:01:15-05:00,PUR_IED_ElRodeo_Exterior_8c6d28,PUR_IED_ElRodeo_Exterior_8c6d28,,,,,
2026-09-12T23:01:15-05:00,PUR_IED_ElRodeo_ext_360881,PUR_IED_ElRodeo_ext_360881,,,,,
2026-09-12T23:01:15-05:00,PUR_IED_EmmaReyes_Ext_987625,PUR_IED_EmmaReyes_Ext_987625,6,21,52,4.6367,-74.1511
2026-09-12T23:01:15-05:00,PUR_IED_Ensueño_Ext_7f0250,PUR_IED_Ensueño_Ext_7f0250,,,,,
2026-09-12T23:01:15-05:00,PUR_IED_EscNormal_Ext_5fef3b,PUR_IED_EscNormal_Ext_5fef3b,2,18,62,4.5852,-74.096901
2026-09-12T23:01:15-05:00,PUR_IED_EscNormal_S309_5b263,PUR_IED_EscNormal_S309_5b263,,,,,
2026-09-12T23:01:15-05:00,PUR_IED_EscNormal_S310_27b3b8,PUR_IED_EscNormal_S310_27b3b8,,,,,
2026-09-12T23:01:15-05:00,PUR_IED_Evangelista_Conta_f6cd4f,PUR_IED_Evangelista_Conta_f6cd4f,,,,,
2026-09-12T23:01:15-05:00,PUR_IED_Evangelista_Cri_5e16a,PUR_IED_Evangelista_Cri_5e16a,,,,,
2026-09-12T23:01:15-05:00,PUR_IED_Evangelista_Exter_754066,PUR_IED_Evangelista_Exter_754066,,,,,
2026-09-12T23:01:15-05:00,PUR_IED_FMiranda_S209_5cc2a3,PUR_IED_FMiranda_S209_5cc2a3,,,,,
2026-09-12T23:01:15-05:00,PUR_IED_FMiranda_S303_19e344,PUR_IED_FMiranda_S303_19e344,,,,,
2026-09-12T23:01:15-05:00,PUR_IED_FMiranda_ext_f53e7c,PUR_IED_FMiranda_ext_f53e7c,,,,,
2026-09-12T23:01:15-05:00,PUR_IED_FabioLozano_Bibli_1cee05,PUR_IED_FabioLozano_Bibli_1cee05,,,,,
2026-09-12T23:01:15-05:00,PUR_IED_FabioLozano_Ext_6ea285,PUR_IED_FabioLozano_Ext_6ea285,,,,,
2026-09-12T23:01:15-05:00,PUR_IED_FabioLozano_SLudi_f09e1e,PUR_IED_FabioLozano_SLudi_f09e1e,,,,,
2026-09-12T23:01:15-05:00,PUR_IED_FaustinoS_Aula07_27a731,PUR_IED_FaustinoS_Aula07_27a731,,,,,
2026-09-12T23:01:15-05:00,PUR_IED_FaustinoS_Ext_7b936f,PUR_IED_FaustinoS_Ext_7b936f,,,,,
2026-09-12T23:01:15-05:00,PUR_IED_FaustinoS_Fisica_da2c60,PUR_IED_FaustinoS_Fisica_da2c60,,,,,
2026-09-12T23:01:15-05:00,PUR_IED_FeGarciaLo_Ext_dc68ee,PUR_IED_FeGarciaLo_Ext_dc68ee,,,,,
2026-09-12T23:01:15-05:00,PUR_IED_FeGarciaLo_SDanza_f70a59,PUR_IED_FeGarciaLo_SDanza_f70a59,,,,,
2026-09-12T23:01:15-05:00,PUR_IED_FeGarciaLo_SMusic_125cdd,PUR_IED_FeGarciaLo_SMusic_125cdd,,,,,
2026-09-12T23:01:15-05:00,PUR_IED_FederalAlema_Exte_50c345,PUR_IED_FederalAlema_Exte_50c345,,,,,
2026-09-12T23:01:15-05:00,PUR_IED_FederalAlema_S31_f18371,PUR_IED_FederalAlema_S31_f18371,,,,,
2026-09-12T23:01:15-05:00,PUR_IED_FederalAlema_S901_a62cd,PUR_IED_FederalAlema_S901_a62cd,,,,,
2026-09-12T23:01:15-05:00,PUR_IED_FilarmonicaS_A5_f35eb1,PUR_IED_FilarmonicaS_A5_f35eb1,,,,,
2026-09-12T23:01:15-05:00,PUR_IED_FilarmonicaS_Ext_8a3bde,PUR_IED_FilarmonicaS_Ext_8a3bde,,,,,
2026-09-12T23:01:15-05:00,PUR_IED_FilarmonicaS_Spol_406114,PUR_IED_FilarmonicaS_Spol_406114,,,,,
2026-09-12T23:01:15-05:00,PUR_IED_FlorentinoG_A13_d1fa59,PUR_IED_FlorentinoG_A13_d1fa59,,,,,
2026-09-12T23:01:15-05:00,PUR_IED_FlorentinoG_Ext_1ce6ce,PUR_IED_FlorentinoG_Ext_1ce6ce,,,,,
2026-09-12T23:01:15-05:00,PUR_IED_FlorentinoG_Idiom_a66aac,PUR_IED_FlorentinoG_Idiom_a66aac,,,,,
2026-09-12T23:01:15-05:00,PUR_IED_FranciscoMati_Ext_e3869d,PUR_IED_FranciscoMati_Ext_e3869d,,,,,
2026-09-12T23:01:15-05:00,PUR_IED_FranciscoMati_S13_f31c67,PUR_IED_FranciscoMati_S13_f31c67,,,,,
2026-09-12T23:01:15-05:00,PUR_IED_FranciscoMati_S14_97dead,PUR_IED_FranciscoMati_S14_97dead,,,,,
2026-09-12T23:01:15-05:00,PUR_IED_FranciscoPS_Ext_7bfa9a,PUR_IED_FranciscoPS_Ext_7bfa9a,4,19,62,4.5899,-74.110397
2026-09-12T23:01:15-05:00,PUR_IED_FranciscoPS_Infor_fb8f4c,PUR_IED_FranciscoPS_Infor_fb8f4c,,,,,
2026-09-12T23:01:15-05:00,PUR_IED_FranciscoPS_Quimi_94d39c,PUR_IED_FranciscoPS_Quimi_94d39c,,,,,
2026-09-12T23:01:15-05:00,PUR_IED_FranciscoP_LabQ_d7e148,PUR_IED_FranciscoP_LabQ_d7e148,,,,,
2026-09-12T23:01:15-05:00,PUR_IED_FranciscoP_S28_cf9b30,PUR_IED_FranciscoP_S28_cf9b30,,,,,
2026-09-12T23:01:15-05:00,PUR_IED_FranciscoP_ext_e2313,PUR_IED_FranciscoP_ext_e2313,,,,,
2026-09-12T23:01:15-05:00,PUR_IED_FriederichN_Ext_8ac92a,PUR_IED_FriederichN_Ext_8ac92a,,,,,
2026-09-12T23:01:15-05:00,PUR_IED_FriederichN_S301_dd7e5a,PUR_IED_FriederichN_S301_dd7e5a,,,,,
2026-09-12T23:01:15-05:00,PUR_IED_FriederichN_S308_761f4f,PUR_IED_FriederichN_S308_761f4f,,,,,
2026-09-12T23:01:15-05:00,PUR_IED_GSantander_Aula10_533dd7,PUR_IED_GSantander_Aula10_533dd7,,,,,
2026-09-12T23:01:15-05:00,PUR_IED_GSantander_Aula12_fd4e4f,PUR_IED_GSantander_Aula12_fd4e4f,,,,,
2026-09-12T23:01:15-05:00,PUR_IED_GSantander_Aula310_533dd7,PUR_IED_GSantander_Aula310_533dd7,,,,,
2026-09-12T23:01:15-05:00,PUR_IED_GSantander_Aula312_fd4e4f,PUR_IED_GSantander_Aula312_fd4e4f,,,,,
2026-09-12T23:01:15-05:00,PUR_IED_GSantander_Ext_5f66b0,PUR_IED_GSantander_Ext_5f66b0,,,,,
2026-09-12T23:01:15-05:00,PUR_IED_GYomasa_Ext_f6bea5,PUR_IED_GYomasa_Ext_f6bea5,,,,,
2026-09-12T23:01:15-05:00,PUR_IED_GYomasa_LBiol_2c41aa,PUR_IED_GYomasa_LBiol_2c41aa,,,,,
2026-09-12T23:01:15-05:00,PUR_IED_GYomasa_LQuim_33c80,PUR_IED_GYomasa_LQuim_33c80,,,,,
2026-09-12T23:01:15-05:00,PUR_IED_GabBetMejia_Cienc_5a99c,PUR_IED_GabBetMejia_Cienc_5a99c,,,,,
2026-09-12T23:01:15-05:00,PUR_IED_GabBetMejia_Ext_9153d0,PUR_IED_GabBetMejia_Ext_9153d0,,,,,
2026-09-12T23:01:15-05:00,PUR_IED_GabBetMejia_Lab_f55347,PUR_IED_GabBetMejia_Lab_f55347,,,,,
2026-09-12T23:01:15-05:00,PUR_IED_GabBetanMejia_Ext_9153d0,PUR_IED_GabBetanMejia_Ext_9153d0,,,,,
2026-09-12T23:01:15-05:00,PUR_IED_Gaitana_Aula13_7aac11,PUR_IED_Gaitana_Aula13_7aac11,,,,,
2026-09-12T23:01:15-05:00,PUR_IED_Gaitana_Ext_5fcf4,PUR_IED_Gaitana_Ext_5fcf4,,,,,
2026-09-12T23:01:15-05:00,PUR_IED_Gaitana_LabFisica_644448,PUR_IED_Gaitana_LabFisica_644448,,,,,
2026-09-12T23:01:15-05:00,PUR_IED_GenSantander_Dise_8ac858,PUR_IED_GenSantander_Dise_8ac858,,,,,
2026-09-12T23:01:15-05:00,PUR_IED_GenSantander_Ext_8d5dfe,PUR_IED_GenSantander_Ext_8d5dfe,,,,,
2026-09-12T23:01:15-05:00,PUR_IED_GenSantander_Info_6c25b,PUR_IED_GenSantander_Info_6c25b,,,,,
2026-09-12T23:01:15-05:00,PUR_IED_GustavoMo_Exterio_75e63d,PUR_IED_GustavoMo_Exterio_75e63d,,,,,
2026-09-12T23:01:15-05:00,PUR_IED_GustavoMo_LabFisi_224d37,PUR_IED_GustavoMo_LabFisi_224d37,,,,,
2026-09-12T23:01:15-05:00,PUR_IED_GustavoMo_S208_3e6918,PUR_IED_GustavoMo_S208_3e6918,,,,,
2026-09-12T23:01:15-05:00,PUR_IED_GustavoR_A02_8cd4a8,PUR_IED_GustavoR_A02_8cd4a8,,,,,
2026-09-12T23:01:15-05:00,PUR_IED_GustavoR_B11_5b0ed,PUR_IED_GustavoR_B11_5b0ed,,,,,
2026-09-12T23:01:15-05:00,PUR_IED_GustavoR_Ext_7a0c90,PUR_IED_GustavoR_Ext_7a0c90,,,,,
2026-09-12T23:01:15-05:00,PUR_IED_HernandoDuran_Ext_8cd82b,PUR_IED_HernandoDuran_Ext_8cd82b,,,,,
2026-09-12T23:01:15-05:00,PUR_IED_HernandoDuran_S24_2772c6,PUR_IED_HernandoDuran_S24_2772c6,,,,,
2026-09-12T23:01:15-05:00,PUR_IED_HernandoDuran_S30_f2de41,PUR_IED_HernandoDuran_S30_f2de41,,,,,
2026-09-12T23:01:15-05:00,PUR_IED_HolguInUr_S1101_8cd732,PUR_IED_HolguInUr_S1101_8cd732,,,,,
2026-09-12T23:01:15-05:00,PUR_IED_HolguinUr_Exter_ddae6d,PUR_IED_HolguinUr_Exter_ddae6d,,,,,
2026-09-12T23:01:15-05:00,PUR_IED_HolguinUr_LabQuim_92b952,PUR_IED_HolguinUr_LabQuim_92b952,,,,,
2026-09-12T23:01:15-05:00,PUR_IED_Isabel-II_Ext_5245cc,PUR_IED_Isabel-II_Ext_5245cc,6,19,58,4.6336,-74.153
2026-09-12T23:01:15-05:00,PUR_IED_Isabel-II_S_idiom_1c29aa,PUR_IED_Isabel-II_S_idiom_1c29aa,,,,,
2026-09-12T23:01:15-05:00,PUR_IED_Isabel-II_S_infor_fd741,PUR_IED_Isabel-II_S_infor_fd741,,,,,
2026-09-12T23:01:15-05:00,PUR_IED_IsidroSur_Exterio_5b90ea,PUR_IED_IsidroSur_Exterio_5b90ea,,,,,
2026-09-12T23:01:15-05:00,PUR_IED_IsidroSur_LabTec_56697a,PUR_IED_IsidroSur_LabTec_56697a,,,,,
2026-09-12T23:01:15-05:00,PUR_IED_IsidroSur_Robotic_b7c38f,PUR_IED_IsidroSur_Robotic_b7c38f,,,,,
2026-09-12T23:01:15-05:00,PUR_IED_IsmaelPerd_Ext_7b6672,PUR_IED_IsmaelPerd_Ext_7b6672,,,,,
2026-09-12T23:01:15-05:00,PUR_IED_IsmaelPerd_Inform_306540,PUR_IED_IsmaelPerd_Inform_306540,,,,,
2026-09-12T23:01:15-05:00,PUR_IED_IsmaelPerd_S30_2e2c83,PUR_IED_IsmaelPerd_S30_2e2c83,,,,,
2026-09-12T23:01:15-05:00,PUR_IED_JLozano_Exter_432910,PUR_IED_JLozano_Exter_432910,,,,,
2026-09-12T23:01:15-05:00,PUR_IED_JLozano_salaMulti_df5125,PUR_IED_JLozano_salaMulti_df5125,,,,,
2026-09-12T23:01:15-05:00,PUR_IED_JMCordoba_206_86f80b,PUR_IED_JMCordoba_206_86f80b,,,,,
2026-09-12T23:01:15-05:00,PUR_IED_JMCordoba_Ext_27ad97,PUR_IED_JMCordoba_Ext_27ad97,,,,,
2026-09-12T23:01:15-05:00,PUR_IED_JMCordoba_S310_d59ab4,PUR_IED_JMCordoba_S310_d59ab4,,,,,
2026-09-12T23:01:15-05:00,PUR_IED_Japon_Ext_549100,PUR_IED_Japon_Ext_549100,,,,,
2026-09-12T23:01:15-05:00,PUR_IED_Japon_Laboratorio_bec51d,PUR_IED_Japon_Laboratorio_bec51d,,,,,
2026-09-12T23:01:15-05:00,PUR_IED_Japon_informatica_d99327,PUR_IED_Japon_informatica_d99327,,,,,
2026-09-12T23:01:15-05:00,PUR_IED_Jazmin_Ext_d27bda,PUR_IED_Jazmin_Ext_d27bda,,,,,
2026-09-12T23:01:15-05:00,PUR_IED_Jazmin_Fisica_8d14d7,PUR_IED_Jazmin_Fisica_8d14d7,,,,,
2026-09-12T23:01:15-05:00,PUR_IED_Jazmin_Quimica_801cb5,PUR_IED_Jazmin_Quimica_801cb5,,,,,
2026-09-12T23:01:15-05:00,PUR_IED_JorgeGaitan_Exter_f098d1,PUR_IED_JorgeGaitan_Exter_f098d1,,,,,
2026-09-12T23:01:15-05:00,PUR_IED_JorgeGaitan_STec1_dc9d1d,PUR_IED_JorgeGaitan_STec1_dc9d1d,,,,,
2026-09-12T23:01:15-05:00,PUR_IED_JorgeGaitan_STec2_281e69,PUR_IED_JorgeGaitan_STec2_281e69,,,,,
2026-09-12T23:01:15-05:00,PUR_IED_JorgeSoto_Exterio_d9d0a2,PUR_IED_JorgeSoto_Exterio_d9d0a2,,,,,
2026-09-12T23:01:15-05:00,PUR_IED_JorgeSoto_LabFisi_209c54,PUR_IED_JorgeSoto_LabFisi_209c54,,,,,
2026-09-12T23:01:15-05:00,PUR_IED_JorgeSoto_S103_27b51a,PUR_IED_JorgeSoto_S103_27b51a,,,,,
2026-09-12T23:01:15-05:00,PUR_IED_JoseAcevedo_A02_e965eb,PUR_IED_JoseAcevedo_A02_e965eb,,,,,
2026-09-12T23:01:15-05:00,PUR_IED_JoseAcevedo_A07_dd5b4,PUR_IED_JoseAcevedo_A07_dd5b4,,,,,
2026-09-12T23:01:15-05:00,PUR_IED_JoseAcevedo_Ext_b47484,PUR_IED_JoseAcevedo_Ext_b47484,,,,,
2026-09-12T23:01:15-05:00,PUR_IED_JoseMarti_Exte_5b9bf,PUR_IED_JoseMarti_Exte_5b9bf,,,,,
2026-09-12T23:01:15-05:00,PUR_IED_JoseMarti_LabQuim_1c6c2d,PUR_IED_JoseMarti_LabQuim_1c6c2d,,,,,
2026-09-12T23:01:15-05:00,PUR_IED_JoseMarti_S_info_f5f177,PUR_IED_JoseMarti_S_info_f5f177,,,,,
2026-09-12T23:01:15-05:00,PUR_IED_Josejoaquin_Ext_dfc5dc,PUR_IED_Josejoaquin_Ext_dfc5dc,,,,,
2026-09-12T23:01:15-05:00,PUR_IED_Josejoaquin_S05_5b2a96,PUR_IED_Josejoaquin_S05_5b2a96,,,,,
2026-09-12T23:01:15-05:00,PUR_IED_Josejoaquin_S06_1ce7d2,PUR_IED_Josejoaquin_S06_1ce7d2,,,,,
2026-09-12T23:01:15-05:00,PUR_IED_JulioFlorez_Danza_9b82dd,PUR_IED_JulioFlorez_Danza_9b82dd,,,,,
2026-09-12T23:01:15-05:00,PUR_IED_JulioFlorez_Exter_f9f314,PUR_IED_JulioFlorez_Exter_f9f314,,,,,
2026-09-12T23:01:15-05:00,PUR_IED_JulioFlorez_info2_6b6e08,PUR_IED_JulioFlorez_info2_6b6e08,,,,,
2026-09-12T23:01:15-05:00,PUR_IED_LaBelleza_Aula13_1d00d8,PUR_IED_LaBelleza_Aula13_1d00d8,,,,,
2026-09-12T23:01:15-05:00,PUR_IED_LaBelleza_Ext_7bc08c,PUR_IED_LaBelleza_Ext_7bc08c,,,,,
2026-09-12T23:01:15-05:00,PUR_IED_LaChucua_Ext_8cd6d2,PUR_IED_LaChucua_Ext_8cd6d2,,,,,
2026-09-12T23:01:15-05:00,PUR_IED_LaChucua_S15_f578ce,PUR_IED_LaChucua_S15_f578ce,,,,,
2026-09-12T23:01:15-05:00,PUR_IED_LaChucua_S16_eebcf9,PUR_IED_LaChucua_S16_eebcf9,,,,,
2026-09-12T23:01:15-05:00,PUR_IED_LaFelicidad_Ext_fb5109,PUR_IED_LaFelicidad_Ext_fb5109,,,,,
2026-09-12T23:01:15-05:00,PUR_IED_LaMerced_206_66ebd,PUR_IED_LaMerced_206_66ebd,,,,,
2026-09-12T23:01:15-05:00,PUR_IED_LaMerced_207_6ebd6,PUR_IED_LaMerced_207_6ebd6,,,,,
2026-09-12T23:01:15-05:00,PUR_IED_LaMerced_ext_304311,PUR_IED_LaMerced_ext_304311,,,,,
2026-09-12T23:01:15-05:00,PUR_IED_Laureano_CiencNat_281e5e,PUR_IED_Laureano_CiencNat_281e5e,,,,,
2026-09-12T23:01:15-05:00,PUR_IED_Laureano_Comedor_f65c0a,PUR_IED_Laureano_Comedor_f65c0a,,,,,
2026-09-12T23:01:15-05:00,PUR_IED_Laureano_Exterior_7ab011,PUR_IED_Laureano_Exterior_7ab011,,,,,
2026-09-12T23:01:15-05:00,PUR_IED_LeonGreiff_Exte_dfe560,PUR_IED_LeonGreiff_Exte_dfe560,,,,,
2026-09-12T23:01:15-05:00,PUR_IED_LeonGreiff_S210_f264ed,PUR_IED_LeonGreiff_S210_f264ed,,,,,
2026-09-12T23:01:15-05:00,PUR_IED_LeonGreiff_SQuimi_e8296f,PUR_IED_LeonGreiff_SQuimi_e8296f,,,,,
2026-09-12T23:01:15-05:00,PUR_IED_LlanoOrientalS208_7b9fcd,PUR_IED_LlanoOrientalS208_7b9fcd,,,,,
2026-09-12T23:01:15-05:00,PUR_IED_LlanoOriental_Ext_fb3766,PUR_IED_LlanoOriental_Ext_fb3766,,,,,
2026-09-12T23:01:15-05:00,PUR_IED_LlanoOriental_S208_7b9fcd,PUR_IED_LlanoOriental_S208_7b9fcd,,,,,
2026-09-12T23:01:15-05:00,PUR_IED_LlanoOriental_S9_27b378,PUR_IED_LlanoOriental_S9_27b378,,,,,
2026-09-12T23:01:15-05:00,PUR_IED_LosTejares_1101_477602,PUR_IED_LosTejares_1101_477602,,,,,
2026-09-12T23:01:15-05:00,PUR_IED_LosTejares_11_d2c595,PUR_IED_LosTejares_11_d2c595,,,,,
2026-09-12T23:01:15-05:00,PUR_IED_LosTejares_12_477602,PUR_IED_LosTejares_12_477602,,,,,
2026-09-12T23:01:15-05:00,PUR_IED_LosTejares_Ext_8e2115,PUR_IED_LosTejares_Ext_8e2115,,,,,
2026-09-12T23:01:15-05:00,PUR_IED_MagdalenaO_B202_5ddda3,PUR_IED_MagdalenaO_B202_5ddda3,,,,,
2026-09-12T23:01:15-05:00,PUR_IED_MagdalenaO_B205_fb76e8,PUR_IED_MagdalenaO_B205_fb76e8,,,,,
2026-09-12T23:01:15-05:00,PUR_IED_MagdalenaO_ext_dc69cd,PUR_IED_MagdalenaO_ext_dc69cd,,,,,
2026-09-12T23:01:15-05:00,PUR_IED_ManueCepeda_artes_eee956,PUR_IED_ManueCepeda_artes_eee956,,,,,
2026-09-12T23:01:15-05:00,PUR_IED_ManuelCepeda_Ext_58313,PUR_IED_ManuelCepeda_Ext_58313,,,,,
2026-09-12T23:01:15-05:00,PUR_IED_ManuelCepeda_tec_1c5731,PUR_IED_ManuelCepeda_tec_1c5731,,,,,
2026-09-12T23:01:15-05:00,PUR_IED_ManuelS_Exterior_5b269,PUR_IED_ManuelS_Exterior_5b269,,,,,
2026-09-12T23:01:15-05:00,PUR_IED_ManuelS_Inform_f369ce,PUR_IED_ManuelS_Inform_f369ce,,,,,
2026-09-12T23:01:15-05:00,PUR_IED_ManuelS_SArtes_7d15f1,PUR_IED_ManuelS_SArtes_7d15f1,,,,,
2026-09-12T23:01:15-05:00,PUR_IED_ManuelZapata_303_3ca6,PUR_IED_ManuelZapata_303_3ca6,,,,,
2026-09-12T23:01:15-05:00,PUR_IED_ManuelZapata_311_bfbabc,PUR_IED_ManuelZapata_311_bfbabc,,,,,
2026-09-12T23:01:15-05:00,PUR_IED_ManuelZapata_Ext_50824a,PUR_IED_ManuelZapata_Ext_50824a,,,,,
2026-09-12T23:01:15-05:00,PUR_IED_ManuelitaS_Exteri_656a92,PUR_IED_ManuelitaS_Exteri_656a92,,,,,
2026-09-12T23:01:15-05:00,PUR_IED_ManuelitaS_JuzgDe_f58ec3,PUR_IED_ManuelitaS_JuzgDe_f58ec3,,,,,
2026-09-12T23:01:15-05:00,PUR_IED_ManuelitaS_Recrea_d793db,PUR_IED_ManuelitaS_Recrea_d793db,,,,,
2026-09-12T23:01:15-05:00,PUR_IED_MarFidSuarez_Ext_c27b19,PUR_IED_MarFidSuarez_Ext_c27b19,,,,,
2026-09-12T23:01:15-05:00,PUR_IED_MarFidSuarez_Info_e384d7,PUR_IED_MarFidSuarez_Info_e384d7,,,,,
2026-09-12T23:01:15-05:00,PUR_IED_MarFidSuarez_S306_1d0032,PUR_IED_MarFidSuarez_S306_1d0032,,,,,
2026-09-12T23:01:15-05:00,PUR_IED_Menorah_301_2a25a3,PUR_IED_Menorah_301_2a25a3,,,,,
2026-09-12T23:01:15-05:00,PUR_IED_Menorah_306_37ed3,PUR_IED_Menorah_306_37ed3,,,,,
2026-09-12T23:01:15-05:00,PUR_IED_Menorah_Ext_3e155b,PUR_IED_Menorah_Ext_3e155b,,,,,
2026-09-12T23:01:15-05:00,PUR_IED_MinutoB.Aires_A11_1b1604,PUR_IED_MinutoB.Aires_A11_1b1604,,,,,
2026-09-12T23:01:15-05:00,PUR_IED_MinutoB.Aires_A12_fb5860,PUR_IED_MinutoB.Aires_A12_fb5860,,,,,
2026-09-12T23:01:15-05:00,PUR_IED_MinutoB.Aires_Ext_81293f,PUR_IED_MinutoB.Aires_Ext_81293f,,,,,
2026-09-12T23:01:15-05:00,PUR_IED_MinutoBAires_A11_1b1604,PUR_IED_MinutoBAires_A11_1b1604,,,,,
2026-09-12T23:01:15-05:00,PUR_IED_MinutoBAires_A12_fb5860,PUR_IED_MinutoBAires_A12_fb5860,,,,,
2026-09-12T23:01:15-05:00,PUR_IED_MinutoBAires_Ext_81293f,PUR_IED_MinutoBAires_Ext_81293f,,,,,
2026-09-12T23:01:15-05:00,PUR_IED_Montreal_Aula10_1e4959,PUR_IED_Montreal_Aula10_1e4959,,,,,
2026-09-12T23:01:15-05:00,PUR_IED_Montreal_Aula6_300367,PUR_IED_Montreal_Aula6_300367,,,,,
2026-09-12T23:01:15-05:00,PUR_IED_Montreal_Exterior_91a179,PUR_IED_Montreal_Exterior_91a179,,,,,
2026-09-12T23:01:15-05:00,PUR_IED_Mqgdalena_B202_5ddda3,PUR_IED_Mqgdalena_B202_5ddda3,,,,,
2026-09-12T23:01:15-05:00,PUR_IED_NACUND_Soc_dc8728,PUR_IED_NACUND_Soc_dc8728,,,,,
2026-09-12T23:01:15-05:00,PUR_IED_NACUND_ext_27ad97,PUR_IED_NACUND_ext_27ad97,,,,,
2026-09-12T23:01:15-05:00,PUR_IED_NEsperanza_Ext_d24b61,PUR_IED_NEsperanza_Ext_d24b61,,,,,
2026-09-12T23:01:15-05:00,PUR_IED_NEsperanza_SElect_7d1807,PUR_IED_NEsperanza_SElect_7d1807,,,,,
2026-09-12T23:01:15-05:00,PUR_IED_NEsperanza_SLabor_8b2d0a,PUR_IED_NEsperanza_SLabor_8b2d0a,,,,,
2026-09-12T23:01:15-05:00,PUR_IED_NacionesU_Ext_f661a9,PUR_IED_NacionesU_Ext_f661a9,,,,,
2026-09-12T23:01:15-05:00,PUR_IED_NacionesU_Quimica_66f0a,PUR_IED_NacionesU_Quimica_66f0a,,,,,
2026-09-12T23:01:15-05:00,PUR_IED_NacionesU_S306_1b4b3d,PUR_IED_NacionesU_S306_1b4b3d,,,,,
2026-09-12T23:01:15-05:00,PUR_IED_NestorFA_Ext_e4201c,PUR_IED_NestorFA_Ext_e4201c,,,,,
2026-09-12T23:01:15-05:00,PUR_IED_NestorFA_Laborato_f22fe0,PUR_IED_NestorFA_Laborato_f22fe0,,,,,
2026-09-12T23:01:15-05:00,PUR_IED_NestorFA_S204_dee996,PUR_IED_NestorFA_S204_dee996,,,,,
2026-09-12T23:01:15-05:00,PUR_IED_NidyaQT_Aula03_76999b,PUR_IED_NidyaQT_Aula03_76999b,,,,,
2026-09-12T23:01:15-05:00,PUR_IED_NidyaQT_Aula10_56325,PUR_IED_NidyaQT_Aula10_56325,,,,,
2026-09-12T23:01:15-05:00,PUR_IED_NidyaQT_Ext_46e32d,PUR_IED_NidyaQT_Ext_46e32d,,,,,
2026-09-12T23:01:15-05:00,PUR_IED_NuevaCol_Exterior_d9b859,PUR_IED_NuevaCol_Exterior_d9b859,,,,,
2026-09-12T23:01:15-05:00,PUR_IED_NuevaCol_S1101_76c43b,PUR_IED_NuevaCol_S1101_76c43b,,,,,
2026-09-12T23:01:15-05:00,PUR_IED_NuevaCol_S1102_1ce0b5,PUR_IED_NuevaCol_S1102_1ce0b5,,,,,
2026-09-12T23:01:15-05:00,PUR_IED_OEA_A202_f7e3f2,PUR_IED_OEA_A202_f7e3f2,,,,,
2026-09-12T23:01:15-05:00,PUR_IED_OEA_A203_7d1b8d,PUR_IED_OEA_A203_7d1b8d,,,,,
2026-09-12T23:01:15-05:00,PUR_IED_OEA_Ext_27b593,PUR_IED_OEA_Ext_27b593,,,,,
2026-09-12T23:01:15-05:00,PUR_IED_Ochoa_Ext_1c29da,PUR_IED_Ochoa_Ext_1c29da,,,,,
2026-09-12T23:01:15-05:00,PUR_IED_Ochoa_S205_8b1121,PUR_IED_Ochoa_S205_8b1121,,,,,
2026-09-12T23:01:15-05:00,PUR_IED_Ochoa_Sistemas_f33af6,PUR_IED_Ochoa_Sistemas_f33af6,,,,,
2026-09-12T23:01:15-05:00,PUR_IED_PQuebec_Ext_1c67c7,PUR_IED_PQuebec_Ext_1c67c7,,,,,
2026-09-12T23:01:15-05:00,PUR_IED_PQuebec_S15_23e8e2,PUR_IED_PQuebec_S15_23e8e2,,,,,
2026-09-12T23:01:15-05:00,PUR_IED_PQuebec_S16_8ec76b,PUR_IED_PQuebec_S16_8ec76b,,,,,
2026-09-12T23:01:15-05:00,PUR_IED_PabloN_Ext_49dc96,PUR_IED_PabloN_Ext_49dc96,,,,,
2026-09-12T23:01:15-05:00,PUR_IED_PabloN_S1102_4e3df5,PUR_IED_PabloN_S1102_4e3df5,,,,,
2026-09-12T23:01:15-05:00,PUR_IED_PabloN_S1103_50c94b,PUR_IED_PabloN_S1103_50c94b,,,,,
2026-09-12T23:01:15-05:00,PUR_IED_Palestina_S1101_db9198,PUR_IED_Palestina_S1101_db9198,,,,,
2026-09-12T23:01:15-05:00,PUR_IED_Palestina_S1102_dc54fa,PUR_IED_Palestina_S1102_dc54fa,,,,,
2026-09-12T23:01:15-05:00,PUR_IED_Palestina_ext_4ccce6,PUR_IED_Palestina_ext_4ccce6,,,,,
2026-09-12T23:01:15-05:00,PUR_IED_Panama_Fisica_4d0794,PUR_IED_Panama_Fisica_4d0794,,,,,
2026-09-12T23:01:15-05:00,PUR_IED_Panama_SIngles_a4077e,PUR_IED_Panama_SIngles_a4077e,,,,,
2026-09-12T23:01:15-05:00,PUR_IED_Panama_ext_4c54b4,PUR_IED_Panama_ext_4c54b4,,,,,
2026-09-12T23:01:15-05:00,PUR_IED_ParaisoM_Exterior_8cd7f0,PUR_IED_ParaisoM_Exterior_8cd7f0,,,,,
2026-09-12T23:01:15-05:00,PUR_IED_ParaisoM_Laborato_27af35,PUR_IED_ParaisoM_Laborato_27af35,,,,,
2026-09-12T23:01:15-05:00,PUR_IED_ParaisoM_S304_d1edca,PUR_IED_ParaisoM_S304_d1edca,,,,,
2026-09-12T23:01:15-05:00,PUR_IED_PorfirioBarba_Ext_301466,PUR_IED_PorfirioBarba_Ext_301466,,,,,
2026-09-12T23:01:15-05:00,PUR_IED_PorfirioBarba_S11_df6cd2,PUR_IED_PorfirioBarba_S11_df6cd2,,,,,
2026-09-12T23:01:15-05:00,PUR_IED_PorfirioBarba_S29_27a7d6,PUR_IED_PorfirioBarba_S29_27a7d6,,,,,
2026-09-12T23:01:15-05:00,PUR_IED_PradoV_Exter_8b27ad,PUR_IED_PradoV_Exter_8b27ad,,,,,
2026-09-12T23:01:15-05:00,PUR_IED_PradoV_S301_de65b5,PUR_IED_PradoV_S301_de65b5,,,,,
2026-09-12T23:01:15-05:00,PUR_IED_PradoV_S302_7d2593,PUR_IED_PradoV_S302_7d2593,,,,,
2026-09-12T23:01:15-05:00,PUR_IED_QuirogaAlz_Ext_1ddc82,PUR_IED_QuirogaAlz_Ext_1ddc82,,,,,
2026-09-12T23:01:15-05:00,PUR_IED_QuirogaAlz_S302_9926a3,PUR_IED_QuirogaAlz_S302_9926a3,,,,,
2026-09-12T23:01:15-05:00,PUR_IED_QuirogaAlz_S305_cdf1f1,PUR_IED_QuirogaAlz_S305_cdf1f1,,,,,
2026-09-12T23:01:15-05:00,PUR_IED_RGuatemala_Biling_dc53b7,PUR_IED_RGuatemala_Biling_dc53b7,,,,,
2026-09-12T23:01:15-05:00,PUR_IED_RGuatemala_Ext_1b89a3,PUR_IED_RGuatemala_Ext_1b89a3,,,,,
2026-09-12T23:01:15-05:00,PUR_IED_RGuatemala_Tecnol_281a34,PUR_IED_RGuatemala_Tecnol_281a34,,,,,
2026-09-12T23:01:15-05:00,PUR_IED_RafaNu_Ext_f7c302,PUR_IED_RafaNu_Ext_f7c302,,,,,
2026-09-12T23:01:15-05:00,PUR_IED_RafaNu_S1101_25fde,PUR_IED_RafaNu_S1101_25fde,,,,,
2026-09-12T23:01:15-05:00,PUR_IED_RafaNu_S1102_281517,PUR_IED_RafaNu_S1102_281517,,,,,
2026-09-12T23:01:15-05:00,PUR_IED_RafaelB_S305_ee2783,PUR_IED_RafaelB_S305_ee2783,,,,,
2026-09-12T23:01:15-05:00,PUR_IED_RafaelB_S306_75fe33,PUR_IED_RafaelB_S306_75fe33,,,,,
2026-09-12T23:01:15-05:00,PUR_IED_RafaelB_ext_283336,PUR_IED_RafaelB_ext_283336,2,19,59,4.6722,-74.0737
2026-09-12T23:01:15-05:00,PUR_IED_RafaelUU_Exterior_281a51,PUR_IED_RafaelUU_Exterior_281a51,,,,,
2026-09-12T23:01:15-05:00,PUR_IED_RafaelUU_Human_806b2,PUR_IED_RafaelUU_Human_806b2,,,,,
2026-09-12T23:01:15-05:00,PUR_IED_RafaelUU_Mate2_5680d4,PUR_IED_RafaelUU_Mate2_5680d4,,,,,
2026-09-12T23:01:15-05:00,PUR_IED_RamonSub_Ext_f9eeb9,PUR_IED_RamonSub_Ext_f9eeb9,,,,,
2026-09-12T23:01:15-05:00,PUR_IED_RamonSub_Media_d1f62f,PUR_IED_RamonSub_Media_d1f62f,,,,,
2026-09-12T23:01:15-05:00,PUR_IED_RamonSub_planta_51b82,PUR_IED_RamonSub_planta_51b82,,,,,
2026-09-12T23:01:15-05:00,PUR_IED_RepBoliVene_Exter_27af7c,PUR_IED_RepBoliVene_Exter_27af7c,,,,,
2026-09-12T23:01:15-05:00,PUR_IED_RepBoliVene_SCPT_5ae2ee,PUR_IED_RepBoliVene_SCPT_5ae2ee,,,,,
2026-09-12T23:01:15-05:00,PUR_IED_RepBoliVene_Socia_4b11d5,PUR_IED_RepBoliVene_Socia_4b11d5,,,,,
2026-09-12T23:01:15-05:00,PUR_IED_RepChina_Ext_76d9ee,PUR_IED_RepChina_Ext_76d9ee,,,,,
2026-09-12T23:01:15-05:00,PUR_IED_RepChina_S404_7c804c,PUR_IED_RepChina_S404_7c804c,,,,,
2026-09-12T23:01:15-05:00,PUR_IED_RepChina_S405_df2c33,PUR_IED_RepChina_S405_df2c33,,,,,
2026-09-12T23:01:15-05:00,PUR_IED_RepublicaC_Exteri_7d1ec9,PUR_IED_RepublicaC_Exteri_7d1ec9,,,,,
2026-09-12T23:01:15-05:00,PUR_IED_RepublicaC_S1101_f544b3,PUR_IED_RepublicaC_S1101_f544b3,,,,,
2026-09-12T23:01:15-05:00,PUR_IED_RepublicaC_S1102_7aafc7,PUR_IED_RepublicaC_S1102_7aafc7,,,,,
2026-09-12T23:01:15-05:00,PUR_IED_Ricaurte_Externo_a0ea1,PUR_IED_Ricaurte_Externo_a0ea1,,,,,
2026-09-12T23:01:15-05:00,PUR_IED_Ricaurte_S210_f546fd,PUR_IED_Ricaurte_S210_f546fd,,,,,
2026-09-12T23:01:15-05:00,PUR_IED_Ricaurte_S309_d4452,PUR_IED_Ricaurte_S309_d4452,,,,,
2026-09-12T23:01:15-05:00,PUR_IED_RogelioS_1102_531e69,PUR_IED_RogelioS_1102_531e69,,,,,
2026-09-12T23:01:15-05:00,PUR_IED_RogelioS_Ext_f25a18,PUR_IED_RogelioS_Ext_f25a18,,,,,
2026-09-12T23:01:15-05:00,PUR_IED_SBernardino_Ext_27aff8,PUR_IED_SBernardino_Ext_27aff8,,,,,
2026-09-12T23:01:15-05:00,PUR_IED_SBernardino_SArte_2ffd33,PUR_IED_SBernardino_SArte_2ffd33,,,,,
2026-09-12T23:01:15-05:00,PUR_IED_SBernardino_SIngl_7c7da5,PUR_IED_SBernardino_SIngl_7c7da5,,,,,
2026-09-12T23:01:15-05:00,PUR_IED_Sago_auditorio_dc9d1d,PUR_IED_Sago_auditorio_dc9d1d,,,,,
2026-09-12T23:01:15-05:00,PUR_IED_Saludcoop_Ext_95aac3,PUR_IED_Saludcoop_Ext_95aac3,,,,,
2026-09-12T23:01:15-05:00,PUR_IED_Saludcoop_InfI_90c854,PUR_IED_Saludcoop_InfI_90c854,,,,,
2026-09-12T23:01:15-05:00,PUR_IED_Saludcoop_SMedia_1b93be,PUR_IED_Saludcoop_SMedia_1b93be,,,,,
2026-09-12T23:01:15-05:00,PUR_IED_SanCarlos_1101_1a2360,PUR_IED_SanCarlos_1101_1a2360,,,,,
2026-09-12T23:01:15-05:00,PUR_IED_SanCarlos_1103_7bafb5,PUR_IED_SanCarlos_1103_7bafb5,,,,,
2026-09-12T23:01:15-05:00,PUR_IED_SanCarlos_Ext_b7cd1,PUR_IED_SanCarlos_Ext_b7cd1,,,,,
2026-09-12T23:01:15-05:00,PUR_IED_SanIgnacioBosa11a_50c26e,PUR_IED_SanIgnacioBosa11a_50c26e,,,,,
2026-09-12T23:01:15-05:00,PUR_IED_SanIgnacioBosa11b_371de8,PUR_IED_SanIgnacioBosa11b_371de8,,,,,
2026-09-12T23:01:15-05:00,PUR_IED_SanIgnacioBosaExt_ef0ffc,PUR_IED_SanIgnacioBosaExt_ef0ffc,,,,,
2026-09-12T23:01:15-05:00,PUR_IED_SanIgnacioBosa_11a_50c26e,PUR_IED_SanIgnacioBosa_11a_50c26e,,,,,
2026-09-12T23:01:15-05:00,PUR_IED_SanIgnacioBosa_Ext_ef0ffc,PUR_IED_SanIgnacioBosa_Ext_ef0ffc,,,,,
2026-09-12T23:01:15-05:00,PUR_IED_SanJoseN_intS1101_31c47f,PUR_IED_SanJoseN_intS1101_31c47f,,,,,
2026-09-12T23:01:15-05:00,PUR_IED_SanJoseUsm_Exter_f5d7e8,PUR_IED_SanJoseUsm_Exter_f5d7e8,,,,,
2026-09-12T23:01:15-05:00,PUR_IED_SanJoseUsm_Int11A_cfdef6,PUR_IED_SanJoseUsm_Int11A_cfdef6,,,,,
2026-09-12T23:01:15-05:00,PUR_IED_SilveriaR_IntB5_905349,PUR_IED_SilveriaR_IntB5_905349,,,,,
2026-09-12T23:01:15-05:00,PUR_IED_SilveriaR_IntSD14_981f93,PUR_IED_SilveriaR_IntSD14_981f93,,,,,
2026-09-12T23:01:15-05:00,PUR_IED_SilveriaR_ext_2b651d,PUR_IED_SilveriaR_ext_2b651d,,,,,
2026-09-12T23:01:15-05:00,PUR_IED_SimonB_Exterior_913975,PUR_IED_SimonB_Exterior_913975,,,,,
2026-09-12T23:01:15-05:00,PUR_IED_SimonB_LabQuimi_c56908,PUR_IED_SimonB_LabQuimi_c56908,,,,,
2026-09-12T23:01:15-05:00,PUR_IED_SimonB_informatic_a28c1,PUR_IED_SimonB_informatic_a28c1,,,,,
2026-09-12T23:01:15-05:00,PUR_IED_Sorrento_1102_315f50,PUR_IED_Sorrento_1102_315f50,,,,,
2026-09-12T23:01:15-05:00,PUR_IED_Sorrento_Minte_214eab,PUR_IED_Sorrento_Minte_214eab,,,,,
2026-09-12T23:01:15-05:00,PUR_IED_Sorrento_ext_7c3a0a,PUR_IED_Sorrento_ext_7c3a0a,,,,,
2026-09-12T23:01:15-05:00,PUR_IED_Tabora_Ext_f048ae,PUR_IED_Tabora_Ext_f048ae,,,,,
2026-09-12T23:01:15-05:00,PUR_IED_Tabora_S1102_b07752,PUR_IED_Tabora_S1102_b07752,,,,,
2026-09-12T23:01:15-05:00,PUR_IED_Tabora_S1103_d988f5,PUR_IED_Tabora_S1103_d988f5,,,,,
2026-09-12T23:01:15-05:00,PUR_IED_Tenerife_Ext_1ab188,PUR_IED_Tenerife_Ext_1ab188,,,,,
2026-09-12T23:01:15-05:00,PUR_IED_Tenerife_SDanzas_7bc02e,PUR_IED_Tenerife_SDanzas_7bc02e,,,,,
2026-09-12T23:01:15-05:00,PUR_IED_Tenerife_SIngles_7cc277,PUR_IED_Tenerife_SIngles_7cc277,,,,,
2026-09-12T23:01:15-05:00,PUR_IED_Tibabuyes_Exter_f2683d,PUR_IED_Tibabuyes_Exter_f2683d,,,,,
2026-09-12T23:01:15-05:00,PUR_IED_Tibabuyes_S10_dc87a8,PUR_IED_Tibabuyes_S10_dc87a8,,,,,
2026-09-12T23:01:15-05:00,PUR_IED_Tibabuyes_S15_dc0526,PUR_IED_Tibabuyes_S15_dc0526,,,,,
2026-09-12T23:01:15-05:00,PUR_IED_UnionE_S301_a1043,PUR_IED_UnionE_S301_a1043,,,,,
2026-09-12T23:01:15-05:00,PUR_IED_UnionE_S307_ff6c2f,PUR_IED_UnionE_S307_ff6c2f,,,,,
2026-09-12T23:01:15-05:00,PUR_IED_UnionE__Ext_5e2468,PUR_IED_UnionE__Ext_5e2468,,,,,
2026-09-12T23:01:15-05:00,PUR_IED_VillaRica_Ext_75be7c,PUR_IED_VillaRica_Ext_75be7c,,,,,
2026-09-12T23:01:15-05:00,PUR_IED_VillaRica_S4_cc5dcd,PUR_IED_VillaRica_S4_cc5dcd,,,,,
2026-09-12T23:01:15-05:00,PUR_IED_VillaRica_Sesp_99f5c,PUR_IED_VillaRica_Sesp_99f5c,,,,,
2026-09-12T23:06:06-05:00,PUR_IED_20deJulio_1101_91b1b9,PUR_IED_20deJulio_1101_91b1b9,,,,,
2026-09-12T23:06:06-05:00,PUR_IED_20deJulio_1102_1cfcf9,PUR_IED_20deJulio_1102_1cfcf9,,,,,
2026-09-12T23:06:06-05:00,PUR_IED_20deJulio_Ext_ab60bd,PUR_IED_20deJulio_Ext_ab60bd,,,,,
2026-09-12T23:06:06-05:00,PUR_IED_AgustinFer_Ext_7b9b77,PUR_IED_AgustinFer_Ext_7b9b77,,,,,
2026-09-12T23:06:06-05:00,PUR_IED_AgustinFer_Info2_27b3a7,PUR_IED_AgustinFer_Info2_27b3a7,,,,,
2026-09-12T23:06:06-05:00,PUR_IED_AgustinFer_Sena_54b4eb,PUR_IED_AgustinFer_Sena_54b4eb,,,,,
2026-09-12T23:06:06-05:00,PUR_IED_AlexanderF_1102_caf07b,PUR_IED_AlexanderF_1102_caf07b,,,,,
2026-09-12T23:06:06-05:00,PUR_IED_AlexanderF_1103_c79e71,PUR_IED_AlexanderF_1103_c79e71,,,,,
2026-09-12T23:06:06-05:00,PUR_IED_AlexanderF_Ext_c5b18b,PUR_IED_AlexanderF_Ext_c5b18b,,,,,
2026-09-12T23:06:06-05:00,PUR_IED_AlfonsoLopez_Ext_281d77,PUR_IED_AlfonsoLopez_Ext_281d77,,,,,
2026-09-12T23:06:06-05:00,PUR_IED_AlfonsoLopez_LabF_888ce0,PUR_IED_AlfonsoLopez_LabF_888ce0,,,,,
2026-09-12T23:06:06-05:00,PUR_IED_AlfonsoLopez_SMed_df6a7f,PUR_IED_AlfonsoLopez_SMed_df6a7f,,,,,
2026-09-12T23:06:06-05:00,PUR_IED_AltamiraSO_A2_209f92,PUR_IED_AltamiraSO_A2_209f92,,,,,
2026-09-12T23:06:06-05:00,PUR_IED_AltamiraSO_Ext_186d66,PUR_IED_AltamiraSO_Ext_186d66,,,,,
2026-09-12T23:06:06-05:00,PUR_IED_AltamiraSO_Sistem_27afe1,PUR_IED_AltamiraSO_Sistem_27afe1,,,,,
2026-09-12T23:06:06-05:00,PUR_IED_AlvaroGom_LabQuim_813179,PUR_IED_AlvaroGom_LabQuim_813179,,,,,
2026-09-12T23:06:06-05:00,PUR_IED_AlvaroGomez_Ext_47c7ca,PUR_IED_AlvaroGomez_Ext_47c7ca,,,,,
2026-09-12T23:06:06-05:00,PUR_IED_AlvaroGomez_LabQuim_813179,PUR_IED_AlvaroGomez_LabQuim_813179,,,,,
2026-09-12T23:06:06-05:00,PUR_IED_AlvaroGomez_S23_7ba89f,PUR_IED_AlvaroGomez_S23_7ba89f,,,,,
2026-09-12T23:06:06-05:00,PUR_IED_Amistad_306_dc8728,PUR_IED_Amistad_306_dc8728,,,,,
2026-09-12T23:06:06-05:00,PUR_IED_Amistad_Ext_8cd55e,PUR_IED_Amistad_Ext_8cd55e,,,,,
2026-09-12T23:06:06-05:00,PUR_IED_Amistad_S202_a41169,PUR_IED_Amistad_S202_a41169,,,,,
2026-09-12T23:06:06-05:00,PUR_IED_AndresBello_Bio_fd5f5e,PUR_IED_AndresBello_Bio_fd5f5e,,,,,
2026-09-12T23:06:06-05:00,PUR_IED_AndresBello_ext_dcad65,PUR_IED_AndresBello_ext_dcad65,,,,,
2026-09-12T23:06:06-05:00,PUR_IED_AndresBello_port_eed3ec,PUR_IED_AndresBello_port_eed3ec,,,,,
2026-09-12T23:06:06-05:00,PUR_IED_AngelaR_11b_d90a6b,PUR_IED_AngelaR_11b_d90a6b,,,,,
2026-09-12T23:06:06-05:00,PUR_IED_AngelaR_ext_7cad3e,PUR_IED_AngelaR_ext_7cad3e,3,19,62,4.5825,-74.164497
2026-09-12T23:06:06-05:00,PUR_IED_AntJoseSucre_10mo_df2575,PUR_IED_AntJoseSucre_10mo_df2575,,,,,
2026-09-12T23:06:06-05:00,PUR_IED_AntJoseSucre_Ext_215b36,PUR_IED_AntJoseSucre_Ext_215b36,,,,,
2026-09-12T23:06:06-05:00,PUR_IED_AntJoseSucre_Lab_3139de,PUR_IED_AntJoseSucre_Lab_3139de,,,,,
2026-09-12T23:06:06-05:00,PUR_IED_AntonioGarcia_301_d6b188,PUR_IED_AntonioGarcia_301_d6b188,,,,,
2026-09-12T23:06:06-05:00,PUR_IED_AntonioGarcia_302_88a82,PUR_IED_AntonioGarcia_302_88a82,,,,,
2026-09-12T23:06:06-05:00,PUR_IED_AntonioGarcia_Ext_20950c,PUR_IED_AntonioGarcia_Ext_20950c,,,,,
2026-09-12T23:06:06-05:00,PUR_IED_AntonioVan_Aula2_6dea02,PUR_IED_AntonioVan_Aula2_6dea02,,,,,
2026-09-12T23:06:06-05:00,PUR_IED_AntonioVan_Aula5_f1557e,PUR_IED_AntonioVan_Aula5_f1557e,,,,,
2026-09-12T23:06:06-05:00,PUR_IED_AntonioVan_Ext_406f2f,PUR_IED_AntonioVan_Ext_406f2f,,,,,
2026-09-12T23:06:06-05:00,PUR_IED_Atabanzha_Ext_cc5af9,PUR_IED_Atabanzha_Ext_cc5af9,,,,,
2026-09-12T23:06:06-05:00,PUR_IED_Atabanzha_SA101_56c37,PUR_IED_Atabanzha_SA101_56c37,,,,,
2026-09-12T23:06:06-05:00,PUR_IED_Atabanzha_SB302_27b374,PUR_IED_Atabanzha_SB302_27b374,,,,,
2026-09-12T23:06:06-05:00,PUR_IED_Atahualpa_Ext_fc1748,PUR_IED_Atahualpa_Ext_fc1748,,,,,
2026-09-12T23:06:06-05:00,PUR_IED_Atahualpa_Informa_dc9a95,PUR_IED_Atahualpa_Informa_dc9a95,,,,,
2026-09-12T23:06:06-05:00,PUR_IED_Atahualpa_S1101_f98056,PUR_IED_Atahualpa_S1101_f98056,,,,,
2026-09-12T23:06:06-05:00,PUR_IED_Bellavista_Ext_f5aa74,PUR_IED_Bellavista_Ext_f5aa74,,,,,
2026-09-12T23:06:06-05:00,PUR_IED_Bilbao_11A_916c41,PUR_IED_Bilbao_11A_916c41,,,,,
2026-09-12T23:06:06-05:00,PUR_IED_Bilbao_Ext_fb579a,PUR_IED_Bilbao_Ext_fb579a,,,,,
2026-09-12T23:06:06-05:00,PUR_IED_BrasiliaU_A125_304280,PUR_IED_BrasiliaU_A125_304280,,,,,
2026-09-12T23:06:06-05:00,PUR_IED_BrasiliaU_A203_7c8ca5,PUR_IED_BrasiliaU_A203_7c8ca5,,,,,
2026-09-12T23:06:06-05:00,PUR_IED_BrasiliaU_Ext_8d6e9f,PUR_IED_BrasiliaU_Ext_8d6e9f,4,17,62,4.5175,-74.116302
2026-09-12T23:06:06-05:00,PUR_IED_Brasilia_Ext_fe6593,PUR_IED_Brasilia_Ext_fe6593,,,,,
2026-09-12T23:06:06-05:00,PUR_IED_Brasilia_S24_7c130d,PUR_IED_Brasilia_S24_7c130d,,,,,
2026-09-12T23:06:06-05:00,PUR_IED_Brasilia_S501_186a54,PUR_IED_Brasilia_S501_186a54,,,,,
2026-09-12T23:06:06-05:00,PUR_IED_CHARRY_EXT_f1d5cd,PUR_IED_CHARRY_EXT_f1d5cd,,,,,
2026-09-12T23:06:06-05:00,PUR_IED_CHARRY_INTDANZAS_7a08e6,PUR_IED_CHARRY_INTDANZAS_7a08e6,,,,,
2026-09-12T23:06:06-05:00,PUR_IED_CHARRY_INT_AULA20_dc998d,PUR_IED_CHARRY_INT_AULA20_dc998d,,,,,
2026-09-12T23:06:06-05:00,PUR_IED_COLVIV_1101_S25_7f520a,PUR_IED_COLVIV_1101_S25_7f520a,,,,,
2026-09-12T23:06:06-05:00,PUR_IED_COLVIV_1102_S16_f570ba,PUR_IED_COLVIV_1102_S16_f570ba,,,,,
2026-09-12T23:06:06-05:00,PUR_IED_COLVIV_Ext_1a26fa,PUR_IED_COLVIV_Ext_1a26fa,,,,,
2026-09-12T23:06:06-05:00,PUR_IED_CULPOP_301A_f660f3,PUR_IED_CULPOP_301A_f660f3,,,,,
2026-09-12T23:06:06-05:00,PUR_IED_CULPOP_303_568afe,PUR_IED_CULPOP_303_568afe,,,,,
2026-09-12T23:06:06-05:00,PUR_IED_CULPOP_Ext_e02ccb,PUR_IED_CULPOP_Ext_e02ccb,,,,,
2026-09-12T23:06:06-05:00,PUR_IED_CVillavicen_Ext_26eb58,PUR_IED_CVillavicen_Ext_26eb58,11,15,77,4.487,-74.102798
2026-09-12T23:06:06-05:00,PUR_IED_CVillavicen_Intel_1ce5c2,PUR_IED_CVillavicen_Intel_1ce5c2,,,,,
2026-09-12T23:06:06-05:00,PUR_IED_CVillavicen_Poliv_e0766c,PUR_IED_CVillavicen_Poliv_e0766c,,,,,
2026-09-12T23:06:06-05:00,PUR_IED_CVillavicen_int_1ba140,PUR_IED_CVillavicen_int_1ba140,,,,,
2026-09-12T23:06:06-05:00,PUR_IED_CVillavicen_intel_1ba140,PUR_IED_CVillavicen_intel_1ba140,,,,,
2026-09-12T23:06:06-05:00,PUR_IED_CarlosPizarro_Ext_e307cc,PUR_IED_CarlosPizarro_Ext_e307cc,,,,,
2026-09-12T23:06:06-05:00,PUR_IED_CarlosPizarro_L36_7e5cdb,PUR_IED_CarlosPizarro_L36_7e5cdb,,,,,
2026-09-12T23:06:06-05:00,PUR_IED_CarlosPizarro_L37_c8566c,PUR_IED_CarlosPizarro_L37_c8566c,,,,,
2026-09-12T23:06:06-05:00,PUR_IED_Castilla_Ext_cf35f,PUR_IED_Castilla_Ext_cf35f,,,,,
2026-09-12T23:06:06-05:00,PUR_IED_Castilla_SFisik_360e38,PUR_IED_Castilla_SFisik_360e38,,,,,
2026-09-12T23:06:06-05:00,PUR_IED_Castilla_Sc304_496fbf,PUR_IED_Castilla_Sc304_496fbf,,,,,
2026-09-12T23:06:06-05:00,PUR_IED_CervantesSa_Ext_6b57b,PUR_IED_CervantesSa_Ext_6b57b,3,16,68,4.5128,-74.117203
2026-09-12T23:06:06-05:00,PUR_IED_CervantesSa_S107_225c2b,PUR_IED_CervantesSa_S107_225c2b,,,,,
2026-09-12T23:06:06-05:00,PUR_IED_CervantesSa_S108_940925,PUR_IED_CervantesSa_S108_940925,,,,,
2026-09-12T23:06:06-05:00,PUR_IED_Charry_A20_f53e7c,PUR_IED_Charry_A20_f53e7c,,,,,
2026-09-12T23:06:06-05:00,PUR_IED_Charry_Ext_f1d5cd,PUR_IED_Charry_Ext_f1d5cd,,,,,
2026-09-12T23:06:06-05:00,PUR_IED_Charry_IntAula20_dc998d,PUR_IED_Charry_IntAula20_dc998d,,,,,
2026-09-12T23:06:06-05:00,PUR_IED_Charry_IntDanzas_7a08e6,PUR_IED_Charry_IntDanzas_7a08e6,,,,,
2026-09-12T23:06:06-05:00,PUR_IED_ClememciaC_203_43e2fc,PUR_IED_ClememciaC_203_43e2fc,,,,,
2026-09-12T23:06:06-05:00,PUR_IED_ClememciaC_Ext_1b411a,PUR_IED_ClememciaC_Ext_1b411a,,,,,
2026-09-12T23:06:06-05:00,PUR_IED_ClememciaC_Quimic_44b5fc,PUR_IED_ClememciaC_Quimic_44b5fc,,,,,
2026-09-12T23:06:06-05:00,PUR_IED_ClemenciaC_203_43e2fc,PUR_IED_ClemenciaC_203_43e2fc,,,,,
2026-09-12T23:06:06-05:00,PUR_IED_ClemenciaC_Ext_1b411a,PUR_IED_ClemenciaC_Ext_1b411a,,,,,
2026-09-12T23:06:06-05:00,PUR_IED_ClemenciaC_Quimic_44b5fc,PUR_IED_ClemenciaC_Quimic_44b5fc,,,,,
2026-09-12T23:06:06-05:00,PUR_IED_ColViva_1101_S25_7f520a,PUR_IED_ColViva_1101_S25_7f520a,,,,,
2026-09-12T23:06:06-05:00,PUR_IED_ColViva_1102_S16_f570ba,PUR_IED_ColViva_1102_S16_f570ba,,,,,
2026-09-12T23:06:06-05:00,PUR_IED_ColViva_Ext_1a26fa,PUR_IED_ColViva_Ext_1a26fa,,,,,
2026-09-12T23:06:06-05:00,PUR_IED_ColegioBici_Asist_7c8798,PUR_IED_ColegioBici_Asist_7c8798,,,,,
2026-09-12T23:06:06-05:00,PUR_IED_ColegioBici_Ext_25cbf6,PUR_IED_ColegioBici_Ext_25cbf6,,,,,
2026-09-12T23:06:06-05:00,PUR_IED_ColegioBici_LabQ_7b57db,PUR_IED_ColegioBici_LabQ_7b57db,,,,,
2026-09-12T23:06:06-05:00,PUR_IED_CostaRica_Ext_5e640,PUR_IED_CostaRica_Ext_5e640,,,,,
2026-09-12T23:06:06-05:00,PUR_IED_CostaRica_Quim1_766d1c,PUR_IED_CostaRica_Quim1_766d1c,,,,,
2026-09-12T23:06:06-05:00,PUR_IED_CostaRica__Fisica_6f0873,PUR_IED_CostaRica__Fisica_6f0873,,,,,
2026-09-12T23:06:06-05:00,PUR_IED_CulPopu_301A_f660f3,PUR_IED_CulPopu_301A_f660f3,,,,,
2026-09-12T23:06:06-05:00,PUR_IED_CulPopu_303_568afe,PUR_IED_CulPopu_303_568afe,,,,,
2026-09-12T23:06:06-05:00,PUR_IED_CulPopu_Ext_e02ccb,PUR_IED_CulPopu_Ext_e02ccb,,,,,
2026-09-12T23:06:06-05:00,PUR_IED_Cundinamarca_Ext_f15985,PUR_IED_Cundinamarca_Ext_f15985,,,,,
2026-09-12T23:06:06-05:00,PUR_IED_Cundinamarca_Info_7aa5d7,PUR_IED_Cundinamarca_Info_7aa5d7,,,,,
2026-09-12T23:06:06-05:00,PUR_IED_Cundinamarca_Tec2_f449c7,PUR_IED_Cundinamarca_Tec2_f449c7,,,,,
2026-09-12T23:06:06-05:00,PUR_IED_DiegoM_Aula1_27b314,PUR_IED_DiegoM_Aula1_27b314,,,,,
2026-09-12T23:06:06-05:00,PUR_IED_DiegoM_Ext_d80ac8,PUR_IED_DiegoM_Ext_d80ac8,,,,,
2026-09-12T23:06:06-05:00,PUR_IED_DiegoM_S25_da928f,PUR_IED_DiegoM_S25_da928f,,,,,
2026-09-12T23:06:06-05:00,PUR_IED_ELRODEO_360881,PUR_IED_ELRODEO_360881,,,,,
2026-09-12T23:06:06-05:00,PUR_IED_ELRODEO_ext_360881,PUR_IED_ELRODEO_ext_360881,,,,,
2026-09-12T23:06:06-05:00,PUR_IED_EduardoU_Ext_1c1969,PUR_IED_EduardoU_Ext_1c1969,,,,,
2026-09-12T23:06:06-05:00,PUR_IED_EduardoU_SCiencia_4dfb94,PUR_IED_EduardoU_SCiencia_4dfb94,,,,,
2026-09-12T23:06:06-05:00,PUR_IED_EduardoU_SQuimica_5a46e7,PUR_IED_EduardoU_SQuimica_5a46e7,,,,,
2026-09-12T23:06:06-05:00,PUR_IED_ElRodeo_Aula14_676984,PUR_IED_ElRodeo_Aula14_676984,,,,,
2026-09-12T23:06:06-05:00,PUR_IED_ElRodeo_Aula16_2dd35b,PUR_IED_ElRodeo_Aula16_2dd35b,,,,,
2026-09-12T23:06:06-05:00,PUR_IED_ElRodeo_Ext_360881,PUR_IED_ElRodeo_Ext_360881,,,,,
2026-09-12T23:06:06-05:00,PUR_IED_ElRodeo_Exterior_8c6d28,PUR_IED_ElRodeo_Exterior_8c6d28,,,,,
2026-09-12T23:06:06-05:00,PUR_IED_ElRodeo_ext_360881,PUR_IED_ElRodeo_ext_360881,,,,,
2026-09-12T23:06:06-05:00,PUR_IED_EmmaReyes_Ext_987625,PUR_IED_EmmaReyes_Ext_987625,6,21,52,4.6367,-74.1511
2026-09-12T23:06:06-05:00,PUR_IED_Ensueño_Ext_7f0250,PUR_IED_Ensueño_Ext_7f0250,,,,,
2026-09-12T23:06:06-05:00,PUR_IED_EscNormal_Ext_5fef3b,PUR_IED_EscNormal_Ext_5fef3b,2,18,62,4.5852,-74.096901
2026-09-12T23:06:06-05:00,PUR_IED_EscNormal_S309_5b263,PUR_IED_EscNormal_S309_5b263,,,,,
2026-09-12T23:06:06-05:00,PUR_IED_EscNormal_S310_27b3b8,PUR_IED_EscNormal_S310_27b3b8,,,,,
2026-09-12T23:06:06-05:00,PUR_IED_Evangelista_Conta_f6cd4f,PUR_IED_Evangelista_Conta_f6cd4f,,,,,
2026-09-12T23:06:06-05:00,PUR_IED_Evangelista_Cri_5e16a,PUR_IED_Evangelista_Cri_5e16a,,,,,
2026-09-12T23:06:06-05:00,PUR_IED_Evangelista_Exter_754066,PUR_IED_Evangelista_Exter_754066,,,,,
2026-09-12T23:06:06-05:00,PUR_IED_FMiranda_S209_5cc2a3,PUR_IED_FMiranda_S209_5cc2a3,,,,,
2026-09-12T23:06:06-05:00,PUR_IED_FMiranda_S303_19e344,PUR_IED_FMiranda_S303_19e344,,,,,
2026-09-12T23:06:06-05:00,PUR_IED_FMiranda_ext_f53e7c,PUR_IED_FMiranda_ext_f53e7c,,,,,
2026-09-12T23:06:06-05:00,PUR_IED_FabioLozano_Bibli_1cee05,PUR_IED_FabioLozano_Bibli_1cee05,,,,,
2026-09-12T23:06:06-05:00,PUR_IED_FabioLozano_Ext_6ea285,PUR_IED_FabioLozano_Ext_6ea285,,,,,
2026-09-12T23:06:06-05:00,PUR_IED_FabioLozano_SLudi_f09e1e,PUR_IED_FabioLozano_SLudi_f09e1e,,,,,
2026-09-12T23:06:06-05:00,PUR_IED_FaustinoS_Aula07_27a731,PUR_IED_FaustinoS_Aula07_27a731,,,,,
2026-09-12T23:06:06-05:00,PUR_IED_FaustinoS_Ext_7b936f,PUR_IED_FaustinoS_Ext_7b936f,,,,,
2026-09-12T23:06:06-05:00,PUR_IED_FaustinoS_Fisica_da2c60,PUR_IED_FaustinoS_Fisica_da2c60,,,,,
2026-09-12T23:06:06-05:00,PUR_IED_FeGarciaLo_Ext_dc68ee,PUR_IED_FeGarciaLo_Ext_dc68ee,,,,,
2026-09-12T23:06:06-05:00,PUR_IED_FeGarciaLo_SDanza_f70a59,PUR_IED_FeGarciaLo_SDanza_f70a59,,,,,
2026-09-12T23:06:06-05:00,PUR_IED_FeGarciaLo_SMusic_125cdd,PUR_IED_FeGarciaLo_SMusic_125cdd,,,,,
2026-09-12T23:06:06-05:00,PUR_IED_FederalAlema_Exte_50c345,PUR_IED_FederalAlema_Exte_50c345,,,,,
2026-09-12T23:06:06-05:00,PUR_IED_FederalAlema_S31_f18371,PUR_IED_FederalAlema_S31_f18371,,,,,
2026-09-12T23:06:06-05:00,PUR_IED_FederalAlema_S901_a62cd,PUR_IED_FederalAlema_S901_a62cd,,,,,
2026-09-12T23:06:06-05:00,PUR_IED_FilarmonicaS_A5_f35eb1,PUR_IED_FilarmonicaS_A5_f35eb1,,,,,
2026-09-12T23:06:06-05:00,PUR_IED_FilarmonicaS_Ext_8a3bde,PUR_IED_FilarmonicaS_Ext_8a3bde,,,,,
2026-09-12T23:06:06-05:00,PUR_IED_FilarmonicaS_Spol_406114,PUR_IED_FilarmonicaS_Spol_406114,,,,,
2026-09-12T23:06:06-05:00,PUR_IED_FlorentinoG_A13_d1fa59,PUR_IED_FlorentinoG_A13_d1fa59,,,,,
2026-09-12T23:06:06-05:00,PUR_IED_FlorentinoG_Ext_1ce6ce,PUR_IED_FlorentinoG_Ext_1ce6ce,,,,,
2026-09-12T23:06:06-05:00,PUR_IED_FlorentinoG_Idiom_a66aac,PUR_IED_FlorentinoG_Idiom_a66aac,,,,,
2026-09-12T23:06:06-05:00,PUR_IED_FranciscoMati_Ext_e3869d,PUR_IED_FranciscoMati_Ext_e3869d,,,,,
2026-09-12T23:06:06-05:00,PUR_IED_FranciscoMati_S13_f31c67,PUR_IED_FranciscoMati_S13_f31c67,,,,,
2026-09-12T23:06:06-05:00,PUR_IED_FranciscoMati_S14_97dead,PUR_IED_FranciscoMati_S14_97dead,,,,,
2026-09-12T23:06:06-05:00,PUR_IED_FranciscoPS_Ext_7bfa9a,PUR_IED_FranciscoPS_Ext_7bfa9a,3,19,62,4.5899,-74.110397
2026-09-12T23:06:06-05:00,PUR_IED_FranciscoPS_Infor_fb8f4c,PUR_IED_FranciscoPS_Infor_fb8f4c,,,,,
2026-09-12T23:06:06-05:00,PUR_IED_FranciscoPS_Quimi_94d39c,PUR_IED_FranciscoPS_Quimi_94d39c,,,,,
2026-09-12T23:06:06-05:00,PUR_IED_FranciscoP_LabQ_d7e148,PUR_IED_FranciscoP_LabQ_d7e148,,,,,
2026-09-12T23:06:06-05:00,PUR_IED_FranciscoP_S28_cf9b30,PUR_IED_FranciscoP_S28_cf9b30,,,,,
2026-09-12T23:06:06-05:00,PUR_IED_FranciscoP_ext_e2313,PUR_IED_FranciscoP_ext_e2313,,,,,
2026-09-12T23:06:06-05:00,PUR_IED_FriederichN_Ext_8ac92a,PUR_IED_FriederichN_Ext_8ac92a,,,,,
2026-09-12T23:06:06-05:00,PUR_IED_FriederichN_S301_dd7e5a,PUR_IED_FriederichN_S301_dd7e5a,,,,,
2026-09-12T23:06:06-05:00,PUR_IED_FriederichN_S308_761f4f,PUR_IED_FriederichN_S308_761f4f,,,,,
2026-09-12T23:06:06-05:00,PUR_IED_GSantander_Aula10_533dd7,PUR_IED_GSantander_Aula10_533dd7,,,,,
2026-09-12T23:06:06-05:00,PUR_IED_GSantander_Aula12_fd4e4f,PUR_IED_GSantander_Aula12_fd4e4f,,,,,
2026-09-12T23:06:06-05:00,PUR_IED_GSantander_Aula310_533dd7,PUR_IED_GSantander_Aula310_533dd7,,,,,
2026-09-12T23:06:06-05:00,PUR_IED_GSantander_Aula312_fd4e4f,PUR_IED_GSantander_Aula312_fd4e4f,,,,,
2026-09-12T23:06:06-05:00,PUR_IED_GSantander_Ext_5f66b0,PUR_IED_GSantander_Ext_5f66b0,,,,,
2026-09-12T23:06:06-05:00,PUR_IED_GYomasa_Ext_f6bea5,PUR_IED_GYomasa_Ext_f6bea5,,,,,
2026-09-12T23:06:06-05:00,PUR_IED_GYomasa_LBiol_2c41aa,PUR_IED_GYomasa_LBiol_2c41aa,,,,,
2026-09-12T23:06:06-05:00,PUR_IED_GYomasa_LQuim_33c80,PUR_IED_GYomasa_LQuim_33c80,,,,,
2026-09-12T23:06:06-05:00,PUR_IED_GabBetMejia_Cienc_5a99c,PUR_IED_GabBetMejia_Cienc_5a99c,,,,,
2026-09-12T23:06:06-05:00,PUR_IED_GabBetMejia_Ext_9153d0,PUR_IED_GabBetMejia_Ext_9153d0,,,,,
2026-09-12T23:06:06-05:00,PUR_IED_GabBetMejia_Lab_f55347,PUR_IED_GabBetMejia_Lab_f55347,,,,,
2026-09-12T23:06:06-05:00,PUR_IED_GabBetanMejia_Ext_9153d0,PUR_IED_GabBetanMejia_Ext_9153d0,,,,,
2026-09-12T23:06:06-05:00,PUR_IED_Gaitana_Aula13_7aac11,PUR_IED_Gaitana_Aula13_7aac11,,,,,
2026-09-12T23:06:06-05:00,PUR_IED_Gaitana_Ext_5fcf4,PUR_IED_Gaitana_Ext_5fcf4,,,,,
2026-09-12T23:06:06-05:00,PUR_IED_Gaitana_LabFisica_644448,PUR_IED_Gaitana_LabFisica_644448,,,,,
2026-09-12T23:06:06-05:00,PUR_IED_GenSantander_Dise_8ac858,PUR_IED_GenSantander_Dise_8ac858,,,,,
2026-09-12T23:06:06-05:00,PUR_IED_GenSantander_Ext_8d5dfe,PUR_IED_GenSantander_Ext_8d5dfe,,,,,
2026-09-12T23:06:06-05:00,PUR_IED_GenSantander_Info_6c25b,PUR_IED_GenSantander_Info_6c25b,,,,,
2026-09-12T23:06:06-05:00,PUR_IED_GustavoMo_Exterio_75e63d,PUR_IED_GustavoMo_Exterio_75e63d,,,,,
2026-09-12T23:06:06-05:00,PUR_IED_GustavoMo_LabFisi_224d37,PUR_IED_GustavoMo_LabFisi_224d37,,,,,
2026-09-12T23:06:06-05:00,PUR_IED_GustavoMo_S208_3e6918,PUR_IED_GustavoMo_S208_3e6918,,,,,
2026-09-12T23:06:06-05:00,PUR_IED_GustavoR_A02_8cd4a8,PUR_IED_GustavoR_A02_8cd4a8,,,,,
2026-09-12T23:06:06-05:00,PUR_IED_GustavoR_B11_5b0ed,PUR_IED_GustavoR_B11_5b0ed,,,,,
2026-09-12T23:06:06-05:00,PUR_IED_GustavoR_Ext_7a0c90,PUR_IED_GustavoR_Ext_7a0c90,,,,,
2026-09-12T23:06:06-05:00,PUR_IED_HernandoDuran_Ext_8cd82b,PUR_IED_HernandoDuran_Ext_8cd82b,,,,,
2026-09-12T23:06:06-05:00,PUR_IED_HernandoDuran_S24_2772c6,PUR_IED_HernandoDuran_S24_2772c6,,,,,
2026-09-12T23:06:06-05:00,PUR_IED_HernandoDuran_S30_f2de41,PUR_IED_HernandoDuran_S30_f2de41,,,,,
2026-09-12T23:06:06-05:00,PUR_IED_HolguInUr_S1101_8cd732,PUR_IED_HolguInUr_S1101_8cd732,,,,,
2026-09-12T23:06:06-05:00,PUR_IED_HolguinUr_Exter_ddae6d,PUR_IED_HolguinUr_Exter_ddae6d,,,,,
2026-09-12T23:06:06-05:00,PUR_IED_HolguinUr_LabQuim_92b952,PUR_IED_HolguinUr_LabQuim_92b952,,,,,
2026-09-12T23:06:06-05:00,PUR_IED_Isabel-II_Ext_5245cc,PUR_IED_Isabel-II_Ext_5245cc,6,19,58,4.6336,-74.153
2026-09-12T23:06:06-05:00,PUR_IED_Isabel-II_S_idiom_1c29aa,PUR_IED_Isabel-II_S_idiom_1c29aa,,,,,
2026-09-12T23:06:06-05:00,PUR_IED_Isabel-II_S_infor_fd741,PUR_IED_Isabel-II_S_infor_fd741,,,,,
2026-09-12T23:06:06-05:00,PUR_IED_IsidroSur_Exterio_5b90ea,PUR_IED_IsidroSur_Exterio_5b90ea,,,,,
2026-09-12T23:06:06-05:00,PUR_IED_IsidroSur_LabTec_56697a,PUR_IED_IsidroSur_LabTec_56697a,,,,,
2026-09-12T23:06:06-05:00,PUR_IED_IsidroSur_Robotic_b7c38f,PUR_IED_IsidroSur_Robotic_b7c38f,,,,,
2026-09-12T23:06:06-05:00,PUR_IED_IsmaelPerd_Ext_7b6672,PUR_IED_IsmaelPerd_Ext_7b6672,,,,,
2026-09-12T23:06:06-05:00,PUR_IED_IsmaelPerd_Inform_306540,PUR_IED_IsmaelPerd_Inform_306540,,,,,
2026-09-12T23:06:06-05:00,PUR_IED_IsmaelPerd_S30_2e2c83,PUR_IED_IsmaelPerd_S30_2e2c83,,,,,
2026-09-12T23:06:06-05:00,PUR_IED_JLozano_Exter_432910,PUR_IED_JLozano_Exter_432910,,,,,
2026-09-12T23:06:06-05:00,PUR_IED_JLozano_salaMulti_df5125,PUR_IED_JLozano_salaMulti_df5125,,,,,
2026-09-12T23:06:06-05:00,PUR_IED_JMCordoba_206_86f80b,PUR_IED_JMCordoba_206_86f80b,,,,,
2026-09-12T23:06:06-05:00,PUR_IED_JMCordoba_Ext_27ad97,PUR_IED_JMCordoba_Ext_27ad97,,,,,
2026-09-12T23:06:06-05:00,PUR_IED_JMCordoba_S310_d59ab4,PUR_IED_JMCordoba_S310_d59ab4,,,,,
2026-09-12T23:06:06-05:00,PUR_IED_Japon_Ext_549100,PUR_IED_Japon_Ext_549100,,,,,
2026-09-12T23:06:06-05:00,PUR_IED_Japon_Laboratorio_bec51d,PUR_IED_Japon_Laboratorio_bec51d,,,,,
2026-09-12T23:06:06-05:00,PUR_IED_Japon_informatica_d99327,PUR_IED_Japon_informatica_d99327,,,,,
2026-09-12T23:06:06-05:00,PUR_IED_Jazmin_Ext_d27bda,PUR_IED_Jazmin_Ext_d27bda,,,,,
2026-09-12T23:06:06-05:00,PUR_IED_Jazmin_Fisica_8d14d7,PUR_IED_Jazmin_Fisica_8d14d7,,,,,
2026-09-12T23:06:06-05:00,PUR_IED_Jazmin_Quimica_801cb5,PUR_IED_Jazmin_Quimica_801cb5,,,,,
2026-09-12T23:06:06-05:00,PUR_IED_JorgeGaitan_Exter_f098d1,PUR_IED_JorgeGaitan_Exter_f098d1,,,,,
2026-09-12T23:06:06-05:00,PUR_IED_JorgeGaitan_STec1_dc9d1d,PUR_IED_JorgeGaitan_STec1_dc9d1d,,,,,
2026-09-12T23:06:06-05:00,PUR_IED_JorgeGaitan_STec2_281e69,PUR_IED_JorgeGaitan_STec2_281e69,,,,,
2026-09-12T23:06:06-05:00,PUR_IED_JorgeSoto_Exterio_d9d0a2,PUR_IED_JorgeSoto_Exterio_d9d0a2,,,,,
2026-09-12T23:06:06-05:00,PUR_IED_JorgeSoto_LabFisi_209c54,PUR_IED_JorgeSoto_LabFisi_209c54,,,,,
2026-09-12T23:06:06-05:00,PUR_IED_JorgeSoto_S103_27b51a,PUR_IED_JorgeSoto_S103_27b51a,,,,,
2026-09-12T23:06:06-05:00,PUR_IED_JoseAcevedo_A02_e965eb,PUR_IED_JoseAcevedo_A02_e965eb,,,,,
2026-09-12T23:06:06-05:00,PUR_IED_JoseAcevedo_A07_dd5b4,PUR_IED_JoseAcevedo_A07_dd5b4,,,,,
2026-09-12T23:06:06-05:00,PUR_IED_JoseAcevedo_Ext_b47484,PUR_IED_JoseAcevedo_Ext_b47484,,,,,
2026-09-12T23:06:06-05:00,PUR_IED_JoseMarti_Exte_5b9bf,PUR_IED_JoseMarti_Exte_5b9bf,,,,,
2026-09-12T23:06:06-05:00,PUR_IED_JoseMarti_LabQuim_1c6c2d,PUR_IED_JoseMarti_LabQuim_1c6c2d,,,,,
2026-09-12T23:06:06-05:00,PUR_IED_JoseMarti_S_info_f5f177,PUR_IED_JoseMarti_S_info_f5f177,,,,,
2026-09-12T23:06:06-05:00,PUR_IED_Josejoaquin_Ext_dfc5dc,PUR_IED_Josejoaquin_Ext_dfc5dc,,,,,
2026-09-12T23:06:06-05:00,PUR_IED_Josejoaquin_S05_5b2a96,PUR_IED_Josejoaquin_S05_5b2a96,,,,,
2026-09-12T23:06:06-05:00,PUR_IED_Josejoaquin_S06_1ce7d2,PUR_IED_Josejoaquin_S06_1ce7d2,,,,,
2026-09-12T23:06:06-05:00,PUR_IED_JulioFlorez_Danza_9b82dd,PUR_IED_JulioFlorez_Danza_9b82dd,,,,,
2026-09-12T23:06:06-05:00,PUR_IED_JulioFlorez_Exter_f9f314,PUR_IED_JulioFlorez_Exter_f9f314,,,,,
2026-09-12T23:06:06-05:00,PUR_IED_JulioFlorez_info2_6b6e08,PUR_IED_JulioFlorez_info2_6b6e08,,,,,
2026-09-12T23:06:06-05:00,PUR_IED_LaBelleza_Aula13_1d00d8,PUR_IED_LaBelleza_Aula13_1d00d8,,,,,
2026-09-12T23:06:06-05:00,PUR_IED_LaBelleza_Ext_7bc08c,PUR_IED_LaBelleza_Ext_7bc08c,,,,,
2026-09-12T23:06:06-05:00,PUR_IED_LaChucua_Ext_8cd6d2,PUR_IED_LaChucua_Ext_8cd6d2,,,,,
2026-09-12T23:06:06-05:00,PUR_IED_LaChucua_S15_f578ce,PUR_IED_LaChucua_S15_f578ce,,,,,
2026-09-12T23:06:06-05:00,PUR_IED_LaChucua_S16_eebcf9,PUR_IED_LaChucua_S16_eebcf9,,,,,
2026-09-12T23:06:06-05:00,PUR_IED_LaFelicidad_Ext_fb5109,PUR_IED_LaFelicidad_Ext_fb5109,,,,,
2026-09-12T23:06:06-05:00,PUR_IED_LaMerced_206_66ebd,PUR_IED_LaMerced_206_66ebd,,,,,
2026-09-12T23:06:06-05:00,PUR_IED_LaMerced_207_6ebd6,PUR_IED_LaMerced_207_6ebd6,,,,,
2026-09-12T23:06:06-05:00,PUR_IED_LaMerced_ext_304311,PUR_IED_LaMerced_ext_304311,,,,,
2026-09-12T23:06:06-05:00,PUR_IED_Laureano_CiencNat_281e5e,PUR_IED_Laureano_CiencNat_281e5e,,,,,
2026-09-12T23:06:06-05:00,PUR_IED_Laureano_Comedor_f65c0a,PUR_IED_Laureano_Comedor_f65c0a,,,,,
2026-09-12T23:06:06-05:00,PUR_IED_Laureano_Exterior_7ab011,PUR_IED_Laureano_Exterior_7ab011,,,,,
2026-09-12T23:06:06-05:00,PUR_IED_LeonGreiff_Exte_dfe560,PUR_IED_LeonGreiff_Exte_dfe560,,,,,
2026-09-12T23:06:06-05:00,PUR_IED_LeonGreiff_S210_f264ed,PUR_IED_LeonGreiff_S210_f264ed,,,,,
2026-09-12T23:06:06-05:00,PUR_IED_LeonGreiff_SQuimi_e8296f,PUR_IED_LeonGreiff_SQuimi_e8296f,,,,,
2026-09-12T23:06:06-05:00,PUR_IED_LlanoOrientalS208_7b9fcd,PUR_IED_LlanoOrientalS208_7b9fcd,,,,,
2026-09-12T23:06:06-05:00,PUR_IED_LlanoOriental_Ext_fb3766,PUR_IED_LlanoOriental_Ext_fb3766,,,,,
2026-09-12T23:06:06-05:00,PUR_IED_LlanoOriental_S208_7b9fcd,PUR_IED_LlanoOriental_S208_7b9fcd,,,,,
2026-09-12T23:06:06-05:00,PUR_IED_LlanoOriental_S9_27b378,PUR_IED_LlanoOriental_S9_27b378,,,,,
2026-09-12T23:06:06-05:00,PUR_IED_LosTejares_1101_477602,PUR_IED_LosTejares_1101_477602,,,,,
2026-09-12T23:06:06-05:00,PUR_IED_LosTejares_11_d2c595,PUR_IED_LosTejares_11_d2c595,,,,,
2026-09-12T23:06:06-05:00,PUR_IED_LosTejares_12_477602,PUR_IED_LosTejares_12_477602,,,,,
2026-09-12T23:06:06-05:00,PUR_IED_LosTejares_Ext_8e2115,PUR_IED_LosTejares_Ext_8e2115,,,,,
2026-09-12T23:06:06-05:00,PUR_IED_MagdalenaO_B202_5ddda3,PUR_IED_MagdalenaO_B202_5ddda3,,,,,
2026-09-12T23:06:06-05:00,PUR_IED_MagdalenaO_B205_fb76e8,PUR_IED_MagdalenaO_B205_fb76e8,,,,,
2026-09-12T23:06:06-05:00,PUR_IED_MagdalenaO_ext_dc69cd,PUR_IED_MagdalenaO_ext_dc69cd,,,,,
2026-09-12T23:06:06-05:00,PUR_IED_ManueCepeda_artes_eee956,PUR_IED_ManueCepeda_artes_eee956,,,,,
2026-09-12T23:06:06-05:00,PUR_IED_ManuelCepeda_Ext_58313,PUR_IED_ManuelCepeda_Ext_58313,,,,,
2026-09-12T23:06:06-05:00,PUR_IED_ManuelCepeda_tec_1c5731,PUR_IED_ManuelCepeda_tec_1c5731,,,,,
2026-09-12T23:06:06-05:00,PUR_IED_ManuelS_Exterior_5b269,PUR_IED_ManuelS_Exterior_5b269,,,,,
2026-09-12T23:06:06-05:00,PUR_IED_ManuelS_Inform_f369ce,PUR_IED_ManuelS_Inform_f369ce,,,,,
2026-09-12T23:06:06-05:00,PUR_IED_ManuelS_SArtes_7d15f1,PUR_IED_ManuelS_SArtes_7d15f1,,,,,
2026-09-12T23:06:06-05:00,PUR_IED_ManuelZapata_303_3ca6,PUR_IED_ManuelZapata_303_3ca6,,,,,
2026-09-12T23:06:06-05:00,PUR_IED_ManuelZapata_311_bfbabc,PUR_IED_ManuelZapata_311_bfbabc,,,,,
2026-09-12T23:06:06-05:00,PUR_IED_ManuelZapata_Ext_50824a,PUR_IED_ManuelZapata_Ext_50824a,,,,,
2026-09-12T23:06:06-05:00,PUR_IED_ManuelitaS_Exteri_656a92,PUR_IED_ManuelitaS_Exteri_656a92,,,,,
2026-09-12T23:06:06-05:00,PUR_IED_ManuelitaS_JuzgDe_f58ec3,PUR_IED_ManuelitaS_JuzgDe_f58ec3,,,,,
2026-09-12T23:06:06-05:00,PUR_IED_ManuelitaS_Recrea_d793db,PUR_IED_ManuelitaS_Recrea_d793db,,,,,
2026-09-12T23:06:06-05:00,PUR_IED_MarFidSuarez_Ext_c27b19,PUR_IED_MarFidSuarez_Ext_c27b19,,,,,
2026-09-12T23:06:06-05:00,PUR_IED_MarFidSuarez_Info_e384d7,PUR_IED_MarFidSuarez_Info_e384d7,,,,,
2026-09-12T23:06:06-05:00,PUR_IED_MarFidSuarez_S306_1d0032,PUR_IED_MarFidSuarez_S306_1d0032,,,,,
2026-09-12T23:06:06-05:00,PUR_IED_Menorah_301_2a25a3,PUR_IED_Menorah_301_2a25a3,,,,,
2026-09-12T23:06:06-05:00,PUR_IED_Menorah_306_37ed3,PUR_IED_Menorah_306_37ed3,,,,,
2026-09-12T23:06:06-05:00,PUR_IED_Menorah_Ext_3e155b,PUR_IED_Menorah_Ext_3e155b,,,,,
2026-09-12T23:06:06-05:00,PUR_IED_MinutoB.Aires_A11_1b1604,PUR_IED_MinutoB.Aires_A11_1b1604,,,,,
2026-09-12T23:06:06-05:00,PUR_IED_MinutoB.Aires_A12_fb5860,PUR_IED_MinutoB.Aires_A12_fb5860,,,,,
2026-09-12T23:06:06-05:00,PUR_IED_MinutoB.Aires_Ext_81293f,PUR_IED_MinutoB.Aires_Ext_81293f,,,,,
2026-09-12T23:06:06-05:00,PUR_IED_MinutoBAires_A11_1b1604,PUR_IED_MinutoBAires_A11_1b1604,,,,,
2026-09-12T23:06:06-05:00,PUR_IED_MinutoBAires_A12_fb5860,PUR_IED_MinutoBAires_A12_fb5860,,,,,
2026-09-12T23:06:06-05:00,PUR_IED_MinutoBAires_Ext_81293f,PUR_IED_MinutoBAires_Ext_81293f,,,,,
2026-09-12T23:06:06-05:00,PUR_IED_Montreal_Aula10_1e4959,PUR_IED_Montreal_Aula10_1e4959,,,,,
2026-09-12T23:06:06-05:00,PUR_IED_Montreal_Aula6_300367,PUR_IED_Montreal_Aula6_300367,,,,,
2026-09-12T23:06:06-05:00,PUR_IED_Montreal_Exterior_91a179,PUR_IED_Montreal_Exterior_91a179,,,,,
2026-09-12T23:06:06-05:00,PUR_IED_Mqgdalena_B202_5ddda3,PUR_IED_Mqgdalena_B202_5ddda3,,,,,
2026-09-12T23:06:06-05:00,PUR_IED_NACUND_Soc_dc8728,PUR_IED_NACUND_Soc_dc8728,,,,,
2026-09-12T23:06:06-05:00,PUR_IED_NACUND_ext_27ad97,PUR_IED_NACUND_ext_27ad97,,,,,
2026-09-12T23:06:06-05:00,PUR_IED_NEsperanza_Ext_d24b61,PUR_IED_NEsperanza_Ext_d24b61,,,,,
2026-09-12T23:06:06-05:00,PUR_IED_NEsperanza_SElect_7d1807,PUR_IED_NEsperanza_SElect_7d1807,,,,,
2026-09-12T23:06:06-05:00,PUR_IED_NEsperanza_SLabor_8b2d0a,PUR_IED_NEsperanza_SLabor_8b2d0a,,,,,
2026-09-12T23:06:06-05:00,PUR_IED_NacionesU_Ext_f661a9,PUR_IED_NacionesU_Ext_f661a9,,,,,
2026-09-12T23:06:06-05:00,PUR_IED_NacionesU_Quimica_66f0a,PUR_IED_NacionesU_Quimica_66f0a,,,,,
2026-09-12T23:06:06-05:00,PUR_IED_NacionesU_S306_1b4b3d,PUR_IED_NacionesU_S306_1b4b3d,,,,,
2026-09-12T23:06:06-05:00,PUR_IED_NestorFA_Ext_e4201c,PUR_IED_NestorFA_Ext_e4201c,,,,,
2026-09-12T23:06:06-05:00,PUR_IED_NestorFA_Laborato_f22fe0,PUR_IED_NestorFA_Laborato_f22fe0,,,,,
2026-09-12T23:06:06-05:00,PUR_IED_NestorFA_S204_dee996,PUR_IED_NestorFA_S204_dee996,,,,,
2026-09-12T23:06:06-05:00,PUR_IED_NidyaQT_Aula03_76999b,PUR_IED_NidyaQT_Aula03_76999b,,,,,
2026-09-12T23:06:06-05:00,PUR_IED_NidyaQT_Aula10_56325,PUR_IED_NidyaQT_Aula10_56325,,,,,
2026-09-12T23:06:06-05:00,PUR_IED_NidyaQT_Ext_46e32d,PUR_IED_NidyaQT_Ext_46e32d,,,,,
2026-09-12T23:06:06-05:00,PUR_IED_NuevaCol_Exterior_d9b859,PUR_IED_NuevaCol_Exterior_d9b859,,,,,
2026-09-12T23:06:06-05:00,PUR_IED_NuevaCol_S1101_76c43b,PUR_IED_NuevaCol_S1101_76c43b,,,,,
2026-09-12T23:06:06-05:00,PUR_IED_NuevaCol_S1102_1ce0b5,PUR_IED_NuevaCol_S1102_1ce0b5,,,,,
2026-09-12T23:06:06-05:00,PUR_IED_OEA_A202_f7e3f2,PUR_IED_OEA_A202_f7e3f2,,,,,
2026-09-12T23:06:06-05:00,PUR_IED_OEA_A203_7d1b8d,PUR_IED_OEA_A203_7d1b8d,,,,,
2026-09-12T23:06:06-05:00,PUR_IED_OEA_Ext_27b593,PUR_IED_OEA_Ext_27b593,,,,,
2026-09-12T23:06:06-05:00,PUR_IED_Ochoa_Ext_1c29da,PUR_IED_Ochoa_Ext_1c29da,,,,,
2026-09-12T23:06:06-05:00,PUR_IED_Ochoa_S205_8b1121,PUR_IED_Ochoa_S205_8b1121,,,,,
2026-09-12T23:06:06-05:00,PUR_IED_Ochoa_Sistemas_f33af6,PUR_IED_Ochoa_Sistemas_f33af6,,,,,
2026-09-12T23:06:06-05:00,PUR_IED_PQuebec_Ext_1c67c7,PUR_IED_PQuebec_Ext_1c67c7,,,,,
2026-09-12T23:06:06-05:00,PUR_IED_PQuebec_S15_23e8e2,PUR_IED_PQuebec_S15_23e8e2,,,,,
2026-09-12T23:06:06-05:00,PUR_IED_PQuebec_S16_8ec76b,PUR_IED_PQuebec_S16_8ec76b,,,,,
2026-09-12T23:06:06-05:00,PUR_IED_PabloN_Ext_49dc96,PUR_IED_PabloN_Ext_49dc96,,,,,
2026-09-12T23:06:06-05:00,PUR_IED_PabloN_S1102_4e3df5,PUR_IED_PabloN_S1102_4e3df5,,,,,
2026-09-12T23:06:06-05:00,PUR_IED_PabloN_S1103_50c94b,PUR_IED_PabloN_S1103_50c94b,,,,,
2026-09-12T23:06:06-05:00,PUR_IED_Palestina_S1101_db9198,PUR_IED_Palestina_S1101_db9198,,,,,
2026-09-12T23:06:06-05:00,PUR_IED_Palestina_S1102_dc54fa,PUR_IED_Palestina_S1102_dc54fa,,,,,
2026-09-12T23:06:06-05:00,PUR_IED_Palestina_ext_4ccce6,PUR_IED_Palestina_ext_4ccce6,,,,,
2026-09-12T23:06:06-05:00,PUR_IED_Panama_Fisica_4d0794,PUR_IED_Panama_Fisica_4d0794,,,,,
2026-09-12T23:06:06-05:00,PUR_IED_Panama_SIngles_a4077e,PUR_IED_Panama_SIngles_a4077e,,,,,
2026-09-12T23:06:06-05:00,PUR_IED_Panama_ext_4c54b4,PUR_IED_Panama_ext_4c54b4,,,,,
2026-09-12T23:06:06-05:00,PUR_IED_ParaisoM_Exterior_8cd7f0,PUR_IED_ParaisoM_Exterior_8cd7f0,,,,,
2026-09-12T23:06:06-05:00,PUR_IED_ParaisoM_Laborato_27af35,PUR_IED_ParaisoM_Laborato_27af35,,,,,
2026-09-12T23:06:06-05:00,PUR_IED_ParaisoM_S304_d1edca,PUR_IED_ParaisoM_S304_d1edca,,,,,
2026-09-12T23:06:06-05:00,PUR_IED_PorfirioBarba_Ext_301466,PUR_IED_PorfirioBarba_Ext_301466,,,,,
2026-09-12T23:06:06-05:00,PUR_IED_PorfirioBarba_S11_df6cd2,PUR_IED_PorfirioBarba_S11_df6cd2,,,,,
2026-09-12T23:06:06-05:00,PUR_IED_PorfirioBarba_S29_27a7d6,PUR_IED_PorfirioBarba_S29_27a7d6,,,,,
2026-09-12T23:06:06-05:00,PUR_IED_PradoV_Exter_8b27ad,PUR_IED_PradoV_Exter_8b27ad,,,,,
2026-09-12T23:06:06-05:00,PUR_IED_PradoV_S301_de65b5,PUR_IED_PradoV_S301_de65b5,,,,,
2026-09-12T23:06:06-05:00,PUR_IED_PradoV_S302_7d2593,PUR_IED_PradoV_S302_7d2593,,,,,
2026-09-12T23:06:06-05:00,PUR_IED_QuirogaAlz_Ext_1ddc82,PUR_IED_QuirogaAlz_Ext_1ddc82,,,,,
2026-09-12T23:06:06-05:00,PUR_IED_QuirogaAlz_S302_9926a3,PUR_IED_QuirogaAlz_S302_9926a3,,,,,
2026-09-12T23:06:06-05:00,PUR_IED_QuirogaAlz_S305_cdf1f1,PUR_IED_QuirogaAlz_S305_cdf1f1,,,,,
2026-09-12T23:06:06-05:00,PUR_IED_RGuatemala_Biling_dc53b7,PUR_IED_RGuatemala_Biling_dc53b7,,,,,
2026-09-12T23:06:06-05:00,PUR_IED_RGuatemala_Ext_1b89a3,PUR_IED_RGuatemala_Ext_1b89a3,,,,,
2026-09-12T23:06:06-05:00,PUR_IED_RGuatemala_Tecnol_281a34,PUR_IED_RGuatemala_Tecnol_281a34,,,,,
2026-09-12T23:06:06-05:00,PUR_IED_RafaNu_Ext_f7c302,PUR_IED_RafaNu_Ext_f7c302,,,,,
2026-09-12T23:06:06-05:00,PUR_IED_RafaNu_S1101_25fde,PUR_IED_RafaNu_S1101_25fde,,,,,
2026-09-12T23:06:06-05:00,PUR_IED_RafaNu_S1102_281517,PUR_IED_RafaNu_S1102_281517,,,,,
2026-09-12T23:06:06-05:00,PUR_IED_RafaelB_S305_ee2783,PUR_IED_RafaelB_S305_ee2783,,,,,
2026-09-12T23:06:06-05:00,PUR_IED_RafaelB_S306_75fe33,PUR_IED_RafaelB_S306_75fe33,,,,,
2026-09-12T23:06:06-05:00,PUR_IED_RafaelB_ext_283336,PUR_IED_RafaelB_ext_283336,2,19,59,4.6722,-74.0737
2026-09-12T23:06:06-05:00,PUR_IED_RafaelUU_Exterior_281a51,PUR_IED_RafaelUU_Exterior_281a51,,,,,
2026-09-12T23:06:06-05:00,PUR_IED_RafaelUU_Human_806b2,PUR_IED_RafaelUU_Human_806b2,,,,,
2026-09-12T23:06:06-05:00,PUR_IED_RafaelUU_Mate2_5680d4,PUR_IED_RafaelUU_Mate2_5680d4,,,,,
2026-09-12T23:06:06-05:00,PUR_IED_RamonSub_Ext_f9eeb9,PUR_IED_RamonSub_Ext_f9eeb9,,,,,
2026-09-12T23:06:06-05:00,PUR_IED_RamonSub_Media_d1f62f,PUR_IED_RamonSub_Media_d1f62f,,,,,
2026-09-12T23:06:06-05:00,PUR_IED_RamonSub_planta_51b82,PUR_IED_RamonSub_planta_51b82,,,,,
2026-09-12T23:06:06-05:00,PUR_IED_RepBoliVene_Exter_27af7c,PUR_IED_RepBoliVene_Exter_27af7c,,,,,
2026-09-12T23:06:06-05:00,PUR_IED_RepBoliVene_SCPT_5ae2ee,PUR_IED_RepBoliVene_SCPT_5ae2ee,,,,,
2026-09-12T23:06:06-05:00,PUR_IED_RepBoliVene_Socia_4b11d5,PUR_IED_RepBoliVene_Socia_4b11d5,,,,,
2026-09-12T23:06:06-05:00,PUR_IED_RepChina_Ext_76d9ee,PUR_IED_RepChina_Ext_76d9ee,,,,,
2026-09-12T23:06:06-05:00,PUR_IED_RepChina_S404_7c804c,PUR_IED_RepChina_S404_7c804c,,,,,
2026-09-12T23:06:06-05:00,PUR_IED_RepChina_S405_df2c33,PUR_IED_RepChina_S405_df2c33,,,,,
2026-09-12T23:06:06-05:00,PUR_IED_RepublicaC_Exteri_7d1ec9,PUR_IED_RepublicaC_Exteri_7d1ec9,,,,,
2026-09-12T23:06:06-05:00,PUR_IED_RepublicaC_S1101_f544b3,PUR_IED_RepublicaC_S1101_f544b3,,,,,
2026-09-12T23:06:06-05:00,PUR_IED_RepublicaC_S1102_7aafc7,PUR_IED_RepublicaC_S1102_7aafc7,,,,,
2026-09-12T23:06:06-05:00,PUR_IED_Ricaurte_Externo_a0ea1,PUR_IED_Ricaurte_Externo_a0ea1,,,,,
2026-09-12T23:06:06-05:00,PUR_IED_Ricaurte_S210_f546fd,PUR_IED_Ricaurte_S210_f546fd,,,,,
2026-09-12T23:06:06-05:00,PUR_IED_Ricaurte_S309_d4452,PUR_IED_Ricaurte_S309_d4452,,,,,
2026-09-12T23:06:06-05:00,PUR_IED_RogelioS_1102_531e69,PUR_IED_RogelioS_1102_531e69,,,,,
2026-09-12T23:06:06-05:00,PUR_IED_RogelioS_Ext_f25a18,PUR_IED_RogelioS_Ext_f25a18,,,,,
2026-09-12T23:06:06-05:00,PUR_IED_SBernardino_Ext_27aff8,PUR_IED_SBernardino_Ext_27aff8,,,,,
2026-09-12T23:06:06-05:00,PUR_IED_SBernardino_SArte_2ffd33,PUR_IED_SBernardino_SArte_2ffd33,,,,,
2026-09-12T23:06:06-05:00,PUR_IED_SBernardino_SIngl_7c7da5,PUR_IED_SBernardino_SIngl_7c7da5,,,,,
2026-09-12T23:06:06-05:00,PUR_IED_Sago_auditorio_dc9d1d,PUR_IED_Sago_auditorio_dc9d1d,,,,,
2026-09-12T23:06:06-05:00,PUR_IED_Saludcoop_Ext_95aac3,PUR_IED_Saludcoop_Ext_95aac3,,,,,
2026-09-12T23:06:06-05:00,PUR_IED_Saludcoop_InfI_90c854,PUR_IED_Saludcoop_InfI_90c854,,,,,
2026-09-12T23:06:06-05:00,PUR_IED_Saludcoop_SMedia_1b93be,PUR_IED_Saludcoop_SMedia_1b93be,,,,,
2026-09-12T23:06:06-05:00,PUR_IED_SanCarlos_1101_1a2360,PUR_IED_SanCarlos_1101_1a2360,,,,,
2026-09-12T23:06:06-05:00,PUR_IED_SanCarlos_1103_7bafb5,PUR_IED_SanCarlos_1103_7bafb5,,,,,
2026-09-12T23:06:06-05:00,PUR_IED_SanCarlos_Ext_b7cd1,PUR_IED_SanCarlos_Ext_b7cd1,,,,,
2026-09-12T23:06:06-05:00,PUR_IED_SanIgnacioBosa11a_50c26e,PUR_IED_SanIgnacioBosa11a_50c26e,,,,,
2026-09-12T23:06:06-05:00,PUR_IED_SanIgnacioBosa11b_371de8,PUR_IED_SanIgnacioBosa11b_371de8,,,,,
2026-09-12T23:06:06-05:00,PUR_IED_SanIgnacioBosaExt_ef0ffc,PUR_IED_SanIgnacioBosaExt_ef0ffc,,,,,
2026-09-12T23:06:06-05:00,PUR_IED_SanIgnacioBosa_11a_50c26e,PUR_IED_SanIgnacioBosa_11a_50c26e,,,,,
2026-09-12T23:06:06-05:00,PUR_IED_SanIgnacioBosa_Ext_ef0ffc,PUR_IED_SanIgnacioBosa_Ext_ef0ffc,,,,,
2026-09-12T23:06:06-05:00,PUR_IED_SanJoseN_intS1101_31c47f,PUR_IED_SanJoseN_intS1101_31c47f,,,,,
2026-09-12T23:06:06-05:00,PUR_IED_SanJoseUsm_Exter_f5d7e8,PUR_IED_SanJoseUsm_Exter_f5d7e8,,,,,
2026-09-12T23:06:06-05:00,PUR_IED_SanJoseUsm_Int11A_cfdef6,PUR_IED_SanJoseUsm_Int11A_cfdef6,,,,,
2026-09-12T23:06:06-05:00,PUR_IED_SilveriaR_IntB5_905349,PUR_IED_SilveriaR_IntB5_905349,,,,,
2026-09-12T23:06:06-05:00,PUR_IED_SilveriaR_IntSD14_981f93,PUR_IED_SilveriaR_IntSD14_981f93,,,,,
2026-09-12T23:06:06-05:00,PUR_IED_SilveriaR_ext_2b651d,PUR_IED_SilveriaR_ext_2b651d,,,,,
2026-09-12T23:06:06-05:00,PUR_IED_SimonB_Exterior_913975,PUR_IED_SimonB_Exterior_913975,,,,,
2026-09-12T23:06:06-05:00,PUR_IED_SimonB_LabQuimi_c56908,PUR_IED_SimonB_LabQuimi_c56908,,,,,
2026-09-12T23:06:06-05:00,PUR_IED_SimonB_informatic_a28c1,PUR_IED_SimonB_informatic_a28c1,,,,,
2026-09-12T23:06:06-05:00,PUR_IED_Sorrento_1102_315f50,PUR_IED_Sorrento_1102_315f50,,,,,
2026-09-12T23:06:06-05:00,PUR_IED_Sorrento_Minte_214eab,PUR_IED_Sorrento_Minte_214eab,,,,,
2026-09-12T23:06:06-05:00,PUR_IED_Sorrento_ext_7c3a0a,PUR_IED_Sorrento_ext_7c3a0a,,,,,
2026-09-12T23:06:06-05:00,PUR_IED_Tabora_Ext_f048ae,PUR_IED_Tabora_Ext_f048ae,,,,,
2026-09-12T23:06:06-05:00,PUR_IED_Tabora_S1102_b07752,PUR_IED_Tabora_S1102_b07752,,,,,
2026-09-12T23:06:06-05:00,PUR_IED_Tabora_S1103_d988f5,PUR_IED_Tabora_S1103_d988f5,,,,,
2026-09-12T23:06:06-05:00,PUR_IED_Tenerife_Ext_1ab188,PUR_IED_Tenerife_Ext_1ab188,,,,,
2026-09-12T23:06:06-05:00,PUR_IED_Tenerife_SDanzas_7bc02e,PUR_IED_Tenerife_SDanzas_7bc02e,,,,,
2026-09-12T23:06:06-05:00,PUR_IED_Tenerife_SIngles_7cc277,PUR_IED_Tenerife_SIngles_7cc277,,,,,
2026-09-12T23:06:06-05:00,PUR_IED_Tibabuyes_Exter_f2683d,PUR_IED_Tibabuyes_Exter_f2683d,,,,,
2026-09-12T23:06:06-05:00,PUR_IED_Tibabuyes_S10_dc87a8,PUR_IED_Tibabuyes_S10_dc87a8,,,,,
2026-09-12T23:06:06-05:00,PUR_IED_Tibabuyes_S15_dc0526,PUR_IED_Tibabuyes_S15_dc0526,,,,,
2026-09-12T23:06:06-05:00,PUR_IED_UnionE_S301_a1043,PUR_IED_UnionE_S301_a1043,,,,,
2026-09-12T23:06:06-05:00,PUR_IED_UnionE_S307_ff6c2f,PUR_IED_UnionE_S307_ff6c2f,,,,,
2026-09-12T23:06:06-05:00,PUR_IED_UnionE__Ext_5e2468,PUR_IED_UnionE__Ext_5e2468,,,,,
2026-09-12T23:06:06-05:00,PUR_IED_VillaRica_Ext_75be7c,PUR_IED_VillaRica_Ext_75be7c,,,,,
2026-09-12T23:06:06-05:00,PUR_IED_VillaRica_S4_cc5dcd,PUR_IED_VillaRica_S4_cc5dcd,,,,,
2026-09-12T23:06:06-05:00,PUR_IED_VillaRica_Sesp_99f5c,PUR_IED_VillaRica_Sesp_99f5c,,,,,
2026-09-12T23:21:10-05:00,PUR_IED_20deJulio_1101_91b1b9,PUR_IED_20deJulio_1101_91b1b9,,,,,
2026-09-12T23:21:10-05:00,PUR_IED_20deJulio_1102_1cfcf9,PUR_IED_20deJulio_1102_1cfcf9,,,,,
2026-09-12T23:21:10-05:00,PUR_IED_20deJulio_Ext_ab60bd,PUR_IED_20deJulio_Ext_ab60bd,,,,,
2026-09-12T23:21:10-05:00,PUR_IED_AgustinFer_Ext_7b9b77,PUR_IED_AgustinFer_Ext_7b9b77,,,,,
2026-09-12T23:21:10-05:00,PUR_IED_AgustinFer_Info2_27b3a7,PUR_IED_AgustinFer_Info2_27b3a7,,,,,
2026-09-12T23:21:10-05:00,PUR_IED_AgustinFer_Sena_54b4eb,PUR_IED_AgustinFer_Sena_54b4eb,,,,,
2026-09-12T23:21:10-05:00,PUR_IED_AlexanderF_1102_caf07b,PUR_IED_AlexanderF_1102_caf07b,,,,,
2026-09-12T23:21:10-05:00,PUR_IED_AlexanderF_1103_c79e71,PUR_IED_AlexanderF_1103_c79e71,,,,,
2026-09-12T23:21:10-05:00,PUR_IED_AlexanderF_Ext_c5b18b,PUR_IED_AlexanderF_Ext_c5b18b,,,,,
2026-09-12T23:21:10-05:00,PUR_IED_AlfonsoLopez_Ext_281d77,PUR_IED_AlfonsoLopez_Ext_281d77,,,,,
2026-09-12T23:21:10-05:00,PUR_IED_AlfonsoLopez_LabF_888ce0,PUR_IED_AlfonsoLopez_LabF_888ce0,,,,,
2026-09-12T23:21:10-05:00,PUR_IED_AlfonsoLopez_SMed_df6a7f,PUR_IED_AlfonsoLopez_SMed_df6a7f,,,,,
2026-09-12T23:21:10-05:00,PUR_IED_AltamiraSO_A2_209f92,PUR_IED_AltamiraSO_A2_209f92,,,,,
2026-09-12T23:21:10-05:00,PUR_IED_AltamiraSO_Ext_186d66,PUR_IED_AltamiraSO_Ext_186d66,,,,,
2026-09-12T23:21:10-05:00,PUR_IED_AltamiraSO_Sistem_27afe1,PUR_IED_AltamiraSO_Sistem_27afe1,,,,,
2026-09-12T23:21:10-05:00,PUR_IED_AlvaroGom_LabQuim_813179,PUR_IED_AlvaroGom_LabQuim_813179,,,,,
2026-09-12T23:21:10-05:00,PUR_IED_AlvaroGomez_Ext_47c7ca,PUR_IED_AlvaroGomez_Ext_47c7ca,,,,,
2026-09-12T23:21:10-05:00,PUR_IED_AlvaroGomez_LabQuim_813179,PUR_IED_AlvaroGomez_LabQuim_813179,,,,,
2026-09-12T23:21:10-05:00,PUR_IED_AlvaroGomez_S23_7ba89f,PUR_IED_AlvaroGomez_S23_7ba89f,,,,,
2026-09-12T23:21:10-05:00,PUR_IED_Amistad_306_dc8728,PUR_IED_Amistad_306_dc8728,,,,,
2026-09-12T23:21:10-05:00,PUR_IED_Amistad_Ext_8cd55e,PUR_IED_Amistad_Ext_8cd55e,,,,,
2026-09-12T23:21:10-05:00,PUR_IED_Amistad_S202_a41169,PUR_IED_Amistad_S202_a41169,,,,,
2026-09-12T23:21:10-05:00,PUR_IED_AndresBello_Bio_fd5f5e,PUR_IED_AndresBello_Bio_fd5f5e,,,,,
2026-09-12T23:21:10-05:00,PUR_IED_AndresBello_ext_dcad65,PUR_IED_AndresBello_ext_dcad65,,,,,
2026-09-12T23:21:10-05:00,PUR_IED_AndresBello_port_eed3ec,PUR_IED_AndresBello_port_eed3ec,,,,,
2026-09-12T23:21:10-05:00,PUR_IED_AngelaR_11b_d90a6b,PUR_IED_AngelaR_11b_d90a6b,,,,,
2026-09-12T23:21:10-05:00,PUR_IED_AngelaR_ext_7cad3e,PUR_IED_AngelaR_ext_7cad3e,3,19,63,4.5825,-74.164497
2026-09-12T23:21:10-05:00,PUR_IED_AntJoseSucre_10mo_df2575,PUR_IED_AntJoseSucre_10mo_df2575,,,,,
2026-09-12T23:21:10-05:00,PUR_IED_AntJoseSucre_Ext_215b36,PUR_IED_AntJoseSucre_Ext_215b36,,,,,
2026-09-12T23:21:10-05:00,PUR_IED_AntJoseSucre_Lab_3139de,PUR_IED_AntJoseSucre_Lab_3139de,,,,,
2026-09-12T23:21:10-05:00,PUR_IED_AntonioGarcia_301_d6b188,PUR_IED_AntonioGarcia_301_d6b188,,,,,
2026-09-12T23:21:10-05:00,PUR_IED_AntonioGarcia_302_88a82,PUR_IED_AntonioGarcia_302_88a82,,,,,
2026-09-12T23:21:10-05:00,PUR_IED_AntonioGarcia_Ext_20950c,PUR_IED_AntonioGarcia_Ext_20950c,,,,,
2026-09-12T23:21:10-05:00,PUR_IED_AntonioVan_Aula2_6dea02,PUR_IED_AntonioVan_Aula2_6dea02,,,,,
2026-09-12T23:21:10-05:00,PUR_IED_AntonioVan_Aula5_f1557e,PUR_IED_AntonioVan_Aula5_f1557e,,,,,
2026-09-12T23:21:10-05:00,PUR_IED_AntonioVan_Ext_406f2f,PUR_IED_AntonioVan_Ext_406f2f,,,,,
2026-09-12T23:21:10-05:00,PUR_IED_Atabanzha_Ext_cc5af9,PUR_IED_Atabanzha_Ext_cc5af9,,,,,
2026-09-12T23:21:10-05:00,PUR_IED_Atabanzha_SA101_56c37,PUR_IED_Atabanzha_SA101_56c37,,,,,
2026-09-12T23:21:10-05:00,PUR_IED_Atabanzha_SB302_27b374,PUR_IED_Atabanzha_SB302_27b374,,,,,
2026-09-12T23:21:10-05:00,PUR_IED_Atahualpa_Ext_fc1748,PUR_IED_Atahualpa_Ext_fc1748,,,,,
2026-09-12T23:21:10-05:00,PUR_IED_Atahualpa_Informa_dc9a95,PUR_IED_Atahualpa_Informa_dc9a95,,,,,
2026-09-12T23:21:10-05:00,PUR_IED_Atahualpa_S1101_f98056,PUR_IED_Atahualpa_S1101_f98056,,,,,
2026-09-12T23:21:10-05:00,PUR_IED_Bellavista_Ext_f5aa74,PUR_IED_Bellavista_Ext_f5aa74,,,,,
2026-09-12T23:21:10-05:00,PUR_IED_Bilbao_11A_916c41,PUR_IED_Bilbao_11A_916c41,,,,,
2026-09-12T23:21:10-05:00,PUR_IED_Bilbao_Ext_fb579a,PUR_IED_Bilbao_Ext_fb579a,,,,,
2026-09-12T23:21:10-05:00,PUR_IED_BrasiliaU_A125_304280,PUR_IED_BrasiliaU_A125_304280,,,,,
2026-09-12T23:21:10-05:00,PUR_IED_BrasiliaU_A203_7c8ca5,PUR_IED_BrasiliaU_A203_7c8ca5,,,,,
2026-09-12T23:21:10-05:00,PUR_IED_BrasiliaU_Ext_8d6e9f,PUR_IED_BrasiliaU_Ext_8d6e9f,5,17,62,4.5175,-74.116302
2026-09-12T23:21:10-05:00,PUR_IED_Brasilia_Ext_fe6593,PUR_IED_Brasilia_Ext_fe6593,,,,,
2026-09-12T23:21:10-05:00,PUR_IED_Brasilia_S24_7c130d,PUR_IED_Brasilia_S24_7c130d,,,,,
2026-09-12T23:21:10-05:00,PUR_IED_Brasilia_S501_186a54,PUR_IED_Brasilia_S501_186a54,,,,,
2026-09-12T23:21:10-05:00,PUR_IED_CHARRY_EXT_f1d5cd,PUR_IED_CHARRY_EXT_f1d5cd,,,,,
2026-09-12T23:21:10-05:00,PUR_IED_CHARRY_INTDANZAS_7a08e6,PUR_IED_CHARRY_INTDANZAS_7a08e6,,,,,
2026-09-12T23:21:10-05:00,PUR_IED_CHARRY_INT_AULA20_dc998d,PUR_IED_CHARRY_INT_AULA20_dc998d,,,,,
2026-09-12T23:21:10-05:00,PUR_IED_COLVIV_1101_S25_7f520a,PUR_IED_COLVIV_1101_S25_7f520a,,,,,
2026-09-12T23:21:10-05:00,PUR_IED_COLVIV_1102_S16_f570ba,PUR_IED_COLVIV_1102_S16_f570ba,,,,,
2026-09-12T23:21:10-05:00,PUR_IED_COLVIV_Ext_1a26fa,PUR_IED_COLVIV_Ext_1a26fa,,,,,
2026-09-12T23:21:10-05:00,PUR_IED_CULPOP_301A_f660f3,PUR_IED_CULPOP_301A_f660f3,,,,,
2026-09-12T23:21:10-05:00,PUR_IED_CULPOP_303_568afe,PUR_IED_CULPOP_303_568afe,,,,,
2026-09-12T23:21:10-05:00,PUR_IED_CULPOP_Ext_e02ccb,PUR_IED_CULPOP_Ext_e02ccb,,,,,
2026-09-12T23:21:10-05:00,PUR_IED_CVillavicen_Ext_26eb58,PUR_IED_CVillavicen_Ext_26eb58,4,15,78,4.487,-74.102798
2026-09-12T23:21:10-05:00,PUR_IED_CVillavicen_Intel_1ce5c2,PUR_IED_CVillavicen_Intel_1ce5c2,,,,,
2026-09-12T23:21:10-05:00,PUR_IED_CVillavicen_Poliv_e0766c,PUR_IED_CVillavicen_Poliv_e0766c,,,,,
2026-09-12T23:21:10-05:00,PUR_IED_CVillavicen_int_1ba140,PUR_IED_CVillavicen_int_1ba140,,,,,
2026-09-12T23:21:10-05:00,PUR_IED_CVillavicen_intel_1ba140,PUR_IED_CVillavicen_intel_1ba140,,,,,
2026-09-12T23:21:10-05:00,PUR_IED_CarlosPizarro_Ext_e307cc,PUR_IED_CarlosPizarro_Ext_e307cc,,,,,
2026-09-12T23:21:10-05:00,PUR_IED_CarlosPizarro_L36_7e5cdb,PUR_IED_CarlosPizarro_L36_7e5cdb,,,,,
2026-09-12T23:21:10-05:00,PUR_IED_CarlosPizarro_L37_c8566c,PUR_IED_CarlosPizarro_L37_c8566c,,,,,
2026-09-12T23:21:10-05:00,PUR_IED_Castilla_Ext_cf35f,PUR_IED_Castilla_Ext_cf35f,,,,,
2026-09-12T23:21:10-05:00,PUR_IED_Castilla_SFisik_360e38,PUR_IED_Castilla_SFisik_360e38,,,,,
2026-09-12T23:21:10-05:00,PUR_IED_Castilla_Sc304_496fbf,PUR_IED_Castilla_Sc304_496fbf,,,,,
2026-09-12T23:21:10-05:00,PUR_IED_CervantesSa_Ext_6b57b,PUR_IED_CervantesSa_Ext_6b57b,3,16,69,4.5128,-74.117203
2026-09-12T23:21:10-05:00,PUR_IED_CervantesSa_S107_225c2b,PUR_IED_CervantesSa_S107_225c2b,,,,,
2026-09-12T23:21:10-05:00,PUR_IED_CervantesSa_S108_940925,PUR_IED_CervantesSa_S108_940925,,,,,
2026-09-12T23:21:10-05:00,PUR_IED_Charry_A20_f53e7c,PUR_IED_Charry_A20_f53e7c,,,,,
2026-09-12T23:21:10-05:00,PUR_IED_Charry_Ext_f1d5cd,PUR_IED_Charry_Ext_f1d5cd,,,,,
2026-09-12T23:21:10-05:00,PUR_IED_Charry_IntAula20_dc998d,PUR_IED_Charry_IntAula20_dc998d,,,,,
2026-09-12T23:21:10-05:00,PUR_IED_Charry_IntDanzas_7a08e6,PUR_IED_Charry_IntDanzas_7a08e6,,,,,
2026-09-12T23:21:10-05:00,PUR_IED_ClememciaC_203_43e2fc,PUR_IED_ClememciaC_203_43e2fc,,,,,
2026-09-12T23:21:10-05:00,PUR_IED_ClememciaC_Ext_1b411a,PUR_IED_ClememciaC_Ext_1b411a,,,,,
2026-09-12T23:21:10-05:00,PUR_IED_ClememciaC_Quimic_44b5fc,PUR_IED_ClememciaC_Quimic_44b5fc,,,,,
2026-09-12T23:21:10-05:00,PUR_IED_ClemenciaC_203_43e2fc,PUR_IED_ClemenciaC_203_43e2fc,,,,,
2026-09-12T23:21:10-05:00,PUR_IED_ClemenciaC_Ext_1b411a,PUR_IED_ClemenciaC_Ext_1b411a,,,,,
2026-09-12T23:21:10-05:00,PUR_IED_ClemenciaC_Quimic_44b5fc,PUR_IED_ClemenciaC_Quimic_44b5fc,,,,,
2026-09-12T23:21:10-05:00,PUR_IED_ColViva_1101_S25_7f520a,PUR_IED_ColViva_1101_S25_7f520a,,,,,
2026-09-12T23:21:10-05:00,PUR_IED_ColViva_1102_S16_f570ba,PUR_IED_ColViva_1102_S16_f570ba,,,,,
2026-09-12T23:21:10-05:00,PUR_IED_ColViva_Ext_1a26fa,PUR_IED_ColViva_Ext_1a26fa,,,,,
2026-09-12T23:21:10-05:00,PUR_IED_ColegioBici_Asist_7c8798,PUR_IED_ColegioBici_Asist_7c8798,,,,,
2026-09-12T23:21:10-05:00,PUR_IED_ColegioBici_Ext_25cbf6,PUR_IED_ColegioBici_Ext_25cbf6,,,,,
2026-09-12T23:21:10-05:00,PUR_IED_ColegioBici_LabQ_7b57db,PUR_IED_ColegioBici_LabQ_7b57db,,,,,
2026-09-12T23:21:10-05:00,PUR_IED_CostaRica_Ext_5e640,PUR_IED_CostaRica_Ext_5e640,,,,,
2026-09-12T23:21:10-05:00,PUR_IED_CostaRica_Quim1_766d1c,PUR_IED_CostaRica_Quim1_766d1c,,,,,
2026-09-12T23:21:10-05:00,PUR_IED_CostaRica__Fisica_6f0873,PUR_IED_CostaRica__Fisica_6f0873,,,,,
2026-09-12T23:21:10-05:00,PUR_IED_CulPopu_301A_f660f3,PUR_IED_CulPopu_301A_f660f3,,,,,
2026-09-12T23:21:10-05:00,PUR_IED_CulPopu_303_568afe,PUR_IED_CulPopu_303_568afe,,,,,
2026-09-12T23:21:10-05:00,PUR_IED_CulPopu_Ext_e02ccb,PUR_IED_CulPopu_Ext_e02ccb,,,,,
2026-09-12T23:21:10-05:00,PUR_IED_Cundinamarca_Ext_f15985,PUR_IED_Cundinamarca_Ext_f15985,,,,,
2026-09-12T23:21:10-05:00,PUR_IED_Cundinamarca_Info_7aa5d7,PUR_IED_Cundinamarca_Info_7aa5d7,,,,,
2026-09-12T23:21:10-05:00,PUR_IED_Cundinamarca_Tec2_f449c7,PUR_IED_Cundinamarca_Tec2_f449c7,,,,,
2026-09-12T23:21:10-05:00,PUR_IED_DiegoM_Aula1_27b314,PUR_IED_DiegoM_Aula1_27b314,,,,,
2026-09-12T23:21:10-05:00,PUR_IED_DiegoM_Ext_d80ac8,PUR_IED_DiegoM_Ext_d80ac8,,,,,
2026-09-12T23:21:10-05:00,PUR_IED_DiegoM_S25_da928f,PUR_IED_DiegoM_S25_da928f,,,,,
2026-09-12T23:21:10-05:00,PUR_IED_ELRODEO_360881,PUR_IED_ELRODEO_360881,,,,,
2026-09-12T23:21:10-05:00,PUR_IED_ELRODEO_ext_360881,PUR_IED_ELRODEO_ext_360881,,,,,
2026-09-12T23:21:10-05:00,PUR_IED_EduardoU_Ext_1c1969,PUR_IED_EduardoU_Ext_1c1969,,,,,
2026-09-12T23:21:10-05:00,PUR_IED_EduardoU_SCiencia_4dfb94,PUR_IED_EduardoU_SCiencia_4dfb94,,,,,
2026-09-12T23:21:10-05:00,PUR_IED_EduardoU_SQuimica_5a46e7,PUR_IED_EduardoU_SQuimica_5a46e7,,,,,
2026-09-12T23:21:10-05:00,PUR_IED_ElRodeo_Aula14_676984,PUR_IED_ElRodeo_Aula14_676984,,,,,
2026-09-12T23:21:10-05:00,PUR_IED_ElRodeo_Aula16_2dd35b,PUR_IED_ElRodeo_Aula16_2dd35b,,,,,
2026-09-12T23:21:10-05:00,PUR_IED_ElRodeo_Ext_360881,PUR_IED_ElRodeo_Ext_360881,,,,,
2026-09-12T23:21:10-05:00,PUR_IED_ElRodeo_Exterior_8c6d28,PUR_IED_ElRodeo_Exterior_8c6d28,,,,,
2026-09-12T23:21:10-05:00,PUR_IED_ElRodeo_ext_360881,PUR_IED_ElRodeo_ext_360881,,,,,
2026-09-12T23:21:10-05:00,PUR_IED_EmmaReyes_Ext_987625,PUR_IED_EmmaReyes_Ext_987625,6,21,52,4.6367,-74.1511
2026-09-12T23:21:10-05:00,PUR_IED_Ensueño_Ext_7f0250,PUR_IED_Ensueño_Ext_7f0250,,,,,
2026-09-12T23:21:10-05:00,PUR_IED_EscNormal_Ext_5fef3b,PUR_IED_EscNormal_Ext_5fef3b,2,18,62,4.5852,-74.096901
2026-09-12T23:21:10-05:00,PUR_IED_EscNormal_S309_5b263,PUR_IED_EscNormal_S309_5b263,,,,,
2026-09-12T23:21:10-05:00,PUR_IED_EscNormal_S310_27b3b8,PUR_IED_EscNormal_S310_27b3b8,,,,,
2026-09-12T23:21:10-05:00,PUR_IED_Evangelista_Conta_f6cd4f,PUR_IED_Evangelista_Conta_f6cd4f,,,,,
2026-09-12T23:21:10-05:00,PUR_IED_Evangelista_Cri_5e16a,PUR_IED_Evangelista_Cri_5e16a,,,,,
2026-09-12T23:21:10-05:00,PUR_IED_Evangelista_Exter_754066,PUR_IED_Evangelista_Exter_754066,,,,,
2026-09-12T23:21:10-05:00,PUR_IED_FMiranda_S209_5cc2a3,PUR_IED_FMiranda_S209_5cc2a3,,,,,
2026-09-12T23:21:10-05:00,PUR_IED_FMiranda_S303_19e344,PUR_IED_FMiranda_S303_19e344,,,,,
2026-09-12T23:21:10-05:00,PUR_IED_FMiranda_ext_f53e7c,PUR_IED_FMiranda_ext_f53e7c,,,,,
2026-09-12T23:21:10-05:00,PUR_IED_FabioLozano_Bibli_1cee05,PUR_IED_FabioLozano_Bibli_1cee05,,,,,
2026-09-12T23:21:10-05:00,PUR_IED_FabioLozano_Ext_6ea285,PUR_IED_FabioLozano_Ext_6ea285,,,,,
2026-09-12T23:21:10-05:00,PUR_IED_FabioLozano_SLudi_f09e1e,PUR_IED_FabioLozano_SLudi_f09e1e,,,,,
2026-09-12T23:21:10-05:00,PUR_IED_FaustinoS_Aula07_27a731,PUR_IED_FaustinoS_Aula07_27a731,,,,,
2026-09-12T23:21:10-05:00,PUR_IED_FaustinoS_Ext_7b936f,PUR_IED_FaustinoS_Ext_7b936f,,,,,
2026-09-12T23:21:10-05:00,PUR_IED_FaustinoS_Fisica_da2c60,PUR_IED_FaustinoS_Fisica_da2c60,,,,,
2026-09-12T23:21:10-05:00,PUR_IED_FeGarciaLo_Ext_dc68ee,PUR_IED_FeGarciaLo_Ext_dc68ee,,,,,
2026-09-12T23:21:10-05:00,PUR_IED_FeGarciaLo_SDanza_f70a59,PUR_IED_FeGarciaLo_SDanza_f70a59,,,,,
2026-09-12T23:21:10-05:00,PUR_IED_FeGarciaLo_SMusic_125cdd,PUR_IED_FeGarciaLo_SMusic_125cdd,,,,,
2026-09-12T23:21:10-05:00,PUR_IED_FederalAlema_Exte_50c345,PUR_IED_FederalAlema_Exte_50c345,,,,,
2026-09-12T23:21:10-05:00,PUR_IED_FederalAlema_S31_f18371,PUR_IED_FederalAlema_S31_f18371,,,,,
2026-09-12T23:21:10-05:00,PUR_IED_FederalAlema_S901_a62cd,PUR_IED_FederalAlema_S901_a62cd,,,,,
2026-09-12T23:21:10-05:00,PUR_IED_FilarmonicaS_A5_f35eb1,PUR_IED_FilarmonicaS_A5_f35eb1,,,,,
2026-09-12T23:21:10-05:00,PUR_IED_FilarmonicaS_Ext_8a3bde,PUR_IED_FilarmonicaS_Ext_8a3bde,,,,,
2026-09-12T23:21:10-05:00,PUR_IED_FilarmonicaS_Spol_406114,PUR_IED_FilarmonicaS_Spol_406114,,,,,
2026-09-12T23:21:10-05:00,PUR_IED_FlorentinoG_A13_d1fa59,PUR_IED_FlorentinoG_A13_d1fa59,,,,,
2026-09-12T23:21:10-05:00,PUR_IED_FlorentinoG_Ext_1ce6ce,PUR_IED_FlorentinoG_Ext_1ce6ce,,,,,
2026-09-12T23:21:10-05:00,PUR_IED_FlorentinoG_Idiom_a66aac,PUR_IED_FlorentinoG_Idiom_a66aac,,,,,
2026-09-12T23:21:10-05:00,PUR_IED_FranciscoMati_Ext_e3869d,PUR_IED_FranciscoMati_Ext_e3869d,,,,,
2026-09-12T23:21:10-05:00,PUR_IED_FranciscoMati_S13_f31c67,PUR_IED_FranciscoMati_S13_f31c67,,,,,
2026-09-12T23:21:10-05:00,PUR_IED_FranciscoMati_S14_97dead,PUR_IED_FranciscoMati_S14_97dead,,,,,
2026-09-12T23:21:10-05:00,PUR_IED_FranciscoPS_Ext_7bfa9a,PUR_IED_FranciscoPS_Ext_7bfa9a,3,18,62,4.5899,-74.110397
2026-09-12T23:21:10-05:00,PUR_IED_FranciscoPS_Infor_fb8f4c,PUR_IED_FranciscoPS_Infor_fb8f4c,,,,,
2026-09-12T23:21:10-05:00,PUR_IED_FranciscoPS_Quimi_94d39c,PUR_IED_FranciscoPS_Quimi_94d39c,,,,,
2026-09-12T23:21:10-05:00,PUR_IED_FranciscoP_LabQ_d7e148,PUR_IED_FranciscoP_LabQ_d7e148,,,,,
2026-09-12T23:21:10-05:00,PUR_IED_FranciscoP_S28_cf9b30,PUR_IED_FranciscoP_S28_cf9b30,,,,,
2026-09-12T23:21:10-05:00,PUR_IED_FranciscoP_ext_e2313,PUR_IED_FranciscoP_ext_e2313,,,,,
2026-09-12T23:21:10-05:00,PUR_IED_FriederichN_Ext_8ac92a,PUR_IED_FriederichN_Ext_8ac92a,,,,,
2026-09-12T23:21:10-05:00,PUR_IED_FriederichN_S301_dd7e5a,PUR_IED_FriederichN_S301_dd7e5a,,,,,
2026-09-12T23:21:10-05:00,PUR_IED_FriederichN_S308_761f4f,PUR_IED_FriederichN_S308_761f4f,,,,,
2026-09-12T23:21:10-05:00,PUR_IED_GSantander_Aula10_533dd7,PUR_IED_GSantander_Aula10_533dd7,,,,,
2026-09-12T23:21:10-05:00,PUR_IED_GSantander_Aula12_fd4e4f,PUR_IED_GSantander_Aula12_fd4e4f,,,,,
2026-09-12T23:21:10-05:00,PUR_IED_GSantander_Aula310_533dd7,PUR_IED_GSantander_Aula310_533dd7,,,,,
2026-09-12T23:21:10-05:00,PUR_IED_GSantander_Aula312_fd4e4f,PUR_IED_GSantander_Aula312_fd4e4f,,,,,
2026-09-12T23:21:10-05:00,PUR_IED_GSantander_Ext_5f66b0,PUR_IED_GSantander_Ext_5f66b0,,,,,
2026-09-12T23:21:10-05:00,PUR_IED_GYomasa_Ext_f6bea5,PUR_IED_GYomasa_Ext_f6bea5,,,,,
2026-09-12T23:21:10-05:00,PUR_IED_GYomasa_LBiol_2c41aa,PUR_IED_GYomasa_LBiol_2c41aa,,,,,
2026-09-12T23:21:10-05:00,PUR_IED_GYomasa_LQuim_33c80,PUR_IED_GYomasa_LQuim_33c80,,,,,
2026-09-12T23:21:10-05:00,PUR_IED_GabBetMejia_Cienc_5a99c,PUR_IED_GabBetMejia_Cienc_5a99c,,,,,
2026-09-12T23:21:10-05:00,PUR_IED_GabBetMejia_Ext_9153d0,PUR_IED_GabBetMejia_Ext_9153d0,,,,,
2026-09-12T23:21:10-05:00,PUR_IED_GabBetMejia_Lab_f55347,PUR_IED_GabBetMejia_Lab_f55347,,,,,
2026-09-12T23:21:10-05:00,PUR_IED_GabBetanMejia_Ext_9153d0,PUR_IED_GabBetanMejia_Ext_9153d0,,,,,
2026-09-12T23:21:10-05:00,PUR_IED_Gaitana_Aula13_7aac11,PUR_IED_Gaitana_Aula13_7aac11,,,,,
2026-09-12T23:21:10-05:00,PUR_IED_Gaitana_Ext_5fcf4,PUR_IED_Gaitana_Ext_5fcf4,,,,,
2026-09-12T23:21:10-05:00,PUR_IED_Gaitana_LabFisica_644448,PUR_IED_Gaitana_LabFisica_644448,,,,,
2026-09-12T23:21:10-05:00,PUR_IED_GenSantander_Dise_8ac858,PUR_IED_GenSantander_Dise_8ac858,,,,,
2026-09-12T23:21:10-05:00,PUR_IED_GenSantander_Ext_8d5dfe,PUR_IED_GenSantander_Ext_8d5dfe,,,,,
2026-09-12T23:21:10-05:00,PUR_IED_GenSantander_Info_6c25b,PUR_IED_GenSantander_Info_6c25b,,,,,
2026-09-12T23:21:10-05:00,PUR_IED_GustavoMo_Exterio_75e63d,PUR_IED_GustavoMo_Exterio_75e63d,,,,,
2026-09-12T23:21:10-05:00,PUR_IED_GustavoMo_LabFisi_224d37,PUR_IED_GustavoMo_LabFisi_224d37,,,,,
2026-09-12T23:21:10-05:00,PUR_IED_GustavoMo_S208_3e6918,PUR_IED_GustavoMo_S208_3e6918,,,,,
2026-09-12T23:21:10-05:00,PUR_IED_GustavoR_A02_8cd4a8,PUR_IED_GustavoR_A02_8cd4a8,,,,,
2026-09-12T23:21:10-05:00,PUR_IED_GustavoR_B11_5b0ed,PUR_IED_GustavoR_B11_5b0ed,,,,,
2026-09-12T23:21:10-05:00,PUR_IED_GustavoR_Ext_7a0c90,PUR_IED_GustavoR_Ext_7a0c90,,,,,
2026-09-12T23:21:10-05:00,PUR_IED_HernandoDuran_Ext_8cd82b,PUR_IED_HernandoDuran_Ext_8cd82b,,,,,
2026-09-12T23:21:10-05:00,PUR_IED_HernandoDuran_S24_2772c6,PUR_IED_HernandoDuran_S24_2772c6,,,,,
2026-09-12T23:21:10-05:00,PUR_IED_HernandoDuran_S30_f2de41,PUR_IED_HernandoDuran_S30_f2de41,,,,,
2026-09-12T23:21:10-05:00,PUR_IED_HolguInUr_S1101_8cd732,PUR_IED_HolguInUr_S1101_8cd732,,,,,
2026-09-12T23:21:10-05:00,PUR_IED_HolguinUr_Exter_ddae6d,PUR_IED_HolguinUr_Exter_ddae6d,,,,,
2026-09-12T23:21:10-05:00,PUR_IED_HolguinUr_LabQuim_92b952,PUR_IED_HolguinUr_LabQuim_92b952,,,,,
2026-09-12T23:21:10-05:00,PUR_IED_Isabel-II_Ext_5245cc,PUR_IED_Isabel-II_Ext_5245cc,4,19,58,4.6336,-74.153
2026-09-12T23:21:10-05:00,PUR_IED_Isabel-II_S_idiom_1c29aa,PUR_IED_Isabel-II_S_idiom_1c29aa,,,,,
2026-09-12T23:21:10-05:00,PUR_IED_Isabel-II_S_infor_fd741,PUR_IED_Isabel-II_S_infor_fd741,,,,,
2026-09-12T23:21:10-05:00,PUR_IED_IsidroSur_Exterio_5b90ea,PUR_IED_IsidroSur_Exterio_5b90ea,,,,,
2026-09-12T23:21:10-05:00,PUR_IED_IsidroSur_LabTec_56697a,PUR_IED_IsidroSur_LabTec_56697a,,,,,
2026-09-12T23:21:10-05:00,PUR_IED_IsidroSur_Robotic_b7c38f,PUR_IED_IsidroSur_Robotic_b7c38f,,,,,
2026-09-12T23:21:10-05:00,PUR_IED_IsmaelPerd_Ext_7b6672,PUR_IED_IsmaelPerd_Ext_7b6672,,,,,
2026-09-12T23:21:10-05:00,PUR_IED_IsmaelPerd_Inform_306540,PUR_IED_IsmaelPerd_Inform_306540,,,,,
2026-09-12T23:21:10-05:00,PUR_IED_IsmaelPerd_S30_2e2c83,PUR_IED_IsmaelPerd_S30_2e2c83,,,,,
2026-09-12T23:21:10-05:00,PUR_IED_JLozano_Exter_432910,PUR_IED_JLozano_Exter_432910,,,,,
2026-09-12T23:21:10-05:00,PUR_IED_JLozano_salaMulti_df5125,PUR_IED_JLozano_salaMulti_df5125,,,,,
2026-09-12T23:21:10-05:00,PUR_IED_JMCordoba_206_86f80b,PUR_IED_JMCordoba_206_86f80b,,,,,
2026-09-12T23:21:10-05:00,PUR_IED_JMCordoba_Ext_27ad97,PUR_IED_JMCordoba_Ext_27ad97,,,,,
2026-09-12T23:21:10-05:00,PUR_IED_JMCordoba_S310_d59ab4,PUR_IED_JMCordoba_S310_d59ab4,,,,,
2026-09-12T23:21:10-05:00,PUR_IED_Japon_Ext_549100,PUR_IED_Japon_Ext_549100,,,,,
2026-09-12T23:21:10-05:00,PUR_IED_Japon_Laboratorio_bec51d,PUR_IED_Japon_Laboratorio_bec51d,,,,,
2026-09-12T23:21:10-05:00,PUR_IED_Japon_informatica_d99327,PUR_IED_Japon_informatica_d99327,,,,,
2026-09-12T23:21:10-05:00,PUR_IED_Jazmin_Ext_d27bda,PUR_IED_Jazmin_Ext_d27bda,,,,,
2026-09-12T23:21:10-05:00,PUR_IED_Jazmin_Fisica_8d14d7,PUR_IED_Jazmin_Fisica_8d14d7,,,,,
2026-09-12T23:21:10-05:00,PUR_IED_Jazmin_Quimica_801cb5,PUR_IED_Jazmin_Quimica_801cb5,,,,,
2026-09-12T23:21:10-05:00,PUR_IED_JorgeGaitan_Exter_f098d1,PUR_IED_JorgeGaitan_Exter_f098d1,,,,,
2026-09-12T23:21:10-05:00,PUR_IED_JorgeGaitan_STec1_dc9d1d,PUR_IED_JorgeGaitan_STec1_dc9d1d,,,,,
2026-09-12T23:21:10-05:00,PUR_IED_JorgeGaitan_STec2_281e69,PUR_IED_JorgeGaitan_STec2_281e69,,,,,
2026-09-12T23:21:10-05:00,PUR_IED_JorgeSoto_Exterio_d9d0a2,PUR_IED_JorgeSoto_Exterio_d9d0a2,,,,,
2026-09-12T23:21:10-05:00,PUR_IED_JorgeSoto_LabFisi_209c54,PUR_IED_JorgeSoto_LabFisi_209c54,,,,,
2026-09-12T23:21:10-05:00,PUR_IED_JorgeSoto_S103_27b51a,PUR_IED_JorgeSoto_S103_27b51a,,,,,
2026-09-12T23:21:10-05:00,PUR_IED_JoseAcevedo_A02_e965eb,PUR_IED_JoseAcevedo_A02_e965eb,,,,,
2026-09-12T23:21:10-05:00,PUR_IED_JoseAcevedo_A07_dd5b4,PUR_IED_JoseAcevedo_A07_dd5b4,,,,,
2026-09-12T23:21:10-05:00,PUR_IED_JoseAcevedo_Ext_b47484,PUR_IED_JoseAcevedo_Ext_b47484,,,,,
2026-09-12T23:21:10-05:00,PUR_IED_JoseMarti_Exte_5b9bf,PUR_IED_JoseMarti_Exte_5b9bf,,,,,
2026-09-12T23:21:10-05:00,PUR_IED_JoseMarti_LabQuim_1c6c2d,PUR_IED_JoseMarti_LabQuim_1c6c2d,,,,,
2026-09-12T23:21:10-05:00,PUR_IED_JoseMarti_S_info_f5f177,PUR_IED_JoseMarti_S_info_f5f177,,,,,
2026-09-12T23:21:10-05:00,PUR_IED_Josejoaquin_Ext_dfc5dc,PUR_IED_Josejoaquin_Ext_dfc5dc,,,,,
2026-09-12T23:21:10-05:00,PUR_IED_Josejoaquin_S05_5b2a96,PUR_IED_Josejoaquin_S05_5b2a96,,,,,
2026-09-12T23:21:10-05:00,PUR_IED_Josejoaquin_S06_1ce7d2,PUR_IED_Josejoaquin_S06_1ce7d2,,,,,
2026-09-12T23:21:10-05:00,PUR_IED_JulioFlorez_Danza_9b82dd,PUR_IED_JulioFlorez_Danza_9b82dd,,,,,
2026-09-12T23:21:10-05:00,PUR_IED_JulioFlorez_Exter_f9f314,PUR_IED_JulioFlorez_Exter_f9f314,,,,,
2026-09-12T23:21:10-05:00,PUR_IED_JulioFlorez_info2_6b6e08,PUR_IED_JulioFlorez_info2_6b6e08,,,,,
2026-09-12T23:21:10-05:00,PUR_IED_LaBelleza_Aula13_1d00d8,PUR_IED_LaBelleza_Aula13_1d00d8,,,,,
2026-09-12T23:21:10-05:00,PUR_IED_LaBelleza_Ext_7bc08c,PUR_IED_LaBelleza_Ext_7bc08c,,,,,
2026-09-12T23:21:10-05:00,PUR_IED_LaChucua_Ext_8cd6d2,PUR_IED_LaChucua_Ext_8cd6d2,,,,,
2026-09-12T23:21:10-05:00,PUR_IED_LaChucua_S15_f578ce,PUR_IED_LaChucua_S15_f578ce,,,,,
2026-09-12T23:21:10-05:00,PUR_IED_LaChucua_S16_eebcf9,PUR_IED_LaChucua_S16_eebcf9,,,,,
2026-09-12T23:21:10-05:00,PUR_IED_LaFelicidad_Ext_fb5109,PUR_IED_LaFelicidad_Ext_fb5109,,,,,
2026-09-12T23:21:10-05:00,PUR_IED_LaMerced_206_66ebd,PUR_IED_LaMerced_206_66ebd,,,,,
2026-09-12T23:21:10-05:00,PUR_IED_LaMerced_207_6ebd6,PUR_IED_LaMerced_207_6ebd6,,,,,
2026-09-12T23:21:10-05:00,PUR_IED_LaMerced_ext_304311,PUR_IED_LaMerced_ext_304311,,,,,
2026-09-12T23:21:10-05:00,PUR_IED_Laureano_CiencNat_281e5e,PUR_IED_Laureano_CiencNat_281e5e,,,,,
2026-09-12T23:21:10-05:00,PUR_IED_Laureano_Comedor_f65c0a,PUR_IED_Laureano_Comedor_f65c0a,,,,,
2026-09-12T23:21:10-05:00,PUR_IED_Laureano_Exterior_7ab011,PUR_IED_Laureano_Exterior_7ab011,,,,,
2026-09-12T23:21:10-05:00,PUR_IED_LeonGreiff_Exte_dfe560,PUR_IED_LeonGreiff_Exte_dfe560,,,,,
2026-09-12T23:21:10-05:00,PUR_IED_LeonGreiff_S210_f264ed,PUR_IED_LeonGreiff_S210_f264ed,,,,,
2026-09-12T23:21:10-05:00,PUR_IED_LeonGreiff_SQuimi_e8296f,PUR_IED_LeonGreiff_SQuimi_e8296f,,,,,
2026-09-12T23:21:10-05:00,PUR_IED_LlanoOrientalS208_7b9fcd,PUR_IED_LlanoOrientalS208_7b9fcd,,,,,
2026-09-12T23:21:10-05:00,PUR_IED_LlanoOriental_Ext_fb3766,PUR_IED_LlanoOriental_Ext_fb3766,,,,,
2026-09-12T23:21:10-05:00,PUR_IED_LlanoOriental_S208_7b9fcd,PUR_IED_LlanoOriental_S208_7b9fcd,,,,,
2026-09-12T23:21:10-05:00,PUR_IED_LlanoOriental_S9_27b378,PUR_IED_LlanoOriental_S9_27b378,,,,,
2026-09-12T23:21:10-05:00,PUR_IED_LosTejares_1101_477602,PUR_IED_LosTejares_1101_477602,,,,,
2026-09-12T23:21:10-05:00,PUR_IED_LosTejares_11_d2c595,PUR_IED_LosTejares_11_d2c595,,,,,
2026-09-12T23:21:10-05:00,PUR_IED_LosTejares_12_477602,PUR_IED_LosTejares_12_477602,,,,,
2026-09-12T23:21:10-05:00,PUR_IED_LosTejares_Ext_8e2115,PUR_IED_LosTejares_Ext_8e2115,,,,,
2026-09-12T23:21:10-05:00,PUR_IED_MagdalenaO_B202_5ddda3,PUR_IED_MagdalenaO_B202_5ddda3,,,,,
2026-09-12T23:21:10-05:00,PUR_IED_MagdalenaO_B205_fb76e8,PUR_IED_MagdalenaO_B205_fb76e8,,,,,
2026-09-12T23:21:10-05:00,PUR_IED_MagdalenaO_ext_dc69cd,PUR_IED_MagdalenaO_ext_dc69cd,,,,,
2026-09-12T23:21:10-05:00,PUR_IED_ManueCepeda_artes_eee956,PUR_IED_ManueCepeda_artes_eee956,,,,,
2026-09-12T23:21:10-05:00,PUR_IED_ManuelCepeda_Ext_58313,PUR_IED_ManuelCepeda_Ext_58313,,,,,
2026-09-12T23:21:10-05:00,PUR_IED_ManuelCepeda_tec_1c5731,PUR_IED_ManuelCepeda_tec_1c5731,,,,,
2026-09-12T23:21:10-05:00,PUR_IED_ManuelS_Exterior_5b269,PUR_IED_ManuelS_Exterior_5b269,,,,,
2026-09-12T23:21:10-05:00,PUR_IED_ManuelS_Inform_f369ce,PUR_IED_ManuelS_Inform_f369ce,,,,,
2026-09-12T23:21:10-05:00,PUR_IED_ManuelS_SArtes_7d15f1,PUR_IED_ManuelS_SArtes_7d15f1,,,,,
2026-09-12T23:21:10-05:00,PUR_IED_ManuelZapata_303_3ca6,PUR_IED_ManuelZapata_303_3ca6,,,,,
2026-09-12T23:21:10-05:00,PUR_IED_ManuelZapata_311_bfbabc,PUR_IED_ManuelZapata_311_bfbabc,,,,,
2026-09-12T23:21:10-05:00,PUR_IED_ManuelZapata_Ext_50824a,PUR_IED_ManuelZapata_Ext_50824a,,,,,
2026-09-12T23:21:10-05:00,PUR_IED_ManuelitaS_Exteri_656a92,PUR_IED_ManuelitaS_Exteri_656a92,,,,,
2026-09-12T23:21:10-05:00,PUR_IED_ManuelitaS_JuzgDe_f58ec3,PUR_IED_ManuelitaS_JuzgDe_f58ec3,,,,,
2026-09-12T23:21:10-05:00,PUR_IED_ManuelitaS_Recrea_d793db,PUR_IED_ManuelitaS_Recrea_d793db,,,,,
2026-09-12T23:21:10-05:00,PUR_IED_MarFidSuarez_Ext_c27b19,PUR_IED_MarFidSuarez_Ext_c27b19,,,,,
2026-09-12T23:21:10-05:00,PUR_IED_MarFidSuarez_Info_e384d7,PUR_IED_MarFidSuarez_Info_e384d7,,,,,
2026-09-12T23:21:10-05:00,PUR_IED_MarFidSuarez_S306_1d0032,PUR_IED_MarFidSuarez_S306_1d0032,,,,,
2026-09-12T23:21:10-05:00,PUR_IED_Menorah_301_2a25a3,PUR_IED_Menorah_301_2a25a3,,,,,
2026-09-12T23:21:10-05:00,PUR_IED_Menorah_306_37ed3,PUR_IED_Menorah_306_37ed3,,,,,
2026-09-12T23:21:10-05:00,PUR_IED_Menorah_Ext_3e155b,PUR_IED_Menorah_Ext_3e155b,,,,,
2026-09-12T23:21:10-05:00,PUR_IED_MinutoB.Aires_A11_1b1604,PUR_IED_MinutoB.Aires_A11_1b1604,,,,,
2026-09-12T23:21:10-05:00,PUR_IED_MinutoB.Aires_A12_fb5860,PUR_IED_MinutoB.Aires_A12_fb5860,,,,,
2026-09-12T23:21:10-05:00,PUR_IED_MinutoB.Aires_Ext_81293f,PUR_IED_MinutoB.Aires_Ext_81293f,,,,,
2026-09-12T23:21:10-05:00,PUR_IED_MinutoBAires_A11_1b1604,PUR_IED_MinutoBAires_A11_1b1604,,,,,
2026-09-12T23:21:10-05:00,PUR_IED_MinutoBAires_A12_fb5860,PUR_IED_MinutoBAires_A12_fb5860,,,,,
2026-09-12T23:21:10-05:00,PUR_IED_MinutoBAires_Ext_81293f,PUR_IED_MinutoBAires_Ext_81293f,,,,,
2026-09-12T23:21:10-05:00,PUR_IED_Montreal_Aula10_1e4959,PUR_IED_Montreal_Aula10_1e4959,,,,,
2026-09-12T23:21:10-05:00,PUR_IED_Montreal_Aula6_300367,PUR_IED_Montreal_Aula6_300367,,,,,
2026-09-12T23:21:10-05:00,PUR_IED_Montreal_Exterior_91a179,PUR_IED_Montreal_Exterior_91a179,,,,,
2026-09-12T23:21:10-05:00,PUR_IED_Mqgdalena_B202_5ddda3,PUR_IED_Mqgdalena_B202_5ddda3,,,,,
2026-09-12T23:21:10-05:00,PUR_IED_NACUND_Soc_dc8728,PUR_IED_NACUND_Soc_dc8728,,,,,
2026-09-12T23:21:10-05:00,PUR_IED_NACUND_ext_27ad97,PUR_IED_NACUND_ext_27ad97,,,,,
2026-09-12T23:21:10-05:00,PUR_IED_NEsperanza_Ext_d24b61,PUR_IED_NEsperanza_Ext_d24b61,,,,,
2026-09-12T23:21:10-05:00,PUR_IED_NEsperanza_SElect_7d1807,PUR_IED_NEsperanza_SElect_7d1807,,,,,
2026-09-12T23:21:10-05:00,PUR_IED_NEsperanza_SLabor_8b2d0a,PUR_IED_NEsperanza_SLabor_8b2d0a,,,,,
2026-09-12T23:21:10-05:00,PUR_IED_NacionesU_Ext_f661a9,PUR_IED_NacionesU_Ext_f661a9,,,,,
2026-09-12T23:21:10-05:00,PUR_IED_NacionesU_Quimica_66f0a,PUR_IED_NacionesU_Quimica_66f0a,,,,,
2026-09-12T23:21:10-05:00,PUR_IED_NacionesU_S306_1b4b3d,PUR_IED_NacionesU_S306_1b4b3d,,,,,
2026-09-12T23:21:10-05:00,PUR_IED_NestorFA_Ext_e4201c,PUR_IED_NestorFA_Ext_e4201c,,,,,
2026-09-12T23:21:10-05:00,PUR_IED_NestorFA_Laborato_f22fe0,PUR_IED_NestorFA_Laborato_f22fe0,,,,,
2026-09-12T23:21:10-05:00,PUR_IED_NestorFA_S204_dee996,PUR_IED_NestorFA_S204_dee996,,,,,
2026-09-12T23:21:10-05:00,PUR_IED_NidyaQT_Aula03_76999b,PUR_IED_NidyaQT_Aula03_76999b,,,,,
2026-09-12T23:21:10-05:00,PUR_IED_NidyaQT_Aula10_56325,PUR_IED_NidyaQT_Aula10_56325,,,,,
2026-09-12T23:21:10-05:00,PUR_IED_NidyaQT_Ext_46e32d,PUR_IED_NidyaQT_Ext_46e32d,,,,,
2026-09-12T23:21:10-05:00,PUR_IED_NuevaCol_Exterior_d9b859,PUR_IED_NuevaCol_Exterior_d9b859,,,,,
2026-09-12T23:21:10-05:00,PUR_IED_NuevaCol_S1101_76c43b,PUR_IED_NuevaCol_S1101_76c43b,,,,,
2026-09-12T23:21:10-05:00,PUR_IED_NuevaCol_S1102_1ce0b5,PUR_IED_NuevaCol_S1102_1ce0b5,,,,,
2026-09-12T23:21:10-05:00,PUR_IED_OEA_A202_f7e3f2,PUR_IED_OEA_A202_f7e3f2,,,,,
2026-09-12T23:21:10-05:00,PUR_IED_OEA_A203_7d1b8d,PUR_IED_OEA_A203_7d1b8d,,,,,
2026-09-12T23:21:10-05:00,PUR_IED_OEA_Ext_27b593,PUR_IED_OEA_Ext_27b593,,,,,
2026-09-12T23:21:10-05:00,PUR_IED_Ochoa_Ext_1c29da,PUR_IED_Ochoa_Ext_1c29da,,,,,
2026-09-12T23:21:10-05:00,PUR_IED_Ochoa_S205_8b1121,PUR_IED_Ochoa_S205_8b1121,,,,,
2026-09-12T23:21:10-05:00,PUR_IED_Ochoa_Sistemas_f33af6,PUR_IED_Ochoa_Sistemas_f33af6,,,,,
2026-09-12T23:21:10-05:00,PUR_IED_PQuebec_Ext_1c67c7,PUR_IED_PQuebec_Ext_1c67c7,,,,,
2026-09-12T23:21:10-05:00,PUR_IED_PQuebec_S15_23e8e2,PUR_IED_PQuebec_S15_23e8e2,,,,,
2026-09-12T23:21:10-05:00,PUR_IED_PQuebec_S16_8ec76b,PUR_IED_PQuebec_S16_8ec76b,,,,,
2026-09-12T23:21:10-05:00,PUR_IED_PabloN_Ext_49dc96,PUR_IED_PabloN_Ext_49dc96,,,,,
2026-09-12T23:21:10-05:00,PUR_IED_PabloN_S1102_4e3df5,PUR_IED_PabloN_S1102_4e3df5,,,,,
2026-09-12T23:21:10-05:00,PUR_IED_PabloN_S1103_50c94b,PUR_IED_PabloN_S1103_50c94b,,,,,
2026-09-12T23:21:10-05:00,PUR_IED_Palestina_S1101_db9198,PUR_IED_Palestina_S1101_db9198,,,,,
2026-09-12T23:21:10-05:00,PUR_IED_Palestina_S1102_dc54fa,PUR_IED_Palestina_S1102_dc54fa,,,,,
2026-09-12T23:21:10-05:00,PUR_IED_Palestina_ext_4ccce6,PUR_IED_Palestina_ext_4ccce6,,,,,
2026-09-12T23:21:10-05:00,PUR_IED_Panama_Fisica_4d0794,PUR_IED_Panama_Fisica_4d0794,,,,,
2026-09-12T23:21:10-05:00,PUR_IED_Panama_SIngles_a4077e,PUR_IED_Panama_SIngles_a4077e,,,,,
2026-09-12T23:21:10-05:00,PUR_IED_Panama_ext_4c54b4,PUR_IED_Panama_ext_4c54b4,,,,,
2026-09-12T23:21:10-05:00,PUR_IED_ParaisoM_Exterior_8cd7f0,PUR_IED_ParaisoM_Exterior_8cd7f0,,,,,
2026-09-12T23:21:10-05:00,PUR_IED_ParaisoM_Laborato_27af35,PUR_IED_ParaisoM_Laborato_27af35,,,,,
2026-09-12T23:21:10-05:00,PUR_IED_ParaisoM_S304_d1edca,PUR_IED_ParaisoM_S304_d1edca,,,,,
2026-09-12T23:21:10-05:00,PUR_IED_PorfirioBarba_Ext_301466,PUR_IED_PorfirioBarba_Ext_301466,,,,,
2026-09-12T23:21:10-05:00,PUR_IED_PorfirioBarba_S11_df6cd2,PUR_IED_PorfirioBarba_S11_df6cd2,,,,,
2026-09-12T23:21:10-05:00,PUR_IED_PorfirioBarba_S29_27a7d6,PUR_IED_PorfirioBarba_S29_27a7d6,,,,,
2026-09-12T23:21:10-05:00,PUR_IED_PradoV_Exter_8b27ad,PUR_IED_PradoV_Exter_8b27ad,,,,,
2026-09-12T23:21:10-05:00,PUR_IED_PradoV_S301_de65b5,PUR_IED_PradoV_S301_de65b5,,,,,
2026-09-12T23:21:10-05:00,PUR_IED_PradoV_S302_7d2593,PUR_IED_PradoV_S302_7d2593,,,,,
2026-09-12T23:21:10-05:00,PUR_IED_QuirogaAlz_Ext_1ddc82,PUR_IED_QuirogaAlz_Ext_1ddc82,,,,,
2026-09-12T23:21:10-05:00,PUR_IED_QuirogaAlz_S302_9926a3,PUR_IED_QuirogaAlz_S302_9926a3,,,,,
2026-09-12T23:21:10-05:00,PUR_IED_QuirogaAlz_S305_cdf1f1,PUR_IED_QuirogaAlz_S305_cdf1f1,,,,,
2026-09-12T23:21:10-05:00,PUR_IED_RGuatemala_Biling_dc53b7,PUR_IED_RGuatemala_Biling_dc53b7,,,,,
2026-09-12T23:21:10-05:00,PUR_IED_RGuatemala_Ext_1b89a3,PUR_IED_RGuatemala_Ext_1b89a3,,,,,
2026-09-12T23:21:10-05:00,PUR_IED_RGuatemala_Tecnol_281a34,PUR_IED_RGuatemala_Tecnol_281a34,,,,,
2026-09-12T23:21:10-05:00,PUR_IED_RafaNu_Ext_f7c302,PUR_IED_RafaNu_Ext_f7c302,,,,,
2026-09-12T23:21:10-05:00,PUR_IED_RafaNu_S1101_25fde,PUR_IED_RafaNu_S1101_25fde,,,,,
2026-09-12T23:21:10-05:00,PUR_IED_RafaNu_S1102_281517,PUR_IED_RafaNu_S1102_281517,,,,,
2026-09-12T23:21:10-05:00,PUR_IED_RafaelB_S305_ee2783,PUR_IED_RafaelB_S305_ee2783,,,,,
2026-09-12T23:21:10-05:00,PUR_IED_RafaelB_S306_75fe33,PUR_IED_RafaelB_S306_75fe33,,,,,
2026-09-12T23:21:10-05:00,PUR_IED_RafaelB_ext_283336,PUR_IED_RafaelB_ext_283336,,,,,
2026-09-12T23:21:10-05:00,PUR_IED_RafaelUU_Exterior_281a51,PUR_IED_RafaelUU_Exterior_281a51,,,,,
2026-09-12T23:21:10-05:00,PUR_IED_RafaelUU_Human_806b2,PUR_IED_RafaelUU_Human_806b2,,,,,
2026-09-12T23:21:10-05:00,PUR_IED_RafaelUU_Mate2_5680d4,PUR_IED_RafaelUU_Mate2_5680d4,,,,,
2026-09-12T23:21:10-05:00,PUR_IED_RamonSub_Ext_f9eeb9,PUR_IED_RamonSub_Ext_f9eeb9,,,,,
2026-09-12T23:21:10-05:00,PUR_IED_RamonSub_Media_d1f62f,PUR_IED_RamonSub_Media_d1f62f,,,,,
2026-09-12T23:21:10-05:00,PUR_IED_RamonSub_planta_51b82,PUR_IED_RamonSub_planta_51b82,,,,,
2026-09-12T23:21:10-05:00,PUR_IED_RepBoliVene_Exter_27af7c,PUR_IED_RepBoliVene_Exter_27af7c,,,,,
2026-09-12T23:21:10-05:00,PUR_IED_RepBoliVene_SCPT_5ae2ee,PUR_IED_RepBoliVene_SCPT_5ae2ee,,,,,
2026-09-12T23:21:10-05:00,PUR_IED_RepBoliVene_Socia_4b11d5,PUR_IED_RepBoliVene_Socia_4b11d5,,,,,
2026-09-12T23:21:10-05:00,PUR_IED_RepChina_Ext_76d9ee,PUR_IED_RepChina_Ext_76d9ee,,,,,
2026-09-12T23:21:10-05:00,PUR_IED_RepChina_S404_7c804c,PUR_IED_RepChina_S404_7c804c,,,,,
2026-09-12T23:21:10-05:00,PUR_IED_RepChina_S405_df2c33,PUR_IED_RepChina_S405_df2c33,,,,,
2026-09-12T23:21:10-05:00,PUR_IED_RepublicaC_Exteri_7d1ec9,PUR_IED_RepublicaC_Exteri_7d1ec9,,,,,
2026-09-12T23:21:10-05:00,PUR_IED_RepublicaC_S1101_f544b3,PUR_IED_RepublicaC_S1101_f544b3,,,,,
2026-09-12T23:21:10-05:00,PUR_IED_RepublicaC_S1102_7aafc7,PUR_IED_RepublicaC_S1102_7aafc7,,,,,
2026-09-12T23:21:10-05:00,PUR_IED_Ricaurte_Externo_a0ea1,PUR_IED_Ricaurte_Externo_a0ea1,,,,,
2026-09-12T23:21:10-05:00,PUR_IED_Ricaurte_S210_f546fd,PUR_IED_Ricaurte_S210_f546fd,,,,,
2026-09-12T23:21:10-05:00,PUR_IED_Ricaurte_S309_d4452,PUR_IED_Ricaurte_S309_d4452,,,,,
2026-09-12T23:21:10-05:00,PUR_IED_RogelioS_1102_531e69,PUR_IED_RogelioS_1102_531e69,,,,,
2026-09-12T23:21:10-05:00,PUR_IED_RogelioS_Ext_f25a18,PUR_IED_RogelioS_Ext_f25a18,,,,,
2026-09-12T23:21:10-05:00,PUR_IED_SBernardino_Ext_27aff8,PUR_IED_SBernardino_Ext_27aff8,,,,,
2026-09-12T23:21:10-05:00,PUR_IED_SBernardino_SArte_2ffd33,PUR_IED_SBernardino_SArte_2ffd33,,,,,
2026-09-12T23:21:10-05:00,PUR_IED_SBernardino_SIngl_7c7da5,PUR_IED_SBernardino_SIngl_7c7da5,,,,,
2026-09-12T23:21:10-05:00,PUR_IED_Sago_auditorio_dc9d1d,PUR_IED_Sago_auditorio_dc9d1d,,,,,
2026-09-12T23:21:10-05:00,PUR_IED_Saludcoop_Ext_95aac3,PUR_IED_Saludcoop_Ext_95aac3,,,,,
2026-09-12T23:21:10-05:00,PUR_IED_Saludcoop_InfI_90c854,PUR_IED_Saludcoop_InfI_90c854,,,,,
2026-09-12T23:21:10-05:00,PUR_IED_Saludcoop_SMedia_1b93be,PUR_IED_Saludcoop_SMedia_1b93be,,,,,
2026-09-12T23:21:10-05:00,PUR_IED_SanCarlos_1101_1a2360,PUR_IED_SanCarlos_1101_1a2360,,,,,
2026-09-12T23:21:10-05:00,PUR_IED_SanCarlos_1103_7bafb5,PUR_IED_SanCarlos_1103_7bafb5,,,,,
2026-09-12T23:21:10-05:00,PUR_IED_SanCarlos_Ext_b7cd1,PUR_IED_SanCarlos_Ext_b7cd1,,,,,
2026-09-12T23:21:10-05:00,PUR_IED_SanIgnacioBosa11a_50c26e,PUR_IED_SanIgnacioBosa11a_50c26e,,,,,
2026-09-12T23:21:10-05:00,PUR_IED_SanIgnacioBosa11b_371de8,PUR_IED_SanIgnacioBosa11b_371de8,,,,,
2026-09-12T23:21:10-05:00,PUR_IED_SanIgnacioBosaExt_ef0ffc,PUR_IED_SanIgnacioBosaExt_ef0ffc,,,,,
2026-09-12T23:21:10-05:00,PUR_IED_SanIgnacioBosa_11a_50c26e,PUR_IED_SanIgnacioBosa_11a_50c26e,,,,,
2026-09-12T23:21:10-05:00,PUR_IED_SanIgnacioBosa_Ext_ef0ffc,PUR_IED_SanIgnacioBosa_Ext_ef0ffc,,,,,
2026-09-12T23:21:10-05:00,PUR_IED_SanJoseN_intS1101_31c47f,PUR_IED_SanJoseN_intS1101_31c47f,,,,,
2026-09-12T23:21:10-05:00,PUR_IED_SanJoseUsm_Exter_f5d7e8,PUR_IED_SanJoseUsm_Exter_f5d7e8,,,,,
2026-09-12T23:21:10-05:00,PUR_IED_SanJoseUsm_Int11A_cfdef6,PUR_IED_SanJoseUsm_Int11A_cfdef6,,,,,
2026-09-12T23:21:10-05:00,PUR_IED_SilveriaR_IntB5_905349,PUR_IED_SilveriaR_IntB5_905349,,,,,
2026-09-12T23:21:10-05:00,PUR_IED_SilveriaR_IntSD14_981f93,PUR_IED_SilveriaR_IntSD14_981f93,,,,,
2026-09-12T23:21:10-05:00,PUR_IED_SilveriaR_ext_2b651d,PUR_IED_SilveriaR_ext_2b651d,,,,,
2026-09-12T23:21:10-05:00,PUR_IED_SimonB_Exterior_913975,PUR_IED_SimonB_Exterior_913975,,,,,
2026-09-12T23:21:10-05:00,PUR_IED_SimonB_LabQuimi_c56908,PUR_IED_SimonB_LabQuimi_c56908,,,,,
2026-09-12T23:21:10-05:00,PUR_IED_SimonB_informatic_a28c1,PUR_IED_SimonB_informatic_a28c1,,,,,
2026-09-12T23:21:10-05:00,PUR_IED_Sorrento_1102_315f50,PUR_IED_Sorrento_1102_315f50,,,,,
2026-09-12T23:21:10-05:00,PUR_IED_Sorrento_Minte_214eab,PUR_IED_Sorrento_Minte_214eab,,,,,
2026-09-12T23:21:10-05:00,PUR_IED_Sorrento_ext_7c3a0a,PUR_IED_Sorrento_ext_7c3a0a,,,,,
2026-09-12T23:21:10-05:00,PUR_IED_Tabora_Ext_f048ae,PUR_IED_Tabora_Ext_f048ae,,,,,
2026-09-12T23:21:10-05:00,PUR_IED_Tabora_S1102_b07752,PUR_IED_Tabora_S1102_b07752,,,,,
2026-09-12T23:21:10-05:00,PUR_IED_Tabora_S1103_d988f5,PUR_IED_Tabora_S1103_d988f5,,,,,
2026-09-12T23:21:10-05:00,PUR_IED_Tenerife_Ext_1ab188,PUR_IED_Tenerife_Ext_1ab188,,,,,
2026-09-12T23:21:10-05:00,PUR_IED_Tenerife_SDanzas_7bc02e,PUR_IED_Tenerife_SDanzas_7bc02e,,,,,
2026-09-12T23:21:10-05:00,PUR_IED_Tenerife_SIngles_7cc277,PUR_IED_Tenerife_SIngles_7cc277,,,,,
2026-09-12T23:21:10-05:00,PUR_IED_Tibabuyes_Exter_f2683d,PUR_IED_Tibabuyes_Exter_f2683d,,,,,
2026-09-12T23:21:10-05:00,PUR_IED_Tibabuyes_S10_dc87a8,PUR_IED_Tibabuyes_S10_dc87a8,,,,,
2026-09-12T23:21:10-05:00,PUR_IED_Tibabuyes_S15_dc0526,PUR_IED_Tibabuyes_S15_dc0526,,,,,
2026-09-12T23:21:10-05:00,PUR_IED_UnionE_S301_a1043,PUR_IED_UnionE_S301_a1043,,,,,
2026-09-12T23:21:10-05:00,PUR_IED_UnionE_S307_ff6c2f,PUR_IED_UnionE_S307_ff6c2f,,,,,
2026-09-12T23:21:10-05:00,PUR_IED_UnionE__Ext_5e2468,PUR_IED_UnionE__Ext_5e2468,,,,,
2026-09-12T23:21:10-05:00,PUR_IED_VillaRica_Ext_75be7c,PUR_IED_VillaRica_Ext_75be7c,,,,,
2026-09-12T23:21:10-05:00,PUR_IED_VillaRica_S4_cc5dcd,PUR_IED_VillaRica_S4_cc5dcd,,,,,
2026-09-12T23:21:10-05:00,PUR_IED_VillaRica_Sesp_99f5c,PUR_IED_VillaRica_Sesp_99f5c,,,,,
2026-09-12T23:31:14-05:00,PUR_IED_20deJulio_1101_91b1b9,PUR_IED_20deJulio_1101_91b1b9,,,,,
2026-09-12T23:31:14-05:00,PUR_IED_20deJulio_1102_1cfcf9,PUR_IED_20deJulio_1102_1cfcf9,,,,,
2026-09-12T23:31:14-05:00,PUR_IED_20deJulio_Ext_ab60bd,PUR_IED_20deJulio_Ext_ab60bd,,,,,
2026-09-12T23:31:14-05:00,PUR_IED_AgustinFer_Ext_7b9b77,PUR_IED_AgustinFer_Ext_7b9b77,,,,,
2026-09-12T23:31:14-05:00,PUR_IED_AgustinFer_Info2_27b3a7,PUR_IED_AgustinFer_Info2_27b3a7,,,,,
2026-09-12T23:31:14-05:00,PUR_IED_AgustinFer_Sena_54b4eb,PUR_IED_AgustinFer_Sena_54b4eb,,,,,
2026-09-12T23:31:14-05:00,PUR_IED_AlexanderF_1102_caf07b,PUR_IED_AlexanderF_1102_caf07b,,,,,
2026-09-12T23:31:14-05:00,PUR_IED_AlexanderF_1103_c79e71,PUR_IED_AlexanderF_1103_c79e71,,,,,
2026-09-12T23:31:14-05:00,PUR_IED_AlexanderF_Ext_c5b18b,PUR_IED_AlexanderF_Ext_c5b18b,,,,,
2026-09-12T23:31:14-05:00,PUR_IED_AlfonsoLopez_Ext_281d77,PUR_IED_AlfonsoLopez_Ext_281d77,,,,,
2026-09-12T23:31:14-05:00,PUR_IED_AlfonsoLopez_LabF_888ce0,PUR_IED_AlfonsoLopez_LabF_888ce0,,,,,
2026-09-12T23:31:14-05:00,PUR_IED_AlfonsoLopez_SMed_df6a7f,PUR_IED_AlfonsoLopez_SMed_df6a7f,,,,,
2026-09-12T23:31:14-05:00,PUR_IED_AltamiraSO_A2_209f92,PUR_IED_AltamiraSO_A2_209f92,,,,,
2026-09-12T23:31:14-05:00,PUR_IED_AltamiraSO_Ext_186d66,PUR_IED_AltamiraSO_Ext_186d66,,,,,
2026-09-12T23:31:14-05:00,PUR_IED_AltamiraSO_Sistem_27afe1,PUR_IED_AltamiraSO_Sistem_27afe1,,,,,
2026-09-12T23:31:14-05:00,PUR_IED_AlvaroGom_LabQuim_813179,PUR_IED_AlvaroGom_LabQuim_813179,,,,,
2026-09-12T23:31:14-05:00,PUR_IED_AlvaroGomez_Ext_47c7ca,PUR_IED_AlvaroGomez_Ext_47c7ca,,,,,
2026-09-12T23:31:14-05:00,PUR_IED_AlvaroGomez_LabQuim_813179,PUR_IED_AlvaroGomez_LabQuim_813179,,,,,
2026-09-12T23:31:14-05:00,PUR_IED_AlvaroGomez_S23_7ba89f,PUR_IED_AlvaroGomez_S23_7ba89f,,,,,
2026-09-12T23:31:14-05:00,PUR_IED_Amistad_306_dc8728,PUR_IED_Amistad_306_dc8728,,,,,
2026-09-12T23:31:14-05:00,PUR_IED_Amistad_Ext_8cd55e,PUR_IED_Amistad_Ext_8cd55e,,,,,
2026-09-12T23:31:14-05:00,PUR_IED_Amistad_S202_a41169,PUR_IED_Amistad_S202_a41169,,,,,
2026-09-12T23:31:14-05:00,PUR_IED_AndresBello_Bio_fd5f5e,PUR_IED_AndresBello_Bio_fd5f5e,,,,,
2026-09-12T23:31:14-05:00,PUR_IED_AndresBello_ext_dcad65,PUR_IED_AndresBello_ext_dcad65,,,,,
2026-09-12T23:31:14-05:00,PUR_IED_AndresBello_port_eed3ec,PUR_IED_AndresBello_port_eed3ec,,,,,
2026-09-12T23:31:14-05:00,PUR_IED_AngelaR_11b_d90a6b,PUR_IED_AngelaR_11b_d90a6b,,,,,
2026-09-12T23:31:14-05:00,PUR_IED_AngelaR_ext_7cad3e,PUR_IED_AngelaR_ext_7cad3e,9,18,63,4.5825,-74.164497
2026-09-12T23:31:14-05:00,PUR_IED_AntJoseSucre_10mo_df2575,PUR_IED_AntJoseSucre_10mo_df2575,,,,,
2026-09-12T23:31:14-05:00,PUR_IED_AntJoseSucre_Ext_215b36,PUR_IED_AntJoseSucre_Ext_215b36,,,,,
2026-09-12T23:31:14-05:00,PUR_IED_AntJoseSucre_Lab_3139de,PUR_IED_AntJoseSucre_Lab_3139de,,,,,
2026-09-12T23:31:14-05:00,PUR_IED_AntonioGarcia_301_d6b188,PUR_IED_AntonioGarcia_301_d6b188,,,,,
2026-09-12T23:31:14-05:00,PUR_IED_AntonioGarcia_302_88a82,PUR_IED_AntonioGarcia_302_88a82,,,,,
2026-09-12T23:31:14-05:00,PUR_IED_AntonioGarcia_Ext_20950c,PUR_IED_AntonioGarcia_Ext_20950c,,,,,
2026-09-12T23:31:14-05:00,PUR_IED_AntonioVan_Aula2_6dea02,PUR_IED_AntonioVan_Aula2_6dea02,,,,,
2026-09-12T23:31:14-05:00,PUR_IED_AntonioVan_Aula5_f1557e,PUR_IED_AntonioVan_Aula5_f1557e,,,,,
2026-09-12T23:31:14-05:00,PUR_IED_AntonioVan_Ext_406f2f,PUR_IED_AntonioVan_Ext_406f2f,,,,,
2026-09-12T23:31:14-05:00,PUR_IED_Atabanzha_Ext_cc5af9,PUR_IED_Atabanzha_Ext_cc5af9,,,,,
2026-09-12T23:31:14-05:00,PUR_IED_Atabanzha_SA101_56c37,PUR_IED_Atabanzha_SA101_56c37,,,,,
2026-09-12T23:31:14-05:00,PUR_IED_Atabanzha_SB302_27b374,PUR_IED_Atabanzha_SB302_27b374,,,,,
2026-09-12T23:31:14-05:00,PUR_IED_Atahualpa_Ext_fc1748,PUR_IED_Atahualpa_Ext_fc1748,,,,,
2026-09-12T23:31:14-05:00,PUR_IED_Atahualpa_Informa_dc9a95,PUR_IED_Atahualpa_Informa_dc9a95,,,,,
2026-09-12T23:31:14-05:00,PUR_IED_Atahualpa_S1101_f98056,PUR_IED_Atahualpa_S1101_f98056,,,,,
2026-09-12T23:31:14-05:00,PUR_IED_Bellavista_Ext_f5aa74,PUR_IED_Bellavista_Ext_f5aa74,,,,,
2026-09-12T23:31:14-05:00,PUR_IED_Bilbao_11A_916c41,PUR_IED_Bilbao_11A_916c41,,,,,
2026-09-12T23:31:14-05:00,PUR_IED_Bilbao_Ext_fb579a,PUR_IED_Bilbao_Ext_fb579a,,,,,
2026-09-12T23:31:14-05:00,PUR_IED_BrasiliaU_A125_304280,PUR_IED_BrasiliaU_A125_304280,,,,,
2026-09-12T23:31:14-05:00,PUR_IED_BrasiliaU_A203_7c8ca5,PUR_IED_BrasiliaU_A203_7c8ca5,,,,,
2026-09-12T23:31:14-05:00,PUR_IED_BrasiliaU_Ext_8d6e9f,PUR_IED_BrasiliaU_Ext_8d6e9f,3,17,62,4.5175,-74.116302
2026-09-12T23:31:14-05:00,PUR_IED_Brasilia_Ext_fe6593,PUR_IED_Brasilia_Ext_fe6593,,,,,
2026-09-12T23:31:14-05:00,PUR_IED_Brasilia_S24_7c130d,PUR_IED_Brasilia_S24_7c130d,,,,,
2026-09-12T23:31:14-05:00,PUR_IED_Brasilia_S501_186a54,PUR_IED_Brasilia_S501_186a54,,,,,
2026-09-12T23:31:14-05:00,PUR_IED_CHARRY_EXT_f1d5cd,PUR_IED_CHARRY_EXT_f1d5cd,,,,,
2026-09-12T23:31:14-05:00,PUR_IED_CHARRY_INTDANZAS_7a08e6,PUR_IED_CHARRY_INTDANZAS_7a08e6,,,,,
2026-09-12T23:31:14-05:00,PUR_IED_CHARRY_INT_AULA20_dc998d,PUR_IED_CHARRY_INT_AULA20_dc998d,,,,,
2026-09-12T23:31:14-05:00,PUR_IED_COLVIV_1101_S25_7f520a,PUR_IED_COLVIV_1101_S25_7f520a,,,,,
2026-09-12T23:31:14-05:00,PUR_IED_COLVIV_1102_S16_f570ba,PUR_IED_COLVIV_1102_S16_f570ba,,,,,
2026-09-12T23:31:14-05:00,PUR_IED_COLVIV_Ext_1a26fa,PUR_IED_COLVIV_Ext_1a26fa,,,,,
2026-09-12T23:31:14-05:00,PUR_IED_CULPOP_301A_f660f3,PUR_IED_CULPOP_301A_f660f3,,,,,
2026-09-12T23:31:14-05:00,PUR_IED_CULPOP_303_568afe,PUR_IED_CULPOP_303_568afe,,,,,
2026-09-12T23:31:14-05:00,PUR_IED_CULPOP_Ext_e02ccb,PUR_IED_CULPOP_Ext_e02ccb,,,,,
2026-09-12T23:31:14-05:00,PUR_IED_CVillavicen_Ext_26eb58,PUR_IED_CVillavicen_Ext_26eb58,5,15,79,4.487,-74.102798
2026-09-12T23:31:14-05:00,PUR_IED_CVillavicen_Intel_1ce5c2,PUR_IED_CVillavicen_Intel_1ce5c2,,,,,
2026-09-12T23:31:14-05:00,PUR_IED_CVillavicen_Poliv_e0766c,PUR_IED_CVillavicen_Poliv_e0766c,,,,,
2026-09-12T23:31:14-05:00,PUR_IED_CVillavicen_int_1ba140,PUR_IED_CVillavicen_int_1ba140,,,,,
2026-09-12T23:31:14-05:00,PUR_IED_CVillavicen_intel_1ba140,PUR_IED_CVillavicen_intel_1ba140,,,,,
2026-09-12T23:31:14-05:00,PUR_IED_CarlosPizarro_Ext_e307cc,PUR_IED_CarlosPizarro_Ext_e307cc,,,,,
2026-09-12T23:31:14-05:00,PUR_IED_CarlosPizarro_L36_7e5cdb,PUR_IED_CarlosPizarro_L36_7e5cdb,,,,,
2026-09-12T23:31:14-05:00,PUR_IED_CarlosPizarro_L37_c8566c,PUR_IED_CarlosPizarro_L37_c8566c,,,,,
2026-09-12T23:31:14-05:00,PUR_IED_Castilla_Ext_cf35f,PUR_IED_Castilla_Ext_cf35f,,,,,
2026-09-12T23:31:14-05:00,PUR_IED_Castilla_SFisik_360e38,PUR_IED_Castilla_SFisik_360e38,,,,,
2026-09-12T23:31:14-05:00,PUR_IED_Castilla_Sc304_496fbf,PUR_IED_Castilla_Sc304_496fbf,,,,,
2026-09-12T23:31:14-05:00,PUR_IED_CervantesSa_Ext_6b57b,PUR_IED_CervantesSa_Ext_6b57b,3,16,69,4.5128,-74.117203
2026-09-12T23:31:14-05:00,PUR_IED_CervantesSa_S107_225c2b,PUR_IED_CervantesSa_S107_225c2b,,,,,
2026-09-12T23:31:14-05:00,PUR_IED_CervantesSa_S108_940925,PUR_IED_CervantesSa_S108_940925,,,,,
2026-09-12T23:31:14-05:00,PUR_IED_Charry_A20_f53e7c,PUR_IED_Charry_A20_f53e7c,,,,,
2026-09-12T23:31:14-05:00,PUR_IED_Charry_Ext_f1d5cd,PUR_IED_Charry_Ext_f1d5cd,,,,,
2026-09-12T23:31:14-05:00,PUR_IED_Charry_IntAula20_dc998d,PUR_IED_Charry_IntAula20_dc998d,,,,,
2026-09-12T23:31:14-05:00,PUR_IED_Charry_IntDanzas_7a08e6,PUR_IED_Charry_IntDanzas_7a08e6,,,,,
2026-09-12T23:31:14-05:00,PUR_IED_ClememciaC_203_43e2fc,PUR_IED_ClememciaC_203_43e2fc,,,,,
2026-09-12T23:31:14-05:00,PUR_IED_ClememciaC_Ext_1b411a,PUR_IED_ClememciaC_Ext_1b411a,,,,,
2026-09-12T23:31:14-05:00,PUR_IED_ClememciaC_Quimic_44b5fc,PUR_IED_ClememciaC_Quimic_44b5fc,,,,,
2026-09-12T23:31:14-05:00,PUR_IED_ClemenciaC_203_43e2fc,PUR_IED_ClemenciaC_203_43e2fc,,,,,
2026-09-12T23:31:14-05:00,PUR_IED_ClemenciaC_Ext_1b411a,PUR_IED_ClemenciaC_Ext_1b411a,,,,,
2026-09-12T23:31:14-05:00,PUR_IED_ClemenciaC_Quimic_44b5fc,PUR_IED_ClemenciaC_Quimic_44b5fc,,,,,
2026-09-12T23:31:14-05:00,PUR_IED_ColViva_1101_S25_7f520a,PUR_IED_ColViva_1101_S25_7f520a,,,,,
2026-09-12T23:31:14-05:00,PUR_IED_ColViva_1102_S16_f570ba,PUR_IED_ColViva_1102_S16_f570ba,,,,,
2026-09-12T23:31:14-05:00,PUR_IED_ColViva_Ext_1a26fa,PUR_IED_ColViva_Ext_1a26fa,,,,,
2026-09-12T23:31:14-05:00,PUR_IED_ColegioBici_Asist_7c8798,PUR_IED_ColegioBici_Asist_7c8798,,,,,
2026-09-12T23:31:14-05:00,PUR_IED_ColegioBici_Ext_25cbf6,PUR_IED_ColegioBici_Ext_25cbf6,,,,,
2026-09-12T23:31:14-05:00,PUR_IED_ColegioBici_LabQ_7b57db,PUR_IED_ColegioBici_LabQ_7b57db,,,,,
2026-09-12T23:31:14-05:00,PUR_IED_CostaRica_Ext_5e640,PUR_IED_CostaRica_Ext_5e640,,,,,
2026-09-12T23:31:14-05:00,PUR_IED_CostaRica_Quim1_766d1c,PUR_IED_CostaRica_Quim1_766d1c,,,,,
2026-09-12T23:31:14-05:00,PUR_IED_CostaRica__Fisica_6f0873,PUR_IED_CostaRica__Fisica_6f0873,,,,,
2026-09-12T23:31:14-05:00,PUR_IED_CulPopu_301A_f660f3,PUR_IED_CulPopu_301A_f660f3,,,,,
2026-09-12T23:31:14-05:00,PUR_IED_CulPopu_303_568afe,PUR_IED_CulPopu_303_568afe,,,,,
2026-09-12T23:31:14-05:00,PUR_IED_CulPopu_Ext_e02ccb,PUR_IED_CulPopu_Ext_e02ccb,,,,,
2026-09-12T23:31:14-05:00,PUR_IED_Cundinamarca_Ext_f15985,PUR_IED_Cundinamarca_Ext_f15985,,,,,
2026-09-12T23:31:14-05:00,PUR_IED_Cundinamarca_Info_7aa5d7,PUR_IED_Cundinamarca_Info_7aa5d7,,,,,
2026-09-12T23:31:14-05:00,PUR_IED_Cundinamarca_Tec2_f449c7,PUR_IED_Cundinamarca_Tec2_f449c7,,,,,
2026-09-12T23:31:14-05:00,PUR_IED_DiegoM_Aula1_27b314,PUR_IED_DiegoM_Aula1_27b314,,,,,
2026-09-12T23:31:14-05:00,PUR_IED_DiegoM_Ext_d80ac8,PUR_IED_DiegoM_Ext_d80ac8,,,,,
2026-09-12T23:31:14-05:00,PUR_IED_DiegoM_S25_da928f,PUR_IED_DiegoM_S25_da928f,,,,,
2026-09-12T23:31:14-05:00,PUR_IED_ELRODEO_360881,PUR_IED_ELRODEO_360881,,,,,
2026-09-12T23:31:14-05:00,PUR_IED_ELRODEO_ext_360881,PUR_IED_ELRODEO_ext_360881,,,,,
2026-09-12T23:31:14-05:00,PUR_IED_EduardoU_Ext_1c1969,PUR_IED_EduardoU_Ext_1c1969,,,,,
2026-09-12T23:31:14-05:00,PUR_IED_EduardoU_SCiencia_4dfb94,PUR_IED_EduardoU_SCiencia_4dfb94,,,,,
2026-09-12T23:31:14-05:00,PUR_IED_EduardoU_SQuimica_5a46e7,PUR_IED_EduardoU_SQuimica_5a46e7,,,,,
2026-09-12T23:31:14-05:00,PUR_IED_ElRodeo_Aula14_676984,PUR_IED_ElRodeo_Aula14_676984,,,,,
2026-09-12T23:31:14-05:00,PUR_IED_ElRodeo_Aula16_2dd35b,PUR_IED_ElRodeo_Aula16_2dd35b,,,,,
2026-09-12T23:31:14-05:00,PUR_IED_ElRodeo_Ext_360881,PUR_IED_ElRodeo_Ext_360881,,,,,
2026-09-12T23:31:14-05:00,PUR_IED_ElRodeo_Exterior_8c6d28,PUR_IED_ElRodeo_Exterior_8c6d28,,,,,
2026-09-12T23:31:14-05:00,PUR_IED_ElRodeo_ext_360881,PUR_IED_ElRodeo_ext_360881,,,,,
2026-09-12T23:31:14-05:00,PUR_IED_EmmaReyes_Ext_987625,PUR_IED_EmmaReyes_Ext_987625,6,21,52,4.6367,-74.1511
2026-09-12T23:31:14-05:00,PUR_IED_Ensueño_Ext_7f0250,PUR_IED_Ensueño_Ext_7f0250,,,,,
2026-09-12T23:31:14-05:00,PUR_IED_EscNormal_Ext_5fef3b,PUR_IED_EscNormal_Ext_5fef3b,2,18,62,4.5852,-74.096901
2026-09-12T23:31:14-05:00,PUR_IED_EscNormal_S309_5b263,PUR_IED_EscNormal_S309_5b263,,,,,
2026-09-12T23:31:14-05:00,PUR_IED_EscNormal_S310_27b3b8,PUR_IED_EscNormal_S310_27b3b8,,,,,
2026-09-12T23:31:14-05:00,PUR_IED_Evangelista_Conta_f6cd4f,PUR_IED_Evangelista_Conta_f6cd4f,,,,,
2026-09-12T23:31:14-05:00,PUR_IED_Evangelista_Cri_5e16a,PUR_IED_Evangelista_Cri_5e16a,,,,,
2026-09-12T23:31:14-05:00,PUR_IED_Evangelista_Exter_754066,PUR_IED_Evangelista_Exter_754066,,,,,
2026-09-12T23:31:14-05:00,PUR_IED_FMiranda_S209_5cc2a3,PUR_IED_FMiranda_S209_5cc2a3,,,,,
2026-09-12T23:31:14-05:00,PUR_IED_FMiranda_S303_19e344,PUR_IED_FMiranda_S303_19e344,,,,,
2026-09-12T23:31:14-05:00,PUR_IED_FMiranda_ext_f53e7c,PUR_IED_FMiranda_ext_f53e7c,,,,,
2026-09-12T23:31:14-05:00,PUR_IED_FabioLozano_Bibli_1cee05,PUR_IED_FabioLozano_Bibli_1cee05,,,,,
2026-09-12T23:31:14-05:00,PUR_IED_FabioLozano_Ext_6ea285,PUR_IED_FabioLozano_Ext_6ea285,,,,,
2026-09-12T23:31:14-05:00,PUR_IED_FabioLozano_SLudi_f09e1e,PUR_IED_FabioLozano_SLudi_f09e1e,,,,,
2026-09-12T23:31:14-05:00,PUR_IED_FaustinoS_Aula07_27a731,PUR_IED_FaustinoS_Aula07_27a731,,,,,
2026-09-12T23:31:14-05:00,PUR_IED_FaustinoS_Ext_7b936f,PUR_IED_FaustinoS_Ext_7b936f,,,,,
2026-09-12T23:31:14-05:00,PUR_IED_FaustinoS_Fisica_da2c60,PUR_IED_FaustinoS_Fisica_da2c60,,,,,
2026-09-12T23:31:14-05:00,PUR_IED_FeGarciaLo_Ext_dc68ee,PUR_IED_FeGarciaLo_Ext_dc68ee,,,,,
2026-09-12T23:31:14-05:00,PUR_IED_FeGarciaLo_SDanza_f70a59,PUR_IED_FeGarciaLo_SDanza_f70a59,,,,,
2026-09-12T23:31:14-05:00,PUR_IED_FeGarciaLo_SMusic_125cdd,PUR_IED_FeGarciaLo_SMusic_125cdd,,,,,
2026-09-12T23:31:14-05:00,PUR_IED_FederalAlema_Exte_50c345,PUR_IED_FederalAlema_Exte_50c345,,,,,
2026-09-12T23:31:14-05:00,PUR_IED_FederalAlema_S31_f18371,PUR_IED_FederalAlema_S31_f18371,,,,,
2026-09-12T23:31:14-05:00,PUR_IED_FederalAlema_S901_a62cd,PUR_IED_FederalAlema_S901_a62cd,,,,,
2026-09-12T23:31:14-05:00,PUR_IED_FilarmonicaS_A5_f35eb1,PUR_IED_FilarmonicaS_A5_f35eb1,,,,,
2026-09-12T23:31:14-05:00,PUR_IED_FilarmonicaS_Ext_8a3bde,PUR_IED_FilarmonicaS_Ext_8a3bde,,,,,
2026-09-12T23:31:14-05:00,PUR_IED_FilarmonicaS_Spol_406114,PUR_IED_FilarmonicaS_Spol_406114,,,,,
2026-09-12T23:31:14-05:00,PUR_IED_FlorentinoG_A13_d1fa59,PUR_IED_FlorentinoG_A13_d1fa59,,,,,
2026-09-12T23:31:14-05:00,PUR_IED_FlorentinoG_Ext_1ce6ce,PUR_IED_FlorentinoG_Ext_1ce6ce,,,,,
2026-09-12T23:31:14-05:00,PUR_IED_FlorentinoG_Idiom_a66aac,PUR_IED_FlorentinoG_Idiom_a66aac,,,,,
2026-09-12T23:31:14-05:00,PUR_IED_FranciscoMati_Ext_e3869d,PUR_IED_FranciscoMati_Ext_e3869d,,,,,
2026-09-12T23:31:14-05:00,PUR_IED_FranciscoMati_S13_f31c67,PUR_IED_FranciscoMati_S13_f31c67,,,,,
2026-09-12T23:31:14-05:00,PUR_IED_FranciscoMati_S14_97dead,PUR_IED_FranciscoMati_S14_97dead,,,,,
2026-09-12T23:31:14-05:00,PUR_IED_FranciscoPS_Ext_7bfa9a,PUR_IED_FranciscoPS_Ext_7bfa9a,3,19,62,4.5899,-74.110397
2026-09-12T23:31:14-05:00,PUR_IED_FranciscoPS_Infor_fb8f4c,PUR_IED_FranciscoPS_Infor_fb8f4c,,,,,
2026-09-12T23:31:14-05:00,PUR_IED_FranciscoPS_Quimi_94d39c,PUR_IED_FranciscoPS_Quimi_94d39c,,,,,
2026-09-12T23:31:14-05:00,PUR_IED_FranciscoP_LabQ_d7e148,PUR_IED_FranciscoP_LabQ_d7e148,,,,,
2026-09-12T23:31:14-05:00,PUR_IED_FranciscoP_S28_cf9b30,PUR_IED_FranciscoP_S28_cf9b30,,,,,
2026-09-12T23:31:14-05:00,PUR_IED_FranciscoP_ext_e2313,PUR_IED_FranciscoP_ext_e2313,,,,,
2026-09-12T23:31:14-05:00,PUR_IED_FriederichN_Ext_8ac92a,PUR_IED_FriederichN_Ext_8ac92a,,,,,
2026-09-12T23:31:14-05:00,PUR_IED_FriederichN_S301_dd7e5a,PUR_IED_FriederichN_S301_dd7e5a,,,,,
2026-09-12T23:31:14-05:00,PUR_IED_FriederichN_S308_761f4f,PUR_IED_FriederichN_S308_761f4f,,,,,
2026-09-12T23:31:14-05:00,PUR_IED_GSantander_Aula10_533dd7,PUR_IED_GSantander_Aula10_533dd7,,,,,
2026-09-12T23:31:14-05:00,PUR_IED_GSantander_Aula12_fd4e4f,PUR_IED_GSantander_Aula12_fd4e4f,,,,,
2026-09-12T23:31:14-05:00,PUR_IED_GSantander_Aula310_533dd7,PUR_IED_GSantander_Aula310_533dd7,,,,,
2026-09-12T23:31:14-05:00,PUR_IED_GSantander_Aula312_fd4e4f,PUR_IED_GSantander_Aula312_fd4e4f,,,,,
2026-09-12T23:31:14-05:00,PUR_IED_GSantander_Ext_5f66b0,PUR_IED_GSantander_Ext_5f66b0,,,,,
2026-09-12T23:31:14-05:00,PUR_IED_GYomasa_Ext_f6bea5,PUR_IED_GYomasa_Ext_f6bea5,,,,,
2026-09-12T23:31:14-05:00,PUR_IED_GYomasa_LBiol_2c41aa,PUR_IED_GYomasa_LBiol_2c41aa,,,,,
2026-09-12T23:31:14-05:00,PUR_IED_GYomasa_LQuim_33c80,PUR_IED_GYomasa_LQuim_33c80,,,,,
2026-09-12T23:31:14-05:00,PUR_IED_GabBetMejia_Cienc_5a99c,PUR_IED_GabBetMejia_Cienc_5a99c,,,,,
2026-09-12T23:31:14-05:00,PUR_IED_GabBetMejia_Ext_9153d0,PUR_IED_GabBetMejia_Ext_9153d0,,,,,
2026-09-12T23:31:14-05:00,PUR_IED_GabBetMejia_Lab_f55347,PUR_IED_GabBetMejia_Lab_f55347,,,,,
2026-09-12T23:31:14-05:00,PUR_IED_GabBetanMejia_Ext_9153d0,PUR_IED_GabBetanMejia_Ext_9153d0,,,,,
2026-09-12T23:31:14-05:00,PUR_IED_Gaitana_Aula13_7aac11,PUR_IED_Gaitana_Aula13_7aac11,,,,,
2026-09-12T23:31:14-05:00,PUR_IED_Gaitana_Ext_5fcf4,PUR_IED_Gaitana_Ext_5fcf4,,,,,
2026-09-12T23:31:14-05:00,PUR_IED_Gaitana_LabFisica_644448,PUR_IED_Gaitana_LabFisica_644448,,,,,
2026-09-12T23:31:14-05:00,PUR_IED_GenSantander_Dise_8ac858,PUR_IED_GenSantander_Dise_8ac858,,,,,
2026-09-12T23:31:14-05:00,PUR_IED_GenSantander_Ext_8d5dfe,PUR_IED_GenSantander_Ext_8d5dfe,,,,,
2026-09-12T23:31:14-05:00,PUR_IED_GenSantander_Info_6c25b,PUR_IED_GenSantander_Info_6c25b,,,,,
2026-09-12T23:31:14-05:00,PUR_IED_GustavoMo_Exterio_75e63d,PUR_IED_GustavoMo_Exterio_75e63d,,,,,
2026-09-12T23:31:14-05:00,PUR_IED_GustavoMo_LabFisi_224d37,PUR_IED_GustavoMo_LabFisi_224d37,,,,,
2026-09-12T23:31:14-05:00,PUR_IED_GustavoMo_S208_3e6918,PUR_IED_GustavoMo_S208_3e6918,,,,,
2026-09-12T23:31:14-05:00,PUR_IED_GustavoR_A02_8cd4a8,PUR_IED_GustavoR_A02_8cd4a8,,,,,
2026-09-12T23:31:14-05:00,PUR_IED_GustavoR_B11_5b0ed,PUR_IED_GustavoR_B11_5b0ed,,,,,
2026-09-12T23:31:14-05:00,PUR_IED_GustavoR_Ext_7a0c90,PUR_IED_GustavoR_Ext_7a0c90,,,,,
2026-09-12T23:31:14-05:00,PUR_IED_HernandoDuran_Ext_8cd82b,PUR_IED_HernandoDuran_Ext_8cd82b,,,,,
2026-09-12T23:31:14-05:00,PUR_IED_HernandoDuran_S24_2772c6,PUR_IED_HernandoDuran_S24_2772c6,,,,,
2026-09-12T23:31:14-05:00,PUR_IED_HernandoDuran_S30_f2de41,PUR_IED_HernandoDuran_S30_f2de41,,,,,
2026-09-12T23:31:14-05:00,PUR_IED_HolguInUr_S1101_8cd732,PUR_IED_HolguInUr_S1101_8cd732,,,,,
2026-09-12T23:31:14-05:00,PUR_IED_HolguinUr_Exter_ddae6d,PUR_IED_HolguinUr_Exter_ddae6d,,,,,
2026-09-12T23:31:14-05:00,PUR_IED_HolguinUr_LabQuim_92b952,PUR_IED_HolguinUr_LabQuim_92b952,,,,,
2026-09-12T23:31:14-05:00,PUR_IED_Isabel-II_Ext_5245cc,PUR_IED_Isabel-II_Ext_5245cc,4,19,58,4.6336,-74.153
2026-09-12T23:31:14-05:00,PUR_IED_Isabel-II_S_idiom_1c29aa,PUR_IED_Isabel-II_S_idiom_1c29aa,,,,,
2026-09-12T23:31:14-05:00,PUR_IED_Isabel-II_S_infor_fd741,PUR_IED_Isabel-II_S_infor_fd741,,,,,
2026-09-12T23:31:14-05:00,PUR_IED_IsidroSur_Exterio_5b90ea,PUR_IED_IsidroSur_Exterio_5b90ea,,,,,
2026-09-12T23:31:14-05:00,PUR_IED_IsidroSur_LabTec_56697a,PUR_IED_IsidroSur_LabTec_56697a,,,,,
2026-09-12T23:31:14-05:00,PUR_IED_IsidroSur_Robotic_b7c38f,PUR_IED_IsidroSur_Robotic_b7c38f,,,,,
2026-09-12T23:31:14-05:00,PUR_IED_IsmaelPerd_Ext_7b6672,PUR_IED_IsmaelPerd_Ext_7b6672,,,,,
2026-09-12T23:31:14-05:00,PUR_IED_IsmaelPerd_Inform_306540,PUR_IED_IsmaelPerd_Inform_306540,,,,,
2026-09-12T23:31:14-05:00,PUR_IED_IsmaelPerd_S30_2e2c83,PUR_IED_IsmaelPerd_S30_2e2c83,,,,,
2026-09-12T23:31:14-05:00,PUR_IED_JLozano_Exter_432910,PUR_IED_JLozano_Exter_432910,,,,,
2026-09-12T23:31:14-05:00,PUR_IED_JLozano_salaMulti_df5125,PUR_IED_JLozano_salaMulti_df5125,,,,,
2026-09-12T23:31:14-05:00,PUR_IED_JMCordoba_206_86f80b,PUR_IED_JMCordoba_206_86f80b,,,,,
2026-09-12T23:31:14-05:00,PUR_IED_JMCordoba_Ext_27ad97,PUR_IED_JMCordoba_Ext_27ad97,,,,,
2026-09-12T23:31:14-05:00,PUR_IED_JMCordoba_S310_d59ab4,PUR_IED_JMCordoba_S310_d59ab4,,,,,
2026-09-12T23:31:14-05:00,PUR_IED_Japon_Ext_549100,PUR_IED_Japon_Ext_549100,,,,,
2026-09-12T23:31:14-05:00,PUR_IED_Japon_Laboratorio_bec51d,PUR_IED_Japon_Laboratorio_bec51d,,,,,
2026-09-12T23:31:14-05:00,PUR_IED_Japon_informatica_d99327,PUR_IED_Japon_informatica_d99327,,,,,
2026-09-12T23:31:14-05:00,PUR_IED_Jazmin_Ext_d27bda,PUR_IED_Jazmin_Ext_d27bda,,,,,
2026-09-12T23:31:14-05:00,PUR_IED_Jazmin_Fisica_8d14d7,PUR_IED_Jazmin_Fisica_8d14d7,,,,,
2026-09-12T23:31:14-05:00,PUR_IED_Jazmin_Quimica_801cb5,PUR_IED_Jazmin_Quimica_801cb5,,,,,
2026-09-12T23:31:14-05:00,PUR_IED_JorgeGaitan_Exter_f098d1,PUR_IED_JorgeGaitan_Exter_f098d1,,,,,
2026-09-12T23:31:14-05:00,PUR_IED_JorgeGaitan_STec1_dc9d1d,PUR_IED_JorgeGaitan_STec1_dc9d1d,,,,,
2026-09-12T23:31:14-05:00,PUR_IED_JorgeGaitan_STec2_281e69,PUR_IED_JorgeGaitan_STec2_281e69,,,,,
2026-09-12T23:31:14-05:00,PUR_IED_JorgeSoto_Exterio_d9d0a2,PUR_IED_JorgeSoto_Exterio_d9d0a2,,,,,
2026-09-12T23:31:14-05:00,PUR_IED_JorgeSoto_LabFisi_209c54,PUR_IED_JorgeSoto_LabFisi_209c54,,,,,
2026-09-12T23:31:14-05:00,PUR_IED_JorgeSoto_S103_27b51a,PUR_IED_JorgeSoto_S103_27b51a,,,,,
2026-09-12T23:31:14-05:00,PUR_IED_JoseAcevedo_A02_e965eb,PUR_IED_JoseAcevedo_A02_e965eb,,,,,
2026-09-12T23:31:14-05:00,PUR_IED_JoseAcevedo_A07_dd5b4,PUR_IED_JoseAcevedo_A07_dd5b4,,,,,
2026-09-12T23:31:14-05:00,PUR_IED_JoseAcevedo_Ext_b47484,PUR_IED_JoseAcevedo_Ext_b47484,,,,,
2026-09-12T23:31:14-05:00,PUR_IED_JoseMarti_Exte_5b9bf,PUR_IED_JoseMarti_Exte_5b9bf,,,,,
2026-09-12T23:31:14-05:00,PUR_IED_JoseMarti_LabQuim_1c6c2d,PUR_IED_JoseMarti_LabQuim_1c6c2d,,,,,
2026-09-12T23:31:14-05:00,PUR_IED_JoseMarti_S_info_f5f177,PUR_IED_JoseMarti_S_info_f5f177,,,,,
2026-09-12T23:31:14-05:00,PUR_IED_Josejoaquin_Ext_dfc5dc,PUR_IED_Josejoaquin_Ext_dfc5dc,,,,,
2026-09-12T23:31:14-05:00,PUR_IED_Josejoaquin_S05_5b2a96,PUR_IED_Josejoaquin_S05_5b2a96,,,,,
2026-09-12T23:31:14-05:00,PUR_IED_Josejoaquin_S06_1ce7d2,PUR_IED_Josejoaquin_S06_1ce7d2,,,,,
2026-09-12T23:31:14-05:00,PUR_IED_JulioFlorez_Danza_9b82dd,PUR_IED_JulioFlorez_Danza_9b82dd,,,,,
2026-09-12T23:31:14-05:00,PUR_IED_JulioFlorez_Exter_f9f314,PUR_IED_JulioFlorez_Exter_f9f314,,,,,
2026-09-12T23:31:14-05:00,PUR_IED_JulioFlorez_info2_6b6e08,PUR_IED_JulioFlorez_info2_6b6e08,,,,,
2026-09-12T23:31:14-05:00,PUR_IED_LaBelleza_Aula13_1d00d8,PUR_IED_LaBelleza_Aula13_1d00d8,,,,,
2026-09-12T23:31:14-05:00,PUR_IED_LaBelleza_Ext_7bc08c,PUR_IED_LaBelleza_Ext_7bc08c,,,,,
2026-09-12T23:31:14-05:00,PUR_IED_LaChucua_Ext_8cd6d2,PUR_IED_LaChucua_Ext_8cd6d2,,,,,
2026-09-12T23:31:14-05:00,PUR_IED_LaChucua_S15_f578ce,PUR_IED_LaChucua_S15_f578ce,,,,,
2026-09-12T23:31:14-05:00,PUR_IED_LaChucua_S16_eebcf9,PUR_IED_LaChucua_S16_eebcf9,,,,,
2026-09-12T23:31:14-05:00,PUR_IED_LaFelicidad_Ext_fb5109,PUR_IED_LaFelicidad_Ext_fb5109,,,,,
2026-09-12T23:31:14-05:00,PUR_IED_LaMerced_206_66ebd,PUR_IED_LaMerced_206_66ebd,,,,,
2026-09-12T23:31:14-05:00,PUR_IED_LaMerced_207_6ebd6,PUR_IED_LaMerced_207_6ebd6,,,,,
2026-09-12T23:31:14-05:00,PUR_IED_LaMerced_ext_304311,PUR_IED_LaMerced_ext_304311,,,,,
2026-09-12T23:31:14-05:00,PUR_IED_Laureano_CiencNat_281e5e,PUR_IED_Laureano_CiencNat_281e5e,,,,,
2026-09-12T23:31:14-05:00,PUR_IED_Laureano_Comedor_f65c0a,PUR_IED_Laureano_Comedor_f65c0a,,,,,
2026-09-12T23:31:14-05:00,PUR_IED_Laureano_Exterior_7ab011,PUR_IED_Laureano_Exterior_7ab011,,,,,
2026-09-12T23:31:14-05:00,PUR_IED_LeonGreiff_Exte_dfe560,PUR_IED_LeonGreiff_Exte_dfe560,,,,,
2026-09-12T23:31:14-05:00,PUR_IED_LeonGreiff_S210_f264ed,PUR_IED_LeonGreiff_S210_f264ed,,,,,
2026-09-12T23:31:14-05:00,PUR_IED_LeonGreiff_SQuimi_e8296f,PUR_IED_LeonGreiff_SQuimi_e8296f,,,,,
2026-09-12T23:31:14-05:00,PUR_IED_LlanoOrientalS208_7b9fcd,PUR_IED_LlanoOrientalS208_7b9fcd,,,,,
2026-09-12T23:31:14-05:00,PUR_IED_LlanoOriental_Ext_fb3766,PUR_IED_LlanoOriental_Ext_fb3766,,,,,
2026-09-12T23:31:14-05:00,PUR_IED_LlanoOriental_S208_7b9fcd,PUR_IED_LlanoOriental_S208_7b9fcd,,,,,
2026-09-12T23:31:14-05:00,PUR_IED_LlanoOriental_S9_27b378,PUR_IED_LlanoOriental_S9_27b378,,,,,
2026-09-12T23:31:14-05:00,PUR_IED_LosTejares_1101_477602,PUR_IED_LosTejares_1101_477602,,,,,
2026-09-12T23:31:14-05:00,PUR_IED_LosTejares_11_d2c595,PUR_IED_LosTejares_11_d2c595,,,,,
2026-09-12T23:31:14-05:00,PUR_IED_LosTejares_12_477602,PUR_IED_LosTejares_12_477602,,,,,
2026-09-12T23:31:14-05:00,PUR_IED_LosTejares_Ext_8e2115,PUR_IED_LosTejares_Ext_8e2115,,,,,
2026-09-12T23:31:14-05:00,PUR_IED_MagdalenaO_B202_5ddda3,PUR_IED_MagdalenaO_B202_5ddda3,,,,,
2026-09-12T23:31:14-05:00,PUR_IED_MagdalenaO_B205_fb76e8,PUR_IED_MagdalenaO_B205_fb76e8,,,,,
2026-09-12T23:31:14-05:00,PUR_IED_MagdalenaO_ext_dc69cd,PUR_IED_MagdalenaO_ext_dc69cd,,,,,
2026-09-12T23:31:14-05:00,PUR_IED_ManueCepeda_artes_eee956,PUR_IED_ManueCepeda_artes_eee956,,,,,
2026-09-12T23:31:14-05:00,PUR_IED_ManuelCepeda_Ext_58313,PUR_IED_ManuelCepeda_Ext_58313,,,,,
2026-09-12T23:31:14-05:00,PUR_IED_ManuelCepeda_tec_1c5731,PUR_IED_ManuelCepeda_tec_1c5731,,,,,
2026-09-12T23:31:14-05:00,PUR_IED_ManuelS_Exterior_5b269,PUR_IED_ManuelS_Exterior_5b269,,,,,
2026-09-12T23:31:14-05:00,PUR_IED_ManuelS_Inform_f369ce,PUR_IED_ManuelS_Inform_f369ce,,,,,
2026-09-12T23:31:14-05:00,PUR_IED_ManuelS_SArtes_7d15f1,PUR_IED_ManuelS_SArtes_7d15f1,,,,,
2026-09-12T23:31:14-05:00,PUR_IED_ManuelZapata_303_3ca6,PUR_IED_ManuelZapata_303_3ca6,,,,,
2026-09-12T23:31:14-05:00,PUR_IED_ManuelZapata_311_bfbabc,PUR_IED_ManuelZapata_311_bfbabc,,,,,
2026-09-12T23:31:14-05:00,PUR_IED_ManuelZapata_Ext_50824a,PUR_IED_ManuelZapata_Ext_50824a,,,,,
2026-09-12T23:31:14-05:00,PUR_IED_ManuelitaS_Exteri_656a92,PUR_IED_ManuelitaS_Exteri_656a92,,,,,
2026-09-12T23:31:14-05:00,PUR_IED_ManuelitaS_JuzgDe_f58ec3,PUR_IED_ManuelitaS_JuzgDe_f58ec3,,,,,
2026-09-12T23:31:14-05:00,PUR_IED_ManuelitaS_Recrea_d793db,PUR_IED_ManuelitaS_Recrea_d793db,,,,,
2026-09-12T23:31:14-05:00,PUR_IED_MarFidSuarez_Ext_c27b19,PUR_IED_MarFidSuarez_Ext_c27b19,,,,,
2026-09-12T23:31:14-05:00,PUR_IED_MarFidSuarez_Info_e384d7,PUR_IED_MarFidSuarez_Info_e384d7,,,,,
2026-09-12T23:31:14-05:00,PUR_IED_MarFidSuarez_S306_1d0032,PUR_IED_MarFidSuarez_S306_1d0032,,,,,
2026-09-12T23:31:14-05:00,PUR_IED_Menorah_301_2a25a3,PUR_IED_Menorah_301_2a25a3,,,,,
2026-09-12T23:31:14-05:00,PUR_IED_Menorah_306_37ed3,PUR_IED_Menorah_306_37ed3,,,,,
2026-09-12T23:31:14-05:00,PUR_IED_Menorah_Ext_3e155b,PUR_IED_Menorah_Ext_3e155b,,,,,
2026-09-12T23:31:14-05:00,PUR_IED_MinutoB.Aires_A11_1b1604,PUR_IED_MinutoB.Aires_A11_1b1604,,,,,
2026-09-12T23:31:14-05:00,PUR_IED_MinutoB.Aires_A12_fb5860,PUR_IED_MinutoB.Aires_A12_fb5860,,,,,
2026-09-12T23:31:14-05:00,PUR_IED_MinutoB.Aires_Ext_81293f,PUR_IED_MinutoB.Aires_Ext_81293f,,,,,
2026-09-12T23:31:14-05:00,PUR_IED_MinutoBAires_A11_1b1604,PUR_IED_MinutoBAires_A11_1b1604,,,,,
2026-09-12T23:31:14-05:00,PUR_IED_MinutoBAires_A12_fb5860,PUR_IED_MinutoBAires_A12_fb5860,,,,,
2026-09-12T23:31:14-05:00,PUR_IED_MinutoBAires_Ext_81293f,PUR_IED_MinutoBAires_Ext_81293f,,,,,
2026-09-12T23:31:14-05:00,PUR_IED_Montreal_Aula10_1e4959,PUR_IED_Montreal_Aula10_1e4959,,,,,
2026-09-12T23:31:14-05:00,PUR_IED_Montreal_Aula6_300367,PUR_IED_Montreal_Aula6_300367,,,,,
2026-09-12T23:31:14-05:00,PUR_IED_Montreal_Exterior_91a179,PUR_IED_Montreal_Exterior_91a179,,,,,
2026-09-12T23:31:14-05:00,PUR_IED_Mqgdalena_B202_5ddda3,PUR_IED_Mqgdalena_B202_5ddda3,,,,,
2026-09-12T23:31:14-05:00,PUR_IED_NACUND_Soc_dc8728,PUR_IED_NACUND_Soc_dc8728,,,,,
2026-09-12T23:31:14-05:00,PUR_IED_NACUND_ext_27ad97,PUR_IED_NACUND_ext_27ad97,,,,,
2026-09-12T23:31:14-05:00,PUR_IED_NEsperanza_Ext_d24b61,PUR_IED_NEsperanza_Ext_d24b61,,,,,
2026-09-12T23:31:14-05:00,PUR_IED_NEsperanza_SElect_7d1807,PUR_IED_NEsperanza_SElect_7d1807,,,,,
2026-09-12T23:31:14-05:00,PUR_IED_NEsperanza_SLabor_8b2d0a,PUR_IED_NEsperanza_SLabor_8b2d0a,,,,,
2026-09-12T23:31:14-05:00,PUR_IED_NacionesU_Ext_f661a9,PUR_IED_NacionesU_Ext_f661a9,,,,,
2026-09-12T23:31:14-05:00,PUR_IED_NacionesU_Quimica_66f0a,PUR_IED_NacionesU_Quimica_66f0a,,,,,
2026-09-12T23:31:14-05:00,PUR_IED_NacionesU_S306_1b4b3d,PUR_IED_NacionesU_S306_1b4b3d,,,,,
2026-09-12T23:31:14-05:00,PUR_IED_NestorFA_Ext_e4201c,PUR_IED_NestorFA_Ext_e4201c,,,,,
2026-09-12T23:31:14-05:00,PUR_IED_NestorFA_Laborato_f22fe0,PUR_IED_NestorFA_Laborato_f22fe0,,,,,
2026-09-12T23:31:14-05:00,PUR_IED_NestorFA_S204_dee996,PUR_IED_NestorFA_S204_dee996,,,,,
2026-09-12T23:31:14-05:00,PUR_IED_NidyaQT_Aula03_76999b,PUR_IED_NidyaQT_Aula03_76999b,,,,,
2026-09-12T23:31:14-05:00,PUR_IED_NidyaQT_Aula10_56325,PUR_IED_NidyaQT_Aula10_56325,,,,,
2026-09-12T23:31:14-05:00,PUR_IED_NidyaQT_Ext_46e32d,PUR_IED_NidyaQT_Ext_46e32d,,,,,
2026-09-12T23:31:14-05:00,PUR_IED_NuevaCol_Exterior_d9b859,PUR_IED_NuevaCol_Exterior_d9b859,,,,,
2026-09-12T23:31:14-05:00,PUR_IED_NuevaCol_S1101_76c43b,PUR_IED_NuevaCol_S1101_76c43b,,,,,
2026-09-12T23:31:14-05:00,PUR_IED_NuevaCol_S1102_1ce0b5,PUR_IED_NuevaCol_S1102_1ce0b5,,,,,
2026-09-12T23:31:14-05:00,PUR_IED_OEA_A202_f7e3f2,PUR_IED_OEA_A202_f7e3f2,,,,,
2026-09-12T23:31:14-05:00,PUR_IED_OEA_A203_7d1b8d,PUR_IED_OEA_A203_7d1b8d,,,,,
2026-09-12T23:31:14-05:00,PUR_IED_OEA_Ext_27b593,PUR_IED_OEA_Ext_27b593,,,,,
2026-09-12T23:31:14-05:00,PUR_IED_Ochoa_Ext_1c29da,PUR_IED_Ochoa_Ext_1c29da,,,,,
2026-09-12T23:31:14-05:00,PUR_IED_Ochoa_S205_8b1121,PUR_IED_Ochoa_S205_8b1121,,,,,
2026-09-12T23:31:14-05:00,PUR_IED_Ochoa_Sistemas_f33af6,PUR_IED_Ochoa_Sistemas_f33af6,,,,,
2026-09-12T23:31:14-05:00,PUR_IED_PQuebec_Ext_1c67c7,PUR_IED_PQuebec_Ext_1c67c7,,,,,
2026-09-12T23:31:14-05:00,PUR_IED_PQuebec_S15_23e8e2,PUR_IED_PQuebec_S15_23e8e2,,,,,
2026-09-12T23:31:14-05:00,PUR_IED_PQuebec_S16_8ec76b,PUR_IED_PQuebec_S16_8ec76b,,,,,
2026-09-12T23:31:14-05:00,PUR_IED_PabloN_Ext_49dc96,PUR_IED_PabloN_Ext_49dc96,,,,,
2026-09-12T23:31:14-05:00,PUR_IED_PabloN_S1102_4e3df5,PUR_IED_PabloN_S1102_4e3df5,,,,,
2026-09-12T23:31:14-05:00,PUR_IED_PabloN_S1103_50c94b,PUR_IED_PabloN_S1103_50c94b,,,,,
2026-09-12T23:31:14-05:00,PUR_IED_Palestina_S1101_db9198,PUR_IED_Palestina_S1101_db9198,,,,,
2026-09-12T23:31:14-05:00,PUR_IED_Palestina_S1102_dc54fa,PUR_IED_Palestina_S1102_dc54fa,,,,,
2026-09-12T23:31:14-05:00,PUR_IED_Palestina_ext_4ccce6,PUR_IED_Palestina_ext_4ccce6,,,,,
2026-09-12T23:31:14-05:00,PUR_IED_Panama_Fisica_4d0794,PUR_IED_Panama_Fisica_4d0794,,,,,
2026-09-12T23:31:14-05:00,PUR_IED_Panama_SIngles_a4077e,PUR_IED_Panama_SIngles_a4077e,,,,,
2026-09-12T23:31:14-05:00,PUR_IED_Panama_ext_4c54b4,PUR_IED_Panama_ext_4c54b4,,,,,
2026-09-12T23:31:14-05:00,PUR_IED_ParaisoM_Exterior_8cd7f0,PUR_IED_ParaisoM_Exterior_8cd7f0,,,,,
2026-09-12T23:31:14-05:00,PUR_IED_ParaisoM_Laborato_27af35,PUR_IED_ParaisoM_Laborato_27af35,,,,,
2026-09-12T23:31:14-05:00,PUR_IED_ParaisoM_S304_d1edca,PUR_IED_ParaisoM_S304_d1edca,,,,,
2026-09-12T23:31:14-05:00,PUR_IED_PorfirioBarba_Ext_301466,PUR_IED_PorfirioBarba_Ext_301466,,,,,
2026-09-12T23:31:14-05:00,PUR_IED_PorfirioBarba_S11_df6cd2,PUR_IED_PorfirioBarba_S11_df6cd2,,,,,
2026-09-12T23:31:14-05:00,PUR_IED_PorfirioBarba_S29_27a7d6,PUR_IED_PorfirioBarba_S29_27a7d6,,,,,
2026-09-12T23:31:14-05:00,PUR_IED_PradoV_Exter_8b27ad,PUR_IED_PradoV_Exter_8b27ad,,,,,
2026-09-12T23:31:14-05:00,PUR_IED_PradoV_S301_de65b5,PUR_IED_PradoV_S301_de65b5,,,,,
2026-09-12T23:31:14-05:00,PUR_IED_PradoV_S302_7d2593,PUR_IED_PradoV_S302_7d2593,,,,,
2026-09-12T23:31:14-05:00,PUR_IED_QuirogaAlz_Ext_1ddc82,PUR_IED_QuirogaAlz_Ext_1ddc82,,,,,
2026-09-12T23:31:14-05:00,PUR_IED_QuirogaAlz_S302_9926a3,PUR_IED_QuirogaAlz_S302_9926a3,,,,,
2026-09-12T23:31:14-05:00,PUR_IED_QuirogaAlz_S305_cdf1f1,PUR_IED_QuirogaAlz_S305_cdf1f1,,,,,
2026-09-12T23:31:14-05:00,PUR_IED_RGuatemala_Biling_dc53b7,PUR_IED_RGuatemala_Biling_dc53b7,,,,,
2026-09-12T23:31:14-05:00,PUR_IED_RGuatemala_Ext_1b89a3,PUR_IED_RGuatemala_Ext_1b89a3,,,,,
2026-09-12T23:31:14-05:00,PUR_IED_RGuatemala_Tecnol_281a34,PUR_IED_RGuatemala_Tecnol_281a34,,,,,
2026-09-12T23:31:14-05:00,PUR_IED_RafaNu_Ext_f7c302,PUR_IED_RafaNu_Ext_f7c302,,,,,
2026-09-12T23:31:14-05:00,PUR_IED_RafaNu_S1101_25fde,PUR_IED_RafaNu_S1101_25fde,,,,,
2026-09-12T23:31:14-05:00,PUR_IED_RafaNu_S1102_281517,PUR_IED_RafaNu_S1102_281517,,,,,
2026-09-12T23:31:14-05:00,PUR_IED_RafaelB_S305_ee2783,PUR_IED_RafaelB_S305_ee2783,,,,,
2026-09-12T23:31:14-05:00,PUR_IED_RafaelB_S306_75fe33,PUR_IED_RafaelB_S306_75fe33,,,,,
2026-09-12T23:31:14-05:00,PUR_IED_RafaelB_ext_283336,PUR_IED_RafaelB_ext_283336,2,19,59,4.6722,-74.0737
2026-09-12T23:31:14-05:00,PUR_IED_RafaelUU_Exterior_281a51,PUR_IED_RafaelUU_Exterior_281a51,,,,,
2026-09-12T23:31:14-05:00,PUR_IED_RafaelUU_Human_806b2,PUR_IED_RafaelUU_Human_806b2,,,,,
2026-09-12T23:31:14-05:00,PUR_IED_RafaelUU_Mate2_5680d4,PUR_IED_RafaelUU_Mate2_5680d4,,,,,
2026-09-12T23:31:14-05:00,PUR_IED_RamonSub_Ext_f9eeb9,PUR_IED_RamonSub_Ext_f9eeb9,,,,,
2026-09-12T23:31:14-05:00,PUR_IED_RamonSub_Media_d1f62f,PUR_IED_RamonSub_Media_d1f62f,,,,,
2026-09-12T23:31:14-05:00,PUR_IED_RamonSub_planta_51b82,PUR_IED_RamonSub_planta_51b82,,,,,
2026-09-12T23:31:14-05:00,PUR_IED_RepBoliVene_Exter_27af7c,PUR_IED_RepBoliVene_Exter_27af7c,,,,,
2026-09-12T23:31:14-05:00,PUR_IED_RepBoliVene_SCPT_5ae2ee,PUR_IED_RepBoliVene_SCPT_5ae2ee,,,,,
2026-09-12T23:31:14-05:00,PUR_IED_RepBoliVene_Socia_4b11d5,PUR_IED_RepBoliVene_Socia_4b11d5,,,,,
2026-09-12T23:31:14-05:00,PUR_IED_RepChina_Ext_76d9ee,PUR_IED_RepChina_Ext_76d9ee,,,,,
2026-09-12T23:31:14-05:00,PUR_IED_RepChina_S404_7c804c,PUR_IED_RepChina_S404_7c804c,,,,,
2026-09-12T23:31:14-05:00,PUR_IED_RepChina_S405_df2c33,PUR_IED_RepChina_S405_df2c33,,,,,
2026-09-12T23:31:14-05:00,PUR_IED_RepublicaC_Exteri_7d1ec9,PUR_IED_RepublicaC_Exteri_7d1ec9,,,,,
2026-09-12T23:31:14-05:00,PUR_IED_RepublicaC_S1101_f544b3,PUR_IED_RepublicaC_S1101_f544b3,,,,,
2026-09-12T23:31:14-05:00,PUR_IED_RepublicaC_S1102_7aafc7,PUR_IED_RepublicaC_S1102_7aafc7,,,,,
2026-09-12T23:31:14-05:00,PUR_IED_Ricaurte_Externo_a0ea1,PUR_IED_Ricaurte_Externo_a0ea1,,,,,
2026-09-12T23:31:14-05:00,PUR_IED_Ricaurte_S210_f546fd,PUR_IED_Ricaurte_S210_f546fd,,,,,
2026-09-12T23:31:14-05:00,PUR_IED_Ricaurte_S309_d4452,PUR_IED_Ricaurte_S309_d4452,,,,,
2026-09-12T23:31:14-05:00,PUR_IED_RogelioS_1102_531e69,PUR_IED_RogelioS_1102_531e69,,,,,
2026-09-12T23:31:14-05:00,PUR_IED_RogelioS_Ext_f25a18,PUR_IED_RogelioS_Ext_f25a18,,,,,
2026-09-12T23:31:14-05:00,PUR_IED_SBernardino_Ext_27aff8,PUR_IED_SBernardino_Ext_27aff8,,,,,
2026-09-12T23:31:14-05:00,PUR_IED_SBernardino_SArte_2ffd33,PUR_IED_SBernardino_SArte_2ffd33,,,,,
2026-09-12T23:31:14-05:00,PUR_IED_SBernardino_SIngl_7c7da5,PUR_IED_SBernardino_SIngl_7c7da5,,,,,
2026-09-12T23:31:14-05:00,PUR_IED_Sago_auditorio_dc9d1d,PUR_IED_Sago_auditorio_dc9d1d,,,,,
2026-09-12T23:31:14-05:00,PUR_IED_Saludcoop_Ext_95aac3,PUR_IED_Saludcoop_Ext_95aac3,,,,,
2026-09-12T23:31:14-05:00,PUR_IED_Saludcoop_InfI_90c854,PUR_IED_Saludcoop_InfI_90c854,,,,,
2026-09-12T23:31:14-05:00,PUR_IED_Saludcoop_SMedia_1b93be,PUR_IED_Saludcoop_SMedia_1b93be,,,,,
2026-09-12T23:31:14-05:00,PUR_IED_SanCarlos_1101_1a2360,PUR_IED_SanCarlos_1101_1a2360,,,,,
2026-09-12T23:31:14-05:00,PUR_IED_SanCarlos_1103_7bafb5,PUR_IED_SanCarlos_1103_7bafb5,,,,,
2026-09-12T23:31:14-05:00,PUR_IED_SanCarlos_Ext_b7cd1,PUR_IED_SanCarlos_Ext_b7cd1,,,,,
2026-09-12T23:31:14-05:00,PUR_IED_SanIgnacioBosa11a_50c26e,PUR_IED_SanIgnacioBosa11a_50c26e,,,,,
2026-09-12T23:31:14-05:00,PUR_IED_SanIgnacioBosa11b_371de8,PUR_IED_SanIgnacioBosa11b_371de8,,,,,
2026-09-12T23:31:14-05:00,PUR_IED_SanIgnacioBosaExt_ef0ffc,PUR_IED_SanIgnacioBosaExt_ef0ffc,,,,,
2026-09-12T23:31:14-05:00,PUR_IED_SanIgnacioBosa_11a_50c26e,PUR_IED_SanIgnacioBosa_11a_50c26e,,,,,
2026-09-12T23:31:14-05:00,PUR_IED_SanIgnacioBosa_Ext_ef0ffc,PUR_IED_SanIgnacioBosa_Ext_ef0ffc,,,,,
2026-09-12T23:31:14-05:00,PUR_IED_SanJoseN_intS1101_31c47f,PUR_IED_SanJoseN_intS1101_31c47f,,,,,
2026-09-12T23:31:14-05:00,PUR_IED_SanJoseUsm_Exter_f5d7e8,PUR_IED_SanJoseUsm_Exter_f5d7e8,,,,,
2026-09-12T23:31:14-05:00,PUR_IED_SanJoseUsm_Int11A_cfdef6,PUR_IED_SanJoseUsm_Int11A_cfdef6,,,,,
2026-09-12T23:31:14-05:00,PUR_IED_SilveriaR_IntB5_905349,PUR_IED_SilveriaR_IntB5_905349,,,,,
2026-09-12T23:31:14-05:00,PUR_IED_SilveriaR_IntSD14_981f93,PUR_IED_SilveriaR_IntSD14_981f93,,,,,
2026-09-12T23:31:14-05:00,PUR_IED_SilveriaR_ext_2b651d,PUR_IED_SilveriaR_ext_2b651d,,,,,
2026-09-12T23:31:14-05:00,PUR_IED_SimonB_Exterior_913975,PUR_IED_SimonB_Exterior_913975,,,,,
2026-09-12T23:31:14-05:00,PUR_IED_SimonB_LabQuimi_c56908,PUR_IED_SimonB_LabQuimi_c56908,,,,,
2026-09-12T23:31:14-05:00,PUR_IED_SimonB_informatic_a28c1,PUR_IED_SimonB_informatic_a28c1,,,,,
2026-09-12T23:31:14-05:00,PUR_IED_Sorrento_1102_315f50,PUR_IED_Sorrento_1102_315f50,,,,,
2026-09-12T23:31:14-05:00,PUR_IED_Sorrento_Minte_214eab,PUR_IED_Sorrento_Minte_214eab,,,,,
2026-09-12T23:31:14-05:00,PUR_IED_Sorrento_ext_7c3a0a,PUR_IED_Sorrento_ext_7c3a0a,,,,,
2026-09-12T23:31:14-05:00,PUR_IED_Tabora_Ext_f048ae,PUR_IED_Tabora_Ext_f048ae,,,,,
2026-09-12T23:31:14-05:00,PUR_IED_Tabora_S1102_b07752,PUR_IED_Tabora_S1102_b07752,,,,,
2026-09-12T23:31:14-05:00,PUR_IED_Tabora_S1103_d988f5,PUR_IED_Tabora_S1103_d988f5,,,,,
2026-09-12T23:31:14-05:00,PUR_IED_Tenerife_Ext_1ab188,PUR_IED_Tenerife_Ext_1ab188,,,,,
2026-09-12T23:31:14-05:00,PUR_IED_Tenerife_SDanzas_7bc02e,PUR_IED_Tenerife_SDanzas_7bc02e,,,,,
2026-09-12T23:31:14-05:00,PUR_IED_Tenerife_SIngles_7cc277,PUR_IED_Tenerife_SIngles_7cc277,,,,,
2026-09-12T23:31:14-05:00,PUR_IED_Tibabuyes_Exter_f2683d,PUR_IED_Tibabuyes_Exter_f2683d,,,,,
2026-09-12T23:31:14-05:00,PUR_IED_Tibabuyes_S10_dc87a8,PUR_IED_Tibabuyes_S10_dc87a8,,,,,
2026-09-12T23:31:14-05:00,PUR_IED_Tibabuyes_S15_dc0526,PUR_IED_Tibabuyes_S15_dc0526,,,,,
2026-09-12T23:31:14-05:00,PUR_IED_UnionE_S301_a1043,PUR_IED_UnionE_S301_a1043,,,,,
2026-09-12T23:31:14-05:00,PUR_IED_UnionE_S307_ff6c2f,PUR_IED_UnionE_S307_ff6c2f,,,,,
2026-09-12T23:31:14-05:00,PUR_IED_UnionE__Ext_5e2468,PUR_IED_UnionE__Ext_5e2468,,,,,
2026-09-12T23:31:14-05:00,PUR_IED_VillaRica_Ext_75be7c,PUR_IED_VillaRica_Ext_75be7c,,,,,
2026-09-12T23:31:14-05:00,PUR_IED_VillaRica_S4_cc5dcd,PUR_IED_VillaRica_S4_cc5dcd,,,,,
2026-09-12T23:31:14-05:00,PUR_IED_VillaRica_Sesp_99f5c,PUR_IED_VillaRica_Sesp_99f5c,,,,,
2026-09-12T23:36:06-05:00,PUR_IED_20deJulio_1101_91b1b9,PUR_IED_20deJulio_1101_91b1b9,,,,,
2026-09-12T23:36:06-05:00,PUR_IED_20deJulio_1102_1cfcf9,PUR_IED_20deJulio_1102_1cfcf9,,,,,
2026-09-12T23:36:06-05:00,PUR_IED_20deJulio_Ext_ab60bd,PUR_IED_20deJulio_Ext_ab60bd,,,,,
2026-09-12T23:36:06-05:00,PUR_IED_AgustinFer_Ext_7b9b77,PUR_IED_AgustinFer_Ext_7b9b77,,,,,
2026-09-12T23:36:06-05:00,PUR_IED_AgustinFer_Info2_27b3a7,PUR_IED_AgustinFer_Info2_27b3a7,,,,,
2026-09-12T23:36:06-05:00,PUR_IED_AgustinFer_Sena_54b4eb,PUR_IED_AgustinFer_Sena_54b4eb,,,,,
2026-09-12T23:36:06-05:00,PUR_IED_AlexanderF_1102_caf07b,PUR_IED_AlexanderF_1102_caf07b,,,,,
2026-09-12T23:36:06-05:00,PUR_IED_AlexanderF_1103_c79e71,PUR_IED_AlexanderF_1103_c79e71,,,,,
2026-09-12T23:36:06-05:00,PUR_IED_AlexanderF_Ext_c5b18b,PUR_IED_AlexanderF_Ext_c5b18b,,,,,
2026-09-12T23:36:06-05:00,PUR_IED_AlfonsoLopez_Ext_281d77,PUR_IED_AlfonsoLopez_Ext_281d77,,,,,
2026-09-12T23:36:06-05:00,PUR_IED_AlfonsoLopez_LabF_888ce0,PUR_IED_AlfonsoLopez_LabF_888ce0,,,,,
2026-09-12T23:36:06-05:00,PUR_IED_AlfonsoLopez_SMed_df6a7f,PUR_IED_AlfonsoLopez_SMed_df6a7f,,,,,
2026-09-12T23:36:06-05:00,PUR_IED_AltamiraSO_A2_209f92,PUR_IED_AltamiraSO_A2_209f92,,,,,
2026-09-12T23:36:06-05:00,PUR_IED_AltamiraSO_Ext_186d66,PUR_IED_AltamiraSO_Ext_186d66,,,,,
2026-09-12T23:36:06-05:00,PUR_IED_AltamiraSO_Sistem_27afe1,PUR_IED_AltamiraSO_Sistem_27afe1,,,,,
2026-09-12T23:36:06-05:00,PUR_IED_AlvaroGom_LabQuim_813179,PUR_IED_AlvaroGom_LabQuim_813179,,,,,
2026-09-12T23:36:06-05:00,PUR_IED_AlvaroGomez_Ext_47c7ca,PUR_IED_AlvaroGomez_Ext_47c7ca,,,,,
2026-09-12T23:36:06-05:00,PUR_IED_AlvaroGomez_LabQuim_813179,PUR_IED_AlvaroGomez_LabQuim_813179,,,,,
2026-09-12T23:36:06-05:00,PUR_IED_AlvaroGomez_S23_7ba89f,PUR_IED_AlvaroGomez_S23_7ba89f,,,,,
2026-09-12T23:36:06-05:00,PUR_IED_Amistad_306_dc8728,PUR_IED_Amistad_306_dc8728,,,,,
2026-09-12T23:36:06-05:00,PUR_IED_Amistad_Ext_8cd55e,PUR_IED_Amistad_Ext_8cd55e,,,,,
2026-09-12T23:36:06-05:00,PUR_IED_Amistad_S202_a41169,PUR_IED_Amistad_S202_a41169,,,,,
2026-09-12T23:36:06-05:00,PUR_IED_AndresBello_Bio_fd5f5e,PUR_IED_AndresBello_Bio_fd5f5e,,,,,
2026-09-12T23:36:06-05:00,PUR_IED_AndresBello_ext_dcad65,PUR_IED_AndresBello_ext_dcad65,,,,,
2026-09-12T23:36:06-05:00,PUR_IED_AndresBello_port_eed3ec,PUR_IED_AndresBello_port_eed3ec,,,,,
2026-09-12T23:36:06-05:00,PUR_IED_AngelaR_11b_d90a6b,PUR_IED_AngelaR_11b_d90a6b,,,,,
2026-09-12T23:36:06-05:00,PUR_IED_AngelaR_ext_7cad3e,PUR_IED_AngelaR_ext_7cad3e,9,18,64,4.5825,-74.164497
2026-09-12T23:36:06-05:00,PUR_IED_AntJoseSucre_10mo_df2575,PUR_IED_AntJoseSucre_10mo_df2575,,,,,
2026-09-12T23:36:06-05:00,PUR_IED_AntJoseSucre_Ext_215b36,PUR_IED_AntJoseSucre_Ext_215b36,,,,,
2026-09-12T23:36:06-05:00,PUR_IED_AntJoseSucre_Lab_3139de,PUR_IED_AntJoseSucre_Lab_3139de,,,,,
2026-09-12T23:36:06-05:00,PUR_IED_AntonioGarcia_301_d6b188,PUR_IED_AntonioGarcia_301_d6b188,,,,,
2026-09-12T23:36:06-05:00,PUR_IED_AntonioGarcia_302_88a82,PUR_IED_AntonioGarcia_302_88a82,,,,,
2026-09-12T23:36:06-05:00,PUR_IED_AntonioGarcia_Ext_20950c,PUR_IED_AntonioGarcia_Ext_20950c,,,,,
2026-09-12T23:36:06-05:00,PUR_IED_AntonioVan_Aula2_6dea02,PUR_IED_AntonioVan_Aula2_6dea02,,,,,
2026-09-12T23:36:06-05:00,PUR_IED_AntonioVan_Aula5_f1557e,PUR_IED_AntonioVan_Aula5_f1557e,,,,,
2026-09-12T23:36:06-05:00,PUR_IED_AntonioVan_Ext_406f2f,PUR_IED_AntonioVan_Ext_406f2f,,,,,
2026-09-12T23:36:06-05:00,PUR_IED_Atabanzha_Ext_cc5af9,PUR_IED_Atabanzha_Ext_cc5af9,,,,,
2026-09-12T23:36:06-05:00,PUR_IED_Atabanzha_SA101_56c37,PUR_IED_Atabanzha_SA101_56c37,,,,,
2026-09-12T23:36:06-05:00,PUR_IED_Atabanzha_SB302_27b374,PUR_IED_Atabanzha_SB302_27b374,,,,,
2026-09-12T23:36:06-05:00,PUR_IED_Atahualpa_Ext_fc1748,PUR_IED_Atahualpa_Ext_fc1748,,,,,
2026-09-12T23:36:06-05:00,PUR_IED_Atahualpa_Informa_dc9a95,PUR_IED_Atahualpa_Informa_dc9a95,,,,,
2026-09-12T23:36:06-05:00,PUR_IED_Atahualpa_S1101_f98056,PUR_IED_Atahualpa_S1101_f98056,,,,,
2026-09-12T23:36:06-05:00,PUR_IED_Bellavista_Ext_f5aa74,PUR_IED_Bellavista_Ext_f5aa74,,,,,
2026-09-12T23:36:06-05:00,PUR_IED_Bilbao_11A_916c41,PUR_IED_Bilbao_11A_916c41,,,,,
2026-09-12T23:36:06-05:00,PUR_IED_Bilbao_Ext_fb579a,PUR_IED_Bilbao_Ext_fb579a,,,,,
2026-09-12T23:36:06-05:00,PUR_IED_BrasiliaU_A125_304280,PUR_IED_BrasiliaU_A125_304280,,,,,
2026-09-12T23:36:06-05:00,PUR_IED_BrasiliaU_A203_7c8ca5,PUR_IED_BrasiliaU_A203_7c8ca5,,,,,
2026-09-12T23:36:06-05:00,PUR_IED_BrasiliaU_Ext_8d6e9f,PUR_IED_BrasiliaU_Ext_8d6e9f,4,17,62,4.5175,-74.116302
2026-09-12T23:36:06-05:00,PUR_IED_Brasilia_Ext_fe6593,PUR_IED_Brasilia_Ext_fe6593,,,,,
2026-09-12T23:36:06-05:00,PUR_IED_Brasilia_S24_7c130d,PUR_IED_Brasilia_S24_7c130d,,,,,
2026-09-12T23:36:06-05:00,PUR_IED_Brasilia_S501_186a54,PUR_IED_Brasilia_S501_186a54,,,,,
2026-09-12T23:36:06-05:00,PUR_IED_CHARRY_EXT_f1d5cd,PUR_IED_CHARRY_EXT_f1d5cd,,,,,
2026-09-12T23:36:06-05:00,PUR_IED_CHARRY_INTDANZAS_7a08e6,PUR_IED_CHARRY_INTDANZAS_7a08e6,,,,,
2026-09-12T23:36:06-05:00,PUR_IED_CHARRY_INT_AULA20_dc998d,PUR_IED_CHARRY_INT_AULA20_dc998d,,,,,
2026-09-12T23:36:06-05:00,PUR_IED_COLVIV_1101_S25_7f520a,PUR_IED_COLVIV_1101_S25_7f520a,,,,,
2026-09-12T23:36:06-05:00,PUR_IED_COLVIV_1102_S16_f570ba,PUR_IED_COLVIV_1102_S16_f570ba,,,,,
2026-09-12T23:36:06-05:00,PUR_IED_COLVIV_Ext_1a26fa,PUR_IED_COLVIV_Ext_1a26fa,,,,,
2026-09-12T23:36:06-05:00,PUR_IED_CULPOP_301A_f660f3,PUR_IED_CULPOP_301A_f660f3,,,,,
2026-09-12T23:36:06-05:00,PUR_IED_CULPOP_303_568afe,PUR_IED_CULPOP_303_568afe,,,,,
2026-09-12T23:36:06-05:00,PUR_IED_CULPOP_Ext_e02ccb,PUR_IED_CULPOP_Ext_e02ccb,,,,,
2026-09-12T23:36:06-05:00,PUR_IED_CVillavicen_Ext_26eb58,PUR_IED_CVillavicen_Ext_26eb58,3,15,79,4.487,-74.102798
2026-09-12T23:36:06-05:00,PUR_IED_CVillavicen_Intel_1ce5c2,PUR_IED_CVillavicen_Intel_1ce5c2,,,,,
2026-09-12T23:36:06-05:00,PUR_IED_CVillavicen_Poliv_e0766c,PUR_IED_CVillavicen_Poliv_e0766c,,,,,
2026-09-12T23:36:06-05:00,PUR_IED_CVillavicen_int_1ba140,PUR_IED_CVillavicen_int_1ba140,,,,,
2026-09-12T23:36:06-05:00,PUR_IED_CVillavicen_intel_1ba140,PUR_IED_CVillavicen_intel_1ba140,,,,,
2026-09-12T23:36:06-05:00,PUR_IED_CarlosPizarro_Ext_e307cc,PUR_IED_CarlosPizarro_Ext_e307cc,,,,,
2026-09-12T23:36:06-05:00,PUR_IED_CarlosPizarro_L36_7e5cdb,PUR_IED_CarlosPizarro_L36_7e5cdb,,,,,
2026-09-12T23:36:06-05:00,PUR_IED_CarlosPizarro_L37_c8566c,PUR_IED_CarlosPizarro_L37_c8566c,,,,,
2026-09-12T23:36:06-05:00,PUR_IED_Castilla_Ext_cf35f,PUR_IED_Castilla_Ext_cf35f,,,,,
2026-09-12T23:36:06-05:00,PUR_IED_Castilla_SFisik_360e38,PUR_IED_Castilla_SFisik_360e38,,,,,
2026-09-12T23:36:06-05:00,PUR_IED_Castilla_Sc304_496fbf,PUR_IED_Castilla_Sc304_496fbf,,,,,
2026-09-12T23:36:06-05:00,PUR_IED_CervantesSa_Ext_6b57b,PUR_IED_CervantesSa_Ext_6b57b,3,16,69,4.5128,-74.117203
2026-09-12T23:36:06-05:00,PUR_IED_CervantesSa_S107_225c2b,PUR_IED_CervantesSa_S107_225c2b,,,,,
2026-09-12T23:36:06-05:00,PUR_IED_CervantesSa_S108_940925,PUR_IED_CervantesSa_S108_940925,,,,,
2026-09-12T23:36:06-05:00,PUR_IED_Charry_A20_f53e7c,PUR_IED_Charry_A20_f53e7c,,,,,
2026-09-12T23:36:06-05:00,PUR_IED_Charry_Ext_f1d5cd,PUR_IED_Charry_Ext_f1d5cd,,,,,
2026-09-12T23:36:06-05:00,PUR_IED_Charry_IntAula20_dc998d,PUR_IED_Charry_IntAula20_dc998d,,,,,
2026-09-12T23:36:06-05:00,PUR_IED_Charry_IntDanzas_7a08e6,PUR_IED_Charry_IntDanzas_7a08e6,,,,,
2026-09-12T23:36:06-05:00,PUR_IED_ClememciaC_203_43e2fc,PUR_IED_ClememciaC_203_43e2fc,,,,,
2026-09-12T23:36:06-05:00,PUR_IED_ClememciaC_Ext_1b411a,PUR_IED_ClememciaC_Ext_1b411a,,,,,
2026-09-12T23:36:06-05:00,PUR_IED_ClememciaC_Quimic_44b5fc,PUR_IED_ClememciaC_Quimic_44b5fc,,,,,
2026-09-12T23:36:06-05:00,PUR_IED_ClemenciaC_203_43e2fc,PUR_IED_ClemenciaC_203_43e2fc,,,,,
2026-09-12T23:36:06-05:00,PUR_IED_ClemenciaC_Ext_1b411a,PUR_IED_ClemenciaC_Ext_1b411a,,,,,
2026-09-12T23:36:06-05:00,PUR_IED_ClemenciaC_Quimic_44b5fc,PUR_IED_ClemenciaC_Quimic_44b5fc,,,,,
2026-09-12T23:36:06-05:00,PUR_IED_ColViva_1101_S25_7f520a,PUR_IED_ColViva_1101_S25_7f520a,,,,,
2026-09-12T23:36:06-05:00,PUR_IED_ColViva_1102_S16_f570ba,PUR_IED_ColViva_1102_S16_f570ba,,,,,
2026-09-12T23:36:06-05:00,PUR_IED_ColViva_Ext_1a26fa,PUR_IED_ColViva_Ext_1a26fa,,,,,
2026-09-12T23:36:06-05:00,PUR_IED_ColegioBici_Asist_7c8798,PUR_IED_ColegioBici_Asist_7c8798,,,,,
2026-09-12T23:36:06-05:00,PUR_IED_ColegioBici_Ext_25cbf6,PUR_IED_ColegioBici_Ext_25cbf6,,,,,
2026-09-12T23:36:06-05:00,PUR_IED_ColegioBici_LabQ_7b57db,PUR_IED_ColegioBici_LabQ_7b57db,,,,,
2026-09-12T23:36:06-05:00,PUR_IED_CostaRica_Ext_5e640,PUR_IED_CostaRica_Ext_5e640,,,,,
2026-09-12T23:36:06-05:00,PUR_IED_CostaRica_Quim1_766d1c,PUR_IED_CostaRica_Quim1_766d1c,,,,,
2026-09-12T23:36:06-05:00,PUR_IED_CostaRica__Fisica_6f0873,PUR_IED_CostaRica__Fisica_6f0873,,,,,
2026-09-12T23:36:06-05:00,PUR_IED_CulPopu_301A_f660f3,PUR_IED_CulPopu_301A_f660f3,,,,,
2026-09-12T23:36:06-05:00,PUR_IED_CulPopu_303_568afe,PUR_IED_CulPopu_303_568afe,,,,,
2026-09-12T23:36:06-05:00,PUR_IED_CulPopu_Ext_e02ccb,PUR_IED_CulPopu_Ext_e02ccb,,,,,
2026-09-12T23:36:06-05:00,PUR_IED_Cundinamarca_Ext_f15985,PUR_IED_Cundinamarca_Ext_f15985,,,,,
2026-09-12T23:36:06-05:00,PUR_IED_Cundinamarca_Info_7aa5d7,PUR_IED_Cundinamarca_Info_7aa5d7,,,,,
2026-09-12T23:36:06-05:00,PUR_IED_Cundinamarca_Tec2_f449c7,PUR_IED_Cundinamarca_Tec2_f449c7,,,,,
2026-09-12T23:36:06-05:00,PUR_IED_DiegoM_Aula1_27b314,PUR_IED_DiegoM_Aula1_27b314,,,,,
2026-09-12T23:36:06-05:00,PUR_IED_DiegoM_Ext_d80ac8,PUR_IED_DiegoM_Ext_d80ac8,,,,,
2026-09-12T23:36:06-05:00,PUR_IED_DiegoM_S25_da928f,PUR_IED_DiegoM_S25_da928f,,,,,
2026-09-12T23:36:06-05:00,PUR_IED_ELRODEO_360881,PUR_IED_ELRODEO_360881,,,,,
2026-09-12T23:36:06-05:00,PUR_IED_ELRODEO_ext_360881,PUR_IED_ELRODEO_ext_360881,,,,,
2026-09-12T23:36:06-05:00,PUR_IED_EduardoU_Ext_1c1969,PUR_IED_EduardoU_Ext_1c1969,,,,,
2026-09-12T23:36:06-05:00,PUR_IED_EduardoU_SCiencia_4dfb94,PUR_IED_EduardoU_SCiencia_4dfb94,,,,,
2026-09-12T23:36:06-05:00,PUR_IED_EduardoU_SQuimica_5a46e7,PUR_IED_EduardoU_SQuimica_5a46e7,,,,,
2026-09-12T23:36:06-05:00,PUR_IED_ElRodeo_Aula14_676984,PUR_IED_ElRodeo_Aula14_676984,,,,,
2026-09-12T23:36:06-05:00,PUR_IED_ElRodeo_Aula16_2dd35b,PUR_IED_ElRodeo_Aula16_2dd35b,,,,,
2026-09-12T23:36:06-05:00,PUR_IED_ElRodeo_Ext_360881,PUR_IED_ElRodeo_Ext_360881,,,,,
2026-09-12T23:36:06-05:00,PUR_IED_ElRodeo_Exterior_8c6d28,PUR_IED_ElRodeo_Exterior_8c6d28,,,,,
2026-09-12T23:36:06-05:00,PUR_IED_ElRodeo_ext_360881,PUR_IED_ElRodeo_ext_360881,,,,,
2026-09-12T23:36:06-05:00,PUR_IED_EmmaReyes_Ext_987625,PUR_IED_EmmaReyes_Ext_987625,6,21,52,4.6367,-74.1511
2026-09-12T23:36:06-05:00,PUR_IED_Ensueño_Ext_7f0250,PUR_IED_Ensueño_Ext_7f0250,,,,,
2026-09-12T23:36:06-05:00,PUR_IED_EscNormal_Ext_5fef3b,PUR_IED_EscNormal_Ext_5fef3b,2,18,62,4.5852,-74.096901
2026-09-12T23:36:06-05:00,PUR_IED_EscNormal_S309_5b263,PUR_IED_EscNormal_S309_5b263,,,,,
2026-09-12T23:36:06-05:00,PUR_IED_EscNormal_S310_27b3b8,PUR_IED_EscNormal_S310_27b3b8,,,,,
2026-09-12T23:36:06-05:00,PUR_IED_Evangelista_Conta_f6cd4f,PUR_IED_Evangelista_Conta_f6cd4f,,,,,
2026-09-12T23:36:06-05:00,PUR_IED_Evangelista_Cri_5e16a,PUR_IED_Evangelista_Cri_5e16a,,,,,
2026-09-12T23:36:06-05:00,PUR_IED_Evangelista_Exter_754066,PUR_IED_Evangelista_Exter_754066,,,,,
2026-09-12T23:36:06-05:00,PUR_IED_FMiranda_S209_5cc2a3,PUR_IED_FMiranda_S209_5cc2a3,,,,,
2026-09-12T23:36:06-05:00,PUR_IED_FMiranda_S303_19e344,PUR_IED_FMiranda_S303_19e344,,,,,
2026-09-12T23:36:06-05:00,PUR_IED_FMiranda_ext_f53e7c,PUR_IED_FMiranda_ext_f53e7c,,,,,
2026-09-12T23:36:06-05:00,PUR_IED_FabioLozano_Bibli_1cee05,PUR_IED_FabioLozano_Bibli_1cee05,,,,,
2026-09-12T23:36:06-05:00,PUR_IED_FabioLozano_Ext_6ea285,PUR_IED_FabioLozano_Ext_6ea285,,,,,
2026-09-12T23:36:06-05:00,PUR_IED_FabioLozano_SLudi_f09e1e,PUR_IED_FabioLozano_SLudi_f09e1e,,,,,
2026-09-12T23:36:06-05:00,PUR_IED_FaustinoS_Aula07_27a731,PUR_IED_FaustinoS_Aula07_27a731,,,,,
2026-09-12T23:36:06-05:00,PUR_IED_FaustinoS_Ext_7b936f,PUR_IED_FaustinoS_Ext_7b936f,,,,,
2026-09-12T23:36:06-05:00,PUR_IED_FaustinoS_Fisica_da2c60,PUR_IED_FaustinoS_Fisica_da2c60,,,,,
2026-09-12T23:36:06-05:00,PUR_IED_FeGarciaLo_Ext_dc68ee,PUR_IED_FeGarciaLo_Ext_dc68ee,,,,,
2026-09-12T23:36:06-05:00,PUR_IED_FeGarciaLo_SDanza_f70a59,PUR_IED_FeGarciaLo_SDanza_f70a59,,,,,
2026-09-12T23:36:06-05:00,PUR_IED_FeGarciaLo_SMusic_125cdd,PUR_IED_FeGarciaLo_SMusic_125cdd,,,,,
2026-09-12T23:36:06-05:00,PUR_IED_FederalAlema_Exte_50c345,PUR_IED_FederalAlema_Exte_50c345,,,,,
2026-09-12T23:36:06-05:00,PUR_IED_FederalAlema_S31_f18371,PUR_IED_FederalAlema_S31_f18371,,,,,
2026-09-12T23:36:06-05:00,PUR_IED_FederalAlema_S901_a62cd,PUR_IED_FederalAlema_S901_a62cd,,,,,
2026-09-12T23:36:06-05:00,PUR_IED_FilarmonicaS_A5_f35eb1,PUR_IED_FilarmonicaS_A5_f35eb1,,,,,
2026-09-12T23:36:06-05:00,PUR_IED_FilarmonicaS_Ext_8a3bde,PUR_IED_FilarmonicaS_Ext_8a3bde,,,,,
2026-09-12T23:36:06-05:00,PUR_IED_FilarmonicaS_Spol_406114,PUR_IED_FilarmonicaS_Spol_406114,,,,,
2026-09-12T23:36:06-05:00,PUR_IED_FlorentinoG_A13_d1fa59,PUR_IED_FlorentinoG_A13_d1fa59,,,,,
2026-09-12T23:36:06-05:00,PUR_IED_FlorentinoG_Ext_1ce6ce,PUR_IED_FlorentinoG_Ext_1ce6ce,,,,,
2026-09-12T23:36:06-05:00,PUR_IED_FlorentinoG_Idiom_a66aac,PUR_IED_FlorentinoG_Idiom_a66aac,,,,,
2026-09-12T23:36:06-05:00,PUR_IED_FranciscoMati_Ext_e3869d,PUR_IED_FranciscoMati_Ext_e3869d,,,,,
2026-09-12T23:36:06-05:00,PUR_IED_FranciscoMati_S13_f31c67,PUR_IED_FranciscoMati_S13_f31c67,,,,,
2026-09-12T23:36:06-05:00,PUR_IED_FranciscoMati_S14_97dead,PUR_IED_FranciscoMati_S14_97dead,,,,,
2026-09-12T23:36:06-05:00,PUR_IED_FranciscoPS_Ext_7bfa9a,PUR_IED_FranciscoPS_Ext_7bfa9a,3,19,61,4.5899,-74.110397
2026-09-12T23:36:06-05:00,PUR_IED_FranciscoPS_Infor_fb8f4c,PUR_IED_FranciscoPS_Infor_fb8f4c,,,,,
2026-09-12T23:36:06-05:00,PUR_IED_FranciscoPS_Quimi_94d39c,PUR_IED_FranciscoPS_Quimi_94d39c,,,,,
2026-09-12T23:36:06-05:00,PUR_IED_FranciscoP_LabQ_d7e148,PUR_IED_FranciscoP_LabQ_d7e148,,,,,
2026-09-12T23:36:06-05:00,PUR_IED_FranciscoP_S28_cf9b30,PUR_IED_FranciscoP_S28_cf9b30,,,,,
2026-09-12T23:36:06-05:00,PUR_IED_FranciscoP_ext_e2313,PUR_IED_FranciscoP_ext_e2313,,,,,
2026-09-12T23:36:06-05:00,PUR_IED_FriederichN_Ext_8ac92a,PUR_IED_FriederichN_Ext_8ac92a,,,,,
2026-09-12T23:36:06-05:00,PUR_IED_FriederichN_S301_dd7e5a,PUR_IED_FriederichN_S301_dd7e5a,,,,,
2026-09-12T23:36:06-05:00,PUR_IED_FriederichN_S308_761f4f,PUR_IED_FriederichN_S308_761f4f,,,,,
2026-09-12T23:36:06-05:00,PUR_IED_GSantander_Aula10_533dd7,PUR_IED_GSantander_Aula10_533dd7,,,,,
2026-09-12T23:36:06-05:00,PUR_IED_GSantander_Aula12_fd4e4f,PUR_IED_GSantander_Aula12_fd4e4f,,,,,
2026-09-12T23:36:06-05:00,PUR_IED_GSantander_Aula310_533dd7,PUR_IED_GSantander_Aula310_533dd7,,,,,
2026-09-12T23:36:06-05:00,PUR_IED_GSantander_Aula312_fd4e4f,PUR_IED_GSantander_Aula312_fd4e4f,,,,,
2026-09-12T23:36:06-05:00,PUR_IED_GSantander_Ext_5f66b0,PUR_IED_GSantander_Ext_5f66b0,,,,,
2026-09-12T23:36:06-05:00,PUR_IED_GYomasa_Ext_f6bea5,PUR_IED_GYomasa_Ext_f6bea5,,,,,
2026-09-12T23:36:06-05:00,PUR_IED_GYomasa_LBiol_2c41aa,PUR_IED_GYomasa_LBiol_2c41aa,,,,,
2026-09-12T23:36:06-05:00,PUR_IED_GYomasa_LQuim_33c80,PUR_IED_GYomasa_LQuim_33c80,,,,,
2026-09-12T23:36:06-05:00,PUR_IED_GabBetMejia_Cienc_5a99c,PUR_IED_GabBetMejia_Cienc_5a99c,,,,,
2026-09-12T23:36:06-05:00,PUR_IED_GabBetMejia_Ext_9153d0,PUR_IED_GabBetMejia_Ext_9153d0,,,,,
2026-09-12T23:36:06-05:00,PUR_IED_GabBetMejia_Lab_f55347,PUR_IED_GabBetMejia_Lab_f55347,,,,,
2026-09-12T23:36:06-05:00,PUR_IED_GabBetanMejia_Ext_9153d0,PUR_IED_GabBetanMejia_Ext_9153d0,,,,,
2026-09-12T23:36:06-05:00,PUR_IED_Gaitana_Aula13_7aac11,PUR_IED_Gaitana_Aula13_7aac11,,,,,
2026-09-12T23:36:06-05:00,PUR_IED_Gaitana_Ext_5fcf4,PUR_IED_Gaitana_Ext_5fcf4,,,,,
2026-09-12T23:36:06-05:00,PUR_IED_Gaitana_LabFisica_644448,PUR_IED_Gaitana_LabFisica_644448,,,,,
2026-09-12T23:36:06-05:00,PUR_IED_GenSantander_Dise_8ac858,PUR_IED_GenSantander_Dise_8ac858,,,,,
2026-09-12T23:36:06-05:00,PUR_IED_GenSantander_Ext_8d5dfe,PUR_IED_GenSantander_Ext_8d5dfe,,,,,
2026-09-12T23:36:06-05:00,PUR_IED_GenSantander_Info_6c25b,PUR_IED_GenSantander_Info_6c25b,,,,,
2026-09-12T23:36:06-05:00,PUR_IED_GustavoMo_Exterio_75e63d,PUR_IED_GustavoMo_Exterio_75e63d,,,,,
2026-09-12T23:36:06-05:00,PUR_IED_GustavoMo_LabFisi_224d37,PUR_IED_GustavoMo_LabFisi_224d37,,,,,
2026-09-12T23:36:06-05:00,PUR_IED_GustavoMo_S208_3e6918,PUR_IED_GustavoMo_S208_3e6918,,,,,
2026-09-12T23:36:06-05:00,PUR_IED_GustavoR_A02_8cd4a8,PUR_IED_GustavoR_A02_8cd4a8,,,,,
2026-09-12T23:36:06-05:00,PUR_IED_GustavoR_B11_5b0ed,PUR_IED_GustavoR_B11_5b0ed,,,,,
2026-09-12T23:36:06-05:00,PUR_IED_GustavoR_Ext_7a0c90,PUR_IED_GustavoR_Ext_7a0c90,,,,,
2026-09-12T23:36:06-05:00,PUR_IED_HernandoDuran_Ext_8cd82b,PUR_IED_HernandoDuran_Ext_8cd82b,,,,,
2026-09-12T23:36:06-05:00,PUR_IED_HernandoDuran_S24_2772c6,PUR_IED_HernandoDuran_S24_2772c6,,,,,
2026-09-12T23:36:06-05:00,PUR_IED_HernandoDuran_S30_f2de41,PUR_IED_HernandoDuran_S30_f2de41,,,,,
2026-09-12T23:36:06-05:00,PUR_IED_HolguInUr_S1101_8cd732,PUR_IED_HolguInUr_S1101_8cd732,,,,,
2026-09-12T23:36:06-05:00,PUR_IED_HolguinUr_Exter_ddae6d,PUR_IED_HolguinUr_Exter_ddae6d,,,,,
2026-09-12T23:36:06-05:00,PUR_IED_HolguinUr_LabQuim_92b952,PUR_IED_HolguinUr_LabQuim_92b952,,,,,
2026-09-12T23:36:06-05:00,PUR_IED_Isabel-II_Ext_5245cc,PUR_IED_Isabel-II_Ext_5245cc,3,19,58,4.6336,-74.153
2026-09-12T23:36:06-05:00,PUR_IED_Isabel-II_S_idiom_1c29aa,PUR_IED_Isabel-II_S_idiom_1c29aa,,,,,
2026-09-12T23:36:06-05:00,PUR_IED_Isabel-II_S_infor_fd741,PUR_IED_Isabel-II_S_infor_fd741,,,,,
2026-09-12T23:36:06-05:00,PUR_IED_IsidroSur_Exterio_5b90ea,PUR_IED_IsidroSur_Exterio_5b90ea,,,,,
2026-09-12T23:36:06-05:00,PUR_IED_IsidroSur_LabTec_56697a,PUR_IED_IsidroSur_LabTec_56697a,,,,,
2026-09-12T23:36:06-05:00,PUR_IED_IsidroSur_Robotic_b7c38f,PUR_IED_IsidroSur_Robotic_b7c38f,,,,,
2026-09-12T23:36:06-05:00,PUR_IED_IsmaelPerd_Ext_7b6672,PUR_IED_IsmaelPerd_Ext_7b6672,,,,,
2026-09-12T23:36:06-05:00,PUR_IED_IsmaelPerd_Inform_306540,PUR_IED_IsmaelPerd_Inform_306540,,,,,
2026-09-12T23:36:06-05:00,PUR_IED_IsmaelPerd_S30_2e2c83,PUR_IED_IsmaelPerd_S30_2e2c83,,,,,
2026-09-12T23:36:06-05:00,PUR_IED_JLozano_Exter_432910,PUR_IED_JLozano_Exter_432910,,,,,
2026-09-12T23:36:06-05:00,PUR_IED_JLozano_salaMulti_df5125,PUR_IED_JLozano_salaMulti_df5125,,,,,
2026-09-12T23:36:06-05:00,PUR_IED_JMCordoba_206_86f80b,PUR_IED_JMCordoba_206_86f80b,,,,,
2026-09-12T23:36:06-05:00,PUR_IED_JMCordoba_Ext_27ad97,PUR_IED_JMCordoba_Ext_27ad97,,,,,
2026-09-12T23:36:06-05:00,PUR_IED_JMCordoba_S310_d59ab4,PUR_IED_JMCordoba_S310_d59ab4,,,,,
2026-09-12T23:36:06-05:00,PUR_IED_Japon_Ext_549100,PUR_IED_Japon_Ext_549100,,,,,
2026-09-12T23:36:06-05:00,PUR_IED_Japon_Laboratorio_bec51d,PUR_IED_Japon_Laboratorio_bec51d,,,,,
2026-09-12T23:36:06-05:00,PUR_IED_Japon_informatica_d99327,PUR_IED_Japon_informatica_d99327,,,,,
2026-09-12T23:36:06-05:00,PUR_IED_Jazmin_Ext_d27bda,PUR_IED_Jazmin_Ext_d27bda,,,,,
2026-09-12T23:36:06-05:00,PUR_IED_Jazmin_Fisica_8d14d7,PUR_IED_Jazmin_Fisica_8d14d7,,,,,
2026-09-12T23:36:06-05:00,PUR_IED_Jazmin_Quimica_801cb5,PUR_IED_Jazmin_Quimica_801cb5,,,,,
2026-09-12T23:36:06-05:00,PUR_IED_JorgeGaitan_Exter_f098d1,PUR_IED_JorgeGaitan_Exter_f098d1,,,,,
2026-09-12T23:36:06-05:00,PUR_IED_JorgeGaitan_STec1_dc9d1d,PUR_IED_JorgeGaitan_STec1_dc9d1d,,,,,
2026-09-12T23:36:06-05:00,PUR_IED_JorgeGaitan_STec2_281e69,PUR_IED_JorgeGaitan_STec2_281e69,,,,,
2026-09-12T23:36:06-05:00,PUR_IED_JorgeSoto_Exterio_d9d0a2,PUR_IED_JorgeSoto_Exterio_d9d0a2,,,,,
2026-09-12T23:36:06-05:00,PUR_IED_JorgeSoto_LabFisi_209c54,PUR_IED_JorgeSoto_LabFisi_209c54,,,,,
2026-09-12T23:36:06-05:00,PUR_IED_JorgeSoto_S103_27b51a,PUR_IED_JorgeSoto_S103_27b51a,,,,,
2026-09-12T23:36:06-05:00,PUR_IED_JoseAcevedo_A02_e965eb,PUR_IED_JoseAcevedo_A02_e965eb,,,,,
2026-09-12T23:36:06-05:00,PUR_IED_JoseAcevedo_A07_dd5b4,PUR_IED_JoseAcevedo_A07_dd5b4,,,,,
2026-09-12T23:36:06-05:00,PUR_IED_JoseAcevedo_Ext_b47484,PUR_IED_JoseAcevedo_Ext_b47484,,,,,
2026-09-12T23:36:06-05:00,PUR_IED_JoseMarti_Exte_5b9bf,PUR_IED_JoseMarti_Exte_5b9bf,,,,,
2026-09-12T23:36:06-05:00,PUR_IED_JoseMarti_LabQuim_1c6c2d,PUR_IED_JoseMarti_LabQuim_1c6c2d,,,,,
2026-09-12T23:36:06-05:00,PUR_IED_JoseMarti_S_info_f5f177,PUR_IED_JoseMarti_S_info_f5f177,,,,,
2026-09-12T23:36:06-05:00,PUR_IED_Josejoaquin_Ext_dfc5dc,PUR_IED_Josejoaquin_Ext_dfc5dc,,,,,
2026-09-12T23:36:06-05:00,PUR_IED_Josejoaquin_S05_5b2a96,PUR_IED_Josejoaquin_S05_5b2a96,,,,,
2026-09-12T23:36:06-05:00,PUR_IED_Josejoaquin_S06_1ce7d2,PUR_IED_Josejoaquin_S06_1ce7d2,,,,,
2026-09-12T23:36:06-05:00,PUR_IED_JulioFlorez_Danza_9b82dd,PUR_IED_JulioFlorez_Danza_9b82dd,,,,,
2026-09-12T23:36:06-05:00,PUR_IED_JulioFlorez_Exter_f9f314,PUR_IED_JulioFlorez_Exter_f9f314,,,,,
2026-09-12T23:36:06-05:00,PUR_IED_JulioFlorez_info2_6b6e08,PUR_IED_JulioFlorez_info2_6b6e08,,,,,
2026-09-12T23:36:06-05:00,PUR_IED_LaBelleza_Aula13_1d00d8,PUR_IED_LaBelleza_Aula13_1d00d8,,,,,
2026-09-12T23:36:06-05:00,PUR_IED_LaBelleza_Ext_7bc08c,PUR_IED_LaBelleza_Ext_7bc08c,,,,,
2026-09-12T23:36:06-05:00,PUR_IED_LaChucua_Ext_8cd6d2,PUR_IED_LaChucua_Ext_8cd6d2,,,,,
2026-09-12T23:36:06-05:00,PUR_IED_LaChucua_S15_f578ce,PUR_IED_LaChucua_S15_f578ce,,,,,
2026-09-12T23:36:06-05:00,PUR_IED_LaChucua_S16_eebcf9,PUR_IED_LaChucua_S16_eebcf9,,,,,
2026-09-12T23:36:06-05:00,PUR_IED_LaFelicidad_Ext_fb5109,PUR_IED_LaFelicidad_Ext_fb5109,,,,,
2026-09-12T23:36:06-05:00,PUR_IED_LaMerced_206_66ebd,PUR_IED_LaMerced_206_66ebd,,,,,
2026-09-12T23:36:06-05:00,PUR_IED_LaMerced_207_6ebd6,PUR_IED_LaMerced_207_6ebd6,,,,,
2026-09-12T23:36:06-05:00,PUR_IED_LaMerced_ext_304311,PUR_IED_LaMerced_ext_304311,,,,,
2026-09-12T23:36:06-05:00,PUR_IED_Laureano_CiencNat_281e5e,PUR_IED_Laureano_CiencNat_281e5e,,,,,
2026-09-12T23:36:06-05:00,PUR_IED_Laureano_Comedor_f65c0a,PUR_IED_Laureano_Comedor_f65c0a,,,,,
2026-09-12T23:36:06-05:00,PUR_IED_Laureano_Exterior_7ab011,PUR_IED_Laureano_Exterior_7ab011,,,,,
2026-09-12T23:36:06-05:00,PUR_IED_LeonGreiff_Exte_dfe560,PUR_IED_LeonGreiff_Exte_dfe560,,,,,
2026-09-12T23:36:06-05:00,PUR_IED_LeonGreiff_S210_f264ed,PUR_IED_LeonGreiff_S210_f264ed,,,,,
2026-09-12T23:36:06-05:00,PUR_IED_LeonGreiff_SQuimi_e8296f,PUR_IED_LeonGreiff_SQuimi_e8296f,,,,,
2026-09-12T23:36:06-05:00,PUR_IED_LlanoOrientalS208_7b9fcd,PUR_IED_LlanoOrientalS208_7b9fcd,,,,,
2026-09-12T23:36:06-05:00,PUR_IED_LlanoOriental_Ext_fb3766,PUR_IED_LlanoOriental_Ext_fb3766,,,,,
2026-09-12T23:36:06-05:00,PUR_IED_LlanoOriental_S208_7b9fcd,PUR_IED_LlanoOriental_S208_7b9fcd,,,,,
2026-09-12T23:36:06-05:00,PUR_IED_LlanoOriental_S9_27b378,PUR_IED_LlanoOriental_S9_27b378,,,,,
2026-09-12T23:36:06-05:00,PUR_IED_LosTejares_1101_477602,PUR_IED_LosTejares_1101_477602,,,,,
2026-09-12T23:36:06-05:00,PUR_IED_LosTejares_11_d2c595,PUR_IED_LosTejares_11_d2c595,,,,,
2026-09-12T23:36:06-05:00,PUR_IED_LosTejares_12_477602,PUR_IED_LosTejares_12_477602,,,,,
2026-09-12T23:36:06-05:00,PUR_IED_LosTejares_Ext_8e2115,PUR_IED_LosTejares_Ext_8e2115,,,,,
2026-09-12T23:36:06-05:00,PUR_IED_MagdalenaO_B202_5ddda3,PUR_IED_MagdalenaO_B202_5ddda3,,,,,
2026-09-12T23:36:06-05:00,PUR_IED_MagdalenaO_B205_fb76e8,PUR_IED_MagdalenaO_B205_fb76e8,,,,,
2026-09-12T23:36:06-05:00,PUR_IED_MagdalenaO_ext_dc69cd,PUR_IED_MagdalenaO_ext_dc69cd,,,,,
2026-09-12T23:36:06-05:00,PUR_IED_ManueCepeda_artes_eee956,PUR_IED_ManueCepeda_artes_eee956,,,,,
2026-09-12T23:36:06-05:00,PUR_IED_ManuelCepeda_Ext_58313,PUR_IED_ManuelCepeda_Ext_58313,,,,,
2026-09-12T23:36:06-05:00,PUR_IED_ManuelCepeda_tec_1c5731,PUR_IED_ManuelCepeda_tec_1c5731,,,,,
2026-09-12T23:36:06-05:00,PUR_IED_ManuelS_Exterior_5b269,PUR_IED_ManuelS_Exterior_5b269,,,,,
2026-09-12T23:36:06-05:00,PUR_IED_ManuelS_Inform_f369ce,PUR_IED_ManuelS_Inform_f369ce,,,,,
2026-09-12T23:36:06-05:00,PUR_IED_ManuelS_SArtes_7d15f1,PUR_IED_ManuelS_SArtes_7d15f1,,,,,
2026-09-12T23:36:06-05:00,PUR_IED_ManuelZapata_303_3ca6,PUR_IED_ManuelZapata_303_3ca6,,,,,
2026-09-12T23:36:06-05:00,PUR_IED_ManuelZapata_311_bfbabc,PUR_IED_ManuelZapata_311_bfbabc,,,,,
2026-09-12T23:36:06-05:00,PUR_IED_ManuelZapata_Ext_50824a,PUR_IED_ManuelZapata_Ext_50824a,,,,,
2026-09-12T23:36:06-05:00,PUR_IED_ManuelitaS_Exteri_656a92,PUR_IED_ManuelitaS_Exteri_656a92,,,,,
2026-09-12T23:36:06-05:00,PUR_IED_ManuelitaS_JuzgDe_f58ec3,PUR_IED_ManuelitaS_JuzgDe_f58ec3,,,,,
2026-09-12T23:36:06-05:00,PUR_IED_ManuelitaS_Recrea_d793db,PUR_IED_ManuelitaS_Recrea_d793db,,,,,
2026-09-12T23:36:06-05:00,PUR_IED_MarFidSuarez_Ext_c27b19,PUR_IED_MarFidSuarez_Ext_c27b19,,,,,
2026-09-12T23:36:06-05:00,PUR_IED_MarFidSuarez_Info_e384d7,PUR_IED_MarFidSuarez_Info_e384d7,,,,,
2026-09-12T23:36:06-05:00,PUR_IED_MarFidSuarez_S306_1d0032,PUR_IED_MarFidSuarez_S306_1d0032,,,,,
2026-09-12T23:36:06-05:00,PUR_IED_Menorah_301_2a25a3,PUR_IED_Menorah_301_2a25a3,,,,,
2026-09-12T23:36:06-05:00,PUR_IED_Menorah_306_37ed3,PUR_IED_Menorah_306_37ed3,,,,,
2026-09-12T23:36:06-05:00,PUR_IED_Menorah_Ext_3e155b,PUR_IED_Menorah_Ext_3e155b,,,,,
2026-09-12T23:36:06-05:00,PUR_IED_MinutoB.Aires_A11_1b1604,PUR_IED_MinutoB.Aires_A11_1b1604,,,,,
2026-09-12T23:36:06-05:00,PUR_IED_MinutoB.Aires_A12_fb5860,PUR_IED_MinutoB.Aires_A12_fb5860,,,,,
2026-09-12T23:36:06-05:00,PUR_IED_MinutoB.Aires_Ext_81293f,PUR_IED_MinutoB.Aires_Ext_81293f,,,,,
2026-09-12T23:36:06-05:00,PUR_IED_MinutoBAires_A11_1b1604,PUR_IED_MinutoBAires_A11_1b1604,,,,,
2026-09-12T23:36:06-05:00,PUR_IED_MinutoBAires_A12_fb5860,PUR_IED_MinutoBAires_A12_fb5860,,,,,
2026-09-12T23:36:06-05:00,PUR_IED_MinutoBAires_Ext_81293f,PUR_IED_MinutoBAires_Ext_81293f,,,,,
2026-09-12T23:36:06-05:00,PUR_IED_Montreal_Aula10_1e4959,PUR_IED_Montreal_Aula10_1e4959,,,,,
2026-09-12T23:36:06-05:00,PUR_IED_Montreal_Aula6_300367,PUR_IED_Montreal_Aula6_300367,,,,,
2026-09-12T23:36:06-05:00,PUR_IED_Montreal_Exterior_91a179,PUR_IED_Montreal_Exterior_91a179,,,,,
2026-09-12T23:36:06-05:00,PUR_IED_Mqgdalena_B202_5ddda3,PUR_IED_Mqgdalena_B202_5ddda3,,,,,
2026-09-12T23:36:06-05:00,PUR_IED_NACUND_Soc_dc8728,PUR_IED_NACUND_Soc_dc8728,,,,,
2026-09-12T23:36:06-05:00,PUR_IED_NACUND_ext_27ad97,PUR_IED_NACUND_ext_27ad97,,,,,
2026-09-12T23:36:06-05:00,PUR_IED_NEsperanza_Ext_d24b61,PUR_IED_NEsperanza_Ext_d24b61,,,,,
2026-09-12T23:36:06-05:00,PUR_IED_NEsperanza_SElect_7d1807,PUR_IED_NEsperanza_SElect_7d1807,,,,,
2026-09-12T23:36:06-05:00,PUR_IED_NEsperanza_SLabor_8b2d0a,PUR_IED_NEsperanza_SLabor_8b2d0a,,,,,
2026-09-12T23:36:06-05:00,PUR_IED_NacionesU_Ext_f661a9,PUR_IED_NacionesU_Ext_f661a9,,,,,
2026-09-12T23:36:06-05:00,PUR_IED_NacionesU_Quimica_66f0a,PUR_IED_NacionesU_Quimica_66f0a,,,,,
2026-09-12T23:36:06-05:00,PUR_IED_NacionesU_S306_1b4b3d,PUR_IED_NacionesU_S306_1b4b3d,,,,,
2026-09-12T23:36:06-05:00,PUR_IED_NestorFA_Ext_e4201c,PUR_IED_NestorFA_Ext_e4201c,,,,,
2026-09-12T23:36:06-05:00,PUR_IED_NestorFA_Laborato_f22fe0,PUR_IED_NestorFA_Laborato_f22fe0,,,,,
2026-09-12T23:36:06-05:00,PUR_IED_NestorFA_S204_dee996,PUR_IED_NestorFA_S204_dee996,,,,,
2026-09-12T23:36:06-05:00,PUR_IED_NidyaQT_Aula03_76999b,PUR_IED_NidyaQT_Aula03_76999b,,,,,
2026-09-12T23:36:06-05:00,PUR_IED_NidyaQT_Aula10_56325,PUR_IED_NidyaQT_Aula10_56325,,,,,
2026-09-12T23:36:06-05:00,PUR_IED_NidyaQT_Ext_46e32d,PUR_IED_NidyaQT_Ext_46e32d,,,,,
2026-09-12T23:36:06-05:00,PUR_IED_NuevaCol_Exterior_d9b859,PUR_IED_NuevaCol_Exterior_d9b859,,,,,
2026-09-12T23:36:06-05:00,PUR_IED_NuevaCol_S1101_76c43b,PUR_IED_NuevaCol_S1101_76c43b,,,,,
2026-09-12T23:36:06-05:00,PUR_IED_NuevaCol_S1102_1ce0b5,PUR_IED_NuevaCol_S1102_1ce0b5,,,,,
2026-09-12T23:36:06-05:00,PUR_IED_OEA_A202_f7e3f2,PUR_IED_OEA_A202_f7e3f2,,,,,
2026-09-12T23:36:06-05:00,PUR_IED_OEA_A203_7d1b8d,PUR_IED_OEA_A203_7d1b8d,,,,,
2026-09-12T23:36:06-05:00,PUR_IED_OEA_Ext_27b593,PUR_IED_OEA_Ext_27b593,,,,,
2026-09-12T23:36:06-05:00,PUR_IED_Ochoa_Ext_1c29da,PUR_IED_Ochoa_Ext_1c29da,,,,,
2026-09-12T23:36:06-05:00,PUR_IED_Ochoa_S205_8b1121,PUR_IED_Ochoa_S205_8b1121,,,,,
2026-09-12T23:36:06-05:00,PUR_IED_Ochoa_Sistemas_f33af6,PUR_IED_Ochoa_Sistemas_f33af6,,,,,
2026-09-12T23:36:06-05:00,PUR_IED_PQuebec_Ext_1c67c7,PUR_IED_PQuebec_Ext_1c67c7,,,,,
2026-09-12T23:36:06-05:00,PUR_IED_PQuebec_S15_23e8e2,PUR_IED_PQuebec_S15_23e8e2,,,,,
2026-09-12T23:36:06-05:00,PUR_IED_PQuebec_S16_8ec76b,PUR_IED_PQuebec_S16_8ec76b,,,,,
2026-09-12T23:36:06-05:00,PUR_IED_PabloN_Ext_49dc96,PUR_IED_PabloN_Ext_49dc96,,,,,
2026-09-12T23:36:06-05:00,PUR_IED_PabloN_S1102_4e3df5,PUR_IED_PabloN_S1102_4e3df5,,,,,
2026-09-12T23:36:06-05:00,PUR_IED_PabloN_S1103_50c94b,PUR_IED_PabloN_S1103_50c94b,,,,,
2026-09-12T23:36:06-05:00,PUR_IED_Palestina_S1101_db9198,PUR_IED_Palestina_S1101_db9198,,,,,
2026-09-12T23:36:06-05:00,PUR_IED_Palestina_S1102_dc54fa,PUR_IED_Palestina_S1102_dc54fa,,,,,
2026-09-12T23:36:06-05:00,PUR_IED_Palestina_ext_4ccce6,PUR_IED_Palestina_ext_4ccce6,,,,,
2026-09-12T23:36:06-05:00,PUR_IED_Panama_Fisica_4d0794,PUR_IED_Panama_Fisica_4d0794,,,,,
2026-09-12T23:36:06-05:00,PUR_IED_Panama_SIngles_a4077e,PUR_IED_Panama_SIngles_a4077e,,,,,
2026-09-12T23:36:06-05:00,PUR_IED_Panama_ext_4c54b4,PUR_IED_Panama_ext_4c54b4,,,,,
2026-09-12T23:36:06-05:00,PUR_IED_ParaisoM_Exterior_8cd7f0,PUR_IED_ParaisoM_Exterior_8cd7f0,,,,,
2026-09-12T23:36:06-05:00,PUR_IED_ParaisoM_Laborato_27af35,PUR_IED_ParaisoM_Laborato_27af35,,,,,
2026-09-12T23:36:06-05:00,PUR_IED_ParaisoM_S304_d1edca,PUR_IED_ParaisoM_S304_d1edca,,,,,
2026-09-12T23:36:06-05:00,PUR_IED_PorfirioBarba_Ext_301466,PUR_IED_PorfirioBarba_Ext_301466,,,,,
2026-09-12T23:36:06-05:00,PUR_IED_PorfirioBarba_S11_df6cd2,PUR_IED_PorfirioBarba_S11_df6cd2,,,,,
2026-09-12T23:36:06-05:00,PUR_IED_PorfirioBarba_S29_27a7d6,PUR_IED_PorfirioBarba_S29_27a7d6,,,,,
2026-09-12T23:36:06-05:00,PUR_IED_PradoV_Exter_8b27ad,PUR_IED_PradoV_Exter_8b27ad,,,,,
2026-09-12T23:36:06-05:00,PUR_IED_PradoV_S301_de65b5,PUR_IED_PradoV_S301_de65b5,,,,,
2026-09-12T23:36:06-05:00,PUR_IED_PradoV_S302_7d2593,PUR_IED_PradoV_S302_7d2593,,,,,
2026-09-12T23:36:06-05:00,PUR_IED_QuirogaAlz_Ext_1ddc82,PUR_IED_QuirogaAlz_Ext_1ddc82,,,,,
2026-09-12T23:36:06-05:00,PUR_IED_QuirogaAlz_S302_9926a3,PUR_IED_QuirogaAlz_S302_9926a3,,,,,
2026-09-12T23:36:06-05:00,PUR_IED_QuirogaAlz_S305_cdf1f1,PUR_IED_QuirogaAlz_S305_cdf1f1,,,,,
2026-09-12T23:36:06-05:00,PUR_IED_RGuatemala_Biling_dc53b7,PUR_IED_RGuatemala_Biling_dc53b7,,,,,
2026-09-12T23:36:06-05:00,PUR_IED_RGuatemala_Ext_1b89a3,PUR_IED_RGuatemala_Ext_1b89a3,,,,,
2026-09-12T23:36:06-05:00,PUR_IED_RGuatemala_Tecnol_281a34,PUR_IED_RGuatemala_Tecnol_281a34,,,,,
2026-09-12T23:36:06-05:00,PUR_IED_RafaNu_Ext_f7c302,PUR_IED_RafaNu_Ext_f7c302,,,,,
2026-09-12T23:36:06-05:00,PUR_IED_RafaNu_S1101_25fde,PUR_IED_RafaNu_S1101_25fde,,,,,
2026-09-12T23:36:06-05:00,PUR_IED_RafaNu_S1102_281517,PUR_IED_RafaNu_S1102_281517,,,,,
2026-09-12T23:36:06-05:00,PUR_IED_RafaelB_S305_ee2783,PUR_IED_RafaelB_S305_ee2783,,,,,
2026-09-12T23:36:06-05:00,PUR_IED_RafaelB_S306_75fe33,PUR_IED_RafaelB_S306_75fe33,,,,,
2026-09-12T23:36:06-05:00,PUR_IED_RafaelB_ext_283336,PUR_IED_RafaelB_ext_283336,6,19,59,4.6722,-74.0737
2026-09-12T23:36:06-05:00,PUR_IED_RafaelUU_Exterior_281a51,PUR_IED_RafaelUU_Exterior_281a51,,,,,
2026-09-12T23:36:06-05:00,PUR_IED_RafaelUU_Human_806b2,PUR_IED_RafaelUU_Human_806b2,,,,,
2026-09-12T23:36:06-05:00,PUR_IED_RafaelUU_Mate2_5680d4,PUR_IED_RafaelUU_Mate2_5680d4,,,,,
2026-09-12T23:36:06-05:00,PUR_IED_RamonSub_Ext_f9eeb9,PUR_IED_RamonSub_Ext_f9eeb9,,,,,
2026-09-12T23:36:06-05:00,PUR_IED_RamonSub_Media_d1f62f,PUR_IED_RamonSub_Media_d1f62f,,,,,
2026-09-12T23:36:06-05:00,PUR_IED_RamonSub_planta_51b82,PUR_IED_RamonSub_planta_51b82,,,,,
2026-09-12T23:36:06-05:00,PUR_IED_RepBoliVene_Exter_27af7c,PUR_IED_RepBoliVene_Exter_27af7c,,,,,
2026-09-12T23:36:06-05:00,PUR_IED_RepBoliVene_SCPT_5ae2ee,PUR_IED_RepBoliVene_SCPT_5ae2ee,,,,,
2026-09-12T23:36:06-05:00,PUR_IED_RepBoliVene_Socia_4b11d5,PUR_IED_RepBoliVene_Socia_4b11d5,,,,,
2026-09-12T23:36:06-05:00,PUR_IED_RepChina_Ext_76d9ee,PUR_IED_RepChina_Ext_76d9ee,,,,,
2026-09-12T23:36:06-05:00,PUR_IED_RepChina_S404_7c804c,PUR_IED_RepChina_S404_7c804c,,,,,
2026-09-12T23:36:06-05:00,PUR_IED_RepChina_S405_df2c33,PUR_IED_RepChina_S405_df2c33,,,,,
2026-09-12T23:36:06-05:00,PUR_IED_RepublicaC_Exteri_7d1ec9,PUR_IED_RepublicaC_Exteri_7d1ec9,,,,,
2026-09-12T23:36:06-05:00,PUR_IED_RepublicaC_S1101_f544b3,PUR_IED_RepublicaC_S1101_f544b3,,,,,
2026-09-12T23:36:06-05:00,PUR_IED_RepublicaC_S1102_7aafc7,PUR_IED_RepublicaC_S1102_7aafc7,,,,,
2026-09-12T23:36:06-05:00,PUR_IED_Ricaurte_Externo_a0ea1,PUR_IED_Ricaurte_Externo_a0ea1,,,,,
2026-09-12T23:36:06-05:00,PUR_IED_Ricaurte_S210_f546fd,PUR_IED_Ricaurte_S210_f546fd,,,,,
2026-09-12T23:36:06-05:00,PUR_IED_Ricaurte_S309_d4452,PUR_IED_Ricaurte_S309_d4452,,,,,
2026-09-12T23:36:06-05:00,PUR_IED_RogelioS_1102_531e69,PUR_IED_RogelioS_1102_531e69,,,,,
2026-09-12T23:36:06-05:00,PUR_IED_RogelioS_Ext_f25a18,PUR_IED_RogelioS_Ext_f25a18,,,,,
2026-09-12T23:36:06-05:00,PUR_IED_SBernardino_Ext_27aff8,PUR_IED_SBernardino_Ext_27aff8,,,,,
2026-09-12T23:36:06-05:00,PUR_IED_SBernardino_SArte_2ffd33,PUR_IED_SBernardino_SArte_2ffd33,,,,,
2026-09-12T23:36:06-05:00,PUR_IED_SBernardino_SIngl_7c7da5,PUR_IED_SBernardino_SIngl_7c7da5,,,,,
2026-09-12T23:36:06-05:00,PUR_IED_Sago_auditorio_dc9d1d,PUR_IED_Sago_auditorio_dc9d1d,,,,,
2026-09-12T23:36:06-05:00,PUR_IED_Saludcoop_Ext_95aac3,PUR_IED_Saludcoop_Ext_95aac3,,,,,
2026-09-12T23:36:06-05:00,PUR_IED_Saludcoop_InfI_90c854,PUR_IED_Saludcoop_InfI_90c854,,,,,
2026-09-12T23:36:06-05:00,PUR_IED_Saludcoop_SMedia_1b93be,PUR_IED_Saludcoop_SMedia_1b93be,,,,,
2026-09-12T23:36:06-05:00,PUR_IED_SanCarlos_1101_1a2360,PUR_IED_SanCarlos_1101_1a2360,,,,,
2026-09-12T23:36:06-05:00,PUR_IED_SanCarlos_1103_7bafb5,PUR_IED_SanCarlos_1103_7bafb5,,,,,
2026-09-12T23:36:06-05:00,PUR_IED_SanCarlos_Ext_b7cd1,PUR_IED_SanCarlos_Ext_b7cd1,,,,,
2026-09-12T23:36:06-05:00,PUR_IED_SanIgnacioBosa11a_50c26e,PUR_IED_SanIgnacioBosa11a_50c26e,,,,,
2026-09-12T23:36:06-05:00,PUR_IED_SanIgnacioBosa11b_371de8,PUR_IED_SanIgnacioBosa11b_371de8,,,,,
2026-09-12T23:36:06-05:00,PUR_IED_SanIgnacioBosaExt_ef0ffc,PUR_IED_SanIgnacioBosaExt_ef0ffc,,,,,
2026-09-12T23:36:06-05:00,PUR_IED_SanIgnacioBosa_11a_50c26e,PUR_IED_SanIgnacioBosa_11a_50c26e,,,,,
2026-09-12T23:36:06-05:00,PUR_IED_SanIgnacioBosa_Ext_ef0ffc,PUR_IED_SanIgnacioBosa_Ext_ef0ffc,,,,,
2026-09-12T23:36:06-05:00,PUR_IED_SanJoseN_intS1101_31c47f,PUR_IED_SanJoseN_intS1101_31c47f,,,,,
2026-09-12T23:36:06-05:00,PUR_IED_SanJoseUsm_Exter_f5d7e8,PUR_IED_SanJoseUsm_Exter_f5d7e8,,,,,
2026-09-12T23:36:06-05:00,PUR_IED_SanJoseUsm_Int11A_cfdef6,PUR_IED_SanJoseUsm_Int11A_cfdef6,,,,,
2026-09-12T23:36:06-05:00,PUR_IED_SilveriaR_IntB5_905349,PUR_IED_SilveriaR_IntB5_905349,,,,,
2026-09-12T23:36:06-05:00,PUR_IED_SilveriaR_IntSD14_981f93,PUR_IED_SilveriaR_IntSD14_981f93,,,,,
2026-09-12T23:36:06-05:00,PUR_IED_SilveriaR_ext_2b651d,PUR_IED_SilveriaR_ext_2b651d,,,,,
2026-09-12T23:36:06-05:00,PUR_IED_SimonB_Exterior_913975,PUR_IED_SimonB_Exterior_913975,,,,,
2026-09-12T23:36:06-05:00,PUR_IED_SimonB_LabQuimi_c56908,PUR_IED_SimonB_LabQuimi_c56908,,,,,
2026-09-12T23:36:06-05:00,PUR_IED_SimonB_informatic_a28c1,PUR_IED_SimonB_informatic_a28c1,,,,,
2026-09-12T23:36:06-05:00,PUR_IED_Sorrento_1102_315f50,PUR_IED_Sorrento_1102_315f50,,,,,
2026-09-12T23:36:06-05:00,PUR_IED_Sorrento_Minte_214eab,PUR_IED_Sorrento_Minte_214eab,,,,,
2026-09-12T23:36:06-05:00,PUR_IED_Sorrento_ext_7c3a0a,PUR_IED_Sorrento_ext_7c3a0a,,,,,
2026-09-12T23:36:06-05:00,PUR_IED_Tabora_Ext_f048ae,PUR_IED_Tabora_Ext_f048ae,,,,,
2026-09-12T23:36:06-05:00,PUR_IED_Tabora_S1102_b07752,PUR_IED_Tabora_S1102_b07752,,,,,
2026-09-12T23:36:06-05:00,PUR_IED_Tabora_S1103_d988f5,PUR_IED_Tabora_S1103_d988f5,,,,,
2026-09-12T23:36:06-05:00,PUR_IED_Tenerife_Ext_1ab188,PUR_IED_Tenerife_Ext_1ab188,,,,,
2026-09-12T23:36:06-05:00,PUR_IED_Tenerife_SDanzas_7bc02e,PUR_IED_Tenerife_SDanzas_7bc02e,,,,,
2026-09-12T23:36:06-05:00,PUR_IED_Tenerife_SIngles_7cc277,PUR_IED_Tenerife_SIngles_7cc277,,,,,
2026-09-12T23:36:06-05:00,PUR_IED_Tibabuyes_Exter_f2683d,PUR_IED_Tibabuyes_Exter_f2683d,,,,,
2026-09-12T23:36:06-05:00,PUR_IED_Tibabuyes_S10_dc87a8,PUR_IED_Tibabuyes_S10_dc87a8,,,,,
2026-09-12T23:36:06-05:00,PUR_IED_Tibabuyes_S15_dc0526,PUR_IED_Tibabuyes_S15_dc0526,,,,,
2026-09-12T23:36:06-05:00,PUR_IED_UnionE_S301_a1043,PUR_IED_UnionE_S301_a1043,,,,,
2026-09-12T23:36:06-05:00,PUR_IED_UnionE_S307_ff6c2f,PUR_IED_UnionE_S307_ff6c2f,,,,,
2026-09-12T23:36:06-05:00,PUR_IED_UnionE__Ext_5e2468,PUR_IED_UnionE__Ext_5e2468,,,,,
2026-09-12T23:36:06-05:00,PUR_IED_VillaRica_Ext_75be7c,PUR_IED_VillaRica_Ext_75be7c,,,,,
2026-09-12T23:36:06-05:00,PUR_IED_VillaRica_S4_cc5dcd,PUR_IED_VillaRica_S4_cc5dcd,,,,,
2026-09-12T23:36:06-05:00,PUR_IED_VillaRica_Sesp_99f5c,PUR_IED_VillaRica_Sesp_99f5c,,,,,
2026-09-12T23:46:07-05:00,PUR_IED_20deJulio_1101_91b1b9,PUR_IED_20deJulio_1101_91b1b9,,,,,
2026-09-12T23:46:07-05:00,PUR_IED_20deJulio_1102_1cfcf9,PUR_IED_20deJulio_1102_1cfcf9,,,,,
2026-09-12T23:46:07-05:00,PUR_IED_20deJulio_Ext_ab60bd,PUR_IED_20deJulio_Ext_ab60bd,,,,,
2026-09-12T23:46:07-05:00,PUR_IED_AgustinFer_Ext_7b9b77,PUR_IED_AgustinFer_Ext_7b9b77,,,,,
2026-09-12T23:46:07-05:00,PUR_IED_AgustinFer_Info2_27b3a7,PUR_IED_AgustinFer_Info2_27b3a7,,,,,
2026-09-12T23:46:07-05:00,PUR_IED_AgustinFer_Sena_54b4eb,PUR_IED_AgustinFer_Sena_54b4eb,,,,,
2026-09-12T23:46:07-05:00,PUR_IED_AlexanderF_1102_caf07b,PUR_IED_AlexanderF_1102_caf07b,,,,,
2026-09-12T23:46:07-05:00,PUR_IED_AlexanderF_1103_c79e71,PUR_IED_AlexanderF_1103_c79e71,,,,,
2026-09-12T23:46:07-05:00,PUR_IED_AlexanderF_Ext_c5b18b,PUR_IED_AlexanderF_Ext_c5b18b,,,,,
2026-09-12T23:46:07-05:00,PUR_IED_AlfonsoLopez_Ext_281d77,PUR_IED_AlfonsoLopez_Ext_281d77,,,,,
2026-09-12T23:46:07-05:00,PUR_IED_AlfonsoLopez_LabF_888ce0,PUR_IED_AlfonsoLopez_LabF_888ce0,,,,,
2026-09-12T23:46:07-05:00,PUR_IED_AlfonsoLopez_SMed_df6a7f,PUR_IED_AlfonsoLopez_SMed_df6a7f,,,,,
2026-09-12T23:46:07-05:00,PUR_IED_AltamiraSO_A2_209f92,PUR_IED_AltamiraSO_A2_209f92,,,,,
2026-09-12T23:46:07-05:00,PUR_IED_AltamiraSO_Ext_186d66,PUR_IED_AltamiraSO_Ext_186d66,,,,,
2026-09-12T23:46:07-05:00,PUR_IED_AltamiraSO_Sistem_27afe1,PUR_IED_AltamiraSO_Sistem_27afe1,,,,,
2026-09-12T23:46:07-05:00,PUR_IED_AlvaroGom_LabQuim_813179,PUR_IED_AlvaroGom_LabQuim_813179,,,,,
2026-09-12T23:46:07-05:00,PUR_IED_AlvaroGomez_Ext_47c7ca,PUR_IED_AlvaroGomez_Ext_47c7ca,,,,,
2026-09-12T23:46:07-05:00,PUR_IED_AlvaroGomez_LabQuim_813179,PUR_IED_AlvaroGomez_LabQuim_813179,,,,,
2026-09-12T23:46:07-05:00,PUR_IED_AlvaroGomez_S23_7ba89f,PUR_IED_AlvaroGomez_S23_7ba89f,,,,,
2026-09-12T23:46:07-05:00,PUR_IED_Amistad_306_dc8728,PUR_IED_Amistad_306_dc8728,,,,,
2026-09-12T23:46:07-05:00,PUR_IED_Amistad_Ext_8cd55e,PUR_IED_Amistad_Ext_8cd55e,,,,,
2026-09-12T23:46:07-05:00,PUR_IED_Amistad_S202_a41169,PUR_IED_Amistad_S202_a41169,,,,,
2026-09-12T23:46:07-05:00,PUR_IED_AndresBello_Bio_fd5f5e,PUR_IED_AndresBello_Bio_fd5f5e,,,,,
2026-09-12T23:46:07-05:00,PUR_IED_AndresBello_ext_dcad65,PUR_IED_AndresBello_ext_dcad65,,,,,
2026-09-12T23:46:07-05:00,PUR_IED_AndresBello_port_eed3ec,PUR_IED_AndresBello_port_eed3ec,,,,,
2026-09-12T23:46:07-05:00,PUR_IED_AngelaR_11b_d90a6b,PUR_IED_AngelaR_11b_d90a6b,,,,,
2026-09-12T23:46:07-05:00,PUR_IED_AngelaR_ext_7cad3e,PUR_IED_AngelaR_ext_7cad3e,7,18,64,4.5825,-74.164497
2026-09-12T23:46:07-05:00,PUR_IED_AntJoseSucre_10mo_df2575,PUR_IED_AntJoseSucre_10mo_df2575,,,,,
2026-09-12T23:46:07-05:00,PUR_IED_AntJoseSucre_Ext_215b36,PUR_IED_AntJoseSucre_Ext_215b36,,,,,
2026-09-12T23:46:07-05:00,PUR_IED_AntJoseSucre_Lab_3139de,PUR_IED_AntJoseSucre_Lab_3139de,,,,,
2026-09-12T23:46:07-05:00,PUR_IED_AntonioGarcia_301_d6b188,PUR_IED_AntonioGarcia_301_d6b188,,,,,
2026-09-12T23:46:07-05:00,PUR_IED_AntonioGarcia_302_88a82,PUR_IED_AntonioGarcia_302_88a82,,,,,
2026-09-12T23:46:07-05:00,PUR_IED_AntonioGarcia_Ext_20950c,PUR_IED_AntonioGarcia_Ext_20950c,,,,,
2026-09-12T23:46:07-05:00,PUR_IED_AntonioVan_Aula2_6dea02,PUR_IED_AntonioVan_Aula2_6dea02,,,,,
2026-09-12T23:46:07-05:00,PUR_IED_AntonioVan_Aula5_f1557e,PUR_IED_AntonioVan_Aula5_f1557e,,,,,
2026-09-12T23:46:07-05:00,PUR_IED_AntonioVan_Ext_406f2f,PUR_IED_AntonioVan_Ext_406f2f,,,,,
2026-09-12T23:46:07-05:00,PUR_IED_Atabanzha_Ext_cc5af9,PUR_IED_Atabanzha_Ext_cc5af9,,,,,
2026-09-12T23:46:07-05:00,PUR_IED_Atabanzha_SA101_56c37,PUR_IED_Atabanzha_SA101_56c37,,,,,
2026-09-12T23:46:07-05:00,PUR_IED_Atabanzha_SB302_27b374,PUR_IED_Atabanzha_SB302_27b374,,,,,
2026-09-12T23:46:07-05:00,PUR_IED_Atahualpa_Ext_fc1748,PUR_IED_Atahualpa_Ext_fc1748,,,,,
2026-09-12T23:46:07-05:00,PUR_IED_Atahualpa_Informa_dc9a95,PUR_IED_Atahualpa_Informa_dc9a95,,,,,
2026-09-12T23:46:07-05:00,PUR_IED_Atahualpa_S1101_f98056,PUR_IED_Atahualpa_S1101_f98056,,,,,
2026-09-12T23:46:07-05:00,PUR_IED_Bellavista_Ext_f5aa74,PUR_IED_Bellavista_Ext_f5aa74,,,,,
2026-09-12T23:46:07-05:00,PUR_IED_Bilbao_11A_916c41,PUR_IED_Bilbao_11A_916c41,,,,,
2026-09-12T23:46:07-05:00,PUR_IED_Bilbao_Ext_fb579a,PUR_IED_Bilbao_Ext_fb579a,,,,,
2026-09-12T23:46:07-05:00,PUR_IED_BrasiliaU_A125_304280,PUR_IED_BrasiliaU_A125_304280,,,,,
2026-09-12T23:46:07-05:00,PUR_IED_BrasiliaU_A203_7c8ca5,PUR_IED_BrasiliaU_A203_7c8ca5,,,,,
2026-09-12T23:46:07-05:00,PUR_IED_BrasiliaU_Ext_8d6e9f,PUR_IED_BrasiliaU_Ext_8d6e9f,4,17,63,4.5175,-74.116302
2026-09-12T23:46:07-05:00,PUR_IED_Brasilia_Ext_fe6593,PUR_IED_Brasilia_Ext_fe6593,,,,,
2026-09-12T23:46:07-05:00,PUR_IED_Brasilia_S24_7c130d,PUR_IED_Brasilia_S24_7c130d,,,,,
2026-09-12T23:46:07-05:00,PUR_IED_Brasilia_S501_186a54,PUR_IED_Brasilia_S501_186a54,,,,,
2026-09-12T23:46:07-05:00,PUR_IED_CHARRY_EXT_f1d5cd,PUR_IED_CHARRY_EXT_f1d5cd,,,,,
2026-09-12T23:46:07-05:00,PUR_IED_CHARRY_INTDANZAS_7a08e6,PUR_IED_CHARRY_INTDANZAS_7a08e6,,,,,
2026-09-12T23:46:07-05:00,PUR_IED_CHARRY_INT_AULA20_dc998d,PUR_IED_CHARRY_INT_AULA20_dc998d,,,,,
2026-09-12T23:46:07-05:00,PUR_IED_COLVIV_1101_S25_7f520a,PUR_IED_COLVIV_1101_S25_7f520a,,,,,
2026-09-12T23:46:07-05:00,PUR_IED_COLVIV_1102_S16_f570ba,PUR_IED_COLVIV_1102_S16_f570ba,,,,,
2026-09-12T23:46:07-05:00,PUR_IED_COLVIV_Ext_1a26fa,PUR_IED_COLVIV_Ext_1a26fa,,,,,
2026-09-12T23:46:07-05:00,PUR_IED_CULPOP_301A_f660f3,PUR_IED_CULPOP_301A_f660f3,,,,,
2026-09-12T23:46:07-05:00,PUR_IED_CULPOP_303_568afe,PUR_IED_CULPOP_303_568afe,,,,,
2026-09-12T23:46:07-05:00,PUR_IED_CULPOP_Ext_e02ccb,PUR_IED_CULPOP_Ext_e02ccb,,,,,
2026-09-12T23:46:07-05:00,PUR_IED_CVillavicen_Ext_26eb58,PUR_IED_CVillavicen_Ext_26eb58,4,15,79,4.487,-74.102798
2026-09-12T23:46:07-05:00,PUR_IED_CVillavicen_Intel_1ce5c2,PUR_IED_CVillavicen_Intel_1ce5c2,,,,,
2026-09-12T23:46:07-05:00,PUR_IED_CVillavicen_Poliv_e0766c,PUR_IED_CVillavicen_Poliv_e0766c,,,,,
2026-09-12T23:46:07-05:00,PUR_IED_CVillavicen_int_1ba140,PUR_IED_CVillavicen_int_1ba140,,,,,
2026-09-12T23:46:07-05:00,PUR_IED_CVillavicen_intel_1ba140,PUR_IED_CVillavicen_intel_1ba140,,,,,
2026-09-12T23:46:07-05:00,PUR_IED_CarlosPizarro_Ext_e307cc,PUR_IED_CarlosPizarro_Ext_e307cc,,,,,
2026-09-12T23:46:07-05:00,PUR_IED_CarlosPizarro_L36_7e5cdb,PUR_IED_CarlosPizarro_L36_7e5cdb,,,,,
2026-09-12T23:46:07-05:00,PUR_IED_CarlosPizarro_L37_c8566c,PUR_IED_CarlosPizarro_L37_c8566c,,,,,
2026-09-12T23:46:07-05:00,PUR_IED_Castilla_Ext_cf35f,PUR_IED_Castilla_Ext_cf35f,,,,,
2026-09-12T23:46:07-05:00,PUR_IED_Castilla_SFisik_360e38,PUR_IED_Castilla_SFisik_360e38,,,,,
2026-09-12T23:46:07-05:00,PUR_IED_Castilla_Sc304_496fbf,PUR_IED_Castilla_Sc304_496fbf,,,,,
2026-09-12T23:46:07-05:00,PUR_IED_CervantesSa_Ext_6b57b,PUR_IED_CervantesSa_Ext_6b57b,3,17,70,4.5128,-74.117203
2026-09-12T23:46:07-05:00,PUR_IED_CervantesSa_S107_225c2b,PUR_IED_CervantesSa_S107_225c2b,,,,,
2026-09-12T23:46:07-05:00,PUR_IED_CervantesSa_S108_940925,PUR_IED_CervantesSa_S108_940925,,,,,
2026-09-12T23:46:07-05:00,PUR_IED_Charry_A20_f53e7c,PUR_IED_Charry_A20_f53e7c,,,,,
2026-09-12T23:46:07-05:00,PUR_IED_Charry_Ext_f1d5cd,PUR_IED_Charry_Ext_f1d5cd,,,,,
2026-09-12T23:46:07-05:00,PUR_IED_Charry_IntAula20_dc998d,PUR_IED_Charry_IntAula20_dc998d,,,,,
2026-09-12T23:46:07-05:00,PUR_IED_Charry_IntDanzas_7a08e6,PUR_IED_Charry_IntDanzas_7a08e6,,,,,
2026-09-12T23:46:07-05:00,PUR_IED_ClememciaC_203_43e2fc,PUR_IED_ClememciaC_203_43e2fc,,,,,
2026-09-12T23:46:07-05:00,PUR_IED_ClememciaC_Ext_1b411a,PUR_IED_ClememciaC_Ext_1b411a,,,,,
2026-09-12T23:46:07-05:00,PUR_IED_ClememciaC_Quimic_44b5fc,PUR_IED_ClememciaC_Quimic_44b5fc,,,,,
2026-09-12T23:46:07-05:00,PUR_IED_ClemenciaC_203_43e2fc,PUR_IED_ClemenciaC_203_43e2fc,,,,,
2026-09-12T23:46:07-05:00,PUR_IED_ClemenciaC_Ext_1b411a,PUR_IED_ClemenciaC_Ext_1b411a,,,,,
2026-09-12T23:46:07-05:00,PUR_IED_ClemenciaC_Quimic_44b5fc,PUR_IED_ClemenciaC_Quimic_44b5fc,,,,,
2026-09-12T23:46:07-05:00,PUR_IED_ColViva_1101_S25_7f520a,PUR_IED_ColViva_1101_S25_7f520a,,,,,
2026-09-12T23:46:07-05:00,PUR_IED_ColViva_1102_S16_f570ba,PUR_IED_ColViva_1102_S16_f570ba,,,,,
2026-09-12T23:46:07-05:00,PUR_IED_ColViva_Ext_1a26fa,PUR_IED_ColViva_Ext_1a26fa,,,,,
2026-09-12T23:46:07-05:00,PUR_IED_ColegioBici_Asist_7c8798,PUR_IED_ColegioBici_Asist_7c8798,,,,,
2026-09-12T23:46:07-05:00,PUR_IED_ColegioBici_Ext_25cbf6,PUR_IED_ColegioBici_Ext_25cbf6,,,,,
2026-09-12T23:46:07-05:00,PUR_IED_ColegioBici_LabQ_7b57db,PUR_IED_ColegioBici_LabQ_7b57db,,,,,
2026-09-12T23:46:07-05:00,PUR_IED_CostaRica_Ext_5e640,PUR_IED_CostaRica_Ext_5e640,,,,,
2026-09-12T23:46:07-05:00,PUR_IED_CostaRica_Quim1_766d1c,PUR_IED_CostaRica_Quim1_766d1c,,,,,
2026-09-12T23:46:07-05:00,PUR_IED_CostaRica__Fisica_6f0873,PUR_IED_CostaRica__Fisica_6f0873,,,,,
2026-09-12T23:46:07-05:00,PUR_IED_CulPopu_301A_f660f3,PUR_IED_CulPopu_301A_f660f3,,,,,
2026-09-12T23:46:07-05:00,PUR_IED_CulPopu_303_568afe,PUR_IED_CulPopu_303_568afe,,,,,
2026-09-12T23:46:07-05:00,PUR_IED_CulPopu_Ext_e02ccb,PUR_IED_CulPopu_Ext_e02ccb,,,,,
2026-09-12T23:46:07-05:00,PUR_IED_Cundinamarca_Ext_f15985,PUR_IED_Cundinamarca_Ext_f15985,,,,,
2026-09-12T23:46:07-05:00,PUR_IED_Cundinamarca_Info_7aa5d7,PUR_IED_Cundinamarca_Info_7aa5d7,,,,,
2026-09-12T23:46:07-05:00,PUR_IED_Cundinamarca_Tec2_f449c7,PUR_IED_Cundinamarca_Tec2_f449c7,,,,,
2026-09-12T23:46:07-05:00,PUR_IED_DiegoM_Aula1_27b314,PUR_IED_DiegoM_Aula1_27b314,,,,,
2026-09-12T23:46:07-05:00,PUR_IED_DiegoM_Ext_d80ac8,PUR_IED_DiegoM_Ext_d80ac8,,,,,
2026-09-12T23:46:07-05:00,PUR_IED_DiegoM_S25_da928f,PUR_IED_DiegoM_S25_da928f,,,,,
2026-09-12T23:46:07-05:00,PUR_IED_ELRODEO_360881,PUR_IED_ELRODEO_360881,,,,,
2026-09-12T23:46:07-05:00,PUR_IED_ELRODEO_ext_360881,PUR_IED_ELRODEO_ext_360881,,,,,
2026-09-12T23:46:07-05:00,PUR_IED_EduardoU_Ext_1c1969,PUR_IED_EduardoU_Ext_1c1969,,,,,
2026-09-12T23:46:07-05:00,PUR_IED_EduardoU_SCiencia_4dfb94,PUR_IED_EduardoU_SCiencia_4dfb94,,,,,
2026-09-12T23:46:07-05:00,PUR_IED_EduardoU_SQuimica_5a46e7,PUR_IED_EduardoU_SQuimica_5a46e7,,,,,
2026-09-12T23:46:07-05:00,PUR_IED_ElRodeo_Aula14_676984,PUR_IED_ElRodeo_Aula14_676984,,,,,
2026-09-12T23:46:07-05:00,PUR_IED_ElRodeo_Aula16_2dd35b,PUR_IED_ElRodeo_Aula16_2dd35b,,,,,
2026-09-12T23:46:07-05:00,PUR_IED_ElRodeo_Ext_360881,PUR_IED_ElRodeo_Ext_360881,,,,,
2026-09-12T23:46:07-05:00,PUR_IED_ElRodeo_Exterior_8c6d28,PUR_IED_ElRodeo_Exterior_8c6d28,,,,,
2026-09-12T23:46:07-05:00,PUR_IED_ElRodeo_ext_360881,PUR_IED_ElRodeo_ext_360881,,,,,
2026-09-12T23:46:07-05:00,PUR_IED_EmmaReyes_Ext_987625,PUR_IED_EmmaReyes_Ext_987625,5,21,52,4.6367,-74.1511
2026-09-12T23:46:07-05:00,PUR_IED_Ensueño_Ext_7f0250,PUR_IED_Ensueño_Ext_7f0250,,,,,
2026-09-12T23:46:07-05:00,PUR_IED_EscNormal_Ext_5fef3b,PUR_IED_EscNormal_Ext_5fef3b,2,18,62,4.5852,-74.096901
2026-09-12T23:46:07-05:00,PUR_IED_EscNormal_S309_5b263,PUR_IED_EscNormal_S309_5b263,,,,,
2026-09-12T23:46:07-05:00,PUR_IED_EscNormal_S310_27b3b8,PUR_IED_EscNormal_S310_27b3b8,,,,,
2026-09-12T23:46:07-05:00,PUR_IED_Evangelista_Conta_f6cd4f,PUR_IED_Evangelista_Conta_f6cd4f,,,,,
2026-09-12T23:46:07-05:00,PUR_IED_Evangelista_Cri_5e16a,PUR_IED_Evangelista_Cri_5e16a,,,,,
2026-09-12T23:46:07-05:00,PUR_IED_Evangelista_Exter_754066,PUR_IED_Evangelista_Exter_754066,,,,,
2026-09-12T23:46:07-05:00,PUR_IED_FMiranda_S209_5cc2a3,PUR_IED_FMiranda_S209_5cc2a3,,,,,
2026-09-12T23:46:07-05:00,PUR_IED_FMiranda_S303_19e344,PUR_IED_FMiranda_S303_19e344,,,,,
2026-09-12T23:46:07-05:00,PUR_IED_FMiranda_ext_f53e7c,PUR_IED_FMiranda_ext_f53e7c,,,,,
2026-09-12T23:46:07-05:00,PUR_IED_FabioLozano_Bibli_1cee05,PUR_IED_FabioLozano_Bibli_1cee05,,,,,
2026-09-12T23:46:07-05:00,PUR_IED_FabioLozano_Ext_6ea285,PUR_IED_FabioLozano_Ext_6ea285,,,,,
2026-09-12T23:46:07-05:00,PUR_IED_FabioLozano_SLudi_f09e1e,PUR_IED_FabioLozano_SLudi_f09e1e,,,,,
2026-09-12T23:46:07-05:00,PUR_IED_FaustinoS_Aula07_27a731,PUR_IED_FaustinoS_Aula07_27a731,,,,,
2026-09-12T23:46:07-05:00,PUR_IED_FaustinoS_Ext_7b936f,PUR_IED_FaustinoS_Ext_7b936f,,,,,
2026-09-12T23:46:07-05:00,PUR_IED_FaustinoS_Fisica_da2c60,PUR_IED_FaustinoS_Fisica_da2c60,,,,,
2026-09-12T23:46:07-05:00,PUR_IED_FeGarciaLo_Ext_dc68ee,PUR_IED_FeGarciaLo_Ext_dc68ee,,,,,
2026-09-12T23:46:07-05:00,PUR_IED_FeGarciaLo_SDanza_f70a59,PUR_IED_FeGarciaLo_SDanza_f70a59,,,,,
2026-09-12T23:46:07-05:00,PUR_IED_FeGarciaLo_SMusic_125cdd,PUR_IED_FeGarciaLo_SMusic_125cdd,,,,,
2026-09-12T23:46:07-05:00,PUR_IED_FederalAlema_Exte_50c345,PUR_IED_FederalAlema_Exte_50c345,,,,,
2026-09-12T23:46:07-05:00,PUR_IED_FederalAlema_S31_f18371,PUR_IED_FederalAlema_S31_f18371,,,,,
2026-09-12T23:46:07-05:00,PUR_IED_FederalAlema_S901_a62cd,PUR_IED_FederalAlema_S901_a62cd,,,,,
2026-09-12T23:46:07-05:00,PUR_IED_FilarmonicaS_A5_f35eb1,PUR_IED_FilarmonicaS_A5_f35eb1,,,,,
2026-09-12T23:46:07-05:00,PUR_IED_FilarmonicaS_Ext_8a3bde,PUR_IED_FilarmonicaS_Ext_8a3bde,,,,,
2026-09-12T23:46:07-05:00,PUR_IED_FilarmonicaS_Spol_406114,PUR_IED_FilarmonicaS_Spol_406114,,,,,
2026-09-12T23:46:07-05:00,PUR_IED_FlorentinoG_A13_d1fa59,PUR_IED_FlorentinoG_A13_d1fa59,,,,,
2026-09-12T23:46:07-05:00,PUR_IED_FlorentinoG_Ext_1ce6ce,PUR_IED_FlorentinoG_Ext_1ce6ce,,,,,
2026-09-12T23:46:07-05:00,PUR_IED_FlorentinoG_Idiom_a66aac,PUR_IED_FlorentinoG_Idiom_a66aac,,,,,
2026-09-12T23:46:07-05:00,PUR_IED_FranciscoMati_Ext_e3869d,PUR_IED_FranciscoMati_Ext_e3869d,,,,,
2026-09-12T23:46:07-05:00,PUR_IED_FranciscoMati_S13_f31c67,PUR_IED_FranciscoMati_S13_f31c67,,,,,
2026-09-12T23:46:07-05:00,PUR_IED_FranciscoMati_S14_97dead,PUR_IED_FranciscoMati_S14_97dead,,,,,
2026-09-12T23:46:07-05:00,PUR_IED_FranciscoPS_Ext_7bfa9a,PUR_IED_FranciscoPS_Ext_7bfa9a,3,19,61,4.5899,-74.110397
2026-09-12T23:46:07-05:00,PUR_IED_FranciscoPS_Infor_fb8f4c,PUR_IED_FranciscoPS_Infor_fb8f4c,,,,,
2026-09-12T23:46:07-05:00,PUR_IED_FranciscoPS_Quimi_94d39c,PUR_IED_FranciscoPS_Quimi_94d39c,,,,,
2026-09-12T23:46:07-05:00,PUR_IED_FranciscoP_LabQ_d7e148,PUR_IED_FranciscoP_LabQ_d7e148,,,,,
2026-09-12T23:46:07-05:00,PUR_IED_FranciscoP_S28_cf9b30,PUR_IED_FranciscoP_S28_cf9b30,,,,,
2026-09-12T23:46:07-05:00,PUR_IED_FranciscoP_ext_e2313,PUR_IED_FranciscoP_ext_e2313,,,,,
2026-09-12T23:46:07-05:00,PUR_IED_FriederichN_Ext_8ac92a,PUR_IED_FriederichN_Ext_8ac92a,,,,,
2026-09-12T23:46:07-05:00,PUR_IED_FriederichN_S301_dd7e5a,PUR_IED_FriederichN_S301_dd7e5a,,,,,
2026-09-12T23:46:07-05:00,PUR_IED_FriederichN_S308_761f4f,PUR_IED_FriederichN_S308_761f4f,,,,,
2026-09-12T23:46:07-05:00,PUR_IED_GSantander_Aula10_533dd7,PUR_IED_GSantander_Aula10_533dd7,,,,,
2026-09-12T23:46:07-05:00,PUR_IED_GSantander_Aula12_fd4e4f,PUR_IED_GSantander_Aula12_fd4e4f,,,,,
2026-09-12T23:46:07-05:00,PUR_IED_GSantander_Aula310_533dd7,PUR_IED_GSantander_Aula310_533dd7,,,,,
2026-09-12T23:46:07-05:00,PUR_IED_GSantander_Aula312_fd4e4f,PUR_IED_GSantander_Aula312_fd4e4f,,,,,
2026-09-12T23:46:07-05:00,PUR_IED_GSantander_Ext_5f66b0,PUR_IED_GSantander_Ext_5f66b0,,,,,
2026-09-12T23:46:07-05:00,PUR_IED_GYomasa_Ext_f6bea5,PUR_IED_GYomasa_Ext_f6bea5,,,,,
2026-09-12T23:46:07-05:00,PUR_IED_GYomasa_LBiol_2c41aa,PUR_IED_GYomasa_LBiol_2c41aa,,,,,
2026-09-12T23:46:07-05:00,PUR_IED_GYomasa_LQuim_33c80,PUR_IED_GYomasa_LQuim_33c80,,,,,
2026-09-12T23:46:07-05:00,PUR_IED_GabBetMejia_Cienc_5a99c,PUR_IED_GabBetMejia_Cienc_5a99c,,,,,
2026-09-12T23:46:07-05:00,PUR_IED_GabBetMejia_Ext_9153d0,PUR_IED_GabBetMejia_Ext_9153d0,,,,,
2026-09-12T23:46:07-05:00,PUR_IED_GabBetMejia_Lab_f55347,PUR_IED_GabBetMejia_Lab_f55347,,,,,
2026-09-12T23:46:07-05:00,PUR_IED_GabBetanMejia_Ext_9153d0,PUR_IED_GabBetanMejia_Ext_9153d0,,,,,
2026-09-12T23:46:07-05:00,PUR_IED_Gaitana_Aula13_7aac11,PUR_IED_Gaitana_Aula13_7aac11,,,,,
2026-09-12T23:46:07-05:00,PUR_IED_Gaitana_Ext_5fcf4,PUR_IED_Gaitana_Ext_5fcf4,,,,,
2026-09-12T23:46:07-05:00,PUR_IED_Gaitana_LabFisica_644448,PUR_IED_Gaitana_LabFisica_644448,,,,,
2026-09-12T23:46:07-05:00,PUR_IED_GenSantander_Dise_8ac858,PUR_IED_GenSantander_Dise_8ac858,,,,,
2026-09-12T23:46:07-05:00,PUR_IED_GenSantander_Ext_8d5dfe,PUR_IED_GenSantander_Ext_8d5dfe,,,,,
2026-09-12T23:46:07-05:00,PUR_IED_GenSantander_Info_6c25b,PUR_IED_GenSantander_Info_6c25b,,,,,
2026-09-12T23:46:07-05:00,PUR_IED_GustavoMo_Exterio_75e63d,PUR_IED_GustavoMo_Exterio_75e63d,,,,,
2026-09-12T23:46:07-05:00,PUR_IED_GustavoMo_LabFisi_224d37,PUR_IED_GustavoMo_LabFisi_224d37,,,,,
2026-09-12T23:46:07-05:00,PUR_IED_GustavoMo_S208_3e6918,PUR_IED_GustavoMo_S208_3e6918,,,,,
2026-09-12T23:46:07-05:00,PUR_IED_GustavoR_A02_8cd4a8,PUR_IED_GustavoR_A02_8cd4a8,,,,,
2026-09-12T23:46:07-05:00,PUR_IED_GustavoR_B11_5b0ed,PUR_IED_GustavoR_B11_5b0ed,,,,,
2026-09-12T23:46:07-05:00,PUR_IED_GustavoR_Ext_7a0c90,PUR_IED_GustavoR_Ext_7a0c90,,,,,
2026-09-12T23:46:07-05:00,PUR_IED_HernandoDuran_Ext_8cd82b,PUR_IED_HernandoDuran_Ext_8cd82b,,,,,
2026-09-12T23:46:07-05:00,PUR_IED_HernandoDuran_S24_2772c6,PUR_IED_HernandoDuran_S24_2772c6,,,,,
2026-09-12T23:46:07-05:00,PUR_IED_HernandoDuran_S30_f2de41,PUR_IED_HernandoDuran_S30_f2de41,,,,,
2026-09-12T23:46:07-05:00,PUR_IED_HolguInUr_S1101_8cd732,PUR_IED_HolguInUr_S1101_8cd732,,,,,
2026-09-12T23:46:07-05:00,PUR_IED_HolguinUr_Exter_ddae6d,PUR_IED_HolguinUr_Exter_ddae6d,,,,,
2026-09-12T23:46:07-05:00,PUR_IED_HolguinUr_LabQuim_92b952,PUR_IED_HolguinUr_LabQuim_92b952,,,,,
2026-09-12T23:46:07-05:00,PUR_IED_Isabel-II_Ext_5245cc,PUR_IED_Isabel-II_Ext_5245cc,3,19,58,4.6336,-74.153
2026-09-12T23:46:07-05:00,PUR_IED_Isabel-II_S_idiom_1c29aa,PUR_IED_Isabel-II_S_idiom_1c29aa,,,,,
2026-09-12T23:46:07-05:00,PUR_IED_Isabel-II_S_infor_fd741,PUR_IED_Isabel-II_S_infor_fd741,,,,,
2026-09-12T23:46:07-05:00,PUR_IED_IsidroSur_Exterio_5b90ea,PUR_IED_IsidroSur_Exterio_5b90ea,,,,,
2026-09-12T23:46:07-05:00,PUR_IED_IsidroSur_LabTec_56697a,PUR_IED_IsidroSur_LabTec_56697a,,,,,
2026-09-12T23:46:07-05:00,PUR_IED_IsidroSur_Robotic_b7c38f,PUR_IED_IsidroSur_Robotic_b7c38f,,,,,
2026-09-12T23:46:07-05:00,PUR_IED_IsmaelPerd_Ext_7b6672,PUR_IED_IsmaelPerd_Ext_7b6672,,,,,
2026-09-12T23:46:07-05:00,PUR_IED_IsmaelPerd_Inform_306540,PUR_IED_IsmaelPerd_Inform_306540,,,,,
2026-09-12T23:46:07-05:00,PUR_IED_IsmaelPerd_S30_2e2c83,PUR_IED_IsmaelPerd_S30_2e2c83,,,,,
2026-09-12T23:46:07-05:00,PUR_IED_JLozano_Exter_432910,PUR_IED_JLozano_Exter_432910,,,,,
2026-09-12T23:46:07-05:00,PUR_IED_JLozano_salaMulti_df5125,PUR_IED_JLozano_salaMulti_df5125,,,,,
2026-09-12T23:46:07-05:00,PUR_IED_JMCordoba_206_86f80b,PUR_IED_JMCordoba_206_86f80b,,,,,
2026-09-12T23:46:07-05:00,PUR_IED_JMCordoba_Ext_27ad97,PUR_IED_JMCordoba_Ext_27ad97,,,,,
2026-09-12T23:46:07-05:00,PUR_IED_JMCordoba_S310_d59ab4,PUR_IED_JMCordoba_S310_d59ab4,,,,,
2026-09-12T23:46:07-05:00,PUR_IED_Japon_Ext_549100,PUR_IED_Japon_Ext_549100,,,,,
2026-09-12T23:46:07-05:00,PUR_IED_Japon_Laboratorio_bec51d,PUR_IED_Japon_Laboratorio_bec51d,,,,,
2026-09-12T23:46:07-05:00,PUR_IED_Japon_informatica_d99327,PUR_IED_Japon_informatica_d99327,,,,,
2026-09-12T23:46:07-05:00,PUR_IED_Jazmin_Ext_d27bda,PUR_IED_Jazmin_Ext_d27bda,,,,,
2026-09-12T23:46:07-05:00,PUR_IED_Jazmin_Fisica_8d14d7,PUR_IED_Jazmin_Fisica_8d14d7,,,,,
2026-09-12T23:46:07-05:00,PUR_IED_Jazmin_Quimica_801cb5,PUR_IED_Jazmin_Quimica_801cb5,,,,,
2026-09-12T23:46:07-05:00,PUR_IED_JorgeGaitan_Exter_f098d1,PUR_IED_JorgeGaitan_Exter_f098d1,,,,,
2026-09-12T23:46:07-05:00,PUR_IED_JorgeGaitan_STec1_dc9d1d,PUR_IED_JorgeGaitan_STec1_dc9d1d,,,,,
2026-09-12T23:46:07-05:00,PUR_IED_JorgeGaitan_STec2_281e69,PUR_IED_JorgeGaitan_STec2_281e69,,,,,
2026-09-12T23:46:07-05:00,PUR_IED_JorgeSoto_Exterio_d9d0a2,PUR_IED_JorgeSoto_Exterio_d9d0a2,,,,,
2026-09-12T23:46:07-05:00,PUR_IED_JorgeSoto_LabFisi_209c54,PUR_IED_JorgeSoto_LabFisi_209c54,,,,,
2026-09-12T23:46:07-05:00,PUR_IED_JorgeSoto_S103_27b51a,PUR_IED_JorgeSoto_S103_27b51a,,,,,
2026-09-12T23:46:07-05:00,PUR_IED_JoseAcevedo_A02_e965eb,PUR_IED_JoseAcevedo_A02_e965eb,,,,,
2026-09-12T23:46:07-05:00,PUR_IED_JoseAcevedo_A07_dd5b4,PUR_IED_JoseAcevedo_A07_dd5b4,,,,,
2026-09-12T23:46:07-05:00,PUR_IED_JoseAcevedo_Ext_b47484,PUR_IED_JoseAcevedo_Ext_b47484,,,,,
2026-09-12T23:46:07-05:00,PUR_IED_JoseMarti_Exte_5b9bf,PUR_IED_JoseMarti_Exte_5b9bf,,,,,
2026-09-12T23:46:07-05:00,PUR_IED_JoseMarti_LabQuim_1c6c2d,PUR_IED_JoseMarti_LabQuim_1c6c2d,,,,,
2026-09-12T23:46:07-05:00,PUR_IED_JoseMarti_S_info_f5f177,PUR_IED_JoseMarti_S_info_f5f177,,,,,
2026-09-12T23:46:07-05:00,PUR_IED_Josejoaquin_Ext_dfc5dc,PUR_IED_Josejoaquin_Ext_dfc5dc,,,,,
2026-09-12T23:46:07-05:00,PUR_IED_Josejoaquin_S05_5b2a96,PUR_IED_Josejoaquin_S05_5b2a96,,,,,
2026-09-12T23:46:07-05:00,PUR_IED_Josejoaquin_S06_1ce7d2,PUR_IED_Josejoaquin_S06_1ce7d2,,,,,
2026-09-12T23:46:07-05:00,PUR_IED_JulioFlorez_Danza_9b82dd,PUR_IED_JulioFlorez_Danza_9b82dd,,,,,
2026-09-12T23:46:07-05:00,PUR_IED_JulioFlorez_Exter_f9f314,PUR_IED_JulioFlorez_Exter_f9f314,,,,,
2026-09-12T23:46:07-05:00,PUR_IED_JulioFlorez_info2_6b6e08,PUR_IED_JulioFlorez_info2_6b6e08,,,,,
2026-09-12T23:46:07-05:00,PUR_IED_LaBelleza_Aula13_1d00d8,PUR_IED_LaBelleza_Aula13_1d00d8,,,,,
2026-09-12T23:46:07-05:00,PUR_IED_LaBelleza_Ext_7bc08c,PUR_IED_LaBelleza_Ext_7bc08c,,,,,
2026-09-12T23:46:07-05:00,PUR_IED_LaChucua_Ext_8cd6d2,PUR_IED_LaChucua_Ext_8cd6d2,,,,,
2026-09-12T23:46:07-05:00,PUR_IED_LaChucua_S15_f578ce,PUR_IED_LaChucua_S15_f578ce,,,,,
2026-09-12T23:46:07-05:00,PUR_IED_LaChucua_S16_eebcf9,PUR_IED_LaChucua_S16_eebcf9,,,,,
2026-09-12T23:46:07-05:00,PUR_IED_LaFelicidad_Ext_fb5109,PUR_IED_LaFelicidad_Ext_fb5109,,,,,
2026-09-12T23:46:07-05:00,PUR_IED_LaMerced_206_66ebd,PUR_IED_LaMerced_206_66ebd,,,,,
2026-09-12T23:46:07-05:00,PUR_IED_LaMerced_207_6ebd6,PUR_IED_LaMerced_207_6ebd6,,,,,
2026-09-12T23:46:07-05:00,PUR_IED_LaMerced_ext_304311,PUR_IED_LaMerced_ext_304311,,,,,
2026-09-12T23:46:07-05:00,PUR_IED_Laureano_CiencNat_281e5e,PUR_IED_Laureano_CiencNat_281e5e,,,,,
2026-09-12T23:46:07-05:00,PUR_IED_Laureano_Comedor_f65c0a,PUR_IED_Laureano_Comedor_f65c0a,,,,,
2026-09-12T23:46:07-05:00,PUR_IED_Laureano_Exterior_7ab011,PUR_IED_Laureano_Exterior_7ab011,,,,,
2026-09-12T23:46:07-05:00,PUR_IED_LeonGreiff_Exte_dfe560,PUR_IED_LeonGreiff_Exte_dfe560,,,,,
2026-09-12T23:46:07-05:00,PUR_IED_LeonGreiff_S210_f264ed,PUR_IED_LeonGreiff_S210_f264ed,,,,,
2026-09-12T23:46:07-05:00,PUR_IED_LeonGreiff_SQuimi_e8296f,PUR_IED_LeonGreiff_SQuimi_e8296f,,,,,
2026-09-12T23:46:07-05:00,PUR_IED_LlanoOrientalS208_7b9fcd,PUR_IED_LlanoOrientalS208_7b9fcd,,,,,
2026-09-12T23:46:07-05:00,PUR_IED_LlanoOriental_Ext_fb3766,PUR_IED_LlanoOriental_Ext_fb3766,,,,,
2026-09-12T23:46:07-05:00,PUR_IED_LlanoOriental_S208_7b9fcd,PUR_IED_LlanoOriental_S208_7b9fcd,,,,,
2026-09-12T23:46:07-05:00,PUR_IED_LlanoOriental_S9_27b378,PUR_IED_LlanoOriental_S9_27b378,,,,,
2026-09-12T23:46:07-05:00,PUR_IED_LosTejares_1101_477602,PUR_IED_LosTejares_1101_477602,,,,,
2026-09-12T23:46:07-05:00,PUR_IED_LosTejares_11_d2c595,PUR_IED_LosTejares_11_d2c595,,,,,
2026-09-12T23:46:07-05:00,PUR_IED_LosTejares_12_477602,PUR_IED_LosTejares_12_477602,,,,,
2026-09-12T23:46:07-05:00,PUR_IED_LosTejares_Ext_8e2115,PUR_IED_LosTejares_Ext_8e2115,,,,,
2026-09-12T23:46:07-05:00,PUR_IED_MagdalenaO_B202_5ddda3,PUR_IED_MagdalenaO_B202_5ddda3,,,,,
2026-09-12T23:46:07-05:00,PUR_IED_MagdalenaO_B205_fb76e8,PUR_IED_MagdalenaO_B205_fb76e8,,,,,
2026-09-12T23:46:07-05:00,PUR_IED_MagdalenaO_ext_dc69cd,PUR_IED_MagdalenaO_ext_dc69cd,,,,,
2026-09-12T23:46:07-05:00,PUR_IED_ManueCepeda_artes_eee956,PUR_IED_ManueCepeda_artes_eee956,,,,,
2026-09-12T23:46:07-05:00,PUR_IED_ManuelCepeda_Ext_58313,PUR_IED_ManuelCepeda_Ext_58313,,,,,
2026-09-12T23:46:07-05:00,PUR_IED_ManuelCepeda_tec_1c5731,PUR_IED_ManuelCepeda_tec_1c5731,,,,,
2026-09-12T23:46:07-05:00,PUR_IED_ManuelS_Exterior_5b269,PUR_IED_ManuelS_Exterior_5b269,,,,,
2026-09-12T23:46:07-05:00,PUR_IED_ManuelS_Inform_f369ce,PUR_IED_ManuelS_Inform_f369ce,,,,,
2026-09-12T23:46:07-05:00,PUR_IED_ManuelS_SArtes_7d15f1,PUR_IED_ManuelS_SArtes_7d15f1,,,,,
2026-09-12T23:46:07-05:00,PUR_IED_ManuelZapata_303_3ca6,PUR_IED_ManuelZapata_303_3ca6,,,,,
2026-09-12T23:46:07-05:00,PUR_IED_ManuelZapata_311_bfbabc,PUR_IED_ManuelZapata_311_bfbabc,,,,,
2026-09-12T23:46:07-05:00,PUR_IED_ManuelZapata_Ext_50824a,PUR_IED_ManuelZapata_Ext_50824a,,,,,
2026-09-12T23:46:07-05:00,PUR_IED_ManuelitaS_Exteri_656a92,PUR_IED_ManuelitaS_Exteri_656a92,,,,,
2026-09-12T23:46:07-05:00,PUR_IED_ManuelitaS_JuzgDe_f58ec3,PUR_IED_ManuelitaS_JuzgDe_f58ec3,,,,,
2026-09-12T23:46:07-05:00,PUR_IED_ManuelitaS_Recrea_d793db,PUR_IED_ManuelitaS_Recrea_d793db,,,,,
2026-09-12T23:46:07-05:00,PUR_IED_MarFidSuarez_Ext_c27b19,PUR_IED_MarFidSuarez_Ext_c27b19,,,,,
2026-09-12T23:46:07-05:00,PUR_IED_MarFidSuarez_Info_e384d7,PUR_IED_MarFidSuarez_Info_e384d7,,,,,
2026-09-12T23:46:07-05:00,PUR_IED_MarFidSuarez_S306_1d0032,PUR_IED_MarFidSuarez_S306_1d0032,,,,,
2026-09-12T23:46:07-05:00,PUR_IED_Menorah_301_2a25a3,PUR_IED_Menorah_301_2a25a3,,,,,
2026-09-12T23:46:07-05:00,PUR_IED_Menorah_306_37ed3,PUR_IED_Menorah_306_37ed3,,,,,
2026-09-12T23:46:07-05:00,PUR_IED_Menorah_Ext_3e155b,PUR_IED_Menorah_Ext_3e155b,,,,,
2026-09-12T23:46:07-05:00,PUR_IED_MinutoB.Aires_A11_1b1604,PUR_IED_MinutoB.Aires_A11_1b1604,,,,,
2026-09-12T23:46:07-05:00,PUR_IED_MinutoB.Aires_A12_fb5860,PUR_IED_MinutoB.Aires_A12_fb5860,,,,,
2026-09-12T23:46:07-05:00,PUR_IED_MinutoB.Aires_Ext_81293f,PUR_IED_MinutoB.Aires_Ext_81293f,,,,,
2026-09-12T23:46:07-05:00,PUR_IED_MinutoBAires_A11_1b1604,PUR_IED_MinutoBAires_A11_1b1604,,,,,
2026-09-12T23:46:07-05:00,PUR_IED_MinutoBAires_A12_fb5860,PUR_IED_MinutoBAires_A12_fb5860,,,,,
2026-09-12T23:46:07-05:00,PUR_IED_MinutoBAires_Ext_81293f,PUR_IED_MinutoBAires_Ext_81293f,,,,,
2026-09-12T23:46:07-05:00,PUR_IED_Montreal_Aula10_1e4959,PUR_IED_Montreal_Aula10_1e4959,,,,,
2026-09-12T23:46:07-05:00,PUR_IED_Montreal_Aula6_300367,PUR_IED_Montreal_Aula6_300367,,,,,
2026-09-12T23:46:07-05:00,PUR_IED_Montreal_Exterior_91a179,PUR_IED_Montreal_Exterior_91a179,,,,,
2026-09-12T23:46:07-05:00,PUR_IED_Mqgdalena_B202_5ddda3,PUR_IED_Mqgdalena_B202_5ddda3,,,,,
2026-09-12T23:46:07-05:00,PUR_IED_NACUND_Soc_dc8728,PUR_IED_NACUND_Soc_dc8728,,,,,
2026-09-12T23:46:07-05:00,PUR_IED_NACUND_ext_27ad97,PUR_IED_NACUND_ext_27ad97,,,,,
2026-09-12T23:46:07-05:00,PUR_IED_NEsperanza_Ext_d24b61,PUR_IED_NEsperanza_Ext_d24b61,,,,,
2026-09-12T23:46:07-05:00,PUR_IED_NEsperanza_SElect_7d1807,PUR_IED_NEsperanza_SElect_7d1807,,,,,
2026-09-12T23:46:07-05:00,PUR_IED_NEsperanza_SLabor_8b2d0a,PUR_IED_NEsperanza_SLabor_8b2d0a,,,,,
2026-09-12T23:46:07-05:00,PUR_IED_NacionesU_Ext_f661a9,PUR_IED_NacionesU_Ext_f661a9,,,,,
2026-09-12T23:46:07-05:00,PUR_IED_NacionesU_Quimica_66f0a,PUR_IED_NacionesU_Quimica_66f0a,,,,,
2026-09-12T23:46:07-05:00,PUR_IED_NacionesU_S306_1b4b3d,PUR_IED_NacionesU_S306_1b4b3d,,,,,
2026-09-12T23:46:07-05:00,PUR_IED_NestorFA_Ext_e4201c,PUR_IED_NestorFA_Ext_e4201c,,,,,
2026-09-12T23:46:07-05:00,PUR_IED_NestorFA_Laborato_f22fe0,PUR_IED_NestorFA_Laborato_f22fe0,,,,,
2026-09-12T23:46:07-05:00,PUR_IED_NestorFA_S204_dee996,PUR_IED_NestorFA_S204_dee996,,,,,
2026-09-12T23:46:07-05:00,PUR_IED_NidyaQT_Aula03_76999b,PUR_IED_NidyaQT_Aula03_76999b,,,,,
2026-09-12T23:46:07-05:00,PUR_IED_NidyaQT_Aula10_56325,PUR_IED_NidyaQT_Aula10_56325,,,,,
2026-09-12T23:46:07-05:00,PUR_IED_NidyaQT_Ext_46e32d,PUR_IED_NidyaQT_Ext_46e32d,,,,,
2026-09-12T23:46:07-05:00,PUR_IED_NuevaCol_Exterior_d9b859,PUR_IED_NuevaCol_Exterior_d9b859,,,,,
2026-09-12T23:46:07-05:00,PUR_IED_NuevaCol_S1101_76c43b,PUR_IED_NuevaCol_S1101_76c43b,,,,,
2026-09-12T23:46:07-05:00,PUR_IED_NuevaCol_S1102_1ce0b5,PUR_IED_NuevaCol_S1102_1ce0b5,,,,,
2026-09-12T23:46:07-05:00,PUR_IED_OEA_A202_f7e3f2,PUR_IED_OEA_A202_f7e3f2,,,,,
2026-09-12T23:46:07-05:00,PUR_IED_OEA_A203_7d1b8d,PUR_IED_OEA_A203_7d1b8d,,,,,
2026-09-12T23:46:07-05:00,PUR_IED_OEA_Ext_27b593,PUR_IED_OEA_Ext_27b593,,,,,
2026-09-12T23:46:07-05:00,PUR_IED_Ochoa_Ext_1c29da,PUR_IED_Ochoa_Ext_1c29da,,,,,
2026-09-12T23:46:07-05:00,PUR_IED_Ochoa_S205_8b1121,PUR_IED_Ochoa_S205_8b1121,,,,,
2026-09-12T23:46:07-05:00,PUR_IED_Ochoa_Sistemas_f33af6,PUR_IED_Ochoa_Sistemas_f33af6,,,,,
2026-09-12T23:46:07-05:00,PUR_IED_PQuebec_Ext_1c67c7,PUR_IED_PQuebec_Ext_1c67c7,,,,,
2026-09-12T23:46:07-05:00,PUR_IED_PQuebec_S15_23e8e2,PUR_IED_PQuebec_S15_23e8e2,,,,,
2026-09-12T23:46:07-05:00,PUR_IED_PQuebec_S16_8ec76b,PUR_IED_PQuebec_S16_8ec76b,,,,,
2026-09-12T23:46:07-05:00,PUR_IED_PabloN_Ext_49dc96,PUR_IED_PabloN_Ext_49dc96,,,,,
2026-09-12T23:46:07-05:00,PUR_IED_PabloN_S1102_4e3df5,PUR_IED_PabloN_S1102_4e3df5,,,,,
2026-09-12T23:46:07-05:00,PUR_IED_PabloN_S1103_50c94b,PUR_IED_PabloN_S1103_50c94b,,,,,
2026-09-12T23:46:07-05:00,PUR_IED_Palestina_S1101_db9198,PUR_IED_Palestina_S1101_db9198,,,,,
2026-09-12T23:46:07-05:00,PUR_IED_Palestina_S1102_dc54fa,PUR_IED_Palestina_S1102_dc54fa,,,,,
2026-09-12T23:46:07-05:00,PUR_IED_Palestina_ext_4ccce6,PUR_IED_Palestina_ext_4ccce6,,,,,
2026-09-12T23:46:07-05:00,PUR_IED_Panama_Fisica_4d0794,PUR_IED_Panama_Fisica_4d0794,,,,,
2026-09-12T23:46:07-05:00,PUR_IED_Panama_SIngles_a4077e,PUR_IED_Panama_SIngles_a4077e,,,,,
2026-09-12T23:46:07-05:00,PUR_IED_Panama_ext_4c54b4,PUR_IED_Panama_ext_4c54b4,,,,,
2026-09-12T23:46:07-05:00,PUR_IED_ParaisoM_Exterior_8cd7f0,PUR_IED_ParaisoM_Exterior_8cd7f0,,,,,
2026-09-12T23:46:07-05:00,PUR_IED_ParaisoM_Laborato_27af35,PUR_IED_ParaisoM_Laborato_27af35,,,,,
2026-09-12T23:46:07-05:00,PUR_IED_ParaisoM_S304_d1edca,PUR_IED_ParaisoM_S304_d1edca,,,,,
2026-09-12T23:46:07-05:00,PUR_IED_PorfirioBarba_Ext_301466,PUR_IED_PorfirioBarba_Ext_301466,,,,,
2026-09-12T23:46:07-05:00,PUR_IED_PorfirioBarba_S11_df6cd2,PUR_IED_PorfirioBarba_S11_df6cd2,,,,,
2026-09-12T23:46:07-05:00,PUR_IED_PorfirioBarba_S29_27a7d6,PUR_IED_PorfirioBarba_S29_27a7d6,,,,,
2026-09-12T23:46:07-05:00,PUR_IED_PradoV_Exter_8b27ad,PUR_IED_PradoV_Exter_8b27ad,,,,,
2026-09-12T23:46:07-05:00,PUR_IED_PradoV_S301_de65b5,PUR_IED_PradoV_S301_de65b5,,,,,
2026-09-12T23:46:07-05:00,PUR_IED_PradoV_S302_7d2593,PUR_IED_PradoV_S302_7d2593,,,,,
2026-09-12T23:46:07-05:00,PUR_IED_QuirogaAlz_Ext_1ddc82,PUR_IED_QuirogaAlz_Ext_1ddc82,,,,,
2026-09-12T23:46:07-05:00,PUR_IED_QuirogaAlz_S302_9926a3,PUR_IED_QuirogaAlz_S302_9926a3,,,,,
2026-09-12T23:46:07-05:00,PUR_IED_QuirogaAlz_S305_cdf1f1,PUR_IED_QuirogaAlz_S305_cdf1f1,,,,,
2026-09-12T23:46:07-05:00,PUR_IED_RGuatemala_Biling_dc53b7,PUR_IED_RGuatemala_Biling_dc53b7,,,,,
2026-09-12T23:46:07-05:00,PUR_IED_RGuatemala_Ext_1b89a3,PUR_IED_RGuatemala_Ext_1b89a3,,,,,
2026-09-12T23:46:07-05:00,PUR_IED_RGuatemala_Tecnol_281a34,PUR_IED_RGuatemala_Tecnol_281a34,,,,,
2026-09-12T23:46:07-05:00,PUR_IED_RafaNu_Ext_f7c302,PUR_IED_RafaNu_Ext_f7c302,,,,,
2026-09-12T23:46:07-05:00,PUR_IED_RafaNu_S1101_25fde,PUR_IED_RafaNu_S1101_25fde,,,,,
2026-09-12T23:46:07-05:00,PUR_IED_RafaNu_S1102_281517,PUR_IED_RafaNu_S1102_281517,,,,,
2026-09-12T23:46:07-05:00,PUR_IED_RafaelB_S305_ee2783,PUR_IED_RafaelB_S305_ee2783,,,,,
2026-09-12T23:46:07-05:00,PUR_IED_RafaelB_S306_75fe33,PUR_IED_RafaelB_S306_75fe33,,,,,
2026-09-12T23:46:07-05:00,PUR_IED_RafaelB_ext_283336,PUR_IED_RafaelB_ext_283336,5,19,59,4.6722,-74.0737
2026-09-12T23:46:07-05:00,PUR_IED_RafaelUU_Exterior_281a51,PUR_IED_RafaelUU_Exterior_281a51,,,,,
2026-09-12T23:46:07-05:00,PUR_IED_RafaelUU_Human_806b2,PUR_IED_RafaelUU_Human_806b2,,,,,
2026-09-12T23:46:07-05:00,PUR_IED_RafaelUU_Mate2_5680d4,PUR_IED_RafaelUU_Mate2_5680d4,,,,,
2026-09-12T23:46:07-05:00,PUR_IED_RamonSub_Ext_f9eeb9,PUR_IED_RamonSub_Ext_f9eeb9,,,,,
2026-09-12T23:46:07-05:00,PUR_IED_RamonSub_Media_d1f62f,PUR_IED_RamonSub_Media_d1f62f,,,,,
2026-09-12T23:46:07-05:00,PUR_IED_RamonSub_planta_51b82,PUR_IED_RamonSub_planta_51b82,,,,,
2026-09-12T23:46:07-05:00,PUR_IED_RepBoliVene_Exter_27af7c,PUR_IED_RepBoliVene_Exter_27af7c,,,,,
2026-09-12T23:46:07-05:00,PUR_IED_RepBoliVene_SCPT_5ae2ee,PUR_IED_RepBoliVene_SCPT_5ae2ee,,,,,
2026-09-12T23:46:07-05:00,PUR_IED_RepBoliVene_Socia_4b11d5,PUR_IED_RepBoliVene_Socia_4b11d5,,,,,
2026-09-12T23:46:07-05:00,PUR_IED_RepChina_Ext_76d9ee,PUR_IED_RepChina_Ext_76d9ee,,,,,
2026-09-12T23:46:07-05:00,PUR_IED_RepChina_S404_7c804c,PUR_IED_RepChina_S404_7c804c,,,,,
2026-09-12T23:46:07-05:00,PUR_IED_RepChina_S405_df2c33,PUR_IED_RepChina_S405_df2c33,,,,,
2026-09-12T23:46:07-05:00,PUR_IED_RepublicaC_Exteri_7d1ec9,PUR_IED_RepublicaC_Exteri_7d1ec9,,,,,
2026-09-12T23:46:07-05:00,PUR_IED_RepublicaC_S1101_f544b3,PUR_IED_RepublicaC_S1101_f544b3,,,,,
2026-09-12T23:46:07-05:00,PUR_IED_RepublicaC_S1102_7aafc7,PUR_IED_RepublicaC_S1102_7aafc7,,,,,
2026-09-12T23:46:07-05:00,PUR_IED_Ricaurte_Externo_a0ea1,PUR_IED_Ricaurte_Externo_a0ea1,,,,,
2026-09-12T23:46:07-05:00,PUR_IED_Ricaurte_S210_f546fd,PUR_IED_Ricaurte_S210_f546fd,,,,,
2026-09-12T23:46:07-05:00,PUR_IED_Ricaurte_S309_d4452,PUR_IED_Ricaurte_S309_d4452,,,,,
2026-09-12T23:46:07-05:00,PUR_IED_RogelioS_1102_531e69,PUR_IED_RogelioS_1102_531e69,,,,,
2026-09-12T23:46:07-05:00,PUR_IED_RogelioS_Ext_f25a18,PUR_IED_RogelioS_Ext_f25a18,,,,,
2026-09-12T23:46:07-05:00,PUR_IED_SBernardino_Ext_27aff8,PUR_IED_SBernardino_Ext_27aff8,,,,,
2026-09-12T23:46:07-05:00,PUR_IED_SBernardino_SArte_2ffd33,PUR_IED_SBernardino_SArte_2ffd33,,,,,
2026-09-12T23:46:07-05:00,PUR_IED_SBernardino_SIngl_7c7da5,PUR_IED_SBernardino_SIngl_7c7da5,,,,,
2026-09-12T23:46:07-05:00,PUR_IED_Sago_auditorio_dc9d1d,PUR_IED_Sago_auditorio_dc9d1d,,,,,
2026-09-12T23:46:07-05:00,PUR_IED_Saludcoop_Ext_95aac3,PUR_IED_Saludcoop_Ext_95aac3,,,,,
2026-09-12T23:46:07-05:00,PUR_IED_Saludcoop_InfI_90c854,PUR_IED_Saludcoop_InfI_90c854,,,,,
2026-09-12T23:46:07-05:00,PUR_IED_Saludcoop_SMedia_1b93be,PUR_IED_Saludcoop_SMedia_1b93be,,,,,
2026-09-12T23:46:07-05:00,PUR_IED_SanCarlos_1101_1a2360,PUR_IED_SanCarlos_1101_1a2360,,,,,
2026-09-12T23:46:07-05:00,PUR_IED_SanCarlos_1103_7bafb5,PUR_IED_SanCarlos_1103_7bafb5,,,,,
2026-09-12T23:46:07-05:00,PUR_IED_SanCarlos_Ext_b7cd1,PUR_IED_SanCarlos_Ext_b7cd1,,,,,
2026-09-12T23:46:07-05:00,PUR_IED_SanIgnacioBosa11a_50c26e,PUR_IED_SanIgnacioBosa11a_50c26e,,,,,
2026-09-12T23:46:07-05:00,PUR_IED_SanIgnacioBosa11b_371de8,PUR_IED_SanIgnacioBosa11b_371de8,,,,,
2026-09-12T23:46:07-05:00,PUR_IED_SanIgnacioBosaExt_ef0ffc,PUR_IED_SanIgnacioBosaExt_ef0ffc,,,,,
2026-09-12T23:46:07-05:00,PUR_IED_SanIgnacioBosa_11a_50c26e,PUR_IED_SanIgnacioBosa_11a_50c26e,,,,,
2026-09-12T23:46:07-05:00,PUR_IED_SanIgnacioBosa_Ext_ef0ffc,PUR_IED_SanIgnacioBosa_Ext_ef0ffc,,,,,
2026-09-12T23:46:07-05:00,PUR_IED_SanJoseN_intS1101_31c47f,PUR_IED_SanJoseN_intS1101_31c47f,,,,,
2026-09-12T23:46:07-05:00,PUR_IED_SanJoseUsm_Exter_f5d7e8,PUR_IED_SanJoseUsm_Exter_f5d7e8,,,,,
2026-09-12T23:46:07-05:00,PUR_IED_SanJoseUsm_Int11A_cfdef6,PUR_IED_SanJoseUsm_Int11A_cfdef6,,,,,
2026-09-12T23:46:07-05:00,PUR_IED_SilveriaR_IntB5_905349,PUR_IED_SilveriaR_IntB5_905349,,,,,
2026-09-12T23:46:07-05:00,PUR_IED_SilveriaR_IntSD14_981f93,PUR_IED_SilveriaR_IntSD14_981f93,,,,,
2026-09-12T23:46:07-05:00,PUR_IED_SilveriaR_ext_2b651d,PUR_IED_SilveriaR_ext_2b651d,,,,,
2026-09-12T23:46:07-05:00,PUR_IED_SimonB_Exterior_913975,PUR_IED_SimonB_Exterior_913975,,,,,
2026-09-12T23:46:07-05:00,PUR_IED_SimonB_LabQuimi_c56908,PUR_IED_SimonB_LabQuimi_c56908,,,,,
2026-09-12T23:46:07-05:00,PUR_IED_SimonB_informatic_a28c1,PUR_IED_SimonB_informatic_a28c1,,,,,
2026-09-12T23:46:07-05:00,PUR_IED_Sorrento_1102_315f50,PUR_IED_Sorrento_1102_315f50,,,,,
2026-09-12T23:46:07-05:00,PUR_IED_Sorrento_Minte_214eab,PUR_IED_Sorrento_Minte_214eab,,,,,
2026-09-12T23:46:07-05:00,PUR_IED_Sorrento_ext_7c3a0a,PUR_IED_Sorrento_ext_7c3a0a,,,,,
2026-09-12T23:46:07-05:00,PUR_IED_Tabora_Ext_f048ae,PUR_IED_Tabora_Ext_f048ae,,,,,
2026-09-12T23:46:07-05:00,PUR_IED_Tabora_S1102_b07752,PUR_IED_Tabora_S1102_b07752,,,,,
2026-09-12T23:46:07-05:00,PUR_IED_Tabora_S1103_d988f5,PUR_IED_Tabora_S1103_d988f5,,,,,
2026-09-12T23:46:07-05:00,PUR_IED_Tenerife_Ext_1ab188,PUR_IED_Tenerife_Ext_1ab188,,,,,
2026-09-12T23:46:07-05:00,PUR_IED_Tenerife_SDanzas_7bc02e,PUR_IED_Tenerife_SDanzas_7bc02e,,,,,
2026-09-12T23:46:07-05:00,PUR_IED_Tenerife_SIngles_7cc277,PUR_IED_Tenerife_SIngles_7cc277,,,,,
2026-09-12T23:46:07-05:00,PUR_IED_Tibabuyes_Exter_f2683d,PUR_IED_Tibabuyes_Exter_f2683d,,,,,
2026-09-12T23:46:07-05:00,PUR_IED_Tibabuyes_S10_dc87a8,PUR_IED_Tibabuyes_S10_dc87a8,,,,,
2026-09-12T23:46:07-05:00,PUR_IED_Tibabuyes_S15_dc0526,PUR_IED_Tibabuyes_S15_dc0526,,,,,
2026-09-12T23:46:07-05:00,PUR_IED_UnionE_S301_a1043,PUR_IED_UnionE_S301_a1043,,,,,
2026-09-12T23:46:07-05:00,PUR_IED_UnionE_S307_ff6c2f,PUR_IED_UnionE_S307_ff6c2f,,,,,
2026-09-12T23:46:07-05:00,PUR_IED_UnionE__Ext_5e2468,PUR_IED_UnionE__Ext_5e2468,,,,,
2026-09-12T23:46:07-05:00,PUR_IED_VillaRica_Ext_75be7c,PUR_IED_VillaRica_Ext_75be7c,,,,,
2026-09-12T23:46:07-05:00,PUR_IED_VillaRica_S4_cc5dcd,PUR_IED_VillaRica_S4_cc5dcd,,,,,
2026-09-12T23:46:07-05:00,PUR_IED_VillaRica_Sesp_99f5c,PUR_IED_VillaRica_Sesp_99f5c,,,,,
2026-09-12T23:51:07-05:00,PUR_IED_20deJulio_1101_91b1b9,PUR_IED_20deJulio_1101_91b1b9,,,,,
2026-09-12T23:51:07-05:00,PUR_IED_20deJulio_1102_1cfcf9,PUR_IED_20deJulio_1102_1cfcf9,,,,,
2026-09-12T23:51:07-05:00,PUR_IED_20deJulio_Ext_ab60bd,PUR_IED_20deJulio_Ext_ab60bd,,,,,
2026-09-12T23:51:07-05:00,PUR_IED_AgustinFer_Ext_7b9b77,PUR_IED_AgustinFer_Ext_7b9b77,,,,,
2026-09-12T23:51:07-05:00,PUR_IED_AgustinFer_Info2_27b3a7,PUR_IED_AgustinFer_Info2_27b3a7,,,,,
2026-09-12T23:51:07-05:00,PUR_IED_AgustinFer_Sena_54b4eb,PUR_IED_AgustinFer_Sena_54b4eb,,,,,
2026-09-12T23:51:07-05:00,PUR_IED_AlexanderF_1102_caf07b,PUR_IED_AlexanderF_1102_caf07b,,,,,
2026-09-12T23:51:07-05:00,PUR_IED_AlexanderF_1103_c79e71,PUR_IED_AlexanderF_1103_c79e71,,,,,
2026-09-12T23:51:07-05:00,PUR_IED_AlexanderF_Ext_c5b18b,PUR_IED_AlexanderF_Ext_c5b18b,,,,,
2026-09-12T23:51:07-05:00,PUR_IED_AlfonsoLopez_Ext_281d77,PUR_IED_AlfonsoLopez_Ext_281d77,,,,,
2026-09-12T23:51:07-05:00,PUR_IED_AlfonsoLopez_LabF_888ce0,PUR_IED_AlfonsoLopez_LabF_888ce0,,,,,
2026-09-12T23:51:07-05:00,PUR_IED_AlfonsoLopez_SMed_df6a7f,PUR_IED_AlfonsoLopez_SMed_df6a7f,,,,,
2026-09-12T23:51:07-05:00,PUR_IED_AltamiraSO_A2_209f92,PUR_IED_AltamiraSO_A2_209f92,,,,,
2026-09-12T23:51:07-05:00,PUR_IED_AltamiraSO_Ext_186d66,PUR_IED_AltamiraSO_Ext_186d66,,,,,
2026-09-12T23:51:07-05:00,PUR_IED_AltamiraSO_Sistem_27afe1,PUR_IED_AltamiraSO_Sistem_27afe1,,,,,
2026-09-12T23:51:07-05:00,PUR_IED_AlvaroGom_LabQuim_813179,PUR_IED_AlvaroGom_LabQuim_813179,,,,,
2026-09-12T23:51:07-05:00,PUR_IED_AlvaroGomez_Ext_47c7ca,PUR_IED_AlvaroGomez_Ext_47c7ca,,,,,
2026-09-12T23:51:07-05:00,PUR_IED_AlvaroGomez_LabQuim_813179,PUR_IED_AlvaroGomez_LabQuim_813179,,,,,
2026-09-12T23:51:07-05:00,PUR_IED_AlvaroGomez_S23_7ba89f,PUR_IED_AlvaroGomez_S23_7ba89f,,,,,
2026-09-12T23:51:07-05:00,PUR_IED_Amistad_306_dc8728,PUR_IED_Amistad_306_dc8728,,,,,
2026-09-12T23:51:07-05:00,PUR_IED_Amistad_Ext_8cd55e,PUR_IED_Amistad_Ext_8cd55e,,,,,
2026-09-12T23:51:07-05:00,PUR_IED_Amistad_S202_a41169,PUR_IED_Amistad_S202_a41169,,,,,
2026-09-12T23:51:07-05:00,PUR_IED_AndresBello_Bio_fd5f5e,PUR_IED_AndresBello_Bio_fd5f5e,,,,,
2026-09-12T23:51:07-05:00,PUR_IED_AndresBello_ext_dcad65,PUR_IED_AndresBello_ext_dcad65,,,,,
2026-09-12T23:51:07-05:00,PUR_IED_AndresBello_port_eed3ec,PUR_IED_AndresBello_port_eed3ec,,,,,
2026-09-12T23:51:07-05:00,PUR_IED_AngelaR_11b_d90a6b,PUR_IED_AngelaR_11b_d90a6b,,,,,
2026-09-12T23:51:07-05:00,PUR_IED_AngelaR_ext_7cad3e,PUR_IED_AngelaR_ext_7cad3e,6,18,64,4.5825,-74.164497
2026-09-12T23:51:07-05:00,PUR_IED_AntJoseSucre_10mo_df2575,PUR_IED_AntJoseSucre_10mo_df2575,,,,,
2026-09-12T23:51:07-05:00,PUR_IED_AntJoseSucre_Ext_215b36,PUR_IED_AntJoseSucre_Ext_215b36,,,,,
2026-09-12T23:51:07-05:00,PUR_IED_AntJoseSucre_Lab_3139de,PUR_IED_AntJoseSucre_Lab_3139de,,,,,
2026-09-12T23:51:07-05:00,PUR_IED_AntonioGarcia_301_d6b188,PUR_IED_AntonioGarcia_301_d6b188,,,,,
2026-09-12T23:51:07-05:00,PUR_IED_AntonioGarcia_302_88a82,PUR_IED_AntonioGarcia_302_88a82,,,,,
2026-09-12T23:51:07-05:00,PUR_IED_AntonioGarcia_Ext_20950c,PUR_IED_AntonioGarcia_Ext_20950c,,,,,
2026-09-12T23:51:07-05:00,PUR_IED_AntonioVan_Aula2_6dea02,PUR_IED_AntonioVan_Aula2_6dea02,,,,,
2026-09-12T23:51:07-05:00,PUR_IED_AntonioVan_Aula5_f1557e,PUR_IED_AntonioVan_Aula5_f1557e,,,,,
2026-09-12T23:51:07-05:00,PUR_IED_AntonioVan_Ext_406f2f,PUR_IED_AntonioVan_Ext_406f2f,,,,,
2026-09-12T23:51:07-05:00,PUR_IED_Atabanzha_Ext_cc5af9,PUR_IED_Atabanzha_Ext_cc5af9,,,,,
2026-09-12T23:51:07-05:00,PUR_IED_Atabanzha_SA101_56c37,PUR_IED_Atabanzha_SA101_56c37,,,,,
2026-09-12T23:51:07-05:00,PUR_IED_Atabanzha_SB302_27b374,PUR_IED_Atabanzha_SB302_27b374,,,,,
2026-09-12T23:51:07-05:00,PUR_IED_Atahualpa_Ext_fc1748,PUR_IED_Atahualpa_Ext_fc1748,,,,,
2026-09-12T23:51:07-05:00,PUR_IED_Atahualpa_Informa_dc9a95,PUR_IED_Atahualpa_Informa_dc9a95,,,,,
2026-09-12T23:51:07-05:00,PUR_IED_Atahualpa_S1101_f98056,PUR_IED_Atahualpa_S1101_f98056,,,,,
2026-09-12T23:51:07-05:00,PUR_IED_Bellavista_Ext_f5aa74,PUR_IED_Bellavista_Ext_f5aa74,,,,,
2026-09-12T23:51:07-05:00,PUR_IED_Bilbao_11A_916c41,PUR_IED_Bilbao_11A_916c41,,,,,
2026-09-12T23:51:07-05:00,PUR_IED_Bilbao_Ext_fb579a,PUR_IED_Bilbao_Ext_fb579a,,,,,
2026-09-12T23:51:07-05:00,PUR_IED_BrasiliaU_A125_304280,PUR_IED_BrasiliaU_A125_304280,,,,,
2026-09-12T23:51:07-05:00,PUR_IED_BrasiliaU_A203_7c8ca5,PUR_IED_BrasiliaU_A203_7c8ca5,,,,,
2026-09-12T23:51:07-05:00,PUR_IED_BrasiliaU_Ext_8d6e9f,PUR_IED_BrasiliaU_Ext_8d6e9f,5,17,63,4.5175,-74.116302
2026-09-12T23:51:07-05:00,PUR_IED_Brasilia_Ext_fe6593,PUR_IED_Brasilia_Ext_fe6593,,,,,
2026-09-12T23:51:07-05:00,PUR_IED_Brasilia_S24_7c130d,PUR_IED_Brasilia_S24_7c130d,,,,,
2026-09-12T23:51:07-05:00,PUR_IED_Brasilia_S501_186a54,PUR_IED_Brasilia_S501_186a54,,,,,
2026-09-12T23:51:07-05:00,PUR_IED_CHARRY_EXT_f1d5cd,PUR_IED_CHARRY_EXT_f1d5cd,,,,,
2026-09-12T23:51:07-05:00,PUR_IED_CHARRY_INTDANZAS_7a08e6,PUR_IED_CHARRY_INTDANZAS_7a08e6,,,,,
2026-09-12T23:51:07-05:00,PUR_IED_CHARRY_INT_AULA20_dc998d,PUR_IED_CHARRY_INT_AULA20_dc998d,,,,,
2026-09-12T23:51:07-05:00,PUR_IED_COLVIV_1101_S25_7f520a,PUR_IED_COLVIV_1101_S25_7f520a,,,,,
2026-09-12T23:51:07-05:00,PUR_IED_COLVIV_1102_S16_f570ba,PUR_IED_COLVIV_1102_S16_f570ba,,,,,
2026-09-12T23:51:07-05:00,PUR_IED_COLVIV_Ext_1a26fa,PUR_IED_COLVIV_Ext_1a26fa,,,,,
2026-09-12T23:51:07-05:00,PUR_IED_CULPOP_301A_f660f3,PUR_IED_CULPOP_301A_f660f3,,,,,
2026-09-12T23:51:07-05:00,PUR_IED_CULPOP_303_568afe,PUR_IED_CULPOP_303_568afe,,,,,
2026-09-12T23:51:07-05:00,PUR_IED_CULPOP_Ext_e02ccb,PUR_IED_CULPOP_Ext_e02ccb,,,,,
2026-09-12T23:51:07-05:00,PUR_IED_CVillavicen_Ext_26eb58,PUR_IED_CVillavicen_Ext_26eb58,4,15,79,4.487,-74.102798
2026-09-12T23:51:07-05:00,PUR_IED_CVillavicen_Intel_1ce5c2,PUR_IED_CVillavicen_Intel_1ce5c2,,,,,
2026-09-12T23:51:07-05:00,PUR_IED_CVillavicen_Poliv_e0766c,PUR_IED_CVillavicen_Poliv_e0766c,,,,,
2026-09-12T23:51:07-05:00,PUR_IED_CVillavicen_int_1ba140,PUR_IED_CVillavicen_int_1ba140,,,,,
2026-09-12T23:51:07-05:00,PUR_IED_CVillavicen_intel_1ba140,PUR_IED_CVillavicen_intel_1ba140,,,,,
2026-09-12T23:51:07-05:00,PUR_IED_CarlosPizarro_Ext_e307cc,PUR_IED_CarlosPizarro_Ext_e307cc,,,,,
2026-09-12T23:51:07-05:00,PUR_IED_CarlosPizarro_L36_7e5cdb,PUR_IED_CarlosPizarro_L36_7e5cdb,,,,,
2026-09-12T23:51:07-05:00,PUR_IED_CarlosPizarro_L37_c8566c,PUR_IED_CarlosPizarro_L37_c8566c,,,,,
2026-09-12T23:51:07-05:00,PUR_IED_Castilla_Ext_cf35f,PUR_IED_Castilla_Ext_cf35f,,,,,
2026-09-12T23:51:07-05:00,PUR_IED_Castilla_SFisik_360e38,PUR_IED_Castilla_SFisik_360e38,,,,,
2026-09-12T23:51:07-05:00,PUR_IED_Castilla_Sc304_496fbf,PUR_IED_Castilla_Sc304_496fbf,,,,,
2026-09-12T23:51:07-05:00,PUR_IED_CervantesSa_Ext_6b57b,PUR_IED_CervantesSa_Ext_6b57b,2,17,69,4.5128,-74.117203
2026-09-12T23:51:07-05:00,PUR_IED_CervantesSa_S107_225c2b,PUR_IED_CervantesSa_S107_225c2b,,,,,
2026-09-12T23:51:07-05:00,PUR_IED_CervantesSa_S108_940925,PUR_IED_CervantesSa_S108_940925,,,,,
2026-09-12T23:51:07-05:00,PUR_IED_Charry_A20_f53e7c,PUR_IED_Charry_A20_f53e7c,,,,,
2026-09-12T23:51:07-05:00,PUR_IED_Charry_Ext_f1d5cd,PUR_IED_Charry_Ext_f1d5cd,,,,,
2026-09-12T23:51:07-05:00,PUR_IED_Charry_IntAula20_dc998d,PUR_IED_Charry_IntAula20_dc998d,,,,,
2026-09-12T23:51:07-05:00,PUR_IED_Charry_IntDanzas_7a08e6,PUR_IED_Charry_IntDanzas_7a08e6,,,,,
2026-09-12T23:51:07-05:00,PUR_IED_ClememciaC_203_43e2fc,PUR_IED_ClememciaC_203_43e2fc,,,,,
2026-09-12T23:51:07-05:00,PUR_IED_ClememciaC_Ext_1b411a,PUR_IED_ClememciaC_Ext_1b411a,,,,,
2026-09-12T23:51:07-05:00,PUR_IED_ClememciaC_Quimic_44b5fc,PUR_IED_ClememciaC_Quimic_44b5fc,,,,,
2026-09-12T23:51:07-05:00,PUR_IED_ClemenciaC_203_43e2fc,PUR_IED_ClemenciaC_203_43e2fc,,,,,
2026-09-12T23:51:07-05:00,PUR_IED_ClemenciaC_Ext_1b411a,PUR_IED_ClemenciaC_Ext_1b411a,,,,,
2026-09-12T23:51:07-05:00,PUR_IED_ClemenciaC_Quimic_44b5fc,PUR_IED_ClemenciaC_Quimic_44b5fc,,,,,
2026-09-12T23:51:07-05:00,PUR_IED_ColViva_1101_S25_7f520a,PUR_IED_ColViva_1101_S25_7f520a,,,,,
2026-09-12T23:51:07-05:00,PUR_IED_ColViva_1102_S16_f570ba,PUR_IED_ColViva_1102_S16_f570ba,,,,,
2026-09-12T23:51:07-05:00,PUR_IED_ColViva_Ext_1a26fa,PUR_IED_ColViva_Ext_1a26fa,,,,,
2026-09-12T23:51:07-05:00,PUR_IED_ColegioBici_Asist_7c8798,PUR_IED_ColegioBici_Asist_7c8798,,,,,
2026-09-12T23:51:07-05:00,PUR_IED_ColegioBici_Ext_25cbf6,PUR_IED_ColegioBici_Ext_25cbf6,,,,,
2026-09-12T23:51:07-05:00,PUR_IED_ColegioBici_LabQ_7b57db,PUR_IED_ColegioBici_LabQ_7b57db,,,,,
2026-09-12T23:51:07-05:00,PUR_IED_CostaRica_Ext_5e640,PUR_IED_CostaRica_Ext_5e640,,,,,
2026-09-12T23:51:07-05:00,PUR_IED_CostaRica_Quim1_766d1c,PUR_IED_CostaRica_Quim1_766d1c,,,,,
2026-09-12T23:51:07-05:00,PUR_IED_CostaRica__Fisica_6f0873,PUR_IED_CostaRica__Fisica_6f0873,,,,,
2026-09-12T23:51:07-05:00,PUR_IED_CulPopu_301A_f660f3,PUR_IED_CulPopu_301A_f660f3,,,,,
2026-09-12T23:51:07-05:00,PUR_IED_CulPopu_303_568afe,PUR_IED_CulPopu_303_568afe,,,,,
2026-09-12T23:51:07-05:00,PUR_IED_CulPopu_Ext_e02ccb,PUR_IED_CulPopu_Ext_e02ccb,,,,,
2026-09-12T23:51:07-05:00,PUR_IED_Cundinamarca_Ext_f15985,PUR_IED_Cundinamarca_Ext_f15985,,,,,
2026-09-12T23:51:07-05:00,PUR_IED_Cundinamarca_Info_7aa5d7,PUR_IED_Cundinamarca_Info_7aa5d7,,,,,
2026-09-12T23:51:07-05:00,PUR_IED_Cundinamarca_Tec2_f449c7,PUR_IED_Cundinamarca_Tec2_f449c7,,,,,
2026-09-12T23:51:07-05:00,PUR_IED_DiegoM_Aula1_27b314,PUR_IED_DiegoM_Aula1_27b314,,,,,
2026-09-12T23:51:07-05:00,PUR_IED_DiegoM_Ext_d80ac8,PUR_IED_DiegoM_Ext_d80ac8,,,,,
2026-09-12T23:51:07-05:00,PUR_IED_DiegoM_S25_da928f,PUR_IED_DiegoM_S25_da928f,,,,,
2026-09-12T23:51:07-05:00,PUR_IED_ELRODEO_360881,PUR_IED_ELRODEO_360881,,,,,
2026-09-12T23:51:07-05:00,PUR_IED_ELRODEO_ext_360881,PUR_IED_ELRODEO_ext_360881,,,,,
2026-09-12T23:51:07-05:00,PUR_IED_EduardoU_Ext_1c1969,PUR_IED_EduardoU_Ext_1c1969,,,,,
2026-09-12T23:51:07-05:00,PUR_IED_EduardoU_SCiencia_4dfb94,PUR_IED_EduardoU_SCiencia_4dfb94,,,,,
2026-09-12T23:51:07-05:00,PUR_IED_EduardoU_SQuimica_5a46e7,PUR_IED_EduardoU_SQuimica_5a46e7,,,,,
2026-09-12T23:51:07-05:00,PUR_IED_ElRodeo_Aula14_676984,PUR_IED_ElRodeo_Aula14_676984,,,,,
2026-09-12T23:51:07-05:00,PUR_IED_ElRodeo_Aula16_2dd35b,PUR_IED_ElRodeo_Aula16_2dd35b,,,,,
2026-09-12T23:51:07-05:00,PUR_IED_ElRodeo_Ext_360881,PUR_IED_ElRodeo_Ext_360881,,,,,
2026-09-12T23:51:07-05:00,PUR_IED_ElRodeo_Exterior_8c6d28,PUR_IED_ElRodeo_Exterior_8c6d28,,,,,
2026-09-12T23:51:07-05:00,PUR_IED_ElRodeo_ext_360881,PUR_IED_ElRodeo_ext_360881,,,,,
2026-09-12T23:51:07-05:00,PUR_IED_EmmaReyes_Ext_987625,PUR_IED_EmmaReyes_Ext_987625,5,21,52,4.6367,-74.1511
2026-09-12T23:51:07-05:00,PUR_IED_Ensueño_Ext_7f0250,PUR_IED_Ensueño_Ext_7f0250,,,,,
2026-09-12T23:51:07-05:00,PUR_IED_EscNormal_Ext_5fef3b,PUR_IED_EscNormal_Ext_5fef3b,2,18,62,4.5852,-74.096901
2026-09-12T23:51:07-05:00,PUR_IED_EscNormal_S309_5b263,PUR_IED_EscNormal_S309_5b263,,,,,
2026-09-12T23:51:07-05:00,PUR_IED_EscNormal_S310_27b3b8,PUR_IED_EscNormal_S310_27b3b8,,,,,
2026-09-12T23:51:07-05:00,PUR_IED_Evangelista_Conta_f6cd4f,PUR_IED_Evangelista_Conta_f6cd4f,,,,,
2026-09-12T23:51:07-05:00,PUR_IED_Evangelista_Cri_5e16a,PUR_IED_Evangelista_Cri_5e16a,,,,,
2026-09-12T23:51:07-05:00,PUR_IED_Evangelista_Exter_754066,PUR_IED_Evangelista_Exter_754066,,,,,
2026-09-12T23:51:07-05:00,PUR_IED_FMiranda_S209_5cc2a3,PUR_IED_FMiranda_S209_5cc2a3,,,,,
2026-09-12T23:51:07-05:00,PUR_IED_FMiranda_S303_19e344,PUR_IED_FMiranda_S303_19e344,,,,,
2026-09-12T23:51:07-05:00,PUR_IED_FMiranda_ext_f53e7c,PUR_IED_FMiranda_ext_f53e7c,,,,,
2026-09-12T23:51:07-05:00,PUR_IED_FabioLozano_Bibli_1cee05,PUR_IED_FabioLozano_Bibli_1cee05,,,,,
2026-09-12T23:51:07-05:00,PUR_IED_FabioLozano_Ext_6ea285,PUR_IED_FabioLozano_Ext_6ea285,,,,,
2026-09-12T23:51:07-05:00,PUR_IED_FabioLozano_SLudi_f09e1e,PUR_IED_FabioLozano_SLudi_f09e1e,,,,,
2026-09-12T23:51:07-05:00,PUR_IED_FaustinoS_Aula07_27a731,PUR_IED_FaustinoS_Aula07_27a731,,,,,
2026-09-12T23:51:07-05:00,PUR_IED_FaustinoS_Ext_7b936f,PUR_IED_FaustinoS_Ext_7b936f,,,,,
2026-09-12T23:51:07-05:00,PUR_IED_FaustinoS_Fisica_da2c60,PUR_IED_FaustinoS_Fisica_da2c60,,,,,
2026-09-12T23:51:07-05:00,PUR_IED_FeGarciaLo_Ext_dc68ee,PUR_IED_FeGarciaLo_Ext_dc68ee,,,,,
2026-09-12T23:51:07-05:00,PUR_IED_FeGarciaLo_SDanza_f70a59,PUR_IED_FeGarciaLo_SDanza_f70a59,,,,,
2026-09-12T23:51:07-05:00,PUR_IED_FeGarciaLo_SMusic_125cdd,PUR_IED_FeGarciaLo_SMusic_125cdd,,,,,
2026-09-12T23:51:07-05:00,PUR_IED_FederalAlema_Exte_50c345,PUR_IED_FederalAlema_Exte_50c345,,,,,
2026-09-12T23:51:07-05:00,PUR_IED_FederalAlema_S31_f18371,PUR_IED_FederalAlema_S31_f18371,,,,,
2026-09-12T23:51:07-05:00,PUR_IED_FederalAlema_S901_a62cd,PUR_IED_FederalAlema_S901_a62cd,,,,,
2026-09-12T23:51:07-05:00,PUR_IED_FilarmonicaS_A5_f35eb1,PUR_IED_FilarmonicaS_A5_f35eb1,,,,,
2026-09-12T23:51:07-05:00,PUR_IED_FilarmonicaS_Ext_8a3bde,PUR_IED_FilarmonicaS_Ext_8a3bde,,,,,
2026-09-12T23:51:07-05:00,PUR_IED_FilarmonicaS_Spol_406114,PUR_IED_FilarmonicaS_Spol_406114,,,,,
2026-09-12T23:51:07-05:00,PUR_IED_FlorentinoG_A13_d1fa59,PUR_IED_FlorentinoG_A13_d1fa59,,,,,
2026-09-12T23:51:07-05:00,PUR_IED_FlorentinoG_Ext_1ce6ce,PUR_IED_FlorentinoG_Ext_1ce6ce,,,,,
2026-09-12T23:51:07-05:00,PUR_IED_FlorentinoG_Idiom_a66aac,PUR_IED_FlorentinoG_Idiom_a66aac,,,,,
2026-09-12T23:51:07-05:00,PUR_IED_FranciscoMati_Ext_e3869d,PUR_IED_FranciscoMati_Ext_e3869d,,,,,
2026-09-12T23:51:07-05:00,PUR_IED_FranciscoMati_S13_f31c67,PUR_IED_FranciscoMati_S13_f31c67,,,,,
2026-09-12T23:51:07-05:00,PUR_IED_FranciscoMati_S14_97dead,PUR_IED_FranciscoMati_S14_97dead,,,,,
2026-09-12T23:51:07-05:00,PUR_IED_FranciscoPS_Ext_7bfa9a,PUR_IED_FranciscoPS_Ext_7bfa9a,3,19,62,4.5899,-74.110397
2026-09-12T23:51:07-05:00,PUR_IED_FranciscoPS_Infor_fb8f4c,PUR_IED_FranciscoPS_Infor_fb8f4c,,,,,
2026-09-12T23:51:07-05:00,PUR_IED_FranciscoPS_Quimi_94d39c,PUR_IED_FranciscoPS_Quimi_94d39c,,,,,
2026-09-12T23:51:07-05:00,PUR_IED_FranciscoP_LabQ_d7e148,PUR_IED_FranciscoP_LabQ_d7e148,,,,,
2026-09-12T23:51:07-05:00,PUR_IED_FranciscoP_S28_cf9b30,PUR_IED_FranciscoP_S28_cf9b30,,,,,
2026-09-12T23:51:07-05:00,PUR_IED_FranciscoP_ext_e2313,PUR_IED_FranciscoP_ext_e2313,,,,,
2026-09-12T23:51:07-05:00,PUR_IED_FriederichN_Ext_8ac92a,PUR_IED_FriederichN_Ext_8ac92a,,,,,
2026-09-12T23:51:07-05:00,PUR_IED_FriederichN_S301_dd7e5a,PUR_IED_FriederichN_S301_dd7e5a,,,,,
2026-09-12T23:51:07-05:00,PUR_IED_FriederichN_S308_761f4f,PUR_IED_FriederichN_S308_761f4f,,,,,
2026-09-12T23:51:07-05:00,PUR_IED_GSantander_Aula10_533dd7,PUR_IED_GSantander_Aula10_533dd7,,,,,
2026-09-12T23:51:07-05:00,PUR_IED_GSantander_Aula12_fd4e4f,PUR_IED_GSantander_Aula12_fd4e4f,,,,,
2026-09-12T23:51:07-05:00,PUR_IED_GSantander_Aula310_533dd7,PUR_IED_GSantander_Aula310_533dd7,,,,,
2026-09-12T23:51:07-05:00,PUR_IED_GSantander_Aula312_fd4e4f,PUR_IED_GSantander_Aula312_fd4e4f,,,,,
2026-09-12T23:51:07-05:00,PUR_IED_GSantander_Ext_5f66b0,PUR_IED_GSantander_Ext_5f66b0,,,,,
2026-09-12T23:51:07-05:00,PUR_IED_GYomasa_Ext_f6bea5,PUR_IED_GYomasa_Ext_f6bea5,,,,,
2026-09-12T23:51:07-05:00,PUR_IED_GYomasa_LBiol_2c41aa,PUR_IED_GYomasa_LBiol_2c41aa,,,,,
2026-09-12T23:51:07-05:00,PUR_IED_GYomasa_LQuim_33c80,PUR_IED_GYomasa_LQuim_33c80,,,,,
2026-09-12T23:51:07-05:00,PUR_IED_GabBetMejia_Cienc_5a99c,PUR_IED_GabBetMejia_Cienc_5a99c,,,,,
2026-09-12T23:51:07-05:00,PUR_IED_GabBetMejia_Ext_9153d0,PUR_IED_GabBetMejia_Ext_9153d0,,,,,
2026-09-12T23:51:07-05:00,PUR_IED_GabBetMejia_Lab_f55347,PUR_IED_GabBetMejia_Lab_f55347,,,,,
2026-09-12T23:51:07-05:00,PUR_IED_GabBetanMejia_Ext_9153d0,PUR_IED_GabBetanMejia_Ext_9153d0,,,,,
2026-09-12T23:51:07-05:00,PUR_IED_Gaitana_Aula13_7aac11,PUR_IED_Gaitana_Aula13_7aac11,,,,,
2026-09-12T23:51:07-05:00,PUR_IED_Gaitana_Ext_5fcf4,PUR_IED_Gaitana_Ext_5fcf4,,,,,
2026-09-12T23:51:07-05:00,PUR_IED_Gaitana_LabFisica_644448,PUR_IED_Gaitana_LabFisica_644448,,,,,
2026-09-12T23:51:07-05:00,PUR_IED_GenSantander_Dise_8ac858,PUR_IED_GenSantander_Dise_8ac858,,,,,
2026-09-12T23:51:07-05:00,PUR_IED_GenSantander_Ext_8d5dfe,PUR_IED_GenSantander_Ext_8d5dfe,,,,,
2026-09-12T23:51:07-05:00,PUR_IED_GenSantander_Info_6c25b,PUR_IED_GenSantander_Info_6c25b,,,,,
2026-09-12T23:51:07-05:00,PUR_IED_GustavoMo_Exterio_75e63d,PUR_IED_GustavoMo_Exterio_75e63d,,,,,
2026-09-12T23:51:07-05:00,PUR_IED_GustavoMo_LabFisi_224d37,PUR_IED_GustavoMo_LabFisi_224d37,,,,,
2026-09-12T23:51:07-05:00,PUR_IED_GustavoMo_S208_3e6918,PUR_IED_GustavoMo_S208_3e6918,,,,,
2026-09-12T23:51:07-05:00,PUR_IED_GustavoR_A02_8cd4a8,PUR_IED_GustavoR_A02_8cd4a8,,,,,
2026-09-12T23:51:07-05:00,PUR_IED_GustavoR_B11_5b0ed,PUR_IED_GustavoR_B11_5b0ed,,,,,
2026-09-12T23:51:07-05:00,PUR_IED_GustavoR_Ext_7a0c90,PUR_IED_GustavoR_Ext_7a0c90,,,,,
2026-09-12T23:51:07-05:00,PUR_IED_HernandoDuran_Ext_8cd82b,PUR_IED_HernandoDuran_Ext_8cd82b,,,,,
2026-09-12T23:51:07-05:00,PUR_IED_HernandoDuran_S24_2772c6,PUR_IED_HernandoDuran_S24_2772c6,,,,,
2026-09-12T23:51:07-05:00,PUR_IED_HernandoDuran_S30_f2de41,PUR_IED_HernandoDuran_S30_f2de41,,,,,
2026-09-12T23:51:07-05:00,PUR_IED_HolguInUr_S1101_8cd732,PUR_IED_HolguInUr_S1101_8cd732,,,,,
2026-09-12T23:51:07-05:00,PUR_IED_HolguinUr_Exter_ddae6d,PUR_IED_HolguinUr_Exter_ddae6d,,,,,
2026-09-12T23:51:07-05:00,PUR_IED_HolguinUr_LabQuim_92b952,PUR_IED_HolguinUr_LabQuim_92b952,,,,,
2026-09-12T23:51:07-05:00,PUR_IED_Isabel-II_Ext_5245cc,PUR_IED_Isabel-II_Ext_5245cc,3,19,58,4.6336,-74.153
2026-09-12T23:51:07-05:00,PUR_IED_Isabel-II_S_idiom_1c29aa,PUR_IED_Isabel-II_S_idiom_1c29aa,,,,,
2026-09-12T23:51:07-05:00,PUR_IED_Isabel-II_S_infor_fd741,PUR_IED_Isabel-II_S_infor_fd741,,,,,
2026-09-12T23:51:07-05:00,PUR_IED_IsidroSur_Exterio_5b90ea,PUR_IED_IsidroSur_Exterio_5b90ea,,,,,
2026-09-12T23:51:07-05:00,PUR_IED_IsidroSur_LabTec_56697a,PUR_IED_IsidroSur_LabTec_56697a,,,,,
2026-09-12T23:51:07-05:00,PUR_IED_IsidroSur_Robotic_b7c38f,PUR_IED_IsidroSur_Robotic_b7c38f,,,,,
2026-09-12T23:51:07-05:00,PUR_IED_IsmaelPerd_Ext_7b6672,PUR_IED_IsmaelPerd_Ext_7b6672,,,,,
2026-09-12T23:51:07-05:00,PUR_IED_IsmaelPerd_Inform_306540,PUR_IED_IsmaelPerd_Inform_306540,,,,,
2026-09-12T23:51:07-05:00,PUR_IED_IsmaelPerd_S30_2e2c83,PUR_IED_IsmaelPerd_S30_2e2c83,,,,,
2026-09-12T23:51:07-05:00,PUR_IED_JLozano_Exter_432910,PUR_IED_JLozano_Exter_432910,,,,,
2026-09-12T23:51:07-05:00,PUR_IED_JLozano_salaMulti_df5125,PUR_IED_JLozano_salaMulti_df5125,,,,,
2026-09-12T23:51:07-05:00,PUR_IED_JMCordoba_206_86f80b,PUR_IED_JMCordoba_206_86f80b,,,,,
2026-09-12T23:51:07-05:00,PUR_IED_JMCordoba_Ext_27ad97,PUR_IED_JMCordoba_Ext_27ad97,,,,,
2026-09-12T23:51:07-05:00,PUR_IED_JMCordoba_S310_d59ab4,PUR_IED_JMCordoba_S310_d59ab4,,,,,
2026-09-12T23:51:07-05:00,PUR_IED_Japon_Ext_549100,PUR_IED_Japon_Ext_549100,,,,,
2026-09-12T23:51:07-05:00,PUR_IED_Japon_Laboratorio_bec51d,PUR_IED_Japon_Laboratorio_bec51d,,,,,
2026-09-12T23:51:07-05:00,PUR_IED_Japon_informatica_d99327,PUR_IED_Japon_informatica_d99327,,,,,
2026-09-12T23:51:07-05:00,PUR_IED_Jazmin_Ext_d27bda,PUR_IED_Jazmin_Ext_d27bda,,,,,
2026-09-12T23:51:07-05:00,PUR_IED_Jazmin_Fisica_8d14d7,PUR_IED_Jazmin_Fisica_8d14d7,,,,,
2026-09-12T23:51:07-05:00,PUR_IED_Jazmin_Quimica_801cb5,PUR_IED_Jazmin_Quimica_801cb5,,,,,
2026-09-12T23:51:07-05:00,PUR_IED_JorgeGaitan_Exter_f098d1,PUR_IED_JorgeGaitan_Exter_f098d1,,,,,
2026-09-12T23:51:07-05:00,PUR_IED_JorgeGaitan_STec1_dc9d1d,PUR_IED_JorgeGaitan_STec1_dc9d1d,,,,,
2026-09-12T23:51:07-05:00,PUR_IED_JorgeGaitan_STec2_281e69,PUR_IED_JorgeGaitan_STec2_281e69,,,,,
2026-09-12T23:51:07-05:00,PUR_IED_JorgeSoto_Exterio_d9d0a2,PUR_IED_JorgeSoto_Exterio_d9d0a2,,,,,
2026-09-12T23:51:07-05:00,PUR_IED_JorgeSoto_LabFisi_209c54,PUR_IED_JorgeSoto_LabFisi_209c54,,,,,
2026-09-12T23:51:07-05:00,PUR_IED_JorgeSoto_S103_27b51a,PUR_IED_JorgeSoto_S103_27b51a,,,,,
2026-09-12T23:51:07-05:00,PUR_IED_JoseAcevedo_A02_e965eb,PUR_IED_JoseAcevedo_A02_e965eb,,,,,
2026-09-12T23:51:07-05:00,PUR_IED_JoseAcevedo_A07_dd5b4,PUR_IED_JoseAcevedo_A07_dd5b4,,,,,
2026-09-12T23:51:07-05:00,PUR_IED_JoseAcevedo_Ext_b47484,PUR_IED_JoseAcevedo_Ext_b47484,,,,,
2026-09-12T23:51:07-05:00,PUR_IED_JoseMarti_Exte_5b9bf,PUR_IED_JoseMarti_Exte_5b9bf,,,,,
2026-09-12T23:51:07-05:00,PUR_IED_JoseMarti_LabQuim_1c6c2d,PUR_IED_JoseMarti_LabQuim_1c6c2d,,,,,
2026-09-12T23:51:07-05:00,PUR_IED_JoseMarti_S_info_f5f177,PUR_IED_JoseMarti_S_info_f5f177,,,,,
2026-09-12T23:51:07-05:00,PUR_IED_Josejoaquin_Ext_dfc5dc,PUR_IED_Josejoaquin_Ext_dfc5dc,,,,,
2026-09-12T23:51:07-05:00,PUR_IED_Josejoaquin_S05_5b2a96,PUR_IED_Josejoaquin_S05_5b2a96,,,,,
2026-09-12T23:51:07-05:00,PUR_IED_Josejoaquin_S06_1ce7d2,PUR_IED_Josejoaquin_S06_1ce7d2,,,,,
2026-09-12T23:51:07-05:00,PUR_IED_JulioFlorez_Danza_9b82dd,PUR_IED_JulioFlorez_Danza_9b82dd,,,,,
2026-09-12T23:51:07-05:00,PUR_IED_JulioFlorez_Exter_f9f314,PUR_IED_JulioFlorez_Exter_f9f314,,,,,
2026-09-12T23:51:07-05:00,PUR_IED_JulioFlorez_info2_6b6e08,PUR_IED_JulioFlorez_info2_6b6e08,,,,,
2026-09-12T23:51:07-05:00,PUR_IED_LaBelleza_Aula13_1d00d8,PUR_IED_LaBelleza_Aula13_1d00d8,,,,,
2026-09-12T23:51:07-05:00,PUR_IED_LaBelleza_Ext_7bc08c,PUR_IED_LaBelleza_Ext_7bc08c,,,,,
2026-09-12T23:51:07-05:00,PUR_IED_LaChucua_Ext_8cd6d2,PUR_IED_LaChucua_Ext_8cd6d2,,,,,
2026-09-12T23:51:07-05:00,PUR_IED_LaChucua_S15_f578ce,PUR_IED_LaChucua_S15_f578ce,,,,,
2026-09-12T23:51:07-05:00,PUR_IED_LaChucua_S16_eebcf9,PUR_IED_LaChucua_S16_eebcf9,,,,,
2026-09-12T23:51:07-05:00,PUR_IED_LaFelicidad_Ext_fb5109,PUR_IED_LaFelicidad_Ext_fb5109,,,,,
2026-09-12T23:51:07-05:00,PUR_IED_LaMerced_206_66ebd,PUR_IED_LaMerced_206_66ebd,,,,,
2026-09-12T23:51:07-05:00,PUR_IED_LaMerced_207_6ebd6,PUR_IED_LaMerced_207_6ebd6,,,,,
2026-09-12T23:51:07-05:00,PUR_IED_LaMerced_ext_304311,PUR_IED_LaMerced_ext_304311,,,,,
2026-09-12T23:51:07-05:00,PUR_IED_Laureano_CiencNat_281e5e,PUR_IED_Laureano_CiencNat_281e5e,,,,,
2026-09-12T23:51:07-05:00,PUR_IED_Laureano_Comedor_f65c0a,PUR_IED_Laureano_Comedor_f65c0a,,,,,
2026-09-12T23:51:07-05:00,PUR_IED_Laureano_Exterior_7ab011,PUR_IED_Laureano_Exterior_7ab011,,,,,
2026-09-12T23:51:07-05:00,PUR_IED_LeonGreiff_Exte_dfe560,PUR_IED_LeonGreiff_Exte_dfe560,,,,,
2026-09-12T23:51:07-05:00,PUR_IED_LeonGreiff_S210_f264ed,PUR_IED_LeonGreiff_S210_f264ed,,,,,
2026-09-12T23:51:07-05:00,PUR_IED_LeonGreiff_SQuimi_e8296f,PUR_IED_LeonGreiff_SQuimi_e8296f,,,,,
2026-09-12T23:51:07-05:00,PUR_IED_LlanoOrientalS208_7b9fcd,PUR_IED_LlanoOrientalS208_7b9fcd,,,,,
2026-09-12T23:51:07-05:00,PUR_IED_LlanoOriental_Ext_fb3766,PUR_IED_LlanoOriental_Ext_fb3766,,,,,
2026-09-12T23:51:07-05:00,PUR_IED_LlanoOriental_S208_7b9fcd,PUR_IED_LlanoOriental_S208_7b9fcd,,,,,
2026-09-12T23:51:07-05:00,PUR_IED_LlanoOriental_S9_27b378,PUR_IED_LlanoOriental_S9_27b378,,,,,
2026-09-12T23:51:07-05:00,PUR_IED_LosTejares_1101_477602,PUR_IED_LosTejares_1101_477602,,,,,
2026-09-12T23:51:07-05:00,PUR_IED_LosTejares_11_d2c595,PUR_IED_LosTejares_11_d2c595,,,,,
2026-09-12T23:51:07-05:00,PUR_IED_LosTejares_12_477602,PUR_IED_LosTejares_12_477602,,,,,
2026-09-12T23:51:07-05:00,PUR_IED_LosTejares_Ext_8e2115,PUR_IED_LosTejares_Ext_8e2115,,,,,
2026-09-12T23:51:07-05:00,PUR_IED_MagdalenaO_B202_5ddda3,PUR_IED_MagdalenaO_B202_5ddda3,,,,,
2026-09-12T23:51:07-05:00,PUR_IED_MagdalenaO_B205_fb76e8,PUR_IED_MagdalenaO_B205_fb76e8,,,,,
2026-09-12T23:51:07-05:00,PUR_IED_MagdalenaO_ext_dc69cd,PUR_IED_MagdalenaO_ext_dc69cd,,,,,
2026-09-12T23:51:07-05:00,PUR_IED_ManueCepeda_artes_eee956,PUR_IED_ManueCepeda_artes_eee956,,,,,
2026-09-12T23:51:07-05:00,PUR_IED_ManuelCepeda_Ext_58313,PUR_IED_ManuelCepeda_Ext_58313,,,,,
2026-09-12T23:51:07-05:00,PUR_IED_ManuelCepeda_tec_1c5731,PUR_IED_ManuelCepeda_tec_1c5731,,,,,
2026-09-12T23:51:07-05:00,PUR_IED_ManuelS_Exterior_5b269,PUR_IED_ManuelS_Exterior_5b269,,,,,
2026-09-12T23:51:07-05:00,PUR_IED_ManuelS_Inform_f369ce,PUR_IED_ManuelS_Inform_f369ce,,,,,
2026-09-12T23:51:07-05:00,PUR_IED_ManuelS_SArtes_7d15f1,PUR_IED_ManuelS_SArtes_7d15f1,,,,,
2026-09-12T23:51:07-05:00,PUR_IED_ManuelZapata_303_3ca6,PUR_IED_ManuelZapata_303_3ca6,,,,,
2026-09-12T23:51:07-05:00,PUR_IED_ManuelZapata_311_bfbabc,PUR_IED_ManuelZapata_311_bfbabc,,,,,
2026-09-12T23:51:07-05:00,PUR_IED_ManuelZapata_Ext_50824a,PUR_IED_ManuelZapata_Ext_50824a,,,,,
2026-09-12T23:51:07-05:00,PUR_IED_ManuelitaS_Exteri_656a92,PUR_IED_ManuelitaS_Exteri_656a92,,,,,
2026-09-12T23:51:07-05:00,PUR_IED_ManuelitaS_JuzgDe_f58ec3,PUR_IED_ManuelitaS_JuzgDe_f58ec3,,,,,
2026-09-12T23:51:07-05:00,PUR_IED_ManuelitaS_Recrea_d793db,PUR_IED_ManuelitaS_Recrea_d793db,,,,,
2026-09-12T23:51:07-05:00,PUR_IED_MarFidSuarez_Ext_c27b19,PUR_IED_MarFidSuarez_Ext_c27b19,,,,,
2026-09-12T23:51:07-05:00,PUR_IED_MarFidSuarez_Info_e384d7,PUR_IED_MarFidSuarez_Info_e384d7,,,,,
2026-09-12T23:51:07-05:00,PUR_IED_MarFidSuarez_S306_1d0032,PUR_IED_MarFidSuarez_S306_1d0032,,,,,
2026-09-12T23:51:07-05:00,PUR_IED_Menorah_301_2a25a3,PUR_IED_Menorah_301_2a25a3,,,,,
2026-09-12T23:51:07-05:00,PUR_IED_Menorah_306_37ed3,PUR_IED_Menorah_306_37ed3,,,,,
2026-09-12T23:51:07-05:00,PUR_IED_Menorah_Ext_3e155b,PUR_IED_Menorah_Ext_3e155b,,,,,
2026-09-12T23:51:07-05:00,PUR_IED_MinutoB.Aires_A11_1b1604,PUR_IED_MinutoB.Aires_A11_1b1604,,,,,
2026-09-12T23:51:07-05:00,PUR_IED_MinutoB.Aires_A12_fb5860,PUR_IED_MinutoB.Aires_A12_fb5860,,,,,
2026-09-12T23:51:07-05:00,PUR_IED_MinutoB.Aires_Ext_81293f,PUR_IED_MinutoB.Aires_Ext_81293f,,,,,
2026-09-12T23:51:07-05:00,PUR_IED_MinutoBAires_A11_1b1604,PUR_IED_MinutoBAires_A11_1b1604,,,,,
2026-09-12T23:51:07-05:00,PUR_IED_MinutoBAires_A12_fb5860,PUR_IED_MinutoBAires_A12_fb5860,,,,,
2026-09-12T23:51:07-05:00,PUR_IED_MinutoBAires_Ext_81293f,PUR_IED_MinutoBAires_Ext_81293f,,,,,
2026-09-12T23:51:07-05:00,PUR_IED_Montreal_Aula10_1e4959,PUR_IED_Montreal_Aula10_1e4959,,,,,
2026-09-12T23:51:07-05:00,PUR_IED_Montreal_Aula6_300367,PUR_IED_Montreal_Aula6_300367,,,,,
2026-09-12T23:51:07-05:00,PUR_IED_Montreal_Exterior_91a179,PUR_IED_Montreal_Exterior_91a179,,,,,
2026-09-12T23:51:07-05:00,PUR_IED_Mqgdalena_B202_5ddda3,PUR_IED_Mqgdalena_B202_5ddda3,,,,,
2026-09-12T23:51:07-05:00,PUR_IED_NACUND_Soc_dc8728,PUR_IED_NACUND_Soc_dc8728,,,,,
2026-09-12T23:51:07-05:00,PUR_IED_NACUND_ext_27ad97,PUR_IED_NACUND_ext_27ad97,,,,,
2026-09-12T23:51:07-05:00,PUR_IED_NEsperanza_Ext_d24b61,PUR_IED_NEsperanza_Ext_d24b61,,,,,
2026-09-12T23:51:07-05:00,PUR_IED_NEsperanza_SElect_7d1807,PUR_IED_NEsperanza_SElect_7d1807,,,,,
2026-09-12T23:51:07-05:00,PUR_IED_NEsperanza_SLabor_8b2d0a,PUR_IED_NEsperanza_SLabor_8b2d0a,,,,,
2026-09-12T23:51:07-05:00,PUR_IED_NacionesU_Ext_f661a9,PUR_IED_NacionesU_Ext_f661a9,,,,,
2026-09-12T23:51:07-05:00,PUR_IED_NacionesU_Quimica_66f0a,PUR_IED_NacionesU_Quimica_66f0a,,,,,
2026-09-12T23:51:07-05:00,PUR_IED_NacionesU_S306_1b4b3d,PUR_IED_NacionesU_S306_1b4b3d,,,,,
2026-09-12T23:51:07-05:00,PUR_IED_NestorFA_Ext_e4201c,PUR_IED_NestorFA_Ext_e4201c,,,,,
2026-09-12T23:51:07-05:00,PUR_IED_NestorFA_Laborato_f22fe0,PUR_IED_NestorFA_Laborato_f22fe0,,,,,
2026-09-12T23:51:07-05:00,PUR_IED_NestorFA_S204_dee996,PUR_IED_NestorFA_S204_dee996,,,,,
2026-09-12T23:51:07-05:00,PUR_IED_NidyaQT_Aula03_76999b,PUR_IED_NidyaQT_Aula03_76999b,,,,,
2026-09-12T23:51:07-05:00,PUR_IED_NidyaQT_Aula10_56325,PUR_IED_NidyaQT_Aula10_56325,,,,,
2026-09-12T23:51:07-05:00,PUR_IED_NidyaQT_Ext_46e32d,PUR_IED_NidyaQT_Ext_46e32d,,,,,
2026-09-12T23:51:07-05:00,PUR_IED_NuevaCol_Exterior_d9b859,PUR_IED_NuevaCol_Exterior_d9b859,,,,,
2026-09-12T23:51:07-05:00,PUR_IED_NuevaCol_S1101_76c43b,PUR_IED_NuevaCol_S1101_76c43b,,,,,
2026-09-12T23:51:07-05:00,PUR_IED_NuevaCol_S1102_1ce0b5,PUR_IED_NuevaCol_S1102_1ce0b5,,,,,
2026-09-12T23:51:07-05:00,PUR_IED_OEA_A202_f7e3f2,PUR_IED_OEA_A202_f7e3f2,,,,,
2026-09-12T23:51:07-05:00,PUR_IED_OEA_A203_7d1b8d,PUR_IED_OEA_A203_7d1b8d,,,,,
2026-09-12T23:51:07-05:00,PUR_IED_OEA_Ext_27b593,PUR_IED_OEA_Ext_27b593,,,,,
2026-09-12T23:51:07-05:00,PUR_IED_Ochoa_Ext_1c29da,PUR_IED_Ochoa_Ext_1c29da,,,,,
2026-09-12T23:51:07-05:00,PUR_IED_Ochoa_S205_8b1121,PUR_IED_Ochoa_S205_8b1121,,,,,
2026-09-12T23:51:07-05:00,PUR_IED_Ochoa_Sistemas_f33af6,PUR_IED_Ochoa_Sistemas_f33af6,,,,,
2026-09-12T23:51:07-05:00,PUR_IED_PQuebec_Ext_1c67c7,PUR_IED_PQuebec_Ext_1c67c7,,,,,
2026-09-12T23:51:07-05:00,PUR_IED_PQuebec_S15_23e8e2,PUR_IED_PQuebec_S15_23e8e2,,,,,
2026-09-12T23:51:07-05:00,PUR_IED_PQuebec_S16_8ec76b,PUR_IED_PQuebec_S16_8ec76b,,,,,
2026-09-12T23:51:07-05:00,PUR_IED_PabloN_Ext_49dc96,PUR_IED_PabloN_Ext_49dc96,,,,,
2026-09-12T23:51:07-05:00,PUR_IED_PabloN_S1102_4e3df5,PUR_IED_PabloN_S1102_4e3df5,,,,,
2026-09-12T23:51:07-05:00,PUR_IED_PabloN_S1103_50c94b,PUR_IED_PabloN_S1103_50c94b,,,,,
2026-09-12T23:51:07-05:00,PUR_IED_Palestina_S1101_db9198,PUR_IED_Palestina_S1101_db9198,,,,,
2026-09-12T23:51:07-05:00,PUR_IED_Palestina_S1102_dc54fa,PUR_IED_Palestina_S1102_dc54fa,,,,,
2026-09-12T23:51:07-05:00,PUR_IED_Palestina_ext_4ccce6,PUR_IED_Palestina_ext_4ccce6,,,,,
2026-09-12T23:51:07-05:00,PUR_IED_Panama_Fisica_4d0794,PUR_IED_Panama_Fisica_4d0794,,,,,
2026-09-12T23:51:07-05:00,PUR_IED_Panama_SIngles_a4077e,PUR_IED_Panama_SIngles_a4077e,,,,,
2026-09-12T23:51:07-05:00,PUR_IED_Panama_ext_4c54b4,PUR_IED_Panama_ext_4c54b4,,,,,
2026-09-12T23:51:07-05:00,PUR_IED_ParaisoM_Exterior_8cd7f0,PUR_IED_ParaisoM_Exterior_8cd7f0,,,,,
2026-09-12T23:51:07-05:00,PUR_IED_ParaisoM_Laborato_27af35,PUR_IED_ParaisoM_Laborato_27af35,,,,,
2026-09-12T23:51:07-05:00,PUR_IED_ParaisoM_S304_d1edca,PUR_IED_ParaisoM_S304_d1edca,,,,,
2026-09-12T23:51:07-05:00,PUR_IED_PorfirioBarba_Ext_301466,PUR_IED_PorfirioBarba_Ext_301466,,,,,
2026-09-12T23:51:07-05:00,PUR_IED_PorfirioBarba_S11_df6cd2,PUR_IED_PorfirioBarba_S11_df6cd2,,,,,
2026-09-12T23:51:07-05:00,PUR_IED_PorfirioBarba_S29_27a7d6,PUR_IED_PorfirioBarba_S29_27a7d6,,,,,
2026-09-12T23:51:07-05:00,PUR_IED_PradoV_Exter_8b27ad,PUR_IED_PradoV_Exter_8b27ad,,,,,
2026-09-12T23:51:07-05:00,PUR_IED_PradoV_S301_de65b5,PUR_IED_PradoV_S301_de65b5,,,,,
2026-09-12T23:51:07-05:00,PUR_IED_PradoV_S302_7d2593,PUR_IED_PradoV_S302_7d2593,,,,,
2026-09-12T23:51:07-05:00,PUR_IED_QuirogaAlz_Ext_1ddc82,PUR_IED_QuirogaAlz_Ext_1ddc82,,,,,
2026-09-12T23:51:07-05:00,PUR_IED_QuirogaAlz_S302_9926a3,PUR_IED_QuirogaAlz_S302_9926a3,,,,,
2026-09-12T23:51:07-05:00,PUR_IED_QuirogaAlz_S305_cdf1f1,PUR_IED_QuirogaAlz_S305_cdf1f1,,,,,
2026-09-12T23:51:07-05:00,PUR_IED_RGuatemala_Biling_dc53b7,PUR_IED_RGuatemala_Biling_dc53b7,,,,,
2026-09-12T23:51:07-05:00,PUR_IED_RGuatemala_Ext_1b89a3,PUR_IED_RGuatemala_Ext_1b89a3,,,,,
2026-09-12T23:51:07-05:00,PUR_IED_RGuatemala_Tecnol_281a34,PUR_IED_RGuatemala_Tecnol_281a34,,,,,
2026-09-12T23:51:07-05:00,PUR_IED_RafaNu_Ext_f7c302,PUR_IED_RafaNu_Ext_f7c302,,,,,
2026-09-12T23:51:07-05:00,PUR_IED_RafaNu_S1101_25fde,PUR_IED_RafaNu_S1101_25fde,,,,,
2026-09-12T23:51:07-05:00,PUR_IED_RafaNu_S1102_281517,PUR_IED_RafaNu_S1102_281517,,,,,
2026-09-12T23:51:07-05:00,PUR_IED_RafaelB_S305_ee2783,PUR_IED_RafaelB_S305_ee2783,,,,,
2026-09-12T23:51:07-05:00,PUR_IED_RafaelB_S306_75fe33,PUR_IED_RafaelB_S306_75fe33,,,,,
2026-09-12T23:51:07-05:00,PUR_IED_RafaelB_ext_283336,PUR_IED_RafaelB_ext_283336,4,19,59,4.6722,-74.0737
2026-09-12T23:51:07-05:00,PUR_IED_RafaelUU_Exterior_281a51,PUR_IED_RafaelUU_Exterior_281a51,,,,,
2026-09-12T23:51:07-05:00,PUR_IED_RafaelUU_Human_806b2,PUR_IED_RafaelUU_Human_806b2,,,,,
2026-09-12T23:51:07-05:00,PUR_IED_RafaelUU_Mate2_5680d4,PUR_IED_RafaelUU_Mate2_5680d4,,,,,
2026-09-12T23:51:07-05:00,PUR_IED_RamonSub_Ext_f9eeb9,PUR_IED_RamonSub_Ext_f9eeb9,,,,,
2026-09-12T23:51:07-05:00,PUR_IED_RamonSub_Media_d1f62f,PUR_IED_RamonSub_Media_d1f62f,,,,,
2026-09-12T23:51:07-05:00,PUR_IED_RamonSub_planta_51b82,PUR_IED_RamonSub_planta_51b82,,,,,
2026-09-12T23:51:07-05:00,PUR_IED_RepBoliVene_Exter_27af7c,PUR_IED_RepBoliVene_Exter_27af7c,,,,,
2026-09-12T23:51:07-05:00,PUR_IED_RepBoliVene_SCPT_5ae2ee,PUR_IED_RepBoliVene_SCPT_5ae2ee,,,,,
2026-09-12T23:51:07-05:00,PUR_IED_RepBoliVene_Socia_4b11d5,PUR_IED_RepBoliVene_Socia_4b11d5,,,,,
2026-09-12T23:51:07-05:00,PUR_IED_RepChina_Ext_76d9ee,PUR_IED_RepChina_Ext_76d9ee,,,,,
2026-09-12T23:51:07-05:00,PUR_IED_RepChina_S404_7c804c,PUR_IED_RepChina_S404_7c804c,,,,,
2026-09-12T23:51:07-05:00,PUR_IED_RepChina_S405_df2c33,PUR_IED_RepChina_S405_df2c33,,,,,
2026-09-12T23:51:07-05:00,PUR_IED_RepublicaC_Exteri_7d1ec9,PUR_IED_RepublicaC_Exteri_7d1ec9,,,,,
2026-09-12T23:51:07-05:00,PUR_IED_RepublicaC_S1101_f544b3,PUR_IED_RepublicaC_S1101_f544b3,,,,,
2026-09-12T23:51:07-05:00,PUR_IED_RepublicaC_S1102_7aafc7,PUR_IED_RepublicaC_S1102_7aafc7,,,,,
2026-09-12T23:51:07-05:00,PUR_IED_Ricaurte_Externo_a0ea1,PUR_IED_Ricaurte_Externo_a0ea1,,,,,
2026-09-12T23:51:07-05:00,PUR_IED_Ricaurte_S210_f546fd,PUR_IED_Ricaurte_S210_f546fd,,,,,
2026-09-12T23:51:07-05:00,PUR_IED_Ricaurte_S309_d4452,PUR_IED_Ricaurte_S309_d4452,,,,,
2026-09-12T23:51:07-05:00,PUR_IED_RogelioS_1102_531e69,PUR_IED_RogelioS_1102_531e69,,,,,
2026-09-12T23:51:07-05:00,PUR_IED_RogelioS_Ext_f25a18,PUR_IED_RogelioS_Ext_f25a18,,,,,
2026-09-12T23:51:07-05:00,PUR_IED_SBernardino_Ext_27aff8,PUR_IED_SBernardino_Ext_27aff8,,,,,
2026-09-12T23:51:07-05:00,PUR_IED_SBernardino_SArte_2ffd33,PUR_IED_SBernardino_SArte_2ffd33,,,,,
2026-09-12T23:51:07-05:00,PUR_IED_SBernardino_SIngl_7c7da5,PUR_IED_SBernardino_SIngl_7c7da5,,,,,
2026-09-12T23:51:07-05:00,PUR_IED_Sago_auditorio_dc9d1d,PUR_IED_Sago_auditorio_dc9d1d,,,,,
2026-09-12T23:51:07-05:00,PUR_IED_Saludcoop_Ext_95aac3,PUR_IED_Saludcoop_Ext_95aac3,,,,,
2026-09-12T23:51:07-05:00,PUR_IED_Saludcoop_InfI_90c854,PUR_IED_Saludcoop_InfI_90c854,,,,,
2026-09-12T23:51:07-05:00,PUR_IED_Saludcoop_SMedia_1b93be,PUR_IED_Saludcoop_SMedia_1b93be,,,,,
2026-09-12T23:51:07-05:00,PUR_IED_SanCarlos_1101_1a2360,PUR_IED_SanCarlos_1101_1a2360,,,,,
2026-09-12T23:51:07-05:00,PUR_IED_SanCarlos_1103_7bafb5,PUR_IED_SanCarlos_1103_7bafb5,,,,,
2026-09-12T23:51:07-05:00,PUR_IED_SanCarlos_Ext_b7cd1,PUR_IED_SanCarlos_Ext_b7cd1,,,,,
2026-09-12T23:51:07-05:00,PUR_IED_SanIgnacioBosa11a_50c26e,PUR_IED_SanIgnacioBosa11a_50c26e,,,,,
2026-09-12T23:51:07-05:00,PUR_IED_SanIgnacioBosa11b_371de8,PUR_IED_SanIgnacioBosa11b_371de8,,,,,
2026-09-12T23:51:07-05:00,PUR_IED_SanIgnacioBosaExt_ef0ffc,PUR_IED_SanIgnacioBosaExt_ef0ffc,,,,,
2026-09-12T23:51:07-05:00,PUR_IED_SanIgnacioBosa_11a_50c26e,PUR_IED_SanIgnacioBosa_11a_50c26e,,,,,
2026-09-12T23:51:07-05:00,PUR_IED_SanIgnacioBosa_Ext_ef0ffc,PUR_IED_SanIgnacioBosa_Ext_ef0ffc,,,,,
2026-09-12T23:51:07-05:00,PUR_IED_SanJoseN_intS1101_31c47f,PUR_IED_SanJoseN_intS1101_31c47f,,,,,
2026-09-12T23:51:07-05:00,PUR_IED_SanJoseUsm_Exter_f5d7e8,PUR_IED_SanJoseUsm_Exter_f5d7e8,,,,,
2026-09-12T23:51:07-05:00,PUR_IED_SanJoseUsm_Int11A_cfdef6,PUR_IED_SanJoseUsm_Int11A_cfdef6,,,,,
2026-09-12T23:51:07-05:00,PUR_IED_SilveriaR_IntB5_905349,PUR_IED_SilveriaR_IntB5_905349,,,,,
2026-09-12T23:51:07-05:00,PUR_IED_SilveriaR_IntSD14_981f93,PUR_IED_SilveriaR_IntSD14_981f93,,,,,
2026-09-12T23:51:07-05:00,PUR_IED_SilveriaR_ext_2b651d,PUR_IED_SilveriaR_ext_2b651d,,,,,
2026-09-12T23:51:07-05:00,PUR_IED_SimonB_Exterior_913975,PUR_IED_SimonB_Exterior_913975,,,,,
2026-09-12T23:51:07-05:00,PUR_IED_SimonB_LabQuimi_c56908,PUR_IED_SimonB_LabQuimi_c56908,,,,,
2026-09-12T23:51:07-05:00,PUR_IED_SimonB_informatic_a28c1,PUR_IED_SimonB_informatic_a28c1,,,,,
2026-09-12T23:51:07-05:00,PUR_IED_Sorrento_1102_315f50,PUR_IED_Sorrento_1102_315f50,,,,,
2026-09-12T23:51:07-05:00,PUR_IED_Sorrento_Minte_214eab,PUR_IED_Sorrento_Minte_214eab,,,,,
2026-09-12T23:51:07-05:00,PUR_IED_Sorrento_ext_7c3a0a,PUR_IED_Sorrento_ext_7c3a0a,,,,,
2026-09-12T23:51:07-05:00,PUR_IED_Tabora_Ext_f048ae,PUR_IED_Tabora_Ext_f048ae,,,,,
2026-09-12T23:51:07-05:00,PUR_IED_Tabora_S1102_b07752,PUR_IED_Tabora_S1102_b07752,,,,,
2026-09-12T23:51:07-05:00,PUR_IED_Tabora_S1103_d988f5,PUR_IED_Tabora_S1103_d988f5,,,,,
2026-09-12T23:51:07-05:00,PUR_IED_Tenerife_Ext_1ab188,PUR_IED_Tenerife_Ext_1ab188,,,,,
2026-09-12T23:51:07-05:00,PUR_IED_Tenerife_SDanzas_7bc02e,PUR_IED_Tenerife_SDanzas_7bc02e,,,,,
2026-09-12T23:51:07-05:00,PUR_IED_Tenerife_SIngles_7cc277,PUR_IED_Tenerife_SIngles_7cc277,,,,,
2026-09-12T23:51:07-05:00,PUR_IED_Tibabuyes_Exter_f2683d,PUR_IED_Tibabuyes_Exter_f2683d,,,,,
2026-09-12T23:51:07-05:00,PUR_IED_Tibabuyes_S10_dc87a8,PUR_IED_Tibabuyes_S10_dc87a8,,,,,
2026-09-12T23:51:07-05:00,PUR_IED_Tibabuyes_S15_dc0526,PUR_IED_Tibabuyes_S15_dc0526,,,,,
2026-09-12T23:51:07-05:00,PUR_IED_UnionE_S301_a1043,PUR_IED_UnionE_S301_a1043,,,,,
2026-09-12T23:51:07-05:00,PUR_IED_UnionE_S307_ff6c2f,PUR_IED_UnionE_S307_ff6c2f,,,,,
2026-09-12T23:51:07-05:00,PUR_IED_UnionE__Ext_5e2468,PUR_IED_UnionE__Ext_5e2468,,,,,
2026-09-12T23:51:07-05:00,PUR_IED_VillaRica_Ext_75be7c,PUR_IED_VillaRica_Ext_75be7c,,,,,
2026-09-12T23:51:07-05:00,PUR_IED_VillaRica_S4_cc5dcd,PUR_IED_VillaRica_S4_cc5dcd,,,,,
2026-09-12T23:51:07-05:00,PUR_IED_VillaRica_Sesp_99f5c,PUR_IED_VillaRica_Sesp_99f5c,,,,,
2026-09-12T23:56:06-05:00,PUR_IED_20deJulio_1101_91b1b9,PUR_IED_20deJulio_1101_91b1b9,,,,,
2026-09-12T23:56:06-05:00,PUR_IED_20deJulio_1102_1cfcf9,PUR_IED_20deJulio_1102_1cfcf9,,,,,
2026-09-12T23:56:06-05:00,PUR_IED_20deJulio_Ext_ab60bd,PUR_IED_20deJulio_Ext_ab60bd,,,,,
2026-09-12T23:56:06-05:00,PUR_IED_AgustinFer_Ext_7b9b77,PUR_IED_AgustinFer_Ext_7b9b77,,,,,
2026-09-12T23:56:06-05:00,PUR_IED_AgustinFer_Info2_27b3a7,PUR_IED_AgustinFer_Info2_27b3a7,,,,,
2026-09-12T23:56:06-05:00,PUR_IED_AgustinFer_Sena_54b4eb,PUR_IED_AgustinFer_Sena_54b4eb,,,,,
2026-09-12T23:56:06-05:00,PUR_IED_AlexanderF_1102_caf07b,PUR_IED_AlexanderF_1102_caf07b,,,,,
2026-09-12T23:56:06-05:00,PUR_IED_AlexanderF_1103_c79e71,PUR_IED_AlexanderF_1103_c79e71,,,,,
2026-09-12T23:56:06-05:00,PUR_IED_AlexanderF_Ext_c5b18b,PUR_IED_AlexanderF_Ext_c5b18b,,,,,
2026-09-12T23:56:06-05:00,PUR_IED_AlfonsoLopez_Ext_281d77,PUR_IED_AlfonsoLopez_Ext_281d77,,,,,
2026-09-12T23:56:06-05:00,PUR_IED_AlfonsoLopez_LabF_888ce0,PUR_IED_AlfonsoLopez_LabF_888ce0,,,,,
2026-09-12T23:56:06-05:00,PUR_IED_AlfonsoLopez_SMed_df6a7f,PUR_IED_AlfonsoLopez_SMed_df6a7f,,,,,
2026-09-12T23:56:06-05:00,PUR_IED_AltamiraSO_A2_209f92,PUR_IED_AltamiraSO_A2_209f92,,,,,
2026-09-12T23:56:06-05:00,PUR_IED_AltamiraSO_Ext_186d66,PUR_IED_AltamiraSO_Ext_186d66,,,,,
2026-09-12T23:56:06-05:00,PUR_IED_AltamiraSO_Sistem_27afe1,PUR_IED_AltamiraSO_Sistem_27afe1,,,,,
2026-09-12T23:56:06-05:00,PUR_IED_AlvaroGom_LabQuim_813179,PUR_IED_AlvaroGom_LabQuim_813179,,,,,
2026-09-12T23:56:06-05:00,PUR_IED_AlvaroGomez_Ext_47c7ca,PUR_IED_AlvaroGomez_Ext_47c7ca,,,,,
2026-09-12T23:56:06-05:00,PUR_IED_AlvaroGomez_LabQuim_813179,PUR_IED_AlvaroGomez_LabQuim_813179,,,,,
2026-09-12T23:56:06-05:00,PUR_IED_AlvaroGomez_S23_7ba89f,PUR_IED_AlvaroGomez_S23_7ba89f,,,,,
2026-09-12T23:56:06-05:00,PUR_IED_Amistad_306_dc8728,PUR_IED_Amistad_306_dc8728,,,,,
2026-09-12T23:56:06-05:00,PUR_IED_Amistad_Ext_8cd55e,PUR_IED_Amistad_Ext_8cd55e,,,,,
2026-09-12T23:56:06-05:00,PUR_IED_Amistad_S202_a41169,PUR_IED_Amistad_S202_a41169,,,,,
2026-09-12T23:56:06-05:00,PUR_IED_AndresBello_Bio_fd5f5e,PUR_IED_AndresBello_Bio_fd5f5e,,,,,
2026-09-12T23:56:06-05:00,PUR_IED_AndresBello_ext_dcad65,PUR_IED_AndresBello_ext_dcad65,,,,,
2026-09-12T23:56:06-05:00,PUR_IED_AndresBello_port_eed3ec,PUR_IED_AndresBello_port_eed3ec,,,,,
2026-09-12T23:56:06-05:00,PUR_IED_AngelaR_11b_d90a6b,PUR_IED_AngelaR_11b_d90a6b,,,,,
2026-09-12T23:56:06-05:00,PUR_IED_AngelaR_ext_7cad3e,PUR_IED_AngelaR_ext_7cad3e,3,18,64,4.5825,-74.164497
2026-09-12T23:56:06-05:00,PUR_IED_AntJoseSucre_10mo_df2575,PUR_IED_AntJoseSucre_10mo_df2575,,,,,
2026-09-12T23:56:06-05:00,PUR_IED_AntJoseSucre_Ext_215b36,PUR_IED_AntJoseSucre_Ext_215b36,,,,,
2026-09-12T23:56:06-05:00,PUR_IED_AntJoseSucre_Lab_3139de,PUR_IED_AntJoseSucre_Lab_3139de,,,,,
2026-09-12T23:56:06-05:00,PUR_IED_AntonioGarcia_301_d6b188,PUR_IED_AntonioGarcia_301_d6b188,,,,,
2026-09-12T23:56:06-05:00,PUR_IED_AntonioGarcia_302_88a82,PUR_IED_AntonioGarcia_302_88a82,,,,,
2026-09-12T23:56:06-05:00,PUR_IED_AntonioGarcia_Ext_20950c,PUR_IED_AntonioGarcia_Ext_20950c,,,,,
2026-09-12T23:56:06-05:00,PUR_IED_AntonioVan_Aula2_6dea02,PUR_IED_AntonioVan_Aula2_6dea02,,,,,
2026-09-12T23:56:06-05:00,PUR_IED_AntonioVan_Aula5_f1557e,PUR_IED_AntonioVan_Aula5_f1557e,,,,,
2026-09-12T23:56:06-05:00,PUR_IED_AntonioVan_Ext_406f2f,PUR_IED_AntonioVan_Ext_406f2f,,,,,
2026-09-12T23:56:06-05:00,PUR_IED_Atabanzha_Ext_cc5af9,PUR_IED_Atabanzha_Ext_cc5af9,,,,,
2026-09-12T23:56:06-05:00,PUR_IED_Atabanzha_SA101_56c37,PUR_IED_Atabanzha_SA101_56c37,,,,,
2026-09-12T23:56:06-05:00,PUR_IED_Atabanzha_SB302_27b374,PUR_IED_Atabanzha_SB302_27b374,,,,,
2026-09-12T23:56:06-05:00,PUR_IED_Atahualpa_Ext_fc1748,PUR_IED_Atahualpa_Ext_fc1748,,,,,
2026-09-12T23:56:06-05:00,PUR_IED_Atahualpa_Informa_dc9a95,PUR_IED_Atahualpa_Informa_dc9a95,,,,,
2026-09-12T23:56:06-05:00,PUR_IED_Atahualpa_S1101_f98056,PUR_IED_Atahualpa_S1101_f98056,,,,,
2026-09-12T23:56:06-05:00,PUR_IED_Bellavista_Ext_f5aa74,PUR_IED_Bellavista_Ext_f5aa74,,,,,
2026-09-12T23:56:06-05:00,PUR_IED_Bilbao_11A_916c41,PUR_IED_Bilbao_11A_916c41,,,,,
2026-09-12T23:56:06-05:00,PUR_IED_Bilbao_Ext_fb579a,PUR_IED_Bilbao_Ext_fb579a,,,,,
2026-09-12T23:56:06-05:00,PUR_IED_BrasiliaU_A125_304280,PUR_IED_BrasiliaU_A125_304280,,,,,
2026-09-12T23:56:06-05:00,PUR_IED_BrasiliaU_A203_7c8ca5,PUR_IED_BrasiliaU_A203_7c8ca5,,,,,
2026-09-12T23:56:06-05:00,PUR_IED_BrasiliaU_Ext_8d6e9f,PUR_IED_BrasiliaU_Ext_8d6e9f,4,17,63,4.5175,-74.116302
2026-09-12T23:56:06-05:00,PUR_IED_Brasilia_Ext_fe6593,PUR_IED_Brasilia_Ext_fe6593,,,,,
2026-09-12T23:56:06-05:00,PUR_IED_Brasilia_S24_7c130d,PUR_IED_Brasilia_S24_7c130d,,,,,
2026-09-12T23:56:06-05:00,PUR_IED_Brasilia_S501_186a54,PUR_IED_Brasilia_S501_186a54,,,,,
2026-09-12T23:56:06-05:00,PUR_IED_CHARRY_EXT_f1d5cd,PUR_IED_CHARRY_EXT_f1d5cd,,,,,
2026-09-12T23:56:06-05:00,PUR_IED_CHARRY_INTDANZAS_7a08e6,PUR_IED_CHARRY_INTDANZAS_7a08e6,,,,,
2026-09-12T23:56:06-05:00,PUR_IED_CHARRY_INT_AULA20_dc998d,PUR_IED_CHARRY_INT_AULA20_dc998d,,,,,
2026-09-12T23:56:06-05:00,PUR_IED_COLVIV_1101_S25_7f520a,PUR_IED_COLVIV_1101_S25_7f520a,,,,,
2026-09-12T23:56:06-05:00,PUR_IED_COLVIV_1102_S16_f570ba,PUR_IED_COLVIV_1102_S16_f570ba,,,,,
2026-09-12T23:56:06-05:00,PUR_IED_COLVIV_Ext_1a26fa,PUR_IED_COLVIV_Ext_1a26fa,,,,,
2026-09-12T23:56:06-05:00,PUR_IED_CULPOP_301A_f660f3,PUR_IED_CULPOP_301A_f660f3,,,,,
2026-09-12T23:56:06-05:00,PUR_IED_CULPOP_303_568afe,PUR_IED_CULPOP_303_568afe,,,,,
2026-09-12T23:56:06-05:00,PUR_IED_CULPOP_Ext_e02ccb,PUR_IED_CULPOP_Ext_e02ccb,,,,,
2026-09-12T23:56:06-05:00,PUR_IED_CVillavicen_Ext_26eb58,PUR_IED_CVillavicen_Ext_26eb58,19,15,79,4.487,-74.102798
2026-09-12T23:56:06-05:00,PUR_IED_CVillavicen_Intel_1ce5c2,PUR_IED_CVillavicen_Intel_1ce5c2,,,,,
2026-09-12T23:56:06-05:00,PUR_IED_CVillavicen_Poliv_e0766c,PUR_IED_CVillavicen_Poliv_e0766c,,,,,
2026-09-12T23:56:06-05:00,PUR_IED_CVillavicen_int_1ba140,PUR_IED_CVillavicen_int_1ba140,,,,,
2026-09-12T23:56:06-05:00,PUR_IED_CVillavicen_intel_1ba140,PUR_IED_CVillavicen_intel_1ba140,,,,,
2026-09-12T23:56:06-05:00,PUR_IED_CarlosPizarro_Ext_e307cc,PUR_IED_CarlosPizarro_Ext_e307cc,,,,,
2026-09-12T23:56:06-05:00,PUR_IED_CarlosPizarro_L36_7e5cdb,PUR_IED_CarlosPizarro_L36_7e5cdb,,,,,
2026-09-12T23:56:06-05:00,PUR_IED_CarlosPizarro_L37_c8566c,PUR_IED_CarlosPizarro_L37_c8566c,,,,,
2026-09-12T23:56:06-05:00,PUR_IED_Castilla_Ext_cf35f,PUR_IED_Castilla_Ext_cf35f,,,,,
2026-09-12T23:56:06-05:00,PUR_IED_Castilla_SFisik_360e38,PUR_IED_Castilla_SFisik_360e38,,,,,
2026-09-12T23:56:06-05:00,PUR_IED_Castilla_Sc304_496fbf,PUR_IED_Castilla_Sc304_496fbf,,,,,
2026-09-12T23:56:06-05:00,PUR_IED_CervantesSa_Ext_6b57b,PUR_IED_CervantesSa_Ext_6b57b,2,17,69,4.5128,-74.117203
2026-09-12T23:56:06-05:00,PUR_IED_CervantesSa_S107_225c2b,PUR_IED_CervantesSa_S107_225c2b,,,,,
2026-09-12T23:56:06-05:00,PUR_IED_CervantesSa_S108_940925,PUR_IED_CervantesSa_S108_940925,,,,,
2026-09-12T23:56:06-05:00,PUR_IED_Charry_A20_f53e7c,PUR_IED_Charry_A20_f53e7c,,,,,
2026-09-12T23:56:06-05:00,PUR_IED_Charry_Ext_f1d5cd,PUR_IED_Charry_Ext_f1d5cd,,,,,
2026-09-12T23:56:06-05:00,PUR_IED_Charry_IntAula20_dc998d,PUR_IED_Charry_IntAula20_dc998d,,,,,
2026-09-12T23:56:06-05:00,PUR_IED_Charry_IntDanzas_7a08e6,PUR_IED_Charry_IntDanzas_7a08e6,,,,,
2026-09-12T23:56:06-05:00,PUR_IED_ClememciaC_203_43e2fc,PUR_IED_ClememciaC_203_43e2fc,,,,,
2026-09-12T23:56:06-05:00,PUR_IED_ClememciaC_Ext_1b411a,PUR_IED_ClememciaC_Ext_1b411a,,,,,
2026-09-12T23:56:06-05:00,PUR_IED_ClememciaC_Quimic_44b5fc,PUR_IED_ClememciaC_Quimic_44b5fc,,,,,
2026-09-12T23:56:06-05:00,PUR_IED_ClemenciaC_203_43e2fc,PUR_IED_ClemenciaC_203_43e2fc,,,,,
2026-09-12T23:56:06-05:00,PUR_IED_ClemenciaC_Ext_1b411a,PUR_IED_ClemenciaC_Ext_1b411a,,,,,
2026-09-12T23:56:06-05:00,PUR_IED_ClemenciaC_Quimic_44b5fc,PUR_IED_ClemenciaC_Quimic_44b5fc,,,,,
2026-09-12T23:56:06-05:00,PUR_IED_ColViva_1101_S25_7f520a,PUR_IED_ColViva_1101_S25_7f520a,,,,,
2026-09-12T23:56:06-05:00,PUR_IED_ColViva_1102_S16_f570ba,PUR_IED_ColViva_1102_S16_f570ba,,,,,
2026-09-12T23:56:06-05:00,PUR_IED_ColViva_Ext_1a26fa,PUR_IED_ColViva_Ext_1a26fa,,,,,
2026-09-12T23:56:06-05:00,PUR_IED_ColegioBici_Asist_7c8798,PUR_IED_ColegioBici_Asist_7c8798,,,,,
2026-09-12T23:56:06-05:00,PUR_IED_ColegioBici_Ext_25cbf6,PUR_IED_ColegioBici_Ext_25cbf6,,,,,
2026-09-12T23:56:06-05:00,PUR_IED_ColegioBici_LabQ_7b57db,PUR_IED_ColegioBici_LabQ_7b57db,,,,,
2026-09-12T23:56:06-05:00,PUR_IED_CostaRica_Ext_5e640,PUR_IED_CostaRica_Ext_5e640,,,,,
2026-09-12T23:56:06-05:00,PUR_IED_CostaRica_Quim1_766d1c,PUR_IED_CostaRica_Quim1_766d1c,,,,,
2026-09-12T23:56:06-05:00,PUR_IED_CostaRica__Fisica_6f0873,PUR_IED_CostaRica__Fisica_6f0873,,,,,
2026-09-12T23:56:06-05:00,PUR_IED_CulPopu_301A_f660f3,PUR_IED_CulPopu_301A_f660f3,,,,,
2026-09-12T23:56:06-05:00,PUR_IED_CulPopu_303_568afe,PUR_IED_CulPopu_303_568afe,,,,,
2026-09-12T23:56:06-05:00,PUR_IED_CulPopu_Ext_e02ccb,PUR_IED_CulPopu_Ext_e02ccb,,,,,
2026-09-12T23:56:06-05:00,PUR_IED_Cundinamarca_Ext_f15985,PUR_IED_Cundinamarca_Ext_f15985,,,,,
2026-09-12T23:56:06-05:00,PUR_IED_Cundinamarca_Info_7aa5d7,PUR_IED_Cundinamarca_Info_7aa5d7,,,,,
2026-09-12T23:56:06-05:00,PUR_IED_Cundinamarca_Tec2_f449c7,PUR_IED_Cundinamarca_Tec2_f449c7,,,,,
2026-09-12T23:56:06-05:00,PUR_IED_DiegoM_Aula1_27b314,PUR_IED_DiegoM_Aula1_27b314,,,,,
2026-09-12T23:56:06-05:00,PUR_IED_DiegoM_Ext_d80ac8,PUR_IED_DiegoM_Ext_d80ac8,,,,,
2026-09-12T23:56:06-05:00,PUR_IED_DiegoM_S25_da928f,PUR_IED_DiegoM_S25_da928f,,,,,
2026-09-12T23:56:06-05:00,PUR_IED_ELRODEO_360881,PUR_IED_ELRODEO_360881,,,,,
2026-09-12T23:56:06-05:00,PUR_IED_ELRODEO_ext_360881,PUR_IED_ELRODEO_ext_360881,,,,,
2026-09-12T23:56:06-05:00,PUR_IED_EduardoU_Ext_1c1969,PUR_IED_EduardoU_Ext_1c1969,,,,,
2026-09-12T23:56:06-05:00,PUR_IED_EduardoU_SCiencia_4dfb94,PUR_IED_EduardoU_SCiencia_4dfb94,,,,,
2026-09-12T23:56:06-05:00,PUR_IED_EduardoU_SQuimica_5a46e7,PUR_IED_EduardoU_SQuimica_5a46e7,,,,,
2026-09-12T23:56:06-05:00,PUR_IED_ElRodeo_Aula14_676984,PUR_IED_ElRodeo_Aula14_676984,,,,,
2026-09-12T23:56:06-05:00,PUR_IED_ElRodeo_Aula16_2dd35b,PUR_IED_ElRodeo_Aula16_2dd35b,,,,,
2026-09-12T23:56:06-05:00,PUR_IED_ElRodeo_Ext_360881,PUR_IED_ElRodeo_Ext_360881,,,,,
2026-09-12T23:56:06-05:00,PUR_IED_ElRodeo_Exterior_8c6d28,PUR_IED_ElRodeo_Exterior_8c6d28,,,,,
2026-09-12T23:56:06-05:00,PUR_IED_ElRodeo_ext_360881,PUR_IED_ElRodeo_ext_360881,,,,,
2026-09-12T23:56:06-05:00,PUR_IED_EmmaReyes_Ext_987625,PUR_IED_EmmaReyes_Ext_987625,5,21,52,4.6367,-74.1511
2026-09-12T23:56:06-05:00,PUR_IED_Ensueño_Ext_7f0250,PUR_IED_Ensueño_Ext_7f0250,,,,,
2026-09-12T23:56:06-05:00,PUR_IED_EscNormal_Ext_5fef3b,PUR_IED_EscNormal_Ext_5fef3b,2,18,62,4.5852,-74.096901
2026-09-12T23:56:06-05:00,PUR_IED_EscNormal_S309_5b263,PUR_IED_EscNormal_S309_5b263,,,,,
2026-09-12T23:56:06-05:00,PUR_IED_EscNormal_S310_27b3b8,PUR_IED_EscNormal_S310_27b3b8,,,,,
2026-09-12T23:56:06-05:00,PUR_IED_Evangelista_Conta_f6cd4f,PUR_IED_Evangelista_Conta_f6cd4f,,,,,
2026-09-12T23:56:06-05:00,PUR_IED_Evangelista_Cri_5e16a,PUR_IED_Evangelista_Cri_5e16a,,,,,
2026-09-12T23:56:06-05:00,PUR_IED_Evangelista_Exter_754066,PUR_IED_Evangelista_Exter_754066,,,,,
2026-09-12T23:56:06-05:00,PUR_IED_FMiranda_S209_5cc2a3,PUR_IED_FMiranda_S209_5cc2a3,,,,,
2026-09-12T23:56:06-05:00,PUR_IED_FMiranda_S303_19e344,PUR_IED_FMiranda_S303_19e344,,,,,
2026-09-12T23:56:06-05:00,PUR_IED_FMiranda_ext_f53e7c,PUR_IED_FMiranda_ext_f53e7c,,,,,
2026-09-12T23:56:06-05:00,PUR_IED_FabioLozano_Bibli_1cee05,PUR_IED_FabioLozano_Bibli_1cee05,,,,,
2026-09-12T23:56:06-05:00,PUR_IED_FabioLozano_Ext_6ea285,PUR_IED_FabioLozano_Ext_6ea285,,,,,
2026-09-12T23:56:06-05:00,PUR_IED_FabioLozano_SLudi_f09e1e,PUR_IED_FabioLozano_SLudi_f09e1e,,,,,
2026-09-12T23:56:06-05:00,PUR_IED_FaustinoS_Aula07_27a731,PUR_IED_FaustinoS_Aula07_27a731,,,,,
2026-09-12T23:56:06-05:00,PUR_IED_FaustinoS_Ext_7b936f,PUR_IED_FaustinoS_Ext_7b936f,,,,,
2026-09-12T23:56:06-05:00,PUR_IED_FaustinoS_Fisica_da2c60,PUR_IED_FaustinoS_Fisica_da2c60,,,,,
2026-09-12T23:56:06-05:00,PUR_IED_FeGarciaLo_Ext_dc68ee,PUR_IED_FeGarciaLo_Ext_dc68ee,,,,,
2026-09-12T23:56:06-05:00,PUR_IED_FeGarciaLo_SDanza_f70a59,PUR_IED_FeGarciaLo_SDanza_f70a59,,,,,
2026-09-12T23:56:06-05:00,PUR_IED_FeGarciaLo_SMusic_125cdd,PUR_IED_FeGarciaLo_SMusic_125cdd,,,,,
2026-09-12T23:56:06-05:00,PUR_IED_FederalAlema_Exte_50c345,PUR_IED_FederalAlema_Exte_50c345,,,,,
2026-09-12T23:56:06-05:00,PUR_IED_FederalAlema_S31_f18371,PUR_IED_FederalAlema_S31_f18371,,,,,
2026-09-12T23:56:06-05:00,PUR_IED_FederalAlema_S901_a62cd,PUR_IED_FederalAlema_S901_a62cd,,,,,
2026-09-12T23:56:06-05:00,PUR_IED_FilarmonicaS_A5_f35eb1,PUR_IED_FilarmonicaS_A5_f35eb1,,,,,
2026-09-12T23:56:06-05:00,PUR_IED_FilarmonicaS_Ext_8a3bde,PUR_IED_FilarmonicaS_Ext_8a3bde,,,,,
2026-09-12T23:56:06-05:00,PUR_IED_FilarmonicaS_Spol_406114,PUR_IED_FilarmonicaS_Spol_406114,,,,,
2026-09-12T23:56:06-05:00,PUR_IED_FlorentinoG_A13_d1fa59,PUR_IED_FlorentinoG_A13_d1fa59,,,,,
2026-09-12T23:56:06-05:00,PUR_IED_FlorentinoG_Ext_1ce6ce,PUR_IED_FlorentinoG_Ext_1ce6ce,,,,,
2026-09-12T23:56:06-05:00,PUR_IED_FlorentinoG_Idiom_a66aac,PUR_IED_FlorentinoG_Idiom_a66aac,,,,,
2026-09-12T23:56:06-05:00,PUR_IED_FranciscoMati_Ext_e3869d,PUR_IED_FranciscoMati_Ext_e3869d,,,,,
2026-09-12T23:56:06-05:00,PUR_IED_FranciscoMati_S13_f31c67,PUR_IED_FranciscoMati_S13_f31c67,,,,,
2026-09-12T23:56:06-05:00,PUR_IED_FranciscoMati_S14_97dead,PUR_IED_FranciscoMati_S14_97dead,,,,,
2026-09-12T23:56:06-05:00,PUR_IED_FranciscoPS_Ext_7bfa9a,PUR_IED_FranciscoPS_Ext_7bfa9a,3,19,62,4.5899,-74.110397
2026-09-12T23:56:06-05:00,PUR_IED_FranciscoPS_Infor_fb8f4c,PUR_IED_FranciscoPS_Infor_fb8f4c,,,,,
2026-09-12T23:56:06-05:00,PUR_IED_FranciscoPS_Quimi_94d39c,PUR_IED_FranciscoPS_Quimi_94d39c,,,,,
2026-09-12T23:56:06-05:00,PUR_IED_FranciscoP_LabQ_d7e148,PUR_IED_FranciscoP_LabQ_d7e148,,,,,
2026-09-12T23:56:06-05:00,PUR_IED_FranciscoP_S28_cf9b30,PUR_IED_FranciscoP_S28_cf9b30,,,,,
2026-09-12T23:56:06-05:00,PUR_IED_FranciscoP_ext_e2313,PUR_IED_FranciscoP_ext_e2313,,,,,
2026-09-12T23:56:06-05:00,PUR_IED_FriederichN_Ext_8ac92a,PUR_IED_FriederichN_Ext_8ac92a,,,,,
2026-09-12T23:56:06-05:00,PUR_IED_FriederichN_S301_dd7e5a,PUR_IED_FriederichN_S301_dd7e5a,,,,,
2026-09-12T23:56:06-05:00,PUR_IED_FriederichN_S308_761f4f,PUR_IED_FriederichN_S308_761f4f,,,,,
2026-09-12T23:56:06-05:00,PUR_IED_GSantander_Aula10_533dd7,PUR_IED_GSantander_Aula10_533dd7,,,,,
2026-09-12T23:56:06-05:00,PUR_IED_GSantander_Aula12_fd4e4f,PUR_IED_GSantander_Aula12_fd4e4f,,,,,
2026-09-12T23:56:06-05:00,PUR_IED_GSantander_Aula310_533dd7,PUR_IED_GSantander_Aula310_533dd7,,,,,
2026-09-12T23:56:06-05:00,PUR_IED_GSantander_Aula312_fd4e4f,PUR_IED_GSantander_Aula312_fd4e4f,,,,,
2026-09-12T23:56:06-05:00,PUR_IED_GSantander_Ext_5f66b0,PUR_IED_GSantander_Ext_5f66b0,,,,,
2026-09-12T23:56:06-05:00,PUR_IED_GYomasa_Ext_f6bea5,PUR_IED_GYomasa_Ext_f6bea5,,,,,
2026-09-12T23:56:06-05:00,PUR_IED_GYomasa_LBiol_2c41aa,PUR_IED_GYomasa_LBiol_2c41aa,,,,,
2026-09-12T23:56:06-05:00,PUR_IED_GYomasa_LQuim_33c80,PUR_IED_GYomasa_LQuim_33c80,,,,,
2026-09-12T23:56:06-05:00,PUR_IED_GabBetMejia_Cienc_5a99c,PUR_IED_GabBetMejia_Cienc_5a99c,,,,,
2026-09-12T23:56:06-05:00,PUR_IED_GabBetMejia_Ext_9153d0,PUR_IED_GabBetMejia_Ext_9153d0,,,,,
2026-09-12T23:56:06-05:00,PUR_IED_GabBetMejia_Lab_f55347,PUR_IED_GabBetMejia_Lab_f55347,,,,,
2026-09-12T23:56:06-05:00,PUR_IED_GabBetanMejia_Ext_9153d0,PUR_IED_GabBetanMejia_Ext_9153d0,,,,,
2026-09-12T23:56:06-05:00,PUR_IED_Gaitana_Aula13_7aac11,PUR_IED_Gaitana_Aula13_7aac11,,,,,
2026-09-12T23:56:06-05:00,PUR_IED_Gaitana_Ext_5fcf4,PUR_IED_Gaitana_Ext_5fcf4,,,,,
2026-09-12T23:56:06-05:00,PUR_IED_Gaitana_LabFisica_644448,PUR_IED_Gaitana_LabFisica_644448,,,,,
2026-09-12T23:56:06-05:00,PUR_IED_GenSantander_Dise_8ac858,PUR_IED_GenSantander_Dise_8ac858,,,,,
2026-09-12T23:56:06-05:00,PUR_IED_GenSantander_Ext_8d5dfe,PUR_IED_GenSantander_Ext_8d5dfe,,,,,
2026-09-12T23:56:06-05:00,PUR_IED_GenSantander_Info_6c25b,PUR_IED_GenSantander_Info_6c25b,,,,,
2026-09-12T23:56:06-05:00,PUR_IED_GustavoMo_Exterio_75e63d,PUR_IED_GustavoMo_Exterio_75e63d,,,,,
2026-09-12T23:56:06-05:00,PUR_IED_GustavoMo_LabFisi_224d37,PUR_IED_GustavoMo_LabFisi_224d37,,,,,
2026-09-12T23:56:06-05:00,PUR_IED_GustavoMo_S208_3e6918,PUR_IED_GustavoMo_S208_3e6918,,,,,
2026-09-12T23:56:06-05:00,PUR_IED_GustavoR_A02_8cd4a8,PUR_IED_GustavoR_A02_8cd4a8,,,,,
2026-09-12T23:56:06-05:00,PUR_IED_GustavoR_B11_5b0ed,PUR_IED_GustavoR_B11_5b0ed,,,,,
2026-09-12T23:56:06-05:00,PUR_IED_GustavoR_Ext_7a0c90,PUR_IED_GustavoR_Ext_7a0c90,,,,,
2026-09-12T23:56:06-05:00,PUR_IED_HernandoDuran_Ext_8cd82b,PUR_IED_HernandoDuran_Ext_8cd82b,,,,,
2026-09-12T23:56:06-05:00,PUR_IED_HernandoDuran_S24_2772c6,PUR_IED_HernandoDuran_S24_2772c6,,,,,
2026-09-12T23:56:06-05:00,PUR_IED_HernandoDuran_S30_f2de41,PUR_IED_HernandoDuran_S30_f2de41,,,,,
2026-09-12T23:56:06-05:00,PUR_IED_HolguInUr_S1101_8cd732,PUR_IED_HolguInUr_S1101_8cd732,,,,,
2026-09-12T23:56:06-05:00,PUR_IED_HolguinUr_Exter_ddae6d,PUR_IED_HolguinUr_Exter_ddae6d,,,,,
2026-09-12T23:56:06-05:00,PUR_IED_HolguinUr_LabQuim_92b952,PUR_IED_HolguinUr_LabQuim_92b952,,,,,
2026-09-12T23:56:06-05:00,PUR_IED_Isabel-II_Ext_5245cc,PUR_IED_Isabel-II_Ext_5245cc,3,19,58,4.6336,-74.153
2026-09-12T23:56:06-05:00,PUR_IED_Isabel-II_S_idiom_1c29aa,PUR_IED_Isabel-II_S_idiom_1c29aa,,,,,
2026-09-12T23:56:06-05:00,PUR_IED_Isabel-II_S_infor_fd741,PUR_IED_Isabel-II_S_infor_fd741,,,,,
2026-09-12T23:56:06-05:00,PUR_IED_IsidroSur_Exterio_5b90ea,PUR_IED_IsidroSur_Exterio_5b90ea,,,,,
2026-09-12T23:56:06-05:00,PUR_IED_IsidroSur_LabTec_56697a,PUR_IED_IsidroSur_LabTec_56697a,,,,,
2026-09-12T23:56:06-05:00,PUR_IED_IsidroSur_Robotic_b7c38f,PUR_IED_IsidroSur_Robotic_b7c38f,,,,,
2026-09-12T23:56:06-05:00,PUR_IED_IsmaelPerd_Ext_7b6672,PUR_IED_IsmaelPerd_Ext_7b6672,,,,,
2026-09-12T23:56:06-05:00,PUR_IED_IsmaelPerd_Inform_306540,PUR_IED_IsmaelPerd_Inform_306540,,,,,
2026-09-12T23:56:06-05:00,PUR_IED_IsmaelPerd_S30_2e2c83,PUR_IED_IsmaelPerd_S30_2e2c83,,,,,
2026-09-12T23:56:06-05:00,PUR_IED_JLozano_Exter_432910,PUR_IED_JLozano_Exter_432910,,,,,
2026-09-12T23:56:06-05:00,PUR_IED_JLozano_salaMulti_df5125,PUR_IED_JLozano_salaMulti_df5125,,,,,
2026-09-12T23:56:06-05:00,PUR_IED_JMCordoba_206_86f80b,PUR_IED_JMCordoba_206_86f80b,,,,,
2026-09-12T23:56:06-05:00,PUR_IED_JMCordoba_Ext_27ad97,PUR_IED_JMCordoba_Ext_27ad97,,,,,
2026-09-12T23:56:06-05:00,PUR_IED_JMCordoba_S310_d59ab4,PUR_IED_JMCordoba_S310_d59ab4,,,,,
2026-09-12T23:56:06-05:00,PUR_IED_Japon_Ext_549100,PUR_IED_Japon_Ext_549100,,,,,
2026-09-12T23:56:06-05:00,PUR_IED_Japon_Laboratorio_bec51d,PUR_IED_Japon_Laboratorio_bec51d,,,,,
2026-09-12T23:56:06-05:00,PUR_IED_Japon_informatica_d99327,PUR_IED_Japon_informatica_d99327,,,,,
2026-09-12T23:56:06-05:00,PUR_IED_Jazmin_Ext_d27bda,PUR_IED_Jazmin_Ext_d27bda,,,,,
2026-09-12T23:56:06-05:00,PUR_IED_Jazmin_Fisica_8d14d7,PUR_IED_Jazmin_Fisica_8d14d7,,,,,
2026-09-12T23:56:06-05:00,PUR_IED_Jazmin_Quimica_801cb5,PUR_IED_Jazmin_Quimica_801cb5,,,,,
2026-09-12T23:56:06-05:00,PUR_IED_JorgeGaitan_Exter_f098d1,PUR_IED_JorgeGaitan_Exter_f098d1,,,,,
2026-09-12T23:56:06-05:00,PUR_IED_JorgeGaitan_STec1_dc9d1d,PUR_IED_JorgeGaitan_STec1_dc9d1d,,,,,
2026-09-12T23:56:06-05:00,PUR_IED_JorgeGaitan_STec2_281e69,PUR_IED_JorgeGaitan_STec2_281e69,,,,,
2026-09-12T23:56:06-05:00,PUR_IED_JorgeSoto_Exterio_d9d0a2,PUR_IED_JorgeSoto_Exterio_d9d0a2,,,,,
2026-09-12T23:56:06-05:00,PUR_IED_JorgeSoto_LabFisi_209c54,PUR_IED_JorgeSoto_LabFisi_209c54,,,,,
2026-09-12T23:56:06-05:00,PUR_IED_JorgeSoto_S103_27b51a,PUR_IED_JorgeSoto_S103_27b51a,,,,,
2026-09-12T23:56:06-05:00,PUR_IED_JoseAcevedo_A02_e965eb,PUR_IED_JoseAcevedo_A02_e965eb,,,,,
2026-09-12T23:56:06-05:00,PUR_IED_JoseAcevedo_A07_dd5b4,PUR_IED_JoseAcevedo_A07_dd5b4,,,,,
2026-09-12T23:56:06-05:00,PUR_IED_JoseAcevedo_Ext_b47484,PUR_IED_JoseAcevedo_Ext_b47484,,,,,
2026-09-12T23:56:06-05:00,PUR_IED_JoseMarti_Exte_5b9bf,PUR_IED_JoseMarti_Exte_5b9bf,,,,,
2026-09-12T23:56:06-05:00,PUR_IED_JoseMarti_LabQuim_1c6c2d,PUR_IED_JoseMarti_LabQuim_1c6c2d,,,,,
2026-09-12T23:56:06-05:00,PUR_IED_JoseMarti_S_info_f5f177,PUR_IED_JoseMarti_S_info_f5f177,,,,,
2026-09-12T23:56:06-05:00,PUR_IED_Josejoaquin_Ext_dfc5dc,PUR_IED_Josejoaquin_Ext_dfc5dc,,,,,
2026-09-12T23:56:06-05:00,PUR_IED_Josejoaquin_S05_5b2a96,PUR_IED_Josejoaquin_S05_5b2a96,,,,,
2026-09-12T23:56:06-05:00,PUR_IED_Josejoaquin_S06_1ce7d2,PUR_IED_Josejoaquin_S06_1ce7d2,,,,,
2026-09-12T23:56:06-05:00,PUR_IED_JulioFlorez_Danza_9b82dd,PUR_IED_JulioFlorez_Danza_9b82dd,,,,,
2026-09-12T23:56:06-05:00,PUR_IED_JulioFlorez_Exter_f9f314,PUR_IED_JulioFlorez_Exter_f9f314,,,,,
2026-09-12T23:56:06-05:00,PUR_IED_JulioFlorez_info2_6b6e08,PUR_IED_JulioFlorez_info2_6b6e08,,,,,
2026-09-12T23:56:06-05:00,PUR_IED_LaBelleza_Aula13_1d00d8,PUR_IED_LaBelleza_Aula13_1d00d8,,,,,
2026-09-12T23:56:06-05:00,PUR_IED_LaBelleza_Ext_7bc08c,PUR_IED_LaBelleza_Ext_7bc08c,,,,,
2026-09-12T23:56:06-05:00,PUR_IED_LaChucua_Ext_8cd6d2,PUR_IED_LaChucua_Ext_8cd6d2,,,,,
2026-09-12T23:56:06-05:00,PUR_IED_LaChucua_S15_f578ce,PUR_IED_LaChucua_S15_f578ce,,,,,
2026-09-12T23:56:06-05:00,PUR_IED_LaChucua_S16_eebcf9,PUR_IED_LaChucua_S16_eebcf9,,,,,
2026-09-12T23:56:06-05:00,PUR_IED_LaFelicidad_Ext_fb5109,PUR_IED_LaFelicidad_Ext_fb5109,,,,,
2026-09-12T23:56:06-05:00,PUR_IED_LaMerced_206_66ebd,PUR_IED_LaMerced_206_66ebd,,,,,
2026-09-12T23:56:06-05:00,PUR_IED_LaMerced_207_6ebd6,PUR_IED_LaMerced_207_6ebd6,,,,,
2026-09-12T23:56:06-05:00,PUR_IED_LaMerced_ext_304311,PUR_IED_LaMerced_ext_304311,,,,,
2026-09-12T23:56:06-05:00,PUR_IED_Laureano_CiencNat_281e5e,PUR_IED_Laureano_CiencNat_281e5e,,,,,
2026-09-12T23:56:06-05:00,PUR_IED_Laureano_Comedor_f65c0a,PUR_IED_Laureano_Comedor_f65c0a,,,,,
2026-09-12T23:56:06-05:00,PUR_IED_Laureano_Exterior_7ab011,PUR_IED_Laureano_Exterior_7ab011,,,,,
2026-09-12T23:56:06-05:00,PUR_IED_LeonGreiff_Exte_dfe560,PUR_IED_LeonGreiff_Exte_dfe560,,,,,
2026-09-12T23:56:06-05:00,PUR_IED_LeonGreiff_S210_f264ed,PUR_IED_LeonGreiff_S210_f264ed,,,,,
2026-09-12T23:56:06-05:00,PUR_IED_LeonGreiff_SQuimi_e8296f,PUR_IED_LeonGreiff_SQuimi_e8296f,,,,,
2026-09-12T23:56:06-05:00,PUR_IED_LlanoOrientalS208_7b9fcd,PUR_IED_LlanoOrientalS208_7b9fcd,,,,,
2026-09-12T23:56:06-05:00,PUR_IED_LlanoOriental_Ext_fb3766,PUR_IED_LlanoOriental_Ext_fb3766,,,,,
2026-09-12T23:56:06-05:00,PUR_IED_LlanoOriental_S208_7b9fcd,PUR_IED_LlanoOriental_S208_7b9fcd,,,,,
2026-09-12T23:56:06-05:00,PUR_IED_LlanoOriental_S9_27b378,PUR_IED_LlanoOriental_S9_27b378,,,,,
2026-09-12T23:56:06-05:00,PUR_IED_LosTejares_1101_477602,PUR_IED_LosTejares_1101_477602,,,,,
2026-09-12T23:56:06-05:00,PUR_IED_LosTejares_11_d2c595,PUR_IED_LosTejares_11_d2c595,,,,,
2026-09-12T23:56:06-05:00,PUR_IED_LosTejares_12_477602,PUR_IED_LosTejares_12_477602,,,,,
2026-09-12T23:56:06-05:00,PUR_IED_LosTejares_Ext_8e2115,PUR_IED_LosTejares_Ext_8e2115,,,,,
2026-09-12T23:56:06-05:00,PUR_IED_MagdalenaO_B202_5ddda3,PUR_IED_MagdalenaO_B202_5ddda3,,,,,
2026-09-12T23:56:06-05:00,PUR_IED_MagdalenaO_B205_fb76e8,PUR_IED_MagdalenaO_B205_fb76e8,,,,,
2026-09-12T23:56:06-05:00,PUR_IED_MagdalenaO_ext_dc69cd,PUR_IED_MagdalenaO_ext_dc69cd,,,,,
2026-09-12T23:56:06-05:00,PUR_IED_ManueCepeda_artes_eee956,PUR_IED_ManueCepeda_artes_eee956,,,,,
2026-09-12T23:56:06-05:00,PUR_IED_ManuelCepeda_Ext_58313,PUR_IED_ManuelCepeda_Ext_58313,,,,,
2026-09-12T23:56:06-05:00,PUR_IED_ManuelCepeda_tec_1c5731,PUR_IED_ManuelCepeda_tec_1c5731,,,,,
2026-09-12T23:56:06-05:00,PUR_IED_ManuelS_Exterior_5b269,PUR_IED_ManuelS_Exterior_5b269,,,,,
2026-09-12T23:56:06-05:00,PUR_IED_ManuelS_Inform_f369ce,PUR_IED_ManuelS_Inform_f369ce,,,,,
2026-09-12T23:56:06-05:00,PUR_IED_ManuelS_SArtes_7d15f1,PUR_IED_ManuelS_SArtes_7d15f1,,,,,
2026-09-12T23:56:06-05:00,PUR_IED_ManuelZapata_303_3ca6,PUR_IED_ManuelZapata_303_3ca6,,,,,
2026-09-12T23:56:06-05:00,PUR_IED_ManuelZapata_311_bfbabc,PUR_IED_ManuelZapata_311_bfbabc,,,,,
2026-09-12T23:56:06-05:00,PUR_IED_ManuelZapata_Ext_50824a,PUR_IED_ManuelZapata_Ext_50824a,,,,,
2026-09-12T23:56:06-05:00,PUR_IED_ManuelitaS_Exteri_656a92,PUR_IED_ManuelitaS_Exteri_656a92,,,,,
2026-09-12T23:56:06-05:00,PUR_IED_ManuelitaS_JuzgDe_f58ec3,PUR_IED_ManuelitaS_JuzgDe_f58ec3,,,,,
2026-09-12T23:56:06-05:00,PUR_IED_ManuelitaS_Recrea_d793db,PUR_IED_ManuelitaS_Recrea_d793db,,,,,
2026-09-12T23:56:06-05:00,PUR_IED_MarFidSuarez_Ext_c27b19,PUR_IED_MarFidSuarez_Ext_c27b19,,,,,
2026-09-12T23:56:06-05:00,PUR_IED_MarFidSuarez_Info_e384d7,PUR_IED_MarFidSuarez_Info_e384d7,,,,,
2026-09-12T23:56:06-05:00,PUR_IED_MarFidSuarez_S306_1d0032,PUR_IED_MarFidSuarez_S306_1d0032,,,,,
2026-09-12T23:56:06-05:00,PUR_IED_Menorah_301_2a25a3,PUR_IED_Menorah_301_2a25a3,,,,,
2026-09-12T23:56:06-05:00,PUR_IED_Menorah_306_37ed3,PUR_IED_Menorah_306_37ed3,,,,,
2026-09-12T23:56:06-05:00,PUR_IED_Menorah_Ext_3e155b,PUR_IED_Menorah_Ext_3e155b,,,,,
2026-09-12T23:56:06-05:00,PUR_IED_MinutoB.Aires_A11_1b1604,PUR_IED_MinutoB.Aires_A11_1b1604,,,,,
2026-09-12T23:56:06-05:00,PUR_IED_MinutoB.Aires_A12_fb5860,PUR_IED_MinutoB.Aires_A12_fb5860,,,,,
2026-09-12T23:56:06-05:00,PUR_IED_MinutoB.Aires_Ext_81293f,PUR_IED_MinutoB.Aires_Ext_81293f,,,,,
2026-09-12T23:56:06-05:00,PUR_IED_MinutoBAires_A11_1b1604,PUR_IED_MinutoBAires_A11_1b1604,,,,,
2026-09-12T23:56:06-05:00,PUR_IED_MinutoBAires_A12_fb5860,PUR_IED_MinutoBAires_A12_fb5860,,,,,
2026-09-12T23:56:06-05:00,PUR_IED_MinutoBAires_Ext_81293f,PUR_IED_MinutoBAires_Ext_81293f,,,,,
2026-09-12T23:56:06-05:00,PUR_IED_Montreal_Aula10_1e4959,PUR_IED_Montreal_Aula10_1e4959,,,,,
2026-09-12T23:56:06-05:00,PUR_IED_Montreal_Aula6_300367,PUR_IED_Montreal_Aula6_300367,,,,,
2026-09-12T23:56:06-05:00,PUR_IED_Montreal_Exterior_91a179,PUR_IED_Montreal_Exterior_91a179,,,,,
2026-09-12T23:56:06-05:00,PUR_IED_Mqgdalena_B202_5ddda3,PUR_IED_Mqgdalena_B202_5ddda3,,,,,
2026-09-12T23:56:06-05:00,PUR_IED_NACUND_Soc_dc8728,PUR_IED_NACUND_Soc_dc8728,,,,,
2026-09-12T23:56:06-05:00,PUR_IED_NACUND_ext_27ad97,PUR_IED_NACUND_ext_27ad97,,,,,
2026-09-12T23:56:06-05:00,PUR_IED_NEsperanza_Ext_d24b61,PUR_IED_NEsperanza_Ext_d24b61,,,,,
2026-09-12T23:56:06-05:00,PUR_IED_NEsperanza_SElect_7d1807,PUR_IED_NEsperanza_SElect_7d1807,,,,,
2026-09-12T23:56:06-05:00,PUR_IED_NEsperanza_SLabor_8b2d0a,PUR_IED_NEsperanza_SLabor_8b2d0a,,,,,
2026-09-12T23:56:06-05:00,PUR_IED_NacionesU_Ext_f661a9,PUR_IED_NacionesU_Ext_f661a9,,,,,
2026-09-12T23:56:06-05:00,PUR_IED_NacionesU_Quimica_66f0a,PUR_IED_NacionesU_Quimica_66f0a,,,,,
2026-09-12T23:56:06-05:00,PUR_IED_NacionesU_S306_1b4b3d,PUR_IED_NacionesU_S306_1b4b3d,,,,,
2026-09-12T23:56:06-05:00,PUR_IED_NestorFA_Ext_e4201c,PUR_IED_NestorFA_Ext_e4201c,,,,,
2026-09-12T23:56:06-05:00,PUR_IED_NestorFA_Laborato_f22fe0,PUR_IED_NestorFA_Laborato_f22fe0,,,,,
2026-09-12T23:56:06-05:00,PUR_IED_NestorFA_S204_dee996,PUR_IED_NestorFA_S204_dee996,,,,,
2026-09-12T23:56:06-05:00,PUR_IED_NidyaQT_Aula03_76999b,PUR_IED_NidyaQT_Aula03_76999b,,,,,
2026-09-12T23:56:06-05:00,PUR_IED_NidyaQT_Aula10_56325,PUR_IED_NidyaQT_Aula10_56325,,,,,
2026-09-12T23:56:06-05:00,PUR_IED_NidyaQT_Ext_46e32d,PUR_IED_NidyaQT_Ext_46e32d,,,,,
2026-09-12T23:56:06-05:00,PUR_IED_NuevaCol_Exterior_d9b859,PUR_IED_NuevaCol_Exterior_d9b859,,,,,
2026-09-12T23:56:06-05:00,PUR_IED_NuevaCol_S1101_76c43b,PUR_IED_NuevaCol_S1101_76c43b,,,,,
2026-09-12T23:56:06-05:00,PUR_IED_NuevaCol_S1102_1ce0b5,PUR_IED_NuevaCol_S1102_1ce0b5,,,,,
2026-09-12T23:56:06-05:00,PUR_IED_OEA_A202_f7e3f2,PUR_IED_OEA_A202_f7e3f2,,,,,
2026-09-12T23:56:06-05:00,PUR_IED_OEA_A203_7d1b8d,PUR_IED_OEA_A203_7d1b8d,,,,,
2026-09-12T23:56:06-05:00,PUR_IED_OEA_Ext_27b593,PUR_IED_OEA_Ext_27b593,,,,,
2026-09-12T23:56:06-05:00,PUR_IED_Ochoa_Ext_1c29da,PUR_IED_Ochoa_Ext_1c29da,,,,,
2026-09-12T23:56:06-05:00,PUR_IED_Ochoa_S205_8b1121,PUR_IED_Ochoa_S205_8b1121,,,,,
2026-09-12T23:56:06-05:00,PUR_IED_Ochoa_Sistemas_f33af6,PUR_IED_Ochoa_Sistemas_f33af6,,,,,
2026-09-12T23:56:06-05:00,PUR_IED_PQuebec_Ext_1c67c7,PUR_IED_PQuebec_Ext_1c67c7,,,,,
2026-09-12T23:56:06-05:00,PUR_IED_PQuebec_S15_23e8e2,PUR_IED_PQuebec_S15_23e8e2,,,,,
2026-09-12T23:56:06-05:00,PUR_IED_PQuebec_S16_8ec76b,PUR_IED_PQuebec_S16_8ec76b,,,,,
2026-09-12T23:56:06-05:00,PUR_IED_PabloN_Ext_49dc96,PUR_IED_PabloN_Ext_49dc96,,,,,
2026-09-12T23:56:06-05:00,PUR_IED_PabloN_S1102_4e3df5,PUR_IED_PabloN_S1102_4e3df5,,,,,
2026-09-12T23:56:06-05:00,PUR_IED_PabloN_S1103_50c94b,PUR_IED_PabloN_S1103_50c94b,,,,,
2026-09-12T23:56:06-05:00,PUR_IED_Palestina_S1101_db9198,PUR_IED_Palestina_S1101_db9198,,,,,
2026-09-12T23:56:06-05:00,PUR_IED_Palestina_S1102_dc54fa,PUR_IED_Palestina_S1102_dc54fa,,,,,
2026-09-12T23:56:06-05:00,PUR_IED_Palestina_ext_4ccce6,PUR_IED_Palestina_ext_4ccce6,,,,,
2026-09-12T23:56:06-05:00,PUR_IED_Panama_Fisica_4d0794,PUR_IED_Panama_Fisica_4d0794,,,,,
2026-09-12T23:56:06-05:00,PUR_IED_Panama_SIngles_a4077e,PUR_IED_Panama_SIngles_a4077e,,,,,
2026-09-12T23:56:06-05:00,PUR_IED_Panama_ext_4c54b4,PUR_IED_Panama_ext_4c54b4,,,,,
2026-09-12T23:56:06-05:00,PUR_IED_ParaisoM_Exterior_8cd7f0,PUR_IED_ParaisoM_Exterior_8cd7f0,,,,,
2026-09-12T23:56:06-05:00,PUR_IED_ParaisoM_Laborato_27af35,PUR_IED_ParaisoM_Laborato_27af35,,,,,
2026-09-12T23:56:06-05:00,PUR_IED_ParaisoM_S304_d1edca,PUR_IED_ParaisoM_S304_d1edca,,,,,
2026-09-12T23:56:06-05:00,PUR_IED_PorfirioBarba_Ext_301466,PUR_IED_PorfirioBarba_Ext_301466,,,,,
2026-09-12T23:56:06-05:00,PUR_IED_PorfirioBarba_S11_df6cd2,PUR_IED_PorfirioBarba_S11_df6cd2,,,,,
2026-09-12T23:56:06-05:00,PUR_IED_PorfirioBarba_S29_27a7d6,PUR_IED_PorfirioBarba_S29_27a7d6,,,,,
2026-09-12T23:56:06-05:00,PUR_IED_PradoV_Exter_8b27ad,PUR_IED_PradoV_Exter_8b27ad,,,,,
2026-09-12T23:56:06-05:00,PUR_IED_PradoV_S301_de65b5,PUR_IED_PradoV_S301_de65b5,,,,,
2026-09-12T23:56:06-05:00,PUR_IED_PradoV_S302_7d2593,PUR_IED_PradoV_S302_7d2593,,,,,
2026-09-12T23:56:06-05:00,PUR_IED_QuirogaAlz_Ext_1ddc82,PUR_IED_QuirogaAlz_Ext_1ddc82,,,,,
2026-09-12T23:56:06-05:00,PUR_IED_QuirogaAlz_S302_9926a3,PUR_IED_QuirogaAlz_S302_9926a3,,,,,
2026-09-12T23:56:06-05:00,PUR_IED_QuirogaAlz_S305_cdf1f1,PUR_IED_QuirogaAlz_S305_cdf1f1,,,,,
2026-09-12T23:56:06-05:00,PUR_IED_RGuatemala_Biling_dc53b7,PUR_IED_RGuatemala_Biling_dc53b7,,,,,
2026-09-12T23:56:06-05:00,PUR_IED_RGuatemala_Ext_1b89a3,PUR_IED_RGuatemala_Ext_1b89a3,,,,,
2026-09-12T23:56:06-05:00,PUR_IED_RGuatemala_Tecnol_281a34,PUR_IED_RGuatemala_Tecnol_281a34,,,,,
2026-09-12T23:56:06-05:00,PUR_IED_RafaNu_Ext_f7c302,PUR_IED_RafaNu_Ext_f7c302,,,,,
2026-09-12T23:56:06-05:00,PUR_IED_RafaNu_S1101_25fde,PUR_IED_RafaNu_S1101_25fde,,,,,
2026-09-12T23:56:06-05:00,PUR_IED_RafaNu_S1102_281517,PUR_IED_RafaNu_S1102_281517,,,,,
2026-09-12T23:56:06-05:00,PUR_IED_RafaelB_S305_ee2783,PUR_IED_RafaelB_S305_ee2783,,,,,
2026-09-12T23:56:06-05:00,PUR_IED_RafaelB_S306_75fe33,PUR_IED_RafaelB_S306_75fe33,,,,,
2026-09-12T23:56:06-05:00,PUR_IED_RafaelB_ext_283336,PUR_IED_RafaelB_ext_283336,4,19,59,4.6722,-74.0737
2026-09-12T23:56:06-05:00,PUR_IED_RafaelUU_Exterior_281a51,PUR_IED_RafaelUU_Exterior_281a51,,,,,
2026-09-12T23:56:06-05:00,PUR_IED_RafaelUU_Human_806b2,PUR_IED_RafaelUU_Human_806b2,,,,,
2026-09-12T23:56:06-05:00,PUR_IED_RafaelUU_Mate2_5680d4,PUR_IED_RafaelUU_Mate2_5680d4,,,,,
2026-09-12T23:56:06-05:00,PUR_IED_RamonSub_Ext_f9eeb9,PUR_IED_RamonSub_Ext_f9eeb9,,,,,
2026-09-12T23:56:06-05:00,PUR_IED_RamonSub_Media_d1f62f,PUR_IED_RamonSub_Media_d1f62f,,,,,
2026-09-12T23:56:06-05:00,PUR_IED_RamonSub_planta_51b82,PUR_IED_RamonSub_planta_51b82,,,,,
2026-09-12T23:56:06-05:00,PUR_IED_RepBoliVene_Exter_27af7c,PUR_IED_RepBoliVene_Exter_27af7c,,,,,
2026-09-12T23:56:06-05:00,PUR_IED_RepBoliVene_SCPT_5ae2ee,PUR_IED_RepBoliVene_SCPT_5ae2ee,,,,,
2026-09-12T23:56:06-05:00,PUR_IED_RepBoliVene_Socia_4b11d5,PUR_IED_RepBoliVene_Socia_4b11d5,,,,,
2026-09-12T23:56:06-05:00,PUR_IED_RepChina_Ext_76d9ee,PUR_IED_RepChina_Ext_76d9ee,,,,,
2026-09-12T23:56:06-05:00,PUR_IED_RepChina_S404_7c804c,PUR_IED_RepChina_S404_7c804c,,,,,
2026-09-12T23:56:06-05:00,PUR_IED_RepChina_S405_df2c33,PUR_IED_RepChina_S405_df2c33,,,,,
2026-09-12T23:56:06-05:00,PUR_IED_RepublicaC_Exteri_7d1ec9,PUR_IED_RepublicaC_Exteri_7d1ec9,,,,,
2026-09-12T23:56:06-05:00,PUR_IED_RepublicaC_S1101_f544b3,PUR_IED_RepublicaC_S1101_f544b3,,,,,
2026-09-12T23:56:06-05:00,PUR_IED_RepublicaC_S1102_7aafc7,PUR_IED_RepublicaC_S1102_7aafc7,,,,,
2026-09-12T23:56:06-05:00,PUR_IED_Ricaurte_Externo_a0ea1,PUR_IED_Ricaurte_Externo_a0ea1,,,,,
2026-09-12T23:56:06-05:00,PUR_IED_Ricaurte_S210_f546fd,PUR_IED_Ricaurte_S210_f546fd,,,,,
2026-09-12T23:56:06-05:00,PUR_IED_Ricaurte_S309_d4452,PUR_IED_Ricaurte_S309_d4452,,,,,
2026-09-12T23:56:06-05:00,PUR_IED_RogelioS_1102_531e69,PUR_IED_RogelioS_1102_531e69,,,,,
2026-09-12T23:56:06-05:00,PUR_IED_RogelioS_Ext_f25a18,PUR_IED_RogelioS_Ext_f25a18,,,,,
2026-09-12T23:56:06-05:00,PUR_IED_SBernardino_Ext_27aff8,PUR_IED_SBernardino_Ext_27aff8,,,,,
2026-09-12T23:56:06-05:00,PUR_IED_SBernardino_SArte_2ffd33,PUR_IED_SBernardino_SArte_2ffd33,,,,,
2026-09-12T23:56:06-05:00,PUR_IED_SBernardino_SIngl_7c7da5,PUR_IED_SBernardino_SIngl_7c7da5,,,,,
2026-09-12T23:56:06-05:00,PUR_IED_Sago_auditorio_dc9d1d,PUR_IED_Sago_auditorio_dc9d1d,,,,,
2026-09-12T23:56:06-05:00,PUR_IED_Saludcoop_Ext_95aac3,PUR_IED_Saludcoop_Ext_95aac3,,,,,
2026-09-12T23:56:06-05:00,PUR_IED_Saludcoop_InfI_90c854,PUR_IED_Saludcoop_InfI_90c854,,,,,
2026-09-12T23:56:06-05:00,PUR_IED_Saludcoop_SMedia_1b93be,PUR_IED_Saludcoop_SMedia_1b93be,,,,,
2026-09-12T23:56:06-05:00,PUR_IED_SanCarlos_1101_1a2360,PUR_IED_SanCarlos_1101_1a2360,,,,,
2026-09-12T23:56:06-05:00,PUR_IED_SanCarlos_1103_7bafb5,PUR_IED_SanCarlos_1103_7bafb5,,,,,
2026-09-12T23:56:06-05:00,PUR_IED_SanCarlos_Ext_b7cd1,PUR_IED_SanCarlos_Ext_b7cd1,,,,,
2026-09-12T23:56:06-05:00,PUR_IED_SanIgnacioBosa11a_50c26e,PUR_IED_SanIgnacioBosa11a_50c26e,,,,,
2026-09-12T23:56:06-05:00,PUR_IED_SanIgnacioBosa11b_371de8,PUR_IED_SanIgnacioBosa11b_371de8,,,,,
2026-09-12T23:56:06-05:00,PUR_IED_SanIgnacioBosaExt_ef0ffc,PUR_IED_SanIgnacioBosaExt_ef0ffc,,,,,
2026-09-12T23:56:06-05:00,PUR_IED_SanIgnacioBosa_11a_50c26e,PUR_IED_SanIgnacioBosa_11a_50c26e,,,,,
2026-09-12T23:56:06-05:00,PUR_IED_SanIgnacioBosa_Ext_ef0ffc,PUR_IED_SanIgnacioBosa_Ext_ef0ffc,,,,,
2026-09-12T23:56:06-05:00,PUR_IED_SanJoseN_intS1101_31c47f,PUR_IED_SanJoseN_intS1101_31c47f,,,,,
2026-09-12T23:56:06-05:00,PUR_IED_SanJoseUsm_Exter_f5d7e8,PUR_IED_SanJoseUsm_Exter_f5d7e8,,,,,
2026-09-12T23:56:06-05:00,PUR_IED_SanJoseUsm_Int11A_cfdef6,PUR_IED_SanJoseUsm_Int11A_cfdef6,,,,,
2026-09-12T23:56:06-05:00,PUR_IED_SilveriaR_IntB5_905349,PUR_IED_SilveriaR_IntB5_905349,,,,,
2026-09-12T23:56:06-05:00,PUR_IED_SilveriaR_IntSD14_981f93,PUR_IED_SilveriaR_IntSD14_981f93,,,,,
2026-09-12T23:56:06-05:00,PUR_IED_SilveriaR_ext_2b651d,PUR_IED_SilveriaR_ext_2b651d,,,,,
2026-09-12T23:56:06-05:00,PUR_IED_SimonB_Exterior_913975,PUR_IED_SimonB_Exterior_913975,,,,,
2026-09-12T23:56:06-05:00,PUR_IED_SimonB_LabQuimi_c56908,PUR_IED_SimonB_LabQuimi_c56908,,,,,
2026-09-12T23:56:06-05:00,PUR_IED_SimonB_informatic_a28c1,PUR_IED_SimonB_informatic_a28c1,,,,,
2026-09-12T23:56:06-05:00,PUR_IED_Sorrento_1102_315f50,PUR_IED_Sorrento_1102_315f50,,,,,
2026-09-12T23:56:06-05:00,PUR_IED_Sorrento_Minte_214eab,PUR_IED_Sorrento_Minte_214eab,,,,,
2026-09-12T23:56:06-05:00,PUR_IED_Sorrento_ext_7c3a0a,PUR_IED_Sorrento_ext_7c3a0a,,,,,
2026-09-12T23:56:06-05:00,PUR_IED_Tabora_Ext_f048ae,PUR_IED_Tabora_Ext_f048ae,,,,,
2026-09-12T23:56:06-05:00,PUR_IED_Tabora_S1102_b07752,PUR_IED_Tabora_S1102_b07752,,,,,
2026-09-12T23:56:06-05:00,PUR_IED_Tabora_S1103_d988f5,PUR_IED_Tabora_S1103_d988f5,,,,,
2026-09-12T23:56:06-05:00,PUR_IED_Tenerife_Ext_1ab188,PUR_IED_Tenerife_Ext_1ab188,,,,,
2026-09-12T23:56:06-05:00,PUR_IED_Tenerife_SDanzas_7bc02e,PUR_IED_Tenerife_SDanzas_7bc02e,,,,,
2026-09-12T23:56:06-05:00,PUR_IED_Tenerife_SIngles_7cc277,PUR_IED_Tenerife_SIngles_7cc277,,,,,
2026-09-12T23:56:06-05:00,PUR_IED_Tibabuyes_Exter_f2683d,PUR_IED_Tibabuyes_Exter_f2683d,,,,,
2026-09-12T23:56:06-05:00,PUR_IED_Tibabuyes_S10_dc87a8,PUR_IED_Tibabuyes_S10_dc87a8,,,,,
2026-09-12T23:56:06-05:00,PUR_IED_Tibabuyes_S15_dc0526,PUR_IED_Tibabuyes_S15_dc0526,,,,,
2026-09-12T23:56:06-05:00,PUR_IED_UnionE_S301_a1043,PUR_IED_UnionE_S301_a1043,,,,,
2026-09-12T23:56:06-05:00,PUR_IED_UnionE_S307_ff6c2f,PUR_IED_UnionE_S307_ff6c2f,,,,,
2026-09-12T23:56:06-05:00,PUR_IED_UnionE__Ext_5e2468,PUR_IED_UnionE__Ext_5e2468,,,,,
2026-09-12T23:56:06-05:00,PUR_IED_VillaRica_Ext_75be7c,PUR_IED_VillaRica_Ext_75be7c,,,,,
2026-09-12T23:56:06-05:00,PUR_IED_VillaRica_S4_cc5dcd,PUR_IED_VillaRica_S4_cc5dcd,,,,,
2026-09-12T23:56:06-05:00,PUR_IED_VillaRica_Sesp_99f5c,PUR_IED_VillaRica_Sesp_99f5c,,,,,
